time,time_s,INV_Power_On_Timer,INV_Torque_Feedback,INV_Commanded_Torque,INV_Run_Fault_Hi,INV_Post_Fault_Hi,INV_Run_Fault_Lo,INV_Post_Fault_Lo,INV_Direction_Command,INV_Inverter_Enable_State,INV_Relay_3_Status,INV_Relay_4_Status,INV_Relay_2_Status,INV_Inverter_Run_Mode,INV_Inverter_Command_Mode,INV_Relay_1_Status,INV_Inverter_State,INV_VSM_State,INV_Inverter_Enable_Lockout,INV_Inverter_Discharge_State,INV_Relay_5_Status,INV_Relay_6_Status,INV_BMS_Active,INV_BMS_Torque_Limiting,INV_Max_Speed_Limiting,INV_Low_Speed_Limiting,INV_Rolling_Counter,INV_PWM_Frequency,INV_Start_Mode_Active,INV_Reference_Voltage_12_0,INV_Reference_Voltage_5_0,INV_Reference_Voltage_2_5,INV_Reference_Voltage_1_5,INV_VBC_Vq_Voltage,INV_VAB_Vd_Voltage,INV_Output_Voltage,INV_DC_Bus_Voltage,INV_DC_Bus_Current,INV_Phase_C_Current,INV_Phase_B_Current,INV_Phase_A_Current,INV_Delta_Resolver_Filtered,INV_Electrical_Output_Frequency,INV_Motor_Speed,INV_Motor_Angle_Electrical,INV_Torque_Shudder,INV_Motor_Temperature,INV_RTD5_Temperature,INV_RTD4_Temperature,INV_RTD3_Temperature,INV_RTD2_Temperature,INV_RTD1_Temperature,INV_Control_Board_Temperature,INV_Gate_Driver_Board,INV_Module_C,INV_Module_B,INV_Module_A,INV_Analog_Input_1,INV_Analog_Input_2,INV_Analog_Input_3,INV_Analog_Input_4,INV_Analog_Input_5,INV_Analog_Input_6,INV_DateCode_MMDD,INV_DateCode_YYYY,INV_Digital_Input_1,INV_Digital_Input_2,INV_Digital_Input_3,INV_Digital_Input_4,INV_Digital_Input_5,INV_Digital_Input_6,INV_Digital_Input_7,INV_Digital_Input_8,INV_Flux_Command,INV_Flux_Feedback,INV_Flux_Weakening_Output,INV_Id,INV_Id_Command,INV_Iq,INV_Iq_Command,INV_Modulation_Index,INV_Project_Code_EEP_Ver,INV_SW_Version
2026-07-30T18:57:10.517Z,0.0,0.012,2.0,7.4,0.0,0.0,0.0,0.0,0.0,0.0,0.0,0.0,0.0,0.0,0.0,0.0,9.0,0.0,1.0,0.0,0.0,0.0,0.0,0.0,0.0,0.0,6.0,12.0,1.0,,,,,0.0,0.0,3.3000000000000003,301.2,0.0,-8.700000000000001,-12.6,-11.5,7.0,0.0,-8.0,255.7,,,,,,,,,,,,,4.98,2.01,4.99,0.0,0.0,0.0,,,0.0,0.0,0.0,0.0,0.0,1.0,0.0,0.0,0.0,-0.033,,5.9,,23.4,,,,
2026-07-30T18:57:10.529Z,0.012,0.024,4.0,7.4,0.0,0.0,0.0,0.0,0.0,0.0,0.0,0.0,0.0,0.0,0.0,0.0,9.0,0.0,1.0,0.0,0.0,0.0,0.0,0.0,0.0,0.0,6.0,12.0,1.0,,,,,0.0,0.1,0.5,301.1,0.0,-7.5,-10.0,-10.1,13.5,0.0,-8.0,262.8,,,,,,,,,,,,,4.98,2.0,4.98,0.16,0.0,0.0,,,0.0,0.0,0.0,0.0,0.0,1.0,0.0,0.0,0.0,-0.005,0.0,8.6,0.0,17.6,0.0,0.0231,,
2026-07-30T18:57:10.541Z,0.024,0.036,5.300000000000001,7.4,0.0,0.0,0.0,0.0,0.0,0.0,0.0,0.0,0.0,0.0,0.0,0.0,9.0,0.0,1.0,0.0,0.0,0.0,0.0,0.0,0.0,0.0,5.0,12.0,1.0,,,,,0.0,0.1,0.0,301.1,0.0,-7.5,-9.8,-8.3,19.4,0.0,-7.0,264.0,,,,,,,,,,,,,4.97,1.99,4.98,0.16,0.0,0.0,,,0.0,0.0,0.0,0.0,0.0,1.0,0.0,0.0,0.0,0.0,0.0,6.1000000000000005,0.0,15.8,0.0,0.0035,,
2026-07-30T18:57:10.553Z,0.036,0.048,6.300000000000001,7.4,0.0,0.0,0.0,0.0,0.0,0.0,0.0,0.0,0.0,0.0,0.0,0.0,9.0,0.0,1.0,0.0,0.0,0.0,0.0,0.0,0.0,0.0,5.0,12.0,1.0,,,,,0.0,0.0,0.0,301.2,0.0,-7.6,-10.3,-8.8,25.0,0.0,-7.0,264.2,,,,,,,,,,,,,4.96,1.99,4.97,0.16,0.0,0.0,,,0.0,0.0,0.0,0.0,0.0,1.0,0.0,0.0,0.0,0.0,0.0,7.6,0.0,17.5,0.0,0.0001,,
2026-07-30T18:57:10.565Z,0.048,0.06,6.800000000000001,7.4,0.0,0.0,0.0,0.0,0.0,0.0,0.0,0.0,0.0,0.0,0.0,0.0,9.0,0.0,1.0,0.0,0.0,0.0,0.0,0.0,0.0,0.0,5.0,12.0,1.0,,,,,0.0,0.0,0.0,301.1,0.0,-6.6000000000000005,-8.4,-8.8,30.1,0.0,-6.0,264.2,,,,,,,,,,,,,4.96,1.99,4.97,0.16,0.0,0.0,,,0.0,0.0,0.0,0.0,0.0,1.0,0.0,0.0,0.0,0.0,0.0,5.5,0.0,15.1,0.0,0.0001,,
2026-07-30T18:57:10.577Z,0.06,0.072,7.2,7.4,0.0,0.0,0.0,0.0,0.0,0.0,0.0,0.0,0.0,0.0,0.0,0.0,9.0,0.0,1.0,0.0,0.0,0.0,0.0,0.0,0.0,0.0,4.0,12.0,1.0,,,,,0.0,0.0,0.0,301.2,0.0,-5.5,-6.7,-8.1,34.9,0.0,-6.0,264.2,,,,,,,,,,,,,4.96,2.0,4.96,0.16,0.0,0.0,,,0.0,0.0,0.0,0.0,0.0,1.0,0.0,0.0,0.0,0.0,0.0,6.9,0.0,12.5,0.0,0.0,,
2026-07-30T18:57:10.589Z,0.072,0.084,7.300000000000001,7.4,0.0,0.0,0.0,0.0,0.0,0.0,0.0,0.0,0.0,0.0,0.0,0.0,9.0,0.0,1.0,0.0,0.0,0.0,0.0,0.0,0.0,0.0,4.0,12.0,1.0,,,,,0.0,0.0,0.0,301.1,0.0,-5.1000000000000005,-6.7,-7.0,39.3,0.0,-5.0,264.2,,,,,,,,,,,,,4.96,1.99,4.96,0.16,0.0,0.0,,,0.0,0.0,0.0,0.0,0.0,1.0,0.0,0.0,0.0,0.0,0.0,7.300000000000001,0.0,14.3,0.0,0.0,,
2026-07-30T18:57:10.601Z,0.084,0.096,7.4,7.4,0.0,0.0,0.0,0.0,0.0,0.0,0.0,0.0,0.0,0.0,0.0,0.0,9.0,0.0,1.0,0.0,0.0,0.0,0.0,0.0,0.0,0.0,4.0,12.0,1.0,,,,,0.0,0.0,0.0,301.1,0.0,-5.300000000000001,-7.9,-8.200000000000001,43.400000000000006,0.0,-5.0,264.2,,,,,,,,,,,,,4.96,1.99,4.97,0.16,0.0,0.0,,,0.0,0.0,0.0,0.0,0.0,1.0,0.0,0.0,0.0,0.0,0.0,3.6,0.0,11.6,0.0,0.0,,
2026-07-30T18:57:10.613Z,0.096,0.108,7.2,7.4,0.0,0.0,0.0,0.0,0.0,0.0,0.0,0.0,0.0,0.0,0.0,1.0,9.0,2.0,1.0,0.0,0.0,0.0,0.0,0.0,0.0,0.0,5.0,12.0,1.0,12.18,5.0200000000000005,2.51,1.5,0.0,0.1,0.0,301.1,0.0,-4.9,-6.2,-6.6000000000000005,47.2,0.0,-5.0,264.2,0.0,21.9,0.0,0.0,2.1,295.8,295.8,27.5,1.2000000000000002,1.3,1.3,1.3,4.96,2.0,4.97,0.16,0.0,0.0,1027.0,8228.0,0.0,0.0,0.0,0.0,0.0,1.0,0.0,0.0,0.0,0.0,0.0,5.1000000000000005,0.0,9.2,0.0,0.0,16.0,25903.0
2026-07-30T18:57:10.625Z,0.108,0.12,7.0,7.4,0.0,0.0,0.0,0.0,0.0,0.0,0.0,0.0,0.0,0.0,0.0,1.0,9.0,2.0,1.0,0.0,0.0,0.0,0.0,0.0,0.0,0.0,2.0,12.0,1.0,12.18,5.0200000000000005,2.51,1.5,0.0,0.0,0.0,301.1,0.0,-5.1000000000000005,-5.7,-5.5,50.8,0.0,-4.0,264.2,0.0,21.9,0.0,0.0,2.1,295.8,295.8,27.5,1.2000000000000002,1.3,1.3,1.3,4.96,1.99,4.97,0.16,0.0,0.0,1027.0,8228.0,0.0,0.0,0.0,0.0,0.0,1.0,0.0,0.0,0.0,0.0,0.0,4.5,0.0,10.4,0.0,0.0,16.0,25903.0
2026-07-30T18:57:10.637Z,0.12,0.132,6.800000000000001,7.4,0.0,0.0,0.0,0.0,0.0,0.0,0.0,0.0,0.0,0.0,0.0,1.0,9.0,2.0,1.0,0.0,0.0,0.0,0.0,0.0,0.0,0.0,3.0,12.0,1.0,12.18,5.0200000000000005,2.51,1.5,0.0,0.0,0.0,301.2,0.0,-4.2,-6.4,-6.800000000000001,54.1,0.0,-4.0,264.2,0.0,21.9,0.0,0.0,2.1,295.8,295.8,27.5,1.2000000000000002,1.3,1.3,1.3,4.96,1.99,4.97,0.16,0.0,0.0,1027.0,8228.0,0.0,0.0,0.0,0.0,0.0,1.0,0.0,0.0,0.0,0.0,0.0,5.6000000000000005,0.0,12.1,0.0,0.0,16.0,25903.0
2026-07-30T18:57:10.649Z,0.132,0.144,6.5,7.4,0.0,0.0,0.0,0.0,0.0,0.0,0.0,0.0,0.0,0.0,0.0,1.0,9.0,2.0,1.0,0.0,0.0,0.0,0.0,0.0,0.0,0.0,3.0,12.0,1.0,12.18,5.0200000000000005,2.51,1.5,0.0,0.0,0.0,301.1,0.0,-4.5,-6.6000000000000005,-5.800000000000001,57.1,0.0,-4.0,264.2,0.0,21.9,0.0,0.0,2.1,295.8,295.8,27.5,1.2000000000000002,1.3,1.3,1.3,4.96,1.99,4.97,0.16,0.0,0.0,1027.0,8228.0,0.0,0.0,0.0,0.0,0.0,1.0,0.0,0.0,0.0,0.0,0.0,4.7,0.0,11.6,0.0,0.0,16.0,25903.0
2026-07-30T18:57:10.661Z,0.144,0.156,6.2,7.4,0.0,0.0,0.0,0.0,0.0,0.0,0.0,0.0,0.0,0.0,0.0,1.0,9.0,2.0,1.0,0.0,0.0,0.0,0.0,0.0,0.0,0.0,4.0,12.0,1.0,12.18,5.0200000000000005,2.51,1.5,0.0,0.0,0.0,301.1,0.0,-3.6,-4.5,-3.1,59.900000000000006,0.0,-3.0,264.2,0.0,21.9,0.0,0.0,2.1,295.8,295.8,27.5,1.2000000000000002,1.3,1.3,1.3,4.96,1.99,4.96,0.16,0.0,0.0,1027.0,8228.0,0.0,0.0,0.0,0.0,0.0,1.0,0.0,0.0,0.0,0.0,0.0,2.4000000000000004,0.0,7.300000000000001,0.0,0.0,16.0,25903.0
2026-07-30T18:57:10.673Z,0.156,0.168,5.800000000000001,7.4,0.0,0.0,0.0,0.0,0.0,0.0,0.0,0.0,1.0,0.0,0.0,0.0,9.0,3.0,0.0,0.0,0.0,0.0,0.0,0.0,0.0,0.0,5.0,12.0,1.0,12.18,5.0200000000000005,2.51,1.5,0.0,0.0,0.0,301.1,0.0,-3.3000000000000003,-3.5,-4.0,62.5,0.0,-3.0,264.3,0.0,21.9,0.0,0.0,2.1,295.8,295.8,27.5,1.2000000000000002,1.3,1.3,1.3,4.96,1.99,4.97,0.16,0.0,0.0,1027.0,8228.0,0.0,0.0,0.0,0.0,0.0,1.0,0.0,0.0,0.0,0.0,0.0,3.3000000000000003,0.0,6.800000000000001,0.0,0.0,16.0,25903.0
2026-07-30T18:57:10.685Z,0.168,0.18,5.5,7.4,0.0,0.0,0.0,0.0,0.0,0.0,0.0,0.0,1.0,0.0,0.0,0.0,9.0,3.0,0.0,0.0,0.0,0.0,0.0,0.0,0.0,0.0,1.0,12.0,1.0,12.18,5.0200000000000005,2.51,1.5,0.0,0.0,0.0,301.1,0.0,-2.5,-4.4,-3.0,64.9,0.0,-3.0,264.2,0.0,21.9,0.0,0.0,2.1,295.8,295.8,27.5,1.2000000000000002,1.3,1.3,1.3,4.96,1.99,4.97,0.16,0.0,0.0,1027.0,8228.0,0.0,0.0,0.0,0.0,0.0,1.0,0.0,0.0,0.0,0.0,0.0,2.3000000000000003,0.0,7.1000000000000005,0.0,0.0,16.0,25903.0
2026-07-30T18:57:10.697Z,0.18,0.192,5.2,7.4,0.0,0.0,0.0,0.0,0.0,0.0,0.0,0.0,1.0,0.0,0.0,0.0,9.0,3.0,0.0,0.0,0.0,0.0,0.0,0.0,0.0,0.0,1.0,12.0,1.0,12.18,5.0200000000000005,2.51,1.5,0.0,0.0,0.0,301.1,0.0,-2.9000000000000004,-4.1000000000000005,-3.9,67.2,0.0,-2.0,264.2,0.0,21.9,0.0,0.0,2.1,295.8,295.8,27.5,1.2000000000000002,1.3,1.3,1.3,4.96,1.99,4.97,0.16,0.0,0.0,1027.0,8228.0,0.0,0.0,0.0,0.0,0.0,1.0,0.0,0.0,0.0,0.0,0.0,3.2,0.0,7.4,0.0,0.0,16.0,25903.0
2026-07-30T18:57:10.710Z,0.193,0.204,4.800000000000001,7.4,0.0,0.0,0.0,0.0,0.0,0.0,0.0,0.0,1.0,0.0,0.0,0.0,9.0,4.0,0.0,0.0,0.0,0.0,0.0,0.0,0.0,0.0,2.0,12.0,1.0,12.14,5.0200000000000005,2.51,1.49,0.0,0.0,0.0,301.1,0.0,-2.7,-4.4,-3.1,69.3,0.0,-2.0,264.3,0.0,21.3,1.5,1.5,3.4000000000000004,299.90000000000003,299.90000000000003,27.3,2.5,2.7,2.7,2.7,4.96,1.99,4.97,0.16,0.0,0.0,1027.0,8228.0,0.0,0.0,0.0,0.0,0.0,1.0,0.0,0.0,0.0,0.0,0.0,2.3000000000000003,0.0,7.2,0.0,0.0,16.0,25903.0
2026-07-30T18:57:10.721Z,0.204,0.216,4.5,7.4,0.0,0.0,0.0,0.0,0.0,0.0,0.0,0.0,1.0,0.0,0.0,0.0,9.0,4.0,0.0,0.0,0.0,0.0,0.0,0.0,0.0,0.0,4.0,12.0,1.0,12.14,5.0200000000000005,2.51,1.49,0.0,0.0,0.0,301.1,0.0,-2.5,-3.0,-2.2,71.2,0.0,-2.0,264.2,0.0,21.3,1.5,1.5,3.4000000000000004,299.90000000000003,299.90000000000003,27.3,2.5,2.7,2.7,2.7,4.96,1.99,4.97,0.16,0.0,0.0,1027.0,8228.0,0.0,0.0,0.0,0.0,0.0,1.0,0.0,0.0,0.0,0.0,0.0,1.7000000000000002,0.0,5.0,0.0,0.0,16.0,25903.0
2026-07-30T18:57:10.733Z,0.216,0.228,4.2,7.4,0.0,0.0,0.0,0.0,0.0,0.0,0.0,0.0,1.0,0.0,0.0,0.0,9.0,4.0,0.0,0.0,0.0,0.0,0.0,0.0,0.0,0.0,4.0,12.0,1.0,12.14,5.0200000000000005,2.51,1.49,0.0,0.0,0.0,301.1,0.0,-1.8,-3.4000000000000004,-2.0,73.0,0.0,-2.0,264.2,0.0,21.3,1.5,1.5,3.4000000000000004,299.90000000000003,299.90000000000003,27.3,2.5,2.7,2.7,2.7,4.96,1.99,4.97,0.16,0.0,0.0,1027.0,8228.0,0.0,0.0,0.0,0.0,0.0,1.0,0.0,0.0,0.0,0.0,0.0,1.5,0.0,5.300000000000001,0.0,0.0,16.0,25903.0
2026-07-30T18:57:10.745Z,0.228,0.24,3.9,7.4,0.0,0.0,0.0,0.0,0.0,0.0,0.0,0.0,1.0,0.0,0.0,0.0,9.0,4.0,0.0,0.0,0.0,0.0,0.0,0.0,0.0,0.0,5.0,12.0,1.0,12.14,5.0200000000000005,2.51,1.49,0.0,0.0,0.0,301.1,0.0,-2.2,-2.6,-1.3,74.60000000000001,0.0,-2.0,264.2,0.0,21.3,1.5,1.5,3.4000000000000004,299.90000000000003,299.90000000000003,27.3,2.5,2.7,2.7,2.7,4.96,1.99,4.96,0.16,0.0,0.0,1027.0,8228.0,0.0,0.0,0.0,0.0,0.0,1.0,0.0,0.0,0.0,0.0,0.0,0.9,0.0,3.9,0.0,0.0,16.0,25903.0
2026-07-30T18:57:10.757Z,0.24,0.252,3.6,7.4,0.0,0.0,0.0,0.0,0.0,0.0,0.0,0.0,1.0,0.0,0.0,0.0,9.0,4.0,0.0,0.0,0.0,0.0,0.0,0.0,0.0,0.0,6.0,12.0,1.0,12.14,5.0200000000000005,2.51,1.49,0.0,0.0,0.0,301.1,0.0,-0.9,-2.4000000000000004,-3.5,76.2,0.0,-2.0,264.3,0.0,21.3,1.5,1.5,3.4000000000000004,299.90000000000003,299.90000000000003,27.3,2.5,2.7,2.7,2.7,4.95,1.99,4.97,0.16,0.0,0.0,1027.0,8228.0,0.0,0.0,0.0,0.0,0.0,1.0,0.0,0.0,0.0,0.0,0.0,3.0,0.0,5.1000000000000005,0.0,0.0,16.0,25903.0
2026-07-30T18:57:10.769Z,0.252,0.264,3.4000000000000004,7.4,0.0,0.0,0.0,0.0,0.0,0.0,0.0,0.0,1.0,0.0,0.0,0.0,9.0,4.0,0.0,0.0,0.0,0.0,0.0,0.0,0.0,0.0,1.0,12.0,1.0,12.14,5.0200000000000005,2.51,1.49,0.0,0.1,0.0,301.1,0.0,-1.3,-2.8000000000000003,-3.3000000000000003,77.60000000000001,0.0,-1.0,264.2,0.0,21.3,1.5,1.5,3.4000000000000004,299.90000000000003,299.90000000000003,27.3,2.5,2.7,2.7,2.7,4.95,1.99,4.96,0.16,0.0,0.0,1027.0,8228.0,0.0,0.0,0.0,0.0,0.0,1.0,0.0,0.0,0.0,0.0,0.0,2.8000000000000003,0.0,5.5,0.0,0.0,16.0,25903.0
2026-07-30T18:57:10.781Z,0.264,0.276,3.2,7.4,0.0,0.0,0.0,0.0,0.0,0.0,0.0,0.0,1.0,0.0,0.0,0.0,9.0,4.0,0.0,0.0,0.0,0.0,0.0,0.0,0.0,0.0,2.0,12.0,1.0,12.14,5.0200000000000005,2.51,1.49,0.0,0.0,0.0,301.1,0.0,-2.4000000000000004,-3.2,-2.0,78.9,0.0,-1.0,264.2,0.0,21.3,1.5,1.5,3.4000000000000004,299.90000000000003,299.90000000000003,27.3,2.5,2.7,2.7,2.7,4.96,1.99,4.96,0.16,0.0,0.0,1027.0,8228.0,0.0,0.0,0.0,0.0,0.0,1.0,0.0,0.0,0.0,0.0,0.0,1.5,0.0,5.1000000000000005,0.0,0.0,16.0,25903.0
2026-07-30T18:57:10.793Z,0.276,0.288,2.9000000000000004,7.4,0.0,0.0,0.0,0.0,0.0,0.0,0.0,0.0,1.0,0.0,0.0,0.0,9.0,4.0,0.0,0.0,0.0,0.0,0.0,0.0,0.0,0.0,3.0,12.0,1.0,12.14,5.0200000000000005,2.51,1.49,0.0,0.0,0.0,301.1,0.0,-1.1,-2.5,-2.4000000000000004,80.10000000000001,0.0,-1.0,264.2,0.0,21.3,1.5,1.5,3.4000000000000004,299.90000000000003,299.90000000000003,27.3,2.5,2.7,2.7,2.7,4.95,1.99,4.97,0.16,0.0,0.0,1027.0,8228.0,0.0,0.0,0.0,0.0,0.0,1.0,0.0,0.0,0.0,0.0,0.0,2.0,0.0,4.5,0.0,0.0,16.0,25903.0
2026-07-30T18:57:10.805Z,0.288,0.3,2.7,7.4,0.0,0.0,0.0,0.0,0.0,0.0,0.0,0.0,1.0,0.0,0.0,0.0,9.0,4.0,0.0,0.0,0.0,0.0,0.0,0.0,0.0,0.0,4.0,12.0,1.0,12.14,5.0200000000000005,2.51,1.49,0.0,0.0,0.0,301.1,0.0,-1.0,-0.5,0.0,81.30000000000001,0.0,-1.0,264.2,0.0,21.3,1.5,1.5,3.4000000000000004,299.90000000000003,299.90000000000003,27.3,2.5,2.7,2.7,2.7,4.96,1.99,4.97,0.16,0.0,0.0,1027.0,8228.0,0.0,0.0,0.0,0.0,0.0,1.0,0.0,0.0,0.0,0.0,0.0,0.0,0.0,0.6000000000000001,0.0,0.0,16.0,25903.0
2026-07-30T18:57:10.817Z,0.3,0.312,2.5,7.4,0.0,0.0,0.0,0.0,0.0,0.0,0.0,0.0,1.0,0.0,0.0,0.0,9.0,4.0,0.0,0.0,0.0,0.0,0.0,0.0,0.0,0.0,5.0,12.0,1.0,12.15,5.01,2.5,1.49,0.0,0.0,0.0,301.1,0.0,-1.4,-1.0,-2.2,82.30000000000001,0.0,-1.0,264.40000000000003,0.0,21.200000000000003,1.5,1.5,3.2,300.0,300.0,27.3,3.9,4.0,4.0,4.0,4.96,1.99,4.96,0.16,0.0,0.0,1027.0,8228.0,0.0,0.0,0.0,0.0,0.0,1.0,0.0,0.0,0.0,0.0,0.0,1.9,0.0,2.6,0.0,0.0,16.0,25903.0
2026-07-30T18:57:10.830Z,0.313,0.324,2.4000000000000004,7.4,0.0,0.0,0.0,0.0,0.0,0.0,0.0,0.0,1.0,0.0,0.0,0.0,9.0,4.0,0.0,0.0,0.0,0.0,0.0,0.0,0.0,0.0,6.0,12.0,1.0,12.15,5.01,2.5,1.49,0.0,0.0,0.0,301.2,0.0,-0.8,-1.4,-2.1,83.30000000000001,0.0,-1.0,264.2,0.0,21.200000000000003,1.5,1.5,3.2,300.0,300.0,27.3,3.9,4.0,4.0,4.0,4.96,1.99,4.96,0.16,0.0,0.0,1027.0,8228.0,0.0,0.0,0.0,0.0,0.0,1.0,0.0,0.0,0.0,0.0,0.0,1.8,0.0,3.1,0.0,0.0001,16.0,25903.0
2026-07-30T18:57:10.841Z,0.324,0.336,2.2,7.4,0.0,0.0,0.0,0.0,0.0,0.0,0.0,0.0,1.0,0.0,0.0,0.0,9.0,4.0,0.0,0.0,0.0,0.0,0.0,0.0,0.0,0.0,2.0,12.0,1.0,12.15,5.01,2.5,1.49,0.0,0.0,0.0,301.1,0.0,-1.8,-3.1,-2.6,84.2,0.0,-1.0,264.2,0.0,21.200000000000003,1.5,1.5,3.2,300.0,300.0,27.3,3.9,4.0,4.0,4.0,4.95,1.99,4.97,0.16,0.0,0.0,1027.0,8228.0,0.0,0.0,0.0,0.0,0.0,1.0,0.0,0.0,0.0,0.0,0.0,2.1,0.0,5.300000000000001,0.0,0.0,16.0,25903.0
2026-07-30T18:57:10.853Z,0.336,0.348,2.0,7.4,0.0,0.0,0.0,0.0,0.0,0.0,0.0,0.0,1.0,0.0,0.0,0.0,9.0,4.0,0.0,0.0,0.0,0.0,0.0,0.0,0.0,0.0,2.0,12.0,1.0,12.15,5.01,2.5,1.49,0.0,0.0,0.0,301.1,0.0,-1.2000000000000002,-1.2000000000000002,-1.9,85.10000000000001,0.0,-1.0,264.2,0.0,21.200000000000003,1.5,1.5,3.2,300.0,300.0,27.3,3.9,4.0,4.0,4.0,4.96,1.99,4.96,0.16,0.0,0.0,1027.0,8228.0,0.0,0.0,0.0,0.0,0.0,1.0,0.0,0.0,0.0,0.0,0.0,1.6,0.0,2.7,0.0,0.0,16.0,25903.0
2026-07-30T18:57:10.865Z,0.348,0.36,1.9,7.4,0.0,0.0,0.0,0.0,0.0,0.0,0.0,0.0,1.0,0.0,0.0,0.0,9.0,4.0,0.0,0.0,0.0,0.0,0.0,0.0,0.0,0.0,3.0,12.0,1.0,12.15,5.01,2.5,1.49,0.0,0.0,0.0,301.1,0.0,-1.7000000000000002,-1.1,-1.8,85.80000000000001,0.0,-1.0,264.2,0.0,21.200000000000003,1.5,1.5,3.2,300.0,300.0,27.3,3.9,4.0,4.0,4.0,4.96,1.99,4.97,0.16,0.0,0.0,1027.0,8228.0,0.0,0.0,0.0,0.0,0.0,1.0,0.0,0.0,0.0,0.0,0.0,1.5,0.0,2.5,0.0,0.0,16.0,25903.0
2026-07-30T18:57:10.877Z,0.36,0.372,1.8,7.4,0.0,0.0,0.0,0.0,0.0,0.0,0.0,0.0,1.0,0.0,0.0,0.0,9.0,4.0,0.0,0.0,0.0,0.0,0.0,0.0,0.0,0.0,4.0,12.0,1.0,12.15,5.01,2.5,1.49,0.0,0.1,0.0,301.1,0.0,0.1,-2.2,-2.3000000000000003,86.60000000000001,0.0,0.0,264.2,0.0,21.200000000000003,1.5,1.5,3.2,300.0,300.0,27.3,3.9,4.0,4.0,4.0,4.95,2.0,4.97,0.16,0.0,0.0,1027.0,8228.0,0.0,0.0,0.0,0.0,0.0,1.0,0.0,0.0,0.0,0.0,0.0,1.9,0.0,4.1000000000000005,0.0,0.0,16.0,25903.0
2026-07-30T18:57:10.889Z,0.372,0.384,1.6,7.4,0.0,0.0,0.0,0.0,0.0,0.0,0.0,0.0,1.0,0.0,0.0,0.0,9.0,4.0,0.0,0.0,0.0,0.0,0.0,0.0,0.0,0.0,5.0,12.0,1.0,12.15,5.01,2.5,1.49,0.0,0.0,0.0,301.2,0.0,0.1,-2.1,-1.0,87.2,0.0,0.0,264.2,0.0,21.200000000000003,1.5,1.5,3.2,300.0,300.0,27.3,3.9,4.0,4.0,4.0,4.96,2.0,4.97,0.16,0.0,0.0,1027.0,8228.0,0.0,0.0,0.0,0.0,0.0,1.0,0.0,0.0,0.0,0.0,0.0,0.7000000000000001,0.0,3.1,0.0,0.0,16.0,25903.0
2026-07-30T18:57:10.901Z,0.384,0.396,1.5,7.4,0.0,0.0,0.0,0.0,0.0,0.0,0.0,0.0,1.0,0.0,0.0,0.0,9.0,4.0,0.0,0.0,0.0,0.0,0.0,0.0,0.0,0.0,6.0,12.0,1.0,12.15,5.01,2.5,1.49,0.0,0.0,0.0,301.2,0.0,-2.1,-0.3,-1.6,87.9,0.0,0.0,264.2,0.0,21.200000000000003,1.5,1.5,3.2,300.0,300.0,27.3,3.9,4.0,4.0,4.0,4.95,1.99,4.96,0.16,0.0,0.0,1027.0,8228.0,0.0,0.0,0.0,0.0,0.0,1.0,0.0,0.0,0.0,0.0,0.0,1.4,0.0,1.4,0.0,0.0,16.0,25903.0
2026-07-30T18:57:10.914Z,0.397,0.408,1.4,7.4,0.0,0.0,0.0,0.0,0.0,0.0,0.0,0.0,1.0,0.0,0.0,0.0,9.0,4.0,0.0,0.0,0.0,0.0,0.0,0.0,0.0,0.0,1.0,12.0,1.0,12.17,5.0200000000000005,2.51,1.49,0.0,0.0,0.0,301.1,0.0,-0.3,0.3,0.2,88.4,0.0,0.0,264.2,0.0,21.200000000000003,1.5,1.5,3.1,300.0,300.0,27.3,5.2,5.4,5.4,5.4,4.95,1.99,4.97,0.16,0.0,0.0,1027.0,8228.0,0.0,0.0,0.0,0.0,0.0,1.0,0.0,0.0,0.0,0.0,0.0,-0.1,0.0,-0.5,0.0,0.0,16.0,25903.0
2026-07-30T18:57:10.925Z,0.408,0.42,1.3,7.4,0.0,0.0,0.0,0.0,0.0,0.0,0.0,0.0,1.0,0.0,0.0,0.0,9.0,4.0,0.0,0.0,0.0,0.0,0.0,0.0,0.0,0.0,2.0,12.0,1.0,12.17,5.0200000000000005,2.51,1.49,0.0,0.0,0.0,301.1,0.0,-1.4,-1.9,-0.2,89.0,0.0,0.0,264.2,0.0,21.200000000000003,1.5,1.5,3.1,300.0,300.0,27.3,5.2,5.4,5.4,5.4,4.95,1.99,4.97,0.16,0.0,0.0,1027.0,8228.0,0.0,0.0,0.0,0.0,0.0,1.0,0.0,0.0,0.0,0.0,0.0,0.0,0.0,2.4000000000000004,0.0,0.0,16.0,25903.0
2026-07-30T18:57:10.941Z,0.424,0.432,1.2000000000000002,7.4,0.0,0.0,0.0,0.0,0.0,0.0,0.0,0.0,1.0,0.0,0.0,0.0,9.0,4.0,0.0,0.0,0.0,0.0,0.0,0.0,0.0,0.0,3.0,12.0,1.0,12.17,5.0200000000000005,2.51,1.49,0.0,0.0,0.0,301.2,0.0,-0.8,-0.7000000000000001,-1.4,89.5,0.0,0.0,264.2,0.0,21.200000000000003,1.5,1.5,3.1,300.0,300.0,27.3,5.2,5.4,5.4,5.4,4.96,1.99,4.96,0.15,0.0,0.0,1027.0,8228.0,0.0,0.0,0.0,0.0,0.0,1.0,0.0,0.0,0.0,0.0,0.0,1.2000000000000002,0.0,1.7000000000000002,0.0,0.0,16.0,25903.0
2026-07-30T18:57:10.949Z,0.432,0.444,1.1,7.4,0.0,0.0,0.0,0.0,0.0,0.0,0.0,0.0,1.0,0.0,0.0,0.0,9.0,4.0,0.0,0.0,0.0,0.0,0.0,0.0,0.0,0.0,3.0,12.0,1.0,12.17,5.0200000000000005,2.51,1.49,0.0,0.0,0.0,301.1,0.0,-1.3,-1.8,-0.7000000000000001,89.9,0.0,0.0,264.2,0.0,21.200000000000003,1.5,1.5,3.1,300.0,300.0,27.3,5.2,5.4,5.4,5.4,4.95,1.99,4.97,0.15,0.0,0.0,1027.0,8228.0,0.0,0.0,0.0,0.0,0.0,1.0,0.0,0.0,0.0,0.0,0.0,0.5,0.0,2.6,0.0,0.0,16.0,25903.0
2026-07-30T18:57:10.961Z,0.444,0.456,1.0,7.4,0.0,0.0,0.0,0.0,0.0,0.0,0.0,0.0,1.0,0.0,0.0,0.0,9.0,4.0,0.0,0.0,0.0,0.0,0.0,0.0,0.0,0.0,4.0,12.0,1.0,12.17,5.0200000000000005,2.51,1.49,-0.1,0.1,0.0,301.2,0.0,-0.1,0.0,-0.1,90.3,0.0,0.0,264.2,0.0,21.200000000000003,1.5,1.5,3.1,300.0,300.0,27.3,5.2,5.4,5.4,5.4,4.95,1.99,4.96,0.16,0.0,0.0,1027.0,8228.0,0.0,0.0,0.0,0.0,0.0,1.0,0.0,0.0,0.0,0.0,0.0,0.0,0.0,1.5,0.0,0.0,16.0,25903.0
2026-07-30T18:57:10.973Z,0.456,0.468,0.9,7.4,0.0,0.0,0.0,0.0,0.0,0.0,0.0,0.0,1.0,0.0,0.0,0.0,9.0,4.0,0.0,0.0,0.0,0.0,0.0,0.0,0.0,0.0,5.0,12.0,1.0,12.17,5.0200000000000005,2.51,1.49,0.0,0.0,0.0,301.1,0.0,-0.1,-1.7000000000000002,-0.7000000000000001,90.7,0.0,0.0,264.2,0.0,21.200000000000003,1.5,1.5,3.1,300.0,300.0,27.3,5.2,5.4,5.4,5.4,4.96,1.99,4.96,0.16,0.0,0.0,1027.0,8228.0,0.0,0.0,0.0,0.0,0.0,1.0,0.0,0.0,0.0,0.0,0.0,0.0,0.0,0.8,0.0,0.0,16.0,25903.0
2026-07-30T18:57:10.985Z,0.468,0.48,0.9,7.4,0.0,0.0,0.0,0.0,0.0,0.0,0.0,0.0,1.0,0.0,0.0,0.0,9.0,4.0,0.0,0.0,0.0,0.0,0.0,0.0,0.0,0.0,6.0,12.0,1.0,12.17,5.0200000000000005,2.51,1.49,0.0,0.0,0.0,301.2,0.0,-0.6000000000000001,0.0,0.0,91.1,0.0,0.0,264.2,0.0,21.200000000000003,1.5,1.5,3.1,300.0,300.0,27.3,5.2,5.4,5.4,5.4,4.95,1.99,4.96,0.16,0.0,0.0,1027.0,8228.0,0.0,0.0,0.0,0.0,0.0,1.0,0.0,0.0,0.0,0.0,0.0,0.0,0.0,0.6000000000000001,0.0,0.0,16.0,25903.0
2026-07-30T18:57:10.997Z,0.48,0.492,0.8,7.4,0.0,0.0,0.0,0.0,0.0,0.0,0.0,0.0,1.0,0.0,0.0,0.0,9.0,4.0,0.0,0.0,0.0,0.0,0.0,0.0,0.0,0.0,1.0,12.0,1.0,12.17,5.0200000000000005,2.51,1.49,0.0,0.0,0.0,301.1,0.0,-0.6000000000000001,-1.1,-0.6000000000000001,91.4,0.0,0.0,264.2,0.0,21.200000000000003,1.5,1.5,3.1,300.0,300.0,27.3,5.2,5.4,5.4,5.4,4.95,1.99,4.97,0.16,0.0,0.0,1027.0,8228.0,0.0,0.0,0.0,0.0,0.0,1.0,0.0,0.0,0.0,0.0,0.0,0.5,0.0,1.7000000000000002,0.0,0.0,16.0,25903.0
2026-07-30T18:57:11.009Z,0.492,0.504,0.8,7.4,0.0,0.0,0.0,0.0,0.0,0.0,0.0,0.0,1.0,0.0,0.0,0.0,9.0,4.0,0.0,0.0,0.0,0.0,0.0,0.0,0.0,0.0,2.0,12.0,1.0,12.17,5.0200000000000005,2.51,1.49,0.0,0.0,0.0,301.1,0.0,0.0,-0.5,0.5,91.8,0.0,0.0,264.2,0.0,21.200000000000003,1.5,1.5,3.1,300.0,300.0,27.3,5.2,5.4,5.4,5.4,4.95,1.99,4.96,0.16,0.0,0.0,1027.0,8228.0,0.0,0.0,0.0,0.0,0.0,1.0,0.0,0.0,0.0,0.0,0.0,-0.5,0.0,0.2,0.0,0.0,16.0,25903.0
2026-07-30T18:57:11.021Z,0.504,0.516,0.7000000000000001,7.4,0.0,0.0,0.0,0.0,0.0,0.0,0.0,0.0,1.0,0.0,0.0,0.0,9.0,4.0,0.0,0.0,0.0,0.0,0.0,0.0,0.0,0.0,3.0,12.0,1.0,12.15,5.01,2.51,1.49,0.0,0.0,0.0,301.1,0.0,0.0,0.1,0.5,92.1,0.0,0.0,264.2,0.0,21.3,1.6,1.6,3.1,300.0,300.0,27.5,6.6000000000000005,6.800000000000001,6.800000000000001,6.800000000000001,4.96,1.99,4.96,0.16,0.0,0.0,1027.0,8228.0,0.0,0.0,0.0,0.0,0.0,1.0,0.0,0.0,0.0,0.0,0.0,-0.5,0.0,-0.5,0.0,0.0,16.0,25903.0
2026-07-30T18:57:11.033Z,0.516,0.528,0.7000000000000001,7.4,0.0,0.0,0.0,0.0,0.0,0.0,0.0,0.0,1.0,0.0,0.0,0.0,9.0,4.0,0.0,0.0,0.0,0.0,0.0,0.0,0.0,0.0,4.0,12.0,1.0,12.15,5.01,2.51,1.49,0.0,0.0,0.0,301.2,0.0,-0.5,0.1,0.5,92.3,0.0,0.0,264.2,0.0,21.3,1.6,1.6,3.1,300.0,300.0,27.5,6.6000000000000005,6.800000000000001,6.800000000000001,6.800000000000001,4.95,1.99,4.96,0.16,0.0,0.0,1027.0,8228.0,0.0,0.0,0.0,0.0,0.0,1.0,0.0,0.0,0.0,0.0,0.0,-0.5,0.0,-0.6000000000000001,0.0,0.0,16.0,25903.0
2026-07-30T18:57:11.045Z,0.528,0.54,0.6000000000000001,7.4,0.0,0.0,0.0,0.0,0.0,0.0,0.0,0.0,1.0,0.0,0.0,0.0,9.0,4.0,0.0,0.0,0.0,0.0,0.0,0.0,0.0,0.0,5.0,12.0,1.0,12.15,5.01,2.51,1.49,0.0,0.0,0.0,301.1,0.0,-0.5,-0.3,-1.1,92.6,0.0,0.0,264.2,0.0,21.3,1.6,1.6,3.1,300.0,300.0,27.5,6.6000000000000005,6.800000000000001,6.800000000000001,6.800000000000001,4.95,1.99,4.96,0.16,0.0,0.0,1027.0,8228.0,0.0,0.0,0.0,0.0,0.0,1.0,0.0,0.0,0.0,0.0,0.0,1.0,0.0,1.1,0.0,0.0,16.0,25903.0
2026-07-30T18:57:11.057Z,0.54,0.552,0.6000000000000001,7.4,0.0,0.0,0.0,0.0,0.0,0.0,0.0,0.0,1.0,0.0,0.0,0.0,9.0,4.0,0.0,0.0,0.0,0.0,0.0,0.0,0.0,0.0,6.0,12.0,1.0,12.15,5.01,2.51,1.49,0.0,0.0,0.0,301.1,0.0,1.2000000000000002,1.4,2.9000000000000004,92.8,0.0,0.0,264.2,0.0,21.3,1.6,1.6,3.1,300.0,300.0,27.5,6.6000000000000005,6.800000000000001,6.800000000000001,6.800000000000001,4.95,1.99,4.97,0.16,0.0,0.0,1027.0,8228.0,0.0,0.0,0.0,0.0,0.0,1.0,0.0,0.0,0.0,0.0,0.0,-2.6,0.0,-3.6,0.0,0.0,16.0,25903.0
2026-07-30T18:57:11.069Z,0.552,0.5640000000000001,0.5,7.4,0.0,0.0,0.0,0.0,0.0,0.0,0.0,0.0,1.0,0.0,0.0,0.0,9.0,4.0,0.0,0.0,0.0,0.0,0.0,0.0,0.0,0.0,1.0,12.0,1.0,12.15,5.01,2.51,1.49,0.0,0.0,0.0,301.1,0.0,-0.5,-0.2,-0.5,93.0,0.0,0.0,264.2,0.0,21.3,1.6,1.6,3.1,300.0,300.0,27.5,6.6000000000000005,6.800000000000001,6.800000000000001,6.800000000000001,4.95,1.99,4.97,0.16,0.0,0.0,1027.0,8228.0,0.0,0.0,0.0,0.0,0.0,1.0,0.0,0.0,0.0,0.0,0.0,0.4,0.0,0.6000000000000001,0.0,0.0,16.0,25903.0
2026-07-30T18:57:11.081Z,0.564,0.5760000000000001,0.5,7.4,0.0,0.0,0.0,0.0,0.0,0.0,0.0,0.0,1.0,0.0,0.0,0.0,9.0,4.0,0.0,0.0,0.0,0.0,0.0,0.0,0.0,0.0,2.0,12.0,1.0,12.15,5.01,2.51,1.49,0.0,0.0,0.0,301.1,0.0,-0.5,-0.2,0.6000000000000001,93.2,0.0,0.0,264.2,0.0,21.3,1.6,1.6,3.1,300.0,300.0,27.5,6.6000000000000005,6.800000000000001,6.800000000000001,6.800000000000001,4.95,1.99,4.97,0.16,0.0,0.0,1027.0,8228.0,0.0,0.0,0.0,0.0,0.0,1.0,0.0,0.0,0.0,0.0,0.0,-0.6000000000000001,0.0,-0.1,0.0,0.0,16.0,25903.0
2026-07-30T18:57:11.093Z,0.576,0.588,0.4,7.4,0.0,0.0,0.0,0.0,0.0,0.0,0.0,0.0,1.0,0.0,0.0,0.0,9.0,4.0,0.0,0.0,0.0,0.0,0.0,0.0,0.0,0.0,3.0,12.0,1.0,12.15,5.01,2.51,1.49,0.0,0.0,0.0,301.1,0.0,-0.5,-0.3,-0.5,93.4,0.0,0.0,264.40000000000003,0.0,21.3,1.6,1.6,3.1,300.0,300.0,27.5,6.6000000000000005,6.800000000000001,6.800000000000001,6.800000000000001,4.96,1.99,4.96,0.16,0.0,0.0,1027.0,8228.0,0.0,0.0,0.0,0.0,0.0,1.0,0.0,0.0,0.0,0.0,0.0,0.4,0.0,0.7000000000000001,0.0,0.0,16.0,25903.0
2026-07-30T18:57:11.105Z,0.588,0.6,0.4,7.4,0.0,0.0,0.0,0.0,0.0,0.0,0.0,0.0,1.0,0.0,0.0,0.0,9.0,4.0,0.0,0.0,0.0,0.0,0.0,0.0,0.0,0.0,3.0,12.0,1.0,12.15,5.01,2.51,1.49,0.0,0.0,0.0,301.2,0.0,-0.5,-0.2,0.0,93.6,0.0,0.0,264.2,0.0,21.3,1.6,1.6,3.1,300.0,300.0,27.5,6.6000000000000005,6.800000000000001,6.800000000000001,6.800000000000001,4.96,1.99,4.97,0.16,0.0,0.0,1027.0,8228.0,0.0,0.0,0.0,0.0,0.0,1.0,0.0,0.0,0.0,0.0,0.0,-0.1,0.0,0.2,0.0,0.0,16.0,25903.0
2026-07-30T18:57:11.118Z,0.601,0.612,0.4,7.4,0.0,0.0,0.0,0.0,0.0,0.0,0.0,0.0,1.0,0.0,0.0,0.0,9.0,4.0,0.0,0.0,0.0,0.0,0.0,0.0,0.0,0.0,4.0,12.0,1.0,12.15,5.0200000000000005,2.5,1.49,0.0,0.0,0.0,301.2,0.0,-0.4,-0.8,0.1,93.7,0.0,0.0,264.3,0.0,21.3,1.7000000000000002,1.7000000000000002,3.2,300.0,300.0,27.5,8.0,8.1,8.1,8.1,4.95,1.99,4.97,0.16,0.0,0.0,1027.0,8228.0,0.0,0.0,0.0,0.0,0.0,1.0,0.0,0.0,0.0,0.0,0.0,-0.2,0.0,0.8,0.0,0.0,16.0,25903.0
2026-07-30T18:57:11.129Z,0.612,0.624,0.4,7.4,0.0,0.0,0.0,0.0,0.0,0.0,0.0,0.0,1.0,0.0,0.0,0.0,9.0,4.0,0.0,0.0,0.0,0.0,0.0,0.0,0.0,0.0,5.0,12.0,1.0,12.15,5.0200000000000005,2.5,1.49,0.0,0.0,0.0,301.1,0.0,-0.4,-0.7000000000000001,0.2,93.9,0.0,0.0,264.3,0.0,21.3,1.7000000000000002,1.7000000000000002,3.2,300.0,300.0,27.5,8.0,8.1,8.1,8.1,4.96,1.99,4.96,0.16,0.0,0.0,1027.0,8228.0,0.0,0.0,0.0,0.0,0.0,1.0,0.0,0.0,0.0,0.0,0.0,-0.2,0.0,0.7000000000000001,0.0,0.0,16.0,25903.0
2026-07-30T18:57:11.142Z,0.625,0.636,0.3,7.4,0.0,0.0,0.0,0.0,0.0,0.0,0.0,0.0,1.0,0.0,0.0,0.0,9.0,4.0,0.0,0.0,0.0,0.0,0.0,0.0,0.0,0.0,5.0,12.0,1.0,12.15,5.0200000000000005,2.5,1.49,0.0,0.0,0.0,301.1,0.0,0.2,-0.1,0.2,94.0,0.0,0.0,264.2,0.0,21.3,1.7000000000000002,1.7000000000000002,3.2,300.0,300.0,27.5,8.0,8.1,8.1,8.1,4.96,1.99,4.96,0.16,0.0,0.0,1027.0,8228.0,0.0,0.0,0.0,0.0,0.0,1.0,0.0,0.0,0.0,0.0,0.0,-0.2,0.0,0.0,0.0,0.0,16.0,25903.0
2026-07-30T18:57:11.154Z,0.637,0.648,0.3,7.4,0.0,0.0,0.0,0.0,0.0,0.0,0.0,0.0,1.0,0.0,0.0,0.0,9.0,4.0,0.0,0.0,0.0,0.0,0.0,0.0,0.0,0.0,6.0,12.0,1.0,12.15,5.0200000000000005,2.5,1.49,0.0,0.0,0.0,301.1,0.0,-0.3,-0.1,0.2,94.1,0.0,0.0,264.2,0.0,21.3,1.7000000000000002,1.7000000000000002,3.2,300.0,300.0,27.5,8.0,8.1,8.1,8.1,4.96,1.99,4.97,0.16,0.0,0.0,1027.0,8228.0,0.0,0.0,0.0,0.0,0.0,1.0,0.0,0.0,0.0,0.0,0.0,-0.2,0.0,0.0,0.0,0.0,16.0,25903.0
2026-07-30T18:57:11.165Z,0.648,0.66,0.3,7.4,0.0,0.0,0.0,0.0,0.0,0.0,0.0,0.0,1.0,0.0,0.0,0.0,9.0,4.0,0.0,0.0,0.0,0.0,0.0,0.0,0.0,0.0,1.0,12.0,1.0,12.15,5.0200000000000005,2.5,1.49,0.0,0.0,0.0,301.1,0.0,-0.3,0.0,0.3,94.3,0.0,0.0,264.2,0.0,21.3,1.7000000000000002,1.7000000000000002,3.2,300.0,300.0,27.5,8.0,8.1,8.1,8.1,4.95,2.0,4.97,0.16,0.0,0.0,1027.0,8228.0,0.0,0.0,0.0,0.0,0.0,1.0,0.0,0.0,0.0,0.0,0.0,-0.3,0.0,-0.1,0.0,0.0,16.0,25903.0
2026-07-30T18:57:11.177Z,0.66,0.672,0.2,7.4,0.0,0.0,0.0,0.0,0.0,0.0,0.0,0.0,1.0,0.0,0.0,0.0,9.0,4.0,0.0,0.0,0.0,0.0,0.0,0.0,0.0,0.0,1.0,12.0,1.0,12.15,5.0200000000000005,2.5,1.49,0.0,0.0,0.0,301.1,0.0,-1.5,-1.1,-0.7000000000000001,94.4,0.0,0.0,264.2,0.0,21.3,1.7000000000000002,1.7000000000000002,3.2,300.0,300.0,27.5,8.0,8.1,8.1,8.1,4.96,2.0,4.96,0.16,0.0,0.0,1027.0,8228.0,0.0,0.0,0.0,0.0,0.0,1.0,0.0,0.0,0.0,0.0,0.0,0.5,0.0,1.9,0.0,0.0,16.0,25903.0
2026-07-30T18:57:11.189Z,0.672,0.684,0.1,7.4,0.0,0.0,0.0,0.0,0.0,0.0,0.0,0.0,1.0,0.0,0.0,0.0,9.0,4.0,0.0,0.0,0.0,0.0,0.0,0.0,0.0,0.0,2.0,12.0,1.0,12.15,5.0200000000000005,2.5,1.49,0.0,0.0,0.0,301.1,0.0,-0.3,-0.6000000000000001,-0.7000000000000001,94.5,0.0,0.0,264.2,0.0,21.3,1.7000000000000002,1.7000000000000002,3.2,300.0,300.0,27.5,8.0,8.1,8.1,8.1,4.95,1.99,4.97,0.16,0.0,0.0,1027.0,8228.0,0.0,0.0,0.0,0.0,0.0,1.0,0.0,0.0,0.0,0.0,0.0,0.6000000000000001,0.0,1.2000000000000002,0.0,0.0,16.0,25903.0
2026-07-30T18:57:11.201Z,0.684,0.6960000000000001,0.1,7.4,0.0,0.0,0.0,0.0,0.0,0.0,0.0,0.0,1.0,0.0,0.0,0.0,9.0,4.0,0.0,0.0,0.0,0.0,0.0,0.0,0.0,0.0,3.0,12.0,1.0,12.15,5.0200000000000005,2.5,1.49,0.0,0.0,0.0,301.1,0.0,0.2,1.1,-0.1,94.6,0.0,0.0,264.2,0.0,21.3,1.7000000000000002,1.7000000000000002,3.2,300.0,300.0,27.5,8.0,8.1,8.1,8.1,4.95,1.99,4.96,0.16,0.0,0.0,1027.0,8228.0,0.0,0.0,0.0,0.0,0.0,1.0,0.0,0.0,0.0,0.0,0.0,0.2,0.0,-1.2000000000000002,0.0,0.0,16.0,25903.0
2026-07-30T18:57:11.213Z,0.696,0.708,0.1,7.4,0.0,0.0,0.0,0.0,0.0,0.0,0.0,0.0,1.0,0.0,0.0,0.0,9.0,4.0,0.0,0.0,0.0,0.0,0.0,0.0,0.0,0.0,4.0,12.0,1.0,12.15,5.0200000000000005,2.5,1.49,0.0,0.0,0.0,301.1,0.0,0.3,0.0,0.4,94.7,0.0,0.0,264.3,0.0,21.3,1.7000000000000002,1.7000000000000002,3.2,300.0,300.0,27.5,8.0,8.1,8.1,8.1,4.96,1.99,4.96,0.16,0.0,0.0,1027.0,8228.0,0.0,0.0,0.0,0.0,0.0,1.0,0.0,0.0,0.0,0.0,0.0,-0.3,0.0,-0.2,0.0,0.0,16.0,25903.0
2026-07-30T18:57:11.225Z,0.708,0.72,0.1,7.4,0.0,0.0,0.0,0.0,0.0,0.0,0.0,0.0,1.0,0.0,0.0,0.0,9.0,4.0,0.0,0.0,0.0,0.0,0.0,0.0,0.0,0.0,5.0,12.0,1.0,12.14,5.01,2.51,1.49,0.0,0.0,0.0,301.1,0.0,0.3,0.5,-0.1,94.7,0.0,0.0,264.2,0.0,21.700000000000003,1.8,1.8,3.3000000000000003,300.0,300.0,27.6,9.3,9.5,9.5,9.5,4.96,1.99,4.96,0.16,0.0,0.0,1027.0,8228.0,0.0,0.0,0.0,0.0,0.0,1.0,0.0,0.0,0.0,0.0,0.0,0.2,0.0,-0.5,0.0,0.0,16.0,25903.0
2026-07-30T18:57:11.237Z,0.72,0.732,0.0,7.4,0.0,0.0,0.0,0.0,0.0,0.0,0.0,0.0,1.0,0.0,0.0,0.0,9.0,4.0,0.0,0.0,0.0,0.0,0.0,0.0,0.0,0.0,6.0,12.0,1.0,12.14,5.01,2.51,1.49,0.0,0.0,0.0,301.1,0.0,-0.2,-1.1,0.4,94.8,0.0,0.0,264.2,0.0,21.700000000000003,1.8,1.8,3.3000000000000003,300.0,300.0,27.6,9.3,9.5,9.5,9.5,4.95,1.99,4.97,0.16,0.0,0.0,1027.0,8228.0,0.0,0.0,0.0,0.0,0.0,1.0,0.0,0.0,0.0,0.0,0.0,-0.5,0.0,1.0,0.0,0.0,16.0,25903.0
2026-07-30T18:57:11.249Z,0.732,0.744,0.0,7.4,0.0,0.0,0.0,0.0,0.0,0.0,0.0,0.0,1.0,0.0,0.0,0.0,9.0,4.0,0.0,0.0,0.0,0.0,0.0,0.0,0.0,0.0,2.0,12.0,1.0,12.14,5.01,2.51,1.49,0.0,0.0,0.0,301.1,0.0,0.8,0.5,-0.2,94.9,0.0,0.0,264.2,0.0,21.700000000000003,1.8,1.8,3.3000000000000003,300.0,300.0,27.6,9.3,9.5,9.5,9.5,4.95,1.99,4.96,0.16,0.0,0.0,1027.0,8228.0,0.0,0.0,0.0,0.0,0.0,1.0,0.0,0.0,0.0,0.0,0.0,0.2,0.0,-0.4,0.0,0.0,16.0,25903.0
2026-07-30T18:57:11.261Z,0.744,0.756,0.0,7.4,0.0,0.0,0.0,0.0,0.0,0.0,0.0,0.0,1.0,0.0,0.0,0.0,9.0,4.0,0.0,0.0,0.0,0.0,0.0,0.0,0.0,0.0,3.0,12.0,1.0,12.14,5.01,2.51,1.49,0.0,0.0,0.0,301.1,0.0,-0.2,-0.5,-0.7000000000000001,94.9,0.0,0.0,264.2,0.0,21.700000000000003,1.8,1.8,3.3000000000000003,300.0,300.0,27.6,9.3,9.5,9.5,9.5,4.96,1.99,4.96,0.18,0.0,0.0,1027.0,8228.0,0.0,0.0,0.0,0.0,0.0,1.0,0.0,0.0,0.0,0.0,0.0,0.6000000000000001,0.0,1.1,0.0,0.0,16.0,25903.0
2026-07-30T18:57:11.273Z,0.756,0.768,0.0,7.4,0.0,0.0,0.0,0.0,0.0,0.0,0.0,0.0,1.0,0.0,0.0,0.0,9.0,4.0,0.0,0.0,0.0,0.0,0.0,0.0,0.0,0.0,3.0,12.0,1.0,12.14,5.01,2.51,1.49,0.0,0.0,0.0,301.1,0.0,-0.2,-0.5,0.9,95.0,0.0,0.0,264.2,0.0,21.700000000000003,1.8,1.8,3.3000000000000003,300.0,300.0,27.6,9.3,9.5,9.5,9.5,4.95,1.99,4.97,0.16,0.0,0.0,1027.0,8228.0,0.0,0.0,0.0,0.0,0.0,1.0,0.0,0.0,0.0,0.0,0.0,-0.9,0.0,0.0,0.0,0.0,16.0,25903.0
2026-07-30T18:57:11.285Z,0.768,0.78,0.0,7.4,0.0,0.0,0.0,0.0,0.0,0.0,0.0,0.0,1.0,0.0,0.0,0.0,9.0,4.0,0.0,0.0,0.0,0.0,0.0,0.0,0.0,0.0,5.0,12.0,1.0,12.14,5.01,2.51,1.49,0.0,0.0,0.0,301.1,0.0,0.3,0.0,-0.2,95.1,0.0,0.0,264.2,0.0,21.700000000000003,1.8,1.8,3.3000000000000003,300.0,300.0,27.6,9.3,9.5,9.5,9.5,4.96,1.99,4.96,0.16,0.0,0.0,1027.0,8228.0,0.0,0.0,0.0,0.0,0.0,1.0,0.0,0.0,0.0,0.0,0.0,0.2,0.0,0.1,0.0,0.0,16.0,25903.0
2026-07-30T18:57:11.297Z,0.78,0.792,0.0,7.4,0.0,0.0,0.0,0.0,0.0,0.0,0.0,0.0,1.0,0.0,0.0,0.0,9.0,4.0,0.0,0.0,0.0,0.0,0.0,0.0,0.0,0.0,6.0,12.0,1.0,12.14,5.01,2.51,1.49,0.0,0.1,0.0,301.2,0.0,-1.3,1.2000000000000002,0.3,95.1,0.0,0.0,264.2,0.0,21.700000000000003,1.8,1.8,3.3000000000000003,300.0,300.0,27.6,9.3,9.5,9.5,9.5,4.96,1.99,4.96,0.16,0.0,0.0,1027.0,8228.0,0.0,0.0,0.0,0.0,0.0,1.0,0.0,0.0,0.0,0.0,0.0,-0.1,0.0,-1.6,0.0,0.0,16.0,25903.0
2026-07-30T18:57:11.309Z,0.792,0.804,0.1,7.4,0.0,0.0,0.0,0.0,0.0,0.0,0.0,0.0,1.0,0.0,0.0,0.0,9.0,4.0,0.0,0.0,0.0,0.0,0.0,0.0,0.0,0.0,2.0,12.0,1.0,12.14,5.01,2.51,1.49,0.0,0.0,0.0,301.1,0.0,-0.1,0.0,-0.2,95.2,0.0,0.0,264.2,0.0,21.700000000000003,1.8,1.8,3.3000000000000003,300.0,300.0,27.6,9.3,9.5,9.5,9.5,4.95,1.99,4.96,0.16,0.0,0.0,1027.0,8228.0,0.0,0.0,0.0,0.0,0.0,1.0,0.0,0.0,0.0,0.0,0.0,0.2,0.0,0.0,0.0,0.0,16.0,25903.0
2026-07-30T18:57:11.322Z,0.805,0.8160000000000001,0.1,7.4,0.0,0.0,0.0,0.0,0.0,0.0,0.0,0.0,1.0,0.0,0.0,0.0,9.0,4.0,0.0,0.0,0.0,0.0,0.0,0.0,0.0,0.0,3.0,12.0,1.0,12.15,5.0200000000000005,2.5,1.49,0.0,0.0,0.0,301.1,0.0,-0.1,-1.1,-0.8,95.2,0.0,0.0,264.2,0.0,21.200000000000003,1.9,1.9,3.4000000000000004,300.0,300.0,27.6,10.7,10.8,10.8,10.8,4.95,1.99,4.96,0.16,0.0,0.0,1027.0,8228.0,0.0,0.0,0.0,0.0,0.0,1.0,0.0,0.0,0.0,0.0,0.0,0.6000000000000001,0.0,1.8,0.0,0.0,16.0,25903.0
2026-07-30T18:57:11.333Z,0.816,0.8280000000000001,0.0,7.4,0.0,0.0,0.0,0.0,0.0,0.0,0.0,0.0,1.0,0.0,0.0,0.0,9.0,4.0,0.0,0.0,0.0,0.0,0.0,0.0,0.0,0.0,3.0,12.0,1.0,12.15,5.0200000000000005,2.5,1.49,0.0,0.0,0.0,301.1,0.0,0.4,0.0,-0.2,95.2,0.0,0.0,264.2,0.0,21.200000000000003,1.9,1.9,3.4000000000000004,300.0,300.0,27.6,10.7,10.8,10.8,10.8,4.96,1.99,4.96,0.16,0.0,0.0,1027.0,8228.0,0.0,0.0,0.0,0.0,0.0,1.0,0.0,0.0,0.0,0.0,0.0,0.2,0.0,0.1,0.0,0.0,16.0,25903.0
2026-07-30T18:57:11.345Z,0.828,0.84,0.1,7.4,0.0,0.0,0.0,0.0,0.0,0.0,0.0,0.0,1.0,0.0,0.0,0.0,9.0,4.0,0.0,0.0,0.0,0.0,0.0,0.0,0.0,0.0,5.0,12.0,1.0,12.15,5.0200000000000005,2.5,1.49,0.0,0.0,0.0,301.1,0.0,0.9,-0.5,-0.1,95.3,0.0,0.0,264.2,0.0,21.200000000000003,1.9,1.9,3.4000000000000004,300.0,300.0,27.6,10.7,10.8,10.8,10.8,4.96,1.99,4.97,0.16,0.0,0.0,1027.0,8228.0,0.0,0.0,0.0,0.0,0.0,1.0,0.0,0.0,0.0,0.0,0.0,0.1,0.0,0.7000000000000001,0.0,0.0,16.0,25903.0
2026-07-30T18:57:11.357Z,0.84,0.852,0.1,7.4,0.0,0.0,0.0,0.0,0.0,0.0,0.0,0.0,1.0,0.0,0.0,0.0,9.0,4.0,0.0,0.0,0.0,0.0,0.0,0.0,0.0,0.0,6.0,12.0,1.0,12.15,5.0200000000000005,2.5,1.49,0.0,0.0,0.0,301.1,0.0,-0.1,2.3000000000000003,0.9,95.3,0.0,0.0,264.2,0.0,21.200000000000003,1.9,1.9,3.4000000000000004,300.0,300.0,27.6,10.7,10.8,10.8,10.8,4.95,1.99,4.97,0.16,0.0,0.0,1027.0,8228.0,0.0,0.0,0.0,0.0,0.0,1.0,0.0,0.0,0.0,0.0,0.0,-0.6000000000000001,0.0,-3.3000000000000003,0.0,0.0,16.0,25903.0
2026-07-30T18:57:11.369Z,0.852,0.864,0.1,7.4,0.0,0.0,0.0,0.0,0.0,0.0,0.0,0.0,1.0,0.0,0.0,0.0,9.0,4.0,0.0,0.0,0.0,0.0,0.0,0.0,0.0,0.0,1.0,12.0,1.0,12.15,5.0200000000000005,2.5,1.49,0.0,0.0,0.0,301.1,0.0,-0.1,-1.1,-0.7000000000000001,95.4,0.0,0.0,264.3,0.0,21.200000000000003,1.9,1.9,3.4000000000000004,300.0,300.0,27.6,10.7,10.8,10.8,10.8,4.95,1.99,4.96,0.16,0.0,0.0,1027.0,8228.0,0.0,0.0,0.0,0.0,0.0,1.0,0.0,0.0,0.0,0.0,0.0,0.5,0.0,1.8,0.0,0.0,16.0,25903.0
2026-07-30T18:57:11.381Z,0.864,0.876,0.0,7.4,0.0,0.0,0.0,0.0,0.0,0.0,0.0,0.0,1.0,0.0,0.0,0.0,9.0,4.0,0.0,0.0,0.0,0.0,0.0,0.0,0.0,0.0,1.0,12.0,1.0,12.15,5.0200000000000005,2.5,1.49,0.0,0.0,0.0,301.1,0.0,-0.2,-1.2000000000000002,-0.8,95.4,0.0,0.0,264.2,0.0,21.200000000000003,1.9,1.9,3.4000000000000004,300.0,300.0,27.6,10.7,10.8,10.8,10.8,4.95,1.99,4.96,0.16,0.0,0.0,1027.0,8228.0,0.0,0.0,0.0,0.0,0.0,1.0,0.0,0.0,0.0,0.0,0.0,0.6000000000000001,0.0,1.9,0.0,0.0,16.0,25903.0
2026-07-30T18:57:11.393Z,0.876,0.888,0.1,7.4,0.0,0.0,0.0,0.0,0.0,0.0,0.0,0.0,1.0,0.0,0.0,0.0,9.0,4.0,0.0,0.0,0.0,0.0,0.0,0.0,0.0,0.0,3.0,12.0,1.0,12.15,5.0200000000000005,2.5,1.49,0.0,0.0,0.0,301.1,0.0,0.3,0.0,0.9,95.4,0.0,0.0,264.2,0.0,21.200000000000003,1.9,1.9,3.4000000000000004,300.0,300.0,27.6,10.7,10.8,10.8,10.8,4.95,1.99,4.97,0.16,0.0,0.0,1027.0,8228.0,0.0,0.0,0.0,0.0,0.0,1.0,0.0,0.0,0.0,0.0,0.0,-0.8,0.0,-0.5,0.0,0.0,16.0,25903.0
2026-07-30T18:57:11.405Z,0.888,0.9,0.1,7.4,0.0,0.0,0.0,0.0,0.0,0.0,0.0,0.0,1.0,0.0,0.0,0.0,9.0,4.0,0.0,0.0,0.0,0.0,0.0,0.0,0.0,0.0,4.0,12.0,1.0,12.15,5.0200000000000005,2.5,1.49,0.0,0.0,0.0,301.1,0.0,-0.8,1.1,-0.1,95.4,0.0,0.0,264.2,0.0,21.200000000000003,1.9,1.9,3.4000000000000004,300.0,300.0,27.6,10.7,10.8,10.8,10.8,4.96,1.99,4.97,0.16,0.0,0.0,1027.0,8228.0,0.0,0.0,0.0,0.0,0.0,1.0,0.0,0.0,0.0,0.0,0.0,0.3,0.0,-1.2000000000000002,0.0,0.0,16.0,25903.0
2026-07-30T18:57:11.417Z,0.9,0.912,0.1,7.4,0.0,0.0,0.0,0.0,0.0,0.0,0.0,0.0,1.0,0.0,0.0,0.0,9.0,4.0,0.0,0.0,0.0,0.0,0.0,0.0,0.0,0.0,5.0,12.0,1.0,12.15,5.0200000000000005,2.5,1.49,0.0,0.0,0.0,301.2,0.0,-0.2,0.0,0.4,95.5,0.0,0.0,264.3,0.0,21.200000000000003,1.9,1.9,3.4000000000000004,300.0,300.0,27.6,10.7,10.8,10.8,10.8,4.96,1.99,4.96,0.16,0.0,0.0,1027.0,8228.0,0.0,0.0,0.0,0.0,0.0,1.0,0.0,0.0,0.0,0.0,0.0,-0.3,0.0,-0.2,0.0,0.0,16.0,25903.0
2026-07-30T18:57:11.429Z,0.912,0.924,0.0,7.4,0.0,0.0,0.0,0.0,0.0,0.0,0.0,0.0,1.0,0.0,0.0,0.0,9.0,4.0,0.0,0.0,0.0,0.0,0.0,0.0,0.0,0.0,6.0,12.0,1.0,12.09,5.01,2.51,1.49,0.0,0.0,0.0,301.1,0.0,0.9,-0.5,-0.1,95.5,0.0,0.0,264.2,0.0,21.4,2.0,2.0,3.5,300.0,300.0,27.700000000000003,12.0,12.2,12.2,12.2,4.95,1.99,4.97,0.16,0.0,0.0,1027.0,8228.0,0.0,0.0,0.0,0.0,0.0,1.0,0.0,0.0,0.0,0.0,0.0,0.0,0.0,0.7000000000000001,0.0,0.0,16.0,25903.0
2026-07-30T18:57:11.441Z,0.924,0.936,0.0,7.4,0.0,0.0,0.0,0.0,0.0,0.0,0.0,0.0,1.0,0.0,0.0,0.0,9.0,4.0,0.0,0.0,0.0,0.0,0.0,0.0,0.0,0.0,1.0,12.0,1.0,12.09,5.01,2.51,1.49,0.0,0.1,0.0,301.1,0.0,0.4,-0.6000000000000001,-1.3,95.5,0.0,0.0,264.40000000000003,0.0,21.4,2.0,2.0,3.5,300.0,300.0,27.700000000000003,12.0,12.2,12.2,12.2,4.95,1.99,4.96,0.16,0.0,0.0,1027.0,8228.0,0.0,0.0,0.0,0.0,0.0,1.0,0.0,0.0,0.0,0.0,0.0,1.1,0.0,1.6,0.0,0.0,16.0,25903.0
2026-07-30T18:57:11.453Z,0.936,0.948,0.0,7.4,0.0,0.0,0.0,0.0,0.0,0.0,0.0,0.0,1.0,0.0,0.0,0.0,9.0,4.0,0.0,0.0,0.0,0.0,0.0,0.0,0.0,0.0,2.0,12.0,1.0,12.09,5.01,2.51,1.49,0.0,0.0,0.0,301.1,0.0,0.3,0.0,-0.7000000000000001,95.5,0.0,0.0,264.2,0.0,21.4,2.0,2.0,3.5,300.0,300.0,27.700000000000003,12.0,12.2,12.2,12.2,4.96,1.99,4.96,0.16,0.0,0.0,1027.0,8228.0,0.0,0.0,0.0,0.0,0.0,1.0,0.0,0.0,0.0,0.0,0.0,0.6000000000000001,0.0,0.5,0.0,0.0,16.0,25903.0
2026-07-30T18:57:11.465Z,0.948,0.96,0.0,7.4,0.0,0.0,0.0,0.0,0.0,0.0,0.0,0.0,1.0,0.0,0.0,0.0,9.0,4.0,0.0,0.0,0.0,0.0,0.0,0.0,0.0,0.0,3.0,12.0,1.0,12.09,5.01,2.51,1.49,0.0,0.0,0.0,301.1,0.0,0.4,-0.5,-0.6000000000000001,95.5,0.0,0.0,264.2,0.0,21.4,2.0,2.0,3.5,300.0,300.0,27.700000000000003,12.0,12.2,12.2,12.2,4.96,1.99,4.97,0.16,0.0,0.0,1027.0,8228.0,0.0,0.0,0.0,0.0,0.0,1.0,0.0,0.0,0.0,0.0,0.0,0.5,0.0,0.0,0.0,0.0,16.0,25903.0
2026-07-30T18:57:11.477Z,0.96,0.972,0.0,7.4,0.0,0.0,0.0,0.0,0.0,0.0,0.0,0.0,1.0,0.0,0.0,0.0,9.0,4.0,0.0,0.0,0.0,0.0,0.0,0.0,0.0,0.0,3.0,12.0,1.0,12.09,5.01,2.51,1.49,0.0,0.0,0.0,301.1,0.0,-0.1,0.0,0.0,95.6,0.0,0.0,264.2,0.0,21.4,2.0,2.0,3.5,300.0,300.0,27.700000000000003,12.0,12.2,12.2,12.2,4.95,1.99,4.97,0.16,0.0,0.0,1027.0,8228.0,0.0,0.0,0.0,0.0,0.0,1.0,0.0,0.0,0.0,0.0,0.0,0.0,0.0,1.4,0.0,0.0,16.0,25903.0
2026-07-30T18:57:11.489Z,0.972,0.984,0.0,7.4,0.0,0.0,0.0,0.0,0.0,0.0,0.0,0.0,1.0,0.0,0.0,0.0,9.0,4.0,0.0,0.0,0.0,0.0,0.0,0.0,0.0,0.0,4.0,12.0,1.0,12.09,5.01,2.51,1.49,0.0,0.0,0.0,301.1,0.0,0.4,0.5,1.0,95.6,0.0,0.0,264.3,0.0,21.4,2.0,2.0,3.5,300.0,300.0,27.700000000000003,12.0,12.2,12.2,12.2,4.95,1.99,4.96,0.16,0.0,0.0,1027.0,8228.0,0.0,0.0,0.0,0.0,0.0,1.0,0.0,0.0,0.0,0.0,0.0,-1.0,0.0,0.0,0.0,0.0,16.0,25903.0
2026-07-30T18:57:11.501Z,0.984,0.996,0.0,7.4,0.0,0.0,0.0,0.0,0.0,0.0,0.0,0.0,1.0,0.0,0.0,0.0,9.0,4.0,0.0,0.0,0.0,0.0,0.0,0.0,0.0,0.0,5.0,12.0,1.0,12.09,5.01,2.51,1.49,0.0,0.0,0.0,301.1,0.0,0.3,0.0,0.4,95.6,0.0,0.0,264.2,0.0,21.4,2.0,2.0,3.5,300.0,300.0,27.700000000000003,12.0,12.2,12.2,12.2,4.96,1.99,4.96,0.16,0.0,0.0,1027.0,8228.0,0.0,0.0,0.0,0.0,0.0,1.0,0.0,0.0,0.0,0.0,0.0,1.2000000000000002,0.0,0.9,0.0,0.0,16.0,25903.0
2026-07-30T18:57:11.513Z,0.996,1.008,0.0,7.4,0.0,0.0,0.0,0.0,0.0,0.0,0.0,0.0,1.0,0.0,0.0,0.0,9.0,4.0,0.0,0.0,0.0,0.0,0.0,0.0,0.0,0.0,6.0,12.0,1.0,12.09,5.01,2.51,1.49,0.0,0.0,0.0,301.2,0.0,0.9,0.0,-0.1,95.6,0.0,0.0,264.2,0.0,21.4,2.0,2.0,3.5,300.0,300.0,27.700000000000003,12.0,12.2,12.2,12.2,4.95,1.99,4.97,0.16,0.0,0.0,1027.0,8228.0,0.0,0.0,0.0,0.0,0.0,1.0,0.0,0.0,0.0,0.0,0.0,-0.4,0.0,-0.3,0.0,0.0,16.0,25903.0
2026-07-30T18:57:11.526Z,1.009,1.02,0.0,7.4,0.0,0.0,0.0,0.0,0.0,0.0,0.0,0.0,1.0,0.0,0.0,0.0,9.0,4.0,0.0,0.0,0.0,0.0,0.0,0.0,0.0,0.0,1.0,12.0,1.0,12.15,5.01,2.51,1.49,0.0,0.0,0.0,301.1,0.0,-0.7000000000000001,-1.2000000000000002,1.0,95.6,0.0,0.0,264.2,0.0,21.3,2.1,2.1,3.6,300.0,300.0,27.700000000000003,13.4,13.6,13.6,13.6,4.96,1.99,4.96,0.16,0.0,0.0,1027.0,8228.0,0.0,0.0,0.0,0.0,0.0,1.0,0.0,0.0,0.0,0.0,0.0,-1.0,0.0,0.7000000000000001,0.0,0.0,16.0,25903.0
2026-07-30T18:57:11.537Z,1.02,1.032,0.0,7.4,0.0,0.0,0.0,0.0,0.0,0.0,0.0,0.0,1.0,0.0,0.0,0.0,9.0,4.0,0.0,0.0,0.0,0.0,0.0,0.0,0.0,0.0,2.0,12.0,1.0,12.15,5.01,2.51,1.49,0.0,0.0,0.0,301.1,0.0,0.4,0.0,0.0,95.6,0.0,0.0,264.2,0.0,21.3,2.1,2.1,3.6,300.0,300.0,27.700000000000003,13.4,13.6,13.6,13.6,4.96,1.99,4.97,0.16,0.0,0.0,1027.0,8228.0,0.0,0.0,0.0,0.0,0.0,1.0,0.0,0.0,0.0,0.0,0.0,0.0,0.0,0.0,0.0,0.0,16.0,25903.0
2026-07-30T18:57:11.549Z,1.032,1.044,0.0,7.4,0.0,0.0,0.0,0.0,0.0,0.0,0.0,0.0,1.0,0.0,0.0,0.0,9.0,4.0,0.0,0.0,0.0,0.0,0.0,0.0,0.0,0.0,3.0,12.0,1.0,12.15,5.01,2.51,1.49,0.0,0.0,0.0,301.2,0.0,-0.7000000000000001,0.0,-0.1,95.6,0.0,0.0,264.2,0.0,21.3,2.1,2.1,3.6,300.0,300.0,27.700000000000003,13.4,13.6,13.6,13.6,4.95,1.99,4.97,0.16,0.0,0.0,1027.0,8228.0,0.0,0.0,0.0,0.0,0.0,1.0,0.0,0.0,0.0,0.0,0.0,0.1,0.0,0.0,0.0,0.0,16.0,25903.0
2026-07-30T18:57:11.561Z,1.044,1.056,0.0,7.4,0.0,0.0,0.0,0.0,0.0,0.0,0.0,0.0,1.0,0.0,0.0,0.0,9.0,4.0,0.0,0.0,0.0,0.0,0.0,0.0,0.0,0.0,4.0,12.0,1.0,12.15,5.01,2.51,1.49,0.0,0.0,0.0,301.1,0.0,0.3,-0.5,1.0,95.6,0.0,0.0,264.2,0.0,21.3,2.1,2.1,3.6,300.0,300.0,27.700000000000003,13.4,13.6,13.6,13.6,4.95,1.99,4.97,0.16,0.0,0.0,1027.0,8228.0,0.0,0.0,0.0,0.0,0.0,1.0,0.0,0.0,0.0,0.0,0.0,-1.0,0.0,-0.1,0.0,0.0,16.0,25903.0
2026-07-30T18:57:11.575Z,1.058,1.068,0.0,7.4,0.0,0.0,0.0,0.0,0.0,0.0,0.0,0.0,1.0,0.0,0.0,0.0,9.0,4.0,0.0,0.0,0.0,0.0,0.0,0.0,0.0,0.0,5.0,12.0,1.0,12.15,5.01,2.51,1.49,0.0,0.0,0.0,301.1,0.0,0.3,-0.5,-0.1,95.7,0.0,0.0,264.2,0.0,21.3,2.1,2.1,3.6,300.0,300.0,27.700000000000003,13.4,13.6,13.6,13.6,4.96,1.99,4.96,0.16,0.0,0.0,1027.0,8228.0,0.0,0.0,0.0,0.0,0.0,1.0,0.0,0.0,0.0,0.0,0.0,0.0,0.0,0.7000000000000001,0.0,0.0,16.0,25903.0
2026-07-30T18:57:11.586Z,1.069,1.08,0.0,7.4,0.0,0.0,0.0,0.0,0.0,0.0,0.0,0.0,1.0,0.0,0.0,0.0,9.0,4.0,0.0,0.0,0.0,0.0,0.0,0.0,0.0,0.0,5.0,12.0,1.0,12.15,5.01,2.51,1.49,0.0,0.0,0.0,301.1,0.0,0.3,-0.5,0.4,95.7,0.0,0.0,264.2,0.0,21.3,2.1,2.1,3.6,300.0,300.0,27.700000000000003,13.4,13.6,13.6,13.6,4.96,1.99,4.97,0.16,0.0,0.0,1027.0,8228.0,0.0,0.0,0.0,0.0,0.0,1.0,0.0,0.0,0.0,0.0,0.0,-0.4,0.0,0.2,0.0,0.0,16.0,25903.0
2026-07-30T18:57:11.597Z,1.08,1.092,0.0,7.4,0.0,0.0,0.0,0.0,0.0,0.0,0.0,0.0,1.0,0.0,0.0,0.0,9.0,4.0,0.0,0.0,0.0,0.0,0.0,0.0,0.0,0.0,6.0,12.0,1.0,12.15,5.01,2.51,1.49,-0.1,0.1,0.0,301.2,0.0,0.3,0.1,0.0,95.7,0.0,0.0,264.2,0.0,21.3,2.1,2.1,3.6,300.0,300.0,27.700000000000003,13.4,13.6,13.6,13.6,4.95,1.99,4.97,0.16,0.0,0.0,1027.0,8228.0,0.0,0.0,0.0,0.0,0.0,1.0,0.0,0.0,0.0,0.0,0.0,0.0,0.0,0.0,0.0,0.0,16.0,25903.0
2026-07-30T18:57:11.609Z,1.092,1.104,0.0,7.4,0.0,0.0,0.0,0.0,0.0,0.0,0.0,0.0,1.0,0.0,0.0,0.0,9.0,4.0,0.0,0.0,0.0,0.0,0.0,0.0,0.0,0.0,1.0,12.0,1.0,12.15,5.01,2.51,1.49,0.0,0.0,0.0,301.1,0.0,-0.2,-0.4,1.0,95.7,0.0,0.0,264.3,0.0,21.3,2.1,2.1,3.6,300.0,300.0,27.700000000000003,13.4,13.6,13.6,13.6,4.96,1.99,4.96,0.16,0.0,0.0,1027.0,8228.0,0.0,0.0,0.0,0.0,0.0,1.0,0.0,0.0,0.0,0.0,0.0,-1.0,0.0,-0.2,0.0,0.0,16.0,25903.0
2026-07-30T18:57:11.621Z,1.104,1.116,0.0,7.4,0.0,0.0,0.0,0.0,0.0,0.0,0.0,0.0,1.0,0.0,0.0,0.0,9.0,4.0,0.0,0.0,0.0,0.0,0.0,0.0,0.0,0.0,2.0,12.0,1.0,12.15,5.01,2.51,1.49,0.0,0.0,0.0,301.1,0.0,0.3,-0.4,-0.6000000000000001,95.7,0.0,0.0,264.3,0.0,21.3,2.1,2.1,3.6,300.0,300.0,27.700000000000003,13.4,13.6,13.6,13.6,4.95,1.99,4.96,0.16,0.0,0.0,1027.0,8228.0,0.0,0.0,0.0,0.0,0.0,1.0,0.0,0.0,0.0,0.0,0.0,0.5,0.0,1.0,0.0,0.0,16.0,25903.0
2026-07-30T18:57:11.633Z,1.116,1.128,0.0,7.4,0.0,0.0,0.0,0.0,0.0,0.0,0.0,0.0,1.0,0.0,0.0,0.0,9.0,4.0,0.0,0.0,0.0,0.0,0.0,0.0,0.0,0.0,3.0,12.0,1.0,12.14,5.0200000000000005,2.51,1.49,0.0,0.0,0.0,301.2,0.0,0.9,1.8,1.1,95.7,0.0,0.0,264.2,0.0,21.3,2.3000000000000003,2.3000000000000003,3.8,300.0,300.0,27.9,14.8,14.9,14.9,14.9,4.95,1.99,4.97,0.16,0.0,0.0,1027.0,8228.0,0.0,0.0,0.0,0.0,0.0,1.0,0.0,0.0,0.0,0.0,0.0,-0.8,0.0,-2.8000000000000003,0.0,0.0,16.0,25903.0
2026-07-30T18:57:11.645Z,1.128,1.14,0.0,7.4,0.0,0.0,0.0,0.0,0.0,0.0,0.0,0.0,1.0,0.0,0.0,0.0,9.0,4.0,0.0,0.0,0.0,0.0,0.0,0.0,0.0,0.0,5.0,12.0,1.0,12.14,5.0200000000000005,2.51,1.49,0.0,0.0,0.0,301.1,0.0,-0.7000000000000001,0.6000000000000001,0.0,95.7,0.0,0.0,264.2,0.0,21.3,2.3000000000000003,2.3000000000000003,3.8,300.0,300.0,27.9,14.8,14.9,14.9,14.9,4.95,1.99,4.97,0.16,0.0,0.0,1027.0,8228.0,0.0,0.0,0.0,0.0,0.0,1.0,0.0,0.0,0.0,0.0,0.0,0.1,0.0,-0.7000000000000001,0.0,0.0,16.0,25903.0
2026-07-30T18:57:11.657Z,1.14,1.152,0.0,7.4,0.0,0.0,0.0,0.0,0.0,0.0,0.0,0.0,1.0,0.0,0.0,0.0,9.0,4.0,0.0,0.0,0.0,0.0,0.0,0.0,0.0,0.0,6.0,12.0,1.0,12.14,5.0200000000000005,2.51,1.49,0.0,0.0,0.0,301.1,0.0,0.3,-0.4,1.1,95.7,0.0,0.0,264.2,0.0,21.3,2.3000000000000003,2.3000000000000003,3.8,300.0,300.0,27.9,14.8,14.9,14.9,14.9,4.96,1.99,4.96,0.16,0.0,0.0,1027.0,8228.0,0.0,0.0,0.0,0.0,0.0,1.0,0.0,0.0,0.0,0.0,0.0,-1.1,0.0,-0.2,0.0,0.0,16.0,25903.0
2026-07-30T18:57:11.669Z,1.152,1.164,0.0,7.4,0.0,0.0,0.0,0.0,0.0,0.0,0.0,0.0,1.0,0.0,0.0,0.0,9.0,4.0,0.0,0.0,0.0,0.0,0.0,0.0,0.0,0.0,1.0,12.0,1.0,12.14,5.0200000000000005,2.51,1.49,0.0,0.0,0.0,301.1,0.0,-0.2,-0.4,1.1,95.7,0.0,0.0,264.2,0.0,21.3,2.3000000000000003,2.3000000000000003,3.8,300.0,300.0,27.9,14.8,14.9,14.9,14.9,4.95,1.99,4.97,0.16,0.0,0.0,1027.0,8228.0,0.0,0.0,0.0,0.0,0.0,1.0,0.0,0.0,0.0,0.0,0.0,-1.1,0.0,-0.1,0.0,0.0,16.0,25903.0
2026-07-30T18:57:11.682Z,1.165,1.176,0.0,7.4,0.0,0.0,0.0,0.0,0.0,0.0,0.0,0.0,1.0,0.0,0.0,0.0,9.0,4.0,0.0,0.0,0.0,0.0,0.0,0.0,0.0,0.0,2.0,12.0,1.0,12.14,5.0200000000000005,2.51,1.49,0.0,0.1,0.0,301.1,0.0,0.3,0.0,-0.6000000000000001,95.7,0.0,0.0,264.2,0.0,21.3,2.3000000000000003,2.3000000000000003,3.8,300.0,300.0,27.9,14.8,14.9,14.9,14.9,4.95,1.99,4.96,0.16,0.0,0.0,1027.0,8228.0,0.0,0.0,0.0,0.0,0.0,1.0,0.0,0.0,0.0,0.0,0.0,0.6000000000000001,0.0,0.3,0.0,0.0,16.0,25903.0
2026-07-30T18:57:11.693Z,1.176,1.188,0.0,7.4,0.0,0.0,0.0,0.0,0.0,0.0,0.0,0.0,1.0,0.0,0.0,0.0,9.0,4.0,0.0,0.0,0.0,0.0,0.0,0.0,0.0,0.0,3.0,12.0,1.0,12.14,5.0200000000000005,2.51,1.49,0.0,0.0,0.0,301.1,0.0,0.3,0.7000000000000001,0.0,95.7,0.0,0.0,264.2,0.0,21.3,2.3000000000000003,2.3000000000000003,3.8,300.0,300.0,27.9,14.8,14.9,14.9,14.9,4.96,2.0,4.96,0.16,0.0,0.0,1027.0,8228.0,0.0,0.0,0.0,0.0,0.0,1.0,0.0,0.0,0.0,0.0,0.0,0.1,0.0,-0.7000000000000001,0.0,0.0,16.0,25903.0
2026-07-30T18:57:11.705Z,1.188,1.2,0.0,7.4,0.0,0.0,0.0,0.0,0.0,0.0,0.0,0.0,1.0,0.0,0.0,0.0,9.0,4.0,0.0,0.0,0.0,0.0,0.0,0.0,0.0,0.0,4.0,12.0,1.0,12.14,5.0200000000000005,2.51,1.49,0.0,0.0,0.0,301.1,0.0,-0.2,0.7000000000000001,0.0,95.7,0.0,0.0,264.2,0.0,21.3,2.3000000000000003,2.3000000000000003,3.8,300.0,300.0,27.9,14.8,14.9,14.9,14.9,4.95,2.0,4.96,0.16,0.0,0.0,1027.0,8228.0,0.0,0.0,0.0,0.0,0.0,1.0,0.0,0.0,0.0,0.0,0.0,0.1,0.0,-0.7000000000000001,0.0,0.0,16.0,25903.0
2026-07-30T18:57:11.717Z,1.2,1.212,0.0,7.4,0.0,0.0,0.0,0.0,0.0,0.0,0.0,0.0,1.0,0.0,0.0,0.0,9.0,4.0,0.0,0.0,0.0,0.0,0.0,0.0,0.0,0.0,6.0,12.0,1.0,12.14,5.0200000000000005,2.51,1.49,0.0,0.0,0.0,301.2,0.0,-0.1,-0.4,1.1,95.7,0.0,0.0,264.3,0.0,21.3,2.3000000000000003,2.3000000000000003,3.8,300.0,300.0,27.9,14.8,14.9,14.9,14.9,4.96,1.99,4.97,0.16,0.0,0.0,1027.0,8228.0,0.0,0.0,0.0,0.0,0.0,1.0,0.0,0.0,0.0,0.0,0.0,-1.0,0.0,-0.2,0.0,0.0,16.0,25903.0
2026-07-30T18:57:11.730Z,1.213,1.224,0.0,7.4,0.0,0.0,0.0,0.0,0.0,0.0,0.0,0.0,1.0,0.0,0.0,0.0,9.0,4.0,0.0,0.0,0.0,0.0,0.0,0.0,0.0,0.0,1.0,12.0,1.0,12.11,5.0200000000000005,2.51,1.5,0.0,0.0,0.0,301.2,0.0,-0.7000000000000001,-0.5,0.0,95.7,0.0,0.0,264.2,0.0,21.700000000000003,2.4000000000000004,2.4000000000000004,3.9,300.0,300.0,27.9,16.1,16.3,16.3,16.3,4.96,1.99,4.96,0.16,0.0,0.0,1027.0,8228.0,0.0,0.0,0.0,0.0,0.0,1.0,0.0,0.0,0.0,0.0,0.0,0.0,0.0,0.6000000000000001,0.0,0.0,16.0,25903.0
2026-07-30T18:57:11.741Z,1.224,1.236,0.0,7.4,0.0,0.0,0.0,0.0,0.0,0.0,0.0,0.0,1.0,0.0,0.0,0.0,9.0,4.0,0.0,0.0,0.0,0.0,0.0,0.0,0.0,0.0,3.0,12.0,1.0,12.11,5.0200000000000005,2.51,1.5,0.0,0.0,0.0,301.1,0.0,-0.1,-0.4,-1.2000000000000002,95.7,0.0,0.0,264.2,0.0,21.700000000000003,2.4000000000000004,2.4000000000000004,3.9,300.0,300.0,27.9,16.1,16.3,16.3,16.3,4.96,1.99,4.96,0.16,0.0,0.0,1027.0,8228.0,0.0,0.0,0.0,0.0,0.0,1.0,0.0,0.0,0.0,0.0,0.0,1.1,0.0,1.4,0.0,0.0,16.0,25903.0
2026-07-30T18:57:11.753Z,1.236,1.248,0.0,7.4,0.0,0.0,0.0,0.0,0.0,0.0,0.0,0.0,1.0,0.0,0.0,0.0,9.0,4.0,0.0,0.0,0.0,0.0,0.0,0.0,0.0,0.0,4.0,12.0,1.0,12.11,5.0200000000000005,2.51,1.5,0.0,0.0,0.0,301.1,0.0,0.4,0.1,1.0,95.7,0.0,0.0,264.3,0.0,21.700000000000003,2.4000000000000004,2.4000000000000004,3.9,300.0,300.0,27.9,16.1,16.3,16.3,16.3,4.95,1.99,4.97,0.16,0.0,0.0,1027.0,8228.0,0.0,0.0,0.0,0.0,0.0,1.0,0.0,0.0,0.0,0.0,0.0,-1.0,0.0,-0.9,0.0,0.0,16.0,25903.0
2026-07-30T18:57:11.765Z,1.248,1.26,0.0,7.4,0.0,0.0,0.0,0.0,0.0,0.0,0.0,0.0,1.0,0.0,0.0,0.0,9.0,4.0,0.0,0.0,0.0,0.0,0.0,0.0,0.0,0.0,5.0,12.0,1.0,12.11,5.0200000000000005,2.51,1.5,0.0,0.0,0.0,301.1,0.0,-0.1,-0.4,-0.6000000000000001,95.7,0.0,0.0,264.2,0.0,21.700000000000003,2.4000000000000004,2.4000000000000004,3.9,300.0,300.0,27.9,16.1,16.3,16.3,16.3,4.96,2.0,4.97,0.16,0.0,0.0,1027.0,8228.0,0.0,0.0,0.0,0.0,0.0,1.0,0.0,0.0,0.0,0.0,0.0,0.5,0.0,0.9,0.0,0.0,16.0,25903.0
2026-07-30T18:57:11.777Z,1.26,1.272,0.0,7.4,0.0,0.0,0.0,0.0,0.0,0.0,0.0,0.0,1.0,0.0,0.0,0.0,9.0,4.0,0.0,0.0,0.0,0.0,0.0,0.0,0.0,0.0,1.0,12.0,1.0,12.11,5.0200000000000005,2.51,1.5,0.0,0.0,0.0,301.2,0.0,-0.1,1.3,-0.6000000000000001,95.7,0.0,0.0,264.2,0.0,21.700000000000003,2.4000000000000004,2.4000000000000004,3.9,300.0,300.0,27.9,16.1,16.3,16.3,16.3,4.96,1.99,4.96,0.16,0.0,0.0,1027.0,8228.0,0.0,0.0,0.0,0.0,0.0,1.0,0.0,0.0,0.0,0.0,0.0,0.7000000000000001,0.0,-1.0,0.0,0.0,16.0,25903.0
2026-07-30T18:57:11.789Z,1.272,1.284,0.0,7.4,0.0,0.0,0.0,0.0,0.0,0.0,0.0,0.0,1.0,0.0,0.0,0.0,9.0,4.0,0.0,0.0,0.0,0.0,0.0,0.0,0.0,0.0,2.0,12.0,1.0,12.11,5.0200000000000005,2.51,1.5,0.0,0.0,0.0,301.2,0.0,-0.7000000000000001,0.1,0.0,95.7,0.0,0.0,264.2,0.0,21.700000000000003,2.4000000000000004,2.4000000000000004,3.9,300.0,300.0,27.9,16.1,16.3,16.3,16.3,4.95,1.99,4.96,0.16,0.0,0.0,1027.0,8228.0,0.0,0.0,0.0,0.0,0.0,1.0,0.0,0.0,0.0,0.0,0.0,0.0,0.0,-0.1,0.0,0.0,16.0,25903.0
2026-07-30T18:57:11.801Z,1.284,1.296,0.0,7.4,0.0,0.0,0.0,0.0,0.0,0.0,0.0,0.0,1.0,0.0,0.0,0.0,9.0,4.0,0.0,0.0,0.0,0.0,0.0,0.0,0.0,0.0,3.0,12.0,1.0,12.11,5.0200000000000005,2.51,1.5,0.0,0.0,0.0,301.2,0.0,-0.1,-1.0,0.0,95.7,0.0,0.0,264.2,0.0,21.700000000000003,2.4000000000000004,2.4000000000000004,3.9,300.0,300.0,27.9,16.1,16.3,16.3,16.3,4.95,1.99,4.97,0.16,0.0,0.0,1027.0,8228.0,0.0,0.0,0.0,0.0,0.0,1.0,0.0,0.0,0.0,0.0,0.0,0.0,0.0,1.3,0.0,0.0,16.0,25903.0
2026-07-30T18:57:11.813Z,1.296,1.308,0.0,7.4,0.0,0.0,0.0,0.0,0.0,0.0,0.0,0.0,1.0,0.0,0.0,0.0,9.0,4.0,0.0,0.0,0.0,0.0,0.0,0.0,0.0,0.0,5.0,12.0,1.0,12.11,5.0200000000000005,2.51,1.5,0.0,0.0,0.0,301.1,0.0,-0.2,-0.4,0.5,95.7,0.0,0.0,264.3,0.0,21.700000000000003,2.4000000000000004,2.4000000000000004,3.9,300.0,300.0,27.9,16.1,16.3,16.3,16.3,4.96,1.99,4.96,0.16,0.0,0.0,1027.0,8228.0,0.0,0.0,0.0,0.0,0.0,1.0,0.0,0.0,0.0,0.0,0.0,-0.5,0.0,0.2,0.0,0.0,16.0,25903.0
2026-07-30T18:57:11.825Z,1.308,1.32,0.0,7.4,0.0,0.0,0.0,0.0,0.0,0.0,0.0,0.0,1.0,0.0,0.0,0.0,9.0,4.0,0.0,0.0,0.0,0.0,0.0,0.0,0.0,0.0,6.0,12.0,1.0,12.11,5.0200000000000005,2.51,1.5,0.0,0.0,0.0,301.1,0.0,0.3,0.6000000000000001,0.5,95.7,0.0,0.0,264.2,0.0,21.700000000000003,2.4000000000000004,2.4000000000000004,3.9,300.0,300.0,27.9,16.1,16.3,16.3,16.3,4.96,1.99,4.97,0.17,0.0,0.0,1027.0,8228.0,0.0,0.0,0.0,0.0,0.0,1.0,0.0,0.0,0.0,0.0,0.0,-0.4,0.0,-1.1,0.0,0.0,16.0,25903.0
2026-07-30T18:57:11.837Z,1.32,1.332,0.0,7.4,0.0,0.0,0.0,0.0,0.0,0.0,0.0,0.0,1.0,0.0,0.0,0.0,9.0,4.0,0.0,0.0,0.0,0.0,0.0,0.0,0.0,0.0,2.0,12.0,1.0,12.14,5.0200000000000005,2.51,1.49,0.0,0.0,0.0,301.0,0.0,-0.2,1.2000000000000002,0.0,95.7,0.0,0.0,264.2,0.0,21.3,2.6,2.6,4.1000000000000005,300.0,300.0,28.0,17.5,17.6,17.6,17.6,4.95,1.99,4.97,0.16,0.0,0.0,1027.0,8228.0,0.0,0.0,0.0,0.0,0.0,1.0,0.0,0.0,0.0,0.0,0.0,0.2,0.0,-1.3,0.0,0.0,16.0,25903.0
2026-07-30T18:57:11.849Z,1.332,1.344,0.0,7.4,0.0,0.0,0.0,0.0,0.0,0.0,0.0,0.0,1.0,0.0,0.0,0.0,9.0,4.0,0.0,0.0,0.0,0.0,0.0,0.0,0.0,0.0,3.0,12.0,1.0,12.14,5.0200000000000005,2.51,1.49,0.0,0.0,0.0,301.0,0.0,-0.8,-1.0,-0.1,95.7,0.0,0.0,264.2,0.0,21.3,2.6,2.6,4.1000000000000005,300.0,300.0,28.0,17.5,17.6,17.6,17.6,4.96,1.99,4.96,0.16,0.0,0.0,1027.0,8228.0,0.0,0.0,0.0,0.0,0.0,1.0,0.0,0.0,0.0,0.0,0.0,0.0,0.0,1.3,0.0,0.0,16.0,25903.0
2026-07-30T18:57:11.861Z,1.344,1.356,0.0,7.4,0.0,0.0,0.0,0.0,0.0,0.0,0.0,0.0,1.0,0.0,0.0,0.0,9.0,4.0,0.0,0.0,0.0,0.0,0.0,0.0,0.0,0.0,4.0,12.0,1.0,12.14,5.0200000000000005,2.51,1.49,0.0,0.0,0.0,301.1,0.0,0.3,0.0,-0.7000000000000001,95.7,0.0,0.0,264.3,0.0,21.3,2.6,2.6,4.1000000000000005,300.0,300.0,28.0,17.5,17.6,17.6,17.6,4.95,1.99,4.96,0.16,0.0,0.0,1027.0,8228.0,0.0,0.0,0.0,0.0,0.0,1.0,0.0,0.0,0.0,0.0,0.0,0.6000000000000001,0.0,0.3,0.0,0.0,16.0,25903.0
2026-07-30T18:57:11.873Z,1.356,1.368,0.0,7.4,0.0,0.0,0.0,0.0,0.0,0.0,0.0,0.0,1.0,0.0,0.0,0.0,9.0,4.0,0.0,0.0,0.0,0.0,0.0,0.0,0.0,0.0,5.0,12.0,1.0,12.14,5.0200000000000005,2.51,1.49,0.0,0.0,0.0,301.2,0.0,0.3,1.8,0.5,95.8,0.0,0.0,264.2,0.0,21.3,2.6,2.6,4.1000000000000005,300.0,300.0,28.0,17.5,17.6,17.6,17.6,4.95,1.99,4.97,0.16,0.0,0.0,1027.0,8228.0,0.0,0.0,0.0,0.0,0.0,1.0,0.0,0.0,0.0,0.0,0.0,-0.2,0.0,-2.4000000000000004,0.0,0.0,16.0,25903.0
2026-07-30T18:57:11.885Z,1.368,1.38,0.0,7.4,0.0,0.0,0.0,0.0,0.0,0.0,0.0,0.0,1.0,0.0,0.0,0.0,9.0,4.0,0.0,0.0,0.0,0.0,0.0,0.0,0.0,0.0,6.0,12.0,1.0,12.14,5.0200000000000005,2.51,1.49,0.0,0.0,0.0,301.2,0.0,0.3,0.1,-0.6000000000000001,95.8,0.0,0.0,264.2,0.0,21.3,2.6,2.6,4.1000000000000005,300.0,300.0,28.0,17.5,17.6,17.6,17.6,4.95,1.99,4.97,0.16,0.0,0.0,1027.0,8228.0,0.0,0.0,0.0,0.0,0.0,1.0,0.0,0.0,0.0,0.0,0.0,0.6000000000000001,0.0,0.2,0.0,0.0,16.0,25903.0
2026-07-30T18:57:11.897Z,1.38,1.392,0.0,7.4,0.0,0.0,0.0,0.0,0.0,0.0,0.0,0.0,1.0,0.0,0.0,0.0,9.0,4.0,0.0,0.0,0.0,0.0,0.0,0.0,0.0,0.0,6.0,12.0,1.0,12.14,5.0200000000000005,2.51,1.49,0.0,0.0,0.0,301.1,0.0,0.3,-0.4,0.0,95.8,0.0,0.0,264.2,0.0,21.3,2.6,2.6,4.1000000000000005,300.0,300.0,28.0,17.5,17.6,17.6,17.6,4.96,1.99,4.96,0.16,0.0,0.0,1027.0,8228.0,0.0,0.0,0.0,0.0,0.0,1.0,0.0,0.0,0.0,0.0,0.0,0.0,0.0,0.5,0.0,0.0,16.0,25903.0
2026-07-30T18:57:11.909Z,1.392,1.404,0.0,7.4,0.0,0.0,0.0,0.0,0.0,0.0,0.0,0.0,1.0,0.0,0.0,0.0,9.0,4.0,0.0,0.0,0.0,0.0,0.0,0.0,0.0,0.0,2.0,12.0,1.0,12.14,5.0200000000000005,2.51,1.49,0.0,0.0,0.0,301.1,0.0,-0.2,-0.4,0.6000000000000001,95.8,0.0,0.0,264.2,0.0,21.3,2.6,2.6,4.1000000000000005,300.0,300.0,28.0,17.5,17.6,17.6,17.6,4.95,1.99,4.97,0.16,0.0,0.0,1027.0,8228.0,0.0,0.0,0.0,0.0,0.0,1.0,0.0,0.0,0.0,0.0,0.0,-0.6000000000000001,0.0,0.0,0.0,0.0,16.0,25903.0
2026-07-30T18:57:11.921Z,1.404,1.416,0.0,7.4,0.0,0.0,0.0,0.0,0.0,0.0,0.0,0.0,1.0,0.0,0.0,0.0,9.0,4.0,0.0,0.0,0.0,0.0,0.0,0.0,0.0,0.0,3.0,12.0,1.0,12.14,5.0200000000000005,2.51,1.49,0.0,0.0,0.0,301.1,0.0,-0.8,0.1,0.0,95.8,0.0,0.0,264.2,0.0,21.3,2.6,2.6,4.1000000000000005,300.0,300.0,28.0,17.5,17.6,17.6,17.6,4.95,1.99,4.96,0.16,0.0,0.0,1027.0,8228.0,0.0,0.0,0.0,0.0,0.0,1.0,0.0,0.0,0.0,0.0,0.0,0.0,0.0,-0.1,0.0,0.0,16.0,25903.0
2026-07-30T18:57:11.934Z,1.417,1.428,0.0,7.4,0.0,0.0,0.0,0.0,0.0,0.0,0.0,0.0,1.0,0.0,0.0,0.0,9.0,4.0,0.0,0.0,0.0,0.0,0.0,0.0,0.0,0.0,4.0,12.0,1.0,12.15,5.01,2.51,1.49,0.0,0.0,0.0,301.2,0.0,-0.2,0.1,0.0,95.8,0.0,0.0,264.2,0.0,21.700000000000003,2.8000000000000003,2.8000000000000003,4.3,300.0,300.0,28.1,18.8,19.0,19.0,19.0,4.96,1.99,4.96,0.16,0.0,0.0,1027.0,8228.0,0.0,0.0,0.0,0.0,0.0,1.0,0.0,0.0,0.0,0.0,0.0,0.0,0.0,-0.1,0.0,0.0,16.0,25903.0
2026-07-30T18:57:11.946Z,1.429,1.44,0.0,7.4,0.0,0.0,0.0,0.0,0.0,0.0,0.0,0.0,1.0,0.0,0.0,0.0,9.0,4.0,0.0,0.0,0.0,0.0,0.0,0.0,0.0,0.0,5.0,12.0,1.0,12.15,5.01,2.51,1.49,0.0,0.0,0.0,301.1,0.0,0.3,0.7000000000000001,0.0,95.8,0.0,0.0,264.2,0.0,21.700000000000003,2.8000000000000003,2.8000000000000003,4.3,300.0,300.0,28.1,18.8,19.0,19.0,19.0,4.95,1.99,4.97,0.16,0.0,0.0,1027.0,8228.0,0.0,0.0,0.0,0.0,0.0,1.0,0.0,0.0,0.0,0.0,0.0,0.0,0.0,-0.8,0.0,0.0,16.0,25903.0
2026-07-30T18:57:11.957Z,1.44,1.452,0.0,7.4,0.0,0.0,0.0,0.0,0.0,0.0,0.0,0.0,1.0,0.0,0.0,0.0,9.0,4.0,0.0,0.0,0.0,0.0,0.0,0.0,0.0,0.0,6.0,12.0,1.0,12.15,5.01,2.51,1.49,0.0,0.0,0.0,301.1,0.0,-0.2,-0.4,0.5,95.8,0.0,0.0,264.2,0.0,21.700000000000003,2.8000000000000003,2.8000000000000003,4.3,300.0,300.0,28.1,18.8,19.0,19.0,19.0,4.96,1.99,4.96,0.16,0.0,0.0,1027.0,8228.0,0.0,0.0,0.0,0.0,0.0,1.0,0.0,0.0,0.0,0.0,0.0,0.0,0.0,0.0,0.0,0.0,16.0,25903.0
2026-07-30T18:57:11.969Z,1.452,1.464,0.0,7.4,0.0,0.0,0.0,0.0,0.0,0.0,0.0,0.0,1.0,0.0,0.0,0.0,9.0,4.0,0.0,0.0,0.0,0.0,0.0,0.0,0.0,0.0,1.0,12.0,1.0,12.15,5.01,2.51,1.49,0.0,0.0,0.0,301.2,0.0,-0.2,-0.4,-0.6000000000000001,95.8,0.0,0.0,264.2,0.0,21.700000000000003,2.8000000000000003,2.8000000000000003,4.3,300.0,300.0,28.1,18.8,19.0,19.0,19.0,4.96,1.99,4.96,0.16,0.0,0.0,1027.0,8228.0,0.0,0.0,0.0,0.0,0.0,1.0,0.0,0.0,0.0,0.0,0.0,0.5,0.0,0.9,0.0,0.0,16.0,25903.0
2026-07-30T18:57:11.981Z,1.464,1.476,0.0,7.4,0.0,0.0,0.0,0.0,0.0,0.0,0.0,0.0,1.0,0.0,0.0,0.0,9.0,4.0,0.0,0.0,0.0,0.0,0.0,0.0,0.0,0.0,2.0,12.0,1.0,12.15,5.01,2.51,1.49,0.0,0.0,0.0,301.2,0.0,0.3,0.1,-1.8,95.8,0.0,0.0,264.2,0.0,21.700000000000003,2.8000000000000003,2.8000000000000003,4.3,300.0,300.0,28.1,18.8,19.0,19.0,19.0,4.96,1.99,4.96,0.16,0.0,0.0,1027.0,8228.0,0.0,0.0,0.0,0.0,0.0,1.0,0.0,0.0,0.0,0.0,0.0,1.7000000000000002,0.0,1.3,0.0,0.0,16.0,25903.0
2026-07-30T18:57:11.993Z,1.476,1.488,0.0,7.4,0.0,0.0,0.0,0.0,0.0,0.0,0.0,0.0,1.0,0.0,0.0,0.0,9.0,4.0,0.0,0.0,0.0,0.0,0.0,0.0,0.0,0.0,4.0,12.0,1.0,12.15,5.01,2.51,1.49,0.0,0.0,0.0,301.1,0.0,-0.2,0.1,0.0,95.8,0.0,0.0,264.2,0.0,21.700000000000003,2.8000000000000003,2.8000000000000003,4.3,300.0,300.0,28.1,18.8,19.0,19.0,19.0,4.95,1.99,4.97,0.16,0.0,0.0,1027.0,8228.0,0.0,0.0,0.0,0.0,0.0,1.0,0.0,0.0,0.0,0.0,0.0,1.0,0.0,2.0,0.0,0.0,16.0,25903.0
2026-07-30T18:57:12.005Z,1.488,1.5,0.0,7.4,0.0,0.0,0.0,0.0,0.0,0.0,0.0,0.0,1.0,0.0,0.0,0.0,9.0,4.0,0.0,0.0,0.0,0.0,0.0,0.0,0.0,0.0,4.0,12.0,1.0,12.15,5.01,2.51,1.49,0.0,0.0,0.0,301.1,0.0,0.3,-1.0,0.0,95.8,0.0,0.0,264.3,0.0,21.700000000000003,2.8000000000000003,2.8000000000000003,4.3,300.0,300.0,28.1,18.8,19.0,19.0,19.0,4.96,1.99,4.96,0.16,0.0,0.0,1027.0,8228.0,0.0,0.0,0.0,0.0,0.0,1.0,0.0,0.0,0.0,0.0,0.0,0.4,0.0,1.5,0.0,0.0,16.0,25903.0
2026-07-30T18:57:12.017Z,1.5,1.512,0.0,7.4,0.0,0.0,0.0,0.0,0.0,0.0,0.0,0.0,1.0,0.0,0.0,0.0,9.0,4.0,0.0,0.0,0.0,0.0,0.0,0.0,0.0,0.0,6.0,12.0,1.0,12.15,5.01,2.51,1.49,0.0,0.0,0.0,301.1,0.0,-0.2,1.8,-0.5,95.8,0.0,0.0,264.2,0.0,21.700000000000003,2.8000000000000003,2.8000000000000003,4.3,300.0,300.0,28.1,18.8,19.0,19.0,19.0,4.96,1.99,4.96,0.16,0.0,0.0,1027.0,8228.0,0.0,0.0,0.0,0.0,0.0,1.0,0.0,0.0,0.0,0.0,0.0,0.0,0.0,-0.8,0.0,0.0,16.0,25903.0
2026-07-30T18:57:12.029Z,1.512,1.524,0.0,7.4,0.0,0.0,0.0,0.0,0.0,0.0,0.0,0.0,1.0,0.0,0.0,0.0,9.0,4.0,0.0,0.0,0.0,0.0,0.0,0.0,0.0,0.0,1.0,12.0,1.0,12.15,5.01,2.51,1.49,0.0,0.0,0.0,301.1,0.0,-0.2,0.7000000000000001,1.1,95.8,0.0,0.0,264.2,0.0,21.700000000000003,2.8000000000000003,2.8000000000000003,4.3,300.0,300.0,28.1,18.8,19.0,19.0,19.0,4.95,1.99,4.96,0.16,0.0,0.0,1027.0,8228.0,0.0,0.0,0.0,0.0,0.0,1.0,0.0,0.0,0.0,0.0,0.0,-0.9,0.0,-1.6,0.0,0.0,16.0,25903.0
2026-07-30T18:57:12.041Z,1.524,1.536,0.0,7.4,0.0,0.0,0.0,0.0,0.0,0.0,0.0,0.0,1.0,0.0,0.0,0.0,9.0,4.0,0.0,0.0,0.0,0.0,0.0,0.0,0.0,0.0,2.0,12.0,1.0,12.15,5.01,2.51,1.5,0.0,0.0,0.0,301.1,0.0,0.3,0.6000000000000001,0.0,95.8,0.0,0.0,264.2,0.0,21.200000000000003,3.0,3.0,4.5,300.0,300.0,28.1,20.200000000000003,20.4,20.4,20.4,4.95,1.99,4.97,0.16,0.0,0.0,1027.0,8228.0,0.0,0.0,0.0,0.0,0.0,1.0,0.0,0.0,0.0,0.0,0.0,0.1,0.0,-0.7000000000000001,0.0,0.0,16.0,25903.0
2026-07-30T18:57:12.053Z,1.536,1.548,0.0,7.4,0.0,0.0,0.0,0.0,0.0,0.0,0.0,0.0,1.0,0.0,0.0,0.0,9.0,4.0,0.0,0.0,0.0,0.0,0.0,0.0,0.0,0.0,4.0,12.0,1.0,12.15,5.01,2.51,1.5,0.0,0.0,0.0,301.1,0.0,-0.2,-0.5,0.5,95.8,0.0,0.0,264.2,0.0,21.200000000000003,3.0,3.0,4.5,300.0,300.0,28.1,20.200000000000003,20.4,20.4,20.4,4.96,1.99,4.96,0.16,0.0,0.0,1027.0,8228.0,0.0,0.0,0.0,0.0,0.0,1.0,0.0,0.0,0.0,0.0,0.0,-0.5,0.0,0.2,0.0,0.0,16.0,25903.0
2026-07-30T18:57:12.065Z,1.548,1.56,0.0,7.4,0.0,0.0,0.0,0.0,0.0,0.0,0.0,0.0,1.0,0.0,0.0,0.0,9.0,4.0,0.0,0.0,0.0,0.0,0.0,0.0,0.0,0.0,5.0,12.0,1.0,12.15,5.01,2.51,1.5,0.0,0.0,0.0,301.2,0.0,-0.8,-1.1,-0.6000000000000001,95.8,0.0,0.0,264.3,0.0,21.200000000000003,3.0,3.0,4.5,300.0,300.0,28.1,20.200000000000003,20.4,20.4,20.4,4.96,1.99,4.97,0.16,0.0,0.0,1027.0,8228.0,0.0,0.0,0.0,0.0,0.0,1.0,0.0,0.0,0.0,0.0,0.0,0.5,0.0,1.7000000000000002,0.0,0.0,16.0,25903.0
2026-07-30T18:57:12.077Z,1.56,1.572,0.0,7.4,0.0,0.0,0.0,0.0,0.0,0.0,0.0,0.0,1.0,0.0,0.0,0.0,9.0,4.0,0.0,0.0,0.0,0.0,0.0,0.0,0.0,0.0,1.0,12.0,1.0,12.15,5.01,2.51,1.5,0.0,0.0,0.0,301.1,0.0,0.9,0.6000000000000001,1.0,95.8,0.0,0.0,264.2,0.0,21.200000000000003,3.0,3.0,4.5,300.0,300.0,28.1,20.200000000000003,20.4,20.4,20.4,4.95,1.99,4.97,0.16,0.0,0.0,1027.0,8228.0,0.0,0.0,0.0,0.0,0.0,1.0,0.0,0.0,0.0,0.0,0.0,-0.9,0.0,-1.4,0.0,0.0,16.0,25903.0
2026-07-30T18:57:12.089Z,1.572,1.584,0.0,7.4,0.0,0.0,0.0,0.0,0.0,0.0,0.0,0.0,1.0,0.0,0.0,0.0,9.0,4.0,0.0,0.0,0.0,0.0,0.0,0.0,0.0,0.0,2.0,12.0,1.0,12.15,5.01,2.51,1.5,0.0,0.0,0.0,301.2,0.0,-0.8,-0.5,-1.8,95.8,0.0,0.0,264.2,0.0,21.200000000000003,3.0,3.0,4.5,300.0,300.0,28.1,20.200000000000003,20.4,20.4,20.4,4.96,1.99,4.96,0.16,0.0,0.0,1027.0,8228.0,0.0,0.0,0.0,0.0,0.0,1.0,0.0,0.0,0.0,0.0,0.0,1.6,0.0,1.8,0.0,0.0,16.0,25903.0
2026-07-30T18:57:12.101Z,1.584,1.596,0.0,7.4,0.0,0.0,0.0,0.0,0.0,0.0,0.0,0.0,1.0,0.0,0.0,0.0,9.0,4.0,0.0,0.0,0.0,0.0,0.0,0.0,0.0,0.0,3.0,12.0,1.0,12.15,5.01,2.51,1.5,0.0,0.1,0.0,301.1,0.0,-0.2,0.0,1.0,95.8,0.0,0.0,264.2,0.0,21.200000000000003,3.0,3.0,4.5,300.0,300.0,28.1,20.200000000000003,20.4,20.4,20.4,4.95,1.99,4.96,0.16,0.0,0.0,1027.0,8228.0,0.0,0.0,0.0,0.0,0.0,1.0,0.0,0.0,0.0,0.0,0.0,-0.9,0.0,-0.8,0.0,0.0,16.0,25903.0
2026-07-30T18:57:12.113Z,1.596,1.608,0.0,7.4,0.0,0.0,0.0,0.0,0.0,0.0,0.0,0.0,1.0,0.0,0.0,0.0,9.0,4.0,0.0,0.0,0.0,0.0,0.0,0.0,0.0,0.0,5.0,12.0,1.0,12.15,5.01,2.51,1.5,0.0,0.0,0.0,301.1,0.0,0.3,0.0,1.0,95.8,0.0,0.0,264.3,0.0,21.200000000000003,3.0,3.0,4.5,300.0,300.0,28.1,20.200000000000003,20.4,20.4,20.4,4.95,1.99,4.97,0.16,0.0,0.0,1027.0,8228.0,0.0,0.0,0.0,0.0,0.0,1.0,0.0,0.0,0.0,0.0,0.0,-0.9,0.0,-0.7000000000000001,0.0,0.0,16.0,25903.0
2026-07-30T18:57:12.125Z,1.608,1.62,0.0,7.4,0.0,0.0,0.0,0.0,0.0,0.0,0.0,0.0,1.0,0.0,0.0,0.0,9.0,4.0,0.0,0.0,0.0,0.0,0.0,0.0,0.0,0.0,6.0,12.0,1.0,12.15,5.01,2.51,1.5,0.0,0.0,0.0,301.2,0.0,0.3,0.6000000000000001,1.0,95.8,0.0,0.0,264.3,0.0,21.200000000000003,3.0,3.0,4.5,300.0,300.0,28.1,20.200000000000003,20.4,20.4,20.4,4.95,1.99,4.97,0.16,0.0,0.0,1027.0,8228.0,0.0,0.0,0.0,0.0,0.0,1.0,0.0,0.0,0.0,0.0,0.0,-0.8,0.0,-1.4,0.0,0.0,16.0,25903.0
2026-07-30T18:57:12.138Z,1.621,1.632,0.0,7.4,0.0,0.0,0.0,0.0,0.0,0.0,0.0,0.0,1.0,0.0,0.0,0.0,9.0,4.0,0.0,0.0,0.0,0.0,0.0,0.0,0.0,0.0,2.0,12.0,1.0,12.17,5.01,2.51,1.49,0.0,0.0,0.0,301.1,0.0,0.4,0.0,0.4,95.8,0.0,0.0,264.2,0.0,21.700000000000003,3.3000000000000003,3.3000000000000003,4.800000000000001,300.0,300.0,28.1,21.6,21.700000000000003,21.700000000000003,21.700000000000003,4.96,1.99,4.96,0.16,0.0,0.0,1027.0,8228.0,0.0,0.0,0.0,0.0,0.0,1.0,0.0,0.0,0.0,0.0,0.0,-0.3,0.0,-0.3,0.0,0.0,16.0,25903.0
2026-07-30T18:57:12.149Z,1.632,1.644,0.0,7.4,0.0,0.0,0.0,0.0,0.0,0.0,0.0,0.0,1.0,0.0,0.0,0.0,9.0,4.0,0.0,0.0,0.0,0.0,0.0,0.0,0.0,0.0,3.0,12.0,1.0,12.17,5.01,2.51,1.49,0.0,0.1,0.0,301.1,0.0,-0.7000000000000001,-1.0,-0.7000000000000001,95.8,0.0,0.0,264.2,0.0,21.700000000000003,3.3000000000000003,3.3000000000000003,4.800000000000001,300.0,300.0,28.1,21.6,21.700000000000003,21.700000000000003,21.700000000000003,4.95,1.99,4.97,0.16,0.0,0.0,1027.0,8228.0,0.0,0.0,0.0,0.0,0.0,1.0,0.0,0.0,0.0,0.0,0.0,0.5,0.0,1.7000000000000002,0.0,0.0,16.0,25903.0
2026-07-30T18:57:12.161Z,1.644,1.656,0.0,7.4,0.0,0.0,0.0,0.0,0.0,0.0,0.0,0.0,1.0,0.0,0.0,0.0,9.0,4.0,0.0,0.0,0.0,0.0,0.0,0.0,0.0,0.0,4.0,12.0,1.0,12.17,5.01,2.51,1.49,0.0,0.0,0.0,301.1,0.0,0.3,0.0,-0.1,95.8,0.0,0.0,264.2,0.0,21.700000000000003,3.3000000000000003,3.3000000000000003,4.800000000000001,300.0,300.0,28.1,21.6,21.700000000000003,21.700000000000003,21.700000000000003,4.95,1.99,4.96,0.16,0.0,0.0,1027.0,8228.0,0.0,0.0,0.0,0.0,0.0,1.0,0.0,0.0,0.0,0.0,0.0,0.1,0.0,0.0,0.0,0.0,16.0,25903.0
2026-07-30T18:57:12.173Z,1.656,1.668,0.0,7.4,0.0,0.0,0.0,0.0,0.0,0.0,0.0,0.0,1.0,0.0,0.0,0.0,9.0,4.0,0.0,0.0,0.0,0.0,0.0,0.0,0.0,0.0,5.0,12.0,1.0,12.17,5.01,2.51,1.49,0.0,0.0,0.0,301.1,0.0,0.3,-0.5,-0.2,95.8,0.0,0.0,264.3,0.0,21.700000000000003,3.3000000000000003,3.3000000000000003,4.800000000000001,300.0,300.0,28.1,21.6,21.700000000000003,21.700000000000003,21.700000000000003,4.96,1.99,4.96,0.16,0.0,0.0,1027.0,8228.0,0.0,0.0,0.0,0.0,0.0,1.0,0.0,0.0,0.0,0.0,0.0,0.1,0.0,0.7000000000000001,0.0,0.0,16.0,25903.0
2026-07-30T18:57:12.185Z,1.668,1.68,0.0,7.4,0.0,0.0,0.0,0.0,0.0,0.0,0.0,0.0,1.0,0.0,0.0,0.0,9.0,4.0,0.0,0.0,0.0,0.0,0.0,0.0,0.0,0.0,6.0,12.0,1.0,12.17,5.01,2.51,1.49,0.0,0.0,0.0,301.1,0.0,0.3,-0.5,0.3,95.8,0.0,0.0,264.2,0.0,21.700000000000003,3.3000000000000003,3.3000000000000003,4.800000000000001,300.0,300.0,28.1,21.6,21.700000000000003,21.700000000000003,21.700000000000003,4.96,1.99,4.96,0.16,0.0,0.0,1027.0,8228.0,0.0,0.0,0.0,0.0,0.0,1.0,0.0,0.0,0.0,0.0,0.0,-0.4,0.0,0.3,0.0,0.0,16.0,25903.0
2026-07-30T18:57:12.198Z,1.681,1.692,0.0,7.4,0.0,0.0,0.0,0.0,0.0,0.0,0.0,0.0,1.0,0.0,0.0,0.0,9.0,4.0,0.0,0.0,0.0,0.0,0.0,0.0,0.0,0.0,2.0,12.0,1.0,12.17,5.01,2.51,1.49,0.0,0.0,0.0,301.1,0.0,1.5,1.8,2.7,95.8,0.0,0.0,264.2,0.0,21.700000000000003,3.3000000000000003,3.3000000000000003,4.800000000000001,300.0,300.0,28.1,21.6,21.700000000000003,21.700000000000003,21.700000000000003,4.96,1.99,4.97,0.16,0.0,0.0,1027.0,8228.0,0.0,0.0,0.0,0.0,0.0,1.0,0.0,0.0,0.0,0.0,0.0,-2.3000000000000003,0.0,-3.9,0.0,0.0,16.0,25903.0
2026-07-30T18:57:12.209Z,1.692,1.704,0.0,7.4,0.0,0.0,0.0,0.0,0.0,0.0,0.0,0.0,1.0,0.0,0.0,0.0,9.0,4.0,0.0,0.0,0.0,0.0,0.0,0.0,0.0,0.0,2.0,12.0,1.0,12.17,5.01,2.51,1.49,0.0,0.0,0.0,301.1,0.0,-0.2,0.6000000000000001,-0.8,95.8,0.0,0.0,264.3,0.0,21.700000000000003,3.3000000000000003,3.3000000000000003,4.800000000000001,300.0,300.0,28.1,21.6,21.700000000000003,21.700000000000003,21.700000000000003,4.96,2.0,4.96,0.16,0.0,0.0,1027.0,8228.0,0.0,0.0,0.0,0.0,0.0,1.0,0.0,0.0,0.0,0.0,0.0,0.8,0.0,-0.1,0.0,0.0,16.0,25903.0
2026-07-30T18:57:12.221Z,1.704,1.716,0.0,7.4,0.0,0.0,0.0,0.0,0.0,0.0,0.0,0.0,1.0,0.0,0.0,0.0,9.0,4.0,0.0,0.0,0.0,0.0,0.0,0.0,0.0,0.0,3.0,12.0,1.0,12.17,5.01,2.51,1.49,0.0,0.0,0.0,301.2,0.0,-0.2,1.2000000000000002,-0.7000000000000001,95.8,0.0,0.0,264.2,0.0,21.700000000000003,3.3000000000000003,3.3000000000000003,4.800000000000001,300.0,300.0,28.1,21.6,21.700000000000003,21.700000000000003,21.700000000000003,4.95,1.99,4.96,0.16,0.0,0.0,1027.0,8228.0,0.0,0.0,0.0,0.0,0.0,1.0,0.0,0.0,0.0,0.0,0.0,0.8,0.0,-0.8,0.0,0.0,16.0,25903.0
2026-07-30T18:57:12.233Z,1.716,1.728,0.0,7.4,0.0,0.0,0.0,0.0,0.0,0.0,0.0,0.0,1.0,0.0,0.0,0.0,9.0,4.0,0.0,0.0,0.0,0.0,0.0,0.0,0.0,0.0,4.0,12.0,1.0,12.17,5.01,2.51,1.49,0.0,0.0,0.0,301.2,0.0,0.3,-0.5,-0.8,95.8,0.0,0.0,264.2,0.0,21.700000000000003,3.3000000000000003,3.3000000000000003,4.800000000000001,300.0,300.0,28.1,21.6,21.700000000000003,21.700000000000003,21.700000000000003,4.95,1.99,4.97,0.16,0.0,0.0,1027.0,8228.0,0.0,0.0,0.0,0.0,0.0,1.0,0.0,0.0,0.0,0.0,0.0,0.6000000000000001,0.0,1.1,0.0,0.0,16.0,25903.0
2026-07-30T18:57:12.245Z,1.728,1.74,0.0,7.4,0.0,0.0,0.0,0.0,0.0,0.0,0.0,0.0,1.0,0.0,0.0,0.0,9.0,4.0,0.0,0.0,0.0,0.0,0.0,0.0,0.0,0.0,5.0,12.0,1.0,12.15,5.01,2.5,1.5,0.0,0.0,0.0,301.1,0.0,-0.2,-1.0,-0.2,95.8,0.0,0.0,264.2,0.0,20.8,3.5,3.5,5.0,300.0,300.0,28.3,22.9,23.1,23.1,23.1,4.96,1.99,4.96,0.16,0.0,0.0,1027.0,8228.0,0.0,0.0,0.0,0.0,0.0,1.0,0.0,0.0,0.0,0.0,0.0,0.0,0.0,1.3,0.0,0.0,16.0,25903.0
2026-07-30T18:57:12.257Z,1.74,1.752,0.0,7.4,0.0,0.0,0.0,0.0,0.0,0.0,0.0,0.0,1.0,0.0,0.0,0.0,9.0,4.0,0.0,0.0,0.0,0.0,0.0,0.0,0.0,0.0,6.0,12.0,1.0,12.15,5.01,2.5,1.5,0.0,0.0,0.0,301.1,0.0,-0.2,0.6000000000000001,0.9,95.8,0.0,0.0,264.2,0.0,20.8,3.5,3.5,5.0,300.0,300.0,28.3,22.9,23.1,23.1,23.1,4.96,1.99,4.96,0.16,0.0,0.0,1027.0,8228.0,0.0,0.0,0.0,0.0,0.0,1.0,0.0,0.0,0.0,0.0,0.0,-0.8,0.0,-1.4,0.0,0.0,16.0,25903.0
2026-07-30T18:57:12.269Z,1.752,1.764,0.0,7.4,0.0,0.0,0.0,0.0,0.0,0.0,0.0,0.0,1.0,0.0,0.0,0.0,9.0,4.0,0.0,0.0,0.0,0.0,0.0,0.0,0.0,0.0,2.0,12.0,1.0,12.15,5.01,2.5,1.5,0.0,0.0,0.0,301.1,0.0,0.3,0.0,-0.7000000000000001,95.8,0.0,0.0,264.2,0.0,20.8,3.5,3.5,5.0,300.0,300.0,28.3,22.9,23.1,23.1,23.1,4.96,1.99,4.96,0.16,0.0,0.0,1027.0,8228.0,0.0,0.0,0.0,0.0,0.0,1.0,0.0,0.0,0.0,0.0,0.0,0.7000000000000001,0.0,0.4,0.0,0.0,16.0,25903.0
2026-07-30T18:57:12.281Z,1.764,1.776,0.0,7.4,0.0,0.0,0.0,0.0,0.0,0.0,0.0,0.0,1.0,0.0,0.0,0.0,9.0,4.0,0.0,0.0,0.0,0.0,0.0,0.0,0.0,0.0,3.0,12.0,1.0,12.15,5.01,2.5,1.5,0.0,0.0,0.0,301.1,0.0,-0.2,0.6000000000000001,3.3000000000000003,95.8,0.0,0.0,264.2,0.0,20.8,3.5,3.5,5.0,300.0,300.0,28.3,22.9,23.1,23.1,23.1,4.96,1.99,4.97,0.16,0.0,0.0,1027.0,8228.0,0.0,0.0,0.0,0.0,0.0,1.0,0.0,0.0,0.0,0.0,0.0,-3.0,0.0,-2.9000000000000004,0.0,0.0,16.0,25903.0
2026-07-30T18:57:12.293Z,1.776,1.788,0.0,7.4,0.0,0.0,0.0,0.0,0.0,0.0,0.0,0.0,1.0,0.0,0.0,0.0,9.0,4.0,0.0,0.0,0.0,0.0,0.0,0.0,0.0,0.0,4.0,12.0,1.0,12.15,5.01,2.5,1.5,0.0,0.0,0.0,301.2,0.0,-0.2,-0.5,-1.3,95.8,0.0,0.0,264.2,0.0,20.8,3.5,3.5,5.0,300.0,300.0,28.3,22.9,23.1,23.1,23.1,4.96,1.99,4.96,0.16,0.0,0.0,1027.0,8228.0,0.0,0.0,0.0,0.0,0.0,1.0,0.0,0.0,0.0,0.0,0.0,1.2000000000000002,0.0,1.5,0.0,0.0,16.0,25903.0
2026-07-30T18:57:12.305Z,1.788,1.8,0.0,7.4,0.0,0.0,0.0,0.0,0.0,0.0,0.0,0.0,1.0,0.0,0.0,0.0,9.0,4.0,0.0,0.0,0.0,0.0,0.0,0.0,0.0,0.0,4.0,12.0,1.0,12.15,5.01,2.5,1.5,0.0,0.0,0.0,301.1,0.0,0.8,0.6000000000000001,0.4,95.8,0.0,0.0,264.2,0.0,20.8,3.5,3.5,5.0,300.0,300.0,28.3,22.9,23.1,23.1,23.1,4.96,1.99,4.96,0.16,0.0,0.0,1027.0,8228.0,0.0,0.0,0.0,0.0,0.0,1.0,0.0,0.0,0.0,0.0,0.0,-0.3,0.0,-1.0,0.0,0.0,16.0,25903.0
2026-07-30T18:57:12.317Z,1.8,1.812,0.0,7.4,0.0,0.0,0.0,0.0,0.0,0.0,0.0,0.0,1.0,0.0,0.0,0.0,9.0,4.0,0.0,0.0,0.0,0.0,0.0,0.0,0.0,0.0,6.0,12.0,1.0,12.15,5.01,2.5,1.5,0.0,0.1,0.0,301.1,0.0,-0.2,1.2000000000000002,2.2,95.8,0.0,0.0,264.3,0.0,20.8,3.5,3.5,5.0,300.0,300.0,28.3,22.9,23.1,23.1,23.1,4.95,1.98,4.96,0.16,0.0,0.0,1027.0,8228.0,0.0,0.0,0.0,0.0,0.0,1.0,0.0,0.0,0.0,0.0,0.0,-1.9,0.0,-2.9000000000000004,0.0,0.0,16.0,25903.0
2026-07-30T18:57:12.329Z,1.812,1.824,0.0,7.4,0.0,0.0,0.0,0.0,0.0,0.0,0.0,0.0,1.0,0.0,0.0,0.0,9.0,4.0,0.0,0.0,0.0,0.0,0.0,0.0,0.0,0.0,1.0,12.0,1.0,12.15,5.01,2.5,1.5,0.0,0.0,0.0,301.1,0.0,-0.2,-0.5,-0.6000000000000001,95.8,0.0,0.0,264.2,0.0,20.8,3.5,3.5,5.0,300.0,300.0,28.3,22.9,23.1,23.1,23.1,4.95,1.98,4.96,0.16,0.0,0.0,1027.0,8228.0,0.0,0.0,0.0,0.0,0.0,1.0,0.0,0.0,0.0,0.0,0.0,0.5,0.0,1.0,0.0,0.0,16.0,25903.0
2026-07-30T18:57:12.342Z,1.825,1.836,0.0,7.4,0.0,0.0,0.0,0.0,0.0,0.0,0.0,0.0,1.0,0.0,0.0,0.0,9.0,4.0,0.0,0.0,0.0,0.0,0.0,0.0,0.0,0.0,2.0,12.0,1.0,12.15,5.01,2.51,1.49,0.0,0.0,0.0,301.1,0.0,0.9,0.6000000000000001,0.4,95.8,0.0,0.0,264.2,0.0,21.700000000000003,3.8,3.8,5.300000000000001,300.0,300.0,28.4,24.3,24.4,24.4,24.4,4.95,1.99,4.96,0.16,0.0,0.0,1027.0,8228.0,0.0,0.0,0.0,0.0,0.0,1.0,0.0,0.0,0.0,0.0,0.0,-0.3,0.0,-1.0,0.0,0.0,16.0,25903.0
2026-07-30T18:57:12.353Z,1.836,1.848,0.0,7.4,0.0,0.0,0.0,0.0,0.0,0.0,0.0,0.0,1.0,0.0,0.0,0.0,9.0,4.0,0.0,0.0,0.0,0.0,0.0,0.0,0.0,0.0,3.0,12.0,1.0,12.15,5.01,2.51,1.49,0.0,0.0,0.0,301.2,0.0,-0.8,0.0,-0.7000000000000001,95.8,0.0,0.0,264.2,0.0,21.700000000000003,3.8,3.8,5.300000000000001,300.0,300.0,28.4,24.3,24.4,24.4,24.4,4.95,1.99,4.97,0.16,0.0,0.0,1027.0,8228.0,0.0,0.0,0.0,0.0,0.0,1.0,0.0,0.0,0.0,0.0,0.0,0.6000000000000001,0.0,0.3,0.0,0.0,16.0,25903.0
2026-07-30T18:57:12.365Z,1.848,1.86,0.0,7.4,0.0,0.0,0.0,0.0,0.0,0.0,0.0,0.0,1.0,0.0,0.0,0.0,9.0,4.0,0.0,0.0,0.0,0.0,0.0,0.0,0.0,0.0,5.0,12.0,1.0,12.15,5.01,2.51,1.49,0.0,0.0,0.0,301.2,0.0,0.3,0.0,-0.6000000000000001,95.8,0.0,0.0,264.2,0.0,21.700000000000003,3.8,3.8,5.300000000000001,300.0,300.0,28.4,24.3,24.4,24.4,24.4,4.95,1.99,4.97,0.16,0.0,0.0,1027.0,8228.0,0.0,0.0,0.0,0.0,0.0,1.0,0.0,0.0,0.0,0.0,0.0,0.6000000000000001,0.0,0.3,0.0,0.0,16.0,25903.0
2026-07-30T18:57:12.377Z,1.86,1.872,0.0,7.4,0.0,0.0,0.0,0.0,0.0,0.0,0.0,0.0,1.0,0.0,0.0,0.0,9.0,4.0,0.0,0.0,0.0,0.0,0.0,0.0,0.0,0.0,6.0,12.0,1.0,12.15,5.01,2.51,1.49,0.0,0.0,0.0,301.2,0.0,0.3,1.3,0.5,95.8,0.0,0.0,264.2,0.0,21.700000000000003,3.8,3.8,5.300000000000001,300.0,300.0,28.4,24.3,24.4,24.4,24.4,4.96,1.99,4.96,0.16,0.0,0.0,1027.0,8228.0,0.0,0.0,0.0,0.0,0.0,1.0,0.0,0.0,0.0,0.0,0.0,-0.3,0.0,-1.8,0.0,0.0,16.0,25903.0
2026-07-30T18:57:12.389Z,1.872,1.884,0.0,7.4,0.0,0.0,0.0,0.0,0.0,0.0,0.0,0.0,1.0,0.0,0.0,0.0,9.0,4.0,0.0,0.0,0.0,0.0,0.0,0.0,0.0,0.0,2.0,12.0,1.0,12.15,5.01,2.51,1.49,0.0,0.0,0.0,301.1,0.0,-0.1,-0.4,0.0,95.8,0.0,0.0,264.2,0.0,21.700000000000003,3.8,3.8,5.300000000000001,300.0,300.0,28.4,24.3,24.4,24.4,24.4,4.95,1.99,4.96,0.16,0.0,0.0,1027.0,8228.0,0.0,0.0,0.0,0.0,0.0,1.0,0.0,0.0,0.0,0.0,0.0,0.0,0.0,0.5,0.0,0.0,16.0,25903.0
2026-07-30T18:57:12.401Z,1.884,1.896,0.0,7.4,0.0,0.0,0.0,0.0,0.0,0.0,0.0,0.0,1.0,0.0,0.0,0.0,9.0,4.0,0.0,0.0,0.0,0.0,0.0,0.0,0.0,0.0,3.0,12.0,1.0,12.15,5.01,2.51,1.49,0.0,0.0,0.0,301.1,0.0,-0.1,0.1,0.5,95.8,0.0,0.0,264.2,0.0,21.700000000000003,3.8,3.8,5.300000000000001,300.0,300.0,28.4,24.3,24.4,24.4,24.4,4.95,1.99,4.96,0.16,0.0,0.0,1027.0,8228.0,0.0,0.0,0.0,0.0,0.0,1.0,0.0,0.0,0.0,0.0,0.0,-0.4,0.0,-0.5,0.0,0.0,16.0,25903.0
2026-07-30T18:57:12.413Z,1.896,1.908,0.0,7.4,0.0,0.0,0.0,0.0,0.0,0.0,0.0,0.0,1.0,0.0,0.0,0.0,9.0,4.0,0.0,0.0,0.0,0.0,0.0,0.0,0.0,0.0,4.0,12.0,1.0,12.15,5.01,2.51,1.49,0.0,0.0,0.0,301.1,0.0,-0.2,0.7000000000000001,-0.6000000000000001,95.8,0.0,0.0,264.2,0.0,21.700000000000003,3.8,3.8,5.300000000000001,300.0,300.0,28.4,24.3,24.4,24.4,24.4,4.96,1.99,4.96,0.16,0.0,0.0,1027.0,8228.0,0.0,0.0,0.0,0.0,0.0,1.0,0.0,0.0,0.0,0.0,0.0,0.6000000000000001,0.0,-0.4,0.0,0.0,16.0,25903.0
2026-07-30T18:57:12.425Z,1.908,1.92,-0.1,7.4,0.0,0.0,0.0,0.0,0.0,0.0,0.0,0.0,1.0,0.0,0.0,0.0,9.0,4.0,0.0,0.0,0.0,0.0,0.0,0.0,0.0,0.0,6.0,12.0,1.0,12.15,5.01,2.51,1.49,0.0,0.1,0.0,301.1,0.0,-0.1,0.7000000000000001,0.0,95.8,0.0,0.0,264.2,0.0,21.700000000000003,3.8,3.8,5.300000000000001,300.0,300.0,28.4,24.3,24.4,24.4,24.4,4.95,1.99,4.96,0.16,0.0,0.0,1027.0,8228.0,0.0,0.0,0.0,0.0,0.0,1.0,0.0,0.0,0.0,0.0,0.0,0.0,0.0,-0.9,0.0,0.0,16.0,25903.0
2026-07-30T18:57:12.437Z,1.92,1.932,-0.1,7.4,0.0,0.0,0.0,0.0,0.0,0.0,0.0,0.0,1.0,0.0,0.0,0.0,9.0,4.0,0.0,0.0,0.0,0.0,0.0,0.0,0.0,0.0,1.0,12.0,1.0,12.15,5.01,2.51,1.49,0.0,0.0,0.0,301.1,0.0,0.3,0.2,1.1,95.8,0.0,0.0,264.2,0.0,21.700000000000003,3.8,3.8,5.300000000000001,300.0,300.0,28.4,24.3,24.4,24.4,24.4,4.95,1.99,4.97,0.16,0.0,0.0,1027.0,8228.0,0.0,0.0,0.0,0.0,0.0,1.0,0.0,0.0,0.0,0.0,0.0,-1.0,0.0,-1.0,0.0,0.0,16.0,25903.0
2026-07-30T18:57:12.450Z,1.933,1.944,-0.1,7.4,0.0,0.0,0.0,0.0,0.0,0.0,0.0,0.0,1.0,0.0,0.0,0.0,9.0,4.0,0.0,0.0,0.0,0.0,0.0,0.0,0.0,0.0,2.0,12.0,1.0,12.14,5.0200000000000005,2.51,1.49,0.0,0.0,0.0,301.1,0.0,-0.2,0.2,-1.1,95.8,0.0,0.0,264.2,0.0,21.3,4.0,4.0,5.5,300.0,300.0,28.4,25.6,25.8,25.700000000000003,25.8,4.95,1.99,4.96,0.16,0.0,0.0,1027.0,8228.0,0.0,0.0,0.0,0.0,0.0,1.0,0.0,0.0,0.0,0.0,0.0,1.1,0.0,0.5,0.0,0.0,16.0,25903.0
2026-07-30T18:57:12.461Z,1.944,1.956,-0.1,7.4,0.0,0.0,0.0,0.0,0.0,0.0,0.0,0.0,1.0,0.0,0.0,0.0,9.0,4.0,0.0,0.0,0.0,0.0,0.0,0.0,0.0,0.0,3.0,12.0,1.0,12.14,5.0200000000000005,2.51,1.49,0.0,0.0,0.0,301.1,0.0,-1.3,0.1,-1.1,95.8,0.0,0.0,264.3,0.0,21.3,4.0,4.0,5.5,300.0,300.0,28.4,25.6,25.8,25.700000000000003,25.8,4.96,1.99,4.96,0.16,0.0,0.0,1027.0,8228.0,0.0,0.0,0.0,0.0,0.0,1.0,0.0,0.0,0.0,0.0,0.0,-0.9,0.0,-2.3000000000000003,0.0,0.0,16.0,25903.0
2026-07-30T18:57:12.473Z,1.956,1.968,-0.1,7.4,0.0,0.0,0.0,0.0,0.0,0.0,0.0,0.0,1.0,0.0,0.0,0.0,9.0,4.0,0.0,0.0,0.0,0.0,0.0,0.0,0.0,0.0,4.0,12.0,1.0,12.14,5.0200000000000005,2.51,1.49,0.0,0.0,0.0,301.1,0.0,-0.2,-0.3,-1.1,95.8,0.0,0.0,264.2,0.0,21.3,4.0,4.0,5.5,300.0,300.0,28.4,25.6,25.8,25.700000000000003,25.8,4.95,1.99,4.97,0.16,0.0,0.0,1027.0,8228.0,0.0,0.0,0.0,0.0,0.0,1.0,0.0,0.0,0.0,0.0,0.0,1.0,0.0,1.2000000000000002,0.0,0.0,16.0,25903.0
2026-07-30T18:57:12.485Z,1.968,1.98,-0.1,7.4,0.0,0.0,0.0,0.0,0.0,0.0,0.0,0.0,1.0,0.0,0.0,0.0,9.0,4.0,0.0,0.0,0.0,0.0,0.0,0.0,0.0,0.0,5.0,12.0,1.0,12.14,5.0200000000000005,2.51,1.49,0.0,0.0,0.0,301.1,0.0,-0.2,-0.4,-1.1,95.8,0.0,0.0,264.40000000000003,0.0,21.3,4.0,4.0,5.5,300.0,300.0,28.4,25.6,25.8,25.700000000000003,25.8,4.95,1.99,4.96,0.16,0.0,0.0,1027.0,8228.0,0.0,0.0,0.0,0.0,0.0,1.0,0.0,0.0,0.0,0.0,0.0,1.0,0.0,1.2000000000000002,0.0,0.0,16.0,25903.0
2026-07-30T18:57:12.497Z,1.98,1.992,-0.1,7.4,0.0,0.0,0.0,0.0,0.0,0.0,0.0,0.0,1.0,0.0,0.0,0.0,9.0,4.0,0.0,0.0,0.0,0.0,0.0,0.0,0.0,0.0,6.0,12.0,1.0,12.14,5.0200000000000005,2.51,1.49,0.0,0.0,0.0,301.1,0.0,-0.2,-0.4,0.0,95.8,0.0,0.0,264.2,0.0,21.3,4.0,4.0,5.5,300.0,300.0,28.4,25.6,25.8,25.700000000000003,25.8,4.95,1.99,4.96,0.16,0.0,0.0,1027.0,8228.0,0.0,0.0,0.0,0.0,0.0,1.0,0.0,0.0,0.0,0.0,0.0,0.0,0.0,0.5,0.0,0.0,16.0,25903.0
2026-07-30T18:57:12.509Z,1.992,2.004,0.0,7.4,0.0,0.0,0.0,0.0,0.0,0.0,0.0,0.0,1.0,0.0,0.0,0.0,9.0,4.0,0.0,0.0,0.0,0.0,0.0,0.0,0.0,0.0,1.0,12.0,1.0,12.14,5.0200000000000005,2.51,1.49,0.0,0.0,0.0,301.1,0.0,-0.3,0.6000000000000001,0.5,95.8,0.0,0.0,264.2,0.0,21.3,4.0,4.0,5.5,300.0,300.0,28.4,25.6,25.8,25.700000000000003,25.8,4.96,1.99,4.96,0.16,0.0,0.0,1027.0,8228.0,0.0,0.0,0.0,0.0,0.0,1.0,0.0,0.0,0.0,0.0,0.0,0.1,0.0,-0.7000000000000001,0.0,0.0,16.0,25903.0
2026-07-30T18:57:12.521Z,2.004,2.016,0.0,7.4,0.0,0.0,0.0,0.0,0.0,0.0,0.0,0.0,1.0,0.0,0.0,0.0,9.0,4.0,0.0,0.0,0.0,0.0,0.0,0.0,0.0,0.0,2.0,12.0,1.0,12.14,5.0200000000000005,2.51,1.49,0.0,0.0,0.0,301.1,0.0,0.2,-0.5,-0.7000000000000001,95.8,0.0,0.0,264.2,0.0,21.3,4.0,4.0,5.5,300.0,300.0,28.4,25.6,25.8,25.700000000000003,25.8,4.95,1.99,4.97,0.16,0.0,0.0,1027.0,8228.0,0.0,0.0,0.0,0.0,0.0,1.0,0.0,0.0,0.0,0.0,0.0,-0.4,0.0,0.3,0.0,0.0,16.0,25903.0
2026-07-30T18:57:12.533Z,2.016,2.028,0.0,7.4,0.0,0.0,0.0,0.0,0.0,0.0,0.0,0.0,1.0,0.0,0.0,0.0,9.0,4.0,0.0,0.0,0.0,0.0,0.0,0.0,0.0,0.0,3.0,12.0,1.0,12.14,5.0200000000000005,2.51,1.49,0.0,0.1,0.0,301.1,0.0,0.2,-1.1,-1.3,95.8,0.0,0.0,264.2,0.0,21.3,4.0,4.0,5.5,300.0,300.0,28.4,25.6,25.8,25.700000000000003,25.8,4.96,1.99,4.96,0.16,0.0,0.0,1027.0,8228.0,0.0,0.0,0.0,0.0,0.0,1.0,0.0,0.0,0.0,0.0,0.0,-0.9,0.0,-0.7000000000000001,0.0,0.0,16.0,25903.0
2026-07-30T18:57:12.546Z,2.029,2.04,0.0,7.4,0.0,0.0,0.0,0.0,0.0,0.0,0.0,0.0,1.0,0.0,0.0,0.0,9.0,4.0,0.0,0.0,0.0,0.0,0.0,0.0,0.0,0.0,5.0,12.0,1.0,12.13,5.01,2.5,1.49,0.0,0.0,0.0,301.1,0.0,0.2,0.0,0.9,95.8,0.0,0.0,264.2,0.0,21.4,4.3,4.3,5.800000000000001,300.0,300.0,28.4,27.0,26.9,26.5,27.200000000000003,4.96,1.99,4.97,0.15,0.0,0.0,1027.0,8228.0,0.0,0.0,0.0,0.0,0.0,1.0,0.0,0.0,0.0,0.0,0.0,-0.8,0.0,-0.6000000000000001,0.0,0.0,16.0,25903.0
2026-07-30T18:57:12.557Z,2.04,2.052,0.0,7.4,0.0,0.0,0.0,0.0,0.0,0.0,0.0,0.0,1.0,0.0,0.0,0.0,9.0,4.0,0.0,0.0,0.0,0.0,0.0,0.0,0.0,0.0,6.0,12.0,1.0,12.13,5.01,2.5,1.49,0.0,0.0,0.0,301.1,0.0,-0.2,0.0,-0.8,95.8,0.0,0.0,264.2,0.0,21.4,4.3,4.3,5.800000000000001,300.0,300.0,28.4,27.0,26.9,26.5,27.200000000000003,4.95,1.99,4.97,0.16,0.0,0.0,1027.0,8228.0,0.0,0.0,0.0,0.0,0.0,1.0,0.0,0.0,0.0,0.0,0.0,0.7000000000000001,0.0,0.4,0.0,0.0,16.0,25903.0
2026-07-30T18:57:12.569Z,2.052,2.064,0.0,7.4,0.0,0.0,0.0,0.0,0.0,0.0,0.0,0.0,1.0,0.0,0.0,0.0,9.0,4.0,0.0,0.0,0.0,0.0,0.0,0.0,0.0,0.0,1.0,12.0,1.0,12.13,5.01,2.5,1.49,0.0,0.0,0.0,301.1,0.0,-0.2,0.6000000000000001,0.3,95.8,0.0,0.0,264.2,0.0,21.4,4.3,4.3,5.800000000000001,300.0,300.0,28.4,27.0,26.9,26.5,27.200000000000003,4.96,1.99,4.96,0.16,0.0,0.0,1027.0,8228.0,0.0,0.0,0.0,0.0,0.0,1.0,0.0,0.0,0.0,0.0,0.0,-0.2,0.0,-1.0,0.0,0.0,16.0,25903.0
2026-07-30T18:57:12.581Z,2.064,2.076,0.0,7.4,0.0,0.0,0.0,0.0,0.0,0.0,0.0,0.0,1.0,0.0,0.0,0.0,9.0,4.0,0.0,0.0,0.0,0.0,0.0,0.0,0.0,0.0,2.0,12.0,1.0,12.13,5.01,2.5,1.49,0.0,0.0,0.0,301.2,0.0,0.8,-0.5,0.3,95.8,0.0,0.0,264.2,0.0,21.4,4.3,4.3,5.800000000000001,300.0,300.0,28.4,27.0,26.9,26.5,27.200000000000003,4.95,1.99,4.96,0.16,0.0,0.0,1027.0,8228.0,0.0,0.0,0.0,0.0,0.0,1.0,0.0,0.0,0.0,0.0,0.0,-0.4,0.0,0.3,0.0,0.0,16.0,25903.0
2026-07-30T18:57:12.593Z,2.076,2.088,0.0,7.4,0.0,0.0,0.0,0.0,0.0,0.0,0.0,0.0,1.0,0.0,0.0,0.0,9.0,4.0,0.0,0.0,0.0,0.0,0.0,0.0,0.0,0.0,3.0,12.0,1.0,12.13,5.01,2.5,1.49,0.0,0.0,0.0,301.1,0.0,0.3,1.8,0.8,95.8,0.0,0.0,264.2,0.0,21.4,4.3,4.3,5.800000000000001,300.0,300.0,28.4,27.0,26.9,26.5,27.200000000000003,4.95,1.99,4.97,0.16,0.0,0.0,1027.0,8228.0,0.0,0.0,0.0,0.0,0.0,1.0,0.0,0.0,0.0,0.0,0.0,-0.6000000000000001,0.0,-2.7,0.0,0.0,16.0,25903.0
2026-07-30T18:57:12.605Z,2.088,2.1,0.0,7.4,0.0,0.0,0.0,0.0,0.0,0.0,0.0,0.0,1.0,0.0,0.0,0.0,9.0,4.0,0.0,0.0,0.0,0.0,0.0,0.0,0.0,0.0,4.0,12.0,1.0,12.13,5.01,2.5,1.49,0.0,0.0,0.0,301.1,0.0,-0.2,0.1,0.3,95.8,0.0,0.0,264.2,0.0,21.4,4.3,4.3,5.800000000000001,300.0,300.0,28.4,27.0,26.9,26.5,27.200000000000003,4.95,1.99,4.97,0.16,0.0,0.0,1027.0,8228.0,0.0,0.0,0.0,0.0,0.0,1.0,0.0,0.0,0.0,0.0,0.0,-0.3,0.0,-0.3,0.0,0.0,16.0,25903.0
2026-07-30T18:57:12.617Z,2.1,2.112,0.0,7.4,0.0,0.0,0.0,0.0,0.0,0.0,0.0,0.0,1.0,0.0,0.0,0.0,9.0,4.0,0.0,0.0,0.0,0.0,0.0,0.0,0.0,0.0,4.0,12.0,1.0,12.13,5.01,2.5,1.49,0.0,0.1,0.0,301.1,0.0,0.2,0.1,-0.2,95.8,0.0,0.0,264.2,0.0,21.4,4.3,4.3,5.800000000000001,300.0,300.0,28.4,27.0,26.9,26.5,27.200000000000003,4.95,1.99,4.96,0.16,0.0,0.0,1027.0,8228.0,0.0,0.0,0.0,0.0,0.0,1.0,0.0,0.0,0.0,0.0,0.0,0.2,0.0,0.0,0.0,0.0,16.0,25903.0
2026-07-30T18:57:12.629Z,2.112,2.124,0.0,7.4,0.0,0.0,0.0,0.0,0.0,0.0,0.0,0.0,1.0,0.0,0.0,0.0,9.0,4.0,0.0,0.0,0.0,0.0,0.0,0.0,0.0,0.0,5.0,12.0,1.0,12.13,5.01,2.5,1.49,0.0,0.0,0.0,301.2,0.0,0.2,0.7000000000000001,-0.2,95.8,0.0,0.0,264.3,0.0,21.4,4.3,4.3,5.800000000000001,300.0,300.0,28.4,27.0,26.9,26.5,27.200000000000003,4.96,1.99,4.97,0.16,0.0,0.0,1027.0,8228.0,0.0,0.0,0.0,0.0,0.0,1.0,0.0,0.0,0.0,0.0,0.0,0.3,0.0,-0.6000000000000001,0.0,0.0,16.0,25903.0
2026-07-30T18:57:12.641Z,2.124,2.136,0.0,7.4,0.0,0.0,0.0,0.0,0.0,0.0,0.0,0.0,1.0,0.0,0.0,0.0,9.0,4.0,0.0,0.0,0.0,0.0,0.0,0.0,0.0,0.0,6.0,12.0,1.0,12.13,5.01,2.5,1.49,0.0,0.1,0.0,301.1,0.0,0.2,-0.4,-1.4,95.8,0.0,0.0,264.2,0.0,21.4,4.3,4.3,5.800000000000001,300.0,300.0,28.4,27.0,26.9,26.5,27.200000000000003,4.96,1.99,4.96,0.16,0.0,0.0,1027.0,8228.0,0.0,0.0,0.0,0.0,0.0,1.0,0.0,0.0,0.0,0.0,0.0,1.3,0.0,1.4,0.0,0.0,16.0,25903.0
2026-07-30T18:57:12.653Z,2.136,2.148,0.0,7.4,0.0,0.0,0.0,0.0,0.0,0.0,0.0,0.0,1.0,0.0,0.0,0.0,9.0,4.0,0.0,0.0,0.0,0.0,0.0,0.0,0.0,0.0,1.0,12.0,1.0,12.15,5.0200000000000005,2.51,1.49,0.0,0.0,0.0,301.1,0.0,-0.2,0.7000000000000001,0.9,95.8,0.0,0.0,264.2,0.0,21.700000000000003,4.6000000000000005,4.6000000000000005,6.1000000000000005,300.0,300.0,28.4,28.4,27.5,26.8,28.1,4.95,1.99,4.96,0.16,0.0,0.0,1027.0,8228.0,0.0,0.0,0.0,0.0,0.0,1.0,0.0,0.0,0.0,0.0,0.0,-0.8,0.0,-1.5,0.0,0.0,16.0,25903.0
2026-07-30T18:57:12.665Z,2.148,2.16,0.0,7.4,0.0,0.0,0.0,0.0,0.0,0.0,0.0,0.0,1.0,0.0,0.0,0.0,9.0,4.0,0.0,0.0,0.0,0.0,0.0,0.0,0.0,0.0,2.0,12.0,1.0,12.15,5.0200000000000005,2.51,1.49,0.0,0.0,0.0,301.2,0.0,-0.8,-0.3,-0.1,95.8,0.0,0.0,264.2,0.0,21.700000000000003,4.6000000000000005,4.6000000000000005,6.1000000000000005,300.0,300.0,28.4,28.4,27.5,26.8,28.1,4.95,1.99,4.97,0.16,0.0,0.0,1027.0,8228.0,0.0,0.0,0.0,0.0,0.0,1.0,0.0,0.0,0.0,0.0,0.0,0.1,0.0,0.5,0.0,0.0,16.0,25903.0
2026-07-30T18:57:12.677Z,2.16,2.172,0.0,7.4,0.0,0.0,0.0,0.0,0.0,0.0,0.0,0.0,1.0,0.0,0.0,0.0,9.0,4.0,0.0,0.0,0.0,0.0,0.0,0.0,0.0,0.0,3.0,12.0,1.0,12.15,5.0200000000000005,2.51,1.49,0.0,0.0,0.0,301.1,0.0,0.3,-0.4,0.4,95.8,0.0,0.0,264.2,0.0,21.700000000000003,4.6000000000000005,4.6000000000000005,6.1000000000000005,300.0,300.0,28.4,28.4,27.5,26.8,28.1,4.95,1.99,4.97,0.16,0.0,0.0,1027.0,8228.0,0.0,0.0,0.0,0.0,0.0,1.0,0.0,0.0,0.0,0.0,0.0,-0.4,0.0,0.1,0.0,0.0,16.0,25903.0
2026-07-30T18:57:12.690Z,2.173,2.184,0.0,7.4,0.0,0.0,0.0,0.0,0.0,0.0,0.0,0.0,1.0,0.0,0.0,0.0,9.0,4.0,0.0,0.0,0.0,0.0,0.0,0.0,0.0,0.0,4.0,12.0,1.0,12.15,5.0200000000000005,2.51,1.49,0.0,0.0,0.0,301.1,0.0,-0.2,1.9,1.5,95.8,0.0,0.0,264.2,0.0,21.700000000000003,4.6000000000000005,4.6000000000000005,6.1000000000000005,300.0,300.0,28.4,28.4,27.5,26.8,28.1,4.95,1.99,4.96,0.16,0.0,0.0,1027.0,8228.0,0.0,0.0,0.0,0.0,0.0,1.0,0.0,0.0,0.0,0.0,0.0,-1.2000000000000002,0.0,-3.2,0.0,0.0,16.0,25903.0
2026-07-30T18:57:12.701Z,2.184,2.196,0.0,7.4,0.0,0.0,0.0,0.0,0.0,0.0,0.0,0.0,1.0,0.0,0.0,0.0,9.0,4.0,0.0,0.0,0.0,0.0,0.0,0.0,0.0,0.0,5.0,12.0,1.0,12.15,5.0200000000000005,2.51,1.49,0.0,0.0,0.0,301.1,0.0,-0.8,0.1,-0.7000000000000001,95.8,0.0,0.0,264.3,0.0,21.700000000000003,4.6000000000000005,4.6000000000000005,6.1000000000000005,300.0,300.0,28.4,28.4,27.5,26.8,28.1,4.96,1.99,4.96,0.16,0.0,0.0,1027.0,8228.0,0.0,0.0,0.0,0.0,0.0,1.0,0.0,0.0,0.0,0.0,0.0,0.7000000000000001,0.0,0.3,0.0,0.0,16.0,25903.0
2026-07-30T18:57:12.713Z,2.196,2.208,0.0,7.4,0.0,0.0,0.0,0.0,0.0,0.0,0.0,0.0,1.0,0.0,0.0,0.0,9.0,4.0,0.0,0.0,0.0,0.0,0.0,0.0,0.0,0.0,6.0,12.0,1.0,12.15,5.0200000000000005,2.51,1.49,0.0,0.0,0.0,301.2,0.0,0.9,0.7000000000000001,1.5,95.8,0.0,0.0,264.3,0.0,21.700000000000003,4.6000000000000005,4.6000000000000005,6.1000000000000005,300.0,300.0,28.4,28.4,27.5,26.8,28.1,4.95,1.99,4.97,0.16,0.0,0.0,1027.0,8228.0,0.0,0.0,0.0,0.0,0.0,1.0,0.0,0.0,0.0,0.0,0.0,-1.4,0.0,-1.9,0.0,0.0,16.0,25903.0
2026-07-30T18:57:12.725Z,2.208,2.22,0.0,7.4,0.0,0.0,0.0,0.0,0.0,0.0,0.0,0.0,1.0,0.0,0.0,0.0,9.0,4.0,0.0,0.0,0.0,0.0,0.0,0.0,0.0,0.0,2.0,12.0,1.0,12.15,5.0200000000000005,2.51,1.49,0.0,0.0,0.0,301.1,0.0,-0.1,0.1,1.5,95.8,0.0,0.0,264.2,0.0,21.700000000000003,4.6000000000000005,4.6000000000000005,6.1000000000000005,300.0,300.0,28.4,28.4,27.5,26.8,28.1,4.96,2.0,4.96,0.16,0.0,0.0,1027.0,8228.0,0.0,0.0,0.0,0.0,0.0,1.0,0.0,0.0,0.0,0.0,0.0,-1.4,0.0,-1.2000000000000002,0.0,0.0,16.0,25903.0
2026-07-30T18:57:12.737Z,2.22,2.232,0.0,7.4,0.0,0.0,0.0,0.0,0.0,0.0,0.0,0.0,1.0,0.0,0.0,0.0,9.0,4.0,0.0,0.0,0.0,0.0,0.0,0.0,0.0,0.0,3.0,12.0,1.0,12.15,5.0200000000000005,2.51,1.49,0.0,0.0,0.0,301.1,0.0,-1.9,-0.4,-0.7000000000000001,95.8,0.0,0.0,264.2,0.0,21.700000000000003,4.6000000000000005,4.6000000000000005,6.1000000000000005,300.0,300.0,28.4,28.4,27.5,26.8,28.1,4.96,2.0,4.97,0.16,0.0,0.0,1027.0,8228.0,0.0,0.0,0.0,0.0,0.0,1.0,0.0,0.0,0.0,0.0,0.0,0.6000000000000001,0.0,0.9,0.0,0.0,16.0,25903.0
2026-07-30T18:57:12.750Z,2.233,2.244,0.0,7.4,0.0,0.0,0.0,0.0,0.0,0.0,0.0,0.0,1.0,0.0,0.0,0.0,9.0,4.0,0.0,0.0,0.0,0.0,0.0,0.0,0.0,0.0,4.0,12.0,1.0,12.15,5.0200000000000005,2.51,1.49,0.0,0.0,0.0,301.1,0.0,1.6,0.7000000000000001,1.0,95.8,0.0,0.0,264.2,0.0,21.3,4.9,4.9,6.4,300.0,300.0,28.4,29.5,27.700000000000003,27.1,28.6,4.95,1.99,4.97,0.16,0.0,0.0,1027.0,8228.0,0.0,0.0,0.0,0.0,0.0,1.0,0.0,0.0,0.0,0.0,0.0,-0.9,0.0,-1.5,0.0,0.0,16.0,25903.0
2026-07-30T18:57:12.761Z,2.244,2.256,0.0,7.4,0.0,0.0,0.0,0.0,0.0,0.0,0.0,0.0,1.0,0.0,0.0,0.0,9.0,4.0,0.0,0.0,0.0,0.0,0.0,0.0,0.0,0.0,5.0,12.0,1.0,12.15,5.0200000000000005,2.51,1.49,0.0,0.0,0.0,301.1,0.0,0.4,-0.9,0.0,95.8,0.0,0.0,264.2,0.0,21.3,4.9,4.9,6.4,300.0,300.0,28.4,29.5,27.700000000000003,27.1,28.6,4.95,1.99,4.97,0.16,0.0,0.0,1027.0,8228.0,0.0,0.0,0.0,0.0,0.0,1.0,0.0,0.0,0.0,0.0,0.0,0.0,0.0,1.1,0.0,0.0,16.0,25903.0
2026-07-30T18:57:12.773Z,2.256,2.268,0.0,7.4,0.0,0.0,0.0,0.0,0.0,0.0,0.0,0.0,1.0,0.0,0.0,0.0,9.0,4.0,0.0,0.0,0.0,0.0,0.0,0.0,0.0,0.0,6.0,12.0,1.0,12.15,5.0200000000000005,2.51,1.49,0.0,0.1,0.0,301.1,0.0,-0.1,0.7000000000000001,1.6,95.8,0.0,0.0,264.2,0.0,21.3,4.9,4.9,6.4,300.0,300.0,28.4,29.5,27.700000000000003,27.1,28.6,4.96,1.99,4.96,0.16,0.0,0.0,1027.0,8228.0,0.0,0.0,0.0,0.0,0.0,1.0,0.0,0.0,0.0,0.0,0.0,-1.4,0.0,-2.0,0.0,0.0,16.0,25903.0
2026-07-30T18:57:12.785Z,2.268,2.28,0.0,7.4,0.0,0.0,0.0,0.0,0.0,0.0,0.0,0.0,1.0,0.0,0.0,0.0,9.0,4.0,0.0,0.0,0.0,0.0,0.0,0.0,0.0,0.0,1.0,12.0,1.0,12.15,5.0200000000000005,2.51,1.49,0.0,0.0,0.0,301.2,0.0,0.4,0.1,0.0,95.8,0.0,0.0,264.2,0.0,21.3,4.9,4.9,6.4,300.0,300.0,28.4,29.5,27.700000000000003,27.1,28.6,4.96,2.0,4.97,0.16,0.0,0.0,1027.0,8228.0,0.0,0.0,0.0,0.0,0.0,1.0,0.0,0.0,0.0,0.0,0.0,0.1,0.0,-0.1,0.0,0.0,16.0,25903.0
2026-07-30T18:57:12.797Z,2.28,2.2920000000000003,0.0,7.4,0.0,0.0,0.0,0.0,0.0,0.0,0.0,0.0,1.0,0.0,0.0,0.0,9.0,4.0,0.0,0.0,0.0,0.0,0.0,0.0,0.0,0.0,3.0,12.0,1.0,12.15,5.0200000000000005,2.51,1.49,0.0,0.0,0.0,301.1,0.0,0.9,0.1,0.5,95.8,0.0,0.0,264.3,0.0,21.3,4.9,4.9,6.4,300.0,300.0,28.4,29.5,27.700000000000003,27.1,28.6,4.95,2.0,4.97,0.16,0.0,0.0,1027.0,8228.0,0.0,0.0,0.0,0.0,0.0,1.0,0.0,0.0,0.0,0.0,0.0,-0.4,0.0,-0.5,0.0,0.0,16.0,25903.0
2026-07-30T18:57:12.809Z,2.292,2.3040000000000003,0.0,7.4,0.0,0.0,0.0,0.0,0.0,0.0,0.0,0.0,1.0,0.0,0.0,0.0,9.0,4.0,0.0,0.0,0.0,0.0,0.0,0.0,0.0,0.0,4.0,12.0,1.0,12.15,5.0200000000000005,2.51,1.49,0.0,0.0,0.0,301.1,0.0,0.4,-0.4,0.5,95.8,0.0,0.0,264.2,0.0,21.3,4.9,4.9,6.4,300.0,300.0,28.4,29.5,27.700000000000003,27.1,28.6,4.96,2.0,4.96,0.16,0.0,0.0,1027.0,8228.0,0.0,0.0,0.0,0.0,0.0,1.0,0.0,0.0,0.0,0.0,0.0,-0.5,0.0,0.1,0.0,0.0,16.0,25903.0
2026-07-30T18:57:12.822Z,2.305,2.316,0.0,7.4,0.0,0.0,0.0,0.0,0.0,0.0,0.0,0.0,1.0,0.0,0.0,0.0,9.0,4.0,0.0,0.0,0.0,0.0,0.0,0.0,0.0,0.0,4.0,12.0,1.0,12.15,5.0200000000000005,2.51,1.49,0.0,0.0,0.0,301.1,0.0,0.9,-0.9,-1.7000000000000002,95.8,0.0,0.0,264.2,0.0,21.3,4.9,4.9,6.4,300.0,300.0,28.4,29.5,27.700000000000003,27.1,28.6,4.95,1.99,4.96,0.16,0.0,0.0,1027.0,8228.0,0.0,0.0,0.0,0.0,0.0,1.0,0.0,0.0,0.0,0.0,0.0,1.5,0.0,2.2,0.0,0.0,16.0,25903.0
2026-07-30T18:57:12.833Z,2.316,2.328,-0.1,7.4,0.0,0.0,0.0,0.0,0.0,0.0,0.0,0.0,1.0,0.0,0.0,0.0,9.0,4.0,0.0,0.0,0.0,0.0,0.0,0.0,0.0,0.0,6.0,12.0,1.0,12.15,5.0200000000000005,2.51,1.49,0.0,0.0,0.0,301.1,0.0,-0.2,1.9,1.0,95.8,0.0,0.0,264.2,0.0,21.3,4.9,4.9,6.4,300.0,300.0,28.4,29.5,27.700000000000003,27.1,28.6,4.95,1.99,4.97,0.16,0.0,0.0,1027.0,8228.0,0.0,0.0,0.0,0.0,0.0,1.0,0.0,0.0,0.0,0.0,0.0,-0.7000000000000001,0.0,-2.9000000000000004,0.0,0.0,16.0,25903.0
2026-07-30T18:57:12.846Z,2.329,2.34,0.0,7.4,0.0,0.0,0.0,0.0,0.0,0.0,0.0,0.0,1.0,0.0,0.0,0.0,9.0,4.0,0.0,0.0,0.0,0.0,0.0,0.0,0.0,0.0,1.0,12.0,1.0,12.15,5.0200000000000005,2.51,1.49,0.0,0.0,0.0,301.1,0.0,-0.2,-0.4,-1.2000000000000002,95.8,0.0,0.0,264.2,0.0,21.3,4.9,4.9,6.4,300.0,300.0,28.4,29.5,27.700000000000003,27.1,28.6,4.95,1.99,4.97,0.16,0.0,0.0,1027.0,8228.0,0.0,0.0,0.0,0.0,0.0,1.0,0.0,0.0,0.0,0.0,0.0,1.1,0.0,1.3,0.0,0.0,16.0,25903.0
2026-07-30T18:57:12.857Z,2.34,2.352,0.0,7.4,0.0,0.0,0.0,0.0,0.0,0.0,0.0,0.0,1.0,0.0,0.0,0.0,9.0,4.0,0.0,0.0,0.0,0.0,0.0,0.0,0.0,0.0,3.0,12.0,1.0,12.17,5.0200000000000005,2.51,1.49,0.0,0.0,0.0,301.1,0.0,0.3,0.1,1.6,95.8,0.0,0.0,264.2,0.0,21.3,5.2,5.2,6.7,300.0,300.0,28.4,30.3,27.8,27.200000000000003,28.9,4.96,1.99,4.96,0.16,0.0,0.0,1027.0,8228.0,0.0,0.0,0.0,0.0,0.0,1.0,0.0,0.0,0.0,0.0,0.0,-1.5,0.0,-1.2000000000000002,0.0,0.0,16.0,25903.0
2026-07-30T18:57:12.869Z,2.352,2.364,-0.1,7.4,0.0,0.0,0.0,0.0,0.0,0.0,0.0,0.0,1.0,0.0,0.0,0.0,9.0,4.0,0.0,0.0,0.0,0.0,0.0,0.0,0.0,0.0,4.0,12.0,1.0,12.17,5.0200000000000005,2.51,1.49,0.0,0.0,0.0,301.1,0.0,-0.1,0.1,0.3,95.8,0.0,0.0,264.2,0.0,21.3,5.2,5.2,6.7,300.0,300.0,28.4,30.3,27.8,27.200000000000003,28.9,4.95,1.99,4.96,0.16,0.0,0.0,1027.0,8228.0,0.0,0.0,0.0,0.0,0.0,1.0,0.0,0.0,0.0,0.0,0.0,-0.3,0.0,-0.4,0.0,0.0,16.0,25903.0
2026-07-30T18:57:12.881Z,2.364,2.376,0.0,7.4,0.0,0.0,0.0,0.0,0.0,0.0,0.0,0.0,1.0,0.0,0.0,0.0,9.0,4.0,0.0,0.0,0.0,0.0,0.0,0.0,0.0,0.0,5.0,12.0,1.0,12.17,5.0200000000000005,2.51,1.49,0.0,0.0,0.0,301.1,0.0,-0.1,1.3,0.3,95.8,0.0,0.0,264.2,0.0,21.3,5.2,5.2,6.7,300.0,300.0,28.4,30.3,27.8,27.200000000000003,28.9,4.95,1.99,4.96,0.16,0.0,0.0,1027.0,8228.0,0.0,0.0,0.0,0.0,0.0,1.0,0.0,0.0,0.0,0.0,0.0,-0.1,0.0,-1.7000000000000002,0.0,0.0,16.0,25903.0
2026-07-30T18:57:12.893Z,2.376,2.388,0.0,7.4,0.0,0.0,0.0,0.0,0.0,0.0,0.0,0.0,1.0,0.0,0.0,0.0,9.0,4.0,0.0,0.0,0.0,0.0,0.0,0.0,0.0,0.0,6.0,12.0,1.0,12.17,5.0200000000000005,2.51,1.49,0.0,0.0,0.0,301.1,0.0,0.4,0.1,0.9,95.8,0.0,0.0,264.2,0.0,21.3,5.2,5.2,6.7,300.0,300.0,28.4,30.3,27.8,27.200000000000003,28.9,4.96,1.99,4.96,0.16,0.0,0.0,1027.0,8228.0,0.0,0.0,0.0,0.0,0.0,1.0,0.0,0.0,0.0,0.0,0.0,-0.8,0.0,-0.8,0.0,0.0,16.0,25903.0
2026-07-30T18:57:12.905Z,2.388,2.4,0.0,7.4,0.0,0.0,0.0,0.0,0.0,0.0,0.0,0.0,1.0,0.0,0.0,0.0,9.0,4.0,0.0,0.0,0.0,0.0,0.0,0.0,0.0,0.0,1.0,12.0,1.0,12.17,5.0200000000000005,2.51,1.49,0.0,0.0,0.0,301.2,0.0,-0.1,-0.4,-0.3,95.8,0.0,0.0,264.3,0.0,21.3,5.2,5.2,6.7,300.0,300.0,28.4,30.3,27.8,27.200000000000003,28.9,4.95,1.99,4.96,0.16,0.0,0.0,1027.0,8228.0,0.0,0.0,0.0,0.0,0.0,1.0,0.0,0.0,0.0,0.0,0.0,0.2,0.0,0.7000000000000001,0.0,0.0,16.0,25903.0
2026-07-30T18:57:12.917Z,2.4,2.412,0.0,7.4,0.0,0.0,0.0,0.0,0.0,0.0,0.0,0.0,1.0,0.0,0.0,0.0,9.0,4.0,0.0,0.0,0.0,0.0,0.0,0.0,0.0,0.0,2.0,12.0,1.0,12.17,5.0200000000000005,2.51,1.49,0.0,0.1,0.0,301.1,0.0,0.9,0.0,1.4,95.8,0.0,0.0,264.2,0.0,21.3,5.2,5.2,6.7,300.0,300.0,28.4,30.3,27.8,27.200000000000003,28.9,4.95,1.99,4.97,0.16,0.0,0.0,1027.0,8228.0,0.0,0.0,0.0,0.0,0.0,1.0,0.0,0.0,0.0,0.0,0.0,-1.3,0.0,-1.0,0.0,0.0,16.0,25903.0
2026-07-30T18:57:12.930Z,2.413,2.424,0.0,7.4,0.0,0.0,0.0,0.0,0.0,0.0,0.0,0.0,1.0,0.0,0.0,0.0,9.0,4.0,0.0,0.0,0.0,0.0,0.0,0.0,0.0,0.0,4.0,12.0,1.0,12.17,5.0200000000000005,2.51,1.49,-0.1,0.0,0.0,301.2,0.0,0.4,0.0,-0.2,95.8,0.0,0.0,264.2,0.0,21.3,5.2,5.2,6.7,300.0,300.0,28.4,30.3,27.8,27.200000000000003,28.9,4.95,1.99,4.96,0.16,0.0,0.0,1027.0,8228.0,0.0,0.0,0.0,0.0,0.0,1.0,0.0,0.0,0.0,0.0,0.0,0.2,0.0,0.1,0.0,0.0,16.0,25903.0
2026-07-30T18:57:12.941Z,2.424,2.436,0.0,7.4,0.0,0.0,0.0,0.0,0.0,0.0,0.0,0.0,1.0,0.0,0.0,0.0,9.0,4.0,0.0,0.0,0.0,0.0,0.0,0.0,0.0,0.0,4.0,12.0,1.0,12.17,5.0200000000000005,2.51,1.49,0.0,0.0,0.0,301.2,0.0,-0.1,0.0,-0.2,95.8,0.0,0.0,264.2,0.0,21.3,5.2,5.2,6.7,300.0,300.0,28.4,30.3,27.8,27.200000000000003,28.9,4.96,1.99,4.96,0.16,0.0,0.0,1027.0,8228.0,0.0,0.0,0.0,0.0,0.0,1.0,0.0,0.0,0.0,0.0,0.0,0.2,0.0,0.1,0.0,0.0,16.0,25903.0
2026-07-30T18:57:12.954Z,2.437,2.448,0.0,7.4,0.0,0.0,0.0,0.0,0.0,0.0,0.0,0.0,1.0,0.0,0.0,0.0,9.0,4.0,0.0,0.0,0.0,0.0,0.0,0.0,0.0,0.0,5.0,12.0,1.0,12.1,5.0200000000000005,2.51,1.49,0.0,0.0,0.0,301.2,0.0,-0.2,0.0,1.4,95.8,0.0,0.0,264.2,0.0,21.4,5.5,5.5,7.0,300.0,300.0,28.4,30.700000000000003,27.9,27.200000000000003,29.0,4.95,1.99,4.97,0.16,0.0,0.0,1027.0,8228.0,0.0,0.0,0.0,0.0,0.0,1.0,0.0,0.0,0.0,0.0,0.0,-1.3,0.0,-1.0,0.0,0.0,16.0,25903.0
2026-07-30T18:57:12.965Z,2.448,2.46,0.0,7.4,0.0,0.0,0.0,0.0,0.0,0.0,0.0,0.0,1.0,0.0,0.0,0.0,9.0,4.0,0.0,0.0,0.0,0.0,0.0,0.0,0.0,0.0,1.0,12.0,1.0,12.1,5.0200000000000005,2.51,1.49,0.0,0.0,0.0,301.1,0.0,-0.2,0.0,-1.4,95.8,0.0,0.0,264.2,0.0,21.4,5.5,5.5,7.0,300.0,300.0,28.4,30.700000000000003,27.9,27.200000000000003,29.0,4.96,1.99,4.96,0.16,0.0,0.0,1027.0,8228.0,0.0,0.0,0.0,0.0,0.0,1.0,0.0,0.0,0.0,0.0,0.0,-0.4,0.0,1.0,0.0,0.0,16.0,25903.0
2026-07-30T18:57:12.977Z,2.46,2.472,0.0,7.4,0.0,0.0,0.0,0.0,0.0,0.0,0.0,0.0,1.0,0.0,0.0,0.0,9.0,4.0,0.0,0.0,0.0,0.0,0.0,0.0,0.0,0.0,2.0,12.0,1.0,12.1,5.0200000000000005,2.51,1.49,0.0,0.0,0.0,301.1,0.0,0.3,1.2000000000000002,0.9,95.8,0.0,0.0,264.2,0.0,21.4,5.5,5.5,7.0,300.0,300.0,28.4,30.700000000000003,27.9,27.200000000000003,29.0,4.96,1.99,4.96,0.16,0.0,0.0,1027.0,8228.0,0.0,0.0,0.0,0.0,0.0,1.0,0.0,0.0,0.0,0.0,0.0,-0.7000000000000001,0.0,-2.0,0.0,0.0,16.0,25903.0
2026-07-30T18:57:12.989Z,2.472,2.484,0.0,7.4,0.0,0.0,0.0,0.0,0.0,0.0,0.0,0.0,1.0,0.0,0.0,0.0,9.0,4.0,0.0,0.0,0.0,0.0,0.0,0.0,0.0,0.0,3.0,12.0,1.0,12.1,5.0200000000000005,2.51,1.49,0.0,0.0,0.0,301.2,0.0,-0.2,-0.4,0.3,95.8,0.0,0.0,264.2,0.0,21.4,5.5,5.5,7.0,300.0,300.0,28.4,30.700000000000003,27.9,27.200000000000003,29.0,4.96,1.99,4.96,0.16,0.0,0.0,1027.0,8228.0,0.0,0.0,0.0,0.0,0.0,1.0,0.0,0.0,0.0,0.0,0.0,-0.3,0.0,0.3,0.0,0.0,16.0,25903.0
2026-07-30T18:57:13.001Z,2.484,2.496,0.0,7.4,0.0,0.0,0.0,0.0,0.0,0.0,0.0,0.0,1.0,0.0,0.0,0.0,9.0,4.0,0.0,0.0,0.0,0.0,0.0,0.0,0.0,0.0,4.0,12.0,1.0,12.1,5.0200000000000005,2.51,1.49,0.0,0.0,0.0,301.1,0.0,0.3,-1.0,-1.3,95.8,0.0,0.0,264.2,0.0,21.4,5.5,5.5,7.0,300.0,300.0,28.4,30.700000000000003,27.9,27.200000000000003,29.0,4.95,1.99,4.97,0.16,0.0,0.0,1027.0,8228.0,0.0,0.0,0.0,0.0,0.0,1.0,0.0,0.0,0.0,0.0,0.0,1.1,0.0,2.1,0.0,0.0,16.0,25903.0
2026-07-30T18:57:13.013Z,2.496,2.508,0.0,7.4,0.0,0.0,0.0,0.0,0.0,0.0,0.0,0.0,1.0,0.0,0.0,0.0,9.0,4.0,0.0,0.0,0.0,0.0,0.0,0.0,0.0,0.0,5.0,12.0,1.0,12.1,5.0200000000000005,2.51,1.49,0.0,0.0,0.0,301.1,0.0,0.9,-0.4,0.3,95.8,0.0,0.0,264.3,0.0,21.4,5.5,5.5,7.0,300.0,300.0,28.4,30.700000000000003,27.9,27.200000000000003,29.0,4.96,1.99,4.96,0.16,0.0,0.0,1027.0,8228.0,0.0,0.0,0.0,0.0,0.0,1.0,0.0,0.0,0.0,0.0,0.0,-0.4,0.0,1.7000000000000002,0.0,0.0,16.0,25903.0
2026-07-30T18:57:13.025Z,2.508,2.52,0.0,7.4,0.0,0.0,0.0,0.0,0.0,0.0,0.0,0.0,1.0,0.0,0.0,0.0,9.0,4.0,0.0,0.0,0.0,0.0,0.0,0.0,0.0,0.0,6.0,12.0,1.0,12.1,5.0200000000000005,2.51,1.49,0.0,0.0,0.0,301.1,0.0,-0.2,0.1,-0.8,95.8,0.0,0.0,264.2,0.0,21.4,5.5,5.5,7.0,300.0,300.0,28.4,30.700000000000003,27.9,27.200000000000003,29.0,4.96,1.99,4.97,0.16,0.0,0.0,1027.0,8228.0,0.0,0.0,0.0,0.0,0.0,1.0,0.0,0.0,0.0,0.0,0.0,-0.8,0.0,-1.4,0.0,0.0,16.0,25903.0
2026-07-30T18:57:13.037Z,2.52,2.532,0.0,7.4,0.0,0.0,0.0,0.0,0.0,0.0,0.0,0.0,1.0,0.0,0.0,0.0,9.0,4.0,0.0,0.0,0.0,0.0,0.0,0.0,0.0,0.0,2.0,12.0,1.0,12.1,5.0200000000000005,2.51,1.49,0.0,0.0,0.0,301.1,0.0,0.9,0.1,-0.1,95.8,0.0,0.0,264.2,0.0,21.4,5.5,5.5,7.0,300.0,300.0,28.4,30.700000000000003,27.9,27.200000000000003,29.0,4.96,1.99,4.97,0.16,0.0,0.0,1027.0,8228.0,0.0,0.0,0.0,0.0,0.0,1.0,0.0,0.0,0.0,0.0,0.0,0.2,0.0,-0.6000000000000001,0.0,0.0,16.0,25903.0
2026-07-30T18:57:13.049Z,2.532,2.544,0.0,7.4,0.0,0.0,0.0,0.0,0.0,0.0,0.0,0.0,1.0,0.0,0.0,0.0,9.0,4.0,0.0,0.0,0.0,0.0,0.0,0.0,0.0,0.0,3.0,12.0,1.0,12.1,5.0200000000000005,2.51,1.49,0.0,0.0,0.0,301.1,0.0,-0.7000000000000001,0.1,0.4,95.8,0.0,0.0,264.2,0.0,21.4,5.5,5.5,7.0,300.0,300.0,28.4,30.700000000000003,27.9,27.200000000000003,29.0,4.96,1.99,4.96,0.16,0.0,0.0,1027.0,8228.0,0.0,0.0,0.0,0.0,0.0,1.0,0.0,0.0,0.0,0.0,0.0,-0.3,0.0,-0.4,0.0,0.0,16.0,25903.0
2026-07-30T18:57:13.061Z,2.544,2.556,0.0,7.4,0.0,0.0,0.0,0.0,0.0,0.0,0.0,0.0,1.0,0.0,0.0,0.0,9.0,4.0,0.0,0.0,0.0,0.0,0.0,0.0,0.0,0.0,4.0,12.0,1.0,12.14,5.01,2.51,1.49,0.0,0.0,0.0,301.1,0.0,0.3,-0.4,-0.1,95.8,0.0,0.0,264.2,0.0,21.700000000000003,5.800000000000001,5.800000000000001,7.300000000000001,300.0,300.0,28.5,30.8,27.9,27.200000000000003,29.1,4.95,1.99,4.96,0.16,0.0,0.0,1027.0,8228.0,0.0,0.0,0.0,0.0,0.0,1.0,0.0,0.0,0.0,0.0,0.0,0.0,0.0,0.6000000000000001,0.0,0.0,16.0,25903.0
2026-07-30T18:57:13.073Z,2.556,2.568,0.0,7.4,0.0,0.0,0.0,0.0,0.0,0.0,0.0,0.0,1.0,0.0,0.0,0.0,9.0,4.0,0.0,0.0,0.0,0.0,0.0,0.0,0.0,0.0,6.0,12.0,1.0,12.14,5.01,2.51,1.49,0.0,0.0,0.0,301.1,0.0,-0.1,0.7000000000000001,1.0,95.8,0.0,0.0,264.2,0.0,21.700000000000003,5.800000000000001,5.800000000000001,7.300000000000001,300.0,300.0,28.5,30.8,27.9,27.200000000000003,29.1,4.95,1.99,4.97,0.16,0.0,0.0,1027.0,8228.0,0.0,0.0,0.0,0.0,0.0,1.0,0.0,0.0,0.0,0.0,0.0,-0.8,0.0,-1.5,0.0,0.0,16.0,25903.0
2026-07-30T18:57:13.085Z,2.568,2.58,0.0,7.4,0.0,0.0,0.0,0.0,0.0,0.0,0.0,0.0,1.0,0.0,0.0,0.0,9.0,4.0,0.0,0.0,0.0,0.0,0.0,0.0,0.0,0.0,1.0,12.0,1.0,12.14,5.01,2.51,1.49,0.0,0.0,0.0,301.1,0.0,0.4,-1.0,0.5,95.8,0.0,0.0,264.2,0.0,21.700000000000003,5.800000000000001,5.800000000000001,7.300000000000001,300.0,300.0,28.5,30.8,27.9,27.200000000000003,29.1,4.95,1.99,4.97,0.16,0.0,0.0,1027.0,8228.0,0.0,0.0,0.0,0.0,0.0,1.0,0.0,0.0,0.0,0.0,0.0,-0.5,0.0,0.8,0.0,0.0,16.0,25903.0
2026-07-30T18:57:13.098Z,2.581,2.592,0.0,7.4,0.0,0.0,0.0,0.0,0.0,0.0,0.0,0.0,1.0,0.0,0.0,0.0,9.0,4.0,0.0,0.0,0.0,0.0,0.0,0.0,0.0,0.0,2.0,12.0,1.0,12.14,5.01,2.51,1.49,0.0,0.0,0.0,301.2,0.0,-0.1,0.6000000000000001,-0.7000000000000001,95.8,0.0,0.0,264.2,0.0,21.700000000000003,5.800000000000001,5.800000000000001,7.300000000000001,300.0,300.0,28.5,30.8,27.9,27.200000000000003,29.1,4.96,1.99,4.96,0.16,0.0,0.0,1027.0,8228.0,0.0,0.0,0.0,0.0,0.0,1.0,0.0,0.0,0.0,0.0,0.0,0.7000000000000001,0.0,-0.2,0.0,0.0,16.0,25903.0
2026-07-30T18:57:13.109Z,2.592,2.604,0.0,7.4,0.0,0.0,0.0,0.0,0.0,0.0,0.0,0.0,1.0,0.0,0.0,0.0,9.0,4.0,0.0,0.0,0.0,0.0,0.0,0.0,0.0,0.0,3.0,12.0,1.0,12.14,5.01,2.51,1.49,0.0,0.0,0.0,301.1,0.0,-0.1,-1.6,-1.2000000000000002,95.8,0.0,0.0,264.2,0.0,21.700000000000003,5.800000000000001,5.800000000000001,7.300000000000001,300.0,300.0,28.5,30.8,27.9,27.200000000000003,29.1,4.95,1.99,4.97,0.16,0.0,0.0,1027.0,8228.0,0.0,0.0,0.0,0.0,0.0,1.0,0.0,0.0,0.0,0.0,0.0,0.9,0.0,2.7,0.0,0.0,16.0,25903.0
2026-07-30T18:57:13.122Z,2.605,2.616,0.0,7.4,0.0,0.0,0.0,0.0,0.0,0.0,0.0,0.0,1.0,0.0,0.0,0.0,9.0,4.0,0.0,0.0,0.0,0.0,0.0,0.0,0.0,0.0,4.0,12.0,1.0,12.14,5.01,2.51,1.49,0.0,0.0,0.0,301.1,0.0,-0.2,0.7000000000000001,0.4,95.8,0.0,0.0,264.2,0.0,21.700000000000003,5.800000000000001,5.800000000000001,7.300000000000001,300.0,300.0,28.5,30.8,27.9,27.200000000000003,29.1,4.95,1.98,4.96,0.16,0.0,0.0,1027.0,8228.0,0.0,0.0,0.0,0.0,0.0,1.0,0.0,0.0,0.0,0.0,0.0,-0.3,0.0,-1.1,0.0,0.0,16.0,25903.0
2026-07-30T18:57:13.133Z,2.616,2.628,0.0,7.4,0.0,0.0,0.0,0.0,0.0,0.0,0.0,0.0,1.0,0.0,0.0,0.0,9.0,4.0,0.0,0.0,0.0,0.0,0.0,0.0,0.0,0.0,3.0,12.0,1.0,12.14,5.01,2.51,1.49,0.0,0.0,0.0,301.1,0.0,-0.8,0.1,-1.2000000000000002,95.8,0.0,0.0,264.40000000000003,0.0,21.700000000000003,5.800000000000001,5.800000000000001,7.300000000000001,300.0,300.0,28.5,30.8,27.9,27.200000000000003,29.1,4.96,2.0,4.96,0.16,0.0,0.0,1027.0,8228.0,0.0,0.0,0.0,0.0,0.0,1.0,0.0,0.0,0.0,0.0,0.0,1.1,0.0,0.6000000000000001,0.0,0.0,16.0,25903.0
2026-07-30T18:57:13.145Z,2.628,2.64,0.0,7.4,0.0,0.0,0.0,0.0,0.0,0.0,0.0,0.0,1.0,0.0,0.0,0.0,9.0,4.0,0.0,0.0,0.0,0.0,0.0,0.0,0.0,0.0,4.0,12.0,1.0,12.14,5.01,2.51,1.49,0.0,0.0,0.0,301.1,0.0,-0.2,-0.5,-0.1,95.8,0.0,0.0,264.2,0.0,21.700000000000003,5.800000000000001,5.800000000000001,7.300000000000001,300.0,300.0,28.5,30.8,27.9,27.200000000000003,29.1,4.95,2.0,4.97,0.16,0.0,0.0,1027.0,8228.0,0.0,0.0,0.0,0.0,0.0,1.0,0.0,0.0,0.0,0.0,0.0,0.0,0.0,0.6000000000000001,0.0,0.0,16.0,25903.0
2026-07-30T18:57:13.159Z,2.642,2.652,0.0,7.4,0.0,0.0,0.0,0.0,0.0,0.0,0.0,0.0,1.0,0.0,0.0,0.0,9.0,4.0,0.0,0.0,0.0,0.0,0.0,0.0,0.0,0.0,5.0,12.0,1.0,12.15,5.01,2.51,1.49,0.0,0.0,0.0,301.1,0.0,-0.7000000000000001,-1.0,-0.6000000000000001,95.8,0.0,0.0,264.2,0.0,21.200000000000003,6.1000000000000005,6.1000000000000005,7.6,300.0,300.0,28.5,31.0,28.0,27.200000000000003,29.1,4.95,1.99,4.97,0.16,0.0,0.0,1027.0,8228.0,0.0,0.0,0.0,0.0,0.0,1.0,0.0,0.0,0.0,0.0,0.0,0.5,0.0,1.7000000000000002,0.0,0.0,16.0,25903.0
2026-07-30T18:57:13.169Z,2.652,2.664,0.0,7.4,0.0,0.0,0.0,0.0,0.0,0.0,0.0,0.0,1.0,0.0,0.0,0.0,9.0,4.0,0.0,0.0,0.0,0.0,0.0,0.0,0.0,0.0,6.0,12.0,1.0,12.15,5.01,2.51,1.49,0.0,0.0,0.0,301.2,0.0,0.3,0.0,-0.7000000000000001,95.8,0.0,0.0,264.2,0.0,21.200000000000003,6.1000000000000005,6.1000000000000005,7.6,300.0,300.0,28.5,31.0,28.0,27.200000000000003,29.1,4.95,1.99,4.96,0.16,0.0,0.0,1027.0,8228.0,0.0,0.0,0.0,0.0,0.0,1.0,0.0,0.0,0.0,0.0,0.0,0.6000000000000001,0.0,0.4,0.0,0.0,16.0,25903.0
2026-07-30T18:57:13.181Z,2.664,2.676,0.0,7.4,0.0,0.0,0.0,0.0,0.0,0.0,0.0,0.0,1.0,0.0,0.0,0.0,9.0,4.0,0.0,0.0,0.0,0.0,0.0,0.0,0.0,0.0,1.0,12.0,1.0,12.15,5.01,2.51,1.49,0.0,0.0,0.0,301.2,0.0,-0.2,0.0,1.0,95.8,0.0,0.0,264.2,0.0,21.200000000000003,6.1000000000000005,6.1000000000000005,7.6,300.0,300.0,28.5,31.0,28.0,27.200000000000003,29.1,4.96,1.99,4.96,0.16,0.0,0.0,1027.0,8228.0,0.0,0.0,0.0,0.0,0.0,1.0,0.0,0.0,0.0,0.0,0.0,-0.9,0.0,-0.7000000000000001,0.0,0.0,16.0,25903.0
2026-07-30T18:57:13.193Z,2.676,2.688,0.0,7.4,0.0,0.0,0.0,0.0,0.0,0.0,0.0,0.0,1.0,0.0,0.0,0.0,9.0,4.0,0.0,0.0,0.0,0.0,0.0,0.0,0.0,0.0,3.0,12.0,1.0,12.15,5.01,2.51,1.49,0.0,0.0,0.0,301.1,0.0,-0.2,0.0,-0.2,95.8,0.0,0.0,264.2,0.0,21.200000000000003,6.1000000000000005,6.1000000000000005,7.6,300.0,300.0,28.5,31.0,28.0,27.200000000000003,29.1,4.95,1.99,4.97,0.16,0.0,0.0,1027.0,8228.0,0.0,0.0,0.0,0.0,0.0,1.0,0.0,0.0,0.0,0.0,0.0,0.1,0.0,0.0,0.0,0.0,16.0,25903.0
2026-07-30T18:57:13.205Z,2.688,2.7,0.0,7.4,0.0,0.0,0.0,0.0,0.0,0.0,0.0,0.0,1.0,0.0,0.0,0.0,9.0,4.0,0.0,0.0,0.0,0.0,0.0,0.0,0.0,0.0,4.0,12.0,1.0,12.15,5.01,2.51,1.49,0.0,0.0,0.0,301.1,0.0,-0.8,-0.5,-0.7000000000000001,95.8,0.0,0.0,264.2,0.0,21.200000000000003,6.1000000000000005,6.1000000000000005,7.6,300.0,300.0,28.5,31.0,28.0,27.200000000000003,29.1,4.95,1.99,4.96,0.16,0.0,0.0,1027.0,8228.0,0.0,0.0,0.0,0.0,0.0,1.0,0.0,0.0,0.0,0.0,0.0,0.6000000000000001,0.0,1.1,0.0,0.0,16.0,25903.0
2026-07-30T18:57:13.217Z,2.7,2.712,0.0,7.4,0.0,0.0,0.0,0.0,0.0,0.0,0.0,0.0,1.0,0.0,0.0,0.0,9.0,4.0,0.0,0.0,0.0,0.0,0.0,0.0,0.0,0.0,6.0,12.0,1.0,12.15,5.01,2.51,1.49,0.0,0.0,0.0,301.1,0.0,-0.2,1.2000000000000002,-0.2,95.8,0.0,0.0,264.40000000000003,0.0,21.200000000000003,6.1000000000000005,6.1000000000000005,7.6,300.0,300.0,28.5,31.0,28.0,27.200000000000003,29.1,4.95,1.99,4.96,0.16,0.0,0.0,1027.0,8228.0,0.0,0.0,0.0,0.0,0.0,1.0,0.0,0.0,0.0,0.0,0.0,0.3,0.0,-1.2000000000000002,0.0,0.0,16.0,25903.0
2026-07-30T18:57:13.229Z,2.712,2.724,0.0,7.4,0.0,0.0,0.0,0.0,0.0,0.0,0.0,0.0,1.0,0.0,0.0,0.0,9.0,4.0,0.0,0.0,0.0,0.0,0.0,0.0,0.0,0.0,1.0,12.0,1.0,12.15,5.01,2.51,1.49,0.0,0.0,0.0,301.1,0.0,-0.2,0.0,-0.2,95.8,0.0,0.0,264.2,0.0,21.200000000000003,6.1000000000000005,6.1000000000000005,7.6,300.0,300.0,28.5,31.0,28.0,27.200000000000003,29.1,4.95,1.99,4.96,0.16,0.0,0.0,1027.0,8228.0,0.0,0.0,0.0,0.0,0.0,1.0,0.0,0.0,0.0,0.0,0.0,0.2,0.0,0.0,0.0,0.0,16.0,25903.0
2026-07-30T18:57:13.241Z,2.724,2.736,0.0,7.4,0.0,0.0,0.0,0.0,0.0,0.0,0.0,0.0,1.0,0.0,0.0,0.0,9.0,4.0,0.0,0.0,0.0,0.0,0.0,0.0,0.0,0.0,1.0,12.0,1.0,12.15,5.01,2.51,1.49,0.0,0.0,0.0,301.1,0.0,0.3,0.0,-0.2,95.8,0.0,0.0,264.2,0.0,21.200000000000003,6.1000000000000005,6.1000000000000005,7.6,300.0,300.0,28.5,31.0,28.0,27.200000000000003,29.1,4.95,1.99,4.97,0.16,0.0,0.0,1027.0,8228.0,0.0,0.0,0.0,0.0,0.0,1.0,0.0,0.0,0.0,0.0,0.0,0.2,0.0,0.0,0.0,0.0,16.0,25903.0
2026-07-30T18:57:13.253Z,2.736,2.748,0.0,7.4,0.0,0.0,0.0,0.0,0.0,0.0,0.0,0.0,1.0,0.0,0.0,0.0,9.0,4.0,0.0,0.0,0.0,0.0,0.0,0.0,0.0,0.0,3.0,12.0,1.0,12.15,5.01,2.51,1.49,0.0,0.0,0.0,301.1,0.0,0.3,0.0,-0.1,95.8,0.0,0.0,264.2,0.0,21.200000000000003,6.1000000000000005,6.1000000000000005,7.6,300.0,300.0,28.5,31.0,28.0,27.200000000000003,29.1,4.96,1.99,4.96,0.16,0.0,0.0,1027.0,8228.0,0.0,0.0,0.0,0.0,0.0,1.0,0.0,0.0,0.0,0.0,0.0,0.1,0.0,0.0,0.0,0.0,16.0,25903.0
2026-07-30T18:57:13.266Z,2.749,2.76,0.0,7.4,0.0,0.0,0.0,0.0,0.0,0.0,0.0,0.0,1.0,0.0,0.0,0.0,9.0,4.0,0.0,0.0,0.0,0.0,0.0,0.0,0.0,0.0,4.0,12.0,1.0,12.14,5.01,2.5,1.49,0.0,0.0,0.0,301.1,0.0,-0.2,0.1,-1.2000000000000002,95.8,0.0,0.0,264.2,0.0,21.700000000000003,6.300000000000001,6.300000000000001,7.800000000000001,300.0,300.0,28.6,31.0,28.0,27.200000000000003,29.1,4.96,1.99,4.97,0.16,0.0,0.0,1027.0,8228.0,0.0,0.0,0.0,0.0,0.0,1.0,0.0,0.0,0.0,0.0,0.0,1.1,0.0,0.7000000000000001,0.0,0.0,16.0,25903.0
2026-07-30T18:57:13.277Z,2.76,2.772,0.0,7.4,0.0,0.0,0.0,0.0,0.0,0.0,0.0,0.0,1.0,0.0,0.0,0.0,9.0,4.0,0.0,0.0,0.0,0.0,0.0,0.0,0.0,0.0,5.0,12.0,1.0,12.14,5.01,2.5,1.49,0.0,0.0,0.0,301.1,0.0,0.3,0.6000000000000001,-0.6000000000000001,95.8,0.0,0.0,264.2,0.0,21.700000000000003,6.300000000000001,6.300000000000001,7.800000000000001,300.0,300.0,28.6,31.0,28.0,27.200000000000003,29.1,4.95,1.99,4.97,0.16,0.0,0.0,1027.0,8228.0,0.0,0.0,0.0,0.0,0.0,1.0,0.0,0.0,0.0,0.0,0.0,0.7000000000000001,0.0,-0.3,0.0,0.0,16.0,25903.0
2026-07-30T18:57:13.289Z,2.772,2.7840000000000003,0.0,7.4,0.0,0.0,0.0,0.0,0.0,0.0,0.0,0.0,1.0,0.0,0.0,0.0,9.0,4.0,0.0,0.0,0.0,0.0,0.0,0.0,0.0,0.0,6.0,12.0,1.0,12.14,5.01,2.5,1.49,0.0,0.0,0.0,301.1,0.0,0.3,0.0,-0.1,95.8,0.0,0.0,264.2,0.0,21.700000000000003,6.300000000000001,6.300000000000001,7.800000000000001,300.0,300.0,28.6,31.0,28.0,27.200000000000003,29.1,4.96,1.99,4.96,0.17,0.0,0.0,1027.0,8228.0,0.0,0.0,0.0,0.0,0.0,1.0,0.0,0.0,0.0,0.0,0.0,0.1,0.0,0.0,0.0,0.0,16.0,25903.0
2026-07-30T18:57:13.301Z,2.784,2.7960000000000003,0.0,7.4,0.0,0.0,0.0,0.0,0.0,0.0,0.0,0.0,1.0,0.0,0.0,0.0,9.0,4.0,0.0,0.0,0.0,0.0,0.0,0.0,0.0,0.0,1.0,12.0,1.0,12.14,5.01,2.5,1.49,0.0,0.0,0.0,301.1,0.0,-0.2,-1.6,-1.3,95.8,0.0,0.0,264.2,0.0,21.700000000000003,6.300000000000001,6.300000000000001,7.800000000000001,300.0,300.0,28.6,31.0,28.0,27.200000000000003,29.1,4.95,2.0,4.97,0.17,0.0,0.0,1027.0,8228.0,0.0,0.0,0.0,0.0,0.0,1.0,0.0,0.0,0.0,0.0,0.0,1.0,0.0,2.8000000000000003,0.0,0.0,16.0,25903.0
2026-07-30T18:57:13.313Z,2.796,2.8080000000000003,0.0,7.4,0.0,0.0,0.0,0.0,0.0,0.0,0.0,0.0,1.0,0.0,0.0,0.0,9.0,4.0,0.0,0.0,0.0,0.0,0.0,0.0,0.0,0.0,2.0,12.0,1.0,12.14,5.01,2.5,1.49,0.0,0.0,0.0,301.1,0.0,-0.2,0.6000000000000001,-0.7000000000000001,95.8,0.0,0.0,264.3,0.0,21.700000000000003,6.300000000000001,6.300000000000001,7.800000000000001,300.0,300.0,28.6,31.0,28.0,27.200000000000003,29.1,4.95,1.99,4.96,0.16,0.0,0.0,1027.0,8228.0,0.0,0.0,0.0,0.0,0.0,1.0,0.0,0.0,0.0,0.0,0.0,0.7000000000000001,0.0,-0.2,0.0,0.0,16.0,25903.0
2026-07-30T18:57:13.326Z,2.809,2.82,0.0,7.4,0.0,0.0,0.0,0.0,0.0,0.0,0.0,0.0,1.0,0.0,0.0,0.0,9.0,4.0,0.0,0.0,0.0,0.0,0.0,0.0,0.0,0.0,3.0,12.0,1.0,12.14,5.01,2.5,1.49,0.0,0.0,0.0,301.1,0.0,-0.2,1.2000000000000002,1.0,95.8,0.0,0.0,264.2,0.0,21.700000000000003,6.300000000000001,6.300000000000001,7.800000000000001,300.0,300.0,28.6,31.0,28.0,27.200000000000003,29.1,4.95,1.99,4.96,0.16,0.0,0.0,1027.0,8228.0,0.0,0.0,0.0,0.0,0.0,1.0,0.0,0.0,0.0,0.0,0.0,-0.8,0.0,-2.0,0.0,0.0,16.0,25903.0
2026-07-30T18:57:13.337Z,2.82,2.832,0.0,7.4,0.0,0.0,0.0,0.0,0.0,0.0,0.0,0.0,1.0,0.0,0.0,0.0,9.0,4.0,0.0,0.0,0.0,0.0,0.0,0.0,0.0,0.0,4.0,12.0,1.0,12.14,5.01,2.5,1.49,0.0,0.0,0.0,301.1,0.0,0.9,0.6000000000000001,0.4,95.8,0.0,0.0,264.2,0.0,21.700000000000003,6.300000000000001,6.300000000000001,7.800000000000001,300.0,300.0,28.6,31.0,28.0,27.200000000000003,29.1,4.96,1.99,4.96,0.16,0.0,0.0,1027.0,8228.0,0.0,0.0,0.0,0.0,0.0,1.0,0.0,0.0,0.0,0.0,0.0,-0.3,0.0,-1.0,0.0,0.0,16.0,25903.0
2026-07-30T18:57:13.349Z,2.832,2.844,0.0,7.4,0.0,0.0,0.0,0.0,0.0,0.0,0.0,0.0,1.0,0.0,0.0,0.0,9.0,4.0,0.0,0.0,0.0,0.0,0.0,0.0,0.0,0.0,5.0,12.0,1.0,12.14,5.01,2.5,1.49,0.0,0.0,0.0,301.1,0.0,-0.1,0.0,2.2,95.8,0.0,0.0,264.2,0.0,21.700000000000003,6.300000000000001,6.300000000000001,7.800000000000001,300.0,300.0,28.6,31.0,28.0,27.200000000000003,29.1,4.95,1.99,4.96,0.16,0.0,0.0,1027.0,8228.0,0.0,0.0,0.0,0.0,0.0,1.0,0.0,0.0,0.0,0.0,0.0,-2.0,0.0,-1.5,0.0,0.0,16.0,25903.0
2026-07-30T18:57:13.362Z,2.845,2.856,0.0,7.4,0.0,0.0,0.0,0.0,0.0,0.0,0.0,0.0,1.0,0.0,0.0,0.0,9.0,4.0,0.0,0.0,0.0,0.0,0.0,0.0,0.0,0.0,6.0,12.0,1.0,12.17,5.0200000000000005,2.51,1.49,0.0,0.0,0.0,301.2,0.0,-0.7000000000000001,0.6000000000000001,2.2,95.8,0.0,0.0,264.2,0.0,21.4,6.6000000000000005,6.6000000000000005,8.1,300.0,300.0,28.6,31.1,28.0,27.200000000000003,29.1,4.95,1.99,4.96,0.16,0.0,0.0,1027.0,8228.0,0.0,0.0,0.0,0.0,0.0,1.0,0.0,0.0,0.0,0.0,0.0,-1.9,0.0,-2.2,0.0,0.0,16.0,25903.0
2026-07-30T18:57:13.373Z,2.856,2.868,0.0,7.4,0.0,0.0,0.0,0.0,0.0,0.0,0.0,0.0,1.0,0.0,0.0,0.0,9.0,4.0,0.0,0.0,0.0,0.0,0.0,0.0,0.0,0.0,2.0,12.0,1.0,12.17,5.0200000000000005,2.51,1.49,0.0,0.0,0.0,301.1,0.0,1.0,0.0,0.0,95.8,0.0,0.0,264.2,0.0,21.4,6.6000000000000005,6.6000000000000005,8.1,300.0,300.0,28.6,31.1,28.0,27.200000000000003,29.1,4.95,1.99,4.96,0.16,0.0,0.0,1027.0,8228.0,0.0,0.0,0.0,0.0,0.0,1.0,0.0,0.0,0.0,0.0,0.0,0.0,0.0,0.0,0.0,0.0,16.0,25903.0
2026-07-30T18:57:13.385Z,2.868,2.88,0.0,7.4,0.0,0.0,0.0,0.0,0.0,0.0,0.0,0.0,1.0,0.0,0.0,0.0,9.0,4.0,0.0,0.0,0.0,0.0,0.0,0.0,0.0,0.0,3.0,12.0,1.0,12.17,5.0200000000000005,2.51,1.49,0.0,0.0,0.0,301.1,0.0,0.4,0.6000000000000001,1.1,95.8,0.0,0.0,264.2,0.0,21.4,6.6000000000000005,6.6000000000000005,8.1,300.0,300.0,28.6,31.1,28.0,27.200000000000003,29.1,4.96,1.99,4.96,0.16,0.0,0.0,1027.0,8228.0,0.0,0.0,0.0,0.0,0.0,1.0,0.0,0.0,0.0,0.0,0.0,-0.9,0.0,-1.5,0.0,0.0,16.0,25903.0
2026-07-30T18:57:13.397Z,2.88,2.892,0.0,7.4,0.0,0.0,0.0,0.0,0.0,0.0,0.0,0.0,1.0,0.0,0.0,0.0,9.0,4.0,0.0,0.0,0.0,0.0,0.0,0.0,0.0,0.0,4.0,12.0,1.0,12.17,5.0200000000000005,2.51,1.49,0.0,0.0,0.0,301.1,0.0,-0.1,-0.4,0.0,95.8,0.0,0.0,264.2,0.0,21.4,6.6000000000000005,6.6000000000000005,8.1,300.0,300.0,28.6,31.1,28.0,27.200000000000003,29.1,4.95,1.99,4.97,0.16,0.0,0.0,1027.0,8228.0,0.0,0.0,0.0,0.0,0.0,1.0,0.0,0.0,0.0,0.0,0.0,0.0,0.0,0.5,0.0,0.0,16.0,25903.0
2026-07-30T18:57:13.409Z,2.892,2.904,0.0,7.4,0.0,0.0,0.0,0.0,0.0,0.0,0.0,0.0,1.0,0.0,0.0,0.0,9.0,4.0,0.0,0.0,0.0,0.0,0.0,0.0,0.0,0.0,5.0,12.0,1.0,12.17,5.0200000000000005,2.51,1.49,0.0,0.0,0.0,301.1,0.0,0.4,-0.4,0.5,95.8,0.0,0.0,264.2,0.0,21.4,6.6000000000000005,6.6000000000000005,8.1,300.0,300.0,28.6,31.1,28.0,27.200000000000003,29.1,4.95,1.99,4.96,0.16,0.0,0.0,1027.0,8228.0,0.0,0.0,0.0,0.0,0.0,1.0,0.0,0.0,0.0,0.0,0.0,-0.6000000000000001,0.0,0.1,0.0,0.0,16.0,25903.0
2026-07-30T18:57:13.421Z,2.904,2.916,0.0,7.4,0.0,0.0,0.0,0.0,0.0,0.0,0.0,0.0,1.0,0.0,0.0,0.0,9.0,4.0,0.0,0.0,0.0,0.0,0.0,0.0,0.0,0.0,1.0,12.0,1.0,12.17,5.0200000000000005,2.51,1.49,0.0,0.0,0.0,301.1,0.0,1.0,0.7000000000000001,0.6000000000000001,95.8,0.0,0.0,264.2,0.0,21.4,6.6000000000000005,6.6000000000000005,8.1,300.0,300.0,28.6,31.1,28.0,27.200000000000003,29.1,4.96,1.99,4.96,0.16,0.0,0.0,1027.0,8228.0,0.0,0.0,0.0,0.0,0.0,1.0,0.0,0.0,0.0,0.0,0.0,-0.5,0.0,-1.3,0.0,0.0,16.0,25903.0
2026-07-30T18:57:13.433Z,2.916,2.928,-0.1,7.4,0.0,0.0,0.0,0.0,0.0,0.0,0.0,0.0,1.0,0.0,0.0,0.0,9.0,4.0,0.0,0.0,0.0,0.0,0.0,0.0,0.0,0.0,2.0,12.0,1.0,12.17,5.0200000000000005,2.51,1.49,0.0,0.0,0.0,301.1,0.0,-0.6000000000000001,-0.4,0.0,95.8,0.0,0.0,264.2,0.0,21.4,6.6000000000000005,6.6000000000000005,8.1,300.0,300.0,28.6,31.1,28.0,27.200000000000003,29.1,4.95,1.99,4.97,0.16,0.0,0.0,1027.0,8228.0,0.0,0.0,0.0,0.0,0.0,1.0,0.0,0.0,0.0,0.0,0.0,-0.1,0.0,0.4,0.0,0.0,16.0,25903.0
2026-07-30T18:57:13.445Z,2.928,2.94,-0.1,7.4,0.0,0.0,0.0,0.0,0.0,0.0,0.0,0.0,1.0,0.0,0.0,0.0,9.0,4.0,0.0,0.0,0.0,0.0,0.0,0.0,0.0,0.0,3.0,12.0,1.0,12.17,5.0200000000000005,2.51,1.49,0.0,0.0,0.0,301.1,0.0,0.4,-0.4,0.6000000000000001,95.8,0.0,0.0,264.2,0.0,21.4,6.6000000000000005,6.6000000000000005,8.1,300.0,300.0,28.6,31.1,28.0,27.200000000000003,29.1,4.96,1.99,4.96,0.16,0.0,0.0,1027.0,8228.0,0.0,0.0,0.0,0.0,0.0,1.0,0.0,0.0,0.0,0.0,0.0,-0.6000000000000001,0.0,0.0,0.0,0.0,16.0,25903.0
2026-07-30T18:57:13.458Z,2.941,2.952,-0.1,7.4,0.0,0.0,0.0,0.0,0.0,0.0,0.0,0.0,1.0,0.0,0.0,0.0,9.0,4.0,0.0,0.0,0.0,0.0,0.0,0.0,0.0,0.0,4.0,12.0,1.0,12.17,5.0200000000000005,2.51,1.49,0.0,0.0,0.0,301.1,0.0,1.0,0.1,-1.1,95.8,0.0,0.0,264.2,0.0,21.4,6.6000000000000005,6.6000000000000005,8.1,300.0,300.0,28.6,31.1,28.0,27.200000000000003,29.1,4.96,1.99,4.96,0.16,0.0,0.0,1027.0,8228.0,0.0,0.0,0.0,0.0,0.0,1.0,0.0,0.0,0.0,0.0,0.0,1.0,0.0,0.6000000000000001,0.0,0.0,16.0,25903.0
2026-07-30T18:57:13.470Z,2.953,2.964,-0.1,7.4,0.0,0.0,0.0,0.0,0.0,0.0,0.0,0.0,1.0,0.0,0.0,0.0,9.0,4.0,0.0,0.0,0.0,0.0,0.0,0.0,0.0,0.0,5.0,12.0,1.0,12.15,5.01,2.5,1.49,0.0,0.0,0.0,301.1,0.0,-0.1,-0.4,-1.2000000000000002,95.8,0.0,0.0,264.2,0.0,21.700000000000003,6.9,6.9,8.4,300.0,300.0,28.700000000000003,31.200000000000003,28.0,27.3,29.1,4.95,1.99,4.96,0.16,0.0,0.0,1027.0,8228.0,0.0,0.0,0.0,0.0,0.0,1.0,0.0,0.0,0.0,0.0,0.0,0.6000000000000001,0.0,0.3,0.0,0.0,16.0,25903.0
2026-07-30T18:57:13.482Z,2.965,2.976,-0.1,7.4,0.0,0.0,0.0,0.0,0.0,0.0,0.0,0.0,1.0,0.0,0.0,0.0,9.0,4.0,0.0,0.0,0.0,0.0,0.0,0.0,0.0,0.0,6.0,12.0,1.0,12.15,5.01,2.5,1.49,0.0,0.0,0.0,301.2,0.0,-0.1,0.7000000000000001,0.4,95.8,0.0,0.0,264.2,0.0,21.700000000000003,6.9,6.9,8.4,300.0,300.0,28.700000000000003,31.200000000000003,28.0,27.3,29.1,4.96,1.99,4.97,0.16,0.0,0.0,1027.0,8228.0,0.0,0.0,0.0,0.0,0.0,1.0,0.0,0.0,0.0,0.0,0.0,-0.3,0.0,-1.1,0.0,0.0,16.0,25903.0
2026-07-30T18:57:13.493Z,2.976,2.988,-0.1,7.4,0.0,0.0,0.0,0.0,0.0,0.0,0.0,0.0,1.0,0.0,0.0,0.0,9.0,4.0,0.0,0.0,0.0,0.0,0.0,0.0,0.0,0.0,1.0,12.0,1.0,12.15,5.01,2.5,1.49,0.0,0.0,0.0,301.1,0.0,0.3,-0.4,-1.2000000000000002,95.8,0.0,0.0,264.2,0.0,21.700000000000003,6.9,6.9,8.4,300.0,300.0,28.700000000000003,31.200000000000003,28.0,27.3,29.1,4.96,1.99,4.96,0.16,0.0,0.0,1027.0,8228.0,0.0,0.0,0.0,0.0,0.0,1.0,0.0,0.0,0.0,0.0,0.0,1.0,0.0,1.4,0.0,0.0,16.0,25903.0
2026-07-30T18:57:13.506Z,2.989,3.0,0.0,7.4,0.0,0.0,0.0,0.0,0.0,0.0,0.0,0.0,1.0,0.0,0.0,0.0,9.0,4.0,0.0,0.0,0.0,0.0,0.0,0.0,0.0,0.0,2.0,12.0,1.0,12.15,5.01,2.5,1.49,0.0,0.0,0.0,301.1,0.0,-0.2,0.0,-0.1,95.8,0.0,0.0,264.2,0.0,21.700000000000003,6.9,6.9,8.4,300.0,300.0,28.700000000000003,31.200000000000003,28.0,27.3,29.1,4.96,1.99,4.97,0.16,0.0,0.0,1027.0,8228.0,0.0,0.0,0.0,0.0,0.0,1.0,0.0,0.0,0.0,0.0,0.0,0.1,0.0,0.0,0.0,0.0,16.0,25903.0
2026-07-30T18:57:13.517Z,3.0,3.012,0.0,7.4,0.0,0.0,0.0,0.0,0.0,0.0,0.0,0.0,1.0,0.0,0.0,0.0,9.0,4.0,0.0,0.0,0.0,0.0,0.0,0.0,0.0,0.0,3.0,12.0,1.0,12.15,5.01,2.5,1.49,0.0,0.0,0.0,301.1,0.0,-0.2,0.6000000000000001,-1.3,95.8,0.0,0.0,264.3,0.0,21.700000000000003,6.9,6.9,8.4,300.0,300.0,28.700000000000003,31.200000000000003,28.0,27.3,29.1,4.95,1.99,4.97,0.16,0.0,0.0,1027.0,8228.0,0.0,0.0,0.0,0.0,0.0,1.0,0.0,0.0,0.0,0.0,0.0,1.3,0.0,0.1,0.0,0.0,16.0,25903.0
2026-07-30T18:57:13.529Z,3.012,3.024,0.0,7.4,0.0,0.0,0.0,0.0,0.0,0.0,0.0,0.0,1.0,0.0,0.0,0.0,9.0,4.0,0.0,0.0,0.0,0.0,0.0,0.0,0.0,0.0,4.0,12.0,1.0,12.15,5.01,2.5,1.49,0.0,0.0,0.0,301.1,0.0,0.3,-0.5,0.4,95.8,0.0,0.0,264.40000000000003,0.0,21.700000000000003,6.9,6.9,8.4,300.0,300.0,28.700000000000003,31.200000000000003,28.0,27.3,29.1,4.96,1.99,4.96,0.16,0.0,0.0,1027.0,8228.0,0.0,0.0,0.0,0.0,0.0,1.0,0.0,0.0,0.0,0.0,0.0,-0.4,0.0,0.3,0.0,0.0,16.0,25903.0
2026-07-30T18:57:13.541Z,3.024,3.036,0.0,7.4,0.0,0.0,0.0,0.0,0.0,0.0,0.0,0.0,1.0,0.0,0.0,0.0,9.0,4.0,0.0,0.0,0.0,0.0,0.0,0.0,0.0,0.0,5.0,12.0,1.0,12.15,5.01,2.5,1.49,0.0,0.0,0.0,301.1,0.0,-0.2,0.0,-0.1,95.8,0.0,0.0,264.2,0.0,21.700000000000003,6.9,6.9,8.4,300.0,300.0,28.700000000000003,31.200000000000003,28.0,27.3,29.1,4.95,1.99,4.96,0.16,0.0,0.0,1027.0,8228.0,0.0,0.0,0.0,0.0,0.0,1.0,0.0,0.0,0.0,0.0,0.0,-0.4,0.0,-0.3,0.0,0.0,16.0,25903.0
2026-07-30T18:57:13.553Z,3.036,3.048,0.0,7.4,0.0,0.0,0.0,0.0,0.0,0.0,0.0,0.0,1.0,0.0,0.0,0.0,9.0,4.0,0.0,0.0,0.0,0.0,0.0,0.0,0.0,0.0,6.0,12.0,1.0,12.15,5.01,2.5,1.49,0.0,0.0,0.0,301.1,0.0,0.3,-0.5,-0.7000000000000001,95.8,0.0,0.0,264.2,0.0,21.700000000000003,6.9,6.9,8.4,300.0,300.0,28.700000000000003,31.200000000000003,28.0,27.3,29.1,4.95,1.99,4.97,0.17,0.0,0.0,1027.0,8228.0,0.0,0.0,0.0,0.0,0.0,1.0,0.0,0.0,0.0,0.0,0.0,-0.3,0.0,-1.0,0.0,0.0,16.0,25903.0
2026-07-30T18:57:13.566Z,3.049,3.06,0.0,7.4,0.0,0.0,0.0,0.0,0.0,0.0,0.0,0.0,1.0,0.0,0.0,0.0,9.0,4.0,0.0,0.0,0.0,0.0,0.0,0.0,0.0,0.0,1.0,12.0,1.0,12.15,5.0200000000000005,2.5,1.49,0.0,0.0,0.0,301.1,0.0,0.3,0.6000000000000001,1.6,95.8,0.0,0.0,264.2,0.0,21.200000000000003,7.2,7.2,8.700000000000001,300.0,300.0,28.6,31.200000000000003,28.0,27.200000000000003,29.1,4.95,1.99,4.97,0.16,0.0,0.0,1027.0,8228.0,0.0,0.0,0.0,0.0,0.0,1.0,0.0,0.0,0.0,0.0,0.0,0.6000000000000001,0.0,0.3,0.0,0.0,16.0,25903.0
2026-07-30T18:57:13.577Z,3.06,3.072,0.0,7.4,0.0,0.0,0.0,0.0,0.0,0.0,0.0,0.0,1.0,0.0,0.0,0.0,9.0,4.0,0.0,0.0,0.0,0.0,0.0,0.0,0.0,0.0,2.0,12.0,1.0,12.15,5.0200000000000005,2.5,1.49,0.0,0.0,0.0,301.1,0.0,-0.2,-0.5,-0.7000000000000001,95.8,0.0,0.0,264.2,0.0,21.200000000000003,7.2,7.2,8.700000000000001,300.0,300.0,28.6,31.200000000000003,28.0,27.200000000000003,29.1,4.96,1.99,4.96,0.16,0.0,0.0,1027.0,8228.0,0.0,0.0,0.0,0.0,0.0,1.0,0.0,0.0,0.0,0.0,0.0,0.6000000000000001,0.0,1.0,0.0,0.0,16.0,25903.0
2026-07-30T18:57:13.589Z,3.072,3.084,0.0,7.4,0.0,0.0,0.0,0.0,0.0,0.0,0.0,0.0,1.0,0.0,0.0,0.0,9.0,4.0,0.0,0.0,0.0,0.0,0.0,0.0,0.0,0.0,4.0,12.0,1.0,12.15,5.0200000000000005,2.5,1.49,0.0,0.0,0.0,301.1,0.0,0.3,-1.1,-0.1,95.8,0.0,0.0,264.2,0.0,21.200000000000003,7.2,7.2,8.700000000000001,300.0,300.0,28.6,31.200000000000003,28.0,27.200000000000003,29.1,4.95,1.99,4.96,0.16,0.0,0.0,1027.0,8228.0,0.0,0.0,0.0,0.0,0.0,1.0,0.0,0.0,0.0,0.0,0.0,0.0,0.0,1.3,0.0,0.0,16.0,25903.0
2026-07-30T18:57:13.601Z,3.084,3.096,0.0,7.4,0.0,0.0,0.0,0.0,0.0,0.0,0.0,0.0,1.0,0.0,0.0,0.0,9.0,4.0,0.0,0.0,0.0,0.0,0.0,0.0,0.0,0.0,5.0,12.0,1.0,12.15,5.0200000000000005,2.5,1.49,0.0,0.0,0.0,301.2,0.0,-0.2,0.0,-0.7000000000000001,95.8,0.0,0.0,264.2,0.0,21.200000000000003,7.2,7.2,8.700000000000001,300.0,300.0,28.6,31.200000000000003,28.0,27.200000000000003,29.1,4.95,1.99,4.96,0.16,0.0,0.0,1027.0,8228.0,0.0,0.0,0.0,0.0,0.0,1.0,0.0,0.0,0.0,0.0,0.0,0.7000000000000001,0.0,0.4,0.0,0.0,16.0,25903.0
2026-07-30T18:57:13.613Z,3.096,3.108,0.0,7.4,0.0,0.0,0.0,0.0,0.0,0.0,0.0,0.0,1.0,0.0,0.0,0.0,9.0,4.0,0.0,0.0,0.0,0.0,0.0,0.0,0.0,0.0,1.0,12.0,1.0,12.15,5.0200000000000005,2.5,1.49,0.0,0.0,0.0,301.1,0.0,-0.2,1.2000000000000002,-0.1,95.8,0.0,0.0,264.2,0.0,21.200000000000003,7.2,7.2,8.700000000000001,300.0,300.0,28.6,31.200000000000003,28.0,27.200000000000003,29.1,4.96,1.99,4.96,0.16,0.0,0.0,1027.0,8228.0,0.0,0.0,0.0,0.0,0.0,1.0,0.0,0.0,0.0,0.0,0.0,0.3,0.0,-1.3,0.0,0.0,16.0,25903.0
2026-07-30T18:57:13.625Z,3.108,3.12,0.0,7.4,0.0,0.0,0.0,0.0,0.0,0.0,0.0,0.0,1.0,0.0,0.0,0.0,9.0,4.0,0.0,0.0,0.0,0.0,0.0,0.0,0.0,0.0,2.0,12.0,1.0,12.15,5.0200000000000005,2.5,1.49,0.0,0.0,0.0,301.1,0.0,-0.8,-0.4,0.4,95.8,0.0,0.0,264.3,0.0,21.200000000000003,7.2,7.2,8.700000000000001,300.0,300.0,28.6,31.200000000000003,28.0,27.200000000000003,29.1,4.95,1.99,4.96,0.16,0.0,0.0,1027.0,8228.0,0.0,0.0,0.0,0.0,0.0,1.0,0.0,0.0,0.0,0.0,0.0,-0.4,0.0,0.2,0.0,0.0,16.0,25903.0
2026-07-30T18:57:13.637Z,3.12,3.132,0.0,7.4,0.0,0.0,0.0,0.0,0.0,0.0,0.0,0.0,1.0,0.0,0.0,0.0,9.0,4.0,0.0,0.0,0.0,0.0,0.0,0.0,0.0,0.0,3.0,12.0,1.0,12.15,5.0200000000000005,2.5,1.49,0.0,0.0,0.0,301.1,0.0,0.3,-0.4,0.4,95.8,0.0,0.0,264.2,0.0,21.200000000000003,7.2,7.2,8.700000000000001,300.0,300.0,28.6,31.200000000000003,28.0,27.200000000000003,29.1,4.95,1.99,4.97,0.16,0.0,0.0,1027.0,8228.0,0.0,0.0,0.0,0.0,0.0,1.0,0.0,0.0,0.0,0.0,0.0,-0.4,0.0,0.2,0.0,0.0,16.0,25903.0
2026-07-30T18:57:13.649Z,3.132,3.144,0.0,7.4,0.0,0.0,0.0,0.0,0.0,0.0,0.0,0.0,1.0,0.0,0.0,0.0,9.0,4.0,0.0,0.0,0.0,0.0,0.0,0.0,0.0,0.0,5.0,12.0,1.0,12.15,5.0200000000000005,2.5,1.49,0.0,0.0,0.0,301.1,0.0,0.4,0.7000000000000001,-0.7000000000000001,95.8,0.0,0.0,264.2,0.0,21.200000000000003,7.2,7.2,8.700000000000001,300.0,300.0,28.6,31.200000000000003,28.0,27.200000000000003,29.1,4.95,1.99,4.96,0.16,0.0,0.0,1027.0,8228.0,0.0,0.0,0.0,0.0,0.0,1.0,0.0,0.0,0.0,0.0,0.0,0.7000000000000001,0.0,-0.3,0.0,0.0,16.0,25903.0
2026-07-30T18:57:13.661Z,3.144,3.156,0.0,7.4,0.0,0.0,0.0,0.0,0.0,0.0,0.0,0.0,1.0,0.0,0.0,0.0,9.0,4.0,0.0,0.0,0.0,0.0,0.0,0.0,0.0,0.0,6.0,12.0,1.0,12.15,5.0200000000000005,2.5,1.49,0.0,0.0,0.0,301.1,0.0,0.3,0.1,-0.7000000000000001,95.8,0.0,0.0,264.2,0.0,21.200000000000003,7.2,7.2,8.700000000000001,300.0,300.0,28.6,31.200000000000003,28.0,27.200000000000003,29.1,4.96,1.99,4.96,0.16,0.0,0.0,1027.0,8228.0,0.0,0.0,0.0,0.0,0.0,1.0,0.0,0.0,0.0,0.0,0.0,0.6000000000000001,0.0,0.3,0.0,0.0,16.0,25903.0
2026-07-30T18:57:13.673Z,3.156,3.168,0.0,7.4,0.0,0.0,0.0,0.0,0.0,0.0,0.0,0.0,1.0,0.0,0.0,0.0,9.0,4.0,0.0,0.0,0.0,0.0,0.0,0.0,0.0,0.0,2.0,12.0,1.0,12.11,5.01,2.51,1.49,0.0,0.0,0.0,301.1,0.0,-0.1,0.1,1.0,95.8,0.0,0.0,264.2,0.0,21.4,7.4,7.4,8.9,300.0,300.0,28.8,31.200000000000003,28.0,27.200000000000003,29.1,4.95,1.99,4.97,0.16,0.0,0.0,1027.0,8228.0,0.0,0.0,0.0,0.0,0.0,1.0,0.0,0.0,0.0,0.0,0.0,-0.9,0.0,-0.8,0.0,0.0,16.0,25903.0
2026-07-30T18:57:13.685Z,3.168,3.18,0.0,7.4,0.0,0.0,0.0,0.0,0.0,0.0,0.0,0.0,1.0,0.0,0.0,0.0,9.0,4.0,0.0,0.0,0.0,0.0,0.0,0.0,0.0,0.0,4.0,12.0,1.0,12.11,5.01,2.51,1.49,0.0,0.0,0.0,301.2,0.0,0.4,1.2000000000000002,1.0,95.8,0.0,0.0,264.2,0.0,21.4,7.4,7.4,8.9,300.0,300.0,28.8,31.200000000000003,28.0,27.200000000000003,29.1,4.96,1.99,4.97,0.16,0.0,0.0,1027.0,8228.0,0.0,0.0,0.0,0.0,0.0,1.0,0.0,0.0,0.0,0.0,0.0,-0.8,0.0,-2.1,0.0,0.0,16.0,25903.0
2026-07-30T18:57:13.697Z,3.18,3.192,0.0,7.4,0.0,0.0,0.0,0.0,0.0,0.0,0.0,0.0,1.0,0.0,0.0,0.0,9.0,4.0,0.0,0.0,0.0,0.0,0.0,0.0,0.0,0.0,5.0,12.0,1.0,12.11,5.01,2.51,1.49,0.0,0.0,0.0,301.2,0.0,0.3,1.8,0.4,95.8,0.0,0.0,264.2,0.0,21.4,7.4,7.4,8.9,300.0,300.0,28.8,31.200000000000003,28.0,27.200000000000003,29.1,4.96,2.0,4.96,0.16,0.0,0.0,1027.0,8228.0,0.0,0.0,0.0,0.0,0.0,1.0,0.0,0.0,0.0,0.0,0.0,-0.2,0.0,-2.4000000000000004,0.0,0.0,16.0,25903.0
2026-07-30T18:57:13.709Z,3.192,3.204,0.0,7.4,0.0,0.0,0.0,0.0,0.0,0.0,0.0,0.0,1.0,0.0,0.0,0.0,9.0,4.0,0.0,0.0,0.0,0.0,0.0,0.0,0.0,0.0,6.0,12.0,1.0,12.11,5.01,2.51,1.49,0.0,0.0,0.0,301.1,0.0,0.3,1.2000000000000002,-0.6000000000000001,95.8,0.0,0.0,264.40000000000003,0.0,21.4,7.4,7.4,8.9,300.0,300.0,28.8,31.200000000000003,28.0,27.200000000000003,29.1,4.95,1.99,4.96,0.16,0.0,0.0,1027.0,8228.0,0.0,0.0,0.0,0.0,0.0,1.0,0.0,0.0,0.0,0.0,0.0,0.7000000000000001,0.0,-1.0,0.0,0.0,16.0,25903.0
2026-07-30T18:57:13.721Z,3.204,3.216,-0.1,7.4,0.0,0.0,0.0,0.0,0.0,0.0,0.0,0.0,1.0,0.0,0.0,0.0,9.0,4.0,0.0,0.0,0.0,0.0,0.0,0.0,0.0,0.0,2.0,12.0,1.0,12.11,5.01,2.51,1.49,0.0,0.0,0.0,301.1,0.0,0.3,0.0,1.0,95.8,0.0,0.0,264.3,0.0,21.4,7.4,7.4,8.9,300.0,300.0,28.8,31.200000000000003,28.0,27.200000000000003,29.1,4.95,1.99,4.97,0.16,0.0,0.0,1027.0,8228.0,0.0,0.0,0.0,0.0,0.0,1.0,0.0,0.0,0.0,0.0,0.0,-1.0,0.0,-0.7000000000000001,0.0,0.0001,16.0,25903.0
2026-07-30T18:57:13.733Z,3.216,3.228,-0.1,7.4,0.0,0.0,0.0,0.0,0.0,0.0,0.0,0.0,1.0,0.0,0.0,0.0,9.0,4.0,0.0,0.0,0.0,0.0,0.0,0.0,0.0,0.0,4.0,12.0,1.0,12.11,5.01,2.51,1.49,0.0,0.0,0.0,301.1,0.0,0.3,-0.5,1.0,95.8,0.0,0.0,264.2,0.0,21.4,7.4,7.4,8.9,300.0,300.0,28.8,31.200000000000003,28.0,27.200000000000003,29.1,4.95,1.99,4.96,0.16,0.0,0.0,1027.0,8228.0,0.0,0.0,0.0,0.0,0.0,1.0,0.0,0.0,0.0,0.0,0.0,-1.0,0.0,0.0,0.0,0.0,16.0,25903.0
2026-07-30T18:57:13.745Z,3.228,3.24,0.0,7.4,0.0,0.0,0.0,0.0,0.0,0.0,0.0,0.0,1.0,0.0,0.0,0.0,9.0,4.0,0.0,0.0,0.0,0.0,0.0,0.0,0.0,0.0,5.0,12.0,1.0,12.11,5.01,2.51,1.49,0.0,0.0,0.0,301.1,0.0,-0.2,0.0,-0.6000000000000001,95.8,0.0,0.0,264.2,0.0,21.4,7.4,7.4,8.9,300.0,300.0,28.8,31.200000000000003,28.0,27.200000000000003,29.1,4.95,1.99,4.97,0.15,0.0,0.0,1027.0,8228.0,0.0,0.0,0.0,0.0,0.0,1.0,0.0,0.0,0.0,0.0,0.0,0.6000000000000001,0.0,0.4,0.0,0.0,16.0,25903.0
2026-07-30T18:57:13.757Z,3.24,3.252,0.0,7.4,0.0,0.0,0.0,0.0,0.0,0.0,0.0,0.0,1.0,0.0,0.0,0.0,9.0,4.0,0.0,0.0,0.0,0.0,0.0,0.0,0.0,0.0,6.0,12.0,1.0,12.11,5.01,2.51,1.49,0.0,0.0,0.0,301.1,0.0,-0.1,0.5,0.4,95.8,0.0,0.0,264.2,0.0,21.4,7.4,7.4,8.9,300.0,300.0,28.8,31.200000000000003,28.0,27.200000000000003,29.1,4.95,1.99,4.97,0.16,0.0,0.0,1027.0,8228.0,0.0,0.0,0.0,0.0,0.0,1.0,0.0,0.0,0.0,0.0,0.0,-0.3,0.0,-0.9,0.0,0.0,16.0,25903.0
2026-07-30T18:57:13.770Z,3.253,3.264,0.0,7.4,0.0,0.0,0.0,0.0,0.0,0.0,0.0,0.0,1.0,0.0,0.0,0.0,9.0,4.0,0.0,0.0,0.0,0.0,0.0,0.0,0.0,0.0,1.0,12.0,1.0,12.15,5.01,2.51,1.49,0.0,0.0,0.0,301.1,0.0,-0.7000000000000001,-0.6000000000000001,-0.1,95.8,0.0,0.0,264.2,0.0,20.9,7.7,7.7,9.2,300.0,300.0,28.700000000000003,31.3,28.0,27.200000000000003,29.1,4.95,1.99,4.96,0.16,0.0,0.0,1027.0,8228.0,0.0,0.0,0.0,0.0,0.0,1.0,0.0,0.0,0.0,0.0,0.0,0.0,0.0,0.7000000000000001,0.0,0.0,16.0,25903.0
2026-07-30T18:57:13.781Z,3.264,3.276,0.0,7.4,0.0,0.0,0.0,0.0,0.0,0.0,0.0,0.0,1.0,0.0,0.0,0.0,9.0,4.0,0.0,0.0,0.0,0.0,0.0,0.0,0.0,0.0,3.0,12.0,1.0,12.15,5.01,2.51,1.49,-0.1,0.1,0.0,301.1,0.0,-0.2,-1.1,-1.2000000000000002,95.8,0.0,0.0,264.2,0.0,20.9,7.7,7.7,9.2,300.0,300.0,28.700000000000003,31.3,28.0,27.200000000000003,29.1,4.95,1.99,4.96,0.16,0.0,0.0,1027.0,8228.0,0.0,0.0,0.0,0.0,0.0,1.0,0.0,0.0,0.0,0.0,0.0,1.0,0.0,2.2,0.0,0.0,16.0,25903.0
2026-07-30T18:57:13.793Z,3.276,3.2880000000000003,0.0,7.4,0.0,0.0,0.0,0.0,0.0,0.0,0.0,0.0,1.0,0.0,0.0,0.0,9.0,4.0,0.0,0.0,0.0,0.0,0.0,0.0,0.0,0.0,4.0,12.0,1.0,12.15,5.01,2.51,1.49,0.0,0.0,0.0,301.1,0.0,0.3,0.5,-0.2,95.8,0.0,0.0,264.2,0.0,20.9,7.7,7.7,9.2,300.0,300.0,28.700000000000003,31.3,28.0,27.200000000000003,29.1,4.95,1.99,4.97,0.16,0.0,0.0,1027.0,8228.0,0.0,0.0,0.0,0.0,0.0,1.0,0.0,0.0,0.0,0.0,0.0,0.2,0.0,-0.4,0.0,0.0,16.0,25903.0
2026-07-30T18:57:13.805Z,3.288,3.3000000000000003,0.0,7.4,0.0,0.0,0.0,0.0,0.0,0.0,0.0,0.0,1.0,0.0,0.0,0.0,9.0,4.0,0.0,0.0,0.0,0.0,0.0,0.0,0.0,0.0,5.0,12.0,1.0,12.15,5.01,2.51,1.49,0.0,0.0,0.0,301.1,0.0,-0.2,0.0,-0.7000000000000001,95.8,0.0,0.0,264.40000000000003,0.0,20.9,7.7,7.7,9.2,300.0,300.0,28.700000000000003,31.3,28.0,27.200000000000003,29.1,4.95,1.99,4.97,0.16,0.0,0.0,1027.0,8228.0,0.0,0.0,0.0,0.0,0.0,1.0,0.0,0.0,0.0,0.0,0.0,0.7000000000000001,0.0,0.5,0.0,0.0,16.0,25903.0
2026-07-30T18:57:13.817Z,3.3,3.3120000000000003,0.0,7.4,0.0,0.0,0.0,0.0,0.0,0.0,0.0,0.0,1.0,0.0,0.0,0.0,9.0,4.0,0.0,0.0,0.0,0.0,0.0,0.0,0.0,0.0,6.0,12.0,1.0,12.15,5.01,2.51,1.49,0.0,0.0,0.0,301.1,0.0,0.3,0.0,1.5,95.8,0.0,0.0,264.2,0.0,20.9,7.7,7.7,9.2,300.0,300.0,28.700000000000003,31.3,28.0,27.200000000000003,29.1,4.96,1.99,4.96,0.16,0.0,0.0,1027.0,8228.0,0.0,0.0,0.0,0.0,0.0,1.0,0.0,0.0,0.0,0.0,0.0,-1.4,0.0,-0.9,0.0,0.0,16.0,25903.0
2026-07-30T18:57:13.829Z,3.312,3.3240000000000003,0.0,7.4,0.0,0.0,0.0,0.0,0.0,0.0,0.0,0.0,1.0,0.0,0.0,0.0,9.0,4.0,0.0,0.0,0.0,0.0,0.0,0.0,0.0,0.0,1.0,12.0,1.0,12.15,5.01,2.51,1.49,0.0,0.0,0.0,301.1,0.0,0.3,-1.2000000000000002,-1.4,95.8,0.0,0.0,264.2,0.0,20.9,7.7,7.7,9.2,300.0,300.0,28.700000000000003,31.3,28.0,27.200000000000003,29.1,4.95,1.99,4.97,0.16,0.0,0.0,1027.0,8228.0,0.0,0.0,0.0,0.0,0.0,1.0,0.0,0.0,0.0,0.0,0.0,1.1,0.0,2.4000000000000004,0.0,0.0,16.0,25903.0
2026-07-30T18:57:13.842Z,3.325,3.336,0.0,7.4,0.0,0.0,0.0,0.0,0.0,0.0,0.0,0.0,1.0,0.0,0.0,0.0,9.0,4.0,0.0,0.0,0.0,0.0,0.0,0.0,0.0,0.0,2.0,12.0,1.0,12.15,5.01,2.51,1.49,0.0,0.0,0.0,301.1,0.0,-0.8,0.0,-0.8,95.8,0.0,0.0,264.3,0.0,20.9,7.7,7.7,9.2,300.0,300.0,28.700000000000003,31.3,28.0,27.200000000000003,29.1,4.95,1.99,4.96,0.16,0.0,0.0,1027.0,8228.0,0.0,0.0,0.0,0.0,0.0,1.0,0.0,0.0,0.0,0.0,0.0,0.7000000000000001,0.0,0.6000000000000001,0.0,0.0,16.0,25903.0
2026-07-30T18:57:13.853Z,3.336,3.348,0.0,7.4,0.0,0.0,0.0,0.0,0.0,0.0,0.0,0.0,1.0,0.0,0.0,0.0,9.0,4.0,0.0,0.0,0.0,0.0,0.0,0.0,0.0,0.0,3.0,12.0,1.0,12.15,5.01,2.51,1.49,0.0,0.0,0.0,301.1,0.0,0.3,1.1,1.5,95.8,0.0,0.0,264.2,0.0,20.9,7.7,7.7,9.2,300.0,300.0,28.700000000000003,31.3,28.0,27.200000000000003,29.1,4.96,1.99,4.96,0.16,0.0,0.0,1027.0,8228.0,0.0,0.0,0.0,0.0,0.0,1.0,0.0,0.0,0.0,0.0,0.0,-1.3,0.0,-2.3000000000000003,0.0,0.0,16.0,25903.0
2026-07-30T18:57:13.866Z,3.349,3.36,0.0,7.4,0.0,0.0,0.0,0.0,0.0,0.0,0.0,0.0,1.0,0.0,0.0,0.0,9.0,4.0,0.0,0.0,0.0,0.0,0.0,0.0,0.0,0.0,4.0,12.0,1.0,12.15,5.01,2.51,1.49,0.0,0.0,0.0,301.1,0.0,-0.2,-0.5,1.0,95.8,0.0,0.0,264.2,0.0,20.9,7.7,7.7,9.2,300.0,300.0,28.700000000000003,31.3,28.0,27.200000000000003,29.1,4.95,1.99,4.96,0.16,0.0,0.0,1027.0,8228.0,0.0,0.0,0.0,0.0,0.0,1.0,0.0,0.0,0.0,0.0,0.0,-1.0,0.0,0.0,0.0,0.0,16.0,25903.0
2026-07-30T18:57:13.877Z,3.36,3.372,0.0,7.4,0.0,0.0,0.0,0.0,0.0,0.0,0.0,0.0,1.0,0.0,0.0,0.0,9.0,4.0,0.0,0.0,0.0,0.0,0.0,0.0,0.0,0.0,6.0,12.0,1.0,12.14,5.01,2.51,1.49,0.0,0.0,0.0,301.2,0.0,0.9,-1.1,-0.1,95.8,0.0,0.0,264.2,0.0,21.700000000000003,8.0,8.0,9.5,300.0,300.0,28.700000000000003,31.3,28.0,27.200000000000003,29.1,4.95,1.99,4.97,0.16,0.0,0.0,1027.0,8228.0,0.0,0.0,0.0,0.0,0.0,1.0,0.0,0.0,0.0,0.0,0.0,0.0,0.0,1.4,0.0,0.0,16.0,25903.0
2026-07-30T18:57:13.889Z,3.372,3.384,0.0,7.4,0.0,0.0,0.0,0.0,0.0,0.0,0.0,0.0,1.0,0.0,0.0,0.0,9.0,4.0,0.0,0.0,0.0,0.0,0.0,0.0,0.0,0.0,1.0,12.0,1.0,12.14,5.01,2.51,1.49,0.0,0.0,0.0,301.1,0.0,0.9,0.0,-0.6000000000000001,95.8,0.0,0.0,264.2,0.0,21.700000000000003,8.0,8.0,9.5,300.0,300.0,28.700000000000003,31.3,28.0,27.200000000000003,29.1,4.95,1.99,4.96,0.16,0.0,0.0,1027.0,8228.0,0.0,0.0,0.0,0.0,0.0,1.0,0.0,0.0,0.0,0.0,0.0,0.6000000000000001,0.0,0.5,0.0,0.0,16.0,25903.0
2026-07-30T18:57:13.901Z,3.384,3.396,0.1,7.4,0.0,0.0,0.0,0.0,0.0,0.0,0.0,0.0,1.0,0.0,0.0,0.0,9.0,4.0,0.0,0.0,0.0,0.0,0.0,0.0,0.0,0.0,3.0,12.0,1.0,12.14,5.01,2.51,1.49,0.0,0.0,0.0,301.1,0.0,-0.2,0.5,0.5,95.8,0.0,0.0,264.2,0.0,21.700000000000003,8.0,8.0,9.5,300.0,300.0,28.700000000000003,31.3,28.0,27.200000000000003,29.1,4.96,1.99,4.96,0.16,0.0,0.0,1027.0,8228.0,0.0,0.0,0.0,0.0,0.0,1.0,0.0,0.0,0.0,0.0,0.0,-0.4,0.0,-1.0,0.0,0.0,16.0,25903.0
2026-07-30T18:57:13.913Z,3.396,3.408,0.0,7.4,0.0,0.0,0.0,0.0,0.0,0.0,0.0,0.0,1.0,0.0,0.0,0.0,9.0,4.0,0.0,0.0,0.0,0.0,0.0,0.0,0.0,0.0,4.0,12.0,1.0,12.14,5.01,2.51,1.49,0.0,0.0,0.0,301.2,0.0,-0.7000000000000001,-0.5,-1.2000000000000002,95.8,0.0,0.0,264.3,0.0,21.700000000000003,8.0,8.0,9.5,300.0,300.0,28.700000000000003,31.3,28.0,27.200000000000003,29.1,4.95,1.99,4.97,0.16,0.0,0.0,1027.0,8228.0,0.0,0.0,0.0,0.0,0.0,1.0,0.0,0.0,0.0,0.0,0.0,1.0,0.0,1.4,0.0,0.0,16.0,25903.0
2026-07-30T18:57:13.925Z,3.408,3.42,0.0,7.4,0.0,0.0,0.0,0.0,0.0,0.0,0.0,0.0,1.0,0.0,0.0,0.0,9.0,4.0,0.0,0.0,0.0,0.0,0.0,0.0,0.0,0.0,5.0,12.0,1.0,12.14,5.01,2.51,1.49,0.0,0.0,0.0,301.1,0.0,-0.1,-0.5,0.0,95.8,0.0,0.0,264.2,0.0,21.700000000000003,8.0,8.0,9.5,300.0,300.0,28.700000000000003,31.3,28.0,27.200000000000003,29.1,4.96,1.99,4.96,0.16,0.0,0.0,1027.0,8228.0,0.0,0.0,0.0,0.0,0.0,1.0,0.0,0.0,0.0,0.0,0.0,0.0,0.0,0.6000000000000001,0.0,0.0,16.0,25903.0
2026-07-30T18:57:13.937Z,3.42,3.432,0.0,7.4,0.0,0.0,0.0,0.0,0.0,0.0,0.0,0.0,1.0,0.0,0.0,0.0,9.0,4.0,0.0,0.0,0.0,0.0,0.0,0.0,0.0,0.0,1.0,12.0,1.0,12.14,5.01,2.51,1.49,0.0,0.0,0.0,301.1,0.0,-0.7000000000000001,-0.5,-0.5,95.8,0.0,0.0,264.2,0.0,21.700000000000003,8.0,8.0,9.5,300.0,300.0,28.700000000000003,31.3,28.0,27.200000000000003,29.1,4.96,1.99,4.97,0.16,0.0,0.0,1027.0,8228.0,0.0,0.0,0.0,0.0,0.0,1.0,0.0,0.0,0.0,0.0,0.0,0.4,0.0,0.9,0.0,0.0,16.0,25903.0
2026-07-30T18:57:13.949Z,3.432,3.444,0.0,7.4,0.0,0.0,0.0,0.0,0.0,0.0,0.0,0.0,1.0,0.0,0.0,0.0,9.0,4.0,0.0,0.0,0.0,0.0,0.0,0.0,0.0,0.0,2.0,12.0,1.0,12.14,5.01,2.51,1.49,0.0,0.0,0.0,301.1,0.0,-0.1,1.2000000000000002,0.0,95.8,0.0,0.0,264.3,0.0,21.700000000000003,8.0,8.0,9.5,300.0,300.0,28.700000000000003,31.3,28.0,27.200000000000003,29.1,4.95,1.99,4.97,0.16,0.0,0.0,1027.0,8228.0,0.0,0.0,0.0,0.0,0.0,1.0,0.0,0.0,0.0,0.0,0.0,0.1,0.0,-1.4,0.0,0.0,16.0,25903.0
2026-07-30T18:57:13.961Z,3.444,3.456,0.0,7.4,0.0,0.0,0.0,0.0,0.0,0.0,0.0,0.0,1.0,0.0,0.0,0.0,9.0,4.0,0.0,0.0,0.0,0.0,0.0,0.0,0.0,0.0,4.0,12.0,1.0,12.14,5.01,2.51,1.49,0.0,0.0,0.0,301.1,0.0,0.9,1.2000000000000002,2.3000000000000003,95.8,0.0,0.0,264.2,0.0,21.700000000000003,8.0,8.0,9.5,300.0,300.0,28.700000000000003,31.3,28.0,27.200000000000003,29.1,4.95,1.99,4.97,0.16,0.0,0.0,1027.0,8228.0,0.0,0.0,0.0,0.0,0.0,1.0,0.0,0.0,0.0,0.0,0.0,-2.0,0.0,-3.0,0.0,0.0,16.0,25903.0
2026-07-30T18:57:13.974Z,3.457,3.468,0.0,7.4,0.0,0.0,0.0,0.0,0.0,0.0,0.0,0.0,1.0,0.0,0.0,0.0,9.0,4.0,0.0,0.0,0.0,0.0,0.0,0.0,0.0,0.0,5.0,12.0,1.0,12.15,5.01,2.51,1.49,0.0,0.0,0.0,301.1,0.0,-1.3,0.0,0.6000000000000001,95.8,0.0,0.0,264.2,0.0,21.4,8.200000000000001,8.200000000000001,9.7,300.0,300.0,28.6,31.3,28.0,27.200000000000003,29.1,4.96,1.99,4.96,0.16,0.0,0.0,1027.0,8228.0,0.0,0.0,0.0,0.0,0.0,1.0,0.0,0.0,0.0,0.0,0.0,-0.5,0.0,-0.4,0.0,0.0,16.0,25903.0
2026-07-30T18:57:13.985Z,3.468,3.48,0.0,7.4,0.0,0.0,0.0,0.0,0.0,0.0,0.0,0.0,1.0,0.0,0.0,0.0,9.0,4.0,0.0,0.0,0.0,0.0,0.0,0.0,0.0,0.0,1.0,12.0,1.0,12.15,5.01,2.51,1.49,0.0,0.0,0.0,301.1,0.0,0.3,1.8,0.0,95.8,0.0,0.0,264.2,0.0,21.4,8.200000000000001,8.200000000000001,9.7,300.0,300.0,28.6,31.3,28.0,27.200000000000003,29.1,4.96,1.99,4.97,0.15,0.0,0.0,1027.0,8228.0,0.0,0.0,0.0,0.0,0.0,1.0,0.0,0.0,0.0,0.0,0.0,0.2,0.0,-2.0,0.0,0.0,16.0,25903.0
2026-07-30T18:57:13.997Z,3.48,3.492,0.0,7.4,0.0,0.0,0.0,0.0,0.0,0.0,0.0,0.0,1.0,0.0,0.0,0.0,9.0,4.0,0.0,0.0,0.0,0.0,0.0,0.0,0.0,0.0,2.0,12.0,1.0,12.15,5.01,2.51,1.49,0.0,0.0,0.0,301.1,0.0,0.3,0.5,0.0,95.8,0.0,0.0,264.2,0.0,21.4,8.200000000000001,8.200000000000001,9.7,300.0,300.0,28.6,31.3,28.0,27.200000000000003,29.1,4.95,1.99,4.97,0.16,0.0,0.0,1027.0,8228.0,0.0,0.0,0.0,0.0,0.0,1.0,0.0,0.0,0.0,0.0,0.0,0.1,0.0,-0.6000000000000001,0.0,0.0,16.0,25903.0
2026-07-30T18:57:14.009Z,3.492,3.504,0.0,7.4,0.0,0.0,0.0,0.0,0.0,0.0,0.0,0.0,1.0,0.0,0.0,0.0,9.0,4.0,0.0,0.0,0.0,0.0,0.0,0.0,0.0,0.0,4.0,12.0,1.0,12.15,5.01,2.51,1.49,0.0,0.0,0.0,301.1,0.0,0.3,-0.5,-0.6000000000000001,95.8,0.0,0.0,264.3,0.0,21.4,8.200000000000001,8.200000000000001,9.7,300.0,300.0,28.6,31.3,28.0,27.200000000000003,29.1,4.96,1.99,4.96,0.16,0.0,0.0,1027.0,8228.0,0.0,0.0,0.0,0.0,0.0,1.0,0.0,0.0,0.0,0.0,0.0,0.5,0.0,1.1,0.0,0.0,16.0,25903.0
2026-07-30T18:57:14.021Z,3.504,3.516,0.0,7.4,0.0,0.0,0.0,0.0,0.0,0.0,0.0,0.0,1.0,0.0,0.0,0.0,9.0,4.0,0.0,0.0,0.0,0.0,0.0,0.0,0.0,0.0,5.0,12.0,1.0,12.15,5.01,2.51,1.49,0.0,0.0,0.0,301.1,0.0,0.3,0.5,-0.1,95.8,0.0,0.0,264.2,0.0,21.4,8.200000000000001,8.200000000000001,9.7,300.0,300.0,28.6,31.3,28.0,27.200000000000003,29.1,4.96,1.99,4.96,0.16,0.0,0.0,1027.0,8228.0,0.0,0.0,0.0,0.0,0.0,1.0,0.0,0.0,0.0,0.0,0.0,0.1,0.0,-0.5,0.0,0.0,16.0,25903.0
2026-07-30T18:57:14.033Z,3.516,3.528,0.0,7.4,0.0,0.0,0.0,0.0,0.0,0.0,0.0,0.0,1.0,0.0,0.0,0.0,9.0,4.0,0.0,0.0,0.0,0.0,0.0,0.0,0.0,0.0,6.0,12.0,1.0,12.15,5.01,2.51,1.49,0.0,0.0,0.0,301.1,0.0,0.3,1.1,-0.1,95.8,0.0,0.0,264.2,0.0,21.4,8.200000000000001,8.200000000000001,9.7,300.0,300.0,28.6,31.3,28.0,27.200000000000003,29.1,4.96,1.99,4.97,0.16,0.0,0.0,1027.0,8228.0,0.0,0.0,0.0,0.0,0.0,1.0,0.0,0.0,0.0,0.0,0.0,0.2,0.0,-1.2000000000000002,0.0,0.0,16.0,25903.0
2026-07-30T18:57:14.045Z,3.528,3.54,0.0,7.4,0.0,0.0,0.0,0.0,0.0,0.0,0.0,0.0,1.0,0.0,0.0,0.0,9.0,4.0,0.0,0.0,0.0,0.0,0.0,0.0,0.0,0.0,2.0,12.0,1.0,12.15,5.01,2.51,1.49,0.0,0.0,0.0,301.2,0.0,-0.8,-0.6000000000000001,0.0,95.8,0.0,0.0,264.2,0.0,21.4,8.200000000000001,8.200000000000001,9.7,300.0,300.0,28.6,31.3,28.0,27.200000000000003,29.1,4.95,1.99,4.97,0.16,0.0,0.0,1027.0,8228.0,0.0,0.0,0.0,0.0,0.0,1.0,0.0,0.0,0.0,0.0,0.0,-0.3,0.0,-1.6,0.0,0.0,16.0,25903.0
2026-07-30T18:57:14.058Z,3.541,3.552,0.0,7.4,0.0,0.0,0.0,0.0,0.0,0.0,0.0,0.0,1.0,0.0,0.0,0.0,9.0,4.0,0.0,0.0,0.0,0.0,0.0,0.0,0.0,0.0,3.0,12.0,1.0,12.15,5.01,2.51,1.49,0.0,0.0,0.0,301.1,0.0,-0.2,0.5,0.4,95.8,0.0,0.0,264.2,0.0,21.4,8.200000000000001,8.200000000000001,9.7,300.0,300.0,28.6,31.3,28.0,27.200000000000003,29.1,4.96,1.99,4.96,0.16,0.0,0.0,1027.0,8228.0,0.0,0.0,0.0,0.0,0.0,1.0,0.0,0.0,0.0,0.0,0.0,1.6,0.0,1.9,0.0,0.0,16.0,25903.0
2026-07-30T18:57:14.069Z,3.552,3.564,0.0,7.4,0.0,0.0,0.0,0.0,0.0,0.0,0.0,0.0,1.0,0.0,0.0,0.0,9.0,4.0,0.0,0.0,0.0,0.0,0.0,0.0,0.0,0.0,3.0,12.0,1.0,12.15,5.01,2.51,1.49,0.0,0.0,0.0,301.2,0.0,-0.7000000000000001,-0.5,-0.7000000000000001,95.8,0.0,0.0,264.2,0.0,21.4,8.200000000000001,8.200000000000001,9.7,300.0,300.0,28.6,31.3,28.0,27.200000000000003,29.1,4.95,1.99,4.97,0.16,0.0,0.0,1027.0,8228.0,0.0,0.0,0.0,0.0,0.0,1.0,0.0,0.0,0.0,0.0,0.0,-1.4,0.0,-1.7000000000000002,0.0,0.0,16.0,25903.0
2026-07-30T18:57:14.081Z,3.564,3.576,0.0,7.4,0.0,0.0,0.0,0.0,0.0,0.0,0.0,0.0,1.0,0.0,0.0,0.0,9.0,4.0,0.0,0.0,0.0,0.0,0.0,0.0,0.0,0.0,5.0,12.0,1.0,12.13,5.01,2.5,1.5,0.0,0.0,0.0,301.1,0.0,0.3,0.5,-0.1,95.8,0.0,0.0,264.2,0.0,21.700000000000003,8.5,8.5,10.0,300.0,300.0,28.6,31.3,28.0,27.200000000000003,29.1,4.95,1.99,4.96,0.17,0.0,0.0,1027.0,8228.0,0.0,0.0,0.0,0.0,0.0,1.0,0.0,0.0,0.0,0.0,0.0,0.1,0.0,0.1,0.0,0.0,16.0,25903.0
2026-07-30T18:57:14.093Z,3.576,3.588,0.0,7.4,0.0,0.0,0.0,0.0,0.0,0.0,0.0,0.0,1.0,0.0,0.0,0.0,9.0,4.0,0.0,0.0,0.0,0.0,0.0,0.0,0.0,0.0,6.0,12.0,1.0,12.13,5.01,2.5,1.5,0.0,0.0,0.0,301.1,0.0,0.9,1.7000000000000002,-0.1,95.8,0.0,0.0,264.2,0.0,21.700000000000003,8.5,8.5,10.0,300.0,300.0,28.6,31.3,28.0,27.200000000000003,29.1,4.96,1.99,4.96,0.16,0.0,0.0,1027.0,8228.0,0.0,0.0,0.0,0.0,0.0,1.0,0.0,0.0,0.0,0.0,0.0,0.3,0.0,-1.9,0.0,0.0,16.0,25903.0
2026-07-30T18:57:14.105Z,3.588,3.6,0.0,7.4,0.0,0.0,0.0,0.0,0.0,0.0,0.0,0.0,1.0,0.0,0.0,0.0,9.0,4.0,0.0,0.0,0.0,0.0,0.0,0.0,0.0,0.0,2.0,12.0,1.0,12.13,5.01,2.5,1.5,0.0,0.0,0.0,301.1,0.0,-0.2,0.5,0.0,95.8,0.0,0.0,264.3,0.0,21.700000000000003,8.5,8.5,10.0,300.0,300.0,28.6,31.3,28.0,27.200000000000003,29.1,4.95,1.99,4.96,0.16,0.0,0.0,1027.0,8228.0,0.0,0.0,0.0,0.0,0.0,1.0,0.0,0.0,0.0,0.0,0.0,0.1,0.0,-0.5,0.0,0.0,16.0,25903.0
2026-07-30T18:57:14.117Z,3.6,3.612,0.0,7.4,0.0,0.0,0.0,0.0,0.0,0.0,0.0,0.0,1.0,0.0,0.0,0.0,9.0,4.0,0.0,0.0,0.0,0.0,0.0,0.0,0.0,0.0,3.0,12.0,1.0,12.13,5.01,2.5,1.5,0.0,0.0,0.0,301.1,0.0,-0.2,-0.6000000000000001,1.0,95.8,0.0,0.0,264.2,0.0,21.700000000000003,8.5,8.5,10.0,300.0,300.0,28.6,31.3,28.0,27.200000000000003,29.1,4.95,1.99,4.97,0.16,0.0,0.0,1027.0,8228.0,0.0,0.0,0.0,0.0,0.0,1.0,0.0,0.0,0.0,0.0,0.0,-1.0,0.0,0.0,0.0,0.0,16.0,25903.0
2026-07-30T18:57:14.129Z,3.612,3.624,0.0,7.4,0.0,0.0,0.0,0.0,0.0,0.0,0.0,0.0,1.0,0.0,0.0,0.0,9.0,4.0,0.0,0.0,0.0,0.0,0.0,0.0,0.0,0.0,4.0,12.0,1.0,12.13,5.01,2.5,1.5,0.0,0.0,0.0,301.1,0.0,-0.1,0.0,0.0,95.8,0.0,0.0,264.2,0.0,21.700000000000003,8.5,8.5,10.0,300.0,300.0,28.6,31.3,28.0,27.200000000000003,29.1,4.95,1.99,4.96,0.16,0.0,0.0,1027.0,8228.0,0.0,0.0,0.0,0.0,0.0,1.0,0.0,0.0,0.0,0.0,0.0,0.0,0.0,0.0,0.0,0.0,16.0,25903.0
2026-07-30T18:57:14.141Z,3.624,3.636,0.0,7.4,0.0,0.0,0.0,0.0,0.0,0.0,0.0,0.0,1.0,0.0,0.0,0.0,9.0,4.0,0.0,0.0,0.0,0.0,0.0,0.0,0.0,0.0,6.0,12.0,1.0,12.13,5.01,2.5,1.5,0.0,0.0,0.0,301.1,0.0,-0.2,1.2000000000000002,-1.1,95.8,0.0,0.0,264.2,0.0,21.700000000000003,8.5,8.5,10.0,300.0,300.0,28.6,31.3,28.0,27.200000000000003,29.1,4.96,1.99,4.96,0.16,0.0,0.0,1027.0,8228.0,0.0,0.0,0.0,0.0,0.0,1.0,0.0,0.0,0.0,0.0,0.0,1.2000000000000002,0.0,-0.6000000000000001,0.0,0.0,16.0,25903.0
2026-07-30T18:57:14.153Z,3.636,3.648,0.0,7.4,0.0,0.0,0.0,0.0,0.0,0.0,0.0,0.0,1.0,0.0,0.0,0.0,9.0,4.0,0.0,0.0,0.0,0.0,0.0,0.0,0.0,0.0,1.0,12.0,1.0,12.13,5.01,2.5,1.5,0.0,0.1,0.0,301.1,0.0,-0.1,-0.4,-0.5,95.8,0.0,0.0,264.2,0.0,21.700000000000003,8.5,8.5,10.0,300.0,300.0,28.6,31.3,28.0,27.200000000000003,29.1,4.95,1.99,4.97,0.17,0.0,0.0,1027.0,8228.0,0.0,0.0,0.0,0.0,0.0,1.0,0.0,0.0,0.0,0.0,0.0,0.4,0.0,0.9,0.0,0.0,16.0,25903.0
2026-07-30T18:57:14.165Z,3.648,3.66,0.0,7.4,0.0,0.0,0.0,0.0,0.0,0.0,0.0,0.0,1.0,0.0,0.0,0.0,9.0,4.0,0.0,0.0,0.0,0.0,0.0,0.0,0.0,0.0,3.0,12.0,1.0,12.13,5.01,2.5,1.5,0.0,0.0,0.0,301.1,0.0,-0.2,0.0,0.0,95.8,0.0,0.0,264.2,0.0,21.700000000000003,8.5,8.5,10.0,300.0,300.0,28.6,31.3,28.0,27.200000000000003,29.1,4.96,1.99,4.96,0.17,0.0,0.0,1027.0,8228.0,0.0,0.0,0.0,0.0,0.0,1.0,0.0,0.0,0.0,0.0,0.0,0.0,0.0,-0.1,0.0,0.0,16.0,25903.0
2026-07-30T18:57:14.178Z,3.661,3.672,0.0,7.4,0.0,0.0,0.0,0.0,0.0,0.0,0.0,0.0,1.0,0.0,0.0,0.0,9.0,4.0,0.0,0.0,0.0,0.0,0.0,0.0,0.0,0.0,4.0,12.0,1.0,12.13,5.01,2.5,1.49,0.0,0.0,0.0,301.1,0.0,-0.7000000000000001,0.0,0.5,95.8,0.0,0.0,264.2,0.0,21.700000000000003,8.700000000000001,8.700000000000001,10.2,300.0,300.0,28.700000000000003,31.3,28.0,27.200000000000003,29.1,4.96,1.99,4.96,0.16,0.0,0.0,1027.0,8228.0,0.0,0.0,0.0,0.0,0.0,1.0,0.0,0.0,0.0,0.0,0.0,-0.5,0.0,-0.4,0.0,0.0,16.0,25903.0
2026-07-30T18:57:14.189Z,3.672,3.684,0.0,7.4,0.0,0.0,0.0,0.0,0.0,0.0,0.0,0.0,1.0,0.0,0.0,0.0,9.0,4.0,0.0,0.0,0.0,0.0,0.0,0.0,0.0,0.0,5.0,12.0,1.0,12.13,5.01,2.5,1.49,0.0,0.0,0.0,301.1,0.0,-0.2,-0.5,0.5,95.8,0.0,0.0,264.2,0.0,21.700000000000003,8.700000000000001,8.700000000000001,10.2,300.0,300.0,28.700000000000003,31.3,28.0,27.200000000000003,29.1,4.96,1.99,4.96,0.16,0.0,0.0,1027.0,8228.0,0.0,0.0,0.0,0.0,0.0,1.0,0.0,0.0,0.0,0.0,0.0,-0.5,0.0,0.2,0.0,0.0,16.0,25903.0
2026-07-30T18:57:14.201Z,3.684,3.696,0.0,7.4,0.0,0.0,0.0,0.0,0.0,0.0,0.0,0.0,1.0,0.0,0.0,0.0,9.0,4.0,0.0,0.0,0.0,0.0,0.0,0.0,0.0,0.0,6.0,12.0,1.0,12.13,5.01,2.5,1.49,0.0,0.0,0.0,301.1,0.0,0.9,0.6000000000000001,-1.2000000000000002,95.8,0.0,0.0,264.2,0.0,21.700000000000003,8.700000000000001,8.700000000000001,10.2,300.0,300.0,28.700000000000003,31.3,28.0,27.200000000000003,29.1,4.96,1.99,4.96,0.16,0.0,0.0,1027.0,8228.0,0.0,0.0,0.0,0.0,0.0,1.0,0.0,0.0,0.0,0.0,0.0,1.2000000000000002,0.0,0.0,0.0,0.0,16.0,25903.0
2026-07-30T18:57:14.213Z,3.696,3.708,0.0,7.4,0.0,0.0,0.0,0.0,0.0,0.0,0.0,0.0,1.0,0.0,0.0,0.0,9.0,4.0,0.0,0.0,0.0,0.0,0.0,0.0,0.0,0.0,2.0,12.0,1.0,12.13,5.01,2.5,1.49,0.0,0.0,0.0,301.1,0.0,-0.8,-0.5,0.0,95.8,0.0,0.0,264.40000000000003,0.0,21.700000000000003,8.700000000000001,8.700000000000001,10.2,300.0,300.0,28.700000000000003,31.3,28.0,27.200000000000003,29.1,4.96,1.99,4.96,0.16,0.0,0.0,1027.0,8228.0,0.0,0.0,0.0,0.0,0.0,1.0,0.0,0.0,0.0,0.0,0.0,0.0,0.0,0.6000000000000001,0.0,0.0,16.0,25903.0
2026-07-30T18:57:14.225Z,3.708,3.72,0.0,7.4,0.0,0.0,0.0,0.0,0.0,0.0,0.0,0.0,1.0,0.0,0.0,0.0,9.0,4.0,0.0,0.0,0.0,0.0,0.0,0.0,0.0,0.0,3.0,12.0,1.0,12.13,5.01,2.5,1.49,0.0,0.0,0.0,301.1,0.0,0.3,0.0,0.5,95.8,0.0,0.0,264.2,0.0,21.700000000000003,8.700000000000001,8.700000000000001,10.2,300.0,300.0,28.700000000000003,31.3,28.0,27.200000000000003,29.1,4.96,1.99,4.97,0.16,0.0,0.0,1027.0,8228.0,0.0,0.0,0.0,0.0,0.0,1.0,0.0,0.0,0.0,0.0,0.0,-0.5,0.0,-0.4,0.0,0.0,16.0,25903.0
2026-07-30T18:57:14.238Z,3.721,3.732,0.0,7.4,0.0,0.0,0.0,0.0,0.0,0.0,0.0,0.0,1.0,0.0,0.0,0.0,9.0,4.0,0.0,0.0,0.0,0.0,0.0,0.0,0.0,0.0,5.0,12.0,1.0,12.13,5.01,2.5,1.49,0.0,0.0,0.0,301.1,0.0,0.3,0.6000000000000001,-0.5,95.8,0.0,0.0,264.2,0.0,21.700000000000003,8.700000000000001,8.700000000000001,10.2,300.0,300.0,28.700000000000003,31.3,28.0,27.200000000000003,29.1,4.95,1.99,4.97,0.16,0.0,0.0,1027.0,8228.0,0.0,0.0,0.0,0.0,0.0,1.0,0.0,0.0,0.0,0.0,0.0,0.6000000000000001,0.0,-0.3,0.0,0.0,16.0,25903.0
2026-07-30T18:57:14.249Z,3.732,3.744,0.0,7.4,0.0,0.0,0.0,0.0,0.0,0.0,0.0,0.0,1.0,0.0,0.0,0.0,9.0,4.0,0.0,0.0,0.0,0.0,0.0,0.0,0.0,0.0,6.0,12.0,1.0,12.13,5.01,2.5,1.49,0.0,0.0,0.0,301.1,0.0,-0.8,-0.5,0.5,95.8,0.0,0.0,264.2,0.0,21.700000000000003,8.700000000000001,8.700000000000001,10.2,300.0,300.0,28.700000000000003,31.3,28.0,27.200000000000003,29.1,4.96,1.99,4.96,0.17,0.0,0.0,1027.0,8228.0,0.0,0.0,0.0,0.0,0.0,1.0,0.0,0.0,0.0,0.0,0.0,-0.6000000000000001,0.0,0.2,0.0,0.0,16.0,25903.0
2026-07-30T18:57:14.261Z,3.744,3.756,0.0,7.4,0.0,0.0,0.0,0.0,0.0,0.0,0.0,0.0,1.0,0.0,0.0,0.0,9.0,4.0,0.0,0.0,0.0,0.0,0.0,0.0,0.0,0.0,1.0,12.0,1.0,12.13,5.01,2.5,1.49,0.0,0.1,0.0,301.1,0.0,0.3,-0.5,0.0,95.8,0.0,0.0,264.3,0.0,21.700000000000003,8.700000000000001,8.700000000000001,10.2,300.0,300.0,28.700000000000003,31.3,28.0,27.200000000000003,29.1,4.95,1.99,4.96,0.17,0.0,0.0,1027.0,8228.0,0.0,0.0,0.0,0.0,0.0,1.0,0.0,0.0,0.0,0.0,0.0,0.0,0.0,0.6000000000000001,0.0,0.0,16.0,25903.0
2026-07-30T18:57:14.273Z,3.756,3.768,0.0,7.4,0.0,0.0,0.0,0.0,0.0,0.0,0.0,0.0,1.0,0.0,0.0,0.0,9.0,4.0,0.0,0.0,0.0,0.0,0.0,0.0,0.0,0.0,2.0,12.0,1.0,12.13,5.01,2.5,1.49,0.0,0.0,0.0,301.1,0.0,-0.2,-0.5,0.6000000000000001,95.8,0.0,0.0,264.2,0.0,21.700000000000003,8.700000000000001,8.700000000000001,10.2,300.0,300.0,28.700000000000003,31.3,28.0,27.200000000000003,29.1,4.95,1.99,4.97,0.16,0.0,0.0,1027.0,8228.0,0.0,0.0,0.0,0.0,0.0,1.0,0.0,0.0,0.0,0.0,0.0,-0.6000000000000001,0.0,0.2,0.0,0.0,16.0,25903.0
2026-07-30T18:57:14.286Z,3.769,3.78,0.0,7.4,0.0,0.0,0.0,0.0,0.0,0.0,0.0,0.0,1.0,0.0,0.0,0.0,9.0,4.0,0.0,0.0,0.0,0.0,0.0,0.0,0.0,0.0,3.0,12.0,1.0,12.15,5.01,2.51,1.49,0.0,0.0,0.0,301.1,0.0,0.3,0.0,1.2000000000000002,95.8,0.0,0.0,264.2,0.0,21.200000000000003,9.0,9.0,10.5,300.0,300.0,28.700000000000003,31.3,28.0,27.200000000000003,29.1,4.95,2.0,4.97,0.16,0.0,0.0,1027.0,8228.0,0.0,0.0,0.0,0.0,0.0,1.0,0.0,0.0,0.0,0.0,0.0,-1.1,0.0,-0.8,0.0,0.0,16.0,25903.0
2026-07-30T18:57:14.297Z,3.78,3.792,0.0,7.4,0.0,0.0,0.0,0.0,0.0,0.0,0.0,0.0,1.0,0.0,0.0,0.0,9.0,4.0,0.0,0.0,0.0,0.0,0.0,0.0,0.0,0.0,4.0,12.0,1.0,12.15,5.01,2.51,1.49,0.0,0.0,0.0,301.1,0.0,0.3,-0.6000000000000001,1.1,95.8,0.0,0.0,264.2,0.0,21.200000000000003,9.0,9.0,10.5,300.0,300.0,28.700000000000003,31.3,28.0,27.200000000000003,29.1,4.95,2.0,4.96,0.16,0.0,0.0,1027.0,8228.0,0.0,0.0,0.0,0.0,0.0,1.0,0.0,0.0,0.0,0.0,0.0,-1.1,0.0,0.0,0.0,0.0,16.0,25903.0
2026-07-30T18:57:14.310Z,3.793,3.804,0.0,7.4,0.0,0.0,0.0,0.0,0.0,0.0,0.0,0.0,1.0,0.0,0.0,0.0,9.0,4.0,0.0,0.0,0.0,0.0,0.0,0.0,0.0,0.0,5.0,12.0,1.0,12.15,5.01,2.51,1.49,0.0,0.0,0.0,301.1,0.0,-0.8,-1.1,-0.6000000000000001,95.8,0.0,0.0,264.3,0.0,21.200000000000003,9.0,9.0,10.5,300.0,300.0,28.700000000000003,31.3,28.0,27.200000000000003,29.1,4.95,2.0,4.96,0.16,0.0,0.0,1027.0,8228.0,0.0,0.0,0.0,0.0,0.0,1.0,0.0,0.0,0.0,0.0,0.0,0.4,0.0,1.7000000000000002,0.0,0.0,16.0,25903.0
2026-07-30T18:57:14.321Z,3.804,3.816,0.0,7.4,0.0,0.0,0.0,0.0,0.0,0.0,0.0,0.0,1.0,0.0,0.0,0.0,9.0,4.0,0.0,0.0,0.0,0.0,0.0,0.0,0.0,0.0,6.0,12.0,1.0,12.15,5.01,2.51,1.49,0.0,0.0,0.0,301.1,0.0,0.2,1.7000000000000002,-0.1,95.8,0.0,0.0,264.2,0.0,21.200000000000003,9.0,9.0,10.5,300.0,300.0,28.700000000000003,31.3,28.0,27.200000000000003,29.1,4.95,1.99,4.96,0.16,0.0,0.0,1027.0,8228.0,0.0,0.0,0.0,0.0,0.0,1.0,0.0,0.0,0.0,0.0,0.0,0.3,0.0,-1.8,0.0,0.0,16.0,25903.0
2026-07-30T18:57:14.333Z,3.816,3.828,0.0,7.4,0.0,0.0,0.0,0.0,0.0,0.0,0.0,0.0,1.0,0.0,0.0,0.0,9.0,4.0,0.0,0.0,0.0,0.0,0.0,0.0,0.0,0.0,1.0,12.0,1.0,12.15,5.01,2.51,1.49,0.0,0.1,0.0,301.1,0.0,0.8,0.5,1.0,95.8,0.0,0.0,264.2,0.0,21.200000000000003,9.0,9.0,10.5,300.0,300.0,28.700000000000003,31.3,28.0,27.200000000000003,29.1,4.95,1.99,4.96,0.16,0.0,0.0,1027.0,8228.0,0.0,0.0,0.0,0.0,0.0,1.0,0.0,0.0,0.0,0.0,0.0,-0.9,0.0,-1.3,0.0,0.0,16.0,25903.0
2026-07-30T18:57:14.345Z,3.828,3.84,0.0,7.4,0.0,0.0,0.0,0.0,0.0,0.0,0.0,0.0,1.0,0.0,0.0,0.0,9.0,4.0,0.0,0.0,0.0,0.0,0.0,0.0,0.0,0.0,2.0,12.0,1.0,12.15,5.01,2.51,1.49,0.0,0.0,0.0,301.1,0.0,-0.3,0.0,-0.1,95.8,0.0,0.0,264.2,0.0,21.200000000000003,9.0,9.0,10.5,300.0,300.0,28.700000000000003,31.3,28.0,27.200000000000003,29.1,4.95,1.99,4.97,0.16,0.0,0.0,1027.0,8228.0,0.0,0.0,0.0,0.0,0.0,1.0,0.0,0.0,0.0,0.0,0.0,0.1,0.0,0.0,0.0,0.0,16.0,25903.0
2026-07-30T18:57:14.357Z,3.84,3.852,0.0,7.4,0.0,0.0,0.0,0.0,0.0,0.0,0.0,0.0,1.0,0.0,0.0,0.0,9.0,4.0,0.0,0.0,0.0,0.0,0.0,0.0,0.0,0.0,3.0,12.0,1.0,12.15,5.01,2.51,1.49,0.0,0.0,0.0,301.1,0.0,0.2,-0.5,-0.7000000000000001,95.8,0.0,0.0,264.2,0.0,21.200000000000003,9.0,9.0,10.5,300.0,300.0,28.700000000000003,31.3,28.0,27.200000000000003,29.1,4.95,1.99,4.97,0.16,0.0,0.0,1027.0,8228.0,0.0,0.0,0.0,0.0,0.0,1.0,0.0,0.0,0.0,0.0,0.0,0.6000000000000001,0.0,1.1,0.0,0.0,16.0,25903.0
2026-07-30T18:57:14.369Z,3.852,3.864,0.0,7.4,0.0,0.0,0.0,0.0,0.0,0.0,0.0,0.0,1.0,0.0,0.0,0.0,9.0,4.0,0.0,0.0,0.0,0.0,0.0,0.0,0.0,0.0,3.0,12.0,1.0,12.15,5.01,2.51,1.49,0.0,0.0,0.0,301.1,0.0,0.8,1.2000000000000002,1.6,95.8,0.0,0.0,264.2,0.0,21.200000000000003,9.0,9.0,10.5,300.0,300.0,28.700000000000003,31.3,28.0,27.200000000000003,29.1,4.95,1.99,4.96,0.16,0.0,0.0,1027.0,8228.0,0.0,0.0,0.0,0.0,0.0,1.0,0.0,0.0,0.0,0.0,0.0,-1.4,0.0,-2.5,0.0,0.0,16.0,25903.0
2026-07-30T18:57:14.382Z,3.865,3.876,0.0,7.4,0.0,0.0,0.0,0.0,0.0,0.0,0.0,0.0,1.0,0.0,0.0,0.0,9.0,4.0,0.0,0.0,0.0,0.0,0.0,0.0,0.0,0.0,4.0,12.0,1.0,12.13,5.01,2.51,1.5,0.0,0.1,0.0,301.2,0.0,0.8,0.0,1.1,95.8,0.0,0.0,264.2,0.0,21.4,9.2,9.2,10.7,300.0,300.0,28.8,31.4,28.0,27.200000000000003,29.1,4.96,1.99,4.96,0.16,0.0,0.0,1027.0,8228.0,0.0,0.0,0.0,0.0,0.0,1.0,0.0,0.0,0.0,0.0,0.0,-1.0,0.0,-0.8,0.0,0.0,16.0,25903.0
2026-07-30T18:57:14.393Z,3.876,3.888,0.0,7.4,0.0,0.0,0.0,0.0,0.0,0.0,0.0,0.0,1.0,0.0,0.0,0.0,9.0,4.0,0.0,0.0,0.0,0.0,0.0,0.0,0.0,0.0,5.0,12.0,1.0,12.13,5.01,2.51,1.5,0.0,0.0,0.0,301.1,0.0,-0.2,-1.0,-1.2000000000000002,95.8,0.0,0.0,264.2,0.0,21.4,9.2,9.2,10.7,300.0,300.0,28.8,31.4,28.0,27.200000000000003,29.1,4.95,1.99,4.95,0.16,0.0,0.0,1027.0,8228.0,0.0,0.0,0.0,0.0,0.0,1.0,0.0,0.0,0.0,0.0,0.0,1.0,0.0,2.0,0.0,0.0,16.0,25903.0
2026-07-30T18:57:14.406Z,3.889,3.9,0.0,7.4,0.0,0.0,0.0,0.0,0.0,0.0,0.0,0.0,1.0,0.0,0.0,0.0,9.0,4.0,0.0,0.0,0.0,0.0,0.0,0.0,0.0,0.0,6.0,12.0,1.0,12.13,5.01,2.51,1.5,0.0,0.0,0.0,301.1,0.0,0.2,-0.4,1.7000000000000002,95.8,0.0,0.0,264.2,0.0,21.4,9.2,9.2,10.7,300.0,300.0,28.8,31.4,28.0,27.200000000000003,29.1,4.96,1.99,4.96,0.16,0.0,0.0,1027.0,8228.0,0.0,0.0,0.0,0.0,0.0,1.0,0.0,0.0,0.0,0.0,0.0,-1.6,0.0,-0.6000000000000001,0.0,0.0,16.0,25903.0
2026-07-30T18:57:14.418Z,3.901,3.912,0.0,7.4,0.0,0.0,0.0,0.0,0.0,0.0,0.0,0.0,1.0,0.0,0.0,0.0,9.0,4.0,0.0,0.0,0.0,0.0,0.0,0.0,0.0,0.0,1.0,12.0,1.0,12.13,5.01,2.51,1.5,0.0,0.0,0.0,301.1,0.0,0.2,0.6000000000000001,0.5,95.8,0.0,0.0,264.2,0.0,21.4,9.2,9.2,10.7,300.0,300.0,28.8,31.4,28.0,27.200000000000003,29.1,4.96,1.99,4.97,0.16,0.0,0.0,1027.0,8228.0,0.0,0.0,0.0,0.0,0.0,1.0,0.0,0.0,0.0,0.0,0.0,-0.4,0.0,-1.1,0.0,0.0,16.0,25903.0
2026-07-30T18:57:14.430Z,3.913,3.924,0.0,7.4,0.0,0.0,0.0,0.0,0.0,0.0,0.0,0.0,1.0,0.0,0.0,0.0,9.0,4.0,0.0,0.0,0.0,0.0,0.0,0.0,0.0,0.0,2.0,12.0,1.0,12.13,5.01,2.51,1.5,0.0,0.0,0.0,301.1,0.0,-0.2,1.2000000000000002,0.0,95.8,0.0,0.0,264.2,0.0,21.4,9.2,9.2,10.7,300.0,300.0,28.8,31.4,28.0,27.200000000000003,29.1,4.95,1.99,4.97,0.16,0.0,0.0,1027.0,8228.0,0.0,0.0,0.0,0.0,0.0,1.0,0.0,0.0,0.0,0.0,0.0,0.2,0.0,-1.4,0.0,0.0,16.0,25903.0
2026-07-30T18:57:14.442Z,3.925,3.936,0.0,7.4,0.0,0.0,0.0,0.0,0.0,0.0,0.0,0.0,1.0,0.0,0.0,0.0,9.0,4.0,0.0,0.0,0.0,0.0,0.0,0.0,0.0,0.0,3.0,12.0,1.0,12.13,5.01,2.51,1.5,0.0,0.1,0.0,301.1,0.0,-0.2,-0.5,0.0,95.8,0.0,0.0,264.2,0.0,21.4,9.2,9.2,10.7,300.0,300.0,28.8,31.4,28.0,27.200000000000003,29.1,4.95,1.99,4.97,0.16,0.0,0.0,1027.0,8228.0,0.0,0.0,0.0,0.0,0.0,1.0,0.0,0.0,0.0,0.0,0.0,0.0,0.0,0.6000000000000001,0.0,0.0,16.0,25903.0
2026-07-30T18:57:14.453Z,3.936,3.948,0.0,7.4,0.0,0.0,0.0,0.0,0.0,0.0,0.0,0.0,1.0,0.0,0.0,0.0,9.0,4.0,0.0,0.0,0.0,0.0,0.0,0.0,0.0,0.0,5.0,12.0,1.0,12.13,5.01,2.51,1.5,0.0,0.0,0.0,301.1,0.0,0.3,-1.1,0.0,95.8,0.0,0.0,264.2,0.0,21.4,9.2,9.2,10.7,300.0,300.0,28.8,31.4,28.0,27.200000000000003,29.1,4.96,2.0,4.97,0.16,0.0,0.0,1027.0,8228.0,0.0,0.0,0.0,0.0,0.0,1.0,0.0,0.0,0.0,0.0,0.0,0.0,0.0,1.3,0.0,0.0,16.0,25903.0
2026-07-30T18:57:14.465Z,3.948,3.96,0.0,7.4,0.0,0.0,0.0,0.0,0.0,0.0,0.0,0.0,1.0,0.0,0.0,0.0,9.0,4.0,0.0,0.0,0.0,0.0,0.0,0.0,0.0,0.0,5.0,12.0,1.0,12.13,5.01,2.51,1.5,0.0,0.0,0.0,301.1,0.0,-0.8,1.2000000000000002,-0.1,95.8,0.0,0.0,264.2,0.0,21.4,9.2,9.2,10.7,300.0,300.0,28.8,31.4,28.0,27.200000000000003,29.1,4.96,1.99,4.97,0.17,0.0,0.0,1027.0,8228.0,0.0,0.0,0.0,0.0,0.0,1.0,0.0,0.0,0.0,0.0,0.0,0.2,0.0,-1.3,0.0,0.0,16.0,25903.0
2026-07-30T18:57:14.477Z,3.96,3.972,0.0,7.4,0.0,0.0,0.0,0.0,0.0,0.0,0.0,0.0,1.0,0.0,0.0,0.0,9.0,4.0,0.0,0.0,0.0,0.0,0.0,0.0,0.0,0.0,1.0,12.0,1.0,12.13,5.01,2.51,1.5,0.0,0.0,0.0,301.1,0.0,-0.2,-0.4,-0.6000000000000001,95.8,0.0,0.0,264.2,0.0,21.4,9.2,9.2,10.7,300.0,300.0,28.8,31.4,28.0,27.200000000000003,29.1,4.95,1.99,4.97,0.16,0.0,0.0,1027.0,8228.0,0.0,0.0,0.0,0.0,0.0,1.0,0.0,0.0,0.0,0.0,0.0,0.5,0.0,0.9,0.0,0.0,16.0,25903.0
2026-07-30T18:57:14.489Z,3.972,3.984,0.0,7.4,0.0,0.0,0.0,0.0,0.0,0.0,0.0,0.0,1.0,0.0,0.0,0.0,9.0,4.0,0.0,0.0,0.0,0.0,0.0,0.0,0.0,0.0,3.0,12.0,1.0,12.15,5.01,2.5,1.49,0.0,0.0,0.0,301.1,0.0,0.8,0.1,1.6,95.8,0.0,0.0,264.2,0.0,20.9,9.4,9.4,11.0,300.0,300.0,28.8,31.4,28.0,27.200000000000003,29.1,4.95,1.99,4.96,0.17,0.0,0.0,1027.0,8228.0,0.0,0.0,0.0,0.0,0.0,1.0,0.0,0.0,0.0,0.0,0.0,-1.5,0.0,-1.2000000000000002,0.0,0.0,16.0,25903.0
2026-07-30T18:57:14.501Z,3.984,3.996,0.0,7.4,0.0,0.0,0.0,0.0,0.0,0.0,0.0,0.0,1.0,0.0,0.0,0.0,9.0,4.0,0.0,0.0,0.0,0.0,0.0,0.0,0.0,0.0,3.0,12.0,1.0,12.15,5.01,2.5,1.49,0.0,0.0,0.0,301.1,0.0,-0.2,-1.0,-1.1,95.8,0.0,0.0,264.2,0.0,20.9,9.4,9.4,11.0,300.0,300.0,28.8,31.4,28.0,27.200000000000003,29.1,4.95,1.99,4.96,0.17,0.0,0.0,1027.0,8228.0,0.0,0.0,0.0,0.0,0.0,1.0,0.0,0.0,0.0,0.0,0.0,0.9,0.0,2.0,0.0,0.0,16.0,25903.0
2026-07-30T18:57:14.513Z,3.996,4.008,0.0,7.4,0.0,0.0,0.0,0.0,0.0,0.0,0.0,0.0,1.0,0.0,0.0,0.0,9.0,4.0,0.0,0.0,0.0,0.0,0.0,0.0,0.0,0.0,4.0,12.0,1.0,12.15,5.01,2.5,1.49,0.0,0.0,0.0,301.1,0.0,0.3,-0.4,0.0,95.8,0.0,0.0,264.2,0.0,20.9,9.4,9.4,11.0,300.0,300.0,28.8,31.4,28.0,27.200000000000003,29.1,4.95,2.0,4.97,0.16,0.0,0.0,1027.0,8228.0,0.0,0.0,0.0,0.0,0.0,1.0,0.0,0.0,0.0,0.0,0.0,0.0,0.0,0.5,0.0,0.0,16.0,25903.0
2026-07-30T18:57:14.525Z,4.008,4.0200000000000005,0.0,7.4,0.0,0.0,0.0,0.0,0.0,0.0,0.0,0.0,1.0,0.0,0.0,0.0,9.0,4.0,0.0,0.0,0.0,0.0,0.0,0.0,0.0,0.0,6.0,12.0,1.0,12.15,5.01,2.5,1.49,0.0,0.0,0.0,301.1,0.0,0.3,0.7000000000000001,0.0,95.8,0.0,0.0,264.2,0.0,20.9,9.4,9.4,11.0,300.0,300.0,28.8,31.4,28.0,27.200000000000003,29.1,4.95,1.99,4.97,0.17,0.0,0.0,1027.0,8228.0,0.0,0.0,0.0,0.0,0.0,1.0,0.0,0.0,0.0,0.0,0.0,0.1,0.0,-0.7000000000000001,0.0,0.0,16.0,25903.0
2026-07-30T18:57:14.537Z,4.02,4.032,0.0,7.4,0.0,0.0,0.0,0.0,0.0,0.0,0.0,0.0,1.0,0.0,0.0,0.0,9.0,4.0,0.0,0.0,0.0,0.0,0.0,0.0,0.0,0.0,1.0,12.0,1.0,12.15,5.01,2.5,1.49,0.0,0.0,0.0,301.1,0.0,-0.2,0.7000000000000001,-0.6000000000000001,95.8,0.0,0.0,264.2,0.0,20.9,9.4,9.4,11.0,300.0,300.0,28.8,31.4,28.0,27.200000000000003,29.1,4.95,1.99,4.96,0.16,0.0,0.0,1027.0,8228.0,0.0,0.0,0.0,0.0,0.0,1.0,0.0,0.0,0.0,0.0,0.0,0.6000000000000001,0.0,-0.3,0.0,0.0,16.0,25903.0
2026-07-30T18:57:14.549Z,4.032,4.0440000000000005,-0.1,7.4,0.0,0.0,0.0,0.0,0.0,0.0,0.0,0.0,1.0,0.0,0.0,0.0,9.0,4.0,0.0,0.0,0.0,0.0,0.0,0.0,0.0,0.0,2.0,12.0,1.0,12.15,5.01,2.5,1.49,0.0,0.0,0.0,301.1,0.0,-0.8,-0.4,-0.1,95.8,0.0,0.0,264.2,0.0,20.9,9.4,9.4,11.0,300.0,300.0,28.8,31.4,28.0,27.200000000000003,29.1,4.95,1.99,4.97,0.16,0.0,0.0,1027.0,8228.0,0.0,0.0,0.0,0.0,0.0,1.0,0.0,0.0,0.0,0.0,0.0,0.0,0.0,0.6000000000000001,0.0,0.0,16.0,25903.0
2026-07-30T18:57:14.562Z,4.045,4.056,0.0,7.4,0.0,0.0,0.0,0.0,0.0,0.0,0.0,0.0,1.0,0.0,0.0,0.0,9.0,4.0,0.0,0.0,0.0,0.0,0.0,0.0,0.0,0.0,3.0,12.0,1.0,12.15,5.01,2.5,1.49,0.0,0.0,0.0,301.1,0.0,-0.2,1.2000000000000002,-0.7000000000000001,95.8,0.0,0.0,264.2,0.0,20.9,9.4,9.4,11.0,300.0,300.0,28.8,31.4,28.0,27.200000000000003,29.1,4.95,1.99,4.96,0.16,0.0,0.0,1027.0,8228.0,0.0,0.0,0.0,0.0,0.0,1.0,0.0,0.0,0.0,0.0,0.0,0.0,0.0,1.3,0.0,0.0,16.0,25903.0
2026-07-30T18:57:14.573Z,4.056,4.0680000000000005,0.0,7.4,0.0,0.0,0.0,0.0,0.0,0.0,0.0,0.0,1.0,0.0,0.0,0.0,9.0,4.0,0.0,0.0,0.0,0.0,0.0,0.0,0.0,0.0,4.0,12.0,1.0,12.15,5.01,2.5,1.49,0.0,0.0,0.0,301.1,0.0,0.8,-0.5,-0.1,95.8,0.0,0.0,264.40000000000003,0.0,20.9,9.4,9.4,11.0,300.0,300.0,28.8,31.4,28.0,27.200000000000003,29.1,4.96,1.99,4.96,0.16,0.0,0.0,1027.0,8228.0,0.0,0.0,0.0,0.0,0.0,1.0,0.0,0.0,0.0,0.0,0.0,0.8,0.0,-0.9,0.0,0.0,16.0,25903.0
2026-07-30T18:57:14.586Z,4.069,4.08,0.0,7.4,0.0,0.0,0.0,0.0,0.0,0.0,0.0,0.0,1.0,0.0,0.0,0.0,9.0,4.0,0.0,0.0,0.0,0.0,0.0,0.0,0.0,0.0,5.0,12.0,1.0,12.15,5.01,2.51,1.49,0.0,0.0,0.0,301.1,0.0,0.8,0.6000000000000001,0.4,95.8,0.0,0.0,264.2,0.0,21.700000000000003,9.7,9.7,11.2,300.0,300.0,28.8,31.4,28.0,27.3,29.1,4.95,1.99,4.97,0.16,0.0,0.0,1027.0,8228.0,0.0,0.0,0.0,0.0,0.0,1.0,0.0,0.0,0.0,0.0,0.0,-0.2,0.0,-2.3000000000000003,0.0,0.0,16.0,25903.0
2026-07-30T18:57:14.598Z,4.081,4.0920000000000005,0.0,7.4,0.0,0.0,0.0,0.0,0.0,0.0,0.0,0.0,1.0,0.0,0.0,0.0,9.0,4.0,0.0,0.0,0.0,0.0,0.0,0.0,0.0,0.0,6.0,12.0,1.0,12.15,5.01,2.51,1.49,0.0,0.0,0.0,301.1,0.0,0.1,-0.5,-1.3,95.8,0.0,0.0,264.2,0.0,21.700000000000003,9.7,9.7,11.2,300.0,300.0,28.8,31.4,28.0,27.3,29.1,4.95,1.99,4.97,0.16,0.0,0.0,1027.0,8228.0,0.0,0.0,0.0,0.0,0.0,1.0,0.0,0.0,0.0,0.0,0.0,1.2000000000000002,0.0,1.5,0.0,0.0,16.0,25903.0
2026-07-30T18:57:14.609Z,4.092,4.104,0.0,7.4,0.0,0.0,0.0,0.0,0.0,0.0,0.0,0.0,1.0,0.0,0.0,0.0,9.0,4.0,0.0,0.0,0.0,0.0,0.0,0.0,0.0,0.0,1.0,12.0,1.0,12.15,5.01,2.51,1.49,0.0,0.0,0.0,301.1,0.0,0.1,0.0,-0.2,95.8,0.0,0.0,264.2,0.0,21.700000000000003,9.7,9.7,11.2,300.0,300.0,28.8,31.4,28.0,27.3,29.1,4.95,1.99,4.96,0.16,0.0,0.0,1027.0,8228.0,0.0,0.0,0.0,0.0,0.0,1.0,0.0,0.0,0.0,0.0,0.0,0.2,0.0,0.1,0.0,0.0,16.0,25903.0
2026-07-30T18:57:14.621Z,4.104,4.116,0.0,7.4,0.0,0.0,0.0,0.0,0.0,0.0,0.0,0.0,1.0,0.0,0.0,0.0,9.0,4.0,0.0,0.0,0.0,0.0,0.0,0.0,0.0,0.0,2.0,12.0,1.0,12.15,5.01,2.51,1.49,0.0,0.0,0.0,301.1,0.0,-0.9,-1.1,-0.8,95.8,0.0,0.0,264.2,0.0,21.700000000000003,9.7,9.7,11.2,300.0,300.0,28.8,31.4,28.0,27.3,29.1,4.96,1.99,4.96,0.16,0.0,0.0,1027.0,8228.0,0.0,0.0,0.0,0.0,0.0,1.0,0.0,0.0,0.0,0.0,0.0,0.6000000000000001,0.0,1.8,0.0,0.0,16.0,25903.0
2026-07-30T18:57:14.634Z,4.117,4.128,0.0,7.4,0.0,0.0,0.0,0.0,0.0,0.0,0.0,0.0,1.0,0.0,0.0,0.0,9.0,4.0,0.0,0.0,0.0,0.0,0.0,0.0,0.0,0.0,3.0,12.0,1.0,12.15,5.01,2.51,1.49,0.0,0.0,0.0,301.1,0.0,-0.9,0.0,-0.7000000000000001,95.8,0.0,0.0,264.2,0.0,21.700000000000003,9.7,9.7,11.2,300.0,300.0,28.8,31.4,28.0,27.3,29.1,4.95,1.99,4.97,0.16,0.0,0.0,1027.0,8228.0,0.0,0.0,0.0,0.0,0.0,1.0,0.0,0.0,0.0,0.0,0.0,0.7000000000000001,0.0,0.4,0.0,0.0,16.0,25903.0
2026-07-30T18:57:14.646Z,4.129,4.14,0.0,7.4,0.0,0.0,0.0,0.0,0.0,0.0,0.0,0.0,1.0,0.0,0.0,0.0,9.0,4.0,0.0,0.0,0.0,0.0,0.0,0.0,0.0,0.0,4.0,12.0,1.0,12.15,5.01,2.51,1.49,0.0,0.0,0.0,301.1,0.0,-1.4,-0.4,-1.9,95.8,0.0,0.0,264.2,0.0,21.700000000000003,9.7,9.7,11.2,300.0,300.0,28.8,31.4,28.0,27.3,29.1,4.96,1.99,4.97,0.16,0.0,0.0,1027.0,8228.0,0.0,0.0,0.0,0.0,0.0,1.0,0.0,0.0,0.0,0.0,0.0,1.7000000000000002,0.0,1.8,0.0,0.0,16.0,25903.0
2026-07-30T18:57:14.657Z,4.14,4.152,0.0,7.4,0.0,0.0,0.0,0.0,0.0,0.0,0.0,0.0,1.0,0.0,0.0,0.0,9.0,4.0,0.0,0.0,0.0,0.0,0.0,0.0,0.0,0.0,5.0,12.0,1.0,12.15,5.01,2.51,1.49,0.0,0.0,0.0,301.1,0.0,0.3,1.3,1.0,95.8,0.0,0.0,264.2,0.0,21.700000000000003,9.7,9.7,11.2,300.0,300.0,28.8,31.4,28.0,27.3,29.1,4.96,1.99,4.96,0.16,0.0,0.0,1027.0,8228.0,0.0,0.0,0.0,0.0,0.0,1.0,0.0,0.0,0.0,0.0,0.0,-0.8,0.0,-2.2,0.0,0.0,16.0,25903.0
2026-07-30T18:57:14.672Z,4.155,4.164,0.0,7.4,0.0,0.0,0.0,0.0,0.0,0.0,0.0,0.0,1.0,0.0,0.0,0.0,9.0,4.0,0.0,0.0,0.0,0.0,0.0,0.0,0.0,0.0,1.0,12.0,1.0,12.15,5.01,2.51,1.49,0.0,0.0,0.0,301.1,0.0,0.3,0.1,1.0,95.8,0.0,0.0,264.2,0.0,21.700000000000003,9.7,9.7,11.2,300.0,300.0,28.8,31.4,28.0,27.3,29.1,4.95,1.99,4.96,0.16,0.0,0.0,1027.0,8228.0,0.0,0.0,0.0,0.0,0.0,1.0,0.0,0.0,0.0,0.0,0.0,-0.9,0.0,-0.8,0.0,0.0,16.0,25903.0
2026-07-30T18:57:14.681Z,4.164,4.176,0.0,7.4,0.0,0.0,0.0,0.0,0.0,0.0,0.0,0.0,1.0,0.0,0.0,0.0,9.0,4.0,0.0,0.0,0.0,0.0,0.0,0.0,0.0,0.0,2.0,12.0,1.0,12.15,5.01,2.51,1.49,0.0,0.0,0.0,301.1,0.0,0.3,-0.4,0.5,95.8,0.0,0.0,264.2,0.0,21.700000000000003,9.7,9.7,11.2,300.0,300.0,28.8,31.4,28.0,27.3,29.1,4.95,1.99,4.97,0.16,0.0,0.0,1027.0,8228.0,0.0,0.0,0.0,0.0,0.0,1.0,0.0,0.0,0.0,0.0,0.0,-0.5,0.0,0.1,0.0,0.0,16.0,25903.0
2026-07-30T18:57:14.693Z,4.176,4.188,0.0,7.4,0.0,0.0,0.0,0.0,0.0,0.0,0.0,0.0,1.0,0.0,0.0,0.0,9.0,4.0,0.0,0.0,0.0,0.0,0.0,0.0,0.0,0.0,4.0,12.0,1.0,12.15,5.0200000000000005,2.51,1.49,0.0,0.0,0.0,301.1,0.0,0.3,-0.4,0.0,95.8,0.0,0.0,264.2,0.0,21.4,9.9,9.9,11.4,300.0,300.0,28.8,31.5,28.0,27.3,29.1,4.96,1.99,4.96,0.16,0.0,0.0,1027.0,8228.0,0.0,0.0,0.0,0.0,0.0,1.0,0.0,0.0,0.0,0.0,0.0,0.0,0.0,0.5,0.0,0.0,16.0,25903.0
2026-07-30T18:57:14.705Z,4.188,4.2,0.0,7.4,0.0,0.0,0.0,0.0,0.0,0.0,0.0,0.0,1.0,0.0,0.0,0.0,9.0,4.0,0.0,0.0,0.0,0.0,0.0,0.0,0.0,0.0,5.0,12.0,1.0,12.15,5.0200000000000005,2.51,1.49,0.0,0.0,0.0,301.1,0.0,-0.8,-0.4,-1.1,95.8,0.0,0.0,264.2,0.0,21.4,9.9,9.9,11.4,300.0,300.0,28.8,31.5,28.0,27.3,29.1,4.96,1.99,4.96,0.16,0.0,0.0,1027.0,8228.0,0.0,0.0,0.0,0.0,0.0,1.0,0.0,0.0,0.0,0.0,0.0,1.0,0.0,1.3,0.0,0.0,16.0,25903.0
2026-07-30T18:57:14.717Z,4.2,4.212,0.0,7.4,0.0,0.0,0.0,0.0,0.0,0.0,0.0,0.0,1.0,0.0,0.0,0.0,9.0,4.0,0.0,0.0,0.0,0.0,0.0,0.0,0.0,0.0,1.0,12.0,1.0,12.15,5.0200000000000005,2.51,1.49,0.0,0.0,0.0,301.1,0.0,0.9,-0.4,-1.1,95.8,0.0,0.0,264.2,0.0,21.4,9.9,9.9,11.4,300.0,300.0,28.8,31.5,28.0,27.3,29.1,4.95,1.99,4.96,0.16,0.0,0.0,1027.0,8228.0,0.0,0.0,0.0,0.0,0.0,1.0,0.0,0.0,0.0,0.0,0.0,1.0,0.0,1.2000000000000002,0.0,0.0,16.0,25903.0
2026-07-30T18:57:14.729Z,4.212,4.224,0.0,7.4,0.0,0.0,0.0,0.0,0.0,0.0,0.0,0.0,1.0,0.0,0.0,0.0,9.0,4.0,0.0,0.0,0.0,0.0,0.0,0.0,0.0,0.0,2.0,12.0,1.0,12.15,5.0200000000000005,2.51,1.49,0.0,0.1,0.0,301.1,0.0,-0.2,-0.4,0.0,95.8,0.0,0.0,264.3,0.0,21.4,9.9,9.9,11.4,300.0,300.0,28.8,31.5,28.0,27.3,29.1,4.96,1.99,4.96,0.16,0.0,0.0,1027.0,8228.0,0.0,0.0,0.0,0.0,0.0,1.0,0.0,0.0,0.0,0.0,0.0,-0.1,0.0,0.4,0.0,0.0,16.0,25903.0
2026-07-30T18:57:14.741Z,4.224,4.236,-0.1,7.4,0.0,0.0,0.0,0.0,0.0,0.0,0.0,0.0,1.0,0.0,0.0,0.0,9.0,4.0,0.0,0.0,0.0,0.0,0.0,0.0,0.0,0.0,4.0,12.0,1.0,12.15,5.0200000000000005,2.51,1.49,0.0,0.0,0.0,301.1,0.0,0.3,-0.4,-0.5,95.8,0.0,0.0,264.2,0.0,21.4,9.9,9.9,11.4,300.0,300.0,28.8,31.5,28.0,27.3,29.1,4.95,2.0,4.96,0.16,0.0,0.0,1027.0,8228.0,0.0,0.0,0.0,0.0,0.0,1.0,0.0,0.0,0.0,0.0,0.0,0.4,0.0,0.8,0.0,0.0,16.0,25903.0
2026-07-30T18:57:14.753Z,4.236,4.248,-0.1,7.4,0.0,0.0,0.0,0.0,0.0,0.0,0.0,0.0,1.0,0.0,0.0,0.0,9.0,4.0,0.0,0.0,0.0,0.0,0.0,0.0,0.0,0.0,5.0,12.0,1.0,12.15,5.0200000000000005,2.51,1.49,0.0,0.0,0.0,301.1,0.0,-0.2,1.2000000000000002,-0.6000000000000001,95.8,0.0,0.0,264.2,0.0,21.4,9.9,9.9,11.4,300.0,300.0,28.8,31.5,28.0,27.3,29.1,4.95,1.99,4.97,0.16,0.0,0.0,1027.0,8228.0,0.0,0.0,0.0,0.0,0.0,1.0,0.0,0.0,0.0,0.0,0.0,0.7000000000000001,0.0,-1.0,0.0,0.0,16.0,25903.0
2026-07-30T18:57:14.766Z,4.249,4.26,0.0,7.4,0.0,0.0,0.0,0.0,0.0,0.0,0.0,0.0,1.0,0.0,0.0,0.0,9.0,4.0,0.0,0.0,0.0,0.0,0.0,0.0,0.0,0.0,1.0,12.0,1.0,12.15,5.0200000000000005,2.51,1.49,0.0,0.0,0.0,301.1,0.0,0.9,0.6000000000000001,-0.1,95.8,0.0,0.0,264.2,0.0,21.4,9.9,9.9,11.4,300.0,300.0,28.8,31.5,28.0,27.3,29.1,4.95,1.99,4.97,0.16,0.0,0.0,1027.0,8228.0,0.0,0.0,0.0,0.0,0.0,1.0,0.0,0.0,0.0,0.0,0.0,0.2,0.0,-0.6000000000000001,0.0,0.0,16.0,25903.0
2026-07-30T18:57:14.778Z,4.261,4.272,0.0,7.4,0.0,0.0,0.0,0.0,0.0,0.0,0.0,0.0,1.0,0.0,0.0,0.0,9.0,4.0,0.0,0.0,0.0,0.0,0.0,0.0,0.0,0.0,2.0,12.0,1.0,12.15,5.0200000000000005,2.51,1.49,0.0,0.0,0.0,301.1,0.0,0.3,0.0,1.5,95.8,0.0,0.0,264.2,0.0,21.4,9.9,9.9,11.4,300.0,300.0,28.8,31.5,28.0,27.3,29.1,4.96,1.99,4.96,0.16,0.0,0.0,1027.0,8228.0,0.0,0.0,0.0,0.0,0.0,1.0,0.0,0.0,0.0,0.0,0.0,-1.4,0.0,-1.1,0.0,0.0,16.0,25903.0
2026-07-30T18:57:14.790Z,4.273,4.284,0.0,7.4,0.0,0.0,0.0,0.0,0.0,0.0,0.0,0.0,1.0,0.0,0.0,0.0,9.0,4.0,0.0,0.0,0.0,0.0,0.0,0.0,0.0,0.0,3.0,12.0,1.0,12.14,5.0200000000000005,2.5,1.49,0.0,0.0,0.0,301.1,0.0,0.3,0.1,-0.8,95.8,0.0,0.0,264.2,0.0,21.4,10.1,10.1,11.7,300.0,300.0,28.8,31.5,28.0,27.200000000000003,29.1,4.95,1.99,4.97,0.16,0.0,0.0,1027.0,8228.0,0.0,0.0,0.0,0.0,0.0,1.0,0.0,0.0,0.0,0.0,0.0,0.7000000000000001,0.0,0.4,0.0,0.0,16.0,25903.0
2026-07-30T18:57:14.801Z,4.284,4.296,0.0,7.4,0.0,0.0,0.0,0.0,0.0,0.0,0.0,0.0,1.0,0.0,0.0,0.0,9.0,4.0,0.0,0.0,0.0,0.0,0.0,0.0,0.0,0.0,4.0,12.0,1.0,12.14,5.0200000000000005,2.5,1.49,0.0,0.0,0.0,301.2,0.0,-0.2,0.0,0.9,95.8,0.0,0.0,264.2,0.0,21.4,10.1,10.1,11.7,300.0,300.0,28.8,31.5,28.0,27.200000000000003,29.1,4.95,1.99,4.96,0.16,0.0,0.0,1027.0,8228.0,0.0,0.0,0.0,0.0,0.0,1.0,0.0,0.0,0.0,0.0,0.0,-0.8,0.0,-0.7000000000000001,0.0,0.0,16.0,25903.0
2026-07-30T18:57:14.813Z,4.296,4.308,0.0,7.4,0.0,0.0,0.0,0.0,0.0,0.0,0.0,0.0,1.0,0.0,0.0,0.0,9.0,4.0,0.0,0.0,0.0,0.0,0.0,0.0,0.0,0.0,5.0,12.0,1.0,12.14,5.0200000000000005,2.5,1.49,0.0,0.0,0.0,301.2,0.0,0.3,-0.4,-1.3,95.8,0.0,0.0,264.2,0.0,21.4,10.1,10.1,11.7,300.0,300.0,28.8,31.5,28.0,27.200000000000003,29.1,4.96,2.0,4.96,0.16,0.0,0.0,1027.0,8228.0,0.0,0.0,0.0,0.0,0.0,1.0,0.0,0.0,0.0,0.0,0.0,1.2000000000000002,0.0,1.4,0.0,0.0,16.0,25903.0
2026-07-30T18:57:14.825Z,4.308,4.32,0.0,7.4,0.0,0.0,0.0,0.0,0.0,0.0,0.0,0.0,1.0,0.0,0.0,0.0,9.0,4.0,0.0,0.0,0.0,0.0,0.0,0.0,0.0,0.0,1.0,12.0,1.0,12.14,5.0200000000000005,2.5,1.49,0.0,0.0,0.0,301.1,0.0,0.3,-1.0,-1.3,95.8,0.0,0.0,264.2,0.0,21.4,10.1,10.1,11.7,300.0,300.0,28.8,31.5,28.0,27.200000000000003,29.1,4.95,2.0,4.97,0.16,0.0,0.0,1027.0,8228.0,0.0,0.0,0.0,0.0,0.0,1.0,0.0,0.0,0.0,0.0,0.0,1.1,0.0,2.1,0.0,0.0,16.0,25903.0
2026-07-30T18:57:14.837Z,4.32,4.332,0.0,7.4,0.0,0.0,0.0,0.0,0.0,0.0,0.0,0.0,1.0,0.0,0.0,0.0,9.0,4.0,0.0,0.0,0.0,0.0,0.0,0.0,0.0,0.0,2.0,12.0,1.0,12.14,5.0200000000000005,2.5,1.49,0.0,0.0,0.0,301.1,0.0,0.3,-0.4,0.4,95.8,0.0,0.0,264.2,0.0,21.4,10.1,10.1,11.7,300.0,300.0,28.8,31.5,28.0,27.200000000000003,29.1,4.95,1.99,4.96,0.16,0.0,0.0,1027.0,8228.0,0.0,0.0,0.0,0.0,0.0,1.0,0.0,0.0,0.0,0.0,0.0,-0.4,0.0,0.2,0.0,0.0,16.0,25903.0
2026-07-30T18:57:14.849Z,4.332,4.344,0.0,7.4,0.0,0.0,0.0,0.0,0.0,0.0,0.0,0.0,1.0,0.0,0.0,0.0,9.0,4.0,0.0,0.0,0.0,0.0,0.0,0.0,0.0,0.0,4.0,12.0,1.0,12.14,5.0200000000000005,2.5,1.49,0.0,0.0,0.0,301.1,0.0,0.3,0.1,1.0,95.8,0.0,0.0,264.2,0.0,21.4,10.1,10.1,11.7,300.0,300.0,28.8,31.5,28.0,27.200000000000003,29.1,4.95,2.0,4.96,0.16,0.0,0.0,1027.0,8228.0,0.0,0.0,0.0,0.0,0.0,1.0,0.0,0.0,0.0,0.0,0.0,-0.9,0.0,-0.8,0.0,0.0,16.0,25903.0
2026-07-30T18:57:14.862Z,4.345,4.356,0.0,7.4,0.0,0.0,0.0,0.0,0.0,0.0,0.0,0.0,1.0,0.0,0.0,0.0,9.0,4.0,0.0,0.0,0.0,0.0,0.0,0.0,0.0,0.0,5.0,12.0,1.0,12.14,5.0200000000000005,2.5,1.49,0.0,0.0,0.0,301.1,0.0,-0.7000000000000001,0.6000000000000001,1.6,95.8,0.0,0.0,264.2,0.0,21.4,10.1,10.1,11.7,300.0,300.0,28.8,31.5,28.0,27.200000000000003,29.1,4.96,1.99,4.96,0.16,0.0,0.0,1027.0,8228.0,0.0,0.0,0.0,0.0,0.0,1.0,0.0,0.0,0.0,0.0,0.0,-1.4,0.0,-1.9,0.0,0.0,16.0,25903.0
2026-07-30T18:57:14.873Z,4.356,4.368,0.0,7.4,0.0,0.0,0.0,0.0,0.0,0.0,0.0,0.0,1.0,0.0,0.0,0.0,9.0,4.0,0.0,0.0,0.0,0.0,0.0,0.0,0.0,0.0,1.0,12.0,1.0,12.14,5.0200000000000005,2.5,1.49,0.0,0.0,0.0,301.1,0.0,0.3,-0.5,0.0,95.8,0.0,0.0,264.2,0.0,21.4,10.1,10.1,11.7,300.0,300.0,28.8,31.5,28.0,27.200000000000003,29.1,4.95,1.99,4.97,0.16,0.0,0.0,1027.0,8228.0,0.0,0.0,0.0,0.0,0.0,1.0,0.0,0.0,0.0,0.0,0.0,0.0,0.0,0.6000000000000001,0.0,0.0,16.0,25903.0
2026-07-30T18:57:14.885Z,4.368,4.38,0.0,7.4,0.0,0.0,0.0,0.0,0.0,0.0,0.0,0.0,1.0,0.0,0.0,0.0,9.0,4.0,0.0,0.0,0.0,0.0,0.0,0.0,0.0,0.0,2.0,12.0,1.0,12.14,5.0200000000000005,2.5,1.49,0.0,0.0,0.0,301.1,0.0,-0.7000000000000001,-1.6,-0.6000000000000001,95.8,0.0,0.0,264.3,0.0,21.4,10.1,10.1,11.7,300.0,300.0,28.8,31.5,28.0,27.200000000000003,29.1,4.95,2.0,4.96,0.16,0.0,0.0,1027.0,8228.0,0.0,0.0,0.0,0.0,0.0,1.0,0.0,0.0,0.0,0.0,0.0,0.4,0.0,2.3000000000000003,0.0,0.0,16.0,25903.0
2026-07-30T18:57:14.897Z,4.38,4.392,0.0,7.4,0.0,0.0,0.0,0.0,0.0,0.0,0.0,0.0,1.0,0.0,0.0,0.0,9.0,4.0,0.0,0.0,0.0,0.0,0.0,0.0,0.0,0.0,3.0,12.0,1.0,12.17,5.01,2.51,1.49,0.0,0.0,0.0,301.1,0.0,-0.2,1.2000000000000002,0.0,95.8,0.0,0.0,264.2,0.0,21.9,10.4,10.4,11.9,300.0,300.0,28.8,31.5,28.0,27.200000000000003,29.1,4.95,1.99,4.96,0.16,0.0,0.0,1027.0,8228.0,0.0,0.0,0.0,0.0,0.0,1.0,0.0,0.0,0.0,0.0,0.0,0.1,0.0,-1.4,0.0,0.0,16.0,25903.0
2026-07-30T18:57:14.910Z,4.393,4.404,0.0,7.4,0.0,0.0,0.0,0.0,0.0,0.0,0.0,0.0,1.0,0.0,0.0,0.0,9.0,4.0,0.0,0.0,0.0,0.0,0.0,0.0,0.0,0.0,4.0,12.0,1.0,12.17,5.01,2.51,1.49,0.0,0.0,0.0,301.1,0.0,0.3,1.3,0.0,95.8,0.0,0.0,264.2,0.0,21.9,10.4,10.4,11.9,300.0,300.0,28.8,31.5,28.0,27.200000000000003,29.1,4.95,1.99,4.96,0.16,0.0,0.0,1027.0,8228.0,0.0,0.0,0.0,0.0,0.0,1.0,0.0,0.0,0.0,0.0,0.0,0.1,0.0,-1.5,0.0,0.0,16.0,25903.0
2026-07-30T18:57:14.922Z,4.405,4.416,0.0,7.4,0.0,0.0,0.0,0.0,0.0,0.0,0.0,0.0,1.0,0.0,0.0,0.0,9.0,4.0,0.0,0.0,0.0,0.0,0.0,0.0,0.0,0.0,5.0,12.0,1.0,12.17,5.01,2.51,1.49,0.0,0.0,0.0,301.1,0.0,0.9,0.7000000000000001,1.1,95.8,0.0,0.0,264.2,0.0,21.9,10.4,10.4,11.9,300.0,300.0,28.8,31.5,28.0,27.200000000000003,29.1,4.95,1.99,4.97,0.16,0.0,0.0,1027.0,8228.0,0.0,0.0,0.0,0.0,0.0,1.0,0.0,0.0,0.0,0.0,0.0,-0.9,0.0,-1.6,0.0,0.0,16.0,25903.0
2026-07-30T18:57:14.933Z,4.416,4.428,-0.1,7.4,0.0,0.0,0.0,0.0,0.0,0.0,0.0,0.0,1.0,0.0,0.0,0.0,9.0,4.0,0.0,0.0,0.0,0.0,0.0,0.0,0.0,0.0,6.0,12.0,1.0,12.17,5.01,2.51,1.49,0.0,0.0,0.0,301.1,0.0,-0.7000000000000001,0.1,-1.1,95.8,0.0,0.0,264.3,0.0,21.9,10.4,10.4,11.9,300.0,300.0,28.8,31.5,28.0,27.200000000000003,29.1,4.95,1.99,4.96,0.16,0.0,0.0,1027.0,8228.0,0.0,0.0,0.0,0.0,0.0,1.0,0.0,0.0,0.0,0.0,0.0,1.1,0.0,0.6000000000000001,0.0,0.0,16.0,25903.0
2026-07-30T18:57:14.945Z,4.428,4.44,-0.1,7.4,0.0,0.0,0.0,0.0,0.0,0.0,0.0,0.0,1.0,0.0,0.0,0.0,9.0,4.0,0.0,0.0,0.0,0.0,0.0,0.0,0.0,0.0,2.0,12.0,1.0,12.17,5.01,2.51,1.49,0.0,0.0,0.0,301.0,0.0,-0.2,-0.4,0.0,95.8,0.0,0.0,264.2,0.0,21.9,10.4,10.4,11.9,300.0,300.0,28.8,31.5,28.0,27.200000000000003,29.1,4.95,1.99,4.96,0.16,0.0,0.0,1027.0,8228.0,0.0,0.0,0.0,0.0,0.0,1.0,0.0,0.0,0.0,0.0,0.0,0.0,0.0,0.5,0.0,0.0,16.0,25903.0
2026-07-30T18:57:14.958Z,4.441,4.452,0.0,7.4,0.0,0.0,0.0,0.0,0.0,0.0,0.0,0.0,1.0,0.0,0.0,0.0,9.0,4.0,0.0,0.0,0.0,0.0,0.0,0.0,0.0,0.0,3.0,12.0,1.0,12.17,5.01,2.51,1.49,0.0,0.0,0.0,301.1,0.0,-0.2,1.2000000000000002,1.6,95.8,0.0,0.0,264.2,0.0,21.9,10.4,10.4,11.9,300.0,300.0,28.8,31.5,28.0,27.200000000000003,29.1,4.95,1.99,4.96,0.16,0.0,0.0,1027.0,8228.0,0.0,0.0,0.0,0.0,0.0,1.0,0.0,0.0,0.0,0.0,0.0,-1.4,0.0,-2.5,0.0,0.0,16.0,25903.0
2026-07-30T18:57:14.969Z,4.452,4.464,0.0,7.4,0.0,0.0,0.0,0.0,0.0,0.0,0.0,0.0,1.0,0.0,0.0,0.0,9.0,4.0,0.0,0.0,0.0,0.0,0.0,0.0,0.0,0.0,4.0,12.0,1.0,12.17,5.01,2.51,1.49,0.0,0.0,0.0,301.2,0.0,0.3,-0.4,-0.6000000000000001,95.8,0.0,0.0,264.2,0.0,21.9,10.4,10.4,11.9,300.0,300.0,28.8,31.5,28.0,27.200000000000003,29.1,4.95,1.99,4.96,0.16,0.0,0.0,1027.0,8228.0,0.0,0.0,0.0,0.0,0.0,1.0,0.0,0.0,0.0,0.0,0.0,0.5,0.0,1.0,0.0,0.0,16.0,25903.0
2026-07-30T18:57:14.982Z,4.465,4.476,0.0,7.4,0.0,0.0,0.0,0.0,0.0,0.0,0.0,0.0,1.0,0.0,0.0,0.0,9.0,4.0,0.0,0.0,0.0,0.0,0.0,0.0,0.0,0.0,5.0,12.0,1.0,12.17,5.01,2.51,1.49,0.0,0.0,0.0,301.1,0.0,-0.2,-1.0,0.5,95.8,0.0,0.0,264.2,0.0,21.9,10.4,10.4,11.9,300.0,300.0,28.8,31.5,28.0,27.200000000000003,29.1,4.95,2.0,4.96,0.16,0.0,0.0,1027.0,8228.0,0.0,0.0,0.0,0.0,0.0,1.0,0.0,0.0,0.0,0.0,0.0,-0.5,0.0,0.8,0.0,0.0,16.0,25903.0
2026-07-30T18:57:14.994Z,4.477,4.488,0.0,7.4,0.0,0.0,0.0,0.0,0.0,0.0,0.0,0.0,1.0,0.0,0.0,0.0,9.0,4.0,0.0,0.0,0.0,0.0,0.0,0.0,0.0,0.0,6.0,12.0,1.0,12.17,5.0200000000000005,2.51,1.49,0.0,0.0,0.0,301.1,0.0,0.9,0.1,-1.2000000000000002,95.8,0.0,0.0,264.3,0.0,21.3,10.6,10.6,12.1,300.0,300.0,28.9,31.5,28.0,27.200000000000003,29.1,4.95,1.99,4.97,0.16,0.0,0.0,1027.0,8228.0,0.0,0.0,0.0,0.0,0.0,1.0,0.0,0.0,0.0,0.0,0.0,1.1,0.0,0.6000000000000001,0.0,0.0,16.0,25903.0
2026-07-30T18:57:15.005Z,4.488,4.5,0.0,7.4,0.0,0.0,0.0,0.0,0.0,0.0,0.0,0.0,1.0,0.0,0.0,0.0,9.0,4.0,0.0,0.0,0.0,0.0,0.0,0.0,0.0,0.0,1.0,12.0,1.0,12.17,5.0200000000000005,2.51,1.49,0.0,0.0,0.0,301.1,0.0,-0.2,-0.4,-0.6000000000000001,95.8,0.0,0.0,264.2,0.0,21.3,10.6,10.6,12.1,300.0,300.0,28.9,31.5,28.0,27.200000000000003,29.1,4.95,1.99,4.97,0.16,0.0,0.0,1027.0,8228.0,0.0,0.0,0.0,0.0,0.0,1.0,0.0,0.0,0.0,0.0,0.0,0.5,0.0,0.9,0.0,0.0,16.0,25903.0
2026-07-30T18:57:15.018Z,4.501,4.5120000000000005,0.0,7.4,0.0,0.0,0.0,0.0,0.0,0.0,0.0,0.0,1.0,0.0,0.0,0.0,9.0,4.0,0.0,0.0,0.0,0.0,0.0,0.0,0.0,0.0,1.0,12.0,1.0,12.17,5.0200000000000005,2.51,1.49,0.0,0.0,0.0,301.1,0.0,-0.3,-0.4,-0.1,95.8,0.0,0.0,264.2,0.0,21.3,10.6,10.6,12.1,300.0,300.0,28.9,31.5,28.0,27.200000000000003,29.1,4.96,1.99,4.96,0.15,0.0,0.0,1027.0,8228.0,0.0,0.0,0.0,0.0,0.0,1.0,0.0,0.0,0.0,0.0,0.0,0.0,0.0,0.6000000000000001,0.0,0.0,16.0,25903.0
2026-07-30T18:57:15.029Z,4.512,4.524,0.0,7.4,0.0,0.0,0.0,0.0,0.0,0.0,0.0,0.0,1.0,0.0,0.0,0.0,9.0,4.0,0.0,0.0,0.0,0.0,0.0,0.0,0.0,0.0,2.0,12.0,1.0,12.17,5.0200000000000005,2.51,1.49,0.0,0.0,0.0,301.1,0.0,-1.4,-1.0,-0.6000000000000001,95.8,0.0,0.0,264.2,0.0,21.3,10.6,10.6,12.1,300.0,300.0,28.9,31.5,28.0,27.200000000000003,29.1,4.95,1.99,4.96,0.15,0.0,0.0,1027.0,8228.0,0.0,0.0,0.0,0.0,0.0,1.0,0.0,0.0,0.0,0.0,0.0,0.5,0.0,1.7000000000000002,0.0,0.0,16.0,25903.0
2026-07-30T18:57:15.041Z,4.524,4.5360000000000005,0.0,7.4,0.0,0.0,0.0,0.0,0.0,0.0,0.0,0.0,1.0,0.0,0.0,0.0,9.0,4.0,0.0,0.0,0.0,0.0,0.0,0.0,0.0,0.0,3.0,12.0,1.0,12.17,5.0200000000000005,2.51,1.49,0.0,0.0,0.0,301.2,0.0,-0.8,-0.5,-0.1,95.8,0.0,0.0,264.2,0.0,21.3,10.6,10.6,12.1,300.0,300.0,28.9,31.5,28.0,27.200000000000003,29.1,4.95,1.99,4.96,0.16,0.0,0.0,1027.0,8228.0,0.0,0.0,0.0,0.0,0.0,1.0,0.0,0.0,0.0,0.0,0.0,0.0,0.0,0.7000000000000001,0.0,0.0,16.0,25903.0
2026-07-30T18:57:15.053Z,4.536,4.548,0.0,7.4,0.0,0.0,0.0,0.0,0.0,0.0,0.0,0.0,1.0,0.0,0.0,0.0,9.0,4.0,0.0,0.0,0.0,0.0,0.0,0.0,0.0,0.0,4.0,12.0,1.0,12.17,5.0200000000000005,2.51,1.49,0.0,0.0,0.0,301.1,0.0,-0.3,1.1,-1.3,95.8,0.0,0.0,264.2,0.0,21.3,10.6,10.6,12.1,300.0,300.0,28.9,31.5,28.0,27.200000000000003,29.1,4.96,1.99,4.96,0.16,0.0,0.0,1027.0,8228.0,0.0,0.0,0.0,0.0,0.0,1.0,0.0,0.0,0.0,0.0,0.0,1.3,0.0,-0.4,0.0,0.0,16.0,25903.0
2026-07-30T18:57:15.065Z,4.548,4.5600000000000005,0.0,7.4,0.0,0.0,0.0,0.0,0.0,0.0,0.0,0.0,1.0,0.0,0.0,0.0,9.0,4.0,0.0,0.0,0.0,0.0,0.0,0.0,0.0,0.0,6.0,12.0,1.0,12.17,5.0200000000000005,2.51,1.49,0.0,0.0,0.0,301.1,0.0,0.2,-0.5,-0.7000000000000001,95.8,0.0,0.0,264.2,0.0,21.3,10.6,10.6,12.1,300.0,300.0,28.9,31.5,28.0,27.200000000000003,29.1,4.95,1.99,4.96,0.16,0.0,0.0,1027.0,8228.0,0.0,0.0,0.0,0.0,0.0,1.0,0.0,0.0,0.0,0.0,0.0,0.6000000000000001,0.0,1.2000000000000002,0.0,0.0,16.0,25903.0
2026-07-30T18:57:15.077Z,4.56,4.572,0.0,7.4,0.0,0.0,0.0,0.0,0.0,0.0,0.0,0.0,1.0,0.0,0.0,0.0,9.0,4.0,0.0,0.0,0.0,0.0,0.0,0.0,0.0,0.0,1.0,12.0,1.0,12.17,5.0200000000000005,2.51,1.49,0.0,0.0,0.0,301.1,0.0,-0.8,-0.5,-0.1,95.8,0.0,0.0,264.2,0.0,21.3,10.6,10.6,12.1,300.0,300.0,28.9,31.5,28.0,27.200000000000003,29.1,4.95,1.99,4.97,0.16,0.0,0.0,1027.0,8228.0,0.0,0.0,0.0,0.0,0.0,1.0,0.0,0.0,0.0,0.0,0.0,-0.3,0.0,-0.9,0.0,0.0,16.0,25903.0
2026-07-30T18:57:15.089Z,4.572,4.5840000000000005,0.0,7.4,0.0,0.0,0.0,0.0,0.0,0.0,0.0,0.0,1.0,0.0,0.0,0.0,9.0,4.0,0.0,0.0,0.0,0.0,0.0,0.0,0.0,0.0,2.0,12.0,1.0,12.17,5.0200000000000005,2.51,1.49,0.0,0.0,0.0,301.1,0.0,-0.2,0.0,-0.1,95.8,0.0,0.0,264.2,0.0,21.3,10.6,10.6,12.1,300.0,300.0,28.9,31.5,28.0,27.200000000000003,29.1,4.95,1.99,4.96,0.16,0.0,0.0,1027.0,8228.0,0.0,0.0,0.0,0.0,0.0,1.0,0.0,0.0,0.0,0.0,0.0,-0.3,0.0,-1.0,0.0,0.0,16.0,25903.0
2026-07-30T18:57:15.101Z,4.584,4.596,0.0,7.4,0.0,0.0,0.0,0.0,0.0,0.0,0.0,0.0,1.0,0.0,0.0,0.0,9.0,4.0,0.0,0.0,0.0,0.0,0.0,0.0,0.0,0.0,3.0,12.0,1.0,12.15,5.01,2.51,1.49,0.0,0.0,0.0,301.1,0.0,0.3,0.0,-0.1,95.8,0.0,0.0,264.2,0.0,21.4,10.8,10.8,12.3,300.0,300.0,28.9,31.4,28.0,27.200000000000003,29.1,4.96,1.99,4.96,0.17,0.0,0.0,1027.0,8228.0,0.0,0.0,0.0,0.0,0.0,1.0,0.0,0.0,0.0,0.0,0.0,-0.5,0.0,0.2,0.0,0.0,16.0,25903.0
2026-07-30T18:57:15.114Z,4.597,4.6080000000000005,0.0,7.4,0.0,0.0,0.0,0.0,0.0,0.0,0.0,0.0,1.0,0.0,0.0,0.0,9.0,4.0,0.0,0.0,0.0,0.0,0.0,0.0,0.0,0.0,4.0,12.0,1.0,12.15,5.01,2.51,1.49,0.0,0.0,0.0,301.1,0.0,0.3,0.6000000000000001,-1.2000000000000002,95.8,0.0,0.0,264.2,0.0,21.4,10.8,10.8,12.3,300.0,300.0,28.9,31.4,28.0,27.200000000000003,29.1,4.95,1.99,4.97,0.16,0.0,0.0,1027.0,8228.0,0.0,0.0,0.0,0.0,0.0,1.0,0.0,0.0,0.0,0.0,0.0,0.1,0.0,-0.6000000000000001,0.0,0.0,16.0,25903.0
2026-07-30T18:57:15.125Z,4.608,4.62,0.0,7.4,0.0,0.0,0.0,0.0,0.0,0.0,0.0,0.0,1.0,0.0,0.0,0.0,9.0,4.0,0.0,0.0,0.0,0.0,0.0,0.0,0.0,0.0,4.0,12.0,1.0,12.15,5.01,2.51,1.49,0.0,0.0,0.0,301.1,0.0,0.3,0.0,-0.6000000000000001,95.8,0.0,0.0,264.3,0.0,21.4,10.8,10.8,12.3,300.0,300.0,28.9,31.4,28.0,27.200000000000003,29.1,4.96,1.99,4.96,0.16,0.0,0.0,1027.0,8228.0,0.0,0.0,0.0,0.0,0.0,1.0,0.0,0.0,0.0,0.0,0.0,0.6000000000000001,0.0,0.3,0.0,0.0,16.0,25903.0
2026-07-30T18:57:15.137Z,4.62,4.632,0.0,7.4,0.0,0.0,0.0,0.0,0.0,0.0,0.0,0.0,1.0,0.0,0.0,0.0,9.0,4.0,0.0,0.0,0.0,0.0,0.0,0.0,0.0,0.0,6.0,12.0,1.0,12.15,5.01,2.51,1.49,0.0,0.0,0.0,301.1,0.0,0.9,1.8,1.0,95.8,0.0,0.0,264.2,0.0,21.4,10.8,10.8,12.3,300.0,300.0,28.9,31.4,28.0,27.200000000000003,29.1,4.96,1.99,4.97,0.16,0.0,0.0,1027.0,8228.0,0.0,0.0,0.0,0.0,0.0,1.0,0.0,0.0,0.0,0.0,0.0,-0.8,0.0,-2.8000000000000003,0.0,0.0,16.0,25903.0
2026-07-30T18:57:15.149Z,4.632,4.644,0.0,7.4,0.0,0.0,0.0,0.0,0.0,0.0,0.0,0.0,1.0,0.0,0.0,0.0,9.0,4.0,0.0,0.0,0.0,0.0,0.0,0.0,0.0,0.0,1.0,12.0,1.0,12.15,5.01,2.51,1.49,0.0,0.0,0.0,301.1,0.0,-0.2,1.2000000000000002,1.6,95.8,0.0,0.0,264.2,0.0,21.4,10.8,10.8,12.3,300.0,300.0,28.9,31.4,28.0,27.200000000000003,29.1,4.95,1.99,4.97,0.16,0.0,0.0,1027.0,8228.0,0.0,0.0,0.0,0.0,0.0,1.0,0.0,0.0,0.0,0.0,0.0,-1.4,0.0,-2.5,0.0,0.0,16.0,25903.0
2026-07-30T18:57:15.161Z,4.644,4.656,0.0,7.4,0.0,0.0,0.0,0.0,0.0,0.0,0.0,0.0,1.0,0.0,0.0,0.0,9.0,4.0,0.0,0.0,0.0,0.0,0.0,0.0,0.0,0.0,2.0,12.0,1.0,12.15,5.01,2.51,1.49,0.0,0.0,0.0,301.1,0.0,0.8,0.6000000000000001,-0.1,95.8,0.0,0.0,264.2,0.0,21.4,10.8,10.8,12.3,300.0,300.0,28.9,31.4,28.0,27.200000000000003,29.1,4.96,1.99,4.96,0.16,0.0,0.0,1027.0,8228.0,0.0,0.0,0.0,0.0,0.0,1.0,0.0,0.0,0.0,0.0,0.0,0.1,0.0,-0.6000000000000001,0.0,0.0,16.0,25903.0
2026-07-30T18:57:15.173Z,4.656,4.668,0.0,7.4,0.0,0.0,0.0,0.0,0.0,0.0,0.0,0.0,1.0,0.0,0.0,0.0,9.0,4.0,0.0,0.0,0.0,0.0,0.0,0.0,0.0,0.0,3.0,12.0,1.0,12.15,5.01,2.51,1.49,0.0,0.0,0.0,301.1,0.0,-0.2,-1.1,0.4,95.8,0.0,0.0,264.2,0.0,21.4,10.8,10.8,12.3,300.0,300.0,28.9,31.4,28.0,27.200000000000003,29.1,4.95,1.99,4.96,0.16,0.0,0.0,1027.0,8228.0,0.0,0.0,0.0,0.0,0.0,1.0,0.0,0.0,0.0,0.0,0.0,-0.5,0.0,1.0,0.0,0.0,16.0,25903.0
2026-07-30T18:57:15.185Z,4.668,4.68,0.0,7.4,0.0,0.0,0.0,0.0,0.0,0.0,0.0,0.0,1.0,0.0,0.0,0.0,9.0,4.0,0.0,0.0,0.0,0.0,0.0,0.0,0.0,0.0,4.0,12.0,1.0,12.15,5.01,2.51,1.49,0.0,0.0,0.0,301.1,0.0,-0.8,-0.5,0.4,95.8,0.0,0.0,264.2,0.0,21.4,10.8,10.8,12.3,300.0,300.0,28.9,31.4,28.0,27.200000000000003,29.1,4.95,1.99,4.97,0.15,0.0,0.0,1027.0,8228.0,0.0,0.0,0.0,0.0,0.0,1.0,0.0,0.0,0.0,0.0,0.0,-0.4,0.0,0.3,0.0,0.0,16.0,25903.0
2026-07-30T18:57:15.198Z,4.681,4.692,0.0,7.4,0.0,0.0,0.0,0.0,0.0,0.0,0.0,0.0,1.0,0.0,0.0,0.0,9.0,4.0,0.0,0.0,0.0,0.0,0.0,0.0,0.0,0.0,5.0,12.0,1.0,12.15,5.01,2.5,1.49,0.0,0.0,0.0,301.1,0.0,0.2,0.0,-0.7000000000000001,95.8,0.0,0.0,264.2,0.0,21.4,11.0,11.0,12.6,300.0,300.0,29.1,31.4,28.0,27.200000000000003,29.1,4.95,1.99,4.97,0.16,0.0,0.0,1027.0,8228.0,0.0,0.0,0.0,0.0,0.0,1.0,0.0,0.0,0.0,0.0,0.0,0.7000000000000001,0.0,0.4,0.0,0.0,16.0,25903.0
2026-07-30T18:57:15.209Z,4.692,4.704,0.0,7.4,0.0,0.0,0.0,0.0,0.0,0.0,0.0,0.0,1.0,0.0,0.0,0.0,9.0,4.0,0.0,0.0,0.0,0.0,0.0,0.0,0.0,0.0,1.0,12.0,1.0,12.15,5.01,2.5,1.49,0.0,0.0,0.0,301.1,0.0,-0.2,0.0,-0.7000000000000001,95.8,0.0,0.0,264.3,0.0,21.4,11.0,11.0,12.6,300.0,300.0,29.1,31.4,28.0,27.200000000000003,29.1,4.96,1.99,4.96,0.16,0.0,0.0,1027.0,8228.0,0.0,0.0,0.0,0.0,0.0,1.0,0.0,0.0,0.0,0.0,0.0,0.7000000000000001,0.0,0.4,0.0,0.0,16.0,25903.0
2026-07-30T18:57:15.221Z,4.704,4.716,0.0,7.4,0.0,0.0,0.0,0.0,0.0,0.0,0.0,0.0,1.0,0.0,0.0,0.0,9.0,4.0,0.0,0.0,0.0,0.0,0.0,0.0,0.0,0.0,2.0,12.0,1.0,12.15,5.01,2.5,1.49,0.0,0.0,0.0,301.1,0.0,0.3,0.7000000000000001,-0.6000000000000001,95.8,0.0,0.0,264.2,0.0,21.4,11.0,11.0,12.6,300.0,300.0,29.1,31.4,28.0,27.200000000000003,29.1,4.96,2.0,4.96,0.16,0.0,0.0,1027.0,8228.0,0.0,0.0,0.0,0.0,0.0,1.0,0.0,0.0,0.0,0.0,0.0,0.7000000000000001,0.0,-0.3,0.0,0.0,16.0,25903.0
2026-07-30T18:57:15.233Z,4.716,4.728,0.0,7.4,0.0,0.0,0.0,0.0,0.0,0.0,0.0,0.0,1.0,0.0,0.0,0.0,9.0,4.0,0.0,0.0,0.0,0.0,0.0,0.0,0.0,0.0,3.0,12.0,1.0,12.15,5.01,2.5,1.49,0.0,0.0,0.0,301.1,0.0,-0.2,0.1,0.4,95.8,0.0,0.0,264.2,0.0,21.4,11.0,11.0,12.6,300.0,300.0,29.1,31.4,28.0,27.200000000000003,29.1,4.96,1.99,4.97,0.16,0.0,0.0,1027.0,8228.0,0.0,0.0,0.0,0.0,0.0,1.0,0.0,0.0,0.0,0.0,0.0,-0.3,0.0,-0.4,0.0,0.0,16.0,25903.0
2026-07-30T18:57:15.245Z,4.728,4.74,0.0,7.4,0.0,0.0,0.0,0.0,0.0,0.0,0.0,0.0,1.0,0.0,0.0,0.0,9.0,4.0,0.0,0.0,0.0,0.0,0.0,0.0,0.0,0.0,4.0,12.0,1.0,12.15,5.01,2.5,1.49,0.0,0.0,0.0,301.1,0.0,-0.8,1.2000000000000002,-0.7000000000000001,95.8,0.0,0.0,264.2,0.0,21.4,11.0,11.0,12.6,300.0,300.0,29.1,31.4,28.0,27.200000000000003,29.1,4.95,1.99,4.97,0.16,0.0,0.0,1027.0,8228.0,0.0,0.0,0.0,0.0,0.0,1.0,0.0,0.0,0.0,0.0,0.0,0.8,0.0,-0.9,0.0,0.0,16.0,25903.0
2026-07-30T18:57:15.257Z,4.74,4.752,0.0,7.4,0.0,0.0,0.0,0.0,0.0,0.0,0.0,0.0,1.0,0.0,0.0,0.0,9.0,4.0,0.0,0.0,0.0,0.0,0.0,0.0,0.0,0.0,5.0,12.0,1.0,12.15,5.01,2.5,1.49,0.0,0.0,0.0,301.2,0.0,0.8,0.1,-0.1,95.8,0.0,0.0,264.2,0.0,21.4,11.0,11.0,12.6,300.0,300.0,29.1,31.4,28.0,27.200000000000003,29.1,4.96,1.99,4.96,0.16,0.0,0.0,1027.0,8228.0,0.0,0.0,0.0,0.0,0.0,1.0,0.0,0.0,0.0,0.0,0.0,0.1,0.0,0.0,0.0,0.0,16.0,25903.0
2026-07-30T18:57:15.269Z,4.752,4.764,0.0,7.4,0.0,0.0,0.0,0.0,0.0,0.0,0.0,0.0,1.0,0.0,0.0,0.0,9.0,4.0,0.0,0.0,0.0,0.0,0.0,0.0,0.0,0.0,6.0,12.0,1.0,12.15,5.01,2.5,1.49,0.0,0.0,0.0,301.1,0.0,-0.2,-1.0,0.4,95.8,0.0,0.0,264.2,0.0,21.4,11.0,11.0,12.6,300.0,300.0,29.1,31.4,28.0,27.200000000000003,29.1,4.95,1.99,4.97,0.16,0.0,0.0,1027.0,8228.0,0.0,0.0,0.0,0.0,0.0,1.0,0.0,0.0,0.0,0.0,0.0,-0.5,0.0,0.9,0.0,0.0,16.0,25903.0
2026-07-30T18:57:15.281Z,4.764,4.776,0.0,7.4,0.0,0.0,0.0,0.0,0.0,0.0,0.0,0.0,1.0,0.0,0.0,0.0,9.0,4.0,0.0,0.0,0.0,0.0,0.0,0.0,0.0,0.0,2.0,12.0,1.0,12.15,5.01,2.5,1.49,0.0,0.0,0.0,301.1,0.0,0.9,0.6000000000000001,-0.7000000000000001,95.8,0.0,0.0,264.2,0.0,21.4,11.0,11.0,12.6,300.0,300.0,29.1,31.4,28.0,27.200000000000003,29.1,4.95,1.99,4.96,0.16,0.0,0.0,1027.0,8228.0,0.0,0.0,0.0,0.0,0.0,1.0,0.0,0.0,0.0,0.0,0.0,0.7000000000000001,0.0,-0.2,0.0,0.0,16.0,25903.0
2026-07-30T18:57:15.293Z,4.776,4.788,0.0,7.4,0.0,0.0,0.0,0.0,0.0,0.0,0.0,0.0,1.0,0.0,0.0,0.0,9.0,4.0,0.0,0.0,0.0,0.0,0.0,0.0,0.0,0.0,2.0,12.0,1.0,12.15,5.01,2.5,1.49,0.0,0.0,0.0,301.1,0.0,0.9,1.2000000000000002,1.0,95.8,0.0,0.0,264.2,0.0,21.4,11.0,11.0,12.6,300.0,300.0,29.1,31.4,28.0,27.200000000000003,29.1,4.96,1.99,4.96,0.16,0.0,0.0,1027.0,8228.0,0.0,0.0,0.0,0.0,0.0,1.0,0.0,0.0,0.0,0.0,0.0,-0.7000000000000001,0.0,-2.1,0.0,0.0,16.0,25903.0
2026-07-30T18:57:15.306Z,4.789,4.8,0.0,7.4,0.0,0.0,0.0,0.0,0.0,0.0,0.0,0.0,1.0,0.0,0.0,0.0,9.0,4.0,0.0,0.0,0.0,0.0,0.0,0.0,0.0,0.0,4.0,12.0,1.0,12.14,5.0200000000000005,2.51,1.49,0.0,0.0,0.0,301.1,0.0,0.3,-0.5,-0.7000000000000001,95.8,0.0,0.0,264.3,0.0,21.700000000000003,11.3,11.3,12.8,300.0,300.0,29.0,31.4,28.0,27.3,29.1,4.95,1.99,4.96,0.16,0.0,0.0,1027.0,8228.0,0.0,0.0,0.0,0.0,0.0,1.0,0.0,0.0,0.0,0.0,0.0,0.6000000000000001,0.0,1.0,0.0,0.0,16.0,25903.0
2026-07-30T18:57:15.317Z,4.8,4.812,0.0,7.4,0.0,0.0,0.0,0.0,0.0,0.0,0.0,0.0,1.0,0.0,0.0,0.0,9.0,4.0,0.0,0.0,0.0,0.0,0.0,0.0,0.0,0.0,3.0,12.0,1.0,12.14,5.0200000000000005,2.51,1.49,0.0,0.0,0.0,301.1,0.0,-0.2,-1.0,-1.2000000000000002,95.8,0.0,0.0,264.2,0.0,21.700000000000003,11.3,11.3,12.8,300.0,300.0,29.0,31.4,28.0,27.3,29.1,4.96,1.99,4.97,0.16,0.0,0.0,1027.0,8228.0,0.0,0.0,0.0,0.0,0.0,1.0,0.0,0.0,0.0,0.0,0.0,1.0,0.0,2.0,0.0,0.0,16.0,25903.0
2026-07-30T18:57:15.329Z,4.812,4.824,0.0,7.4,0.0,0.0,0.0,0.0,0.0,0.0,0.0,0.0,1.0,0.0,0.0,0.0,9.0,4.0,0.0,0.0,0.0,0.0,0.0,0.0,0.0,0.0,4.0,12.0,1.0,12.14,5.0200000000000005,2.51,1.49,0.0,0.1,0.0,301.1,0.0,-0.2,0.1,0.5,95.8,0.0,0.0,264.2,0.0,21.700000000000003,11.3,11.3,12.8,300.0,300.0,29.0,31.4,28.0,27.3,29.1,4.96,1.99,4.96,0.16,0.0,0.0,1027.0,8228.0,0.0,0.0,0.0,0.0,0.0,1.0,0.0,0.0,0.0,0.0,0.0,-0.5,0.0,-0.5,0.0,0.0,16.0,25903.0
2026-07-30T18:57:15.341Z,4.824,4.836,0.0,7.4,0.0,0.0,0.0,0.0,0.0,0.0,0.0,0.0,1.0,0.0,0.0,0.0,9.0,4.0,0.0,0.0,0.0,0.0,0.0,0.0,0.0,0.0,6.0,12.0,1.0,12.14,5.0200000000000005,2.51,1.49,0.0,0.0,0.0,301.1,0.0,-0.2,1.2000000000000002,2.3000000000000003,95.8,0.0,0.0,264.2,0.0,21.700000000000003,11.3,11.3,12.8,300.0,300.0,29.0,31.4,28.0,27.3,29.1,4.96,1.99,4.96,0.16,0.0,0.0,1027.0,8228.0,0.0,0.0,0.0,0.0,0.0,1.0,0.0,0.0,0.0,0.0,0.0,-2.0,0.0,-3.0,0.0,0.0,16.0,25903.0
2026-07-30T18:57:15.353Z,4.836,4.848,0.0,7.4,0.0,0.0,0.0,0.0,0.0,0.0,0.0,0.0,1.0,0.0,0.0,0.0,9.0,4.0,0.0,0.0,0.0,0.0,0.0,0.0,0.0,0.0,6.0,12.0,1.0,12.14,5.0200000000000005,2.51,1.49,0.0,0.0,0.0,301.1,0.0,0.3,-0.4,0.5,95.8,0.0,0.0,264.2,0.0,21.700000000000003,11.3,11.3,12.8,300.0,300.0,29.0,31.4,28.0,27.3,29.1,4.95,1.99,4.97,0.16,0.0,0.0,1027.0,8228.0,0.0,0.0,0.0,0.0,0.0,1.0,0.0,0.0,0.0,0.0,0.0,-0.6000000000000001,0.0,0.1,0.0,0.0,16.0,25903.0
2026-07-30T18:57:15.365Z,4.848,4.86,0.0,7.4,0.0,0.0,0.0,0.0,0.0,0.0,0.0,0.0,1.0,0.0,0.0,0.0,9.0,4.0,0.0,0.0,0.0,0.0,0.0,0.0,0.0,0.0,2.0,12.0,1.0,12.14,5.0200000000000005,2.51,1.49,0.0,0.0,0.0,301.1,0.0,0.3,0.6000000000000001,-0.6000000000000001,95.8,0.0,0.0,264.2,0.0,21.700000000000003,11.3,11.3,12.8,300.0,300.0,29.0,31.4,28.0,27.3,29.1,4.96,1.99,4.97,0.16,0.0,0.0,1027.0,8228.0,0.0,0.0,0.0,0.0,0.0,1.0,0.0,0.0,0.0,0.0,0.0,0.6000000000000001,0.0,-0.3,0.0,0.0,16.0,25903.0
2026-07-30T18:57:15.377Z,4.86,4.872,0.0,7.4,0.0,0.0,0.0,0.0,0.0,0.0,0.0,0.0,1.0,0.0,0.0,0.0,9.0,4.0,0.0,0.0,0.0,0.0,0.0,0.0,0.0,0.0,3.0,12.0,1.0,12.14,5.0200000000000005,2.51,1.49,0.0,0.0,0.0,301.1,0.0,0.9,-0.4,-0.6000000000000001,95.8,0.0,0.0,264.2,0.0,21.700000000000003,11.3,11.3,12.8,300.0,300.0,29.0,31.4,28.0,27.3,29.1,4.96,1.99,4.96,0.16,0.0,0.0,1027.0,8228.0,0.0,0.0,0.0,0.0,0.0,1.0,0.0,0.0,0.0,0.0,0.0,0.5,0.0,1.0,0.0,0.0,16.0,25903.0
2026-07-30T18:57:15.389Z,4.872,4.884,0.0,7.4,0.0,0.0,0.0,0.0,0.0,0.0,0.0,0.0,1.0,0.0,0.0,0.0,9.0,4.0,0.0,0.0,0.0,0.0,0.0,0.0,0.0,0.0,3.0,12.0,1.0,12.14,5.0200000000000005,2.51,1.49,0.0,0.0,0.0,301.1,0.0,-0.8,0.1,-0.1,95.8,0.0,0.0,264.2,0.0,21.700000000000003,11.3,11.3,12.8,300.0,300.0,29.0,31.4,28.0,27.3,29.1,4.95,1.99,4.96,0.16,0.0,0.0,1027.0,8228.0,0.0,0.0,0.0,0.0,0.0,1.0,0.0,0.0,0.0,0.0,0.0,0.1,0.0,0.0,0.0,0.0,16.0,25903.0
2026-07-30T18:57:15.402Z,4.885,4.896,0.0,7.4,0.0,0.0,0.0,0.0,0.0,0.0,0.0,0.0,1.0,0.0,0.0,0.0,9.0,4.0,0.0,0.0,0.0,0.0,0.0,0.0,0.0,0.0,5.0,12.0,1.0,12.17,5.01,2.51,1.49,0.0,0.0,0.0,301.1,0.0,0.3,-0.4,0.0,95.8,0.0,0.0,264.3,0.0,21.3,11.5,11.5,13.0,300.0,300.0,29.1,31.4,28.0,27.200000000000003,29.1,4.95,1.99,4.96,0.16,0.0,0.0,1027.0,8228.0,0.0,0.0,0.0,0.0,0.0,1.0,0.0,0.0,0.0,0.0,0.0,0.0,0.0,0.5,0.0,0.0,16.0,25903.0
2026-07-30T18:57:15.413Z,4.896,4.908,0.0,7.4,0.0,0.0,0.0,0.0,0.0,0.0,0.0,0.0,1.0,0.0,0.0,0.0,9.0,4.0,0.0,0.0,0.0,0.0,0.0,0.0,0.0,0.0,6.0,12.0,1.0,12.17,5.01,2.51,1.49,0.0,0.0,0.0,301.1,0.0,-0.2,-0.4,0.0,95.8,0.0,0.0,264.3,0.0,21.3,11.5,11.5,13.0,300.0,300.0,29.1,31.4,28.0,27.200000000000003,29.1,4.95,1.99,4.96,0.16,0.0,0.0,1027.0,8228.0,0.0,0.0,0.0,0.0,0.0,1.0,0.0,0.0,0.0,0.0,0.0,0.0,0.0,0.5,0.0,0.0,16.0,25903.0
2026-07-30T18:57:15.425Z,4.908,4.92,0.0,7.4,0.0,0.0,0.0,0.0,0.0,0.0,0.0,0.0,1.0,0.0,0.0,0.0,9.0,4.0,0.0,0.0,0.0,0.0,0.0,0.0,0.0,0.0,1.0,12.0,1.0,12.17,5.01,2.51,1.49,-0.1,0.0,0.0,301.1,0.0,0.9,1.2000000000000002,-1.2000000000000002,95.8,0.0,0.0,264.2,0.0,21.3,11.5,11.5,13.0,300.0,300.0,29.1,31.4,28.0,27.200000000000003,29.1,4.95,1.99,4.97,0.16,0.0,0.0,1027.0,8228.0,0.0,0.0,0.0,0.0,0.0,1.0,0.0,0.0,0.0,0.0,0.0,1.3,0.0,-0.5,0.0,0.0,16.0,25903.0
2026-07-30T18:57:15.437Z,4.92,4.932,0.0,7.4,0.0,0.0,0.0,0.0,0.0,0.0,0.0,0.0,1.0,0.0,0.0,0.0,9.0,4.0,0.0,0.0,0.0,0.0,0.0,0.0,0.0,0.0,2.0,12.0,1.0,12.17,5.01,2.51,1.49,0.0,0.0,0.0,301.1,0.0,0.3,-0.5,0.0,95.8,0.0,0.0,264.2,0.0,21.3,11.5,11.5,13.0,300.0,300.0,29.1,31.4,28.0,27.200000000000003,29.1,4.95,1.99,4.97,0.16,0.0,0.0,1027.0,8228.0,0.0,0.0,0.0,0.0,0.0,1.0,0.0,0.0,0.0,0.0,0.0,0.0,0.0,0.6000000000000001,0.0,0.0,16.0,25903.0
2026-07-30T18:57:15.449Z,4.932,4.944,0.0,7.4,0.0,0.0,0.0,0.0,0.0,0.0,0.0,0.0,1.0,0.0,0.0,0.0,9.0,4.0,0.0,0.0,0.0,0.0,0.0,0.0,0.0,0.0,3.0,12.0,1.0,12.17,5.01,2.51,1.49,0.0,0.0,0.0,301.2,0.0,0.3,0.0,1.1,95.8,0.0,0.0,264.2,0.0,21.3,11.5,11.5,13.0,300.0,300.0,29.1,31.4,28.0,27.200000000000003,29.1,4.95,1.99,4.96,0.16,0.0,0.0,1027.0,8228.0,0.0,0.0,0.0,0.0,0.0,1.0,0.0,0.0,0.0,0.0,0.0,-1.0,0.0,-0.8,0.0,0.0,16.0,25903.0
2026-07-30T18:57:15.461Z,4.944,4.956,0.0,7.4,0.0,0.0,0.0,0.0,0.0,0.0,0.0,0.0,1.0,0.0,0.0,0.0,9.0,4.0,0.0,0.0,0.0,0.0,0.0,0.0,0.0,0.0,4.0,12.0,1.0,12.17,5.01,2.51,1.49,0.0,0.0,0.0,301.1,0.0,-0.2,-0.5,0.0,95.8,0.0,0.0,264.2,0.0,21.3,11.5,11.5,13.0,300.0,300.0,29.1,31.4,28.0,27.200000000000003,29.1,4.95,2.0,4.96,0.16,0.0,0.0,1027.0,8228.0,0.0,0.0,0.0,0.0,0.0,1.0,0.0,0.0,0.0,0.0,0.0,0.0,0.0,0.6000000000000001,0.0,0.0,16.0,25903.0
2026-07-30T18:57:15.473Z,4.956,4.968,0.0,7.4,0.0,0.0,0.0,0.0,0.0,0.0,0.0,0.0,1.0,0.0,0.0,0.0,9.0,4.0,0.0,0.0,0.0,0.0,0.0,0.0,0.0,0.0,6.0,12.0,1.0,12.17,5.01,2.51,1.49,0.0,0.0,0.0,301.1,0.0,0.3,0.0,-0.1,95.8,0.0,0.0,264.2,0.0,21.3,11.5,11.5,13.0,300.0,300.0,29.1,31.4,28.0,27.200000000000003,29.1,4.95,1.99,4.97,0.16,0.0,0.0,1027.0,8228.0,0.0,0.0,0.0,0.0,0.0,1.0,0.0,0.0,0.0,0.0,0.0,0.1,0.0,0.0,0.0,0.0,16.0,25903.0
2026-07-30T18:57:15.485Z,4.968,4.98,0.0,7.4,0.0,0.0,0.0,0.0,0.0,0.0,0.0,0.0,1.0,0.0,0.0,0.0,9.0,4.0,0.0,0.0,0.0,0.0,0.0,0.0,0.0,0.0,6.0,12.0,1.0,12.17,5.01,2.51,1.49,0.0,0.0,0.0,301.1,0.0,-0.2,-0.4,-0.7000000000000001,95.8,0.0,0.0,264.2,0.0,21.3,11.5,11.5,13.0,300.0,300.0,29.1,31.4,28.0,27.200000000000003,29.1,4.95,1.99,4.97,0.16,0.0,0.0,1027.0,8228.0,0.0,0.0,0.0,0.0,0.0,1.0,0.0,0.0,0.0,0.0,0.0,0.6000000000000001,0.0,1.0,0.0,0.0,16.0,25903.0
2026-07-30T18:57:15.497Z,4.98,4.992,0.0,7.4,0.0,0.0,0.0,0.0,0.0,0.0,0.0,0.0,1.0,0.0,0.0,0.0,9.0,4.0,0.0,0.0,0.0,0.0,0.0,0.0,0.0,0.0,2.0,12.0,1.0,12.17,5.01,2.51,1.49,0.0,0.0,0.0,301.1,0.0,-0.2,-0.5,0.4,95.8,0.0,0.0,264.2,0.0,21.3,11.5,11.5,13.0,300.0,300.0,29.1,31.4,28.0,27.200000000000003,29.1,4.95,1.99,4.96,0.16,0.0,0.0,1027.0,8228.0,0.0,0.0,0.0,0.0,0.0,1.0,0.0,0.0,0.0,0.0,0.0,-0.4,0.0,0.3,0.0,0.0,16.0,25903.0
2026-07-30T18:57:15.509Z,4.992,5.004,0.0,7.4,0.0,0.0,0.0,0.0,0.0,0.0,0.0,0.0,1.0,0.0,0.0,0.0,9.0,4.0,0.0,0.0,0.0,0.0,0.0,0.0,0.0,0.0,2.0,12.0,1.0,12.14,5.01,2.51,1.49,0.0,0.0,0.0,301.1,0.0,0.3,-0.5,1.0,95.8,0.0,0.0,264.3,0.0,21.3,11.7,11.7,13.2,300.0,300.0,29.0,31.4,28.0,27.200000000000003,29.1,4.95,1.99,4.97,0.16,0.0,0.0,1027.0,8228.0,0.0,0.0,0.0,0.0,0.0,1.0,0.0,0.0,0.0,0.0,0.0,-1.0,0.0,0.0,0.0,0.0,16.0,25903.0
2026-07-30T18:57:15.521Z,5.004,5.016,0.0,7.4,0.0,0.0,0.0,0.0,0.0,0.0,0.0,0.0,1.0,0.0,0.0,0.0,9.0,4.0,0.0,0.0,0.0,0.0,0.0,0.0,0.0,0.0,4.0,12.0,1.0,12.14,5.01,2.51,1.49,0.0,0.0,0.0,301.1,0.0,-0.8,-0.5,-1.2000000000000002,95.8,0.0,0.0,264.2,0.0,21.3,11.7,11.7,13.2,300.0,300.0,29.0,31.4,28.0,27.200000000000003,29.1,4.95,1.99,4.96,0.16,0.0,0.0,1027.0,8228.0,0.0,0.0,0.0,0.0,0.0,1.0,0.0,0.0,0.0,0.0,0.0,1.1,0.0,1.4,0.0,0.0,16.0,25903.0
2026-07-30T18:57:15.533Z,5.016,5.0280000000000005,0.0,7.4,0.0,0.0,0.0,0.0,0.0,0.0,0.0,0.0,1.0,0.0,0.0,0.0,9.0,4.0,0.0,0.0,0.0,0.0,0.0,0.0,0.0,0.0,5.0,12.0,1.0,12.14,5.01,2.51,1.49,0.0,0.1,0.0,301.2,0.0,0.3,0.6000000000000001,1.6,95.8,0.0,0.0,264.2,0.0,21.3,11.7,11.7,13.2,300.0,300.0,29.0,31.4,28.0,27.200000000000003,29.1,4.95,1.99,4.96,0.16,0.0,0.0,1027.0,8228.0,0.0,0.0,0.0,0.0,0.0,1.0,0.0,0.0,0.0,0.0,0.0,-1.4,0.0,-1.8,0.0,0.0,16.0,25903.0
2026-07-30T18:57:15.545Z,5.028,5.04,0.0,7.4,0.0,0.0,0.0,0.0,0.0,0.0,0.0,0.0,1.0,0.0,0.0,0.0,9.0,4.0,0.0,0.0,0.0,0.0,0.0,0.0,0.0,0.0,6.0,12.0,1.0,12.14,5.01,2.51,1.49,0.0,0.0,0.0,301.1,0.0,-0.8,-0.5,-0.7000000000000001,95.8,0.0,0.0,264.2,0.0,21.3,11.7,11.7,13.2,300.0,300.0,29.0,31.4,28.0,27.200000000000003,29.1,4.96,1.99,4.96,0.16,0.0,0.0,1027.0,8228.0,0.0,0.0,0.0,0.0,0.0,1.0,0.0,0.0,0.0,0.0,0.0,0.6000000000000001,0.0,1.0,0.0,0.0,16.0,25903.0
2026-07-30T18:57:15.557Z,5.04,5.0520000000000005,0.0,7.4,0.0,0.0,0.0,0.0,0.0,0.0,0.0,0.0,1.0,0.0,0.0,0.0,9.0,4.0,0.0,0.0,0.0,0.0,0.0,0.0,0.0,0.0,1.0,12.0,1.0,12.14,5.01,2.51,1.49,0.0,0.0,0.0,301.2,0.0,-0.2,0.0,-0.1,95.8,0.0,0.0,264.2,0.0,21.3,11.7,11.7,13.2,300.0,300.0,29.0,31.4,28.0,27.200000000000003,29.1,4.96,1.99,4.97,0.16,0.0,0.0,1027.0,8228.0,0.0,0.0,0.0,0.0,0.0,1.0,0.0,0.0,0.0,0.0,0.0,0.1,0.0,0.0,0.0,0.0,16.0,25903.0
2026-07-30T18:57:15.569Z,5.052,5.064,0.0,7.4,0.0,0.0,0.0,0.0,0.0,0.0,0.0,0.0,1.0,0.0,0.0,0.0,9.0,4.0,0.0,0.0,0.0,0.0,0.0,0.0,0.0,0.0,2.0,12.0,1.0,12.14,5.01,2.51,1.49,0.0,0.0,0.0,301.1,0.0,-0.2,0.0,1.0,95.8,0.0,0.0,264.2,0.0,21.3,11.7,11.7,13.2,300.0,300.0,29.0,31.4,28.0,27.200000000000003,29.1,4.96,1.99,4.97,0.16,0.0,0.0,1027.0,8228.0,0.0,0.0,0.0,0.0,0.0,1.0,0.0,0.0,0.0,0.0,0.0,-0.9,0.0,-0.7000000000000001,0.0,0.0,16.0,25903.0
2026-07-30T18:57:15.581Z,5.064,5.0760000000000005,0.0,7.4,0.0,0.0,0.0,0.0,0.0,0.0,0.0,0.0,1.0,0.0,0.0,0.0,9.0,4.0,0.0,0.0,0.0,0.0,0.0,0.0,0.0,0.0,3.0,12.0,1.0,12.14,5.01,2.51,1.49,0.0,0.1,0.0,301.1,0.0,-0.2,0.0,-0.7000000000000001,95.8,0.0,0.0,264.2,0.0,21.3,11.7,11.7,13.2,300.0,300.0,29.0,31.4,28.0,27.200000000000003,29.1,4.96,1.99,4.97,0.16,0.0,0.0,1027.0,8228.0,0.0,0.0,0.0,0.0,0.0,1.0,0.0,0.0,0.0,0.0,0.0,0.7000000000000001,0.0,0.4,0.0,0.0,16.0,25903.0
2026-07-30T18:57:15.593Z,5.076,5.088,0.0,7.4,0.0,0.0,0.0,0.0,0.0,0.0,0.0,0.0,1.0,0.0,0.0,0.0,9.0,4.0,0.0,0.0,0.0,0.0,0.0,0.0,0.0,0.0,4.0,12.0,1.0,12.14,5.01,2.51,1.49,0.0,0.0,0.0,301.1,0.0,-0.8,0.0,-0.2,95.8,0.0,0.0,264.2,0.0,21.3,11.7,11.7,13.2,300.0,300.0,29.0,31.4,28.0,27.200000000000003,29.1,4.95,1.99,4.97,0.16,0.0,0.0,1027.0,8228.0,0.0,0.0,0.0,0.0,0.0,1.0,0.0,0.0,0.0,0.0,0.0,0.1,0.0,0.7000000000000001,0.0,0.0,16.0,25903.0
2026-07-30T18:57:15.606Z,5.089,5.1000000000000005,0.0,7.4,0.0,0.0,0.0,0.0,0.0,0.0,0.0,0.0,1.0,0.0,0.0,0.0,9.0,4.0,0.0,0.0,0.0,0.0,0.0,0.0,0.0,0.0,6.0,12.0,1.0,12.17,5.0200000000000005,2.51,1.49,0.0,0.0,0.0,301.2,0.0,0.2,-0.5,-1.4,95.8,0.0,0.0,264.2,0.0,21.200000000000003,11.9,11.9,13.4,300.0,300.0,29.0,31.5,28.0,27.200000000000003,29.1,4.95,1.99,4.96,0.16,0.0,0.0,1027.0,8228.0,0.0,0.0,0.0,0.0,0.0,1.0,0.0,0.0,0.0,0.0,0.0,-1.4,0.0,-0.3,0.0,0.0,16.0,25903.0
2026-07-30T18:57:15.617Z,5.1,5.112,0.0,7.4,0.0,0.0,0.0,0.0,0.0,0.0,0.0,0.0,1.0,0.0,0.0,0.0,9.0,4.0,0.0,0.0,0.0,0.0,0.0,0.0,0.0,0.0,2.0,12.0,1.0,12.17,5.0200000000000005,2.51,1.49,0.0,0.0,0.0,301.1,0.0,0.2,0.0,0.3,95.8,0.0,0.0,264.40000000000003,0.0,21.200000000000003,11.9,11.9,13.4,300.0,300.0,29.0,31.5,28.0,27.200000000000003,29.1,4.95,1.99,4.96,0.16,0.0,0.0,1027.0,8228.0,0.0,0.0,0.0,0.0,0.0,1.0,0.0,0.0,0.0,0.0,0.0,0.8,0.0,-0.8,0.0,0.0,16.0,25903.0
2026-07-30T18:57:15.629Z,5.112,5.124,0.0,7.4,0.0,0.0,0.0,0.0,0.0,0.0,0.0,0.0,1.0,0.0,0.0,0.0,9.0,4.0,0.0,0.0,0.0,0.0,0.0,0.0,0.0,0.0,3.0,12.0,1.0,12.17,5.0200000000000005,2.51,1.49,0.0,0.0,0.0,301.2,0.0,0.2,-0.5,-0.1,95.8,0.0,0.0,264.2,0.0,21.200000000000003,11.9,11.9,13.4,300.0,300.0,29.0,31.5,28.0,27.200000000000003,29.1,4.95,1.99,4.96,0.16,0.0,0.0,1027.0,8228.0,0.0,0.0,0.0,0.0,0.0,1.0,0.0,0.0,0.0,0.0,0.0,-0.9,0.0,0.0,0.0,0.0,16.0,25903.0
2026-07-30T18:57:15.641Z,5.124,5.136,0.0,7.4,0.0,0.0,0.0,0.0,0.0,0.0,0.0,0.0,1.0,0.0,0.0,0.0,9.0,4.0,0.0,0.0,0.0,0.0,0.0,0.0,0.0,0.0,4.0,12.0,1.0,12.17,5.0200000000000005,2.51,1.49,0.0,0.0,0.0,301.1,0.0,-0.3,0.0,1.0,95.8,0.0,0.0,264.2,0.0,21.200000000000003,11.9,11.9,13.4,300.0,300.0,29.0,31.5,28.0,27.200000000000003,29.1,4.95,1.99,4.97,0.16,0.0,0.0,1027.0,8228.0,0.0,0.0,0.0,0.0,0.0,1.0,0.0,0.0,0.0,0.0,0.0,-0.9,0.0,-0.7000000000000001,0.0,0.0,16.0,25903.0
2026-07-30T18:57:15.653Z,5.136,5.148,0.0,7.4,0.0,0.0,0.0,0.0,0.0,0.0,0.0,0.0,1.0,0.0,0.0,0.0,9.0,4.0,0.0,0.0,0.0,0.0,0.0,0.0,0.0,0.0,5.0,12.0,1.0,12.17,5.0200000000000005,2.51,1.49,0.0,0.0,0.0,301.1,0.0,0.8,-0.5,1.0,95.8,0.0,0.0,264.3,0.0,21.200000000000003,11.9,11.9,13.4,300.0,300.0,29.0,31.5,28.0,27.200000000000003,29.1,4.96,1.99,4.96,0.16,0.0,0.0,1027.0,8228.0,0.0,0.0,0.0,0.0,0.0,1.0,0.0,0.0,0.0,0.0,0.0,-1.0,0.0,0.0,0.0,0.0,16.0,25903.0
2026-07-30T18:57:15.665Z,5.148,5.16,0.0,7.4,0.0,0.0,0.0,0.0,0.0,0.0,0.0,0.0,1.0,0.0,0.0,0.0,9.0,4.0,0.0,0.0,0.0,0.0,0.0,0.0,0.0,0.0,1.0,12.0,1.0,12.17,5.0200000000000005,2.51,1.49,0.0,0.0,0.0,301.2,0.0,-0.3,0.6000000000000001,0.4,95.8,0.0,0.0,264.2,0.0,21.200000000000003,11.9,11.9,13.4,300.0,300.0,29.0,31.5,28.0,27.200000000000003,29.1,4.96,1.99,4.96,0.16,0.0,0.0,1027.0,8228.0,0.0,0.0,0.0,0.0,0.0,1.0,0.0,0.0,0.0,0.0,0.0,-0.3,0.0,-1.0,0.0,0.0,16.0,25903.0
2026-07-30T18:57:15.677Z,5.16,5.172,0.0,7.4,0.0,0.0,0.0,0.0,0.0,0.0,0.0,0.0,1.0,0.0,0.0,0.0,9.0,4.0,0.0,0.0,0.0,0.0,0.0,0.0,0.0,0.0,2.0,12.0,1.0,12.17,5.0200000000000005,2.51,1.49,0.0,0.0,0.0,301.2,0.0,0.3,-0.5,-1.2000000000000002,95.8,0.0,0.0,264.2,0.0,21.200000000000003,11.9,11.9,13.4,300.0,300.0,29.0,31.5,28.0,27.200000000000003,29.1,4.95,1.99,4.96,0.16,0.0,0.0,1027.0,8228.0,0.0,0.0,0.0,0.0,0.0,1.0,0.0,0.0,0.0,0.0,0.0,1.1,0.0,1.4,0.0,0.0,16.0,25903.0
2026-07-30T18:57:15.689Z,5.172,5.184,0.0,7.4,0.0,0.0,0.0,0.0,0.0,0.0,0.0,0.0,1.0,0.0,0.0,0.0,9.0,4.0,0.0,0.0,0.0,0.0,0.0,0.0,0.0,0.0,4.0,12.0,1.0,12.17,5.0200000000000005,2.51,1.49,0.0,0.0,0.0,301.1,0.0,-0.2,-1.7000000000000002,-1.2000000000000002,95.8,0.0,0.0,264.2,0.0,21.200000000000003,11.9,11.9,13.4,300.0,300.0,29.0,31.5,28.0,27.200000000000003,29.1,4.96,1.99,4.96,0.16,0.0,0.0,1027.0,8228.0,0.0,0.0,0.0,0.0,0.0,1.0,0.0,0.0,0.0,0.0,0.0,1.0,0.0,2.8000000000000003,0.0,0.0,16.0,25903.0
2026-07-30T18:57:15.702Z,5.185,5.196,0.0,7.4,0.0,0.0,0.0,0.0,0.0,0.0,0.0,0.0,1.0,0.0,0.0,0.0,9.0,4.0,0.0,0.0,0.0,0.0,0.0,0.0,0.0,0.0,5.0,12.0,1.0,12.17,5.0200000000000005,2.51,1.49,0.0,0.0,0.0,301.2,0.0,-0.8,0.0,1.0,95.8,0.0,0.0,264.2,0.0,21.200000000000003,11.9,11.9,13.4,300.0,300.0,29.0,31.5,28.0,27.200000000000003,29.1,4.96,1.99,4.96,0.16,0.0,0.0,1027.0,8228.0,0.0,0.0,0.0,0.0,0.0,1.0,0.0,0.0,0.0,0.0,0.0,-0.9,0.0,-0.7000000000000001,0.0,0.0,16.0,25903.0
2026-07-30T18:57:15.713Z,5.196,5.208,0.0,7.4,0.0,0.0,0.0,0.0,0.0,0.0,0.0,0.0,1.0,0.0,0.0,0.0,9.0,4.0,0.0,0.0,0.0,0.0,0.0,0.0,0.0,0.0,1.0,12.0,1.0,12.15,5.01,2.51,1.49,0.0,0.0,0.0,301.1,0.0,-0.2,1.1,-0.1,95.8,0.0,0.0,264.2,0.0,21.700000000000003,12.1,12.1,13.6,300.0,300.0,29.0,31.5,28.0,27.200000000000003,29.1,4.96,1.99,4.97,0.16,0.0,0.0,1027.0,8228.0,0.0,0.0,0.0,0.0,0.0,1.0,0.0,0.0,0.0,0.0,0.0,0.2,0.0,-1.2000000000000002,0.0,0.0,16.0,25903.0
2026-07-30T18:57:15.725Z,5.208,5.22,0.0,7.4,0.0,0.0,0.0,0.0,0.0,0.0,0.0,0.0,1.0,0.0,0.0,0.0,9.0,4.0,0.0,0.0,0.0,0.0,0.0,0.0,0.0,0.0,2.0,12.0,1.0,12.15,5.01,2.51,1.49,0.0,0.1,0.0,301.1,0.0,-0.2,-0.5,-0.1,95.8,0.0,0.0,264.2,0.0,21.700000000000003,12.1,12.1,13.6,300.0,300.0,29.0,31.5,28.0,27.200000000000003,29.1,4.96,1.99,4.97,0.16,0.0,0.0,1027.0,8228.0,0.0,0.0,0.0,0.0,0.0,1.0,0.0,0.0,0.0,0.0,0.0,0.0,0.0,0.7000000000000001,0.0,0.0,16.0,25903.0
2026-07-30T18:57:15.737Z,5.22,5.232,0.0,7.4,0.0,0.0,0.0,0.0,0.0,0.0,0.0,0.0,1.0,0.0,0.0,0.0,9.0,4.0,0.0,0.0,0.0,0.0,0.0,0.0,0.0,0.0,4.0,12.0,1.0,12.15,5.01,2.51,1.49,0.0,0.1,0.0,301.1,0.0,0.3,-1.1,-0.6000000000000001,95.8,0.0,0.0,264.2,0.0,21.700000000000003,12.1,12.1,13.6,300.0,300.0,29.0,31.5,28.0,27.200000000000003,29.1,4.95,1.99,4.96,0.15,0.0,0.0,1027.0,8228.0,0.0,0.0,0.0,0.0,0.0,1.0,0.0,0.0,0.0,0.0,0.0,0.4,0.0,1.8,0.0,0.0,16.0,25903.0
2026-07-30T18:57:15.749Z,5.232,5.244,0.0,7.4,0.0,0.0,0.0,0.0,0.0,0.0,0.0,0.0,1.0,0.0,0.0,0.0,9.0,4.0,0.0,0.0,0.0,0.0,0.0,0.0,0.0,0.0,5.0,12.0,1.0,12.15,5.01,2.51,1.49,0.0,0.0,0.0,301.1,0.0,-0.1,-1.1,-0.1,95.8,0.0,0.0,264.2,0.0,21.700000000000003,12.1,12.1,13.6,300.0,300.0,29.0,31.5,28.0,27.200000000000003,29.1,4.95,1.99,4.97,0.15,0.0,0.0,1027.0,8228.0,0.0,0.0,0.0,0.0,0.0,1.0,0.0,0.0,0.0,0.0,0.0,0.0,0.0,1.4,0.0,0.0,16.0,25903.0
2026-07-30T18:57:15.761Z,5.244,5.256,0.0,7.4,0.0,0.0,0.0,0.0,0.0,0.0,0.0,0.0,1.0,0.0,0.0,0.0,9.0,4.0,0.0,0.0,0.0,0.0,0.0,0.0,0.0,0.0,6.0,12.0,1.0,12.15,5.01,2.51,1.49,0.0,0.0,0.0,301.2,0.0,-0.1,1.1,0.0,95.8,0.0,0.0,264.2,0.0,21.700000000000003,12.1,12.1,13.6,300.0,300.0,29.0,31.5,28.0,27.200000000000003,29.1,4.95,1.99,4.96,0.16,0.0,0.0,1027.0,8228.0,0.0,0.0,0.0,0.0,0.0,1.0,0.0,0.0,0.0,0.0,0.0,0.2,0.0,-1.3,0.0,0.0,16.0,25903.0
2026-07-30T18:57:15.773Z,5.256,5.268,0.0,7.4,0.0,0.0,0.0,0.0,0.0,0.0,0.0,0.0,1.0,0.0,0.0,0.0,9.0,4.0,0.0,0.0,0.0,0.0,0.0,0.0,0.0,0.0,1.0,12.0,1.0,12.15,5.01,2.51,1.49,0.0,0.0,0.0,301.1,0.0,-0.2,0.0,-0.6000000000000001,95.8,0.0,0.0,264.2,0.0,21.700000000000003,12.1,12.1,13.6,300.0,300.0,29.0,31.5,28.0,27.200000000000003,29.1,4.96,2.0,4.96,0.16,0.0,0.0,1027.0,8228.0,0.0,0.0,0.0,0.0,0.0,1.0,0.0,0.0,0.0,0.0,0.0,0.6000000000000001,0.0,0.4,0.0,0.0,16.0,25903.0
2026-07-30T18:57:15.785Z,5.268,5.28,0.0,7.4,0.0,0.0,0.0,0.0,0.0,0.0,0.0,0.0,1.0,0.0,0.0,0.0,9.0,4.0,0.0,0.0,0.0,0.0,0.0,0.0,0.0,0.0,3.0,12.0,1.0,12.15,5.01,2.51,1.49,0.0,0.0,0.0,301.2,0.0,-0.7000000000000001,0.0,0.4,95.8,0.0,0.0,264.2,0.0,21.700000000000003,12.1,12.1,13.6,300.0,300.0,29.0,31.5,28.0,27.200000000000003,29.1,4.95,2.0,4.96,0.16,0.0,0.0,1027.0,8228.0,0.0,0.0,0.0,0.0,0.0,1.0,0.0,0.0,0.0,0.0,0.0,-0.4,0.0,-0.3,0.0,0.0,16.0,25903.0
2026-07-30T18:57:15.797Z,5.28,5.292,0.0,7.4,0.0,0.0,0.0,0.0,0.0,0.0,0.0,0.0,1.0,0.0,0.0,0.0,9.0,4.0,0.0,0.0,0.0,0.0,0.0,0.0,0.0,0.0,4.0,12.0,1.0,12.15,5.01,2.51,1.49,0.0,0.0,0.0,301.1,0.0,-0.2,0.6000000000000001,-0.1,95.8,0.0,0.0,264.2,0.0,21.700000000000003,12.1,12.1,13.6,300.0,300.0,29.0,31.5,28.0,27.200000000000003,29.1,4.95,1.99,4.97,0.16,0.0,0.0,1027.0,8228.0,0.0,0.0,0.0,0.0,0.0,1.0,0.0,0.0,0.0,0.0,0.0,0.1,0.0,-0.6000000000000001,0.0,0.0,16.0,25903.0
2026-07-30T18:57:15.810Z,5.293,5.304,0.0,7.4,0.0,0.0,0.0,0.0,0.0,0.0,0.0,0.0,1.0,0.0,0.0,0.0,9.0,4.0,0.0,0.0,0.0,0.0,0.0,0.0,0.0,0.0,5.0,12.0,1.0,12.17,5.01,2.51,1.49,0.0,0.0,0.0,301.1,0.0,0.9,0.5,0.5,95.8,0.0,0.0,264.2,0.0,21.4,12.3,12.3,13.8,300.0,300.0,29.1,31.5,28.0,27.200000000000003,29.1,4.95,1.99,4.96,0.16,0.0,0.0,1027.0,8228.0,0.0,0.0,0.0,0.0,0.0,1.0,0.0,0.0,0.0,0.0,0.0,-0.4,0.0,-1.0,0.0,0.0,16.0,25903.0
2026-07-30T18:57:15.821Z,5.304,5.316,0.0,7.4,0.0,0.0,0.0,0.0,0.0,0.0,0.0,0.0,1.0,0.0,0.0,0.0,9.0,4.0,0.0,0.0,0.0,0.0,0.0,0.0,0.0,0.0,6.0,12.0,1.0,12.17,5.01,2.51,1.49,0.0,0.0,0.0,301.1,0.0,0.3,1.7000000000000002,0.0,95.8,0.0,0.0,264.2,0.0,21.4,12.3,12.3,13.8,300.0,300.0,29.1,31.5,28.0,27.200000000000003,29.1,4.95,1.99,4.96,0.16,0.0,0.0,1027.0,8228.0,0.0,0.0,0.0,0.0,0.0,1.0,0.0,0.0,0.0,0.0,0.0,0.2,0.0,-2.0,0.0,0.0,16.0,25903.0
2026-07-30T18:57:15.833Z,5.316,5.328,0.0,7.4,0.0,0.0,0.0,0.0,0.0,0.0,0.0,0.0,1.0,0.0,0.0,0.0,9.0,4.0,0.0,0.0,0.0,0.0,0.0,0.0,0.0,0.0,1.0,12.0,1.0,12.17,5.01,2.51,1.49,0.0,0.0,0.0,301.1,0.0,-0.7000000000000001,-0.5,-0.6000000000000001,95.8,0.0,0.0,264.2,0.0,21.4,12.3,12.3,13.8,300.0,300.0,29.1,31.5,28.0,27.200000000000003,29.1,4.95,1.99,4.97,0.16,0.0,0.0,1027.0,8228.0,0.0,0.0,0.0,0.0,0.0,1.0,0.0,0.0,0.0,0.0,0.0,0.5,0.0,1.0,0.0,0.0,16.0,25903.0
2026-07-30T18:57:15.845Z,5.328,5.34,0.0,7.4,0.0,0.0,0.0,0.0,0.0,0.0,0.0,0.0,1.0,0.0,0.0,0.0,9.0,4.0,0.0,0.0,0.0,0.0,0.0,0.0,0.0,0.0,3.0,12.0,1.0,12.17,5.01,2.51,1.49,0.0,0.0,0.0,301.1,0.0,1.0,-0.5,-0.6000000000000001,95.8,0.0,0.0,264.2,0.0,21.4,12.3,12.3,13.8,300.0,300.0,29.1,31.5,28.0,27.200000000000003,29.1,4.96,1.99,4.97,0.16,0.0,0.0,1027.0,8228.0,0.0,0.0,0.0,0.0,0.0,1.0,0.0,0.0,0.0,0.0,0.0,0.5,0.0,1.0,0.0,0.0,16.0,25903.0
2026-07-30T18:57:15.857Z,5.34,5.352,0.0,7.4,0.0,0.0,0.0,0.0,0.0,0.0,0.0,0.0,1.0,0.0,0.0,0.0,9.0,4.0,0.0,0.0,0.0,0.0,0.0,0.0,0.0,0.0,4.0,12.0,1.0,12.17,5.01,2.51,1.49,0.0,0.0,0.0,301.1,0.0,-0.1,0.0,-0.1,95.8,0.0,0.0,264.3,0.0,21.4,12.3,12.3,13.8,300.0,300.0,29.1,31.5,28.0,27.200000000000003,29.1,4.96,1.99,4.97,0.16,0.0,0.0,1027.0,8228.0,0.0,0.0,0.0,0.0,0.0,1.0,0.0,0.0,0.0,0.0,0.0,0.1,0.0,0.0,0.0,0.0,16.0,25903.0
2026-07-30T18:57:15.869Z,5.352,5.364,0.0,7.4,0.0,0.0,0.0,0.0,0.0,0.0,0.0,0.0,1.0,0.0,0.0,0.0,9.0,4.0,0.0,0.0,0.0,0.0,0.0,0.0,0.0,0.0,5.0,12.0,1.0,12.17,5.01,2.51,1.49,0.0,0.0,0.0,301.1,0.0,0.3,1.1,-0.1,95.8,0.0,0.0,264.2,0.0,21.4,12.3,12.3,13.8,300.0,300.0,29.1,31.5,28.0,27.200000000000003,29.1,4.95,1.99,4.97,0.16,0.0,0.0,1027.0,8228.0,0.0,0.0,0.0,0.0,0.0,1.0,0.0,0.0,0.0,0.0,0.0,0.2,0.0,-1.3,0.0,0.0,16.0,25903.0
2026-07-30T18:57:15.881Z,5.364,5.376,0.0,7.4,0.0,0.0,0.0,0.0,0.0,0.0,0.0,0.0,1.0,0.0,0.0,0.0,9.0,4.0,0.0,0.0,0.0,0.0,0.0,0.0,0.0,0.0,6.0,12.0,1.0,12.17,5.01,2.51,1.49,0.0,0.1,0.0,301.1,0.0,0.3,0.0,-0.1,95.8,0.0,0.0,264.2,0.0,21.4,12.3,12.3,13.8,300.0,300.0,29.1,31.5,28.0,27.200000000000003,29.1,4.95,1.99,4.97,0.16,0.0,0.0,1027.0,8228.0,0.0,0.0,0.0,0.0,0.0,1.0,0.0,0.0,0.0,0.0,0.0,0.1,0.0,0.0,0.0,0.0,16.0,25903.0
2026-07-30T18:57:15.893Z,5.376,5.388,0.0,7.4,0.0,0.0,0.0,0.0,0.0,0.0,0.0,0.0,1.0,0.0,0.0,0.0,9.0,4.0,0.0,0.0,0.0,0.0,0.0,0.0,0.0,0.0,6.0,12.0,1.0,12.17,5.01,2.51,1.49,0.0,0.0,0.0,301.2,0.0,0.4,0.6000000000000001,-0.7000000000000001,95.8,0.0,0.0,264.2,0.0,21.4,12.3,12.3,13.8,300.0,300.0,29.1,31.5,28.0,27.200000000000003,29.1,4.96,1.99,4.96,0.16,0.0,0.0,1027.0,8228.0,0.0,0.0,0.0,0.0,0.0,1.0,0.0,0.0,0.0,0.0,0.0,0.7000000000000001,0.0,-0.2,0.0,0.0,16.0,25903.0
2026-07-30T18:57:15.905Z,5.388,5.4,0.0,7.4,0.0,0.0,0.0,0.0,0.0,0.0,0.0,0.0,1.0,0.0,0.0,0.0,9.0,4.0,0.0,0.0,0.0,0.0,0.0,0.0,0.0,0.0,1.0,12.0,1.0,12.17,5.01,2.51,1.49,0.0,0.0,0.0,301.2,0.0,-0.7000000000000001,0.6000000000000001,-0.2,95.8,0.0,0.0,264.2,0.0,21.4,12.3,12.3,13.8,300.0,300.0,29.1,31.5,28.0,27.200000000000003,29.1,4.96,1.99,4.97,0.16,0.0,0.0,1027.0,8228.0,0.0,0.0,0.0,0.0,0.0,1.0,0.0,0.0,0.0,0.0,0.0,0.2,0.0,-0.6000000000000001,0.0,0.0,16.0,25903.0
2026-07-30T18:57:15.917Z,5.4,5.412,0.0,7.4,0.0,0.0,0.0,0.0,0.0,0.0,0.0,0.0,1.0,0.0,0.0,0.0,9.0,4.0,0.0,0.0,0.0,0.0,0.0,0.0,0.0,0.0,2.0,12.0,1.0,12.17,5.01,2.51,1.49,0.0,0.0,0.0,301.2,0.0,0.4,1.2000000000000002,0.4,95.8,0.0,0.0,264.3,0.0,21.4,12.5,12.5,14.0,300.0,300.0,29.1,31.5,28.0,27.200000000000003,29.1,4.95,1.99,4.97,0.16,0.0,0.0,1027.0,8228.0,0.0,0.0,0.0,0.0,0.0,1.0,0.0,0.0,0.0,0.0,0.0,-0.2,0.0,-1.6,0.0,0.0,16.0,25903.0
2026-07-30T18:57:15.929Z,5.412,5.424,0.0,7.4,0.0,0.0,0.0,0.0,0.0,0.0,0.0,0.0,1.0,0.0,0.0,0.0,9.0,4.0,0.0,0.0,0.0,0.0,0.0,0.0,0.0,0.0,4.0,12.0,1.0,12.17,5.01,2.51,1.49,0.0,0.0,0.0,301.1,0.0,0.4,-0.5,-0.7000000000000001,95.8,0.0,0.0,264.3,0.0,21.4,12.5,12.5,14.0,300.0,300.0,29.1,31.5,28.0,27.200000000000003,29.1,4.96,1.99,4.96,0.16,0.0,0.0,1027.0,8228.0,0.0,0.0,0.0,0.0,0.0,1.0,0.0,0.0,0.0,0.0,0.0,0.6000000000000001,0.0,1.0,0.0,0.0,16.0,25903.0
2026-07-30T18:57:15.943Z,5.426,5.436,0.0,7.4,0.0,0.0,0.0,0.0,0.0,0.0,0.0,0.0,1.0,0.0,0.0,0.0,9.0,4.0,0.0,0.0,0.0,0.0,0.0,0.0,0.0,0.0,5.0,12.0,1.0,12.17,5.01,2.51,1.49,0.0,0.0,0.0,301.1,0.0,0.3,0.6000000000000001,-0.1,95.8,0.0,0.0,264.2,0.0,21.4,12.5,12.5,14.0,300.0,300.0,29.1,31.5,28.0,27.200000000000003,29.1,4.96,2.0,4.96,0.16,0.0,0.0,1027.0,8228.0,0.0,0.0,0.0,0.0,0.0,1.0,0.0,0.0,0.0,0.0,0.0,0.2,0.0,-0.6000000000000001,0.0,0.0,16.0,25903.0
2026-07-30T18:57:15.953Z,5.436,5.448,0.0,7.4,0.0,0.0,0.0,0.0,0.0,0.0,0.0,0.0,1.0,0.0,0.0,0.0,9.0,4.0,0.0,0.0,0.0,0.0,0.0,0.0,0.0,0.0,6.0,12.0,1.0,12.17,5.01,2.51,1.49,0.0,0.0,0.0,301.1,0.0,0.3,0.7000000000000001,-0.1,95.8,0.0,0.0,264.2,0.0,21.4,12.5,12.5,14.0,300.0,300.0,29.1,31.5,28.0,27.200000000000003,29.1,4.96,1.99,4.97,0.16,0.0,0.0,1027.0,8228.0,0.0,0.0,0.0,0.0,0.0,1.0,0.0,0.0,0.0,0.0,0.0,0.2,0.0,-0.7000000000000001,0.0,0.0,16.0,25903.0
2026-07-30T18:57:15.966Z,5.449,5.46,0.0,7.4,0.0,0.0,0.0,0.0,0.0,0.0,0.0,0.0,1.0,0.0,0.0,0.0,9.0,4.0,0.0,0.0,0.0,0.0,0.0,0.0,0.0,0.0,1.0,12.0,1.0,12.17,5.01,2.51,1.49,0.0,0.1,0.0,301.2,0.0,-0.8,-0.4,1.0,95.8,0.0,0.0,264.2,0.0,21.4,12.5,12.5,14.0,300.0,300.0,29.1,31.5,28.0,27.200000000000003,29.1,4.95,1.99,4.97,0.16,0.0,0.0,1027.0,8228.0,0.0,0.0,0.0,0.0,0.0,1.0,0.0,0.0,0.0,0.0,0.0,-0.9,0.0,-0.1,0.0,0.0,16.0,25903.0
2026-07-30T18:57:15.978Z,5.461,5.472,0.0,7.4,0.0,0.0,0.0,0.0,0.0,0.0,0.0,0.0,1.0,0.0,0.0,0.0,9.0,4.0,0.0,0.0,0.0,0.0,0.0,0.0,0.0,0.0,2.0,12.0,1.0,12.17,5.01,2.51,1.49,0.0,0.0,0.0,301.1,0.0,0.3,0.6000000000000001,-0.1,95.8,0.0,0.0,264.2,0.0,21.4,12.5,12.5,14.0,300.0,300.0,29.1,31.5,28.0,27.200000000000003,29.1,4.96,1.99,4.96,0.16,0.0,0.0,1027.0,8228.0,0.0,0.0,0.0,0.0,0.0,1.0,0.0,0.0,0.0,0.0,0.0,0.2,0.0,-0.6000000000000001,0.0,0.0,16.0,25903.0
2026-07-30T18:57:15.990Z,5.473,5.484,0.0,7.4,0.0,0.0,0.0,0.0,0.0,0.0,0.0,0.0,1.0,0.0,0.0,0.0,9.0,4.0,0.0,0.0,0.0,0.0,0.0,0.0,0.0,0.0,3.0,12.0,1.0,12.17,5.01,2.51,1.49,0.0,0.0,0.0,301.1,0.0,0.9,0.0,0.9,95.8,0.0,0.0,264.2,0.0,21.4,12.5,12.5,14.0,300.0,300.0,29.1,31.5,28.0,27.200000000000003,29.1,4.95,1.99,4.96,0.16,0.0,0.0,1027.0,8228.0,0.0,0.0,0.0,0.0,0.0,1.0,0.0,0.0,0.0,0.0,0.0,-0.9,0.0,-0.7000000000000001,0.0,0.0,16.0,25903.0
2026-07-30T18:57:16.001Z,5.484,5.496,0.0,7.4,0.0,0.0,0.0,0.0,0.0,0.0,0.0,0.0,1.0,0.0,0.0,0.0,9.0,4.0,0.0,0.0,0.0,0.0,0.0,0.0,0.0,0.0,5.0,12.0,1.0,12.17,5.01,2.51,1.49,0.0,0.1,0.0,301.1,0.0,0.3,1.1,0.3,95.8,0.0,0.0,264.2,0.0,21.4,12.5,12.5,14.0,300.0,300.0,29.1,31.5,28.0,27.200000000000003,29.1,4.95,1.99,4.96,0.16,0.0,0.0,1027.0,8228.0,0.0,0.0,0.0,0.0,0.0,1.0,0.0,0.0,0.0,0.0,0.0,-0.1,0.0,-1.5,0.0,0.0,16.0,25903.0
2026-07-30T18:57:16.014Z,5.497,5.508,0.0,7.4,0.0,0.0,0.0,0.0,0.0,0.0,0.0,0.0,1.0,0.0,0.0,0.0,9.0,4.0,0.0,0.0,0.0,0.0,0.0,0.0,0.0,0.0,6.0,12.0,1.0,12.14,5.01,2.51,1.49,0.0,0.0,0.0,301.1,0.0,0.3,0.6000000000000001,0.3,95.8,0.0,0.0,264.2,0.0,21.700000000000003,12.7,12.7,14.2,300.0,300.0,29.0,31.5,28.0,27.200000000000003,29.1,4.96,1.99,4.96,0.16,0.0,0.0,1027.0,8228.0,0.0,0.0,0.0,0.0,0.0,1.0,0.0,0.0,0.0,0.0,0.0,-0.2,0.0,-0.9,0.0,0.0,16.0,25903.0
2026-07-30T18:57:16.025Z,5.508,5.5200000000000005,0.0,7.4,0.0,0.0,0.0,0.0,0.0,0.0,0.0,0.0,1.0,0.0,0.0,0.0,9.0,4.0,0.0,0.0,0.0,0.0,0.0,0.0,0.0,0.0,1.0,12.0,1.0,12.14,5.01,2.51,1.49,0.0,0.0,0.0,301.1,0.0,0.9,1.2000000000000002,-0.1,95.8,0.0,0.0,264.2,0.0,21.700000000000003,12.7,12.7,14.2,300.0,300.0,29.0,31.5,28.0,27.200000000000003,29.1,4.96,1.99,4.96,0.16,0.0,0.0,1027.0,8228.0,0.0,0.0,0.0,0.0,0.0,1.0,0.0,0.0,0.0,0.0,0.0,0.2,0.0,-1.2000000000000002,0.0,0.0,16.0,25903.0
2026-07-30T18:57:16.037Z,5.52,5.532,0.0,7.4,0.0,0.0,0.0,0.0,0.0,0.0,0.0,0.0,1.0,0.0,0.0,0.0,9.0,4.0,0.0,0.0,0.0,0.0,0.0,0.0,0.0,0.0,3.0,12.0,1.0,12.14,5.01,2.51,1.49,0.0,0.0,0.0,301.1,0.0,-0.8,-1.1,-0.7000000000000001,95.8,0.0,0.0,264.3,0.0,21.700000000000003,12.7,12.7,14.2,300.0,300.0,29.0,31.5,28.0,27.200000000000003,29.1,4.95,1.99,4.97,0.16,0.0,0.0,1027.0,8228.0,0.0,0.0,0.0,0.0,0.0,1.0,0.0,0.0,0.0,0.0,0.0,0.5,0.0,1.7000000000000002,0.0,0.0,16.0,25903.0
2026-07-30T18:57:16.049Z,5.532,5.5440000000000005,0.0,7.4,0.0,0.0,0.0,0.0,0.0,0.0,0.0,0.0,1.0,0.0,0.0,0.0,9.0,4.0,0.0,0.0,0.0,0.0,0.0,0.0,0.0,0.0,4.0,12.0,1.0,12.14,5.01,2.51,1.49,0.0,0.0,0.0,301.1,0.0,0.3,0.0,0.4,95.8,0.0,0.0,264.2,0.0,21.700000000000003,12.7,12.7,14.2,300.0,300.0,29.0,31.5,28.0,27.200000000000003,29.1,4.95,1.99,4.96,0.16,0.0,0.0,1027.0,8228.0,0.0,0.0,0.0,0.0,0.0,1.0,0.0,0.0,0.0,0.0,0.0,-0.4,0.0,-0.4,0.0,0.0,16.0,25903.0
2026-07-30T18:57:16.061Z,5.544,5.556,0.0,7.4,0.0,0.0,0.0,0.0,0.0,0.0,0.0,0.0,1.0,0.0,0.0,0.0,9.0,4.0,0.0,0.0,0.0,0.0,0.0,0.0,0.0,0.0,6.0,12.0,1.0,12.14,5.01,2.51,1.49,0.0,0.0,0.0,301.1,0.0,0.2,0.6000000000000001,-0.1,95.8,0.0,0.0,264.2,0.0,21.700000000000003,12.7,12.7,14.2,300.0,300.0,29.0,31.5,28.0,27.200000000000003,29.1,4.96,1.99,4.96,0.16,0.0,0.0,1027.0,8228.0,0.0,0.0,0.0,0.0,0.0,1.0,0.0,0.0,0.0,0.0,0.0,0.2,0.0,-0.6000000000000001,0.0,0.0,16.0,25903.0
2026-07-30T18:57:16.073Z,5.556,5.5680000000000005,0.0,7.4,0.0,0.0,0.0,0.0,0.0,0.0,0.0,0.0,1.0,0.0,0.0,0.0,9.0,4.0,0.0,0.0,0.0,0.0,0.0,0.0,0.0,0.0,2.0,12.0,1.0,12.14,5.01,2.51,1.49,0.0,0.0,0.0,301.1,0.0,1.3,1.2000000000000002,0.9,95.8,0.0,0.0,264.2,0.0,21.700000000000003,12.7,12.7,14.2,300.0,300.0,29.0,31.5,28.0,27.200000000000003,29.1,4.95,1.99,4.97,0.16,0.0,0.0,1027.0,8228.0,0.0,0.0,0.0,0.0,0.0,1.0,0.0,0.0,0.0,0.0,0.0,-0.7000000000000001,0.0,-2.0,0.0,0.0,16.0,25903.0
2026-07-30T18:57:16.085Z,5.568,5.58,0.0,7.4,0.0,0.0,0.0,0.0,0.0,0.0,0.0,0.0,1.0,0.0,0.0,0.0,9.0,4.0,0.0,0.0,0.0,0.0,0.0,0.0,0.0,0.0,3.0,12.0,1.0,12.14,5.01,2.51,1.49,0.0,0.0,0.0,301.1,0.0,-0.3,0.5,0.3,95.8,0.0,0.0,264.2,0.0,21.700000000000003,12.7,12.7,14.2,300.0,300.0,29.0,31.5,28.0,27.200000000000003,29.1,4.96,1.99,4.96,0.16,0.0,0.0,1027.0,8228.0,0.0,0.0,0.0,0.0,0.0,1.0,0.0,0.0,0.0,0.0,0.0,-0.2,0.0,-0.9,0.0,0.0,16.0,25903.0
2026-07-30T18:57:16.097Z,5.58,5.5920000000000005,0.0,7.4,0.0,0.0,0.0,0.0,0.0,0.0,0.0,0.0,1.0,0.0,0.0,0.0,9.0,4.0,0.0,0.0,0.0,0.0,0.0,0.0,0.0,0.0,4.0,12.0,1.0,12.14,5.01,2.51,1.49,0.0,0.0,0.0,301.2,0.0,0.1,0.0,-1.3,95.8,0.0,0.0,264.2,0.0,21.700000000000003,12.7,12.7,14.2,300.0,300.0,29.0,31.5,28.0,27.200000000000003,29.1,4.96,1.99,4.96,0.16,0.0,0.0,1027.0,8228.0,0.0,0.0,0.0,0.0,0.0,1.0,0.0,0.0,0.0,0.0,0.0,1.3,0.0,0.9,0.0,0.0,16.0,25903.0
2026-07-30T18:57:16.109Z,5.592,5.604,0.0,7.4,0.0,0.0,0.0,0.0,0.0,0.0,0.0,0.0,1.0,0.0,0.0,0.0,9.0,4.0,0.0,0.0,0.0,0.0,0.0,0.0,0.0,0.0,6.0,12.0,1.0,12.14,5.01,2.51,1.49,0.0,0.0,0.0,301.1,0.0,-0.4,0.5,-0.7000000000000001,95.8,0.0,0.0,264.2,0.0,21.700000000000003,12.7,12.7,14.2,300.0,300.0,29.0,31.5,28.0,27.200000000000003,29.1,4.95,1.99,4.96,0.16,0.0,0.0,1027.0,8228.0,0.0,0.0,0.0,0.0,0.0,1.0,0.0,0.0,0.0,0.0,0.0,0.8,0.0,-0.8,0.0,0.0,16.0,25903.0
2026-07-30T18:57:16.121Z,5.604,5.6160000000000005,0.0,7.4,0.0,0.0,0.0,0.0,0.0,0.0,0.0,0.0,1.0,0.0,0.0,0.0,9.0,4.0,0.0,0.0,0.0,0.0,0.0,0.0,0.0,0.0,1.0,12.0,1.0,12.17,5.0200000000000005,2.51,1.49,0.0,0.0,0.0,301.1,0.0,-0.4,-0.6000000000000001,0.4,95.8,0.0,0.0,264.40000000000003,0.0,21.0,12.9,12.9,14.4,300.0,300.0,29.0,31.6,28.0,27.200000000000003,29.1,4.95,1.99,4.97,0.16,0.0,0.0,1027.0,8228.0,0.0,0.0,0.0,0.0,0.0,1.0,0.0,0.0,0.0,0.0,0.0,0.6000000000000001,0.0,1.1,0.0,0.0,16.0,25903.0
2026-07-30T18:57:16.133Z,5.616,5.628,0.0,7.4,0.0,0.0,0.0,0.0,0.0,0.0,0.0,0.0,1.0,0.0,0.0,0.0,9.0,4.0,0.0,0.0,0.0,0.0,0.0,0.0,0.0,0.0,3.0,12.0,1.0,12.17,5.0200000000000005,2.51,1.49,0.0,0.0,0.0,301.1,0.0,-0.3,-0.6000000000000001,1.0,95.8,0.0,0.0,264.2,0.0,21.0,12.9,12.9,14.4,300.0,300.0,29.0,31.6,28.0,27.200000000000003,29.1,4.96,1.99,4.96,0.16,0.0,0.0,1027.0,8228.0,0.0,0.0,0.0,0.0,0.0,1.0,0.0,0.0,0.0,0.0,0.0,1.1,0.0,0.8,0.0,0.0001,16.0,25903.0
2026-07-30T18:57:16.145Z,5.628,5.64,0.0,7.4,0.0,0.0,0.0,0.0,0.0,0.0,0.0,0.0,1.0,0.0,0.0,0.0,9.0,4.0,0.0,0.0,0.0,0.0,0.0,0.0,0.0,0.0,4.0,12.0,1.0,12.17,5.0200000000000005,2.51,1.49,0.0,0.1,0.0,301.1,0.0,-0.9,0.0,-0.7000000000000001,95.8,0.0,0.0,264.2,0.0,21.0,12.9,12.9,14.4,300.0,300.0,29.0,31.6,28.0,27.200000000000003,29.1,4.96,1.99,4.97,0.15,0.0,0.0,1027.0,8228.0,0.0,0.0,0.0,0.0,0.0,1.0,0.0,0.0,0.0,0.0,0.0,0.1,0.0,0.1,0.0,0.0,16.0,25903.0
2026-07-30T18:57:16.157Z,5.64,5.652,0.0,7.4,0.0,0.0,0.0,0.0,0.0,0.0,0.0,0.0,1.0,0.0,0.0,0.0,9.0,4.0,0.0,0.0,0.0,0.0,0.0,0.0,0.0,0.0,6.0,12.0,1.0,12.17,5.0200000000000005,2.51,1.49,0.0,0.0,0.0,301.1,0.0,0.2,1.1,0.9,95.8,0.0,0.0,264.2,0.0,21.0,12.9,12.9,14.4,300.0,300.0,29.0,31.6,28.0,27.200000000000003,29.1,4.95,1.99,4.97,0.16,0.0,0.0,1027.0,8228.0,0.0,0.0,0.0,0.0,0.0,1.0,0.0,0.0,0.0,0.0,0.0,-0.8,0.0,-1.9,0.0,0.0,16.0,25903.0
2026-07-30T18:57:16.169Z,5.652,5.664,0.0,7.4,0.0,0.0,0.0,0.0,0.0,0.0,0.0,0.0,1.0,0.0,0.0,0.0,9.0,4.0,0.0,0.0,0.0,0.0,0.0,0.0,0.0,0.0,1.0,12.0,1.0,12.17,5.0200000000000005,2.51,1.49,0.0,0.0,0.0,301.1,0.0,0.8,0.0,-0.7000000000000001,95.8,0.0,0.0,264.2,0.0,21.0,12.9,12.9,14.4,300.0,300.0,29.0,31.6,28.0,27.200000000000003,29.1,4.96,1.99,4.96,0.16,0.0,0.0,1027.0,8228.0,0.0,0.0,0.0,0.0,0.0,1.0,0.0,0.0,0.0,0.0,0.0,0.7000000000000001,0.0,0.5,0.0,0.0,16.0,25903.0
2026-07-30T18:57:16.181Z,5.664,5.676,0.0,7.4,0.0,0.0,0.0,0.0,0.0,0.0,0.0,0.0,1.0,0.0,0.0,0.0,9.0,4.0,0.0,0.0,0.0,0.0,0.0,0.0,0.0,0.0,3.0,12.0,1.0,12.17,5.0200000000000005,2.51,1.49,0.0,0.0,0.0,301.1,0.0,0.8,-0.5,0.4,95.8,0.0,0.0,264.2,0.0,21.0,12.9,12.9,14.4,300.0,300.0,29.0,31.6,28.0,27.200000000000003,29.1,4.95,1.99,4.96,0.16,0.0,0.0,1027.0,8228.0,0.0,0.0,0.0,0.0,0.0,1.0,0.0,0.0,0.0,0.0,0.0,-0.4,0.0,0.4,0.0,0.0,16.0,25903.0
2026-07-30T18:57:16.193Z,5.676,5.688,0.0,7.4,0.0,0.0,0.0,0.0,0.0,0.0,0.0,0.0,1.0,0.0,0.0,0.0,9.0,4.0,0.0,0.0,0.0,0.0,0.0,0.0,0.0,0.0,4.0,12.0,1.0,12.17,5.0200000000000005,2.51,1.49,0.0,0.0,0.0,301.1,0.0,-1.5,-0.6000000000000001,-0.1,95.8,0.0,0.0,264.2,0.0,21.0,12.9,12.9,14.4,300.0,300.0,29.0,31.6,28.0,27.200000000000003,29.1,4.95,1.99,4.97,0.16,0.0,0.0,1027.0,8228.0,0.0,0.0,0.0,0.0,0.0,1.0,0.0,0.0,0.0,0.0,0.0,0.0,0.0,0.8,0.0,0.0,16.0,25903.0
2026-07-30T18:57:16.205Z,5.688,5.7,0.0,7.4,0.0,0.0,0.0,0.0,0.0,0.0,0.0,0.0,1.0,0.0,0.0,0.0,9.0,4.0,0.0,0.0,0.0,0.0,0.0,0.0,0.0,0.0,5.0,12.0,1.0,12.17,5.0200000000000005,2.51,1.49,0.0,0.0,0.0,301.1,0.0,-0.3,-0.6000000000000001,-0.7000000000000001,95.8,0.0,0.0,264.3,0.0,21.0,12.9,12.9,14.4,300.0,300.0,29.0,31.6,28.0,27.200000000000003,29.1,4.95,2.0,4.97,0.16,0.0,0.0,1027.0,8228.0,0.0,0.0,0.0,0.0,0.0,1.0,0.0,0.0,0.0,0.0,0.0,0.5,0.0,1.2000000000000002,0.0,0.0,16.0,25903.0
2026-07-30T18:57:16.218Z,5.701,5.712,0.0,7.4,0.0,0.0,0.0,0.0,0.0,0.0,0.0,0.0,1.0,0.0,0.0,0.0,9.0,4.0,0.0,0.0,0.0,0.0,0.0,0.0,0.0,0.0,1.0,12.0,1.0,12.18,5.01,2.51,1.49,0.0,0.0,0.0,301.1,0.0,0.2,0.0,-0.1,95.8,0.0,0.0,264.3,0.0,21.9,13.1,13.1,14.6,300.0,300.0,29.1,31.5,28.0,27.200000000000003,29.1,4.95,2.0,4.96,0.16,0.0,0.0,1027.0,8228.0,0.0,0.0,0.0,0.0,0.0,1.0,0.0,0.0,0.0,0.0,0.0,0.1,0.0,0.1,0.0,0.0,16.0,25903.0
2026-07-30T18:57:16.229Z,5.712,5.724,0.0,7.4,0.0,0.0,0.0,0.0,0.0,0.0,0.0,0.0,1.0,0.0,0.0,0.0,9.0,4.0,0.0,0.0,0.0,0.0,0.0,0.0,0.0,0.0,2.0,12.0,1.0,12.18,5.01,2.51,1.49,0.0,0.0,0.0,301.1,0.0,-0.3,-1.2000000000000002,-1.2000000000000002,95.8,0.0,0.0,264.2,0.0,21.9,13.1,13.1,14.6,300.0,300.0,29.1,31.5,28.0,27.200000000000003,29.1,4.95,1.99,4.97,0.16,0.0,0.0,1027.0,8228.0,0.0,0.0,0.0,0.0,0.0,1.0,0.0,0.0,0.0,0.0,0.0,1.0,0.0,2.2,0.0,0.0,16.0,25903.0
2026-07-30T18:57:16.241Z,5.724,5.736,0.0,7.4,0.0,0.0,0.0,0.0,0.0,0.0,0.0,0.0,1.0,0.0,0.0,0.0,9.0,4.0,0.0,0.0,0.0,0.0,0.0,0.0,0.0,0.0,4.0,12.0,1.0,12.18,5.01,2.51,1.49,0.0,0.0,0.0,301.1,0.0,0.2,-0.5,0.5,95.8,0.0,0.0,264.2,0.0,21.9,13.1,13.1,14.6,300.0,300.0,29.1,31.5,28.0,27.200000000000003,29.1,4.95,1.99,4.96,0.16,0.0,0.0,1027.0,8228.0,0.0,0.0,0.0,0.0,0.0,1.0,0.0,0.0,0.0,0.0,0.0,-0.6000000000000001,0.0,0.2,0.0,0.0,16.0,25903.0
2026-07-30T18:57:16.253Z,5.736,5.748,0.0,7.4,0.0,0.0,0.0,0.0,0.0,0.0,0.0,0.0,1.0,0.0,0.0,0.0,9.0,4.0,0.0,0.0,0.0,0.0,0.0,0.0,0.0,0.0,4.0,12.0,1.0,12.18,5.01,2.51,1.49,0.0,0.0,0.0,301.1,0.0,0.2,0.5,0.5,95.8,0.0,0.0,264.2,0.0,21.9,13.1,13.1,14.6,300.0,300.0,29.1,31.5,28.0,27.200000000000003,29.1,4.96,1.99,4.96,0.16,0.0,0.0,1027.0,8228.0,0.0,0.0,0.0,0.0,0.0,1.0,0.0,0.0,0.0,0.0,0.0,-0.4,0.0,-1.0,0.0,0.0,16.0,25903.0
2026-07-30T18:57:16.265Z,5.748,5.76,0.0,7.4,0.0,0.0,0.0,0.0,0.0,0.0,0.0,0.0,1.0,0.0,0.0,0.0,9.0,4.0,0.0,0.0,0.0,0.0,0.0,0.0,0.0,0.0,5.0,12.0,1.0,12.18,5.01,2.51,1.49,0.0,0.0,0.0,301.1,0.0,0.2,-0.5,-0.5,95.8,0.0,0.0,264.2,0.0,21.9,13.1,13.1,14.6,300.0,300.0,29.1,31.5,28.0,27.200000000000003,29.1,4.95,1.99,4.97,0.16,0.0,0.0,1027.0,8228.0,0.0,0.0,0.0,0.0,0.0,1.0,0.0,0.0,0.0,0.0,0.0,0.4,0.0,1.0,0.0,0.0,16.0,25903.0
2026-07-30T18:57:16.277Z,5.76,5.772,0.0,7.4,0.0,0.0,0.0,0.0,0.0,0.0,0.0,0.0,1.0,0.0,0.0,0.0,9.0,4.0,0.0,0.0,0.0,0.0,0.0,0.0,0.0,0.0,5.0,12.0,1.0,12.18,5.01,2.51,1.49,0.0,0.0,0.0,301.1,0.0,-0.3,-0.5,0.0,95.8,0.0,0.0,264.2,0.0,21.9,13.1,13.1,14.6,300.0,300.0,29.1,31.5,28.0,27.200000000000003,29.1,4.95,1.99,4.97,0.16,0.0,0.0,1027.0,8228.0,0.0,0.0,0.0,0.0,0.0,1.0,0.0,0.0,0.0,0.0,0.0,0.0,0.0,0.6000000000000001,0.0,0.0,16.0,25903.0
2026-07-30T18:57:16.289Z,5.772,5.784,0.0,7.4,0.0,0.0,0.0,0.0,0.0,0.0,0.0,0.0,1.0,0.0,0.0,0.0,9.0,4.0,0.0,0.0,0.0,0.0,0.0,0.0,0.0,0.0,1.0,12.0,1.0,12.18,5.01,2.51,1.49,0.0,0.0,0.0,301.1,0.0,-0.3,0.0,0.0,95.8,0.0,0.0,264.2,0.0,21.9,13.1,13.1,14.6,300.0,300.0,29.1,31.5,28.0,27.200000000000003,29.1,4.95,1.99,4.96,0.16,0.0,0.0,1027.0,8228.0,0.0,0.0,0.0,0.0,0.0,1.0,0.0,0.0,0.0,0.0,0.0,0.0,0.0,0.0,0.0,0.0,16.0,25903.0
2026-07-30T18:57:16.301Z,5.784,5.796,0.0,7.4,0.0,0.0,0.0,0.0,0.0,0.0,0.0,0.0,1.0,0.0,0.0,0.0,9.0,4.0,0.0,0.0,0.0,0.0,0.0,0.0,0.0,0.0,3.0,12.0,1.0,12.18,5.01,2.51,1.49,0.0,0.0,0.0,301.1,0.0,-0.3,1.2000000000000002,0.0,95.8,0.0,0.0,264.2,0.0,21.9,13.1,13.1,14.6,300.0,300.0,29.1,31.5,28.0,27.200000000000003,29.1,4.96,1.99,4.96,0.16,0.0,0.0,1027.0,8228.0,0.0,0.0,0.0,0.0,0.0,1.0,0.0,0.0,0.0,0.0,0.0,0.1,0.0,-1.4,0.0,0.0,16.0,25903.0
2026-07-30T18:57:16.313Z,5.796,5.808,0.0,7.4,0.0,0.0,0.0,0.0,0.0,0.0,0.0,0.0,1.0,0.0,0.0,0.0,9.0,4.0,0.0,0.0,0.0,0.0,0.0,0.0,0.0,0.0,4.0,12.0,1.0,12.18,5.01,2.51,1.49,0.0,0.0,0.0,301.1,0.0,0.2,0.0,1.1,95.8,0.0,0.0,264.2,0.0,21.9,13.1,13.1,14.6,300.0,300.0,29.1,31.5,28.0,27.200000000000003,29.1,4.95,1.99,4.97,0.16,0.0,0.0,1027.0,8228.0,0.0,0.0,0.0,0.0,0.0,1.0,0.0,0.0,0.0,0.0,0.0,-1.0,0.0,-0.8,0.0,0.0,16.0,25903.0
2026-07-30T18:57:16.326Z,5.809,5.82,0.0,7.4,0.0,0.0,0.0,0.0,0.0,0.0,0.0,0.0,1.0,0.0,0.0,0.0,9.0,4.0,0.0,0.0,0.0,0.0,0.0,0.0,0.0,0.0,5.0,12.0,1.0,12.18,5.0200000000000005,2.5,1.49,0.0,0.0,0.0,301.1,0.0,0.2,0.0,0.0,95.8,0.0,0.0,264.2,0.0,21.3,13.3,13.3,14.8,300.0,300.0,29.0,31.5,28.0,27.200000000000003,29.1,4.95,1.99,4.96,0.16,0.0,0.0,1027.0,8228.0,0.0,0.0,0.0,0.0,0.0,1.0,0.0,0.0,0.0,0.0,0.0,0.0,0.0,0.0,0.0,0.0,16.0,25903.0
2026-07-30T18:57:16.337Z,5.82,5.832,0.0,7.4,0.0,0.0,0.0,0.0,0.0,0.0,0.0,0.0,1.0,0.0,0.0,0.0,9.0,4.0,0.0,0.0,0.0,0.0,0.0,0.0,0.0,0.0,6.0,12.0,1.0,12.18,5.0200000000000005,2.5,1.49,0.0,0.0,0.0,301.1,0.0,-0.3,-0.5,0.5,95.8,0.0,0.0,264.2,0.0,21.3,13.3,13.3,14.8,300.0,300.0,29.0,31.5,28.0,27.200000000000003,29.1,4.95,1.99,4.96,0.16,0.0,0.0,1027.0,8228.0,0.0,0.0,0.0,0.0,0.0,1.0,0.0,0.0,0.0,0.0,0.0,-0.5,0.0,0.2,0.0,0.0,16.0,25903.0
2026-07-30T18:57:16.349Z,5.832,5.844,0.0,7.4,0.0,0.0,0.0,0.0,0.0,0.0,0.0,0.0,1.0,0.0,0.0,0.0,9.0,4.0,0.0,0.0,0.0,0.0,0.0,0.0,0.0,0.0,1.0,12.0,1.0,12.18,5.0200000000000005,2.5,1.49,0.0,0.0,0.0,301.1,0.0,0.2,0.6000000000000001,0.5,95.8,0.0,0.0,264.40000000000003,0.0,21.3,13.3,13.3,14.8,300.0,300.0,29.0,31.5,28.0,27.200000000000003,29.1,4.95,1.99,4.96,0.16,0.0,0.0,1027.0,8228.0,0.0,0.0,0.0,0.0,0.0,1.0,0.0,0.0,0.0,0.0,0.0,-0.4,0.0,-1.1,0.0,0.0,16.0,25903.0
2026-07-30T18:57:16.361Z,5.844,5.856,0.0,7.4,0.0,0.0,0.0,0.0,0.0,0.0,0.0,0.0,1.0,0.0,0.0,0.0,9.0,4.0,0.0,0.0,0.0,0.0,0.0,0.0,0.0,0.0,2.0,12.0,1.0,12.18,5.0200000000000005,2.5,1.49,0.0,0.0,0.0,301.2,0.0,-0.8,0.0,-1.2000000000000002,95.8,0.0,0.0,264.2,0.0,21.3,13.3,13.3,14.8,300.0,300.0,29.0,31.5,28.0,27.200000000000003,29.1,4.95,1.99,4.96,0.16,0.0,0.0,1027.0,8228.0,0.0,0.0,0.0,0.0,0.0,1.0,0.0,0.0,0.0,0.0,0.0,1.1,0.0,0.7000000000000001,0.0,0.0,16.0,25903.0
2026-07-30T18:57:16.373Z,5.856,5.868,0.0,7.4,0.0,0.0,0.0,0.0,0.0,0.0,0.0,0.0,1.0,0.0,0.0,0.0,9.0,4.0,0.0,0.0,0.0,0.0,0.0,0.0,0.0,0.0,3.0,12.0,1.0,12.18,5.0200000000000005,2.5,1.49,0.0,0.0,0.0,301.2,0.0,0.2,0.5,2.2,95.8,0.0,0.0,264.2,0.0,21.3,13.3,13.3,14.8,300.0,300.0,29.0,31.5,28.0,27.200000000000003,29.1,4.96,1.99,4.96,0.16,0.0,0.0,1027.0,8228.0,0.0,0.0,0.0,0.0,0.0,1.0,0.0,0.0,0.0,0.0,0.0,-2.0,0.0,-2.1,0.0,0.0,16.0,25903.0
2026-07-30T18:57:16.385Z,5.868,5.88,0.0,7.4,0.0,0.0,0.0,0.0,0.0,0.0,0.0,0.0,1.0,0.0,0.0,0.0,9.0,4.0,0.0,0.0,0.0,0.0,0.0,0.0,0.0,0.0,4.0,12.0,1.0,12.18,5.0200000000000005,2.5,1.49,0.0,0.1,0.0,301.1,0.0,0.8,0.5,-0.6000000000000001,95.8,0.0,0.0,264.2,0.0,21.3,13.3,13.3,14.8,300.0,300.0,29.0,31.5,28.0,27.200000000000003,29.1,4.96,1.99,4.97,0.16,0.0,0.0,1027.0,8228.0,0.0,0.0,0.0,0.0,0.0,1.0,0.0,0.0,0.0,0.0,0.0,0.7000000000000001,0.0,-0.1,0.0,0.0,16.0,25903.0
2026-07-30T18:57:16.397Z,5.88,5.892,0.0,7.4,0.0,0.0,0.0,0.0,0.0,0.0,0.0,0.0,1.0,0.0,0.0,0.0,9.0,4.0,0.0,0.0,0.0,0.0,0.0,0.0,0.0,0.0,5.0,12.0,1.0,12.18,5.0200000000000005,2.5,1.49,-0.1,0.1,0.0,301.1,0.0,-0.3,0.0,-0.6000000000000001,95.8,0.0,0.0,264.2,0.0,21.3,13.3,13.3,14.8,300.0,300.0,29.0,31.5,28.0,27.200000000000003,29.1,4.95,1.99,4.97,0.16,0.0,0.0,1027.0,8228.0,0.0,0.0,0.0,0.0,0.0,1.0,0.0,0.0,0.0,0.0,0.0,0.6000000000000001,0.0,0.4,0.0,0.0,16.0,25903.0
2026-07-30T18:57:16.409Z,5.892,5.904,0.0,7.4,0.0,0.0,0.0,0.0,0.0,0.0,0.0,0.0,1.0,0.0,0.0,0.0,9.0,4.0,0.0,0.0,0.0,0.0,0.0,0.0,0.0,0.0,1.0,12.0,1.0,12.18,5.0200000000000005,2.5,1.49,0.0,0.0,0.0,301.1,0.0,-0.8,-1.1,-0.6000000000000001,95.8,0.0,0.0,264.2,0.0,21.3,13.3,13.3,14.8,300.0,300.0,29.0,31.5,28.0,27.200000000000003,29.1,4.96,1.99,4.96,0.16,0.0,0.0,1027.0,8228.0,0.0,0.0,0.0,0.0,0.0,1.0,0.0,0.0,0.0,0.0,0.0,0.4,0.0,1.7000000000000002,0.0,0.0,16.0,25903.0
2026-07-30T18:57:16.422Z,5.905,5.916,0.0,7.4,0.0,0.0,0.0,0.0,0.0,0.0,0.0,0.0,1.0,0.0,0.0,0.0,9.0,4.0,0.0,0.0,0.0,0.0,0.0,0.0,0.0,0.0,3.0,12.0,1.0,12.15,5.01,2.5,1.49,0.0,0.0,0.0,301.1,0.0,-0.2,-1.1,-0.6000000000000001,95.8,0.0,0.0,264.2,0.0,21.700000000000003,13.5,13.5,15.0,300.0,300.0,29.1,31.5,28.0,27.200000000000003,29.1,4.95,1.99,4.96,0.16,0.0,0.0,1027.0,8228.0,0.0,0.0,0.0,0.0,0.0,1.0,0.0,0.0,0.0,0.0,0.0,0.4,0.0,1.7000000000000002,0.0,0.0,16.0,25903.0
2026-07-30T18:57:16.433Z,5.916,5.928,0.0,7.4,0.0,0.0,0.0,0.0,0.0,0.0,0.0,0.0,1.0,0.0,0.0,0.0,9.0,4.0,0.0,0.0,0.0,0.0,0.0,0.0,0.0,0.0,4.0,12.0,1.0,12.15,5.01,2.5,1.49,0.0,0.0,0.0,301.2,0.0,0.3,1.7000000000000002,0.0,95.8,0.0,0.0,264.2,0.0,21.700000000000003,13.5,13.5,15.0,300.0,300.0,29.1,31.5,28.0,27.200000000000003,29.1,4.95,1.99,4.97,0.16,0.0,0.0,1027.0,8228.0,0.0,0.0,0.0,0.0,0.0,1.0,0.0,0.0,0.0,0.0,0.0,0.2,0.0,-2.0,0.0,0.0,16.0,25903.0
2026-07-30T18:57:16.445Z,5.928,5.94,0.0,7.4,0.0,0.0,0.0,0.0,0.0,0.0,0.0,0.0,1.0,0.0,0.0,0.0,9.0,4.0,0.0,0.0,0.0,0.0,0.0,0.0,0.0,0.0,5.0,12.0,1.0,12.15,5.01,2.5,1.49,0.0,0.0,0.0,301.2,0.0,0.8,0.6000000000000001,0.0,95.8,0.0,0.0,264.2,0.0,21.700000000000003,13.5,13.5,15.0,300.0,300.0,29.1,31.5,28.0,27.200000000000003,29.1,4.95,1.99,4.97,0.16,0.0,0.0,1027.0,8228.0,0.0,0.0,0.0,0.0,0.0,1.0,0.0,0.0,0.0,0.0,0.0,0.1,0.0,-0.6000000000000001,0.0,0.0,16.0,25903.0
2026-07-30T18:57:16.457Z,5.94,5.952,0.0,7.4,0.0,0.0,0.0,0.0,0.0,0.0,0.0,0.0,1.0,0.0,0.0,0.0,9.0,4.0,0.0,0.0,0.0,0.0,0.0,0.0,0.0,0.0,6.0,12.0,1.0,12.15,5.01,2.5,1.49,0.0,0.0,0.0,301.1,0.0,-0.2,0.0,1.1,95.8,0.0,0.0,264.3,0.0,21.700000000000003,13.5,13.5,15.0,300.0,300.0,29.1,31.5,28.0,27.200000000000003,29.1,4.96,1.99,4.96,0.16,0.0,0.0,1027.0,8228.0,0.0,0.0,0.0,0.0,0.0,1.0,0.0,0.0,0.0,0.0,0.0,-1.0,0.0,-0.8,0.0,0.0,16.0,25903.0
2026-07-30T18:57:16.469Z,5.952,5.964,0.0,7.4,0.0,0.0,0.0,0.0,0.0,0.0,0.0,0.0,1.0,0.0,0.0,0.0,9.0,4.0,0.0,0.0,0.0,0.0,0.0,0.0,0.0,0.0,1.0,12.0,1.0,12.15,5.01,2.5,1.49,0.0,0.0,0.0,301.1,0.0,0.9,0.6000000000000001,-1.2000000000000002,95.8,0.0,0.0,264.2,0.0,21.700000000000003,13.5,13.5,15.0,300.0,300.0,29.1,31.5,28.0,27.200000000000003,29.1,4.95,1.99,4.97,0.16,0.0,0.0,1027.0,8228.0,0.0,0.0,0.0,0.0,0.0,1.0,0.0,0.0,0.0,0.0,0.0,1.2000000000000002,0.0,0.0,0.0,0.0,16.0,25903.0
2026-07-30T18:57:16.481Z,5.964,5.976,0.0,7.4,0.0,0.0,0.0,0.0,0.0,0.0,0.0,0.0,1.0,0.0,0.0,0.0,9.0,4.0,0.0,0.0,0.0,0.0,0.0,0.0,0.0,0.0,2.0,12.0,1.0,12.15,5.01,2.5,1.49,0.0,0.0,0.0,301.1,0.0,0.3,0.1,0.0,95.8,0.0,0.0,264.2,0.0,21.700000000000003,13.5,13.5,15.0,300.0,300.0,29.1,31.5,28.0,27.200000000000003,29.1,4.95,1.99,4.96,0.16,0.0,0.0,1027.0,8228.0,0.0,0.0,0.0,0.0,0.0,1.0,0.0,0.0,0.0,0.0,0.0,0.0,0.0,0.0,0.0,0.0,16.0,25903.0
2026-07-30T18:57:16.493Z,5.976,5.988,0.0,7.4,0.0,0.0,0.0,0.0,0.0,0.0,0.0,0.0,1.0,0.0,0.0,0.0,9.0,4.0,0.0,0.0,0.0,0.0,0.0,0.0,0.0,0.0,4.0,12.0,1.0,12.15,5.01,2.5,1.49,0.0,0.0,0.0,301.1,0.0,0.2,1.2000000000000002,1.0,95.8,0.0,0.0,264.2,0.0,21.700000000000003,13.5,13.5,15.0,300.0,300.0,29.1,31.5,28.0,27.200000000000003,29.1,4.96,2.0,4.96,0.16,0.0,0.0,1027.0,8228.0,0.0,0.0,0.0,0.0,0.0,1.0,0.0,0.0,0.0,0.0,0.0,-0.8,0.0,-2.1,0.0,0.0,16.0,25903.0
2026-07-30T18:57:16.505Z,5.988,6.0,0.0,7.4,0.0,0.0,0.0,0.0,0.0,0.0,0.0,0.0,1.0,0.0,0.0,0.0,9.0,4.0,0.0,0.0,0.0,0.0,0.0,0.0,0.0,0.0,5.0,12.0,1.0,12.15,5.01,2.5,1.49,0.0,0.0,0.0,301.1,0.0,-0.2,-1.0,0.5,95.8,0.0,0.0,264.2,0.0,21.700000000000003,13.5,13.5,15.0,300.0,300.0,29.1,31.5,28.0,27.200000000000003,29.1,4.96,2.0,4.96,0.16,0.0,0.0,1027.0,8228.0,0.0,0.0,0.0,0.0,0.0,1.0,0.0,0.0,0.0,0.0,0.0,-0.6000000000000001,0.0,0.8,0.0,0.0,16.0,25903.0
2026-07-30T18:57:16.517Z,6.0,6.0120000000000005,0.0,7.4,0.0,0.0,0.0,0.0,0.0,0.0,0.0,0.0,1.0,0.0,0.0,0.0,9.0,4.0,0.0,0.0,0.0,0.0,0.0,0.0,0.0,0.0,6.0,12.0,1.0,12.15,5.01,2.5,1.49,0.0,0.0,0.0,301.1,0.0,-0.9,-1.0,1.1,95.8,0.0,0.0,264.2,0.0,21.700000000000003,13.5,13.5,15.0,300.0,300.0,29.1,31.5,28.0,27.200000000000003,29.1,4.95,1.99,4.96,0.16,0.0,0.0,1027.0,8228.0,0.0,0.0,0.0,0.0,0.0,1.0,0.0,0.0,0.0,0.0,0.0,-1.1,0.0,0.4,0.0,0.0,16.0,25903.0
2026-07-30T18:57:16.529Z,6.012,6.024,0.0,7.4,0.0,0.0,0.0,0.0,0.0,0.0,0.0,0.0,1.0,0.0,0.0,0.0,9.0,4.0,0.0,0.0,0.0,0.0,0.0,0.0,0.0,0.0,1.0,12.0,1.0,12.17,5.01,2.51,1.49,0.0,0.0,0.0,301.1,0.0,0.2,1.2000000000000002,-0.6000000000000001,95.8,0.0,0.0,264.2,0.0,21.200000000000003,13.7,13.7,15.2,300.0,300.0,29.0,31.5,28.0,27.200000000000003,29.1,4.95,1.99,4.96,0.16,0.0,0.0,1027.0,8228.0,0.0,0.0,0.0,0.0,0.0,1.0,0.0,0.0,0.0,0.0,0.0,0.7000000000000001,0.0,-1.0,0.0,0.0,16.0,25903.0
2026-07-30T18:57:16.541Z,6.024,6.0360000000000005,0.0,7.4,0.0,0.0,0.0,0.0,0.0,0.0,0.0,0.0,1.0,0.0,0.0,0.0,9.0,4.0,0.0,0.0,0.0,0.0,0.0,0.0,0.0,0.0,2.0,12.0,1.0,12.17,5.01,2.51,1.49,0.0,0.0,0.0,301.1,0.0,0.8,0.6000000000000001,0.0,95.8,0.0,0.0,264.2,0.0,21.200000000000003,13.7,13.7,15.2,300.0,300.0,29.0,31.5,28.0,27.200000000000003,29.1,4.96,1.99,4.96,0.16,0.0,0.0,1027.0,8228.0,0.0,0.0,0.0,0.0,0.0,1.0,0.0,0.0,0.0,0.0,0.0,0.1,0.0,-0.7000000000000001,0.0,0.0,16.0,25903.0
2026-07-30T18:57:16.553Z,6.036,6.048,0.0,7.4,0.0,0.0,0.0,0.0,0.0,0.0,0.0,0.0,1.0,0.0,0.0,0.0,9.0,4.0,0.0,0.0,0.0,0.0,0.0,0.0,0.0,0.0,3.0,12.0,1.0,12.17,5.01,2.51,1.49,0.0,0.0,0.0,301.1,0.0,0.2,0.0,1.1,95.8,0.0,0.0,264.2,0.0,21.200000000000003,13.7,13.7,15.2,300.0,300.0,29.0,31.5,28.0,27.200000000000003,29.1,4.96,1.99,4.97,0.16,0.0,0.0,1027.0,8228.0,0.0,0.0,0.0,0.0,0.0,1.0,0.0,0.0,0.0,0.0,0.0,-1.0,0.0,-0.8,0.0,0.0,16.0,25903.0
2026-07-30T18:57:16.566Z,6.049,6.0600000000000005,0.0,7.4,0.0,0.0,0.0,0.0,0.0,0.0,0.0,0.0,1.0,0.0,0.0,0.0,9.0,4.0,0.0,0.0,0.0,0.0,0.0,0.0,0.0,0.0,5.0,12.0,1.0,12.17,5.01,2.51,1.49,0.0,0.0,0.0,301.1,0.0,-0.9,-0.5,0.0,95.8,0.0,0.0,264.2,0.0,21.200000000000003,13.7,13.7,15.2,300.0,300.0,29.0,31.5,28.0,27.200000000000003,29.1,4.95,1.99,4.96,0.16,0.0,0.0,1027.0,8228.0,0.0,0.0,0.0,0.0,0.0,1.0,0.0,0.0,0.0,0.0,0.0,0.0,0.0,0.6000000000000001,0.0,0.0,16.0,25903.0
2026-07-30T18:57:16.577Z,6.06,6.072,0.0,7.4,0.0,0.0,0.0,0.0,0.0,0.0,0.0,0.0,1.0,0.0,0.0,0.0,9.0,4.0,0.0,0.0,0.0,0.0,0.0,0.0,0.0,0.0,5.0,12.0,1.0,12.17,5.01,2.51,1.49,0.0,0.0,0.0,301.1,0.0,0.8,0.0,0.4,95.8,0.0,0.0,264.2,0.0,21.200000000000003,13.7,13.7,15.2,300.0,300.0,29.0,31.5,28.0,27.200000000000003,29.1,4.95,1.99,4.96,0.16,0.0,0.0,1027.0,8228.0,0.0,0.0,0.0,0.0,0.0,1.0,0.0,0.0,0.0,0.0,0.0,-0.4,0.0,-0.3,0.0,0.0,16.0,25903.0
2026-07-30T18:57:16.589Z,6.072,6.0840000000000005,0.0,7.4,0.0,0.0,0.0,0.0,0.0,0.0,0.0,0.0,1.0,0.0,0.0,0.0,9.0,4.0,0.0,0.0,0.0,0.0,0.0,0.0,0.0,0.0,1.0,12.0,1.0,12.17,5.01,2.51,1.49,0.0,0.1,0.0,301.1,0.0,0.2,0.0,-0.7000000000000001,95.8,0.0,0.0,264.2,0.0,21.200000000000003,13.7,13.7,15.2,300.0,300.0,29.0,31.5,28.0,27.200000000000003,29.1,4.95,1.99,4.96,0.16,0.0,0.0,1027.0,8228.0,0.0,0.0,0.0,0.0,0.0,1.0,0.0,0.0,0.0,0.0,0.0,0.6000000000000001,0.0,0.4,0.0,0.0,16.0,25903.0
2026-07-30T18:57:16.601Z,6.084,6.096,0.0,7.4,0.0,0.0,0.0,0.0,0.0,0.0,0.0,0.0,1.0,0.0,0.0,0.0,9.0,4.0,0.0,0.0,0.0,0.0,0.0,0.0,0.0,0.0,2.0,12.0,1.0,12.17,5.01,2.51,1.49,0.0,0.0,0.0,301.1,0.0,0.2,-0.5,-0.7000000000000001,95.8,0.0,0.0,264.2,0.0,21.200000000000003,13.7,13.7,15.2,300.0,300.0,29.0,31.5,28.0,27.200000000000003,29.1,4.95,1.99,4.97,0.16,0.0,0.0,1027.0,8228.0,0.0,0.0,0.0,0.0,0.0,1.0,0.0,0.0,0.0,0.0,0.0,0.6000000000000001,0.0,1.1,0.0,0.0,16.0,25903.0
2026-07-30T18:57:16.613Z,6.096,6.1080000000000005,0.0,7.4,0.0,0.0,0.0,0.0,0.0,0.0,0.0,0.0,1.0,0.0,0.0,0.0,9.0,4.0,0.0,0.0,0.0,0.0,0.0,0.0,0.0,0.0,3.0,12.0,1.0,12.17,5.01,2.51,1.49,0.0,0.0,0.0,301.2,0.0,-0.8,0.0,0.4,95.8,0.0,0.0,264.2,0.0,21.200000000000003,13.7,13.7,15.2,300.0,300.0,29.0,31.5,28.0,27.200000000000003,29.1,4.96,1.99,4.96,0.16,0.0,0.0,1027.0,8228.0,0.0,0.0,0.0,0.0,0.0,1.0,0.0,0.0,0.0,0.0,0.0,-0.3,0.0,-0.3,0.0,0.0,16.0,25903.0
2026-07-30T18:57:16.626Z,6.109,6.12,0.0,7.4,0.0,0.0,0.0,0.0,0.0,0.0,0.0,0.0,1.0,0.0,0.0,0.0,9.0,4.0,0.0,0.0,0.0,0.0,0.0,0.0,0.0,0.0,4.0,12.0,1.0,12.14,5.0200000000000005,2.51,1.49,0.0,0.0,0.0,301.1,0.0,-0.2,1.1,-0.7000000000000001,95.8,0.0,0.0,264.2,0.0,21.4,13.8,13.8,15.4,300.0,300.0,29.0,31.5,28.0,27.200000000000003,29.1,4.96,1.99,4.97,0.16,0.0,0.0,1027.0,8228.0,0.0,0.0,0.0,0.0,0.0,1.0,0.0,0.0,0.0,0.0,0.0,0.1,0.0,0.0,0.0,0.0,16.0,25903.0
2026-07-30T18:57:16.637Z,6.12,6.132000000000001,0.0,7.4,0.0,0.0,0.0,0.0,0.0,0.0,0.0,0.0,1.0,0.0,0.0,0.0,9.0,4.0,0.0,0.0,0.0,0.0,0.0,0.0,0.0,0.0,6.0,12.0,1.0,12.14,5.0200000000000005,2.51,1.49,0.0,0.0,0.0,301.1,0.0,-0.2,-0.5,-0.1,95.8,0.0,0.0,264.2,0.0,21.4,13.8,13.8,15.4,300.0,300.0,29.0,31.5,28.0,27.200000000000003,29.1,4.95,1.99,4.97,0.16,0.0,0.0,1027.0,8228.0,0.0,0.0,0.0,0.0,0.0,1.0,0.0,0.0,0.0,0.0,0.0,0.8,0.0,-0.1,0.0,0.0,16.0,25903.0
2026-07-30T18:57:16.649Z,6.132,6.144,0.0,7.4,0.0,0.0,0.0,0.0,0.0,0.0,0.0,0.0,1.0,0.0,0.0,0.0,9.0,4.0,0.0,0.0,0.0,0.0,0.0,0.0,0.0,0.0,1.0,12.0,1.0,12.14,5.0200000000000005,2.51,1.49,0.0,0.0,0.0,301.1,0.0,-0.2,-1.0,-0.7000000000000001,95.8,0.0,0.0,264.2,0.0,21.4,13.8,13.8,15.4,300.0,300.0,29.0,31.5,28.0,27.200000000000003,29.1,4.96,1.99,4.96,0.16,0.0,0.0,1027.0,8228.0,0.0,0.0,0.0,0.0,0.0,1.0,0.0,0.0,0.0,0.0,0.0,-0.9,0.0,-0.7000000000000001,0.0,0.0,16.0,25903.0
2026-07-30T18:57:16.661Z,6.144,6.156,0.0,7.4,0.0,0.0,0.0,0.0,0.0,0.0,0.0,0.0,1.0,0.0,0.0,0.0,9.0,4.0,0.0,0.0,0.0,0.0,0.0,0.0,0.0,0.0,2.0,12.0,1.0,12.14,5.0200000000000005,2.51,1.49,0.0,0.0,0.0,301.1,0.0,-0.2,0.0,-0.1,95.8,0.0,0.0,264.40000000000003,0.0,21.4,13.8,13.8,15.4,300.0,300.0,29.0,31.5,28.0,27.200000000000003,29.1,4.95,1.99,4.96,0.16,0.0,0.0,1027.0,8228.0,0.0,0.0,0.0,0.0,0.0,1.0,0.0,0.0,0.0,0.0,0.0,0.1,0.0,0.0,0.0,0.0,16.0,25903.0
2026-07-30T18:57:16.674Z,6.157,6.168,0.0,7.4,0.0,0.0,0.0,0.0,0.0,0.0,0.0,0.0,1.0,0.0,0.0,0.0,9.0,4.0,0.0,0.0,0.0,0.0,0.0,0.0,0.0,0.0,3.0,12.0,1.0,12.14,5.0200000000000005,2.51,1.49,0.0,0.0,0.0,301.1,0.0,0.3,1.8,-0.7000000000000001,95.8,0.0,0.0,264.2,0.0,21.4,13.8,13.8,15.4,300.0,300.0,29.0,31.5,28.0,27.200000000000003,29.1,4.95,1.99,4.97,0.16,0.0,0.0,1027.0,8228.0,0.0,0.0,0.0,0.0,0.0,1.0,0.0,0.0,0.0,0.0,0.0,0.8,0.0,-1.6,0.0,0.0,16.0,25903.0
2026-07-30T18:57:16.685Z,6.168,6.18,0.0,7.4,0.0,0.0,0.0,0.0,0.0,0.0,0.0,0.0,1.0,0.0,0.0,0.0,9.0,4.0,0.0,0.0,0.0,0.0,0.0,0.0,0.0,0.0,5.0,12.0,1.0,12.14,5.0200000000000005,2.51,1.49,0.0,0.0,0.0,301.1,0.0,-0.8,0.0,-0.1,95.8,0.0,0.0,264.2,0.0,21.4,13.8,13.8,15.4,300.0,300.0,29.0,31.5,28.0,27.200000000000003,29.1,4.95,1.99,4.97,0.16,0.0,0.0,1027.0,8228.0,0.0,0.0,0.0,0.0,0.0,1.0,0.0,0.0,0.0,0.0,0.0,0.1,0.0,0.0,0.0,0.0,16.0,25903.0
2026-07-30T18:57:16.697Z,6.18,6.192,0.0,7.4,0.0,0.0,0.0,0.0,0.0,0.0,0.0,0.0,1.0,0.0,0.0,0.0,9.0,4.0,0.0,0.0,0.0,0.0,0.0,0.0,0.0,0.0,6.0,12.0,1.0,12.14,5.0200000000000005,2.51,1.49,0.0,0.1,0.0,301.1,0.0,-0.2,-0.5,1.7000000000000002,95.8,0.0,0.0,264.3,0.0,21.4,13.8,13.8,15.4,300.0,300.0,29.0,31.5,28.0,27.200000000000003,29.1,4.96,1.99,4.96,0.16,0.0,0.0,1027.0,8228.0,0.0,0.0,0.0,0.0,0.0,1.0,0.0,0.0,0.0,0.0,0.0,-1.6,0.0,-0.5,0.0,0.0,16.0,25903.0
2026-07-30T18:57:16.709Z,6.192,6.204,0.0,7.4,0.0,0.0,0.0,0.0,0.0,0.0,0.0,0.0,1.0,0.0,0.0,0.0,9.0,4.0,0.0,0.0,0.0,0.0,0.0,0.0,0.0,0.0,2.0,12.0,1.0,12.14,5.0200000000000005,2.51,1.49,0.0,0.0,0.0,301.1,0.0,0.3,0.0,0.5,95.8,0.0,0.0,264.2,0.0,21.4,13.8,13.8,15.4,300.0,300.0,29.0,31.5,28.0,27.200000000000003,29.1,4.95,1.99,4.97,0.16,0.0,0.0,1027.0,8228.0,0.0,0.0,0.0,0.0,0.0,1.0,0.0,0.0,0.0,0.0,0.0,-0.4,0.0,-0.4,0.0,0.0,16.0,25903.0
2026-07-30T18:57:16.722Z,6.205,6.216,0.0,7.4,0.0,0.0,0.0,0.0,0.0,0.0,0.0,0.0,1.0,0.0,0.0,0.0,9.0,4.0,0.0,0.0,0.0,0.0,0.0,0.0,0.0,0.0,3.0,12.0,1.0,12.14,5.0200000000000005,2.51,1.49,0.0,0.0,0.0,301.1,0.0,0.3,-0.5,-0.6000000000000001,95.8,0.0,0.0,264.2,0.0,21.4,13.8,13.8,15.4,300.0,300.0,29.0,31.5,28.0,27.200000000000003,29.1,4.95,1.99,4.97,0.16,0.0,0.0,1027.0,8228.0,0.0,0.0,0.0,0.0,0.0,1.0,0.0,0.0,0.0,0.0,0.0,0.5,0.0,1.1,0.0,0.0,16.0,25903.0
2026-07-30T18:57:16.733Z,6.216,6.228,0.0,7.4,0.0,0.0,0.0,0.0,0.0,0.0,0.0,0.0,1.0,0.0,0.0,0.0,9.0,4.0,0.0,0.0,0.0,0.0,0.0,0.0,0.0,0.0,5.0,12.0,1.0,12.15,5.0200000000000005,2.5,1.49,-0.1,0.1,0.0,301.1,0.0,-0.8,-1.1,-2.4000000000000004,95.8,0.0,0.0,264.2,0.0,21.700000000000003,14.0,14.0,15.6,300.0,300.0,29.1,31.5,28.0,27.200000000000003,29.1,4.96,1.99,4.97,0.16,0.0,0.0,1027.0,8228.0,0.0,0.0,0.0,0.0,0.0,1.0,0.0,0.0,0.0,0.0,0.0,2.1,0.0,2.9000000000000004,0.0,0.0,16.0,25903.0
2026-07-30T18:57:16.745Z,6.228,6.24,0.0,7.4,0.0,0.0,0.0,0.0,0.0,0.0,0.0,0.0,1.0,0.0,0.0,0.0,9.0,4.0,0.0,0.0,0.0,0.0,0.0,0.0,0.0,0.0,6.0,12.0,1.0,12.15,5.0200000000000005,2.5,1.49,0.0,0.0,0.0,301.1,0.0,-0.8,0.6000000000000001,0.4,95.8,0.0,0.0,264.2,0.0,21.700000000000003,14.0,14.0,15.6,300.0,300.0,29.1,31.5,28.0,27.200000000000003,29.1,4.95,1.99,4.97,0.16,0.0,0.0,1027.0,8228.0,0.0,0.0,0.0,0.0,0.0,1.0,0.0,0.0,0.0,0.0,0.0,-0.3,0.0,-1.0,0.0,0.0,16.0,25903.0
2026-07-30T18:57:16.757Z,6.24,6.252,0.0,7.4,0.0,0.0,0.0,0.0,0.0,0.0,0.0,0.0,1.0,0.0,0.0,0.0,9.0,4.0,0.0,0.0,0.0,0.0,0.0,0.0,0.0,0.0,1.0,12.0,1.0,12.15,5.0200000000000005,2.5,1.49,0.0,0.0,0.0,301.1,0.0,-1.3,-1.6,-0.6000000000000001,95.8,0.0,0.0,264.2,0.0,21.700000000000003,14.0,14.0,15.6,300.0,300.0,29.1,31.5,28.0,27.200000000000003,29.1,4.95,1.99,4.97,0.16,0.0,0.0,1027.0,8228.0,0.0,0.0,0.0,0.0,0.0,1.0,0.0,0.0,0.0,0.0,0.0,0.4,0.0,2.3000000000000003,0.0,0.0,16.0,25903.0
2026-07-30T18:57:16.769Z,6.252,6.264,0.0,7.4,0.0,0.0,0.0,0.0,0.0,0.0,0.0,0.0,1.0,0.0,0.0,0.0,9.0,4.0,0.0,0.0,0.0,0.0,0.0,0.0,0.0,0.0,3.0,12.0,1.0,12.15,5.0200000000000005,2.5,1.49,0.0,0.0,0.0,301.2,0.0,-0.8,0.0,-0.6000000000000001,95.8,0.0,0.0,264.2,0.0,21.700000000000003,14.0,14.0,15.6,300.0,300.0,29.1,31.5,28.0,27.200000000000003,29.1,4.95,1.99,4.96,0.16,0.0,0.0,1027.0,8228.0,0.0,0.0,0.0,0.0,0.0,1.0,0.0,0.0,0.0,0.0,0.0,0.6000000000000001,0.0,0.3,0.0,0.0,16.0,25903.0
2026-07-30T18:57:16.781Z,6.264,6.276,0.0,7.4,0.0,0.0,0.0,0.0,0.0,0.0,0.0,0.0,1.0,0.0,0.0,0.0,9.0,4.0,0.0,0.0,0.0,0.0,0.0,0.0,0.0,0.0,4.0,12.0,1.0,12.15,5.0200000000000005,2.5,1.49,0.0,0.0,0.0,301.2,0.0,0.3,-0.5,-0.6000000000000001,95.8,0.0,0.0,264.2,0.0,21.700000000000003,14.0,14.0,15.6,300.0,300.0,29.1,31.5,28.0,27.200000000000003,29.1,4.95,1.99,4.96,0.16,0.0,0.0,1027.0,8228.0,0.0,0.0,0.0,0.0,0.0,1.0,0.0,0.0,0.0,0.0,0.0,0.5,0.0,1.0,0.0,0.0,16.0,25903.0
2026-07-30T18:57:16.793Z,6.276,6.288,0.0,7.4,0.0,0.0,0.0,0.0,0.0,0.0,0.0,0.0,1.0,0.0,0.0,0.0,9.0,4.0,0.0,0.0,0.0,0.0,0.0,0.0,0.0,0.0,6.0,12.0,1.0,12.15,5.0200000000000005,2.5,1.49,0.0,0.0,0.0,301.1,0.0,1.5,1.8,0.5,95.8,0.0,0.0,264.2,0.0,21.700000000000003,14.0,14.0,15.6,300.0,300.0,29.1,31.5,28.0,27.200000000000003,29.1,4.95,1.99,4.97,0.16,0.0,0.0,1027.0,8228.0,0.0,0.0,0.0,0.0,0.0,1.0,0.0,0.0,0.0,0.0,0.0,-0.2,0.0,-2.4000000000000004,0.0,0.0,16.0,25903.0
2026-07-30T18:57:16.805Z,6.288,6.3,0.0,7.4,0.0,0.0,0.0,0.0,0.0,0.0,0.0,0.0,1.0,0.0,0.0,0.0,9.0,4.0,0.0,0.0,0.0,0.0,0.0,0.0,0.0,0.0,1.0,12.0,1.0,12.15,5.0200000000000005,2.5,1.49,0.0,0.1,0.0,301.1,0.0,0.4,0.6000000000000001,0.5,95.8,0.0,0.0,264.2,0.0,21.700000000000003,14.0,14.0,15.6,300.0,300.0,29.1,31.5,28.0,27.200000000000003,29.1,4.96,2.0,4.97,0.16,0.0,0.0,1027.0,8228.0,0.0,0.0,0.0,0.0,0.0,1.0,0.0,0.0,0.0,0.0,0.0,-0.4,0.0,-1.1,0.0,0.0,16.0,25903.0
2026-07-30T18:57:16.817Z,6.3,6.312,0.0,7.4,0.0,0.0,0.0,0.0,0.0,0.0,0.0,0.0,1.0,0.0,0.0,0.0,9.0,4.0,0.0,0.0,0.0,0.0,0.0,0.0,0.0,0.0,3.0,12.0,1.0,12.15,5.0200000000000005,2.5,1.49,0.0,0.0,0.0,301.1,0.0,-0.7000000000000001,1.3,0.0,95.8,0.0,0.0,264.2,0.0,21.700000000000003,14.0,14.0,15.6,300.0,300.0,29.1,31.5,28.0,27.200000000000003,29.1,4.96,2.0,4.97,0.16,0.0,0.0,1027.0,8228.0,0.0,0.0,0.0,0.0,0.0,1.0,0.0,0.0,0.0,0.0,0.0,0.1,0.0,-1.4,0.0,0.0,16.0,25903.0
2026-07-30T18:57:16.830Z,6.313,6.324,0.0,7.4,0.0,0.0,0.0,0.0,0.0,0.0,0.0,0.0,1.0,0.0,0.0,0.0,9.0,4.0,0.0,0.0,0.0,0.0,0.0,0.0,0.0,0.0,4.0,12.0,1.0,12.17,5.01,2.51,1.49,0.0,0.0,0.0,301.1,0.0,1.6,1.3,0.0,95.8,0.0,0.0,264.2,0.0,21.3,14.2,14.2,15.7,300.0,300.0,29.1,31.5,28.0,27.200000000000003,29.1,4.96,1.99,4.97,0.16,0.0,0.0,1027.0,8228.0,0.0,0.0,0.0,0.0,0.0,1.0,0.0,0.0,0.0,0.0,0.0,0.1,0.0,-1.5,0.0,0.0,16.0,25903.0
2026-07-30T18:57:16.841Z,6.324,6.336,0.0,7.4,0.0,0.0,0.0,0.0,0.0,0.0,0.0,0.0,1.0,0.0,0.0,0.0,9.0,4.0,0.0,0.0,0.0,0.0,0.0,0.0,0.0,0.0,5.0,12.0,1.0,12.17,5.01,2.51,1.49,0.0,0.0,0.0,301.1,0.0,0.4,-0.4,0.0,95.8,0.0,0.0,264.2,0.0,21.3,14.2,14.2,15.7,300.0,300.0,29.1,31.5,28.0,27.200000000000003,29.1,4.95,1.99,4.96,0.16,0.0,0.0,1027.0,8228.0,0.0,0.0,0.0,0.0,0.0,1.0,0.0,0.0,0.0,0.0,0.0,0.0,0.0,0.5,0.0,0.0,16.0,25903.0
2026-07-30T18:57:16.853Z,6.336,6.348,0.0,7.4,0.0,0.0,0.0,0.0,0.0,0.0,0.0,0.0,1.0,0.0,0.0,0.0,9.0,4.0,0.0,0.0,0.0,0.0,0.0,0.0,0.0,0.0,1.0,12.0,1.0,12.17,5.01,2.51,1.49,0.0,0.0,0.0,301.1,0.0,-0.1,0.1,0.5,95.8,0.0,0.0,264.2,0.0,21.3,14.2,14.2,15.7,300.0,300.0,29.1,31.5,28.0,27.200000000000003,29.1,4.96,1.99,4.96,0.16,0.0,0.0,1027.0,8228.0,0.0,0.0,0.0,0.0,0.0,1.0,0.0,0.0,0.0,0.0,0.0,-0.5,0.0,-0.6000000000000001,0.0,0.0,16.0,25903.0
2026-07-30T18:57:16.865Z,6.348,6.36,0.0,7.4,0.0,0.0,0.0,0.0,0.0,0.0,0.0,0.0,1.0,0.0,0.0,0.0,9.0,4.0,0.0,0.0,0.0,0.0,0.0,0.0,0.0,0.0,2.0,12.0,1.0,12.17,5.01,2.51,1.49,0.0,0.0,0.0,301.1,0.0,0.4,0.7000000000000001,1.1,95.8,0.0,0.0,264.2,0.0,21.3,14.2,14.2,15.7,300.0,300.0,29.1,31.5,28.0,27.200000000000003,29.1,4.96,1.99,4.97,0.16,0.0,0.0,1027.0,8228.0,0.0,0.0,0.0,0.0,0.0,1.0,0.0,0.0,0.0,0.0,0.0,-1.0,0.0,-1.6,0.0,0.0,16.0,25903.0
2026-07-30T18:57:16.877Z,6.36,6.372,0.0,7.4,0.0,0.0,0.0,0.0,0.0,0.0,0.0,0.0,1.0,0.0,0.0,0.0,9.0,4.0,0.0,0.0,0.0,0.0,0.0,0.0,0.0,0.0,3.0,12.0,1.0,12.17,5.01,2.51,1.49,0.0,0.0,0.0,301.1,0.0,-0.1,0.1,-0.5,95.8,0.0,0.0,264.2,0.0,21.3,14.2,14.2,15.7,300.0,300.0,29.1,31.5,28.0,27.200000000000003,29.1,4.95,1.99,4.97,0.16,0.0,0.0,1027.0,8228.0,0.0,0.0,0.0,0.0,0.0,1.0,0.0,0.0,0.0,0.0,0.0,0.5,0.0,0.1,0.0,0.0,16.0,25903.0
2026-07-30T18:57:16.889Z,6.372,6.384,0.0,7.4,0.0,0.0,0.0,0.0,0.0,0.0,0.0,0.0,1.0,0.0,0.0,0.0,9.0,4.0,0.0,0.0,0.0,0.0,0.0,0.0,0.0,0.0,4.0,12.0,1.0,12.17,5.01,2.51,1.49,-0.1,0.0,0.0,301.2,0.0,1.6,1.3,1.7000000000000002,95.8,0.0,0.0,264.2,0.0,21.3,14.2,14.2,15.7,300.0,300.0,29.1,31.5,28.0,27.200000000000003,29.1,4.96,1.99,4.97,0.16,0.0,0.0,1027.0,8228.0,0.0,0.0,0.0,0.0,0.0,1.0,0.0,0.0,0.0,0.0,0.0,-1.5,0.0,-2.7,0.0,0.0,16.0,25903.0
2026-07-30T18:57:16.901Z,6.384,6.396,-0.1,7.4,0.0,0.0,0.0,0.0,0.0,0.0,0.0,0.0,1.0,0.0,0.0,0.0,9.0,4.0,0.0,0.0,0.0,0.0,0.0,0.0,0.0,0.0,6.0,12.0,1.0,12.17,5.01,2.51,1.49,0.0,0.0,0.0,301.1,0.0,-0.1,0.7000000000000001,1.2000000000000002,95.8,0.0,0.0,264.2,0.0,21.3,14.2,14.2,15.7,300.0,300.0,29.1,31.5,28.0,27.200000000000003,29.1,4.95,1.99,4.96,0.16,0.0,0.0,1027.0,8228.0,0.0,0.0,0.0,0.0,0.0,1.0,0.0,0.0,0.0,0.0,0.0,-1.0,0.0,-1.6,0.0,0.0,16.0,25903.0
2026-07-30T18:57:16.914Z,6.397,6.408,-0.1,7.4,0.0,0.0,0.0,0.0,0.0,0.0,0.0,0.0,1.0,0.0,0.0,0.0,9.0,4.0,0.0,0.0,0.0,0.0,0.0,0.0,0.0,0.0,1.0,12.0,1.0,12.17,5.01,2.51,1.49,0.0,0.0,0.0,301.1,0.0,0.0,1.3,0.0,95.8,0.0,0.0,264.2,0.0,21.3,14.2,14.2,15.7,300.0,300.0,29.1,31.5,28.0,27.200000000000003,29.1,4.95,1.99,4.97,0.16,0.0,0.0,1027.0,8228.0,0.0,0.0,0.0,0.0,0.0,1.0,0.0,0.0,0.0,0.0,0.0,0.0,0.0,-1.5,0.0,0.0,16.0,25903.0
2026-07-30T18:57:16.925Z,6.408,6.42,-0.1,7.4,0.0,0.0,0.0,0.0,0.0,0.0,0.0,0.0,1.0,0.0,0.0,0.0,9.0,4.0,0.0,0.0,0.0,0.0,0.0,0.0,0.0,0.0,2.0,12.0,1.0,12.17,5.01,2.51,1.49,0.0,0.0,0.0,301.1,0.0,-0.1,0.1,0.6000000000000001,95.8,0.0,0.0,264.3,0.0,21.3,14.2,14.2,15.7,300.0,300.0,29.1,31.5,28.0,27.200000000000003,29.1,4.95,1.99,4.97,0.16,0.0,0.0,1027.0,8228.0,0.0,0.0,0.0,0.0,0.0,1.0,0.0,0.0,0.0,0.0,0.0,-0.5,0.0,-0.5,0.0,0.0,16.0,25903.0
2026-07-30T18:57:16.937Z,6.42,6.432,-0.1,7.4,0.0,0.0,0.0,0.0,0.0,0.0,0.0,0.0,1.0,0.0,0.0,0.0,9.0,4.0,0.0,0.0,0.0,0.0,0.0,0.0,0.0,0.0,4.0,12.0,1.0,12.15,5.01,2.51,1.49,0.0,0.0,0.0,301.1,0.0,-0.1,-0.4,-0.5,95.8,0.0,0.0,264.2,0.0,21.4,14.4,14.4,15.9,300.0,300.0,29.200000000000003,31.6,28.0,27.200000000000003,29.1,4.96,1.99,4.96,0.16,0.0,0.0,1027.0,8228.0,0.0,0.0,0.0,0.0,0.0,1.0,0.0,0.0,0.0,0.0,0.0,0.4,0.0,0.8,0.0,0.0,16.0,25903.0
2026-07-30T18:57:16.949Z,6.432,6.444,-0.1,7.4,0.0,0.0,0.0,0.0,0.0,0.0,0.0,0.0,1.0,0.0,0.0,0.0,9.0,4.0,0.0,0.0,0.0,0.0,0.0,0.0,0.0,0.0,5.0,12.0,1.0,12.15,5.01,2.51,1.49,0.0,0.0,0.0,301.1,0.0,-0.1,-1.0,1.2000000000000002,95.8,0.0,0.0,264.2,0.0,21.4,14.4,14.4,15.9,300.0,300.0,29.200000000000003,31.6,28.0,27.200000000000003,29.1,4.95,1.99,4.97,0.16,0.0,0.0,1027.0,8228.0,0.0,0.0,0.0,0.0,0.0,1.0,0.0,0.0,0.0,0.0,0.0,-1.2000000000000002,0.0,0.3,0.0,0.0,16.0,25903.0
2026-07-30T18:57:16.961Z,6.444,6.456,-0.1,7.4,0.0,0.0,0.0,0.0,0.0,0.0,0.0,0.0,1.0,0.0,0.0,0.0,9.0,4.0,0.0,0.0,0.0,0.0,0.0,0.0,0.0,0.0,6.0,12.0,1.0,12.15,5.01,2.51,1.49,0.0,0.0,0.0,301.1,0.0,-0.1,-1.0,-1.1,95.8,0.0,0.0,264.2,0.0,21.4,14.4,14.4,15.9,300.0,300.0,29.200000000000003,31.6,28.0,27.200000000000003,29.1,4.95,1.99,4.96,0.16,0.0,0.0,1027.0,8228.0,0.0,0.0,0.0,0.0,0.0,1.0,0.0,0.0,0.0,0.0,0.0,0.9,0.0,1.9,0.0,0.0,16.0,25903.0
2026-07-30T18:57:16.973Z,6.456,6.468,-0.1,7.4,0.0,0.0,0.0,0.0,0.0,0.0,0.0,0.0,1.0,0.0,0.0,0.0,9.0,4.0,0.0,0.0,0.0,0.0,0.0,0.0,0.0,0.0,1.0,12.0,1.0,12.15,5.01,2.51,1.49,0.0,0.0,0.0,301.1,0.0,-0.1,-0.4,-0.5,95.8,0.0,0.0,264.3,0.0,21.4,14.4,14.4,15.9,300.0,300.0,29.200000000000003,31.6,28.0,27.200000000000003,29.1,4.96,1.99,4.96,0.16,0.0,0.0,1027.0,8228.0,0.0,0.0,0.0,0.0,0.0,1.0,0.0,0.0,0.0,0.0,0.0,0.4,0.0,0.9,0.0,0.0,16.0,25903.0
2026-07-30T18:57:16.985Z,6.468,6.48,-0.1,7.4,0.0,0.0,0.0,0.0,0.0,0.0,0.0,0.0,1.0,0.0,0.0,0.0,9.0,4.0,0.0,0.0,0.0,0.0,0.0,0.0,0.0,0.0,2.0,12.0,1.0,12.15,5.01,2.51,1.49,0.0,0.0,0.0,301.1,0.0,0.3,-0.4,0.0,95.8,0.0,0.0,264.2,0.0,21.4,14.4,14.4,15.9,300.0,300.0,29.200000000000003,31.6,28.0,27.200000000000003,29.1,4.96,1.99,4.97,0.16,0.0,0.0,1027.0,8228.0,0.0,0.0,0.0,0.0,0.0,1.0,0.0,0.0,0.0,0.0,0.0,0.0,0.0,0.5,0.0,0.0,16.0,25903.0
2026-07-30T18:57:16.997Z,6.48,6.492,-0.1,7.4,0.0,0.0,0.0,0.0,0.0,0.0,0.0,0.0,1.0,0.0,0.0,0.0,9.0,4.0,0.0,0.0,0.0,0.0,0.0,0.0,0.0,0.0,3.0,12.0,1.0,12.15,5.01,2.51,1.49,0.0,0.0,0.0,301.1,0.0,-0.2,0.0,0.0,95.8,0.0,0.0,264.2,0.0,21.4,14.4,14.4,15.9,300.0,300.0,29.200000000000003,31.6,28.0,27.200000000000003,29.1,4.95,1.99,4.96,0.16,0.0,0.0,1027.0,8228.0,0.0,0.0,0.0,0.0,0.0,1.0,0.0,0.0,0.0,0.0,0.0,0.0,0.0,0.0,0.0,0.0,16.0,25903.0
2026-07-30T18:57:17.009Z,6.492,6.504,-0.1,7.4,0.0,0.0,0.0,0.0,0.0,0.0,0.0,0.0,1.0,0.0,0.0,0.0,9.0,4.0,0.0,0.0,0.0,0.0,0.0,0.0,0.0,0.0,4.0,12.0,1.0,12.15,5.01,2.51,1.49,0.0,0.0,0.0,301.1,0.0,0.3,0.0,1.0,95.8,0.0,0.0,264.3,0.0,21.4,14.4,14.4,15.9,300.0,300.0,29.200000000000003,31.6,28.0,27.200000000000003,29.1,4.95,1.99,4.96,0.16,0.0,0.0,1027.0,8228.0,0.0,0.0,0.0,0.0,0.0,1.0,0.0,0.0,0.0,0.0,0.0,-1.0,0.0,-0.7000000000000001,0.0,0.0,16.0,25903.0
2026-07-30T18:57:17.021Z,6.504,6.516,0.0,7.4,0.0,0.0,0.0,0.0,0.0,0.0,0.0,0.0,1.0,0.0,0.0,0.0,9.0,4.0,0.0,0.0,0.0,0.0,0.0,0.0,0.0,0.0,5.0,12.0,1.0,12.15,5.01,2.51,1.49,0.0,0.0,0.0,301.2,0.0,0.3,0.0,-1.2000000000000002,95.8,0.0,0.0,264.2,0.0,21.4,14.4,14.4,15.9,300.0,300.0,29.200000000000003,31.6,28.0,27.200000000000003,29.1,4.96,2.01,4.96,0.16,0.0,0.0,1027.0,8228.0,0.0,0.0,0.0,0.0,0.0,1.0,0.0,0.0,0.0,0.0,0.0,1.2000000000000002,0.0,0.8,0.0,0.0,16.0,25903.0
2026-07-30T18:57:17.035Z,6.518,6.5280000000000005,0.0,7.4,0.0,0.0,0.0,0.0,0.0,0.0,0.0,0.0,1.0,0.0,0.0,0.0,9.0,4.0,0.0,0.0,0.0,0.0,0.0,0.0,0.0,0.0,6.0,12.0,1.0,12.14,5.01,2.5,1.5,0.0,0.0,0.0,301.1,0.0,-0.8,1.1,0.0,95.8,0.0,0.0,264.2,0.0,22.8,14.5,14.5,16.1,300.0,300.0,29.200000000000003,31.700000000000003,28.0,27.200000000000003,29.1,4.95,2.01,4.97,0.16,0.0,0.0,1027.0,8228.0,0.0,0.0,0.0,0.0,0.0,1.0,0.0,0.0,0.0,0.0,0.0,0.2,0.0,-1.3,0.0,0.0,16.0,25903.0
2026-07-30T18:57:17.045Z,6.528,6.54,0.0,7.4,0.0,0.0,0.0,0.0,0.0,0.0,0.0,0.0,1.0,0.0,0.0,0.0,9.0,4.0,0.0,0.0,0.0,0.0,0.0,0.0,0.0,0.0,2.0,12.0,1.0,12.14,5.01,2.5,1.5,0.0,0.0,0.0,301.1,0.0,-0.2,0.0,-0.1,95.8,0.0,0.0,264.2,0.0,22.8,14.5,14.5,16.1,300.0,300.0,29.200000000000003,31.700000000000003,28.0,27.200000000000003,29.1,4.96,1.99,4.96,0.16,0.0,0.0,1027.0,8228.0,0.0,0.0,0.0,0.0,0.0,1.0,0.0,0.0,0.0,0.0,0.0,0.1,0.0,0.0,0.0,0.0,16.0,25903.0
2026-07-30T18:57:17.057Z,6.54,6.5520000000000005,0.0,7.4,0.0,0.0,0.0,0.0,0.0,0.0,0.0,0.0,1.0,0.0,0.0,0.0,9.0,4.0,0.0,0.0,0.0,0.0,0.0,0.0,0.0,0.0,3.0,12.0,1.0,12.14,5.01,2.5,1.5,0.0,0.0,0.0,301.2,0.0,0.3,1.1,-0.7000000000000001,95.8,0.0,0.0,264.2,0.0,22.8,14.5,14.5,16.1,300.0,300.0,29.200000000000003,31.700000000000003,28.0,27.200000000000003,29.1,4.96,1.99,4.97,0.16,0.0,0.0,1027.0,8228.0,0.0,0.0,0.0,0.0,0.0,1.0,0.0,0.0,0.0,0.0,0.0,0.8,0.0,-0.8,0.0,0.0,16.0,25903.0
2026-07-30T18:57:17.069Z,6.552,6.564,0.0,7.4,0.0,0.0,0.0,0.0,0.0,0.0,0.0,0.0,1.0,0.0,0.0,0.0,9.0,4.0,0.0,0.0,0.0,0.0,0.0,0.0,0.0,0.0,4.0,12.0,1.0,12.14,5.01,2.5,1.5,0.0,0.0,0.0,301.2,0.0,0.3,1.1,0.9,95.8,0.0,0.0,264.2,0.0,22.8,14.5,14.5,16.1,300.0,300.0,29.200000000000003,31.700000000000003,28.0,27.200000000000003,29.1,4.95,1.99,4.97,0.16,0.0,0.0,1027.0,8228.0,0.0,0.0,0.0,0.0,0.0,1.0,0.0,0.0,0.0,0.0,0.0,-0.7000000000000001,0.0,-1.9,0.0,0.0,16.0,25903.0
2026-07-30T18:57:17.081Z,6.564,6.5760000000000005,0.0,7.4,0.0,0.0,0.0,0.0,0.0,0.0,0.0,0.0,1.0,0.0,0.0,0.0,9.0,4.0,0.0,0.0,0.0,0.0,0.0,0.0,0.0,0.0,6.0,12.0,1.0,12.14,5.01,2.5,1.5,0.0,0.0,0.0,301.1,0.0,-0.8,-0.6000000000000001,-1.4,95.8,0.0,0.0,264.3,0.0,22.8,14.5,14.5,16.1,300.0,300.0,29.200000000000003,31.700000000000003,28.0,27.200000000000003,29.1,4.95,1.99,4.96,0.16,0.0,0.0,1027.0,8228.0,0.0,0.0,0.0,0.0,0.0,1.0,0.0,0.0,0.0,0.0,0.0,1.2000000000000002,0.0,1.7000000000000002,0.0,0.0,16.0,25903.0
2026-07-30T18:57:17.093Z,6.576,6.588,0.0,7.4,0.0,0.0,0.0,0.0,0.0,0.0,0.0,0.0,1.0,0.0,0.0,0.0,9.0,4.0,0.0,0.0,0.0,0.0,0.0,0.0,0.0,0.0,1.0,12.0,1.0,12.14,5.01,2.5,1.5,0.0,0.0,0.0,301.1,0.0,-0.8,-0.6000000000000001,-0.8,95.8,0.0,0.0,264.2,0.0,22.8,14.5,14.5,16.1,300.0,300.0,29.200000000000003,31.700000000000003,28.0,27.200000000000003,29.1,4.95,1.99,4.96,0.16,0.0,0.0,1027.0,8228.0,0.0,0.0,0.0,0.0,0.0,1.0,0.0,0.0,0.0,0.0,0.0,0.7000000000000001,0.0,1.2000000000000002,0.0,0.0,16.0,25903.0
2026-07-30T18:57:17.105Z,6.588,6.6000000000000005,0.0,7.4,0.0,0.0,0.0,0.0,0.0,0.0,0.0,0.0,1.0,0.0,0.0,0.0,9.0,4.0,0.0,0.0,0.0,0.0,0.0,0.0,0.0,0.0,3.0,12.0,1.0,12.14,5.01,2.5,1.5,0.0,0.0,0.0,301.1,0.0,0.3,1.0,0.3,95.8,0.0,0.0,264.3,0.0,22.8,14.5,14.5,16.1,300.0,300.0,29.200000000000003,31.700000000000003,28.0,27.200000000000003,29.1,4.95,1.99,4.97,0.16,0.0,0.0,1027.0,8228.0,0.0,0.0,0.0,0.0,0.0,1.0,0.0,0.0,0.0,0.0,0.0,-0.1,0.0,-1.4,0.0,0.0,16.0,25903.0
2026-07-30T18:57:17.117Z,6.6,6.612,0.0,7.4,0.0,0.0,0.0,0.0,0.0,0.0,0.0,0.0,1.0,0.0,0.0,0.0,9.0,4.0,0.0,0.0,0.0,0.0,0.0,0.0,0.0,0.0,4.0,12.0,1.0,12.14,5.01,2.5,1.5,0.0,0.0,0.0,301.1,0.0,-0.2,-0.1,-0.8,95.8,0.0,0.0,264.3,0.0,22.8,14.5,14.5,16.1,300.0,300.0,29.200000000000003,31.700000000000003,28.0,27.200000000000003,29.1,4.95,1.99,4.97,0.16,0.0,0.0,1027.0,8228.0,0.0,0.0,0.0,0.0,0.0,1.0,0.0,0.0,0.0,0.0,0.0,0.7000000000000001,0.0,0.7000000000000001,0.0,0.0,16.0,25903.0
2026-07-30T18:57:17.129Z,6.612,6.6240000000000006,0.1,7.4,0.0,0.0,0.0,0.0,0.0,0.0,0.0,0.0,1.0,0.0,0.0,0.0,9.0,4.0,0.0,0.0,0.0,0.0,0.0,0.0,0.0,0.0,4.0,12.0,1.0,12.14,5.01,2.5,1.5,0.0,0.0,0.0,301.1,0.0,-1.4,-1.8,-0.2,95.8,0.0,0.0,264.2,0.0,22.8,14.5,14.5,16.1,300.0,300.0,29.200000000000003,31.700000000000003,28.0,27.200000000000003,29.1,4.96,1.99,4.96,0.16,0.0,0.0,1027.0,8228.0,0.0,0.0,0.0,0.0,0.0,1.0,0.0,0.0,0.0,0.0,0.0,0.0,0.0,2.2,0.0,0.0,16.0,25903.0
2026-07-30T18:57:17.141Z,6.624,6.636,0.0,7.4,0.0,0.0,0.0,0.0,0.0,0.0,0.0,0.0,1.0,0.0,0.0,0.0,9.0,4.0,0.0,0.0,0.0,0.0,0.0,0.0,0.0,0.0,5.0,12.0,1.0,12.15,5.01,2.5,1.49,0.0,0.0,0.0,301.1,0.0,-0.8,0.0,-0.2,95.8,0.0,0.0,264.2,0.0,21.700000000000003,14.7,14.7,16.3,300.0,300.0,29.1,31.6,28.0,27.200000000000003,29.1,4.95,1.99,4.96,0.16,0.0,0.0,1027.0,8228.0,0.0,0.0,0.0,0.0,0.0,1.0,0.0,0.0,0.0,0.0,0.0,-1.0,0.0,0.8,0.0,0.0,16.0,25903.0
2026-07-30T18:57:17.153Z,6.636,6.648000000000001,0.0,7.4,0.0,0.0,0.0,0.0,0.0,0.0,0.0,0.0,1.0,0.0,0.0,0.0,9.0,4.0,0.0,0.0,0.0,0.0,0.0,0.0,0.0,0.0,6.0,12.0,1.0,12.15,5.01,2.5,1.49,0.0,0.0,0.0,301.1,0.0,0.3,0.0,0.3,95.8,0.0,0.0,264.2,0.0,21.700000000000003,14.7,14.7,16.3,300.0,300.0,29.1,31.6,28.0,27.200000000000003,29.1,4.95,1.99,4.96,0.16,0.0,0.0,1027.0,8228.0,0.0,0.0,0.0,0.0,0.0,1.0,0.0,0.0,0.0,0.0,0.0,0.8,0.0,0.0,0.0,0.0,16.0,25903.0
2026-07-30T18:57:17.165Z,6.648,6.66,0.1,7.4,0.0,0.0,0.0,0.0,0.0,0.0,0.0,0.0,1.0,0.0,0.0,0.0,9.0,4.0,0.0,0.0,0.0,0.0,0.0,0.0,0.0,0.0,2.0,12.0,1.0,12.15,5.01,2.5,1.49,0.0,0.0,0.0,301.1,0.0,-0.2,1.1,-0.2,95.8,0.0,0.0,264.2,0.0,21.700000000000003,14.7,14.7,16.3,300.0,300.0,29.1,31.6,28.0,27.200000000000003,29.1,4.96,2.0,4.96,0.16,0.0,0.0,1027.0,8228.0,0.0,0.0,0.0,0.0,0.0,1.0,0.0,0.0,0.0,0.0,0.0,-1.9,0.0,-2.0,0.0,0.0,16.0,25903.0
2026-07-30T18:57:17.177Z,6.66,6.672,0.1,7.4,0.0,0.0,0.0,0.0,0.0,0.0,0.0,0.0,1.0,0.0,0.0,0.0,9.0,4.0,0.0,0.0,0.0,0.0,0.0,0.0,0.0,0.0,3.0,12.0,1.0,12.15,5.01,2.5,1.49,0.0,0.0,0.0,301.1,0.0,0.3,0.0,0.9,95.8,0.0,0.0,264.2,0.0,21.700000000000003,14.7,14.7,16.3,300.0,300.0,29.1,31.6,28.0,27.200000000000003,29.1,4.96,2.0,4.96,0.16,0.0,0.0,1027.0,8228.0,0.0,0.0,0.0,0.0,0.0,1.0,0.0,0.0,0.0,0.0,0.0,-0.9,0.0,-0.6000000000000001,0.0,0.0,16.0,25903.0
2026-07-30T18:57:17.189Z,6.672,6.684,0.1,7.4,0.0,0.0,0.0,0.0,0.0,0.0,0.0,0.0,1.0,0.0,0.0,0.0,9.0,4.0,0.0,0.0,0.0,0.0,0.0,0.0,0.0,0.0,4.0,12.0,1.0,12.15,5.01,2.5,1.49,0.0,0.0,0.0,301.1,0.0,-0.2,-0.6000000000000001,-1.9,95.8,0.0,0.0,264.2,0.0,21.700000000000003,14.7,14.7,16.3,300.0,300.0,29.1,31.6,28.0,27.200000000000003,29.1,4.95,1.99,4.97,0.16,0.0,0.0,1027.0,8228.0,0.0,0.0,0.0,0.0,0.0,1.0,0.0,0.0,0.0,0.0,0.0,1.7000000000000002,0.0,2.0,0.0,0.0,16.0,25903.0
2026-07-30T18:57:17.201Z,6.684,6.696,0.1,7.4,0.0,0.0,0.0,0.0,0.0,0.0,0.0,0.0,1.0,0.0,0.0,0.0,9.0,4.0,0.0,0.0,0.0,0.0,0.0,0.0,0.0,0.0,3.0,12.0,1.0,12.15,5.01,2.5,1.49,0.0,0.0,0.0,301.1,0.0,-0.2,0.5,0.3,95.8,0.0,0.0,264.2,0.0,21.700000000000003,14.7,14.7,16.3,300.0,300.0,29.1,31.6,28.0,27.200000000000003,29.1,4.95,1.99,4.96,0.16,0.0,0.0,1027.0,8228.0,0.0,0.0,0.0,0.0,0.0,1.0,0.0,0.0,0.0,0.0,0.0,-0.2,0.0,-0.9,0.0,0.0,16.0,25903.0
2026-07-30T18:57:17.213Z,6.696,6.708,0.1,7.4,0.0,0.0,0.0,0.0,0.0,0.0,0.0,0.0,1.0,0.0,0.0,0.0,9.0,4.0,0.0,0.0,0.0,0.0,0.0,0.0,0.0,0.0,4.0,12.0,1.0,12.15,5.01,2.5,1.49,0.0,0.0,0.0,301.1,0.0,-0.8,1.2000000000000002,-0.7000000000000001,95.8,0.0,0.0,264.40000000000003,0.0,21.700000000000003,14.7,14.7,16.3,300.0,300.0,29.1,31.6,28.0,27.200000000000003,29.1,4.96,1.99,4.96,0.16,0.0,0.0,1027.0,8228.0,0.0,0.0,0.0,0.0,0.0,1.0,0.0,0.0,0.0,0.0,0.0,0.8,0.0,-0.9,0.0,0.0,16.0,25903.0
2026-07-30T18:57:17.225Z,6.708,6.72,0.0,7.4,0.0,0.0,0.0,0.0,0.0,0.0,0.0,0.0,1.0,0.0,0.0,0.0,9.0,4.0,0.0,0.0,0.0,0.0,0.0,0.0,0.0,0.0,6.0,12.0,1.0,12.15,5.01,2.5,1.49,0.0,0.0,0.0,301.2,0.0,0.9,-0.5,0.4,95.8,0.0,0.0,264.2,0.0,21.700000000000003,14.7,14.7,16.3,300.0,300.0,29.1,31.6,28.0,27.200000000000003,29.1,4.95,1.99,4.96,0.16,0.0,0.0,1027.0,8228.0,0.0,0.0,0.0,0.0,0.0,1.0,0.0,0.0,0.0,0.0,0.0,-0.4,0.0,0.3,0.0,0.0,16.0,25903.0
2026-07-30T18:57:17.239Z,6.722,6.732,0.0,7.4,0.0,0.0,0.0,0.0,0.0,0.0,0.0,0.0,1.0,0.0,0.0,0.0,9.0,4.0,0.0,0.0,0.0,0.0,0.0,0.0,0.0,0.0,1.0,12.0,1.0,12.17,5.01,2.51,1.49,0.0,0.0,0.0,301.1,0.0,0.3,0.0,-0.1,95.8,0.0,0.0,264.2,0.0,21.200000000000003,14.9,14.9,16.400000000000002,300.0,300.0,29.1,31.700000000000003,27.9,27.200000000000003,29.1,4.95,1.99,4.97,0.16,0.0,0.0,1027.0,8228.0,0.0,0.0,0.0,0.0,0.0,1.0,0.0,0.0,0.0,0.0,0.0,0.1,0.0,0.0,0.0,0.0,16.0,25903.0
2026-07-30T18:57:17.249Z,6.732,6.744,0.0,7.4,0.0,0.0,0.0,0.0,0.0,0.0,0.0,0.0,1.0,0.0,0.0,0.0,9.0,4.0,0.0,0.0,0.0,0.0,0.0,0.0,0.0,0.0,2.0,12.0,1.0,12.17,5.01,2.51,1.49,0.0,0.1,0.0,301.1,0.0,0.3,0.0,-0.7000000000000001,95.8,0.0,0.0,264.2,0.0,21.200000000000003,14.9,14.9,16.400000000000002,300.0,300.0,29.1,31.700000000000003,27.9,27.200000000000003,29.1,4.95,1.99,4.96,0.16,0.0,0.0,1027.0,8228.0,0.0,0.0,0.0,0.0,0.0,1.0,0.0,0.0,0.0,0.0,0.0,0.7000000000000001,0.0,0.3,0.0,0.0,16.0,25903.0
2026-07-30T18:57:17.261Z,6.744,6.756,0.0,7.4,0.0,0.0,0.0,0.0,0.0,0.0,0.0,0.0,1.0,0.0,0.0,0.0,9.0,4.0,0.0,0.0,0.0,0.0,0.0,0.0,0.0,0.0,3.0,12.0,1.0,12.17,5.01,2.51,1.49,0.0,0.0,0.0,301.1,0.0,-0.8,0.7000000000000001,1.0,95.8,0.0,0.0,264.2,0.0,21.200000000000003,14.9,14.9,16.400000000000002,300.0,300.0,29.1,31.700000000000003,27.9,27.200000000000003,29.1,4.96,1.99,4.96,0.16,0.0,0.0,1027.0,8228.0,0.0,0.0,0.0,0.0,0.0,1.0,0.0,0.0,0.0,0.0,0.0,-0.8,0.0,-1.5,0.0,0.0,16.0,25903.0
2026-07-30T18:57:17.273Z,6.756,6.768,0.0,7.4,0.0,0.0,0.0,0.0,0.0,0.0,0.0,0.0,1.0,0.0,0.0,0.0,9.0,4.0,0.0,0.0,0.0,0.0,0.0,0.0,0.0,0.0,4.0,12.0,1.0,12.17,5.01,2.51,1.49,0.0,0.0,0.0,301.1,0.0,0.9,0.1,-0.1,95.8,0.0,0.0,264.2,0.0,21.200000000000003,14.9,14.9,16.400000000000002,300.0,300.0,29.1,31.700000000000003,27.9,27.200000000000003,29.1,4.95,1.99,4.97,0.16,0.0,0.0,1027.0,8228.0,0.0,0.0,0.0,0.0,0.0,1.0,0.0,0.0,0.0,0.0,0.0,0.1,0.0,0.0,0.0,0.0,16.0,25903.0
2026-07-30T18:57:17.285Z,6.768,6.78,0.0,7.4,0.0,0.0,0.0,0.0,0.0,0.0,0.0,0.0,1.0,0.0,0.0,0.0,9.0,4.0,0.0,0.0,0.0,0.0,0.0,0.0,0.0,0.0,5.0,12.0,1.0,12.17,5.01,2.51,1.49,0.0,0.0,0.0,301.1,0.0,0.3,-0.4,-0.1,95.8,0.0,0.0,264.2,0.0,21.200000000000003,14.9,14.9,16.400000000000002,300.0,300.0,29.1,31.700000000000003,27.9,27.200000000000003,29.1,4.96,1.99,4.96,0.16,0.0,0.0,1027.0,8228.0,0.0,0.0,0.0,0.0,0.0,1.0,0.0,0.0,0.0,0.0,0.0,0.0,0.0,0.6000000000000001,0.0,0.0,16.0,25903.0
2026-07-30T18:57:17.298Z,6.781,6.792,0.0,7.4,0.0,0.0,0.0,0.0,0.0,0.0,0.0,0.0,1.0,0.0,0.0,0.0,9.0,4.0,0.0,0.0,0.0,0.0,0.0,0.0,0.0,0.0,6.0,12.0,1.0,12.17,5.01,2.51,1.49,0.0,0.0,0.0,301.1,0.0,-0.1,0.1,-1.2000000000000002,95.8,0.0,0.0,264.2,0.0,21.200000000000003,14.9,14.9,16.400000000000002,300.0,300.0,29.1,31.700000000000003,27.9,27.200000000000003,29.1,4.96,2.0,4.97,0.16,0.0,0.0,1027.0,8228.0,0.0,0.0,0.0,0.0,0.0,1.0,0.0,0.0,0.0,0.0,0.0,1.1,0.0,0.6000000000000001,0.0,0.0,16.0,25903.0
2026-07-30T18:57:17.309Z,6.792,6.804,0.0,7.4,0.0,0.0,0.0,0.0,0.0,0.0,0.0,0.0,1.0,0.0,0.0,0.0,9.0,4.0,0.0,0.0,0.0,0.0,0.0,0.0,0.0,0.0,1.0,12.0,1.0,12.17,5.01,2.51,1.49,0.0,0.0,0.0,301.2,0.0,-0.1,1.8,0.0,95.8,0.0,0.0,264.3,0.0,21.200000000000003,14.9,14.9,16.400000000000002,300.0,300.0,29.1,31.700000000000003,27.9,27.200000000000003,29.1,4.95,1.99,4.97,0.16,0.0,0.0,1027.0,8228.0,0.0,0.0,0.0,0.0,0.0,1.0,0.0,0.0,0.0,0.0,0.0,0.2,0.0,-2.1,0.0,0.0,16.0,25903.0
2026-07-30T18:57:17.321Z,6.804,6.816,0.0,7.4,0.0,0.0,0.0,0.0,0.0,0.0,0.0,0.0,1.0,0.0,0.0,0.0,9.0,4.0,0.0,0.0,0.0,0.0,0.0,0.0,0.0,0.0,2.0,12.0,1.0,12.17,5.01,2.51,1.49,0.0,0.0,0.0,301.1,0.0,-0.7000000000000001,0.1,-0.6000000000000001,95.8,0.0,0.0,264.2,0.0,21.200000000000003,14.9,14.9,16.400000000000002,300.0,300.0,29.1,31.700000000000003,27.9,27.200000000000003,29.1,4.95,1.99,4.97,0.16,0.0,0.0,1027.0,8228.0,0.0,0.0,0.0,0.0,0.0,1.0,0.0,0.0,0.0,0.0,0.0,0.6000000000000001,0.0,0.2,0.0,0.0,16.0,25903.0
2026-07-30T18:57:17.333Z,6.816,6.828,0.0,7.4,0.0,0.0,0.0,0.0,0.0,0.0,0.0,0.0,1.0,0.0,0.0,0.0,9.0,4.0,0.0,0.0,0.0,0.0,0.0,0.0,0.0,0.0,3.0,12.0,1.0,12.17,5.01,2.51,1.49,0.0,0.0,0.0,301.2,0.0,0.3,-0.4,-0.7000000000000001,95.8,0.0,0.0,264.2,0.0,21.200000000000003,14.9,14.9,16.400000000000002,300.0,300.0,29.1,31.700000000000003,27.9,27.200000000000003,29.1,4.96,2.0,4.96,0.16,0.0,0.0,1027.0,8228.0,0.0,0.0,0.0,0.0,0.0,1.0,0.0,0.0,0.0,0.0,0.0,0.6000000000000001,0.0,1.0,0.0,0.0,16.0,25903.0
2026-07-30T18:57:17.345Z,6.828,6.84,0.0,7.4,0.0,0.0,0.0,0.0,0.0,0.0,0.0,0.0,1.0,0.0,0.0,0.0,9.0,4.0,0.0,0.0,0.0,0.0,0.0,0.0,0.0,0.0,5.0,12.0,1.0,12.18,5.01,2.51,1.49,0.0,0.0,0.0,301.1,0.0,-0.2,-0.4,-0.7000000000000001,95.8,0.0,0.0,264.2,0.0,21.8,15.1,15.1,16.6,300.0,300.0,29.0,31.700000000000003,27.9,27.200000000000003,29.1,4.96,1.99,4.97,0.16,0.0,0.0,1027.0,8228.0,0.0,0.0,0.0,0.0,0.0,1.0,0.0,0.0,0.0,0.0,0.0,0.6000000000000001,0.0,1.0,0.0,0.0,16.0,25903.0
2026-07-30T18:57:17.357Z,6.84,6.852,0.0,7.4,0.0,0.0,0.0,0.0,0.0,0.0,0.0,0.0,1.0,0.0,0.0,0.0,9.0,4.0,0.0,0.0,0.0,0.0,0.0,0.0,0.0,0.0,6.0,12.0,1.0,12.18,5.01,2.51,1.49,0.0,0.0,0.0,301.1,0.0,0.3,0.7000000000000001,-0.1,95.8,0.0,0.0,264.2,0.0,21.8,15.1,15.1,16.6,300.0,300.0,29.0,31.700000000000003,27.9,27.200000000000003,29.1,4.95,1.99,4.97,0.16,0.0,0.0,1027.0,8228.0,0.0,0.0,0.0,0.0,0.0,1.0,0.0,0.0,0.0,0.0,0.0,0.2,0.0,-0.7000000000000001,0.0,0.0,16.0,25903.0
2026-07-30T18:57:17.369Z,6.852,6.864,0.0,7.4,0.0,0.0,0.0,0.0,0.0,0.0,0.0,0.0,1.0,0.0,0.0,0.0,9.0,4.0,0.0,0.0,0.0,0.0,0.0,0.0,0.0,0.0,1.0,12.0,1.0,12.18,5.01,2.51,1.49,0.0,0.0,0.0,301.1,0.0,0.3,0.7000000000000001,-0.1,95.8,0.0,0.0,264.2,0.0,21.8,15.1,15.1,16.6,300.0,300.0,29.0,31.700000000000003,27.9,27.200000000000003,29.1,4.95,1.99,4.96,0.16,0.0,0.0,1027.0,8228.0,0.0,0.0,0.0,0.0,0.0,1.0,0.0,0.0,0.0,0.0,0.0,0.1,0.0,-0.7000000000000001,0.0,0.0,16.0,25903.0
2026-07-30T18:57:17.381Z,6.864,6.876,0.0,7.4,0.0,0.0,0.0,0.0,0.0,0.0,0.0,0.0,1.0,0.0,0.0,0.0,9.0,4.0,0.0,0.0,0.0,0.0,0.0,0.0,0.0,0.0,2.0,12.0,1.0,12.18,5.01,2.51,1.49,0.0,0.0,0.0,301.1,0.0,-0.2,-0.4,1.6,95.8,0.0,0.0,264.2,0.0,21.8,15.1,15.1,16.6,300.0,300.0,29.0,31.700000000000003,27.9,27.200000000000003,29.1,4.95,1.99,4.96,0.16,0.0,0.0,1027.0,8228.0,0.0,0.0,0.0,0.0,0.0,1.0,0.0,0.0,0.0,0.0,0.0,-1.6,0.0,-0.6000000000000001,0.0,0.0,16.0,25903.0
2026-07-30T18:57:17.393Z,6.876,6.888,0.0,7.4,0.0,0.0,0.0,0.0,0.0,0.0,0.0,0.0,1.0,0.0,0.0,0.0,9.0,4.0,0.0,0.0,0.0,0.0,0.0,0.0,0.0,0.0,3.0,12.0,1.0,12.18,5.01,2.51,1.49,0.0,0.0,0.0,301.2,0.0,0.3,0.7000000000000001,-2.3000000000000003,95.8,0.0,0.0,264.40000000000003,0.0,21.8,15.1,15.1,16.6,300.0,300.0,29.0,31.700000000000003,27.9,27.200000000000003,29.1,4.95,1.99,4.97,0.16,0.0,0.0,1027.0,8228.0,0.0,0.0,0.0,0.0,0.0,1.0,0.0,0.0,0.0,0.0,0.0,2.3000000000000003,0.0,0.7000000000000001,0.0,0.0,16.0,25903.0
2026-07-30T18:57:17.405Z,6.888,6.9,0.0,7.4,0.0,0.0,0.0,0.0,0.0,0.0,0.0,0.0,1.0,0.0,0.0,0.0,9.0,4.0,0.0,0.0,0.0,0.0,0.0,0.0,0.0,0.0,4.0,12.0,1.0,12.18,5.01,2.51,1.49,0.0,0.0,0.0,301.1,0.0,0.3,-0.4,0.0,95.8,0.0,0.0,264.2,0.0,21.8,15.1,15.1,16.6,300.0,300.0,29.0,31.700000000000003,27.9,27.200000000000003,29.1,4.95,1.99,4.97,0.16,0.0,0.0,1027.0,8228.0,0.0,0.0,0.0,0.0,0.0,1.0,0.0,0.0,0.0,0.0,0.0,0.0,0.0,0.4,0.0,0.0,16.0,25903.0
2026-07-30T18:57:17.418Z,6.901,6.912,0.0,7.4,0.0,0.0,0.0,0.0,0.0,0.0,0.0,0.0,1.0,0.0,0.0,0.0,9.0,4.0,0.0,0.0,0.0,0.0,0.0,0.0,0.0,0.0,5.0,12.0,1.0,12.18,5.01,2.51,1.49,0.0,0.0,0.0,301.1,0.0,-0.1,-0.3,1.6,95.8,0.0,0.0,264.3,0.0,21.8,15.1,15.1,16.6,300.0,300.0,29.0,31.700000000000003,27.9,27.200000000000003,29.1,4.96,1.99,4.96,0.16,0.0,0.0,1027.0,8228.0,0.0,0.0,0.0,0.0,0.0,1.0,0.0,0.0,0.0,0.0,0.0,-1.5,0.0,-0.6000000000000001,0.0,0.0,16.0,25903.0
2026-07-30T18:57:17.429Z,6.912,6.924,-0.1,7.4,0.0,0.0,0.0,0.0,0.0,0.0,0.0,0.0,1.0,0.0,0.0,0.0,9.0,4.0,0.0,0.0,0.0,0.0,0.0,0.0,0.0,0.0,6.0,12.0,1.0,12.18,5.01,2.51,1.49,0.0,0.0,0.0,301.1,0.0,0.9,-0.3,0.0,95.8,0.0,0.0,264.2,0.0,21.8,15.1,15.1,16.6,300.0,300.0,29.0,31.700000000000003,27.9,27.200000000000003,29.1,4.95,1.99,4.96,0.16,0.0,0.0,1027.0,8228.0,0.0,0.0,0.0,0.0,0.0,1.0,0.0,0.0,0.0,0.0,0.0,0.0,0.0,0.4,0.0,0.0,16.0,25903.0
2026-07-30T18:57:17.442Z,6.925,6.936,-0.1,7.4,0.0,0.0,0.0,0.0,0.0,0.0,0.0,0.0,1.0,0.0,0.0,0.0,9.0,4.0,0.0,0.0,0.0,0.0,0.0,0.0,0.0,0.0,2.0,12.0,1.0,12.17,5.01,2.51,1.49,0.0,0.0,0.0,301.1,0.0,-0.1,1.4,1.1,95.8,0.0,0.0,264.2,0.0,20.9,15.2,15.2,16.8,300.0,300.0,29.1,31.700000000000003,28.0,27.200000000000003,29.1,4.95,1.99,4.96,0.16,0.0,0.0,1027.0,8228.0,0.0,0.0,0.0,0.0,0.0,1.0,0.0,0.0,0.0,0.0,0.0,-0.8,0.0,-2.4000000000000004,0.0,0.0,16.0,25903.0
2026-07-30T18:57:17.454Z,6.937,6.948,-0.1,7.4,0.0,0.0,0.0,0.0,0.0,0.0,0.0,0.0,1.0,0.0,0.0,0.0,9.0,4.0,0.0,0.0,0.0,0.0,0.0,0.0,0.0,0.0,3.0,12.0,1.0,12.17,5.01,2.51,1.49,0.0,0.0,0.0,301.1,0.0,-0.1,1.4,-1.1,95.8,0.0,0.0,264.2,0.0,20.9,15.2,15.2,16.8,300.0,300.0,29.1,31.700000000000003,28.0,27.200000000000003,29.1,4.95,1.99,4.96,0.16,0.0,0.0,1027.0,8228.0,0.0,0.0,0.0,0.0,0.0,1.0,0.0,0.0,0.0,0.0,0.0,1.2000000000000002,0.0,-0.8,0.0,0.0,16.0,25903.0
2026-07-30T18:57:17.466Z,6.949,6.96,-0.1,7.4,0.0,0.0,0.0,0.0,0.0,0.0,0.0,0.0,1.0,0.0,0.0,0.0,9.0,4.0,0.0,0.0,0.0,0.0,0.0,0.0,0.0,0.0,4.0,12.0,1.0,12.17,5.01,2.51,1.49,0.0,0.1,0.0,301.1,0.0,-0.1,0.2,-0.6000000000000001,95.8,0.0,0.0,264.2,0.0,20.9,15.2,15.2,16.8,300.0,300.0,29.1,31.700000000000003,28.0,27.200000000000003,29.1,4.96,1.99,4.96,0.16,0.0,0.0,1027.0,8228.0,0.0,0.0,0.0,0.0,0.0,1.0,0.0,0.0,0.0,0.0,0.0,0.6000000000000001,0.0,0.1,0.0,0.0,16.0,25903.0
2026-07-30T18:57:17.477Z,6.96,6.972,-0.1,7.4,0.0,0.0,0.0,0.0,0.0,0.0,0.0,0.0,1.0,0.0,0.0,0.0,9.0,4.0,0.0,0.0,0.0,0.0,0.0,0.0,0.0,0.0,5.0,12.0,1.0,12.17,5.01,2.51,1.49,0.0,0.0,0.0,301.1,0.0,-0.1,0.2,0.0,95.8,0.0,0.0,264.2,0.0,20.9,15.2,15.2,16.8,300.0,300.0,29.1,31.700000000000003,28.0,27.200000000000003,29.1,4.95,1.99,4.97,0.16,0.0,0.0,1027.0,8228.0,0.0,0.0,0.0,0.0,0.0,1.0,0.0,0.0,0.0,0.0,0.0,0.1,0.0,-0.2,0.0,0.0,16.0,25903.0
2026-07-30T18:57:17.491Z,6.974,6.984,-0.1,7.4,0.0,0.0,0.0,0.0,0.0,0.0,0.0,0.0,1.0,0.0,0.0,0.0,9.0,4.0,0.0,0.0,0.0,0.0,0.0,0.0,0.0,0.0,6.0,12.0,1.0,12.17,5.01,2.51,1.49,0.0,0.0,0.0,301.1,0.0,0.4,0.8,-0.6000000000000001,95.8,0.0,0.0,264.2,0.0,20.9,15.2,15.2,16.8,300.0,300.0,29.1,31.700000000000003,28.0,27.200000000000003,29.1,4.95,1.99,4.96,0.16,0.0,0.0,1027.0,8228.0,0.0,0.0,0.0,0.0,0.0,1.0,0.0,0.0,0.0,0.0,0.0,0.6000000000000001,0.0,-0.5,0.0,0.0,16.0,25903.0
2026-07-30T18:57:17.503Z,6.986,6.996,-0.1,7.4,0.0,0.0,0.0,0.0,0.0,0.0,0.0,0.0,1.0,0.0,0.0,0.0,9.0,4.0,0.0,0.0,0.0,0.0,0.0,0.0,0.0,0.0,1.0,12.0,1.0,12.17,5.01,2.51,1.49,0.0,0.1,0.0,301.1,0.0,-0.7000000000000001,-0.3,0.0,95.8,0.0,0.0,264.3,0.0,20.9,15.2,15.2,16.8,300.0,300.0,29.1,31.700000000000003,28.0,27.200000000000003,29.1,4.95,1.99,4.96,0.16,0.0,0.0,1027.0,8228.0,0.0,0.0,0.0,0.0,0.0,1.0,0.0,0.0,0.0,0.0,0.0,0.0,0.0,0.4,0.0,0.0,16.0,25903.0
2026-07-30T18:57:17.513Z,6.996,7.008,-0.1,7.4,0.0,0.0,0.0,0.0,0.0,0.0,0.0,0.0,1.0,0.0,0.0,0.0,9.0,4.0,0.0,0.0,0.0,0.0,0.0,0.0,0.0,0.0,2.0,12.0,1.0,12.17,5.01,2.51,1.49,0.0,0.0,0.0,301.1,0.0,0.9,-0.3,0.5,95.8,0.0,0.0,264.2,0.0,20.9,15.2,15.2,16.8,300.0,300.0,29.1,31.700000000000003,28.0,27.200000000000003,29.1,4.95,1.99,4.97,0.16,0.0,0.0,1027.0,8228.0,0.0,0.0,0.0,0.0,0.0,1.0,0.0,0.0,0.0,0.0,0.0,-0.5,0.0,0.0,0.0,0.0,16.0,25903.0
2026-07-30T18:57:17.525Z,7.008,7.0200000000000005,-0.1,7.4,0.0,0.0,0.0,0.0,0.0,0.0,0.0,0.0,1.0,0.0,0.0,0.0,9.0,4.0,0.0,0.0,0.0,0.0,0.0,0.0,0.0,0.0,2.0,12.0,1.0,12.17,5.01,2.51,1.49,0.0,0.0,0.0,301.1,0.0,0.3,-0.4,-0.7000000000000001,95.8,0.0,0.0,264.2,0.0,20.9,15.2,15.2,16.8,300.0,300.0,29.1,31.700000000000003,28.0,27.200000000000003,29.1,4.95,1.99,4.96,0.16,0.0,0.0,1027.0,8228.0,0.0,0.0,0.0,0.0,0.0,1.0,0.0,0.0,0.0,0.0,0.0,0.6000000000000001,0.0,0.9,0.0,0.0,16.0,25903.0
2026-07-30T18:57:17.537Z,7.02,7.032,-0.1,7.4,0.0,0.0,0.0,0.0,0.0,0.0,0.0,0.0,1.0,0.0,0.0,0.0,9.0,4.0,0.0,0.0,0.0,0.0,0.0,0.0,0.0,0.0,3.0,12.0,1.0,12.17,5.01,2.51,1.49,0.0,0.0,0.0,301.1,0.0,-0.1,1.3,0.4,95.8,0.0,0.0,264.2,0.0,20.9,15.2,15.2,16.8,300.0,300.0,29.1,31.700000000000003,28.0,27.200000000000003,29.1,4.95,1.99,4.96,0.16,0.0,0.0,1027.0,8228.0,0.0,0.0,0.0,0.0,0.0,1.0,0.0,0.0,0.0,0.0,0.0,-0.2,0.0,-1.9,0.0,0.0,16.0,25903.0
2026-07-30T18:57:17.550Z,7.033,7.0440000000000005,-0.1,7.4,0.0,0.0,0.0,0.0,0.0,0.0,0.0,0.0,1.0,0.0,0.0,0.0,9.0,4.0,0.0,0.0,0.0,0.0,0.0,0.0,0.0,0.0,4.0,12.0,1.0,12.15,5.0200000000000005,2.51,1.49,0.0,0.0,0.0,301.2,0.0,0.3,1.9,0.4,95.8,0.0,0.0,264.2,0.0,21.700000000000003,15.4,15.4,16.900000000000002,300.0,300.0,29.200000000000003,31.6,27.9,27.200000000000003,29.1,4.95,1.99,4.96,0.16,0.0,0.0,1027.0,8228.0,0.0,0.0,0.0,0.0,0.0,1.0,0.0,0.0,0.0,0.0,0.0,-0.2,0.0,-2.5,0.0,0.0,16.0,25903.0
2026-07-30T18:57:17.562Z,7.045,7.056,-0.1,7.4,0.0,0.0,0.0,0.0,0.0,0.0,0.0,0.0,1.0,0.0,0.0,0.0,9.0,4.0,0.0,0.0,0.0,0.0,0.0,0.0,0.0,0.0,5.0,12.0,1.0,12.15,5.0200000000000005,2.51,1.49,0.0,0.0,0.0,301.2,0.0,-0.2,0.7000000000000001,2.2,95.8,0.0,0.0,264.2,0.0,21.700000000000003,15.4,15.4,16.900000000000002,300.0,300.0,29.200000000000003,31.6,27.9,27.200000000000003,29.1,4.95,1.99,4.97,0.16,0.0,0.0,1027.0,8228.0,0.0,0.0,0.0,0.0,0.0,1.0,0.0,0.0,0.0,0.0,0.0,-2.0,0.0,-2.4000000000000004,0.0,0.0,16.0,25903.0
2026-07-30T18:57:17.573Z,7.056,7.0680000000000005,-0.1,7.4,0.0,0.0,0.0,0.0,0.0,0.0,0.0,0.0,1.0,0.0,0.0,0.0,9.0,4.0,0.0,0.0,0.0,0.0,0.0,0.0,0.0,0.0,6.0,12.0,1.0,12.15,5.0200000000000005,2.51,1.49,0.0,0.0,0.0,301.1,0.0,0.9,0.1,2.2,95.8,0.0,0.0,264.2,0.0,21.700000000000003,15.4,15.4,16.900000000000002,300.0,300.0,29.200000000000003,31.6,27.9,27.200000000000003,29.1,4.95,1.99,4.96,0.16,0.0,0.0,1027.0,8228.0,0.0,0.0,0.0,0.0,0.0,1.0,0.0,0.0,0.0,0.0,0.0,-2.1,0.0,-1.6,0.0,0.0,16.0,25903.0
2026-07-30T18:57:17.585Z,7.068,7.08,-0.1,7.4,0.0,0.0,0.0,0.0,0.0,0.0,0.0,0.0,1.0,0.0,0.0,0.0,9.0,4.0,0.0,0.0,0.0,0.0,0.0,0.0,0.0,0.0,2.0,12.0,1.0,12.15,5.0200000000000005,2.51,1.49,0.0,0.0,0.0,301.1,0.0,-0.2,1.2000000000000002,0.0,95.8,0.0,0.0,264.2,0.0,21.700000000000003,15.4,15.4,16.900000000000002,300.0,300.0,29.200000000000003,31.6,27.9,27.200000000000003,29.1,4.95,1.99,4.96,0.16,0.0,0.0,1027.0,8228.0,0.0,0.0,0.0,0.0,0.0,1.0,0.0,0.0,0.0,0.0,0.0,0.1,0.0,-1.4,0.0,0.0,16.0,25903.0
2026-07-30T18:57:17.597Z,7.08,7.0920000000000005,-0.1,7.4,0.0,0.0,0.0,0.0,0.0,0.0,0.0,0.0,1.0,0.0,0.0,0.0,9.0,4.0,0.0,0.0,0.0,0.0,0.0,0.0,0.0,0.0,3.0,12.0,1.0,12.15,5.0200000000000005,2.51,1.49,0.0,0.0,0.0,301.1,0.0,0.3,1.2000000000000002,0.4,95.8,0.0,0.0,264.2,0.0,21.700000000000003,15.4,15.4,16.900000000000002,300.0,300.0,29.200000000000003,31.6,27.9,27.200000000000003,29.1,4.95,1.99,4.96,0.16,0.0,0.0,1027.0,8228.0,0.0,0.0,0.0,0.0,0.0,1.0,0.0,0.0,0.0,0.0,0.0,-0.3,0.0,-1.7000000000000002,0.0,0.0,16.0,25903.0
2026-07-30T18:57:17.609Z,7.092,7.104,-0.1,7.4,0.0,0.0,0.0,0.0,0.0,0.0,0.0,0.0,1.0,0.0,0.0,0.0,9.0,4.0,0.0,0.0,0.0,0.0,0.0,0.0,0.0,0.0,4.0,12.0,1.0,12.15,5.0200000000000005,2.51,1.49,0.0,0.0,0.0,301.2,0.0,-0.2,-0.4,-0.1,95.8,0.0,0.0,264.2,0.0,21.700000000000003,15.4,15.4,16.900000000000002,300.0,300.0,29.200000000000003,31.6,27.9,27.200000000000003,29.1,4.96,1.99,4.97,0.16,0.0,0.0,1027.0,8228.0,0.0,0.0,0.0,0.0,0.0,1.0,0.0,0.0,0.0,0.0,0.0,0.0,0.0,0.6000000000000001,0.0,0.0,16.0,25903.0
2026-07-30T18:57:17.621Z,7.104,7.1160000000000005,-0.1,7.4,0.0,0.0,0.0,0.0,0.0,0.0,0.0,0.0,1.0,0.0,0.0,0.0,9.0,4.0,0.0,0.0,0.0,0.0,0.0,0.0,0.0,0.0,5.0,12.0,1.0,12.15,5.0200000000000005,2.51,1.49,0.0,0.0,0.0,301.2,0.0,0.9,-1.0,0.4,95.8,0.0,0.0,264.3,0.0,21.700000000000003,15.4,15.4,16.900000000000002,300.0,300.0,29.200000000000003,31.6,27.9,27.200000000000003,29.1,4.95,1.99,4.97,0.16,0.0,0.0,1027.0,8228.0,0.0,0.0,0.0,0.0,0.0,1.0,0.0,0.0,0.0,0.0,0.0,-0.5,0.0,0.9,0.0,0.0,16.0,25903.0
2026-07-30T18:57:17.633Z,7.116,7.128,-0.1,7.4,0.0,0.0,0.0,0.0,0.0,0.0,0.0,0.0,1.0,0.0,0.0,0.0,9.0,4.0,0.0,0.0,0.0,0.0,0.0,0.0,0.0,0.0,1.0,12.0,1.0,12.15,5.0200000000000005,2.51,1.49,0.0,0.0,0.0,301.1,0.0,-0.2,1.2000000000000002,0.4,95.8,0.0,0.0,264.2,0.0,21.700000000000003,15.4,15.4,16.900000000000002,300.0,300.0,29.200000000000003,31.6,27.9,27.200000000000003,29.1,4.95,1.99,4.97,0.16,0.0,0.0,1027.0,8228.0,0.0,0.0,0.0,0.0,0.0,1.0,0.0,0.0,0.0,0.0,0.0,-0.2,0.0,-1.7000000000000002,0.0,0.0,16.0,25903.0
2026-07-30T18:57:17.646Z,7.129,7.140000000000001,-0.1,7.4,0.0,0.0,0.0,0.0,0.0,0.0,0.0,0.0,1.0,0.0,0.0,0.0,9.0,4.0,0.0,0.0,0.0,0.0,0.0,0.0,0.0,0.0,3.0,12.0,1.0,12.18,5.0200000000000005,2.51,1.49,0.0,0.0,0.0,301.1,0.0,0.3,0.6000000000000001,0.3,95.8,0.0,0.0,264.2,0.0,21.4,15.5,15.5,17.1,300.0,300.0,29.1,31.6,28.0,27.200000000000003,29.1,4.96,1.99,4.97,0.16,0.0,0.0,1027.0,8228.0,0.0,0.0,0.0,0.0,0.0,1.0,0.0,0.0,0.0,0.0,0.0,-0.2,0.0,-0.9,0.0,0.0,16.0,25903.0
2026-07-30T18:57:17.657Z,7.14,7.152,0.0,7.4,0.0,0.0,0.0,0.0,0.0,0.0,0.0,0.0,1.0,0.0,0.0,0.0,9.0,4.0,0.0,0.0,0.0,0.0,0.0,0.0,0.0,0.0,4.0,12.0,1.0,12.18,5.0200000000000005,2.51,1.49,0.0,0.0,0.0,301.1,0.0,0.3,-0.5,-0.2,95.8,0.0,0.0,264.2,0.0,21.4,15.5,15.5,17.1,300.0,300.0,29.1,31.6,28.0,27.200000000000003,29.1,4.95,1.99,4.96,0.16,0.0,0.0,1027.0,8228.0,0.0,0.0,0.0,0.0,0.0,1.0,0.0,0.0,0.0,0.0,0.0,-0.3,0.0,-0.3,0.0,0.0,16.0,25903.0
2026-07-30T18:57:17.669Z,7.152,7.164000000000001,-0.1,7.4,0.0,0.0,0.0,0.0,0.0,0.0,0.0,0.0,1.0,0.0,0.0,0.0,9.0,4.0,0.0,0.0,0.0,0.0,0.0,0.0,0.0,0.0,5.0,12.0,1.0,12.18,5.0200000000000005,2.51,1.49,0.0,0.0,0.0,301.1,0.0,0.3,-1.1,-0.1,95.8,0.0,0.0,264.2,0.0,21.4,15.5,15.5,17.1,300.0,300.0,29.1,31.6,28.0,27.200000000000003,29.1,4.95,1.99,4.97,0.16,0.0,0.0,1027.0,8228.0,0.0,0.0,0.0,0.0,0.0,1.0,0.0,0.0,0.0,0.0,0.0,0.7000000000000001,0.0,0.4,0.0,0.0,16.0,25903.0
2026-07-30T18:57:17.681Z,7.164,7.176,0.0,7.4,0.0,0.0,0.0,0.0,0.0,0.0,0.0,0.0,1.0,0.0,0.0,0.0,9.0,4.0,0.0,0.0,0.0,0.0,0.0,0.0,0.0,0.0,1.0,12.0,1.0,12.18,5.0200000000000005,2.51,1.49,0.0,0.0,0.0,301.1,0.0,0.9,1.2000000000000002,1.6,95.8,0.0,0.0,264.2,0.0,21.4,15.5,15.5,17.1,300.0,300.0,29.1,31.6,28.0,27.200000000000003,29.1,4.95,1.98,4.96,0.16,0.0,0.0,1027.0,8228.0,0.0,0.0,0.0,0.0,0.0,1.0,0.0,0.0,0.0,0.0,0.0,0.7000000000000001,0.0,-0.2,0.0,0.0,16.0,25903.0
2026-07-30T18:57:17.693Z,7.176,7.188,0.0,7.4,0.0,0.0,0.0,0.0,0.0,0.0,0.0,0.0,1.0,0.0,0.0,0.0,9.0,4.0,0.0,0.0,0.0,0.0,0.0,0.0,0.0,0.0,2.0,12.0,1.0,12.18,5.0200000000000005,2.51,1.49,0.0,0.0,0.0,301.1,0.0,-0.2,-0.5,0.4,95.8,0.0,0.0,264.2,0.0,21.4,15.5,15.5,17.1,300.0,300.0,29.1,31.6,28.0,27.200000000000003,29.1,4.96,1.99,4.96,0.16,0.0,0.0,1027.0,8228.0,0.0,0.0,0.0,0.0,0.0,1.0,0.0,0.0,0.0,0.0,0.0,-0.4,0.0,0.3,0.0,0.0,16.0,25903.0
2026-07-30T18:57:17.705Z,7.188,7.2,0.0,7.4,0.0,0.0,0.0,0.0,0.0,0.0,0.0,0.0,1.0,0.0,0.0,0.0,9.0,4.0,0.0,0.0,0.0,0.0,0.0,0.0,0.0,0.0,4.0,12.0,1.0,12.18,5.0200000000000005,2.51,1.49,0.0,0.0,0.0,301.1,0.0,-1.4,-1.1,-1.3,95.8,0.0,0.0,264.40000000000003,0.0,21.4,15.5,15.5,17.1,300.0,300.0,29.1,31.6,28.0,27.200000000000003,29.1,4.95,1.99,4.96,0.16,0.0,0.0,1027.0,8228.0,0.0,0.0,0.0,0.0,0.0,1.0,0.0,0.0,0.0,0.0,0.0,1.1,0.0,2.2,0.0,0.0,16.0,25903.0
2026-07-30T18:57:17.717Z,7.2,7.212,0.0,7.4,0.0,0.0,0.0,0.0,0.0,0.0,0.0,0.0,1.0,0.0,0.0,0.0,9.0,4.0,0.0,0.0,0.0,0.0,0.0,0.0,0.0,0.0,5.0,12.0,1.0,12.18,5.0200000000000005,2.51,1.49,0.0,0.0,0.0,301.1,0.0,-0.8,-0.5,-0.7000000000000001,95.8,0.0,0.0,264.2,0.0,21.4,15.5,15.5,17.1,300.0,300.0,29.1,31.6,28.0,27.200000000000003,29.1,4.96,1.99,4.96,0.16,0.0,0.0,1027.0,8228.0,0.0,0.0,0.0,0.0,0.0,1.0,0.0,0.0,0.0,0.0,0.0,0.6000000000000001,0.0,1.0,0.0,0.0,16.0,25903.0
2026-07-30T18:57:17.729Z,7.212,7.224,0.0,7.4,0.0,0.0,0.0,0.0,0.0,0.0,0.0,0.0,1.0,0.0,0.0,0.0,9.0,4.0,0.0,0.0,0.0,0.0,0.0,0.0,0.0,0.0,1.0,12.0,1.0,12.18,5.0200000000000005,2.51,1.49,0.0,0.0,0.0,301.1,0.0,-0.2,0.0,-0.1,95.8,0.0,0.0,264.3,0.0,21.4,15.5,15.5,17.1,300.0,300.0,29.1,31.6,28.0,27.200000000000003,29.1,4.96,1.99,4.96,0.16,0.0,0.0,1027.0,8228.0,0.0,0.0,0.0,0.0,0.0,1.0,0.0,0.0,0.0,0.0,0.0,0.1,0.0,0.0,0.0,0.0,16.0,25903.0
2026-07-30T18:57:17.741Z,7.224,7.236,0.0,7.4,0.0,0.0,0.0,0.0,0.0,0.0,0.0,0.0,1.0,0.0,0.0,0.0,9.0,4.0,0.0,0.0,0.0,0.0,0.0,0.0,0.0,0.0,2.0,12.0,1.0,12.18,5.0200000000000005,2.51,1.49,0.0,0.0,0.0,301.1,0.0,-0.8,1.2000000000000002,-0.6000000000000001,95.8,0.0,0.0,264.2,0.0,21.4,15.5,15.5,17.1,300.0,300.0,29.1,31.6,28.0,27.200000000000003,29.1,4.96,1.99,4.96,0.16,0.0,0.0,1027.0,8228.0,0.0,0.0,0.0,0.0,0.0,1.0,0.0,0.0,0.0,0.0,0.0,0.7000000000000001,0.0,-0.9,0.0,0.0,16.0,25903.0
2026-07-30T18:57:17.753Z,7.236,7.248,0.0,7.4,0.0,0.0,0.0,0.0,0.0,0.0,0.0,0.0,1.0,0.0,0.0,0.0,9.0,4.0,0.0,0.0,0.0,0.0,0.0,0.0,0.0,0.0,3.0,12.0,1.0,12.14,5.0200000000000005,2.51,1.49,0.0,0.1,0.0,301.1,0.0,0.2,0.7000000000000001,1.0,95.8,0.0,0.0,264.2,0.0,21.4,15.7,15.7,17.2,300.0,300.0,29.1,31.6,28.0,27.200000000000003,29.1,4.95,1.99,4.97,0.16,0.0,0.0,1027.0,8228.0,0.0,0.0,0.0,0.0,0.0,1.0,0.0,0.0,0.0,0.0,0.0,-0.8,0.0,-1.5,0.0,0.0,16.0,25903.0
2026-07-30T18:57:17.765Z,7.248,7.26,0.0,7.4,0.0,0.0,0.0,0.0,0.0,0.0,0.0,0.0,1.0,0.0,0.0,0.0,9.0,4.0,0.0,0.0,0.0,0.0,0.0,0.0,0.0,0.0,4.0,12.0,1.0,12.14,5.0200000000000005,2.51,1.49,0.0,0.0,0.0,301.1,0.0,-0.2,-1.0,-0.7000000000000001,95.8,0.0,0.0,264.2,0.0,21.4,15.7,15.7,17.2,300.0,300.0,29.1,31.6,28.0,27.200000000000003,29.1,4.96,1.99,4.96,0.16,0.0,0.0,1027.0,8228.0,0.0,0.0,0.0,0.0,0.0,1.0,0.0,0.0,0.0,0.0,0.0,0.5,0.0,1.7000000000000002,0.0,0.0,16.0,25903.0
2026-07-30T18:57:17.777Z,7.26,7.272,0.0,7.4,0.0,0.0,0.0,0.0,0.0,0.0,0.0,0.0,1.0,0.0,0.0,0.0,9.0,4.0,0.0,0.0,0.0,0.0,0.0,0.0,0.0,0.0,5.0,12.0,1.0,12.14,5.0200000000000005,2.51,1.49,0.0,0.0,0.0,301.1,0.0,0.2,1.9,0.4,95.8,0.0,0.0,264.2,0.0,21.4,15.7,15.7,17.2,300.0,300.0,29.1,31.6,28.0,27.200000000000003,29.1,4.96,1.99,4.96,0.16,0.0,0.0,1027.0,8228.0,0.0,0.0,0.0,0.0,0.0,1.0,0.0,0.0,0.0,0.0,0.0,-0.1,0.0,-2.4000000000000004,0.0,0.0,16.0,25903.0
2026-07-30T18:57:17.789Z,7.272,7.284,0.0,7.4,0.0,0.0,0.0,0.0,0.0,0.0,0.0,0.0,1.0,0.0,0.0,0.0,9.0,4.0,0.0,0.0,0.0,0.0,0.0,0.0,0.0,0.0,1.0,12.0,1.0,12.14,5.0200000000000005,2.51,1.49,0.0,0.0,0.0,301.1,0.0,0.3,0.1,0.3,95.8,0.0,0.0,264.2,0.0,21.4,15.7,15.7,17.2,300.0,300.0,29.1,31.6,28.0,27.200000000000003,29.1,4.95,1.99,4.96,0.16,0.0,0.0,1027.0,8228.0,0.0,0.0,0.0,0.0,0.0,1.0,0.0,0.0,0.0,0.0,0.0,-0.3,0.0,-0.4,0.0,0.0,16.0,25903.0
2026-07-30T18:57:17.801Z,7.284,7.296,0.0,7.4,0.0,0.0,0.0,0.0,0.0,0.0,0.0,0.0,1.0,0.0,0.0,0.0,9.0,4.0,0.0,0.0,0.0,0.0,0.0,0.0,0.0,0.0,2.0,12.0,1.0,12.14,5.0200000000000005,2.51,1.49,0.0,0.0,0.0,301.1,0.0,-0.8,-0.4,-0.7000000000000001,95.8,0.0,0.0,264.2,0.0,21.4,15.7,15.7,17.2,300.0,300.0,29.1,31.6,28.0,27.200000000000003,29.1,4.95,1.99,4.97,0.16,0.0,0.0,1027.0,8228.0,0.0,0.0,0.0,0.0,0.0,1.0,0.0,0.0,0.0,0.0,0.0,0.6000000000000001,0.0,1.0,0.0,0.0,16.0,25903.0
2026-07-30T18:57:17.813Z,7.296,7.308,-0.1,7.4,0.0,0.0,0.0,0.0,0.0,0.0,0.0,0.0,1.0,0.0,0.0,0.0,9.0,4.0,0.0,0.0,0.0,0.0,0.0,0.0,0.0,0.0,3.0,12.0,1.0,12.14,5.0200000000000005,2.51,1.49,0.0,0.0,0.0,301.1,0.0,-0.2,0.1,1.5,95.8,0.0,0.0,264.2,0.0,21.4,15.7,15.7,17.2,300.0,300.0,29.1,31.6,28.0,27.200000000000003,29.1,4.96,1.99,4.96,0.16,0.0,0.0,1027.0,8228.0,0.0,0.0,0.0,0.0,0.0,1.0,0.0,0.0,0.0,0.0,0.0,-1.4,0.0,-1.2000000000000002,0.0,0.0,16.0,25903.0
2026-07-30T18:57:17.825Z,7.308,7.32,-0.1,7.4,0.0,0.0,0.0,0.0,0.0,0.0,0.0,0.0,1.0,0.0,0.0,0.0,9.0,4.0,0.0,0.0,0.0,0.0,0.0,0.0,0.0,0.0,4.0,12.0,1.0,12.14,5.0200000000000005,2.51,1.49,0.0,0.1,0.0,301.1,0.0,0.9,1.3,-0.1,95.8,0.0,0.0,264.2,0.0,21.4,15.7,15.7,17.2,300.0,300.0,29.1,31.6,28.0,27.200000000000003,29.1,4.96,1.99,4.97,0.16,0.0,0.0,1027.0,8228.0,0.0,0.0,0.0,0.0,0.0,1.0,0.0,0.0,0.0,0.0,0.0,0.3,0.0,-1.3,0.0,0.0,16.0,25903.0
2026-07-30T18:57:17.838Z,7.321,7.332,-0.1,7.4,0.0,0.0,0.0,0.0,0.0,0.0,0.0,0.0,1.0,0.0,0.0,0.0,9.0,4.0,0.0,0.0,0.0,0.0,0.0,0.0,0.0,0.0,6.0,12.0,1.0,12.14,5.0200000000000005,2.51,1.49,0.0,0.0,0.0,301.1,0.0,-0.2,0.1,-0.1,95.8,0.0,0.0,264.2,0.0,21.4,15.7,15.7,17.2,300.0,300.0,29.1,31.6,28.0,27.200000000000003,29.1,4.95,1.99,4.97,0.16,0.0,0.0,1027.0,8228.0,0.0,0.0,0.0,0.0,0.0,1.0,0.0,0.0,0.0,0.0,0.0,0.1,0.0,0.0,0.0,0.0,16.0,25903.0
2026-07-30T18:57:17.850Z,7.333,7.344,-0.1,7.4,0.0,0.0,0.0,0.0,0.0,0.0,0.0,0.0,1.0,0.0,0.0,0.0,9.0,4.0,0.0,0.0,0.0,0.0,0.0,0.0,0.0,0.0,1.0,12.0,1.0,12.17,5.01,2.51,1.49,0.0,0.1,0.0,301.1,0.0,0.3,0.7000000000000001,0.4,95.8,0.0,0.0,264.2,0.0,21.3,15.9,15.9,17.400000000000002,300.0,300.0,29.1,31.700000000000003,28.0,27.200000000000003,29.1,4.95,1.99,4.96,0.16,0.0,0.0,1027.0,8228.0,0.0,0.0,0.0,0.0,0.0,1.0,0.0,0.0,0.0,0.0,0.0,-0.2,0.0,-1.0,0.0,0.0,16.0,25903.0
2026-07-30T18:57:17.861Z,7.344,7.356,-0.1,7.4,0.0,0.0,0.0,0.0,0.0,0.0,0.0,0.0,1.0,0.0,0.0,0.0,9.0,4.0,0.0,0.0,0.0,0.0,0.0,0.0,0.0,0.0,2.0,12.0,1.0,12.17,5.01,2.51,1.49,0.0,0.0,0.0,301.1,0.0,0.3,0.7000000000000001,-0.1,95.8,0.0,0.0,264.2,0.0,21.3,15.9,15.9,17.400000000000002,300.0,300.0,29.1,31.700000000000003,28.0,27.200000000000003,29.1,4.95,1.99,4.97,0.16,0.0,0.0,1027.0,8228.0,0.0,0.0,0.0,0.0,0.0,1.0,0.0,0.0,0.0,0.0,0.0,0.2,0.0,-0.7000000000000001,0.0,0.0,16.0,25903.0
2026-07-30T18:57:17.873Z,7.356,7.368,-0.1,7.4,0.0,0.0,0.0,0.0,0.0,0.0,0.0,0.0,1.0,0.0,0.0,0.0,9.0,4.0,0.0,0.0,0.0,0.0,0.0,0.0,0.0,0.0,3.0,12.0,1.0,12.17,5.01,2.51,1.49,0.0,0.0,0.0,301.1,0.0,0.3,0.1,-0.1,95.8,0.0,0.0,264.2,0.0,21.3,15.9,15.9,17.400000000000002,300.0,300.0,29.1,31.700000000000003,28.0,27.200000000000003,29.1,4.95,1.99,4.97,0.16,0.0,0.0,1027.0,8228.0,0.0,0.0,0.0,0.0,0.0,1.0,0.0,0.0,0.0,0.0,0.0,0.1,0.0,0.0,0.0,0.0,16.0,25903.0
2026-07-30T18:57:17.885Z,7.368,7.38,-0.1,7.4,0.0,0.0,0.0,0.0,0.0,0.0,0.0,0.0,1.0,0.0,0.0,0.0,9.0,4.0,0.0,0.0,0.0,0.0,0.0,0.0,0.0,0.0,4.0,12.0,1.0,12.17,5.01,2.51,1.49,0.0,0.0,0.0,301.1,0.0,-0.8,-0.4,-0.1,95.8,0.0,0.0,264.2,0.0,21.3,15.9,15.9,17.400000000000002,300.0,300.0,29.1,31.700000000000003,28.0,27.200000000000003,29.1,4.95,1.99,4.97,0.16,0.0,0.0,1027.0,8228.0,0.0,0.0,0.0,0.0,0.0,1.0,0.0,0.0,0.0,0.0,0.0,0.0,0.0,0.6000000000000001,0.0,0.0,16.0,25903.0
2026-07-30T18:57:17.897Z,7.38,7.392,-0.1,7.4,0.0,0.0,0.0,0.0,0.0,0.0,0.0,0.0,1.0,0.0,0.0,0.0,9.0,4.0,0.0,0.0,0.0,0.0,0.0,0.0,0.0,0.0,6.0,12.0,1.0,12.17,5.01,2.51,1.49,0.0,0.0,0.0,301.1,0.0,0.9,-0.4,1.0,95.8,0.0,0.0,264.2,0.0,21.3,15.9,15.9,17.400000000000002,300.0,300.0,29.1,31.700000000000003,28.0,27.200000000000003,29.1,4.96,1.99,4.96,0.16,0.0,0.0,1027.0,8228.0,0.0,0.0,0.0,0.0,0.0,1.0,0.0,0.0,0.0,0.0,0.0,-1.0,0.0,-0.1,0.0,0.0,16.0,25903.0
2026-07-30T18:57:17.909Z,7.392,7.404,-0.1,7.4,0.0,0.0,0.0,0.0,0.0,0.0,0.0,0.0,1.0,0.0,0.0,0.0,9.0,4.0,0.0,0.0,0.0,0.0,0.0,0.0,0.0,0.0,1.0,12.0,1.0,12.17,5.01,2.51,1.49,0.0,0.0,0.0,301.1,0.0,0.3,-0.5,-0.1,95.8,0.0,0.0,264.2,0.0,21.3,15.9,15.9,17.400000000000002,300.0,300.0,29.1,31.700000000000003,28.0,27.200000000000003,29.1,4.95,1.99,4.97,0.16,0.0,0.0,1027.0,8228.0,0.0,0.0,0.0,0.0,0.0,1.0,0.0,0.0,0.0,0.0,0.0,0.0,0.0,0.6000000000000001,0.0,0.0,16.0,25903.0
2026-07-30T18:57:17.921Z,7.404,7.416,-0.1,7.4,0.0,0.0,0.0,0.0,0.0,0.0,0.0,0.0,1.0,0.0,0.0,0.0,9.0,4.0,0.0,0.0,0.0,0.0,0.0,0.0,0.0,0.0,2.0,12.0,1.0,12.17,5.01,2.51,1.49,0.0,0.0,0.0,301.1,0.0,-0.2,1.2000000000000002,0.4,95.8,0.0,0.0,264.2,0.0,21.3,15.9,15.9,17.400000000000002,300.0,300.0,29.1,31.700000000000003,28.0,27.200000000000003,29.1,4.95,1.99,4.96,0.16,0.0,0.0,1027.0,8228.0,0.0,0.0,0.0,0.0,0.0,1.0,0.0,0.0,0.0,0.0,0.0,-0.2,0.0,-1.7000000000000002,0.0,0.0,16.0,25903.0
2026-07-30T18:57:17.934Z,7.417,7.428,-0.1,7.4,0.0,0.0,0.0,0.0,0.0,0.0,0.0,0.0,1.0,0.0,0.0,0.0,9.0,4.0,0.0,0.0,0.0,0.0,0.0,0.0,0.0,0.0,3.0,12.0,1.0,12.17,5.01,2.51,1.49,0.0,0.0,0.0,301.1,0.0,0.9,0.0,1.6,95.8,0.0,0.0,264.2,0.0,21.3,15.9,15.9,17.400000000000002,300.0,300.0,29.1,31.700000000000003,28.0,27.200000000000003,29.1,4.96,1.99,4.96,0.16,0.0,0.0,1027.0,8228.0,0.0,0.0,0.0,0.0,0.0,1.0,0.0,0.0,0.0,0.0,0.0,-1.5,0.0,-1.1,0.0,0.0,16.0,25903.0
2026-07-30T18:57:17.945Z,7.428,7.44,-0.1,7.4,0.0,0.0,0.0,0.0,0.0,0.0,0.0,0.0,1.0,0.0,0.0,0.0,9.0,4.0,0.0,0.0,0.0,0.0,0.0,0.0,0.0,0.0,4.0,12.0,1.0,12.17,5.01,2.51,1.49,0.0,0.0,0.0,301.1,0.0,-0.2,-0.5,1.0,95.8,0.0,0.0,264.2,0.0,21.3,15.9,15.9,17.400000000000002,300.0,300.0,29.1,31.700000000000003,28.0,27.200000000000003,29.1,4.95,1.99,4.96,0.16,0.0,0.0,1027.0,8228.0,0.0,0.0,0.0,0.0,0.0,1.0,0.0,0.0,0.0,0.0,0.0,-1.0,0.0,-0.1,0.0,0.0,16.0,25903.0
2026-07-30T18:57:17.958Z,7.441,7.452,-0.1,7.4,0.0,0.0,0.0,0.0,0.0,0.0,0.0,0.0,1.0,0.0,0.0,0.0,9.0,4.0,0.0,0.0,0.0,0.0,0.0,0.0,0.0,0.0,4.0,12.0,1.0,12.17,5.0200000000000005,2.51,1.49,0.0,0.0,0.0,301.2,0.0,-0.7000000000000001,-1.1,-1.2000000000000002,95.8,0.0,0.0,264.2,0.0,21.700000000000003,16.0,16.0,17.6,300.0,300.0,29.1,31.700000000000003,28.0,27.200000000000003,29.1,4.95,1.99,4.97,0.16,0.0,0.0,1027.0,8228.0,0.0,0.0,0.0,0.0,0.0,1.0,0.0,0.0,0.0,0.0,0.0,1.0,0.0,2.1,0.0,0.0,16.0,25903.0
2026-07-30T18:57:17.969Z,7.452,7.464,-0.1,7.4,0.0,0.0,0.0,0.0,0.0,0.0,0.0,0.0,1.0,0.0,0.0,0.0,9.0,4.0,0.0,0.0,0.0,0.0,0.0,0.0,0.0,0.0,5.0,12.0,1.0,12.17,5.0200000000000005,2.51,1.49,0.0,0.1,0.0,301.1,0.0,0.4,0.6000000000000001,1.0,95.8,0.0,0.0,264.2,0.0,21.700000000000003,16.0,16.0,17.6,300.0,300.0,29.1,31.700000000000003,28.0,27.200000000000003,29.1,4.95,1.99,4.96,0.16,0.0,0.0,1027.0,8228.0,0.0,0.0,0.0,0.0,0.0,1.0,0.0,0.0,0.0,0.0,0.0,-0.9,0.0,-1.4,0.0,0.0,16.0,25903.0
2026-07-30T18:57:17.981Z,7.464,7.476,0.0,7.4,0.0,0.0,0.0,0.0,0.0,0.0,0.0,0.0,1.0,0.0,0.0,0.0,9.0,4.0,0.0,0.0,0.0,0.0,0.0,0.0,0.0,0.0,6.0,12.0,1.0,12.17,5.0200000000000005,2.51,1.49,0.0,0.0,0.0,301.2,0.0,-0.7000000000000001,0.6000000000000001,-0.6000000000000001,95.8,0.0,0.0,264.2,0.0,21.700000000000003,16.0,16.0,17.6,300.0,300.0,29.1,31.700000000000003,28.0,27.200000000000003,29.1,4.96,1.99,4.96,0.16,0.0,0.0,1027.0,8228.0,0.0,0.0,0.0,0.0,0.0,1.0,0.0,0.0,0.0,0.0,0.0,0.6000000000000001,0.0,-0.3,0.0,0.0,16.0,25903.0
2026-07-30T18:57:17.993Z,7.476,7.488,0.0,7.4,0.0,0.0,0.0,0.0,0.0,0.0,0.0,0.0,1.0,0.0,0.0,0.0,9.0,4.0,0.0,0.0,0.0,0.0,0.0,0.0,0.0,0.0,1.0,12.0,1.0,12.17,5.0200000000000005,2.51,1.49,0.0,0.0,0.0,301.1,0.0,-0.1,-1.0,0.5,95.8,0.0,0.0,264.2,0.0,21.700000000000003,16.0,16.0,17.6,300.0,300.0,29.1,31.700000000000003,28.0,27.200000000000003,29.1,4.95,1.99,4.97,0.16,0.0,0.0,1027.0,8228.0,0.0,0.0,0.0,0.0,0.0,1.0,0.0,0.0,0.0,0.0,0.0,-0.6000000000000001,0.0,0.8,0.0,0.0,16.0,25903.0
2026-07-30T18:57:18.006Z,7.489,7.5,-0.1,7.4,0.0,0.0,0.0,0.0,0.0,0.0,0.0,0.0,1.0,0.0,0.0,0.0,9.0,4.0,0.0,0.0,0.0,0.0,0.0,0.0,0.0,0.0,2.0,12.0,1.0,12.17,5.0200000000000005,2.51,1.49,0.0,0.0,0.0,301.1,0.0,0.4,0.0,1.0,95.8,0.0,0.0,264.2,0.0,21.700000000000003,16.0,16.0,17.6,300.0,300.0,29.1,31.700000000000003,28.0,27.200000000000003,29.1,4.95,1.99,4.97,0.16,0.0,0.0,1027.0,8228.0,0.0,0.0,0.0,0.0,0.0,1.0,0.0,0.0,0.0,0.0,0.0,-1.0,0.0,-0.7000000000000001,0.0,0.0,16.0,25903.0
2026-07-30T18:57:18.017Z,7.5,7.512,-0.1,7.4,0.0,0.0,0.0,0.0,0.0,0.0,0.0,0.0,1.0,0.0,0.0,0.0,9.0,4.0,0.0,0.0,0.0,0.0,0.0,0.0,0.0,0.0,3.0,12.0,1.0,12.17,5.0200000000000005,2.51,1.49,0.0,0.0,0.0,301.1,0.0,0.4,0.0,-0.7000000000000001,95.8,0.0,0.0,264.3,0.0,21.700000000000003,16.0,16.0,17.6,300.0,300.0,29.1,31.700000000000003,28.0,27.200000000000003,29.1,4.95,1.99,4.97,0.16,0.0,0.0,1027.0,8228.0,0.0,0.0,0.0,0.0,0.0,1.0,0.0,0.0,0.0,0.0,0.0,0.6000000000000001,0.0,0.3,0.0,0.0,16.0,25903.0
2026-07-30T18:57:18.029Z,7.512,7.524,0.0,7.4,0.0,0.0,0.0,0.0,0.0,0.0,0.0,0.0,1.0,0.0,0.0,0.0,9.0,4.0,0.0,0.0,0.0,0.0,0.0,0.0,0.0,0.0,5.0,12.0,1.0,12.17,5.0200000000000005,2.51,1.49,-0.1,0.1,0.0,301.1,0.0,0.4,0.0,0.4,95.8,0.0,0.0,264.2,0.0,21.700000000000003,16.0,16.0,17.6,300.0,300.0,29.1,31.700000000000003,28.0,27.200000000000003,29.1,4.95,1.99,4.97,0.16,0.0,0.0,1027.0,8228.0,0.0,0.0,0.0,0.0,0.0,1.0,0.0,0.0,0.0,0.0,0.0,-0.4,0.0,-0.3,0.0,0.0,16.0,25903.0
2026-07-30T18:57:18.042Z,7.525,7.536,0.0,7.4,0.0,0.0,0.0,0.0,0.0,0.0,0.0,0.0,1.0,0.0,0.0,0.0,9.0,4.0,0.0,0.0,0.0,0.0,0.0,0.0,0.0,0.0,6.0,12.0,1.0,12.17,5.0200000000000005,2.51,1.49,0.0,0.0,0.0,301.1,0.0,0.3,-0.5,-0.1,95.8,0.0,0.0,264.2,0.0,21.700000000000003,16.0,16.0,17.6,300.0,300.0,29.1,31.700000000000003,28.0,27.200000000000003,29.1,4.95,1.99,4.97,0.16,0.0,0.0,1027.0,8228.0,0.0,0.0,0.0,0.0,0.0,1.0,0.0,0.0,0.0,0.0,0.0,0.0,0.0,0.7000000000000001,0.0,0.0,16.0,25903.0
2026-07-30T18:57:18.054Z,7.537,7.548,0.0,7.4,0.0,0.0,0.0,0.0,0.0,0.0,0.0,0.0,1.0,0.0,0.0,0.0,9.0,4.0,0.0,0.0,0.0,0.0,0.0,0.0,0.0,0.0,1.0,12.0,1.0,12.18,5.01,2.51,1.49,0.0,0.0,0.0,301.1,0.0,0.3,0.6000000000000001,0.4,95.8,0.0,0.0,264.2,0.0,21.4,16.2,16.2,17.7,300.0,300.0,29.1,31.700000000000003,28.0,27.3,29.1,4.96,1.99,4.96,0.16,0.0,0.0,1027.0,8228.0,0.0,0.0,0.0,0.0,0.0,1.0,0.0,0.0,0.0,0.0,0.0,-0.3,0.0,-0.9,0.0,0.0,16.0,25903.0
2026-07-30T18:57:18.065Z,7.548,7.56,0.0,7.4,0.0,0.0,0.0,0.0,0.0,0.0,0.0,0.0,1.0,0.0,0.0,0.0,9.0,4.0,0.0,0.0,0.0,0.0,0.0,0.0,0.0,0.0,3.0,12.0,1.0,12.18,5.01,2.51,1.49,0.0,0.0,0.0,301.1,0.0,-0.7000000000000001,0.0,-1.3,95.8,0.0,0.0,264.2,0.0,21.4,16.2,16.2,17.7,300.0,300.0,29.1,31.700000000000003,28.0,27.3,29.1,4.96,2.0,4.97,0.16,0.0,0.0,1027.0,8228.0,0.0,0.0,0.0,0.0,0.0,1.0,0.0,0.0,0.0,0.0,0.0,1.2000000000000002,0.0,0.8,0.0,0.0,16.0,25903.0
2026-07-30T18:57:18.077Z,7.56,7.572,0.0,7.4,0.0,0.0,0.0,0.0,0.0,0.0,0.0,0.0,1.0,0.0,0.0,0.0,9.0,4.0,0.0,0.0,0.0,0.0,0.0,0.0,0.0,0.0,4.0,12.0,1.0,12.18,5.01,2.51,1.49,0.0,0.0,0.0,301.1,0.0,-0.2,0.0,-0.7000000000000001,95.8,0.0,0.0,264.2,0.0,21.4,16.2,16.2,17.7,300.0,300.0,29.1,31.700000000000003,28.0,27.3,29.1,4.95,1.99,4.97,0.16,0.0,0.0,1027.0,8228.0,0.0,0.0,0.0,0.0,0.0,1.0,0.0,0.0,0.0,0.0,0.0,0.6000000000000001,0.0,0.4,0.0,0.0,16.0,25903.0
2026-07-30T18:57:18.089Z,7.572,7.584,0.0,7.4,0.0,0.0,0.0,0.0,0.0,0.0,0.0,0.0,1.0,0.0,0.0,0.0,9.0,4.0,0.0,0.0,0.0,0.0,0.0,0.0,0.0,0.0,5.0,12.0,1.0,12.18,5.01,2.51,1.49,0.0,0.0,0.0,301.2,0.0,-0.1,0.6000000000000001,-0.1,95.8,0.0,0.0,264.2,0.0,21.4,16.2,16.2,17.7,300.0,300.0,29.1,31.700000000000003,28.0,27.3,29.1,4.96,1.99,4.97,0.16,0.0,0.0,1027.0,8228.0,0.0,0.0,0.0,0.0,0.0,1.0,0.0,0.0,0.0,0.0,0.0,0.2,0.0,-0.5,0.0,0.0,16.0,25903.0
2026-07-30T18:57:18.101Z,7.584,7.596,0.0,7.4,0.0,0.0,0.0,0.0,0.0,0.0,0.0,0.0,1.0,0.0,0.0,0.0,9.0,4.0,0.0,0.0,0.0,0.0,0.0,0.0,0.0,0.0,6.0,12.0,1.0,12.18,5.01,2.51,1.49,0.0,0.0,0.0,301.1,0.0,0.3,-0.5,-0.1,95.8,0.0,0.0,264.2,0.0,21.4,16.2,16.2,17.7,300.0,300.0,29.1,31.700000000000003,28.0,27.3,29.1,4.95,2.0,4.96,0.16,0.0,0.0,1027.0,8228.0,0.0,0.0,0.0,0.0,0.0,1.0,0.0,0.0,0.0,0.0,0.0,0.0,0.0,0.7000000000000001,0.0,0.0,16.0,25903.0
2026-07-30T18:57:18.113Z,7.596,7.608,0.0,7.4,0.0,0.0,0.0,0.0,0.0,0.0,0.0,0.0,1.0,0.0,0.0,0.0,9.0,4.0,0.0,0.0,0.0,0.0,0.0,0.0,0.0,0.0,1.0,12.0,1.0,12.18,5.01,2.51,1.49,0.0,0.0,0.0,301.1,0.0,-0.2,0.0,1.5,95.8,0.0,0.0,264.2,0.0,21.4,16.2,16.2,17.7,300.0,300.0,29.1,31.700000000000003,28.0,27.3,29.1,4.95,1.99,4.97,0.16,0.0,0.0,1027.0,8228.0,0.0,0.0,0.0,0.0,0.0,1.0,0.0,0.0,0.0,0.0,0.0,-1.4,0.0,-1.0,0.0,0.0,16.0,25903.0
2026-07-30T18:57:18.129Z,7.612,7.62,0.0,7.4,0.0,0.0,0.0,0.0,0.0,0.0,0.0,0.0,1.0,0.0,0.0,0.0,9.0,4.0,0.0,0.0,0.0,0.0,0.0,0.0,0.0,0.0,2.0,12.0,1.0,12.18,5.01,2.51,1.49,0.0,0.0,0.0,301.1,0.0,-0.2,1.2000000000000002,-0.1,95.8,0.0,0.0,264.3,0.0,21.4,16.2,16.2,17.7,300.0,300.0,29.1,31.700000000000003,28.0,27.3,29.1,4.95,1.99,4.97,0.16,0.0,0.0,1027.0,8228.0,0.0,0.0,0.0,0.0,0.0,1.0,0.0,0.0,0.0,0.0,0.0,0.2,0.0,-1.3,0.0,0.0,16.0,25903.0
2026-07-30T18:57:18.137Z,7.62,7.632000000000001,0.0,7.4,0.0,0.0,0.0,0.0,0.0,0.0,0.0,0.0,1.0,0.0,0.0,0.0,9.0,4.0,0.0,0.0,0.0,0.0,0.0,0.0,0.0,0.0,3.0,12.0,1.0,12.18,5.01,2.51,1.49,0.0,0.0,0.0,301.1,0.0,0.3,0.6000000000000001,0.4,95.8,0.0,0.0,264.2,0.0,21.4,16.2,16.2,17.7,300.0,300.0,29.1,31.700000000000003,28.0,27.3,29.1,4.96,1.99,4.96,0.16,0.0,0.0,1027.0,8228.0,0.0,0.0,0.0,0.0,0.0,1.0,0.0,0.0,0.0,0.0,0.0,-0.3,0.0,-1.0,0.0,0.0,16.0,25903.0
2026-07-30T18:57:18.149Z,7.632,7.644,0.0,7.4,0.0,0.0,0.0,0.0,0.0,0.0,0.0,0.0,1.0,0.0,0.0,0.0,9.0,4.0,0.0,0.0,0.0,0.0,0.0,0.0,0.0,0.0,4.0,12.0,1.0,12.18,5.01,2.51,1.49,0.0,0.0,0.0,301.1,0.0,0.3,-0.5,0.9,95.8,0.0,0.0,264.2,0.0,21.4,16.2,16.2,17.7,300.0,300.0,29.1,31.700000000000003,28.0,27.3,29.1,4.95,1.99,4.97,0.16,0.0,0.0,1027.0,8228.0,0.0,0.0,0.0,0.0,0.0,1.0,0.0,0.0,0.0,0.0,0.0,-0.9,0.0,0.0,0.0,0.0,16.0,25903.0
2026-07-30T18:57:18.161Z,7.644,7.656000000000001,0.0,7.4,0.0,0.0,0.0,0.0,0.0,0.0,0.0,0.0,1.0,0.0,0.0,0.0,9.0,4.0,0.0,0.0,0.0,0.0,0.0,0.0,0.0,0.0,5.0,12.0,1.0,12.17,5.0200000000000005,2.5,1.49,0.0,0.0,0.0,301.1,0.0,0.3,0.0,-0.8,95.8,0.0,0.0,264.2,0.0,21.4,16.3,16.3,17.900000000000002,300.0,300.0,29.1,31.700000000000003,27.9,27.3,29.1,4.95,1.99,4.96,0.16,0.0,0.0,1027.0,8228.0,0.0,0.0,0.0,0.0,0.0,1.0,0.0,0.0,0.0,0.0,0.0,0.7000000000000001,0.0,0.4,0.0,0.0,16.0,25903.0
2026-07-30T18:57:18.173Z,7.656,7.668,0.0,7.4,0.0,0.0,0.0,0.0,0.0,0.0,0.0,0.0,1.0,0.0,0.0,0.0,9.0,4.0,0.0,0.0,0.0,0.0,0.0,0.0,0.0,0.0,6.0,12.0,1.0,12.17,5.0200000000000005,2.5,1.49,0.0,0.0,0.0,301.2,0.0,-0.2,0.0,0.9,95.8,0.0,0.0,264.2,0.0,21.4,16.3,16.3,17.900000000000002,300.0,300.0,29.1,31.700000000000003,27.9,27.3,29.1,4.96,1.99,4.96,0.16,0.0,0.0,1027.0,8228.0,0.0,0.0,0.0,0.0,0.0,1.0,0.0,0.0,0.0,0.0,0.0,-0.8,0.0,-0.6000000000000001,0.0,0.0,16.0,25903.0
2026-07-30T18:57:18.185Z,7.668,7.68,0.0,7.4,0.0,0.0,0.0,0.0,0.0,0.0,0.0,0.0,1.0,0.0,0.0,0.0,9.0,4.0,0.0,0.0,0.0,0.0,0.0,0.0,0.0,0.0,2.0,12.0,1.0,12.17,5.0200000000000005,2.5,1.49,0.0,0.0,0.0,301.1,0.0,0.4,-1.1,-1.3,95.8,0.0,0.0,264.2,0.0,21.4,16.3,16.3,17.900000000000002,300.0,300.0,29.1,31.700000000000003,27.9,27.3,29.1,4.95,1.99,4.96,0.16,0.0,0.0,1027.0,8228.0,0.0,0.0,0.0,0.0,0.0,1.0,0.0,0.0,0.0,0.0,0.0,0.1,0.0,0.0,0.0,0.0,16.0,25903.0
2026-07-30T18:57:18.197Z,7.68,7.692,0.0,7.4,0.0,0.0,0.0,0.0,0.0,0.0,0.0,0.0,1.0,0.0,0.0,0.0,9.0,4.0,0.0,0.0,0.0,0.0,0.0,0.0,0.0,0.0,3.0,12.0,1.0,12.17,5.0200000000000005,2.5,1.49,0.0,0.0,0.0,301.1,0.0,-0.7000000000000001,-0.5,-0.1,95.8,0.0,0.0,264.2,0.0,21.4,16.3,16.3,17.900000000000002,300.0,300.0,29.1,31.700000000000003,27.9,27.3,29.1,4.96,1.99,4.97,0.16,0.0,0.0,1027.0,8228.0,0.0,0.0,0.0,0.0,0.0,1.0,0.0,0.0,0.0,0.0,0.0,0.5,0.0,1.7000000000000002,0.0,0.0,16.0,25903.0
2026-07-30T18:57:18.209Z,7.692,7.704,0.0,7.4,0.0,0.0,0.0,0.0,0.0,0.0,0.0,0.0,1.0,0.0,0.0,0.0,9.0,4.0,0.0,0.0,0.0,0.0,0.0,0.0,0.0,0.0,4.0,12.0,1.0,12.17,5.0200000000000005,2.5,1.49,0.0,0.1,0.0,301.1,0.0,-0.2,-0.5,-0.1,95.8,0.0,0.0,264.2,0.0,21.4,16.3,16.3,17.900000000000002,300.0,300.0,29.1,31.700000000000003,27.9,27.3,29.1,4.96,2.0,4.96,0.16,0.0,0.0,1027.0,8228.0,0.0,0.0,0.0,0.0,0.0,1.0,0.0,0.0,0.0,0.0,0.0,0.0,0.0,0.7000000000000001,0.0,0.0,16.0,25903.0
2026-07-30T18:57:18.221Z,7.704,7.716,0.0,7.4,0.0,0.0,0.0,0.0,0.0,0.0,0.0,0.0,1.0,0.0,0.0,0.0,9.0,4.0,0.0,0.0,0.0,0.0,0.0,0.0,0.0,0.0,6.0,12.0,1.0,12.17,5.0200000000000005,2.5,1.49,0.0,0.0,0.0,301.1,0.0,0.3,1.7000000000000002,0.4,95.8,0.0,0.0,264.2,0.0,21.4,16.3,16.3,17.900000000000002,300.0,300.0,29.1,31.700000000000003,27.9,27.3,29.1,4.95,1.99,4.96,0.16,0.0,0.0,1027.0,8228.0,0.0,0.0,0.0,0.0,0.0,1.0,0.0,0.0,0.0,0.0,0.0,-0.2,0.0,-2.3000000000000003,0.0,0.0,16.0,25903.0
2026-07-30T18:57:18.233Z,7.716,7.728,0.0,7.4,0.0,0.0,0.0,0.0,0.0,0.0,0.0,0.0,1.0,0.0,0.0,0.0,9.0,4.0,0.0,0.0,0.0,0.0,0.0,0.0,0.0,0.0,6.0,12.0,1.0,12.17,5.0200000000000005,2.5,1.49,0.0,0.0,0.0,301.1,0.0,0.3,-0.5,-0.1,95.8,0.0,0.0,264.2,0.0,21.4,16.3,16.3,17.900000000000002,300.0,300.0,29.1,31.700000000000003,27.9,27.3,29.1,4.95,1.99,4.97,0.15,0.0,0.0,1027.0,8228.0,0.0,0.0,0.0,0.0,0.0,1.0,0.0,0.0,0.0,0.0,0.0,0.0,0.0,0.7000000000000001,0.0,0.0,16.0,25903.0
2026-07-30T18:57:18.245Z,7.728,7.74,0.0,7.4,0.0,0.0,0.0,0.0,0.0,0.0,0.0,0.0,1.0,0.0,0.0,0.0,9.0,4.0,0.0,0.0,0.0,0.0,0.0,0.0,0.0,0.0,1.0,12.0,1.0,12.17,5.0200000000000005,2.5,1.49,0.0,0.0,0.0,301.1,0.0,-0.7000000000000001,0.0,-0.1,95.8,0.0,0.0,264.2,0.0,21.4,16.3,16.3,17.900000000000002,300.0,300.0,29.1,31.700000000000003,27.9,27.3,29.1,4.96,1.99,4.96,0.15,0.0,0.0,1027.0,8228.0,0.0,0.0,0.0,0.0,0.0,1.0,0.0,0.0,0.0,0.0,0.0,0.1,0.0,0.1,0.0,0.0,16.0,25903.0
2026-07-30T18:57:18.258Z,7.741,7.752,0.0,7.4,0.0,0.0,0.0,0.0,0.0,0.0,0.0,0.0,1.0,0.0,0.0,0.0,9.0,4.0,0.0,0.0,0.0,0.0,0.0,0.0,0.0,0.0,2.0,12.0,1.0,12.15,5.01,2.5,1.49,0.0,0.0,0.0,301.1,0.0,0.9,0.0,-0.1,95.8,0.0,0.0,264.2,0.0,21.700000000000003,16.5,16.5,18.0,300.0,300.0,29.200000000000003,31.700000000000003,27.9,27.200000000000003,29.1,4.96,1.99,4.96,0.16,0.0,0.0,1027.0,8228.0,0.0,0.0,0.0,0.0,0.0,1.0,0.0,0.0,0.0,0.0,0.0,0.1,0.0,0.0,0.0,0.0,16.0,25903.0
2026-07-30T18:57:18.269Z,7.752,7.764,0.0,7.4,0.0,0.0,0.0,0.0,0.0,0.0,0.0,0.0,1.0,0.0,0.0,0.0,9.0,4.0,0.0,0.0,0.0,0.0,0.0,0.0,0.0,0.0,3.0,12.0,1.0,12.15,5.01,2.5,1.49,0.0,0.0,0.0,301.1,0.0,-0.2,0.0,-0.7000000000000001,95.8,0.0,0.0,264.2,0.0,21.700000000000003,16.5,16.5,18.0,300.0,300.0,29.200000000000003,31.700000000000003,27.9,27.200000000000003,29.1,4.95,1.99,4.96,0.16,0.0,0.0,1027.0,8228.0,0.0,0.0,0.0,0.0,0.0,1.0,0.0,0.0,0.0,0.0,0.0,0.7000000000000001,0.0,0.5,0.0,0.0,16.0,25903.0
2026-07-30T18:57:18.281Z,7.764,7.776,0.0,7.4,0.0,0.0,0.0,0.0,0.0,0.0,0.0,0.0,1.0,0.0,0.0,0.0,9.0,4.0,0.0,0.0,0.0,0.0,0.0,0.0,0.0,0.0,4.0,12.0,1.0,12.15,5.01,2.5,1.49,0.0,0.0,0.0,301.1,0.0,0.3,0.0,-0.1,95.8,0.0,0.0,264.2,0.0,21.700000000000003,16.5,16.5,18.0,300.0,300.0,29.200000000000003,31.700000000000003,27.9,27.200000000000003,29.1,4.95,1.99,4.97,0.16,0.0,0.0,1027.0,8228.0,0.0,0.0,0.0,0.0,0.0,1.0,0.0,0.0,0.0,0.0,0.0,0.1,0.0,0.1,0.0,0.0,16.0,25903.0
2026-07-30T18:57:18.293Z,7.776,7.788,0.0,7.4,0.0,0.0,0.0,0.0,0.0,0.0,0.0,0.0,1.0,0.0,0.0,0.0,9.0,4.0,0.0,0.0,0.0,0.0,0.0,0.0,0.0,0.0,6.0,12.0,1.0,12.15,5.01,2.5,1.49,0.0,0.0,0.0,301.1,0.0,0.9,-0.5,-0.1,95.8,0.0,0.0,264.2,0.0,21.700000000000003,16.5,16.5,18.0,300.0,300.0,29.200000000000003,31.700000000000003,27.9,27.200000000000003,29.1,4.96,1.99,4.96,0.16,0.0,0.0,1027.0,8228.0,0.0,0.0,0.0,0.0,0.0,1.0,0.0,0.0,0.0,0.0,0.0,0.1,0.0,0.7000000000000001,0.0,0.0,16.0,25903.0
2026-07-30T18:57:18.305Z,7.788,7.8,0.0,7.4,0.0,0.0,0.0,0.0,0.0,0.0,0.0,0.0,1.0,0.0,0.0,0.0,9.0,4.0,0.0,0.0,0.0,0.0,0.0,0.0,0.0,0.0,1.0,12.0,1.0,12.15,5.01,2.5,1.49,0.0,0.0,0.0,301.1,0.0,-0.7000000000000001,-0.5,-0.7000000000000001,95.8,0.0,0.0,264.3,0.0,21.700000000000003,16.5,16.5,18.0,300.0,300.0,29.200000000000003,31.700000000000003,27.9,27.200000000000003,29.1,4.96,1.99,4.97,0.16,0.0,0.0,1027.0,8228.0,0.0,0.0,0.0,0.0,0.0,1.0,0.0,0.0,0.0,0.0,0.0,0.6000000000000001,0.0,1.1,0.0,0.0,16.0,25903.0
2026-07-30T18:57:18.317Z,7.8,7.812,0.0,7.4,0.0,0.0,0.0,0.0,0.0,0.0,0.0,0.0,1.0,0.0,0.0,0.0,9.0,4.0,0.0,0.0,0.0,0.0,0.0,0.0,0.0,0.0,2.0,12.0,1.0,12.15,5.01,2.5,1.49,0.0,0.0,0.0,301.1,0.0,0.4,0.6000000000000001,0.4,95.8,0.0,0.0,264.2,0.0,21.700000000000003,16.5,16.5,18.0,300.0,300.0,29.200000000000003,31.700000000000003,27.9,27.200000000000003,29.1,4.95,1.99,4.97,0.16,0.0,0.0,1027.0,8228.0,0.0,0.0,0.0,0.0,0.0,1.0,0.0,0.0,0.0,0.0,0.0,-0.3,0.0,-0.9,0.0,0.0,16.0,25903.0
2026-07-30T18:57:18.329Z,7.812,7.824,0.0,7.4,0.0,0.0,0.0,0.0,0.0,0.0,0.0,0.0,1.0,0.0,0.0,0.0,9.0,4.0,0.0,0.0,0.0,0.0,0.0,0.0,0.0,0.0,4.0,12.0,1.0,12.15,5.01,2.5,1.49,-0.1,0.1,0.0,301.1,0.0,0.9,-0.5,-0.2,95.8,0.0,0.0,264.2,0.0,21.700000000000003,16.5,16.5,18.0,300.0,300.0,29.200000000000003,31.700000000000003,27.9,27.200000000000003,29.1,4.96,1.99,4.96,0.16,0.0,0.0,1027.0,8228.0,0.0,0.0,0.0,0.0,0.0,1.0,0.0,0.0,0.0,0.0,0.0,0.1,0.0,0.8,0.0,0.0,16.0,25903.0
2026-07-30T18:57:18.341Z,7.824,7.836,0.0,7.4,0.0,0.0,0.0,0.0,0.0,0.0,0.0,0.0,1.0,0.0,0.0,0.0,9.0,4.0,0.0,0.0,0.0,0.0,0.0,0.0,0.0,0.0,5.0,12.0,1.0,12.15,5.01,2.5,1.49,0.0,0.0,0.0,301.1,0.0,0.4,0.0,0.9,95.8,0.0,0.0,264.2,0.0,21.700000000000003,16.5,16.5,18.0,300.0,300.0,29.200000000000003,31.700000000000003,27.9,27.200000000000003,29.1,4.96,1.99,4.96,0.16,0.0,0.0,1027.0,8228.0,0.0,0.0,0.0,0.0,0.0,1.0,0.0,0.0,0.0,0.0,0.0,-0.9,0.0,-0.6000000000000001,0.0,0.0,16.0,25903.0
2026-07-30T18:57:18.353Z,7.836,7.848,0.0,7.4,0.0,0.0,0.0,0.0,0.0,0.0,0.0,0.0,1.0,0.0,0.0,0.0,9.0,4.0,0.0,0.0,0.0,0.0,0.0,0.0,0.0,0.0,6.0,12.0,1.0,12.15,5.01,2.5,1.49,0.0,0.0,0.0,301.1,0.0,0.3,0.0,0.9,95.8,0.0,0.0,264.2,0.0,21.700000000000003,16.5,16.5,18.0,300.0,300.0,29.200000000000003,31.700000000000003,27.9,27.200000000000003,29.1,4.96,1.99,4.96,0.16,0.0,0.0,1027.0,8228.0,0.0,0.0,0.0,0.0,0.0,1.0,0.0,0.0,0.0,0.0,0.0,-0.8,0.0,-0.5,0.0,0.0,16.0,25903.0
2026-07-30T18:57:18.365Z,7.848,7.86,0.0,7.4,0.0,0.0,0.0,0.0,0.0,0.0,0.0,0.0,1.0,0.0,0.0,0.0,9.0,4.0,0.0,0.0,0.0,0.0,0.0,0.0,0.0,0.0,1.0,12.0,1.0,12.19,5.0200000000000005,2.51,1.49,0.0,0.0,0.0,301.1,0.0,-0.7000000000000001,0.0,0.3,95.8,0.0,0.0,264.2,0.0,21.3,16.6,16.6,18.2,300.0,300.0,29.200000000000003,31.700000000000003,28.0,27.200000000000003,29.1,4.95,1.99,4.96,0.16,0.0,0.0,1027.0,8228.0,0.0,0.0,0.0,0.0,0.0,1.0,0.0,0.0,0.0,0.0,0.0,-0.3,0.0,-0.2,0.0,0.0,16.0,25903.0
2026-07-30T18:57:18.377Z,7.86,7.872,0.0,7.4,0.0,0.0,0.0,0.0,0.0,0.0,0.0,0.0,1.0,0.0,0.0,0.0,9.0,4.0,0.0,0.0,0.0,0.0,0.0,0.0,0.0,0.0,2.0,12.0,1.0,12.19,5.0200000000000005,2.51,1.49,0.0,0.0,0.0,301.1,0.0,0.4,0.6000000000000001,0.3,95.8,0.0,0.0,264.2,0.0,21.3,16.6,16.6,18.2,300.0,300.0,29.200000000000003,31.700000000000003,28.0,27.200000000000003,29.1,4.96,1.99,4.97,0.16,0.0,0.0,1027.0,8228.0,0.0,0.0,0.0,0.0,0.0,1.0,0.0,0.0,0.0,0.0,0.0,-0.2,0.0,-0.9,0.0,0.0,16.0,25903.0
2026-07-30T18:57:18.389Z,7.872,7.884,0.0,7.4,0.0,0.0,0.0,0.0,0.0,0.0,0.0,0.0,1.0,0.0,0.0,0.0,9.0,4.0,0.0,0.0,0.0,0.0,0.0,0.0,0.0,0.0,3.0,12.0,1.0,12.19,5.0200000000000005,2.51,1.49,0.0,0.0,0.0,301.1,0.0,-0.1,-1.1,-0.7000000000000001,95.8,0.0,0.0,264.2,0.0,21.3,16.6,16.6,18.2,300.0,300.0,29.200000000000003,31.700000000000003,28.0,27.200000000000003,29.1,4.95,1.99,4.97,0.16,0.0,0.0,1027.0,8228.0,0.0,0.0,0.0,0.0,0.0,1.0,0.0,0.0,0.0,0.0,0.0,0.5,0.0,1.7000000000000002,0.0,0.0,16.0,25903.0
2026-07-30T18:57:18.401Z,7.884,7.896,0.0,7.4,0.0,0.0,0.0,0.0,0.0,0.0,0.0,0.0,1.0,0.0,0.0,0.0,9.0,4.0,0.0,0.0,0.0,0.0,0.0,0.0,0.0,0.0,3.0,12.0,1.0,12.19,5.0200000000000005,2.51,1.49,-0.1,0.0,0.0,301.1,0.0,-0.1,0.0,-0.7000000000000001,95.8,0.0,0.0,264.3,0.0,21.3,16.6,16.6,18.2,300.0,300.0,29.200000000000003,31.700000000000003,28.0,27.200000000000003,29.1,4.95,1.99,4.96,0.16,0.0,0.0,1027.0,8228.0,0.0,0.0,0.0,0.0,0.0,1.0,0.0,0.0,0.0,0.0,0.0,0.7000000000000001,0.0,0.4,0.0,0.0,16.0,25903.0
2026-07-30T18:57:18.413Z,7.896,7.908,0.0,7.4,0.0,0.0,0.0,0.0,0.0,0.0,0.0,0.0,1.0,0.0,0.0,0.0,9.0,4.0,0.0,0.0,0.0,0.0,0.0,0.0,0.0,0.0,5.0,12.0,1.0,12.19,5.0200000000000005,2.51,1.49,0.0,0.0,0.0,301.1,0.0,-0.6000000000000001,1.2000000000000002,-1.4,95.8,0.0,0.0,264.2,0.0,21.3,16.6,16.6,18.2,300.0,300.0,29.200000000000003,31.700000000000003,28.0,27.200000000000003,29.1,4.96,1.99,4.96,0.16,0.0,0.0,1027.0,8228.0,0.0,0.0,0.0,0.0,0.0,1.0,0.0,0.0,0.0,0.0,0.0,1.4,0.0,-0.4,0.0,0.0,16.0,25903.0
2026-07-30T18:57:18.425Z,7.908,7.92,0.0,7.4,0.0,0.0,0.0,0.0,0.0,0.0,0.0,0.0,1.0,0.0,0.0,0.0,9.0,4.0,0.0,0.0,0.0,0.0,0.0,0.0,0.0,0.0,6.0,12.0,1.0,12.19,5.0200000000000005,2.51,1.49,0.0,0.0,0.0,301.2,0.0,0.4,0.0,-0.2,95.8,0.0,0.0,264.2,0.0,21.3,16.6,16.6,18.2,300.0,300.0,29.200000000000003,31.700000000000003,28.0,27.200000000000003,29.1,4.95,1.99,4.96,0.16,0.0,0.0,1027.0,8228.0,0.0,0.0,0.0,0.0,0.0,1.0,0.0,0.0,0.0,0.0,0.0,0.2,0.0,0.1,0.0,0.0,16.0,25903.0
2026-07-30T18:57:18.437Z,7.92,7.932,0.0,7.4,0.0,0.0,0.0,0.0,0.0,0.0,0.0,0.0,1.0,0.0,0.0,0.0,9.0,4.0,0.0,0.0,0.0,0.0,0.0,0.0,0.0,0.0,1.0,12.0,1.0,12.19,5.0200000000000005,2.51,1.49,0.0,0.1,0.0,301.2,0.0,-0.1,0.0,-0.8,95.8,0.0,0.0,264.3,0.0,21.3,16.6,16.6,18.2,300.0,300.0,29.200000000000003,31.700000000000003,28.0,27.200000000000003,29.1,4.96,1.99,4.97,0.16,0.0,0.0,1027.0,8228.0,0.0,0.0,0.0,0.0,0.0,1.0,0.0,0.0,0.0,0.0,0.0,0.8,0.0,0.5,0.0,0.0,16.0,25903.0
2026-07-30T18:57:18.449Z,7.932,7.944,0.0,7.4,0.0,0.0,0.0,0.0,0.0,0.0,0.0,0.0,1.0,0.0,0.0,0.0,9.0,4.0,0.0,0.0,0.0,0.0,0.0,0.0,0.0,0.0,1.0,12.0,1.0,12.19,5.0200000000000005,2.51,1.49,0.0,0.0,0.0,301.1,0.0,-0.7000000000000001,-1.1,-0.2,95.8,0.0,0.0,264.2,0.0,21.3,16.6,16.6,18.2,300.0,300.0,29.200000000000003,31.700000000000003,28.0,27.200000000000003,29.1,4.96,2.0,4.96,0.16,0.0,0.0,1027.0,8228.0,0.0,0.0,0.0,0.0,0.0,1.0,0.0,0.0,0.0,0.0,0.0,0.1,0.0,1.5,0.0,0.0,16.0,25903.0
2026-07-30T18:57:18.462Z,7.945,7.956,0.0,7.4,0.0,0.0,0.0,0.0,0.0,0.0,0.0,0.0,1.0,0.0,0.0,0.0,9.0,4.0,0.0,0.0,0.0,0.0,0.0,0.0,0.0,0.0,2.0,12.0,1.0,12.14,5.01,2.51,1.49,0.0,0.0,0.0,301.1,0.0,0.3,0.6000000000000001,-0.2,95.8,0.0,0.0,264.2,0.0,21.3,16.8,16.8,18.3,300.0,300.0,29.200000000000003,31.700000000000003,28.0,27.200000000000003,29.1,4.96,1.99,4.96,0.16,0.0,0.0,1027.0,8228.0,0.0,0.0,0.0,0.0,0.0,1.0,0.0,0.0,0.0,0.0,0.0,0.3,0.0,-0.5,0.0,0.0,16.0,25903.0
2026-07-30T18:57:18.473Z,7.956,7.968,0.0,7.4,0.0,0.0,0.0,0.0,0.0,0.0,0.0,0.0,1.0,0.0,0.0,0.0,9.0,4.0,0.0,0.0,0.0,0.0,0.0,0.0,0.0,0.0,4.0,12.0,1.0,12.14,5.01,2.51,1.49,0.0,0.0,0.0,301.1,0.0,0.3,-0.5,0.3,95.8,0.0,0.0,264.2,0.0,21.3,16.8,16.8,18.3,300.0,300.0,29.200000000000003,31.700000000000003,28.0,27.200000000000003,29.1,4.95,1.99,4.97,0.16,0.0,0.0,1027.0,8228.0,0.0,0.0,0.0,0.0,0.0,1.0,0.0,0.0,0.0,0.0,0.0,-0.3,0.0,0.3,0.0,0.0,16.0,25903.0
2026-07-30T18:57:18.485Z,7.968,7.98,0.0,7.4,0.0,0.0,0.0,0.0,0.0,0.0,0.0,0.0,1.0,0.0,0.0,0.0,9.0,4.0,0.0,0.0,0.0,0.0,0.0,0.0,0.0,0.0,5.0,12.0,1.0,12.14,5.01,2.51,1.49,0.0,0.0,0.0,301.1,0.0,0.4,1.8,2.7,95.8,0.0,0.0,264.2,0.0,21.3,16.8,16.8,18.3,300.0,300.0,29.200000000000003,31.700000000000003,28.0,27.200000000000003,29.1,4.96,1.99,4.96,0.16,0.0,0.0,1027.0,8228.0,0.0,0.0,0.0,0.0,0.0,1.0,0.0,0.0,0.0,0.0,0.0,-2.3000000000000003,0.0,-3.9,0.0,0.0,16.0,25903.0
2026-07-30T18:57:18.497Z,7.98,7.992,0.0,7.4,0.0,0.0,0.0,0.0,0.0,0.0,0.0,0.0,1.0,0.0,0.0,0.0,9.0,4.0,0.0,0.0,0.0,0.0,0.0,0.0,0.0,0.0,6.0,12.0,1.0,12.14,5.01,2.51,1.49,0.0,0.1,0.0,301.1,0.0,0.4,1.2000000000000002,-1.3,95.8,0.0,0.0,264.2,0.0,21.3,16.8,16.8,18.3,300.0,300.0,29.200000000000003,31.700000000000003,28.0,27.200000000000003,29.1,4.96,1.99,4.96,0.16,0.0,0.0,1027.0,8228.0,0.0,0.0,0.0,0.0,0.0,1.0,0.0,0.0,0.0,0.0,0.0,1.4,0.0,-0.5,0.0,0.0,16.0,25903.0
2026-07-30T18:57:18.509Z,7.992,8.004,0.0,7.4,0.0,0.0,0.0,0.0,0.0,0.0,0.0,0.0,1.0,0.0,0.0,0.0,9.0,4.0,0.0,0.0,0.0,0.0,0.0,0.0,0.0,0.0,1.0,12.0,1.0,12.14,5.01,2.51,1.49,0.0,0.0,0.0,301.2,0.0,-0.1,0.6000000000000001,-0.8,95.8,0.0,0.0,264.2,0.0,21.3,16.8,16.8,18.3,300.0,300.0,29.200000000000003,31.700000000000003,28.0,27.200000000000003,29.1,4.95,1.99,4.96,0.16,0.0,0.0,1027.0,8228.0,0.0,0.0,0.0,0.0,0.0,1.0,0.0,0.0,0.0,0.0,0.0,0.8,0.0,-0.2,0.0,0.0,16.0,25903.0
2026-07-30T18:57:18.521Z,8.004,8.016,0.0,7.4,0.0,0.0,0.0,0.0,0.0,0.0,0.0,0.0,1.0,0.0,0.0,0.0,9.0,4.0,0.0,0.0,0.0,0.0,0.0,0.0,0.0,0.0,2.0,12.0,1.0,12.14,5.01,2.51,1.49,0.0,0.0,0.0,301.2,0.0,-0.7000000000000001,0.6000000000000001,0.3,95.8,0.0,0.0,264.3,0.0,21.3,16.8,16.8,18.3,300.0,300.0,29.200000000000003,31.700000000000003,28.0,27.200000000000003,29.1,4.96,1.99,4.97,0.16,0.0,0.0,1027.0,8228.0,0.0,0.0,0.0,0.0,0.0,1.0,0.0,0.0,0.0,0.0,0.0,-0.2,0.0,-1.0,0.0,0.0,16.0,25903.0
2026-07-30T18:57:18.533Z,8.016,8.028,0.0,7.4,0.0,0.0,0.0,0.0,0.0,0.0,0.0,0.0,1.0,0.0,0.0,0.0,9.0,4.0,0.0,0.0,0.0,0.0,0.0,0.0,0.0,0.0,3.0,12.0,1.0,12.14,5.01,2.51,1.49,0.0,0.0,0.0,301.2,0.0,0.3,-1.6,-0.2,95.8,0.0,0.0,264.2,0.0,21.3,16.8,16.8,18.3,300.0,300.0,29.200000000000003,31.700000000000003,28.0,27.200000000000003,29.1,4.96,1.99,4.96,0.16,0.0,0.0,1027.0,8228.0,0.0,0.0,0.0,0.0,0.0,1.0,0.0,0.0,0.0,0.0,0.0,0.0,0.0,2.0,0.0,0.0,16.0,25903.0
2026-07-30T18:57:18.545Z,8.028,8.040000000000001,0.0,7.4,0.0,0.0,0.0,0.0,0.0,0.0,0.0,0.0,1.0,0.0,0.0,0.0,9.0,4.0,0.0,0.0,0.0,0.0,0.0,0.0,0.0,0.0,4.0,12.0,1.0,12.14,5.01,2.51,1.49,0.0,0.0,0.0,301.1,0.0,0.3,-0.5,0.3,95.8,0.0,0.0,264.2,0.0,21.3,16.8,16.8,18.3,300.0,300.0,29.200000000000003,31.700000000000003,28.0,27.200000000000003,29.1,4.96,1.99,4.96,0.16,0.0,0.0,1027.0,8228.0,0.0,0.0,0.0,0.0,0.0,1.0,0.0,0.0,0.0,0.0,0.0,-0.4,0.0,0.3,0.0,0.0,16.0,25903.0
2026-07-30T18:57:18.557Z,8.04,8.052,0.0,7.4,0.0,0.0,0.0,0.0,0.0,0.0,0.0,0.0,1.0,0.0,0.0,0.0,9.0,4.0,0.0,0.0,0.0,0.0,0.0,0.0,0.0,0.0,4.0,12.0,1.0,12.14,5.01,2.51,1.49,0.0,0.0,0.0,301.1,0.0,0.9,0.6000000000000001,-0.8,95.8,0.0,0.0,264.2,0.0,21.3,16.8,16.8,18.3,300.0,300.0,29.200000000000003,31.700000000000003,28.0,27.200000000000003,29.1,4.95,1.98,4.96,0.16,0.0,0.0,1027.0,8228.0,0.0,0.0,0.0,0.0,0.0,1.0,0.0,0.0,0.0,0.0,0.0,0.8,0.0,-0.1,0.0,0.0,16.0,25903.0
2026-07-30T18:57:18.569Z,8.052,8.064,0.0,7.4,0.0,0.0,0.0,0.0,0.0,0.0,0.0,0.0,1.0,0.0,0.0,0.0,9.0,4.0,0.0,0.0,0.0,0.0,0.0,0.0,0.0,0.0,5.0,12.0,1.0,12.17,5.01,2.5,1.49,0.0,0.0,0.0,301.1,0.0,0.3,0.6000000000000001,-0.8,95.8,0.0,0.0,264.2,0.0,20.6,16.900000000000002,16.900000000000002,18.5,300.0,300.0,29.200000000000003,31.8,28.0,27.200000000000003,29.1,4.96,1.98,4.96,0.16,0.0,0.0,1027.0,8228.0,0.0,0.0,0.0,0.0,0.0,1.0,0.0,0.0,0.0,0.0,0.0,0.8,0.0,-0.1,0.0,0.0,16.0,25903.0
2026-07-30T18:57:18.581Z,8.064,8.076,0.0,7.4,0.0,0.0,0.0,0.0,0.0,0.0,0.0,0.0,1.0,0.0,0.0,0.0,9.0,4.0,0.0,0.0,0.0,0.0,0.0,0.0,0.0,0.0,6.0,12.0,1.0,12.17,5.01,2.5,1.49,0.0,0.0,0.0,301.2,0.0,-0.2,-1.1,-0.2,95.8,0.0,0.0,264.2,0.0,20.6,16.900000000000002,16.900000000000002,18.5,300.0,300.0,29.200000000000003,31.8,28.0,27.200000000000003,29.1,4.95,1.99,4.96,0.16,0.0,0.0,1027.0,8228.0,0.0,0.0,0.0,0.0,0.0,1.0,0.0,0.0,0.0,0.0,0.0,0.0,0.0,1.5,0.0,0.0,16.0,25903.0
2026-07-30T18:57:18.593Z,8.076,8.088000000000001,0.0,7.4,0.0,0.0,0.0,0.0,0.0,0.0,0.0,0.0,1.0,0.0,0.0,0.0,9.0,4.0,0.0,0.0,0.0,0.0,0.0,0.0,0.0,0.0,1.0,12.0,1.0,12.17,5.01,2.5,1.49,0.0,0.0,0.0,301.1,0.0,0.3,0.0,0.8,95.8,0.0,0.0,264.2,0.0,20.6,16.900000000000002,16.900000000000002,18.5,300.0,300.0,29.200000000000003,31.8,28.0,27.200000000000003,29.1,4.95,1.99,4.97,0.16,0.0,0.0,1027.0,8228.0,0.0,0.0,0.0,0.0,0.0,1.0,0.0,0.0,0.0,0.0,0.0,-0.8,0.0,-0.5,0.0,0.0,16.0,25903.0
2026-07-30T18:57:18.605Z,8.088,8.1,0.0,7.4,0.0,0.0,0.0,0.0,0.0,0.0,0.0,0.0,1.0,0.0,0.0,0.0,9.0,4.0,0.0,0.0,0.0,0.0,0.0,0.0,0.0,0.0,2.0,12.0,1.0,12.17,5.01,2.5,1.49,0.0,0.0,0.0,301.1,0.0,0.8,0.5,0.2,95.8,0.0,0.0,264.2,0.0,20.6,16.900000000000002,16.900000000000002,18.5,300.0,300.0,29.200000000000003,31.8,28.0,27.200000000000003,29.1,4.95,1.99,4.97,0.16,0.0,0.0,1027.0,8228.0,0.0,0.0,0.0,0.0,0.0,1.0,0.0,0.0,0.0,0.0,0.0,-0.1,0.0,-0.7000000000000001,0.0,0.0,16.0,25903.0
2026-07-30T18:57:18.617Z,8.1,8.112,0.0,7.4,0.0,0.0,0.0,0.0,0.0,0.0,0.0,0.0,1.0,0.0,0.0,0.0,9.0,4.0,0.0,0.0,0.0,0.0,0.0,0.0,0.0,0.0,3.0,12.0,1.0,12.17,5.01,2.5,1.49,0.0,0.0,0.0,301.1,0.0,0.2,0.0,-0.9,95.8,0.0,0.0,264.3,0.0,20.6,16.900000000000002,16.900000000000002,18.5,300.0,300.0,29.200000000000003,31.8,28.0,27.200000000000003,29.1,4.96,1.99,4.96,0.16,0.0,0.0,1027.0,8228.0,0.0,0.0,0.0,0.0,0.0,1.0,0.0,0.0,0.0,0.0,0.0,0.8,0.0,0.7000000000000001,0.0,0.0,16.0,25903.0
2026-07-30T18:57:18.629Z,8.112,8.124,0.0,7.4,0.0,0.0,0.0,0.0,0.0,0.0,0.0,0.0,1.0,0.0,0.0,0.0,9.0,4.0,0.0,0.0,0.0,0.0,0.0,0.0,0.0,0.0,4.0,12.0,1.0,12.17,5.01,2.5,1.49,0.0,0.0,0.0,301.1,0.0,-0.9,-1.8,-0.8,95.8,0.0,0.0,264.2,0.0,20.6,16.900000000000002,16.900000000000002,18.5,300.0,300.0,29.200000000000003,31.8,28.0,27.200000000000003,29.1,4.95,1.99,4.97,0.16,0.0,0.0,1027.0,8228.0,0.0,0.0,0.0,0.0,0.0,1.0,0.0,0.0,0.0,0.0,0.0,0.6000000000000001,0.0,2.7,0.0,0.0,16.0,25903.0
2026-07-30T18:57:18.641Z,8.124,8.136000000000001,0.0,7.4,0.0,0.0,0.0,0.0,0.0,0.0,0.0,0.0,1.0,0.0,0.0,0.0,9.0,4.0,0.0,0.0,0.0,0.0,0.0,0.0,0.0,0.0,5.0,12.0,1.0,12.17,5.01,2.5,1.49,0.0,0.0,0.0,301.1,0.0,-0.3,0.0,0.8,95.8,0.0,0.0,264.2,0.0,20.6,16.900000000000002,16.900000000000002,18.5,300.0,300.0,29.200000000000003,31.8,28.0,27.200000000000003,29.1,4.95,1.99,4.96,0.16,0.0,0.0,1027.0,8228.0,0.0,0.0,0.0,0.0,0.0,1.0,0.0,0.0,0.0,0.0,0.0,-0.8,0.0,-0.5,0.0,0.0,16.0,25903.0
2026-07-30T18:57:18.653Z,8.136,8.148,0.0,7.4,0.0,0.0,0.0,0.0,0.0,0.0,0.0,0.0,1.0,0.0,0.0,0.0,9.0,4.0,0.0,0.0,0.0,0.0,0.0,0.0,0.0,0.0,6.0,12.0,1.0,12.17,5.01,2.5,1.49,0.0,0.0,0.0,301.1,0.0,0.2,0.5,-1.3,95.8,0.0,0.0,264.2,0.0,20.6,16.900000000000002,16.900000000000002,18.5,300.0,300.0,29.200000000000003,31.8,28.0,27.200000000000003,29.1,4.96,1.99,4.96,0.16,0.0,0.0,1027.0,8228.0,0.0,0.0,0.0,0.0,0.0,1.0,0.0,0.0,0.0,0.0,0.0,1.3,0.0,0.3,0.0,0.0,16.0,25903.0
2026-07-30T18:57:18.666Z,8.149,8.16,0.0,7.4,0.0,0.0,0.0,0.0,0.0,0.0,0.0,0.0,1.0,0.0,0.0,0.0,9.0,4.0,0.0,0.0,0.0,0.0,0.0,0.0,0.0,0.0,1.0,12.0,1.0,12.18,5.0200000000000005,2.51,1.49,0.0,0.0,0.0,301.1,0.0,0.2,0.5,0.9,95.8,0.0,0.0,264.2,0.0,21.700000000000003,17.1,17.1,18.6,300.0,300.0,29.3,31.8,28.0,27.200000000000003,29.1,4.95,1.99,4.96,0.16,0.0,0.0,1027.0,8228.0,0.0,0.0,0.0,0.0,0.0,1.0,0.0,0.0,0.0,0.0,0.0,-0.8,0.0,-1.2000000000000002,0.0,0.0,16.0,25903.0
2026-07-30T18:57:18.677Z,8.16,8.172,0.0,7.4,0.0,0.0,0.0,0.0,0.0,0.0,0.0,0.0,1.0,0.0,0.0,0.0,9.0,4.0,0.0,0.0,0.0,0.0,0.0,0.0,0.0,0.0,2.0,12.0,1.0,12.18,5.0200000000000005,2.51,1.49,0.0,0.0,0.0,301.1,0.0,0.2,0.0,1.4,95.8,0.0,0.0,264.2,0.0,21.700000000000003,17.1,17.1,18.6,300.0,300.0,29.3,31.8,28.0,27.200000000000003,29.1,4.95,1.99,4.97,0.16,0.0,0.0,1027.0,8228.0,0.0,0.0,0.0,0.0,0.0,1.0,0.0,0.0,0.0,0.0,0.0,-1.3,0.0,-0.8,0.0,0.0,16.0,25903.0
2026-07-30T18:57:18.689Z,8.172,8.184000000000001,0.0,7.4,0.0,0.0,0.0,0.0,0.0,0.0,0.0,0.0,1.0,0.0,0.0,0.0,9.0,4.0,0.0,0.0,0.0,0.0,0.0,0.0,0.0,0.0,4.0,12.0,1.0,12.18,5.0200000000000005,2.51,1.49,0.0,0.0,0.0,301.2,0.0,-0.3,0.0,-1.5,95.8,0.0,0.0,264.2,0.0,21.700000000000003,17.1,17.1,18.6,300.0,300.0,29.3,31.8,28.0,27.200000000000003,29.1,4.95,1.99,4.96,0.16,0.0,0.0,1027.0,8228.0,0.0,0.0,0.0,0.0,0.0,1.0,0.0,0.0,0.0,0.0,0.0,0.8,0.0,0.7000000000000001,0.0,0.0,16.0,25903.0
2026-07-30T18:57:18.701Z,8.184,8.196,0.1,7.4,0.0,0.0,0.0,0.0,0.0,0.0,0.0,0.0,1.0,0.0,0.0,0.0,9.0,4.0,0.0,0.0,0.0,0.0,0.0,0.0,0.0,0.0,5.0,12.0,1.0,12.18,5.0200000000000005,2.51,1.49,0.0,0.0,0.0,301.2,0.0,0.2,0.5,-0.3,95.8,0.0,0.0,264.2,0.0,21.700000000000003,17.1,17.1,18.6,300.0,300.0,29.3,31.8,28.0,27.200000000000003,29.1,4.95,1.99,4.96,0.16,0.0,0.0,1027.0,8228.0,0.0,0.0,0.0,0.0,0.0,1.0,0.0,0.0,0.0,0.0,0.0,-0.2,0.0,0.0,0.0,0.0,16.0,25903.0
2026-07-30T18:57:18.713Z,8.196,8.208,0.1,7.4,0.0,0.0,0.0,0.0,0.0,0.0,0.0,0.0,1.0,0.0,0.0,0.0,9.0,4.0,0.0,0.0,0.0,0.0,0.0,0.0,0.0,0.0,6.0,12.0,1.0,12.18,5.0200000000000005,2.51,1.49,0.0,0.0,0.0,301.1,0.0,0.2,-0.6000000000000001,-0.8,95.8,0.0,0.0,264.2,0.0,21.700000000000003,17.1,17.1,18.6,300.0,300.0,29.3,31.8,28.0,27.200000000000003,29.1,4.95,1.99,4.97,0.16,0.0,0.0,1027.0,8228.0,0.0,0.0,0.0,0.0,0.0,1.0,0.0,0.0,0.0,0.0,0.0,-0.2,0.0,-0.1,0.0,0.0,16.0,25903.0
2026-07-30T18:57:18.725Z,8.208,8.22,0.1,7.4,0.0,0.0,0.0,0.0,0.0,0.0,0.0,0.0,1.0,0.0,0.0,0.0,9.0,4.0,0.0,0.0,0.0,0.0,0.0,0.0,0.0,0.0,6.0,12.0,1.0,12.18,5.0200000000000005,2.51,1.49,0.0,0.0,0.0,301.1,0.0,0.2,-0.6000000000000001,-0.3,95.8,0.0,0.0,264.2,0.0,21.700000000000003,17.1,17.1,18.6,300.0,300.0,29.3,31.8,28.0,27.200000000000003,29.1,4.95,1.99,4.96,0.16,0.0,0.0,1027.0,8228.0,0.0,0.0,0.0,0.0,0.0,1.0,0.0,0.0,0.0,0.0,0.0,0.2,0.0,0.9,0.0,0.0,16.0,25903.0
2026-07-30T18:57:18.737Z,8.22,8.232,0.0,7.4,0.0,0.0,0.0,0.0,0.0,0.0,0.0,0.0,1.0,0.0,0.0,0.0,9.0,4.0,0.0,0.0,0.0,0.0,0.0,0.0,0.0,0.0,2.0,12.0,1.0,12.18,5.0200000000000005,2.51,1.49,0.0,0.0,0.0,301.1,0.0,0.2,-0.6000000000000001,-0.2,95.8,0.0,0.0,264.2,0.0,21.700000000000003,17.1,17.1,18.6,300.0,300.0,29.3,31.8,28.0,27.200000000000003,29.1,4.95,1.99,4.96,0.16,0.0,0.0,1027.0,8228.0,0.0,0.0,0.0,0.0,0.0,1.0,0.0,0.0,0.0,0.0,0.0,0.2,0.0,0.9,0.0,0.0,16.0,25903.0
2026-07-30T18:57:18.749Z,8.232,8.244,0.1,7.4,0.0,0.0,0.0,0.0,0.0,0.0,0.0,0.0,1.0,0.0,0.0,0.0,9.0,4.0,0.0,0.0,0.0,0.0,0.0,0.0,0.0,0.0,3.0,12.0,1.0,12.18,5.0200000000000005,2.51,1.49,0.0,0.0,0.0,301.1,0.0,0.2,1.1,0.2,95.8,0.0,0.0,264.40000000000003,0.0,21.700000000000003,17.1,17.1,18.6,300.0,300.0,29.3,31.8,28.0,27.200000000000003,29.1,4.95,1.99,4.96,0.16,0.0,0.0,1027.0,8228.0,0.0,0.0,0.0,0.0,0.0,1.0,0.0,0.0,0.0,0.0,0.0,-0.1,0.0,-1.5,0.0,0.0,16.0,25903.0
2026-07-30T18:57:18.761Z,8.244,8.256,0.0,7.4,0.0,0.0,0.0,0.0,0.0,0.0,0.0,0.0,1.0,0.0,0.0,0.0,9.0,4.0,0.0,0.0,0.0,0.0,0.0,0.0,0.0,0.0,3.0,12.0,1.0,12.18,5.0200000000000005,2.51,1.49,0.0,0.0,0.0,301.1,0.0,0.1,0.0,0.2,95.8,0.0,0.0,264.2,0.0,21.700000000000003,17.1,17.1,18.6,300.0,300.0,29.3,31.8,28.0,27.200000000000003,29.1,4.95,1.99,4.96,0.16,0.0,0.0,1027.0,8228.0,0.0,0.0,0.0,0.0,0.0,1.0,0.0,0.0,0.0,0.0,0.0,-0.2,0.0,0.0,0.0,0.0,16.0,25903.0
2026-07-30T18:57:18.773Z,8.256,8.268,0.0,7.4,0.0,0.0,0.0,0.0,0.0,0.0,0.0,0.0,1.0,0.0,0.0,0.0,9.0,4.0,0.0,0.0,0.0,0.0,0.0,0.0,0.0,0.0,4.0,12.0,1.0,12.15,5.01,2.51,1.49,0.0,0.0,0.0,301.2,0.0,0.1,0.0,0.2,95.8,0.0,0.0,264.2,0.0,21.4,17.2,17.2,18.8,300.0,300.0,29.200000000000003,31.700000000000003,27.9,27.200000000000003,29.1,4.95,1.99,4.96,0.16,0.0,0.0,1027.0,8228.0,0.0,0.0,0.0,0.0,0.0,1.0,0.0,0.0,0.0,0.0,0.0,-0.2,0.0,0.0,0.0,0.0,16.0,25903.0
2026-07-30T18:57:18.785Z,8.268,8.28,0.0,7.4,0.0,0.0,0.0,0.0,0.0,0.0,0.0,0.0,1.0,0.0,0.0,0.0,9.0,4.0,0.0,0.0,0.0,0.0,0.0,0.0,0.0,0.0,5.0,12.0,1.0,12.15,5.01,2.51,1.49,0.0,0.0,0.0,301.1,0.0,-0.3,0.0,-0.8,95.8,0.0,0.0,264.2,0.0,21.4,17.2,17.2,18.8,300.0,300.0,29.200000000000003,31.700000000000003,27.9,27.200000000000003,29.1,4.95,1.99,4.96,0.16,0.0,0.0,1027.0,8228.0,0.0,0.0,0.0,0.0,0.0,1.0,0.0,0.0,0.0,0.0,0.0,0.8,0.0,0.6000000000000001,0.0,0.0,16.0,25903.0
2026-07-30T18:57:18.797Z,8.28,8.292,0.1,7.4,0.0,0.0,0.0,0.0,0.0,0.0,0.0,0.0,1.0,0.0,0.0,0.0,9.0,4.0,0.0,0.0,0.0,0.0,0.0,0.0,0.0,0.0,5.0,12.0,1.0,12.15,5.01,2.51,1.49,0.0,0.0,0.0,301.1,0.0,0.1,2.2,0.8,95.8,0.0,0.0,264.2,0.0,21.4,17.2,17.2,18.8,300.0,300.0,29.200000000000003,31.700000000000003,27.9,27.200000000000003,29.1,4.95,1.99,4.96,0.16,0.0,0.0,1027.0,8228.0,0.0,0.0,0.0,0.0,0.0,1.0,0.0,0.0,0.0,0.0,0.0,-0.5,0.0,-3.1,0.0,0.0,16.0,25903.0
2026-07-30T18:57:18.809Z,8.292,8.304,0.1,7.4,0.0,0.0,0.0,0.0,0.0,0.0,0.0,0.0,1.0,0.0,0.0,0.0,9.0,4.0,0.0,0.0,0.0,0.0,0.0,0.0,0.0,0.0,1.0,12.0,1.0,12.15,5.01,2.51,1.49,0.0,0.0,0.0,301.1,0.0,0.1,-0.6000000000000001,-0.3,95.8,0.0,0.0,264.2,0.0,21.4,17.2,17.2,18.8,300.0,300.0,29.200000000000003,31.700000000000003,27.9,27.200000000000003,29.1,4.96,1.99,4.96,0.16,0.0,0.0,1027.0,8228.0,0.0,0.0,0.0,0.0,0.0,1.0,0.0,0.0,0.0,0.0,0.0,0.2,0.0,1.0,0.0,0.0,16.0,25903.0
2026-07-30T18:57:18.821Z,8.304,8.316,0.0,7.4,0.0,0.0,0.0,0.0,0.0,0.0,0.0,0.0,1.0,0.0,0.0,0.0,9.0,4.0,0.0,0.0,0.0,0.0,0.0,0.0,0.0,0.0,2.0,12.0,1.0,12.15,5.01,2.51,1.49,0.0,0.0,0.0,301.1,0.0,0.1,-1.2000000000000002,-0.8,95.8,0.0,0.0,264.2,0.0,21.4,17.2,17.2,18.8,300.0,300.0,29.200000000000003,31.700000000000003,27.9,27.200000000000003,29.1,4.95,2.0,4.97,0.16,0.0,0.0,1027.0,8228.0,0.0,0.0,0.0,0.0,0.0,1.0,0.0,0.0,0.0,0.0,0.0,0.6000000000000001,0.0,1.9,0.0,0.0,16.0,25903.0
2026-07-30T18:57:18.833Z,8.316,8.328,0.0,7.4,0.0,0.0,0.0,0.0,0.0,0.0,0.0,0.0,1.0,0.0,0.0,0.0,9.0,4.0,0.0,0.0,0.0,0.0,0.0,0.0,0.0,0.0,2.0,12.0,1.0,12.15,5.01,2.51,1.49,0.0,0.0,0.0,301.1,0.0,0.1,0.5,0.2,95.8,0.0,0.0,264.3,0.0,21.4,17.2,17.2,18.8,300.0,300.0,29.200000000000003,31.700000000000003,27.9,27.200000000000003,29.1,4.95,1.99,4.96,0.16,0.0,0.0,1027.0,8228.0,0.0,0.0,0.0,0.0,0.0,1.0,0.0,0.0,0.0,0.0,0.0,-0.1,0.0,-0.8,0.0,0.0,16.0,25903.0
2026-07-30T18:57:18.845Z,8.328,8.34,0.0,7.4,0.0,0.0,0.0,0.0,0.0,0.0,0.0,0.0,1.0,0.0,0.0,0.0,9.0,4.0,0.0,0.0,0.0,0.0,0.0,0.0,0.0,0.0,3.0,12.0,1.0,12.15,5.01,2.51,1.49,0.0,0.0,0.0,301.1,0.0,0.1,0.5,-0.8,95.8,0.0,0.0,264.2,0.0,21.4,17.2,17.2,18.8,300.0,300.0,29.200000000000003,31.700000000000003,27.9,27.200000000000003,29.1,4.95,1.99,4.96,0.16,0.0,0.0,1027.0,8228.0,0.0,0.0,0.0,0.0,0.0,1.0,0.0,0.0,0.0,0.0,0.0,0.8,0.0,0.0,0.0,0.0,16.0,25903.0
2026-07-30T18:57:18.857Z,8.34,8.352,0.1,7.4,0.0,0.0,0.0,0.0,0.0,0.0,0.0,0.0,1.0,0.0,0.0,0.0,9.0,4.0,0.0,0.0,0.0,0.0,0.0,0.0,0.0,0.0,4.0,12.0,1.0,12.15,5.01,2.51,1.49,0.0,0.0,0.0,301.1,0.0,-0.3,0.0,-0.2,95.8,0.0,0.0,264.2,0.0,21.4,17.2,17.2,18.8,300.0,300.0,29.200000000000003,31.700000000000003,27.9,27.200000000000003,29.1,4.96,1.99,4.96,0.16,0.0,0.0,1027.0,8228.0,0.0,0.0,0.0,0.0,0.0,1.0,0.0,0.0,0.0,0.0,0.0,0.2,0.0,0.2,0.0,0.0,16.0,25903.0
2026-07-30T18:57:18.870Z,8.353,8.364,0.0,7.4,0.0,0.0,0.0,0.0,0.0,0.0,0.0,0.0,1.0,0.0,0.0,0.0,9.0,4.0,0.0,0.0,0.0,0.0,0.0,0.0,0.0,0.0,5.0,12.0,1.0,12.17,5.01,2.51,1.5,0.0,0.0,0.0,301.1,0.0,0.2,-0.6000000000000001,-0.8,95.8,0.0,0.0,264.2,0.0,21.700000000000003,17.3,17.3,18.9,300.0,300.0,29.200000000000003,31.8,27.9,27.200000000000003,29.1,4.95,1.99,4.97,0.16,0.0,0.0,1027.0,8228.0,0.0,0.0,0.0,0.0,0.0,1.0,0.0,0.0,0.0,0.0,0.0,0.7000000000000001,0.0,1.3,0.0,0.0,16.0,25903.0
2026-07-30T18:57:18.882Z,8.365,8.376,0.0,7.4,0.0,0.0,0.0,0.0,0.0,0.0,0.0,0.0,1.0,0.0,0.0,0.0,9.0,4.0,0.0,0.0,0.0,0.0,0.0,0.0,0.0,0.0,6.0,12.0,1.0,12.17,5.01,2.51,1.5,0.0,0.1,0.0,301.1,0.0,1.3,0.5,0.2,95.8,0.0,0.0,264.2,0.0,21.700000000000003,17.3,17.3,18.9,300.0,300.0,29.200000000000003,31.8,27.9,27.200000000000003,29.1,4.95,2.0,4.96,0.16,0.0,0.0,1027.0,8228.0,0.0,0.0,0.0,0.0,0.0,1.0,0.0,0.0,0.0,0.0,0.0,-0.1,0.0,-0.7000000000000001,0.0,0.0,16.0,25903.0
2026-07-30T18:57:18.893Z,8.376,8.388,0.0,7.4,0.0,0.0,0.0,0.0,0.0,0.0,0.0,0.0,1.0,0.0,0.0,0.0,9.0,4.0,0.0,0.0,0.0,0.0,0.0,0.0,0.0,0.0,1.0,12.0,1.0,12.17,5.01,2.51,1.5,0.0,0.0,0.0,301.1,0.0,-0.3,0.5,-0.3,95.8,0.0,0.0,264.2,0.0,21.700000000000003,17.3,17.3,18.9,300.0,300.0,29.200000000000003,31.8,27.9,27.200000000000003,29.1,4.95,2.0,4.96,0.16,0.0,0.0,1027.0,8228.0,0.0,0.0,0.0,0.0,0.0,1.0,0.0,0.0,0.0,0.0,0.0,0.3,0.0,-0.3,0.0,0.0,16.0,25903.0
2026-07-30T18:57:18.905Z,8.388,8.4,0.1,7.4,0.0,0.0,0.0,0.0,0.0,0.0,0.0,0.0,1.0,0.0,0.0,0.0,9.0,4.0,0.0,0.0,0.0,0.0,0.0,0.0,0.0,0.0,2.0,12.0,1.0,12.17,5.01,2.51,1.5,0.0,0.0,0.0,301.1,0.0,0.8,-0.6000000000000001,0.9,95.8,0.0,0.0,264.2,0.0,21.700000000000003,17.3,17.3,18.9,300.0,300.0,29.200000000000003,31.8,27.9,27.200000000000003,29.1,4.95,2.0,4.96,0.16,0.0,0.0,1027.0,8228.0,0.0,0.0,0.0,0.0,0.0,1.0,0.0,0.0,0.0,0.0,0.0,-0.9,0.0,0.0,0.0,0.0,16.0,25903.0
2026-07-30T18:57:18.917Z,8.4,8.412,0.0,7.4,0.0,0.0,0.0,0.0,0.0,0.0,0.0,0.0,1.0,0.0,0.0,0.0,9.0,4.0,0.0,0.0,0.0,0.0,0.0,0.0,0.0,0.0,3.0,12.0,1.0,12.17,5.01,2.51,1.5,0.0,0.0,0.0,301.1,0.0,-0.3,-0.6000000000000001,-0.2,95.8,0.0,0.0,264.2,0.0,21.700000000000003,17.3,17.3,18.9,300.0,300.0,29.200000000000003,31.8,27.9,27.200000000000003,29.1,4.95,1.99,4.97,0.16,0.0,0.0,1027.0,8228.0,0.0,0.0,0.0,0.0,0.0,1.0,0.0,0.0,0.0,0.0,0.0,0.1,0.0,0.8,0.0,0.0,16.0,25903.0
2026-07-30T18:57:18.929Z,8.412,8.424,0.0,7.4,0.0,0.0,0.0,0.0,0.0,0.0,0.0,0.0,1.0,0.0,0.0,0.0,9.0,4.0,0.0,0.0,0.0,0.0,0.0,0.0,0.0,0.0,4.0,12.0,1.0,12.17,5.01,2.51,1.5,0.0,0.0,0.0,301.1,0.0,0.2,0.0,-0.8,95.8,0.0,0.0,264.2,0.0,21.700000000000003,17.3,17.3,18.9,300.0,300.0,29.200000000000003,31.8,27.9,27.200000000000003,29.1,4.95,1.99,4.96,0.16,0.0,0.0,1027.0,8228.0,0.0,0.0,0.0,0.0,0.0,1.0,0.0,0.0,0.0,0.0,0.0,0.7000000000000001,0.0,0.5,0.0,0.0,16.0,25903.0
2026-07-30T18:57:18.941Z,8.424,8.436,0.0,7.4,0.0,0.0,0.0,0.0,0.0,0.0,0.0,0.0,1.0,0.0,0.0,0.0,9.0,4.0,0.0,0.0,0.0,0.0,0.0,0.0,0.0,0.0,5.0,12.0,1.0,12.17,5.01,2.51,1.5,0.0,0.0,0.0,301.1,0.0,-0.3,-0.6000000000000001,-0.2,95.8,0.0,0.0,264.2,0.0,21.700000000000003,17.3,17.3,18.9,300.0,300.0,29.200000000000003,31.8,27.9,27.200000000000003,29.1,4.96,1.99,4.96,0.16,0.0,0.0,1027.0,8228.0,0.0,0.0,0.0,0.0,0.0,1.0,0.0,0.0,0.0,0.0,0.0,0.1,0.0,0.8,0.0,0.0,16.0,25903.0
2026-07-30T18:57:18.953Z,8.436,8.448,0.0,7.4,0.0,0.0,0.0,0.0,0.0,0.0,0.0,0.0,1.0,0.0,0.0,0.0,9.0,4.0,0.0,0.0,0.0,0.0,0.0,0.0,0.0,0.0,6.0,12.0,1.0,12.17,5.01,2.51,1.5,0.0,0.0,0.0,301.2,0.0,-0.3,0.0,0.3,95.8,0.0,0.0,264.2,0.0,21.700000000000003,17.3,17.3,18.9,300.0,300.0,29.200000000000003,31.8,27.9,27.200000000000003,29.1,4.95,1.99,4.97,0.16,0.0,0.0,1027.0,8228.0,0.0,0.0,0.0,0.0,0.0,1.0,0.0,0.0,0.0,0.0,0.0,-0.3,0.0,-0.2,0.0,0.0,16.0,25903.0
2026-07-30T18:57:18.965Z,8.448,8.46,0.0,7.4,0.0,0.0,0.0,0.0,0.0,0.0,0.0,0.0,1.0,0.0,0.0,0.0,9.0,4.0,0.0,0.0,0.0,0.0,0.0,0.0,0.0,0.0,1.0,12.0,1.0,12.17,5.01,2.51,1.5,0.0,0.0,0.0,301.1,0.0,-0.3,-0.6000000000000001,0.9,95.8,0.0,0.0,264.2,0.0,21.700000000000003,17.3,17.3,18.9,300.0,300.0,29.200000000000003,31.8,27.9,27.200000000000003,29.1,4.96,1.99,4.96,0.16,0.0,0.0,1027.0,8228.0,0.0,0.0,0.0,0.0,0.0,1.0,0.0,0.0,0.0,0.0,0.0,-0.9,0.0,0.0,0.0,0.0,16.0,25903.0
2026-07-30T18:57:18.977Z,8.46,8.472,0.0,7.4,0.0,0.0,0.0,0.0,0.0,0.0,0.0,0.0,1.0,0.0,0.0,0.0,9.0,4.0,0.0,0.0,0.0,0.0,0.0,0.0,0.0,0.0,2.0,12.0,1.0,12.18,5.01,2.5,1.49,0.0,0.0,0.0,301.1,0.0,-1.0,0.0,1.5,95.8,0.0,0.0,264.2,0.0,20.9,17.5,17.5,19.0,300.0,300.0,29.200000000000003,31.8,28.0,27.200000000000003,29.1,4.96,2.0,4.97,0.16,0.0,0.0,1027.0,8228.0,0.0,0.0,0.0,0.0,0.0,1.0,0.0,0.0,0.0,0.0,0.0,-1.4,0.0,-1.0,0.0,0.0,16.0,25903.0
2026-07-30T18:57:18.989Z,8.472,8.484,0.0,7.4,0.0,0.0,0.0,0.0,0.0,0.0,0.0,0.0,1.0,0.0,0.0,0.0,9.0,4.0,0.0,0.0,0.0,0.0,0.0,0.0,0.0,0.0,3.0,12.0,1.0,12.18,5.01,2.5,1.49,0.0,0.0,0.0,301.2,0.0,-0.3,-0.5,-1.4,95.8,0.0,0.0,264.2,0.0,20.9,17.5,17.5,19.0,300.0,300.0,29.200000000000003,31.8,28.0,27.200000000000003,29.1,4.95,1.99,4.97,0.16,0.0,0.0,1027.0,8228.0,0.0,0.0,0.0,0.0,0.0,1.0,0.0,0.0,0.0,0.0,0.0,1.2000000000000002,0.0,1.5,0.0,0.0,16.0,25903.0
2026-07-30T18:57:19.001Z,8.484,8.496,0.0,7.4,0.0,0.0,0.0,0.0,0.0,0.0,0.0,0.0,1.0,0.0,0.0,0.0,9.0,4.0,0.0,0.0,0.0,0.0,0.0,0.0,0.0,0.0,4.0,12.0,1.0,12.18,5.01,2.5,1.49,0.0,0.0,0.0,301.1,0.0,0.7000000000000001,-0.5,-0.8,95.8,0.0,0.0,264.2,0.0,20.9,17.5,17.5,19.0,300.0,300.0,29.200000000000003,31.8,28.0,27.200000000000003,29.1,4.95,1.99,4.97,0.16,0.0,0.0,1027.0,8228.0,0.0,0.0,0.0,0.0,0.0,1.0,0.0,0.0,0.0,0.0,0.0,0.7000000000000001,0.0,1.2000000000000002,0.0,0.0,16.0,25903.0
2026-07-30T18:57:19.013Z,8.496,8.508000000000001,0.0,7.4,0.0,0.0,0.0,0.0,0.0,0.0,0.0,0.0,1.0,0.0,0.0,0.0,9.0,4.0,0.0,0.0,0.0,0.0,0.0,0.0,0.0,0.0,5.0,12.0,1.0,12.18,5.01,2.5,1.49,0.0,0.1,0.0,301.1,0.0,-0.3,-0.5,-0.2,95.8,0.0,0.0,264.2,0.0,20.9,17.5,17.5,19.0,300.0,300.0,29.200000000000003,31.8,28.0,27.200000000000003,29.1,4.96,1.99,4.96,0.16,0.0,0.0,1027.0,8228.0,0.0,0.0,0.0,0.0,0.0,1.0,0.0,0.0,0.0,0.0,0.0,0.1,0.0,0.8,0.0,0.0,16.0,25903.0
2026-07-30T18:57:19.025Z,8.508,8.52,0.0,7.4,0.0,0.0,0.0,0.0,0.0,0.0,0.0,0.0,1.0,0.0,0.0,0.0,9.0,4.0,0.0,0.0,0.0,0.0,0.0,0.0,0.0,0.0,1.0,12.0,1.0,12.18,5.01,2.5,1.49,0.0,0.0,0.0,301.1,0.0,-0.3,0.0,-0.2,95.8,0.0,0.0,264.2,0.0,20.9,17.5,17.5,19.0,300.0,300.0,29.200000000000003,31.8,28.0,27.200000000000003,29.1,4.96,1.99,4.96,0.16,0.0,0.0,1027.0,8228.0,0.0,0.0,0.0,0.0,0.0,1.0,0.0,0.0,0.0,0.0,0.0,0.2,0.0,0.1,0.0,0.0,16.0,25903.0
2026-07-30T18:57:19.037Z,8.52,8.532,0.0,7.4,0.0,0.0,0.0,0.0,0.0,0.0,0.0,0.0,1.0,0.0,0.0,0.0,9.0,4.0,0.0,0.0,0.0,0.0,0.0,0.0,0.0,0.0,1.0,12.0,1.0,12.18,5.01,2.5,1.49,0.0,0.0,0.0,301.1,0.0,-0.9,0.0,-0.2,95.8,0.0,0.0,264.2,0.0,20.9,17.5,17.5,19.0,300.0,300.0,29.200000000000003,31.8,28.0,27.200000000000003,29.1,4.95,1.99,4.96,0.16,0.0,0.0,1027.0,8228.0,0.0,0.0,0.0,0.0,0.0,1.0,0.0,0.0,0.0,0.0,0.0,0.2,0.0,0.1,0.0,0.0,16.0,25903.0
2026-07-30T18:57:19.049Z,8.532,8.544,0.0,7.4,0.0,0.0,0.0,0.0,0.0,0.0,0.0,0.0,1.0,0.0,0.0,0.0,9.0,4.0,0.0,0.0,0.0,0.0,0.0,0.0,0.0,0.0,3.0,12.0,1.0,12.18,5.01,2.5,1.49,0.0,0.0,0.0,301.1,0.0,-0.3,-0.5,-0.2,95.8,0.0,0.0,264.2,0.0,20.9,17.5,17.5,19.0,300.0,300.0,29.200000000000003,31.8,28.0,27.200000000000003,29.1,4.96,1.99,4.96,0.16,0.0,0.0,1027.0,8228.0,0.0,0.0,0.0,0.0,0.0,1.0,0.0,0.0,0.0,0.0,0.0,0.1,0.0,0.8,0.0,0.0,16.0,25903.0
2026-07-30T18:57:19.064Z,8.547,8.556000000000001,0.0,7.4,0.0,0.0,0.0,0.0,0.0,0.0,0.0,0.0,1.0,0.0,0.0,0.0,9.0,4.0,0.0,0.0,0.0,0.0,0.0,0.0,0.0,0.0,4.0,12.0,1.0,12.18,5.01,2.5,1.49,0.0,0.0,0.0,301.1,0.0,0.8,-0.5,-0.8,95.8,0.0,0.0,264.3,0.0,20.9,17.5,17.5,19.0,300.0,300.0,29.200000000000003,31.8,28.0,27.200000000000003,29.1,4.95,1.99,4.96,0.16,0.0,0.0,1027.0,8228.0,0.0,0.0,0.0,0.0,0.0,1.0,0.0,0.0,0.0,0.0,0.0,0.6000000000000001,0.0,1.2000000000000002,0.0,0.0,16.0,25903.0
2026-07-30T18:57:19.075Z,8.558,8.568,0.0,7.4,0.0,0.0,0.0,0.0,0.0,0.0,0.0,0.0,1.0,0.0,0.0,0.0,9.0,4.0,0.0,0.0,0.0,0.0,0.0,0.0,0.0,0.0,3.0,12.0,1.0,12.18,5.01,2.51,1.49,0.0,0.0,0.0,301.1,0.0,-0.3,0.5,0.3,95.8,0.0,0.0,264.2,0.0,21.3,17.6,17.6,19.200000000000003,300.0,300.0,29.200000000000003,31.8,28.0,27.200000000000003,29.1,4.95,1.99,4.96,0.16,0.0,0.0,1027.0,8228.0,0.0,0.0,0.0,0.0,0.0,1.0,0.0,0.0,0.0,0.0,0.0,-0.2,0.0,-0.8,0.0,0.0,16.0,25903.0
2026-07-30T18:57:19.085Z,8.568,8.58,0.0,7.4,0.0,0.0,0.0,0.0,0.0,0.0,0.0,0.0,1.0,0.0,0.0,0.0,9.0,4.0,0.0,0.0,0.0,0.0,0.0,0.0,0.0,0.0,4.0,12.0,1.0,12.18,5.01,2.51,1.49,0.0,0.0,0.0,301.1,0.0,0.2,0.5,-0.2,95.8,0.0,0.0,264.2,0.0,21.3,17.6,17.6,19.200000000000003,300.0,300.0,29.200000000000003,31.8,28.0,27.200000000000003,29.1,4.95,2.0,4.96,0.16,0.0,0.0,1027.0,8228.0,0.0,0.0,0.0,0.0,0.0,1.0,0.0,0.0,0.0,0.0,0.0,0.2,0.0,-0.5,0.0,0.0,16.0,25903.0
2026-07-30T18:57:19.097Z,8.58,8.592,0.0,7.4,0.0,0.0,0.0,0.0,0.0,0.0,0.0,0.0,1.0,0.0,0.0,0.0,9.0,4.0,0.0,0.0,0.0,0.0,0.0,0.0,0.0,0.0,5.0,12.0,1.0,12.18,5.01,2.51,1.49,0.0,0.0,0.0,301.1,0.0,-0.3,0.0,0.9,95.8,0.0,0.0,264.2,0.0,21.3,17.6,17.6,19.200000000000003,300.0,300.0,29.200000000000003,31.8,28.0,27.200000000000003,29.1,4.96,2.0,4.96,0.16,0.0,0.0,1027.0,8228.0,0.0,0.0,0.0,0.0,0.0,1.0,0.0,0.0,0.0,0.0,0.0,-0.8,0.0,-0.6000000000000001,0.0,0.0,16.0,25903.0
2026-07-30T18:57:19.109Z,8.592,8.604000000000001,0.0,7.4,0.0,0.0,0.0,0.0,0.0,0.0,0.0,0.0,1.0,0.0,0.0,0.0,9.0,4.0,0.0,0.0,0.0,0.0,0.0,0.0,0.0,0.0,6.0,12.0,1.0,12.18,5.01,2.51,1.49,0.0,0.1,0.0,301.1,0.0,0.8,0.0,-1.4,95.8,0.0,0.0,264.3,0.0,21.3,17.6,17.6,19.200000000000003,300.0,300.0,29.200000000000003,31.8,28.0,27.200000000000003,29.1,4.95,2.0,4.97,0.16,0.0,0.0,1027.0,8228.0,0.0,0.0,0.0,0.0,0.0,1.0,0.0,0.0,0.0,0.0,0.0,1.4,0.0,1.0,0.0,0.0,16.0,25903.0
2026-07-30T18:57:19.122Z,8.605,8.616,0.0,7.4,0.0,0.0,0.0,0.0,0.0,0.0,0.0,0.0,1.0,0.0,0.0,0.0,9.0,4.0,0.0,0.0,0.0,0.0,0.0,0.0,0.0,0.0,1.0,12.0,1.0,12.18,5.01,2.51,1.49,0.0,0.0,0.0,301.1,0.0,-0.3,-0.6000000000000001,-0.8,95.8,0.0,0.0,264.3,0.0,21.3,17.6,17.6,19.200000000000003,300.0,300.0,29.200000000000003,31.8,28.0,27.200000000000003,29.1,4.95,1.99,4.96,0.16,0.0,0.0,1027.0,8228.0,0.0,0.0,0.0,0.0,0.0,1.0,0.0,0.0,0.0,0.0,0.0,0.7000000000000001,0.0,1.3,0.0,0.0,16.0,25903.0
2026-07-30T18:57:19.133Z,8.616,8.628,0.0,7.4,0.0,0.0,0.0,0.0,0.0,0.0,0.0,0.0,1.0,0.0,0.0,0.0,9.0,4.0,0.0,0.0,0.0,0.0,0.0,0.0,0.0,0.0,2.0,12.0,1.0,12.18,5.01,2.51,1.49,0.0,0.1,0.0,301.1,0.0,0.2,1.2000000000000002,0.8,95.8,0.0,0.0,264.2,0.0,21.3,17.6,17.6,19.200000000000003,300.0,300.0,29.200000000000003,31.8,28.0,27.200000000000003,29.1,4.95,1.99,4.96,0.16,0.0,0.0,1027.0,8228.0,0.0,0.0,0.0,0.0,0.0,1.0,0.0,0.0,0.0,0.0,0.0,-0.6000000000000001,0.0,-1.9,0.0,0.0,16.0,25903.0
2026-07-30T18:57:19.145Z,8.628,8.64,0.0,7.4,0.0,0.0,0.0,0.0,0.0,0.0,0.0,0.0,1.0,0.0,0.0,0.0,9.0,4.0,0.0,0.0,0.0,0.0,0.0,0.0,0.0,0.0,3.0,12.0,1.0,12.18,5.01,2.51,1.49,0.0,0.0,0.0,301.1,0.0,-0.3,0.0,2.0,95.8,0.0,0.0,264.2,0.0,21.3,17.6,17.6,19.200000000000003,300.0,300.0,29.200000000000003,31.8,28.0,27.200000000000003,29.1,4.95,1.99,4.96,0.16,0.0,0.0,1027.0,8228.0,0.0,0.0,0.0,0.0,0.0,1.0,0.0,0.0,0.0,0.0,0.0,-1.9,0.0,-1.4,0.0,0.0,16.0,25903.0
2026-07-30T18:57:19.157Z,8.64,8.652000000000001,0.0,7.4,0.0,0.0,0.0,0.0,0.0,0.0,0.0,0.0,1.0,0.0,0.0,0.0,9.0,4.0,0.0,0.0,0.0,0.0,0.0,0.0,0.0,0.0,5.0,12.0,1.0,12.18,5.01,2.51,1.49,0.0,0.0,0.0,301.1,0.0,-0.8,-0.5,0.3,95.8,0.0,0.0,264.2,0.0,21.3,17.6,17.6,19.200000000000003,300.0,300.0,29.200000000000003,31.8,28.0,27.200000000000003,29.1,4.95,1.99,4.97,0.16,0.0,0.0,1027.0,8228.0,0.0,0.0,0.0,0.0,0.0,1.0,0.0,0.0,0.0,0.0,0.0,-0.3,0.0,0.3,0.0,0.0,16.0,25903.0
2026-07-30T18:57:19.169Z,8.652,8.664,0.0,7.4,0.0,0.0,0.0,0.0,0.0,0.0,0.0,0.0,1.0,0.0,0.0,0.0,9.0,4.0,0.0,0.0,0.0,0.0,0.0,0.0,0.0,0.0,6.0,12.0,1.0,12.18,5.01,2.51,1.49,-0.1,0.1,0.0,301.1,0.0,-0.2,0.6000000000000001,-0.8,95.8,0.0,0.0,264.3,0.0,21.3,17.6,17.6,19.200000000000003,300.0,300.0,29.200000000000003,31.8,28.0,27.200000000000003,29.1,4.95,1.99,4.96,0.16,0.0,0.0,1027.0,8228.0,0.0,0.0,0.0,0.0,0.0,1.0,0.0,0.0,0.0,0.0,0.0,0.8,0.0,-0.2,0.0,0.0,16.0,25903.0
2026-07-30T18:57:19.182Z,8.665,8.676,0.0,7.4,0.0,0.0,0.0,0.0,0.0,0.0,0.0,0.0,1.0,0.0,0.0,0.0,9.0,4.0,0.0,0.0,0.0,0.0,0.0,0.0,0.0,0.0,1.0,12.0,1.0,12.15,5.01,2.51,1.49,0.0,0.1,0.0,301.1,0.0,-0.2,0.1,0.3,95.8,0.0,0.0,264.2,0.0,21.700000000000003,17.7,17.7,19.3,300.0,300.0,29.200000000000003,31.8,28.0,27.200000000000003,29.1,4.95,1.99,4.96,0.16,0.0,0.0,1027.0,8228.0,0.0,0.0,0.0,0.0,0.0,1.0,0.0,0.0,0.0,0.0,0.0,-0.3,0.0,-0.3,0.0,0.0,16.0,25903.0
2026-07-30T18:57:19.193Z,8.676,8.688,0.0,7.4,0.0,0.0,0.0,0.0,0.0,0.0,0.0,0.0,1.0,0.0,0.0,0.0,9.0,4.0,0.0,0.0,0.0,0.0,0.0,0.0,0.0,0.0,2.0,12.0,1.0,12.15,5.01,2.51,1.49,0.0,0.0,0.0,301.2,0.0,0.3,0.1,2.1,95.8,0.0,0.0,264.2,0.0,21.700000000000003,17.7,17.7,19.3,300.0,300.0,29.200000000000003,31.8,28.0,27.200000000000003,29.1,4.95,1.99,4.96,0.16,0.0,0.0,1027.0,8228.0,0.0,0.0,0.0,0.0,0.0,1.0,0.0,0.0,0.0,0.0,0.0,-1.9,0.0,-1.5,0.0,0.0,16.0,25903.0
2026-07-30T18:57:19.205Z,8.688,8.700000000000001,0.0,7.4,0.0,0.0,0.0,0.0,0.0,0.0,0.0,0.0,1.0,0.0,0.0,0.0,9.0,4.0,0.0,0.0,0.0,0.0,0.0,0.0,0.0,0.0,3.0,12.0,1.0,12.15,5.01,2.51,1.49,-0.1,0.0,0.0,301.1,0.0,-0.8,1.2000000000000002,0.3,95.8,0.0,0.0,264.2,0.0,21.700000000000003,17.7,17.7,19.3,300.0,300.0,29.200000000000003,31.8,28.0,27.200000000000003,29.1,4.96,2.0,4.96,0.16,0.0,0.0,1027.0,8228.0,0.0,0.0,0.0,0.0,0.0,1.0,0.0,0.0,0.0,0.0,0.0,-0.8,0.0,-0.7000000000000001,0.0,0.0,16.0,25903.0
2026-07-30T18:57:19.217Z,8.7,8.712,0.0,7.4,0.0,0.0,0.0,0.0,0.0,0.0,0.0,0.0,1.0,0.0,0.0,0.0,9.0,4.0,0.0,0.0,0.0,0.0,0.0,0.0,0.0,0.0,4.0,12.0,1.0,12.15,5.01,2.51,1.49,0.0,0.1,0.0,301.1,0.0,0.9,0.6000000000000001,0.3,95.8,0.0,0.0,264.2,0.0,21.700000000000003,17.7,17.7,19.3,300.0,300.0,29.200000000000003,31.8,28.0,27.200000000000003,29.1,4.96,1.99,4.96,0.16,0.0,0.0,1027.0,8228.0,0.0,0.0,0.0,0.0,0.0,1.0,0.0,0.0,0.0,0.0,0.0,0.2,0.0,-0.6000000000000001,0.0,0.0,16.0,25903.0
2026-07-30T18:57:19.229Z,8.712,8.724,0.0,7.4,0.0,0.0,0.0,0.0,0.0,0.0,0.0,0.0,1.0,0.0,0.0,0.0,9.0,4.0,0.0,0.0,0.0,0.0,0.0,0.0,0.0,0.0,5.0,12.0,1.0,12.15,5.01,2.51,1.49,0.0,0.0,0.0,301.1,0.0,-0.1,0.7000000000000001,0.3,95.8,0.0,0.0,264.2,0.0,21.700000000000003,17.7,17.7,19.3,300.0,300.0,29.200000000000003,31.8,28.0,27.200000000000003,29.1,4.95,1.99,4.96,0.16,0.0,0.0,1027.0,8228.0,0.0,0.0,0.0,0.0,0.0,1.0,0.0,0.0,0.0,0.0,0.0,-0.8,0.0,-1.4,0.0,0.0,16.0,25903.0
2026-07-30T18:57:19.241Z,8.724,8.736,0.0,7.4,0.0,0.0,0.0,0.0,0.0,0.0,0.0,0.0,1.0,0.0,0.0,0.0,9.0,4.0,0.0,0.0,0.0,0.0,0.0,0.0,0.0,0.0,1.0,12.0,1.0,12.15,5.01,2.51,1.49,0.0,0.0,0.0,301.1,0.0,0.3,-0.4,-0.1,95.8,0.0,0.0,264.2,0.0,21.700000000000003,17.7,17.7,19.3,300.0,300.0,29.200000000000003,31.8,28.0,27.200000000000003,29.1,4.95,1.99,4.97,0.16,0.0,0.0,1027.0,8228.0,0.0,0.0,0.0,0.0,0.0,1.0,0.0,0.0,0.0,0.0,0.0,0.1,0.0,0.5,0.0,0.0,16.0,25903.0
2026-07-30T18:57:19.253Z,8.736,8.748,0.0,7.4,0.0,0.0,0.0,0.0,0.0,0.0,0.0,0.0,1.0,0.0,0.0,0.0,9.0,4.0,0.0,0.0,0.0,0.0,0.0,0.0,0.0,0.0,2.0,12.0,1.0,12.15,5.01,2.51,1.49,0.0,0.0,0.0,301.1,0.0,0.3,-0.4,0.4,95.8,0.0,0.0,264.2,0.0,21.700000000000003,17.7,17.7,19.3,300.0,300.0,29.200000000000003,31.8,28.0,27.200000000000003,29.1,4.96,1.99,4.96,0.16,0.0,0.0,1027.0,8228.0,0.0,0.0,0.0,0.0,0.0,1.0,0.0,0.0,0.0,0.0,0.0,-0.4,0.0,0.1,0.0,0.0,16.0,25903.0
2026-07-30T18:57:19.265Z,8.748,8.76,0.0,7.4,0.0,0.0,0.0,0.0,0.0,0.0,0.0,0.0,1.0,0.0,0.0,0.0,9.0,4.0,0.0,0.0,0.0,0.0,0.0,0.0,0.0,0.0,2.0,12.0,1.0,12.15,5.01,2.51,1.49,0.0,0.0,0.0,301.1,0.0,-0.1,1.3,0.4,95.8,0.0,0.0,264.2,0.0,21.700000000000003,17.7,17.7,19.3,300.0,300.0,29.200000000000003,31.8,28.0,27.200000000000003,29.1,4.96,1.99,4.97,0.16,0.0,0.0,1027.0,8228.0,0.0,0.0,0.0,0.0,0.0,1.0,0.0,0.0,0.0,0.0,0.0,-0.2,0.0,-1.8,0.0,0.0,16.0,25903.0
2026-07-30T18:57:19.278Z,8.761,8.772,0.0,7.4,0.0,0.0,0.0,0.0,0.0,0.0,0.0,0.0,1.0,0.0,0.0,0.0,9.0,4.0,0.0,0.0,0.0,0.0,0.0,0.0,0.0,0.0,4.0,12.0,1.0,12.19,5.0200000000000005,2.5,1.49,0.0,0.0,0.0,301.1,0.0,0.4,-0.4,0.4,95.8,0.0,0.0,264.2,0.0,21.0,17.900000000000002,17.900000000000002,19.4,300.0,300.0,29.3,31.9,28.0,27.200000000000003,29.1,4.95,1.99,4.97,0.16,0.0,0.0,1027.0,8228.0,0.0,0.0,0.0,0.0,0.0,1.0,0.0,0.0,0.0,0.0,0.0,-0.4,0.0,0.1,0.0,0.0,16.0,25903.0
2026-07-30T18:57:19.289Z,8.772,8.784,0.0,7.4,0.0,0.0,0.0,0.0,0.0,0.0,0.0,0.0,1.0,0.0,0.0,0.0,9.0,4.0,0.0,0.0,0.0,0.0,0.0,0.0,0.0,0.0,4.0,12.0,1.0,12.19,5.0200000000000005,2.5,1.49,0.0,0.0,0.0,301.2,0.0,0.4,-0.4,0.4,95.8,0.0,0.0,264.2,0.0,21.0,17.900000000000002,17.900000000000002,19.4,300.0,300.0,29.3,31.9,28.0,27.200000000000003,29.1,4.96,1.99,4.96,0.16,0.0,0.0,1027.0,8228.0,0.0,0.0,0.0,0.0,0.0,1.0,0.0,0.0,0.0,0.0,0.0,-0.4,0.0,0.2,0.0,0.0,16.0,25903.0
2026-07-30T18:57:19.301Z,8.784,8.796,0.0,7.4,0.0,0.0,0.0,0.0,0.0,0.0,0.0,0.0,1.0,0.0,0.0,0.0,9.0,4.0,0.0,0.0,0.0,0.0,0.0,0.0,0.0,0.0,6.0,12.0,1.0,12.19,5.0200000000000005,2.5,1.49,0.0,0.0,0.0,301.1,0.0,0.3,0.1,-0.1,95.8,0.0,0.0,264.3,0.0,21.0,17.900000000000002,17.900000000000002,19.4,300.0,300.0,29.3,31.9,28.0,27.200000000000003,29.1,4.95,1.99,4.96,0.16,0.0,0.0,1027.0,8228.0,0.0,0.0,0.0,0.0,0.0,1.0,0.0,0.0,0.0,0.0,0.0,0.1,0.0,0.0,0.0,0.0,16.0,25903.0
2026-07-30T18:57:19.313Z,8.796,8.808,0.0,7.4,0.0,0.0,0.0,0.0,0.0,0.0,0.0,0.0,1.0,0.0,0.0,0.0,9.0,4.0,0.0,0.0,0.0,0.0,0.0,0.0,0.0,0.0,1.0,12.0,1.0,12.19,5.0200000000000005,2.5,1.49,0.0,0.0,0.0,301.1,0.0,-0.1,0.7000000000000001,-0.1,95.8,0.0,0.0,264.2,0.0,21.0,17.900000000000002,17.900000000000002,19.4,300.0,300.0,29.3,31.9,28.0,27.200000000000003,29.1,4.95,1.99,4.96,0.16,0.0,0.0,1027.0,8228.0,0.0,0.0,0.0,0.0,0.0,1.0,0.0,0.0,0.0,0.0,0.0,0.1,0.0,-0.7000000000000001,0.0,0.0,16.0,25903.0
2026-07-30T18:57:19.325Z,8.808,8.82,0.0,7.4,0.0,0.0,0.0,0.0,0.0,0.0,0.0,0.0,1.0,0.0,0.0,0.0,9.0,4.0,0.0,0.0,0.0,0.0,0.0,0.0,0.0,0.0,2.0,12.0,1.0,12.19,5.0200000000000005,2.5,1.49,0.0,0.0,0.0,301.1,0.0,-0.2,0.1,-0.7000000000000001,95.8,0.0,0.0,264.2,0.0,21.0,17.900000000000002,17.900000000000002,19.4,300.0,300.0,29.3,31.9,28.0,27.200000000000003,29.1,4.96,1.99,4.96,0.16,0.0,0.0,1027.0,8228.0,0.0,0.0,0.0,0.0,0.0,1.0,0.0,0.0,0.0,0.0,0.0,0.7000000000000001,0.0,0.3,0.0,0.0,16.0,25903.0
2026-07-30T18:57:19.337Z,8.82,8.832,0.0,7.4,0.0,0.0,0.0,0.0,0.0,0.0,0.0,0.0,1.0,0.0,0.0,0.0,9.0,4.0,0.0,0.0,0.0,0.0,0.0,0.0,0.0,0.0,3.0,12.0,1.0,12.19,5.0200000000000005,2.5,1.49,0.0,0.0,0.0,301.1,0.0,-0.1,-0.4,-0.7000000000000001,95.8,0.0,0.0,264.2,0.0,21.0,17.900000000000002,17.900000000000002,19.4,300.0,300.0,29.3,31.9,28.0,27.200000000000003,29.1,4.96,1.99,4.96,0.16,0.0,0.0,1027.0,8228.0,0.0,0.0,0.0,0.0,0.0,1.0,0.0,0.0,0.0,0.0,0.0,0.6000000000000001,0.0,0.9,0.0,0.0,16.0,25903.0
2026-07-30T18:57:19.349Z,8.832,8.844,0.0,7.4,0.0,0.0,0.0,0.0,0.0,0.0,0.0,0.0,1.0,0.0,0.0,0.0,9.0,4.0,0.0,0.0,0.0,0.0,0.0,0.0,0.0,0.0,4.0,12.0,1.0,12.19,5.0200000000000005,2.5,1.49,0.0,0.0,0.0,301.1,0.0,-0.1,0.7000000000000001,1.6,95.8,0.0,0.0,264.2,0.0,21.0,17.900000000000002,17.900000000000002,19.4,300.0,300.0,29.3,31.9,28.0,27.200000000000003,29.1,4.95,1.99,4.97,0.16,0.0,0.0,1027.0,8228.0,0.0,0.0,0.0,0.0,0.0,1.0,0.0,0.0,0.0,0.0,0.0,-1.4,0.0,-1.9,0.0,0.0,16.0,25903.0
2026-07-30T18:57:19.361Z,8.844,8.856,0.0,7.4,0.0,0.0,0.0,0.0,0.0,0.0,0.0,0.0,1.0,0.0,0.0,0.0,9.0,4.0,0.0,0.0,0.0,0.0,0.0,0.0,0.0,0.0,5.0,12.0,1.0,12.19,5.0200000000000005,2.5,1.49,0.0,0.0,0.0,301.1,0.0,-0.1,1.3,0.0,95.8,0.0,0.0,264.2,0.0,21.0,17.900000000000002,17.900000000000002,19.4,300.0,300.0,29.3,31.9,28.0,27.200000000000003,29.1,4.95,1.99,4.96,0.16,0.0,0.0,1027.0,8228.0,0.0,0.0,0.0,0.0,0.0,1.0,0.0,0.0,0.0,0.0,0.0,0.2,0.0,-1.4,0.0,0.0,16.0,25903.0
2026-07-30T18:57:19.374Z,8.857,8.868,0.0,7.4,0.0,0.0,0.0,0.0,0.0,0.0,0.0,0.0,1.0,0.0,0.0,0.0,9.0,4.0,0.0,0.0,0.0,0.0,0.0,0.0,0.0,0.0,6.0,12.0,1.0,12.19,5.0200000000000005,2.5,1.49,0.0,0.0,0.0,301.2,0.0,-0.1,-0.4,-1.8,95.8,0.0,0.0,264.2,0.0,21.0,17.900000000000002,17.900000000000002,19.4,300.0,300.0,29.3,31.9,28.0,27.200000000000003,29.1,4.96,2.0,4.96,0.16,0.0,0.0,1027.0,8228.0,0.0,0.0,0.0,0.0,0.0,1.0,0.0,0.0,0.0,0.0,0.0,1.6,0.0,1.7000000000000002,0.0,0.0,16.0,25903.0
2026-07-30T18:57:19.385Z,8.868,8.88,0.0,7.4,0.0,0.0,0.0,0.0,0.0,0.0,0.0,0.0,1.0,0.0,0.0,0.0,9.0,4.0,0.0,0.0,0.0,0.0,0.0,0.0,0.0,0.0,6.0,12.0,1.0,12.14,5.01,2.51,1.49,0.0,0.0,0.0,301.1,0.0,-0.1,0.7000000000000001,1.0,95.8,0.0,0.0,264.2,0.0,21.8,18.0,18.0,19.6,300.0,300.0,29.200000000000003,31.9,28.0,27.200000000000003,29.1,4.95,2.0,4.96,0.16,0.0,0.0,1027.0,8228.0,0.0,0.0,0.0,0.0,0.0,1.0,0.0,0.0,0.0,0.0,0.0,-0.8,0.0,-1.5,0.0,0.0,16.0,25903.0
2026-07-30T18:57:19.397Z,8.88,8.892,-0.1,7.4,0.0,0.0,0.0,0.0,0.0,0.0,0.0,0.0,1.0,0.0,0.0,0.0,9.0,4.0,0.0,0.0,0.0,0.0,0.0,0.0,0.0,0.0,2.0,12.0,1.0,12.14,5.01,2.51,1.49,0.0,0.0,0.0,301.1,0.0,-0.1,-0.3,0.4,95.8,0.0,0.0,264.2,0.0,21.8,18.0,18.0,19.6,300.0,300.0,29.200000000000003,31.9,28.0,27.200000000000003,29.1,4.95,1.99,4.97,0.16,0.0,0.0,1027.0,8228.0,0.0,0.0,0.0,0.0,0.0,1.0,0.0,0.0,0.0,0.0,0.0,-0.5,0.0,0.0,0.0,0.0,16.0,25903.0
2026-07-30T18:57:19.409Z,8.892,8.904,-0.1,7.4,0.0,0.0,0.0,0.0,0.0,0.0,0.0,0.0,1.0,0.0,0.0,0.0,9.0,4.0,0.0,0.0,0.0,0.0,0.0,0.0,0.0,0.0,3.0,12.0,1.0,12.14,5.01,2.51,1.49,0.0,0.0,0.0,301.1,0.0,0.4,0.2,1.6,95.8,0.0,0.0,264.2,0.0,21.8,18.0,18.0,19.6,300.0,300.0,29.200000000000003,31.9,28.0,27.200000000000003,29.1,4.95,1.99,4.96,0.16,0.0,0.0,1027.0,8228.0,0.0,0.0,0.0,0.0,0.0,1.0,0.0,0.0,0.0,0.0,0.0,-1.5,0.0,-1.3,0.0,0.0,16.0,25903.0
2026-07-30T18:57:19.421Z,8.904,8.916,-0.1,7.4,0.0,0.0,0.0,0.0,0.0,0.0,0.0,0.0,1.0,0.0,0.0,0.0,9.0,4.0,0.0,0.0,0.0,0.0,0.0,0.0,0.0,0.0,4.0,12.0,1.0,12.14,5.01,2.51,1.49,0.0,0.0,0.0,301.1,0.0,1.0,1.3,1.0,95.8,0.0,0.0,264.2,0.0,21.8,18.0,18.0,19.6,300.0,300.0,29.200000000000003,31.9,28.0,27.200000000000003,29.1,4.96,1.99,4.96,0.16,0.0,0.0,1027.0,8228.0,0.0,0.0,0.0,0.0,0.0,1.0,0.0,0.0,0.0,0.0,0.0,-0.8,0.0,-2.2,0.0,0.0,16.0,25903.0
2026-07-30T18:57:19.433Z,8.916,8.928,-0.1,7.4,0.0,0.0,0.0,0.0,0.0,0.0,0.0,0.0,1.0,0.0,0.0,0.0,9.0,4.0,0.0,0.0,0.0,0.0,0.0,0.0,0.0,0.0,5.0,12.0,1.0,12.14,5.01,2.51,1.49,0.0,0.1,0.0,301.2,0.0,-0.1,-0.3,-0.1,95.8,0.0,0.0,264.2,0.0,21.8,18.0,18.0,19.6,300.0,300.0,29.200000000000003,31.9,28.0,27.200000000000003,29.1,4.95,1.99,4.97,0.16,0.0,0.0,1027.0,8228.0,0.0,0.0,0.0,0.0,0.0,1.0,0.0,0.0,0.0,0.0,0.0,0.0,0.0,0.4,0.0,0.0,16.0,25903.0
2026-07-30T18:57:19.446Z,8.929,8.94,-0.1,7.4,0.0,0.0,0.0,0.0,0.0,0.0,0.0,0.0,1.0,0.0,0.0,0.0,9.0,4.0,0.0,0.0,0.0,0.0,0.0,0.0,0.0,0.0,6.0,12.0,1.0,12.14,5.01,2.51,1.49,0.0,0.0,0.0,301.1,0.0,-0.6000000000000001,0.2,0.5,95.8,0.0,0.0,264.2,0.0,21.8,18.0,18.0,19.6,300.0,300.0,29.200000000000003,31.9,28.0,27.200000000000003,29.1,4.95,1.99,4.96,0.16,0.0,0.0,1027.0,8228.0,0.0,0.0,0.0,0.0,0.0,1.0,0.0,0.0,0.0,0.0,0.0,-0.4,0.0,-0.6000000000000001,0.0,0.0,16.0,25903.0
2026-07-30T18:57:19.457Z,8.94,8.952,-0.1,7.4,0.0,0.0,0.0,0.0,0.0,0.0,0.0,0.0,1.0,0.0,0.0,0.0,9.0,4.0,0.0,0.0,0.0,0.0,0.0,0.0,0.0,0.0,1.0,12.0,1.0,12.14,5.01,2.51,1.49,0.0,0.0,0.0,301.1,0.0,1.0,0.2,0.0,95.8,0.0,0.0,264.2,0.0,21.8,18.0,18.0,19.6,300.0,300.0,29.200000000000003,31.9,28.0,27.200000000000003,29.1,4.95,1.99,4.97,0.16,0.0,0.0,1027.0,8228.0,0.0,0.0,0.0,0.0,0.0,1.0,0.0,0.0,0.0,0.0,0.0,0.1,0.0,-0.1,0.0,0.0,16.0,25903.0
2026-07-30T18:57:19.469Z,8.952,8.964,-0.1,7.4,0.0,0.0,0.0,0.0,0.0,0.0,0.0,0.0,1.0,0.0,0.0,0.0,9.0,4.0,0.0,0.0,0.0,0.0,0.0,0.0,0.0,0.0,3.0,12.0,1.0,12.14,5.01,2.51,1.49,0.0,0.0,0.0,301.1,0.0,0.0,-0.3,0.0,95.8,0.0,0.0,264.2,0.0,21.8,18.0,18.0,19.6,300.0,300.0,29.200000000000003,31.9,28.0,27.200000000000003,29.1,4.95,1.99,4.97,0.16,0.0,0.0,1027.0,8228.0,0.0,0.0,0.0,0.0,0.0,1.0,0.0,0.0,0.0,0.0,0.0,0.0,0.0,0.4,0.0,0.0,16.0,25903.0
2026-07-30T18:57:19.482Z,8.965,8.976,-0.1,7.4,0.0,0.0,0.0,0.0,0.0,0.0,0.0,0.0,1.0,0.0,0.0,0.0,9.0,4.0,0.0,0.0,0.0,0.0,0.0,0.0,0.0,0.0,4.0,12.0,1.0,12.17,5.0200000000000005,2.51,1.49,0.0,0.1,0.0,301.1,0.0,-0.6000000000000001,-0.3,0.4,95.8,0.0,0.0,264.3,0.0,20.8,18.1,18.1,19.700000000000003,300.0,300.0,29.0,31.9,27.9,27.200000000000003,29.1,4.95,1.99,4.97,0.16,0.0,0.0,1027.0,8228.0,0.0,0.0,0.0,0.0,0.0,1.0,0.0,0.0,0.0,0.0,0.0,-0.4,0.0,0.1,0.0,0.0,16.0,25903.0
2026-07-30T18:57:19.493Z,8.976,8.988,-0.1,7.4,0.0,0.0,0.0,0.0,0.0,0.0,0.0,0.0,1.0,0.0,0.0,0.0,9.0,4.0,0.0,0.0,0.0,0.0,0.0,0.0,0.0,0.0,6.0,12.0,1.0,12.17,5.0200000000000005,2.51,1.49,0.0,0.0,0.0,301.1,0.0,1.0,-0.9,-0.7000000000000001,95.8,0.0,0.0,264.2,0.0,20.8,18.1,18.1,19.700000000000003,300.0,300.0,29.0,31.9,27.9,27.200000000000003,29.1,4.96,2.0,4.96,0.16,0.0,0.0,1027.0,8228.0,0.0,0.0,0.0,0.0,0.0,1.0,0.0,0.0,0.0,0.0,0.0,0.5,0.0,1.5,0.0,0.0,16.0,25903.0
2026-07-30T18:57:19.505Z,8.988,9.0,-0.1,7.4,0.0,0.0,0.0,0.0,0.0,0.0,0.0,0.0,1.0,0.0,0.0,0.0,9.0,4.0,0.0,0.0,0.0,0.0,0.0,0.0,0.0,0.0,1.0,12.0,1.0,12.17,5.0200000000000005,2.51,1.49,0.0,0.0,0.0,301.1,0.0,-0.1,0.2,-0.1,95.8,0.0,0.0,264.40000000000003,0.0,20.8,18.1,18.1,19.700000000000003,300.0,300.0,29.0,31.9,27.9,27.200000000000003,29.1,4.96,1.99,4.97,0.16,0.0,0.0,1027.0,8228.0,0.0,0.0,0.0,0.0,0.0,1.0,0.0,0.0,0.0,0.0,0.0,0.1,0.0,-0.1,0.0,0.0,16.0,25903.0
2026-07-30T18:57:19.517Z,9.0,9.012,-0.1,7.4,0.0,0.0,0.0,0.0,0.0,0.0,0.0,0.0,1.0,0.0,0.0,0.0,9.0,4.0,0.0,0.0,0.0,0.0,0.0,0.0,0.0,0.0,2.0,12.0,1.0,12.17,5.0200000000000005,2.51,1.49,0.0,0.0,0.0,301.1,0.0,-0.1,0.8,-0.1,95.8,0.0,0.0,264.2,0.0,20.8,18.1,18.1,19.700000000000003,300.0,300.0,29.0,31.9,27.9,27.200000000000003,29.1,4.95,1.99,4.97,0.16,0.0,0.0,1027.0,8228.0,0.0,0.0,0.0,0.0,0.0,1.0,0.0,0.0,0.0,0.0,0.0,0.2,0.0,-0.8,0.0,0.0,16.0,25903.0
2026-07-30T18:57:19.529Z,9.012,9.024,-0.1,7.4,0.0,0.0,0.0,0.0,0.0,0.0,0.0,0.0,1.0,0.0,0.0,0.0,9.0,4.0,0.0,0.0,0.0,0.0,0.0,0.0,0.0,0.0,4.0,12.0,1.0,12.17,5.0200000000000005,2.51,1.49,0.0,0.0,0.0,301.1,0.0,0.4,-0.3,1.6,95.8,0.0,0.0,264.2,0.0,20.8,18.1,18.1,19.700000000000003,300.0,300.0,29.0,31.9,27.9,27.200000000000003,29.1,4.96,1.99,4.96,0.16,0.0,0.0,1027.0,8228.0,0.0,0.0,0.0,0.0,0.0,1.0,0.0,0.0,0.0,0.0,0.0,-1.5,0.0,-0.6000000000000001,0.0,0.0,16.0,25903.0
2026-07-30T18:57:19.541Z,9.024,9.036,-0.1,7.4,0.0,0.0,0.0,0.0,0.0,0.0,0.0,0.0,1.0,0.0,0.0,0.0,9.0,4.0,0.0,0.0,0.0,0.0,0.0,0.0,0.0,0.0,5.0,12.0,1.0,12.17,5.0200000000000005,2.51,1.49,0.0,0.0,0.0,301.1,0.0,0.4,-0.9,-0.1,95.8,0.0,0.0,264.2,0.0,20.8,18.1,18.1,19.700000000000003,300.0,300.0,29.0,31.9,27.9,27.200000000000003,29.1,4.95,2.0,4.96,0.16,0.0,0.0,1027.0,8228.0,0.0,0.0,0.0,0.0,0.0,1.0,0.0,0.0,0.0,0.0,0.0,0.0,0.0,1.2000000000000002,0.0,0.0,16.0,25903.0
2026-07-30T18:57:19.553Z,9.036,9.048,-0.1,7.4,0.0,0.0,0.0,0.0,0.0,0.0,0.0,0.0,1.0,0.0,0.0,0.0,9.0,4.0,0.0,0.0,0.0,0.0,0.0,0.0,0.0,0.0,6.0,12.0,1.0,12.17,5.0200000000000005,2.51,1.49,0.0,0.0,0.0,301.2,0.0,-0.1,1.3,-0.1,95.8,0.0,0.0,264.2,0.0,20.8,18.1,18.1,19.700000000000003,300.0,300.0,29.0,31.9,27.9,27.200000000000003,29.1,4.95,1.99,4.97,0.16,0.0,0.0,1027.0,8228.0,0.0,0.0,0.0,0.0,0.0,1.0,0.0,0.0,0.0,0.0,0.0,0.3,0.0,-1.3,0.0,0.0,16.0,25903.0
2026-07-30T18:57:19.565Z,9.048,9.06,0.0,7.4,0.0,0.0,0.0,0.0,0.0,0.0,0.0,0.0,1.0,0.0,0.0,0.0,9.0,4.0,0.0,0.0,0.0,0.0,0.0,0.0,0.0,0.0,1.0,12.0,1.0,12.17,5.0200000000000005,2.51,1.49,0.0,0.0,0.0,301.1,0.0,-0.1,0.1,-0.7000000000000001,95.8,0.0,0.0,264.2,0.0,20.8,18.1,18.1,19.700000000000003,300.0,300.0,29.0,31.9,27.9,27.200000000000003,29.1,4.96,1.99,4.97,0.16,0.0,0.0,1027.0,8228.0,0.0,0.0,0.0,0.0,0.0,1.0,0.0,0.0,0.0,0.0,0.0,0.7000000000000001,0.0,0.3,0.0,0.0,16.0,25903.0
2026-07-30T18:57:19.577Z,9.06,9.072,0.0,7.4,0.0,0.0,0.0,0.0,0.0,0.0,0.0,0.0,1.0,0.0,0.0,0.0,9.0,4.0,0.0,0.0,0.0,0.0,0.0,0.0,0.0,0.0,2.0,12.0,1.0,12.17,5.0200000000000005,2.51,1.49,0.0,0.0,0.0,301.1,0.0,-0.7000000000000001,0.1,-0.1,95.8,0.0,0.0,264.2,0.0,20.8,18.1,18.1,19.700000000000003,300.0,300.0,29.0,31.9,27.9,27.200000000000003,29.1,4.95,1.99,4.96,0.16,0.0,0.0,1027.0,8228.0,0.0,0.0,0.0,0.0,0.0,1.0,0.0,0.0,0.0,0.0,0.0,0.1,0.0,-0.1,0.0,0.0,16.0,25903.0
2026-07-30T18:57:19.589Z,9.072,9.084,0.0,7.4,0.0,0.0,0.0,0.0,0.0,0.0,0.0,0.0,1.0,0.0,0.0,0.0,9.0,4.0,0.0,0.0,0.0,0.0,0.0,0.0,0.0,0.0,3.0,12.0,1.0,12.17,5.01,2.5,1.49,0.0,0.0,0.0,301.1,0.0,0.4,-0.4,1.6,95.8,0.0,0.0,264.2,0.0,21.3,18.3,18.3,19.8,300.0,300.0,29.0,31.8,28.0,27.200000000000003,29.1,4.95,1.99,4.97,0.16,0.0,0.0,1027.0,8228.0,0.0,0.0,0.0,0.0,0.0,1.0,0.0,0.0,0.0,0.0,0.0,-1.6,0.0,-0.6000000000000001,0.0,0.0,16.0,25903.0
2026-07-30T18:57:19.601Z,9.084,9.096,0.0,7.4,0.0,0.0,0.0,0.0,0.0,0.0,0.0,0.0,1.0,0.0,0.0,0.0,9.0,4.0,0.0,0.0,0.0,0.0,0.0,0.0,0.0,0.0,5.0,12.0,1.0,12.17,5.01,2.5,1.49,0.0,0.0,0.0,301.1,0.0,0.4,0.1,0.5,95.8,0.0,0.0,264.2,0.0,21.3,18.3,18.3,19.8,300.0,300.0,29.0,31.8,28.0,27.200000000000003,29.1,4.95,1.99,4.96,0.16,0.0,0.0,1027.0,8228.0,0.0,0.0,0.0,0.0,0.0,1.0,0.0,0.0,0.0,0.0,0.0,-0.4,0.0,-0.5,0.0,0.0,16.0,25903.0
2026-07-30T18:57:19.613Z,9.096,9.108,0.0,7.4,0.0,0.0,0.0,0.0,0.0,0.0,0.0,0.0,1.0,0.0,0.0,0.0,9.0,4.0,0.0,0.0,0.0,0.0,0.0,0.0,0.0,0.0,6.0,12.0,1.0,12.17,5.01,2.5,1.49,0.0,0.0,0.0,301.2,0.0,1.0,0.7000000000000001,-1.7000000000000002,95.8,0.0,0.0,264.2,0.0,21.3,18.3,18.3,19.8,300.0,300.0,29.0,31.8,28.0,27.200000000000003,29.1,4.96,1.99,4.96,0.16,0.0,0.0,1027.0,8228.0,0.0,0.0,0.0,0.0,0.0,1.0,0.0,0.0,0.0,0.0,0.0,1.7000000000000002,0.0,0.3,0.0,0.0,16.0,25903.0
2026-07-30T18:57:19.626Z,9.109,9.12,0.0,7.4,0.0,0.0,0.0,0.0,0.0,0.0,0.0,0.0,1.0,0.0,0.0,0.0,9.0,4.0,0.0,0.0,0.0,0.0,0.0,0.0,0.0,0.0,1.0,12.0,1.0,12.17,5.01,2.5,1.49,0.0,0.0,0.0,301.1,0.0,0.4,0.1,1.1,95.8,0.0,0.0,264.2,0.0,21.3,18.3,18.3,19.8,300.0,300.0,29.0,31.8,28.0,27.200000000000003,29.1,4.95,1.99,4.96,0.17,0.0,0.0,1027.0,8228.0,0.0,0.0,0.0,0.0,0.0,1.0,0.0,0.0,0.0,0.0,0.0,-1.0,0.0,-0.9,0.0,0.0,16.0,25903.0
2026-07-30T18:57:19.637Z,9.12,9.132,-0.1,7.4,0.0,0.0,0.0,0.0,0.0,0.0,0.0,0.0,1.0,0.0,0.0,0.0,9.0,4.0,0.0,0.0,0.0,0.0,0.0,0.0,0.0,0.0,2.0,12.0,1.0,12.17,5.01,2.5,1.49,0.0,0.1,0.0,301.1,0.0,1.0,-0.4,1.2000000000000002,95.8,0.0,0.0,264.2,0.0,21.3,18.3,18.3,19.8,300.0,300.0,29.0,31.8,28.0,27.200000000000003,29.1,4.95,1.99,4.97,0.17,0.0,0.0,1027.0,8228.0,0.0,0.0,0.0,0.0,0.0,1.0,0.0,0.0,0.0,0.0,0.0,-1.1,0.0,-0.3,0.0,0.0,16.0,25903.0
2026-07-30T18:57:19.649Z,9.132,9.144,-0.1,7.4,0.0,0.0,0.0,0.0,0.0,0.0,0.0,0.0,1.0,0.0,0.0,0.0,9.0,4.0,0.0,0.0,0.0,0.0,0.0,0.0,0.0,0.0,4.0,12.0,1.0,12.17,5.01,2.5,1.49,0.0,0.1,0.0,301.1,0.0,2.1,1.2000000000000002,1.1,95.8,0.0,0.0,264.2,0.0,21.3,18.3,18.3,19.8,300.0,300.0,29.0,31.8,28.0,27.200000000000003,29.1,4.95,1.99,4.96,0.16,0.0,0.0,1027.0,8228.0,0.0,0.0,0.0,0.0,0.0,1.0,0.0,0.0,0.0,0.0,0.0,-0.9,0.0,-2.2,0.0,0.0,16.0,25903.0
2026-07-30T18:57:19.661Z,9.144,9.156,0.0,7.4,0.0,0.0,0.0,0.0,0.0,0.0,0.0,0.0,1.0,0.0,0.0,0.0,9.0,4.0,0.0,0.0,0.0,0.0,0.0,0.0,0.0,0.0,4.0,12.0,1.0,12.17,5.01,2.5,1.49,0.0,0.0,0.0,301.2,0.0,0.4,0.0,-1.1,95.8,0.0,0.0,264.2,0.0,21.3,18.3,18.3,19.8,300.0,300.0,29.0,31.8,28.0,27.200000000000003,29.1,4.96,1.99,4.96,0.17,0.0,0.0,1027.0,8228.0,0.0,0.0,0.0,0.0,0.0,1.0,0.0,0.0,0.0,0.0,0.0,1.1,0.0,0.7000000000000001,0.0,0.0,16.0,25903.0
2026-07-30T18:57:19.673Z,9.156,9.168,0.0,7.4,0.0,0.0,0.0,0.0,0.0,0.0,0.0,0.0,1.0,0.0,0.0,0.0,9.0,4.0,0.0,0.0,0.0,0.0,0.0,0.0,0.0,0.0,5.0,12.0,1.0,12.17,5.01,2.5,1.49,0.0,0.0,0.0,301.1,0.0,0.4,-0.4,0.5,95.8,0.0,0.0,264.2,0.0,21.3,18.3,18.3,19.8,300.0,300.0,29.0,31.8,28.0,27.200000000000003,29.1,4.95,1.99,4.97,0.16,0.0,0.0,1027.0,8228.0,0.0,0.0,0.0,0.0,0.0,1.0,0.0,0.0,0.0,0.0,0.0,-0.5,0.0,0.1,0.0,0.0,16.0,25903.0
2026-07-30T18:57:19.686Z,9.169,9.18,0.0,7.4,0.0,0.0,0.0,0.0,0.0,0.0,0.0,0.0,1.0,0.0,0.0,0.0,9.0,4.0,0.0,0.0,0.0,0.0,0.0,0.0,0.0,0.0,1.0,12.0,1.0,12.17,5.01,2.5,1.49,0.0,0.0,0.0,301.1,0.0,-0.1,-0.4,0.0,95.8,0.0,0.0,264.2,0.0,21.4,18.4,18.4,19.9,300.0,300.0,29.0,31.8,28.0,27.200000000000003,29.1,4.96,1.99,4.96,0.16,0.0,0.0,1027.0,8228.0,0.0,0.0,0.0,0.0,0.0,1.0,0.0,0.0,0.0,0.0,0.0,0.0,0.0,0.5,0.0,0.0,16.0,25903.0
2026-07-30T18:57:19.698Z,9.181,9.192,0.0,7.4,0.0,0.0,0.0,0.0,0.0,0.0,0.0,0.0,1.0,0.0,0.0,0.0,9.0,4.0,0.0,0.0,0.0,0.0,0.0,0.0,0.0,0.0,1.0,12.0,1.0,12.17,5.01,2.5,1.49,0.0,0.0,0.0,301.1,0.0,0.9,0.7000000000000001,-0.6000000000000001,95.8,0.0,0.0,264.2,0.0,21.4,18.4,18.4,19.9,300.0,300.0,29.0,31.8,28.0,27.200000000000003,29.1,4.96,1.99,4.96,0.16,0.0,0.0,1027.0,8228.0,0.0,0.0,0.0,0.0,0.0,1.0,0.0,0.0,0.0,0.0,0.0,0.6000000000000001,0.0,-0.4,0.0,0.0,16.0,25903.0
2026-07-30T18:57:19.709Z,9.192,9.204,0.0,7.4,0.0,0.0,0.0,0.0,0.0,0.0,0.0,0.0,1.0,0.0,0.0,0.0,9.0,4.0,0.0,0.0,0.0,0.0,0.0,0.0,0.0,0.0,1.0,12.0,1.0,12.17,5.01,2.5,1.49,0.0,0.1,0.0,301.1,0.0,-0.1,0.1,0.0,95.8,0.0,0.0,264.2,0.0,21.4,18.4,18.4,19.9,300.0,300.0,29.0,31.8,28.0,27.200000000000003,29.1,4.95,1.99,4.96,0.16,0.0,0.0,1027.0,8228.0,0.0,0.0,0.0,0.0,0.0,1.0,0.0,0.0,0.0,0.0,0.0,0.0,0.0,-0.1,0.0,0.0,16.0,25903.0
2026-07-30T18:57:19.721Z,9.204,9.216,0.0,7.4,0.0,0.0,0.0,0.0,0.0,0.0,0.0,0.0,1.0,0.0,0.0,0.0,9.0,4.0,0.0,0.0,0.0,0.0,0.0,0.0,0.0,0.0,2.0,12.0,1.0,12.17,5.01,2.5,1.49,0.0,0.0,0.0,301.1,0.0,-0.1,-0.4,-1.1,95.8,0.0,0.0,264.2,0.0,21.4,18.4,18.4,19.9,300.0,300.0,29.0,31.8,28.0,27.200000000000003,29.1,4.95,1.99,4.97,0.16,0.0,0.0,1027.0,8228.0,0.0,0.0,0.0,0.0,0.0,1.0,0.0,0.0,0.0,0.0,0.0,-0.1,0.0,1.1,0.0,0.0,16.0,25903.0
2026-07-30T18:57:19.733Z,9.216,9.228,0.0,7.4,0.0,0.0,0.0,0.0,0.0,0.0,0.0,0.0,1.0,0.0,0.0,0.0,9.0,4.0,0.0,0.0,0.0,0.0,0.0,0.0,0.0,0.0,3.0,12.0,1.0,12.17,5.01,2.5,1.49,0.0,0.0,0.0,301.1,0.0,-0.7000000000000001,-1.5,-1.1,95.8,0.0,0.0,264.2,0.0,21.4,18.4,18.4,19.9,300.0,300.0,29.0,31.8,28.0,27.200000000000003,29.1,4.96,1.99,4.96,0.16,0.0,0.0,1027.0,8228.0,0.0,0.0,0.0,0.0,0.0,1.0,0.0,0.0,0.0,0.0,0.0,1.1,0.0,0.6000000000000001,0.0,0.0,16.0,25903.0
2026-07-30T18:57:19.745Z,9.228,9.24,-0.1,7.4,0.0,0.0,0.0,0.0,0.0,0.0,0.0,0.0,1.0,0.0,0.0,0.0,9.0,4.0,0.0,0.0,0.0,0.0,0.0,0.0,0.0,0.0,5.0,12.0,1.0,12.17,5.01,2.5,1.49,0.0,0.0,0.0,301.1,0.0,-0.1,0.1,-0.6000000000000001,95.8,0.0,0.0,264.2,0.0,21.4,18.4,18.4,19.9,300.0,300.0,29.0,31.8,28.0,27.200000000000003,29.1,4.96,1.99,4.97,0.16,0.0,0.0,1027.0,8228.0,0.0,0.0,0.0,0.0,0.0,1.0,0.0,0.0,0.0,0.0,0.0,0.5,0.0,0.9,0.0,0.0,16.0,25903.0
2026-07-30T18:57:19.757Z,9.24,9.252,0.0,7.4,0.0,0.0,0.0,0.0,0.0,0.0,0.0,0.0,1.0,0.0,0.0,0.0,9.0,4.0,0.0,0.0,0.0,0.0,0.0,0.0,0.0,0.0,6.0,12.0,1.0,12.17,5.01,2.5,1.49,0.0,0.0,0.0,301.1,0.0,-0.1,0.1,1.6,95.8,0.0,0.0,264.2,0.0,21.4,18.4,18.4,19.9,300.0,300.0,29.0,31.8,28.0,27.200000000000003,29.1,4.95,1.99,4.97,0.16,0.0,0.0,1027.0,8228.0,0.0,0.0,0.0,0.0,0.0,1.0,0.0,0.0,0.0,0.0,0.0,-1.5,0.0,-1.3,0.0,0.0,16.0,25903.0
2026-07-30T18:57:19.769Z,9.252,9.264,0.0,7.4,0.0,0.0,0.0,0.0,0.0,0.0,0.0,0.0,1.0,0.0,0.0,0.0,9.0,4.0,0.0,0.0,0.0,0.0,0.0,0.0,0.0,0.0,1.0,12.0,1.0,12.17,5.01,2.5,1.49,0.0,0.0,0.0,301.1,0.0,-0.7000000000000001,-1.0,-0.6000000000000001,95.8,0.0,0.0,264.2,0.0,21.4,18.4,18.4,19.9,300.0,300.0,29.0,31.8,28.0,27.200000000000003,29.1,4.96,1.99,4.96,0.16,0.0,0.0,1027.0,8228.0,0.0,0.0,0.0,0.0,0.0,1.0,0.0,0.0,0.0,0.0,0.0,0.5,0.0,1.6,0.0,0.0,16.0,25903.0
2026-07-30T18:57:19.781Z,9.264,9.276,0.0,7.4,0.0,0.0,0.0,0.0,0.0,0.0,0.0,0.0,1.0,0.0,0.0,0.0,9.0,4.0,0.0,0.0,0.0,0.0,0.0,0.0,0.0,0.0,2.0,12.0,1.0,12.17,5.01,2.5,1.49,0.0,0.0,0.0,301.1,0.0,0.3,-0.4,1.0,95.8,0.0,0.0,264.2,0.0,21.4,18.4,18.4,19.9,300.0,300.0,29.0,31.8,28.0,27.200000000000003,29.1,4.95,1.99,4.96,0.16,0.0,0.0,1027.0,8228.0,0.0,0.0,0.0,0.0,0.0,1.0,0.0,0.0,0.0,0.0,0.0,-1.0,0.0,-0.1,0.0,0.0,16.0,25903.0
2026-07-30T18:57:19.793Z,9.276,9.288,0.0,7.4,0.0,0.0,0.0,0.0,0.0,0.0,0.0,0.0,1.0,0.0,0.0,0.0,9.0,4.0,0.0,0.0,0.0,0.0,0.0,0.0,0.0,0.0,3.0,12.0,1.0,12.15,5.01,2.51,1.49,0.0,0.0,0.0,301.1,0.0,0.3,-0.5,0.4,95.8,0.0,0.0,264.40000000000003,0.0,21.4,18.5,18.5,20.1,300.0,300.0,29.1,31.8,28.0,27.200000000000003,29.1,4.95,1.99,4.97,0.16,0.0,0.0,1027.0,8228.0,0.0,0.0,0.0,0.0,0.0,1.0,0.0,0.0,0.0,0.0,0.0,-0.5,0.0,0.2,0.0,0.0,16.0,25903.0
2026-07-30T18:57:19.805Z,9.288,9.3,0.0,7.4,0.0,0.0,0.0,0.0,0.0,0.0,0.0,0.0,1.0,0.0,0.0,0.0,9.0,4.0,0.0,0.0,0.0,0.0,0.0,0.0,0.0,0.0,4.0,12.0,1.0,12.15,5.01,2.51,1.49,0.0,0.0,0.0,301.1,0.0,-0.1,-0.5,-1.8,95.8,0.0,0.0,264.3,0.0,21.4,18.5,18.5,20.1,300.0,300.0,29.1,31.8,28.0,27.200000000000003,29.1,4.95,2.0,4.97,0.16,0.0,0.0,1027.0,8228.0,0.0,0.0,0.0,0.0,0.0,1.0,0.0,0.0,0.0,0.0,0.0,1.6,0.0,1.8,0.0,0.0,16.0,25903.0
2026-07-30T18:57:19.818Z,9.301,9.312,0.0,7.4,0.0,0.0,0.0,0.0,0.0,0.0,0.0,0.0,1.0,0.0,0.0,0.0,9.0,4.0,0.0,0.0,0.0,0.0,0.0,0.0,0.0,0.0,5.0,12.0,1.0,12.15,5.01,2.51,1.49,0.0,0.0,0.0,301.1,0.0,-0.7000000000000001,0.0,2.2,95.8,0.0,0.0,264.2,0.0,21.4,18.5,18.5,20.1,300.0,300.0,29.1,31.8,28.0,27.200000000000003,29.1,4.96,2.0,4.97,0.16,0.0,0.0,1027.0,8228.0,0.0,0.0,0.0,0.0,0.0,1.0,0.0,0.0,0.0,0.0,0.0,-2.1,0.0,-1.6,0.0,0.0,16.0,25903.0
2026-07-30T18:57:19.830Z,9.313,9.324,0.0,7.4,0.0,0.0,0.0,0.0,0.0,0.0,0.0,0.0,1.0,0.0,0.0,0.0,9.0,4.0,0.0,0.0,0.0,0.0,0.0,0.0,0.0,0.0,6.0,12.0,1.0,12.15,5.01,2.51,1.49,0.0,0.0,0.0,301.1,0.0,0.4,-0.5,1.1,95.8,0.0,0.0,264.2,0.0,21.4,18.5,18.5,20.1,300.0,300.0,29.1,31.8,28.0,27.200000000000003,29.1,4.95,1.99,4.97,0.16,0.0,0.0,1027.0,8228.0,0.0,0.0,0.0,0.0,0.0,1.0,0.0,0.0,0.0,0.0,0.0,-1.1,0.0,-0.1,0.0,0.0,16.0,25903.0
2026-07-30T18:57:19.841Z,9.324,9.336,0.0,7.4,0.0,0.0,0.0,0.0,0.0,0.0,0.0,0.0,1.0,0.0,0.0,0.0,9.0,4.0,0.0,0.0,0.0,0.0,0.0,0.0,0.0,0.0,6.0,12.0,1.0,12.15,5.01,2.51,1.49,0.0,0.0,0.0,301.1,0.0,0.9,1.2000000000000002,-0.1,95.8,0.0,0.0,264.2,0.0,21.4,18.5,18.5,20.1,300.0,300.0,29.1,31.8,28.0,27.200000000000003,29.1,4.95,1.99,4.96,0.16,0.0,0.0,1027.0,8228.0,0.0,0.0,0.0,0.0,0.0,1.0,0.0,0.0,0.0,0.0,0.0,0.2,0.0,-1.3,0.0,0.0,16.0,25903.0
2026-07-30T18:57:19.853Z,9.336,9.348,0.0,7.4,0.0,0.0,0.0,0.0,0.0,0.0,0.0,0.0,1.0,0.0,0.0,0.0,9.0,4.0,0.0,0.0,0.0,0.0,0.0,0.0,0.0,0.0,2.0,12.0,1.0,12.15,5.01,2.51,1.49,0.0,0.0,0.0,301.1,0.0,-0.7000000000000001,0.0,-0.6000000000000001,95.8,0.0,0.0,264.2,0.0,21.4,18.5,18.5,20.1,300.0,300.0,29.1,31.8,28.0,27.200000000000003,29.1,4.96,2.0,4.96,0.16,0.0,0.0,1027.0,8228.0,0.0,0.0,0.0,0.0,0.0,1.0,0.0,0.0,0.0,0.0,0.0,0.6000000000000001,0.0,0.4,0.0,0.0,16.0,25903.0
2026-07-30T18:57:19.865Z,9.348,9.36,0.0,7.4,0.0,0.0,0.0,0.0,0.0,0.0,0.0,0.0,1.0,0.0,0.0,0.0,9.0,4.0,0.0,0.0,0.0,0.0,0.0,0.0,0.0,0.0,3.0,12.0,1.0,12.15,5.01,2.51,1.49,0.0,0.0,0.0,301.1,0.0,1.5,-1.1,-0.6000000000000001,95.8,0.0,0.0,264.2,0.0,21.4,18.5,18.5,20.1,300.0,300.0,29.1,31.8,28.0,27.200000000000003,29.1,4.95,2.0,4.96,0.16,0.0,0.0,1027.0,8228.0,0.0,0.0,0.0,0.0,0.0,1.0,0.0,0.0,0.0,0.0,0.0,0.4,0.0,1.7000000000000002,0.0,0.0,16.0,25903.0
2026-07-30T18:57:19.877Z,9.36,9.372,0.0,7.4,0.0,0.0,0.0,0.0,0.0,0.0,0.0,0.0,1.0,0.0,0.0,0.0,9.0,4.0,0.0,0.0,0.0,0.0,0.0,0.0,0.0,0.0,4.0,12.0,1.0,12.15,5.01,2.51,1.49,0.0,0.0,0.0,301.2,0.0,-0.1,-0.5,0.0,95.8,0.0,0.0,264.2,0.0,21.4,18.5,18.5,20.1,300.0,300.0,29.1,31.8,28.0,27.200000000000003,29.1,4.95,1.99,4.97,0.16,0.0,0.0,1027.0,8228.0,0.0,0.0,0.0,0.0,0.0,1.0,0.0,0.0,0.0,0.0,0.0,0.0,0.0,0.6000000000000001,0.0,0.0,16.0,25903.0
2026-07-30T18:57:19.890Z,9.373,9.384,0.0,7.4,0.0,0.0,0.0,0.0,0.0,0.0,0.0,0.0,1.0,0.0,0.0,0.0,9.0,4.0,0.0,0.0,0.0,0.0,0.0,0.0,0.0,0.0,5.0,12.0,1.0,12.18,5.01,2.5,1.49,0.0,0.0,0.0,301.1,0.0,-0.1,-0.5,-0.6000000000000001,95.8,0.0,0.0,264.2,0.0,21.4,18.6,18.6,20.200000000000003,300.0,300.0,29.1,31.8,28.0,27.200000000000003,29.1,4.95,1.99,4.96,0.16,0.0,0.0,1027.0,8228.0,0.0,0.0,0.0,0.0,0.0,1.0,0.0,0.0,0.0,0.0,0.0,0.5,0.0,1.0,0.0,0.0,16.0,25903.0
2026-07-30T18:57:19.901Z,9.384,9.396,0.0,7.4,0.0,0.0,0.0,0.0,0.0,0.0,0.0,0.0,1.0,0.0,0.0,0.0,9.0,4.0,0.0,0.0,0.0,0.0,0.0,0.0,0.0,0.0,6.0,12.0,1.0,12.18,5.01,2.5,1.49,0.0,0.0,0.0,301.1,0.0,0.4,0.5,1.1,95.8,0.0,0.0,264.3,0.0,21.4,18.6,18.6,20.200000000000003,300.0,300.0,29.1,31.8,28.0,27.200000000000003,29.1,4.96,1.99,4.96,0.16,0.0,0.0,1027.0,8228.0,0.0,0.0,0.0,0.0,0.0,1.0,0.0,0.0,0.0,0.0,0.0,-0.9,0.0,-1.4,0.0,0.0,16.0,25903.0
2026-07-30T18:57:19.913Z,9.396,9.408,0.0,7.4,0.0,0.0,0.0,0.0,0.0,0.0,0.0,0.0,1.0,0.0,0.0,0.0,9.0,4.0,0.0,0.0,0.0,0.0,0.0,0.0,0.0,0.0,2.0,12.0,1.0,12.18,5.01,2.5,1.49,0.0,0.0,0.0,301.1,0.0,-0.1,-0.5,1.1,95.8,0.0,0.0,264.2,0.0,21.4,18.6,18.6,20.200000000000003,300.0,300.0,29.1,31.8,28.0,27.200000000000003,29.1,4.95,1.99,4.97,0.16,0.0,0.0,1027.0,8228.0,0.0,0.0,0.0,0.0,0.0,1.0,0.0,0.0,0.0,0.0,0.0,-1.1,0.0,-0.1,0.0,0.0,16.0,25903.0
2026-07-30T18:57:19.925Z,9.408,9.42,0.0,7.4,0.0,0.0,0.0,0.0,0.0,0.0,0.0,0.0,1.0,0.0,0.0,0.0,9.0,4.0,0.0,0.0,0.0,0.0,0.0,0.0,0.0,0.0,3.0,12.0,1.0,12.18,5.01,2.5,1.49,0.0,0.0,0.0,301.2,0.0,1.0,0.6000000000000001,1.1,95.8,0.0,0.0,264.2,0.0,21.4,18.6,18.6,20.200000000000003,300.0,300.0,29.1,31.8,28.0,27.200000000000003,29.1,4.96,1.99,4.96,0.16,0.0,0.0,1027.0,8228.0,0.0,0.0,0.0,0.0,0.0,1.0,0.0,0.0,0.0,0.0,0.0,-1.0,0.0,-1.4,0.0,0.0,16.0,25903.0
2026-07-30T18:57:19.937Z,9.42,9.432,0.0,7.4,0.0,0.0,0.0,0.0,0.0,0.0,0.0,0.0,1.0,0.0,0.0,0.0,9.0,4.0,0.0,0.0,0.0,0.0,0.0,0.0,0.0,0.0,4.0,12.0,1.0,12.18,5.01,2.5,1.49,0.0,0.0,0.0,301.1,0.0,-0.1,-0.5,0.0,95.8,0.0,0.0,264.2,0.0,21.4,18.6,18.6,20.200000000000003,300.0,300.0,29.1,31.8,28.0,27.200000000000003,29.1,4.96,1.99,4.97,0.16,0.0,0.0,1027.0,8228.0,0.0,0.0,0.0,0.0,0.0,1.0,0.0,0.0,0.0,0.0,0.0,0.0,0.0,0.6000000000000001,0.0,0.0,16.0,25903.0
2026-07-30T18:57:19.949Z,9.432,9.444,0.0,7.4,0.0,0.0,0.0,0.0,0.0,0.0,0.0,0.0,1.0,0.0,0.0,0.0,9.0,4.0,0.0,0.0,0.0,0.0,0.0,0.0,0.0,0.0,5.0,12.0,1.0,12.18,5.01,2.5,1.49,0.0,0.0,0.0,301.1,0.0,0.4,0.6000000000000001,0.5,95.8,0.0,0.0,264.2,0.0,21.4,18.6,18.6,20.200000000000003,300.0,300.0,29.1,31.8,28.0,27.200000000000003,29.1,4.95,1.99,4.97,0.16,0.0,0.0,1027.0,8228.0,0.0,0.0,0.0,0.0,0.0,1.0,0.0,0.0,0.0,0.0,0.0,-0.4,0.0,-1.0,0.0,0.0,16.0,25903.0
2026-07-30T18:57:19.961Z,9.444,9.456,0.0,7.4,0.0,0.0,0.0,0.0,0.0,0.0,0.0,0.0,1.0,0.0,0.0,0.0,9.0,4.0,0.0,0.0,0.0,0.0,0.0,0.0,0.0,0.0,1.0,12.0,1.0,12.18,5.01,2.5,1.49,0.0,0.0,0.0,301.1,0.0,-0.1,-0.5,1.1,95.8,0.0,0.0,264.2,0.0,21.4,18.6,18.6,20.200000000000003,300.0,300.0,29.1,31.8,28.0,27.200000000000003,29.1,4.96,1.99,4.97,0.16,0.0,0.0,1027.0,8228.0,0.0,0.0,0.0,0.0,0.0,1.0,0.0,0.0,0.0,0.0,0.0,-1.1,0.0,-0.1,0.0,0.0,16.0,25903.0
2026-07-30T18:57:19.973Z,9.456,9.468,0.0,7.4,0.0,0.0,0.0,0.0,0.0,0.0,0.0,0.0,1.0,0.0,0.0,0.0,9.0,4.0,0.0,0.0,0.0,0.0,0.0,0.0,0.0,0.0,2.0,12.0,1.0,12.18,5.01,2.5,1.49,0.0,0.0,0.0,301.1,0.0,-0.7000000000000001,0.0,-0.6000000000000001,95.8,0.0,0.0,264.2,0.0,21.4,18.6,18.6,20.200000000000003,300.0,300.0,29.1,31.8,28.0,27.200000000000003,29.1,4.96,1.99,4.96,0.16,0.0,0.0,1027.0,8228.0,0.0,0.0,0.0,0.0,0.0,1.0,0.0,0.0,0.0,0.0,0.0,0.6000000000000001,0.0,0.4,0.0,0.0,16.0,25903.0
2026-07-30T18:57:19.986Z,9.469,9.48,0.0,7.4,0.0,0.0,0.0,0.0,0.0,0.0,0.0,0.0,1.0,0.0,0.0,0.0,9.0,4.0,0.0,0.0,0.0,0.0,0.0,0.0,0.0,0.0,3.0,12.0,1.0,12.18,5.01,2.5,1.49,0.0,0.0,0.0,301.2,0.0,0.3,1.7000000000000002,0.5,95.8,0.0,0.0,264.2,0.0,21.4,18.6,18.6,20.200000000000003,300.0,300.0,29.1,31.8,28.0,27.200000000000003,29.1,4.96,1.99,4.97,0.16,0.0,0.0,1027.0,8228.0,0.0,0.0,0.0,0.0,0.0,1.0,0.0,0.0,0.0,0.0,0.0,-0.2,0.0,-2.3000000000000003,0.0,0.0,16.0,25903.0
2026-07-30T18:57:19.997Z,9.48,9.492,0.0,7.4,0.0,0.0,0.0,0.0,0.0,0.0,0.0,0.0,1.0,0.0,0.0,0.0,9.0,4.0,0.0,0.0,0.0,0.0,0.0,0.0,0.0,0.0,5.0,12.0,1.0,12.13,5.01,2.51,1.49,0.0,0.0,0.0,301.2,0.0,-0.2,0.0,0.0,95.8,0.0,0.0,264.2,0.0,21.4,18.7,18.7,20.3,300.0,300.0,29.1,31.8,28.0,27.200000000000003,29.1,4.95,1.99,4.97,0.16,0.0,0.0,1027.0,8228.0,0.0,0.0,0.0,0.0,0.0,1.0,0.0,0.0,0.0,0.0,0.0,0.0,0.0,0.0,0.0,0.0,16.0,25903.0
2026-07-30T18:57:20.013Z,9.496,9.504,0.0,7.4,0.0,0.0,0.0,0.0,0.0,0.0,0.0,0.0,1.0,0.0,0.0,0.0,9.0,4.0,0.0,0.0,0.0,0.0,0.0,0.0,0.0,0.0,6.0,12.0,1.0,12.13,5.01,2.51,1.49,0.0,0.0,0.0,301.1,0.0,0.3,-0.5,-0.6000000000000001,95.8,0.0,0.0,264.40000000000003,0.0,21.4,18.7,18.7,20.3,300.0,300.0,29.1,31.8,28.0,27.200000000000003,29.1,4.96,1.99,4.96,0.16,0.0,0.0,1027.0,8228.0,0.0,0.0,0.0,0.0,0.0,1.0,0.0,0.0,0.0,0.0,0.0,0.5,0.0,1.1,0.0,0.0,16.0,25903.0
2026-07-30T18:57:20.021Z,9.504,9.516,0.0,7.4,0.0,0.0,0.0,0.0,0.0,0.0,0.0,0.0,1.0,0.0,0.0,0.0,9.0,4.0,0.0,0.0,0.0,0.0,0.0,0.0,0.0,0.0,5.0,12.0,1.0,12.13,5.01,2.51,1.49,0.0,0.0,0.0,301.1,0.0,0.4,0.6000000000000001,1.6,95.8,0.0,0.0,264.2,0.0,21.4,18.7,18.7,20.3,300.0,300.0,29.1,31.8,28.0,27.200000000000003,29.1,4.96,2.0,4.97,0.16,0.0,0.0,1027.0,8228.0,0.0,0.0,0.0,0.0,0.0,1.0,0.0,0.0,0.0,0.0,0.0,-1.4,0.0,-1.8,0.0,0.0,16.0,25903.0
2026-07-30T18:57:20.033Z,9.516,9.528,0.0,7.4,0.0,0.0,0.0,0.0,0.0,0.0,0.0,0.0,1.0,0.0,0.0,0.0,9.0,4.0,0.0,0.0,0.0,0.0,0.0,0.0,0.0,0.0,1.0,12.0,1.0,12.13,5.01,2.51,1.49,0.0,0.0,0.0,301.1,0.0,-0.7000000000000001,-0.5,-0.7000000000000001,95.8,0.0,0.0,264.2,0.0,21.4,18.7,18.7,20.3,300.0,300.0,29.1,31.8,28.0,27.200000000000003,29.1,4.96,1.99,4.96,0.16,0.0,0.0,1027.0,8228.0,0.0,0.0,0.0,0.0,0.0,1.0,0.0,0.0,0.0,0.0,0.0,0.6000000000000001,0.0,1.1,0.0,0.0,16.0,25903.0
2026-07-30T18:57:20.046Z,9.529,9.54,0.0,7.4,0.0,0.0,0.0,0.0,0.0,0.0,0.0,0.0,1.0,0.0,0.0,0.0,9.0,4.0,0.0,0.0,0.0,0.0,0.0,0.0,0.0,0.0,2.0,12.0,1.0,12.13,5.01,2.51,1.49,0.0,0.0,0.0,301.1,0.0,0.3,1.1,-0.7000000000000001,95.8,0.0,0.0,264.2,0.0,21.4,18.7,18.7,20.3,300.0,300.0,29.1,31.8,28.0,27.200000000000003,29.1,4.95,1.99,4.96,0.16,0.0,0.0,1027.0,8228.0,0.0,0.0,0.0,0.0,0.0,1.0,0.0,0.0,0.0,0.0,0.0,0.8,0.0,-0.8,0.0,0.0,16.0,25903.0
2026-07-30T18:57:20.057Z,9.54,9.552,0.0,7.4,0.0,0.0,0.0,0.0,0.0,0.0,0.0,0.0,1.0,0.0,0.0,0.0,9.0,4.0,0.0,0.0,0.0,0.0,0.0,0.0,0.0,0.0,3.0,12.0,1.0,12.13,5.01,2.51,1.49,0.0,0.1,0.0,301.1,0.0,-0.2,0.5,0.4,95.8,0.0,0.0,264.2,0.0,21.4,18.7,18.7,20.3,300.0,300.0,29.1,31.8,28.0,27.200000000000003,29.1,4.96,1.99,4.96,0.16,0.0,0.0,1027.0,8228.0,0.0,0.0,0.0,0.0,0.0,1.0,0.0,0.0,0.0,0.0,0.0,-0.3,0.0,-1.0,0.0,0.0,16.0,25903.0
2026-07-30T18:57:20.069Z,9.552,9.564,0.0,7.4,0.0,0.0,0.0,0.0,0.0,0.0,0.0,0.0,1.0,0.0,0.0,0.0,9.0,4.0,0.0,0.0,0.0,0.0,0.0,0.0,0.0,0.0,4.0,12.0,1.0,12.13,5.01,2.51,1.49,0.0,0.0,0.0,301.1,0.0,-0.1,-1.1,0.0,95.8,0.0,0.0,264.2,0.0,21.4,18.7,18.7,20.3,300.0,300.0,29.1,31.8,28.0,27.200000000000003,29.1,4.95,1.99,4.97,0.16,0.0,0.0,1027.0,8228.0,0.0,0.0,0.0,0.0,0.0,1.0,0.0,0.0,0.0,0.0,0.0,0.0,0.0,1.3,0.0,0.0,16.0,25903.0
2026-07-30T18:57:20.081Z,9.564,9.576,0.0,7.4,0.0,0.0,0.0,0.0,0.0,0.0,0.0,0.0,1.0,0.0,0.0,0.0,9.0,4.0,0.0,0.0,0.0,0.0,0.0,0.0,0.0,0.0,5.0,12.0,1.0,12.13,5.01,2.51,1.49,0.0,0.0,0.0,301.1,0.0,0.9,1.2000000000000002,1.0,95.8,0.0,0.0,264.2,0.0,21.4,18.7,18.7,20.3,300.0,300.0,29.1,31.8,28.0,27.200000000000003,29.1,4.95,1.99,4.96,0.16,0.0,0.0,1027.0,8228.0,0.0,0.0,0.0,0.0,0.0,1.0,0.0,0.0,0.0,0.0,0.0,-0.8,0.0,-2.1,0.0,0.0,16.0,25903.0
2026-07-30T18:57:20.094Z,9.577,9.588,0.0,7.4,0.0,0.0,0.0,0.0,0.0,0.0,0.0,0.0,1.0,0.0,0.0,0.0,9.0,4.0,0.0,0.0,0.0,0.0,0.0,0.0,0.0,0.0,1.0,12.0,1.0,12.15,5.01,2.51,1.49,0.0,0.0,0.0,301.1,0.0,-0.2,0.0,-1.8,95.8,0.0,0.0,264.2,0.0,21.700000000000003,18.9,18.9,20.4,300.0,300.0,29.200000000000003,31.8,28.0,27.200000000000003,29.1,4.95,1.99,4.96,0.16,0.0,0.0,1027.0,8228.0,0.0,0.0,0.0,0.0,0.0,1.0,0.0,0.0,0.0,0.0,0.0,1.7000000000000002,0.0,1.1,0.0,0.0,16.0,25903.0
2026-07-30T18:57:20.105Z,9.588,9.6,0.0,7.4,0.0,0.0,0.0,0.0,0.0,0.0,0.0,0.0,1.0,0.0,0.0,0.0,9.0,4.0,0.0,0.0,0.0,0.0,0.0,0.0,0.0,0.0,3.0,12.0,1.0,12.15,5.01,2.51,1.49,0.0,0.0,0.0,301.1,0.0,0.9,-0.4,-0.1,95.8,0.0,0.0,264.3,0.0,21.700000000000003,18.9,18.9,20.4,300.0,300.0,29.200000000000003,31.8,28.0,27.200000000000003,29.1,4.95,1.99,4.96,0.16,0.0,0.0,1027.0,8228.0,0.0,0.0,0.0,0.0,0.0,1.0,0.0,0.0,0.0,0.0,0.0,0.0,0.0,0.6000000000000001,0.0,0.0,16.0,25903.0
2026-07-30T18:57:20.117Z,9.6,9.612,0.0,7.4,0.0,0.0,0.0,0.0,0.0,0.0,0.0,0.0,1.0,0.0,0.0,0.0,9.0,4.0,0.0,0.0,0.0,0.0,0.0,0.0,0.0,0.0,4.0,12.0,1.0,12.15,5.01,2.51,1.49,0.0,0.0,0.0,301.1,0.0,0.3,0.0,1.0,95.8,0.0,0.0,264.2,0.0,21.700000000000003,18.9,18.9,20.4,300.0,300.0,29.200000000000003,31.8,28.0,27.200000000000003,29.1,4.95,1.99,4.97,0.16,0.0,0.0,1027.0,8228.0,0.0,0.0,0.0,0.0,0.0,1.0,0.0,0.0,0.0,0.0,0.0,-0.9,0.0,-0.7000000000000001,0.0,0.0,16.0,25903.0
2026-07-30T18:57:20.129Z,9.612,9.624,0.0,7.4,0.0,0.0,0.0,0.0,0.0,0.0,0.0,0.0,1.0,0.0,0.0,0.0,9.0,4.0,0.0,0.0,0.0,0.0,0.0,0.0,0.0,0.0,5.0,12.0,1.0,12.15,5.01,2.51,1.49,0.0,0.0,0.0,301.1,0.0,0.3,0.6000000000000001,0.4,95.8,0.0,0.0,264.2,0.0,21.700000000000003,18.9,18.9,20.4,300.0,300.0,29.200000000000003,31.8,28.0,27.200000000000003,29.1,4.95,1.99,4.96,0.16,0.0,0.0,1027.0,8228.0,0.0,0.0,0.0,0.0,0.0,1.0,0.0,0.0,0.0,0.0,0.0,-0.3,0.0,-1.0,0.0,0.0,16.0,25903.0
2026-07-30T18:57:20.141Z,9.624,9.636,0.0,7.4,0.0,0.0,0.0,0.0,0.0,0.0,0.0,0.0,1.0,0.0,0.0,0.0,9.0,4.0,0.0,0.0,0.0,0.0,0.0,0.0,0.0,0.0,6.0,12.0,1.0,12.15,5.01,2.51,1.49,0.0,0.0,0.0,301.1,0.0,-0.2,1.8,2.1,95.8,0.0,0.0,264.2,0.0,21.700000000000003,18.9,18.9,20.4,300.0,300.0,29.200000000000003,31.8,28.0,27.200000000000003,29.1,4.95,1.99,4.96,0.16,0.0,0.0,1027.0,8228.0,0.0,0.0,0.0,0.0,0.0,1.0,0.0,0.0,0.0,0.0,0.0,-1.8,0.0,-3.6,0.0,0.0,16.0,25903.0
2026-07-30T18:57:20.153Z,9.636,9.648,0.0,7.4,0.0,0.0,0.0,0.0,0.0,0.0,0.0,0.0,1.0,0.0,0.0,0.0,9.0,4.0,0.0,0.0,0.0,0.0,0.0,0.0,0.0,0.0,1.0,12.0,1.0,12.15,5.01,2.51,1.49,0.0,0.0,0.0,301.1,0.0,-0.2,-0.4,-0.1,95.8,0.0,0.0,264.2,0.0,21.700000000000003,18.9,18.9,20.4,300.0,300.0,29.200000000000003,31.8,28.0,27.200000000000003,29.1,4.95,1.99,4.96,0.16,0.0,0.0,1027.0,8228.0,0.0,0.0,0.0,0.0,0.0,1.0,0.0,0.0,0.0,0.0,0.0,0.0,0.0,0.6000000000000001,0.0,0.0,16.0,25903.0
2026-07-30T18:57:20.165Z,9.648,9.66,0.0,7.4,0.0,0.0,0.0,0.0,0.0,0.0,0.0,0.0,1.0,0.0,0.0,0.0,9.0,4.0,0.0,0.0,0.0,0.0,0.0,0.0,0.0,0.0,3.0,12.0,1.0,12.15,5.01,2.51,1.49,0.0,0.0,0.0,301.1,0.0,-0.1,-0.4,0.0,95.8,0.0,0.0,264.2,0.0,21.700000000000003,18.9,18.9,20.4,300.0,300.0,29.200000000000003,31.8,28.0,27.200000000000003,29.1,4.96,1.99,4.96,0.16,0.0,0.0,1027.0,8228.0,0.0,0.0,0.0,0.0,0.0,1.0,0.0,0.0,0.0,0.0,0.0,0.0,0.0,0.5,0.0,0.0,16.0,25903.0
2026-07-30T18:57:20.177Z,9.66,9.672,0.0,7.4,0.0,0.0,0.0,0.0,0.0,0.0,0.0,0.0,1.0,0.0,0.0,0.0,9.0,4.0,0.0,0.0,0.0,0.0,0.0,0.0,0.0,0.0,4.0,12.0,1.0,12.15,5.01,2.51,1.49,0.0,0.0,0.0,301.1,0.0,-0.2,0.6000000000000001,1.7000000000000002,95.8,0.0,0.0,264.2,0.0,21.700000000000003,18.9,18.9,20.4,300.0,300.0,29.200000000000003,31.8,28.0,27.200000000000003,29.1,4.96,1.99,4.96,0.16,0.0,0.0,1027.0,8228.0,0.0,0.0,0.0,0.0,0.0,1.0,0.0,0.0,0.0,0.0,0.0,-1.5,0.0,-1.9,0.0,0.0,16.0,25903.0
2026-07-30T18:57:20.189Z,9.672,9.684,0.0,7.4,0.0,0.0,0.0,0.0,0.0,0.0,0.0,0.0,1.0,0.0,0.0,0.0,9.0,4.0,0.0,0.0,0.0,0.0,0.0,0.0,0.0,0.0,5.0,12.0,1.0,12.15,5.01,2.51,1.49,0.0,0.0,0.0,301.1,0.0,0.3,0.6000000000000001,-0.6000000000000001,95.8,0.0,0.0,264.2,0.0,21.700000000000003,18.9,18.9,20.4,300.0,300.0,29.200000000000003,31.8,28.0,27.200000000000003,29.1,4.95,1.99,4.96,0.16,0.0,0.0,1027.0,8228.0,0.0,0.0,0.0,0.0,0.0,1.0,0.0,0.0,0.0,0.0,0.0,0.6000000000000001,0.0,-0.3,0.0,0.0,16.0,25903.0
2026-07-30T18:57:20.201Z,9.684,9.696,0.0,7.4,0.0,0.0,0.0,0.0,0.0,0.0,0.0,0.0,1.0,0.0,0.0,0.0,9.0,4.0,0.0,0.0,0.0,0.0,0.0,0.0,0.0,0.0,6.0,12.0,1.0,12.17,5.0200000000000005,2.51,1.49,0.0,0.0,0.0,301.1,0.0,-0.2,0.1,1.1,95.8,0.0,0.0,264.3,0.0,21.0,19.0,19.0,20.5,300.0,300.0,29.0,31.9,28.0,27.200000000000003,29.1,4.95,1.99,4.97,0.16,0.0,0.0,1027.0,8228.0,0.0,0.0,0.0,0.0,0.0,1.0,0.0,0.0,0.0,0.0,0.0,-1.0,0.0,-0.8,0.0,0.0,16.0,25903.0
2026-07-30T18:57:20.213Z,9.696,9.708,0.0,7.4,0.0,0.0,0.0,0.0,0.0,0.0,0.0,0.0,1.0,0.0,0.0,0.0,9.0,4.0,0.0,0.0,0.0,0.0,0.0,0.0,0.0,0.0,2.0,12.0,1.0,12.17,5.0200000000000005,2.51,1.49,0.0,0.0,0.0,301.1,0.0,-0.2,0.0,0.0,95.8,0.0,0.0,264.3,0.0,21.0,19.0,19.0,20.5,300.0,300.0,29.0,31.9,28.0,27.200000000000003,29.1,4.96,1.99,4.96,0.16,0.0,0.0,1027.0,8228.0,0.0,0.0,0.0,0.0,0.0,1.0,0.0,0.0,0.0,0.0,0.0,0.0,0.0,0.0,0.0,0.0,16.0,25903.0
2026-07-30T18:57:20.225Z,9.708,9.72,0.0,7.4,0.0,0.0,0.0,0.0,0.0,0.0,0.0,0.0,1.0,0.0,0.0,0.0,9.0,4.0,0.0,0.0,0.0,0.0,0.0,0.0,0.0,0.0,2.0,12.0,1.0,12.17,5.0200000000000005,2.51,1.49,0.0,0.0,0.0,301.1,0.0,-0.8,-1.0,-1.7000000000000002,95.8,0.0,0.0,264.2,0.0,21.0,19.0,19.0,20.5,300.0,300.0,29.0,31.9,28.0,27.200000000000003,29.1,4.96,1.99,4.97,0.16,0.0,0.0,1027.0,8228.0,0.0,0.0,0.0,0.0,0.0,1.0,0.0,0.0,0.0,0.0,0.0,1.5,0.0,2.4000000000000004,0.0,0.0,16.0,25903.0
2026-07-30T18:57:20.237Z,9.72,9.732,0.0,7.4,0.0,0.0,0.0,0.0,0.0,0.0,0.0,0.0,1.0,0.0,0.0,0.0,9.0,4.0,0.0,0.0,0.0,0.0,0.0,0.0,0.0,0.0,3.0,12.0,1.0,12.17,5.0200000000000005,2.51,1.49,0.0,0.0,0.0,301.1,0.0,0.3,1.2000000000000002,0.5,95.8,0.0,0.0,264.2,0.0,21.0,19.0,19.0,20.5,300.0,300.0,29.0,31.9,28.0,27.200000000000003,29.1,4.95,1.99,4.97,0.16,0.0,0.0,1027.0,8228.0,0.0,0.0,0.0,0.0,0.0,1.0,0.0,0.0,0.0,0.0,0.0,0.5,0.0,0.2,0.0,0.0,16.0,25903.0
2026-07-30T18:57:20.249Z,9.732,9.744,0.0,7.4,0.0,0.0,0.0,0.0,0.0,0.0,0.0,0.0,1.0,0.0,0.0,0.0,9.0,4.0,0.0,0.0,0.0,0.0,0.0,0.0,0.0,0.0,5.0,12.0,1.0,12.17,5.0200000000000005,2.51,1.49,0.0,0.0,0.0,301.1,0.0,-0.2,-1.0,-0.5,95.8,0.0,0.0,264.2,0.0,21.0,19.0,19.0,20.5,300.0,300.0,29.0,31.9,28.0,27.200000000000003,29.1,4.96,1.99,4.97,0.16,0.0,0.0,1027.0,8228.0,0.0,0.0,0.0,0.0,0.0,1.0,0.0,0.0,0.0,0.0,0.0,0.0,0.0,0.5,0.0,0.0,16.0,25903.0
2026-07-30T18:57:20.261Z,9.744,9.756,0.0,7.4,0.0,0.0,0.0,0.0,0.0,0.0,0.0,0.0,1.0,0.0,0.0,0.0,9.0,4.0,0.0,0.0,0.0,0.0,0.0,0.0,0.0,0.0,6.0,12.0,1.0,12.17,5.0200000000000005,2.51,1.49,0.0,0.0,0.0,301.1,0.0,-0.2,0.0,0.5,95.8,0.0,0.0,264.2,0.0,21.0,19.0,19.0,20.5,300.0,300.0,29.0,31.9,28.0,27.200000000000003,29.1,4.95,1.99,4.96,0.16,0.0,0.0,1027.0,8228.0,0.0,0.0,0.0,0.0,0.0,1.0,0.0,0.0,0.0,0.0,0.0,1.1,0.0,0.7000000000000001,0.0,0.0,16.0,25903.0
2026-07-30T18:57:20.273Z,9.756,9.768,0.0,7.4,0.0,0.0,0.0,0.0,0.0,0.0,0.0,0.0,1.0,0.0,0.0,0.0,9.0,4.0,0.0,0.0,0.0,0.0,0.0,0.0,0.0,0.0,1.0,12.0,1.0,12.17,5.0200000000000005,2.51,1.49,0.0,0.0,0.0,301.1,0.0,-0.2,1.2000000000000002,1.1,95.8,0.0,0.0,264.2,0.0,21.0,19.0,19.0,20.5,300.0,300.0,29.0,31.9,28.0,27.200000000000003,29.1,4.95,1.99,4.97,0.16,0.0,0.0,1027.0,8228.0,0.0,0.0,0.0,0.0,0.0,1.0,0.0,0.0,0.0,0.0,0.0,-0.8,0.0,-2.1,0.0,0.0,16.0,25903.0
2026-07-30T18:57:20.285Z,9.768,9.78,0.0,7.4,0.0,0.0,0.0,0.0,0.0,0.0,0.0,0.0,1.0,0.0,0.0,0.0,9.0,4.0,0.0,0.0,0.0,0.0,0.0,0.0,0.0,0.0,2.0,12.0,1.0,12.17,5.0200000000000005,2.51,1.49,0.0,0.0,0.0,301.1,0.0,0.3,0.6000000000000001,0.0,95.8,0.0,0.0,264.2,0.0,21.0,19.0,19.0,20.5,300.0,300.0,29.0,31.9,28.0,27.200000000000003,29.1,4.95,1.99,4.97,0.16,0.0,0.0,1027.0,8228.0,0.0,0.0,0.0,0.0,0.0,1.0,0.0,0.0,0.0,0.0,0.0,0.1,0.0,-0.7000000000000001,0.0,0.0,16.0,25903.0
2026-07-30T18:57:20.298Z,9.781,9.792,0.0,7.4,0.0,0.0,0.0,0.0,0.0,0.0,0.0,0.0,1.0,0.0,0.0,0.0,9.0,4.0,0.0,0.0,0.0,0.0,0.0,0.0,0.0,0.0,3.0,12.0,1.0,12.18,5.01,2.51,1.49,0.0,0.0,0.0,301.1,0.0,-0.2,-1.0,-1.2000000000000002,95.8,0.0,0.0,264.3,0.0,21.700000000000003,19.1,19.1,20.6,300.0,300.0,29.200000000000003,31.9,27.9,27.200000000000003,29.1,4.96,1.99,4.96,0.16,0.0,0.0,1027.0,8228.0,0.0,0.0,0.0,0.0,0.0,1.0,0.0,0.0,0.0,0.0,0.0,1.0,0.0,2.0,0.0,0.0,16.0,25903.0
2026-07-30T18:57:20.309Z,9.792,9.804,0.0,7.4,0.0,0.0,0.0,0.0,0.0,0.0,0.0,0.0,1.0,0.0,0.0,0.0,9.0,4.0,0.0,0.0,0.0,0.0,0.0,0.0,0.0,0.0,4.0,12.0,1.0,12.18,5.01,2.51,1.49,0.0,0.0,0.0,301.1,0.0,-0.8,-0.5,0.0,95.8,0.0,0.0,264.2,0.0,21.700000000000003,19.1,19.1,20.6,300.0,300.0,29.200000000000003,31.9,27.9,27.200000000000003,29.1,4.95,1.99,4.97,0.16,0.0,0.0,1027.0,8228.0,0.0,0.0,0.0,0.0,0.0,1.0,0.0,0.0,0.0,0.0,0.0,0.0,0.0,0.6000000000000001,0.0,0.0,16.0,25903.0
2026-07-30T18:57:20.321Z,9.804,9.816,-0.1,7.4,0.0,0.0,0.0,0.0,0.0,0.0,0.0,0.0,1.0,0.0,0.0,0.0,9.0,4.0,0.0,0.0,0.0,0.0,0.0,0.0,0.0,0.0,5.0,12.0,1.0,12.18,5.01,2.51,1.49,0.0,0.0,0.0,301.1,0.0,0.2,1.2000000000000002,-0.1,95.8,0.0,0.0,264.2,0.0,21.700000000000003,19.1,19.1,20.6,300.0,300.0,29.200000000000003,31.9,27.9,27.200000000000003,29.1,4.95,1.99,4.97,0.16,0.0,0.0,1027.0,8228.0,0.0,0.0,0.0,0.0,0.0,1.0,0.0,0.0,0.0,0.0,0.0,0.2,0.0,-1.3,0.0,0.0,16.0,25903.0
2026-07-30T18:57:20.333Z,9.816,9.828,0.0,7.4,0.0,0.0,0.0,0.0,0.0,0.0,0.0,0.0,1.0,0.0,0.0,0.0,9.0,4.0,0.0,0.0,0.0,0.0,0.0,0.0,0.0,0.0,5.0,12.0,1.0,12.18,5.01,2.51,1.49,0.0,0.0,0.0,301.1,0.0,0.9,0.6000000000000001,0.9,95.8,0.0,0.0,264.2,0.0,21.700000000000003,19.1,19.1,20.6,300.0,300.0,29.200000000000003,31.9,27.9,27.200000000000003,29.1,4.96,1.99,4.97,0.16,0.0,0.0,1027.0,8228.0,0.0,0.0,0.0,0.0,0.0,1.0,0.0,0.0,0.0,0.0,0.0,-0.8,0.0,-1.4,0.0,0.0,16.0,25903.0
2026-07-30T18:57:20.345Z,9.828,9.84,0.0,7.4,0.0,0.0,0.0,0.0,0.0,0.0,0.0,0.0,1.0,0.0,0.0,0.0,9.0,4.0,0.0,0.0,0.0,0.0,0.0,0.0,0.0,0.0,1.0,12.0,1.0,12.18,5.01,2.51,1.49,0.0,0.0,0.0,301.2,0.0,-0.2,-0.5,-0.7000000000000001,95.8,0.0,0.0,264.2,0.0,21.700000000000003,19.1,19.1,20.6,300.0,300.0,29.200000000000003,31.9,27.9,27.200000000000003,29.1,4.95,1.99,4.96,0.16,0.0,0.0,1027.0,8228.0,0.0,0.0,0.0,0.0,0.0,1.0,0.0,0.0,0.0,0.0,0.0,0.6000000000000001,0.0,1.1,0.0,0.0,16.0,25903.0
2026-07-30T18:57:20.357Z,9.84,9.852,0.0,7.4,0.0,0.0,0.0,0.0,0.0,0.0,0.0,0.0,1.0,0.0,0.0,0.0,9.0,4.0,0.0,0.0,0.0,0.0,0.0,0.0,0.0,0.0,1.0,12.0,1.0,12.18,5.01,2.51,1.49,0.0,0.0,0.0,301.1,0.0,-0.2,-1.7000000000000002,-0.7000000000000001,95.8,0.0,0.0,264.2,0.0,21.700000000000003,19.1,19.1,20.6,300.0,300.0,29.200000000000003,31.9,27.9,27.200000000000003,29.1,4.96,1.99,4.97,0.16,0.0,0.0,1027.0,8228.0,0.0,0.0,0.0,0.0,0.0,1.0,0.0,0.0,0.0,0.0,0.0,0.5,0.0,2.5,0.0,0.0,16.0,25903.0
2026-07-30T18:57:20.369Z,9.852,9.864,0.0,7.4,0.0,0.0,0.0,0.0,0.0,0.0,0.0,0.0,1.0,0.0,0.0,0.0,9.0,4.0,0.0,0.0,0.0,0.0,0.0,0.0,0.0,0.0,3.0,12.0,1.0,12.18,5.01,2.51,1.49,0.0,0.0,0.0,301.1,0.0,-0.2,1.1,-0.1,95.8,0.0,0.0,264.2,0.0,21.700000000000003,19.1,19.1,20.6,300.0,300.0,29.200000000000003,31.9,27.9,27.200000000000003,29.1,4.96,2.0,4.96,0.16,0.0,0.0,1027.0,8228.0,0.0,0.0,0.0,0.0,0.0,1.0,0.0,0.0,0.0,0.0,0.0,0.2,0.0,-1.2000000000000002,0.0,0.0,16.0,25903.0
2026-07-30T18:57:20.381Z,9.864,9.876,0.0,7.4,0.0,0.0,0.0,0.0,0.0,0.0,0.0,0.0,1.0,0.0,0.0,0.0,9.0,4.0,0.0,0.0,0.0,0.0,0.0,0.0,0.0,0.0,4.0,12.0,1.0,12.18,5.01,2.51,1.49,0.0,0.0,0.0,301.2,0.0,-0.8,0.0,-0.1,95.8,0.0,0.0,264.2,0.0,21.700000000000003,19.1,19.1,20.6,300.0,300.0,29.200000000000003,31.9,27.9,27.200000000000003,29.1,4.96,1.99,4.96,0.16,0.0,0.0,1027.0,8228.0,0.0,0.0,0.0,0.0,0.0,1.0,0.0,0.0,0.0,0.0,0.0,0.1,0.0,0.0,0.0,0.0,16.0,25903.0
2026-07-30T18:57:20.394Z,9.877,9.888,0.0,7.4,0.0,0.0,0.0,0.0,0.0,0.0,0.0,0.0,1.0,0.0,0.0,0.0,9.0,4.0,0.0,0.0,0.0,0.0,0.0,0.0,0.0,0.0,5.0,12.0,1.0,12.18,5.01,2.51,1.49,0.0,0.0,0.0,301.1,0.0,0.9,0.0,0.4,95.8,0.0,0.0,264.2,0.0,21.700000000000003,19.1,19.1,20.6,300.0,300.0,29.200000000000003,31.9,27.9,27.200000000000003,29.1,4.95,1.99,4.97,0.16,0.0,0.0,1027.0,8228.0,0.0,0.0,0.0,0.0,0.0,1.0,0.0,0.0,0.0,0.0,0.0,-0.4,0.0,-0.3,0.0,0.0,16.0,25903.0
2026-07-30T18:57:20.405Z,9.888,9.9,0.0,7.4,0.0,0.0,0.0,0.0,0.0,0.0,0.0,0.0,1.0,0.0,0.0,0.0,9.0,4.0,0.0,0.0,0.0,0.0,0.0,0.0,0.0,0.0,1.0,12.0,1.0,12.18,5.0200000000000005,2.5,1.49,0.0,0.0,0.0,301.1,0.0,-0.2,0.0,-1.3,95.8,0.0,0.0,264.2,0.0,21.4,19.200000000000003,19.200000000000003,20.8,300.0,300.0,29.200000000000003,31.8,27.9,27.200000000000003,29.1,4.96,1.99,4.96,0.16,0.0,0.0,1027.0,8228.0,0.0,0.0,0.0,0.0,0.0,1.0,0.0,0.0,0.0,0.0,0.0,1.2000000000000002,0.0,0.8,0.0,0.0,16.0,25903.0
2026-07-30T18:57:20.417Z,9.9,9.912,0.0,7.4,0.0,0.0,0.0,0.0,0.0,0.0,0.0,0.0,1.0,0.0,0.0,0.0,9.0,4.0,0.0,0.0,0.0,0.0,0.0,0.0,0.0,0.0,2.0,12.0,1.0,12.18,5.0200000000000005,2.5,1.49,0.0,0.0,0.0,301.1,0.0,-0.2,0.6000000000000001,0.4,95.8,0.0,0.0,264.2,0.0,21.4,19.200000000000003,19.200000000000003,20.8,300.0,300.0,29.200000000000003,31.8,27.9,27.200000000000003,29.1,4.96,2.0,4.96,0.16,0.0,0.0,1027.0,8228.0,0.0,0.0,0.0,0.0,0.0,1.0,0.0,0.0,0.0,0.0,0.0,-0.3,0.0,-1.0,0.0,0.0,16.0,25903.0
2026-07-30T18:57:20.429Z,9.912,9.924,0.0,7.4,0.0,0.0,0.0,0.0,0.0,0.0,0.0,0.0,1.0,0.0,0.0,0.0,9.0,4.0,0.0,0.0,0.0,0.0,0.0,0.0,0.0,0.0,4.0,12.0,1.0,12.18,5.0200000000000005,2.5,1.49,0.0,0.0,0.0,301.1,0.0,-0.2,0.0,-0.1,95.8,0.0,0.0,264.2,0.0,21.4,19.200000000000003,19.200000000000003,20.8,300.0,300.0,29.200000000000003,31.8,27.9,27.200000000000003,29.1,4.96,1.99,4.96,0.16,0.0,0.0,1027.0,8228.0,0.0,0.0,0.0,0.0,0.0,1.0,0.0,0.0,0.0,0.0,0.0,0.1,0.0,0.0,0.0,0.0,16.0,25903.0
2026-07-30T18:57:20.442Z,9.925,9.936,0.0,7.4,0.0,0.0,0.0,0.0,0.0,0.0,0.0,0.0,1.0,0.0,0.0,0.0,9.0,4.0,0.0,0.0,0.0,0.0,0.0,0.0,0.0,0.0,4.0,12.0,1.0,12.18,5.0200000000000005,2.5,1.49,-0.1,0.0,0.0,301.1,0.0,0.3,-0.5,-0.7000000000000001,95.8,0.0,0.0,264.2,0.0,21.4,19.200000000000003,19.200000000000003,20.8,300.0,300.0,29.200000000000003,31.8,27.9,27.200000000000003,29.1,4.95,1.99,4.96,0.16,0.0,0.0,1027.0,8228.0,0.0,0.0,0.0,0.0,0.0,1.0,0.0,0.0,0.0,0.0,0.0,0.5,0.0,1.1,0.0,0.0,16.0,25903.0
2026-07-30T18:57:20.453Z,9.936,9.948,0.0,7.4,0.0,0.0,0.0,0.0,0.0,0.0,0.0,0.0,1.0,0.0,0.0,0.0,9.0,4.0,0.0,0.0,0.0,0.0,0.0,0.0,0.0,0.0,5.0,12.0,1.0,12.18,5.0200000000000005,2.5,1.49,0.0,0.0,0.0,301.1,0.0,0.3,0.0,0.9,95.8,0.0,0.0,264.2,0.0,21.4,19.200000000000003,19.200000000000003,20.8,300.0,300.0,29.200000000000003,31.8,27.9,27.200000000000003,29.1,4.96,1.99,4.96,0.16,0.0,0.0,1027.0,8228.0,0.0,0.0,0.0,0.0,0.0,1.0,0.0,0.0,0.0,0.0,0.0,-0.9,0.0,-0.6000000000000001,0.0,0.0,16.0,25903.0
2026-07-30T18:57:20.465Z,9.948,9.96,0.0,7.4,0.0,0.0,0.0,0.0,0.0,0.0,0.0,0.0,1.0,0.0,0.0,0.0,9.0,4.0,0.0,0.0,0.0,0.0,0.0,0.0,0.0,0.0,6.0,12.0,1.0,12.18,5.0200000000000005,2.5,1.49,0.0,0.0,0.0,301.2,0.0,-0.2,1.1,-0.7000000000000001,95.8,0.0,0.0,264.2,0.0,21.4,19.200000000000003,19.200000000000003,20.8,300.0,300.0,29.200000000000003,31.8,27.9,27.200000000000003,29.1,4.96,1.99,4.97,0.16,0.0,0.0,1027.0,8228.0,0.0,0.0,0.0,0.0,0.0,1.0,0.0,0.0,0.0,0.0,0.0,0.8,0.0,-0.7000000000000001,0.0,0.0,16.0,25903.0
2026-07-30T18:57:20.477Z,9.96,9.972,0.0,7.4,0.0,0.0,0.0,0.0,0.0,0.0,0.0,0.0,1.0,0.0,0.0,0.0,9.0,4.0,0.0,0.0,0.0,0.0,0.0,0.0,0.0,0.0,1.0,12.0,1.0,12.18,5.0200000000000005,2.5,1.49,0.0,0.0,0.0,301.2,0.0,0.9,0.0,-1.3,95.8,0.0,0.0,264.2,0.0,21.4,19.200000000000003,19.200000000000003,20.8,300.0,300.0,29.200000000000003,31.8,27.9,27.200000000000003,29.1,4.95,2.0,4.97,0.16,0.0,0.0,1027.0,8228.0,0.0,0.0,0.0,0.0,0.0,1.0,0.0,0.0,0.0,0.0,0.0,1.2000000000000002,0.0,0.9,0.0,0.0,16.0,25903.0
2026-07-30T18:57:20.490Z,9.973,9.984,0.0,7.4,0.0,0.0,0.0,0.0,0.0,0.0,0.0,0.0,1.0,0.0,0.0,0.0,9.0,4.0,0.0,0.0,0.0,0.0,0.0,0.0,0.0,0.0,3.0,12.0,1.0,12.18,5.0200000000000005,2.5,1.49,0.0,0.0,0.0,301.1,0.0,-1.4,0.6000000000000001,-0.1,95.8,0.0,0.0,264.2,0.0,21.4,19.200000000000003,19.200000000000003,20.8,300.0,300.0,29.200000000000003,31.8,27.9,27.200000000000003,29.1,4.96,2.0,4.96,0.16,0.0,0.0,1027.0,8228.0,0.0,0.0,0.0,0.0,0.0,1.0,0.0,0.0,0.0,0.0,0.0,0.2,0.0,-0.6000000000000001,0.0,0.0,16.0,25903.0
2026-07-30T18:57:20.502Z,9.985,9.996,0.0,7.4,0.0,0.0,0.0,0.0,0.0,0.0,0.0,0.0,1.0,0.0,0.0,0.0,9.0,4.0,0.0,0.0,0.0,0.0,0.0,0.0,0.0,0.0,4.0,12.0,1.0,12.15,5.0200000000000005,2.51,1.49,0.0,0.0,0.0,301.2,0.0,-0.2,-0.5,0.4,95.8,0.0,0.0,264.2,0.0,21.700000000000003,19.3,19.3,20.9,300.0,300.0,29.200000000000003,31.8,27.9,27.200000000000003,29.1,4.95,1.99,4.97,0.16,0.0,0.0,1027.0,8228.0,0.0,0.0,0.0,0.0,0.0,1.0,0.0,0.0,0.0,0.0,0.0,-0.4,0.0,0.3,0.0,0.0,16.0,25903.0
2026-07-30T18:57:20.513Z,9.996,10.008,0.0,7.4,0.0,0.0,0.0,0.0,0.0,0.0,0.0,0.0,1.0,0.0,0.0,0.0,9.0,4.0,0.0,0.0,0.0,0.0,0.0,0.0,0.0,0.0,4.0,12.0,1.0,12.15,5.0200000000000005,2.51,1.49,0.0,0.0,0.0,301.1,0.0,-0.8,-0.5,-0.7000000000000001,95.8,0.0,0.0,264.2,0.0,21.700000000000003,19.3,19.3,20.9,300.0,300.0,29.200000000000003,31.8,27.9,27.200000000000003,29.1,4.95,1.99,4.97,0.16,0.0,0.0,1027.0,8228.0,0.0,0.0,0.0,0.0,0.0,1.0,0.0,0.0,0.0,0.0,0.0,0.6000000000000001,0.0,1.1,0.0,0.0,16.0,25903.0
2026-07-30T18:57:20.525Z,10.008,10.02,0.0,7.4,0.0,0.0,0.0,0.0,0.0,0.0,0.0,0.0,1.0,0.0,0.0,0.0,9.0,4.0,0.0,0.0,0.0,0.0,0.0,0.0,0.0,0.0,6.0,12.0,1.0,12.15,5.0200000000000005,2.51,1.49,0.0,0.1,0.0,301.1,0.0,0.2,-0.5,-0.1,95.8,0.0,0.0,264.3,0.0,21.700000000000003,19.3,19.3,20.9,300.0,300.0,29.200000000000003,31.8,27.9,27.200000000000003,29.1,4.95,1.99,4.97,0.16,0.0,0.0,1027.0,8228.0,0.0,0.0,0.0,0.0,0.0,1.0,0.0,0.0,0.0,0.0,0.0,0.0,0.0,0.6000000000000001,0.0,0.0,16.0,25903.0
2026-07-30T18:57:20.537Z,10.02,10.032,0.0,7.4,0.0,0.0,0.0,0.0,0.0,0.0,0.0,0.0,1.0,0.0,0.0,0.0,9.0,4.0,0.0,0.0,0.0,0.0,0.0,0.0,0.0,0.0,1.0,12.0,1.0,12.15,5.0200000000000005,2.51,1.49,0.0,0.0,0.0,301.2,0.0,0.8,0.0,-0.1,95.8,0.0,0.0,264.2,0.0,21.700000000000003,19.3,19.3,20.9,300.0,300.0,29.200000000000003,31.8,27.9,27.200000000000003,29.1,4.95,1.99,4.96,0.16,0.0,0.0,1027.0,8228.0,0.0,0.0,0.0,0.0,0.0,1.0,0.0,0.0,0.0,0.0,0.0,0.1,0.0,0.0,0.0,0.0,16.0,25903.0
2026-07-30T18:57:20.549Z,10.032,10.044,0.0,7.4,0.0,0.0,0.0,0.0,0.0,0.0,0.0,0.0,1.0,0.0,0.0,0.0,9.0,4.0,0.0,0.0,0.0,0.0,0.0,0.0,0.0,0.0,1.0,12.0,1.0,12.15,5.0200000000000005,2.51,1.49,0.0,0.0,0.0,301.1,0.0,-0.3,-0.5,0.3,95.8,0.0,0.0,264.2,0.0,21.700000000000003,19.3,19.3,20.9,300.0,300.0,29.200000000000003,31.8,27.9,27.200000000000003,29.1,4.95,1.99,4.97,0.16,0.0,0.0,1027.0,8228.0,0.0,0.0,0.0,0.0,0.0,1.0,0.0,0.0,0.0,0.0,0.0,-0.4,0.0,0.3,0.0,0.0,16.0,25903.0
2026-07-30T18:57:20.561Z,10.044,10.056,0.0,7.4,0.0,0.0,0.0,0.0,0.0,0.0,0.0,0.0,1.0,0.0,0.0,0.0,9.0,4.0,0.0,0.0,0.0,0.0,0.0,0.0,0.0,0.0,2.0,12.0,1.0,12.15,5.0200000000000005,2.51,1.49,0.0,0.0,0.0,301.1,0.0,-0.8,0.0,1.0,95.8,0.0,0.0,264.2,0.0,21.700000000000003,19.3,19.3,20.9,300.0,300.0,29.200000000000003,31.8,27.9,27.200000000000003,29.1,4.95,1.99,4.96,0.16,0.0,0.0,1027.0,8228.0,0.0,0.0,0.0,0.0,0.0,1.0,0.0,0.0,0.0,0.0,0.0,-0.9,0.0,-0.7000000000000001,0.0,0.0,16.0,25903.0
2026-07-30T18:57:20.573Z,10.056,10.068,0.0,7.4,0.0,0.0,0.0,0.0,0.0,0.0,0.0,0.0,1.0,0.0,0.0,0.0,9.0,4.0,0.0,0.0,0.0,0.0,0.0,0.0,0.0,0.0,3.0,12.0,1.0,12.15,5.0200000000000005,2.51,1.49,0.0,0.0,0.0,301.1,0.0,0.8,1.2000000000000002,2.7,95.8,0.0,0.0,264.2,0.0,21.700000000000003,19.3,19.3,20.9,300.0,300.0,29.200000000000003,31.8,27.9,27.200000000000003,29.1,4.96,2.0,4.96,0.16,0.0,0.0,1027.0,8228.0,0.0,0.0,0.0,0.0,0.0,1.0,0.0,0.0,0.0,0.0,0.0,-2.4000000000000004,0.0,-3.3000000000000003,0.0,0.0,16.0,25903.0
2026-07-30T18:57:20.585Z,10.068,10.08,0.0,7.4,0.0,0.0,0.0,0.0,0.0,0.0,0.0,0.0,1.0,0.0,0.0,0.0,9.0,4.0,0.0,0.0,0.0,0.0,0.0,0.0,0.0,0.0,4.0,12.0,1.0,12.15,5.0200000000000005,2.51,1.49,0.0,0.0,0.0,301.1,0.0,0.8,0.1,-0.7000000000000001,95.8,0.0,0.0,264.2,0.0,21.700000000000003,19.3,19.3,20.9,300.0,300.0,29.200000000000003,31.8,27.9,27.200000000000003,29.1,4.95,2.0,4.97,0.16,0.0,0.0,1027.0,8228.0,0.0,0.0,0.0,0.0,0.0,1.0,0.0,0.0,0.0,0.0,0.0,0.6000000000000001,0.0,0.3,0.0,0.0,16.0,25903.0
2026-07-30T18:57:20.597Z,10.08,10.092,0.0,7.4,0.0,0.0,0.0,0.0,0.0,0.0,0.0,0.0,1.0,0.0,0.0,0.0,9.0,4.0,0.0,0.0,0.0,0.0,0.0,0.0,0.0,0.0,5.0,12.0,1.0,12.15,5.0200000000000005,2.51,1.49,0.0,0.0,0.0,301.1,0.0,0.2,-1.0,-0.1,95.8,0.0,0.0,264.2,0.0,21.700000000000003,19.3,19.3,20.9,300.0,300.0,29.200000000000003,31.8,27.9,27.200000000000003,29.1,4.95,1.99,4.97,0.16,0.0,0.0,1027.0,8228.0,0.0,0.0,0.0,0.0,0.0,1.0,0.0,0.0,0.0,0.0,0.0,0.0,0.0,1.2000000000000002,0.0,0.0,16.0,25903.0
2026-07-30T18:57:20.609Z,10.092,10.104,0.0,7.4,0.0,0.0,0.0,0.0,0.0,0.0,0.0,0.0,1.0,0.0,0.0,0.0,9.0,4.0,0.0,0.0,0.0,0.0,0.0,0.0,0.0,0.0,6.0,12.0,1.0,12.17,5.0200000000000005,2.5,1.5,0.0,0.1,0.0,301.2,0.0,-0.3,0.7000000000000001,0.4,95.8,0.0,0.0,264.2,0.0,21.0,19.4,19.4,21.0,300.0,300.0,29.200000000000003,31.9,28.0,27.200000000000003,29.1,4.95,1.99,4.96,0.16,0.0,0.0,1027.0,8228.0,0.0,0.0,0.0,0.0,0.0,1.0,0.0,0.0,0.0,0.0,0.0,-0.3,0.0,-1.1,0.0,0.0,16.0,25903.0
2026-07-30T18:57:20.623Z,10.106,10.116,0.0,7.4,0.0,0.0,0.0,0.0,0.0,0.0,0.0,0.0,1.0,0.0,0.0,0.0,9.0,4.0,0.0,0.0,0.0,0.0,0.0,0.0,0.0,0.0,1.0,12.0,1.0,12.17,5.0200000000000005,2.5,1.5,0.0,0.0,0.0,301.1,0.0,0.2,0.7000000000000001,1.7000000000000002,95.8,0.0,0.0,264.2,0.0,21.0,19.4,19.4,21.0,300.0,300.0,29.200000000000003,31.9,28.0,27.200000000000003,29.1,4.96,1.99,4.96,0.16,0.0,0.0,1027.0,8228.0,0.0,0.0,0.0,0.0,0.0,1.0,0.0,0.0,0.0,0.0,0.0,-1.5,0.0,-2.0,0.0,0.0,16.0,25903.0
2026-07-30T18:57:20.633Z,10.116,10.128,0.0,7.4,0.0,0.0,0.0,0.0,0.0,0.0,0.0,0.0,1.0,0.0,0.0,0.0,9.0,4.0,0.0,0.0,0.0,0.0,0.0,0.0,0.0,0.0,6.0,12.0,1.0,12.17,5.0200000000000005,2.5,1.5,0.0,0.0,0.0,301.2,0.0,0.2,-1.0,0.0,95.8,0.0,0.0,264.2,0.0,21.0,19.4,19.4,21.0,300.0,300.0,29.200000000000003,31.9,28.0,27.200000000000003,29.1,4.95,1.99,4.97,0.16,0.0,0.0,1027.0,8228.0,0.0,0.0,0.0,0.0,0.0,1.0,0.0,0.0,0.0,0.0,0.0,0.0,0.0,1.2000000000000002,0.0,0.0,16.0,25903.0
2026-07-30T18:57:20.645Z,10.128,10.14,0.0,7.4,0.0,0.0,0.0,0.0,0.0,0.0,0.0,0.0,1.0,0.0,0.0,0.0,9.0,4.0,0.0,0.0,0.0,0.0,0.0,0.0,0.0,0.0,1.0,12.0,1.0,12.17,5.0200000000000005,2.5,1.5,0.0,0.0,0.0,301.1,0.0,-0.2,-0.4,-0.6000000000000001,95.8,0.0,0.0,264.2,0.0,21.0,19.4,19.4,21.0,300.0,300.0,29.200000000000003,31.9,28.0,27.200000000000003,29.1,4.96,1.99,4.96,0.16,0.0,0.0,1027.0,8228.0,0.0,0.0,0.0,0.0,0.0,1.0,0.0,0.0,0.0,0.0,0.0,0.5,0.0,0.9,0.0,0.0,16.0,25903.0
2026-07-30T18:57:20.657Z,10.14,10.152,0.0,7.4,0.0,0.0,0.0,0.0,0.0,0.0,0.0,0.0,1.0,0.0,0.0,0.0,9.0,4.0,0.0,0.0,0.0,0.0,0.0,0.0,0.0,0.0,2.0,12.0,1.0,12.17,5.0200000000000005,2.5,1.5,0.0,0.0,0.0,301.1,0.0,-0.2,-0.4,0.5,95.8,0.0,0.0,264.2,0.0,21.0,19.4,19.4,21.0,300.0,300.0,29.200000000000003,31.9,28.0,27.200000000000003,29.1,4.96,2.0,4.96,0.16,0.0,0.0,1027.0,8228.0,0.0,0.0,0.0,0.0,0.0,1.0,0.0,0.0,0.0,0.0,0.0,-0.5,0.0,0.1,0.0,0.0,16.0,25903.0
2026-07-30T18:57:20.670Z,10.153,10.164,0.0,7.4,0.0,0.0,0.0,0.0,0.0,0.0,0.0,0.0,1.0,0.0,0.0,0.0,9.0,4.0,0.0,0.0,0.0,0.0,0.0,0.0,0.0,0.0,3.0,12.0,1.0,12.17,5.0200000000000005,2.5,1.5,0.0,0.0,0.0,301.1,0.0,0.3,0.7000000000000001,0.5,95.8,0.0,0.0,264.2,0.0,21.0,19.4,19.4,21.0,300.0,300.0,29.200000000000003,31.9,28.0,27.200000000000003,29.1,4.95,1.99,4.96,0.16,0.0,0.0,1027.0,8228.0,0.0,0.0,0.0,0.0,0.0,1.0,0.0,0.0,0.0,0.0,0.0,-0.4,0.0,-1.2000000000000002,0.0,0.0,16.0,25903.0
2026-07-30T18:57:20.681Z,10.164,10.176,0.0,7.4,0.0,0.0,0.0,0.0,0.0,0.0,0.0,0.0,1.0,0.0,0.0,0.0,9.0,4.0,0.0,0.0,0.0,0.0,0.0,0.0,0.0,0.0,4.0,12.0,1.0,12.17,5.0200000000000005,2.5,1.5,0.0,0.0,0.0,301.1,0.0,0.3,0.1,0.0,95.8,0.0,0.0,264.2,0.0,21.0,19.4,19.4,21.0,300.0,300.0,29.200000000000003,31.9,28.0,27.200000000000003,29.1,4.96,1.99,4.97,0.16,0.0,0.0,1027.0,8228.0,0.0,0.0,0.0,0.0,0.0,1.0,0.0,0.0,0.0,0.0,0.0,0.0,0.0,-0.1,0.0,0.0,16.0,25903.0
2026-07-30T18:57:20.693Z,10.176,10.188,0.0,7.4,0.0,0.0,0.0,0.0,0.0,0.0,0.0,0.0,1.0,0.0,0.0,0.0,9.0,4.0,0.0,0.0,0.0,0.0,0.0,0.0,0.0,0.0,5.0,12.0,1.0,12.17,5.0200000000000005,2.5,1.5,0.0,0.0,0.0,301.1,0.0,-0.2,-0.4,0.0,95.8,0.0,0.0,264.2,0.0,21.0,19.4,19.4,21.0,300.0,300.0,29.200000000000003,31.9,28.0,27.200000000000003,29.1,4.96,1.99,4.96,0.16,0.0,0.0,1027.0,8228.0,0.0,0.0,0.0,0.0,0.0,1.0,0.0,0.0,0.0,0.0,0.0,0.0,0.0,0.5,0.0,0.0,16.0,25903.0
2026-07-30T18:57:20.706Z,10.189,10.2,0.0,7.4,0.0,0.0,0.0,0.0,0.0,0.0,0.0,0.0,1.0,0.0,0.0,0.0,9.0,4.0,0.0,0.0,0.0,0.0,0.0,0.0,0.0,0.0,6.0,12.0,1.0,12.15,5.0200000000000005,2.51,1.49,0.0,0.0,0.0,301.1,0.0,0.3,0.1,-0.6000000000000001,95.8,0.0,0.0,264.3,0.0,21.4,19.5,19.5,21.1,300.0,300.0,29.200000000000003,31.9,28.0,27.200000000000003,29.1,4.96,1.99,4.97,0.16,0.0,0.0,1027.0,8228.0,0.0,0.0,0.0,0.0,0.0,1.0,0.0,0.0,0.0,0.0,0.0,0.5,0.0,0.2,0.0,0.0,16.0,25903.0
2026-07-30T18:57:20.717Z,10.2,10.212,0.0,7.4,0.0,0.0,0.0,0.0,0.0,0.0,0.0,0.0,1.0,0.0,0.0,0.0,9.0,4.0,0.0,0.0,0.0,0.0,0.0,0.0,0.0,0.0,1.0,12.0,1.0,12.15,5.0200000000000005,2.51,1.49,0.0,0.0,0.0,301.1,0.0,0.3,0.7000000000000001,-0.6000000000000001,95.8,0.0,0.0,264.2,0.0,21.4,19.5,19.5,21.1,300.0,300.0,29.200000000000003,31.9,28.0,27.200000000000003,29.1,4.95,1.99,4.97,0.16,0.0,0.0,1027.0,8228.0,0.0,0.0,0.0,0.0,0.0,1.0,0.0,0.0,0.0,0.0,0.0,0.6000000000000001,0.0,-0.4,0.0,0.0,16.0,25903.0
2026-07-30T18:57:20.729Z,10.212,10.224,0.0,7.4,0.0,0.0,0.0,0.0,0.0,0.0,0.0,0.0,1.0,0.0,0.0,0.0,9.0,4.0,0.0,0.0,0.0,0.0,0.0,0.0,0.0,0.0,1.0,12.0,1.0,12.15,5.0200000000000005,2.51,1.49,0.0,0.0,0.0,301.1,0.0,-0.1,0.1,1.1,95.8,0.0,0.0,264.2,0.0,21.4,19.5,19.5,21.1,300.0,300.0,29.200000000000003,31.9,28.0,27.200000000000003,29.1,4.96,1.99,4.96,0.16,0.0,0.0,1027.0,8228.0,0.0,0.0,0.0,0.0,0.0,1.0,0.0,0.0,0.0,0.0,0.0,-1.0,0.0,-0.9,0.0,0.0,16.0,25903.0
2026-07-30T18:57:20.741Z,10.224,10.236,-0.1,7.4,0.0,0.0,0.0,0.0,0.0,0.0,0.0,0.0,1.0,0.0,0.0,0.0,9.0,4.0,0.0,0.0,0.0,0.0,0.0,0.0,0.0,0.0,3.0,12.0,1.0,12.15,5.0200000000000005,2.51,1.49,0.0,0.0,0.0,301.1,0.0,0.4,0.1,1.2000000000000002,95.8,0.0,0.0,264.2,0.0,21.4,19.5,19.5,21.1,300.0,300.0,29.200000000000003,31.9,28.0,27.200000000000003,29.1,4.95,1.99,4.97,0.16,0.0,0.0,1027.0,8228.0,0.0,0.0,0.0,0.0,0.0,1.0,0.0,0.0,0.0,0.0,0.0,-1.1,0.0,-1.0,0.0,0.0,16.0,25903.0
2026-07-30T18:57:20.753Z,10.236,10.248,-0.1,7.4,0.0,0.0,0.0,0.0,0.0,0.0,0.0,0.0,1.0,0.0,0.0,0.0,9.0,4.0,0.0,0.0,0.0,0.0,0.0,0.0,0.0,0.0,5.0,12.0,1.0,12.15,5.0200000000000005,2.51,1.49,0.0,0.0,0.0,301.1,0.0,0.4,0.1,-0.6000000000000001,95.8,0.0,0.0,264.2,0.0,21.4,19.5,19.5,21.1,300.0,300.0,29.200000000000003,31.9,28.0,27.200000000000003,29.1,4.95,1.99,4.96,0.16,0.0,0.0,1027.0,8228.0,0.0,0.0,0.0,0.0,0.0,1.0,0.0,0.0,0.0,0.0,0.0,-0.4,0.0,-1.2000000000000002,0.0,0.0,16.0,25903.0
2026-07-30T18:57:20.765Z,10.248,10.26,-0.1,7.4,0.0,0.0,0.0,0.0,0.0,0.0,0.0,0.0,1.0,0.0,0.0,0.0,9.0,4.0,0.0,0.0,0.0,0.0,0.0,0.0,0.0,0.0,5.0,12.0,1.0,12.15,5.0200000000000005,2.51,1.49,0.0,0.0,0.0,301.1,0.0,0.4,-0.4,0.0,95.8,0.0,0.0,264.2,0.0,21.4,19.5,19.5,21.1,300.0,300.0,29.200000000000003,31.9,28.0,27.200000000000003,29.1,4.95,1.99,4.96,0.16,0.0,0.0,1027.0,8228.0,0.0,0.0,0.0,0.0,0.0,1.0,0.0,0.0,0.0,0.0,0.0,-1.3,0.0,-3.3000000000000003,0.0,0.0,16.0,25903.0
2026-07-30T18:57:20.777Z,10.26,10.272,-0.1,7.4,0.0,0.0,0.0,0.0,0.0,0.0,0.0,0.0,1.0,0.0,0.0,0.0,9.0,4.0,0.0,0.0,0.0,0.0,0.0,0.0,0.0,0.0,6.0,12.0,1.0,12.15,5.0200000000000005,2.51,1.49,0.0,0.0,0.0,301.1,0.0,0.4,-0.5,0.5,95.8,0.0,0.0,264.2,0.0,21.4,19.5,19.5,21.1,300.0,300.0,29.200000000000003,31.9,28.0,27.200000000000003,29.1,4.95,1.99,4.96,0.16,0.0,0.0,1027.0,8228.0,0.0,0.0,0.0,0.0,0.0,1.0,0.0,0.0,0.0,0.0,0.0,-0.5,0.0,0.2,0.0,0.0,16.0,25903.0
2026-07-30T18:57:20.789Z,10.272,10.284,-0.1,7.4,0.0,0.0,0.0,0.0,0.0,0.0,0.0,0.0,1.0,0.0,0.0,0.0,9.0,4.0,0.0,0.0,0.0,0.0,0.0,0.0,0.0,0.0,2.0,12.0,1.0,12.15,5.0200000000000005,2.51,1.49,0.0,0.0,0.0,301.1,0.0,-0.1,-1.1,1.1,95.8,0.0,0.0,264.2,0.0,21.4,19.5,19.5,21.1,300.0,300.0,29.200000000000003,31.9,28.0,27.200000000000003,29.1,4.95,1.99,4.97,0.16,0.0,0.0,1027.0,8228.0,0.0,0.0,0.0,0.0,0.0,1.0,0.0,0.0,0.0,0.0,0.0,-1.1,0.0,0.5,0.0,0.0,16.0,25903.0
2026-07-30T18:57:20.801Z,10.284,10.296,-0.1,7.4,0.0,0.0,0.0,0.0,0.0,0.0,0.0,0.0,1.0,0.0,0.0,0.0,9.0,4.0,0.0,0.0,0.0,0.0,0.0,0.0,0.0,0.0,3.0,12.0,1.0,12.15,5.0200000000000005,2.51,1.49,0.0,0.0,0.0,301.1,0.0,-0.8,0.5,0.0,95.8,0.0,0.0,264.2,0.0,21.4,19.5,19.5,21.1,300.0,300.0,29.200000000000003,31.9,28.0,27.200000000000003,29.1,4.95,1.99,4.97,0.16,0.0,0.0,1027.0,8228.0,0.0,0.0,0.0,0.0,0.0,1.0,0.0,0.0,0.0,0.0,0.0,0.1,0.0,-0.6000000000000001,0.0,0.0,16.0,25903.0
2026-07-30T18:57:20.813Z,10.296,10.308,0.0,7.4,0.0,0.0,0.0,0.0,0.0,0.0,0.0,0.0,1.0,0.0,0.0,0.0,9.0,4.0,0.0,0.0,0.0,0.0,0.0,0.0,0.0,0.0,3.0,12.0,1.0,12.17,5.01,2.5,1.49,0.0,0.0,0.0,301.1,0.0,0.9,1.1,0.4,95.8,0.0,0.0,264.3,0.0,20.9,19.700000000000003,19.700000000000003,21.200000000000003,300.0,300.0,29.1,31.9,28.0,27.200000000000003,29.1,4.96,1.99,4.97,0.16,0.0,0.0,1027.0,8228.0,0.0,0.0,0.0,0.0,0.0,1.0,0.0,0.0,0.0,0.0,0.0,-0.3,0.0,-1.6,0.0,0.0,16.0,25903.0
2026-07-30T18:57:20.825Z,10.308,10.32,0.0,7.4,0.0,0.0,0.0,0.0,0.0,0.0,0.0,0.0,1.0,0.0,0.0,0.0,9.0,4.0,0.0,0.0,0.0,0.0,0.0,0.0,0.0,0.0,4.0,12.0,1.0,12.17,5.01,2.5,1.49,0.0,0.0,0.0,301.1,0.0,-0.2,0.0,1.0,95.8,0.0,0.0,264.2,0.0,20.9,19.700000000000003,19.700000000000003,21.200000000000003,300.0,300.0,29.1,31.9,28.0,27.200000000000003,29.1,4.95,1.99,4.96,0.16,0.0,0.0,1027.0,8228.0,0.0,0.0,0.0,0.0,0.0,1.0,0.0,0.0,0.0,0.0,0.0,-0.9,0.0,-0.6000000000000001,0.0,0.0,16.0,25903.0
2026-07-30T18:57:20.837Z,10.32,10.332,0.0,7.4,0.0,0.0,0.0,0.0,0.0,0.0,0.0,0.0,1.0,0.0,0.0,0.0,9.0,4.0,0.0,0.0,0.0,0.0,0.0,0.0,0.0,0.0,6.0,12.0,1.0,12.17,5.01,2.5,1.49,0.0,0.1,0.0,301.1,0.0,0.3,0.0,-0.6000000000000001,95.8,0.0,0.0,264.40000000000003,0.0,20.9,19.700000000000003,19.700000000000003,21.200000000000003,300.0,300.0,29.1,31.9,28.0,27.200000000000003,29.1,4.95,1.99,4.96,0.16,0.0,0.0,1027.0,8228.0,0.0,0.0,0.0,0.0,0.0,1.0,0.0,0.0,0.0,0.0,0.0,0.6000000000000001,0.0,0.4,0.0,0.0,16.0,25903.0
2026-07-30T18:57:20.849Z,10.332,10.344,0.0,7.4,0.0,0.0,0.0,0.0,0.0,0.0,0.0,0.0,1.0,0.0,0.0,0.0,9.0,4.0,0.0,0.0,0.0,0.0,0.0,0.0,0.0,0.0,1.0,12.0,1.0,12.17,5.01,2.5,1.49,0.0,0.0,0.0,301.1,0.0,-0.2,0.0,0.0,95.8,0.0,0.0,264.2,0.0,20.9,19.700000000000003,19.700000000000003,21.200000000000003,300.0,300.0,29.1,31.9,28.0,27.200000000000003,29.1,4.95,1.99,4.96,0.16,0.0,0.0,1027.0,8228.0,0.0,0.0,0.0,0.0,0.0,1.0,0.0,0.0,0.0,0.0,0.0,0.0,0.0,0.0,0.0,0.0,16.0,25903.0
2026-07-30T18:57:20.861Z,10.344,10.356,0.0,7.4,0.0,0.0,0.0,0.0,0.0,0.0,0.0,0.0,1.0,0.0,0.0,0.0,9.0,4.0,0.0,0.0,0.0,0.0,0.0,0.0,0.0,0.0,2.0,12.0,1.0,12.17,5.01,2.5,1.49,0.0,0.0,0.0,301.1,0.0,-0.7000000000000001,0.0,0.0,95.8,0.0,0.0,264.2,0.0,20.9,19.700000000000003,19.700000000000003,21.200000000000003,300.0,300.0,29.1,31.9,28.0,27.200000000000003,29.1,4.96,1.99,4.96,0.16,0.0,0.0,1027.0,8228.0,0.0,0.0,0.0,0.0,0.0,1.0,0.0,0.0,0.0,0.0,0.0,0.0,0.0,0.0,0.0,0.0,16.0,25903.0
2026-07-30T18:57:20.874Z,10.357,10.368,0.0,7.4,0.0,0.0,0.0,0.0,0.0,0.0,0.0,0.0,1.0,0.0,0.0,0.0,9.0,4.0,0.0,0.0,0.0,0.0,0.0,0.0,0.0,0.0,3.0,12.0,1.0,12.17,5.01,2.5,1.49,0.0,0.0,0.0,301.1,0.0,0.3,-0.5,1.7000000000000002,95.8,0.0,0.0,264.2,0.0,20.9,19.700000000000003,19.700000000000003,21.200000000000003,300.0,300.0,29.1,31.9,28.0,27.200000000000003,29.1,4.95,1.99,4.97,0.16,0.0,0.0,1027.0,8228.0,0.0,0.0,0.0,0.0,0.0,1.0,0.0,0.0,0.0,0.0,0.0,-1.6,0.0,-0.5,0.0,0.0,16.0,25903.0
2026-07-30T18:57:20.885Z,10.368,10.38,0.0,7.4,0.0,0.0,0.0,0.0,0.0,0.0,0.0,0.0,1.0,0.0,0.0,0.0,9.0,4.0,0.0,0.0,0.0,0.0,0.0,0.0,0.0,0.0,3.0,12.0,1.0,12.17,5.01,2.5,1.49,0.0,0.0,0.0,301.1,0.0,0.4,0.6000000000000001,1.7000000000000002,95.8,0.0,0.0,264.2,0.0,20.9,19.700000000000003,19.700000000000003,21.200000000000003,300.0,300.0,29.1,31.9,28.0,27.200000000000003,29.1,4.95,1.99,4.96,0.16,0.0,0.0,1027.0,8228.0,0.0,0.0,0.0,0.0,0.0,1.0,0.0,0.0,0.0,0.0,0.0,-1.5,0.0,-1.9,0.0,0.0,16.0,25903.0
2026-07-30T18:57:20.897Z,10.38,10.392,0.0,7.4,0.0,0.0,0.0,0.0,0.0,0.0,0.0,0.0,1.0,0.0,0.0,0.0,9.0,4.0,0.0,0.0,0.0,0.0,0.0,0.0,0.0,0.0,4.0,12.0,1.0,12.17,5.01,2.5,1.49,0.0,0.0,0.0,301.1,0.0,0.4,-0.5,0.0,95.8,0.0,0.0,264.2,0.0,20.9,19.700000000000003,19.700000000000003,21.200000000000003,300.0,300.0,29.1,31.9,28.0,27.200000000000003,29.1,4.95,1.99,4.96,0.16,0.0,0.0,1027.0,8228.0,0.0,0.0,0.0,0.0,0.0,1.0,0.0,0.0,0.0,0.0,0.0,0.0,0.0,0.6000000000000001,0.0,0.0,16.0,25903.0
2026-07-30T18:57:20.910Z,10.393,10.404,0.0,7.4,0.0,0.0,0.0,0.0,0.0,0.0,0.0,0.0,1.0,0.0,0.0,0.0,9.0,4.0,0.0,0.0,0.0,0.0,0.0,0.0,0.0,0.0,5.0,12.0,1.0,12.17,5.01,2.51,1.49,0.0,0.0,0.0,301.1,0.0,1.0,0.0,0.5,95.8,0.0,0.0,264.2,0.0,21.3,19.8,19.8,21.3,300.0,300.0,29.200000000000003,31.9,27.9,27.200000000000003,29.1,4.95,1.99,4.96,0.16,0.0,0.0,1027.0,8228.0,0.0,0.0,0.0,0.0,0.0,1.0,0.0,0.0,0.0,0.0,0.0,-0.4,0.0,-0.4,0.0,0.0,16.0,25903.0
2026-07-30T18:57:20.921Z,10.404,10.416,0.0,7.4,0.0,0.0,0.0,0.0,0.0,0.0,0.0,0.0,1.0,0.0,0.0,0.0,9.0,4.0,0.0,0.0,0.0,0.0,0.0,0.0,0.0,0.0,6.0,12.0,1.0,12.17,5.01,2.51,1.49,0.0,0.0,0.0,301.1,0.0,0.4,0.7000000000000001,1.1,95.8,0.0,0.0,264.3,0.0,21.3,19.8,19.8,21.3,300.0,300.0,29.200000000000003,31.9,27.9,27.200000000000003,29.1,4.95,1.99,4.96,0.16,0.0,0.0,1027.0,8228.0,0.0,0.0,0.0,0.0,0.0,1.0,0.0,0.0,0.0,0.0,0.0,-0.9,0.0,-1.5,0.0,0.0,16.0,25903.0
2026-07-30T18:57:20.933Z,10.416,10.428,0.0,7.4,0.0,0.0,0.0,0.0,0.0,0.0,0.0,0.0,1.0,0.0,0.0,0.0,9.0,4.0,0.0,0.0,0.0,0.0,0.0,0.0,0.0,0.0,2.0,12.0,1.0,12.17,5.01,2.51,1.49,0.0,0.0,0.0,301.1,0.0,-0.1,-0.5,0.0,95.8,0.0,0.0,264.2,0.0,21.3,19.8,19.8,21.3,300.0,300.0,29.200000000000003,31.9,27.9,27.200000000000003,29.1,4.96,1.99,4.96,0.16,0.0,0.0,1027.0,8228.0,0.0,0.0,0.0,0.0,0.0,1.0,0.0,0.0,0.0,0.0,0.0,0.0,0.0,0.6000000000000001,0.0,0.0,16.0,25903.0
2026-07-30T18:57:20.945Z,10.428,10.44,0.0,7.4,0.0,0.0,0.0,0.0,0.0,0.0,0.0,0.0,1.0,0.0,0.0,0.0,9.0,4.0,0.0,0.0,0.0,0.0,0.0,0.0,0.0,0.0,2.0,12.0,1.0,12.17,5.01,2.51,1.49,0.0,0.1,0.0,301.1,0.0,0.3,-0.5,0.4,95.8,0.0,0.0,264.2,0.0,21.3,19.8,19.8,21.3,300.0,300.0,29.200000000000003,31.9,27.9,27.200000000000003,29.1,4.96,1.99,4.96,0.16,0.0,0.0,1027.0,8228.0,0.0,0.0,0.0,0.0,0.0,1.0,0.0,0.0,0.0,0.0,0.0,-0.5,0.0,0.2,0.0,0.0,16.0,25903.0
2026-07-30T18:57:20.957Z,10.44,10.452,0.0,7.4,0.0,0.0,0.0,0.0,0.0,0.0,0.0,0.0,1.0,0.0,0.0,0.0,9.0,4.0,0.0,0.0,0.0,0.0,0.0,0.0,0.0,0.0,3.0,12.0,1.0,12.17,5.01,2.51,1.49,0.0,0.0,0.0,301.1,0.0,0.3,0.6000000000000001,1.0,95.8,0.0,0.0,264.2,0.0,21.3,19.8,19.8,21.3,300.0,300.0,29.200000000000003,31.9,27.9,27.200000000000003,29.1,4.95,1.99,4.96,0.16,0.0,0.0,1027.0,8228.0,0.0,0.0,0.0,0.0,0.0,1.0,0.0,0.0,0.0,0.0,0.0,-0.8,0.0,-1.4,0.0,0.0,16.0,25903.0
2026-07-30T18:57:20.969Z,10.452,10.464,0.0,7.4,0.0,0.0,0.0,0.0,0.0,0.0,0.0,0.0,1.0,0.0,0.0,0.0,9.0,4.0,0.0,0.0,0.0,0.0,0.0,0.0,0.0,0.0,4.0,12.0,1.0,12.17,5.01,2.51,1.49,0.0,0.0,0.0,301.2,0.0,-0.2,0.7000000000000001,1.0,95.8,0.0,0.0,264.2,0.0,21.3,19.8,19.8,21.3,300.0,300.0,29.200000000000003,31.9,27.9,27.200000000000003,29.1,4.95,1.99,4.96,0.16,0.0,0.0,1027.0,8228.0,0.0,0.0,0.0,0.0,0.0,1.0,0.0,0.0,0.0,0.0,0.0,-0.8,0.0,-1.5,0.0,0.0,16.0,25903.0
2026-07-30T18:57:20.981Z,10.464,10.476,0.0,7.4,0.0,0.0,0.0,0.0,0.0,0.0,0.0,0.0,1.0,0.0,0.0,0.0,9.0,4.0,0.0,0.0,0.0,0.0,0.0,0.0,0.0,0.0,5.0,12.0,1.0,12.17,5.01,2.51,1.49,0.0,0.0,0.0,301.1,0.0,-0.7000000000000001,-0.5,-1.2000000000000002,95.8,0.0,0.0,264.2,0.0,21.3,19.8,19.8,21.3,300.0,300.0,29.200000000000003,31.9,27.9,27.200000000000003,29.1,4.95,1.99,4.96,0.16,0.0,0.0,1027.0,8228.0,0.0,0.0,0.0,0.0,0.0,1.0,0.0,0.0,0.0,0.0,0.0,1.1,0.0,1.4,0.0,0.0,16.0,25903.0
2026-07-30T18:57:20.993Z,10.476,10.488,0.0,7.4,0.0,0.0,0.0,0.0,0.0,0.0,0.0,0.0,1.0,0.0,0.0,0.0,9.0,4.0,0.0,0.0,0.0,0.0,0.0,0.0,0.0,0.0,6.0,12.0,1.0,12.17,5.01,2.51,1.49,0.0,0.0,0.0,301.1,0.0,-0.2,0.0,-0.6000000000000001,95.8,0.0,0.0,264.2,0.0,21.3,19.8,19.8,21.3,300.0,300.0,29.200000000000003,31.9,27.9,27.200000000000003,29.1,4.95,1.99,4.97,0.16,0.0,0.0,1027.0,8228.0,0.0,0.0,0.0,0.0,0.0,1.0,0.0,0.0,0.0,0.0,0.0,0.6000000000000001,0.0,0.3,0.0,0.0,16.0,25903.0
2026-07-30T18:57:21.005Z,10.488,10.5,0.0,7.4,0.0,0.0,0.0,0.0,0.0,0.0,0.0,0.0,1.0,0.0,0.0,0.0,9.0,4.0,0.0,0.0,0.0,0.0,0.0,0.0,0.0,0.0,1.0,12.0,1.0,12.17,5.01,2.51,1.49,0.0,0.0,0.0,301.1,0.0,-0.2,0.0,1.1,95.8,0.0,0.0,264.3,0.0,21.3,19.8,19.8,21.3,300.0,300.0,29.200000000000003,31.9,27.9,27.200000000000003,29.1,4.95,1.99,4.97,0.16,0.0,0.0,1027.0,8228.0,0.0,0.0,0.0,0.0,0.0,1.0,0.0,0.0,0.0,0.0,0.0,-1.0,0.0,-0.8,0.0,0.0,16.0,25903.0
2026-07-30T18:57:21.017Z,10.5,10.512,0.0,7.4,0.0,0.0,0.0,0.0,0.0,0.0,0.0,0.0,1.0,0.0,0.0,0.0,9.0,4.0,0.0,0.0,0.0,0.0,0.0,0.0,0.0,0.0,2.0,12.0,1.0,12.18,5.01,2.51,1.49,0.0,0.0,0.0,301.1,0.0,-0.1,-0.5,-1.2000000000000002,95.8,0.0,0.0,264.3,0.0,21.700000000000003,19.9,19.9,21.4,300.0,300.0,29.200000000000003,31.8,28.0,27.200000000000003,29.1,4.96,1.99,4.96,0.16,0.0,0.0,1027.0,8228.0,0.0,0.0,0.0,0.0,0.0,1.0,0.0,0.0,0.0,0.0,0.0,1.0,0.0,1.4,0.0,0.0,16.0,25903.0
2026-07-30T18:57:21.030Z,10.513,10.524,0.0,7.4,0.0,0.0,0.0,0.0,0.0,0.0,0.0,0.0,1.0,0.0,0.0,0.0,9.0,4.0,0.0,0.0,0.0,0.0,0.0,0.0,0.0,0.0,3.0,12.0,1.0,12.18,5.01,2.51,1.49,0.0,0.0,0.0,301.1,0.0,-0.7000000000000001,-1.1,0.0,95.8,0.0,0.0,264.2,0.0,21.700000000000003,19.9,19.9,21.4,300.0,300.0,29.200000000000003,31.8,28.0,27.200000000000003,29.1,4.95,1.99,4.97,0.16,0.0,0.0,1027.0,8228.0,0.0,0.0,0.0,0.0,0.0,1.0,0.0,0.0,0.0,0.0,0.0,0.0,0.0,1.3,0.0,0.0,16.0,25903.0
2026-07-30T18:57:21.041Z,10.524,10.536,0.0,7.4,0.0,0.0,0.0,0.0,0.0,0.0,0.0,0.0,1.0,0.0,0.0,0.0,9.0,4.0,0.0,0.0,0.0,0.0,0.0,0.0,0.0,0.0,4.0,12.0,1.0,12.18,5.01,2.51,1.49,0.0,0.0,0.0,301.1,0.0,0.9,0.6000000000000001,0.5,95.8,0.0,0.0,264.2,0.0,21.700000000000003,19.9,19.9,21.4,300.0,300.0,29.200000000000003,31.8,28.0,27.200000000000003,29.1,4.95,1.99,4.96,0.17,0.0,0.0,1027.0,8228.0,0.0,0.0,0.0,0.0,0.0,1.0,0.0,0.0,0.0,0.0,0.0,-0.4,0.0,-1.1,0.0,0.0,16.0,25903.0
2026-07-30T18:57:21.053Z,10.536,10.548,0.0,7.4,0.0,0.0,0.0,0.0,0.0,0.0,0.0,0.0,1.0,0.0,0.0,0.0,9.0,4.0,0.0,0.0,0.0,0.0,0.0,0.0,0.0,0.0,5.0,12.0,1.0,12.18,5.01,2.51,1.49,0.0,0.0,0.0,301.1,0.0,-0.1,0.0,0.0,95.8,0.0,0.0,264.2,0.0,21.700000000000003,19.9,19.9,21.4,300.0,300.0,29.200000000000003,31.8,28.0,27.200000000000003,29.1,4.96,1.99,4.96,0.16,0.0,0.0,1027.0,8228.0,0.0,0.0,0.0,0.0,0.0,1.0,0.0,0.0,0.0,0.0,0.0,0.0,0.0,0.0,0.0,0.0,16.0,25903.0
2026-07-30T18:57:21.065Z,10.548,10.56,0.0,7.4,0.0,0.0,0.0,0.0,0.0,0.0,0.0,0.0,1.0,0.0,0.0,0.0,9.0,4.0,0.0,0.0,0.0,0.0,0.0,0.0,0.0,0.0,6.0,12.0,1.0,12.18,5.01,2.51,1.49,0.0,0.0,0.0,301.1,0.0,0.9,0.6000000000000001,1.0,95.8,0.0,0.0,264.2,0.0,21.700000000000003,19.9,19.9,21.4,300.0,300.0,29.200000000000003,31.8,28.0,27.200000000000003,29.1,4.95,1.99,4.96,0.16,0.0,0.0,1027.0,8228.0,0.0,0.0,0.0,0.0,0.0,1.0,0.0,0.0,0.0,0.0,0.0,-0.9,0.0,-1.4,0.0,0.0,16.0,25903.0
2026-07-30T18:57:21.078Z,10.561,10.572,0.0,7.4,0.0,0.0,0.0,0.0,0.0,0.0,0.0,0.0,1.0,0.0,0.0,0.0,9.0,4.0,0.0,0.0,0.0,0.0,0.0,0.0,0.0,0.0,1.0,12.0,1.0,12.18,5.01,2.51,1.49,0.0,0.0,0.0,301.1,0.0,-0.1,0.0,-0.6000000000000001,95.8,0.0,0.0,264.2,0.0,21.700000000000003,19.9,19.9,21.4,300.0,300.0,29.200000000000003,31.8,28.0,27.200000000000003,29.1,4.95,1.99,4.97,0.16,0.0,0.0,1027.0,8228.0,0.0,0.0,0.0,0.0,0.0,1.0,0.0,0.0,0.0,0.0,0.0,0.6000000000000001,0.0,0.4,0.0,0.0,16.0,25903.0
2026-07-30T18:57:21.089Z,10.572,10.584,0.0,7.4,0.0,0.0,0.0,0.0,0.0,0.0,0.0,0.0,1.0,0.0,0.0,0.0,9.0,4.0,0.0,0.0,0.0,0.0,0.0,0.0,0.0,0.0,2.0,12.0,1.0,12.18,5.01,2.51,1.49,0.0,0.0,0.0,301.1,0.0,0.3,-0.5,-1.2000000000000002,95.8,0.0,0.0,264.2,0.0,21.700000000000003,19.9,19.9,21.4,300.0,300.0,29.200000000000003,31.8,28.0,27.200000000000003,29.1,4.95,1.99,4.96,0.16,0.0,0.0,1027.0,8228.0,0.0,0.0,0.0,0.0,0.0,1.0,0.0,0.0,0.0,0.0,0.0,1.1,0.0,1.5,0.0,0.0,16.0,25903.0
2026-07-30T18:57:21.101Z,10.584,10.596,0.0,7.4,0.0,0.0,0.0,0.0,0.0,0.0,0.0,0.0,1.0,0.0,0.0,0.0,9.0,4.0,0.0,0.0,0.0,0.0,0.0,0.0,0.0,0.0,4.0,12.0,1.0,12.18,5.01,2.51,1.49,0.0,0.0,0.0,301.1,0.0,0.3,1.1,-1.2000000000000002,95.8,0.0,0.0,264.2,0.0,21.700000000000003,19.9,19.9,21.4,300.0,300.0,29.200000000000003,31.8,28.0,27.200000000000003,29.1,4.95,1.99,4.96,0.16,0.0,0.0,1027.0,8228.0,0.0,0.0,0.0,0.0,0.0,1.0,0.0,0.0,0.0,0.0,0.0,1.3,0.0,-0.4,0.0,0.0,16.0,25903.0
2026-07-30T18:57:21.114Z,10.597,10.608,0.0,7.4,0.0,0.0,0.0,0.0,0.0,0.0,0.0,0.0,1.0,0.0,0.0,0.0,9.0,4.0,0.0,0.0,0.0,0.0,0.0,0.0,0.0,0.0,5.0,12.0,1.0,12.11,5.0200000000000005,2.5,1.49,0.0,0.0,0.0,301.1,0.0,0.3,0.0,-0.1,95.8,0.0,0.0,264.3,0.0,21.700000000000003,20.0,20.0,21.5,300.0,300.0,29.1,31.9,28.0,27.200000000000003,29.1,4.95,1.99,4.97,0.16,0.0,0.0,1027.0,8228.0,0.0,0.0,0.0,0.0,0.0,1.0,0.0,0.0,0.0,0.0,0.0,0.1,0.0,0.0,0.0,0.0,16.0,25903.0
2026-07-30T18:57:21.126Z,10.609,10.62,0.0,7.4,0.0,0.0,0.0,0.0,0.0,0.0,0.0,0.0,1.0,0.0,0.0,0.0,9.0,4.0,0.0,0.0,0.0,0.0,0.0,0.0,0.0,0.0,6.0,12.0,1.0,12.11,5.0200000000000005,2.5,1.49,0.0,0.0,0.0,301.1,0.0,0.3,-0.5,-0.1,95.8,0.0,0.0,264.2,0.0,21.700000000000003,20.0,20.0,21.5,300.0,300.0,29.1,31.9,28.0,27.200000000000003,29.1,4.96,1.99,4.97,0.16,0.0,0.0,1027.0,8228.0,0.0,0.0,0.0,0.0,0.0,1.0,0.0,0.0,0.0,0.0,0.0,0.0,0.0,0.7000000000000001,0.0,0.0,16.0,25903.0
2026-07-30T18:57:21.137Z,10.62,10.632,0.0,7.4,0.0,0.0,0.0,0.0,0.0,0.0,0.0,0.0,1.0,0.0,0.0,0.0,9.0,4.0,0.0,0.0,0.0,0.0,0.0,0.0,0.0,0.0,2.0,12.0,1.0,12.11,5.0200000000000005,2.5,1.49,0.0,0.0,0.0,301.1,0.0,0.9,0.0,-0.1,95.8,0.0,0.0,264.2,0.0,21.700000000000003,20.0,20.0,21.5,300.0,300.0,29.1,31.9,28.0,27.200000000000003,29.1,4.96,1.99,4.97,0.16,0.0,0.0,1027.0,8228.0,0.0,0.0,0.0,0.0,0.0,1.0,0.0,0.0,0.0,0.0,0.0,0.1,0.0,0.1,0.0,0.0,16.0,25903.0
2026-07-30T18:57:21.149Z,10.632,10.644,0.0,7.4,0.0,0.0,0.0,0.0,0.0,0.0,0.0,0.0,1.0,0.0,0.0,0.0,9.0,4.0,0.0,0.0,0.0,0.0,0.0,0.0,0.0,0.0,2.0,12.0,1.0,12.11,5.0200000000000005,2.5,1.49,0.0,0.0,0.0,301.2,0.0,0.3,0.5,-1.3,95.8,0.0,0.0,264.3,0.0,21.700000000000003,20.0,20.0,21.5,300.0,300.0,29.1,31.9,28.0,27.200000000000003,29.1,4.95,1.99,4.97,0.16,0.0,0.0,1027.0,8228.0,0.0,0.0,0.0,0.0,0.0,1.0,0.0,0.0,0.0,0.0,0.0,1.2000000000000002,0.0,0.2,0.0,0.0,16.0,25903.0
2026-07-30T18:57:21.161Z,10.644,10.656,0.0,7.4,0.0,0.0,0.0,0.0,0.0,0.0,0.0,0.0,1.0,0.0,0.0,0.0,9.0,4.0,0.0,0.0,0.0,0.0,0.0,0.0,0.0,0.0,4.0,12.0,1.0,12.11,5.0200000000000005,2.5,1.49,0.0,0.0,0.0,301.2,0.0,-0.2,0.0,-0.1,95.8,0.0,0.0,264.2,0.0,21.700000000000003,20.0,20.0,21.5,300.0,300.0,29.1,31.9,28.0,27.200000000000003,29.1,4.95,1.99,4.96,0.16,0.0,0.0,1027.0,8228.0,0.0,0.0,0.0,0.0,0.0,1.0,0.0,0.0,0.0,0.0,0.0,0.1,0.0,0.1,0.0,0.0,16.0,25903.0
2026-07-30T18:57:21.173Z,10.656,10.668,0.0,7.4,0.0,0.0,0.0,0.0,0.0,0.0,0.0,0.0,1.0,0.0,0.0,0.0,9.0,4.0,0.0,0.0,0.0,0.0,0.0,0.0,0.0,0.0,5.0,12.0,1.0,12.11,5.0200000000000005,2.5,1.49,0.0,0.1,0.0,301.1,0.0,-0.2,-0.6000000000000001,-1.9,95.8,0.0,0.0,264.2,0.0,21.700000000000003,20.0,20.0,21.5,300.0,300.0,29.1,31.9,28.0,27.200000000000003,29.1,4.95,1.99,4.97,0.16,0.0,0.0,1027.0,8228.0,0.0,0.0,0.0,0.0,0.0,1.0,0.0,0.0,0.0,0.0,0.0,1.7000000000000002,0.0,1.9,0.0,0.0,16.0,25903.0
2026-07-30T18:57:21.185Z,10.668,10.68,0.0,7.4,0.0,0.0,0.0,0.0,0.0,0.0,0.0,0.0,1.0,0.0,0.0,0.0,9.0,4.0,0.0,0.0,0.0,0.0,0.0,0.0,0.0,0.0,6.0,12.0,1.0,12.11,5.0200000000000005,2.5,1.49,0.0,0.0,0.0,301.1,0.0,-0.2,-0.6000000000000001,-1.3,95.8,0.0,0.0,264.2,0.0,21.700000000000003,20.0,20.0,21.5,300.0,300.0,29.1,31.9,28.0,27.200000000000003,29.1,4.95,1.99,4.97,0.17,0.0,0.0,1027.0,8228.0,0.0,0.0,0.0,0.0,0.0,1.0,0.0,0.0,0.0,0.0,0.0,1.1,0.0,1.6,0.0,0.0,16.0,25903.0
2026-07-30T18:57:21.197Z,10.68,10.692,0.0,7.4,0.0,0.0,0.0,0.0,0.0,0.0,0.0,0.0,1.0,0.0,0.0,0.0,9.0,4.0,0.0,0.0,0.0,0.0,0.0,0.0,0.0,0.0,2.0,12.0,1.0,12.11,5.0200000000000005,2.5,1.49,0.0,0.0,0.0,301.1,0.0,0.3,0.5,0.9,95.8,0.0,0.0,264.3,0.0,21.700000000000003,20.0,20.0,21.5,300.0,300.0,29.1,31.9,28.0,27.200000000000003,29.1,4.95,1.99,4.97,0.16,0.0,0.0,1027.0,8228.0,0.0,0.0,0.0,0.0,0.0,1.0,0.0,0.0,0.0,0.0,0.0,-0.8,0.0,-1.2000000000000002,0.0,0.0,16.0,25903.0
2026-07-30T18:57:21.209Z,10.692,10.704,0.0,7.4,0.0,0.0,0.0,0.0,0.0,0.0,0.0,0.0,1.0,0.0,0.0,0.0,9.0,4.0,0.0,0.0,0.0,0.0,0.0,0.0,0.0,0.0,3.0,12.0,1.0,12.11,5.0200000000000005,2.5,1.49,0.0,0.0,0.0,301.1,0.0,1.5,0.0,0.4,95.8,0.0,0.0,264.2,0.0,21.700000000000003,20.0,20.0,21.5,300.0,300.0,29.1,31.9,28.0,27.200000000000003,29.1,4.96,1.99,4.96,0.16,0.0,0.0,1027.0,8228.0,0.0,0.0,0.0,0.0,0.0,1.0,0.0,0.0,0.0,0.0,0.0,-0.3,0.0,-0.2,0.0,0.0,16.0,25903.0
2026-07-30T18:57:21.221Z,10.704,10.716,0.0,7.4,0.0,0.0,0.0,0.0,0.0,0.0,0.0,0.0,1.0,0.0,0.0,0.0,9.0,4.0,0.0,0.0,0.0,0.0,0.0,0.0,0.0,0.0,5.0,12.0,1.0,12.15,5.01,2.51,1.49,0.0,0.0,0.0,301.1,0.0,-0.8,-0.5,-0.2,95.8,0.0,0.0,264.2,0.0,21.0,20.1,20.1,21.6,300.0,300.0,29.0,31.9,28.0,27.200000000000003,29.1,4.96,1.99,4.97,0.16,0.0,0.0,1027.0,8228.0,0.0,0.0,0.0,0.0,0.0,1.0,0.0,0.0,0.0,0.0,0.0,0.1,0.0,0.8,0.0,0.0,16.0,25903.0
2026-07-30T18:57:21.233Z,10.716,10.728,0.0,7.4,0.0,0.0,0.0,0.0,0.0,0.0,0.0,0.0,1.0,0.0,0.0,0.0,9.0,4.0,0.0,0.0,0.0,0.0,0.0,0.0,0.0,0.0,6.0,12.0,1.0,12.15,5.01,2.51,1.49,0.0,0.0,0.0,301.1,0.0,0.3,0.0,1.5,95.8,0.0,0.0,264.2,0.0,21.0,20.1,20.1,21.6,300.0,300.0,29.0,31.9,28.0,27.200000000000003,29.1,4.96,1.99,4.97,0.16,0.0,0.0,1027.0,8228.0,0.0,0.0,0.0,0.0,0.0,1.0,0.0,0.0,0.0,0.0,0.0,-1.4,0.0,-1.0,0.0,0.0,16.0,25903.0
2026-07-30T18:57:21.245Z,10.728,10.74,0.0,7.4,0.0,0.0,0.0,0.0,0.0,0.0,0.0,0.0,1.0,0.0,0.0,0.0,9.0,4.0,0.0,0.0,0.0,0.0,0.0,0.0,0.0,0.0,1.0,12.0,1.0,12.15,5.01,2.51,1.49,0.0,0.0,0.0,301.1,0.0,-0.2,0.0,1.5,95.8,0.0,0.0,264.2,0.0,21.0,20.1,20.1,21.6,300.0,300.0,29.0,31.9,28.0,27.200000000000003,29.1,4.96,2.0,4.97,0.16,0.0,0.0,1027.0,8228.0,0.0,0.0,0.0,0.0,0.0,1.0,0.0,0.0,0.0,0.0,0.0,-1.4,0.0,-1.0,0.0,0.0,16.0,25903.0
2026-07-30T18:57:21.258Z,10.741,10.752,0.0,7.4,0.0,0.0,0.0,0.0,0.0,0.0,0.0,0.0,1.0,0.0,0.0,0.0,9.0,4.0,0.0,0.0,0.0,0.0,0.0,0.0,0.0,0.0,2.0,12.0,1.0,12.15,5.01,2.51,1.49,0.0,0.0,0.0,301.1,0.0,-0.2,-0.5,-0.8,95.8,0.0,0.0,264.3,0.0,21.0,20.1,20.1,21.6,300.0,300.0,29.0,31.9,28.0,27.200000000000003,29.1,4.95,2.0,4.96,0.16,0.0,0.0,1027.0,8228.0,0.0,0.0,0.0,0.0,0.0,1.0,0.0,0.0,0.0,0.0,0.0,0.7000000000000001,0.0,1.2000000000000002,0.0,0.0,16.0,25903.0
2026-07-30T18:57:21.269Z,10.752,10.764,0.0,7.4,0.0,0.0,0.0,0.0,0.0,0.0,0.0,0.0,1.0,0.0,0.0,0.0,9.0,4.0,0.0,0.0,0.0,0.0,0.0,0.0,0.0,0.0,2.0,12.0,1.0,12.15,5.01,2.51,1.49,0.0,0.0,0.0,301.1,0.0,-0.8,-1.7000000000000002,-1.4,95.8,0.0,0.0,264.2,0.0,21.0,20.1,20.1,21.6,300.0,300.0,29.0,31.9,28.0,27.200000000000003,29.1,4.95,1.99,4.97,0.16,0.0,0.0,1027.0,8228.0,0.0,0.0,0.0,0.0,0.0,1.0,0.0,0.0,0.0,0.0,0.0,0.2,0.0,0.2,0.0,0.0,16.0,25903.0
2026-07-30T18:57:21.281Z,10.764,10.776,0.0,7.4,0.0,0.0,0.0,0.0,0.0,0.0,0.0,0.0,1.0,0.0,0.0,0.0,9.0,4.0,0.0,0.0,0.0,0.0,0.0,0.0,0.0,0.0,3.0,12.0,1.0,12.15,5.01,2.51,1.49,0.0,0.0,0.0,301.1,0.0,-0.3,1.1,-0.2,95.8,0.0,0.0,264.2,0.0,21.0,20.1,20.1,21.6,300.0,300.0,29.0,31.9,28.0,27.200000000000003,29.1,4.95,1.99,4.96,0.16,0.0,0.0,1027.0,8228.0,0.0,0.0,0.0,0.0,0.0,1.0,0.0,0.0,0.0,0.0,0.0,0.3,0.0,-1.0,0.0,0.0,16.0,25903.0
2026-07-30T18:57:21.293Z,10.776,10.788,0.0,7.4,0.0,0.0,0.0,0.0,0.0,0.0,0.0,0.0,1.0,0.0,0.0,0.0,9.0,4.0,0.0,0.0,0.0,0.0,0.0,0.0,0.0,0.0,4.0,12.0,1.0,12.15,5.01,2.51,1.49,0.0,0.0,0.0,301.1,0.0,-0.8,0.0,-0.2,95.8,0.0,0.0,264.2,0.0,21.0,20.1,20.1,21.6,300.0,300.0,29.0,31.9,28.0,27.200000000000003,29.1,4.96,1.99,4.96,0.16,0.0,0.0,1027.0,8228.0,0.0,0.0,0.0,0.0,0.0,1.0,0.0,0.0,0.0,0.0,0.0,-1.3,0.0,-1.6,0.0,0.0,16.0,25903.0
2026-07-30T18:57:21.305Z,10.788,10.8,0.0,7.4,0.0,0.0,0.0,0.0,0.0,0.0,0.0,0.0,1.0,0.0,0.0,0.0,9.0,4.0,0.0,0.0,0.0,0.0,0.0,0.0,0.0,0.0,5.0,12.0,1.0,12.15,5.01,2.51,1.49,0.0,0.0,0.0,301.1,0.0,-0.9,-0.6000000000000001,-0.8,95.8,0.0,0.0,264.2,0.0,21.0,20.1,20.1,21.6,300.0,300.0,29.0,31.9,28.0,27.200000000000003,29.1,4.95,1.99,4.96,0.16,0.0,0.0,1027.0,8228.0,0.0,0.0,0.0,0.0,0.0,1.0,0.0,0.0,0.0,0.0,0.0,0.7000000000000001,0.0,1.3,0.0,0.0,16.0,25903.0
2026-07-30T18:57:21.318Z,10.801,10.812,0.0,7.4,0.0,0.0,0.0,0.0,0.0,0.0,0.0,0.0,1.0,0.0,0.0,0.0,9.0,4.0,0.0,0.0,0.0,0.0,0.0,0.0,0.0,0.0,6.0,12.0,1.0,12.17,5.0200000000000005,2.51,1.49,0.0,0.0,0.0,301.1,0.0,0.2,-0.6000000000000001,0.8,95.8,0.0,0.0,264.3,0.0,21.200000000000003,20.200000000000003,20.200000000000003,21.700000000000003,300.0,300.0,29.0,31.9,28.0,27.200000000000003,29.1,4.96,1.99,4.97,0.16,0.0,0.0,1027.0,8228.0,0.0,0.0,0.0,0.0,0.0,1.0,0.0,0.0,0.0,0.0,0.0,-0.8,0.0,0.1,0.0,0.0,16.0,25903.0
2026-07-30T18:57:21.329Z,10.812,10.824,0.0,7.4,0.0,0.0,0.0,0.0,0.0,0.0,0.0,0.0,1.0,0.0,0.0,0.0,9.0,4.0,0.0,0.0,0.0,0.0,0.0,0.0,0.0,0.0,1.0,12.0,1.0,12.17,5.0200000000000005,2.51,1.49,0.0,0.0,0.0,301.1,0.0,0.8,1.0,-0.8,95.8,0.0,0.0,264.2,0.0,21.200000000000003,20.200000000000003,20.200000000000003,21.700000000000003,300.0,300.0,29.0,31.9,28.0,27.200000000000003,29.1,4.96,1.99,4.96,0.16,0.0,0.0,1027.0,8228.0,0.0,0.0,0.0,0.0,0.0,1.0,0.0,0.0,0.0,0.0,0.0,0.9,0.0,-0.6000000000000001,0.0,0.0,16.0,25903.0
2026-07-30T18:57:21.341Z,10.824,10.836,0.0,7.4,0.0,0.0,0.0,0.0,0.0,0.0,0.0,0.0,1.0,0.0,0.0,0.0,9.0,4.0,0.0,0.0,0.0,0.0,0.0,0.0,0.0,0.0,3.0,12.0,1.0,12.17,5.0200000000000005,2.51,1.49,0.0,0.0,0.0,301.1,0.0,0.8,0.0,0.9,95.8,0.0,0.0,264.2,0.0,21.200000000000003,20.200000000000003,20.200000000000003,21.700000000000003,300.0,300.0,29.0,31.9,28.0,27.200000000000003,29.1,4.96,1.99,4.96,0.16,0.0,0.0,1027.0,8228.0,0.0,0.0,0.0,0.0,0.0,1.0,0.0,0.0,0.0,0.0,0.0,-0.9,0.0,-0.6000000000000001,0.0,0.0,16.0,25903.0
2026-07-30T18:57:21.353Z,10.836,10.848,0.0,7.4,0.0,0.0,0.0,0.0,0.0,0.0,0.0,0.0,1.0,0.0,0.0,0.0,9.0,4.0,0.0,0.0,0.0,0.0,0.0,0.0,0.0,0.0,4.0,12.0,1.0,12.17,5.0200000000000005,2.51,1.49,0.0,0.0,0.0,301.1,0.0,-0.2,0.0,-0.1,95.8,0.0,0.0,264.2,0.0,21.200000000000003,20.200000000000003,20.200000000000003,21.700000000000003,300.0,300.0,29.0,31.9,28.0,27.200000000000003,29.1,4.95,1.99,4.97,0.16,0.0,0.0,1027.0,8228.0,0.0,0.0,0.0,0.0,0.0,1.0,0.0,0.0,0.0,0.0,0.0,0.1,0.0,0.1,0.0,0.0,16.0,25903.0
2026-07-30T18:57:21.365Z,10.848,10.86,0.0,7.4,0.0,0.0,0.0,0.0,0.0,0.0,0.0,0.0,1.0,0.0,0.0,0.0,9.0,4.0,0.0,0.0,0.0,0.0,0.0,0.0,0.0,0.0,5.0,12.0,1.0,12.17,5.0200000000000005,2.51,1.49,0.0,0.0,0.0,301.1,0.0,-0.2,-0.5,1.6,95.8,0.0,0.0,264.2,0.0,21.200000000000003,20.200000000000003,20.200000000000003,21.700000000000003,300.0,300.0,29.0,31.9,28.0,27.200000000000003,29.1,4.96,1.99,4.97,0.16,0.0,0.0,1027.0,8228.0,0.0,0.0,0.0,0.0,0.0,1.0,0.0,0.0,0.0,0.0,0.0,-1.6,0.0,-0.4,0.0,0.0,16.0,25903.0
2026-07-30T18:57:21.377Z,10.86,10.872,0.0,7.4,0.0,0.0,0.0,0.0,0.0,0.0,0.0,0.0,1.0,0.0,0.0,0.0,9.0,4.0,0.0,0.0,0.0,0.0,0.0,0.0,0.0,0.0,1.0,12.0,1.0,12.17,5.0200000000000005,2.51,1.49,0.0,0.0,0.0,301.1,0.0,0.2,1.2000000000000002,1.0,95.8,0.0,0.0,264.2,0.0,21.200000000000003,20.200000000000003,20.200000000000003,21.700000000000003,300.0,300.0,29.0,31.9,28.0,27.200000000000003,29.1,4.96,2.0,4.96,0.16,0.0,0.0,1027.0,8228.0,0.0,0.0,0.0,0.0,0.0,1.0,0.0,0.0,0.0,0.0,0.0,-0.8,0.0,-2.1,0.0,0.0,16.0,25903.0
2026-07-30T18:57:21.389Z,10.872,10.884,0.0,7.4,0.0,0.0,0.0,0.0,0.0,0.0,0.0,0.0,1.0,0.0,0.0,0.0,9.0,4.0,0.0,0.0,0.0,0.0,0.0,0.0,0.0,0.0,3.0,12.0,1.0,12.17,5.0200000000000005,2.51,1.49,0.0,0.0,0.0,301.1,0.0,0.3,0.0,0.0,95.8,0.0,0.0,264.3,0.0,21.200000000000003,20.200000000000003,20.200000000000003,21.700000000000003,300.0,300.0,29.0,31.9,28.0,27.200000000000003,29.1,4.95,1.99,4.96,0.16,0.0,0.0,1027.0,8228.0,0.0,0.0,0.0,0.0,0.0,1.0,0.0,0.0,0.0,0.0,0.0,0.0,0.0,0.0,0.0,0.0,16.0,25903.0
2026-07-30T18:57:21.401Z,10.884,10.896,0.0,7.4,0.0,0.0,0.0,0.0,0.0,0.0,0.0,0.0,1.0,0.0,0.0,0.0,9.0,4.0,0.0,0.0,0.0,0.0,0.0,0.0,0.0,0.0,3.0,12.0,1.0,12.17,5.0200000000000005,2.51,1.49,0.0,0.0,0.0,301.1,0.0,0.3,0.0,-1.2000000000000002,95.8,0.0,0.0,264.3,0.0,21.200000000000003,20.200000000000003,20.200000000000003,21.700000000000003,300.0,300.0,29.0,31.9,28.0,27.200000000000003,29.1,4.96,1.99,4.97,0.16,0.0,0.0,1027.0,8228.0,0.0,0.0,0.0,0.0,0.0,1.0,0.0,0.0,0.0,0.0,0.0,1.1,0.0,0.7000000000000001,0.0,0.0,16.0,25903.0
2026-07-30T18:57:21.413Z,10.896,10.908,0.0,7.4,0.0,0.0,0.0,0.0,0.0,0.0,0.0,0.0,1.0,0.0,0.0,0.0,9.0,4.0,0.0,0.0,0.0,0.0,0.0,0.0,0.0,0.0,5.0,12.0,1.0,12.17,5.0200000000000005,2.51,1.49,0.0,0.0,0.0,301.1,0.0,0.3,-0.4,1.1,95.8,0.0,0.0,264.2,0.0,21.200000000000003,20.200000000000003,20.200000000000003,21.700000000000003,300.0,300.0,29.0,31.9,28.0,27.200000000000003,29.1,4.95,1.99,4.96,0.16,0.0,0.0,1027.0,8228.0,0.0,0.0,0.0,0.0,0.0,1.0,0.0,0.0,0.0,0.0,0.0,-1.1,0.0,-0.2,0.0,0.0,16.0,25903.0
2026-07-30T18:57:21.425Z,10.908,10.92,0.0,7.4,0.0,0.0,0.0,0.0,0.0,0.0,0.0,0.0,1.0,0.0,0.0,0.0,9.0,4.0,0.0,0.0,0.0,0.0,0.0,0.0,0.0,0.0,6.0,12.0,1.0,12.14,5.0200000000000005,2.5,1.49,0.0,0.0,0.0,301.1,0.0,-0.2,1.2000000000000002,1.1,95.8,0.0,0.0,264.2,0.0,21.4,20.3,20.3,21.8,300.0,300.0,29.200000000000003,31.9,27.9,27.200000000000003,29.1,4.95,1.99,4.97,0.16,0.0,0.0,1027.0,8228.0,0.0,0.0,0.0,0.0,0.0,1.0,0.0,0.0,0.0,0.0,0.0,-0.9,0.0,-2.2,0.0,0.0,16.0,25903.0
2026-07-30T18:57:21.437Z,10.92,10.932,0.0,7.4,0.0,0.0,0.0,0.0,0.0,0.0,0.0,0.0,1.0,0.0,0.0,0.0,9.0,4.0,0.0,0.0,0.0,0.0,0.0,0.0,0.0,0.0,1.0,12.0,1.0,12.14,5.0200000000000005,2.5,1.49,0.0,0.0,0.0,301.1,0.0,-0.2,-0.5,-0.6000000000000001,95.8,0.0,0.0,264.2,0.0,21.4,20.3,20.3,21.8,300.0,300.0,29.200000000000003,31.9,27.9,27.200000000000003,29.1,4.95,1.99,4.97,0.16,0.0,0.0,1027.0,8228.0,0.0,0.0,0.0,0.0,0.0,1.0,0.0,0.0,0.0,0.0,0.0,0.5,0.0,1.0,0.0,0.0,16.0,25903.0
2026-07-30T18:57:21.449Z,10.932,10.944,0.0,7.4,0.0,0.0,0.0,0.0,0.0,0.0,0.0,0.0,1.0,0.0,0.0,0.0,9.0,4.0,0.0,0.0,0.0,0.0,0.0,0.0,0.0,0.0,2.0,12.0,1.0,12.14,5.0200000000000005,2.5,1.49,0.0,0.0,0.0,301.1,0.0,-0.8,0.6000000000000001,-0.5,95.8,0.0,0.0,264.2,0.0,21.4,20.3,20.3,21.8,300.0,300.0,29.200000000000003,31.9,27.9,27.200000000000003,29.1,4.96,1.99,4.96,0.16,0.0,0.0,1027.0,8228.0,0.0,0.0,0.0,0.0,0.0,1.0,0.0,0.0,0.0,0.0,0.0,0.6000000000000001,0.0,-0.3,0.0,0.0,16.0,25903.0
2026-07-30T18:57:21.461Z,10.944,10.956,0.0,7.4,0.0,0.0,0.0,0.0,0.0,0.0,0.0,0.0,1.0,0.0,0.0,0.0,9.0,4.0,0.0,0.0,0.0,0.0,0.0,0.0,0.0,0.0,4.0,12.0,1.0,12.14,5.0200000000000005,2.5,1.49,0.0,0.0,0.0,301.1,0.0,0.3,-0.5,0.0,95.8,0.0,0.0,264.2,0.0,21.4,20.3,20.3,21.8,300.0,300.0,29.200000000000003,31.9,27.9,27.200000000000003,29.1,4.96,1.99,4.96,0.16,0.0,0.0,1027.0,8228.0,0.0,0.0,0.0,0.0,0.0,1.0,0.0,0.0,0.0,0.0,0.0,0.0,0.0,0.6000000000000001,0.0,0.0,16.0,25903.0
2026-07-30T18:57:21.473Z,10.956,10.968,0.0,7.4,0.0,0.0,0.0,0.0,0.0,0.0,0.0,0.0,1.0,0.0,0.0,0.0,9.0,4.0,0.0,0.0,0.0,0.0,0.0,0.0,0.0,0.0,5.0,12.0,1.0,12.14,5.0200000000000005,2.5,1.49,0.0,0.0,0.0,301.1,0.0,0.2,1.1,0.0,95.8,0.0,0.0,264.2,0.0,21.4,20.3,20.3,21.8,300.0,300.0,29.200000000000003,31.9,27.9,27.200000000000003,29.1,4.96,1.99,4.96,0.16,0.0,0.0,1027.0,8228.0,0.0,0.0,0.0,0.0,0.0,1.0,0.0,0.0,0.0,0.0,0.0,0.2,0.0,-1.2000000000000002,0.0,0.0,16.0,25903.0
2026-07-30T18:57:21.485Z,10.968,10.98,0.0,7.4,0.0,0.0,0.0,0.0,0.0,0.0,0.0,0.0,1.0,0.0,0.0,0.0,9.0,4.0,0.0,0.0,0.0,0.0,0.0,0.0,0.0,0.0,6.0,12.0,1.0,12.14,5.0200000000000005,2.5,1.49,0.0,0.0,0.0,301.1,0.0,-0.3,0.0,-1.2000000000000002,95.8,0.0,0.0,264.2,0.0,21.4,20.3,20.3,21.8,300.0,300.0,29.200000000000003,31.9,27.9,27.200000000000003,29.1,4.95,1.99,4.96,0.16,0.0,0.0,1027.0,8228.0,0.0,0.0,0.0,0.0,0.0,1.0,0.0,0.0,0.0,0.0,0.0,1.1,0.0,0.8,0.0,0.0,16.0,25903.0
2026-07-30T18:57:21.497Z,10.98,10.992,0.0,7.4,0.0,0.0,0.0,0.0,0.0,0.0,0.0,0.0,1.0,0.0,0.0,0.0,9.0,4.0,0.0,0.0,0.0,0.0,0.0,0.0,0.0,0.0,1.0,12.0,1.0,12.14,5.0200000000000005,2.5,1.49,0.0,0.0,0.0,301.1,0.0,1.4,0.0,1.1,95.8,0.0,0.0,264.2,0.0,21.4,20.3,20.3,21.8,300.0,300.0,29.200000000000003,31.9,27.9,27.200000000000003,29.1,4.96,1.99,4.96,0.16,0.0,0.0,1027.0,8228.0,0.0,0.0,0.0,0.0,0.0,1.0,0.0,0.0,0.0,0.0,0.0,-1.0,0.0,-0.8,0.0,0.0,16.0,25903.0
2026-07-30T18:57:21.509Z,10.992,11.004,0.0,7.4,0.0,0.0,0.0,0.0,0.0,0.0,0.0,0.0,1.0,0.0,0.0,0.0,9.0,4.0,0.0,0.0,0.0,0.0,0.0,0.0,0.0,0.0,2.0,12.0,1.0,12.14,5.0200000000000005,2.5,1.49,0.0,0.0,0.0,301.1,0.0,-0.3,-1.1,-1.8,95.8,0.0,0.0,264.2,0.0,21.4,20.3,20.3,21.8,300.0,300.0,29.200000000000003,31.9,27.9,27.200000000000003,29.1,4.95,1.99,4.97,0.16,0.0,0.0,1027.0,8228.0,0.0,0.0,0.0,0.0,0.0,1.0,0.0,0.0,0.0,0.0,0.0,1.6,0.0,2.6,0.0,0.0,16.0,25903.0
2026-07-30T18:57:21.522Z,11.005,11.016,0.0,7.4,0.0,0.0,0.0,0.0,0.0,0.0,0.0,0.0,1.0,0.0,0.0,0.0,9.0,4.0,0.0,0.0,0.0,0.0,0.0,0.0,0.0,0.0,4.0,12.0,1.0,12.18,5.01,2.5,1.49,0.0,0.0,0.0,301.1,0.0,0.8,0.0,-0.1,95.8,0.0,0.0,264.2,0.0,21.4,20.4,20.4,21.9,300.0,300.0,29.3,32.0,27.9,27.200000000000003,29.1,4.95,1.99,4.96,0.16,0.0,0.0,1027.0,8228.0,0.0,0.0,0.0,0.0,0.0,1.0,0.0,0.0,0.0,0.0,0.0,0.1,0.0,0.1,0.0,0.0,16.0,25903.0
2026-07-30T18:57:21.533Z,11.016,11.028,0.0,7.4,0.0,0.0,0.0,0.0,0.0,0.0,0.0,0.0,1.0,0.0,0.0,0.0,9.0,4.0,0.0,0.0,0.0,0.0,0.0,0.0,0.0,0.0,5.0,12.0,1.0,12.18,5.01,2.5,1.49,0.0,0.0,0.0,301.1,0.0,0.2,-0.6000000000000001,1.0,95.8,0.0,0.0,264.2,0.0,21.4,20.4,20.4,21.9,300.0,300.0,29.3,32.0,27.9,27.200000000000003,29.1,4.95,1.99,4.96,0.16,0.0,0.0,1027.0,8228.0,0.0,0.0,0.0,0.0,0.0,1.0,0.0,0.0,0.0,0.0,0.0,-1.0,0.0,0.0,0.0,0.0,16.0,25903.0
2026-07-30T18:57:21.545Z,11.028,11.04,0.0,7.4,0.0,0.0,0.0,0.0,0.0,0.0,0.0,0.0,1.0,0.0,0.0,0.0,9.0,4.0,0.0,0.0,0.0,0.0,0.0,0.0,0.0,0.0,6.0,12.0,1.0,12.18,5.01,2.5,1.49,0.0,0.1,0.0,301.1,0.0,0.2,-0.5,-0.1,95.8,0.0,0.0,264.2,0.0,21.4,20.4,20.4,21.9,300.0,300.0,29.3,32.0,27.9,27.200000000000003,29.1,4.95,1.99,4.97,0.16,0.0,0.0,1027.0,8228.0,0.0,0.0,0.0,0.0,0.0,1.0,0.0,0.0,0.0,0.0,0.0,0.0,0.0,0.7000000000000001,0.0,0.0,16.0,25903.0
2026-07-30T18:57:21.557Z,11.04,11.052,0.0,7.4,0.0,0.0,0.0,0.0,0.0,0.0,0.0,0.0,1.0,0.0,0.0,0.0,9.0,4.0,0.0,0.0,0.0,0.0,0.0,0.0,0.0,0.0,1.0,12.0,1.0,12.18,5.01,2.5,1.49,0.0,0.0,0.0,301.1,0.0,0.2,-0.5,-0.1,95.8,0.0,0.0,264.2,0.0,21.4,20.4,20.4,21.9,300.0,300.0,29.3,32.0,27.9,27.200000000000003,29.1,4.95,1.99,4.97,0.16,0.0,0.0,1027.0,8228.0,0.0,0.0,0.0,0.0,0.0,1.0,0.0,0.0,0.0,0.0,0.0,0.0,0.0,0.7000000000000001,0.0,0.0,16.0,25903.0
2026-07-30T18:57:21.570Z,11.053,11.064,0.0,7.4,0.0,0.0,0.0,0.0,0.0,0.0,0.0,0.0,1.0,0.0,0.0,0.0,9.0,4.0,0.0,0.0,0.0,0.0,0.0,0.0,0.0,0.0,2.0,12.0,1.0,12.18,5.01,2.5,1.49,0.0,0.0,0.0,301.1,0.0,0.2,0.0,-1.2000000000000002,95.8,0.0,0.0,264.3,0.0,21.4,20.4,20.4,21.9,300.0,300.0,29.3,32.0,27.9,27.200000000000003,29.1,4.95,1.99,4.96,0.16,0.0,0.0,1027.0,8228.0,0.0,0.0,0.0,0.0,0.0,1.0,0.0,0.0,0.0,0.0,0.0,1.1,0.0,0.8,0.0,0.0,16.0,25903.0
2026-07-30T18:57:21.582Z,11.065,11.076,0.0,7.4,0.0,0.0,0.0,0.0,0.0,0.0,0.0,0.0,1.0,0.0,0.0,0.0,9.0,4.0,0.0,0.0,0.0,0.0,0.0,0.0,0.0,0.0,2.0,12.0,1.0,12.18,5.01,2.5,1.49,0.0,0.0,0.0,301.1,0.0,-0.2,0.0,0.0,95.8,0.0,0.0,264.2,0.0,21.4,20.4,20.4,21.9,300.0,300.0,29.3,32.0,27.9,27.200000000000003,29.1,4.95,1.99,4.96,0.16,0.0,0.0,1027.0,8228.0,0.0,0.0,0.0,0.0,0.0,1.0,0.0,0.0,0.0,0.0,0.0,0.0,0.0,0.0,0.0,0.0,16.0,25903.0
2026-07-30T18:57:21.593Z,11.076,11.088,0.0,7.4,0.0,0.0,0.0,0.0,0.0,0.0,0.0,0.0,1.0,0.0,0.0,0.0,9.0,4.0,0.0,0.0,0.0,0.0,0.0,0.0,0.0,0.0,4.0,12.0,1.0,12.18,5.01,2.5,1.49,0.0,0.0,0.0,301.1,0.0,-0.8,0.0,-0.1,95.8,0.0,0.0,264.2,0.0,21.4,20.4,20.4,21.9,300.0,300.0,29.3,32.0,27.9,27.200000000000003,29.1,4.95,1.99,4.97,0.16,0.0,0.0,1027.0,8228.0,0.0,0.0,0.0,0.0,0.0,1.0,0.0,0.0,0.0,0.0,0.0,0.1,0.0,0.0,0.0,0.0,16.0,25903.0
2026-07-30T18:57:21.605Z,11.088,11.1,0.0,7.4,0.0,0.0,0.0,0.0,0.0,0.0,0.0,0.0,1.0,0.0,0.0,0.0,9.0,4.0,0.0,0.0,0.0,0.0,0.0,0.0,0.0,0.0,5.0,12.0,1.0,12.18,5.01,2.5,1.49,0.0,0.0,0.0,301.1,0.0,0.3,-0.5,1.1,95.8,0.0,0.0,264.2,0.0,21.4,20.4,20.4,21.9,300.0,300.0,29.3,32.0,27.9,27.200000000000003,29.1,4.96,1.99,4.97,0.16,0.0,0.0,1027.0,8228.0,0.0,0.0,0.0,0.0,0.0,1.0,0.0,0.0,0.0,0.0,0.0,-1.0,0.0,-0.1,0.0,0.0,16.0,25903.0
2026-07-30T18:57:21.617Z,11.1,11.112,0.0,7.4,0.0,0.0,0.0,0.0,0.0,0.0,0.0,0.0,1.0,0.0,0.0,0.0,9.0,4.0,0.0,0.0,0.0,0.0,0.0,0.0,0.0,0.0,6.0,12.0,1.0,12.18,5.01,2.5,1.49,0.0,0.0,0.0,301.1,0.0,-0.2,1.1,1.7000000000000002,95.8,0.0,0.0,264.2,0.0,21.4,20.4,20.4,21.9,300.0,300.0,29.3,32.0,27.9,27.200000000000003,29.1,4.96,1.99,4.96,0.16,0.0,0.0,1027.0,8228.0,0.0,0.0,0.0,0.0,0.0,1.0,0.0,0.0,0.0,0.0,0.0,-1.4,0.0,-2.4000000000000004,0.0,0.0,16.0,25903.0
2026-07-30T18:57:21.629Z,11.112,11.124,0.0,7.4,0.0,0.0,0.0,0.0,0.0,0.0,0.0,0.0,1.0,0.0,0.0,0.0,9.0,4.0,0.0,0.0,0.0,0.0,0.0,0.0,0.0,0.0,2.0,12.0,1.0,12.15,5.01,2.51,1.49,0.0,0.0,0.0,301.1,0.0,-0.2,0.0,-0.6000000000000001,95.8,0.0,0.0,264.2,0.0,21.700000000000003,20.5,20.5,22.0,300.0,300.0,29.200000000000003,32.0,28.0,27.200000000000003,29.1,4.95,1.99,4.96,0.16,0.0,0.0,1027.0,8228.0,0.0,0.0,0.0,0.0,0.0,1.0,0.0,0.0,0.0,0.0,0.0,0.6000000000000001,0.0,0.4,0.0,0.0,16.0,25903.0
2026-07-30T18:57:21.641Z,11.124,11.136,0.0,7.4,0.0,0.0,0.0,0.0,0.0,0.0,0.0,0.0,1.0,0.0,0.0,0.0,9.0,4.0,0.0,0.0,0.0,0.0,0.0,0.0,0.0,0.0,3.0,12.0,1.0,12.15,5.01,2.51,1.49,0.0,0.0,0.0,301.1,0.0,0.3,0.0,-0.7000000000000001,95.8,0.0,0.0,264.2,0.0,21.700000000000003,20.5,20.5,22.0,300.0,300.0,29.200000000000003,32.0,28.0,27.200000000000003,29.1,4.96,1.99,4.97,0.16,0.0,0.0,1027.0,8228.0,0.0,0.0,0.0,0.0,0.0,1.0,0.0,0.0,0.0,0.0,0.0,0.6000000000000001,0.0,0.4,0.0,0.0,16.0,25903.0
2026-07-30T18:57:21.653Z,11.136,11.148,0.0,7.4,0.0,0.0,0.0,0.0,0.0,0.0,0.0,0.0,1.0,0.0,0.0,0.0,9.0,4.0,0.0,0.0,0.0,0.0,0.0,0.0,0.0,0.0,5.0,12.0,1.0,12.15,5.01,2.51,1.49,0.0,0.0,0.0,301.1,0.0,-0.2,-1.1,-0.1,95.8,0.0,0.0,264.2,0.0,21.700000000000003,20.5,20.5,22.0,300.0,300.0,29.200000000000003,32.0,28.0,27.200000000000003,29.1,4.95,1.99,4.96,0.16,0.0,0.0,1027.0,8228.0,0.0,0.0,0.0,0.0,0.0,1.0,0.0,0.0,0.0,0.0,0.0,0.0,0.0,1.4,0.0,0.0,16.0,25903.0
2026-07-30T18:57:21.665Z,11.148,11.16,0.0,7.4,0.0,0.0,0.0,0.0,0.0,0.0,0.0,0.0,1.0,0.0,0.0,0.0,9.0,4.0,0.0,0.0,0.0,0.0,0.0,0.0,0.0,0.0,6.0,12.0,1.0,12.15,5.01,2.51,1.49,0.0,0.0,0.0,301.1,0.0,-0.3,0.0,0.4,95.8,0.0,0.0,264.2,0.0,21.700000000000003,20.5,20.5,22.0,300.0,300.0,29.200000000000003,32.0,28.0,27.200000000000003,29.1,4.95,1.99,4.97,0.16,0.0,0.0,1027.0,8228.0,0.0,0.0,0.0,0.0,0.0,1.0,0.0,0.0,0.0,0.0,0.0,-0.4,0.0,-0.3,0.0,0.0,16.0,25903.0
2026-07-30T18:57:21.677Z,11.16,11.172,0.0,7.4,0.0,0.0,0.0,0.0,0.0,0.0,0.0,0.0,1.0,0.0,0.0,0.0,9.0,4.0,0.0,0.0,0.0,0.0,0.0,0.0,0.0,0.0,1.0,12.0,1.0,12.15,5.01,2.51,1.49,0.0,0.0,0.0,301.1,0.0,-0.8,-0.5,1.6,95.8,0.0,0.0,264.2,0.0,21.700000000000003,20.5,20.5,22.0,300.0,300.0,29.200000000000003,32.0,28.0,27.200000000000003,29.1,4.95,1.99,4.97,0.16,0.0,0.0,1027.0,8228.0,0.0,0.0,0.0,0.0,0.0,1.0,0.0,0.0,0.0,0.0,0.0,-1.6,0.0,-0.4,0.0,0.0,16.0,25903.0
2026-07-30T18:57:21.690Z,11.173,11.184,0.0,7.4,0.0,0.0,0.0,0.0,0.0,0.0,0.0,0.0,1.0,0.0,0.0,0.0,9.0,4.0,0.0,0.0,0.0,0.0,0.0,0.0,0.0,0.0,2.0,12.0,1.0,12.15,5.01,2.51,1.49,0.0,0.0,0.0,301.1,0.0,-0.3,0.0,-0.6000000000000001,95.8,0.0,0.0,264.2,0.0,21.700000000000003,20.5,20.5,22.0,300.0,300.0,29.200000000000003,32.0,28.0,27.200000000000003,29.1,4.95,1.99,4.97,0.16,0.0,0.0,1027.0,8228.0,0.0,0.0,0.0,0.0,0.0,1.0,0.0,0.0,0.0,0.0,0.0,0.6000000000000001,0.0,0.4,0.0,0.0,16.0,25903.0
2026-07-30T18:57:21.701Z,11.184,11.196,0.0,7.4,0.0,0.0,0.0,0.0,0.0,0.0,0.0,0.0,1.0,0.0,0.0,0.0,9.0,4.0,0.0,0.0,0.0,0.0,0.0,0.0,0.0,0.0,3.0,12.0,1.0,12.15,5.01,2.51,1.49,0.0,0.0,0.0,301.1,0.0,0.2,-0.6000000000000001,0.4,95.8,0.0,0.0,264.3,0.0,21.700000000000003,20.5,20.5,22.0,300.0,300.0,29.200000000000003,32.0,28.0,27.200000000000003,29.1,4.95,2.0,4.96,0.16,0.0,0.0,1027.0,8228.0,0.0,0.0,0.0,0.0,0.0,1.0,0.0,0.0,0.0,0.0,0.0,-0.5,0.0,0.4,0.0,0.0,16.0,25903.0
2026-07-30T18:57:21.713Z,11.196,11.208,0.0,7.4,0.0,0.0,0.0,0.0,0.0,0.0,0.0,0.0,1.0,0.0,0.0,0.0,9.0,4.0,0.0,0.0,0.0,0.0,0.0,0.0,0.0,0.0,4.0,12.0,1.0,12.15,5.01,2.51,1.49,0.0,0.0,0.0,301.1,0.0,-0.9,0.5,-1.3,95.8,0.0,0.0,264.2,0.0,21.700000000000003,20.5,20.5,22.0,300.0,300.0,29.200000000000003,32.0,28.0,27.200000000000003,29.1,4.95,1.99,4.96,0.16,0.0,0.0,1027.0,8228.0,0.0,0.0,0.0,0.0,0.0,1.0,0.0,0.0,0.0,0.0,0.0,1.2000000000000002,0.0,0.2,0.0,0.0,16.0,25903.0
2026-07-30T18:57:21.726Z,11.209,11.22,0.0,7.4,0.0,0.0,0.0,0.0,0.0,0.0,0.0,0.0,1.0,0.0,0.0,0.0,9.0,4.0,0.0,0.0,0.0,0.0,0.0,0.0,0.0,0.0,5.0,12.0,1.0,12.15,5.01,2.51,1.5,0.0,0.0,0.0,301.1,0.0,0.8,0.5,0.4,95.8,0.0,0.0,264.2,0.0,21.8,20.6,20.6,22.1,300.0,300.0,29.200000000000003,31.9,28.0,27.200000000000003,29.1,4.96,2.0,4.96,0.16,0.0,0.0,1027.0,8228.0,0.0,0.0,0.0,0.0,0.0,1.0,0.0,0.0,0.0,0.0,0.0,-0.3,0.0,-0.9,0.0,0.0,16.0,25903.0
2026-07-30T18:57:21.737Z,11.22,11.232,0.0,7.4,0.0,0.0,0.0,0.0,0.0,0.0,0.0,0.0,1.0,0.0,0.0,0.0,9.0,4.0,0.0,0.0,0.0,0.0,0.0,0.0,0.0,0.0,1.0,12.0,1.0,12.15,5.01,2.51,1.5,0.0,0.0,0.0,301.1,0.0,0.2,-0.6000000000000001,0.4,95.8,0.0,0.0,264.2,0.0,21.8,20.6,20.6,22.1,300.0,300.0,29.200000000000003,31.9,28.0,27.200000000000003,29.1,4.95,2.0,4.96,0.16,0.0,0.0,1027.0,8228.0,0.0,0.0,0.0,0.0,0.0,1.0,0.0,0.0,0.0,0.0,0.0,-0.4,0.0,0.4,0.0,0.0,16.0,25903.0
2026-07-30T18:57:21.749Z,11.232,11.244,0.0,7.4,0.0,0.0,0.0,0.0,0.0,0.0,0.0,0.0,1.0,0.0,0.0,0.0,9.0,4.0,0.0,0.0,0.0,0.0,0.0,0.0,0.0,0.0,2.0,12.0,1.0,12.15,5.01,2.51,1.5,0.0,0.0,0.0,301.2,0.0,-1.5,-1.7000000000000002,-1.3,95.8,0.0,0.0,264.2,0.0,21.8,20.6,20.6,22.1,300.0,300.0,29.200000000000003,31.9,28.0,27.200000000000003,29.1,4.95,1.99,4.96,0.16,0.0,0.0,1027.0,8228.0,0.0,0.0,0.0,0.0,0.0,1.0,0.0,0.0,0.0,0.0,0.0,1.0,0.0,2.9000000000000004,0.0,0.0,16.0,25903.0
2026-07-30T18:57:21.761Z,11.244,11.256,0.0,7.4,0.0,0.0,0.0,0.0,0.0,0.0,0.0,0.0,1.0,0.0,0.0,0.0,9.0,4.0,0.0,0.0,0.0,0.0,0.0,0.0,0.0,0.0,3.0,12.0,1.0,12.15,5.01,2.51,1.5,0.0,0.1,0.0,301.1,0.0,0.8,0.0,-0.1,95.8,0.0,0.0,264.2,0.0,21.8,20.6,20.6,22.1,300.0,300.0,29.200000000000003,31.9,28.0,27.200000000000003,29.1,4.95,1.99,4.97,0.16,0.0,0.0,1027.0,8228.0,0.0,0.0,0.0,0.0,0.0,1.0,0.0,0.0,0.0,0.0,0.0,0.1,0.0,0.0,0.0,0.0,16.0,25903.0
2026-07-30T18:57:21.773Z,11.256,11.268,0.0,7.4,0.0,0.0,0.0,0.0,0.0,0.0,0.0,0.0,1.0,0.0,0.0,0.0,9.0,4.0,0.0,0.0,0.0,0.0,0.0,0.0,0.0,0.0,4.0,12.0,1.0,12.15,5.01,2.51,1.5,0.0,0.0,0.0,301.1,0.0,-0.2,0.0,-1.3,95.8,0.0,0.0,264.2,0.0,21.8,20.6,20.6,22.1,300.0,300.0,29.200000000000003,31.9,28.0,27.200000000000003,29.1,4.96,1.99,4.97,0.16,0.0,0.0,1027.0,8228.0,0.0,0.0,0.0,0.0,0.0,1.0,0.0,0.0,0.0,0.0,0.0,-0.3,0.0,-0.3,0.0,0.0,16.0,25903.0
2026-07-30T18:57:21.785Z,11.268,11.28,0.0,7.4,0.0,0.0,0.0,0.0,0.0,0.0,0.0,0.0,1.0,0.0,0.0,0.0,9.0,4.0,0.0,0.0,0.0,0.0,0.0,0.0,0.0,0.0,5.0,12.0,1.0,12.15,5.01,2.51,1.5,0.0,0.0,0.0,301.1,0.0,0.2,0.6000000000000001,0.4,95.8,0.0,0.0,264.2,0.0,21.8,20.6,20.6,22.1,300.0,300.0,29.200000000000003,31.9,28.0,27.200000000000003,29.1,4.95,1.99,4.96,0.16,0.0,0.0,1027.0,8228.0,0.0,0.0,0.0,0.0,0.0,1.0,0.0,0.0,0.0,0.0,0.0,-0.3,0.0,-0.9,0.0,0.0,16.0,25903.0
2026-07-30T18:57:21.797Z,11.28,11.292,0.0,7.4,0.0,0.0,0.0,0.0,0.0,0.0,0.0,0.0,1.0,0.0,0.0,0.0,9.0,4.0,0.0,0.0,0.0,0.0,0.0,0.0,0.0,0.0,6.0,12.0,1.0,12.15,5.01,2.51,1.5,0.0,0.0,0.0,301.1,0.0,-0.9,-0.5,0.4,95.8,0.0,0.0,264.2,0.0,21.8,20.6,20.6,22.1,300.0,300.0,29.200000000000003,31.9,28.0,27.200000000000003,29.1,4.95,1.99,4.96,0.16,0.0,0.0,1027.0,8228.0,0.0,0.0,0.0,0.0,0.0,1.0,0.0,0.0,0.0,0.0,0.0,0.0,0.0,1.4,0.0,0.0,16.0,25903.0
2026-07-30T18:57:21.809Z,11.292,11.304,0.0,7.4,0.0,0.0,0.0,0.0,0.0,0.0,0.0,0.0,1.0,0.0,0.0,0.0,9.0,4.0,0.0,0.0,0.0,0.0,0.0,0.0,0.0,0.0,2.0,12.0,1.0,12.15,5.01,2.51,1.5,0.0,0.0,0.0,301.2,0.0,-0.9,1.1,-1.3,95.8,0.0,0.0,264.2,0.0,21.8,20.6,20.6,22.1,300.0,300.0,29.200000000000003,31.9,28.0,27.200000000000003,29.1,4.95,1.99,4.96,0.16,0.0,0.0,1027.0,8228.0,0.0,0.0,0.0,0.0,0.0,1.0,0.0,0.0,0.0,0.0,0.0,0.1,0.0,-0.5,0.0,0.0,16.0,25903.0
2026-07-30T18:57:21.821Z,11.304,11.316,0.0,7.4,0.0,0.0,0.0,0.0,0.0,0.0,0.0,0.0,1.0,0.0,0.0,0.0,9.0,4.0,0.0,0.0,0.0,0.0,0.0,0.0,0.0,0.0,3.0,12.0,1.0,12.15,5.01,2.51,1.5,0.0,0.0,0.0,301.1,0.0,-0.3,0.5,-1.2000000000000002,95.8,0.0,0.0,264.2,0.0,21.8,20.6,20.6,22.1,300.0,300.0,29.200000000000003,31.9,28.0,27.200000000000003,29.1,4.96,2.0,4.96,0.16,0.0,0.0,1027.0,8228.0,0.0,0.0,0.0,0.0,0.0,1.0,0.0,0.0,0.0,0.0,0.0,1.2000000000000002,0.0,0.2,0.0,0.0,16.0,25903.0
2026-07-30T18:57:21.833Z,11.316,11.328,0.0,7.4,0.0,0.0,0.0,0.0,0.0,0.0,0.0,0.0,1.0,0.0,0.0,0.0,9.0,4.0,0.0,0.0,0.0,0.0,0.0,0.0,0.0,0.0,4.0,12.0,1.0,12.15,5.01,2.5,1.49,0.0,0.0,0.0,301.1,0.0,-0.3,0.0,-0.1,95.8,0.0,0.0,264.2,0.0,22.1,20.700000000000003,20.700000000000003,22.200000000000003,300.0,300.0,29.200000000000003,31.9,27.9,27.200000000000003,29.1,4.95,2.0,4.97,0.16,0.0,0.0,1027.0,8228.0,0.0,0.0,0.0,0.0,0.0,1.0,0.0,0.0,0.0,0.0,0.0,0.1,0.0,0.0,0.0,0.0,16.0,25903.0
2026-07-30T18:57:21.845Z,11.328,11.34,0.0,7.4,0.0,0.0,0.0,0.0,0.0,0.0,0.0,0.0,1.0,0.0,0.0,0.0,9.0,4.0,0.0,0.0,0.0,0.0,0.0,0.0,0.0,0.0,6.0,12.0,1.0,12.15,5.01,2.5,1.49,0.0,0.0,0.0,301.2,0.0,-0.3,0.6000000000000001,-0.1,95.8,0.0,0.0,264.2,0.0,22.1,20.700000000000003,20.700000000000003,22.200000000000003,300.0,300.0,29.200000000000003,31.9,27.9,27.200000000000003,29.1,4.95,1.99,4.96,0.16,0.0,0.0,1027.0,8228.0,0.0,0.0,0.0,0.0,0.0,1.0,0.0,0.0,0.0,0.0,0.0,0.1,0.0,-0.6000000000000001,0.0,0.0,16.0,25903.0
2026-07-30T18:57:21.857Z,11.34,11.352,0.0,7.4,0.0,0.0,0.0,0.0,0.0,0.0,0.0,0.0,1.0,0.0,0.0,0.0,9.0,4.0,0.0,0.0,0.0,0.0,0.0,0.0,0.0,0.0,1.0,12.0,1.0,12.15,5.01,2.5,1.49,0.0,0.0,0.0,301.1,0.0,0.2,0.6000000000000001,-0.1,95.8,0.0,0.0,264.2,0.0,22.1,20.700000000000003,20.700000000000003,22.200000000000003,300.0,300.0,29.200000000000003,31.9,27.9,27.200000000000003,29.1,4.95,2.0,4.96,0.16,0.0,0.0,1027.0,8228.0,0.0,0.0,0.0,0.0,0.0,1.0,0.0,0.0,0.0,0.0,0.0,0.2,0.0,-0.6000000000000001,0.0,0.0,16.0,25903.0
2026-07-30T18:57:21.870Z,11.353,11.364,0.0,7.4,0.0,0.0,0.0,0.0,0.0,0.0,0.0,0.0,1.0,0.0,0.0,0.0,9.0,4.0,0.0,0.0,0.0,0.0,0.0,0.0,0.0,0.0,2.0,12.0,1.0,12.15,5.01,2.5,1.49,0.0,0.0,0.0,301.1,0.0,-0.3,-0.5,-0.7000000000000001,95.8,0.0,0.0,264.2,0.0,22.1,20.700000000000003,20.700000000000003,22.200000000000003,300.0,300.0,29.200000000000003,31.9,27.9,27.200000000000003,29.1,4.95,1.99,4.96,0.16,0.0,0.0,1027.0,8228.0,0.0,0.0,0.0,0.0,0.0,1.0,0.0,0.0,0.0,0.0,0.0,0.6000000000000001,0.0,1.1,0.0,0.0,16.0,25903.0
2026-07-30T18:57:21.881Z,11.364,11.376,0.0,7.4,0.0,0.0,0.0,0.0,0.0,0.0,0.0,0.0,1.0,0.0,0.0,0.0,9.0,4.0,0.0,0.0,0.0,0.0,0.0,0.0,0.0,0.0,3.0,12.0,1.0,12.15,5.01,2.5,1.49,0.0,0.0,0.0,301.1,0.0,0.2,-0.5,-0.7000000000000001,95.8,0.0,0.0,264.40000000000003,0.0,22.1,20.700000000000003,20.700000000000003,22.200000000000003,300.0,300.0,29.200000000000003,31.9,27.9,27.200000000000003,29.1,4.95,1.99,4.97,0.16,0.0,0.0,1027.0,8228.0,0.0,0.0,0.0,0.0,0.0,1.0,0.0,0.0,0.0,0.0,0.0,0.6000000000000001,0.0,1.1,0.0,0.0,16.0,25903.0
2026-07-30T18:57:21.893Z,11.376,11.388,0.0,7.4,0.0,0.0,0.0,0.0,0.0,0.0,0.0,0.0,1.0,0.0,0.0,0.0,9.0,4.0,0.0,0.0,0.0,0.0,0.0,0.0,0.0,0.0,4.0,12.0,1.0,12.15,5.01,2.5,1.49,0.0,0.0,0.0,301.1,0.0,0.2,-0.5,-0.1,95.8,0.0,0.0,264.2,0.0,22.1,20.700000000000003,20.700000000000003,22.200000000000003,300.0,300.0,29.200000000000003,31.9,27.9,27.200000000000003,29.1,4.96,1.99,4.96,0.16,0.0,0.0,1027.0,8228.0,0.0,0.0,0.0,0.0,0.0,1.0,0.0,0.0,0.0,0.0,0.0,0.1,0.0,0.7000000000000001,0.0,0.0,16.0,25903.0
2026-07-30T18:57:21.905Z,11.388,11.4,0.0,7.4,0.0,0.0,0.0,0.0,0.0,0.0,0.0,0.0,1.0,0.0,0.0,0.0,9.0,4.0,0.0,0.0,0.0,0.0,0.0,0.0,0.0,0.0,4.0,12.0,1.0,12.15,5.01,2.5,1.49,0.0,0.0,0.0,301.1,0.0,0.2,1.2000000000000002,-0.1,95.8,0.0,0.0,264.3,0.0,22.1,20.700000000000003,20.700000000000003,22.200000000000003,300.0,300.0,29.200000000000003,31.9,27.9,27.200000000000003,29.1,4.96,1.99,4.97,0.16,0.0,0.0,1027.0,8228.0,0.0,0.0,0.0,0.0,0.0,1.0,0.0,0.0,0.0,0.0,0.0,0.2,0.0,-1.2000000000000002,0.0,0.0,16.0,25903.0
2026-07-30T18:57:21.917Z,11.4,11.412,0.0,7.4,0.0,0.0,0.0,0.0,0.0,0.0,0.0,0.0,1.0,0.0,0.0,0.0,9.0,4.0,0.0,0.0,0.0,0.0,0.0,0.0,0.0,0.0,6.0,12.0,1.0,12.15,5.01,2.5,1.49,0.0,0.0,0.0,301.1,0.0,-0.3,0.0,0.4,95.8,0.0,0.0,264.2,0.0,22.1,20.700000000000003,20.700000000000003,22.200000000000003,300.0,300.0,29.200000000000003,31.9,27.9,27.200000000000003,29.1,4.95,1.99,4.97,0.16,0.0,0.0,1027.0,8228.0,0.0,0.0,0.0,0.0,0.0,1.0,0.0,0.0,0.0,0.0,0.0,-0.4,0.0,-0.3,0.0,0.0,16.0,25903.0
2026-07-30T18:57:21.930Z,11.413,11.424,0.0,7.4,0.0,0.0,0.0,0.0,0.0,0.0,0.0,0.0,1.0,0.0,0.0,0.0,9.0,4.0,0.0,0.0,0.0,0.0,0.0,0.0,0.0,0.0,1.0,12.0,1.0,12.18,5.01,2.51,1.49,0.0,0.0,0.0,301.1,0.0,0.2,0.0,1.0,95.8,0.0,0.0,264.2,0.0,21.200000000000003,20.8,20.8,22.3,300.0,300.0,29.200000000000003,32.0,28.0,27.200000000000003,29.1,4.95,1.99,4.96,0.16,0.0,0.0,1027.0,8228.0,0.0,0.0,0.0,0.0,0.0,1.0,0.0,0.0,0.0,0.0,0.0,-0.9,0.0,-0.7000000000000001,0.0,0.0,16.0,25903.0
2026-07-30T18:57:21.941Z,11.424,11.436,0.0,7.4,0.0,0.0,0.0,0.0,0.0,0.0,0.0,0.0,1.0,0.0,0.0,0.0,9.0,4.0,0.0,0.0,0.0,0.0,0.0,0.0,0.0,0.0,2.0,12.0,1.0,12.18,5.01,2.51,1.49,0.0,0.0,0.0,301.1,0.0,-0.8,-1.1,-1.3,95.8,0.0,0.0,264.2,0.0,21.200000000000003,20.8,20.8,22.3,300.0,300.0,29.200000000000003,32.0,28.0,27.200000000000003,29.1,4.95,1.99,4.96,0.16,0.0,0.0,1027.0,8228.0,0.0,0.0,0.0,0.0,0.0,1.0,0.0,0.0,0.0,0.0,0.0,1.1,0.0,2.1,0.0,0.0,16.0,25903.0
2026-07-30T18:57:21.953Z,11.436,11.448,0.0,7.4,0.0,0.0,0.0,0.0,0.0,0.0,0.0,0.0,1.0,0.0,0.0,0.0,9.0,4.0,0.0,0.0,0.0,0.0,0.0,0.0,0.0,0.0,3.0,12.0,1.0,12.18,5.01,2.51,1.49,0.0,0.1,0.0,301.1,0.0,0.8,0.6000000000000001,0.9,95.8,0.0,0.0,264.2,0.0,21.200000000000003,20.8,20.8,22.3,300.0,300.0,29.200000000000003,32.0,28.0,27.200000000000003,29.1,4.95,1.99,4.97,0.17,0.0,0.0,1027.0,8228.0,0.0,0.0,0.0,0.0,0.0,1.0,0.0,0.0,0.0,0.0,0.0,-0.8,0.0,-1.3,0.0,0.0,16.0,25903.0
2026-07-30T18:57:21.965Z,11.448,11.46,0.0,7.4,0.0,0.0,0.0,0.0,0.0,0.0,0.0,0.0,1.0,0.0,0.0,0.0,9.0,4.0,0.0,0.0,0.0,0.0,0.0,0.0,0.0,0.0,4.0,12.0,1.0,12.18,5.01,2.51,1.49,0.0,0.0,0.0,301.1,0.0,-0.9,0.0,0.4,95.8,0.0,0.0,264.2,0.0,21.200000000000003,20.8,20.8,22.3,300.0,300.0,29.200000000000003,32.0,28.0,27.200000000000003,29.1,4.95,1.99,4.97,0.16,0.0,0.0,1027.0,8228.0,0.0,0.0,0.0,0.0,0.0,1.0,0.0,0.0,0.0,0.0,0.0,-0.4,0.0,-0.3,0.0,0.0,16.0,25903.0
2026-07-30T18:57:21.977Z,11.46,11.472,0.0,7.4,0.0,0.0,0.0,0.0,0.0,0.0,0.0,0.0,1.0,0.0,0.0,0.0,9.0,4.0,0.0,0.0,0.0,0.0,0.0,0.0,0.0,0.0,5.0,12.0,1.0,12.18,5.01,2.51,1.49,0.0,0.0,0.0,301.1,0.0,0.2,-0.5,-0.7000000000000001,95.8,0.0,0.0,264.2,0.0,21.200000000000003,20.8,20.8,22.3,300.0,300.0,29.200000000000003,32.0,28.0,27.200000000000003,29.1,4.96,1.99,4.96,0.16,0.0,0.0,1027.0,8228.0,0.0,0.0,0.0,0.0,0.0,1.0,0.0,0.0,0.0,0.0,0.0,0.6000000000000001,0.0,1.0,0.0,0.0,16.0,25903.0
2026-07-30T18:57:21.989Z,11.472,11.484,0.0,7.4,0.0,0.0,0.0,0.0,0.0,0.0,0.0,0.0,1.0,0.0,0.0,0.0,9.0,4.0,0.0,0.0,0.0,0.0,0.0,0.0,0.0,0.0,6.0,12.0,1.0,12.18,5.01,2.51,1.49,0.0,0.1,0.0,301.2,0.0,-0.3,-0.5,0.5,95.8,0.0,0.0,264.2,0.0,21.200000000000003,20.8,20.8,22.3,300.0,300.0,29.200000000000003,32.0,28.0,27.200000000000003,29.1,4.95,1.99,4.97,0.16,0.0,0.0,1027.0,8228.0,0.0,0.0,0.0,0.0,0.0,1.0,0.0,0.0,0.0,0.0,0.0,-0.5,0.0,0.2,0.0,0.0,16.0,25903.0
2026-07-30T18:57:22.001Z,11.484,11.496,0.0,7.4,0.0,0.0,0.0,0.0,0.0,0.0,0.0,0.0,1.0,0.0,0.0,0.0,9.0,4.0,0.0,0.0,0.0,0.0,0.0,0.0,0.0,0.0,6.0,12.0,1.0,12.18,5.01,2.51,1.49,0.0,0.0,0.0,301.1,0.0,0.2,0.0,0.0,95.8,0.0,0.0,264.2,0.0,21.200000000000003,20.8,20.8,22.3,300.0,300.0,29.200000000000003,32.0,28.0,27.200000000000003,29.1,4.95,1.99,4.97,0.16,0.0,0.0,1027.0,8228.0,0.0,0.0,0.0,0.0,0.0,1.0,0.0,0.0,0.0,0.0,0.0,0.0,0.0,0.0,0.0,0.0,16.0,25903.0
2026-07-30T18:57:22.013Z,11.496,11.508,0.0,7.4,0.0,0.0,0.0,0.0,0.0,0.0,0.0,0.0,1.0,0.0,0.0,0.0,9.0,4.0,0.0,0.0,0.0,0.0,0.0,0.0,0.0,0.0,2.0,12.0,1.0,12.18,5.01,2.51,1.49,0.0,0.0,0.0,301.1,0.0,-0.3,0.0,-0.6000000000000001,95.8,0.0,0.0,264.2,0.0,21.200000000000003,20.8,20.8,22.3,300.0,300.0,29.200000000000003,32.0,28.0,27.200000000000003,29.1,4.96,1.99,4.97,0.16,0.0,0.0,1027.0,8228.0,0.0,0.0,0.0,0.0,0.0,1.0,0.0,0.0,0.0,0.0,0.0,0.6000000000000001,0.0,0.3,0.0,0.0,16.0,25903.0
2026-07-30T18:57:22.025Z,11.508,11.52,0.0,7.4,0.0,0.0,0.0,0.0,0.0,0.0,0.0,0.0,1.0,0.0,0.0,0.0,9.0,4.0,0.0,0.0,0.0,0.0,0.0,0.0,0.0,0.0,2.0,12.0,1.0,12.18,5.01,2.51,1.49,0.0,0.0,0.0,301.1,0.0,0.2,-0.5,-0.1,95.8,0.0,0.0,264.2,0.0,21.200000000000003,20.8,20.8,22.3,300.0,300.0,29.200000000000003,32.0,28.0,27.200000000000003,29.1,4.95,1.99,4.96,0.16,0.0,0.0,1027.0,8228.0,0.0,0.0,0.0,0.0,0.0,1.0,0.0,0.0,0.0,0.0,0.0,0.0,0.0,0.6000000000000001,0.0,0.0,16.0,25903.0
2026-07-30T18:57:22.037Z,11.52,11.532,0.0,7.4,0.0,0.0,0.0,0.0,0.0,0.0,0.0,0.0,1.0,0.0,0.0,0.0,9.0,4.0,0.0,0.0,0.0,0.0,0.0,0.0,0.0,0.0,4.0,12.0,1.0,12.17,5.01,2.51,1.49,0.0,0.0,0.0,301.1,0.0,-0.3,-1.1,-0.6000000000000001,95.8,0.0,0.0,264.2,0.0,21.200000000000003,20.8,20.8,22.4,300.0,300.0,29.200000000000003,32.0,28.0,27.200000000000003,29.1,4.95,1.99,4.97,0.16,0.0,0.0,1027.0,8228.0,0.0,0.0,0.0,0.0,0.0,1.0,0.0,0.0,0.0,0.0,0.0,0.4,0.0,1.7000000000000002,0.0,0.0,16.0,25903.0
2026-07-30T18:57:22.049Z,11.532,11.544,0.0,7.4,0.0,0.0,0.0,0.0,0.0,0.0,0.0,0.0,1.0,0.0,0.0,0.0,9.0,4.0,0.0,0.0,0.0,0.0,0.0,0.0,0.0,0.0,5.0,12.0,1.0,12.17,5.01,2.51,1.49,0.0,0.0,0.0,301.1,0.0,-0.3,0.0,1.6,95.8,0.0,0.0,264.2,0.0,21.200000000000003,20.8,20.8,22.4,300.0,300.0,29.200000000000003,32.0,28.0,27.200000000000003,29.1,4.95,1.99,4.96,0.16,0.0,0.0,1027.0,8228.0,0.0,0.0,0.0,0.0,0.0,1.0,0.0,0.0,0.0,0.0,0.0,-1.5,0.0,-1.2000000000000002,0.0,0.0,16.0,25903.0
2026-07-30T18:57:22.062Z,11.545,11.556,0.0,7.4,0.0,0.0,0.0,0.0,0.0,0.0,0.0,0.0,1.0,0.0,0.0,0.0,9.0,4.0,0.0,0.0,0.0,0.0,0.0,0.0,0.0,0.0,6.0,12.0,1.0,12.17,5.01,2.51,1.49,0.0,0.0,0.0,301.1,0.0,0.2,0.6000000000000001,-1.2000000000000002,95.8,0.0,0.0,264.2,0.0,21.200000000000003,20.8,20.8,22.4,300.0,300.0,29.200000000000003,32.0,28.0,27.200000000000003,29.1,4.96,1.99,4.96,0.16,0.0,0.0,1027.0,8228.0,0.0,0.0,0.0,0.0,0.0,1.0,0.0,0.0,0.0,0.0,0.0,1.2000000000000002,0.0,0.0,0.0,0.0,16.0,25903.0
2026-07-30T18:57:22.073Z,11.556,11.568,0.0,7.4,0.0,0.0,0.0,0.0,0.0,0.0,0.0,0.0,1.0,0.0,0.0,0.0,9.0,4.0,0.0,0.0,0.0,0.0,0.0,0.0,0.0,0.0,1.0,12.0,1.0,12.17,5.01,2.51,1.49,0.0,0.1,0.0,301.1,0.0,-0.9,0.6000000000000001,-1.2000000000000002,95.8,0.0,0.0,264.2,0.0,21.200000000000003,20.8,20.8,22.4,300.0,300.0,29.200000000000003,32.0,28.0,27.200000000000003,29.1,4.95,1.99,4.96,0.16,0.0,0.0,1027.0,8228.0,0.0,0.0,0.0,0.0,0.0,1.0,0.0,0.0,0.0,0.0,0.0,1.2000000000000002,0.0,0.0,0.0,0.0,16.0,25903.0
2026-07-30T18:57:22.085Z,11.568,11.58,0.0,7.4,0.0,0.0,0.0,0.0,0.0,0.0,0.0,0.0,1.0,0.0,0.0,0.0,9.0,4.0,0.0,0.0,0.0,0.0,0.0,0.0,0.0,0.0,3.0,12.0,1.0,12.17,5.01,2.51,1.49,0.0,0.0,0.0,301.1,0.0,0.1,0.0,0.0,95.8,0.0,0.0,264.2,0.0,21.200000000000003,20.8,20.8,22.4,300.0,300.0,29.200000000000003,32.0,28.0,27.200000000000003,29.1,4.96,1.99,4.96,0.16,0.0,0.0,1027.0,8228.0,0.0,0.0,0.0,0.0,0.0,1.0,0.0,0.0,0.0,0.0,0.0,0.0,0.0,0.0,0.0,0.0,16.0,25903.0
2026-07-30T18:57:22.097Z,11.58,11.592,0.0,7.4,0.0,0.0,0.0,0.0,0.0,0.0,0.0,0.0,1.0,0.0,0.0,0.0,9.0,4.0,0.0,0.0,0.0,0.0,0.0,0.0,0.0,0.0,3.0,12.0,1.0,12.17,5.01,2.51,1.49,0.0,0.0,0.0,301.1,0.0,-0.3,0.0,-0.6000000000000001,95.8,0.0,0.0,264.3,0.0,21.200000000000003,20.8,20.8,22.4,300.0,300.0,29.200000000000003,32.0,28.0,27.200000000000003,29.1,4.96,1.99,4.96,0.16,0.0,0.0,1027.0,8228.0,0.0,0.0,0.0,0.0,0.0,1.0,0.0,0.0,0.0,0.0,0.0,0.6000000000000001,0.0,0.4,0.0,0.0,16.0,25903.0
2026-07-30T18:57:22.109Z,11.592,11.604,0.0,7.4,0.0,0.0,0.0,0.0,0.0,0.0,0.0,0.0,1.0,0.0,0.0,0.0,9.0,4.0,0.0,0.0,0.0,0.0,0.0,0.0,0.0,0.0,4.0,12.0,1.0,12.17,5.01,2.51,1.49,0.0,0.0,0.0,301.1,0.0,0.1,1.2000000000000002,2.2,95.8,0.0,0.0,264.2,0.0,21.200000000000003,20.8,20.8,22.4,300.0,300.0,29.200000000000003,32.0,28.0,27.200000000000003,29.1,4.95,1.99,4.96,0.15,0.0,0.0,1027.0,8228.0,0.0,0.0,0.0,0.0,0.0,1.0,0.0,0.0,0.0,0.0,0.0,-1.9,0.0,-2.9000000000000004,0.0,0.0,16.0,25903.0
2026-07-30T18:57:22.121Z,11.604,11.616,0.0,7.4,0.0,0.0,0.0,0.0,0.0,0.0,0.0,0.0,1.0,0.0,0.0,0.0,9.0,4.0,0.0,0.0,0.0,0.0,0.0,0.0,0.0,0.0,5.0,12.0,1.0,12.17,5.01,2.51,1.49,0.0,0.0,0.0,301.1,0.0,0.1,-0.5,0.0,95.8,0.0,0.0,264.2,0.0,21.200000000000003,20.8,20.8,22.4,300.0,300.0,29.200000000000003,32.0,28.0,27.200000000000003,29.1,4.95,1.99,4.97,0.16,0.0,0.0,1027.0,8228.0,0.0,0.0,0.0,0.0,0.0,1.0,0.0,0.0,0.0,0.0,0.0,0.0,0.0,0.6000000000000001,0.0,0.0,16.0,25903.0
2026-07-30T18:57:22.133Z,11.616,11.628,0.0,7.4,0.0,0.0,0.0,0.0,0.0,0.0,0.0,0.0,1.0,0.0,0.0,0.0,9.0,4.0,0.0,0.0,0.0,0.0,0.0,0.0,0.0,0.0,6.0,12.0,1.0,12.15,5.01,2.51,1.49,0.0,0.0,0.0,301.2,0.0,0.7000000000000001,-1.1,0.0,95.8,0.0,0.0,264.2,0.0,21.700000000000003,20.9,20.9,22.5,300.0,300.0,29.3,31.9,28.0,27.200000000000003,29.1,4.96,1.99,4.96,0.16,0.0,0.0,1027.0,8228.0,0.0,0.0,0.0,0.0,0.0,1.0,0.0,0.0,0.0,0.0,0.0,0.0,0.0,1.3,0.0,0.0,16.0,25903.0
2026-07-30T18:57:22.145Z,11.628,11.64,0.0,7.4,0.0,0.0,0.0,0.0,0.0,0.0,0.0,0.0,1.0,0.0,0.0,0.0,9.0,4.0,0.0,0.0,0.0,0.0,0.0,0.0,0.0,0.0,2.0,12.0,1.0,12.15,5.01,2.51,1.49,0.0,0.0,0.0,301.1,0.0,0.2,0.6000000000000001,0.5,95.8,0.0,0.0,264.2,0.0,21.700000000000003,20.9,20.9,22.5,300.0,300.0,29.3,31.9,28.0,27.200000000000003,29.1,4.96,1.99,4.97,0.15,0.0,0.0,1027.0,8228.0,0.0,0.0,0.0,0.0,0.0,1.0,0.0,0.0,0.0,0.0,0.0,-0.3,0.0,-1.0,0.0,0.0,16.0,25903.0
2026-07-30T18:57:22.157Z,11.64,11.652,0.0,7.4,0.0,0.0,0.0,0.0,0.0,0.0,0.0,0.0,1.0,0.0,0.0,0.0,9.0,4.0,0.0,0.0,0.0,0.0,0.0,0.0,0.0,0.0,3.0,12.0,1.0,12.15,5.01,2.51,1.49,0.0,0.0,0.0,301.1,0.0,0.2,-0.5,-0.6000000000000001,95.8,0.0,0.0,264.2,0.0,21.700000000000003,20.9,20.9,22.5,300.0,300.0,29.3,31.9,28.0,27.200000000000003,29.1,4.94,1.99,4.97,0.16,0.0,0.0,1027.0,8228.0,0.0,0.0,0.0,0.0,0.0,1.0,0.0,0.0,0.0,0.0,0.0,0.5,0.0,1.0,0.0,0.0,16.0,25903.0
2026-07-30T18:57:22.169Z,11.652,11.664,0.0,7.4,0.0,0.0,0.0,0.0,0.0,0.0,0.0,0.0,1.0,0.0,0.0,0.0,9.0,4.0,0.0,0.0,0.0,0.0,0.0,0.0,0.0,0.0,4.0,12.0,1.0,12.15,5.01,2.51,1.49,0.0,0.0,0.0,301.1,0.0,-0.3,-0.5,0.4,95.8,0.0,0.0,264.2,0.0,21.700000000000003,20.9,20.9,22.5,300.0,300.0,29.3,31.9,28.0,27.200000000000003,29.1,4.96,1.99,4.96,0.16,0.0,0.0,1027.0,8228.0,0.0,0.0,0.0,0.0,0.0,1.0,0.0,0.0,0.0,0.0,0.0,-0.5,0.0,0.2,0.0,0.0,16.0,25903.0
2026-07-30T18:57:22.181Z,11.664,11.676,0.0,7.4,0.0,0.0,0.0,0.0,0.0,0.0,0.0,0.0,1.0,0.0,0.0,0.0,9.0,4.0,0.0,0.0,0.0,0.0,0.0,0.0,0.0,0.0,5.0,12.0,1.0,12.15,5.01,2.51,1.49,0.0,0.0,0.0,301.1,0.0,0.2,-1.6,0.0,95.8,0.0,0.0,264.2,0.0,21.700000000000003,20.9,20.9,22.5,300.0,300.0,29.3,31.9,28.0,27.200000000000003,29.1,4.95,1.99,4.96,0.16,0.0,0.0,1027.0,8228.0,0.0,0.0,0.0,0.0,0.0,1.0,0.0,0.0,0.0,0.0,0.0,-0.1,0.0,1.9,0.0,0.0,16.0,25903.0
2026-07-30T18:57:22.193Z,11.676,11.688,0.0,7.4,0.0,0.0,0.0,0.0,0.0,0.0,0.0,0.0,1.0,0.0,0.0,0.0,9.0,4.0,0.0,0.0,0.0,0.0,0.0,0.0,0.0,0.0,6.0,12.0,1.0,12.15,5.01,2.51,1.49,0.0,0.1,0.0,301.1,0.0,0.8,1.2000000000000002,1.1,95.8,0.0,0.0,264.3,0.0,21.700000000000003,20.9,20.9,22.5,300.0,300.0,29.3,31.9,28.0,27.200000000000003,29.1,4.95,1.99,4.97,0.16,0.0,0.0,1027.0,8228.0,0.0,0.0,0.0,0.0,0.0,1.0,0.0,0.0,0.0,0.0,0.0,-0.9,0.0,-2.2,0.0,0.0,16.0,25903.0
2026-07-30T18:57:22.205Z,11.688,11.7,0.0,7.4,0.0,0.0,0.0,0.0,0.0,0.0,0.0,0.0,1.0,0.0,0.0,0.0,9.0,4.0,0.0,0.0,0.0,0.0,0.0,0.0,0.0,0.0,6.0,12.0,1.0,12.15,5.01,2.51,1.49,0.0,0.0,0.0,301.1,0.0,0.2,1.2000000000000002,1.1,95.8,0.0,0.0,264.40000000000003,0.0,21.700000000000003,20.9,20.9,22.5,300.0,300.0,29.3,31.9,28.0,27.200000000000003,29.1,4.96,1.99,4.97,0.16,0.0,0.0,1027.0,8228.0,0.0,0.0,0.0,0.0,0.0,1.0,0.0,0.0,0.0,0.0,0.0,-0.9,0.0,-2.2,0.0,0.0,16.0,25903.0
2026-07-30T18:57:22.217Z,11.7,11.712,0.0,7.4,0.0,0.0,0.0,0.0,0.0,0.0,0.0,0.0,1.0,0.0,0.0,0.0,9.0,4.0,0.0,0.0,0.0,0.0,0.0,0.0,0.0,0.0,2.0,12.0,1.0,12.15,5.01,2.51,1.49,0.0,0.0,0.0,301.1,0.0,0.8,-0.4,-0.6000000000000001,95.8,0.0,0.0,264.2,0.0,21.700000000000003,20.9,20.9,22.5,300.0,300.0,29.3,31.9,28.0,27.200000000000003,29.1,4.96,1.99,4.96,0.16,0.0,0.0,1027.0,8228.0,0.0,0.0,0.0,0.0,0.0,1.0,0.0,0.0,0.0,0.0,0.0,0.5,0.0,0.9,0.0,0.0,16.0,25903.0
2026-07-30T18:57:22.229Z,11.712,11.724,0.0,7.4,0.0,0.0,0.0,0.0,0.0,0.0,0.0,0.0,1.0,0.0,0.0,0.0,9.0,4.0,0.0,0.0,0.0,0.0,0.0,0.0,0.0,0.0,3.0,12.0,1.0,12.15,5.01,2.51,1.49,0.0,0.0,0.0,301.2,0.0,0.2,-1.0,0.0,95.8,0.0,0.0,264.2,0.0,21.700000000000003,20.9,20.9,22.5,300.0,300.0,29.3,31.9,28.0,27.200000000000003,29.1,4.95,1.99,4.97,0.16,0.0,0.0,1027.0,8228.0,0.0,0.0,0.0,0.0,0.0,1.0,0.0,0.0,0.0,0.0,0.0,0.0,0.0,1.2000000000000002,0.0,0.0,16.0,25903.0
2026-07-30T18:57:22.241Z,11.724,11.736,0.0,7.4,0.0,0.0,0.0,0.0,0.0,0.0,0.0,0.0,1.0,0.0,0.0,0.0,9.0,4.0,0.0,0.0,0.0,0.0,0.0,0.0,0.0,0.0,3.0,12.0,1.0,12.14,5.0200000000000005,2.51,1.49,0.0,0.0,0.0,301.1,0.0,0.2,0.0,-0.1,95.8,0.0,0.0,264.2,0.0,21.4,21.0,21.0,22.6,300.0,300.0,29.4,31.9,28.0,27.200000000000003,29.1,4.95,1.99,4.96,0.16,0.0,0.0,1027.0,8228.0,0.0,0.0,0.0,0.0,0.0,1.0,0.0,0.0,0.0,0.0,0.0,0.1,0.0,0.0,0.0,0.0,16.0,25903.0
2026-07-30T18:57:22.253Z,11.736,11.748,0.0,7.4,0.0,0.0,0.0,0.0,0.0,0.0,0.0,0.0,1.0,0.0,0.0,0.0,9.0,4.0,0.0,0.0,0.0,0.0,0.0,0.0,0.0,0.0,5.0,12.0,1.0,12.14,5.0200000000000005,2.51,1.49,0.0,0.0,0.0,301.1,0.0,-0.8,-0.4,-0.1,95.8,0.0,0.0,264.2,0.0,21.4,21.0,21.0,22.6,300.0,300.0,29.4,31.9,28.0,27.200000000000003,29.1,4.96,2.0,4.96,0.16,0.0,0.0,1027.0,8228.0,0.0,0.0,0.0,0.0,0.0,1.0,0.0,0.0,0.0,0.0,0.0,0.0,0.0,0.6000000000000001,0.0,0.0,16.0,25903.0
2026-07-30T18:57:22.265Z,11.748,11.76,0.0,7.4,0.0,0.0,0.0,0.0,0.0,0.0,0.0,0.0,1.0,0.0,0.0,0.0,9.0,4.0,0.0,0.0,0.0,0.0,0.0,0.0,0.0,0.0,6.0,12.0,1.0,12.14,5.0200000000000005,2.51,1.49,0.0,0.0,0.0,301.1,0.0,1.4,2.4000000000000004,2.2,95.8,0.0,0.0,264.2,0.0,21.4,21.0,21.0,22.6,300.0,300.0,29.4,31.9,28.0,27.200000000000003,29.1,4.95,2.0,4.96,0.16,0.0,0.0,1027.0,8228.0,0.0,0.0,0.0,0.0,0.0,1.0,0.0,0.0,0.0,0.0,0.0,-1.8,0.0,-4.3,0.0,0.0,16.0,25903.0
2026-07-30T18:57:22.277Z,11.76,11.772,0.0,7.4,0.0,0.0,0.0,0.0,0.0,0.0,0.0,0.0,1.0,0.0,0.0,0.0,9.0,4.0,0.0,0.0,0.0,0.0,0.0,0.0,0.0,0.0,1.0,12.0,1.0,12.14,5.0200000000000005,2.51,1.49,0.0,0.0,0.0,301.1,0.0,0.3,-0.4,0.0,95.8,0.0,0.0,264.2,0.0,21.4,21.0,21.0,22.6,300.0,300.0,29.4,31.9,28.0,27.200000000000003,29.1,4.95,2.0,4.97,0.16,0.0,0.0,1027.0,8228.0,0.0,0.0,0.0,0.0,0.0,1.0,0.0,0.0,0.0,0.0,0.0,0.0,0.0,0.5,0.0,0.0,16.0,25903.0
2026-07-30T18:57:22.289Z,11.772,11.784,0.0,7.4,0.0,0.0,0.0,0.0,0.0,0.0,0.0,0.0,1.0,0.0,0.0,0.0,9.0,4.0,0.0,0.0,0.0,0.0,0.0,0.0,0.0,0.0,2.0,12.0,1.0,12.14,5.0200000000000005,2.51,1.49,0.0,0.0,0.0,301.1,0.0,-0.2,0.6000000000000001,-0.6000000000000001,95.8,0.0,0.0,264.2,0.0,21.4,21.0,21.0,22.6,300.0,300.0,29.4,31.9,28.0,27.200000000000003,29.1,4.95,1.99,4.96,0.16,0.0,0.0,1027.0,8228.0,0.0,0.0,0.0,0.0,0.0,1.0,0.0,0.0,0.0,0.0,0.0,0.7000000000000001,0.0,-0.3,0.0,0.0,16.0,25903.0
2026-07-30T18:57:22.301Z,11.784,11.796,0.0,7.4,0.0,0.0,0.0,0.0,0.0,0.0,0.0,0.0,1.0,0.0,0.0,0.0,9.0,4.0,0.0,0.0,0.0,0.0,0.0,0.0,0.0,0.0,2.0,12.0,1.0,12.14,5.0200000000000005,2.51,1.49,0.0,0.0,0.0,301.1,0.0,0.3,0.7000000000000001,-0.6000000000000001,95.8,0.0,0.0,264.3,0.0,21.4,21.0,21.0,22.6,300.0,300.0,29.4,31.9,28.0,27.200000000000003,29.1,4.96,1.99,4.96,0.16,0.0,0.0,1027.0,8228.0,0.0,0.0,0.0,0.0,0.0,1.0,0.0,0.0,0.0,0.0,0.0,2.7,0.0,2.5,0.0,0.0,16.0,25903.0
2026-07-30T18:57:22.313Z,11.796,11.808,0.0,7.4,0.0,0.0,0.0,0.0,0.0,0.0,0.0,0.0,1.0,0.0,0.0,0.0,9.0,4.0,0.0,0.0,0.0,0.0,0.0,0.0,0.0,0.0,3.0,12.0,1.0,12.14,5.0200000000000005,2.51,1.49,0.0,0.0,0.0,301.1,0.0,-0.3,-0.4,-0.7000000000000001,95.8,0.0,0.0,264.2,0.0,21.4,21.0,21.0,22.6,300.0,300.0,29.4,31.9,28.0,27.200000000000003,29.1,4.95,1.99,4.97,0.16,0.0,0.0,1027.0,8228.0,0.0,0.0,0.0,0.0,0.0,1.0,0.0,0.0,0.0,0.0,0.0,1.1,0.0,1.4,0.0,0.0,16.0,25903.0
2026-07-30T18:57:22.325Z,11.808,11.82,0.0,7.4,0.0,0.0,0.0,0.0,0.0,0.0,0.0,0.0,1.0,0.0,0.0,0.0,9.0,4.0,0.0,0.0,0.0,0.0,0.0,0.0,0.0,0.0,5.0,12.0,1.0,12.14,5.0200000000000005,2.51,1.49,0.0,0.0,0.0,301.1,0.0,0.8,-0.5,-0.1,95.8,0.0,0.0,264.2,0.0,21.4,21.0,21.0,22.6,300.0,300.0,29.4,31.9,28.0,27.200000000000003,29.1,4.96,1.99,4.96,0.16,0.0,0.0,1027.0,8228.0,0.0,0.0,0.0,0.0,0.0,1.0,0.0,0.0,0.0,0.0,0.0,0.1,0.0,-0.6000000000000001,0.0,0.0,16.0,25903.0
2026-07-30T18:57:22.337Z,11.82,11.832,0.0,7.4,0.0,0.0,0.0,0.0,0.0,0.0,0.0,0.0,1.0,0.0,0.0,0.0,9.0,4.0,0.0,0.0,0.0,0.0,0.0,0.0,0.0,0.0,5.0,12.0,1.0,12.17,5.01,2.51,1.49,0.0,0.0,0.0,301.1,0.0,0.2,0.0,-1.2000000000000002,95.8,0.0,0.0,264.2,0.0,21.700000000000003,21.1,21.1,22.700000000000003,300.0,300.0,29.3,31.9,28.0,27.200000000000003,29.1,4.96,1.99,4.96,0.16,0.0,0.0,1027.0,8228.0,0.0,0.0,0.0,0.0,0.0,1.0,0.0,0.0,0.0,0.0,0.0,1.1,0.0,0.8,0.0,0.0,16.0,25903.0
2026-07-30T18:57:22.349Z,11.832,11.844,0.0,7.4,0.0,0.0,0.0,0.0,0.0,0.0,0.0,0.0,1.0,0.0,0.0,0.0,9.0,4.0,0.0,0.0,0.0,0.0,0.0,0.0,0.0,0.0,1.0,12.0,1.0,12.17,5.01,2.51,1.49,0.0,0.0,0.0,301.1,0.0,-0.3,0.6000000000000001,0.4,95.8,0.0,0.0,264.2,0.0,21.700000000000003,21.1,21.1,22.700000000000003,300.0,300.0,29.3,31.9,28.0,27.200000000000003,29.1,4.96,1.99,4.96,0.16,0.0,0.0,1027.0,8228.0,0.0,0.0,0.0,0.0,0.0,1.0,0.0,0.0,0.0,0.0,0.0,-0.3,0.0,-1.1,0.0,0.0,16.0,25903.0
2026-07-30T18:57:22.361Z,11.844,11.856,0.0,7.4,0.0,0.0,0.0,0.0,0.0,0.0,0.0,0.0,1.0,0.0,0.0,0.0,9.0,4.0,0.0,0.0,0.0,0.0,0.0,0.0,0.0,0.0,2.0,12.0,1.0,12.17,5.01,2.51,1.49,0.0,0.0,0.0,301.1,0.0,0.8,0.6000000000000001,0.4,95.8,0.0,0.0,264.2,0.0,21.700000000000003,21.1,21.1,22.700000000000003,300.0,300.0,29.3,31.9,28.0,27.200000000000003,29.1,4.96,1.99,4.96,0.16,0.0,0.0,1027.0,8228.0,0.0,0.0,0.0,0.0,0.0,1.0,0.0,0.0,0.0,0.0,0.0,-0.3,0.0,-1.0,0.0,0.0,16.0,25903.0
2026-07-30T18:57:22.373Z,11.856,11.868,0.0,7.4,0.0,0.0,0.0,0.0,0.0,0.0,0.0,0.0,1.0,0.0,0.0,0.0,9.0,4.0,0.0,0.0,0.0,0.0,0.0,0.0,0.0,0.0,3.0,12.0,1.0,12.17,5.01,2.51,1.49,0.0,0.0,0.0,301.1,0.0,-0.3,-0.5,1.0,95.8,0.0,0.0,264.2,0.0,21.700000000000003,21.1,21.1,22.700000000000003,300.0,300.0,29.3,31.9,28.0,27.200000000000003,29.1,4.96,1.99,4.96,0.16,0.0,0.0,1027.0,8228.0,0.0,0.0,0.0,0.0,0.0,1.0,0.0,0.0,0.0,0.0,0.0,-1.0,0.0,0.0,0.0,0.0,16.0,25903.0
2026-07-30T18:57:22.385Z,11.868,11.88,0.0,7.4,0.0,0.0,0.0,0.0,0.0,0.0,0.0,0.0,1.0,0.0,0.0,0.0,9.0,4.0,0.0,0.0,0.0,0.0,0.0,0.0,0.0,0.0,3.0,12.0,1.0,12.17,5.01,2.51,1.49,0.0,0.0,0.0,301.1,0.0,1.4,0.6000000000000001,0.4,95.8,0.0,0.0,264.2,0.0,21.700000000000003,21.1,21.1,22.700000000000003,300.0,300.0,29.3,31.9,28.0,27.200000000000003,29.1,4.96,1.99,4.97,0.16,0.0,0.0,1027.0,8228.0,0.0,0.0,0.0,0.0,0.0,1.0,0.0,0.0,0.0,0.0,0.0,-0.3,0.0,-0.9,0.0,0.0,16.0,25903.0
2026-07-30T18:57:22.397Z,11.88,11.892,0.0,7.4,0.0,0.0,0.0,0.0,0.0,0.0,0.0,0.0,1.0,0.0,0.0,0.0,9.0,4.0,0.0,0.0,0.0,0.0,0.0,0.0,0.0,0.0,4.0,12.0,1.0,12.17,5.01,2.51,1.49,0.0,0.0,0.0,301.1,0.0,0.2,0.0,-0.1,95.8,0.0,0.0,264.2,0.0,21.700000000000003,21.1,21.1,22.700000000000003,300.0,300.0,29.3,31.9,28.0,27.200000000000003,29.1,4.95,1.99,4.97,0.16,0.0,0.0,1027.0,8228.0,0.0,0.0,0.0,0.0,0.0,1.0,0.0,0.0,0.0,0.0,0.0,0.1,0.0,0.0,0.0,0.0,16.0,25903.0
2026-07-30T18:57:22.409Z,11.892,11.904,0.0,7.4,0.0,0.0,0.0,0.0,0.0,0.0,0.0,0.0,1.0,0.0,0.0,0.0,9.0,4.0,0.0,0.0,0.0,0.0,0.0,0.0,0.0,0.0,6.0,12.0,1.0,12.17,5.01,2.51,1.49,0.0,0.1,0.0,301.1,0.0,-0.8,-0.5,-0.7000000000000001,95.8,0.0,0.0,264.2,0.0,21.700000000000003,21.1,21.1,22.700000000000003,300.0,300.0,29.3,31.9,28.0,27.200000000000003,29.1,4.95,1.99,4.96,0.16,0.0,0.0,1027.0,8228.0,0.0,0.0,0.0,0.0,0.0,1.0,0.0,0.0,0.0,0.0,0.0,0.6000000000000001,0.0,1.0,0.0,0.0,16.0,25903.0
2026-07-30T18:57:22.421Z,11.904,11.916,0.0,7.4,0.0,0.0,0.0,0.0,0.0,0.0,0.0,0.0,1.0,0.0,0.0,0.0,9.0,4.0,0.0,0.0,0.0,0.0,0.0,0.0,0.0,0.0,6.0,12.0,1.0,12.17,5.01,2.51,1.49,0.0,0.0,0.0,301.1,0.0,0.9,-0.4,1.5,95.8,0.0,0.0,264.2,0.0,21.700000000000003,21.1,21.1,22.700000000000003,300.0,300.0,29.3,31.9,28.0,27.200000000000003,29.1,4.95,1.99,4.96,0.16,0.0,0.0,1027.0,8228.0,0.0,0.0,0.0,0.0,0.0,1.0,0.0,0.0,0.0,0.0,0.0,-1.5,0.0,-0.5,0.0,0.0,16.0,25903.0
2026-07-30T18:57:22.433Z,11.916,11.928,0.0,7.4,0.0,0.0,0.0,0.0,0.0,0.0,0.0,0.0,1.0,0.0,0.0,0.0,9.0,4.0,0.0,0.0,0.0,0.0,0.0,0.0,0.0,0.0,2.0,12.0,1.0,12.17,5.01,2.51,1.49,0.0,0.0,0.0,301.1,0.0,0.3,0.6000000000000001,-0.7000000000000001,95.8,0.0,0.0,264.2,0.0,21.700000000000003,21.1,21.1,22.700000000000003,300.0,300.0,29.3,31.9,28.0,27.200000000000003,29.1,4.95,1.99,4.97,0.16,0.0,0.0,1027.0,8228.0,0.0,0.0,0.0,0.0,0.0,1.0,0.0,0.0,0.0,0.0,0.0,0.8,0.0,-0.2,0.0,0.0,16.0,25903.0
2026-07-30T18:57:22.445Z,11.928,11.94,0.0,7.4,0.0,0.0,0.0,0.0,0.0,0.0,0.0,0.0,1.0,0.0,0.0,0.0,9.0,4.0,0.0,0.0,0.0,0.0,0.0,0.0,0.0,0.0,3.0,12.0,1.0,12.17,5.0200000000000005,2.51,1.49,0.0,0.0,0.0,301.1,0.0,-0.2,0.7000000000000001,-0.2,95.8,0.0,0.0,264.2,0.0,21.700000000000003,21.200000000000003,21.200000000000003,22.8,300.0,300.0,29.3,31.9,27.9,27.200000000000003,29.1,4.95,1.99,4.97,0.16,0.0,0.0,1027.0,8228.0,0.0,0.0,0.0,0.0,0.0,1.0,0.0,0.0,0.0,0.0,0.0,0.2,0.0,-0.6000000000000001,0.0,0.0,16.0,25903.0
2026-07-30T18:57:22.457Z,11.94,11.952,0.0,7.4,0.0,0.0,0.0,0.0,0.0,0.0,0.0,0.0,1.0,0.0,0.0,0.0,9.0,4.0,0.0,0.0,0.0,0.0,0.0,0.0,0.0,0.0,4.0,12.0,1.0,12.17,5.0200000000000005,2.51,1.49,0.0,0.0,0.0,301.1,0.0,-0.2,-0.4,1.5,95.8,0.0,0.0,264.2,0.0,21.700000000000003,21.200000000000003,21.200000000000003,22.8,300.0,300.0,29.3,31.9,27.9,27.200000000000003,29.1,4.96,1.99,4.96,0.16,0.0,0.0,1027.0,8228.0,0.0,0.0,0.0,0.0,0.0,1.0,0.0,0.0,0.0,0.0,0.0,-1.4,0.0,-0.4,0.0,0.0,16.0,25903.0
2026-07-30T18:57:22.469Z,11.952,11.964,0.0,7.4,0.0,0.0,0.0,0.0,0.0,0.0,0.0,0.0,1.0,0.0,0.0,0.0,9.0,4.0,0.0,0.0,0.0,0.0,0.0,0.0,0.0,0.0,5.0,12.0,1.0,12.17,5.0200000000000005,2.51,1.49,0.0,0.0,0.0,301.1,0.0,-0.2,-1.0,-0.7000000000000001,95.8,0.0,0.0,264.2,0.0,21.700000000000003,21.200000000000003,21.200000000000003,22.8,300.0,300.0,29.3,31.9,27.9,27.200000000000003,29.1,4.95,1.99,4.97,0.16,0.0,0.0,1027.0,8228.0,0.0,0.0,0.0,0.0,0.0,1.0,0.0,0.0,0.0,0.0,0.0,0.6000000000000001,0.0,1.7000000000000002,0.0,0.0,16.0,25903.0
2026-07-30T18:57:22.483Z,11.966,11.976,0.0,7.4,0.0,0.0,0.0,0.0,0.0,0.0,0.0,0.0,1.0,0.0,0.0,0.0,9.0,4.0,0.0,0.0,0.0,0.0,0.0,0.0,0.0,0.0,6.0,12.0,1.0,12.17,5.0200000000000005,2.51,1.49,0.0,0.0,0.0,301.1,0.0,-0.8,0.7000000000000001,-0.1,95.8,0.0,0.0,264.2,0.0,21.700000000000003,21.200000000000003,21.200000000000003,22.8,300.0,300.0,29.3,31.9,27.9,27.200000000000003,29.1,4.95,1.99,4.96,0.16,0.0,0.0,1027.0,8228.0,0.0,0.0,0.0,0.0,0.0,1.0,0.0,0.0,0.0,0.0,0.0,0.2,0.0,-0.7000000000000001,0.0,0.0,16.0,25903.0
2026-07-30T18:57:22.493Z,11.976,11.988,0.0,7.4,0.0,0.0,0.0,0.0,0.0,0.0,0.0,0.0,1.0,0.0,0.0,0.0,9.0,4.0,0.0,0.0,0.0,0.0,0.0,0.0,0.0,0.0,1.0,12.0,1.0,12.17,5.0200000000000005,2.51,1.49,0.0,0.0,0.0,301.1,0.0,1.4,0.7000000000000001,-0.1,95.8,0.0,0.0,264.2,0.0,21.700000000000003,21.200000000000003,21.200000000000003,22.8,300.0,300.0,29.3,31.9,27.9,27.200000000000003,29.1,4.96,1.99,4.96,0.16,0.0,0.0,1027.0,8228.0,0.0,0.0,0.0,0.0,0.0,1.0,0.0,0.0,0.0,0.0,0.0,0.2,0.0,-0.7000000000000001,0.0,0.0,16.0,25903.0
2026-07-30T18:57:22.505Z,11.988,12.0,0.0,7.4,0.0,0.0,0.0,0.0,0.0,0.0,0.0,0.0,1.0,0.0,0.0,0.0,9.0,4.0,0.0,0.0,0.0,0.0,0.0,0.0,0.0,0.0,2.0,12.0,1.0,12.17,5.0200000000000005,2.51,1.49,0.0,0.0,0.0,301.1,0.0,0.2,0.1,-0.1,95.8,0.0,0.0,264.3,0.0,21.700000000000003,21.200000000000003,21.200000000000003,22.8,300.0,300.0,29.3,31.9,27.9,27.200000000000003,29.1,4.95,1.99,4.96,0.16,0.0,0.0,1027.0,8228.0,0.0,0.0,0.0,0.0,0.0,1.0,0.0,0.0,0.0,0.0,0.0,0.1,0.0,0.0,0.0,0.0,16.0,25903.0
2026-07-30T18:57:22.517Z,12.0,12.012,0.0,7.4,0.0,0.0,0.0,0.0,0.0,0.0,0.0,0.0,1.0,0.0,0.0,0.0,9.0,4.0,0.0,0.0,0.0,0.0,0.0,0.0,0.0,0.0,3.0,12.0,1.0,12.17,5.0200000000000005,2.51,1.49,0.0,0.0,0.0,301.1,0.0,-0.8,-0.4,-0.1,95.8,0.0,0.0,264.2,0.0,21.700000000000003,21.200000000000003,21.200000000000003,22.8,300.0,300.0,29.3,31.9,27.9,27.200000000000003,29.1,4.95,1.99,4.96,0.16,0.0,0.0,1027.0,8228.0,0.0,0.0,0.0,0.0,0.0,1.0,0.0,0.0,0.0,0.0,0.0,0.1,0.0,0.6000000000000001,0.0,0.0,16.0,25903.0
2026-07-30T18:57:22.529Z,12.012,12.024,0.0,7.4,0.0,0.0,0.0,0.0,0.0,0.0,0.0,0.0,1.0,0.0,0.0,0.0,9.0,4.0,0.0,0.0,0.0,0.0,0.0,0.0,0.0,0.0,4.0,12.0,1.0,12.17,5.0200000000000005,2.51,1.49,0.0,0.0,0.0,301.1,0.0,0.2,-0.4,-0.7000000000000001,95.8,0.0,0.0,264.2,0.0,21.700000000000003,21.200000000000003,21.200000000000003,22.8,300.0,300.0,29.3,31.9,27.9,27.200000000000003,29.1,4.95,1.99,4.96,0.16,0.0,0.0,1027.0,8228.0,0.0,0.0,0.0,0.0,0.0,1.0,0.0,0.0,0.0,0.0,0.0,0.6000000000000001,0.0,1.0,0.0,0.0,16.0,25903.0
2026-07-30T18:57:22.541Z,12.024,12.036,0.0,7.4,0.0,0.0,0.0,0.0,0.0,0.0,0.0,0.0,1.0,0.0,0.0,0.0,9.0,4.0,0.0,0.0,0.0,0.0,0.0,0.0,0.0,0.0,6.0,12.0,1.0,12.18,5.01,2.5,1.49,0.0,0.0,0.0,301.1,0.0,-0.3,0.1,0.4,95.8,0.0,0.0,264.2,0.0,21.4,21.3,21.3,22.9,300.0,300.0,29.3,32.0,28.0,27.200000000000003,29.1,4.96,1.99,4.96,0.16,0.0,0.0,1027.0,8228.0,0.0,0.0,0.0,0.0,0.0,1.0,0.0,0.0,0.0,0.0,0.0,-0.3,0.0,-0.4,0.0,0.0,16.0,25903.0
2026-07-30T18:57:22.553Z,12.036,12.048,0.0,7.4,0.0,0.0,0.0,0.0,0.0,0.0,0.0,0.0,1.0,0.0,0.0,0.0,9.0,4.0,0.0,0.0,0.0,0.0,0.0,0.0,0.0,0.0,1.0,12.0,1.0,12.18,5.01,2.5,1.49,0.0,0.0,0.0,301.1,0.0,-0.8,-0.4,-0.1,95.8,0.0,0.0,264.2,0.0,21.4,21.3,21.3,22.9,300.0,300.0,29.3,32.0,28.0,27.200000000000003,29.1,4.95,1.99,4.97,0.16,0.0,0.0,1027.0,8228.0,0.0,0.0,0.0,0.0,0.0,1.0,0.0,0.0,0.0,0.0,0.0,0.1,0.0,0.6000000000000001,0.0,0.0,16.0,25903.0
2026-07-30T18:57:22.565Z,12.048,12.06,0.0,7.4,0.0,0.0,0.0,0.0,0.0,0.0,0.0,0.0,1.0,0.0,0.0,0.0,9.0,4.0,0.0,0.0,0.0,0.0,0.0,0.0,0.0,0.0,2.0,12.0,1.0,12.18,5.01,2.5,1.49,0.0,0.0,0.0,301.1,0.0,-0.3,0.6000000000000001,1.5,95.8,0.0,0.0,264.2,0.0,21.4,21.3,21.3,22.9,300.0,300.0,29.3,32.0,28.0,27.200000000000003,29.1,4.96,1.99,4.96,0.16,0.0,0.0,1027.0,8228.0,0.0,0.0,0.0,0.0,0.0,1.0,0.0,0.0,0.0,0.0,0.0,-1.4,0.0,-1.8,0.0,0.0,16.0,25903.0
2026-07-30T18:57:22.577Z,12.06,12.072,0.0,7.4,0.0,0.0,0.0,0.0,0.0,0.0,0.0,0.0,1.0,0.0,0.0,0.0,9.0,4.0,0.0,0.0,0.0,0.0,0.0,0.0,0.0,0.0,3.0,12.0,1.0,12.18,5.01,2.5,1.49,0.0,0.0,0.0,301.1,0.0,-0.8,0.0,-0.1,95.8,0.0,0.0,264.2,0.0,21.4,21.3,21.3,22.9,300.0,300.0,29.3,32.0,28.0,27.200000000000003,29.1,4.96,1.99,4.97,0.16,0.0,0.0,1027.0,8228.0,0.0,0.0,0.0,0.0,0.0,1.0,0.0,0.0,0.0,0.0,0.0,0.1,0.0,0.0,0.0,0.0,16.0,25903.0
2026-07-30T18:57:22.589Z,12.072,12.084,0.0,7.4,0.0,0.0,0.0,0.0,0.0,0.0,0.0,0.0,1.0,0.0,0.0,0.0,9.0,4.0,0.0,0.0,0.0,0.0,0.0,0.0,0.0,0.0,3.0,12.0,1.0,12.18,5.01,2.5,1.49,0.0,0.0,0.0,301.1,0.0,0.2,-0.4,-1.3,95.8,0.0,0.0,264.2,0.0,21.4,21.3,21.3,22.9,300.0,300.0,29.3,32.0,28.0,27.200000000000003,29.1,4.95,1.99,4.97,0.16,0.0,0.0,1027.0,8228.0,0.0,0.0,0.0,0.0,0.0,1.0,0.0,0.0,0.0,0.0,0.0,1.1,0.0,1.4,0.0,0.0,16.0,25903.0
2026-07-30T18:57:22.601Z,12.084,12.096,0.0,7.4,0.0,0.0,0.0,0.0,0.0,0.0,0.0,0.0,1.0,0.0,0.0,0.0,9.0,4.0,0.0,0.0,0.0,0.0,0.0,0.0,0.0,0.0,5.0,12.0,1.0,12.18,5.01,2.5,1.49,0.0,0.0,0.0,301.2,0.0,0.9,-0.4,0.0,95.8,0.0,0.0,264.2,0.0,21.4,21.3,21.3,22.9,300.0,300.0,29.3,32.0,28.0,27.200000000000003,29.1,4.95,1.99,4.97,0.16,0.0,0.0,1027.0,8228.0,0.0,0.0,0.0,0.0,0.0,1.0,0.0,0.0,0.0,0.0,0.0,0.0,0.0,0.5,0.0,0.0,16.0,25903.0
2026-07-30T18:57:22.613Z,12.096,12.108,0.0,7.4,0.0,0.0,0.0,0.0,0.0,0.0,0.0,0.0,1.0,0.0,0.0,0.0,9.0,4.0,0.0,0.0,0.0,0.0,0.0,0.0,0.0,0.0,6.0,12.0,1.0,12.18,5.01,2.5,1.49,0.0,0.0,0.0,301.1,0.0,0.3,-0.4,1.0,95.8,0.0,0.0,264.40000000000003,0.0,21.4,21.3,21.3,22.9,300.0,300.0,29.3,32.0,28.0,27.200000000000003,29.1,4.96,1.99,4.96,0.16,0.0,0.0,1027.0,8228.0,0.0,0.0,0.0,0.0,0.0,1.0,0.0,0.0,0.0,0.0,0.0,-1.0,0.0,-0.2,0.0,0.0,16.0,25903.0
2026-07-30T18:57:22.625Z,12.108,12.12,0.0,7.4,0.0,0.0,0.0,0.0,0.0,0.0,0.0,0.0,1.0,0.0,0.0,0.0,9.0,4.0,0.0,0.0,0.0,0.0,0.0,0.0,0.0,0.0,2.0,12.0,1.0,12.18,5.01,2.5,1.49,0.0,0.0,0.0,301.1,0.0,0.3,0.7000000000000001,0.0,95.8,0.0,0.0,264.2,0.0,21.4,21.3,21.3,22.9,300.0,300.0,29.3,32.0,28.0,27.200000000000003,29.1,4.96,1.99,4.97,0.17,0.0,0.0,1027.0,8228.0,0.0,0.0,0.0,0.0,0.0,1.0,0.0,0.0,0.0,0.0,0.0,0.1,0.0,-0.7000000000000001,0.0,0.0,16.0,25903.0
2026-07-30T18:57:22.637Z,12.12,12.132,0.0,7.4,0.0,0.0,0.0,0.0,0.0,0.0,0.0,0.0,1.0,0.0,0.0,0.0,9.0,4.0,0.0,0.0,0.0,0.0,0.0,0.0,0.0,0.0,3.0,12.0,1.0,12.18,5.01,2.5,1.49,0.0,0.0,0.0,301.1,0.0,0.9,1.2000000000000002,-0.7000000000000001,95.8,0.0,0.0,264.2,0.0,21.4,21.3,21.3,22.9,300.0,300.0,29.3,32.0,28.0,27.200000000000003,29.1,4.95,1.99,4.97,0.16,0.0,0.0,1027.0,8228.0,0.0,0.0,0.0,0.0,0.0,1.0,0.0,0.0,0.0,0.0,0.0,0.8,0.0,-1.0,0.0,0.0,16.0,25903.0
2026-07-30T18:57:22.649Z,12.132,12.144,0.0,7.4,0.0,0.0,0.0,0.0,0.0,0.0,0.0,0.0,1.0,0.0,0.0,0.0,9.0,4.0,0.0,0.0,0.0,0.0,0.0,0.0,0.0,0.0,4.0,12.0,1.0,12.17,5.0200000000000005,2.5,1.49,0.0,0.0,0.0,301.1,0.0,0.3,-0.4,-0.1,95.8,0.0,0.0,264.2,0.0,21.3,21.4,21.4,22.9,300.0,300.0,29.200000000000003,32.0,28.0,27.200000000000003,29.1,4.96,1.99,4.97,0.16,0.0,0.0,1027.0,8228.0,0.0,0.0,0.0,0.0,0.0,1.0,0.0,0.0,0.0,0.0,0.0,0.0,0.0,0.6000000000000001,0.0,0.0,16.0,25903.0
2026-07-30T18:57:22.661Z,12.144,12.156,0.0,7.4,0.0,0.0,0.0,0.0,0.0,0.0,0.0,0.0,1.0,0.0,0.0,0.0,9.0,4.0,0.0,0.0,0.0,0.0,0.0,0.0,0.0,0.0,6.0,12.0,1.0,12.17,5.0200000000000005,2.5,1.49,0.0,0.0,0.0,301.2,0.0,-0.2,0.1,1.6,95.8,0.0,0.0,264.2,0.0,21.3,21.4,21.4,22.9,300.0,300.0,29.200000000000003,32.0,28.0,27.200000000000003,29.1,4.95,2.0,4.96,0.16,0.0,0.0,1027.0,8228.0,0.0,0.0,0.0,0.0,0.0,1.0,0.0,0.0,0.0,0.0,0.0,-1.5,0.0,-1.2000000000000002,0.0,0.0,16.0,25903.0
2026-07-30T18:57:22.673Z,12.156,12.168,0.0,7.4,0.0,0.0,0.0,0.0,0.0,0.0,0.0,0.0,1.0,0.0,0.0,0.0,9.0,4.0,0.0,0.0,0.0,0.0,0.0,0.0,0.0,0.0,1.0,12.0,1.0,12.17,5.0200000000000005,2.5,1.49,0.0,0.0,0.0,301.1,0.0,0.3,0.7000000000000001,-1.2000000000000002,95.8,0.0,0.0,264.2,0.0,21.3,21.4,21.4,22.9,300.0,300.0,29.200000000000003,32.0,28.0,27.200000000000003,29.1,4.95,1.99,4.97,0.16,0.0,0.0,1027.0,8228.0,0.0,0.0,0.0,0.0,0.0,1.0,0.0,0.0,0.0,0.0,0.0,1.2000000000000002,0.0,0.0,0.0,0.0,16.0,25903.0
2026-07-30T18:57:22.685Z,12.168,12.18,0.0,7.4,0.0,0.0,0.0,0.0,0.0,0.0,0.0,0.0,1.0,0.0,0.0,0.0,9.0,4.0,0.0,0.0,0.0,0.0,0.0,0.0,0.0,0.0,3.0,12.0,1.0,12.17,5.0200000000000005,2.5,1.49,0.0,0.0,0.0,301.1,0.0,-0.2,0.6000000000000001,0.0,95.8,0.0,0.0,264.2,0.0,21.3,21.4,21.4,22.9,300.0,300.0,29.200000000000003,32.0,28.0,27.200000000000003,29.1,4.95,1.99,4.97,0.16,0.0,0.0,1027.0,8228.0,0.0,0.0,0.0,0.0,0.0,1.0,0.0,0.0,0.0,0.0,0.0,0.1,0.0,-0.7000000000000001,0.0,0.0,16.0,25903.0
2026-07-30T18:57:22.697Z,12.18,12.192,0.0,7.4,0.0,0.0,0.0,0.0,0.0,0.0,0.0,0.0,1.0,0.0,0.0,0.0,9.0,4.0,0.0,0.0,0.0,0.0,0.0,0.0,0.0,0.0,3.0,12.0,1.0,12.17,5.0200000000000005,2.5,1.49,0.0,0.0,0.0,301.1,0.0,0.3,0.6000000000000001,0.0,95.8,0.0,0.0,264.2,0.0,21.3,21.4,21.4,22.9,300.0,300.0,29.200000000000003,32.0,28.0,27.200000000000003,29.1,4.95,1.99,4.96,0.16,0.0,0.0,1027.0,8228.0,0.0,0.0,0.0,0.0,0.0,1.0,0.0,0.0,0.0,0.0,0.0,0.1,0.0,-0.7000000000000001,0.0,0.0,16.0,25903.0
2026-07-30T18:57:22.709Z,12.192,12.204,-0.1,7.4,0.0,0.0,0.0,0.0,0.0,0.0,0.0,0.0,1.0,0.0,0.0,0.0,9.0,4.0,0.0,0.0,0.0,0.0,0.0,0.0,0.0,0.0,5.0,12.0,1.0,12.17,5.0200000000000005,2.5,1.49,0.0,0.0,0.0,301.1,0.0,0.3,0.0,1.1,95.8,0.0,0.0,264.2,0.0,21.3,21.4,21.4,22.9,300.0,300.0,29.200000000000003,32.0,28.0,27.200000000000003,29.1,4.95,1.99,4.97,0.16,0.0,0.0,1027.0,8228.0,0.0,0.0,0.0,0.0,0.0,1.0,0.0,0.0,0.0,0.0,0.0,-1.0,0.0,-0.8,0.0,0.0,16.0,25903.0
2026-07-30T18:57:22.721Z,12.204,12.216,-0.1,7.4,0.0,0.0,0.0,0.0,0.0,0.0,0.0,0.0,1.0,0.0,0.0,0.0,9.0,4.0,0.0,0.0,0.0,0.0,0.0,0.0,0.0,0.0,6.0,12.0,1.0,12.17,5.0200000000000005,2.5,1.49,0.0,0.0,0.0,301.1,0.0,-0.2,0.7000000000000001,0.5,95.8,0.0,0.0,264.2,0.0,21.3,21.4,21.4,22.9,300.0,300.0,29.200000000000003,32.0,28.0,27.200000000000003,29.1,4.95,1.99,4.96,0.16,0.0,0.0,1027.0,8228.0,0.0,0.0,0.0,0.0,0.0,1.0,0.0,0.0,0.0,0.0,0.0,-0.4,0.0,-1.2000000000000002,0.0,0.0,16.0,25903.0
2026-07-30T18:57:22.733Z,12.216,12.228,-0.1,7.4,0.0,0.0,0.0,0.0,0.0,0.0,0.0,0.0,1.0,0.0,0.0,0.0,9.0,4.0,0.0,0.0,0.0,0.0,0.0,0.0,0.0,0.0,2.0,12.0,1.0,12.17,5.0200000000000005,2.5,1.49,0.0,0.0,0.0,301.1,0.0,-0.2,-0.4,-1.2000000000000002,95.8,0.0,0.0,264.2,0.0,21.3,21.4,21.4,22.9,300.0,300.0,29.200000000000003,32.0,28.0,27.200000000000003,29.1,4.96,1.99,4.96,0.16,0.0,0.0,1027.0,8228.0,0.0,0.0,0.0,0.0,0.0,1.0,0.0,0.0,0.0,0.0,0.0,1.0,0.0,1.3,0.0,0.0,16.0,25903.0
2026-07-30T18:57:22.745Z,12.228,12.24,-0.1,7.4,0.0,0.0,0.0,0.0,0.0,0.0,0.0,0.0,1.0,0.0,0.0,0.0,9.0,4.0,0.0,0.0,0.0,0.0,0.0,0.0,0.0,0.0,3.0,12.0,1.0,12.14,5.0200000000000005,2.5,1.49,0.0,0.0,0.0,301.1,0.0,-0.2,-0.4,-0.6000000000000001,95.8,0.0,0.0,264.2,0.0,21.4,21.5,21.5,23.0,300.0,300.0,29.3,32.0,28.0,27.200000000000003,29.0,4.95,1.99,4.97,0.16,0.0,0.0,1027.0,8228.0,0.0,0.0,0.0,0.0,0.0,1.0,0.0,0.0,0.0,0.0,0.0,0.5,0.0,0.9,0.0,0.0,16.0,25903.0
2026-07-30T18:57:22.757Z,12.24,12.252,-0.1,7.4,0.0,0.0,0.0,0.0,0.0,0.0,0.0,0.0,1.0,0.0,0.0,0.0,9.0,4.0,0.0,0.0,0.0,0.0,0.0,0.0,0.0,0.0,4.0,12.0,1.0,12.14,5.0200000000000005,2.5,1.49,0.0,0.0,0.0,301.1,0.0,0.3,0.1,0.5,95.8,0.0,0.0,264.2,0.0,21.4,21.5,21.5,23.0,300.0,300.0,29.3,32.0,28.0,27.200000000000003,29.0,4.95,1.99,4.97,0.16,0.0,0.0,1027.0,8228.0,0.0,0.0,0.0,0.0,0.0,1.0,0.0,0.0,0.0,0.0,0.0,-0.4,0.0,-0.4,0.0,0.0,16.0,25903.0
2026-07-30T18:57:22.769Z,12.252,12.264,-0.1,7.4,0.0,0.0,0.0,0.0,0.0,0.0,0.0,0.0,1.0,0.0,0.0,0.0,9.0,4.0,0.0,0.0,0.0,0.0,0.0,0.0,0.0,0.0,6.0,12.0,1.0,12.14,5.0200000000000005,2.5,1.49,0.0,0.0,0.0,301.1,0.0,-0.8,1.2000000000000002,0.0,95.8,0.0,0.0,264.2,0.0,21.4,21.5,21.5,23.0,300.0,300.0,29.3,32.0,28.0,27.200000000000003,29.0,4.95,1.99,4.96,0.16,0.0,0.0,1027.0,8228.0,0.0,0.0,0.0,0.0,0.0,1.0,0.0,0.0,0.0,0.0,0.0,0.2,0.0,-1.4,0.0,0.0,16.0,25903.0
2026-07-30T18:57:22.781Z,12.264,12.276,-0.1,7.4,0.0,0.0,0.0,0.0,0.0,0.0,0.0,0.0,1.0,0.0,0.0,0.0,9.0,4.0,0.0,0.0,0.0,0.0,0.0,0.0,0.0,0.0,1.0,12.0,1.0,12.14,5.0200000000000005,2.5,1.49,0.0,0.0,0.0,301.1,0.0,0.9,1.2000000000000002,1.0,95.8,0.0,0.0,264.2,0.0,21.4,21.5,21.5,23.0,300.0,300.0,29.3,32.0,28.0,27.200000000000003,29.0,4.96,1.99,4.96,0.16,0.0,0.0,1027.0,8228.0,0.0,0.0,0.0,0.0,0.0,1.0,0.0,0.0,0.0,0.0,0.0,-0.8,0.0,-2.1,0.0,0.0,16.0,25903.0
2026-07-30T18:57:22.793Z,12.276,12.288,0.0,7.4,0.0,0.0,0.0,0.0,0.0,0.0,0.0,0.0,1.0,0.0,0.0,0.0,9.0,4.0,0.0,0.0,0.0,0.0,0.0,0.0,0.0,0.0,3.0,12.0,1.0,12.14,5.0200000000000005,2.5,1.49,0.0,0.0,0.0,301.2,0.0,0.3,0.6000000000000001,1.6,95.8,0.0,0.0,264.3,0.0,21.4,21.5,21.5,23.0,300.0,300.0,29.3,32.0,28.0,27.200000000000003,29.0,4.95,1.99,4.96,0.16,0.0,0.0,1027.0,8228.0,0.0,0.0,0.0,0.0,0.0,1.0,0.0,0.0,0.0,0.0,0.0,-1.4,0.0,-1.8,0.0,0.0,16.0,25903.0
2026-07-30T18:57:22.805Z,12.288,12.3,0.0,7.4,0.0,0.0,0.0,0.0,0.0,0.0,0.0,0.0,1.0,0.0,0.0,0.0,9.0,4.0,0.0,0.0,0.0,0.0,0.0,0.0,0.0,0.0,4.0,12.0,1.0,12.14,5.0200000000000005,2.5,1.49,0.0,0.0,0.0,301.1,0.0,-0.2,-0.5,-1.2000000000000002,95.8,0.0,0.0,264.2,0.0,21.4,21.5,21.5,23.0,300.0,300.0,29.3,32.0,28.0,27.200000000000003,29.0,4.96,1.99,4.97,0.16,0.0,0.0,1027.0,8228.0,0.0,0.0,0.0,0.0,0.0,1.0,0.0,0.0,0.0,0.0,0.0,1.1,0.0,1.4,0.0,0.0,16.0,25903.0
2026-07-30T18:57:22.817Z,12.3,12.312,0.0,7.4,0.0,0.0,0.0,0.0,0.0,0.0,0.0,0.0,1.0,0.0,0.0,0.0,9.0,4.0,0.0,0.0,0.0,0.0,0.0,0.0,0.0,0.0,5.0,12.0,1.0,12.14,5.0200000000000005,2.5,1.49,0.0,0.0,0.0,301.1,0.0,-0.3,1.2000000000000002,0.4,95.8,0.0,0.0,264.2,0.0,21.4,21.5,21.5,23.0,300.0,300.0,29.3,32.0,28.0,27.200000000000003,29.0,4.96,1.99,4.96,0.16,0.0,0.0,1027.0,8228.0,0.0,0.0,0.0,0.0,0.0,1.0,0.0,0.0,0.0,0.0,0.0,1.0,0.0,2.2,0.0,0.0,16.0,25903.0
2026-07-30T18:57:22.829Z,12.312,12.324,0.0,7.4,0.0,0.0,0.0,0.0,0.0,0.0,0.0,0.0,1.0,0.0,0.0,0.0,9.0,4.0,0.0,0.0,0.0,0.0,0.0,0.0,0.0,0.0,6.0,12.0,1.0,12.14,5.0200000000000005,2.5,1.49,0.0,0.1,0.0,301.1,0.0,-0.9,0.0,-1.9,95.8,0.0,0.0,264.2,0.0,21.4,21.5,21.5,23.0,300.0,300.0,29.3,32.0,28.0,27.200000000000003,29.0,4.95,1.99,4.96,0.16,0.0,0.0,1027.0,8228.0,0.0,0.0,0.0,0.0,0.0,1.0,0.0,0.0,0.0,0.0,0.0,0.3,0.0,-1.8,0.0,0.0,16.0,25903.0
2026-07-30T18:57:22.841Z,12.324,12.336,0.0,7.4,0.0,0.0,0.0,0.0,0.0,0.0,0.0,0.0,1.0,0.0,0.0,0.0,9.0,4.0,0.0,0.0,0.0,0.0,0.0,0.0,0.0,0.0,2.0,12.0,1.0,12.14,5.0200000000000005,2.5,1.49,0.0,0.0,0.0,301.1,0.0,-0.3,0.6000000000000001,0.9,95.8,0.0,0.0,264.2,0.0,21.4,21.5,21.5,23.0,300.0,300.0,29.3,32.0,28.0,27.200000000000003,29.0,4.96,1.99,4.96,0.16,0.0,0.0,1027.0,8228.0,0.0,0.0,0.0,0.0,0.0,1.0,0.0,0.0,0.0,0.0,0.0,-1.8,0.0,-2.7,0.0,0.0,16.0,25903.0
2026-07-30T18:57:22.853Z,12.336,12.348,0.0,7.4,0.0,0.0,0.0,0.0,0.0,0.0,0.0,0.0,1.0,0.0,0.0,0.0,9.0,4.0,0.0,0.0,0.0,0.0,0.0,0.0,0.0,0.0,3.0,12.0,1.0,12.15,5.0200000000000005,2.51,1.49,0.0,0.0,0.0,301.1,0.0,0.1,-1.1,-0.2,95.8,0.0,0.0,264.2,0.0,21.8,21.5,21.5,23.1,300.0,300.0,29.3,32.1,28.0,27.200000000000003,29.1,4.96,2.0,4.96,0.16,0.0,0.0,1027.0,8228.0,0.0,0.0,0.0,0.0,0.0,1.0,0.0,0.0,0.0,0.0,0.0,0.1,0.0,1.5,0.0,0.0,16.0,25903.0
2026-07-30T18:57:22.865Z,12.348,12.36,0.0,7.4,0.0,0.0,0.0,0.0,0.0,0.0,0.0,0.0,1.0,0.0,0.0,0.0,9.0,4.0,0.0,0.0,0.0,0.0,0.0,0.0,0.0,0.0,5.0,12.0,1.0,12.15,5.0200000000000005,2.51,1.49,0.0,0.0,0.0,301.1,0.0,-0.9,0.0,-0.8,95.8,0.0,0.0,264.2,0.0,21.8,21.5,21.5,23.1,300.0,300.0,29.3,32.1,28.0,27.200000000000003,29.1,4.96,1.99,4.96,0.15,0.0,0.0,1027.0,8228.0,0.0,0.0,0.0,0.0,0.0,1.0,0.0,0.0,0.0,0.0,0.0,0.7000000000000001,0.0,0.5,0.0,0.0,16.0,25903.0
2026-07-30T18:57:22.877Z,12.36,12.372,0.0,7.4,0.0,0.0,0.0,0.0,0.0,0.0,0.0,0.0,1.0,0.0,0.0,0.0,9.0,4.0,0.0,0.0,0.0,0.0,0.0,0.0,0.0,0.0,6.0,12.0,1.0,12.15,5.0200000000000005,2.51,1.49,0.0,0.0,0.0,301.1,0.0,0.2,1.2000000000000002,-0.8,95.8,0.0,0.0,264.2,0.0,21.8,21.5,21.5,23.1,300.0,300.0,29.3,32.1,28.0,27.200000000000003,29.1,4.95,1.99,4.96,0.16,0.0,0.0,1027.0,8228.0,0.0,0.0,0.0,0.0,0.0,1.0,0.0,0.0,0.0,0.0,0.0,0.9,0.0,-0.8,0.0,0.0,16.0,25903.0
2026-07-30T18:57:22.889Z,12.372,12.384,0.0,7.4,0.0,0.0,0.0,0.0,0.0,0.0,0.0,0.0,1.0,0.0,0.0,0.0,9.0,4.0,0.0,0.0,0.0,0.0,0.0,0.0,0.0,0.0,2.0,12.0,1.0,12.15,5.0200000000000005,2.51,1.49,0.0,0.0,0.0,301.1,0.0,0.2,0.0,0.9,95.8,0.0,0.0,264.3,0.0,21.8,21.5,21.5,23.1,300.0,300.0,29.3,32.1,28.0,27.200000000000003,29.1,4.96,1.99,4.97,0.16,0.0,0.0,1027.0,8228.0,0.0,0.0,0.0,0.0,0.0,1.0,0.0,0.0,0.0,0.0,0.0,-0.8,0.0,-0.6000000000000001,0.0,0.0,16.0,25903.0
2026-07-30T18:57:22.901Z,12.384,12.396,0.0,7.4,0.0,0.0,0.0,0.0,0.0,0.0,0.0,0.0,1.0,0.0,0.0,0.0,9.0,4.0,0.0,0.0,0.0,0.0,0.0,0.0,0.0,0.0,3.0,12.0,1.0,12.15,5.0200000000000005,2.51,1.49,0.0,0.0,0.0,301.1,0.0,-0.2,0.0,-0.1,95.8,0.0,0.0,264.2,0.0,21.8,21.5,21.5,23.1,300.0,300.0,29.3,32.1,28.0,27.200000000000003,29.1,4.96,2.0,4.96,0.16,0.0,0.0,1027.0,8228.0,0.0,0.0,0.0,0.0,0.0,1.0,0.0,0.0,0.0,0.0,0.0,0.1,0.0,0.0,0.0,0.0,16.0,25903.0
2026-07-30T18:57:22.913Z,12.396,12.408,0.0,7.4,0.0,0.0,0.0,0.0,0.0,0.0,0.0,0.0,1.0,0.0,0.0,0.0,9.0,4.0,0.0,0.0,0.0,0.0,0.0,0.0,0.0,0.0,5.0,12.0,1.0,12.15,5.0200000000000005,2.51,1.49,0.0,0.0,0.0,301.1,0.0,0.3,0.5,1.0,95.8,0.0,0.0,264.2,0.0,21.8,21.5,21.5,23.1,300.0,300.0,29.3,32.1,28.0,27.200000000000003,29.1,4.96,1.99,4.97,0.16,0.0,0.0,1027.0,8228.0,0.0,0.0,0.0,0.0,0.0,1.0,0.0,0.0,0.0,0.0,0.0,-0.8,0.0,-1.3,0.0,0.0,16.0,25903.0
2026-07-30T18:57:22.925Z,12.408,12.42,0.0,7.4,0.0,0.0,0.0,0.0,0.0,0.0,0.0,0.0,1.0,0.0,0.0,0.0,9.0,4.0,0.0,0.0,0.0,0.0,0.0,0.0,0.0,0.0,6.0,12.0,1.0,12.15,5.0200000000000005,2.51,1.49,0.0,0.0,0.0,301.2,0.0,-1.4,0.0,-1.2000000000000002,95.8,0.0,0.0,264.40000000000003,0.0,21.8,21.5,21.5,23.1,300.0,300.0,29.3,32.1,28.0,27.200000000000003,29.1,4.95,1.99,4.97,0.16,0.0,0.0,1027.0,8228.0,0.0,0.0,0.0,0.0,0.0,1.0,0.0,0.0,0.0,0.0,0.0,1.2000000000000002,0.0,0.8,0.0,0.0,16.0,25903.0
2026-07-30T18:57:22.937Z,12.42,12.432,0.0,7.4,0.0,0.0,0.0,0.0,0.0,0.0,0.0,0.0,1.0,0.0,0.0,0.0,9.0,4.0,0.0,0.0,0.0,0.0,0.0,0.0,0.0,0.0,2.0,12.0,1.0,12.15,5.0200000000000005,2.51,1.49,0.0,0.0,0.0,301.1,0.0,-0.2,0.0,-0.7000000000000001,95.8,0.0,0.0,264.2,0.0,21.8,21.5,21.5,23.1,300.0,300.0,29.3,32.1,28.0,27.200000000000003,29.1,4.96,1.99,4.96,0.16,0.0,0.0,1027.0,8228.0,0.0,0.0,0.0,0.0,0.0,1.0,0.0,0.0,0.0,0.0,0.0,0.6000000000000001,0.0,0.4,0.0,0.0,16.0,25903.0
2026-07-30T18:57:22.949Z,12.432,12.444,0.0,7.4,0.0,0.0,0.0,0.0,0.0,0.0,0.0,0.0,1.0,0.0,0.0,0.0,9.0,4.0,0.0,0.0,0.0,0.0,0.0,0.0,0.0,0.0,3.0,12.0,1.0,12.17,5.01,2.51,1.49,0.0,0.1,0.0,301.1,0.0,-0.2,-1.1,1.0,95.8,0.0,0.0,264.2,0.0,21.4,21.6,21.6,23.200000000000003,300.0,300.0,29.4,32.0,28.0,27.200000000000003,29.1,4.95,1.99,4.96,0.16,0.0,0.0,1027.0,8228.0,0.0,0.0,0.0,0.0,0.0,1.0,0.0,0.0,0.0,0.0,0.0,-1.1,0.0,0.6000000000000001,0.0,0.0,16.0,25903.0
2026-07-30T18:57:22.961Z,12.444,12.456,0.0,7.4,0.0,0.0,0.0,0.0,0.0,0.0,0.0,0.0,1.0,0.0,0.0,0.0,9.0,4.0,0.0,0.0,0.0,0.0,0.0,0.0,0.0,0.0,4.0,12.0,1.0,12.17,5.01,2.51,1.49,0.0,0.0,0.0,301.2,0.0,0.3,0.0,0.4,95.8,0.0,0.0,264.2,0.0,21.4,21.6,21.6,23.200000000000003,300.0,300.0,29.4,32.0,28.0,27.200000000000003,29.1,4.95,1.99,4.96,0.16,0.0,0.0,1027.0,8228.0,0.0,0.0,0.0,0.0,0.0,1.0,0.0,0.0,0.0,0.0,0.0,-0.4,0.0,-0.2,0.0,0.0,16.0,25903.0
2026-07-30T18:57:22.973Z,12.456,12.468,0.0,7.4,0.0,0.0,0.0,0.0,0.0,0.0,0.0,0.0,1.0,0.0,0.0,0.0,9.0,4.0,0.0,0.0,0.0,0.0,0.0,0.0,0.0,0.0,5.0,12.0,1.0,12.17,5.01,2.51,1.49,0.0,0.0,0.0,301.1,0.0,0.3,0.6000000000000001,0.4,95.8,0.0,0.0,264.2,0.0,21.4,21.6,21.6,23.200000000000003,300.0,300.0,29.4,32.0,28.0,27.200000000000003,29.1,4.96,1.99,4.96,0.16,0.0,0.0,1027.0,8228.0,0.0,0.0,0.0,0.0,0.0,1.0,0.0,0.0,0.0,0.0,0.0,-0.3,0.0,-1.0,0.0,0.0,16.0,25903.0
2026-07-30T18:57:22.985Z,12.468,12.48,0.0,7.4,0.0,0.0,0.0,0.0,0.0,0.0,0.0,0.0,1.0,0.0,0.0,0.0,9.0,4.0,0.0,0.0,0.0,0.0,0.0,0.0,0.0,0.0,1.0,12.0,1.0,12.17,5.01,2.51,1.49,0.0,0.0,0.0,301.1,0.0,-0.2,-0.5,-1.8,95.8,0.0,0.0,264.2,0.0,21.4,21.6,21.6,23.200000000000003,300.0,300.0,29.4,32.0,28.0,27.200000000000003,29.1,4.95,1.99,4.97,0.16,0.0,0.0,1027.0,8228.0,0.0,0.0,0.0,0.0,0.0,1.0,0.0,0.0,0.0,0.0,0.0,1.6,0.0,1.9,0.0,0.0,16.0,25903.0
2026-07-30T18:57:22.997Z,12.48,12.492,0.0,7.4,0.0,0.0,0.0,0.0,0.0,0.0,0.0,0.0,1.0,0.0,0.0,0.0,9.0,4.0,0.0,0.0,0.0,0.0,0.0,0.0,0.0,0.0,2.0,12.0,1.0,12.17,5.01,2.51,1.49,0.0,0.0,0.0,301.1,0.0,-0.2,-1.1,1.0,95.8,0.0,0.0,264.3,0.0,21.4,21.6,21.6,23.200000000000003,300.0,300.0,29.4,32.0,28.0,27.200000000000003,29.1,4.95,1.99,4.97,0.16,0.0,0.0,1027.0,8228.0,0.0,0.0,0.0,0.0,0.0,1.0,0.0,0.0,0.0,0.0,0.0,-1.1,0.0,0.5,0.0,0.0,16.0,25903.0
2026-07-30T18:57:23.009Z,12.492,12.504,0.0,7.4,0.0,0.0,0.0,0.0,0.0,0.0,0.0,0.0,1.0,0.0,0.0,0.0,9.0,4.0,0.0,0.0,0.0,0.0,0.0,0.0,0.0,0.0,3.0,12.0,1.0,12.17,5.01,2.51,1.49,0.0,0.0,0.0,301.1,0.0,0.3,1.2000000000000002,-0.1,95.8,0.0,0.0,264.2,0.0,21.4,21.6,21.6,23.200000000000003,300.0,300.0,29.4,32.0,28.0,27.200000000000003,29.1,4.95,1.99,4.96,0.16,0.0,0.0,1027.0,8228.0,0.0,0.0,0.0,0.0,0.0,1.0,0.0,0.0,0.0,0.0,0.0,0.2,0.0,-1.2000000000000002,0.0,0.0,16.0,25903.0
2026-07-30T18:57:23.021Z,12.504,12.516,0.0,7.4,0.0,0.0,0.0,0.0,0.0,0.0,0.0,0.0,1.0,0.0,0.0,0.0,9.0,4.0,0.0,0.0,0.0,0.0,0.0,0.0,0.0,0.0,4.0,12.0,1.0,12.17,5.01,2.51,1.49,0.0,0.0,0.0,301.1,0.0,-0.2,0.0,-0.1,95.8,0.0,0.0,264.2,0.0,21.4,21.6,21.6,23.200000000000003,300.0,300.0,29.4,32.0,28.0,27.200000000000003,29.1,4.96,1.99,4.96,0.16,0.0,0.0,1027.0,8228.0,0.0,0.0,0.0,0.0,0.0,1.0,0.0,0.0,0.0,0.0,0.0,0.1,0.0,0.0,0.0,0.0,16.0,25903.0
2026-07-30T18:57:23.033Z,12.516,12.528,0.0,7.4,0.0,0.0,0.0,0.0,0.0,0.0,0.0,0.0,1.0,0.0,0.0,0.0,9.0,4.0,0.0,0.0,0.0,0.0,0.0,0.0,0.0,0.0,6.0,12.0,1.0,12.17,5.01,2.51,1.49,0.0,0.0,0.0,301.1,0.0,-0.2,0.6000000000000001,1.0,95.8,0.0,0.0,264.2,0.0,21.4,21.6,21.6,23.200000000000003,300.0,300.0,29.4,32.0,28.0,27.200000000000003,29.1,4.96,1.99,4.97,0.16,0.0,0.0,1027.0,8228.0,0.0,0.0,0.0,0.0,0.0,1.0,0.0,0.0,0.0,0.0,0.0,-0.8,0.0,-1.4,0.0,0.0,16.0,25903.0
2026-07-30T18:57:23.045Z,12.528,12.54,0.0,7.4,0.0,0.0,0.0,0.0,0.0,0.0,0.0,0.0,1.0,0.0,0.0,0.0,9.0,4.0,0.0,0.0,0.0,0.0,0.0,0.0,0.0,0.0,1.0,12.0,1.0,12.17,5.01,2.51,1.49,0.0,0.0,0.0,301.1,0.0,0.3,-0.4,-0.1,95.8,0.0,0.0,264.2,0.0,21.4,21.6,21.6,23.200000000000003,300.0,300.0,29.4,32.0,28.0,27.200000000000003,29.1,4.96,1.99,4.96,0.16,0.0,0.0,1027.0,8228.0,0.0,0.0,0.0,0.0,0.0,1.0,0.0,0.0,0.0,0.0,0.0,0.0,0.0,0.6000000000000001,0.0,0.0,16.0,25903.0
2026-07-30T18:57:23.057Z,12.54,12.552,0.0,7.4,0.0,0.0,0.0,0.0,0.0,0.0,0.0,0.0,1.0,0.0,0.0,0.0,9.0,4.0,0.0,0.0,0.0,0.0,0.0,0.0,0.0,0.0,2.0,12.0,1.0,12.18,5.01,2.51,1.49,0.0,0.0,0.0,301.2,0.0,0.8,1.3,-0.7000000000000001,95.8,0.0,0.0,264.2,0.0,21.200000000000003,21.700000000000003,21.700000000000003,23.3,300.0,300.0,29.3,32.0,28.0,27.200000000000003,29.1,4.96,2.0,4.96,0.16,0.0,0.0,1027.0,8228.0,0.0,0.0,0.0,0.0,0.0,1.0,0.0,0.0,0.0,0.0,0.0,0.8,0.0,-1.0,0.0,0.0,16.0,25903.0
2026-07-30T18:57:23.069Z,12.552,12.564,0.0,7.4,0.0,0.0,0.0,0.0,0.0,0.0,0.0,0.0,1.0,0.0,0.0,0.0,9.0,4.0,0.0,0.0,0.0,0.0,0.0,0.0,0.0,0.0,3.0,12.0,1.0,12.18,5.01,2.51,1.49,0.0,0.0,0.0,301.1,0.0,0.2,1.3,0.4,95.8,0.0,0.0,264.2,0.0,21.200000000000003,21.700000000000003,21.700000000000003,23.3,300.0,300.0,29.3,32.0,28.0,27.200000000000003,29.1,4.95,1.99,4.96,0.16,0.0,0.0,1027.0,8228.0,0.0,0.0,0.0,0.0,0.0,1.0,0.0,0.0,0.0,0.0,0.0,-0.2,0.0,-1.8,0.0,0.0,16.0,25903.0
2026-07-30T18:57:23.081Z,12.564,12.576,0.0,7.4,0.0,0.0,0.0,0.0,0.0,0.0,0.0,0.0,1.0,0.0,0.0,0.0,9.0,4.0,0.0,0.0,0.0,0.0,0.0,0.0,0.0,0.0,5.0,12.0,1.0,12.18,5.01,2.51,1.49,0.0,0.1,0.0,301.1,0.0,-0.3,0.1,-0.1,95.8,0.0,0.0,264.2,0.0,21.200000000000003,21.700000000000003,21.700000000000003,23.3,300.0,300.0,29.3,32.0,28.0,27.200000000000003,29.1,4.95,1.99,4.97,0.16,0.0,0.0,1027.0,8228.0,0.0,0.0,0.0,0.0,0.0,1.0,0.0,0.0,0.0,0.0,0.0,0.1,0.0,0.0,0.0,0.0,16.0,25903.0
2026-07-30T18:57:23.093Z,12.576,12.588,0.0,7.4,0.0,0.0,0.0,0.0,0.0,0.0,0.0,0.0,1.0,0.0,0.0,0.0,9.0,4.0,0.0,0.0,0.0,0.0,0.0,0.0,0.0,0.0,6.0,12.0,1.0,12.18,5.01,2.51,1.49,0.0,0.0,0.0,301.1,0.0,-0.9,-0.4,1.5,95.8,0.0,0.0,264.2,0.0,21.200000000000003,21.700000000000003,21.700000000000003,23.3,300.0,300.0,29.3,32.0,28.0,27.200000000000003,29.1,4.95,1.99,4.96,0.16,0.0,0.0,1027.0,8228.0,0.0,0.0,0.0,0.0,0.0,1.0,0.0,0.0,0.0,0.0,0.0,-1.5,0.0,-0.5,0.0,0.0,16.0,25903.0
2026-07-30T18:57:23.106Z,12.589,12.6,0.0,7.4,0.0,0.0,0.0,0.0,0.0,0.0,0.0,0.0,1.0,0.0,0.0,0.0,9.0,4.0,0.0,0.0,0.0,0.0,0.0,0.0,0.0,0.0,2.0,12.0,1.0,12.18,5.01,2.51,1.49,0.0,0.0,0.0,301.1,0.0,0.2,0.7000000000000001,-0.1,95.8,0.0,0.0,264.2,0.0,21.200000000000003,21.700000000000003,21.700000000000003,23.3,300.0,300.0,29.3,32.0,28.0,27.200000000000003,29.1,4.95,1.99,4.97,0.16,0.0,0.0,1027.0,8228.0,0.0,0.0,0.0,0.0,0.0,1.0,0.0,0.0,0.0,0.0,0.0,0.2,0.0,-0.6000000000000001,0.0,0.0,16.0,25903.0
2026-07-30T18:57:23.117Z,12.6,12.612,0.0,7.4,0.0,0.0,0.0,0.0,0.0,0.0,0.0,0.0,1.0,0.0,0.0,0.0,9.0,4.0,0.0,0.0,0.0,0.0,0.0,0.0,0.0,0.0,2.0,12.0,1.0,12.18,5.01,2.51,1.49,0.0,0.0,0.0,301.1,0.0,-0.3,-0.4,-0.7000000000000001,95.8,0.0,0.0,264.2,0.0,21.200000000000003,21.700000000000003,21.700000000000003,23.3,300.0,300.0,29.3,32.0,28.0,27.200000000000003,29.1,4.95,1.99,4.97,0.16,0.0,0.0,1027.0,8228.0,0.0,0.0,0.0,0.0,0.0,1.0,0.0,0.0,0.0,0.0,0.0,0.6000000000000001,0.0,1.0,0.0,0.0,16.0,25903.0
2026-07-30T18:57:23.129Z,12.612,12.624,0.0,7.4,0.0,0.0,0.0,0.0,0.0,0.0,0.0,0.0,1.0,0.0,0.0,0.0,9.0,4.0,0.0,0.0,0.0,0.0,0.0,0.0,0.0,0.0,3.0,12.0,1.0,12.18,5.01,2.51,1.49,0.0,0.1,0.0,301.1,0.0,-0.3,0.0,-0.7000000000000001,95.8,0.0,0.0,264.3,0.0,21.200000000000003,21.700000000000003,21.700000000000003,23.3,300.0,300.0,29.3,32.0,28.0,27.200000000000003,29.1,4.96,1.99,4.96,0.16,0.0,0.0,1027.0,8228.0,0.0,0.0,0.0,0.0,0.0,1.0,0.0,0.0,0.0,0.0,0.0,0.7000000000000001,0.0,0.4,0.0,0.0,16.0,25903.0
2026-07-30T18:57:23.141Z,12.624,12.636,0.0,7.4,0.0,0.0,0.0,0.0,0.0,0.0,0.0,0.0,1.0,0.0,0.0,0.0,9.0,4.0,0.0,0.0,0.0,0.0,0.0,0.0,0.0,0.0,4.0,12.0,1.0,12.18,5.01,2.51,1.49,0.0,0.1,0.0,301.1,0.0,0.2,0.0,-0.7000000000000001,95.8,0.0,0.0,264.2,0.0,21.200000000000003,21.700000000000003,21.700000000000003,23.3,300.0,300.0,29.3,32.0,28.0,27.200000000000003,29.1,4.96,2.0,4.96,0.16,0.0,0.0,1027.0,8228.0,0.0,0.0,0.0,0.0,0.0,1.0,0.0,0.0,0.0,0.0,0.0,0.6000000000000001,0.0,0.3,0.0,0.0,16.0,25903.0
2026-07-30T18:57:23.153Z,12.636,12.648,0.0,7.4,0.0,0.0,0.0,0.0,0.0,0.0,0.0,0.0,1.0,0.0,0.0,0.0,9.0,4.0,0.0,0.0,0.0,0.0,0.0,0.0,0.0,0.0,6.0,12.0,1.0,12.17,5.0200000000000005,2.51,1.49,0.0,0.0,0.0,301.1,0.0,1.4,1.2000000000000002,1.5,95.8,0.0,0.0,264.2,0.0,21.3,21.8,21.8,23.4,300.0,300.0,29.3,32.0,28.0,27.200000000000003,29.1,4.96,1.99,4.97,0.16,0.0,0.0,1027.0,8228.0,0.0,0.0,0.0,0.0,0.0,1.0,0.0,0.0,0.0,0.0,0.0,-1.3,0.0,-2.5,0.0,0.0,16.0,25903.0
2026-07-30T18:57:23.164Z,12.647,12.66,0.0,7.4,0.0,0.0,0.0,0.0,0.0,0.0,0.0,0.0,1.0,0.0,0.0,0.0,9.0,4.0,0.0,0.0,0.0,0.0,0.0,0.0,0.0,0.0,1.0,12.0,1.0,12.17,5.0200000000000005,2.51,1.49,0.0,0.0,0.0,301.2,0.0,0.2,0.1,-0.7000000000000001,95.8,0.0,0.0,264.2,0.0,21.3,21.8,21.8,23.4,300.0,300.0,29.3,32.0,28.0,27.200000000000003,29.1,4.95,1.99,4.97,0.16,0.0,0.0,1027.0,8228.0,0.0,0.0,0.0,0.0,0.0,1.0,0.0,0.0,0.0,0.0,0.0,0.7000000000000001,0.0,0.3,0.0,0.0,16.0,25903.0
2026-07-30T18:57:23.177Z,12.66,12.672,0.0,7.4,0.0,0.0,0.0,0.0,0.0,0.0,0.0,0.0,1.0,0.0,0.0,0.0,9.0,4.0,0.0,0.0,0.0,0.0,0.0,0.0,0.0,0.0,2.0,12.0,1.0,12.17,5.0200000000000005,2.51,1.49,0.0,0.0,0.0,301.1,0.0,-0.2,-0.9,-0.6000000000000001,95.8,0.0,0.0,264.2,0.0,21.3,21.8,21.8,23.4,300.0,300.0,29.3,32.0,28.0,27.200000000000003,29.1,4.96,1.99,4.96,0.16,0.0,0.0,1027.0,8228.0,0.0,0.0,0.0,0.0,0.0,1.0,0.0,0.0,0.0,0.0,0.0,0.5,0.0,1.6,0.0,0.0,16.0,25903.0
2026-07-30T18:57:23.189Z,12.672,12.684,0.0,7.4,0.0,0.0,0.0,0.0,0.0,0.0,0.0,0.0,1.0,0.0,0.0,0.0,9.0,4.0,0.0,0.0,0.0,0.0,0.0,0.0,0.0,0.0,4.0,12.0,1.0,12.17,5.0200000000000005,2.51,1.49,0.0,0.0,0.0,301.1,0.0,0.2,-0.4,0.0,95.8,0.0,0.0,264.3,0.0,21.3,21.8,21.8,23.4,300.0,300.0,29.3,32.0,28.0,27.200000000000003,29.1,4.95,1.99,4.97,0.16,0.0,0.0,1027.0,8228.0,0.0,0.0,0.0,0.0,0.0,1.0,0.0,0.0,0.0,0.0,0.0,0.0,0.0,0.5,0.0,0.0,16.0,25903.0
2026-07-30T18:57:23.201Z,12.684,12.696,0.0,7.4,0.0,0.0,0.0,0.0,0.0,0.0,0.0,0.0,1.0,0.0,0.0,0.0,9.0,4.0,0.0,0.0,0.0,0.0,0.0,0.0,0.0,0.0,5.0,12.0,1.0,12.17,5.0200000000000005,2.51,1.49,0.0,0.0,0.0,301.1,0.0,0.2,0.1,-0.1,95.8,0.0,0.0,264.2,0.0,21.3,21.8,21.8,23.4,300.0,300.0,29.3,32.0,28.0,27.200000000000003,29.1,4.95,1.99,4.96,0.16,0.0,0.0,1027.0,8228.0,0.0,0.0,0.0,0.0,0.0,1.0,0.0,0.0,0.0,0.0,0.0,0.1,0.0,0.0,0.0,0.0,16.0,25903.0
2026-07-30T18:57:23.213Z,12.696,12.708,0.0,7.4,0.0,0.0,0.0,0.0,0.0,0.0,0.0,0.0,1.0,0.0,0.0,0.0,9.0,4.0,0.0,0.0,0.0,0.0,0.0,0.0,0.0,0.0,1.0,12.0,1.0,12.17,5.0200000000000005,2.51,1.49,0.0,0.0,0.0,301.1,0.0,0.3,0.7000000000000001,-0.7000000000000001,95.8,0.0,0.0,264.2,0.0,21.3,21.8,21.8,23.4,300.0,300.0,29.3,32.0,28.0,27.200000000000003,29.1,4.96,1.99,4.96,0.16,0.0,0.0,1027.0,8228.0,0.0,0.0,0.0,0.0,0.0,1.0,0.0,0.0,0.0,0.0,0.0,0.7000000000000001,0.0,-0.3,0.0,0.0,16.0,25903.0
2026-07-30T18:57:23.225Z,12.708,12.72,0.0,7.4,0.0,0.0,0.0,0.0,0.0,0.0,0.0,0.0,1.0,0.0,0.0,0.0,9.0,4.0,0.0,0.0,0.0,0.0,0.0,0.0,0.0,0.0,2.0,12.0,1.0,12.17,5.0200000000000005,2.51,1.49,0.0,0.1,0.0,301.1,0.0,0.3,-0.4,-1.2000000000000002,95.8,0.0,0.0,264.2,0.0,21.3,21.8,21.8,23.4,300.0,300.0,29.3,32.0,28.0,27.200000000000003,29.1,4.95,1.99,4.97,0.16,0.0,0.0,1027.0,8228.0,0.0,0.0,0.0,0.0,0.0,1.0,0.0,0.0,0.0,0.0,0.0,1.1,0.0,1.3,0.0,0.0,16.0,25903.0
2026-07-30T18:57:23.237Z,12.72,12.732,0.0,7.4,0.0,0.0,0.0,0.0,0.0,0.0,0.0,0.0,1.0,0.0,0.0,0.0,9.0,4.0,0.0,0.0,0.0,0.0,0.0,0.0,0.0,0.0,3.0,12.0,1.0,12.17,5.0200000000000005,2.51,1.49,0.0,0.0,0.0,301.1,0.0,-0.2,-1.0,-1.3,95.8,0.0,0.0,264.3,0.0,21.3,21.8,21.8,23.4,300.0,300.0,29.3,32.0,28.0,27.200000000000003,29.1,4.95,1.99,4.97,0.16,0.0,0.0,1027.0,8228.0,0.0,0.0,0.0,0.0,0.0,1.0,0.0,0.0,0.0,0.0,0.0,1.1,0.0,2.0,0.0,0.0,16.0,25903.0
2026-07-30T18:57:23.249Z,12.732,12.744,0.0,7.4,0.0,0.0,0.0,0.0,0.0,0.0,0.0,0.0,1.0,0.0,0.0,0.0,9.0,4.0,0.0,0.0,0.0,0.0,0.0,0.0,0.0,0.0,4.0,12.0,1.0,12.17,5.0200000000000005,2.51,1.49,-0.1,0.1,0.0,301.1,0.0,0.2,0.1,0.3,95.8,0.0,0.0,264.2,0.0,21.3,21.8,21.8,23.4,300.0,300.0,29.3,32.0,28.0,27.200000000000003,29.1,4.95,1.99,4.96,0.16,0.0,0.0,1027.0,8228.0,0.0,0.0,0.0,0.0,0.0,1.0,0.0,0.0,0.0,0.0,0.0,-0.3,0.0,-0.4,0.0,0.0,16.0,25903.0
2026-07-30T18:57:23.261Z,12.744,12.756,0.0,7.4,0.0,0.0,0.0,0.0,0.0,0.0,0.0,0.0,1.0,0.0,0.0,0.0,9.0,4.0,0.0,0.0,0.0,0.0,0.0,0.0,0.0,0.0,5.0,12.0,1.0,12.19,5.01,2.51,1.49,0.0,0.0,0.0,301.1,0.0,-0.3,1.2000000000000002,-0.7000000000000001,95.8,0.0,0.0,264.2,0.0,21.4,21.9,21.9,23.4,300.0,300.0,29.3,32.1,28.0,27.200000000000003,29.1,4.95,1.99,4.96,0.16,0.0,0.0,1027.0,8228.0,0.0,0.0,0.0,0.0,0.0,1.0,0.0,0.0,0.0,0.0,0.0,0.8,0.0,-0.9,0.0,0.0,16.0,25903.0
2026-07-30T18:57:23.273Z,12.756,12.768,0.0,7.4,0.0,0.0,0.0,0.0,0.0,0.0,0.0,0.0,1.0,0.0,0.0,0.0,9.0,4.0,0.0,0.0,0.0,0.0,0.0,0.0,0.0,0.0,6.0,12.0,1.0,12.19,5.01,2.51,1.49,0.0,0.0,0.0,301.1,0.0,0.8,0.0,0.3,95.8,0.0,0.0,264.2,0.0,21.4,21.9,21.9,23.4,300.0,300.0,29.3,32.1,28.0,27.200000000000003,29.1,4.95,1.99,4.97,0.16,0.0,0.0,1027.0,8228.0,0.0,0.0,0.0,0.0,0.0,1.0,0.0,0.0,0.0,0.0,0.0,-0.3,0.0,-0.3,0.0,0.0,16.0,25903.0
2026-07-30T18:57:23.285Z,12.768,12.78,0.0,7.4,0.0,0.0,0.0,0.0,0.0,0.0,0.0,0.0,1.0,0.0,0.0,0.0,9.0,4.0,0.0,0.0,0.0,0.0,0.0,0.0,0.0,0.0,1.0,12.0,1.0,12.19,5.01,2.51,1.49,0.0,0.0,0.0,301.1,0.0,-0.3,0.0,-1.4,95.8,0.0,0.0,264.2,0.0,21.4,21.9,21.9,23.4,300.0,300.0,29.3,32.1,28.0,27.200000000000003,29.1,4.96,1.99,4.96,0.16,0.0,0.0,1027.0,8228.0,0.0,0.0,0.0,0.0,0.0,1.0,0.0,0.0,0.0,0.0,0.0,1.3,0.0,0.8,0.0,0.0,16.0,25903.0
2026-07-30T18:57:23.297Z,12.78,12.792,0.0,7.4,0.0,0.0,0.0,0.0,0.0,0.0,0.0,0.0,1.0,0.0,0.0,0.0,9.0,4.0,0.0,0.0,0.0,0.0,0.0,0.0,0.0,0.0,2.0,12.0,1.0,12.19,5.01,2.51,1.49,0.0,0.0,0.0,301.1,0.0,0.2,1.2000000000000002,-0.2,95.8,0.0,0.0,264.2,0.0,21.4,21.9,21.9,23.4,300.0,300.0,29.3,32.1,28.0,27.200000000000003,29.1,4.96,1.99,4.96,0.16,0.0,0.0,1027.0,8228.0,0.0,0.0,0.0,0.0,0.0,1.0,0.0,0.0,0.0,0.0,0.0,0.7000000000000001,0.0,0.4,0.0,0.0,16.0,25903.0
2026-07-30T18:57:23.309Z,12.792,12.804,0.0,7.4,0.0,0.0,0.0,0.0,0.0,0.0,0.0,0.0,1.0,0.0,0.0,0.0,9.0,4.0,0.0,0.0,0.0,0.0,0.0,0.0,0.0,0.0,3.0,12.0,1.0,12.19,5.01,2.51,1.49,0.0,0.0,0.0,301.1,0.0,0.2,1.2000000000000002,0.9,95.8,0.0,0.0,264.2,0.0,21.4,21.9,21.9,23.4,300.0,300.0,29.3,32.1,28.0,27.200000000000003,29.1,4.95,1.99,4.96,0.16,0.0,0.0,1027.0,8228.0,0.0,0.0,0.0,0.0,0.0,1.0,0.0,0.0,0.0,0.0,0.0,-0.7000000000000001,0.0,-2.0,0.0,0.0,16.0,25903.0
2026-07-30T18:57:23.321Z,12.804,12.816,0.0,7.4,0.0,0.0,0.0,0.0,0.0,0.0,0.0,0.0,1.0,0.0,0.0,0.0,9.0,4.0,0.0,0.0,0.0,0.0,0.0,0.0,0.0,0.0,4.0,12.0,1.0,12.19,5.01,2.51,1.49,0.0,0.0,0.0,301.1,0.0,-0.3,-0.5,-0.2,95.8,0.0,0.0,264.2,0.0,21.4,21.9,21.9,23.4,300.0,300.0,29.3,32.1,28.0,27.200000000000003,29.1,4.95,1.99,4.96,0.16,0.0,0.0,1027.0,8228.0,0.0,0.0,0.0,0.0,0.0,1.0,0.0,0.0,0.0,0.0,0.0,0.0,0.0,1.4,0.0,0.0,16.0,25903.0
2026-07-30T18:57:23.333Z,12.816,12.828,0.0,7.4,0.0,0.0,0.0,0.0,0.0,0.0,0.0,0.0,1.0,0.0,0.0,0.0,9.0,4.0,0.0,0.0,0.0,0.0,0.0,0.0,0.0,0.0,6.0,12.0,1.0,12.19,5.01,2.51,1.49,0.0,0.0,0.0,301.1,0.0,-0.3,1.2000000000000002,2.1,95.8,0.0,0.0,264.2,0.0,21.4,21.9,21.9,23.4,300.0,300.0,29.3,32.1,28.0,27.200000000000003,29.1,4.95,1.99,4.96,0.16,0.0,0.0,1027.0,8228.0,0.0,0.0,0.0,0.0,0.0,1.0,0.0,0.0,0.0,0.0,0.0,0.1,0.0,0.7000000000000001,0.0,0.0,16.0,25903.0
2026-07-30T18:57:23.345Z,12.828,12.84,0.0,7.4,0.0,0.0,0.0,0.0,0.0,0.0,0.0,0.0,1.0,0.0,0.0,0.0,9.0,4.0,0.0,0.0,0.0,0.0,0.0,0.0,0.0,0.0,1.0,12.0,1.0,12.19,5.01,2.51,1.49,0.0,0.0,0.0,301.1,0.0,0.7000000000000001,0.0,-1.3,95.8,0.0,0.0,264.3,0.0,21.4,21.9,21.9,23.4,300.0,300.0,29.3,32.1,28.0,27.200000000000003,29.1,4.95,1.99,4.97,0.16,0.0,0.0,1027.0,8228.0,0.0,0.0,0.0,0.0,0.0,1.0,0.0,0.0,0.0,0.0,0.0,-0.7000000000000001,0.0,-2.0,0.0,0.0,16.0,25903.0
2026-07-30T18:57:23.357Z,12.84,12.852,0.0,7.4,0.0,0.0,0.0,0.0,0.0,0.0,0.0,0.0,1.0,0.0,0.0,0.0,9.0,4.0,0.0,0.0,0.0,0.0,0.0,0.0,0.0,0.0,2.0,12.0,1.0,12.17,5.0200000000000005,2.5,1.5,0.0,0.0,0.0,301.1,0.0,0.7000000000000001,0.0,-0.1,95.8,0.0,0.0,264.2,0.0,21.4,22.0,22.0,23.5,300.0,300.0,29.200000000000003,32.1,28.0,27.200000000000003,29.1,4.95,1.99,4.97,0.16,0.0,0.0,1027.0,8228.0,0.0,0.0,0.0,0.0,0.0,1.0,0.0,0.0,0.0,0.0,0.0,1.2000000000000002,0.0,0.8,0.0,0.0,16.0,25903.0
2026-07-30T18:57:23.369Z,12.852,12.864,0.0,7.4,0.0,0.0,0.0,0.0,0.0,0.0,0.0,0.0,1.0,0.0,0.0,0.0,9.0,4.0,0.0,0.0,0.0,0.0,0.0,0.0,0.0,0.0,4.0,12.0,1.0,12.17,5.0200000000000005,2.5,1.5,0.0,0.0,0.0,301.1,0.0,-0.4,-0.5,-0.2,95.8,0.0,0.0,264.2,0.0,21.4,22.0,22.0,23.5,300.0,300.0,29.200000000000003,32.1,28.0,27.200000000000003,29.1,4.96,1.99,4.97,0.16,0.0,0.0,1027.0,8228.0,0.0,0.0,0.0,0.0,0.0,1.0,0.0,0.0,0.0,0.0,0.0,0.1,0.0,0.7000000000000001,0.0,0.0,16.0,25903.0
2026-07-30T18:57:23.381Z,12.864,12.876,0.0,7.4,0.0,0.0,0.0,0.0,0.0,0.0,0.0,0.0,1.0,0.0,0.0,0.0,9.0,4.0,0.0,0.0,0.0,0.0,0.0,0.0,0.0,0.0,6.0,12.0,1.0,12.17,5.0200000000000005,2.5,1.5,0.0,0.1,0.0,301.1,0.0,0.2,0.1,0.3,95.8,0.0,0.0,264.2,0.0,21.4,22.0,22.0,23.5,300.0,300.0,29.200000000000003,32.1,28.0,27.200000000000003,29.1,4.95,1.99,4.97,0.16,0.0,0.0,1027.0,8228.0,0.0,0.0,0.0,0.0,0.0,1.0,0.0,0.0,0.0,0.0,0.0,-0.3,0.0,-0.3,0.0,0.0,16.0,25903.0
2026-07-30T18:57:23.393Z,12.876,12.888,0.0,7.4,0.0,0.0,0.0,0.0,0.0,0.0,0.0,0.0,1.0,0.0,0.0,0.0,9.0,4.0,0.0,0.0,0.0,0.0,0.0,0.0,0.0,0.0,1.0,12.0,1.0,12.17,5.0200000000000005,2.5,1.5,0.0,0.1,0.0,301.1,0.0,0.2,0.6000000000000001,0.4,95.8,0.0,0.0,264.2,0.0,21.4,22.0,22.0,23.5,300.0,300.0,29.200000000000003,32.1,28.0,27.200000000000003,29.1,4.95,1.99,4.96,0.16,0.0,0.0,1027.0,8228.0,0.0,0.0,0.0,0.0,0.0,1.0,0.0,0.0,0.0,0.0,0.0,-0.3,0.0,-1.0,0.0,0.0,16.0,25903.0
2026-07-30T18:57:23.405Z,12.888,12.9,0.0,7.4,0.0,0.0,0.0,0.0,0.0,0.0,0.0,0.0,1.0,0.0,0.0,0.0,9.0,4.0,0.0,0.0,0.0,0.0,0.0,0.0,0.0,0.0,2.0,12.0,1.0,12.17,5.0200000000000005,2.5,1.5,0.0,0.1,0.0,301.1,0.0,0.2,0.0,-0.1,95.8,0.0,0.0,264.3,0.0,21.4,22.0,22.0,23.5,300.0,300.0,29.200000000000003,32.1,28.0,27.200000000000003,29.1,4.95,1.99,4.96,0.16,0.0,0.0,1027.0,8228.0,0.0,0.0,0.0,0.0,0.0,1.0,0.0,0.0,0.0,0.0,0.0,0.1,0.0,0.0,0.0,0.0,16.0,25903.0
2026-07-30T18:57:23.418Z,12.901,12.912,0.0,7.4,0.0,0.0,0.0,0.0,0.0,0.0,0.0,0.0,1.0,0.0,0.0,0.0,9.0,4.0,0.0,0.0,0.0,0.0,0.0,0.0,0.0,0.0,3.0,12.0,1.0,12.17,5.0200000000000005,2.5,1.5,0.0,0.0,0.0,301.1,0.0,0.2,-0.4,0.0,95.8,0.0,0.0,264.2,0.0,21.4,22.0,22.0,23.5,300.0,300.0,29.200000000000003,32.1,28.0,27.200000000000003,29.1,4.96,1.99,4.96,0.16,0.0,0.0,1027.0,8228.0,0.0,0.0,0.0,0.0,0.0,1.0,0.0,0.0,0.0,0.0,0.0,0.0,0.0,0.6000000000000001,0.0,0.0,16.0,25903.0
2026-07-30T18:57:23.429Z,12.912,12.924,0.0,7.4,0.0,0.0,0.0,0.0,0.0,0.0,0.0,0.0,1.0,0.0,0.0,0.0,9.0,4.0,0.0,0.0,0.0,0.0,0.0,0.0,0.0,0.0,3.0,12.0,1.0,12.17,5.0200000000000005,2.5,1.5,0.0,0.0,0.0,301.1,0.0,0.8,-0.4,0.5,95.8,0.0,0.0,264.2,0.0,21.4,22.0,22.0,23.5,300.0,300.0,29.200000000000003,32.1,28.0,27.200000000000003,29.1,4.97,1.99,4.97,0.16,0.0,0.0,1027.0,8228.0,0.0,0.0,0.0,0.0,0.0,1.0,0.0,0.0,0.0,0.0,0.0,-0.5,0.0,0.1,0.0,0.0,16.0,25903.0
2026-07-30T18:57:23.441Z,12.924,12.936,0.0,7.4,0.0,0.0,0.0,0.0,0.0,0.0,0.0,0.0,1.0,0.0,0.0,0.0,9.0,4.0,0.0,0.0,0.0,0.0,0.0,0.0,0.0,0.0,4.0,12.0,1.0,12.17,5.0200000000000005,2.5,1.5,0.0,0.0,0.0,301.2,0.0,-0.3,0.1,0.0,95.8,0.0,0.0,264.2,0.0,21.4,22.0,22.0,23.5,300.0,300.0,29.200000000000003,32.1,28.0,27.200000000000003,29.1,4.97,1.99,4.97,0.16,0.0,0.0,1027.0,8228.0,0.0,0.0,0.0,0.0,0.0,1.0,0.0,0.0,0.0,0.0,0.0,0.0,0.0,0.0,0.0,0.0,16.0,25903.0
2026-07-30T18:57:23.453Z,12.936,12.948,0.0,7.4,0.0,0.0,0.0,0.0,0.0,0.0,0.0,0.0,1.0,0.0,0.0,0.0,9.0,4.0,0.0,0.0,0.0,0.0,0.0,0.0,0.0,0.0,5.0,12.0,1.0,12.17,5.0200000000000005,2.5,1.5,0.0,0.0,0.0,301.1,0.0,-0.3,0.0,1.0,95.8,0.0,0.0,264.2,0.0,21.4,22.0,22.0,23.5,300.0,300.0,29.200000000000003,32.1,28.0,27.200000000000003,29.1,4.95,2.0,4.97,0.16,0.0,0.0,1027.0,8228.0,0.0,0.0,0.0,0.0,0.0,1.0,0.0,0.0,0.0,0.0,0.0,-1.0,0.0,-0.8,0.0,0.0,16.0,25903.0
2026-07-30T18:57:23.465Z,12.948,12.96,0.0,7.4,0.0,0.0,0.0,0.0,0.0,0.0,0.0,0.0,1.0,0.0,0.0,0.0,9.0,4.0,0.0,0.0,0.0,0.0,0.0,0.0,0.0,0.0,6.0,12.0,1.0,12.15,5.01,2.5,1.49,0.0,0.0,0.0,301.1,0.0,0.2,-0.4,0.4,95.8,0.0,0.0,264.2,0.0,21.8,22.0,22.0,23.6,300.0,300.0,29.200000000000003,32.1,28.0,27.200000000000003,29.1,4.95,2.0,4.96,0.16,0.0,0.0,1027.0,8228.0,0.0,0.0,0.0,0.0,0.0,1.0,0.0,0.0,0.0,0.0,0.0,-0.5,0.0,0.2,0.0,0.0,16.0,25903.0
2026-07-30T18:57:23.478Z,12.961,12.972,0.0,7.4,0.0,0.0,0.0,0.0,0.0,0.0,0.0,0.0,1.0,0.0,0.0,0.0,9.0,4.0,0.0,0.0,0.0,0.0,0.0,0.0,0.0,0.0,1.0,12.0,1.0,12.15,5.01,2.5,1.49,0.0,0.0,0.0,301.1,0.0,0.2,-0.4,-1.2000000000000002,95.8,0.0,0.0,264.2,0.0,21.8,22.0,22.0,23.6,300.0,300.0,29.200000000000003,32.1,28.0,27.200000000000003,29.1,4.95,1.99,4.97,0.16,0.0,0.0,1027.0,8228.0,0.0,0.0,0.0,0.0,0.0,1.0,0.0,0.0,0.0,0.0,0.0,1.1,0.0,1.4,0.0,0.0,16.0,25903.0
2026-07-30T18:57:23.489Z,12.972,12.984,0.0,7.4,0.0,0.0,0.0,0.0,0.0,0.0,0.0,0.0,1.0,0.0,0.0,0.0,9.0,4.0,0.0,0.0,0.0,0.0,0.0,0.0,0.0,0.0,2.0,12.0,1.0,12.15,5.01,2.5,1.49,0.0,0.0,0.0,301.1,0.0,-0.2,0.0,1.0,95.8,0.0,0.0,264.2,0.0,21.8,22.0,22.0,23.6,300.0,300.0,29.200000000000003,32.1,28.0,27.200000000000003,29.1,4.95,1.99,4.96,0.16,0.0,0.0,1027.0,8228.0,0.0,0.0,0.0,0.0,0.0,1.0,0.0,0.0,0.0,0.0,0.0,-1.0,0.0,-0.8,0.0,0.0,16.0,25903.0
2026-07-30T18:57:23.501Z,12.984,12.996,0.0,7.4,0.0,0.0,0.0,0.0,0.0,0.0,0.0,0.0,1.0,0.0,0.0,0.0,9.0,4.0,0.0,0.0,0.0,0.0,0.0,0.0,0.0,0.0,3.0,12.0,1.0,12.15,5.01,2.5,1.49,0.0,0.0,0.0,301.1,0.0,-0.2,1.2000000000000002,0.0,95.8,0.0,0.0,264.2,0.0,21.8,22.0,22.0,23.6,300.0,300.0,29.200000000000003,32.1,28.0,27.200000000000003,29.1,4.96,1.99,4.96,0.16,0.0,0.0,1027.0,8228.0,0.0,0.0,0.0,0.0,0.0,1.0,0.0,0.0,0.0,0.0,0.0,0.1,0.0,-1.4,0.0,0.0,16.0,25903.0
2026-07-30T18:57:23.513Z,12.996,13.008,0.0,7.4,0.0,0.0,0.0,0.0,0.0,0.0,0.0,0.0,1.0,0.0,0.0,0.0,9.0,4.0,0.0,0.0,0.0,0.0,0.0,0.0,0.0,0.0,5.0,12.0,1.0,12.15,5.01,2.5,1.49,0.0,0.0,0.0,301.1,0.0,0.3,0.0,1.0,95.8,0.0,0.0,264.2,0.0,21.8,22.0,22.0,23.6,300.0,300.0,29.200000000000003,32.1,28.0,27.200000000000003,29.1,4.95,1.99,4.97,0.16,0.0,0.0,1027.0,8228.0,0.0,0.0,0.0,0.0,0.0,1.0,0.0,0.0,0.0,0.0,0.0,-1.0,0.0,-0.8,0.0,0.0,16.0,25903.0
2026-07-30T18:57:23.525Z,13.008,13.02,0.0,7.4,0.0,0.0,0.0,0.0,0.0,0.0,0.0,0.0,1.0,0.0,0.0,0.0,9.0,4.0,0.0,0.0,0.0,0.0,0.0,0.0,0.0,0.0,6.0,12.0,1.0,12.15,5.01,2.5,1.49,0.0,0.0,0.0,301.1,0.0,-0.8,-1.0,0.4,95.8,0.0,0.0,264.2,0.0,21.8,22.0,22.0,23.6,300.0,300.0,29.200000000000003,32.1,28.0,27.200000000000003,29.1,4.96,1.99,4.96,0.16,0.0,0.0,1027.0,8228.0,0.0,0.0,0.0,0.0,0.0,1.0,0.0,0.0,0.0,0.0,0.0,-0.5,0.0,0.9,0.0,0.0,16.0,25903.0
2026-07-30T18:57:23.537Z,13.02,13.032,0.0,7.4,0.0,0.0,0.0,0.0,0.0,0.0,0.0,0.0,1.0,0.0,0.0,0.0,9.0,4.0,0.0,0.0,0.0,0.0,0.0,0.0,0.0,0.0,1.0,12.0,1.0,12.15,5.01,2.5,1.49,0.0,0.0,0.0,301.1,0.0,0.3,0.0,-0.7000000000000001,95.8,0.0,0.0,264.2,0.0,21.8,22.0,22.0,23.6,300.0,300.0,29.200000000000003,32.1,28.0,27.200000000000003,29.1,4.96,2.0,4.97,0.16,0.0,0.0,1027.0,8228.0,0.0,0.0,0.0,0.0,0.0,1.0,0.0,0.0,0.0,0.0,0.0,0.6000000000000001,0.0,0.3,0.0,0.0,16.0,25903.0
2026-07-30T18:57:23.549Z,13.032,13.044,0.0,7.4,0.0,0.0,0.0,0.0,0.0,0.0,0.0,0.0,1.0,0.0,0.0,0.0,9.0,4.0,0.0,0.0,0.0,0.0,0.0,0.0,0.0,0.0,2.0,12.0,1.0,12.15,5.01,2.5,1.49,0.0,0.0,0.0,301.1,0.0,0.3,-0.4,-0.6000000000000001,95.8,0.0,0.0,264.2,0.0,21.8,22.0,22.0,23.6,300.0,300.0,29.200000000000003,32.1,28.0,27.200000000000003,29.1,4.95,2.0,4.97,0.16,0.0,0.0,1027.0,8228.0,0.0,0.0,0.0,0.0,0.0,1.0,0.0,0.0,0.0,0.0,0.0,0.5,0.0,1.0,0.0,0.0,16.0,25903.0
2026-07-30T18:57:23.562Z,13.045,13.056,0.0,7.4,0.0,0.0,0.0,0.0,0.0,0.0,0.0,0.0,1.0,0.0,0.0,0.0,9.0,4.0,0.0,0.0,0.0,0.0,0.0,0.0,0.0,0.0,3.0,12.0,1.0,12.17,5.0200000000000005,2.51,1.49,0.0,0.0,0.0,301.1,0.0,-0.2,0.1,1.0,95.8,0.0,0.0,264.2,0.0,21.9,22.1,22.1,23.700000000000003,300.0,300.0,29.3,32.1,28.0,27.200000000000003,29.1,4.95,2.0,4.97,0.16,0.0,0.0,1027.0,8228.0,0.0,0.0,0.0,0.0,0.0,1.0,0.0,0.0,0.0,0.0,0.0,-0.9,0.0,-0.8,0.0,0.0,16.0,25903.0
2026-07-30T18:57:23.573Z,13.056,13.068,0.0,7.4,0.0,0.0,0.0,0.0,0.0,0.0,0.0,0.0,1.0,0.0,0.0,0.0,9.0,4.0,0.0,0.0,0.0,0.0,0.0,0.0,0.0,0.0,4.0,12.0,1.0,12.17,5.0200000000000005,2.51,1.49,0.0,0.0,0.0,301.1,0.0,0.2,0.0,1.0,95.8,0.0,0.0,264.2,0.0,21.9,22.1,22.1,23.700000000000003,300.0,300.0,29.3,32.1,28.0,27.200000000000003,29.1,4.96,1.99,4.96,0.16,0.0,0.0,1027.0,8228.0,0.0,0.0,0.0,0.0,0.0,1.0,0.0,0.0,0.0,0.0,0.0,-0.9,0.0,-0.7000000000000001,0.0,0.0,16.0,25903.0
2026-07-30T18:57:23.585Z,13.068,13.08,0.0,7.4,0.0,0.0,0.0,0.0,0.0,0.0,0.0,0.0,1.0,0.0,0.0,0.0,9.0,4.0,0.0,0.0,0.0,0.0,0.0,0.0,0.0,0.0,5.0,12.0,1.0,12.17,5.0200000000000005,2.51,1.49,0.0,0.0,0.0,301.1,0.0,-0.2,-0.4,-1.2000000000000002,95.8,0.0,0.0,264.2,0.0,21.9,22.1,22.1,23.700000000000003,300.0,300.0,29.3,32.1,28.0,27.200000000000003,29.1,4.96,1.99,4.97,0.16,0.0,0.0,1027.0,8228.0,0.0,0.0,0.0,0.0,0.0,1.0,0.0,0.0,0.0,0.0,0.0,1.1,0.0,1.4,0.0,0.0,16.0,25903.0
2026-07-30T18:57:23.597Z,13.08,13.092,0.0,7.4,0.0,0.0,0.0,0.0,0.0,0.0,0.0,0.0,1.0,0.0,0.0,0.0,9.0,4.0,0.0,0.0,0.0,0.0,0.0,0.0,0.0,0.0,6.0,12.0,1.0,12.17,5.0200000000000005,2.51,1.49,0.0,0.0,0.0,301.1,0.0,0.2,1.2000000000000002,-1.3,95.8,0.0,0.0,264.2,0.0,21.9,22.1,22.1,23.700000000000003,300.0,300.0,29.3,32.1,28.0,27.200000000000003,29.1,4.95,1.99,4.97,0.17,0.0,0.0,1027.0,8228.0,0.0,0.0,0.0,0.0,0.0,1.0,0.0,0.0,0.0,0.0,0.0,1.3,0.0,-0.5,0.0,0.0,16.0,25903.0
2026-07-30T18:57:23.610Z,13.093,13.104,0.0,7.4,0.0,0.0,0.0,0.0,0.0,0.0,0.0,0.0,1.0,0.0,0.0,0.0,9.0,4.0,0.0,0.0,0.0,0.0,0.0,0.0,0.0,0.0,1.0,12.0,1.0,12.17,5.0200000000000005,2.51,1.49,0.0,0.0,0.0,301.1,0.0,-0.3,-1.6,-1.3,95.8,0.0,0.0,264.2,0.0,21.9,22.1,22.1,23.700000000000003,300.0,300.0,29.3,32.1,28.0,27.200000000000003,29.1,4.96,1.99,4.96,0.16,0.0,0.0,1027.0,8228.0,0.0,0.0,0.0,0.0,0.0,1.0,0.0,0.0,0.0,0.0,0.0,1.0,0.0,2.8000000000000003,0.0,0.0,16.0,25903.0
2026-07-30T18:57:23.621Z,13.104,13.116,0.0,7.4,0.0,0.0,0.0,0.0,0.0,0.0,0.0,0.0,1.0,0.0,0.0,0.0,9.0,4.0,0.0,0.0,0.0,0.0,0.0,0.0,0.0,0.0,1.0,12.0,1.0,12.17,5.0200000000000005,2.51,1.49,0.0,0.0,0.0,301.1,0.0,-0.3,0.0,2.1,95.8,0.0,0.0,264.2,0.0,21.9,22.1,22.1,23.700000000000003,300.0,300.0,29.3,32.1,28.0,27.200000000000003,29.1,4.95,1.99,4.96,0.16,0.0,0.0,1027.0,8228.0,0.0,0.0,0.0,0.0,0.0,1.0,0.0,0.0,0.0,0.0,0.0,-2.0,0.0,-1.5,0.0,0.0,16.0,25903.0
2026-07-30T18:57:23.633Z,13.116,13.128,0.0,7.4,0.0,0.0,0.0,0.0,0.0,0.0,0.0,0.0,1.0,0.0,0.0,0.0,9.0,4.0,0.0,0.0,0.0,0.0,0.0,0.0,0.0,0.0,2.0,12.0,1.0,12.17,5.0200000000000005,2.51,1.49,0.0,0.1,0.0,301.1,0.0,-0.3,0.0,-0.7000000000000001,95.8,0.0,0.0,264.2,0.0,21.9,22.1,22.1,23.700000000000003,300.0,300.0,29.3,32.1,28.0,27.200000000000003,29.1,4.95,1.99,4.97,0.16,0.0,0.0,1027.0,8228.0,0.0,0.0,0.0,0.0,0.0,1.0,0.0,0.0,0.0,0.0,0.0,0.7000000000000001,0.0,0.4,0.0,0.0,16.0,25903.0
2026-07-30T18:57:23.645Z,13.128,13.14,0.0,7.4,0.0,0.0,0.0,0.0,0.0,0.0,0.0,0.0,1.0,0.0,0.0,0.0,9.0,4.0,0.0,0.0,0.0,0.0,0.0,0.0,0.0,0.0,4.0,12.0,1.0,12.17,5.0200000000000005,2.51,1.49,0.0,0.0,0.0,301.1,0.0,0.3,0.6000000000000001,-0.1,95.8,0.0,0.0,264.2,0.0,21.9,22.1,22.1,23.700000000000003,300.0,300.0,29.3,32.1,28.0,27.200000000000003,29.1,4.95,1.99,4.97,0.16,0.0,0.0,1027.0,8228.0,0.0,0.0,0.0,0.0,0.0,1.0,0.0,0.0,0.0,0.0,0.0,0.2,0.0,-0.6000000000000001,0.0,0.0,16.0,25903.0
2026-07-30T18:57:23.658Z,13.141,13.152,0.0,7.4,0.0,0.0,0.0,0.0,0.0,0.0,0.0,0.0,1.0,0.0,0.0,0.0,9.0,4.0,0.0,0.0,0.0,0.0,0.0,0.0,0.0,0.0,5.0,12.0,1.0,12.17,5.0200000000000005,2.51,1.49,0.0,0.0,0.0,301.1,0.0,-0.2,-0.5,-1.3,95.8,0.0,0.0,264.3,0.0,21.9,22.1,22.1,23.700000000000003,300.0,300.0,29.3,32.1,28.0,27.200000000000003,29.1,4.96,1.99,4.96,0.16,0.0,0.0,1027.0,8228.0,0.0,0.0,0.0,0.0,0.0,1.0,0.0,0.0,0.0,0.0,0.0,1.1,0.0,1.4,0.0,0.0,16.0,25903.0
2026-07-30T18:57:23.669Z,13.152,13.164,0.0,7.4,0.0,0.0,0.0,0.0,0.0,0.0,0.0,0.0,1.0,0.0,0.0,0.0,9.0,4.0,0.0,0.0,0.0,0.0,0.0,0.0,0.0,0.0,6.0,12.0,1.0,12.17,5.01,2.5,1.49,0.0,0.0,0.0,301.1,0.0,1.5,1.2000000000000002,1.0,95.8,0.0,0.0,264.2,0.0,21.3,22.200000000000003,22.200000000000003,23.8,300.0,300.0,29.200000000000003,32.1,28.0,27.200000000000003,29.1,4.95,1.99,4.97,0.16,0.0,0.0,1027.0,8228.0,0.0,0.0,0.0,0.0,0.0,1.0,0.0,0.0,0.0,0.0,0.0,-0.8,0.0,-2.2,0.0,0.0,16.0,25903.0
2026-07-30T18:57:23.681Z,13.164,13.176,0.0,7.4,0.0,0.0,0.0,0.0,0.0,0.0,0.0,0.0,1.0,0.0,0.0,0.0,9.0,4.0,0.0,0.0,0.0,0.0,0.0,0.0,0.0,0.0,1.0,12.0,1.0,12.17,5.01,2.5,1.49,0.0,0.0,0.0,301.2,0.0,0.3,0.7000000000000001,1.1,95.8,0.0,0.0,264.2,0.0,21.3,22.200000000000003,22.200000000000003,23.8,300.0,300.0,29.200000000000003,32.1,28.0,27.200000000000003,29.1,4.95,1.99,4.96,0.16,0.0,0.0,1027.0,8228.0,0.0,0.0,0.0,0.0,0.0,1.0,0.0,0.0,0.0,0.0,0.0,-0.9,0.0,-1.5,0.0,0.0,16.0,25903.0
2026-07-30T18:57:23.694Z,13.177,13.188,0.0,7.4,0.0,0.0,0.0,0.0,0.0,0.0,0.0,0.0,1.0,0.0,0.0,0.0,9.0,4.0,0.0,0.0,0.0,0.0,0.0,0.0,0.0,0.0,2.0,12.0,1.0,12.17,5.01,2.5,1.49,0.0,0.1,0.0,301.1,0.0,-0.8,0.7000000000000001,0.0,95.8,0.0,0.0,264.3,0.0,21.3,22.200000000000003,22.200000000000003,23.8,300.0,300.0,29.200000000000003,32.1,28.0,27.200000000000003,29.1,4.96,1.99,4.96,0.16,0.0,0.0,1027.0,8228.0,0.0,0.0,0.0,0.0,0.0,1.0,0.0,0.0,0.0,0.0,0.0,0.1,0.0,-0.8,0.0,0.0,16.0,25903.0
2026-07-30T18:57:23.705Z,13.188,13.2,0.0,7.4,0.0,0.0,0.0,0.0,0.0,0.0,0.0,0.0,1.0,0.0,0.0,0.0,9.0,4.0,0.0,0.0,0.0,0.0,0.0,0.0,0.0,0.0,3.0,12.0,1.0,12.17,5.01,2.5,1.49,0.0,0.0,0.0,301.1,0.0,0.3,0.7000000000000001,0.5,95.8,0.0,0.0,264.2,0.0,21.3,22.200000000000003,22.200000000000003,23.8,300.0,300.0,29.200000000000003,32.1,28.0,27.200000000000003,29.1,4.95,1.99,4.96,0.16,0.0,0.0,1027.0,8228.0,0.0,0.0,0.0,0.0,0.0,1.0,0.0,0.0,0.0,0.0,0.0,-0.4,0.0,-1.2000000000000002,0.0,0.0,16.0,25903.0
2026-07-30T18:57:23.717Z,13.2,13.212,0.0,7.4,0.0,0.0,0.0,0.0,0.0,0.0,0.0,0.0,1.0,0.0,0.0,0.0,9.0,4.0,0.0,0.0,0.0,0.0,0.0,0.0,0.0,0.0,5.0,12.0,1.0,12.17,5.01,2.5,1.49,-0.1,0.0,0.0,301.1,0.0,0.3,-1.0,0.5,95.8,0.0,0.0,264.2,0.0,21.3,22.200000000000003,22.200000000000003,23.8,300.0,300.0,29.200000000000003,32.1,28.0,27.200000000000003,29.1,4.95,1.99,4.96,0.16,0.0,0.0,1027.0,8228.0,0.0,0.0,0.0,0.0,0.0,1.0,0.0,0.0,0.0,0.0,0.0,-0.6000000000000001,0.0,0.8,0.0,0.0,16.0,25903.0
2026-07-30T18:57:23.729Z,13.212,13.224,-0.1,7.4,0.0,0.0,0.0,0.0,0.0,0.0,0.0,0.0,1.0,0.0,0.0,0.0,9.0,4.0,0.0,0.0,0.0,0.0,0.0,0.0,0.0,0.0,6.0,12.0,1.0,12.17,5.01,2.5,1.49,0.0,0.0,0.0,301.2,0.0,-0.2,-0.4,-1.1,95.8,0.0,0.0,264.2,0.0,21.3,22.200000000000003,22.200000000000003,23.8,300.0,300.0,29.200000000000003,32.1,28.0,27.200000000000003,29.1,4.95,1.99,4.96,0.16,0.0,0.0,1027.0,8228.0,0.0,0.0,0.0,0.0,0.0,1.0,0.0,0.0,0.0,0.0,0.0,1.0,0.0,1.2000000000000002,0.0,0.0,16.0,25903.0
2026-07-30T18:57:23.742Z,13.225,13.236,0.0,7.4,0.0,0.0,0.0,0.0,0.0,0.0,0.0,0.0,1.0,0.0,0.0,0.0,9.0,4.0,0.0,0.0,0.0,0.0,0.0,0.0,0.0,0.0,1.0,12.0,1.0,12.17,5.01,2.5,1.49,0.0,0.0,0.0,301.2,0.0,-0.8,0.1,0.0,95.8,0.0,0.0,264.2,0.0,21.3,22.200000000000003,22.200000000000003,23.8,300.0,300.0,29.200000000000003,32.1,28.0,27.200000000000003,29.1,4.96,1.99,4.96,0.16,0.0,0.0,1027.0,8228.0,0.0,0.0,0.0,0.0,0.0,1.0,0.0,0.0,0.0,0.0,0.0,0.0,0.0,-0.1,0.0,0.0,16.0,25903.0
2026-07-30T18:57:23.753Z,13.236,13.248,0.0,7.4,0.0,0.0,0.0,0.0,0.0,0.0,0.0,0.0,1.0,0.0,0.0,0.0,9.0,4.0,0.0,0.0,0.0,0.0,0.0,0.0,0.0,0.0,1.0,12.0,1.0,12.17,5.01,2.5,1.49,0.0,0.0,0.0,301.1,0.0,0.3,0.1,-0.5,95.8,0.0,0.0,264.2,0.0,21.3,22.200000000000003,22.200000000000003,23.8,300.0,300.0,29.200000000000003,32.1,28.0,27.200000000000003,29.1,4.95,1.99,4.97,0.16,0.0,0.0,1027.0,8228.0,0.0,0.0,0.0,0.0,0.0,1.0,0.0,0.0,0.0,0.0,0.0,0.5,0.0,0.2,0.0,0.0,16.0,25903.0
2026-07-30T18:57:23.765Z,13.248,13.26,0.0,7.4,0.0,0.0,0.0,0.0,0.0,0.0,0.0,0.0,1.0,0.0,0.0,0.0,9.0,4.0,0.0,0.0,0.0,0.0,0.0,0.0,0.0,0.0,2.0,12.0,1.0,12.17,5.01,2.5,1.49,0.0,0.0,0.0,301.1,0.0,0.3,-1.0,-0.6000000000000001,95.8,0.0,0.0,264.2,0.0,21.200000000000003,22.3,22.3,23.8,300.0,300.0,29.3,32.1,28.0,27.200000000000003,29.1,4.96,1.99,4.96,0.16,0.0,0.0,1027.0,8228.0,0.0,0.0,0.0,0.0,0.0,1.0,0.0,0.0,0.0,0.0,0.0,0.4,0.0,1.6,0.0,0.0,16.0,25903.0
2026-07-30T18:57:23.777Z,13.26,13.272,-0.1,7.4,0.0,0.0,0.0,0.0,0.0,0.0,0.0,0.0,1.0,0.0,0.0,0.0,9.0,4.0,0.0,0.0,0.0,0.0,0.0,0.0,0.0,0.0,3.0,12.0,1.0,12.17,5.01,2.5,1.49,0.0,0.0,0.0,301.1,0.0,0.8,0.1,-0.6000000000000001,95.8,0.0,0.0,264.2,0.0,21.200000000000003,22.3,22.3,23.8,300.0,300.0,29.3,32.1,28.0,27.200000000000003,29.1,4.96,2.0,4.96,0.16,0.0,0.0,1027.0,8228.0,0.0,0.0,0.0,0.0,0.0,1.0,0.0,0.0,0.0,0.0,0.0,0.6000000000000001,0.0,0.2,0.0,0.0,16.0,25903.0
2026-07-30T18:57:23.789Z,13.272,13.284,0.0,7.4,0.0,0.0,0.0,0.0,0.0,0.0,0.0,0.0,1.0,0.0,0.0,0.0,9.0,4.0,0.0,0.0,0.0,0.0,0.0,0.0,0.0,0.0,4.0,12.0,1.0,12.17,5.01,2.5,1.49,0.0,0.0,0.0,301.1,0.0,0.3,0.1,0.5,95.8,0.0,0.0,264.2,0.0,21.200000000000003,22.3,22.3,23.8,300.0,300.0,29.3,32.1,28.0,27.200000000000003,29.1,4.95,1.99,4.96,0.16,0.0,0.0,1027.0,8228.0,0.0,0.0,0.0,0.0,0.0,1.0,0.0,0.0,0.0,0.0,0.0,-0.5,0.0,-0.5,0.0,0.0,16.0,25903.0
2026-07-30T18:57:23.801Z,13.284,13.296,0.0,7.4,0.0,0.0,0.0,0.0,0.0,0.0,0.0,0.0,1.0,0.0,0.0,0.0,9.0,4.0,0.0,0.0,0.0,0.0,0.0,0.0,0.0,0.0,5.0,12.0,1.0,12.17,5.01,2.5,1.49,0.0,0.0,0.0,301.1,0.0,0.3,0.7000000000000001,1.1,95.8,0.0,0.0,264.3,0.0,21.200000000000003,22.3,22.3,23.8,300.0,300.0,29.3,32.1,28.0,27.200000000000003,29.1,4.95,1.99,4.97,0.16,0.0,0.0,1027.0,8228.0,0.0,0.0,0.0,0.0,0.0,1.0,0.0,0.0,0.0,0.0,0.0,0.9,0.0,1.9,0.0,0.0,16.0,25903.0
2026-07-30T18:57:23.813Z,13.296,13.308,-0.1,7.4,0.0,0.0,0.0,0.0,0.0,0.0,0.0,0.0,1.0,0.0,0.0,0.0,9.0,4.0,0.0,0.0,0.0,0.0,0.0,0.0,0.0,0.0,6.0,12.0,1.0,12.17,5.01,2.5,1.49,0.0,0.1,0.0,301.1,0.0,-0.2,-0.4,1.1,95.8,0.0,0.0,264.2,0.0,21.200000000000003,22.3,22.3,23.8,300.0,300.0,29.3,32.1,28.0,27.200000000000003,29.1,4.96,1.99,4.96,0.16,0.0,0.0,1027.0,8228.0,0.0,0.0,0.0,0.0,0.0,1.0,0.0,0.0,0.0,0.0,0.0,-1.1,0.0,-0.2,0.0,0.0,16.0,25903.0
2026-07-30T18:57:23.825Z,13.308,13.32,-0.1,7.4,0.0,0.0,0.0,0.0,0.0,0.0,0.0,0.0,1.0,0.0,0.0,0.0,9.0,4.0,0.0,0.0,0.0,0.0,0.0,0.0,0.0,0.0,1.0,12.0,1.0,12.17,5.01,2.5,1.49,0.0,0.0,0.0,301.1,0.0,0.9,0.0,1.1,95.8,0.0,0.0,264.2,0.0,21.200000000000003,22.3,22.3,23.8,300.0,300.0,29.3,32.1,28.0,27.200000000000003,29.1,4.96,1.99,4.97,0.16,0.0,0.0,1027.0,8228.0,0.0,0.0,0.0,0.0,0.0,1.0,0.0,0.0,0.0,0.0,0.0,-1.0,0.0,-0.8,0.0,0.0,16.0,25903.0
2026-07-30T18:57:23.837Z,13.32,13.332,0.0,7.4,0.0,0.0,0.0,0.0,0.0,0.0,0.0,0.0,1.0,0.0,0.0,0.0,9.0,4.0,0.0,0.0,0.0,0.0,0.0,0.0,0.0,0.0,2.0,12.0,1.0,12.17,5.01,2.5,1.49,0.0,0.0,0.0,301.1,0.0,-0.2,-0.5,-0.6000000000000001,95.8,0.0,0.0,264.2,0.0,21.200000000000003,22.3,22.3,23.8,300.0,300.0,29.3,32.1,28.0,27.200000000000003,29.1,4.95,1.99,4.97,0.16,0.0,0.0,1027.0,8228.0,0.0,0.0,0.0,0.0,0.0,1.0,0.0,0.0,0.0,0.0,0.0,-0.4,0.0,-0.4,0.0,0.0,16.0,25903.0
2026-07-30T18:57:23.850Z,13.333,13.344,0.0,7.4,0.0,0.0,0.0,0.0,0.0,0.0,0.0,0.0,1.0,0.0,0.0,0.0,9.0,4.0,0.0,0.0,0.0,0.0,0.0,0.0,0.0,0.0,3.0,12.0,1.0,12.17,5.01,2.5,1.49,0.0,0.0,0.0,301.1,0.0,0.8,0.0,0.5,95.8,0.0,0.0,264.2,0.0,21.200000000000003,22.3,22.3,23.8,300.0,300.0,29.3,32.1,28.0,27.200000000000003,29.1,4.96,1.99,4.96,0.16,0.0,0.0,1027.0,8228.0,0.0,0.0,0.0,0.0,0.0,1.0,0.0,0.0,0.0,0.0,0.0,0.6000000000000001,0.0,-0.3,0.0,0.0,16.0,25903.0
2026-07-30T18:57:23.861Z,13.344,13.356,0.0,7.4,0.0,0.0,0.0,0.0,0.0,0.0,0.0,0.0,1.0,0.0,0.0,0.0,9.0,4.0,0.0,0.0,0.0,0.0,0.0,0.0,0.0,0.0,4.0,12.0,1.0,12.17,5.01,2.5,1.49,0.0,0.0,0.0,301.2,0.0,-0.3,0.5,1.6,95.8,0.0,0.0,264.2,0.0,21.200000000000003,22.3,22.3,23.8,300.0,300.0,29.3,32.1,28.0,27.200000000000003,29.1,4.96,1.99,4.96,0.16,0.0,0.0,1027.0,8228.0,0.0,0.0,0.0,0.0,0.0,1.0,0.0,0.0,0.0,0.0,0.0,0.0,0.0,0.7000000000000001,0.0,0.0,16.0,25903.0
2026-07-30T18:57:23.873Z,13.356,13.368,0.0,7.4,0.0,0.0,0.0,0.0,0.0,0.0,0.0,0.0,1.0,0.0,0.0,0.0,9.0,4.0,0.0,0.0,0.0,0.0,0.0,0.0,0.0,0.0,6.0,12.0,1.0,12.15,5.01,2.51,1.49,0.0,0.0,0.0,301.1,0.0,-0.3,0.5,-0.7000000000000001,95.8,0.0,0.0,264.2,0.0,21.700000000000003,22.3,22.3,23.9,300.0,300.0,29.4,32.1,28.0,27.200000000000003,29.1,4.96,1.99,4.96,0.16,0.0,0.0,1027.0,8228.0,0.0,0.0,0.0,0.0,0.0,1.0,0.0,0.0,0.0,0.0,0.0,0.1,0.0,0.1,0.0,0.0,16.0,25903.0
2026-07-30T18:57:23.885Z,13.368,13.38,0.0,7.4,0.0,0.0,0.0,0.0,0.0,0.0,0.0,0.0,1.0,0.0,0.0,0.0,9.0,4.0,0.0,0.0,0.0,0.0,0.0,0.0,0.0,0.0,6.0,12.0,1.0,12.15,5.01,2.51,1.49,0.0,0.0,0.0,301.1,0.0,-1.5,0.0,0.4,95.8,0.0,0.0,264.2,0.0,21.700000000000003,22.3,22.3,23.9,300.0,300.0,29.4,32.1,28.0,27.200000000000003,29.1,4.95,2.0,4.96,0.16,0.0,0.0,1027.0,8228.0,0.0,0.0,0.0,0.0,0.0,1.0,0.0,0.0,0.0,0.0,0.0,-0.3,0.0,-0.2,0.0,0.0,16.0,25903.0
2026-07-30T18:57:23.897Z,13.38,13.392,0.0,7.4,0.0,0.0,0.0,0.0,0.0,0.0,0.0,0.0,1.0,0.0,0.0,0.0,9.0,4.0,0.0,0.0,0.0,0.0,0.0,0.0,0.0,0.0,2.0,12.0,1.0,12.15,5.01,2.51,1.49,0.0,0.0,0.0,301.2,0.0,-0.3,-0.5,-0.1,95.8,0.0,0.0,264.3,0.0,21.700000000000003,22.3,22.3,23.9,300.0,300.0,29.4,32.1,28.0,27.200000000000003,29.1,4.96,2.0,4.96,0.16,0.0,0.0,1027.0,8228.0,0.0,0.0,0.0,0.0,0.0,1.0,0.0,0.0,0.0,0.0,0.0,0.0,0.0,0.7000000000000001,0.0,0.0,16.0,25903.0
2026-07-30T18:57:23.909Z,13.392,13.404,0.0,7.4,0.0,0.0,0.0,0.0,0.0,0.0,0.0,0.0,1.0,0.0,0.0,0.0,9.0,4.0,0.0,0.0,0.0,0.0,0.0,0.0,0.0,0.0,3.0,12.0,1.0,12.15,5.01,2.51,1.49,0.0,0.0,0.0,301.1,0.0,0.2,-0.6000000000000001,-0.7000000000000001,95.8,0.0,0.0,264.2,0.0,21.700000000000003,22.3,22.3,23.9,300.0,300.0,29.4,32.1,28.0,27.200000000000003,29.1,4.95,1.99,4.97,0.16,0.0,0.0,1027.0,8228.0,0.0,0.0,0.0,0.0,0.0,1.0,0.0,0.0,0.0,0.0,0.0,0.6000000000000001,0.0,1.2000000000000002,0.0,0.0,16.0,25903.0
2026-07-30T18:57:23.921Z,13.404,13.416,0.0,7.4,0.0,0.0,0.0,0.0,0.0,0.0,0.0,0.0,1.0,0.0,0.0,0.0,9.0,4.0,0.0,0.0,0.0,0.0,0.0,0.0,0.0,0.0,4.0,12.0,1.0,12.15,5.01,2.51,1.49,0.0,0.0,0.0,301.1,0.0,0.2,0.0,-0.7000000000000001,95.8,0.0,0.0,264.2,0.0,21.700000000000003,22.3,22.3,23.9,300.0,300.0,29.4,32.1,28.0,27.200000000000003,29.1,4.95,1.99,4.96,0.16,0.0,0.0,1027.0,8228.0,0.0,0.0,0.0,0.0,0.0,1.0,0.0,0.0,0.0,0.0,0.0,0.7000000000000001,0.0,0.5,0.0,0.0,16.0,25903.0
2026-07-30T18:57:23.934Z,13.417,13.428,0.0,7.4,0.0,0.0,0.0,0.0,0.0,0.0,0.0,0.0,1.0,0.0,0.0,0.0,9.0,4.0,0.0,0.0,0.0,0.0,0.0,0.0,0.0,0.0,5.0,12.0,1.0,12.15,5.01,2.51,1.49,0.0,0.0,0.0,301.1,0.0,-0.3,0.0,-0.1,95.8,0.0,0.0,264.2,0.0,21.700000000000003,22.3,22.3,23.9,300.0,300.0,29.4,32.1,28.0,27.200000000000003,29.1,4.96,1.99,4.96,0.16,0.0,0.0,1027.0,8228.0,0.0,0.0,0.0,0.0,0.0,1.0,0.0,0.0,0.0,0.0,0.0,0.1,0.0,0.0,0.0,0.0,16.0,25903.0
2026-07-30T18:57:23.945Z,13.428,13.44,0.0,7.4,0.0,0.0,0.0,0.0,0.0,0.0,0.0,0.0,1.0,0.0,0.0,0.0,9.0,4.0,0.0,0.0,0.0,0.0,0.0,0.0,0.0,0.0,6.0,12.0,1.0,12.15,5.01,2.51,1.49,0.0,0.0,0.0,301.1,0.0,-0.3,-0.5,-1.3,95.8,0.0,0.0,264.2,0.0,21.700000000000003,22.3,22.3,23.9,300.0,300.0,29.4,32.1,28.0,27.200000000000003,29.1,4.95,1.99,4.97,0.16,0.0,0.0,1027.0,8228.0,0.0,0.0,0.0,0.0,0.0,1.0,0.0,0.0,0.0,0.0,0.0,1.1,0.0,1.5,0.0,0.0,16.0,25903.0
2026-07-30T18:57:23.957Z,13.44,13.452,0.0,7.4,0.0,0.0,0.0,0.0,0.0,0.0,0.0,0.0,1.0,0.0,0.0,0.0,9.0,4.0,0.0,0.0,0.0,0.0,0.0,0.0,0.0,0.0,2.0,12.0,1.0,12.15,5.01,2.51,1.49,0.0,0.0,0.0,301.1,0.0,-0.3,0.6000000000000001,-0.1,95.8,0.0,0.0,264.2,0.0,21.700000000000003,22.3,22.3,23.9,300.0,300.0,29.4,32.1,28.0,27.200000000000003,29.1,4.95,1.99,4.96,0.16,0.0,0.0,1027.0,8228.0,0.0,0.0,0.0,0.0,0.0,1.0,0.0,0.0,0.0,0.0,0.0,0.2,0.0,-0.6000000000000001,0.0,0.0,16.0,25903.0
2026-07-30T18:57:23.969Z,13.452,13.464,0.0,7.4,0.0,0.0,0.0,0.0,0.0,0.0,0.0,0.0,1.0,0.0,0.0,0.0,9.0,4.0,0.0,0.0,0.0,0.0,0.0,0.0,0.0,0.0,2.0,12.0,1.0,12.17,5.0200000000000005,2.51,1.49,0.0,0.0,0.0,301.1,0.0,1.4,1.7000000000000002,-0.1,95.8,0.0,0.0,264.40000000000003,0.0,21.700000000000003,22.4,22.4,24.0,300.0,300.0,29.4,32.1,27.9,27.200000000000003,29.1,4.95,1.99,4.96,0.16,0.0,0.0,1027.0,8228.0,0.0,0.0,0.0,0.0,0.0,1.0,0.0,0.0,0.0,0.0,0.0,0.3,0.0,-1.8,0.0,0.0,16.0,25903.0
2026-07-30T18:57:23.981Z,13.464,13.476,0.0,7.4,0.0,0.0,0.0,0.0,0.0,0.0,0.0,0.0,1.0,0.0,0.0,0.0,9.0,4.0,0.0,0.0,0.0,0.0,0.0,0.0,0.0,0.0,3.0,12.0,1.0,12.17,5.0200000000000005,2.51,1.49,0.0,0.1,0.0,301.1,0.0,-0.3,-0.5,-0.1,95.8,0.0,0.0,264.2,0.0,21.700000000000003,22.4,22.4,24.0,300.0,300.0,29.4,32.1,27.9,27.200000000000003,29.1,4.96,1.99,4.96,0.16,0.0,0.0,1027.0,8228.0,0.0,0.0,0.0,0.0,0.0,1.0,0.0,0.0,0.0,0.0,0.0,0.0,0.0,0.7000000000000001,0.0,0.0,16.0,25903.0
2026-07-30T18:57:23.993Z,13.476,13.488,0.0,7.4,0.0,0.0,0.0,0.0,0.0,0.0,0.0,0.0,1.0,0.0,0.0,0.0,9.0,4.0,0.0,0.0,0.0,0.0,0.0,0.0,0.0,0.0,4.0,12.0,1.0,12.17,5.0200000000000005,2.51,1.49,0.0,0.0,0.0,301.1,0.0,-0.3,-0.5,1.0,95.8,0.0,0.0,264.3,0.0,21.700000000000003,22.4,22.4,24.0,300.0,300.0,29.4,32.1,27.9,27.200000000000003,29.1,4.95,1.99,4.97,0.16,0.0,0.0,1027.0,8228.0,0.0,0.0,0.0,0.0,0.0,1.0,0.0,0.0,0.0,0.0,0.0,-1.0,0.0,0.0,0.0,0.0,16.0,25903.0
2026-07-30T18:57:24.005Z,13.488,13.5,0.0,7.4,0.0,0.0,0.0,0.0,0.0,0.0,0.0,0.0,1.0,0.0,0.0,0.0,9.0,4.0,0.0,0.0,0.0,0.0,0.0,0.0,0.0,0.0,6.0,12.0,1.0,12.17,5.0200000000000005,2.51,1.49,0.0,0.1,0.0,301.1,0.0,-0.3,0.0,-0.7000000000000001,95.8,0.0,0.0,264.2,0.0,21.700000000000003,22.4,22.4,24.0,300.0,300.0,29.4,32.1,27.9,27.200000000000003,29.1,4.96,1.99,4.96,0.16,0.0,0.0,1027.0,8228.0,0.0,0.0,0.0,0.0,0.0,1.0,0.0,0.0,0.0,0.0,0.0,0.6000000000000001,0.0,0.4,0.0,0.0,16.0,25903.0
2026-07-30T18:57:24.017Z,13.5,13.512,0.0,7.4,0.0,0.0,0.0,0.0,0.0,0.0,0.0,0.0,1.0,0.0,0.0,0.0,9.0,4.0,0.0,0.0,0.0,0.0,0.0,0.0,0.0,0.0,1.0,12.0,1.0,12.17,5.0200000000000005,2.51,1.49,0.0,0.0,0.0,301.2,0.0,-0.3,-0.6000000000000001,-0.2,95.8,0.0,0.0,264.2,0.0,21.700000000000003,22.4,22.4,24.0,300.0,300.0,29.4,32.1,27.9,27.200000000000003,29.1,4.96,1.99,4.96,0.16,0.0,0.0,1027.0,8228.0,0.0,0.0,0.0,0.0,0.0,1.0,0.0,0.0,0.0,0.0,0.0,0.1,0.0,0.8,0.0,0.0,16.0,25903.0
2026-07-30T18:57:24.029Z,13.512,13.524,0.0,7.4,0.0,0.0,0.0,0.0,0.0,0.0,0.0,0.0,1.0,0.0,0.0,0.0,9.0,4.0,0.0,0.0,0.0,0.0,0.0,0.0,0.0,0.0,2.0,12.0,1.0,12.17,5.0200000000000005,2.51,1.49,-0.1,0.1,0.0,301.1,0.0,0.2,0.0,-2.5,95.8,0.0,0.0,264.2,0.0,21.700000000000003,22.4,22.4,24.0,300.0,300.0,29.4,32.1,27.9,27.200000000000003,29.1,4.95,1.99,4.96,0.16,0.0,0.0,1027.0,8228.0,0.0,0.0,0.0,0.0,0.0,1.0,0.0,0.0,0.0,0.0,0.0,2.3000000000000003,0.0,1.7000000000000002,0.0,0.0,16.0,25903.0
2026-07-30T18:57:24.041Z,13.524,13.536,0.0,7.4,0.0,0.0,0.0,0.0,0.0,0.0,0.0,0.0,1.0,0.0,0.0,0.0,9.0,4.0,0.0,0.0,0.0,0.0,0.0,0.0,0.0,0.0,3.0,12.0,1.0,12.17,5.0200000000000005,2.51,1.49,0.0,0.0,0.0,301.1,0.0,-0.3,-1.1,-0.7000000000000001,95.8,0.0,0.0,264.3,0.0,21.700000000000003,22.4,22.4,24.0,300.0,300.0,29.4,32.1,27.9,27.200000000000003,29.1,4.95,1.99,4.96,0.16,0.0,0.0,1027.0,8228.0,0.0,0.0,0.0,0.0,0.0,1.0,0.0,0.0,0.0,0.0,0.0,0.6000000000000001,0.0,1.8,0.0,0.0,16.0,25903.0
2026-07-30T18:57:24.054Z,13.537,13.548,0.0,7.4,0.0,0.0,0.0,0.0,0.0,0.0,0.0,0.0,1.0,0.0,0.0,0.0,9.0,4.0,0.0,0.0,0.0,0.0,0.0,0.0,0.0,0.0,4.0,12.0,1.0,12.17,5.0200000000000005,2.51,1.49,0.0,0.1,0.0,301.1,0.0,-0.9,-0.5,-0.8,95.8,0.0,0.0,264.2,0.0,21.700000000000003,22.4,22.4,24.0,300.0,300.0,29.4,32.1,27.9,27.200000000000003,29.1,4.96,1.99,4.96,0.16,0.0,0.0,1027.0,8228.0,0.0,0.0,0.0,0.0,0.0,1.0,0.0,0.0,0.0,0.0,0.0,0.6000000000000001,0.0,1.1,0.0,0.0,16.0,25903.0
2026-07-30T18:57:24.065Z,13.548,13.56,0.0,7.4,0.0,0.0,0.0,0.0,0.0,0.0,0.0,0.0,1.0,0.0,0.0,0.0,9.0,4.0,0.0,0.0,0.0,0.0,0.0,0.0,0.0,0.0,5.0,12.0,1.0,12.17,5.0200000000000005,2.51,1.49,0.0,0.0,0.0,301.1,0.0,0.2,0.6000000000000001,-0.1,95.8,0.0,0.0,264.2,0.0,21.700000000000003,22.4,22.4,24.0,300.0,300.0,29.4,32.1,27.9,27.200000000000003,29.1,4.96,1.99,4.96,0.16,0.0,0.0,1027.0,8228.0,0.0,0.0,0.0,0.0,0.0,1.0,0.0,0.0,0.0,0.0,0.0,0.2,0.0,-0.6000000000000001,0.0,0.0,16.0,25903.0
2026-07-30T18:57:24.077Z,13.56,13.572,0.0,7.4,0.0,0.0,0.0,0.0,0.0,0.0,0.0,0.0,1.0,0.0,0.0,0.0,9.0,4.0,0.0,0.0,0.0,0.0,0.0,0.0,0.0,0.0,6.0,12.0,1.0,12.14,5.0,2.51,1.49,0.0,0.0,0.0,301.2,0.0,0.2,0.0,0.4,95.8,0.0,0.0,264.2,0.0,21.4,22.5,22.5,24.0,300.0,300.0,29.4,32.0,28.0,27.200000000000003,29.1,4.95,1.98,4.96,0.16,0.0,0.0,1027.0,8228.0,0.0,0.0,0.0,0.0,0.0,1.0,0.0,0.0,0.0,0.0,0.0,-0.3,0.0,-0.3,0.0,0.0,16.0,25903.0
2026-07-30T18:57:24.089Z,13.572,13.584,0.0,7.4,0.0,0.0,0.0,0.0,0.0,0.0,0.0,0.0,1.0,0.0,0.0,0.0,9.0,4.0,0.0,0.0,0.0,0.0,0.0,0.0,0.0,0.0,1.0,12.0,1.0,12.14,5.0,2.51,1.49,0.0,0.0,0.0,301.1,0.0,0.8,0.0,-0.7000000000000001,95.8,0.0,0.0,264.2,0.0,21.4,22.5,22.5,24.0,300.0,300.0,29.4,32.0,28.0,27.200000000000003,29.1,4.96,1.98,4.97,0.16,0.0,0.0,1027.0,8228.0,0.0,0.0,0.0,0.0,0.0,1.0,0.0,0.0,0.0,0.0,0.0,0.6000000000000001,0.0,0.4,0.0,0.0,16.0,25903.0
2026-07-30T18:57:24.101Z,13.584,13.596,0.0,7.4,0.0,0.0,0.0,0.0,0.0,0.0,0.0,0.0,1.0,0.0,0.0,0.0,9.0,4.0,0.0,0.0,0.0,0.0,0.0,0.0,0.0,0.0,2.0,12.0,1.0,12.14,5.0,2.51,1.49,0.0,0.1,0.0,301.1,0.0,-0.3,-1.7000000000000002,-1.2000000000000002,95.8,0.0,0.0,264.2,0.0,21.4,22.5,22.5,24.0,300.0,300.0,29.4,32.0,28.0,27.200000000000003,29.1,4.95,1.99,4.96,0.16,0.0,0.0,1027.0,8228.0,0.0,0.0,0.0,0.0,0.0,1.0,0.0,0.0,0.0,0.0,0.0,0.9,0.0,2.8000000000000003,0.0,0.0,16.0,25903.0
2026-07-30T18:57:24.113Z,13.596,13.608,0.0,7.4,0.0,0.0,0.0,0.0,0.0,0.0,0.0,0.0,1.0,0.0,0.0,0.0,9.0,4.0,0.0,0.0,0.0,0.0,0.0,0.0,0.0,0.0,3.0,12.0,1.0,12.14,5.0,2.51,1.49,0.0,0.0,0.0,301.1,0.0,0.2,0.0,-0.1,95.8,0.0,0.0,264.2,0.0,21.4,22.5,22.5,24.0,300.0,300.0,29.4,32.0,28.0,27.200000000000003,29.1,4.95,1.99,4.97,0.16,0.0,0.0,1027.0,8228.0,0.0,0.0,0.0,0.0,0.0,1.0,0.0,0.0,0.0,0.0,0.0,0.1,0.0,0.0,0.0,0.0,16.0,25903.0
2026-07-30T18:57:24.125Z,13.608,13.62,0.0,7.4,0.0,0.0,0.0,0.0,0.0,0.0,0.0,0.0,1.0,0.0,0.0,0.0,9.0,4.0,0.0,0.0,0.0,0.0,0.0,0.0,0.0,0.0,4.0,12.0,1.0,12.14,5.0,2.51,1.49,0.0,0.0,0.0,301.1,0.0,-0.9,0.0,0.0,95.8,0.0,0.0,264.2,0.0,21.4,22.5,22.5,24.0,300.0,300.0,29.4,32.0,28.0,27.200000000000003,29.1,4.95,2.0,4.97,0.16,0.0,0.0,1027.0,8228.0,0.0,0.0,0.0,0.0,0.0,1.0,0.0,0.0,0.0,0.0,0.0,0.0,0.0,0.0,0.0,0.0,16.0,25903.0
2026-07-30T18:57:24.137Z,13.62,13.632,0.0,7.4,0.0,0.0,0.0,0.0,0.0,0.0,0.0,0.0,1.0,0.0,0.0,0.0,9.0,4.0,0.0,0.0,0.0,0.0,0.0,0.0,0.0,0.0,5.0,12.0,1.0,12.14,5.0,2.51,1.49,0.0,0.0,0.0,301.1,0.0,-0.9,0.0,0.4,95.8,0.0,0.0,264.2,0.0,21.4,22.5,22.5,24.0,300.0,300.0,29.4,32.0,28.0,27.200000000000003,29.1,4.96,2.0,4.96,0.16,0.0,0.0,1027.0,8228.0,0.0,0.0,0.0,0.0,0.0,1.0,0.0,0.0,0.0,0.0,0.0,-0.4,0.0,-0.3,0.0,0.0,16.0,25903.0
2026-07-30T18:57:24.149Z,13.632,13.644,0.0,7.4,0.0,0.0,0.0,0.0,0.0,0.0,0.0,0.0,1.0,0.0,0.0,0.0,9.0,4.0,0.0,0.0,0.0,0.0,0.0,0.0,0.0,0.0,6.0,12.0,1.0,12.14,5.0,2.51,1.49,0.0,0.0,0.0,301.1,0.0,-0.3,-0.5,-1.3,95.8,0.0,0.0,264.2,0.0,21.4,22.5,22.5,24.0,300.0,300.0,29.4,32.0,28.0,27.200000000000003,29.1,4.95,1.99,4.96,0.16,0.0,0.0,1027.0,8228.0,0.0,0.0,0.0,0.0,0.0,1.0,0.0,0.0,0.0,0.0,0.0,1.1,0.0,1.4,0.0,0.0,16.0,25903.0
2026-07-30T18:57:24.161Z,13.644,13.656,0.0,7.4,0.0,0.0,0.0,0.0,0.0,0.0,0.0,0.0,1.0,0.0,0.0,0.0,9.0,4.0,0.0,0.0,0.0,0.0,0.0,0.0,0.0,0.0,1.0,12.0,1.0,12.14,5.0,2.51,1.49,0.0,0.0,0.0,301.1,0.0,0.8,-0.4,-0.1,95.8,0.0,0.0,264.2,0.0,21.4,22.5,22.5,24.0,300.0,300.0,29.4,32.0,28.0,27.200000000000003,29.1,4.95,1.99,4.96,0.16,0.0,0.0,1027.0,8228.0,0.0,0.0,0.0,0.0,0.0,1.0,0.0,0.0,0.0,0.0,0.0,0.0,0.0,0.6000000000000001,0.0,0.0,16.0,25903.0
2026-07-30T18:57:24.173Z,13.656,13.668,0.0,7.4,0.0,0.0,0.0,0.0,0.0,0.0,0.0,0.0,1.0,0.0,0.0,0.0,9.0,4.0,0.0,0.0,0.0,0.0,0.0,0.0,0.0,0.0,2.0,12.0,1.0,12.18,5.01,2.51,1.49,0.0,0.1,0.0,301.1,0.0,0.2,1.2000000000000002,-0.1,95.8,0.0,0.0,264.2,0.0,21.4,22.5,22.5,24.1,300.0,300.0,29.4,32.1,28.0,27.200000000000003,29.1,4.96,1.99,4.96,0.16,0.0,0.0,1027.0,8228.0,0.0,0.0,0.0,0.0,0.0,1.0,0.0,0.0,0.0,0.0,0.0,0.2,0.0,-1.4,0.0,0.0,16.0,25903.0
2026-07-30T18:57:24.186Z,13.669,13.68,0.0,7.4,0.0,0.0,0.0,0.0,0.0,0.0,0.0,0.0,1.0,0.0,0.0,0.0,9.0,4.0,0.0,0.0,0.0,0.0,0.0,0.0,0.0,0.0,3.0,12.0,1.0,12.18,5.01,2.51,1.49,0.0,0.0,0.0,301.2,0.0,-0.3,-0.4,-1.2000000000000002,95.8,0.0,0.0,264.2,0.0,21.4,22.5,22.5,24.1,300.0,300.0,29.4,32.1,28.0,27.200000000000003,29.1,4.95,1.99,4.97,0.16,0.0,0.0,1027.0,8228.0,0.0,0.0,0.0,0.0,0.0,1.0,0.0,0.0,0.0,0.0,0.0,1.1,0.0,1.3,0.0,0.0,16.0,25903.0
2026-07-30T18:57:24.197Z,13.68,13.692,0.0,7.4,0.0,0.0,0.0,0.0,0.0,0.0,0.0,0.0,1.0,0.0,0.0,0.0,9.0,4.0,0.0,0.0,0.0,0.0,0.0,0.0,0.0,0.0,4.0,12.0,1.0,12.18,5.01,2.51,1.49,0.0,0.0,0.0,301.1,0.0,0.2,-0.4,1.0,95.8,0.0,0.0,264.2,0.0,21.4,22.5,22.5,24.1,300.0,300.0,29.4,32.1,28.0,27.200000000000003,29.1,4.95,1.99,4.97,0.16,0.0,0.0,1027.0,8228.0,0.0,0.0,0.0,0.0,0.0,1.0,0.0,0.0,0.0,0.0,0.0,-1.0,0.0,-0.1,0.0,0.0,16.0,25903.0
2026-07-30T18:57:24.209Z,13.692,13.704,0.0,7.4,0.0,0.0,0.0,0.0,0.0,0.0,0.0,0.0,1.0,0.0,0.0,0.0,9.0,4.0,0.0,0.0,0.0,0.0,0.0,0.0,0.0,0.0,5.0,12.0,1.0,12.18,5.01,2.51,1.49,0.0,0.0,0.0,301.1,0.0,-1.4,0.6000000000000001,-1.2000000000000002,95.8,0.0,0.0,264.2,0.0,21.4,22.5,22.5,24.1,300.0,300.0,29.4,32.1,28.0,27.200000000000003,29.1,4.95,1.99,4.96,0.16,0.0,0.0,1027.0,8228.0,0.0,0.0,0.0,0.0,0.0,1.0,0.0,0.0,0.0,0.0,0.0,1.2000000000000002,0.0,0.0,0.0,0.0,16.0,25903.0
2026-07-30T18:57:24.221Z,13.704,13.716,0.0,7.4,0.0,0.0,0.0,0.0,0.0,0.0,0.0,0.0,1.0,0.0,0.0,0.0,9.0,4.0,0.0,0.0,0.0,0.0,0.0,0.0,0.0,0.0,6.0,12.0,1.0,12.18,5.01,2.51,1.49,0.0,0.0,0.0,301.1,0.0,0.2,1.3,0.4,95.8,0.0,0.0,264.2,0.0,21.4,22.5,22.5,24.1,300.0,300.0,29.4,32.1,28.0,27.200000000000003,29.1,4.96,2.0,4.96,0.16,0.0,0.0,1027.0,8228.0,0.0,0.0,0.0,0.0,0.0,1.0,0.0,0.0,0.0,0.0,0.0,-0.3,0.0,-1.8,0.0,0.0,16.0,25903.0
2026-07-30T18:57:24.234Z,13.717,13.728,0.0,7.4,0.0,0.0,0.0,0.0,0.0,0.0,0.0,0.0,1.0,0.0,0.0,0.0,9.0,4.0,0.0,0.0,0.0,0.0,0.0,0.0,0.0,0.0,1.0,12.0,1.0,12.18,5.01,2.51,1.49,0.0,0.0,0.0,301.1,0.0,0.3,0.7000000000000001,-0.1,95.8,0.0,0.0,264.2,0.0,21.4,22.5,22.5,24.1,300.0,300.0,29.4,32.1,28.0,27.200000000000003,29.1,4.95,2.0,4.97,0.16,0.0,0.0,1027.0,8228.0,0.0,0.0,0.0,0.0,0.0,1.0,0.0,0.0,0.0,0.0,0.0,0.2,0.0,-0.7000000000000001,0.0,0.0,16.0,25903.0
2026-07-30T18:57:24.245Z,13.728,13.74,0.0,7.4,0.0,0.0,0.0,0.0,0.0,0.0,0.0,0.0,1.0,0.0,0.0,0.0,9.0,4.0,0.0,0.0,0.0,0.0,0.0,0.0,0.0,0.0,2.0,12.0,1.0,12.18,5.01,2.51,1.49,0.0,0.1,0.0,301.1,0.0,-0.2,-1.0,-0.1,95.8,0.0,0.0,264.2,0.0,21.4,22.5,22.5,24.1,300.0,300.0,29.4,32.1,28.0,27.200000000000003,29.1,4.96,1.99,4.96,0.16,0.0,0.0,1027.0,8228.0,0.0,0.0,0.0,0.0,0.0,1.0,0.0,0.0,0.0,0.0,0.0,0.0,0.0,1.2000000000000002,0.0,0.0,16.0,25903.0
2026-07-30T18:57:24.257Z,13.74,13.752,-0.1,7.4,0.0,0.0,0.0,0.0,0.0,0.0,0.0,0.0,1.0,0.0,0.0,0.0,9.0,4.0,0.0,0.0,0.0,0.0,0.0,0.0,0.0,0.0,3.0,12.0,1.0,12.18,5.01,2.51,1.49,0.0,0.0,0.0,301.2,0.0,0.3,0.1,1.0,95.8,0.0,0.0,264.2,0.0,21.4,22.5,22.5,24.1,300.0,300.0,29.4,32.1,28.0,27.200000000000003,29.1,4.96,1.99,4.96,0.16,0.0,0.0,1027.0,8228.0,0.0,0.0,0.0,0.0,0.0,1.0,0.0,0.0,0.0,0.0,0.0,-0.9,0.0,-0.8,0.0,0.0,16.0,25903.0
2026-07-30T18:57:24.269Z,13.752,13.764,0.0,7.4,0.0,0.0,0.0,0.0,0.0,0.0,0.0,0.0,1.0,0.0,0.0,0.0,9.0,4.0,0.0,0.0,0.0,0.0,0.0,0.0,0.0,0.0,4.0,12.0,1.0,12.18,5.01,2.51,1.49,-0.1,0.0,0.0,301.1,0.0,-0.3,0.1,-1.3,95.8,0.0,0.0,264.2,0.0,21.4,22.5,22.5,24.1,300.0,300.0,29.4,32.1,28.0,27.200000000000003,29.1,4.95,1.99,4.96,0.16,0.0,0.0,1027.0,8228.0,0.0,0.0,0.0,0.0,0.0,1.0,0.0,0.0,0.0,0.0,0.0,1.2000000000000002,0.0,0.7000000000000001,0.0,0.0,16.0,25903.0
2026-07-30T18:57:24.281Z,13.764,13.776,0.0,7.4,0.0,0.0,0.0,0.0,0.0,0.0,0.0,0.0,1.0,0.0,0.0,0.0,9.0,4.0,0.0,0.0,0.0,0.0,0.0,0.0,0.0,0.0,6.0,12.0,1.0,12.17,5.0200000000000005,2.5,1.49,0.0,0.0,0.0,301.1,0.0,0.8,-0.4,-0.7000000000000001,95.8,0.0,0.0,264.3,0.0,21.200000000000003,22.6,22.6,24.200000000000003,300.0,300.0,29.4,32.1,28.0,27.200000000000003,29.1,4.95,1.99,4.97,0.16,0.0,0.0,1027.0,8228.0,0.0,0.0,0.0,0.0,0.0,1.0,0.0,0.0,0.0,0.0,0.0,0.6000000000000001,0.0,1.0,0.0,0.0,16.0,25903.0
2026-07-30T18:57:24.293Z,13.776,13.788,0.0,7.4,0.0,0.0,0.0,0.0,0.0,0.0,0.0,0.0,1.0,0.0,0.0,0.0,9.0,4.0,0.0,0.0,0.0,0.0,0.0,0.0,0.0,0.0,6.0,12.0,1.0,12.17,5.0200000000000005,2.5,1.49,0.0,0.0,0.0,301.1,0.0,-0.9,-0.4,-0.1,95.8,0.0,0.0,264.2,0.0,21.200000000000003,22.6,22.6,24.200000000000003,300.0,300.0,29.4,32.1,28.0,27.200000000000003,29.1,4.96,2.0,4.96,0.16,0.0,0.0,1027.0,8228.0,0.0,0.0,0.0,0.0,0.0,1.0,0.0,0.0,0.0,0.0,0.0,0.1,0.0,0.6000000000000001,0.0,0.0,16.0,25903.0
2026-07-30T18:57:24.305Z,13.788,13.8,0.0,7.4,0.0,0.0,0.0,0.0,0.0,0.0,0.0,0.0,1.0,0.0,0.0,0.0,9.0,4.0,0.0,0.0,0.0,0.0,0.0,0.0,0.0,0.0,2.0,12.0,1.0,12.17,5.0200000000000005,2.5,1.49,0.0,0.0,0.0,301.1,0.0,0.2,0.0,-0.7000000000000001,95.8,0.0,0.0,264.2,0.0,21.200000000000003,22.6,22.6,24.200000000000003,300.0,300.0,29.4,32.1,28.0,27.200000000000003,29.1,4.96,1.99,4.96,0.16,0.0,0.0,1027.0,8228.0,0.0,0.0,0.0,0.0,0.0,1.0,0.0,0.0,0.0,0.0,0.0,0.2,0.0,-0.6000000000000001,0.0,0.0,16.0,25903.0
2026-07-30T18:57:24.317Z,13.8,13.812,0.0,7.4,0.0,0.0,0.0,0.0,0.0,0.0,0.0,0.0,1.0,0.0,0.0,0.0,9.0,4.0,0.0,0.0,0.0,0.0,0.0,0.0,0.0,0.0,3.0,12.0,1.0,12.17,5.0200000000000005,2.5,1.49,0.0,0.0,0.0,301.1,0.0,0.2,2.3000000000000003,1.5,95.8,0.0,0.0,264.2,0.0,21.200000000000003,22.6,22.6,24.200000000000003,300.0,300.0,29.4,32.1,28.0,27.200000000000003,29.1,4.95,1.99,4.96,0.16,0.0,0.0,1027.0,8228.0,0.0,0.0,0.0,0.0,0.0,1.0,0.0,0.0,0.0,0.0,0.0,-1.2000000000000002,0.0,-3.8,0.0,0.0,16.0,25903.0
2026-07-30T18:57:24.329Z,13.812,13.824,0.0,7.4,0.0,0.0,0.0,0.0,0.0,0.0,0.0,0.0,1.0,0.0,0.0,0.0,9.0,4.0,0.0,0.0,0.0,0.0,0.0,0.0,0.0,0.0,4.0,12.0,1.0,12.17,5.0200000000000005,2.5,1.49,0.0,0.0,0.0,301.1,0.0,0.8,-0.5,-0.7000000000000001,95.8,0.0,0.0,264.2,0.0,21.200000000000003,22.6,22.6,24.200000000000003,300.0,300.0,29.4,32.1,28.0,27.200000000000003,29.1,4.96,1.99,4.96,0.16,0.0,0.0,1027.0,8228.0,0.0,0.0,0.0,0.0,0.0,1.0,0.0,0.0,0.0,0.0,0.0,0.6000000000000001,0.0,1.0,0.0,0.0,16.0,25903.0
2026-07-30T18:57:24.341Z,13.824,13.836,0.0,7.4,0.0,0.0,0.0,0.0,0.0,0.0,0.0,0.0,1.0,0.0,0.0,0.0,9.0,4.0,0.0,0.0,0.0,0.0,0.0,0.0,0.0,0.0,6.0,12.0,1.0,12.17,5.0200000000000005,2.5,1.49,0.0,0.0,0.0,301.1,0.0,-0.3,-0.5,0.4,95.8,0.0,0.0,264.2,0.0,21.200000000000003,22.6,22.6,24.200000000000003,300.0,300.0,29.4,32.1,28.0,27.200000000000003,29.1,4.95,2.0,4.96,0.16,0.0,0.0,1027.0,8228.0,0.0,0.0,0.0,0.0,0.0,1.0,0.0,0.0,0.0,0.0,0.0,-0.4,0.0,0.3,0.0,0.0,16.0,25903.0
2026-07-30T18:57:24.353Z,13.836,13.848,0.0,7.4,0.0,0.0,0.0,0.0,0.0,0.0,0.0,0.0,1.0,0.0,0.0,0.0,9.0,4.0,0.0,0.0,0.0,0.0,0.0,0.0,0.0,0.0,2.0,12.0,1.0,12.17,5.0200000000000005,2.5,1.49,0.0,0.0,0.0,301.1,0.0,0.2,-0.5,-0.1,95.8,0.0,0.0,264.2,0.0,21.200000000000003,22.6,22.6,24.200000000000003,300.0,300.0,29.4,32.1,28.0,27.200000000000003,29.1,4.95,1.99,4.97,0.16,0.0,0.0,1027.0,8228.0,0.0,0.0,0.0,0.0,0.0,1.0,0.0,0.0,0.0,0.0,0.0,0.3,0.0,-1.2000000000000002,0.0,0.0,16.0,25903.0
2026-07-30T18:57:24.366Z,13.849,13.86,0.0,7.4,0.0,0.0,0.0,0.0,0.0,0.0,0.0,0.0,1.0,0.0,0.0,0.0,9.0,4.0,0.0,0.0,0.0,0.0,0.0,0.0,0.0,0.0,3.0,12.0,1.0,12.17,5.0200000000000005,2.5,1.49,0.0,0.0,0.0,301.1,0.0,0.2,0.5,0.9,95.8,0.0,0.0,264.2,0.0,21.200000000000003,22.6,22.6,24.200000000000003,300.0,300.0,29.4,32.1,28.0,27.200000000000003,29.1,4.96,1.99,4.97,0.16,0.0,0.0,1027.0,8228.0,0.0,0.0,0.0,0.0,0.0,1.0,0.0,0.0,0.0,0.0,0.0,0.3,0.0,-1.2000000000000002,0.0,0.0,16.0,25903.0
2026-07-30T18:57:24.376Z,13.859,13.872,0.0,7.4,0.0,0.0,0.0,0.0,0.0,0.0,0.0,0.0,1.0,0.0,0.0,0.0,9.0,4.0,0.0,0.0,0.0,0.0,0.0,0.0,0.0,0.0,2.0,12.0,1.0,12.17,5.01,2.5,1.48,0.0,0.0,0.0,301.1,0.0,0.2,-0.6000000000000001,0.3,95.8,0.0,0.0,264.2,0.0,21.700000000000003,22.700000000000003,22.700000000000003,24.3,300.0,300.0,29.4,32.0,28.0,27.200000000000003,29.1,4.95,1.99,4.96,0.16,0.0,0.0,1027.0,8228.0,0.0,0.0,0.0,0.0,0.0,1.0,0.0,0.0,0.0,0.0,0.0,-1.0,0.0,0.7000000000000001,0.0,0.0,16.0,25903.0
2026-07-30T18:57:24.389Z,13.872,13.884,0.0,7.4,0.0,0.0,0.0,0.0,0.0,0.0,0.0,0.0,1.0,0.0,0.0,0.0,9.0,4.0,0.0,0.0,0.0,0.0,0.0,0.0,0.0,0.0,4.0,12.0,1.0,12.17,5.01,2.5,1.48,0.0,0.0,0.0,301.1,0.0,0.2,-1.1,-0.8,95.8,0.0,0.0,264.3,0.0,21.700000000000003,22.700000000000003,22.700000000000003,24.3,300.0,300.0,29.4,32.0,28.0,27.200000000000003,29.1,4.95,1.99,4.97,0.16,0.0,0.0,1027.0,8228.0,0.0,0.0,0.0,0.0,0.0,1.0,0.0,0.0,0.0,0.0,0.0,-0.3,0.0,-0.1,0.0,0.0,16.0,25903.0
2026-07-30T18:57:24.401Z,13.884,13.896,0.0,7.4,0.0,0.0,0.0,0.0,0.0,0.0,0.0,0.0,1.0,0.0,0.0,0.0,9.0,4.0,0.0,0.0,0.0,0.0,0.0,0.0,0.0,0.0,5.0,12.0,1.0,12.17,5.01,2.5,1.48,0.0,0.0,0.0,301.1,0.0,-0.9,-0.6000000000000001,-1.4,95.8,0.0,0.0,264.2,0.0,21.700000000000003,22.700000000000003,22.700000000000003,24.3,300.0,300.0,29.4,32.0,28.0,27.200000000000003,29.1,4.95,1.99,4.96,0.16,0.0,0.0,1027.0,8228.0,0.0,0.0,0.0,0.0,0.0,1.0,0.0,0.0,0.0,0.0,0.0,1.2000000000000002,0.0,1.6,0.0,0.0,16.0,25903.0
2026-07-30T18:57:24.413Z,13.896,13.908,0.0,7.4,0.0,0.0,0.0,0.0,0.0,0.0,0.0,0.0,1.0,0.0,0.0,0.0,9.0,4.0,0.0,0.0,0.0,0.0,0.0,0.0,0.0,0.0,6.0,12.0,1.0,12.17,5.01,2.5,1.48,0.0,0.0,0.0,301.1,0.0,0.2,0.0,-0.2,95.8,0.0,0.0,264.2,0.0,21.700000000000003,22.700000000000003,22.700000000000003,24.3,300.0,300.0,29.4,32.0,28.0,27.200000000000003,29.1,4.96,1.99,4.96,0.16,0.0,0.0,1027.0,8228.0,0.0,0.0,0.0,0.0,0.0,1.0,0.0,0.0,0.0,0.0,0.0,0.2,0.0,0.2,0.0,0.0,16.0,25903.0
2026-07-30T18:57:24.425Z,13.908,13.92,0.0,7.4,0.0,0.0,0.0,0.0,0.0,0.0,0.0,0.0,1.0,0.0,0.0,0.0,9.0,4.0,0.0,0.0,0.0,0.0,0.0,0.0,0.0,0.0,1.0,12.0,1.0,12.17,5.01,2.5,1.48,0.0,0.0,0.0,301.2,0.0,-0.3,-0.5,-0.2,95.8,0.0,0.0,264.2,0.0,21.700000000000003,22.700000000000003,22.700000000000003,24.3,300.0,300.0,29.4,32.0,28.0,27.200000000000003,29.1,4.95,1.99,4.96,0.16,0.0,0.0,1027.0,8228.0,0.0,0.0,0.0,0.0,0.0,1.0,0.0,0.0,0.0,0.0,0.0,0.1,0.0,0.8,0.0,0.0,16.0,25903.0
2026-07-30T18:57:24.437Z,13.92,13.932,0.0,7.4,0.0,0.0,0.0,0.0,0.0,0.0,0.0,0.0,1.0,0.0,0.0,0.0,9.0,4.0,0.0,0.0,0.0,0.0,0.0,0.0,0.0,0.0,2.0,12.0,1.0,12.17,5.01,2.5,1.48,0.0,0.0,0.0,301.1,0.0,0.2,-0.5,-0.1,95.8,0.0,0.0,264.2,0.0,21.700000000000003,22.700000000000003,22.700000000000003,24.3,300.0,300.0,29.4,32.0,28.0,27.200000000000003,29.1,4.95,1.99,4.97,0.16,0.0,0.0,1027.0,8228.0,0.0,0.0,0.0,0.0,0.0,1.0,0.0,0.0,0.0,0.0,0.0,0.1,0.0,0.7000000000000001,0.0,0.0,16.0,25903.0
2026-07-30T18:57:24.449Z,13.932,13.944,0.0,7.4,0.0,0.0,0.0,0.0,0.0,0.0,0.0,0.0,1.0,0.0,0.0,0.0,9.0,4.0,0.0,0.0,0.0,0.0,0.0,0.0,0.0,0.0,3.0,12.0,1.0,12.17,5.01,2.5,1.48,0.0,0.0,0.0,301.1,0.0,-0.3,-0.5,0.4,95.8,0.0,0.0,264.2,0.0,21.700000000000003,22.700000000000003,22.700000000000003,24.3,300.0,300.0,29.4,32.0,28.0,27.200000000000003,29.1,4.95,1.99,4.96,0.16,0.0,0.0,1027.0,8228.0,0.0,0.0,0.0,0.0,0.0,1.0,0.0,0.0,0.0,0.0,0.0,-0.4,0.0,0.3,0.0,0.0,16.0,25903.0
2026-07-30T18:57:24.461Z,13.944,13.956,0.0,7.4,0.0,0.0,0.0,0.0,0.0,0.0,0.0,0.0,1.0,0.0,0.0,0.0,9.0,4.0,0.0,0.0,0.0,0.0,0.0,0.0,0.0,0.0,4.0,12.0,1.0,12.17,5.01,2.5,1.48,0.0,0.1,0.0,301.1,0.0,-0.3,1.2000000000000002,1.0,95.8,0.0,0.0,264.2,0.0,21.700000000000003,22.700000000000003,22.700000000000003,24.3,300.0,300.0,29.4,32.0,28.0,27.200000000000003,29.1,4.96,1.99,4.96,0.16,0.0,0.0,1027.0,8228.0,0.0,0.0,0.0,0.0,0.0,1.0,0.0,0.0,0.0,0.0,0.0,-0.8,0.0,-2.1,0.0,0.0,16.0,25903.0
2026-07-30T18:57:24.473Z,13.956,13.968,0.0,7.4,0.0,0.0,0.0,0.0,0.0,0.0,0.0,0.0,1.0,0.0,0.0,0.0,9.0,4.0,0.0,0.0,0.0,0.0,0.0,0.0,0.0,0.0,6.0,12.0,1.0,12.17,5.01,2.5,1.48,0.0,0.0,0.0,301.1,0.0,0.8,1.2000000000000002,-0.1,95.8,0.0,0.0,264.2,0.0,21.700000000000003,22.700000000000003,22.700000000000003,24.3,300.0,300.0,29.4,32.0,28.0,27.200000000000003,29.1,4.95,1.99,4.97,0.16,0.0,0.0,1027.0,8228.0,0.0,0.0,0.0,0.0,0.0,1.0,0.0,0.0,0.0,0.0,0.0,0.2,0.0,-1.3,0.0,0.0,16.0,25903.0
2026-07-30T18:57:24.485Z,13.968,13.98,0.0,7.4,0.0,0.0,0.0,0.0,0.0,0.0,0.0,0.0,1.0,0.0,0.0,0.0,9.0,4.0,0.0,0.0,0.0,0.0,0.0,0.0,0.0,0.0,1.0,12.0,1.0,12.18,5.0200000000000005,2.51,1.49,0.0,0.1,0.0,301.2,0.0,-0.3,-1.1,0.4,95.8,0.0,0.0,264.2,0.0,21.0,22.8,22.8,24.3,300.0,300.0,29.5,32.1,28.0,27.200000000000003,29.1,4.96,1.99,4.96,0.16,0.0,0.0,1027.0,8228.0,0.0,0.0,0.0,0.0,0.0,1.0,0.0,0.0,0.0,0.0,0.0,-0.5,0.0,0.9,0.0,0.0,16.0,25903.0
2026-07-30T18:57:24.497Z,13.98,13.992,0.0,7.4,0.0,0.0,0.0,0.0,0.0,0.0,0.0,0.0,1.0,0.0,0.0,0.0,9.0,4.0,0.0,0.0,0.0,0.0,0.0,0.0,0.0,0.0,2.0,12.0,1.0,12.18,5.0200000000000005,2.51,1.49,0.0,0.0,0.0,301.1,0.0,0.8,1.2000000000000002,-0.7000000000000001,95.8,0.0,0.0,264.2,0.0,21.0,22.8,22.8,24.3,300.0,300.0,29.5,32.1,28.0,27.200000000000003,29.1,4.96,1.99,4.96,0.16,0.0,0.0,1027.0,8228.0,0.0,0.0,0.0,0.0,0.0,1.0,0.0,0.0,0.0,0.0,0.0,0.8,0.0,-0.9,0.0,0.0,16.0,25903.0
2026-07-30T18:57:24.509Z,13.992,14.004,0.0,7.4,0.0,0.0,0.0,0.0,0.0,0.0,0.0,0.0,1.0,0.0,0.0,0.0,9.0,4.0,0.0,0.0,0.0,0.0,0.0,0.0,0.0,0.0,3.0,12.0,1.0,12.18,5.0200000000000005,2.51,1.49,0.0,0.0,0.0,301.1,0.0,-0.3,0.0,0.4,95.8,0.0,0.0,264.2,0.0,21.0,22.8,22.8,24.3,300.0,300.0,29.5,32.1,28.0,27.200000000000003,29.1,4.95,1.99,4.96,0.16,0.0,0.0,1027.0,8228.0,0.0,0.0,0.0,0.0,0.0,1.0,0.0,0.0,0.0,0.0,0.0,-0.4,0.0,-0.3,0.0,0.0,16.0,25903.0
2026-07-30T18:57:24.521Z,14.004,14.016,0.0,7.4,0.0,0.0,0.0,0.0,0.0,0.0,0.0,0.0,1.0,0.0,0.0,0.0,9.0,4.0,0.0,0.0,0.0,0.0,0.0,0.0,0.0,0.0,5.0,12.0,1.0,12.18,5.0200000000000005,2.51,1.49,0.0,0.0,0.0,301.1,0.0,-0.3,-1.0,-1.8,95.8,0.0,0.0,264.2,0.0,21.0,22.8,22.8,24.3,300.0,300.0,29.5,32.1,28.0,27.200000000000003,29.1,4.95,1.99,4.97,0.16,0.0,0.0,1027.0,8228.0,0.0,0.0,0.0,0.0,0.0,1.0,0.0,0.0,0.0,0.0,0.0,1.6,0.0,2.4000000000000004,0.0,0.0,16.0,25903.0
2026-07-30T18:57:24.533Z,14.016,14.028,0.0,7.4,0.0,0.0,0.0,0.0,0.0,0.0,0.0,0.0,1.0,0.0,0.0,0.0,9.0,4.0,0.0,0.0,0.0,0.0,0.0,0.0,0.0,0.0,6.0,12.0,1.0,12.18,5.0200000000000005,2.51,1.49,0.0,0.0,0.0,301.1,0.0,0.8,0.6000000000000001,1.0,95.8,0.0,0.0,264.2,0.0,21.0,22.8,22.8,24.3,300.0,300.0,29.5,32.1,28.0,27.200000000000003,29.1,4.96,1.99,4.96,0.16,0.0,0.0,1027.0,8228.0,0.0,0.0,0.0,0.0,0.0,1.0,0.0,0.0,0.0,0.0,0.0,-0.9,0.0,-1.5,0.0,0.0,16.0,25903.0
2026-07-30T18:57:24.545Z,14.028,14.04,0.0,7.4,0.0,0.0,0.0,0.0,0.0,0.0,0.0,0.0,1.0,0.0,0.0,0.0,9.0,4.0,0.0,0.0,0.0,0.0,0.0,0.0,0.0,0.0,1.0,12.0,1.0,12.18,5.0200000000000005,2.51,1.49,0.0,0.0,0.0,301.1,0.0,-0.3,0.6000000000000001,0.4,95.8,0.0,0.0,264.2,0.0,21.0,22.8,22.8,24.3,300.0,300.0,29.5,32.1,28.0,27.200000000000003,29.1,4.96,1.99,4.97,0.16,0.0,0.0,1027.0,8228.0,0.0,0.0,0.0,0.0,0.0,1.0,0.0,0.0,0.0,0.0,0.0,-0.3,0.0,-1.0,0.0,0.0,16.0,25903.0
2026-07-30T18:57:24.557Z,14.04,14.052,0.0,7.4,0.0,0.0,0.0,0.0,0.0,0.0,0.0,0.0,1.0,0.0,0.0,0.0,9.0,4.0,0.0,0.0,0.0,0.0,0.0,0.0,0.0,0.0,3.0,12.0,1.0,12.18,5.0200000000000005,2.51,1.49,0.0,0.1,0.0,301.1,0.0,-0.9,0.0,-1.2000000000000002,95.8,0.0,0.0,264.2,0.0,21.0,22.8,22.8,24.3,300.0,300.0,29.5,32.1,28.0,27.200000000000003,29.1,4.95,1.99,4.97,0.16,0.0,0.0,1027.0,8228.0,0.0,0.0,0.0,0.0,0.0,1.0,0.0,0.0,0.0,0.0,0.0,1.2000000000000002,0.0,0.7000000000000001,0.0,0.0,16.0,25903.0
2026-07-30T18:57:24.569Z,14.052,14.064,0.0,7.4,0.0,0.0,0.0,0.0,0.0,0.0,0.0,0.0,1.0,0.0,0.0,0.0,9.0,4.0,0.0,0.0,0.0,0.0,0.0,0.0,0.0,0.0,4.0,12.0,1.0,12.18,5.0200000000000005,2.51,1.49,0.0,0.0,0.0,301.1,0.0,0.8,-0.5,-0.1,95.8,0.0,0.0,264.2,0.0,21.0,22.8,22.8,24.3,300.0,300.0,29.5,32.1,28.0,27.200000000000003,29.1,4.96,1.99,4.96,0.16,0.0,0.0,1027.0,8228.0,0.0,0.0,0.0,0.0,0.0,1.0,0.0,0.0,0.0,0.0,0.0,0.0,0.0,0.6000000000000001,0.0,0.0,16.0,25903.0
2026-07-30T18:57:24.581Z,14.064,14.076,0.0,7.4,0.0,0.0,0.0,0.0,0.0,0.0,0.0,0.0,1.0,0.0,0.0,0.0,9.0,4.0,0.0,0.0,0.0,0.0,0.0,0.0,0.0,0.0,6.0,12.0,1.0,12.17,5.01,2.51,1.49,0.0,0.0,0.0,301.1,0.0,0.8,-0.5,-1.8,95.8,0.0,0.0,264.2,0.0,21.700000000000003,22.8,22.8,24.4,300.0,300.0,29.4,32.0,28.0,27.200000000000003,29.0,4.95,1.99,4.97,0.16,0.0,0.0,1027.0,8228.0,0.0,0.0,0.0,0.0,0.0,1.0,0.0,0.0,0.0,0.0,0.0,1.6,0.0,1.8,0.0,0.0,16.0,25903.0
2026-07-30T18:57:24.593Z,14.076,14.088,0.0,7.4,0.0,0.0,0.0,0.0,0.0,0.0,0.0,0.0,1.0,0.0,0.0,0.0,9.0,4.0,0.0,0.0,0.0,0.0,0.0,0.0,0.0,0.0,1.0,12.0,1.0,12.17,5.01,2.51,1.49,0.0,0.0,0.0,301.1,0.0,-0.3,-0.5,-1.2000000000000002,95.8,0.0,0.0,264.2,0.0,21.700000000000003,22.8,22.8,24.4,300.0,300.0,29.4,32.0,28.0,27.200000000000003,29.0,4.95,1.99,4.97,0.16,0.0,0.0,1027.0,8228.0,0.0,0.0,0.0,0.0,0.0,1.0,0.0,0.0,0.0,0.0,0.0,1.1,0.0,1.4,0.0,0.0,16.0,25903.0
2026-07-30T18:57:24.605Z,14.088,14.1,0.0,7.4,0.0,0.0,0.0,0.0,0.0,0.0,0.0,0.0,1.0,0.0,0.0,0.0,9.0,4.0,0.0,0.0,0.0,0.0,0.0,0.0,0.0,0.0,2.0,12.0,1.0,12.17,5.01,2.51,1.49,0.0,0.0,0.0,301.1,0.0,-0.8,0.0,0.0,95.8,0.0,0.0,264.2,0.0,21.700000000000003,22.8,22.8,24.4,300.0,300.0,29.4,32.0,28.0,27.200000000000003,29.0,4.95,1.99,4.97,0.16,0.0,0.0,1027.0,8228.0,0.0,0.0,0.0,0.0,0.0,1.0,0.0,0.0,0.0,0.0,0.0,0.0,0.0,0.0,0.0,0.0,16.0,25903.0
2026-07-30T18:57:24.617Z,14.1,14.112,0.0,7.4,0.0,0.0,0.0,0.0,0.0,0.0,0.0,0.0,1.0,0.0,0.0,0.0,9.0,4.0,0.0,0.0,0.0,0.0,0.0,0.0,0.0,0.0,4.0,12.0,1.0,12.17,5.01,2.51,1.49,0.0,0.0,0.0,301.1,0.0,-0.2,0.6000000000000001,0.0,95.8,0.0,0.0,264.2,0.0,21.700000000000003,22.8,22.8,24.4,300.0,300.0,29.4,32.0,28.0,27.200000000000003,29.0,4.96,1.99,4.96,0.15,0.0,0.0,1027.0,8228.0,0.0,0.0,0.0,0.0,0.0,1.0,0.0,0.0,0.0,0.0,0.0,0.1,0.0,-0.7000000000000001,0.0,0.0,16.0,25903.0
2026-07-30T18:57:24.629Z,14.112,14.124,0.0,7.4,0.0,0.0,0.0,0.0,0.0,0.0,0.0,0.0,1.0,0.0,0.0,0.0,9.0,4.0,0.0,0.0,0.0,0.0,0.0,0.0,0.0,0.0,5.0,12.0,1.0,12.17,5.01,2.51,1.49,0.0,0.0,0.0,301.1,0.0,-0.2,-0.5,0.6000000000000001,95.8,0.0,0.0,264.2,0.0,21.700000000000003,22.8,22.8,24.4,300.0,300.0,29.4,32.0,28.0,27.200000000000003,29.0,4.95,1.99,4.97,0.15,0.0,0.0,1027.0,8228.0,0.0,0.0,0.0,0.0,0.0,1.0,0.0,0.0,0.0,0.0,0.0,-0.6000000000000001,0.0,0.1,0.0,0.0,16.0,25903.0
2026-07-30T18:57:24.641Z,14.124,14.136,0.0,7.4,0.0,0.0,0.0,0.0,0.0,0.0,0.0,0.0,1.0,0.0,0.0,0.0,9.0,4.0,0.0,0.0,0.0,0.0,0.0,0.0,0.0,0.0,6.0,12.0,1.0,12.17,5.01,2.51,1.49,0.0,0.0,0.0,301.1,0.0,0.9,1.2000000000000002,0.0,95.8,0.0,0.0,264.2,0.0,21.700000000000003,22.8,22.8,24.4,300.0,300.0,29.4,32.0,28.0,27.200000000000003,29.0,4.95,1.99,4.96,0.16,0.0,0.0,1027.0,8228.0,0.0,0.0,0.0,0.0,0.0,1.0,0.0,0.0,0.0,0.0,0.0,0.1,0.0,-1.4,0.0,0.0,16.0,25903.0
2026-07-30T18:57:24.654Z,14.137,14.148,0.0,7.4,0.0,0.0,0.0,0.0,0.0,0.0,0.0,0.0,1.0,0.0,0.0,0.0,9.0,4.0,0.0,0.0,0.0,0.0,0.0,0.0,0.0,0.0,1.0,12.0,1.0,12.17,5.01,2.51,1.49,0.0,0.0,0.0,301.1,0.0,-0.2,0.0,0.0,95.8,0.0,0.0,264.2,0.0,21.700000000000003,22.8,22.8,24.4,300.0,300.0,29.4,32.0,28.0,27.200000000000003,29.0,4.96,2.0,4.96,0.16,0.0,0.0,1027.0,8228.0,0.0,0.0,0.0,0.0,0.0,1.0,0.0,0.0,0.0,0.0,0.0,0.0,0.0,-0.1,0.0,0.0,16.0,25903.0
2026-07-30T18:57:24.665Z,14.148,14.16,0.0,7.4,0.0,0.0,0.0,0.0,0.0,0.0,0.0,0.0,1.0,0.0,0.0,0.0,9.0,4.0,0.0,0.0,0.0,0.0,0.0,0.0,0.0,0.0,2.0,12.0,1.0,12.17,5.01,2.51,1.49,0.0,0.0,0.0,301.1,0.0,0.3,-0.4,0.0,95.8,0.0,0.0,264.2,0.0,21.700000000000003,22.8,22.8,24.4,300.0,300.0,29.4,32.0,28.0,27.200000000000003,29.0,4.95,2.0,4.96,0.16,0.0,0.0,1027.0,8228.0,0.0,0.0,0.0,0.0,0.0,1.0,0.0,0.0,0.0,0.0,0.0,-0.1,0.0,0.4,0.0,0.0,16.0,25903.0
2026-07-30T18:57:24.680Z,14.163,14.172,0.0,7.4,0.0,0.0,0.0,0.0,0.0,0.0,0.0,0.0,1.0,0.0,0.0,0.0,9.0,4.0,0.0,0.0,0.0,0.0,0.0,0.0,0.0,0.0,3.0,12.0,1.0,12.17,5.01,2.51,1.49,0.0,0.0,0.0,301.1,0.0,0.3,-0.5,-0.5,95.8,0.0,0.0,264.2,0.0,21.700000000000003,22.8,22.8,24.4,300.0,300.0,29.4,32.0,28.0,27.200000000000003,29.0,4.95,1.99,4.97,0.16,0.0,0.0,1027.0,8228.0,0.0,0.0,0.0,0.0,0.0,1.0,0.0,0.0,0.0,0.0,0.0,0.4,0.0,0.9,0.0,0.0,16.0,25903.0
2026-07-30T18:57:24.689Z,14.172,14.184,0.0,7.4,0.0,0.0,0.0,0.0,0.0,0.0,0.0,0.0,1.0,0.0,0.0,0.0,9.0,4.0,0.0,0.0,0.0,0.0,0.0,0.0,0.0,0.0,3.0,12.0,1.0,12.18,5.0200000000000005,2.51,1.49,0.0,0.1,0.0,301.1,0.0,-0.2,-0.5,-0.4,95.8,0.0,0.0,264.3,0.0,21.700000000000003,22.9,22.9,24.5,300.0,300.0,29.5,32.0,28.0,27.200000000000003,29.0,4.95,1.99,4.96,0.16,0.0,0.0,1027.0,8228.0,0.0,0.0,0.0,0.0,0.0,1.0,0.0,0.0,0.0,0.0,0.0,0.3,0.0,0.9,0.0,0.0,16.0,25903.0
2026-07-30T18:57:24.702Z,14.185,14.196,0.0,7.4,0.0,0.0,0.0,0.0,0.0,0.0,0.0,0.0,1.0,0.0,0.0,0.0,9.0,4.0,0.0,0.0,0.0,0.0,0.0,0.0,0.0,0.0,4.0,12.0,1.0,12.18,5.0200000000000005,2.51,1.49,0.0,0.0,0.0,301.1,0.0,-0.2,1.2000000000000002,0.1,95.8,0.0,0.0,264.3,0.0,21.700000000000003,22.9,22.9,24.5,300.0,300.0,29.5,32.0,28.0,27.200000000000003,29.0,4.96,1.99,4.96,0.16,0.0,0.0,1027.0,8228.0,0.0,0.0,0.0,0.0,0.0,1.0,0.0,0.0,0.0,0.0,0.0,0.0,0.0,-1.5,0.0,0.0,16.0,25903.0
2026-07-30T18:57:24.713Z,14.196,14.208,0.0,7.4,0.0,0.0,0.0,0.0,0.0,0.0,0.0,0.0,1.0,0.0,0.0,0.0,9.0,4.0,0.0,0.0,0.0,0.0,0.0,0.0,0.0,0.0,5.0,12.0,1.0,12.18,5.0200000000000005,2.51,1.49,0.0,0.0,0.0,301.1,0.0,1.5,0.1,0.1,95.8,0.0,0.0,264.2,0.0,21.700000000000003,22.9,22.9,24.5,300.0,300.0,29.5,32.0,28.0,27.200000000000003,29.0,4.95,1.99,4.96,0.16,0.0,0.0,1027.0,8228.0,0.0,0.0,0.0,0.0,0.0,1.0,0.0,0.0,0.0,0.0,0.0,-0.1,0.0,-0.2,0.0,0.0,16.0,25903.0
2026-07-30T18:57:24.725Z,14.208,14.22,-0.1,7.4,0.0,0.0,0.0,0.0,0.0,0.0,0.0,0.0,1.0,0.0,0.0,0.0,9.0,4.0,0.0,0.0,0.0,0.0,0.0,0.0,0.0,0.0,6.0,12.0,1.0,12.18,5.0200000000000005,2.51,1.49,0.0,0.1,0.0,301.2,0.0,-0.2,0.0,-0.4,95.8,0.0,0.0,264.2,0.0,21.700000000000003,22.9,22.9,24.5,300.0,300.0,29.5,32.0,28.0,27.200000000000003,29.0,4.96,1.99,4.96,0.16,0.0,0.0,1027.0,8228.0,0.0,0.0,0.0,0.0,0.0,1.0,0.0,0.0,0.0,0.0,0.0,0.4,0.0,0.1,0.0,0.0,16.0,25903.0
2026-07-30T18:57:24.738Z,14.221,14.232,-0.1,7.4,0.0,0.0,0.0,0.0,0.0,0.0,0.0,0.0,1.0,0.0,0.0,0.0,9.0,4.0,0.0,0.0,0.0,0.0,0.0,0.0,0.0,0.0,1.0,12.0,1.0,12.18,5.0200000000000005,2.51,1.49,0.0,0.0,0.0,301.1,0.0,-0.2,0.1,-0.4,95.8,0.0,0.0,264.2,0.0,21.700000000000003,22.9,22.9,24.5,300.0,300.0,29.5,32.0,28.0,27.200000000000003,29.0,4.96,1.99,4.96,0.16,0.0,0.0,1027.0,8228.0,0.0,0.0,0.0,0.0,0.0,1.0,0.0,0.0,0.0,0.0,0.0,0.4,0.0,0.1,0.0,0.0,16.0,25903.0
2026-07-30T18:57:24.749Z,14.232,14.244,-0.1,7.4,0.0,0.0,0.0,0.0,0.0,0.0,0.0,0.0,1.0,0.0,0.0,0.0,9.0,4.0,0.0,0.0,0.0,0.0,0.0,0.0,0.0,0.0,2.0,12.0,1.0,12.18,5.0200000000000005,2.51,1.49,0.0,0.0,0.0,301.1,0.0,0.9,0.1,0.1,95.8,0.0,0.0,264.2,0.0,21.700000000000003,22.9,22.9,24.5,300.0,300.0,29.5,32.0,28.0,27.200000000000003,29.0,4.96,1.99,4.96,0.16,0.0,0.0,1027.0,8228.0,0.0,0.0,0.0,0.0,0.0,1.0,0.0,0.0,0.0,0.0,0.0,-0.1,0.0,-0.3,0.0,0.0,16.0,25903.0
2026-07-30T18:57:24.761Z,14.244,14.256,-0.1,7.4,0.0,0.0,0.0,0.0,0.0,0.0,0.0,0.0,1.0,0.0,0.0,0.0,9.0,4.0,0.0,0.0,0.0,0.0,0.0,0.0,0.0,0.0,3.0,12.0,1.0,12.18,5.0200000000000005,2.51,1.49,0.0,0.0,0.0,301.1,0.0,-0.8,-0.9,-1.6,95.8,0.0,0.0,264.2,0.0,21.700000000000003,22.9,22.9,24.5,300.0,300.0,29.5,32.0,28.0,27.200000000000003,29.0,4.95,1.99,4.96,0.16,0.0,0.0,1027.0,8228.0,0.0,0.0,0.0,0.0,0.0,1.0,0.0,0.0,0.0,0.0,0.0,1.3,0.0,2.2,0.0,0.0,16.0,25903.0
2026-07-30T18:57:24.773Z,14.256,14.268,-0.1,7.4,0.0,0.0,0.0,0.0,0.0,0.0,0.0,0.0,1.0,0.0,0.0,0.0,9.0,4.0,0.0,0.0,0.0,0.0,0.0,0.0,0.0,0.0,5.0,12.0,1.0,12.18,5.0200000000000005,2.51,1.49,0.0,0.0,0.0,301.1,0.0,0.3,-0.3,-0.4,95.8,0.0,0.0,264.2,0.0,21.700000000000003,22.9,22.9,24.5,300.0,300.0,29.5,32.0,28.0,27.200000000000003,29.0,4.96,2.0,4.96,0.16,0.0,0.0,1027.0,8228.0,0.0,0.0,0.0,0.0,0.0,1.0,0.0,0.0,0.0,0.0,0.0,0.3,0.0,0.7000000000000001,0.0,0.0,16.0,25903.0
2026-07-30T18:57:24.787Z,14.27,14.28,-0.1,7.4,0.0,0.0,0.0,0.0,0.0,0.0,0.0,0.0,1.0,0.0,0.0,0.0,9.0,4.0,0.0,0.0,0.0,0.0,0.0,0.0,0.0,0.0,5.0,12.0,1.0,12.14,5.0200000000000005,2.51,1.49,0.0,0.0,0.0,301.1,0.0,-0.2,0.7000000000000001,-1.0,95.8,0.0,0.0,264.2,0.0,21.4,23.0,23.0,24.5,300.0,300.0,29.5,32.0,27.9,27.200000000000003,29.1,4.96,1.99,4.97,0.16,0.0,0.0,1027.0,8228.0,0.0,0.0,0.0,0.0,0.0,1.0,0.0,0.0,0.0,0.0,0.0,1.1,0.0,-0.1,0.0,0.0,16.0,25903.0
2026-07-30T18:57:24.797Z,14.28,14.292,-0.1,7.4,0.0,0.0,0.0,0.0,0.0,0.0,0.0,0.0,1.0,0.0,0.0,0.0,9.0,4.0,0.0,0.0,0.0,0.0,0.0,0.0,0.0,0.0,6.0,12.0,1.0,12.14,5.0200000000000005,2.51,1.49,0.0,0.0,0.0,301.1,0.0,-0.2,1.3,0.0,95.8,0.0,0.0,264.2,0.0,21.4,23.0,23.0,24.5,300.0,300.0,29.5,32.0,27.9,27.200000000000003,29.1,4.95,1.99,4.97,0.16,0.0,0.0,1027.0,8228.0,0.0,0.0,0.0,0.0,0.0,1.0,0.0,0.0,0.0,0.0,0.0,0.0,0.0,-1.6,0.0,0.0,16.0,25903.0
2026-07-30T18:57:24.809Z,14.292,14.304,-0.1,7.4,0.0,0.0,0.0,0.0,0.0,0.0,0.0,0.0,1.0,0.0,0.0,0.0,9.0,4.0,0.0,0.0,0.0,0.0,0.0,0.0,0.0,0.0,1.0,12.0,1.0,12.14,5.0200000000000005,2.51,1.49,0.0,0.0,0.0,301.2,0.0,0.3,0.7000000000000001,1.2000000000000002,95.8,0.0,0.0,264.2,0.0,21.4,23.0,23.0,24.5,300.0,300.0,29.5,32.0,27.9,27.200000000000003,29.1,4.96,1.99,4.97,0.16,0.0,0.0,1027.0,8228.0,0.0,0.0,0.0,0.0,0.0,1.0,0.0,0.0,0.0,0.0,0.0,-1.6,0.0,-1.4,0.0,0.0,16.0,25903.0
2026-07-30T18:57:24.821Z,14.304,14.316,-0.1,7.4,0.0,0.0,0.0,0.0,0.0,0.0,0.0,0.0,1.0,0.0,0.0,0.0,9.0,4.0,0.0,0.0,0.0,0.0,0.0,0.0,0.0,0.0,2.0,12.0,1.0,12.14,5.0200000000000005,2.51,1.49,0.0,0.1,0.0,301.1,0.0,-0.8,0.1,0.0,95.8,0.0,0.0,264.2,0.0,21.4,23.0,23.0,24.5,300.0,300.0,29.5,32.0,27.9,27.200000000000003,29.1,4.95,1.99,4.97,0.16,0.0,0.0,1027.0,8228.0,0.0,0.0,0.0,0.0,0.0,1.0,0.0,0.0,0.0,0.0,0.0,0.0,0.0,-0.2,0.0,0.0,16.0,25903.0
2026-07-30T18:57:24.833Z,14.316,14.328,-0.1,7.4,0.0,0.0,0.0,0.0,0.0,0.0,0.0,0.0,1.0,0.0,0.0,0.0,9.0,4.0,0.0,0.0,0.0,0.0,0.0,0.0,0.0,0.0,3.0,12.0,1.0,12.14,5.0200000000000005,2.51,1.49,0.0,0.0,0.0,301.1,0.0,0.3,1.3,0.6000000000000001,95.8,0.0,0.0,264.2,0.0,21.4,23.0,23.0,24.5,300.0,300.0,29.5,32.0,27.9,27.200000000000003,29.1,4.95,1.99,4.97,0.16,0.0,0.0,1027.0,8228.0,0.0,0.0,0.0,0.0,0.0,1.0,0.0,0.0,0.0,0.0,0.0,-0.4,0.0,-1.9,0.0,0.0,16.0,25903.0
2026-07-30T18:57:24.845Z,14.328,14.34,-0.1,7.4,0.0,0.0,0.0,0.0,0.0,0.0,0.0,0.0,1.0,0.0,0.0,0.0,9.0,4.0,0.0,0.0,0.0,0.0,0.0,0.0,0.0,0.0,5.0,12.0,1.0,12.14,5.0200000000000005,2.51,1.49,0.0,0.1,0.0,301.1,0.0,-0.2,0.1,1.1,95.8,0.0,0.0,264.2,0.0,21.4,23.0,23.0,24.5,300.0,300.0,29.5,32.0,27.9,27.200000000000003,29.1,4.95,1.99,4.97,0.16,0.0,0.0,1027.0,8228.0,0.0,0.0,0.0,0.0,0.0,1.0,0.0,0.0,0.0,0.0,0.0,-1.0,0.0,-0.9,0.0,0.0,16.0,25903.0
2026-07-30T18:57:24.857Z,14.34,14.352,-0.1,7.4,0.0,0.0,0.0,0.0,0.0,0.0,0.0,0.0,1.0,0.0,0.0,0.0,9.0,4.0,0.0,0.0,0.0,0.0,0.0,0.0,0.0,0.0,6.0,12.0,1.0,12.14,5.0200000000000005,2.51,1.49,0.0,0.0,0.0,301.2,0.0,-0.2,-0.4,-0.5,95.8,0.0,0.0,264.2,0.0,21.4,23.0,23.0,24.5,300.0,300.0,29.5,32.0,27.9,27.200000000000003,29.1,4.96,1.99,4.96,0.16,0.0,0.0,1027.0,8228.0,0.0,0.0,0.0,0.0,0.0,1.0,0.0,0.0,0.0,0.0,0.0,0.4,0.0,0.9,0.0,0.0,16.0,25903.0
2026-07-30T18:57:24.869Z,14.352,14.364,-0.1,7.4,0.0,0.0,0.0,0.0,0.0,0.0,0.0,0.0,1.0,0.0,0.0,0.0,9.0,4.0,0.0,0.0,0.0,0.0,0.0,0.0,0.0,0.0,1.0,12.0,1.0,12.14,5.0200000000000005,2.51,1.49,0.0,0.0,0.0,301.1,0.0,0.3,-0.4,0.5,95.8,0.0,0.0,264.2,0.0,21.4,23.0,23.0,24.5,300.0,300.0,29.5,32.0,27.9,27.200000000000003,29.1,4.95,1.99,4.97,0.16,0.0,0.0,1027.0,8228.0,0.0,0.0,0.0,0.0,0.0,1.0,0.0,0.0,0.0,0.0,0.0,-0.5,0.0,0.1,0.0,0.0,16.0,25903.0
2026-07-30T18:57:24.881Z,14.364,14.376,-0.1,7.4,0.0,0.0,0.0,0.0,0.0,0.0,0.0,0.0,1.0,0.0,0.0,0.0,9.0,4.0,0.0,0.0,0.0,0.0,0.0,0.0,0.0,0.0,3.0,12.0,1.0,12.14,5.0200000000000005,2.51,1.49,0.0,0.0,0.0,301.1,0.0,-0.8,0.0,-1.1,95.8,0.0,0.0,264.2,0.0,21.4,23.0,23.0,24.5,300.0,300.0,29.5,32.0,27.9,27.200000000000003,29.1,4.95,1.99,4.96,0.16,0.0,0.0,1027.0,8228.0,0.0,0.0,0.0,0.0,0.0,1.0,0.0,0.0,0.0,0.0,0.0,-0.3,0.0,-1.8,0.0,0.0,16.0,25903.0
2026-07-30T18:57:24.893Z,14.376,14.388,0.0,7.4,0.0,0.0,0.0,0.0,0.0,0.0,0.0,0.0,1.0,0.0,0.0,0.0,9.0,4.0,0.0,0.0,0.0,0.0,0.0,0.0,0.0,0.0,4.0,12.0,1.0,12.18,5.01,2.5,1.49,0.0,0.0,0.0,301.1,0.0,0.8,0.6000000000000001,1.1,95.8,0.0,0.0,264.2,0.0,20.9,23.0,23.0,24.6,300.0,300.0,29.4,32.1,27.9,27.200000000000003,29.1,4.96,2.0,4.96,0.16,0.0,0.0,1027.0,8228.0,0.0,0.0,0.0,0.0,0.0,1.0,0.0,0.0,0.0,0.0,0.0,1.1,0.0,0.6000000000000001,0.0,0.0,16.0,25903.0
2026-07-30T18:57:24.905Z,14.388,14.4,0.0,7.4,0.0,0.0,0.0,0.0,0.0,0.0,0.0,0.0,1.0,0.0,0.0,0.0,9.0,4.0,0.0,0.0,0.0,0.0,0.0,0.0,0.0,0.0,6.0,12.0,1.0,12.18,5.01,2.5,1.49,0.0,0.0,0.0,301.1,0.0,-0.9,-1.0,0.0,95.8,0.0,0.0,264.3,0.0,20.9,23.0,23.0,24.6,300.0,300.0,29.4,32.1,27.9,27.200000000000003,29.1,4.95,2.0,4.96,0.16,0.0,0.0,1027.0,8228.0,0.0,0.0,0.0,0.0,0.0,1.0,0.0,0.0,0.0,0.0,0.0,-0.1,0.0,1.1,0.0,0.0,16.0,25903.0
2026-07-30T18:57:24.918Z,14.401,14.412,0.0,7.4,0.0,0.0,0.0,0.0,0.0,0.0,0.0,0.0,1.0,0.0,0.0,0.0,9.0,4.0,0.0,0.0,0.0,0.0,0.0,0.0,0.0,0.0,1.0,12.0,1.0,12.18,5.01,2.5,1.49,0.0,0.0,0.0,301.1,0.0,0.2,-1.0,1.1,95.8,0.0,0.0,264.2,0.0,20.9,23.0,23.0,24.6,300.0,300.0,29.4,32.1,27.9,27.200000000000003,29.1,4.95,1.99,4.97,0.16,0.0,0.0,1027.0,8228.0,0.0,0.0,0.0,0.0,0.0,1.0,0.0,0.0,0.0,0.0,0.0,-1.2000000000000002,0.0,0.4,0.0,0.0,16.0,25903.0
2026-07-30T18:57:24.929Z,14.412,14.424,0.0,7.4,0.0,0.0,0.0,0.0,0.0,0.0,0.0,0.0,1.0,0.0,0.0,0.0,9.0,4.0,0.0,0.0,0.0,0.0,0.0,0.0,0.0,0.0,3.0,12.0,1.0,12.18,5.01,2.5,1.49,0.0,0.0,0.0,301.1,0.0,-0.2,0.0,-0.5,95.8,0.0,0.0,264.2,0.0,20.9,23.0,23.0,24.6,300.0,300.0,29.4,32.1,27.9,27.200000000000003,29.1,4.95,1.99,4.96,0.16,0.0,0.0,1027.0,8228.0,0.0,0.0,0.0,0.0,0.0,1.0,0.0,0.0,0.0,0.0,0.0,0.5,0.0,0.2,0.0,0.0,16.0,25903.0
2026-07-30T18:57:24.941Z,14.424,14.436,0.0,7.4,0.0,0.0,0.0,0.0,0.0,0.0,0.0,0.0,1.0,0.0,0.0,0.0,9.0,4.0,0.0,0.0,0.0,0.0,0.0,0.0,0.0,0.0,4.0,12.0,1.0,12.18,5.01,2.5,1.49,0.0,0.0,0.0,301.1,0.0,-0.2,-0.4,-1.1,95.8,0.0,0.0,264.2,0.0,20.9,23.0,23.0,24.6,300.0,300.0,29.4,32.1,27.9,27.200000000000003,29.1,4.96,1.99,4.96,0.16,0.0,0.0,1027.0,8228.0,0.0,0.0,0.0,0.0,0.0,1.0,0.0,0.0,0.0,0.0,0.0,1.0,0.0,1.3,0.0,0.0,16.0,25903.0
2026-07-30T18:57:24.953Z,14.436,14.448,0.0,7.4,0.0,0.0,0.0,0.0,0.0,0.0,0.0,0.0,1.0,0.0,0.0,0.0,9.0,4.0,0.0,0.0,0.0,0.0,0.0,0.0,0.0,0.0,6.0,12.0,1.0,12.18,5.01,2.5,1.49,0.0,0.1,0.0,301.1,0.0,0.2,0.0,-1.2000000000000002,95.8,0.0,0.0,264.2,0.0,20.9,23.0,23.0,24.6,300.0,300.0,29.4,32.1,27.9,27.200000000000003,29.1,4.95,1.99,4.97,0.16,0.0,0.0,1027.0,8228.0,0.0,0.0,0.0,0.0,0.0,1.0,0.0,0.0,0.0,0.0,0.0,1.1,0.0,0.7000000000000001,0.0,0.0,16.0,25903.0
2026-07-30T18:57:24.965Z,14.448,14.46,0.0,7.4,0.0,0.0,0.0,0.0,0.0,0.0,0.0,0.0,1.0,0.0,0.0,0.0,9.0,4.0,0.0,0.0,0.0,0.0,0.0,0.0,0.0,0.0,1.0,12.0,1.0,12.18,5.01,2.5,1.49,0.0,0.0,0.0,301.1,0.0,0.2,1.2000000000000002,0.5,95.8,0.0,0.0,264.2,0.0,20.9,23.0,23.0,24.6,300.0,300.0,29.4,32.1,27.9,27.200000000000003,29.1,4.96,1.99,4.97,0.16,0.0,0.0,1027.0,8228.0,0.0,0.0,0.0,0.0,0.0,1.0,0.0,0.0,0.0,0.0,0.0,-0.3,0.0,-1.8,0.0,0.0,16.0,25903.0
2026-07-30T18:57:24.977Z,14.46,14.472,0.0,7.4,0.0,0.0,0.0,0.0,0.0,0.0,0.0,0.0,1.0,0.0,0.0,0.0,9.0,4.0,0.0,0.0,0.0,0.0,0.0,0.0,0.0,0.0,3.0,12.0,1.0,12.18,5.01,2.5,1.49,0.0,0.0,0.0,301.1,0.0,0.8,2.4000000000000004,1.0,95.8,0.0,0.0,264.2,0.0,20.9,23.0,23.0,24.6,300.0,300.0,29.4,32.1,27.9,27.200000000000003,29.1,4.96,2.0,4.97,0.16,0.0,0.0,1027.0,8228.0,0.0,0.0,0.0,0.0,0.0,1.0,0.0,0.0,0.0,0.0,0.0,-0.7000000000000001,0.0,-3.5,0.0,0.0,16.0,25903.0
2026-07-30T18:57:24.990Z,14.473,14.484,0.0,7.4,0.0,0.0,0.0,0.0,0.0,0.0,0.0,0.0,1.0,0.0,0.0,0.0,9.0,4.0,0.0,0.0,0.0,0.0,0.0,0.0,0.0,0.0,4.0,12.0,1.0,12.14,5.01,2.51,1.5,0.0,0.0,0.0,301.1,0.0,0.8,0.6000000000000001,1.1,95.8,0.0,0.0,264.40000000000003,0.0,21.3,23.1,23.1,24.700000000000003,300.0,300.0,29.4,32.1,28.0,27.200000000000003,29.1,4.95,1.99,4.97,0.16,0.0,0.0,1027.0,8228.0,0.0,0.0,0.0,0.0,0.0,1.0,0.0,0.0,0.0,0.0,0.0,-0.9,0.0,-1.5,0.0,0.0,16.0,25903.0
2026-07-30T18:57:25.002Z,14.485,14.496,0.0,7.4,0.0,0.0,0.0,0.0,0.0,0.0,0.0,0.0,1.0,0.0,0.0,0.0,9.0,4.0,0.0,0.0,0.0,0.0,0.0,0.0,0.0,0.0,6.0,12.0,1.0,12.14,5.01,2.51,1.5,0.0,0.0,0.0,301.1,0.0,-0.3,0.6000000000000001,1.7000000000000002,95.8,0.0,0.0,264.2,0.0,21.3,23.1,23.1,24.700000000000003,300.0,300.0,29.4,32.1,28.0,27.200000000000003,29.1,4.96,1.99,4.97,0.16,0.0,0.0,1027.0,8228.0,0.0,0.0,0.0,0.0,0.0,1.0,0.0,0.0,0.0,0.0,0.0,-1.5,0.0,-1.9,0.0,0.0,16.0,25903.0
2026-07-30T18:57:25.013Z,14.496,14.508,0.0,7.4,0.0,0.0,0.0,0.0,0.0,0.0,0.0,0.0,1.0,0.0,0.0,0.0,9.0,4.0,0.0,0.0,0.0,0.0,0.0,0.0,0.0,0.0,6.0,12.0,1.0,12.14,5.01,2.51,1.5,0.0,0.0,0.0,301.1,0.0,0.2,0.0,0.0,95.8,0.0,0.0,264.40000000000003,0.0,21.3,23.1,23.1,24.700000000000003,300.0,300.0,29.4,32.1,28.0,27.200000000000003,29.1,4.96,1.99,4.96,0.16,0.0,0.0,1027.0,8228.0,0.0,0.0,0.0,0.0,0.0,1.0,0.0,0.0,0.0,0.0,0.0,0.0,0.0,0.0,0.0,0.0,16.0,25903.0
2026-07-30T18:57:25.025Z,14.508,14.52,0.0,7.4,0.0,0.0,0.0,0.0,0.0,0.0,0.0,0.0,1.0,0.0,0.0,0.0,9.0,4.0,0.0,0.0,0.0,0.0,0.0,0.0,0.0,0.0,1.0,12.0,1.0,12.14,5.01,2.51,1.5,0.0,0.0,0.0,301.1,0.0,0.2,0.0,0.0,95.8,0.0,0.0,264.2,0.0,21.3,23.1,23.1,24.700000000000003,300.0,300.0,29.4,32.1,28.0,27.200000000000003,29.1,4.96,1.99,4.97,0.16,0.0,0.0,1027.0,8228.0,0.0,0.0,0.0,0.0,0.0,1.0,0.0,0.0,0.0,0.0,0.0,0.0,0.0,0.0,0.0,0.0,16.0,25903.0
2026-07-30T18:57:25.037Z,14.52,14.532,0.0,7.4,0.0,0.0,0.0,0.0,0.0,0.0,0.0,0.0,1.0,0.0,0.0,0.0,9.0,4.0,0.0,0.0,0.0,0.0,0.0,0.0,0.0,0.0,3.0,12.0,1.0,12.14,5.01,2.51,1.5,0.0,0.1,0.0,301.1,0.0,-1.5,-0.5,-1.1,95.8,0.0,0.0,264.2,0.0,21.3,23.1,23.1,24.700000000000003,300.0,300.0,29.4,32.1,28.0,27.200000000000003,29.1,4.95,1.99,4.97,0.16,0.0,0.0,1027.0,8228.0,0.0,0.0,0.0,0.0,0.0,1.0,0.0,0.0,0.0,0.0,0.0,1.0,0.0,1.4,0.0,0.0,16.0,25903.0
2026-07-30T18:57:25.050Z,14.533,14.544,0.0,7.4,0.0,0.0,0.0,0.0,0.0,0.0,0.0,0.0,1.0,0.0,0.0,0.0,9.0,4.0,0.0,0.0,0.0,0.0,0.0,0.0,0.0,0.0,4.0,12.0,1.0,12.14,5.01,2.51,1.5,0.0,0.0,0.0,301.1,0.0,0.2,-0.5,0.5,95.8,0.0,0.0,264.2,0.0,21.3,23.1,23.1,24.700000000000003,300.0,300.0,29.4,32.1,28.0,27.200000000000003,29.1,4.96,1.99,4.96,0.16,0.0,0.0,1027.0,8228.0,0.0,0.0,0.0,0.0,0.0,1.0,0.0,0.0,0.0,0.0,0.0,-0.6000000000000001,0.0,0.1,0.0,0.0,16.0,25903.0
2026-07-30T18:57:25.062Z,14.545,14.556,0.0,7.4,0.0,0.0,0.0,0.0,0.0,0.0,0.0,0.0,1.0,0.0,0.0,0.0,9.0,4.0,0.0,0.0,0.0,0.0,0.0,0.0,0.0,0.0,5.0,12.0,1.0,12.14,5.01,2.51,1.5,0.0,0.0,0.0,301.1,0.0,0.8,-1.0,-0.6000000000000001,95.8,0.0,0.0,264.2,0.0,21.3,23.1,23.1,24.700000000000003,300.0,300.0,29.4,32.1,28.0,27.200000000000003,29.1,4.95,1.99,4.96,0.16,0.0,0.0,1027.0,8228.0,0.0,0.0,0.0,0.0,0.0,1.0,0.0,0.0,0.0,0.0,0.0,0.4,0.0,1.7000000000000002,0.0,0.0,16.0,25903.0
2026-07-30T18:57:25.073Z,14.556,14.568,0.0,7.4,0.0,0.0,0.0,0.0,0.0,0.0,0.0,0.0,1.0,0.0,0.0,0.0,9.0,4.0,0.0,0.0,0.0,0.0,0.0,0.0,0.0,0.0,6.0,12.0,1.0,12.14,5.01,2.51,1.5,0.0,0.0,0.0,301.1,0.0,-0.3,1.2000000000000002,-1.2000000000000002,95.8,0.0,0.0,264.2,0.0,21.3,23.1,23.1,24.700000000000003,300.0,300.0,29.4,32.1,28.0,27.200000000000003,29.1,4.95,1.99,4.96,0.16,0.0,0.0,1027.0,8228.0,0.0,0.0,0.0,0.0,0.0,1.0,0.0,0.0,0.0,0.0,0.0,1.3,0.0,-0.5,0.0,0.0,16.0,25903.0
2026-07-30T18:57:25.085Z,14.568,14.58,0.0,7.4,0.0,0.0,0.0,0.0,0.0,0.0,0.0,0.0,1.0,0.0,0.0,0.0,9.0,4.0,0.0,0.0,0.0,0.0,0.0,0.0,0.0,0.0,1.0,12.0,1.0,12.14,5.01,2.51,1.5,0.0,0.0,0.0,301.1,0.0,-0.3,0.0,0.0,95.8,0.0,0.0,264.2,0.0,21.3,23.1,23.1,24.700000000000003,300.0,300.0,29.4,32.1,28.0,27.200000000000003,29.1,4.95,1.99,4.96,0.16,0.0,0.0,1027.0,8228.0,0.0,0.0,0.0,0.0,0.0,1.0,0.0,0.0,0.0,0.0,0.0,0.0,0.0,0.0,0.0,0.0,16.0,25903.0
2026-07-30T18:57:25.097Z,14.58,14.592,0.0,7.4,0.0,0.0,0.0,0.0,0.0,0.0,0.0,0.0,1.0,0.0,0.0,0.0,9.0,4.0,0.0,0.0,0.0,0.0,0.0,0.0,0.0,0.0,2.0,12.0,1.0,12.18,5.01,2.51,1.49,0.0,0.0,0.0,301.1,0.0,-0.3,0.0,1.6,95.8,0.0,0.0,264.3,0.0,21.4,23.1,23.1,24.700000000000003,300.0,300.0,29.4,32.0,28.0,27.200000000000003,29.1,4.96,1.99,4.96,0.16,0.0,0.0,1027.0,8228.0,0.0,0.0,0.0,0.0,0.0,1.0,0.0,0.0,0.0,0.0,0.0,-1.5,0.0,-1.1,0.0,0.0,16.0,25903.0
2026-07-30T18:57:25.110Z,14.593,14.604,0.0,7.4,0.0,0.0,0.0,0.0,0.0,0.0,0.0,0.0,1.0,0.0,0.0,0.0,9.0,4.0,0.0,0.0,0.0,0.0,0.0,0.0,0.0,0.0,3.0,12.0,1.0,12.18,5.01,2.51,1.49,0.0,0.0,0.0,301.1,0.0,0.2,0.0,-0.6000000000000001,95.8,0.0,0.0,264.2,0.0,21.4,23.1,23.1,24.700000000000003,300.0,300.0,29.4,32.0,28.0,27.200000000000003,29.1,4.95,1.99,4.97,0.16,0.0,0.0,1027.0,8228.0,0.0,0.0,0.0,0.0,0.0,1.0,0.0,0.0,0.0,0.0,0.0,0.6000000000000001,0.0,0.3,0.0,0.0,16.0,25903.0
2026-07-30T18:57:25.121Z,14.604,14.616,0.0,7.4,0.0,0.0,0.0,0.0,0.0,0.0,0.0,0.0,1.0,0.0,0.0,0.0,9.0,4.0,0.0,0.0,0.0,0.0,0.0,0.0,0.0,0.0,3.0,12.0,1.0,12.18,5.01,2.51,1.49,0.0,0.0,0.0,301.1,0.0,-0.8,0.0,-0.1,95.8,0.0,0.0,264.2,0.0,21.4,23.1,23.1,24.700000000000003,300.0,300.0,29.4,32.0,28.0,27.200000000000003,29.1,4.95,1.99,4.96,0.16,0.0,0.0,1027.0,8228.0,0.0,0.0,0.0,0.0,0.0,1.0,0.0,0.0,0.0,0.0,0.0,0.1,0.0,0.0,0.0,0.0,16.0,25903.0
2026-07-30T18:57:25.133Z,14.616,14.628,0.0,7.4,0.0,0.0,0.0,0.0,0.0,0.0,0.0,0.0,1.0,0.0,0.0,0.0,9.0,4.0,0.0,0.0,0.0,0.0,0.0,0.0,0.0,0.0,5.0,12.0,1.0,12.18,5.01,2.51,1.49,0.0,0.0,0.0,301.1,0.0,0.3,0.6000000000000001,-1.9,95.8,0.0,0.0,264.2,0.0,21.4,23.1,23.1,24.700000000000003,300.0,300.0,29.4,32.0,28.0,27.200000000000003,29.1,4.95,1.99,4.96,0.16,0.0,0.0,1027.0,8228.0,0.0,0.0,0.0,0.0,0.0,1.0,0.0,0.0,0.0,0.0,0.0,1.8,0.0,0.5,0.0,0.0,16.0,25903.0
2026-07-30T18:57:25.145Z,14.628,14.64,0.0,7.4,0.0,0.0,0.0,0.0,0.0,0.0,0.0,0.0,1.0,0.0,0.0,0.0,9.0,4.0,0.0,0.0,0.0,0.0,0.0,0.0,0.0,0.0,5.0,12.0,1.0,12.18,5.01,2.51,1.49,0.0,0.0,0.0,301.1,0.0,1.5,0.7000000000000001,1.0,95.8,0.0,0.0,264.3,0.0,21.4,23.1,23.1,24.700000000000003,300.0,300.0,29.4,32.0,28.0,27.200000000000003,29.1,4.95,1.99,4.96,0.16,0.0,0.0,1027.0,8228.0,0.0,0.0,0.0,0.0,0.0,1.0,0.0,0.0,0.0,0.0,0.0,-0.9,0.0,-1.5,0.0,0.0,16.0,25903.0
2026-07-30T18:57:25.158Z,14.641,14.652,0.0,7.4,0.0,0.0,0.0,0.0,0.0,0.0,0.0,0.0,1.0,0.0,0.0,0.0,9.0,4.0,0.0,0.0,0.0,0.0,0.0,0.0,0.0,0.0,6.0,12.0,1.0,12.18,5.01,2.51,1.49,0.0,0.0,0.0,301.1,0.0,0.3,-1.0,0.0,95.8,0.0,0.0,264.2,0.0,21.4,23.1,23.1,24.700000000000003,300.0,300.0,29.4,32.0,28.0,27.200000000000003,29.1,4.95,1.99,4.97,0.16,0.0,0.0,1027.0,8228.0,0.0,0.0,0.0,0.0,0.0,1.0,0.0,0.0,0.0,0.0,0.0,0.0,0.0,1.1,0.0,0.0,16.0,25903.0
2026-07-30T18:57:25.169Z,14.652,14.664,0.0,7.4,0.0,0.0,0.0,0.0,0.0,0.0,0.0,0.0,1.0,0.0,0.0,0.0,9.0,4.0,0.0,0.0,0.0,0.0,0.0,0.0,0.0,0.0,1.0,12.0,1.0,12.18,5.01,2.51,1.49,0.0,0.0,0.0,301.1,0.0,0.3,0.7000000000000001,0.0,95.8,0.0,0.0,264.2,0.0,21.4,23.1,23.1,24.700000000000003,300.0,300.0,29.4,32.0,28.0,27.200000000000003,29.1,4.95,1.99,4.96,0.16,0.0,0.0,1027.0,8228.0,0.0,0.0,0.0,0.0,0.0,1.0,0.0,0.0,0.0,0.0,0.0,0.1,0.0,-0.7000000000000001,0.0,0.0,16.0,25903.0
2026-07-30T18:57:25.181Z,14.664,14.676,0.0,7.4,0.0,0.0,0.0,0.0,0.0,0.0,0.0,0.0,1.0,0.0,0.0,0.0,9.0,4.0,0.0,0.0,0.0,0.0,0.0,0.0,0.0,0.0,3.0,12.0,1.0,12.18,5.01,2.51,1.49,0.0,0.0,0.0,301.1,0.0,-0.2,-0.4,0.0,95.8,0.0,0.0,264.3,0.0,21.4,23.1,23.1,24.700000000000003,300.0,300.0,29.4,32.0,28.0,27.200000000000003,29.1,4.95,1.99,4.96,0.16,0.0,0.0,1027.0,8228.0,0.0,0.0,0.0,0.0,0.0,1.0,0.0,0.0,0.0,0.0,0.0,0.0,0.0,0.5,0.0,0.0,16.0,25903.0
2026-07-30T18:57:25.194Z,14.677,14.688,0.0,7.4,0.0,0.0,0.0,0.0,0.0,0.0,0.0,0.0,1.0,0.0,0.0,0.0,9.0,4.0,0.0,0.0,0.0,0.0,0.0,0.0,0.0,0.0,4.0,12.0,1.0,12.1,5.0200000000000005,2.51,1.49,0.0,0.0,0.0,301.1,0.0,-0.2,0.7000000000000001,1.1,95.8,0.0,0.0,264.3,0.0,21.700000000000003,23.200000000000003,23.200000000000003,24.8,300.0,300.0,29.3,32.0,27.9,27.200000000000003,29.1,4.95,1.99,4.97,0.16,0.0,0.0,1027.0,8228.0,0.0,0.0,0.0,0.0,0.0,1.0,0.0,0.0,0.0,0.0,0.0,-0.9,0.0,-1.6,0.0,0.0,16.0,25903.0
2026-07-30T18:57:25.205Z,14.688,14.7,0.0,7.4,0.0,0.0,0.0,0.0,0.0,0.0,0.0,0.0,1.0,0.0,0.0,0.0,9.0,4.0,0.0,0.0,0.0,0.0,0.0,0.0,0.0,0.0,5.0,12.0,1.0,12.1,5.0200000000000005,2.51,1.49,0.0,0.0,0.0,301.1,0.0,-0.2,-1.0,-1.2000000000000002,95.8,0.0,0.0,264.2,0.0,21.700000000000003,23.200000000000003,23.200000000000003,24.8,300.0,300.0,29.3,32.0,27.9,27.200000000000003,29.1,4.95,1.99,4.96,0.16,0.0,0.0,1027.0,8228.0,0.0,0.0,0.0,0.0,0.0,1.0,0.0,0.0,0.0,0.0,0.0,1.0,0.0,1.9,0.0,0.0,16.0,25903.0
2026-07-30T18:57:25.217Z,14.7,14.712,-0.1,7.4,0.0,0.0,0.0,0.0,0.0,0.0,0.0,0.0,1.0,0.0,0.0,0.0,9.0,4.0,0.0,0.0,0.0,0.0,0.0,0.0,0.0,0.0,6.0,12.0,1.0,12.1,5.0200000000000005,2.51,1.49,0.0,0.0,0.0,301.1,0.0,-0.7000000000000001,-0.3,0.5,95.8,0.0,0.0,264.2,0.0,21.700000000000003,23.200000000000003,23.200000000000003,24.8,300.0,300.0,29.3,32.0,27.9,27.200000000000003,29.1,4.95,2.0,4.96,0.16,0.0,0.0,1027.0,8228.0,0.0,0.0,0.0,0.0,0.0,1.0,0.0,0.0,0.0,0.0,0.0,-0.5,0.0,0.0,0.0,0.0,16.0,25903.0
2026-07-30T18:57:25.229Z,14.712,14.724,-0.1,7.4,0.0,0.0,0.0,0.0,0.0,0.0,0.0,0.0,1.0,0.0,0.0,0.0,9.0,4.0,0.0,0.0,0.0,0.0,0.0,0.0,0.0,0.0,2.0,12.0,1.0,12.1,5.0200000000000005,2.51,1.49,0.0,0.0,0.0,301.1,0.0,0.4,1.3,-0.5,95.8,0.0,0.0,264.2,0.0,21.700000000000003,23.200000000000003,23.200000000000003,24.8,300.0,300.0,29.3,32.0,27.9,27.200000000000003,29.1,4.95,1.99,4.96,0.16,0.0,0.0,1027.0,8228.0,0.0,0.0,0.0,0.0,0.0,1.0,0.0,0.0,0.0,0.0,0.0,0.7000000000000001,0.0,-1.1,0.0,0.0,16.0,25903.0
2026-07-30T18:57:25.241Z,14.724,14.736,-0.1,7.4,0.0,0.0,0.0,0.0,0.0,0.0,0.0,0.0,1.0,0.0,0.0,0.0,9.0,4.0,0.0,0.0,0.0,0.0,0.0,0.0,0.0,0.0,3.0,12.0,1.0,12.1,5.0200000000000005,2.51,1.49,0.0,0.1,0.0,301.1,0.0,0.9,-0.4,1.1,95.8,0.0,0.0,264.2,0.0,21.700000000000003,23.200000000000003,23.200000000000003,24.8,300.0,300.0,29.3,32.0,27.9,27.200000000000003,29.1,4.95,1.99,4.97,0.16,0.0,0.0,1027.0,8228.0,0.0,0.0,0.0,0.0,0.0,1.0,0.0,0.0,0.0,0.0,0.0,-1.1,0.0,-0.2,0.0,0.0,16.0,25903.0
2026-07-30T18:57:25.253Z,14.736,14.748,-0.1,7.4,0.0,0.0,0.0,0.0,0.0,0.0,0.0,0.0,1.0,0.0,0.0,0.0,9.0,4.0,0.0,0.0,0.0,0.0,0.0,0.0,0.0,0.0,4.0,12.0,1.0,12.1,5.0200000000000005,2.51,1.49,0.0,0.1,0.0,301.1,0.0,-0.2,-0.4,-0.5,95.8,0.0,0.0,264.2,0.0,21.700000000000003,23.200000000000003,23.200000000000003,24.8,300.0,300.0,29.3,32.0,27.9,27.200000000000003,29.1,4.96,1.99,4.96,0.16,0.0,0.0,1027.0,8228.0,0.0,0.0,0.0,0.0,0.0,1.0,0.0,0.0,0.0,0.0,0.0,0.5,0.0,0.8,0.0,0.0,16.0,25903.0
2026-07-30T18:57:25.265Z,14.748,14.76,-0.1,7.4,0.0,0.0,0.0,0.0,0.0,0.0,0.0,0.0,1.0,0.0,0.0,0.0,9.0,4.0,0.0,0.0,0.0,0.0,0.0,0.0,0.0,0.0,5.0,12.0,1.0,12.1,5.0200000000000005,2.51,1.49,0.0,0.0,0.0,301.1,0.0,0.3,0.0,0.0,95.8,0.0,0.0,264.2,0.0,21.700000000000003,23.200000000000003,23.200000000000003,24.8,300.0,300.0,29.3,32.0,27.9,27.200000000000003,29.1,4.96,1.99,4.96,0.16,0.0,0.0,1027.0,8228.0,0.0,0.0,0.0,0.0,0.0,1.0,0.0,0.0,0.0,0.0,0.0,0.0,0.0,0.0,0.0,0.0,16.0,25903.0
2026-07-30T18:57:25.277Z,14.76,14.772,-0.1,7.4,0.0,0.0,0.0,0.0,0.0,0.0,0.0,0.0,1.0,0.0,0.0,0.0,9.0,4.0,0.0,0.0,0.0,0.0,0.0,0.0,0.0,0.0,6.0,12.0,1.0,12.1,5.0200000000000005,2.51,1.49,0.0,0.0,0.0,301.1,0.0,-0.8,0.0,0.0,95.8,0.0,0.0,264.2,0.0,21.700000000000003,23.200000000000003,23.200000000000003,24.8,300.0,300.0,29.3,32.0,27.9,27.200000000000003,29.1,4.95,2.0,4.96,0.16,0.0,0.0,1027.0,8228.0,0.0,0.0,0.0,0.0,0.0,1.0,0.0,0.0,0.0,0.0,0.0,0.0,0.0,0.0,0.0,0.0,16.0,25903.0
2026-07-30T18:57:25.289Z,14.772,14.784,0.0,7.4,0.0,0.0,0.0,0.0,0.0,0.0,0.0,0.0,1.0,0.0,0.0,0.0,9.0,4.0,0.0,0.0,0.0,0.0,0.0,0.0,0.0,0.0,1.0,12.0,1.0,12.1,5.0200000000000005,2.51,1.49,0.0,0.0,0.0,301.1,0.0,-0.2,-0.4,0.0,95.8,0.0,0.0,264.2,0.0,21.700000000000003,23.200000000000003,23.200000000000003,24.8,300.0,300.0,29.3,32.0,27.9,27.200000000000003,29.1,4.96,2.0,4.97,0.16,0.0,0.0,1027.0,8228.0,0.0,0.0,0.0,0.0,0.0,1.0,0.0,0.0,0.0,0.0,0.0,0.0,0.0,0.5,0.0,0.0,16.0,25903.0
2026-07-30T18:57:25.301Z,14.784,14.796,-0.1,7.4,0.0,0.0,0.0,0.0,0.0,0.0,0.0,0.0,1.0,0.0,0.0,0.0,9.0,4.0,0.0,0.0,0.0,0.0,0.0,0.0,0.0,0.0,2.0,12.0,1.0,12.14,5.0200000000000005,2.51,1.5,0.0,0.0,0.0,301.1,0.0,1.4,1.2000000000000002,2.3000000000000003,95.8,0.0,0.0,264.3,0.0,21.700000000000003,23.3,23.3,24.8,300.0,300.0,29.4,32.0,28.0,27.1,29.1,4.95,1.99,4.97,0.16,0.0,0.0,1027.0,8228.0,0.0,0.0,0.0,0.0,0.0,1.0,0.0,0.0,0.0,0.0,0.0,-2.0,0.0,-2.9000000000000004,0.0,0.0,16.0,25903.0
2026-07-30T18:57:25.314Z,14.797,14.808,-0.1,7.4,0.0,0.0,0.0,0.0,0.0,0.0,0.0,0.0,1.0,0.0,0.0,0.0,9.0,4.0,0.0,0.0,0.0,0.0,0.0,0.0,0.0,0.0,3.0,12.0,1.0,12.14,5.0200000000000005,2.51,1.5,0.0,0.0,0.0,301.1,0.0,0.2,0.0,0.0,95.8,0.0,0.0,264.2,0.0,21.700000000000003,23.3,23.3,24.8,300.0,300.0,29.4,32.0,28.0,27.1,29.1,4.95,1.99,4.97,0.16,0.0,0.0,1027.0,8228.0,0.0,0.0,0.0,0.0,0.0,1.0,0.0,0.0,0.0,0.0,0.0,0.0,0.0,0.0,0.0,0.0,16.0,25903.0
2026-07-30T18:57:25.325Z,14.808,14.82,0.0,7.4,0.0,0.0,0.0,0.0,0.0,0.0,0.0,0.0,1.0,0.0,0.0,0.0,9.0,4.0,0.0,0.0,0.0,0.0,0.0,0.0,0.0,0.0,3.0,12.0,1.0,12.14,5.0200000000000005,2.51,1.5,0.0,0.0,0.0,301.1,0.0,0.2,0.6000000000000001,0.5,95.8,0.0,0.0,264.3,0.0,21.700000000000003,23.3,23.3,24.8,300.0,300.0,29.4,32.0,28.0,27.1,29.1,4.95,1.99,4.97,0.16,0.0,0.0,1027.0,8228.0,0.0,0.0,0.0,0.0,0.0,1.0,0.0,0.0,0.0,0.0,0.0,-0.4,0.0,-1.0,0.0,0.0,16.0,25903.0
2026-07-30T18:57:25.337Z,14.82,14.832,0.0,7.4,0.0,0.0,0.0,0.0,0.0,0.0,0.0,0.0,1.0,0.0,0.0,0.0,9.0,4.0,0.0,0.0,0.0,0.0,0.0,0.0,0.0,0.0,4.0,12.0,1.0,12.14,5.0200000000000005,2.51,1.5,0.0,0.0,0.0,301.1,0.0,-0.3,-0.5,0.0,95.8,0.0,0.0,264.2,0.0,21.700000000000003,23.3,23.3,24.8,300.0,300.0,29.4,32.0,28.0,27.1,29.1,4.96,1.99,4.96,0.16,0.0,0.0,1027.0,8228.0,0.0,0.0,0.0,0.0,0.0,1.0,0.0,0.0,0.0,0.0,0.0,0.0,0.0,0.6000000000000001,0.0,0.0,16.0,25903.0
2026-07-30T18:57:25.349Z,14.832,14.844,0.0,7.4,0.0,0.0,0.0,0.0,0.0,0.0,0.0,0.0,1.0,0.0,0.0,0.0,9.0,4.0,0.0,0.0,0.0,0.0,0.0,0.0,0.0,0.0,6.0,12.0,1.0,12.14,5.0200000000000005,2.51,1.5,0.0,0.0,0.0,301.1,0.0,0.8,-0.5,0.0,95.8,0.0,0.0,264.2,0.0,21.700000000000003,23.3,23.3,24.8,300.0,300.0,29.4,32.0,28.0,27.1,29.1,4.95,1.99,4.97,0.16,0.0,0.0,1027.0,8228.0,0.0,0.0,0.0,0.0,0.0,1.0,0.0,0.0,0.0,0.0,0.0,0.0,0.0,0.7000000000000001,0.0,0.0,16.0,25903.0
2026-07-30T18:57:25.361Z,14.844,14.856,0.0,7.4,0.0,0.0,0.0,0.0,0.0,0.0,0.0,0.0,1.0,0.0,0.0,0.0,9.0,4.0,0.0,0.0,0.0,0.0,0.0,0.0,0.0,0.0,6.0,12.0,1.0,12.14,5.0200000000000005,2.51,1.5,0.0,0.0,0.0,301.1,0.0,0.2,1.7000000000000002,2.2,95.8,0.0,0.0,264.2,0.0,21.700000000000003,23.3,23.3,24.8,300.0,300.0,29.4,32.0,28.0,27.1,29.1,4.95,1.99,4.96,0.16,0.0,0.0,1027.0,8228.0,0.0,0.0,0.0,0.0,0.0,1.0,0.0,0.0,0.0,0.0,0.0,-1.8,0.0,-3.5,0.0,0.0,16.0,25903.0
2026-07-30T18:57:25.373Z,14.856,14.868,0.0,7.4,0.0,0.0,0.0,0.0,0.0,0.0,0.0,0.0,1.0,0.0,0.0,0.0,9.0,4.0,0.0,0.0,0.0,0.0,0.0,0.0,0.0,0.0,1.0,12.0,1.0,12.14,5.0200000000000005,2.51,1.5,0.0,0.0,0.0,301.1,0.0,0.2,0.0,-1.2000000000000002,95.8,0.0,0.0,264.2,0.0,21.700000000000003,23.3,23.3,24.8,300.0,300.0,29.4,32.0,28.0,27.1,29.1,4.96,1.99,4.96,0.16,0.0,0.0,1027.0,8228.0,0.0,0.0,0.0,0.0,0.0,1.0,0.0,0.0,0.0,0.0,0.0,1.1,0.0,0.8,0.0,0.0,16.0,25903.0
2026-07-30T18:57:25.385Z,14.868,14.88,0.0,7.4,0.0,0.0,0.0,0.0,0.0,0.0,0.0,0.0,1.0,0.0,0.0,0.0,9.0,4.0,0.0,0.0,0.0,0.0,0.0,0.0,0.0,0.0,3.0,12.0,1.0,12.14,5.0200000000000005,2.51,1.5,0.0,0.0,0.0,301.1,0.0,0.2,0.0,0.0,95.8,0.0,0.0,264.2,0.0,21.700000000000003,23.3,23.3,24.8,300.0,300.0,29.4,32.0,28.0,27.1,29.1,4.95,1.99,4.96,0.16,0.0,0.0,1027.0,8228.0,0.0,0.0,0.0,0.0,0.0,1.0,0.0,0.0,0.0,0.0,0.0,0.6000000000000001,0.0,0.3,0.0,0.0,16.0,25903.0
2026-07-30T18:57:25.398Z,14.881,14.892,0.0,7.4,0.0,0.0,0.0,0.0,0.0,0.0,0.0,0.0,1.0,0.0,0.0,0.0,9.0,4.0,0.0,0.0,0.0,0.0,0.0,0.0,0.0,0.0,4.0,12.0,1.0,12.18,5.01,2.51,1.49,0.0,0.0,0.0,301.1,0.0,0.2,-0.5,1.6,95.8,0.0,0.0,264.2,0.0,21.3,23.3,23.3,24.9,300.0,300.0,29.4,32.1,27.9,27.200000000000003,29.1,4.96,1.99,4.96,0.16,0.0,0.0,1027.0,8228.0,0.0,0.0,0.0,0.0,0.0,1.0,0.0,0.0,0.0,0.0,0.0,0.0,0.0,1.4,0.0,0.0,16.0,25903.0
2026-07-30T18:57:25.409Z,14.892,14.904,0.0,7.4,0.0,0.0,0.0,0.0,0.0,0.0,0.0,0.0,1.0,0.0,0.0,0.0,9.0,4.0,0.0,0.0,0.0,0.0,0.0,0.0,0.0,0.0,5.0,12.0,1.0,12.18,5.01,2.51,1.49,0.0,0.0,0.0,301.1,0.0,0.8,1.1,0.0,95.8,0.0,0.0,264.2,0.0,21.3,23.3,23.3,24.9,300.0,300.0,29.4,32.1,27.9,27.200000000000003,29.1,4.96,2.0,4.96,0.16,0.0,0.0,1027.0,8228.0,0.0,0.0,0.0,0.0,0.0,1.0,0.0,0.0,0.0,0.0,0.0,-0.4,0.0,-0.3,0.0,0.0,16.0,25903.0
2026-07-30T18:57:25.421Z,14.904,14.916,0.0,7.4,0.0,0.0,0.0,0.0,0.0,0.0,0.0,0.0,1.0,0.0,0.0,0.0,9.0,4.0,0.0,0.0,0.0,0.0,0.0,0.0,0.0,0.0,1.0,12.0,1.0,12.18,5.01,2.51,1.49,0.0,0.0,0.0,301.1,0.0,-0.8,-1.1,-0.6000000000000001,95.8,0.0,0.0,264.2,0.0,21.3,23.3,23.3,24.9,300.0,300.0,29.4,32.1,27.9,27.200000000000003,29.1,4.96,1.99,4.96,0.16,0.0,0.0,1027.0,8228.0,0.0,0.0,0.0,0.0,0.0,1.0,0.0,0.0,0.0,0.0,0.0,0.5,0.0,1.7000000000000002,0.0,0.0,16.0,25903.0
2026-07-30T18:57:25.433Z,14.916,14.928,0.0,7.4,0.0,0.0,0.0,0.0,0.0,0.0,0.0,0.0,1.0,0.0,0.0,0.0,9.0,4.0,0.0,0.0,0.0,0.0,0.0,0.0,0.0,0.0,1.0,12.0,1.0,12.18,5.01,2.51,1.49,0.0,0.0,0.0,301.1,0.0,-0.2,-1.1,0.5,95.8,0.0,0.0,264.3,0.0,21.3,23.3,23.3,24.9,300.0,300.0,29.4,32.1,27.9,27.200000000000003,29.1,4.95,1.99,4.96,0.16,0.0,0.0,1027.0,8228.0,0.0,0.0,0.0,0.0,0.0,1.0,0.0,0.0,0.0,0.0,0.0,-0.6000000000000001,0.0,0.9,0.0,0.0,16.0,25903.0
2026-07-30T18:57:25.445Z,14.928,14.94,0.0,7.4,0.0,0.0,0.0,0.0,0.0,0.0,0.0,0.0,1.0,0.0,0.0,0.0,9.0,4.0,0.0,0.0,0.0,0.0,0.0,0.0,0.0,0.0,3.0,12.0,1.0,12.18,5.01,2.51,1.49,0.0,0.0,0.0,301.1,0.0,0.2,-1.1,-0.1,95.8,0.0,0.0,264.2,0.0,21.3,23.3,23.3,24.9,300.0,300.0,29.4,32.1,27.9,27.200000000000003,29.1,4.96,2.0,4.96,0.16,0.0,0.0,1027.0,8228.0,0.0,0.0,0.0,0.0,0.0,1.0,0.0,0.0,0.0,0.0,0.0,0.0,0.0,1.3,0.0,0.0,16.0,25903.0
2026-07-30T18:57:25.457Z,14.94,14.952,0.0,7.4,0.0,0.0,0.0,0.0,0.0,0.0,0.0,0.0,1.0,0.0,0.0,0.0,9.0,4.0,0.0,0.0,0.0,0.0,0.0,0.0,0.0,0.0,4.0,12.0,1.0,12.18,5.01,2.51,1.49,0.0,0.0,0.0,301.1,0.0,0.8,1.2000000000000002,-0.6000000000000001,95.8,0.0,0.0,264.2,0.0,21.3,23.3,23.3,24.9,300.0,300.0,29.4,32.1,27.9,27.200000000000003,29.1,4.96,2.0,4.96,0.16,0.0,0.0,1027.0,8228.0,0.0,0.0,0.0,0.0,0.0,1.0,0.0,0.0,0.0,0.0,0.0,0.7000000000000001,0.0,-0.9,0.0,0.0,16.0,25903.0
2026-07-30T18:57:25.469Z,14.952,14.964,0.0,7.4,0.0,0.0,0.0,0.0,0.0,0.0,0.0,0.0,1.0,0.0,0.0,0.0,9.0,4.0,0.0,0.0,0.0,0.0,0.0,0.0,0.0,0.0,5.0,12.0,1.0,12.18,5.01,2.51,1.49,0.0,0.0,0.0,301.1,0.0,-0.2,-1.0,-0.1,95.8,0.0,0.0,264.2,0.0,21.3,23.3,23.3,24.9,300.0,300.0,29.4,32.1,27.9,27.200000000000003,29.1,4.95,1.99,4.96,0.16,0.0,0.0,1027.0,8228.0,0.0,0.0,0.0,0.0,0.0,1.0,0.0,0.0,0.0,0.0,0.0,0.0,0.0,1.3,0.0,0.0,16.0,25903.0
2026-07-30T18:57:25.481Z,14.964,14.976,0.0,7.4,0.0,0.0,0.0,0.0,0.0,0.0,0.0,0.0,1.0,0.0,0.0,0.0,9.0,4.0,0.0,0.0,0.0,0.0,0.0,0.0,0.0,0.0,1.0,12.0,1.0,12.18,5.01,2.51,1.49,0.0,0.0,0.0,301.1,0.0,0.8,0.6000000000000001,-0.1,95.8,0.0,0.0,264.2,0.0,21.3,23.3,23.3,24.9,300.0,300.0,29.4,32.1,27.9,27.200000000000003,29.1,4.95,1.99,4.97,0.16,0.0,0.0,1027.0,8228.0,0.0,0.0,0.0,0.0,0.0,1.0,0.0,0.0,0.0,0.0,0.0,0.1,0.0,-0.7000000000000001,0.0,0.0,16.0,25903.0
2026-07-30T18:57:25.493Z,14.976,14.988,0.0,7.4,0.0,0.0,0.0,0.0,0.0,0.0,0.0,0.0,1.0,0.0,0.0,0.0,9.0,4.0,0.0,0.0,0.0,0.0,0.0,0.0,0.0,0.0,3.0,12.0,1.0,12.18,5.01,2.51,1.49,0.0,0.0,0.0,301.1,0.0,0.8,-1.0,-0.1,95.8,0.0,0.0,264.2,0.0,21.3,23.3,23.3,24.9,300.0,300.0,29.4,32.1,27.9,27.200000000000003,29.1,4.96,1.99,4.96,0.16,0.0,0.0,1027.0,8228.0,0.0,0.0,0.0,0.0,0.0,1.0,0.0,0.0,0.0,0.0,0.0,0.0,0.0,1.2000000000000002,0.0,0.0,16.0,25903.0
2026-07-30T18:57:25.505Z,14.988,15.0,0.0,7.4,0.0,0.0,0.0,0.0,0.0,0.0,0.0,0.0,1.0,0.0,0.0,0.0,9.0,4.0,0.0,0.0,0.0,0.0,0.0,0.0,0.0,0.0,4.0,12.0,1.0,12.15,5.01,2.5,1.49,0.0,0.0,0.0,301.1,0.0,-0.3,-0.4,-1.8,95.8,0.0,0.0,264.2,0.0,21.200000000000003,23.4,23.4,25.0,300.0,300.0,29.3,32.0,28.0,27.200000000000003,29.1,4.96,1.99,4.97,0.16,0.0,0.0,1027.0,8228.0,0.0,0.0,0.0,0.0,0.0,1.0,0.0,0.0,0.0,0.0,0.0,1.7000000000000002,0.0,1.8,0.0,0.0,16.0,25903.0
2026-07-30T18:57:25.517Z,15.0,15.012,0.0,7.4,0.0,0.0,0.0,0.0,0.0,0.0,0.0,0.0,1.0,0.0,0.0,0.0,9.0,4.0,0.0,0.0,0.0,0.0,0.0,0.0,0.0,0.0,5.0,12.0,1.0,12.15,5.01,2.5,1.49,0.0,0.0,0.0,301.1,0.0,0.8,0.7000000000000001,1.0,95.8,0.0,0.0,264.2,0.0,21.200000000000003,23.4,23.4,25.0,300.0,300.0,29.3,32.0,28.0,27.200000000000003,29.1,4.95,1.99,4.97,0.16,0.0,0.0,1027.0,8228.0,0.0,0.0,0.0,0.0,0.0,1.0,0.0,0.0,0.0,0.0,0.0,-0.9,0.0,-1.5,0.0,0.0,16.0,25903.0
2026-07-30T18:57:25.529Z,15.012,15.024,0.0,7.4,0.0,0.0,0.0,0.0,0.0,0.0,0.0,0.0,1.0,0.0,0.0,0.0,9.0,4.0,0.0,0.0,0.0,0.0,0.0,0.0,0.0,0.0,1.0,12.0,1.0,12.15,5.01,2.5,1.49,0.0,0.0,0.0,301.1,0.0,-0.9,-0.4,0.5,95.8,0.0,0.0,264.2,0.0,21.200000000000003,23.4,23.4,25.0,300.0,300.0,29.3,32.0,28.0,27.200000000000003,29.1,4.95,1.99,4.97,0.16,0.0,0.0,1027.0,8228.0,0.0,0.0,0.0,0.0,0.0,1.0,0.0,0.0,0.0,0.0,0.0,-0.5,0.0,0.1,0.0,0.0,16.0,25903.0
2026-07-30T18:57:25.541Z,15.024,15.036,0.0,7.4,0.0,0.0,0.0,0.0,0.0,0.0,0.0,0.0,1.0,0.0,0.0,0.0,9.0,4.0,0.0,0.0,0.0,0.0,0.0,0.0,0.0,0.0,2.0,12.0,1.0,12.15,5.01,2.5,1.49,0.0,0.0,0.0,301.1,0.0,-0.3,-0.4,1.1,95.8,0.0,0.0,264.2,0.0,21.200000000000003,23.4,23.4,25.0,300.0,300.0,29.3,32.0,28.0,27.200000000000003,29.1,4.95,1.99,4.96,0.16,0.0,0.0,1027.0,8228.0,0.0,0.0,0.0,0.0,0.0,1.0,0.0,0.0,0.0,0.0,0.0,-1.1,0.0,-0.1,0.0,0.0,16.0,25903.0
2026-07-30T18:57:25.553Z,15.036,15.048,0.0,7.4,0.0,0.0,0.0,0.0,0.0,0.0,0.0,0.0,1.0,0.0,0.0,0.0,9.0,4.0,0.0,0.0,0.0,0.0,0.0,0.0,0.0,0.0,3.0,12.0,1.0,12.15,5.01,2.5,1.49,0.0,0.0,0.0,301.1,0.0,0.2,0.0,1.1,95.8,0.0,0.0,264.2,0.0,21.200000000000003,23.4,23.4,25.0,300.0,300.0,29.3,32.0,28.0,27.200000000000003,29.1,4.95,1.99,4.97,0.16,0.0,0.0,1027.0,8228.0,0.0,0.0,0.0,0.0,0.0,1.0,0.0,0.0,0.0,0.0,0.0,-1.0,0.0,-0.8,0.0,0.0,16.0,25903.0
2026-07-30T18:57:25.565Z,15.048,15.06,0.0,7.4,0.0,0.0,0.0,0.0,0.0,0.0,0.0,0.0,1.0,0.0,0.0,0.0,9.0,4.0,0.0,0.0,0.0,0.0,0.0,0.0,0.0,0.0,5.0,12.0,1.0,12.15,5.01,2.5,1.49,0.0,0.0,0.0,301.1,0.0,-0.3,0.6000000000000001,-1.2000000000000002,95.8,0.0,0.0,264.2,0.0,21.200000000000003,23.4,23.4,25.0,300.0,300.0,29.3,32.0,28.0,27.200000000000003,29.1,4.95,1.99,4.97,0.16,0.0,0.0,1027.0,8228.0,0.0,0.0,0.0,0.0,0.0,1.0,0.0,0.0,0.0,0.0,0.0,1.2000000000000002,0.0,0.0,0.0,0.0,16.0,25903.0
2026-07-30T18:57:25.577Z,15.06,15.072,0.0,7.4,0.0,0.0,0.0,0.0,0.0,0.0,0.0,0.0,1.0,0.0,0.0,0.0,9.0,4.0,0.0,0.0,0.0,0.0,0.0,0.0,0.0,0.0,6.0,12.0,1.0,12.15,5.01,2.5,1.49,0.0,0.0,0.0,301.1,0.0,-0.3,0.1,1.1,95.8,0.0,0.0,264.2,0.0,21.200000000000003,23.4,23.4,25.0,300.0,300.0,29.3,32.0,28.0,27.200000000000003,29.1,4.96,1.99,4.96,0.16,0.0,0.0,1027.0,8228.0,0.0,0.0,0.0,0.0,0.0,1.0,0.0,0.0,0.0,0.0,0.0,-1.0,0.0,-0.9,0.0,0.0,16.0,25903.0
2026-07-30T18:57:25.589Z,15.072,15.084,0.0,7.4,0.0,0.0,0.0,0.0,0.0,0.0,0.0,0.0,1.0,0.0,0.0,0.0,9.0,4.0,0.0,0.0,0.0,0.0,0.0,0.0,0.0,0.0,1.0,12.0,1.0,12.15,5.01,2.5,1.49,0.0,0.0,0.0,301.1,0.0,0.1,0.6000000000000001,1.1,95.8,0.0,0.0,264.2,0.0,21.200000000000003,23.4,23.4,25.0,300.0,300.0,29.3,32.0,28.0,27.200000000000003,29.1,4.95,1.99,4.97,0.16,0.0,0.0,1027.0,8228.0,0.0,0.0,0.0,0.0,0.0,1.0,0.0,0.0,0.0,0.0,0.0,-1.0,0.0,-1.5,0.0,0.0,16.0,25903.0
2026-07-30T18:57:25.602Z,15.085,15.096,0.0,7.4,0.0,0.0,0.0,0.0,0.0,0.0,0.0,0.0,1.0,0.0,0.0,0.0,9.0,4.0,0.0,0.0,0.0,0.0,0.0,0.0,0.0,0.0,2.0,12.0,1.0,12.14,5.01,2.5,1.49,0.0,0.0,0.0,301.1,0.0,0.7000000000000001,0.0,0.0,95.8,0.0,0.0,264.2,0.0,21.3,23.5,23.5,25.0,300.0,300.0,29.3,32.1,28.0,27.200000000000003,29.1,4.95,1.99,4.96,0.16,0.0,0.0,1027.0,8228.0,0.0,0.0,0.0,0.0,0.0,1.0,0.0,0.0,0.0,0.0,0.0,0.0,0.0,0.0,0.0,0.0,16.0,25903.0
2026-07-30T18:57:25.613Z,15.096,15.108,0.0,7.4,0.0,0.0,0.0,0.0,0.0,0.0,0.0,0.0,1.0,0.0,0.0,0.0,9.0,4.0,0.0,0.0,0.0,0.0,0.0,0.0,0.0,0.0,3.0,12.0,1.0,12.14,5.01,2.5,1.49,0.0,0.0,0.0,301.1,0.0,0.7000000000000001,1.2000000000000002,1.1,95.8,0.0,0.0,264.2,0.0,21.3,23.5,23.5,25.0,300.0,300.0,29.3,32.1,28.0,27.200000000000003,29.1,4.96,1.99,4.96,0.16,0.0,0.0,1027.0,8228.0,0.0,0.0,0.0,0.0,0.0,1.0,0.0,0.0,0.0,0.0,0.0,-0.8,0.0,-2.1,0.0,0.0,16.0,25903.0
2026-07-30T18:57:25.625Z,15.108,15.12,0.0,7.4,0.0,0.0,0.0,0.0,0.0,0.0,0.0,0.0,1.0,0.0,0.0,0.0,9.0,4.0,0.0,0.0,0.0,0.0,0.0,0.0,0.0,0.0,4.0,12.0,1.0,12.14,5.01,2.5,1.49,0.0,0.0,0.0,301.1,0.0,-0.4,-0.5,-0.6000000000000001,95.8,0.0,0.0,264.2,0.0,21.3,23.5,23.5,25.0,300.0,300.0,29.3,32.1,28.0,27.200000000000003,29.1,4.95,1.99,4.96,0.16,0.0,0.0,1027.0,8228.0,0.0,0.0,0.0,0.0,0.0,1.0,0.0,0.0,0.0,0.0,0.0,0.5,0.0,1.0,0.0,0.0,16.0,25903.0
2026-07-30T18:57:25.637Z,15.12,15.132,0.0,7.4,0.0,0.0,0.0,0.0,0.0,0.0,0.0,0.0,1.0,0.0,0.0,0.0,9.0,4.0,0.0,0.0,0.0,0.0,0.0,0.0,0.0,0.0,4.0,12.0,1.0,12.14,5.01,2.5,1.49,0.0,0.0,0.0,301.1,0.0,1.3,0.0,0.5,95.8,0.0,0.0,264.2,0.0,21.3,23.5,23.5,25.0,300.0,300.0,29.3,32.1,28.0,27.200000000000003,29.1,4.96,1.99,4.97,0.16,0.0,0.0,1027.0,8228.0,0.0,0.0,0.0,0.0,0.0,1.0,0.0,0.0,0.0,0.0,0.0,-0.5,0.0,-0.4,0.0,0.0,16.0,25903.0
2026-07-30T18:57:25.649Z,15.132,15.144,-0.1,7.4,0.0,0.0,0.0,0.0,0.0,0.0,0.0,0.0,1.0,0.0,0.0,0.0,9.0,4.0,0.0,0.0,0.0,0.0,0.0,0.0,0.0,0.0,5.0,12.0,1.0,12.14,5.01,2.5,1.49,0.0,0.0,0.0,301.1,0.0,0.1,0.0,0.5,95.8,0.0,0.0,264.2,0.0,21.3,23.5,23.5,25.0,300.0,300.0,29.3,32.1,28.0,27.200000000000003,29.1,4.96,1.99,4.96,0.16,0.0,0.0,1027.0,8228.0,0.0,0.0,0.0,0.0,0.0,1.0,0.0,0.0,0.0,0.0,0.0,-0.5,0.0,-0.4,0.0,0.0,16.0,25903.0
2026-07-30T18:57:25.661Z,15.144,15.156,0.0,7.4,0.0,0.0,0.0,0.0,0.0,0.0,0.0,0.0,1.0,0.0,0.0,0.0,9.0,4.0,0.0,0.0,0.0,0.0,0.0,0.0,0.0,0.0,6.0,12.0,1.0,12.14,5.01,2.5,1.49,0.0,0.0,0.0,301.1,0.0,1.3,0.6000000000000001,0.0,95.8,0.0,0.0,264.2,0.0,21.3,23.5,23.5,25.0,300.0,300.0,29.3,32.1,28.0,27.200000000000003,29.1,4.96,1.99,4.96,0.16,0.0,0.0,1027.0,8228.0,0.0,0.0,0.0,0.0,0.0,1.0,0.0,0.0,0.0,0.0,0.0,0.1,0.0,-0.7000000000000001,0.0,0.0,16.0,25903.0
2026-07-30T18:57:25.673Z,15.156,15.168,0.0,7.4,0.0,0.0,0.0,0.0,0.0,0.0,0.0,0.0,1.0,0.0,0.0,0.0,9.0,4.0,0.0,0.0,0.0,0.0,0.0,0.0,0.0,0.0,2.0,12.0,1.0,12.14,5.01,2.5,1.49,0.0,0.0,0.0,301.1,0.0,0.7000000000000001,0.1,1.1,95.8,0.0,0.0,264.2,0.0,21.3,23.5,23.5,25.0,300.0,300.0,29.3,32.1,28.0,27.200000000000003,29.1,4.95,1.99,4.97,0.16,0.0,0.0,1027.0,8228.0,0.0,0.0,0.0,0.0,0.0,1.0,0.0,0.0,0.0,0.0,0.0,-1.0,0.0,-0.8,0.0,0.0,16.0,25903.0
2026-07-30T18:57:25.685Z,15.168,15.18,0.0,7.4,0.0,0.0,0.0,0.0,0.0,0.0,0.0,0.0,1.0,0.0,0.0,0.0,9.0,4.0,0.0,0.0,0.0,0.0,0.0,0.0,0.0,0.0,3.0,12.0,1.0,12.14,5.01,2.5,1.49,0.0,0.0,0.0,301.1,0.0,0.8,-1.0,0.0,95.8,0.0,0.0,264.2,0.0,21.3,23.5,23.5,25.0,300.0,300.0,29.3,32.1,28.0,27.200000000000003,29.1,4.96,1.99,4.96,0.16,0.0,0.0,1027.0,8228.0,0.0,0.0,0.0,0.0,0.0,1.0,0.0,0.0,0.0,0.0,0.0,-0.1,0.0,1.2000000000000002,0.0,0.0,16.0,25903.0
2026-07-30T18:57:25.697Z,15.18,15.192,-0.1,7.4,0.0,0.0,0.0,0.0,0.0,0.0,0.0,0.0,1.0,0.0,0.0,0.0,9.0,4.0,0.0,0.0,0.0,0.0,0.0,0.0,0.0,0.0,4.0,12.0,1.0,12.14,5.01,2.5,1.49,0.0,0.0,0.0,301.1,0.0,-0.3,1.2000000000000002,-1.1,95.8,0.0,0.0,264.3,0.0,21.3,23.5,23.5,25.0,300.0,300.0,29.3,32.1,28.0,27.200000000000003,29.1,4.96,1.99,4.96,0.16,0.0,0.0,1027.0,8228.0,0.0,0.0,0.0,0.0,0.0,1.0,0.0,0.0,0.0,0.0,0.0,1.2000000000000002,0.0,-0.7000000000000001,0.0,0.0,16.0,25903.0
2026-07-30T18:57:25.709Z,15.192,15.204,0.0,7.4,0.0,0.0,0.0,0.0,0.0,0.0,0.0,0.0,1.0,0.0,0.0,0.0,9.0,4.0,0.0,0.0,0.0,0.0,0.0,0.0,0.0,0.0,5.0,12.0,1.0,12.15,5.01,2.51,1.49,0.0,0.0,0.0,301.1,0.0,-0.3,0.6000000000000001,0.0,95.8,0.0,0.0,264.2,0.0,21.700000000000003,23.5,23.5,25.1,300.0,300.0,29.3,32.1,28.0,27.200000000000003,29.1,4.95,1.99,4.96,0.16,0.0,0.0,1027.0,8228.0,0.0,0.0,0.0,0.0,0.0,1.0,0.0,0.0,0.0,0.0,0.0,0.0,0.0,-0.7000000000000001,0.0,0.0,16.0,25903.0
2026-07-30T18:57:25.721Z,15.204,15.216,0.0,7.4,0.0,0.0,0.0,0.0,0.0,0.0,0.0,0.0,1.0,0.0,0.0,0.0,9.0,4.0,0.0,0.0,0.0,0.0,0.0,0.0,0.0,0.0,6.0,12.0,1.0,12.15,5.01,2.51,1.49,0.0,0.0,0.0,301.1,0.0,-0.3,-0.4,-0.5,95.8,0.0,0.0,264.2,0.0,21.700000000000003,23.5,23.5,25.1,300.0,300.0,29.3,32.1,28.0,27.200000000000003,29.1,4.95,1.99,4.97,0.16,0.0,0.0,1027.0,8228.0,0.0,0.0,0.0,0.0,0.0,1.0,0.0,0.0,0.0,0.0,0.0,0.4,0.0,0.9,0.0,0.0,16.0,25903.0
2026-07-30T18:57:25.733Z,15.216,15.228,0.0,7.4,0.0,0.0,0.0,0.0,0.0,0.0,0.0,0.0,1.0,0.0,0.0,0.0,9.0,4.0,0.0,0.0,0.0,0.0,0.0,0.0,0.0,0.0,1.0,12.0,1.0,12.15,5.01,2.51,1.49,0.0,0.0,0.0,301.1,0.0,-0.3,-0.4,1.2000000000000002,95.8,0.0,0.0,264.2,0.0,21.700000000000003,23.5,23.5,25.1,300.0,300.0,29.3,32.1,28.0,27.200000000000003,29.1,4.95,2.0,4.96,0.16,0.0,0.0,1027.0,8228.0,0.0,0.0,0.0,0.0,0.0,1.0,0.0,0.0,0.0,0.0,0.0,-1.1,0.0,-0.2,0.0,0.0,16.0,25903.0
2026-07-30T18:57:25.745Z,15.228,15.24,0.0,7.4,0.0,0.0,0.0,0.0,0.0,0.0,0.0,0.0,1.0,0.0,0.0,0.0,9.0,4.0,0.0,0.0,0.0,0.0,0.0,0.0,0.0,0.0,1.0,12.0,1.0,12.15,5.01,2.51,1.49,0.0,0.0,0.0,301.1,0.0,-1.4,-1.1,-2.2,95.8,0.0,0.0,264.3,0.0,21.700000000000003,23.5,23.5,25.1,300.0,300.0,29.3,32.1,28.0,27.200000000000003,29.1,4.95,1.99,4.97,0.16,0.0,0.0,1027.0,8228.0,0.0,0.0,0.0,0.0,0.0,1.0,0.0,0.0,0.0,0.0,0.0,2.0,0.0,2.7,0.0,0.0,16.0,25903.0
2026-07-30T18:57:25.757Z,15.24,15.252,0.0,7.4,0.0,0.0,0.0,0.0,0.0,0.0,0.0,0.0,1.0,0.0,0.0,0.0,9.0,4.0,0.0,0.0,0.0,0.0,0.0,0.0,0.0,0.0,3.0,12.0,1.0,12.15,5.01,2.51,1.49,0.0,0.0,0.0,301.1,0.0,-0.3,-0.4,-0.5,95.8,0.0,0.0,264.2,0.0,21.700000000000003,23.5,23.5,25.1,300.0,300.0,29.3,32.1,28.0,27.200000000000003,29.1,4.95,1.99,4.97,0.16,0.0,0.0,1027.0,8228.0,0.0,0.0,0.0,0.0,0.0,1.0,0.0,0.0,0.0,0.0,0.0,0.4,0.0,0.9,0.0,0.0,16.0,25903.0
2026-07-30T18:57:25.769Z,15.252,15.264,0.0,7.4,0.0,0.0,0.0,0.0,0.0,0.0,0.0,0.0,1.0,0.0,0.0,0.0,9.0,4.0,0.0,0.0,0.0,0.0,0.0,0.0,0.0,0.0,4.0,12.0,1.0,12.15,5.01,2.51,1.49,0.0,0.0,0.0,301.1,0.0,0.2,-0.4,0.6000000000000001,95.8,0.0,0.0,264.2,0.0,21.700000000000003,23.5,23.5,25.1,300.0,300.0,29.3,32.1,28.0,27.200000000000003,29.1,4.95,1.99,4.96,0.16,0.0,0.0,1027.0,8228.0,0.0,0.0,0.0,0.0,0.0,1.0,0.0,0.0,0.0,0.0,0.0,-0.6000000000000001,0.0,0.1,0.0,0.0,16.0,25903.0
2026-07-30T18:57:25.781Z,15.264,15.276,0.0,7.4,0.0,0.0,0.0,0.0,0.0,0.0,0.0,0.0,1.0,0.0,0.0,0.0,9.0,4.0,0.0,0.0,0.0,0.0,0.0,0.0,0.0,0.0,5.0,12.0,1.0,12.15,5.01,2.51,1.49,0.0,0.0,0.0,301.1,0.0,-0.8,-1.0,-1.6,95.8,0.0,0.0,264.2,0.0,21.700000000000003,23.5,23.5,25.1,300.0,300.0,29.3,32.1,28.0,27.200000000000003,29.1,4.96,2.0,4.96,0.16,0.0,0.0,1027.0,8228.0,0.0,0.0,0.0,0.0,0.0,1.0,0.0,0.0,0.0,0.0,0.0,1.4,0.0,2.2,0.0,0.0,16.0,25903.0
2026-07-30T18:57:25.793Z,15.276,15.288,0.0,7.4,0.0,0.0,0.0,0.0,0.0,0.0,0.0,0.0,1.0,0.0,0.0,0.0,9.0,4.0,0.0,0.0,0.0,0.0,0.0,0.0,0.0,0.0,6.0,12.0,1.0,12.15,5.01,2.51,1.49,0.0,0.0,0.0,301.1,0.0,0.8,0.1,0.6000000000000001,95.8,0.0,0.0,264.3,0.0,21.700000000000003,23.5,23.5,25.1,300.0,300.0,29.3,32.1,28.0,27.200000000000003,29.1,4.96,1.99,4.96,0.16,0.0,0.0,1027.0,8228.0,0.0,0.0,0.0,0.0,0.0,1.0,0.0,0.0,0.0,0.0,0.0,-0.5,0.0,-0.6000000000000001,0.0,0.0,16.0,25903.0
2026-07-30T18:57:25.806Z,15.289,15.3,0.0,7.4,0.0,0.0,0.0,0.0,0.0,0.0,0.0,0.0,1.0,0.0,0.0,0.0,9.0,4.0,0.0,0.0,0.0,0.0,0.0,0.0,0.0,0.0,1.0,12.0,1.0,12.17,5.01,2.51,1.49,0.0,0.1,0.0,301.1,0.0,0.2,0.1,-1.1,95.8,0.0,0.0,264.2,0.0,21.8,23.6,23.6,25.1,300.0,300.0,29.3,32.1,28.0,27.200000000000003,29.1,4.95,2.0,4.96,0.16,0.0,0.0,1027.0,8228.0,0.0,0.0,0.0,0.0,0.0,1.0,0.0,0.0,0.0,0.0,0.0,1.1,0.0,0.6000000000000001,0.0,0.0,16.0,25903.0
2026-07-30T18:57:25.818Z,15.301,15.312,0.0,7.4,0.0,0.0,0.0,0.0,0.0,0.0,0.0,0.0,1.0,0.0,0.0,0.0,9.0,4.0,0.0,0.0,0.0,0.0,0.0,0.0,0.0,0.0,3.0,12.0,1.0,12.17,5.01,2.51,1.49,0.0,0.0,0.0,301.1,0.0,0.2,0.7000000000000001,0.0,95.8,0.0,0.0,264.2,0.0,21.8,23.6,23.6,25.1,300.0,300.0,29.3,32.1,28.0,27.200000000000003,29.1,4.96,2.0,4.96,0.16,0.0,0.0,1027.0,8228.0,0.0,0.0,0.0,0.0,0.0,1.0,0.0,0.0,0.0,0.0,0.0,0.1,0.0,-0.8,0.0,0.0,16.0,25903.0
2026-07-30T18:57:25.829Z,15.312,15.324,0.0,7.4,0.0,0.0,0.0,0.0,0.0,0.0,0.0,0.0,1.0,0.0,0.0,0.0,9.0,4.0,0.0,0.0,0.0,0.0,0.0,0.0,0.0,0.0,3.0,12.0,1.0,12.17,5.01,2.51,1.49,0.0,0.0,0.0,301.1,0.0,0.2,-0.4,0.0,95.8,0.0,0.0,264.2,0.0,21.8,23.6,23.6,25.1,300.0,300.0,29.3,32.1,28.0,27.200000000000003,29.1,4.95,1.99,4.96,0.16,0.0,0.0,1027.0,8228.0,0.0,0.0,0.0,0.0,0.0,1.0,0.0,0.0,0.0,0.0,0.0,0.0,0.0,0.5,0.0,0.0,16.0,25903.0
2026-07-30T18:57:25.841Z,15.324,15.336,0.0,7.4,0.0,0.0,0.0,0.0,0.0,0.0,0.0,0.0,1.0,0.0,0.0,0.0,9.0,4.0,0.0,0.0,0.0,0.0,0.0,0.0,0.0,0.0,5.0,12.0,1.0,12.17,5.01,2.51,1.49,0.0,0.0,0.0,301.1,0.0,0.2,0.6000000000000001,0.0,95.8,0.0,0.0,264.2,0.0,21.8,23.6,23.6,25.1,300.0,300.0,29.3,32.1,28.0,27.200000000000003,29.1,4.95,2.0,4.96,0.16,0.0,0.0,1027.0,8228.0,0.0,0.0,0.0,0.0,0.0,1.0,0.0,0.0,0.0,0.0,0.0,0.1,0.0,-0.6000000000000001,0.0,0.0,16.0,25903.0
2026-07-30T18:57:25.853Z,15.336,15.348,0.0,7.4,0.0,0.0,0.0,0.0,0.0,0.0,0.0,0.0,1.0,0.0,0.0,0.0,9.0,4.0,0.0,0.0,0.0,0.0,0.0,0.0,0.0,0.0,6.0,12.0,1.0,12.17,5.01,2.51,1.49,0.0,0.1,0.0,301.1,0.0,-0.3,1.8,0.5,95.8,0.0,0.0,264.2,0.0,21.8,23.6,23.6,25.1,300.0,300.0,29.3,32.1,28.0,27.200000000000003,29.1,4.96,1.99,4.96,0.16,0.0,0.0,1027.0,8228.0,0.0,0.0,0.0,0.0,0.0,1.0,0.0,0.0,0.0,0.0,0.0,-0.3,0.0,-2.4000000000000004,0.0,0.0,16.0,25903.0
2026-07-30T18:57:25.865Z,15.348,15.36,0.0,7.4,0.0,0.0,0.0,0.0,0.0,0.0,0.0,0.0,1.0,0.0,0.0,0.0,9.0,4.0,0.0,0.0,0.0,0.0,0.0,0.0,0.0,0.0,1.0,12.0,1.0,12.17,5.01,2.51,1.49,0.0,0.0,0.0,301.1,0.0,0.2,0.7000000000000001,-0.5,95.8,0.0,0.0,264.2,0.0,21.8,23.6,23.6,25.1,300.0,300.0,29.3,32.1,28.0,27.200000000000003,29.1,4.95,1.99,4.96,0.16,0.0,0.0,1027.0,8228.0,0.0,0.0,0.0,0.0,0.0,1.0,0.0,0.0,0.0,0.0,0.0,0.6000000000000001,0.0,-0.4,0.0,0.0,16.0,25903.0
2026-07-30T18:57:25.877Z,15.36,15.372,0.0,7.4,0.0,0.0,0.0,0.0,0.0,0.0,0.0,0.0,1.0,0.0,0.0,0.0,9.0,4.0,0.0,0.0,0.0,0.0,0.0,0.0,0.0,0.0,2.0,12.0,1.0,12.17,5.01,2.51,1.49,0.0,0.0,0.0,301.1,0.0,-0.2,-0.4,-1.1,95.8,0.0,0.0,264.2,0.0,21.8,23.6,23.6,25.1,300.0,300.0,29.3,32.1,28.0,27.200000000000003,29.1,4.96,1.99,4.97,0.16,0.0,0.0,1027.0,8228.0,0.0,0.0,0.0,0.0,0.0,1.0,0.0,0.0,0.0,0.0,0.0,1.0,0.0,1.3,0.0,0.0,16.0,25903.0
2026-07-30T18:57:25.889Z,15.372,15.384,0.0,7.4,0.0,0.0,0.0,0.0,0.0,0.0,0.0,0.0,1.0,0.0,0.0,0.0,9.0,4.0,0.0,0.0,0.0,0.0,0.0,0.0,0.0,0.0,4.0,12.0,1.0,12.17,5.01,2.51,1.49,0.0,0.0,0.0,301.1,0.0,0.8,0.6000000000000001,1.1,95.8,0.0,0.0,264.3,0.0,21.8,23.6,23.6,25.1,300.0,300.0,29.3,32.1,28.0,27.200000000000003,29.1,4.96,1.99,4.96,0.16,0.0,0.0,1027.0,8228.0,0.0,0.0,0.0,0.0,0.0,1.0,0.0,0.0,0.0,0.0,0.0,-1.0,0.0,-1.5,0.0,0.0,16.0,25903.0
2026-07-30T18:57:25.901Z,15.384,15.396,0.0,7.4,0.0,0.0,0.0,0.0,0.0,0.0,0.0,0.0,1.0,0.0,0.0,0.0,9.0,4.0,0.0,0.0,0.0,0.0,0.0,0.0,0.0,0.0,5.0,12.0,1.0,12.17,5.01,2.51,1.49,0.0,0.0,0.0,301.1,0.0,-0.3,0.0,0.5,95.8,0.0,0.0,264.2,0.0,21.8,23.6,23.6,25.1,300.0,300.0,29.3,32.1,28.0,27.200000000000003,29.1,4.96,1.99,4.96,0.16,0.0,0.0,1027.0,8228.0,0.0,0.0,0.0,0.0,0.0,1.0,0.0,0.0,0.0,0.0,0.0,0.0,0.0,0.6000000000000001,0.0,0.0,16.0,25903.0
2026-07-30T18:57:25.913Z,15.396,15.408,0.0,7.4,0.0,0.0,0.0,0.0,0.0,0.0,0.0,0.0,1.0,0.0,0.0,0.0,9.0,4.0,0.0,0.0,0.0,0.0,0.0,0.0,0.0,0.0,6.0,12.0,1.0,12.17,5.0200000000000005,2.5,1.49,0.0,0.0,0.0,301.1,0.0,-0.3,0.0,-0.6000000000000001,95.8,0.0,0.0,264.2,0.0,21.3,23.6,23.6,25.200000000000003,300.0,300.0,29.4,32.1,28.0,27.200000000000003,29.1,4.95,1.99,4.97,0.16,0.0,0.0,1027.0,8228.0,0.0,0.0,0.0,0.0,0.0,1.0,0.0,0.0,0.0,0.0,0.0,0.5,0.0,1.0,0.0,0.0,16.0,25903.0
2026-07-30T18:57:25.925Z,15.408,15.42,0.0,7.4,0.0,0.0,0.0,0.0,0.0,0.0,0.0,0.0,1.0,0.0,0.0,0.0,9.0,4.0,0.0,0.0,0.0,0.0,0.0,0.0,0.0,0.0,1.0,12.0,1.0,12.17,5.0200000000000005,2.5,1.49,0.0,0.0,0.0,301.1,0.0,0.2,0.0,-1.2000000000000002,95.8,0.0,0.0,264.2,0.0,21.3,23.6,23.6,25.200000000000003,300.0,300.0,29.4,32.1,28.0,27.200000000000003,29.1,4.96,2.0,4.97,0.16,0.0,0.0,1027.0,8228.0,0.0,0.0,0.0,0.0,0.0,1.0,0.0,0.0,0.0,0.0,0.0,-1.6,0.0,0.1,0.0,0.0,16.0,25903.0
2026-07-30T18:57:25.937Z,15.42,15.432,0.0,7.4,0.0,0.0,0.0,0.0,0.0,0.0,0.0,0.0,1.0,0.0,0.0,0.0,9.0,4.0,0.0,0.0,0.0,0.0,0.0,0.0,0.0,0.0,2.0,12.0,1.0,12.17,5.0200000000000005,2.5,1.49,0.0,0.0,0.0,301.2,0.0,0.8,1.2000000000000002,0.0,95.8,0.0,0.0,264.2,0.0,21.3,23.6,23.6,25.200000000000003,300.0,300.0,29.4,32.1,28.0,27.200000000000003,29.1,4.96,1.99,4.97,0.16,0.0,0.0,1027.0,8228.0,0.0,0.0,0.0,0.0,0.0,1.0,0.0,0.0,0.0,0.0,0.0,0.2,0.0,-1.3,0.0,0.0,16.0,25903.0
2026-07-30T18:57:25.950Z,15.433,15.444,0.0,7.4,0.0,0.0,0.0,0.0,0.0,0.0,0.0,0.0,1.0,0.0,0.0,0.0,9.0,4.0,0.0,0.0,0.0,0.0,0.0,0.0,0.0,0.0,3.0,12.0,1.0,12.17,5.0200000000000005,2.5,1.49,0.0,0.0,0.0,301.1,0.0,0.2,0.0,0.4,95.8,0.0,0.0,264.2,0.0,21.3,23.6,23.6,25.200000000000003,300.0,300.0,29.4,32.1,28.0,27.200000000000003,29.1,4.95,1.99,4.97,0.16,0.0,0.0,1027.0,8228.0,0.0,0.0,0.0,0.0,0.0,1.0,0.0,0.0,0.0,0.0,0.0,-0.4,0.0,-0.4,0.0,0.0,16.0,25903.0
2026-07-30T18:57:25.961Z,15.444,15.456,0.0,7.4,0.0,0.0,0.0,0.0,0.0,0.0,0.0,0.0,1.0,0.0,0.0,0.0,9.0,4.0,0.0,0.0,0.0,0.0,0.0,0.0,0.0,0.0,4.0,12.0,1.0,12.17,5.0200000000000005,2.5,1.49,0.0,0.0,0.0,301.1,0.0,-0.9,-0.4,-0.1,95.8,0.0,0.0,264.2,0.0,21.3,23.6,23.6,25.200000000000003,300.0,300.0,29.4,32.1,28.0,27.200000000000003,29.1,4.96,1.99,4.97,0.16,0.0,0.0,1027.0,8228.0,0.0,0.0,0.0,0.0,0.0,1.0,0.0,0.0,0.0,0.0,0.0,0.0,0.0,0.6000000000000001,0.0,0.0,16.0,25903.0
2026-07-30T18:57:25.973Z,15.456,15.468,0.0,7.4,0.0,0.0,0.0,0.0,0.0,0.0,0.0,0.0,1.0,0.0,0.0,0.0,9.0,4.0,0.0,0.0,0.0,0.0,0.0,0.0,0.0,0.0,5.0,12.0,1.0,12.17,5.0200000000000005,2.5,1.49,0.0,0.0,0.0,301.1,0.0,0.2,-0.5,0.4,95.8,0.0,0.0,264.2,0.0,21.3,23.6,23.6,25.200000000000003,300.0,300.0,29.4,32.1,28.0,27.200000000000003,29.1,4.96,1.99,4.96,0.16,0.0,0.0,1027.0,8228.0,0.0,0.0,0.0,0.0,0.0,1.0,0.0,0.0,0.0,0.0,0.0,-0.5,0.0,0.3,0.0,0.0,16.0,25903.0
2026-07-30T18:57:25.985Z,15.468,15.48,0.0,7.4,0.0,0.0,0.0,0.0,0.0,0.0,0.0,0.0,1.0,0.0,0.0,0.0,9.0,4.0,0.0,0.0,0.0,0.0,0.0,0.0,0.0,0.0,6.0,12.0,1.0,12.17,5.0200000000000005,2.5,1.49,0.0,0.0,0.0,301.2,0.0,0.1,1.7000000000000002,0.4,95.8,0.0,0.0,264.3,0.0,21.3,23.6,23.6,25.200000000000003,300.0,300.0,29.4,32.1,28.0,27.200000000000003,29.1,4.96,1.99,4.97,0.16,0.0,0.0,1027.0,8228.0,0.0,0.0,0.0,0.0,0.0,1.0,0.0,0.0,0.0,0.0,0.0,-0.1,0.0,-2.2,0.0,0.0,16.0,25903.0
2026-07-30T18:57:25.997Z,15.48,15.492,0.0,7.4,0.0,0.0,0.0,0.0,0.0,0.0,0.0,0.0,1.0,0.0,0.0,0.0,9.0,4.0,0.0,0.0,0.0,0.0,0.0,0.0,0.0,0.0,1.0,12.0,1.0,12.17,5.0200000000000005,2.5,1.49,0.0,0.1,0.0,301.1,0.0,0.1,0.0,-1.3,95.8,0.0,0.0,264.2,0.0,21.3,23.6,23.6,25.200000000000003,300.0,300.0,29.4,32.1,28.0,27.200000000000003,29.1,4.95,2.0,4.97,0.16,0.0,0.0,1027.0,8228.0,0.0,0.0,0.0,0.0,0.0,1.0,0.0,0.0,0.0,0.0,0.0,1.2000000000000002,0.0,0.9,0.0,0.0,16.0,25903.0
2026-07-30T18:57:26.010Z,15.493,15.504,0.0,7.4,0.0,0.0,0.0,0.0,0.0,0.0,0.0,0.0,1.0,0.0,0.0,0.0,9.0,4.0,0.0,0.0,0.0,0.0,0.0,0.0,0.0,0.0,1.0,12.0,1.0,12.18,5.01,2.51,1.49,0.0,0.1,0.0,301.2,0.0,0.7000000000000001,0.0,-0.1,95.8,0.0,0.0,264.2,0.0,21.8,23.700000000000003,23.700000000000003,25.3,300.0,300.0,29.3,32.1,28.0,27.200000000000003,29.1,4.96,2.0,4.96,0.16,0.0,0.0,1027.0,8228.0,0.0,0.0,0.0,0.0,0.0,1.0,0.0,0.0,0.0,0.0,0.0,0.1,0.0,0.0,0.0,0.0,16.0,25903.0
2026-07-30T18:57:26.021Z,15.504,15.516,0.0,7.4,0.0,0.0,0.0,0.0,0.0,0.0,0.0,0.0,1.0,0.0,0.0,0.0,9.0,4.0,0.0,0.0,0.0,0.0,0.0,0.0,0.0,0.0,2.0,12.0,1.0,12.18,5.01,2.51,1.49,0.0,0.0,0.0,301.1,0.0,0.1,0.0,1.0,95.8,0.0,0.0,264.2,0.0,21.8,23.700000000000003,23.700000000000003,25.3,300.0,300.0,29.3,32.1,28.0,27.200000000000003,29.1,4.95,1.99,4.96,0.16,0.0,0.0,1027.0,8228.0,0.0,0.0,0.0,0.0,0.0,1.0,0.0,0.0,0.0,0.0,0.0,-0.9,0.0,-0.7000000000000001,0.0,0.0,16.0,25903.0
2026-07-30T18:57:26.034Z,15.517,15.528,0.0,7.4,0.0,0.0,0.0,0.0,0.0,0.0,0.0,0.0,1.0,0.0,0.0,0.0,9.0,4.0,0.0,0.0,0.0,0.0,0.0,0.0,0.0,0.0,3.0,12.0,1.0,12.18,5.01,2.51,1.49,0.0,0.0,0.0,301.1,0.0,-0.3,-0.5,-1.3,95.8,0.0,0.0,264.2,0.0,21.8,23.700000000000003,23.700000000000003,25.3,300.0,300.0,29.3,32.1,28.0,27.200000000000003,29.1,4.95,1.99,4.97,0.16,0.0,0.0,1027.0,8228.0,0.0,0.0,0.0,0.0,0.0,1.0,0.0,0.0,0.0,0.0,0.0,1.1,0.0,1.5,0.0,0.0,16.0,25903.0
2026-07-30T18:57:26.045Z,15.528,15.54,0.0,7.4,0.0,0.0,0.0,0.0,0.0,0.0,0.0,0.0,1.0,0.0,0.0,0.0,9.0,4.0,0.0,0.0,0.0,0.0,0.0,0.0,0.0,0.0,4.0,12.0,1.0,12.18,5.01,2.51,1.49,0.0,0.0,0.0,301.1,0.0,0.1,0.6000000000000001,0.9,95.8,0.0,0.0,264.2,0.0,21.8,23.700000000000003,23.700000000000003,25.3,300.0,300.0,29.3,32.1,28.0,27.200000000000003,29.1,4.96,1.99,4.97,0.16,0.0,0.0,1027.0,8228.0,0.0,0.0,0.0,0.0,0.0,1.0,0.0,0.0,0.0,0.0,0.0,-0.8,0.0,-1.4,0.0,0.0,16.0,25903.0
2026-07-30T18:57:26.057Z,15.54,15.552,0.0,7.4,0.0,0.0,0.0,0.0,0.0,0.0,0.0,0.0,1.0,0.0,0.0,0.0,9.0,4.0,0.0,0.0,0.0,0.0,0.0,0.0,0.0,0.0,5.0,12.0,1.0,12.18,5.01,2.51,1.49,0.0,0.0,0.0,301.1,0.0,0.7000000000000001,-0.5,-1.3,95.8,0.0,0.0,264.40000000000003,0.0,21.8,23.700000000000003,23.700000000000003,25.3,300.0,300.0,29.3,32.1,28.0,27.200000000000003,29.1,4.95,1.99,4.96,0.16,0.0,0.0,1027.0,8228.0,0.0,0.0,0.0,0.0,0.0,1.0,0.0,0.0,0.0,0.0,0.0,1.1,0.0,1.4,0.0,0.0,16.0,25903.0
2026-07-30T18:57:26.069Z,15.552,15.564,0.0,7.4,0.0,0.0,0.0,0.0,0.0,0.0,0.0,0.0,1.0,0.0,0.0,0.0,9.0,4.0,0.0,0.0,0.0,0.0,0.0,0.0,0.0,0.0,6.0,12.0,1.0,12.18,5.01,2.51,1.49,0.0,0.1,0.0,301.1,0.0,-0.3,-1.7000000000000002,-0.1,95.8,0.0,0.0,264.2,0.0,21.8,23.700000000000003,23.700000000000003,25.3,300.0,300.0,29.3,32.1,28.0,27.200000000000003,29.1,4.95,1.99,4.97,0.16,0.0,0.0,1027.0,8228.0,0.0,0.0,0.0,0.0,0.0,1.0,0.0,0.0,0.0,0.0,0.0,0.0,0.0,2.0,0.0,0.0,16.0,25903.0
2026-07-30T18:57:26.081Z,15.564,15.576,0.0,7.4,0.0,0.0,0.0,0.0,0.0,0.0,0.0,0.0,1.0,0.0,0.0,0.0,9.0,4.0,0.0,0.0,0.0,0.0,0.0,0.0,0.0,0.0,1.0,12.0,1.0,12.18,5.01,2.51,1.49,0.0,0.0,0.0,301.1,0.0,0.1,0.0,-0.1,95.8,0.0,0.0,264.2,0.0,21.8,23.700000000000003,23.700000000000003,25.3,300.0,300.0,29.3,32.1,28.0,27.200000000000003,29.1,4.95,2.0,4.96,0.17,0.0,0.0,1027.0,8228.0,0.0,0.0,0.0,0.0,0.0,1.0,0.0,0.0,0.0,0.0,0.0,0.1,0.0,0.0,0.0,0.0,16.0,25903.0
2026-07-30T18:57:26.093Z,15.576,15.588,0.0,7.4,0.0,0.0,0.0,0.0,0.0,0.0,0.0,0.0,1.0,0.0,0.0,0.0,9.0,4.0,0.0,0.0,0.0,0.0,0.0,0.0,0.0,0.0,2.0,12.0,1.0,12.18,5.01,2.51,1.49,0.0,0.0,0.0,301.1,0.0,-1.0,0.6000000000000001,-0.1,95.8,0.0,0.0,264.2,0.0,21.8,23.700000000000003,23.700000000000003,25.3,300.0,300.0,29.3,32.1,28.0,27.200000000000003,29.1,4.96,2.0,4.96,0.16,0.0,0.0,1027.0,8228.0,0.0,0.0,0.0,0.0,0.0,1.0,0.0,0.0,0.0,0.0,0.0,0.1,0.0,-0.6000000000000001,0.0,0.0,16.0,25903.0
2026-07-30T18:57:26.105Z,15.588,15.6,0.0,7.4,0.0,0.0,0.0,0.0,0.0,0.0,0.0,0.0,1.0,0.0,0.0,0.0,9.0,4.0,0.0,0.0,0.0,0.0,0.0,0.0,0.0,0.0,3.0,12.0,1.0,12.18,5.01,2.51,1.49,0.0,0.0,0.0,301.1,0.0,0.7000000000000001,1.7000000000000002,2.2,95.8,0.0,0.0,264.2,0.0,21.8,23.700000000000003,23.700000000000003,25.3,300.0,300.0,29.3,32.1,28.0,27.200000000000003,29.1,4.95,2.0,4.97,0.16,0.0,0.0,1027.0,8228.0,0.0,0.0,0.0,0.0,0.0,1.0,0.0,0.0,0.0,0.0,0.0,-1.8,0.0,-3.5,0.0,0.0,16.0,25903.0
2026-07-30T18:57:26.117Z,15.6,15.612,0.0,7.4,0.0,0.0,0.0,0.0,0.0,0.0,0.0,0.0,1.0,0.0,0.0,0.0,9.0,4.0,0.0,0.0,0.0,0.0,0.0,0.0,0.0,0.0,4.0,12.0,1.0,12.15,5.0200000000000005,2.5,1.49,0.0,0.0,0.0,301.1,0.0,0.1,-0.5,-1.8,95.8,0.0,0.0,264.2,0.0,21.3,23.700000000000003,23.700000000000003,25.3,300.0,300.0,29.4,32.1,27.9,27.200000000000003,29.1,4.95,1.99,4.97,0.16,0.0,0.0,1027.0,8228.0,0.0,0.0,0.0,0.0,0.0,1.0,0.0,0.0,0.0,0.0,0.0,1.6,0.0,1.9,0.0,0.0,16.0,25903.0
2026-07-30T18:57:26.129Z,15.612,15.624,0.0,7.4,0.0,0.0,0.0,0.0,0.0,0.0,0.0,0.0,1.0,0.0,0.0,0.0,9.0,4.0,0.0,0.0,0.0,0.0,0.0,0.0,0.0,0.0,5.0,12.0,1.0,12.15,5.0200000000000005,2.5,1.49,0.0,0.1,0.0,301.1,0.0,0.1,0.0,-1.2000000000000002,95.8,0.0,0.0,264.2,0.0,21.3,23.700000000000003,23.700000000000003,25.3,300.0,300.0,29.4,32.1,27.9,27.200000000000003,29.1,4.95,1.99,4.96,0.16,0.0,0.0,1027.0,8228.0,0.0,0.0,0.0,0.0,0.0,1.0,0.0,0.0,0.0,0.0,0.0,1.2000000000000002,0.0,0.8,0.0,0.0,16.0,25903.0
2026-07-30T18:57:26.141Z,15.624,15.636,0.0,7.4,0.0,0.0,0.0,0.0,0.0,0.0,0.0,0.0,1.0,0.0,0.0,0.0,9.0,4.0,0.0,0.0,0.0,0.0,0.0,0.0,0.0,0.0,1.0,12.0,1.0,12.15,5.0200000000000005,2.5,1.49,0.0,0.1,0.0,301.1,0.0,0.8,0.6000000000000001,1.0,95.8,0.0,0.0,264.2,0.0,21.3,23.700000000000003,23.700000000000003,25.3,300.0,300.0,29.4,32.1,27.9,27.200000000000003,29.1,4.96,1.99,4.96,0.16,0.0,0.0,1027.0,8228.0,0.0,0.0,0.0,0.0,0.0,1.0,0.0,0.0,0.0,0.0,0.0,-0.9,0.0,-1.4,0.0,0.0,16.0,25903.0
2026-07-30T18:57:26.153Z,15.636,15.648,0.0,7.4,0.0,0.0,0.0,0.0,0.0,0.0,0.0,0.0,1.0,0.0,0.0,0.0,9.0,4.0,0.0,0.0,0.0,0.0,0.0,0.0,0.0,0.0,2.0,12.0,1.0,12.15,5.0200000000000005,2.5,1.49,0.0,0.0,0.0,301.1,0.0,-0.3,-0.5,0.0,95.8,0.0,0.0,264.2,0.0,21.3,23.700000000000003,23.700000000000003,25.3,300.0,300.0,29.4,32.1,27.9,27.200000000000003,29.1,4.95,1.99,4.97,0.16,0.0,0.0,1027.0,8228.0,0.0,0.0,0.0,0.0,0.0,1.0,0.0,0.0,0.0,0.0,0.0,0.0,0.0,0.6000000000000001,0.0,0.0,16.0,25903.0
2026-07-30T18:57:26.165Z,15.648,15.66,0.0,7.4,0.0,0.0,0.0,0.0,0.0,0.0,0.0,0.0,1.0,0.0,0.0,0.0,9.0,4.0,0.0,0.0,0.0,0.0,0.0,0.0,0.0,0.0,4.0,12.0,1.0,12.15,5.0200000000000005,2.5,1.49,0.0,0.0,0.0,301.1,0.0,0.2,0.0,1.7000000000000002,95.8,0.0,0.0,264.2,0.0,21.3,23.700000000000003,23.700000000000003,25.3,300.0,300.0,29.4,32.1,27.9,27.200000000000003,29.1,4.96,1.99,4.97,0.16,0.0,0.0,1027.0,8228.0,0.0,0.0,0.0,0.0,0.0,1.0,0.0,0.0,0.0,0.0,0.0,-1.6,0.0,-1.2000000000000002,0.0,0.0,16.0,25903.0
2026-07-30T18:57:26.177Z,15.66,15.672,0.0,7.4,0.0,0.0,0.0,0.0,0.0,0.0,0.0,0.0,1.0,0.0,0.0,0.0,9.0,4.0,0.0,0.0,0.0,0.0,0.0,0.0,0.0,0.0,6.0,12.0,1.0,12.15,5.0200000000000005,2.5,1.49,0.0,0.0,0.0,301.1,0.0,0.8,0.0,0.5,95.8,0.0,0.0,264.3,0.0,21.3,23.700000000000003,23.700000000000003,25.3,300.0,300.0,29.4,32.1,27.9,27.200000000000003,29.1,4.96,1.99,4.97,0.16,0.0,0.0,1027.0,8228.0,0.0,0.0,0.0,0.0,0.0,1.0,0.0,0.0,0.0,0.0,0.0,-0.5,0.0,-0.4,0.0,0.0,16.0,25903.0
2026-07-30T18:57:26.189Z,15.672,15.684,0.0,7.4,0.0,0.0,0.0,0.0,0.0,0.0,0.0,0.0,1.0,0.0,0.0,0.0,9.0,4.0,0.0,0.0,0.0,0.0,0.0,0.0,0.0,0.0,1.0,12.0,1.0,12.15,5.0200000000000005,2.5,1.49,0.0,0.0,0.0,301.1,0.0,-0.3,0.1,-0.5,95.8,0.0,0.0,264.3,0.0,21.3,23.700000000000003,23.700000000000003,25.3,300.0,300.0,29.4,32.1,27.9,27.200000000000003,29.1,4.95,1.99,4.97,0.17,0.0,0.0,1027.0,8228.0,0.0,0.0,0.0,0.0,0.0,1.0,0.0,0.0,0.0,0.0,0.0,0.5,0.0,0.2,0.0,0.0,16.0,25903.0
2026-07-30T18:57:26.201Z,15.684,15.696,0.0,7.4,0.0,0.0,0.0,0.0,0.0,0.0,0.0,0.0,1.0,0.0,0.0,0.0,9.0,4.0,0.0,0.0,0.0,0.0,0.0,0.0,0.0,0.0,2.0,12.0,1.0,12.15,5.0200000000000005,2.5,1.49,0.0,0.0,0.0,301.1,0.0,-0.2,0.1,0.0,95.8,0.0,0.0,264.2,0.0,21.3,23.700000000000003,23.700000000000003,25.3,300.0,300.0,29.4,32.1,27.9,27.200000000000003,29.1,4.95,1.99,4.97,0.16,0.0,0.0,1027.0,8228.0,0.0,0.0,0.0,0.0,0.0,1.0,0.0,0.0,0.0,0.0,0.0,0.0,0.0,-0.2,0.0,0.0,16.0,25903.0
2026-07-30T18:57:26.214Z,15.697,15.708,0.0,7.4,0.0,0.0,0.0,0.0,0.0,0.0,0.0,0.0,1.0,0.0,0.0,0.0,9.0,4.0,0.0,0.0,0.0,0.0,0.0,0.0,0.0,0.0,3.0,12.0,1.0,12.17,5.01,2.51,1.49,0.0,0.0,0.0,301.1,0.0,-0.2,-1.0,0.0,95.8,0.0,0.0,264.2,0.0,21.700000000000003,23.8,23.8,25.4,300.0,300.0,29.3,32.1,27.9,27.200000000000003,29.0,4.96,1.99,4.96,0.16,0.0,0.0,1027.0,8228.0,0.0,0.0,0.0,0.0,0.0,1.0,0.0,0.0,0.0,0.0,0.0,-0.2,0.0,1.1,0.0,0.0,16.0,25903.0
2026-07-30T18:57:26.225Z,15.708,15.72,0.0,7.4,0.0,0.0,0.0,0.0,0.0,0.0,0.0,0.0,1.0,0.0,0.0,0.0,9.0,4.0,0.0,0.0,0.0,0.0,0.0,0.0,0.0,0.0,4.0,12.0,1.0,12.17,5.01,2.51,1.49,0.0,0.0,0.0,301.1,0.0,-0.7000000000000001,-0.4,0.0,95.8,0.0,0.0,264.2,0.0,21.700000000000003,23.8,23.8,25.4,300.0,300.0,29.3,32.1,27.9,27.200000000000003,29.0,4.96,1.99,4.96,0.16,0.0,0.0,1027.0,8228.0,0.0,0.0,0.0,0.0,0.0,1.0,0.0,0.0,0.0,0.0,0.0,-0.1,0.0,0.4,0.0,0.0,16.0,25903.0
2026-07-30T18:57:26.237Z,15.72,15.732,0.0,7.4,0.0,0.0,0.0,0.0,0.0,0.0,0.0,0.0,1.0,0.0,0.0,0.0,9.0,4.0,0.0,0.0,0.0,0.0,0.0,0.0,0.0,0.0,5.0,12.0,1.0,12.17,5.01,2.51,1.49,0.0,0.0,0.0,301.1,0.0,-0.2,0.7000000000000001,-0.5,95.8,0.0,0.0,264.2,0.0,21.700000000000003,23.8,23.8,25.4,300.0,300.0,29.3,32.1,27.9,27.200000000000003,29.0,4.95,1.99,4.96,0.16,0.0,0.0,1027.0,8228.0,0.0,0.0,0.0,0.0,0.0,1.0,0.0,0.0,0.0,0.0,0.0,0.5,0.0,-0.4,0.0,0.0,16.0,25903.0
2026-07-30T18:57:26.249Z,15.732,15.744,0.0,7.4,0.0,0.0,0.0,0.0,0.0,0.0,0.0,0.0,1.0,0.0,0.0,0.0,9.0,4.0,0.0,0.0,0.0,0.0,0.0,0.0,0.0,0.0,1.0,12.0,1.0,12.17,5.01,2.51,1.49,0.0,0.0,0.0,301.1,0.0,0.3,0.1,0.0,95.8,0.0,0.0,264.2,0.0,21.700000000000003,23.8,23.8,25.4,300.0,300.0,29.3,32.1,27.9,27.200000000000003,29.0,4.96,1.99,4.97,0.16,0.0,0.0,1027.0,8228.0,0.0,0.0,0.0,0.0,0.0,1.0,0.0,0.0,0.0,0.0,0.0,0.0,0.0,-0.2,0.0,0.0,16.0,25903.0
2026-07-30T18:57:26.263Z,15.746,15.756,0.0,7.4,0.0,0.0,0.0,0.0,0.0,0.0,0.0,0.0,1.0,0.0,0.0,0.0,9.0,4.0,0.0,0.0,0.0,0.0,0.0,0.0,0.0,0.0,2.0,12.0,1.0,12.17,5.01,2.51,1.49,0.0,0.0,0.0,301.1,0.0,0.3,-0.4,0.5,95.8,0.0,0.0,264.2,0.0,21.700000000000003,23.8,23.8,25.4,300.0,300.0,29.3,32.1,27.9,27.200000000000003,29.0,4.95,1.99,4.96,0.16,0.0,0.0,1027.0,8228.0,0.0,0.0,0.0,0.0,0.0,1.0,0.0,0.0,0.0,0.0,0.0,-0.6000000000000001,0.0,0.0,0.0,0.0,16.0,25903.0
2026-07-30T18:57:26.273Z,15.756,15.768,-0.1,7.4,0.0,0.0,0.0,0.0,0.0,0.0,0.0,0.0,1.0,0.0,0.0,0.0,9.0,4.0,0.0,0.0,0.0,0.0,0.0,0.0,0.0,0.0,3.0,12.0,1.0,12.17,5.01,2.51,1.49,0.0,0.0,0.0,301.2,0.0,-0.2,1.3,0.0,95.8,0.0,0.0,264.2,0.0,21.700000000000003,23.8,23.8,25.4,300.0,300.0,29.3,32.1,27.9,27.200000000000003,29.0,4.95,1.99,4.97,0.16,0.0,0.0,1027.0,8228.0,0.0,0.0,0.0,0.0,0.0,1.0,0.0,0.0,0.0,0.0,0.0,0.1,0.0,-1.5,0.0,0.0,16.0,25903.0
2026-07-30T18:57:26.285Z,15.768,15.78,0.0,7.4,0.0,0.0,0.0,0.0,0.0,0.0,0.0,0.0,1.0,0.0,0.0,0.0,9.0,4.0,0.0,0.0,0.0,0.0,0.0,0.0,0.0,0.0,4.0,12.0,1.0,12.17,5.01,2.51,1.49,0.0,0.0,0.0,301.1,0.0,-0.2,0.7000000000000001,1.1,95.8,0.0,0.0,264.2,0.0,21.700000000000003,23.8,23.8,25.4,300.0,300.0,29.3,32.1,27.9,27.200000000000003,29.0,4.95,1.99,4.97,0.16,0.0,0.0,1027.0,8228.0,0.0,0.0,0.0,0.0,0.0,1.0,0.0,0.0,0.0,0.0,0.0,-1.0,0.0,-1.6,0.0,0.0,16.0,25903.0
2026-07-30T18:57:26.297Z,15.78,15.792,0.0,7.4,0.0,0.0,0.0,0.0,0.0,0.0,0.0,0.0,1.0,0.0,0.0,0.0,9.0,4.0,0.0,0.0,0.0,0.0,0.0,0.0,0.0,0.0,6.0,12.0,1.0,12.17,5.01,2.51,1.49,0.0,0.0,0.0,301.1,0.0,-0.8,0.1,-1.2000000000000002,95.8,0.0,0.0,264.2,0.0,21.700000000000003,23.8,23.8,25.4,300.0,300.0,29.3,32.1,27.9,27.200000000000003,29.0,4.96,1.99,4.96,0.16,0.0,0.0,1027.0,8228.0,0.0,0.0,0.0,0.0,0.0,1.0,0.0,0.0,0.0,0.0,0.0,1.1,0.0,0.6000000000000001,0.0,0.0,16.0,25903.0
2026-07-30T18:57:26.309Z,15.792,15.804,-0.1,7.4,0.0,0.0,0.0,0.0,0.0,0.0,0.0,0.0,1.0,0.0,0.0,0.0,9.0,4.0,0.0,0.0,0.0,0.0,0.0,0.0,0.0,0.0,1.0,12.0,1.0,12.17,5.01,2.51,1.49,0.0,0.0,0.0,301.1,0.0,-0.8,-1.6,0.0,95.8,0.0,0.0,264.2,0.0,21.700000000000003,23.8,23.8,25.4,300.0,300.0,29.3,32.1,27.9,27.200000000000003,29.0,4.95,1.99,4.96,0.16,0.0,0.0,1027.0,8228.0,0.0,0.0,0.0,0.0,0.0,1.0,0.0,0.0,0.0,0.0,0.0,-0.1,0.0,1.9,0.0,0.0,16.0,25903.0
2026-07-30T18:57:26.321Z,15.804,15.816,-0.1,7.4,0.0,0.0,0.0,0.0,0.0,0.0,0.0,0.0,1.0,0.0,0.0,0.0,9.0,4.0,0.0,0.0,0.0,0.0,0.0,0.0,0.0,0.0,2.0,12.0,1.0,12.18,5.0200000000000005,2.51,1.49,0.0,0.0,0.0,301.1,0.0,0.2,0.6000000000000001,-0.6000000000000001,95.8,0.0,0.0,264.2,0.0,20.9,23.8,23.8,25.4,300.0,300.0,29.4,32.1,27.9,27.200000000000003,29.0,4.95,1.99,4.96,0.16,0.0,0.0,1027.0,8228.0,0.0,0.0,0.0,0.0,0.0,1.0,0.0,0.0,0.0,0.0,0.0,0.7000000000000001,0.0,-0.3,0.0,0.0,16.0,25903.0
2026-07-30T18:57:26.333Z,15.816,15.828,0.0,7.4,0.0,0.0,0.0,0.0,0.0,0.0,0.0,0.0,1.0,0.0,0.0,0.0,9.0,4.0,0.0,0.0,0.0,0.0,0.0,0.0,0.0,0.0,4.0,12.0,1.0,12.18,5.0200000000000005,2.51,1.49,0.0,0.0,0.0,301.1,0.0,0.2,0.1,1.1,95.8,0.0,0.0,264.2,0.0,20.9,23.8,23.8,25.4,300.0,300.0,29.4,32.1,27.9,27.200000000000003,29.0,4.96,1.99,4.96,0.16,0.0,0.0,1027.0,8228.0,0.0,0.0,0.0,0.0,0.0,1.0,0.0,0.0,0.0,0.0,0.0,-1.0,0.0,-0.8,0.0,0.0,16.0,25903.0
2026-07-30T18:57:26.345Z,15.828,15.84,0.0,7.4,0.0,0.0,0.0,0.0,0.0,0.0,0.0,0.0,1.0,0.0,0.0,0.0,9.0,4.0,0.0,0.0,0.0,0.0,0.0,0.0,0.0,0.0,6.0,12.0,1.0,12.18,5.0200000000000005,2.51,1.49,0.0,0.0,0.0,301.1,0.0,0.2,0.7000000000000001,-0.6000000000000001,95.8,0.0,0.0,264.2,0.0,20.9,23.8,23.8,25.4,300.0,300.0,29.4,32.1,27.9,27.200000000000003,29.0,4.96,1.99,4.96,0.16,0.0,0.0,1027.0,8228.0,0.0,0.0,0.0,0.0,0.0,1.0,0.0,0.0,0.0,0.0,0.0,0.6000000000000001,0.0,-0.3,0.0,0.0,16.0,25903.0
2026-07-30T18:57:26.357Z,15.84,15.852,-0.1,7.4,0.0,0.0,0.0,0.0,0.0,0.0,0.0,0.0,1.0,0.0,0.0,0.0,9.0,4.0,0.0,0.0,0.0,0.0,0.0,0.0,0.0,0.0,1.0,12.0,1.0,12.18,5.0200000000000005,2.51,1.49,0.0,0.1,0.0,301.1,0.0,0.2,-0.4,0.0,95.8,0.0,0.0,264.2,0.0,20.9,23.8,23.8,25.4,300.0,300.0,29.4,32.1,27.9,27.200000000000003,29.0,4.95,1.99,4.97,0.16,0.0,0.0,1027.0,8228.0,0.0,0.0,0.0,0.0,0.0,1.0,0.0,0.0,0.0,0.0,0.0,0.0,0.0,0.5,0.0,0.0,16.0,25903.0
2026-07-30T18:57:26.369Z,15.852,15.864,-0.1,7.4,0.0,0.0,0.0,0.0,0.0,0.0,0.0,0.0,1.0,0.0,0.0,0.0,9.0,4.0,0.0,0.0,0.0,0.0,0.0,0.0,0.0,0.0,2.0,12.0,1.0,12.18,5.0200000000000005,2.51,1.49,0.0,0.0,0.0,301.1,0.0,0.2,0.7000000000000001,0.5,95.8,0.0,0.0,264.3,0.0,20.9,23.8,23.8,25.4,300.0,300.0,29.4,32.1,27.9,27.200000000000003,29.0,4.95,1.99,4.96,0.16,0.0,0.0,1027.0,8228.0,0.0,0.0,0.0,0.0,0.0,1.0,0.0,0.0,0.0,0.0,0.0,-0.4,0.0,-1.1,0.0,0.0,16.0,25903.0
2026-07-30T18:57:26.381Z,15.864,15.876,0.0,7.4,0.0,0.0,0.0,0.0,0.0,0.0,0.0,0.0,1.0,0.0,0.0,0.0,9.0,4.0,0.0,0.0,0.0,0.0,0.0,0.0,0.0,0.0,3.0,12.0,1.0,12.18,5.0200000000000005,2.51,1.49,0.0,0.0,0.0,301.1,0.0,-0.3,0.7000000000000001,0.4,95.8,0.0,0.0,264.2,0.0,20.9,23.8,23.8,25.4,300.0,300.0,29.4,32.1,27.9,27.200000000000003,29.0,4.96,1.99,4.96,0.16,0.0,0.0,1027.0,8228.0,0.0,0.0,0.0,0.0,0.0,1.0,0.0,0.0,0.0,0.0,0.0,-0.3,0.0,-1.1,0.0,0.0,16.0,25903.0
2026-07-30T18:57:26.393Z,15.876,15.888,0.0,7.4,0.0,0.0,0.0,0.0,0.0,0.0,0.0,0.0,1.0,0.0,0.0,0.0,9.0,4.0,0.0,0.0,0.0,0.0,0.0,0.0,0.0,0.0,5.0,12.0,1.0,12.18,5.0200000000000005,2.51,1.49,0.0,0.0,0.0,301.1,0.0,-0.3,-0.4,0.0,95.8,0.0,0.0,264.3,0.0,20.9,23.8,23.8,25.4,300.0,300.0,29.4,32.1,27.9,27.200000000000003,29.0,4.96,1.99,4.97,0.16,0.0,0.0,1027.0,8228.0,0.0,0.0,0.0,0.0,0.0,1.0,0.0,0.0,0.0,0.0,0.0,0.0,0.0,0.5,0.0,0.0,16.0,25903.0
2026-07-30T18:57:26.405Z,15.888,15.9,-0.1,7.4,0.0,0.0,0.0,0.0,0.0,0.0,0.0,0.0,1.0,0.0,0.0,0.0,9.0,4.0,0.0,0.0,0.0,0.0,0.0,0.0,0.0,0.0,6.0,12.0,1.0,12.18,5.0200000000000005,2.51,1.49,0.0,0.0,0.0,301.1,0.0,0.2,-1.0,-0.1,95.8,0.0,0.0,264.2,0.0,20.9,23.8,23.8,25.4,300.0,300.0,29.4,32.1,27.9,27.200000000000003,29.0,4.95,1.99,4.96,0.16,0.0,0.0,1027.0,8228.0,0.0,0.0,0.0,0.0,0.0,1.0,0.0,0.0,0.0,0.0,0.0,0.0,0.0,1.2000000000000002,0.0,0.0,16.0,25903.0
2026-07-30T18:57:26.418Z,15.901,15.912,-0.1,7.4,0.0,0.0,0.0,0.0,0.0,0.0,0.0,0.0,1.0,0.0,0.0,0.0,9.0,4.0,0.0,0.0,0.0,0.0,0.0,0.0,0.0,0.0,1.0,12.0,1.0,12.15,5.01,2.51,1.49,0.0,0.0,0.0,301.1,0.0,0.2,1.2000000000000002,-0.1,95.8,0.0,0.0,264.2,0.0,21.8,23.9,23.9,25.5,300.0,300.0,29.4,32.1,27.9,27.200000000000003,29.1,4.95,2.0,4.96,0.16,0.0,0.0,1027.0,8228.0,0.0,0.0,0.0,0.0,0.0,1.0,0.0,0.0,0.0,0.0,0.0,-1.4,0.0,-1.9,0.0,0.0,16.0,25903.0
2026-07-30T18:57:26.429Z,15.912,15.924,0.0,7.4,0.0,0.0,0.0,0.0,0.0,0.0,0.0,0.0,1.0,0.0,0.0,0.0,9.0,4.0,0.0,0.0,0.0,0.0,0.0,0.0,0.0,0.0,2.0,12.0,1.0,12.15,5.01,2.51,1.49,0.0,0.0,0.0,301.1,0.0,0.2,0.7000000000000001,-0.7000000000000001,95.8,0.0,0.0,264.2,0.0,21.8,23.9,23.9,25.5,300.0,300.0,29.4,32.1,27.9,27.200000000000003,29.1,4.95,1.99,4.96,0.16,0.0,0.0,1027.0,8228.0,0.0,0.0,0.0,0.0,0.0,1.0,0.0,0.0,0.0,0.0,0.0,0.2,0.0,-0.7000000000000001,0.0,0.0,16.0,25903.0
2026-07-30T18:57:26.441Z,15.924,15.936,0.0,7.4,0.0,0.0,0.0,0.0,0.0,0.0,0.0,0.0,1.0,0.0,0.0,0.0,9.0,4.0,0.0,0.0,0.0,0.0,0.0,0.0,0.0,0.0,3.0,12.0,1.0,12.15,5.01,2.51,1.49,0.0,0.0,0.0,301.1,0.0,-0.3,0.1,-0.1,95.8,0.0,0.0,264.2,0.0,21.8,23.9,23.9,25.5,300.0,300.0,29.4,32.1,27.9,27.200000000000003,29.1,4.95,1.99,4.97,0.16,0.0,0.0,1027.0,8228.0,0.0,0.0,0.0,0.0,0.0,1.0,0.0,0.0,0.0,0.0,0.0,0.6000000000000001,0.0,0.2,0.0,0.0,16.0,25903.0
2026-07-30T18:57:26.454Z,15.937,15.948,0.0,7.4,0.0,0.0,0.0,0.0,0.0,0.0,0.0,0.0,1.0,0.0,0.0,0.0,9.0,4.0,0.0,0.0,0.0,0.0,0.0,0.0,0.0,0.0,4.0,12.0,1.0,12.15,5.01,2.51,1.49,0.0,0.0,0.0,301.1,0.0,0.2,-0.4,1.0,95.8,0.0,0.0,264.2,0.0,21.8,23.9,23.9,25.5,300.0,300.0,29.4,32.1,27.9,27.200000000000003,29.1,4.96,1.99,4.96,0.16,0.0,0.0,1027.0,8228.0,0.0,0.0,0.0,0.0,0.0,1.0,0.0,0.0,0.0,0.0,0.0,0.0,0.0,0.5,0.0,0.0,16.0,25903.0
2026-07-30T18:57:26.465Z,15.948,15.96,-0.1,7.4,0.0,0.0,0.0,0.0,0.0,0.0,0.0,0.0,1.0,0.0,0.0,0.0,9.0,4.0,0.0,0.0,0.0,0.0,0.0,0.0,0.0,0.0,5.0,12.0,1.0,12.15,5.01,2.51,1.49,0.0,0.0,0.0,301.2,0.0,0.2,1.3,1.1,95.8,0.0,0.0,264.2,0.0,21.8,23.9,23.9,25.5,300.0,300.0,29.4,32.1,27.9,27.200000000000003,29.1,4.96,1.99,4.97,0.16,0.0,0.0,1027.0,8228.0,0.0,0.0,0.0,0.0,0.0,1.0,0.0,0.0,0.0,0.0,0.0,-0.8,0.0,-2.2,0.0,0.0,16.0,25903.0
2026-07-30T18:57:26.477Z,15.96,15.972,0.0,7.4,0.0,0.0,0.0,0.0,0.0,0.0,0.0,0.0,1.0,0.0,0.0,0.0,9.0,4.0,0.0,0.0,0.0,0.0,0.0,0.0,0.0,0.0,1.0,12.0,1.0,12.15,5.01,2.51,1.49,0.0,0.0,0.0,301.1,0.0,-0.9,0.1,-1.2000000000000002,95.8,0.0,0.0,264.3,0.0,21.8,23.9,23.9,25.5,300.0,300.0,29.4,32.1,27.9,27.200000000000003,29.1,4.95,1.99,4.97,0.16,0.0,0.0,1027.0,8228.0,0.0,0.0,0.0,0.0,0.0,1.0,0.0,0.0,0.0,0.0,0.0,1.2000000000000002,0.0,0.7000000000000001,0.0,0.0,16.0,25903.0
2026-07-30T18:57:26.489Z,15.972,15.984,0.0,7.4,0.0,0.0,0.0,0.0,0.0,0.0,0.0,0.0,1.0,0.0,0.0,0.0,9.0,4.0,0.0,0.0,0.0,0.0,0.0,0.0,0.0,0.0,2.0,12.0,1.0,12.15,5.01,2.51,1.49,0.0,0.0,0.0,301.1,0.0,0.1,0.1,0.0,95.8,0.0,0.0,264.40000000000003,0.0,21.8,23.9,23.9,25.5,300.0,300.0,29.4,32.1,27.9,27.200000000000003,29.1,4.96,1.99,4.96,0.16,0.0,0.0,1027.0,8228.0,0.0,0.0,0.0,0.0,0.0,1.0,0.0,0.0,0.0,0.0,0.0,0.0,0.0,-0.1,0.0,0.0,16.0,25903.0
2026-07-30T18:57:26.501Z,15.984,15.996,0.0,7.4,0.0,0.0,0.0,0.0,0.0,0.0,0.0,0.0,1.0,0.0,0.0,0.0,9.0,4.0,0.0,0.0,0.0,0.0,0.0,0.0,0.0,0.0,3.0,12.0,1.0,12.15,5.01,2.51,1.49,0.0,0.1,0.0,301.1,0.0,-0.9,-1.0,-0.6000000000000001,95.8,0.0,0.0,264.2,0.0,21.8,23.9,23.9,25.5,300.0,300.0,29.4,32.1,27.9,27.200000000000003,29.1,4.95,2.0,4.96,0.16,0.0,0.0,1027.0,8228.0,0.0,0.0,0.0,0.0,0.0,1.0,0.0,0.0,0.0,0.0,0.0,0.5,0.0,1.6,0.0,0.0,16.0,25903.0
2026-07-30T18:57:26.513Z,15.996,16.008,0.0,7.4,0.0,0.0,0.0,0.0,0.0,0.0,0.0,0.0,1.0,0.0,0.0,0.0,9.0,4.0,0.0,0.0,0.0,0.0,0.0,0.0,0.0,0.0,4.0,12.0,1.0,12.15,5.01,2.51,1.49,0.0,0.1,0.0,301.1,0.0,0.1,0.0,1.0,95.8,0.0,0.0,264.2,0.0,21.8,23.9,23.9,25.5,300.0,300.0,29.4,32.1,27.9,27.200000000000003,29.1,4.95,1.99,4.96,0.16,0.0,0.0,1027.0,8228.0,0.0,0.0,0.0,0.0,0.0,1.0,0.0,0.0,0.0,0.0,0.0,-0.9,0.0,-0.7000000000000001,0.0,0.0,16.0,25903.0
2026-07-30T18:57:26.525Z,16.008,16.02,0.0,7.4,0.0,0.0,0.0,0.0,0.0,0.0,0.0,0.0,1.0,0.0,0.0,0.0,9.0,4.0,0.0,0.0,0.0,0.0,0.0,0.0,0.0,0.0,5.0,12.0,1.0,12.15,5.0200000000000005,2.51,1.49,0.0,0.0,0.0,301.1,0.0,0.1,0.0,0.4,95.8,0.0,0.0,264.2,0.0,21.0,24.0,24.0,25.5,300.0,300.0,29.4,32.2,27.9,27.200000000000003,29.1,4.95,1.99,4.96,0.16,0.0,0.0,1027.0,8228.0,0.0,0.0,0.0,0.0,0.0,1.0,0.0,0.0,0.0,0.0,0.0,-0.4,0.0,-0.4,0.0,0.0,16.0,25903.0
2026-07-30T18:57:26.537Z,16.02,16.032,0.0,7.4,0.0,0.0,0.0,0.0,0.0,0.0,0.0,0.0,1.0,0.0,0.0,0.0,9.0,4.0,0.0,0.0,0.0,0.0,0.0,0.0,0.0,0.0,6.0,12.0,1.0,12.15,5.0200000000000005,2.51,1.49,0.0,0.0,0.0,301.1,0.0,0.1,-0.4,-1.3,95.8,0.0,0.0,264.2,0.0,21.0,24.0,24.0,25.5,300.0,300.0,29.4,32.2,27.9,27.200000000000003,29.1,4.95,1.99,4.96,0.17,0.0,0.0,1027.0,8228.0,0.0,0.0,0.0,0.0,0.0,1.0,0.0,0.0,0.0,0.0,0.0,1.1,0.0,1.4,0.0,0.0,16.0,25903.0
2026-07-30T18:57:26.549Z,16.032,16.044,0.0,7.4,0.0,0.0,0.0,0.0,0.0,0.0,0.0,0.0,1.0,0.0,0.0,0.0,9.0,4.0,0.0,0.0,0.0,0.0,0.0,0.0,0.0,0.0,1.0,12.0,1.0,12.15,5.0200000000000005,2.51,1.49,0.0,0.0,0.0,301.1,0.0,-0.4,-0.4,-0.1,95.8,0.0,0.0,264.2,0.0,21.0,24.0,24.0,25.5,300.0,300.0,29.4,32.2,27.9,27.200000000000003,29.1,4.95,1.99,4.97,0.17,0.0,0.0,1027.0,8228.0,0.0,0.0,0.0,0.0,0.0,1.0,0.0,0.0,0.0,0.0,0.0,0.1,0.0,0.7000000000000001,0.0,0.0,16.0,25903.0
2026-07-30T18:57:26.561Z,16.044,16.056,0.0,7.4,0.0,0.0,0.0,0.0,0.0,0.0,0.0,0.0,1.0,0.0,0.0,0.0,9.0,4.0,0.0,0.0,0.0,0.0,0.0,0.0,0.0,0.0,2.0,12.0,1.0,12.15,5.0200000000000005,2.51,1.49,0.0,0.0,0.0,301.1,0.0,0.1,-0.4,-0.7000000000000001,95.8,0.0,0.0,264.2,0.0,21.0,24.0,24.0,25.5,300.0,300.0,29.4,32.2,27.9,27.200000000000003,29.1,4.95,1.99,4.96,0.16,0.0,0.0,1027.0,8228.0,0.0,0.0,0.0,0.0,0.0,1.0,0.0,0.0,0.0,0.0,0.0,0.6000000000000001,0.0,1.0,0.0,0.0,16.0,25903.0
2026-07-30T18:57:26.573Z,16.056,16.068,0.0,7.4,0.0,0.0,0.0,0.0,0.0,0.0,0.0,0.0,1.0,0.0,0.0,0.0,9.0,4.0,0.0,0.0,0.0,0.0,0.0,0.0,0.0,0.0,3.0,12.0,1.0,12.15,5.0200000000000005,2.51,1.49,0.0,0.0,0.0,301.1,0.0,0.1,0.0,0.4,95.8,0.0,0.0,264.2,0.0,21.0,24.0,24.0,25.5,300.0,300.0,29.4,32.2,27.9,27.200000000000003,29.1,4.96,2.0,4.96,0.16,0.0,0.0,1027.0,8228.0,0.0,0.0,0.0,0.0,0.0,1.0,0.0,0.0,0.0,0.0,0.0,-0.3,0.0,-0.3,0.0,0.0,16.0,25903.0
2026-07-30T18:57:26.585Z,16.068,16.080000000000002,0.0,7.4,0.0,0.0,0.0,0.0,0.0,0.0,0.0,0.0,1.0,0.0,0.0,0.0,9.0,4.0,0.0,0.0,0.0,0.0,0.0,0.0,0.0,0.0,3.0,12.0,1.0,12.15,5.0200000000000005,2.51,1.49,0.0,0.0,0.0,301.1,0.0,0.1,-0.4,-0.1,95.8,0.0,0.0,264.3,0.0,21.0,24.0,24.0,25.5,300.0,300.0,29.4,32.2,27.9,27.200000000000003,29.1,4.95,2.0,4.96,0.16,0.0,0.0,1027.0,8228.0,0.0,0.0,0.0,0.0,0.0,1.0,0.0,0.0,0.0,0.0,0.0,0.0,0.0,0.6000000000000001,0.0,0.0,16.0,25903.0
2026-07-30T18:57:26.597Z,16.08,16.092,0.0,7.4,0.0,0.0,0.0,0.0,0.0,0.0,0.0,0.0,1.0,0.0,0.0,0.0,9.0,4.0,0.0,0.0,0.0,0.0,0.0,0.0,0.0,0.0,4.0,12.0,1.0,12.15,5.0200000000000005,2.51,1.49,0.0,0.0,0.0,301.1,0.0,0.7000000000000001,-1.1,0.4,95.8,0.0,0.0,264.2,0.0,21.0,24.0,24.0,25.5,300.0,300.0,29.4,32.2,27.9,27.200000000000003,29.1,4.95,1.99,4.97,0.16,0.0,0.0,1027.0,8228.0,0.0,0.0,0.0,0.0,0.0,1.0,0.0,0.0,0.0,0.0,0.0,-0.5,0.0,1.0,0.0,0.0,16.0,25903.0
2026-07-30T18:57:26.609Z,16.092,16.104,0.0,7.4,0.0,0.0,0.0,0.0,0.0,0.0,0.0,0.0,1.0,0.0,0.0,0.0,9.0,4.0,0.0,0.0,0.0,0.0,0.0,0.0,0.0,0.0,5.0,12.0,1.0,12.15,5.0200000000000005,2.51,1.49,0.0,0.0,0.0,301.1,0.0,-0.4,0.5,-1.3,95.8,0.0,0.0,264.2,0.0,21.0,24.0,24.0,25.5,300.0,300.0,29.4,32.2,27.9,27.200000000000003,29.1,4.95,2.0,4.96,0.16,0.0,0.0,1027.0,8228.0,0.0,0.0,0.0,0.0,0.0,1.0,0.0,0.0,0.0,0.0,0.0,1.3,0.0,0.2,0.0,0.0,16.0,25903.0
2026-07-30T18:57:26.622Z,16.105,16.116,0.0,7.4,0.0,0.0,0.0,0.0,0.0,0.0,0.0,0.0,1.0,0.0,0.0,0.0,9.0,4.0,0.0,0.0,0.0,0.0,0.0,0.0,0.0,0.0,1.0,12.0,1.0,12.17,5.01,2.51,1.49,0.0,0.0,0.0,301.1,0.0,0.1,0.0,-0.7000000000000001,95.8,0.0,0.0,264.2,0.0,21.3,24.0,24.0,25.6,300.0,300.0,29.3,32.1,27.9,27.200000000000003,29.1,4.95,1.99,4.96,0.16,0.0,0.0,1027.0,8228.0,0.0,0.0,0.0,0.0,0.0,1.0,0.0,0.0,0.0,0.0,0.0,0.6000000000000001,0.0,0.4,0.0,0.0,16.0,25903.0
2026-07-30T18:57:26.633Z,16.116,16.128,0.0,7.4,0.0,0.0,0.0,0.0,0.0,0.0,0.0,0.0,1.0,0.0,0.0,0.0,9.0,4.0,0.0,0.0,0.0,0.0,0.0,0.0,0.0,0.0,3.0,12.0,1.0,12.17,5.01,2.51,1.49,0.0,0.0,0.0,301.1,0.0,0.2,0.6000000000000001,1.0,95.8,0.0,0.0,264.2,0.0,21.3,24.0,24.0,25.6,300.0,300.0,29.3,32.1,27.9,27.200000000000003,29.1,4.95,1.99,4.97,0.16,0.0,0.0,1027.0,8228.0,0.0,0.0,0.0,0.0,0.0,1.0,0.0,0.0,0.0,0.0,0.0,-0.9,0.0,-1.4,0.0,0.0,16.0,25903.0
2026-07-30T18:57:26.645Z,16.128,16.14,0.0,7.4,0.0,0.0,0.0,0.0,0.0,0.0,0.0,0.0,1.0,0.0,0.0,0.0,9.0,4.0,0.0,0.0,0.0,0.0,0.0,0.0,0.0,0.0,4.0,12.0,1.0,12.17,5.01,2.51,1.49,0.0,0.0,0.0,301.1,0.0,0.2,0.6000000000000001,-0.6000000000000001,95.8,0.0,0.0,264.2,0.0,21.3,24.0,24.0,25.6,300.0,300.0,29.3,32.1,27.9,27.200000000000003,29.1,4.96,1.99,4.96,0.16,0.0,0.0,1027.0,8228.0,0.0,0.0,0.0,0.0,0.0,1.0,0.0,0.0,0.0,0.0,0.0,0.7000000000000001,0.0,-0.2,0.0,0.0,16.0,25903.0
2026-07-30T18:57:26.657Z,16.14,16.152,0.0,7.4,0.0,0.0,0.0,0.0,0.0,0.0,0.0,0.0,1.0,0.0,0.0,0.0,9.0,4.0,0.0,0.0,0.0,0.0,0.0,0.0,0.0,0.0,6.0,12.0,1.0,12.17,5.01,2.51,1.49,0.0,0.0,0.0,301.1,0.0,0.2,0.0,-0.1,95.8,0.0,0.0,264.2,0.0,21.3,24.0,24.0,25.6,300.0,300.0,29.3,32.1,27.9,27.200000000000003,29.1,4.96,2.0,4.97,0.16,0.0,0.0,1027.0,8228.0,0.0,0.0,0.0,0.0,0.0,1.0,0.0,0.0,0.0,0.0,0.0,0.1,0.0,0.0,0.0,0.0,16.0,25903.0
2026-07-30T18:57:26.669Z,16.152,16.164,0.0,7.4,0.0,0.0,0.0,0.0,0.0,0.0,0.0,0.0,1.0,0.0,0.0,0.0,9.0,4.0,0.0,0.0,0.0,0.0,0.0,0.0,0.0,0.0,1.0,12.0,1.0,12.17,5.01,2.51,1.49,0.0,0.0,0.0,301.1,0.0,-0.3,0.6000000000000001,-0.7000000000000001,95.8,0.0,0.0,264.2,0.0,21.3,24.0,24.0,25.6,300.0,300.0,29.3,32.1,27.9,27.200000000000003,29.1,4.95,2.0,4.97,0.16,0.0,0.0,1027.0,8228.0,0.0,0.0,0.0,0.0,0.0,1.0,0.0,0.0,0.0,0.0,0.0,0.7000000000000001,0.0,-0.2,0.0,0.0,16.0,25903.0
2026-07-30T18:57:26.681Z,16.164,16.176000000000002,0.0,7.4,0.0,0.0,0.0,0.0,0.0,0.0,0.0,0.0,1.0,0.0,0.0,0.0,9.0,4.0,0.0,0.0,0.0,0.0,0.0,0.0,0.0,0.0,1.0,12.0,1.0,12.17,5.01,2.51,1.49,0.0,0.0,0.0,301.1,0.0,-0.3,-1.0,-0.1,95.8,0.0,0.0,264.3,0.0,21.3,24.0,24.0,25.6,300.0,300.0,29.3,32.1,27.9,27.200000000000003,29.1,4.96,2.0,4.96,0.16,0.0,0.0,1027.0,8228.0,0.0,0.0,0.0,0.0,0.0,1.0,0.0,0.0,0.0,0.0,0.0,0.0,0.0,1.3,0.0,0.0,16.0,25903.0
2026-07-30T18:57:26.693Z,16.176,16.188,0.0,7.4,0.0,0.0,0.0,0.0,0.0,0.0,0.0,0.0,1.0,0.0,0.0,0.0,9.0,4.0,0.0,0.0,0.0,0.0,0.0,0.0,0.0,0.0,2.0,12.0,1.0,12.17,5.01,2.51,1.49,0.0,0.1,0.0,301.1,0.0,0.2,-1.0,1.0,95.8,0.0,0.0,264.2,0.0,21.3,24.0,24.0,25.6,300.0,300.0,29.3,32.1,27.9,27.200000000000003,29.1,4.96,1.99,4.96,0.16,0.0,0.0,1027.0,8228.0,0.0,0.0,0.0,0.0,0.0,1.0,0.0,0.0,0.0,0.0,0.0,-1.1,0.0,0.5,0.0,0.0,16.0,25903.0
2026-07-30T18:57:26.705Z,16.188,16.2,0.0,7.4,0.0,0.0,0.0,0.0,0.0,0.0,0.0,0.0,1.0,0.0,0.0,0.0,9.0,4.0,0.0,0.0,0.0,0.0,0.0,0.0,0.0,0.0,3.0,12.0,1.0,12.17,5.01,2.51,1.49,0.0,0.0,0.0,301.2,0.0,0.8,1.2000000000000002,0.4,95.8,0.0,0.0,264.2,0.0,21.3,24.0,24.0,25.6,300.0,300.0,29.3,32.1,27.9,27.200000000000003,29.1,4.96,1.99,4.96,0.15,0.0,0.0,1027.0,8228.0,0.0,0.0,0.0,0.0,0.0,1.0,0.0,0.0,0.0,0.0,0.0,-0.2,0.0,-1.7000000000000002,0.0,0.0,16.0,25903.0
2026-07-30T18:57:26.717Z,16.2,16.212,0.0,7.4,0.0,0.0,0.0,0.0,0.0,0.0,0.0,0.0,1.0,0.0,0.0,0.0,9.0,4.0,0.0,0.0,0.0,0.0,0.0,0.0,0.0,0.0,4.0,12.0,1.0,12.17,5.01,2.51,1.49,0.0,0.0,0.0,301.1,0.0,-0.3,0.7000000000000001,0.0,95.8,0.0,0.0,264.2,0.0,21.3,24.0,24.0,25.6,300.0,300.0,29.3,32.1,27.9,27.200000000000003,29.1,4.95,2.0,4.96,0.16,0.0,0.0,1027.0,8228.0,0.0,0.0,0.0,0.0,0.0,1.0,0.0,0.0,0.0,0.0,0.0,0.1,0.0,-0.7000000000000001,0.0,0.0,16.0,25903.0
2026-07-30T18:57:26.729Z,16.212,16.224,0.0,7.4,0.0,0.0,0.0,0.0,0.0,0.0,0.0,0.0,1.0,0.0,0.0,0.0,9.0,4.0,0.0,0.0,0.0,0.0,0.0,0.0,0.0,0.0,5.0,12.0,1.0,12.18,5.01,2.5,1.49,0.0,0.0,0.0,301.1,0.0,0.2,0.7000000000000001,0.0,95.8,0.0,0.0,264.2,0.0,21.8,24.1,24.1,25.6,300.0,300.0,29.4,32.1,27.9,27.200000000000003,29.1,4.96,2.0,4.96,0.16,0.0,0.0,1027.0,8228.0,0.0,0.0,0.0,0.0,0.0,1.0,0.0,0.0,0.0,0.0,0.0,0.1,0.0,-0.7000000000000001,0.0,0.0,16.0,25903.0
2026-07-30T18:57:26.741Z,16.224,16.236,0.0,7.4,0.0,0.0,0.0,0.0,0.0,0.0,0.0,0.0,1.0,0.0,0.0,0.0,9.0,4.0,0.0,0.0,0.0,0.0,0.0,0.0,0.0,0.0,6.0,12.0,1.0,12.18,5.01,2.5,1.49,0.0,0.0,0.0,301.1,0.0,0.2,0.1,0.5,95.8,0.0,0.0,264.2,0.0,21.8,24.1,24.1,25.6,300.0,300.0,29.4,32.1,27.9,27.200000000000003,29.1,4.95,1.99,4.96,0.16,0.0,0.0,1027.0,8228.0,0.0,0.0,0.0,0.0,0.0,1.0,0.0,0.0,0.0,0.0,0.0,-0.4,0.0,-0.5,0.0,0.0,16.0,25903.0
2026-07-30T18:57:26.753Z,16.236,16.248,0.0,7.4,0.0,0.0,0.0,0.0,0.0,0.0,0.0,0.0,1.0,0.0,0.0,0.0,9.0,4.0,0.0,0.0,0.0,0.0,0.0,0.0,0.0,0.0,2.0,12.0,1.0,12.18,5.01,2.5,1.49,0.0,0.1,0.0,301.1,0.0,-0.8,-0.4,0.5,95.8,0.0,0.0,264.2,0.0,21.8,24.1,24.1,25.6,300.0,300.0,29.4,32.1,27.9,27.200000000000003,29.1,4.95,1.99,4.96,0.16,0.0,0.0,1027.0,8228.0,0.0,0.0,0.0,0.0,0.0,1.0,0.0,0.0,0.0,0.0,0.0,-0.5,0.0,0.1,0.0,0.0,16.0,25903.0
2026-07-30T18:57:26.766Z,16.249,16.26,0.0,7.4,0.0,0.0,0.0,0.0,0.0,0.0,0.0,0.0,1.0,0.0,0.0,0.0,9.0,4.0,0.0,0.0,0.0,0.0,0.0,0.0,0.0,0.0,3.0,12.0,1.0,12.18,5.01,2.5,1.49,0.0,0.0,0.0,301.1,0.0,0.2,0.7000000000000001,-0.6000000000000001,95.8,0.0,0.0,264.2,0.0,21.8,24.1,24.1,25.6,300.0,300.0,29.4,32.1,27.9,27.200000000000003,29.1,4.95,1.99,4.96,0.16,0.0,0.0,1027.0,8228.0,0.0,0.0,0.0,0.0,0.0,1.0,0.0,0.0,0.0,0.0,0.0,0.6000000000000001,0.0,-0.4,0.0,0.0,16.0,25903.0
2026-07-30T18:57:26.777Z,16.26,16.272000000000002,0.0,7.4,0.0,0.0,0.0,0.0,0.0,0.0,0.0,0.0,1.0,0.0,0.0,0.0,9.0,4.0,0.0,0.0,0.0,0.0,0.0,0.0,0.0,0.0,4.0,12.0,1.0,12.18,5.01,2.5,1.49,0.0,0.0,0.0,301.1,0.0,0.3,0.1,1.0,95.8,0.0,0.0,264.2,0.0,21.8,24.1,24.1,25.6,300.0,300.0,29.4,32.1,27.9,27.200000000000003,29.1,4.96,1.99,4.96,0.16,0.0,0.0,1027.0,8228.0,0.0,0.0,0.0,0.0,0.0,1.0,0.0,0.0,0.0,0.0,0.0,-0.9,0.0,-0.8,0.0,0.0,16.0,25903.0
2026-07-30T18:57:26.789Z,16.272,16.284,0.0,7.4,0.0,0.0,0.0,0.0,0.0,0.0,0.0,0.0,1.0,0.0,0.0,0.0,9.0,4.0,0.0,0.0,0.0,0.0,0.0,0.0,0.0,0.0,5.0,12.0,1.0,12.18,5.01,2.5,1.49,0.0,0.1,0.0,301.1,0.0,-0.8,0.1,-1.2000000000000002,95.8,0.0,0.0,264.40000000000003,0.0,21.8,24.1,24.1,25.6,300.0,300.0,29.4,32.1,27.9,27.200000000000003,29.1,4.96,1.99,4.96,0.16,0.0,0.0,1027.0,8228.0,0.0,0.0,0.0,0.0,0.0,1.0,0.0,0.0,0.0,0.0,0.0,1.1,0.0,0.6000000000000001,0.0,0.0,16.0,25903.0
2026-07-30T18:57:26.801Z,16.284,16.296,0.0,7.4,0.0,0.0,0.0,0.0,0.0,0.0,0.0,0.0,1.0,0.0,0.0,0.0,9.0,4.0,0.0,0.0,0.0,0.0,0.0,0.0,0.0,0.0,6.0,12.0,1.0,12.18,5.01,2.5,1.49,0.0,0.0,0.0,301.1,0.0,0.3,0.1,0.0,95.8,0.0,0.0,264.2,0.0,21.8,24.1,24.1,25.6,300.0,300.0,29.4,32.1,27.9,27.200000000000003,29.1,4.96,1.99,4.96,0.16,0.0,0.0,1027.0,8228.0,0.0,0.0,0.0,0.0,0.0,1.0,0.0,0.0,0.0,0.0,0.0,0.0,0.0,0.0,0.0,0.0,16.0,25903.0
2026-07-30T18:57:26.813Z,16.296,16.308,0.0,7.4,0.0,0.0,0.0,0.0,0.0,0.0,0.0,0.0,1.0,0.0,0.0,0.0,9.0,4.0,0.0,0.0,0.0,0.0,0.0,0.0,0.0,0.0,1.0,12.0,1.0,12.18,5.01,2.5,1.49,0.0,0.0,0.0,301.1,0.0,0.3,-0.5,1.0,95.8,0.0,0.0,264.2,0.0,21.8,24.1,24.1,25.6,300.0,300.0,29.4,32.1,27.9,27.200000000000003,29.1,4.96,1.99,4.96,0.16,0.0,0.0,1027.0,8228.0,0.0,0.0,0.0,0.0,0.0,1.0,0.0,0.0,0.0,0.0,0.0,-1.0,0.0,-0.1,0.0,0.0,16.0,25903.0
2026-07-30T18:57:26.827Z,16.31,16.32,0.0,7.4,0.0,0.0,0.0,0.0,0.0,0.0,0.0,0.0,1.0,0.0,0.0,0.0,9.0,4.0,0.0,0.0,0.0,0.0,0.0,0.0,0.0,0.0,1.0,12.0,1.0,12.15,5.01,2.51,1.49,0.0,0.0,0.0,301.1,0.0,0.9,-0.4,2.3000000000000003,95.8,0.0,0.0,264.2,0.0,21.700000000000003,24.1,24.1,25.700000000000003,300.0,300.0,29.4,32.1,27.9,27.200000000000003,29.0,4.95,1.99,4.96,0.16,0.0,0.0,1027.0,8228.0,0.0,0.0,0.0,0.0,0.0,1.0,0.0,0.0,0.0,0.0,0.0,-2.2,0.0,-1.0,0.0,0.0,16.0,25903.0
2026-07-30T18:57:26.837Z,16.32,16.332,0.0,7.4,0.0,0.0,0.0,0.0,0.0,0.0,0.0,0.0,1.0,0.0,0.0,0.0,9.0,4.0,0.0,0.0,0.0,0.0,0.0,0.0,0.0,0.0,2.0,12.0,1.0,12.15,5.01,2.51,1.49,0.0,0.0,0.0,301.1,0.0,0.9,-0.4,0.0,95.8,0.0,0.0,264.2,0.0,21.700000000000003,24.1,24.1,25.700000000000003,300.0,300.0,29.4,32.1,27.9,27.200000000000003,29.0,4.95,1.99,4.97,0.16,0.0,0.0,1027.0,8228.0,0.0,0.0,0.0,0.0,0.0,1.0,0.0,0.0,0.0,0.0,0.0,0.0,0.0,0.5,0.0,0.0,16.0,25903.0
2026-07-30T18:57:26.849Z,16.332,16.344,0.0,7.4,0.0,0.0,0.0,0.0,0.0,0.0,0.0,0.0,1.0,0.0,0.0,0.0,9.0,4.0,0.0,0.0,0.0,0.0,0.0,0.0,0.0,0.0,3.0,12.0,1.0,12.15,5.01,2.51,1.49,0.0,0.0,0.0,301.1,0.0,0.3,1.2000000000000002,0.0,95.8,0.0,0.0,264.2,0.0,21.700000000000003,24.1,24.1,25.700000000000003,300.0,300.0,29.4,32.1,27.9,27.200000000000003,29.0,4.95,1.99,4.96,0.16,0.0,0.0,1027.0,8228.0,0.0,0.0,0.0,0.0,0.0,1.0,0.0,0.0,0.0,0.0,0.0,0.2,0.0,-1.3,0.0,0.0,16.0,25903.0
2026-07-30T18:57:26.861Z,16.344,16.356,0.0,7.4,0.0,0.0,0.0,0.0,0.0,0.0,0.0,0.0,1.0,0.0,0.0,0.0,9.0,4.0,0.0,0.0,0.0,0.0,0.0,0.0,0.0,0.0,4.0,12.0,1.0,12.15,5.01,2.51,1.49,0.0,0.1,0.0,301.1,0.0,0.8,0.0,1.6,95.8,0.0,0.0,264.2,0.0,21.700000000000003,24.1,24.1,25.700000000000003,300.0,300.0,29.4,32.1,27.9,27.200000000000003,29.0,4.96,1.99,4.96,0.16,0.0,0.0,1027.0,8228.0,0.0,0.0,0.0,0.0,0.0,1.0,0.0,0.0,0.0,0.0,0.0,-1.5,0.0,-1.2000000000000002,0.0,0.0,16.0,25903.0
2026-07-30T18:57:26.873Z,16.356,16.368000000000002,0.0,7.4,0.0,0.0,0.0,0.0,0.0,0.0,0.0,0.0,1.0,0.0,0.0,0.0,9.0,4.0,0.0,0.0,0.0,0.0,0.0,0.0,0.0,0.0,5.0,12.0,1.0,12.15,5.01,2.51,1.49,0.0,0.0,0.0,301.1,0.0,0.2,-0.4,0.4,95.8,0.0,0.0,264.2,0.0,21.700000000000003,24.1,24.1,25.700000000000003,300.0,300.0,29.4,32.1,27.9,27.200000000000003,29.0,4.95,1.99,4.97,0.16,0.0,0.0,1027.0,8228.0,0.0,0.0,0.0,0.0,0.0,1.0,0.0,0.0,0.0,0.0,0.0,-0.5,0.0,0.2,0.0,0.0,16.0,25903.0
2026-07-30T18:57:26.885Z,16.368,16.38,0.0,7.4,0.0,0.0,0.0,0.0,0.0,0.0,0.0,0.0,1.0,0.0,0.0,0.0,9.0,4.0,0.0,0.0,0.0,0.0,0.0,0.0,0.0,0.0,6.0,12.0,1.0,12.15,5.01,2.51,1.49,0.0,0.0,0.0,301.1,0.0,0.2,0.0,0.4,95.8,0.0,0.0,264.3,0.0,21.700000000000003,24.1,24.1,25.700000000000003,300.0,300.0,29.4,32.1,27.9,27.200000000000003,29.0,4.94,2.0,4.97,0.16,0.0,0.0,1027.0,8228.0,0.0,0.0,0.0,0.0,0.0,1.0,0.0,0.0,0.0,0.0,0.0,-0.4,0.0,-0.3,0.0,0.0,16.0,25903.0
2026-07-30T18:57:26.897Z,16.38,16.392,0.0,7.4,0.0,0.0,0.0,0.0,0.0,0.0,0.0,0.0,1.0,0.0,0.0,0.0,9.0,4.0,0.0,0.0,0.0,0.0,0.0,0.0,0.0,0.0,6.0,12.0,1.0,12.15,5.01,2.51,1.49,0.0,0.0,0.0,301.1,0.0,0.8,0.6000000000000001,0.4,95.8,0.0,0.0,264.2,0.0,21.700000000000003,24.1,24.1,25.700000000000003,300.0,300.0,29.4,32.1,27.9,27.200000000000003,29.0,4.94,1.99,4.97,0.16,0.0,0.0,1027.0,8228.0,0.0,0.0,0.0,0.0,0.0,1.0,0.0,0.0,0.0,0.0,0.0,-0.3,0.0,-1.0,0.0,0.0,16.0,25903.0
2026-07-30T18:57:26.909Z,16.392,16.404,0.0,7.4,0.0,0.0,0.0,0.0,0.0,0.0,0.0,0.0,1.0,0.0,0.0,0.0,9.0,4.0,0.0,0.0,0.0,0.0,0.0,0.0,0.0,0.0,6.0,12.0,1.0,12.15,5.01,2.51,1.49,0.0,0.0,0.0,301.1,0.0,-0.3,0.6000000000000001,-0.1,95.8,0.0,0.0,264.2,0.0,21.700000000000003,24.1,24.1,25.700000000000003,300.0,300.0,29.4,32.1,27.9,27.200000000000003,29.0,4.95,1.99,4.97,0.16,0.0,0.0,1027.0,8228.0,0.0,0.0,0.0,0.0,0.0,1.0,0.0,0.0,0.0,0.0,0.0,0.2,0.0,-0.6000000000000001,0.0,0.0,16.0,25903.0
2026-07-30T18:57:26.921Z,16.404,16.416,0.0,7.4,0.0,0.0,0.0,0.0,0.0,0.0,0.0,0.0,1.0,0.0,0.0,0.0,9.0,4.0,0.0,0.0,0.0,0.0,0.0,0.0,0.0,0.0,2.0,12.0,1.0,12.15,5.01,2.51,1.49,0.0,0.0,0.0,301.1,0.0,0.8,0.6000000000000001,0.9,95.8,0.0,0.0,264.2,0.0,21.700000000000003,24.1,24.1,25.700000000000003,300.0,300.0,29.4,32.1,27.9,27.200000000000003,29.0,4.96,1.99,4.97,0.16,0.0,0.0,1027.0,8228.0,0.0,0.0,0.0,0.0,0.0,1.0,0.0,0.0,0.0,0.0,0.0,-0.8,0.0,-1.4,0.0,0.0,16.0,25903.0
2026-07-30T18:57:26.933Z,16.416,16.428,0.0,7.4,0.0,0.0,0.0,0.0,0.0,0.0,0.0,0.0,1.0,0.0,0.0,0.0,9.0,4.0,0.0,0.0,0.0,0.0,0.0,0.0,0.0,0.0,3.0,12.0,1.0,12.17,5.01,2.51,1.49,0.0,0.0,0.0,301.1,0.0,0.2,-0.4,-0.2,95.8,0.0,0.0,264.2,0.0,21.3,24.200000000000003,24.200000000000003,25.700000000000003,300.0,300.0,29.3,32.1,27.9,27.200000000000003,29.1,4.96,1.99,4.96,0.16,0.0,0.0,1027.0,8228.0,0.0,0.0,0.0,0.0,0.0,1.0,0.0,0.0,0.0,0.0,0.0,-0.4,0.0,0.3,0.0,0.0,16.0,25903.0
2026-07-30T18:57:26.945Z,16.428,16.44,0.0,7.4,0.0,0.0,0.0,0.0,0.0,0.0,0.0,0.0,1.0,0.0,0.0,0.0,9.0,4.0,0.0,0.0,0.0,0.0,0.0,0.0,0.0,0.0,4.0,12.0,1.0,12.17,5.01,2.51,1.49,0.0,0.0,0.0,301.1,0.0,0.2,0.6000000000000001,1.0,95.8,0.0,0.0,264.2,0.0,21.3,24.200000000000003,24.200000000000003,25.700000000000003,300.0,300.0,29.3,32.1,27.9,27.200000000000003,29.1,4.96,1.99,4.97,0.16,0.0,0.0,1027.0,8228.0,0.0,0.0,0.0,0.0,0.0,1.0,0.0,0.0,0.0,0.0,0.0,-0.8,0.0,-2.1,0.0,0.0,16.0,25903.0
2026-07-30T18:57:26.958Z,16.441,16.452,0.0,7.4,0.0,0.0,0.0,0.0,0.0,0.0,0.0,0.0,1.0,0.0,0.0,0.0,9.0,4.0,0.0,0.0,0.0,0.0,0.0,0.0,0.0,0.0,6.0,12.0,1.0,12.17,5.01,2.51,1.49,0.0,0.1,0.0,301.1,0.0,0.2,0.1,0.4,95.8,0.0,0.0,264.2,0.0,21.3,24.200000000000003,24.200000000000003,25.700000000000003,300.0,300.0,29.3,32.1,27.9,27.200000000000003,29.1,4.95,1.99,4.97,0.17,0.0,0.0,1027.0,8228.0,0.0,0.0,0.0,0.0,0.0,1.0,0.0,0.0,0.0,0.0,0.0,-0.3,0.0,-1.0,0.0,0.0,16.0,25903.0
2026-07-30T18:57:26.969Z,16.452,16.464,0.0,7.4,0.0,0.0,0.0,0.0,0.0,0.0,0.0,0.0,1.0,0.0,0.0,0.0,9.0,4.0,0.0,0.0,0.0,0.0,0.0,0.0,0.0,0.0,1.0,12.0,1.0,12.17,5.01,2.51,1.49,0.0,0.0,0.0,301.1,0.0,-0.9,-1.1,-0.1,95.8,0.0,0.0,264.2,0.0,21.3,24.200000000000003,24.200000000000003,25.700000000000003,300.0,300.0,29.3,32.1,27.9,27.200000000000003,29.1,4.95,1.99,4.97,0.15,0.0,0.0,1027.0,8228.0,0.0,0.0,0.0,0.0,0.0,1.0,0.0,0.0,0.0,0.0,0.0,0.0,0.0,1.3,0.0,0.0,16.0,25903.0
2026-07-30T18:57:26.981Z,16.464,16.476,0.0,7.4,0.0,0.0,0.0,0.0,0.0,0.0,0.0,0.0,1.0,0.0,0.0,0.0,9.0,4.0,0.0,0.0,0.0,0.0,0.0,0.0,0.0,0.0,2.0,12.0,1.0,12.17,5.01,2.51,1.49,0.0,0.0,0.0,301.1,0.0,-0.9,0.0,-0.7000000000000001,95.8,0.0,0.0,264.3,0.0,21.3,24.200000000000003,24.200000000000003,25.700000000000003,300.0,300.0,29.3,32.1,27.9,27.200000000000003,29.1,4.96,2.0,4.96,0.15,0.0,0.0,1027.0,8228.0,0.0,0.0,0.0,0.0,0.0,1.0,0.0,0.0,0.0,0.0,0.0,0.6000000000000001,0.0,0.3,0.0,0.0,16.0,25903.0
2026-07-30T18:57:26.993Z,16.476,16.488,0.0,7.4,0.0,0.0,0.0,0.0,0.0,0.0,0.0,0.0,1.0,0.0,0.0,0.0,9.0,4.0,0.0,0.0,0.0,0.0,0.0,0.0,0.0,0.0,4.0,12.0,1.0,12.17,5.01,2.51,1.49,0.0,0.0,0.0,301.1,0.0,0.2,0.1,-0.1,95.8,0.0,0.0,264.2,0.0,21.3,24.200000000000003,24.200000000000003,25.700000000000003,300.0,300.0,29.3,32.1,27.9,27.200000000000003,29.1,4.96,2.0,4.97,0.16,0.0,0.0,1027.0,8228.0,0.0,0.0,0.0,0.0,0.0,1.0,0.0,0.0,0.0,0.0,0.0,0.1,0.0,0.0,0.0,0.0,16.0,25903.0
2026-07-30T18:57:27.006Z,16.489,16.5,0.0,7.4,0.0,0.0,0.0,0.0,0.0,0.0,0.0,0.0,1.0,0.0,0.0,0.0,9.0,4.0,0.0,0.0,0.0,0.0,0.0,0.0,0.0,0.0,4.0,12.0,1.0,12.17,5.01,2.51,1.49,0.0,0.0,0.0,301.1,0.0,0.2,0.7000000000000001,1.6,95.8,0.0,0.0,264.2,0.0,21.3,24.200000000000003,24.200000000000003,25.700000000000003,300.0,300.0,29.3,32.1,27.9,27.200000000000003,29.1,4.95,1.99,4.97,0.16,0.0,0.0,1027.0,8228.0,0.0,0.0,0.0,0.0,0.0,1.0,0.0,0.0,0.0,0.0,0.0,-1.4,0.0,-1.9,0.0,0.0,16.0,25903.0
2026-07-30T18:57:27.017Z,16.5,16.512,0.0,7.4,0.0,0.0,0.0,0.0,0.0,0.0,0.0,0.0,1.0,0.0,0.0,0.0,9.0,4.0,0.0,0.0,0.0,0.0,0.0,0.0,0.0,0.0,5.0,12.0,1.0,12.17,5.01,2.51,1.49,0.0,0.0,0.0,301.1,0.0,0.2,-0.4,0.0,95.8,0.0,0.0,264.2,0.0,21.3,24.200000000000003,24.200000000000003,25.700000000000003,300.0,300.0,29.3,32.1,27.9,27.200000000000003,29.1,4.96,1.99,4.96,0.15,0.0,0.0,1027.0,8228.0,0.0,0.0,0.0,0.0,0.0,1.0,0.0,0.0,0.0,0.0,0.0,0.0,0.0,0.5,0.0,0.0,16.0,25903.0
2026-07-30T18:57:27.030Z,16.513,16.524,0.0,7.4,0.0,0.0,0.0,0.0,0.0,0.0,0.0,0.0,1.0,0.0,0.0,0.0,9.0,4.0,0.0,0.0,0.0,0.0,0.0,0.0,0.0,0.0,6.0,12.0,1.0,12.15,5.01,2.5,1.5,0.0,0.0,0.0,301.1,0.0,-0.3,-0.4,-0.6000000000000001,95.8,0.0,0.0,264.2,0.0,21.3,24.200000000000003,24.200000000000003,25.8,300.0,300.0,29.3,32.1,27.9,27.200000000000003,29.1,4.95,1.99,4.97,0.15,0.0,0.0,1027.0,8228.0,0.0,0.0,0.0,0.0,0.0,1.0,0.0,0.0,0.0,0.0,0.0,0.5,0.0,0.9,0.0,0.0,16.0,25903.0
2026-07-30T18:57:27.041Z,16.524,16.536,0.0,7.4,0.0,0.0,0.0,0.0,0.0,0.0,0.0,0.0,1.0,0.0,0.0,0.0,9.0,4.0,0.0,0.0,0.0,0.0,0.0,0.0,0.0,0.0,1.0,12.0,1.0,12.15,5.01,2.5,1.5,0.0,0.0,0.0,301.1,0.0,-0.3,-0.4,-1.2000000000000002,95.8,0.0,0.0,264.2,0.0,21.3,24.200000000000003,24.200000000000003,25.8,300.0,300.0,29.3,32.1,27.9,27.200000000000003,29.1,4.95,1.98,4.96,0.16,0.0,0.0,1027.0,8228.0,0.0,0.0,0.0,0.0,0.0,1.0,0.0,0.0,0.0,0.0,0.0,1.1,0.0,1.3,0.0,0.0,16.0,25903.0
2026-07-30T18:57:27.053Z,16.536,16.548000000000002,0.0,7.4,0.0,0.0,0.0,0.0,0.0,0.0,0.0,0.0,1.0,0.0,0.0,0.0,9.0,4.0,0.0,0.0,0.0,0.0,0.0,0.0,0.0,0.0,2.0,12.0,1.0,12.15,5.01,2.5,1.5,0.0,0.0,0.0,301.1,0.0,-0.9,0.1,-0.7000000000000001,95.8,0.0,0.0,264.2,0.0,21.3,24.200000000000003,24.200000000000003,25.8,300.0,300.0,29.3,32.1,27.9,27.200000000000003,29.1,4.96,2.0,4.96,0.16,0.0,0.0,1027.0,8228.0,0.0,0.0,0.0,0.0,0.0,1.0,0.0,0.0,0.0,0.0,0.0,0.6000000000000001,0.0,0.2,0.0,0.0,16.0,25903.0
2026-07-30T18:57:27.065Z,16.548,16.56,0.0,7.4,0.0,0.0,0.0,0.0,0.0,0.0,0.0,0.0,1.0,0.0,0.0,0.0,9.0,4.0,0.0,0.0,0.0,0.0,0.0,0.0,0.0,0.0,3.0,12.0,1.0,12.15,5.01,2.5,1.5,0.0,0.0,0.0,301.1,0.0,-0.3,-0.3,-0.1,95.8,0.0,0.0,264.2,0.0,21.3,24.200000000000003,24.200000000000003,25.8,300.0,300.0,29.3,32.1,27.9,27.200000000000003,29.1,4.95,2.0,4.96,0.16,0.0,0.0,1027.0,8228.0,0.0,0.0,0.0,0.0,0.0,1.0,0.0,0.0,0.0,0.0,0.0,0.0,0.0,0.4,0.0,0.0,16.0,25903.0
2026-07-30T18:57:27.077Z,16.56,16.572,0.0,7.4,0.0,0.0,0.0,0.0,0.0,0.0,0.0,0.0,1.0,0.0,0.0,0.0,9.0,4.0,0.0,0.0,0.0,0.0,0.0,0.0,0.0,0.0,4.0,12.0,1.0,12.15,5.01,2.5,1.5,0.0,0.0,0.0,301.1,0.0,0.2,0.2,-0.6000000000000001,95.8,0.0,0.0,264.2,0.0,21.3,24.200000000000003,24.200000000000003,25.8,300.0,300.0,29.3,32.1,27.9,27.200000000000003,29.1,4.96,1.99,4.97,0.16,0.0,0.0,1027.0,8228.0,0.0,0.0,0.0,0.0,0.0,1.0,0.0,0.0,0.0,0.0,0.0,0.6000000000000001,0.0,0.1,0.0,0.0,16.0,25903.0
2026-07-30T18:57:27.089Z,16.572,16.584,0.0,7.4,0.0,0.0,0.0,0.0,0.0,0.0,0.0,0.0,1.0,0.0,0.0,0.0,9.0,4.0,0.0,0.0,0.0,0.0,0.0,0.0,0.0,0.0,5.0,12.0,1.0,12.15,5.01,2.5,1.5,0.0,0.0,0.0,301.1,0.0,0.2,0.2,0.4,95.8,0.0,0.0,264.3,0.0,21.3,24.200000000000003,24.200000000000003,25.8,300.0,300.0,29.3,32.1,27.9,27.200000000000003,29.1,4.96,2.0,4.97,0.16,0.0,0.0,1027.0,8228.0,0.0,0.0,0.0,0.0,0.0,1.0,0.0,0.0,0.0,0.0,0.0,-0.4,0.0,-0.5,0.0,0.0,16.0,25903.0
2026-07-30T18:57:27.101Z,16.584,16.596,0.0,7.4,0.0,0.0,0.0,0.0,0.0,0.0,0.0,0.0,1.0,0.0,0.0,0.0,9.0,4.0,0.0,0.0,0.0,0.0,0.0,0.0,0.0,0.0,1.0,12.0,1.0,12.15,5.01,2.5,1.5,0.0,0.0,0.0,301.1,0.0,-0.2,-0.4,-1.2000000000000002,95.8,0.0,0.0,264.40000000000003,0.0,21.3,24.200000000000003,24.200000000000003,25.8,300.0,300.0,29.3,32.1,27.9,27.200000000000003,29.1,4.96,1.99,4.97,0.16,0.0,0.0,1027.0,8228.0,0.0,0.0,0.0,0.0,0.0,1.0,0.0,0.0,0.0,0.0,0.0,1.1,0.0,1.3,0.0,0.0,16.0,25903.0
2026-07-30T18:57:27.113Z,16.596,16.608,0.0,7.4,0.0,0.0,0.0,0.0,0.0,0.0,0.0,0.0,1.0,0.0,0.0,0.0,9.0,4.0,0.0,0.0,0.0,0.0,0.0,0.0,0.0,0.0,2.0,12.0,1.0,12.15,5.01,2.5,1.5,0.0,0.0,0.0,301.1,0.0,-0.3,-0.4,-1.2000000000000002,95.8,0.0,0.0,264.2,0.0,21.3,24.200000000000003,24.200000000000003,25.8,300.0,300.0,29.3,32.1,27.9,27.200000000000003,29.1,4.95,1.99,4.97,0.16,0.0,0.0,1027.0,8228.0,0.0,0.0,0.0,0.0,0.0,1.0,0.0,0.0,0.0,0.0,0.0,1.1,0.0,1.3,0.0,0.0,16.0,25903.0
2026-07-30T18:57:27.125Z,16.608,16.62,0.0,7.4,0.0,0.0,0.0,0.0,0.0,0.0,0.0,0.0,1.0,0.0,0.0,0.0,9.0,4.0,0.0,0.0,0.0,0.0,0.0,0.0,0.0,0.0,3.0,12.0,1.0,12.15,5.01,2.5,1.5,0.0,0.0,0.0,301.1,0.0,-0.3,-0.4,0.0,95.8,0.0,0.0,264.2,0.0,21.3,24.200000000000003,24.200000000000003,25.8,300.0,300.0,29.3,32.1,27.9,27.200000000000003,29.1,4.96,1.99,4.97,0.16,0.0,0.0,1027.0,8228.0,0.0,0.0,0.0,0.0,0.0,1.0,0.0,0.0,0.0,0.0,0.0,0.0,0.0,0.5,0.0,0.0,16.0,25903.0
2026-07-30T18:57:27.137Z,16.62,16.632,0.0,7.4,0.0,0.0,0.0,0.0,0.0,0.0,0.0,0.0,1.0,0.0,0.0,0.0,9.0,4.0,0.0,0.0,0.0,0.0,0.0,0.0,0.0,0.0,5.0,12.0,1.0,12.15,5.01,2.5,1.49,0.0,0.0,0.0,301.2,0.0,-0.3,-0.5,-0.5,95.8,0.0,0.0,264.2,0.0,21.8,24.3,24.3,25.8,300.0,300.0,29.4,32.1,27.9,27.200000000000003,29.1,4.96,2.0,4.96,0.16,0.0,0.0,1027.0,8228.0,0.0,0.0,0.0,0.0,0.0,1.0,0.0,0.0,0.0,0.0,0.0,0.4,0.0,0.9,0.0,0.0,16.0,25903.0
2026-07-30T18:57:27.149Z,16.632,16.644000000000002,0.0,7.4,0.0,0.0,0.0,0.0,0.0,0.0,0.0,0.0,1.0,0.0,0.0,0.0,9.0,4.0,0.0,0.0,0.0,0.0,0.0,0.0,0.0,0.0,6.0,12.0,1.0,12.15,5.01,2.5,1.49,0.0,0.0,0.0,301.1,0.0,0.2,0.0,0.5,95.8,0.0,0.0,264.2,0.0,21.8,24.3,24.3,25.8,300.0,300.0,29.4,32.1,27.9,27.200000000000003,29.1,4.95,1.99,4.96,0.16,0.0,0.0,1027.0,8228.0,0.0,0.0,0.0,0.0,0.0,1.0,0.0,0.0,0.0,0.0,0.0,-0.5,0.0,-0.4,0.0,0.0,16.0,25903.0
2026-07-30T18:57:27.161Z,16.644,16.656,0.0,7.4,0.0,0.0,0.0,0.0,0.0,0.0,0.0,0.0,1.0,0.0,0.0,0.0,9.0,4.0,0.0,0.0,0.0,0.0,0.0,0.0,0.0,0.0,1.0,12.0,1.0,12.15,5.01,2.5,1.49,0.0,0.0,0.0,301.1,0.0,-0.3,-0.5,-0.6000000000000001,95.8,0.0,0.0,264.2,0.0,21.8,24.3,24.3,25.8,300.0,300.0,29.4,32.1,27.9,27.200000000000003,29.1,4.95,1.99,4.97,0.16,0.0,0.0,1027.0,8228.0,0.0,0.0,0.0,0.0,0.0,1.0,0.0,0.0,0.0,0.0,0.0,0.5,0.0,1.0,0.0,0.0,16.0,25903.0
2026-07-30T18:57:27.173Z,16.656,16.668,0.0,7.4,0.0,0.0,0.0,0.0,0.0,0.0,0.0,0.0,1.0,0.0,0.0,0.0,9.0,4.0,0.0,0.0,0.0,0.0,0.0,0.0,0.0,0.0,2.0,12.0,1.0,12.15,5.01,2.5,1.49,0.0,0.0,0.0,301.1,0.0,0.2,-1.1,-1.2000000000000002,95.8,0.0,0.0,264.2,0.0,21.8,24.3,24.3,25.8,300.0,300.0,29.4,32.1,27.9,27.200000000000003,29.1,4.96,1.99,4.96,0.16,0.0,0.0,1027.0,8228.0,0.0,0.0,0.0,0.0,0.0,1.0,0.0,0.0,0.0,0.0,0.0,1.0,0.0,2.1,0.0,0.0,16.0,25903.0
2026-07-30T18:57:27.185Z,16.668,16.68,0.0,7.4,0.0,0.0,0.0,0.0,0.0,0.0,0.0,0.0,1.0,0.0,0.0,0.0,9.0,4.0,0.0,0.0,0.0,0.0,0.0,0.0,0.0,0.0,3.0,12.0,1.0,12.15,5.01,2.5,1.49,0.0,0.0,0.0,301.1,0.0,-0.3,1.2000000000000002,0.0,95.8,0.0,0.0,264.2,0.0,21.8,24.3,24.3,25.8,300.0,300.0,29.4,32.1,27.9,27.200000000000003,29.1,4.96,1.99,4.96,0.15,0.0,0.0,1027.0,8228.0,0.0,0.0,0.0,0.0,0.0,1.0,0.0,0.0,0.0,0.0,0.0,0.1,0.0,-1.3,0.0,0.0,16.0,25903.0
2026-07-30T18:57:27.197Z,16.68,16.692,0.0,7.4,0.0,0.0,0.0,0.0,0.0,0.0,0.0,0.0,1.0,0.0,0.0,0.0,9.0,4.0,0.0,0.0,0.0,0.0,0.0,0.0,0.0,0.0,4.0,12.0,1.0,12.15,5.01,2.5,1.49,0.0,0.0,0.0,301.1,0.0,-0.3,0.6000000000000001,0.0,95.8,0.0,0.0,264.40000000000003,0.0,21.8,24.3,24.3,25.8,300.0,300.0,29.4,32.1,27.9,27.200000000000003,29.1,4.95,2.0,4.96,0.16,0.0,0.0,1027.0,8228.0,0.0,0.0,0.0,0.0,0.0,1.0,0.0,0.0,0.0,0.0,0.0,0.0,0.0,-0.7000000000000001,0.0,0.0,16.0,25903.0
2026-07-30T18:57:27.210Z,16.693,16.704,0.0,7.4,0.0,0.0,0.0,0.0,0.0,0.0,0.0,0.0,1.0,0.0,0.0,0.0,9.0,4.0,0.0,0.0,0.0,0.0,0.0,0.0,0.0,0.0,6.0,12.0,1.0,12.15,5.01,2.5,1.49,0.0,0.0,0.0,301.1,0.0,-0.3,0.0,0.5,95.8,0.0,0.0,264.2,0.0,21.8,24.3,24.3,25.8,300.0,300.0,29.4,32.1,27.9,27.200000000000003,29.1,4.95,2.0,4.96,0.16,0.0,0.0,1027.0,8228.0,0.0,0.0,0.0,0.0,0.0,1.0,0.0,0.0,0.0,0.0,0.0,-0.5,0.0,-0.4,0.0,0.0,16.0,25903.0
2026-07-30T18:57:27.221Z,16.704,16.716,0.0,7.4,0.0,0.0,0.0,0.0,0.0,0.0,0.0,0.0,1.0,0.0,0.0,0.0,9.0,4.0,0.0,0.0,0.0,0.0,0.0,0.0,0.0,0.0,6.0,12.0,1.0,12.15,5.01,2.5,1.49,0.0,0.0,0.0,301.1,0.0,-0.3,-0.5,0.0,95.8,0.0,0.0,264.2,0.0,21.8,24.3,24.3,25.8,300.0,300.0,29.4,32.1,27.9,27.200000000000003,29.1,4.95,2.01,4.96,0.16,0.0,0.0,1027.0,8228.0,0.0,0.0,0.0,0.0,0.0,1.0,0.0,0.0,0.0,0.0,0.0,0.0,0.0,0.6000000000000001,0.0,0.0,16.0,25903.0
2026-07-30T18:57:27.234Z,16.717,16.728,0.0,7.4,0.0,0.0,0.0,0.0,0.0,0.0,0.0,0.0,1.0,0.0,0.0,0.0,9.0,4.0,0.0,0.0,0.0,0.0,0.0,0.0,0.0,0.0,1.0,12.0,1.0,12.18,5.0200000000000005,2.51,1.5,0.0,0.0,0.0,301.1,0.0,-0.3,1.2000000000000002,0.0,95.8,0.0,0.0,264.2,0.0,21.3,24.3,24.3,25.9,300.0,300.0,29.5,32.1,27.9,27.200000000000003,29.1,4.95,1.99,4.97,0.16,0.0,0.0,1027.0,8228.0,0.0,0.0,0.0,0.0,0.0,1.0,0.0,0.0,0.0,0.0,0.0,0.1,0.0,-1.3,0.0,0.0,16.0,25903.0
2026-07-30T18:57:27.245Z,16.728,16.740000000000002,0.0,7.4,0.0,0.0,0.0,0.0,0.0,0.0,0.0,0.0,1.0,0.0,0.0,0.0,9.0,4.0,0.0,0.0,0.0,0.0,0.0,0.0,0.0,0.0,2.0,12.0,1.0,12.18,5.0200000000000005,2.51,1.5,0.0,0.0,0.0,301.1,0.0,-0.3,-0.5,-0.6000000000000001,95.8,0.0,0.0,264.2,0.0,21.3,24.3,24.3,25.9,300.0,300.0,29.5,32.1,27.9,27.200000000000003,29.1,4.95,1.99,4.97,0.16,0.0,0.0,1027.0,8228.0,0.0,0.0,0.0,0.0,0.0,1.0,0.0,0.0,0.0,0.0,0.0,0.5,0.0,1.0,0.0,0.0,16.0,25903.0
2026-07-30T18:57:27.257Z,16.74,16.752,0.0,7.4,0.0,0.0,0.0,0.0,0.0,0.0,0.0,0.0,1.0,0.0,0.0,0.0,9.0,4.0,0.0,0.0,0.0,0.0,0.0,0.0,0.0,0.0,3.0,12.0,1.0,12.18,5.0200000000000005,2.51,1.5,0.0,0.0,0.0,301.1,0.0,-0.3,-0.5,0.5,95.8,0.0,0.0,264.2,0.0,21.3,24.3,24.3,25.9,300.0,300.0,29.5,32.1,27.9,27.200000000000003,29.1,4.96,1.99,4.96,0.16,0.0,0.0,1027.0,8228.0,0.0,0.0,0.0,0.0,0.0,1.0,0.0,0.0,0.0,0.0,0.0,-0.5,0.0,0.2,0.0,0.0,16.0,25903.0
2026-07-30T18:57:27.269Z,16.752,16.764,0.0,7.4,0.0,0.0,0.0,0.0,0.0,0.0,0.0,0.0,1.0,0.0,0.0,0.0,9.0,4.0,0.0,0.0,0.0,0.0,0.0,0.0,0.0,0.0,4.0,12.0,1.0,12.18,5.0200000000000005,2.51,1.5,0.0,0.0,0.0,301.1,0.0,0.2,-0.5,0.5,95.8,0.0,0.0,264.2,0.0,21.3,24.3,24.3,25.9,300.0,300.0,29.5,32.1,27.9,27.200000000000003,29.1,4.95,1.99,4.97,0.16,0.0,0.0,1027.0,8228.0,0.0,0.0,0.0,0.0,0.0,1.0,0.0,0.0,0.0,0.0,0.0,-0.5,0.0,0.2,0.0,0.0,16.0,25903.0
2026-07-30T18:57:27.281Z,16.764,16.776,0.0,7.4,0.0,0.0,0.0,0.0,0.0,0.0,0.0,0.0,1.0,0.0,0.0,0.0,9.0,4.0,0.0,0.0,0.0,0.0,0.0,0.0,0.0,0.0,6.0,12.0,1.0,12.18,5.0200000000000005,2.51,1.5,0.0,0.0,0.0,301.1,0.0,0.2,0.0,0.0,95.8,0.0,0.0,264.2,0.0,21.3,24.3,24.3,25.9,300.0,300.0,29.5,32.1,27.9,27.200000000000003,29.1,4.95,1.99,4.97,0.16,0.0,0.0,1027.0,8228.0,0.0,0.0,0.0,0.0,0.0,1.0,0.0,0.0,0.0,0.0,0.0,0.0,0.0,0.0,0.0,0.0,16.0,25903.0
2026-07-30T18:57:27.293Z,16.776,16.788,0.0,7.4,0.0,0.0,0.0,0.0,0.0,0.0,0.0,0.0,1.0,0.0,0.0,0.0,9.0,4.0,0.0,0.0,0.0,0.0,0.0,0.0,0.0,0.0,1.0,12.0,1.0,12.18,5.0200000000000005,2.51,1.5,0.0,0.0,0.0,301.1,0.0,0.2,0.0,-0.6000000000000001,95.8,0.0,0.0,264.2,0.0,21.3,24.3,24.3,25.9,300.0,300.0,29.5,32.1,27.9,27.200000000000003,29.1,4.96,2.0,4.97,0.16,0.0,0.0,1027.0,8228.0,0.0,0.0,0.0,0.0,0.0,1.0,0.0,0.0,0.0,0.0,0.0,0.6000000000000001,0.0,0.3,0.0,0.0,16.0,25903.0
2026-07-30T18:57:27.305Z,16.788,16.8,0.0,7.4,0.0,0.0,0.0,0.0,0.0,0.0,0.0,0.0,1.0,0.0,0.0,0.0,9.0,4.0,0.0,0.0,0.0,0.0,0.0,0.0,0.0,0.0,2.0,12.0,1.0,12.18,5.0200000000000005,2.51,1.5,0.0,0.0,0.0,301.1,0.0,-0.8,0.1,-0.6000000000000001,95.8,0.0,0.0,264.2,0.0,21.3,24.3,24.3,25.9,300.0,300.0,29.5,32.1,27.9,27.200000000000003,29.1,4.95,2.0,4.96,0.16,0.0,0.0,1027.0,8228.0,0.0,0.0,0.0,0.0,0.0,1.0,0.0,0.0,0.0,0.0,0.0,0.6000000000000001,0.0,0.3,0.0,0.0,16.0,25903.0
2026-07-30T18:57:27.317Z,16.8,16.812,0.0,7.4,0.0,0.0,0.0,0.0,0.0,0.0,0.0,0.0,1.0,0.0,0.0,0.0,9.0,4.0,0.0,0.0,0.0,0.0,0.0,0.0,0.0,0.0,3.0,12.0,1.0,12.18,5.0200000000000005,2.51,1.5,0.0,0.0,0.0,301.1,0.0,-0.3,-1.0,-0.6000000000000001,95.8,0.0,0.0,264.2,0.0,21.3,24.3,24.3,25.9,300.0,300.0,29.5,32.1,27.9,27.200000000000003,29.1,4.96,1.99,4.97,0.16,0.0,0.0,1027.0,8228.0,0.0,0.0,0.0,0.0,0.0,1.0,0.0,0.0,0.0,0.0,0.0,0.4,0.0,1.6,0.0,0.0,16.0,25903.0
2026-07-30T18:57:27.329Z,16.812,16.824,0.0,7.4,0.0,0.0,0.0,0.0,0.0,0.0,0.0,0.0,1.0,0.0,0.0,0.0,9.0,4.0,0.0,0.0,0.0,0.0,0.0,0.0,0.0,0.0,4.0,12.0,1.0,12.18,5.0200000000000005,2.51,1.5,0.0,0.0,0.0,301.1,0.0,-0.3,0.0,0.5,95.8,0.0,0.0,264.2,0.0,21.3,24.3,24.3,25.9,300.0,300.0,29.5,32.1,27.9,27.200000000000003,29.1,4.96,1.99,4.96,0.16,0.0,0.0,1027.0,8228.0,0.0,0.0,0.0,0.0,0.0,1.0,0.0,0.0,0.0,0.0,0.0,-0.4,0.0,-0.4,0.0,0.0,16.0,25903.0
2026-07-30T18:57:27.341Z,16.824,16.836000000000002,0.0,7.4,0.0,0.0,0.0,0.0,0.0,0.0,0.0,0.0,1.0,0.0,0.0,0.0,9.0,4.0,0.0,0.0,0.0,0.0,0.0,0.0,0.0,0.0,5.0,12.0,1.0,12.17,5.0200000000000005,2.51,1.49,0.0,0.0,0.0,301.1,0.0,0.8,0.6000000000000001,0.0,95.8,0.0,0.0,264.2,0.0,21.700000000000003,24.3,24.3,25.9,300.0,300.0,29.4,32.2,27.9,27.200000000000003,29.1,4.95,1.99,4.96,0.16,0.0,0.0,1027.0,8228.0,0.0,0.0,0.0,0.0,0.0,1.0,0.0,0.0,0.0,0.0,0.0,0.1,0.0,-0.7000000000000001,0.0,0.0,16.0,25903.0
2026-07-30T18:57:27.353Z,16.836,16.848,0.0,7.4,0.0,0.0,0.0,0.0,0.0,0.0,0.0,0.0,1.0,0.0,0.0,0.0,9.0,4.0,0.0,0.0,0.0,0.0,0.0,0.0,0.0,0.0,6.0,12.0,1.0,12.17,5.0200000000000005,2.51,1.49,0.0,0.0,0.0,301.1,0.0,0.2,-0.4,0.5,95.8,0.0,0.0,264.2,0.0,21.700000000000003,24.3,24.3,25.9,300.0,300.0,29.4,32.2,27.9,27.200000000000003,29.1,4.95,1.99,4.97,0.16,0.0,0.0,1027.0,8228.0,0.0,0.0,0.0,0.0,0.0,1.0,0.0,0.0,0.0,0.0,0.0,-0.5,0.0,0.2,0.0,0.0,16.0,25903.0
2026-07-30T18:57:27.365Z,16.848,16.86,0.0,7.4,0.0,0.0,0.0,0.0,0.0,0.0,0.0,0.0,1.0,0.0,0.0,0.0,9.0,4.0,0.0,0.0,0.0,0.0,0.0,0.0,0.0,0.0,2.0,12.0,1.0,12.17,5.0200000000000005,2.51,1.49,0.0,0.0,0.0,301.1,0.0,0.7000000000000001,1.2000000000000002,-0.1,95.8,0.0,0.0,264.2,0.0,21.700000000000003,24.3,24.3,25.9,300.0,300.0,29.4,32.2,27.9,27.200000000000003,29.1,4.96,1.99,4.96,0.16,0.0,0.0,1027.0,8228.0,0.0,0.0,0.0,0.0,0.0,1.0,0.0,0.0,0.0,0.0,0.0,0.2,0.0,-1.3,0.0,0.0,16.0,25903.0
2026-07-30T18:57:27.377Z,16.86,16.872,0.0,7.4,0.0,0.0,0.0,0.0,0.0,0.0,0.0,0.0,1.0,0.0,0.0,0.0,9.0,4.0,0.0,0.0,0.0,0.0,0.0,0.0,0.0,0.0,3.0,12.0,1.0,12.17,5.0200000000000005,2.51,1.49,0.0,0.0,0.0,301.1,0.0,0.2,0.6000000000000001,-0.6000000000000001,95.8,0.0,0.0,264.2,0.0,21.700000000000003,24.3,24.3,25.9,300.0,300.0,29.4,32.2,27.9,27.200000000000003,29.1,4.96,1.99,4.96,0.16,0.0,0.0,1027.0,8228.0,0.0,0.0,0.0,0.0,0.0,1.0,0.0,0.0,0.0,0.0,0.0,0.7000000000000001,0.0,-0.2,0.0,0.0,16.0,25903.0
2026-07-30T18:57:27.389Z,16.872,16.884,0.0,7.4,0.0,0.0,0.0,0.0,0.0,0.0,0.0,0.0,1.0,0.0,0.0,0.0,9.0,4.0,0.0,0.0,0.0,0.0,0.0,0.0,0.0,0.0,4.0,12.0,1.0,12.17,5.0200000000000005,2.51,1.49,0.0,0.0,0.0,301.1,0.0,0.7000000000000001,1.2000000000000002,2.2,95.8,0.0,0.0,264.3,0.0,21.700000000000003,24.3,24.3,25.9,300.0,300.0,29.4,32.2,27.9,27.200000000000003,29.1,4.95,1.99,4.96,0.17,0.0,0.0,1027.0,8228.0,0.0,0.0,0.0,0.0,0.0,1.0,0.0,0.0,0.0,0.0,0.0,-1.9,0.0,-2.9000000000000004,0.0,0.0,16.0,25903.0
2026-07-30T18:57:27.401Z,16.884,16.896,0.0,7.4,0.0,0.0,0.0,0.0,0.0,0.0,0.0,0.0,1.0,0.0,0.0,0.0,9.0,4.0,0.0,0.0,0.0,0.0,0.0,0.0,0.0,0.0,5.0,12.0,1.0,12.17,5.0200000000000005,2.51,1.49,0.0,0.0,0.0,301.1,0.0,0.2,-1.0,-0.6000000000000001,95.8,0.0,0.0,264.2,0.0,21.700000000000003,24.3,24.3,25.9,300.0,300.0,29.4,32.2,27.9,27.200000000000003,29.1,4.96,1.99,4.97,0.16,0.0,0.0,1027.0,8228.0,0.0,0.0,0.0,0.0,0.0,1.0,0.0,0.0,0.0,0.0,0.0,0.5,0.0,1.6,0.0,0.0,16.0,25903.0
2026-07-30T18:57:27.413Z,16.896,16.908,0.0,7.4,0.0,0.0,0.0,0.0,0.0,0.0,0.0,0.0,1.0,0.0,0.0,0.0,9.0,4.0,0.0,0.0,0.0,0.0,0.0,0.0,0.0,0.0,5.0,12.0,1.0,12.17,5.0200000000000005,2.51,1.49,0.0,0.1,0.0,301.1,0.0,0.2,0.1,0.5,95.8,0.0,0.0,264.3,0.0,21.700000000000003,24.3,24.3,25.9,300.0,300.0,29.4,32.2,27.9,27.200000000000003,29.1,4.96,1.99,4.96,0.16,0.0,0.0,1027.0,8228.0,0.0,0.0,0.0,0.0,0.0,1.0,0.0,0.0,0.0,0.0,0.0,-0.4,0.0,-0.5,0.0,0.0,16.0,25903.0
2026-07-30T18:57:27.425Z,16.908,16.92,0.0,7.4,0.0,0.0,0.0,0.0,0.0,0.0,0.0,0.0,1.0,0.0,0.0,0.0,9.0,4.0,0.0,0.0,0.0,0.0,0.0,0.0,0.0,0.0,6.0,12.0,1.0,12.17,5.0200000000000005,2.51,1.49,0.0,0.0,0.0,301.1,0.0,0.2,0.7000000000000001,0.0,95.8,0.0,0.0,264.2,0.0,21.700000000000003,24.3,24.3,25.9,300.0,300.0,29.4,32.2,27.9,27.200000000000003,29.1,4.96,2.0,4.97,0.16,0.0,0.0,1027.0,8228.0,0.0,0.0,0.0,0.0,0.0,1.0,0.0,0.0,0.0,0.0,0.0,0.1,0.0,-0.7000000000000001,0.0,0.0,16.0,25903.0
2026-07-30T18:57:27.438Z,16.921,16.932,0.0,7.4,0.0,0.0,0.0,0.0,0.0,0.0,0.0,0.0,1.0,0.0,0.0,0.0,9.0,4.0,0.0,0.0,0.0,0.0,0.0,0.0,0.0,0.0,1.0,12.0,1.0,12.18,5.01,2.5,1.5,0.0,0.1,0.0,301.1,0.0,0.8,1.2000000000000002,-0.6000000000000001,95.8,0.0,0.0,264.3,0.0,21.0,24.4,24.4,26.0,300.0,300.0,29.4,32.2,27.9,27.200000000000003,29.1,4.95,1.99,4.97,0.16,0.0,0.0,1027.0,8228.0,0.0,0.0,0.0,0.0,0.0,1.0,0.0,0.0,0.0,0.0,0.0,0.7000000000000001,0.0,-1.0,0.0,0.0,16.0,25903.0
2026-07-30T18:57:27.449Z,16.932,16.944,0.0,7.4,0.0,0.0,0.0,0.0,0.0,0.0,0.0,0.0,1.0,0.0,0.0,0.0,9.0,4.0,0.0,0.0,0.0,0.0,0.0,0.0,0.0,0.0,1.0,12.0,1.0,12.18,5.01,2.5,1.5,0.0,0.0,0.0,301.1,0.0,-0.3,0.6000000000000001,0.5,95.8,0.0,0.0,264.2,0.0,21.0,24.4,24.4,26.0,300.0,300.0,29.4,32.2,27.9,27.200000000000003,29.1,4.96,1.99,4.96,0.16,0.0,0.0,1027.0,8228.0,0.0,0.0,0.0,0.0,0.0,1.0,0.0,0.0,0.0,0.0,0.0,0.4,0.0,1.6,0.0,0.0,16.0,25903.0
2026-07-30T18:57:27.461Z,16.944,16.956,0.0,7.4,0.0,0.0,0.0,0.0,0.0,0.0,0.0,0.0,1.0,0.0,0.0,0.0,9.0,4.0,0.0,0.0,0.0,0.0,0.0,0.0,0.0,0.0,2.0,12.0,1.0,12.18,5.01,2.5,1.5,0.0,0.0,0.0,301.1,0.0,0.2,-1.0,-1.2000000000000002,95.8,0.0,0.0,264.2,0.0,21.0,24.4,24.4,26.0,300.0,300.0,29.4,32.2,27.9,27.200000000000003,29.1,4.96,2.0,4.96,0.16,0.0,0.0,1027.0,8228.0,0.0,0.0,0.0,0.0,0.0,1.0,0.0,0.0,0.0,0.0,0.0,1.0,0.0,2.0,0.0,0.0,16.0,25903.0
2026-07-30T18:57:27.473Z,16.956,16.968,0.0,7.4,0.0,0.0,0.0,0.0,0.0,0.0,0.0,0.0,1.0,0.0,0.0,0.0,9.0,4.0,0.0,0.0,0.0,0.0,0.0,0.0,0.0,0.0,3.0,12.0,1.0,12.18,5.01,2.5,1.5,0.0,0.0,0.0,301.1,0.0,0.1,-0.4,0.0,95.8,0.0,0.0,264.2,0.0,21.0,24.4,24.4,26.0,300.0,300.0,29.4,32.2,27.9,27.200000000000003,29.1,4.96,1.99,4.97,0.16,0.0,0.0,1027.0,8228.0,0.0,0.0,0.0,0.0,0.0,1.0,0.0,0.0,0.0,0.0,0.0,0.0,0.0,0.6000000000000001,0.0,0.0,16.0,25903.0
2026-07-30T18:57:27.485Z,16.968,16.98,0.0,7.4,0.0,0.0,0.0,0.0,0.0,0.0,0.0,0.0,1.0,0.0,0.0,0.0,9.0,4.0,0.0,0.0,0.0,0.0,0.0,0.0,0.0,0.0,5.0,12.0,1.0,12.18,5.01,2.5,1.5,0.0,0.0,0.0,301.1,0.0,0.1,1.2000000000000002,-0.1,95.8,0.0,0.0,264.3,0.0,21.0,24.4,24.4,26.0,300.0,300.0,29.4,32.2,27.9,27.200000000000003,29.1,4.95,2.0,4.97,0.16,0.0,0.0,1027.0,8228.0,0.0,0.0,0.0,0.0,0.0,1.0,0.0,0.0,0.0,0.0,0.0,-0.2,0.0,-1.7000000000000002,0.0,0.0,16.0,25903.0
2026-07-30T18:57:27.497Z,16.98,16.992,0.0,7.4,0.0,0.0,0.0,0.0,0.0,0.0,0.0,0.0,1.0,0.0,0.0,0.0,9.0,4.0,0.0,0.0,0.0,0.0,0.0,0.0,0.0,0.0,6.0,12.0,1.0,12.18,5.01,2.5,1.5,0.0,0.0,0.0,301.1,0.0,-0.4,0.1,0.4,95.8,0.0,0.0,264.3,0.0,21.0,24.4,24.4,26.0,300.0,300.0,29.4,32.2,27.9,27.200000000000003,29.1,4.96,2.0,4.96,0.16,0.0,0.0,1027.0,8228.0,0.0,0.0,0.0,0.0,0.0,1.0,0.0,0.0,0.0,0.0,0.0,-0.3,0.0,-0.4,0.0,0.0,16.0,25903.0
2026-07-30T18:57:27.509Z,16.992,17.004,0.0,7.4,0.0,0.0,0.0,0.0,0.0,0.0,0.0,0.0,1.0,0.0,0.0,0.0,9.0,4.0,0.0,0.0,0.0,0.0,0.0,0.0,0.0,0.0,2.0,12.0,1.0,12.18,5.01,2.5,1.5,0.0,0.0,0.0,301.1,0.0,0.1,-0.4,-0.7000000000000001,95.8,0.0,0.0,264.2,0.0,21.0,24.4,24.4,26.0,300.0,300.0,29.4,32.2,27.9,27.200000000000003,29.1,4.95,1.99,4.97,0.16,0.0,0.0,1027.0,8228.0,0.0,0.0,0.0,0.0,0.0,1.0,0.0,0.0,0.0,0.0,0.0,0.6000000000000001,0.0,1.0,0.0,0.0,16.0,25903.0
2026-07-30T18:57:27.521Z,17.004,17.016000000000002,0.0,7.4,0.0,0.0,0.0,0.0,0.0,0.0,0.0,0.0,1.0,0.0,0.0,0.0,9.0,4.0,0.0,0.0,0.0,0.0,0.0,0.0,0.0,0.0,3.0,12.0,1.0,12.18,5.01,2.5,1.5,0.0,0.0,0.0,301.1,0.0,-1.0,-1.1,-0.7000000000000001,95.8,0.0,0.0,264.3,0.0,21.0,24.4,24.4,26.0,300.0,300.0,29.4,32.2,27.9,27.200000000000003,29.1,4.95,1.99,4.96,0.16,0.0,0.0,1027.0,8228.0,0.0,0.0,0.0,0.0,0.0,1.0,0.0,0.0,0.0,0.0,0.0,0.5,0.0,1.7000000000000002,0.0,0.0,16.0,25903.0
2026-07-30T18:57:27.533Z,17.016,17.028,0.0,7.4,0.0,0.0,0.0,0.0,0.0,0.0,0.0,0.0,1.0,0.0,0.0,0.0,9.0,4.0,0.0,0.0,0.0,0.0,0.0,0.0,0.0,0.0,4.0,12.0,1.0,12.18,5.01,2.5,1.5,0.0,0.0,0.0,301.1,0.0,0.1,0.0,-1.3,95.8,0.0,0.0,264.2,0.0,21.0,24.4,24.4,26.0,300.0,300.0,29.4,32.2,27.9,27.200000000000003,29.1,4.96,1.99,4.96,0.16,0.0,0.0,1027.0,8228.0,0.0,0.0,0.0,0.0,0.0,1.0,0.0,0.0,0.0,0.0,0.0,1.2000000000000002,0.0,0.8,0.0,0.0,16.0,25903.0
2026-07-30T18:57:27.545Z,17.028,17.04,0.0,7.4,0.0,0.0,0.0,0.0,0.0,0.0,0.0,0.0,1.0,0.0,0.0,0.0,9.0,4.0,0.0,0.0,0.0,0.0,0.0,0.0,0.0,0.0,5.0,12.0,1.0,12.15,5.01,2.5,1.49,0.0,0.0,0.0,301.1,0.0,0.7000000000000001,0.6000000000000001,1.0,95.8,0.0,0.0,264.2,0.0,21.700000000000003,24.4,24.4,26.0,300.0,300.0,29.3,32.2,27.9,27.200000000000003,29.1,4.95,1.99,4.96,0.16,0.0,0.0,1027.0,8228.0,0.0,0.0,0.0,0.0,0.0,1.0,0.0,0.0,0.0,0.0,0.0,-0.8,0.0,-1.3,0.0,0.0,16.0,25903.0
2026-07-30T18:57:27.557Z,17.04,17.052,0.0,7.4,0.0,0.0,0.0,0.0,0.0,0.0,0.0,0.0,1.0,0.0,0.0,0.0,9.0,4.0,0.0,0.0,0.0,0.0,0.0,0.0,0.0,0.0,1.0,12.0,1.0,12.15,5.01,2.5,1.49,0.0,0.0,0.0,301.1,0.0,0.1,-0.5,-0.1,95.8,0.0,0.0,264.2,0.0,21.700000000000003,24.4,24.4,26.0,300.0,300.0,29.3,32.2,27.9,27.200000000000003,29.1,4.96,1.99,4.97,0.16,0.0,0.0,1027.0,8228.0,0.0,0.0,0.0,0.0,0.0,1.0,0.0,0.0,0.0,0.0,0.0,0.1,0.0,0.7000000000000001,0.0,0.0,16.0,25903.0
2026-07-30T18:57:27.569Z,17.052,17.064,0.0,7.4,0.0,0.0,0.0,0.0,0.0,0.0,0.0,0.0,1.0,0.0,0.0,0.0,9.0,4.0,0.0,0.0,0.0,0.0,0.0,0.0,0.0,0.0,2.0,12.0,1.0,12.15,5.01,2.5,1.49,0.0,0.0,0.0,301.2,0.0,0.1,0.0,-0.1,95.8,0.0,0.0,264.2,0.0,21.700000000000003,24.4,24.4,26.0,300.0,300.0,29.3,32.2,27.9,27.200000000000003,29.1,4.96,1.99,4.96,0.16,0.0,0.0,1027.0,8228.0,0.0,0.0,0.0,0.0,0.0,1.0,0.0,0.0,0.0,0.0,0.0,0.1,0.0,0.1,0.0,0.0,16.0,25903.0
2026-07-30T18:57:27.581Z,17.064,17.076,0.0,7.4,0.0,0.0,0.0,0.0,0.0,0.0,0.0,0.0,1.0,0.0,0.0,0.0,9.0,4.0,0.0,0.0,0.0,0.0,0.0,0.0,0.0,0.0,3.0,12.0,1.0,12.15,5.01,2.5,1.49,0.0,0.0,0.0,301.1,0.0,-1.0,0.0,-0.1,95.8,0.0,0.0,264.2,0.0,21.700000000000003,24.4,24.4,26.0,300.0,300.0,29.3,32.2,27.9,27.200000000000003,29.1,4.96,1.99,4.96,0.15,0.0,0.0,1027.0,8228.0,0.0,0.0,0.0,0.0,0.0,1.0,0.0,0.0,0.0,0.0,0.0,0.1,0.0,0.1,0.0,0.0,16.0,25903.0
2026-07-30T18:57:27.593Z,17.076,17.088,0.0,7.4,0.0,0.0,0.0,0.0,0.0,0.0,0.0,0.0,1.0,0.0,0.0,0.0,9.0,4.0,0.0,0.0,0.0,0.0,0.0,0.0,0.0,0.0,4.0,12.0,1.0,12.15,5.01,2.5,1.49,0.0,0.0,0.0,301.1,0.0,-0.4,0.5,-0.7000000000000001,95.8,0.0,0.0,264.2,0.0,21.700000000000003,24.4,24.4,26.0,300.0,300.0,29.3,32.2,27.9,27.200000000000003,29.1,4.95,1.99,4.97,0.16,0.0,0.0,1027.0,8228.0,0.0,0.0,0.0,0.0,0.0,1.0,0.0,0.0,0.0,0.0,0.0,0.7000000000000001,0.0,-0.1,0.0,0.0,16.0,25903.0
2026-07-30T18:57:27.605Z,17.088,17.1,0.0,7.4,0.0,0.0,0.0,0.0,0.0,0.0,0.0,0.0,1.0,0.0,0.0,0.0,9.0,4.0,0.0,0.0,0.0,0.0,0.0,0.0,0.0,0.0,5.0,12.0,1.0,12.15,5.01,2.5,1.49,0.0,0.0,0.0,301.1,0.0,0.7000000000000001,0.5,1.0,95.8,0.0,0.0,264.2,0.0,21.700000000000003,24.4,24.4,26.0,300.0,300.0,29.3,32.2,27.9,27.200000000000003,29.1,4.96,1.99,4.97,0.16,0.0,0.0,1027.0,8228.0,0.0,0.0,0.0,0.0,0.0,1.0,0.0,0.0,0.0,0.0,0.0,-0.8,0.0,-1.3,0.0,0.0,16.0,25903.0
2026-07-30T18:57:27.617Z,17.1,17.112000000000002,0.0,7.4,0.0,0.0,0.0,0.0,0.0,0.0,0.0,0.0,1.0,0.0,0.0,0.0,9.0,4.0,0.0,0.0,0.0,0.0,0.0,0.0,0.0,0.0,6.0,12.0,1.0,12.15,5.01,2.5,1.49,0.0,0.0,0.0,301.1,0.0,-0.4,0.6000000000000001,-0.1,95.8,0.0,0.0,264.2,0.0,21.700000000000003,24.4,24.4,26.0,300.0,300.0,29.3,32.2,27.9,27.200000000000003,29.1,4.96,1.99,4.96,0.16,0.0,0.0,1027.0,8228.0,0.0,0.0,0.0,0.0,0.0,1.0,0.0,0.0,0.0,0.0,0.0,0.1,0.0,-0.6000000000000001,0.0,0.0,16.0,25903.0
2026-07-30T18:57:27.629Z,17.112,17.124,0.0,7.4,0.0,0.0,0.0,0.0,0.0,0.0,0.0,0.0,1.0,0.0,0.0,0.0,9.0,4.0,0.0,0.0,0.0,0.0,0.0,0.0,0.0,0.0,2.0,12.0,1.0,12.15,5.01,2.5,1.49,0.0,0.0,0.0,301.1,0.0,-0.4,0.0,-0.7000000000000001,95.8,0.0,0.0,264.2,0.0,21.700000000000003,24.4,24.4,26.0,300.0,300.0,29.3,32.2,27.9,27.200000000000003,29.1,4.95,1.98,4.96,0.16,0.0,0.0,1027.0,8228.0,0.0,0.0,0.0,0.0,0.0,1.0,0.0,0.0,0.0,0.0,0.0,0.6000000000000001,0.0,0.4,0.0,0.0,16.0,25903.0
2026-07-30T18:57:27.642Z,17.125,17.136,0.0,7.4,0.0,0.0,0.0,0.0,0.0,0.0,0.0,0.0,1.0,0.0,0.0,0.0,9.0,4.0,0.0,0.0,0.0,0.0,0.0,0.0,0.0,0.0,2.0,12.0,1.0,12.17,5.0200000000000005,2.51,1.49,0.0,0.1,0.0,301.1,0.0,-1.0,-1.1,-0.7000000000000001,95.8,0.0,0.0,264.2,0.0,20.6,24.5,24.5,26.1,300.0,300.0,29.200000000000003,32.2,27.9,27.200000000000003,29.1,4.95,1.98,4.97,0.16,0.0,0.0,1027.0,8228.0,0.0,0.0,0.0,0.0,0.0,1.0,0.0,0.0,0.0,0.0,0.0,0.5,0.0,1.7000000000000002,0.0,0.0,16.0,25903.0
2026-07-30T18:57:27.653Z,17.136,17.148,0.0,7.4,0.0,0.0,0.0,0.0,0.0,0.0,0.0,0.0,1.0,0.0,0.0,0.0,9.0,4.0,0.0,0.0,0.0,0.0,0.0,0.0,0.0,0.0,3.0,12.0,1.0,12.17,5.0200000000000005,2.51,1.49,-0.1,0.0,0.0,301.1,0.0,0.7000000000000001,-0.5,-0.1,95.8,0.0,0.0,264.2,0.0,20.6,24.5,24.5,26.1,300.0,300.0,29.200000000000003,32.2,27.9,27.200000000000003,29.1,4.96,1.99,4.96,0.16,0.0,0.0,1027.0,8228.0,0.0,0.0,0.0,0.0,0.0,1.0,0.0,0.0,0.0,0.0,0.0,0.0,0.0,0.7000000000000001,0.0,0.0,16.0,25903.0
2026-07-30T18:57:27.665Z,17.148,17.16,0.0,7.4,0.0,0.0,0.0,0.0,0.0,0.0,0.0,0.0,1.0,0.0,0.0,0.0,9.0,4.0,0.0,0.0,0.0,0.0,0.0,0.0,0.0,0.0,5.0,12.0,1.0,12.17,5.0200000000000005,2.51,1.49,0.0,0.0,0.0,301.2,0.0,0.1,-0.5,-0.7000000000000001,95.8,0.0,0.0,264.2,0.0,20.6,24.5,24.5,26.1,300.0,300.0,29.200000000000003,32.2,27.9,27.200000000000003,29.1,4.96,1.99,4.97,0.16,0.0,0.0,1027.0,8228.0,0.0,0.0,0.0,0.0,0.0,1.0,0.0,0.0,0.0,0.0,0.0,0.6000000000000001,0.0,1.1,0.0,0.0,16.0,25903.0
2026-07-30T18:57:27.677Z,17.16,17.172,0.0,7.4,0.0,0.0,0.0,0.0,0.0,0.0,0.0,0.0,1.0,0.0,0.0,0.0,9.0,4.0,0.0,0.0,0.0,0.0,0.0,0.0,0.0,0.0,6.0,12.0,1.0,12.17,5.0200000000000005,2.51,1.49,0.0,0.0,0.0,301.1,0.0,0.7000000000000001,0.0,-0.1,95.8,0.0,0.0,264.2,0.0,20.6,24.5,24.5,26.1,300.0,300.0,29.200000000000003,32.2,27.9,27.200000000000003,29.1,4.95,1.99,4.97,0.16,0.0,0.0,1027.0,8228.0,0.0,0.0,0.0,0.0,0.0,1.0,0.0,0.0,0.0,0.0,0.0,0.1,0.0,0.0,0.0,0.0,16.0,25903.0
2026-07-30T18:57:27.689Z,17.172,17.184,0.0,7.4,0.0,0.0,0.0,0.0,0.0,0.0,0.0,0.0,1.0,0.0,0.0,0.0,9.0,4.0,0.0,0.0,0.0,0.0,0.0,0.0,0.0,0.0,1.0,12.0,1.0,12.17,5.0200000000000005,2.51,1.49,0.0,0.1,0.0,301.1,0.0,0.1,-0.5,1.0,95.8,0.0,0.0,264.2,0.0,20.6,24.5,24.5,26.1,300.0,300.0,29.200000000000003,32.2,27.9,27.200000000000003,29.1,4.96,1.99,4.97,0.16,0.0,0.0,1027.0,8228.0,0.0,0.0,0.0,0.0,0.0,1.0,0.0,0.0,0.0,0.0,0.0,-1.0,0.0,0.0,0.0,0.0,16.0,25903.0
2026-07-30T18:57:27.701Z,17.184,17.196,0.0,7.4,0.0,0.0,0.0,0.0,0.0,0.0,0.0,0.0,1.0,0.0,0.0,0.0,9.0,4.0,0.0,0.0,0.0,0.0,0.0,0.0,0.0,0.0,2.0,12.0,1.0,12.17,5.0200000000000005,2.51,1.49,0.0,0.0,0.0,301.1,0.0,-0.4,-0.4,1.6,95.8,0.0,0.0,264.2,0.0,20.6,24.5,24.5,26.1,300.0,300.0,29.200000000000003,32.2,27.9,27.200000000000003,29.1,4.95,1.99,4.97,0.16,0.0,0.0,1027.0,8228.0,0.0,0.0,0.0,0.0,0.0,1.0,0.0,0.0,0.0,0.0,0.0,-1.5,0.0,-0.5,0.0,0.0,16.0,25903.0
2026-07-30T18:57:27.715Z,17.198,17.208000000000002,0.0,7.4,0.0,0.0,0.0,0.0,0.0,0.0,0.0,0.0,1.0,0.0,0.0,0.0,9.0,4.0,0.0,0.0,0.0,0.0,0.0,0.0,0.0,0.0,3.0,12.0,1.0,12.17,5.0200000000000005,2.51,1.49,0.0,0.0,0.0,301.1,0.0,0.7000000000000001,0.0,-0.7000000000000001,95.8,0.0,0.0,264.2,0.0,20.6,24.5,24.5,26.1,300.0,300.0,29.200000000000003,32.2,27.9,27.200000000000003,29.1,4.95,1.99,4.97,0.16,0.0,0.0,1027.0,8228.0,0.0,0.0,0.0,0.0,0.0,1.0,0.0,0.0,0.0,0.0,0.0,0.7000000000000001,0.0,0.4,0.0,0.0,16.0,25903.0
2026-07-30T18:57:27.725Z,17.208,17.22,0.0,7.4,0.0,0.0,0.0,0.0,0.0,0.0,0.0,0.0,1.0,0.0,0.0,0.0,9.0,4.0,0.0,0.0,0.0,0.0,0.0,0.0,0.0,0.0,4.0,12.0,1.0,12.17,5.0200000000000005,2.51,1.49,0.0,0.0,0.0,301.0,0.0,1.3,0.1,-0.1,95.8,0.0,0.0,264.2,0.0,20.6,24.5,24.5,26.1,300.0,300.0,29.200000000000003,32.2,27.9,27.200000000000003,29.1,4.95,2.0,4.97,0.16,0.0,0.0,1027.0,8228.0,0.0,0.0,0.0,0.0,0.0,1.0,0.0,0.0,0.0,0.0,0.0,0.1,0.0,0.0,0.0,0.0,16.0,25903.0
2026-07-30T18:57:27.737Z,17.22,17.232,0.0,7.4,0.0,0.0,0.0,0.0,0.0,0.0,0.0,0.0,1.0,0.0,0.0,0.0,9.0,4.0,0.0,0.0,0.0,0.0,0.0,0.0,0.0,0.0,5.0,12.0,1.0,12.17,5.0200000000000005,2.51,1.49,0.0,0.0,0.0,301.1,0.0,0.1,0.1,-0.1,95.8,0.0,0.0,264.2,0.0,20.6,24.5,24.5,26.1,300.0,300.0,29.200000000000003,32.2,27.9,27.200000000000003,29.1,4.96,2.0,4.96,0.16,0.0,0.0,1027.0,8228.0,0.0,0.0,0.0,0.0,0.0,1.0,0.0,0.0,0.0,0.0,0.0,0.1,0.0,0.0,0.0,0.0,16.0,25903.0
2026-07-30T18:57:27.750Z,17.233,17.244,0.0,7.4,0.0,0.0,0.0,0.0,0.0,0.0,0.0,0.0,1.0,0.0,0.0,0.0,9.0,4.0,0.0,0.0,0.0,0.0,0.0,0.0,0.0,0.0,1.0,12.0,1.0,12.17,5.0200000000000005,2.5,1.49,0.0,0.0,0.0,301.1,0.0,-0.4,0.1,0.0,95.8,0.0,0.0,264.2,0.0,21.4,24.5,24.5,26.1,300.0,300.0,29.4,32.2,27.9,27.1,29.1,4.95,1.99,4.97,0.16,0.0,0.0,1027.0,8228.0,0.0,0.0,0.0,0.0,0.0,1.0,0.0,0.0,0.0,0.0,0.0,0.0,0.0,-0.1,0.0,0.0,16.0,25903.0
2026-07-30T18:57:27.761Z,17.244,17.256,0.0,7.4,0.0,0.0,0.0,0.0,0.0,0.0,0.0,0.0,1.0,0.0,0.0,0.0,9.0,4.0,0.0,0.0,0.0,0.0,0.0,0.0,0.0,0.0,1.0,12.0,1.0,12.17,5.0200000000000005,2.5,1.49,0.0,0.0,0.0,301.1,0.0,0.7000000000000001,0.7000000000000001,1.0,95.8,0.0,0.0,264.2,0.0,21.4,24.5,24.5,26.1,300.0,300.0,29.4,32.2,27.9,27.1,29.1,4.95,1.99,4.96,0.16,0.0,0.0,1027.0,8228.0,0.0,0.0,0.0,0.0,0.0,1.0,0.0,0.0,0.0,0.0,0.0,-0.9,0.0,-1.5,0.0,0.0,16.0,25903.0
2026-07-30T18:57:27.773Z,17.256,17.268,0.0,7.4,0.0,0.0,0.0,0.0,0.0,0.0,0.0,0.0,1.0,0.0,0.0,0.0,9.0,4.0,0.0,0.0,0.0,0.0,0.0,0.0,0.0,0.0,3.0,12.0,1.0,12.17,5.0200000000000005,2.5,1.49,0.0,0.0,0.0,301.1,0.0,0.7000000000000001,0.1,-1.2000000000000002,95.8,0.0,0.0,264.2,0.0,21.4,24.5,24.5,26.1,300.0,300.0,29.4,32.2,27.9,27.1,29.1,4.95,2.0,4.96,0.16,0.0,0.0,1027.0,8228.0,0.0,0.0,0.0,0.0,0.0,1.0,0.0,0.0,0.0,0.0,0.0,1.2000000000000002,0.0,0.6000000000000001,0.0,0.0,16.0,25903.0
2026-07-30T18:57:27.785Z,17.268,17.28,0.0,7.4,0.0,0.0,0.0,0.0,0.0,0.0,0.0,0.0,1.0,0.0,0.0,0.0,9.0,4.0,0.0,0.0,0.0,0.0,0.0,0.0,0.0,0.0,4.0,12.0,1.0,12.17,5.0200000000000005,2.5,1.49,0.0,0.0,0.0,301.2,0.0,0.7000000000000001,0.2,1.0,95.8,0.0,0.0,264.3,0.0,21.4,24.5,24.5,26.1,300.0,300.0,29.4,32.2,27.9,27.1,29.1,4.95,2.0,4.96,0.16,0.0,0.0,1027.0,8228.0,0.0,0.0,0.0,0.0,0.0,1.0,0.0,0.0,0.0,0.0,0.0,-0.9,0.0,-0.9,0.0,0.0,16.0,25903.0
2026-07-30T18:57:27.797Z,17.28,17.292,0.0,7.4,0.0,0.0,0.0,0.0,0.0,0.0,0.0,0.0,1.0,0.0,0.0,0.0,9.0,4.0,0.0,0.0,0.0,0.0,0.0,0.0,0.0,0.0,5.0,12.0,1.0,12.17,5.0200000000000005,2.5,1.49,0.0,0.0,0.0,301.1,0.0,-1.0,0.1,0.4,95.8,0.0,0.0,264.2,0.0,21.4,24.5,24.5,26.1,300.0,300.0,29.4,32.2,27.9,27.1,29.1,4.96,1.99,4.96,0.16,0.0,0.0,1027.0,8228.0,0.0,0.0,0.0,0.0,0.0,1.0,0.0,0.0,0.0,0.0,0.0,-0.3,0.0,-0.4,0.0,0.0,16.0,25903.0
2026-07-30T18:57:27.809Z,17.292,17.304000000000002,0.0,7.4,0.0,0.0,0.0,0.0,0.0,0.0,0.0,0.0,1.0,0.0,0.0,0.0,9.0,4.0,0.0,0.0,0.0,0.0,0.0,0.0,0.0,0.0,6.0,12.0,1.0,12.17,5.0200000000000005,2.5,1.49,0.0,0.0,0.0,301.1,0.0,-0.4,0.7000000000000001,-0.1,95.8,0.0,0.0,264.2,0.0,21.4,24.5,24.5,26.1,300.0,300.0,29.4,32.2,27.9,27.1,29.1,4.96,2.0,4.96,0.16,0.0,0.0,1027.0,8228.0,0.0,0.0,0.0,0.0,0.0,1.0,0.0,0.0,0.0,0.0,0.0,0.2,0.0,-0.7000000000000001,0.0,0.0,16.0,25903.0
2026-07-30T18:57:27.821Z,17.304,17.316,0.0,7.4,0.0,0.0,0.0,0.0,0.0,0.0,0.0,0.0,1.0,0.0,0.0,0.0,9.0,4.0,0.0,0.0,0.0,0.0,0.0,0.0,0.0,0.0,1.0,12.0,1.0,12.17,5.0200000000000005,2.5,1.49,0.0,0.0,0.0,301.1,0.0,-0.4,0.7000000000000001,0.9,95.8,0.0,0.0,264.2,0.0,21.4,24.5,24.5,26.1,300.0,300.0,29.4,32.2,27.9,27.1,29.1,4.96,1.99,4.96,0.15,0.0,0.0,1027.0,8228.0,0.0,0.0,0.0,0.0,0.0,1.0,0.0,0.0,0.0,0.0,0.0,-0.8,0.0,-1.5,0.0,0.0,16.0,25903.0
2026-07-30T18:57:27.833Z,17.316,17.328,0.0,7.4,0.0,0.0,0.0,0.0,0.0,0.0,0.0,0.0,1.0,0.0,0.0,0.0,9.0,4.0,0.0,0.0,0.0,0.0,0.0,0.0,0.0,0.0,2.0,12.0,1.0,12.17,5.0200000000000005,2.5,1.49,0.0,0.1,0.0,301.1,0.0,0.1,0.1,-0.8,95.8,0.0,0.0,264.3,0.0,21.4,24.5,24.5,26.1,300.0,300.0,29.4,32.2,27.9,27.1,29.1,4.95,1.99,4.96,0.16,0.0,0.0,1027.0,8228.0,0.0,0.0,0.0,0.0,0.0,1.0,0.0,0.0,0.0,0.0,0.0,0.7000000000000001,0.0,0.3,0.0,0.0,16.0,25903.0
2026-07-30T18:57:27.846Z,17.329,17.34,0.0,7.4,0.0,0.0,0.0,0.0,0.0,0.0,0.0,0.0,1.0,0.0,0.0,0.0,9.0,4.0,0.0,0.0,0.0,0.0,0.0,0.0,0.0,0.0,3.0,12.0,1.0,12.17,5.01,2.5,1.49,0.0,0.0,0.0,301.1,0.0,-0.4,-0.9,-0.7000000000000001,95.8,0.0,0.0,264.2,0.0,20.9,24.6,24.6,26.200000000000003,300.0,300.0,29.4,32.2,27.9,27.1,29.1,4.95,1.99,4.96,0.16,0.0,0.0,1027.0,8228.0,0.0,0.0,0.0,0.0,0.0,1.0,0.0,0.0,0.0,0.0,0.0,0.6000000000000001,0.0,1.6,0.0,0.0,16.0,25903.0
2026-07-30T18:57:27.857Z,17.34,17.352,0.0,7.4,0.0,0.0,0.0,0.0,0.0,0.0,0.0,0.0,1.0,0.0,0.0,0.0,9.0,4.0,0.0,0.0,0.0,0.0,0.0,0.0,0.0,0.0,4.0,12.0,1.0,12.17,5.01,2.5,1.49,-0.1,0.1,0.0,301.1,0.0,-0.4,0.1,0.9,95.8,0.0,0.0,264.2,0.0,20.9,24.6,24.6,26.200000000000003,300.0,300.0,29.4,32.2,27.9,27.1,29.1,4.95,1.99,4.96,0.16,0.0,0.0,1027.0,8228.0,0.0,0.0,0.0,0.0,0.0,1.0,0.0,0.0,0.0,0.0,0.0,-0.8,0.0,-0.7000000000000001,0.0,0.0,16.0,25903.0
2026-07-30T18:57:27.869Z,17.352,17.364,0.0,7.4,0.0,0.0,0.0,0.0,0.0,0.0,0.0,0.0,1.0,0.0,0.0,0.0,9.0,4.0,0.0,0.0,0.0,0.0,0.0,0.0,0.0,0.0,5.0,12.0,1.0,12.17,5.01,2.5,1.49,0.0,0.0,0.0,301.1,0.0,-0.4,0.1,-0.2,95.8,0.0,0.0,264.2,0.0,20.9,24.6,24.6,26.200000000000003,300.0,300.0,29.4,32.2,27.9,27.1,29.1,4.96,1.99,4.96,0.16,0.0,0.0,1027.0,8228.0,0.0,0.0,0.0,0.0,0.0,1.0,0.0,0.0,0.0,0.0,0.0,0.2,0.0,0.0,0.0,0.0,16.0,25903.0
2026-07-30T18:57:27.881Z,17.364,17.376,0.0,7.4,0.0,0.0,0.0,0.0,0.0,0.0,0.0,0.0,1.0,0.0,0.0,0.0,9.0,4.0,0.0,0.0,0.0,0.0,0.0,0.0,0.0,0.0,6.0,12.0,1.0,12.17,5.01,2.5,1.49,0.0,0.0,0.0,301.1,0.0,0.7000000000000001,-0.4,-0.2,95.8,0.0,0.0,264.40000000000003,0.0,20.9,24.6,24.6,26.200000000000003,300.0,300.0,29.4,32.2,27.9,27.1,29.1,4.95,1.99,4.97,0.16,0.0,0.0,1027.0,8228.0,0.0,0.0,0.0,0.0,0.0,1.0,0.0,0.0,0.0,0.0,0.0,0.1,0.0,0.6000000000000001,0.0,0.0,16.0,25903.0
2026-07-30T18:57:27.893Z,17.376,17.388,0.0,7.4,0.0,0.0,0.0,0.0,0.0,0.0,0.0,0.0,1.0,0.0,0.0,0.0,9.0,4.0,0.0,0.0,0.0,0.0,0.0,0.0,0.0,0.0,1.0,12.0,1.0,12.17,5.01,2.5,1.49,0.0,0.0,0.0,301.1,0.0,0.1,-0.4,-0.2,95.8,0.0,0.0,264.2,0.0,20.9,24.6,24.6,26.200000000000003,300.0,300.0,29.4,32.2,27.9,27.1,29.1,4.96,1.99,4.96,0.16,0.0,0.0,1027.0,8228.0,0.0,0.0,0.0,0.0,0.0,1.0,0.0,0.0,0.0,0.0,0.0,0.1,0.0,0.6000000000000001,0.0,0.0,16.0,25903.0
2026-07-30T18:57:27.905Z,17.388,17.400000000000002,0.0,7.4,0.0,0.0,0.0,0.0,0.0,0.0,0.0,0.0,1.0,0.0,0.0,0.0,9.0,4.0,0.0,0.0,0.0,0.0,0.0,0.0,0.0,0.0,2.0,12.0,1.0,12.17,5.01,2.5,1.49,0.0,0.0,0.0,301.1,0.0,0.7000000000000001,1.3,0.3,95.8,0.0,0.0,264.2,0.0,20.9,24.6,24.6,26.200000000000003,300.0,300.0,29.4,32.2,27.9,27.1,29.1,4.96,1.99,4.96,0.16,0.0,0.0,1027.0,8228.0,0.0,0.0,0.0,0.0,0.0,1.0,0.0,0.0,0.0,0.0,0.0,-0.1,0.0,-1.7000000000000002,0.0,0.0,16.0,25903.0
2026-07-30T18:57:27.917Z,17.4,17.412,0.0,7.4,0.0,0.0,0.0,0.0,0.0,0.0,0.0,0.0,1.0,0.0,0.0,0.0,9.0,4.0,0.0,0.0,0.0,0.0,0.0,0.0,0.0,0.0,3.0,12.0,1.0,12.17,5.01,2.5,1.49,0.0,0.0,0.0,301.1,0.0,0.1,0.1,-0.2,95.8,0.0,0.0,264.2,0.0,20.9,24.6,24.6,26.200000000000003,300.0,300.0,29.4,32.2,27.9,27.1,29.1,4.95,1.99,4.96,0.16,0.0,0.0,1027.0,8228.0,0.0,0.0,0.0,0.0,0.0,1.0,0.0,0.0,0.0,0.0,0.0,0.2,0.0,0.0,0.0,0.0,16.0,25903.0
2026-07-30T18:57:27.929Z,17.412,17.424,0.0,7.4,0.0,0.0,0.0,0.0,0.0,0.0,0.0,0.0,1.0,0.0,0.0,0.0,9.0,4.0,0.0,0.0,0.0,0.0,0.0,0.0,0.0,0.0,4.0,12.0,1.0,12.17,5.01,2.5,1.49,0.0,0.0,0.0,301.1,0.0,-0.3,-0.4,-0.7000000000000001,95.8,0.0,0.0,264.2,0.0,20.9,24.6,24.6,26.200000000000003,300.0,300.0,29.4,32.2,27.9,27.1,29.1,4.96,1.99,4.96,0.16,0.0,0.0,1027.0,8228.0,0.0,0.0,0.0,0.0,0.0,1.0,0.0,0.0,0.0,0.0,0.0,0.6000000000000001,0.0,1.0,0.0,0.0,16.0,25903.0
2026-07-30T18:57:27.941Z,17.424,17.436,0.0,7.4,0.0,0.0,0.0,0.0,0.0,0.0,0.0,0.0,1.0,0.0,0.0,0.0,9.0,4.0,0.0,0.0,0.0,0.0,0.0,0.0,0.0,0.0,5.0,12.0,1.0,12.17,5.01,2.5,1.49,0.0,0.1,0.0,301.1,0.0,0.1,-1.0,1.5,95.8,0.0,0.0,264.2,0.0,20.9,24.6,24.6,26.200000000000003,300.0,300.0,29.4,32.2,27.9,27.1,29.1,4.95,2.0,4.97,0.16,0.0,0.0,1027.0,8228.0,0.0,0.0,0.0,0.0,0.0,1.0,0.0,0.0,0.0,0.0,0.0,-1.5,0.0,0.2,0.0,0.0,16.0,25903.0
2026-07-30T18:57:27.953Z,17.436,17.448,0.0,7.4,0.0,0.0,0.0,0.0,0.0,0.0,0.0,0.0,1.0,0.0,0.0,0.0,9.0,4.0,0.0,0.0,0.0,0.0,0.0,0.0,0.0,0.0,1.0,12.0,1.0,12.17,5.0200000000000005,2.51,1.49,0.0,0.0,0.0,301.1,0.0,-0.4,0.1,-0.8,95.8,0.0,0.0,264.2,0.0,21.3,24.6,24.6,26.200000000000003,300.0,300.0,29.3,32.2,28.0,27.1,29.1,4.95,1.99,4.97,0.16,0.0,0.0,1027.0,8228.0,0.0,0.0,0.0,0.0,0.0,1.0,0.0,0.0,0.0,0.0,0.0,0.8,0.0,0.4,0.0,0.0,16.0,25903.0
2026-07-30T18:57:27.965Z,17.448,17.46,0.0,7.4,0.0,0.0,0.0,0.0,0.0,0.0,0.0,0.0,1.0,0.0,0.0,0.0,9.0,4.0,0.0,0.0,0.0,0.0,0.0,0.0,0.0,0.0,2.0,12.0,1.0,12.17,5.0200000000000005,2.51,1.49,0.0,0.0,0.0,301.1,0.0,0.7000000000000001,0.7000000000000001,0.9,95.8,0.0,0.0,264.2,0.0,21.3,24.6,24.6,26.200000000000003,300.0,300.0,29.3,32.2,28.0,27.1,29.1,4.95,2.0,4.97,0.16,0.0,0.0,1027.0,8228.0,0.0,0.0,0.0,0.0,0.0,1.0,0.0,0.0,0.0,0.0,0.0,0.1,0.0,0.6000000000000001,0.0,0.0,16.0,25903.0
2026-07-30T18:57:27.977Z,17.46,17.472,0.0,7.4,0.0,0.0,0.0,0.0,0.0,0.0,0.0,0.0,1.0,0.0,0.0,0.0,9.0,4.0,0.0,0.0,0.0,0.0,0.0,0.0,0.0,0.0,3.0,12.0,1.0,12.17,5.0200000000000005,2.51,1.49,0.0,0.1,0.0,301.1,0.0,-0.4,-0.4,-0.2,95.8,0.0,0.0,264.3,0.0,21.3,24.6,24.6,26.200000000000003,300.0,300.0,29.3,32.2,28.0,27.1,29.1,4.96,2.0,4.96,0.16,0.0,0.0,1027.0,8228.0,0.0,0.0,0.0,0.0,0.0,1.0,0.0,0.0,0.0,0.0,0.0,-0.9,0.0,0.5,0.0,0.0,16.0,25903.0
2026-07-30T18:57:27.989Z,17.472,17.484,0.0,7.4,0.0,0.0,0.0,0.0,0.0,0.0,0.0,0.0,1.0,0.0,0.0,0.0,9.0,4.0,0.0,0.0,0.0,0.0,0.0,0.0,0.0,0.0,5.0,12.0,1.0,12.17,5.0200000000000005,2.51,1.49,0.0,0.0,0.0,301.1,0.0,0.7000000000000001,-0.4,-0.7000000000000001,95.8,0.0,0.0,264.2,0.0,21.3,24.6,24.6,26.200000000000003,300.0,300.0,29.3,32.2,28.0,27.1,29.1,4.95,1.99,4.97,0.16,0.0,0.0,1027.0,8228.0,0.0,0.0,0.0,0.0,0.0,1.0,0.0,0.0,0.0,0.0,0.0,0.1,0.0,0.0,0.0,0.0,16.0,25903.0
2026-07-30T18:57:28.001Z,17.484,17.496,0.0,7.4,0.0,0.0,0.0,0.0,0.0,0.0,0.0,0.0,1.0,0.0,0.0,0.0,9.0,4.0,0.0,0.0,0.0,0.0,0.0,0.0,0.0,0.0,6.0,12.0,1.0,12.17,5.0200000000000005,2.51,1.49,0.0,0.0,0.0,301.1,0.0,-0.4,1.2000000000000002,0.9,95.8,0.0,0.0,264.2,0.0,21.3,24.6,24.6,26.200000000000003,300.0,300.0,29.3,32.2,28.0,27.1,29.1,4.95,1.99,4.96,0.16,0.0,0.0,1027.0,8228.0,0.0,0.0,0.0,0.0,0.0,1.0,0.0,0.0,0.0,0.0,0.0,-0.7000000000000001,0.0,-2.0,0.0,0.0,16.0,25903.0
2026-07-30T18:57:28.013Z,17.496,17.508,0.0,7.4,0.0,0.0,0.0,0.0,0.0,0.0,0.0,0.0,1.0,0.0,0.0,0.0,9.0,4.0,0.0,0.0,0.0,0.0,0.0,0.0,0.0,0.0,1.0,12.0,1.0,12.17,5.0200000000000005,2.51,1.49,0.0,0.0,0.0,301.1,0.0,0.7000000000000001,1.3,0.4,95.8,0.0,0.0,264.2,0.0,21.3,24.6,24.6,26.200000000000003,300.0,300.0,29.3,32.2,28.0,27.1,29.1,4.96,1.99,4.96,0.16,0.0,0.0,1027.0,8228.0,0.0,0.0,0.0,0.0,0.0,1.0,0.0,0.0,0.0,0.0,0.0,-0.2,0.0,-1.7000000000000002,0.0,0.0,16.0,25903.0
2026-07-30T18:57:28.025Z,17.508,17.52,0.0,7.4,0.0,0.0,0.0,0.0,0.0,0.0,0.0,0.0,1.0,0.0,0.0,0.0,9.0,4.0,0.0,0.0,0.0,0.0,0.0,0.0,0.0,0.0,2.0,12.0,1.0,12.17,5.0200000000000005,2.51,1.49,0.0,0.0,0.0,301.1,0.0,-0.3,0.1,-0.7000000000000001,95.8,0.0,0.0,264.2,0.0,21.3,24.6,24.6,26.200000000000003,300.0,300.0,29.3,32.2,28.0,27.1,29.1,4.95,1.99,4.96,0.16,0.0,0.0,1027.0,8228.0,0.0,0.0,0.0,0.0,0.0,1.0,0.0,0.0,0.0,0.0,0.0,0.7000000000000001,0.0,0.3,0.0,0.0,16.0,25903.0
2026-07-30T18:57:28.037Z,17.52,17.532,0.0,7.4,0.0,0.0,0.0,0.0,0.0,0.0,0.0,0.0,1.0,0.0,0.0,0.0,9.0,4.0,0.0,0.0,0.0,0.0,0.0,0.0,0.0,0.0,3.0,12.0,1.0,12.17,5.0200000000000005,2.51,1.49,0.0,0.0,0.0,301.1,0.0,1.4,-0.4,-0.7000000000000001,95.8,0.0,0.0,264.2,0.0,21.3,24.6,24.6,26.200000000000003,300.0,300.0,29.3,32.2,28.0,27.1,29.1,4.96,1.99,4.97,0.16,0.0,0.0,1027.0,8228.0,0.0,0.0,0.0,0.0,0.0,1.0,0.0,0.0,0.0,0.0,0.0,0.6000000000000001,0.0,1.0,0.0,0.0,16.0,25903.0
2026-07-30T18:57:28.051Z,17.534,17.544,0.0,7.4,0.0,0.0,0.0,0.0,0.0,0.0,0.0,0.0,1.0,0.0,0.0,0.0,9.0,4.0,0.0,0.0,0.0,0.0,0.0,0.0,0.0,0.0,5.0,12.0,1.0,12.18,5.01,2.51,1.5,0.0,0.0,0.0,301.1,0.0,0.1,1.2000000000000002,0.3,95.8,0.0,0.0,264.2,0.0,21.700000000000003,24.700000000000003,24.700000000000003,26.200000000000003,300.0,300.0,29.4,32.2,28.0,27.200000000000003,29.1,4.96,1.99,4.96,0.16,0.0,0.0,1027.0,8228.0,0.0,0.0,0.0,0.0,0.0,1.0,0.0,0.0,0.0,0.0,0.0,-0.2,0.0,-1.7000000000000002,0.0,0.0,16.0,25903.0
2026-07-30T18:57:28.061Z,17.544,17.556,0.0,7.4,0.0,0.0,0.0,0.0,0.0,0.0,0.0,0.0,1.0,0.0,0.0,0.0,9.0,4.0,0.0,0.0,0.0,0.0,0.0,0.0,0.0,0.0,6.0,12.0,1.0,12.18,5.01,2.51,1.5,0.0,0.0,0.0,301.1,0.0,0.1,0.7000000000000001,-0.1,95.8,0.0,0.0,264.2,0.0,21.700000000000003,24.700000000000003,24.700000000000003,26.200000000000003,300.0,300.0,29.4,32.2,28.0,27.200000000000003,29.1,4.96,1.99,4.96,0.16,0.0,0.0,1027.0,8228.0,0.0,0.0,0.0,0.0,0.0,1.0,0.0,0.0,0.0,0.0,0.0,0.2,0.0,-0.6000000000000001,0.0,0.0,16.0,25903.0
2026-07-30T18:57:28.073Z,17.556,17.568,0.0,7.4,0.0,0.0,0.0,0.0,0.0,0.0,0.0,0.0,1.0,0.0,0.0,0.0,9.0,4.0,0.0,0.0,0.0,0.0,0.0,0.0,0.0,0.0,1.0,12.0,1.0,12.18,5.01,2.51,1.5,0.0,0.0,0.0,301.1,0.0,0.7000000000000001,1.3,0.3,95.8,0.0,0.0,264.2,0.0,21.700000000000003,24.700000000000003,24.700000000000003,26.200000000000003,300.0,300.0,29.4,32.2,28.0,27.200000000000003,29.1,4.95,1.99,4.97,0.16,0.0,0.0,1027.0,8228.0,0.0,0.0,0.0,0.0,0.0,1.0,0.0,0.0,0.0,0.0,0.0,-0.2,0.0,-1.8,0.0,0.0,16.0,25903.0
2026-07-30T18:57:28.085Z,17.568,17.580000000000002,0.0,7.4,0.0,0.0,0.0,0.0,0.0,0.0,0.0,0.0,1.0,0.0,0.0,0.0,9.0,4.0,0.0,0.0,0.0,0.0,0.0,0.0,0.0,0.0,3.0,12.0,1.0,12.18,5.01,2.51,1.5,0.0,0.0,0.0,301.1,0.0,0.1,0.1,0.9,95.8,0.0,0.0,264.2,0.0,21.700000000000003,24.700000000000003,24.700000000000003,26.200000000000003,300.0,300.0,29.4,32.2,28.0,27.200000000000003,29.1,4.96,1.99,4.96,0.16,0.0,0.0,1027.0,8228.0,0.0,0.0,0.0,0.0,0.0,1.0,0.0,0.0,0.0,0.0,0.0,-0.8,0.0,-0.8,0.0,0.0,16.0,25903.0
2026-07-30T18:57:28.098Z,17.581,17.592,0.0,7.4,0.0,0.0,0.0,0.0,0.0,0.0,0.0,0.0,1.0,0.0,0.0,0.0,9.0,4.0,0.0,0.0,0.0,0.0,0.0,0.0,0.0,0.0,4.0,12.0,1.0,12.18,5.01,2.51,1.5,0.0,0.0,0.0,301.1,0.0,-0.3,-0.4,-0.7000000000000001,95.8,0.0,0.0,264.3,0.0,21.700000000000003,24.700000000000003,24.700000000000003,26.200000000000003,300.0,300.0,29.4,32.2,28.0,27.200000000000003,29.1,4.96,1.99,4.96,0.16,0.0,0.0,1027.0,8228.0,0.0,0.0,0.0,0.0,0.0,1.0,0.0,0.0,0.0,0.0,0.0,0.6000000000000001,0.0,0.9,0.0,0.0,16.0,25903.0
2026-07-30T18:57:28.109Z,17.592,17.604,0.0,7.4,0.0,0.0,0.0,0.0,0.0,0.0,0.0,0.0,1.0,0.0,0.0,0.0,9.0,4.0,0.0,0.0,0.0,0.0,0.0,0.0,0.0,0.0,5.0,12.0,1.0,12.18,5.01,2.51,1.5,0.0,0.0,0.0,301.1,0.0,0.8,0.7000000000000001,0.4,95.8,0.0,0.0,264.2,0.0,21.700000000000003,24.700000000000003,24.700000000000003,26.200000000000003,300.0,300.0,29.4,32.2,28.0,27.200000000000003,29.1,4.95,1.99,4.96,0.16,0.0,0.0,1027.0,8228.0,0.0,0.0,0.0,0.0,0.0,1.0,0.0,0.0,0.0,0.0,0.0,-0.3,0.0,-1.1,0.0,0.0,16.0,25903.0
2026-07-30T18:57:28.121Z,17.604,17.616,0.0,7.4,0.0,0.0,0.0,0.0,0.0,0.0,0.0,0.0,1.0,0.0,0.0,0.0,9.0,4.0,0.0,0.0,0.0,0.0,0.0,0.0,0.0,0.0,6.0,12.0,1.0,12.18,5.01,2.51,1.5,0.0,0.0,0.0,301.1,0.0,0.2,-0.4,-0.7000000000000001,95.8,0.0,0.0,264.2,0.0,21.700000000000003,24.700000000000003,24.700000000000003,26.200000000000003,300.0,300.0,29.4,32.2,28.0,27.200000000000003,29.1,4.96,1.99,4.97,0.16,0.0,0.0,1027.0,8228.0,0.0,0.0,0.0,0.0,0.0,1.0,0.0,0.0,0.0,0.0,0.0,0.6000000000000001,0.0,0.9,0.0,0.0,16.0,25903.0
2026-07-30T18:57:28.133Z,17.616,17.628,0.0,7.4,0.0,0.0,0.0,0.0,0.0,0.0,0.0,0.0,1.0,0.0,0.0,0.0,9.0,4.0,0.0,0.0,0.0,0.0,0.0,0.0,0.0,0.0,1.0,12.0,1.0,12.18,5.01,2.51,1.5,0.0,0.0,0.0,301.1,0.0,-0.3,0.7000000000000001,-0.1,95.8,0.0,0.0,264.2,0.0,21.700000000000003,24.700000000000003,24.700000000000003,26.200000000000003,300.0,300.0,29.4,32.2,28.0,27.200000000000003,29.1,4.95,1.99,4.96,0.16,0.0,0.0,1027.0,8228.0,0.0,0.0,0.0,0.0,0.0,1.0,0.0,0.0,0.0,0.0,0.0,0.2,0.0,-0.7000000000000001,0.0,0.0,16.0,25903.0
2026-07-30T18:57:28.145Z,17.628,17.64,0.0,7.4,0.0,0.0,0.0,0.0,0.0,0.0,0.0,0.0,1.0,0.0,0.0,0.0,9.0,4.0,0.0,0.0,0.0,0.0,0.0,0.0,0.0,0.0,2.0,12.0,1.0,12.18,5.01,2.51,1.5,0.0,0.0,0.0,301.2,0.0,0.2,0.6000000000000001,-1.2000000000000002,95.8,0.0,0.0,264.40000000000003,0.0,21.700000000000003,24.700000000000003,24.700000000000003,26.200000000000003,300.0,300.0,29.4,32.2,28.0,27.200000000000003,29.1,4.95,1.99,4.97,0.16,0.0,0.0,1027.0,8228.0,0.0,0.0,0.0,0.0,0.0,1.0,0.0,0.0,0.0,0.0,0.0,1.2000000000000002,0.0,0.0,0.0,0.0,16.0,25903.0
2026-07-30T18:57:28.158Z,17.641,17.652,0.0,7.4,0.0,0.0,0.0,0.0,0.0,0.0,0.0,0.0,1.0,0.0,0.0,0.0,9.0,4.0,0.0,0.0,0.0,0.0,0.0,0.0,0.0,0.0,3.0,12.0,1.0,12.17,5.01,2.51,1.5,0.0,0.1,0.0,301.1,0.0,-0.3,1.8,-0.6000000000000001,95.8,0.0,0.0,264.2,0.0,21.4,24.700000000000003,24.700000000000003,26.3,300.0,300.0,29.3,32.2,28.0,27.200000000000003,29.0,4.95,1.99,4.97,0.16,0.0,0.0,1027.0,8228.0,0.0,0.0,0.0,0.0,0.0,1.0,0.0,0.0,0.0,0.0,0.0,0.8,0.0,-1.6,0.0,0.0,16.0,25903.0
2026-07-30T18:57:28.169Z,17.652,17.664,0.0,7.4,0.0,0.0,0.0,0.0,0.0,0.0,0.0,0.0,1.0,0.0,0.0,0.0,9.0,4.0,0.0,0.0,0.0,0.0,0.0,0.0,0.0,0.0,2.0,12.0,1.0,12.17,5.01,2.51,1.5,0.0,0.0,0.0,301.0,0.0,0.2,0.6000000000000001,0.4,95.8,0.0,0.0,264.2,0.0,21.4,24.700000000000003,24.700000000000003,26.3,300.0,300.0,29.3,32.2,28.0,27.200000000000003,29.0,4.95,1.99,4.96,0.16,0.0,0.0,1027.0,8228.0,0.0,0.0,0.0,0.0,0.0,1.0,0.0,0.0,0.0,0.0,0.0,-0.3,0.0,-1.1,0.0,0.0,16.0,25903.0
2026-07-30T18:57:28.181Z,17.664,17.676000000000002,0.0,7.4,0.0,0.0,0.0,0.0,0.0,0.0,0.0,0.0,1.0,0.0,0.0,0.0,9.0,4.0,0.0,0.0,0.0,0.0,0.0,0.0,0.0,0.0,4.0,12.0,1.0,12.17,5.01,2.51,1.5,0.0,0.0,0.0,301.1,0.0,0.2,-0.5,1.0,95.8,0.0,0.0,264.2,0.0,21.4,24.700000000000003,24.700000000000003,26.3,300.0,300.0,29.3,32.2,28.0,27.200000000000003,29.0,4.95,1.99,4.96,0.16,0.0,0.0,1027.0,8228.0,0.0,0.0,0.0,0.0,0.0,1.0,0.0,0.0,0.0,0.0,0.0,-1.0,0.0,-0.1,0.0,0.0,16.0,25903.0
2026-07-30T18:57:28.193Z,17.676,17.688,0.0,7.4,0.0,0.0,0.0,0.0,0.0,0.0,0.0,0.0,1.0,0.0,0.0,0.0,9.0,4.0,0.0,0.0,0.0,0.0,0.0,0.0,0.0,0.0,4.0,12.0,1.0,12.17,5.01,2.51,1.5,0.0,0.0,0.0,301.1,0.0,-0.9,0.0,0.4,95.8,0.0,0.0,264.2,0.0,21.4,24.700000000000003,24.700000000000003,26.3,300.0,300.0,29.3,32.2,28.0,27.200000000000003,29.0,4.95,1.99,4.97,0.16,0.0,0.0,1027.0,8228.0,0.0,0.0,0.0,0.0,0.0,1.0,0.0,0.0,0.0,0.0,0.0,-0.3,0.0,-0.3,0.0,0.0,16.0,25903.0
2026-07-30T18:57:28.205Z,17.688,17.7,0.0,7.4,0.0,0.0,0.0,0.0,0.0,0.0,0.0,0.0,1.0,0.0,0.0,0.0,9.0,4.0,0.0,0.0,0.0,0.0,0.0,0.0,0.0,0.0,5.0,12.0,1.0,12.17,5.01,2.51,1.5,0.0,0.0,0.0,301.1,0.0,-0.4,1.2000000000000002,-1.3,95.8,0.0,0.0,264.2,0.0,21.4,24.700000000000003,24.700000000000003,26.3,300.0,300.0,29.3,32.2,28.0,27.200000000000003,29.0,4.95,1.99,4.97,0.17,0.0,0.0,1027.0,8228.0,0.0,0.0,0.0,0.0,0.0,1.0,0.0,0.0,0.0,0.0,0.0,1.4,0.0,-0.4,0.0,0.0,16.0,25903.0
2026-07-30T18:57:28.217Z,17.7,17.712,0.0,7.4,0.0,0.0,0.0,0.0,0.0,0.0,0.0,0.0,1.0,0.0,0.0,0.0,9.0,4.0,0.0,0.0,0.0,0.0,0.0,0.0,0.0,0.0,6.0,12.0,1.0,12.17,5.01,2.51,1.5,0.0,0.1,0.0,301.1,0.0,0.1,-0.5,-1.3,95.8,0.0,0.0,264.2,0.0,21.4,24.700000000000003,24.700000000000003,26.3,300.0,300.0,29.3,32.2,28.0,27.200000000000003,29.0,4.96,1.99,4.96,0.16,0.0,0.0,1027.0,8228.0,0.0,0.0,0.0,0.0,0.0,1.0,0.0,0.0,0.0,0.0,0.0,1.2000000000000002,0.0,1.5,0.0,0.0,16.0,25903.0
2026-07-30T18:57:28.229Z,17.712,17.724,0.0,7.4,0.0,0.0,0.0,0.0,0.0,0.0,0.0,0.0,1.0,0.0,0.0,0.0,9.0,4.0,0.0,0.0,0.0,0.0,0.0,0.0,0.0,0.0,6.0,12.0,1.0,12.17,5.01,2.51,1.5,0.0,0.0,0.0,301.1,0.0,0.1,-0.4,0.4,95.8,0.0,0.0,264.2,0.0,21.4,24.700000000000003,24.700000000000003,26.3,300.0,300.0,29.3,32.2,28.0,27.200000000000003,29.0,4.95,1.99,4.96,0.16,0.0,0.0,1027.0,8228.0,0.0,0.0,0.0,0.0,0.0,1.0,0.0,0.0,0.0,0.0,0.0,-0.4,0.0,0.2,0.0,0.0,16.0,25903.0
2026-07-30T18:57:28.241Z,17.724,17.736,0.0,7.4,0.0,0.0,0.0,0.0,0.0,0.0,0.0,0.0,1.0,0.0,0.0,0.0,9.0,4.0,0.0,0.0,0.0,0.0,0.0,0.0,0.0,0.0,2.0,12.0,1.0,12.17,5.01,2.51,1.5,0.0,0.0,0.0,301.1,0.0,1.3,0.0,1.5,95.8,0.0,0.0,264.2,0.0,21.4,24.700000000000003,24.700000000000003,26.3,300.0,300.0,29.3,32.2,28.0,27.200000000000003,29.0,4.95,1.99,4.96,0.16,0.0,0.0,1027.0,8228.0,0.0,0.0,0.0,0.0,0.0,1.0,0.0,0.0,0.0,0.0,0.0,-1.4,0.0,-1.1,0.0,0.0,16.0,25903.0
2026-07-30T18:57:28.254Z,17.737,17.748,0.0,7.4,0.0,0.0,0.0,0.0,0.0,0.0,0.0,0.0,1.0,0.0,0.0,0.0,9.0,4.0,0.0,0.0,0.0,0.0,0.0,0.0,0.0,0.0,3.0,12.0,1.0,12.15,5.01,2.51,1.49,0.0,0.0,0.0,301.1,0.0,1.4,0.7000000000000001,2.1,95.8,0.0,0.0,264.2,0.0,21.700000000000003,24.700000000000003,24.700000000000003,26.3,300.0,300.0,29.200000000000003,32.1,27.9,27.200000000000003,29.1,4.96,1.99,4.96,0.16,0.0,0.0,1027.0,8228.0,0.0,0.0,0.0,0.0,0.0,1.0,0.0,0.0,0.0,0.0,0.0,-1.8,0.0,-2.2,0.0,0.0,16.0,25903.0
2026-07-30T18:57:28.265Z,17.748,17.76,0.0,7.4,0.0,0.0,0.0,0.0,0.0,0.0,0.0,0.0,1.0,0.0,0.0,0.0,9.0,4.0,0.0,0.0,0.0,0.0,0.0,0.0,0.0,0.0,4.0,12.0,1.0,12.15,5.01,2.51,1.49,0.0,0.1,0.0,301.1,0.0,0.1,0.0,-0.8,95.8,0.0,0.0,264.2,0.0,21.700000000000003,24.700000000000003,24.700000000000003,26.3,300.0,300.0,29.200000000000003,32.1,27.9,27.200000000000003,29.1,4.96,1.99,4.96,0.16,0.0,0.0,1027.0,8228.0,0.0,0.0,0.0,0.0,0.0,1.0,0.0,0.0,0.0,0.0,0.0,0.8,0.0,0.4,0.0,0.0,16.0,25903.0
2026-07-30T18:57:28.277Z,17.76,17.772000000000002,0.0,7.4,0.0,0.0,0.0,0.0,0.0,0.0,0.0,0.0,1.0,0.0,0.0,0.0,9.0,4.0,0.0,0.0,0.0,0.0,0.0,0.0,0.0,0.0,5.0,12.0,1.0,12.15,5.01,2.51,1.49,0.0,0.0,0.0,301.1,0.0,-0.9,-1.1,-2.0,95.8,0.0,0.0,264.2,0.0,21.700000000000003,24.700000000000003,24.700000000000003,26.3,300.0,300.0,29.200000000000003,32.1,27.9,27.200000000000003,29.1,4.96,1.99,4.97,0.16,0.0,0.0,1027.0,8228.0,0.0,0.0,0.0,0.0,0.0,1.0,0.0,0.0,0.0,0.0,0.0,1.7000000000000002,0.0,2.6,0.0,0.0,16.0,25903.0
2026-07-30T18:57:28.288Z,17.771,17.784,0.0,7.4,0.0,0.0,0.0,0.0,0.0,0.0,0.0,0.0,1.0,0.0,0.0,0.0,9.0,4.0,0.0,0.0,0.0,0.0,0.0,0.0,0.0,0.0,6.0,12.0,1.0,12.15,5.01,2.51,1.49,0.0,0.0,0.0,301.1,0.0,0.7000000000000001,0.6000000000000001,0.3,95.8,0.0,0.0,264.2,0.0,21.700000000000003,24.700000000000003,24.700000000000003,26.3,300.0,300.0,29.200000000000003,32.1,27.9,27.200000000000003,29.1,4.96,1.99,4.96,0.16,0.0,0.0,1027.0,8228.0,0.0,0.0,0.0,0.0,0.0,1.0,0.0,0.0,0.0,0.0,0.0,-0.2,0.0,-0.9,0.0,0.0,16.0,25903.0
2026-07-30T18:57:28.300Z,17.783,17.796,0.0,7.4,0.0,0.0,0.0,0.0,0.0,0.0,0.0,0.0,1.0,0.0,0.0,0.0,9.0,4.0,0.0,0.0,0.0,0.0,0.0,0.0,0.0,0.0,2.0,12.0,1.0,12.15,5.01,2.51,1.49,0.0,0.0,0.0,301.1,0.0,-1.5,-0.5,-0.7000000000000001,95.8,0.0,0.0,264.2,0.0,21.700000000000003,24.700000000000003,24.700000000000003,26.3,300.0,300.0,29.200000000000003,32.1,27.9,27.200000000000003,29.1,4.96,1.99,4.96,0.16,0.0,0.0,1027.0,8228.0,0.0,0.0,0.0,0.0,0.0,1.0,0.0,0.0,0.0,0.0,0.0,0.6000000000000001,0.0,1.0,0.0,0.0,16.0,25903.0
2026-07-30T18:57:28.313Z,17.796,17.808,0.0,7.4,0.0,0.0,0.0,0.0,0.0,0.0,0.0,0.0,1.0,0.0,0.0,0.0,9.0,4.0,0.0,0.0,0.0,0.0,0.0,0.0,0.0,0.0,3.0,12.0,1.0,12.15,5.01,2.51,1.49,0.0,0.0,0.0,301.1,0.0,-0.9,-0.4,0.9,95.8,0.0,0.0,264.2,0.0,21.700000000000003,24.700000000000003,24.700000000000003,26.3,300.0,300.0,29.200000000000003,32.1,27.9,27.200000000000003,29.1,4.95,1.99,4.97,0.16,0.0,0.0,1027.0,8228.0,0.0,0.0,0.0,0.0,0.0,1.0,0.0,0.0,0.0,0.0,0.0,-0.9,0.0,-0.1,0.0,0.0,16.0,25903.0
2026-07-30T18:57:28.325Z,17.808,17.82,0.0,7.4,0.0,0.0,0.0,0.0,0.0,0.0,0.0,0.0,1.0,0.0,0.0,0.0,9.0,4.0,0.0,0.0,0.0,0.0,0.0,0.0,0.0,0.0,4.0,12.0,1.0,12.15,5.01,2.51,1.49,0.0,0.0,0.0,301.2,0.0,-0.4,0.1,0.4,95.8,0.0,0.0,264.2,0.0,21.700000000000003,24.700000000000003,24.700000000000003,26.3,300.0,300.0,29.200000000000003,32.1,27.9,27.200000000000003,29.1,4.96,2.0,4.96,0.16,0.0,0.0,1027.0,8228.0,0.0,0.0,0.0,0.0,0.0,1.0,0.0,0.0,0.0,0.0,0.0,-0.3,0.0,-0.4,0.0,0.0,16.0,25903.0
2026-07-30T18:57:28.337Z,17.82,17.832,0.0,7.4,0.0,0.0,0.0,0.0,0.0,0.0,0.0,0.0,1.0,0.0,0.0,0.0,9.0,4.0,0.0,0.0,0.0,0.0,0.0,0.0,0.0,0.0,5.0,12.0,1.0,12.15,5.01,2.51,1.49,0.0,0.0,0.0,301.1,0.0,0.7000000000000001,1.2000000000000002,0.4,95.8,0.0,0.0,264.2,0.0,21.700000000000003,24.700000000000003,24.700000000000003,26.3,300.0,300.0,29.200000000000003,32.1,27.9,27.200000000000003,29.1,4.96,1.99,4.96,0.16,0.0,0.0,1027.0,8228.0,0.0,0.0,0.0,0.0,0.0,1.0,0.0,0.0,0.0,0.0,0.0,-0.2,0.0,-1.6,0.0,0.0,16.0,25903.0
2026-07-30T18:57:28.350Z,17.833,17.844,0.0,7.4,0.0,0.0,0.0,0.0,0.0,0.0,0.0,0.0,1.0,0.0,0.0,0.0,9.0,4.0,0.0,0.0,0.0,0.0,0.0,0.0,0.0,0.0,6.0,12.0,1.0,12.15,5.01,2.51,1.49,0.0,0.0,0.0,301.1,0.0,0.1,1.2000000000000002,-0.1,95.8,0.0,0.0,264.2,0.0,21.700000000000003,24.700000000000003,24.700000000000003,26.3,300.0,300.0,29.200000000000003,32.1,27.9,27.200000000000003,29.1,4.96,1.99,4.96,0.16,0.0,0.0,1027.0,8228.0,0.0,0.0,0.0,0.0,0.0,1.0,0.0,0.0,0.0,0.0,0.0,0.3,0.0,-1.2000000000000002,0.0,0.0,16.0,25903.0
2026-07-30T18:57:28.360Z,17.843,17.856,0.0,7.4,0.0,0.0,0.0,0.0,0.0,0.0,0.0,0.0,1.0,0.0,0.0,0.0,9.0,4.0,0.0,0.0,0.0,0.0,0.0,0.0,0.0,0.0,6.0,12.0,1.0,12.17,5.01,2.51,1.5,0.0,0.0,0.0,301.1,0.0,-0.3,0.0,0.4,95.8,0.0,0.0,264.2,0.0,21.3,24.8,24.8,26.4,300.0,300.0,29.200000000000003,32.1,27.9,27.200000000000003,29.1,4.95,1.99,4.96,0.16,0.0,0.0,1027.0,8228.0,0.0,0.0,0.0,0.0,0.0,1.0,0.0,0.0,0.0,0.0,0.0,-0.3,0.0,-0.3,0.0,0.0,16.0,25903.0
2026-07-30T18:57:28.373Z,17.856,17.868000000000002,0.0,7.4,0.0,0.0,0.0,0.0,0.0,0.0,0.0,0.0,1.0,0.0,0.0,0.0,9.0,4.0,0.0,0.0,0.0,0.0,0.0,0.0,0.0,0.0,1.0,12.0,1.0,12.17,5.01,2.51,1.5,0.0,0.0,0.0,301.1,0.0,0.1,0.0,1.0,95.8,0.0,0.0,264.2,0.0,21.3,24.8,24.8,26.4,300.0,300.0,29.200000000000003,32.1,27.9,27.200000000000003,29.1,4.96,1.99,4.96,0.16,0.0,0.0,1027.0,8228.0,0.0,0.0,0.0,0.0,0.0,1.0,0.0,0.0,0.0,0.0,0.0,-0.9,0.0,-0.7000000000000001,0.0,0.0,16.0,25903.0
2026-07-30T18:57:28.385Z,17.868,17.88,0.0,7.4,0.0,0.0,0.0,0.0,0.0,0.0,0.0,0.0,1.0,0.0,0.0,0.0,9.0,4.0,0.0,0.0,0.0,0.0,0.0,0.0,0.0,0.0,3.0,12.0,1.0,12.17,5.01,2.51,1.5,0.0,0.0,0.0,301.1,0.0,0.1,-0.5,-1.3,95.8,0.0,0.0,264.2,0.0,21.3,24.8,24.8,26.4,300.0,300.0,29.200000000000003,32.1,27.9,27.200000000000003,29.1,4.96,1.99,4.97,0.16,0.0,0.0,1027.0,8228.0,0.0,0.0,0.0,0.0,0.0,1.0,0.0,0.0,0.0,0.0,0.0,1.1,0.0,1.4,0.0,0.0,16.0,25903.0
2026-07-30T18:57:28.398Z,17.881,17.892,0.0,7.4,0.0,0.0,0.0,0.0,0.0,0.0,0.0,0.0,1.0,0.0,0.0,0.0,9.0,4.0,0.0,0.0,0.0,0.0,0.0,0.0,0.0,0.0,3.0,12.0,1.0,12.17,5.01,2.51,1.5,0.0,0.1,0.0,301.1,0.0,0.1,0.6000000000000001,-0.1,95.8,0.0,0.0,264.2,0.0,21.3,24.8,24.8,26.4,300.0,300.0,29.200000000000003,32.1,27.9,27.200000000000003,29.1,4.95,1.99,4.97,0.16,0.0,0.0,1027.0,8228.0,0.0,0.0,0.0,0.0,0.0,1.0,0.0,0.0,0.0,0.0,0.0,0.2,0.0,-0.6000000000000001,0.0,0.0,16.0,25903.0
2026-07-30T18:57:28.408Z,17.891,17.904,0.0,7.4,0.0,0.0,0.0,0.0,0.0,0.0,0.0,0.0,1.0,0.0,0.0,0.0,9.0,4.0,0.0,0.0,0.0,0.0,0.0,0.0,0.0,0.0,4.0,12.0,1.0,12.17,5.01,2.51,1.5,0.0,0.0,0.0,301.1,0.0,0.1,0.0,1.5,95.8,0.0,0.0,264.2,0.0,21.3,24.8,24.8,26.4,300.0,300.0,29.200000000000003,32.1,27.9,27.200000000000003,29.1,4.96,1.99,4.96,0.16,0.0,0.0,1027.0,8228.0,0.0,0.0,0.0,0.0,0.0,1.0,0.0,0.0,0.0,0.0,0.0,-1.4,0.0,-1.1,0.0,0.0,16.0,25903.0
2026-07-30T18:57:28.421Z,17.904,17.916,0.0,7.4,0.0,0.0,0.0,0.0,0.0,0.0,0.0,0.0,1.0,0.0,0.0,0.0,9.0,4.0,0.0,0.0,0.0,0.0,0.0,0.0,0.0,0.0,6.0,12.0,1.0,12.17,5.01,2.51,1.5,0.0,0.0,0.0,301.1,0.0,0.1,-1.0,-0.1,95.8,0.0,0.0,264.2,0.0,21.3,24.8,24.8,26.4,300.0,300.0,29.200000000000003,32.1,27.9,27.200000000000003,29.1,4.95,1.99,4.96,0.16,0.0,0.0,1027.0,8228.0,0.0,0.0,0.0,0.0,0.0,1.0,0.0,0.0,0.0,0.0,0.0,0.0,0.0,1.3,0.0,0.0,16.0,25903.0
2026-07-30T18:57:28.432Z,17.915,17.928,0.0,7.4,0.0,0.0,0.0,0.0,0.0,0.0,0.0,0.0,1.0,0.0,0.0,0.0,9.0,4.0,0.0,0.0,0.0,0.0,0.0,0.0,0.0,0.0,1.0,12.0,1.0,12.17,5.01,2.51,1.5,0.0,0.0,0.0,301.1,0.0,0.1,1.2000000000000002,0.3,95.8,0.0,0.0,264.2,0.0,21.3,24.8,24.8,26.4,300.0,300.0,29.200000000000003,32.1,27.9,27.200000000000003,29.1,4.95,1.99,4.97,0.16,0.0,0.0,1027.0,8228.0,0.0,0.0,0.0,0.0,0.0,1.0,0.0,0.0,0.0,0.0,0.0,-0.2,0.0,-1.7000000000000002,0.0,0.0,16.0,25903.0
2026-07-30T18:57:28.445Z,17.928,17.94,0.0,7.4,0.0,0.0,0.0,0.0,0.0,0.0,0.0,0.0,1.0,0.0,0.0,0.0,9.0,4.0,0.0,0.0,0.0,0.0,0.0,0.0,0.0,0.0,2.0,12.0,1.0,12.17,5.01,2.51,1.5,0.0,0.0,0.0,301.1,0.0,0.7000000000000001,0.6000000000000001,-1.3,95.8,0.0,0.0,264.2,0.0,21.3,24.8,24.8,26.4,300.0,300.0,29.200000000000003,32.1,27.9,27.200000000000003,29.1,4.95,1.99,4.97,0.16,0.0,0.0,1027.0,8228.0,0.0,0.0,0.0,0.0,0.0,1.0,0.0,0.0,0.0,0.0,0.0,1.3,0.0,0.1,0.0,0.0,16.0,25903.0
2026-07-30T18:57:28.458Z,17.941,17.952,0.0,7.4,0.0,0.0,0.0,0.0,0.0,0.0,0.0,0.0,1.0,0.0,0.0,0.0,9.0,4.0,0.0,0.0,0.0,0.0,0.0,0.0,0.0,0.0,3.0,12.0,1.0,12.18,5.01,2.5,1.49,0.0,0.0,0.0,301.1,0.0,0.7000000000000001,0.0,0.3,95.8,0.0,0.0,264.3,0.0,21.700000000000003,24.8,24.8,26.4,300.0,300.0,29.3,32.1,28.0,27.200000000000003,29.1,4.96,1.99,4.96,0.16,0.0,0.0,1027.0,8228.0,0.0,0.0,0.0,0.0,0.0,1.0,0.0,0.0,0.0,0.0,0.0,-0.3,0.0,-0.2,0.0,0.0,16.0,25903.0
2026-07-30T18:57:28.469Z,17.952,17.964,0.0,7.4,0.0,0.0,0.0,0.0,0.0,0.0,0.0,0.0,1.0,0.0,0.0,0.0,9.0,4.0,0.0,0.0,0.0,0.0,0.0,0.0,0.0,0.0,4.0,12.0,1.0,12.18,5.01,2.5,1.49,0.0,0.0,0.0,301.1,0.0,-0.3,0.0,-0.1,95.8,0.0,0.0,264.2,0.0,21.700000000000003,24.8,24.8,26.4,300.0,300.0,29.3,32.1,28.0,27.200000000000003,29.1,4.95,1.99,4.97,0.16,0.0,0.0,1027.0,8228.0,0.0,0.0,0.0,0.0,0.0,1.0,0.0,0.0,0.0,0.0,0.0,0.1,0.0,0.0,0.0,0.0,16.0,25903.0
2026-07-30T18:57:28.480Z,17.963,17.976,0.0,7.4,0.0,0.0,0.0,0.0,0.0,0.0,0.0,0.0,1.0,0.0,0.0,0.0,9.0,4.0,0.0,0.0,0.0,0.0,0.0,0.0,0.0,0.0,5.0,12.0,1.0,12.18,5.01,2.5,1.49,0.0,0.0,0.0,301.1,0.0,0.2,1.2000000000000002,-0.7000000000000001,95.8,0.0,0.0,264.3,0.0,21.700000000000003,24.8,24.8,26.4,300.0,300.0,29.3,32.1,28.0,27.200000000000003,29.1,4.95,1.99,4.96,0.16,0.0,0.0,1027.0,8228.0,0.0,0.0,0.0,0.0,0.0,1.0,0.0,0.0,0.0,0.0,0.0,0.8,0.0,-0.9,0.0,0.0,16.0,25903.0
2026-07-30T18:57:28.493Z,17.976,17.988,0.0,7.4,0.0,0.0,0.0,0.0,0.0,0.0,0.0,0.0,1.0,0.0,0.0,0.0,9.0,4.0,0.0,0.0,0.0,0.0,0.0,0.0,0.0,0.0,6.0,12.0,1.0,12.18,5.01,2.5,1.49,0.0,0.0,0.0,301.1,0.0,-0.3,1.2000000000000002,-0.1,95.8,0.0,0.0,264.2,0.0,21.700000000000003,24.8,24.8,26.4,300.0,300.0,29.3,32.1,28.0,27.200000000000003,29.1,4.95,1.99,4.96,0.16,0.0,0.0,1027.0,8228.0,0.0,0.0,0.0,0.0,0.0,1.0,0.0,0.0,0.0,0.0,0.0,0.2,0.0,-1.3,0.0,0.0,16.0,25903.0
2026-07-30T18:57:28.505Z,17.988,18.0,0.0,7.4,0.0,0.0,0.0,0.0,0.0,0.0,0.0,0.0,1.0,0.0,0.0,0.0,9.0,4.0,0.0,0.0,0.0,0.0,0.0,0.0,0.0,0.0,2.0,12.0,1.0,12.18,5.01,2.5,1.49,0.0,0.1,0.0,301.1,0.0,1.4,0.0,1.5,95.8,0.0,0.0,264.2,0.0,21.700000000000003,24.8,24.8,26.4,300.0,300.0,29.3,32.1,28.0,27.200000000000003,29.1,4.95,1.99,4.96,0.16,0.0,0.0,1027.0,8228.0,0.0,0.0,0.0,0.0,0.0,1.0,0.0,0.0,0.0,0.0,0.0,0.1,0.0,0.7000000000000001,0.0,0.0,16.0,25903.0
2026-07-30T18:57:28.517Z,18.0,18.012,0.0,7.4,0.0,0.0,0.0,0.0,0.0,0.0,0.0,0.0,1.0,0.0,0.0,0.0,9.0,4.0,0.0,0.0,0.0,0.0,0.0,0.0,0.0,0.0,3.0,12.0,1.0,12.18,5.01,2.5,1.49,0.0,0.0,0.0,301.1,0.0,0.2,-0.5,-1.3,95.8,0.0,0.0,264.2,0.0,21.700000000000003,24.8,24.8,26.4,300.0,300.0,29.3,32.1,28.0,27.200000000000003,29.1,4.95,1.99,4.96,0.16,0.0,0.0,1027.0,8228.0,0.0,0.0,0.0,0.0,0.0,1.0,0.0,0.0,0.0,0.0,0.0,0.2,0.0,0.0,0.0,0.0,16.0,25903.0
2026-07-30T18:57:28.529Z,18.012,18.024,0.0,7.4,0.0,0.0,0.0,0.0,0.0,0.0,0.0,0.0,1.0,0.0,0.0,0.0,9.0,4.0,0.0,0.0,0.0,0.0,0.0,0.0,0.0,0.0,4.0,12.0,1.0,12.18,5.01,2.5,1.49,0.0,0.0,0.0,301.1,0.0,0.2,1.2000000000000002,1.5,95.8,0.0,0.0,264.2,0.0,21.700000000000003,24.8,24.8,26.4,300.0,300.0,29.3,32.1,28.0,27.200000000000003,29.1,4.95,1.99,4.96,0.16,0.0,0.0,1027.0,8228.0,0.0,0.0,0.0,0.0,0.0,1.0,0.0,0.0,0.0,0.0,0.0,-0.7000000000000001,0.0,-2.0,0.0,0.0,16.0,25903.0
2026-07-30T18:57:28.540Z,18.023,18.036,0.0,7.4,0.0,0.0,0.0,0.0,0.0,0.0,0.0,0.0,1.0,0.0,0.0,0.0,9.0,4.0,0.0,0.0,0.0,0.0,0.0,0.0,0.0,0.0,5.0,12.0,1.0,12.18,5.01,2.5,1.49,0.0,0.0,0.0,301.1,0.0,-0.9,0.6000000000000001,-0.7000000000000001,95.8,0.0,0.0,264.2,0.0,21.700000000000003,24.8,24.8,26.4,300.0,300.0,29.3,32.1,28.0,27.200000000000003,29.1,4.96,1.99,4.96,0.16,0.0,0.0,1027.0,8228.0,0.0,0.0,0.0,0.0,0.0,1.0,0.0,0.0,0.0,0.0,0.0,0.7000000000000001,0.0,-0.2,0.0,0.0,16.0,25903.0
2026-07-30T18:57:28.552Z,18.035,18.048,0.0,7.4,0.0,0.0,0.0,0.0,0.0,0.0,0.0,0.0,1.0,0.0,0.0,0.0,9.0,4.0,0.0,0.0,0.0,0.0,0.0,0.0,0.0,0.0,6.0,12.0,1.0,12.18,5.01,2.5,1.49,0.0,0.0,0.0,301.1,0.0,0.2,0.0,-1.3,95.8,0.0,0.0,264.2,0.0,21.700000000000003,24.8,24.8,26.4,300.0,300.0,29.3,32.1,28.0,27.200000000000003,29.1,4.95,1.99,4.97,0.16,0.0,0.0,1027.0,8228.0,0.0,0.0,0.0,0.0,0.0,1.0,0.0,0.0,0.0,0.0,0.0,1.2000000000000002,0.0,0.8,0.0,0.0,16.0,25903.0
2026-07-30T18:57:28.564Z,18.047,18.06,0.0,7.4,0.0,0.0,0.0,0.0,0.0,0.0,0.0,0.0,1.0,0.0,0.0,0.0,9.0,4.0,0.0,0.0,0.0,0.0,0.0,0.0,0.0,0.0,1.0,12.0,1.0,12.2,5.0200000000000005,2.5,1.49,0.0,0.0,0.0,301.1,0.0,-0.3,-2.2,-1.3,95.8,0.0,0.0,264.3,0.0,20.5,24.9,24.9,26.5,300.0,300.0,29.200000000000003,32.1,28.0,27.200000000000003,29.1,4.96,1.98,4.96,0.16,0.0,0.0,1027.0,8228.0,0.0,0.0,0.0,0.0,0.0,1.0,0.0,0.0,0.0,0.0,0.0,-0.6000000000000001,0.0,2.3000000000000003,0.0,0.0,16.0,25903.0
2026-07-30T18:57:28.577Z,18.06,18.072,0.0,7.4,0.0,0.0,0.0,0.0,0.0,0.0,0.0,0.0,1.0,0.0,0.0,0.0,9.0,4.0,0.0,0.0,0.0,0.0,0.0,0.0,0.0,0.0,2.0,12.0,1.0,12.2,5.0200000000000005,2.5,1.49,0.0,0.0,0.0,301.1,0.0,-0.3,0.0,0.4,95.8,0.0,0.0,264.2,0.0,20.5,24.9,24.9,26.5,300.0,300.0,29.200000000000003,32.1,28.0,27.200000000000003,29.1,4.96,2.0,4.97,0.16,0.0,0.0,1027.0,8228.0,0.0,0.0,0.0,0.0,0.0,1.0,0.0,0.0,0.0,0.0,0.0,-0.4,0.0,-0.3,0.0,0.0,16.0,25903.0
2026-07-30T18:57:28.588Z,18.071,18.084,0.0,7.4,0.0,0.0,0.0,0.0,0.0,0.0,0.0,0.0,1.0,0.0,0.0,0.0,9.0,4.0,0.0,0.0,0.0,0.0,0.0,0.0,0.0,0.0,3.0,12.0,1.0,12.2,5.0200000000000005,2.5,1.49,0.0,0.0,0.0,301.1,0.0,0.2,0.6000000000000001,0.4,95.8,0.0,0.0,264.2,0.0,20.5,24.9,24.9,26.5,300.0,300.0,29.200000000000003,32.1,28.0,27.200000000000003,29.1,4.96,1.99,4.97,0.16,0.0,0.0,1027.0,8228.0,0.0,0.0,0.0,0.0,0.0,1.0,0.0,0.0,0.0,0.0,0.0,-0.3,0.0,-1.0,0.0,0.0,16.0,25903.0
2026-07-30T18:57:28.600Z,18.083,18.096,0.0,7.4,0.0,0.0,0.0,0.0,0.0,0.0,0.0,0.0,1.0,0.0,0.0,0.0,9.0,4.0,0.0,0.0,0.0,0.0,0.0,0.0,0.0,0.0,2.0,12.0,1.0,12.2,5.0200000000000005,2.5,1.49,0.0,0.0,0.0,301.1,0.0,-0.2,0.6000000000000001,-0.1,95.8,0.0,0.0,264.2,0.0,20.5,24.9,24.9,26.5,300.0,300.0,29.200000000000003,32.1,28.0,27.200000000000003,29.1,4.95,1.99,4.97,0.16,0.0,0.0,1027.0,8228.0,0.0,0.0,0.0,0.0,0.0,1.0,0.0,0.0,0.0,0.0,0.0,0.2,0.0,-0.6000000000000001,0.0,0.0,16.0,25903.0
2026-07-30T18:57:28.613Z,18.096,18.108,0.0,7.4,0.0,0.0,0.0,0.0,0.0,0.0,0.0,0.0,1.0,0.0,0.0,0.0,9.0,4.0,0.0,0.0,0.0,0.0,0.0,0.0,0.0,0.0,4.0,12.0,1.0,12.2,5.0200000000000005,2.5,1.49,0.0,0.0,0.0,301.1,0.0,-0.2,-0.5,0.3,95.8,0.0,0.0,264.2,0.0,20.5,24.9,24.9,26.5,300.0,300.0,29.200000000000003,32.1,28.0,27.200000000000003,29.1,4.96,1.99,4.96,0.16,0.0,0.0,1027.0,8228.0,0.0,0.0,0.0,0.0,0.0,1.0,0.0,0.0,0.0,0.0,0.0,-0.4,0.0,0.3,0.0,0.0,16.0,25903.0
2026-07-30T18:57:28.625Z,18.108,18.12,0.0,7.4,0.0,0.0,0.0,0.0,0.0,0.0,0.0,0.0,1.0,0.0,0.0,0.0,9.0,4.0,0.0,0.0,0.0,0.0,0.0,0.0,0.0,0.0,5.0,12.0,1.0,12.2,5.0200000000000005,2.5,1.49,0.0,0.1,0.0,301.1,0.0,-0.8,-0.5,-0.7000000000000001,95.8,0.0,0.0,264.2,0.0,20.5,24.9,24.9,26.5,300.0,300.0,29.200000000000003,32.1,28.0,27.200000000000003,29.1,4.96,1.99,4.96,0.16,0.0,0.0,1027.0,8228.0,0.0,0.0,0.0,0.0,0.0,1.0,0.0,0.0,0.0,0.0,0.0,0.6000000000000001,0.0,1.1,0.0,0.0,16.0,25903.0
2026-07-30T18:57:28.636Z,18.119,18.132,0.0,7.4,0.0,0.0,0.0,0.0,0.0,0.0,0.0,0.0,1.0,0.0,0.0,0.0,9.0,4.0,0.0,0.0,0.0,0.0,0.0,0.0,0.0,0.0,6.0,12.0,1.0,12.2,5.0200000000000005,2.5,1.49,0.0,0.0,0.0,301.1,0.0,0.3,-0.5,-0.7000000000000001,95.8,0.0,0.0,264.2,0.0,20.5,24.9,24.9,26.5,300.0,300.0,29.200000000000003,32.1,28.0,27.200000000000003,29.1,4.95,1.99,4.96,0.16,0.0,0.0,1027.0,8228.0,0.0,0.0,0.0,0.0,0.0,1.0,0.0,0.0,0.0,0.0,0.0,0.6000000000000001,0.0,1.1,0.0,0.0,16.0,25903.0
2026-07-30T18:57:28.648Z,18.131,18.144,0.0,7.4,0.0,0.0,0.0,0.0,0.0,0.0,0.0,0.0,1.0,0.0,0.0,0.0,9.0,4.0,0.0,0.0,0.0,0.0,0.0,0.0,0.0,0.0,1.0,12.0,1.0,12.2,5.0200000000000005,2.5,1.49,0.0,0.0,0.0,301.1,0.0,-0.2,-0.5,0.4,95.8,0.0,0.0,264.2,0.0,20.5,24.9,24.9,26.5,300.0,300.0,29.200000000000003,32.1,28.0,27.200000000000003,29.1,4.96,1.99,4.97,0.16,0.0,0.0,1027.0,8228.0,0.0,0.0,0.0,0.0,0.0,1.0,0.0,0.0,0.0,0.0,0.0,-0.4,0.0,-0.3,0.0,0.0,16.0,25903.0
2026-07-30T18:57:28.661Z,18.144,18.156,0.0,7.4,0.0,0.0,0.0,0.0,0.0,0.0,0.0,0.0,1.0,0.0,0.0,0.0,9.0,4.0,0.0,0.0,0.0,0.0,0.0,0.0,0.0,0.0,2.0,12.0,1.0,12.15,5.01,2.5,1.49,0.0,0.0,0.0,301.1,0.0,-0.2,-0.5,-0.1,95.8,0.0,0.0,264.2,0.0,21.700000000000003,24.9,24.9,26.5,300.0,300.0,29.3,32.2,28.0,27.200000000000003,29.1,4.95,1.99,4.96,0.16,0.0,0.0,1027.0,8228.0,0.0,0.0,0.0,0.0,0.0,1.0,0.0,0.0,0.0,0.0,0.0,0.0,0.0,0.7000000000000001,0.0,0.0,16.0,25903.0
2026-07-30T18:57:28.672Z,18.155,18.168,0.0,7.4,0.0,0.0,0.0,0.0,0.0,0.0,0.0,0.0,1.0,0.0,0.0,0.0,9.0,4.0,0.0,0.0,0.0,0.0,0.0,0.0,0.0,0.0,3.0,12.0,1.0,12.15,5.01,2.5,1.49,0.0,0.0,0.0,301.1,0.0,0.2,0.5,0.0,95.8,0.0,0.0,264.2,0.0,21.700000000000003,24.9,24.9,26.5,300.0,300.0,29.3,32.2,28.0,27.200000000000003,29.1,4.95,1.98,4.97,0.16,0.0,0.0,1027.0,8228.0,0.0,0.0,0.0,0.0,0.0,1.0,0.0,0.0,0.0,0.0,0.0,-0.9,0.0,-1.3,0.0,0.0,16.0,25903.0
2026-07-30T18:57:28.685Z,18.168,18.18,0.0,7.4,0.0,0.0,0.0,0.0,0.0,0.0,0.0,0.0,1.0,0.0,0.0,0.0,9.0,4.0,0.0,0.0,0.0,0.0,0.0,0.0,0.0,0.0,5.0,12.0,1.0,12.15,5.01,2.5,1.49,0.0,0.0,0.0,301.1,0.0,0.8,1.1,0.0,95.8,0.0,0.0,264.2,0.0,21.700000000000003,24.9,24.9,26.5,300.0,300.0,29.3,32.2,28.0,27.200000000000003,29.1,4.95,1.99,4.97,0.16,0.0,0.0,1027.0,8228.0,0.0,0.0,0.0,0.0,0.0,1.0,0.0,0.0,0.0,0.0,0.0,0.2,0.0,-1.2000000000000002,0.0,0.0,16.0,25903.0
2026-07-30T18:57:28.696Z,18.179,18.192,0.0,7.4,0.0,0.0,0.0,0.0,0.0,0.0,0.0,0.0,1.0,0.0,0.0,0.0,9.0,4.0,0.0,0.0,0.0,0.0,0.0,0.0,0.0,0.0,6.0,12.0,1.0,12.15,5.01,2.5,1.49,0.0,0.0,0.0,301.2,0.0,-0.2,-1.1,-0.1,95.8,0.0,0.0,264.3,0.0,21.700000000000003,24.9,24.9,26.5,300.0,300.0,29.3,32.2,28.0,27.200000000000003,29.1,4.96,1.99,4.96,0.17,0.0,0.0,1027.0,8228.0,0.0,0.0,0.0,0.0,0.0,1.0,0.0,0.0,0.0,0.0,0.0,0.0,0.0,1.3,0.0,0.0,16.0,25903.0
2026-07-30T18:57:28.708Z,18.191,18.204,0.0,7.4,0.0,0.0,0.0,0.0,0.0,0.0,0.0,0.0,1.0,0.0,0.0,0.0,9.0,4.0,0.0,0.0,0.0,0.0,0.0,0.0,0.0,0.0,1.0,12.0,1.0,12.15,5.01,2.5,1.49,0.0,0.0,0.0,301.1,0.0,0.3,-1.1,0.0,95.8,0.0,0.0,264.2,0.0,21.700000000000003,24.9,24.9,26.5,300.0,300.0,29.3,32.2,28.0,27.200000000000003,29.1,4.95,1.99,4.97,0.17,0.0,0.0,1027.0,8228.0,0.0,0.0,0.0,0.0,0.0,1.0,0.0,0.0,0.0,0.0,0.0,0.0,0.0,1.3,0.0,0.0,16.0,25903.0
2026-07-30T18:57:28.720Z,18.203,18.216,0.0,7.4,0.0,0.0,0.0,0.0,0.0,0.0,0.0,0.0,1.0,0.0,0.0,0.0,9.0,4.0,0.0,0.0,0.0,0.0,0.0,0.0,0.0,0.0,2.0,12.0,1.0,12.15,5.01,2.5,1.49,0.0,0.0,0.0,301.1,0.0,0.3,0.0,0.0,95.8,0.0,0.0,264.2,0.0,21.700000000000003,24.9,24.9,26.5,300.0,300.0,29.3,32.2,28.0,27.200000000000003,29.1,4.95,1.99,4.97,0.16,0.0,0.0,1027.0,8228.0,0.0,0.0,0.0,0.0,0.0,1.0,0.0,0.0,0.0,0.0,0.0,0.0,0.0,0.0,0.0,0.0,16.0,25903.0
2026-07-30T18:57:28.732Z,18.215,18.228,0.0,7.4,0.0,0.0,0.0,0.0,0.0,0.0,0.0,0.0,1.0,0.0,0.0,0.0,9.0,4.0,0.0,0.0,0.0,0.0,0.0,0.0,0.0,0.0,3.0,12.0,1.0,12.15,5.01,2.5,1.49,0.0,0.0,0.0,301.1,0.0,0.9,0.5,0.5,95.8,0.0,0.0,264.2,0.0,21.700000000000003,24.9,24.9,26.5,300.0,300.0,29.3,32.2,28.0,27.200000000000003,29.1,4.95,1.99,4.97,0.16,0.0,0.0,1027.0,8228.0,0.0,0.0,0.0,0.0,0.0,1.0,0.0,0.0,0.0,0.0,0.0,-0.4,0.0,-1.0,0.0,0.0,16.0,25903.0
2026-07-30T18:57:28.744Z,18.227,18.24,0.0,7.4,0.0,0.0,0.0,0.0,0.0,0.0,0.0,0.0,1.0,0.0,0.0,0.0,9.0,4.0,0.0,0.0,0.0,0.0,0.0,0.0,0.0,0.0,5.0,12.0,1.0,12.15,5.01,2.5,1.49,0.0,0.0,0.0,301.1,0.0,-0.2,0.0,1.1,95.8,0.0,0.0,264.2,0.0,21.700000000000003,24.9,24.9,26.5,300.0,300.0,29.3,32.2,28.0,27.200000000000003,29.1,4.95,1.99,4.96,0.16,0.0,0.0,1027.0,8228.0,0.0,0.0,0.0,0.0,0.0,1.0,0.0,0.0,0.0,0.0,0.0,-1.0,0.0,-0.7000000000000001,0.0,0.0,16.0,25903.0
2026-07-30T18:57:28.756Z,18.239,18.252,0.0,7.4,0.0,0.0,0.0,0.0,0.0,0.0,0.0,0.0,1.0,0.0,0.0,0.0,9.0,4.0,0.0,0.0,0.0,0.0,0.0,0.0,0.0,0.0,6.0,12.0,1.0,12.15,5.01,2.5,1.49,0.0,0.0,0.0,301.1,0.0,0.9,0.0,0.5,95.8,0.0,0.0,264.2,0.0,21.700000000000003,24.9,24.9,26.5,300.0,300.0,29.3,32.2,28.0,27.200000000000003,29.1,4.95,1.99,4.97,0.16,0.0,0.0,1027.0,8228.0,0.0,0.0,0.0,0.0,0.0,1.0,0.0,0.0,0.0,0.0,0.0,-0.4,0.0,-0.3,0.0,0.0,16.0,25903.0
2026-07-30T18:57:28.768Z,18.251,18.264,0.0,7.4,0.0,0.0,0.0,0.0,0.0,0.0,0.0,0.0,1.0,0.0,0.0,0.0,9.0,4.0,0.0,0.0,0.0,0.0,0.0,0.0,0.0,0.0,1.0,12.0,1.0,12.17,5.0200000000000005,2.51,1.49,0.0,0.0,0.0,301.1,0.0,-0.8,0.0,-0.6000000000000001,95.8,0.0,0.0,264.3,0.0,21.8,25.0,25.0,26.5,300.0,300.0,29.4,32.2,27.9,27.200000000000003,29.1,4.95,2.0,4.96,0.16,0.0,0.0,1027.0,8228.0,0.0,0.0,0.0,0.0,0.0,1.0,0.0,0.0,0.0,0.0,0.0,0.5,0.0,0.4,0.0,0.0,16.0,25903.0
2026-07-30T18:57:28.781Z,18.264,18.276,0.0,7.4,0.0,0.0,0.0,0.0,0.0,0.0,0.0,0.0,1.0,0.0,0.0,0.0,9.0,4.0,0.0,0.0,0.0,0.0,0.0,0.0,0.0,0.0,2.0,12.0,1.0,12.17,5.0200000000000005,2.51,1.49,0.0,0.0,0.0,301.1,0.0,-0.2,1.1,0.0,95.8,0.0,0.0,264.2,0.0,21.8,25.0,25.0,26.5,300.0,300.0,29.4,32.2,27.9,27.200000000000003,29.1,4.96,1.99,4.96,0.16,0.0,0.0,1027.0,8228.0,0.0,0.0,0.0,0.0,0.0,1.0,0.0,0.0,0.0,0.0,0.0,0.1,0.0,-1.3,0.0,0.0,16.0,25903.0
2026-07-30T18:57:28.793Z,18.276,18.288,0.0,7.4,0.0,0.0,0.0,0.0,0.0,0.0,0.0,0.0,1.0,0.0,0.0,0.0,9.0,4.0,0.0,0.0,0.0,0.0,0.0,0.0,0.0,0.0,2.0,12.0,1.0,12.17,5.0200000000000005,2.51,1.49,0.0,0.0,0.0,301.1,0.0,-0.2,0.6000000000000001,1.1,95.8,0.0,0.0,264.2,0.0,21.8,25.0,25.0,26.5,300.0,300.0,29.4,32.2,27.9,27.200000000000003,29.1,4.95,1.99,4.97,0.16,0.0,0.0,1027.0,8228.0,0.0,0.0,0.0,0.0,0.0,1.0,0.0,0.0,0.0,0.0,0.0,-0.9,0.0,-1.4,0.0,0.0,16.0,25903.0
2026-07-30T18:57:28.805Z,18.288,18.3,0.0,7.4,0.0,0.0,0.0,0.0,0.0,0.0,0.0,0.0,1.0,0.0,0.0,0.0,9.0,4.0,0.0,0.0,0.0,0.0,0.0,0.0,0.0,0.0,3.0,12.0,1.0,12.17,5.0200000000000005,2.51,1.49,0.0,0.0,0.0,301.1,0.0,0.9,0.0,0.0,95.8,0.0,0.0,264.2,0.0,21.8,25.0,25.0,26.5,300.0,300.0,29.4,32.2,27.9,27.200000000000003,29.1,4.96,1.99,4.96,0.16,0.0,0.0,1027.0,8228.0,0.0,0.0,0.0,0.0,0.0,1.0,0.0,0.0,0.0,0.0,0.0,0.0,0.0,0.0,0.0,0.0,16.0,25903.0
2026-07-30T18:57:28.817Z,18.3,18.312,0.0,7.4,0.0,0.0,0.0,0.0,0.0,0.0,0.0,0.0,1.0,0.0,0.0,0.0,9.0,4.0,0.0,0.0,0.0,0.0,0.0,0.0,0.0,0.0,4.0,12.0,1.0,12.17,5.0200000000000005,2.51,1.49,0.0,0.0,0.0,301.1,0.0,0.9,0.5,-0.6000000000000001,95.8,0.0,0.0,264.2,0.0,21.8,25.0,25.0,26.5,300.0,300.0,29.4,32.2,27.9,27.200000000000003,29.1,4.96,1.99,4.96,0.16,0.0,0.0,1027.0,8228.0,0.0,0.0,0.0,0.0,0.0,1.0,0.0,0.0,0.0,0.0,0.0,0.6000000000000001,0.0,-0.2,0.0,0.0,16.0,25903.0
2026-07-30T18:57:28.828Z,18.311,18.324,0.0,7.4,0.0,0.0,0.0,0.0,0.0,0.0,0.0,0.0,1.0,0.0,0.0,0.0,9.0,4.0,0.0,0.0,0.0,0.0,0.0,0.0,0.0,0.0,5.0,12.0,1.0,12.17,5.0200000000000005,2.51,1.49,0.0,0.0,0.0,301.1,0.0,0.3,0.6000000000000001,0.0,95.8,0.0,0.0,264.2,0.0,21.8,25.0,25.0,26.5,300.0,300.0,29.4,32.2,27.9,27.200000000000003,29.1,4.96,1.99,4.96,0.16,0.0,0.0,1027.0,8228.0,0.0,0.0,0.0,0.0,0.0,1.0,0.0,0.0,0.0,0.0,0.0,0.1,0.0,-0.6000000000000001,0.0,0.0,16.0,25903.0
2026-07-30T18:57:28.841Z,18.324,18.336,0.0,7.4,0.0,0.0,0.0,0.0,0.0,0.0,0.0,0.0,1.0,0.0,0.0,0.0,9.0,4.0,0.0,0.0,0.0,0.0,0.0,0.0,0.0,0.0,6.0,12.0,1.0,12.17,5.0200000000000005,2.51,1.49,0.0,0.0,0.0,301.1,0.0,-0.2,-0.5,-0.1,95.8,0.0,0.0,264.2,0.0,21.8,25.0,25.0,26.5,300.0,300.0,29.4,32.2,27.9,27.200000000000003,29.1,4.95,1.99,4.96,0.16,0.0,0.0,1027.0,8228.0,0.0,0.0,0.0,0.0,0.0,1.0,0.0,0.0,0.0,0.0,0.0,0.0,0.0,0.7000000000000001,0.0,0.0,16.0,25903.0
2026-07-30T18:57:28.853Z,18.336,18.348,0.0,7.4,0.0,0.0,0.0,0.0,0.0,0.0,0.0,0.0,1.0,0.0,0.0,0.0,9.0,4.0,0.0,0.0,0.0,0.0,0.0,0.0,0.0,0.0,6.0,12.0,1.0,12.17,5.0200000000000005,2.51,1.49,0.0,0.1,0.0,301.1,0.0,-0.2,0.0,-0.7000000000000001,95.8,0.0,0.0,264.2,0.0,21.8,25.0,25.0,26.5,300.0,300.0,29.4,32.2,27.9,27.200000000000003,29.1,4.96,1.99,4.96,0.16,0.0,0.0,1027.0,8228.0,0.0,0.0,0.0,0.0,0.0,1.0,0.0,0.0,0.0,0.0,0.0,0.7000000000000001,0.0,0.4,0.0,0.0,16.0,25903.0
2026-07-30T18:57:28.866Z,18.349,18.36,0.0,7.4,0.0,0.0,0.0,0.0,0.0,0.0,0.0,0.0,1.0,0.0,0.0,0.0,9.0,4.0,0.0,0.0,0.0,0.0,0.0,0.0,0.0,0.0,1.0,12.0,1.0,12.14,5.01,2.5,1.5,0.0,0.0,0.0,301.1,0.0,0.8,1.1,0.9,95.8,0.0,0.0,264.2,0.0,21.4,25.0,25.0,26.6,300.0,300.0,29.4,32.2,27.9,27.200000000000003,29.1,4.96,1.99,4.97,0.16,0.0,0.0,1027.0,8228.0,0.0,0.0,0.0,0.0,0.0,1.0,0.0,0.0,0.0,0.0,0.0,-0.7000000000000001,0.0,-1.9,0.0,0.0,16.0,25903.0
2026-07-30T18:57:28.877Z,18.36,18.372,0.0,7.4,0.0,0.0,0.0,0.0,0.0,0.0,0.0,0.0,1.0,0.0,0.0,0.0,9.0,4.0,0.0,0.0,0.0,0.0,0.0,0.0,0.0,0.0,2.0,12.0,1.0,12.14,5.01,2.5,1.5,0.0,0.1,0.0,301.1,0.0,0.8,0.0,0.3,95.8,0.0,0.0,264.3,0.0,21.4,25.0,25.0,26.6,300.0,300.0,29.4,32.2,27.9,27.200000000000003,29.1,4.95,2.0,4.97,0.16,0.0,0.0,1027.0,8228.0,0.0,0.0,0.0,0.0,0.0,1.0,0.0,0.0,0.0,0.0,0.0,-0.3,0.0,-0.2,0.0,0.0,16.0,25903.0
2026-07-30T18:57:28.890Z,18.373,18.384,0.0,7.4,0.0,0.0,0.0,0.0,0.0,0.0,0.0,0.0,1.0,0.0,0.0,0.0,9.0,4.0,0.0,0.0,0.0,0.0,0.0,0.0,0.0,0.0,3.0,12.0,1.0,12.14,5.01,2.5,1.5,0.0,0.0,0.0,301.1,0.0,0.2,-0.5,0.3,95.8,0.0,0.0,264.2,0.0,21.4,25.0,25.0,26.6,300.0,300.0,29.4,32.2,27.9,27.200000000000003,29.1,4.96,2.0,4.96,0.16,0.0,0.0,1027.0,8228.0,0.0,0.0,0.0,0.0,0.0,1.0,0.0,0.0,0.0,0.0,0.0,-0.4,0.0,0.4,0.0,0.0,16.0,25903.0
2026-07-30T18:57:28.900Z,18.383,18.396,0.0,7.4,0.0,0.0,0.0,0.0,0.0,0.0,0.0,0.0,1.0,0.0,0.0,0.0,9.0,4.0,0.0,0.0,0.0,0.0,0.0,0.0,0.0,0.0,4.0,12.0,1.0,12.14,5.01,2.5,1.5,0.0,0.0,0.0,301.1,0.0,0.2,0.0,0.3,95.8,0.0,0.0,264.2,0.0,21.4,25.0,25.0,26.6,300.0,300.0,29.4,32.2,27.9,27.200000000000003,29.1,4.95,2.0,4.96,0.16,0.0,0.0,1027.0,8228.0,0.0,0.0,0.0,0.0,0.0,1.0,0.0,0.0,0.0,0.0,0.0,-0.3,0.0,-0.1,0.0,0.0,16.0,25903.0
2026-07-30T18:57:28.912Z,18.395,18.408,0.0,7.4,0.0,0.0,0.0,0.0,0.0,0.0,0.0,0.0,1.0,0.0,0.0,0.0,9.0,4.0,0.0,0.0,0.0,0.0,0.0,0.0,0.0,0.0,4.0,12.0,1.0,12.14,5.01,2.5,1.5,0.0,0.0,0.0,301.0,0.0,-0.9,0.5,-0.7000000000000001,95.8,0.0,0.0,264.2,0.0,21.4,25.0,25.0,26.6,300.0,300.0,29.4,32.2,27.9,27.200000000000003,29.1,4.95,1.99,4.97,0.17,0.0,0.0,1027.0,8228.0,0.0,0.0,0.0,0.0,0.0,1.0,0.0,0.0,0.0,0.0,0.0,0.8,0.0,0.0,0.0,0.0,16.0,25903.0
2026-07-30T18:57:28.925Z,18.408,18.42,0.0,7.4,0.0,0.0,0.0,0.0,0.0,0.0,0.0,0.0,1.0,0.0,0.0,0.0,9.0,4.0,0.0,0.0,0.0,0.0,0.0,0.0,0.0,0.0,6.0,12.0,1.0,12.14,5.01,2.5,1.5,0.0,0.0,0.0,301.1,0.0,-0.3,0.0,-0.7000000000000001,95.8,0.0,0.0,264.2,0.0,21.4,25.0,25.0,26.6,300.0,300.0,29.4,32.2,27.9,27.200000000000003,29.1,4.95,1.99,4.97,0.16,0.0,0.0,1027.0,8228.0,0.0,0.0,0.0,0.0,0.0,1.0,0.0,0.0,0.0,0.0,0.0,0.7000000000000001,0.0,0.6000000000000001,0.0,0.0,16.0,25903.0
2026-07-30T18:57:28.936Z,18.419,18.432,0.0,7.4,0.0,0.0,0.0,0.0,0.0,0.0,0.0,0.0,1.0,0.0,0.0,0.0,9.0,4.0,0.0,0.0,0.0,0.0,0.0,0.0,0.0,0.0,1.0,12.0,1.0,12.14,5.01,2.5,1.5,0.0,0.0,0.0,301.1,0.0,-0.9,0.4,-0.7000000000000001,95.8,0.0,0.0,264.2,0.0,21.4,25.0,25.0,26.6,300.0,300.0,29.4,32.2,27.9,27.200000000000003,29.1,4.96,1.99,4.96,0.16,0.0,0.0,1027.0,8228.0,0.0,0.0,0.0,0.0,0.0,1.0,0.0,0.0,0.0,0.0,0.0,0.8,0.0,0.0,0.0,0.0,16.0,25903.0
2026-07-30T18:57:28.949Z,18.432,18.444,0.0,7.4,0.0,0.0,0.0,0.0,0.0,0.0,0.0,0.0,1.0,0.0,0.0,0.0,9.0,4.0,0.0,0.0,0.0,0.0,0.0,0.0,0.0,0.0,1.0,12.0,1.0,12.14,5.01,2.5,1.5,0.0,0.0,0.0,301.1,0.0,0.8,-0.6000000000000001,-0.8,95.8,0.0,0.0,264.2,0.0,21.4,25.0,25.0,26.6,300.0,300.0,29.4,32.2,27.9,27.200000000000003,29.1,4.95,2.0,4.97,0.16,0.0,0.0,1027.0,8228.0,0.0,0.0,0.0,0.0,0.0,1.0,0.0,0.0,0.0,0.0,0.0,0.6000000000000001,0.0,1.3,0.0,0.0,16.0,25903.0
2026-07-30T18:57:28.961Z,18.444,18.456,0.0,7.4,0.0,0.0,0.0,0.0,0.0,0.0,0.0,0.0,1.0,0.0,0.0,0.0,9.0,4.0,0.0,0.0,0.0,0.0,0.0,0.0,0.0,0.0,3.0,12.0,1.0,12.14,5.01,2.5,1.5,0.0,0.0,0.0,301.1,0.0,0.2,0.0,0.9,95.8,0.0,0.0,264.2,0.0,21.4,25.0,25.0,26.6,300.0,300.0,29.4,32.2,27.9,27.200000000000003,29.1,4.95,1.99,4.96,0.16,0.0,0.0,1027.0,8228.0,0.0,0.0,0.0,0.0,0.0,1.0,0.0,0.0,0.0,0.0,0.0,-0.9,0.0,-0.5,0.0,0.0,16.0,25903.0
2026-07-30T18:57:28.973Z,18.456,18.468,0.0,7.4,0.0,0.0,0.0,0.0,0.0,0.0,0.0,0.0,1.0,0.0,0.0,0.0,9.0,4.0,0.0,0.0,0.0,0.0,0.0,0.0,0.0,0.0,4.0,12.0,1.0,12.17,5.01,2.5,1.49,0.0,0.0,0.0,301.1,0.0,0.2,1.0,-0.7000000000000001,95.8,0.0,0.0,264.2,0.0,20.9,25.0,25.0,26.6,300.0,300.0,29.3,32.2,27.9,27.200000000000003,29.1,4.96,2.0,4.96,0.16,0.0,0.0,1027.0,8228.0,0.0,0.0,0.0,0.0,0.0,1.0,0.0,0.0,0.0,0.0,0.0,0.7000000000000001,0.0,-0.7000000000000001,0.0,0.0,16.0,25903.0
2026-07-30T18:57:28.985Z,18.468,18.48,0.0,7.4,0.0,0.0,0.0,0.0,0.0,0.0,0.0,0.0,1.0,0.0,0.0,0.0,9.0,4.0,0.0,0.0,0.0,0.0,0.0,0.0,0.0,0.0,5.0,12.0,1.0,12.17,5.01,2.5,1.49,0.0,0.0,0.0,301.1,0.0,-0.3,0.0,1.0,95.8,0.0,0.0,264.2,0.0,20.9,25.0,25.0,26.6,300.0,300.0,29.3,32.2,27.9,27.200000000000003,29.1,4.95,2.0,4.96,0.16,0.0,0.0,1027.0,8228.0,0.0,0.0,0.0,0.0,0.0,1.0,0.0,0.0,0.0,0.0,0.0,-0.9,0.0,-0.6000000000000001,0.0,0.0,16.0,25903.0
2026-07-30T18:57:28.997Z,18.48,18.492,0.0,7.4,0.0,0.0,0.0,0.0,0.0,0.0,0.0,0.0,1.0,0.0,0.0,0.0,9.0,4.0,0.0,0.0,0.0,0.0,0.0,0.0,0.0,0.0,6.0,12.0,1.0,12.17,5.01,2.5,1.49,0.0,0.0,0.0,301.1,0.0,0.2,-1.2000000000000002,-0.1,95.8,0.0,0.0,264.2,0.0,20.9,25.0,25.0,26.6,300.0,300.0,29.3,32.2,27.9,27.200000000000003,29.1,4.95,1.99,4.96,0.16,0.0,0.0,1027.0,8228.0,0.0,0.0,0.0,0.0,0.0,1.0,0.0,0.0,0.0,0.0,0.0,0.0,0.0,1.5,0.0,0.0,16.0,25903.0
2026-07-30T18:57:29.009Z,18.492,18.504,0.0,7.4,0.0,0.0,0.0,0.0,0.0,0.0,0.0,0.0,1.0,0.0,0.0,0.0,9.0,4.0,0.0,0.0,0.0,0.0,0.0,0.0,0.0,0.0,1.0,12.0,1.0,12.17,5.01,2.5,1.49,0.0,0.0,0.0,301.1,0.0,0.2,0.5,-0.7000000000000001,95.8,0.0,0.0,264.2,0.0,20.9,25.0,25.0,26.6,300.0,300.0,29.3,32.2,27.9,27.200000000000003,29.1,4.95,2.0,4.96,0.16,0.0,0.0,1027.0,8228.0,0.0,0.0,0.0,0.0,0.0,1.0,0.0,0.0,0.0,0.0,0.0,0.7000000000000001,0.0,-2.0,0.0,0.0,16.0,25903.0
2026-07-30T18:57:29.020Z,18.503,18.516,0.0,7.4,0.0,0.0,0.0,0.0,0.0,0.0,0.0,0.0,1.0,0.0,0.0,0.0,9.0,4.0,0.0,0.0,0.0,0.0,0.0,0.0,0.0,0.0,2.0,12.0,1.0,12.17,5.01,2.5,1.49,0.0,0.0,0.0,301.0,0.0,0.2,1.7000000000000002,-0.1,95.8,0.0,0.0,264.2,0.0,20.9,25.0,25.0,26.6,300.0,300.0,29.3,32.2,27.9,27.200000000000003,29.1,4.96,1.99,4.96,0.16,0.0,0.0,1027.0,8228.0,0.0,0.0,0.0,0.0,0.0,1.0,0.0,0.0,0.0,0.0,0.0,0.0,0.0,0.7000000000000001,0.0,0.0,16.0,25903.0
2026-07-30T18:57:29.032Z,18.515,18.528,0.0,7.4,0.0,0.0,0.0,0.0,0.0,0.0,0.0,0.0,1.0,0.0,0.0,0.0,9.0,4.0,0.0,0.0,0.0,0.0,0.0,0.0,0.0,0.0,3.0,12.0,1.0,12.17,5.01,2.5,1.49,0.0,0.0,0.0,301.1,0.0,-0.3,-1.2000000000000002,-1.2000000000000002,95.8,0.0,0.0,264.2,0.0,20.9,25.0,25.0,26.6,300.0,300.0,29.3,32.2,27.9,27.200000000000003,29.1,4.95,1.99,4.97,0.16,0.0,0.0,1027.0,8228.0,0.0,0.0,0.0,0.0,0.0,1.0,0.0,0.0,0.0,0.0,0.0,0.1,0.0,0.1,0.0,0.0,16.0,25903.0
2026-07-30T18:57:29.044Z,18.527,18.54,0.0,7.4,0.0,0.0,0.0,0.0,0.0,0.0,0.0,0.0,1.0,0.0,0.0,0.0,9.0,4.0,0.0,0.0,0.0,0.0,0.0,0.0,0.0,0.0,4.0,12.0,1.0,12.17,5.01,2.5,1.49,0.0,0.0,0.0,301.1,0.0,-0.9,-0.6000000000000001,-0.1,95.8,0.0,0.0,264.2,0.0,20.9,25.0,25.0,26.6,300.0,300.0,29.3,32.2,27.9,27.200000000000003,29.1,4.96,1.99,4.96,0.16,0.0,0.0,1027.0,8228.0,0.0,0.0,0.0,0.0,0.0,1.0,0.0,0.0,0.0,0.0,0.0,0.6000000000000001,0.0,0.5,0.0,0.0,16.0,25903.0
2026-07-30T18:57:29.056Z,18.539,18.552,0.0,7.4,0.0,0.0,0.0,0.0,0.0,0.0,0.0,0.0,1.0,0.0,0.0,0.0,9.0,4.0,0.0,0.0,0.0,0.0,0.0,0.0,0.0,0.0,5.0,12.0,1.0,12.17,5.01,2.5,1.49,0.0,0.0,0.0,301.1,0.0,0.1,1.0,1.0,95.8,0.0,0.0,264.2,0.0,20.9,25.0,25.0,26.6,300.0,300.0,29.3,32.2,27.9,27.200000000000003,29.1,4.96,1.99,4.96,0.16,0.0,0.0,1027.0,8228.0,0.0,0.0,0.0,0.0,0.0,1.0,0.0,0.0,0.0,0.0,0.0,-0.8,0.0,-1.9,0.0,0.0,16.0,25903.0
2026-07-30T18:57:29.070Z,18.553,18.564,0.0,7.4,0.0,0.0,0.0,0.0,0.0,0.0,0.0,0.0,1.0,0.0,0.0,0.0,9.0,4.0,0.0,0.0,0.0,0.0,0.0,0.0,0.0,0.0,1.0,12.0,1.0,12.17,5.01,2.51,1.49,0.0,0.0,0.0,301.1,0.0,0.1,0.5,-0.1,95.8,0.0,0.0,264.2,0.0,21.3,25.1,25.1,26.6,300.0,300.0,29.4,32.2,27.9,27.200000000000003,29.1,4.95,1.99,4.96,0.16,0.0,0.0,1027.0,8228.0,0.0,0.0,0.0,0.0,0.0,1.0,0.0,0.0,0.0,0.0,0.0,0.2,0.0,-0.4,0.0,0.0,16.0,25903.0
2026-07-30T18:57:29.081Z,18.564,18.576,0.0,7.4,0.0,0.0,0.0,0.0,0.0,0.0,0.0,0.0,1.0,0.0,0.0,0.0,9.0,4.0,0.0,0.0,0.0,0.0,0.0,0.0,0.0,0.0,2.0,12.0,1.0,12.17,5.01,2.51,1.49,0.0,0.0,0.0,301.1,0.0,-1.0,-1.2000000000000002,0.3,95.8,0.0,0.0,264.40000000000003,0.0,21.3,25.1,25.1,26.6,300.0,300.0,29.4,32.2,27.9,27.200000000000003,29.1,4.95,1.99,4.97,0.16,0.0,0.0,1027.0,8228.0,0.0,0.0,0.0,0.0,0.0,1.0,0.0,0.0,0.0,0.0,0.0,1.7000000000000002,0.0,2.7,0.0,0.0,16.0,25903.0
2026-07-30T18:57:29.093Z,18.576,18.588,0.0,7.4,0.0,0.0,0.0,0.0,0.0,0.0,0.0,0.0,1.0,0.0,0.0,0.0,9.0,4.0,0.0,0.0,0.0,0.0,0.0,0.0,0.0,0.0,3.0,12.0,1.0,12.17,5.01,2.51,1.49,0.0,0.1,0.0,301.1,0.0,0.1,-0.6000000000000001,0.3,95.8,0.0,0.0,264.2,0.0,21.3,25.1,25.1,26.6,300.0,300.0,29.4,32.2,27.9,27.200000000000003,29.1,4.96,1.99,4.96,0.16,0.0,0.0,1027.0,8228.0,0.0,0.0,0.0,0.0,0.0,1.0,0.0,0.0,0.0,0.0,0.0,-0.4,0.0,0.5,0.0,0.0,16.0,25903.0
2026-07-30T18:57:29.104Z,18.587,18.6,0.0,7.4,0.0,0.0,0.0,0.0,0.0,0.0,0.0,0.0,1.0,0.0,0.0,0.0,9.0,4.0,0.0,0.0,0.0,0.0,0.0,0.0,0.0,0.0,2.0,12.0,1.0,12.17,5.01,2.51,1.49,0.0,0.0,0.0,301.1,0.0,-0.4,0.0,-0.7000000000000001,95.8,0.0,0.0,264.2,0.0,21.3,25.1,25.1,26.6,300.0,300.0,29.4,32.2,27.9,27.200000000000003,29.1,4.96,1.99,4.97,0.16,0.0,0.0,1027.0,8228.0,0.0,0.0,0.0,0.0,0.0,1.0,0.0,0.0,0.0,0.0,0.0,0.6000000000000001,0.0,0.5,0.0,0.0,16.0,25903.0
2026-07-30T18:57:29.117Z,18.6,18.612,0.0,7.4,0.0,0.0,0.0,0.0,0.0,0.0,0.0,0.0,1.0,0.0,0.0,0.0,9.0,4.0,0.0,0.0,0.0,0.0,0.0,0.0,0.0,0.0,4.0,12.0,1.0,12.17,5.01,2.51,1.49,0.0,0.0,0.0,301.1,0.0,-1.0,-0.5,0.4,95.8,0.0,0.0,264.2,0.0,21.3,25.1,25.1,26.6,300.0,300.0,29.4,32.2,27.9,27.200000000000003,29.1,4.95,1.99,4.97,0.16,0.0,0.0,1027.0,8228.0,0.0,0.0,0.0,0.0,0.0,1.0,0.0,0.0,0.0,0.0,0.0,-0.4,0.0,0.3,0.0,0.0,16.0,25903.0
2026-07-30T18:57:29.128Z,18.611,18.624,0.0,7.4,0.0,0.0,0.0,0.0,0.0,0.0,0.0,0.0,1.0,0.0,0.0,0.0,9.0,4.0,0.0,0.0,0.0,0.0,0.0,0.0,0.0,0.0,5.0,12.0,1.0,12.17,5.01,2.51,1.49,0.0,0.0,0.0,301.1,0.0,-0.4,-0.5,-0.2,95.8,0.0,0.0,264.2,0.0,21.3,25.1,25.1,26.6,300.0,300.0,29.4,32.2,27.9,27.200000000000003,29.1,4.96,1.99,4.96,0.16,0.0,0.0,1027.0,8228.0,0.0,0.0,0.0,0.0,0.0,1.0,0.0,0.0,0.0,0.0,0.0,0.1,0.0,0.7000000000000001,0.0,0.0,16.0,25903.0
2026-07-30T18:57:29.140Z,18.623,18.636,0.0,7.4,0.0,0.0,0.0,0.0,0.0,0.0,0.0,0.0,1.0,0.0,0.0,0.0,9.0,4.0,0.0,0.0,0.0,0.0,0.0,0.0,0.0,0.0,6.0,12.0,1.0,12.17,5.01,2.51,1.49,0.0,0.0,0.0,301.1,0.0,-0.9,-1.7000000000000002,-0.7000000000000001,95.8,0.0,0.0,264.2,0.0,21.3,25.1,25.1,26.6,300.0,300.0,29.4,32.2,27.9,27.200000000000003,29.1,4.95,2.0,4.96,0.16,0.0,0.0,1027.0,8228.0,0.0,0.0,0.0,0.0,0.0,1.0,0.0,0.0,0.0,0.0,0.0,0.4,0.0,2.4000000000000004,0.0,0.0,16.0,25903.0
2026-07-30T18:57:29.153Z,18.636,18.648,0.0,7.4,0.0,0.0,0.0,0.0,0.0,0.0,0.0,0.0,1.0,0.0,0.0,0.0,9.0,4.0,0.0,0.0,0.0,0.0,0.0,0.0,0.0,0.0,2.0,12.0,1.0,12.17,5.01,2.51,1.49,0.0,0.0,0.0,301.1,0.0,0.2,0.0,1.0,95.8,0.0,0.0,264.2,0.0,21.3,25.1,25.1,26.6,300.0,300.0,29.4,32.2,27.9,27.200000000000003,29.1,4.95,1.99,4.97,0.16,0.0,0.0,1027.0,8228.0,0.0,0.0,0.0,0.0,0.0,1.0,0.0,0.0,0.0,0.0,0.0,-0.9,0.0,-0.7000000000000001,0.0,0.0,16.0,25903.0
2026-07-30T18:57:29.165Z,18.648,18.66,0.0,7.4,0.0,0.0,0.0,0.0,0.0,0.0,0.0,0.0,1.0,0.0,0.0,0.0,9.0,4.0,0.0,0.0,0.0,0.0,0.0,0.0,0.0,0.0,3.0,12.0,1.0,12.17,5.01,2.51,1.49,0.0,0.0,0.0,301.1,0.0,-0.3,-0.5,-0.1,95.8,0.0,0.0,264.2,0.0,21.3,25.1,25.1,26.6,300.0,300.0,29.4,32.2,27.9,27.200000000000003,29.1,4.95,1.99,4.97,0.16,0.0,0.0,1027.0,8228.0,0.0,0.0,0.0,0.0,0.0,1.0,0.0,0.0,0.0,0.0,0.0,0.0,0.0,0.7000000000000001,0.0,0.0,16.0,25903.0
2026-07-30T18:57:29.176Z,18.659,18.672,0.0,7.4,0.0,0.0,0.0,0.0,0.0,0.0,0.0,0.0,1.0,0.0,0.0,0.0,9.0,4.0,0.0,0.0,0.0,0.0,0.0,0.0,0.0,0.0,4.0,12.0,1.0,12.14,5.01,2.51,1.49,0.0,0.0,0.0,301.1,0.0,0.1,0.6000000000000001,1.5,95.8,0.0,0.0,264.2,0.0,21.700000000000003,25.1,25.1,26.700000000000003,300.0,300.0,29.3,32.2,27.9,27.200000000000003,29.1,4.95,1.99,4.97,0.16,0.0,0.0,1027.0,8228.0,0.0,0.0,0.0,0.0,0.0,1.0,0.0,0.0,0.0,0.0,0.0,-1.4,0.0,-1.7000000000000002,0.0,0.0,16.0,25903.0
2026-07-30T18:57:29.188Z,18.671,18.684,0.0,7.4,0.0,0.0,0.0,0.0,0.0,0.0,0.0,0.0,1.0,0.0,0.0,0.0,9.0,4.0,0.0,0.0,0.0,0.0,0.0,0.0,0.0,0.0,5.0,12.0,1.0,12.14,5.01,2.51,1.49,0.0,0.0,0.0,301.1,0.0,-0.9,-1.7000000000000002,-0.1,95.8,0.0,0.0,264.40000000000003,0.0,21.700000000000003,25.1,25.1,26.700000000000003,300.0,300.0,29.3,32.2,27.9,27.200000000000003,29.1,4.95,1.99,4.97,0.16,0.0,0.0,1027.0,8228.0,0.0,0.0,0.0,0.0,0.0,1.0,0.0,0.0,0.0,0.0,0.0,1.0,0.0,2.8000000000000003,0.0,0.0,16.0,25903.0
2026-07-30T18:57:29.200Z,18.683,18.696,0.0,7.4,0.0,0.0,0.0,0.0,0.0,0.0,0.0,0.0,1.0,0.0,0.0,0.0,9.0,4.0,0.0,0.0,0.0,0.0,0.0,0.0,0.0,0.0,6.0,12.0,1.0,12.14,5.01,2.51,1.49,0.0,0.0,0.0,301.1,0.0,-0.3,-0.5,-0.7000000000000001,95.8,0.0,0.0,264.2,0.0,21.700000000000003,25.1,25.1,26.700000000000003,300.0,300.0,29.3,32.2,27.9,27.200000000000003,29.1,4.95,1.99,4.97,0.16,0.0,0.0,1027.0,8228.0,0.0,0.0,0.0,0.0,0.0,1.0,0.0,0.0,0.0,0.0,0.0,0.6000000000000001,0.0,1.0,0.0,0.0,16.0,25903.0
2026-07-30T18:57:29.213Z,18.696,18.708,0.0,7.4,0.0,0.0,0.0,0.0,0.0,0.0,0.0,0.0,1.0,0.0,0.0,0.0,9.0,4.0,0.0,0.0,0.0,0.0,0.0,0.0,0.0,0.0,1.0,12.0,1.0,12.14,5.01,2.51,1.49,0.0,0.0,0.0,301.1,0.0,-0.8,0.0,-0.1,95.8,0.0,0.0,264.2,0.0,21.700000000000003,25.1,25.1,26.700000000000003,300.0,300.0,29.3,32.2,27.9,27.200000000000003,29.1,4.96,1.99,4.97,0.16,0.0,0.0,1027.0,8228.0,0.0,0.0,0.0,0.0,0.0,1.0,0.0,0.0,0.0,0.0,0.0,0.1,0.0,0.0,0.0,0.0,16.0,25903.0
2026-07-30T18:57:29.224Z,18.707,18.72,0.0,7.4,0.0,0.0,0.0,0.0,0.0,0.0,0.0,0.0,1.0,0.0,0.0,0.0,9.0,4.0,0.0,0.0,0.0,0.0,0.0,0.0,0.0,0.0,3.0,12.0,1.0,12.14,5.01,2.51,1.49,0.0,0.0,0.0,301.1,0.0,0.2,-0.5,-0.7000000000000001,95.8,0.0,0.0,264.2,0.0,21.700000000000003,25.1,25.1,26.700000000000003,300.0,300.0,29.3,32.2,27.9,27.200000000000003,29.1,4.95,1.99,4.96,0.16,0.0,0.0,1027.0,8228.0,0.0,0.0,0.0,0.0,0.0,1.0,0.0,0.0,0.0,0.0,0.0,0.6000000000000001,0.0,1.1,0.0,0.0,16.0,25903.0
2026-07-30T18:57:29.237Z,18.72,18.732,0.0,7.4,0.0,0.0,0.0,0.0,0.0,0.0,0.0,0.0,1.0,0.0,0.0,0.0,9.0,4.0,0.0,0.0,0.0,0.0,0.0,0.0,0.0,0.0,5.0,12.0,1.0,12.14,5.01,2.51,1.49,0.0,0.0,0.0,301.1,0.0,-0.8,-1.1,1.5,95.8,0.0,0.0,264.2,0.0,21.700000000000003,25.1,25.1,26.700000000000003,300.0,300.0,29.3,32.2,27.9,27.200000000000003,29.1,4.95,1.99,4.96,0.16,0.0,0.0,1027.0,8228.0,0.0,0.0,0.0,0.0,0.0,1.0,0.0,0.0,0.0,0.0,0.0,-1.6,0.0,0.1,0.0,0.0,16.0,25903.0
2026-07-30T18:57:29.248Z,18.731,18.744,0.0,7.4,0.0,0.0,0.0,0.0,0.0,0.0,0.0,0.0,1.0,0.0,0.0,0.0,9.0,4.0,0.0,0.0,0.0,0.0,0.0,0.0,0.0,0.0,6.0,12.0,1.0,12.14,5.01,2.51,1.49,0.0,0.0,0.0,301.1,0.0,-0.2,0.0,-0.7000000000000001,95.8,0.0,0.0,264.2,0.0,21.700000000000003,25.1,25.1,26.700000000000003,300.0,300.0,29.3,32.2,27.9,27.200000000000003,29.1,4.95,1.99,4.96,0.16,0.0,0.0,1027.0,8228.0,0.0,0.0,0.0,0.0,0.0,1.0,0.0,0.0,0.0,0.0,0.0,0.7000000000000001,0.0,0.4,0.0,0.0,16.0,25903.0
2026-07-30T18:57:29.261Z,18.744,18.756,0.0,7.4,0.0,0.0,0.0,0.0,0.0,0.0,0.0,0.0,1.0,0.0,0.0,0.0,9.0,4.0,0.0,0.0,0.0,0.0,0.0,0.0,0.0,0.0,2.0,12.0,1.0,12.14,5.01,2.51,1.49,0.0,0.0,0.0,301.1,0.0,-0.2,0.0,1.0,95.8,0.0,0.0,264.2,0.0,21.700000000000003,25.1,25.1,26.700000000000003,300.0,300.0,29.3,32.2,27.9,27.200000000000003,29.1,4.96,1.99,4.96,0.16,0.0,0.0,1027.0,8228.0,0.0,0.0,0.0,0.0,0.0,1.0,0.0,0.0,0.0,0.0,0.0,-0.9,0.0,-0.7000000000000001,0.0,0.0,16.0,25903.0
2026-07-30T18:57:29.274Z,18.757,18.768,0.0,7.4,0.0,0.0,0.0,0.0,0.0,0.0,0.0,0.0,1.0,0.0,0.0,0.0,9.0,4.0,0.0,0.0,0.0,0.0,0.0,0.0,0.0,0.0,3.0,12.0,1.0,12.19,5.0200000000000005,2.5,1.49,0.0,0.0,0.0,301.1,0.0,0.3,0.6000000000000001,0.9,95.8,0.0,0.0,264.2,0.0,21.3,25.1,25.1,26.700000000000003,300.0,300.0,29.4,32.2,27.9,27.200000000000003,29.1,4.95,1.99,4.96,0.16,0.0,0.0,1027.0,8228.0,0.0,0.0,0.0,0.0,0.0,1.0,0.0,0.0,0.0,0.0,0.0,-0.8,0.0,-1.4,0.0,0.0,16.0,25903.0
2026-07-30T18:57:29.284Z,18.767,18.78,0.0,7.4,0.0,0.0,0.0,0.0,0.0,0.0,0.0,0.0,1.0,0.0,0.0,0.0,9.0,4.0,0.0,0.0,0.0,0.0,0.0,0.0,0.0,0.0,4.0,12.0,1.0,12.19,5.0200000000000005,2.5,1.49,0.0,0.0,0.0,301.1,0.0,-0.2,-0.5,-0.7000000000000001,95.8,0.0,0.0,264.2,0.0,21.3,25.1,25.1,26.700000000000003,300.0,300.0,29.4,32.2,27.9,27.200000000000003,29.1,4.96,1.99,4.96,0.16,0.0,0.0,1027.0,8228.0,0.0,0.0,0.0,0.0,0.0,1.0,0.0,0.0,0.0,0.0,0.0,0.6000000000000001,0.0,1.1,0.0,0.0,16.0,25903.0
2026-07-30T18:57:29.296Z,18.779,18.792,0.0,7.4,0.0,0.0,0.0,0.0,0.0,0.0,0.0,0.0,1.0,0.0,0.0,0.0,9.0,4.0,0.0,0.0,0.0,0.0,0.0,0.0,0.0,0.0,6.0,12.0,1.0,12.19,5.0200000000000005,2.5,1.49,0.0,0.0,0.0,301.1,0.0,-0.2,-0.5,-0.8,95.8,0.0,0.0,264.2,0.0,21.3,25.1,25.1,26.700000000000003,300.0,300.0,29.4,32.2,27.9,27.200000000000003,29.1,4.96,1.99,4.97,0.16,0.0,0.0,1027.0,8228.0,0.0,0.0,0.0,0.0,0.0,1.0,0.0,0.0,0.0,0.0,0.0,0.7000000000000001,0.0,1.1,0.0,0.0,16.0,25903.0
2026-07-30T18:57:29.308Z,18.791,18.804,0.0,7.4,0.0,0.0,0.0,0.0,0.0,0.0,0.0,0.0,1.0,0.0,0.0,0.0,9.0,4.0,0.0,0.0,0.0,0.0,0.0,0.0,0.0,0.0,1.0,12.0,1.0,12.19,5.0200000000000005,2.5,1.49,0.0,0.0,0.0,301.1,0.0,0.3,1.1,-0.8,95.8,0.0,0.0,264.2,0.0,21.3,25.1,25.1,26.700000000000003,300.0,300.0,29.4,32.2,27.9,27.200000000000003,29.1,4.95,1.99,4.97,0.16,0.0,0.0,1027.0,8228.0,0.0,0.0,0.0,0.0,0.0,1.0,0.0,0.0,0.0,0.0,0.0,0.9,0.0,-0.7000000000000001,0.0,0.0,16.0,25903.0
2026-07-30T18:57:29.321Z,18.804,18.816,0.0,7.4,0.0,0.0,0.0,0.0,0.0,0.0,0.0,0.0,1.0,0.0,0.0,0.0,9.0,4.0,0.0,0.0,0.0,0.0,0.0,0.0,0.0,0.0,2.0,12.0,1.0,12.19,5.0200000000000005,2.5,1.49,0.0,0.0,0.0,301.1,0.0,-0.2,0.6000000000000001,0.3,95.8,0.0,0.0,264.2,0.0,21.3,25.1,25.1,26.700000000000003,300.0,300.0,29.4,32.2,27.9,27.200000000000003,29.1,4.95,1.99,4.97,0.16,0.0,0.0,1027.0,8228.0,0.0,0.0,0.0,0.0,0.0,1.0,0.0,0.0,0.0,0.0,0.0,-0.2,0.0,-0.9,0.0,0.0,16.0,25903.0
2026-07-30T18:57:29.332Z,18.815,18.828,0.0,7.4,0.0,0.0,0.0,0.0,0.0,0.0,0.0,0.0,1.0,0.0,0.0,0.0,9.0,4.0,0.0,0.0,0.0,0.0,0.0,0.0,0.0,0.0,2.0,12.0,1.0,12.19,5.0200000000000005,2.5,1.49,0.0,0.0,0.0,301.1,0.0,-0.2,0.0,-0.2,95.8,0.0,0.0,264.2,0.0,21.3,25.1,25.1,26.700000000000003,300.0,300.0,29.4,32.2,27.9,27.200000000000003,29.1,4.96,1.99,4.96,0.16,0.0,0.0,1027.0,8228.0,0.0,0.0,0.0,0.0,0.0,1.0,0.0,0.0,0.0,0.0,0.0,0.2,0.0,0.0,0.0,0.0,16.0,25903.0
2026-07-30T18:57:29.345Z,18.828,18.84,0.0,7.4,0.0,0.0,0.0,0.0,0.0,0.0,0.0,0.0,1.0,0.0,0.0,0.0,9.0,4.0,0.0,0.0,0.0,0.0,0.0,0.0,0.0,0.0,3.0,12.0,1.0,12.19,5.0200000000000005,2.5,1.49,0.0,0.1,0.0,301.1,0.0,0.2,1.1,-0.8,95.8,0.0,0.0,264.2,0.0,21.3,25.1,25.1,26.700000000000003,300.0,300.0,29.4,32.2,27.9,27.200000000000003,29.1,4.96,1.99,4.97,0.16,0.0,0.0,1027.0,8228.0,0.0,0.0,0.0,0.0,0.0,1.0,0.0,0.0,0.0,0.0,0.0,0.9,0.0,-0.8,0.0,0.0,16.0,25903.0
2026-07-30T18:57:29.357Z,18.84,18.852,0.0,7.4,0.0,0.0,0.0,0.0,0.0,0.0,0.0,0.0,1.0,0.0,0.0,0.0,9.0,4.0,0.0,0.0,0.0,0.0,0.0,0.0,0.0,0.0,5.0,12.0,1.0,12.19,5.0200000000000005,2.5,1.49,0.0,0.0,0.0,301.1,0.0,-0.2,0.0,-0.8,95.8,0.0,0.0,264.2,0.0,21.3,25.1,25.1,26.700000000000003,300.0,300.0,29.4,32.2,27.9,27.200000000000003,29.1,4.95,2.0,4.97,0.16,0.0,0.0,1027.0,8228.0,0.0,0.0,0.0,0.0,0.0,1.0,0.0,0.0,0.0,0.0,0.0,0.7000000000000001,0.0,0.4,0.0,0.0,16.0,25903.0
2026-07-30T18:57:29.368Z,18.851,18.864,0.0,7.4,0.0,0.0,0.0,0.0,0.0,0.0,0.0,0.0,1.0,0.0,0.0,0.0,9.0,4.0,0.0,0.0,0.0,0.0,0.0,0.0,0.0,0.0,6.0,12.0,1.0,12.19,5.0200000000000005,2.5,1.49,0.0,0.0,0.0,301.1,0.0,0.8,0.1,-0.7000000000000001,95.8,0.0,0.0,264.2,0.0,21.3,25.1,25.1,26.700000000000003,300.0,300.0,29.4,32.2,27.9,27.200000000000003,29.1,4.96,2.0,4.98,0.16,0.0,0.0,1027.0,8228.0,0.0,0.0,0.0,0.0,0.0,1.0,0.0,0.0,0.0,0.0,0.0,0.7000000000000001,0.0,0.4,0.0,0.0,16.0,25903.0
2026-07-30T18:57:29.381Z,18.864,18.876,0.0,7.4,0.0,0.0,0.0,0.0,0.0,0.0,0.0,0.0,1.0,0.0,0.0,0.0,9.0,4.0,0.0,0.0,0.0,0.0,0.0,0.0,0.0,0.0,2.0,12.0,1.0,12.15,5.0200000000000005,2.51,1.49,0.0,0.0,0.0,301.1,0.0,-0.2,0.6000000000000001,0.9,95.8,0.0,0.0,264.3,0.0,21.8,25.200000000000003,25.200000000000003,26.8,300.0,300.0,29.4,32.300000000000004,28.0,27.200000000000003,29.0,4.95,2.0,4.97,0.16,0.0,0.0,1027.0,8228.0,0.0,0.0,0.0,0.0,0.0,1.0,0.0,0.0,0.0,0.0,0.0,-0.8,0.0,-1.4,0.0,0.0,16.0,25903.0
2026-07-30T18:57:29.393Z,18.876,18.888,0.0,7.4,0.0,0.0,0.0,0.0,0.0,0.0,0.0,0.0,1.0,0.0,0.0,0.0,9.0,4.0,0.0,0.0,0.0,0.0,0.0,0.0,0.0,0.0,3.0,12.0,1.0,12.15,5.0200000000000005,2.51,1.49,0.0,0.0,0.0,301.1,0.0,-0.2,0.6000000000000001,0.3,95.8,0.0,0.0,264.2,0.0,21.8,25.200000000000003,25.200000000000003,26.8,300.0,300.0,29.4,32.300000000000004,28.0,27.200000000000003,29.0,4.95,1.99,4.97,0.16,0.0,0.0,1027.0,8228.0,0.0,0.0,0.0,0.0,0.0,1.0,0.0,0.0,0.0,0.0,0.0,-0.2,0.0,-1.0,0.0,0.0,16.0,25903.0
2026-07-30T18:57:29.405Z,18.888,18.9,0.0,7.4,0.0,0.0,0.0,0.0,0.0,0.0,0.0,0.0,1.0,0.0,0.0,0.0,9.0,4.0,0.0,0.0,0.0,0.0,0.0,0.0,0.0,0.0,4.0,12.0,1.0,12.15,5.0200000000000005,2.51,1.49,0.0,0.0,0.0,301.1,0.0,0.9,0.1,-0.2,95.8,0.0,0.0,264.2,0.0,21.8,25.200000000000003,25.200000000000003,26.8,300.0,300.0,29.4,32.300000000000004,28.0,27.200000000000003,29.0,4.95,1.99,4.97,0.16,0.0,0.0,1027.0,8228.0,0.0,0.0,0.0,0.0,0.0,1.0,0.0,0.0,0.0,0.0,0.0,0.2,0.0,0.0,0.0,0.0,16.0,25903.0
2026-07-30T18:57:29.417Z,18.9,18.912,0.0,7.4,0.0,0.0,0.0,0.0,0.0,0.0,0.0,0.0,1.0,0.0,0.0,0.0,9.0,4.0,0.0,0.0,0.0,0.0,0.0,0.0,0.0,0.0,4.0,12.0,1.0,12.15,5.0200000000000005,2.51,1.49,0.0,0.0,0.0,301.1,0.0,0.3,0.1,-0.2,95.8,0.0,0.0,264.2,0.0,21.8,25.200000000000003,25.200000000000003,26.8,300.0,300.0,29.4,32.300000000000004,28.0,27.200000000000003,29.0,4.96,1.99,4.96,0.16,0.0,0.0,1027.0,8228.0,0.0,0.0,0.0,0.0,0.0,1.0,0.0,0.0,0.0,0.0,0.0,0.2,0.0,0.0,0.0,0.0,16.0,25903.0
2026-07-30T18:57:29.428Z,18.911,18.924,0.0,7.4,0.0,0.0,0.0,0.0,0.0,0.0,0.0,0.0,1.0,0.0,0.0,0.0,9.0,4.0,0.0,0.0,0.0,0.0,0.0,0.0,0.0,0.0,5.0,12.0,1.0,12.15,5.0200000000000005,2.51,1.49,0.0,0.1,0.0,301.1,0.0,0.3,0.6000000000000001,-0.2,95.8,0.0,0.0,264.2,0.0,21.8,25.200000000000003,25.200000000000003,26.8,300.0,300.0,29.4,32.300000000000004,28.0,27.200000000000003,29.0,4.95,1.99,4.97,0.16,0.0,0.0,1027.0,8228.0,0.0,0.0,0.0,0.0,0.0,1.0,0.0,0.0,0.0,0.0,0.0,0.3,0.0,-0.5,0.0,0.0,16.0,25903.0
2026-07-30T18:57:29.440Z,18.923,18.936,0.0,7.4,0.0,0.0,0.0,0.0,0.0,0.0,0.0,0.0,1.0,0.0,0.0,0.0,9.0,4.0,0.0,0.0,0.0,0.0,0.0,0.0,0.0,0.0,1.0,12.0,1.0,12.15,5.0200000000000005,2.51,1.49,0.0,0.0,0.0,301.1,0.0,0.9,1.8,0.9,95.8,0.0,0.0,264.2,0.0,21.8,25.200000000000003,25.200000000000003,26.8,300.0,300.0,29.4,32.300000000000004,28.0,27.200000000000003,29.0,4.95,1.99,4.96,0.16,0.0,0.0,1027.0,8228.0,0.0,0.0,0.0,0.0,0.0,1.0,0.0,0.0,0.0,0.0,0.0,-0.6000000000000001,0.0,-2.7,0.0,0.0,16.0,25903.0
2026-07-30T18:57:29.452Z,18.935,18.948,0.0,7.4,0.0,0.0,0.0,0.0,0.0,0.0,0.0,0.0,1.0,0.0,0.0,0.0,9.0,4.0,0.0,0.0,0.0,0.0,0.0,0.0,0.0,0.0,2.0,12.0,1.0,12.15,5.0200000000000005,2.51,1.49,0.0,0.0,0.0,301.1,0.0,-0.2,0.1,-0.2,95.8,0.0,0.0,264.2,0.0,21.8,25.200000000000003,25.200000000000003,26.8,300.0,300.0,29.4,32.300000000000004,28.0,27.200000000000003,29.0,4.95,1.99,4.96,0.16,0.0,0.0,1027.0,8228.0,0.0,0.0,0.0,0.0,0.0,1.0,0.0,0.0,0.0,0.0,0.0,0.2,0.0,0.0,0.0,0.0,16.0,25903.0
2026-07-30T18:57:29.465Z,18.948,18.96,0.0,7.4,0.0,0.0,0.0,0.0,0.0,0.0,0.0,0.0,1.0,0.0,0.0,0.0,9.0,4.0,0.0,0.0,0.0,0.0,0.0,0.0,0.0,0.0,2.0,12.0,1.0,12.15,5.0200000000000005,2.51,1.49,0.0,0.0,0.0,301.1,0.0,0.3,-0.4,-0.8,95.8,0.0,0.0,264.2,0.0,21.8,25.200000000000003,25.200000000000003,26.8,300.0,300.0,29.4,32.300000000000004,28.0,27.200000000000003,29.0,4.95,1.99,4.97,0.16,0.0,0.0,1027.0,8228.0,0.0,0.0,0.0,0.0,0.0,1.0,0.0,0.0,0.0,0.0,0.0,0.7000000000000001,0.0,1.1,0.0,0.0,16.0,25903.0
2026-07-30T18:57:29.478Z,18.961,18.972,0.0,7.4,0.0,0.0,0.0,0.0,0.0,0.0,0.0,0.0,1.0,0.0,0.0,0.0,9.0,4.0,0.0,0.0,0.0,0.0,0.0,0.0,0.0,0.0,4.0,12.0,1.0,12.18,5.01,2.5,1.49,0.0,0.0,0.0,301.1,0.0,-0.2,-0.5,0.2,95.8,0.0,0.0,264.40000000000003,0.0,21.3,25.200000000000003,25.200000000000003,26.8,300.0,300.0,29.4,32.300000000000004,28.0,27.200000000000003,29.0,4.95,1.99,4.97,0.16,0.0,0.0,1027.0,8228.0,0.0,0.0,0.0,0.0,0.0,1.0,0.0,0.0,0.0,0.0,0.0,-0.3,0.0,0.4,0.0,0.0,16.0,25903.0
2026-07-30T18:57:29.488Z,18.971,18.984,0.0,7.4,0.0,0.0,0.0,0.0,0.0,0.0,0.0,0.0,1.0,0.0,0.0,0.0,9.0,4.0,0.0,0.0,0.0,0.0,0.0,0.0,0.0,0.0,5.0,12.0,1.0,12.18,5.01,2.5,1.49,0.0,0.0,0.0,301.1,0.0,0.2,0.0,-0.8,95.8,0.0,0.0,264.2,0.0,21.3,25.200000000000003,25.200000000000003,26.8,300.0,300.0,29.4,32.300000000000004,28.0,27.200000000000003,29.0,4.95,1.99,4.97,0.16,0.0,0.0,1027.0,8228.0,0.0,0.0,0.0,0.0,0.0,1.0,0.0,0.0,0.0,0.0,0.0,0.8,0.0,0.5,0.0,0.0,16.0,25903.0
2026-07-30T18:57:29.501Z,18.984,18.996,0.0,7.4,0.0,0.0,0.0,0.0,0.0,0.0,0.0,0.0,1.0,0.0,0.0,0.0,9.0,4.0,0.0,0.0,0.0,0.0,0.0,0.0,0.0,0.0,6.0,12.0,1.0,12.18,5.01,2.5,1.49,0.0,0.0,0.0,301.1,0.0,-0.3,1.1,0.3,95.8,0.0,0.0,264.3,0.0,21.3,25.200000000000003,25.200000000000003,26.8,300.0,300.0,29.4,32.300000000000004,28.0,27.200000000000003,29.0,4.96,1.99,4.97,0.16,0.0,0.0,1027.0,8228.0,0.0,0.0,0.0,0.0,0.0,1.0,0.0,0.0,0.0,0.0,0.0,-0.2,0.0,-1.6,0.0,0.0,16.0,25903.0
2026-07-30T18:57:29.513Z,18.996,19.008,0.0,7.4,0.0,0.0,0.0,0.0,0.0,0.0,0.0,0.0,1.0,0.0,0.0,0.0,9.0,4.0,0.0,0.0,0.0,0.0,0.0,0.0,0.0,0.0,1.0,12.0,1.0,12.18,5.01,2.5,1.49,0.0,0.0,0.0,301.1,0.0,-0.3,-0.5,0.3,95.8,0.0,0.0,264.2,0.0,21.3,25.200000000000003,25.200000000000003,26.8,300.0,300.0,29.4,32.300000000000004,28.0,27.200000000000003,29.0,4.95,1.99,4.96,0.16,0.0,0.0,1027.0,8228.0,0.0,0.0,0.0,0.0,0.0,1.0,0.0,0.0,0.0,0.0,0.0,-0.3,0.0,0.4,0.0,0.0,16.0,25903.0
2026-07-30T18:57:29.524Z,19.007,19.02,0.0,7.4,0.0,0.0,0.0,0.0,0.0,0.0,0.0,0.0,1.0,0.0,0.0,0.0,9.0,4.0,0.0,0.0,0.0,0.0,0.0,0.0,0.0,0.0,1.0,12.0,1.0,12.18,5.01,2.5,1.49,0.0,0.0,0.0,301.1,0.0,0.2,-0.5,-0.8,95.8,0.0,0.0,264.2,0.0,21.3,25.200000000000003,25.200000000000003,26.8,300.0,300.0,29.4,32.300000000000004,28.0,27.200000000000003,29.0,4.96,1.99,4.96,0.16,0.0,0.0,1027.0,8228.0,0.0,0.0,0.0,0.0,0.0,1.0,0.0,0.0,0.0,0.0,0.0,0.7000000000000001,0.0,-0.6000000000000001,0.0,0.0,16.0,25903.0
2026-07-30T18:57:29.537Z,19.02,19.032,0.0,7.4,0.0,0.0,0.0,0.0,0.0,0.0,0.0,0.0,1.0,0.0,0.0,0.0,9.0,4.0,0.0,0.0,0.0,0.0,0.0,0.0,0.0,0.0,3.0,12.0,1.0,12.18,5.01,2.5,1.49,0.0,0.0,0.0,301.1,0.0,-0.2,0.0,0.3,95.8,0.0,0.0,264.2,0.0,21.3,25.200000000000003,25.200000000000003,26.8,300.0,300.0,29.4,32.300000000000004,28.0,27.200000000000003,29.0,4.96,2.0,4.96,0.16,0.0,0.0,1027.0,8228.0,0.0,0.0,0.0,0.0,0.0,1.0,0.0,0.0,0.0,0.0,0.0,-0.6000000000000001,0.0,-2.6,0.0,0.0,16.0,25903.0
2026-07-30T18:57:29.549Z,19.032,19.044,0.0,7.4,0.0,0.0,0.0,0.0,0.0,0.0,0.0,0.0,1.0,0.0,0.0,0.0,9.0,4.0,0.0,0.0,0.0,0.0,0.0,0.0,0.0,0.0,4.0,12.0,1.0,12.18,5.01,2.5,1.49,0.0,0.0,0.0,301.1,0.0,0.2,0.0,-0.9,95.8,0.0,0.0,264.2,0.0,21.3,25.200000000000003,25.200000000000003,26.8,300.0,300.0,29.4,32.300000000000004,28.0,27.200000000000003,29.0,4.95,1.99,4.96,0.16,0.0,0.0,1027.0,8228.0,0.0,0.0,0.0,0.0,0.0,1.0,0.0,0.0,0.0,0.0,0.0,-0.1,0.0,-1.4,0.0,0.0,16.0,25903.0
2026-07-30T18:57:29.561Z,19.044,19.056,0.0,7.4,0.0,0.0,0.0,0.0,0.0,0.0,0.0,0.0,1.0,0.0,0.0,0.0,9.0,4.0,0.0,0.0,0.0,0.0,0.0,0.0,0.0,0.0,5.0,12.0,1.0,12.18,5.01,2.5,1.49,0.0,0.0,0.0,301.1,0.0,0.2,-0.5,-1.4,95.8,0.0,0.0,264.2,0.0,21.3,25.200000000000003,25.200000000000003,26.8,300.0,300.0,29.4,32.300000000000004,28.0,27.200000000000003,29.0,4.95,1.99,4.97,0.16,0.0,0.0,1027.0,8228.0,0.0,0.0,0.0,0.0,0.0,1.0,0.0,0.0,0.0,0.0,0.0,-1.2000000000000002,0.0,-1.6,0.0,0.0,16.0,25903.0
2026-07-30T18:57:29.572Z,19.055,19.068,0.0,7.4,0.0,0.0,0.0,0.0,0.0,0.0,0.0,0.0,1.0,0.0,0.0,0.0,9.0,4.0,0.0,0.0,0.0,0.0,0.0,0.0,0.0,0.0,6.0,12.0,1.0,12.18,5.01,2.5,1.49,0.0,0.0,0.0,301.1,0.0,-0.3,-1.1,-1.4,95.8,0.0,0.0,264.2,0.0,21.3,25.200000000000003,25.200000000000003,26.8,300.0,300.0,29.4,32.300000000000004,28.0,27.200000000000003,29.0,4.96,1.99,4.96,0.16,0.0,0.0,1027.0,8228.0,0.0,0.0,0.0,0.0,0.0,1.0,0.0,0.0,0.0,0.0,0.0,1.2000000000000002,0.0,2.3000000000000003,0.0,0.0,16.0,25903.0
2026-07-30T18:57:29.584Z,19.067,19.08,0.0,7.4,0.0,0.0,0.0,0.0,0.0,0.0,0.0,0.0,1.0,0.0,0.0,0.0,9.0,4.0,0.0,0.0,0.0,0.0,0.0,0.0,0.0,0.0,2.0,12.0,1.0,12.17,5.0200000000000005,2.51,1.49,0.0,0.0,0.0,301.1,0.0,-0.3,0.5,-0.2,95.8,0.0,0.0,264.2,0.0,21.4,25.3,25.3,26.8,300.0,300.0,29.4,32.2,27.9,27.200000000000003,29.0,4.96,1.99,4.97,0.17,0.0,0.0,1027.0,8228.0,0.0,0.0,0.0,0.0,0.0,1.0,0.0,0.0,0.0,0.0,0.0,0.2,0.0,-0.5,0.0,0.0,16.0,25903.0
2026-07-30T18:57:29.597Z,19.08,19.092,0.0,7.4,0.0,0.0,0.0,0.0,0.0,0.0,0.0,0.0,1.0,0.0,0.0,0.0,9.0,4.0,0.0,0.0,0.0,0.0,0.0,0.0,0.0,0.0,3.0,12.0,1.0,12.17,5.0200000000000005,2.51,1.49,0.0,0.0,0.0,301.1,0.0,0.2,0.0,-0.2,95.8,0.0,0.0,264.2,0.0,21.4,25.3,25.3,26.8,300.0,300.0,29.4,32.2,27.9,27.200000000000003,29.0,4.95,1.99,4.97,0.16,0.0,0.0,1027.0,8228.0,0.0,0.0,0.0,0.0,0.0,1.0,0.0,0.0,0.0,0.0,0.0,0.2,0.0,0.1,0.0,0.0,16.0,25903.0
2026-07-30T18:57:29.609Z,19.092,19.104,0.0,7.4,0.0,0.0,0.0,0.0,0.0,0.0,0.0,0.0,1.0,0.0,0.0,0.0,9.0,4.0,0.0,0.0,0.0,0.0,0.0,0.0,0.0,0.0,4.0,12.0,1.0,12.17,5.0200000000000005,2.51,1.49,0.0,0.0,0.0,301.1,0.0,0.8,-0.6000000000000001,-1.4,95.8,0.0,0.0,264.3,0.0,21.4,25.3,25.3,26.8,300.0,300.0,29.4,32.2,27.9,27.200000000000003,29.0,4.95,1.99,4.96,0.16,0.0,0.0,1027.0,8228.0,0.0,0.0,0.0,0.0,0.0,1.0,0.0,0.0,0.0,0.0,0.0,-0.8,0.0,-1.2000000000000002,0.0,0.0,16.0,25903.0
2026-07-30T18:57:29.621Z,19.104,19.116,0.0,7.4,0.0,0.0,0.0,0.0,0.0,0.0,0.0,0.0,1.0,0.0,0.0,0.0,9.0,4.0,0.0,0.0,0.0,0.0,0.0,0.0,0.0,0.0,5.0,12.0,1.0,12.17,5.0200000000000005,2.51,1.49,0.0,0.0,0.0,301.1,0.0,-0.3,-0.5,-0.2,95.8,0.0,0.0,264.2,0.0,21.4,25.3,25.3,26.8,300.0,300.0,29.4,32.2,27.9,27.200000000000003,29.0,4.95,1.99,4.96,0.16,0.0,0.0,1027.0,8228.0,0.0,0.0,0.0,0.0,0.0,1.0,0.0,0.0,0.0,0.0,0.0,0.1,0.0,0.8,0.0,0.0,16.0,25903.0
2026-07-30T18:57:29.633Z,19.116,19.128,0.0,7.4,0.0,0.0,0.0,0.0,0.0,0.0,0.0,0.0,1.0,0.0,0.0,0.0,9.0,4.0,0.0,0.0,0.0,0.0,0.0,0.0,0.0,0.0,6.0,12.0,1.0,12.17,5.0200000000000005,2.51,1.49,0.0,0.1,0.0,301.1,0.0,0.8,1.1,0.3,95.8,0.0,0.0,264.2,0.0,21.4,25.3,25.3,26.8,300.0,300.0,29.4,32.2,27.9,27.200000000000003,29.0,4.95,1.99,4.97,0.16,0.0,0.0,1027.0,8228.0,0.0,0.0,0.0,0.0,0.0,1.0,0.0,0.0,0.0,0.0,0.0,-0.2,0.0,-1.5,0.0,0.0,16.0,25903.0
2026-07-30T18:57:29.644Z,19.127,19.14,0.0,7.4,0.0,0.0,0.0,0.0,0.0,0.0,0.0,0.0,1.0,0.0,0.0,0.0,9.0,4.0,0.0,0.0,0.0,0.0,0.0,0.0,0.0,0.0,1.0,12.0,1.0,12.17,5.0200000000000005,2.51,1.49,0.0,0.1,0.0,301.1,0.0,-0.3,1.1,-0.1,95.8,0.0,0.0,264.2,0.0,21.4,25.3,25.3,26.8,300.0,300.0,29.4,32.2,27.9,27.200000000000003,29.0,4.95,1.99,4.97,0.16,0.0,0.0,1027.0,8228.0,0.0,0.0,0.0,0.0,0.0,1.0,0.0,0.0,0.0,0.0,0.0,0.3,0.0,-1.1,0.0,0.0,16.0,25903.0
2026-07-30T18:57:29.656Z,19.139,19.152,0.0,7.4,0.0,0.0,0.0,0.0,0.0,0.0,0.0,0.0,1.0,0.0,0.0,0.0,9.0,4.0,0.0,0.0,0.0,0.0,0.0,0.0,0.0,0.0,3.0,12.0,1.0,12.17,5.0200000000000005,2.51,1.49,0.0,0.0,0.0,301.1,0.0,-0.3,0.5,0.3,95.8,0.0,0.0,264.2,0.0,21.4,25.3,25.3,26.8,300.0,300.0,29.4,32.2,27.9,27.200000000000003,29.0,4.96,1.99,4.96,0.16,0.0,0.0,1027.0,8228.0,0.0,0.0,0.0,0.0,0.0,1.0,0.0,0.0,0.0,0.0,0.0,1.8,0.0,2.0,0.0,0.0,16.0,25903.0
2026-07-30T18:57:29.669Z,19.152,19.164,0.0,7.4,0.0,0.0,0.0,0.0,0.0,0.0,0.0,0.0,1.0,0.0,0.0,0.0,9.0,4.0,0.0,0.0,0.0,0.0,0.0,0.0,0.0,0.0,4.0,12.0,1.0,12.17,5.0200000000000005,2.51,1.49,0.0,0.0,0.0,301.1,0.0,-0.3,-1.2000000000000002,-0.8,95.8,0.0,0.0,264.2,0.0,21.4,25.3,25.3,26.8,300.0,300.0,29.4,32.2,27.9,27.200000000000003,29.0,4.95,1.99,4.97,0.16,0.0,0.0,1027.0,8228.0,0.0,0.0,0.0,0.0,0.0,1.0,0.0,0.0,0.0,0.0,0.0,0.6000000000000001,0.0,1.9,0.0,0.0,16.0,25903.0
2026-07-30T18:57:29.682Z,19.165,19.176,0.0,7.4,0.0,0.0,0.0,0.0,0.0,0.0,0.0,0.0,1.0,0.0,0.0,0.0,9.0,4.0,0.0,0.0,0.0,0.0,0.0,0.0,0.0,0.0,5.0,12.0,1.0,12.15,5.0200000000000005,2.5,1.49,0.0,0.0,0.0,301.1,0.0,-0.2,0.0,-0.8,95.8,0.0,0.0,264.2,0.0,21.200000000000003,25.3,25.3,26.9,300.0,300.0,29.4,32.2,27.9,27.200000000000003,29.0,4.95,1.99,4.97,0.16,0.0,0.0,1027.0,8228.0,0.0,0.0,0.0,0.0,0.0,1.0,0.0,0.0,0.0,0.0,0.0,0.7000000000000001,0.0,1.2000000000000002,0.0,0.0,16.0,25903.0
2026-07-30T18:57:29.693Z,19.176,19.188,0.0,7.4,0.0,0.0,0.0,0.0,0.0,0.0,0.0,0.0,1.0,0.0,0.0,0.0,9.0,4.0,0.0,0.0,0.0,0.0,0.0,0.0,0.0,0.0,6.0,12.0,1.0,12.15,5.0200000000000005,2.5,1.49,0.0,0.0,0.0,301.1,0.0,-0.3,1.1,0.3,95.8,0.0,0.0,264.3,0.0,21.200000000000003,25.3,25.3,26.9,300.0,300.0,29.4,32.2,27.9,27.200000000000003,29.0,4.96,1.99,4.97,0.16,0.0,0.0,1027.0,8228.0,0.0,0.0,0.0,0.0,0.0,1.0,0.0,0.0,0.0,0.0,0.0,-0.7000000000000001,0.0,-1.2000000000000002,0.0,0.0,16.0,25903.0
2026-07-30T18:57:29.705Z,19.188,19.2,0.0,7.4,0.0,0.0,0.0,0.0,0.0,0.0,0.0,0.0,1.0,0.0,0.0,0.0,9.0,4.0,0.0,0.0,0.0,0.0,0.0,0.0,0.0,0.0,1.0,12.0,1.0,12.15,5.0200000000000005,2.5,1.49,0.0,0.0,0.0,301.1,0.0,0.8,-0.5,0.9,95.8,0.0,0.0,264.2,0.0,21.200000000000003,25.3,25.3,26.9,300.0,300.0,29.4,32.2,27.9,27.200000000000003,29.0,4.95,1.99,4.97,0.16,0.0,0.0,1027.0,8228.0,0.0,0.0,0.0,0.0,0.0,1.0,0.0,0.0,0.0,0.0,0.0,-0.2,0.0,-0.2,0.0,0.0,16.0,25903.0
2026-07-30T18:57:29.720Z,19.203,19.212,0.0,7.4,0.0,0.0,0.0,0.0,0.0,0.0,0.0,0.0,1.0,0.0,0.0,0.0,9.0,4.0,0.0,0.0,0.0,0.0,0.0,0.0,0.0,0.0,2.0,12.0,1.0,12.15,5.0200000000000005,2.5,1.49,0.0,0.0,0.0,301.1,0.0,-0.8,0.0,-0.2,95.8,0.0,0.0,264.2,0.0,21.200000000000003,25.3,25.3,26.9,300.0,300.0,29.4,32.2,27.9,27.200000000000003,29.0,4.96,1.99,4.97,0.16,0.0,0.0,1027.0,8228.0,0.0,0.0,0.0,0.0,0.0,1.0,0.0,0.0,0.0,0.0,0.0,0.7000000000000001,0.0,0.5,0.0,0.0,16.0,25903.0
2026-07-30T18:57:29.729Z,19.212,19.224,0.0,7.4,0.0,0.0,0.0,0.0,0.0,0.0,0.0,0.0,1.0,0.0,0.0,0.0,9.0,4.0,0.0,0.0,0.0,0.0,0.0,0.0,0.0,0.0,2.0,12.0,1.0,12.15,5.0200000000000005,2.5,1.49,0.0,0.0,0.0,301.1,0.0,0.3,1.1,-1.4,95.8,0.0,0.0,264.2,0.0,21.200000000000003,25.3,25.3,26.9,300.0,300.0,29.4,32.2,27.9,27.200000000000003,29.0,4.96,1.99,4.96,0.16,0.0,0.0,1027.0,8228.0,0.0,0.0,0.0,0.0,0.0,1.0,0.0,0.0,0.0,0.0,0.0,1.5,0.0,-0.3,0.0,0.0,16.0,25903.0
2026-07-30T18:57:29.740Z,19.223,19.236,0.0,7.4,0.0,0.0,0.0,0.0,0.0,0.0,0.0,0.0,1.0,0.0,0.0,0.0,9.0,4.0,0.0,0.0,0.0,0.0,0.0,0.0,0.0,0.0,3.0,12.0,1.0,12.15,5.0200000000000005,2.5,1.49,0.0,0.0,0.0,301.1,0.0,0.3,1.1,-0.2,95.8,0.0,0.0,264.2,0.0,21.200000000000003,25.3,25.3,26.9,300.0,300.0,29.4,32.2,27.9,27.200000000000003,29.0,4.95,1.99,4.96,0.15,0.0,0.0,1027.0,8228.0,0.0,0.0,0.0,0.0,0.0,1.0,0.0,0.0,0.0,0.0,0.0,1.3,0.0,0.9,0.0,0.0,16.0,25903.0
2026-07-30T18:57:29.752Z,19.235,19.248,0.0,7.4,0.0,0.0,0.0,0.0,0.0,0.0,0.0,0.0,1.0,0.0,0.0,0.0,9.0,4.0,0.0,0.0,0.0,0.0,0.0,0.0,0.0,0.0,4.0,12.0,1.0,12.15,5.0200000000000005,2.5,1.49,0.0,0.0,0.0,301.1,0.0,0.9,1.1,0.8,95.8,0.0,0.0,264.2,0.0,21.200000000000003,25.3,25.3,26.9,300.0,300.0,29.4,32.2,27.9,27.200000000000003,29.0,4.95,1.99,4.97,0.16,0.0,0.0,1027.0,8228.0,0.0,0.0,0.0,0.0,0.0,1.0,0.0,0.0,0.0,0.0,0.0,-0.7000000000000001,0.0,-1.9,0.0,0.0,16.0,25903.0
2026-07-30T18:57:29.765Z,19.248,19.26,0.0,7.4,0.0,0.0,0.0,0.0,0.0,0.0,0.0,0.0,1.0,0.0,0.0,0.0,9.0,4.0,0.0,0.0,0.0,0.0,0.0,0.0,0.0,0.0,5.0,12.0,1.0,12.15,5.0200000000000005,2.5,1.49,0.0,0.0,0.0,301.1,0.0,-0.2,-0.5,-0.9,95.8,0.0,0.0,264.3,0.0,21.200000000000003,25.3,25.3,26.9,300.0,300.0,29.4,32.2,27.9,27.200000000000003,29.0,4.96,1.99,4.96,0.16,0.0,0.0,1027.0,8228.0,0.0,0.0,0.0,0.0,0.0,1.0,0.0,0.0,0.0,0.0,0.0,0.7000000000000001,0.0,1.2000000000000002,0.0,0.0,16.0,25903.0
2026-07-30T18:57:29.777Z,19.26,19.272,0.0,7.4,0.0,0.0,0.0,0.0,0.0,0.0,0.0,0.0,1.0,0.0,0.0,0.0,9.0,4.0,0.0,0.0,0.0,0.0,0.0,0.0,0.0,0.0,1.0,12.0,1.0,12.15,5.0200000000000005,2.5,1.49,0.0,0.0,0.0,301.1,0.0,-0.2,0.5,0.2,95.8,0.0,0.0,264.2,0.0,21.200000000000003,25.3,25.3,26.9,300.0,300.0,29.4,32.2,27.9,27.200000000000003,29.0,4.96,1.99,4.96,0.16,0.0,0.0,1027.0,8228.0,0.0,0.0,0.0,0.0,0.0,1.0,0.0,0.0,0.0,0.0,0.0,-0.2,0.0,-0.8,0.0,0.0,16.0,25903.0
2026-07-30T18:57:29.788Z,19.271,19.284,0.0,7.4,0.0,0.0,0.0,0.0,0.0,0.0,0.0,0.0,1.0,0.0,0.0,0.0,9.0,4.0,0.0,0.0,0.0,0.0,0.0,0.0,0.0,0.0,2.0,12.0,1.0,12.15,5.0200000000000005,2.51,1.49,0.0,0.0,0.0,301.1,0.0,0.3,0.5,1.4,95.8,0.0,0.0,264.3,0.0,21.200000000000003,25.3,25.3,26.9,300.0,300.0,29.4,32.300000000000004,27.9,27.200000000000003,29.1,4.95,1.99,4.96,0.16,0.0,0.0,1027.0,8228.0,0.0,0.0,0.0,0.0,0.0,1.0,0.0,0.0,0.0,0.0,0.0,-1.3,0.0,-1.6,0.0,0.0,16.0,25903.0
2026-07-30T18:57:29.801Z,19.284,19.296,0.0,7.4,0.0,0.0,0.0,0.0,0.0,0.0,0.0,0.0,1.0,0.0,0.0,0.0,9.0,4.0,0.0,0.0,0.0,0.0,0.0,0.0,0.0,0.0,2.0,12.0,1.0,12.15,5.0200000000000005,2.51,1.49,0.0,0.0,0.0,301.1,0.0,-0.2,0.5,-0.8,95.8,0.0,0.0,264.2,0.0,21.200000000000003,25.3,25.3,26.9,300.0,300.0,29.4,32.300000000000004,27.9,27.200000000000003,29.1,4.96,1.99,4.97,0.16,0.0,0.0,1027.0,8228.0,0.0,0.0,0.0,0.0,0.0,1.0,0.0,0.0,0.0,0.0,0.0,0.8,0.0,0.0,0.0,0.0,16.0,25903.0
2026-07-30T18:57:29.814Z,19.297,19.308,0.0,7.4,0.0,0.0,0.0,0.0,0.0,0.0,0.0,0.0,1.0,0.0,0.0,0.0,9.0,4.0,0.0,0.0,0.0,0.0,0.0,0.0,0.0,0.0,4.0,12.0,1.0,12.15,5.0200000000000005,2.51,1.49,0.0,0.0,0.0,301.1,0.0,0.3,0.5,0.3,95.8,0.0,0.0,264.2,0.0,21.200000000000003,25.3,25.3,26.9,300.0,300.0,29.4,32.300000000000004,27.9,27.200000000000003,29.1,4.96,1.99,4.96,0.16,0.0,0.0,1027.0,8228.0,0.0,0.0,0.0,0.0,0.0,1.0,0.0,0.0,0.0,0.0,0.0,-0.2,0.0,-0.9,0.0,0.0,16.0,25903.0
2026-07-30T18:57:29.824Z,19.307,19.32,0.0,7.4,0.0,0.0,0.0,0.0,0.0,0.0,0.0,0.0,1.0,0.0,0.0,0.0,9.0,4.0,0.0,0.0,0.0,0.0,0.0,0.0,0.0,0.0,4.0,12.0,1.0,12.15,5.0200000000000005,2.51,1.49,0.0,0.0,0.0,301.1,0.0,0.3,0.0,0.3,95.8,0.0,0.0,264.2,0.0,21.200000000000003,25.3,25.3,26.9,300.0,300.0,29.4,32.300000000000004,27.9,27.200000000000003,29.1,4.96,1.99,4.97,0.16,0.0,0.0,1027.0,8228.0,0.0,0.0,0.0,0.0,0.0,1.0,0.0,0.0,0.0,0.0,0.0,-0.3,0.0,-0.2,0.0,0.0,16.0,25903.0
2026-07-30T18:57:29.837Z,19.32,19.332,0.0,7.4,0.0,0.0,0.0,0.0,0.0,0.0,0.0,0.0,1.0,0.0,0.0,0.0,9.0,4.0,0.0,0.0,0.0,0.0,0.0,0.0,0.0,0.0,6.0,12.0,1.0,12.15,5.0200000000000005,2.51,1.49,0.0,0.0,0.0,301.1,0.0,-0.2,1.2000000000000002,-0.7000000000000001,95.8,0.0,0.0,264.2,0.0,21.200000000000003,25.3,25.3,26.9,300.0,300.0,29.4,32.300000000000004,27.9,27.200000000000003,29.1,4.95,1.99,4.97,0.16,0.0,0.0,1027.0,8228.0,0.0,0.0,0.0,0.0,0.0,1.0,0.0,0.0,0.0,0.0,0.0,0.8,0.0,-0.8,0.0,0.0,16.0,25903.0
2026-07-30T18:57:29.849Z,19.332,19.344,0.0,7.4,0.0,0.0,0.0,0.0,0.0,0.0,0.0,0.0,1.0,0.0,0.0,0.0,9.0,4.0,0.0,0.0,0.0,0.0,0.0,0.0,0.0,0.0,1.0,12.0,1.0,12.15,5.0200000000000005,2.51,1.49,0.0,0.0,0.0,301.1,0.0,0.3,-0.5,0.9,95.8,0.0,0.0,264.2,0.0,21.200000000000003,25.3,25.3,26.9,300.0,300.0,29.4,32.300000000000004,27.9,27.200000000000003,29.1,4.96,1.99,4.96,0.16,0.0,0.0,1027.0,8228.0,0.0,0.0,0.0,0.0,0.0,1.0,0.0,0.0,0.0,0.0,0.0,-0.9,0.0,0.0,0.0,0.0,16.0,25903.0
2026-07-30T18:57:29.861Z,19.344,19.356,0.0,7.4,0.0,0.0,0.0,0.0,0.0,0.0,0.0,0.0,1.0,0.0,0.0,0.0,9.0,4.0,0.0,0.0,0.0,0.0,0.0,0.0,0.0,0.0,2.0,12.0,1.0,12.15,5.0200000000000005,2.51,1.49,0.0,0.0,0.0,301.1,0.0,-0.2,-1.7000000000000002,-1.3,95.8,0.0,0.0,264.2,0.0,21.200000000000003,25.3,25.3,26.9,300.0,300.0,29.4,32.300000000000004,27.9,27.200000000000003,29.1,4.95,1.99,4.96,0.16,0.0,0.0,1027.0,8228.0,0.0,0.0,0.0,0.0,0.0,1.0,0.0,0.0,0.0,0.0,0.0,1.0,0.0,2.9000000000000004,0.0,0.0,16.0,25903.0
2026-07-30T18:57:29.873Z,19.356,19.368,0.0,7.4,0.0,0.0,0.0,0.0,0.0,0.0,0.0,0.0,1.0,0.0,0.0,0.0,9.0,4.0,0.0,0.0,0.0,0.0,0.0,0.0,0.0,0.0,3.0,12.0,1.0,12.15,5.0200000000000005,2.51,1.49,0.0,0.1,0.0,301.1,0.0,0.3,0.0,0.9,95.8,0.0,0.0,264.2,0.0,21.200000000000003,25.3,25.3,26.9,300.0,300.0,29.4,32.300000000000004,27.9,27.200000000000003,29.1,4.95,1.99,4.97,0.16,0.0,0.0,1027.0,8228.0,0.0,0.0,0.0,0.0,0.0,1.0,0.0,0.0,0.0,0.0,0.0,-0.8,0.0,-0.6000000000000001,0.0,0.0,16.0,25903.0
2026-07-30T18:57:29.885Z,19.368,19.38,0.0,7.4,0.0,0.0,0.0,0.0,0.0,0.0,0.0,0.0,1.0,0.0,0.0,0.0,9.0,4.0,0.0,0.0,0.0,0.0,0.0,0.0,0.0,0.0,5.0,12.0,1.0,12.17,5.0200000000000005,2.51,1.49,0.0,0.0,0.0,301.0,0.0,0.3,0.5,0.3,95.8,0.0,0.0,264.2,0.0,21.700000000000003,25.4,25.4,26.9,300.0,300.0,29.3,32.2,27.9,27.200000000000003,29.1,4.95,1.99,4.97,0.16,0.0,0.0,1027.0,8228.0,0.0,0.0,0.0,0.0,0.0,1.0,0.0,0.0,0.0,0.0,0.0,-0.2,0.0,-0.9,0.0,0.0,16.0,25903.0
2026-07-30T18:57:29.897Z,19.38,19.392,0.0,7.4,0.0,0.0,0.0,0.0,0.0,0.0,0.0,0.0,1.0,0.0,0.0,0.0,9.0,4.0,0.0,0.0,0.0,0.0,0.0,0.0,0.0,0.0,1.0,12.0,1.0,12.17,5.0200000000000005,2.51,1.49,0.0,0.0,0.0,301.0,0.0,0.3,-0.5,-0.7000000000000001,95.8,0.0,0.0,264.2,0.0,21.700000000000003,25.4,25.4,26.9,300.0,300.0,29.3,32.2,27.9,27.200000000000003,29.1,4.95,1.99,4.96,0.16,0.0,0.0,1027.0,8228.0,0.0,0.0,0.0,0.0,0.0,1.0,0.0,0.0,0.0,0.0,0.0,0.6000000000000001,0.0,1.1,0.0,0.0,16.0,25903.0
2026-07-30T18:57:29.908Z,19.391,19.404,0.0,7.4,0.0,0.0,0.0,0.0,0.0,0.0,0.0,0.0,1.0,0.0,0.0,0.0,9.0,4.0,0.0,0.0,0.0,0.0,0.0,0.0,0.0,0.0,2.0,12.0,1.0,12.17,5.0200000000000005,2.51,1.49,0.0,0.0,0.0,301.1,0.0,-0.2,0.6000000000000001,-0.2,95.8,0.0,0.0,264.2,0.0,21.700000000000003,25.4,25.4,26.9,300.0,300.0,29.3,32.2,27.9,27.200000000000003,29.1,4.95,1.99,4.97,0.16,0.0,0.0,1027.0,8228.0,0.0,0.0,0.0,0.0,0.0,1.0,0.0,0.0,0.0,0.0,0.0,0.2,0.0,-0.5,0.0,0.0,16.0,25903.0
2026-07-30T18:57:29.920Z,19.403,19.416,0.0,7.4,0.0,0.0,0.0,0.0,0.0,0.0,0.0,0.0,1.0,0.0,0.0,0.0,9.0,4.0,0.0,0.0,0.0,0.0,0.0,0.0,0.0,0.0,4.0,12.0,1.0,12.17,5.0200000000000005,2.51,1.49,0.0,0.0,0.0,301.1,0.0,-0.2,0.5,-0.2,95.8,0.0,0.0,264.3,0.0,21.700000000000003,25.4,25.4,26.9,300.0,300.0,29.3,32.2,27.9,27.200000000000003,29.1,4.95,1.99,4.96,0.16,0.0,0.0,1027.0,8228.0,0.0,0.0,0.0,0.0,0.0,1.0,0.0,0.0,0.0,0.0,0.0,0.2,0.0,-0.5,0.0,0.0,16.0,25903.0
2026-07-30T18:57:29.933Z,19.416,19.428,0.0,7.4,0.0,0.0,0.0,0.0,0.0,0.0,0.0,0.0,1.0,0.0,0.0,0.0,9.0,4.0,0.0,0.0,0.0,0.0,0.0,0.0,0.0,0.0,4.0,12.0,1.0,12.17,5.0200000000000005,2.51,1.49,0.0,0.0,0.0,301.1,0.0,-0.2,-0.5,-0.7000000000000001,95.8,0.0,0.0,264.2,0.0,21.700000000000003,25.4,25.4,26.9,300.0,300.0,29.3,32.2,27.9,27.200000000000003,29.1,4.96,2.0,4.96,0.16,0.0,0.0,1027.0,8228.0,0.0,0.0,0.0,0.0,0.0,1.0,0.0,0.0,0.0,0.0,0.0,0.6000000000000001,0.0,1.1,0.0,0.0,16.0,25903.0
2026-07-30T18:57:29.944Z,19.427,19.44,0.0,7.4,0.0,0.0,0.0,0.0,0.0,0.0,0.0,0.0,1.0,0.0,0.0,0.0,9.0,4.0,0.0,0.0,0.0,0.0,0.0,0.0,0.0,0.0,5.0,12.0,1.0,12.17,5.0200000000000005,2.51,1.49,0.0,0.0,0.0,301.1,0.0,0.3,0.6000000000000001,1.5,95.8,0.0,0.0,264.2,0.0,21.700000000000003,25.4,25.4,26.9,300.0,300.0,29.3,32.2,27.9,27.200000000000003,29.1,4.95,2.0,4.96,0.16,0.0,0.0,1027.0,8228.0,0.0,0.0,0.0,0.0,0.0,1.0,0.0,0.0,0.0,0.0,0.0,-1.4,0.0,-1.8,0.0,0.0,16.0,25903.0
2026-07-30T18:57:29.956Z,19.439,19.452,0.0,7.4,0.0,0.0,0.0,0.0,0.0,0.0,0.0,0.0,1.0,0.0,0.0,0.0,9.0,4.0,0.0,0.0,0.0,0.0,0.0,0.0,0.0,0.0,6.0,12.0,1.0,12.17,5.0200000000000005,2.51,1.49,0.0,0.0,0.0,301.1,0.0,-0.2,-1.0,-0.7000000000000001,95.8,0.0,0.0,264.2,0.0,21.700000000000003,25.4,25.4,26.9,300.0,300.0,29.3,32.2,27.9,27.200000000000003,29.1,4.95,1.99,4.97,0.16,0.0,0.0,1027.0,8228.0,0.0,0.0,0.0,0.0,0.0,1.0,0.0,0.0,0.0,0.0,0.0,0.5,0.0,1.7000000000000002,0.0,0.0,16.0,25903.0
2026-07-30T18:57:29.969Z,19.452,19.464,0.0,7.4,0.0,0.0,0.0,0.0,0.0,0.0,0.0,0.0,1.0,0.0,0.0,0.0,9.0,4.0,0.0,0.0,0.0,0.0,0.0,0.0,0.0,0.0,2.0,12.0,1.0,12.17,5.0200000000000005,2.51,1.49,0.0,0.0,0.0,301.1,0.0,-0.1,1.2000000000000002,1.0,95.8,0.0,0.0,264.2,0.0,21.700000000000003,25.4,25.4,26.9,300.0,300.0,29.3,32.2,27.9,27.200000000000003,29.1,4.95,1.99,4.96,0.16,0.0,0.0,1027.0,8228.0,0.0,0.0,0.0,0.0,0.0,1.0,0.0,0.0,0.0,0.0,0.0,-0.8,0.0,-2.1,0.0,0.0,16.0,25903.0
2026-07-30T18:57:29.981Z,19.464,19.476,0.0,7.4,0.0,0.0,0.0,0.0,0.0,0.0,0.0,0.0,1.0,0.0,0.0,0.0,9.0,4.0,0.0,0.0,0.0,0.0,0.0,0.0,0.0,0.0,3.0,12.0,1.0,12.17,5.0200000000000005,2.51,1.49,0.0,0.0,0.0,301.1,0.0,0.9,1.2000000000000002,-0.1,95.8,0.0,0.0,264.2,0.0,21.700000000000003,25.4,25.4,26.9,300.0,300.0,29.3,32.2,27.9,27.200000000000003,29.1,4.96,1.99,4.96,0.16,0.0,0.0,1027.0,8228.0,0.0,0.0,0.0,0.0,0.0,1.0,0.0,0.0,0.0,0.0,0.0,0.2,0.0,-1.3,0.0,0.0,16.0,25903.0
2026-07-30T18:57:29.993Z,19.476,19.488,0.0,7.4,0.0,0.0,0.0,0.0,0.0,0.0,0.0,0.0,1.0,0.0,0.0,0.0,9.0,4.0,0.0,0.0,0.0,0.0,0.0,0.0,0.0,0.0,4.0,12.0,1.0,12.15,5.0200000000000005,2.51,1.5,0.0,0.0,0.0,301.1,0.0,0.3,0.0,-1.3,95.8,0.0,0.0,264.2,0.0,21.4,25.4,25.4,27.0,300.0,300.0,29.3,32.2,27.9,27.200000000000003,29.1,4.95,1.99,4.96,0.16,0.0,0.0,1027.0,8228.0,0.0,0.0,0.0,0.0,0.0,1.0,0.0,0.0,0.0,0.0,0.0,1.2000000000000002,0.0,0.8,0.0,0.0,16.0,25903.0
2026-07-30T18:57:30.005Z,19.488,19.5,0.0,7.4,0.0,0.0,0.0,0.0,0.0,0.0,0.0,0.0,1.0,0.0,0.0,0.0,9.0,4.0,0.0,0.0,0.0,0.0,0.0,0.0,0.0,0.0,5.0,12.0,1.0,12.15,5.0200000000000005,2.51,1.5,0.0,0.0,0.0,301.1,0.0,0.3,0.6000000000000001,0.4,95.8,0.0,0.0,264.2,0.0,21.4,25.4,25.4,27.0,300.0,300.0,29.3,32.2,27.9,27.200000000000003,29.1,4.96,1.99,4.96,0.16,0.0,0.0,1027.0,8228.0,0.0,0.0,0.0,0.0,0.0,1.0,0.0,0.0,0.0,0.0,0.0,-0.3,0.0,-1.0,0.0,0.0,16.0,25903.0
2026-07-30T18:57:30.017Z,19.5,19.512,0.0,7.4,0.0,0.0,0.0,0.0,0.0,0.0,0.0,0.0,1.0,0.0,0.0,0.0,9.0,4.0,0.0,0.0,0.0,0.0,0.0,0.0,0.0,0.0,6.0,12.0,1.0,12.15,5.0200000000000005,2.51,1.5,0.0,0.0,0.0,301.1,0.0,-0.2,1.1,-0.1,95.8,0.0,0.0,264.2,0.0,21.4,25.4,25.4,27.0,300.0,300.0,29.3,32.2,27.9,27.200000000000003,29.1,4.96,1.99,4.96,0.16,0.0,0.0,1027.0,8228.0,0.0,0.0,0.0,0.0,0.0,1.0,0.0,0.0,0.0,0.0,0.0,0.2,0.0,-1.2000000000000002,0.0,0.0,16.0,25903.0
2026-07-30T18:57:30.029Z,19.512,19.524,0.0,7.4,0.0,0.0,0.0,0.0,0.0,0.0,0.0,0.0,1.0,0.0,0.0,0.0,9.0,4.0,0.0,0.0,0.0,0.0,0.0,0.0,0.0,0.0,1.0,12.0,1.0,12.15,5.0200000000000005,2.51,1.5,0.0,0.0,0.0,301.1,0.0,0.3,0.0,-0.1,95.8,0.0,0.0,264.2,0.0,21.4,25.4,25.4,27.0,300.0,300.0,29.3,32.2,27.9,27.200000000000003,29.1,4.95,1.99,4.96,0.16,0.0,0.0,1027.0,8228.0,0.0,0.0,0.0,0.0,0.0,1.0,0.0,0.0,0.0,0.0,0.0,0.1,0.0,0.0,0.0,0.0,16.0,25903.0
2026-07-30T18:57:30.041Z,19.524,19.536,0.0,7.4,0.0,0.0,0.0,0.0,0.0,0.0,0.0,0.0,1.0,0.0,0.0,0.0,9.0,4.0,0.0,0.0,0.0,0.0,0.0,0.0,0.0,0.0,1.0,12.0,1.0,12.15,5.0200000000000005,2.51,1.5,0.0,0.0,0.0,301.1,0.0,-0.2,-0.5,-1.4,95.8,0.0,0.0,264.2,0.0,21.4,25.4,25.4,27.0,300.0,300.0,29.3,32.2,27.9,27.200000000000003,29.1,4.95,1.99,4.97,0.16,0.0,0.0,1027.0,8228.0,0.0,0.0,0.0,0.0,0.0,1.0,0.0,0.0,0.0,0.0,0.0,1.2000000000000002,0.0,1.5,0.0,0.0,16.0,25903.0
2026-07-30T18:57:30.053Z,19.536,19.548,0.0,7.4,0.0,0.0,0.0,0.0,0.0,0.0,0.0,0.0,1.0,0.0,0.0,0.0,9.0,4.0,0.0,0.0,0.0,0.0,0.0,0.0,0.0,0.0,2.0,12.0,1.0,12.15,5.0200000000000005,2.51,1.5,0.0,0.0,0.0,301.1,0.0,0.3,-0.5,0.3,95.8,0.0,0.0,264.2,0.0,21.4,25.4,25.4,27.0,300.0,300.0,29.3,32.2,27.9,27.200000000000003,29.1,4.96,1.99,4.96,0.16,0.0,0.0,1027.0,8228.0,0.0,0.0,0.0,0.0,0.0,1.0,0.0,0.0,0.0,0.0,0.0,0.8,0.0,0.5,0.0,0.0,16.0,25903.0
2026-07-30T18:57:30.064Z,19.547,19.56,0.0,7.4,0.0,0.0,0.0,0.0,0.0,0.0,0.0,0.0,1.0,0.0,0.0,0.0,9.0,4.0,0.0,0.0,0.0,0.0,0.0,0.0,0.0,0.0,3.0,12.0,1.0,12.15,5.0200000000000005,2.51,1.5,0.0,0.0,0.0,301.1,0.0,-0.8,1.1,-0.3,95.8,0.0,0.0,264.2,0.0,21.4,25.4,25.4,27.0,300.0,300.0,29.3,32.2,27.9,27.200000000000003,29.1,4.96,1.99,4.97,0.16,0.0,0.0,1027.0,8228.0,0.0,0.0,0.0,0.0,0.0,1.0,0.0,0.0,0.0,0.0,0.0,1.3,0.0,1.6,0.0,0.0,16.0,25903.0
2026-07-30T18:57:30.076Z,19.559,19.572,0.0,7.4,0.0,0.0,0.0,0.0,0.0,0.0,0.0,0.0,1.0,0.0,0.0,0.0,9.0,4.0,0.0,0.0,0.0,0.0,0.0,0.0,0.0,0.0,4.0,12.0,1.0,12.15,5.0200000000000005,2.51,1.5,0.0,0.0,0.0,301.1,0.0,0.2,0.5,0.2,95.8,0.0,0.0,264.3,0.0,21.4,25.4,25.4,27.0,300.0,300.0,29.3,32.2,27.9,27.200000000000003,29.1,4.95,2.0,4.97,0.17,0.0,0.0,1027.0,8228.0,0.0,0.0,0.0,0.0,0.0,1.0,0.0,0.0,0.0,0.0,0.0,0.3,0.0,-0.4,0.0,0.0,16.0,25903.0
2026-07-30T18:57:30.089Z,19.572,19.584,0.0,7.4,0.0,0.0,0.0,0.0,0.0,0.0,0.0,0.0,1.0,0.0,0.0,0.0,9.0,4.0,0.0,0.0,0.0,0.0,0.0,0.0,0.0,0.0,6.0,12.0,1.0,12.17,5.01,2.51,1.49,0.0,0.0,0.0,301.1,0.0,-0.3,0.0,0.3,95.8,0.0,0.0,264.40000000000003,0.0,21.8,25.4,25.4,27.0,300.0,300.0,29.3,32.300000000000004,27.9,27.200000000000003,29.1,4.96,2.0,4.96,0.16,0.0,0.0,1027.0,8228.0,0.0,0.0,0.0,0.0,0.0,1.0,0.0,0.0,0.0,0.0,0.0,0.8,0.0,0.4,0.0,0.0,16.0,25903.0
2026-07-30T18:57:30.101Z,19.584,19.596,0.0,7.4,0.0,0.0,0.0,0.0,0.0,0.0,0.0,0.0,1.0,0.0,0.0,0.0,9.0,4.0,0.0,0.0,0.0,0.0,0.0,0.0,0.0,0.0,1.0,12.0,1.0,12.17,5.01,2.51,1.49,0.1,0.0,0.0,301.1,0.0,-0.9,-1.1,0.3,95.8,0.0,0.0,264.2,0.0,21.8,25.4,25.4,27.0,300.0,300.0,29.3,32.300000000000004,27.9,27.200000000000003,29.1,4.95,1.99,4.96,0.16,0.0,0.0,1027.0,8228.0,0.0,0.0,0.0,0.0,0.0,1.0,0.0,0.0,0.0,0.0,0.0,-0.4,0.0,1.0,0.0,0.0,16.0,25903.0
2026-07-30T18:57:30.113Z,19.596,19.608,0.0,7.4,0.0,0.0,0.0,0.0,0.0,0.0,0.0,0.0,1.0,0.0,0.0,0.0,9.0,4.0,0.0,0.0,0.0,0.0,0.0,0.0,0.0,0.0,1.0,12.0,1.0,12.17,5.01,2.51,1.49,0.0,0.0,0.0,301.1,0.0,-0.2,1.2000000000000002,-0.2,95.8,0.0,0.0,264.2,0.0,21.8,25.4,25.4,27.0,300.0,300.0,29.3,32.300000000000004,27.9,27.200000000000003,29.1,4.95,1.99,4.97,0.16,0.0,0.0,1027.0,8228.0,0.0,0.0,0.0,0.0,0.0,1.0,0.0,0.0,0.0,0.0,0.0,0.3,0.0,-1.2000000000000002,0.0,0.0,16.0,25903.0
2026-07-30T18:57:30.125Z,19.608,19.62,0.0,7.4,0.0,0.0,0.0,0.0,0.0,0.0,0.0,0.0,1.0,0.0,0.0,0.0,9.0,4.0,0.0,0.0,0.0,0.0,0.0,0.0,0.0,0.0,2.0,12.0,1.0,12.17,5.01,2.51,1.49,0.0,0.0,0.0,301.1,0.0,-0.2,0.6000000000000001,-1.3,95.8,0.0,0.0,264.2,0.0,21.8,25.4,25.4,27.0,300.0,300.0,29.3,32.300000000000004,27.9,27.200000000000003,29.1,4.95,1.99,4.97,0.16,0.0,0.0,1027.0,8228.0,0.0,0.0,0.0,0.0,0.0,1.0,0.0,0.0,0.0,0.0,0.0,1.3,0.0,0.1,0.0,0.0,16.0,25903.0
2026-07-30T18:57:30.137Z,19.62,19.632,0.0,7.4,0.0,0.0,0.0,0.0,0.0,0.0,0.0,0.0,1.0,0.0,0.0,0.0,9.0,4.0,0.0,0.0,0.0,0.0,0.0,0.0,0.0,0.0,3.0,12.0,1.0,12.17,5.01,2.51,1.49,-0.1,0.1,0.0,301.1,0.0,0.3,-1.0,-0.2,95.8,0.0,0.0,264.2,0.0,21.8,25.4,25.4,27.0,300.0,300.0,29.3,32.300000000000004,27.9,27.200000000000003,29.1,4.96,1.99,4.96,0.16,0.0,0.0,1027.0,8228.0,0.0,0.0,0.0,0.0,0.0,1.0,0.0,0.0,0.0,0.0,0.0,0.2,0.0,-0.6000000000000001,0.0,0.0,16.0,25903.0
2026-07-30T18:57:30.148Z,19.631,19.644,0.0,7.4,0.0,0.0,0.0,0.0,0.0,0.0,0.0,0.0,1.0,0.0,0.0,0.0,9.0,4.0,0.0,0.0,0.0,0.0,0.0,0.0,0.0,0.0,4.0,12.0,1.0,12.17,5.01,2.51,1.49,0.0,0.0,0.0,301.1,0.0,0.3,0.1,-0.7000000000000001,95.8,0.0,0.0,264.2,0.0,21.8,25.4,25.4,27.0,300.0,300.0,29.3,32.300000000000004,27.9,27.200000000000003,29.1,4.95,1.99,4.97,0.16,0.0,0.0,1027.0,8228.0,0.0,0.0,0.0,0.0,0.0,1.0,0.0,0.0,0.0,0.0,0.0,0.7000000000000001,0.0,0.3,0.0,0.0,16.0,25903.0
2026-07-30T18:57:30.161Z,19.644,19.656,0.0,7.4,0.0,0.0,0.0,0.0,0.0,0.0,0.0,0.0,1.0,0.0,0.0,0.0,9.0,4.0,0.0,0.0,0.0,0.0,0.0,0.0,0.0,0.0,6.0,12.0,1.0,12.17,5.01,2.51,1.49,0.0,0.0,0.0,301.0,0.0,-0.2,0.0,-0.7000000000000001,95.8,0.0,0.0,264.2,0.0,21.8,25.4,25.4,27.0,300.0,300.0,29.3,32.300000000000004,27.9,27.200000000000003,29.1,4.95,1.99,4.96,0.16,0.0,0.0,1027.0,8228.0,0.0,0.0,0.0,0.0,0.0,1.0,0.0,0.0,0.0,0.0,0.0,-1.4,0.0,-1.8,0.0,0.0,16.0,25903.0
2026-07-30T18:57:30.172Z,19.655,19.668,0.0,7.4,0.0,0.0,0.0,0.0,0.0,0.0,0.0,0.0,1.0,0.0,0.0,0.0,9.0,4.0,0.0,0.0,0.0,0.0,0.0,0.0,0.0,0.0,1.0,12.0,1.0,12.17,5.01,2.51,1.49,0.0,0.0,0.0,301.1,0.0,-0.2,1.2000000000000002,-0.7000000000000001,95.8,0.0,0.0,264.2,0.0,21.8,25.4,25.4,27.0,300.0,300.0,29.3,32.300000000000004,27.9,27.200000000000003,29.1,4.96,1.99,4.96,0.16,0.0,0.0,1027.0,8228.0,0.0,0.0,0.0,0.0,0.0,1.0,0.0,0.0,0.0,0.0,0.0,0.8,0.0,-0.9,0.0,0.0,16.0,25903.0
2026-07-30T18:57:30.184Z,19.667,19.68,0.0,7.4,0.0,0.0,0.0,0.0,0.0,0.0,0.0,0.0,1.0,0.0,0.0,0.0,9.0,4.0,0.0,0.0,0.0,0.0,0.0,0.0,0.0,0.0,2.0,12.0,1.0,12.17,5.01,2.51,1.49,0.0,0.0,0.0,301.1,0.0,0.2,-0.5,0.4,95.8,0.0,0.0,264.2,0.0,21.8,25.4,25.4,27.0,300.0,300.0,29.3,32.300000000000004,27.9,27.200000000000003,29.1,4.95,1.99,4.96,0.16,0.0,0.0,1027.0,8228.0,0.0,0.0,0.0,0.0,0.0,1.0,0.0,0.0,0.0,0.0,0.0,-0.4,0.0,0.2,0.0,0.0,16.0,25903.0
2026-07-30T18:57:30.197Z,19.68,19.692,0.0,7.4,0.0,0.0,0.0,0.0,0.0,0.0,0.0,0.0,1.0,0.0,0.0,0.0,9.0,4.0,0.0,0.0,0.0,0.0,0.0,0.0,0.0,0.0,4.0,12.0,1.0,12.2,5.0200000000000005,2.51,1.49,0.0,0.0,0.0,301.1,0.0,0.2,-0.5,-0.7000000000000001,95.8,0.0,0.0,264.2,0.0,21.3,25.5,25.5,27.0,300.0,300.0,29.3,32.300000000000004,27.9,27.200000000000003,29.1,4.95,1.99,4.97,0.16,0.0,0.0,1027.0,8228.0,0.0,0.0,0.0,0.0,0.0,1.0,0.0,0.0,0.0,0.0,0.0,-1.0,0.0,0.0,0.0,0.0,16.0,25903.0
2026-07-30T18:57:30.209Z,19.692,19.704,0.0,7.4,0.0,0.0,0.0,0.0,0.0,0.0,0.0,0.0,1.0,0.0,0.0,0.0,9.0,4.0,0.0,0.0,0.0,0.0,0.0,0.0,0.0,0.0,5.0,12.0,1.0,12.2,5.0200000000000005,2.51,1.49,0.0,0.0,0.0,301.1,0.0,0.8,1.2000000000000002,1.6,95.8,0.0,0.0,264.2,0.0,21.3,25.5,25.5,27.0,300.0,300.0,29.3,32.300000000000004,27.9,27.200000000000003,29.1,4.95,1.99,4.96,0.16,0.0,0.0,1027.0,8228.0,0.0,0.0,0.0,0.0,0.0,1.0,0.0,0.0,0.0,0.0,0.0,-0.4,0.0,-0.3,0.0,0.0,16.0,25903.0
2026-07-30T18:57:30.221Z,19.704,19.716,0.0,7.4,0.0,0.0,0.0,0.0,0.0,0.0,0.0,0.0,1.0,0.0,0.0,0.0,9.0,4.0,0.0,0.0,0.0,0.0,0.0,0.0,0.0,0.0,6.0,12.0,1.0,12.2,5.0200000000000005,2.51,1.49,0.0,0.0,0.0,301.1,0.0,-0.8,0.0,-1.2000000000000002,95.8,0.0,0.0,264.2,0.0,21.3,25.5,25.5,27.0,300.0,300.0,29.3,32.300000000000004,27.9,27.200000000000003,29.1,4.96,1.99,4.96,0.17,0.0,0.0,1027.0,8228.0,0.0,0.0,0.0,0.0,0.0,1.0,0.0,0.0,0.0,0.0,0.0,-0.3,0.0,-1.8,0.0,0.0,16.0,25903.0
2026-07-30T18:57:30.232Z,19.715,19.728,0.0,7.4,0.0,0.0,0.0,0.0,0.0,0.0,0.0,0.0,1.0,0.0,0.0,0.0,9.0,4.0,0.0,0.0,0.0,0.0,0.0,0.0,0.0,0.0,1.0,12.0,1.0,12.2,5.0200000000000005,2.51,1.49,0.0,0.0,0.0,301.1,0.0,0.3,-0.5,-0.6000000000000001,95.8,0.0,0.0,264.40000000000003,0.0,21.3,25.5,25.5,27.0,300.0,300.0,29.3,32.300000000000004,27.9,27.200000000000003,29.1,4.95,1.99,4.97,0.16,0.0,0.0,1027.0,8228.0,0.0,0.0,0.0,0.0,0.0,1.0,0.0,0.0,0.0,0.0,0.0,1.0,0.0,2.1,0.0,0.0,16.0,25903.0
2026-07-30T18:57:30.245Z,19.728,19.74,0.0,7.4,0.0,0.0,0.0,0.0,0.0,0.0,0.0,0.0,1.0,0.0,0.0,0.0,9.0,4.0,0.0,0.0,0.0,0.0,0.0,0.0,0.0,0.0,2.0,12.0,1.0,12.2,5.0200000000000005,2.51,1.49,0.0,0.0,0.0,301.1,0.0,-0.2,0.0,1.1,95.8,0.0,0.0,264.2,0.0,21.3,25.5,25.5,27.0,300.0,300.0,29.3,32.300000000000004,27.9,27.200000000000003,29.1,4.95,1.99,4.96,0.16,0.0,0.0,1027.0,8228.0,0.0,0.0,0.0,0.0,0.0,1.0,0.0,0.0,0.0,0.0,0.0,0.4,0.0,1.7000000000000002,0.0,0.0,16.0,25903.0
2026-07-30T18:57:30.257Z,19.74,19.752,0.0,7.4,0.0,0.0,0.0,0.0,0.0,0.0,0.0,0.0,1.0,0.0,0.0,0.0,9.0,4.0,0.0,0.0,0.0,0.0,0.0,0.0,0.0,0.0,3.0,12.0,1.0,12.2,5.0200000000000005,2.51,1.49,0.0,0.0,0.0,301.1,0.0,0.8,1.1,0.0,95.8,0.0,0.0,264.2,0.0,21.3,25.5,25.5,27.0,300.0,300.0,29.3,32.300000000000004,27.9,27.200000000000003,29.1,4.95,2.0,4.97,0.15,0.0,0.0,1027.0,8228.0,0.0,0.0,0.0,0.0,0.0,1.0,0.0,0.0,0.0,0.0,0.0,0.0,0.0,0.6000000000000001,0.0,0.0,16.0,25903.0
2026-07-30T18:57:30.270Z,19.753,19.764,0.0,7.4,0.0,0.0,0.0,0.0,0.0,0.0,0.0,0.0,1.0,0.0,0.0,0.0,9.0,4.0,0.0,0.0,0.0,0.0,0.0,0.0,0.0,0.0,4.0,12.0,1.0,12.2,5.0200000000000005,2.51,1.49,0.0,0.0,0.0,301.1,0.0,-0.2,0.6000000000000001,0.0,95.8,0.0,0.0,264.2,0.0,21.3,25.5,25.5,27.0,300.0,300.0,29.3,32.300000000000004,27.9,27.200000000000003,29.1,4.96,1.99,4.97,0.16,0.0,0.0,1027.0,8228.0,0.0,0.0,0.0,0.0,0.0,1.0,0.0,0.0,0.0,0.0,0.0,0.1,0.0,-0.6000000000000001,0.0,0.0,16.0,25903.0
2026-07-30T18:57:30.280Z,19.763,19.776,0.0,7.4,0.0,0.0,0.0,0.0,0.0,0.0,0.0,0.0,1.0,0.0,0.0,0.0,9.0,4.0,0.0,0.0,0.0,0.0,0.0,0.0,0.0,0.0,5.0,12.0,1.0,12.2,5.0200000000000005,2.51,1.49,0.0,0.0,0.0,301.1,0.0,-0.3,-0.5,0.0,95.8,0.0,0.0,264.2,0.0,21.3,25.5,25.5,27.0,300.0,300.0,29.3,32.300000000000004,27.9,27.200000000000003,29.1,4.96,1.99,4.97,0.16,0.0,0.0,1027.0,8228.0,0.0,0.0,0.0,0.0,0.0,1.0,0.0,0.0,0.0,0.0,0.0,0.0,0.0,0.6000000000000001,0.0,0.0,16.0,25903.0
2026-07-30T18:57:30.293Z,19.776,19.788,0.0,7.4,0.0,0.0,0.0,0.0,0.0,0.0,0.0,0.0,1.0,0.0,0.0,0.0,9.0,4.0,0.0,0.0,0.0,0.0,0.0,0.0,0.0,0.0,1.0,12.0,1.0,12.17,5.01,2.51,1.5,0.0,0.0,0.0,301.1,0.0,0.2,-0.5,-0.6000000000000001,95.8,0.0,0.0,264.2,0.0,21.3,25.5,25.5,27.1,300.0,300.0,29.4,32.300000000000004,27.9,27.200000000000003,29.1,4.96,1.99,4.96,0.16,0.0,0.0,1027.0,8228.0,0.0,0.0,0.0,0.0,0.0,1.0,0.0,0.0,0.0,0.0,0.0,0.5,0.0,1.1,0.0,0.0,16.0,25903.0
2026-07-30T18:57:30.305Z,19.788,19.8,0.0,7.4,0.0,0.0,0.0,0.0,0.0,0.0,0.0,0.0,1.0,0.0,0.0,0.0,9.0,4.0,0.0,0.0,0.0,0.0,0.0,0.0,0.0,0.0,2.0,12.0,1.0,12.17,5.01,2.51,1.5,0.0,0.0,0.0,301.1,0.0,0.2,1.1,0.5,95.8,0.0,0.0,264.2,0.0,21.3,25.5,25.5,27.1,300.0,300.0,29.4,32.300000000000004,27.9,27.200000000000003,29.1,4.96,1.99,4.97,0.16,0.0,0.0,1027.0,8228.0,0.0,0.0,0.0,0.0,0.0,1.0,0.0,0.0,0.0,0.0,0.0,-0.3,0.0,-1.6,0.0,0.0,16.0,25903.0
2026-07-30T18:57:30.316Z,19.799,19.812,0.0,7.4,0.0,0.0,0.0,0.0,0.0,0.0,0.0,0.0,1.0,0.0,0.0,0.0,9.0,4.0,0.0,0.0,0.0,0.0,0.0,0.0,0.0,0.0,3.0,12.0,1.0,12.17,5.01,2.51,1.5,0.0,0.0,0.0,301.1,0.0,0.2,1.2000000000000002,0.0,95.8,0.0,0.0,264.2,0.0,21.3,25.5,25.5,27.1,300.0,300.0,29.4,32.300000000000004,27.9,27.200000000000003,29.1,4.95,1.99,4.97,0.16,0.0,0.0,1027.0,8228.0,0.0,0.0,0.0,0.0,0.0,1.0,0.0,0.0,0.0,0.0,0.0,0.2,0.0,-1.3,0.0,0.0,16.0,25903.0
2026-07-30T18:57:30.329Z,19.812,19.824,0.0,7.4,0.0,0.0,0.0,0.0,0.0,0.0,0.0,0.0,1.0,0.0,0.0,0.0,9.0,4.0,0.0,0.0,0.0,0.0,0.0,0.0,0.0,0.0,5.0,12.0,1.0,12.17,5.01,2.51,1.5,0.0,0.0,0.0,301.1,0.0,0.7000000000000001,0.0,0.0,95.8,0.0,0.0,264.2,0.0,21.3,25.5,25.5,27.1,300.0,300.0,29.4,32.300000000000004,27.9,27.200000000000003,29.1,4.96,1.99,4.97,0.16,0.0,0.0,1027.0,8228.0,0.0,0.0,0.0,0.0,0.0,1.0,0.0,0.0,0.0,0.0,0.0,0.0,0.0,0.0,0.0,0.0,16.0,25903.0
2026-07-30T18:57:30.340Z,19.823,19.836,0.0,7.4,0.0,0.0,0.0,0.0,0.0,0.0,0.0,0.0,1.0,0.0,0.0,0.0,9.0,4.0,0.0,0.0,0.0,0.0,0.0,0.0,0.0,0.0,6.0,12.0,1.0,12.17,5.01,2.51,1.5,0.0,0.0,0.0,301.1,0.0,-0.3,0.6000000000000001,1.0,95.8,0.0,0.0,264.3,0.0,21.3,25.5,25.5,27.1,300.0,300.0,29.4,32.300000000000004,27.9,27.200000000000003,29.1,4.95,1.99,4.96,0.16,0.0,0.0,1027.0,8228.0,0.0,0.0,0.0,0.0,0.0,1.0,0.0,0.0,0.0,0.0,0.0,-0.9,0.0,-1.4,0.0,0.0,16.0,25903.0
2026-07-30T18:57:30.354Z,19.837,19.848,0.0,7.4,0.0,0.0,0.0,0.0,0.0,0.0,0.0,0.0,1.0,0.0,0.0,0.0,9.0,4.0,0.0,0.0,0.0,0.0,0.0,0.0,0.0,0.0,1.0,12.0,1.0,12.17,5.01,2.51,1.5,0.0,0.0,0.0,301.1,0.0,0.2,-0.5,-1.3,95.8,0.0,0.0,264.2,0.0,21.3,25.5,25.5,27.1,300.0,300.0,29.4,32.300000000000004,27.9,27.200000000000003,29.1,4.95,1.99,4.96,0.16,0.0,0.0,1027.0,8228.0,0.0,0.0,0.0,0.0,0.0,1.0,0.0,0.0,0.0,0.0,0.0,1.1,0.0,1.4,0.0,0.0,16.0,25903.0
2026-07-30T18:57:30.364Z,19.847,19.86,0.0,7.4,0.0,0.0,0.0,0.0,0.0,0.0,0.0,0.0,1.0,0.0,0.0,0.0,9.0,4.0,0.0,0.0,0.0,0.0,0.0,0.0,0.0,0.0,1.0,12.0,1.0,12.17,5.01,2.51,1.5,0.0,0.0,0.0,301.1,0.0,0.2,1.2000000000000002,0.4,95.8,0.0,0.0,264.3,0.0,21.3,25.5,25.5,27.1,300.0,300.0,29.4,32.300000000000004,27.9,27.200000000000003,29.1,4.96,1.99,4.96,0.16,0.0,0.0,1027.0,8228.0,0.0,0.0,0.0,0.0,0.0,1.0,0.0,0.0,0.0,0.0,0.0,-0.2,0.0,-1.7000000000000002,0.0,0.0,16.0,25903.0
2026-07-30T18:57:30.376Z,19.859,19.872,0.0,7.4,0.0,0.0,0.0,0.0,0.0,0.0,0.0,0.0,1.0,0.0,0.0,0.0,9.0,4.0,0.0,0.0,0.0,0.0,0.0,0.0,0.0,0.0,2.0,12.0,1.0,12.17,5.01,2.51,1.5,0.0,0.0,0.0,301.1,0.0,0.2,0.6000000000000001,-0.1,95.8,0.0,0.0,264.3,0.0,21.3,25.5,25.5,27.1,300.0,300.0,29.4,32.300000000000004,27.9,27.200000000000003,29.1,4.96,1.99,4.96,0.17,0.0,0.0,1027.0,8228.0,0.0,0.0,0.0,0.0,0.0,1.0,0.0,0.0,0.0,0.0,0.0,0.1,0.0,-0.7000000000000001,0.0,0.0,16.0,25903.0
2026-07-30T18:57:30.389Z,19.872,19.884,0.0,7.4,0.0,0.0,0.0,0.0,0.0,0.0,0.0,0.0,1.0,0.0,0.0,0.0,9.0,4.0,0.0,0.0,0.0,0.0,0.0,0.0,0.0,0.0,3.0,12.0,1.0,12.17,5.01,2.51,1.5,0.0,0.1,0.0,301.1,0.0,0.2,-0.5,0.0,95.8,0.0,0.0,264.2,0.0,21.3,25.5,25.5,27.1,300.0,300.0,29.4,32.300000000000004,27.9,27.200000000000003,29.1,4.95,1.99,4.97,0.17,0.0,0.0,1027.0,8228.0,0.0,0.0,0.0,0.0,0.0,1.0,0.0,0.0,0.0,0.0,0.0,0.0,0.0,0.6000000000000001,0.0,0.0,16.0,25903.0
2026-07-30T18:57:30.400Z,19.883,19.896,0.0,7.4,0.0,0.0,0.0,0.0,0.0,0.0,0.0,0.0,1.0,0.0,0.0,0.0,9.0,4.0,0.0,0.0,0.0,0.0,0.0,0.0,0.0,0.0,4.0,12.0,1.0,12.18,5.01,2.5,1.5,0.0,0.0,0.0,301.1,0.0,0.2,1.2000000000000002,0.4,95.8,0.0,0.0,264.2,0.0,21.0,25.5,25.5,27.1,300.0,300.0,29.4,32.300000000000004,27.9,27.200000000000003,29.1,4.95,1.99,4.96,0.16,0.0,0.0,1027.0,8228.0,0.0,0.0,0.0,0.0,0.0,1.0,0.0,0.0,0.0,0.0,0.0,-0.3,0.0,-1.7000000000000002,0.0,0.0,16.0,25903.0
2026-07-30T18:57:30.412Z,19.895,19.908,0.0,7.4,0.0,0.0,0.0,0.0,0.0,0.0,0.0,0.0,1.0,0.0,0.0,0.0,9.0,4.0,0.0,0.0,0.0,0.0,0.0,0.0,0.0,0.0,5.0,12.0,1.0,12.18,5.01,2.5,1.5,0.0,0.0,0.0,301.1,0.0,0.2,0.0,-0.7000000000000001,95.8,0.0,0.0,264.2,0.0,21.0,25.5,25.5,27.1,300.0,300.0,29.4,32.300000000000004,27.9,27.200000000000003,29.1,4.96,1.99,4.96,0.16,0.0,0.0,1027.0,8228.0,0.0,0.0,0.0,0.0,0.0,1.0,0.0,0.0,0.0,0.0,0.0,0.6000000000000001,0.0,0.4,0.0,0.0,16.0,25903.0
2026-07-30T18:57:30.425Z,19.908,19.92,0.0,7.4,0.0,0.0,0.0,0.0,0.0,0.0,0.0,0.0,1.0,0.0,0.0,0.0,9.0,4.0,0.0,0.0,0.0,0.0,0.0,0.0,0.0,0.0,1.0,12.0,1.0,12.18,5.01,2.5,1.5,0.0,0.0,0.0,301.1,0.0,-0.9,-1.0,-1.2000000000000002,95.8,0.0,0.0,264.2,0.0,21.0,25.5,25.5,27.1,300.0,300.0,29.4,32.300000000000004,27.9,27.200000000000003,29.1,4.95,1.99,4.97,0.16,0.0,0.0,1027.0,8228.0,0.0,0.0,0.0,0.0,0.0,1.0,0.0,0.0,0.0,0.0,0.0,1.0,0.0,2.1,0.0,0.0,16.0,25903.0
2026-07-30T18:57:30.437Z,19.92,19.932,0.0,7.4,0.0,0.0,0.0,0.0,0.0,0.0,0.0,0.0,1.0,0.0,0.0,0.0,9.0,4.0,0.0,0.0,0.0,0.0,0.0,0.0,0.0,0.0,2.0,12.0,1.0,12.18,5.01,2.5,1.5,0.0,0.0,0.0,301.2,0.0,0.8,-0.5,0.4,95.8,0.0,0.0,264.2,0.0,21.0,25.5,25.5,27.1,300.0,300.0,29.4,32.300000000000004,27.9,27.200000000000003,29.1,4.95,1.99,4.97,0.16,0.0,0.0,1027.0,8228.0,0.0,0.0,0.0,0.0,0.0,1.0,0.0,0.0,0.0,0.0,0.0,-0.4,0.0,0.2,0.0,0.0,16.0,25903.0
2026-07-30T18:57:30.449Z,19.932,19.944,0.0,7.4,0.0,0.0,0.0,0.0,0.0,0.0,0.0,0.0,1.0,0.0,0.0,0.0,9.0,4.0,0.0,0.0,0.0,0.0,0.0,0.0,0.0,0.0,3.0,12.0,1.0,12.18,5.01,2.5,1.5,0.0,0.0,0.0,301.1,0.0,0.2,0.0,-0.7000000000000001,95.8,0.0,0.0,264.2,0.0,21.0,25.5,25.5,27.1,300.0,300.0,29.4,32.300000000000004,27.9,27.200000000000003,29.1,4.95,1.99,4.96,0.16,0.0,0.0,1027.0,8228.0,0.0,0.0,0.0,0.0,0.0,1.0,0.0,0.0,0.0,0.0,0.0,0.6000000000000001,0.0,0.4,0.0,0.0,16.0,25903.0
2026-07-30T18:57:30.461Z,19.944,19.956,0.0,7.4,0.0,0.0,0.0,0.0,0.0,0.0,0.0,0.0,1.0,0.0,0.0,0.0,9.0,4.0,0.0,0.0,0.0,0.0,0.0,0.0,0.0,0.0,4.0,12.0,1.0,12.18,5.01,2.5,1.5,-0.1,0.1,0.0,301.1,0.0,0.8,1.2000000000000002,0.4,95.8,0.0,0.0,264.2,0.0,21.0,25.5,25.5,27.1,300.0,300.0,29.4,32.300000000000004,27.9,27.200000000000003,29.1,4.96,1.99,4.96,0.16,0.0,0.0,1027.0,8228.0,0.0,0.0,0.0,0.0,0.0,1.0,0.0,0.0,0.0,0.0,0.0,-0.2,0.0,-1.7000000000000002,0.0,0.0,16.0,25903.0
2026-07-30T18:57:30.473Z,19.956,19.968,0.0,7.4,0.0,0.0,0.0,0.0,0.0,0.0,0.0,0.0,1.0,0.0,0.0,0.0,9.0,4.0,0.0,0.0,0.0,0.0,0.0,0.0,0.0,0.0,1.0,12.0,1.0,12.18,5.01,2.5,1.5,0.0,0.0,0.0,301.1,0.0,-0.3,0.0,-0.6000000000000001,95.8,0.0,0.0,264.2,0.0,21.0,25.5,25.5,27.1,300.0,300.0,29.4,32.300000000000004,27.9,27.200000000000003,29.1,4.95,1.99,4.97,0.16,0.0,0.0,1027.0,8228.0,0.0,0.0,0.0,0.0,0.0,1.0,0.0,0.0,0.0,0.0,0.0,0.6000000000000001,0.0,0.3,0.0,0.0,16.0,25903.0
2026-07-30T18:57:30.485Z,19.968,19.98,0.0,7.4,0.0,0.0,0.0,0.0,0.0,0.0,0.0,0.0,1.0,0.0,0.0,0.0,9.0,4.0,0.0,0.0,0.0,0.0,0.0,0.0,0.0,0.0,2.0,12.0,1.0,12.18,5.01,2.5,1.5,0.0,0.0,0.0,301.2,0.0,0.2,-0.4,0.4,95.8,0.0,0.0,264.2,0.0,21.0,25.5,25.5,27.1,300.0,300.0,29.4,32.300000000000004,27.9,27.200000000000003,29.1,4.96,1.99,4.96,0.16,0.0,0.0,1027.0,8228.0,0.0,0.0,0.0,0.0,0.0,1.0,0.0,0.0,0.0,0.0,0.0,-0.5,0.0,0.2,0.0,0.0,16.0,25903.0
2026-07-30T18:57:30.498Z,19.981,19.992,0.0,7.4,0.0,0.0,0.0,0.0,0.0,0.0,0.0,0.0,1.0,0.0,0.0,0.0,9.0,4.0,0.0,0.0,0.0,0.0,0.0,0.0,0.0,0.0,3.0,12.0,1.0,12.15,5.0200000000000005,2.5,1.49,0.0,0.0,0.0,301.1,0.0,-0.9,0.0,-0.1,95.8,0.0,0.0,264.2,0.0,21.700000000000003,25.6,25.6,27.1,300.0,300.0,29.5,32.2,27.9,27.200000000000003,29.1,4.96,1.99,4.96,0.16,0.0,0.0,1027.0,8228.0,0.0,0.0,0.0,0.0,0.0,1.0,0.0,0.0,0.0,0.0,0.0,0.1,0.0,0.0,0.0,0.0,16.0,25903.0
2026-07-30T18:57:30.509Z,19.992,20.004,0.0,7.4,0.0,0.0,0.0,0.0,0.0,0.0,0.0,0.0,1.0,0.0,0.0,0.0,9.0,4.0,0.0,0.0,0.0,0.0,0.0,0.0,0.0,0.0,4.0,12.0,1.0,12.15,5.0200000000000005,2.5,1.49,0.0,0.0,0.0,301.1,0.0,0.8,0.0,0.4,95.8,0.0,0.0,264.2,0.0,21.700000000000003,25.6,25.6,27.1,300.0,300.0,29.5,32.2,27.9,27.200000000000003,29.1,4.95,1.99,4.96,0.16,0.0,0.0,1027.0,8228.0,0.0,0.0,0.0,0.0,0.0,1.0,0.0,0.0,0.0,0.0,0.0,-0.4,0.0,-0.4,0.0,0.0,16.0,25903.0
2026-07-30T18:57:30.521Z,20.004,20.016,0.0,7.4,0.0,0.0,0.0,0.0,0.0,0.0,0.0,0.0,1.0,0.0,0.0,0.0,9.0,4.0,0.0,0.0,0.0,0.0,0.0,0.0,0.0,0.0,5.0,12.0,1.0,12.15,5.0200000000000005,2.5,1.49,0.0,0.0,0.0,301.1,0.0,0.2,-1.0,-0.1,95.8,0.0,0.0,264.2,0.0,21.700000000000003,25.6,25.6,27.1,300.0,300.0,29.5,32.2,27.9,27.200000000000003,29.1,4.96,1.99,4.97,0.16,0.0,0.0,1027.0,8228.0,0.0,0.0,0.0,0.0,0.0,1.0,0.0,0.0,0.0,0.0,0.0,0.0,0.0,1.3,0.0,0.0,16.0,25903.0
2026-07-30T18:57:30.532Z,20.015,20.028,0.0,7.4,0.0,0.0,0.0,0.0,0.0,0.0,0.0,0.0,1.0,0.0,0.0,0.0,9.0,4.0,0.0,0.0,0.0,0.0,0.0,0.0,0.0,0.0,6.0,12.0,1.0,12.15,5.0200000000000005,2.5,1.49,0.0,0.0,0.0,301.1,0.0,-0.3,0.0,0.4,95.8,0.0,0.0,264.2,0.0,21.700000000000003,25.6,25.6,27.1,300.0,300.0,29.5,32.2,27.9,27.200000000000003,29.1,4.96,1.99,4.96,0.16,0.0,0.0,1027.0,8228.0,0.0,0.0,0.0,0.0,0.0,1.0,0.0,0.0,0.0,0.0,0.0,-0.3,0.0,-0.3,0.0,0.0,16.0,25903.0
2026-07-30T18:57:30.545Z,20.028,20.04,0.0,7.4,0.0,0.0,0.0,0.0,0.0,0.0,0.0,0.0,1.0,0.0,0.0,0.0,9.0,4.0,0.0,0.0,0.0,0.0,0.0,0.0,0.0,0.0,1.0,12.0,1.0,12.15,5.0200000000000005,2.5,1.49,0.0,0.0,0.0,301.1,0.0,0.2,0.0,0.4,95.8,0.0,0.0,264.3,0.0,21.700000000000003,25.6,25.6,27.1,300.0,300.0,29.5,32.2,27.9,27.200000000000003,29.1,4.96,1.99,4.97,0.16,0.0,0.0,1027.0,8228.0,0.0,0.0,0.0,0.0,0.0,1.0,0.0,0.0,0.0,0.0,0.0,-0.4,0.0,-0.3,0.0,0.0,16.0,25903.0
2026-07-30T18:57:30.557Z,20.04,20.052,0.0,7.4,0.0,0.0,0.0,0.0,0.0,0.0,0.0,0.0,1.0,0.0,0.0,0.0,9.0,4.0,0.0,0.0,0.0,0.0,0.0,0.0,0.0,0.0,2.0,12.0,1.0,12.15,5.0200000000000005,2.5,1.49,0.0,0.0,0.0,301.1,0.0,0.1,0.0,-0.1,95.8,0.0,0.0,264.2,0.0,21.700000000000003,25.6,25.6,27.1,300.0,300.0,29.5,32.2,27.9,27.200000000000003,29.1,4.95,1.99,4.97,0.16,0.0,0.0,1027.0,8228.0,0.0,0.0,0.0,0.0,0.0,1.0,0.0,0.0,0.0,0.0,0.0,0.1,0.0,0.1,0.0,0.0,16.0,25903.0
2026-07-30T18:57:30.569Z,20.052,20.064,0.0,7.4,0.0,0.0,0.0,0.0,0.0,0.0,0.0,0.0,1.0,0.0,0.0,0.0,9.0,4.0,0.0,0.0,0.0,0.0,0.0,0.0,0.0,0.0,3.0,12.0,1.0,12.15,5.0200000000000005,2.5,1.49,-0.1,0.1,0.0,301.1,0.0,-0.9,0.0,-0.7000000000000001,95.8,0.0,0.0,264.2,0.0,21.700000000000003,25.6,25.6,27.1,300.0,300.0,29.5,32.2,27.9,27.200000000000003,29.1,4.96,1.99,4.96,0.16,0.0,0.0,1027.0,8228.0,0.0,0.0,0.0,0.0,0.0,1.0,0.0,0.0,0.0,0.0,0.0,-0.4,0.0,-0.2,0.0,0.0,16.0,25903.0
2026-07-30T18:57:30.581Z,20.064,20.076,0.0,7.4,0.0,0.0,0.0,0.0,0.0,0.0,0.0,0.0,1.0,0.0,0.0,0.0,9.0,4.0,0.0,0.0,0.0,0.0,0.0,0.0,0.0,0.0,4.0,12.0,1.0,12.15,5.0200000000000005,2.5,1.49,0.0,0.0,0.0,301.1,0.0,0.1,-0.6000000000000001,1.0,95.8,0.0,0.0,264.2,0.0,21.700000000000003,25.6,25.6,27.1,300.0,300.0,29.5,32.2,27.9,27.200000000000003,29.1,4.96,1.99,4.97,0.16,0.0,0.0,1027.0,8228.0,0.0,0.0,0.0,0.0,0.0,1.0,0.0,0.0,0.0,0.0,0.0,0.0,0.0,1.5,0.0,0.0,16.0,25903.0
2026-07-30T18:57:30.593Z,20.076,20.088,0.0,7.4,0.0,0.0,0.0,0.0,0.0,0.0,0.0,0.0,1.0,0.0,0.0,0.0,9.0,4.0,0.0,0.0,0.0,0.0,0.0,0.0,0.0,0.0,5.0,12.0,1.0,12.15,5.0200000000000005,2.5,1.49,0.0,0.0,0.0,301.1,0.0,0.7000000000000001,0.4,-0.1,95.8,0.0,0.0,264.2,0.0,21.700000000000003,25.6,25.6,27.1,300.0,300.0,29.5,32.2,27.9,27.200000000000003,29.1,4.96,1.99,4.97,0.16,0.0,0.0,1027.0,8228.0,0.0,0.0,0.0,0.0,0.0,1.0,0.0,0.0,0.0,0.0,0.0,-0.3,0.0,-0.1,0.0,0.0,16.0,25903.0
2026-07-30T18:57:30.605Z,20.088,20.1,0.0,7.4,0.0,0.0,0.0,0.0,0.0,0.0,0.0,0.0,1.0,0.0,0.0,0.0,9.0,4.0,0.0,0.0,0.0,0.0,0.0,0.0,0.0,0.0,6.0,12.0,1.0,12.15,5.01,2.51,1.49,0.0,0.0,0.0,301.1,0.0,0.1,-0.1,-1.4,95.8,0.0,0.0,264.2,0.0,21.4,25.6,25.6,27.200000000000003,300.0,300.0,29.4,32.2,27.9,27.200000000000003,29.1,4.96,1.99,4.97,0.16,0.0,0.0,1027.0,8228.0,0.0,0.0,0.0,0.0,0.0,1.0,0.0,0.0,0.0,0.0,0.0,1.3,0.0,1.0,0.0,0.0,16.0,25903.0
2026-07-30T18:57:30.617Z,20.1,20.112,0.0,7.4,0.0,0.0,0.0,0.0,0.0,0.0,0.0,0.0,1.0,0.0,0.0,0.0,9.0,4.0,0.0,0.0,0.0,0.0,0.0,0.0,0.0,0.0,1.0,12.0,1.0,12.15,5.01,2.51,1.49,0.0,0.0,0.0,301.1,0.0,0.1,-0.6000000000000001,0.3,95.8,0.0,0.0,264.2,0.0,21.4,25.6,25.6,27.200000000000003,300.0,300.0,29.4,32.2,27.9,27.200000000000003,29.1,4.96,1.99,4.96,0.16,0.0,0.0,1027.0,8228.0,0.0,0.0,0.0,0.0,0.0,1.0,0.0,0.0,0.0,0.0,0.0,0.3,0.0,-0.4,0.0,0.0,16.0,25903.0
2026-07-30T18:57:30.628Z,20.111,20.124,0.0,7.4,0.0,0.0,0.0,0.0,0.0,0.0,0.0,0.0,1.0,0.0,0.0,0.0,9.0,4.0,0.0,0.0,0.0,0.0,0.0,0.0,0.0,0.0,3.0,12.0,1.0,12.15,5.01,2.51,1.49,0.0,0.0,0.0,301.1,0.0,-0.3,0.5,0.9,95.8,0.0,0.0,264.2,0.0,21.4,25.6,25.6,27.200000000000003,300.0,300.0,29.4,32.2,27.9,27.200000000000003,29.1,4.95,1.99,4.97,0.16,0.0,0.0,1027.0,8228.0,0.0,0.0,0.0,0.0,0.0,1.0,0.0,0.0,0.0,0.0,0.0,1.1,0.0,2.3000000000000003,0.0,0.0,16.0,25903.0
2026-07-30T18:57:30.641Z,20.124,20.136,0.0,7.4,0.0,0.0,0.0,0.0,0.0,0.0,0.0,0.0,1.0,0.0,0.0,0.0,9.0,4.0,0.0,0.0,0.0,0.0,0.0,0.0,0.0,0.0,3.0,12.0,1.0,12.15,5.01,2.51,1.49,0.0,0.0,0.0,301.1,0.0,0.2,0.0,-0.2,95.8,0.0,0.0,264.2,0.0,21.4,25.6,25.6,27.200000000000003,300.0,300.0,29.4,32.2,27.9,27.200000000000003,29.1,4.95,1.99,4.96,0.16,0.0,0.0,1027.0,8228.0,0.0,0.0,0.0,0.0,0.0,1.0,0.0,0.0,0.0,0.0,0.0,0.7000000000000001,0.0,0.5,0.0,0.0,16.0,25903.0
2026-07-30T18:57:30.652Z,20.135,20.148,0.0,7.4,0.0,0.0,0.0,0.0,0.0,0.0,0.0,0.0,1.0,0.0,0.0,0.0,9.0,4.0,0.0,0.0,0.0,0.0,0.0,0.0,0.0,0.0,5.0,12.0,1.0,12.15,5.01,2.51,1.49,0.0,0.0,0.0,301.0,0.0,-0.3,0.0,-0.7000000000000001,95.8,0.0,0.0,264.3,0.0,21.4,25.6,25.6,27.200000000000003,300.0,300.0,29.4,32.2,27.9,27.200000000000003,29.1,4.96,1.99,4.96,0.16,0.0,0.0,1027.0,8228.0,0.0,0.0,0.0,0.0,0.0,1.0,0.0,0.0,0.0,0.0,0.0,-1.3,0.0,-2.4000000000000004,0.0,0.0,16.0,25903.0
2026-07-30T18:57:30.665Z,20.148,20.16,0.0,7.4,0.0,0.0,0.0,0.0,0.0,0.0,0.0,0.0,1.0,0.0,0.0,0.0,9.0,4.0,0.0,0.0,0.0,0.0,0.0,0.0,0.0,0.0,6.0,12.0,1.0,12.15,5.01,2.51,1.49,0.0,0.0,0.0,301.1,0.0,-0.3,-0.5,0.4,95.8,0.0,0.0,264.2,0.0,21.4,25.6,25.6,27.200000000000003,300.0,300.0,29.4,32.2,27.9,27.200000000000003,29.1,4.96,1.99,4.96,0.16,0.0,0.0,1027.0,8228.0,0.0,0.0,0.0,0.0,0.0,1.0,0.0,0.0,0.0,0.0,0.0,0.0,0.0,1.3,0.0,0.0,16.0,25903.0
2026-07-30T18:57:30.677Z,20.16,20.172,0.0,7.4,0.0,0.0,0.0,0.0,0.0,0.0,0.0,0.0,1.0,0.0,0.0,0.0,9.0,4.0,0.0,0.0,0.0,0.0,0.0,0.0,0.0,0.0,1.0,12.0,1.0,12.15,5.01,2.51,1.49,0.0,0.1,0.0,301.1,0.0,0.8,-1.1,0.4,95.8,0.0,0.0,264.2,0.0,21.4,25.6,25.6,27.200000000000003,300.0,300.0,29.4,32.2,27.9,27.200000000000003,29.1,4.95,1.99,4.97,0.16,0.0,0.0,1027.0,8228.0,0.0,0.0,0.0,0.0,0.0,1.0,0.0,0.0,0.0,0.0,0.0,0.5,0.0,1.7000000000000002,0.0,0.0,16.0,25903.0
2026-07-30T18:57:30.688Z,20.171,20.184,0.0,7.4,0.0,0.0,0.0,0.0,0.0,0.0,0.0,0.0,1.0,0.0,0.0,0.0,9.0,4.0,0.0,0.0,0.0,0.0,0.0,0.0,0.0,0.0,2.0,12.0,1.0,12.15,5.01,2.51,1.49,0.0,0.0,0.0,301.1,0.0,0.2,1.1,-1.9,95.8,0.0,0.0,264.2,0.0,21.4,25.6,25.6,27.200000000000003,300.0,300.0,29.4,32.2,27.9,27.200000000000003,29.1,4.95,1.99,4.95,0.16,0.0,0.0,1027.0,8228.0,0.0,0.0,0.0,0.0,0.0,1.0,0.0,0.0,0.0,0.0,0.0,0.2,0.0,-0.5,0.0,0.0,16.0,25903.0
2026-07-30T18:57:30.702Z,20.185,20.196,0.0,7.4,0.0,0.0,0.0,0.0,0.0,0.0,0.0,0.0,1.0,0.0,0.0,0.0,9.0,4.0,0.0,0.0,0.0,0.0,0.0,0.0,0.0,0.0,3.0,12.0,1.0,12.15,5.0200000000000005,2.5,1.49,0.0,0.0,0.0,301.1,0.0,0.2,0.6000000000000001,1.0,95.8,0.0,0.0,264.2,0.0,21.4,25.6,25.6,27.200000000000003,300.0,300.0,29.4,32.300000000000004,27.9,27.200000000000003,29.0,4.95,1.99,4.95,0.16,0.0,0.0,1027.0,8228.0,0.0,0.0,0.0,0.0,0.0,1.0,0.0,0.0,0.0,0.0,0.0,0.6000000000000001,0.0,0.4,0.0,0.0,16.0,25903.0
2026-07-30T18:57:30.713Z,20.196,20.208,0.0,7.4,0.0,0.0,0.0,0.0,0.0,0.0,0.0,0.0,1.0,0.0,0.0,0.0,9.0,4.0,0.0,0.0,0.0,0.0,0.0,0.0,0.0,0.0,4.0,12.0,1.0,12.15,5.0200000000000005,2.5,1.49,0.0,0.0,0.0,301.1,0.0,-0.3,0.0,-0.1,95.8,0.0,0.0,264.2,0.0,21.4,25.6,25.6,27.200000000000003,300.0,300.0,29.4,32.300000000000004,27.9,27.200000000000003,29.0,4.95,1.99,4.97,0.16,0.0,0.0,1027.0,8228.0,0.0,0.0,0.0,0.0,0.0,1.0,0.0,0.0,0.0,0.0,0.0,-1.5,0.0,-0.4,0.0,0.0,16.0,25903.0
2026-07-30T18:57:30.725Z,20.208,20.22,0.0,7.4,0.0,0.0,0.0,0.0,0.0,0.0,0.0,0.0,1.0,0.0,0.0,0.0,9.0,4.0,0.0,0.0,0.0,0.0,0.0,0.0,0.0,0.0,5.0,12.0,1.0,12.15,5.0200000000000005,2.5,1.49,0.0,0.0,0.0,301.1,0.0,-0.3,0.6000000000000001,1.0,95.8,0.0,0.0,264.2,0.0,21.4,25.6,25.6,27.200000000000003,300.0,300.0,29.4,32.300000000000004,27.9,27.200000000000003,29.0,4.96,1.99,4.96,0.16,0.0,0.0,1027.0,8228.0,0.0,0.0,0.0,0.0,0.0,1.0,0.0,0.0,0.0,0.0,0.0,0.0,0.0,0.0,0.0,0.0,16.0,25903.0
2026-07-30T18:57:30.736Z,20.219,20.232,0.0,7.4,0.0,0.0,0.0,0.0,0.0,0.0,0.0,0.0,1.0,0.0,0.0,0.0,9.0,4.0,0.0,0.0,0.0,0.0,0.0,0.0,0.0,0.0,6.0,12.0,1.0,12.15,5.0200000000000005,2.5,1.49,0.0,0.0,0.0,301.1,0.0,0.2,0.0,0.4,95.8,0.0,0.0,264.2,0.0,21.4,25.6,25.6,27.200000000000003,300.0,300.0,29.4,32.300000000000004,27.9,27.200000000000003,29.0,4.96,1.99,4.96,0.16,0.0,0.0,1027.0,8228.0,0.0,0.0,0.0,0.0,0.0,1.0,0.0,0.0,0.0,0.0,0.0,-0.4,0.0,-0.3,0.0,0.0,16.0,25903.0
2026-07-30T18:57:30.749Z,20.232,20.244,0.0,7.4,0.0,0.0,0.0,0.0,0.0,0.0,0.0,0.0,1.0,0.0,0.0,0.0,9.0,4.0,0.0,0.0,0.0,0.0,0.0,0.0,0.0,0.0,1.0,12.0,1.0,12.15,5.0200000000000005,2.5,1.49,0.0,0.0,0.0,301.1,0.0,-0.3,0.6000000000000001,-0.6000000000000001,95.8,0.0,0.0,264.2,0.0,21.4,25.6,25.6,27.200000000000003,300.0,300.0,29.4,32.300000000000004,27.9,27.200000000000003,29.0,4.95,1.99,4.96,0.16,0.0,0.0,1027.0,8228.0,0.0,0.0,0.0,0.0,0.0,1.0,0.0,0.0,0.0,0.0,0.0,0.1,0.0,-0.6000000000000001,0.0,0.0,16.0,25903.0
2026-07-30T18:57:30.761Z,20.244,20.256,0.0,7.4,0.0,0.0,0.0,0.0,0.0,0.0,0.0,0.0,1.0,0.0,0.0,0.0,9.0,4.0,0.0,0.0,0.0,0.0,0.0,0.0,0.0,0.0,2.0,12.0,1.0,12.15,5.0200000000000005,2.5,1.49,0.0,0.0,0.0,301.1,0.0,-0.8,-0.5,-0.1,95.8,0.0,0.0,264.2,0.0,21.4,25.6,25.6,27.200000000000003,300.0,300.0,29.4,32.300000000000004,27.9,27.200000000000003,29.0,4.95,1.99,4.97,0.16,0.0,0.0,1027.0,8228.0,0.0,0.0,0.0,0.0,0.0,1.0,0.0,0.0,0.0,0.0,0.0,0.1,0.0,0.0,0.0,0.0,16.0,25903.0
2026-07-30T18:57:30.772Z,20.255,20.268,0.0,7.4,0.0,0.0,0.0,0.0,0.0,0.0,0.0,0.0,1.0,0.0,0.0,0.0,9.0,4.0,0.0,0.0,0.0,0.0,0.0,0.0,0.0,0.0,3.0,12.0,1.0,12.15,5.0200000000000005,2.5,1.49,0.0,0.0,0.0,301.1,0.0,-0.9,-0.5,-0.7000000000000001,95.8,0.0,0.0,264.3,0.0,21.4,25.6,25.6,27.200000000000003,300.0,300.0,29.4,32.300000000000004,27.9,27.200000000000003,29.0,4.96,2.0,4.96,0.16,0.0,0.0,1027.0,8228.0,0.0,0.0,0.0,0.0,0.0,1.0,0.0,0.0,0.0,0.0,0.0,0.4,0.0,3.1,0.0,0.0,16.0,25903.0
2026-07-30T18:57:30.784Z,20.267,20.28,0.0,7.4,0.0,0.0,0.0,0.0,0.0,0.0,0.0,0.0,1.0,0.0,0.0,0.0,9.0,4.0,0.0,0.0,0.0,0.0,0.0,0.0,0.0,0.0,4.0,12.0,1.0,12.15,5.0200000000000005,2.5,1.49,0.0,0.1,0.0,301.1,0.0,0.2,0.5,-0.1,95.8,0.0,0.0,264.2,0.0,21.4,25.6,25.6,27.200000000000003,300.0,300.0,29.4,32.300000000000004,27.9,27.200000000000003,29.0,4.96,1.99,4.96,0.15,0.0,0.0,1027.0,8228.0,0.0,0.0,0.0,0.0,0.0,1.0,0.0,0.0,0.0,0.0,0.0,0.2,0.0,-0.5,0.0,0.0,16.0,25903.0
2026-07-30T18:57:30.796Z,20.279,20.292,0.0,7.4,0.0,0.0,0.0,0.0,0.0,0.0,0.0,0.0,1.0,0.0,0.0,0.0,9.0,4.0,0.0,0.0,0.0,0.0,0.0,0.0,0.0,0.0,5.0,12.0,1.0,12.15,5.0200000000000005,2.5,1.49,0.0,0.0,0.0,301.0,0.0,0.2,0.0,-1.2000000000000002,95.8,0.0,0.0,264.2,0.0,21.4,25.6,25.6,27.200000000000003,300.0,300.0,29.4,32.300000000000004,27.9,27.200000000000003,29.0,4.95,1.99,4.96,0.16,0.0,0.0,1027.0,8228.0,0.0,0.0,0.0,0.0,0.0,1.0,0.0,0.0,0.0,0.0,0.0,1.2000000000000002,0.0,0.8,0.0,0.0,16.0,25903.0
2026-07-30T18:57:30.808Z,20.291,20.304,0.0,7.4,0.0,0.0,0.0,0.0,0.0,0.0,0.0,0.0,1.0,0.0,0.0,0.0,9.0,4.0,0.0,0.0,0.0,0.0,0.0,0.0,0.0,0.0,1.0,12.0,1.0,12.15,5.01,2.5,1.49,0.0,0.0,0.0,301.1,0.0,-1.4,0.0,0.0,95.8,0.0,0.0,264.2,0.0,21.200000000000003,25.6,25.6,27.200000000000003,300.0,300.0,29.4,32.300000000000004,27.9,27.200000000000003,29.0,4.96,1.99,4.96,0.16,0.0,0.0,1027.0,8228.0,0.0,0.0,0.0,0.0,0.0,1.0,0.0,0.0,0.0,0.0,0.0,0.0,0.0,0.0,0.0,0.0,16.0,25903.0
2026-07-30T18:57:30.821Z,20.304,20.316,0.0,7.4,0.0,0.0,0.0,0.0,0.0,0.0,0.0,0.0,1.0,0.0,0.0,0.0,9.0,4.0,0.0,0.0,0.0,0.0,0.0,0.0,0.0,0.0,2.0,12.0,1.0,12.15,5.01,2.5,1.49,0.0,0.0,0.0,301.1,0.0,0.3,-1.1,-0.6000000000000001,95.8,0.0,0.0,264.2,0.0,21.200000000000003,25.6,25.6,27.200000000000003,300.0,300.0,29.4,32.300000000000004,27.9,27.200000000000003,29.0,4.95,1.99,4.96,0.16,0.0,0.0,1027.0,8228.0,0.0,0.0,0.0,0.0,0.0,1.0,0.0,0.0,0.0,0.0,0.0,0.4,0.0,1.7000000000000002,0.0,0.0,16.0,25903.0
2026-07-30T18:57:30.832Z,20.315,20.328,0.0,7.4,0.0,0.0,0.0,0.0,0.0,0.0,0.0,0.0,1.0,0.0,0.0,0.0,9.0,4.0,0.0,0.0,0.0,0.0,0.0,0.0,0.0,0.0,2.0,12.0,1.0,12.15,5.01,2.5,1.49,-0.1,0.0,0.0,301.1,0.0,0.2,1.1,2.2,95.8,0.0,0.0,264.2,0.0,21.200000000000003,25.6,25.6,27.200000000000003,300.0,300.0,29.4,32.300000000000004,27.9,27.200000000000003,29.0,4.95,1.99,4.97,0.16,0.0,0.0,1027.0,8228.0,0.0,0.0,0.0,0.0,0.0,1.0,0.0,0.0,0.0,0.0,0.0,-1.9,0.0,-2.8000000000000003,0.0,0.0,16.0,25903.0
2026-07-30T18:57:30.844Z,20.327,20.34,0.0,7.4,0.0,0.0,0.0,0.0,0.0,0.0,0.0,0.0,1.0,0.0,0.0,0.0,9.0,4.0,0.0,0.0,0.0,0.0,0.0,0.0,0.0,0.0,4.0,12.0,1.0,12.15,5.01,2.5,1.49,0.0,0.0,0.0,301.1,0.0,0.2,0.0,-0.7000000000000001,95.8,0.0,0.0,264.2,0.0,21.200000000000003,25.6,25.6,27.200000000000003,300.0,300.0,29.4,32.300000000000004,27.9,27.200000000000003,29.0,4.95,1.99,4.97,0.16,0.0,0.0,1027.0,8228.0,0.0,0.0,0.0,0.0,0.0,1.0,0.0,0.0,0.0,0.0,0.0,0.6000000000000001,0.0,0.4,0.0,0.0,16.0,25903.0
2026-07-30T18:57:30.857Z,20.34,20.352,0.0,7.4,0.0,0.0,0.0,0.0,0.0,0.0,0.0,0.0,1.0,0.0,0.0,0.0,9.0,4.0,0.0,0.0,0.0,0.0,0.0,0.0,0.0,0.0,5.0,12.0,1.0,12.15,5.01,2.5,1.49,0.0,0.0,0.0,301.1,0.0,0.2,-0.5,1.0,95.8,0.0,0.0,264.2,0.0,21.200000000000003,25.6,25.6,27.200000000000003,300.0,300.0,29.4,32.300000000000004,27.9,27.200000000000003,29.0,4.96,1.99,4.96,0.16,0.0,0.0,1027.0,8228.0,0.0,0.0,0.0,0.0,0.0,1.0,0.0,0.0,0.0,0.0,0.0,-1.0,0.0,0.0,0.0,0.0,16.0,25903.0
2026-07-30T18:57:30.869Z,20.352,20.364,0.0,7.4,0.0,0.0,0.0,0.0,0.0,0.0,0.0,0.0,1.0,0.0,0.0,0.0,9.0,4.0,0.0,0.0,0.0,0.0,0.0,0.0,0.0,0.0,6.0,12.0,1.0,12.15,5.01,2.5,1.49,0.0,0.0,0.0,301.1,0.0,-0.3,-0.5,0.5,95.8,0.0,0.0,264.3,0.0,21.200000000000003,25.6,25.6,27.200000000000003,300.0,300.0,29.4,32.300000000000004,27.9,27.200000000000003,29.0,4.95,1.99,4.97,0.16,0.0,0.0,1027.0,8228.0,0.0,0.0,0.0,0.0,0.0,1.0,0.0,0.0,0.0,0.0,0.0,-0.5,0.0,0.3,0.0,0.0,16.0,25903.0
2026-07-30T18:57:30.881Z,20.364,20.376,0.0,7.4,0.0,0.0,0.0,0.0,0.0,0.0,0.0,0.0,1.0,0.0,0.0,0.0,9.0,4.0,0.0,0.0,0.0,0.0,0.0,0.0,0.0,0.0,1.0,12.0,1.0,12.15,5.01,2.5,1.49,0.0,0.0,0.0,301.1,0.0,-1.4,-0.5,-1.2000000000000002,95.8,0.0,0.0,264.3,0.0,21.200000000000003,25.6,25.6,27.200000000000003,300.0,300.0,29.4,32.300000000000004,27.9,27.200000000000003,29.0,4.95,1.99,4.96,0.16,0.0,0.0,1027.0,8228.0,0.0,0.0,0.0,0.0,0.0,1.0,0.0,0.0,0.0,0.0,0.0,1.0,0.0,1.4,0.0,0.0,16.0,25903.0
2026-07-30T18:57:30.893Z,20.376,20.388,0.0,7.4,0.0,0.0,0.0,0.0,0.0,0.0,0.0,0.0,1.0,0.0,0.0,0.0,9.0,4.0,0.0,0.0,0.0,0.0,0.0,0.0,0.0,0.0,2.0,12.0,1.0,12.15,5.01,2.5,1.49,0.0,0.0,0.0,301.1,0.0,-0.2,0.0,0.0,95.8,0.0,0.0,264.2,0.0,21.200000000000003,25.6,25.6,27.200000000000003,300.0,300.0,29.4,32.300000000000004,27.9,27.200000000000003,29.0,4.95,1.99,4.96,0.16,0.0,0.0,1027.0,8228.0,0.0,0.0,0.0,0.0,0.0,1.0,0.0,0.0,0.0,0.0,0.0,0.0,0.0,0.0,0.0,0.0,16.0,25903.0
2026-07-30T18:57:30.906Z,20.389,20.4,0.0,7.4,0.0,0.0,0.0,0.0,0.0,0.0,0.0,0.0,1.0,0.0,0.0,0.0,9.0,4.0,0.0,0.0,0.0,0.0,0.0,0.0,0.0,0.0,3.0,12.0,1.0,12.15,5.0200000000000005,2.51,1.49,0.0,0.0,0.0,301.1,0.0,-0.3,0.0,-0.5,95.8,0.0,0.0,264.2,0.0,21.700000000000003,25.700000000000003,25.700000000000003,27.3,300.0,300.0,29.5,32.2,27.9,27.200000000000003,29.0,4.95,1.99,4.97,0.16,0.0,0.0,1027.0,8228.0,0.0,0.0,0.0,0.0,0.0,1.0,0.0,0.0,0.0,0.0,0.0,0.5,0.0,0.2,0.0,0.0,16.0,25903.0
2026-07-30T18:57:30.916Z,20.399,20.412,0.0,7.4,0.0,0.0,0.0,0.0,0.0,0.0,0.0,0.0,1.0,0.0,0.0,0.0,9.0,4.0,0.0,0.0,0.0,0.0,0.0,0.0,0.0,0.0,4.0,12.0,1.0,12.15,5.0200000000000005,2.51,1.49,0.0,0.0,0.0,301.1,0.0,-0.3,0.1,0.0,95.8,0.0,0.0,264.2,0.0,21.700000000000003,25.700000000000003,25.700000000000003,27.3,300.0,300.0,29.5,32.2,27.9,27.200000000000003,29.0,4.95,1.99,4.97,0.16,0.0,0.0,1027.0,8228.0,0.0,0.0,0.0,0.0,0.0,1.0,0.0,0.0,0.0,0.0,0.0,0.0,0.0,-0.1,0.0,0.0,16.0,25903.0
2026-07-30T18:57:30.929Z,20.412,20.424,0.0,7.4,0.0,0.0,0.0,0.0,0.0,0.0,0.0,0.0,1.0,0.0,0.0,0.0,9.0,4.0,0.0,0.0,0.0,0.0,0.0,0.0,0.0,0.0,5.0,12.0,1.0,12.15,5.0200000000000005,2.51,1.49,0.0,0.0,0.0,301.1,0.0,-0.3,1.2000000000000002,0.0,95.8,0.0,0.0,264.2,0.0,21.700000000000003,25.700000000000003,25.700000000000003,27.3,300.0,300.0,29.5,32.2,27.9,27.200000000000003,29.0,4.95,1.99,4.96,0.16,0.0,0.0,1027.0,8228.0,0.0,0.0,0.0,0.0,0.0,1.0,0.0,0.0,0.0,0.0,0.0,0.1,0.0,-1.4,0.0,0.0,16.0,25903.0
2026-07-30T18:57:30.941Z,20.424,20.436,0.0,7.4,0.0,0.0,0.0,0.0,0.0,0.0,0.0,0.0,1.0,0.0,0.0,0.0,9.0,4.0,0.0,0.0,0.0,0.0,0.0,0.0,0.0,0.0,6.0,12.0,1.0,12.15,5.0200000000000005,2.51,1.49,0.0,0.0,0.0,301.1,0.0,0.2,-0.5,0.0,95.8,0.0,0.0,264.2,0.0,21.700000000000003,25.700000000000003,25.700000000000003,27.3,300.0,300.0,29.5,32.2,27.9,27.200000000000003,29.0,4.96,1.99,4.96,0.16,0.0,0.0,1027.0,8228.0,0.0,0.0,0.0,0.0,0.0,1.0,0.0,0.0,0.0,0.0,0.0,0.0,0.0,0.5,0.0,0.0,16.0,25903.0
2026-07-30T18:57:30.953Z,20.436,20.448,0.0,7.4,0.0,0.0,0.0,0.0,0.0,0.0,0.0,0.0,1.0,0.0,0.0,0.0,9.0,4.0,0.0,0.0,0.0,0.0,0.0,0.0,0.0,0.0,1.0,12.0,1.0,12.15,5.0200000000000005,2.51,1.49,0.0,0.0,0.0,301.1,0.0,-0.3,0.6000000000000001,0.0,95.8,0.0,0.0,264.2,0.0,21.700000000000003,25.700000000000003,25.700000000000003,27.3,300.0,300.0,29.5,32.2,27.9,27.200000000000003,29.0,4.95,1.99,4.97,0.16,0.0,0.0,1027.0,8228.0,0.0,0.0,0.0,0.0,0.0,1.0,0.0,0.0,0.0,0.0,0.0,0.0,0.0,-0.7000000000000001,0.0,0.0,16.0,25903.0
2026-07-30T18:57:30.965Z,20.448,20.46,0.0,7.4,0.0,0.0,0.0,0.0,0.0,0.0,0.0,0.0,1.0,0.0,0.0,0.0,9.0,4.0,0.0,0.0,0.0,0.0,0.0,0.0,0.0,0.0,3.0,12.0,1.0,12.15,5.0200000000000005,2.51,1.49,0.0,0.0,0.0,301.1,0.0,-0.9,0.1,-0.5,95.8,0.0,0.0,264.40000000000003,0.0,21.700000000000003,25.700000000000003,25.700000000000003,27.3,300.0,300.0,29.5,32.2,27.9,27.200000000000003,29.0,4.96,1.99,4.96,0.16,0.0,0.0,1027.0,8228.0,0.0,0.0,0.0,0.0,0.0,1.0,0.0,0.0,0.0,0.0,0.0,0.5,0.0,0.2,0.0,0.0,16.0,25903.0
2026-07-30T18:57:30.977Z,20.46,20.472,0.0,7.4,0.0,0.0,0.0,0.0,0.0,0.0,0.0,0.0,1.0,0.0,0.0,0.0,9.0,4.0,0.0,0.0,0.0,0.0,0.0,0.0,0.0,0.0,4.0,12.0,1.0,12.15,5.0200000000000005,2.51,1.49,0.0,0.0,0.0,301.1,0.0,0.2,0.0,-0.5,95.8,0.0,0.0,264.2,0.0,21.700000000000003,25.700000000000003,25.700000000000003,27.3,300.0,300.0,29.5,32.2,27.9,27.200000000000003,29.0,4.96,2.0,4.96,0.16,0.0,0.0,1027.0,8228.0,0.0,0.0,0.0,0.0,0.0,1.0,0.0,0.0,0.0,0.0,0.0,0.5,0.0,0.2,0.0,0.0,16.0,25903.0
2026-07-30T18:57:30.988Z,20.471,20.484,0.0,7.4,0.0,0.0,0.0,0.0,0.0,0.0,0.0,0.0,1.0,0.0,0.0,0.0,9.0,4.0,0.0,0.0,0.0,0.0,0.0,0.0,0.0,0.0,4.0,12.0,1.0,12.15,5.0200000000000005,2.51,1.49,0.0,0.0,0.0,301.1,0.0,-0.9,-0.4,-1.7000000000000002,95.8,0.0,0.0,264.2,0.0,21.700000000000003,25.700000000000003,25.700000000000003,27.3,300.0,300.0,29.5,32.2,27.9,27.200000000000003,29.0,4.95,1.99,4.96,0.16,0.0,0.0,1027.0,8228.0,0.0,0.0,0.0,0.0,0.0,1.0,0.0,0.0,0.0,0.0,0.0,1.5,0.0,1.7000000000000002,0.0,0.0,16.0,25903.0
2026-07-30T18:57:31.001Z,20.484,20.496,0.0,7.4,0.0,0.0,0.0,0.0,0.0,0.0,0.0,0.0,1.0,0.0,0.0,0.0,9.0,4.0,0.0,0.0,0.0,0.0,0.0,0.0,0.0,0.0,5.0,12.0,1.0,12.15,5.0200000000000005,2.51,1.49,0.0,0.0,0.0,301.1,0.0,0.8,0.1,1.2000000000000002,95.8,0.0,0.0,264.2,0.0,21.700000000000003,25.700000000000003,25.700000000000003,27.3,300.0,300.0,29.5,32.2,27.9,27.200000000000003,29.0,4.95,1.99,4.96,0.16,0.0,0.0,1027.0,8228.0,0.0,0.0,0.0,0.0,0.0,1.0,0.0,0.0,0.0,0.0,0.0,-1.1,0.0,-0.9,0.0,0.0,16.0,25903.0
2026-07-30T18:57:31.013Z,20.496,20.508,0.0,7.4,0.0,0.0,0.0,0.0,0.0,0.0,0.0,0.0,1.0,0.0,0.0,0.0,9.0,4.0,0.0,0.0,0.0,0.0,0.0,0.0,0.0,0.0,1.0,12.0,1.0,12.15,5.01,2.5,1.49,0.0,0.0,0.0,301.1,0.0,0.7000000000000001,-0.4,1.7000000000000002,95.8,0.0,0.0,264.2,0.0,21.4,25.700000000000003,25.700000000000003,27.3,300.0,300.0,29.5,32.300000000000004,27.9,27.200000000000003,29.0,4.95,1.99,4.96,0.16,0.0,0.0,1027.0,8228.0,0.0,0.0,0.0,0.0,0.0,1.0,0.0,0.0,0.0,0.0,0.0,-1.7000000000000002,0.0,-0.6000000000000001,0.0,0.0,16.0,25903.0
2026-07-30T18:57:31.024Z,20.507,20.52,0.0,7.4,0.0,0.0,0.0,0.0,0.0,0.0,0.0,0.0,1.0,0.0,0.0,0.0,9.0,4.0,0.0,0.0,0.0,0.0,0.0,0.0,0.0,0.0,2.0,12.0,1.0,12.15,5.01,2.5,1.49,0.0,0.0,0.0,301.1,0.0,0.2,1.2000000000000002,-1.7000000000000002,95.8,0.0,0.0,264.2,0.0,21.4,25.700000000000003,25.700000000000003,27.3,300.0,300.0,29.5,32.300000000000004,27.9,27.200000000000003,29.0,4.95,1.99,4.97,0.16,0.0,0.0,1027.0,8228.0,0.0,0.0,0.0,0.0,0.0,1.0,0.0,0.0,0.0,0.0,0.0,1.7000000000000002,0.0,-0.2,0.0,0.0,16.0,25903.0
2026-07-30T18:57:31.037Z,20.52,20.532,0.0,7.4,0.0,0.0,0.0,0.0,0.0,0.0,0.0,0.0,1.0,0.0,0.0,0.0,9.0,4.0,0.0,0.0,0.0,0.0,0.0,0.0,0.0,0.0,4.0,12.0,1.0,12.15,5.01,2.5,1.49,0.0,0.0,0.0,301.1,0.0,0.2,0.6000000000000001,0.0,95.8,0.0,0.0,264.2,0.0,21.4,25.700000000000003,25.700000000000003,27.3,300.0,300.0,29.5,32.300000000000004,27.9,27.200000000000003,29.0,4.95,2.0,4.97,0.16,0.0,0.0,1027.0,8228.0,0.0,0.0,0.0,0.0,0.0,1.0,0.0,0.0,0.0,0.0,0.0,0.1,0.0,-0.7000000000000001,0.0,0.0,16.0,25903.0
2026-07-30T18:57:31.049Z,20.532,20.544,0.0,7.4,0.0,0.0,0.0,0.0,0.0,0.0,0.0,0.0,1.0,0.0,0.0,0.0,9.0,4.0,0.0,0.0,0.0,0.0,0.0,0.0,0.0,0.0,5.0,12.0,1.0,12.15,5.01,2.5,1.49,0.0,0.0,0.0,301.1,0.0,0.2,-0.4,0.0,95.8,0.0,0.0,264.2,0.0,21.4,25.700000000000003,25.700000000000003,27.3,300.0,300.0,29.5,32.300000000000004,27.9,27.200000000000003,29.0,4.95,2.0,4.96,0.16,0.0,0.0,1027.0,8228.0,0.0,0.0,0.0,0.0,0.0,1.0,0.0,0.0,0.0,0.0,0.0,0.0,0.0,0.4,0.0,0.0,16.0,25903.0
2026-07-30T18:57:31.060Z,20.543,20.556,0.0,7.4,0.0,0.0,0.0,0.0,0.0,0.0,0.0,0.0,1.0,0.0,0.0,0.0,9.0,4.0,0.0,0.0,0.0,0.0,0.0,0.0,0.0,0.0,6.0,12.0,1.0,12.15,5.01,2.5,1.49,-0.1,0.0,0.0,301.1,0.0,-0.9,0.1,0.0,95.8,0.0,0.0,264.2,0.0,21.4,25.700000000000003,25.700000000000003,27.3,300.0,300.0,29.5,32.300000000000004,27.9,27.200000000000003,29.0,4.95,2.0,4.97,0.16,0.0,0.0,1027.0,8228.0,0.0,0.0,0.0,0.0,0.0,1.0,0.0,0.0,0.0,0.0,0.0,0.0,0.0,-0.1,0.0,0.0,16.0,25903.0
2026-07-30T18:57:31.073Z,20.556,20.568,0.0,7.4,0.0,0.0,0.0,0.0,0.0,0.0,0.0,0.0,1.0,0.0,0.0,0.0,9.0,4.0,0.0,0.0,0.0,0.0,0.0,0.0,0.0,0.0,1.0,12.0,1.0,12.15,5.01,2.5,1.49,0.0,0.0,0.0,301.1,0.0,0.1,0.7000000000000001,1.6,95.8,0.0,0.0,264.3,0.0,21.4,25.700000000000003,25.700000000000003,27.3,300.0,300.0,29.5,32.300000000000004,27.9,27.200000000000003,29.0,4.95,1.99,4.97,0.16,0.0,0.0,1027.0,8228.0,0.0,0.0,0.0,0.0,0.0,1.0,0.0,0.0,0.0,0.0,0.0,-1.5,0.0,0.9,0.0,0.0,16.0,25903.0
2026-07-30T18:57:31.085Z,20.568,20.58,0.0,7.4,0.0,0.0,0.0,0.0,0.0,0.0,0.0,0.0,1.0,0.0,0.0,0.0,9.0,4.0,0.0,0.0,0.0,0.0,0.0,0.0,0.0,0.0,2.0,12.0,1.0,12.15,5.01,2.5,1.49,0.0,0.1,0.0,301.1,0.0,0.2,0.1,0.0,95.8,0.0,0.0,264.2,0.0,21.4,25.700000000000003,25.700000000000003,27.3,300.0,300.0,29.5,32.300000000000004,27.9,27.200000000000003,29.0,4.95,1.99,4.97,0.16,0.0,0.0,1027.0,8228.0,0.0,0.0,0.0,0.0,0.0,1.0,0.0,0.0,0.0,0.0,0.0,-0.9,0.0,-1.6,0.0,0.0,16.0,25903.0
2026-07-30T18:57:31.096Z,20.579,20.592,0.0,7.4,0.0,0.0,0.0,0.0,0.0,0.0,0.0,0.0,1.0,0.0,0.0,0.0,9.0,4.0,0.0,0.0,0.0,0.0,0.0,0.0,0.0,0.0,4.0,12.0,1.0,12.15,5.01,2.5,1.49,0.0,0.0,0.0,301.1,0.0,0.7000000000000001,-0.4,-0.6000000000000001,95.8,0.0,0.0,264.2,0.0,21.4,25.700000000000003,25.700000000000003,27.3,300.0,300.0,29.5,32.300000000000004,27.9,27.200000000000003,29.0,4.96,1.99,4.97,0.16,0.0,0.0,1027.0,8228.0,0.0,0.0,0.0,0.0,0.0,1.0,0.0,0.0,0.0,0.0,0.0,1.2000000000000002,0.0,0.7000000000000001,0.0,0.0,16.0,25903.0
2026-07-30T18:57:31.110Z,20.593,20.604,0.0,7.4,0.0,0.0,0.0,0.0,0.0,0.0,0.0,0.0,1.0,0.0,0.0,0.0,9.0,4.0,0.0,0.0,0.0,0.0,0.0,0.0,0.0,0.0,5.0,12.0,1.0,12.15,5.01,2.5,1.49,0.0,0.0,0.0,301.1,0.0,-0.4,-0.4,0.4,95.8,0.0,0.0,264.2,0.0,21.4,25.700000000000003,25.700000000000003,27.3,300.0,300.0,29.4,32.300000000000004,27.9,27.200000000000003,29.1,4.95,1.99,4.97,0.16,0.0,0.0,1027.0,8228.0,0.0,0.0,0.0,0.0,0.0,1.0,0.0,0.0,0.0,0.0,0.0,-0.4,0.0,0.2,0.0,0.0,16.0,25903.0
2026-07-30T18:57:31.121Z,20.604,20.616,0.0,7.4,0.0,0.0,0.0,0.0,0.0,0.0,0.0,0.0,1.0,0.0,0.0,0.0,9.0,4.0,0.0,0.0,0.0,0.0,0.0,0.0,0.0,0.0,6.0,12.0,1.0,12.15,5.01,2.5,1.49,0.0,0.0,0.0,301.1,0.0,-1.0,-0.4,-0.7000000000000001,95.8,0.0,0.0,264.2,0.0,21.4,25.700000000000003,25.700000000000003,27.3,300.0,300.0,29.4,32.300000000000004,27.9,27.200000000000003,29.1,4.95,1.99,4.97,0.16,0.0,0.0,1027.0,8228.0,0.0,0.0,0.0,0.0,0.0,1.0,0.0,0.0,0.0,0.0,0.0,-0.3,0.0,-1.1,0.0,0.0,16.0,25903.0
2026-07-30T18:57:31.133Z,20.616,20.628,0.0,7.4,0.0,0.0,0.0,0.0,0.0,0.0,0.0,0.0,1.0,0.0,0.0,0.0,9.0,4.0,0.0,0.0,0.0,0.0,0.0,0.0,0.0,0.0,1.0,12.0,1.0,12.15,5.01,2.5,1.49,0.0,0.0,0.0,301.1,0.0,0.1,-0.4,0.4,95.8,0.0,0.0,264.2,0.0,21.4,25.700000000000003,25.700000000000003,27.3,300.0,300.0,29.4,32.300000000000004,27.9,27.200000000000003,29.1,4.96,2.0,4.97,0.16,0.0,0.0,1027.0,8228.0,0.0,0.0,0.0,0.0,0.0,1.0,0.0,0.0,0.0,0.0,0.0,0.1,0.0,-0.7000000000000001,0.0,0.0,16.0,25903.0
2026-07-30T18:57:31.145Z,20.628,20.64,0.0,7.4,0.0,0.0,0.0,0.0,0.0,0.0,0.0,0.0,1.0,0.0,0.0,0.0,9.0,4.0,0.0,0.0,0.0,0.0,0.0,0.0,0.0,0.0,2.0,12.0,1.0,12.15,5.01,2.5,1.49,0.0,0.0,0.0,301.2,0.0,0.7000000000000001,0.1,0.0,95.8,0.0,0.0,264.2,0.0,21.4,25.700000000000003,25.700000000000003,27.3,300.0,300.0,29.4,32.300000000000004,27.9,27.200000000000003,29.1,4.95,2.0,4.96,0.16,0.0,0.0,1027.0,8228.0,0.0,0.0,0.0,0.0,0.0,1.0,0.0,0.0,0.0,0.0,0.0,-1.0,0.0,-0.8,0.0,0.0,16.0,25903.0
2026-07-30T18:57:31.157Z,20.64,20.652,0.0,7.4,0.0,0.0,0.0,0.0,0.0,0.0,0.0,0.0,1.0,0.0,0.0,0.0,9.0,4.0,0.0,0.0,0.0,0.0,0.0,0.0,0.0,0.0,3.0,12.0,1.0,12.15,5.01,2.5,1.49,0.0,0.0,0.0,301.1,0.0,-0.3,0.1,0.5,95.8,0.0,0.0,264.2,0.0,21.4,25.700000000000003,25.700000000000003,27.3,300.0,300.0,29.4,32.300000000000004,27.9,27.200000000000003,29.1,4.95,1.99,4.97,0.16,0.0,0.0,1027.0,8228.0,0.0,0.0,0.0,0.0,0.0,1.0,0.0,0.0,0.0,0.0,0.0,0.5,0.0,0.2,0.0,0.0,16.0,25903.0
2026-07-30T18:57:31.168Z,20.651,20.664,0.0,7.4,0.0,0.0,0.0,0.0,0.0,0.0,0.0,0.0,1.0,0.0,0.0,0.0,9.0,4.0,0.0,0.0,0.0,0.0,0.0,0.0,0.0,0.0,4.0,12.0,1.0,12.15,5.01,2.5,1.49,0.0,0.0,0.0,301.1,0.0,0.8,1.3,1.1,95.8,0.0,0.0,264.40000000000003,0.0,21.4,25.700000000000003,25.700000000000003,27.3,300.0,300.0,29.4,32.300000000000004,27.9,27.200000000000003,29.1,4.95,1.99,4.96,0.16,0.0,0.0,1027.0,8228.0,0.0,0.0,0.0,0.0,0.0,1.0,0.0,0.0,0.0,0.0,0.0,0.5,0.0,0.8,0.0,0.0,16.0,25903.0
2026-07-30T18:57:31.181Z,20.664,20.676,0.0,7.4,0.0,0.0,0.0,0.0,0.0,0.0,0.0,0.0,1.0,0.0,0.0,0.0,9.0,4.0,0.0,0.0,0.0,0.0,0.0,0.0,0.0,0.0,5.0,12.0,1.0,12.15,5.01,2.5,1.49,0.0,0.0,0.0,301.1,0.0,0.2,0.7000000000000001,-0.6000000000000001,95.8,0.0,0.0,264.2,0.0,21.4,25.700000000000003,25.700000000000003,27.3,300.0,300.0,29.4,32.300000000000004,27.9,27.200000000000003,29.1,4.95,1.99,4.96,0.16,0.0,0.0,1027.0,8228.0,0.0,0.0,0.0,0.0,0.0,1.0,0.0,0.0,0.0,0.0,0.0,-1.4,0.0,-2.7,0.0,0.0,16.0,25903.0
2026-07-30T18:57:31.193Z,20.676,20.688,0.0,7.4,0.0,0.0,0.0,0.0,0.0,0.0,0.0,0.0,1.0,0.0,0.0,0.0,9.0,4.0,0.0,0.0,0.0,0.0,0.0,0.0,0.0,0.0,6.0,12.0,1.0,12.15,5.01,2.5,1.49,0.0,0.0,0.0,301.1,0.0,-0.9,0.1,1.1,95.8,0.0,0.0,264.2,0.0,21.4,25.700000000000003,25.700000000000003,27.3,300.0,300.0,29.4,32.300000000000004,27.9,27.200000000000003,29.1,4.95,1.99,4.97,0.16,0.0,0.0,1027.0,8228.0,0.0,0.0,0.0,0.0,0.0,1.0,0.0,0.0,0.0,0.0,0.0,0.5,0.0,0.8,0.0,0.0,16.0,25903.0
2026-07-30T18:57:31.205Z,20.688,20.7,0.0,7.4,0.0,0.0,0.0,0.0,0.0,0.0,0.0,0.0,1.0,0.0,0.0,0.0,9.0,4.0,0.0,0.0,0.0,0.0,0.0,0.0,0.0,0.0,1.0,12.0,1.0,12.15,5.01,2.5,1.49,0.0,0.0,0.0,301.1,0.0,-0.2,0.1,1.1,95.8,0.0,0.0,264.2,0.0,21.4,25.700000000000003,25.700000000000003,27.3,300.0,300.0,29.4,32.300000000000004,27.9,27.200000000000003,29.1,4.96,1.99,4.97,0.16,0.0,0.0,1027.0,8228.0,0.0,0.0,0.0,0.0,0.0,1.0,0.0,0.0,0.0,0.0,0.0,-1.0,0.0,-0.9,0.0,0.0,16.0,25903.0
2026-07-30T18:57:31.217Z,20.7,20.712,-0.1,7.4,0.0,0.0,0.0,0.0,0.0,0.0,0.0,0.0,1.0,0.0,0.0,0.0,9.0,4.0,0.0,0.0,0.0,0.0,0.0,0.0,0.0,0.0,2.0,12.0,1.0,12.14,5.0200000000000005,2.5,1.49,0.0,0.0,0.0,301.1,0.0,-0.2,0.1,0.0,95.8,0.0,0.0,264.2,0.0,21.4,25.8,25.8,27.4,300.0,300.0,29.5,32.300000000000004,27.9,27.200000000000003,29.1,4.96,1.99,4.96,0.16,0.0,0.0,1027.0,8228.0,0.0,0.0,0.0,0.0,0.0,1.0,0.0,0.0,0.0,0.0,0.0,0.0,0.0,-0.2,0.0,0.0,16.0,25903.0
2026-07-30T18:57:31.229Z,20.712,20.724,-0.1,7.4,0.0,0.0,0.0,0.0,0.0,0.0,0.0,0.0,1.0,0.0,0.0,0.0,9.0,4.0,0.0,0.0,0.0,0.0,0.0,0.0,0.0,0.0,3.0,12.0,1.0,12.14,5.0200000000000005,2.5,1.49,0.0,0.0,0.0,301.1,0.0,-0.2,0.7000000000000001,0.5,95.8,0.0,0.0,264.2,0.0,21.4,25.8,25.8,27.4,300.0,300.0,29.5,32.300000000000004,27.9,27.200000000000003,29.1,4.95,1.99,4.96,0.16,0.0,0.0,1027.0,8228.0,0.0,0.0,0.0,0.0,0.0,1.0,0.0,0.0,0.0,0.0,0.0,-0.4,0.0,-1.3,0.0,0.0,16.0,25903.0
2026-07-30T18:57:31.240Z,20.723,20.736,-0.1,7.4,0.0,0.0,0.0,0.0,0.0,0.0,0.0,0.0,1.0,0.0,0.0,0.0,9.0,4.0,0.0,0.0,0.0,0.0,0.0,0.0,0.0,0.0,4.0,12.0,1.0,12.14,5.0200000000000005,2.5,1.49,0.0,0.0,0.0,301.1,0.0,-0.2,0.2,0.6000000000000001,95.8,0.0,0.0,264.2,0.0,21.4,25.8,25.8,27.4,300.0,300.0,29.5,32.300000000000004,27.9,27.200000000000003,29.1,4.95,1.99,4.97,0.16,0.0,0.0,1027.0,8228.0,0.0,0.0,0.0,0.0,0.0,1.0,0.0,0.0,0.0,0.0,0.0,-0.5,0.0,-0.6000000000000001,0.0,0.0,16.0,25903.0
2026-07-30T18:57:31.252Z,20.735,20.748,-0.1,7.4,0.0,0.0,0.0,0.0,0.0,0.0,0.0,0.0,1.0,0.0,0.0,0.0,9.0,4.0,0.0,0.0,0.0,0.0,0.0,0.0,0.0,0.0,6.0,12.0,1.0,12.14,5.0200000000000005,2.5,1.49,0.0,0.0,0.0,301.1,0.0,-0.2,-0.3,-0.5,95.8,0.0,0.0,264.2,0.0,21.4,25.8,25.8,27.4,300.0,300.0,29.5,32.300000000000004,27.9,27.200000000000003,29.1,4.96,1.99,4.96,0.16,0.0,0.0,1027.0,8228.0,0.0,0.0,0.0,0.0,0.0,1.0,0.0,0.0,0.0,0.0,0.0,0.4,0.0,0.7000000000000001,0.0,0.0,16.0,25903.0
2026-07-30T18:57:31.264Z,20.747,20.76,-0.1,7.4,0.0,0.0,0.0,0.0,0.0,0.0,0.0,0.0,1.0,0.0,0.0,0.0,9.0,4.0,0.0,0.0,0.0,0.0,0.0,0.0,0.0,0.0,1.0,12.0,1.0,12.14,5.0200000000000005,2.5,1.49,0.0,0.0,0.0,301.1,0.0,0.3,-0.9,0.0,95.8,0.0,0.0,264.2,0.0,21.4,25.8,25.8,27.4,300.0,300.0,29.5,32.300000000000004,27.9,27.200000000000003,29.1,4.96,1.99,4.97,0.16,0.0,0.0,1027.0,8228.0,0.0,0.0,0.0,0.0,0.0,1.0,0.0,0.0,0.0,0.0,0.0,-0.1,0.0,1.1,0.0,0.0,16.0,25903.0
2026-07-30T18:57:31.277Z,20.76,20.772,-0.1,7.4,0.0,0.0,0.0,0.0,0.0,0.0,0.0,0.0,1.0,0.0,0.0,0.0,9.0,4.0,0.0,0.0,0.0,0.0,0.0,0.0,0.0,0.0,2.0,12.0,1.0,12.14,5.0200000000000005,2.5,1.49,0.0,0.0,0.0,301.1,0.0,0.9,0.1,-1.1,95.8,0.0,0.0,264.3,0.0,21.4,25.8,25.8,27.4,300.0,300.0,29.5,32.300000000000004,27.9,27.200000000000003,29.1,4.95,2.0,4.97,0.16,0.0,0.0,1027.0,8228.0,0.0,0.0,0.0,0.0,0.0,1.0,0.0,0.0,0.0,0.0,0.0,-0.5,0.0,-0.5,0.0,0.0,16.0,25903.0
2026-07-30T18:57:31.289Z,20.772,20.784,-0.1,7.4,0.0,0.0,0.0,0.0,0.0,0.0,0.0,0.0,1.0,0.0,0.0,0.0,9.0,4.0,0.0,0.0,0.0,0.0,0.0,0.0,0.0,0.0,3.0,12.0,1.0,12.14,5.0200000000000005,2.5,1.49,0.0,0.0,0.0,301.1,0.0,-0.8,-0.4,0.0,95.8,0.0,0.0,264.2,0.0,21.4,25.8,25.8,27.4,300.0,300.0,29.5,32.300000000000004,27.9,27.200000000000003,29.1,4.96,2.0,4.96,0.16,0.0,0.0,1027.0,8228.0,0.0,0.0,0.0,0.0,0.0,1.0,0.0,0.0,0.0,0.0,0.0,-0.1,0.0,0.4,0.0,0.0,16.0,25903.0
2026-07-30T18:57:31.301Z,20.784,20.796,-0.1,7.4,0.0,0.0,0.0,0.0,0.0,0.0,0.0,0.0,1.0,0.0,0.0,0.0,9.0,4.0,0.0,0.0,0.0,0.0,0.0,0.0,0.0,0.0,4.0,12.0,1.0,12.14,5.0200000000000005,2.5,1.49,0.0,0.1,0.0,301.1,0.0,-0.2,0.0,1.8,95.8,0.0,0.0,264.2,0.0,21.4,25.8,25.8,27.4,300.0,300.0,29.5,32.300000000000004,27.9,27.200000000000003,29.1,4.96,2.0,4.96,0.16,0.0,0.0,1027.0,8228.0,0.0,0.0,0.0,0.0,0.0,1.0,0.0,0.0,0.0,0.0,0.0,-1.6,0.0,-1.3,0.0,0.0,16.0,25903.0
2026-07-30T18:57:31.313Z,20.796,20.808,-0.1,7.4,0.0,0.0,0.0,0.0,0.0,0.0,0.0,0.0,1.0,0.0,0.0,0.0,9.0,4.0,0.0,0.0,0.0,0.0,0.0,0.0,0.0,0.0,4.0,12.0,1.0,12.15,5.0200000000000005,2.51,1.49,0.0,0.1,0.0,301.1,0.0,0.3,0.6000000000000001,0.0,95.8,0.0,0.0,264.2,0.0,21.3,25.8,25.8,27.4,300.0,300.0,29.5,32.300000000000004,27.9,27.200000000000003,29.1,4.96,1.99,4.97,0.16,0.0,0.0,1027.0,8228.0,0.0,0.0,0.0,0.0,0.0,1.0,0.0,0.0,0.0,0.0,0.0,0.0,0.0,-0.7000000000000001,0.0,0.0,16.0,25903.0
2026-07-30T18:57:31.324Z,20.807,20.82,-0.1,7.4,0.0,0.0,0.0,0.0,0.0,0.0,0.0,0.0,1.0,0.0,0.0,0.0,9.0,4.0,0.0,0.0,0.0,0.0,0.0,0.0,0.0,0.0,6.0,12.0,1.0,12.15,5.0200000000000005,2.51,1.49,0.0,0.1,0.0,301.1,0.0,-0.8,0.0,-0.5,95.8,0.0,0.0,264.2,0.0,21.3,25.8,25.8,27.4,300.0,300.0,29.5,32.300000000000004,27.9,27.200000000000003,29.1,4.95,1.99,4.97,0.16,0.0,0.0,1027.0,8228.0,0.0,0.0,0.0,0.0,0.0,1.0,0.0,0.0,0.0,0.0,0.0,0.5,0.0,0.2,0.0,0.0,16.0,25903.0
2026-07-30T18:57:31.337Z,20.82,20.832,-0.1,7.4,0.0,0.0,0.0,0.0,0.0,0.0,0.0,0.0,1.0,0.0,0.0,0.0,9.0,4.0,0.0,0.0,0.0,0.0,0.0,0.0,0.0,0.0,1.0,12.0,1.0,12.15,5.0200000000000005,2.51,1.49,0.0,0.1,0.0,301.1,0.0,-0.3,-0.4,-1.1,95.8,0.0,0.0,264.2,0.0,21.3,25.8,25.8,27.4,300.0,300.0,29.5,32.300000000000004,27.9,27.200000000000003,29.1,4.96,1.99,4.96,0.16,0.0,0.0,1027.0,8228.0,0.0,0.0,0.0,0.0,0.0,1.0,0.0,0.0,0.0,0.0,0.0,0.9,0.0,1.3,0.0,0.0,16.0,25903.0
2026-07-30T18:57:31.349Z,20.832,20.844,-0.1,7.4,0.0,0.0,0.0,0.0,0.0,0.0,0.0,0.0,1.0,0.0,0.0,0.0,9.0,4.0,0.0,0.0,0.0,0.0,0.0,0.0,0.0,0.0,2.0,12.0,1.0,12.15,5.0200000000000005,2.51,1.49,0.0,0.0,0.0,301.1,0.0,0.2,-0.4,-0.5,95.8,0.0,0.0,264.2,0.0,21.3,25.8,25.8,27.4,300.0,300.0,29.5,32.300000000000004,27.9,27.200000000000003,29.1,4.95,1.99,4.96,0.16,0.0,0.0,1027.0,8228.0,0.0,0.0,0.0,0.0,0.0,1.0,0.0,0.0,0.0,0.0,0.0,0.4,0.0,0.8,0.0,0.0,16.0,25903.0
2026-07-30T18:57:31.360Z,20.843,20.856,-0.1,7.4,0.0,0.0,0.0,0.0,0.0,0.0,0.0,0.0,1.0,0.0,0.0,0.0,9.0,4.0,0.0,0.0,0.0,0.0,0.0,0.0,0.0,0.0,3.0,12.0,1.0,12.15,5.0200000000000005,2.51,1.49,0.0,0.0,0.0,301.1,0.0,-0.9,0.1,1.2000000000000002,95.8,0.0,0.0,264.2,0.0,21.3,25.8,25.8,27.4,300.0,300.0,29.5,32.300000000000004,27.9,27.200000000000003,29.1,4.95,1.99,4.96,0.16,0.0,0.0,1027.0,8228.0,0.0,0.0,0.0,0.0,0.0,1.0,0.0,0.0,0.0,0.0,0.0,-1.1,0.0,-0.9,0.0,0.0,16.0,25903.0
2026-07-30T18:57:31.373Z,20.856,20.868,-0.1,7.4,0.0,0.0,0.0,0.0,0.0,0.0,0.0,0.0,1.0,0.0,0.0,0.0,9.0,4.0,0.0,0.0,0.0,0.0,0.0,0.0,0.0,0.0,5.0,12.0,1.0,12.15,5.0200000000000005,2.51,1.49,0.0,0.0,0.0,301.1,0.0,-0.2,1.2000000000000002,0.0,95.8,0.0,0.0,264.3,0.0,21.3,25.8,25.8,27.4,300.0,300.0,29.5,32.300000000000004,27.9,27.200000000000003,29.1,4.96,2.0,4.96,0.16,0.0,0.0,1027.0,8228.0,0.0,0.0,0.0,0.0,0.0,1.0,0.0,0.0,0.0,0.0,0.0,0.0,0.0,-1.4,0.0,0.0,16.0,25903.0
2026-07-30T18:57:31.385Z,20.868,20.88,-0.1,7.4,0.0,0.0,0.0,0.0,0.0,0.0,0.0,0.0,1.0,0.0,0.0,0.0,9.0,4.0,0.0,0.0,0.0,0.0,0.0,0.0,0.0,0.0,6.0,12.0,1.0,12.15,5.0200000000000005,2.51,1.49,0.0,0.0,0.0,301.1,0.0,0.2,-0.4,1.7000000000000002,95.8,0.0,0.0,264.2,0.0,21.3,25.8,25.8,27.4,300.0,300.0,29.5,32.300000000000004,27.9,27.200000000000003,29.1,4.95,2.0,4.96,0.16,0.0,0.0,1027.0,8228.0,0.0,0.0,0.0,0.0,0.0,1.0,0.0,0.0,0.0,0.0,0.0,-1.6,0.0,-0.5,0.0,0.0,16.0,25903.0
2026-07-30T18:57:31.396Z,20.879,20.892,-0.1,7.4,0.0,0.0,0.0,0.0,0.0,0.0,0.0,0.0,1.0,0.0,0.0,0.0,9.0,4.0,0.0,0.0,0.0,0.0,0.0,0.0,0.0,0.0,1.0,12.0,1.0,12.15,5.0200000000000005,2.51,1.49,0.0,0.0,0.0,301.1,0.0,-0.3,-0.4,0.0,95.8,0.0,0.0,264.2,0.0,21.3,25.8,25.8,27.4,300.0,300.0,29.5,32.300000000000004,27.9,27.200000000000003,29.1,4.95,1.99,4.97,0.16,0.0,0.0,1027.0,8228.0,0.0,0.0,0.0,0.0,0.0,1.0,0.0,0.0,0.0,0.0,0.0,0.0,0.0,0.5,0.0,0.0,16.0,25903.0
2026-07-30T18:57:31.409Z,20.892,20.904,-0.1,7.4,0.0,0.0,0.0,0.0,0.0,0.0,0.0,0.0,1.0,0.0,0.0,0.0,9.0,4.0,0.0,0.0,0.0,0.0,0.0,0.0,0.0,0.0,2.0,12.0,1.0,12.15,5.0200000000000005,2.51,1.49,0.0,0.0,0.0,301.1,0.0,0.8,0.1,-0.6000000000000001,95.8,0.0,0.0,264.2,0.0,21.3,25.8,25.8,27.4,300.0,300.0,29.5,32.300000000000004,27.9,27.200000000000003,29.1,4.95,1.99,4.96,0.16,0.0,0.0,1027.0,8228.0,0.0,0.0,0.0,0.0,0.0,1.0,0.0,0.0,0.0,0.0,0.0,0.6000000000000001,0.0,0.3,0.0,0.0,16.0,25903.0
2026-07-30T18:57:31.420Z,20.903,20.916,-0.1,7.4,0.0,0.0,0.0,0.0,0.0,0.0,0.0,0.0,1.0,0.0,0.0,0.0,9.0,4.0,0.0,0.0,0.0,0.0,0.0,0.0,0.0,0.0,3.0,12.0,1.0,12.14,5.01,2.51,1.49,0.0,0.0,0.0,301.1,0.0,0.2,1.8,1.0,95.8,0.0,0.0,264.2,0.0,21.700000000000003,25.8,25.8,27.4,300.0,300.0,29.4,32.300000000000004,27.9,27.200000000000003,29.1,4.96,1.99,4.96,0.16,0.0,0.0,1027.0,8228.0,0.0,0.0,0.0,0.0,0.0,1.0,0.0,0.0,0.0,0.0,0.0,-0.7000000000000001,0.0,-2.8000000000000003,0.0,0.0,16.0,25903.0
2026-07-30T18:57:31.433Z,20.916,20.928,0.0,7.4,0.0,0.0,0.0,0.0,0.0,0.0,0.0,0.0,1.0,0.0,0.0,0.0,9.0,4.0,0.0,0.0,0.0,0.0,0.0,0.0,0.0,0.0,4.0,12.0,1.0,12.14,5.01,2.51,1.49,0.0,0.0,0.0,301.1,0.0,1.4,1.3,1.0,95.8,0.0,0.0,264.2,0.0,21.700000000000003,25.8,25.8,27.4,300.0,300.0,29.4,32.300000000000004,27.9,27.200000000000003,29.1,4.95,1.99,4.97,0.16,0.0,0.0,1027.0,8228.0,0.0,0.0,0.0,0.0,0.0,1.0,0.0,0.0,0.0,0.0,0.0,-0.8,0.0,-2.2,0.0,0.0,16.0,25903.0
2026-07-30T18:57:31.445Z,20.928,20.94,-0.1,7.4,0.0,0.0,0.0,0.0,0.0,0.0,0.0,0.0,1.0,0.0,0.0,0.0,9.0,4.0,0.0,0.0,0.0,0.0,0.0,0.0,0.0,0.0,5.0,12.0,1.0,12.14,5.01,2.51,1.49,0.0,0.0,0.0,301.2,0.0,0.1,0.6000000000000001,0.4,95.8,0.0,0.0,264.2,0.0,21.700000000000003,25.8,25.8,27.4,300.0,300.0,29.4,32.300000000000004,27.9,27.200000000000003,29.1,4.95,1.99,4.96,0.16,0.0,0.0,1027.0,8228.0,0.0,0.0,0.0,0.0,0.0,1.0,0.0,0.0,0.0,0.0,0.0,-0.3,0.0,-1.0,0.0,0.0,16.0,25903.0
2026-07-30T18:57:31.457Z,20.94,20.952,-0.1,7.4,0.0,0.0,0.0,0.0,0.0,0.0,0.0,0.0,1.0,0.0,0.0,0.0,9.0,4.0,0.0,0.0,0.0,0.0,0.0,0.0,0.0,0.0,6.0,12.0,1.0,12.14,5.01,2.51,1.49,0.0,0.0,0.0,301.1,0.0,0.1,1.2000000000000002,-2.5,95.8,0.0,0.0,264.2,0.0,21.700000000000003,25.8,25.8,27.4,300.0,300.0,29.4,32.300000000000004,27.9,27.200000000000003,29.1,4.95,2.0,4.96,0.16,0.0,0.0,1027.0,8228.0,0.0,0.0,0.0,0.0,0.0,1.0,0.0,0.0,0.0,0.0,0.0,2.5,0.0,0.2,0.0,0.0,16.0,25903.0
2026-07-30T18:57:31.469Z,20.952,20.964,-0.1,7.4,0.0,0.0,0.0,0.0,0.0,0.0,0.0,0.0,1.0,0.0,0.0,0.0,9.0,4.0,0.0,0.0,0.0,0.0,0.0,0.0,0.0,0.0,1.0,12.0,1.0,12.14,5.01,2.51,1.49,-0.1,0.0,0.0,301.1,0.0,-0.3,-0.4,-0.7000000000000001,95.8,0.0,0.0,264.2,0.0,21.700000000000003,25.8,25.8,27.4,300.0,300.0,29.4,32.300000000000004,27.9,27.200000000000003,29.1,4.96,1.99,4.96,0.16,0.0,0.0,1027.0,8228.0,0.0,0.0,0.0,0.0,0.0,1.0,0.0,0.0,0.0,0.0,0.0,0.6000000000000001,0.0,1.0,0.0,0.0,16.0,25903.0
2026-07-30T18:57:31.480Z,20.963,20.976,0.0,7.4,0.0,0.0,0.0,0.0,0.0,0.0,0.0,0.0,1.0,0.0,0.0,0.0,9.0,4.0,0.0,0.0,0.0,0.0,0.0,0.0,0.0,0.0,2.0,12.0,1.0,12.14,5.01,2.51,1.49,0.0,0.0,0.0,301.1,0.0,0.2,0.0,-0.1,95.8,0.0,0.0,264.40000000000003,0.0,21.700000000000003,25.8,25.8,27.4,300.0,300.0,29.4,32.300000000000004,27.9,27.200000000000003,29.1,4.95,1.99,4.97,0.16,0.0,0.0,1027.0,8228.0,0.0,0.0,0.0,0.0,0.0,1.0,0.0,0.0,0.0,0.0,0.0,0.1,0.0,0.0,0.0,0.0,16.0,25903.0
2026-07-30T18:57:31.492Z,20.975,20.988,0.0,7.4,0.0,0.0,0.0,0.0,0.0,0.0,0.0,0.0,1.0,0.0,0.0,0.0,9.0,4.0,0.0,0.0,0.0,0.0,0.0,0.0,0.0,0.0,3.0,12.0,1.0,12.14,5.01,2.51,1.49,0.0,0.0,0.0,301.1,0.0,-0.9,-1.1,-0.7000000000000001,95.8,0.0,0.0,264.2,0.0,21.700000000000003,25.8,25.8,27.4,300.0,300.0,29.4,32.300000000000004,27.9,27.200000000000003,29.1,4.96,1.99,4.96,0.16,0.0,0.0,1027.0,8228.0,0.0,0.0,0.0,0.0,0.0,1.0,0.0,0.0,0.0,0.0,0.0,0.5,0.0,1.7000000000000002,0.0,0.0,16.0,25903.0
2026-07-30T18:57:31.505Z,20.988,21.0,0.0,7.4,0.0,0.0,0.0,0.0,0.0,0.0,0.0,0.0,1.0,0.0,0.0,0.0,9.0,4.0,0.0,0.0,0.0,0.0,0.0,0.0,0.0,0.0,4.0,12.0,1.0,12.14,5.01,2.51,1.49,0.0,0.0,0.0,301.2,0.0,0.2,0.6000000000000001,1.0,95.8,0.0,0.0,264.2,0.0,21.700000000000003,25.8,25.8,27.4,300.0,300.0,29.4,32.300000000000004,27.9,27.200000000000003,29.1,4.96,1.99,4.96,0.16,0.0,0.0,1027.0,8228.0,0.0,0.0,0.0,0.0,0.0,1.0,0.0,0.0,0.0,0.0,0.0,-0.8,0.0,-1.4,0.0,0.0,16.0,25903.0
2026-07-30T18:57:31.518Z,21.001,21.012,0.0,7.4,0.0,0.0,0.0,0.0,0.0,0.0,0.0,0.0,1.0,0.0,0.0,0.0,9.0,4.0,0.0,0.0,0.0,0.0,0.0,0.0,0.0,0.0,6.0,12.0,1.0,12.18,5.01,2.51,1.5,0.0,0.0,0.0,301.1,0.0,0.8,1.1,-0.1,95.8,0.0,0.0,264.2,0.0,21.700000000000003,25.9,25.9,27.4,300.0,300.0,29.5,32.4,27.9,27.200000000000003,29.1,4.95,1.99,4.96,0.16,0.0,0.0,1027.0,8228.0,0.0,0.0,0.0,0.0,0.0,1.0,0.0,0.0,0.0,0.0,0.0,0.2,0.0,-1.2000000000000002,0.0,0.0,16.0,25903.0
2026-07-30T18:57:31.528Z,21.011,21.024,0.0,7.4,0.0,0.0,0.0,0.0,0.0,0.0,0.0,0.0,1.0,0.0,0.0,0.0,9.0,4.0,0.0,0.0,0.0,0.0,0.0,0.0,0.0,0.0,1.0,12.0,1.0,12.18,5.01,2.51,1.5,0.0,0.0,0.0,301.1,0.0,0.8,0.6000000000000001,1.0,95.8,0.0,0.0,264.2,0.0,21.700000000000003,25.9,25.9,27.4,300.0,300.0,29.5,32.4,27.9,27.200000000000003,29.1,4.96,1.99,4.96,0.16,0.0,0.0,1027.0,8228.0,0.0,0.0,0.0,0.0,0.0,1.0,0.0,0.0,0.0,0.0,0.0,-0.8,0.0,-1.4,0.0,0.0,16.0,25903.0
2026-07-30T18:57:31.541Z,21.024,21.036,0.0,7.4,0.0,0.0,0.0,0.0,0.0,0.0,0.0,0.0,1.0,0.0,0.0,0.0,9.0,4.0,0.0,0.0,0.0,0.0,0.0,0.0,0.0,0.0,2.0,12.0,1.0,12.18,5.01,2.51,1.5,0.0,0.1,0.0,301.1,0.0,-0.3,-0.5,-0.1,95.8,0.0,0.0,264.2,0.0,21.700000000000003,25.9,25.9,27.4,300.0,300.0,29.5,32.4,27.9,27.200000000000003,29.1,4.95,1.99,4.96,0.16,0.0,0.0,1027.0,8228.0,0.0,0.0,0.0,0.0,0.0,1.0,0.0,0.0,0.0,0.0,0.0,0.0,0.0,0.7000000000000001,0.0,0.0,16.0,25903.0
2026-07-30T18:57:31.553Z,21.036,21.048,0.0,7.4,0.0,0.0,0.0,0.0,0.0,0.0,0.0,0.0,1.0,0.0,0.0,0.0,9.0,4.0,0.0,0.0,0.0,0.0,0.0,0.0,0.0,0.0,4.0,12.0,1.0,12.18,5.01,2.51,1.5,0.0,0.0,0.0,301.1,0.0,0.2,0.5,0.4,95.8,0.0,0.0,264.2,0.0,21.700000000000003,25.9,25.9,27.4,300.0,300.0,29.5,32.4,27.9,27.200000000000003,29.1,4.95,1.99,4.97,0.16,0.0,0.0,1027.0,8228.0,0.0,0.0,0.0,0.0,0.0,1.0,0.0,0.0,0.0,0.0,0.0,-0.3,0.0,-0.9,0.0,0.0,16.0,25903.0
2026-07-30T18:57:31.564Z,21.047,21.06,0.0,7.4,0.0,0.0,0.0,0.0,0.0,0.0,0.0,0.0,1.0,0.0,0.0,0.0,9.0,4.0,0.0,0.0,0.0,0.0,0.0,0.0,0.0,0.0,5.0,12.0,1.0,12.18,5.01,2.51,1.5,0.0,0.0,0.0,301.1,0.0,0.2,0.0,0.3,95.8,0.0,0.0,264.2,0.0,21.700000000000003,25.9,25.9,27.4,300.0,300.0,29.5,32.4,27.9,27.200000000000003,29.1,4.96,2.0,4.97,0.16,0.0,0.0,1027.0,8228.0,0.0,0.0,0.0,0.0,0.0,1.0,0.0,0.0,0.0,0.0,0.0,-0.3,0.0,-0.2,0.0,0.0,16.0,25903.0
2026-07-30T18:57:31.576Z,21.059,21.072,0.0,7.4,0.0,0.0,0.0,0.0,0.0,0.0,0.0,0.0,1.0,0.0,0.0,0.0,9.0,4.0,0.0,0.0,0.0,0.0,0.0,0.0,0.0,0.0,6.0,12.0,1.0,12.18,5.01,2.51,1.5,0.0,0.0,0.0,301.1,0.0,0.8,0.0,-0.8,95.8,0.0,0.0,264.2,0.0,21.700000000000003,25.9,25.9,27.4,300.0,300.0,29.5,32.4,27.9,27.200000000000003,29.1,4.96,2.0,4.96,0.16,0.0,0.0,1027.0,8228.0,0.0,0.0,0.0,0.0,0.0,1.0,0.0,0.0,0.0,0.0,0.0,0.7000000000000001,0.0,0.5,0.0,0.0,16.0,25903.0
2026-07-30T18:57:31.589Z,21.072,21.084,0.0,7.4,0.0,0.0,0.0,0.0,0.0,0.0,0.0,0.0,1.0,0.0,0.0,0.0,9.0,4.0,0.0,0.0,0.0,0.0,0.0,0.0,0.0,0.0,1.0,12.0,1.0,12.18,5.01,2.51,1.5,-0.1,0.1,0.0,301.1,0.0,-0.3,-1.1,0.3,95.8,0.0,0.0,264.3,0.0,21.700000000000003,25.9,25.9,27.4,300.0,300.0,29.5,32.4,27.9,27.200000000000003,29.1,4.96,1.99,4.96,0.16,0.0,0.0,1027.0,8228.0,0.0,0.0,0.0,0.0,0.0,1.0,0.0,0.0,0.0,0.0,0.0,-0.5,0.0,-0.1,0.0,0.0,16.0,25903.0
2026-07-30T18:57:31.602Z,21.085,21.096,0.0,7.4,0.0,0.0,0.0,0.0,0.0,0.0,0.0,0.0,1.0,0.0,0.0,0.0,9.0,4.0,0.0,0.0,0.0,0.0,0.0,0.0,0.0,0.0,2.0,12.0,1.0,12.18,5.01,2.51,1.5,0.0,0.0,0.0,301.1,0.0,0.2,1.1,0.9,95.8,0.0,0.0,264.2,0.0,21.700000000000003,25.9,25.9,27.4,300.0,300.0,29.5,32.4,27.9,27.200000000000003,29.1,4.96,1.99,4.96,0.16,0.0,0.0,1027.0,8228.0,0.0,0.0,0.0,0.0,0.0,1.0,0.0,0.0,0.0,0.0,0.0,-1.2000000000000002,0.0,-2.3000000000000003,0.0,0.0,16.0,25903.0
2026-07-30T18:57:31.613Z,21.096,21.108,0.0,7.4,0.0,0.0,0.0,0.0,0.0,0.0,0.0,0.0,1.0,0.0,0.0,0.0,9.0,4.0,0.0,0.0,0.0,0.0,0.0,0.0,0.0,0.0,3.0,12.0,1.0,12.18,5.01,2.51,1.5,0.0,0.0,0.0,301.1,0.0,0.2,0.5,0.9,95.8,0.0,0.0,264.2,0.0,21.700000000000003,25.9,25.9,27.4,300.0,300.0,29.5,32.4,27.9,27.200000000000003,29.1,4.96,2.0,4.96,0.15,0.0,0.0,1027.0,8228.0,0.0,0.0,0.0,0.0,0.0,1.0,0.0,0.0,0.0,0.0,0.0,-0.8,0.0,-1.2000000000000002,0.0,0.0,16.0,25903.0
2026-07-30T18:57:31.624Z,21.107,21.12,0.0,7.4,0.0,0.0,0.0,0.0,0.0,0.0,0.0,0.0,1.0,0.0,0.0,0.0,9.0,4.0,0.0,0.0,0.0,0.0,0.0,0.0,0.0,0.0,3.0,12.0,1.0,12.15,5.0200000000000005,2.51,1.49,0.0,0.0,0.0,301.0,0.0,0.2,1.1,1.5,95.8,0.0,0.0,264.2,0.0,21.8,25.9,25.9,27.5,300.0,300.0,29.6,32.300000000000004,27.9,27.200000000000003,29.1,4.95,2.0,4.97,0.16,0.0,0.0,1027.0,8228.0,0.0,0.0,0.0,0.0,0.0,1.0,0.0,0.0,0.0,0.0,0.0,0.7000000000000001,0.0,1.2000000000000002,0.0,0.0,16.0,25903.0
2026-07-30T18:57:31.637Z,21.12,21.132,0.0,7.4,0.0,0.0,0.0,0.0,0.0,0.0,0.0,0.0,1.0,0.0,0.0,0.0,9.0,4.0,0.0,0.0,0.0,0.0,0.0,0.0,0.0,0.0,5.0,12.0,1.0,12.15,5.0200000000000005,2.51,1.49,0.0,0.0,0.0,301.1,0.0,0.8,-0.6000000000000001,0.3,95.8,0.0,0.0,264.2,0.0,21.8,25.9,25.9,27.5,300.0,300.0,29.6,32.300000000000004,27.9,27.200000000000003,29.1,4.95,1.99,4.97,0.16,0.0,0.0,1027.0,8228.0,0.0,0.0,0.0,0.0,0.0,1.0,0.0,0.0,0.0,0.0,0.0,-0.3,0.0,0.4,0.0,0.0,16.0,25903.0
2026-07-30T18:57:31.648Z,21.131,21.144,0.0,7.4,0.0,0.0,0.0,0.0,0.0,0.0,0.0,0.0,1.0,0.0,0.0,0.0,9.0,4.0,0.0,0.0,0.0,0.0,0.0,0.0,0.0,0.0,6.0,12.0,1.0,12.15,5.0200000000000005,2.51,1.49,0.0,0.0,0.0,301.1,0.0,-0.2,0.0,-1.3,95.8,0.0,0.0,264.2,0.0,21.8,25.9,25.9,27.5,300.0,300.0,29.6,32.300000000000004,27.9,27.200000000000003,29.1,4.95,1.99,4.96,0.16,0.0,0.0,1027.0,8228.0,0.0,0.0,0.0,0.0,0.0,1.0,0.0,0.0,0.0,0.0,0.0,1.2000000000000002,0.0,0.9,0.0,0.0,16.0,25903.0
2026-07-30T18:57:31.661Z,21.144,21.156,0.0,7.4,0.0,0.0,0.0,0.0,0.0,0.0,0.0,0.0,1.0,0.0,0.0,0.0,9.0,4.0,0.0,0.0,0.0,0.0,0.0,0.0,0.0,0.0,1.0,12.0,1.0,12.15,5.0200000000000005,2.51,1.49,0.0,0.0,0.0,301.1,0.0,-0.2,0.0,0.4,95.8,0.0,0.0,264.2,0.0,21.8,25.9,25.9,27.5,300.0,300.0,29.6,32.300000000000004,27.9,27.200000000000003,29.1,4.96,1.99,4.96,0.16,0.0,0.0,1027.0,8228.0,0.0,0.0,0.0,0.0,0.0,1.0,0.0,0.0,0.0,0.0,0.0,-0.3,0.0,-0.2,0.0,0.0,16.0,25903.0
2026-07-30T18:57:31.673Z,21.156,21.168,0.0,7.4,0.0,0.0,0.0,0.0,0.0,0.0,0.0,0.0,1.0,0.0,0.0,0.0,9.0,4.0,0.0,0.0,0.0,0.0,0.0,0.0,0.0,0.0,2.0,12.0,1.0,12.15,5.0200000000000005,2.51,1.49,0.0,0.0,0.0,301.1,0.0,0.3,-0.5,-0.7000000000000001,95.8,0.0,0.0,264.3,0.0,21.8,25.9,25.9,27.5,300.0,300.0,29.6,32.300000000000004,27.9,27.200000000000003,29.1,4.95,1.99,4.96,0.16,0.0,0.0,1027.0,8228.0,0.0,0.0,0.0,0.0,0.0,1.0,0.0,0.0,0.0,0.0,0.0,-1.0,0.0,0.0,0.0,0.0,16.0,25903.0
2026-07-30T18:57:31.684Z,21.167,21.18,0.0,7.4,0.0,0.0,0.0,0.0,0.0,0.0,0.0,0.0,1.0,0.0,0.0,0.0,9.0,4.0,0.0,0.0,0.0,0.0,0.0,0.0,0.0,0.0,3.0,12.0,1.0,12.15,5.0200000000000005,2.51,1.49,0.0,0.0,0.0,301.1,0.0,0.9,-0.5,1.0,95.8,0.0,0.0,264.2,0.0,21.8,25.9,25.9,27.5,300.0,300.0,29.6,32.300000000000004,27.9,27.200000000000003,29.1,4.96,1.99,4.96,0.16,0.0,0.0,1027.0,8228.0,0.0,0.0,0.0,0.0,0.0,1.0,0.0,0.0,0.0,0.0,0.0,0.0,0.0,0.7000000000000001,0.0,0.0,16.0,25903.0
2026-07-30T18:57:31.697Z,21.18,21.192,0.0,7.4,0.0,0.0,0.0,0.0,0.0,0.0,0.0,0.0,1.0,0.0,0.0,0.0,9.0,4.0,0.0,0.0,0.0,0.0,0.0,0.0,0.0,0.0,4.0,12.0,1.0,12.15,5.0200000000000005,2.51,1.49,0.0,0.1,0.0,301.1,0.0,-0.1,-0.5,0.0,95.8,0.0,0.0,264.3,0.0,21.8,25.9,25.9,27.5,300.0,300.0,29.6,32.300000000000004,27.9,27.200000000000003,29.1,4.96,2.0,4.96,0.16,0.0,0.0,1027.0,8228.0,0.0,0.0,0.0,0.0,0.0,1.0,0.0,0.0,0.0,0.0,0.0,-0.5,0.0,0.2,0.0,0.0,16.0,25903.0
2026-07-30T18:57:31.709Z,21.192,21.204,0.0,7.4,0.0,0.0,0.0,0.0,0.0,0.0,0.0,0.0,1.0,0.0,0.0,0.0,9.0,4.0,0.0,0.0,0.0,0.0,0.0,0.0,0.0,0.0,5.0,12.0,1.0,12.15,5.0200000000000005,2.51,1.49,0.0,0.0,0.0,301.1,0.0,-0.2,1.2000000000000002,0.4,95.8,0.0,0.0,264.2,0.0,21.8,25.9,25.9,27.5,300.0,300.0,29.6,32.300000000000004,27.9,27.200000000000003,29.1,4.95,1.99,4.96,0.16,0.0,0.0,1027.0,8228.0,0.0,0.0,0.0,0.0,0.0,1.0,0.0,0.0,0.0,0.0,0.0,-0.9,0.0,-1.4,0.0,0.0,16.0,25903.0
2026-07-30T18:57:31.721Z,21.204,21.216,0.0,7.4,0.0,0.0,0.0,0.0,0.0,0.0,0.0,0.0,1.0,0.0,0.0,0.0,9.0,4.0,0.0,0.0,0.0,0.0,0.0,0.0,0.0,0.0,6.0,12.0,1.0,12.17,5.0200000000000005,2.5,1.49,0.0,0.0,0.0,301.1,0.0,-0.7000000000000001,-0.5,-0.6000000000000001,95.8,0.0,0.0,264.2,0.0,21.3,25.9,25.9,27.5,300.0,300.0,29.5,32.300000000000004,27.9,27.200000000000003,29.0,4.95,1.99,4.97,0.16,0.0,0.0,1027.0,8228.0,0.0,0.0,0.0,0.0,0.0,1.0,0.0,0.0,0.0,0.0,0.0,0.5,0.0,1.0,0.0,0.0,16.0,25903.0
2026-07-30T18:57:31.732Z,21.215,21.228,0.0,7.4,0.0,0.0,0.0,0.0,0.0,0.0,0.0,0.0,1.0,0.0,0.0,0.0,9.0,4.0,0.0,0.0,0.0,0.0,0.0,0.0,0.0,0.0,1.0,12.0,1.0,12.17,5.0200000000000005,2.5,1.49,0.0,0.0,0.0,301.1,0.0,0.3,0.6000000000000001,0.0,95.8,0.0,0.0,264.2,0.0,21.3,25.9,25.9,27.5,300.0,300.0,29.5,32.300000000000004,27.9,27.200000000000003,29.0,4.96,1.99,4.97,0.16,0.0,0.0,1027.0,8228.0,0.0,0.0,0.0,0.0,0.0,1.0,0.0,0.0,0.0,0.0,0.0,0.1,0.0,-0.7000000000000001,0.0,0.0,16.0,25903.0
2026-07-30T18:57:31.745Z,21.228,21.24,0.0,7.4,0.0,0.0,0.0,0.0,0.0,0.0,0.0,0.0,1.0,0.0,0.0,0.0,9.0,4.0,0.0,0.0,0.0,0.0,0.0,0.0,0.0,0.0,3.0,12.0,1.0,12.17,5.0200000000000005,2.5,1.49,0.0,0.0,0.0,301.1,0.0,-0.2,0.1,0.0,95.8,0.0,0.0,264.2,0.0,21.3,25.9,25.9,27.5,300.0,300.0,29.5,32.300000000000004,27.9,27.200000000000003,29.0,4.96,1.99,4.97,0.16,0.0,0.0,1027.0,8228.0,0.0,0.0,0.0,0.0,0.0,1.0,0.0,0.0,0.0,0.0,0.0,0.0,0.0,-0.1,0.0,0.0,16.0,25903.0
2026-07-30T18:57:31.757Z,21.24,21.252,0.0,7.4,0.0,0.0,0.0,0.0,0.0,0.0,0.0,0.0,1.0,0.0,0.0,0.0,9.0,4.0,0.0,0.0,0.0,0.0,0.0,0.0,0.0,0.0,4.0,12.0,1.0,12.17,5.0200000000000005,2.5,1.49,0.0,0.0,0.0,301.1,0.0,-0.2,0.0,0.0,95.8,0.0,0.0,264.2,0.0,21.3,25.9,25.9,27.5,300.0,300.0,29.5,32.300000000000004,27.9,27.200000000000003,29.0,4.95,2.0,4.97,0.16,0.0,0.0,1027.0,8228.0,0.0,0.0,0.0,0.0,0.0,1.0,0.0,0.0,0.0,0.0,0.0,0.0,0.0,0.0,0.0,0.0,16.0,25903.0
2026-07-30T18:57:31.768Z,21.251,21.264,0.0,7.4,0.0,0.0,0.0,0.0,0.0,0.0,0.0,0.0,1.0,0.0,0.0,0.0,9.0,4.0,0.0,0.0,0.0,0.0,0.0,0.0,0.0,0.0,4.0,12.0,1.0,12.17,5.0200000000000005,2.5,1.49,0.0,0.0,0.0,301.1,0.0,-0.2,-0.4,-0.6000000000000001,95.8,0.0,0.0,264.2,0.0,21.3,25.9,25.9,27.5,300.0,300.0,29.5,32.300000000000004,27.9,27.200000000000003,29.0,4.95,2.0,4.96,0.16,0.0,0.0,1027.0,8228.0,0.0,0.0,0.0,0.0,0.0,1.0,0.0,0.0,0.0,0.0,0.0,1.0,0.0,2.0,0.0,0.0,16.0,25903.0
2026-07-30T18:57:31.780Z,21.263,21.276,0.0,7.4,0.0,0.0,0.0,0.0,0.0,0.0,0.0,0.0,1.0,0.0,0.0,0.0,9.0,4.0,0.0,0.0,0.0,0.0,0.0,0.0,0.0,0.0,5.0,12.0,1.0,12.17,5.0200000000000005,2.5,1.49,0.0,0.0,0.0,301.1,0.0,0.3,-0.4,1.1,95.8,0.0,0.0,264.2,0.0,21.3,25.9,25.9,27.5,300.0,300.0,29.5,32.300000000000004,27.9,27.200000000000003,29.0,4.95,1.99,4.96,0.16,0.0,0.0,1027.0,8228.0,0.0,0.0,0.0,0.0,0.0,1.0,0.0,0.0,0.0,0.0,0.0,0.4,0.0,1.6,0.0,0.0,16.0,25903.0
2026-07-30T18:57:31.792Z,21.275,21.288,0.0,7.4,0.0,0.0,0.0,0.0,0.0,0.0,0.0,0.0,1.0,0.0,0.0,0.0,9.0,4.0,0.0,0.0,0.0,0.0,0.0,0.0,0.0,0.0,6.0,12.0,1.0,12.17,5.0200000000000005,2.5,1.49,0.0,0.0,0.0,301.1,0.0,-0.2,0.6000000000000001,0.5,95.8,0.0,0.0,264.2,0.0,21.3,25.9,25.9,27.5,300.0,300.0,29.5,32.300000000000004,27.9,27.200000000000003,29.0,4.95,1.99,4.97,0.16,0.0,0.0,1027.0,8228.0,0.0,0.0,0.0,0.0,0.0,1.0,0.0,0.0,0.0,0.0,0.0,-0.4,0.0,-1.1,0.0,0.0,16.0,25903.0
2026-07-30T18:57:31.805Z,21.288,21.3,0.0,7.4,0.0,0.0,0.0,0.0,0.0,0.0,0.0,0.0,1.0,0.0,0.0,0.0,9.0,4.0,0.0,0.0,0.0,0.0,0.0,0.0,0.0,0.0,1.0,12.0,1.0,12.17,5.0200000000000005,2.5,1.49,0.0,0.0,0.0,301.0,0.0,-0.2,-0.5,-0.6000000000000001,95.8,0.0,0.0,264.2,0.0,21.3,25.9,25.9,27.5,300.0,300.0,29.5,32.300000000000004,27.9,27.200000000000003,29.0,4.95,1.99,4.97,0.16,0.0,0.0,1027.0,8228.0,0.0,0.0,0.0,0.0,0.0,1.0,0.0,0.0,0.0,0.0,0.0,0.5,0.0,1.0,0.0,0.0,16.0,25903.0
2026-07-30T18:57:31.816Z,21.299,21.312,0.0,7.4,0.0,0.0,0.0,0.0,0.0,0.0,0.0,0.0,1.0,0.0,0.0,0.0,9.0,4.0,0.0,0.0,0.0,0.0,0.0,0.0,0.0,0.0,2.0,12.0,1.0,12.17,5.0200000000000005,2.5,1.49,0.0,0.0,0.0,301.1,0.0,-0.2,0.0,1.7000000000000002,95.8,0.0,0.0,264.2,0.0,21.3,25.9,25.9,27.5,300.0,300.0,29.5,32.300000000000004,27.9,27.200000000000003,29.0,4.96,1.99,4.96,0.16,0.0,0.0,1027.0,8228.0,0.0,0.0,0.0,0.0,0.0,1.0,0.0,0.0,0.0,0.0,0.0,-1.6,0.0,-1.2000000000000002,0.0,0.0,16.0,25903.0
2026-07-30T18:57:31.829Z,21.312,21.324,0.0,7.4,0.0,0.0,0.0,0.0,0.0,0.0,0.0,0.0,1.0,0.0,0.0,0.0,9.0,4.0,0.0,0.0,0.0,0.0,0.0,0.0,0.0,0.0,3.0,12.0,1.0,12.19,5.01,2.51,1.5,0.0,0.0,0.0,301.1,0.0,-0.2,-1.0,-0.5,95.8,0.0,0.0,264.2,0.0,21.3,25.9,25.9,27.5,300.0,300.0,29.4,32.300000000000004,27.9,27.200000000000003,29.1,4.95,1.99,4.97,0.16,0.0,0.0,1027.0,8228.0,0.0,0.0,0.0,0.0,0.0,1.0,0.0,0.0,0.0,0.0,0.0,0.4,0.0,1.6,0.0,0.0,16.0,25903.0
2026-07-30T18:57:31.840Z,21.323,21.336,0.0,7.4,0.0,0.0,0.0,0.0,0.0,0.0,0.0,0.0,1.0,0.0,0.0,0.0,9.0,4.0,0.0,0.0,0.0,0.0,0.0,0.0,0.0,0.0,5.0,12.0,1.0,12.19,5.01,2.51,1.5,0.0,0.0,0.0,301.1,0.0,0.3,-0.4,-1.7000000000000002,95.8,0.0,0.0,264.2,0.0,21.3,25.9,25.9,27.5,300.0,300.0,29.4,32.300000000000004,27.9,27.200000000000003,29.1,4.95,2.0,4.97,0.16,0.0,0.0,1027.0,8228.0,0.0,0.0,0.0,0.0,0.0,1.0,0.0,0.0,0.0,0.0,0.0,1.5,0.0,1.7000000000000002,0.0,0.0,16.0,25903.0
2026-07-30T18:57:31.852Z,21.335,21.348,0.0,7.4,0.0,0.0,0.0,0.0,0.0,0.0,0.0,0.0,1.0,0.0,0.0,0.0,9.0,4.0,0.0,0.0,0.0,0.0,0.0,0.0,0.0,0.0,6.0,12.0,1.0,12.19,5.01,2.51,1.5,0.0,0.0,0.0,301.1,0.0,-0.2,0.0,1.1,95.8,0.0,0.0,264.2,0.0,21.3,25.9,25.9,27.5,300.0,300.0,29.4,32.300000000000004,27.9,27.200000000000003,29.1,4.95,1.99,4.97,0.16,0.0,0.0,1027.0,8228.0,0.0,0.0,0.0,0.0,0.0,1.0,0.0,0.0,0.0,0.0,0.0,-1.0,0.0,-0.8,0.0,0.0,16.0,25903.0
2026-07-30T18:57:31.864Z,21.347,21.36,0.0,7.4,0.0,0.0,0.0,0.0,0.0,0.0,0.0,0.0,1.0,0.0,0.0,0.0,9.0,4.0,0.0,0.0,0.0,0.0,0.0,0.0,0.0,0.0,1.0,12.0,1.0,12.19,5.01,2.51,1.5,0.0,0.0,0.0,301.1,0.0,0.9,0.0,0.5,95.8,0.0,0.0,264.2,0.0,21.3,25.9,25.9,27.5,300.0,300.0,29.4,32.300000000000004,27.9,27.200000000000003,29.1,4.95,1.99,4.96,0.16,0.0,0.0,1027.0,8228.0,0.0,0.0,0.0,0.0,0.0,1.0,0.0,0.0,0.0,0.0,0.0,-0.5,0.0,-0.4,0.0,0.0,16.0,25903.0
2026-07-30T18:57:31.876Z,21.359,21.372,0.0,7.4,0.0,0.0,0.0,0.0,0.0,0.0,0.0,0.0,1.0,0.0,0.0,0.0,9.0,4.0,0.0,0.0,0.0,0.0,0.0,0.0,0.0,0.0,2.0,12.0,1.0,12.19,5.01,2.51,1.5,0.0,0.1,0.0,301.1,0.0,0.3,-1.1,-0.1,95.8,0.0,0.0,264.2,0.0,21.3,25.9,25.9,27.5,300.0,300.0,29.4,32.300000000000004,27.9,27.200000000000003,29.1,4.95,1.99,4.97,0.16,0.0,0.0,1027.0,8228.0,0.0,0.0,0.0,0.0,0.0,1.0,0.0,0.0,0.0,0.0,0.0,0.0,0.0,1.3,0.0,0.0,16.0,25903.0
2026-07-30T18:57:31.888Z,21.371,21.384,0.0,7.4,0.0,0.0,0.0,0.0,0.0,0.0,0.0,0.0,1.0,0.0,0.0,0.0,9.0,4.0,0.0,0.0,0.0,0.0,0.0,0.0,0.0,0.0,3.0,12.0,1.0,12.19,5.01,2.51,1.5,0.0,0.0,0.0,301.1,0.0,0.3,-0.5,0.4,95.8,0.0,0.0,264.2,0.0,21.3,25.9,25.9,27.5,300.0,300.0,29.4,32.300000000000004,27.9,27.200000000000003,29.1,4.95,1.99,4.96,0.16,0.0,0.0,1027.0,8228.0,0.0,0.0,0.0,0.0,0.0,1.0,0.0,0.0,0.0,0.0,0.0,-0.4,0.0,0.3,0.0,0.0,16.0,25903.0
2026-07-30T18:57:31.900Z,21.383,21.396,0.0,7.4,0.0,0.0,0.0,0.0,0.0,0.0,0.0,0.0,1.0,0.0,0.0,0.0,9.0,4.0,0.0,0.0,0.0,0.0,0.0,0.0,0.0,0.0,4.0,12.0,1.0,12.19,5.01,2.51,1.5,0.0,0.0,0.0,301.1,0.0,0.3,1.2000000000000002,1.0,95.8,0.0,0.0,264.2,0.0,21.3,25.9,25.9,27.5,300.0,300.0,29.4,32.300000000000004,27.9,27.200000000000003,29.1,4.95,1.99,4.96,0.16,0.0,0.0,1027.0,8228.0,0.0,0.0,0.0,0.0,0.0,1.0,0.0,0.0,0.0,0.0,0.0,-0.8,0.0,-2.1,0.0,0.0,16.0,25903.0
2026-07-30T18:57:31.912Z,21.395,21.408,0.0,7.4,0.0,0.0,0.0,0.0,0.0,0.0,0.0,0.0,1.0,0.0,0.0,0.0,9.0,4.0,0.0,0.0,0.0,0.0,0.0,0.0,0.0,0.0,5.0,12.0,1.0,12.19,5.01,2.51,1.5,0.0,0.0,0.0,301.1,0.0,0.3,0.6000000000000001,0.4,95.8,0.0,0.0,264.2,0.0,21.3,25.9,25.9,27.5,300.0,300.0,29.4,32.300000000000004,27.9,27.200000000000003,29.1,4.95,1.99,4.97,0.16,0.0,0.0,1027.0,8228.0,0.0,0.0,0.0,0.0,0.0,1.0,0.0,0.0,0.0,0.0,0.0,-0.3,0.0,-1.1,0.0,0.0,16.0,25903.0
2026-07-30T18:57:31.926Z,21.409,21.42,0.0,7.4,0.0,0.0,0.0,0.0,0.0,0.0,0.0,0.0,1.0,0.0,0.0,0.0,9.0,4.0,0.0,0.0,0.0,0.0,0.0,0.0,0.0,0.0,6.0,12.0,1.0,12.18,5.0200000000000005,2.5,1.49,0.0,0.0,0.0,301.1,0.0,-0.2,-0.5,-0.6000000000000001,95.8,0.0,0.0,264.2,0.0,21.200000000000003,26.0,26.0,27.5,300.0,300.0,29.5,32.300000000000004,27.9,27.200000000000003,29.1,4.95,1.99,4.96,0.16,0.0,0.0,1027.0,8228.0,0.0,0.0,0.0,0.0,0.0,1.0,0.0,0.0,0.0,0.0,0.0,0.5,0.0,1.0,0.0,0.0,16.0,25903.0
2026-07-30T18:57:31.936Z,21.419,21.432,0.0,7.4,0.0,0.0,0.0,0.0,0.0,0.0,0.0,0.0,1.0,0.0,0.0,0.0,9.0,4.0,0.0,0.0,0.0,0.0,0.0,0.0,0.0,0.0,6.0,12.0,1.0,12.18,5.0200000000000005,2.5,1.49,0.0,0.0,0.0,301.1,0.0,0.9,0.0,2.8000000000000003,95.8,0.0,0.0,264.2,0.0,21.200000000000003,26.0,26.0,27.5,300.0,300.0,29.5,32.300000000000004,27.9,27.200000000000003,29.1,4.95,1.99,4.97,0.16,0.0,0.0,1027.0,8228.0,0.0,0.0,0.0,0.0,0.0,1.0,0.0,0.0,0.0,0.0,0.0,-2.6,0.0,-1.9,0.0,0.0,16.0,25903.0
2026-07-30T18:57:31.948Z,21.431,21.444,0.0,7.4,0.0,0.0,0.0,0.0,0.0,0.0,0.0,0.0,1.0,0.0,0.0,0.0,9.0,4.0,0.0,0.0,0.0,0.0,0.0,0.0,0.0,0.0,2.0,12.0,1.0,12.18,5.0200000000000005,2.5,1.49,0.0,0.0,0.0,301.1,0.0,-0.1,1.2000000000000002,1.1,95.8,0.0,0.0,264.2,0.0,21.200000000000003,26.0,26.0,27.5,300.0,300.0,29.5,32.300000000000004,27.9,27.200000000000003,29.1,4.95,1.99,4.97,0.16,0.0,0.0,1027.0,8228.0,0.0,0.0,0.0,0.0,0.0,1.0,0.0,0.0,0.0,0.0,0.0,-0.9,0.0,-2.2,0.0,0.0,16.0,25903.0
2026-07-30T18:57:31.960Z,21.443,21.456,0.0,7.4,0.0,0.0,0.0,0.0,0.0,0.0,0.0,0.0,1.0,0.0,0.0,0.0,9.0,4.0,0.0,0.0,0.0,0.0,0.0,0.0,0.0,0.0,2.0,12.0,1.0,12.18,5.0200000000000005,2.5,1.49,0.0,0.0,0.0,301.1,0.0,0.4,0.0,0.6000000000000001,95.8,0.0,0.0,264.2,0.0,21.200000000000003,26.0,26.0,27.5,300.0,300.0,29.5,32.300000000000004,27.9,27.200000000000003,29.1,4.95,1.99,4.97,0.16,0.0,0.0,1027.0,8228.0,0.0,0.0,0.0,0.0,0.0,1.0,0.0,0.0,0.0,0.0,0.0,-0.5,0.0,-0.5,0.0,0.0,16.0,25903.0
2026-07-30T18:57:31.973Z,21.456,21.468,0.0,7.4,0.0,0.0,0.0,0.0,0.0,0.0,0.0,0.0,1.0,0.0,0.0,0.0,9.0,4.0,0.0,0.0,0.0,0.0,0.0,0.0,0.0,0.0,4.0,12.0,1.0,12.18,5.0200000000000005,2.5,1.49,0.0,0.0,0.0,301.1,0.0,0.3,-0.5,1.1,95.8,0.0,0.0,264.3,0.0,21.200000000000003,26.0,26.0,27.5,300.0,300.0,29.5,32.300000000000004,27.9,27.200000000000003,29.1,4.96,1.99,4.96,0.16,0.0,0.0,1027.0,8228.0,0.0,0.0,0.0,0.0,0.0,1.0,0.0,0.0,0.0,0.0,0.0,-1.1,0.0,-0.2,0.0,0.0,16.0,25903.0
2026-07-30T18:57:31.984Z,21.467,21.48,0.0,7.4,0.0,0.0,0.0,0.0,0.0,0.0,0.0,0.0,1.0,0.0,0.0,0.0,9.0,4.0,0.0,0.0,0.0,0.0,0.0,0.0,0.0,0.0,5.0,12.0,1.0,12.18,5.0200000000000005,2.5,1.49,0.0,0.0,0.0,301.1,0.0,0.3,0.0,0.0,95.8,0.0,0.0,264.2,0.0,21.200000000000003,26.0,26.0,27.5,300.0,300.0,29.5,32.300000000000004,27.9,27.200000000000003,29.1,4.96,1.99,4.97,0.16,0.0,0.0,1027.0,8228.0,0.0,0.0,0.0,0.0,0.0,1.0,0.0,0.0,0.0,0.0,0.0,0.0,0.0,0.0,0.0,0.0,16.0,25903.0
2026-07-30T18:57:31.997Z,21.48,21.492,0.0,7.4,0.0,0.0,0.0,0.0,0.0,0.0,0.0,0.0,1.0,0.0,0.0,0.0,9.0,4.0,0.0,0.0,0.0,0.0,0.0,0.0,0.0,0.0,5.0,12.0,1.0,12.18,5.0200000000000005,2.5,1.49,0.0,0.0,0.0,301.1,0.0,-0.8,0.0,0.5,95.8,0.0,0.0,264.2,0.0,21.200000000000003,26.0,26.0,27.5,300.0,300.0,29.5,32.300000000000004,27.9,27.200000000000003,29.1,4.95,1.99,4.97,0.16,0.0,0.0,1027.0,8228.0,0.0,0.0,0.0,0.0,0.0,1.0,0.0,0.0,0.0,0.0,0.0,-0.5,0.0,-0.4,0.0,0.0,16.0,25903.0
2026-07-30T18:57:32.009Z,21.492,21.504,0.0,7.4,0.0,0.0,0.0,0.0,0.0,0.0,0.0,0.0,1.0,0.0,0.0,0.0,9.0,4.0,0.0,0.0,0.0,0.0,0.0,0.0,0.0,0.0,6.0,12.0,1.0,12.18,5.0200000000000005,2.5,1.49,0.0,0.1,0.0,301.1,0.0,-0.2,0.6000000000000001,-0.5,95.8,0.0,0.0,264.3,0.0,21.200000000000003,26.0,26.0,27.5,300.0,300.0,29.5,32.300000000000004,27.9,27.200000000000003,29.1,4.96,1.99,4.96,0.16,0.0,0.0,1027.0,8228.0,0.0,0.0,0.0,0.0,0.0,1.0,0.0,0.0,0.0,0.0,0.0,0.6000000000000001,0.0,-0.3,0.0,0.0,16.0,25903.0
2026-07-30T18:57:32.020Z,21.503,21.516,0.0,7.4,0.0,0.0,0.0,0.0,0.0,0.0,0.0,0.0,1.0,0.0,0.0,0.0,9.0,4.0,0.0,0.0,0.0,0.0,0.0,0.0,0.0,0.0,1.0,12.0,1.0,12.18,5.0200000000000005,2.5,1.49,0.0,0.0,0.0,301.1,0.0,0.3,-0.5,-0.5,95.8,0.0,0.0,264.3,0.0,21.200000000000003,26.0,26.0,27.5,300.0,300.0,29.5,32.300000000000004,27.9,27.200000000000003,29.1,4.95,1.99,4.97,0.16,0.0,0.0,1027.0,8228.0,0.0,0.0,0.0,0.0,0.0,1.0,0.0,0.0,0.0,0.0,0.0,0.4,0.0,1.0,0.0,0.0,16.0,25903.0
2026-07-30T18:57:32.032Z,21.515,21.528,0.0,7.4,0.0,0.0,0.0,0.0,0.0,0.0,0.0,0.0,1.0,0.0,0.0,0.0,9.0,4.0,0.0,0.0,0.0,0.0,0.0,0.0,0.0,0.0,2.0,12.0,1.0,12.17,5.0200000000000005,2.51,1.49,0.0,0.0,0.0,301.1,0.0,-0.2,0.0,0.0,95.8,0.0,0.0,264.2,0.0,21.200000000000003,26.0,26.0,27.6,300.0,300.0,29.4,32.2,27.9,27.200000000000003,29.1,4.95,1.99,4.97,0.16,0.0,0.0,1027.0,8228.0,0.0,0.0,0.0,0.0,0.0,1.0,0.0,0.0,0.0,0.0,0.0,0.0,0.0,0.0,0.0,0.0,16.0,25903.0
2026-07-30T18:57:32.044Z,21.527,21.54,0.0,7.4,0.0,0.0,0.0,0.0,0.0,0.0,0.0,0.0,1.0,0.0,0.0,0.0,9.0,4.0,0.0,0.0,0.0,0.0,0.0,0.0,0.0,0.0,3.0,12.0,1.0,12.17,5.0200000000000005,2.51,1.49,0.0,0.1,0.0,301.1,0.0,-0.2,0.0,0.5,95.8,0.0,0.0,264.2,0.0,21.200000000000003,26.0,26.0,27.6,300.0,300.0,29.4,32.2,27.9,27.200000000000003,29.1,4.95,1.99,4.97,0.16,0.0,0.0,1027.0,8228.0,0.0,0.0,0.0,0.0,0.0,1.0,0.0,0.0,0.0,0.0,0.0,-0.5,0.0,-0.3,0.0,0.0,16.0,25903.0
2026-07-30T18:57:32.057Z,21.54,21.552,0.0,7.4,0.0,0.0,0.0,0.0,0.0,0.0,0.0,0.0,1.0,0.0,0.0,0.0,9.0,4.0,0.0,0.0,0.0,0.0,0.0,0.0,0.0,0.0,5.0,12.0,1.0,12.17,5.0200000000000005,2.51,1.49,0.0,0.0,0.0,301.1,0.0,0.2,-1.2000000000000002,-0.6000000000000001,95.8,0.0,0.0,264.2,0.0,21.200000000000003,26.0,26.0,27.6,300.0,300.0,29.4,32.2,27.9,27.200000000000003,29.1,4.96,1.99,4.96,0.16,0.0,0.0,1027.0,8228.0,0.0,0.0,0.0,0.0,0.0,1.0,0.0,0.0,0.0,0.0,0.0,0.4,0.0,1.8,0.0,0.0,16.0,25903.0
2026-07-30T18:57:32.069Z,21.552,21.564,0.0,7.4,0.0,0.0,0.0,0.0,0.0,0.0,0.0,0.0,1.0,0.0,0.0,0.0,9.0,4.0,0.0,0.0,0.0,0.0,0.0,0.0,0.0,0.0,6.0,12.0,1.0,12.17,5.0200000000000005,2.51,1.49,0.0,0.0,0.0,301.1,0.0,0.2,0.5,-0.6000000000000001,95.8,0.0,0.0,264.2,0.0,21.200000000000003,26.0,26.0,27.6,300.0,300.0,29.4,32.2,27.9,27.200000000000003,29.1,4.95,1.99,4.97,0.16,0.0,0.0,1027.0,8228.0,0.0,0.0,0.0,0.0,0.0,1.0,0.0,0.0,0.0,0.0,0.0,0.6000000000000001,0.0,-0.1,0.0,0.0,16.0,25903.0
2026-07-30T18:57:32.081Z,21.564,21.576,0.0,7.4,0.0,0.0,0.0,0.0,0.0,0.0,0.0,0.0,1.0,0.0,0.0,0.0,9.0,4.0,0.0,0.0,0.0,0.0,0.0,0.0,0.0,0.0,1.0,12.0,1.0,12.17,5.0200000000000005,2.51,1.49,0.0,0.0,0.0,301.1,0.0,0.2,0.4,0.4,95.8,0.0,0.0,264.3,0.0,21.200000000000003,26.0,26.0,27.6,300.0,300.0,29.4,32.2,27.9,27.200000000000003,29.1,4.95,1.99,4.96,0.16,0.0,0.0,1027.0,8228.0,0.0,0.0,0.0,0.0,0.0,1.0,0.0,0.0,0.0,0.0,0.0,-0.4,0.0,-0.8,0.0,0.0,16.0,25903.0
2026-07-30T18:57:32.093Z,21.576,21.588,0.0,7.4,0.0,0.0,0.0,0.0,0.0,0.0,0.0,0.0,1.0,0.0,0.0,0.0,9.0,4.0,0.0,0.0,0.0,0.0,0.0,0.0,0.0,0.0,2.0,12.0,1.0,12.17,5.0200000000000005,2.51,1.49,0.0,0.0,0.0,301.1,0.0,-0.3,0.4,-0.1,95.8,0.0,0.0,264.2,0.0,21.200000000000003,26.0,26.0,27.6,300.0,300.0,29.4,32.2,27.9,27.200000000000003,29.1,4.96,1.99,4.96,0.16,0.0,0.0,1027.0,8228.0,0.0,0.0,0.0,0.0,0.0,1.0,0.0,0.0,0.0,0.0,0.0,0.1,0.0,-0.4,0.0,0.0,16.0,25903.0
2026-07-30T18:57:32.105Z,21.588,21.6,0.0,7.4,0.0,0.0,0.0,0.0,0.0,0.0,0.0,0.0,1.0,0.0,0.0,0.0,9.0,4.0,0.0,0.0,0.0,0.0,0.0,0.0,0.0,0.0,3.0,12.0,1.0,12.17,5.0200000000000005,2.51,1.49,0.0,0.0,0.0,301.1,0.0,-0.3,-0.1,1.0,95.8,0.0,0.0,264.2,0.0,21.200000000000003,26.0,26.0,27.6,300.0,300.0,29.4,32.2,27.9,27.200000000000003,29.1,4.95,1.99,4.96,0.16,0.0,0.0,1027.0,8228.0,0.0,0.0,0.0,0.0,0.0,1.0,0.0,0.0,0.0,0.0,0.0,-0.4,0.0,-0.8,0.0,0.0,16.0,25903.0
2026-07-30T18:57:32.117Z,21.6,21.612,0.0,7.4,0.0,0.0,0.0,0.0,0.0,0.0,0.0,0.0,1.0,0.0,0.0,0.0,9.0,4.0,0.0,0.0,0.0,0.0,0.0,0.0,0.0,0.0,4.0,12.0,1.0,12.17,5.0200000000000005,2.51,1.49,0.0,0.0,0.0,301.1,0.0,0.7000000000000001,-0.1,0.0,95.8,0.0,0.0,264.2,0.0,21.200000000000003,26.0,26.0,27.6,300.0,300.0,29.4,32.2,27.9,27.200000000000003,29.1,4.95,1.99,4.97,0.16,0.0,0.0,1027.0,8228.0,0.0,0.0,0.0,0.0,0.0,1.0,0.0,0.0,0.0,0.0,0.0,0.0,0.0,0.2,0.0,0.0,16.0,25903.0
2026-07-30T18:57:32.130Z,21.613,21.624,0.0,7.4,0.0,0.0,0.0,0.0,0.0,0.0,0.0,0.0,1.0,0.0,0.0,0.0,9.0,4.0,0.0,0.0,0.0,0.0,0.0,0.0,0.0,0.0,4.0,12.0,1.0,12.14,5.01,2.51,1.49,0.0,0.0,0.0,301.1,0.0,0.1,-0.1,-1.2000000000000002,95.8,0.0,0.0,264.2,0.0,21.4,26.0,26.0,27.6,300.0,300.0,29.3,32.300000000000004,27.9,27.200000000000003,29.0,4.95,1.99,4.96,0.16,0.0,0.0,1027.0,8228.0,0.0,0.0,0.0,0.0,0.0,1.0,0.0,0.0,0.0,0.0,0.0,0.0,0.0,0.2,0.0,0.0,16.0,25903.0
2026-07-30T18:57:32.140Z,21.623,21.636,0.0,7.4,0.0,0.0,0.0,0.0,0.0,0.0,0.0,0.0,1.0,0.0,0.0,0.0,9.0,4.0,0.0,0.0,0.0,0.0,0.0,0.0,0.0,0.0,5.0,12.0,1.0,12.14,5.01,2.51,1.49,0.0,0.0,0.0,301.1,0.0,0.1,-0.7000000000000001,-0.7000000000000001,95.8,0.0,0.0,264.2,0.0,21.4,26.0,26.0,27.6,300.0,300.0,29.3,32.300000000000004,27.9,27.200000000000003,29.0,4.96,1.99,4.96,0.15,0.0,0.0,1027.0,8228.0,0.0,0.0,0.0,0.0,0.0,1.0,0.0,0.0,0.0,0.0,0.0,-1.4,0.0,-1.5,0.0,0.0,16.0,25903.0
2026-07-30T18:57:32.153Z,21.636,21.648,0.1,7.4,0.0,0.0,0.0,0.0,0.0,0.0,0.0,0.0,1.0,0.0,0.0,0.0,9.0,4.0,0.0,0.0,0.0,0.0,0.0,0.0,0.0,0.0,1.0,12.0,1.0,12.14,5.01,2.51,1.49,0.0,0.0,0.0,301.1,0.0,0.1,-1.2000000000000002,-0.1,95.8,0.0,0.0,264.2,0.0,21.4,26.0,26.0,27.6,300.0,300.0,29.3,32.300000000000004,27.9,27.200000000000003,29.0,4.95,1.99,4.97,0.16,0.0,0.0,1027.0,8228.0,0.0,0.0,0.0,0.0,0.0,1.0,0.0,0.0,0.0,0.0,0.0,0.0,0.0,1.5,0.0,0.0,16.0,25903.0
2026-07-30T18:57:32.164Z,21.647,21.66,0.1,7.4,0.0,0.0,0.0,0.0,0.0,0.0,0.0,0.0,1.0,0.0,0.0,0.0,9.0,4.0,0.0,0.0,0.0,0.0,0.0,0.0,0.0,0.0,2.0,12.0,1.0,12.14,5.01,2.51,1.49,0.0,0.0,0.0,301.1,0.0,-0.4,-1.2000000000000002,-0.1,95.8,0.0,0.0,264.3,0.0,21.4,26.0,26.0,27.6,300.0,300.0,29.3,32.300000000000004,27.9,27.200000000000003,29.0,4.95,1.99,4.96,0.16,0.0,0.0,1027.0,8228.0,0.0,0.0,0.0,0.0,0.0,1.0,0.0,0.0,0.0,0.0,0.0,-0.5,0.0,1.1,0.0,0.0,16.0,25903.0
2026-07-30T18:57:32.176Z,21.659,21.672,0.1,7.4,0.0,0.0,0.0,0.0,0.0,0.0,0.0,0.0,1.0,0.0,0.0,0.0,9.0,4.0,0.0,0.0,0.0,0.0,0.0,0.0,0.0,0.0,3.0,12.0,1.0,12.14,5.01,2.51,1.49,0.0,0.0,0.0,301.1,0.0,0.1,0.5,1.0,95.8,0.0,0.0,264.2,0.0,21.4,26.0,26.0,27.6,300.0,300.0,29.3,32.300000000000004,27.9,27.200000000000003,29.0,4.95,1.99,4.96,0.16,0.0,0.0,1027.0,8228.0,0.0,0.0,0.0,0.0,0.0,1.0,0.0,0.0,0.0,0.0,0.0,0.1,0.0,-0.5,0.0,0.0,16.0,25903.0
2026-07-30T18:57:32.188Z,21.671,21.684,0.1,7.4,0.0,0.0,0.0,0.0,0.0,0.0,0.0,0.0,1.0,0.0,0.0,0.0,9.0,4.0,0.0,0.0,0.0,0.0,0.0,0.0,0.0,0.0,4.0,12.0,1.0,12.14,5.01,2.51,1.49,0.0,0.0,0.0,301.1,0.0,0.1,1.7000000000000002,-0.1,95.8,0.0,0.0,264.2,0.0,21.4,26.0,26.0,27.6,300.0,300.0,29.3,32.300000000000004,27.9,27.200000000000003,29.0,4.96,1.99,4.96,0.16,0.0,0.0,1027.0,8228.0,0.0,0.0,0.0,0.0,0.0,1.0,0.0,0.0,0.0,0.0,0.0,0.3,0.0,-1.8,0.0,0.0,16.0,25903.0
2026-07-30T18:57:32.201Z,21.684,21.696,0.1,7.4,0.0,0.0,0.0,0.0,0.0,0.0,0.0,0.0,1.0,0.0,0.0,0.0,9.0,4.0,0.0,0.0,0.0,0.0,0.0,0.0,0.0,0.0,5.0,12.0,1.0,12.14,5.01,2.51,1.49,0.0,0.0,0.0,301.1,0.0,0.2,0.0,-1.3,95.8,0.0,0.0,264.2,0.0,21.4,26.0,26.0,27.6,300.0,300.0,29.3,32.300000000000004,27.9,27.200000000000003,29.0,4.95,1.99,4.96,0.16,0.0,0.0,1027.0,8228.0,0.0,0.0,0.0,0.0,0.0,1.0,0.0,0.0,0.0,0.0,0.0,1.2000000000000002,0.0,0.8,0.0,0.0,16.0,25903.0
2026-07-30T18:57:32.213Z,21.696,21.708,0.1,7.4,0.0,0.0,0.0,0.0,0.0,0.0,0.0,0.0,1.0,0.0,0.0,0.0,9.0,4.0,0.0,0.0,0.0,0.0,0.0,0.0,0.0,0.0,6.0,12.0,1.0,12.14,5.01,2.51,1.49,0.0,0.0,0.0,301.1,0.0,0.2,-1.1,-0.6000000000000001,95.8,0.0,0.0,264.2,0.0,21.4,26.0,26.0,27.6,300.0,300.0,29.3,32.300000000000004,27.9,27.200000000000003,29.0,4.96,2.0,4.96,0.16,0.0,0.0,1027.0,8228.0,0.0,0.0,0.0,0.0,0.0,1.0,0.0,0.0,0.0,0.0,0.0,0.5,0.0,1.7000000000000002,0.0,0.0,16.0,25903.0
2026-07-30T18:57:32.224Z,21.707,21.72,0.0,7.4,0.0,0.0,0.0,0.0,0.0,0.0,0.0,0.0,1.0,0.0,0.0,0.0,9.0,4.0,0.0,0.0,0.0,0.0,0.0,0.0,0.0,0.0,1.0,12.0,1.0,12.14,5.01,2.51,1.49,0.0,0.0,0.0,301.1,0.0,-0.3,0.0,-0.7000000000000001,95.8,0.0,0.0,264.2,0.0,21.4,26.0,26.0,27.6,300.0,300.0,29.3,32.300000000000004,27.9,27.200000000000003,29.0,4.96,1.99,4.97,0.16,0.0,0.0,1027.0,8228.0,0.0,0.0,0.0,0.0,0.0,1.0,0.0,0.0,0.0,0.0,0.0,0.2,0.0,-1.2000000000000002,0.0,0.0,16.0,25903.0
2026-07-30T18:57:32.236Z,21.719,21.732,0.0,7.4,0.0,0.0,0.0,0.0,0.0,0.0,0.0,0.0,1.0,0.0,0.0,0.0,9.0,4.0,0.0,0.0,0.0,0.0,0.0,0.0,0.0,0.0,2.0,12.0,1.0,12.15,5.01,2.51,1.49,0.0,0.0,0.0,301.1,0.0,-0.3,-0.5,1.0,95.8,0.0,0.0,264.2,0.0,21.4,26.0,26.0,27.6,300.0,300.0,29.4,32.300000000000004,27.9,27.200000000000003,29.1,4.95,1.99,4.97,0.16,0.0,0.0,1027.0,8228.0,0.0,0.0,0.0,0.0,0.0,1.0,0.0,0.0,0.0,0.0,0.0,-1.0,0.0,-0.1,0.0,0.0,16.0,25903.0
2026-07-30T18:57:32.249Z,21.732,21.744,0.0,7.4,0.0,0.0,0.0,0.0,0.0,0.0,0.0,0.0,1.0,0.0,0.0,0.0,9.0,4.0,0.0,0.0,0.0,0.0,0.0,0.0,0.0,0.0,3.0,12.0,1.0,12.15,5.01,2.51,1.49,0.0,0.0,0.0,301.1,0.0,-0.3,0.0,1.6,95.8,0.0,0.0,264.2,0.0,21.4,26.0,26.0,27.6,300.0,300.0,29.4,32.300000000000004,27.9,27.200000000000003,29.1,4.96,1.99,4.96,0.16,0.0,0.0,1027.0,8228.0,0.0,0.0,0.0,0.0,0.0,1.0,0.0,0.0,0.0,0.0,0.0,-1.5,0.0,-1.1,0.0,0.0,16.0,25903.0
2026-07-30T18:57:32.261Z,21.744,21.756,0.0,7.4,0.0,0.0,0.0,0.0,0.0,0.0,0.0,0.0,1.0,0.0,0.0,0.0,9.0,4.0,0.0,0.0,0.0,0.0,0.0,0.0,0.0,0.0,4.0,12.0,1.0,12.15,5.01,2.51,1.49,0.0,0.0,0.0,301.1,0.0,0.2,-1.1,-1.2000000000000002,95.8,0.0,0.0,264.2,0.0,21.4,26.0,26.0,27.6,300.0,300.0,29.4,32.300000000000004,27.9,27.200000000000003,29.1,4.95,1.99,4.96,0.16,0.0,0.0,1027.0,8228.0,0.0,0.0,0.0,0.0,0.0,1.0,0.0,0.0,0.0,0.0,0.0,1.0,0.0,2.1,0.0,0.0,16.0,25903.0
2026-07-30T18:57:32.272Z,21.755,21.768,0.0,7.4,0.0,0.0,0.0,0.0,0.0,0.0,0.0,0.0,1.0,0.0,0.0,0.0,9.0,4.0,0.0,0.0,0.0,0.0,0.0,0.0,0.0,0.0,6.0,12.0,1.0,12.15,5.01,2.51,1.49,0.0,0.0,0.0,301.1,0.0,0.8,-0.4,0.4,95.8,0.0,0.0,264.2,0.0,21.4,26.0,26.0,27.6,300.0,300.0,29.4,32.300000000000004,27.9,27.200000000000003,29.1,4.95,1.99,4.97,0.16,0.0,0.0,1027.0,8228.0,0.0,0.0,0.0,0.0,0.0,1.0,0.0,0.0,0.0,0.0,0.0,-1.5,0.0,-1.2000000000000002,0.0,0.0,16.0,25903.0
2026-07-30T18:57:32.285Z,21.768,21.78,0.0,7.4,0.0,0.0,0.0,0.0,0.0,0.0,0.0,0.0,1.0,0.0,0.0,0.0,9.0,4.0,0.0,0.0,0.0,0.0,0.0,0.0,0.0,0.0,1.0,12.0,1.0,12.15,5.01,2.51,1.49,0.0,0.0,0.0,301.1,0.0,-0.9,-0.4,0.4,95.8,0.0,0.0,264.2,0.0,21.4,26.0,26.0,27.6,300.0,300.0,29.4,32.300000000000004,27.9,27.200000000000003,29.1,4.96,1.99,4.97,0.16,0.0,0.0,1027.0,8228.0,0.0,0.0,0.0,0.0,0.0,1.0,0.0,0.0,0.0,0.0,0.0,-0.4,0.0,0.2,0.0,0.0,16.0,25903.0
2026-07-30T18:57:32.296Z,21.779,21.792,0.0,7.4,0.0,0.0,0.0,0.0,0.0,0.0,0.0,0.0,1.0,0.0,0.0,0.0,9.0,4.0,0.0,0.0,0.0,0.0,0.0,0.0,0.0,0.0,2.0,12.0,1.0,12.15,5.01,2.51,1.49,0.0,0.0,0.0,301.1,0.0,-0.3,-0.4,0.4,95.8,0.0,0.0,264.2,0.0,21.4,26.0,26.0,27.6,300.0,300.0,29.4,32.300000000000004,27.9,27.200000000000003,29.1,4.96,1.99,4.96,0.16,0.0,0.0,1027.0,8228.0,0.0,0.0,0.0,0.0,0.0,1.0,0.0,0.0,0.0,0.0,0.0,-0.4,0.0,0.2,0.0,0.0,16.0,25903.0
2026-07-30T18:57:32.309Z,21.792,21.804,0.0,7.4,0.0,0.0,0.0,0.0,0.0,0.0,0.0,0.0,1.0,0.0,0.0,0.0,9.0,4.0,0.0,0.0,0.0,0.0,0.0,0.0,0.0,0.0,3.0,12.0,1.0,12.15,5.01,2.51,1.49,0.0,0.0,0.0,301.1,0.0,0.2,-0.4,0.4,95.8,0.0,0.0,264.2,0.0,21.4,26.0,26.0,27.6,300.0,300.0,29.4,32.300000000000004,27.9,27.200000000000003,29.1,4.96,1.99,4.96,0.16,0.0,0.0,1027.0,8228.0,0.0,0.0,0.0,0.0,0.0,1.0,0.0,0.0,0.0,0.0,0.0,-0.4,0.0,0.2,0.0,0.0,16.0,25903.0
2026-07-30T18:57:32.321Z,21.804,21.816,0.0,7.4,0.0,0.0,0.0,0.0,0.0,0.0,0.0,0.0,1.0,0.0,0.0,0.0,9.0,4.0,0.0,0.0,0.0,0.0,0.0,0.0,0.0,0.0,4.0,12.0,1.0,12.15,5.01,2.51,1.49,0.0,0.0,0.0,301.1,0.0,0.2,-0.4,-1.2000000000000002,95.8,0.0,0.0,264.40000000000003,0.0,21.4,26.0,26.0,27.6,300.0,300.0,29.4,32.300000000000004,27.9,27.200000000000003,29.1,4.96,1.99,4.96,0.16,0.0,0.0,1027.0,8228.0,0.0,0.0,0.0,0.0,0.0,1.0,0.0,0.0,0.0,0.0,0.0,0.8,0.0,-1.7000000000000002,0.0,0.0,16.0,25903.0
2026-07-30T18:57:32.334Z,21.817,21.828,0.0,7.4,0.0,0.0,0.0,0.0,0.0,0.0,0.0,0.0,1.0,0.0,0.0,0.0,9.0,4.0,0.0,0.0,0.0,0.0,0.0,0.0,0.0,0.0,5.0,12.0,1.0,12.15,5.01,2.5,1.49,0.0,0.0,0.0,301.1,0.0,0.2,0.7000000000000001,0.0,95.8,0.0,0.0,264.2,0.0,21.9,26.1,26.1,27.6,300.0,300.0,29.4,32.2,27.9,27.200000000000003,29.1,4.96,2.0,4.96,0.16,0.0,0.0,1027.0,8228.0,0.0,0.0,0.0,0.0,0.0,1.0,0.0,0.0,0.0,0.0,0.0,0.1,0.0,-0.8,0.0,0.0,16.0,25903.0
2026-07-30T18:57:32.344Z,21.827,21.84,0.0,7.4,0.0,0.0,0.0,0.0,0.0,0.0,0.0,0.0,1.0,0.0,0.0,0.0,9.0,4.0,0.0,0.0,0.0,0.0,0.0,0.0,0.0,0.0,6.0,12.0,1.0,12.15,5.01,2.5,1.49,0.0,0.0,0.0,301.1,0.0,-0.3,-0.4,-1.2000000000000002,95.8,0.0,0.0,264.2,0.0,21.9,26.1,26.1,27.6,300.0,300.0,29.4,32.2,27.9,27.200000000000003,29.1,4.96,2.0,4.96,0.16,0.0,0.0,1027.0,8228.0,0.0,0.0,0.0,0.0,0.0,1.0,0.0,0.0,0.0,0.0,0.0,1.1,0.0,1.4,0.0,0.0,16.0,25903.0
2026-07-30T18:57:32.357Z,21.84,21.852,0.0,7.4,0.0,0.0,0.0,0.0,0.0,0.0,0.0,0.0,1.0,0.0,0.0,0.0,9.0,4.0,0.0,0.0,0.0,0.0,0.0,0.0,0.0,0.0,1.0,12.0,1.0,12.15,5.01,2.5,1.49,0.0,0.0,0.0,301.1,0.0,-0.3,-1.0,-0.6000000000000001,95.8,0.0,0.0,264.2,0.0,21.9,26.1,26.1,27.6,300.0,300.0,29.4,32.2,27.9,27.200000000000003,29.1,4.95,1.99,4.97,0.16,0.0,0.0,1027.0,8228.0,0.0,0.0,0.0,0.0,0.0,1.0,0.0,0.0,0.0,0.0,0.0,0.5,0.0,1.6,0.0,0.0,16.0,25903.0
2026-07-30T18:57:32.369Z,21.852,21.864,0.0,7.4,0.0,0.0,0.0,0.0,0.0,0.0,0.0,0.0,1.0,0.0,0.0,0.0,9.0,4.0,0.0,0.0,0.0,0.0,0.0,0.0,0.0,0.0,1.0,12.0,1.0,12.15,5.01,2.5,1.49,0.0,0.0,0.0,301.1,0.0,-0.8,0.1,0.4,95.8,0.0,0.0,264.2,0.0,21.9,26.1,26.1,27.6,300.0,300.0,29.4,32.2,27.9,27.200000000000003,29.1,4.95,2.0,4.96,0.16,0.0,0.0,1027.0,8228.0,0.0,0.0,0.0,0.0,0.0,1.0,0.0,0.0,0.0,0.0,0.0,-0.4,0.0,-0.4,0.0,0.0,16.0,25903.0
2026-07-30T18:57:32.380Z,21.863,21.876,0.0,7.4,0.0,0.0,0.0,0.0,0.0,0.0,0.0,0.0,1.0,0.0,0.0,0.0,9.0,4.0,0.0,0.0,0.0,0.0,0.0,0.0,0.0,0.0,2.0,12.0,1.0,12.15,5.01,2.5,1.49,0.0,0.0,0.0,301.1,0.0,0.8,0.1,-0.6000000000000001,95.8,0.0,0.0,264.2,0.0,21.9,26.1,26.1,27.6,300.0,300.0,29.4,32.2,27.9,27.200000000000003,29.1,4.96,1.99,4.96,0.16,0.0,0.0,1027.0,8228.0,0.0,0.0,0.0,0.0,0.0,1.0,0.0,0.0,0.0,0.0,0.0,0.6000000000000001,0.0,0.3,0.0,0.0,16.0,25903.0
2026-07-30T18:57:32.392Z,21.875,21.888,0.0,7.4,0.0,0.0,0.0,0.0,0.0,0.0,0.0,0.0,1.0,0.0,0.0,0.0,9.0,4.0,0.0,0.0,0.0,0.0,0.0,0.0,0.0,0.0,3.0,12.0,1.0,12.15,5.01,2.5,1.49,0.0,0.0,0.0,301.1,0.0,1.5,0.1,1.0,95.8,0.0,0.0,264.2,0.0,21.9,26.1,26.1,27.6,300.0,300.0,29.4,32.2,27.9,27.200000000000003,29.1,4.95,1.99,4.97,0.16,0.0,0.0,1027.0,8228.0,0.0,0.0,0.0,0.0,0.0,1.0,0.0,0.0,0.0,0.0,0.0,-0.9,0.0,-0.8,0.0,0.0,16.0,25903.0
2026-07-30T18:57:32.405Z,21.888,21.9,0.0,7.4,0.0,0.0,0.0,0.0,0.0,0.0,0.0,0.0,1.0,0.0,0.0,0.0,9.0,4.0,0.0,0.0,0.0,0.0,0.0,0.0,0.0,0.0,4.0,12.0,1.0,12.15,5.01,2.5,1.49,0.0,0.0,0.0,301.1,0.0,0.3,0.0,0.0,95.8,0.0,0.0,264.2,0.0,21.9,26.1,26.1,27.6,300.0,300.0,29.4,32.2,27.9,27.200000000000003,29.1,4.96,1.99,4.96,0.16,0.0,0.0,1027.0,8228.0,0.0,0.0,0.0,0.0,0.0,1.0,0.0,0.0,0.0,0.0,0.0,0.1,0.0,0.0,0.0,0.0,16.0,25903.0
2026-07-30T18:57:32.416Z,21.899,21.912,0.0,7.4,0.0,0.0,0.0,0.0,0.0,0.0,0.0,0.0,1.0,0.0,0.0,0.0,9.0,4.0,0.0,0.0,0.0,0.0,0.0,0.0,0.0,0.0,5.0,12.0,1.0,12.15,5.01,2.5,1.49,0.0,0.1,0.0,301.1,0.0,-0.2,0.6000000000000001,0.0,95.8,0.0,0.0,264.2,0.0,21.9,26.1,26.1,27.6,300.0,300.0,29.4,32.2,27.9,27.200000000000003,29.1,4.96,1.99,4.96,0.16,0.0,0.0,1027.0,8228.0,0.0,0.0,0.0,0.0,0.0,1.0,0.0,0.0,0.0,0.0,0.0,0.1,0.0,-0.7000000000000001,0.0,0.0,16.0,25903.0
2026-07-30T18:57:32.429Z,21.912,21.924,0.0,7.4,0.0,0.0,0.0,0.0,0.0,0.0,0.0,0.0,1.0,0.0,0.0,0.0,9.0,4.0,0.0,0.0,0.0,0.0,0.0,0.0,0.0,0.0,1.0,12.0,1.0,12.15,5.01,2.5,1.49,0.0,0.0,0.0,301.1,0.0,0.9,0.7000000000000001,1.1,95.8,0.0,0.0,264.3,0.0,21.9,26.1,26.1,27.6,300.0,300.0,29.4,32.2,27.9,27.200000000000003,29.1,4.96,1.99,4.96,0.16,0.0,0.0,1027.0,8228.0,0.0,0.0,0.0,0.0,0.0,1.0,0.0,0.0,0.0,0.0,0.0,-0.9,0.0,-1.5,0.0,0.0,16.0,25903.0
2026-07-30T18:57:32.440Z,21.923,21.936,0.0,7.4,0.0,0.0,0.0,0.0,0.0,0.0,0.0,0.0,1.0,0.0,0.0,0.0,9.0,4.0,0.0,0.0,0.0,0.0,0.0,0.0,0.0,0.0,2.0,12.0,1.0,12.17,5.0200000000000005,2.51,1.49,0.0,0.0,0.0,301.1,0.0,-0.2,-1.0,-1.2000000000000002,95.8,0.0,0.0,264.2,0.0,21.3,26.1,26.1,27.700000000000003,300.0,300.0,29.5,32.300000000000004,27.9,27.200000000000003,29.0,4.95,1.99,4.97,0.16,0.0,0.0,1027.0,8228.0,0.0,0.0,0.0,0.0,0.0,1.0,0.0,0.0,0.0,0.0,0.0,1.0,0.0,2.0,0.0,0.0,16.0,25903.0
2026-07-30T18:57:32.454Z,21.937,21.948,0.0,7.4,0.0,0.0,0.0,0.0,0.0,0.0,0.0,0.0,1.0,0.0,0.0,0.0,9.0,4.0,0.0,0.0,0.0,0.0,0.0,0.0,0.0,0.0,4.0,12.0,1.0,12.17,5.0200000000000005,2.51,1.49,0.0,0.0,0.0,301.1,0.0,-0.1,-1.0,-1.1,95.8,0.0,0.0,264.2,0.0,21.3,26.1,26.1,27.700000000000003,300.0,300.0,29.5,32.300000000000004,27.9,27.200000000000003,29.0,4.95,1.99,4.96,0.16,0.0,0.0,1027.0,8228.0,0.0,0.0,0.0,0.0,0.0,1.0,0.0,0.0,0.0,0.0,0.0,0.9,0.0,1.9,0.0,0.0,16.0,25903.0
2026-07-30T18:57:32.465Z,21.948,21.96,-0.1,7.4,0.0,0.0,0.0,0.0,0.0,0.0,0.0,0.0,1.0,0.0,0.0,0.0,9.0,4.0,0.0,0.0,0.0,0.0,0.0,0.0,0.0,0.0,3.0,12.0,1.0,12.17,5.0200000000000005,2.51,1.49,0.0,0.0,0.0,301.1,0.0,0.3,1.3,1.1,95.8,0.0,0.0,264.2,0.0,21.3,26.1,26.1,27.700000000000003,300.0,300.0,29.5,32.300000000000004,27.9,27.200000000000003,29.0,4.95,1.99,4.97,0.16,0.0,0.0,1027.0,8228.0,0.0,0.0,0.0,0.0,0.0,1.0,0.0,0.0,0.0,0.0,0.0,-0.9,0.0,-2.3000000000000003,0.0,0.0,16.0,25903.0
2026-07-30T18:57:32.476Z,21.959,21.972,0.0,7.4,0.0,0.0,0.0,0.0,0.0,0.0,0.0,0.0,1.0,0.0,0.0,0.0,9.0,4.0,0.0,0.0,0.0,0.0,0.0,0.0,0.0,0.0,4.0,12.0,1.0,12.17,5.0200000000000005,2.51,1.49,0.0,0.0,0.0,301.1,0.0,-0.1,0.1,0.0,95.8,0.0,0.0,264.3,0.0,21.3,26.1,26.1,27.700000000000003,300.0,300.0,29.5,32.300000000000004,27.9,27.200000000000003,29.0,4.95,1.99,4.97,0.16,0.0,0.0,1027.0,8228.0,0.0,0.0,0.0,0.0,0.0,1.0,0.0,0.0,0.0,0.0,0.0,0.0,0.0,-0.1,0.0,0.0,16.0,25903.0
2026-07-30T18:57:32.488Z,21.971,21.984,0.0,7.4,0.0,0.0,0.0,0.0,0.0,0.0,0.0,0.0,1.0,0.0,0.0,0.0,9.0,4.0,0.0,0.0,0.0,0.0,0.0,0.0,0.0,0.0,5.0,12.0,1.0,12.17,5.0200000000000005,2.51,1.49,0.0,0.0,0.0,301.1,0.0,-0.1,0.7000000000000001,1.1,95.8,0.0,0.0,264.2,0.0,21.3,26.1,26.1,27.700000000000003,300.0,300.0,29.5,32.300000000000004,27.9,27.200000000000003,29.0,4.95,1.99,4.97,0.16,0.0,0.0,1027.0,8228.0,0.0,0.0,0.0,0.0,0.0,1.0,0.0,0.0,0.0,0.0,0.0,-1.0,0.0,-1.6,0.0,0.0,16.0,25903.0
2026-07-30T18:57:32.501Z,21.984,21.996,-0.1,7.4,0.0,0.0,0.0,0.0,0.0,0.0,0.0,0.0,1.0,0.0,0.0,0.0,9.0,4.0,0.0,0.0,0.0,0.0,0.0,0.0,0.0,0.0,1.0,12.0,1.0,12.17,5.0200000000000005,2.51,1.49,0.0,0.0,0.0,301.1,0.0,-0.1,-1.6,-0.5,95.8,0.0,0.0,264.3,0.0,21.3,26.1,26.1,27.700000000000003,300.0,300.0,29.5,32.300000000000004,27.9,27.200000000000003,29.0,4.95,2.0,4.97,0.16,0.0,0.0,1027.0,8228.0,0.0,0.0,0.0,0.0,0.0,1.0,0.0,0.0,0.0,0.0,0.0,0.3,0.0,2.2,0.0,0.0,16.0,25903.0
2026-07-30T18:57:32.512Z,21.995,22.008,-0.1,7.4,0.0,0.0,0.0,0.0,0.0,0.0,0.0,0.0,1.0,0.0,0.0,0.0,9.0,4.0,0.0,0.0,0.0,0.0,0.0,0.0,0.0,0.0,2.0,12.0,1.0,12.17,5.0200000000000005,2.51,1.49,0.0,0.1,0.0,301.1,0.0,-0.7000000000000001,-1.0,-1.1,95.8,0.0,0.0,264.2,0.0,21.3,26.1,26.1,27.700000000000003,300.0,300.0,29.5,32.300000000000004,27.9,27.200000000000003,29.0,4.95,1.99,4.97,0.16,0.0,0.0,1027.0,8228.0,0.0,0.0,0.0,0.0,0.0,1.0,0.0,0.0,0.0,0.0,0.0,0.9,0.0,2.0,0.0,0.0,16.0,25903.0
2026-07-30T18:57:32.525Z,22.008,22.02,0.0,7.4,0.0,0.0,0.0,0.0,0.0,0.0,0.0,0.0,1.0,0.0,0.0,0.0,9.0,4.0,0.0,0.0,0.0,0.0,0.0,0.0,0.0,0.0,4.0,12.0,1.0,12.17,5.0200000000000005,2.51,1.49,0.0,0.0,0.0,301.1,0.0,0.3,0.6000000000000001,0.0,95.8,0.0,0.0,264.2,0.0,21.3,26.1,26.1,27.700000000000003,300.0,300.0,29.5,32.300000000000004,27.9,27.200000000000003,29.0,4.95,1.99,4.97,0.16,0.0,0.0,1027.0,8228.0,0.0,0.0,0.0,0.0,0.0,1.0,0.0,0.0,0.0,0.0,0.0,0.0,0.0,-0.7000000000000001,0.0,0.0,16.0,25903.0
2026-07-30T18:57:32.537Z,22.02,22.032,0.0,7.4,0.0,0.0,0.0,0.0,0.0,0.0,0.0,0.0,1.0,0.0,0.0,0.0,9.0,4.0,0.0,0.0,0.0,0.0,0.0,0.0,0.0,0.0,5.0,12.0,1.0,12.17,5.01,2.51,1.49,0.0,0.0,0.0,301.1,0.0,-0.2,0.6000000000000001,0.0,95.8,0.0,0.0,264.2,0.0,21.4,26.1,26.1,27.700000000000003,300.0,300.0,29.4,32.2,27.9,27.200000000000003,29.0,4.95,1.99,4.96,0.16,0.0,0.0,1027.0,8228.0,0.0,0.0,0.0,0.0,0.0,1.0,0.0,0.0,0.0,0.0,0.0,0.0,0.0,-0.7000000000000001,0.0,0.0,16.0,25903.0
2026-07-30T18:57:32.549Z,22.032,22.044,0.0,7.4,0.0,0.0,0.0,0.0,0.0,0.0,0.0,0.0,1.0,0.0,0.0,0.0,9.0,4.0,0.0,0.0,0.0,0.0,0.0,0.0,0.0,0.0,6.0,12.0,1.0,12.17,5.01,2.51,1.49,0.0,0.0,0.0,301.1,0.0,0.3,0.0,1.7000000000000002,95.8,0.0,0.0,264.2,0.0,21.4,26.1,26.1,27.700000000000003,300.0,300.0,29.4,32.2,27.9,27.200000000000003,29.0,4.95,1.99,4.97,0.16,0.0,0.0,1027.0,8228.0,0.0,0.0,0.0,0.0,0.0,1.0,0.0,0.0,0.0,0.0,0.0,-1.5,0.0,-1.2000000000000002,0.0,0.0,16.0,25903.0
2026-07-30T18:57:32.561Z,22.044,22.056,0.0,7.4,0.0,0.0,0.0,0.0,0.0,0.0,0.0,0.0,1.0,0.0,0.0,0.0,9.0,4.0,0.0,0.0,0.0,0.0,0.0,0.0,0.0,0.0,1.0,12.0,1.0,12.17,5.01,2.51,1.49,0.0,0.0,0.0,301.1,0.0,0.3,0.0,0.5,95.8,0.0,0.0,264.2,0.0,21.4,26.1,26.1,27.700000000000003,300.0,300.0,29.4,32.2,27.9,27.200000000000003,29.0,4.95,1.99,4.96,0.16,0.0,0.0,1027.0,8228.0,0.0,0.0,0.0,0.0,0.0,1.0,0.0,0.0,0.0,0.0,0.0,-0.5,0.0,-0.4,0.0,0.0,16.0,25903.0
2026-07-30T18:57:32.572Z,22.055,22.068,0.0,7.4,0.0,0.0,0.0,0.0,0.0,0.0,0.0,0.0,1.0,0.0,0.0,0.0,9.0,4.0,0.0,0.0,0.0,0.0,0.0,0.0,0.0,0.0,2.0,12.0,1.0,12.17,5.01,2.51,1.49,0.0,0.0,0.0,301.1,0.0,0.2,0.5,0.5,95.8,0.0,0.0,264.2,0.0,21.4,26.1,26.1,27.700000000000003,300.0,300.0,29.4,32.2,27.9,27.200000000000003,29.0,4.95,1.99,4.96,0.16,0.0,0.0,1027.0,8228.0,0.0,0.0,0.0,0.0,0.0,1.0,0.0,0.0,0.0,0.0,0.0,-0.4,0.0,-1.0,0.0,0.0,16.0,25903.0
2026-07-30T18:57:32.585Z,22.068,22.08,0.0,7.4,0.0,0.0,0.0,0.0,0.0,0.0,0.0,0.0,1.0,0.0,0.0,0.0,9.0,4.0,0.0,0.0,0.0,0.0,0.0,0.0,0.0,0.0,4.0,12.0,1.0,12.17,5.01,2.51,1.49,0.0,0.0,0.0,301.1,0.0,-0.9,-0.6000000000000001,-0.1,95.8,0.0,0.0,264.2,0.0,21.4,26.1,26.1,27.700000000000003,300.0,300.0,29.4,32.2,27.9,27.200000000000003,29.0,4.95,1.99,4.97,0.16,0.0,0.0,1027.0,8228.0,0.0,0.0,0.0,0.0,0.0,1.0,0.0,0.0,0.0,0.0,0.0,0.0,0.0,0.7000000000000001,0.0,0.0,16.0,25903.0
2026-07-30T18:57:32.597Z,22.08,22.092,0.0,7.4,0.0,0.0,0.0,0.0,0.0,0.0,0.0,0.0,1.0,0.0,0.0,0.0,9.0,4.0,0.0,0.0,0.0,0.0,0.0,0.0,0.0,0.0,5.0,12.0,1.0,12.17,5.01,2.51,1.49,0.0,0.0,0.0,301.1,0.0,-0.3,-0.6000000000000001,-0.6000000000000001,95.8,0.0,0.0,264.2,0.0,21.4,26.1,26.1,27.700000000000003,300.0,300.0,29.4,32.2,27.9,27.200000000000003,29.0,4.95,1.99,4.97,0.16,0.0,0.0,1027.0,8228.0,0.0,0.0,0.0,0.0,0.0,1.0,0.0,0.0,0.0,0.0,0.0,0.5,0.0,1.1,0.0,0.0,16.0,25903.0
2026-07-30T18:57:32.608Z,22.091,22.104,0.0,7.4,0.0,0.0,0.0,0.0,0.0,0.0,0.0,0.0,1.0,0.0,0.0,0.0,9.0,4.0,0.0,0.0,0.0,0.0,0.0,0.0,0.0,0.0,6.0,12.0,1.0,12.17,5.01,2.51,1.49,0.0,0.0,0.0,301.1,0.0,-0.3,0.5,0.4,95.8,0.0,0.0,264.2,0.0,21.4,26.1,26.1,27.700000000000003,300.0,300.0,29.4,32.2,27.9,27.200000000000003,29.0,4.95,1.99,4.96,0.16,0.0,0.0,1027.0,8228.0,0.0,0.0,0.0,0.0,0.0,1.0,0.0,0.0,0.0,0.0,0.0,-0.3,0.0,-0.8,0.0,0.0,16.0,25903.0
2026-07-30T18:57:32.620Z,22.103,22.116,0.0,7.4,0.0,0.0,0.0,0.0,0.0,0.0,0.0,0.0,1.0,0.0,0.0,0.0,9.0,4.0,0.0,0.0,0.0,0.0,0.0,0.0,0.0,0.0,1.0,12.0,1.0,12.17,5.01,2.51,1.49,0.0,0.0,0.0,301.1,0.0,-0.3,0.0,-0.1,95.8,0.0,0.0,264.2,0.0,21.4,26.1,26.1,27.700000000000003,300.0,300.0,29.4,32.2,27.9,27.200000000000003,29.0,4.96,1.99,4.96,0.16,0.0,0.0,1027.0,8228.0,0.0,0.0,0.0,0.0,0.0,1.0,0.0,0.0,0.0,0.0,0.0,0.1,0.0,0.2,0.0,0.0,16.0,25903.0
2026-07-30T18:57:32.632Z,22.115,22.128,0.0,7.4,0.0,0.0,0.0,0.0,0.0,0.0,0.0,0.0,1.0,0.0,0.0,0.0,9.0,4.0,0.0,0.0,0.0,0.0,0.0,0.0,0.0,0.0,2.0,12.0,1.0,12.17,5.01,2.51,1.49,0.0,0.1,0.0,301.1,0.0,-0.3,0.4,-0.7000000000000001,95.8,0.0,0.0,264.3,0.0,21.4,26.1,26.1,27.700000000000003,300.0,300.0,29.4,32.2,27.9,27.200000000000003,29.0,4.95,1.99,4.97,0.16,0.0,0.0,1027.0,8228.0,0.0,0.0,0.0,0.0,0.0,1.0,0.0,0.0,0.0,0.0,0.0,0.6000000000000001,0.0,1.2000000000000002,0.0,0.0,16.0,25903.0
2026-07-30T18:57:32.645Z,22.128,22.14,0.0,7.4,0.0,0.0,0.0,0.0,0.0,0.0,0.0,0.0,1.0,0.0,0.0,0.0,9.0,4.0,0.0,0.0,0.0,0.0,0.0,0.0,0.0,0.0,4.0,12.0,1.0,12.18,5.0200000000000005,2.5,1.49,0.0,0.0,0.0,301.1,0.0,-0.3,0.5,-0.1,95.8,0.0,0.0,264.2,0.0,21.200000000000003,26.1,26.1,27.700000000000003,300.0,300.0,29.4,32.300000000000004,27.9,27.200000000000003,29.1,4.96,1.99,4.96,0.16,0.0,0.0,1027.0,8228.0,0.0,0.0,0.0,0.0,0.0,1.0,0.0,0.0,0.0,0.0,0.0,-1.5,0.0,-1.0,0.0,0.0,16.0,25903.0
2026-07-30T18:57:32.658Z,22.141,22.152,0.0,7.4,0.0,0.0,0.0,0.0,0.0,0.0,0.0,0.0,1.0,0.0,0.0,0.0,9.0,4.0,0.0,0.0,0.0,0.0,0.0,0.0,0.0,0.0,5.0,12.0,1.0,12.18,5.0200000000000005,2.5,1.49,0.0,0.0,0.0,301.1,0.0,-0.3,-0.6000000000000001,0.9,95.8,0.0,0.0,264.3,0.0,21.200000000000003,26.1,26.1,27.700000000000003,300.0,300.0,29.4,32.300000000000004,27.9,27.200000000000003,29.1,4.96,2.0,4.96,0.16,0.0,0.0,1027.0,8228.0,0.0,0.0,0.0,0.0,0.0,1.0,0.0,0.0,0.0,0.0,0.0,0.0,0.0,0.8,0.0,0.0,16.0,25903.0
2026-07-30T18:57:32.669Z,22.152,22.164,0.1,7.4,0.0,0.0,0.0,0.0,0.0,0.0,0.0,0.0,1.0,0.0,0.0,0.0,9.0,4.0,0.0,0.0,0.0,0.0,0.0,0.0,0.0,0.0,6.0,12.0,1.0,12.18,5.0200000000000005,2.5,1.49,0.0,0.0,0.0,301.1,0.0,-0.9,0.0,1.0,95.8,0.0,0.0,264.3,0.0,21.200000000000003,26.1,26.1,27.700000000000003,300.0,300.0,29.4,32.300000000000004,27.9,27.200000000000003,29.1,4.95,1.99,4.96,0.16,0.0,0.0,1027.0,8228.0,0.0,0.0,0.0,0.0,0.0,1.0,0.0,0.0,0.0,0.0,0.0,0.1,0.0,0.1,0.0,0.0,16.0,25903.0
2026-07-30T18:57:32.680Z,22.163,22.176,0.0,7.4,0.0,0.0,0.0,0.0,0.0,0.0,0.0,0.0,1.0,0.0,0.0,0.0,9.0,4.0,0.0,0.0,0.0,0.0,0.0,0.0,0.0,0.0,1.0,12.0,1.0,12.18,5.0200000000000005,2.5,1.49,0.0,0.0,0.0,301.1,0.0,-0.3,0.0,-0.7000000000000001,95.8,0.0,0.0,264.2,0.0,21.200000000000003,26.1,26.1,27.700000000000003,300.0,300.0,29.4,32.300000000000004,27.9,27.200000000000003,29.1,4.95,1.99,4.97,0.16,0.0,0.0,1027.0,8228.0,0.0,0.0,0.0,0.0,0.0,1.0,0.0,0.0,0.0,0.0,0.0,-1.0,0.0,0.0,0.0,0.0,16.0,25903.0
2026-07-30T18:57:32.692Z,22.175,22.188,0.0,7.4,0.0,0.0,0.0,0.0,0.0,0.0,0.0,0.0,1.0,0.0,0.0,0.0,9.0,4.0,0.0,0.0,0.0,0.0,0.0,0.0,0.0,0.0,3.0,12.0,1.0,12.18,5.0200000000000005,2.5,1.49,0.0,0.0,0.0,301.1,0.0,-0.8,-0.5,-1.3,95.8,0.0,0.0,264.2,0.0,21.200000000000003,26.1,26.1,27.700000000000003,300.0,300.0,29.4,32.300000000000004,27.9,27.200000000000003,29.1,4.96,1.99,4.96,0.16,0.0,0.0,1027.0,8228.0,0.0,0.0,0.0,0.0,0.0,1.0,0.0,0.0,0.0,0.0,0.0,1.2000000000000002,0.0,1.5,0.0,0.0,16.0,25903.0
2026-07-30T18:57:32.704Z,22.187,22.2,0.0,7.4,0.0,0.0,0.0,0.0,0.0,0.0,0.0,0.0,1.0,0.0,0.0,0.0,9.0,4.0,0.0,0.0,0.0,0.0,0.0,0.0,0.0,0.0,4.0,12.0,1.0,12.18,5.0200000000000005,2.5,1.49,0.0,0.0,0.0,301.1,0.0,0.3,-0.5,-1.3,95.8,0.0,0.0,264.2,0.0,21.200000000000003,26.1,26.1,27.700000000000003,300.0,300.0,29.4,32.300000000000004,27.9,27.200000000000003,29.1,4.96,1.99,4.96,0.15,0.0,0.0,1027.0,8228.0,0.0,0.0,0.0,0.0,0.0,1.0,0.0,0.0,0.0,0.0,0.0,1.2000000000000002,0.0,1.5,0.0,0.0,16.0,25903.0
2026-07-30T18:57:32.717Z,22.2,22.212,0.0,7.4,0.0,0.0,0.0,0.0,0.0,0.0,0.0,0.0,1.0,0.0,0.0,0.0,9.0,4.0,0.0,0.0,0.0,0.0,0.0,0.0,0.0,0.0,5.0,12.0,1.0,12.18,5.0200000000000005,2.5,1.49,0.0,0.0,0.0,301.1,0.0,0.2,0.0,0.4,95.8,0.0,0.0,264.2,0.0,21.200000000000003,26.1,26.1,27.700000000000003,300.0,300.0,29.4,32.300000000000004,27.9,27.200000000000003,29.1,4.95,1.99,4.96,0.16,0.0,0.0,1027.0,8228.0,0.0,0.0,0.0,0.0,0.0,1.0,0.0,0.0,0.0,0.0,0.0,-0.3,0.0,-0.3,0.0,0.0,16.0,25903.0
2026-07-30T18:57:32.728Z,22.211,22.224,0.0,7.4,0.0,0.0,0.0,0.0,0.0,0.0,0.0,0.0,1.0,0.0,0.0,0.0,9.0,4.0,0.0,0.0,0.0,0.0,0.0,0.0,0.0,0.0,6.0,12.0,1.0,12.18,5.0200000000000005,2.5,1.49,0.0,0.0,0.0,301.1,0.0,-0.3,-0.4,-0.7000000000000001,95.8,0.0,0.0,264.2,0.0,21.200000000000003,26.1,26.1,27.700000000000003,300.0,300.0,29.4,32.300000000000004,27.9,27.200000000000003,29.1,4.96,1.99,4.96,0.16,0.0,0.0,1027.0,8228.0,0.0,0.0,0.0,0.0,0.0,1.0,0.0,0.0,0.0,0.0,0.0,0.6000000000000001,0.0,1.1,0.0,0.0,16.0,25903.0
2026-07-30T18:57:32.742Z,22.225,22.236,0.0,7.4,0.0,0.0,0.0,0.0,0.0,0.0,0.0,0.0,1.0,0.0,0.0,0.0,9.0,4.0,0.0,0.0,0.0,0.0,0.0,0.0,0.0,0.0,2.0,12.0,1.0,12.14,5.01,2.51,1.49,0.0,0.0,0.0,301.1,0.0,0.2,-0.4,-0.7000000000000001,95.8,0.0,0.0,264.3,0.0,21.8,26.200000000000003,26.200000000000003,27.700000000000003,300.0,300.0,29.6,32.300000000000004,27.9,27.200000000000003,29.1,4.95,2.0,4.96,0.16,0.0,0.0,1027.0,8228.0,0.0,0.0,0.0,0.0,0.0,1.0,0.0,0.0,0.0,0.0,0.0,0.1,0.0,0.6000000000000001,0.0,0.0,16.0,25903.0
2026-07-30T18:57:32.753Z,22.236,22.248,0.0,7.4,0.0,0.0,0.0,0.0,0.0,0.0,0.0,0.0,1.0,0.0,0.0,0.0,9.0,4.0,0.0,0.0,0.0,0.0,0.0,0.0,0.0,0.0,3.0,12.0,1.0,12.14,5.01,2.51,1.49,0.0,0.0,0.0,301.1,0.0,0.8,0.7000000000000001,-0.2,95.8,0.0,0.0,264.2,0.0,21.8,26.200000000000003,26.200000000000003,27.700000000000003,300.0,300.0,29.6,32.300000000000004,27.9,27.200000000000003,29.1,4.95,2.0,4.97,0.16,0.0,0.0,1027.0,8228.0,0.0,0.0,0.0,0.0,0.0,1.0,0.0,0.0,0.0,0.0,0.0,0.2,0.0,-0.6000000000000001,0.0,0.0,16.0,25903.0
2026-07-30T18:57:32.765Z,22.248,22.26,0.0,7.4,0.0,0.0,0.0,0.0,0.0,0.0,0.0,0.0,1.0,0.0,0.0,0.0,9.0,4.0,0.0,0.0,0.0,0.0,0.0,0.0,0.0,0.0,5.0,12.0,1.0,12.14,5.01,2.51,1.49,0.0,0.0,0.0,301.1,0.0,0.2,0.7000000000000001,-0.1,95.8,0.0,0.0,264.3,0.0,21.8,26.200000000000003,26.200000000000003,27.700000000000003,300.0,300.0,29.6,32.300000000000004,27.9,27.200000000000003,29.1,4.96,2.0,4.97,0.16,0.0,0.0,1027.0,8228.0,0.0,0.0,0.0,0.0,0.0,1.0,0.0,0.0,0.0,0.0,0.0,-0.2,0.0,-1.0,0.0,0.0,16.0,25903.0
2026-07-30T18:57:32.776Z,22.259,22.272,0.0,7.4,0.0,0.0,0.0,0.0,0.0,0.0,0.0,0.0,1.0,0.0,0.0,0.0,9.0,4.0,0.0,0.0,0.0,0.0,0.0,0.0,0.0,0.0,5.0,12.0,1.0,12.14,5.01,2.51,1.49,0.0,0.0,0.0,301.2,0.0,0.2,-0.4,-0.7000000000000001,95.8,0.0,0.0,264.3,0.0,21.8,26.200000000000003,26.200000000000003,27.700000000000003,300.0,300.0,29.6,32.300000000000004,27.9,27.200000000000003,29.1,4.96,2.0,4.96,0.16,0.0,0.0,1027.0,8228.0,0.0,0.0,0.0,0.0,0.0,1.0,0.0,0.0,0.0,0.0,0.0,-1.4,0.0,-1.2000000000000002,0.0,0.0,16.0,25903.0
2026-07-30T18:57:32.789Z,22.272,22.284,0.0,7.4,0.0,0.0,0.0,0.0,0.0,0.0,0.0,0.0,1.0,0.0,0.0,0.0,9.0,4.0,0.0,0.0,0.0,0.0,0.0,0.0,0.0,0.0,5.0,12.0,1.0,12.14,5.01,2.51,1.49,0.0,0.0,0.0,301.1,0.0,-0.3,-1.0,-0.7000000000000001,95.8,0.0,0.0,264.2,0.0,21.8,26.200000000000003,26.200000000000003,27.700000000000003,300.0,300.0,29.6,32.300000000000004,27.9,27.200000000000003,29.1,4.95,1.99,4.96,0.16,0.0,0.0,1027.0,8228.0,0.0,0.0,0.0,0.0,0.0,1.0,0.0,0.0,0.0,0.0,0.0,0.5,0.0,1.6,0.0,0.0,16.0,25903.0
2026-07-30T18:57:32.800Z,22.283,22.296,0.0,7.4,0.0,0.0,0.0,0.0,0.0,0.0,0.0,0.0,1.0,0.0,0.0,0.0,9.0,4.0,0.0,0.0,0.0,0.0,0.0,0.0,0.0,0.0,6.0,12.0,1.0,12.14,5.01,2.51,1.49,0.0,0.0,0.0,301.1,0.0,0.2,0.6000000000000001,1.0,95.8,0.0,0.0,264.2,0.0,21.8,26.200000000000003,26.200000000000003,27.700000000000003,300.0,300.0,29.6,32.300000000000004,27.9,27.200000000000003,29.1,4.95,1.99,4.96,0.16,0.0,0.0,1027.0,8228.0,0.0,0.0,0.0,0.0,0.0,1.0,0.0,0.0,0.0,0.0,0.0,-0.8,0.0,-1.4,0.0,0.0,16.0,25903.0
2026-07-30T18:57:32.812Z,22.295,22.308,0.0,7.4,0.0,0.0,0.0,0.0,0.0,0.0,0.0,0.0,1.0,0.0,0.0,0.0,9.0,4.0,0.0,0.0,0.0,0.0,0.0,0.0,0.0,0.0,1.0,12.0,1.0,12.14,5.01,2.51,1.49,0.0,0.1,0.0,301.1,0.0,-0.3,0.0,-1.3,95.8,0.0,0.0,264.2,0.0,21.8,26.200000000000003,26.200000000000003,27.700000000000003,300.0,300.0,29.6,32.300000000000004,27.9,27.200000000000003,29.1,4.96,1.99,4.96,0.16,0.0,0.0,1027.0,8228.0,0.0,0.0,0.0,0.0,0.0,1.0,0.0,0.0,0.0,0.0,0.0,1.2000000000000002,0.0,0.8,0.0,0.0,16.0,25903.0
2026-07-30T18:57:32.824Z,22.307,22.32,0.0,7.4,0.0,0.0,0.0,0.0,0.0,0.0,0.0,0.0,1.0,0.0,0.0,0.0,9.0,4.0,0.0,0.0,0.0,0.0,0.0,0.0,0.0,0.0,2.0,12.0,1.0,12.14,5.01,2.51,1.49,0.0,0.1,0.0,301.1,0.0,-0.3,-0.5,0.4,95.8,0.0,0.0,264.2,0.0,21.8,26.200000000000003,26.200000000000003,27.700000000000003,300.0,300.0,29.6,32.300000000000004,27.9,27.200000000000003,29.1,4.96,1.99,4.96,0.16,0.0,0.0,1027.0,8228.0,0.0,0.0,0.0,0.0,0.0,1.0,0.0,0.0,0.0,0.0,0.0,-0.4,0.0,0.3,0.0,0.0,16.0,25903.0
2026-07-30T18:57:32.836Z,22.319,22.332,0.0,7.4,0.0,0.0,0.0,0.0,0.0,0.0,0.0,0.0,1.0,0.0,0.0,0.0,9.0,4.0,0.0,0.0,0.0,0.0,0.0,0.0,0.0,0.0,3.0,12.0,1.0,12.14,5.01,2.51,1.49,0.0,0.0,0.0,301.1,0.0,-0.3,0.6000000000000001,-0.1,95.8,0.0,0.0,264.2,0.0,21.8,26.200000000000003,26.200000000000003,27.700000000000003,300.0,300.0,29.6,32.300000000000004,27.9,27.200000000000003,29.1,4.95,1.99,4.97,0.16,0.0,0.0,1027.0,8228.0,0.0,0.0,0.0,0.0,0.0,1.0,0.0,0.0,0.0,0.0,0.0,0.2,0.0,-0.6000000000000001,0.0,0.0,16.0,25903.0
2026-07-30T18:57:32.852Z,22.335,22.344,0.0,7.4,0.0,0.0,0.0,0.0,0.0,0.0,0.0,0.0,1.0,0.0,0.0,0.0,9.0,4.0,0.0,0.0,0.0,0.0,0.0,0.0,0.0,0.0,4.0,12.0,1.0,12.15,5.0200000000000005,2.51,1.49,0.0,0.0,0.0,301.1,0.0,-0.3,-0.5,-0.6000000000000001,95.8,0.0,0.0,264.2,0.0,21.4,26.200000000000003,26.200000000000003,27.8,300.0,300.0,29.700000000000003,32.300000000000004,27.9,27.200000000000003,29.1,4.95,1.99,4.96,0.16,0.0,0.0,1027.0,8228.0,0.0,0.0,0.0,0.0,0.0,1.0,0.0,0.0,0.0,0.0,0.0,0.5,0.0,1.0,0.0,0.0,16.0,25903.0
2026-07-30T18:57:32.860Z,22.343,22.356,0.0,7.4,0.0,0.0,0.0,0.0,0.0,0.0,0.0,0.0,1.0,0.0,0.0,0.0,9.0,4.0,0.0,0.0,0.0,0.0,0.0,0.0,0.0,0.0,5.0,12.0,1.0,12.15,5.0200000000000005,2.51,1.49,0.0,0.0,0.0,301.1,0.0,1.4,1.8,1.1,95.8,0.0,0.0,264.2,0.0,21.4,26.200000000000003,26.200000000000003,27.8,300.0,300.0,29.700000000000003,32.300000000000004,27.9,27.200000000000003,29.1,4.96,1.99,4.96,0.15,0.0,0.0,1027.0,8228.0,0.0,0.0,0.0,0.0,0.0,1.0,0.0,0.0,0.0,0.0,0.0,-0.8,0.0,-2.8000000000000003,0.0,0.0,16.0,25903.0
2026-07-30T18:57:32.872Z,22.355,22.368,0.0,7.4,0.0,0.0,0.0,0.0,0.0,0.0,0.0,0.0,1.0,0.0,0.0,0.0,9.0,4.0,0.0,0.0,0.0,0.0,0.0,0.0,0.0,0.0,6.0,12.0,1.0,12.15,5.0200000000000005,2.51,1.49,0.0,0.0,0.0,301.1,0.0,-0.2,-0.4,-1.2000000000000002,95.8,0.0,0.0,264.2,0.0,21.4,26.200000000000003,26.200000000000003,27.8,300.0,300.0,29.700000000000003,32.300000000000004,27.9,27.200000000000003,29.1,4.95,1.99,4.97,0.16,0.0,0.0,1027.0,8228.0,0.0,0.0,0.0,0.0,0.0,1.0,0.0,0.0,0.0,0.0,0.0,1.0,0.0,1.3,0.0,0.0,16.0,25903.0
2026-07-30T18:57:32.885Z,22.368,22.38,0.0,7.4,0.0,0.0,0.0,0.0,0.0,0.0,0.0,0.0,1.0,0.0,0.0,0.0,9.0,4.0,0.0,0.0,0.0,0.0,0.0,0.0,0.0,0.0,2.0,12.0,1.0,12.15,5.0200000000000005,2.51,1.49,0.0,0.0,0.0,301.1,0.0,0.2,-0.4,0.4,95.8,0.0,0.0,264.2,0.0,21.4,26.200000000000003,26.200000000000003,27.8,300.0,300.0,29.700000000000003,32.300000000000004,27.9,27.200000000000003,29.1,4.96,1.99,4.96,0.16,0.0,0.0,1027.0,8228.0,0.0,0.0,0.0,0.0,0.0,1.0,0.0,0.0,0.0,0.0,0.0,-0.5,0.0,0.2,0.0,0.0,16.0,25903.0
2026-07-30T18:57:32.897Z,22.38,22.392,0.0,7.4,0.0,0.0,0.0,0.0,0.0,0.0,0.0,0.0,1.0,0.0,0.0,0.0,9.0,4.0,0.0,0.0,0.0,0.0,0.0,0.0,0.0,0.0,3.0,12.0,1.0,12.15,5.0200000000000005,2.51,1.49,0.0,0.0,0.0,301.2,0.0,-0.3,0.1,1.1,95.8,0.0,0.0,264.2,0.0,21.4,26.200000000000003,26.200000000000003,27.8,300.0,300.0,29.700000000000003,32.300000000000004,27.9,27.200000000000003,29.1,4.96,2.0,4.96,0.16,0.0,0.0,1027.0,8228.0,0.0,0.0,0.0,0.0,0.0,1.0,0.0,0.0,0.0,0.0,0.0,-1.0,0.0,-0.8,0.0,0.0,16.0,25903.0
2026-07-30T18:57:32.908Z,22.391,22.404,0.0,7.4,0.0,0.0,0.0,0.0,0.0,0.0,0.0,0.0,1.0,0.0,0.0,0.0,9.0,4.0,0.0,0.0,0.0,0.0,0.0,0.0,0.0,0.0,3.0,12.0,1.0,12.15,5.0200000000000005,2.51,1.49,0.0,0.0,0.0,301.1,0.0,-0.3,0.1,0.0,95.8,0.0,0.0,264.2,0.0,21.4,26.200000000000003,26.200000000000003,27.8,300.0,300.0,29.700000000000003,32.300000000000004,27.9,27.200000000000003,29.1,4.95,1.99,4.96,0.16,0.0,0.0,1027.0,8228.0,0.0,0.0,0.0,0.0,0.0,1.0,0.0,0.0,0.0,0.0,0.0,0.0,0.0,-0.1,0.0,0.0,16.0,25903.0
2026-07-30T18:57:32.920Z,22.403,22.416,0.0,7.4,0.0,0.0,0.0,0.0,0.0,0.0,0.0,0.0,1.0,0.0,0.0,0.0,9.0,4.0,0.0,0.0,0.0,0.0,0.0,0.0,0.0,0.0,5.0,12.0,1.0,12.15,5.0200000000000005,2.51,1.49,0.0,0.0,0.0,301.1,0.0,-0.3,0.1,1.6,95.8,0.0,0.0,264.2,0.0,21.4,26.200000000000003,26.200000000000003,27.8,300.0,300.0,29.700000000000003,32.300000000000004,27.9,27.200000000000003,29.1,4.95,1.99,4.97,0.16,0.0,0.0,1027.0,8228.0,0.0,0.0,0.0,0.0,0.0,1.0,0.0,0.0,0.0,0.0,0.0,-1.5,0.0,-1.3,0.0,0.0,16.0,25903.0
2026-07-30T18:57:32.933Z,22.416,22.428,0.0,7.4,0.0,0.0,0.0,0.0,0.0,0.0,0.0,0.0,1.0,0.0,0.0,0.0,9.0,4.0,0.0,0.0,0.0,0.0,0.0,0.0,0.0,0.0,6.0,12.0,1.0,12.15,5.0200000000000005,2.51,1.49,0.0,0.0,0.0,301.1,0.0,0.3,0.1,0.0,95.8,0.0,0.0,264.2,0.0,21.4,26.200000000000003,26.200000000000003,27.8,300.0,300.0,29.700000000000003,32.300000000000004,27.9,27.200000000000003,29.1,4.96,2.0,4.96,0.16,0.0,0.0,1027.0,8228.0,0.0,0.0,0.0,0.0,0.0,1.0,0.0,0.0,0.0,0.0,0.0,0.0,0.0,-0.1,0.0,0.0,16.0,25903.0
2026-07-30T18:57:32.946Z,22.429,22.44,0.0,7.4,0.0,0.0,0.0,0.0,0.0,0.0,0.0,0.0,1.0,0.0,0.0,0.0,9.0,4.0,0.0,0.0,0.0,0.0,0.0,0.0,0.0,0.0,1.0,12.0,1.0,12.11,5.0200000000000005,2.5,1.49,0.0,0.0,0.0,301.1,0.0,0.8,0.1,0.5,95.8,0.0,0.0,264.2,0.0,21.4,26.200000000000003,26.200000000000003,27.8,300.0,300.0,29.700000000000003,32.300000000000004,27.9,27.200000000000003,29.1,4.96,1.99,4.97,0.16,0.0,0.0,1027.0,8228.0,0.0,0.0,0.0,0.0,0.0,1.0,0.0,0.0,0.0,0.0,0.0,-0.4,0.0,-0.4,0.0,0.0,16.0,25903.0
2026-07-30T18:57:32.956Z,22.439,22.452,0.0,7.4,0.0,0.0,0.0,0.0,0.0,0.0,0.0,0.0,1.0,0.0,0.0,0.0,9.0,4.0,0.0,0.0,0.0,0.0,0.0,0.0,0.0,0.0,2.0,12.0,1.0,12.11,5.0200000000000005,2.5,1.49,0.0,0.0,0.0,301.1,0.0,0.2,0.7000000000000001,1.6,95.8,0.0,0.0,264.3,0.0,21.4,26.200000000000003,26.200000000000003,27.8,300.0,300.0,29.700000000000003,32.300000000000004,27.9,27.200000000000003,29.1,4.95,1.99,4.97,0.16,0.0,0.0,1027.0,8228.0,0.0,0.0,0.0,0.0,0.0,1.0,0.0,0.0,0.0,0.0,0.0,-1.5,0.0,-1.9,0.0,0.0,16.0,25903.0
2026-07-30T18:57:32.968Z,22.451,22.464,0.0,7.4,0.0,0.0,0.0,0.0,0.0,0.0,0.0,0.0,1.0,0.0,0.0,0.0,9.0,4.0,0.0,0.0,0.0,0.0,0.0,0.0,0.0,0.0,3.0,12.0,1.0,12.11,5.0200000000000005,2.5,1.49,0.0,0.0,0.0,301.1,0.0,-0.2,-0.9,-1.2000000000000002,95.8,0.0,0.0,264.2,0.0,21.4,26.200000000000003,26.200000000000003,27.8,300.0,300.0,29.700000000000003,32.300000000000004,27.9,27.200000000000003,29.1,4.96,1.99,4.96,0.16,0.0,0.0,1027.0,8228.0,0.0,0.0,0.0,0.0,0.0,1.0,0.0,0.0,0.0,0.0,0.0,1.0,0.0,1.9,0.0,0.0,16.0,25903.0
2026-07-30T18:57:32.980Z,22.463,22.476,0.0,7.4,0.0,0.0,0.0,0.0,0.0,0.0,0.0,0.0,1.0,0.0,0.0,0.0,9.0,4.0,0.0,0.0,0.0,0.0,0.0,0.0,0.0,0.0,5.0,12.0,1.0,12.11,5.0200000000000005,2.5,1.49,0.0,0.0,0.0,301.1,0.0,-0.2,-0.9,1.1,95.8,0.0,0.0,264.3,0.0,21.4,26.200000000000003,26.200000000000003,27.8,300.0,300.0,29.700000000000003,32.300000000000004,27.9,27.200000000000003,29.1,4.96,2.0,4.96,0.16,0.0,0.0,1027.0,8228.0,0.0,0.0,0.0,0.0,0.0,1.0,0.0,0.0,0.0,0.0,0.0,-1.1,0.0,0.3,0.0,0.0,16.0,25903.0
2026-07-30T18:57:32.992Z,22.475,22.488,0.0,7.4,0.0,0.0,0.0,0.0,0.0,0.0,0.0,0.0,1.0,0.0,0.0,0.0,9.0,4.0,0.0,0.0,0.0,0.0,0.0,0.0,0.0,0.0,6.0,12.0,1.0,12.11,5.0200000000000005,2.5,1.49,0.0,0.1,0.0,301.1,0.0,-0.2,0.1,-1.8,95.8,0.0,0.0,264.2,0.0,21.4,26.200000000000003,26.200000000000003,27.8,300.0,300.0,29.700000000000003,32.300000000000004,27.9,27.200000000000003,29.1,4.96,1.99,4.97,0.16,0.0,0.0,1027.0,8228.0,0.0,0.0,0.0,0.0,0.0,1.0,0.0,0.0,0.0,0.0,0.0,1.7000000000000002,0.0,1.0,0.0,0.0,16.0,25903.0
2026-07-30T18:57:33.004Z,22.487,22.5,0.0,7.4,0.0,0.0,0.0,0.0,0.0,0.0,0.0,0.0,1.0,0.0,0.0,0.0,9.0,4.0,0.0,0.0,0.0,0.0,0.0,0.0,0.0,0.0,1.0,12.0,1.0,12.11,5.0200000000000005,2.5,1.49,0.0,0.0,0.0,301.1,0.0,-0.2,0.1,1.0,95.8,0.0,0.0,264.2,0.0,21.4,26.200000000000003,26.200000000000003,27.8,300.0,300.0,29.700000000000003,32.300000000000004,27.9,27.200000000000003,29.1,4.96,1.99,4.97,0.16,0.0,0.0,1027.0,8228.0,0.0,0.0,0.0,0.0,0.0,1.0,0.0,0.0,0.0,0.0,0.0,-0.9,0.0,-0.9,0.0,0.0,16.0,25903.0
2026-07-30T18:57:33.017Z,22.5,22.512,0.0,7.4,0.0,0.0,0.0,0.0,0.0,0.0,0.0,0.0,1.0,0.0,0.0,0.0,9.0,4.0,0.0,0.0,0.0,0.0,0.0,0.0,0.0,0.0,3.0,12.0,1.0,12.11,5.0200000000000005,2.5,1.49,-0.1,0.0,0.0,301.1,0.0,-0.2,-0.4,0.0,95.8,0.0,0.0,264.2,0.0,21.4,26.200000000000003,26.200000000000003,27.8,300.0,300.0,29.700000000000003,32.300000000000004,27.9,27.200000000000003,29.1,4.96,1.99,4.96,0.16,0.0,0.0,1027.0,8228.0,0.0,0.0,0.0,0.0,0.0,1.0,0.0,0.0,0.0,0.0,0.0,0.0,0.0,0.5,0.0,0.0,16.0,25903.0
2026-07-30T18:57:33.028Z,22.511,22.524,0.0,7.4,0.0,0.0,0.0,0.0,0.0,0.0,0.0,0.0,1.0,0.0,0.0,0.0,9.0,4.0,0.0,0.0,0.0,0.0,0.0,0.0,0.0,0.0,4.0,12.0,1.0,12.11,5.0200000000000005,2.5,1.49,0.0,0.0,0.0,301.1,0.0,0.3,-0.4,0.4,95.8,0.0,0.0,264.2,0.0,21.4,26.200000000000003,26.200000000000003,27.8,300.0,300.0,29.700000000000003,32.300000000000004,27.9,27.200000000000003,29.1,4.95,1.99,4.97,0.16,0.0,0.0,1027.0,8228.0,0.0,0.0,0.0,0.0,0.0,1.0,0.0,0.0,0.0,0.0,0.0,-0.4,0.0,0.2,0.0,0.0,16.0,25903.0
2026-07-30T18:57:33.041Z,22.524,22.536,0.0,7.4,0.0,0.0,0.0,0.0,0.0,0.0,0.0,0.0,1.0,0.0,0.0,0.0,9.0,4.0,0.0,0.0,0.0,0.0,0.0,0.0,0.0,0.0,6.0,12.0,1.0,12.11,5.0200000000000005,2.5,1.49,0.0,0.0,0.0,301.1,0.0,-0.2,0.1,1.6,95.8,0.0,0.0,264.2,0.0,21.4,26.200000000000003,26.200000000000003,27.8,300.0,300.0,29.700000000000003,32.300000000000004,27.9,27.200000000000003,29.1,4.95,1.99,4.97,0.16,0.0,0.0,1027.0,8228.0,0.0,0.0,0.0,0.0,0.0,1.0,0.0,0.0,0.0,0.0,0.0,-1.5,0.0,-1.2000000000000002,0.0,0.0,16.0,25903.0
2026-07-30T18:57:33.052Z,22.535,22.548,0.0,7.4,0.0,0.0,0.0,0.0,0.0,0.0,0.0,0.0,1.0,0.0,0.0,0.0,9.0,4.0,0.0,0.0,0.0,0.0,0.0,0.0,0.0,0.0,1.0,12.0,1.0,12.17,5.0200000000000005,2.51,1.49,0.0,0.0,0.0,301.1,0.0,-0.2,0.6000000000000001,-1.2000000000000002,95.8,0.0,0.0,264.40000000000003,0.0,21.3,26.200000000000003,26.200000000000003,27.8,300.0,300.0,29.6,32.4,28.0,27.200000000000003,29.1,4.96,1.99,4.97,0.16,0.0,0.0,1027.0,8228.0,0.0,0.0,0.0,0.0,0.0,1.0,0.0,0.0,0.0,0.0,0.0,1.2000000000000002,0.0,0.0,0.0,0.0,16.0,25903.0
2026-07-30T18:57:33.064Z,22.547,22.56,0.0,7.4,0.0,0.0,0.0,0.0,0.0,0.0,0.0,0.0,1.0,0.0,0.0,0.0,9.0,4.0,0.0,0.0,0.0,0.0,0.0,0.0,0.0,0.0,3.0,12.0,1.0,12.17,5.0200000000000005,2.51,1.49,0.0,0.0,0.0,301.1,0.0,0.3,-1.0,0.4,95.8,0.0,0.0,264.3,0.0,21.3,26.200000000000003,26.200000000000003,27.8,300.0,300.0,29.6,32.4,28.0,27.200000000000003,29.1,4.95,1.99,4.97,0.16,0.0,0.0,1027.0,8228.0,0.0,0.0,0.0,0.0,0.0,1.0,0.0,0.0,0.0,0.0,0.0,-0.5,0.0,0.9,0.0,0.0,16.0,25903.0
2026-07-30T18:57:33.078Z,22.561,22.572,0.0,7.4,0.0,0.0,0.0,0.0,0.0,0.0,0.0,0.0,1.0,0.0,0.0,0.0,9.0,4.0,0.0,0.0,0.0,0.0,0.0,0.0,0.0,0.0,4.0,12.0,1.0,12.17,5.0200000000000005,2.51,1.49,0.0,0.0,0.0,301.1,0.0,0.2,-0.5,0.9,95.8,0.0,0.0,264.3,0.0,21.3,26.200000000000003,26.200000000000003,27.8,300.0,300.0,29.6,32.4,28.0,27.200000000000003,29.1,4.95,1.99,4.97,0.16,0.0,0.0,1027.0,8228.0,0.0,0.0,0.0,0.0,0.0,1.0,0.0,0.0,0.0,0.0,0.0,-0.9,0.0,0.0,0.0,0.0,16.0,25903.0
2026-07-30T18:57:33.089Z,22.572,22.584,0.0,7.4,0.0,0.0,0.0,0.0,0.0,0.0,0.0,0.0,1.0,0.0,0.0,0.0,9.0,4.0,0.0,0.0,0.0,0.0,0.0,0.0,0.0,0.0,5.0,12.0,1.0,12.17,5.0200000000000005,2.51,1.49,0.0,0.0,0.0,301.1,0.0,-0.3,0.0,-0.1,95.8,0.0,0.0,264.2,0.0,21.3,26.200000000000003,26.200000000000003,27.8,300.0,300.0,29.6,32.4,28.0,27.200000000000003,29.1,4.95,1.99,4.96,0.16,0.0,0.0,1027.0,8228.0,0.0,0.0,0.0,0.0,0.0,1.0,0.0,0.0,0.0,0.0,0.0,0.1,0.0,0.0,0.0,0.0,16.0,25903.0
2026-07-30T18:57:33.100Z,22.583,22.596,0.0,7.4,0.0,0.0,0.0,0.0,0.0,0.0,0.0,0.0,1.0,0.0,0.0,0.0,9.0,4.0,0.0,0.0,0.0,0.0,0.0,0.0,0.0,0.0,6.0,12.0,1.0,12.17,5.0200000000000005,2.51,1.49,0.0,0.1,0.0,301.1,0.0,0.2,-0.5,0.3,95.8,0.0,0.0,264.2,0.0,21.3,26.200000000000003,26.200000000000003,27.8,300.0,300.0,29.6,32.4,28.0,27.200000000000003,29.1,4.96,1.99,4.96,0.16,0.0,0.0,1027.0,8228.0,0.0,0.0,0.0,0.0,0.0,1.0,0.0,0.0,0.0,0.0,0.0,-0.3,0.0,0.4,0.0,0.0,16.0,25903.0
2026-07-30T18:57:33.112Z,22.595,22.608,0.0,7.4,0.0,0.0,0.0,0.0,0.0,0.0,0.0,0.0,1.0,0.0,0.0,0.0,9.0,4.0,0.0,0.0,0.0,0.0,0.0,0.0,0.0,0.0,1.0,12.0,1.0,12.17,5.0200000000000005,2.51,1.49,0.0,0.0,0.0,301.1,0.0,0.1,-0.5,-1.4,95.8,0.0,0.0,264.2,0.0,21.3,26.200000000000003,26.200000000000003,27.8,300.0,300.0,29.6,32.4,28.0,27.200000000000003,29.1,4.95,1.99,4.97,0.16,0.0,0.0,1027.0,8228.0,0.0,0.0,0.0,0.0,0.0,1.0,0.0,0.0,0.0,0.0,0.0,1.2000000000000002,0.0,1.6,0.0,0.0,16.0,25903.0
2026-07-30T18:57:33.125Z,22.608,22.62,0.0,7.4,0.0,0.0,0.0,0.0,0.0,0.0,0.0,0.0,1.0,0.0,0.0,0.0,9.0,4.0,0.0,0.0,0.0,0.0,0.0,0.0,0.0,0.0,3.0,12.0,1.0,12.17,5.0200000000000005,2.51,1.49,0.0,0.0,0.0,301.1,0.0,0.7000000000000001,0.0,1.4,95.8,0.0,0.0,264.2,0.0,21.3,26.200000000000003,26.200000000000003,27.8,300.0,300.0,29.6,32.4,28.0,27.200000000000003,29.1,4.96,1.99,4.96,0.16,0.0,0.0,1027.0,8228.0,0.0,0.0,0.0,0.0,0.0,1.0,0.0,0.0,0.0,0.0,0.0,-1.3,0.0,-0.9,0.0,0.0,16.0,25903.0
2026-07-30T18:57:33.136Z,22.619,22.632,0.0,7.4,0.0,0.0,0.0,0.0,0.0,0.0,0.0,0.0,1.0,0.0,0.0,0.0,9.0,4.0,0.0,0.0,0.0,0.0,0.0,0.0,0.0,0.0,4.0,12.0,1.0,12.17,5.0200000000000005,2.51,1.49,0.0,0.0,0.0,301.1,0.0,-0.3,1.1,-0.8,95.8,0.0,0.0,264.2,0.0,21.3,26.200000000000003,26.200000000000003,27.8,300.0,300.0,29.6,32.4,28.0,27.200000000000003,29.1,4.96,2.0,4.97,0.16,0.0,0.0,1027.0,8228.0,0.0,0.0,0.0,0.0,0.0,1.0,0.0,0.0,0.0,0.0,0.0,-0.1,0.0,-1.5,0.0,0.0,16.0,25903.0
2026-07-30T18:57:33.150Z,22.633,22.644,0.0,7.4,0.0,0.0,0.0,0.0,0.0,0.0,0.0,0.0,1.0,0.0,0.0,0.0,9.0,4.0,0.0,0.0,0.0,0.0,0.0,0.0,0.0,0.0,6.0,12.0,1.0,12.15,5.0200000000000005,2.51,1.49,0.0,0.0,0.0,301.1,0.0,-0.3,0.0,-0.7000000000000001,95.8,0.0,0.0,264.2,0.0,21.200000000000003,26.3,26.3,27.8,300.0,300.0,29.4,32.4,27.9,27.200000000000003,29.1,4.96,1.99,4.97,0.16,0.0,0.0,1027.0,8228.0,0.0,0.0,0.0,0.0,0.0,1.0,0.0,0.0,0.0,0.0,0.0,0.2,0.0,-0.5,0.0,0.0,16.0,25903.0
2026-07-30T18:57:33.160Z,22.643,22.656,0.0,7.4,0.0,0.0,0.0,0.0,0.0,0.0,0.0,0.0,1.0,0.0,0.0,0.0,9.0,4.0,0.0,0.0,0.0,0.0,0.0,0.0,0.0,0.0,1.0,12.0,1.0,12.15,5.0200000000000005,2.51,1.49,0.0,0.0,0.0,301.1,0.0,-0.4,-1.1,-1.4,95.8,0.0,0.0,264.2,0.0,21.200000000000003,26.3,26.3,27.8,300.0,300.0,29.4,32.4,27.9,27.200000000000003,29.1,4.95,1.99,4.97,0.16,0.0,0.0,1027.0,8228.0,0.0,0.0,0.0,0.0,0.0,1.0,0.0,0.0,0.0,0.0,0.0,0.7000000000000001,0.0,1.2000000000000002,0.0,0.0,16.0,25903.0
2026-07-30T18:57:33.173Z,22.656,22.668,0.1,7.4,0.0,0.0,0.0,0.0,0.0,0.0,0.0,0.0,1.0,0.0,0.0,0.0,9.0,4.0,0.0,0.0,0.0,0.0,0.0,0.0,0.0,0.0,2.0,12.0,1.0,12.15,5.0200000000000005,2.51,1.49,0.0,0.0,0.0,301.1,0.0,0.1,-1.1,-1.4,95.8,0.0,0.0,264.3,0.0,21.200000000000003,26.3,26.3,27.8,300.0,300.0,29.4,32.4,27.9,27.200000000000003,29.1,4.96,1.99,4.97,0.16,0.0,0.0,1027.0,8228.0,0.0,0.0,0.0,0.0,0.0,1.0,0.0,0.0,0.0,0.0,0.0,-2.0,0.0,-0.7000000000000001,0.0,0.0,16.0,25903.0
2026-07-30T18:57:33.185Z,22.668,22.68,0.0,7.4,0.0,0.0,0.0,0.0,0.0,0.0,0.0,0.0,1.0,0.0,0.0,0.0,9.0,4.0,0.0,0.0,0.0,0.0,0.0,0.0,0.0,0.0,3.0,12.0,1.0,12.15,5.0200000000000005,2.51,1.49,0.0,0.0,0.0,301.1,0.0,0.1,1.2000000000000002,0.3,95.8,0.0,0.0,264.2,0.0,21.200000000000003,26.3,26.3,27.8,300.0,300.0,29.4,32.4,27.9,27.200000000000003,29.1,4.96,1.99,4.97,0.16,0.0,0.0,1027.0,8228.0,0.0,0.0,0.0,0.0,0.0,1.0,0.0,0.0,0.0,0.0,0.0,1.3,0.0,0.2,0.0,0.0,16.0,25903.0
2026-07-30T18:57:33.196Z,22.679,22.692,0.1,7.4,0.0,0.0,0.0,0.0,0.0,0.0,0.0,0.0,1.0,0.0,0.0,0.0,9.0,4.0,0.0,0.0,0.0,0.0,0.0,0.0,0.0,0.0,4.0,12.0,1.0,12.15,5.0200000000000005,2.51,1.49,0.0,0.0,0.0,301.1,0.0,0.7000000000000001,0.6000000000000001,1.5,95.8,0.0,0.0,264.2,0.0,21.200000000000003,26.3,26.3,27.8,300.0,300.0,29.4,32.4,27.9,27.200000000000003,29.1,4.95,1.99,4.97,0.16,0.0,0.0,1027.0,8228.0,0.0,0.0,0.0,0.0,0.0,1.0,0.0,0.0,0.0,0.0,0.0,-1.3,0.0,-1.8,0.0,0.0,16.0,25903.0
2026-07-30T18:57:33.208Z,22.691,22.704,0.0,7.4,0.0,0.0,0.0,0.0,0.0,0.0,0.0,0.0,1.0,0.0,0.0,0.0,9.0,4.0,0.0,0.0,0.0,0.0,0.0,0.0,0.0,0.0,5.0,12.0,1.0,12.15,5.0200000000000005,2.51,1.49,0.0,0.0,0.0,301.1,0.0,-0.4,-0.4,-0.7000000000000001,95.8,0.0,0.0,264.2,0.0,21.200000000000003,26.3,26.3,27.8,300.0,300.0,29.4,32.4,27.9,27.200000000000003,29.1,4.96,1.99,4.96,0.16,0.0,0.0,1027.0,8228.0,0.0,0.0,0.0,0.0,0.0,1.0,0.0,0.0,0.0,0.0,0.0,0.6000000000000001,0.0,1.0,0.0,0.0,16.0,25903.0
2026-07-30T18:57:33.220Z,22.703,22.716,0.0,7.4,0.0,0.0,0.0,0.0,0.0,0.0,0.0,0.0,1.0,0.0,0.0,0.0,9.0,4.0,0.0,0.0,0.0,0.0,0.0,0.0,0.0,0.0,1.0,12.0,1.0,12.15,5.0200000000000005,2.51,1.49,0.0,0.0,0.0,301.1,0.0,0.1,-0.4,1.6,95.8,0.0,0.0,264.2,0.0,21.200000000000003,26.3,26.3,27.8,300.0,300.0,29.4,32.4,27.9,27.200000000000003,29.1,4.95,1.99,4.96,0.16,0.0,0.0,1027.0,8228.0,0.0,0.0,0.0,0.0,0.0,1.0,0.0,0.0,0.0,0.0,0.0,-1.0,0.0,-0.1,0.0,0.0,16.0,25903.0
2026-07-30T18:57:33.233Z,22.716,22.728,0.0,7.4,0.0,0.0,0.0,0.0,0.0,0.0,0.0,0.0,1.0,0.0,0.0,0.0,9.0,4.0,0.0,0.0,0.0,0.0,0.0,0.0,0.0,0.0,2.0,12.0,1.0,12.15,5.0200000000000005,2.51,1.49,0.0,0.0,0.0,301.1,0.0,0.1,1.3,0.4,95.8,0.0,0.0,264.2,0.0,21.200000000000003,26.3,26.3,27.8,300.0,300.0,29.4,32.4,27.9,27.200000000000003,29.1,4.95,1.99,4.96,0.16,0.0,0.0,1027.0,8228.0,0.0,0.0,0.0,0.0,0.0,1.0,0.0,0.0,0.0,0.0,0.0,-1.4,0.0,-1.9,0.0,0.0,16.0,25903.0
2026-07-30T18:57:33.245Z,22.728,22.74,0.0,7.4,0.0,0.0,0.0,0.0,0.0,0.0,0.0,0.0,1.0,0.0,0.0,0.0,9.0,4.0,0.0,0.0,0.0,0.0,0.0,0.0,0.0,0.0,4.0,12.0,1.0,12.15,5.0200000000000005,2.51,1.49,0.0,0.0,0.0,301.1,0.0,-0.9,0.0,-0.7000000000000001,95.8,0.0,0.0,264.2,0.0,21.200000000000003,26.3,26.3,27.8,300.0,300.0,29.4,32.4,27.9,27.200000000000003,29.1,4.95,2.0,4.96,0.16,0.0,0.0,1027.0,8228.0,0.0,0.0,0.0,0.0,0.0,1.0,0.0,0.0,0.0,0.0,0.0,-0.8,0.0,-1.4,0.0,0.0,16.0,25903.0
2026-07-30T18:57:33.256Z,22.739,22.752,0.0,7.4,0.0,0.0,0.0,0.0,0.0,0.0,0.0,0.0,1.0,0.0,0.0,0.0,9.0,4.0,0.0,0.0,0.0,0.0,0.0,0.0,0.0,0.0,5.0,12.0,1.0,12.17,5.01,2.5,1.49,0.0,0.0,0.0,301.1,0.0,0.2,-0.4,0.4,95.8,0.0,0.0,264.2,0.0,21.8,26.3,26.3,27.9,300.0,300.0,29.4,32.300000000000004,27.9,27.200000000000003,29.0,4.96,2.0,4.96,0.16,0.0,0.0,1027.0,8228.0,0.0,0.0,0.0,0.0,0.0,1.0,0.0,0.0,0.0,0.0,0.0,-1.0,0.0,-0.1,0.0,0.0,16.0,25903.0
2026-07-30T18:57:33.269Z,22.752,22.764,0.0,7.4,0.0,0.0,0.0,0.0,0.0,0.0,0.0,0.0,1.0,0.0,0.0,0.0,9.0,4.0,0.0,0.0,0.0,0.0,0.0,0.0,0.0,0.0,1.0,12.0,1.0,12.17,5.01,2.5,1.49,0.0,0.0,0.0,301.1,0.0,0.2,0.6000000000000001,-0.1,95.8,0.0,0.0,264.3,0.0,21.8,26.3,26.3,27.9,300.0,300.0,29.4,32.300000000000004,27.9,27.200000000000003,29.0,4.95,1.99,4.96,0.16,0.0,0.0,1027.0,8228.0,0.0,0.0,0.0,0.0,0.0,1.0,0.0,0.0,0.0,0.0,0.0,0.5,0.0,1.7000000000000002,0.0,0.0,16.0,25903.0
2026-07-30T18:57:33.280Z,22.763,22.776,0.0,7.4,0.0,0.0,0.0,0.0,0.0,0.0,0.0,0.0,1.0,0.0,0.0,0.0,9.0,4.0,0.0,0.0,0.0,0.0,0.0,0.0,0.0,0.0,2.0,12.0,1.0,12.17,5.01,2.5,1.49,0.0,0.0,0.0,301.1,0.0,-0.3,1.2000000000000002,-0.6000000000000001,95.8,0.0,0.0,264.2,0.0,21.8,26.3,26.3,27.9,300.0,300.0,29.4,32.300000000000004,27.9,27.200000000000003,29.0,4.95,2.0,4.97,0.16,0.0,0.0,1027.0,8228.0,0.0,0.0,0.0,0.0,0.0,1.0,0.0,0.0,0.0,0.0,0.0,0.1,0.0,-1.4,0.0,0.0,16.0,25903.0
2026-07-30T18:57:33.293Z,22.776,22.788,0.0,7.4,0.0,0.0,0.0,0.0,0.0,0.0,0.0,0.0,1.0,0.0,0.0,0.0,9.0,4.0,0.0,0.0,0.0,0.0,0.0,0.0,0.0,0.0,4.0,12.0,1.0,12.17,5.01,2.5,1.49,0.0,0.0,0.0,301.1,0.0,-0.3,0.0,0.0,95.8,0.0,0.0,264.2,0.0,21.8,26.3,26.3,27.9,300.0,300.0,29.4,32.300000000000004,27.9,27.200000000000003,29.0,4.96,1.99,4.97,0.16,0.0,0.0,1027.0,8228.0,0.0,0.0,0.0,0.0,0.0,1.0,0.0,0.0,0.0,0.0,0.0,0.0,0.0,0.0,0.0,0.0,16.0,25903.0
2026-07-30T18:57:33.305Z,22.788,22.8,0.0,7.4,0.0,0.0,0.0,0.0,0.0,0.0,0.0,0.0,1.0,0.0,0.0,0.0,9.0,4.0,0.0,0.0,0.0,0.0,0.0,0.0,0.0,0.0,5.0,12.0,1.0,12.17,5.01,2.5,1.49,0.0,0.0,0.0,301.1,0.0,-0.3,0.0,-1.2000000000000002,95.8,0.0,0.0,264.2,0.0,21.8,26.3,26.3,27.9,300.0,300.0,29.4,32.300000000000004,27.9,27.200000000000003,29.0,4.95,1.99,4.96,0.15,0.0,0.0,1027.0,8228.0,0.0,0.0,0.0,0.0,0.0,1.0,0.0,0.0,0.0,0.0,0.0,1.2000000000000002,0.0,0.8,0.0,0.0,16.0,25903.0
2026-07-30T18:57:33.316Z,22.799,22.812,0.0,7.4,0.0,0.0,0.0,0.0,0.0,0.0,0.0,0.0,1.0,0.0,0.0,0.0,9.0,4.0,0.0,0.0,0.0,0.0,0.0,0.0,0.0,0.0,6.0,12.0,1.0,12.17,5.01,2.5,1.49,0.0,0.0,0.0,301.1,0.0,0.2,0.0,-0.6000000000000001,95.8,0.0,0.0,264.2,0.0,21.8,26.3,26.3,27.9,300.0,300.0,29.4,32.300000000000004,27.9,27.200000000000003,29.0,4.95,1.99,4.97,0.15,0.0,0.0,1027.0,8228.0,0.0,0.0,0.0,0.0,0.0,1.0,0.0,0.0,0.0,0.0,0.0,0.6000000000000001,0.0,0.3,0.0,0.0,16.0,25903.0
2026-07-30T18:57:33.328Z,22.811,22.824,0.0,7.4,0.0,0.0,0.0,0.0,0.0,0.0,0.0,0.0,1.0,0.0,0.0,0.0,9.0,4.0,0.0,0.0,0.0,0.0,0.0,0.0,0.0,0.0,2.0,12.0,1.0,12.17,5.01,2.5,1.49,-0.1,0.0,0.0,301.1,0.0,0.2,1.2000000000000002,1.0,95.8,0.0,0.0,264.2,0.0,21.8,26.3,26.3,27.9,300.0,300.0,29.4,32.300000000000004,27.9,27.200000000000003,29.0,4.95,1.99,4.96,0.16,0.0,0.0,1027.0,8228.0,0.0,0.0,0.0,0.0,0.0,1.0,0.0,0.0,0.0,0.0,0.0,-0.8,0.0,-2.1,0.0,0.0,16.0,25903.0
2026-07-30T18:57:33.341Z,22.824,22.836,0.0,7.4,0.0,0.0,0.0,0.0,0.0,0.0,0.0,0.0,1.0,0.0,0.0,0.0,9.0,4.0,0.0,0.0,0.0,0.0,0.0,0.0,0.0,0.0,4.0,12.0,1.0,12.17,5.01,2.5,1.49,0.0,0.0,0.0,301.1,0.0,-0.2,1.1,0.0,95.8,0.0,0.0,264.2,0.0,21.8,26.3,26.3,27.9,300.0,300.0,29.4,32.300000000000004,27.9,27.200000000000003,29.0,4.95,1.99,4.96,0.16,0.0,0.0,1027.0,8228.0,0.0,0.0,0.0,0.0,0.0,1.0,0.0,0.0,0.0,0.0,0.0,0.2,0.0,-1.3,0.0,0.0,16.0,25903.0
2026-07-30T18:57:33.353Z,22.836,22.848,0.0,7.4,0.0,0.0,0.0,0.0,0.0,0.0,0.0,0.0,1.0,0.0,0.0,0.0,9.0,4.0,0.0,0.0,0.0,0.0,0.0,0.0,0.0,0.0,5.0,12.0,1.0,12.15,5.01,2.51,1.49,0.0,0.0,0.0,301.1,0.0,-0.9,-1.1,-1.2000000000000002,95.8,0.0,0.0,264.2,0.0,21.700000000000003,26.3,26.3,27.9,300.0,300.0,29.3,32.4,27.9,27.200000000000003,29.0,4.95,1.99,4.97,0.16,0.0,0.0,1027.0,8228.0,0.0,0.0,0.0,0.0,0.0,1.0,0.0,0.0,0.0,0.0,0.0,1.0,0.0,2.1,0.0,0.0,16.0,25903.0
2026-07-30T18:57:33.364Z,22.847,22.86,0.0,7.4,0.0,0.0,0.0,0.0,0.0,0.0,0.0,0.0,1.0,0.0,0.0,0.0,9.0,4.0,0.0,0.0,0.0,0.0,0.0,0.0,0.0,0.0,6.0,12.0,1.0,12.15,5.01,2.51,1.49,0.0,0.0,0.0,301.1,0.0,0.2,-0.5,-0.6000000000000001,95.8,0.0,0.0,264.40000000000003,0.0,21.700000000000003,26.3,26.3,27.9,300.0,300.0,29.3,32.4,27.9,27.200000000000003,29.0,4.96,1.99,4.96,0.16,0.0,0.0,1027.0,8228.0,0.0,0.0,0.0,0.0,0.0,1.0,0.0,0.0,0.0,0.0,0.0,0.5,0.0,1.1,0.0,0.0,16.0,25903.0
2026-07-30T18:57:33.380Z,22.863,22.872,0.0,7.4,0.0,0.0,0.0,0.0,0.0,0.0,0.0,0.0,1.0,0.0,0.0,0.0,9.0,4.0,0.0,0.0,0.0,0.0,0.0,0.0,0.0,0.0,2.0,12.0,1.0,12.15,5.01,2.51,1.49,0.0,0.0,0.0,301.1,0.0,0.8,1.1,2.1,95.8,0.0,0.0,264.2,0.0,21.700000000000003,26.3,26.3,27.9,300.0,300.0,29.3,32.4,27.9,27.200000000000003,29.0,4.96,1.99,4.96,0.16,0.0,0.0,1027.0,8228.0,0.0,0.0,0.0,0.0,0.0,1.0,0.0,0.0,0.0,0.0,0.0,-1.9,0.0,-2.8000000000000003,0.0,0.0,16.0,25903.0
2026-07-30T18:57:33.388Z,22.871,22.884,0.0,7.4,0.0,0.0,0.0,0.0,0.0,0.0,0.0,0.0,1.0,0.0,0.0,0.0,9.0,4.0,0.0,0.0,0.0,0.0,0.0,0.0,0.0,0.0,3.0,12.0,1.0,12.15,5.01,2.51,1.49,0.0,0.0,0.0,301.1,0.0,0.2,0.6000000000000001,-0.1,95.8,0.0,0.0,264.2,0.0,21.700000000000003,26.3,26.3,27.9,300.0,300.0,29.3,32.4,27.9,27.200000000000003,29.0,4.95,1.99,4.96,0.16,0.0,0.0,1027.0,8228.0,0.0,0.0,0.0,0.0,0.0,1.0,0.0,0.0,0.0,0.0,0.0,0.2,0.0,-0.5,0.0,0.0,16.0,25903.0
2026-07-30T18:57:33.401Z,22.884,22.896,0.0,7.4,0.0,0.0,0.0,0.0,0.0,0.0,0.0,0.0,1.0,0.0,0.0,0.0,9.0,4.0,0.0,0.0,0.0,0.0,0.0,0.0,0.0,0.0,4.0,12.0,1.0,12.15,5.01,2.51,1.49,0.0,0.0,0.0,301.1,0.0,-0.3,0.0,-0.1,95.8,0.0,0.0,264.2,0.0,21.700000000000003,26.3,26.3,27.9,300.0,300.0,29.3,32.4,27.9,27.200000000000003,29.0,4.95,1.99,4.97,0.16,0.0,0.0,1027.0,8228.0,0.0,0.0,0.0,0.0,0.0,1.0,0.0,0.0,0.0,0.0,0.0,0.0,0.0,0.0,0.0,0.0,16.0,25903.0
2026-07-30T18:57:33.412Z,22.895,22.908,0.0,7.4,0.0,0.0,0.0,0.0,0.0,0.0,0.0,0.0,1.0,0.0,0.0,0.0,9.0,4.0,0.0,0.0,0.0,0.0,0.0,0.0,0.0,0.0,5.0,12.0,1.0,12.15,5.01,2.51,1.49,0.0,0.0,0.0,301.1,0.0,0.3,-0.5,1.0,95.8,0.0,0.0,264.2,0.0,21.700000000000003,26.3,26.3,27.9,300.0,300.0,29.3,32.4,27.9,27.200000000000003,29.0,4.96,1.99,4.96,0.16,0.0,0.0,1027.0,8228.0,0.0,0.0,0.0,0.0,0.0,1.0,0.0,0.0,0.0,0.0,0.0,-1.0,0.0,0.0,0.0,0.0,16.0,25903.0
2026-07-30T18:57:33.424Z,22.907,22.92,0.0,7.4,0.0,0.0,0.0,0.0,0.0,0.0,0.0,0.0,1.0,0.0,0.0,0.0,9.0,4.0,0.0,0.0,0.0,0.0,0.0,0.0,0.0,0.0,1.0,12.0,1.0,12.15,5.01,2.51,1.49,0.0,0.0,0.0,301.1,0.0,-0.2,0.0,-1.2000000000000002,95.8,0.0,0.0,264.2,0.0,21.700000000000003,26.3,26.3,27.9,300.0,300.0,29.3,32.4,27.9,27.200000000000003,29.0,4.96,1.99,4.97,0.16,0.0,0.0,1027.0,8228.0,0.0,0.0,0.0,0.0,0.0,1.0,0.0,0.0,0.0,0.0,0.0,1.1,0.0,0.8,0.0,0.0,16.0,25903.0
2026-07-30T18:57:33.437Z,22.92,22.932,0.0,7.4,0.0,0.0,0.0,0.0,0.0,0.0,0.0,0.0,1.0,0.0,0.0,0.0,9.0,4.0,0.0,0.0,0.0,0.0,0.0,0.0,0.0,0.0,2.0,12.0,1.0,12.15,5.01,2.51,1.49,0.0,0.0,0.0,301.2,0.0,-0.2,-0.6000000000000001,0.0,95.8,0.0,0.0,264.2,0.0,21.700000000000003,26.3,26.3,27.9,300.0,300.0,29.3,32.4,27.9,27.200000000000003,29.0,4.95,1.99,4.97,0.16,0.0,0.0,1027.0,8228.0,0.0,0.0,0.0,0.0,0.0,1.0,0.0,0.0,0.0,0.0,0.0,0.0,0.0,0.7000000000000001,0.0,0.0,16.0,25903.0
2026-07-30T18:57:33.449Z,22.932,22.944,0.0,7.4,0.0,0.0,0.0,0.0,0.0,0.0,0.0,0.0,1.0,0.0,0.0,0.0,9.0,4.0,0.0,0.0,0.0,0.0,0.0,0.0,0.0,0.0,3.0,12.0,1.0,12.15,5.01,2.51,1.49,0.0,0.0,0.0,301.1,0.0,0.2,0.0,0.4,95.8,0.0,0.0,264.2,0.0,21.700000000000003,26.3,26.3,27.9,300.0,300.0,29.3,32.4,27.9,27.200000000000003,29.0,4.96,1.99,4.96,0.16,0.0,0.0,1027.0,8228.0,0.0,0.0,0.0,0.0,0.0,1.0,0.0,0.0,0.0,0.0,0.0,-0.4,0.0,-0.2,0.0,0.0,16.0,25903.0
2026-07-30T18:57:33.462Z,22.945,22.956,0.0,7.4,0.0,0.0,0.0,0.0,0.0,0.0,0.0,0.0,1.0,0.0,0.0,0.0,9.0,4.0,0.0,0.0,0.0,0.0,0.0,0.0,0.0,0.0,5.0,12.0,1.0,12.17,5.0200000000000005,2.51,1.49,-0.1,0.0,0.0,301.1,0.0,0.3,-0.6000000000000001,-0.1,95.8,0.0,0.0,264.40000000000003,0.0,21.700000000000003,26.3,26.3,27.9,300.0,300.0,29.4,32.300000000000004,27.9,27.200000000000003,29.0,4.95,1.99,4.96,0.16,0.0,0.0,1027.0,8228.0,0.0,0.0,0.0,0.0,0.0,1.0,0.0,0.0,0.0,0.0,0.0,0.0,0.0,0.7000000000000001,0.0,0.0,16.0,25903.0
2026-07-30T18:57:33.473Z,22.956,22.968,0.0,7.4,0.0,0.0,0.0,0.0,0.0,0.0,0.0,0.0,1.0,0.0,0.0,0.0,9.0,4.0,0.0,0.0,0.0,0.0,0.0,0.0,0.0,0.0,6.0,12.0,1.0,12.17,5.0200000000000005,2.51,1.49,0.0,0.0,0.0,301.1,0.0,0.8,0.5,1.6,95.8,0.0,0.0,264.3,0.0,21.700000000000003,26.3,26.3,27.9,300.0,300.0,29.4,32.300000000000004,27.9,27.200000000000003,29.0,4.95,1.99,4.97,0.16,0.0,0.0,1027.0,8228.0,0.0,0.0,0.0,0.0,0.0,1.0,0.0,0.0,0.0,0.0,0.0,-1.4,0.0,-1.7000000000000002,0.0,0.0,16.0,25903.0
2026-07-30T18:57:33.485Z,22.968,22.98,0.0,7.4,0.0,0.0,0.0,0.0,0.0,0.0,0.0,0.0,1.0,0.0,0.0,0.0,9.0,4.0,0.0,0.0,0.0,0.0,0.0,0.0,0.0,0.0,1.0,12.0,1.0,12.17,5.0200000000000005,2.51,1.49,0.0,0.0,0.0,301.1,0.0,-0.8,1.1,-0.7000000000000001,95.8,0.0,0.0,264.2,0.0,21.700000000000003,26.3,26.3,27.9,300.0,300.0,29.4,32.300000000000004,27.9,27.200000000000003,29.0,4.95,1.99,4.97,0.16,0.0,0.0,1027.0,8228.0,0.0,0.0,0.0,0.0,0.0,1.0,0.0,0.0,0.0,0.0,0.0,0.8,0.0,-0.8,0.0,0.0,16.0,25903.0
2026-07-30T18:57:33.496Z,22.979,22.992,0.0,7.4,0.0,0.0,0.0,0.0,0.0,0.0,0.0,0.0,1.0,0.0,0.0,0.0,9.0,4.0,0.0,0.0,0.0,0.0,0.0,0.0,0.0,0.0,2.0,12.0,1.0,12.17,5.0200000000000005,2.51,1.49,0.0,0.0,0.0,301.1,0.0,-0.3,-1.1,-0.1,95.8,0.0,0.0,264.2,0.0,21.700000000000003,26.3,26.3,27.9,300.0,300.0,29.4,32.300000000000004,27.9,27.200000000000003,29.0,4.96,1.99,4.97,0.16,0.0,0.0,1027.0,8228.0,0.0,0.0,0.0,0.0,0.0,1.0,0.0,0.0,0.0,0.0,0.0,0.0,0.0,1.4,0.0,0.0,16.0,25903.0
2026-07-30T18:57:33.509Z,22.992,23.004,0.0,7.4,0.0,0.0,0.0,0.0,0.0,0.0,0.0,0.0,1.0,0.0,0.0,0.0,9.0,4.0,0.0,0.0,0.0,0.0,0.0,0.0,0.0,0.0,4.0,12.0,1.0,12.17,5.0200000000000005,2.51,1.49,0.0,0.0,0.0,301.1,0.0,0.2,-0.5,1.6,95.8,0.0,0.0,264.2,0.0,21.700000000000003,26.3,26.3,27.9,300.0,300.0,29.4,32.300000000000004,27.9,27.200000000000003,29.0,4.96,1.99,4.97,0.16,0.0,0.0,1027.0,8228.0,0.0,0.0,0.0,0.0,0.0,1.0,0.0,0.0,0.0,0.0,0.0,-1.5,0.0,-0.4,0.0,0.0,16.0,25903.0
2026-07-30T18:57:33.520Z,23.003,23.016,0.0,7.4,0.0,0.0,0.0,0.0,0.0,0.0,0.0,0.0,1.0,0.0,0.0,0.0,9.0,4.0,0.0,0.0,0.0,0.0,0.0,0.0,0.0,0.0,5.0,12.0,1.0,12.17,5.0200000000000005,2.51,1.49,0.0,0.0,0.0,301.1,0.0,-0.9,1.1,0.4,95.8,0.0,0.0,264.2,0.0,21.700000000000003,26.3,26.3,27.9,300.0,300.0,29.4,32.300000000000004,27.9,27.200000000000003,29.0,4.96,1.99,4.96,0.16,0.0,0.0,1027.0,8228.0,0.0,0.0,0.0,0.0,0.0,1.0,0.0,0.0,0.0,0.0,0.0,-0.3,0.0,-1.6,0.0,0.0,16.0,25903.0
2026-07-30T18:57:33.532Z,23.015,23.028,0.0,7.4,0.0,0.0,0.0,0.0,0.0,0.0,0.0,0.0,1.0,0.0,0.0,0.0,9.0,4.0,0.0,0.0,0.0,0.0,0.0,0.0,0.0,0.0,1.0,12.0,1.0,12.17,5.0200000000000005,2.51,1.49,0.0,0.0,0.0,301.1,0.0,0.2,0.6000000000000001,1.0,95.8,0.0,0.0,264.2,0.0,21.700000000000003,26.3,26.3,27.9,300.0,300.0,29.4,32.300000000000004,27.9,27.200000000000003,29.0,4.96,1.99,4.96,0.16,0.0,0.0,1027.0,8228.0,0.0,0.0,0.0,0.0,0.0,1.0,0.0,0.0,0.0,0.0,0.0,-0.8,0.0,-1.4,0.0,0.0,16.0,25903.0
2026-07-30T18:57:33.544Z,23.027,23.04,0.0,7.4,0.0,0.0,0.0,0.0,0.0,0.0,0.0,0.0,1.0,0.0,0.0,0.0,9.0,4.0,0.0,0.0,0.0,0.0,0.0,0.0,0.0,0.0,2.0,12.0,1.0,12.17,5.0200000000000005,2.51,1.49,0.0,0.0,0.0,301.1,0.0,-0.3,-0.5,-1.3,95.8,0.0,0.0,264.2,0.0,21.700000000000003,26.3,26.3,27.9,300.0,300.0,29.4,32.300000000000004,27.9,27.200000000000003,29.0,4.95,1.99,4.96,0.16,0.0,0.0,1027.0,8228.0,0.0,0.0,0.0,0.0,0.0,1.0,0.0,0.0,0.0,0.0,0.0,1.2000000000000002,0.0,1.5,0.0,0.0,16.0,25903.0
2026-07-30T18:57:33.557Z,23.04,23.052,0.0,7.4,0.0,0.0,0.0,0.0,0.0,0.0,0.0,0.0,1.0,0.0,0.0,0.0,9.0,4.0,0.0,0.0,0.0,0.0,0.0,0.0,0.0,0.0,3.0,12.0,1.0,12.14,5.0200000000000005,2.51,1.49,0.0,0.0,0.0,301.1,0.0,-0.2,-1.0,-0.7000000000000001,95.8,0.0,0.0,264.2,0.0,21.200000000000003,26.3,26.3,27.9,300.0,300.0,29.4,32.2,27.9,27.200000000000003,29.1,4.96,1.99,4.97,0.16,0.0,0.0,1027.0,8228.0,0.0,0.0,0.0,0.0,0.0,1.0,0.0,0.0,0.0,0.0,0.0,0.5,0.0,1.7000000000000002,0.0,0.0,16.0,25903.0
2026-07-30T18:57:33.569Z,23.052,23.064,0.0,7.4,0.0,0.0,0.0,0.0,0.0,0.0,0.0,0.0,1.0,0.0,0.0,0.0,9.0,4.0,0.0,0.0,0.0,0.0,0.0,0.0,0.0,0.0,5.0,12.0,1.0,12.14,5.0200000000000005,2.51,1.49,0.0,0.0,0.0,301.1,0.0,-0.2,0.6000000000000001,-0.1,95.8,0.0,0.0,264.2,0.0,21.200000000000003,26.3,26.3,27.9,300.0,300.0,29.4,32.2,27.9,27.200000000000003,29.1,4.96,2.0,4.97,0.16,0.0,0.0,1027.0,8228.0,0.0,0.0,0.0,0.0,0.0,1.0,0.0,0.0,0.0,0.0,0.0,0.2,0.0,-0.5,0.0,0.0,16.0,25903.0
2026-07-30T18:57:33.581Z,23.064,23.076,0.0,7.4,0.0,0.0,0.0,0.0,0.0,0.0,0.0,0.0,1.0,0.0,0.0,0.0,9.0,4.0,0.0,0.0,0.0,0.0,0.0,0.0,0.0,0.0,1.0,12.0,1.0,12.14,5.0200000000000005,2.51,1.49,0.0,0.0,0.0,301.1,0.0,0.2,-0.5,-0.7000000000000001,95.8,0.0,0.0,264.2,0.0,21.200000000000003,26.3,26.3,27.9,300.0,300.0,29.4,32.2,27.9,27.200000000000003,29.1,4.96,1.99,4.97,0.16,0.0,0.0,1027.0,8228.0,0.0,0.0,0.0,0.0,0.0,1.0,0.0,0.0,0.0,0.0,0.0,0.6000000000000001,0.0,1.2000000000000002,0.0,0.0,16.0,25903.0
2026-07-30T18:57:33.593Z,23.076,23.088,0.0,7.4,0.0,0.0,0.0,0.0,0.0,0.0,0.0,0.0,1.0,0.0,0.0,0.0,9.0,4.0,0.0,0.0,0.0,0.0,0.0,0.0,0.0,0.0,2.0,12.0,1.0,12.14,5.0200000000000005,2.51,1.49,0.0,0.0,0.0,301.1,0.0,-0.2,0.0,1.0,95.8,0.0,0.0,264.2,0.0,21.200000000000003,26.3,26.3,27.9,300.0,300.0,29.4,32.2,27.9,27.200000000000003,29.1,4.95,1.99,4.97,0.16,0.0,0.0,1027.0,8228.0,0.0,0.0,0.0,0.0,0.0,1.0,0.0,0.0,0.0,0.0,0.0,-0.9,0.0,-0.7000000000000001,0.0,0.0,16.0,25903.0
2026-07-30T18:57:33.604Z,23.087,23.1,0.0,7.4,0.0,0.0,0.0,0.0,0.0,0.0,0.0,0.0,1.0,0.0,0.0,0.0,9.0,4.0,0.0,0.0,0.0,0.0,0.0,0.0,0.0,0.0,2.0,12.0,1.0,12.14,5.0200000000000005,2.51,1.49,0.0,0.1,0.0,301.1,0.0,-0.3,-0.5,-2.5,95.8,0.0,0.0,264.2,0.0,21.200000000000003,26.3,26.3,27.9,300.0,300.0,29.4,32.2,27.9,27.200000000000003,29.1,4.96,2.0,4.96,0.16,0.0,0.0,1027.0,8228.0,0.0,0.0,0.0,0.0,0.0,1.0,0.0,0.0,0.0,0.0,0.0,2.3000000000000003,0.0,2.3000000000000003,0.0,0.0,16.0,25903.0
2026-07-30T18:57:33.617Z,23.1,23.112,0.0,7.4,0.0,0.0,0.0,0.0,0.0,0.0,0.0,0.0,1.0,0.0,0.0,0.0,9.0,4.0,0.0,0.0,0.0,0.0,0.0,0.0,0.0,0.0,4.0,12.0,1.0,12.14,5.0200000000000005,2.51,1.49,0.0,0.0,0.0,301.1,0.0,-0.3,0.0,-0.7000000000000001,95.8,0.0,0.0,264.2,0.0,21.200000000000003,26.3,26.3,27.9,300.0,300.0,29.4,32.2,27.9,27.200000000000003,29.1,4.96,2.0,4.96,0.16,0.0,0.0,1027.0,8228.0,0.0,0.0,0.0,0.0,0.0,1.0,0.0,0.0,0.0,0.0,0.0,0.7000000000000001,0.0,0.5,0.0,0.0,16.0,25903.0
2026-07-30T18:57:33.629Z,23.112,23.124,0.0,7.4,0.0,0.0,0.0,0.0,0.0,0.0,0.0,0.0,1.0,0.0,0.0,0.0,9.0,4.0,0.0,0.0,0.0,0.0,0.0,0.0,0.0,0.0,5.0,12.0,1.0,12.14,5.0200000000000005,2.51,1.49,0.0,0.0,0.0,301.1,0.0,-0.9,0.0,0.9,95.8,0.0,0.0,264.2,0.0,21.200000000000003,26.3,26.3,27.9,300.0,300.0,29.4,32.2,27.9,27.200000000000003,29.1,4.95,1.99,4.96,0.16,0.0,0.0,1027.0,8228.0,0.0,0.0,0.0,0.0,0.0,1.0,0.0,0.0,0.0,0.0,0.0,1.2000000000000002,0.0,0.9,0.0,0.0,16.0,25903.0
2026-07-30T18:57:33.641Z,23.124,23.136,0.0,7.4,0.0,0.0,0.0,0.0,0.0,0.0,0.0,0.0,1.0,0.0,0.0,0.0,9.0,4.0,0.0,0.0,0.0,0.0,0.0,0.0,0.0,0.0,6.0,12.0,1.0,12.14,5.0200000000000005,2.51,1.49,0.0,0.0,0.0,301.1,0.0,0.1,-0.6000000000000001,-0.7000000000000001,95.8,0.0,0.0,264.2,0.0,21.200000000000003,26.3,26.3,27.9,300.0,300.0,29.4,32.2,27.9,27.200000000000003,29.1,4.96,1.99,4.97,0.16,0.0,0.0,1027.0,8228.0,0.0,0.0,0.0,0.0,0.0,1.0,0.0,0.0,0.0,0.0,0.0,0.6000000000000001,0.0,1.2000000000000002,0.0,0.0,16.0,25903.0
2026-07-30T18:57:33.652Z,23.135,23.148,0.0,7.4,0.0,0.0,0.0,0.0,0.0,0.0,0.0,0.0,1.0,0.0,0.0,0.0,9.0,4.0,0.0,0.0,0.0,0.0,0.0,0.0,0.0,0.0,6.0,12.0,1.0,12.14,5.0200000000000005,2.51,1.49,0.0,0.0,0.0,301.1,0.0,0.1,-0.6000000000000001,0.3,95.8,0.0,0.0,264.2,0.0,21.200000000000003,26.3,26.3,27.9,300.0,300.0,29.4,32.2,27.9,27.200000000000003,29.1,4.96,1.99,4.96,0.16,0.0,0.0,1027.0,8228.0,0.0,0.0,0.0,0.0,0.0,1.0,0.0,0.0,0.0,0.0,0.0,0.6000000000000001,0.0,1.2000000000000002,0.0,0.0,16.0,25903.0
2026-07-30T18:57:33.664Z,23.147,23.16,0.0,7.4,0.0,0.0,0.0,0.0,0.0,0.0,0.0,0.0,1.0,0.0,0.0,0.0,9.0,4.0,0.0,0.0,0.0,0.0,0.0,0.0,0.0,0.0,1.0,12.0,1.0,12.11,5.01,2.51,1.49,0.0,0.0,0.0,301.1,0.0,0.7000000000000001,0.0,-0.1,95.8,0.0,0.0,264.2,0.0,21.4,26.4,26.4,28.0,300.0,300.0,29.4,32.300000000000004,27.9,27.200000000000003,29.1,4.96,1.99,4.97,0.16,0.0,0.0,1027.0,8228.0,0.0,0.0,0.0,0.0,0.0,1.0,0.0,0.0,0.0,0.0,0.0,0.3,0.0,-1.7000000000000002,0.0,0.0,16.0,25903.0
2026-07-30T18:57:33.676Z,23.159,23.172,0.0,7.4,0.0,0.0,0.0,0.0,0.0,0.0,0.0,0.0,1.0,0.0,0.0,0.0,9.0,4.0,0.0,0.0,0.0,0.0,0.0,0.0,0.0,0.0,2.0,12.0,1.0,12.11,5.01,2.51,1.49,0.0,0.1,0.0,301.1,0.0,0.1,0.4,1.0,95.8,0.0,0.0,264.3,0.0,21.4,26.4,26.4,28.0,300.0,300.0,29.4,32.300000000000004,27.9,27.200000000000003,29.1,4.95,1.99,4.97,0.16,0.0,0.0,1027.0,8228.0,0.0,0.0,0.0,0.0,0.0,1.0,0.0,0.0,0.0,0.0,0.0,-1.4,0.0,-2.3000000000000003,0.0,0.0,16.0,25903.0
2026-07-30T18:57:33.689Z,23.172,23.184,0.1,7.4,0.0,0.0,0.0,0.0,0.0,0.0,0.0,0.0,1.0,0.0,0.0,0.0,9.0,4.0,0.0,0.0,0.0,0.0,0.0,0.0,0.0,0.0,3.0,12.0,1.0,12.11,5.01,2.51,1.49,0.0,0.0,0.0,301.1,0.0,0.1,0.5,-0.1,95.8,0.0,0.0,264.2,0.0,21.4,26.4,26.4,28.0,300.0,300.0,29.4,32.300000000000004,27.9,27.200000000000003,29.1,4.96,1.99,4.96,0.16,0.0,0.0,1027.0,8228.0,0.0,0.0,0.0,0.0,0.0,1.0,0.0,0.0,0.0,0.0,0.0,0.0,0.0,0.7000000000000001,0.0,0.0,16.0,25903.0
2026-07-30T18:57:33.702Z,23.185,23.196,0.1,7.4,0.0,0.0,0.0,0.0,0.0,0.0,0.0,0.0,1.0,0.0,0.0,0.0,9.0,4.0,0.0,0.0,0.0,0.0,0.0,0.0,0.0,0.0,4.0,12.0,1.0,12.11,5.01,2.51,1.49,0.0,0.0,0.0,301.1,0.0,-0.4,-1.1,1.0,95.8,0.0,0.0,264.2,0.0,21.4,26.4,26.4,28.0,300.0,300.0,29.4,32.300000000000004,27.9,27.200000000000003,29.1,4.96,1.99,4.96,0.16,0.0,0.0,1027.0,8228.0,0.0,0.0,0.0,0.0,0.0,1.0,0.0,0.0,0.0,0.0,0.0,-1.0,0.0,0.6000000000000001,0.0,0.0,16.0,25903.0
2026-07-30T18:57:33.713Z,23.196,23.208,0.0,7.4,0.0,0.0,0.0,0.0,0.0,0.0,0.0,0.0,1.0,0.0,0.0,0.0,9.0,4.0,0.0,0.0,0.0,0.0,0.0,0.0,0.0,0.0,5.0,12.0,1.0,12.11,5.01,2.51,1.49,0.0,0.0,0.0,301.1,0.0,-0.4,-0.6000000000000001,-0.7000000000000001,95.8,0.0,0.0,264.2,0.0,21.4,26.4,26.4,28.0,300.0,300.0,29.4,32.300000000000004,27.9,27.200000000000003,29.1,4.96,1.99,4.97,0.16,0.0,0.0,1027.0,8228.0,0.0,0.0,0.0,0.0,0.0,1.0,0.0,0.0,0.0,0.0,0.0,0.6000000000000001,0.0,1.2000000000000002,0.0,0.0,16.0,25903.0
2026-07-30T18:57:33.724Z,23.207,23.22,0.0,7.4,0.0,0.0,0.0,0.0,0.0,0.0,0.0,0.0,1.0,0.0,0.0,0.0,9.0,4.0,0.0,0.0,0.0,0.0,0.0,0.0,0.0,0.0,5.0,12.0,1.0,12.11,5.01,2.51,1.49,-0.1,0.1,0.0,301.1,0.0,1.3,0.0,-0.1,95.8,0.0,0.0,264.2,0.0,21.4,26.4,26.4,28.0,300.0,300.0,29.4,32.300000000000004,27.9,27.200000000000003,29.1,4.95,1.99,4.97,0.16,0.0,0.0,1027.0,8228.0,0.0,0.0,0.0,0.0,0.0,1.0,0.0,0.0,0.0,0.0,0.0,0.1,0.0,0.1,0.0,0.0,16.0,25903.0
2026-07-30T18:57:33.737Z,23.22,23.232,0.1,7.4,0.0,0.0,0.0,0.0,0.0,0.0,0.0,0.0,1.0,0.0,0.0,0.0,9.0,4.0,0.0,0.0,0.0,0.0,0.0,0.0,0.0,0.0,1.0,12.0,1.0,12.11,5.01,2.51,1.49,0.0,0.0,0.0,301.1,0.0,-0.4,-1.2000000000000002,-1.9,95.8,0.0,0.0,264.2,0.0,21.4,26.4,26.4,28.0,300.0,300.0,29.4,32.300000000000004,27.9,27.200000000000003,29.1,4.96,1.99,4.96,0.16,0.0,0.0,1027.0,8228.0,0.0,0.0,0.0,0.0,0.0,1.0,0.0,0.0,0.0,0.0,0.0,1.6,0.0,2.6,0.0,0.0,16.0,25903.0
2026-07-30T18:57:33.748Z,23.231,23.244,0.0,7.4,0.0,0.0,0.0,0.0,0.0,0.0,0.0,0.0,1.0,0.0,0.0,0.0,9.0,4.0,0.0,0.0,0.0,0.0,0.0,0.0,0.0,0.0,2.0,12.0,1.0,12.11,5.01,2.51,1.49,0.0,0.0,0.0,301.2,0.0,-1.0,-1.8,-1.3,95.8,0.0,0.0,264.2,0.0,21.4,26.4,26.4,28.0,300.0,300.0,29.4,32.300000000000004,27.9,27.200000000000003,29.1,4.95,1.99,4.97,0.16,0.0,0.0,1027.0,8228.0,0.0,0.0,0.0,0.0,0.0,1.0,0.0,0.0,0.0,0.0,0.0,1.0,0.0,3.0,0.0,0.0,16.0,25903.0
2026-07-30T18:57:33.763Z,23.246,23.256,0.0,7.4,0.0,0.0,0.0,0.0,0.0,0.0,0.0,0.0,1.0,0.0,0.0,0.0,9.0,4.0,0.0,0.0,0.0,0.0,0.0,0.0,0.0,0.0,3.0,12.0,1.0,12.18,5.0200000000000005,2.5,1.49,0.0,0.0,0.0,301.1,0.0,0.1,0.5,-0.8,95.8,0.0,0.0,264.3,0.0,21.8,26.4,26.4,28.0,300.0,300.0,29.5,32.300000000000004,27.9,27.200000000000003,29.1,4.95,2.0,4.96,0.16,0.0,0.0,1027.0,8228.0,0.0,0.0,0.0,0.0,0.0,1.0,0.0,0.0,0.0,0.0,0.0,-0.2,0.0,-0.8,0.0,0.0,16.0,25903.0
2026-07-30T18:57:33.773Z,23.256,23.268,0.0,7.4,0.0,0.0,0.0,0.0,0.0,0.0,0.0,0.0,1.0,0.0,0.0,0.0,9.0,4.0,0.0,0.0,0.0,0.0,0.0,0.0,0.0,0.0,4.0,12.0,1.0,12.18,5.0200000000000005,2.5,1.49,0.0,0.0,0.0,301.1,0.0,-0.4,1.6,2.1,95.8,0.0,0.0,264.3,0.0,21.8,26.4,26.4,28.0,300.0,300.0,29.5,32.300000000000004,27.9,27.200000000000003,29.1,4.96,2.0,4.96,0.16,0.0,0.0,1027.0,8228.0,0.0,0.0,0.0,0.0,0.0,1.0,0.0,0.0,0.0,0.0,0.0,0.6000000000000001,0.0,1.2000000000000002,0.0,0.0,16.0,25903.0
2026-07-30T18:57:33.785Z,23.268,23.28,0.0,7.4,0.0,0.0,0.0,0.0,0.0,0.0,0.0,0.0,1.0,0.0,0.0,0.0,9.0,4.0,0.0,0.0,0.0,0.0,0.0,0.0,0.0,0.0,5.0,12.0,1.0,12.18,5.0200000000000005,2.5,1.49,0.0,0.0,0.0,301.1,0.0,0.1,-1.2000000000000002,-0.8,95.8,0.0,0.0,264.3,0.0,21.8,26.4,26.4,28.0,300.0,300.0,29.5,32.300000000000004,27.9,27.200000000000003,29.1,4.95,2.0,4.97,0.16,0.0,0.0,1027.0,8228.0,0.0,0.0,0.0,0.0,0.0,1.0,0.0,0.0,0.0,0.0,0.0,0.6000000000000001,0.0,1.9,0.0,0.0,16.0,25903.0
2026-07-30T18:57:33.796Z,23.279,23.292,0.0,7.4,0.0,0.0,0.0,0.0,0.0,0.0,0.0,0.0,1.0,0.0,0.0,0.0,9.0,4.0,0.0,0.0,0.0,0.0,0.0,0.0,0.0,0.0,6.0,12.0,1.0,12.18,5.0200000000000005,2.5,1.49,0.0,0.0,0.0,301.1,0.0,-0.4,-1.2000000000000002,-0.2,95.8,0.0,0.0,264.2,0.0,21.8,26.4,26.4,28.0,300.0,300.0,29.5,32.300000000000004,27.9,27.200000000000003,29.1,4.95,1.99,4.97,0.16,0.0,0.0,1027.0,8228.0,0.0,0.0,0.0,0.0,0.0,1.0,0.0,0.0,0.0,0.0,0.0,0.1,0.0,1.5,0.0,0.0,16.0,25903.0
2026-07-30T18:57:33.809Z,23.292,23.304,0.0,7.4,0.0,0.0,0.0,0.0,0.0,0.0,0.0,0.0,1.0,0.0,0.0,0.0,9.0,4.0,0.0,0.0,0.0,0.0,0.0,0.0,0.0,0.0,2.0,12.0,1.0,12.18,5.0200000000000005,2.5,1.49,0.0,0.0,0.0,301.0,0.0,-0.4,-0.6000000000000001,0.3,95.8,0.0,0.0,264.2,0.0,21.8,26.4,26.4,28.0,300.0,300.0,29.5,32.300000000000004,27.9,27.200000000000003,29.1,4.95,2.0,4.96,0.16,0.0,0.0,1027.0,8228.0,0.0,0.0,0.0,0.0,0.0,1.0,0.0,0.0,0.0,0.0,0.0,0.6000000000000001,0.0,1.2000000000000002,0.0,0.0,16.0,25903.0
2026-07-30T18:57:33.821Z,23.304,23.316,0.0,7.4,0.0,0.0,0.0,0.0,0.0,0.0,0.0,0.0,1.0,0.0,0.0,0.0,9.0,4.0,0.0,0.0,0.0,0.0,0.0,0.0,0.0,0.0,3.0,12.0,1.0,12.18,5.0200000000000005,2.5,1.49,0.0,0.0,0.0,301.1,0.0,-0.4,-0.6000000000000001,-0.7000000000000001,95.8,0.0,0.0,264.2,0.0,21.8,26.4,26.4,28.0,300.0,300.0,29.5,32.300000000000004,27.9,27.200000000000003,29.1,4.96,1.99,4.96,0.16,0.0,0.0,1027.0,8228.0,0.0,0.0,0.0,0.0,0.0,1.0,0.0,0.0,0.0,0.0,0.0,-0.4,0.0,0.4,0.0,0.0,16.0,25903.0
2026-07-30T18:57:33.832Z,23.315,23.328,0.0,7.4,0.0,0.0,0.0,0.0,0.0,0.0,0.0,0.0,1.0,0.0,0.0,0.0,9.0,4.0,0.0,0.0,0.0,0.0,0.0,0.0,0.0,0.0,4.0,12.0,1.0,12.18,5.0200000000000005,2.5,1.49,0.0,0.0,0.0,301.1,0.0,0.7000000000000001,-0.6000000000000001,0.9,95.8,0.0,0.0,264.2,0.0,21.8,26.4,26.4,28.0,300.0,300.0,29.5,32.300000000000004,27.9,27.200000000000003,29.1,4.95,1.99,4.97,0.16,0.0,0.0,1027.0,8228.0,0.0,0.0,0.0,0.0,0.0,1.0,0.0,0.0,0.0,0.0,0.0,0.6000000000000001,0.0,1.2000000000000002,0.0,0.0,16.0,25903.0
2026-07-30T18:57:33.845Z,23.328,23.34,0.0,7.4,0.0,0.0,0.0,0.0,0.0,0.0,0.0,0.0,1.0,0.0,0.0,0.0,9.0,4.0,0.0,0.0,0.0,0.0,0.0,0.0,0.0,0.0,6.0,12.0,1.0,12.18,5.0200000000000005,2.5,1.49,0.0,0.0,0.0,301.1,0.0,-1.0,0.0,1.0,95.8,0.0,0.0,264.2,0.0,21.8,26.4,26.4,28.0,300.0,300.0,29.5,32.300000000000004,27.9,27.200000000000003,29.1,4.95,1.99,4.96,0.16,0.0,0.0,1027.0,8228.0,0.0,0.0,0.0,0.0,0.0,1.0,0.0,0.0,0.0,0.0,0.0,-0.4,0.0,-0.2,0.0,0.0,16.0,25903.0
2026-07-30T18:57:33.857Z,23.34,23.352,0.0,7.4,0.0,0.0,0.0,0.0,0.0,0.0,0.0,0.0,1.0,0.0,0.0,0.0,9.0,4.0,0.0,0.0,0.0,0.0,0.0,0.0,0.0,0.0,1.0,12.0,1.0,12.18,5.0200000000000005,2.5,1.49,0.0,0.0,0.0,301.1,0.0,0.8,0.6000000000000001,-0.1,95.8,0.0,0.0,264.2,0.0,21.8,26.4,26.4,28.0,300.0,300.0,29.5,32.300000000000004,27.9,27.200000000000003,29.1,4.95,2.0,4.97,0.16,0.0,0.0,1027.0,8228.0,0.0,0.0,0.0,0.0,0.0,1.0,0.0,0.0,0.0,0.0,0.0,1.1,0.0,0.8,0.0,0.0,16.0,25903.0
2026-07-30T18:57:33.868Z,23.351,23.364,0.0,7.4,0.0,0.0,0.0,0.0,0.0,0.0,0.0,0.0,1.0,0.0,0.0,0.0,9.0,4.0,0.0,0.0,0.0,0.0,0.0,0.0,0.0,0.0,2.0,12.0,1.0,12.15,5.0200000000000005,2.51,1.49,0.0,0.0,0.0,301.1,0.0,0.1,0.0,0.0,95.8,0.0,0.0,264.2,0.0,21.8,26.4,26.4,28.0,300.0,300.0,29.4,32.300000000000004,27.9,27.200000000000003,29.1,4.95,1.99,4.97,0.16,0.0,0.0,1027.0,8228.0,0.0,0.0,0.0,0.0,0.0,1.0,0.0,0.0,0.0,0.0,0.0,-1.0,0.0,-0.7000000000000001,0.0,0.0,16.0,25903.0
2026-07-30T18:57:33.881Z,23.364,23.376,0.0,7.4,0.0,0.0,0.0,0.0,0.0,0.0,0.0,0.0,1.0,0.0,0.0,0.0,9.0,4.0,0.0,0.0,0.0,0.0,0.0,0.0,0.0,0.0,3.0,12.0,1.0,12.15,5.0200000000000005,2.51,1.49,0.0,0.0,0.0,301.1,0.0,-0.3,-0.5,1.7000000000000002,95.8,0.0,0.0,264.2,0.0,21.8,26.4,26.4,28.0,300.0,300.0,29.4,32.300000000000004,27.9,27.200000000000003,29.1,4.95,1.99,4.97,0.16,0.0,0.0,1027.0,8228.0,0.0,0.0,0.0,0.0,0.0,1.0,0.0,0.0,0.0,0.0,0.0,-1.6,0.0,-0.5,0.0,0.0,16.0,25903.0
2026-07-30T18:57:33.893Z,23.376,23.388,0.0,7.4,0.0,0.0,0.0,0.0,0.0,0.0,0.0,0.0,1.0,0.0,0.0,0.0,9.0,4.0,0.0,0.0,0.0,0.0,0.0,0.0,0.0,0.0,5.0,12.0,1.0,12.15,5.0200000000000005,2.51,1.49,0.0,0.1,0.0,301.1,0.0,0.2,0.0,0.5,95.8,0.0,0.0,264.2,0.0,21.8,26.4,26.4,28.0,300.0,300.0,29.4,32.300000000000004,27.9,27.200000000000003,29.1,4.96,1.99,4.96,0.16,0.0,0.0,1027.0,8228.0,0.0,0.0,0.0,0.0,0.0,1.0,0.0,0.0,0.0,0.0,0.0,-0.4,0.0,-0.3,0.0,0.0,16.0,25903.0
2026-07-30T18:57:33.905Z,23.388,23.4,0.0,7.4,0.0,0.0,0.0,0.0,0.0,0.0,0.0,0.0,1.0,0.0,0.0,0.0,9.0,4.0,0.0,0.0,0.0,0.0,0.0,0.0,0.0,0.0,6.0,12.0,1.0,12.15,5.0200000000000005,2.51,1.49,0.0,0.0,0.0,301.2,0.0,-0.9,0.5,-0.1,95.8,0.0,0.0,264.2,0.0,21.8,26.4,26.4,28.0,300.0,300.0,29.4,32.300000000000004,27.9,27.200000000000003,29.1,4.96,1.99,4.97,0.16,0.0,0.0,1027.0,8228.0,0.0,0.0,0.0,0.0,0.0,1.0,0.0,0.0,0.0,0.0,0.0,0.1,0.0,-0.5,0.0,0.0,16.0,25903.0
2026-07-30T18:57:33.916Z,23.399,23.412,0.0,7.4,0.0,0.0,0.0,0.0,0.0,0.0,0.0,0.0,1.0,0.0,0.0,0.0,9.0,4.0,0.0,0.0,0.0,0.0,0.0,0.0,0.0,0.0,2.0,12.0,1.0,12.15,5.0200000000000005,2.51,1.49,0.0,0.0,0.0,301.1,0.0,-0.9,0.0,-0.6000000000000001,95.8,0.0,0.0,264.2,0.0,21.8,26.4,26.4,28.0,300.0,300.0,29.4,32.300000000000004,27.9,27.200000000000003,29.1,4.95,1.99,4.97,0.16,0.0,0.0,1027.0,8228.0,0.0,0.0,0.0,0.0,0.0,1.0,0.0,0.0,0.0,0.0,0.0,0.6000000000000001,0.0,0.5,0.0,0.0,16.0,25903.0
2026-07-30T18:57:33.928Z,23.411,23.424,0.0,7.4,0.0,0.0,0.0,0.0,0.0,0.0,0.0,0.0,1.0,0.0,0.0,0.0,9.0,4.0,0.0,0.0,0.0,0.0,0.0,0.0,0.0,0.0,3.0,12.0,1.0,12.15,5.0200000000000005,2.51,1.49,0.0,0.0,0.0,301.1,0.0,0.2,-0.5,0.0,95.8,0.0,0.0,264.2,0.0,21.8,26.4,26.4,28.0,300.0,300.0,29.4,32.300000000000004,27.9,27.200000000000003,29.1,4.96,1.99,4.96,0.16,0.0,0.0,1027.0,8228.0,0.0,0.0,0.0,0.0,0.0,1.0,0.0,0.0,0.0,0.0,0.0,0.0,0.0,0.6000000000000001,0.0,0.0,16.0,25903.0
2026-07-30T18:57:33.940Z,23.423,23.436,0.0,7.4,0.0,0.0,0.0,0.0,0.0,0.0,0.0,0.0,1.0,0.0,0.0,0.0,9.0,4.0,0.0,0.0,0.0,0.0,0.0,0.0,0.0,0.0,4.0,12.0,1.0,12.15,5.0200000000000005,2.51,1.49,0.0,0.0,0.0,301.1,0.0,-0.9,-0.5,0.5,95.8,0.0,0.0,264.2,0.0,21.8,26.4,26.4,28.0,300.0,300.0,29.4,32.300000000000004,27.9,27.200000000000003,29.1,4.95,1.99,4.96,0.16,0.0,0.0,1027.0,8228.0,0.0,0.0,0.0,0.0,0.0,1.0,0.0,0.0,0.0,0.0,0.0,-0.5,0.0,0.2,0.0,0.0,16.0,25903.0
2026-07-30T18:57:33.952Z,23.435,23.448,0.0,7.4,0.0,0.0,0.0,0.0,0.0,0.0,0.0,0.0,1.0,0.0,0.0,0.0,9.0,4.0,0.0,0.0,0.0,0.0,0.0,0.0,0.0,0.0,5.0,12.0,1.0,12.15,5.0200000000000005,2.51,1.49,0.0,0.0,0.0,301.1,0.0,-0.3,0.0,-0.5,95.8,0.0,0.0,264.2,0.0,21.8,26.4,26.4,28.0,300.0,300.0,29.4,32.300000000000004,27.9,27.200000000000003,29.1,4.95,1.99,4.97,0.16,0.0,0.0,1027.0,8228.0,0.0,0.0,0.0,0.0,0.0,1.0,0.0,0.0,0.0,0.0,0.0,0.5,0.0,0.2,0.0,0.0,16.0,25903.0
2026-07-30T18:57:33.966Z,23.449,23.46,0.0,7.4,0.0,0.0,0.0,0.0,0.0,0.0,0.0,0.0,1.0,0.0,0.0,0.0,9.0,4.0,0.0,0.0,0.0,0.0,0.0,0.0,0.0,0.0,6.0,12.0,1.0,12.18,5.0200000000000005,2.51,1.49,0.0,0.0,0.0,301.1,0.0,0.7000000000000001,0.0,0.6000000000000001,95.8,0.0,0.0,264.3,0.0,21.3,26.4,26.4,28.0,300.0,300.0,29.4,32.300000000000004,27.9,27.200000000000003,29.0,4.95,1.99,4.97,0.16,0.0,0.0,1027.0,8228.0,0.0,0.0,0.0,0.0,0.0,1.0,0.0,0.0,0.0,0.0,0.0,-0.5,0.0,-0.5,0.0,0.0,16.0,25903.0
2026-07-30T18:57:33.977Z,23.46,23.472,0.0,7.4,0.0,0.0,0.0,0.0,0.0,0.0,0.0,0.0,1.0,0.0,0.0,0.0,9.0,4.0,0.0,0.0,0.0,0.0,0.0,0.0,0.0,0.0,2.0,12.0,1.0,12.18,5.0200000000000005,2.51,1.49,0.0,0.0,0.0,301.1,0.0,0.2,0.1,-0.5,95.8,0.0,0.0,264.2,0.0,21.3,26.4,26.4,28.0,300.0,300.0,29.4,32.300000000000004,27.9,27.200000000000003,29.0,4.96,1.99,4.96,0.16,0.0,0.0,1027.0,8228.0,0.0,0.0,0.0,0.0,0.0,1.0,0.0,0.0,0.0,0.0,0.0,0.5,0.0,0.2,0.0,0.0,16.0,25903.0
2026-07-30T18:57:33.988Z,23.471,23.484,0.0,7.4,0.0,0.0,0.0,0.0,0.0,0.0,0.0,0.0,1.0,0.0,0.0,0.0,9.0,4.0,0.0,0.0,0.0,0.0,0.0,0.0,0.0,0.0,3.0,12.0,1.0,12.18,5.0200000000000005,2.51,1.49,0.0,0.0,0.0,301.1,0.0,-0.3,-0.4,0.0,95.8,0.0,0.0,264.2,0.0,21.3,26.4,26.4,28.0,300.0,300.0,29.4,32.300000000000004,27.9,27.200000000000003,29.0,4.95,1.99,4.97,0.16,0.0,0.0,1027.0,8228.0,0.0,0.0,0.0,0.0,0.0,1.0,0.0,0.0,0.0,0.0,0.0,0.0,0.0,0.5,0.0,0.0,16.0,25903.0
2026-07-30T18:57:34.003Z,23.486,23.496,0.0,7.4,0.0,0.0,0.0,0.0,0.0,0.0,0.0,0.0,1.0,0.0,0.0,0.0,9.0,4.0,0.0,0.0,0.0,0.0,0.0,0.0,0.0,0.0,4.0,12.0,1.0,12.18,5.0200000000000005,2.51,1.49,0.0,0.0,0.0,301.0,0.0,0.1,0.1,0.0,95.8,0.0,0.0,264.2,0.0,21.3,26.4,26.4,28.0,300.0,300.0,29.4,32.300000000000004,27.9,27.200000000000003,29.0,4.95,1.99,4.96,0.16,0.0,0.0,1027.0,8228.0,0.0,0.0,0.0,0.0,0.0,1.0,0.0,0.0,0.0,0.0,0.0,0.0,0.0,-0.1,0.0,0.0,16.0,25903.0
2026-07-30T18:57:34.012Z,23.495,23.508,0.0,7.4,0.0,0.0,0.0,0.0,0.0,0.0,0.0,0.0,1.0,0.0,0.0,0.0,9.0,4.0,0.0,0.0,0.0,0.0,0.0,0.0,0.0,0.0,4.0,12.0,1.0,12.18,5.0200000000000005,2.51,1.49,0.0,0.0,0.0,301.1,0.0,0.2,0.1,-0.6000000000000001,95.8,0.0,0.0,264.2,0.0,21.3,26.4,26.4,28.0,300.0,300.0,29.4,32.300000000000004,27.9,27.200000000000003,29.0,4.96,1.99,4.96,0.16,0.0,0.0,1027.0,8228.0,0.0,0.0,0.0,0.0,0.0,1.0,0.0,0.0,0.0,0.0,0.0,0.6000000000000001,0.0,0.3,0.0,0.0,16.0,25903.0
2026-07-30T18:57:34.024Z,23.507,23.52,0.0,7.4,0.0,0.0,0.0,0.0,0.0,0.0,0.0,0.0,1.0,0.0,0.0,0.0,9.0,4.0,0.0,0.0,0.0,0.0,0.0,0.0,0.0,0.0,5.0,12.0,1.0,12.18,5.0200000000000005,2.51,1.49,0.0,0.0,0.0,301.0,0.0,-0.3,-1.0,-0.6000000000000001,95.8,0.0,0.0,264.2,0.0,21.3,26.4,26.4,28.0,300.0,300.0,29.4,32.300000000000004,27.9,27.200000000000003,29.0,4.95,1.99,4.96,0.16,0.0,0.0,1027.0,8228.0,0.0,0.0,0.0,0.0,0.0,1.0,0.0,0.0,0.0,0.0,0.0,0.4,0.0,1.6,0.0,0.0,16.0,25903.0
2026-07-30T18:57:34.036Z,23.519,23.532,-0.1,7.4,0.0,0.0,0.0,0.0,0.0,0.0,0.0,0.0,1.0,0.0,0.0,0.0,9.0,4.0,0.0,0.0,0.0,0.0,0.0,0.0,0.0,0.0,6.0,12.0,1.0,12.18,5.0200000000000005,2.51,1.49,0.0,0.0,0.0,301.1,0.0,0.2,0.0,-0.1,95.8,0.0,0.0,264.2,0.0,21.3,26.4,26.4,28.0,300.0,300.0,29.4,32.300000000000004,27.9,27.200000000000003,29.0,4.95,1.99,4.97,0.16,0.0,0.0,1027.0,8228.0,0.0,0.0,0.0,0.0,0.0,1.0,0.0,0.0,0.0,0.0,0.0,0.1,0.0,0.0,0.0,0.0,16.0,25903.0
2026-07-30T18:57:34.048Z,23.531,23.544,-0.1,7.4,0.0,0.0,0.0,0.0,0.0,0.0,0.0,0.0,1.0,0.0,0.0,0.0,9.0,4.0,0.0,0.0,0.0,0.0,0.0,0.0,0.0,0.0,1.0,12.0,1.0,12.18,5.0200000000000005,2.51,1.49,0.0,0.0,0.0,301.1,0.0,-0.3,0.0,-0.7000000000000001,95.8,0.0,0.0,264.2,0.0,21.3,26.4,26.4,28.0,300.0,300.0,29.4,32.300000000000004,27.9,27.200000000000003,29.0,4.95,1.99,4.96,0.16,0.0,0.0,1027.0,8228.0,0.0,0.0,0.0,0.0,0.0,1.0,0.0,0.0,0.0,0.0,0.0,0.6000000000000001,0.0,0.4,0.0,0.0,16.0,25903.0
2026-07-30T18:57:34.061Z,23.544,23.556,-0.1,7.4,0.0,0.0,0.0,0.0,0.0,0.0,0.0,0.0,1.0,0.0,0.0,0.0,9.0,4.0,0.0,0.0,0.0,0.0,0.0,0.0,0.0,0.0,2.0,12.0,1.0,12.18,5.0200000000000005,2.51,1.49,0.0,0.0,0.0,301.1,0.0,-0.9,0.0,-1.2000000000000002,95.8,0.0,0.0,264.2,0.0,21.3,26.4,26.4,28.0,300.0,300.0,29.4,32.300000000000004,27.9,27.200000000000003,29.0,4.96,1.99,4.96,0.16,0.0,0.0,1027.0,8228.0,0.0,0.0,0.0,0.0,0.0,1.0,0.0,0.0,0.0,0.0,0.0,1.1,0.0,0.7000000000000001,0.0,0.0,16.0,25903.0
2026-07-30T18:57:34.072Z,23.555,23.568,0.0,7.4,0.0,0.0,0.0,0.0,0.0,0.0,0.0,0.0,1.0,0.0,0.0,0.0,9.0,4.0,0.0,0.0,0.0,0.0,0.0,0.0,0.0,0.0,3.0,12.0,1.0,12.17,5.01,2.5,1.5,0.0,0.0,0.0,301.1,0.0,-0.3,-0.5,-1.2000000000000002,95.8,0.0,0.0,264.2,0.0,21.4,26.4,26.4,28.0,300.0,300.0,29.4,32.4,27.9,27.200000000000003,29.1,4.95,1.99,4.97,0.16,0.0,0.0,1027.0,8228.0,0.0,0.0,0.0,0.0,0.0,1.0,0.0,0.0,0.0,0.0,0.0,1.1,0.0,1.5,0.0,0.0,16.0,25903.0
2026-07-30T18:57:34.084Z,23.567,23.58,0.0,7.4,0.0,0.0,0.0,0.0,0.0,0.0,0.0,0.0,1.0,0.0,0.0,0.0,9.0,4.0,0.0,0.0,0.0,0.0,0.0,0.0,0.0,0.0,4.0,12.0,1.0,12.17,5.01,2.5,1.5,0.0,0.0,0.0,301.1,0.0,0.8,0.0,1.1,95.8,0.0,0.0,264.2,0.0,21.4,26.4,26.4,28.0,300.0,300.0,29.4,32.4,27.9,27.200000000000003,29.1,4.95,1.99,4.96,0.16,0.0,0.0,1027.0,8228.0,0.0,0.0,0.0,0.0,0.0,1.0,0.0,0.0,0.0,0.0,0.0,-1.0,0.0,-0.7000000000000001,0.0,0.0,16.0,25903.0
2026-07-30T18:57:34.097Z,23.58,23.592,-0.1,7.4,0.0,0.0,0.0,0.0,0.0,0.0,0.0,0.0,1.0,0.0,0.0,0.0,9.0,4.0,0.0,0.0,0.0,0.0,0.0,0.0,0.0,0.0,5.0,12.0,1.0,12.17,5.01,2.5,1.5,0.0,0.0,0.0,301.1,0.0,-0.9,0.0,-1.3,95.8,0.0,0.0,264.3,0.0,21.4,26.4,26.4,28.0,300.0,300.0,29.4,32.4,27.9,27.200000000000003,29.1,4.95,2.0,4.96,0.16,0.0,0.0,1027.0,8228.0,0.0,0.0,0.0,0.0,0.0,1.0,0.0,0.0,0.0,0.0,0.0,1.2000000000000002,0.0,0.9,0.0,0.0,16.0,25903.0
2026-07-30T18:57:34.109Z,23.592,23.604,0.0,7.4,0.0,0.0,0.0,0.0,0.0,0.0,0.0,0.0,1.0,0.0,0.0,0.0,9.0,4.0,0.0,0.0,0.0,0.0,0.0,0.0,0.0,0.0,5.0,12.0,1.0,12.17,5.01,2.5,1.5,0.0,0.0,0.0,301.1,0.0,-0.3,0.0,-0.1,95.8,0.0,0.0,264.2,0.0,21.4,26.4,26.4,28.0,300.0,300.0,29.4,32.4,27.9,27.200000000000003,29.1,4.95,1.99,4.96,0.16,0.0,0.0,1027.0,8228.0,0.0,0.0,0.0,0.0,0.0,1.0,0.0,0.0,0.0,0.0,0.0,0.0,0.0,0.1,0.0,0.0,16.0,25903.0
2026-07-30T18:57:34.121Z,23.604,23.616,0.0,7.4,0.0,0.0,0.0,0.0,0.0,0.0,0.0,0.0,1.0,0.0,0.0,0.0,9.0,4.0,0.0,0.0,0.0,0.0,0.0,0.0,0.0,0.0,1.0,12.0,1.0,12.17,5.01,2.5,1.5,0.0,0.0,0.0,301.2,0.0,-0.3,0.0,-0.1,95.8,0.0,0.0,264.2,0.0,21.4,26.4,26.4,28.0,300.0,300.0,29.4,32.4,27.9,27.200000000000003,29.1,4.95,1.99,4.96,0.16,0.0,0.0,1027.0,8228.0,0.0,0.0,0.0,0.0,0.0,1.0,0.0,0.0,0.0,0.0,0.0,0.1,0.0,0.1,0.0,0.0,16.0,25903.0
2026-07-30T18:57:34.133Z,23.616,23.628,0.0,7.4,0.0,0.0,0.0,0.0,0.0,0.0,0.0,0.0,1.0,0.0,0.0,0.0,9.0,4.0,0.0,0.0,0.0,0.0,0.0,0.0,0.0,0.0,2.0,12.0,1.0,12.17,5.01,2.5,1.5,0.0,0.0,0.0,301.1,0.0,-0.9,-0.6000000000000001,-1.2000000000000002,95.8,0.0,0.0,264.2,0.0,21.4,26.4,26.4,28.0,300.0,300.0,29.4,32.4,27.9,27.200000000000003,29.1,4.96,1.99,4.96,0.16,0.0,0.0,1027.0,8228.0,0.0,0.0,0.0,0.0,0.0,1.0,0.0,0.0,0.0,0.0,0.0,0.6000000000000001,0.0,0.5,0.0,0.0,16.0,25903.0
2026-07-30T18:57:34.145Z,23.628,23.64,0.0,7.4,0.0,0.0,0.0,0.0,0.0,0.0,0.0,0.0,1.0,0.0,0.0,0.0,9.0,4.0,0.0,0.0,0.0,0.0,0.0,0.0,0.0,0.0,3.0,12.0,1.0,12.17,5.01,2.5,1.5,0.0,0.1,0.0,301.1,0.0,0.1,0.0,-0.1,95.8,0.0,0.0,264.2,0.0,21.4,26.4,26.4,28.0,300.0,300.0,29.4,32.4,27.9,27.200000000000003,29.1,4.96,1.99,4.96,0.16,0.0,0.0,1027.0,8228.0,0.0,0.0,0.0,0.0,0.0,1.0,0.0,0.0,0.0,0.0,0.0,0.1,0.0,0.1,0.0,0.0,16.0,25903.0
2026-07-30T18:57:34.156Z,23.639,23.652,0.0,7.4,0.0,0.0,0.0,0.0,0.0,0.0,0.0,0.0,1.0,0.0,0.0,0.0,9.0,4.0,0.0,0.0,0.0,0.0,0.0,0.0,0.0,0.0,4.0,12.0,1.0,12.17,5.01,2.5,1.5,0.0,0.0,0.0,301.1,0.0,-0.4,0.5,-0.2,95.8,0.0,0.0,264.2,0.0,21.4,26.4,26.4,28.0,300.0,300.0,29.4,32.4,27.9,27.200000000000003,29.1,4.95,1.99,4.96,0.16,0.0,0.0,1027.0,8228.0,0.0,0.0,0.0,0.0,0.0,1.0,0.0,0.0,0.0,0.0,0.0,0.2,0.0,-0.4,0.0,0.0,16.0,25903.0
2026-07-30T18:57:34.170Z,23.653,23.664,0.0,7.4,0.0,0.0,0.0,0.0,0.0,0.0,0.0,0.0,1.0,0.0,0.0,0.0,9.0,4.0,0.0,0.0,0.0,0.0,0.0,0.0,0.0,0.0,6.0,12.0,1.0,12.17,5.0200000000000005,2.5,1.49,0.0,0.1,0.0,301.1,0.0,0.1,0.0,-0.7000000000000001,95.8,0.0,0.0,264.2,0.0,21.700000000000003,26.5,26.5,28.1,300.0,300.0,29.4,32.4,27.9,27.200000000000003,29.1,4.96,1.99,4.96,0.16,0.0,0.0,1027.0,8228.0,0.0,0.0,0.0,0.0,0.0,1.0,0.0,0.0,0.0,0.0,0.0,0.7000000000000001,0.0,0.5,0.0,0.0,16.0,25903.0
2026-07-30T18:57:34.181Z,23.664,23.676,0.0,7.4,0.0,0.0,0.0,0.0,0.0,0.0,0.0,0.0,1.0,0.0,0.0,0.0,9.0,4.0,0.0,0.0,0.0,0.0,0.0,0.0,0.0,0.0,1.0,12.0,1.0,12.17,5.0200000000000005,2.5,1.49,0.0,0.0,0.0,301.1,0.0,0.1,0.5,0.9,95.8,0.0,0.0,264.2,0.0,21.700000000000003,26.5,26.5,28.1,300.0,300.0,29.4,32.4,27.9,27.200000000000003,29.1,4.95,1.99,4.96,0.16,0.0,0.0,1027.0,8228.0,0.0,0.0,0.0,0.0,0.0,1.0,0.0,0.0,0.0,0.0,0.0,0.1,0.0,0.8,0.0,0.0,16.0,25903.0
2026-07-30T18:57:34.193Z,23.676,23.688,0.0,7.4,0.0,0.0,0.0,0.0,0.0,0.0,0.0,0.0,1.0,0.0,0.0,0.0,9.0,4.0,0.0,0.0,0.0,0.0,0.0,0.0,0.0,0.0,2.0,12.0,1.0,12.17,5.0200000000000005,2.5,1.49,0.0,0.0,0.0,301.1,0.0,-0.4,0.0,-0.7000000000000001,95.8,0.0,0.0,264.2,0.0,21.700000000000003,26.5,26.5,28.1,300.0,300.0,29.4,32.4,27.9,27.200000000000003,29.1,4.95,1.99,4.97,0.16,0.0,0.0,1027.0,8228.0,0.0,0.0,0.0,0.0,0.0,1.0,0.0,0.0,0.0,0.0,0.0,-0.9,0.0,-0.6000000000000001,0.0,0.0,16.0,25903.0
2026-07-30T18:57:34.204Z,23.687,23.7,0.0,7.4,0.0,0.0,0.0,0.0,0.0,0.0,0.0,0.0,1.0,0.0,0.0,0.0,9.0,4.0,0.0,0.0,0.0,0.0,0.0,0.0,0.0,0.0,4.0,12.0,1.0,12.17,5.0200000000000005,2.5,1.49,0.0,0.0,0.0,301.1,0.0,0.2,0.0,0.3,95.8,0.0,0.0,264.2,0.0,21.700000000000003,26.5,26.5,28.1,300.0,300.0,29.4,32.4,27.9,27.200000000000003,29.1,4.95,1.99,4.97,0.16,0.0,0.0,1027.0,8228.0,0.0,0.0,0.0,0.0,0.0,1.0,0.0,0.0,0.0,0.0,0.0,-0.2,0.0,-0.9,0.0,0.0,16.0,25903.0
2026-07-30T18:57:34.216Z,23.699,23.712,0.0,7.4,0.0,0.0,0.0,0.0,0.0,0.0,0.0,0.0,1.0,0.0,0.0,0.0,9.0,4.0,0.0,0.0,0.0,0.0,0.0,0.0,0.0,0.0,5.0,12.0,1.0,12.17,5.0200000000000005,2.5,1.49,0.0,0.0,0.0,301.1,0.0,0.2,0.0,-0.1,95.8,0.0,0.0,264.2,0.0,21.700000000000003,26.5,26.5,28.1,300.0,300.0,29.4,32.4,27.9,27.200000000000003,29.1,4.95,1.99,4.96,0.16,0.0,0.0,1027.0,8228.0,0.0,0.0,0.0,0.0,0.0,1.0,0.0,0.0,0.0,0.0,0.0,0.1,0.0,0.1,0.0,0.0,16.0,25903.0
2026-07-30T18:57:34.228Z,23.711,23.724,0.0,7.4,0.0,0.0,0.0,0.0,0.0,0.0,0.0,0.0,1.0,0.0,0.0,0.0,9.0,4.0,0.0,0.0,0.0,0.0,0.0,0.0,0.0,0.0,6.0,12.0,1.0,12.17,5.0200000000000005,2.5,1.49,0.0,0.0,0.0,301.1,0.0,-0.3,-1.2000000000000002,-0.7000000000000001,95.8,0.0,0.0,264.2,0.0,21.700000000000003,26.5,26.5,28.1,300.0,300.0,29.4,32.4,27.9,27.200000000000003,29.1,4.95,1.99,4.97,0.16,0.0,0.0,1027.0,8228.0,0.0,0.0,0.0,0.0,0.0,1.0,0.0,0.0,0.0,0.0,0.0,0.5,0.0,1.9,0.0,0.0,16.0,25903.0
2026-07-30T18:57:34.240Z,23.723,23.736,0.0,7.4,0.0,0.0,0.0,0.0,0.0,0.0,0.0,0.0,1.0,0.0,0.0,0.0,9.0,4.0,0.0,0.0,0.0,0.0,0.0,0.0,0.0,0.0,1.0,12.0,1.0,12.17,5.0200000000000005,2.5,1.49,0.0,0.0,0.0,301.1,0.0,0.2,0.5,0.9,95.8,0.0,0.0,264.2,0.0,21.700000000000003,26.5,26.5,28.1,300.0,300.0,29.4,32.4,27.9,27.200000000000003,29.1,4.95,1.99,4.97,0.17,0.0,0.0,1027.0,8228.0,0.0,0.0,0.0,0.0,0.0,1.0,0.0,0.0,0.0,0.0,0.0,-0.8,0.0,-1.2000000000000002,0.0,0.0,16.0,25903.0
2026-07-30T18:57:34.253Z,23.736,23.748,0.0,7.4,0.0,0.0,0.0,0.0,0.0,0.0,0.0,0.0,1.0,0.0,0.0,0.0,9.0,4.0,0.0,0.0,0.0,0.0,0.0,0.0,0.0,0.0,3.0,12.0,1.0,12.17,5.0200000000000005,2.5,1.49,0.0,0.0,0.0,301.1,0.0,-0.9,0.5,-0.7000000000000001,95.8,0.0,0.0,264.2,0.0,21.700000000000003,26.5,26.5,28.1,300.0,300.0,29.4,32.4,27.9,27.200000000000003,29.1,4.95,1.99,4.97,0.16,0.0,0.0,1027.0,8228.0,0.0,0.0,0.0,0.0,0.0,1.0,0.0,0.0,0.0,0.0,0.0,0.7000000000000001,0.0,0.0,0.0,0.0,16.0,25903.0
2026-07-30T18:57:34.265Z,23.748,23.76,0.0,7.4,0.0,0.0,0.0,0.0,0.0,0.0,0.0,0.0,1.0,0.0,0.0,0.0,9.0,4.0,0.0,0.0,0.0,0.0,0.0,0.0,0.0,0.0,4.0,12.0,1.0,12.17,5.0200000000000005,2.5,1.49,0.0,0.0,0.0,301.1,0.0,0.8,-0.6000000000000001,0.3,95.8,0.0,0.0,264.2,0.0,21.700000000000003,26.5,26.5,28.1,300.0,300.0,29.4,32.4,27.9,27.200000000000003,29.1,4.95,1.99,4.96,0.16,0.0,0.0,1027.0,8228.0,0.0,0.0,0.0,0.0,0.0,1.0,0.0,0.0,0.0,0.0,0.0,0.1,0.0,0.9,0.0,0.0,16.0,25903.0
2026-07-30T18:57:34.276Z,23.759,23.772,0.0,7.4,0.0,0.0,0.0,0.0,0.0,0.0,0.0,0.0,1.0,0.0,0.0,0.0,9.0,4.0,0.0,0.0,0.0,0.0,0.0,0.0,0.0,0.0,5.0,12.0,1.0,12.17,5.0200000000000005,2.51,1.49,0.0,0.0,0.0,301.1,0.0,-0.2,0.0,-1.3,95.8,0.0,0.0,264.2,0.0,20.5,26.5,26.5,28.1,300.0,300.0,29.3,32.300000000000004,27.9,27.200000000000003,29.0,4.95,1.98,4.96,0.16,0.0,0.0,1027.0,8228.0,0.0,0.0,0.0,0.0,0.0,1.0,0.0,0.0,0.0,0.0,0.0,0.1,0.0,0.8,0.0,0.0,16.0,25903.0
2026-07-30T18:57:34.288Z,23.771,23.784,0.0,7.4,0.0,0.0,0.0,0.0,0.0,0.0,0.0,0.0,1.0,0.0,0.0,0.0,9.0,4.0,0.0,0.0,0.0,0.0,0.0,0.0,0.0,0.0,6.0,12.0,1.0,12.17,5.0200000000000005,2.51,1.49,0.0,0.1,0.0,301.0,0.0,-0.8,-0.6000000000000001,-0.7000000000000001,95.8,0.0,0.0,264.2,0.0,20.5,26.5,26.5,28.1,300.0,300.0,29.3,32.300000000000004,27.9,27.200000000000003,29.0,4.95,1.99,4.96,0.16,0.0,0.0,1027.0,8228.0,0.0,0.0,0.0,0.0,0.0,1.0,0.0,0.0,0.0,0.0,0.0,0.6000000000000001,0.0,1.2000000000000002,0.0,0.0,16.0,25903.0
2026-07-30T18:57:34.301Z,23.784,23.796,0.0,7.4,0.0,0.0,0.0,0.0,0.0,0.0,0.0,0.0,1.0,0.0,0.0,0.0,9.0,4.0,0.0,0.0,0.0,0.0,0.0,0.0,0.0,0.0,2.0,12.0,1.0,12.17,5.0200000000000005,2.51,1.49,0.0,0.0,0.0,301.1,0.0,0.2,0.5,-0.1,95.8,0.0,0.0,264.2,0.0,20.5,26.5,26.5,28.1,300.0,300.0,29.3,32.300000000000004,27.9,27.200000000000003,29.0,4.95,1.99,4.96,0.16,0.0,0.0,1027.0,8228.0,0.0,0.0,0.0,0.0,0.0,1.0,0.0,0.0,0.0,0.0,0.0,0.2,0.0,-0.5,0.0,0.0,16.0,25903.0
2026-07-30T18:57:34.312Z,23.795,23.808,0.1,7.4,0.0,0.0,0.0,0.0,0.0,0.0,0.0,0.0,1.0,0.0,0.0,0.0,9.0,4.0,0.0,0.0,0.0,0.0,0.0,0.0,0.0,0.0,3.0,12.0,1.0,12.17,5.0200000000000005,2.51,1.49,0.0,0.0,0.0,301.1,0.0,-0.3,0.6000000000000001,-0.7000000000000001,95.8,0.0,0.0,264.3,0.0,20.5,26.5,26.5,28.1,300.0,300.0,29.3,32.300000000000004,27.9,27.200000000000003,29.0,4.95,1.99,4.97,0.16,0.0,0.0,1027.0,8228.0,0.0,0.0,0.0,0.0,0.0,1.0,0.0,0.0,0.0,0.0,0.0,-0.3,0.0,-0.3,0.0,0.0,16.0,25903.0
2026-07-30T18:57:34.325Z,23.808,23.82,0.0,7.4,0.0,0.0,0.0,0.0,0.0,0.0,0.0,0.0,1.0,0.0,0.0,0.0,9.0,4.0,0.0,0.0,0.0,0.0,0.0,0.0,0.0,0.0,4.0,12.0,1.0,12.17,5.0200000000000005,2.51,1.49,0.0,0.0,0.0,301.1,0.0,0.2,0.5,0.4,95.8,0.0,0.0,264.2,0.0,20.5,26.5,26.5,28.1,300.0,300.0,29.3,32.300000000000004,27.9,27.200000000000003,29.0,4.96,2.0,4.97,0.16,0.0,0.0,1027.0,8228.0,0.0,0.0,0.0,0.0,0.0,1.0,0.0,0.0,0.0,0.0,0.0,0.6000000000000001,0.0,1.2000000000000002,0.0,0.0,16.0,25903.0
2026-07-30T18:57:34.337Z,23.82,23.832,0.0,7.4,0.0,0.0,0.0,0.0,0.0,0.0,0.0,0.0,1.0,0.0,0.0,0.0,9.0,4.0,0.0,0.0,0.0,0.0,0.0,0.0,0.0,0.0,5.0,12.0,1.0,12.17,5.0200000000000005,2.51,1.49,0.0,0.1,0.0,301.1,0.0,-0.2,1.1,-0.2,95.8,0.0,0.0,264.2,0.0,20.5,26.5,26.5,28.1,300.0,300.0,29.3,32.300000000000004,27.9,27.200000000000003,29.0,4.96,2.0,4.97,0.16,0.0,0.0,1027.0,8228.0,0.0,0.0,0.0,0.0,0.0,1.0,0.0,0.0,0.0,0.0,0.0,0.2,0.0,-0.5,0.0,0.0,16.0,25903.0
2026-07-30T18:57:34.348Z,23.831,23.844,0.0,7.4,0.0,0.0,0.0,0.0,0.0,0.0,0.0,0.0,1.0,0.0,0.0,0.0,9.0,4.0,0.0,0.0,0.0,0.0,0.0,0.0,0.0,0.0,6.0,12.0,1.0,12.17,5.0200000000000005,2.51,1.49,0.0,0.0,0.0,301.1,0.0,0.2,0.5,-0.2,95.8,0.0,0.0,264.2,0.0,20.5,26.5,26.5,28.1,300.0,300.0,29.3,32.300000000000004,27.9,27.200000000000003,29.0,4.95,1.99,4.97,0.16,0.0,0.0,1027.0,8228.0,0.0,0.0,0.0,0.0,0.0,1.0,0.0,0.0,0.0,0.0,0.0,-0.2,0.0,-0.8,0.0,0.0,16.0,25903.0
2026-07-30T18:57:34.361Z,23.844,23.856,0.0,7.4,0.0,0.0,0.0,0.0,0.0,0.0,0.0,0.0,1.0,0.0,0.0,0.0,9.0,4.0,0.0,0.0,0.0,0.0,0.0,0.0,0.0,0.0,2.0,12.0,1.0,12.17,5.0200000000000005,2.51,1.49,0.0,0.0,0.0,301.0,0.0,0.2,-0.5,-0.2,95.8,0.0,0.0,264.40000000000003,0.0,20.5,26.5,26.5,28.1,300.0,300.0,29.3,32.300000000000004,27.9,27.200000000000003,29.0,4.95,1.99,4.97,0.16,0.0,0.0,1027.0,8228.0,0.0,0.0,0.0,0.0,0.0,1.0,0.0,0.0,0.0,0.0,0.0,-0.3,0.0,0.4,0.0,0.0,16.0,25903.0
2026-07-30T18:57:34.374Z,23.857,23.868,0.0,7.4,0.0,0.0,0.0,0.0,0.0,0.0,0.0,0.0,1.0,0.0,0.0,0.0,9.0,4.0,0.0,0.0,0.0,0.0,0.0,0.0,0.0,0.0,3.0,12.0,1.0,12.18,5.0200000000000005,2.51,1.49,0.0,0.0,0.0,301.1,0.0,-0.3,-1.1,0.3,95.8,0.0,0.0,264.2,0.0,21.9,26.5,26.5,28.1,300.0,300.0,29.4,32.300000000000004,27.9,27.200000000000003,29.1,4.95,2.0,4.96,0.16,0.0,0.0,1027.0,8228.0,0.0,0.0,0.0,0.0,0.0,1.0,0.0,0.0,0.0,0.0,0.0,-0.3,0.0,-0.2,0.0,0.0,16.0,25903.0
2026-07-30T18:57:34.386Z,23.869,23.88,0.0,7.4,0.0,0.0,0.0,0.0,0.0,0.0,0.0,0.0,1.0,0.0,0.0,0.0,9.0,4.0,0.0,0.0,0.0,0.0,0.0,0.0,0.0,0.0,4.0,12.0,1.0,12.18,5.0200000000000005,2.51,1.49,0.0,0.1,0.0,301.1,0.0,-0.3,1.2000000000000002,-0.1,95.8,0.0,0.0,264.2,0.0,21.9,26.5,26.5,28.1,300.0,300.0,29.4,32.300000000000004,27.9,27.200000000000003,29.1,4.95,1.99,4.97,0.16,0.0,0.0,1027.0,8228.0,0.0,0.0,0.0,0.0,0.0,1.0,0.0,0.0,0.0,0.0,0.0,0.3,0.0,-1.2000000000000002,0.0,0.0,16.0,25903.0
2026-07-30T18:57:34.396Z,23.879,23.892,0.0,7.4,0.0,0.0,0.0,0.0,0.0,0.0,0.0,0.0,1.0,0.0,0.0,0.0,9.0,4.0,0.0,0.0,0.0,0.0,0.0,0.0,0.0,0.0,4.0,12.0,1.0,12.18,5.0200000000000005,2.51,1.49,0.0,0.0,0.0,301.1,0.0,-0.3,-0.5,0.3,95.8,0.0,0.0,264.2,0.0,21.9,26.5,26.5,28.1,300.0,300.0,29.4,32.300000000000004,27.9,27.200000000000003,29.1,4.95,1.99,4.97,0.16,0.0,0.0,1027.0,8228.0,0.0,0.0,0.0,0.0,0.0,1.0,0.0,0.0,0.0,0.0,0.0,-0.4,0.0,0.4,0.0,0.0,16.0,25903.0
2026-07-30T18:57:34.408Z,23.891,23.904,0.0,7.4,0.0,0.0,0.0,0.0,0.0,0.0,0.0,0.0,1.0,0.0,0.0,0.0,9.0,4.0,0.0,0.0,0.0,0.0,0.0,0.0,0.0,0.0,6.0,12.0,1.0,12.18,5.0200000000000005,2.51,1.49,0.0,0.0,0.0,301.1,0.0,-0.3,-1.1,-1.3,95.8,0.0,0.0,264.40000000000003,0.0,21.9,26.5,26.5,28.1,300.0,300.0,29.4,32.300000000000004,27.9,27.200000000000003,29.1,4.96,1.99,4.96,0.16,0.0,0.0,1027.0,8228.0,0.0,0.0,0.0,0.0,0.0,1.0,0.0,0.0,0.0,0.0,0.0,1.1,0.0,2.2,0.0,0.0,16.0,25903.0
2026-07-30T18:57:34.421Z,23.904,23.916,0.0,7.4,0.0,0.0,0.0,0.0,0.0,0.0,0.0,0.0,1.0,0.0,0.0,0.0,9.0,4.0,0.0,0.0,0.0,0.0,0.0,0.0,0.0,0.0,2.0,12.0,1.0,12.18,5.0200000000000005,2.51,1.49,0.0,0.0,0.0,301.1,0.0,0.2,-1.1,-1.3,95.8,0.0,0.0,264.2,0.0,21.9,26.5,26.5,28.1,300.0,300.0,29.4,32.300000000000004,27.9,27.200000000000003,29.1,4.95,1.99,4.97,0.16,0.0,0.0,1027.0,8228.0,0.0,0.0,0.0,0.0,0.0,1.0,0.0,0.0,0.0,0.0,0.0,1.0,0.0,2.1,0.0,0.0,16.0,25903.0
2026-07-30T18:57:34.433Z,23.916,23.928,0.0,7.4,0.0,0.0,0.0,0.0,0.0,0.0,0.0,0.0,1.0,0.0,0.0,0.0,9.0,4.0,0.0,0.0,0.0,0.0,0.0,0.0,0.0,0.0,3.0,12.0,1.0,12.18,5.0200000000000005,2.51,1.49,0.0,0.0,0.0,301.1,0.0,0.2,0.0,1.0,95.8,0.0,0.0,264.2,0.0,21.9,26.5,26.5,28.1,300.0,300.0,29.4,32.300000000000004,27.9,27.200000000000003,29.1,4.95,1.99,4.97,0.16,0.0,0.0,1027.0,8228.0,0.0,0.0,0.0,0.0,0.0,1.0,0.0,0.0,0.0,0.0,0.0,-0.9,0.0,-0.7000000000000001,0.0,0.0,16.0,25903.0
2026-07-30T18:57:34.445Z,23.928,23.94,0.0,7.4,0.0,0.0,0.0,0.0,0.0,0.0,0.0,0.0,1.0,0.0,0.0,0.0,9.0,4.0,0.0,0.0,0.0,0.0,0.0,0.0,0.0,0.0,4.0,12.0,1.0,12.18,5.0200000000000005,2.51,1.49,0.0,0.0,0.0,301.1,0.0,0.2,0.0,0.0,95.8,0.0,0.0,264.2,0.0,21.9,26.5,26.5,28.1,300.0,300.0,29.4,32.300000000000004,27.9,27.200000000000003,29.1,4.96,1.99,4.97,0.16,0.0,0.0,1027.0,8228.0,0.0,0.0,0.0,0.0,0.0,1.0,0.0,0.0,0.0,0.0,0.0,0.0,0.0,0.0,0.0,0.0,16.0,25903.0
2026-07-30T18:57:34.457Z,23.94,23.952,0.0,7.4,0.0,0.0,0.0,0.0,0.0,0.0,0.0,0.0,1.0,0.0,0.0,0.0,9.0,4.0,0.0,0.0,0.0,0.0,0.0,0.0,0.0,0.0,5.0,12.0,1.0,12.18,5.0200000000000005,2.51,1.49,0.0,0.0,0.0,301.2,0.0,0.2,-1.1,0.5,95.8,0.0,0.0,264.3,0.0,21.9,26.5,26.5,28.1,300.0,300.0,29.4,32.300000000000004,27.9,27.200000000000003,29.1,4.96,1.99,4.96,0.16,0.0,0.0,1027.0,8228.0,0.0,0.0,0.0,0.0,0.0,1.0,0.0,0.0,0.0,0.0,0.0,-0.6000000000000001,0.0,0.9,0.0,0.0,16.0,25903.0
2026-07-30T18:57:34.469Z,23.952,23.964,0.0,7.4,0.0,0.0,0.0,0.0,0.0,0.0,0.0,0.0,1.0,0.0,0.0,0.0,9.0,4.0,0.0,0.0,0.0,0.0,0.0,0.0,0.0,0.0,6.0,12.0,1.0,12.18,5.0200000000000005,2.51,1.49,0.0,0.0,0.0,301.1,0.0,0.2,-0.5,-1.2000000000000002,95.8,0.0,0.0,264.2,0.0,21.9,26.5,26.5,28.1,300.0,300.0,29.4,32.300000000000004,27.9,27.200000000000003,29.1,4.95,1.99,4.97,0.16,0.0,0.0,1027.0,8228.0,0.0,0.0,0.0,0.0,0.0,1.0,0.0,0.0,0.0,0.0,0.0,1.0,0.0,1.4,0.0,0.0,16.0,25903.0
2026-07-30T18:57:34.481Z,23.964,23.976,0.0,7.4,0.0,0.0,0.0,0.0,0.0,0.0,0.0,0.0,1.0,0.0,0.0,0.0,9.0,4.0,0.0,0.0,0.0,0.0,0.0,0.0,0.0,0.0,1.0,12.0,1.0,12.18,5.0200000000000005,2.5,1.49,0.0,0.0,0.0,301.1,0.0,-0.2,-0.5,-0.6000000000000001,95.8,0.0,0.0,264.2,0.0,21.3,26.5,26.5,28.1,300.0,300.0,29.5,32.4,27.9,27.200000000000003,29.1,4.95,1.99,4.96,0.16,0.0,0.0,1027.0,8228.0,0.0,0.0,0.0,0.0,0.0,1.0,0.0,0.0,0.0,0.0,0.0,0.5,0.0,1.0,0.0,0.0,16.0,25903.0
2026-07-30T18:57:34.493Z,23.976,23.988,0.0,7.4,0.0,0.0,0.0,0.0,0.0,0.0,0.0,0.0,1.0,0.0,0.0,0.0,9.0,4.0,0.0,0.0,0.0,0.0,0.0,0.0,0.0,0.0,2.0,12.0,1.0,12.18,5.0200000000000005,2.5,1.49,0.0,0.0,0.0,301.1,0.0,-0.2,1.1,0.0,95.8,0.0,0.0,264.2,0.0,21.3,26.5,26.5,28.1,300.0,300.0,29.5,32.4,27.9,27.200000000000003,29.1,4.96,2.0,4.96,0.16,0.0,0.0,1027.0,8228.0,0.0,0.0,0.0,0.0,0.0,1.0,0.0,0.0,0.0,0.0,0.0,0.2,0.0,-1.2000000000000002,0.0,0.0,16.0,25903.0
2026-07-30T18:57:34.505Z,23.988,24.0,0.0,7.4,0.0,0.0,0.0,0.0,0.0,0.0,0.0,0.0,1.0,0.0,0.0,0.0,9.0,4.0,0.0,0.0,0.0,0.0,0.0,0.0,0.0,0.0,3.0,12.0,1.0,12.18,5.0200000000000005,2.5,1.49,0.0,0.0,0.0,301.1,0.0,0.2,-0.6000000000000001,-0.1,95.8,0.0,0.0,264.2,0.0,21.3,26.5,26.5,28.1,300.0,300.0,29.5,32.4,27.9,27.200000000000003,29.1,4.95,2.0,4.97,0.16,0.0,0.0,1027.0,8228.0,0.0,0.0,0.0,0.0,0.0,1.0,0.0,0.0,0.0,0.0,0.0,0.0,0.0,0.7000000000000001,0.0,0.0,16.0,25903.0
2026-07-30T18:57:34.517Z,24.0,24.012,0.0,7.4,0.0,0.0,0.0,0.0,0.0,0.0,0.0,0.0,1.0,0.0,0.0,0.0,9.0,4.0,0.0,0.0,0.0,0.0,0.0,0.0,0.0,0.0,4.0,12.0,1.0,12.18,5.0200000000000005,2.5,1.49,0.0,0.0,0.0,301.1,0.0,-0.8,-0.5,-1.2000000000000002,95.8,0.0,0.0,264.2,0.0,21.3,26.5,26.5,28.1,300.0,300.0,29.5,32.4,27.9,27.200000000000003,29.1,4.95,1.99,4.97,0.16,0.0,0.0,1027.0,8228.0,0.0,0.0,0.0,0.0,0.0,1.0,0.0,0.0,0.0,0.0,0.0,1.1,0.0,1.5,0.0,0.0,16.0,25903.0
2026-07-30T18:57:34.529Z,24.012,24.024,0.0,7.4,0.0,0.0,0.0,0.0,0.0,0.0,0.0,0.0,1.0,0.0,0.0,0.0,9.0,4.0,0.0,0.0,0.0,0.0,0.0,0.0,0.0,0.0,4.0,12.0,1.0,12.18,5.0200000000000005,2.5,1.49,0.0,0.0,0.0,301.2,0.0,0.3,1.1,-1.2000000000000002,95.8,0.0,0.0,264.2,0.0,21.3,26.5,26.5,28.1,300.0,300.0,29.5,32.4,27.9,27.200000000000003,29.1,4.95,1.99,4.96,0.16,0.0,0.0,1027.0,8228.0,0.0,0.0,0.0,0.0,0.0,1.0,0.0,0.0,0.0,0.0,0.0,1.2000000000000002,0.0,-0.5,0.0,0.0,16.0,25903.0
2026-07-30T18:57:34.541Z,24.024,24.036,0.0,7.4,0.0,0.0,0.0,0.0,0.0,0.0,0.0,0.0,1.0,0.0,0.0,0.0,9.0,4.0,0.0,0.0,0.0,0.0,0.0,0.0,0.0,0.0,6.0,12.0,1.0,12.18,5.0200000000000005,2.5,1.49,0.0,0.0,0.0,301.1,0.0,-0.2,-0.5,0.0,95.8,0.0,0.0,264.2,0.0,21.3,26.5,26.5,28.1,300.0,300.0,29.5,32.4,27.9,27.200000000000003,29.1,4.96,1.99,4.96,0.16,0.0,0.0,1027.0,8228.0,0.0,0.0,0.0,0.0,0.0,1.0,0.0,0.0,0.0,0.0,0.0,0.0,0.0,0.6000000000000001,0.0,0.0,16.0,25903.0
2026-07-30T18:57:34.553Z,24.036,24.048,0.0,7.4,0.0,0.0,0.0,0.0,0.0,0.0,0.0,0.0,1.0,0.0,0.0,0.0,9.0,4.0,0.0,0.0,0.0,0.0,0.0,0.0,0.0,0.0,2.0,12.0,1.0,12.18,5.0200000000000005,2.5,1.49,0.0,0.0,0.0,301.1,0.0,0.2,0.0,0.0,95.8,0.0,0.0,264.3,0.0,21.3,26.5,26.5,28.1,300.0,300.0,29.5,32.4,27.9,27.200000000000003,29.1,4.95,1.99,4.97,0.16,0.0,0.0,1027.0,8228.0,0.0,0.0,0.0,0.0,0.0,1.0,0.0,0.0,0.0,0.0,0.0,0.0,0.0,0.0,0.0,0.0,16.0,25903.0
2026-07-30T18:57:34.565Z,24.048,24.06,0.0,7.4,0.0,0.0,0.0,0.0,0.0,0.0,0.0,0.0,1.0,0.0,0.0,0.0,9.0,4.0,0.0,0.0,0.0,0.0,0.0,0.0,0.0,0.0,3.0,12.0,1.0,12.18,5.0200000000000005,2.5,1.49,0.0,0.0,0.0,301.1,0.0,0.2,-1.1,-0.6000000000000001,95.8,0.0,0.0,264.2,0.0,21.3,26.5,26.5,28.1,300.0,300.0,29.5,32.4,27.9,27.200000000000003,29.1,4.95,1.99,4.96,0.16,0.0,0.0,1027.0,8228.0,0.0,0.0,0.0,0.0,0.0,1.0,0.0,0.0,0.0,0.0,0.0,0.5,0.0,1.8,0.0,0.0,16.0,25903.0
2026-07-30T18:57:34.578Z,24.061,24.072,0.0,7.4,0.0,0.0,0.0,0.0,0.0,0.0,0.0,0.0,1.0,0.0,0.0,0.0,9.0,4.0,0.0,0.0,0.0,0.0,0.0,0.0,0.0,0.0,3.0,12.0,1.0,12.15,5.01,2.5,1.49,0.0,0.0,0.0,301.1,0.0,-0.8,-1.2000000000000002,-0.1,95.8,0.0,0.0,264.2,0.0,21.8,26.5,26.5,28.1,300.0,300.0,29.5,32.4,27.9,27.200000000000003,29.1,4.95,2.0,4.97,0.16,0.0,0.0,1027.0,8228.0,0.0,0.0,0.0,0.0,0.0,1.0,0.0,0.0,0.0,0.0,0.0,0.0,0.0,1.4,0.0,0.0,16.0,25903.0
2026-07-30T18:57:34.589Z,24.072,24.084,0.0,7.4,0.0,0.0,0.0,0.0,0.0,0.0,0.0,0.0,1.0,0.0,0.0,0.0,9.0,4.0,0.0,0.0,0.0,0.0,0.0,0.0,0.0,0.0,5.0,12.0,1.0,12.15,5.01,2.5,1.49,0.0,0.0,0.0,301.1,0.0,1.4,0.5,-0.1,95.8,0.0,0.0,264.2,0.0,21.8,26.5,26.5,28.1,300.0,300.0,29.5,32.4,27.9,27.200000000000003,29.1,4.95,1.99,4.97,0.16,0.0,0.0,1027.0,8228.0,0.0,0.0,0.0,0.0,0.0,1.0,0.0,0.0,0.0,0.0,0.0,0.1,0.0,-0.5,0.0,0.0,16.0,25903.0
2026-07-30T18:57:34.601Z,24.084,24.096,0.0,7.4,0.0,0.0,0.0,0.0,0.0,0.0,0.0,0.0,1.0,0.0,0.0,0.0,9.0,4.0,0.0,0.0,0.0,0.0,0.0,0.0,0.0,0.0,6.0,12.0,1.0,12.15,5.01,2.5,1.49,0.0,0.0,0.0,301.1,0.0,0.8,0.0,0.4,95.8,0.0,0.0,264.2,0.0,21.8,26.5,26.5,28.1,300.0,300.0,29.5,32.4,27.9,27.200000000000003,29.1,4.96,1.99,4.97,0.16,0.0,0.0,1027.0,8228.0,0.0,0.0,0.0,0.0,0.0,1.0,0.0,0.0,0.0,0.0,0.0,-0.3,0.0,-0.2,0.0,0.0,16.0,25903.0
2026-07-30T18:57:34.613Z,24.096,24.108,0.0,7.4,0.0,0.0,0.0,0.0,0.0,0.0,0.0,0.0,1.0,0.0,0.0,0.0,9.0,4.0,0.0,0.0,0.0,0.0,0.0,0.0,0.0,0.0,1.0,12.0,1.0,12.15,5.01,2.5,1.49,0.0,0.0,0.0,301.1,0.0,-0.3,-1.2000000000000002,-0.1,95.8,0.0,0.0,264.2,0.0,21.8,26.5,26.5,28.1,300.0,300.0,29.5,32.4,27.9,27.200000000000003,29.1,4.95,1.99,4.96,0.16,0.0,0.0,1027.0,8228.0,0.0,0.0,0.0,0.0,0.0,1.0,0.0,0.0,0.0,0.0,0.0,0.0,0.0,1.5,0.0,0.0,16.0,25903.0
2026-07-30T18:57:34.626Z,24.109,24.12,0.0,7.4,0.0,0.0,0.0,0.0,0.0,0.0,0.0,0.0,1.0,0.0,0.0,0.0,9.0,4.0,0.0,0.0,0.0,0.0,0.0,0.0,0.0,0.0,2.0,12.0,1.0,12.15,5.01,2.5,1.49,0.0,0.0,0.0,301.1,0.0,0.8,0.4,0.9,95.8,0.0,0.0,264.2,0.0,21.8,26.5,26.5,28.1,300.0,300.0,29.5,32.4,27.9,27.200000000000003,29.1,4.95,1.99,4.97,0.16,0.0,0.0,1027.0,8228.0,0.0,0.0,0.0,0.0,0.0,1.0,0.0,0.0,0.0,0.0,0.0,-0.8,0.0,-1.1,0.0,0.0,16.0,25903.0
2026-07-30T18:57:34.637Z,24.12,24.132,0.0,7.4,0.0,0.0,0.0,0.0,0.0,0.0,0.0,0.0,1.0,0.0,0.0,0.0,9.0,4.0,0.0,0.0,0.0,0.0,0.0,0.0,0.0,0.0,1.0,12.0,1.0,12.15,5.01,2.5,1.49,0.0,0.0,0.0,301.1,0.0,0.2,1.0,-1.3,95.8,0.0,0.0,264.2,0.0,21.8,26.5,26.5,28.1,300.0,300.0,29.5,32.4,27.9,27.200000000000003,29.1,4.95,1.99,4.97,0.16,0.0,0.0,1027.0,8228.0,0.0,0.0,0.0,0.0,0.0,1.0,0.0,0.0,0.0,0.0,0.0,1.3,0.0,-0.2,0.0,0.0,16.0,25903.0
2026-07-30T18:57:34.649Z,24.132,24.144,0.0,7.4,0.0,0.0,0.0,0.0,0.0,0.0,0.0,0.0,1.0,0.0,0.0,0.0,9.0,4.0,0.0,0.0,0.0,0.0,0.0,0.0,0.0,0.0,3.0,12.0,1.0,12.15,5.01,2.5,1.49,0.0,0.0,0.0,301.1,0.0,0.2,-0.7000000000000001,-1.3,95.8,0.0,0.0,264.2,0.0,21.8,26.5,26.5,28.1,300.0,300.0,29.5,32.4,27.9,27.200000000000003,29.1,4.96,1.99,4.97,0.16,0.0,0.0,1027.0,8228.0,0.0,0.0,0.0,0.0,0.0,1.0,0.0,0.0,0.0,0.0,0.0,1.1,0.0,1.7000000000000002,0.0,0.0,16.0,25903.0
2026-07-30T18:57:34.661Z,24.144,24.156,0.0,7.4,0.0,0.0,0.0,0.0,0.0,0.0,0.0,0.0,1.0,0.0,0.0,0.0,9.0,4.0,0.0,0.0,0.0,0.0,0.0,0.0,0.0,0.0,4.0,12.0,1.0,12.15,5.01,2.5,1.49,0.0,0.0,0.0,301.1,0.0,0.3,0.0,0.4,95.8,0.0,0.0,264.3,0.0,21.8,26.5,26.5,28.1,300.0,300.0,29.5,32.4,27.9,27.200000000000003,29.1,4.96,1.99,4.96,0.16,0.0,0.0,1027.0,8228.0,0.0,0.0,0.0,0.0,0.0,1.0,0.0,0.0,0.0,0.0,0.0,1.1,0.0,2.3000000000000003,0.0,0.0,16.0,25903.0
2026-07-30T18:57:34.673Z,24.156,24.168,0.0,7.4,0.0,0.0,0.0,0.0,0.0,0.0,0.0,0.0,1.0,0.0,0.0,0.0,9.0,4.0,0.0,0.0,0.0,0.0,0.0,0.0,0.0,0.0,5.0,12.0,1.0,12.15,5.01,2.5,1.49,0.0,0.0,0.0,301.1,0.0,-0.8,0.0,0.4,95.8,0.0,0.0,264.2,0.0,21.8,26.5,26.5,28.1,300.0,300.0,29.5,32.4,27.9,27.200000000000003,29.1,4.96,1.99,4.97,0.16,0.0,0.0,1027.0,8228.0,0.0,0.0,0.0,0.0,0.0,1.0,0.0,0.0,0.0,0.0,0.0,0.6000000000000001,0.0,0.6000000000000001,0.0,0.0,16.0,25903.0
2026-07-30T18:57:34.685Z,24.168,24.18,0.0,7.4,0.0,0.0,0.0,0.0,0.0,0.0,0.0,0.0,1.0,0.0,0.0,0.0,9.0,4.0,0.0,0.0,0.0,0.0,0.0,0.0,0.0,0.0,6.0,12.0,1.0,12.17,5.0200000000000005,2.51,1.49,0.0,0.0,0.0,301.1,0.0,0.3,1.0,2.1,95.8,0.0,0.0,264.2,0.0,21.3,26.6,26.6,28.200000000000003,300.0,300.0,29.5,32.4,27.9,27.200000000000003,29.1,4.95,1.99,4.97,0.16,0.0,0.0,1027.0,8228.0,0.0,0.0,0.0,0.0,0.0,1.0,0.0,0.0,0.0,0.0,0.0,0.1,0.0,-0.4,0.0,0.0,16.0,25903.0
2026-07-30T18:57:34.697Z,24.18,24.192,0.0,7.4,0.0,0.0,0.0,0.0,0.0,0.0,0.0,0.0,1.0,0.0,0.0,0.0,9.0,4.0,0.0,0.0,0.0,0.0,0.0,0.0,0.0,0.0,1.0,12.0,1.0,12.17,5.0200000000000005,2.51,1.49,0.0,0.1,0.0,301.1,0.0,-0.2,-0.1,0.4,95.8,0.0,0.0,264.2,0.0,21.3,26.6,26.6,28.200000000000003,300.0,300.0,29.5,32.4,27.9,27.200000000000003,29.1,4.96,1.99,4.96,0.16,0.0,0.0,1027.0,8228.0,0.0,0.0,0.0,0.0,0.0,1.0,0.0,0.0,0.0,0.0,0.0,1.1,0.0,1.6,0.0,0.0,16.0,25903.0
2026-07-30T18:57:34.709Z,24.192,24.204,0.0,7.4,0.0,0.0,0.0,0.0,0.0,0.0,0.0,0.0,1.0,0.0,0.0,0.0,9.0,4.0,0.0,0.0,0.0,0.0,0.0,0.0,0.0,0.0,1.0,12.0,1.0,12.17,5.0200000000000005,2.51,1.49,-0.1,0.1,0.0,301.1,0.0,0.3,-1.8,-0.1,95.8,0.0,0.0,264.2,0.0,21.3,26.6,26.6,28.200000000000003,300.0,300.0,29.5,32.4,27.9,27.200000000000003,29.1,4.95,1.99,4.97,0.16,0.0,0.0,1027.0,8228.0,0.0,0.0,0.0,0.0,0.0,1.0,0.0,0.0,0.0,0.0,0.0,0.0,0.0,2.1,0.0,0.0,16.0,25903.0
2026-07-30T18:57:34.721Z,24.204,24.216,0.0,7.4,0.0,0.0,0.0,0.0,0.0,0.0,0.0,0.0,1.0,0.0,0.0,0.0,9.0,4.0,0.0,0.0,0.0,0.0,0.0,0.0,0.0,0.0,1.0,12.0,1.0,12.17,5.0200000000000005,2.51,1.49,0.0,0.0,0.0,301.1,0.0,-0.8,1.0,0.4,95.8,0.0,0.0,264.3,0.0,21.3,26.6,26.6,28.200000000000003,300.0,300.0,29.5,32.4,27.9,27.200000000000003,29.1,4.95,1.99,4.96,0.16,0.0,0.0,1027.0,8228.0,0.0,0.0,0.0,0.0,0.0,1.0,0.0,0.0,0.0,0.0,0.0,-0.2,0.0,-1.5,0.0,0.0,16.0,25903.0
2026-07-30T18:57:34.733Z,24.216,24.228,0.0,7.4,0.0,0.0,0.0,0.0,0.0,0.0,0.0,0.0,1.0,0.0,0.0,0.0,9.0,4.0,0.0,0.0,0.0,0.0,0.0,0.0,0.0,0.0,3.0,12.0,1.0,12.17,5.0200000000000005,2.51,1.49,0.0,0.0,0.0,301.1,0.0,-0.2,0.0,-0.2,95.8,0.0,0.0,264.2,0.0,21.3,26.6,26.6,28.200000000000003,300.0,300.0,29.5,32.4,27.9,27.200000000000003,29.1,4.96,1.99,4.96,0.16,0.0,0.0,1027.0,8228.0,0.0,0.0,0.0,0.0,0.0,1.0,0.0,0.0,0.0,0.0,0.0,0.1,0.0,0.2,0.0,0.0,16.0,25903.0
2026-07-30T18:57:34.745Z,24.228,24.24,0.0,7.4,0.0,0.0,0.0,0.0,0.0,0.0,0.0,0.0,1.0,0.0,0.0,0.0,9.0,4.0,0.0,0.0,0.0,0.0,0.0,0.0,0.0,0.0,4.0,12.0,1.0,12.17,5.0200000000000005,2.51,1.49,0.0,0.0,0.0,301.1,0.0,-0.2,0.0,0.9,95.8,0.0,0.0,264.2,0.0,21.3,26.6,26.6,28.200000000000003,300.0,300.0,29.5,32.4,27.9,27.200000000000003,29.1,4.96,1.99,4.96,0.16,0.0,0.0,1027.0,8228.0,0.0,0.0,0.0,0.0,0.0,1.0,0.0,0.0,0.0,0.0,0.0,-0.9,0.0,-0.5,0.0,0.0,16.0,25903.0
2026-07-30T18:57:34.757Z,24.24,24.252,0.0,7.4,0.0,0.0,0.0,0.0,0.0,0.0,0.0,0.0,1.0,0.0,0.0,0.0,9.0,4.0,0.0,0.0,0.0,0.0,0.0,0.0,0.0,0.0,5.0,12.0,1.0,12.17,5.0200000000000005,2.51,1.49,0.0,0.0,0.0,301.1,0.0,0.3,0.0,-0.7000000000000001,95.8,0.0,0.0,264.3,0.0,21.3,26.6,26.6,28.200000000000003,300.0,300.0,29.5,32.4,27.9,27.200000000000003,29.1,4.95,1.99,4.97,0.16,0.0,0.0,1027.0,8228.0,0.0,0.0,0.0,0.0,0.0,1.0,0.0,0.0,0.0,0.0,0.0,0.7000000000000001,0.0,0.5,0.0,0.0,16.0,25903.0
2026-07-30T18:57:34.769Z,24.252,24.264,0.0,7.4,0.0,0.0,0.0,0.0,0.0,0.0,0.0,0.0,1.0,0.0,0.0,0.0,9.0,4.0,0.0,0.0,0.0,0.0,0.0,0.0,0.0,0.0,1.0,12.0,1.0,12.17,5.0200000000000005,2.51,1.49,0.0,0.0,0.0,301.1,0.0,-0.8,0.5,0.9,95.8,0.0,0.0,264.2,0.0,21.3,26.6,26.6,28.200000000000003,300.0,300.0,29.5,32.4,27.9,27.200000000000003,29.1,4.95,1.99,4.96,0.16,0.0,0.0,1027.0,8228.0,0.0,0.0,0.0,0.0,0.0,1.0,0.0,0.0,0.0,0.0,0.0,-0.7000000000000001,0.0,-1.2000000000000002,0.0,0.0,16.0,25903.0
2026-07-30T18:57:34.781Z,24.264,24.276,0.0,7.4,0.0,0.0,0.0,0.0,0.0,0.0,0.0,0.0,1.0,0.0,0.0,0.0,9.0,4.0,0.0,0.0,0.0,0.0,0.0,0.0,0.0,0.0,2.0,12.0,1.0,12.17,5.01,2.51,1.49,0.0,0.0,0.0,301.1,0.0,0.3,0.4,1.5,95.8,0.0,0.0,264.2,0.0,21.700000000000003,26.6,26.6,28.200000000000003,300.0,300.0,29.5,32.300000000000004,27.9,27.200000000000003,29.1,4.96,1.99,4.96,0.16,0.0,0.0,1027.0,8228.0,0.0,0.0,0.0,0.0,0.0,1.0,0.0,0.0,0.0,0.0,0.0,-1.3,0.0,-1.5,0.0,0.0,16.0,25903.0
2026-07-30T18:57:34.793Z,24.276,24.288,0.0,7.4,0.0,0.0,0.0,0.0,0.0,0.0,0.0,0.0,1.0,0.0,0.0,0.0,9.0,4.0,0.0,0.0,0.0,0.0,0.0,0.0,0.0,0.0,3.0,12.0,1.0,12.17,5.01,2.51,1.49,0.0,0.0,0.0,301.1,0.0,0.8,1.0,-0.2,95.8,0.0,0.0,264.2,0.0,21.700000000000003,26.6,26.6,28.200000000000003,300.0,300.0,29.5,32.300000000000004,27.9,27.200000000000003,29.1,4.95,1.99,4.97,0.16,0.0,0.0,1027.0,8228.0,0.0,0.0,0.0,0.0,0.0,1.0,0.0,0.0,0.0,0.0,0.0,0.3,0.0,-1.0,0.0,0.0,16.0,25903.0
2026-07-30T18:57:34.805Z,24.288,24.3,0.0,7.4,0.0,0.0,0.0,0.0,0.0,0.0,0.0,0.0,1.0,0.0,0.0,0.0,9.0,4.0,0.0,0.0,0.0,0.0,0.0,0.0,0.0,0.0,4.0,12.0,1.0,12.17,5.01,2.51,1.49,0.0,0.0,0.0,301.1,0.0,0.2,0.0,-0.1,95.8,0.0,0.0,264.2,0.0,21.700000000000003,26.6,26.6,28.200000000000003,300.0,300.0,29.5,32.300000000000004,27.9,27.200000000000003,29.1,4.96,1.99,4.96,0.16,0.0,0.0,1027.0,8228.0,0.0,0.0,0.0,0.0,0.0,1.0,0.0,0.0,0.0,0.0,0.0,0.1,0.0,0.2,0.0,0.0,16.0,25903.0
2026-07-30T18:57:34.817Z,24.3,24.312,0.0,7.4,0.0,0.0,0.0,0.0,0.0,0.0,0.0,0.0,1.0,0.0,0.0,0.0,9.0,4.0,0.0,0.0,0.0,0.0,0.0,0.0,0.0,0.0,5.0,12.0,1.0,12.17,5.01,2.51,1.49,0.0,0.0,0.0,301.1,0.0,-0.3,0.4,-0.1,95.8,0.0,0.0,264.2,0.0,21.700000000000003,26.6,26.6,28.200000000000003,300.0,300.0,29.5,32.300000000000004,27.9,27.200000000000003,29.1,4.96,2.0,4.96,0.16,0.0,0.0,1027.0,8228.0,0.0,0.0,0.0,0.0,0.0,1.0,0.0,0.0,0.0,0.0,0.0,0.2,0.0,-0.4,0.0,0.0,16.0,25903.0
2026-07-30T18:57:34.829Z,24.312,24.324,0.0,7.4,0.0,0.0,0.0,0.0,0.0,0.0,0.0,0.0,1.0,0.0,0.0,0.0,9.0,4.0,0.0,0.0,0.0,0.0,0.0,0.0,0.0,0.0,6.0,12.0,1.0,12.17,5.01,2.51,1.49,0.0,0.0,0.0,301.1,0.0,0.2,0.4,-0.1,95.8,0.0,0.0,264.3,0.0,21.700000000000003,26.6,26.6,28.200000000000003,300.0,300.0,29.5,32.300000000000004,27.9,27.200000000000003,29.1,4.95,1.99,4.96,0.16,0.0,0.0,1027.0,8228.0,0.0,0.0,0.0,0.0,0.0,1.0,0.0,0.0,0.0,0.0,0.0,0.2,0.0,-0.4,0.0,0.0,16.0,25903.0
2026-07-30T18:57:34.841Z,24.324,24.336,0.1,7.4,0.0,0.0,0.0,0.0,0.0,0.0,0.0,0.0,1.0,0.0,0.0,0.0,9.0,4.0,0.0,0.0,0.0,0.0,0.0,0.0,0.0,0.0,1.0,12.0,1.0,12.17,5.01,2.51,1.49,0.0,0.0,0.0,301.1,0.0,-0.3,-0.6000000000000001,-1.3,95.8,0.0,0.0,264.2,0.0,21.700000000000003,26.6,26.6,28.200000000000003,300.0,300.0,29.5,32.300000000000004,27.9,27.200000000000003,29.1,4.95,1.99,4.96,0.16,0.0,0.0,1027.0,8228.0,0.0,0.0,0.0,0.0,0.0,1.0,0.0,0.0,0.0,0.0,0.0,1.1,0.0,1.6,0.0,0.0,16.0,25903.0
2026-07-30T18:57:34.853Z,24.336,24.348,0.0,7.4,0.0,0.0,0.0,0.0,0.0,0.0,0.0,0.0,1.0,0.0,0.0,0.0,9.0,4.0,0.0,0.0,0.0,0.0,0.0,0.0,0.0,0.0,2.0,12.0,1.0,12.17,5.01,2.51,1.49,0.0,0.1,0.0,301.1,0.0,0.3,-0.6000000000000001,0.4,95.8,0.0,0.0,264.3,0.0,21.700000000000003,26.6,26.6,28.200000000000003,300.0,300.0,29.5,32.300000000000004,27.9,27.200000000000003,29.1,4.96,1.99,4.96,0.16,0.0,0.0,1027.0,8228.0,0.0,0.0,0.0,0.0,0.0,1.0,0.0,0.0,0.0,0.0,0.0,-0.4,0.0,0.4,0.0,0.0,16.0,25903.0
2026-07-30T18:57:34.865Z,24.348,24.36,0.0,7.4,0.0,0.0,0.0,0.0,0.0,0.0,0.0,0.0,1.0,0.0,0.0,0.0,9.0,4.0,0.0,0.0,0.0,0.0,0.0,0.0,0.0,0.0,2.0,12.0,1.0,12.17,5.01,2.51,1.49,0.0,0.0,0.0,301.1,0.0,0.3,-0.1,1.0,95.8,0.0,0.0,264.2,0.0,21.700000000000003,26.6,26.6,28.200000000000003,300.0,300.0,29.5,32.300000000000004,27.9,27.200000000000003,29.1,4.96,1.99,4.97,0.16,0.0,0.0,1027.0,8228.0,0.0,0.0,0.0,0.0,0.0,1.0,0.0,0.0,0.0,0.0,0.0,-0.9,0.0,-0.5,0.0,0.0,16.0,25903.0
2026-07-30T18:57:34.877Z,24.36,24.372,0.0,7.4,0.0,0.0,0.0,0.0,0.0,0.0,0.0,0.0,1.0,0.0,0.0,0.0,9.0,4.0,0.0,0.0,0.0,0.0,0.0,0.0,0.0,0.0,4.0,12.0,1.0,12.17,5.01,2.51,1.49,0.0,0.0,0.0,301.1,0.0,0.3,0.4,0.4,95.8,0.0,0.0,264.2,0.0,21.700000000000003,26.6,26.6,28.200000000000003,300.0,300.0,29.5,32.300000000000004,27.9,27.200000000000003,29.1,4.95,1.99,4.97,0.16,0.0,0.0,1027.0,8228.0,0.0,0.0,0.0,0.0,0.0,1.0,0.0,0.0,0.0,0.0,0.0,-0.3,0.0,-0.8,0.0,0.0,16.0,25903.0
2026-07-30T18:57:34.889Z,24.372,24.384,0.0,7.4,0.0,0.0,0.0,0.0,0.0,0.0,0.0,0.0,1.0,0.0,0.0,0.0,9.0,4.0,0.0,0.0,0.0,0.0,0.0,0.0,0.0,0.0,5.0,12.0,1.0,12.17,5.0200000000000005,2.5,1.49,0.0,0.0,0.0,301.1,0.0,1.4,-0.6000000000000001,-0.1,95.8,0.0,0.0,264.2,0.0,21.4,26.6,26.6,28.200000000000003,300.0,300.0,29.5,32.300000000000004,27.9,27.200000000000003,29.0,4.95,1.99,4.96,0.16,0.0,0.0,1027.0,8228.0,0.0,0.0,0.0,0.0,0.0,1.0,0.0,0.0,0.0,0.0,0.0,0.0,0.0,0.8,0.0,0.0,16.0,25903.0
2026-07-30T18:57:34.901Z,24.384,24.396,0.0,7.4,0.0,0.0,0.0,0.0,0.0,0.0,0.0,0.0,1.0,0.0,0.0,0.0,9.0,4.0,0.0,0.0,0.0,0.0,0.0,0.0,0.0,0.0,6.0,12.0,1.0,12.17,5.0200000000000005,2.5,1.49,0.0,0.0,0.0,301.1,0.0,-0.2,-0.6000000000000001,0.4,95.8,0.0,0.0,264.2,0.0,21.4,26.6,26.6,28.200000000000003,300.0,300.0,29.5,32.300000000000004,27.9,27.200000000000003,29.0,4.95,1.99,4.97,0.16,0.0,0.0,1027.0,8228.0,0.0,0.0,0.0,0.0,0.0,1.0,0.0,0.0,0.0,0.0,0.0,-0.5,0.0,0.4,0.0,0.0,16.0,25903.0
2026-07-30T18:57:34.913Z,24.396,24.408,0.0,7.4,0.0,0.0,0.0,0.0,0.0,0.0,0.0,0.0,1.0,0.0,0.0,0.0,9.0,4.0,0.0,0.0,0.0,0.0,0.0,0.0,0.0,0.0,1.0,12.0,1.0,12.17,5.0200000000000005,2.5,1.49,0.0,0.0,0.0,301.1,0.0,-0.2,1.1,0.4,95.8,0.0,0.0,264.2,0.0,21.4,26.6,26.6,28.200000000000003,300.0,300.0,29.5,32.300000000000004,27.9,27.200000000000003,29.0,4.95,1.99,4.97,0.16,0.0,0.0,1027.0,8228.0,0.0,0.0,0.0,0.0,0.0,1.0,0.0,0.0,0.0,0.0,0.0,-0.3,0.0,-1.5,0.0,0.0,16.0,25903.0
2026-07-30T18:57:34.925Z,24.408,24.42,0.0,7.4,0.0,0.0,0.0,0.0,0.0,0.0,0.0,0.0,1.0,0.0,0.0,0.0,9.0,4.0,0.0,0.0,0.0,0.0,0.0,0.0,0.0,0.0,2.0,12.0,1.0,12.17,5.0200000000000005,2.5,1.49,0.0,0.0,0.0,301.1,0.0,0.3,0.0,1.6,95.8,0.0,0.0,264.2,0.0,21.4,26.6,26.6,28.200000000000003,300.0,300.0,29.5,32.300000000000004,27.9,27.200000000000003,29.0,4.94,2.0,4.97,0.16,0.0,0.0,1027.0,8228.0,0.0,0.0,0.0,0.0,0.0,1.0,0.0,0.0,0.0,0.0,0.0,-1.5,0.0,-1.1,0.0,0.0,16.0,25903.0
2026-07-30T18:57:34.938Z,24.421,24.432,0.0,7.4,0.0,0.0,0.0,0.0,0.0,0.0,0.0,0.0,1.0,0.0,0.0,0.0,9.0,4.0,0.0,0.0,0.0,0.0,0.0,0.0,0.0,0.0,3.0,12.0,1.0,12.17,5.0200000000000005,2.5,1.49,0.0,0.0,0.0,301.1,0.0,-0.2,0.0,0.0,95.8,0.0,0.0,264.2,0.0,21.4,26.6,26.6,28.200000000000003,300.0,300.0,29.5,32.300000000000004,27.9,27.200000000000003,29.0,4.96,2.0,4.96,0.16,0.0,0.0,1027.0,8228.0,0.0,0.0,0.0,0.0,0.0,1.0,0.0,0.0,0.0,0.0,0.0,0.0,0.0,0.0,0.0,0.0,16.0,25903.0
2026-07-30T18:57:34.949Z,24.432,24.444,0.0,7.4,0.0,0.0,0.0,0.0,0.0,0.0,0.0,0.0,1.0,0.0,0.0,0.0,9.0,4.0,0.0,0.0,0.0,0.0,0.0,0.0,0.0,0.0,4.0,12.0,1.0,12.17,5.0200000000000005,2.5,1.49,0.0,0.0,0.0,301.1,0.0,0.3,0.0,1.1,95.8,0.0,0.0,264.3,0.0,21.4,26.6,26.6,28.200000000000003,300.0,300.0,29.5,32.300000000000004,27.9,27.200000000000003,29.0,4.95,1.99,4.97,0.16,0.0,0.0,1027.0,8228.0,0.0,0.0,0.0,0.0,0.0,1.0,0.0,0.0,0.0,0.0,0.0,-1.0,0.0,-0.8,0.0,0.0,16.0,25903.0
2026-07-30T18:57:34.961Z,24.444,24.456,0.0,7.4,0.0,0.0,0.0,0.0,0.0,0.0,0.0,0.0,1.0,0.0,0.0,0.0,9.0,4.0,0.0,0.0,0.0,0.0,0.0,0.0,0.0,0.0,5.0,12.0,1.0,12.17,5.0200000000000005,2.5,1.49,0.0,0.0,0.0,301.1,0.0,0.9,0.0,0.0,95.8,0.0,0.0,264.3,0.0,21.4,26.6,26.6,28.200000000000003,300.0,300.0,29.5,32.300000000000004,27.9,27.200000000000003,29.0,4.95,1.99,4.96,0.16,0.0,0.0,1027.0,8228.0,0.0,0.0,0.0,0.0,0.0,1.0,0.0,0.0,0.0,0.0,0.0,0.0,0.0,0.0,0.0,0.0,16.0,25903.0
2026-07-30T18:57:34.973Z,24.456,24.468,0.0,7.4,0.0,0.0,0.0,0.0,0.0,0.0,0.0,0.0,1.0,0.0,0.0,0.0,9.0,4.0,0.0,0.0,0.0,0.0,0.0,0.0,0.0,0.0,5.0,12.0,1.0,12.17,5.0200000000000005,2.5,1.49,0.0,0.0,0.0,301.1,0.0,0.3,0.0,0.5,95.8,0.0,0.0,264.2,0.0,21.4,26.6,26.6,28.200000000000003,300.0,300.0,29.5,32.300000000000004,27.9,27.200000000000003,29.0,4.95,1.99,4.96,0.16,0.0,0.0,1027.0,8228.0,0.0,0.0,0.0,0.0,0.0,1.0,0.0,0.0,0.0,0.0,0.0,-0.5,0.0,-0.3,0.0,0.0,16.0,25903.0
2026-07-30T18:57:34.986Z,24.469,24.48,0.0,7.4,0.0,0.0,0.0,0.0,0.0,0.0,0.0,0.0,1.0,0.0,0.0,0.0,9.0,4.0,0.0,0.0,0.0,0.0,0.0,0.0,0.0,0.0,6.0,12.0,1.0,12.15,5.01,2.5,1.49,0.0,0.0,0.0,301.1,0.0,-0.7000000000000001,0.6000000000000001,0.0,95.8,0.0,0.0,264.2,0.0,21.700000000000003,26.6,26.6,28.200000000000003,300.0,300.0,29.6,32.4,27.9,27.200000000000003,29.0,4.95,1.99,4.96,0.16,0.0,0.0,1027.0,8228.0,0.0,0.0,0.0,0.0,0.0,1.0,0.0,0.0,0.0,0.0,0.0,0.0,0.0,-0.6000000000000001,0.0,0.0,16.0,25903.0
2026-07-30T18:57:34.997Z,24.48,24.492,0.0,7.4,0.0,0.0,0.0,0.0,0.0,0.0,0.0,0.0,1.0,0.0,0.0,0.0,9.0,4.0,0.0,0.0,0.0,0.0,0.0,0.0,0.0,0.0,1.0,12.0,1.0,12.15,5.01,2.5,1.49,0.0,0.0,0.0,301.1,0.0,0.3,-0.5,0.0,95.8,0.0,0.0,264.2,0.0,21.700000000000003,26.6,26.6,28.200000000000003,300.0,300.0,29.6,32.4,27.9,27.200000000000003,29.0,4.95,1.99,4.97,0.16,0.0,0.0,1027.0,8228.0,0.0,0.0,0.0,0.0,0.0,1.0,0.0,0.0,0.0,0.0,0.0,0.0,0.0,0.6000000000000001,0.0,0.0,16.0,25903.0
2026-07-30T18:57:35.009Z,24.492,24.504,0.0,7.4,0.0,0.0,0.0,0.0,0.0,0.0,0.0,0.0,1.0,0.0,0.0,0.0,9.0,4.0,0.0,0.0,0.0,0.0,0.0,0.0,0.0,0.0,2.0,12.0,1.0,12.15,5.01,2.5,1.49,0.0,0.0,0.0,301.1,0.0,0.3,0.0,1.1,95.8,0.0,0.0,264.2,0.0,21.700000000000003,26.6,26.6,28.200000000000003,300.0,300.0,29.6,32.4,27.9,27.200000000000003,29.0,4.95,1.99,4.96,0.16,0.0,0.0,1027.0,8228.0,0.0,0.0,0.0,0.0,0.0,1.0,0.0,0.0,0.0,0.0,0.0,-1.0,0.0,-0.7000000000000001,0.0,0.0,16.0,25903.0
2026-07-30T18:57:35.022Z,24.505,24.516,0.0,7.4,0.0,0.0,0.0,0.0,0.0,0.0,0.0,0.0,1.0,0.0,0.0,0.0,9.0,4.0,0.0,0.0,0.0,0.0,0.0,0.0,0.0,0.0,3.0,12.0,1.0,12.15,5.01,2.5,1.49,0.0,0.0,0.0,301.1,0.0,0.3,-0.6000000000000001,-0.6000000000000001,95.8,0.0,0.0,264.2,0.0,21.700000000000003,26.6,26.6,28.200000000000003,300.0,300.0,29.6,32.4,27.9,27.200000000000003,29.0,4.96,1.99,4.96,0.16,0.0,0.0,1027.0,8228.0,0.0,0.0,0.0,0.0,0.0,1.0,0.0,0.0,0.0,0.0,0.0,0.5,0.0,1.1,0.0,0.0,16.0,25903.0
2026-07-30T18:57:35.033Z,24.516,24.528,0.0,7.4,0.0,0.0,0.0,0.0,0.0,0.0,0.0,0.0,1.0,0.0,0.0,0.0,9.0,4.0,0.0,0.0,0.0,0.0,0.0,0.0,0.0,0.0,4.0,12.0,1.0,12.15,5.01,2.5,1.49,0.0,0.0,0.0,301.1,0.0,0.3,-1.1,-1.1,95.8,0.0,0.0,264.2,0.0,21.700000000000003,26.6,26.6,28.200000000000003,300.0,300.0,29.6,32.4,27.9,27.200000000000003,29.0,4.95,1.99,4.97,0.16,0.0,0.0,1027.0,8228.0,0.0,0.0,0.0,0.0,0.0,1.0,0.0,0.0,0.0,0.0,0.0,0.9,0.0,2.1,0.0,0.0,16.0,25903.0
2026-07-30T18:57:35.045Z,24.528,24.54,0.0,7.4,0.0,0.0,0.0,0.0,0.0,0.0,0.0,0.0,1.0,0.0,0.0,0.0,9.0,4.0,0.0,0.0,0.0,0.0,0.0,0.0,0.0,0.0,5.0,12.0,1.0,12.15,5.01,2.5,1.49,0.0,0.0,0.0,301.1,0.0,-0.2,0.0,0.0,95.8,0.0,0.0,264.3,0.0,21.700000000000003,26.6,26.6,28.200000000000003,300.0,300.0,29.6,32.4,27.9,27.200000000000003,29.0,4.96,1.99,4.96,0.16,0.0,0.0,1027.0,8228.0,0.0,0.0,0.0,0.0,0.0,1.0,0.0,0.0,0.0,0.0,0.0,0.0,0.0,0.0,0.0,0.0,16.0,25903.0
2026-07-30T18:57:35.057Z,24.54,24.552,0.0,7.4,0.0,0.0,0.0,0.0,0.0,0.0,0.0,0.0,1.0,0.0,0.0,0.0,9.0,4.0,0.0,0.0,0.0,0.0,0.0,0.0,0.0,0.0,6.0,12.0,1.0,12.15,5.01,2.5,1.49,0.0,0.0,0.0,301.1,0.0,-0.2,0.0,0.0,95.8,0.0,0.0,264.3,0.0,21.700000000000003,26.6,26.6,28.200000000000003,300.0,300.0,29.6,32.4,27.9,27.200000000000003,29.0,4.96,2.0,4.96,0.16,0.0,0.0,1027.0,8228.0,0.0,0.0,0.0,0.0,0.0,1.0,0.0,0.0,0.0,0.0,0.0,0.0,0.0,0.0,0.0,0.0,16.0,25903.0
2026-07-30T18:57:35.069Z,24.552,24.564,0.0,7.4,0.0,0.0,0.0,0.0,0.0,0.0,0.0,0.0,1.0,0.0,0.0,0.0,9.0,4.0,0.0,0.0,0.0,0.0,0.0,0.0,0.0,0.0,2.0,12.0,1.0,12.15,5.01,2.5,1.49,0.0,0.0,0.0,301.1,0.0,0.8,0.5,0.4,95.8,0.0,0.0,264.2,0.0,21.700000000000003,26.6,26.6,28.200000000000003,300.0,300.0,29.6,32.4,27.9,27.200000000000003,29.0,4.95,1.99,4.96,0.16,0.0,0.0,1027.0,8228.0,0.0,0.0,0.0,0.0,0.0,1.0,0.0,0.0,0.0,0.0,0.0,-0.3,0.0,-0.9,0.0,0.0,16.0,25903.0
2026-07-30T18:57:35.081Z,24.564,24.576,0.0,7.4,0.0,0.0,0.0,0.0,0.0,0.0,0.0,0.0,1.0,0.0,0.0,0.0,9.0,4.0,0.0,0.0,0.0,0.0,0.0,0.0,0.0,0.0,3.0,12.0,1.0,12.15,5.01,2.5,1.49,0.0,0.0,0.0,301.1,0.0,-0.8,0.0,-1.2000000000000002,95.8,0.0,0.0,264.2,0.0,21.700000000000003,26.6,26.6,28.200000000000003,300.0,300.0,29.6,32.4,27.9,27.200000000000003,29.0,4.95,1.99,4.96,0.16,0.0,0.0,1027.0,8228.0,0.0,0.0,0.0,0.0,0.0,1.0,0.0,0.0,0.0,0.0,0.0,1.1,0.0,0.8,0.0,0.0,16.0,25903.0
2026-07-30T18:57:35.093Z,24.576,24.588,0.0,7.4,0.0,0.0,0.0,0.0,0.0,0.0,0.0,0.0,1.0,0.0,0.0,0.0,9.0,4.0,0.0,0.0,0.0,0.0,0.0,0.0,0.0,0.0,5.0,12.0,1.0,12.17,5.0200000000000005,2.51,1.49,0.0,0.1,0.0,301.1,0.0,-0.2,-0.5,1.1,95.8,0.0,0.0,264.2,0.0,21.8,26.6,26.6,28.200000000000003,300.0,300.0,29.6,32.4,27.9,27.200000000000003,29.0,4.96,2.0,4.96,0.16,0.0,0.0,1027.0,8228.0,0.0,0.0,0.0,0.0,0.0,1.0,0.0,0.0,0.0,0.0,0.0,-1.1,0.0,-0.1,0.0,0.0,16.0,25903.0
2026-07-30T18:57:35.105Z,24.588,24.6,0.0,7.4,0.0,0.0,0.0,0.0,0.0,0.0,0.0,0.0,1.0,0.0,0.0,0.0,9.0,4.0,0.0,0.0,0.0,0.0,0.0,0.0,0.0,0.0,6.0,12.0,1.0,12.17,5.0200000000000005,2.51,1.49,0.0,0.1,0.0,301.1,0.0,0.3,0.0,0.0,95.8,0.0,0.0,264.2,0.0,21.8,26.6,26.6,28.200000000000003,300.0,300.0,29.6,32.4,27.9,27.200000000000003,29.0,4.96,1.99,4.97,0.16,0.0,0.0,1027.0,8228.0,0.0,0.0,0.0,0.0,0.0,1.0,0.0,0.0,0.0,0.0,0.0,0.0,0.0,0.0,0.0,0.0,16.0,25903.0
2026-07-30T18:57:35.117Z,24.6,24.612,0.0,7.4,0.0,0.0,0.0,0.0,0.0,0.0,0.0,0.0,1.0,0.0,0.0,0.0,9.0,4.0,0.0,0.0,0.0,0.0,0.0,0.0,0.0,0.0,6.0,12.0,1.0,12.17,5.0200000000000005,2.51,1.49,0.0,0.0,0.0,301.1,0.0,0.3,1.1,-0.6000000000000001,95.8,0.0,0.0,264.2,0.0,21.8,26.6,26.6,28.200000000000003,300.0,300.0,29.6,32.4,27.9,27.200000000000003,29.0,4.95,1.99,4.97,0.16,0.0,0.0,1027.0,8228.0,0.0,0.0,0.0,0.0,0.0,1.0,0.0,0.0,0.0,0.0,0.0,0.7000000000000001,0.0,-0.8,0.0,0.0,16.0,25903.0
2026-07-30T18:57:35.129Z,24.612,24.624,0.0,7.4,0.0,0.0,0.0,0.0,0.0,0.0,0.0,0.0,1.0,0.0,0.0,0.0,9.0,4.0,0.0,0.0,0.0,0.0,0.0,0.0,0.0,0.0,2.0,12.0,1.0,12.17,5.0200000000000005,2.51,1.49,0.0,0.0,0.0,301.1,0.0,0.3,0.0,1.6,95.8,0.0,0.0,264.2,0.0,21.8,26.6,26.6,28.200000000000003,300.0,300.0,29.6,32.4,27.9,27.200000000000003,29.0,4.96,1.99,4.96,0.16,0.0,0.0,1027.0,8228.0,0.0,0.0,0.0,0.0,0.0,1.0,0.0,0.0,0.0,0.0,0.0,-1.5,0.0,-1.0,0.0,0.0,16.0,25903.0
2026-07-30T18:57:35.141Z,24.624,24.636,0.0,7.4,0.0,0.0,0.0,0.0,0.0,0.0,0.0,0.0,1.0,0.0,0.0,0.0,9.0,4.0,0.0,0.0,0.0,0.0,0.0,0.0,0.0,0.0,3.0,12.0,1.0,12.17,5.0200000000000005,2.51,1.49,0.0,0.0,0.0,301.1,0.0,0.3,0.0,0.4,95.8,0.0,0.0,264.40000000000003,0.0,21.8,26.6,26.6,28.200000000000003,300.0,300.0,29.6,32.4,27.9,27.200000000000003,29.0,4.96,1.99,4.96,0.16,0.0,0.0,1027.0,8228.0,0.0,0.0,0.0,0.0,0.0,1.0,0.0,0.0,0.0,0.0,0.0,-0.5,0.0,0.4,0.0,0.0,16.0,25903.0
2026-07-30T18:57:35.153Z,24.636,24.648,0.0,7.4,0.0,0.0,0.0,0.0,0.0,0.0,0.0,0.0,1.0,0.0,0.0,0.0,9.0,4.0,0.0,0.0,0.0,0.0,0.0,0.0,0.0,0.0,3.0,12.0,1.0,12.17,5.0200000000000005,2.51,1.49,0.0,0.0,0.0,301.1,0.0,0.2,0.4,1.0,95.8,0.0,0.0,264.2,0.0,21.8,26.6,26.6,28.200000000000003,300.0,300.0,29.6,32.4,27.9,27.200000000000003,29.0,4.96,1.99,4.97,0.16,0.0,0.0,1027.0,8228.0,0.0,0.0,0.0,0.0,0.0,1.0,0.0,0.0,0.0,0.0,0.0,-0.9,0.0,-1.2000000000000002,0.0,0.0,16.0,25903.0
2026-07-30T18:57:35.165Z,24.648,24.66,0.0,7.4,0.0,0.0,0.0,0.0,0.0,0.0,0.0,0.0,1.0,0.0,0.0,0.0,9.0,4.0,0.0,0.0,0.0,0.0,0.0,0.0,0.0,0.0,5.0,12.0,1.0,12.17,5.0200000000000005,2.51,1.49,0.0,0.1,0.0,301.2,0.0,0.2,0.5,0.4,95.8,0.0,0.0,264.3,0.0,21.8,26.6,26.6,28.200000000000003,300.0,300.0,29.6,32.4,27.9,27.200000000000003,29.0,4.95,1.99,4.97,0.16,0.0,0.0,1027.0,8228.0,0.0,0.0,0.0,0.0,0.0,1.0,0.0,0.0,0.0,0.0,0.0,-0.3,0.0,-0.9,0.0,0.0,16.0,25903.0
2026-07-30T18:57:35.177Z,24.66,24.672,0.0,7.4,0.0,0.0,0.0,0.0,0.0,0.0,0.0,0.0,1.0,0.0,0.0,0.0,9.0,4.0,0.0,0.0,0.0,0.0,0.0,0.0,0.0,0.0,6.0,12.0,1.0,12.17,5.0200000000000005,2.51,1.49,0.0,0.0,0.0,301.1,0.0,0.2,-0.6000000000000001,0.0,95.8,0.0,0.0,264.2,0.0,21.8,26.6,26.6,28.200000000000003,300.0,300.0,29.6,32.4,27.9,27.200000000000003,29.0,4.96,1.99,4.96,0.16,0.0,0.0,1027.0,8228.0,0.0,0.0,0.0,0.0,0.0,1.0,0.0,0.0,0.0,0.0,0.0,-0.4,0.0,-0.9,0.0,0.0,16.0,25903.0
2026-07-30T18:57:35.190Z,24.673,24.684,0.0,7.4,0.0,0.0,0.0,0.0,0.0,0.0,0.0,0.0,1.0,0.0,0.0,0.0,9.0,4.0,0.0,0.0,0.0,0.0,0.0,0.0,0.0,0.0,1.0,12.0,1.0,12.17,5.0200000000000005,2.5,1.49,0.0,0.0,0.0,301.2,0.0,0.2,-0.6000000000000001,1.0,95.8,0.0,0.0,264.2,0.0,21.4,26.700000000000003,26.700000000000003,28.200000000000003,300.0,300.0,29.5,32.4,27.9,27.200000000000003,29.0,4.95,1.99,4.97,0.16,0.0,0.0,1027.0,8228.0,0.0,0.0,0.0,0.0,0.0,1.0,0.0,0.0,0.0,0.0,0.0,0.4,0.0,1.8,0.0,0.0,16.0,25903.0
2026-07-30T18:57:35.201Z,24.684,24.696,0.0,7.4,0.0,0.0,0.0,0.0,0.0,0.0,0.0,0.0,1.0,0.0,0.0,0.0,9.0,4.0,0.0,0.0,0.0,0.0,0.0,0.0,0.0,0.0,2.0,12.0,1.0,12.17,5.0200000000000005,2.5,1.49,0.0,0.0,0.0,301.1,0.0,0.8,1.7000000000000002,0.0,95.8,0.0,0.0,264.2,0.0,21.4,26.700000000000003,26.700000000000003,28.200000000000003,300.0,300.0,29.5,32.4,27.9,27.200000000000003,29.0,4.95,1.99,4.97,0.16,0.0,0.0,1027.0,8228.0,0.0,0.0,0.0,0.0,0.0,1.0,0.0,0.0,0.0,0.0,0.0,-0.9,0.0,-1.3,0.0,0.0,16.0,25903.0
2026-07-30T18:57:35.213Z,24.696,24.708,0.0,7.4,0.0,0.0,0.0,0.0,0.0,0.0,0.0,0.0,1.0,0.0,0.0,0.0,9.0,4.0,0.0,0.0,0.0,0.0,0.0,0.0,0.0,0.0,3.0,12.0,1.0,12.17,5.0200000000000005,2.5,1.49,0.0,0.0,0.0,301.1,0.0,-0.3,1.0,-1.2000000000000002,95.8,0.0,0.0,264.2,0.0,21.4,26.700000000000003,26.700000000000003,28.200000000000003,300.0,300.0,29.5,32.4,27.9,27.200000000000003,29.0,4.96,1.99,4.97,0.16,0.0,0.0,1027.0,8228.0,0.0,0.0,0.0,0.0,0.0,1.0,0.0,0.0,0.0,0.0,0.0,1.3,0.0,-0.3,0.0,0.0,16.0,25903.0
2026-07-30T18:57:35.225Z,24.708,24.72,0.0,7.4,0.0,0.0,0.0,0.0,0.0,0.0,0.0,0.0,1.0,0.0,0.0,0.0,9.0,4.0,0.0,0.0,0.0,0.0,0.0,0.0,0.0,0.0,3.0,12.0,1.0,12.17,5.0200000000000005,2.5,1.49,0.0,0.0,0.0,301.1,0.0,0.2,-0.6000000000000001,-0.7000000000000001,95.8,0.0,0.0,264.2,0.0,21.4,26.700000000000003,26.700000000000003,28.200000000000003,300.0,300.0,29.5,32.4,27.9,27.200000000000003,29.0,4.95,1.99,4.97,0.16,0.0,0.0,1027.0,8228.0,0.0,0.0,0.0,0.0,0.0,1.0,0.0,0.0,0.0,0.0,0.0,0.5,0.0,1.2000000000000002,0.0,0.0,16.0,25903.0
2026-07-30T18:57:35.236Z,24.719,24.732,0.0,7.4,0.0,0.0,0.0,0.0,0.0,0.0,0.0,0.0,1.0,0.0,0.0,0.0,9.0,4.0,0.0,0.0,0.0,0.0,0.0,0.0,0.0,0.0,5.0,12.0,1.0,12.17,5.0200000000000005,2.5,1.49,0.0,0.0,0.0,301.1,0.0,-0.9,0.0,-0.7000000000000001,95.8,0.0,0.0,264.2,0.0,21.4,26.700000000000003,26.700000000000003,28.200000000000003,300.0,300.0,29.5,32.4,27.9,27.200000000000003,29.0,4.95,1.99,4.97,0.16,0.0,0.0,1027.0,8228.0,0.0,0.0,0.0,0.0,0.0,1.0,0.0,0.0,0.0,0.0,0.0,0.6000000000000001,0.0,0.4,0.0,0.0,16.0,25903.0
2026-07-30T18:57:35.249Z,24.732,24.744,0.0,7.4,0.0,0.0,0.0,0.0,0.0,0.0,0.0,0.0,1.0,0.0,0.0,0.0,9.0,4.0,0.0,0.0,0.0,0.0,0.0,0.0,0.0,0.0,6.0,12.0,1.0,12.17,5.0200000000000005,2.5,1.49,0.0,0.0,0.0,301.1,0.0,-0.3,0.6000000000000001,-0.1,95.8,0.0,0.0,264.3,0.0,21.4,26.700000000000003,26.700000000000003,28.200000000000003,300.0,300.0,29.5,32.4,27.9,27.200000000000003,29.0,4.95,1.99,4.96,0.16,0.0,0.0,1027.0,8228.0,0.0,0.0,0.0,0.0,0.0,1.0,0.0,0.0,0.0,0.0,0.0,0.1,0.0,-0.6000000000000001,0.0,0.0,16.0,25903.0
2026-07-30T18:57:35.261Z,24.744,24.756,0.0,7.4,0.0,0.0,0.0,0.0,0.0,0.0,0.0,0.0,1.0,0.0,0.0,0.0,9.0,4.0,0.0,0.0,0.0,0.0,0.0,0.0,0.0,0.0,1.0,12.0,1.0,12.17,5.0200000000000005,2.5,1.49,0.0,0.0,0.0,301.1,0.0,-0.9,-0.5,1.6,95.8,0.0,0.0,264.3,0.0,21.4,26.700000000000003,26.700000000000003,28.200000000000003,300.0,300.0,29.5,32.4,27.9,27.200000000000003,29.0,4.95,1.99,4.97,0.16,0.0,0.0,1027.0,8228.0,0.0,0.0,0.0,0.0,0.0,1.0,0.0,0.0,0.0,0.0,0.0,-1.5,0.0,-0.4,0.0,0.0,16.0,25903.0
2026-07-30T18:57:35.273Z,24.756,24.768,0.0,7.4,0.0,0.0,0.0,0.0,0.0,0.0,0.0,0.0,1.0,0.0,0.0,0.0,9.0,4.0,0.0,0.0,0.0,0.0,0.0,0.0,0.0,0.0,1.0,12.0,1.0,12.17,5.0200000000000005,2.5,1.49,0.0,0.0,0.0,301.2,0.0,0.8,0.6000000000000001,-1.2000000000000002,95.8,0.0,0.0,264.2,0.0,21.4,26.700000000000003,26.700000000000003,28.200000000000003,300.0,300.0,29.5,32.4,27.9,27.200000000000003,29.0,4.95,1.99,4.97,0.16,0.0,0.0,1027.0,8228.0,0.0,0.0,0.0,0.0,0.0,1.0,0.0,0.0,0.0,0.0,0.0,1.2000000000000002,0.0,0.1,0.0,0.0,16.0,25903.0
2026-07-30T18:57:35.285Z,24.768,24.78,0.0,7.4,0.0,0.0,0.0,0.0,0.0,0.0,0.0,0.0,1.0,0.0,0.0,0.0,9.0,4.0,0.0,0.0,0.0,0.0,0.0,0.0,0.0,0.0,3.0,12.0,1.0,12.17,5.0200000000000005,2.5,1.49,0.0,0.0,0.0,301.2,0.0,0.8,-1.1,-0.6000000000000001,95.8,0.0,0.0,264.2,0.0,21.4,26.700000000000003,26.700000000000003,28.200000000000003,300.0,300.0,29.5,32.4,27.9,27.200000000000003,29.0,4.96,1.99,4.96,0.16,0.0,0.0,1027.0,8228.0,0.0,0.0,0.0,0.0,0.0,1.0,0.0,0.0,0.0,0.0,0.0,0.4,0.0,1.7000000000000002,0.0,0.0,16.0,25903.0
2026-07-30T18:57:35.297Z,24.78,24.792,0.0,7.4,0.0,0.0,0.0,0.0,0.0,0.0,0.0,0.0,1.0,0.0,0.0,0.0,9.0,4.0,0.0,0.0,0.0,0.0,0.0,0.0,0.0,0.0,4.0,12.0,1.0,12.15,5.01,2.51,1.49,0.0,0.0,0.0,301.1,0.0,0.2,0.5,0.5,95.8,0.0,0.0,264.2,0.0,21.8,26.700000000000003,26.700000000000003,28.3,300.0,300.0,29.3,32.300000000000004,27.9,27.200000000000003,29.1,4.95,2.0,4.96,0.16,0.0,0.0,1027.0,8228.0,0.0,0.0,0.0,0.0,0.0,1.0,0.0,0.0,0.0,0.0,0.0,-0.4,0.0,-0.9,0.0,0.0,16.0,25903.0
2026-07-30T18:57:35.309Z,24.792,24.804,0.0,7.4,0.0,0.0,0.0,0.0,0.0,0.0,0.0,0.0,1.0,0.0,0.0,0.0,9.0,4.0,0.0,0.0,0.0,0.0,0.0,0.0,0.0,0.0,5.0,12.0,1.0,12.15,5.01,2.51,1.49,0.0,0.0,0.0,301.1,0.0,-0.3,0.5,0.0,95.8,0.0,0.0,264.2,0.0,21.8,26.700000000000003,26.700000000000003,28.3,300.0,300.0,29.3,32.300000000000004,27.9,27.200000000000003,29.1,4.95,1.99,4.97,0.16,0.0,0.0,1027.0,8228.0,0.0,0.0,0.0,0.0,0.0,1.0,0.0,0.0,0.0,0.0,0.0,0.1,0.0,-0.5,0.0,0.0,16.0,25903.0
2026-07-30T18:57:35.321Z,24.804,24.816,0.0,7.4,0.0,0.0,0.0,0.0,0.0,0.0,0.0,0.0,1.0,0.0,0.0,0.0,9.0,4.0,0.0,0.0,0.0,0.0,0.0,0.0,0.0,0.0,1.0,12.0,1.0,12.15,5.01,2.51,1.49,0.0,0.0,0.0,301.1,0.0,-0.3,-0.6000000000000001,1.0,95.8,0.0,0.0,264.2,0.0,21.8,26.700000000000003,26.700000000000003,28.3,300.0,300.0,29.3,32.300000000000004,27.9,27.200000000000003,29.1,4.95,1.99,4.97,0.16,0.0,0.0,1027.0,8228.0,0.0,0.0,0.0,0.0,0.0,1.0,0.0,0.0,0.0,0.0,0.0,-1.0,0.0,0.0,0.0,0.0,16.0,25903.0
2026-07-30T18:57:35.335Z,24.818,24.828,0.0,7.4,0.0,0.0,0.0,0.0,0.0,0.0,0.0,0.0,1.0,0.0,0.0,0.0,9.0,4.0,0.0,0.0,0.0,0.0,0.0,0.0,0.0,0.0,2.0,12.0,1.0,12.15,5.01,2.51,1.49,0.0,0.0,0.0,301.1,0.0,0.7000000000000001,0.0,0.4,95.8,0.0,0.0,264.2,0.0,21.8,26.700000000000003,26.700000000000003,28.3,300.0,300.0,29.3,32.300000000000004,27.9,27.200000000000003,29.1,4.96,1.99,4.96,0.16,0.0,0.0,1027.0,8228.0,0.0,0.0,0.0,0.0,0.0,1.0,0.0,0.0,0.0,0.0,0.0,-0.4,0.0,-0.2,0.0,0.0,16.0,25903.0
2026-07-30T18:57:35.345Z,24.828,24.84,0.0,7.4,0.0,0.0,0.0,0.0,0.0,1.0,1.0,0.0,1.0,0.0,0.0,0.0,4.0,5.0,0.0,0.0,0.0,0.0,0.0,0.0,0.0,0.0,2.0,12.0,1.0,12.15,5.01,2.51,1.49,0.0,0.0,0.0,300.1,0.0,-0.3,-1.1,0.0,90.7,0.0,0.0,264.0,0.0,21.8,26.700000000000003,26.700000000000003,28.3,300.0,300.0,29.3,32.300000000000004,27.9,27.200000000000003,29.1,4.96,1.99,4.97,0.16,0.0,0.0,1027.0,8228.0,0.0,0.0,0.0,0.0,0.0,1.0,0.0,0.0,0.0,0.0,0.0,0.0,0.0,1.3,0.0,0.0,16.0,25903.0
2026-07-30T18:57:35.357Z,24.84,24.852,0.0,7.4,0.0,0.0,0.0,0.0,0.0,1.0,1.0,0.0,1.0,0.0,0.0,0.0,4.0,5.0,0.0,0.0,0.0,0.0,0.0,0.0,0.0,0.0,3.0,12.0,1.0,12.15,5.01,2.51,1.49,0.0,0.0,0.0,300.1,0.0,-0.3,0.0,1.1,80.7,0.0,0.0,264.0,0.0,21.8,26.700000000000003,26.700000000000003,28.3,300.0,300.0,29.3,32.300000000000004,27.9,27.200000000000003,29.1,4.96,2.0,4.96,0.16,0.0,0.0,1027.0,8228.0,0.0,0.0,0.0,0.0,0.0,1.0,0.0,0.0,0.0,0.0,0.0,-1.0,0.0,-0.7000000000000001,0.0,0.0006,16.0,25903.0
2026-07-30T18:57:35.369Z,24.852,24.864,0.0,7.4,0.0,0.0,0.0,0.0,0.0,1.0,1.0,0.0,1.0,0.0,0.0,0.0,5.0,5.0,0.0,0.0,0.0,0.0,0.0,0.0,0.0,0.0,4.0,12.0,1.0,12.15,5.01,2.51,1.49,0.0,0.0,0.0,301.1,0.0,-0.3,-1.1,-0.6000000000000001,72.3,0.0,0.0,264.1,0.0,21.8,26.700000000000003,26.700000000000003,28.3,300.0,300.0,29.3,32.300000000000004,27.9,27.200000000000003,29.1,4.95,2.0,4.96,0.16,0.0,0.0,1027.0,8228.0,0.0,0.0,0.0,0.0,0.0,1.0,0.0,0.0,0.0,0.0,0.0,0.4,0.0,1.7000000000000002,0.0,0.0004,16.0,25903.0
2026-07-30T18:57:35.381Z,24.864,24.876,0.0,7.4,0.0,0.0,0.0,0.0,0.0,1.0,1.0,0.0,1.0,0.0,0.0,0.0,5.0,5.0,0.0,0.0,0.0,0.0,0.0,0.0,0.0,0.0,5.0,12.0,1.0,12.15,5.01,2.51,1.49,0.0,0.0,0.0,301.1,0.0,-0.3,-1.1,0.5,64.8,0.0,0.0,264.3,0.0,21.8,26.700000000000003,26.700000000000003,28.3,300.0,300.0,29.3,32.300000000000004,27.9,27.200000000000003,29.1,4.95,2.0,4.96,0.16,0.0,0.0,1027.0,8228.0,0.0,0.0,0.0,0.0,0.0,1.0,0.0,0.0,0.0,0.0,0.0,-0.6000000000000001,0.0,0.9,0.0,0.0006,16.0,25903.0
2026-07-30T18:57:35.394Z,24.877,24.888,0.0,7.4,0.0,0.0,0.0,0.0,0.0,1.0,1.0,0.0,1.0,0.0,0.0,0.0,6.0,5.0,0.0,0.0,0.0,0.0,0.0,0.0,0.0,0.0,6.0,12.0,1.0,12.06,5.01,2.51,1.49,0.0,0.0,0.0,300.90000000000003,0.0,-0.3,1.1,0.0,57.900000000000006,0.0,0.0,264.1,0.0,21.8,26.700000000000003,26.700000000000003,28.3,300.0,300.0,29.4,32.4,27.9,27.200000000000003,29.1,4.95,2.0,4.96,0.16,0.0,0.0,1027.0,8228.0,0.0,0.0,0.0,0.0,0.0,1.0,0.0,0.0,0.0,0.0,0.0,0.1,0.0,-1.3,0.0,0.0006,16.0,25903.0
2026-07-30T18:57:35.405Z,24.888,24.9,0.0,7.4,0.0,0.0,0.0,0.0,0.0,1.0,1.0,0.0,1.0,0.0,0.0,0.0,6.0,5.0,0.0,0.0,0.0,0.0,0.0,0.0,0.0,0.0,1.0,12.0,1.0,12.06,5.01,2.51,1.49,0.0,0.0,0.1,300.90000000000003,0.0,-0.9,-1.1,-1.2000000000000002,51.900000000000006,0.0,0.0,264.2,0.0,21.8,26.700000000000003,26.700000000000003,28.3,300.0,300.0,29.4,32.4,27.9,27.200000000000003,29.1,4.95,2.0,4.96,0.16,0.0,0.0,1027.0,8228.0,0.0,0.0,0.0,0.0,0.0,1.0,0.0,0.0,0.0,0.0,0.0,1.0,0.0,2.1,0.0,0.0003,16.0,25903.0
2026-07-30T18:57:35.417Z,24.9,24.912,0.0,7.4,0.0,0.0,0.0,0.0,0.0,1.0,1.0,0.0,1.0,0.0,0.0,0.0,6.0,5.0,0.0,0.0,0.0,0.0,0.0,0.0,0.0,0.0,2.0,12.0,1.0,12.06,5.01,2.51,1.49,0.0,0.1,0.1,301.1,0.0,0.2,1.1,1.1,47.2,0.0,0.0,264.2,0.0,21.8,26.700000000000003,26.700000000000003,28.3,300.0,300.0,29.4,32.4,27.9,27.200000000000003,29.1,4.96,2.0,4.96,0.16,0.0,0.0,1027.0,8228.0,0.0,0.0,0.0,0.0,0.0,1.0,0.0,0.0,0.0,0.0,0.0,-0.9,0.0,-2.0,0.0,0.0007,16.0,25903.0
2026-07-30T18:57:35.429Z,24.912,24.924,0.0,7.4,0.0,0.0,0.0,0.0,0.0,1.0,1.0,0.0,1.0,0.0,0.0,0.0,6.0,5.0,0.0,0.0,0.0,0.0,0.0,0.0,0.0,0.0,3.0,12.0,1.0,12.06,5.01,2.51,1.49,0.0,0.1,0.1,301.0,0.0,0.8,1.1,0.5,43.8,0.0,0.0,264.3,0.0,21.8,26.700000000000003,26.700000000000003,28.3,300.0,300.0,29.4,32.4,27.9,27.200000000000003,29.1,4.95,2.0,4.96,0.16,0.0,0.0,1027.0,8228.0,0.0,0.0,0.0,0.0,0.0,1.0,0.0,0.0,0.0,0.0,0.0,-0.3,0.0,-1.6,0.0,0.0009,16.0,25903.0
2026-07-30T18:57:35.441Z,24.924,24.936,0.0,7.4,0.0,0.0,0.0,0.0,0.0,1.0,1.0,0.0,1.0,0.0,0.0,0.0,6.0,5.0,0.0,0.0,0.0,0.0,0.0,0.0,0.0,0.0,4.0,12.0,1.0,12.06,5.01,2.51,1.49,0.1,0.1,0.1,301.1,0.0,1.4,1.7000000000000002,1.1,41.0,0.0,0.0,264.0,0.0,21.8,26.700000000000003,26.700000000000003,28.3,300.0,300.0,29.4,32.4,27.9,27.200000000000003,29.1,4.95,2.0,4.96,0.16,0.0,0.0,1027.0,8228.0,0.0,0.0,0.0,0.0,0.0,1.0,0.0,0.0,0.0,0.0,0.0,-0.8,0.0,-2.7,0.0,0.0009,16.0,25903.0
2026-07-30T18:57:35.453Z,24.936,24.948,0.0,7.4,0.0,0.0,0.0,0.0,0.0,1.0,1.0,0.0,1.0,0.0,0.0,0.0,6.0,5.0,0.0,0.0,0.0,0.0,0.0,0.0,0.0,0.0,5.0,12.0,1.0,12.06,5.01,2.51,1.49,0.0,0.1,0.1,301.1,0.0,0.2,0.5,0.5,38.2,0.0,0.0,264.1,0.0,21.8,26.700000000000003,26.700000000000003,28.3,300.0,300.0,29.4,32.4,27.9,27.200000000000003,29.1,4.95,2.0,4.97,0.16,0.0,0.0,1027.0,8228.0,0.0,0.0,0.0,0.0,0.0,1.0,0.0,0.0,0.0,0.0,0.0,-0.4,0.0,-1.0,0.0,0.0012,16.0,25903.0
2026-07-30T18:57:35.464Z,24.947,24.96,0.0,7.4,0.0,0.0,0.0,0.0,0.0,1.0,1.0,0.0,1.0,0.0,0.0,0.0,6.0,5.0,0.0,0.0,0.0,0.0,0.0,0.0,0.0,0.0,6.0,12.0,1.0,12.06,5.01,2.51,1.49,0.1,0.1,0.1,301.1,0.0,1.4,1.7000000000000002,0.5,36.0,0.0,0.0,264.3,0.0,21.8,26.700000000000003,26.700000000000003,28.3,300.0,300.0,29.4,32.4,27.9,27.200000000000003,29.1,4.95,2.0,4.97,0.16,0.0,0.0,1027.0,8228.0,0.0,0.0,0.0,0.0,0.0,1.0,0.0,0.0,0.0,0.0,0.0,-0.2,0.0,-2.3000000000000003,0.0,0.001,16.0,25903.0
2026-07-30T18:57:35.477Z,24.96,24.972,0.0,7.4,0.0,0.0,0.0,0.0,0.0,1.0,1.0,0.0,1.0,0.0,0.0,0.0,6.0,5.0,0.0,0.0,0.0,0.0,0.0,0.0,0.0,0.0,1.0,12.0,1.0,12.06,5.01,2.51,1.49,0.0,0.1,0.1,301.1,0.0,0.2,-0.5,0.0,34.4,0.0,0.0,264.2,0.0,21.8,26.700000000000003,26.700000000000003,28.3,300.0,300.0,29.4,32.4,27.9,27.200000000000003,29.1,4.95,2.0,4.97,0.16,0.0,0.0,1027.0,8228.0,0.0,0.0,0.0,0.0,0.0,1.0,0.0,0.0,0.0,0.0,0.0,0.0,0.0,0.7000000000000001,0.0,0.0012,16.0,25903.0
2026-07-30T18:57:35.489Z,24.972,24.984,0.0,7.4,0.0,0.0,0.0,0.0,0.0,1.0,1.0,0.0,1.0,0.0,0.0,0.0,6.0,5.0,0.0,0.0,0.0,0.0,0.0,0.0,0.0,0.0,2.0,12.0,1.0,12.06,5.01,2.51,1.49,0.1,0.2,0.2,301.1,0.0,-0.3,1.1,1.7000000000000002,32.7,0.0,0.0,264.1,0.0,21.8,26.700000000000003,26.700000000000003,28.3,300.0,300.0,29.4,32.4,27.9,27.200000000000003,29.1,4.96,2.0,4.96,0.16,0.0,0.0,1027.0,8228.0,0.0,0.0,0.0,0.0,0.0,1.0,0.0,0.0,0.0,0.0,0.0,-1.4,0.0,-2.4000000000000004,0.0,0.0009,16.0,25903.0
2026-07-30T18:57:35.500Z,24.983,24.996,0.0,7.4,0.0,0.0,0.0,0.0,0.0,1.0,1.0,0.0,1.0,0.0,0.0,0.0,6.0,5.0,0.0,0.0,0.0,0.0,0.0,0.0,0.0,0.0,4.0,12.0,1.0,12.05,5.01,2.5,1.49,0.0,0.1,0.1,301.1,0.0,-0.3,0.5,0.0,31.200000000000003,0.0,0.0,264.1,0.0,22.1,26.700000000000003,26.700000000000003,28.3,300.0,300.0,29.5,32.9,27.9,27.4,29.1,4.96,2.0,4.96,0.16,0.0,0.0,1027.0,8228.0,0.0,0.0,0.0,0.0,0.0,1.0,0.0,0.0,0.0,0.0,0.0,0.1,0.0,-0.6000000000000001,0.0,0.0016,16.0,25903.0
2026-07-30T18:57:35.513Z,24.996,25.008,0.0,7.4,0.0,0.0,0.0,0.0,0.0,1.0,1.0,0.0,1.0,0.0,0.0,0.0,6.0,5.0,0.0,0.0,0.0,0.0,0.0,0.0,0.0,0.0,5.0,12.0,1.0,12.05,5.01,2.5,1.49,0.1,0.1,0.2,301.0,0.0,0.2,1.7000000000000002,0.5,29.8,0.0,0.0,264.2,0.0,22.1,26.700000000000003,26.700000000000003,28.3,300.0,300.0,29.5,32.9,27.9,27.4,29.1,4.95,2.0,4.96,0.16,0.0,0.0,1027.0,8228.0,0.0,0.0,0.0,0.0,0.0,1.0,0.0,0.0,0.0,0.0,0.0,-0.2,0.0,-2.3000000000000003,0.0,0.0012,16.0,25903.0
2026-07-30T18:57:35.525Z,25.008,25.02,0.0,7.4,0.0,0.0,0.0,0.0,0.0,1.0,1.0,0.0,1.0,0.0,0.0,0.0,6.0,5.0,0.0,0.0,0.0,0.0,0.0,0.0,0.0,0.0,1.0,12.0,1.0,12.05,5.01,2.5,1.49,0.0,0.2,0.2,301.1,0.0,0.8,0.0,0.5,28.8,0.0,0.0,264.1,0.0,22.1,26.700000000000003,26.700000000000003,28.3,300.0,300.0,29.5,32.9,27.9,27.4,29.1,4.95,2.0,4.96,0.16,0.0,0.0,1027.0,8228.0,0.0,0.0,0.0,0.0,0.0,1.0,0.0,0.0,0.0,0.0,0.0,-0.4,0.0,-0.3,0.0,0.0015,16.0,25903.0
2026-07-30T18:57:35.537Z,25.02,25.032,0.0,7.4,0.0,0.0,0.0,0.0,0.0,1.0,1.0,0.0,1.0,0.0,0.0,0.0,6.0,5.0,0.0,0.0,0.0,0.0,0.0,0.0,0.0,0.0,1.0,12.0,1.0,12.05,5.01,2.5,1.49,0.1,0.1,0.2,301.0,0.0,-0.3,1.1,0.0,28.1,0.0,0.0,264.0,0.0,22.1,26.700000000000003,26.700000000000003,28.3,300.0,300.0,29.5,32.9,27.9,27.4,29.1,4.95,2.0,4.96,0.16,0.0,0.0,1027.0,8228.0,0.0,0.0,0.0,0.0,0.0,1.0,0.0,0.0,0.0,0.0,0.0,0.1,0.0,-1.3,0.0,0.0014,16.0,25903.0
2026-07-30T18:57:35.549Z,25.032,25.044,0.0,7.4,0.0,0.0,0.0,0.0,0.0,1.0,1.0,0.0,1.0,0.0,0.0,0.0,6.0,5.0,0.0,0.0,0.0,0.0,0.0,0.0,0.0,0.0,3.0,12.0,1.0,12.05,5.01,2.5,1.49,0.0,0.1,0.1,301.0,0.0,0.2,0.0,-0.6000000000000001,27.3,0.0,0.0,264.2,0.0,22.1,26.700000000000003,26.700000000000003,28.3,300.0,300.0,29.5,32.9,27.9,27.4,29.1,4.95,2.0,4.97,0.16,0.0,0.0,1027.0,8228.0,0.0,0.0,0.0,0.0,0.0,1.0,0.0,0.0,0.0,0.0,0.0,0.5,0.0,0.4,0.0,0.0015,16.0,25903.0
2026-07-30T18:57:35.561Z,25.044,25.056,0.0,7.4,0.0,0.0,0.0,0.0,0.0,1.0,1.0,0.0,1.0,0.0,0.0,0.0,6.0,5.0,0.0,0.0,0.0,0.0,0.0,0.0,0.0,0.0,4.0,12.0,1.0,12.05,5.01,2.5,1.49,0.0,0.2,0.2,301.1,0.0,0.2,0.0,0.5,26.8,0.0,0.0,264.2,0.0,22.1,26.700000000000003,26.700000000000003,28.3,300.0,300.0,29.5,32.9,27.9,27.4,29.1,4.96,2.0,4.97,0.16,0.0,0.0,1027.0,8228.0,0.0,0.0,0.0,0.0,0.0,1.0,0.0,0.0,0.0,0.0,0.0,-0.4,0.0,-0.3,0.0,0.0013,16.0,25903.0
2026-07-30T18:57:35.575Z,25.058,25.068,0.0,7.4,0.0,0.0,0.0,0.0,0.0,1.0,1.0,0.0,1.0,0.0,0.0,0.0,6.0,5.0,0.0,0.0,0.0,0.0,0.0,0.0,0.0,0.0,5.0,12.0,1.0,12.05,5.01,2.5,1.49,0.0,0.2,0.2,301.0,0.0,-0.3,-1.1,-1.2000000000000002,26.5,0.0,0.0,264.2,0.0,22.1,26.700000000000003,26.700000000000003,28.3,300.0,300.0,29.5,32.9,27.9,27.4,29.1,4.96,2.0,4.96,0.15,0.0,0.0,1027.0,8228.0,0.0,0.0,0.0,0.0,0.0,1.0,0.0,0.0,0.0,0.0,0.0,1.0,0.0,2.1,0.0,0.0018,16.0,25903.0
2026-07-30T18:57:35.585Z,25.068,25.08,0.0,7.4,0.0,0.0,0.0,0.0,0.0,1.0,1.0,0.0,1.0,0.0,0.0,0.0,7.0,5.0,0.0,0.0,0.0,0.0,0.0,0.0,0.0,0.0,6.0,12.0,1.0,12.05,5.01,2.5,1.49,0.1,0.2,0.3,301.1,0.0,0.2,0.5,0.5,26.4,0.0,0.0,264.2,0.0,22.1,26.700000000000003,26.700000000000003,28.3,300.0,300.0,29.5,32.9,27.9,27.4,29.1,4.95,2.0,4.96,0.15,0.0,0.0,1027.0,8228.0,0.0,0.0,0.0,0.0,0.0,1.0,0.0,0.0,0.0,0.0,0.0,-0.4,0.0,-1.0,0.0,0.0014,16.0,25903.0
2026-07-30T18:57:35.598Z,25.081,25.092,-0.1,7.4,0.0,0.0,0.0,0.0,0.0,1.0,1.0,0.0,1.0,0.0,0.0,0.0,8.0,6.0,0.0,0.0,0.0,0.0,0.0,0.0,0.0,0.0,2.0,12.0,1.0,12.05,5.0200000000000005,2.5,1.49,-1.7000000000000002,0.2,1.7000000000000002,300.90000000000003,0.0,-5.0,6.4,0.5,24.4,0.0,0.0,264.1,0.0,21.9,26.700000000000003,26.700000000000003,28.3,300.0,300.0,29.5,32.9,27.9,27.200000000000003,29.1,4.95,2.0,4.96,0.16,0.0,0.0,1027.0,8228.0,0.0,0.0,0.0,0.0,0.0,1.0,0.0,0.0,0.0,-0.001,0.0,0.2,0.0,-7.7,0.1,0.0021,16.0,25903.0
2026-07-30T18:57:35.609Z,25.092,25.104,-2.1,7.4,0.0,0.0,0.0,0.0,0.0,1.0,1.0,0.0,1.0,0.0,0.0,0.0,8.0,6.0,0.0,0.0,0.0,0.0,0.0,0.0,0.0,0.0,3.0,12.0,1.0,12.05,5.0200000000000005,2.5,1.49,-5.5,0.1,5.5,298.1,0.5,-24.3,16.3,9.3,16.400000000000002,-3.7,0.0,251.8,0.0,21.9,26.700000000000003,26.700000000000003,28.3,300.0,300.0,29.5,32.9,27.9,27.200000000000003,29.1,4.96,2.0,4.96,0.16,0.0,0.0,1027.0,8228.0,0.0,0.0,0.0,0.0,0.0,1.0,0.0,0.0,0.0,-0.009,0.0,-1.2000000000000002,0.0,-26.0,-36.1,0.0115,16.0,25903.0
2026-07-30T18:57:35.621Z,25.104,25.116,-7.1000000000000005,7.4,0.0,0.0,0.0,0.0,0.0,1.0,1.0,0.0,1.0,0.0,0.0,0.0,8.0,6.0,0.0,0.0,0.0,0.0,0.0,0.0,0.0,0.0,4.0,12.0,1.0,12.05,5.0200000000000005,2.5,1.49,-4.2,0.9,4.3,298.2,1.0,-49.5,-6.4,55.6,9.3,-9.9,-4.0,207.5,0.0,21.9,26.700000000000003,26.700000000000003,28.3,300.0,300.0,29.5,32.9,27.9,27.200000000000003,29.1,4.95,2.0,4.97,0.16,0.0,0.0,1027.0,8228.0,0.0,0.0,0.0,0.0,0.0,1.0,0.0,0.0,-0.002,-0.023,0.0,-3.8,0.0,-60.7,-47.2,0.0371,16.0,25903.0
2026-07-30T18:57:35.633Z,25.116,25.128,-9.7,7.4,0.0,0.0,0.0,0.0,0.0,1.0,1.0,0.0,1.0,0.0,0.0,0.0,8.0,6.0,0.0,0.0,0.0,0.0,0.0,0.0,0.0,0.0,5.0,12.0,1.0,12.05,5.0200000000000005,2.5,1.49,-2.2,0.6000000000000001,2.3000000000000003,304.7,0.0,-11.4,-0.5,11.6,2.9000000000000004,-2.8000000000000003,-6.0,190.5,0.0,21.9,26.700000000000003,26.700000000000003,28.3,300.0,300.0,29.5,32.9,27.9,27.200000000000003,29.1,4.96,2.0,4.96,0.16,0.0,0.0,1027.0,8228.0,0.0,0.0,0.0,0.0,0.0,1.0,0.0,0.0,0.0,-0.015,0.0,3.8,0.0,-12.5,-22.1,0.0295,16.0,25903.0
2026-07-30T18:57:35.645Z,25.128,25.14,-8.6,7.4,0.0,0.0,0.0,0.0,0.0,1.0,1.0,0.0,1.0,0.0,0.0,0.0,8.0,6.0,0.0,0.0,0.0,0.0,0.0,0.0,0.0,0.0,6.0,12.0,1.0,12.05,5.0200000000000005,2.5,1.49,-1.4,0.5,1.4,302.8,0.0,-5.6000000000000005,0.5,4.0,-2.5,1.4,-6.0,198.1,0.0,21.9,26.700000000000003,26.700000000000003,28.3,300.0,300.0,29.5,32.9,27.9,27.200000000000003,29.1,4.96,2.0,4.96,0.16,0.0,0.0,1027.0,8228.0,0.0,0.0,0.0,0.0,0.0,1.0,0.0,0.0,0.0,-0.001,0.0,0.6000000000000001,0.0,-3.2,-6.9,0.0158,16.0,25903.0
2026-07-30T18:57:35.657Z,25.14,25.152,-7.6,7.4,0.0,0.0,0.0,0.0,0.0,1.0,1.0,0.0,1.0,0.0,0.0,0.0,8.0,6.0,0.0,0.0,0.0,0.0,0.0,0.0,0.0,0.0,1.0,12.0,1.0,12.05,5.0200000000000005,2.5,1.49,-1.7000000000000002,0.3,1.8,299.90000000000003,0.0,-7.300000000000001,1.7000000000000002,7.5,-7.800000000000001,1.9,-4.0,207.0,0.0,21.9,26.700000000000003,26.700000000000003,28.3,300.0,300.0,29.5,32.9,27.9,27.200000000000003,29.1,4.96,2.0,4.96,0.16,0.0,0.0,1027.0,8228.0,0.0,0.0,0.0,0.0,0.0,1.0,0.0,0.0,0.0,0.002,0.0,2.2,0.0,-9.6,-11.6,0.0101,16.0,25903.0
2026-07-30T18:57:35.669Z,25.152,25.164,-7.300000000000001,7.4,0.0,0.0,0.0,0.0,0.0,1.0,1.0,0.0,1.0,0.0,0.0,0.0,8.0,6.0,0.0,0.0,0.0,0.0,0.0,0.0,0.0,0.0,2.0,12.0,1.0,12.05,5.0200000000000005,2.5,1.49,-2.5,0.1,2.5,300.40000000000003,0.0,-12.6,2.9000000000000004,8.1,-13.4,1.9,-3.0,215.2,0.0,21.9,26.700000000000003,26.700000000000003,28.3,300.0,300.0,29.5,32.9,27.9,27.200000000000003,29.1,4.95,2.0,4.97,0.16,0.0,0.0,1027.0,8228.0,0.0,0.0,0.0,0.0,0.0,1.0,0.0,0.0,0.0,0.002,0.0,1.9,0.0,-11.3,-16.8,0.0129,16.0,25903.0
2026-07-30T18:57:35.681Z,25.164,25.176,-7.5,7.4,0.0,0.0,0.0,0.0,0.0,1.0,1.0,0.0,1.0,0.0,0.0,0.0,8.0,6.0,0.0,0.0,0.0,0.0,0.0,0.0,0.0,0.0,3.0,12.0,1.0,12.05,5.0200000000000005,2.5,1.49,-2.8000000000000003,0.0,2.8000000000000003,301.3,0.0,-14.4,4.0,10.4,-18.8,1.5,-2.0,222.1,0.0,21.9,26.700000000000003,26.700000000000003,28.3,300.0,300.0,29.5,32.9,27.9,27.200000000000003,29.1,4.95,1.99,4.96,0.16,0.0,0.0,1027.0,8228.0,0.0,0.0,0.0,0.0,0.0,1.0,0.0,0.0,0.0,0.002,0.0,0.9,0.0,-15.0,-18.6,0.0168,16.0,25903.0
2026-07-30T18:57:35.693Z,25.176,25.188,-7.9,7.4,0.0,0.0,0.0,0.0,0.0,1.0,1.0,0.0,1.0,0.0,0.0,0.0,8.0,6.0,0.0,0.0,0.0,0.0,0.0,0.0,0.0,0.0,4.0,12.0,1.0,12.05,5.0200000000000005,2.5,1.49,-2.9000000000000004,0.0,2.9000000000000004,301.2,0.0,-15.5,3.5,10.4,-23.8,0.4,-1.0,224.6,0.0,21.9,26.700000000000003,26.700000000000003,28.3,300.0,300.0,29.5,32.9,27.9,27.200000000000003,29.1,4.95,2.0,4.97,0.16,0.0,0.0,1027.0,8228.0,0.0,0.0,0.0,0.0,0.0,1.0,0.0,0.0,0.0,0.0,0.0,0.0,0.0,-16.3,-17.6,0.019,16.0,25903.0
2026-07-30T18:57:35.705Z,25.188,25.2,-8.200000000000001,7.4,0.0,0.0,0.0,0.0,0.0,1.0,1.0,0.0,1.0,0.0,0.0,0.0,8.0,6.0,0.0,0.0,0.0,0.0,0.0,0.0,0.0,0.0,6.0,12.0,1.0,12.05,5.0200000000000005,2.5,1.49,-2.9000000000000004,0.2,3.0,300.8,0.0,-15.0,1.7000000000000002,11.6,-28.4,-0.5,-1.0,222.2,0.0,22.200000000000003,26.700000000000003,26.700000000000003,30.0,300.0,300.0,29.5,33.1,28.0,27.200000000000003,29.1,4.95,2.0,4.97,0.16,0.0,0.0,1027.0,8228.0,0.0,0.0,0.0,0.0,0.0,1.0,0.0,0.0,0.0,-0.002,0.0,-0.2,0.0,-14.7,-15.3,0.0195,16.0,25903.0
2026-07-30T18:57:35.717Z,25.2,25.212,-8.3,7.4,0.0,0.0,0.0,0.0,0.0,1.0,1.0,0.0,1.0,0.0,0.0,0.0,8.0,6.0,0.0,0.0,0.0,0.0,0.0,0.0,0.0,0.0,1.0,12.0,1.0,12.05,5.0200000000000005,2.5,1.49,-2.6,0.2,2.6,301.0,0.0,-15.0,0.0,10.4,-32.5,-0.6000000000000001,-2.0,219.2,0.0,22.200000000000003,26.700000000000003,26.700000000000003,30.0,300.0,300.0,29.5,33.1,28.0,27.200000000000003,29.1,4.95,2.0,4.97,0.16,0.0,0.0,1027.0,8228.0,0.0,0.0,0.0,0.0,0.0,1.0,0.0,0.0,0.0,-0.002,0.0,-0.2,0.0,-16.3,-13.3,0.0199,16.0,25903.0
2026-07-30T18:57:35.729Z,25.212,25.224,-8.3,7.4,0.0,0.0,0.0,0.0,0.0,1.0,1.0,0.0,1.0,0.0,0.0,0.0,8.0,6.0,0.0,0.0,0.0,0.0,0.0,0.0,0.0,0.0,2.0,12.0,1.0,12.05,5.0200000000000005,2.5,1.49,-2.4000000000000004,0.2,2.4000000000000004,301.40000000000003,0.0,-12.0,2.9000000000000004,11.0,-36.2,-0.2,-2.0,218.2,0.0,22.200000000000003,26.700000000000003,26.700000000000003,30.0,300.0,300.0,29.5,33.1,28.0,27.200000000000003,29.1,4.95,2.0,4.97,0.16,0.0,0.0,1027.0,8228.0,0.0,0.0,0.0,0.0,0.0,1.0,0.0,0.0,0.0,-0.002,0.0,0.8,0.0,-14.7,-11.8,0.0178,16.0,25903.0
2026-07-30T18:57:35.741Z,25.224,25.236,-8.1,7.4,0.0,0.0,0.0,0.0,0.0,1.0,1.0,0.0,1.0,0.0,0.0,0.0,8.0,6.0,0.0,0.0,0.0,0.0,0.0,0.0,0.0,0.0,3.0,12.0,1.0,12.05,5.0200000000000005,2.5,1.49,-2.4000000000000004,0.2,2.4000000000000004,301.3,0.0,-10.9,2.3000000000000003,8.700000000000001,-39.7,0.2,-1.0,219.0,0.0,22.200000000000003,26.700000000000003,26.700000000000003,30.0,300.0,300.0,29.5,33.1,28.0,27.200000000000003,29.1,4.95,2.0,4.97,0.16,0.0,0.0,1027.0,8228.0,0.0,0.0,0.0,0.0,0.0,1.0,0.0,0.0,0.0,-0.001,0.0,0.5,0.0,-11.6,-11.6,0.0163,16.0,25903.0
2026-07-30T18:57:35.753Z,25.236,25.248,-7.9,7.4,0.0,0.0,0.0,0.0,0.0,1.0,1.0,0.0,1.0,0.0,0.0,0.0,8.0,6.0,0.0,0.0,0.0,0.0,0.0,0.0,0.0,0.0,4.0,12.0,1.0,12.05,5.0200000000000005,2.5,1.49,-2.3000000000000003,0.2,2.3000000000000003,300.90000000000003,0.0,-10.9,2.9000000000000004,10.4,-42.900000000000006,0.2,-1.0,219.9,0.0,22.200000000000003,26.700000000000003,26.700000000000003,30.0,300.0,300.0,29.5,33.1,28.0,27.200000000000003,29.1,4.96,2.0,4.97,0.16,0.0,0.0,1027.0,8228.0,0.0,0.0,0.0,0.0,0.0,1.0,0.0,0.0,0.0,-0.001,0.0,0.4,0.0,-14.0,-12.2,0.0161,16.0,25903.0
2026-07-30T18:57:35.765Z,25.248,25.26,-7.800000000000001,7.4,0.0,0.0,0.0,0.0,0.0,1.0,1.0,0.0,1.0,0.0,0.0,0.0,8.0,6.0,0.0,0.0,0.0,0.0,0.0,0.0,0.0,0.0,5.0,12.0,1.0,12.05,5.0200000000000005,2.5,1.49,-2.5,0.2,2.5,301.1,0.0,-12.0,2.3000000000000003,9.3,-45.900000000000006,0.1,-1.0,220.4,0.0,22.200000000000003,26.700000000000003,26.700000000000003,30.0,300.0,300.0,29.5,33.1,28.0,27.200000000000003,29.1,4.95,2.0,4.96,0.16,0.0,0.0,1027.0,8228.0,0.0,0.0,0.0,0.0,0.0,1.0,0.0,0.0,0.0,-0.001,0.0,0.1,0.0,-12.3,-12.9,0.0158,16.0,25903.0
2026-07-30T18:57:35.778Z,25.261,25.272,-7.7,7.4,0.0,0.0,0.0,0.0,0.0,1.0,1.0,0.0,1.0,0.0,0.0,0.0,8.0,6.0,0.0,0.0,0.0,0.0,0.0,0.0,0.0,0.0,6.0,12.0,1.0,12.05,5.0200000000000005,2.5,1.49,-2.5,0.2,2.6,301.1,0.0,-12.0,1.7000000000000002,9.9,-48.7,0.0,-1.0,220.1,0.0,22.200000000000003,26.700000000000003,26.700000000000003,30.0,300.0,300.0,29.5,33.1,28.0,27.200000000000003,29.1,4.96,2.0,4.96,0.16,0.0,0.0,1027.0,8228.0,0.0,0.0,0.0,0.0,0.0,1.0,0.0,0.0,0.0,-0.001,0.0,-0.4,0.0,-12.5,-13.4,0.0169,16.0,25903.0
2026-07-30T18:57:35.789Z,25.272,25.284,-7.7,7.4,0.0,0.0,0.0,0.0,0.0,1.0,1.0,0.0,1.0,0.0,0.0,0.0,8.0,6.0,0.0,0.0,0.0,0.0,0.0,0.0,0.0,0.0,1.0,12.0,1.0,12.05,5.0200000000000005,2.5,1.49,-2.5,0.2,2.5,301.0,0.0,-12.0,3.5,10.4,-51.2,-0.1,-1.0,219.7,0.0,22.200000000000003,26.700000000000003,26.700000000000003,30.0,300.0,300.0,29.5,33.1,28.0,27.200000000000003,29.1,4.96,2.0,4.96,0.16,0.0,0.0,1027.0,8228.0,0.0,0.0,0.0,0.0,0.0,1.0,0.0,0.0,0.0,-0.001,0.0,1.0,0.0,-14.5,-13.3,0.0173,16.0,25903.0
2026-07-30T18:57:35.802Z,25.285,25.296,-7.7,7.4,0.0,0.0,0.0,0.0,0.0,1.0,1.0,0.0,1.0,0.0,0.0,0.0,8.0,6.0,0.0,0.0,0.0,0.0,0.0,0.0,0.0,0.0,3.0,12.0,1.0,12.05,5.01,2.51,1.49,-2.4000000000000004,0.2,2.5,301.1,0.0,-12.0,2.9000000000000004,11.6,-53.6,0.0,-1.0,219.4,0.0,22.1,26.8,26.8,29.8,300.0,300.0,29.5,33.4,28.0,27.200000000000003,29.1,4.95,2.0,4.96,0.16,0.0,0.0,1027.0,8228.0,0.0,0.0,0.0,0.0,0.0,1.0,0.0,0.0,0.0,-0.001,0.0,0.3,0.0,-15.4,-13.2,0.017,16.0,25903.0
2026-07-30T18:57:35.813Z,25.296,25.308,-7.7,7.4,0.0,0.0,0.0,0.0,0.0,1.0,1.0,0.0,1.0,0.0,0.0,0.0,8.0,6.0,0.0,0.0,0.0,0.0,0.0,0.0,0.0,0.0,4.0,12.0,1.0,12.05,5.01,2.51,1.49,-2.4000000000000004,0.2,2.5,301.2,0.0,-11.4,2.3000000000000003,11.0,-55.8,0.0,-1.0,219.6,0.0,22.1,26.8,26.8,29.8,300.0,300.0,29.5,33.4,28.0,27.200000000000003,29.1,4.96,2.0,4.96,0.16,0.0,0.0,1027.0,8228.0,0.0,0.0,0.0,0.0,0.0,1.0,0.0,0.0,0.0,-0.001,0.0,0.0,0.0,-14.3,-13.0,0.0166,16.0,25903.0
2026-07-30T18:57:35.824Z,25.307,25.32,-7.7,7.4,0.0,0.0,0.0,0.0,0.0,1.0,1.0,0.0,1.0,0.0,0.0,0.0,8.0,6.0,0.0,0.0,0.0,0.0,0.0,0.0,0.0,0.0,5.0,12.0,1.0,12.05,5.01,2.51,1.49,-2.5,0.2,2.5,301.0,0.0,-12.0,1.7000000000000002,11.0,-57.900000000000006,0.0,-1.0,219.7,0.0,22.1,26.8,26.8,29.8,300.0,300.0,29.5,33.4,28.0,27.200000000000003,29.1,4.95,2.0,4.96,0.16,0.0,0.0,1027.0,8228.0,0.0,0.0,0.0,0.0,0.0,1.0,0.0,0.0,0.0,-0.001,0.0,-0.6000000000000001,0.0,-13.8,-13.0,0.0167,16.0,25903.0
2026-07-30T18:57:35.837Z,25.32,25.332,-7.6,7.4,0.0,0.0,0.0,0.0,0.0,1.0,1.0,0.0,1.0,0.0,0.0,0.0,8.0,6.0,0.0,0.0,0.0,0.0,0.0,0.0,0.0,0.0,6.0,12.0,1.0,12.05,5.01,2.51,1.49,-2.5,0.2,2.5,301.1,0.0,-12.6,2.9000000000000004,9.3,-59.8,0.0,0.0,219.7,0.0,22.1,26.8,26.8,29.8,300.0,300.0,29.5,33.4,28.0,27.200000000000003,29.1,4.95,2.0,4.96,0.16,0.0,0.0,1027.0,8228.0,0.0,0.0,0.0,0.0,0.0,1.0,0.0,0.0,0.0,-0.001,0.0,0.7000000000000001,0.0,-12.7,-13.0,0.0168,16.0,25903.0
2026-07-30T18:57:35.849Z,25.332,25.344,-7.6,7.4,0.0,0.0,0.0,0.0,0.0,1.0,1.0,0.0,1.0,0.0,0.0,0.0,8.0,6.0,0.0,0.0,0.0,0.0,0.0,0.0,0.0,0.0,1.0,12.0,1.0,12.05,5.01,2.51,1.49,-2.4000000000000004,0.2,2.5,301.1,0.0,-13.2,2.9000000000000004,11.0,-61.5,0.0,0.0,219.6,0.0,22.1,26.8,26.8,29.8,300.0,300.0,29.5,33.4,28.0,27.200000000000003,29.1,4.96,2.0,4.96,0.16,0.0,0.0,1027.0,8228.0,0.0,0.0,0.0,0.0,0.0,1.0,0.0,0.0,0.0,-0.001,0.0,0.4,0.0,-14.7,-13.0,0.0171,16.0,25903.0
2026-07-30T18:57:35.861Z,25.344,25.356,-7.6,7.4,0.0,0.0,0.0,0.0,0.0,1.0,1.0,0.0,1.0,0.0,0.0,0.0,8.0,6.0,0.0,0.0,0.0,0.0,0.0,0.0,0.0,0.0,2.0,12.0,1.0,12.05,5.01,2.51,1.49,-2.5,0.3,2.6,301.0,0.0,-12.0,1.1,9.3,-63.2,0.0,0.0,219.6,0.0,22.1,26.8,26.8,29.8,300.0,300.0,29.5,33.4,28.0,27.200000000000003,29.1,4.95,2.0,4.96,0.16,0.0,0.0,1027.0,8228.0,0.0,0.0,0.0,0.0,0.0,1.0,0.0,0.0,0.0,-0.001,0.0,-0.7000000000000001,0.0,-11.4,-12.9,0.0167,16.0,25903.0
2026-07-30T18:57:35.873Z,25.356,25.368,-7.6,7.4,0.0,0.0,0.0,0.0,0.0,1.0,1.0,0.0,1.0,0.0,0.0,0.0,8.0,6.0,0.0,0.0,0.0,0.0,0.0,0.0,0.0,0.0,4.0,12.0,1.0,12.05,5.01,2.51,1.49,-2.5,0.2,2.5,301.1,0.0,-11.4,1.7000000000000002,9.3,-64.7,0.0,0.0,219.7,0.0,22.1,26.8,26.8,29.8,300.0,300.0,29.5,33.4,28.0,27.200000000000003,29.1,4.96,1.99,4.97,0.16,0.0,0.0,1027.0,8228.0,0.0,0.0,0.0,0.0,0.0,1.0,0.0,0.0,0.0,-0.001,0.0,-0.2,0.0,-11.8,-12.9,0.0173,16.0,25903.0
2026-07-30T18:57:35.885Z,25.368,25.38,-7.6,7.4,0.0,0.0,0.0,0.0,0.0,1.0,1.0,0.0,1.0,0.0,0.0,0.0,8.0,6.0,0.0,0.0,0.0,0.0,0.0,0.0,0.0,0.0,5.0,12.0,1.0,12.05,5.01,2.51,1.49,-2.5,0.2,2.5,301.1,0.0,-12.6,1.7000000000000002,8.700000000000001,-66.10000000000001,0.0,0.0,219.8,0.0,22.1,26.8,26.8,29.8,300.0,300.0,29.5,33.4,28.0,27.200000000000003,29.1,4.96,2.0,4.96,0.16,0.0,0.0,1027.0,8228.0,0.0,0.0,0.0,0.0,0.0,1.0,0.0,0.0,0.0,-0.001,0.0,-0.1,0.0,-11.2,-12.7,0.0169,16.0,25903.0
2026-07-30T18:57:35.897Z,25.38,25.392,-7.6,7.4,0.0,0.0,0.0,0.0,0.0,1.0,1.0,0.0,1.0,0.0,0.0,0.0,8.0,6.0,0.0,0.0,0.0,0.0,0.0,0.0,0.0,0.0,6.0,12.0,1.0,12.05,5.01,2.51,1.49,-2.4000000000000004,0.2,2.5,301.0,0.0,-12.6,2.3000000000000003,10.4,-67.4,0.0,0.0,219.9,0.0,22.1,26.8,26.8,29.8,300.0,300.0,29.5,33.4,28.0,27.200000000000003,29.1,4.96,2.0,4.96,0.16,0.0,0.0,1027.0,8228.0,0.0,0.0,0.0,0.0,0.0,1.0,0.0,0.0,0.0,-0.001,0.0,0.0,0.0,-13.6,-12.8,0.0171,16.0,25903.0
2026-07-30T18:57:35.909Z,25.392,25.404,-7.6,7.4,0.0,0.0,0.0,0.0,0.0,1.0,1.0,0.0,1.0,0.0,0.0,0.0,8.0,6.0,0.0,0.0,0.0,0.0,0.0,0.0,0.0,0.0,1.0,12.0,1.0,12.06,5.01,2.51,1.49,-2.6,0.2,2.6,301.0,0.0,-13.2,1.1,8.1,-68.60000000000001,0.0,0.0,219.8,0.0,22.200000000000003,26.8,26.8,29.8,300.0,300.0,29.5,33.6,28.0,27.200000000000003,29.1,4.96,2.0,4.96,0.16,0.0,0.0,1027.0,8228.0,0.0,0.0,0.0,0.0,0.0,1.0,0.0,0.0,0.0,-0.001,0.0,-0.5,0.0,-10.1,-12.9,0.0166,16.0,25903.0
2026-07-30T18:57:35.921Z,25.404,25.416,-7.6,7.4,0.0,0.0,0.0,0.0,0.0,1.0,1.0,0.0,1.0,0.0,0.0,0.0,8.0,6.0,0.0,0.0,0.0,0.0,0.0,0.0,0.0,0.0,2.0,12.0,1.0,12.06,5.01,2.51,1.49,-2.6,0.2,2.6,301.1,0.0,-12.0,0.5,8.1,-69.7,0.0,0.0,219.7,0.0,22.200000000000003,26.8,26.8,29.8,300.0,300.0,29.5,33.6,28.0,27.200000000000003,29.1,4.95,2.0,4.96,0.16,0.0,0.0,1027.0,8228.0,0.0,0.0,0.0,0.0,0.0,1.0,0.0,0.0,0.0,-0.001,0.0,-1.0,0.0,-9.7,-12.9,0.0174,16.0,25903.0
2026-07-30T18:57:35.933Z,25.416,25.428,-7.5,7.4,0.0,0.0,0.0,0.0,0.0,1.0,1.0,0.0,1.0,0.0,0.0,0.0,8.0,6.0,0.0,0.0,0.0,0.0,0.0,0.0,0.0,0.0,3.0,12.0,1.0,12.06,5.01,2.51,1.49,-2.4000000000000004,0.2,2.4000000000000004,301.0,0.0,-13.2,1.7000000000000002,11.0,-70.7,0.0,0.0,219.6,0.0,22.200000000000003,26.8,26.8,29.8,300.0,300.0,29.5,33.6,28.0,27.200000000000003,29.1,4.95,2.0,4.96,0.16,0.0,0.0,1027.0,8228.0,0.0,0.0,0.0,0.0,0.0,1.0,0.0,0.0,0.0,-0.001,0.0,-0.5,0.0,-13.9,-12.8,0.0174,16.0,25903.0
2026-07-30T18:57:35.945Z,25.428,25.44,-7.5,7.4,0.0,0.0,0.0,0.0,0.0,1.0,1.0,0.0,1.0,0.0,0.0,0.0,8.0,6.0,0.0,0.0,0.0,0.0,0.0,0.0,0.0,0.0,5.0,12.0,1.0,12.06,5.01,2.51,1.49,-2.5,0.2,2.5,301.1,0.0,-12.6,1.7000000000000002,8.700000000000001,-71.7,0.0,0.0,219.7,0.0,22.200000000000003,26.8,26.8,29.8,300.0,300.0,29.5,33.6,28.0,27.200000000000003,29.1,4.96,2.0,4.96,0.16,0.0,0.0,1027.0,8228.0,0.0,0.0,0.0,0.0,0.0,1.0,0.0,0.0,0.0,-0.001,0.0,-0.1,0.0,-11.2,-12.8,0.0165,16.0,25903.0
2026-07-30T18:57:35.958Z,25.441,25.452,-7.5,7.4,0.0,0.0,0.0,0.0,0.0,1.0,1.0,0.0,1.0,0.0,0.0,0.0,8.0,6.0,0.0,0.0,0.0,0.0,0.0,0.0,0.0,0.0,6.0,12.0,1.0,12.06,5.01,2.51,1.49,-2.4000000000000004,0.2,2.4000000000000004,301.1,0.0,-12.0,1.7000000000000002,10.4,-72.60000000000001,0.0,0.0,219.9,0.0,22.200000000000003,26.8,26.8,29.8,300.0,300.0,29.5,33.6,28.0,27.200000000000003,29.1,4.95,2.0,4.97,0.16,0.0,0.0,1027.0,8228.0,0.0,0.0,0.0,0.0,0.0,1.0,0.0,0.0,0.0,-0.001,0.0,-0.5,0.0,-13.2,-12.9,0.0171,16.0,25903.0
2026-07-30T18:57:35.969Z,25.452,25.464,-7.5,7.4,0.0,0.0,0.0,0.0,0.0,1.0,1.0,0.0,1.0,0.0,0.0,0.0,8.0,6.0,0.0,0.0,0.0,0.0,0.0,0.0,0.0,0.0,6.0,12.0,1.0,12.06,5.01,2.51,1.49,-2.5,0.2,2.5,301.0,0.0,-12.6,1.1,8.700000000000001,-73.4,0.0,0.0,219.8,0.0,22.200000000000003,26.8,26.8,29.8,300.0,300.0,29.5,33.6,28.0,27.200000000000003,29.1,4.95,2.0,4.97,0.16,0.0,0.0,1027.0,8228.0,0.0,0.0,0.0,0.0,0.0,1.0,0.0,0.0,0.0,-0.001,0.0,-0.6000000000000001,0.0,-10.7,-12.8,0.0166,16.0,25903.0
2026-07-30T18:57:35.981Z,25.464,25.476,-7.5,7.4,0.0,0.0,0.0,0.0,0.0,1.0,1.0,0.0,1.0,0.0,0.0,0.0,8.0,6.0,0.0,0.0,0.0,0.0,0.0,0.0,0.0,0.0,2.0,12.0,1.0,12.06,5.01,2.51,1.49,-2.5,0.2,2.5,301.1,0.0,-12.6,2.3000000000000003,9.3,-74.10000000000001,0.0,0.0,219.7,0.0,22.200000000000003,26.8,26.8,29.8,300.0,300.0,29.5,33.6,28.0,27.200000000000003,29.1,4.95,2.0,4.97,0.16,0.0,0.0,1027.0,8228.0,0.0,0.0,0.0,0.0,0.0,1.0,0.0,0.0,0.0,-0.001,0.0,0.2,0.0,-12.3,-12.8,0.0172,16.0,25903.0
2026-07-30T18:57:35.993Z,25.476,25.488,-7.5,7.4,0.0,0.0,0.0,0.0,0.0,1.0,1.0,0.0,1.0,0.0,0.0,0.0,8.0,6.0,0.0,0.0,0.0,0.0,0.0,0.0,0.0,0.0,3.0,12.0,1.0,12.06,5.01,2.51,1.49,-2.5,0.2,2.5,300.90000000000003,0.0,-11.4,1.7000000000000002,9.3,-74.8,0.0,0.0,219.6,0.0,22.200000000000003,26.8,26.8,29.8,300.0,300.0,29.5,33.6,28.0,27.200000000000003,29.1,4.95,1.99,4.97,0.16,0.0,0.0,1027.0,8228.0,0.0,0.0,0.0,0.0,0.0,1.0,0.0,0.0,0.0,-0.001,0.0,-0.2,0.0,-11.8,-12.8,0.0168,16.0,25903.0
2026-07-30T18:57:36.006Z,25.489,25.5,-7.5,7.4,0.0,0.0,0.0,0.0,0.0,1.0,1.0,0.0,1.0,0.0,0.0,0.0,8.0,6.0,0.0,0.0,0.0,0.0,0.0,0.0,0.0,0.0,4.0,12.0,1.0,12.05,5.01,2.5,1.49,-2.5,0.2,2.5,301.0,0.0,-11.4,3.5,8.700000000000001,-75.5,0.0,0.0,219.6,0.0,21.4,26.8,26.8,29.8,300.0,300.0,29.5,33.7,28.0,27.3,29.200000000000003,4.95,1.99,4.96,0.16,0.0,0.0,1027.0,8228.0,0.0,0.0,0.0,0.0,0.0,1.0,0.0,0.0,0.0,-0.001,0.0,1.4,0.0,-12.5,-12.9,0.017,16.0,25903.0
2026-07-30T18:57:36.017Z,25.5,25.512,-7.5,7.4,0.0,0.0,0.0,0.0,0.0,1.0,1.0,0.0,1.0,0.0,0.0,0.0,8.0,6.0,0.0,0.0,0.0,0.0,0.0,0.0,0.0,0.0,5.0,12.0,1.0,12.05,5.01,2.5,1.49,-2.4000000000000004,0.2,2.4000000000000004,301.2,-0.1,-12.0,1.7000000000000002,10.4,-76.10000000000001,0.0,0.0,219.6,0.0,21.4,26.8,26.8,29.8,300.0,300.0,29.5,33.7,28.0,27.3,29.200000000000003,4.95,2.0,4.96,0.16,0.0,0.0,1027.0,8228.0,0.0,0.0,0.0,0.0,0.0,1.0,0.0,0.0,0.0,-0.001,0.0,-0.4,0.0,-13.2,-12.8,0.0168,16.0,25903.0
2026-07-30T18:57:36.029Z,25.512,25.524,-7.5,7.4,0.0,0.0,0.0,0.0,0.0,1.0,1.0,0.0,1.0,0.0,0.0,0.0,8.0,6.0,0.0,0.0,0.0,0.0,0.0,0.0,0.0,0.0,6.0,12.0,1.0,12.05,5.01,2.5,1.49,-2.3000000000000003,0.2,2.3000000000000003,300.90000000000003,-0.1,-10.9,3.5,12.8,-76.60000000000001,0.0,0.0,219.7,0.0,21.4,26.8,26.8,29.8,300.0,300.0,29.5,33.7,28.0,27.3,29.200000000000003,4.95,2.0,4.96,0.16,0.0,0.0,1027.0,8228.0,0.0,0.0,0.0,0.0,0.0,1.0,0.0,0.0,0.0,-0.001,0.0,0.6000000000000001,0.0,-17.1,-12.7,0.0165,16.0,25903.0
2026-07-30T18:57:36.042Z,25.525,25.536,-7.5,7.4,0.0,0.0,0.0,0.0,0.0,1.0,1.0,0.0,1.0,0.0,0.0,0.0,8.0,6.0,0.0,0.0,0.0,0.0,0.0,0.0,0.0,0.0,1.0,12.0,1.0,12.05,5.01,2.5,1.49,-2.4000000000000004,0.2,2.4000000000000004,301.1,-0.1,-10.9,2.9000000000000004,10.4,-77.10000000000001,0.0,0.0,219.8,0.0,21.4,26.8,26.8,29.8,300.0,300.0,29.5,33.7,28.0,27.3,29.200000000000003,4.95,2.0,4.96,0.16,0.0,0.0,1027.0,8228.0,0.0,0.0,0.0,0.0,0.0,1.0,0.0,0.0,0.0,-0.001,0.0,0.5,0.0,-14.0,-12.7,0.0156,16.0,25903.0
2026-07-30T18:57:36.054Z,25.537,25.548,-7.5,7.4,0.0,0.0,0.0,0.0,0.0,1.0,1.0,0.0,1.0,0.0,0.0,0.0,8.0,6.0,0.0,0.0,0.0,0.0,0.0,0.0,0.0,0.0,2.0,12.0,1.0,12.05,5.01,2.5,1.49,-2.4000000000000004,0.2,2.4000000000000004,301.1,-0.1,-10.9,3.5,11.0,-77.60000000000001,0.0,0.0,219.7,0.0,21.4,26.8,26.8,29.8,300.0,300.0,29.5,33.7,28.0,27.3,29.200000000000003,4.96,2.0,4.96,0.17,0.0,0.0,1027.0,8228.0,0.0,0.0,0.0,0.0,0.0,1.0,0.0,0.0,0.0,-0.001,0.0,0.9,0.0,-15.1,-12.8,0.0163,16.0,25903.0
2026-07-30T18:57:36.065Z,25.548,25.56,-7.5,7.4,0.0,0.0,0.0,0.0,0.0,1.0,1.0,0.0,1.0,0.0,0.0,0.0,8.0,6.0,0.0,0.0,0.0,0.0,0.0,0.0,0.0,0.0,3.0,12.0,1.0,12.05,5.01,2.5,1.49,-2.5,0.2,2.5,301.0,-0.1,-11.4,1.7000000000000002,9.3,-78.10000000000001,0.0,0.0,219.7,0.0,21.4,26.8,26.8,29.8,300.0,300.0,29.5,33.7,28.0,27.3,29.200000000000003,4.95,2.0,4.96,0.17,0.0,0.0,1027.0,8228.0,0.0,0.0,0.0,0.0,0.0,1.0,0.0,0.0,0.0,-0.001,0.0,-0.2,0.0,-11.8,-12.8,0.0161,16.0,25903.0
2026-07-30T18:57:36.077Z,25.56,25.572,-7.5,7.4,0.0,0.0,0.0,0.0,0.0,1.0,1.0,0.0,1.0,0.0,0.0,0.0,8.0,6.0,0.0,0.0,0.0,0.0,0.0,0.0,0.0,0.0,4.0,12.0,1.0,12.05,5.01,2.5,1.49,-2.4000000000000004,0.2,2.4000000000000004,301.0,-0.1,-10.9,3.5,9.9,-78.5,0.0,0.0,219.7,0.0,21.4,26.8,26.8,29.8,300.0,300.0,29.5,33.7,28.0,27.3,29.200000000000003,4.95,1.99,4.96,0.16,0.0,0.0,1027.0,8228.0,0.0,0.0,0.0,0.0,0.0,1.0,0.0,0.0,0.0,-0.001,0.0,1.1,0.0,-13.8,-12.8,0.0168,16.0,25903.0
2026-07-30T18:57:36.088Z,25.571,25.584,-7.5,7.4,0.0,0.0,0.0,0.0,0.0,1.0,1.0,0.0,1.0,0.0,0.0,0.0,8.0,6.0,0.0,0.0,0.0,0.0,0.0,0.0,0.0,0.0,5.0,12.0,1.0,12.05,5.01,2.5,1.49,-2.4000000000000004,0.2,2.4000000000000004,301.1,-0.1,-11.4,4.0,11.0,-78.9,0.0,0.0,219.8,0.0,21.4,26.8,26.8,29.8,300.0,300.0,29.5,33.7,28.0,27.3,29.200000000000003,4.95,2.0,4.96,0.16,0.0,0.0,1027.0,8228.0,0.0,0.0,0.0,0.0,0.0,1.0,0.0,0.0,0.0,-0.001,0.0,1.4,0.0,-15.6,-12.8,0.0164,16.0,25903.0
2026-07-30T18:57:36.101Z,25.584,25.596,-7.5,7.4,0.0,0.0,0.0,0.0,0.0,1.0,1.0,0.0,1.0,0.0,0.0,0.0,8.0,6.0,0.0,0.0,0.0,0.0,0.0,0.0,0.0,0.0,6.0,12.0,1.0,12.05,5.01,2.5,1.49,-2.4000000000000004,0.2,2.5,301.0,0.0,-12.0,2.3000000000000003,9.9,-79.2,0.0,0.0,219.8,0.0,21.4,26.8,26.8,29.8,300.0,300.0,29.5,33.7,28.0,27.3,29.200000000000003,4.96,2.0,4.96,0.16,0.0,0.0,1027.0,8228.0,0.0,0.0,0.0,0.0,0.0,1.0,0.0,0.0,0.0,-0.001,0.0,0.1,0.0,-12.9,-12.8,0.016,16.0,25903.0
2026-07-30T18:57:36.112Z,25.595,25.608,-7.5,7.4,0.0,0.0,0.0,0.0,0.0,1.0,1.0,0.0,1.0,0.0,0.0,0.0,8.0,6.0,0.0,0.0,0.0,0.0,0.0,0.0,0.0,0.0,1.0,12.0,1.0,12.06,5.01,2.5,1.49,-2.5,0.2,2.5,301.1,-0.1,-11.4,1.7000000000000002,9.9,-79.60000000000001,0.0,0.0,219.7,0.0,22.3,26.8,26.8,29.8,300.0,300.0,29.5,33.7,28.0,27.4,29.200000000000003,4.95,2.0,4.96,0.16,0.0,0.0,1027.0,8228.0,0.0,0.0,0.0,0.0,0.0,1.0,0.0,0.0,0.0,-0.001,0.0,-0.3,0.0,-12.5,-12.8,0.0166,16.0,25903.0
2026-07-30T18:57:36.125Z,25.608,25.62,-7.5,7.4,0.0,0.0,0.0,0.0,0.0,1.0,1.0,0.0,1.0,0.0,0.0,0.0,8.0,6.0,0.0,0.0,0.0,0.0,0.0,0.0,0.0,0.0,2.0,12.0,1.0,12.06,5.01,2.5,1.49,-2.3000000000000003,0.2,2.4000000000000004,301.1,-0.1,-11.4,4.0,11.0,-79.9,0.0,0.0,219.7,0.0,22.3,26.8,26.8,29.8,300.0,300.0,29.5,33.7,28.0,27.4,29.200000000000003,4.95,2.0,4.96,0.16,0.0,0.0,1027.0,8228.0,0.0,0.0,0.0,0.0,0.0,1.0,0.0,0.0,0.0,-0.001,0.0,1.4,0.0,-15.6,-12.8,0.0167,16.0,25903.0
2026-07-30T18:57:36.137Z,25.62,25.632,-7.5,7.4,0.0,0.0,0.0,0.0,0.0,1.0,1.0,0.0,1.0,0.0,0.0,0.0,8.0,6.0,0.0,0.0,0.0,0.0,0.0,0.0,0.0,0.0,3.0,12.0,1.0,12.06,5.01,2.5,1.49,-2.5,0.2,2.5,301.1,0.0,-12.0,2.3000000000000003,9.3,-80.2,0.0,0.0,219.7,0.0,22.3,26.8,26.8,29.8,300.0,300.0,29.5,33.7,28.0,27.4,29.200000000000003,4.96,2.0,4.96,0.16,0.0,0.0,1027.0,8228.0,0.0,0.0,0.0,0.0,0.0,1.0,0.0,0.0,0.0,-0.001,0.0,0.2,0.0,-12.3,-12.7,0.0175,16.0,25903.0
2026-07-30T18:57:36.149Z,25.632,25.644,-7.4,7.4,0.0,0.0,0.0,0.0,0.0,1.0,1.0,0.0,1.0,0.0,0.0,0.0,8.0,6.0,0.0,0.0,0.0,0.0,0.0,0.0,0.0,0.0,4.0,12.0,1.0,12.06,5.01,2.5,1.49,-2.5,0.2,2.5,301.1,0.0,-12.0,2.3000000000000003,9.9,-80.4,0.0,0.0,219.7,0.0,22.3,26.8,26.8,29.8,300.0,300.0,29.5,33.7,28.0,27.4,29.200000000000003,4.95,2.0,4.97,0.16,0.0,0.0,1027.0,8228.0,0.0,0.0,0.0,0.0,0.0,1.0,0.0,0.0,0.0,-0.001,0.0,-1.0,0.0,-12.8,-12.8,0.0171,16.0,25903.0
2026-07-30T18:57:36.161Z,25.644,25.656,-7.5,7.4,0.0,0.0,0.0,0.0,0.0,1.0,1.0,0.0,1.0,0.0,0.0,0.0,8.0,6.0,0.0,0.0,0.0,0.0,0.0,0.0,0.0,0.0,5.0,12.0,1.0,12.06,5.01,2.5,1.49,-2.4000000000000004,0.2,2.4000000000000004,301.1,0.0,-11.4,2.3000000000000003,11.0,-80.7,0.0,0.0,219.7,0.0,22.3,26.8,26.8,29.8,300.0,300.0,29.5,33.7,28.0,27.4,29.200000000000003,4.96,2.0,4.96,0.16,0.0,0.0,1027.0,8228.0,0.0,0.0,0.0,0.0,0.0,1.0,0.0,0.0,0.0,-0.001,0.0,0.0,0.0,-14.3,-12.9,0.0169,16.0,25903.0
2026-07-30T18:57:36.173Z,25.656,25.668,-7.5,7.4,0.0,0.0,0.0,0.0,0.0,1.0,1.0,0.0,1.0,0.0,0.0,0.0,8.0,6.0,0.0,0.0,0.0,0.0,0.0,0.0,0.0,0.0,1.0,12.0,1.0,12.06,5.01,2.5,1.49,-2.5,0.2,2.5,301.0,0.0,-12.0,1.7000000000000002,9.9,-80.9,0.0,0.0,219.8,0.0,22.3,26.8,26.8,29.8,300.0,300.0,29.5,33.7,28.0,27.4,29.200000000000003,4.96,2.0,4.97,0.16,0.0,0.0,1027.0,8228.0,0.0,0.0,0.0,0.0,0.0,1.0,0.0,0.0,0.0,-0.001,0.0,-0.3,0.0,-12.5,-12.7,0.0168,16.0,25903.0
2026-07-30T18:57:36.185Z,25.668,25.68,-7.5,7.4,0.0,0.0,0.0,0.0,0.0,1.0,1.0,0.0,1.0,0.0,0.0,0.0,8.0,6.0,0.0,0.0,0.0,0.0,0.0,0.0,0.0,0.0,1.0,12.0,1.0,12.06,5.01,2.5,1.49,-2.5,0.2,2.5,301.0,0.0,-12.6,1.7000000000000002,9.3,-81.2,0.0,0.0,219.8,0.0,22.3,26.8,26.8,29.8,300.0,300.0,29.5,33.7,28.0,27.4,29.200000000000003,4.95,2.0,4.97,0.16,0.0,0.0,1027.0,8228.0,0.0,0.0,0.0,0.0,0.0,1.0,0.0,0.0,0.0,-0.001,0.0,-0.2,0.0,-11.8,-12.8,0.0174,16.0,25903.0
2026-07-30T18:57:36.198Z,25.681,25.692,-7.5,7.4,0.0,0.0,0.0,0.0,0.0,1.0,1.0,0.0,1.0,0.0,0.0,0.0,8.0,6.0,0.0,0.0,0.0,0.0,0.0,0.0,0.0,0.0,2.0,12.0,1.0,12.06,5.01,2.5,1.49,-2.5,0.2,2.5,301.0,0.0,-12.0,2.3000000000000003,8.700000000000001,-81.4,0.0,0.0,219.8,0.0,22.3,26.8,26.8,29.8,300.0,300.0,29.5,33.7,28.0,27.4,29.200000000000003,4.95,2.0,4.97,0.16,0.0,0.0,1027.0,8228.0,0.0,0.0,0.0,0.0,0.0,1.0,0.0,0.0,0.0,-0.001,0.0,0.3,0.0,-11.2,-12.8,0.0164,16.0,25903.0
2026-07-30T18:57:36.210Z,25.693,25.704,-7.5,7.4,0.0,0.0,0.0,0.0,0.0,1.0,1.0,0.0,1.0,0.0,0.0,0.0,8.0,6.0,0.0,0.0,0.0,0.0,0.0,0.0,0.0,0.0,3.0,12.0,1.0,12.05,5.0200000000000005,2.5,1.49,-2.5,0.2,2.5,301.1,0.0,-12.0,0.5,8.700000000000001,-81.60000000000001,0.0,0.0,219.7,0.0,22.1,26.8,26.8,29.8,300.0,300.0,29.5,33.7,28.0,27.4,29.3,4.96,2.0,4.96,0.16,0.0,0.0,1027.0,8228.0,0.0,0.0,0.0,0.0,0.0,1.0,0.0,0.0,0.0,-0.001,0.0,-0.7000000000000001,0.0,-11.4,-12.8,0.0171,16.0,25903.0
2026-07-30T18:57:36.222Z,25.705,25.716,-7.5,7.4,0.0,0.0,0.0,0.0,0.0,1.0,1.0,0.0,1.0,0.0,0.0,0.0,8.0,6.0,0.0,0.0,0.0,0.0,0.0,0.0,0.0,0.0,5.0,12.0,1.0,12.05,5.0200000000000005,2.5,1.49,-2.5,0.2,2.5,301.1,0.0,-12.6,1.1,8.1,-81.7,0.0,0.0,219.9,0.0,22.1,26.8,26.8,29.8,300.0,300.0,29.5,33.7,28.0,27.4,29.3,4.96,2.0,4.96,0.16,0.0,0.0,1027.0,8228.0,0.0,0.0,0.0,0.0,0.0,1.0,0.0,0.0,0.0,-0.001,0.0,0.3,0.0,-11.6,-12.7,0.017,16.0,25903.0
2026-07-30T18:57:36.233Z,25.716,25.728,-7.5,7.4,0.0,0.0,0.0,0.0,0.0,1.0,1.0,0.0,1.0,0.0,0.0,0.0,8.0,6.0,0.0,0.0,0.0,0.0,0.0,0.0,0.0,0.0,6.0,12.0,1.0,12.05,5.0200000000000005,2.5,1.49,-2.4000000000000004,0.2,2.4000000000000004,301.1,0.0,-13.2,1.1,9.3,-81.9,0.0,0.0,219.9,0.0,22.1,26.8,26.8,29.8,300.0,300.0,29.5,33.7,28.0,27.4,29.3,4.95,2.0,4.96,0.16,0.0,0.0,1027.0,8228.0,0.0,0.0,0.0,0.0,0.0,1.0,0.0,0.0,0.0,-0.001,0.0,1.7000000000000002,0.0,-13.6,-12.7,0.0168,16.0,25903.0
2026-07-30T18:57:36.245Z,25.728,25.74,-7.4,7.4,0.0,0.0,0.0,0.0,0.0,1.0,1.0,0.0,1.0,0.0,0.0,0.0,8.0,6.0,0.0,0.0,0.0,0.0,0.0,0.0,0.0,0.0,1.0,12.0,1.0,12.05,5.0200000000000005,2.5,1.49,-2.4000000000000004,0.2,2.5,301.2,0.0,-10.9,1.7000000000000002,10.4,-82.10000000000001,0.0,0.0,219.9,0.0,22.1,26.8,26.8,29.8,300.0,300.0,29.5,33.7,28.0,27.4,29.3,4.96,2.0,4.96,0.16,0.0,0.0,1027.0,8228.0,0.0,0.0,0.0,0.0,0.0,1.0,0.0,0.0,0.0,-0.001,0.0,-0.5,0.0,-13.2,-12.7,0.0164,16.0,25903.0
2026-07-30T18:57:36.257Z,25.74,25.752,-7.5,7.4,0.0,0.0,0.0,0.0,0.0,1.0,1.0,0.0,1.0,0.0,0.0,0.0,8.0,6.0,0.0,0.0,0.0,0.0,0.0,0.0,0.0,0.0,2.0,12.0,1.0,12.05,5.0200000000000005,2.5,1.49,-2.4000000000000004,0.2,2.4000000000000004,301.0,-0.1,-11.4,2.3000000000000003,11.0,-82.2,0.0,0.0,219.7,0.0,22.1,26.8,26.8,29.8,300.0,300.0,29.5,33.7,28.0,27.4,29.3,4.95,2.0,4.96,0.16,0.0,0.0,1027.0,8228.0,0.0,0.0,0.0,0.0,0.0,1.0,0.0,0.0,0.0,-0.001,0.0,0.0,0.0,-14.3,-12.8,0.0166,16.0,25903.0
2026-07-30T18:57:36.269Z,25.752,25.764,-7.5,7.4,0.0,0.0,0.0,0.0,0.0,1.0,1.0,0.0,1.0,0.0,0.0,0.0,8.0,6.0,0.0,0.0,0.0,0.0,0.0,0.0,0.0,0.0,3.0,12.0,1.0,12.05,5.0200000000000005,2.5,1.49,-2.5,0.2,2.5,301.0,-0.1,-11.4,2.3000000000000003,9.3,-82.30000000000001,0.0,0.0,219.7,0.0,22.1,26.8,26.8,29.8,300.0,300.0,29.5,33.7,28.0,27.4,29.3,4.95,1.99,4.96,0.16,0.0,0.0,1027.0,8228.0,0.0,0.0,0.0,0.0,0.0,1.0,0.0,0.0,0.0,-0.001,0.0,0.2,0.0,-12.3,-12.8,0.0164,16.0,25903.0
2026-07-30T18:57:36.281Z,25.764,25.776,-7.4,7.4,0.0,0.0,0.0,0.0,0.0,1.0,1.0,0.0,1.0,0.0,0.0,0.0,8.0,6.0,0.0,0.0,0.0,0.0,0.0,0.0,0.0,0.0,5.0,12.0,1.0,12.05,5.0200000000000005,2.5,1.49,-2.4000000000000004,0.2,2.4000000000000004,301.1,-0.1,-11.4,2.9000000000000004,10.4,-82.5,0.0,0.0,219.8,0.0,22.1,26.8,26.8,29.8,300.0,300.0,29.5,33.7,28.0,27.4,29.3,4.96,2.0,4.96,0.16,0.0,0.0,1027.0,8228.0,0.0,0.0,0.0,0.0,0.0,1.0,0.0,0.0,0.0,-0.001,0.0,0.5,0.0,-14.0,-12.7,0.0168,16.0,25903.0
2026-07-30T18:57:36.293Z,25.776,25.788,-7.4,7.4,0.0,0.0,0.0,0.0,0.0,1.0,1.0,0.0,1.0,0.0,0.0,0.0,8.0,6.0,0.0,0.0,0.0,0.0,0.0,0.0,0.0,0.0,6.0,12.0,1.0,12.05,5.0200000000000005,2.5,1.49,-2.5,0.2,2.5,301.1,0.0,-10.9,1.7000000000000002,9.9,-82.60000000000001,0.0,0.0,219.8,0.0,22.1,26.8,26.8,29.8,300.0,300.0,29.5,33.7,28.0,27.4,29.3,4.96,2.0,4.96,0.16,0.0,0.0,1027.0,8228.0,0.0,0.0,0.0,0.0,0.0,1.0,0.0,0.0,0.0,-0.001,0.0,-0.4,0.0,-12.5,-12.8,0.0164,16.0,25903.0
2026-07-30T18:57:36.305Z,25.788,25.8,-7.5,7.4,0.0,0.0,0.0,0.0,0.0,1.0,1.0,0.0,1.0,0.0,0.0,0.0,8.0,6.0,0.0,0.0,0.0,0.0,0.0,0.0,0.0,0.0,6.0,12.0,1.0,12.05,5.0200000000000005,2.5,1.49,-2.4000000000000004,0.2,2.4000000000000004,301.1,0.0,-10.9,4.0,11.0,-82.7,0.0,0.0,219.8,0.0,22.1,26.8,26.8,29.8,300.0,300.0,29.5,33.7,28.0,27.4,29.3,4.96,2.0,4.96,0.16,0.0,0.0,1027.0,8228.0,0.0,0.0,0.0,0.0,0.0,1.0,0.0,0.0,0.0,-0.001,0.0,1.4,0.0,-15.6,-12.8,0.0168,16.0,25903.0
2026-07-30T18:57:36.317Z,25.8,25.812,-7.5,7.4,0.0,0.0,0.0,0.0,0.0,1.0,1.0,0.0,1.0,0.0,0.0,0.0,8.0,6.0,0.0,0.0,0.0,0.0,0.0,0.0,0.0,0.0,1.0,12.0,1.0,12.01,5.01,2.5,1.5,-2.3000000000000003,0.2,2.4000000000000004,301.0,0.0,-11.4,2.9000000000000004,11.6,-82.80000000000001,0.0,0.0,219.8,0.0,22.1,26.8,26.8,29.8,300.0,300.0,29.5,33.9,28.0,27.4,29.3,4.96,2.0,4.96,0.16,0.0,0.0,1027.0,8228.0,0.0,0.0,0.0,0.0,0.0,1.0,0.0,0.0,0.0,-0.001,0.0,0.3,0.0,-15.4,-12.7,0.016,16.0,25903.0
2026-07-30T18:57:36.329Z,25.812,25.824,-7.5,7.4,0.0,0.0,0.0,0.0,0.0,1.0,1.0,0.0,1.0,0.0,0.0,0.0,8.0,6.0,0.0,0.0,0.0,0.0,0.0,0.0,0.0,0.0,2.0,12.0,1.0,12.01,5.01,2.5,1.5,-2.4000000000000004,0.2,2.5,301.0,0.0,-12.0,2.3000000000000003,9.3,-82.80000000000001,0.0,0.0,219.8,0.0,22.1,26.8,26.8,29.8,300.0,300.0,29.5,33.9,28.0,27.4,29.3,4.95,2.0,4.96,0.16,0.0,0.0,1027.0,8228.0,0.0,0.0,0.0,0.0,0.0,1.0,0.0,0.0,0.0,-0.001,0.0,0.2,0.0,-12.3,-12.6,0.016,16.0,25903.0
2026-07-30T18:57:36.341Z,25.824,25.836,-7.5,7.4,0.0,0.0,0.0,0.0,0.0,1.0,1.0,0.0,1.0,0.0,0.0,0.0,8.0,6.0,0.0,0.0,0.0,0.0,0.0,0.0,0.0,0.0,3.0,12.0,1.0,12.01,5.01,2.5,1.5,-2.3000000000000003,0.2,2.3000000000000003,301.1,0.0,-11.4,3.5,11.0,-82.9,0.0,0.0,219.8,0.0,22.1,26.8,26.8,29.8,300.0,300.0,29.5,33.9,28.0,27.4,29.3,4.95,2.0,4.96,0.16,0.0,0.0,1027.0,8228.0,0.0,0.0,0.0,0.0,0.0,1.0,0.0,0.0,0.0,-0.001,0.0,0.9,0.0,-15.1,-12.7,0.0167,16.0,25903.0
2026-07-30T18:57:36.353Z,25.836,25.848,-7.5,7.4,0.0,0.0,0.0,0.0,0.0,1.0,1.0,0.0,1.0,0.0,0.0,0.0,8.0,6.0,0.0,0.0,0.0,0.0,0.0,0.0,0.0,0.0,5.0,12.0,1.0,12.01,5.01,2.5,1.5,-2.5,0.2,2.5,301.0,0.0,-12.6,1.1,8.700000000000001,-83.0,0.0,0.0,220.0,0.0,22.1,26.8,26.8,29.8,300.0,300.0,29.5,33.9,28.0,27.4,29.3,4.95,2.0,4.97,0.16,0.0,0.0,1027.0,8228.0,0.0,0.0,0.0,0.0,0.0,1.0,0.0,0.0,0.0,-0.001,0.0,-0.7000000000000001,0.0,-10.7,-12.7,0.0159,16.0,25903.0
2026-07-30T18:57:36.365Z,25.848,25.86,-7.4,7.4,0.0,0.0,0.0,0.0,0.0,1.0,1.0,0.0,1.0,0.0,0.0,0.0,8.0,6.0,0.0,0.0,0.0,0.0,0.0,0.0,0.0,0.0,6.0,12.0,1.0,12.01,5.01,2.5,1.5,-2.4000000000000004,0.2,2.4000000000000004,301.0,0.0,-12.0,1.7000000000000002,11.0,-83.10000000000001,0.0,0.0,219.9,0.0,22.1,26.8,26.8,29.8,300.0,300.0,29.5,33.9,28.0,27.4,29.3,4.95,2.0,4.96,0.16,0.0,0.0,1027.0,8228.0,0.0,0.0,0.0,0.0,0.0,1.0,0.0,0.0,0.0,-0.001,0.0,-0.6000000000000001,0.0,-13.8,-12.7,0.0169,16.0,25903.0
2026-07-30T18:57:36.377Z,25.86,25.872,-7.4,7.4,0.0,0.0,0.0,0.0,0.0,1.0,1.0,0.0,1.0,0.0,0.0,0.0,8.0,6.0,0.0,0.0,0.0,0.0,0.0,0.0,0.0,0.0,1.0,12.0,1.0,12.01,5.01,2.5,1.5,-2.5,0.2,2.5,301.0,0.0,-12.6,1.7000000000000002,9.3,-83.10000000000001,0.0,0.0,219.9,0.0,22.1,26.8,26.8,29.8,300.0,300.0,29.5,33.9,28.0,27.4,29.3,4.96,2.0,4.96,0.16,0.0,0.0,1027.0,8228.0,0.0,0.0,0.0,0.0,0.0,1.0,0.0,0.0,0.0,-0.001,0.0,-0.2,0.0,-11.8,-12.8,0.0164,16.0,25903.0
2026-07-30T18:57:36.389Z,25.872,25.884,-7.4,7.4,0.0,0.0,0.0,0.0,0.0,1.0,1.0,0.0,1.0,0.0,0.0,0.0,8.0,6.0,0.0,0.0,0.0,0.0,0.0,0.0,0.0,0.0,2.0,12.0,1.0,12.01,5.01,2.5,1.5,-2.4000000000000004,0.2,2.4000000000000004,301.0,0.0,-12.6,2.3000000000000003,10.4,-83.2,0.0,0.0,219.8,0.0,22.1,26.8,26.8,29.8,300.0,300.0,29.5,33.9,28.0,27.4,29.3,4.95,2.0,4.96,0.16,0.0,0.0,1027.0,8228.0,0.0,0.0,0.0,0.0,0.0,1.0,0.0,0.0,0.0,-0.001,0.0,0.0,0.0,-13.6,-12.8,0.0168,16.0,25903.0
2026-07-30T18:57:36.401Z,25.884,25.896,-7.4,7.4,0.0,0.0,0.0,0.0,0.0,1.0,1.0,0.0,1.0,0.0,0.0,0.0,8.0,6.0,0.0,0.0,0.0,0.0,0.0,0.0,0.0,0.0,3.0,12.0,1.0,12.01,5.01,2.5,1.5,-2.5,0.2,2.5,301.0,0.0,-12.0,1.7000000000000002,9.3,-83.30000000000001,0.0,0.0,219.8,0.0,22.1,26.8,26.8,29.8,300.0,300.0,29.5,33.9,28.0,27.4,29.3,4.96,2.0,4.96,0.16,0.0,0.0,1027.0,8228.0,0.0,0.0,0.0,0.0,0.0,1.0,0.0,0.0,0.0,-0.001,0.0,-0.2,0.0,-11.8,-12.9,0.0165,16.0,25903.0
2026-07-30T18:57:36.414Z,25.897,25.908,-7.5,7.4,0.0,0.0,0.0,0.0,0.0,1.0,1.0,0.0,1.0,0.0,0.0,0.0,8.0,6.0,0.0,0.0,0.0,0.0,0.0,0.0,0.0,0.0,4.0,12.0,1.0,12.05,5.0200000000000005,2.5,1.49,-2.5,0.2,2.5,301.1,0.0,-12.6,1.1,8.1,-83.30000000000001,0.0,0.0,219.8,0.0,22.1,26.9,26.9,29.8,300.0,300.0,29.5,34.1,28.0,27.4,29.4,4.96,2.0,4.96,0.16,0.0,0.0,1027.0,8228.0,0.0,0.0,0.0,0.0,0.0,1.0,0.0,0.0,0.0,-0.001,0.0,-0.5,0.0,-10.1,-12.8,0.0169,16.0,25903.0
2026-07-30T18:57:36.425Z,25.908,25.92,-7.5,7.4,0.0,0.0,0.0,0.0,0.0,1.0,1.0,0.0,1.0,0.0,0.0,0.0,8.0,6.0,0.0,0.0,0.0,0.0,0.0,0.0,0.0,0.0,6.0,12.0,1.0,12.05,5.0200000000000005,2.5,1.49,-2.4000000000000004,0.2,2.4000000000000004,301.1,0.0,-13.2,2.3000000000000003,10.4,-83.4,0.0,0.0,219.9,0.0,22.1,26.9,26.9,29.8,300.0,300.0,29.5,34.1,28.0,27.4,29.4,4.95,2.0,4.96,0.16,0.0,0.0,1027.0,8228.0,0.0,0.0,0.0,0.0,0.0,1.0,0.0,0.0,0.0,-0.001,0.0,0.0,0.0,-13.6,-12.7,0.0173,16.0,25903.0
2026-07-30T18:57:36.437Z,25.92,25.932,-7.4,7.4,0.0,0.0,0.0,0.0,0.0,1.0,1.0,0.0,1.0,0.0,0.0,0.0,8.0,6.0,0.0,0.0,0.0,0.0,0.0,0.0,0.0,0.0,1.0,12.0,1.0,12.05,5.0200000000000005,2.5,1.49,-2.5,0.2,2.5,301.0,0.0,-12.6,1.1,8.700000000000001,-83.4,0.0,0.0,219.9,0.0,22.1,26.9,26.9,29.8,300.0,300.0,29.5,34.1,28.0,27.4,29.4,4.95,2.0,4.96,0.16,0.0,0.0,1027.0,8228.0,0.0,0.0,0.0,0.0,0.0,1.0,0.0,0.0,0.0,-0.001,0.0,-0.6000000000000001,0.0,-10.7,-12.7,0.0164,16.0,25903.0
2026-07-30T18:57:36.448Z,25.931,25.944,-7.5,7.4,0.0,0.0,0.0,0.0,0.0,1.0,1.0,0.0,1.0,0.0,0.0,0.0,8.0,6.0,0.0,0.0,0.0,0.0,0.0,0.0,0.0,0.0,2.0,12.0,1.0,12.05,5.0200000000000005,2.5,1.49,-2.5,0.2,2.5,301.1,0.0,-12.6,0.5,8.700000000000001,-83.5,0.0,0.0,219.8,0.0,22.1,26.9,26.9,29.8,300.0,300.0,29.5,34.1,28.0,27.4,29.4,4.96,2.0,4.97,0.16,0.0,0.0,1027.0,8228.0,0.0,0.0,0.0,0.0,0.0,1.0,0.0,0.0,0.0,-0.001,0.0,-1.2000000000000002,0.0,-10.3,-12.8,0.0171,16.0,25903.0
2026-07-30T18:57:36.461Z,25.944,25.956,-7.4,7.4,0.0,0.0,0.0,0.0,0.0,1.0,1.0,0.0,1.0,0.0,0.0,0.0,8.0,6.0,0.0,0.0,0.0,0.0,0.0,0.0,0.0,0.0,4.0,12.0,1.0,12.05,5.0200000000000005,2.5,1.49,-2.5,0.3,2.5,301.1,0.0,-12.6,1.1,10.4,-83.5,0.0,0.0,219.7,0.0,22.1,26.9,26.9,29.8,300.0,300.0,29.5,34.1,28.0,27.4,29.4,4.96,2.0,4.96,0.17,0.0,0.0,1027.0,8228.0,0.0,0.0,0.0,0.0,0.0,1.0,0.0,0.0,0.0,-0.001,0.0,-1.0,0.0,-12.8,-12.7,0.0172,16.0,25903.0
2026-07-30T18:57:36.473Z,25.956,25.968,-7.4,7.4,0.0,0.0,0.0,0.0,0.0,1.0,1.0,0.0,1.0,0.0,0.0,0.0,8.0,6.0,0.0,0.0,0.0,0.0,0.0,0.0,0.0,0.0,5.0,12.0,1.0,12.05,5.0200000000000005,2.5,1.49,-2.5,0.2,2.5,301.1,0.0,-12.6,1.1,8.700000000000001,-83.5,0.0,0.0,219.7,0.0,22.1,26.9,26.9,29.8,300.0,300.0,29.5,34.1,28.0,27.4,29.4,4.96,2.0,4.96,0.16,0.0,0.0,1027.0,8228.0,0.0,0.0,0.0,0.0,0.0,1.0,0.0,0.0,0.0,-0.001,0.0,-0.6000000000000001,0.0,-10.7,-12.8,0.0168,16.0,25903.0
2026-07-30T18:57:36.485Z,25.968,25.98,-7.4,7.4,0.0,0.0,0.0,0.0,0.0,1.0,1.0,0.0,1.0,0.0,0.0,0.0,8.0,6.0,0.0,0.0,0.0,0.0,0.0,0.0,0.0,0.0,6.0,12.0,1.0,12.05,5.0200000000000005,2.5,1.49,-2.5,0.2,2.5,301.1,0.0,-12.6,1.7000000000000002,9.3,-83.5,0.0,0.0,219.7,0.0,22.1,26.9,26.9,29.8,300.0,300.0,29.5,34.1,28.0,27.4,29.4,4.95,2.0,4.96,0.16,0.0,0.0,1027.0,8228.0,0.0,0.0,0.0,0.0,0.0,1.0,0.0,0.0,0.0,-0.001,0.0,-0.2,0.0,-11.8,-12.8,0.0172,16.0,25903.0
2026-07-30T18:57:36.497Z,25.98,25.992,-7.5,7.4,0.0,0.0,0.0,0.0,0.0,1.0,1.0,0.0,1.0,0.0,0.0,0.0,8.0,6.0,0.0,0.0,0.0,0.0,0.0,0.0,0.0,0.0,2.0,12.0,1.0,12.05,5.0200000000000005,2.5,1.49,-2.5,0.2,2.5,301.0,0.0,-12.0,0.5,9.3,-83.60000000000001,0.0,0.0,219.8,0.0,22.1,26.9,26.9,29.8,300.0,300.0,29.5,34.1,28.0,27.4,29.4,4.95,2.0,4.96,0.16,0.0,0.0,1027.0,8228.0,0.0,0.0,0.0,0.0,0.0,1.0,0.0,0.0,0.0,-0.001,0.0,-1.3,0.0,-11.0,-12.8,0.017,16.0,25903.0
2026-07-30T18:57:36.509Z,25.992,26.004,-7.5,7.4,0.0,0.0,0.0,0.0,0.0,1.0,1.0,0.0,1.0,0.0,0.0,0.0,8.0,6.0,0.0,0.0,0.0,0.0,0.0,0.0,0.0,0.0,3.0,12.0,1.0,12.05,5.0200000000000005,2.5,1.49,-2.5,0.2,2.5,301.0,-0.1,-11.4,1.7000000000000002,9.3,-83.60000000000001,0.0,0.0,219.9,0.0,22.1,26.9,26.9,29.8,300.0,300.0,29.5,34.1,28.0,27.4,29.4,4.95,2.0,4.97,0.16,0.0,0.0,1027.0,8228.0,0.0,0.0,0.0,0.0,0.0,1.0,0.0,0.0,0.0,-0.001,0.0,-0.2,0.0,-11.8,-12.7,0.0171,16.0,25903.0
2026-07-30T18:57:36.521Z,26.004,26.016,-7.4,7.4,0.0,0.0,0.0,0.0,0.0,1.0,1.0,0.0,1.0,0.0,0.0,0.0,8.0,6.0,0.0,0.0,0.0,0.0,0.0,0.0,0.0,0.0,4.0,12.0,1.0,12.04,5.0200000000000005,2.51,1.49,-2.4000000000000004,0.2,2.4000000000000004,301.1,-0.1,-12.0,3.5,9.9,-83.60000000000001,0.0,0.0,219.9,0.0,22.1,26.9,26.9,29.8,300.0,300.0,29.5,34.1,28.0,27.5,29.5,4.96,2.0,4.97,0.16,0.0,0.0,1027.0,8228.0,0.0,0.0,0.0,0.0,0.0,1.0,0.0,0.0,0.0,-0.001,0.0,1.1,0.0,-13.8,-12.8,0.0168,16.0,25903.0
2026-07-30T18:57:36.533Z,26.016,26.028,-7.5,7.4,0.0,0.0,0.0,0.0,0.0,1.0,1.0,0.0,1.0,0.0,0.0,0.0,8.0,6.0,0.0,0.0,0.0,0.0,0.0,0.0,0.0,0.0,4.0,12.0,1.0,12.04,5.0200000000000005,2.51,1.49,-2.5,0.2,2.5,301.0,-0.1,-10.9,2.3000000000000003,9.3,-83.7,0.0,0.0,219.8,0.0,22.1,26.9,26.9,29.8,300.0,300.0,29.5,34.1,28.0,27.5,29.5,4.95,2.0,4.96,0.16,0.0,0.0,1027.0,8228.0,0.0,0.0,0.0,0.0,0.0,1.0,0.0,0.0,0.0,-0.001,0.0,0.2,0.0,-12.3,-12.8,0.0165,16.0,25903.0
2026-07-30T18:57:36.545Z,26.028,26.04,-7.5,7.4,0.0,0.0,0.0,0.0,0.0,1.0,1.0,0.0,1.0,0.0,0.0,0.0,8.0,6.0,0.0,0.0,0.0,0.0,0.0,0.0,0.0,0.0,6.0,12.0,1.0,12.04,5.0200000000000005,2.51,1.49,-2.4000000000000004,0.2,2.4000000000000004,301.1,-0.1,-10.3,2.3000000000000003,10.4,-83.7,0.0,0.0,219.8,0.0,22.1,26.9,26.9,29.8,300.0,300.0,29.5,34.1,28.0,27.5,29.5,4.95,2.0,4.97,0.16,0.0,0.0,1027.0,8228.0,0.0,0.0,0.0,0.0,0.0,1.0,0.0,0.0,0.0,-0.001,0.0,0.0,0.0,-13.6,-12.8,0.0168,16.0,25903.0
2026-07-30T18:57:36.557Z,26.04,26.052,-7.5,7.4,0.0,0.0,0.0,0.0,0.0,1.0,1.0,0.0,1.0,0.0,0.0,0.0,8.0,6.0,0.0,0.0,0.0,0.0,0.0,0.0,0.0,0.0,1.0,12.0,1.0,12.04,5.0200000000000005,2.51,1.49,-2.4000000000000004,0.2,2.5,300.90000000000003,-0.1,-10.9,2.3000000000000003,9.3,-83.7,0.0,0.0,219.8,0.0,22.1,26.9,26.9,29.8,300.0,300.0,29.5,34.1,28.0,27.5,29.5,4.95,2.0,4.96,0.16,0.0,0.0,1027.0,8228.0,0.0,0.0,0.0,0.0,0.0,1.0,0.0,0.0,0.0,-0.001,0.0,0.2,0.0,-12.3,-12.6,0.0162,16.0,25903.0
2026-07-30T18:57:36.569Z,26.052,26.064,-7.4,7.4,0.0,0.0,0.0,0.0,0.0,1.0,1.0,0.0,1.0,0.0,0.0,0.0,8.0,6.0,0.0,0.0,0.0,0.0,0.0,0.0,0.0,0.0,2.0,12.0,1.0,12.04,5.0200000000000005,2.51,1.49,-2.4000000000000004,0.2,2.4000000000000004,301.1,-0.1,-10.9,2.9000000000000004,10.4,-83.7,0.0,0.0,219.8,0.0,22.1,26.9,26.9,29.8,300.0,300.0,29.5,34.1,28.0,27.5,29.5,4.96,2.0,4.96,0.16,0.0,0.0,1027.0,8228.0,0.0,0.0,0.0,0.0,0.0,1.0,0.0,0.0,0.0,-0.001,0.0,0.5,0.0,-14.0,-12.7,0.0166,16.0,25903.0
2026-07-30T18:57:36.581Z,26.064,26.076,-7.4,7.4,0.0,0.0,0.0,0.0,0.0,1.0,1.0,0.0,1.0,0.0,0.0,0.0,8.0,6.0,0.0,0.0,0.0,0.0,0.0,0.0,0.0,0.0,3.0,12.0,1.0,12.04,5.0200000000000005,2.51,1.49,-2.3000000000000003,0.2,2.3000000000000003,301.1,-0.1,-11.4,3.5,11.6,-83.7,0.0,0.0,219.8,0.0,22.1,26.9,26.9,29.8,300.0,300.0,29.5,34.1,28.0,27.5,29.5,4.95,2.0,4.96,0.16,0.0,0.0,1027.0,8228.0,0.0,0.0,0.0,0.0,0.0,1.0,0.0,0.0,0.0,-0.001,0.0,0.8,0.0,-15.8,-12.8,0.0163,16.0,25903.0
2026-07-30T18:57:36.593Z,26.076,26.088,-7.5,7.4,0.0,0.0,0.0,0.0,0.0,1.0,1.0,0.0,1.0,0.0,0.0,0.0,8.0,6.0,0.0,0.0,0.0,0.0,0.0,0.0,0.0,0.0,3.0,12.0,1.0,12.04,5.0200000000000005,2.51,1.49,-2.4000000000000004,0.2,2.5,301.0,-0.1,-10.9,1.7000000000000002,9.9,-83.7,0.0,0.0,219.7,0.0,22.1,26.9,26.9,29.8,300.0,300.0,29.5,34.1,28.0,27.5,29.5,4.96,2.0,4.96,0.16,0.0,0.0,1027.0,8228.0,0.0,0.0,0.0,0.0,0.0,1.0,0.0,0.0,0.0,-0.001,0.0,-0.3,0.0,-12.5,-12.8,0.0159,16.0,25903.0
2026-07-30T18:57:36.605Z,26.088,26.1,-7.4,7.4,0.0,0.0,0.0,0.0,0.0,1.0,1.0,0.0,1.0,0.0,0.0,0.0,8.0,6.0,0.0,0.0,0.0,0.0,0.0,0.0,0.0,0.0,5.0,12.0,1.0,12.04,5.0200000000000005,2.51,1.49,-2.3000000000000003,0.2,2.4000000000000004,301.0,-0.1,-11.4,4.0,11.0,-83.7,0.0,0.0,219.7,0.0,22.1,26.9,26.9,29.8,300.0,300.0,29.5,34.1,28.0,27.5,29.5,4.96,2.0,4.96,0.17,0.0,0.0,1027.0,8228.0,0.0,0.0,0.0,0.0,0.0,1.0,0.0,0.0,0.0,-0.001,0.0,1.4,0.0,-15.6,-12.8,0.0166,16.0,25903.0
2026-07-30T18:57:36.618Z,26.101,26.112,-7.4,7.4,0.0,0.0,0.0,0.0,0.0,1.0,1.0,0.0,1.0,0.0,0.0,0.0,8.0,6.0,0.0,0.0,0.0,0.0,0.0,0.0,0.0,0.0,6.0,12.0,1.0,12.06,5.01,2.5,1.49,-2.5,0.2,2.5,301.1,-0.1,-11.4,2.3000000000000003,9.3,-83.7,0.0,0.0,219.6,0.0,22.1,26.9,26.9,29.8,300.0,300.0,29.4,34.0,28.1,27.5,29.6,4.96,2.0,4.96,0.16,0.0,0.0,1027.0,8228.0,0.0,0.0,0.0,0.0,0.0,1.0,0.0,0.0,0.0,-0.001,0.0,0.2,0.0,-12.3,-12.8,0.016,16.0,25903.0
2026-07-30T18:57:36.629Z,26.112,26.124,-7.4,7.4,0.0,0.0,0.0,0.0,0.0,1.0,1.0,0.0,1.0,0.0,0.0,0.0,8.0,6.0,0.0,0.0,0.0,0.0,0.0,0.0,0.0,0.0,1.0,12.0,1.0,12.06,5.01,2.5,1.49,-2.5,0.2,2.5,301.0,0.0,-11.4,1.7000000000000002,9.3,-83.7,0.0,0.0,219.7,0.0,22.1,26.9,26.9,29.8,300.0,300.0,29.4,34.0,28.1,27.5,29.6,4.96,2.0,4.96,0.16,0.0,0.0,1027.0,8228.0,0.0,0.0,0.0,0.0,0.0,1.0,0.0,0.0,0.0,-0.001,0.0,-0.2,0.0,-11.8,-12.8,0.0168,16.0,25903.0
2026-07-30T18:57:36.641Z,26.124,26.136,-7.5,7.4,0.0,0.0,0.0,0.0,0.0,1.0,1.0,0.0,1.0,0.0,0.0,0.0,8.0,6.0,0.0,0.0,0.0,0.0,0.0,0.0,0.0,0.0,3.0,12.0,1.0,12.06,5.01,2.5,1.49,-2.4000000000000004,0.2,2.4000000000000004,301.1,0.0,-11.4,2.3000000000000003,9.9,-83.7,0.0,0.0,219.7,0.0,22.1,26.9,26.9,29.8,300.0,300.0,29.4,34.0,28.1,27.5,29.6,4.96,2.0,4.96,0.16,0.0,0.0,1027.0,8228.0,0.0,0.0,0.0,0.0,0.0,1.0,0.0,0.0,0.0,-0.001,0.0,0.1,0.0,-12.9,-12.8,0.0169,16.0,25903.0
2026-07-30T18:57:36.653Z,26.136,26.148,-7.5,7.4,0.0,0.0,0.0,0.0,0.0,1.0,1.0,0.0,1.0,0.0,0.0,0.0,8.0,6.0,0.0,0.0,0.0,0.0,0.0,0.0,0.0,0.0,4.0,12.0,1.0,12.06,5.01,2.5,1.49,-2.4000000000000004,0.2,2.4000000000000004,301.1,0.0,-11.4,4.0,9.9,-83.7,0.0,0.0,219.7,0.0,22.1,26.9,26.9,29.8,300.0,300.0,29.4,34.0,28.1,27.5,29.6,4.96,2.0,4.96,0.16,0.0,0.0,1027.0,8228.0,0.0,0.0,0.0,0.0,0.0,1.0,0.0,0.0,0.0,-0.001,0.0,1.7000000000000002,0.0,-14.2,-12.7,0.0172,16.0,25903.0
2026-07-30T18:57:36.665Z,26.148,26.16,-7.4,7.4,0.0,0.0,0.0,0.0,0.0,1.0,1.0,0.0,1.0,0.0,0.0,0.0,8.0,6.0,0.0,0.0,0.0,0.0,0.0,0.0,0.0,0.0,6.0,12.0,1.0,12.06,5.01,2.5,1.49,-2.4000000000000004,0.2,2.5,300.90000000000003,0.0,-12.0,1.7000000000000002,9.9,-83.7,0.0,0.0,219.8,0.0,22.1,26.9,26.9,29.8,300.0,300.0,29.4,34.0,28.1,27.5,29.6,4.96,2.0,4.96,0.16,0.0,0.0,1027.0,8228.0,0.0,0.0,0.0,0.0,0.0,1.0,0.0,0.0,0.0,-0.001,0.0,-0.4,0.0,-12.5,-12.8,0.0169,16.0,25903.0
2026-07-30T18:57:36.677Z,26.16,26.172,-7.4,7.4,0.0,0.0,0.0,0.0,0.0,1.0,1.0,0.0,1.0,0.0,0.0,0.0,8.0,6.0,0.0,0.0,0.0,0.0,0.0,0.0,0.0,0.0,1.0,12.0,1.0,12.06,5.01,2.5,1.49,-2.6,0.2,2.6,300.90000000000003,0.0,-12.0,1.1,7.5,-83.7,0.0,0.0,219.8,0.0,22.1,26.9,26.9,29.8,300.0,300.0,29.4,34.0,28.1,27.5,29.6,4.96,2.0,4.97,0.16,0.0,0.0,1027.0,8228.0,0.0,0.0,0.0,0.0,0.0,1.0,0.0,0.0,0.0,-0.001,0.0,-0.4,0.0,-9.4,-12.8,0.0163,16.0,25903.0
2026-07-30T18:57:36.689Z,26.172,26.184,-7.5,7.4,0.0,0.0,0.0,0.0,0.0,1.0,1.0,0.0,1.0,0.0,0.0,0.0,8.0,6.0,0.0,0.0,0.0,0.0,0.0,0.0,0.0,0.0,3.0,12.0,1.0,12.06,5.01,2.5,1.49,-2.5,0.2,2.5,301.0,0.0,-12.6,1.1,9.9,-83.7,0.0,0.0,219.8,0.0,22.1,26.9,26.9,29.8,300.0,300.0,29.4,34.0,28.1,27.5,29.6,4.96,2.0,4.96,0.16,0.0,0.0,1027.0,8228.0,0.0,0.0,0.0,0.0,0.0,1.0,0.0,0.0,0.0,-0.001,0.0,-0.9,0.0,-12.1,-12.8,0.0161,16.0,25903.0
2026-07-30T18:57:36.701Z,26.184,26.196,-7.5,7.4,0.0,0.0,0.0,0.0,0.0,1.0,1.0,0.0,1.0,0.0,0.0,0.0,8.0,6.0,0.0,0.0,0.0,0.0,0.0,0.0,0.0,0.0,4.0,12.0,1.0,12.06,5.01,2.5,1.49,-2.5,0.2,2.5,301.1,0.0,-13.2,1.1,8.700000000000001,-83.7,0.0,0.0,219.7,0.0,22.1,26.9,26.9,29.8,300.0,300.0,29.4,34.0,28.1,27.5,29.6,4.96,2.0,4.96,0.16,0.0,0.0,1027.0,8228.0,0.0,0.0,0.0,0.0,0.0,1.0,0.0,0.0,0.0,-0.001,0.0,-0.6000000000000001,0.0,-10.7,-12.7,0.0165,16.0,25903.0
2026-07-30T18:57:36.713Z,26.196,26.208,-7.4,7.4,0.0,0.0,0.0,0.0,0.0,1.0,1.0,0.0,1.0,0.0,0.0,0.0,8.0,6.0,0.0,0.0,0.0,0.0,0.0,0.0,0.0,0.0,5.0,12.0,1.0,12.06,5.01,2.5,1.49,-2.5,0.2,2.5,301.1,0.0,-12.6,2.3000000000000003,9.3,-83.7,0.0,0.0,219.7,0.0,22.1,26.9,26.9,29.8,300.0,300.0,29.4,34.0,28.1,27.5,29.6,4.96,1.99,4.96,0.16,0.0,0.0,1027.0,8228.0,0.0,0.0,0.0,0.0,0.0,1.0,0.0,0.0,0.0,-0.001,0.0,0.2,0.0,-12.3,-12.7,0.016,16.0,25903.0
2026-07-30T18:57:36.725Z,26.208,26.22,-7.4,7.4,0.0,0.0,0.0,0.0,0.0,1.0,1.0,0.0,1.0,0.0,0.0,0.0,8.0,6.0,0.0,0.0,0.0,0.0,0.0,0.0,0.0,0.0,1.0,12.0,1.0,12.05,5.01,2.51,1.49,-2.5,0.2,2.5,301.0,0.0,-13.2,1.1,8.700000000000001,-83.7,0.0,0.0,219.7,0.0,21.3,26.9,26.9,29.9,300.0,300.0,29.5,34.0,28.1,27.5,29.6,4.95,1.99,4.96,0.16,0.0,0.0,1027.0,8228.0,0.0,0.0,0.0,0.0,0.0,1.0,0.0,0.0,0.0,-0.001,0.0,0.1,0.0,-12.9,-12.8,0.0165,16.0,25903.0
2026-07-30T18:57:36.737Z,26.22,26.232,-7.4,7.4,0.0,0.0,0.0,0.0,0.0,1.0,1.0,0.0,1.0,0.0,0.0,0.0,8.0,6.0,0.0,0.0,0.0,0.0,0.0,0.0,0.0,0.0,2.0,12.0,1.0,12.05,5.01,2.51,1.49,-2.4000000000000004,0.2,2.5,301.0,0.0,-12.6,1.1,8.1,-83.7,0.0,0.0,219.7,0.0,21.3,26.9,26.9,29.9,300.0,300.0,29.5,34.0,28.1,27.5,29.6,4.95,2.0,4.97,0.16,0.0,0.0,1027.0,8228.0,0.0,0.0,0.0,0.0,0.0,1.0,0.0,0.0,0.0,-0.001,0.0,0.2,0.0,-12.3,-12.8,0.0165,16.0,25903.0
2026-07-30T18:57:36.749Z,26.232,26.244,-7.4,7.4,0.0,0.0,0.0,0.0,0.0,1.0,1.0,0.0,1.0,0.0,0.0,0.0,8.0,6.0,0.0,0.0,0.0,0.0,0.0,0.0,0.0,0.0,3.0,12.0,1.0,12.05,5.01,2.51,1.49,-2.4000000000000004,0.2,2.4000000000000004,300.90000000000003,-0.1,-13.2,1.1,8.1,-83.7,0.0,0.0,219.6,0.0,21.3,26.9,26.9,29.9,300.0,300.0,29.5,34.0,28.1,27.5,29.6,4.95,2.0,4.96,0.16,0.0,0.0,1027.0,8228.0,0.0,0.0,0.0,0.0,0.0,1.0,0.0,0.0,0.0,-0.001,0.0,0.0,0.0,-13.6,-12.8,0.0167,16.0,25903.0
2026-07-30T18:57:36.761Z,26.244,26.256,-7.4,7.4,0.0,0.0,0.0,0.0,0.0,1.0,1.0,0.0,1.0,0.0,0.0,0.0,8.0,6.0,0.0,0.0,0.0,0.0,0.0,0.0,0.0,0.0,4.0,12.0,1.0,12.05,5.01,2.51,1.49,-2.4000000000000004,0.2,2.5,301.0,0.0,-11.4,2.3000000000000003,9.9,-83.7,0.0,0.0,219.7,0.0,21.3,26.9,26.9,29.9,300.0,300.0,29.5,34.0,28.1,27.5,29.6,4.95,2.0,4.96,0.16,0.0,0.0,1027.0,8228.0,0.0,0.0,0.0,0.0,0.0,1.0,0.0,0.0,0.0,-0.001,0.0,0.1,0.0,-12.9,-12.8,0.0165,16.0,25903.0
2026-07-30T18:57:36.773Z,26.256,26.268,-7.4,7.4,0.0,0.0,0.0,0.0,0.0,1.0,1.0,0.0,1.0,0.0,0.0,0.0,8.0,6.0,0.0,0.0,0.0,0.0,0.0,0.0,0.0,0.0,5.0,12.0,1.0,12.05,5.01,2.51,1.49,-2.3000000000000003,0.2,2.3000000000000003,301.2,0.0,-10.3,2.9000000000000004,13.4,-83.7,0.0,0.0,219.8,0.0,21.3,26.9,26.9,29.9,300.0,300.0,29.5,34.0,28.1,27.5,29.6,4.95,2.0,4.96,0.16,0.0,0.0,1027.0,8228.0,0.0,0.0,0.0,0.0,0.0,1.0,0.0,0.0,0.0,-0.001,0.0,0.0,0.0,-17.400000000000002,-12.8,0.0166,16.0,25903.0
2026-07-30T18:57:36.785Z,26.268,26.28,-7.5,7.4,0.0,0.0,0.0,0.0,0.0,1.0,1.0,0.0,1.0,0.0,0.0,0.0,8.0,6.0,0.0,0.0,0.0,0.0,0.0,0.0,0.0,0.0,6.0,12.0,1.0,12.05,5.01,2.51,1.49,-2.5,0.2,2.5,301.0,-0.1,-11.4,1.7000000000000002,9.3,-83.7,0.0,0.0,219.8,0.0,21.3,26.9,26.9,29.9,300.0,300.0,29.5,34.0,28.1,27.5,29.6,4.95,2.0,4.96,0.16,0.0,0.0,1027.0,8228.0,0.0,0.0,0.0,0.0,0.0,1.0,0.0,0.0,0.0,-0.001,0.0,-0.2,0.0,-11.8,-12.8,0.0156,16.0,25903.0
2026-07-30T18:57:36.797Z,26.28,26.292,-7.5,7.4,0.0,0.0,0.0,0.0,0.0,1.0,1.0,0.0,1.0,0.0,0.0,0.0,8.0,6.0,0.0,0.0,0.0,0.0,0.0,0.0,0.0,0.0,1.0,12.0,1.0,12.05,5.01,2.51,1.49,-2.3000000000000003,0.2,2.3000000000000003,301.1,-0.1,-10.9,4.6000000000000005,11.0,-83.7,0.0,0.0,219.8,0.0,21.3,26.9,26.9,29.9,300.0,300.0,29.5,34.0,28.1,27.5,29.6,4.95,2.0,4.96,0.16,0.0,0.0,1027.0,8228.0,0.0,0.0,0.0,0.0,0.0,1.0,0.0,0.0,0.0,-0.001,0.0,1.9,0.0,-16.0,-12.7,0.0167,16.0,25903.0
2026-07-30T18:57:36.809Z,26.292,26.304,-7.5,7.4,0.0,0.0,0.0,0.0,0.0,1.0,1.0,0.0,1.0,0.0,0.0,0.0,8.0,6.0,0.0,0.0,0.0,0.0,0.0,0.0,0.0,0.0,2.0,12.0,1.0,12.05,5.01,2.51,1.49,-2.4000000000000004,0.2,2.4000000000000004,301.1,0.0,-11.4,3.5,10.4,-83.7,0.0,0.0,219.8,0.0,21.3,26.9,26.9,29.9,300.0,300.0,29.5,34.0,28.1,27.5,29.6,4.95,2.0,4.96,0.16,0.0,0.0,1027.0,8228.0,0.0,0.0,0.0,0.0,0.0,1.0,0.0,0.0,0.0,-0.001,0.0,1.0,0.0,-14.5,-12.7,0.0157,16.0,25903.0
2026-07-30T18:57:36.822Z,26.305,26.316,-7.5,7.4,0.0,0.0,0.0,0.0,0.0,1.0,1.0,0.0,1.0,0.0,0.0,0.0,8.0,6.0,0.0,0.0,0.0,0.0,0.0,0.0,0.0,0.0,3.0,12.0,1.0,12.05,5.01,2.51,1.49,-2.4000000000000004,0.2,2.4000000000000004,301.0,0.0,-11.4,2.3000000000000003,9.9,-83.7,0.0,0.0,219.7,0.0,22.200000000000003,26.9,26.9,29.9,300.0,300.0,29.4,34.2,28.1,27.5,29.6,4.95,2.0,4.96,0.16,0.0,0.0,1027.0,8228.0,0.0,0.0,0.0,0.0,0.0,1.0,0.0,0.0,0.0,-0.001,0.0,0.1,0.0,-12.9,-12.7,0.0161,16.0,25903.0
2026-07-30T18:57:36.837Z,26.32,26.328,-7.5,7.4,0.0,0.0,0.0,0.0,0.0,1.0,1.0,0.0,1.0,0.0,0.0,0.0,8.0,6.0,0.0,0.0,0.0,0.0,0.0,0.0,0.0,0.0,4.0,12.0,1.0,12.05,5.01,2.51,1.49,-2.4000000000000004,0.2,2.4000000000000004,301.0,0.0,-11.4,2.3000000000000003,11.0,-83.7,0.0,0.0,219.7,0.0,22.200000000000003,26.9,26.9,29.9,300.0,300.0,29.4,34.2,28.1,27.5,29.6,4.95,2.0,4.96,0.16,0.0,0.0,1027.0,8228.0,0.0,0.0,0.0,0.0,0.0,1.0,0.0,0.0,0.0,-0.001,0.0,0.0,0.0,-14.3,-12.8,0.0165,16.0,25903.0
2026-07-30T18:57:36.845Z,26.328,26.34,-7.5,7.4,0.0,0.0,0.0,0.0,0.0,1.0,1.0,0.0,1.0,0.0,0.0,0.0,8.0,6.0,0.0,0.0,0.0,0.0,0.0,0.0,0.0,0.0,3.0,12.0,1.0,12.05,5.01,2.51,1.49,-2.4000000000000004,0.2,2.4000000000000004,301.1,0.0,-12.0,1.7000000000000002,9.9,-83.7,0.0,0.0,219.8,0.0,22.200000000000003,26.9,26.9,29.9,300.0,300.0,29.4,34.2,28.1,27.5,29.6,4.95,2.0,4.96,0.16,0.0,0.0,1027.0,8228.0,0.0,0.0,0.0,0.0,0.0,1.0,0.0,0.0,0.0,-0.001,0.0,-0.3,0.0,-12.5,-12.7,0.0161,16.0,25903.0
2026-07-30T18:57:36.857Z,26.34,26.352,-7.4,7.4,0.0,0.0,0.0,0.0,0.0,1.0,1.0,0.0,1.0,0.0,0.0,0.0,8.0,6.0,0.0,0.0,0.0,0.0,0.0,0.0,0.0,0.0,4.0,12.0,1.0,12.05,5.01,2.51,1.49,-2.4000000000000004,0.2,2.4000000000000004,301.0,0.0,-11.4,2.3000000000000003,11.0,-83.7,0.0,0.0,219.8,0.0,22.200000000000003,26.9,26.9,29.9,300.0,300.0,29.4,34.2,28.1,27.5,29.6,4.96,2.0,4.96,0.16,0.0,0.0,1027.0,8228.0,0.0,0.0,0.0,0.0,0.0,1.0,0.0,0.0,0.0,-0.001,0.0,-0.1,0.0,-14.3,-12.7,0.0165,16.0,25903.0
2026-07-30T18:57:36.869Z,26.352,26.364,-7.4,7.4,0.0,0.0,0.0,0.0,0.0,1.0,1.0,0.0,1.0,0.0,0.0,0.0,8.0,6.0,0.0,0.0,0.0,0.0,0.0,0.0,0.0,0.0,5.0,12.0,1.0,12.05,5.01,2.51,1.49,-2.5,0.2,2.5,301.1,0.0,-12.0,1.7000000000000002,9.3,-83.7,0.0,0.0,219.8,0.0,22.200000000000003,26.9,26.9,29.9,300.0,300.0,29.4,34.2,28.1,27.5,29.6,4.96,2.0,4.96,0.16,0.0,0.0,1027.0,8228.0,0.0,0.0,0.0,0.0,0.0,1.0,0.0,0.0,0.0,-0.001,0.0,-0.2,0.0,-11.8,-12.8,0.0162,16.0,25903.0
2026-07-30T18:57:36.881Z,26.364,26.376,-7.5,7.4,0.0,0.0,0.0,0.0,0.0,1.0,1.0,0.0,1.0,0.0,0.0,0.0,8.0,6.0,0.0,0.0,0.0,0.0,0.0,0.0,0.0,0.0,5.0,12.0,1.0,12.05,5.01,2.51,1.49,-2.5,0.2,2.5,301.1,0.0,-12.0,1.1,9.3,-83.7,0.0,0.0,219.8,0.0,22.200000000000003,26.9,26.9,29.9,300.0,300.0,29.4,34.2,28.1,27.5,29.6,4.96,2.0,4.96,0.16,0.0,0.0,1027.0,8228.0,0.0,0.0,0.0,0.0,0.0,1.0,0.0,0.0,0.0,-0.001,0.0,-0.8,0.0,-11.4,-12.8,0.0168,16.0,25903.0
2026-07-30T18:57:36.893Z,26.376,26.388,-7.5,7.4,0.0,0.0,0.0,0.0,0.0,1.0,1.0,0.0,1.0,0.0,0.0,0.0,8.0,6.0,0.0,0.0,0.0,0.0,0.0,0.0,0.0,0.0,6.0,12.0,1.0,12.05,5.01,2.51,1.49,-2.4000000000000004,0.2,2.5,301.0,0.0,-13.2,2.3000000000000003,9.3,-83.7,0.0,0.0,219.8,0.0,22.200000000000003,26.9,26.9,29.9,300.0,300.0,29.4,34.2,28.1,27.5,29.6,4.96,2.0,4.96,0.16,0.0,0.0,1027.0,8228.0,0.0,0.0,0.0,0.0,0.0,1.0,0.0,0.0,0.0,-0.001,0.0,0.2,0.0,-12.3,-12.7,0.0168,16.0,25903.0
2026-07-30T18:57:36.905Z,26.388,26.4,-7.4,7.4,0.0,0.0,0.0,0.0,0.0,1.0,1.0,0.0,1.0,0.0,0.0,0.0,8.0,6.0,0.0,0.0,0.0,0.0,0.0,0.0,0.0,0.0,1.0,12.0,1.0,12.05,5.01,2.51,1.49,-2.6,0.3,2.6,301.0,0.0,-13.2,0.5,6.9,-83.7,0.0,0.0,219.8,0.0,22.200000000000003,26.9,26.9,29.9,300.0,300.0,29.4,34.2,28.1,27.5,29.6,4.96,2.0,4.96,0.16,0.0,0.0,1027.0,8228.0,0.0,0.0,0.0,0.0,0.0,1.0,0.0,0.0,0.0,-0.001,0.0,-0.8,0.0,-8.3,-12.8,0.0166,16.0,25903.0
2026-07-30T18:57:36.917Z,26.4,26.412,-7.4,7.4,0.0,0.0,0.0,0.0,0.0,1.0,1.0,0.0,1.0,0.0,0.0,0.0,8.0,6.0,0.0,0.0,0.0,0.0,0.0,0.0,0.0,0.0,2.0,12.0,1.0,12.05,5.01,2.51,1.49,-2.5,0.2,2.5,300.90000000000003,0.0,-13.2,2.3000000000000003,8.700000000000001,-83.7,0.0,0.0,219.7,0.0,22.200000000000003,26.9,26.9,29.9,300.0,300.0,29.4,34.2,28.1,27.5,29.6,4.96,2.0,4.96,0.16,0.0,0.0,1027.0,8228.0,0.0,0.0,0.0,0.0,0.0,1.0,0.0,0.0,0.0,-0.001,0.0,0.3,0.0,-11.6,-12.8,0.0176,16.0,25903.0
2026-07-30T18:57:36.929Z,26.412,26.424,-7.5,7.4,0.0,0.0,0.0,0.0,0.0,1.0,1.0,0.0,1.0,0.0,0.0,0.0,8.0,6.0,0.0,0.0,0.0,0.0,0.0,0.0,0.0,0.0,3.0,12.0,1.0,12.02,5.01,2.5,1.49,-2.5,0.3,2.6,301.1,0.0,-13.2,0.0,8.1,-83.7,0.0,0.0,219.7,0.0,22.1,26.9,26.9,29.9,300.0,300.0,29.5,34.300000000000004,28.200000000000003,27.5,29.700000000000003,4.96,2.0,4.96,0.16,0.0,0.0,1027.0,8228.0,0.0,0.0,0.0,0.0,0.0,1.0,0.0,0.0,0.0,-0.001,0.0,-1.5,0.0,-9.2,-12.8,0.0168,16.0,25903.0
2026-07-30T18:57:36.940Z,26.423,26.436,-7.5,7.4,0.0,0.0,0.0,0.0,0.0,1.0,1.0,0.0,1.0,0.0,0.0,0.0,8.0,6.0,0.0,0.0,0.0,0.0,0.0,0.0,0.0,0.0,4.0,12.0,1.0,12.02,5.01,2.5,1.49,-2.4000000000000004,0.2,2.4000000000000004,301.0,-0.1,-11.4,2.9000000000000004,10.4,-83.80000000000001,0.0,0.0,219.9,0.0,22.1,26.9,26.9,29.9,300.0,300.0,29.5,34.300000000000004,28.200000000000003,27.5,29.700000000000003,4.96,2.0,4.96,0.16,0.0,0.0,1027.0,8228.0,0.0,0.0,0.0,0.0,0.0,1.0,0.0,0.0,0.0,-0.001,0.0,0.5,0.0,-14.0,-12.7,0.0173,16.0,25903.0
2026-07-30T18:57:36.953Z,26.436,26.448,-7.4,7.4,0.0,0.0,0.0,0.0,0.0,1.0,1.0,0.0,1.0,0.0,0.0,0.0,8.0,6.0,0.0,0.0,0.0,0.0,0.0,0.0,0.0,0.0,5.0,12.0,1.0,12.02,5.01,2.5,1.49,-2.4000000000000004,0.2,2.4000000000000004,301.0,0.0,-12.6,2.9000000000000004,9.9,-83.7,0.0,0.0,219.8,0.0,22.1,26.9,26.9,29.9,300.0,300.0,29.5,34.300000000000004,28.200000000000003,27.5,29.700000000000003,4.96,2.0,4.96,0.16,0.0,0.0,1027.0,8228.0,0.0,0.0,0.0,0.0,0.0,1.0,0.0,0.0,0.0,-0.001,0.0,0.6000000000000001,0.0,-13.4,-12.7,0.0161,16.0,25903.0
2026-07-30T18:57:36.965Z,26.448,26.46,-7.4,7.4,0.0,0.0,0.0,0.0,0.0,1.0,1.0,0.0,1.0,0.0,0.0,0.0,8.0,6.0,0.0,0.0,0.0,0.0,0.0,0.0,0.0,0.0,6.0,12.0,1.0,12.02,5.01,2.5,1.49,-2.5,0.2,2.5,301.1,-0.1,-13.2,1.7000000000000002,8.700000000000001,-83.7,0.0,0.0,219.8,0.0,22.1,26.9,26.9,29.9,300.0,300.0,29.5,34.300000000000004,28.200000000000003,27.5,29.700000000000003,4.95,2.0,4.96,0.16,0.0,0.0,1027.0,8228.0,0.0,0.0,0.0,0.0,0.0,1.0,0.0,0.0,0.0,-0.001,0.0,-0.1,0.0,-11.2,-12.8,0.0163,16.0,25903.0
2026-07-30T18:57:36.977Z,26.46,26.472,-7.4,7.4,0.0,0.0,0.0,0.0,0.0,1.0,1.0,0.0,1.0,0.0,0.0,0.0,8.0,6.0,0.0,0.0,0.0,0.0,0.0,0.0,0.0,0.0,1.0,12.0,1.0,12.02,5.01,2.5,1.49,-2.4000000000000004,0.2,2.4000000000000004,301.0,-0.1,-12.0,1.7000000000000002,11.0,-83.7,0.0,0.0,219.8,0.0,22.1,26.9,26.9,29.9,300.0,300.0,29.5,34.300000000000004,28.200000000000003,27.5,29.700000000000003,4.95,2.0,4.97,0.16,0.0,0.0,1027.0,8228.0,0.0,0.0,0.0,0.0,0.0,1.0,0.0,0.0,0.0,-0.001,0.0,-0.6000000000000001,0.0,-13.8,-12.8,0.0168,16.0,25903.0
2026-07-30T18:57:36.990Z,26.473,26.484,-7.4,7.4,0.0,0.0,0.0,0.0,0.0,1.0,1.0,0.0,1.0,0.0,0.0,0.0,8.0,6.0,0.0,0.0,0.0,0.0,0.0,0.0,0.0,0.0,2.0,12.0,1.0,12.02,5.01,2.5,1.49,-2.5,0.2,2.5,300.90000000000003,-0.1,-10.9,1.7000000000000002,8.700000000000001,-83.7,0.0,0.0,219.7,0.0,22.1,26.9,26.9,29.9,300.0,300.0,29.5,34.300000000000004,28.200000000000003,27.5,29.700000000000003,4.95,2.0,4.97,0.16,0.0,0.0,1027.0,8228.0,0.0,0.0,0.0,0.0,0.0,1.0,0.0,0.0,0.0,-0.001,0.0,-0.1,0.0,-11.2,-12.8,0.0163,16.0,25903.0
2026-07-30T18:57:37.001Z,26.484,26.496,-7.4,7.4,0.0,0.0,0.0,0.0,0.0,1.0,1.0,0.0,1.0,0.0,0.0,0.0,8.0,6.0,0.0,0.0,0.0,0.0,0.0,0.0,0.0,0.0,3.0,12.0,1.0,12.02,5.01,2.5,1.49,-2.4000000000000004,0.2,2.5,301.0,-0.1,-12.0,3.5,9.3,-83.7,0.0,0.0,219.7,0.0,22.1,26.9,26.9,29.9,300.0,300.0,29.5,34.300000000000004,28.200000000000003,27.5,29.700000000000003,4.96,2.0,4.97,0.16,0.0,0.0,1027.0,8228.0,0.0,0.0,0.0,0.0,0.0,1.0,0.0,0.0,0.0,-0.001,0.0,1.3,0.0,-13.1,-12.8,0.017,16.0,25903.0
2026-07-30T18:57:37.013Z,26.496,26.508,-7.5,7.4,0.0,0.0,0.0,0.0,0.0,1.0,1.0,0.0,1.0,0.0,0.0,0.0,8.0,6.0,0.0,0.0,0.0,0.0,0.0,0.0,0.0,0.0,4.0,12.0,1.0,12.02,5.01,2.5,1.49,-2.4000000000000004,0.2,2.4000000000000004,301.1,-0.1,-11.4,2.9000000000000004,11.0,-83.7,0.0,0.0,219.8,0.0,22.1,26.9,26.9,29.9,300.0,300.0,29.5,34.300000000000004,28.200000000000003,27.5,29.700000000000003,4.96,2.0,4.96,0.17,0.0,0.0,1027.0,8228.0,0.0,0.0,0.0,0.0,0.0,1.0,0.0,0.0,0.0,-0.001,0.0,0.4,0.0,-14.7,-12.8,0.0166,16.0,25903.0
2026-07-30T18:57:37.026Z,26.509,26.52,-7.5,7.4,0.0,0.0,0.0,0.0,0.0,1.0,1.0,0.0,1.0,0.0,0.0,0.0,8.0,6.0,0.0,0.0,0.0,0.0,0.0,0.0,0.0,0.0,5.0,12.0,1.0,12.0,5.01,2.51,1.5,-2.4000000000000004,0.2,2.4000000000000004,301.0,-0.1,-11.4,2.9000000000000004,10.4,-83.7,0.0,0.0,219.8,0.0,22.200000000000003,27.0,27.0,29.9,300.0,300.0,29.5,34.4,28.200000000000003,27.6,29.700000000000003,4.95,2.0,4.96,0.17,0.0,0.0,1027.0,8228.0,0.0,0.0,0.0,0.0,0.0,1.0,0.0,0.0,0.0,-0.001,0.0,0.5,0.0,-14.0,-12.7,0.0161,16.0,25903.0
2026-07-30T18:57:37.037Z,26.52,26.532,-7.5,7.4,0.0,0.0,0.0,0.0,0.0,1.0,1.0,0.0,1.0,0.0,0.0,0.0,8.0,6.0,0.0,0.0,0.0,0.0,0.0,0.0,0.0,0.0,1.0,12.0,1.0,12.0,5.01,2.51,1.5,-2.4000000000000004,0.2,2.4000000000000004,301.0,-0.1,-10.9,3.5,10.4,-83.7,0.0,0.0,219.8,0.0,22.200000000000003,27.0,27.0,29.9,300.0,300.0,29.5,34.4,28.200000000000003,27.6,29.700000000000003,4.95,1.99,4.96,0.16,0.0,0.0,1027.0,8228.0,0.0,0.0,0.0,0.0,0.0,1.0,0.0,0.0,0.0,-0.001,0.0,1.0,0.0,-14.5,-12.7,0.0162,16.0,25903.0
2026-07-30T18:57:37.049Z,26.532,26.544,-7.5,7.4,0.0,0.0,0.0,0.0,0.0,1.0,1.0,0.0,1.0,0.0,0.0,0.0,8.0,6.0,0.0,0.0,0.0,0.0,0.0,0.0,0.0,0.0,2.0,12.0,1.0,12.0,5.01,2.51,1.5,-2.4000000000000004,0.2,2.4000000000000004,301.1,-0.1,-10.9,2.9000000000000004,9.9,-83.7,0.0,0.0,219.8,0.0,22.200000000000003,27.0,27.0,29.9,300.0,300.0,29.5,34.4,28.200000000000003,27.6,29.700000000000003,4.96,2.0,4.96,0.16,0.0,0.0,1027.0,8228.0,0.0,0.0,0.0,0.0,0.0,1.0,0.0,0.0,0.0,-0.001,0.0,0.6000000000000001,0.0,-13.4,-12.7,0.0161,16.0,25903.0
2026-07-30T18:57:37.061Z,26.544,26.556,-7.4,7.4,0.0,0.0,0.0,0.0,0.0,1.0,1.0,0.0,1.0,0.0,0.0,0.0,8.0,6.0,0.0,0.0,0.0,0.0,0.0,0.0,0.0,0.0,3.0,12.0,1.0,12.0,5.01,2.51,1.5,-2.4000000000000004,0.2,2.5,301.0,-0.1,-11.4,2.3000000000000003,9.3,-83.7,0.0,0.0,219.7,0.0,22.200000000000003,27.0,27.0,29.9,300.0,300.0,29.5,34.4,28.200000000000003,27.6,29.700000000000003,4.95,2.0,4.96,0.16,0.0,0.0,1027.0,8228.0,0.0,0.0,0.0,0.0,0.0,1.0,0.0,0.0,0.0,-0.001,0.0,0.2,0.0,-12.3,-12.8,0.0164,16.0,25903.0
2026-07-30T18:57:37.073Z,26.556,26.568,-7.5,7.4,0.0,0.0,0.0,0.0,0.0,1.0,1.0,0.0,1.0,0.0,0.0,0.0,8.0,6.0,0.0,0.0,0.0,0.0,0.0,0.0,0.0,0.0,5.0,12.0,1.0,12.0,5.01,2.51,1.5,-2.4000000000000004,0.3,2.4000000000000004,301.1,-0.1,-12.0,1.1,10.4,-83.7,0.0,0.0,219.7,0.0,22.200000000000003,27.0,27.0,29.9,300.0,300.0,29.5,34.4,28.200000000000003,27.6,29.700000000000003,4.95,2.0,4.97,0.16,0.0,0.0,1027.0,8228.0,0.0,0.0,0.0,0.0,0.0,1.0,0.0,0.0,0.0,-0.001,0.0,-1.0,0.0,-12.8,-12.8,0.0167,16.0,25903.0
2026-07-30T18:57:37.085Z,26.568,26.58,-7.5,7.4,0.0,0.0,0.0,0.0,0.0,1.0,1.0,0.0,1.0,0.0,0.0,0.0,8.0,6.0,0.0,0.0,0.0,0.0,0.0,0.0,0.0,0.0,5.0,12.0,1.0,12.0,5.01,2.51,1.5,-2.4000000000000004,0.2,2.4000000000000004,301.1,-0.1,-10.3,2.9000000000000004,9.9,-83.7,0.0,0.0,219.7,0.0,22.200000000000003,27.0,27.0,29.9,300.0,300.0,29.5,34.4,28.200000000000003,27.6,29.700000000000003,4.95,2.0,4.96,0.16,0.0,0.0,1027.0,8228.0,0.0,0.0,0.0,0.0,0.0,1.0,0.0,0.0,0.0,-0.001,0.0,0.6000000000000001,0.0,-13.4,-12.7,0.0165,16.0,25903.0
2026-07-30T18:57:37.097Z,26.58,26.592,-7.5,7.4,0.0,0.0,0.0,0.0,0.0,1.0,1.0,0.0,1.0,0.0,0.0,0.0,8.0,6.0,0.0,0.0,0.0,0.0,0.0,0.0,0.0,0.0,6.0,12.0,1.0,12.0,5.01,2.51,1.5,-2.3000000000000003,0.2,2.3000000000000003,300.90000000000003,-0.1,-11.4,4.0,11.0,-83.7,0.0,0.0,219.8,0.0,22.200000000000003,27.0,27.0,29.9,300.0,300.0,29.5,34.4,28.200000000000003,27.6,29.700000000000003,4.96,2.0,4.96,0.16,0.0,0.0,1027.0,8228.0,0.0,0.0,0.0,0.0,0.0,1.0,0.0,0.0,0.0,-0.001,0.0,1.4,0.0,-15.6,-12.8,0.0163,16.0,25903.0
2026-07-30T18:57:37.108Z,26.591,26.604,-7.4,7.4,0.0,0.0,0.0,0.0,0.0,1.0,1.0,0.0,1.0,0.0,0.0,0.0,8.0,6.0,0.0,0.0,0.0,0.0,0.0,0.0,0.0,0.0,1.0,12.0,1.0,12.0,5.01,2.51,1.5,-2.4000000000000004,0.2,2.4000000000000004,301.1,-0.1,-10.9,3.5,9.9,-83.7,0.0,0.0,219.9,0.0,22.200000000000003,27.0,27.0,29.9,300.0,300.0,29.5,34.4,28.200000000000003,27.6,29.700000000000003,4.95,2.0,4.96,0.16,0.0,0.0,1027.0,8228.0,0.0,0.0,0.0,0.0,0.0,1.0,0.0,0.0,0.0,-0.001,0.0,1.1,0.0,-13.8,-12.7,0.0158,16.0,25903.0
2026-07-30T18:57:37.121Z,26.604,26.616,-7.5,7.4,0.0,0.0,0.0,0.0,0.0,1.0,1.0,0.0,1.0,0.0,0.0,0.0,8.0,6.0,0.0,0.0,0.0,0.0,0.0,0.0,0.0,0.0,2.0,12.0,1.0,12.0,5.01,2.51,1.5,-2.4000000000000004,0.2,2.4000000000000004,301.1,-0.1,-11.4,1.7000000000000002,9.9,-83.7,0.0,0.0,219.7,0.0,22.200000000000003,27.0,27.0,29.9,300.0,300.0,29.5,34.4,28.200000000000003,27.6,29.700000000000003,4.95,2.0,4.96,0.16,0.0,0.0,1027.0,8228.0,0.0,0.0,0.0,0.0,0.0,1.0,0.0,0.0,0.0,-0.001,0.0,-0.3,0.0,-12.5,-12.8,0.0163,16.0,25903.0
2026-07-30T18:57:37.132Z,26.615,26.628,-7.5,7.4,0.0,0.0,0.0,0.0,0.0,1.0,1.0,0.0,1.0,0.0,0.0,0.0,8.0,6.0,0.0,0.0,0.0,0.0,0.0,0.0,0.0,0.0,3.0,12.0,1.0,12.05,5.0200000000000005,2.5,1.49,-2.3000000000000003,0.2,2.3000000000000003,300.90000000000003,-0.1,-10.9,2.9000000000000004,12.2,-83.7,0.0,0.0,219.6,0.0,22.3,27.0,27.0,29.9,300.0,300.0,29.6,34.300000000000004,28.1,27.700000000000003,29.8,4.95,2.0,4.97,0.16,0.0,0.0,1027.0,8228.0,0.0,0.0,0.0,0.0,0.0,1.0,0.0,0.0,0.0,-0.001,0.0,0.2,0.0,-16.0,-12.8,0.0166,16.0,25903.0
2026-07-30T18:57:37.145Z,26.628,26.64,-7.4,7.4,0.0,0.0,0.0,0.0,0.0,1.0,1.0,0.0,1.0,0.0,0.0,0.0,8.0,6.0,0.0,0.0,0.0,0.0,0.0,0.0,0.0,0.0,4.0,12.0,1.0,12.05,5.0200000000000005,2.5,1.49,-2.4000000000000004,0.2,2.4000000000000004,301.1,0.0,-12.6,2.9000000000000004,10.4,-83.7,0.0,0.0,219.8,0.0,22.3,27.0,27.0,29.9,300.0,300.0,29.6,34.300000000000004,28.1,27.700000000000003,29.8,4.95,2.0,4.97,0.16,0.0,0.0,1027.0,8228.0,0.0,0.0,0.0,0.0,0.0,1.0,0.0,0.0,0.0,-0.001,0.0,0.5,0.0,-14.0,-12.7,0.0157,16.0,25903.0
2026-07-30T18:57:37.157Z,26.64,26.652,-7.4,7.4,0.0,0.0,0.0,0.0,0.0,1.0,1.0,0.0,1.0,0.0,0.0,0.0,8.0,6.0,0.0,0.0,0.0,0.0,0.0,0.0,0.0,0.0,5.0,12.0,1.0,12.05,5.0200000000000005,2.5,1.49,-2.4000000000000004,0.3,2.4000000000000004,300.90000000000003,0.0,-12.6,1.1,9.9,-83.7,0.0,0.0,219.8,0.0,22.3,27.0,27.0,29.9,300.0,300.0,29.6,34.300000000000004,28.1,27.700000000000003,29.8,4.95,2.0,4.97,0.16,0.0,0.0,1027.0,8228.0,0.0,0.0,0.0,0.0,0.0,1.0,0.0,0.0,0.0,-0.001,0.0,-0.9,0.0,-12.1,-12.8,0.0161,16.0,25903.0
2026-07-30T18:57:37.169Z,26.652,26.664,-7.5,7.4,0.0,0.0,0.0,0.0,0.0,1.0,1.0,0.0,1.0,0.0,0.0,0.0,8.0,6.0,0.0,0.0,0.0,0.0,0.0,0.0,0.0,0.0,6.0,12.0,1.0,12.05,5.0200000000000005,2.5,1.49,-2.4000000000000004,0.2,2.4000000000000004,301.0,0.0,-11.4,1.7000000000000002,9.3,-83.7,0.0,0.0,219.9,0.0,22.3,27.0,27.0,29.9,300.0,300.0,29.6,34.300000000000004,28.1,27.700000000000003,29.8,4.96,2.0,4.96,0.16,0.0,0.0,1027.0,8228.0,0.0,0.0,0.0,0.0,0.0,1.0,0.0,0.0,0.0,-0.001,0.0,-0.2,0.0,-11.8,-12.8,0.0169,16.0,25903.0
2026-07-30T18:57:37.182Z,26.665,26.676,-7.5,7.4,0.0,0.0,0.0,0.0,0.0,1.0,1.0,0.0,1.0,0.0,0.0,0.0,8.0,6.0,0.0,0.0,0.0,0.0,0.0,0.0,0.0,0.0,1.0,12.0,1.0,12.05,5.0200000000000005,2.5,1.49,-2.4000000000000004,0.2,2.4000000000000004,301.1,0.0,-10.9,2.3000000000000003,10.4,-83.7,0.0,0.0,219.8,0.0,22.3,27.0,27.0,29.9,300.0,300.0,29.6,34.300000000000004,28.1,27.700000000000003,29.8,4.96,2.0,4.97,0.17,0.0,0.0,1027.0,8228.0,0.0,0.0,0.0,0.0,0.0,1.0,0.0,0.0,0.0,-0.001,0.0,0.0,0.0,-13.6,-12.7,0.0166,16.0,25903.0
2026-07-30T18:57:37.193Z,26.676,26.688,-7.5,7.4,0.0,0.0,0.0,0.0,0.0,1.0,1.0,0.0,1.0,0.0,0.0,0.0,8.0,6.0,0.0,0.0,0.0,0.0,0.0,0.0,0.0,0.0,1.0,12.0,1.0,12.05,5.0200000000000005,2.5,1.49,-2.3000000000000003,0.2,2.3000000000000003,300.90000000000003,0.0,-12.0,2.9000000000000004,11.0,-83.7,0.0,0.0,219.9,0.0,22.3,27.0,27.0,29.9,300.0,300.0,29.6,34.300000000000004,28.1,27.700000000000003,29.8,4.95,2.0,4.97,0.16,0.0,0.0,1027.0,8228.0,0.0,0.0,0.0,0.0,0.0,1.0,0.0,0.0,0.0,-0.001,0.0,0.4,0.0,-14.7,-12.7,0.0167,16.0,25903.0
2026-07-30T18:57:37.205Z,26.688,26.7,-7.4,7.4,0.0,0.0,0.0,0.0,0.0,1.0,1.0,0.0,1.0,0.0,0.0,0.0,8.0,6.0,0.0,0.0,0.0,0.0,0.0,0.0,0.0,0.0,2.0,12.0,1.0,12.05,5.0200000000000005,2.5,1.49,-2.5,0.2,2.5,301.0,0.0,-12.6,1.1,8.700000000000001,-83.7,0.0,0.0,219.9,0.0,22.3,27.0,27.0,29.9,300.0,300.0,29.6,34.300000000000004,28.1,27.700000000000003,29.8,4.96,2.0,4.96,0.16,0.0,0.0,1027.0,8228.0,0.0,0.0,0.0,0.0,0.0,1.0,0.0,0.0,0.0,-0.001,0.0,-0.7000000000000001,0.0,-10.7,-12.8,0.0164,16.0,25903.0
2026-07-30T18:57:37.217Z,26.7,26.712,-7.4,7.4,0.0,0.0,0.0,0.0,0.0,1.0,1.0,0.0,1.0,0.0,0.0,0.0,8.0,6.0,0.0,0.0,0.0,0.0,0.0,0.0,0.0,0.0,3.0,12.0,1.0,12.05,5.0200000000000005,2.5,1.49,-2.5,0.3,2.5,301.1,0.0,-13.2,0.0,9.3,-83.7,0.0,0.0,219.9,0.0,22.3,27.0,27.0,29.9,300.0,300.0,29.6,34.300000000000004,28.1,27.700000000000003,29.8,4.95,2.0,4.97,0.16,0.0,0.0,1027.0,8228.0,0.0,0.0,0.0,0.0,0.0,1.0,0.0,0.0,0.0,-0.001,0.0,-1.8,0.0,-10.5,-12.8,0.0161,16.0,25903.0
2026-07-30T18:57:37.230Z,26.713,26.724,-7.4,7.4,0.0,0.0,0.0,0.0,0.0,1.0,1.0,0.0,1.0,0.0,0.0,0.0,8.0,6.0,0.0,0.0,0.0,0.0,0.0,0.0,0.0,0.0,4.0,12.0,1.0,12.04,5.01,2.51,1.5,-2.5,0.2,2.5,301.0,0.0,-13.2,1.7000000000000002,8.700000000000001,-83.7,0.0,0.0,219.7,0.0,21.9,27.0,27.0,30.0,300.0,300.0,29.4,34.2,28.200000000000003,27.700000000000003,29.9,4.95,2.0,4.96,0.16,0.0,0.0,1027.0,8228.0,0.0,0.0,0.0,0.0,0.0,1.0,0.0,0.0,0.0,-0.001,0.0,-0.1,0.0,-11.2,-12.8,0.0165,16.0,25903.0
2026-07-30T18:57:37.241Z,26.724,26.736,-7.4,7.4,0.0,0.0,0.0,0.0,0.0,1.0,1.0,0.0,1.0,0.0,0.0,0.0,8.0,6.0,0.0,0.0,0.0,0.0,0.0,0.0,0.0,0.0,6.0,12.0,1.0,12.04,5.01,2.51,1.5,-2.5,0.2,2.5,301.0,0.0,-12.0,1.1,8.1,-83.7,0.0,0.0,219.7,0.0,21.9,27.0,27.0,30.0,300.0,300.0,29.4,34.2,28.200000000000003,27.700000000000003,29.9,4.96,2.0,4.96,0.16,0.0,0.0,1027.0,8228.0,0.0,0.0,0.0,0.0,0.0,1.0,0.0,0.0,0.0,-0.001,0.0,0.3,0.0,-15.4,-12.9,0.0159,16.0,25903.0
2026-07-30T18:57:37.253Z,26.736,26.748,-7.4,7.4,0.0,0.0,0.0,0.0,0.0,1.0,1.0,0.0,1.0,0.0,0.0,0.0,8.0,6.0,0.0,0.0,0.0,0.0,0.0,0.0,0.0,0.0,1.0,12.0,1.0,12.04,5.01,2.51,1.5,-2.4000000000000004,0.2,2.4000000000000004,301.0,-0.1,-12.6,1.7000000000000002,9.3,-83.7,0.0,0.0,219.7,0.0,21.9,27.0,27.0,30.0,300.0,300.0,29.4,34.2,28.200000000000003,27.700000000000003,29.9,4.96,2.0,4.96,0.16,0.0,0.0,1027.0,8228.0,0.0,0.0,0.0,0.0,0.0,1.0,0.0,0.0,0.0,-0.001,0.0,0.0,0.0,-13.6,-12.8,0.016,16.0,25903.0
2026-07-30T18:57:37.265Z,26.748,26.76,-7.5,7.4,0.0,0.0,0.0,0.0,0.0,1.0,1.0,0.0,1.0,0.0,0.0,0.0,8.0,6.0,0.0,0.0,0.0,0.0,0.0,0.0,0.0,0.0,2.0,12.0,1.0,12.04,5.01,2.51,1.5,-2.4000000000000004,0.2,2.4000000000000004,301.1,-0.1,-12.6,1.7000000000000002,8.700000000000001,-83.7,0.0,0.0,219.8,0.0,21.9,27.0,27.0,30.0,300.0,300.0,29.4,34.2,28.200000000000003,27.700000000000003,29.9,4.95,2.0,4.96,0.16,0.0,0.0,1027.0,8228.0,0.0,0.0,0.0,0.0,0.0,1.0,0.0,0.0,0.0,-0.001,0.0,-0.6000000000000001,0.0,-13.8,-12.8,0.0164,16.0,25903.0
2026-07-30T18:57:37.277Z,26.76,26.772,-7.5,7.4,0.0,0.0,0.0,0.0,0.0,1.0,1.0,0.0,1.0,0.0,0.0,0.0,8.0,6.0,0.0,0.0,0.0,0.0,0.0,0.0,0.0,0.0,4.0,12.0,1.0,12.04,5.01,2.51,1.5,-2.4000000000000004,0.2,2.4000000000000004,300.90000000000003,-0.1,-11.4,2.3000000000000003,9.3,-83.80000000000001,0.0,0.0,219.9,0.0,21.9,27.0,27.0,30.0,300.0,300.0,29.4,34.2,28.200000000000003,27.700000000000003,29.9,4.95,2.0,4.96,0.16,0.0,0.0,1027.0,8228.0,0.0,0.0,0.0,0.0,0.0,1.0,0.0,0.0,0.0,-0.001,0.0,0.2,0.0,-12.3,-12.7,0.0162,16.0,25903.0
2026-07-30T18:57:37.289Z,26.772,26.784,-7.4,7.4,0.0,0.0,0.0,0.0,0.0,1.0,1.0,0.0,1.0,0.0,0.0,0.0,8.0,6.0,0.0,0.0,0.0,0.0,0.0,0.0,0.0,0.0,5.0,12.0,1.0,12.04,5.01,2.51,1.5,-2.5,0.2,2.5,301.1,-0.1,-11.4,2.3000000000000003,8.700000000000001,-83.80000000000001,0.0,0.0,219.9,0.0,21.9,27.0,27.0,30.0,300.0,300.0,29.4,34.2,28.200000000000003,27.700000000000003,29.9,4.96,2.0,4.96,0.16,0.0,0.0,1027.0,8228.0,0.0,0.0,0.0,0.0,0.0,1.0,0.0,0.0,0.0,-0.001,0.0,0.3,0.0,-11.6,-12.7,0.0166,16.0,25903.0
2026-07-30T18:57:37.301Z,26.784,26.796,-7.4,7.4,0.0,0.0,0.0,0.0,0.0,1.0,1.0,0.0,1.0,0.0,0.0,0.0,8.0,6.0,0.0,0.0,0.0,0.0,0.0,0.0,0.0,0.0,1.0,12.0,1.0,12.04,5.01,2.51,1.5,-2.4000000000000004,0.2,2.4000000000000004,301.1,-0.1,-11.4,2.9000000000000004,11.0,-83.80000000000001,0.0,0.0,219.9,0.0,21.9,27.0,27.0,30.0,300.0,300.0,29.4,34.2,28.200000000000003,27.700000000000003,29.9,4.96,2.0,4.96,0.16,0.0,0.0,1027.0,8228.0,0.0,0.0,0.0,0.0,0.0,1.0,0.0,0.0,0.0,-0.001,0.0,0.3,0.0,-14.7,-12.8,0.0168,16.0,25903.0
2026-07-30T18:57:37.314Z,26.797,26.808,-7.5,7.4,0.0,0.0,0.0,0.0,0.0,1.0,1.0,0.0,1.0,0.0,0.0,0.0,8.0,6.0,0.0,0.0,0.0,0.0,0.0,0.0,0.0,0.0,2.0,12.0,1.0,12.04,5.01,2.51,1.5,-2.4000000000000004,0.2,2.4000000000000004,300.90000000000003,-0.1,-10.3,2.3000000000000003,11.0,-83.80000000000001,0.0,0.0,219.8,0.0,21.9,27.0,27.0,30.0,300.0,300.0,29.4,34.2,28.200000000000003,27.700000000000003,29.9,4.95,2.0,4.96,0.16,0.0,0.0,1027.0,8228.0,0.0,0.0,0.0,0.0,0.0,1.0,0.0,0.0,0.0,-0.001,0.0,0.0,0.0,-14.3,-12.8,0.0161,16.0,25903.0
2026-07-30T18:57:37.325Z,26.808,26.82,-7.4,7.4,0.0,0.0,0.0,0.0,0.0,1.0,1.0,0.0,1.0,0.0,0.0,0.0,8.0,6.0,0.0,0.0,0.0,0.0,0.0,0.0,0.0,0.0,2.0,12.0,1.0,12.04,5.01,2.51,1.5,-2.4000000000000004,0.2,2.5,301.1,0.0,-12.0,2.3000000000000003,9.3,-83.80000000000001,0.0,0.0,219.8,0.0,21.9,27.0,27.0,30.0,300.0,300.0,29.4,34.2,28.200000000000003,27.700000000000003,29.9,4.95,2.0,4.96,0.16,0.0,0.0,1027.0,8228.0,0.0,0.0,0.0,0.0,0.0,1.0,0.0,0.0,0.0,-0.001,0.0,0.2,0.0,-12.3,-12.6,0.0161,16.0,25903.0
2026-07-30T18:57:37.337Z,26.82,26.832,-7.4,7.4,0.0,0.0,0.0,0.0,0.0,1.0,1.0,0.0,1.0,0.0,0.0,0.0,8.0,6.0,0.0,0.0,0.0,0.0,0.0,0.0,0.0,0.0,3.0,12.0,1.0,12.06,5.01,2.51,1.5,-2.4000000000000004,0.2,2.4000000000000004,301.2,0.0,-11.4,2.9000000000000004,9.9,-83.80000000000001,0.0,0.0,219.8,0.0,22.200000000000003,27.0,27.0,30.0,300.0,300.0,29.3,34.4,28.3,27.700000000000003,29.9,4.96,2.0,4.96,0.16,0.0,0.0,1027.0,8228.0,0.0,0.0,0.0,0.0,0.0,1.0,0.0,0.0,0.0,-0.001,0.0,0.6000000000000001,0.0,-13.4,-12.8,0.0166,16.0,25903.0
2026-07-30T18:57:37.349Z,26.832,26.844,-7.5,7.4,0.0,0.0,0.0,0.0,0.0,1.0,1.0,0.0,1.0,0.0,0.0,0.0,8.0,6.0,0.0,0.0,0.0,0.0,0.0,0.0,0.0,0.0,5.0,12.0,1.0,12.06,5.01,2.51,1.5,-2.3000000000000003,0.2,2.3000000000000003,301.0,0.0,-10.9,2.9000000000000004,12.2,-83.80000000000001,0.0,0.0,219.8,0.0,22.200000000000003,27.0,27.0,30.0,300.0,300.0,29.3,34.4,28.3,27.700000000000003,29.9,4.95,2.0,4.97,0.16,0.0,0.0,1027.0,8228.0,0.0,0.0,0.0,0.0,0.0,1.0,0.0,0.0,0.0,-0.001,0.0,0.1,0.0,-16.0,-12.8,0.0163,16.0,25903.0
2026-07-30T18:57:37.361Z,26.844,26.856,-7.4,7.4,0.0,0.0,0.0,0.0,0.0,1.0,1.0,0.0,1.0,0.0,0.0,0.0,8.0,6.0,0.0,0.0,0.0,0.0,0.0,0.0,0.0,0.0,6.0,12.0,1.0,12.06,5.01,2.51,1.5,-2.5,0.2,2.5,301.1,0.0,-11.4,1.1,8.1,-83.80000000000001,0.0,0.0,219.8,0.0,22.200000000000003,27.0,27.0,30.0,300.0,300.0,29.3,34.4,28.3,27.700000000000003,29.9,4.96,2.0,4.96,0.16,0.0,0.0,1027.0,8228.0,0.0,0.0,0.0,0.0,0.0,1.0,0.0,0.0,0.0,-0.001,0.0,-0.5,0.0,-10.1,-12.7,0.0157,16.0,25903.0
2026-07-30T18:57:37.373Z,26.856,26.868,-7.4,7.4,0.0,0.0,0.0,0.0,0.0,1.0,1.0,0.0,1.0,0.0,0.0,0.0,8.0,6.0,0.0,0.0,0.0,0.0,0.0,0.0,0.0,0.0,1.0,12.0,1.0,12.06,5.01,2.51,1.5,-2.4000000000000004,0.2,2.4000000000000004,301.1,0.0,-12.6,2.9000000000000004,9.9,-83.80000000000001,0.0,0.0,219.9,0.0,22.200000000000003,27.0,27.0,30.0,300.0,300.0,29.3,34.4,28.3,27.700000000000003,29.9,4.96,2.0,4.96,0.16,0.0,0.0,1027.0,8228.0,0.0,0.0,0.0,0.0,0.0,1.0,0.0,0.0,0.0,-0.001,0.0,0.6000000000000001,0.0,-13.4,-12.8,0.017,16.0,25903.0
2026-07-30T18:57:37.385Z,26.868,26.88,-7.4,7.4,0.0,0.0,0.0,0.0,0.0,1.0,1.0,0.0,1.0,0.0,0.0,0.0,8.0,6.0,0.0,0.0,0.0,0.0,0.0,0.0,0.0,0.0,3.0,12.0,1.0,12.06,5.01,2.51,1.5,-2.4000000000000004,0.2,2.4000000000000004,301.1,0.0,-12.0,2.9000000000000004,10.4,-83.80000000000001,0.0,0.0,219.9,0.0,22.200000000000003,27.0,27.0,30.0,300.0,300.0,29.3,34.4,28.3,27.700000000000003,29.9,4.95,2.0,4.96,0.16,0.0,0.0,1027.0,8228.0,0.0,0.0,0.0,0.0,0.0,1.0,0.0,0.0,0.0,-0.001,0.0,0.5,0.0,-14.0,-12.9,0.0164,16.0,25903.0
2026-07-30T18:57:37.396Z,26.879,26.892,-7.4,7.4,0.0,0.0,0.0,0.0,0.0,1.0,1.0,0.0,1.0,0.0,0.0,0.0,8.0,6.0,0.0,0.0,0.0,0.0,0.0,0.0,0.0,0.0,4.0,12.0,1.0,12.06,5.01,2.51,1.5,-2.5,0.2,2.5,301.0,0.0,-13.2,1.7000000000000002,8.1,-83.80000000000001,0.0,0.0,219.9,0.0,22.200000000000003,27.0,27.0,30.0,300.0,300.0,29.3,34.4,28.3,27.700000000000003,29.9,4.95,2.0,4.97,0.16,0.0,0.0,1027.0,8228.0,0.0,0.0,0.0,0.0,0.0,1.0,0.0,0.0,0.0,-0.001,0.0,0.0,0.0,-10.5,-12.8,0.0164,16.0,25903.0
2026-07-30T18:57:37.409Z,26.892,26.904,-7.5,7.4,0.0,0.0,0.0,0.0,0.0,1.0,1.0,0.0,1.0,0.0,0.0,0.0,8.0,6.0,0.0,0.0,0.0,0.0,0.0,0.0,0.0,0.0,5.0,12.0,1.0,12.06,5.01,2.51,1.5,-2.5,0.3,2.5,301.1,0.0,-12.6,-0.5,9.3,-83.80000000000001,0.0,0.0,219.8,0.0,22.200000000000003,27.0,27.0,30.0,300.0,300.0,29.3,34.4,28.3,27.700000000000003,29.9,4.96,2.0,4.96,0.16,0.0,0.0,1027.0,8228.0,0.0,0.0,0.0,0.0,0.0,1.0,0.0,0.0,0.0,-0.001,0.0,-2.3000000000000003,0.0,-10.1,-12.8,0.0171,16.0,25903.0
2026-07-30T18:57:37.422Z,26.905,26.916,-7.5,7.4,0.0,0.0,0.0,0.0,0.0,1.0,1.0,0.0,1.0,0.0,0.0,0.0,8.0,6.0,0.0,0.0,0.0,0.0,0.0,0.0,0.0,0.0,6.0,12.0,1.0,12.06,5.01,2.51,1.5,-2.5,0.3,2.5,301.0,0.0,-12.6,0.5,8.1,-83.80000000000001,0.0,0.0,219.7,0.0,22.200000000000003,27.0,27.0,30.0,300.0,300.0,29.3,34.4,28.3,27.700000000000003,29.9,4.96,2.0,4.96,0.17,0.0,0.0,1027.0,8228.0,0.0,0.0,0.0,0.0,0.0,1.0,0.0,0.0,0.0,-0.001,0.0,-1.0,0.0,-9.7,-12.7,0.0172,16.0,25903.0
2026-07-30T18:57:37.434Z,26.917,26.928,-7.5,7.4,0.0,0.0,0.0,0.0,0.0,1.0,1.0,0.0,1.0,0.0,0.0,0.0,8.0,6.0,0.0,0.0,0.0,0.0,0.0,0.0,0.0,0.0,1.0,12.0,1.0,12.06,5.01,2.5,1.5,-2.4000000000000004,0.2,2.4000000000000004,301.1,0.0,-13.2,1.7000000000000002,10.4,-83.80000000000001,0.0,0.0,219.7,0.0,22.200000000000003,27.0,27.0,30.0,300.0,300.0,29.3,34.5,28.3,27.8,30.0,4.95,2.0,4.96,0.16,0.0,0.0,1027.0,8228.0,0.0,0.0,0.0,0.0,0.0,1.0,0.0,0.0,0.0,-0.001,0.0,-0.4,0.0,-13.2,-12.7,0.0173,16.0,25903.0
2026-07-30T18:57:37.445Z,26.928,26.94,-7.4,7.4,0.0,0.0,0.0,0.0,0.0,1.0,1.0,0.0,1.0,0.0,0.0,0.0,8.0,6.0,0.0,0.0,0.0,0.0,0.0,0.0,0.0,0.0,3.0,12.0,1.0,12.06,5.01,2.5,1.5,-2.4000000000000004,0.2,2.4000000000000004,301.1,0.0,-12.0,2.9000000000000004,9.9,-83.80000000000001,0.0,0.0,219.8,0.0,22.200000000000003,27.0,27.0,30.0,300.0,300.0,29.3,34.5,28.3,27.8,30.0,4.96,2.0,4.97,0.16,0.0,0.0,1027.0,8228.0,0.0,0.0,0.0,0.0,0.0,1.0,0.0,0.0,0.0,-0.001,0.0,0.6000000000000001,0.0,-13.4,-12.7,0.0164,16.0,25903.0
2026-07-30T18:57:37.457Z,26.94,26.952,-7.5,7.4,0.0,0.0,0.0,0.0,0.0,1.0,1.0,0.0,1.0,0.0,0.0,0.0,8.0,6.0,0.0,0.0,0.0,0.0,0.0,0.0,0.0,0.0,3.0,12.0,1.0,12.06,5.01,2.5,1.5,-2.4000000000000004,0.2,2.4000000000000004,301.0,-0.1,-12.0,1.7000000000000002,9.9,-83.80000000000001,0.0,0.0,219.7,0.0,22.200000000000003,27.0,27.0,30.0,300.0,300.0,29.3,34.5,28.3,27.8,30.0,4.95,2.0,4.97,0.16,0.0,0.0,1027.0,8228.0,0.0,0.0,0.0,0.0,0.0,1.0,0.0,0.0,0.0,-0.001,0.0,-0.3,0.0,-12.5,-12.8,0.0164,16.0,25903.0
2026-07-30T18:57:37.469Z,26.952,26.964,-7.5,7.4,0.0,0.0,0.0,0.0,0.0,1.0,1.0,0.0,1.0,0.0,0.0,0.0,8.0,6.0,0.0,0.0,0.0,0.0,0.0,0.0,0.0,0.0,4.0,12.0,1.0,12.06,5.01,2.5,1.5,-2.4000000000000004,0.2,2.4000000000000004,301.1,-0.1,-12.0,3.5,10.4,-83.80000000000001,0.0,0.0,219.8,0.0,22.200000000000003,27.0,27.0,30.0,300.0,300.0,29.3,34.5,28.3,27.8,30.0,4.95,2.0,4.97,0.16,0.0,0.0,1027.0,8228.0,0.0,0.0,0.0,0.0,0.0,1.0,0.0,0.0,0.0,-0.001,0.0,1.0,0.0,-14.5,-12.7,0.0165,16.0,25903.0
2026-07-30T18:57:37.481Z,26.964,26.976,-7.5,7.4,0.0,0.0,0.0,0.0,0.0,1.0,1.0,0.0,1.0,0.0,0.0,0.0,8.0,6.0,0.0,0.0,0.0,0.0,0.0,0.0,0.0,0.0,5.0,12.0,1.0,12.06,5.01,2.5,1.5,-2.5,0.2,2.5,301.1,-0.1,-11.4,1.7000000000000002,8.700000000000001,-83.80000000000001,0.0,0.0,219.8,0.0,22.200000000000003,27.0,27.0,30.0,300.0,300.0,29.3,34.5,28.3,27.8,30.0,4.95,2.0,4.97,0.16,0.0,0.0,1027.0,8228.0,0.0,0.0,0.0,0.0,0.0,1.0,0.0,0.0,0.0,-0.001,0.0,-0.1,0.0,-11.2,-12.7,0.016,16.0,25903.0
2026-07-30T18:57:37.492Z,26.975,26.988,-7.5,7.4,0.0,0.0,0.0,0.0,0.0,1.0,1.0,0.0,1.0,0.0,0.0,0.0,8.0,6.0,0.0,0.0,0.0,0.0,0.0,0.0,0.0,0.0,6.0,12.0,1.0,12.06,5.01,2.5,1.5,-2.5,0.2,2.5,301.1,-0.1,-12.0,1.7000000000000002,8.1,-83.80000000000001,0.0,0.0,219.8,0.0,22.200000000000003,27.0,27.0,30.0,300.0,300.0,29.3,34.5,28.3,27.8,30.0,4.95,2.0,4.96,0.16,0.0,0.0,1027.0,8228.0,0.0,0.0,0.0,0.0,0.0,1.0,0.0,0.0,0.0,-0.001,0.0,0.0,0.0,-10.5,-12.8,0.0168,16.0,25903.0
2026-07-30T18:57:37.505Z,26.988,27.0,-7.5,7.4,0.0,0.0,0.0,0.0,0.0,1.0,1.0,0.0,1.0,0.0,0.0,0.0,8.0,6.0,0.0,0.0,0.0,0.0,0.0,0.0,0.0,0.0,1.0,12.0,1.0,12.06,5.01,2.5,1.5,-2.4000000000000004,0.2,2.4000000000000004,301.1,-0.1,-11.4,2.9000000000000004,9.3,-83.80000000000001,0.0,0.0,219.8,0.0,22.200000000000003,27.0,27.0,30.0,300.0,300.0,29.3,34.5,28.3,27.8,30.0,4.96,2.0,4.96,0.16,0.0,0.0,1027.0,8228.0,0.0,0.0,0.0,0.0,0.0,1.0,0.0,0.0,0.0,-0.001,0.0,0.7000000000000001,0.0,-12.7,-12.7,0.0169,16.0,25903.0
2026-07-30T18:57:37.517Z,27.0,27.012,-7.5,7.4,0.0,0.0,0.0,0.0,0.0,1.0,1.0,0.0,1.0,0.0,0.0,0.0,8.0,6.0,0.0,0.0,0.0,0.0,0.0,0.0,0.0,0.0,2.0,12.0,1.0,12.06,5.01,2.5,1.5,-2.4000000000000004,0.2,2.4000000000000004,301.1,-0.1,-11.4,1.7000000000000002,10.4,-83.80000000000001,0.0,0.0,219.8,0.0,22.200000000000003,27.0,27.0,30.0,300.0,300.0,29.3,34.5,28.3,27.8,30.0,4.96,2.0,4.96,0.16,0.0,0.0,1027.0,8228.0,0.0,0.0,0.0,0.0,0.0,1.0,0.0,0.0,0.0,-0.001,0.0,-0.5,0.0,-13.2,-12.7,0.0163,16.0,25903.0
2026-07-30T18:57:37.529Z,27.012,27.024,-7.4,7.4,0.0,0.0,0.0,0.0,0.0,1.0,1.0,0.0,1.0,0.0,0.0,0.0,8.0,6.0,0.0,0.0,0.0,0.0,0.0,0.0,0.0,0.0,3.0,12.0,1.0,12.06,5.01,2.5,1.5,-2.4000000000000004,0.2,2.4000000000000004,301.1,-0.1,-11.4,3.5,9.3,-83.80000000000001,0.0,0.0,219.9,0.0,22.200000000000003,27.0,27.0,30.0,300.0,300.0,29.3,34.5,28.3,27.8,30.0,4.96,2.0,4.96,0.16,0.0,0.0,1027.0,8228.0,0.0,0.0,0.0,0.0,0.0,1.0,0.0,0.0,0.0,-0.001,0.0,1.2000000000000002,0.0,-13.1,-12.8,0.0163,16.0,25903.0
2026-07-30T18:57:37.541Z,27.024,27.036,-7.4,7.4,0.0,0.0,0.0,0.0,0.0,1.0,1.0,0.0,1.0,0.0,0.0,0.0,8.0,6.0,0.0,0.0,0.0,0.0,0.0,0.0,0.0,0.0,3.0,12.0,1.0,12.05,5.01,2.5,1.49,-2.4000000000000004,0.2,2.4000000000000004,301.1,-0.1,-10.3,2.3000000000000003,9.9,-83.80000000000001,0.0,0.0,219.9,0.0,22.3,27.0,27.0,30.0,300.0,300.0,29.5,34.6,28.3,27.8,30.0,4.95,2.0,4.96,0.16,0.0,0.0,1027.0,8228.0,0.0,0.0,0.0,0.0,0.0,1.0,0.0,0.0,0.0,-0.001,0.0,0.0,0.0,-12.9,-12.8,0.0163,16.0,25903.0
2026-07-30T18:57:37.554Z,27.037,27.048,-7.4,7.4,0.0,0.0,0.0,0.0,0.0,1.0,1.0,0.0,1.0,0.0,0.0,0.0,8.0,6.0,0.0,0.0,0.0,0.0,0.0,0.0,0.0,0.0,4.0,12.0,1.0,12.05,5.01,2.5,1.49,-2.4000000000000004,0.2,2.4000000000000004,301.0,-0.1,-10.3,2.3000000000000003,9.9,-83.80000000000001,0.0,0.0,219.7,0.0,22.3,27.0,27.0,30.0,300.0,300.0,29.5,34.6,28.3,27.8,30.0,4.96,2.0,4.96,0.16,0.0,0.0,1027.0,8228.0,0.0,0.0,0.0,0.0,0.0,1.0,0.0,0.0,0.0,-0.001,0.0,0.1,0.0,-12.9,-12.9,0.0165,16.0,25903.0
2026-07-30T18:57:37.564Z,27.047,27.06,-7.5,7.4,0.0,0.0,0.0,0.0,0.0,1.0,1.0,0.0,1.0,0.0,0.0,0.0,8.0,6.0,0.0,0.0,0.0,0.0,0.0,0.0,0.0,0.0,5.0,12.0,1.0,12.05,5.01,2.5,1.49,-2.4000000000000004,0.2,2.4000000000000004,300.90000000000003,-0.1,-12.0,2.9000000000000004,10.4,-83.80000000000001,0.0,0.0,219.7,0.0,22.3,27.0,27.0,30.0,300.0,300.0,29.5,34.6,28.3,27.8,30.0,4.96,2.0,4.96,0.16,0.0,0.0,1027.0,8228.0,0.0,0.0,0.0,0.0,0.0,1.0,0.0,0.0,0.0,-0.001,0.0,0.5,0.0,-14.0,-12.8,0.0166,16.0,25903.0
2026-07-30T18:57:37.577Z,27.06,27.072,-7.5,7.4,0.0,0.0,0.0,0.0,0.0,1.0,1.0,0.0,1.0,0.0,0.0,0.0,8.0,6.0,0.0,0.0,0.0,0.0,0.0,0.0,0.0,0.0,6.0,12.0,1.0,12.05,5.01,2.5,1.49,-2.4000000000000004,0.2,2.4000000000000004,301.1,-0.1,-10.9,3.5,9.3,-83.7,0.0,0.0,219.7,0.0,22.3,27.0,27.0,30.0,300.0,300.0,29.5,34.6,28.3,27.8,30.0,4.96,2.0,4.96,0.16,0.0,0.0,1027.0,8228.0,0.0,0.0,0.0,0.0,0.0,1.0,0.0,0.0,0.0,-0.001,0.0,1.3,0.0,-13.1,-12.8,0.0163,16.0,25903.0
2026-07-30T18:57:37.589Z,27.072,27.084,-7.4,7.4,0.0,0.0,0.0,0.0,0.0,1.0,1.0,0.0,1.0,0.0,0.0,0.0,8.0,6.0,0.0,0.0,0.0,0.0,0.0,0.0,0.0,0.0,1.0,12.0,1.0,12.05,5.01,2.5,1.49,-2.4000000000000004,0.2,2.4000000000000004,300.90000000000003,-0.1,-12.0,1.7000000000000002,9.9,-83.7,0.0,0.0,219.7,0.0,22.3,27.0,27.0,30.0,300.0,300.0,29.5,34.6,28.3,27.8,30.0,4.95,2.0,4.96,0.16,0.0,0.0,1027.0,8228.0,0.0,0.0,0.0,0.0,0.0,1.0,0.0,0.0,0.0,-0.001,0.0,-0.3,0.0,-12.5,-12.7,0.0163,16.0,25903.0
2026-07-30T18:57:37.601Z,27.084,27.096,-7.5,7.4,0.0,0.0,0.0,0.0,0.0,1.0,1.0,0.0,1.0,0.0,0.0,0.0,8.0,6.0,0.0,0.0,0.0,0.0,0.0,0.0,0.0,0.0,3.0,12.0,1.0,12.05,5.01,2.5,1.49,-2.4000000000000004,0.2,2.4000000000000004,301.1,-0.1,-10.9,2.3000000000000003,9.3,-83.7,0.0,0.0,219.8,0.0,22.3,27.0,27.0,30.0,300.0,300.0,29.5,34.6,28.3,27.8,30.0,4.96,2.0,4.96,0.16,0.0,0.0,1027.0,8228.0,0.0,0.0,0.0,0.0,0.0,1.0,0.0,0.0,0.0,-0.001,0.0,0.2,0.0,-12.3,-12.8,0.0166,16.0,25903.0
2026-07-30T18:57:37.613Z,27.096,27.108,-7.5,7.4,0.0,0.0,0.0,0.0,0.0,1.0,1.0,0.0,1.0,0.0,0.0,0.0,8.0,6.0,0.0,0.0,0.0,0.0,0.0,0.0,0.0,0.0,4.0,12.0,1.0,12.05,5.01,2.5,1.49,-2.4000000000000004,0.2,2.4000000000000004,301.1,-0.1,-10.9,2.9000000000000004,9.3,-83.7,0.0,0.0,219.8,0.0,22.3,27.0,27.0,30.0,300.0,300.0,29.5,34.6,28.3,27.8,30.0,4.96,2.0,4.97,0.16,0.0,0.0,1027.0,8228.0,0.0,0.0,0.0,0.0,0.0,1.0,0.0,0.0,0.0,-0.001,0.0,0.7000000000000001,0.0,-12.7,-12.8,0.0166,16.0,25903.0
2026-07-30T18:57:37.626Z,27.109,27.12,-7.4,7.4,0.0,0.0,0.0,0.0,0.0,1.0,1.0,0.0,1.0,0.0,0.0,0.0,8.0,6.0,0.0,0.0,0.0,0.0,0.0,0.0,0.0,0.0,5.0,12.0,1.0,12.05,5.01,2.5,1.49,-2.4000000000000004,0.2,2.4000000000000004,300.90000000000003,0.0,-12.0,2.3000000000000003,9.9,-83.7,0.0,0.0,219.7,0.0,22.3,27.0,27.0,30.0,300.0,300.0,29.5,34.6,28.3,27.8,30.0,4.96,2.0,4.97,0.16,0.0,0.0,1027.0,8228.0,0.0,0.0,0.0,0.0,0.0,1.0,0.0,0.0,0.0,-0.001,0.0,0.1,0.0,-12.9,-12.7,0.0165,16.0,25903.0
2026-07-30T18:57:37.638Z,27.121,27.132,-7.4,7.4,0.0,0.0,0.0,0.0,0.0,1.0,1.0,0.0,1.0,0.0,0.0,0.0,8.0,6.0,0.0,0.0,0.0,0.0,0.0,0.0,0.0,0.0,6.0,12.0,1.0,12.04,5.0200000000000005,2.5,1.49,-2.4000000000000004,0.2,2.4000000000000004,301.1,0.0,-11.4,3.5,9.3,-83.7,0.0,0.0,219.8,0.0,21.9,27.1,27.1,30.0,300.0,300.0,29.6,34.4,28.4,27.8,30.1,4.95,2.0,4.96,0.16,0.0,0.0,1027.0,8228.0,0.0,0.0,0.0,0.0,0.0,1.0,0.0,0.0,0.0,-0.001,0.0,1.2000000000000002,0.0,-13.1,-12.8,0.0166,16.0,25903.0
2026-07-30T18:57:37.649Z,27.132,27.144,-7.5,7.4,0.0,0.0,0.0,0.0,0.0,1.0,1.0,0.0,1.0,0.0,0.0,0.0,8.0,6.0,0.0,0.0,0.0,0.0,0.0,0.0,0.0,0.0,1.0,12.0,1.0,12.04,5.0200000000000005,2.5,1.49,-2.2,0.2,2.2,301.1,0.0,-10.9,3.5,13.4,-83.7,0.0,0.0,219.8,0.0,21.9,27.1,27.1,30.0,300.0,300.0,29.6,34.4,28.4,27.8,30.1,4.96,2.0,4.97,0.16,0.0,0.0,1027.0,8228.0,0.0,0.0,0.0,0.0,0.0,1.0,0.0,0.0,0.0,-0.001,0.0,0.4,0.0,-17.8,-12.8,0.0164,16.0,25903.0
2026-07-30T18:57:37.661Z,27.144,27.156,-7.5,7.4,0.0,0.0,0.0,0.0,0.0,1.0,1.0,0.0,1.0,0.0,0.0,0.0,8.0,6.0,0.0,0.0,0.0,0.0,0.0,0.0,0.0,0.0,2.0,12.0,1.0,12.04,5.0200000000000005,2.5,1.49,-2.4000000000000004,0.2,2.4000000000000004,301.0,0.0,-11.4,2.3000000000000003,9.3,-83.7,0.0,0.0,219.8,0.0,21.9,27.1,27.1,30.0,300.0,300.0,29.6,34.4,28.4,27.8,30.1,4.96,2.0,4.96,0.16,0.0,0.0,1027.0,8228.0,0.0,0.0,0.0,0.0,0.0,1.0,0.0,0.0,0.0,-0.001,0.0,0.2,0.0,-12.3,-12.7,0.0152,16.0,25903.0
2026-07-30T18:57:37.673Z,27.156,27.168,-7.4,7.4,0.0,0.0,0.0,0.0,0.0,1.0,1.0,0.0,1.0,0.0,0.0,0.0,8.0,6.0,0.0,0.0,0.0,0.0,0.0,0.0,0.0,0.0,3.0,12.0,1.0,12.04,5.0200000000000005,2.5,1.49,-2.4000000000000004,0.2,2.4000000000000004,301.0,0.0,-12.6,2.3000000000000003,9.9,-83.7,0.0,0.0,219.8,0.0,21.9,27.1,27.1,30.0,300.0,300.0,29.6,34.4,28.4,27.8,30.1,4.95,1.99,4.96,0.16,0.0,0.0,1027.0,8228.0,0.0,0.0,0.0,0.0,0.0,1.0,0.0,0.0,0.0,-0.001,0.0,0.1,0.0,-12.9,-12.7,0.0169,16.0,25903.0
2026-07-30T18:57:37.685Z,27.168,27.18,-7.4,7.4,0.0,0.0,0.0,0.0,0.0,1.0,1.0,0.0,1.0,0.0,0.0,0.0,8.0,6.0,0.0,0.0,0.0,0.0,0.0,0.0,0.0,0.0,4.0,12.0,1.0,12.04,5.0200000000000005,2.5,1.49,-2.5,0.2,2.5,301.1,0.0,-12.6,1.1,9.3,-83.80000000000001,0.0,0.0,219.8,0.0,21.9,27.1,27.1,30.0,300.0,300.0,29.6,34.4,28.4,27.8,30.1,4.96,1.99,4.97,0.16,0.0,0.0,1027.0,8228.0,0.0,0.0,0.0,0.0,0.0,1.0,0.0,0.0,0.0,-0.001,0.0,-0.7000000000000001,0.0,-11.4,-12.9,0.017,16.0,25903.0
2026-07-30T18:57:37.697Z,27.18,27.192,-7.5,7.4,0.0,0.0,0.0,0.0,0.0,1.0,1.0,0.0,1.0,0.0,0.0,0.0,8.0,6.0,0.0,0.0,0.0,0.0,0.0,0.0,0.0,0.0,5.0,12.0,1.0,12.04,5.0200000000000005,2.5,1.49,-2.5,0.3,2.5,301.0,0.0,-12.0,0.5,8.700000000000001,-83.80000000000001,0.0,0.0,219.8,0.0,21.9,27.1,27.1,30.0,300.0,300.0,29.6,34.4,28.4,27.8,30.1,4.96,2.0,4.96,0.16,0.0,0.0,1027.0,8228.0,0.0,0.0,0.0,0.0,0.0,1.0,0.0,0.0,0.0,-0.001,0.0,-1.1,0.0,-10.3,-12.9,0.0164,16.0,25903.0
2026-07-30T18:57:37.709Z,27.192,27.204,-7.5,7.4,0.0,0.0,0.0,0.0,0.0,1.0,1.0,0.0,1.0,0.0,0.0,0.0,8.0,6.0,0.0,0.0,0.0,0.0,0.0,0.0,0.0,0.0,1.0,12.0,1.0,12.04,5.0200000000000005,2.5,1.49,-2.4000000000000004,0.2,2.5,301.1,0.0,-13.2,1.1,9.9,-83.80000000000001,0.0,0.0,219.7,0.0,21.9,27.1,27.1,30.0,300.0,300.0,29.6,34.4,28.4,27.8,30.1,4.96,2.0,4.96,0.16,0.0,0.0,1027.0,8228.0,0.0,0.0,0.0,0.0,0.0,1.0,0.0,0.0,0.0,-0.001,0.0,-0.8,0.0,-12.1,-12.8,0.0159,16.0,25903.0
2026-07-30T18:57:37.721Z,27.204,27.216,-7.4,7.4,0.0,0.0,0.0,0.0,0.0,1.0,1.0,0.0,1.0,0.0,0.0,0.0,8.0,6.0,0.0,0.0,0.0,0.0,0.0,0.0,0.0,0.0,2.0,12.0,1.0,12.04,5.0200000000000005,2.5,1.49,-2.5,0.2,2.6,301.1,0.0,-12.6,1.1,7.5,-83.7,0.0,0.0,219.7,0.0,21.9,27.1,27.1,30.0,300.0,300.0,29.6,34.4,28.4,27.8,30.1,4.95,2.0,4.96,0.16,0.0,0.0,1027.0,8228.0,0.0,0.0,0.0,0.0,0.0,1.0,0.0,0.0,0.0,-0.001,0.0,-0.4,0.0,-9.4,-12.7,0.0167,16.0,25903.0
2026-07-30T18:57:37.733Z,27.216,27.228,-7.4,7.4,0.0,0.0,0.0,0.0,0.0,1.0,1.0,0.0,1.0,0.0,0.0,0.0,8.0,6.0,0.0,0.0,0.0,0.0,0.0,0.0,0.0,0.0,3.0,12.0,1.0,12.04,5.0200000000000005,2.5,1.49,-2.5,0.3,2.5,301.0,0.0,-13.2,1.1,8.700000000000001,-83.7,0.0,0.0,219.7,0.0,21.9,27.1,27.1,30.0,300.0,300.0,29.6,34.4,28.4,27.8,30.1,4.96,2.0,4.96,0.16,0.0,0.0,1027.0,8228.0,0.0,0.0,0.0,0.0,0.0,1.0,0.0,0.0,0.0,-0.001,0.0,-0.6000000000000001,0.0,-10.8,-12.8,0.0166,16.0,25903.0
2026-07-30T18:57:37.744Z,27.227,27.24,-7.5,7.4,0.0,0.0,0.0,0.0,0.0,1.0,1.0,0.0,1.0,0.0,0.0,0.0,8.0,6.0,0.0,0.0,0.0,0.0,0.0,0.0,0.0,0.0,4.0,12.0,1.0,12.02,5.01,2.5,1.49,-2.5,0.2,2.5,301.1,0.0,-12.0,1.1,9.9,-83.7,0.0,0.0,219.6,0.0,22.1,27.1,27.1,30.1,300.0,300.0,29.4,34.4,28.4,27.8,30.1,4.95,2.0,4.97,0.16,0.0,0.0,1027.0,8228.0,0.0,0.0,0.0,0.0,0.0,1.0,0.0,0.0,0.0,-0.001,0.0,-0.5,0.0,-13.9,-12.8,0.0163,16.0,25903.0
2026-07-30T18:57:37.757Z,27.24,27.252,-7.5,7.4,0.0,0.0,0.0,0.0,0.0,1.0,1.0,0.0,1.0,0.0,0.0,0.0,8.0,6.0,0.0,0.0,0.0,0.0,0.0,0.0,0.0,0.0,5.0,12.0,1.0,12.02,5.01,2.5,1.49,-2.5,0.2,2.5,301.1,0.0,-12.6,2.3000000000000003,8.1,-83.7,0.0,0.0,219.7,0.0,22.1,27.1,27.1,30.1,300.0,300.0,29.4,34.4,28.4,27.8,30.1,4.95,2.0,4.96,0.16,0.0,0.0,1027.0,8228.0,0.0,0.0,0.0,0.0,0.0,1.0,0.0,0.0,0.0,-0.001,0.0,0.4,0.0,-14.7,-12.7,0.0163,16.0,25903.0
2026-07-30T18:57:37.770Z,27.253,27.264,-7.5,7.4,0.0,0.0,0.0,0.0,0.0,1.0,1.0,0.0,1.0,0.0,0.0,0.0,8.0,6.0,0.0,0.0,0.0,0.0,0.0,0.0,0.0,0.0,1.0,12.0,1.0,12.02,5.01,2.5,1.49,-2.4000000000000004,0.2,2.5,301.1,0.0,-12.6,1.7000000000000002,9.3,-83.7,0.0,0.0,219.8,0.0,22.1,27.1,27.1,30.1,300.0,300.0,29.4,34.4,28.4,27.8,30.1,4.96,2.0,4.96,0.16,0.0,0.0,1027.0,8228.0,0.0,0.0,0.0,0.0,0.0,1.0,0.0,0.0,0.0,-0.001,0.0,0.5,0.0,-14.0,-12.7,0.0161,16.0,25903.0
2026-07-30T18:57:37.781Z,27.264,27.276,-7.4,7.4,0.0,0.0,0.0,0.0,0.0,1.0,1.0,0.0,1.0,0.0,0.0,0.0,8.0,6.0,0.0,0.0,0.0,0.0,0.0,0.0,0.0,0.0,1.0,12.0,1.0,12.02,5.01,2.5,1.49,-2.4000000000000004,0.2,2.4000000000000004,301.0,0.0,-12.6,2.3000000000000003,10.4,-83.7,0.0,0.0,219.8,0.0,22.1,27.1,27.1,30.1,300.0,300.0,29.4,34.4,28.4,27.8,30.1,4.95,2.0,4.96,0.16,0.0,0.0,1027.0,8228.0,0.0,0.0,0.0,0.0,0.0,1.0,0.0,0.0,0.0,-0.001,0.0,-0.2,0.0,-14.9,-12.7,0.0162,16.0,25903.0
2026-07-30T18:57:37.793Z,27.276,27.288,-7.5,7.4,0.0,0.0,0.0,0.0,0.0,1.0,1.0,0.0,1.0,0.0,0.0,0.0,8.0,6.0,0.0,0.0,0.0,0.0,0.0,0.0,0.0,0.0,1.0,12.0,1.0,12.02,5.01,2.5,1.49,-2.4000000000000004,0.2,2.4000000000000004,301.1,-0.1,-11.4,1.7000000000000002,11.0,-83.7,0.0,0.0,219.8,0.0,22.1,27.1,27.1,30.1,300.0,300.0,29.4,34.4,28.4,27.8,30.1,4.95,2.0,4.97,0.16,0.0,0.0,1027.0,8228.0,0.0,0.0,0.0,0.0,0.0,1.0,0.0,0.0,0.0,-0.001,0.0,-0.6000000000000001,0.0,-13.8,-12.8,0.0161,16.0,25903.0
2026-07-30T18:57:37.805Z,27.288,27.3,-7.5,7.4,0.0,0.0,0.0,0.0,0.0,1.0,1.0,0.0,1.0,0.0,0.0,0.0,8.0,6.0,0.0,0.0,0.0,0.0,0.0,0.0,0.0,0.0,2.0,12.0,1.0,12.02,5.01,2.5,1.49,-2.3000000000000003,0.2,2.4000000000000004,301.1,-0.1,-11.4,3.5,10.4,-83.7,0.0,0.0,219.8,0.0,22.1,27.1,27.1,30.1,300.0,300.0,29.4,34.4,28.4,27.8,30.1,4.95,2.0,4.96,0.16,0.0,0.0,1027.0,8228.0,0.0,0.0,0.0,0.0,0.0,1.0,0.0,0.0,0.0,-0.001,0.0,1.0,0.0,-14.5,-12.7,0.0162,16.0,25903.0
2026-07-30T18:57:37.817Z,27.3,27.312,-7.4,7.4,0.0,0.0,0.0,0.0,0.0,1.0,1.0,0.0,1.0,0.0,0.0,0.0,8.0,6.0,0.0,0.0,0.0,0.0,0.0,0.0,0.0,0.0,3.0,12.0,1.0,12.02,5.01,2.5,1.49,-2.4000000000000004,0.2,2.4000000000000004,301.0,-0.1,-11.4,2.9000000000000004,10.4,-83.7,0.0,0.0,219.8,0.0,22.1,27.1,27.1,30.1,300.0,300.0,29.4,34.4,28.4,27.8,30.1,4.96,2.0,4.96,0.16,0.0,0.0,1027.0,8228.0,0.0,0.0,0.0,0.0,0.0,1.0,0.0,0.0,0.0,-0.001,0.0,0.5,0.0,-14.0,-12.6,0.016,16.0,25903.0
2026-07-30T18:57:37.829Z,27.312,27.324,-7.4,7.4,0.0,0.0,0.0,0.0,0.0,1.0,1.0,0.0,1.0,0.0,0.0,0.0,8.0,6.0,0.0,0.0,0.0,0.0,0.0,0.0,0.0,0.0,5.0,12.0,1.0,12.02,5.01,2.5,1.49,-2.5,0.3,2.5,301.0,0.0,-12.6,1.1,9.3,-83.7,0.0,0.0,219.7,0.0,22.1,27.1,27.1,30.1,300.0,300.0,29.4,34.4,28.4,27.8,30.1,4.95,2.0,4.96,0.16,0.0,0.0,1027.0,8228.0,0.0,0.0,0.0,0.0,0.0,1.0,0.0,0.0,0.0,-0.001,0.0,-0.7000000000000001,0.0,-11.4,-12.8,0.0161,16.0,25903.0
2026-07-30T18:57:37.842Z,27.325,27.336,-7.5,7.4,0.0,0.0,0.0,0.0,0.0,1.0,1.0,0.0,1.0,0.0,0.0,0.0,8.0,6.0,0.0,0.0,0.0,0.0,0.0,0.0,0.0,0.0,6.0,12.0,1.0,12.05,5.0200000000000005,2.5,1.49,-2.4000000000000004,0.2,2.4000000000000004,300.90000000000003,-0.1,-12.0,2.3000000000000003,10.4,-83.7,0.0,0.0,219.7,0.0,22.3,27.1,27.1,30.1,300.0,300.0,29.5,34.5,28.4,27.9,30.200000000000003,4.96,2.0,4.96,0.16,0.0,0.0,1027.0,8228.0,0.0,0.0,0.0,0.0,0.0,1.0,0.0,0.0,0.0,-0.001,0.0,0.0,0.0,-13.6,-12.9,0.017,16.0,25903.0
2026-07-30T18:57:37.853Z,27.336,27.348,-7.4,7.4,0.0,0.0,0.0,0.0,0.0,1.0,1.0,0.0,1.0,0.0,0.0,0.0,8.0,6.0,0.0,0.0,0.0,0.0,0.0,0.0,0.0,0.0,1.0,12.0,1.0,12.05,5.0200000000000005,2.5,1.49,-2.5,0.2,2.5,301.0,-0.1,-12.0,2.9000000000000004,8.700000000000001,-83.7,0.0,0.0,219.6,0.0,22.3,27.1,27.1,30.1,300.0,300.0,29.5,34.5,28.4,27.9,30.200000000000003,4.96,2.0,4.96,0.16,0.0,0.0,1027.0,8228.0,0.0,0.0,0.0,0.0,0.0,1.0,0.0,0.0,0.0,-0.001,0.0,0.9,0.0,-12.0,-12.7,0.0162,16.0,25903.0
2026-07-30T18:57:37.865Z,27.348,27.36,-7.4,7.4,0.0,0.0,0.0,0.0,0.0,1.0,1.0,0.0,1.0,0.0,0.0,0.0,8.0,6.0,0.0,0.0,0.0,0.0,0.0,0.0,0.0,0.0,2.0,12.0,1.0,12.05,5.0200000000000005,2.5,1.49,-2.4000000000000004,0.2,2.5,301.1,0.0,-12.6,2.3000000000000003,9.3,-83.7,0.0,0.0,219.6,0.0,22.3,27.1,27.1,30.1,300.0,300.0,29.5,34.5,28.4,27.9,30.200000000000003,4.95,2.0,4.96,0.16,0.0,0.0,1027.0,8228.0,0.0,0.0,0.0,0.0,0.0,1.0,0.0,0.0,0.0,-0.001,0.0,0.2,0.0,-12.3,-12.8,0.0167,16.0,25903.0
2026-07-30T18:57:37.878Z,27.361,27.372,-7.4,7.4,0.0,0.0,0.0,0.0,0.0,1.0,1.0,0.0,1.0,0.0,0.0,0.0,8.0,6.0,0.0,0.0,0.0,0.0,0.0,0.0,0.0,0.0,3.0,12.0,1.0,12.05,5.0200000000000005,2.5,1.49,-2.4000000000000004,0.2,2.4000000000000004,301.0,0.0,-11.4,1.7000000000000002,10.4,-83.60000000000001,0.0,0.0,219.7,0.0,22.3,27.1,27.1,30.1,300.0,300.0,29.5,34.5,28.4,27.9,30.200000000000003,4.95,2.0,4.96,0.16,0.0,0.0,1027.0,8228.0,0.0,0.0,0.0,0.0,0.0,1.0,0.0,0.0,0.0,-0.001,0.0,-0.4,0.0,-13.2,-12.8,0.0167,16.0,25903.0
2026-07-30T18:57:37.889Z,27.372,27.384,-7.5,7.4,0.0,0.0,0.0,0.0,0.0,1.0,1.0,0.0,1.0,0.0,0.0,0.0,8.0,6.0,0.0,0.0,0.0,0.0,0.0,0.0,0.0,0.0,4.0,12.0,1.0,12.05,5.0200000000000005,2.5,1.49,-2.5,0.3,2.5,301.1,0.0,-12.6,0.5,8.700000000000001,-83.7,0.0,0.0,219.7,0.0,22.3,27.1,27.1,30.1,300.0,300.0,29.5,34.5,28.4,27.9,30.200000000000003,4.95,2.0,4.96,0.16,0.0,0.0,1027.0,8228.0,0.0,0.0,0.0,0.0,0.0,1.0,0.0,0.0,0.0,-0.001,0.0,-1.1,0.0,-10.3,-12.8,0.0165,16.0,25903.0
2026-07-30T18:57:37.901Z,27.384,27.396,-7.5,7.4,0.0,0.0,0.0,0.0,0.0,1.0,1.0,0.0,1.0,0.0,0.0,0.0,8.0,6.0,0.0,0.0,0.0,0.0,0.0,0.0,0.0,0.0,5.0,12.0,1.0,12.05,5.0200000000000005,2.5,1.49,-2.4000000000000004,0.2,2.4000000000000004,301.1,0.0,-12.6,2.9000000000000004,9.9,-83.60000000000001,0.0,0.0,219.7,0.0,22.3,27.1,27.1,30.1,300.0,300.0,29.5,34.5,28.4,27.9,30.200000000000003,4.95,2.0,4.96,0.16,0.0,0.0,1027.0,8228.0,0.0,0.0,0.0,0.0,0.0,1.0,0.0,0.0,0.0,-0.001,0.0,0.6000000000000001,0.0,-13.4,-12.7,0.017,16.0,25903.0
2026-07-30T18:57:37.913Z,27.396,27.408,-7.4,7.4,0.0,0.0,0.0,0.0,0.0,1.0,1.0,0.0,1.0,0.0,0.0,0.0,8.0,6.0,0.0,0.0,0.0,0.0,0.0,0.0,0.0,0.0,6.0,12.0,1.0,12.05,5.0200000000000005,2.5,1.49,-2.5,0.2,2.6,300.90000000000003,0.0,-13.2,1.1,7.5,-83.60000000000001,0.0,0.0,219.7,0.0,22.3,27.1,27.1,30.1,300.0,300.0,29.5,34.5,28.4,27.9,30.200000000000003,4.95,2.0,4.96,0.16,0.0,0.0,1027.0,8228.0,0.0,0.0,0.0,0.0,0.0,1.0,0.0,0.0,0.0,-0.001,0.0,-0.4,0.0,-9.4,-12.7,0.0163,16.0,25903.0
2026-07-30T18:57:37.925Z,27.408,27.42,-7.4,7.4,0.0,0.0,0.0,0.0,0.0,1.0,1.0,0.0,1.0,0.0,0.0,0.0,8.0,6.0,0.0,0.0,0.0,0.0,0.0,0.0,0.0,0.0,1.0,12.0,1.0,12.05,5.0200000000000005,2.5,1.49,-2.5,0.2,2.5,301.1,0.0,-12.6,1.1,8.1,-83.60000000000001,0.0,0.0,219.8,0.0,22.3,27.1,27.1,30.1,300.0,300.0,29.5,34.5,28.4,27.9,30.200000000000003,4.95,2.0,4.96,0.16,0.0,0.0,1027.0,8228.0,0.0,0.0,0.0,0.0,0.0,1.0,0.0,0.0,0.0,-0.001,0.0,-0.5,0.0,-10.1,-12.9,0.0174,16.0,25903.0
2026-07-30T18:57:37.937Z,27.42,27.432,-7.5,7.4,0.0,0.0,0.0,0.0,0.0,1.0,1.0,0.0,1.0,0.0,0.0,0.0,8.0,6.0,0.0,0.0,0.0,0.0,0.0,0.0,0.0,0.0,3.0,12.0,1.0,12.05,5.0200000000000005,2.5,1.49,-2.5,0.2,2.5,301.1,-0.1,-12.0,1.7000000000000002,8.1,-83.7,0.0,0.0,219.7,0.0,22.3,27.1,27.1,30.1,300.0,300.0,29.5,34.5,28.4,27.9,30.200000000000003,4.95,2.0,4.96,0.16,0.0,0.0,1027.0,8228.0,0.0,0.0,0.0,0.0,0.0,1.0,0.0,0.0,0.0,-0.001,0.0,0.0,0.0,-10.5,-12.8,0.0171,16.0,25903.0
2026-07-30T18:57:37.949Z,27.432,27.444,-7.5,7.4,0.0,0.0,0.0,0.0,0.0,1.0,1.0,0.0,1.0,0.0,0.0,0.0,8.0,6.0,0.0,0.0,0.0,0.0,0.0,0.0,0.0,0.0,3.0,12.0,1.0,12.04,5.01,2.51,1.5,-2.4000000000000004,0.2,2.5,301.0,-0.1,-11.4,2.3000000000000003,8.700000000000001,-83.7,0.0,0.0,219.8,0.0,22.4,27.1,27.1,30.1,300.0,300.0,29.5,34.6,28.5,27.9,30.200000000000003,4.95,2.0,4.96,0.16,0.0,0.0,1027.0,8228.0,0.0,0.0,0.0,0.0,0.0,1.0,0.0,0.0,0.0,-0.001,0.0,0.3,0.0,-11.6,-12.7,0.0168,16.0,25903.0
2026-07-30T18:57:37.961Z,27.444,27.456,-7.4,7.4,0.0,0.0,0.0,0.0,0.0,1.0,1.0,0.0,1.0,0.0,0.0,0.0,8.0,6.0,0.0,0.0,0.0,0.0,0.0,0.0,0.0,0.0,5.0,12.0,1.0,12.04,5.01,2.51,1.5,-2.4000000000000004,0.2,2.4000000000000004,301.0,-0.1,-12.6,2.3000000000000003,10.4,-83.60000000000001,0.0,0.0,219.8,0.0,22.4,27.1,27.1,30.1,300.0,300.0,29.5,34.6,28.5,27.9,30.200000000000003,4.95,2.0,4.96,0.16,0.0,0.0,1027.0,8228.0,0.0,0.0,0.0,0.0,0.0,1.0,0.0,0.0,0.0,-0.001,0.0,0.0,0.0,-13.6,-12.7,0.0166,16.0,25903.0
2026-07-30T18:57:37.974Z,27.457,27.468,-7.4,7.4,0.0,0.0,0.0,0.0,0.0,1.0,1.0,0.0,1.0,0.0,0.0,0.0,8.0,6.0,0.0,0.0,0.0,0.0,0.0,0.0,0.0,0.0,6.0,12.0,1.0,12.04,5.01,2.51,1.5,-2.5,0.2,2.5,301.1,-0.1,-13.2,1.7000000000000002,8.700000000000001,-83.60000000000001,0.0,0.0,219.7,0.0,22.4,27.1,27.1,30.1,300.0,300.0,29.5,34.6,28.5,27.9,30.200000000000003,4.96,2.0,4.96,0.16,0.0,0.0,1027.0,8228.0,0.0,0.0,0.0,0.0,0.0,1.0,0.0,0.0,0.0,-0.001,0.0,-0.1,0.0,-11.2,-12.8,0.0163,16.0,25903.0
2026-07-30T18:57:37.985Z,27.468,27.48,-7.5,7.4,0.0,0.0,0.0,0.0,0.0,1.0,1.0,0.0,1.0,0.0,0.0,0.0,8.0,6.0,0.0,0.0,0.0,0.0,0.0,0.0,0.0,0.0,6.0,12.0,1.0,12.04,5.01,2.51,1.5,-2.5,0.2,2.5,301.0,-0.1,-11.4,1.1,8.700000000000001,-83.60000000000001,0.0,0.0,219.7,0.0,22.4,27.1,27.1,30.1,300.0,300.0,29.5,34.6,28.5,27.9,30.200000000000003,4.95,2.0,4.97,0.16,0.0,0.0,1027.0,8228.0,0.0,0.0,0.0,0.0,0.0,1.0,0.0,0.0,0.0,-0.001,0.0,-0.6000000000000001,0.0,-10.8,-12.8,0.0168,16.0,25903.0
2026-07-30T18:57:37.997Z,27.48,27.492,-7.4,7.4,0.0,0.0,0.0,0.0,0.0,1.0,1.0,0.0,1.0,0.0,0.0,0.0,8.0,6.0,0.0,0.0,0.0,0.0,0.0,0.0,0.0,0.0,1.0,12.0,1.0,12.04,5.01,2.51,1.5,-2.4000000000000004,0.2,2.4000000000000004,301.1,-0.1,-11.4,3.5,9.9,-83.60000000000001,0.0,0.0,219.8,0.0,22.4,27.1,27.1,30.1,300.0,300.0,29.5,34.6,28.5,27.9,30.200000000000003,4.95,2.0,4.96,0.16,0.0,0.0,1027.0,8228.0,0.0,0.0,0.0,0.0,0.0,1.0,0.0,0.0,0.0,-0.001,0.0,1.1,0.0,-13.8,-12.7,0.0168,16.0,25903.0
2026-07-30T18:57:38.009Z,27.492,27.504,-7.4,7.4,0.0,0.0,0.0,0.0,0.0,1.0,1.0,0.0,1.0,0.0,0.0,0.0,8.0,6.0,0.0,0.0,0.0,0.0,0.0,0.0,0.0,0.0,2.0,12.0,1.0,12.04,5.01,2.51,1.5,-2.3000000000000003,0.2,2.3000000000000003,301.1,-0.1,-12.0,4.0,11.0,-83.60000000000001,0.0,0.0,219.8,0.0,22.4,27.1,27.1,30.1,300.0,300.0,29.5,34.6,28.5,27.9,30.200000000000003,4.95,2.0,4.96,0.16,0.0,0.0,1027.0,8228.0,0.0,0.0,0.0,0.0,0.0,1.0,0.0,0.0,0.0,-0.001,0.0,1.4,0.0,-15.6,-12.8,0.0161,16.0,25903.0
2026-07-30T18:57:38.021Z,27.504,27.516,-7.4,7.4,0.0,0.0,0.0,0.0,0.0,1.0,1.0,0.0,1.0,0.0,0.0,0.0,8.0,6.0,0.0,0.0,0.0,0.0,0.0,0.0,0.0,0.0,3.0,12.0,1.0,12.04,5.01,2.51,1.5,-2.4000000000000004,0.2,2.5,300.90000000000003,-0.1,-12.0,2.3000000000000003,9.3,-83.7,0.0,0.0,219.8,0.0,22.4,27.1,27.1,30.1,300.0,300.0,29.5,34.6,28.5,27.9,30.200000000000003,4.96,2.0,4.96,0.16,0.0,0.0,1027.0,8228.0,0.0,0.0,0.0,0.0,0.0,1.0,0.0,0.0,0.0,-0.001,0.0,0.2,0.0,-12.3,-12.9,0.0159,16.0,25903.0
2026-07-30T18:57:38.032Z,27.515,27.528,-7.5,7.4,0.0,0.0,0.0,0.0,0.0,1.0,1.0,0.0,1.0,0.0,0.0,0.0,8.0,6.0,0.0,0.0,0.0,0.0,0.0,0.0,0.0,0.0,4.0,12.0,1.0,12.04,5.01,2.51,1.5,-2.4000000000000004,0.2,2.4000000000000004,301.1,-0.1,-10.3,1.7000000000000002,11.6,-83.7,0.0,0.0,219.8,0.0,22.4,27.1,27.1,30.1,300.0,300.0,29.5,34.6,28.5,27.9,30.200000000000003,4.95,2.0,4.96,0.16,0.0,0.0,1027.0,8228.0,0.0,0.0,0.0,0.0,0.0,1.0,0.0,0.0,0.0,-0.001,0.0,-0.7000000000000001,0.0,-14.5,-12.8,0.0167,16.0,25903.0
2026-07-30T18:57:38.046Z,27.529,27.54,-7.5,7.4,0.0,0.0,0.0,0.0,0.0,1.0,1.0,0.0,1.0,0.0,0.0,0.0,8.0,6.0,0.0,0.0,0.0,0.0,0.0,0.0,0.0,0.0,5.0,12.0,1.0,12.06,5.0200000000000005,2.51,1.49,-2.3000000000000003,0.2,2.3000000000000003,301.1,-0.1,-9.7,4.0,10.4,-83.7,0.0,0.0,219.8,0.0,21.9,27.1,27.1,30.1,300.0,300.0,29.5,34.6,28.5,28.0,30.200000000000003,4.95,2.0,4.96,0.16,0.0,0.0,1027.0,8228.0,0.0,0.0,0.0,0.0,0.0,1.0,0.0,0.0,0.0,-0.001,0.0,1.5,0.0,-14.9,-12.7,0.0161,16.0,25903.0
2026-07-30T18:57:38.057Z,27.54,27.552,-7.5,7.4,0.0,0.0,0.0,0.0,0.0,1.0,1.0,0.0,1.0,0.0,0.0,0.0,8.0,6.0,0.0,0.0,0.0,0.0,0.0,0.0,0.0,0.0,6.0,12.0,1.0,12.06,5.0200000000000005,2.51,1.49,-2.4000000000000004,0.2,2.4000000000000004,301.0,-0.1,-13.2,2.3000000000000003,9.3,-83.7,0.0,0.0,219.9,0.0,21.9,27.1,27.1,30.1,300.0,300.0,29.5,34.6,28.5,28.0,30.200000000000003,4.96,1.99,4.96,0.15,0.0,0.0,1027.0,8228.0,0.0,0.0,0.0,0.0,0.0,1.0,0.0,0.0,0.0,-0.001,0.0,0.2,0.0,-12.3,-12.7,0.0159,16.0,25903.0
2026-07-30T18:57:38.069Z,27.552,27.564,-7.5,7.4,0.0,0.0,0.0,0.0,0.0,1.0,1.0,0.0,1.0,0.0,0.0,0.0,8.0,6.0,0.0,0.0,0.0,0.0,0.0,0.0,0.0,0.0,1.0,12.0,1.0,12.06,5.0200000000000005,2.51,1.49,-2.3000000000000003,0.2,2.4000000000000004,301.1,-0.1,-10.9,3.5,10.4,-83.7,0.0,0.0,219.9,0.0,21.9,27.1,27.1,30.1,300.0,300.0,29.5,34.6,28.5,28.0,30.200000000000003,4.95,1.99,4.96,0.16,0.0,0.0,1027.0,8228.0,0.0,0.0,0.0,0.0,0.0,1.0,0.0,0.0,0.0,-0.001,0.0,1.0,0.0,-14.5,-12.8,0.0165,16.0,25903.0
2026-07-30T18:57:38.081Z,27.564,27.576,-7.5,7.4,0.0,0.0,0.0,0.0,0.0,1.0,1.0,0.0,1.0,0.0,0.0,0.0,8.0,6.0,0.0,0.0,0.0,0.0,0.0,0.0,0.0,0.0,2.0,12.0,1.0,12.06,5.0200000000000005,2.51,1.49,-2.4000000000000004,0.2,2.4000000000000004,301.0,-0.1,-10.9,1.7000000000000002,10.4,-83.7,0.0,0.0,219.8,0.0,21.9,27.1,27.1,30.1,300.0,300.0,29.5,34.6,28.5,28.0,30.200000000000003,4.95,1.99,4.96,0.16,0.0,0.0,1027.0,8228.0,0.0,0.0,0.0,0.0,0.0,1.0,0.0,0.0,0.0,-0.001,0.0,-0.5,0.0,-13.2,-12.7,0.016,16.0,25903.0
2026-07-30T18:57:38.093Z,27.576,27.588,-7.4,7.4,0.0,0.0,0.0,0.0,0.0,1.0,1.0,0.0,1.0,0.0,0.0,0.0,8.0,6.0,0.0,0.0,0.0,0.0,0.0,0.0,0.0,0.0,2.0,12.0,1.0,12.06,5.0200000000000005,2.51,1.49,-2.4000000000000004,0.2,2.4000000000000004,301.0,-0.1,-11.4,2.9000000000000004,9.3,-83.7,0.0,0.0,219.8,0.0,21.9,27.1,27.1,30.1,300.0,300.0,29.5,34.6,28.5,28.0,30.200000000000003,4.95,2.0,4.96,0.16,0.0,0.0,1027.0,8228.0,0.0,0.0,0.0,0.0,0.0,1.0,0.0,0.0,0.0,-0.001,0.0,0.7000000000000001,0.0,-12.7,-12.7,0.0163,16.0,25903.0
2026-07-30T18:57:38.105Z,27.588,27.6,-7.4,7.4,0.0,0.0,0.0,0.0,0.0,1.0,1.0,0.0,1.0,0.0,0.0,0.0,8.0,6.0,0.0,0.0,0.0,0.0,0.0,0.0,0.0,0.0,4.0,12.0,1.0,12.06,5.0200000000000005,2.51,1.49,-2.4000000000000004,0.2,2.4000000000000004,301.1,-0.1,-12.6,2.3000000000000003,9.3,-83.7,0.0,0.0,219.8,0.0,21.9,27.1,27.1,30.1,300.0,300.0,29.5,34.6,28.5,28.0,30.200000000000003,4.96,2.0,4.96,0.16,0.0,0.0,1027.0,8228.0,0.0,0.0,0.0,0.0,0.0,1.0,0.0,0.0,0.0,-0.001,0.0,0.2,0.0,-12.3,-12.8,0.0164,16.0,25903.0
2026-07-30T18:57:38.117Z,27.6,27.612,-7.4,7.4,0.0,0.0,0.0,0.0,0.0,1.0,1.0,0.0,1.0,0.0,0.0,0.0,8.0,6.0,0.0,0.0,0.0,0.0,0.0,0.0,0.0,0.0,5.0,12.0,1.0,12.06,5.0200000000000005,2.51,1.49,-2.3000000000000003,0.2,2.3000000000000003,301.0,0.0,-10.9,3.5,11.0,-83.7,0.0,0.0,219.9,0.0,21.9,27.1,27.1,30.1,300.0,300.0,29.5,34.6,28.5,28.0,30.200000000000003,4.96,2.0,4.96,0.16,0.0,0.0,1027.0,8228.0,0.0,0.0,0.0,0.0,0.0,1.0,0.0,0.0,0.0,-0.001,0.0,0.9,0.0,-15.1,-12.8,0.0166,16.0,25903.0
2026-07-30T18:57:38.129Z,27.612,27.624,-7.5,7.4,0.0,0.0,0.0,0.0,0.0,1.0,1.0,0.0,1.0,0.0,0.0,0.0,8.0,6.0,0.0,0.0,0.0,0.0,0.0,0.0,0.0,0.0,6.0,12.0,1.0,12.06,5.0200000000000005,2.51,1.49,-2.4000000000000004,0.2,2.4000000000000004,301.0,0.0,-12.0,1.1,9.9,-83.7,0.0,0.0,219.8,0.0,21.9,27.1,27.1,30.1,300.0,300.0,29.5,34.6,28.5,28.0,30.200000000000003,4.96,2.0,4.96,0.16,0.0,0.0,1027.0,8228.0,0.0,0.0,0.0,0.0,0.0,1.0,0.0,0.0,0.0,-0.001,0.0,-0.9,0.0,-12.1,-12.8,0.0159,16.0,25903.0
2026-07-30T18:57:38.141Z,27.624,27.636,-7.5,7.4,0.0,0.0,0.0,0.0,0.0,1.0,1.0,0.0,1.0,0.0,0.0,0.0,8.0,6.0,0.0,0.0,0.0,0.0,0.0,0.0,0.0,0.0,1.0,12.0,1.0,12.06,5.0200000000000005,2.51,1.49,-2.4000000000000004,0.2,2.4000000000000004,301.1,-0.1,-10.9,2.3000000000000003,11.0,-83.7,0.0,0.0,219.8,0.0,21.9,27.1,27.1,30.1,300.0,300.0,29.5,34.6,28.5,28.0,30.200000000000003,4.96,2.0,4.97,0.16,0.0,0.0,1027.0,8228.0,0.0,0.0,0.0,0.0,0.0,1.0,0.0,0.0,0.0,-0.001,0.0,-0.1,0.0,-14.3,-12.8,0.0166,16.0,25903.0
2026-07-30T18:57:38.153Z,27.636,27.648,-7.4,7.4,0.0,0.0,0.0,0.0,0.0,1.0,1.0,0.0,1.0,0.0,0.0,0.0,8.0,6.0,0.0,0.0,0.0,0.0,0.0,0.0,0.0,0.0,3.0,12.0,1.0,12.05,5.01,2.51,1.49,-2.4000000000000004,0.2,2.4000000000000004,301.0,0.0,-11.4,2.9000000000000004,9.9,-83.7,0.0,0.0,219.6,0.0,21.9,27.200000000000003,27.200000000000003,30.1,300.0,300.0,29.5,34.5,28.700000000000003,28.0,30.200000000000003,4.96,1.99,4.97,0.16,0.0,0.0,1027.0,8228.0,0.0,0.0,0.0,0.0,0.0,1.0,0.0,0.0,0.0,-0.001,0.0,0.6000000000000001,0.0,-13.4,-12.8,0.0161,16.0,25903.0
2026-07-30T18:57:38.165Z,27.648,27.66,-7.4,7.4,0.0,0.0,0.0,0.0,0.0,1.0,1.0,0.0,1.0,0.0,0.0,0.0,8.0,6.0,0.0,0.0,0.0,0.0,0.0,0.0,0.0,0.0,4.0,12.0,1.0,12.05,5.01,2.51,1.49,-2.4000000000000004,0.2,2.4000000000000004,301.1,0.0,-11.4,2.3000000000000003,10.4,-83.7,0.0,0.0,219.7,0.0,21.9,27.200000000000003,27.200000000000003,30.1,300.0,300.0,29.5,34.5,28.700000000000003,28.0,30.200000000000003,4.96,1.99,4.96,0.16,0.0,0.0,1027.0,8228.0,0.0,0.0,0.0,0.0,0.0,1.0,0.0,0.0,0.0,-0.001,0.0,0.0,0.0,-13.6,-12.8,0.0164,16.0,25903.0
2026-07-30T18:57:38.176Z,27.659,27.672,-7.5,7.4,0.0,0.0,0.0,0.0,0.0,1.0,1.0,0.0,1.0,0.0,0.0,0.0,8.0,6.0,0.0,0.0,0.0,0.0,0.0,0.0,0.0,0.0,5.0,12.0,1.0,12.05,5.01,2.51,1.49,-2.4000000000000004,0.2,2.4000000000000004,301.2,0.0,-11.4,1.7000000000000002,10.4,-83.7,0.0,0.0,219.7,0.0,21.9,27.200000000000003,27.200000000000003,30.1,300.0,300.0,29.5,34.5,28.700000000000003,28.0,30.200000000000003,4.96,2.0,4.96,0.16,0.0,0.0,1027.0,8228.0,0.0,0.0,0.0,0.0,0.0,1.0,0.0,0.0,0.0,-0.001,0.0,-0.4,0.0,-13.2,-12.8,0.0167,16.0,25903.0
2026-07-30T18:57:38.189Z,27.672,27.684,-7.4,7.4,0.0,0.0,0.0,0.0,0.0,1.0,1.0,0.0,1.0,0.0,0.0,0.0,8.0,6.0,0.0,0.0,0.0,0.0,0.0,0.0,0.0,0.0,6.0,12.0,1.0,12.05,5.01,2.51,1.49,-2.5,0.2,2.5,300.90000000000003,0.0,-12.0,1.7000000000000002,8.1,-83.7,0.0,0.0,219.7,0.0,21.9,27.200000000000003,27.200000000000003,30.1,300.0,300.0,29.5,34.5,28.700000000000003,28.0,30.200000000000003,4.96,2.0,4.96,0.16,0.0,0.0,1027.0,8228.0,0.0,0.0,0.0,0.0,0.0,1.0,0.0,0.0,0.0,-0.001,0.0,0.0,0.0,-10.5,-12.7,0.0163,16.0,25903.0
2026-07-30T18:57:38.201Z,27.684,27.696,-7.4,7.4,0.0,0.0,0.0,0.0,0.0,1.0,1.0,0.0,1.0,0.0,0.0,0.0,8.0,6.0,0.0,0.0,0.0,0.0,0.0,0.0,0.0,0.0,1.0,12.0,1.0,12.05,5.01,2.51,1.49,-2.4000000000000004,0.2,2.4000000000000004,301.1,0.0,-12.0,1.7000000000000002,10.4,-83.60000000000001,0.0,0.0,219.8,0.0,21.9,27.200000000000003,27.200000000000003,30.1,300.0,300.0,29.5,34.5,28.700000000000003,28.0,30.200000000000003,4.96,2.0,4.96,0.16,0.0,0.0,1027.0,8228.0,0.0,0.0,0.0,0.0,0.0,1.0,0.0,0.0,0.0,-0.001,0.0,-0.5,0.0,-13.2,-12.8,0.0166,16.0,25903.0
2026-07-30T18:57:38.213Z,27.696,27.708,-7.4,7.4,0.0,0.0,0.0,0.0,0.0,1.0,1.0,0.0,1.0,0.0,0.0,0.0,8.0,6.0,0.0,0.0,0.0,0.0,0.0,0.0,0.0,0.0,2.0,12.0,1.0,12.05,5.01,2.51,1.49,-2.5,0.3,2.5,301.2,0.0,-13.8,0.5,8.1,-83.7,0.0,0.0,219.9,0.0,21.9,27.200000000000003,27.200000000000003,30.1,300.0,300.0,29.5,34.5,28.700000000000003,28.0,30.200000000000003,4.96,2.0,4.96,0.16,0.0,0.0,1027.0,8228.0,0.0,0.0,0.0,0.0,0.0,1.0,0.0,0.0,0.0,-0.001,0.0,-1.1,0.0,-9.6,-12.8,0.0163,16.0,25903.0
2026-07-30T18:57:38.225Z,27.708,27.72,-7.5,7.4,0.0,0.0,0.0,0.0,0.0,1.0,1.0,0.0,1.0,0.0,0.0,0.0,8.0,6.0,0.0,0.0,0.0,0.0,0.0,0.0,0.0,0.0,3.0,12.0,1.0,12.05,5.01,2.51,1.49,-2.5,0.3,2.5,301.1,0.0,-11.4,0.5,8.700000000000001,-83.7,0.0,0.0,219.7,0.0,21.9,27.200000000000003,27.200000000000003,30.1,300.0,300.0,29.5,34.5,28.700000000000003,28.0,30.200000000000003,4.95,2.0,4.96,0.16,0.0,0.0,1027.0,8228.0,0.0,0.0,0.0,0.0,0.0,1.0,0.0,0.0,0.0,-0.001,0.0,-1.1,0.0,-10.3,-12.8,0.0158,16.0,25903.0
2026-07-30T18:57:38.237Z,27.72,27.732,-7.5,7.4,0.0,0.0,0.0,0.0,0.0,1.0,1.0,0.0,1.0,0.0,0.0,0.0,8.0,6.0,0.0,0.0,0.0,0.0,0.0,0.0,0.0,0.0,4.0,12.0,1.0,12.05,5.01,2.51,1.49,-2.4000000000000004,0.2,2.4000000000000004,301.1,0.0,-12.6,1.7000000000000002,9.9,-83.7,0.0,0.0,219.7,0.0,21.9,27.200000000000003,27.200000000000003,30.1,300.0,300.0,29.5,34.5,28.700000000000003,28.0,30.200000000000003,4.95,2.0,4.96,0.16,0.0,0.0,1027.0,8228.0,0.0,0.0,0.0,0.0,0.0,1.0,0.0,0.0,0.0,-0.001,0.0,-0.3,0.0,-12.5,-12.7,0.0165,16.0,25903.0
2026-07-30T18:57:38.250Z,27.733,27.744,-7.5,7.4,0.0,0.0,0.0,0.0,0.0,1.0,1.0,0.0,1.0,0.0,0.0,0.0,8.0,6.0,0.0,0.0,0.0,0.0,0.0,0.0,0.0,0.0,4.0,12.0,1.0,12.06,5.01,2.5,1.49,-2.4000000000000004,0.2,2.4000000000000004,301.1,-0.1,-12.6,2.3000000000000003,9.3,-83.7,0.0,0.0,219.7,0.0,22.200000000000003,27.200000000000003,27.200000000000003,30.200000000000003,300.0,300.0,29.6,34.4,28.700000000000003,28.0,30.3,4.95,2.0,4.96,0.16,0.0,0.0,1027.0,8228.0,0.0,0.0,0.0,0.0,0.0,1.0,0.0,0.0,0.0,-0.001,0.0,0.2,0.0,-12.3,-12.7,0.0164,16.0,25903.0
2026-07-30T18:57:38.261Z,27.744,27.756,-7.4,7.4,0.0,0.0,0.0,0.0,0.0,1.0,1.0,0.0,1.0,0.0,0.0,0.0,8.0,6.0,0.0,0.0,0.0,0.0,0.0,0.0,0.0,0.0,5.0,12.0,1.0,12.06,5.01,2.5,1.49,-2.4000000000000004,0.2,2.5,301.0,0.0,-12.0,1.1,9.3,-83.7,0.0,0.0,219.8,0.0,22.200000000000003,27.200000000000003,27.200000000000003,30.200000000000003,300.0,300.0,29.6,34.4,28.700000000000003,28.0,30.3,4.95,2.0,4.97,0.16,0.0,0.0,1027.0,8228.0,0.0,0.0,0.0,0.0,0.0,1.0,0.0,0.0,0.0,-0.001,0.0,-0.8,0.0,-11.4,-12.8,0.0162,16.0,25903.0
2026-07-30T18:57:38.273Z,27.756,27.768,-7.5,7.4,0.0,0.0,0.0,0.0,0.0,1.0,1.0,0.0,1.0,0.0,0.0,0.0,8.0,6.0,0.0,0.0,0.0,0.0,0.0,0.0,0.0,0.0,1.0,12.0,1.0,12.06,5.01,2.5,1.49,-2.3000000000000003,0.2,2.3000000000000003,301.1,-0.1,-12.6,1.7000000000000002,11.6,-83.7,0.0,0.0,219.9,0.0,22.200000000000003,27.200000000000003,27.200000000000003,30.200000000000003,300.0,300.0,29.6,34.4,28.700000000000003,28.0,30.3,4.95,2.0,4.96,0.16,0.0,0.0,1027.0,8228.0,0.0,0.0,0.0,0.0,0.0,1.0,0.0,0.0,0.0,-0.001,0.0,-0.7000000000000001,0.0,-14.5,-12.8,0.0161,16.0,25903.0
2026-07-30T18:57:38.285Z,27.768,27.78,-7.5,7.4,0.0,0.0,0.0,0.0,0.0,1.0,1.0,0.0,1.0,0.0,0.0,0.0,8.0,6.0,0.0,0.0,0.0,0.0,0.0,0.0,0.0,0.0,2.0,12.0,1.0,12.06,5.01,2.5,1.49,-2.3000000000000003,0.2,2.3000000000000003,301.1,-0.1,-11.4,3.5,10.4,-83.7,0.0,0.0,219.8,0.0,22.200000000000003,27.200000000000003,27.200000000000003,30.200000000000003,300.0,300.0,29.6,34.4,28.700000000000003,28.0,30.3,4.95,2.0,4.96,0.16,0.0,0.0,1027.0,8228.0,0.0,0.0,0.0,0.0,0.0,1.0,0.0,0.0,0.0,-0.001,0.0,0.9,0.0,-15.1,-12.7,0.0159,16.0,25903.0
2026-07-30T18:57:38.297Z,27.78,27.792,-7.4,7.4,0.0,0.0,0.0,0.0,0.0,1.0,1.0,0.0,1.0,0.0,0.0,0.0,8.0,6.0,0.0,0.0,0.0,0.0,0.0,0.0,0.0,0.0,3.0,12.0,1.0,12.06,5.01,2.5,1.49,-2.4000000000000004,0.2,2.4000000000000004,301.1,-0.1,-12.0,1.7000000000000002,9.3,-83.60000000000001,0.0,0.0,219.7,0.0,22.200000000000003,27.200000000000003,27.200000000000003,30.200000000000003,300.0,300.0,29.6,34.4,28.700000000000003,28.0,30.3,4.95,2.0,4.96,0.16,0.0,0.0,1027.0,8228.0,0.0,0.0,0.0,0.0,0.0,1.0,0.0,0.0,0.0,-0.001,0.0,1.0,0.0,-14.5,-12.7,0.0157,16.0,25903.0
2026-07-30T18:57:38.309Z,27.792,27.804,-7.4,7.4,0.0,0.0,0.0,0.0,0.0,1.0,1.0,0.0,1.0,0.0,0.0,0.0,8.0,6.0,0.0,0.0,0.0,0.0,0.0,0.0,0.0,0.0,4.0,12.0,1.0,12.06,5.01,2.5,1.49,-2.4000000000000004,0.2,2.4000000000000004,301.0,-0.1,-11.4,2.3000000000000003,11.0,-83.60000000000001,0.0,0.0,219.6,0.0,22.200000000000003,27.200000000000003,27.200000000000003,30.200000000000003,300.0,300.0,29.6,34.4,28.700000000000003,28.0,30.3,4.95,2.0,4.97,0.16,0.0,0.0,1027.0,8228.0,0.0,0.0,0.0,0.0,0.0,1.0,0.0,0.0,0.0,-0.001,0.0,0.0,0.0,-14.3,-12.9,0.0161,16.0,25903.0
2026-07-30T18:57:38.321Z,27.804,27.816,-7.5,7.4,0.0,0.0,0.0,0.0,0.0,1.0,1.0,0.0,1.0,0.0,0.0,0.0,8.0,6.0,0.0,0.0,0.0,0.0,0.0,0.0,0.0,0.0,4.0,12.0,1.0,12.06,5.01,2.5,1.49,-2.5,0.2,2.5,301.1,-0.1,-12.0,1.7000000000000002,8.700000000000001,-83.60000000000001,0.0,0.0,219.8,0.0,22.200000000000003,27.200000000000003,27.200000000000003,30.200000000000003,300.0,300.0,29.6,34.4,28.700000000000003,28.0,30.3,4.96,2.0,4.96,0.16,0.0,0.0,1027.0,8228.0,0.0,0.0,0.0,0.0,0.0,1.0,0.0,0.0,0.0,-0.001,0.0,-0.1,0.0,-11.2,-12.8,0.0162,16.0,25903.0
2026-07-30T18:57:38.333Z,27.816,27.828,-7.5,7.4,0.0,0.0,0.0,0.0,0.0,1.0,1.0,0.0,1.0,0.0,0.0,0.0,8.0,6.0,0.0,0.0,0.0,0.0,0.0,0.0,0.0,0.0,6.0,12.0,1.0,12.06,5.01,2.5,1.49,-2.4000000000000004,0.2,2.4000000000000004,301.1,-0.1,-11.4,2.3000000000000003,8.700000000000001,-83.60000000000001,0.0,0.0,219.9,0.0,22.200000000000003,27.200000000000003,27.200000000000003,30.200000000000003,300.0,300.0,29.6,34.4,28.700000000000003,28.0,30.3,4.96,2.0,4.97,0.16,0.0,0.0,1027.0,8228.0,0.0,0.0,0.0,0.0,0.0,1.0,0.0,0.0,0.0,-0.001,0.0,0.3,0.0,-11.6,-12.8,0.0167,16.0,25903.0
2026-07-30T18:57:38.346Z,27.829,27.84,-7.4,7.4,0.0,0.0,0.0,0.0,0.0,1.0,1.0,0.0,1.0,0.0,0.0,0.0,8.0,6.0,0.0,0.0,0.0,0.0,0.0,0.0,0.0,0.0,1.0,12.0,1.0,12.06,5.01,2.5,1.49,-2.4000000000000004,0.2,2.5,300.90000000000003,-0.1,-12.0,2.3000000000000003,9.3,-83.7,0.0,0.0,219.8,0.0,22.200000000000003,27.200000000000003,27.200000000000003,30.200000000000003,300.0,300.0,29.6,34.4,28.700000000000003,28.0,30.3,4.95,2.0,4.97,0.16,0.0,0.0,1027.0,8228.0,0.0,0.0,0.0,0.0,0.0,1.0,0.0,0.0,0.0,-0.001,0.0,0.2,0.0,-12.3,-12.7,0.0165,16.0,25903.0
2026-07-30T18:57:38.357Z,27.84,27.852,-7.5,7.4,0.0,0.0,0.0,0.0,0.0,1.0,1.0,0.0,1.0,0.0,0.0,0.0,8.0,6.0,0.0,0.0,0.0,0.0,0.0,0.0,0.0,0.0,2.0,12.0,1.0,12.05,5.0200000000000005,2.5,1.49,-2.4000000000000004,0.2,2.4000000000000004,301.1,-0.1,-10.9,2.3000000000000003,9.9,-83.7,0.0,0.0,219.8,0.0,21.9,27.200000000000003,27.200000000000003,30.200000000000003,300.0,300.0,29.6,34.7,28.700000000000003,28.1,30.4,4.95,2.0,4.97,0.16,0.0,0.0,1027.0,8228.0,0.0,0.0,0.0,0.0,0.0,1.0,0.0,0.0,0.0,-0.001,0.0,0.1,0.0,-12.9,-12.9,0.0167,16.0,25903.0
2026-07-30T18:57:38.369Z,27.852,27.864,-7.5,7.4,0.0,0.0,0.0,0.0,0.0,1.0,1.0,0.0,1.0,0.0,0.0,0.0,8.0,6.0,0.0,0.0,0.0,0.0,0.0,0.0,0.0,0.0,3.0,12.0,1.0,12.05,5.0200000000000005,2.5,1.49,-2.4000000000000004,0.2,2.4000000000000004,301.2,-0.1,-11.4,1.1,9.9,-83.7,0.0,0.0,219.9,0.0,21.9,27.200000000000003,27.200000000000003,30.200000000000003,300.0,300.0,29.6,34.7,28.700000000000003,28.1,30.4,4.96,2.0,4.96,0.16,0.0,0.0,1027.0,8228.0,0.0,0.0,0.0,0.0,0.0,1.0,0.0,0.0,0.0,-0.001,0.0,-0.9,0.0,-12.1,-12.7,0.0163,16.0,25903.0
2026-07-30T18:57:38.381Z,27.864,27.876,-7.5,7.4,0.0,0.0,0.0,0.0,0.0,1.0,1.0,0.0,1.0,0.0,0.0,0.0,8.0,6.0,0.0,0.0,0.0,0.0,0.0,0.0,0.0,0.0,4.0,12.0,1.0,12.05,5.0200000000000005,2.5,1.49,-2.4000000000000004,0.2,2.4000000000000004,301.0,-0.1,-12.0,1.7000000000000002,9.9,-83.7,0.0,0.0,219.9,0.0,21.9,27.200000000000003,27.200000000000003,30.200000000000003,300.0,300.0,29.6,34.7,28.700000000000003,28.1,30.4,4.96,2.0,4.96,0.16,0.0,0.0,1027.0,8228.0,0.0,0.0,0.0,0.0,0.0,1.0,0.0,0.0,0.0,-0.001,0.0,-0.4,0.0,-12.5,-12.7,0.0164,16.0,25903.0
2026-07-30T18:57:38.396Z,27.879,27.888,-7.4,7.4,0.0,0.0,0.0,0.0,0.0,1.0,1.0,0.0,1.0,0.0,0.0,0.0,8.0,6.0,0.0,0.0,0.0,0.0,0.0,0.0,0.0,0.0,6.0,12.0,1.0,12.05,5.0200000000000005,2.5,1.49,-2.4000000000000004,0.3,2.4000000000000004,301.1,0.0,-12.6,1.1,10.4,-83.7,0.0,0.0,219.9,0.0,21.9,27.200000000000003,27.200000000000003,30.200000000000003,300.0,300.0,29.6,34.7,28.700000000000003,28.1,30.4,4.95,2.0,4.96,0.16,0.0,0.0,1027.0,8228.0,0.0,0.0,0.0,0.0,0.0,1.0,0.0,0.0,0.0,-0.001,0.0,-1.0,0.0,-12.7,-12.7,0.0164,16.0,25903.0
2026-07-30T18:57:38.405Z,27.888,27.9,-7.4,7.4,0.0,0.0,0.0,0.0,0.0,1.0,1.0,0.0,1.0,0.0,0.0,0.0,8.0,6.0,0.0,0.0,0.0,0.0,0.0,0.0,0.0,0.0,6.0,12.0,1.0,12.05,5.0200000000000005,2.5,1.49,-2.5,0.2,2.5,301.1,0.0,-12.0,2.3000000000000003,8.700000000000001,-83.60000000000001,0.0,0.0,219.8,0.0,21.9,27.200000000000003,27.200000000000003,30.200000000000003,300.0,300.0,29.6,34.7,28.700000000000003,28.1,30.4,4.95,2.0,4.96,0.16,0.0,0.0,1027.0,8228.0,0.0,0.0,0.0,0.0,0.0,1.0,0.0,0.0,0.0,-0.001,0.0,0.3,0.0,-11.6,-12.8,0.0165,16.0,25903.0
2026-07-30T18:57:38.417Z,27.9,27.912,-7.5,7.4,0.0,0.0,0.0,0.0,0.0,1.0,1.0,0.0,1.0,0.0,0.0,0.0,8.0,6.0,0.0,0.0,0.0,0.0,0.0,0.0,0.0,0.0,1.0,12.0,1.0,12.05,5.0200000000000005,2.5,1.49,-2.5,0.3,2.5,301.1,-0.1,-12.6,0.5,8.1,-83.60000000000001,0.0,0.0,219.6,0.0,21.9,27.200000000000003,27.200000000000003,30.200000000000003,300.0,300.0,29.6,34.7,28.700000000000003,28.1,30.4,4.95,2.0,4.96,0.16,0.0,0.0,1027.0,8228.0,0.0,0.0,0.0,0.0,0.0,1.0,0.0,0.0,0.0,-0.001,0.0,-1.0,0.0,-9.7,-12.8,0.0168,16.0,25903.0
2026-07-30T18:57:38.429Z,27.912,27.924,-7.5,7.4,0.0,0.0,0.0,0.0,0.0,1.0,1.0,0.0,1.0,0.0,0.0,0.0,8.0,6.0,0.0,0.0,0.0,0.0,0.0,0.0,0.0,0.0,2.0,12.0,1.0,12.05,5.0200000000000005,2.5,1.49,-2.4000000000000004,0.2,2.4000000000000004,301.1,-0.1,-12.6,2.3000000000000003,9.3,-83.60000000000001,0.0,0.0,219.6,0.0,21.9,27.200000000000003,27.200000000000003,30.200000000000003,300.0,300.0,29.6,34.7,28.700000000000003,28.1,30.4,4.95,2.0,4.97,0.16,0.0,0.0,1027.0,8228.0,0.0,0.0,0.0,0.0,0.0,1.0,0.0,0.0,0.0,-0.001,0.0,0.2,0.0,-12.3,-12.7,0.0171,16.0,25903.0
2026-07-30T18:57:38.442Z,27.925,27.936,-7.4,7.4,0.0,0.0,0.0,0.0,0.0,1.0,1.0,0.0,1.0,0.0,0.0,0.0,8.0,6.0,0.0,0.0,0.0,0.0,0.0,0.0,0.0,0.0,3.0,12.0,1.0,12.05,5.0200000000000005,2.5,1.49,-2.5,0.2,2.5,301.1,-0.1,-12.0,1.7000000000000002,7.5,-83.60000000000001,0.0,0.0,219.8,0.0,21.9,27.200000000000003,27.200000000000003,30.200000000000003,300.0,300.0,29.6,34.7,28.700000000000003,28.1,30.4,4.96,2.0,4.97,0.16,0.0,0.0,1027.0,8228.0,0.0,0.0,0.0,0.0,0.0,1.0,0.0,0.0,0.0,-0.001,0.0,0.0,0.0,-9.8,-12.7,0.0164,16.0,25903.0
2026-07-30T18:57:38.454Z,27.937,27.948,-7.4,7.4,0.0,0.0,0.0,0.0,0.0,1.0,1.0,0.0,1.0,0.0,0.0,0.0,8.0,6.0,0.0,0.0,0.0,0.0,0.0,0.0,0.0,0.0,4.0,12.0,1.0,12.06,5.0200000000000005,2.51,1.49,-2.5,0.3,2.5,301.1,-0.1,-11.4,0.5,9.3,-83.60000000000001,0.0,0.0,219.9,0.0,21.9,27.200000000000003,27.200000000000003,30.200000000000003,300.0,300.0,29.5,34.800000000000004,28.700000000000003,28.1,30.4,4.96,2.0,4.97,0.16,0.0,0.0,1027.0,8228.0,0.0,0.0,0.0,0.0,0.0,1.0,0.0,0.0,0.0,-0.001,0.0,-1.3,0.0,-11.0,-12.8,0.0169,16.0,25903.0
2026-07-30T18:57:38.465Z,27.948,27.96,-7.4,7.4,0.0,0.0,0.0,0.0,0.0,1.0,1.0,0.0,1.0,0.0,0.0,0.0,8.0,6.0,0.0,0.0,0.0,0.0,0.0,0.0,0.0,0.0,5.0,12.0,1.0,12.06,5.0200000000000005,2.51,1.49,-2.4000000000000004,0.2,2.5,301.1,-0.1,-12.6,1.1,9.3,-83.60000000000001,0.0,0.0,219.9,0.0,21.9,27.200000000000003,27.200000000000003,30.200000000000003,300.0,300.0,29.5,34.800000000000004,28.700000000000003,28.1,30.4,4.95,2.0,4.96,0.16,0.0,0.0,1027.0,8228.0,0.0,0.0,0.0,0.0,0.0,1.0,0.0,0.0,0.0,-0.001,0.0,-0.8,0.0,-11.4,-12.8,0.0168,16.0,25903.0
2026-07-30T18:57:38.477Z,27.96,27.972,-7.5,7.4,0.0,0.0,0.0,0.0,0.0,1.0,1.0,0.0,1.0,0.0,0.0,0.0,8.0,6.0,0.0,0.0,0.0,0.0,0.0,0.0,0.0,0.0,6.0,12.0,1.0,12.06,5.0200000000000005,2.51,1.49,-2.4000000000000004,0.2,2.4000000000000004,301.0,-0.1,-12.0,2.3000000000000003,9.3,-83.60000000000001,0.0,0.0,219.8,0.0,21.9,27.200000000000003,27.200000000000003,30.200000000000003,300.0,300.0,29.5,34.800000000000004,28.700000000000003,28.1,30.4,4.95,2.0,4.97,0.16,0.0,0.0,1027.0,8228.0,0.0,0.0,0.0,0.0,0.0,1.0,0.0,0.0,0.0,-0.001,0.0,0.2,0.0,-12.3,-12.8,0.0167,16.0,25903.0
2026-07-30T18:57:38.489Z,27.972,27.984,-7.4,7.4,0.0,0.0,0.0,0.0,0.0,1.0,1.0,0.0,1.0,0.0,0.0,0.0,8.0,6.0,0.0,0.0,0.0,0.0,0.0,0.0,0.0,0.0,1.0,12.0,1.0,12.06,5.0200000000000005,2.51,1.49,-2.4000000000000004,0.2,2.4000000000000004,301.1,-0.1,-12.6,2.3000000000000003,9.3,-83.60000000000001,0.0,0.0,219.8,0.0,21.9,27.200000000000003,27.200000000000003,30.200000000000003,300.0,300.0,29.5,34.800000000000004,28.700000000000003,28.1,30.4,4.95,2.0,4.97,0.16,0.0,0.0,1027.0,8228.0,0.0,0.0,0.0,0.0,0.0,1.0,0.0,0.0,0.0,-0.001,0.0,0.2,0.0,-12.3,-12.8,0.0165,16.0,25903.0
2026-07-30T18:57:38.501Z,27.984,27.996,-7.4,7.4,0.0,0.0,0.0,0.0,0.0,1.0,1.0,0.0,1.0,0.0,0.0,0.0,8.0,6.0,0.0,0.0,0.0,0.0,0.0,0.0,0.0,0.0,2.0,12.0,1.0,12.06,5.0200000000000005,2.51,1.49,-2.4000000000000004,0.2,2.5,301.1,-0.1,-12.0,1.7000000000000002,9.3,-83.7,0.0,0.0,219.8,0.0,21.9,27.200000000000003,27.200000000000003,30.200000000000003,300.0,300.0,29.5,34.800000000000004,28.700000000000003,28.1,30.4,4.95,2.0,4.96,0.16,0.0,0.0,1027.0,8228.0,0.0,0.0,0.0,0.0,0.0,1.0,0.0,0.0,0.0,-0.001,0.0,-0.2,0.0,-11.8,-12.8,0.0165,16.0,25903.0
2026-07-30T18:57:38.513Z,27.996,28.008,-7.5,7.4,0.0,0.0,0.0,0.0,0.0,1.0,1.0,0.0,1.0,0.0,0.0,0.0,8.0,6.0,0.0,0.0,0.0,0.0,0.0,0.0,0.0,0.0,3.0,12.0,1.0,12.06,5.0200000000000005,2.51,1.49,-2.4000000000000004,0.2,2.4000000000000004,301.0,-0.1,-10.9,2.3000000000000003,10.4,-83.7,0.0,0.0,219.8,0.0,21.9,27.200000000000003,27.200000000000003,30.200000000000003,300.0,300.0,29.5,34.800000000000004,28.700000000000003,28.1,30.4,4.95,2.0,4.97,0.16,0.0,0.0,1027.0,8228.0,0.0,0.0,0.0,0.0,0.0,1.0,0.0,0.0,0.0,-0.001,0.0,0.0,0.0,-13.6,-12.8,0.0166,16.0,25903.0
2026-07-30T18:57:38.525Z,28.008,28.02,-7.5,7.4,0.0,0.0,0.0,0.0,0.0,1.0,1.0,0.0,1.0,0.0,0.0,0.0,8.0,6.0,0.0,0.0,0.0,0.0,0.0,0.0,0.0,0.0,5.0,12.0,1.0,12.06,5.0200000000000005,2.51,1.49,-2.4000000000000004,0.2,2.4000000000000004,301.1,-0.1,-11.4,2.9000000000000004,9.9,-83.7,0.0,0.0,219.8,0.0,21.9,27.200000000000003,27.200000000000003,30.200000000000003,300.0,300.0,29.5,34.800000000000004,28.700000000000003,28.1,30.4,4.95,2.0,4.96,0.16,0.0,0.0,1027.0,8228.0,0.0,0.0,0.0,0.0,0.0,1.0,0.0,0.0,0.0,-0.001,0.0,0.6000000000000001,0.0,-13.4,-12.7,0.0161,16.0,25903.0
2026-07-30T18:57:38.537Z,28.02,28.032,-7.4,7.4,0.0,0.0,0.0,0.0,0.0,1.0,1.0,0.0,1.0,0.0,0.0,0.0,8.0,6.0,0.0,0.0,0.0,0.0,0.0,0.0,0.0,0.0,6.0,12.0,1.0,12.06,5.0200000000000005,2.51,1.49,-2.3000000000000003,0.2,2.4000000000000004,301.1,-0.1,-10.3,2.9000000000000004,11.0,-83.60000000000001,0.0,0.0,219.8,0.0,21.9,27.200000000000003,27.200000000000003,30.200000000000003,300.0,300.0,29.5,34.800000000000004,28.700000000000003,28.1,30.4,4.96,2.0,4.96,0.17,0.0,0.0,1027.0,8228.0,0.0,0.0,0.0,0.0,0.0,1.0,0.0,0.0,0.0,-0.001,0.0,0.4,0.0,-14.7,-12.7,0.0162,16.0,25903.0
2026-07-30T18:57:38.549Z,28.032,28.044,-7.4,7.4,0.0,0.0,0.0,0.0,0.0,1.0,1.0,0.0,1.0,0.0,0.0,0.0,8.0,6.0,0.0,0.0,0.0,0.0,0.0,0.0,0.0,0.0,6.0,12.0,1.0,12.06,5.0200000000000005,2.51,1.49,-2.4000000000000004,0.2,2.4000000000000004,301.1,-0.1,-12.0,2.3000000000000003,9.9,-83.60000000000001,0.0,0.0,219.7,0.0,21.9,27.200000000000003,27.200000000000003,30.200000000000003,300.0,300.0,29.5,34.800000000000004,28.700000000000003,28.1,30.4,4.95,2.0,4.96,0.16,0.0,0.0,1027.0,8228.0,0.0,0.0,0.0,0.0,0.0,1.0,0.0,0.0,0.0,-0.001,0.0,0.1,0.0,-12.9,-12.8,0.016,16.0,25903.0
2026-07-30T18:57:38.561Z,28.044,28.056,-7.5,7.4,0.0,0.0,0.0,0.0,0.0,1.0,1.0,0.0,1.0,0.0,0.0,0.0,8.0,6.0,0.0,0.0,0.0,0.0,0.0,0.0,0.0,0.0,2.0,12.0,1.0,12.05,5.01,2.5,1.49,-2.4000000000000004,0.2,2.4000000000000004,301.1,-0.1,-10.9,1.7000000000000002,9.9,-83.60000000000001,0.0,0.0,219.7,0.0,22.200000000000003,27.200000000000003,27.200000000000003,30.200000000000003,300.0,300.0,29.4,34.800000000000004,28.700000000000003,28.1,30.4,4.96,2.0,4.96,0.16,0.0,0.0,1027.0,8228.0,0.0,0.0,0.0,0.0,0.0,1.0,0.0,0.0,0.0,-0.001,0.0,-0.3,0.0,-12.5,-12.8,0.0164,16.0,25903.0
2026-07-30T18:57:38.573Z,28.056,28.068,-7.4,7.4,0.0,0.0,0.0,0.0,0.0,1.0,1.0,0.0,1.0,0.0,0.0,0.0,8.0,6.0,0.0,0.0,0.0,0.0,0.0,0.0,0.0,0.0,2.0,12.0,1.0,12.05,5.01,2.5,1.49,-2.3000000000000003,0.2,2.3000000000000003,301.1,-0.1,-11.4,2.9000000000000004,12.2,-83.60000000000001,0.0,0.0,219.7,0.0,22.200000000000003,27.200000000000003,27.200000000000003,30.200000000000003,300.0,300.0,29.4,34.800000000000004,28.700000000000003,28.1,30.4,4.96,2.0,4.96,0.16,0.0,0.0,1027.0,8228.0,0.0,0.0,0.0,0.0,0.0,1.0,0.0,0.0,0.0,-0.001,0.0,0.2,0.0,-16.0,-12.7,0.0163,16.0,25903.0
2026-07-30T18:57:38.585Z,28.068,28.08,-7.4,7.4,0.0,0.0,0.0,0.0,0.0,1.0,1.0,0.0,1.0,0.0,0.0,0.0,8.0,6.0,0.0,0.0,0.0,0.0,0.0,0.0,0.0,0.0,3.0,12.0,1.0,12.05,5.01,2.5,1.49,-2.4000000000000004,0.2,2.4000000000000004,301.0,-0.1,-11.4,4.0,10.4,-83.60000000000001,0.0,0.0,219.8,0.0,22.200000000000003,27.200000000000003,27.200000000000003,30.200000000000003,300.0,300.0,29.4,34.800000000000004,28.700000000000003,28.1,30.4,4.96,2.0,4.96,0.16,0.0,0.0,1027.0,8228.0,0.0,0.0,0.0,0.0,0.0,1.0,0.0,0.0,0.0,-0.001,0.0,1.5,0.0,-14.9,-12.8,0.0157,16.0,25903.0
2026-07-30T18:57:38.597Z,28.08,28.092,-7.4,7.4,0.0,0.0,0.0,0.0,0.0,1.0,1.0,0.0,1.0,0.0,0.0,0.0,8.0,6.0,0.0,0.0,0.0,0.0,0.0,0.0,0.0,0.0,4.0,12.0,1.0,12.05,5.01,2.5,1.49,-2.4000000000000004,0.2,2.4000000000000004,301.1,-0.1,-11.4,2.9000000000000004,11.0,-83.60000000000001,0.0,0.0,219.7,0.0,22.200000000000003,27.200000000000003,27.200000000000003,30.200000000000003,300.0,300.0,29.4,34.800000000000004,28.700000000000003,28.1,30.4,4.95,2.0,4.97,0.16,0.0,0.0,1027.0,8228.0,0.0,0.0,0.0,0.0,0.0,1.0,0.0,0.0,0.0,-0.001,0.0,0.4,0.0,-14.7,-12.8,0.016,16.0,25903.0
2026-07-30T18:57:38.609Z,28.092,28.104,-7.5,7.4,0.0,0.0,0.0,0.0,0.0,1.0,1.0,0.0,1.0,0.0,0.0,0.0,8.0,6.0,0.0,0.0,0.0,0.0,0.0,0.0,0.0,0.0,5.0,12.0,1.0,12.05,5.01,2.5,1.49,-2.3000000000000003,0.2,2.3000000000000003,301.2,-0.1,-10.3,3.5,11.0,-83.60000000000001,0.0,0.0,219.7,0.0,22.200000000000003,27.200000000000003,27.200000000000003,30.200000000000003,300.0,300.0,29.4,34.800000000000004,28.700000000000003,28.1,30.4,4.96,2.0,4.96,0.16,0.0,0.0,1027.0,8228.0,0.0,0.0,0.0,0.0,0.0,1.0,0.0,0.0,0.0,-0.001,0.0,0.9,0.0,-15.1,-12.8,0.0161,16.0,25903.0
2026-07-30T18:57:38.621Z,28.104,28.116,-7.5,7.4,0.0,0.0,0.0,0.0,0.0,1.0,1.0,0.0,1.0,0.0,0.0,0.0,8.0,6.0,0.0,0.0,0.0,0.0,0.0,0.0,0.0,0.0,6.0,12.0,1.0,12.05,5.01,2.5,1.49,-2.4000000000000004,0.2,2.4000000000000004,301.1,-0.1,-12.0,2.3000000000000003,9.3,-83.60000000000001,0.0,0.0,219.8,0.0,22.200000000000003,27.200000000000003,27.200000000000003,30.200000000000003,300.0,300.0,29.4,34.800000000000004,28.700000000000003,28.1,30.4,4.96,2.0,4.96,0.16,0.0,0.0,1027.0,8228.0,0.0,0.0,0.0,0.0,0.0,1.0,0.0,0.0,0.0,-0.001,0.0,0.2,0.0,-12.3,-12.6,0.0157,16.0,25903.0
2026-07-30T18:57:38.633Z,28.116,28.128,-7.4,7.4,0.0,0.0,0.0,0.0,0.0,1.0,1.0,0.0,1.0,0.0,0.0,0.0,8.0,6.0,0.0,0.0,0.0,0.0,0.0,0.0,0.0,0.0,1.0,12.0,1.0,12.05,5.01,2.5,1.49,-2.4000000000000004,0.2,2.4000000000000004,301.1,0.0,-11.4,2.3000000000000003,8.700000000000001,-83.60000000000001,0.0,0.0,219.8,0.0,22.200000000000003,27.200000000000003,27.200000000000003,30.200000000000003,300.0,300.0,29.4,34.800000000000004,28.700000000000003,28.1,30.4,4.96,2.0,4.96,0.16,0.0,0.0,1027.0,8228.0,0.0,0.0,0.0,0.0,0.0,1.0,0.0,0.0,0.0,-0.001,0.0,0.3,0.0,-11.6,-12.7,0.0163,16.0,25903.0
2026-07-30T18:57:38.645Z,28.128,28.14,-7.4,7.4,0.0,0.0,0.0,0.0,0.0,1.0,1.0,0.0,1.0,0.0,0.0,0.0,8.0,6.0,0.0,0.0,0.0,0.0,0.0,0.0,0.0,0.0,3.0,12.0,1.0,12.05,5.01,2.5,1.49,-2.4000000000000004,0.2,2.4000000000000004,301.1,0.0,-12.0,2.3000000000000003,9.3,-83.60000000000001,0.0,0.0,219.8,0.0,22.200000000000003,27.200000000000003,27.200000000000003,30.200000000000003,300.0,300.0,29.4,34.800000000000004,28.700000000000003,28.1,30.4,4.95,2.0,4.96,0.16,0.0,0.0,1027.0,8228.0,0.0,0.0,0.0,0.0,0.0,1.0,0.0,0.0,0.0,-0.001,0.0,0.2,0.0,-12.3,-12.8,0.0165,16.0,25903.0
2026-07-30T18:57:38.659Z,28.142,28.152,-7.5,7.4,0.0,0.0,0.0,0.0,0.0,1.0,1.0,0.0,1.0,0.0,0.0,0.0,8.0,6.0,0.0,0.0,0.0,0.0,0.0,0.0,0.0,0.0,4.0,12.0,1.0,12.05,5.01,2.51,1.49,-2.4000000000000004,0.2,2.4000000000000004,301.1,0.0,-11.4,2.3000000000000003,10.4,-83.60000000000001,0.0,0.0,219.8,0.0,22.200000000000003,27.3,27.3,30.200000000000003,300.0,300.0,29.5,34.7,28.8,28.200000000000003,30.5,4.95,2.0,4.96,0.16,0.0,0.0,1027.0,8228.0,0.0,0.0,0.0,0.0,0.0,1.0,0.0,0.0,0.0,-0.001,0.0,0.0,0.0,-13.6,-12.8,0.0164,16.0,25903.0
2026-07-30T18:57:38.669Z,28.152,28.164,-7.4,7.4,0.0,0.0,0.0,0.0,0.0,1.0,1.0,0.0,1.0,0.0,0.0,0.0,8.0,6.0,0.0,0.0,0.0,0.0,0.0,0.0,0.0,0.0,5.0,12.0,1.0,12.05,5.01,2.51,1.49,-2.5,0.2,2.5,301.1,0.0,-13.2,1.1,8.1,-83.60000000000001,0.0,0.0,219.8,0.0,22.200000000000003,27.3,27.3,30.200000000000003,300.0,300.0,29.5,34.7,28.8,28.200000000000003,30.5,4.95,1.99,4.97,0.16,0.0,0.0,1027.0,8228.0,0.0,0.0,0.0,0.0,0.0,1.0,0.0,0.0,0.0,-0.001,0.0,-0.5,0.0,-10.1,-12.8,0.0161,16.0,25903.0
2026-07-30T18:57:38.681Z,28.164,28.176,-7.4,7.4,0.0,0.0,0.0,0.0,0.0,1.0,1.0,0.0,1.0,0.0,0.0,0.0,8.0,6.0,0.0,0.0,0.0,0.0,0.0,0.0,0.0,0.0,6.0,12.0,1.0,12.05,5.01,2.51,1.49,-2.5,0.3,2.5,300.90000000000003,0.0,-12.0,1.1,8.700000000000001,-83.60000000000001,0.0,0.0,219.7,0.0,22.200000000000003,27.3,27.3,30.200000000000003,300.0,300.0,29.5,34.7,28.8,28.200000000000003,30.5,4.95,2.0,4.97,0.16,0.0,0.0,1027.0,8228.0,0.0,0.0,0.0,0.0,0.0,1.0,0.0,0.0,0.0,-0.001,0.0,-0.6000000000000001,0.0,-10.7,-12.8,0.0169,16.0,25903.0
2026-07-30T18:57:38.693Z,28.176,28.188,-7.5,7.4,0.0,0.0,0.0,0.0,0.0,1.0,1.0,0.0,1.0,0.0,0.0,0.0,8.0,6.0,0.0,0.0,0.0,0.0,0.0,0.0,0.0,0.0,1.0,12.0,1.0,12.05,5.01,2.51,1.49,-2.4000000000000004,0.2,2.4000000000000004,301.0,0.0,-12.6,2.3000000000000003,9.9,-83.60000000000001,0.0,0.0,219.8,0.0,22.200000000000003,27.3,27.3,30.200000000000003,300.0,300.0,29.5,34.7,28.8,28.200000000000003,30.5,4.95,2.0,4.96,0.16,0.0,0.0,1027.0,8228.0,0.0,0.0,0.0,0.0,0.0,1.0,0.0,0.0,0.0,-0.001,0.0,0.1,0.0,-12.9,-12.9,0.0169,16.0,25903.0
2026-07-30T18:57:38.705Z,28.188,28.2,-7.5,7.4,0.0,0.0,0.0,0.0,0.0,1.0,1.0,0.0,1.0,0.0,0.0,0.0,8.0,6.0,0.0,0.0,0.0,0.0,0.0,0.0,0.0,0.0,2.0,12.0,1.0,12.05,5.01,2.51,1.49,-2.4000000000000004,0.3,2.5,301.1,0.0,-12.6,0.0,9.3,-83.60000000000001,0.0,0.0,219.8,0.0,22.200000000000003,27.3,27.3,30.200000000000003,300.0,300.0,29.5,34.7,28.8,28.200000000000003,30.5,4.95,2.0,4.97,0.16,0.0,0.0,1027.0,8228.0,0.0,0.0,0.0,0.0,0.0,1.0,0.0,0.0,0.0,-0.001,0.0,-1.8,0.0,-10.5,-12.8,0.0163,16.0,25903.0
2026-07-30T18:57:38.717Z,28.2,28.212,-7.4,7.4,0.0,0.0,0.0,0.0,0.0,1.0,1.0,0.0,1.0,0.0,0.0,0.0,8.0,6.0,0.0,0.0,0.0,0.0,0.0,0.0,0.0,0.0,2.0,12.0,1.0,12.05,5.01,2.51,1.49,-2.4000000000000004,0.2,2.4000000000000004,301.0,0.0,-13.2,1.7000000000000002,9.9,-83.60000000000001,0.0,0.0,219.8,0.0,22.200000000000003,27.3,27.3,30.200000000000003,300.0,300.0,29.5,34.7,28.8,28.200000000000003,30.5,4.95,1.99,4.96,0.16,0.0,0.0,1027.0,8228.0,0.0,0.0,0.0,0.0,0.0,1.0,0.0,0.0,0.0,-0.001,0.0,-0.4,0.0,-12.5,-12.6,0.0157,16.0,25903.0
2026-07-30T18:57:38.729Z,28.212,28.224,-7.4,7.4,0.0,0.0,0.0,0.0,0.0,1.0,1.0,0.0,1.0,0.0,0.0,0.0,8.0,6.0,0.0,0.0,0.0,0.0,0.0,0.0,0.0,0.0,2.0,12.0,1.0,12.05,5.01,2.51,1.49,-2.4000000000000004,0.2,2.4000000000000004,301.0,-0.1,-11.4,2.3000000000000003,9.3,-83.60000000000001,0.0,0.0,219.8,0.0,22.200000000000003,27.3,27.3,30.200000000000003,300.0,300.0,29.5,34.7,28.8,28.200000000000003,30.5,4.95,2.0,4.96,0.16,0.0,0.0,1027.0,8228.0,0.0,0.0,0.0,0.0,0.0,1.0,0.0,0.0,0.0,-0.001,0.0,0.2,0.0,-12.3,-12.8,0.0164,16.0,25903.0
2026-07-30T18:57:38.741Z,28.224,28.236,-7.4,7.4,0.0,0.0,0.0,0.0,0.0,1.0,1.0,0.0,1.0,0.0,0.0,0.0,8.0,6.0,0.0,0.0,0.0,0.0,0.0,0.0,0.0,0.0,4.0,12.0,1.0,12.05,5.01,2.51,1.49,-2.5,0.3,2.5,301.1,-0.1,-13.2,1.1,8.700000000000001,-83.5,0.0,0.0,219.6,0.0,22.200000000000003,27.3,27.3,30.200000000000003,300.0,300.0,29.5,34.7,28.8,28.200000000000003,30.5,4.95,2.0,4.96,0.16,0.0,0.0,1027.0,8228.0,0.0,0.0,0.0,0.0,0.0,1.0,0.0,0.0,0.0,-0.001,0.0,-0.6000000000000001,0.0,-10.8,-12.8,0.0156,16.0,25903.0
2026-07-30T18:57:38.753Z,28.236,28.248,-7.5,7.4,0.0,0.0,0.0,0.0,0.0,1.0,1.0,0.0,1.0,0.0,0.0,0.0,8.0,6.0,0.0,0.0,0.0,0.0,0.0,0.0,0.0,0.0,5.0,12.0,1.0,12.05,5.01,2.51,1.49,-2.4000000000000004,0.3,2.4000000000000004,301.0,-0.1,-11.4,1.1,10.4,-83.60000000000001,0.0,0.0,219.6,0.0,22.200000000000003,27.3,27.3,30.200000000000003,300.0,300.0,29.5,34.7,28.8,28.200000000000003,30.5,4.95,2.0,4.97,0.16,0.0,0.0,1027.0,8228.0,0.0,0.0,0.0,0.0,0.0,1.0,0.0,0.0,0.0,-0.001,0.0,-0.9,0.0,-12.8,-12.8,0.0166,16.0,25903.0
2026-07-30T18:57:38.765Z,28.248,28.26,-7.5,7.4,0.0,0.0,0.0,0.0,0.0,1.0,1.0,0.0,1.0,0.0,0.0,0.0,8.0,6.0,0.0,0.0,0.0,0.0,0.0,0.0,0.0,0.0,6.0,12.0,1.0,12.04,5.01,2.51,1.49,-2.5,0.2,2.5,301.1,-0.1,-12.6,1.7000000000000002,7.5,-83.60000000000001,0.0,0.0,219.8,0.0,21.9,27.3,27.3,30.3,300.0,300.0,29.4,34.6,28.8,28.3,30.5,4.95,2.0,4.96,0.16,0.0,0.0,1027.0,8228.0,0.0,0.0,0.0,0.0,0.0,1.0,0.0,0.0,0.0,-0.001,0.0,0.0,0.0,-9.8,-12.7,0.016,16.0,25903.0
2026-07-30T18:57:38.777Z,28.26,28.272,-7.4,7.4,0.0,0.0,0.0,0.0,0.0,1.0,1.0,0.0,1.0,0.0,0.0,0.0,8.0,6.0,0.0,0.0,0.0,0.0,0.0,0.0,0.0,0.0,2.0,12.0,1.0,12.04,5.01,2.51,1.49,-2.4000000000000004,0.2,2.4000000000000004,301.1,-0.1,-12.0,2.3000000000000003,9.9,-83.5,0.0,0.0,219.8,0.0,21.9,27.3,27.3,30.3,300.0,300.0,29.4,34.6,28.8,28.3,30.5,4.96,2.0,4.96,0.16,0.0,0.0,1027.0,8228.0,0.0,0.0,0.0,0.0,0.0,1.0,0.0,0.0,0.0,-0.001,0.0,0.1,0.0,-12.9,-12.7,0.0159,16.0,25903.0
2026-07-30T18:57:38.789Z,28.272,28.284,-7.5,7.4,0.0,0.0,0.0,0.0,0.0,1.0,1.0,0.0,1.0,0.0,0.0,0.0,8.0,6.0,0.0,0.0,0.0,0.0,0.0,0.0,0.0,0.0,2.0,12.0,1.0,12.04,5.01,2.51,1.49,-2.4000000000000004,0.2,2.4000000000000004,301.0,-0.1,-12.6,2.9000000000000004,10.4,-83.60000000000001,0.0,0.0,219.8,0.0,21.9,27.3,27.3,30.3,300.0,300.0,29.4,34.6,28.8,28.3,30.5,4.95,2.0,4.96,0.16,0.0,0.0,1027.0,8228.0,0.0,0.0,0.0,0.0,0.0,1.0,0.0,0.0,0.0,-0.001,0.0,0.8,0.0,-15.8,-12.9,0.0163,16.0,25903.0
2026-07-30T18:57:38.801Z,28.284,28.296,-7.5,7.4,0.0,0.0,0.0,0.0,0.0,1.0,1.0,0.0,1.0,0.0,0.0,0.0,8.0,6.0,0.0,0.0,0.0,0.0,0.0,0.0,0.0,0.0,3.0,12.0,1.0,12.04,5.01,2.51,1.49,-2.3000000000000003,0.2,2.4000000000000004,301.1,-0.1,-11.4,1.1,8.1,-83.60000000000001,0.0,0.0,219.8,0.0,21.9,27.3,27.3,30.3,300.0,300.0,29.4,34.6,28.8,28.3,30.5,4.95,2.0,4.96,0.16,0.0,0.0,1027.0,8228.0,0.0,0.0,0.0,0.0,0.0,1.0,0.0,0.0,0.0,-0.001,0.0,0.0,0.0,-13.6,-12.8,0.0156,16.0,25903.0
2026-07-30T18:57:38.813Z,28.296,28.308,-7.4,7.4,0.0,0.0,0.0,0.0,0.0,1.0,1.0,0.0,1.0,0.0,0.0,0.0,8.0,6.0,0.0,0.0,0.0,0.0,0.0,0.0,0.0,0.0,4.0,12.0,1.0,12.04,5.01,2.51,1.49,-2.4000000000000004,0.2,2.4000000000000004,301.1,-0.1,-12.0,2.3000000000000003,8.700000000000001,-83.60000000000001,0.0,0.0,219.9,0.0,21.9,27.3,27.3,30.3,300.0,300.0,29.4,34.6,28.8,28.3,30.5,4.95,2.0,4.97,0.16,0.0,0.0,1027.0,8228.0,0.0,0.0,0.0,0.0,0.0,1.0,0.0,0.0,0.0,-0.001,0.0,0.3,0.0,-11.6,-12.7,0.016,16.0,25903.0
2026-07-30T18:57:38.825Z,28.308,28.32,-7.4,7.4,0.0,0.0,0.0,0.0,0.0,1.0,1.0,0.0,1.0,0.0,0.0,0.0,8.0,6.0,0.0,0.0,0.0,0.0,0.0,0.0,0.0,0.0,5.0,12.0,1.0,12.04,5.01,2.51,1.49,-2.2,0.2,2.3000000000000003,301.1,-0.1,-10.9,3.5,12.8,-83.60000000000001,0.0,0.0,219.8,0.0,21.9,27.3,27.3,30.3,300.0,300.0,29.4,34.6,28.8,28.3,30.5,4.96,2.0,4.97,0.16,0.0,0.0,1027.0,8228.0,0.0,0.0,0.0,0.0,0.0,1.0,0.0,0.0,0.0,-0.001,0.0,0.5,0.0,-17.1,-12.8,0.0165,16.0,25903.0
2026-07-30T18:57:38.837Z,28.32,28.332,-7.5,7.4,0.0,0.0,0.0,0.0,0.0,1.0,1.0,0.0,1.0,0.0,0.0,0.0,8.0,6.0,0.0,0.0,0.0,0.0,0.0,0.0,0.0,0.0,1.0,12.0,1.0,12.04,5.01,2.51,1.49,-2.4000000000000004,0.2,2.4000000000000004,301.0,-0.1,-12.0,1.7000000000000002,9.3,-83.60000000000001,0.0,0.0,219.8,0.0,21.9,27.3,27.3,30.3,300.0,300.0,29.4,34.6,28.8,28.3,30.5,4.95,2.0,4.97,0.16,0.0,0.0,1027.0,8228.0,0.0,0.0,0.0,0.0,0.0,1.0,0.0,0.0,0.0,-0.001,0.0,-0.2,0.0,-11.8,-12.8,0.0153,16.0,25903.0
2026-07-30T18:57:38.849Z,28.332,28.344,-7.5,7.4,0.0,0.0,0.0,0.0,0.0,1.0,1.0,0.0,1.0,0.0,0.0,0.0,8.0,6.0,0.0,0.0,0.0,0.0,0.0,0.0,0.0,0.0,2.0,12.0,1.0,12.04,5.01,2.51,1.49,-2.4000000000000004,0.2,2.4000000000000004,301.0,-0.1,-10.9,1.7000000000000002,9.9,-83.60000000000001,0.0,0.0,219.8,0.0,21.9,27.3,27.3,30.3,300.0,300.0,29.4,34.6,28.8,28.3,30.5,4.96,2.0,4.96,0.16,0.0,0.0,1027.0,8228.0,0.0,0.0,0.0,0.0,0.0,1.0,0.0,0.0,0.0,-0.001,0.0,-0.3,0.0,-12.5,-12.7,0.0164,16.0,25903.0
2026-07-30T18:57:38.862Z,28.345,28.356,-7.4,7.4,0.0,0.0,0.0,0.0,0.0,1.0,1.0,0.0,1.0,0.0,0.0,0.0,8.0,6.0,0.0,0.0,0.0,0.0,0.0,0.0,0.0,0.0,3.0,12.0,1.0,12.08,5.0200000000000005,2.5,1.49,-2.3000000000000003,0.2,2.3000000000000003,301.1,-0.1,-12.0,2.3000000000000003,11.0,-83.60000000000001,0.0,0.0,219.9,0.0,21.700000000000003,27.3,27.3,30.3,300.0,300.0,29.5,34.800000000000004,28.8,28.3,30.6,4.96,1.99,4.97,0.17,0.0,0.0,1027.0,8228.0,0.0,0.0,0.0,0.0,0.0,1.0,0.0,0.0,0.0,-0.001,0.0,-0.1,0.0,-14.3,-12.7,0.0162,16.0,25903.0
2026-07-30T18:57:38.873Z,28.356,28.368,-7.4,7.4,0.0,0.0,0.0,0.0,0.0,1.0,1.0,0.0,1.0,0.0,0.0,0.0,8.0,6.0,0.0,0.0,0.0,0.0,0.0,0.0,0.0,0.0,3.0,12.0,1.0,12.08,5.0200000000000005,2.5,1.49,-2.4000000000000004,0.2,2.4000000000000004,301.0,0.0,-13.2,1.7000000000000002,9.9,-83.60000000000001,0.0,0.0,219.9,0.0,21.700000000000003,27.3,27.3,30.3,300.0,300.0,29.5,34.800000000000004,28.8,28.3,30.6,4.95,1.99,4.97,0.16,0.0,0.0,1027.0,8228.0,0.0,0.0,0.0,0.0,0.0,1.0,0.0,0.0,0.0,-0.001,0.0,-0.4,0.0,-12.5,-12.8,0.0159,16.0,25903.0
2026-07-30T18:57:38.885Z,28.368,28.38,-7.4,7.4,0.0,0.0,0.0,0.0,0.0,1.0,1.0,0.0,1.0,0.0,0.0,0.0,8.0,6.0,0.0,0.0,0.0,0.0,0.0,0.0,0.0,0.0,5.0,12.0,1.0,12.08,5.0200000000000005,2.5,1.49,-2.4000000000000004,0.2,2.5,301.0,0.0,-12.6,1.7000000000000002,9.3,-83.60000000000001,0.0,0.0,219.9,0.0,21.700000000000003,27.3,27.3,30.3,300.0,300.0,29.5,34.800000000000004,28.8,28.3,30.6,4.96,1.99,4.97,0.16,0.0,0.0,1027.0,8228.0,0.0,0.0,0.0,0.0,0.0,1.0,0.0,0.0,0.0,-0.001,0.0,-0.2,0.0,-11.8,-12.9,0.0165,16.0,25903.0
2026-07-30T18:57:38.897Z,28.38,28.392,-7.5,7.4,0.0,0.0,0.0,0.0,0.0,1.0,1.0,0.0,1.0,0.0,0.0,0.0,8.0,6.0,0.0,0.0,0.0,0.0,0.0,0.0,0.0,0.0,6.0,12.0,1.0,12.08,5.0200000000000005,2.5,1.49,-2.5,0.2,2.5,301.1,-0.1,-12.6,0.5,7.5,-83.60000000000001,0.0,0.0,219.9,0.0,21.700000000000003,27.3,27.3,30.3,300.0,300.0,29.5,34.800000000000004,28.8,28.3,30.6,4.95,2.0,4.96,0.16,0.0,0.0,1027.0,8228.0,0.0,0.0,0.0,0.0,0.0,1.0,0.0,0.0,0.0,-0.001,0.0,-0.9,0.0,-9.0,-12.8,0.0166,16.0,25903.0
2026-07-30T18:57:38.909Z,28.392,28.404,-7.5,7.4,0.0,0.0,0.0,0.0,0.0,1.0,1.0,0.0,1.0,0.0,0.0,0.0,8.0,6.0,0.0,0.0,0.0,0.0,0.0,0.0,0.0,0.0,1.0,12.0,1.0,12.08,5.0200000000000005,2.5,1.49,-2.4000000000000004,0.2,2.4000000000000004,301.0,-0.1,-13.2,1.7000000000000002,9.3,-83.60000000000001,0.0,0.0,219.9,0.0,21.700000000000003,27.3,27.3,30.3,300.0,300.0,29.5,34.800000000000004,28.8,28.3,30.6,4.95,2.0,4.97,0.16,0.0,0.0,1027.0,8228.0,0.0,0.0,0.0,0.0,0.0,1.0,0.0,0.0,0.0,-0.001,0.0,-0.2,0.0,-11.8,-12.7,0.0171,16.0,25903.0
2026-07-30T18:57:38.921Z,28.404,28.416,-7.4,7.4,0.0,0.0,0.0,0.0,0.0,1.0,1.0,0.0,1.0,0.0,0.0,0.0,8.0,6.0,0.0,0.0,0.0,0.0,0.0,0.0,0.0,0.0,2.0,12.0,1.0,12.08,5.0200000000000005,2.5,1.49,-2.4000000000000004,0.2,2.4000000000000004,301.1,-0.1,-13.2,1.7000000000000002,9.9,-83.60000000000001,0.0,0.0,219.9,0.0,21.700000000000003,27.3,27.3,30.3,300.0,300.0,29.5,34.800000000000004,28.8,28.3,30.6,4.95,2.0,4.97,0.16,0.0,0.0,1027.0,8228.0,0.0,0.0,0.0,0.0,0.0,1.0,0.0,0.0,0.0,-0.001,0.0,-0.4,0.0,-12.5,-12.8,0.0165,16.0,25903.0
2026-07-30T18:57:38.933Z,28.416,28.428,-7.5,7.4,0.0,0.0,0.0,0.0,0.0,1.0,1.0,0.0,1.0,0.0,0.0,0.0,8.0,6.0,0.0,0.0,0.0,0.0,0.0,0.0,0.0,0.0,4.0,12.0,1.0,12.08,5.0200000000000005,2.5,1.49,-2.5,0.3,2.5,301.1,-0.1,-12.0,0.5,8.700000000000001,-83.60000000000001,0.0,0.0,219.9,0.0,21.700000000000003,27.3,27.3,30.3,300.0,300.0,29.5,34.800000000000004,28.8,28.3,30.6,4.96,2.0,4.96,0.16,0.0,0.0,1027.0,8228.0,0.0,0.0,0.0,0.0,0.0,1.0,0.0,0.0,0.0,-0.001,0.0,-1.2000000000000002,0.0,-10.3,-12.8,0.0164,16.0,25903.0
2026-07-30T18:57:38.945Z,28.428,28.44,-7.5,7.4,0.0,0.0,0.0,0.0,0.0,1.0,1.0,0.0,1.0,0.0,0.0,0.0,8.0,6.0,0.0,0.0,0.0,0.0,0.0,0.0,0.0,0.0,5.0,12.0,1.0,12.08,5.0200000000000005,2.5,1.49,-2.4000000000000004,0.3,2.4000000000000004,301.1,-0.1,-12.6,0.0,9.3,-83.60000000000001,0.0,0.0,219.9,0.0,21.700000000000003,27.3,27.3,30.3,300.0,300.0,29.5,34.800000000000004,28.8,28.3,30.6,4.95,2.0,4.97,0.16,0.0,0.0,1027.0,8228.0,0.0,0.0,0.0,0.0,0.0,1.0,0.0,0.0,0.0,-0.001,0.0,-1.8,0.0,-10.5,-12.7,0.0168,16.0,25903.0
2026-07-30T18:57:38.957Z,28.44,28.452,-7.5,7.4,0.0,0.0,0.0,0.0,0.0,1.0,1.0,0.0,1.0,0.0,0.0,0.0,8.0,6.0,0.0,0.0,0.0,0.0,0.0,0.0,0.0,0.0,6.0,12.0,1.0,12.08,5.0200000000000005,2.5,1.49,-2.3000000000000003,0.2,2.3000000000000003,301.1,-0.1,-10.9,3.5,9.9,-83.60000000000001,0.0,0.0,219.9,0.0,21.700000000000003,27.3,27.3,30.3,300.0,300.0,29.5,34.800000000000004,28.8,28.3,30.6,4.95,2.0,4.96,0.16,0.0,0.0,1027.0,8228.0,0.0,0.0,0.0,0.0,0.0,1.0,0.0,0.0,0.0,-0.001,0.0,1.1,0.0,-13.8,-12.6,0.0166,16.0,25903.0
2026-07-30T18:57:38.969Z,28.452,28.464,-7.4,7.4,0.0,0.0,0.0,0.0,0.0,1.0,1.0,0.0,1.0,0.0,0.0,0.0,8.0,6.0,0.0,0.0,0.0,0.0,0.0,0.0,0.0,0.0,1.0,12.0,1.0,12.06,5.01,2.5,1.49,-2.3000000000000003,0.2,2.4000000000000004,301.1,-0.1,-11.4,2.9000000000000004,9.9,-83.60000000000001,0.0,0.0,220.0,0.0,22.200000000000003,27.3,27.3,30.3,300.0,300.0,29.4,34.9,28.9,28.3,30.6,4.96,2.0,4.96,0.16,0.0,0.0,1027.0,8228.0,0.0,0.0,0.0,0.0,0.0,1.0,0.0,0.0,0.0,-0.001,0.0,0.6000000000000001,0.0,-13.4,-12.7,0.0157,16.0,25903.0
2026-07-30T18:57:38.981Z,28.464,28.476,-7.4,7.4,0.0,0.0,0.0,0.0,0.0,1.0,1.0,0.0,1.0,0.0,0.0,0.0,8.0,6.0,0.0,0.0,0.0,0.0,0.0,0.0,0.0,0.0,2.0,12.0,1.0,12.06,5.01,2.5,1.49,-2.4000000000000004,0.2,2.4000000000000004,301.1,-0.1,-11.4,1.7000000000000002,9.3,-83.60000000000001,0.0,0.0,219.9,0.0,22.200000000000003,27.3,27.3,30.3,300.0,300.0,29.4,34.9,28.9,28.3,30.6,4.95,2.0,4.96,0.16,0.0,0.0,1027.0,8228.0,0.0,0.0,0.0,0.0,0.0,1.0,0.0,0.0,0.0,-0.001,0.0,-0.3,0.0,-11.8,-12.8,0.016,16.0,25903.0
2026-07-30T18:57:38.993Z,28.476,28.488,-7.4,7.4,0.0,0.0,0.0,0.0,0.0,1.0,1.0,0.0,1.0,0.0,0.0,0.0,8.0,6.0,0.0,0.0,0.0,0.0,0.0,0.0,0.0,0.0,3.0,12.0,1.0,12.06,5.01,2.5,1.49,-2.4000000000000004,0.2,2.4000000000000004,301.1,-0.1,-12.0,2.3000000000000003,9.3,-83.60000000000001,0.0,0.0,219.9,0.0,22.200000000000003,27.3,27.3,30.3,300.0,300.0,29.4,34.9,28.9,28.3,30.6,4.95,2.0,4.97,0.16,0.0,0.0,1027.0,8228.0,0.0,0.0,0.0,0.0,0.0,1.0,0.0,0.0,0.0,-0.001,0.0,0.2,0.0,-12.3,-12.8,0.0164,16.0,25903.0
2026-07-30T18:57:39.005Z,28.488,28.5,-7.4,7.4,0.0,0.0,0.0,0.0,0.0,1.0,1.0,0.0,1.0,0.0,0.0,0.0,8.0,6.0,0.0,0.0,0.0,0.0,0.0,0.0,0.0,0.0,4.0,12.0,1.0,12.06,5.01,2.5,1.49,-2.5,0.2,2.5,301.1,-0.1,-11.4,1.7000000000000002,8.1,-83.60000000000001,0.0,0.0,219.8,0.0,22.200000000000003,27.3,27.3,30.3,300.0,300.0,29.4,34.9,28.9,28.3,30.6,4.95,2.0,4.96,0.16,0.0,0.0,1027.0,8228.0,0.0,0.0,0.0,0.0,0.0,1.0,0.0,0.0,0.0,-0.001,0.0,0.0,0.0,-10.5,-12.8,0.0163,16.0,25903.0
2026-07-30T18:57:39.017Z,28.5,28.512,-7.4,7.4,0.0,0.0,0.0,0.0,0.0,1.0,1.0,0.0,1.0,0.0,0.0,0.0,8.0,6.0,0.0,0.0,0.0,0.0,0.0,0.0,0.0,0.0,5.0,12.0,1.0,12.06,5.01,2.5,1.49,-2.3000000000000003,0.2,2.3000000000000003,301.1,-0.1,-11.4,4.0,11.6,-83.60000000000001,0.0,0.0,219.7,0.0,22.200000000000003,27.3,27.3,30.3,300.0,300.0,29.4,34.9,28.9,28.3,30.6,4.96,2.0,4.96,0.16,0.0,0.0,1027.0,8228.0,0.0,0.0,0.0,0.0,0.0,1.0,0.0,0.0,0.0,-0.001,0.0,1.3,0.0,-16.2,-12.9,0.0169,16.0,25903.0
2026-07-30T18:57:39.030Z,28.513,28.524,-7.5,7.4,0.0,0.0,0.0,0.0,0.0,1.0,1.0,0.0,1.0,0.0,0.0,0.0,8.0,6.0,0.0,0.0,0.0,0.0,0.0,0.0,0.0,0.0,6.0,12.0,1.0,12.06,5.01,2.5,1.49,-2.4000000000000004,0.2,2.4000000000000004,301.1,-0.1,-11.4,2.3000000000000003,9.9,-83.60000000000001,0.0,0.0,219.7,0.0,22.200000000000003,27.3,27.3,30.3,300.0,300.0,29.4,34.9,28.9,28.3,30.6,4.95,2.0,4.96,0.16,0.0,0.0,1027.0,8228.0,0.0,0.0,0.0,0.0,0.0,1.0,0.0,0.0,0.0,-0.001,0.0,0.1,0.0,-12.9,-12.9,0.0157,16.0,25903.0
2026-07-30T18:57:39.041Z,28.524,28.536,-7.5,7.4,0.0,0.0,0.0,0.0,0.0,1.0,1.0,0.0,1.0,0.0,0.0,0.0,8.0,6.0,0.0,0.0,0.0,0.0,0.0,0.0,0.0,0.0,6.0,12.0,1.0,12.06,5.01,2.5,1.49,-2.3000000000000003,0.2,2.3000000000000003,301.0,-0.1,-10.9,2.3000000000000003,11.6,-83.60000000000001,0.0,0.0,219.8,0.0,22.200000000000003,27.3,27.3,30.3,300.0,300.0,29.4,34.9,28.9,28.3,30.6,4.96,1.99,4.96,0.16,0.0,0.0,1027.0,8228.0,0.0,0.0,0.0,0.0,0.0,1.0,0.0,0.0,0.0,-0.001,0.0,-0.2,0.0,-14.9,-12.8,0.0163,16.0,25903.0
2026-07-30T18:57:39.053Z,28.536,28.548,-7.5,7.4,0.0,0.0,0.0,0.0,0.0,1.0,1.0,0.0,1.0,0.0,0.0,0.0,8.0,6.0,0.0,0.0,0.0,0.0,0.0,0.0,0.0,0.0,1.0,12.0,1.0,12.06,5.01,2.5,1.49,-2.3000000000000003,0.2,2.3000000000000003,301.1,-0.1,-10.3,3.5,11.0,-83.60000000000001,0.0,0.0,219.8,0.0,22.200000000000003,27.3,27.3,30.3,300.0,300.0,29.4,34.9,28.9,28.3,30.6,4.96,2.0,4.96,0.16,0.0,0.0,1027.0,8228.0,0.0,0.0,0.0,0.0,0.0,1.0,0.0,0.0,0.0,-0.001,0.0,0.9,0.0,-15.1,-12.7,0.0157,16.0,25903.0
2026-07-30T18:57:39.066Z,28.549,28.56,-7.4,7.4,0.0,0.0,0.0,0.0,0.0,1.0,1.0,0.0,1.0,0.0,0.0,0.0,8.0,6.0,0.0,0.0,0.0,0.0,0.0,0.0,0.0,0.0,2.0,12.0,1.0,12.06,5.01,2.51,1.5,-2.4000000000000004,0.2,2.4000000000000004,301.1,-0.1,-10.9,2.9000000000000004,10.4,-83.60000000000001,0.0,0.0,219.8,0.0,21.9,27.3,27.3,30.3,300.0,300.0,29.4,34.800000000000004,28.9,28.3,30.700000000000003,4.95,2.0,4.96,0.16,0.0,0.0,1027.0,8228.0,0.0,0.0,0.0,0.0,0.0,1.0,0.0,0.0,0.0,-0.001,0.0,0.5,0.0,-14.0,-12.7,0.0157,16.0,25903.0
2026-07-30T18:57:39.077Z,28.56,28.572,-7.4,7.4,0.0,0.0,0.0,0.0,0.0,1.0,1.0,0.0,1.0,0.0,0.0,0.0,8.0,6.0,0.0,0.0,0.0,0.0,0.0,0.0,0.0,0.0,4.0,12.0,1.0,12.06,5.01,2.51,1.5,-2.4000000000000004,0.2,2.4000000000000004,300.90000000000003,-0.1,-10.9,2.9000000000000004,9.9,-83.60000000000001,0.0,0.0,219.7,0.0,21.9,27.3,27.3,30.3,300.0,300.0,29.4,34.800000000000004,28.9,28.3,30.700000000000003,4.96,2.0,4.97,0.16,0.0,0.0,1027.0,8228.0,0.0,0.0,0.0,0.0,0.0,1.0,0.0,0.0,0.0,-0.001,0.0,0.6000000000000001,0.0,-13.4,-12.9,0.0161,16.0,25903.0
2026-07-30T18:57:39.089Z,28.572,28.584,-7.5,7.4,0.0,0.0,0.0,0.0,0.0,1.0,1.0,0.0,1.0,0.0,0.0,0.0,8.0,6.0,0.0,0.0,0.0,0.0,0.0,0.0,0.0,0.0,5.0,12.0,1.0,12.06,5.01,2.51,1.5,-2.4000000000000004,0.2,2.4000000000000004,301.0,-0.1,-12.6,1.7000000000000002,9.3,-83.60000000000001,0.0,0.0,219.7,0.0,21.9,27.3,27.3,30.3,300.0,300.0,29.4,34.800000000000004,28.9,28.3,30.700000000000003,4.95,2.0,4.96,0.16,0.0,0.0,1027.0,8228.0,0.0,0.0,0.0,0.0,0.0,1.0,0.0,0.0,0.0,-0.001,0.0,-0.2,0.0,-11.8,-12.8,0.0163,16.0,25903.0
2026-07-30T18:57:39.101Z,28.584,28.596,-7.5,7.4,0.0,0.0,0.0,0.0,0.0,1.0,1.0,0.0,1.0,0.0,0.0,0.0,8.0,6.0,0.0,0.0,0.0,0.0,0.0,0.0,0.0,0.0,6.0,12.0,1.0,12.06,5.01,2.51,1.5,-2.3000000000000003,0.2,2.3000000000000003,301.1,-0.1,-10.9,2.9000000000000004,11.6,-83.60000000000001,0.0,0.0,219.7,0.0,21.9,27.3,27.3,30.3,300.0,300.0,29.4,34.800000000000004,28.9,28.3,30.700000000000003,4.95,2.0,4.97,0.16,0.0,0.0,1027.0,8228.0,0.0,0.0,0.0,0.0,0.0,1.0,0.0,0.0,0.0,-0.001,0.0,0.3,0.0,-15.4,-12.8,0.0166,16.0,25903.0
2026-07-30T18:57:39.112Z,28.595,28.608,-7.4,7.4,0.0,0.0,0.0,0.0,0.0,1.0,1.0,0.0,1.0,0.0,0.0,0.0,8.0,6.0,0.0,0.0,0.0,0.0,0.0,0.0,0.0,0.0,1.0,12.0,1.0,12.06,5.01,2.51,1.5,-2.4000000000000004,0.3,2.4000000000000004,300.90000000000003,-0.1,-11.4,1.7000000000000002,9.9,-83.5,0.0,0.0,219.7,0.0,21.9,27.3,27.3,30.3,300.0,300.0,29.4,34.800000000000004,28.9,28.3,30.700000000000003,4.95,2.0,4.97,0.16,0.0,0.0,1027.0,8228.0,0.0,0.0,0.0,0.0,0.0,1.0,0.0,0.0,0.0,-0.001,0.0,-0.3,0.0,-12.5,-12.7,0.0157,16.0,25903.0
2026-07-30T18:57:39.124Z,28.607,28.62,-7.4,7.4,0.0,0.0,0.0,0.0,0.0,1.0,1.0,0.0,1.0,0.0,0.0,0.0,8.0,6.0,0.0,0.0,0.0,0.0,0.0,0.0,0.0,0.0,2.0,12.0,1.0,12.06,5.01,2.51,1.5,-2.4000000000000004,0.3,2.5,301.0,-0.1,-12.6,1.1,9.3,-83.5,0.0,0.0,219.7,0.0,21.9,27.3,27.3,30.3,300.0,300.0,29.4,34.800000000000004,28.9,28.3,30.700000000000003,4.96,2.0,4.96,0.16,0.0,0.0,1027.0,8228.0,0.0,0.0,0.0,0.0,0.0,1.0,0.0,0.0,0.0,-0.001,0.0,-0.7000000000000001,0.0,-11.4,-12.8,0.0164,16.0,25903.0
2026-07-30T18:57:39.137Z,28.62,28.632,-7.5,7.4,0.0,0.0,0.0,0.0,0.0,1.0,1.0,0.0,1.0,0.0,0.0,0.0,8.0,6.0,0.0,0.0,0.0,0.0,0.0,0.0,0.0,0.0,3.0,12.0,1.0,12.06,5.01,2.51,1.5,-2.4000000000000004,0.3,2.5,301.1,-0.1,-10.9,1.1,9.3,-83.5,0.0,0.0,219.7,0.0,21.9,27.3,27.3,30.3,300.0,300.0,29.4,34.800000000000004,28.9,28.3,30.700000000000003,4.95,2.0,4.96,0.16,0.0,0.0,1027.0,8228.0,0.0,0.0,0.0,0.0,0.0,1.0,0.0,0.0,0.0,-0.001,0.0,-0.7000000000000001,0.0,-11.4,-12.8,0.0167,16.0,25903.0
2026-07-30T18:57:39.149Z,28.632,28.644,-7.5,7.4,0.0,0.0,0.0,0.0,0.0,1.0,1.0,0.0,1.0,0.0,0.0,0.0,8.0,6.0,0.0,0.0,0.0,0.0,0.0,0.0,0.0,0.0,4.0,12.0,1.0,12.06,5.01,2.51,1.5,-2.4000000000000004,0.2,2.4000000000000004,301.0,0.0,-12.0,1.7000000000000002,9.9,-83.5,0.0,0.0,219.6,0.0,21.9,27.3,27.3,30.3,300.0,300.0,29.4,34.800000000000004,28.9,28.3,30.700000000000003,4.95,2.0,4.96,0.16,0.0,0.0,1027.0,8228.0,0.0,0.0,0.0,0.0,0.0,1.0,0.0,0.0,0.0,-0.001,0.0,-0.3,0.0,-12.5,-12.7,0.0166,16.0,25903.0
2026-07-30T18:57:39.161Z,28.644,28.656,-7.5,7.4,0.0,0.0,0.0,0.0,0.0,1.0,1.0,0.0,1.0,0.0,0.0,0.0,8.0,6.0,0.0,0.0,0.0,0.0,0.0,0.0,0.0,0.0,5.0,12.0,1.0,12.06,5.01,2.51,1.5,-2.4000000000000004,0.2,2.5,301.0,0.0,-12.6,1.7000000000000002,8.700000000000001,-83.5,0.0,0.0,219.7,0.0,21.9,27.3,27.3,30.3,300.0,300.0,29.4,34.800000000000004,28.9,28.3,30.700000000000003,4.96,2.0,4.96,0.16,0.0,0.0,1027.0,8228.0,0.0,0.0,0.0,0.0,0.0,1.0,0.0,0.0,0.0,-0.001,0.0,-0.1,0.0,-11.2,-12.8,0.0165,16.0,25903.0
2026-07-30T18:57:39.173Z,28.656,28.668,-7.5,7.4,0.0,0.0,0.0,0.0,0.0,1.0,1.0,0.0,1.0,0.0,0.0,0.0,8.0,6.0,0.0,0.0,0.0,0.0,0.0,0.0,0.0,0.0,1.0,12.0,1.0,12.05,5.01,2.51,1.49,-2.4000000000000004,0.2,2.4000000000000004,301.1,0.0,-12.6,2.3000000000000003,8.700000000000001,-83.5,0.0,0.0,219.7,0.0,22.200000000000003,27.4,27.4,30.3,300.0,300.0,29.4,34.800000000000004,29.0,28.3,30.700000000000003,4.96,2.0,4.96,0.16,0.0,0.0,1027.0,8228.0,0.0,0.0,0.0,0.0,0.0,1.0,0.0,0.0,0.0,-0.001,0.0,0.3,0.0,-11.6,-12.7,0.0167,16.0,25903.0
2026-07-30T18:57:39.185Z,28.668,28.68,-7.5,7.4,0.0,0.0,0.0,0.0,0.0,1.0,1.0,0.0,1.0,0.0,0.0,0.0,8.0,6.0,0.0,0.0,0.0,0.0,0.0,0.0,0.0,0.0,2.0,12.0,1.0,12.05,5.01,2.51,1.49,-2.4000000000000004,0.3,2.4000000000000004,301.0,-0.1,-12.0,1.1,9.9,-83.5,0.0,0.0,219.7,0.0,22.200000000000003,27.4,27.4,30.3,300.0,300.0,29.4,34.800000000000004,29.0,28.3,30.700000000000003,4.95,2.0,4.96,0.16,0.0,0.0,1027.0,8228.0,0.0,0.0,0.0,0.0,0.0,1.0,0.0,0.0,0.0,-0.001,0.0,-0.8,0.0,-12.1,-12.7,0.0167,16.0,25903.0
2026-07-30T18:57:39.197Z,28.68,28.692,-7.4,7.4,0.0,0.0,0.0,0.0,0.0,1.0,1.0,0.0,1.0,0.0,0.0,0.0,8.0,6.0,0.0,0.0,0.0,0.0,0.0,0.0,0.0,0.0,3.0,12.0,1.0,12.05,5.01,2.51,1.49,-2.4000000000000004,0.2,2.5,301.1,0.0,-11.4,2.3000000000000003,8.1,-83.5,0.0,0.0,219.7,0.0,22.200000000000003,27.4,27.4,30.3,300.0,300.0,29.4,34.800000000000004,29.0,28.3,30.700000000000003,4.95,2.0,4.96,0.16,0.0,0.0,1027.0,8228.0,0.0,0.0,0.0,0.0,0.0,1.0,0.0,0.0,0.0,-0.001,0.0,0.4,0.0,-10.9,-12.7,0.0163,16.0,25903.0
2026-07-30T18:57:39.209Z,28.692,28.704,-7.4,7.4,0.0,0.0,0.0,0.0,0.0,1.0,1.0,0.0,1.0,0.0,0.0,0.0,8.0,6.0,0.0,0.0,0.0,0.0,0.0,0.0,0.0,0.0,4.0,12.0,1.0,12.05,5.01,2.51,1.49,-2.5,0.3,2.5,301.1,0.0,-12.6,1.1,8.700000000000001,-83.5,0.0,0.0,219.7,0.0,22.200000000000003,27.4,27.4,30.3,300.0,300.0,29.4,34.800000000000004,29.0,28.3,30.700000000000003,4.95,2.0,4.96,0.16,0.0,0.0,1027.0,8228.0,0.0,0.0,0.0,0.0,0.0,1.0,0.0,0.0,0.0,-0.001,0.0,-0.6000000000000001,0.0,-10.7,-12.8,0.0167,16.0,25903.0
2026-07-30T18:57:39.222Z,28.705,28.716,-7.4,7.4,0.0,0.0,0.0,0.0,0.0,1.0,1.0,0.0,1.0,0.0,0.0,0.0,8.0,6.0,0.0,0.0,0.0,0.0,0.0,0.0,0.0,0.0,5.0,12.0,1.0,12.05,5.01,2.51,1.49,-2.5,0.3,2.5,301.0,0.0,-13.2,0.5,9.3,-83.4,0.0,0.0,219.7,0.0,22.200000000000003,27.4,27.4,30.3,300.0,300.0,29.4,34.800000000000004,29.0,28.3,30.700000000000003,4.95,2.0,4.96,0.16,0.0,0.0,1027.0,8228.0,0.0,0.0,0.0,0.0,0.0,1.0,0.0,0.0,0.0,-0.001,0.0,-1.2000000000000002,0.0,-11.0,-12.9,0.0169,16.0,25903.0
2026-07-30T18:57:39.233Z,28.716,28.728,-7.5,7.4,0.0,0.0,0.0,0.0,0.0,1.0,1.0,0.0,1.0,0.0,0.0,0.0,8.0,6.0,0.0,0.0,0.0,0.0,0.0,0.0,0.0,0.0,5.0,12.0,1.0,12.05,5.01,2.51,1.49,-2.4000000000000004,0.2,2.5,301.2,-0.1,-12.6,2.3000000000000003,8.700000000000001,-83.5,0.0,0.0,219.6,0.0,22.200000000000003,27.4,27.4,30.3,300.0,300.0,29.4,34.800000000000004,29.0,28.3,30.700000000000003,4.95,2.0,4.96,0.16,0.0,0.0,1027.0,8228.0,0.0,0.0,0.0,0.0,0.0,1.0,0.0,0.0,0.0,-0.001,0.0,0.3,0.0,-11.6,-12.8,0.0164,16.0,25903.0
2026-07-30T18:57:39.245Z,28.728,28.74,-7.5,7.4,0.0,0.0,0.0,0.0,0.0,1.0,1.0,0.0,1.0,0.0,0.0,0.0,8.0,6.0,0.0,0.0,0.0,0.0,0.0,0.0,0.0,0.0,6.0,12.0,1.0,12.05,5.01,2.51,1.49,-2.4000000000000004,0.2,2.4000000000000004,301.1,-0.1,-12.0,1.7000000000000002,10.4,-83.5,0.0,0.0,219.7,0.0,22.200000000000003,27.4,27.4,30.3,300.0,300.0,29.4,34.800000000000004,29.0,28.3,30.700000000000003,4.95,2.0,4.96,0.16,0.0,0.0,1027.0,8228.0,0.0,0.0,0.0,0.0,0.0,1.0,0.0,0.0,0.0,-0.001,0.0,-0.4,0.0,-13.2,-12.8,0.0159,16.0,25903.0
2026-07-30T18:57:39.257Z,28.74,28.752,-7.4,7.4,0.0,0.0,0.0,0.0,0.0,1.0,1.0,0.0,1.0,0.0,0.0,0.0,8.0,6.0,0.0,0.0,0.0,0.0,0.0,0.0,0.0,0.0,1.0,12.0,1.0,12.05,5.01,2.51,1.49,-2.4000000000000004,0.2,2.4000000000000004,301.0,-0.1,-11.4,1.7000000000000002,9.3,-83.5,0.0,0.0,219.8,0.0,22.200000000000003,27.4,27.4,30.3,300.0,300.0,29.4,34.800000000000004,29.0,28.3,30.700000000000003,4.96,1.99,4.96,0.15,0.0,0.0,1027.0,8228.0,0.0,0.0,0.0,0.0,0.0,1.0,0.0,0.0,0.0,-0.001,0.0,-0.2,0.0,-11.8,-12.7,0.0161,16.0,25903.0
2026-07-30T18:57:39.270Z,28.753,28.764,-7.4,7.4,0.0,0.0,0.0,0.0,0.0,1.0,1.0,0.0,1.0,0.0,0.0,0.0,8.0,6.0,0.0,0.0,0.0,0.0,0.0,0.0,0.0,0.0,2.0,12.0,1.0,12.08,5.01,2.5,1.5,-2.4000000000000004,0.3,2.5,301.1,-0.1,-12.6,1.1,9.3,-83.5,0.0,0.0,219.8,0.0,21.700000000000003,27.4,27.4,30.4,300.0,300.0,29.5,34.7,29.0,28.4,30.8,4.95,1.99,4.96,0.16,0.0,0.0,1027.0,8228.0,0.0,0.0,0.0,0.0,0.0,1.0,0.0,0.0,0.0,-0.001,0.0,-0.8,0.0,-11.4,-12.8,0.0161,16.0,25903.0
2026-07-30T18:57:39.281Z,28.764,28.776,-7.4,7.4,0.0,0.0,0.0,0.0,0.0,1.0,1.0,0.0,1.0,0.0,0.0,0.0,8.0,6.0,0.0,0.0,0.0,0.0,0.0,0.0,0.0,0.0,4.0,12.0,1.0,12.08,5.01,2.5,1.5,-2.4000000000000004,0.2,2.4000000000000004,301.0,-0.1,-12.0,1.7000000000000002,9.9,-83.5,0.0,0.0,219.7,0.0,21.700000000000003,27.4,27.4,30.4,300.0,300.0,29.5,34.7,29.0,28.4,30.8,4.95,2.0,4.96,0.16,0.0,0.0,1027.0,8228.0,0.0,0.0,0.0,0.0,0.0,1.0,0.0,0.0,0.0,-0.001,0.0,-0.3,0.0,-12.5,-12.9,0.0167,16.0,25903.0
2026-07-30T18:57:39.292Z,28.775,28.788,-7.5,7.4,0.0,0.0,0.0,0.0,0.0,1.0,1.0,0.0,1.0,0.0,0.0,0.0,8.0,6.0,0.0,0.0,0.0,0.0,0.0,0.0,0.0,0.0,5.0,12.0,1.0,12.08,5.01,2.5,1.5,-2.4000000000000004,0.2,2.4000000000000004,301.1,-0.1,-11.4,2.3000000000000003,9.3,-83.5,0.0,0.0,219.7,0.0,21.700000000000003,27.4,27.4,30.4,300.0,300.0,29.5,34.7,29.0,28.4,30.8,4.95,2.0,4.96,0.16,0.0,0.0,1027.0,8228.0,0.0,0.0,0.0,0.0,0.0,1.0,0.0,0.0,0.0,-0.001,0.0,0.1,0.0,-12.9,-12.8,0.0168,16.0,25903.0
2026-07-30T18:57:39.305Z,28.788,28.8,-7.5,7.4,0.0,0.0,0.0,0.0,0.0,1.0,1.0,0.0,1.0,0.0,0.0,0.0,8.0,6.0,0.0,0.0,0.0,0.0,0.0,0.0,0.0,0.0,6.0,12.0,1.0,12.08,5.01,2.5,1.5,-2.4000000000000004,0.2,2.4000000000000004,301.1,-0.1,-12.0,2.9000000000000004,9.9,-83.5,0.0,0.0,219.8,0.0,21.700000000000003,27.4,27.4,30.4,300.0,300.0,29.5,34.7,29.0,28.4,30.8,4.95,2.0,4.96,0.16,0.0,0.0,1027.0,8228.0,0.0,0.0,0.0,0.0,0.0,1.0,0.0,0.0,0.0,-0.001,0.0,1.1,0.0,-13.8,-12.7,0.0163,16.0,25903.0
2026-07-30T18:57:39.317Z,28.8,28.812,-7.5,7.4,0.0,0.0,0.0,0.0,0.0,1.0,1.0,0.0,1.0,0.0,0.0,0.0,8.0,6.0,0.0,0.0,0.0,0.0,0.0,0.0,0.0,0.0,2.0,12.0,1.0,12.08,5.01,2.5,1.5,-2.4000000000000004,0.2,2.4000000000000004,301.1,-0.1,-11.4,2.9000000000000004,9.9,-83.5,0.0,0.0,220.0,0.0,21.700000000000003,27.4,27.4,30.4,300.0,300.0,29.5,34.7,29.0,28.4,30.8,4.95,2.0,4.97,0.16,0.0,0.0,1027.0,8228.0,0.0,0.0,0.0,0.0,0.0,1.0,0.0,0.0,0.0,-0.001,0.0,-0.5,0.0,-13.2,-12.7,0.0161,16.0,25903.0
2026-07-30T18:57:39.329Z,28.812,28.824,-7.4,7.4,0.0,0.0,0.0,0.0,0.0,1.0,1.0,0.0,1.0,0.0,0.0,0.0,8.0,6.0,0.0,0.0,0.0,0.0,0.0,0.0,0.0,0.0,3.0,12.0,1.0,12.08,5.01,2.5,1.5,-2.4000000000000004,0.2,2.4000000000000004,301.1,-0.1,-11.4,2.9000000000000004,10.4,-83.60000000000001,0.0,0.0,220.0,0.0,21.700000000000003,27.4,27.4,30.4,300.0,300.0,29.5,34.7,29.0,28.4,30.8,4.96,2.0,4.96,0.16,0.0,0.0,1027.0,8228.0,0.0,0.0,0.0,0.0,0.0,1.0,0.0,0.0,0.0,-0.001,0.0,-0.5,0.0,-13.2,-12.7,0.0161,16.0,25903.0
2026-07-30T18:57:39.343Z,28.826,28.836,-7.5,7.4,0.0,0.0,0.0,0.0,0.0,1.0,1.0,0.0,1.0,0.0,0.0,0.0,8.0,6.0,0.0,0.0,0.0,0.0,0.0,0.0,0.0,0.0,4.0,12.0,1.0,12.08,5.01,2.5,1.5,-2.4000000000000004,0.2,2.4000000000000004,301.1,-0.1,-10.9,2.3000000000000003,9.9,-83.60000000000001,0.0,0.0,219.9,0.0,21.700000000000003,27.4,27.4,30.4,300.0,300.0,29.5,34.7,29.0,28.4,30.8,4.96,2.0,4.96,0.16,0.0,0.0,1027.0,8228.0,0.0,0.0,0.0,0.0,0.0,1.0,0.0,0.0,0.0,-0.001,0.0,0.1,0.0,-12.9,-12.8,0.0162,16.0,25903.0
2026-07-30T18:57:39.353Z,28.836,28.848,-7.4,7.4,0.0,0.0,0.0,0.0,0.0,1.0,1.0,0.0,1.0,0.0,0.0,0.0,8.0,6.0,0.0,0.0,0.0,0.0,0.0,0.0,0.0,0.0,5.0,12.0,1.0,12.08,5.01,2.5,1.5,-2.4000000000000004,0.2,2.5,301.1,-0.1,-12.0,2.3000000000000003,8.700000000000001,-83.60000000000001,0.0,0.0,219.8,0.0,21.700000000000003,27.4,27.4,30.4,300.0,300.0,29.5,34.7,29.0,28.4,30.8,4.95,2.0,4.96,0.16,0.0,0.0,1027.0,8228.0,0.0,0.0,0.0,0.0,0.0,1.0,0.0,0.0,0.0,-0.001,0.0,0.3,0.0,-11.6,-12.8,0.0163,16.0,25903.0
2026-07-30T18:57:39.365Z,28.848,28.86,-7.4,7.4,0.0,0.0,0.0,0.0,0.0,1.0,1.0,0.0,1.0,0.0,0.0,0.0,8.0,6.0,0.0,0.0,0.0,0.0,0.0,0.0,0.0,0.0,1.0,12.0,1.0,12.08,5.01,2.5,1.5,-2.5,0.2,2.5,301.1,-0.1,-12.0,1.7000000000000002,8.700000000000001,-83.60000000000001,0.0,0.0,219.8,0.0,21.700000000000003,27.4,27.4,30.4,300.0,300.0,29.5,34.7,29.0,28.4,30.8,4.95,2.0,4.96,0.16,0.0,0.0,1027.0,8228.0,0.0,0.0,0.0,0.0,0.0,1.0,0.0,0.0,0.0,-0.001,0.0,-0.1,0.0,-11.2,-12.8,0.0167,16.0,25903.0
2026-07-30T18:57:39.377Z,28.86,28.872,-7.5,7.4,0.0,0.0,0.0,0.0,0.0,1.0,1.0,0.0,1.0,0.0,0.0,0.0,8.0,6.0,0.0,0.0,0.0,0.0,0.0,0.0,0.0,0.0,2.0,12.0,1.0,12.06,5.01,2.51,1.49,-2.4000000000000004,0.3,2.5,301.1,-0.1,-12.0,0.5,9.9,-83.60000000000001,0.0,0.0,219.9,0.0,22.200000000000003,27.4,27.4,30.4,300.0,300.0,29.5,34.9,29.0,28.4,30.8,4.96,2.0,4.97,0.16,0.0,0.0,1027.0,8228.0,0.0,0.0,0.0,0.0,0.0,1.0,0.0,0.0,0.0,-0.001,0.0,-1.4,0.0,-11.6,-12.8,0.0167,16.0,25903.0
2026-07-30T18:57:39.390Z,28.873,28.884,-7.4,7.4,0.0,0.0,0.0,0.0,0.0,1.0,1.0,0.0,1.0,0.0,0.0,0.0,8.0,6.0,0.0,0.0,0.0,0.0,0.0,0.0,0.0,0.0,4.0,12.0,1.0,12.06,5.01,2.51,1.49,-2.4000000000000004,0.2,2.4000000000000004,301.1,-0.1,-12.6,1.7000000000000002,9.9,-83.60000000000001,0.0,0.0,220.0,0.0,22.200000000000003,27.4,27.4,30.4,300.0,300.0,29.5,34.9,29.0,28.4,30.8,4.96,2.0,4.96,0.16,0.0,0.0,1027.0,8228.0,0.0,0.0,0.0,0.0,0.0,1.0,0.0,0.0,0.0,-0.001,0.0,-0.4,0.0,-12.5,-12.8,0.0166,16.0,25903.0
2026-07-30T18:57:39.401Z,28.884,28.896,-7.5,7.4,0.0,0.0,0.0,0.0,0.0,1.0,1.0,0.0,1.0,0.0,0.0,0.0,8.0,6.0,0.0,0.0,0.0,0.0,0.0,0.0,0.0,0.0,4.0,12.0,1.0,12.06,5.01,2.51,1.49,-2.4000000000000004,0.2,2.4000000000000004,300.90000000000003,-0.1,-12.6,2.9000000000000004,9.3,-83.60000000000001,0.0,0.0,219.8,0.0,22.200000000000003,27.4,27.4,30.4,300.0,300.0,29.5,34.9,29.0,28.4,30.8,4.95,2.0,4.96,0.16,0.0,0.0,1027.0,8228.0,0.0,0.0,0.0,0.0,0.0,1.0,0.0,0.0,0.0,-0.001,0.0,0.7000000000000001,0.0,-12.7,-12.8,0.0165,16.0,25903.0
2026-07-30T18:57:39.413Z,28.896,28.908,-7.4,7.4,0.0,0.0,0.0,0.0,0.0,1.0,1.0,0.0,1.0,0.0,0.0,0.0,8.0,6.0,0.0,0.0,0.0,0.0,0.0,0.0,0.0,0.0,5.0,12.0,1.0,12.06,5.01,2.51,1.49,-2.4000000000000004,0.2,2.5,301.1,-0.1,-13.2,1.7000000000000002,9.3,-83.60000000000001,0.0,0.0,219.8,0.0,22.200000000000003,27.4,27.4,30.4,300.0,300.0,29.5,34.9,29.0,28.4,30.8,4.95,2.0,4.96,0.16,0.0,0.0,1027.0,8228.0,0.0,0.0,0.0,0.0,0.0,1.0,0.0,0.0,0.0,-0.001,0.0,-0.2,0.0,-11.8,-12.8,0.0164,16.0,25903.0
2026-07-30T18:57:39.425Z,28.908,28.92,-7.5,7.4,0.0,0.0,0.0,0.0,0.0,1.0,1.0,0.0,1.0,0.0,0.0,0.0,8.0,6.0,0.0,0.0,0.0,0.0,0.0,0.0,0.0,0.0,6.0,12.0,1.0,12.06,5.01,2.51,1.49,-2.6,0.3,2.6,301.1,-0.1,-13.2,-0.5,6.9,-83.60000000000001,0.0,0.0,219.7,0.0,22.200000000000003,27.4,27.4,30.4,300.0,300.0,29.5,34.9,29.0,28.4,30.8,4.95,2.0,4.96,0.16,0.0,0.0,1027.0,8228.0,0.0,0.0,0.0,0.0,0.0,1.0,0.0,0.0,0.0,-0.001,0.0,-1.8,0.0,-7.5,-12.8,0.0167,16.0,25903.0
2026-07-30T18:57:39.437Z,28.92,28.932,-7.5,7.4,0.0,0.0,0.0,0.0,0.0,1.0,1.0,0.0,1.0,0.0,0.0,0.0,8.0,6.0,0.0,0.0,0.0,0.0,0.0,0.0,0.0,0.0,1.0,12.0,1.0,12.06,5.01,2.51,1.49,-2.4000000000000004,0.2,2.4000000000000004,300.90000000000003,-0.1,-13.2,1.7000000000000002,9.9,-83.60000000000001,0.0,0.0,219.9,0.0,22.200000000000003,27.4,27.4,30.4,300.0,300.0,29.5,34.9,29.0,28.4,30.8,4.95,2.0,4.97,0.16,0.0,0.0,1027.0,8228.0,0.0,0.0,0.0,0.0,0.0,1.0,0.0,0.0,0.0,-0.001,0.0,-0.4,0.0,-12.5,-12.7,0.0176,16.0,25903.0
2026-07-30T18:57:39.449Z,28.932,28.944,-7.4,7.4,0.0,0.0,0.0,0.0,0.0,1.0,1.0,0.0,1.0,0.0,0.0,0.0,8.0,6.0,0.0,0.0,0.0,0.0,0.0,0.0,0.0,0.0,3.0,12.0,1.0,12.06,5.01,2.51,1.49,-2.5,0.2,2.5,301.1,-0.1,-12.6,1.7000000000000002,8.1,-83.60000000000001,0.0,0.0,219.8,0.0,22.200000000000003,27.4,27.4,30.4,300.0,300.0,29.5,34.9,29.0,28.4,30.8,4.96,2.0,4.97,0.16,0.0,0.0,1027.0,8228.0,0.0,0.0,0.0,0.0,0.0,1.0,0.0,0.0,0.0,-0.001,0.0,0.0,0.0,-10.5,-12.8,0.0164,16.0,25903.0
2026-07-30T18:57:39.461Z,28.944,28.956,-7.4,7.4,0.0,0.0,0.0,0.0,0.0,1.0,1.0,0.0,1.0,0.0,0.0,0.0,8.0,6.0,0.0,0.0,0.0,0.0,0.0,0.0,0.0,0.0,4.0,12.0,1.0,12.06,5.01,2.51,1.49,-2.4000000000000004,0.2,2.4000000000000004,301.2,-0.1,-10.9,2.3000000000000003,9.9,-83.7,0.0,0.0,219.8,0.0,22.200000000000003,27.4,27.4,30.4,300.0,300.0,29.5,34.9,29.0,28.4,30.8,4.95,2.0,4.97,0.16,0.0,0.0,1027.0,8228.0,0.0,0.0,0.0,0.0,0.0,1.0,0.0,0.0,0.0,-0.001,0.0,0.1,0.0,-12.9,-12.8,0.0169,16.0,25903.0
2026-07-30T18:57:39.474Z,28.957,28.968,-7.5,7.4,0.0,0.0,0.0,0.0,0.0,1.0,1.0,0.0,1.0,0.0,0.0,0.0,8.0,6.0,0.0,0.0,0.0,0.0,0.0,0.0,0.0,0.0,5.0,12.0,1.0,12.05,5.0200000000000005,2.51,1.49,-2.4000000000000004,0.2,2.4000000000000004,300.90000000000003,-0.1,-12.0,1.7000000000000002,9.9,-83.7,0.0,0.0,219.8,0.0,22.1,27.4,27.4,30.4,300.0,300.0,29.6,35.0,29.1,28.5,30.8,4.95,2.0,4.97,0.16,0.0,0.0,1027.0,8228.0,0.0,0.0,0.0,0.0,0.0,1.0,0.0,0.0,0.0,-0.001,0.0,-0.3,0.0,-12.5,-12.8,0.0164,16.0,25903.0
2026-07-30T18:57:39.485Z,28.968,28.98,-7.5,7.4,0.0,0.0,0.0,0.0,0.0,1.0,1.0,0.0,1.0,0.0,0.0,0.0,8.0,6.0,0.0,0.0,0.0,0.0,0.0,0.0,0.0,0.0,1.0,12.0,1.0,12.05,5.0200000000000005,2.51,1.49,-2.5,0.2,2.5,301.1,-0.1,-12.0,1.1,8.700000000000001,-83.7,0.0,0.0,219.8,0.0,22.1,27.4,27.4,30.4,300.0,300.0,29.6,35.0,29.1,28.5,30.8,4.95,2.0,4.96,0.16,0.0,0.0,1027.0,8228.0,0.0,0.0,0.0,0.0,0.0,1.0,0.0,0.0,0.0,-0.001,0.0,-0.6000000000000001,0.0,-10.7,-12.7,0.0164,16.0,25903.0
2026-07-30T18:57:39.497Z,28.98,28.992,-7.4,7.4,0.0,0.0,0.0,0.0,0.0,1.0,1.0,0.0,1.0,0.0,0.0,0.0,8.0,6.0,0.0,0.0,0.0,0.0,0.0,0.0,0.0,0.0,2.0,12.0,1.0,12.05,5.0200000000000005,2.51,1.49,-2.3000000000000003,0.2,2.3000000000000003,301.1,-0.1,-10.9,3.5,11.0,-83.7,0.0,0.0,219.9,0.0,22.1,27.4,27.4,30.4,300.0,300.0,29.6,35.0,29.1,28.5,30.8,4.96,2.0,4.96,0.16,0.0,0.0,1027.0,8228.0,0.0,0.0,0.0,0.0,0.0,1.0,0.0,0.0,0.0,-0.001,0.0,0.9,0.0,-15.2,-12.7,0.0168,16.0,25903.0
2026-07-30T18:57:39.509Z,28.992,29.004,-7.4,7.4,0.0,0.0,0.0,0.0,0.0,1.0,1.0,0.0,1.0,0.0,0.0,0.0,8.0,6.0,0.0,0.0,0.0,0.0,0.0,0.0,0.0,0.0,3.0,12.0,1.0,12.05,5.0200000000000005,2.51,1.49,-2.4000000000000004,0.2,2.4000000000000004,301.0,-0.1,-10.9,3.5,9.9,-83.7,0.0,0.0,220.0,0.0,22.1,27.4,27.4,30.4,300.0,300.0,29.6,35.0,29.1,28.5,30.8,4.96,2.0,4.97,0.16,0.0,0.0,1027.0,8228.0,0.0,0.0,0.0,0.0,0.0,1.0,0.0,0.0,0.0,-0.001,0.0,1.1,0.0,-13.8,-12.8,0.0158,16.0,25903.0
2026-07-30T18:57:39.521Z,29.004,29.016,-7.5,7.4,0.0,0.0,0.0,0.0,0.0,1.0,1.0,0.0,1.0,0.0,0.0,0.0,8.0,6.0,0.0,0.0,0.0,0.0,0.0,0.0,0.0,0.0,4.0,12.0,1.0,12.05,5.0200000000000005,2.51,1.49,-2.3000000000000003,0.2,2.3000000000000003,301.1,-0.1,-10.9,2.3000000000000003,11.0,-83.7,0.0,0.0,219.8,0.0,22.1,27.4,27.4,30.4,300.0,300.0,29.6,35.0,29.1,28.5,30.8,4.95,2.0,4.96,0.16,0.0,0.0,1027.0,8228.0,0.0,0.0,0.0,0.0,0.0,1.0,0.0,0.0,0.0,-0.001,0.0,-0.1,0.0,-14.3,-12.8,0.016,16.0,25903.0
2026-07-30T18:57:39.533Z,29.016,29.028,-7.4,7.4,0.0,0.0,0.0,0.0,0.0,1.0,1.0,0.0,1.0,0.0,0.0,0.0,8.0,6.0,0.0,0.0,0.0,0.0,0.0,0.0,0.0,0.0,6.0,12.0,1.0,12.05,5.0200000000000005,2.51,1.49,-2.3000000000000003,0.2,2.4000000000000004,301.1,-0.1,-12.0,2.9000000000000004,11.0,-83.7,0.0,0.0,219.7,0.0,22.1,27.4,27.4,30.4,300.0,300.0,29.6,35.0,29.1,28.5,30.8,4.95,2.0,4.96,0.16,0.0,0.0,1027.0,8228.0,0.0,0.0,0.0,0.0,0.0,1.0,0.0,0.0,0.0,-0.001,0.0,0.4,0.0,-14.7,-12.7,0.0159,16.0,25903.0
2026-07-30T18:57:39.545Z,29.028,29.04,-7.4,7.4,0.0,0.0,0.0,0.0,0.0,1.0,1.0,0.0,1.0,0.0,0.0,0.0,8.0,6.0,0.0,0.0,0.0,0.0,0.0,0.0,0.0,0.0,1.0,12.0,1.0,12.05,5.0200000000000005,2.51,1.49,-2.4000000000000004,0.2,2.4000000000000004,301.1,-0.1,-10.9,3.5,8.700000000000001,-83.7,0.0,0.0,219.8,0.0,22.1,27.4,27.4,30.4,300.0,300.0,29.6,35.0,29.1,28.5,30.8,4.95,2.0,4.96,0.16,0.0,0.0,1027.0,8228.0,0.0,0.0,0.0,0.0,0.0,1.0,0.0,0.0,0.0,-0.001,0.0,1.3,0.0,-12.5,-12.8,0.016,16.0,25903.0
2026-07-30T18:57:39.557Z,29.04,29.052,-7.4,7.4,0.0,0.0,0.0,0.0,0.0,1.0,1.0,0.0,1.0,0.0,0.0,0.0,8.0,6.0,0.0,0.0,0.0,0.0,0.0,0.0,0.0,0.0,2.0,12.0,1.0,12.05,5.0200000000000005,2.51,1.49,-2.4000000000000004,0.2,2.4000000000000004,301.1,-0.1,-11.4,1.7000000000000002,9.3,-83.7,0.0,0.0,219.8,0.0,22.1,27.4,27.4,30.4,300.0,300.0,29.6,35.0,29.1,28.5,30.8,4.95,2.0,4.97,0.16,0.0,0.0,1027.0,8228.0,0.0,0.0,0.0,0.0,0.0,1.0,0.0,0.0,0.0,-0.001,0.0,-0.2,0.0,-11.8,-12.8,0.0164,16.0,25903.0
2026-07-30T18:57:39.569Z,29.052,29.064,-7.5,7.4,0.0,0.0,0.0,0.0,0.0,1.0,1.0,0.0,1.0,0.0,0.0,0.0,8.0,6.0,0.0,0.0,0.0,0.0,0.0,0.0,0.0,0.0,3.0,12.0,1.0,12.05,5.0200000000000005,2.51,1.49,-2.4000000000000004,0.2,2.4000000000000004,301.1,-0.1,-11.4,1.1,9.3,-83.7,0.0,0.0,219.8,0.0,22.1,27.4,27.4,30.4,300.0,300.0,29.6,35.0,29.1,28.5,30.8,4.96,2.0,4.96,0.16,0.0,0.0,1027.0,8228.0,0.0,0.0,0.0,0.0,0.0,1.0,0.0,0.0,0.0,-0.001,0.0,-0.7000000000000001,0.0,-11.4,-12.8,0.0166,16.0,25903.0
2026-07-30T18:57:39.581Z,29.064,29.076,-7.5,7.4,0.0,0.0,0.0,0.0,0.0,1.0,1.0,0.0,1.0,0.0,0.0,0.0,8.0,6.0,0.0,0.0,0.0,0.0,0.0,0.0,0.0,0.0,5.0,12.0,1.0,12.06,5.01,2.51,1.49,-2.4000000000000004,0.2,2.4000000000000004,301.0,-0.1,-11.4,2.9000000000000004,9.3,-83.60000000000001,0.0,0.0,219.8,0.0,22.1,27.4,27.4,30.4,300.0,300.0,29.6,35.1,29.1,28.4,30.9,4.96,2.0,4.97,0.16,0.0,0.0,1027.0,8228.0,0.0,0.0,0.0,0.0,0.0,1.0,0.0,0.0,0.0,-0.001,0.0,0.7000000000000001,0.0,-12.7,-12.7,0.0165,16.0,25903.0
2026-07-30T18:57:39.593Z,29.076,29.088,-7.4,7.4,0.0,0.0,0.0,0.0,0.0,1.0,1.0,0.0,1.0,0.0,0.0,0.0,8.0,6.0,0.0,0.0,0.0,0.0,0.0,0.0,0.0,0.0,1.0,12.0,1.0,12.06,5.01,2.51,1.49,-2.3000000000000003,0.2,2.3000000000000003,301.1,-0.1,-10.9,4.0,10.4,-83.60000000000001,0.0,0.0,219.8,0.0,22.1,27.4,27.4,30.4,300.0,300.0,29.6,35.1,29.1,28.4,30.9,4.95,2.0,4.97,0.16,0.0,0.0,1027.0,8228.0,0.0,0.0,0.0,0.0,0.0,1.0,0.0,0.0,0.0,-0.001,0.0,1.5,0.0,-14.9,-12.7,0.0163,16.0,25903.0
2026-07-30T18:57:39.605Z,29.088,29.1,-7.4,7.4,0.0,0.0,0.0,0.0,0.0,1.0,1.0,0.0,1.0,0.0,0.0,0.0,8.0,6.0,0.0,0.0,0.0,0.0,0.0,0.0,0.0,0.0,2.0,12.0,1.0,12.06,5.01,2.51,1.49,-2.4000000000000004,0.2,2.4000000000000004,301.1,-0.1,-10.9,2.3000000000000003,9.9,-83.60000000000001,0.0,0.0,219.8,0.0,22.1,27.4,27.4,30.4,300.0,300.0,29.6,35.1,29.1,28.4,30.9,4.96,2.0,4.96,0.16,0.0,0.0,1027.0,8228.0,0.0,0.0,0.0,0.0,0.0,1.0,0.0,0.0,0.0,-0.001,0.0,0.1,0.0,-12.9,-12.8,0.0158,16.0,25903.0
2026-07-30T18:57:39.617Z,29.1,29.112,-7.5,7.4,0.0,0.0,0.0,0.0,0.0,1.0,1.0,0.0,1.0,0.0,0.0,0.0,8.0,6.0,0.0,0.0,0.0,0.0,0.0,0.0,0.0,0.0,3.0,12.0,1.0,12.06,5.01,2.51,1.49,-2.3000000000000003,0.2,2.3000000000000003,301.1,-0.1,-12.0,2.9000000000000004,11.0,-83.60000000000001,0.0,0.0,219.8,0.0,22.1,27.4,27.4,30.4,300.0,300.0,29.6,35.1,29.1,28.4,30.9,4.95,2.0,4.96,0.16,0.0,0.0,1027.0,8228.0,0.0,0.0,0.0,0.0,0.0,1.0,0.0,0.0,0.0,-0.001,0.0,0.4,0.0,-14.7,-12.9,0.0163,16.0,25903.0
2026-07-30T18:57:39.629Z,29.112,29.124,-7.4,7.4,0.0,0.0,0.0,0.0,0.0,1.0,1.0,0.0,1.0,0.0,0.0,0.0,8.0,6.0,0.0,0.0,0.0,0.0,0.0,0.0,0.0,0.0,5.0,12.0,1.0,12.06,5.01,2.51,1.49,-2.3000000000000003,0.2,2.3000000000000003,301.1,0.0,-11.4,3.5,11.0,-83.60000000000001,0.0,0.0,219.9,0.0,22.1,27.4,27.4,30.4,300.0,300.0,29.6,35.1,29.1,28.4,30.9,4.95,2.0,4.97,0.16,0.0,0.0,1027.0,8228.0,0.0,0.0,0.0,0.0,0.0,1.0,0.0,0.0,0.0,-0.001,0.0,0.9,0.0,-15.1,-12.7,0.0158,16.0,25903.0
2026-07-30T18:57:39.640Z,29.123,29.136,-7.4,7.4,0.0,0.0,0.0,0.0,0.0,1.0,1.0,0.0,1.0,0.0,0.0,0.0,8.0,6.0,0.0,0.0,0.0,0.0,0.0,0.0,0.0,0.0,6.0,12.0,1.0,12.06,5.01,2.51,1.49,-2.5,0.2,2.5,301.0,0.0,-12.6,2.3000000000000003,8.700000000000001,-83.60000000000001,0.0,0.0,219.7,0.0,22.1,27.4,27.4,30.4,300.0,300.0,29.6,35.1,29.1,28.4,30.9,4.95,2.0,4.97,0.16,0.0,0.0,1027.0,8228.0,0.0,0.0,0.0,0.0,0.0,1.0,0.0,0.0,0.0,-0.001,0.0,0.3,0.0,-11.6,-12.8,0.0158,16.0,25903.0
2026-07-30T18:57:39.653Z,29.136,29.148,-7.4,7.4,0.0,0.0,0.0,0.0,0.0,1.0,1.0,0.0,1.0,0.0,0.0,0.0,8.0,6.0,0.0,0.0,0.0,0.0,0.0,0.0,0.0,0.0,2.0,12.0,1.0,12.06,5.01,2.51,1.49,-2.4000000000000004,0.2,2.4000000000000004,301.1,0.0,-12.0,1.7000000000000002,11.0,-83.60000000000001,0.0,0.0,219.8,0.0,22.1,27.4,27.4,30.4,300.0,300.0,29.6,35.1,29.1,28.4,30.9,4.96,2.0,4.96,0.15,0.0,0.0,1027.0,8228.0,0.0,0.0,0.0,0.0,0.0,1.0,0.0,0.0,0.0,-0.001,0.0,-0.6000000000000001,0.0,-13.8,-12.9,0.0168,16.0,25903.0
2026-07-30T18:57:39.665Z,29.148,29.16,-7.4,7.4,0.0,0.0,0.0,0.0,0.0,1.0,1.0,0.0,1.0,0.0,0.0,0.0,8.0,6.0,0.0,0.0,0.0,0.0,0.0,0.0,0.0,0.0,2.0,12.0,1.0,12.06,5.01,2.51,1.49,-2.4000000000000004,0.2,2.5,301.1,0.0,-12.6,1.1,9.9,-83.60000000000001,0.0,0.0,219.8,0.0,22.1,27.4,27.4,30.4,300.0,300.0,29.6,35.1,29.1,28.4,30.9,4.95,2.0,4.97,0.15,0.0,0.0,1027.0,8228.0,0.0,0.0,0.0,0.0,0.0,1.0,0.0,0.0,0.0,-0.001,0.0,-0.9,0.0,-12.1,-12.9,0.0163,16.0,25903.0
2026-07-30T18:57:39.678Z,29.161,29.172,-7.5,7.4,0.0,0.0,0.0,0.0,0.0,1.0,1.0,0.0,1.0,0.0,0.0,0.0,8.0,6.0,0.0,0.0,0.0,0.0,0.0,0.0,0.0,0.0,4.0,12.0,1.0,12.05,5.01,2.5,1.49,-2.4000000000000004,0.2,2.4000000000000004,301.0,-0.1,-12.6,1.7000000000000002,10.4,-83.60000000000001,0.0,0.0,219.8,0.0,21.0,27.5,27.5,30.5,300.0,300.0,29.6,34.9,29.1,28.5,30.9,4.95,1.99,4.96,0.16,0.0,0.0,1027.0,8228.0,0.0,0.0,0.0,0.0,0.0,1.0,0.0,0.0,0.0,-0.001,0.0,-0.5,0.0,-13.2,-12.8,0.0166,16.0,25903.0
2026-07-30T18:57:39.689Z,29.172,29.184,-7.5,7.4,0.0,0.0,0.0,0.0,0.0,1.0,1.0,0.0,1.0,0.0,0.0,0.0,8.0,6.0,0.0,0.0,0.0,0.0,0.0,0.0,0.0,0.0,5.0,12.0,1.0,12.05,5.01,2.5,1.49,-2.5,0.3,2.5,301.0,0.0,-13.2,1.1,8.1,-83.60000000000001,0.0,0.0,219.8,0.0,21.0,27.5,27.5,30.5,300.0,300.0,29.6,34.9,29.1,28.5,30.9,4.96,2.0,4.96,0.16,0.0,0.0,1027.0,8228.0,0.0,0.0,0.0,0.0,0.0,1.0,0.0,0.0,0.0,-0.001,0.0,-0.5,0.0,-10.1,-12.7,0.0167,16.0,25903.0
2026-07-30T18:57:39.701Z,29.184,29.196,-7.5,7.4,0.0,0.0,0.0,0.0,0.0,1.0,1.0,0.0,1.0,0.0,0.0,0.0,8.0,6.0,0.0,0.0,0.0,0.0,0.0,0.0,0.0,0.0,1.0,12.0,1.0,12.05,5.01,2.5,1.49,-2.5,0.3,2.5,301.1,0.0,-13.2,0.5,8.700000000000001,-83.60000000000001,0.0,0.0,219.8,0.0,21.0,27.5,27.5,30.5,300.0,300.0,29.6,34.9,29.1,28.5,30.9,4.96,2.0,4.97,0.16,0.0,0.0,1027.0,8228.0,0.0,0.0,0.0,0.0,0.0,1.0,0.0,0.0,0.0,-0.001,0.0,-1.2000000000000002,0.0,-10.3,-12.8,0.017,16.0,25903.0
2026-07-30T18:57:39.712Z,29.195,29.208,-7.5,7.4,0.0,0.0,0.0,0.0,0.0,1.0,1.0,0.0,1.0,0.0,0.0,0.0,8.0,6.0,0.0,0.0,0.0,0.0,0.0,0.0,0.0,0.0,1.0,12.0,1.0,12.05,5.01,2.5,1.49,-2.5,0.3,2.5,301.0,0.0,-12.6,0.0,8.700000000000001,-83.60000000000001,0.0,0.0,219.8,0.0,21.0,27.5,27.5,30.5,300.0,300.0,29.6,34.9,29.1,28.5,30.9,4.95,2.0,4.96,0.16,0.0,0.0,1027.0,8228.0,0.0,0.0,0.0,0.0,0.0,1.0,0.0,0.0,0.0,-0.001,0.0,-1.7000000000000002,0.0,-9.9,-12.8,0.0169,16.0,25903.0
2026-07-30T18:57:39.725Z,29.208,29.22,-7.5,7.4,0.0,0.0,0.0,0.0,0.0,1.0,1.0,0.0,1.0,0.0,0.0,0.0,8.0,6.0,0.0,0.0,0.0,0.0,0.0,0.0,0.0,0.0,2.0,12.0,1.0,12.05,5.01,2.5,1.49,-2.5,0.2,2.5,301.1,-0.1,-12.6,1.1,7.5,-83.60000000000001,0.0,0.0,219.8,0.0,21.0,27.5,27.5,30.5,300.0,300.0,29.6,34.9,29.1,28.5,30.9,4.95,2.0,4.96,0.16,0.0,0.0,1027.0,8228.0,0.0,0.0,0.0,0.0,0.0,1.0,0.0,0.0,0.0,-0.001,0.0,-0.4,0.0,-9.4,-12.7,0.017,16.0,25903.0
2026-07-30T18:57:39.737Z,29.22,29.232,-7.5,7.4,0.0,0.0,0.0,0.0,0.0,1.0,1.0,0.0,1.0,0.0,0.0,0.0,8.0,6.0,0.0,0.0,0.0,0.0,0.0,0.0,0.0,0.0,3.0,12.0,1.0,12.05,5.01,2.5,1.49,-2.3000000000000003,0.2,2.4000000000000004,301.2,-0.1,-12.6,2.3000000000000003,10.4,-83.60000000000001,0.0,0.0,219.9,0.0,21.0,27.5,27.5,30.5,300.0,300.0,29.6,34.9,29.1,28.5,30.9,4.96,2.0,4.96,0.16,0.0,0.0,1027.0,8228.0,0.0,0.0,0.0,0.0,0.0,1.0,0.0,0.0,0.0,-0.001,0.0,0.0,0.0,-13.6,-12.7,0.017,16.0,25903.0
2026-07-30T18:57:39.749Z,29.232,29.244,-7.4,7.4,0.0,0.0,0.0,0.0,0.0,1.0,1.0,0.0,1.0,0.0,0.0,0.0,8.0,6.0,0.0,0.0,0.0,0.0,0.0,0.0,0.0,0.0,5.0,12.0,1.0,12.05,5.01,2.5,1.49,-2.5,0.2,2.5,301.0,-0.1,-13.2,1.7000000000000002,8.1,-83.60000000000001,0.0,0.0,219.8,0.0,21.0,27.5,27.5,30.5,300.0,300.0,29.6,34.9,29.1,28.5,30.9,4.95,2.0,4.96,0.16,0.0,0.0,1027.0,8228.0,0.0,0.0,0.0,0.0,0.0,1.0,0.0,0.0,0.0,-0.001,0.0,0.0,0.0,-10.5,-12.7,0.016,16.0,25903.0
2026-07-30T18:57:39.760Z,29.243,29.256,-7.5,7.4,0.0,0.0,0.0,0.0,0.0,1.0,1.0,0.0,1.0,0.0,0.0,0.0,8.0,6.0,0.0,0.0,0.0,0.0,0.0,0.0,0.0,0.0,6.0,12.0,1.0,12.05,5.01,2.5,1.49,-2.3000000000000003,0.2,2.3000000000000003,301.0,-0.1,-11.4,2.3000000000000003,11.6,-83.60000000000001,0.0,0.0,219.8,0.0,21.0,27.5,27.5,30.5,300.0,300.0,29.6,34.9,29.1,28.5,30.9,4.96,1.99,4.96,0.16,0.0,0.0,1027.0,8228.0,0.0,0.0,0.0,0.0,0.0,1.0,0.0,0.0,0.0,-0.001,0.0,-0.2,0.0,-14.9,-12.8,0.0162,16.0,25903.0
2026-07-30T18:57:39.773Z,29.256,29.268,-7.4,7.4,0.0,0.0,0.0,0.0,0.0,1.0,1.0,0.0,1.0,0.0,0.0,0.0,8.0,6.0,0.0,0.0,0.0,0.0,0.0,0.0,0.0,0.0,1.0,12.0,1.0,12.05,5.01,2.5,1.49,-2.4000000000000004,0.2,2.4000000000000004,301.1,-0.1,-11.4,2.3000000000000003,9.9,-83.60000000000001,0.0,0.0,219.8,0.0,21.0,27.5,27.5,30.5,300.0,300.0,29.6,34.9,29.1,28.5,30.9,4.96,2.0,4.97,0.16,0.0,0.0,1027.0,8228.0,0.0,0.0,0.0,0.0,0.0,1.0,0.0,0.0,0.0,-0.001,0.0,0.1,0.0,-12.9,-12.7,0.0163,16.0,25903.0
2026-07-30T18:57:39.785Z,29.268,29.28,-7.4,7.4,0.0,0.0,0.0,0.0,0.0,1.0,1.0,0.0,1.0,0.0,0.0,0.0,8.0,6.0,0.0,0.0,0.0,0.0,0.0,0.0,0.0,0.0,3.0,12.0,1.0,12.05,5.0200000000000005,2.5,1.49,-2.5,0.2,2.5,301.0,-0.1,-12.0,2.9000000000000004,8.1,-83.60000000000001,0.0,0.0,219.8,0.0,22.200000000000003,27.5,27.5,30.5,300.0,300.0,29.4,34.800000000000004,29.1,28.6,30.9,4.95,2.0,4.97,0.16,0.0,0.0,1027.0,8228.0,0.0,0.0,0.0,0.0,0.0,1.0,0.0,0.0,0.0,-0.001,0.0,0.9,0.0,-11.4,-12.9,0.016,16.0,25903.0
2026-07-30T18:57:39.797Z,29.28,29.292,-7.5,7.4,0.0,0.0,0.0,0.0,0.0,1.0,1.0,0.0,1.0,0.0,0.0,0.0,8.0,6.0,0.0,0.0,0.0,0.0,0.0,0.0,0.0,0.0,4.0,12.0,1.0,12.05,5.0200000000000005,2.5,1.49,-2.4000000000000004,0.2,2.4000000000000004,301.1,-0.1,-11.4,2.3000000000000003,10.4,-83.60000000000001,0.0,0.0,219.8,0.0,22.200000000000003,27.5,27.5,30.5,300.0,300.0,29.4,34.800000000000004,29.1,28.6,30.9,4.95,2.0,4.96,0.16,0.0,0.0,1027.0,8228.0,0.0,0.0,0.0,0.0,0.0,1.0,0.0,0.0,0.0,-0.001,0.0,0.0,0.0,-13.6,-12.8,0.0159,16.0,25903.0
2026-07-30T18:57:39.809Z,29.292,29.304,-7.5,7.4,0.0,0.0,0.0,0.0,0.0,1.0,1.0,0.0,1.0,0.0,0.0,0.0,8.0,6.0,0.0,0.0,0.0,0.0,0.0,0.0,0.0,0.0,5.0,12.0,1.0,12.05,5.0200000000000005,2.5,1.49,-2.4000000000000004,0.2,2.4000000000000004,301.1,-0.1,-12.6,2.3000000000000003,9.9,-83.60000000000001,0.0,0.0,220.0,0.0,22.200000000000003,27.5,27.5,30.5,300.0,300.0,29.4,34.800000000000004,29.1,28.6,30.9,4.96,2.0,4.96,0.16,0.0,0.0,1027.0,8228.0,0.0,0.0,0.0,0.0,0.0,1.0,0.0,0.0,0.0,-0.001,0.0,0.0,0.0,-12.9,-12.8,0.0163,16.0,25903.0
2026-07-30T18:57:39.821Z,29.304,29.316,-7.5,7.4,0.0,0.0,0.0,0.0,0.0,1.0,1.0,0.0,1.0,0.0,0.0,0.0,8.0,6.0,0.0,0.0,0.0,0.0,0.0,0.0,0.0,0.0,6.0,12.0,1.0,12.05,5.0200000000000005,2.5,1.49,-2.3000000000000003,0.2,2.3000000000000003,300.90000000000003,-0.1,-10.9,4.0,9.9,-83.60000000000001,0.0,0.0,219.9,0.0,22.200000000000003,27.5,27.5,30.5,300.0,300.0,29.4,34.800000000000004,29.1,28.6,30.9,4.96,2.0,4.96,0.16,0.0,0.0,1027.0,8228.0,0.0,0.0,0.0,0.0,0.0,1.0,0.0,0.0,0.0,-0.001,0.0,-0.3,0.0,-11.8,-12.7,0.016,16.0,25903.0
2026-07-30T18:57:39.833Z,29.316,29.328,-7.5,7.4,0.0,0.0,0.0,0.0,0.0,1.0,1.0,0.0,1.0,0.0,0.0,0.0,8.0,6.0,0.0,0.0,0.0,0.0,0.0,0.0,0.0,0.0,2.0,12.0,1.0,12.05,5.0200000000000005,2.5,1.49,-2.4000000000000004,0.2,2.5,301.1,-0.1,-10.3,3.5,10.4,-83.60000000000001,0.0,0.0,219.9,0.0,22.200000000000003,27.5,27.5,30.5,300.0,300.0,29.4,34.800000000000004,29.1,28.6,30.9,4.95,2.0,4.96,0.16,0.0,0.0,1027.0,8228.0,0.0,0.0,0.0,0.0,0.0,1.0,0.0,0.0,0.0,-0.001,0.0,-0.1,0.0,-11.2,-12.7,0.0165,16.0,25903.0
2026-07-30T18:57:39.845Z,29.328,29.34,-7.4,7.4,0.0,0.0,0.0,0.0,0.0,1.0,1.0,0.0,1.0,0.0,0.0,0.0,8.0,6.0,0.0,0.0,0.0,0.0,0.0,0.0,0.0,0.0,2.0,12.0,1.0,12.05,5.0200000000000005,2.5,1.49,-2.4000000000000004,0.2,2.5,301.1,-0.1,-11.4,2.9000000000000004,9.3,-83.60000000000001,0.0,0.0,219.8,0.0,22.200000000000003,27.5,27.5,30.5,300.0,300.0,29.4,34.800000000000004,29.1,28.6,30.9,4.95,2.0,4.96,0.16,0.0,0.0,1027.0,8228.0,0.0,0.0,0.0,0.0,0.0,1.0,0.0,0.0,0.0,-0.001,0.0,0.4,0.0,-10.9,-12.7,0.0166,16.0,25903.0
2026-07-30T18:57:39.857Z,29.34,29.352,-7.5,7.4,0.0,0.0,0.0,0.0,0.0,1.0,1.0,0.0,1.0,0.0,0.0,0.0,8.0,6.0,0.0,0.0,0.0,0.0,0.0,0.0,0.0,0.0,3.0,12.0,1.0,12.05,5.0200000000000005,2.5,1.49,-2.4000000000000004,0.2,2.5,301.1,-0.1,-12.6,1.1,8.700000000000001,-83.60000000000001,0.0,0.0,219.8,0.0,22.200000000000003,27.5,27.5,30.5,300.0,300.0,29.4,34.800000000000004,29.1,28.6,30.9,4.95,2.0,4.97,0.16,0.0,0.0,1027.0,8228.0,0.0,0.0,0.0,0.0,0.0,1.0,0.0,0.0,0.0,-0.001,0.0,-0.6000000000000001,0.0,-10.7,-12.8,0.0167,16.0,25903.0
2026-07-30T18:57:39.869Z,29.352,29.364,-7.4,7.4,0.0,0.0,0.0,0.0,0.0,1.0,1.0,0.0,1.0,0.0,0.0,0.0,8.0,6.0,0.0,0.0,0.0,0.0,0.0,0.0,0.0,0.0,4.0,12.0,1.0,12.05,5.0200000000000005,2.5,1.49,-2.3000000000000003,0.2,2.3000000000000003,301.0,-0.1,-12.0,2.3000000000000003,11.0,-83.60000000000001,0.0,0.0,219.9,0.0,22.200000000000003,27.5,27.5,30.5,300.0,300.0,29.4,34.800000000000004,29.1,28.6,30.9,4.95,2.0,4.97,0.16,0.0,0.0,1027.0,8228.0,0.0,0.0,0.0,0.0,0.0,1.0,0.0,0.0,0.0,-0.001,0.0,-0.1,0.0,-14.3,-12.7,0.0167,16.0,25903.0
2026-07-30T18:57:39.883Z,29.366,29.376,-7.4,7.4,0.0,0.0,0.0,0.0,0.0,1.0,1.0,0.0,1.0,0.0,0.0,0.0,8.0,6.0,0.0,0.0,0.0,0.0,0.0,0.0,0.0,0.0,5.0,12.0,1.0,12.05,5.01,2.5,1.49,-2.5,0.2,2.5,301.1,-0.1,-12.6,1.1,8.1,-83.60000000000001,0.0,0.0,220.0,0.0,21.9,27.5,27.5,30.5,300.0,300.0,29.4,34.9,29.200000000000003,28.6,31.0,4.95,2.0,4.97,0.16,0.0,0.0,1027.0,8228.0,0.0,0.0,0.0,0.0,0.0,1.0,0.0,0.0,0.0,-0.001,0.0,-0.5,0.0,-10.1,-12.8,0.0159,16.0,25903.0
2026-07-30T18:57:39.892Z,29.375,29.388,-7.4,7.4,0.0,0.0,0.0,0.0,0.0,1.0,1.0,0.0,1.0,0.0,0.0,0.0,8.0,6.0,0.0,0.0,0.0,0.0,0.0,0.0,0.0,0.0,5.0,12.0,1.0,12.05,5.01,2.5,1.49,-2.5,0.3,2.5,301.1,-0.1,-12.0,0.5,8.700000000000001,-83.60000000000001,0.0,0.0,220.0,0.0,21.9,27.5,27.5,30.5,300.0,300.0,29.4,34.9,29.200000000000003,28.6,31.0,4.96,2.0,4.96,0.16,0.0,0.0,1027.0,8228.0,0.0,0.0,0.0,0.0,0.0,1.0,0.0,0.0,0.0,-0.001,0.0,-1.2000000000000002,0.0,-10.3,-12.8,0.0169,16.0,25903.0
2026-07-30T18:57:39.905Z,29.388,29.4,-7.5,7.4,0.0,0.0,0.0,0.0,0.0,1.0,1.0,0.0,1.0,0.0,0.0,0.0,8.0,6.0,0.0,0.0,0.0,0.0,0.0,0.0,0.0,0.0,6.0,12.0,1.0,12.05,5.01,2.5,1.49,-2.5,0.2,2.5,300.90000000000003,-0.1,-12.6,0.5,8.700000000000001,-83.60000000000001,0.0,0.0,219.9,0.0,21.9,27.5,27.5,30.5,300.0,300.0,29.4,34.9,29.200000000000003,28.6,31.0,4.95,2.0,4.96,0.16,0.0,0.0,1027.0,8228.0,0.0,0.0,0.0,0.0,0.0,1.0,0.0,0.0,0.0,-0.001,0.0,-1.2000000000000002,0.0,-10.3,-12.8,0.0169,16.0,25903.0
2026-07-30T18:57:39.917Z,29.4,29.412,-7.5,7.4,0.0,0.0,0.0,0.0,0.0,1.0,1.0,0.0,1.0,0.0,0.0,0.0,8.0,6.0,0.0,0.0,0.0,0.0,0.0,0.0,0.0,0.0,2.0,12.0,1.0,12.05,5.01,2.5,1.49,-2.4000000000000004,0.2,2.5,301.1,-0.1,-12.6,1.1,9.3,-83.60000000000001,0.0,0.0,219.9,0.0,21.9,27.5,27.5,30.5,300.0,300.0,29.4,34.9,29.200000000000003,28.6,31.0,4.95,2.0,4.96,0.16,0.0,0.0,1027.0,8228.0,0.0,0.0,0.0,0.0,0.0,1.0,0.0,0.0,0.0,-0.001,0.0,-0.8,0.0,-11.4,-12.8,0.0168,16.0,25903.0
2026-07-30T18:57:39.929Z,29.412,29.424,-7.4,7.4,0.0,0.0,0.0,0.0,0.0,1.0,1.0,0.0,1.0,0.0,0.0,0.0,8.0,6.0,0.0,0.0,0.0,0.0,0.0,0.0,0.0,0.0,3.0,12.0,1.0,12.05,5.01,2.5,1.49,-2.5,0.3,2.5,301.1,-0.1,-13.8,0.0,8.700000000000001,-83.60000000000001,0.0,0.0,219.8,0.0,21.9,27.5,27.5,30.5,300.0,300.0,29.4,34.9,29.200000000000003,28.6,31.0,4.96,2.0,4.96,0.16,0.0,0.0,1027.0,8228.0,0.0,0.0,0.0,0.0,0.0,1.0,0.0,0.0,0.0,-0.001,0.0,-1.7000000000000002,0.0,-9.9,-12.7,0.0166,16.0,25903.0
2026-07-30T18:57:39.941Z,29.424,29.436,-7.4,7.4,0.0,0.0,0.0,0.0,0.0,1.0,1.0,0.0,1.0,0.0,0.0,0.0,8.0,6.0,0.0,0.0,0.0,0.0,0.0,0.0,0.0,0.0,4.0,12.0,1.0,12.05,5.01,2.5,1.49,-2.5,0.2,2.5,301.0,-0.1,-12.6,1.1,8.700000000000001,-83.60000000000001,0.0,0.0,219.8,0.0,21.9,27.5,27.5,30.5,300.0,300.0,29.4,34.9,29.200000000000003,28.6,31.0,4.96,2.0,4.96,0.16,0.0,0.0,1027.0,8228.0,0.0,0.0,0.0,0.0,0.0,1.0,0.0,0.0,0.0,-0.001,0.0,-0.6000000000000001,0.0,-10.7,-12.9,0.0171,16.0,25903.0
2026-07-30T18:57:39.953Z,29.436,29.448,-7.5,7.4,0.0,0.0,0.0,0.0,0.0,1.0,1.0,0.0,1.0,0.0,0.0,0.0,8.0,6.0,0.0,0.0,0.0,0.0,0.0,0.0,0.0,0.0,5.0,12.0,1.0,12.05,5.01,2.5,1.49,-2.5,0.2,2.5,301.1,-0.1,-12.0,1.7000000000000002,8.1,-83.60000000000001,0.0,0.0,219.7,0.0,21.9,27.5,27.5,30.5,300.0,300.0,29.4,34.9,29.200000000000003,28.6,31.0,4.95,2.0,4.97,0.16,0.0,0.0,1027.0,8228.0,0.0,0.0,0.0,0.0,0.0,1.0,0.0,0.0,0.0,-0.001,0.0,0.0,0.0,-10.5,-12.8,0.0169,16.0,25903.0
2026-07-30T18:57:39.965Z,29.448,29.46,-7.5,7.4,0.0,0.0,0.0,0.0,0.0,1.0,1.0,0.0,1.0,0.0,0.0,0.0,8.0,6.0,0.0,0.0,0.0,0.0,0.0,0.0,0.0,0.0,6.0,12.0,1.0,12.05,5.01,2.5,1.49,-2.3000000000000003,0.2,2.3000000000000003,301.1,-0.1,-10.9,3.5,10.4,-83.60000000000001,0.0,0.0,219.8,0.0,21.9,27.5,27.5,30.5,300.0,300.0,29.4,34.9,29.200000000000003,28.6,31.0,4.95,2.0,4.96,0.16,0.0,0.0,1027.0,8228.0,0.0,0.0,0.0,0.0,0.0,1.0,0.0,0.0,0.0,-0.001,0.0,1.0,0.0,-14.5,-12.8,0.0168,16.0,25903.0
2026-07-30T18:57:39.978Z,29.461,29.472,-7.4,7.4,0.0,0.0,0.0,0.0,0.0,1.0,1.0,0.0,1.0,0.0,0.0,0.0,8.0,6.0,0.0,0.0,0.0,0.0,0.0,0.0,0.0,0.0,6.0,12.0,1.0,12.05,5.01,2.5,1.49,-2.4000000000000004,0.2,2.4000000000000004,301.0,-0.1,-12.0,2.3000000000000003,9.9,-83.60000000000001,0.0,0.0,219.8,0.0,21.9,27.5,27.5,30.5,300.0,300.0,29.4,34.9,29.200000000000003,28.6,31.0,4.96,2.0,4.96,0.16,0.0,0.0,1027.0,8228.0,0.0,0.0,0.0,0.0,0.0,1.0,0.0,0.0,0.0,-0.001,0.0,0.1,0.0,-12.9,-12.7,0.0159,16.0,25903.0
2026-07-30T18:57:39.989Z,29.472,29.484,-7.4,7.4,0.0,0.0,0.0,0.0,0.0,1.0,1.0,0.0,1.0,0.0,0.0,0.0,8.0,6.0,0.0,0.0,0.0,0.0,0.0,0.0,0.0,0.0,6.0,12.0,1.0,12.08,5.0200000000000005,2.51,1.5,-2.4000000000000004,0.2,2.4000000000000004,301.0,-0.1,-12.0,2.3000000000000003,9.9,-83.60000000000001,0.0,0.0,219.7,0.0,22.1,27.5,27.5,30.5,300.0,300.0,29.4,35.0,29.200000000000003,28.6,31.0,4.95,2.0,4.97,0.16,0.0,0.0,1027.0,8228.0,0.0,0.0,0.0,0.0,0.0,1.0,0.0,0.0,0.0,-0.001,0.0,0.1,0.0,-12.9,-12.8,0.0164,16.0,25903.0
2026-07-30T18:57:40.001Z,29.484,29.496,-7.5,7.4,0.0,0.0,0.0,0.0,0.0,1.0,1.0,0.0,1.0,0.0,0.0,0.0,8.0,6.0,0.0,0.0,0.0,0.0,0.0,0.0,0.0,0.0,2.0,12.0,1.0,12.08,5.0200000000000005,2.51,1.5,-2.4000000000000004,0.2,2.4000000000000004,301.0,-0.1,-10.9,1.7000000000000002,10.4,-83.60000000000001,0.0,0.0,219.7,0.0,22.1,27.5,27.5,30.5,300.0,300.0,29.4,35.0,29.200000000000003,28.6,31.0,4.96,2.0,4.96,0.16,0.0,0.0,1027.0,8228.0,0.0,0.0,0.0,0.0,0.0,1.0,0.0,0.0,0.0,-0.001,0.0,-0.4,0.0,-13.2,-12.9,0.0165,16.0,25903.0
2026-07-30T18:57:40.013Z,29.496,29.508,-7.5,7.4,0.0,0.0,0.0,0.0,0.0,1.0,1.0,0.0,1.0,0.0,0.0,0.0,8.0,6.0,0.0,0.0,0.0,0.0,0.0,0.0,0.0,0.0,3.0,12.0,1.0,12.08,5.0200000000000005,2.51,1.5,-2.4000000000000004,0.2,2.4000000000000004,301.1,-0.1,-11.4,2.9000000000000004,10.4,-83.60000000000001,0.0,0.0,219.7,0.0,22.1,27.5,27.5,30.5,300.0,300.0,29.4,35.0,29.200000000000003,28.6,31.0,4.96,2.0,4.96,0.16,0.0,0.0,1027.0,8228.0,0.0,0.0,0.0,0.0,0.0,1.0,0.0,0.0,0.0,-0.001,0.0,0.5,0.0,-14.0,-12.8,0.0164,16.0,25903.0
2026-07-30T18:57:40.025Z,29.508,29.52,-7.5,7.4,0.0,0.0,0.0,0.0,0.0,1.0,1.0,0.0,1.0,0.0,0.0,0.0,8.0,6.0,0.0,0.0,0.0,0.0,0.0,0.0,0.0,0.0,4.0,12.0,1.0,12.08,5.0200000000000005,2.51,1.5,-2.3000000000000003,0.2,2.3000000000000003,301.1,-0.1,-11.4,4.0,12.2,-83.60000000000001,0.0,0.0,219.6,0.0,22.1,27.5,27.5,30.5,300.0,300.0,29.4,35.0,29.200000000000003,28.6,31.0,4.95,2.0,4.96,0.16,0.0,0.0,1027.0,8228.0,0.0,0.0,0.0,0.0,0.0,1.0,0.0,0.0,0.0,-0.001,0.0,1.2000000000000002,0.0,-16.900000000000002,-12.7,0.0162,16.0,25903.0
2026-07-30T18:57:40.037Z,29.52,29.532,-7.5,7.4,0.0,0.0,0.0,0.0,0.0,1.0,1.0,0.0,1.0,0.0,0.0,0.0,8.0,6.0,0.0,0.0,0.0,0.0,0.0,0.0,0.0,0.0,4.0,12.0,1.0,12.08,5.0200000000000005,2.51,1.5,-2.4000000000000004,0.2,2.4000000000000004,301.0,-0.1,-12.0,4.0,9.9,-83.60000000000001,0.0,0.0,219.7,0.0,22.1,27.5,27.5,30.5,300.0,300.0,29.4,35.0,29.200000000000003,28.6,31.0,4.96,2.0,4.96,0.16,0.0,0.0,1027.0,8228.0,0.0,0.0,0.0,0.0,0.0,1.0,0.0,0.0,0.0,-0.001,0.0,1.7000000000000002,0.0,-14.2,-12.7,0.0155,16.0,25903.0
2026-07-30T18:57:40.049Z,29.532,29.544,-7.5,7.4,0.0,0.0,0.0,0.0,0.0,1.0,1.0,0.0,1.0,0.0,0.0,0.0,8.0,6.0,0.0,0.0,0.0,0.0,0.0,0.0,0.0,0.0,6.0,12.0,1.0,12.08,5.0200000000000005,2.51,1.5,-2.4000000000000004,0.2,2.4000000000000004,301.1,-0.1,-10.9,2.9000000000000004,10.4,-83.60000000000001,0.0,0.0,219.7,0.0,22.1,27.5,27.5,30.5,300.0,300.0,29.4,35.0,29.200000000000003,28.6,31.0,4.95,2.0,4.96,0.16,0.0,0.0,1027.0,8228.0,0.0,0.0,0.0,0.0,0.0,1.0,0.0,0.0,0.0,-0.001,0.0,0.5,0.0,-14.0,-12.8,0.0161,16.0,25903.0
2026-07-30T18:57:40.061Z,29.544,29.556,-7.4,7.4,0.0,0.0,0.0,0.0,0.0,1.0,1.0,0.0,1.0,0.0,0.0,0.0,8.0,6.0,0.0,0.0,0.0,0.0,0.0,0.0,0.0,0.0,1.0,12.0,1.0,12.08,5.0200000000000005,2.51,1.5,-2.4000000000000004,0.2,2.4000000000000004,301.1,-0.1,-10.9,2.3000000000000003,11.0,-83.5,0.0,0.0,219.6,0.0,22.1,27.5,27.5,30.5,300.0,300.0,29.4,35.0,29.200000000000003,28.6,31.0,4.95,2.0,4.97,0.16,0.0,0.0,1027.0,8228.0,0.0,0.0,0.0,0.0,0.0,1.0,0.0,0.0,0.0,-0.001,0.0,0.0,0.0,-14.3,-12.7,0.0161,16.0,25903.0
2026-07-30T18:57:40.073Z,29.556,29.568,-7.5,7.4,0.0,0.0,0.0,0.0,0.0,1.0,1.0,0.0,1.0,0.0,0.0,0.0,8.0,6.0,0.0,0.0,0.0,0.0,0.0,0.0,0.0,0.0,2.0,12.0,1.0,12.08,5.0200000000000005,2.51,1.5,-2.4000000000000004,0.2,2.4000000000000004,301.0,-0.1,-10.9,3.5,9.9,-83.5,0.0,0.0,219.7,0.0,22.1,27.5,27.5,30.5,300.0,300.0,29.4,35.0,29.200000000000003,28.6,31.0,4.95,2.0,4.97,0.16,0.0,0.0,1027.0,8228.0,0.0,0.0,0.0,0.0,0.0,1.0,0.0,0.0,0.0,-0.001,0.0,1.2000000000000002,0.0,-13.8,-12.8,0.0162,16.0,25903.0
2026-07-30T18:57:40.086Z,29.569,29.58,-7.5,7.4,0.0,0.0,0.0,0.0,0.0,1.0,1.0,0.0,1.0,0.0,0.0,0.0,8.0,6.0,0.0,0.0,0.0,0.0,0.0,0.0,0.0,0.0,4.0,12.0,1.0,12.06,5.0200000000000005,2.51,1.49,-2.3000000000000003,0.2,2.3000000000000003,301.1,-0.1,-11.4,2.3000000000000003,11.6,-83.5,0.0,0.0,219.7,0.0,22.6,27.6,27.6,30.6,300.0,300.0,29.5,35.1,29.200000000000003,28.700000000000003,31.0,4.96,2.0,4.97,0.16,0.0,0.0,1027.0,8228.0,0.0,0.0,0.0,0.0,0.0,1.0,0.0,0.0,0.0,-0.001,0.0,-0.1,0.0,-14.9,-12.7,0.0161,16.0,25903.0
2026-07-30T18:57:40.097Z,29.58,29.592,-7.4,7.4,0.0,0.0,0.0,0.0,0.0,1.0,1.0,0.0,1.0,0.0,0.0,0.0,8.0,6.0,0.0,0.0,0.0,0.0,0.0,0.0,0.0,0.0,5.0,12.0,1.0,12.06,5.0200000000000005,2.51,1.49,-2.4000000000000004,0.2,2.4000000000000004,301.1,-0.1,-12.0,1.7000000000000002,9.9,-83.5,0.0,0.0,219.8,0.0,22.6,27.6,27.6,30.6,300.0,300.0,29.5,35.1,29.200000000000003,28.700000000000003,31.0,4.96,2.0,4.97,0.16,0.0,0.0,1027.0,8228.0,0.0,0.0,0.0,0.0,0.0,1.0,0.0,0.0,0.0,-0.001,0.0,-0.3,0.0,-12.5,-12.7,0.0157,16.0,25903.0
2026-07-30T18:57:40.109Z,29.592,29.604,-7.5,7.4,0.0,0.0,0.0,0.0,0.0,1.0,1.0,0.0,1.0,0.0,0.0,0.0,8.0,6.0,0.0,0.0,0.0,0.0,0.0,0.0,0.0,0.0,6.0,12.0,1.0,12.06,5.0200000000000005,2.51,1.49,-2.3000000000000003,0.2,2.4000000000000004,301.0,-0.1,-11.4,2.3000000000000003,10.4,-83.5,0.0,0.0,219.7,0.0,22.6,27.6,27.6,30.6,300.0,300.0,29.5,35.1,29.200000000000003,28.700000000000003,31.0,4.96,2.0,4.96,0.17,0.0,0.0,1027.0,8228.0,0.0,0.0,0.0,0.0,0.0,1.0,0.0,0.0,0.0,-0.001,0.0,0.0,0.0,-13.6,-12.8,0.0163,16.0,25903.0
2026-07-30T18:57:40.121Z,29.604,29.616,-7.4,7.4,0.0,0.0,0.0,0.0,0.0,1.0,1.0,0.0,1.0,0.0,0.0,0.0,8.0,6.0,0.0,0.0,0.0,0.0,0.0,0.0,0.0,0.0,1.0,12.0,1.0,12.06,5.0200000000000005,2.51,1.49,-2.4000000000000004,0.2,2.4000000000000004,301.0,0.0,-10.9,4.0,8.700000000000001,-83.5,0.0,0.0,219.7,0.0,22.6,27.6,27.6,30.6,300.0,300.0,29.5,35.1,29.200000000000003,28.700000000000003,31.0,4.95,2.0,4.96,0.16,0.0,0.0,1027.0,8228.0,0.0,0.0,0.0,0.0,0.0,1.0,0.0,0.0,0.0,-0.001,0.0,1.9,0.0,-12.9,-12.7,0.016,16.0,25903.0
2026-07-30T18:57:40.133Z,29.616,29.628,-7.4,7.4,0.0,0.0,0.0,0.0,0.0,1.0,1.0,0.0,1.0,0.0,0.0,0.0,8.0,6.0,0.0,0.0,0.0,0.0,0.0,0.0,0.0,0.0,2.0,12.0,1.0,12.06,5.0200000000000005,2.51,1.49,-2.5,0.3,2.5,301.1,0.0,-11.4,1.1,8.700000000000001,-83.4,0.0,0.0,219.7,0.0,22.6,27.6,27.6,30.6,300.0,300.0,29.5,35.1,29.200000000000003,28.700000000000003,31.0,4.96,2.0,4.96,0.16,0.0,0.0,1027.0,8228.0,0.0,0.0,0.0,0.0,0.0,1.0,0.0,0.0,0.0,-0.001,0.0,-0.6000000000000001,0.0,-10.8,-12.8,0.0162,16.0,25903.0
2026-07-30T18:57:40.145Z,29.628,29.64,-7.5,7.4,0.0,0.0,0.0,0.0,0.0,1.0,1.0,0.0,1.0,0.0,0.0,0.0,8.0,6.0,0.0,0.0,0.0,0.0,0.0,0.0,0.0,0.0,4.0,12.0,1.0,12.06,5.0200000000000005,2.51,1.49,-2.3000000000000003,0.2,2.3000000000000003,301.1,0.0,-11.4,2.9000000000000004,11.6,-83.4,0.0,0.0,219.6,0.0,22.6,27.6,27.6,30.6,300.0,300.0,29.5,35.1,29.200000000000003,28.700000000000003,31.0,4.95,2.0,4.96,0.16,0.0,0.0,1027.0,8228.0,0.0,0.0,0.0,0.0,0.0,1.0,0.0,0.0,0.0,-0.001,0.0,0.3,0.0,-15.4,-12.8,0.0168,16.0,25903.0
2026-07-30T18:57:40.157Z,29.64,29.652,-7.5,7.4,0.0,0.0,0.0,0.0,0.0,1.0,1.0,0.0,1.0,0.0,0.0,0.0,8.0,6.0,0.0,0.0,0.0,0.0,0.0,0.0,0.0,0.0,5.0,12.0,1.0,12.06,5.0200000000000005,2.51,1.49,-2.4000000000000004,0.2,2.4000000000000004,301.1,0.0,-12.6,2.3000000000000003,8.700000000000001,-83.4,0.0,0.0,219.6,0.0,22.6,27.6,27.6,30.6,300.0,300.0,29.5,35.1,29.200000000000003,28.700000000000003,31.0,4.95,1.99,4.96,0.16,0.0,0.0,1027.0,8228.0,0.0,0.0,0.0,0.0,0.0,1.0,0.0,0.0,0.0,-0.001,0.0,0.3,0.0,-11.6,-12.7,0.0156,16.0,25903.0
2026-07-30T18:57:40.169Z,29.652,29.664,-7.4,7.4,0.0,0.0,0.0,0.0,0.0,1.0,1.0,0.0,1.0,0.0,0.0,0.0,8.0,6.0,0.0,0.0,0.0,0.0,0.0,0.0,0.0,0.0,1.0,12.0,1.0,12.06,5.0200000000000005,2.51,1.49,-2.4000000000000004,0.2,2.4000000000000004,300.90000000000003,0.0,-12.6,2.3000000000000003,10.4,-83.4,0.0,0.0,219.6,0.0,22.6,27.6,27.6,30.6,300.0,300.0,29.5,35.1,29.200000000000003,28.700000000000003,31.0,4.95,2.0,4.96,0.16,0.0,0.0,1027.0,8228.0,0.0,0.0,0.0,0.0,0.0,1.0,0.0,0.0,0.0,-0.001,0.0,0.0,0.0,-13.6,-12.7,0.0165,16.0,25903.0
2026-07-30T18:57:40.181Z,29.664,29.676,-7.4,7.4,0.0,0.0,0.0,0.0,0.0,1.0,1.0,0.0,1.0,0.0,0.0,0.0,8.0,6.0,0.0,0.0,0.0,0.0,0.0,0.0,0.0,0.0,2.0,12.0,1.0,12.06,5.0200000000000005,2.51,1.49,-2.4000000000000004,0.2,2.5,301.0,0.0,-12.0,2.9000000000000004,8.700000000000001,-83.4,0.0,0.0,219.7,0.0,22.6,27.6,27.6,30.6,300.0,300.0,29.5,35.1,29.200000000000003,28.700000000000003,31.0,4.95,2.0,4.97,0.16,0.0,0.0,1027.0,8228.0,0.0,0.0,0.0,0.0,0.0,1.0,0.0,0.0,0.0,-0.001,0.0,0.8,0.0,-12.0,-12.9,0.0162,16.0,25903.0
2026-07-30T18:57:40.193Z,29.676,29.688,-7.5,7.4,0.0,0.0,0.0,0.0,0.0,1.0,1.0,0.0,1.0,0.0,0.0,0.0,8.0,6.0,0.0,0.0,0.0,0.0,0.0,0.0,0.0,0.0,3.0,12.0,1.0,12.04,5.0200000000000005,2.51,1.49,-2.4000000000000004,0.3,2.5,301.1,0.0,-12.0,0.5,9.9,-83.4,0.0,0.0,219.7,0.0,22.1,27.6,27.6,30.6,300.0,300.0,29.5,35.0,29.3,28.700000000000003,31.1,4.95,2.0,4.97,0.16,0.0,0.0,1027.0,8228.0,0.0,0.0,0.0,0.0,0.0,1.0,0.0,0.0,0.0,-0.001,0.0,-1.4,0.0,-11.7,-12.9,0.0166,16.0,25903.0
2026-07-30T18:57:40.205Z,29.688,29.7,-7.5,7.4,0.0,0.0,0.0,0.0,0.0,1.0,1.0,0.0,1.0,0.0,0.0,0.0,8.0,6.0,0.0,0.0,0.0,0.0,0.0,0.0,0.0,0.0,4.0,12.0,1.0,12.04,5.0200000000000005,2.51,1.49,-2.4000000000000004,0.2,2.4000000000000004,301.2,0.0,-13.2,1.7000000000000002,9.3,-83.4,0.0,0.0,219.7,0.0,22.1,27.6,27.6,30.6,300.0,300.0,29.5,35.0,29.3,28.700000000000003,31.1,4.95,2.0,4.97,0.16,0.0,0.0,1027.0,8228.0,0.0,0.0,0.0,0.0,0.0,1.0,0.0,0.0,0.0,-0.001,0.0,-0.2,0.0,-11.8,-12.8,0.0167,16.0,25903.0
2026-07-30T18:57:40.217Z,29.7,29.712,-7.5,7.4,0.0,0.0,0.0,0.0,0.0,1.0,1.0,0.0,1.0,0.0,0.0,0.0,8.0,6.0,0.0,0.0,0.0,0.0,0.0,0.0,0.0,0.0,5.0,12.0,1.0,12.04,5.0200000000000005,2.51,1.49,-2.4000000000000004,0.2,2.4000000000000004,301.0,-0.1,-12.0,2.9000000000000004,8.700000000000001,-83.4,0.0,0.0,219.7,0.0,22.1,27.6,27.6,30.6,300.0,300.0,29.5,35.0,29.3,28.700000000000003,31.1,4.96,2.0,4.97,0.16,0.0,0.0,1027.0,8228.0,0.0,0.0,0.0,0.0,0.0,1.0,0.0,0.0,0.0,-0.001,0.0,0.8,0.0,-12.0,-12.7,0.0165,16.0,25903.0
2026-07-30T18:57:40.229Z,29.712,29.724,-7.4,7.4,0.0,0.0,0.0,0.0,0.0,1.0,1.0,0.0,1.0,0.0,0.0,0.0,8.0,6.0,0.0,0.0,0.0,0.0,0.0,0.0,0.0,0.0,6.0,12.0,1.0,12.04,5.0200000000000005,2.51,1.49,-2.4000000000000004,0.3,2.5,301.1,-0.1,-13.2,0.0,9.9,-83.4,0.0,0.0,219.8,0.0,22.1,27.6,27.6,30.6,300.0,300.0,29.5,35.0,29.3,28.700000000000003,31.1,4.96,2.0,4.96,0.16,0.0,0.0,1027.0,8228.0,0.0,0.0,0.0,0.0,0.0,1.0,0.0,0.0,0.0,-0.001,0.0,-1.9,0.0,-11.2,-12.7,0.0164,16.0,25903.0
2026-07-30T18:57:40.241Z,29.724,29.736,-7.4,7.4,0.0,0.0,0.0,0.0,0.0,1.0,1.0,0.0,1.0,0.0,0.0,0.0,8.0,6.0,0.0,0.0,0.0,0.0,0.0,0.0,0.0,0.0,1.0,12.0,1.0,12.04,5.0200000000000005,2.51,1.49,-2.5,0.3,2.5,301.1,-0.1,-13.2,0.0,8.1,-83.4,0.0,0.0,219.7,0.0,22.1,27.6,27.6,30.6,300.0,300.0,29.5,35.0,29.3,28.700000000000003,31.1,4.95,1.99,4.96,0.16,0.0,0.0,1027.0,8228.0,0.0,0.0,0.0,0.0,0.0,1.0,0.0,0.0,0.0,-0.001,0.0,-1.5,0.0,-9.2,-12.8,0.0167,16.0,25903.0
2026-07-30T18:57:40.253Z,29.736,29.748,-7.4,7.4,0.0,0.0,0.0,0.0,0.0,1.0,1.0,0.0,1.0,0.0,0.0,0.0,8.0,6.0,0.0,0.0,0.0,0.0,0.0,0.0,0.0,0.0,3.0,12.0,1.0,12.04,5.0200000000000005,2.51,1.49,-2.3000000000000003,0.2,2.3000000000000003,301.0,-0.1,-11.4,3.5,10.4,-83.4,0.0,0.0,219.7,0.0,22.1,27.6,27.6,30.6,300.0,300.0,29.5,35.0,29.3,28.700000000000003,31.1,4.95,2.0,4.96,0.16,0.0,0.0,1027.0,8228.0,0.0,0.0,0.0,0.0,0.0,1.0,0.0,0.0,0.0,-0.001,0.0,1.0,0.0,-14.5,-12.8,0.0171,16.0,25903.0
2026-07-30T18:57:40.264Z,29.747,29.76,-7.4,7.4,0.0,0.0,0.0,0.0,0.0,1.0,1.0,0.0,1.0,0.0,0.0,0.0,8.0,6.0,0.0,0.0,0.0,0.0,0.0,0.0,0.0,0.0,4.0,12.0,1.0,12.04,5.0200000000000005,2.51,1.49,-2.4000000000000004,0.2,2.4000000000000004,301.1,-0.1,-12.6,2.3000000000000003,9.3,-83.4,0.0,0.0,219.7,0.0,22.1,27.6,27.6,30.6,300.0,300.0,29.5,35.0,29.3,28.700000000000003,31.1,4.95,2.0,4.96,0.16,0.0,0.0,1027.0,8228.0,0.0,0.0,0.0,0.0,0.0,1.0,0.0,0.0,0.0,-0.001,0.0,0.2,0.0,-12.3,-12.8,0.0161,16.0,25903.0
2026-07-30T18:57:40.278Z,29.761,29.772,-7.4,7.4,0.0,0.0,0.0,0.0,0.0,1.0,1.0,0.0,1.0,0.0,0.0,0.0,8.0,6.0,0.0,0.0,0.0,0.0,0.0,0.0,0.0,0.0,5.0,12.0,1.0,12.04,5.0200000000000005,2.51,1.49,-2.5,0.3,2.5,301.0,-0.1,-12.6,1.1,8.700000000000001,-83.4,0.0,0.0,219.7,0.0,22.1,27.6,27.6,30.6,300.0,300.0,29.5,35.0,29.3,28.700000000000003,31.1,4.95,2.0,4.96,0.16,0.0,0.0,1027.0,8228.0,0.0,0.0,0.0,0.0,0.0,1.0,0.0,0.0,0.0,-0.001,0.0,-0.6000000000000001,0.0,-10.7,-12.8,0.0158,16.0,25903.0
2026-07-30T18:57:40.290Z,29.773,29.784,-7.5,7.4,0.0,0.0,0.0,0.0,0.0,1.0,1.0,0.0,1.0,0.0,0.0,0.0,8.0,6.0,0.0,0.0,0.0,0.0,0.0,0.0,0.0,0.0,6.0,12.0,1.0,12.05,5.01,2.51,1.49,-2.3000000000000003,0.2,2.3000000000000003,301.0,-0.1,-10.3,2.3000000000000003,11.6,-83.4,0.0,0.0,219.8,0.0,22.1,27.6,27.6,30.6,300.0,300.0,29.5,34.9,29.3,28.700000000000003,31.1,4.96,2.0,4.96,0.16,0.0,0.0,1027.0,8228.0,0.0,0.0,0.0,0.0,0.0,1.0,0.0,0.0,0.0,-0.001,0.0,-0.2,0.0,-14.9,-12.8,0.0161,16.0,25903.0
2026-07-30T18:57:40.301Z,29.784,29.796,-7.5,7.4,0.0,0.0,0.0,0.0,0.0,1.0,1.0,0.0,1.0,0.0,0.0,0.0,8.0,6.0,0.0,0.0,0.0,0.0,0.0,0.0,0.0,0.0,1.0,12.0,1.0,12.05,5.01,2.51,1.49,-2.4000000000000004,0.2,2.4000000000000004,301.1,-0.1,-10.9,3.5,9.9,-83.4,0.0,0.0,219.6,0.0,22.1,27.6,27.6,30.6,300.0,300.0,29.5,34.9,29.3,28.700000000000003,31.1,4.96,2.0,4.97,0.16,0.0,0.0,1027.0,8228.0,0.0,0.0,0.0,0.0,0.0,1.0,0.0,0.0,0.0,-0.001,0.0,1.2000000000000002,0.0,-13.8,-12.8,0.016,16.0,25903.0
2026-07-30T18:57:40.313Z,29.796,29.808,-7.5,7.4,0.0,0.0,0.0,0.0,0.0,1.0,1.0,0.0,1.0,0.0,0.0,0.0,8.0,6.0,0.0,0.0,0.0,0.0,0.0,0.0,0.0,0.0,3.0,12.0,1.0,12.05,5.01,2.51,1.49,-2.3000000000000003,0.2,2.3000000000000003,301.0,-0.1,-10.9,4.0,11.6,-83.4,0.0,0.0,219.6,0.0,22.1,27.6,27.6,30.6,300.0,300.0,29.5,34.9,29.3,28.700000000000003,31.1,4.95,2.0,4.97,0.16,0.0,0.0,1027.0,8228.0,0.0,0.0,0.0,0.0,0.0,1.0,0.0,0.0,0.0,-0.001,0.0,1.3,0.0,-16.2,-12.7,0.0161,16.0,25903.0
2026-07-30T18:57:40.327Z,29.81,29.82,-7.5,7.4,0.0,0.0,0.0,0.0,0.0,1.0,1.0,0.0,1.0,0.0,0.0,0.0,8.0,6.0,0.0,0.0,0.0,0.0,0.0,0.0,0.0,0.0,4.0,12.0,1.0,12.05,5.01,2.51,1.49,-2.2,0.2,2.2,301.0,-0.1,-10.3,3.5,12.8,-83.4,0.0,0.0,219.7,0.0,22.1,27.6,27.6,30.6,300.0,300.0,29.5,34.9,29.3,28.700000000000003,31.1,4.95,2.0,4.96,0.16,0.0,0.0,1027.0,8228.0,0.0,0.0,0.0,0.0,0.0,1.0,0.0,0.0,0.0,-0.001,0.0,0.6000000000000001,0.0,-13.4,-12.7,0.0164,16.0,25903.0
2026-07-30T18:57:40.337Z,29.82,29.832,-7.5,7.4,0.0,0.0,0.0,0.0,0.0,1.0,1.0,0.0,1.0,0.0,0.0,0.0,8.0,6.0,0.0,0.0,0.0,0.0,0.0,0.0,0.0,0.0,4.0,12.0,1.0,12.05,5.01,2.51,1.49,-2.3000000000000003,0.2,2.3000000000000003,301.1,-0.1,-11.4,3.5,9.9,-83.4,0.0,0.0,219.7,0.0,22.1,27.6,27.6,30.6,300.0,300.0,29.5,34.9,29.3,28.700000000000003,31.1,4.95,2.0,4.96,0.16,0.0,0.0,1027.0,8228.0,0.0,0.0,0.0,0.0,0.0,1.0,0.0,0.0,0.0,-0.001,0.0,-0.4,0.0,-13.2,-12.7,0.016,16.0,25903.0
2026-07-30T18:57:40.349Z,29.832,29.844,-7.4,7.4,0.0,0.0,0.0,0.0,0.0,1.0,1.0,0.0,1.0,0.0,0.0,0.0,8.0,6.0,0.0,0.0,0.0,0.0,0.0,0.0,0.0,0.0,6.0,12.0,1.0,12.05,5.01,2.51,1.49,-2.4000000000000004,0.2,2.4000000000000004,301.1,-0.1,-10.9,4.0,12.2,-83.4,0.0,0.0,219.6,0.0,22.1,27.6,27.6,30.6,300.0,300.0,29.5,34.9,29.3,28.700000000000003,31.1,4.95,2.0,4.97,0.16,0.0,0.0,1027.0,8228.0,0.0,0.0,0.0,0.0,0.0,1.0,0.0,0.0,0.0,-0.001,0.0,-0.2,0.0,-11.8,-12.7,0.016,16.0,25903.0
2026-07-30T18:57:40.361Z,29.844,29.856,-7.4,7.4,0.0,0.0,0.0,0.0,0.0,1.0,1.0,0.0,1.0,0.0,0.0,0.0,8.0,6.0,0.0,0.0,0.0,0.0,0.0,0.0,0.0,0.0,1.0,12.0,1.0,12.05,5.01,2.51,1.49,-2.4000000000000004,0.2,2.4000000000000004,301.0,-0.1,-12.6,2.9000000000000004,9.9,-83.4,0.0,0.0,219.7,0.0,22.1,27.6,27.6,30.6,300.0,300.0,29.5,34.9,29.3,28.700000000000003,31.1,4.95,2.0,4.97,0.16,0.0,0.0,1027.0,8228.0,0.0,0.0,0.0,0.0,0.0,1.0,0.0,0.0,0.0,-0.001,0.0,0.0,0.0,-13.6,-12.8,0.0165,16.0,25903.0
2026-07-30T18:57:40.373Z,29.856,29.868,-7.4,7.4,0.0,0.0,0.0,0.0,0.0,1.0,1.0,0.0,1.0,0.0,0.0,0.0,8.0,6.0,0.0,0.0,0.0,0.0,0.0,0.0,0.0,0.0,3.0,12.0,1.0,12.05,5.01,2.51,1.49,-2.5,0.3,2.5,301.0,-0.1,-13.2,1.1,8.1,-83.4,0.0,0.0,219.6,0.0,22.1,27.6,27.6,30.6,300.0,300.0,29.5,34.9,29.3,28.700000000000003,31.1,4.96,2.0,4.96,0.16,0.0,0.0,1027.0,8228.0,0.0,0.0,0.0,0.0,0.0,1.0,0.0,0.0,0.0,-0.001,0.0,-0.5,0.0,-10.1,-12.9,0.0162,16.0,25903.0
2026-07-30T18:57:40.385Z,29.868,29.88,-7.5,7.4,0.0,0.0,0.0,0.0,0.0,1.0,1.0,0.0,1.0,0.0,0.0,0.0,8.0,6.0,0.0,0.0,0.0,0.0,0.0,0.0,0.0,0.0,4.0,12.0,1.0,12.05,5.01,2.51,1.49,-2.3000000000000003,0.3,2.3000000000000003,301.1,-0.1,-12.6,1.7000000000000002,11.6,-83.30000000000001,0.0,0.0,219.6,0.0,22.1,27.6,27.6,30.6,300.0,300.0,29.5,34.9,29.3,28.700000000000003,31.1,4.95,2.0,4.96,0.16,0.0,0.0,1027.0,8228.0,0.0,0.0,0.0,0.0,0.0,1.0,0.0,0.0,0.0,-0.001,0.0,-0.6000000000000001,0.0,-14.5,-12.9,0.0171,16.0,25903.0
2026-07-30T18:57:40.397Z,29.88,29.892,-7.5,7.4,0.0,0.0,0.0,0.0,0.0,1.0,1.0,0.0,1.0,0.0,0.0,0.0,8.0,6.0,0.0,0.0,0.0,0.0,0.0,0.0,0.0,0.0,5.0,12.0,1.0,12.04,5.01,2.5,1.49,-2.4000000000000004,0.3,2.5,301.0,-0.1,-13.2,1.1,8.700000000000001,-83.30000000000001,0.0,0.0,219.6,0.0,21.9,27.6,27.6,30.6,300.0,300.0,29.5,35.0,29.3,28.8,31.200000000000003,4.95,2.0,4.96,0.16,0.0,0.0,1027.0,8228.0,0.0,0.0,0.0,0.0,0.0,1.0,0.0,0.0,0.0,-0.001,0.0,-0.6000000000000001,0.0,-10.8,-12.7,0.0159,16.0,25903.0
2026-07-30T18:57:40.409Z,29.892,29.904,-7.5,7.4,0.0,0.0,0.0,0.0,0.0,1.0,1.0,0.0,1.0,0.0,0.0,0.0,8.0,6.0,0.0,0.0,0.0,0.0,0.0,0.0,0.0,0.0,6.0,12.0,1.0,12.04,5.01,2.5,1.49,-2.5,0.3,2.5,301.0,-0.1,-13.2,1.1,8.1,-83.30000000000001,0.0,0.0,219.7,0.0,21.9,27.6,27.6,30.6,300.0,300.0,29.5,35.0,29.3,28.8,31.200000000000003,4.95,2.0,4.96,0.16,0.0,0.0,1027.0,8228.0,0.0,0.0,0.0,0.0,0.0,1.0,0.0,0.0,0.0,-0.001,0.0,-0.5,0.0,-10.1,-12.7,0.0167,16.0,25903.0
2026-07-30T18:57:40.421Z,29.904,29.916,-7.4,7.4,0.0,0.0,0.0,0.0,0.0,1.0,1.0,0.0,1.0,0.0,0.0,0.0,8.0,6.0,0.0,0.0,0.0,0.0,0.0,0.0,0.0,0.0,2.0,12.0,1.0,12.04,5.01,2.5,1.49,-2.4000000000000004,0.3,2.5,301.1,-0.1,-12.6,0.5,9.3,-83.30000000000001,0.0,0.0,219.6,0.0,21.9,27.6,27.6,30.6,300.0,300.0,29.5,35.0,29.3,28.8,31.200000000000003,4.95,2.0,4.96,0.16,0.0,0.0,1027.0,8228.0,0.0,0.0,0.0,0.0,0.0,1.0,0.0,0.0,0.0,-0.001,0.0,-1.2000000000000002,0.0,-11.0,-12.8,0.0168,16.0,25903.0
2026-07-30T18:57:40.433Z,29.916,29.928,-7.4,7.4,0.0,0.0,0.0,0.0,0.0,1.0,1.0,0.0,1.0,0.0,0.0,0.0,8.0,6.0,0.0,0.0,0.0,0.0,0.0,0.0,0.0,0.0,3.0,12.0,1.0,12.04,5.01,2.5,1.49,-2.5,0.3,2.5,301.0,-0.1,-13.2,0.5,8.1,-83.30000000000001,0.0,0.0,219.7,0.0,21.9,27.6,27.6,30.6,300.0,300.0,29.5,35.0,29.3,28.8,31.200000000000003,4.96,2.0,4.96,0.16,0.0,0.0,1027.0,8228.0,0.0,0.0,0.0,0.0,0.0,1.0,0.0,0.0,0.0,-0.001,0.0,-1.0,0.0,-9.7,-12.8,0.0167,16.0,25903.0
2026-07-30T18:57:40.445Z,29.928,29.94,-7.4,7.4,0.0,0.0,0.0,0.0,0.0,1.0,1.0,0.0,1.0,0.0,0.0,0.0,8.0,6.0,0.0,0.0,0.0,0.0,0.0,0.0,0.0,0.0,5.0,12.0,1.0,12.04,5.01,2.5,1.49,-2.4000000000000004,0.2,2.4000000000000004,301.0,-0.1,-12.0,2.9000000000000004,9.9,-83.30000000000001,0.0,0.0,219.6,0.0,21.9,27.6,27.6,30.6,300.0,300.0,29.5,35.0,29.3,28.8,31.200000000000003,4.96,2.0,4.96,0.16,0.0,0.0,1027.0,8228.0,0.0,0.0,0.0,0.0,0.0,1.0,0.0,0.0,0.0,-0.001,0.0,0.6000000000000001,0.0,-13.4,-12.8,0.017,16.0,25903.0
2026-07-30T18:57:40.459Z,29.942,29.952,-7.5,7.4,0.0,0.0,0.0,0.0,0.0,1.0,1.0,0.0,1.0,0.0,0.0,0.0,8.0,6.0,0.0,0.0,0.0,0.0,0.0,0.0,0.0,0.0,1.0,12.0,1.0,12.04,5.01,2.5,1.49,-2.4000000000000004,0.2,2.4000000000000004,301.1,-0.1,-12.0,2.3000000000000003,9.3,-83.30000000000001,0.0,0.0,219.7,0.0,21.9,27.6,27.6,30.6,300.0,300.0,29.5,35.0,29.3,28.8,31.200000000000003,4.95,2.0,4.96,0.16,0.0,0.0,1027.0,8228.0,0.0,0.0,0.0,0.0,0.0,1.0,0.0,0.0,0.0,-0.001,0.0,0.2,0.0,-12.3,-12.8,0.0161,16.0,25903.0
2026-07-30T18:57:40.468Z,29.951,29.964,-7.4,7.4,0.0,0.0,0.0,0.0,0.0,1.0,1.0,0.0,1.0,0.0,0.0,0.0,8.0,6.0,0.0,0.0,0.0,0.0,0.0,0.0,0.0,0.0,6.0,12.0,1.0,12.04,5.01,2.5,1.49,-2.4000000000000004,0.3,2.4000000000000004,301.0,-0.1,-10.9,1.1,9.3,-83.30000000000001,0.0,0.0,219.8,0.0,21.9,27.6,27.6,30.6,300.0,300.0,29.5,35.0,29.3,28.8,31.200000000000003,4.95,2.0,4.96,0.16,0.0,0.0,1027.0,8228.0,0.0,0.0,0.0,0.0,0.0,1.0,0.0,0.0,0.0,-0.001,0.0,-0.7000000000000001,0.0,-11.4,-12.8,0.0163,16.0,25903.0
2026-07-30T18:57:40.481Z,29.964,29.976,-7.5,7.4,0.0,0.0,0.0,0.0,0.0,1.0,1.0,0.0,1.0,0.0,0.0,0.0,8.0,6.0,0.0,0.0,0.0,0.0,0.0,0.0,0.0,0.0,1.0,12.0,1.0,12.04,5.01,2.5,1.49,-2.4000000000000004,0.3,2.4000000000000004,301.1,-0.1,-12.0,1.1,10.4,-83.30000000000001,0.0,0.0,219.9,0.0,21.9,27.6,27.6,30.6,300.0,300.0,29.5,35.0,29.3,28.8,31.200000000000003,4.95,2.0,4.96,0.16,0.0,0.0,1027.0,8228.0,0.0,0.0,0.0,0.0,0.0,1.0,0.0,0.0,0.0,-0.001,0.0,-1.0,0.0,-12.7,-12.8,0.0165,16.0,25903.0
2026-07-30T18:57:40.493Z,29.976,29.988,-7.5,7.4,0.0,0.0,0.0,0.0,0.0,1.0,1.0,0.0,1.0,0.0,0.0,0.0,8.0,6.0,0.0,0.0,0.0,0.0,0.0,0.0,0.0,0.0,2.0,12.0,1.0,12.06,5.01,2.5,1.49,-2.3000000000000003,0.2,2.3000000000000003,301.1,-0.1,-11.4,2.3000000000000003,11.6,-83.30000000000001,0.0,0.0,219.8,0.0,22.200000000000003,27.700000000000003,27.700000000000003,30.700000000000003,300.0,300.0,29.4,35.1,29.4,28.8,31.200000000000003,4.95,2.0,4.97,0.16,0.0,0.0,1027.0,8228.0,0.0,0.0,0.0,0.0,0.0,1.0,0.0,0.0,0.0,-0.001,0.0,-0.2,0.0,-14.9,-12.7,0.0162,16.0,25903.0
2026-07-30T18:57:40.505Z,29.988,30.0,-7.4,7.4,0.0,0.0,0.0,0.0,0.0,1.0,1.0,0.0,1.0,0.0,0.0,0.0,8.0,6.0,0.0,0.0,0.0,0.0,0.0,0.0,0.0,0.0,3.0,12.0,1.0,12.06,5.01,2.5,1.49,-2.4000000000000004,0.2,2.4000000000000004,301.0,-0.1,-11.4,2.3000000000000003,9.9,-83.30000000000001,0.0,0.0,219.6,0.0,22.200000000000003,27.700000000000003,27.700000000000003,30.700000000000003,300.0,300.0,29.4,35.1,29.4,28.8,31.200000000000003,4.95,2.0,4.97,0.16,0.0,0.0,1027.0,8228.0,0.0,0.0,0.0,0.0,0.0,1.0,0.0,0.0,0.0,-0.001,0.0,0.1,0.0,-12.9,-12.7,0.0157,16.0,25903.0
2026-07-30T18:57:40.517Z,30.0,30.012,-7.5,7.4,0.0,0.0,0.0,0.0,0.0,1.0,1.0,0.0,1.0,0.0,0.0,0.0,8.0,6.0,0.0,0.0,0.0,0.0,0.0,0.0,0.0,0.0,5.0,12.0,1.0,12.06,5.01,2.5,1.49,-2.3000000000000003,0.2,2.4000000000000004,301.1,-0.1,-10.9,2.3000000000000003,9.9,-83.30000000000001,0.0,0.0,219.6,0.0,22.200000000000003,27.700000000000003,27.700000000000003,30.700000000000003,300.0,300.0,29.4,35.1,29.4,28.8,31.200000000000003,4.95,2.0,4.97,0.16,0.0,0.0,1027.0,8228.0,0.0,0.0,0.0,0.0,0.0,1.0,0.0,0.0,0.0,-0.001,0.0,0.1,0.0,-12.9,-12.8,0.0163,16.0,25903.0
2026-07-30T18:57:40.529Z,30.012,30.024,-7.5,7.4,0.0,0.0,0.0,0.0,0.0,1.0,1.0,0.0,1.0,0.0,0.0,0.0,8.0,6.0,0.0,0.0,0.0,0.0,0.0,0.0,0.0,0.0,6.0,12.0,1.0,12.06,5.01,2.5,1.49,-2.3000000000000003,0.2,2.3000000000000003,301.1,-0.1,-10.9,1.7000000000000002,10.4,-83.30000000000001,0.0,0.0,219.8,0.0,22.200000000000003,27.700000000000003,27.700000000000003,30.700000000000003,300.0,300.0,29.4,35.1,29.4,28.8,31.200000000000003,4.96,2.0,4.96,0.16,0.0,0.0,1027.0,8228.0,0.0,0.0,0.0,0.0,0.0,1.0,0.0,0.0,0.0,-0.001,0.0,-0.5,0.0,-13.2,-12.7,0.016,16.0,25903.0
2026-07-30T18:57:40.541Z,30.024,30.036,-7.4,7.4,0.0,0.0,0.0,0.0,0.0,1.0,1.0,0.0,1.0,0.0,0.0,0.0,8.0,6.0,0.0,0.0,0.0,0.0,0.0,0.0,0.0,0.0,1.0,12.0,1.0,12.06,5.01,2.5,1.49,-2.3000000000000003,0.2,2.3000000000000003,301.0,-0.1,-11.4,2.9000000000000004,10.4,-83.30000000000001,0.0,0.0,219.8,0.0,22.200000000000003,27.700000000000003,27.700000000000003,30.700000000000003,300.0,300.0,29.4,35.1,29.4,28.8,31.200000000000003,4.96,2.0,4.96,0.16,0.0,0.0,1027.0,8228.0,0.0,0.0,0.0,0.0,0.0,1.0,0.0,0.0,0.0,-0.001,0.0,0.5,0.0,-14.0,-12.7,0.0159,16.0,25903.0
2026-07-30T18:57:40.553Z,30.036,30.048,-7.4,7.4,0.0,0.0,0.0,0.0,0.0,1.0,1.0,0.0,1.0,0.0,0.0,0.0,8.0,6.0,0.0,0.0,0.0,0.0,0.0,0.0,0.0,0.0,2.0,12.0,1.0,12.06,5.01,2.5,1.49,-2.4000000000000004,0.3,2.4000000000000004,301.1,-0.1,-10.9,1.7000000000000002,9.9,-83.30000000000001,0.0,0.0,219.7,0.0,22.200000000000003,27.700000000000003,27.700000000000003,30.700000000000003,300.0,300.0,29.4,35.1,29.4,28.8,31.200000000000003,4.95,2.0,4.96,0.16,0.0,0.0,1027.0,8228.0,0.0,0.0,0.0,0.0,0.0,1.0,0.0,0.0,0.0,-0.001,0.0,-0.3,0.0,-12.5,-12.8,0.0158,16.0,25903.0
2026-07-30T18:57:40.565Z,30.048,30.06,-7.4,7.4,0.0,0.0,0.0,0.0,0.0,1.0,1.0,0.0,1.0,0.0,0.0,0.0,8.0,6.0,0.0,0.0,0.0,0.0,0.0,0.0,0.0,0.0,4.0,12.0,1.0,12.06,5.01,2.5,1.49,-2.4000000000000004,0.3,2.4000000000000004,301.0,-0.1,-12.0,1.1,9.9,-83.30000000000001,0.0,0.0,219.6,0.0,22.200000000000003,27.700000000000003,27.700000000000003,30.700000000000003,300.0,300.0,29.4,35.1,29.4,28.8,31.200000000000003,4.96,2.0,4.96,0.16,0.0,0.0,1027.0,8228.0,0.0,0.0,0.0,0.0,0.0,1.0,0.0,0.0,0.0,-0.001,0.0,-0.8,0.0,-12.1,-12.8,0.0162,16.0,25903.0
2026-07-30T18:57:40.577Z,30.06,30.072,-7.5,7.4,0.0,0.0,0.0,0.0,0.0,1.0,1.0,0.0,1.0,0.0,0.0,0.0,8.0,6.0,0.0,0.0,0.0,0.0,0.0,0.0,0.0,0.0,4.0,12.0,1.0,12.06,5.01,2.5,1.49,-2.3000000000000003,0.3,2.3000000000000003,301.0,-0.1,-11.4,1.7000000000000002,11.6,-83.30000000000001,0.0,0.0,219.7,0.0,22.200000000000003,27.700000000000003,27.700000000000003,30.700000000000003,300.0,300.0,29.4,35.1,29.4,28.8,31.200000000000003,4.95,2.0,4.96,0.16,0.0,0.0,1027.0,8228.0,0.0,0.0,0.0,0.0,0.0,1.0,0.0,0.0,0.0,-0.001,0.0,-0.7000000000000001,0.0,-14.5,-12.8,0.0163,16.0,25903.0
2026-07-30T18:57:40.589Z,30.072,30.084,-7.4,7.4,0.0,0.0,0.0,0.0,0.0,1.0,1.0,0.0,1.0,0.0,0.0,0.0,8.0,6.0,0.0,0.0,0.0,0.0,0.0,0.0,0.0,0.0,6.0,12.0,1.0,12.06,5.01,2.5,1.49,-2.2,0.2,2.2,301.1,-0.1,-10.3,2.9000000000000004,12.8,-83.30000000000001,0.0,0.0,219.7,0.0,22.200000000000003,27.700000000000003,27.700000000000003,30.700000000000003,300.0,300.0,29.4,35.1,29.4,28.8,31.200000000000003,4.95,2.0,4.96,0.16,0.0,0.0,1027.0,8228.0,0.0,0.0,0.0,0.0,0.0,1.0,0.0,0.0,0.0,-0.001,0.0,0.0,0.0,-16.7,-12.7,0.0157,16.0,25903.0
2026-07-30T18:57:40.603Z,30.086,30.096,-7.4,7.4,0.0,0.0,0.0,0.0,0.0,1.0,1.0,0.0,1.0,0.0,0.0,0.0,8.0,6.0,0.0,0.0,0.0,0.0,0.0,0.0,0.0,0.0,1.0,12.0,1.0,12.04,5.01,2.51,1.49,-2.4000000000000004,0.2,2.4000000000000004,301.0,-0.1,-11.4,2.3000000000000003,9.9,-83.2,0.0,0.0,219.7,0.0,22.1,27.700000000000003,27.700000000000003,30.700000000000003,300.0,300.0,29.5,35.2,29.4,28.8,31.200000000000003,4.95,2.0,4.96,0.16,0.0,0.0,1027.0,8228.0,0.0,0.0,0.0,0.0,0.0,1.0,0.0,0.0,0.0,-0.001,0.0,0.1,0.0,-12.9,-12.8,0.0152,16.0,25903.0
2026-07-30T18:57:40.612Z,30.095,30.108,-7.4,7.4,0.0,0.0,0.0,0.0,0.0,1.0,1.0,0.0,1.0,0.0,0.0,0.0,8.0,6.0,0.0,0.0,0.0,0.0,0.0,0.0,0.0,0.0,1.0,12.0,1.0,12.04,5.01,2.51,1.49,-2.4000000000000004,0.2,2.4000000000000004,301.0,-0.1,-12.0,2.3000000000000003,9.3,-83.2,0.0,0.0,219.6,0.0,22.1,27.700000000000003,27.700000000000003,30.700000000000003,300.0,300.0,29.5,35.2,29.4,28.8,31.200000000000003,4.96,2.0,4.96,0.16,0.0,0.0,1027.0,8228.0,0.0,0.0,0.0,0.0,0.0,1.0,0.0,0.0,0.0,-0.001,0.0,0.2,0.0,-12.3,-12.8,0.0161,16.0,25903.0
2026-07-30T18:57:40.622Z,30.105,30.117,-7.5,7.4,0.0,0.0,0.0,0.0,0.0,1.0,1.0,0.0,1.0,0.0,0.0,0.0,8.0,6.0,0.0,0.0,0.0,0.0,0.0,0.0,0.0,0.0,1.0,12.0,1.0,12.04,5.01,2.51,1.49,-2.4000000000000004,0.2,2.4000000000000004,301.1,-0.1,-11.4,2.3000000000000003,9.9,-83.2,0.0,0.0,219.6,0.0,22.1,27.700000000000003,27.700000000000003,30.700000000000003,300.0,300.0,29.5,35.2,29.4,28.8,31.200000000000003,4.96,2.0,4.96,0.16,0.0,0.0,1027.0,8228.0,0.0,0.0,0.0,0.0,0.0,1.0,0.0,0.0,0.0,-0.001,0.0,0.1,0.0,-12.9,-12.8,0.0163,16.0,25903.0
2026-07-30T18:57:40.634Z,30.117,30.129,-7.4,7.4,0.0,0.0,0.0,0.0,0.0,1.0,1.0,0.0,1.0,0.0,0.0,0.0,8.0,6.0,0.0,0.0,0.0,0.0,0.0,0.0,0.0,0.0,2.0,12.0,1.0,12.04,5.01,2.51,1.49,-2.4000000000000004,0.2,2.4000000000000004,301.1,-0.1,-11.4,2.9000000000000004,9.3,-83.2,0.0,0.0,219.6,0.0,22.1,27.700000000000003,27.700000000000003,30.700000000000003,300.0,300.0,29.5,35.2,29.4,28.8,31.200000000000003,4.95,2.0,4.96,0.17,0.0,0.0,1027.0,8228.0,0.0,0.0,0.0,0.0,0.0,1.0,0.0,0.0,0.0,-0.001,0.0,0.7000000000000001,0.0,-12.7,-12.7,0.0161,16.0,25903.0
2026-07-30T18:57:40.646Z,30.129,30.141,-7.5,7.4,0.0,0.0,0.0,0.0,0.0,1.0,1.0,0.0,1.0,0.0,0.0,0.0,8.0,6.0,0.0,0.0,0.0,0.0,0.0,0.0,0.0,0.0,3.0,12.0,1.0,12.04,5.01,2.51,1.49,-2.4000000000000004,0.3,2.4000000000000004,300.90000000000003,-0.1,-11.4,1.7000000000000002,10.4,-83.2,0.0,0.0,219.7,0.0,22.1,27.700000000000003,27.700000000000003,30.700000000000003,300.0,300.0,29.5,35.2,29.4,28.8,31.200000000000003,4.95,2.0,4.96,0.16,0.0,0.0,1027.0,8228.0,0.0,0.0,0.0,0.0,0.0,1.0,0.0,0.0,0.0,-0.001,0.0,-0.4,0.0,-13.2,-12.8,0.0162,16.0,25903.0
2026-07-30T18:57:40.655Z,30.138,30.15,-7.5,7.4,0.0,0.0,0.0,0.0,0.0,1.0,1.0,0.0,1.0,0.0,0.0,0.0,8.0,6.0,0.0,0.0,0.0,0.0,0.0,0.0,0.0,0.0,2.0,12.0,1.0,12.04,5.01,2.51,1.49,-2.4000000000000004,0.2,2.4000000000000004,301.1,-0.1,-11.4,1.7000000000000002,9.3,-83.2,0.0,0.0,219.7,0.0,22.1,27.700000000000003,27.700000000000003,30.700000000000003,300.0,300.0,29.5,35.2,29.4,28.8,31.200000000000003,4.95,2.0,4.96,0.16,0.0,0.0,1027.0,8228.0,0.0,0.0,0.0,0.0,0.0,1.0,0.0,0.0,0.0,-0.001,0.0,-0.2,0.0,-11.8,-12.8,0.0161,16.0,25903.0
2026-07-30T18:57:40.667Z,30.15,30.162,-7.5,7.4,0.0,0.0,0.0,0.0,0.0,1.0,1.0,0.0,1.0,0.0,0.0,0.0,8.0,6.0,0.0,0.0,0.0,0.0,0.0,0.0,0.0,0.0,4.0,12.0,1.0,12.04,5.01,2.51,1.49,-2.4000000000000004,0.2,2.4000000000000004,301.0,0.0,-12.6,2.9000000000000004,9.3,-83.2,0.0,0.0,219.7,0.0,22.1,27.700000000000003,27.700000000000003,30.700000000000003,300.0,300.0,29.5,35.2,29.4,28.8,31.200000000000003,4.96,2.0,4.96,0.16,0.0,0.0,1027.0,8228.0,0.0,0.0,0.0,0.0,0.0,1.0,0.0,0.0,0.0,-0.001,0.0,0.7000000000000001,0.0,-12.7,-12.7,0.0163,16.0,25903.0
2026-07-30T18:57:40.678Z,30.161,30.174,-7.4,7.4,0.0,0.0,0.0,0.0,0.0,1.0,1.0,0.0,1.0,0.0,0.0,0.0,8.0,6.0,0.0,0.0,0.0,0.0,0.0,0.0,0.0,0.0,5.0,12.0,1.0,12.04,5.01,2.51,1.49,-2.5,0.3,2.5,301.1,0.0,-12.6,1.1,8.1,-83.2,0.0,0.0,219.6,0.0,22.1,27.700000000000003,27.700000000000003,30.700000000000003,300.0,300.0,29.5,35.2,29.4,28.8,31.200000000000003,4.95,2.0,4.97,0.16,0.0,0.0,1027.0,8228.0,0.0,0.0,0.0,0.0,0.0,1.0,0.0,0.0,0.0,-0.001,0.0,-0.5,0.0,-10.1,-12.8,0.0162,16.0,25903.0
2026-07-30T18:57:40.691Z,30.174,30.186,-7.5,7.4,0.0,0.0,0.0,0.0,0.0,1.0,1.0,0.0,1.0,0.0,0.0,0.0,8.0,6.0,0.0,0.0,0.0,0.0,0.0,0.0,0.0,0.0,1.0,12.0,1.0,12.04,5.01,2.51,1.49,-2.4000000000000004,0.2,2.4000000000000004,301.0,0.0,-12.0,2.3000000000000003,8.700000000000001,-83.2,0.0,0.0,219.6,0.0,22.1,27.700000000000003,27.700000000000003,30.700000000000003,300.0,300.0,29.5,35.2,29.4,28.8,31.200000000000003,4.96,2.0,4.96,0.16,0.0,0.0,1027.0,8228.0,0.0,0.0,0.0,0.0,0.0,1.0,0.0,0.0,0.0,-0.001,0.0,0.3,0.0,-11.6,-12.8,0.0168,16.0,25903.0
2026-07-30T18:57:40.703Z,30.186,30.198,-7.5,7.4,0.0,0.0,0.0,0.0,0.0,1.0,1.0,0.0,1.0,0.0,0.0,0.0,8.0,6.0,0.0,0.0,0.0,0.0,0.0,0.0,0.0,0.0,2.0,12.0,1.0,12.05,5.01,2.5,1.49,-2.4000000000000004,0.3,2.4000000000000004,301.1,-0.1,-13.2,1.1,8.700000000000001,-83.2,0.0,0.0,219.6,0.0,21.9,27.700000000000003,27.700000000000003,30.700000000000003,300.0,300.0,29.4,35.1,29.4,28.8,31.200000000000003,4.96,2.0,4.96,0.16,0.0,0.0,1027.0,8228.0,0.0,0.0,0.0,0.0,0.0,1.0,0.0,0.0,0.0,-0.001,0.0,-0.6000000000000001,0.0,-10.8,-12.8,0.0164,16.0,25903.0
2026-07-30T18:57:40.715Z,30.198,30.21,-7.5,7.4,0.0,0.0,0.0,0.0,0.0,1.0,1.0,0.0,1.0,0.0,0.0,0.0,8.0,6.0,0.0,0.0,0.0,0.0,0.0,0.0,0.0,0.0,3.0,12.0,1.0,12.05,5.01,2.5,1.49,-2.4000000000000004,0.2,2.4000000000000004,301.1,-0.1,-12.0,2.3000000000000003,9.9,-83.2,0.0,0.0,219.7,0.0,21.9,27.700000000000003,27.700000000000003,30.700000000000003,300.0,300.0,29.4,35.1,29.4,28.8,31.200000000000003,4.95,1.99,4.96,0.16,0.0,0.0,1027.0,8228.0,0.0,0.0,0.0,0.0,0.0,1.0,0.0,0.0,0.0,-0.001,0.0,0.1,0.0,-12.9,-12.7,0.0165,16.0,25903.0
2026-07-30T18:57:40.727Z,30.21,30.222,-7.4,7.4,0.0,0.0,0.0,0.0,0.0,1.0,1.0,0.0,1.0,0.0,0.0,0.0,8.0,6.0,0.0,0.0,0.0,0.0,0.0,0.0,0.0,0.0,4.0,12.0,1.0,12.05,5.01,2.5,1.49,-2.4000000000000004,0.3,2.4000000000000004,301.0,-0.1,-12.6,0.5,9.3,-83.2,0.0,0.0,219.8,0.0,21.9,27.700000000000003,27.700000000000003,30.700000000000003,300.0,300.0,29.4,35.1,29.4,28.8,31.200000000000003,4.95,1.99,4.96,0.16,0.0,0.0,1027.0,8228.0,0.0,0.0,0.0,0.0,0.0,1.0,0.0,0.0,0.0,-0.001,0.0,-1.3,0.0,-11.0,-12.8,0.0161,16.0,25903.0
2026-07-30T18:57:40.739Z,30.222,30.234,-7.4,7.4,0.0,0.0,0.0,0.0,0.0,1.0,1.0,0.0,1.0,0.0,0.0,0.0,8.0,6.0,0.0,0.0,0.0,0.0,0.0,0.0,0.0,0.0,6.0,12.0,1.0,12.05,5.01,2.5,1.49,-2.5,0.3,2.5,301.1,-0.1,-12.6,0.5,8.700000000000001,-83.2,0.0,0.0,219.7,0.0,21.9,27.700000000000003,27.700000000000003,30.700000000000003,300.0,300.0,29.4,35.1,29.4,28.8,31.200000000000003,4.96,2.0,4.96,0.16,0.0,0.0,1027.0,8228.0,0.0,0.0,0.0,0.0,0.0,1.0,0.0,0.0,0.0,-0.001,0.0,-1.1,0.0,-10.3,-12.8,0.0166,16.0,25903.0
2026-07-30T18:57:40.751Z,30.234,30.246,-7.4,7.4,0.0,0.0,0.0,0.0,0.0,1.0,1.0,0.0,1.0,0.0,0.0,0.0,8.0,6.0,0.0,0.0,0.0,0.0,0.0,0.0,0.0,0.0,1.0,12.0,1.0,12.05,5.01,2.5,1.49,-2.4000000000000004,0.2,2.4000000000000004,301.1,-0.1,-12.6,1.7000000000000002,9.9,-83.2,0.0,0.0,219.7,0.0,21.9,27.700000000000003,27.700000000000003,30.700000000000003,300.0,300.0,29.4,35.1,29.4,28.8,31.200000000000003,4.96,2.0,4.97,0.16,0.0,0.0,1027.0,8228.0,0.0,0.0,0.0,0.0,0.0,1.0,0.0,0.0,0.0,-0.001,0.0,-0.3,0.0,-12.5,-12.8,0.0168,16.0,25903.0
2026-07-30T18:57:40.763Z,30.246,30.258,-7.4,7.4,0.0,0.0,0.0,0.0,0.0,1.0,1.0,0.0,1.0,0.0,0.0,0.0,8.0,6.0,0.0,0.0,0.0,0.0,0.0,0.0,0.0,0.0,3.0,12.0,1.0,12.05,5.01,2.5,1.49,-2.4000000000000004,0.3,2.4000000000000004,301.1,-0.1,-12.0,1.1,9.9,-83.2,0.0,0.0,219.8,0.0,21.9,27.700000000000003,27.700000000000003,30.700000000000003,300.0,300.0,29.4,35.1,29.4,28.8,31.200000000000003,4.96,2.0,4.97,0.16,0.0,0.0,1027.0,8228.0,0.0,0.0,0.0,0.0,0.0,1.0,0.0,0.0,0.0,-0.001,0.0,-0.9,0.0,-12.1,-12.8,0.0163,16.0,25903.0
2026-07-30T18:57:40.777Z,30.26,30.27,-7.4,7.4,0.0,0.0,0.0,0.0,0.0,1.0,1.0,0.0,1.0,0.0,0.0,0.0,8.0,6.0,0.0,0.0,0.0,0.0,0.0,0.0,0.0,0.0,4.0,12.0,1.0,12.05,5.01,2.5,1.49,-2.4000000000000004,0.2,2.4000000000000004,301.1,-0.1,-12.0,1.7000000000000002,9.3,-83.2,0.0,0.0,219.7,0.0,21.9,27.700000000000003,27.700000000000003,30.700000000000003,300.0,300.0,29.4,35.1,29.4,28.8,31.200000000000003,4.96,2.0,4.96,0.16,0.0,0.0,1027.0,8228.0,0.0,0.0,0.0,0.0,0.0,1.0,0.0,0.0,0.0,-0.001,0.0,-0.2,0.0,-11.8,-12.8,0.016,16.0,25903.0
2026-07-30T18:57:40.787Z,30.27,30.282,-7.5,7.4,0.0,0.0,0.0,0.0,0.0,1.0,1.0,0.0,1.0,0.0,0.0,0.0,8.0,6.0,0.0,0.0,0.0,0.0,0.0,0.0,0.0,0.0,5.0,12.0,1.0,12.05,5.01,2.5,1.49,-2.4000000000000004,0.2,2.4000000000000004,301.1,-0.1,-12.0,1.7000000000000002,9.9,-83.2,0.0,0.0,219.7,0.0,21.9,27.700000000000003,27.700000000000003,30.700000000000003,300.0,300.0,29.4,35.1,29.4,28.8,31.200000000000003,4.95,2.0,4.96,0.16,0.0,0.0,1027.0,8228.0,0.0,0.0,0.0,0.0,0.0,1.0,0.0,0.0,0.0,-0.001,0.0,-0.3,0.0,-12.5,-12.9,0.0161,16.0,25903.0
2026-07-30T18:57:40.799Z,30.282,30.294,-7.5,7.4,0.0,0.0,0.0,0.0,0.0,1.0,1.0,0.0,1.0,0.0,0.0,0.0,8.0,6.0,0.0,0.0,0.0,0.0,0.0,0.0,0.0,0.0,6.0,12.0,1.0,12.08,5.01,2.5,1.5,-2.4000000000000004,0.2,2.4000000000000004,301.0,-0.1,-12.0,2.9000000000000004,9.3,-83.30000000000001,0.0,0.0,219.7,0.0,21.8,27.700000000000003,27.700000000000003,30.700000000000003,300.0,300.0,29.4,35.0,29.5,28.9,31.3,4.95,2.0,4.96,0.16,0.0,0.0,1027.0,8228.0,0.0,0.0,0.0,0.0,0.0,1.0,0.0,0.0,0.0,-0.001,0.0,0.7000000000000001,0.0,-12.7,-12.8,0.0157,16.0,25903.0
2026-07-30T18:57:40.811Z,30.294,30.306,-7.5,7.4,0.0,0.0,0.0,0.0,0.0,1.0,1.0,0.0,1.0,0.0,0.0,0.0,8.0,6.0,0.0,0.0,0.0,0.0,0.0,0.0,0.0,0.0,1.0,12.0,1.0,12.08,5.01,2.5,1.5,-2.3000000000000003,0.2,2.3000000000000003,301.0,-0.1,-10.9,3.5,10.4,-83.30000000000001,0.0,0.0,219.7,0.0,21.8,27.700000000000003,27.700000000000003,30.700000000000003,300.0,300.0,29.4,35.0,29.5,28.9,31.3,4.95,2.0,4.96,0.16,0.0,0.0,1027.0,8228.0,0.0,0.0,0.0,0.0,0.0,1.0,0.0,0.0,0.0,-0.001,0.0,0.5,0.0,-14.0,-12.6,0.0158,16.0,25903.0
2026-07-30T18:57:40.823Z,30.306,30.318,-7.5,7.4,0.0,0.0,0.0,0.0,0.0,1.0,1.0,0.0,1.0,0.0,0.0,0.0,8.0,6.0,0.0,0.0,0.0,0.0,0.0,0.0,0.0,0.0,2.0,12.0,1.0,12.08,5.01,2.5,1.5,-2.4000000000000004,0.2,2.4000000000000004,300.90000000000003,-0.1,-10.9,2.3000000000000003,8.700000000000001,-83.30000000000001,0.0,0.0,219.8,0.0,21.8,27.700000000000003,27.700000000000003,30.700000000000003,300.0,300.0,29.4,35.0,29.5,28.9,31.3,4.95,2.0,4.96,0.16,0.0,0.0,1027.0,8228.0,0.0,0.0,0.0,0.0,0.0,1.0,0.0,0.0,0.0,-0.001,0.0,0.3,0.0,-11.6,-12.7,0.0158,16.0,25903.0
2026-07-30T18:57:40.835Z,30.318,30.33,-7.5,7.4,0.0,0.0,0.0,0.0,0.0,1.0,1.0,0.0,1.0,0.0,0.0,0.0,8.0,6.0,0.0,0.0,0.0,0.0,0.0,0.0,0.0,0.0,3.0,12.0,1.0,12.08,5.01,2.5,1.5,-2.3000000000000003,0.2,2.3000000000000003,301.0,-0.1,-12.0,2.9000000000000004,11.0,-83.30000000000001,0.0,0.0,219.8,0.0,21.8,27.700000000000003,27.700000000000003,30.700000000000003,300.0,300.0,29.4,35.0,29.5,28.9,31.3,4.95,2.0,4.96,0.16,0.0,0.0,1027.0,8228.0,0.0,0.0,0.0,0.0,0.0,1.0,0.0,0.0,0.0,-0.001,0.0,0.4,0.0,-14.7,-12.7,0.0159,16.0,25903.0
2026-07-30T18:57:40.847Z,30.33,30.342,-7.5,7.4,0.0,0.0,0.0,0.0,0.0,1.0,1.0,0.0,1.0,0.0,0.0,0.0,8.0,6.0,0.0,0.0,0.0,0.0,0.0,0.0,0.0,0.0,5.0,12.0,1.0,12.08,5.01,2.5,1.5,-2.3000000000000003,0.2,2.3000000000000003,301.1,-0.1,-11.4,2.9000000000000004,9.9,-83.30000000000001,0.0,0.0,219.8,0.0,21.8,27.700000000000003,27.700000000000003,30.700000000000003,300.0,300.0,29.4,35.0,29.5,28.9,31.3,4.95,2.0,4.97,0.16,0.0,0.0,1027.0,8228.0,0.0,0.0,0.0,0.0,0.0,1.0,0.0,0.0,0.0,-0.001,0.0,0.2,0.0,-12.3,-12.7,0.0164,16.0,25903.0
2026-07-30T18:57:40.859Z,30.342,30.354,-7.4,7.4,0.0,0.0,0.0,0.0,0.0,1.0,1.0,0.0,1.0,0.0,0.0,0.0,8.0,6.0,0.0,0.0,0.0,0.0,0.0,0.0,0.0,0.0,6.0,12.0,1.0,12.08,5.01,2.5,1.5,-2.3000000000000003,0.2,2.4000000000000004,300.90000000000003,-0.1,-12.0,3.5,9.3,-83.30000000000001,0.0,0.0,219.8,0.0,21.8,27.700000000000003,27.700000000000003,30.700000000000003,300.0,300.0,29.4,35.0,29.5,28.9,31.3,4.96,2.0,4.97,0.16,0.0,0.0,1027.0,8228.0,0.0,0.0,0.0,0.0,0.0,1.0,0.0,0.0,0.0,-0.001,0.0,0.4,0.0,-14.7,-12.7,0.0161,16.0,25903.0
2026-07-30T18:57:40.871Z,30.354,30.366,-7.4,7.4,0.0,0.0,0.0,0.0,0.0,1.0,1.0,0.0,1.0,0.0,0.0,0.0,8.0,6.0,0.0,0.0,0.0,0.0,0.0,0.0,0.0,0.0,1.0,12.0,1.0,12.08,5.01,2.5,1.5,-2.4000000000000004,0.3,2.5,301.1,-0.1,-10.9,2.9000000000000004,12.2,-83.30000000000001,0.0,0.0,219.8,0.0,21.8,27.700000000000003,27.700000000000003,30.700000000000003,300.0,300.0,29.4,35.0,29.5,28.9,31.3,4.95,2.0,4.97,0.16,0.0,0.0,1027.0,8228.0,0.0,0.0,0.0,0.0,0.0,1.0,0.0,0.0,0.0,-0.001,0.0,-0.7000000000000001,0.0,-11.4,-12.8,0.0157,16.0,25903.0
2026-07-30T18:57:40.883Z,30.366,30.378,-7.5,7.4,0.0,0.0,0.0,0.0,0.0,1.0,1.0,0.0,1.0,0.0,0.0,0.0,8.0,6.0,0.0,0.0,0.0,0.0,0.0,0.0,0.0,0.0,3.0,12.0,1.0,12.08,5.01,2.5,1.5,-2.3000000000000003,0.2,2.4000000000000004,301.1,-0.1,-11.4,1.7000000000000002,11.0,-83.30000000000001,0.0,0.0,219.8,0.0,21.8,27.700000000000003,27.700000000000003,30.700000000000003,300.0,300.0,29.4,35.0,29.5,28.9,31.3,4.95,2.0,4.96,0.16,0.0,0.0,1027.0,8228.0,0.0,0.0,0.0,0.0,0.0,1.0,0.0,0.0,0.0,-0.001,0.0,-0.6000000000000001,0.0,-13.8,-12.9,0.0167,16.0,25903.0
2026-07-30T18:57:40.895Z,30.378,30.39,-7.5,7.4,0.0,0.0,0.0,0.0,0.0,1.0,1.0,0.0,1.0,0.0,0.0,0.0,8.0,6.0,0.0,0.0,0.0,0.0,0.0,0.0,0.0,0.0,4.0,12.0,1.0,12.08,5.01,2.5,1.5,-2.4000000000000004,0.2,2.4000000000000004,301.1,-0.1,-12.6,1.7000000000000002,8.1,-83.30000000000001,0.0,0.0,219.9,0.0,21.8,27.700000000000003,27.700000000000003,30.700000000000003,300.0,300.0,29.4,35.0,29.5,28.9,31.3,4.95,2.0,4.96,0.16,0.0,0.0,1027.0,8228.0,0.0,0.0,0.0,0.0,0.0,1.0,0.0,0.0,0.0,-0.001,0.0,0.0,0.0,-10.5,-12.7,0.016,16.0,25903.0
2026-07-30T18:57:40.907Z,30.39,30.402,-7.4,7.4,0.0,0.0,0.0,0.0,0.0,1.0,1.0,0.0,1.0,0.0,0.0,0.0,8.0,6.0,0.0,0.0,0.0,0.0,0.0,0.0,0.0,0.0,6.0,12.0,1.0,12.05,5.01,2.51,1.49,-2.5,0.3,2.5,301.1,-0.1,-12.6,0.0,8.700000000000001,-83.30000000000001,0.0,0.0,219.8,0.0,22.200000000000003,27.700000000000003,27.700000000000003,30.700000000000003,300.0,300.0,29.4,35.1,29.5,28.9,31.3,4.96,2.0,4.96,0.16,0.0,0.0,1027.0,8228.0,0.0,0.0,0.0,0.0,0.0,1.0,0.0,0.0,0.0,-0.001,0.0,-1.7000000000000002,0.0,-9.9,-12.7,0.0166,16.0,25903.0
2026-07-30T18:57:40.921Z,30.404,30.414,-7.5,7.4,0.0,0.0,0.0,0.0,0.0,1.0,1.0,0.0,1.0,0.0,0.0,0.0,8.0,6.0,0.0,0.0,0.0,0.0,0.0,0.0,0.0,0.0,1.0,12.0,1.0,12.05,5.01,2.51,1.49,-2.4000000000000004,0.2,2.4000000000000004,301.1,-0.1,-13.2,2.3000000000000003,9.3,-83.4,0.0,0.0,219.9,0.0,22.200000000000003,27.700000000000003,27.700000000000003,30.700000000000003,300.0,300.0,29.4,35.1,29.5,28.9,31.3,4.95,2.0,4.96,0.16,0.0,0.0,1027.0,8228.0,0.0,0.0,0.0,0.0,0.0,1.0,0.0,0.0,0.0,-0.001,0.0,0.2,0.0,-12.3,-12.8,0.0169,16.0,25903.0
2026-07-30T18:57:40.931Z,30.414,30.426,-7.4,7.4,0.0,0.0,0.0,0.0,0.0,1.0,1.0,0.0,1.0,0.0,0.0,0.0,8.0,6.0,0.0,0.0,0.0,0.0,0.0,0.0,0.0,0.0,6.0,12.0,1.0,12.05,5.01,2.51,1.49,-2.4000000000000004,0.2,2.4000000000000004,301.2,-0.1,-12.0,1.1,8.700000000000001,-83.4,0.0,0.0,219.9,0.0,22.200000000000003,27.700000000000003,27.700000000000003,30.700000000000003,300.0,300.0,29.4,35.1,29.5,28.9,31.3,4.96,2.0,4.96,0.16,0.0,0.0,1027.0,8228.0,0.0,0.0,0.0,0.0,0.0,1.0,0.0,0.0,0.0,-0.001,0.0,-0.6000000000000001,0.0,-10.7,-12.8,0.0162,16.0,25903.0
2026-07-30T18:57:40.943Z,30.426,30.438,-7.4,7.4,0.0,0.0,0.0,0.0,0.0,1.0,1.0,0.0,1.0,0.0,0.0,0.0,8.0,6.0,0.0,0.0,0.0,0.0,0.0,0.0,0.0,0.0,2.0,12.0,1.0,12.05,5.01,2.51,1.49,-2.4000000000000004,0.2,2.4000000000000004,301.0,-0.1,-12.0,1.1,9.3,-83.4,0.0,0.0,219.8,0.0,22.200000000000003,27.700000000000003,27.700000000000003,30.700000000000003,300.0,300.0,29.4,35.1,29.5,28.9,31.3,4.96,2.0,4.96,0.17,0.0,0.0,1027.0,8228.0,0.0,0.0,0.0,0.0,0.0,1.0,0.0,0.0,0.0,-0.001,0.0,-0.7000000000000001,0.0,-11.4,-12.8,0.0166,16.0,25903.0
2026-07-30T18:57:40.955Z,30.438,30.45,-7.4,7.4,0.0,0.0,0.0,0.0,0.0,1.0,1.0,0.0,1.0,0.0,0.0,0.0,8.0,6.0,0.0,0.0,0.0,0.0,0.0,0.0,0.0,0.0,3.0,12.0,1.0,12.05,5.01,2.51,1.49,-2.4000000000000004,0.2,2.4000000000000004,301.1,-0.1,-11.4,1.7000000000000002,9.3,-83.4,0.0,0.0,219.8,0.0,22.200000000000003,27.700000000000003,27.700000000000003,30.700000000000003,300.0,300.0,29.4,35.1,29.5,28.9,31.3,4.95,2.0,4.96,0.16,0.0,0.0,1027.0,8228.0,0.0,0.0,0.0,0.0,0.0,1.0,0.0,0.0,0.0,-0.001,0.0,-0.2,0.0,-11.8,-12.8,0.0165,16.0,25903.0
2026-07-30T18:57:40.967Z,30.45,30.462,-7.4,7.4,0.0,0.0,0.0,0.0,0.0,1.0,1.0,0.0,1.0,0.0,0.0,0.0,8.0,6.0,0.0,0.0,0.0,0.0,0.0,0.0,0.0,0.0,3.0,12.0,1.0,12.05,5.01,2.51,1.49,-2.3000000000000003,0.2,2.3000000000000003,301.1,-0.1,-11.4,2.3000000000000003,11.6,-83.4,0.0,0.0,219.8,0.0,22.200000000000003,27.700000000000003,27.700000000000003,30.700000000000003,300.0,300.0,29.4,35.1,29.5,28.9,31.3,4.95,2.0,4.96,0.16,0.0,0.0,1027.0,8228.0,0.0,0.0,0.0,0.0,0.0,1.0,0.0,0.0,0.0,-0.001,0.0,-0.2,0.0,-14.9,-12.8,0.0164,16.0,25903.0
2026-07-30T18:57:40.979Z,30.462,30.474,-7.5,7.4,0.0,0.0,0.0,0.0,0.0,1.0,1.0,0.0,1.0,0.0,0.0,0.0,8.0,6.0,0.0,0.0,0.0,0.0,0.0,0.0,0.0,0.0,4.0,12.0,1.0,12.05,5.01,2.51,1.49,-2.4000000000000004,0.2,2.4000000000000004,301.0,-0.1,-10.9,2.3000000000000003,9.9,-83.4,0.0,0.0,219.8,0.0,22.200000000000003,27.700000000000003,27.700000000000003,30.700000000000003,300.0,300.0,29.4,35.1,29.5,28.9,31.3,4.95,2.0,4.97,0.16,0.0,0.0,1027.0,8228.0,0.0,0.0,0.0,0.0,0.0,1.0,0.0,0.0,0.0,-0.001,0.0,0.1,0.0,-12.9,-12.8,0.0158,16.0,25903.0
2026-07-30T18:57:40.991Z,30.474,30.486,-7.5,7.4,0.0,0.0,0.0,0.0,0.0,1.0,1.0,0.0,1.0,0.0,0.0,0.0,8.0,6.0,0.0,0.0,0.0,0.0,0.0,0.0,0.0,0.0,6.0,12.0,1.0,12.05,5.01,2.51,1.49,-2.4000000000000004,0.2,2.4000000000000004,301.1,-0.1,-10.9,2.3000000000000003,9.3,-83.4,0.0,0.0,219.8,0.0,22.200000000000003,27.700000000000003,27.700000000000003,30.700000000000003,300.0,300.0,29.4,35.1,29.5,28.9,31.3,4.95,2.0,4.97,0.16,0.0,0.0,1027.0,8228.0,0.0,0.0,0.0,0.0,0.0,1.0,0.0,0.0,0.0,-0.001,0.0,0.2,0.0,-12.3,-12.8,0.0161,16.0,25903.0
2026-07-30T18:57:41.003Z,30.486,30.498,-7.5,7.4,0.0,0.0,0.0,0.0,0.0,1.0,1.0,0.0,1.0,0.0,0.0,0.0,8.0,6.0,0.0,0.0,0.0,0.0,0.0,0.0,0.0,0.0,1.0,12.0,1.0,12.05,5.0200000000000005,2.51,1.49,-2.3000000000000003,0.2,2.3000000000000003,301.1,-0.1,-11.4,3.5,11.0,-83.4,0.0,0.0,219.8,0.0,22.1,27.8,27.8,30.8,300.0,300.0,29.4,35.2,29.6,28.9,31.4,4.96,2.0,4.97,0.16,0.0,0.0,1027.0,8228.0,0.0,0.0,0.0,0.0,0.0,1.0,0.0,0.0,0.0,-0.001,0.0,0.9,0.0,-15.1,-12.7,0.0161,16.0,25903.0
2026-07-30T18:57:41.015Z,30.498,30.51,-7.4,7.4,0.0,0.0,0.0,0.0,0.0,1.0,1.0,0.0,1.0,0.0,0.0,0.0,8.0,6.0,0.0,0.0,0.0,0.0,0.0,0.0,0.0,0.0,2.0,12.0,1.0,12.05,5.0200000000000005,2.51,1.49,-2.3000000000000003,0.2,2.3000000000000003,300.90000000000003,-0.1,-10.9,2.3000000000000003,11.0,-83.4,0.0,0.0,219.8,0.0,22.1,27.8,27.8,30.8,300.0,300.0,29.4,35.2,29.6,28.9,31.4,4.96,2.0,4.96,0.16,0.0,0.0,1027.0,8228.0,0.0,0.0,0.0,0.0,0.0,1.0,0.0,0.0,0.0,-0.001,0.0,-0.1,0.0,-14.3,-12.7,0.0155,16.0,25903.0
2026-07-30T18:57:41.027Z,30.51,30.522,-7.5,7.4,0.0,0.0,0.0,0.0,0.0,1.0,1.0,0.0,1.0,0.0,0.0,0.0,8.0,6.0,0.0,0.0,0.0,0.0,0.0,0.0,0.0,0.0,3.0,12.0,1.0,12.05,5.0200000000000005,2.51,1.49,-2.3000000000000003,0.2,2.3000000000000003,301.1,-0.1,-10.3,2.3000000000000003,9.9,-83.4,0.0,0.0,219.9,0.0,22.1,27.8,27.8,30.8,300.0,300.0,29.4,35.2,29.6,28.9,31.4,4.95,2.0,4.96,0.16,0.0,0.0,1027.0,8228.0,0.0,0.0,0.0,0.0,0.0,1.0,0.0,0.0,0.0,-0.001,0.0,0.1,0.0,-12.9,-12.8,0.0158,16.0,25903.0
2026-07-30T18:57:41.039Z,30.522,30.534,-7.5,7.4,0.0,0.0,0.0,0.0,0.0,1.0,1.0,0.0,1.0,0.0,0.0,0.0,8.0,6.0,0.0,0.0,0.0,0.0,0.0,0.0,0.0,0.0,4.0,12.0,1.0,12.05,5.0200000000000005,2.51,1.49,-2.3000000000000003,0.2,2.3000000000000003,301.2,-0.1,-11.4,2.3000000000000003,10.4,-83.4,0.0,0.0,219.8,0.0,22.1,27.8,27.8,30.8,300.0,300.0,29.4,35.2,29.6,28.9,31.4,4.95,2.0,4.96,0.16,0.0,0.0,1027.0,8228.0,0.0,0.0,0.0,0.0,0.0,1.0,0.0,0.0,0.0,-0.001,0.0,0.0,0.0,-13.6,-12.7,0.0159,16.0,25903.0
2026-07-30T18:57:41.051Z,30.534,30.546,-7.4,7.4,0.0,0.0,0.0,0.0,0.0,1.0,1.0,0.0,1.0,0.0,0.0,0.0,8.0,6.0,0.0,0.0,0.0,0.0,0.0,0.0,0.0,0.0,5.0,12.0,1.0,12.05,5.0200000000000005,2.51,1.49,-2.3000000000000003,0.2,2.3000000000000003,301.1,-0.1,-9.7,3.5,9.9,-83.30000000000001,0.0,0.0,219.8,0.0,22.1,27.8,27.8,30.8,300.0,300.0,29.4,35.2,29.6,28.9,31.4,4.96,2.0,4.96,0.16,0.0,0.0,1027.0,8228.0,0.0,0.0,0.0,0.0,0.0,1.0,0.0,0.0,0.0,-0.001,0.0,1.1,0.0,-13.8,-12.7,0.0158,16.0,25903.0
2026-07-30T18:57:41.063Z,30.546,30.558,-7.4,7.4,0.0,0.0,0.0,0.0,0.0,1.0,1.0,0.0,1.0,0.0,0.0,0.0,8.0,6.0,0.0,0.0,0.0,0.0,0.0,0.0,0.0,0.0,6.0,12.0,1.0,12.05,5.0200000000000005,2.51,1.49,-2.3000000000000003,0.3,2.3000000000000003,301.1,-0.1,-11.4,1.7000000000000002,11.0,-83.30000000000001,0.0,0.0,219.8,0.0,22.1,27.8,27.8,30.8,300.0,300.0,29.4,35.2,29.6,28.9,31.4,4.95,2.0,4.96,0.16,0.0,0.0,1027.0,8228.0,0.0,0.0,0.0,0.0,0.0,1.0,0.0,0.0,0.0,-0.001,0.0,-0.6000000000000001,0.0,-13.8,-12.8,0.0158,16.0,25903.0
2026-07-30T18:57:41.075Z,30.558,30.57,-7.4,7.4,0.0,0.0,0.0,0.0,0.0,1.0,1.0,0.0,1.0,0.0,0.0,0.0,8.0,6.0,0.0,0.0,0.0,0.0,0.0,0.0,0.0,0.0,1.0,12.0,1.0,12.05,5.0200000000000005,2.51,1.49,-2.3000000000000003,0.2,2.4000000000000004,301.1,-0.1,-11.4,2.3000000000000003,10.4,-83.30000000000001,0.0,0.0,219.6,0.0,22.1,27.8,27.8,30.8,300.0,300.0,29.4,35.2,29.6,28.9,31.4,4.96,2.0,4.96,0.16,0.0,0.0,1027.0,8228.0,0.0,0.0,0.0,0.0,0.0,1.0,0.0,0.0,0.0,-0.001,0.0,0.0,0.0,-13.6,-12.8,0.0159,16.0,25903.0
2026-07-30T18:57:41.087Z,30.57,30.582,-7.5,7.4,0.0,0.0,0.0,0.0,0.0,1.0,1.0,0.0,1.0,0.0,0.0,0.0,8.0,6.0,0.0,0.0,0.0,0.0,0.0,0.0,0.0,0.0,2.0,12.0,1.0,12.05,5.0200000000000005,2.51,1.49,-2.4000000000000004,0.2,2.4000000000000004,301.0,-0.1,-10.9,2.3000000000000003,9.9,-83.30000000000001,0.0,0.0,219.6,0.0,22.1,27.8,27.8,30.8,300.0,300.0,29.4,35.2,29.6,28.9,31.4,4.96,2.0,4.96,0.16,0.0,0.0,1027.0,8228.0,0.0,0.0,0.0,0.0,0.0,1.0,0.0,0.0,0.0,-0.001,0.0,0.1,0.0,-12.9,-12.8,0.016,16.0,25903.0
2026-07-30T18:57:41.099Z,30.582,30.594,-7.4,7.4,0.0,0.0,0.0,0.0,0.0,1.0,1.0,0.0,1.0,0.0,0.0,0.0,8.0,6.0,0.0,0.0,0.0,0.0,0.0,0.0,0.0,0.0,3.0,12.0,1.0,12.05,5.0200000000000005,2.51,1.49,-2.4000000000000004,0.2,2.4000000000000004,301.0,-0.1,-10.9,2.3000000000000003,9.3,-83.30000000000001,0.0,0.0,219.6,0.0,22.1,27.8,27.8,30.8,300.0,300.0,29.4,35.2,29.6,28.9,31.4,4.96,2.0,4.96,0.16,0.0,0.0,1027.0,8228.0,0.0,0.0,0.0,0.0,0.0,1.0,0.0,0.0,0.0,-0.001,0.0,0.2,0.0,-12.3,-12.7,0.0161,16.0,25903.0
2026-07-30T18:57:41.111Z,30.594,30.606,-7.4,7.4,0.0,0.0,0.0,0.0,0.0,1.0,1.0,0.0,1.0,0.0,0.0,0.0,8.0,6.0,0.0,0.0,0.0,0.0,0.0,0.0,0.0,0.0,4.0,12.0,1.0,12.11,5.0200000000000005,2.51,1.49,-2.3000000000000003,0.2,2.4000000000000004,301.1,-0.1,-12.0,2.9000000000000004,10.4,-83.30000000000001,0.0,0.0,219.6,0.0,22.1,27.8,27.8,30.8,300.0,300.0,29.3,35.300000000000004,29.6,29.0,31.4,4.96,2.0,4.96,0.16,0.0,0.0,1027.0,8228.0,0.0,0.0,0.0,0.0,0.0,1.0,0.0,0.0,0.0,-0.001,0.0,0.5,0.0,-14.0,-12.8,0.0163,16.0,25903.0
2026-07-30T18:57:41.123Z,30.606,30.618,-7.4,7.4,0.0,0.0,0.0,0.0,0.0,1.0,1.0,0.0,1.0,0.0,0.0,0.0,8.0,6.0,0.0,0.0,0.0,0.0,0.0,0.0,0.0,0.0,5.0,12.0,1.0,12.11,5.0200000000000005,2.51,1.49,-2.3000000000000003,0.2,2.3000000000000003,301.0,-0.1,-11.4,2.9000000000000004,11.0,-83.30000000000001,0.0,0.0,219.7,0.0,22.1,27.8,27.8,30.8,300.0,300.0,29.3,35.300000000000004,29.6,29.0,31.4,4.96,2.0,4.96,0.16,0.0,0.0,1027.0,8228.0,0.0,0.0,0.0,0.0,0.0,1.0,0.0,0.0,0.0,-0.001,0.0,0.4,0.0,-14.7,-12.9,0.016,16.0,25903.0
2026-07-30T18:57:41.134Z,30.617,30.63,-7.5,7.4,0.0,0.0,0.0,0.0,0.0,1.0,1.0,0.0,1.0,0.0,0.0,0.0,8.0,6.0,0.0,0.0,0.0,0.0,0.0,0.0,0.0,0.0,6.0,12.0,1.0,12.11,5.0200000000000005,2.51,1.49,-2.4000000000000004,0.2,2.4000000000000004,301.1,0.0,-12.0,2.9000000000000004,9.9,-83.30000000000001,0.0,0.0,219.7,0.0,22.1,27.8,27.8,30.8,300.0,300.0,29.3,35.300000000000004,29.6,29.0,31.4,4.96,2.0,4.97,0.16,0.0,0.0,1027.0,8228.0,0.0,0.0,0.0,0.0,0.0,1.0,0.0,0.0,0.0,-0.001,0.0,0.6000000000000001,0.0,-13.4,-12.8,0.0158,16.0,25903.0
2026-07-30T18:57:41.147Z,30.63,30.642,-7.5,7.4,0.0,0.0,0.0,0.0,0.0,1.0,1.0,0.0,1.0,0.0,0.0,0.0,8.0,6.0,0.0,0.0,0.0,0.0,0.0,0.0,0.0,0.0,1.0,12.0,1.0,12.11,5.0200000000000005,2.51,1.49,-2.4000000000000004,0.2,2.4000000000000004,301.1,-0.1,-12.0,2.3000000000000003,8.700000000000001,-83.30000000000001,0.0,0.0,219.7,0.0,22.1,27.8,27.8,30.8,300.0,300.0,29.3,35.300000000000004,29.6,29.0,31.4,4.95,2.0,4.97,0.16,0.0,0.0,1027.0,8228.0,0.0,0.0,0.0,0.0,0.0,1.0,0.0,0.0,0.0,-0.001,0.0,0.3,0.0,-11.6,-12.8,0.0161,16.0,25903.0
2026-07-30T18:57:41.159Z,30.642,30.654,-7.5,7.4,0.0,0.0,0.0,0.0,0.0,1.0,1.0,0.0,1.0,0.0,0.0,0.0,8.0,6.0,0.0,0.0,0.0,0.0,0.0,0.0,0.0,0.0,2.0,12.0,1.0,12.11,5.0200000000000005,2.51,1.49,-2.3000000000000003,0.2,2.3000000000000003,301.1,0.0,-11.4,2.3000000000000003,11.0,-83.30000000000001,0.0,0.0,219.8,0.0,22.1,27.8,27.8,30.8,300.0,300.0,29.3,35.300000000000004,29.6,29.0,31.4,4.96,2.0,4.97,0.16,0.0,0.0,1027.0,8228.0,0.0,0.0,0.0,0.0,0.0,1.0,0.0,0.0,0.0,-0.001,0.0,-0.1,0.0,-14.3,-12.7,0.0164,16.0,25903.0
2026-07-30T18:57:41.171Z,30.654,30.666,-7.4,7.4,0.0,0.0,0.0,0.0,0.0,1.0,1.0,0.0,1.0,0.0,0.0,0.0,8.0,6.0,0.0,0.0,0.0,0.0,0.0,0.0,0.0,0.0,3.0,12.0,1.0,12.11,5.0200000000000005,2.51,1.49,-2.4000000000000004,0.3,2.5,301.1,0.0,-12.6,1.1,8.700000000000001,-83.30000000000001,0.0,0.0,219.7,0.0,22.1,27.8,27.8,30.8,300.0,300.0,29.3,35.300000000000004,29.6,29.0,31.4,4.95,2.0,4.96,0.16,0.0,0.0,1027.0,8228.0,0.0,0.0,0.0,0.0,0.0,1.0,0.0,0.0,0.0,-0.001,0.0,-0.6000000000000001,0.0,-10.8,-12.7,0.0158,16.0,25903.0
2026-07-30T18:57:41.183Z,30.666,30.678,-7.5,7.4,0.0,0.0,0.0,0.0,0.0,1.0,1.0,0.0,1.0,0.0,0.0,0.0,8.0,6.0,0.0,0.0,0.0,0.0,0.0,0.0,0.0,0.0,5.0,12.0,1.0,12.11,5.0200000000000005,2.51,1.49,-2.4000000000000004,0.3,2.5,301.0,0.0,-13.2,0.5,8.700000000000001,-83.30000000000001,0.0,0.0,219.8,0.0,22.1,27.8,27.8,30.8,300.0,300.0,29.3,35.300000000000004,29.6,29.0,31.4,4.95,2.0,4.97,0.16,0.0,0.0,1027.0,8228.0,0.0,0.0,0.0,0.0,0.0,1.0,0.0,0.0,0.0,-0.001,0.0,-1.2000000000000002,0.0,-10.3,-12.8,0.0167,16.0,25903.0
2026-07-30T18:57:41.195Z,30.678,30.69,-7.5,7.4,0.0,0.0,0.0,0.0,0.0,1.0,1.0,0.0,1.0,0.0,0.0,0.0,8.0,6.0,0.0,0.0,0.0,0.0,0.0,0.0,0.0,0.0,6.0,12.0,1.0,12.11,5.0200000000000005,2.51,1.49,-2.5,0.3,2.5,301.0,-0.1,-12.6,0.5,7.5,-83.30000000000001,0.0,0.0,219.8,0.0,22.1,27.8,27.8,30.8,300.0,300.0,29.3,35.300000000000004,29.6,29.0,31.4,4.95,2.0,4.97,0.16,0.0,0.0,1027.0,8228.0,0.0,0.0,0.0,0.0,0.0,1.0,0.0,0.0,0.0,-0.001,0.0,-0.9,0.0,-9.0,-12.7,0.0167,16.0,25903.0
2026-07-30T18:57:41.207Z,30.69,30.702,-7.5,7.4,0.0,0.0,0.0,0.0,0.0,1.0,1.0,0.0,1.0,0.0,0.0,0.0,8.0,6.0,0.0,0.0,0.0,0.0,0.0,0.0,0.0,0.0,1.0,12.0,1.0,12.05,5.01,2.5,1.49,-2.4000000000000004,0.2,2.4000000000000004,301.1,-0.1,-12.6,1.7000000000000002,9.3,-83.30000000000001,0.0,0.0,219.7,0.0,22.1,27.8,27.8,30.8,300.0,300.0,29.5,35.2,29.6,29.0,31.3,4.95,2.0,4.96,0.16,0.0,0.0,1027.0,8228.0,0.0,0.0,0.0,0.0,0.0,1.0,0.0,0.0,0.0,-0.001,0.0,-0.2,0.0,-11.8,-12.7,0.017,16.0,25903.0
2026-07-30T18:57:41.219Z,30.702,30.714,-7.4,7.4,0.0,0.0,0.0,0.0,0.0,1.0,1.0,0.0,1.0,0.0,0.0,0.0,8.0,6.0,0.0,0.0,0.0,0.0,0.0,0.0,0.0,0.0,2.0,12.0,1.0,12.05,5.01,2.5,1.49,-2.4000000000000004,0.3,2.5,301.0,0.0,-12.0,1.1,8.700000000000001,-83.30000000000001,0.0,0.0,219.7,0.0,22.1,27.8,27.8,30.8,300.0,300.0,29.5,35.2,29.6,29.0,31.3,4.95,2.0,4.97,0.16,0.0,0.0,1027.0,8228.0,0.0,0.0,0.0,0.0,0.0,1.0,0.0,0.0,0.0,-0.001,0.0,-0.6000000000000001,0.0,-10.8,-12.7,0.0163,16.0,25903.0
2026-07-30T18:57:41.234Z,30.717,30.726,-7.5,7.4,0.0,0.0,0.0,0.0,0.0,1.0,1.0,0.0,1.0,0.0,0.0,0.0,8.0,6.0,0.0,0.0,0.0,0.0,0.0,0.0,0.0,0.0,3.0,12.0,1.0,12.05,5.01,2.5,1.49,-2.4000000000000004,0.2,2.4000000000000004,301.1,-0.1,-12.6,1.1,8.700000000000001,-83.30000000000001,0.0,0.0,219.7,0.0,22.1,27.8,27.8,30.8,300.0,300.0,29.5,35.2,29.6,29.0,31.3,4.95,2.0,4.97,0.16,0.0,0.0,1027.0,8228.0,0.0,0.0,0.0,0.0,0.0,1.0,0.0,0.0,0.0,-0.001,0.0,-0.6000000000000001,0.0,-10.8,-12.8,0.0167,16.0,25903.0
2026-07-30T18:57:41.243Z,30.726,30.738,-7.4,7.4,0.0,0.0,0.0,0.0,0.0,1.0,1.0,0.0,1.0,0.0,0.0,0.0,8.0,6.0,0.0,0.0,0.0,0.0,0.0,0.0,0.0,0.0,4.0,12.0,1.0,12.05,5.01,2.5,1.49,-2.4000000000000004,0.2,2.4000000000000004,301.1,-0.1,-12.0,2.9000000000000004,9.9,-83.30000000000001,0.0,0.0,219.7,0.0,22.1,27.8,27.8,30.8,300.0,300.0,29.5,35.2,29.6,29.0,31.3,4.96,2.0,4.97,0.16,0.0,0.0,1027.0,8228.0,0.0,0.0,0.0,0.0,0.0,1.0,0.0,0.0,0.0,-0.001,0.0,0.6000000000000001,0.0,-13.4,-12.7,0.0166,16.0,25903.0
2026-07-30T18:57:41.255Z,30.738,30.75,-7.4,7.4,0.0,0.0,0.0,0.0,0.0,1.0,1.0,0.0,1.0,0.0,0.0,0.0,8.0,6.0,0.0,0.0,0.0,0.0,0.0,0.0,0.0,0.0,6.0,12.0,1.0,12.05,5.01,2.5,1.49,-2.4000000000000004,0.3,2.5,301.0,-0.1,-11.4,1.1,8.700000000000001,-83.30000000000001,0.0,0.0,219.8,0.0,22.1,27.8,27.8,30.8,300.0,300.0,29.5,35.2,29.6,29.0,31.3,4.96,2.0,4.96,0.16,0.0,0.0,1027.0,8228.0,0.0,0.0,0.0,0.0,0.0,1.0,0.0,0.0,0.0,-0.001,0.0,-0.6000000000000001,0.0,-10.7,-12.8,0.0161,16.0,25903.0
2026-07-30T18:57:41.268Z,30.751,30.762,-7.4,7.4,0.0,0.0,0.0,0.0,0.0,1.0,1.0,0.0,1.0,0.0,0.0,0.0,8.0,6.0,0.0,0.0,0.0,0.0,0.0,0.0,0.0,0.0,6.0,12.0,1.0,12.05,5.01,2.5,1.49,-2.3000000000000003,0.2,2.4000000000000004,301.1,-0.1,-11.4,2.3000000000000003,10.4,-83.30000000000001,0.0,0.0,219.8,0.0,22.1,27.8,27.8,30.8,300.0,300.0,29.5,35.2,29.6,29.0,31.3,4.95,2.0,4.96,0.16,0.0,0.0,1027.0,8228.0,0.0,0.0,0.0,0.0,0.0,1.0,0.0,0.0,0.0,-0.001,0.0,0.0,0.0,-13.6,-12.8,0.0166,16.0,25903.0
2026-07-30T18:57:41.279Z,30.762,30.774,-7.5,7.4,0.0,0.0,0.0,0.0,0.0,1.0,1.0,0.0,1.0,0.0,0.0,0.0,8.0,6.0,0.0,0.0,0.0,0.0,0.0,0.0,0.0,0.0,1.0,12.0,1.0,12.05,5.01,2.5,1.49,-2.2,0.2,2.3000000000000003,301.1,-0.1,-12.0,3.5,11.6,-83.30000000000001,0.0,0.0,219.7,0.0,22.1,27.8,27.8,30.8,300.0,300.0,29.5,35.2,29.6,29.0,31.3,4.95,2.0,4.96,0.16,0.0,0.0,1027.0,8228.0,0.0,0.0,0.0,0.0,0.0,1.0,0.0,0.0,0.0,-0.001,0.0,0.8,0.0,-15.8,-12.8,0.016,16.0,25903.0
2026-07-30T18:57:41.291Z,30.774,30.786,-7.4,7.4,0.0,0.0,0.0,0.0,0.0,1.0,1.0,0.0,1.0,0.0,0.0,0.0,8.0,6.0,0.0,0.0,0.0,0.0,0.0,0.0,0.0,0.0,2.0,12.0,1.0,12.05,5.01,2.5,1.49,-2.3000000000000003,0.2,2.3000000000000003,301.1,-0.1,-12.0,3.5,10.4,-83.30000000000001,0.0,0.0,219.7,0.0,22.1,27.8,27.8,30.8,300.0,300.0,29.5,35.2,29.6,29.0,31.3,4.96,2.0,4.96,0.16,0.0,0.0,1027.0,8228.0,0.0,0.0,0.0,0.0,0.0,1.0,0.0,0.0,0.0,-0.001,0.0,1.0,0.0,-14.5,-12.7,0.0159,16.0,25903.0
2026-07-30T18:57:41.303Z,30.786,30.798,-7.4,7.4,0.0,0.0,0.0,0.0,0.0,1.0,1.0,0.0,1.0,0.0,0.0,0.0,8.0,6.0,0.0,0.0,0.0,0.0,0.0,0.0,0.0,0.0,3.0,12.0,1.0,12.05,5.01,2.5,1.49,-2.4000000000000004,0.2,2.4000000000000004,301.1,-0.1,-11.4,2.3000000000000003,10.4,-83.30000000000001,0.0,0.0,219.7,0.0,22.1,27.8,27.8,30.8,300.0,300.0,29.5,35.2,29.6,29.0,31.3,4.95,2.0,4.96,0.16,0.0,0.0,1027.0,8228.0,0.0,0.0,0.0,0.0,0.0,1.0,0.0,0.0,0.0,-0.001,0.0,0.0,0.0,-13.6,-12.8,0.0158,16.0,25903.0
2026-07-30T18:57:41.315Z,30.798,30.81,-7.5,7.4,0.0,0.0,0.0,0.0,0.0,1.0,1.0,0.0,1.0,0.0,0.0,0.0,8.0,6.0,0.0,0.0,0.0,0.0,0.0,0.0,0.0,0.0,4.0,12.0,1.0,12.05,5.0200000000000005,2.51,1.49,-2.3000000000000003,0.2,2.3000000000000003,301.1,-0.1,-10.9,3.5,10.4,-83.30000000000001,0.0,0.0,219.6,0.0,21.9,27.8,27.8,30.9,300.0,300.0,29.5,35.1,29.700000000000003,29.1,31.4,4.96,2.0,4.97,0.16,0.0,0.0,1027.0,8228.0,0.0,0.0,0.0,0.0,0.0,1.0,0.0,0.0,0.0,-0.001,0.0,0.0,0.0,-14.3,-12.9,0.0162,16.0,25903.0
2026-07-30T18:57:41.327Z,30.81,30.822,-7.5,7.4,0.0,0.0,0.0,0.0,0.0,1.0,1.0,0.0,1.0,0.0,0.0,0.0,8.0,6.0,0.0,0.0,0.0,0.0,0.0,0.0,0.0,0.0,5.0,12.0,1.0,12.05,5.0200000000000005,2.51,1.49,-2.3000000000000003,0.2,2.3000000000000003,301.0,-0.1,-9.7,2.9000000000000004,11.0,-83.30000000000001,0.0,0.0,219.7,0.0,21.9,27.8,27.8,30.9,300.0,300.0,29.5,35.1,29.700000000000003,29.1,31.4,4.96,2.0,4.96,0.16,0.0,0.0,1027.0,8228.0,0.0,0.0,0.0,0.0,0.0,1.0,0.0,0.0,0.0,-0.001,0.0,0.4,0.0,-14.7,-12.7,0.0158,16.0,25903.0
2026-07-30T18:57:41.339Z,30.822,30.834,-7.5,7.4,0.0,0.0,0.0,0.0,0.0,1.0,1.0,0.0,1.0,0.0,0.0,0.0,8.0,6.0,0.0,0.0,0.0,0.0,0.0,0.0,0.0,0.0,6.0,12.0,1.0,12.05,5.0200000000000005,2.51,1.49,-2.3000000000000003,0.2,2.3000000000000003,301.1,-0.1,-12.0,2.3000000000000003,10.4,-83.30000000000001,0.0,0.0,219.7,0.0,21.9,27.8,27.8,30.9,300.0,300.0,29.5,35.1,29.700000000000003,29.1,31.4,4.96,2.0,4.96,0.16,0.0,0.0,1027.0,8228.0,0.0,0.0,0.0,0.0,0.0,1.0,0.0,0.0,0.0,-0.001,0.0,0.0,0.0,-13.6,-12.7,0.0157,16.0,25903.0
2026-07-30T18:57:41.351Z,30.834,30.846,-7.4,7.4,0.0,0.0,0.0,0.0,0.0,1.0,1.0,0.0,1.0,0.0,0.0,0.0,8.0,6.0,0.0,0.0,0.0,0.0,0.0,0.0,0.0,0.0,2.0,12.0,1.0,12.05,5.0200000000000005,2.51,1.49,-2.3000000000000003,0.3,2.3000000000000003,301.1,-0.1,-10.3,1.7000000000000002,11.0,-83.30000000000001,0.0,0.0,219.8,0.0,21.9,27.8,27.8,30.9,300.0,300.0,29.5,35.1,29.700000000000003,29.1,31.4,4.95,2.0,4.96,0.16,0.0,0.0,1027.0,8228.0,0.0,0.0,0.0,0.0,0.0,1.0,0.0,0.0,0.0,-0.001,0.0,-0.6000000000000001,0.0,-13.8,-12.7,0.016,16.0,25903.0
2026-07-30T18:57:41.363Z,30.846,30.858,-7.4,7.4,0.0,0.0,0.0,0.0,0.0,1.0,1.0,0.0,1.0,0.0,0.0,0.0,8.0,6.0,0.0,0.0,0.0,0.0,0.0,0.0,0.0,0.0,4.0,12.0,1.0,12.05,5.0200000000000005,2.51,1.49,-2.4000000000000004,0.3,2.4000000000000004,301.0,-0.1,-11.4,1.1,9.3,-83.30000000000001,0.0,0.0,219.8,0.0,21.9,27.8,27.8,30.9,300.0,300.0,29.5,35.1,29.700000000000003,29.1,31.4,4.95,2.0,4.97,0.16,0.0,0.0,1027.0,8228.0,0.0,0.0,0.0,0.0,0.0,1.0,0.0,0.0,0.0,-0.001,0.0,-0.9,0.0,-12.1,-12.8,0.016,16.0,25903.0
2026-07-30T18:57:41.375Z,30.858,30.87,-7.4,7.4,0.0,0.0,0.0,0.0,0.0,1.0,1.0,0.0,1.0,0.0,0.0,0.0,8.0,6.0,0.0,0.0,0.0,0.0,0.0,0.0,0.0,0.0,5.0,12.0,1.0,12.05,5.0200000000000005,2.51,1.49,-2.3000000000000003,0.2,2.3000000000000003,301.1,-0.1,-10.9,3.5,10.4,-83.2,0.0,0.0,219.7,0.0,21.9,27.8,27.8,30.9,300.0,300.0,29.5,35.1,29.700000000000003,29.1,31.4,4.95,2.0,4.97,0.16,0.0,0.0,1027.0,8228.0,0.0,0.0,0.0,0.0,0.0,1.0,0.0,0.0,0.0,-0.001,0.0,-1.0,0.0,-12.8,-12.8,0.0162,16.0,25903.0
2026-07-30T18:57:41.387Z,30.87,30.882,-7.4,7.4,0.0,0.0,0.0,0.0,0.0,1.0,1.0,0.0,1.0,0.0,0.0,0.0,8.0,6.0,0.0,0.0,0.0,0.0,0.0,0.0,0.0,0.0,6.0,12.0,1.0,12.05,5.0200000000000005,2.51,1.49,-2.4000000000000004,0.2,2.4000000000000004,301.0,-0.1,-10.9,2.3000000000000003,9.9,-83.2,0.0,0.0,219.7,0.0,21.9,27.8,27.8,30.9,300.0,300.0,29.5,35.1,29.700000000000003,29.1,31.4,4.96,2.0,4.97,0.16,0.0,0.0,1027.0,8228.0,0.0,0.0,0.0,0.0,0.0,1.0,0.0,0.0,0.0,-0.001,0.0,0.2,0.0,-12.3,-12.8,0.0161,16.0,25903.0
2026-07-30T18:57:41.399Z,30.882,30.894,-7.4,7.4,0.0,0.0,0.0,0.0,0.0,1.0,1.0,0.0,1.0,0.0,0.0,0.0,8.0,6.0,0.0,0.0,0.0,0.0,0.0,0.0,0.0,0.0,2.0,12.0,1.0,12.05,5.0200000000000005,2.51,1.49,-2.5,0.3,2.5,301.1,-0.1,-12.6,0.5,8.700000000000001,-83.2,0.0,0.0,219.7,0.0,21.9,27.8,27.8,30.9,300.0,300.0,29.5,35.1,29.700000000000003,29.1,31.4,4.95,2.0,4.96,0.16,0.0,0.0,1027.0,8228.0,0.0,0.0,0.0,0.0,0.0,1.0,0.0,0.0,0.0,-0.001,0.0,-1.1,0.0,-10.3,-12.8,0.0162,16.0,25903.0
2026-07-30T18:57:41.411Z,30.894,30.906,-7.4,7.4,0.0,0.0,0.0,0.0,0.0,1.0,1.0,0.0,1.0,0.0,0.0,0.0,8.0,6.0,0.0,0.0,0.0,0.0,0.0,0.0,0.0,0.0,3.0,12.0,1.0,12.05,5.01,2.5,1.49,-2.5,0.3,2.5,301.0,0.0,-12.6,1.1,8.700000000000001,-83.2,0.0,0.0,219.6,0.0,22.200000000000003,27.9,27.9,30.9,300.0,300.0,29.5,35.1,29.700000000000003,29.1,31.5,4.96,2.0,4.96,0.16,0.0,0.0,1027.0,8228.0,0.0,0.0,0.0,0.0,0.0,1.0,0.0,0.0,0.0,-0.001,0.0,-0.6000000000000001,0.0,-10.8,-12.9,0.0168,16.0,25903.0
2026-07-30T18:57:41.423Z,30.906,30.918,-7.5,7.4,0.0,0.0,0.0,0.0,0.0,1.0,1.0,0.0,1.0,0.0,0.0,0.0,8.0,6.0,0.0,0.0,0.0,0.0,0.0,0.0,0.0,0.0,3.0,12.0,1.0,12.05,5.01,2.5,1.49,-2.4000000000000004,0.2,2.4000000000000004,301.1,-0.1,-12.0,2.3000000000000003,8.700000000000001,-83.2,0.0,0.0,219.5,0.0,22.200000000000003,27.9,27.9,30.9,300.0,300.0,29.5,35.1,29.700000000000003,29.1,31.5,4.96,2.0,4.96,0.16,0.0,0.0,1027.0,8228.0,0.0,0.0,0.0,0.0,0.0,1.0,0.0,0.0,0.0,-0.001,0.0,0.4,0.0,-11.6,-12.9,0.0168,16.0,25903.0
2026-07-30T18:57:41.435Z,30.918,30.93,-7.4,7.4,0.0,0.0,0.0,0.0,0.0,1.0,1.0,0.0,1.0,0.0,0.0,0.0,8.0,6.0,0.0,0.0,0.0,0.0,0.0,0.0,0.0,0.0,4.0,12.0,1.0,12.05,5.01,2.5,1.49,-2.4000000000000004,0.2,2.4000000000000004,301.1,-0.1,-12.6,1.7000000000000002,9.3,-83.2,0.0,0.0,219.6,0.0,22.200000000000003,27.9,27.9,30.9,300.0,300.0,29.5,35.1,29.700000000000003,29.1,31.5,4.95,1.99,4.96,0.16,0.0,0.0,1027.0,8228.0,0.0,0.0,0.0,0.0,0.0,1.0,0.0,0.0,0.0,-0.001,0.0,-0.2,0.0,-11.8,-12.8,0.0165,16.0,25903.0
2026-07-30T18:57:41.447Z,30.93,30.942,-7.5,7.4,0.0,0.0,0.0,0.0,0.0,1.0,1.0,0.0,1.0,0.0,0.0,0.0,8.0,6.0,0.0,0.0,0.0,0.0,0.0,0.0,0.0,0.0,6.0,12.0,1.0,12.05,5.01,2.5,1.49,-2.4000000000000004,0.2,2.4000000000000004,301.1,-0.1,-11.4,2.9000000000000004,9.9,-83.2,0.0,0.0,219.7,0.0,22.200000000000003,27.9,27.9,30.9,300.0,300.0,29.5,35.1,29.700000000000003,29.1,31.5,4.96,1.99,4.96,0.16,0.0,0.0,1027.0,8228.0,0.0,0.0,0.0,0.0,0.0,1.0,0.0,0.0,0.0,-0.001,0.0,0.6000000000000001,0.0,-13.4,-12.8,0.0165,16.0,25903.0
2026-07-30T18:57:41.459Z,30.942,30.954,-7.5,7.4,0.0,0.0,0.0,0.0,0.0,1.0,1.0,0.0,1.0,0.0,0.0,0.0,8.0,6.0,0.0,0.0,0.0,0.0,0.0,0.0,0.0,0.0,1.0,12.0,1.0,12.05,5.01,2.5,1.49,-2.4000000000000004,0.3,2.4000000000000004,301.1,-0.1,-12.6,1.1,8.700000000000001,-83.2,0.0,0.0,219.7,0.0,22.200000000000003,27.9,27.9,30.9,300.0,300.0,29.5,35.1,29.700000000000003,29.1,31.5,4.95,2.0,4.96,0.16,0.0,0.0,1027.0,8228.0,0.0,0.0,0.0,0.0,0.0,1.0,0.0,0.0,0.0,-0.001,0.0,-0.6000000000000001,0.0,-10.8,-12.8,0.0161,16.0,25903.0
2026-07-30T18:57:41.471Z,30.954,30.966,-7.5,7.4,0.0,0.0,0.0,0.0,0.0,1.0,1.0,0.0,1.0,0.0,0.0,0.0,8.0,6.0,0.0,0.0,0.0,0.0,0.0,0.0,0.0,0.0,2.0,12.0,1.0,12.05,5.01,2.5,1.49,-2.3000000000000003,0.2,2.4000000000000004,301.1,-0.1,-12.6,2.3000000000000003,9.9,-83.2,0.0,0.0,219.7,0.0,22.200000000000003,27.9,27.9,30.9,300.0,300.0,29.5,35.1,29.700000000000003,29.1,31.5,4.95,2.0,4.97,0.16,0.0,0.0,1027.0,8228.0,0.0,0.0,0.0,0.0,0.0,1.0,0.0,0.0,0.0,-0.001,0.0,0.1,0.0,-12.9,-12.7,0.0166,16.0,25903.0
2026-07-30T18:57:41.483Z,30.966,30.978,-7.5,7.4,0.0,0.0,0.0,0.0,0.0,1.0,1.0,0.0,1.0,0.0,0.0,0.0,8.0,6.0,0.0,0.0,0.0,0.0,0.0,0.0,0.0,0.0,3.0,12.0,1.0,12.05,5.01,2.5,1.49,-2.4000000000000004,0.2,2.4000000000000004,301.1,-0.1,-12.0,1.7000000000000002,9.3,-83.2,0.0,0.0,219.8,0.0,22.200000000000003,27.9,27.9,30.9,300.0,300.0,29.5,35.1,29.700000000000003,29.1,31.5,4.95,1.99,4.97,0.16,0.0,0.0,1027.0,8228.0,0.0,0.0,0.0,0.0,0.0,1.0,0.0,0.0,0.0,-0.001,0.0,-0.2,0.0,-11.8,-12.7,0.016,16.0,25903.0
2026-07-30T18:57:41.495Z,30.978,30.99,-7.4,7.4,0.0,0.0,0.0,0.0,0.0,1.0,1.0,0.0,1.0,0.0,0.0,0.0,8.0,6.0,0.0,0.0,0.0,0.0,0.0,0.0,0.0,0.0,5.0,12.0,1.0,12.05,5.01,2.5,1.49,-2.4000000000000004,0.3,2.4000000000000004,301.1,-0.1,-12.0,1.1,9.3,-83.2,0.0,0.0,219.7,0.0,22.200000000000003,27.9,27.9,30.9,300.0,300.0,29.5,35.1,29.700000000000003,29.1,31.5,4.96,1.99,4.96,0.16,0.0,0.0,1027.0,8228.0,0.0,0.0,0.0,0.0,0.0,1.0,0.0,0.0,0.0,-0.001,0.0,-0.7000000000000001,0.0,-11.4,-12.7,0.0163,16.0,25903.0
2026-07-30T18:57:41.506Z,30.989,31.002,-7.4,7.4,0.0,0.0,0.0,0.0,0.0,1.0,1.0,0.0,1.0,0.0,0.0,0.0,8.0,6.0,0.0,0.0,0.0,0.0,0.0,0.0,0.0,0.0,6.0,12.0,1.0,12.05,5.01,2.5,1.49,-2.4000000000000004,0.3,2.4000000000000004,301.1,-0.1,-12.0,1.1,9.9,-83.2,0.0,0.0,219.7,0.0,22.200000000000003,27.9,27.9,30.9,300.0,300.0,29.5,35.1,29.700000000000003,29.1,31.5,4.95,2.0,4.96,0.16,0.0,0.0,1027.0,8228.0,0.0,0.0,0.0,0.0,0.0,1.0,0.0,0.0,0.0,-0.001,0.0,-0.9,0.0,-12.1,-12.8,0.0164,16.0,25903.0
2026-07-30T18:57:41.519Z,31.002,31.014,-7.4,7.4,0.0,0.0,0.0,0.0,0.0,1.0,1.0,0.0,1.0,0.0,0.0,0.0,8.0,6.0,0.0,0.0,0.0,0.0,0.0,0.0,0.0,0.0,1.0,12.0,1.0,12.04,5.01,2.51,1.49,-2.4000000000000004,0.2,2.4000000000000004,301.0,-0.1,-12.0,2.9000000000000004,9.9,-83.2,0.0,0.0,219.6,0.0,22.3,27.9,27.9,30.9,300.0,300.0,29.4,35.2,29.700000000000003,29.1,31.5,4.95,2.0,4.96,0.16,0.0,0.0,1027.0,8228.0,0.0,0.0,0.0,0.0,0.0,1.0,0.0,0.0,0.0,-0.001,0.0,0.6000000000000001,0.0,-13.4,-12.9,0.0164,16.0,25903.0
2026-07-30T18:57:41.531Z,31.014,31.026,-7.5,7.4,0.0,0.0,0.0,0.0,0.0,1.0,1.0,0.0,1.0,0.0,0.0,0.0,8.0,6.0,0.0,0.0,0.0,0.0,0.0,0.0,0.0,0.0,2.0,12.0,1.0,12.04,5.01,2.51,1.49,-2.3000000000000003,0.2,2.3000000000000003,301.0,-0.1,-11.4,3.5,9.9,-83.2,0.0,0.0,219.6,0.0,22.3,27.9,27.9,30.9,300.0,300.0,29.4,35.2,29.700000000000003,29.1,31.5,4.95,2.0,4.96,0.16,0.0,0.0,1027.0,8228.0,0.0,0.0,0.0,0.0,0.0,1.0,0.0,0.0,0.0,-0.001,0.0,1.2000000000000002,0.0,-13.8,-12.8,0.0161,16.0,25903.0
2026-07-30T18:57:41.543Z,31.026,31.038,-7.4,7.4,0.0,0.0,0.0,0.0,0.0,1.0,1.0,0.0,1.0,0.0,0.0,0.0,8.0,6.0,0.0,0.0,0.0,0.0,0.0,0.0,0.0,0.0,4.0,12.0,1.0,12.04,5.01,2.51,1.49,-2.4000000000000004,0.2,2.4000000000000004,301.0,-0.1,-10.3,2.9000000000000004,9.9,-83.2,0.0,0.0,219.7,0.0,22.3,27.9,27.9,30.9,300.0,300.0,29.4,35.2,29.700000000000003,29.1,31.5,4.95,2.0,4.96,0.16,0.0,0.0,1027.0,8228.0,0.0,0.0,0.0,0.0,0.0,1.0,0.0,0.0,0.0,-0.001,0.0,0.6000000000000001,0.0,-13.4,-12.8,0.0159,16.0,25903.0
2026-07-30T18:57:41.555Z,31.038,31.05,-7.4,7.4,0.0,0.0,0.0,0.0,0.0,1.0,1.0,0.0,1.0,0.0,0.0,0.0,8.0,6.0,0.0,0.0,0.0,0.0,0.0,0.0,0.0,0.0,5.0,12.0,1.0,12.04,5.01,2.51,1.49,-2.3000000000000003,0.2,2.3000000000000003,301.0,-0.1,-11.4,3.5,11.0,-83.2,0.0,0.0,219.6,0.0,22.3,27.9,27.9,30.9,300.0,300.0,29.4,35.2,29.700000000000003,29.1,31.5,4.95,2.0,4.97,0.16,0.0,0.0,1027.0,8228.0,0.0,0.0,0.0,0.0,0.0,1.0,0.0,0.0,0.0,-0.001,0.0,0.9,0.0,-15.1,-12.8,0.0161,16.0,25903.0
2026-07-30T18:57:41.567Z,31.05,31.062,-7.4,7.4,0.0,0.0,0.0,0.0,0.0,1.0,1.0,0.0,1.0,0.0,0.0,0.0,8.0,6.0,0.0,0.0,0.0,0.0,0.0,0.0,0.0,0.0,5.0,12.0,1.0,12.04,5.01,2.51,1.49,-2.4000000000000004,0.2,2.4000000000000004,301.1,-0.1,-11.4,2.9000000000000004,9.9,-83.2,0.0,0.0,219.6,0.0,22.3,27.9,27.9,30.9,300.0,300.0,29.4,35.2,29.700000000000003,29.1,31.5,4.95,2.0,4.96,0.16,0.0,0.0,1027.0,8228.0,0.0,0.0,0.0,0.0,0.0,1.0,0.0,0.0,0.0,-0.001,0.0,0.6000000000000001,0.0,-13.4,-12.8,0.0157,16.0,25903.0
2026-07-30T18:57:41.581Z,31.064,31.074,-7.5,7.4,0.0,0.0,0.0,0.0,0.0,1.0,1.0,0.0,1.0,0.0,0.0,0.0,8.0,6.0,0.0,0.0,0.0,0.0,0.0,0.0,0.0,0.0,6.0,12.0,1.0,12.04,5.01,2.51,1.49,-2.3000000000000003,0.2,2.3000000000000003,301.0,-0.1,-10.9,4.0,10.4,-83.2,0.0,0.0,219.7,0.0,22.3,27.9,27.9,30.9,300.0,300.0,29.4,35.2,29.700000000000003,29.1,31.5,4.96,2.0,4.96,0.16,0.0,0.0,1027.0,8228.0,0.0,0.0,0.0,0.0,0.0,1.0,0.0,0.0,0.0,-0.001,0.0,1.5,0.0,-14.9,-12.8,0.0161,16.0,25903.0
2026-07-30T18:57:41.591Z,31.074,31.086,-7.4,7.4,0.0,0.0,0.0,0.0,0.0,1.0,1.0,0.0,1.0,0.0,0.0,0.0,8.0,6.0,0.0,0.0,0.0,0.0,0.0,0.0,0.0,0.0,6.0,12.0,1.0,12.04,5.01,2.51,1.49,-2.3000000000000003,0.2,2.3000000000000003,301.1,-0.1,-12.0,3.5,10.4,-83.2,0.0,0.0,219.8,0.0,22.3,27.9,27.9,30.9,300.0,300.0,29.4,35.2,29.700000000000003,29.1,31.5,4.95,2.0,4.96,0.16,0.0,0.0,1027.0,8228.0,0.0,0.0,0.0,0.0,0.0,1.0,0.0,0.0,0.0,-0.001,0.0,1.0,0.0,-14.5,-12.8,0.0157,16.0,25903.0
2026-07-30T18:57:41.603Z,31.086,31.098,-7.5,7.4,0.0,0.0,0.0,0.0,0.0,1.0,1.0,0.0,1.0,0.0,0.0,0.0,8.0,6.0,0.0,0.0,0.0,0.0,0.0,0.0,0.0,0.0,1.0,12.0,1.0,12.04,5.01,2.51,1.49,-2.4000000000000004,0.3,2.4000000000000004,301.1,-0.1,-11.4,1.1,9.9,-83.2,0.0,0.0,219.8,0.0,22.3,27.9,27.9,30.9,300.0,300.0,29.4,35.2,29.700000000000003,29.1,31.5,4.96,2.0,4.96,0.16,0.0,0.0,1027.0,8228.0,0.0,0.0,0.0,0.0,0.0,1.0,0.0,0.0,0.0,-0.001,0.0,-0.9,0.0,-12.1,-12.8,0.0158,16.0,25903.0
2026-07-30T18:57:41.616Z,31.099,31.11,-7.5,7.4,0.0,0.0,0.0,0.0,0.0,1.0,1.0,0.0,1.0,0.0,0.0,0.0,8.0,6.0,0.0,0.0,0.0,0.0,0.0,0.0,0.0,0.0,2.0,12.0,1.0,12.05,5.0200000000000005,2.5,1.49,-2.3000000000000003,0.2,2.3000000000000003,301.0,-0.1,-11.4,2.3000000000000003,11.6,-83.30000000000001,0.0,0.0,219.8,0.0,22.3,27.9,27.9,30.9,300.0,300.0,29.4,35.300000000000004,29.700000000000003,29.200000000000003,31.5,4.96,2.0,4.97,0.16,0.0,0.0,1027.0,8228.0,0.0,0.0,0.0,0.0,0.0,1.0,0.0,0.0,0.0,-0.001,0.0,-0.2,0.0,-14.9,-12.8,0.0164,16.0,25903.0
2026-07-30T18:57:41.627Z,31.11,31.122,-7.4,7.4,0.0,0.0,0.0,0.0,0.0,1.0,1.0,0.0,1.0,0.0,0.0,0.0,8.0,6.0,0.0,0.0,0.0,0.0,0.0,0.0,0.0,0.0,3.0,12.0,1.0,12.05,5.0200000000000005,2.5,1.49,-2.4000000000000004,0.2,2.4000000000000004,301.1,0.0,-11.4,2.3000000000000003,9.3,-83.30000000000001,0.0,0.0,219.8,0.0,22.3,27.9,27.9,30.9,300.0,300.0,29.4,35.300000000000004,29.700000000000003,29.200000000000003,31.5,4.95,2.0,4.97,0.16,0.0,0.0,1027.0,8228.0,0.0,0.0,0.0,0.0,0.0,1.0,0.0,0.0,0.0,-0.001,0.0,0.2,0.0,-12.3,-12.6,0.0155,16.0,25903.0
2026-07-30T18:57:41.638Z,31.121,31.134,-7.4,7.4,0.0,0.0,0.0,0.0,0.0,1.0,1.0,0.0,1.0,0.0,0.0,0.0,8.0,6.0,0.0,0.0,0.0,0.0,0.0,0.0,0.0,0.0,4.0,12.0,1.0,12.05,5.0200000000000005,2.5,1.49,-2.4000000000000004,0.3,2.5,301.1,0.0,-11.4,0.5,9.3,-83.30000000000001,0.0,0.0,219.8,0.0,22.3,27.9,27.9,30.9,300.0,300.0,29.4,35.300000000000004,29.700000000000003,29.200000000000003,31.5,4.95,2.0,4.97,0.16,0.0,0.0,1027.0,8228.0,0.0,0.0,0.0,0.0,0.0,1.0,0.0,0.0,0.0,-0.001,0.0,-1.3,0.0,-11.0,-12.8,0.0162,16.0,25903.0
2026-07-30T18:57:41.651Z,31.134,31.146,-7.4,7.4,0.0,0.0,0.0,0.0,0.0,1.0,1.0,0.0,1.0,0.0,0.0,0.0,8.0,6.0,0.0,0.0,0.0,0.0,0.0,0.0,0.0,0.0,5.0,12.0,1.0,12.05,5.0200000000000005,2.5,1.49,-2.3000000000000003,0.2,2.3000000000000003,301.0,0.0,-13.2,3.5,10.4,-83.30000000000001,0.0,0.0,219.7,0.0,22.3,27.9,27.9,30.9,300.0,300.0,29.4,35.300000000000004,29.700000000000003,29.200000000000003,31.5,4.95,2.0,4.96,0.16,0.0,0.0,1027.0,8228.0,0.0,0.0,0.0,0.0,0.0,1.0,0.0,0.0,0.0,-0.001,0.0,1.0,0.0,-14.5,-12.9,0.0167,16.0,25903.0
2026-07-30T18:57:41.663Z,31.146,31.158,-7.5,7.4,0.0,0.0,0.0,0.0,0.0,1.0,1.0,0.0,1.0,0.0,0.0,0.0,8.0,6.0,0.0,0.0,0.0,0.0,0.0,0.0,0.0,0.0,1.0,12.0,1.0,12.05,5.0200000000000005,2.5,1.49,-2.4000000000000004,0.2,2.4000000000000004,301.2,0.0,-12.6,1.7000000000000002,8.700000000000001,-83.30000000000001,0.0,0.0,219.6,0.0,22.3,27.9,27.9,30.9,300.0,300.0,29.4,35.300000000000004,29.700000000000003,29.200000000000003,31.5,4.95,2.0,4.96,0.15,0.0,0.0,1027.0,8228.0,0.0,0.0,0.0,0.0,0.0,1.0,0.0,0.0,0.0,-0.001,0.0,-0.1,0.0,-11.2,-12.8,0.0158,16.0,25903.0
2026-07-30T18:57:41.675Z,31.158,31.17,-7.5,7.4,0.0,0.0,0.0,0.0,0.0,1.0,1.0,0.0,1.0,0.0,0.0,0.0,8.0,6.0,0.0,0.0,0.0,0.0,0.0,0.0,0.0,0.0,3.0,12.0,1.0,12.05,5.0200000000000005,2.5,1.49,-2.4000000000000004,0.3,2.4000000000000004,301.1,0.0,-12.0,1.1,8.700000000000001,-83.30000000000001,0.0,0.0,219.6,0.0,22.3,27.9,27.9,30.9,300.0,300.0,29.4,35.300000000000004,29.700000000000003,29.200000000000003,31.5,4.95,1.99,4.96,0.16,0.0,0.0,1027.0,8228.0,0.0,0.0,0.0,0.0,0.0,1.0,0.0,0.0,0.0,-0.001,0.0,-0.6000000000000001,0.0,-10.8,-12.7,0.0164,16.0,25903.0
2026-07-30T18:57:41.687Z,31.17,31.182,-7.4,7.4,0.0,0.0,0.0,0.0,0.0,1.0,1.0,0.0,1.0,0.0,0.0,0.0,8.0,6.0,0.0,0.0,0.0,0.0,0.0,0.0,0.0,0.0,4.0,12.0,1.0,12.05,5.0200000000000005,2.5,1.49,-2.4000000000000004,0.3,2.5,301.0,0.0,-12.6,0.5,8.700000000000001,-83.2,0.0,0.0,219.8,0.0,22.3,27.9,27.9,30.9,300.0,300.0,29.4,35.300000000000004,29.700000000000003,29.200000000000003,31.5,4.96,1.99,4.96,0.16,0.0,0.0,1027.0,8228.0,0.0,0.0,0.0,0.0,0.0,1.0,0.0,0.0,0.0,-0.001,0.0,-1.2000000000000002,0.0,-10.3,-12.7,0.0165,16.0,25903.0
2026-07-30T18:57:41.699Z,31.182,31.194,-7.4,7.4,0.0,0.0,0.0,0.0,0.0,1.0,1.0,0.0,1.0,0.0,0.0,0.0,8.0,6.0,0.0,0.0,0.0,0.0,0.0,0.0,0.0,0.0,5.0,12.0,1.0,12.05,5.0200000000000005,2.5,1.49,-2.4000000000000004,0.3,2.5,301.1,0.0,-12.6,1.1,8.700000000000001,-83.2,0.0,0.0,219.8,0.0,22.3,27.9,27.9,30.9,300.0,300.0,29.4,35.300000000000004,29.700000000000003,29.200000000000003,31.5,4.95,2.0,4.96,0.16,0.0,0.0,1027.0,8228.0,0.0,0.0,0.0,0.0,0.0,1.0,0.0,0.0,0.0,-0.001,0.0,-0.6000000000000001,0.0,-10.7,-12.8,0.0166,16.0,25903.0
2026-07-30T18:57:41.712Z,31.195,31.206,-7.5,7.4,0.0,0.0,0.0,0.0,0.0,1.0,1.0,0.0,1.0,0.0,0.0,0.0,8.0,6.0,0.0,0.0,0.0,0.0,0.0,0.0,0.0,0.0,1.0,12.0,1.0,12.05,5.0200000000000005,2.5,1.49,-2.3000000000000003,0.2,2.3000000000000003,301.1,0.0,-12.6,2.9000000000000004,10.4,-83.2,0.0,0.0,219.7,0.0,22.3,27.9,27.9,30.9,300.0,300.0,29.4,35.300000000000004,29.700000000000003,29.200000000000003,31.5,4.95,2.0,4.96,0.16,0.0,0.0,1027.0,8228.0,0.0,0.0,0.0,0.0,0.0,1.0,0.0,0.0,0.0,-0.001,0.0,0.5,0.0,-14.0,-12.8,0.0166,16.0,25903.0
2026-07-30T18:57:41.723Z,31.206,31.218,-7.5,7.4,0.0,0.0,0.0,0.0,0.0,1.0,1.0,0.0,1.0,0.0,0.0,0.0,8.0,6.0,0.0,0.0,0.0,0.0,0.0,0.0,0.0,0.0,2.0,12.0,1.0,12.04,5.01,2.5,1.49,-2.4000000000000004,0.3,2.5,301.0,-0.1,-13.2,1.1,8.1,-83.2,0.0,0.0,219.8,0.0,21.9,27.9,27.9,31.0,300.0,300.0,29.5,35.2,29.700000000000003,29.200000000000003,31.6,4.96,2.0,4.96,0.16,0.0,0.0,1027.0,8228.0,0.0,0.0,0.0,0.0,0.0,1.0,0.0,0.0,0.0,-0.001,0.0,-0.5,0.0,-10.1,-12.7,0.0159,16.0,25903.0
2026-07-30T18:57:41.735Z,31.218,31.23,-7.5,7.4,0.0,0.0,0.0,0.0,0.0,1.0,1.0,0.0,1.0,0.0,0.0,0.0,8.0,6.0,0.0,0.0,0.0,0.0,0.0,0.0,0.0,0.0,2.0,12.0,1.0,12.04,5.01,2.5,1.49,-2.4000000000000004,0.3,2.4000000000000004,301.1,-0.1,-12.0,0.5,9.9,-83.2,0.0,0.0,219.7,0.0,21.9,27.9,27.9,31.0,300.0,300.0,29.5,35.2,29.700000000000003,29.200000000000003,31.6,4.96,2.0,4.96,0.16,0.0,0.0,1027.0,8228.0,0.0,0.0,0.0,0.0,0.0,1.0,0.0,0.0,0.0,-0.001,0.0,-1.4,0.0,-11.7,-12.7,0.0166,16.0,25903.0
2026-07-30T18:57:41.748Z,31.231,31.242,-7.4,7.4,0.0,0.0,0.0,0.0,0.0,1.0,1.0,0.0,1.0,0.0,0.0,0.0,8.0,6.0,0.0,0.0,0.0,0.0,0.0,0.0,0.0,0.0,4.0,12.0,1.0,12.04,5.01,2.5,1.49,-2.5,0.3,2.5,301.1,0.0,-12.0,0.5,8.1,-83.2,0.0,0.0,219.8,0.0,21.9,27.9,27.9,31.0,300.0,300.0,29.5,35.2,29.700000000000003,29.200000000000003,31.6,4.95,2.0,4.96,0.16,0.0,0.0,1027.0,8228.0,0.0,0.0,0.0,0.0,0.0,1.0,0.0,0.0,0.0,-0.001,0.0,-1.0,0.0,-9.6,-12.7,0.0163,16.0,25903.0
2026-07-30T18:57:41.759Z,31.242,31.254,-7.4,7.4,0.0,0.0,0.0,0.0,0.0,1.0,1.0,0.0,1.0,0.0,0.0,0.0,8.0,6.0,0.0,0.0,0.0,0.0,0.0,0.0,0.0,0.0,5.0,12.0,1.0,12.04,5.01,2.5,1.49,-2.5,0.2,2.5,301.0,-0.1,-12.6,1.7000000000000002,7.5,-83.2,0.0,0.0,219.8,0.0,21.9,27.9,27.9,31.0,300.0,300.0,29.5,35.2,29.700000000000003,29.200000000000003,31.6,4.95,2.0,4.96,0.16,0.0,0.0,1027.0,8228.0,0.0,0.0,0.0,0.0,0.0,1.0,0.0,0.0,0.0,-0.001,0.0,0.0,0.0,-9.8,-12.8,0.0167,16.0,25903.0
2026-07-30T18:57:41.771Z,31.254,31.266,-7.4,7.4,0.0,0.0,0.0,0.0,0.0,1.0,1.0,0.0,1.0,0.0,0.0,0.0,8.0,6.0,0.0,0.0,0.0,0.0,0.0,0.0,0.0,0.0,1.0,12.0,1.0,12.04,5.01,2.5,1.49,-2.3000000000000003,0.2,2.3000000000000003,301.1,-0.1,-11.4,3.5,9.9,-83.2,0.0,0.0,219.8,0.0,21.9,27.9,27.9,31.0,300.0,300.0,29.5,35.2,29.700000000000003,29.200000000000003,31.6,4.96,2.0,4.96,0.16,0.0,0.0,1027.0,8228.0,0.0,0.0,0.0,0.0,0.0,1.0,0.0,0.0,0.0,-0.001,0.0,1.1,0.0,-13.8,-12.8,0.0167,16.0,25903.0
2026-07-30T18:57:41.783Z,31.266,31.278,-7.4,7.4,0.0,0.0,0.0,0.0,0.0,1.0,1.0,0.0,1.0,0.0,0.0,0.0,8.0,6.0,0.0,0.0,0.0,0.0,0.0,0.0,0.0,0.0,3.0,12.0,1.0,12.04,5.01,2.5,1.49,-2.4000000000000004,0.2,2.4000000000000004,301.1,-0.1,-12.0,2.3000000000000003,9.3,-83.2,0.0,0.0,219.7,0.0,21.9,27.9,27.9,31.0,300.0,300.0,29.5,35.2,29.700000000000003,29.200000000000003,31.6,4.95,2.0,4.96,0.16,0.0,0.0,1027.0,8228.0,0.0,0.0,0.0,0.0,0.0,1.0,0.0,0.0,0.0,-0.001,0.0,0.2,0.0,-12.3,-12.8,0.0159,16.0,25903.0
2026-07-30T18:57:41.795Z,31.278,31.29,-7.5,7.4,0.0,0.0,0.0,0.0,0.0,1.0,1.0,0.0,1.0,0.0,0.0,0.0,8.0,6.0,0.0,0.0,0.0,0.0,0.0,0.0,0.0,0.0,4.0,12.0,1.0,12.04,5.01,2.5,1.49,-2.3000000000000003,0.2,2.3000000000000003,301.0,-0.1,-10.9,2.3000000000000003,10.4,-83.2,0.0,0.0,219.7,0.0,21.9,27.9,27.9,31.0,300.0,300.0,29.5,35.2,29.700000000000003,29.200000000000003,31.6,4.96,2.0,4.97,0.16,0.0,0.0,1027.0,8228.0,0.0,0.0,0.0,0.0,0.0,1.0,0.0,0.0,0.0,-0.001,0.0,0.0,0.0,-13.6,-12.8,0.0163,16.0,25903.0
2026-07-30T18:57:41.806Z,31.289,31.302,-7.5,7.4,0.0,0.0,0.0,0.0,0.0,1.0,1.0,0.0,1.0,0.0,0.0,0.0,8.0,6.0,0.0,0.0,0.0,0.0,0.0,0.0,0.0,0.0,5.0,12.0,1.0,12.04,5.01,2.5,1.49,-2.3000000000000003,0.2,2.3000000000000003,301.1,-0.1,-10.9,2.9000000000000004,9.9,-83.2,0.0,0.0,219.7,0.0,21.9,27.9,27.9,31.0,300.0,300.0,29.5,35.2,29.700000000000003,29.200000000000003,31.6,4.96,2.0,4.96,0.16,0.0,0.0,1027.0,8228.0,0.0,0.0,0.0,0.0,0.0,1.0,0.0,0.0,0.0,-0.001,0.0,0.6000000000000001,0.0,-13.4,-12.8,0.0164,16.0,25903.0
2026-07-30T18:57:41.820Z,31.303,31.314,-7.5,7.4,0.0,0.0,0.0,0.0,0.0,1.0,1.0,0.0,1.0,0.0,0.0,0.0,8.0,6.0,0.0,0.0,0.0,0.0,0.0,0.0,0.0,0.0,1.0,12.0,1.0,12.06,5.0200000000000005,2.51,1.49,-2.4000000000000004,0.2,2.4000000000000004,301.0,-0.1,-11.4,3.5,8.700000000000001,-83.2,0.0,0.0,219.8,0.0,22.3,28.0,28.0,31.0,300.0,300.0,29.4,35.1,29.8,29.3,31.6,4.96,2.0,4.96,0.17,0.0,0.0,1027.0,8228.0,0.0,0.0,0.0,0.0,0.0,1.0,0.0,0.0,0.0,-0.001,0.0,0.0,0.0,-13.6,-12.7,0.0156,16.0,25903.0
2026-07-30T18:57:41.831Z,31.314,31.326,-7.4,7.4,0.0,0.0,0.0,0.0,0.0,1.0,1.0,0.0,1.0,0.0,0.0,0.0,8.0,6.0,0.0,0.0,0.0,0.0,0.0,0.0,0.0,0.0,2.0,12.0,1.0,12.06,5.0200000000000005,2.51,1.49,-2.4000000000000004,0.2,2.4000000000000004,301.1,-0.1,-11.4,2.3000000000000003,9.9,-83.2,0.0,0.0,219.7,0.0,22.3,28.0,28.0,31.0,300.0,300.0,29.4,35.1,29.8,29.3,31.6,4.95,2.0,4.97,0.16,0.0,0.0,1027.0,8228.0,0.0,0.0,0.0,0.0,0.0,1.0,0.0,0.0,0.0,-0.001,0.0,0.1,0.0,-12.9,-12.8,0.0159,16.0,25903.0
2026-07-30T18:57:41.843Z,31.326,31.338,-7.4,7.4,0.0,0.0,0.0,0.0,0.0,1.0,1.0,0.0,1.0,0.0,0.0,0.0,8.0,6.0,0.0,0.0,0.0,0.0,0.0,0.0,0.0,0.0,4.0,12.0,1.0,12.06,5.0200000000000005,2.51,1.49,-2.3000000000000003,0.3,2.4000000000000004,301.1,-0.1,-12.0,1.7000000000000002,11.0,-83.2,0.0,0.0,219.7,0.0,22.3,28.0,28.0,31.0,300.0,300.0,29.4,35.1,29.8,29.3,31.6,4.95,2.0,4.97,0.16,0.0,0.0,1027.0,8228.0,0.0,0.0,0.0,0.0,0.0,1.0,0.0,0.0,0.0,-0.001,0.0,-0.5,0.0,-13.9,-12.9,0.0164,16.0,25903.0
2026-07-30T18:57:41.855Z,31.338,31.35,-7.5,7.4,0.0,0.0,0.0,0.0,0.0,1.0,1.0,0.0,1.0,0.0,0.0,0.0,8.0,6.0,0.0,0.0,0.0,0.0,0.0,0.0,0.0,0.0,5.0,12.0,1.0,12.06,5.0200000000000005,2.51,1.49,-2.3000000000000003,0.2,2.3000000000000003,301.1,-0.1,-11.4,2.9000000000000004,11.0,-83.2,0.0,0.0,219.6,0.0,22.3,28.0,28.0,31.0,300.0,300.0,29.4,35.1,29.8,29.3,31.6,4.95,2.0,4.96,0.16,0.0,0.0,1027.0,8228.0,0.0,0.0,0.0,0.0,0.0,1.0,0.0,0.0,0.0,-0.001,0.0,0.4,0.0,-14.7,-12.8,0.0165,16.0,25903.0
2026-07-30T18:57:41.869Z,31.352,31.362,-7.5,7.4,0.0,0.0,0.0,0.0,0.0,1.0,1.0,0.0,1.0,0.0,0.0,0.0,8.0,6.0,0.0,0.0,0.0,0.0,0.0,0.0,0.0,0.0,6.0,12.0,1.0,12.06,5.0200000000000005,2.51,1.49,-2.4000000000000004,0.2,2.4000000000000004,301.0,-0.1,-12.0,2.3000000000000003,9.3,-83.2,0.0,0.0,219.6,0.0,22.3,28.0,28.0,31.0,300.0,300.0,29.4,35.1,29.8,29.3,31.6,4.95,2.0,4.96,0.16,0.0,0.0,1027.0,8228.0,0.0,0.0,0.0,0.0,0.0,1.0,0.0,0.0,0.0,-0.001,0.0,0.2,0.0,-12.3,-12.8,0.0164,16.0,25903.0
2026-07-30T18:57:41.879Z,31.362,31.374,-7.5,7.4,0.0,0.0,0.0,0.0,0.0,1.0,1.0,0.0,1.0,0.0,0.0,0.0,8.0,6.0,0.0,0.0,0.0,0.0,0.0,0.0,0.0,0.0,6.0,12.0,1.0,12.06,5.0200000000000005,2.51,1.49,-2.4000000000000004,0.2,2.4000000000000004,301.1,-0.1,-10.9,2.9000000000000004,8.700000000000001,-83.2,0.0,0.0,219.7,0.0,22.3,28.0,28.0,31.0,300.0,300.0,29.4,35.1,29.8,29.3,31.6,4.96,2.0,4.96,0.16,0.0,0.0,1027.0,8228.0,0.0,0.0,0.0,0.0,0.0,1.0,0.0,0.0,0.0,-0.001,0.0,-0.5,0.0,-10.1,-12.8,0.016,16.0,25903.0
2026-07-30T18:57:41.891Z,31.374,31.386,-7.5,7.4,0.0,0.0,0.0,0.0,0.0,1.0,1.0,0.0,1.0,0.0,0.0,0.0,8.0,6.0,0.0,0.0,0.0,0.0,0.0,0.0,0.0,0.0,2.0,12.0,1.0,12.06,5.0200000000000005,2.51,1.49,-2.4000000000000004,0.3,2.4000000000000004,301.1,0.0,-12.0,1.1,9.9,-83.2,0.0,0.0,219.8,0.0,22.3,28.0,28.0,31.0,300.0,300.0,29.4,35.1,29.8,29.3,31.6,4.96,2.0,4.96,0.16,0.0,0.0,1027.0,8228.0,0.0,0.0,0.0,0.0,0.0,1.0,0.0,0.0,0.0,-0.001,0.0,-1.3,0.0,-11.0,-12.8,0.0168,16.0,25903.0
2026-07-30T18:57:41.903Z,31.386,31.398,-7.5,7.4,0.0,0.0,0.0,0.0,0.0,1.0,1.0,0.0,1.0,0.0,0.0,0.0,8.0,6.0,0.0,0.0,0.0,0.0,0.0,0.0,0.0,0.0,3.0,12.0,1.0,12.06,5.0200000000000005,2.51,1.49,-2.3000000000000003,0.2,2.4000000000000004,301.1,-0.1,-12.0,3.5,10.4,-83.2,0.0,0.0,219.8,0.0,22.3,28.0,28.0,31.0,300.0,300.0,29.4,35.1,29.8,29.3,31.6,4.96,2.0,4.97,0.15,0.0,0.0,1027.0,8228.0,0.0,0.0,0.0,0.0,0.0,1.0,0.0,0.0,0.0,-0.001,0.0,0.1,0.0,-12.9,-12.8,0.0166,16.0,25903.0
2026-07-30T18:57:41.915Z,31.398,31.41,-7.5,7.4,0.0,0.0,0.0,0.0,0.0,1.0,1.0,0.0,1.0,0.0,0.0,0.0,8.0,6.0,0.0,0.0,0.0,0.0,0.0,0.0,0.0,0.0,3.0,12.0,1.0,12.06,5.0200000000000005,2.51,1.49,-2.4000000000000004,0.2,2.4000000000000004,301.0,0.0,-12.6,1.7000000000000002,8.700000000000001,-83.2,0.0,0.0,219.8,0.0,22.3,28.0,28.0,31.0,300.0,300.0,29.4,35.1,29.8,29.3,31.6,4.95,2.0,4.97,0.16,0.0,0.0,1027.0,8228.0,0.0,0.0,0.0,0.0,0.0,1.0,0.0,0.0,0.0,-0.001,0.0,-0.1,0.0,-11.2,-12.7,0.016,16.0,25903.0
2026-07-30T18:57:41.926Z,31.409,31.422,-7.4,7.4,0.0,0.0,0.0,0.0,0.0,1.0,1.0,0.0,1.0,0.0,0.0,0.0,8.0,6.0,0.0,0.0,0.0,0.0,0.0,0.0,0.0,0.0,5.0,12.0,1.0,12.09,5.0200000000000005,2.5,1.49,-2.4000000000000004,0.3,2.4000000000000004,301.1,0.0,-13.2,1.7000000000000002,9.3,-83.2,0.0,0.0,219.9,0.0,22.3,28.0,28.0,31.0,300.0,300.0,29.4,35.2,29.8,29.3,31.6,4.96,2.0,4.96,0.16,0.0,0.0,1027.0,8228.0,0.0,0.0,0.0,0.0,0.0,1.0,0.0,0.0,0.0,-0.001,0.0,-0.2,0.0,-11.8,-12.7,0.0164,16.0,25903.0
2026-07-30T18:57:41.939Z,31.422,31.434,-7.4,7.4,0.0,0.0,0.0,0.0,0.0,1.0,1.0,0.0,1.0,0.0,0.0,0.0,8.0,6.0,0.0,0.0,0.0,0.0,0.0,0.0,0.0,0.0,6.0,12.0,1.0,12.09,5.0200000000000005,2.5,1.49,-2.5,0.3,2.5,301.1,0.0,-12.0,0.0,7.5,-83.2,0.0,0.0,219.6,0.0,22.3,28.0,28.0,31.0,300.0,300.0,29.4,35.2,29.8,29.3,31.6,4.96,2.0,4.97,0.16,0.0,0.0,1027.0,8228.0,0.0,0.0,0.0,0.0,0.0,1.0,0.0,0.0,0.0,-0.001,0.0,-1.4,0.0,-8.6,-12.8,0.0164,16.0,25903.0
2026-07-30T18:57:41.951Z,31.434,31.446,-7.5,7.4,0.0,0.0,0.0,0.0,0.0,1.0,1.0,0.0,1.0,0.0,0.0,0.0,8.0,6.0,0.0,0.0,0.0,0.0,0.0,0.0,0.0,0.0,1.0,12.0,1.0,12.09,5.0200000000000005,2.5,1.49,-2.3000000000000003,0.2,2.3000000000000003,301.1,0.0,-11.4,2.3000000000000003,10.4,-83.2,0.0,0.0,219.7,0.0,22.3,28.0,28.0,31.0,300.0,300.0,29.4,35.2,29.8,29.3,31.6,4.96,2.0,4.97,0.16,0.0,0.0,1027.0,8228.0,0.0,0.0,0.0,0.0,0.0,1.0,0.0,0.0,0.0,-0.001,0.0,0.0,0.0,-13.6,-12.8,0.0172,16.0,25903.0
2026-07-30T18:57:41.963Z,31.446,31.458,-7.4,7.4,0.0,0.0,0.0,0.0,0.0,1.0,1.0,0.0,1.0,0.0,0.0,0.0,8.0,6.0,0.0,0.0,0.0,0.0,0.0,0.0,0.0,0.0,3.0,12.0,1.0,12.09,5.0200000000000005,2.5,1.49,-2.4000000000000004,0.2,2.4000000000000004,301.1,-0.1,-12.6,1.7000000000000002,9.9,-83.2,0.0,0.0,219.8,0.0,22.3,28.0,28.0,31.0,300.0,300.0,29.4,35.2,29.8,29.3,31.6,4.95,2.0,4.97,0.16,0.0,0.0,1027.0,8228.0,0.0,0.0,0.0,0.0,0.0,1.0,0.0,0.0,0.0,-0.001,0.0,-0.3,0.0,-12.5,-12.7,0.0158,16.0,25903.0
2026-07-30T18:57:41.975Z,31.458,31.47,-7.4,7.4,0.0,0.0,0.0,0.0,0.0,1.0,1.0,0.0,1.0,0.0,0.0,0.0,8.0,6.0,0.0,0.0,0.0,0.0,0.0,0.0,0.0,0.0,4.0,12.0,1.0,12.09,5.0200000000000005,2.5,1.49,-2.4000000000000004,0.2,2.4000000000000004,300.90000000000003,-0.1,-11.4,2.3000000000000003,9.3,-83.2,0.0,0.0,219.8,0.0,22.3,28.0,28.0,31.0,300.0,300.0,29.4,35.2,29.8,29.3,31.6,4.96,2.0,4.96,0.16,0.0,0.0,1027.0,8228.0,0.0,0.0,0.0,0.0,0.0,1.0,0.0,0.0,0.0,-0.001,0.0,0.2,0.0,-12.3,-12.8,0.0161,16.0,25903.0
2026-07-30T18:57:41.986Z,31.469,31.482,-7.4,7.4,0.0,0.0,0.0,0.0,0.0,1.0,1.0,0.0,1.0,0.0,0.0,0.0,8.0,6.0,0.0,0.0,0.0,0.0,0.0,0.0,0.0,0.0,5.0,12.0,1.0,12.09,5.0200000000000005,2.5,1.49,-2.4000000000000004,0.3,2.4000000000000004,301.1,0.0,-10.9,1.7000000000000002,10.4,-83.2,0.0,0.0,219.7,0.0,22.3,28.0,28.0,31.0,300.0,300.0,29.4,35.2,29.8,29.3,31.6,4.96,2.0,4.97,0.16,0.0,0.0,1027.0,8228.0,0.0,0.0,0.0,0.0,0.0,1.0,0.0,0.0,0.0,-0.001,0.0,-0.4,0.0,-13.2,-12.9,0.0163,16.0,25903.0
2026-07-30T18:57:41.999Z,31.482,31.494,-7.5,7.4,0.0,0.0,0.0,0.0,0.0,1.0,1.0,0.0,1.0,0.0,0.0,0.0,8.0,6.0,0.0,0.0,0.0,0.0,0.0,0.0,0.0,0.0,6.0,12.0,1.0,12.09,5.0200000000000005,2.5,1.49,-2.4000000000000004,0.2,2.4000000000000004,301.1,-0.1,-10.9,1.7000000000000002,9.9,-83.2,0.0,0.0,219.6,0.0,22.3,28.0,28.0,31.0,300.0,300.0,29.4,35.2,29.8,29.3,31.6,4.96,2.0,4.96,0.16,0.0,0.0,1027.0,8228.0,0.0,0.0,0.0,0.0,0.0,1.0,0.0,0.0,0.0,-0.001,0.0,-0.3,0.0,-12.5,-12.8,0.0162,16.0,25903.0
2026-07-30T18:57:42.011Z,31.494,31.506,-7.4,7.4,0.0,0.0,0.0,0.0,0.0,1.0,1.0,0.0,1.0,0.0,0.0,0.0,8.0,6.0,0.0,0.0,0.0,0.0,0.0,0.0,0.0,0.0,1.0,12.0,1.0,12.09,5.0200000000000005,2.5,1.49,-2.3000000000000003,0.2,2.3000000000000003,300.90000000000003,-0.1,-10.3,2.3000000000000003,11.6,-83.2,0.0,0.0,219.6,0.0,22.3,28.0,28.0,31.0,300.0,300.0,29.4,35.2,29.8,29.3,31.6,4.96,2.0,4.96,0.16,0.0,0.0,1027.0,8228.0,0.0,0.0,0.0,0.0,0.0,1.0,0.0,0.0,0.0,-0.001,0.0,-0.1,0.0,-14.9,-12.7,0.0162,16.0,25903.0
2026-07-30T18:57:42.028Z,31.511,31.518,-7.4,7.4,0.0,0.0,0.0,0.0,0.0,1.0,1.0,0.0,1.0,0.0,0.0,0.0,8.0,6.0,0.0,0.0,0.0,0.0,0.0,0.0,0.0,0.0,2.0,12.0,1.0,12.05,5.0200000000000005,2.5,1.49,-2.3000000000000003,0.2,2.3000000000000003,301.1,-0.1,-12.0,2.9000000000000004,11.0,-83.2,0.0,0.0,219.7,0.0,22.200000000000003,28.0,28.0,31.0,300.0,300.0,29.5,35.300000000000004,29.9,29.4,31.6,4.95,2.0,4.97,0.16,0.0,0.0,1027.0,8228.0,0.0,0.0,0.0,0.0,0.0,1.0,0.0,0.0,0.0,-0.001,0.0,0.4,0.0,-14.7,-12.8,0.0158,16.0,25903.0
2026-07-30T18:57:42.035Z,31.518,31.53,-7.4,7.4,0.0,0.0,0.0,0.0,0.0,1.0,1.0,0.0,1.0,0.0,0.0,0.0,8.0,6.0,0.0,0.0,0.0,0.0,0.0,0.0,0.0,0.0,3.0,12.0,1.0,12.05,5.0200000000000005,2.5,1.49,-2.4000000000000004,0.2,2.4000000000000004,301.1,-0.1,-11.4,2.3000000000000003,9.9,-83.2,0.0,0.0,219.6,0.0,22.200000000000003,28.0,28.0,31.0,300.0,300.0,29.5,35.300000000000004,29.9,29.4,31.6,4.95,2.0,4.96,0.16,0.0,0.0,1027.0,8228.0,0.0,0.0,0.0,0.0,0.0,1.0,0.0,0.0,0.0,-0.001,0.0,0.1,0.0,-12.9,-12.8,0.0158,16.0,25903.0
2026-07-30T18:57:42.047Z,31.53,31.542,-7.5,7.4,0.0,0.0,0.0,0.0,0.0,1.0,1.0,0.0,1.0,0.0,0.0,0.0,8.0,6.0,0.0,0.0,0.0,0.0,0.0,0.0,0.0,0.0,4.0,12.0,1.0,12.05,5.0200000000000005,2.5,1.49,-2.3000000000000003,0.2,2.3000000000000003,301.0,-0.1,-10.3,2.9000000000000004,10.4,-83.2,0.0,0.0,219.6,0.0,22.200000000000003,28.0,28.0,31.0,300.0,300.0,29.5,35.300000000000004,29.9,29.4,31.6,4.95,2.0,4.96,0.16,0.0,0.0,1027.0,8228.0,0.0,0.0,0.0,0.0,0.0,1.0,0.0,0.0,0.0,-0.001,0.0,0.5,0.0,-14.0,-12.8,0.0162,16.0,25903.0
2026-07-30T18:57:42.059Z,31.542,31.554,-7.5,7.4,0.0,0.0,0.0,0.0,0.0,1.0,1.0,0.0,1.0,0.0,0.0,0.0,8.0,6.0,0.0,0.0,0.0,0.0,0.0,0.0,0.0,0.0,5.0,12.0,1.0,12.05,5.0200000000000005,2.5,1.49,-2.4000000000000004,0.2,2.4000000000000004,301.1,-0.1,-11.4,2.3000000000000003,9.3,-83.2,0.0,0.0,219.6,0.0,22.200000000000003,28.0,28.0,31.0,300.0,300.0,29.5,35.300000000000004,29.9,29.4,31.6,4.96,2.0,4.96,0.16,0.0,0.0,1027.0,8228.0,0.0,0.0,0.0,0.0,0.0,1.0,0.0,0.0,0.0,-0.001,0.0,0.2,0.0,-12.3,-12.7,0.0158,16.0,25903.0
2026-07-30T18:57:42.071Z,31.554,31.566,-7.5,7.4,0.0,0.0,0.0,0.0,0.0,1.0,1.0,0.0,1.0,0.0,0.0,0.0,8.0,6.0,0.0,0.0,0.0,0.0,0.0,0.0,0.0,0.0,1.0,12.0,1.0,12.05,5.0200000000000005,2.5,1.49,-2.4000000000000004,0.2,2.4000000000000004,301.1,-0.1,-12.0,2.3000000000000003,9.9,-83.2,0.0,0.0,219.6,0.0,22.200000000000003,28.0,28.0,31.0,300.0,300.0,29.5,35.300000000000004,29.9,29.4,31.6,4.95,2.0,4.96,0.16,0.0,0.0,1027.0,8228.0,0.0,0.0,0.0,0.0,0.0,1.0,0.0,0.0,0.0,-0.001,0.0,0.1,0.0,-12.9,-12.7,0.0162,16.0,25903.0
2026-07-30T18:57:42.083Z,31.566,31.578,-7.4,7.4,0.0,0.0,0.0,0.0,0.0,1.0,1.0,0.0,1.0,0.0,0.0,0.0,8.0,6.0,0.0,0.0,0.0,0.0,0.0,0.0,0.0,0.0,2.0,12.0,1.0,12.05,5.0200000000000005,2.5,1.49,-2.4000000000000004,0.3,2.4000000000000004,301.1,-0.1,-12.0,1.1,9.3,-83.2,0.0,0.0,219.6,0.0,22.200000000000003,28.0,28.0,31.0,300.0,300.0,29.5,35.300000000000004,29.9,29.4,31.6,4.95,2.0,4.96,0.16,0.0,0.0,1027.0,8228.0,0.0,0.0,0.0,0.0,0.0,1.0,0.0,0.0,0.0,-0.001,0.0,-0.7000000000000001,0.0,-11.4,-12.8,0.0161,16.0,25903.0
2026-07-30T18:57:42.095Z,31.578,31.59,-7.5,7.4,0.0,0.0,0.0,0.0,0.0,1.0,1.0,0.0,1.0,0.0,0.0,0.0,8.0,6.0,0.0,0.0,0.0,0.0,0.0,0.0,0.0,0.0,3.0,12.0,1.0,12.05,5.0200000000000005,2.5,1.49,-2.3000000000000003,0.2,2.3000000000000003,301.1,-0.1,-10.3,2.9000000000000004,9.9,-83.10000000000001,0.0,0.0,219.6,0.0,22.200000000000003,28.0,28.0,31.0,300.0,300.0,29.5,35.300000000000004,29.9,29.4,31.6,4.95,2.0,4.97,0.16,0.0,0.0,1027.0,8228.0,0.0,0.0,0.0,0.0,0.0,1.0,0.0,0.0,0.0,-0.001,0.0,0.6000000000000001,0.0,-13.4,-12.8,0.0164,16.0,25903.0
2026-07-30T18:57:42.107Z,31.59,31.602,-7.4,7.4,0.0,0.0,0.0,0.0,0.0,1.0,1.0,0.0,1.0,0.0,0.0,0.0,8.0,6.0,0.0,0.0,0.0,0.0,0.0,0.0,0.0,0.0,4.0,12.0,1.0,12.05,5.0200000000000005,2.5,1.49,-2.3000000000000003,0.2,2.3000000000000003,300.90000000000003,0.0,-11.4,3.5,11.0,-83.10000000000001,0.0,0.0,219.7,0.0,22.200000000000003,28.0,28.0,31.0,300.0,300.0,29.5,35.300000000000004,29.9,29.4,31.6,4.95,2.0,4.97,0.16,0.0,0.0,1027.0,8228.0,0.0,0.0,0.0,0.0,0.0,1.0,0.0,0.0,0.0,-0.001,0.0,0.9,0.0,-15.1,-12.7,0.0159,16.0,25903.0
2026-07-30T18:57:42.119Z,31.602,31.614,-7.4,7.4,0.0,0.0,0.0,0.0,0.0,1.0,1.0,0.0,1.0,0.0,0.0,0.0,8.0,6.0,0.0,0.0,0.0,0.0,0.0,0.0,0.0,0.0,4.0,12.0,1.0,12.05,5.0200000000000005,2.5,1.49,-2.4000000000000004,0.2,2.4000000000000004,301.1,0.0,-12.0,1.7000000000000002,8.700000000000001,-83.10000000000001,0.0,0.0,219.7,0.0,22.200000000000003,28.0,28.0,31.0,300.0,300.0,29.5,35.300000000000004,29.9,29.4,31.6,4.96,2.0,4.96,0.16,0.0,0.0,1027.0,8228.0,0.0,0.0,0.0,0.0,0.0,1.0,0.0,0.0,0.0,-0.001,0.0,-0.1,0.0,-11.2,-12.8,0.0157,16.0,25903.0
2026-07-30T18:57:42.131Z,31.614,31.626,-7.5,7.4,0.0,0.0,0.0,0.0,0.0,1.0,1.0,0.0,1.0,0.0,0.0,0.0,8.0,6.0,0.0,0.0,0.0,0.0,0.0,0.0,0.0,0.0,6.0,12.0,1.0,12.04,5.0200000000000005,2.51,1.49,-2.3000000000000003,0.2,2.3000000000000003,301.1,0.0,-12.0,2.3000000000000003,12.2,-83.2,0.0,0.0,219.7,0.0,22.1,28.0,28.0,31.1,300.0,300.0,29.4,35.4,29.9,29.4,31.700000000000003,4.95,2.0,4.97,0.16,0.0,0.0,1027.0,8228.0,0.0,0.0,0.0,0.0,0.0,1.0,0.0,0.0,0.0,-0.001,0.0,-0.2,0.0,-15.6,-12.8,0.0166,16.0,25903.0
2026-07-30T18:57:42.143Z,31.626,31.638,-7.5,7.4,0.0,0.0,0.0,0.0,0.0,1.0,1.0,0.0,1.0,0.0,0.0,0.0,8.0,6.0,0.0,0.0,0.0,0.0,0.0,0.0,0.0,0.0,1.0,12.0,1.0,12.04,5.0200000000000005,2.51,1.49,-2.4000000000000004,0.2,2.4000000000000004,301.0,0.0,-11.4,1.7000000000000002,9.3,-83.2,0.0,0.0,219.7,0.0,22.1,28.0,28.0,31.1,300.0,300.0,29.4,35.4,29.9,29.4,31.700000000000003,4.95,2.0,4.97,0.16,0.0,0.0,1027.0,8228.0,0.0,0.0,0.0,0.0,0.0,1.0,0.0,0.0,0.0,-0.001,0.0,-0.2,0.0,-11.8,-12.7,0.0155,16.0,25903.0
2026-07-30T18:57:42.155Z,31.638,31.65,-7.4,7.4,0.0,0.0,0.0,0.0,0.0,1.0,1.0,0.0,1.0,0.0,0.0,0.0,8.0,6.0,0.0,0.0,0.0,0.0,0.0,0.0,0.0,0.0,2.0,12.0,1.0,12.04,5.0200000000000005,2.51,1.49,-2.4000000000000004,0.3,2.4000000000000004,301.0,0.0,-12.0,1.1,9.3,-83.2,0.0,0.0,219.8,0.0,22.1,28.0,28.0,31.1,300.0,300.0,29.4,35.4,29.9,29.4,31.700000000000003,4.95,2.0,4.97,0.16,0.0,0.0,1027.0,8228.0,0.0,0.0,0.0,0.0,0.0,1.0,0.0,0.0,0.0,-0.001,0.0,-0.8,0.0,-11.4,-12.7,0.0163,16.0,25903.0
2026-07-30T18:57:42.167Z,31.65,31.662,-7.4,7.4,0.0,0.0,0.0,0.0,0.0,1.0,1.0,0.0,1.0,0.0,0.0,0.0,8.0,6.0,0.0,0.0,0.0,0.0,0.0,0.0,0.0,0.0,3.0,12.0,1.0,12.04,5.0200000000000005,2.51,1.49,-2.5,0.3,2.5,301.2,0.0,-12.6,1.1,8.1,-83.2,0.0,0.0,219.8,0.0,22.1,28.0,28.0,31.1,300.0,300.0,29.4,35.4,29.9,29.4,31.700000000000003,4.95,2.0,4.97,0.16,0.0,0.0,1027.0,8228.0,0.0,0.0,0.0,0.0,0.0,1.0,0.0,0.0,0.0,-0.001,0.0,-0.5,0.0,-10.1,-12.8,0.0165,16.0,25903.0
2026-07-30T18:57:42.179Z,31.662,31.674,-7.5,7.4,0.0,0.0,0.0,0.0,0.0,1.0,1.0,0.0,1.0,0.0,0.0,0.0,8.0,6.0,0.0,0.0,0.0,0.0,0.0,0.0,0.0,0.0,4.0,12.0,1.0,12.04,5.0200000000000005,2.51,1.49,-2.4000000000000004,0.3,2.4000000000000004,301.0,0.0,-12.0,1.1,9.3,-83.2,0.0,0.0,219.6,0.0,22.1,28.0,28.0,31.1,300.0,300.0,29.4,35.4,29.9,29.4,31.700000000000003,4.96,2.0,4.96,0.16,0.0,0.0,1027.0,8228.0,0.0,0.0,0.0,0.0,0.0,1.0,0.0,0.0,0.0,-0.001,0.0,-0.7000000000000001,0.0,-11.4,-12.9,0.0169,16.0,25903.0
2026-07-30T18:57:42.190Z,31.673,31.686,-7.5,7.4,0.0,0.0,0.0,0.0,0.0,1.0,1.0,0.0,1.0,0.0,0.0,0.0,8.0,6.0,0.0,0.0,0.0,0.0,0.0,0.0,0.0,0.0,4.0,12.0,1.0,12.04,5.0200000000000005,2.51,1.49,-2.3000000000000003,0.2,2.3000000000000003,301.0,-0.1,-12.0,2.9000000000000004,10.4,-83.2,0.0,0.0,219.6,0.0,22.1,28.0,28.0,31.1,300.0,300.0,29.4,35.4,29.9,29.4,31.700000000000003,4.96,2.0,4.97,0.16,0.0,0.0,1027.0,8228.0,0.0,0.0,0.0,0.0,0.0,1.0,0.0,0.0,0.0,-0.001,0.0,0.5,0.0,-14.0,-12.7,0.0165,16.0,25903.0
2026-07-30T18:57:42.203Z,31.686,31.698,-7.4,7.4,0.0,0.0,0.0,0.0,0.0,1.0,1.0,0.0,1.0,0.0,0.0,0.0,8.0,6.0,0.0,0.0,0.0,0.0,0.0,0.0,0.0,0.0,5.0,12.0,1.0,12.04,5.0200000000000005,2.51,1.49,-2.4000000000000004,0.2,2.4000000000000004,301.1,-0.1,-12.6,2.3000000000000003,8.700000000000001,-83.2,0.0,0.0,219.6,0.0,22.1,28.0,28.0,31.1,300.0,300.0,29.4,35.4,29.9,29.4,31.700000000000003,4.96,2.0,4.97,0.16,0.0,0.0,1027.0,8228.0,0.0,0.0,0.0,0.0,0.0,1.0,0.0,0.0,0.0,-0.001,0.0,0.3,0.0,-11.6,-12.7,0.0158,16.0,25903.0
2026-07-30T18:57:42.217Z,31.7,31.71,-7.4,7.4,0.0,0.0,0.0,0.0,0.0,1.0,1.0,0.0,1.0,0.0,0.0,0.0,8.0,6.0,0.0,0.0,0.0,0.0,0.0,0.0,0.0,0.0,1.0,12.0,1.0,12.04,5.0200000000000005,2.51,1.49,-2.5,0.3,2.6,301.0,0.0,-13.2,0.5,6.9,-83.2,0.0,0.0,219.7,0.0,22.1,28.0,28.0,31.1,300.0,300.0,29.4,35.4,29.9,29.4,31.700000000000003,4.96,2.0,4.96,0.16,0.0,0.0,1027.0,8228.0,0.0,0.0,0.0,0.0,0.0,1.0,0.0,0.0,0.0,-0.001,0.0,-0.8,0.0,-8.3,-12.8,0.0164,16.0,25903.0
2026-07-30T18:57:42.228Z,31.711,31.722,-7.4,7.4,0.0,0.0,0.0,0.0,0.0,1.0,1.0,0.0,1.0,0.0,0.0,0.0,8.0,6.0,0.0,0.0,0.0,0.0,0.0,0.0,0.0,0.0,1.0,12.0,1.0,12.05,5.01,2.51,1.5,-2.4000000000000004,0.2,2.4000000000000004,301.1,0.0,-12.0,1.7000000000000002,9.3,-83.2,0.0,0.0,219.7,0.0,22.3,28.1,28.1,31.1,300.0,300.0,29.3,35.2,29.700000000000003,29.4,31.700000000000003,4.95,2.0,4.96,0.16,0.0,0.0,1027.0,8228.0,0.0,0.0,0.0,0.0,0.0,1.0,0.0,0.0,0.0,-0.001,0.0,-0.2,0.0,-11.8,-12.9,0.0173,16.0,25903.0
2026-07-30T18:57:42.239Z,31.722,31.734,-7.5,7.4,0.0,0.0,0.0,0.0,0.0,1.0,1.0,0.0,1.0,0.0,0.0,0.0,8.0,6.0,0.0,0.0,0.0,0.0,0.0,0.0,0.0,0.0,2.0,12.0,1.0,12.05,5.01,2.51,1.5,-2.4000000000000004,0.2,2.4000000000000004,301.1,-0.1,-12.0,1.7000000000000002,9.3,-83.2,0.0,0.0,219.6,0.0,22.3,28.1,28.1,31.1,300.0,300.0,29.3,35.2,29.700000000000003,29.4,31.700000000000003,4.95,2.0,4.97,0.16,0.0,0.0,1027.0,8228.0,0.0,0.0,0.0,0.0,0.0,1.0,0.0,0.0,0.0,-0.001,0.0,-0.2,0.0,-11.9,-12.9,0.0166,16.0,25903.0
2026-07-30T18:57:42.250Z,31.733,31.746,-7.5,7.4,0.0,0.0,0.0,0.0,0.0,1.0,1.0,0.0,1.0,0.0,0.0,0.0,8.0,6.0,0.0,0.0,0.0,0.0,0.0,0.0,0.0,0.0,3.0,12.0,1.0,12.05,5.01,2.51,1.5,-2.4000000000000004,0.2,2.4000000000000004,301.1,-0.1,-12.6,1.7000000000000002,9.9,-83.2,0.0,0.0,219.6,0.0,22.3,28.1,28.1,31.1,300.0,300.0,29.3,35.2,29.700000000000003,29.4,31.700000000000003,4.96,2.0,4.97,0.16,0.0,0.0,1027.0,8228.0,0.0,0.0,0.0,0.0,0.0,1.0,0.0,0.0,0.0,-0.001,0.0,-0.3,0.0,-12.5,-12.7,0.0165,16.0,25903.0
2026-07-30T18:57:42.263Z,31.746,31.758,-7.5,7.4,0.0,0.0,0.0,0.0,0.0,1.0,1.0,0.0,1.0,0.0,0.0,0.0,8.0,6.0,0.0,0.0,0.0,0.0,0.0,0.0,0.0,0.0,4.0,12.0,1.0,12.05,5.01,2.51,1.5,-2.3000000000000003,0.2,2.3000000000000003,301.1,-0.1,-12.0,3.5,10.4,-83.2,0.0,0.0,219.7,0.0,22.3,28.1,28.1,31.1,300.0,300.0,29.3,35.2,29.700000000000003,29.4,31.700000000000003,4.95,2.0,4.97,0.16,0.0,0.0,1027.0,8228.0,0.0,0.0,0.0,0.0,0.0,1.0,0.0,0.0,0.0,-0.001,0.0,1.0,0.0,-14.5,-12.7,0.0162,16.0,25903.0
2026-07-30T18:57:42.275Z,31.758,31.77,-7.5,7.4,0.0,0.0,0.0,0.0,0.0,1.0,1.0,0.0,1.0,0.0,0.0,0.0,8.0,6.0,0.0,0.0,0.0,0.0,0.0,0.0,0.0,0.0,5.0,12.0,1.0,12.05,5.01,2.51,1.5,-2.4000000000000004,0.3,2.4000000000000004,301.1,-0.1,-12.6,1.1,8.700000000000001,-83.2,0.0,0.0,219.6,0.0,22.3,28.1,28.1,31.1,300.0,300.0,29.3,35.2,29.700000000000003,29.4,31.700000000000003,4.96,2.0,4.97,0.16,0.0,0.0,1027.0,8228.0,0.0,0.0,0.0,0.0,0.0,1.0,0.0,0.0,0.0,-0.001,0.0,-0.6000000000000001,0.0,-10.8,-12.7,0.0157,16.0,25903.0
2026-07-30T18:57:42.287Z,31.77,31.782,-7.5,7.4,0.0,0.0,0.0,0.0,0.0,1.0,1.0,0.0,1.0,0.0,0.0,0.0,8.0,6.0,0.0,0.0,0.0,0.0,0.0,0.0,0.0,0.0,6.0,12.0,1.0,12.05,5.01,2.51,1.5,-2.3000000000000003,0.2,2.3000000000000003,301.0,-0.1,-10.3,3.5,11.0,-83.2,0.0,0.0,219.7,0.0,22.3,28.1,28.1,31.1,300.0,300.0,29.3,35.2,29.700000000000003,29.4,31.700000000000003,4.96,2.0,4.96,0.16,0.0,0.0,1027.0,8228.0,0.0,0.0,0.0,0.0,0.0,1.0,0.0,0.0,0.0,-0.001,0.0,0.9,0.0,-15.1,-12.7,0.0165,16.0,25903.0
2026-07-30T18:57:42.299Z,31.782,31.794,-7.4,7.4,0.0,0.0,0.0,0.0,0.0,1.0,1.0,0.0,1.0,0.0,0.0,0.0,8.0,6.0,0.0,0.0,0.0,0.0,0.0,0.0,0.0,0.0,2.0,12.0,1.0,12.05,5.01,2.51,1.5,-2.3000000000000003,0.2,2.3000000000000003,301.1,-0.1,-11.4,2.9000000000000004,9.9,-83.10000000000001,0.0,0.0,219.7,0.0,22.3,28.1,28.1,31.1,300.0,300.0,29.3,35.2,29.700000000000003,29.4,31.700000000000003,4.96,2.0,4.96,0.16,0.0,0.0,1027.0,8228.0,0.0,0.0,0.0,0.0,0.0,1.0,0.0,0.0,0.0,-0.001,0.0,0.6000000000000001,0.0,-13.4,-12.7,0.0155,16.0,25903.0
2026-07-30T18:57:42.311Z,31.794,31.806,-7.4,7.4,0.0,0.0,0.0,0.0,0.0,1.0,1.0,0.0,1.0,0.0,0.0,0.0,8.0,6.0,0.0,0.0,0.0,0.0,0.0,0.0,0.0,0.0,3.0,12.0,1.0,12.05,5.01,2.51,1.5,-2.4000000000000004,0.2,2.4000000000000004,301.2,-0.1,-11.4,2.3000000000000003,9.3,-83.10000000000001,0.0,0.0,219.8,0.0,22.3,28.1,28.1,31.1,300.0,300.0,29.3,35.2,29.700000000000003,29.4,31.700000000000003,4.95,2.0,4.96,0.16,0.0,0.0,1027.0,8228.0,0.0,0.0,0.0,0.0,0.0,1.0,0.0,0.0,0.0,-0.001,0.0,0.2,0.0,-12.3,-12.8,0.0159,16.0,25903.0
2026-07-30T18:57:42.322Z,31.805,31.818,-7.4,7.4,0.0,0.0,0.0,0.0,0.0,1.0,1.0,0.0,1.0,0.0,0.0,0.0,8.0,6.0,0.0,0.0,0.0,0.0,0.0,0.0,0.0,0.0,4.0,12.0,1.0,12.05,5.01,2.51,1.5,-2.3000000000000003,0.2,2.3000000000000003,300.90000000000003,-0.1,-12.0,3.5,11.0,-83.2,0.0,0.0,219.8,0.0,22.3,28.1,28.1,31.1,300.0,300.0,29.3,35.2,29.700000000000003,29.4,31.700000000000003,4.96,2.0,4.96,0.16,0.0,0.0,1027.0,8228.0,0.0,0.0,0.0,0.0,0.0,1.0,0.0,0.0,0.0,-0.001,0.0,0.9,0.0,-15.1,-12.8,0.0156,16.0,25903.0
2026-07-30T18:57:42.335Z,31.818,31.83,-7.5,7.4,0.0,0.0,0.0,0.0,0.0,1.0,1.0,0.0,1.0,0.0,0.0,0.0,8.0,6.0,0.0,0.0,0.0,0.0,0.0,0.0,0.0,0.0,5.0,12.0,1.0,12.06,5.0200000000000005,2.51,1.49,-2.3000000000000003,0.2,2.4000000000000004,301.1,-0.1,-11.4,2.9000000000000004,9.9,-83.2,0.0,0.0,219.7,0.0,22.3,28.1,28.1,31.1,300.0,300.0,29.4,35.1,29.8,29.4,31.700000000000003,4.96,2.0,4.96,0.16,0.0,0.0,1027.0,8228.0,0.0,0.0,0.0,0.0,0.0,1.0,0.0,0.0,0.0,-0.001,0.0,0.6000000000000001,0.0,-13.4,-12.8,0.0162,16.0,25903.0
2026-07-30T18:57:42.347Z,31.83,31.842,-7.4,7.4,0.0,0.0,0.0,0.0,0.0,1.0,1.0,0.0,1.0,0.0,0.0,0.0,8.0,6.0,0.0,0.0,0.0,0.0,0.0,0.0,0.0,0.0,6.0,12.0,1.0,12.06,5.0200000000000005,2.51,1.49,-2.4000000000000004,0.2,2.4000000000000004,301.0,-0.1,-12.0,2.3000000000000003,9.9,-83.2,0.0,0.0,219.8,0.0,22.3,28.1,28.1,31.1,300.0,300.0,29.4,35.1,29.8,29.4,31.700000000000003,4.96,2.0,4.96,0.16,0.0,0.0,1027.0,8228.0,0.0,0.0,0.0,0.0,0.0,1.0,0.0,0.0,0.0,-0.001,0.0,0.1,0.0,-12.9,-12.7,0.0162,16.0,25903.0
2026-07-30T18:57:42.359Z,31.842,31.854,-7.4,7.4,0.0,0.0,0.0,0.0,0.0,1.0,1.0,0.0,1.0,0.0,0.0,0.0,8.0,6.0,0.0,0.0,0.0,0.0,0.0,0.0,0.0,0.0,6.0,12.0,1.0,12.06,5.0200000000000005,2.51,1.49,-2.4000000000000004,0.2,2.4000000000000004,301.0,-0.1,-12.0,1.7000000000000002,9.3,-83.2,0.0,0.0,219.8,0.0,22.3,28.1,28.1,31.1,300.0,300.0,29.4,35.1,29.8,29.4,31.700000000000003,4.95,2.0,4.97,0.16,0.0,0.0,1027.0,8228.0,0.0,0.0,0.0,0.0,0.0,1.0,0.0,0.0,0.0,-0.001,0.0,-0.2,0.0,-11.8,-12.8,0.0161,16.0,25903.0
2026-07-30T18:57:42.371Z,31.854,31.866,-7.4,7.4,0.0,0.0,0.0,0.0,0.0,1.0,1.0,0.0,1.0,0.0,0.0,0.0,8.0,6.0,0.0,0.0,0.0,0.0,0.0,0.0,0.0,0.0,1.0,12.0,1.0,12.06,5.0200000000000005,2.51,1.49,-2.4000000000000004,0.2,2.4000000000000004,301.1,-0.1,-11.4,2.9000000000000004,9.3,-83.2,0.0,0.0,219.7,0.0,22.3,28.1,28.1,31.1,300.0,300.0,29.4,35.1,29.8,29.4,31.700000000000003,4.96,2.0,4.96,0.16,0.0,0.0,1027.0,8228.0,0.0,0.0,0.0,0.0,0.0,1.0,0.0,0.0,0.0,-0.001,0.0,0.7000000000000001,0.0,-12.7,-12.8,0.0158,16.0,25903.0
2026-07-30T18:57:42.383Z,31.866,31.878,-7.5,7.4,0.0,0.0,0.0,0.0,0.0,1.0,1.0,0.0,1.0,0.0,0.0,0.0,8.0,6.0,0.0,0.0,0.0,0.0,0.0,0.0,0.0,0.0,1.0,12.0,1.0,12.06,5.0200000000000005,2.51,1.49,-2.3000000000000003,0.2,2.3000000000000003,301.0,-0.1,-11.4,2.3000000000000003,11.0,-83.2,0.0,0.0,219.7,0.0,22.3,28.1,28.1,31.1,300.0,300.0,29.4,35.1,29.8,29.4,31.700000000000003,4.96,2.0,4.96,0.16,0.0,0.0,1027.0,8228.0,0.0,0.0,0.0,0.0,0.0,1.0,0.0,0.0,0.0,-0.001,0.0,0.0,0.0,-14.3,-12.9,0.017,16.0,25903.0
2026-07-30T18:57:42.395Z,31.878,31.89,-7.4,7.4,0.0,0.0,0.0,0.0,0.0,1.0,1.0,0.0,1.0,0.0,0.0,0.0,8.0,6.0,0.0,0.0,0.0,0.0,0.0,0.0,0.0,0.0,2.0,12.0,1.0,12.06,5.0200000000000005,2.51,1.49,-2.4000000000000004,0.2,2.4000000000000004,301.0,-0.1,-10.9,2.3000000000000003,10.4,-83.2,0.0,0.0,219.7,0.0,22.3,28.1,28.1,31.1,300.0,300.0,29.4,35.1,29.8,29.4,31.700000000000003,4.95,1.99,4.96,0.16,0.0,0.0,1027.0,8228.0,0.0,0.0,0.0,0.0,0.0,1.0,0.0,0.0,0.0,-0.001,0.0,0.2,0.0,-12.3,-12.7,0.0164,16.0,25903.0
2026-07-30T18:57:42.407Z,31.89,31.902,-7.4,7.4,0.0,0.0,0.0,0.0,0.0,1.0,1.0,0.0,1.0,0.0,0.0,0.0,8.0,6.0,0.0,0.0,0.0,0.0,0.0,0.0,0.0,0.0,3.0,12.0,1.0,12.06,5.0200000000000005,2.51,1.49,-2.4000000000000004,0.3,2.4000000000000004,301.1,-0.1,-12.6,1.7000000000000002,10.4,-83.30000000000001,0.0,0.0,219.7,0.0,22.3,28.1,28.1,31.1,300.0,300.0,29.4,35.1,29.8,29.4,31.700000000000003,4.95,1.99,4.96,0.16,0.0,0.0,1027.0,8228.0,0.0,0.0,0.0,0.0,0.0,1.0,0.0,0.0,0.0,-0.001,0.0,-1.0,0.0,-12.8,-12.8,0.0164,16.0,25903.0
2026-07-30T18:57:42.419Z,31.902,31.914,-7.5,7.4,0.0,0.0,0.0,0.0,0.0,1.0,1.0,0.0,1.0,0.0,0.0,0.0,8.0,6.0,0.0,0.0,0.0,0.0,0.0,0.0,0.0,0.0,4.0,12.0,1.0,12.06,5.0200000000000005,2.51,1.49,-2.5,0.3,2.6,301.1,0.0,-12.0,2.9000000000000004,9.9,-83.30000000000001,0.0,0.0,219.8,0.0,22.3,28.1,28.1,31.1,300.0,300.0,29.4,35.1,29.8,29.4,31.700000000000003,4.95,2.0,4.96,0.16,0.0,0.0,1027.0,8228.0,0.0,0.0,0.0,0.0,0.0,1.0,0.0,0.0,0.0,-0.001,0.0,-0.7000000000000001,0.0,-7.6,-12.8,0.0163,16.0,25903.0
2026-07-30T18:57:42.432Z,31.915,31.926,-7.5,7.4,0.0,0.0,0.0,0.0,0.0,1.0,1.0,0.0,1.0,0.0,0.0,0.0,8.0,6.0,0.0,0.0,0.0,0.0,0.0,0.0,0.0,0.0,6.0,12.0,1.0,12.05,5.0200000000000005,2.51,1.5,-2.4000000000000004,0.2,2.4000000000000004,301.1,-0.1,-11.4,1.1,9.3,-83.30000000000001,0.0,0.0,219.7,0.0,21.9,28.1,28.1,31.200000000000003,300.0,300.0,29.5,35.1,29.9,29.4,31.8,4.95,2.0,4.97,0.16,0.0,0.0,1027.0,8228.0,0.0,0.0,0.0,0.0,0.0,1.0,0.0,0.0,0.0,-0.001,0.0,-0.7000000000000001,0.0,-11.4,-12.8,0.0173,16.0,25903.0
2026-07-30T18:57:42.443Z,31.926,31.938,-7.5,7.4,0.0,0.0,0.0,0.0,0.0,1.0,1.0,0.0,1.0,0.0,0.0,0.0,8.0,6.0,0.0,0.0,0.0,0.0,0.0,0.0,0.0,0.0,1.0,12.0,1.0,12.05,5.0200000000000005,2.51,1.5,-2.3000000000000003,0.2,2.4000000000000004,301.0,0.0,-10.9,1.7000000000000002,10.4,-83.30000000000001,0.0,0.0,219.8,0.0,21.9,28.1,28.1,31.200000000000003,300.0,300.0,29.5,35.1,29.9,29.4,31.8,4.95,2.0,4.97,0.16,0.0,0.0,1027.0,8228.0,0.0,0.0,0.0,0.0,0.0,1.0,0.0,0.0,0.0,-0.001,0.0,-0.5,0.0,-13.2,-12.7,0.0164,16.0,25903.0
2026-07-30T18:57:42.455Z,31.938,31.95,-7.4,7.4,0.0,0.0,0.0,0.0,0.0,1.0,1.0,0.0,1.0,0.0,0.0,0.0,8.0,6.0,0.0,0.0,0.0,0.0,0.0,0.0,0.0,0.0,2.0,12.0,1.0,12.05,5.0200000000000005,2.51,1.5,-2.4000000000000004,0.2,2.4000000000000004,301.1,0.0,-11.4,2.3000000000000003,9.3,-83.30000000000001,0.0,0.0,219.8,0.0,21.9,28.1,28.1,31.200000000000003,300.0,300.0,29.5,35.1,29.9,29.4,31.8,4.96,2.0,4.96,0.16,0.0,0.0,1027.0,8228.0,0.0,0.0,0.0,0.0,0.0,1.0,0.0,0.0,0.0,-0.001,0.0,0.2,0.0,-12.3,-12.7,0.016,16.0,25903.0
2026-07-30T18:57:42.467Z,31.95,31.962,-7.4,7.4,0.0,0.0,0.0,0.0,0.0,1.0,1.0,0.0,1.0,0.0,0.0,0.0,8.0,6.0,0.0,0.0,0.0,0.0,0.0,0.0,0.0,0.0,3.0,12.0,1.0,12.05,5.0200000000000005,2.51,1.5,-2.4000000000000004,0.3,2.5,300.90000000000003,0.0,-13.2,0.5,9.3,-83.30000000000001,0.0,0.0,219.8,0.0,21.9,28.1,28.1,31.200000000000003,300.0,300.0,29.5,35.1,29.9,29.4,31.8,4.95,2.0,4.96,0.16,0.0,0.0,1027.0,8228.0,0.0,0.0,0.0,0.0,0.0,1.0,0.0,0.0,0.0,-0.001,0.0,-1.3,0.0,-11.0,-12.9,0.0163,16.0,25903.0
2026-07-30T18:57:42.479Z,31.962,31.974,-7.5,7.4,0.0,0.0,0.0,0.0,0.0,1.0,1.0,0.0,1.0,0.0,0.0,0.0,8.0,6.0,0.0,0.0,0.0,0.0,0.0,0.0,0.0,0.0,4.0,12.0,1.0,12.05,5.0200000000000005,2.51,1.5,-2.3000000000000003,0.2,2.4000000000000004,301.0,-0.1,-11.4,2.9000000000000004,9.9,-83.30000000000001,0.0,0.0,219.8,0.0,21.9,28.1,28.1,31.200000000000003,300.0,300.0,29.5,35.1,29.9,29.4,31.8,4.95,2.0,4.96,0.17,0.0,0.0,1027.0,8228.0,0.0,0.0,0.0,0.0,0.0,1.0,0.0,0.0,0.0,-0.001,0.0,0.6000000000000001,0.0,-13.4,-12.8,0.0166,16.0,25903.0
2026-07-30T18:57:42.491Z,31.974,31.986,-7.4,7.4,0.0,0.0,0.0,0.0,0.0,1.0,1.0,0.0,1.0,0.0,0.0,0.0,8.0,6.0,0.0,0.0,0.0,0.0,0.0,0.0,0.0,0.0,5.0,12.0,1.0,12.05,5.0200000000000005,2.51,1.5,-2.4000000000000004,0.2,2.4000000000000004,301.1,-0.1,-11.4,2.3000000000000003,9.9,-83.30000000000001,0.0,0.0,219.7,0.0,21.9,28.1,28.1,31.200000000000003,300.0,300.0,29.5,35.1,29.9,29.4,31.8,4.96,2.0,4.96,0.16,0.0,0.0,1027.0,8228.0,0.0,0.0,0.0,0.0,0.0,1.0,0.0,0.0,0.0,-0.001,0.0,0.1,0.0,-12.9,-12.7,0.016,16.0,25903.0
2026-07-30T18:57:42.503Z,31.986,31.998,-7.4,7.4,0.0,0.0,0.0,0.0,0.0,1.0,1.0,0.0,1.0,0.0,0.0,0.0,8.0,6.0,0.0,0.0,0.0,0.0,0.0,0.0,0.0,0.0,1.0,12.0,1.0,12.05,5.0200000000000005,2.51,1.5,-2.4000000000000004,0.2,2.4000000000000004,301.1,-0.1,-12.6,2.3000000000000003,8.700000000000001,-83.30000000000001,0.0,0.0,219.7,0.0,21.9,28.1,28.1,31.200000000000003,300.0,300.0,29.5,35.1,29.9,29.4,31.8,4.96,2.0,4.96,0.16,0.0,0.0,1027.0,8228.0,0.0,0.0,0.0,0.0,0.0,1.0,0.0,0.0,0.0,-0.001,0.0,0.3,0.0,-11.6,-12.8,0.0162,16.0,25903.0
2026-07-30T18:57:42.515Z,31.998,32.01,-7.4,7.4,0.0,0.0,0.0,0.0,0.0,1.0,1.0,0.0,1.0,0.0,0.0,0.0,8.0,6.0,0.0,0.0,0.0,0.0,0.0,0.0,0.0,0.0,1.0,12.0,1.0,12.05,5.0200000000000005,2.51,1.5,-2.3000000000000003,0.2,2.3000000000000003,301.1,-0.1,-12.0,2.3000000000000003,11.0,-83.30000000000001,0.0,0.0,219.7,0.0,21.9,28.1,28.1,31.200000000000003,300.0,300.0,29.5,35.1,29.9,29.4,31.8,4.96,2.0,4.97,0.16,0.0,0.0,1027.0,8228.0,0.0,0.0,0.0,0.0,0.0,1.0,0.0,0.0,0.0,-0.001,0.0,0.0,0.0,-14.3,-12.8,0.0165,16.0,25903.0
2026-07-30T18:57:42.527Z,32.01,32.022,-7.5,7.4,0.0,0.0,0.0,0.0,0.0,1.0,1.0,0.0,1.0,0.0,0.0,0.0,8.0,6.0,0.0,0.0,0.0,0.0,0.0,0.0,0.0,0.0,2.0,12.0,1.0,12.05,5.0200000000000005,2.51,1.5,-2.4000000000000004,0.2,2.4000000000000004,301.2,-0.1,-10.9,2.3000000000000003,9.9,-83.30000000000001,0.0,0.0,219.7,0.0,21.9,28.1,28.1,31.200000000000003,300.0,300.0,29.5,35.1,29.9,29.4,31.8,4.96,2.0,4.96,0.16,0.0,0.0,1027.0,8228.0,0.0,0.0,0.0,0.0,0.0,1.0,0.0,0.0,0.0,-0.001,0.0,0.1,0.0,-12.9,-12.8,0.0159,16.0,25903.0
2026-07-30T18:57:42.539Z,32.022,32.034,-7.4,7.4,0.0,0.0,0.0,0.0,0.0,1.0,1.0,0.0,1.0,0.0,0.0,0.0,8.0,6.0,0.0,0.0,0.0,0.0,0.0,0.0,0.0,0.0,3.0,12.0,1.0,12.06,5.01,2.51,1.49,-2.3000000000000003,0.2,2.3000000000000003,301.0,-0.1,-11.4,2.9000000000000004,11.6,-83.30000000000001,0.0,0.0,219.8,0.0,21.9,28.1,28.1,31.200000000000003,300.0,300.0,29.5,35.300000000000004,30.0,29.5,31.8,4.96,2.0,4.96,0.16,0.0,0.0,1027.0,8228.0,0.0,0.0,0.0,0.0,0.0,1.0,0.0,0.0,0.0,-0.001,0.0,0.3,0.0,-15.4,-12.7,0.016,16.0,25903.0
2026-07-30T18:57:42.551Z,32.034,32.046,-7.4,7.4,0.0,0.0,0.0,0.0,0.0,1.0,1.0,0.0,1.0,0.0,0.0,0.0,8.0,6.0,0.0,0.0,0.0,0.0,0.0,0.0,0.0,0.0,3.0,12.0,1.0,12.06,5.01,2.51,1.49,-2.4000000000000004,0.3,2.4000000000000004,301.1,-0.1,-12.0,1.7000000000000002,9.9,-83.30000000000001,0.0,0.0,219.8,0.0,21.9,28.1,28.1,31.200000000000003,300.0,300.0,29.5,35.300000000000004,30.0,29.5,31.8,4.95,2.0,4.97,0.16,0.0,0.0,1027.0,8228.0,0.0,0.0,0.0,0.0,0.0,1.0,0.0,0.0,0.0,-0.001,0.0,-0.3,0.0,-12.5,-12.8,0.0156,16.0,25903.0
2026-07-30T18:57:42.563Z,32.046,32.058,-7.4,7.4,0.0,0.0,0.0,0.0,0.0,1.0,1.0,0.0,1.0,0.0,0.0,0.0,8.0,6.0,0.0,0.0,0.0,0.0,0.0,0.0,0.0,0.0,5.0,12.0,1.0,12.06,5.01,2.51,1.49,-2.4000000000000004,0.2,2.4000000000000004,301.1,0.0,-11.4,2.3000000000000003,10.4,-83.30000000000001,0.0,0.0,219.6,0.0,21.9,28.1,28.1,31.200000000000003,300.0,300.0,29.5,35.300000000000004,30.0,29.5,31.8,4.96,2.0,4.96,0.16,0.0,0.0,1027.0,8228.0,0.0,0.0,0.0,0.0,0.0,1.0,0.0,0.0,0.0,-0.001,0.0,0.0,0.0,-13.6,-12.9,0.0164,16.0,25903.0
2026-07-30T18:57:42.574Z,32.057,32.07,-7.5,7.4,0.0,0.0,0.0,0.0,0.0,1.0,1.0,0.0,1.0,0.0,0.0,0.0,8.0,6.0,0.0,0.0,0.0,0.0,0.0,0.0,0.0,0.0,6.0,12.0,1.0,12.06,5.01,2.51,1.49,-2.4000000000000004,0.2,2.4000000000000004,301.1,-0.1,-12.0,1.7000000000000002,8.700000000000001,-83.30000000000001,0.0,0.0,219.6,0.0,21.9,28.1,28.1,31.200000000000003,300.0,300.0,29.5,35.300000000000004,30.0,29.5,31.8,4.96,2.0,4.96,0.16,0.0,0.0,1027.0,8228.0,0.0,0.0,0.0,0.0,0.0,1.0,0.0,0.0,0.0,-0.001,0.0,-0.1,0.0,-11.2,-12.8,0.0162,16.0,25903.0
2026-07-30T18:57:42.587Z,32.07,32.082,-7.5,7.4,0.0,0.0,0.0,0.0,0.0,1.0,1.0,0.0,1.0,0.0,0.0,0.0,8.0,6.0,0.0,0.0,0.0,0.0,0.0,0.0,0.0,0.0,1.0,12.0,1.0,12.06,5.01,2.51,1.49,-2.3000000000000003,0.2,2.3000000000000003,301.0,-0.1,-11.4,3.5,11.0,-83.30000000000001,0.0,0.0,219.7,0.0,21.9,28.1,28.1,31.200000000000003,300.0,300.0,29.5,35.300000000000004,30.0,29.5,31.8,4.95,2.0,4.96,0.16,0.0,0.0,1027.0,8228.0,0.0,0.0,0.0,0.0,0.0,1.0,0.0,0.0,0.0,-0.001,0.0,0.9,0.0,-15.1,-12.7,0.0165,16.0,25903.0
2026-07-30T18:57:42.599Z,32.082,32.094,-7.5,7.4,0.0,0.0,0.0,0.0,0.0,1.0,1.0,0.0,1.0,0.0,0.0,0.0,8.0,6.0,0.0,0.0,0.0,0.0,0.0,0.0,0.0,0.0,2.0,12.0,1.0,12.06,5.01,2.51,1.49,-2.4000000000000004,0.2,2.4000000000000004,301.1,0.0,-11.4,2.3000000000000003,9.3,-83.30000000000001,0.0,0.0,219.8,0.0,21.9,28.1,28.1,31.200000000000003,300.0,300.0,29.5,35.300000000000004,30.0,29.5,31.8,4.95,2.0,4.97,0.16,0.0,0.0,1027.0,8228.0,0.0,0.0,0.0,0.0,0.0,1.0,0.0,0.0,0.0,-0.001,0.0,0.2,0.0,-12.3,-12.7,0.0156,16.0,25903.0
2026-07-30T18:57:42.611Z,32.094,32.106,-7.5,7.4,0.0,0.0,0.0,0.0,0.0,1.0,1.0,0.0,1.0,0.0,0.0,0.0,8.0,6.0,0.0,0.0,0.0,0.0,0.0,0.0,0.0,0.0,3.0,12.0,1.0,12.06,5.01,2.51,1.49,-2.4000000000000004,0.2,2.4000000000000004,301.1,0.0,-11.4,1.7000000000000002,9.9,-83.30000000000001,0.0,0.0,219.8,0.0,21.9,28.1,28.1,31.200000000000003,300.0,300.0,29.5,35.300000000000004,30.0,29.5,31.8,4.96,2.0,4.96,0.16,0.0,0.0,1027.0,8228.0,0.0,0.0,0.0,0.0,0.0,1.0,0.0,0.0,0.0,-0.001,0.0,-0.3,0.0,-12.5,-12.7,0.0162,16.0,25903.0
2026-07-30T18:57:42.623Z,32.106,32.118,-7.5,7.4,0.0,0.0,0.0,0.0,0.0,1.0,1.0,0.0,1.0,0.0,0.0,0.0,8.0,6.0,0.0,0.0,0.0,0.0,0.0,0.0,0.0,0.0,4.0,12.0,1.0,12.06,5.01,2.51,1.49,-2.3000000000000003,0.2,2.3000000000000003,301.0,0.0,-10.9,2.3000000000000003,10.4,-83.30000000000001,0.0,0.0,219.8,0.0,21.9,28.1,28.1,31.200000000000003,300.0,300.0,29.5,35.300000000000004,30.0,29.5,31.8,4.96,2.0,4.96,0.16,0.0,0.0,1027.0,8228.0,0.0,0.0,0.0,0.0,0.0,1.0,0.0,0.0,0.0,-0.001,0.0,0.0,0.0,-13.6,-12.7,0.0162,16.0,25903.0
2026-07-30T18:57:42.636Z,32.119,32.13,-7.4,7.4,0.0,0.0,0.0,0.0,0.0,1.0,1.0,0.0,1.0,0.0,0.0,0.0,8.0,6.0,0.0,0.0,0.0,0.0,0.0,0.0,0.0,0.0,5.0,12.0,1.0,12.06,5.01,2.5,1.49,-2.3000000000000003,0.2,2.4000000000000004,301.1,0.0,-11.4,3.5,9.3,-83.30000000000001,0.0,0.0,219.7,0.0,21.9,28.200000000000003,28.200000000000003,31.200000000000003,300.0,300.0,29.5,35.4,30.0,29.5,31.8,4.96,2.0,4.96,0.16,0.0,0.0,1027.0,8228.0,0.0,0.0,0.0,0.0,0.0,1.0,0.0,0.0,0.0,-0.001,0.0,1.3,0.0,-13.1,-12.7,0.0158,16.0,25903.0
2026-07-30T18:57:42.647Z,32.13,32.142,-7.5,7.4,0.0,0.0,0.0,0.0,0.0,1.0,1.0,0.0,1.0,0.0,0.0,0.0,8.0,6.0,0.0,0.0,0.0,0.0,0.0,0.0,0.0,0.0,1.0,12.0,1.0,12.06,5.01,2.5,1.49,-2.4000000000000004,0.2,2.4000000000000004,301.0,0.0,-11.4,1.7000000000000002,9.3,-83.30000000000001,0.0,0.0,219.8,0.0,21.9,28.200000000000003,28.200000000000003,31.200000000000003,300.0,300.0,29.5,35.4,30.0,29.5,31.8,4.95,2.0,4.96,0.16,0.0,0.0,1027.0,8228.0,0.0,0.0,0.0,0.0,0.0,1.0,0.0,0.0,0.0,-0.001,0.0,-0.2,0.0,-11.8,-12.8,0.016,16.0,25903.0
2026-07-30T18:57:42.661Z,32.144,32.154,-7.4,7.4,0.0,0.0,0.0,0.0,0.0,1.0,1.0,0.0,1.0,0.0,0.0,0.0,8.0,6.0,0.0,0.0,0.0,0.0,0.0,0.0,0.0,0.0,2.0,12.0,1.0,12.06,5.01,2.5,1.49,-2.4000000000000004,0.3,2.4000000000000004,301.1,0.0,-13.2,0.5,9.9,-83.30000000000001,0.0,0.0,219.8,0.0,21.9,28.200000000000003,28.200000000000003,31.200000000000003,300.0,300.0,29.5,35.4,30.0,29.5,31.8,4.95,2.0,4.96,0.16,0.0,0.0,1027.0,8228.0,0.0,0.0,0.0,0.0,0.0,1.0,0.0,0.0,0.0,-0.001,0.0,-1.4,0.0,-11.6,-12.7,0.0162,16.0,25903.0
2026-07-30T18:57:42.671Z,32.154,32.166000000000004,-7.5,7.4,0.0,0.0,0.0,0.0,0.0,1.0,1.0,0.0,1.0,0.0,0.0,0.0,8.0,6.0,0.0,0.0,0.0,0.0,0.0,0.0,0.0,0.0,1.0,12.0,1.0,12.06,5.01,2.5,1.49,-2.3000000000000003,0.2,2.3000000000000003,301.1,0.0,-12.0,2.9000000000000004,9.9,-83.30000000000001,0.0,0.0,219.8,0.0,21.9,28.200000000000003,28.200000000000003,31.200000000000003,300.0,300.0,29.5,35.4,30.0,29.5,31.8,4.95,2.0,4.96,0.16,0.0,0.0,1027.0,8228.0,0.0,0.0,0.0,0.0,0.0,1.0,0.0,0.0,0.0,-0.001,0.0,0.6000000000000001,0.0,-13.4,-12.8,0.0163,16.0,25903.0
2026-07-30T18:57:42.683Z,32.166,32.178,-7.4,7.4,0.0,0.0,0.0,0.0,0.0,1.0,1.0,0.0,1.0,0.0,0.0,0.0,8.0,6.0,0.0,0.0,0.0,0.0,0.0,0.0,0.0,0.0,3.0,12.0,1.0,12.06,5.01,2.5,1.49,-2.4000000000000004,0.3,2.4000000000000004,301.1,0.0,-12.0,1.1,9.3,-83.30000000000001,0.0,0.0,219.7,0.0,21.9,28.200000000000003,28.200000000000003,31.200000000000003,300.0,300.0,29.5,35.4,30.0,29.5,31.8,4.95,2.0,4.96,0.16,0.0,0.0,1027.0,8228.0,0.0,0.0,0.0,0.0,0.0,1.0,0.0,0.0,0.0,-0.001,0.0,-0.7000000000000001,0.0,-11.4,-12.7,0.0158,16.0,25903.0
2026-07-30T18:57:42.695Z,32.178,32.19,-7.4,7.4,0.0,0.0,0.0,0.0,0.0,1.0,1.0,0.0,1.0,0.0,0.0,0.0,8.0,6.0,0.0,0.0,0.0,0.0,0.0,0.0,0.0,0.0,4.0,12.0,1.0,12.06,5.01,2.5,1.49,-2.5,0.3,2.5,301.1,0.0,-13.2,0.0,7.5,-83.2,0.0,0.0,219.6,0.0,21.9,28.200000000000003,28.200000000000003,31.200000000000003,300.0,300.0,29.5,35.4,30.0,29.5,31.8,4.96,2.0,4.96,0.16,0.0,0.0,1027.0,8228.0,0.0,0.0,0.0,0.0,0.0,1.0,0.0,0.0,0.0,-0.001,0.0,-1.4,0.0,-8.6,-12.8,0.0164,16.0,25903.0
2026-07-30T18:57:42.706Z,32.189,32.202,-7.5,7.4,0.0,0.0,0.0,0.0,0.0,1.0,1.0,0.0,1.0,0.0,0.0,0.0,8.0,6.0,0.0,0.0,0.0,0.0,0.0,0.0,0.0,0.0,5.0,12.0,1.0,12.06,5.01,2.5,1.49,-2.4000000000000004,0.2,2.4000000000000004,301.0,0.0,-12.0,1.7000000000000002,8.1,-83.2,0.0,0.0,219.6,0.0,21.9,28.200000000000003,28.200000000000003,31.200000000000003,300.0,300.0,29.5,35.4,30.0,29.5,31.8,4.95,2.0,4.96,0.16,0.0,0.0,1027.0,8228.0,0.0,0.0,0.0,0.0,0.0,1.0,0.0,0.0,0.0,-0.001,0.0,0.0,0.0,-10.5,-12.8,0.0171,16.0,25903.0
2026-07-30T18:57:42.719Z,32.202,32.214,-7.4,7.4,0.0,0.0,0.0,0.0,0.0,1.0,1.0,0.0,1.0,0.0,0.0,0.0,8.0,6.0,0.0,0.0,0.0,0.0,0.0,0.0,0.0,0.0,6.0,12.0,1.0,12.06,5.01,2.5,1.49,-2.4000000000000004,0.3,2.4000000000000004,301.0,0.0,-12.6,1.1,9.9,-83.2,0.0,0.0,219.8,0.0,21.9,28.200000000000003,28.200000000000003,31.200000000000003,300.0,300.0,29.5,35.4,30.0,29.5,31.8,4.95,2.0,4.96,0.16,0.0,0.0,1027.0,8228.0,0.0,0.0,0.0,0.0,0.0,1.0,0.0,0.0,0.0,-0.001,0.0,-0.9,0.0,-12.1,-12.7,0.0164,16.0,25903.0
2026-07-30T18:57:42.731Z,32.214,32.226,-7.4,7.4,0.0,0.0,0.0,0.0,0.0,1.0,1.0,0.0,1.0,0.0,0.0,0.0,8.0,6.0,0.0,0.0,0.0,0.0,0.0,0.0,0.0,0.0,1.0,12.0,1.0,12.06,5.01,2.5,1.49,-2.3000000000000003,0.2,2.4000000000000004,301.0,-0.1,-12.6,2.3000000000000003,10.4,-83.2,0.0,0.0,219.8,0.0,21.9,28.200000000000003,28.200000000000003,31.200000000000003,300.0,300.0,29.5,35.4,30.0,29.5,31.8,4.95,2.0,4.96,0.16,0.0,0.0,1027.0,8228.0,0.0,0.0,0.0,0.0,0.0,1.0,0.0,0.0,0.0,-0.001,0.0,0.0,0.0,-13.6,-12.8,0.0162,16.0,25903.0
2026-07-30T18:57:42.743Z,32.226,32.238,-7.4,7.4,0.0,0.0,0.0,0.0,0.0,1.0,1.0,0.0,1.0,0.0,0.0,0.0,8.0,6.0,0.0,0.0,0.0,0.0,0.0,0.0,0.0,0.0,2.0,12.0,1.0,12.02,5.01,2.51,1.49,-2.4000000000000004,0.3,2.5,301.0,-0.1,-11.4,1.1,8.700000000000001,-83.2,0.0,0.0,219.7,0.0,22.1,28.200000000000003,28.200000000000003,31.200000000000003,300.0,300.0,29.4,35.300000000000004,30.0,29.6,31.8,4.95,2.0,4.96,0.16,0.0,0.0,1027.0,8228.0,0.0,0.0,0.0,0.0,0.0,1.0,0.0,0.0,0.0,-0.001,0.0,-0.6000000000000001,0.0,-10.8,-12.8,0.016,16.0,25903.0
2026-07-30T18:57:42.755Z,32.238,32.25,-7.5,7.4,0.0,0.0,0.0,0.0,0.0,1.0,1.0,0.0,1.0,0.0,0.0,0.0,8.0,6.0,0.0,0.0,0.0,0.0,0.0,0.0,0.0,0.0,3.0,12.0,1.0,12.02,5.01,2.51,1.49,-2.4000000000000004,0.3,2.4000000000000004,301.1,-0.1,-12.0,1.1,9.3,-83.2,0.0,0.0,219.6,0.0,22.1,28.200000000000003,28.200000000000003,31.200000000000003,300.0,300.0,29.4,35.300000000000004,30.0,29.6,31.8,4.95,2.0,4.96,0.16,0.0,0.0,1027.0,8228.0,0.0,0.0,0.0,0.0,0.0,1.0,0.0,0.0,0.0,-0.001,0.0,-0.7000000000000001,0.0,-11.4,-12.8,0.0167,16.0,25903.0
2026-07-30T18:57:42.767Z,32.25,32.262,-7.4,7.4,0.0,0.0,0.0,0.0,0.0,1.0,1.0,0.0,1.0,0.0,0.0,0.0,8.0,6.0,0.0,0.0,0.0,0.0,0.0,0.0,0.0,0.0,4.0,12.0,1.0,12.02,5.01,2.51,1.49,-2.4000000000000004,0.2,2.4000000000000004,301.1,-0.1,-12.0,1.7000000000000002,8.700000000000001,-83.2,0.0,0.0,219.7,0.0,22.1,28.200000000000003,28.200000000000003,31.200000000000003,300.0,300.0,29.4,35.300000000000004,30.0,29.6,31.8,4.95,2.0,4.96,0.16,0.0,0.0,1027.0,8228.0,0.0,0.0,0.0,0.0,0.0,1.0,0.0,0.0,0.0,-0.001,0.0,-0.1,0.0,-11.2,-12.8,0.0165,16.0,25903.0
2026-07-30T18:57:42.779Z,32.262,32.274,-7.4,7.4,0.0,0.0,0.0,0.0,0.0,1.0,1.0,0.0,1.0,0.0,0.0,0.0,8.0,6.0,0.0,0.0,0.0,0.0,0.0,0.0,0.0,0.0,5.0,12.0,1.0,12.02,5.01,2.51,1.49,-2.4000000000000004,0.3,2.4000000000000004,301.0,-0.1,-12.0,1.7000000000000002,9.9,-83.2,0.0,0.0,219.7,0.0,22.1,28.200000000000003,28.200000000000003,31.200000000000003,300.0,300.0,29.4,35.300000000000004,30.0,29.6,31.8,4.96,2.0,4.96,0.16,0.0,0.0,1027.0,8228.0,0.0,0.0,0.0,0.0,0.0,1.0,0.0,0.0,0.0,-0.001,0.0,-0.3,0.0,-12.5,-12.8,0.0165,16.0,25903.0
2026-07-30T18:57:42.791Z,32.274,32.286,-7.4,7.4,0.0,0.0,0.0,0.0,0.0,1.0,1.0,0.0,1.0,0.0,0.0,0.0,8.0,6.0,0.0,0.0,0.0,0.0,0.0,0.0,0.0,0.0,6.0,12.0,1.0,12.02,5.01,2.51,1.49,-2.4000000000000004,0.3,2.4000000000000004,301.1,-0.1,-12.0,1.7000000000000002,10.4,-83.2,0.0,0.0,219.6,0.0,22.1,28.200000000000003,28.200000000000003,31.200000000000003,300.0,300.0,29.4,35.300000000000004,30.0,29.6,31.8,4.96,2.0,4.96,0.16,0.0,0.0,1027.0,8228.0,0.0,0.0,0.0,0.0,0.0,1.0,0.0,0.0,0.0,-0.001,0.0,-0.4,0.0,-13.2,-12.8,0.0163,16.0,25903.0
2026-07-30T18:57:42.803Z,32.286,32.298,-7.5,7.4,0.0,0.0,0.0,0.0,0.0,1.0,1.0,0.0,1.0,0.0,0.0,0.0,8.0,6.0,0.0,0.0,0.0,0.0,0.0,0.0,0.0,0.0,2.0,12.0,1.0,12.02,5.01,2.51,1.49,-2.4000000000000004,0.3,2.5,301.1,-0.1,-11.4,0.5,9.3,-83.2,0.0,0.0,219.6,0.0,22.1,28.200000000000003,28.200000000000003,31.200000000000003,300.0,300.0,29.4,35.300000000000004,30.0,29.6,31.8,4.96,2.0,4.96,0.16,0.0,0.0,1027.0,8228.0,0.0,0.0,0.0,0.0,0.0,1.0,0.0,0.0,0.0,-0.001,0.0,-1.2000000000000002,0.0,-11.0,-12.8,0.0162,16.0,25903.0
2026-07-30T18:57:42.818Z,32.301,32.31,-7.5,7.4,0.0,0.0,0.0,0.0,0.0,1.0,1.0,0.0,1.0,0.0,0.0,0.0,8.0,6.0,0.0,0.0,0.0,0.0,0.0,0.0,0.0,0.0,3.0,12.0,1.0,12.02,5.01,2.51,1.49,-2.3000000000000003,0.2,2.3000000000000003,301.0,-0.1,-10.9,4.0,10.4,-83.2,0.0,0.0,219.8,0.0,22.1,28.200000000000003,28.200000000000003,31.200000000000003,300.0,300.0,29.4,35.300000000000004,30.0,29.6,31.8,4.96,2.0,4.96,0.16,0.0,0.0,1027.0,8228.0,0.0,0.0,0.0,0.0,0.0,1.0,0.0,0.0,0.0,-0.001,0.0,1.5,0.0,-14.9,-12.7,0.0166,16.0,25903.0
2026-07-30T18:57:42.827Z,32.31,32.322,-7.5,7.4,0.0,0.0,0.0,0.0,0.0,1.0,1.0,0.0,1.0,0.0,0.0,0.0,8.0,6.0,0.0,0.0,0.0,0.0,0.0,0.0,0.0,0.0,3.0,12.0,1.0,12.02,5.01,2.51,1.49,-2.3000000000000003,0.2,2.3000000000000003,301.1,-0.1,-10.9,3.5,11.6,-83.2,0.0,0.0,219.7,0.0,22.1,28.200000000000003,28.200000000000003,31.200000000000003,300.0,300.0,29.4,35.300000000000004,30.0,29.6,31.8,4.95,2.0,4.96,0.16,0.0,0.0,1027.0,8228.0,0.0,0.0,0.0,0.0,0.0,1.0,0.0,0.0,0.0,-0.001,0.0,0.8,0.0,-15.8,-12.7,0.0155,16.0,25903.0
2026-07-30T18:57:42.840Z,32.323,32.334,-7.5,7.4,0.0,0.0,0.0,0.0,0.0,1.0,1.0,0.0,1.0,0.0,0.0,0.0,8.0,6.0,0.0,0.0,0.0,0.0,0.0,0.0,0.0,0.0,4.0,12.0,1.0,12.05,5.0200000000000005,2.51,1.49,-2.3000000000000003,0.2,2.3000000000000003,301.1,-0.1,-10.9,2.9000000000000004,11.6,-83.2,0.0,0.0,219.6,0.0,22.1,28.200000000000003,28.200000000000003,31.3,300.0,300.0,29.5,35.2,29.9,29.6,31.9,4.95,2.0,4.96,0.16,0.0,0.0,1027.0,8228.0,0.0,0.0,0.0,0.0,0.0,1.0,0.0,0.0,0.0,-0.001,0.0,0.3,0.0,-15.4,-12.8,0.0159,16.0,25903.0
2026-07-30T18:57:42.851Z,32.334,32.346000000000004,-7.4,7.4,0.0,0.0,0.0,0.0,0.0,1.0,1.0,0.0,1.0,0.0,0.0,0.0,8.0,6.0,0.0,0.0,0.0,0.0,0.0,0.0,0.0,0.0,5.0,12.0,1.0,12.05,5.0200000000000005,2.51,1.49,-2.4000000000000004,0.2,2.4000000000000004,301.0,-0.1,-12.0,2.9000000000000004,9.3,-83.2,0.0,0.0,219.6,0.0,22.1,28.200000000000003,28.200000000000003,31.3,300.0,300.0,29.5,35.2,29.9,29.6,31.9,4.95,2.0,4.96,0.16,0.0,0.0,1027.0,8228.0,0.0,0.0,0.0,0.0,0.0,1.0,0.0,0.0,0.0,-0.001,0.0,0.7000000000000001,0.0,-12.7,-12.7,0.0165,16.0,25903.0
2026-07-30T18:57:42.863Z,32.346,32.358000000000004,-7.5,7.4,0.0,0.0,0.0,0.0,0.0,1.0,1.0,0.0,1.0,0.0,0.0,0.0,8.0,6.0,0.0,0.0,0.0,0.0,0.0,0.0,0.0,0.0,6.0,12.0,1.0,12.05,5.0200000000000005,2.51,1.49,-2.3000000000000003,0.2,2.4000000000000004,301.1,-0.1,-10.9,1.7000000000000002,9.9,-83.2,0.0,0.0,219.7,0.0,22.1,28.200000000000003,28.200000000000003,31.3,300.0,300.0,29.5,35.2,29.9,29.6,31.9,4.95,2.0,4.96,0.16,0.0,0.0,1027.0,8228.0,0.0,0.0,0.0,0.0,0.0,1.0,0.0,0.0,0.0,-0.001,0.0,-0.3,0.0,-12.5,-12.8,0.0162,16.0,25903.0
2026-07-30T18:57:42.875Z,32.358,32.37,-7.4,7.4,0.0,0.0,0.0,0.0,0.0,1.0,1.0,0.0,1.0,0.0,0.0,0.0,8.0,6.0,0.0,0.0,0.0,0.0,0.0,0.0,0.0,0.0,2.0,12.0,1.0,12.05,5.0200000000000005,2.51,1.49,-2.3000000000000003,0.2,2.3000000000000003,301.1,-0.1,-10.9,2.9000000000000004,10.4,-83.2,0.0,0.0,219.8,0.0,22.1,28.200000000000003,28.200000000000003,31.3,300.0,300.0,29.5,35.2,29.9,29.6,31.9,4.95,2.0,4.96,0.16,0.0,0.0,1027.0,8228.0,0.0,0.0,0.0,0.0,0.0,1.0,0.0,0.0,0.0,-0.001,0.0,0.5,0.0,-14.0,-12.7,0.0162,16.0,25903.0
2026-07-30T18:57:42.887Z,32.37,32.382,-7.4,7.4,0.0,0.0,0.0,0.0,0.0,1.0,1.0,0.0,1.0,0.0,0.0,0.0,8.0,6.0,0.0,0.0,0.0,0.0,0.0,0.0,0.0,0.0,3.0,12.0,1.0,12.05,5.0200000000000005,2.51,1.49,-2.3000000000000003,0.2,2.3000000000000003,301.1,-0.1,-11.4,2.9000000000000004,10.4,-83.2,0.0,0.0,219.7,0.0,22.1,28.200000000000003,28.200000000000003,31.3,300.0,300.0,29.5,35.2,29.9,29.6,31.9,4.95,2.0,4.97,0.16,0.0,0.0,1027.0,8228.0,0.0,0.0,0.0,0.0,0.0,1.0,0.0,0.0,0.0,-0.001,0.0,0.5,0.0,-14.0,-12.8,0.0163,16.0,25903.0
2026-07-30T18:57:42.899Z,32.382,32.394,-7.5,7.4,0.0,0.0,0.0,0.0,0.0,1.0,1.0,0.0,1.0,0.0,0.0,0.0,8.0,6.0,0.0,0.0,0.0,0.0,0.0,0.0,0.0,0.0,4.0,12.0,1.0,12.05,5.0200000000000005,2.51,1.49,-2.3000000000000003,0.3,2.3000000000000003,301.1,-0.1,-10.9,1.7000000000000002,11.0,-83.2,0.0,0.0,219.6,0.0,22.1,28.200000000000003,28.200000000000003,31.3,300.0,300.0,29.5,35.2,29.9,29.6,31.9,4.95,2.0,4.96,0.16,0.0,0.0,1027.0,8228.0,0.0,0.0,0.0,0.0,0.0,1.0,0.0,0.0,0.0,-0.001,0.0,-0.5,0.0,-11.7,-12.8,0.0164,16.0,25903.0
2026-07-30T18:57:42.911Z,32.394,32.406,-7.5,7.4,0.0,0.0,0.0,0.0,0.0,1.0,1.0,0.0,1.0,0.0,0.0,0.0,8.0,6.0,0.0,0.0,0.0,0.0,0.0,0.0,0.0,0.0,6.0,12.0,1.0,12.05,5.0200000000000005,2.51,1.49,-2.3000000000000003,0.2,2.3000000000000003,301.1,-0.1,-11.4,2.3000000000000003,11.0,-83.10000000000001,0.0,0.0,219.6,0.0,22.1,28.200000000000003,28.200000000000003,31.3,300.0,300.0,29.5,35.2,29.9,29.6,31.9,4.95,2.0,4.96,0.16,0.0,0.0,1027.0,8228.0,0.0,0.0,0.0,0.0,0.0,1.0,0.0,0.0,0.0,-0.001,0.0,-0.9,0.0,-12.8,-12.8,0.0164,16.0,25903.0
2026-07-30T18:57:42.923Z,32.406,32.418,-7.4,7.4,0.0,0.0,0.0,0.0,0.0,1.0,1.0,0.0,1.0,0.0,0.0,0.0,8.0,6.0,0.0,0.0,0.0,0.0,0.0,0.0,0.0,0.0,1.0,12.0,1.0,12.05,5.0200000000000005,2.51,1.49,-2.4000000000000004,0.2,2.4000000000000004,301.1,0.0,-12.0,1.7000000000000002,8.700000000000001,-83.10000000000001,0.0,0.0,219.7,0.0,22.1,28.200000000000003,28.200000000000003,31.3,300.0,300.0,29.5,35.2,29.9,29.6,31.9,4.96,2.0,4.96,0.16,0.0,0.0,1027.0,8228.0,0.0,0.0,0.0,0.0,0.0,1.0,0.0,0.0,0.0,-0.001,0.0,-0.1,0.0,-11.2,-12.7,0.016,16.0,25903.0
2026-07-30T18:57:42.934Z,32.417,32.43,-7.4,7.4,0.0,0.0,0.0,0.0,0.0,1.0,1.0,0.0,1.0,0.0,0.0,0.0,8.0,6.0,0.0,0.0,0.0,0.0,0.0,0.0,0.0,0.0,2.0,12.0,1.0,12.05,5.0200000000000005,2.51,1.49,-2.4000000000000004,0.3,2.4000000000000004,301.0,0.0,-12.0,2.9000000000000004,11.6,-83.10000000000001,0.0,0.0,219.7,0.0,22.1,28.200000000000003,28.200000000000003,31.3,300.0,300.0,29.5,35.2,29.9,29.6,31.9,4.96,2.0,4.96,0.16,0.0,0.0,1027.0,8228.0,0.0,0.0,0.0,0.0,0.0,1.0,0.0,0.0,0.0,-0.001,0.0,-0.2,0.0,-11.8,-12.8,0.0164,16.0,25903.0
2026-07-30T18:57:42.947Z,32.43,32.442,-7.4,7.4,0.0,0.0,0.0,0.0,0.0,1.0,1.0,0.0,1.0,0.0,0.0,0.0,8.0,6.0,0.0,0.0,0.0,0.0,0.0,0.0,0.0,0.0,3.0,12.0,1.0,12.05,5.01,2.51,1.5,-2.4000000000000004,0.2,2.4000000000000004,301.1,0.0,-12.6,2.3000000000000003,8.700000000000001,-83.10000000000001,0.0,0.0,219.6,0.0,21.9,28.200000000000003,28.200000000000003,31.3,300.0,300.0,29.4,35.2,30.1,29.6,32.0,4.95,2.0,4.96,0.16,0.0,0.0,1027.0,8228.0,0.0,0.0,0.0,0.0,0.0,1.0,0.0,0.0,0.0,-0.001,0.0,0.3,0.0,-11.6,-12.9,0.0164,16.0,25903.0
2026-07-30T18:57:42.958Z,32.441,32.454,-7.5,7.4,0.0,0.0,0.0,0.0,0.0,1.0,1.0,0.0,1.0,0.0,0.0,0.0,8.0,6.0,0.0,0.0,0.0,0.0,0.0,0.0,0.0,0.0,4.0,12.0,1.0,12.05,5.01,2.51,1.5,-2.4000000000000004,0.3,2.4000000000000004,301.1,0.0,-12.0,1.1,8.700000000000001,-83.10000000000001,0.0,0.0,219.6,0.0,21.9,28.200000000000003,28.200000000000003,31.3,300.0,300.0,29.4,35.2,30.1,29.6,32.0,4.95,2.0,4.97,0.16,0.0,0.0,1027.0,8228.0,0.0,0.0,0.0,0.0,0.0,1.0,0.0,0.0,0.0,-0.001,0.0,-0.6000000000000001,0.0,-10.8,-12.8,0.0164,16.0,25903.0
2026-07-30T18:57:42.973Z,32.456,32.466,-7.4,7.4,0.0,0.0,0.0,0.0,0.0,1.0,1.0,0.0,1.0,0.0,0.0,0.0,8.0,6.0,0.0,0.0,0.0,0.0,0.0,0.0,0.0,0.0,5.0,12.0,1.0,12.05,5.01,2.51,1.5,-2.3000000000000003,0.2,2.4000000000000004,301.0,-0.1,-10.9,2.3000000000000003,9.9,-83.10000000000001,0.0,0.0,219.7,0.0,21.9,28.200000000000003,28.200000000000003,31.3,300.0,300.0,29.4,35.2,30.1,29.6,32.0,4.95,2.0,4.97,0.16,0.0,0.0,1027.0,8228.0,0.0,0.0,0.0,0.0,0.0,1.0,0.0,0.0,0.0,-0.001,0.0,0.1,0.0,-12.9,-12.7,0.0165,16.0,25903.0
2026-07-30T18:57:42.983Z,32.466,32.478,-7.4,7.4,0.0,0.0,0.0,0.0,0.0,1.0,1.0,0.0,1.0,0.0,0.0,0.0,8.0,6.0,0.0,0.0,0.0,0.0,0.0,0.0,0.0,0.0,5.0,12.0,1.0,12.05,5.01,2.51,1.5,-2.4000000000000004,0.2,2.4000000000000004,301.1,-0.1,-10.9,2.3000000000000003,9.3,-83.10000000000001,0.0,0.0,219.8,0.0,21.9,28.200000000000003,28.200000000000003,31.3,300.0,300.0,29.4,35.2,30.1,29.6,32.0,4.96,2.0,4.96,0.16,0.0,0.0,1027.0,8228.0,0.0,0.0,0.0,0.0,0.0,1.0,0.0,0.0,0.0,-0.001,0.0,0.2,0.0,-12.3,-12.8,0.016,16.0,25903.0
2026-07-30T18:57:42.995Z,32.478,32.49,-7.4,7.4,0.0,0.0,0.0,0.0,0.0,1.0,1.0,0.0,1.0,0.0,0.0,0.0,8.0,6.0,0.0,0.0,0.0,0.0,0.0,0.0,0.0,0.0,6.0,12.0,1.0,12.05,5.01,2.51,1.5,-2.4000000000000004,0.3,2.4000000000000004,301.1,0.0,-12.0,1.7000000000000002,10.4,-83.10000000000001,0.0,0.0,219.8,0.0,21.9,28.200000000000003,28.200000000000003,31.3,300.0,300.0,29.4,35.2,30.1,29.6,32.0,4.96,2.0,4.96,0.16,0.0,0.0,1027.0,8228.0,0.0,0.0,0.0,0.0,0.0,1.0,0.0,0.0,0.0,-0.001,0.0,-0.5,0.0,-13.2,-12.8,0.0162,16.0,25903.0
2026-07-30T18:57:43.007Z,32.49,32.502,-7.4,7.4,0.0,0.0,0.0,0.0,0.0,1.0,1.0,0.0,1.0,0.0,0.0,0.0,8.0,6.0,0.0,0.0,0.0,0.0,0.0,0.0,0.0,0.0,1.0,12.0,1.0,12.05,5.01,2.51,1.5,-2.2,0.2,2.3000000000000003,301.0,-0.1,-11.4,2.9000000000000004,13.4,-83.10000000000001,0.0,0.0,219.5,0.0,21.9,28.200000000000003,28.200000000000003,31.3,300.0,300.0,29.4,35.2,30.1,29.6,32.0,4.96,2.0,4.96,0.16,0.0,0.0,1027.0,8228.0,0.0,0.0,0.0,0.0,0.0,1.0,0.0,0.0,0.0,-0.001,0.0,0.0,0.0,-17.400000000000002,-12.8,0.0161,16.0,25903.0
2026-07-30T18:57:43.019Z,32.502,32.514,-7.5,7.4,0.0,0.0,0.0,0.0,0.0,1.0,1.0,0.0,1.0,0.0,0.0,0.0,8.0,6.0,0.0,0.0,0.0,0.0,0.0,0.0,0.0,0.0,2.0,12.0,1.0,12.05,5.01,2.51,1.5,-2.4000000000000004,0.2,2.4000000000000004,301.1,-0.1,-11.4,2.3000000000000003,9.9,-83.10000000000001,0.0,0.0,219.4,0.0,21.9,28.200000000000003,28.200000000000003,31.3,300.0,300.0,29.4,35.2,30.1,29.6,32.0,4.95,2.0,4.96,0.17,0.0,0.0,1027.0,8228.0,0.0,0.0,0.0,0.0,0.0,1.0,0.0,0.0,0.0,-0.001,0.0,0.2,0.0,-12.9,-12.8,0.0153,16.0,25903.0
2026-07-30T18:57:43.030Z,32.513,32.526,-7.5,7.4,0.0,0.0,0.0,0.0,0.0,1.0,1.0,0.0,1.0,0.0,0.0,0.0,8.0,6.0,0.0,0.0,0.0,0.0,0.0,0.0,0.0,0.0,3.0,12.0,1.0,12.05,5.01,2.51,1.5,-2.3000000000000003,0.2,2.3000000000000003,301.1,-0.1,-10.9,2.3000000000000003,10.4,-83.10000000000001,0.0,0.0,219.6,0.0,21.9,28.200000000000003,28.200000000000003,31.3,300.0,300.0,29.4,35.2,30.1,29.6,32.0,4.95,2.0,4.96,0.16,0.0,0.0,1027.0,8228.0,0.0,0.0,0.0,0.0,0.0,1.0,0.0,0.0,0.0,-0.001,0.0,0.0,0.0,-13.6,-12.7,0.0161,16.0,25903.0
2026-07-30T18:57:43.044Z,32.527,32.538000000000004,-7.4,7.4,0.0,0.0,0.0,0.0,0.0,1.0,1.0,0.0,1.0,0.0,0.0,0.0,8.0,6.0,0.0,0.0,0.0,0.0,0.0,0.0,0.0,0.0,4.0,12.0,1.0,12.05,5.01,2.51,1.49,-2.3000000000000003,0.3,2.3000000000000003,301.0,-0.1,-10.9,1.7000000000000002,10.4,-83.10000000000001,0.0,0.0,219.7,0.0,22.3,28.3,28.3,31.3,300.0,300.0,29.4,35.300000000000004,30.1,29.6,32.0,4.95,2.0,4.96,0.16,0.0,0.0,1027.0,8228.0,0.0,0.0,0.0,0.0,0.0,1.0,0.0,0.0,0.0,-0.001,0.0,-0.4,0.0,-13.2,-12.7,0.0158,16.0,25903.0
2026-07-30T18:57:43.054Z,32.537,32.55,-7.5,7.4,0.0,0.0,0.0,0.0,0.0,1.0,1.0,0.0,1.0,0.0,0.0,0.0,8.0,6.0,0.0,0.0,0.0,0.0,0.0,0.0,0.0,0.0,5.0,12.0,1.0,12.05,5.01,2.51,1.49,-2.3000000000000003,0.2,2.4000000000000004,301.1,-0.1,-11.4,2.3000000000000003,9.9,-83.10000000000001,0.0,0.0,219.8,0.0,22.3,28.3,28.3,31.3,300.0,300.0,29.4,35.300000000000004,30.1,29.6,32.0,4.95,2.0,4.97,0.16,0.0,0.0,1027.0,8228.0,0.0,0.0,0.0,0.0,0.0,1.0,0.0,0.0,0.0,-0.001,0.0,0.1,0.0,-12.9,-12.8,0.0159,16.0,25903.0
2026-07-30T18:57:43.067Z,32.55,32.562,-7.4,7.4,0.0,0.0,0.0,0.0,0.0,1.0,1.0,0.0,1.0,0.0,0.0,0.0,8.0,6.0,0.0,0.0,0.0,0.0,0.0,0.0,0.0,0.0,6.0,12.0,1.0,12.05,5.01,2.51,1.49,-2.3000000000000003,0.2,2.3000000000000003,301.0,-0.1,-12.6,2.9000000000000004,11.0,-83.10000000000001,0.0,0.0,219.6,0.0,22.3,28.3,28.3,31.3,300.0,300.0,29.4,35.300000000000004,30.1,29.6,32.0,4.95,2.0,4.97,0.16,0.0,0.0,1027.0,8228.0,0.0,0.0,0.0,0.0,0.0,1.0,0.0,0.0,0.0,-0.001,0.0,0.4,0.0,-14.7,-12.8,0.016,16.0,25903.0
2026-07-30T18:57:43.078Z,32.561,32.574,-7.4,7.4,0.0,0.0,0.0,0.0,0.0,1.0,1.0,0.0,1.0,0.0,0.0,0.0,8.0,6.0,0.0,0.0,0.0,0.0,0.0,0.0,0.0,0.0,1.0,12.0,1.0,12.05,5.01,2.51,1.49,-2.4000000000000004,0.2,2.4000000000000004,301.0,0.0,-12.6,2.9000000000000004,9.3,-83.10000000000001,0.0,0.0,219.6,0.0,22.3,28.3,28.3,31.3,300.0,300.0,29.4,35.300000000000004,30.1,29.6,32.0,4.96,2.0,4.97,0.16,0.0,0.0,1027.0,8228.0,0.0,0.0,0.0,0.0,0.0,1.0,0.0,0.0,0.0,-0.001,0.0,0.8,0.0,-12.7,-12.8,0.0157,16.0,25903.0
2026-07-30T18:57:43.091Z,32.574,32.586,-7.4,7.4,0.0,0.0,0.0,0.0,0.0,1.0,1.0,0.0,1.0,0.0,0.0,0.0,8.0,6.0,0.0,0.0,0.0,0.0,0.0,0.0,0.0,0.0,2.0,12.0,1.0,12.05,5.01,2.51,1.49,-2.3000000000000003,0.2,2.3000000000000003,301.0,0.0,-11.4,2.9000000000000004,11.0,-83.10000000000001,0.0,0.0,219.5,0.0,22.3,28.3,28.3,31.3,300.0,300.0,29.4,35.300000000000004,30.1,29.6,32.0,4.96,2.0,4.96,0.16,0.0,0.0,1027.0,8228.0,0.0,0.0,0.0,0.0,0.0,1.0,0.0,0.0,0.0,-0.001,0.0,0.4,0.0,-14.7,-12.9,0.0163,16.0,25903.0
2026-07-30T18:57:43.103Z,32.586,32.598,-7.5,7.4,0.0,0.0,0.0,0.0,0.0,1.0,1.0,0.0,1.0,0.0,0.0,0.0,8.0,6.0,0.0,0.0,0.0,0.0,0.0,0.0,0.0,0.0,4.0,12.0,1.0,12.05,5.01,2.51,1.49,-2.4000000000000004,0.2,2.4000000000000004,300.90000000000003,-0.1,-10.9,2.3000000000000003,9.3,-83.10000000000001,0.0,0.0,219.5,0.0,22.3,28.3,28.3,31.3,300.0,300.0,29.4,35.300000000000004,30.1,29.6,32.0,4.96,2.0,4.97,0.16,0.0,0.0,1027.0,8228.0,0.0,0.0,0.0,0.0,0.0,1.0,0.0,0.0,0.0,-0.001,0.0,0.2,0.0,-12.3,-12.8,0.0158,16.0,25903.0
2026-07-30T18:57:43.115Z,32.598,32.61,-7.5,7.4,0.0,0.0,0.0,0.0,0.0,1.0,1.0,0.0,1.0,0.0,0.0,0.0,8.0,6.0,0.0,0.0,0.0,0.0,0.0,0.0,0.0,0.0,4.0,12.0,1.0,12.05,5.01,2.51,1.49,-2.3000000000000003,0.2,2.3000000000000003,301.0,0.0,-10.3,3.5,11.0,-83.10000000000001,0.0,0.0,219.8,0.0,22.3,28.3,28.3,31.3,300.0,300.0,29.4,35.300000000000004,30.1,29.6,32.0,4.95,2.0,4.97,0.16,0.0,0.0,1027.0,8228.0,0.0,0.0,0.0,0.0,0.0,1.0,0.0,0.0,0.0,-0.001,0.0,0.9,0.0,-15.1,-12.6,0.0161,16.0,25903.0
2026-07-30T18:57:43.127Z,32.61,32.622,-7.4,7.4,0.0,0.0,0.0,0.0,0.0,1.0,1.0,0.0,1.0,0.0,0.0,0.0,8.0,6.0,0.0,0.0,0.0,0.0,0.0,0.0,0.0,0.0,5.0,12.0,1.0,12.05,5.01,2.51,1.49,-2.3000000000000003,0.3,2.3000000000000003,301.1,0.0,-12.6,2.3000000000000003,10.4,-83.10000000000001,0.0,0.0,219.7,0.0,22.3,28.3,28.3,31.3,300.0,300.0,29.4,35.300000000000004,30.1,29.6,32.0,4.95,2.0,4.96,0.16,0.0,0.0,1027.0,8228.0,0.0,0.0,0.0,0.0,0.0,1.0,0.0,0.0,0.0,-0.001,0.0,0.0,0.0,-13.6,-12.7,0.0154,16.0,25903.0
2026-07-30T18:57:43.139Z,32.622,32.634,-7.4,7.4,0.0,0.0,0.0,0.0,0.0,1.0,1.0,0.0,1.0,0.0,0.0,0.0,8.0,6.0,0.0,0.0,0.0,0.0,0.0,0.0,0.0,0.0,5.0,12.0,1.0,12.05,5.01,2.51,1.49,-2.4000000000000004,0.2,2.4000000000000004,301.0,0.0,-13.2,2.3000000000000003,8.700000000000001,-83.10000000000001,0.0,0.0,219.6,0.0,22.3,28.3,28.3,31.3,300.0,300.0,29.4,35.300000000000004,30.1,29.6,32.0,4.95,2.0,4.97,0.16,0.0,0.0,1027.0,8228.0,0.0,0.0,0.0,0.0,0.0,1.0,0.0,0.0,0.0,-0.001,0.0,0.3,0.0,-11.6,-12.8,0.0159,16.0,25903.0
2026-07-30T18:57:43.151Z,32.634,32.646,-7.5,7.4,0.0,0.0,0.0,0.0,0.0,1.0,1.0,0.0,1.0,0.0,0.0,0.0,8.0,6.0,0.0,0.0,0.0,0.0,0.0,0.0,0.0,0.0,6.0,12.0,1.0,12.04,5.0200000000000005,2.51,1.49,-2.4000000000000004,0.2,2.4000000000000004,301.0,0.0,-12.0,2.3000000000000003,9.3,-83.10000000000001,0.0,0.0,219.5,0.0,22.1,28.3,28.3,31.3,300.0,300.0,29.5,35.4,30.200000000000003,29.6,32.0,4.95,2.0,4.96,0.16,0.0,0.0,1027.0,8228.0,0.0,0.0,0.0,0.0,0.0,1.0,0.0,0.0,0.0,-0.001,0.0,0.3,0.0,-12.3,-12.8,0.0164,16.0,25903.0
2026-07-30T18:57:43.163Z,32.646,32.658,-7.4,7.4,0.0,0.0,0.0,0.0,0.0,1.0,1.0,0.0,1.0,0.0,0.0,0.0,8.0,6.0,0.0,0.0,0.0,0.0,0.0,0.0,0.0,0.0,1.0,12.0,1.0,12.04,5.0200000000000005,2.51,1.49,-2.4000000000000004,0.2,2.4000000000000004,301.1,0.0,-13.2,1.7000000000000002,8.700000000000001,-83.0,0.0,0.0,219.6,0.0,22.1,28.3,28.3,31.3,300.0,300.0,29.5,35.4,30.200000000000003,29.6,32.0,4.95,2.0,4.96,0.16,0.0,0.0,1027.0,8228.0,0.0,0.0,0.0,0.0,0.0,1.0,0.0,0.0,0.0,-0.001,0.0,-0.1,0.0,-11.2,-12.7,0.0162,16.0,25903.0
2026-07-30T18:57:43.175Z,32.658,32.67,-7.4,7.4,0.0,0.0,0.0,0.0,0.0,1.0,1.0,0.0,1.0,0.0,0.0,0.0,8.0,6.0,0.0,0.0,0.0,0.0,0.0,0.0,0.0,0.0,1.0,12.0,1.0,12.04,5.0200000000000005,2.51,1.49,-2.4000000000000004,0.3,2.4000000000000004,301.0,0.0,-12.0,1.7000000000000002,9.3,-83.0,0.0,0.0,219.7,0.0,22.1,28.3,28.3,31.3,300.0,300.0,29.5,35.4,30.200000000000003,29.6,32.0,4.96,2.0,4.96,0.16,0.0,0.0,1027.0,8228.0,0.0,0.0,0.0,0.0,0.0,1.0,0.0,0.0,0.0,-0.001,0.0,-0.2,0.0,-11.8,-12.8,0.0165,16.0,25903.0
2026-07-30T18:57:43.187Z,32.67,32.682,-7.4,7.4,0.0,0.0,0.0,0.0,0.0,1.0,1.0,0.0,1.0,0.0,0.0,0.0,8.0,6.0,0.0,0.0,0.0,0.0,0.0,0.0,0.0,0.0,2.0,12.0,1.0,12.04,5.0200000000000005,2.51,1.49,-2.4000000000000004,0.3,2.4000000000000004,301.1,0.0,-13.2,0.5,10.4,-83.10000000000001,0.0,0.0,219.7,0.0,22.1,28.3,28.3,31.3,300.0,300.0,29.5,35.4,30.200000000000003,29.6,32.0,4.95,2.0,4.97,0.16,0.0,0.0,1027.0,8228.0,0.0,0.0,0.0,0.0,0.0,1.0,0.0,0.0,0.0,-0.001,0.0,-1.5,0.0,-12.3,-12.8,0.0163,16.0,25903.0
2026-07-30T18:57:43.199Z,32.682,32.694,-7.4,7.4,0.0,0.0,0.0,0.0,0.0,1.0,1.0,0.0,1.0,0.0,0.0,0.0,8.0,6.0,0.0,0.0,0.0,0.0,0.0,0.0,0.0,0.0,3.0,12.0,1.0,12.04,5.0200000000000005,2.51,1.49,-2.5,0.2,2.5,301.1,0.0,-12.6,1.1,7.5,-83.10000000000001,0.0,0.0,219.6,0.0,22.1,28.3,28.3,31.3,300.0,300.0,29.5,35.4,30.200000000000003,29.6,32.0,4.95,2.0,4.96,0.16,0.0,0.0,1027.0,8228.0,0.0,0.0,0.0,0.0,0.0,1.0,0.0,0.0,0.0,-0.001,0.0,-0.4,0.0,-9.4,-12.8,0.0162,16.0,25903.0
2026-07-30T18:57:43.211Z,32.694,32.706,-7.4,7.4,0.0,0.0,0.0,0.0,0.0,1.0,1.0,0.0,1.0,0.0,0.0,0.0,8.0,6.0,0.0,0.0,0.0,0.0,0.0,0.0,0.0,0.0,5.0,12.0,1.0,12.04,5.0200000000000005,2.51,1.49,-2.4000000000000004,0.2,2.4000000000000004,301.0,0.0,-12.6,1.7000000000000002,9.3,-83.10000000000001,0.0,0.0,219.7,0.0,22.1,28.3,28.3,31.3,300.0,300.0,29.5,35.4,30.200000000000003,29.6,32.0,4.96,2.0,4.96,0.16,0.0,0.0,1027.0,8228.0,0.0,0.0,0.0,0.0,0.0,1.0,0.0,0.0,0.0,-0.001,0.0,-0.2,0.0,-11.8,-12.8,0.0169,16.0,25903.0
2026-07-30T18:57:43.223Z,32.706,32.718,-7.4,7.4,0.0,0.0,0.0,0.0,0.0,1.0,1.0,0.0,1.0,0.0,0.0,0.0,8.0,6.0,0.0,0.0,0.0,0.0,0.0,0.0,0.0,0.0,6.0,12.0,1.0,12.04,5.0200000000000005,2.51,1.49,-2.5,0.3,2.5,301.1,0.0,-12.6,0.5,8.1,-83.10000000000001,0.0,0.0,219.6,0.0,22.1,28.3,28.3,31.3,300.0,300.0,29.5,35.4,30.200000000000003,29.6,32.0,4.95,2.0,4.96,0.16,0.0,0.0,1027.0,8228.0,0.0,0.0,0.0,0.0,0.0,1.0,0.0,0.0,0.0,-0.001,0.0,-1.0,0.0,-9.7,-12.8,0.0165,16.0,25903.0
2026-07-30T18:57:43.235Z,32.718,32.730000000000004,-7.4,7.4,0.0,0.0,0.0,0.0,0.0,1.0,1.0,0.0,1.0,0.0,0.0,0.0,8.0,6.0,0.0,0.0,0.0,0.0,0.0,0.0,0.0,0.0,1.0,12.0,1.0,12.04,5.0200000000000005,2.51,1.49,-2.4000000000000004,0.3,2.5,301.1,-0.1,-12.0,1.1,8.700000000000001,-83.10000000000001,0.0,0.0,219.6,0.0,22.1,28.3,28.3,31.3,300.0,300.0,29.5,35.4,30.200000000000003,29.6,32.0,4.95,2.0,4.96,0.16,0.0,0.0,1027.0,8228.0,0.0,0.0,0.0,0.0,0.0,1.0,0.0,0.0,0.0,-0.001,0.0,-0.6000000000000001,0.0,-10.8,-12.9,0.017,16.0,25903.0
2026-07-30T18:57:43.248Z,32.731,32.742,-7.5,7.4,0.0,0.0,0.0,0.0,0.0,1.0,1.0,0.0,1.0,0.0,0.0,0.0,8.0,6.0,0.0,0.0,0.0,0.0,0.0,0.0,0.0,0.0,3.0,12.0,1.0,12.06,5.01,2.51,1.49,-2.4000000000000004,0.2,2.4000000000000004,301.1,-0.1,-12.0,1.7000000000000002,9.9,-83.10000000000001,0.0,0.0,219.6,0.0,22.1,28.3,28.3,31.4,300.0,300.0,29.5,35.300000000000004,30.200000000000003,29.6,32.300000000000004,4.95,2.0,4.96,0.16,0.0,0.0,1027.0,8228.0,0.0,0.0,0.0,0.0,0.0,1.0,0.0,0.0,0.0,-0.001,0.0,-0.3,0.0,-12.5,-12.8,0.0167,16.0,25903.0
2026-07-30T18:57:43.259Z,32.742,32.754,-7.5,7.4,0.0,0.0,0.0,0.0,0.0,1.0,1.0,0.0,1.0,0.0,0.0,0.0,8.0,6.0,0.0,0.0,0.0,0.0,0.0,0.0,0.0,0.0,4.0,12.0,1.0,12.06,5.01,2.51,1.49,-2.4000000000000004,0.2,2.4000000000000004,301.0,-0.1,-12.0,2.3000000000000003,8.700000000000001,-83.10000000000001,0.0,0.0,219.8,0.0,22.1,28.3,28.3,31.4,300.0,300.0,29.5,35.300000000000004,30.200000000000003,29.6,32.300000000000004,4.95,2.0,4.96,0.16,0.0,0.0,1027.0,8228.0,0.0,0.0,0.0,0.0,0.0,1.0,0.0,0.0,0.0,-0.001,0.0,0.3,0.0,-11.6,-12.7,0.0161,16.0,25903.0
2026-07-30T18:57:43.271Z,32.754,32.766,-7.4,7.4,0.0,0.0,0.0,0.0,0.0,1.0,1.0,0.0,1.0,0.0,0.0,0.0,8.0,6.0,0.0,0.0,0.0,0.0,0.0,0.0,0.0,0.0,5.0,12.0,1.0,12.06,5.01,2.51,1.49,-2.3000000000000003,0.3,2.4000000000000004,301.1,-0.1,-11.4,1.7000000000000002,10.4,-83.10000000000001,0.0,0.0,219.8,0.0,22.1,28.3,28.3,31.4,300.0,300.0,29.5,35.300000000000004,30.200000000000003,29.6,32.300000000000004,4.96,2.0,4.96,0.16,0.0,0.0,1027.0,8228.0,0.0,0.0,0.0,0.0,0.0,1.0,0.0,0.0,0.0,-0.001,0.0,-0.5,0.0,-13.2,-12.7,0.0163,16.0,25903.0
2026-07-30T18:57:43.283Z,32.766,32.778,-7.5,7.4,0.0,0.0,0.0,0.0,0.0,1.0,1.0,0.0,1.0,0.0,0.0,0.0,8.0,6.0,0.0,0.0,0.0,0.0,0.0,0.0,0.0,0.0,5.0,12.0,1.0,12.06,5.01,2.51,1.49,-2.4000000000000004,0.3,2.4000000000000004,301.0,-0.1,-12.0,1.7000000000000002,9.3,-83.10000000000001,0.0,0.0,219.7,0.0,22.1,28.3,28.3,31.4,300.0,300.0,29.5,35.300000000000004,30.200000000000003,29.6,32.300000000000004,4.95,2.0,4.96,0.16,0.0,0.0,1027.0,8228.0,0.0,0.0,0.0,0.0,0.0,1.0,0.0,0.0,0.0,-0.001,0.0,-0.2,0.0,-11.8,-12.8,0.016,16.0,25903.0
2026-07-30T18:57:43.295Z,32.778,32.79,-7.5,7.4,0.0,0.0,0.0,0.0,0.0,1.0,1.0,0.0,1.0,0.0,0.0,0.0,8.0,6.0,0.0,0.0,0.0,0.0,0.0,0.0,0.0,0.0,6.0,12.0,1.0,12.06,5.01,2.51,1.49,-2.3000000000000003,0.2,2.3000000000000003,301.0,-0.1,-10.3,2.9000000000000004,10.4,-83.10000000000001,0.0,0.0,219.6,0.0,22.1,28.3,28.3,31.4,300.0,300.0,29.5,35.300000000000004,30.200000000000003,29.6,32.300000000000004,4.95,2.0,4.96,0.16,0.0,0.0,1027.0,8228.0,0.0,0.0,0.0,0.0,0.0,1.0,0.0,0.0,0.0,-0.001,0.0,0.5,0.0,-14.0,-12.7,0.0162,16.0,25903.0
2026-07-30T18:57:43.307Z,32.79,32.802,-7.5,7.4,0.0,0.0,0.0,0.0,0.0,1.0,1.0,0.0,1.0,0.0,0.0,0.0,8.0,6.0,0.0,0.0,0.0,0.0,0.0,0.0,0.0,0.0,1.0,12.0,1.0,12.06,5.01,2.51,1.49,-2.2,0.2,2.2,301.0,-0.1,-10.9,4.0,11.0,-83.10000000000001,0.0,0.0,219.7,0.0,22.1,28.3,28.3,31.4,300.0,300.0,29.5,35.300000000000004,30.200000000000003,29.6,32.300000000000004,4.95,2.0,4.96,0.16,0.0,0.0,1027.0,8228.0,0.0,0.0,0.0,0.0,0.0,1.0,0.0,0.0,0.0,-0.001,0.0,1.4,0.0,-15.6,-12.6,0.0156,16.0,25903.0
2026-07-30T18:57:43.319Z,32.802,32.814,-7.4,7.4,0.0,0.0,0.0,0.0,0.0,1.0,1.0,0.0,1.0,0.0,0.0,0.0,8.0,6.0,0.0,0.0,0.0,0.0,0.0,0.0,0.0,0.0,1.0,12.0,1.0,12.06,5.01,2.51,1.49,-2.2,0.2,2.2,301.0,-0.1,-11.4,4.0,12.2,-83.10000000000001,0.0,0.0,219.7,0.0,22.1,28.3,28.3,31.4,300.0,300.0,29.5,35.300000000000004,30.200000000000003,29.6,32.300000000000004,4.95,2.0,4.96,0.16,0.0,0.0,1027.0,8228.0,0.0,0.0,0.0,0.0,0.0,1.0,0.0,0.0,0.0,-0.001,0.0,1.2000000000000002,0.0,-16.900000000000002,-12.7,0.0153,16.0,25903.0
2026-07-30T18:57:43.331Z,32.814,32.826,-7.4,7.4,0.0,0.0,0.0,0.0,0.0,1.0,1.0,0.0,1.0,0.0,0.0,0.0,8.0,6.0,0.0,0.0,0.0,0.0,0.0,0.0,0.0,0.0,2.0,12.0,1.0,12.06,5.01,2.51,1.49,-2.3000000000000003,0.3,2.3000000000000003,301.0,-0.1,-10.9,1.7000000000000002,10.4,-83.0,0.0,0.0,219.6,0.0,22.1,28.3,28.3,31.4,300.0,300.0,29.5,35.300000000000004,30.200000000000003,29.6,32.300000000000004,4.95,2.0,4.96,0.16,0.0,0.0,1027.0,8228.0,0.0,0.0,0.0,0.0,0.0,1.0,0.0,0.0,0.0,-0.001,0.0,-0.4,0.0,-13.2,-12.8,0.0151,16.0,25903.0
2026-07-30T18:57:43.343Z,32.826,32.838,-7.5,7.4,0.0,0.0,0.0,0.0,0.0,1.0,1.0,0.0,1.0,0.0,0.0,0.0,8.0,6.0,0.0,0.0,0.0,0.0,0.0,0.0,0.0,0.0,3.0,12.0,1.0,12.06,5.01,2.51,1.49,-2.3000000000000003,0.2,2.3000000000000003,301.0,-0.1,-10.9,2.9000000000000004,9.9,-83.0,0.0,0.0,219.6,0.0,22.1,28.3,28.3,31.4,300.0,300.0,29.5,35.300000000000004,30.200000000000003,29.6,32.300000000000004,4.95,2.0,4.96,0.16,0.0,0.0,1027.0,8228.0,0.0,0.0,0.0,0.0,0.0,1.0,0.0,0.0,0.0,-0.001,0.0,0.6000000000000001,0.0,-13.4,-12.8,0.0161,16.0,25903.0
2026-07-30T18:57:43.355Z,32.838,32.85,-7.4,7.4,0.0,0.0,0.0,0.0,0.0,1.0,1.0,0.0,1.0,0.0,0.0,0.0,8.0,6.0,0.0,0.0,0.0,0.0,0.0,0.0,0.0,0.0,5.0,12.0,1.0,12.05,5.01,2.5,1.5,-2.2,0.2,2.3000000000000003,301.0,-0.1,-10.9,3.5,11.6,-83.0,0.0,0.0,219.6,0.0,22.1,28.3,28.3,31.4,300.0,300.0,29.5,35.2,30.200000000000003,29.700000000000003,32.2,4.95,2.0,4.96,0.16,0.0,0.0,1027.0,8228.0,0.0,0.0,0.0,0.0,0.0,1.0,0.0,0.0,0.0,-0.001,0.0,0.8,0.0,-15.8,-12.7,0.0161,16.0,25903.0
2026-07-30T18:57:43.367Z,32.85,32.862,-7.4,7.4,0.0,0.0,0.0,0.0,0.0,1.0,1.0,0.0,1.0,0.0,0.0,0.0,8.0,6.0,0.0,0.0,0.0,0.0,0.0,0.0,0.0,0.0,6.0,12.0,1.0,12.05,5.01,2.5,1.5,-2.4000000000000004,0.2,2.4000000000000004,301.1,-0.1,-11.4,2.3000000000000003,9.9,-83.0,0.0,0.0,219.6,0.0,22.1,28.3,28.3,31.4,300.0,300.0,29.5,35.2,30.200000000000003,29.700000000000003,32.2,4.95,2.0,4.96,0.16,0.0,0.0,1027.0,8228.0,0.0,0.0,0.0,0.0,0.0,1.0,0.0,0.0,0.0,-0.001,0.0,0.1,0.0,-12.9,-12.8,0.0162,16.0,25903.0
2026-07-30T18:57:43.379Z,32.862,32.874,-7.4,7.4,0.0,0.0,0.0,0.0,0.0,1.0,1.0,0.0,1.0,0.0,0.0,0.0,8.0,6.0,0.0,0.0,0.0,0.0,0.0,0.0,0.0,0.0,1.0,12.0,1.0,12.05,5.01,2.5,1.5,-2.3000000000000003,0.3,2.3000000000000003,300.90000000000003,-0.1,-11.4,2.3000000000000003,11.6,-83.0,0.0,0.0,219.5,0.0,22.1,28.3,28.3,31.4,300.0,300.0,29.5,35.2,30.200000000000003,29.700000000000003,32.2,4.95,2.0,4.96,0.16,0.0,0.0,1027.0,8228.0,0.0,0.0,0.0,0.0,0.0,1.0,0.0,0.0,0.0,-0.001,0.0,-0.1,0.0,-14.9,-12.9,0.0163,16.0,25903.0
2026-07-30T18:57:43.391Z,32.874,32.886,-7.5,7.4,0.0,0.0,0.0,0.0,0.0,1.0,1.0,0.0,1.0,0.0,0.0,0.0,8.0,6.0,0.0,0.0,0.0,0.0,0.0,0.0,0.0,0.0,1.0,12.0,1.0,12.05,5.01,2.5,1.5,-2.4000000000000004,0.2,2.4000000000000004,301.1,-0.1,-11.4,3.5,9.3,-83.0,0.0,0.0,219.5,0.0,22.1,28.3,28.3,31.4,300.0,300.0,29.5,35.2,30.200000000000003,29.700000000000003,32.2,4.95,2.0,4.96,0.16,0.0,0.0,1027.0,8228.0,0.0,0.0,0.0,0.0,0.0,1.0,0.0,0.0,0.0,-0.001,0.0,1.3,0.0,-13.1,-12.9,0.017,16.0,25903.0
2026-07-30T18:57:43.403Z,32.886,32.898,-7.5,7.4,0.0,0.0,0.0,0.0,0.0,1.0,1.0,0.0,1.0,0.0,0.0,0.0,8.0,6.0,0.0,0.0,0.0,0.0,0.0,0.0,0.0,0.0,2.0,12.0,1.0,12.05,5.01,2.5,1.5,-2.4000000000000004,0.3,2.4000000000000004,301.1,-0.1,-12.0,1.7000000000000002,9.3,-83.0,0.0,0.0,219.6,0.0,22.1,28.3,28.3,31.4,300.0,300.0,29.5,35.2,30.200000000000003,29.700000000000003,32.2,4.95,2.0,4.96,0.16,0.0,0.0,1027.0,8228.0,0.0,0.0,0.0,0.0,0.0,1.0,0.0,0.0,0.0,-0.001,0.0,-0.2,0.0,-11.9,-12.8,0.0165,16.0,25903.0
2026-07-30T18:57:43.415Z,32.898,32.910000000000004,-7.4,7.4,0.0,0.0,0.0,0.0,0.0,1.0,1.0,0.0,1.0,0.0,0.0,0.0,8.0,6.0,0.0,0.0,0.0,0.0,0.0,0.0,0.0,0.0,3.0,12.0,1.0,12.05,5.01,2.5,1.5,-2.3000000000000003,0.2,2.3000000000000003,301.0,0.0,-11.4,2.3000000000000003,10.4,-83.0,0.0,0.0,219.6,0.0,22.1,28.3,28.3,31.4,300.0,300.0,29.5,35.2,30.200000000000003,29.700000000000003,32.2,4.96,2.0,4.96,0.17,0.0,0.0,1027.0,8228.0,0.0,0.0,0.0,0.0,0.0,1.0,0.0,0.0,0.0,-0.001,0.0,-0.1,0.0,-11.2,-12.7,0.0167,16.0,25903.0
2026-07-30T18:57:43.427Z,32.91,32.922000000000004,-7.4,7.4,0.0,0.0,0.0,0.0,0.0,1.0,1.0,0.0,1.0,0.0,0.0,0.0,8.0,6.0,0.0,0.0,0.0,0.0,0.0,0.0,0.0,0.0,4.0,12.0,1.0,12.05,5.01,2.5,1.5,-2.4000000000000004,0.3,2.4000000000000004,301.1,0.0,-12.0,1.1,9.9,-83.0,0.0,0.0,219.7,0.0,22.1,28.3,28.3,31.4,300.0,300.0,29.5,35.2,30.200000000000003,29.700000000000003,32.2,4.95,2.0,4.97,0.17,0.0,0.0,1027.0,8228.0,0.0,0.0,0.0,0.0,0.0,1.0,0.0,0.0,0.0,-0.001,0.0,0.3,0.0,-11.6,-12.8,0.0164,16.0,25903.0
2026-07-30T18:57:43.439Z,32.922,32.934,-7.5,7.4,0.0,0.0,0.0,0.0,0.0,1.0,1.0,0.0,1.0,0.0,0.0,0.0,8.0,6.0,0.0,0.0,0.0,0.0,0.0,0.0,0.0,0.0,5.0,12.0,1.0,12.05,5.01,2.5,1.5,-2.4000000000000004,0.3,2.5,301.0,0.0,-11.4,3.5,9.9,-83.0,0.0,0.0,219.6,0.0,22.1,28.3,28.3,31.4,300.0,300.0,29.5,35.2,30.200000000000003,29.700000000000003,32.2,4.95,2.0,4.96,0.16,0.0,0.0,1027.0,8228.0,0.0,0.0,0.0,0.0,0.0,1.0,0.0,0.0,0.0,-0.001,0.0,-0.5,0.0,-10.1,-12.8,0.0163,16.0,25903.0
2026-07-30T18:57:43.452Z,32.935,32.946,-7.4,7.4,0.0,0.0,0.0,0.0,0.0,1.0,1.0,0.0,1.0,0.0,0.0,0.0,8.0,6.0,0.0,0.0,0.0,0.0,0.0,0.0,0.0,0.0,6.0,12.0,1.0,12.05,5.01,2.5,1.49,-2.4000000000000004,0.3,2.5,301.1,0.0,-11.4,2.3000000000000003,10.4,-83.0,0.0,0.0,219.6,0.0,22.1,28.4,28.4,31.4,300.0,300.0,29.4,35.2,30.200000000000003,29.700000000000003,32.1,4.96,2.0,4.96,0.16,0.0,0.0,1027.0,8228.0,0.0,0.0,0.0,0.0,0.0,1.0,0.0,0.0,0.0,-0.001,0.0,-0.6000000000000001,0.0,-10.8,-12.7,0.0167,16.0,25903.0
2026-07-30T18:57:43.463Z,32.946,32.958,-7.4,7.4,0.0,0.0,0.0,0.0,0.0,1.0,1.0,0.0,1.0,0.0,0.0,0.0,8.0,6.0,0.0,0.0,0.0,0.0,0.0,0.0,0.0,0.0,6.0,12.0,1.0,12.05,5.01,2.5,1.49,-2.3000000000000003,0.2,2.3000000000000003,301.1,0.0,-12.6,3.5,11.6,-83.0,0.0,0.0,219.6,0.0,22.1,28.4,28.4,31.4,300.0,300.0,29.4,35.2,30.200000000000003,29.700000000000003,32.1,4.95,2.0,4.96,0.16,0.0,0.0,1027.0,8228.0,0.0,0.0,0.0,0.0,0.0,1.0,0.0,0.0,0.0,-0.001,0.0,0.8,0.0,-15.8,-12.8,0.0167,16.0,25903.0
2026-07-30T18:57:43.476Z,32.959,32.97,-7.5,7.4,0.0,0.0,0.0,0.0,0.0,1.0,1.0,0.0,1.0,0.0,0.0,0.0,8.0,6.0,0.0,0.0,0.0,0.0,0.0,0.0,0.0,0.0,2.0,12.0,1.0,12.05,5.01,2.5,1.49,-2.4000000000000004,0.3,2.4000000000000004,301.1,0.0,-12.0,1.7000000000000002,9.3,-83.0,0.0,0.0,219.7,0.0,22.1,28.4,28.4,31.4,300.0,300.0,29.4,35.2,30.200000000000003,29.700000000000003,32.1,4.96,2.0,4.96,0.16,0.0,0.0,1027.0,8228.0,0.0,0.0,0.0,0.0,0.0,1.0,0.0,0.0,0.0,-0.001,0.0,-0.2,0.0,-11.8,-12.8,0.0155,16.0,25903.0
2026-07-30T18:57:43.487Z,32.97,32.982,-7.5,7.4,0.0,0.0,0.0,0.0,0.0,1.0,1.0,0.0,1.0,0.0,0.0,0.0,8.0,6.0,0.0,0.0,0.0,0.0,0.0,0.0,0.0,0.0,3.0,12.0,1.0,12.05,5.01,2.5,1.49,-2.3000000000000003,0.2,2.3000000000000003,301.1,-0.1,-11.4,2.3000000000000003,11.0,-83.0,0.0,0.0,219.7,0.0,22.1,28.4,28.4,31.4,300.0,300.0,29.4,35.2,30.200000000000003,29.700000000000003,32.1,4.96,2.0,4.96,0.16,0.0,0.0,1027.0,8228.0,0.0,0.0,0.0,0.0,0.0,1.0,0.0,0.0,0.0,-0.001,0.0,0.0,0.0,-14.3,-12.7,0.0162,16.0,25903.0
2026-07-30T18:57:43.499Z,32.982,32.994,-7.5,7.4,0.0,0.0,0.0,0.0,0.0,1.0,1.0,0.0,1.0,0.0,0.0,0.0,8.0,6.0,0.0,0.0,0.0,0.0,0.0,0.0,0.0,0.0,4.0,12.0,1.0,12.05,5.01,2.5,1.49,-2.2,0.2,2.2,301.0,-0.1,-10.9,3.5,11.6,-83.0,0.0,0.0,219.6,0.0,22.1,28.4,28.4,31.4,300.0,300.0,29.4,35.2,30.200000000000003,29.700000000000003,32.1,4.96,2.0,4.96,0.17,0.0,0.0,1027.0,8228.0,0.0,0.0,0.0,0.0,0.0,1.0,0.0,0.0,0.0,-0.001,0.0,0.8,0.0,-15.8,-12.7,0.0156,16.0,25903.0
2026-07-30T18:57:43.511Z,32.994,33.006,-7.4,7.4,0.0,0.0,0.0,0.0,0.0,1.0,1.0,0.0,1.0,0.0,0.0,0.0,8.0,6.0,0.0,0.0,0.0,0.0,0.0,0.0,0.0,0.0,5.0,12.0,1.0,12.05,5.01,2.5,1.49,-2.3000000000000003,0.2,2.3000000000000003,301.1,0.0,-10.9,3.5,10.4,-83.0,0.0,0.0,219.6,0.0,22.1,28.4,28.4,31.4,300.0,300.0,29.4,35.2,30.200000000000003,29.700000000000003,32.1,4.95,2.0,4.96,0.16,0.0,0.0,1027.0,8228.0,0.0,0.0,0.0,0.0,0.0,1.0,0.0,0.0,0.0,-0.001,0.0,1.1,0.0,-14.5,-12.7,0.0153,16.0,25903.0
2026-07-30T18:57:43.523Z,33.006,33.018,-7.4,7.4,0.0,0.0,0.0,0.0,0.0,1.0,1.0,0.0,1.0,0.0,0.0,0.0,8.0,6.0,0.0,0.0,0.0,0.0,0.0,0.0,0.0,0.0,6.0,12.0,1.0,12.05,5.01,2.5,1.49,-2.3000000000000003,0.3,2.3000000000000003,301.1,0.0,-10.3,2.3000000000000003,11.6,-83.0,0.0,0.0,219.6,0.0,22.1,28.4,28.4,31.4,300.0,300.0,29.4,35.2,30.200000000000003,29.700000000000003,32.1,4.95,2.0,4.96,0.16,0.0,0.0,1027.0,8228.0,0.0,0.0,0.0,0.0,0.0,1.0,0.0,0.0,0.0,-0.001,0.0,-0.1,0.0,-14.9,-12.8,0.0157,16.0,25903.0
2026-07-30T18:57:43.535Z,33.018,33.03,-7.4,7.4,0.0,0.0,0.0,0.0,0.0,1.0,1.0,0.0,1.0,0.0,0.0,0.0,8.0,6.0,0.0,0.0,0.0,0.0,0.0,0.0,0.0,0.0,6.0,12.0,1.0,12.05,5.01,2.5,1.49,-2.3000000000000003,0.2,2.3000000000000003,300.90000000000003,-0.1,-12.6,2.3000000000000003,11.6,-83.0,0.0,0.0,219.6,0.0,22.1,28.4,28.4,31.4,300.0,300.0,29.4,35.2,30.200000000000003,29.700000000000003,32.1,4.95,2.0,4.96,0.16,0.0,0.0,1027.0,8228.0,0.0,0.0,0.0,0.0,0.0,1.0,0.0,0.0,0.0,-0.001,0.0,-0.1,0.0,-14.9,-12.8,0.0155,16.0,25903.0
2026-07-30T18:57:43.547Z,33.03,33.042,-7.4,7.4,0.0,0.0,0.0,0.0,0.0,1.0,1.0,0.0,1.0,0.0,0.0,0.0,8.0,6.0,0.0,0.0,0.0,0.0,0.0,0.0,0.0,0.0,2.0,12.0,1.0,12.05,5.01,2.5,1.49,-2.3000000000000003,0.2,2.4000000000000004,301.1,-0.1,-10.9,2.3000000000000003,9.9,-83.0,0.0,0.0,219.6,0.0,22.1,28.4,28.4,31.4,300.0,300.0,29.4,35.2,30.200000000000003,29.700000000000003,32.1,4.95,2.0,4.96,0.16,0.0,0.0,1027.0,8228.0,0.0,0.0,0.0,0.0,0.0,1.0,0.0,0.0,0.0,-0.001,0.0,0.1,0.0,-12.9,-12.8,0.0156,16.0,25903.0
2026-07-30T18:57:43.559Z,33.042,33.054,-7.4,7.4,0.0,0.0,0.0,0.0,0.0,1.0,1.0,0.0,1.0,0.0,0.0,0.0,8.0,6.0,0.0,0.0,0.0,0.0,0.0,0.0,0.0,0.0,3.0,12.0,1.0,12.05,5.01,2.51,1.5,-2.3000000000000003,0.2,2.3000000000000003,301.1,-0.1,-10.9,2.9000000000000004,11.0,-83.0,0.0,0.0,219.6,0.0,22.1,28.4,28.4,31.4,300.0,300.0,29.3,35.300000000000004,30.200000000000003,29.8,32.2,4.96,2.0,4.96,0.16,0.0,0.0,1027.0,8228.0,0.0,0.0,0.0,0.0,0.0,1.0,0.0,0.0,0.0,-0.001,0.0,0.4,0.0,-14.7,-12.8,0.016,16.0,25903.0
2026-07-30T18:57:43.571Z,33.054,33.066,-7.5,7.4,0.0,0.0,0.0,0.0,0.0,1.0,1.0,0.0,1.0,0.0,0.0,0.0,8.0,6.0,0.0,0.0,0.0,0.0,0.0,0.0,0.0,0.0,4.0,12.0,1.0,12.05,5.01,2.51,1.5,-2.3000000000000003,0.2,2.3000000000000003,301.0,0.0,-11.4,2.9000000000000004,10.4,-83.0,0.0,0.0,219.7,0.0,22.1,28.4,28.4,31.4,300.0,300.0,29.3,35.300000000000004,30.200000000000003,29.8,32.2,4.96,2.0,4.96,0.16,0.0,0.0,1027.0,8228.0,0.0,0.0,0.0,0.0,0.0,1.0,0.0,0.0,0.0,-0.001,0.0,0.5,0.0,-14.0,-12.8,0.0156,16.0,25903.0
2026-07-30T18:57:43.583Z,33.066,33.078,-7.5,7.4,0.0,0.0,0.0,0.0,0.0,1.0,1.0,0.0,1.0,0.0,0.0,0.0,8.0,6.0,0.0,0.0,0.0,0.0,0.0,0.0,0.0,0.0,5.0,12.0,1.0,12.05,5.01,2.51,1.5,-2.3000000000000003,0.2,2.3000000000000003,301.1,0.0,-10.9,2.3000000000000003,9.9,-83.0,0.0,0.0,219.7,0.0,22.1,28.4,28.4,31.4,300.0,300.0,29.3,35.300000000000004,30.200000000000003,29.8,32.2,4.96,2.0,4.96,0.16,0.0,0.0,1027.0,8228.0,0.0,0.0,0.0,0.0,0.0,1.0,0.0,0.0,0.0,-0.001,0.0,0.1,0.0,-12.9,-12.7,0.0157,16.0,25903.0
2026-07-30T18:57:43.595Z,33.078,33.09,-7.4,7.4,0.0,0.0,0.0,0.0,0.0,1.0,1.0,0.0,1.0,0.0,0.0,0.0,8.0,6.0,0.0,0.0,0.0,0.0,0.0,0.0,0.0,0.0,6.0,12.0,1.0,12.05,5.01,2.51,1.5,-2.4000000000000004,0.2,2.4000000000000004,301.1,0.0,-12.0,2.3000000000000003,9.3,-83.0,0.0,0.0,219.7,0.0,22.1,28.4,28.4,31.4,300.0,300.0,29.3,35.300000000000004,30.200000000000003,29.8,32.2,4.95,2.0,4.96,0.16,0.0,0.0,1027.0,8228.0,0.0,0.0,0.0,0.0,0.0,1.0,0.0,0.0,0.0,-0.001,0.0,0.2,0.0,-12.3,-12.7,0.0158,16.0,25903.0
2026-07-30T18:57:43.609Z,33.092,33.102000000000004,-7.4,7.4,0.0,0.0,0.0,0.0,0.0,1.0,1.0,0.0,1.0,0.0,0.0,0.0,8.0,6.0,0.0,0.0,0.0,0.0,0.0,0.0,0.0,0.0,2.0,12.0,1.0,12.05,5.01,2.51,1.5,-2.4000000000000004,0.3,2.4000000000000004,301.1,0.0,-11.4,1.7000000000000002,9.3,-83.0,0.0,0.0,219.6,0.0,22.1,28.4,28.4,31.4,300.0,300.0,29.3,35.300000000000004,30.200000000000003,29.8,32.2,4.95,2.0,4.96,0.16,0.0,0.0,1027.0,8228.0,0.0,0.0,0.0,0.0,0.0,1.0,0.0,0.0,0.0,-0.001,0.0,-0.2,0.0,-11.8,-12.8,0.0161,16.0,25903.0
2026-07-30T18:57:43.619Z,33.102,33.114,-7.4,7.4,0.0,0.0,0.0,0.0,0.0,1.0,1.0,0.0,1.0,0.0,0.0,0.0,8.0,6.0,0.0,0.0,0.0,0.0,0.0,0.0,0.0,0.0,1.0,12.0,1.0,12.05,5.01,2.51,1.5,-2.3000000000000003,0.3,2.3000000000000003,301.1,0.0,-11.4,1.7000000000000002,11.6,-83.0,0.0,0.0,219.7,0.0,22.1,28.4,28.4,31.4,300.0,300.0,29.3,35.300000000000004,30.200000000000003,29.8,32.2,4.95,2.0,4.96,0.16,0.0,0.0,1027.0,8228.0,0.0,0.0,0.0,0.0,0.0,1.0,0.0,0.0,0.0,-0.001,0.0,-0.7000000000000001,0.0,-14.5,-12.8,0.0162,16.0,25903.0
2026-07-30T18:57:43.631Z,33.114,33.126,-7.5,7.4,0.0,0.0,0.0,0.0,0.0,1.0,1.0,0.0,1.0,0.0,0.0,0.0,8.0,6.0,0.0,0.0,0.0,0.0,0.0,0.0,0.0,0.0,2.0,12.0,1.0,12.05,5.01,2.51,1.5,-2.3000000000000003,0.2,2.3000000000000003,301.1,0.0,-12.0,2.3000000000000003,9.3,-83.0,0.0,0.0,219.7,0.0,22.1,28.4,28.4,31.4,300.0,300.0,29.3,35.300000000000004,30.200000000000003,29.8,32.2,4.95,2.0,4.97,0.16,0.0,0.0,1027.0,8228.0,0.0,0.0,0.0,0.0,0.0,1.0,0.0,0.0,0.0,-0.001,0.0,0.2,0.0,-12.3,-12.9,0.0157,16.0,25903.0
2026-07-30T18:57:43.643Z,33.126,33.138,-7.5,7.4,0.0,0.0,0.0,0.0,0.0,1.0,1.0,0.0,1.0,0.0,0.0,0.0,8.0,6.0,0.0,0.0,0.0,0.0,0.0,0.0,0.0,0.0,4.0,12.0,1.0,12.05,5.01,2.51,1.5,-2.3000000000000003,0.2,2.3000000000000003,301.1,0.0,-10.9,2.3000000000000003,10.4,-83.0,0.0,0.0,219.7,0.0,22.1,28.4,28.4,31.4,300.0,300.0,29.3,35.300000000000004,30.200000000000003,29.8,32.2,4.95,2.0,4.97,0.16,0.0,0.0,1027.0,8228.0,0.0,0.0,0.0,0.0,0.0,1.0,0.0,0.0,0.0,-0.001,0.0,0.0,0.0,-13.6,-12.7,0.0159,16.0,25903.0
2026-07-30T18:57:43.656Z,33.139,33.15,-7.5,7.4,0.0,0.0,0.0,0.0,0.0,1.0,1.0,0.0,1.0,0.0,0.0,0.0,8.0,6.0,0.0,0.0,0.0,0.0,0.0,0.0,0.0,0.0,5.0,12.0,1.0,12.04,5.01,2.5,1.49,-2.4000000000000004,0.2,2.4000000000000004,301.1,0.0,-13.2,1.7000000000000002,8.1,-83.0,0.0,0.0,219.7,0.0,22.3,28.4,28.4,31.5,300.0,300.0,29.4,35.4,30.3,29.8,32.2,4.96,2.0,4.96,0.16,0.0,0.0,1027.0,8228.0,0.0,0.0,0.0,0.0,0.0,1.0,0.0,0.0,0.0,-0.001,0.0,0.0,0.0,-10.5,-12.7,0.0157,16.0,25903.0
2026-07-30T18:57:43.667Z,33.15,33.162,-7.4,7.4,0.0,0.0,0.0,0.0,0.0,1.0,1.0,0.0,1.0,0.0,0.0,0.0,8.0,6.0,0.0,0.0,0.0,0.0,0.0,0.0,0.0,0.0,6.0,12.0,1.0,12.04,5.01,2.5,1.49,-2.4000000000000004,0.3,2.4000000000000004,300.90000000000003,0.0,-13.2,0.5,9.3,-83.0,0.0,0.0,219.8,0.0,22.3,28.4,28.4,31.5,300.0,300.0,29.4,35.4,30.3,29.8,32.2,4.96,2.0,4.97,0.16,0.0,0.0,1027.0,8228.0,0.0,0.0,0.0,0.0,0.0,1.0,0.0,0.0,0.0,-0.001,0.0,-1.3,0.0,-11.0,-12.7,0.0164,16.0,25903.0
2026-07-30T18:57:43.679Z,33.162,33.174,-7.5,7.4,0.0,0.0,0.0,0.0,0.0,1.0,1.0,0.0,1.0,0.0,0.0,0.0,8.0,6.0,0.0,0.0,0.0,0.0,0.0,0.0,0.0,0.0,1.0,12.0,1.0,12.04,5.01,2.5,1.49,-2.3000000000000003,0.2,2.3000000000000003,301.0,0.0,-12.6,1.7000000000000002,10.4,-83.0,0.0,0.0,219.8,0.0,22.3,28.4,28.4,31.5,300.0,300.0,29.4,35.4,30.3,29.8,32.2,4.96,2.0,4.96,0.16,0.0,0.0,1027.0,8228.0,0.0,0.0,0.0,0.0,0.0,1.0,0.0,0.0,0.0,-0.001,0.0,-0.4,0.0,-13.2,-12.8,0.0163,16.0,25903.0
2026-07-30T18:57:43.691Z,33.174,33.186,-7.4,7.4,0.0,0.0,0.0,0.0,0.0,1.0,1.0,0.0,1.0,0.0,0.0,0.0,8.0,6.0,0.0,0.0,0.0,0.0,0.0,0.0,0.0,0.0,2.0,12.0,1.0,12.04,5.01,2.5,1.49,-2.5,0.3,2.5,301.1,0.0,-13.2,1.1,7.5,-83.0,0.0,0.0,219.8,0.0,22.3,28.4,28.4,31.5,300.0,300.0,29.4,35.4,30.3,29.8,32.2,4.95,2.0,4.96,0.16,0.0,0.0,1027.0,8228.0,0.0,0.0,0.0,0.0,0.0,1.0,0.0,0.0,0.0,-0.001,0.0,-0.4,0.0,-9.4,-12.7,0.0157,16.0,25903.0
2026-07-30T18:57:43.703Z,33.186,33.198,-7.4,7.4,0.0,0.0,0.0,0.0,0.0,1.0,1.0,0.0,1.0,0.0,0.0,0.0,8.0,6.0,0.0,0.0,0.0,0.0,0.0,0.0,0.0,0.0,3.0,12.0,1.0,12.04,5.01,2.5,1.49,-2.5,0.3,2.5,300.90000000000003,0.0,-12.6,0.5,8.1,-83.0,0.0,0.0,219.7,0.0,22.3,28.4,28.4,31.5,300.0,300.0,29.4,35.4,30.3,29.8,32.2,4.96,2.0,4.96,0.16,0.0,0.0,1027.0,8228.0,0.0,0.0,0.0,0.0,0.0,1.0,0.0,0.0,0.0,-0.001,0.0,-1.0,0.0,-9.7,-12.9,0.0167,16.0,25903.0
2026-07-30T18:57:43.715Z,33.198,33.21,-7.5,7.4,0.0,0.0,0.0,0.0,0.0,1.0,1.0,0.0,1.0,0.0,0.0,0.0,8.0,6.0,0.0,0.0,0.0,0.0,0.0,0.0,0.0,0.0,5.0,12.0,1.0,12.04,5.01,2.5,1.49,-2.4000000000000004,0.3,2.4000000000000004,301.0,0.0,-13.2,1.7000000000000002,8.1,-83.0,0.0,0.0,219.6,0.0,22.3,28.4,28.4,31.5,300.0,300.0,29.4,35.4,30.3,29.8,32.2,4.95,2.0,4.97,0.16,0.0,0.0,1027.0,8228.0,0.0,0.0,0.0,0.0,0.0,1.0,0.0,0.0,0.0,-0.001,0.0,0.0,0.0,-10.5,-12.9,0.0169,16.0,25903.0
2026-07-30T18:57:43.726Z,33.209,33.222,-7.5,7.4,0.0,0.0,0.0,0.0,0.0,1.0,1.0,0.0,1.0,0.0,0.0,0.0,8.0,6.0,0.0,0.0,0.0,0.0,0.0,0.0,0.0,0.0,6.0,12.0,1.0,12.04,5.01,2.5,1.49,-2.4000000000000004,0.2,2.4000000000000004,301.1,-0.1,-12.0,1.7000000000000002,8.1,-83.0,0.0,0.0,219.6,0.0,22.3,28.4,28.4,31.5,300.0,300.0,29.4,35.4,30.3,29.8,32.2,4.95,2.0,4.96,0.16,0.0,0.0,1027.0,8228.0,0.0,0.0,0.0,0.0,0.0,1.0,0.0,0.0,0.0,-0.001,0.0,0.0,0.0,-10.5,-12.8,0.0165,16.0,25903.0
2026-07-30T18:57:43.739Z,33.222,33.234,-7.4,7.4,0.0,0.0,0.0,0.0,0.0,1.0,1.0,0.0,1.0,0.0,0.0,0.0,8.0,6.0,0.0,0.0,0.0,0.0,0.0,0.0,0.0,0.0,1.0,12.0,1.0,12.04,5.01,2.5,1.49,-2.4000000000000004,0.2,2.4000000000000004,301.0,-0.1,-12.6,2.9000000000000004,9.3,-83.0,0.0,0.0,219.7,0.0,22.3,28.4,28.4,31.5,300.0,300.0,29.4,35.4,30.3,29.8,32.2,4.96,2.0,4.96,0.16,0.0,0.0,1027.0,8228.0,0.0,0.0,0.0,0.0,0.0,1.0,0.0,0.0,0.0,-0.001,0.0,0.7000000000000001,0.0,-12.7,-12.7,0.0164,16.0,25903.0
2026-07-30T18:57:43.753Z,33.236,33.246,-7.4,7.4,0.0,0.0,0.0,0.0,0.0,1.0,1.0,0.0,1.0,0.0,0.0,0.0,8.0,6.0,0.0,0.0,0.0,0.0,0.0,0.0,0.0,0.0,2.0,12.0,1.0,12.04,5.01,2.5,1.49,-2.4000000000000004,0.3,2.4000000000000004,301.1,-0.1,-12.6,1.7000000000000002,8.700000000000001,-83.0,0.0,0.0,219.6,0.0,22.3,28.4,28.4,31.5,300.0,300.0,29.4,35.4,30.3,29.8,32.2,4.95,2.0,4.96,0.16,0.0,0.0,1027.0,8228.0,0.0,0.0,0.0,0.0,0.0,1.0,0.0,0.0,0.0,-0.001,0.0,-0.1,0.0,-11.2,-12.8,0.016,16.0,25903.0
2026-07-30T18:57:43.763Z,33.246,33.258,-7.5,7.4,0.0,0.0,0.0,0.0,0.0,1.0,1.0,0.0,1.0,0.0,0.0,0.0,8.0,6.0,0.0,0.0,0.0,0.0,0.0,0.0,0.0,0.0,2.0,12.0,1.0,12.05,5.01,2.5,1.49,-2.3000000000000003,0.3,2.3000000000000003,301.1,-0.1,-12.0,1.7000000000000002,11.0,-83.0,0.0,0.0,219.6,0.0,22.1,28.4,28.4,31.5,300.0,300.0,29.5,35.4,30.4,29.8,32.2,4.96,2.0,4.97,0.16,0.0,0.0,1027.0,8228.0,0.0,0.0,0.0,0.0,0.0,1.0,0.0,0.0,0.0,-0.001,0.0,-0.5,0.0,-13.9,-12.9,0.0165,16.0,25903.0
2026-07-30T18:57:43.775Z,33.258,33.27,-7.5,7.4,0.0,0.0,0.0,0.0,0.0,1.0,1.0,0.0,1.0,0.0,0.0,0.0,8.0,6.0,0.0,0.0,0.0,0.0,0.0,0.0,0.0,0.0,3.0,12.0,1.0,12.05,5.01,2.5,1.49,-2.3000000000000003,0.2,2.3000000000000003,301.1,-0.1,-12.0,2.3000000000000003,9.9,-83.0,0.0,0.0,219.7,0.0,22.1,28.4,28.4,31.5,300.0,300.0,29.5,35.4,30.4,29.8,32.2,4.96,2.0,4.96,0.16,0.0,0.0,1027.0,8228.0,0.0,0.0,0.0,0.0,0.0,1.0,0.0,0.0,0.0,-0.001,0.0,0.1,0.0,-12.9,-12.8,0.0159,16.0,25903.0
2026-07-30T18:57:43.787Z,33.27,33.282000000000004,-7.5,7.4,0.0,0.0,0.0,0.0,0.0,1.0,1.0,0.0,1.0,0.0,0.0,0.0,8.0,6.0,0.0,0.0,0.0,0.0,0.0,0.0,0.0,0.0,4.0,12.0,1.0,12.05,5.01,2.5,1.49,-2.3000000000000003,0.2,2.3000000000000003,301.1,-0.1,-10.9,2.3000000000000003,9.9,-83.0,0.0,0.0,219.8,0.0,22.1,28.4,28.4,31.5,300.0,300.0,29.5,35.4,30.4,29.8,32.2,4.96,2.0,4.96,0.16,0.0,0.0,1027.0,8228.0,0.0,0.0,0.0,0.0,0.0,1.0,0.0,0.0,0.0,-0.001,0.0,0.1,0.0,-12.9,-12.7,0.0159,16.0,25903.0
2026-07-30T18:57:43.799Z,33.282,33.294000000000004,-7.4,7.4,0.0,0.0,0.0,0.0,0.0,1.0,1.0,0.0,1.0,0.0,0.0,0.0,8.0,6.0,0.0,0.0,0.0,0.0,0.0,0.0,0.0,0.0,5.0,12.0,1.0,12.05,5.01,2.5,1.49,-2.3000000000000003,0.2,2.3000000000000003,301.1,-0.1,-11.4,2.3000000000000003,11.0,-83.0,0.0,0.0,219.9,0.0,22.1,28.4,28.4,31.5,300.0,300.0,29.5,35.4,30.4,29.8,32.2,4.96,2.0,4.97,0.16,0.0,0.0,1027.0,8228.0,0.0,0.0,0.0,0.0,0.0,1.0,0.0,0.0,0.0,-0.001,0.0,-0.1,0.0,-14.3,-12.6,0.0157,16.0,25903.0
2026-07-30T18:57:43.811Z,33.294,33.306,-7.4,7.4,0.0,0.0,0.0,0.0,0.0,1.0,1.0,0.0,1.0,0.0,0.0,0.0,8.0,6.0,0.0,0.0,0.0,0.0,0.0,0.0,0.0,0.0,5.0,12.0,1.0,12.05,5.01,2.5,1.49,-2.3000000000000003,0.2,2.3000000000000003,301.0,-0.1,-10.9,2.9000000000000004,10.4,-83.0,0.0,0.0,219.8,0.0,22.1,28.4,28.4,31.5,300.0,300.0,29.5,35.4,30.4,29.8,32.2,4.96,2.0,4.96,0.16,0.0,0.0,1027.0,8228.0,0.0,0.0,0.0,0.0,0.0,1.0,0.0,0.0,0.0,-0.001,0.0,0.5,0.0,-14.0,-12.8,0.0156,16.0,25903.0
2026-07-30T18:57:43.823Z,33.306,33.318,-7.5,7.4,0.0,0.0,0.0,0.0,0.0,1.0,1.0,0.0,1.0,0.0,0.0,0.0,8.0,6.0,0.0,0.0,0.0,0.0,0.0,0.0,0.0,0.0,6.0,12.0,1.0,12.05,5.01,2.5,1.49,-2.2,0.2,2.3000000000000003,301.1,-0.1,-10.3,4.0,11.0,-83.0,0.0,0.0,219.5,0.0,22.1,28.4,28.4,31.5,300.0,300.0,29.5,35.4,30.4,29.8,32.2,4.96,2.0,4.96,0.16,0.0,0.0,1027.0,8228.0,0.0,0.0,0.0,0.0,0.0,1.0,0.0,0.0,0.0,-0.001,0.0,1.5,0.0,-15.6,-12.9,0.0158,16.0,25903.0
2026-07-30T18:57:43.835Z,33.318,33.33,-7.5,7.4,0.0,0.0,0.0,0.0,0.0,1.0,1.0,0.0,1.0,0.0,0.0,0.0,8.0,6.0,0.0,0.0,0.0,0.0,0.0,0.0,0.0,0.0,2.0,12.0,1.0,12.05,5.01,2.5,1.49,-2.3000000000000003,0.2,2.4000000000000004,301.1,-0.1,-10.9,3.5,8.700000000000001,-83.0,0.0,0.0,219.6,0.0,22.1,28.4,28.4,31.5,300.0,300.0,29.5,35.4,30.4,29.8,32.2,4.95,1.99,4.96,0.16,0.0,0.0,1027.0,8228.0,0.0,0.0,0.0,0.0,0.0,1.0,0.0,0.0,0.0,-0.001,0.0,1.4,0.0,-12.5,-12.7,0.0153,16.0,25903.0
2026-07-30T18:57:43.847Z,33.33,33.342,-7.4,7.4,0.0,0.0,0.0,0.0,0.0,1.0,1.0,0.0,1.0,0.0,0.0,0.0,8.0,6.0,0.0,0.0,0.0,0.0,0.0,0.0,0.0,0.0,3.0,12.0,1.0,12.05,5.01,2.5,1.49,-2.3000000000000003,0.3,2.3000000000000003,301.1,-0.1,-10.9,2.3000000000000003,11.6,-83.0,0.0,0.0,219.7,0.0,22.1,28.4,28.4,31.5,300.0,300.0,29.5,35.4,30.4,29.8,32.2,4.95,1.99,4.96,0.16,0.0,0.0,1027.0,8228.0,0.0,0.0,0.0,0.0,0.0,1.0,0.0,0.0,0.0,-0.001,0.0,-0.1,0.0,-14.9,-12.8,0.0155,16.0,25903.0
2026-07-30T18:57:43.860Z,33.343,33.354,-7.4,7.4,0.0,0.0,0.0,0.0,0.0,1.0,1.0,0.0,1.0,0.0,0.0,0.0,8.0,6.0,0.0,0.0,0.0,0.0,0.0,0.0,0.0,0.0,4.0,12.0,1.0,12.04,5.0200000000000005,2.51,1.5,-2.3000000000000003,0.3,2.3000000000000003,301.1,-0.1,-11.4,1.7000000000000002,11.0,-83.0,0.0,0.0,219.8,0.0,22.1,28.5,28.5,31.5,300.0,300.0,29.5,35.2,30.4,29.9,32.0,4.95,2.0,4.97,0.16,0.0,0.0,1027.0,8228.0,0.0,0.0,0.0,0.0,0.0,1.0,0.0,0.0,0.0,-0.001,0.0,-0.6000000000000001,0.0,-13.8,-12.8,0.0155,16.0,25903.0
2026-07-30T18:57:43.871Z,33.354,33.366,-7.4,7.4,0.0,0.0,0.0,0.0,0.0,1.0,1.0,0.0,1.0,0.0,0.0,0.0,8.0,6.0,0.0,0.0,0.0,0.0,0.0,0.0,0.0,0.0,6.0,12.0,1.0,12.04,5.0200000000000005,2.51,1.5,-2.4000000000000004,0.2,2.4000000000000004,301.1,-0.1,-12.0,3.5,9.3,-83.0,0.0,0.0,219.7,0.0,22.1,28.5,28.5,31.5,300.0,300.0,29.5,35.2,30.4,29.9,32.0,4.95,2.0,4.97,0.16,0.0,0.0,1027.0,8228.0,0.0,0.0,0.0,0.0,0.0,1.0,0.0,0.0,0.0,-0.001,0.0,1.3,0.0,-13.1,-12.9,0.0167,16.0,25903.0
2026-07-30T18:57:43.883Z,33.366,33.378,-7.4,7.4,0.0,0.0,0.0,0.0,0.0,1.0,1.0,0.0,1.0,0.0,0.0,0.0,8.0,6.0,0.0,0.0,0.0,0.0,0.0,0.0,0.0,0.0,1.0,12.0,1.0,12.04,5.0200000000000005,2.51,1.5,-2.3000000000000003,0.2,2.3000000000000003,301.1,-0.1,-10.9,3.5,12.2,-83.0,0.0,0.0,219.6,0.0,22.1,28.5,28.5,31.5,300.0,300.0,29.5,35.2,30.4,29.9,32.0,4.95,2.0,4.97,0.16,0.0,0.0,1027.0,8228.0,0.0,0.0,0.0,0.0,0.0,1.0,0.0,0.0,0.0,-0.001,0.0,0.7000000000000001,0.0,-16.5,-12.8,0.016,16.0,25903.0
2026-07-30T18:57:43.895Z,33.378,33.39,-7.5,7.4,0.0,0.0,0.0,0.0,0.0,1.0,1.0,0.0,1.0,0.0,0.0,0.0,8.0,6.0,0.0,0.0,0.0,0.0,0.0,0.0,0.0,0.0,2.0,12.0,1.0,12.04,5.0200000000000005,2.51,1.5,-2.4000000000000004,0.2,2.4000000000000004,301.1,-0.1,-12.6,1.7000000000000002,9.3,-83.10000000000001,0.0,0.0,219.6,0.0,22.1,28.5,28.5,31.5,300.0,300.0,29.5,35.2,30.4,29.9,32.0,4.96,2.0,4.96,0.16,0.0,0.0,1027.0,8228.0,0.0,0.0,0.0,0.0,0.0,1.0,0.0,0.0,0.0,-0.001,0.0,-0.2,0.0,-11.8,-12.8,0.0164,16.0,25903.0
2026-07-30T18:57:43.906Z,33.389,33.402,-7.5,7.4,0.0,0.0,0.0,0.0,0.0,1.0,1.0,0.0,1.0,0.0,0.0,0.0,8.0,6.0,0.0,0.0,0.0,0.0,0.0,0.0,0.0,0.0,4.0,12.0,1.0,12.04,5.0200000000000005,2.51,1.5,-2.4000000000000004,0.3,2.4000000000000004,301.0,-0.1,-12.6,1.1,9.9,-83.10000000000001,0.0,0.0,219.7,0.0,22.1,28.5,28.5,31.5,300.0,300.0,29.5,35.2,30.4,29.9,32.0,4.95,2.0,4.97,0.16,0.0,0.0,1027.0,8228.0,0.0,0.0,0.0,0.0,0.0,1.0,0.0,0.0,0.0,-0.001,0.0,-0.8,0.0,-12.1,-12.8,0.0165,16.0,25903.0
2026-07-30T18:57:43.919Z,33.402,33.414,-7.5,7.4,0.0,0.0,0.0,0.0,0.0,1.0,1.0,0.0,1.0,0.0,0.0,0.0,8.0,6.0,0.0,0.0,0.0,0.0,0.0,0.0,0.0,0.0,5.0,12.0,1.0,12.04,5.0200000000000005,2.51,1.5,-2.3000000000000003,0.2,2.3000000000000003,301.0,-0.1,-11.4,3.5,11.0,-83.10000000000001,0.0,0.0,219.8,0.0,22.1,28.5,28.5,31.5,300.0,300.0,29.5,35.2,30.4,29.9,32.0,4.95,2.0,4.96,0.16,0.0,0.0,1027.0,8228.0,0.0,0.0,0.0,0.0,0.0,1.0,0.0,0.0,0.0,-0.001,0.0,0.9,0.0,-15.1,-12.7,0.0165,16.0,25903.0
2026-07-30T18:57:43.931Z,33.414,33.426,-7.4,7.4,0.0,0.0,0.0,0.0,0.0,1.0,1.0,0.0,1.0,0.0,0.0,0.0,8.0,6.0,0.0,0.0,0.0,0.0,0.0,0.0,0.0,0.0,6.0,12.0,1.0,12.04,5.0200000000000005,2.51,1.5,-2.4000000000000004,0.2,2.4000000000000004,301.1,0.0,-11.4,2.9000000000000004,9.3,-83.10000000000001,0.0,0.0,219.7,0.0,22.1,28.5,28.5,31.5,300.0,300.0,29.5,35.2,30.4,29.9,32.0,4.95,2.0,4.96,0.16,0.0,0.0,1027.0,8228.0,0.0,0.0,0.0,0.0,0.0,1.0,0.0,0.0,0.0,-0.001,0.0,-0.7000000000000001,0.0,-11.4,-12.7,0.0162,16.0,25903.0
2026-07-30T18:57:43.943Z,33.426,33.438,-7.4,7.4,0.0,0.0,0.0,0.0,0.0,1.0,1.0,0.0,1.0,0.0,0.0,0.0,8.0,6.0,0.0,0.0,0.0,0.0,0.0,0.0,0.0,0.0,1.0,12.0,1.0,12.04,5.0200000000000005,2.51,1.5,-2.4000000000000004,0.3,2.5,301.0,0.0,-11.4,1.1,9.3,-83.10000000000001,0.0,0.0,219.6,0.0,22.1,28.5,28.5,31.5,300.0,300.0,29.5,35.2,30.4,29.9,32.0,4.96,2.0,4.96,0.16,0.0,0.0,1027.0,8228.0,0.0,0.0,0.0,0.0,0.0,1.0,0.0,0.0,0.0,-0.001,0.0,0.3,0.0,-11.6,-12.8,0.0165,16.0,25903.0
2026-07-30T18:57:43.955Z,33.438,33.45,-7.4,7.4,0.0,0.0,0.0,0.0,0.0,1.0,1.0,0.0,1.0,0.0,0.0,0.0,8.0,6.0,0.0,0.0,0.0,0.0,0.0,0.0,0.0,0.0,2.0,12.0,1.0,12.04,5.0200000000000005,2.51,1.5,-2.3000000000000003,0.2,2.4000000000000004,301.1,0.0,-12.0,2.3000000000000003,8.1,-83.10000000000001,0.0,0.0,219.6,0.0,22.1,28.5,28.5,31.5,300.0,300.0,29.5,35.2,30.4,29.9,32.0,4.95,2.0,4.96,0.16,0.0,0.0,1027.0,8228.0,0.0,0.0,0.0,0.0,0.0,1.0,0.0,0.0,0.0,-0.001,0.0,0.0,0.0,-13.6,-12.9,0.0166,16.0,25903.0
2026-07-30T18:57:43.967Z,33.45,33.462,-7.5,7.4,0.0,0.0,0.0,0.0,0.0,1.0,1.0,0.0,1.0,0.0,0.0,0.0,8.0,6.0,0.0,0.0,0.0,0.0,0.0,0.0,0.0,0.0,3.0,12.0,1.0,12.06,5.0200000000000005,2.51,1.5,-2.4000000000000004,0.3,2.4000000000000004,301.0,0.0,-12.6,2.9000000000000004,8.700000000000001,-83.10000000000001,0.0,0.0,219.7,0.0,22.1,28.5,28.5,31.6,300.0,300.0,29.5,35.2,30.4,29.9,32.2,4.95,2.0,4.96,0.16,0.0,0.0,1027.0,8228.0,0.0,0.0,0.0,0.0,0.0,1.0,0.0,0.0,0.0,-0.001,0.0,-0.8,0.0,-12.1,-12.8,0.016,16.0,25903.0
2026-07-30T18:57:43.979Z,33.462,33.474000000000004,-7.5,7.4,0.0,0.0,0.0,0.0,0.0,1.0,1.0,0.0,1.0,0.0,0.0,0.0,8.0,6.0,0.0,0.0,0.0,0.0,0.0,0.0,0.0,0.0,5.0,12.0,1.0,12.06,5.0200000000000005,2.51,1.5,-2.4000000000000004,0.3,2.4000000000000004,301.1,0.0,-12.6,1.7000000000000002,9.9,-83.10000000000001,0.0,0.0,219.7,0.0,22.1,28.5,28.5,31.6,300.0,300.0,29.5,35.2,30.4,29.9,32.2,4.96,2.0,4.96,0.16,0.0,0.0,1027.0,8228.0,0.0,0.0,0.0,0.0,0.0,1.0,0.0,0.0,0.0,-0.001,0.0,-0.3,0.0,-12.5,-12.7,0.0163,16.0,25903.0
2026-07-30T18:57:43.991Z,33.474,33.486000000000004,-7.4,7.4,0.0,0.0,0.0,0.0,0.0,1.0,1.0,0.0,1.0,0.0,0.0,0.0,8.0,6.0,0.0,0.0,0.0,0.0,0.0,0.0,0.0,0.0,6.0,12.0,1.0,12.06,5.0200000000000005,2.51,1.5,-2.3000000000000003,0.2,2.4000000000000004,301.1,0.0,-12.0,2.3000000000000003,10.4,-83.10000000000001,0.0,0.0,219.6,0.0,22.1,28.5,28.5,31.6,300.0,300.0,29.5,35.2,30.4,29.9,32.2,4.95,2.0,4.96,0.16,0.0,0.0,1027.0,8228.0,0.0,0.0,0.0,0.0,0.0,1.0,0.0,0.0,0.0,-0.001,0.0,0.0,0.0,-13.6,-12.8,0.0162,16.0,25903.0
2026-07-30T18:57:44.003Z,33.486,33.498,-7.4,7.4,0.0,0.0,0.0,0.0,0.0,1.0,1.0,0.0,1.0,0.0,0.0,0.0,8.0,6.0,0.0,0.0,0.0,0.0,0.0,0.0,0.0,0.0,2.0,12.0,1.0,12.06,5.0200000000000005,2.51,1.5,-2.4000000000000004,0.3,2.4000000000000004,301.1,0.0,-12.6,1.7000000000000002,10.4,-83.10000000000001,0.0,0.0,219.5,0.0,22.1,28.5,28.5,31.6,300.0,300.0,29.5,35.2,30.4,29.9,32.2,4.95,2.0,4.96,0.16,0.0,0.0,1027.0,8228.0,0.0,0.0,0.0,0.0,0.0,1.0,0.0,0.0,0.0,-0.001,0.0,-0.4,0.0,-13.2,-12.8,0.016,16.0,25903.0
2026-07-30T18:57:44.015Z,33.498,33.51,-7.5,7.4,0.0,0.0,0.0,0.0,0.0,1.0,1.0,0.0,1.0,0.0,0.0,0.0,8.0,6.0,0.0,0.0,0.0,0.0,0.0,0.0,0.0,0.0,3.0,12.0,1.0,12.06,5.0200000000000005,2.51,1.5,-2.3000000000000003,0.2,2.3000000000000003,301.1,-0.1,-10.9,2.9000000000000004,10.4,-83.10000000000001,0.0,0.0,219.7,0.0,22.1,28.5,28.5,31.6,300.0,300.0,29.5,35.2,30.4,29.9,32.2,4.95,2.0,4.96,0.16,0.0,0.0,1027.0,8228.0,0.0,0.0,0.0,0.0,0.0,1.0,0.0,0.0,0.0,-0.001,0.0,0.5,0.0,-14.0,-12.8,0.0161,16.0,25903.0
2026-07-30T18:57:44.027Z,33.51,33.522,-7.5,7.4,0.0,0.0,0.0,0.0,0.0,1.0,1.0,0.0,1.0,0.0,0.0,0.0,8.0,6.0,0.0,0.0,0.0,0.0,0.0,0.0,0.0,0.0,5.0,12.0,1.0,12.06,5.0200000000000005,2.51,1.5,-2.3000000000000003,0.2,2.4000000000000004,300.90000000000003,-0.1,-12.0,2.9000000000000004,9.9,-83.10000000000001,0.0,0.0,219.7,0.0,22.1,28.5,28.5,31.6,300.0,300.0,29.5,35.2,30.4,29.9,32.2,4.95,2.0,4.96,0.16,0.0,0.0,1027.0,8228.0,0.0,0.0,0.0,0.0,0.0,1.0,0.0,0.0,0.0,-0.001,0.0,0.6000000000000001,0.0,-13.4,-12.7,0.0157,16.0,25903.0
2026-07-30T18:57:44.039Z,33.522,33.534,-7.5,7.4,0.0,0.0,0.0,0.0,0.0,1.0,1.0,0.0,1.0,0.0,0.0,0.0,8.0,6.0,0.0,0.0,0.0,0.0,0.0,0.0,0.0,0.0,6.0,12.0,1.0,12.06,5.0200000000000005,2.51,1.5,-2.3000000000000003,0.2,2.3000000000000003,300.90000000000003,-0.1,-11.4,2.9000000000000004,11.0,-83.10000000000001,0.0,0.0,219.7,0.0,22.1,28.5,28.5,31.6,300.0,300.0,29.5,35.2,30.4,29.9,32.2,4.95,2.0,4.97,0.16,0.0,0.0,1027.0,8228.0,0.0,0.0,0.0,0.0,0.0,1.0,0.0,0.0,0.0,-0.001,0.0,0.4,0.0,-14.7,-12.8,0.016,16.0,25903.0
2026-07-30T18:57:44.051Z,33.534,33.546,-7.5,7.4,0.0,0.0,0.0,0.0,0.0,1.0,1.0,0.0,1.0,0.0,0.0,0.0,8.0,6.0,0.0,0.0,0.0,0.0,0.0,0.0,0.0,0.0,2.0,12.0,1.0,12.06,5.0200000000000005,2.51,1.5,-2.3000000000000003,0.2,2.3000000000000003,301.0,0.0,-11.4,2.9000000000000004,11.0,-83.10000000000001,0.0,0.0,219.7,0.0,22.1,28.5,28.5,31.6,300.0,300.0,29.5,35.2,30.4,29.9,32.2,4.96,2.0,4.97,0.16,0.0,0.0,1027.0,8228.0,0.0,0.0,0.0,0.0,0.0,1.0,0.0,0.0,0.0,-0.001,0.0,0.4,0.0,-14.7,-12.7,0.0157,16.0,25903.0
2026-07-30T18:57:44.066Z,33.549,33.558,-7.4,7.4,0.0,0.0,0.0,0.0,0.0,1.0,1.0,0.0,1.0,0.0,0.0,0.0,8.0,6.0,0.0,0.0,0.0,0.0,0.0,0.0,0.0,0.0,3.0,12.0,1.0,12.04,5.01,2.5,1.5,-2.3000000000000003,0.2,2.3000000000000003,301.1,-0.1,-10.9,3.5,9.3,-83.10000000000001,0.0,0.0,219.7,0.0,22.1,28.5,28.5,31.6,300.0,300.0,29.5,35.300000000000004,30.4,29.9,32.2,4.96,2.0,4.96,0.15,0.0,0.0,1027.0,8228.0,0.0,0.0,0.0,0.0,0.0,1.0,0.0,0.0,0.0,-0.001,0.0,1.2000000000000002,0.0,-13.1,-12.7,0.0156,16.0,25903.0
2026-07-30T18:57:44.075Z,33.558,33.57,-7.4,7.4,0.0,0.0,0.0,0.0,0.0,1.0,1.0,0.0,1.0,0.0,0.0,0.0,8.0,6.0,0.0,0.0,0.0,0.0,0.0,0.0,0.0,0.0,3.0,12.0,1.0,12.04,5.01,2.5,1.5,-2.4000000000000004,0.3,2.4000000000000004,301.0,0.0,-12.0,1.7000000000000002,10.4,-83.10000000000001,0.0,0.0,219.8,0.0,22.1,28.5,28.5,31.6,300.0,300.0,29.5,35.300000000000004,30.4,29.9,32.2,4.95,2.0,4.96,0.16,0.0,0.0,1027.0,8228.0,0.0,0.0,0.0,0.0,0.0,1.0,0.0,0.0,0.0,-0.001,0.0,-0.5,0.0,-13.2,-12.8,0.0159,16.0,25903.0
2026-07-30T18:57:44.087Z,33.57,33.582,-7.4,7.4,0.0,0.0,0.0,0.0,0.0,1.0,1.0,0.0,1.0,0.0,0.0,0.0,8.0,6.0,0.0,0.0,0.0,0.0,0.0,0.0,0.0,0.0,4.0,12.0,1.0,12.04,5.01,2.5,1.5,-2.4000000000000004,0.2,2.4000000000000004,301.0,0.0,-12.6,2.3000000000000003,10.4,-83.10000000000001,0.0,0.0,219.6,0.0,22.1,28.5,28.5,31.6,300.0,300.0,29.5,35.300000000000004,30.4,29.9,32.2,4.96,2.0,4.96,0.16,0.0,0.0,1027.0,8228.0,0.0,0.0,0.0,0.0,0.0,1.0,0.0,0.0,0.0,-0.001,0.0,0.0,0.0,-13.6,-12.9,0.0162,16.0,25903.0
2026-07-30T18:57:44.101Z,33.584,33.594,-7.5,7.4,0.0,0.0,0.0,0.0,0.0,1.0,1.0,0.0,1.0,0.0,0.0,0.0,8.0,6.0,0.0,0.0,0.0,0.0,0.0,0.0,0.0,0.0,5.0,12.0,1.0,12.04,5.01,2.5,1.5,-2.3000000000000003,0.3,2.3000000000000003,301.0,0.0,-11.4,2.3000000000000003,12.2,-83.10000000000001,0.0,0.0,219.4,0.0,22.1,28.5,28.5,31.6,300.0,300.0,29.5,35.300000000000004,30.4,29.9,32.2,4.95,2.0,4.96,0.16,0.0,0.0,1027.0,8228.0,0.0,0.0,0.0,0.0,0.0,1.0,0.0,0.0,0.0,-0.001,0.0,-0.2,0.0,-15.6,-12.8,0.0161,16.0,25903.0
2026-07-30T18:57:44.111Z,33.594,33.606,-7.5,7.4,0.0,0.0,0.0,0.0,0.0,1.0,1.0,0.0,1.0,0.0,0.0,0.0,8.0,6.0,0.0,0.0,0.0,0.0,0.0,0.0,0.0,0.0,6.0,12.0,1.0,12.04,5.01,2.5,1.5,-2.3000000000000003,0.2,2.3000000000000003,301.1,-0.1,-12.0,2.9000000000000004,11.0,-83.10000000000001,0.0,0.0,219.7,0.0,22.1,28.5,28.5,31.6,300.0,300.0,29.5,35.300000000000004,30.4,29.9,32.2,4.95,2.0,4.97,0.16,0.0,0.0,1027.0,8228.0,0.0,0.0,0.0,0.0,0.0,1.0,0.0,0.0,0.0,-0.001,0.0,0.4,0.0,-14.7,-12.7,0.0155,16.0,25903.0
2026-07-30T18:57:44.122Z,33.605,33.618,-7.5,7.4,0.0,0.0,0.0,0.0,0.0,1.0,1.0,0.0,1.0,0.0,0.0,0.0,8.0,6.0,0.0,0.0,0.0,0.0,0.0,0.0,0.0,0.0,2.0,12.0,1.0,12.04,5.01,2.5,1.5,-2.3000000000000003,0.2,2.4000000000000004,301.1,0.0,-11.4,1.7000000000000002,9.9,-83.10000000000001,0.0,0.0,219.8,0.0,22.1,28.5,28.5,31.6,300.0,300.0,29.5,35.300000000000004,30.4,29.9,32.2,4.95,2.0,4.97,0.16,0.0,0.0,1027.0,8228.0,0.0,0.0,0.0,0.0,0.0,1.0,0.0,0.0,0.0,-0.001,0.0,-0.3,0.0,-12.5,-12.6,0.0154,16.0,25903.0
2026-07-30T18:57:44.135Z,33.618,33.63,-7.4,7.4,0.0,0.0,0.0,0.0,0.0,1.0,1.0,0.0,1.0,0.0,0.0,0.0,8.0,6.0,0.0,0.0,0.0,0.0,0.0,0.0,0.0,0.0,4.0,12.0,1.0,12.04,5.01,2.5,1.5,-2.4000000000000004,0.2,2.4000000000000004,301.0,0.0,-10.9,2.3000000000000003,9.9,-83.10000000000001,0.0,0.0,219.7,0.0,22.1,28.5,28.5,31.6,300.0,300.0,29.5,35.300000000000004,30.4,29.9,32.2,4.96,2.0,4.96,0.16,0.0,0.0,1027.0,8228.0,0.0,0.0,0.0,0.0,0.0,1.0,0.0,0.0,0.0,-0.001,0.0,0.1,0.0,-12.9,-12.7,0.016,16.0,25903.0
2026-07-30T18:57:44.147Z,33.63,33.642,-7.4,7.4,0.0,0.0,0.0,0.0,0.0,1.0,1.0,0.0,1.0,0.0,0.0,0.0,8.0,6.0,0.0,0.0,0.0,0.0,0.0,0.0,0.0,0.0,5.0,12.0,1.0,12.04,5.01,2.5,1.5,-2.4000000000000004,0.2,2.4000000000000004,301.0,0.0,-11.4,1.7000000000000002,8.700000000000001,-83.10000000000001,0.0,0.0,219.6,0.0,22.1,28.5,28.5,31.6,300.0,300.0,29.5,35.300000000000004,30.4,29.9,32.2,4.95,2.0,4.97,0.16,0.0,0.0,1027.0,8228.0,0.0,0.0,0.0,0.0,0.0,1.0,0.0,0.0,0.0,-0.001,0.0,-0.1,0.0,-11.2,-12.8,0.0161,16.0,25903.0
2026-07-30T18:57:44.159Z,33.642,33.654,-7.5,7.4,0.0,0.0,0.0,0.0,0.0,1.0,1.0,0.0,1.0,0.0,0.0,0.0,8.0,6.0,0.0,0.0,0.0,0.0,0.0,0.0,0.0,0.0,6.0,12.0,1.0,12.04,5.01,2.5,1.5,-2.3000000000000003,0.2,2.3000000000000003,301.1,0.0,-12.0,2.9000000000000004,10.4,-83.10000000000001,0.0,0.0,219.6,0.0,22.1,28.5,28.5,31.6,300.0,300.0,29.5,35.300000000000004,30.4,29.9,32.2,4.95,2.0,4.97,0.16,0.0,0.0,1027.0,8228.0,0.0,0.0,0.0,0.0,0.0,1.0,0.0,0.0,0.0,-0.001,0.0,0.5,0.0,-14.0,-12.8,0.0165,16.0,25903.0
2026-07-30T18:57:44.171Z,33.654,33.666000000000004,-7.4,7.4,0.0,0.0,0.0,0.0,0.0,1.0,1.0,0.0,1.0,0.0,0.0,0.0,8.0,6.0,0.0,0.0,0.0,0.0,0.0,0.0,0.0,0.0,1.0,12.0,1.0,12.01,5.0200000000000005,2.51,1.49,-2.4000000000000004,0.3,2.4000000000000004,301.0,0.0,-13.2,0.5,9.3,-83.10000000000001,0.0,0.0,219.7,0.0,22.1,28.6,28.5,31.6,300.0,300.0,29.5,35.4,30.4,29.9,32.300000000000004,4.95,2.0,4.97,0.16,0.0,0.0,1027.0,8228.0,0.0,0.0,0.0,0.0,0.0,1.0,0.0,0.0,0.0,-0.001,0.0,-1.3,0.0,-11.0,-12.7,0.0157,16.0,25903.0
2026-07-30T18:57:44.183Z,33.666,33.678,-7.4,7.4,0.0,0.0,0.0,0.0,0.0,1.0,1.0,0.0,1.0,0.0,0.0,0.0,8.0,6.0,0.0,0.0,0.0,0.0,0.0,0.0,0.0,0.0,2.0,12.0,1.0,12.01,5.0200000000000005,2.51,1.49,-2.4000000000000004,0.2,2.4000000000000004,301.1,0.0,-12.6,2.3000000000000003,8.700000000000001,-83.10000000000001,0.0,0.0,219.8,0.0,22.1,28.6,28.5,31.6,300.0,300.0,29.5,35.4,30.4,29.9,32.300000000000004,4.95,2.0,4.96,0.16,0.0,0.0,1027.0,8228.0,0.0,0.0,0.0,0.0,0.0,1.0,0.0,0.0,0.0,-0.001,0.0,0.3,0.0,-11.6,-12.8,0.0165,16.0,25903.0
2026-07-30T18:57:44.195Z,33.678,33.69,-7.4,7.4,0.0,0.0,0.0,0.0,0.0,1.0,1.0,0.0,1.0,0.0,0.0,0.0,8.0,6.0,0.0,0.0,0.0,0.0,0.0,0.0,0.0,0.0,3.0,12.0,1.0,12.01,5.0200000000000005,2.51,1.49,-2.4000000000000004,0.3,2.4000000000000004,301.1,0.0,-13.8,1.1,9.9,-83.2,0.0,0.0,219.8,0.0,22.1,28.6,28.5,31.6,300.0,300.0,29.5,35.4,30.4,29.9,32.300000000000004,4.96,2.0,4.96,0.16,0.0,0.0,1027.0,8228.0,0.0,0.0,0.0,0.0,0.0,1.0,0.0,0.0,0.0,-0.001,0.0,-0.9,0.0,-12.1,-12.8,0.0163,16.0,25903.0
2026-07-30T18:57:44.207Z,33.69,33.702,-7.5,7.4,0.0,0.0,0.0,0.0,0.0,1.0,1.0,0.0,1.0,0.0,0.0,0.0,8.0,6.0,0.0,0.0,0.0,0.0,0.0,0.0,0.0,0.0,4.0,12.0,1.0,12.01,5.0200000000000005,2.51,1.49,-2.4000000000000004,0.2,2.5,301.0,-0.1,-12.0,1.1,8.1,-83.2,0.0,0.0,219.8,0.0,22.1,28.6,28.5,31.6,300.0,300.0,29.5,35.4,30.4,29.9,32.300000000000004,4.96,2.0,4.96,0.16,0.0,0.0,1027.0,8228.0,0.0,0.0,0.0,0.0,0.0,1.0,0.0,0.0,0.0,-0.001,0.0,-0.5,0.0,-10.1,-12.8,0.0162,16.0,25903.0
2026-07-30T18:57:44.219Z,33.702,33.714,-7.5,7.4,0.0,0.0,0.0,0.0,0.0,1.0,1.0,0.0,1.0,0.0,0.0,0.0,8.0,6.0,0.0,0.0,0.0,0.0,0.0,0.0,0.0,0.0,5.0,12.0,1.0,12.01,5.0200000000000005,2.51,1.49,-2.4000000000000004,0.2,2.4000000000000004,301.1,-0.1,-12.0,1.7000000000000002,8.1,-83.2,0.0,0.0,219.7,0.0,22.1,28.6,28.5,31.6,300.0,300.0,29.5,35.4,30.4,29.9,32.300000000000004,4.96,2.0,4.96,0.15,0.0,0.0,1027.0,8228.0,0.0,0.0,0.0,0.0,0.0,1.0,0.0,0.0,0.0,-0.001,0.0,0.0,0.0,-10.5,-12.7,0.0167,16.0,25903.0
2026-07-30T18:57:44.231Z,33.714,33.726,-7.4,7.4,0.0,0.0,0.0,0.0,0.0,1.0,1.0,0.0,1.0,0.0,0.0,0.0,8.0,6.0,0.0,0.0,0.0,0.0,0.0,0.0,0.0,0.0,6.0,12.0,1.0,12.01,5.0200000000000005,2.51,1.49,-2.4000000000000004,0.3,2.5,301.1,-0.1,-12.6,1.1,8.1,-83.2,0.0,0.0,219.6,0.0,22.1,28.6,28.5,31.6,300.0,300.0,29.5,35.4,30.4,29.9,32.300000000000004,4.95,2.0,4.97,0.16,0.0,0.0,1027.0,8228.0,0.0,0.0,0.0,0.0,0.0,1.0,0.0,0.0,0.0,-0.001,0.0,-0.5,0.0,-10.1,-12.7,0.0165,16.0,25903.0
2026-07-30T18:57:44.243Z,33.726,33.738,-7.4,7.4,0.0,0.0,0.0,0.0,0.0,1.0,1.0,0.0,1.0,0.0,0.0,0.0,8.0,6.0,0.0,0.0,0.0,0.0,0.0,0.0,0.0,0.0,1.0,12.0,1.0,12.01,5.0200000000000005,2.51,1.49,-2.4000000000000004,0.2,2.4000000000000004,301.0,-0.1,-12.0,2.3000000000000003,9.3,-83.10000000000001,0.0,0.0,219.7,0.0,22.1,28.6,28.5,31.6,300.0,300.0,29.5,35.4,30.4,29.9,32.300000000000004,4.96,1.99,4.96,0.16,0.0,0.0,1027.0,8228.0,0.0,0.0,0.0,0.0,0.0,1.0,0.0,0.0,0.0,-0.001,0.0,0.2,0.0,-12.3,-12.8,0.0167,16.0,25903.0
2026-07-30T18:57:44.255Z,33.738,33.75,-7.4,7.4,0.0,0.0,0.0,0.0,0.0,1.0,1.0,0.0,1.0,0.0,0.0,0.0,8.0,6.0,0.0,0.0,0.0,0.0,0.0,0.0,0.0,0.0,2.0,12.0,1.0,12.01,5.0200000000000005,2.51,1.49,-2.4000000000000004,0.2,2.4000000000000004,301.1,-0.1,-13.2,2.3000000000000003,9.3,-83.2,0.0,0.0,219.7,0.0,22.1,28.6,28.5,31.6,300.0,300.0,29.5,35.4,30.4,29.9,32.300000000000004,4.96,2.0,4.97,0.16,0.0,0.0,1027.0,8228.0,0.0,0.0,0.0,0.0,0.0,1.0,0.0,0.0,0.0,-0.001,0.0,0.2,0.0,-12.3,-12.8,0.0162,16.0,25903.0
2026-07-30T18:57:44.268Z,33.751,33.762,-7.4,7.4,0.0,0.0,0.0,0.0,0.0,1.0,1.0,0.0,1.0,0.0,0.0,0.0,8.0,6.0,0.0,0.0,0.0,0.0,0.0,0.0,0.0,0.0,3.0,12.0,1.0,12.06,5.0200000000000005,2.51,1.5,-2.4000000000000004,0.2,2.4000000000000004,301.0,-0.1,-11.4,2.3000000000000003,9.9,-83.2,0.0,0.0,219.8,0.0,21.9,28.6,28.6,31.700000000000003,300.0,300.0,29.6,35.4,30.4,29.8,32.300000000000004,4.95,2.0,4.97,0.16,0.0,0.0,1027.0,8228.0,0.0,0.0,0.0,0.0,0.0,1.0,0.0,0.0,0.0,-0.001,0.0,0.1,0.0,-12.9,-12.8,0.0162,16.0,25903.0
2026-07-30T18:57:44.279Z,33.762,33.774,-7.4,7.4,0.0,0.0,0.0,0.0,0.0,1.0,1.0,0.0,1.0,0.0,0.0,0.0,8.0,6.0,0.0,0.0,0.0,0.0,0.0,0.0,0.0,0.0,4.0,12.0,1.0,12.06,5.0200000000000005,2.51,1.5,-2.4000000000000004,0.2,2.4000000000000004,301.0,-0.1,-12.0,2.3000000000000003,9.9,-83.2,0.0,0.0,219.7,0.0,21.9,28.6,28.6,31.700000000000003,300.0,300.0,29.6,35.4,30.4,29.8,32.300000000000004,4.96,2.0,4.97,0.16,0.0,0.0,1027.0,8228.0,0.0,0.0,0.0,0.0,0.0,1.0,0.0,0.0,0.0,-0.001,0.0,0.1,0.0,-12.9,-12.8,0.0161,16.0,25903.0
2026-07-30T18:57:44.291Z,33.774,33.786,-7.5,7.4,0.0,0.0,0.0,0.0,0.0,1.0,1.0,0.0,1.0,0.0,0.0,0.0,8.0,6.0,0.0,0.0,0.0,0.0,0.0,0.0,0.0,0.0,5.0,12.0,1.0,12.06,5.0200000000000005,2.51,1.5,-2.3000000000000003,0.2,2.3000000000000003,301.1,-0.1,-12.6,3.5,11.6,-83.2,0.0,0.0,219.7,0.0,21.9,28.6,28.6,31.700000000000003,300.0,300.0,29.6,35.4,30.4,29.8,32.300000000000004,4.96,2.0,4.96,0.16,0.0,0.0,1027.0,8228.0,0.0,0.0,0.0,0.0,0.0,1.0,0.0,0.0,0.0,-0.001,0.0,0.8,0.0,-15.8,-12.8,0.0162,16.0,25903.0
2026-07-30T18:57:44.303Z,33.786,33.798,-7.5,7.4,0.0,0.0,0.0,0.0,0.0,1.0,1.0,0.0,1.0,0.0,0.0,0.0,8.0,6.0,0.0,0.0,0.0,0.0,0.0,0.0,0.0,0.0,6.0,12.0,1.0,12.06,5.0200000000000005,2.51,1.5,-2.3000000000000003,0.2,2.4000000000000004,301.0,-0.1,-11.4,2.3000000000000003,9.9,-83.2,0.0,0.0,219.7,0.0,21.9,28.6,28.6,31.700000000000003,300.0,300.0,29.6,35.4,30.4,29.8,32.300000000000004,4.96,2.0,4.96,0.16,0.0,0.0,1027.0,8228.0,0.0,0.0,0.0,0.0,0.0,1.0,0.0,0.0,0.0,-0.001,0.0,0.1,0.0,-12.9,-12.8,0.0155,16.0,25903.0
2026-07-30T18:57:44.315Z,33.798,33.81,-7.5,7.4,0.0,0.0,0.0,0.0,0.0,1.0,1.0,0.0,1.0,0.0,0.0,0.0,8.0,6.0,0.0,0.0,0.0,0.0,0.0,0.0,0.0,0.0,1.0,12.0,1.0,12.06,5.0200000000000005,2.51,1.5,-2.3000000000000003,0.2,2.3000000000000003,301.1,-0.1,-10.9,2.9000000000000004,11.0,-83.10000000000001,0.0,0.0,219.7,0.0,21.9,28.6,28.6,31.700000000000003,300.0,300.0,29.6,35.4,30.4,29.8,32.300000000000004,4.95,2.0,4.96,0.16,0.0,0.0,1027.0,8228.0,0.0,0.0,0.0,0.0,0.0,1.0,0.0,0.0,0.0,-0.001,0.0,0.4,0.0,-14.7,-12.7,0.016,16.0,25903.0
2026-07-30T18:57:44.327Z,33.81,33.822,-7.5,7.4,0.0,0.0,0.0,0.0,0.0,1.0,1.0,0.0,1.0,0.0,0.0,0.0,8.0,6.0,0.0,0.0,0.0,0.0,0.0,0.0,0.0,0.0,2.0,12.0,1.0,12.06,5.0200000000000005,2.51,1.5,-2.2,0.2,2.3000000000000003,301.1,-0.1,-10.3,3.5,11.6,-83.10000000000001,0.0,0.0,219.7,0.0,21.9,28.6,28.6,31.700000000000003,300.0,300.0,29.6,35.4,30.4,29.8,32.300000000000004,4.95,2.0,4.96,0.16,0.0,0.0,1027.0,8228.0,0.0,0.0,0.0,0.0,0.0,1.0,0.0,0.0,0.0,-0.001,0.0,0.8,0.0,-15.8,-12.7,0.0156,16.0,25903.0
2026-07-30T18:57:44.339Z,33.822,33.834,-7.5,7.4,0.0,0.0,0.0,0.0,0.0,1.0,1.0,0.0,1.0,0.0,0.0,0.0,8.0,6.0,0.0,0.0,0.0,0.0,0.0,0.0,0.0,0.0,3.0,12.0,1.0,12.06,5.0200000000000005,2.51,1.5,-2.4000000000000004,0.3,2.4000000000000004,300.90000000000003,-0.1,-12.0,1.1,9.9,-83.10000000000001,0.0,0.0,219.6,0.0,21.9,28.6,28.6,31.700000000000003,300.0,300.0,29.6,35.4,30.4,29.8,32.300000000000004,4.95,2.0,4.96,0.16,0.0,0.0,1027.0,8228.0,0.0,0.0,0.0,0.0,0.0,1.0,0.0,0.0,0.0,-0.001,0.0,-0.8,0.0,-12.1,-12.8,0.0154,16.0,25903.0
2026-07-30T18:57:44.351Z,33.834,33.846000000000004,-7.5,7.4,0.0,0.0,0.0,0.0,0.0,1.0,1.0,0.0,1.0,0.0,0.0,0.0,8.0,6.0,0.0,0.0,0.0,0.0,0.0,0.0,0.0,0.0,4.0,12.0,1.0,12.06,5.0200000000000005,2.51,1.5,-2.3000000000000003,0.2,2.3000000000000003,301.1,-0.1,-11.4,2.9000000000000004,11.0,-83.10000000000001,0.0,0.0,219.7,0.0,21.9,28.6,28.6,31.700000000000003,300.0,300.0,29.6,35.4,30.4,29.8,32.300000000000004,4.95,2.0,4.96,0.16,0.0,0.0,1027.0,8228.0,0.0,0.0,0.0,0.0,0.0,1.0,0.0,0.0,0.0,-0.001,0.0,0.4,0.0,-14.7,-12.7,0.0164,16.0,25903.0
2026-07-30T18:57:44.363Z,33.846,33.858000000000004,-7.4,7.4,0.0,0.0,0.0,0.0,0.0,1.0,1.0,0.0,1.0,0.0,0.0,0.0,8.0,6.0,0.0,0.0,0.0,0.0,0.0,0.0,0.0,0.0,5.0,12.0,1.0,12.06,5.0200000000000005,2.51,1.5,-2.3000000000000003,0.2,2.3000000000000003,301.1,-0.1,-10.3,3.5,9.9,-83.10000000000001,0.0,0.0,219.7,0.0,21.9,28.6,28.6,31.700000000000003,300.0,300.0,29.6,35.4,30.4,29.8,32.300000000000004,4.96,2.0,4.96,0.16,0.0,0.0,1027.0,8228.0,0.0,0.0,0.0,0.0,0.0,1.0,0.0,0.0,0.0,-0.001,0.0,1.1,0.0,-13.8,-12.7,0.0154,16.0,25903.0
2026-07-30T18:57:44.375Z,33.858,33.87,-7.4,7.4,0.0,0.0,0.0,0.0,0.0,1.0,1.0,0.0,1.0,0.0,0.0,0.0,8.0,6.0,0.0,0.0,0.0,0.0,0.0,0.0,0.0,0.0,1.0,12.0,1.0,12.06,5.01,2.51,1.48,-2.3000000000000003,0.2,2.3000000000000003,301.0,-0.1,-11.4,3.5,11.0,-83.10000000000001,0.0,0.0,219.8,0.0,22.1,28.6,28.6,31.700000000000003,300.0,300.0,29.5,35.300000000000004,30.4,29.9,32.300000000000004,4.96,2.0,4.96,0.16,0.0,0.0,1027.0,8228.0,0.0,0.0,0.0,0.0,0.0,1.0,0.0,0.0,0.0,-0.001,0.0,0.9,0.0,-15.1,-12.8,0.0157,16.0,25903.0
2026-07-30T18:57:44.387Z,33.87,33.882,-7.4,7.4,0.0,0.0,0.0,0.0,0.0,1.0,1.0,0.0,1.0,0.0,0.0,0.0,8.0,6.0,0.0,0.0,0.0,0.0,0.0,0.0,0.0,0.0,1.0,12.0,1.0,12.06,5.01,2.51,1.48,-2.4000000000000004,0.2,2.4000000000000004,301.1,-0.1,-11.4,1.7000000000000002,9.3,-83.2,0.0,0.0,219.8,0.0,22.1,28.6,28.6,31.700000000000003,300.0,300.0,29.5,35.300000000000004,30.4,29.9,32.300000000000004,4.95,2.0,4.96,0.16,0.0,0.0,1027.0,8228.0,0.0,0.0,0.0,0.0,0.0,1.0,0.0,0.0,0.0,-0.001,0.0,-0.2,0.0,-11.8,-12.8,0.0162,16.0,25903.0
2026-07-30T18:57:44.399Z,33.882,33.894,-7.4,7.4,0.0,0.0,0.0,0.0,0.0,1.0,1.0,0.0,1.0,0.0,0.0,0.0,8.0,6.0,0.0,0.0,0.0,0.0,0.0,0.0,0.0,0.0,2.0,12.0,1.0,12.06,5.01,2.51,1.48,-2.4000000000000004,0.2,2.4000000000000004,301.1,0.0,-12.0,2.3000000000000003,9.3,-83.2,0.0,0.0,219.8,0.0,22.1,28.6,28.6,31.700000000000003,300.0,300.0,29.5,35.300000000000004,30.4,29.9,32.300000000000004,4.95,2.0,4.96,0.16,0.0,0.0,1027.0,8228.0,0.0,0.0,0.0,0.0,0.0,1.0,0.0,0.0,0.0,-0.001,0.0,0.2,0.0,-12.3,-12.8,0.0161,16.0,25903.0
2026-07-30T18:57:44.412Z,33.895,33.906,-7.4,7.4,0.0,0.0,0.0,0.0,0.0,1.0,1.0,0.0,1.0,0.0,0.0,0.0,8.0,6.0,0.0,0.0,0.0,0.0,0.0,0.0,0.0,0.0,4.0,12.0,1.0,12.06,5.01,2.51,1.48,-2.3000000000000003,0.2,2.4000000000000004,301.0,0.0,-11.4,2.9000000000000004,9.9,-83.2,0.0,0.0,219.8,0.0,22.1,28.6,28.6,31.700000000000003,300.0,300.0,29.5,35.300000000000004,30.4,29.9,32.300000000000004,4.95,2.0,4.96,0.16,0.0,0.0,1027.0,8228.0,0.0,0.0,0.0,0.0,0.0,1.0,0.0,0.0,0.0,-0.001,0.0,0.6000000000000001,0.0,-13.4,-12.8,0.0166,16.0,25903.0
2026-07-30T18:57:44.423Z,33.906,33.918,-7.4,7.4,0.0,0.0,0.0,0.0,0.0,1.0,1.0,0.0,1.0,0.0,0.0,0.0,8.0,6.0,0.0,0.0,0.0,0.0,0.0,0.0,0.0,0.0,4.0,12.0,1.0,12.06,5.01,2.51,1.48,-2.4000000000000004,0.2,2.4000000000000004,301.1,0.0,-12.6,1.7000000000000002,9.3,-83.2,0.0,0.0,219.7,0.0,22.1,28.6,28.6,31.700000000000003,300.0,300.0,29.5,35.300000000000004,30.4,29.9,32.300000000000004,4.95,2.0,4.96,0.16,0.0,0.0,1027.0,8228.0,0.0,0.0,0.0,0.0,0.0,1.0,0.0,0.0,0.0,-0.001,0.0,-0.2,0.0,-11.8,-12.9,0.0167,16.0,25903.0
2026-07-30T18:57:44.435Z,33.918,33.93,-7.4,7.4,0.0,0.0,0.0,0.0,0.0,1.0,1.0,0.0,1.0,0.0,0.0,0.0,8.0,6.0,0.0,0.0,0.0,0.0,0.0,0.0,0.0,0.0,5.0,12.0,1.0,12.06,5.01,2.51,1.48,-2.4000000000000004,0.3,2.4000000000000004,301.1,0.0,-12.6,1.7000000000000002,9.9,-83.2,0.0,0.0,219.7,0.0,22.1,28.6,28.6,31.700000000000003,300.0,300.0,29.5,35.300000000000004,30.4,29.9,32.300000000000004,4.96,2.0,4.97,0.16,0.0,0.0,1027.0,8228.0,0.0,0.0,0.0,0.0,0.0,1.0,0.0,0.0,0.0,-0.001,0.0,-0.3,0.0,-12.5,-12.8,0.0167,16.0,25903.0
2026-07-30T18:57:44.447Z,33.93,33.942,-7.5,7.4,0.0,0.0,0.0,0.0,0.0,1.0,1.0,0.0,1.0,0.0,0.0,0.0,8.0,6.0,0.0,0.0,0.0,0.0,0.0,0.0,0.0,0.0,6.0,12.0,1.0,12.06,5.01,2.51,1.48,-2.4000000000000004,0.2,2.4000000000000004,301.0,0.0,-12.0,2.9000000000000004,8.700000000000001,-83.2,0.0,0.0,219.7,0.0,22.1,28.6,28.6,31.700000000000003,300.0,300.0,29.5,35.300000000000004,30.4,29.9,32.300000000000004,4.96,2.0,4.96,0.16,0.0,0.0,1027.0,8228.0,0.0,0.0,0.0,0.0,0.0,1.0,0.0,0.0,0.0,-0.001,0.0,0.0,0.0,-13.6,-12.8,0.0165,16.0,25903.0
2026-07-30T18:57:44.459Z,33.942,33.954,-7.5,7.4,0.0,0.0,0.0,0.0,0.0,1.0,1.0,0.0,1.0,0.0,0.0,0.0,8.0,6.0,0.0,0.0,0.0,0.0,0.0,0.0,0.0,0.0,1.0,12.0,1.0,12.06,5.01,2.51,1.48,-2.4000000000000004,0.2,2.4000000000000004,301.1,0.0,-12.6,1.7000000000000002,9.3,-83.2,0.0,0.0,219.7,0.0,22.1,28.6,28.6,31.700000000000003,300.0,300.0,29.5,35.300000000000004,30.4,29.9,32.300000000000004,4.96,2.0,4.96,0.16,0.0,0.0,1027.0,8228.0,0.0,0.0,0.0,0.0,0.0,1.0,0.0,0.0,0.0,-0.001,0.0,-0.1,0.0,-11.2,-12.7,0.0159,16.0,25903.0
2026-07-30T18:57:44.472Z,33.955,33.966,-7.5,7.4,0.0,0.0,0.0,0.0,0.0,1.0,1.0,0.0,1.0,0.0,0.0,0.0,8.0,6.0,0.0,0.0,0.0,0.0,0.0,0.0,0.0,0.0,3.0,12.0,1.0,12.06,5.01,2.5,1.49,-2.4000000000000004,0.3,2.4000000000000004,301.1,0.0,-12.6,0.5,9.3,-83.2,0.0,0.0,219.9,0.0,22.1,28.6,28.6,31.700000000000003,300.0,300.0,29.6,35.2,30.4,30.0,32.4,4.95,2.0,4.97,0.16,0.0,0.0,1027.0,8228.0,0.0,0.0,0.0,0.0,0.0,1.0,0.0,0.0,0.0,-0.001,0.0,-0.8,0.0,-11.4,-12.7,0.0164,16.0,25903.0
2026-07-30T18:57:44.483Z,33.966,33.978,-7.4,7.4,0.0,0.0,0.0,0.0,0.0,1.0,1.0,0.0,1.0,0.0,0.0,0.0,8.0,6.0,0.0,0.0,0.0,0.0,0.0,0.0,0.0,0.0,4.0,12.0,1.0,12.06,5.01,2.5,1.49,-2.4000000000000004,0.3,2.4000000000000004,301.1,0.0,-13.2,1.1,8.700000000000001,-83.2,0.0,0.0,219.9,0.0,22.1,28.6,28.6,31.700000000000003,300.0,300.0,29.6,35.2,30.4,30.0,32.4,4.96,2.0,4.96,0.16,0.0,0.0,1027.0,8228.0,0.0,0.0,0.0,0.0,0.0,1.0,0.0,0.0,0.0,-0.001,0.0,-0.9,0.0,-12.1,-12.7,0.0163,16.0,25903.0
2026-07-30T18:57:44.495Z,33.978,33.99,-7.4,7.4,0.0,0.0,0.0,0.0,0.0,1.0,1.0,0.0,1.0,0.0,0.0,0.0,8.0,6.0,0.0,0.0,0.0,0.0,0.0,0.0,0.0,0.0,5.0,12.0,1.0,12.06,5.01,2.5,1.49,-2.3000000000000003,0.2,2.3000000000000003,300.90000000000003,0.0,-12.6,2.9000000000000004,10.4,-83.30000000000001,0.0,0.0,219.8,0.0,22.1,28.6,28.6,31.700000000000003,300.0,300.0,29.6,35.2,30.4,30.0,32.4,4.96,2.0,4.96,0.16,0.0,0.0,1027.0,8228.0,0.0,0.0,0.0,0.0,0.0,1.0,0.0,0.0,0.0,-0.001,0.0,0.5,0.0,-14.0,-12.8,0.0161,16.0,25903.0
2026-07-30T18:57:44.507Z,33.99,34.002,-7.4,7.4,0.0,0.0,0.0,0.0,0.0,1.0,1.0,0.0,1.0,0.0,0.0,0.0,8.0,6.0,0.0,0.0,0.0,0.0,0.0,0.0,0.0,0.0,6.0,12.0,1.0,12.06,5.01,2.5,1.49,-2.2,0.2,2.2,301.1,-0.1,-11.4,2.9000000000000004,13.4,-83.2,0.0,0.0,219.7,0.0,22.1,28.6,28.6,31.700000000000003,300.0,300.0,29.6,35.2,30.4,30.0,32.4,4.96,2.0,4.96,0.16,0.0,0.0,1027.0,8228.0,0.0,0.0,0.0,0.0,0.0,1.0,0.0,0.0,0.0,-0.001,0.0,0.0,0.0,-17.400000000000002,-12.8,0.0157,16.0,25903.0
2026-07-30T18:57:44.519Z,34.002,34.014,-7.5,7.4,0.0,0.0,0.0,0.0,0.0,1.0,1.0,0.0,1.0,0.0,0.0,0.0,8.0,6.0,0.0,0.0,0.0,0.0,0.0,0.0,0.0,0.0,1.0,12.0,1.0,12.06,5.01,2.5,1.49,-2.2,0.2,2.2,301.1,-0.1,-10.9,4.0,11.6,-83.2,0.0,0.0,219.7,0.0,22.1,28.6,28.6,31.700000000000003,300.0,300.0,29.6,35.2,30.4,30.0,32.4,4.95,2.0,4.97,0.16,0.0,0.0,1027.0,8228.0,0.0,0.0,0.0,0.0,0.0,1.0,0.0,0.0,0.0,-0.001,0.0,1.3,0.0,-16.2,-12.8,0.0151,16.0,25903.0
2026-07-30T18:57:44.531Z,34.014,34.026,-7.4,7.4,0.0,0.0,0.0,0.0,0.0,1.0,1.0,0.0,1.0,0.0,0.0,0.0,8.0,6.0,0.0,0.0,0.0,0.0,0.0,0.0,0.0,0.0,2.0,12.0,1.0,12.06,5.01,2.5,1.49,-2.3000000000000003,0.2,2.3000000000000003,301.0,0.0,-10.3,2.9000000000000004,11.0,-83.2,0.0,0.0,219.7,0.0,22.1,28.6,28.6,31.700000000000003,300.0,300.0,29.6,35.2,30.4,30.0,32.4,4.95,2.0,4.96,0.16,0.0,0.0,1027.0,8228.0,0.0,0.0,0.0,0.0,0.0,1.0,0.0,0.0,0.0,-0.001,0.0,0.4,0.0,-14.7,-12.7,0.0153,16.0,25903.0
2026-07-30T18:57:44.543Z,34.026,34.038000000000004,-7.5,7.4,0.0,0.0,0.0,0.0,0.0,1.0,1.0,0.0,1.0,0.0,0.0,0.0,8.0,6.0,0.0,0.0,0.0,0.0,0.0,0.0,0.0,0.0,3.0,12.0,1.0,12.06,5.01,2.5,1.49,-2.3000000000000003,0.2,2.4000000000000004,301.1,-0.1,-11.4,2.9000000000000004,8.700000000000001,-83.2,0.0,0.0,219.8,0.0,22.1,28.6,28.6,31.700000000000003,300.0,300.0,29.6,35.2,30.4,30.0,32.4,4.95,2.0,4.97,0.16,0.0,0.0,1027.0,8228.0,0.0,0.0,0.0,0.0,0.0,1.0,0.0,0.0,0.0,-0.001,0.0,0.8,0.0,-12.0,-12.8,0.0156,16.0,25903.0
2026-07-30T18:57:44.556Z,34.039,34.05,-7.4,7.4,0.0,0.0,0.0,0.0,0.0,1.0,1.0,0.0,1.0,0.0,0.0,0.0,8.0,6.0,0.0,0.0,0.0,0.0,0.0,0.0,0.0,0.0,4.0,12.0,1.0,12.06,5.01,2.5,1.49,-2.3000000000000003,0.2,2.4000000000000004,301.1,-0.1,-11.4,2.3000000000000003,9.9,-83.2,0.0,0.0,219.8,0.0,22.1,28.6,28.6,31.700000000000003,300.0,300.0,29.6,35.2,30.4,30.0,32.4,4.95,2.0,4.97,0.16,0.0,0.0,1027.0,8228.0,0.0,0.0,0.0,0.0,0.0,1.0,0.0,0.0,0.0,-0.001,0.0,0.1,0.0,-12.9,-12.7,0.016,16.0,25903.0
2026-07-30T18:57:44.567Z,34.05,34.062,-7.4,7.4,0.0,0.0,0.0,0.0,0.0,1.0,1.0,0.0,1.0,0.0,0.0,0.0,8.0,6.0,0.0,0.0,0.0,0.0,0.0,0.0,0.0,0.0,4.0,12.0,1.0,12.06,5.01,2.5,1.49,-2.3000000000000003,0.2,2.3000000000000003,301.1,-0.1,-10.9,2.3000000000000003,11.0,-83.2,0.0,0.0,219.9,0.0,22.1,28.6,28.6,31.700000000000003,300.0,300.0,29.6,35.2,30.4,30.0,32.4,4.96,2.0,4.96,0.16,0.0,0.0,1027.0,8228.0,0.0,0.0,0.0,0.0,0.0,1.0,0.0,0.0,0.0,-0.001,0.0,-0.1,0.0,-14.3,-12.8,0.0159,16.0,25903.0
2026-07-30T18:57:44.578Z,34.061,34.074,-7.4,7.4,0.0,0.0,0.0,0.0,0.0,1.0,1.0,0.0,1.0,0.0,0.0,0.0,8.0,6.0,0.0,0.0,0.0,0.0,0.0,0.0,0.0,0.0,5.0,12.0,1.0,12.04,5.0200000000000005,2.5,1.49,-2.3000000000000003,0.2,2.4000000000000004,301.1,0.0,-10.9,1.7000000000000002,9.9,-83.30000000000001,0.0,0.0,219.9,0.0,22.3,28.700000000000003,28.700000000000003,31.700000000000003,300.0,300.0,29.6,35.4,30.5,30.0,32.4,4.95,2.0,4.97,0.16,0.0,0.0,1027.0,8228.0,0.0,0.0,0.0,0.0,0.0,1.0,0.0,0.0,0.0,-0.001,0.0,-0.4,0.0,-12.5,-12.8,0.0157,16.0,25903.0
2026-07-30T18:57:44.591Z,34.074,34.086,-7.4,7.4,0.0,0.0,0.0,0.0,0.0,1.0,1.0,0.0,1.0,0.0,0.0,0.0,8.0,6.0,0.0,0.0,0.0,0.0,0.0,0.0,0.0,0.0,1.0,12.0,1.0,12.04,5.0200000000000005,2.5,1.49,-2.3000000000000003,0.2,2.3000000000000003,301.0,0.0,-11.4,3.5,9.9,-83.30000000000001,0.0,0.0,219.9,0.0,22.3,28.700000000000003,28.700000000000003,31.700000000000003,300.0,300.0,29.6,35.4,30.5,30.0,32.4,4.95,2.0,4.97,0.16,0.0,0.0,1027.0,8228.0,0.0,0.0,0.0,0.0,0.0,1.0,0.0,0.0,0.0,-0.001,0.0,1.1,0.0,-13.8,-12.8,0.016,16.0,25903.0
2026-07-30T18:57:44.603Z,34.086,34.098,-7.4,7.4,0.0,0.0,0.0,0.0,0.0,1.0,1.0,0.0,1.0,0.0,0.0,0.0,8.0,6.0,0.0,0.0,0.0,0.0,0.0,0.0,0.0,0.0,2.0,12.0,1.0,12.04,5.0200000000000005,2.5,1.49,-2.3000000000000003,0.2,2.3000000000000003,301.1,0.0,-12.0,2.3000000000000003,11.6,-83.30000000000001,0.0,0.0,219.7,0.0,22.3,28.700000000000003,28.700000000000003,31.700000000000003,300.0,300.0,29.6,35.4,30.5,30.0,32.4,4.96,2.0,4.97,0.16,0.0,0.0,1027.0,8228.0,0.0,0.0,0.0,0.0,0.0,1.0,0.0,0.0,0.0,-0.001,0.0,-0.1,0.0,-14.9,-12.8,0.0158,16.0,25903.0
2026-07-30T18:57:44.615Z,34.098,34.11,-7.4,7.4,0.0,0.0,0.0,0.0,0.0,1.0,1.0,0.0,1.0,0.0,0.0,0.0,8.0,6.0,0.0,0.0,0.0,0.0,0.0,0.0,0.0,0.0,3.0,12.0,1.0,12.04,5.0200000000000005,2.5,1.49,-2.4000000000000004,0.2,2.4000000000000004,301.1,0.0,-11.4,1.7000000000000002,8.700000000000001,-83.30000000000001,0.0,0.0,219.8,0.0,22.3,28.700000000000003,28.700000000000003,31.700000000000003,300.0,300.0,29.6,35.4,30.5,30.0,32.4,4.96,2.0,4.96,0.16,0.0,0.0,1027.0,8228.0,0.0,0.0,0.0,0.0,0.0,1.0,0.0,0.0,0.0,-0.001,0.0,-0.1,0.0,-11.2,-12.8,0.0156,16.0,25903.0
2026-07-30T18:57:44.627Z,34.11,34.122,-7.4,7.4,0.0,0.0,0.0,0.0,0.0,1.0,1.0,0.0,1.0,0.0,0.0,0.0,8.0,6.0,0.0,0.0,0.0,0.0,0.0,0.0,0.0,0.0,5.0,12.0,1.0,12.04,5.0200000000000005,2.5,1.49,-2.4000000000000004,0.3,2.4000000000000004,300.90000000000003,0.0,-12.0,1.1,8.700000000000001,-83.30000000000001,0.0,0.0,219.7,0.0,22.3,28.700000000000003,28.700000000000003,31.700000000000003,300.0,300.0,29.6,35.4,30.5,30.0,32.4,4.95,2.0,4.96,0.16,0.0,0.0,1027.0,8228.0,0.0,0.0,0.0,0.0,0.0,1.0,0.0,0.0,0.0,-0.001,0.0,-0.6000000000000001,0.0,-10.8,-12.8,0.0164,16.0,25903.0
2026-07-30T18:57:44.639Z,34.122,34.134,-7.4,7.4,0.0,0.0,0.0,0.0,0.0,1.0,1.0,0.0,1.0,0.0,0.0,0.0,8.0,6.0,0.0,0.0,0.0,0.0,0.0,0.0,0.0,0.0,6.0,12.0,1.0,12.04,5.0200000000000005,2.5,1.49,-2.4000000000000004,0.2,2.4000000000000004,301.1,0.0,-11.4,2.3000000000000003,8.1,-83.30000000000001,0.0,0.0,219.7,0.0,22.3,28.700000000000003,28.700000000000003,31.700000000000003,300.0,300.0,29.6,35.4,30.5,30.0,32.4,4.95,2.0,4.96,0.17,0.0,0.0,1027.0,8228.0,0.0,0.0,0.0,0.0,0.0,1.0,0.0,0.0,0.0,-0.001,0.0,0.4,0.0,-10.9,-12.8,0.0166,16.0,25903.0
2026-07-30T18:57:44.651Z,34.134,34.146,-7.5,7.4,0.0,0.0,0.0,0.0,0.0,1.0,1.0,0.0,1.0,0.0,0.0,0.0,8.0,6.0,0.0,0.0,0.0,0.0,0.0,0.0,0.0,0.0,1.0,12.0,1.0,12.04,5.0200000000000005,2.5,1.49,-2.3000000000000003,0.2,2.3000000000000003,301.1,0.0,-11.4,2.3000000000000003,11.0,-83.30000000000001,0.0,0.0,219.7,0.0,22.3,28.700000000000003,28.700000000000003,31.700000000000003,300.0,300.0,29.6,35.4,30.5,30.0,32.4,4.96,2.0,4.96,0.16,0.0,0.0,1027.0,8228.0,0.0,0.0,0.0,0.0,0.0,1.0,0.0,0.0,0.0,-0.001,0.0,0.0,0.0,-14.3,-12.8,0.0164,16.0,25903.0
2026-07-30T18:57:44.663Z,34.146,34.158,-7.4,7.4,0.0,0.0,0.0,0.0,0.0,1.0,1.0,0.0,1.0,0.0,0.0,0.0,8.0,6.0,0.0,0.0,0.0,0.0,0.0,0.0,0.0,0.0,3.0,12.0,1.0,12.04,5.0200000000000005,2.5,1.49,-2.4000000000000004,0.3,2.4000000000000004,300.90000000000003,0.0,-12.6,1.1,9.9,-83.30000000000001,0.0,0.0,219.8,0.0,22.3,28.700000000000003,28.700000000000003,31.700000000000003,300.0,300.0,29.6,35.4,30.5,30.0,32.4,4.95,2.0,4.96,0.16,0.0,0.0,1027.0,8228.0,0.0,0.0,0.0,0.0,0.0,1.0,0.0,0.0,0.0,-0.001,0.0,-0.9,0.0,-12.1,-12.7,0.0157,16.0,25903.0
2026-07-30T18:57:44.676Z,34.159,34.17,-7.5,7.4,0.0,0.0,0.0,0.0,0.0,1.0,1.0,0.0,1.0,0.0,0.0,0.0,8.0,6.0,0.0,0.0,0.0,0.0,0.0,0.0,0.0,0.0,4.0,12.0,1.0,12.06,5.0200000000000005,2.5,1.49,-2.4000000000000004,0.3,2.5,301.1,0.0,-12.6,1.1,8.1,-83.2,0.0,0.0,219.7,0.0,21.9,28.700000000000003,28.700000000000003,31.700000000000003,300.0,300.0,29.6,35.5,30.6,30.0,32.4,4.96,2.0,4.96,0.16,0.0,0.0,1027.0,8228.0,0.0,0.0,0.0,0.0,0.0,1.0,0.0,0.0,0.0,-0.001,0.0,-0.5,0.0,-10.1,-12.8,0.0163,16.0,25903.0
2026-07-30T18:57:44.686Z,34.169,34.182,-7.5,7.4,0.0,0.0,0.0,0.0,0.0,1.0,1.0,0.0,1.0,0.0,0.0,0.0,8.0,6.0,0.0,0.0,0.0,0.0,0.0,0.0,0.0,0.0,6.0,12.0,1.0,12.06,5.0200000000000005,2.5,1.49,-2.4000000000000004,0.3,2.5,301.1,0.0,-13.2,0.5,8.1,-83.2,0.0,0.0,219.6,0.0,21.9,28.700000000000003,28.700000000000003,31.700000000000003,300.0,300.0,29.6,35.5,30.6,30.0,32.4,4.96,2.0,4.96,0.16,0.0,0.0,1027.0,8228.0,0.0,0.0,0.0,0.0,0.0,1.0,0.0,0.0,0.0,-0.001,0.0,-1.0,0.0,-9.7,-12.8,0.0167,16.0,25903.0
2026-07-30T18:57:44.699Z,34.182,34.194,-7.5,7.4,0.0,0.0,0.0,0.0,0.0,1.0,1.0,0.0,1.0,0.0,0.0,0.0,8.0,6.0,0.0,0.0,0.0,0.0,0.0,0.0,0.0,0.0,1.0,12.0,1.0,12.06,5.0200000000000005,2.5,1.49,-2.4000000000000004,0.2,2.4000000000000004,301.1,-0.1,-13.2,2.3000000000000003,8.700000000000001,-83.2,0.0,0.0,219.6,0.0,21.9,28.700000000000003,28.700000000000003,31.700000000000003,300.0,300.0,29.6,35.5,30.6,30.0,32.4,4.95,2.0,4.96,0.16,0.0,0.0,1027.0,8228.0,0.0,0.0,0.0,0.0,0.0,1.0,0.0,0.0,0.0,-0.001,0.0,0.3,0.0,-11.6,-12.7,0.0167,16.0,25903.0
2026-07-30T18:57:44.711Z,34.194,34.206,-7.4,7.4,0.0,0.0,0.0,0.0,0.0,1.0,1.0,0.0,1.0,0.0,0.0,0.0,8.0,6.0,0.0,0.0,0.0,0.0,0.0,0.0,0.0,0.0,1.0,12.0,1.0,12.06,5.0200000000000005,2.5,1.49,-2.5,0.3,2.5,301.1,0.0,-13.8,0.0,6.9,-83.2,0.0,0.0,219.7,0.0,21.9,28.700000000000003,28.700000000000003,31.700000000000003,300.0,300.0,29.6,35.5,30.6,30.0,32.4,4.95,2.0,4.97,0.16,0.0,0.0,1027.0,8228.0,0.0,0.0,0.0,0.0,0.0,1.0,0.0,0.0,0.0,-0.001,0.0,-1.3,0.0,-7.9,-12.7,0.0162,16.0,25903.0
2026-07-30T18:57:44.729Z,34.212,34.218,-7.4,7.4,0.0,0.0,0.0,0.0,0.0,1.0,1.0,0.0,1.0,0.0,0.0,0.0,8.0,6.0,0.0,0.0,0.0,0.0,0.0,0.0,0.0,0.0,2.0,12.0,1.0,12.06,5.0200000000000005,2.5,1.49,-2.4000000000000004,0.3,2.4000000000000004,301.1,-0.1,-12.6,1.1,9.3,-83.2,0.0,0.0,219.7,0.0,21.9,28.700000000000003,28.700000000000003,31.700000000000003,300.0,300.0,29.6,35.5,30.6,30.0,32.4,4.95,2.0,4.96,0.16,0.0,0.0,1027.0,8228.0,0.0,0.0,0.0,0.0,0.0,1.0,0.0,0.0,0.0,-0.001,0.0,-0.7000000000000001,0.0,-11.4,-12.9,0.0172,16.0,25903.0
2026-07-30T18:57:44.735Z,34.218,34.230000000000004,-7.4,7.4,0.0,0.0,0.0,0.0,0.0,1.0,1.0,0.0,1.0,0.0,0.0,0.0,8.0,6.0,0.0,0.0,0.0,0.0,0.0,0.0,0.0,0.0,6.0,12.0,1.0,12.06,5.0200000000000005,2.5,1.49,-2.4000000000000004,0.2,2.4000000000000004,300.90000000000003,-0.1,-12.0,2.9000000000000004,9.3,-83.2,0.0,0.0,219.7,0.0,21.9,28.700000000000003,28.700000000000003,31.700000000000003,300.0,300.0,29.6,35.5,30.6,30.0,32.4,4.95,2.0,4.96,0.16,0.0,0.0,1027.0,8228.0,0.0,0.0,0.0,0.0,0.0,1.0,0.0,0.0,0.0,-0.001,0.0,0.7000000000000001,0.0,-12.7,-12.8,0.0164,16.0,25903.0
2026-07-30T18:57:44.746Z,34.229,34.242,-7.5,7.4,0.0,0.0,0.0,0.0,0.0,1.0,1.0,0.0,1.0,0.0,0.0,0.0,8.0,6.0,0.0,0.0,0.0,0.0,0.0,0.0,0.0,0.0,2.0,12.0,1.0,12.06,5.0200000000000005,2.5,1.49,-2.4000000000000004,0.2,2.4000000000000004,301.1,-0.1,-11.4,2.3000000000000003,8.700000000000001,-83.2,0.0,0.0,219.6,0.0,21.9,28.700000000000003,28.700000000000003,31.700000000000003,300.0,300.0,29.6,35.5,30.6,30.0,32.4,4.95,2.0,4.96,0.16,0.0,0.0,1027.0,8228.0,0.0,0.0,0.0,0.0,0.0,1.0,0.0,0.0,0.0,-0.001,0.0,0.3,0.0,-11.6,-12.9,0.0162,16.0,25903.0
2026-07-30T18:57:44.759Z,34.242,34.254,-7.4,7.4,0.0,0.0,0.0,0.0,0.0,1.0,1.0,0.0,1.0,0.0,0.0,0.0,8.0,6.0,0.0,0.0,0.0,0.0,0.0,0.0,0.0,0.0,3.0,12.0,1.0,12.06,5.0200000000000005,2.5,1.49,-2.4000000000000004,0.3,2.4000000000000004,301.1,-0.1,-12.6,1.7000000000000002,9.3,-83.2,0.0,0.0,219.6,0.0,21.9,28.700000000000003,28.700000000000003,31.700000000000003,300.0,300.0,29.6,35.5,30.6,30.0,32.4,4.95,2.0,4.97,0.16,0.0,0.0,1027.0,8228.0,0.0,0.0,0.0,0.0,0.0,1.0,0.0,0.0,0.0,-0.001,0.0,-0.2,0.0,-11.8,-12.8,0.0164,16.0,25903.0
2026-07-30T18:57:44.771Z,34.254,34.266,-7.5,7.4,0.0,0.0,0.0,0.0,0.0,1.0,1.0,0.0,1.0,0.0,0.0,0.0,8.0,6.0,0.0,0.0,0.0,0.0,0.0,0.0,0.0,0.0,5.0,12.0,1.0,12.06,5.0200000000000005,2.5,1.49,-2.4000000000000004,0.3,2.4000000000000004,301.1,-0.1,-12.0,1.7000000000000002,9.9,-83.2,0.0,0.0,219.7,0.0,21.9,28.700000000000003,28.700000000000003,31.700000000000003,300.0,300.0,29.6,35.5,30.6,30.0,32.4,4.96,2.0,4.96,0.16,0.0,0.0,1027.0,8228.0,0.0,0.0,0.0,0.0,0.0,1.0,0.0,0.0,0.0,-0.001,0.0,-0.3,0.0,-12.5,-12.8,0.0164,16.0,25903.0
2026-07-30T18:57:44.783Z,34.266,34.278,-7.5,7.4,0.0,0.0,0.0,0.0,0.0,1.0,1.0,0.0,1.0,0.0,0.0,0.0,8.0,6.0,0.0,0.0,0.0,0.0,0.0,0.0,0.0,0.0,1.0,12.0,1.0,12.02,5.0200000000000005,2.5,1.49,-2.3000000000000003,0.2,2.3000000000000003,301.1,-0.1,-10.9,1.7000000000000002,11.0,-83.2,0.0,0.0,219.7,0.0,22.1,28.700000000000003,28.700000000000003,31.8,300.0,300.0,29.700000000000003,35.5,30.6,30.1,32.300000000000004,4.96,2.0,4.96,0.16,0.0,0.0,1027.0,8228.0,0.0,0.0,0.0,0.0,0.0,1.0,0.0,0.0,0.0,-0.001,0.0,-0.5,0.0,-13.9,-12.8,0.0162,16.0,25903.0
2026-07-30T18:57:44.794Z,34.277,34.29,-7.4,7.4,0.0,0.0,0.0,0.0,0.0,1.0,1.0,0.0,1.0,0.0,0.0,0.0,8.0,6.0,0.0,0.0,0.0,0.0,0.0,0.0,0.0,0.0,2.0,12.0,1.0,12.02,5.0200000000000005,2.5,1.49,-2.3000000000000003,0.2,2.3000000000000003,301.1,-0.1,-10.9,2.9000000000000004,10.4,-83.2,0.0,0.0,219.6,0.0,22.1,28.700000000000003,28.700000000000003,31.8,300.0,300.0,29.700000000000003,35.5,30.6,30.1,32.300000000000004,4.95,2.0,4.96,0.16,0.0,0.0,1027.0,8228.0,0.0,0.0,0.0,0.0,0.0,1.0,0.0,0.0,0.0,-0.001,0.0,0.5,0.0,-14.0,-12.7,0.0159,16.0,25903.0
2026-07-30T18:57:44.807Z,34.29,34.302,-7.5,7.4,0.0,0.0,0.0,0.0,0.0,1.0,1.0,0.0,1.0,0.0,0.0,0.0,8.0,6.0,0.0,0.0,0.0,0.0,0.0,0.0,0.0,0.0,3.0,12.0,1.0,12.02,5.0200000000000005,2.5,1.49,-2.2,0.2,2.2,301.1,-0.1,-11.4,3.5,12.8,-83.2,0.0,0.0,219.7,0.0,22.1,28.700000000000003,28.700000000000003,31.8,300.0,300.0,29.700000000000003,35.5,30.6,30.1,32.300000000000004,4.95,2.0,4.97,0.16,0.0,0.0,1027.0,8228.0,0.0,0.0,0.0,0.0,0.0,1.0,0.0,0.0,0.0,-0.001,0.0,0.6000000000000001,0.0,-17.1,-12.8,0.0159,16.0,25903.0
2026-07-30T18:57:44.819Z,34.302,34.314,-7.5,7.4,0.0,0.0,0.0,0.0,0.0,1.0,1.0,0.0,1.0,0.0,0.0,0.0,8.0,6.0,0.0,0.0,0.0,0.0,0.0,0.0,0.0,0.0,5.0,12.0,1.0,12.02,5.0200000000000005,2.5,1.49,-2.3000000000000003,0.2,2.4000000000000004,301.1,-0.1,-11.4,2.3000000000000003,9.9,-83.2,0.0,0.0,219.7,0.0,22.1,28.700000000000003,28.700000000000003,31.8,300.0,300.0,29.700000000000003,35.5,30.6,30.1,32.300000000000004,4.96,2.0,4.96,0.16,0.0,0.0,1027.0,8228.0,0.0,0.0,0.0,0.0,0.0,1.0,0.0,0.0,0.0,-0.001,0.0,0.1,0.0,-12.9,-12.8,0.0152,16.0,25903.0
2026-07-30T18:57:44.831Z,34.314,34.326,-7.5,7.4,0.0,0.0,0.0,0.0,0.0,1.0,1.0,0.0,1.0,0.0,0.0,0.0,8.0,6.0,0.0,0.0,0.0,0.0,0.0,0.0,0.0,0.0,6.0,12.0,1.0,12.02,5.0200000000000005,2.5,1.49,-2.3000000000000003,0.2,2.3000000000000003,301.0,-0.1,-12.0,2.3000000000000003,9.9,-83.2,0.0,0.0,219.8,0.0,22.1,28.700000000000003,28.700000000000003,31.8,300.0,300.0,29.700000000000003,35.5,30.6,30.1,32.300000000000004,4.96,2.0,4.96,0.16,0.0,0.0,1027.0,8228.0,0.0,0.0,0.0,0.0,0.0,1.0,0.0,0.0,0.0,-0.001,0.0,0.1,0.0,-12.9,-12.7,0.016,16.0,25903.0
2026-07-30T18:57:44.843Z,34.326,34.338,-7.5,7.4,0.0,0.0,0.0,0.0,0.0,1.0,1.0,0.0,1.0,0.0,0.0,0.0,8.0,6.0,0.0,0.0,0.0,0.0,0.0,0.0,0.0,0.0,1.0,12.0,1.0,12.02,5.0200000000000005,2.5,1.49,-2.2,0.2,2.3000000000000003,301.0,-0.1,-11.4,4.0,11.0,-83.2,0.0,0.0,219.8,0.0,22.1,28.700000000000003,28.700000000000003,31.8,300.0,300.0,29.700000000000003,35.5,30.6,30.1,32.300000000000004,4.96,2.0,4.96,0.16,0.0,0.0,1027.0,8228.0,0.0,0.0,0.0,0.0,0.0,1.0,0.0,0.0,0.0,-0.001,0.0,1.4,0.0,-15.6,-12.7,0.0159,16.0,25903.0
2026-07-30T18:57:44.855Z,34.338,34.35,-7.4,7.4,0.0,0.0,0.0,0.0,0.0,1.0,1.0,0.0,1.0,0.0,0.0,0.0,8.0,6.0,0.0,0.0,0.0,0.0,0.0,0.0,0.0,0.0,2.0,12.0,1.0,12.02,5.0200000000000005,2.5,1.49,-2.4000000000000004,0.2,2.4000000000000004,301.1,-0.1,-12.0,2.9000000000000004,9.3,-83.2,0.0,0.0,219.8,0.0,22.1,28.700000000000003,28.700000000000003,31.8,300.0,300.0,29.700000000000003,35.5,30.6,30.1,32.300000000000004,4.96,2.0,4.96,0.16,0.0,0.0,1027.0,8228.0,0.0,0.0,0.0,0.0,0.0,1.0,0.0,0.0,0.0,-0.001,0.0,0.7000000000000001,0.0,-12.7,-12.7,0.0156,16.0,25903.0
2026-07-30T18:57:44.867Z,34.35,34.362,-7.4,7.4,0.0,0.0,0.0,0.0,0.0,1.0,1.0,0.0,1.0,0.0,0.0,0.0,8.0,6.0,0.0,0.0,0.0,0.0,0.0,0.0,0.0,0.0,3.0,12.0,1.0,12.02,5.0200000000000005,2.5,1.49,-2.3000000000000003,0.3,2.3000000000000003,300.90000000000003,-0.1,-11.4,1.7000000000000002,11.0,-83.2,0.0,0.0,219.7,0.0,22.1,28.700000000000003,28.700000000000003,31.8,300.0,300.0,29.700000000000003,35.5,30.6,30.1,32.300000000000004,4.95,2.0,4.97,0.16,0.0,0.0,1027.0,8228.0,0.0,0.0,0.0,0.0,0.0,1.0,0.0,0.0,0.0,-0.001,0.0,-0.5,0.0,-13.9,-12.9,0.0162,16.0,25903.0
2026-07-30T18:57:44.880Z,34.363,34.374,-7.5,7.4,0.0,0.0,0.0,0.0,0.0,1.0,1.0,0.0,1.0,0.0,0.0,0.0,8.0,6.0,0.0,0.0,0.0,0.0,0.0,0.0,0.0,0.0,4.0,12.0,1.0,12.06,5.01,2.5,1.49,-2.4000000000000004,0.2,2.4000000000000004,301.1,-0.1,-11.4,1.7000000000000002,9.3,-83.2,0.0,0.0,219.7,0.0,22.200000000000003,28.700000000000003,28.700000000000003,31.8,300.0,300.0,29.6,35.2,30.6,30.1,32.4,4.95,2.0,4.96,0.16,0.0,0.0,1027.0,8228.0,0.0,0.0,0.0,0.0,0.0,1.0,0.0,0.0,0.0,-0.001,0.0,-0.2,0.0,-11.8,-12.8,0.0159,16.0,25903.0
2026-07-30T18:57:44.891Z,34.374,34.386,-7.4,7.4,0.0,0.0,0.0,0.0,0.0,1.0,1.0,0.0,1.0,0.0,0.0,0.0,8.0,6.0,0.0,0.0,0.0,0.0,0.0,0.0,0.0,0.0,5.0,12.0,1.0,12.06,5.01,2.5,1.49,-2.4000000000000004,0.2,2.4000000000000004,301.1,0.0,-11.4,2.3000000000000003,9.3,-83.2,0.0,0.0,219.7,0.0,22.200000000000003,28.700000000000003,28.700000000000003,31.8,300.0,300.0,29.6,35.2,30.6,30.1,32.4,4.96,2.0,4.96,0.16,0.0,0.0,1027.0,8228.0,0.0,0.0,0.0,0.0,0.0,1.0,0.0,0.0,0.0,-0.001,0.0,0.2,0.0,-12.3,-12.7,0.0162,16.0,25903.0
2026-07-30T18:57:44.902Z,34.385,34.398,-7.4,7.4,0.0,0.0,0.0,0.0,0.0,1.0,1.0,0.0,1.0,0.0,0.0,0.0,8.0,6.0,0.0,0.0,0.0,0.0,0.0,0.0,0.0,0.0,6.0,12.0,1.0,12.06,5.01,2.5,1.49,-2.3000000000000003,0.3,2.3000000000000003,301.0,0.0,-12.6,2.3000000000000003,11.6,-83.2,0.0,0.0,219.8,0.0,22.200000000000003,28.700000000000003,28.700000000000003,31.8,300.0,300.0,29.6,35.2,30.6,30.1,32.4,4.96,2.0,4.97,0.16,0.0,0.0,1027.0,8228.0,0.0,0.0,0.0,0.0,0.0,1.0,0.0,0.0,0.0,-0.001,0.0,-0.2,0.0,-14.9,-12.8,0.017,16.0,25903.0
2026-07-30T18:57:44.915Z,34.398,34.410000000000004,-7.4,7.4,0.0,0.0,0.0,0.0,0.0,1.0,1.0,0.0,1.0,0.0,0.0,0.0,8.0,6.0,0.0,0.0,0.0,0.0,0.0,0.0,0.0,0.0,2.0,12.0,1.0,12.06,5.01,2.5,1.49,-2.4000000000000004,0.2,2.4000000000000004,301.1,0.0,-12.0,1.7000000000000002,8.700000000000001,-83.2,0.0,0.0,219.8,0.0,22.200000000000003,28.700000000000003,28.700000000000003,31.8,300.0,300.0,29.6,35.2,30.6,30.1,32.4,4.96,2.0,4.96,0.16,0.0,0.0,1027.0,8228.0,0.0,0.0,0.0,0.0,0.0,1.0,0.0,0.0,0.0,-0.001,0.0,-0.1,0.0,-11.2,-12.8,0.0162,16.0,25903.0
2026-07-30T18:57:44.927Z,34.41,34.422000000000004,-7.4,7.4,0.0,0.0,0.0,0.0,0.0,1.0,1.0,0.0,1.0,0.0,0.0,0.0,8.0,6.0,0.0,0.0,0.0,0.0,0.0,0.0,0.0,0.0,3.0,12.0,1.0,12.06,5.01,2.5,1.49,-2.4000000000000004,0.3,2.4000000000000004,301.1,0.0,-12.6,1.1,9.3,-83.2,0.0,0.0,219.7,0.0,22.200000000000003,28.700000000000003,28.700000000000003,31.8,300.0,300.0,29.6,35.2,30.6,30.1,32.4,4.96,2.0,4.96,0.16,0.0,0.0,1027.0,8228.0,0.0,0.0,0.0,0.0,0.0,1.0,0.0,0.0,0.0,-0.001,0.0,-0.7000000000000001,0.0,-11.4,-12.8,0.0167,16.0,25903.0
2026-07-30T18:57:44.939Z,34.422,34.434,-7.5,7.4,0.0,0.0,0.0,0.0,0.0,1.0,1.0,0.0,1.0,0.0,0.0,0.0,8.0,6.0,0.0,0.0,0.0,0.0,0.0,0.0,0.0,0.0,5.0,12.0,1.0,12.06,5.01,2.5,1.49,-2.4000000000000004,0.2,2.4000000000000004,301.0,0.0,-11.4,2.9000000000000004,9.3,-83.2,0.0,0.0,219.7,0.0,22.200000000000003,28.700000000000003,28.700000000000003,31.8,300.0,300.0,29.6,35.2,30.6,30.1,32.4,4.95,2.0,4.96,0.16,0.0,0.0,1027.0,8228.0,0.0,0.0,0.0,0.0,0.0,1.0,0.0,0.0,0.0,-0.001,0.0,0.7000000000000001,0.0,-12.7,-12.9,0.0163,16.0,25903.0
2026-07-30T18:57:44.951Z,34.434,34.446,-7.5,7.4,0.0,0.0,0.0,0.0,0.0,1.0,1.0,0.0,1.0,0.0,0.0,0.0,8.0,6.0,0.0,0.0,0.0,0.0,0.0,0.0,0.0,0.0,6.0,12.0,1.0,12.06,5.01,2.5,1.49,-2.4000000000000004,0.2,2.4000000000000004,301.0,0.0,-12.0,1.7000000000000002,9.3,-83.2,0.0,0.0,219.8,0.0,22.200000000000003,28.700000000000003,28.700000000000003,31.8,300.0,300.0,29.6,35.2,30.6,30.1,32.4,4.95,2.0,4.96,0.16,0.0,0.0,1027.0,8228.0,0.0,0.0,0.0,0.0,0.0,1.0,0.0,0.0,0.0,-0.001,0.0,-0.2,0.0,-11.8,-12.8,0.0164,16.0,25903.0
2026-07-30T18:57:44.963Z,34.446,34.458,-7.5,7.4,0.0,0.0,0.0,0.0,0.0,1.0,1.0,0.0,1.0,0.0,0.0,0.0,8.0,6.0,0.0,0.0,0.0,0.0,0.0,0.0,0.0,0.0,1.0,12.0,1.0,12.06,5.01,2.5,1.49,-2.4000000000000004,0.2,2.4000000000000004,301.1,0.0,-12.6,1.7000000000000002,9.3,-83.2,0.0,0.0,219.9,0.0,22.200000000000003,28.700000000000003,28.700000000000003,31.8,300.0,300.0,29.6,35.2,30.6,30.1,32.4,4.95,1.99,4.96,0.16,0.0,0.0,1027.0,8228.0,0.0,0.0,0.0,0.0,0.0,1.0,0.0,0.0,0.0,-0.001,0.0,-0.4,0.0,-12.5,-12.8,0.0164,16.0,25903.0
2026-07-30T18:57:44.975Z,34.458,34.47,-7.5,7.4,0.0,0.0,0.0,0.0,0.0,1.0,1.0,0.0,1.0,0.0,0.0,0.0,8.0,6.0,0.0,0.0,0.0,0.0,0.0,0.0,0.0,0.0,2.0,12.0,1.0,12.06,5.01,2.5,1.49,-2.4000000000000004,0.2,2.4000000000000004,301.1,0.0,-12.6,1.1,8.700000000000001,-83.30000000000001,0.0,0.0,219.8,0.0,22.200000000000003,28.700000000000003,28.700000000000003,31.8,300.0,300.0,29.6,35.2,30.6,30.1,32.4,4.95,2.0,4.96,0.16,0.0,0.0,1027.0,8228.0,0.0,0.0,0.0,0.0,0.0,1.0,0.0,0.0,0.0,-0.001,0.0,0.0,0.0,-13.6,-12.8,0.0162,16.0,25903.0
2026-07-30T18:57:44.987Z,34.47,34.482,-7.5,7.4,0.0,0.0,0.0,0.0,0.0,1.0,1.0,0.0,1.0,0.0,0.0,0.0,8.0,6.0,0.0,0.0,0.0,0.0,0.0,0.0,0.0,0.0,3.0,12.0,1.0,11.99,5.0200000000000005,2.5,1.49,-2.3000000000000003,0.2,2.3000000000000003,300.90000000000003,0.0,-13.8,1.1,9.9,-83.30000000000001,0.0,0.0,219.9,0.0,21.9,28.8,28.8,31.9,300.0,300.0,29.5,35.2,30.6,30.1,32.4,4.95,2.0,4.96,0.16,0.0,0.0,1027.0,8228.0,0.0,0.0,0.0,0.0,0.0,1.0,0.0,0.0,0.0,-0.001,0.0,0.0,0.0,-13.6,-12.7,0.0159,16.0,25903.0
2026-07-30T18:57:44.998Z,34.481,34.494,-7.5,7.4,0.0,0.0,0.0,0.0,0.0,1.0,1.0,0.0,1.0,0.0,0.0,0.0,8.0,6.0,0.0,0.0,0.0,0.0,0.0,0.0,0.0,0.0,4.0,12.0,1.0,11.99,5.0200000000000005,2.5,1.49,-2.4000000000000004,0.2,2.4000000000000004,301.1,0.0,-13.2,0.5,8.1,-83.30000000000001,0.0,0.0,219.8,0.0,21.9,28.8,28.8,31.9,300.0,300.0,29.5,35.2,30.6,30.1,32.4,4.95,2.0,4.96,0.16,0.0,0.0,1027.0,8228.0,0.0,0.0,0.0,0.0,0.0,1.0,0.0,0.0,0.0,-0.001,0.0,-0.3,0.0,-12.5,-12.7,0.0159,16.0,25903.0
2026-07-30T18:57:45.011Z,34.494,34.506,-7.5,7.4,0.0,0.0,0.0,0.0,0.0,1.0,1.0,0.0,1.0,0.0,0.0,0.0,8.0,6.0,0.0,0.0,0.0,0.0,0.0,0.0,0.0,0.0,5.0,12.0,1.0,11.99,5.0200000000000005,2.5,1.49,-2.3000000000000003,0.2,2.3000000000000003,301.1,0.0,-10.3,2.3000000000000003,9.9,-83.30000000000001,0.0,0.0,219.9,0.0,21.9,28.8,28.8,31.9,300.0,300.0,29.5,35.2,30.6,30.1,32.4,4.96,2.0,4.96,0.16,0.0,0.0,1027.0,8228.0,0.0,0.0,0.0,0.0,0.0,1.0,0.0,0.0,0.0,-0.001,0.0,0.1,0.0,-12.9,-12.7,0.0161,16.0,25903.0
2026-07-30T18:57:45.023Z,34.506,34.518,-7.5,7.4,0.0,0.0,0.0,0.0,0.0,1.0,1.0,0.0,1.0,0.0,0.0,0.0,8.0,6.0,0.0,0.0,0.0,0.0,0.0,0.0,0.0,0.0,6.0,12.0,1.0,11.99,5.0200000000000005,2.5,1.49,-2.3000000000000003,0.2,2.3000000000000003,301.0,-0.1,-10.3,4.0,9.9,-83.30000000000001,0.0,0.0,219.8,0.0,21.9,28.8,28.8,31.9,300.0,300.0,29.5,35.2,30.6,30.1,32.4,4.96,2.0,4.96,0.16,0.0,0.0,1027.0,8228.0,0.0,0.0,0.0,0.0,0.0,1.0,0.0,0.0,0.0,-0.001,0.0,1.6,0.0,-14.2,-12.7,0.0159,16.0,25903.0
2026-07-30T18:57:45.038Z,34.521,34.53,-7.5,7.4,0.0,0.0,0.0,0.0,0.0,1.0,1.0,0.0,1.0,0.0,0.0,0.0,8.0,6.0,0.0,0.0,0.0,0.0,0.0,0.0,0.0,0.0,6.0,12.0,1.0,11.99,5.0200000000000005,2.5,1.49,-2.3000000000000003,0.2,2.4000000000000004,301.1,-0.1,-11.4,1.7000000000000002,10.4,-83.30000000000001,0.0,0.0,219.8,0.0,21.9,28.8,28.8,31.9,300.0,300.0,29.5,35.2,30.6,30.1,32.4,4.96,2.0,4.96,0.16,0.0,0.0,1027.0,8228.0,0.0,0.0,0.0,0.0,0.0,1.0,0.0,0.0,0.0,-0.001,0.0,-0.5,0.0,-13.2,-12.8,0.0157,16.0,25903.0
2026-07-30T18:57:45.047Z,34.53,34.542,-7.5,7.4,0.0,0.0,0.0,0.0,0.0,1.0,1.0,0.0,1.0,0.0,0.0,0.0,8.0,6.0,0.0,0.0,0.0,0.0,0.0,0.0,0.0,0.0,6.0,12.0,1.0,11.99,5.0200000000000005,2.5,1.49,-2.3000000000000003,0.2,2.3000000000000003,301.2,-0.1,-11.4,2.3000000000000003,10.4,-83.30000000000001,0.0,0.0,219.8,0.0,21.9,28.8,28.8,31.9,300.0,300.0,29.5,35.2,30.6,30.1,32.4,4.95,2.0,4.96,0.16,0.0,0.0,1027.0,8228.0,0.0,0.0,0.0,0.0,0.0,1.0,0.0,0.0,0.0,-0.001,0.0,0.0,0.0,-13.6,-12.8,0.016,16.0,25903.0
2026-07-30T18:57:45.059Z,34.542,34.554,-7.5,7.4,0.0,0.0,0.0,0.0,0.0,1.0,1.0,0.0,1.0,0.0,0.0,0.0,8.0,6.0,0.0,0.0,0.0,0.0,0.0,0.0,0.0,0.0,1.0,12.0,1.0,11.99,5.0200000000000005,2.5,1.49,-2.3000000000000003,0.2,2.3000000000000003,301.0,-0.1,-11.4,2.3000000000000003,11.0,-83.30000000000001,0.0,0.0,219.9,0.0,21.9,28.8,28.8,31.9,300.0,300.0,29.5,35.2,30.6,30.1,32.4,4.96,2.0,4.96,0.16,0.0,0.0,1027.0,8228.0,0.0,0.0,0.0,0.0,0.0,1.0,0.0,0.0,0.0,-0.001,0.0,-0.1,0.0,-14.3,-12.7,0.0158,16.0,25903.0
2026-07-30T18:57:45.071Z,34.554,34.566,-7.5,7.4,0.0,0.0,0.0,0.0,0.0,1.0,1.0,0.0,1.0,0.0,0.0,0.0,8.0,6.0,0.0,0.0,0.0,0.0,0.0,0.0,0.0,0.0,2.0,12.0,1.0,11.99,5.0200000000000005,2.5,1.49,-2.3000000000000003,0.2,2.3000000000000003,301.1,-0.1,-11.4,3.5,9.9,-83.30000000000001,0.0,0.0,219.9,0.0,21.9,28.8,28.8,31.9,300.0,300.0,29.5,35.2,30.6,30.1,32.4,4.96,2.0,4.97,0.17,0.0,0.0,1027.0,8228.0,0.0,0.0,0.0,0.0,0.0,1.0,0.0,0.0,0.0,-0.001,0.0,1.1,0.0,-13.8,-12.7,0.0155,16.0,25903.0
2026-07-30T18:57:45.084Z,34.567,34.578,-7.4,7.4,0.0,0.0,0.0,0.0,0.0,1.0,1.0,0.0,1.0,0.0,0.0,0.0,8.0,6.0,0.0,0.0,0.0,0.0,0.0,0.0,0.0,0.0,3.0,12.0,1.0,12.05,5.0200000000000005,2.51,1.49,-2.3000000000000003,0.2,2.3000000000000003,301.1,0.0,-12.0,2.3000000000000003,9.9,-83.30000000000001,0.0,0.0,219.8,0.0,22.1,28.8,28.8,31.8,300.0,300.0,29.6,35.4,30.700000000000003,30.200000000000003,32.5,4.95,2.0,4.97,0.16,0.0,0.0,1027.0,8228.0,0.0,0.0,0.0,0.0,0.0,1.0,0.0,0.0,0.0,-0.001,0.0,0.1,0.0,-12.9,-12.7,0.0155,16.0,25903.0
2026-07-30T18:57:45.094Z,34.577,34.59,-7.4,7.4,0.0,0.0,0.0,0.0,0.0,1.0,1.0,0.0,1.0,0.0,0.0,0.0,8.0,6.0,0.0,0.0,0.0,0.0,0.0,0.0,0.0,0.0,5.0,12.0,1.0,12.05,5.0200000000000005,2.51,1.49,-2.3000000000000003,0.2,2.3000000000000003,301.1,0.0,-11.4,3.5,10.4,-83.30000000000001,0.0,0.0,219.7,0.0,22.1,28.8,28.8,31.8,300.0,300.0,29.6,35.4,30.700000000000003,30.200000000000003,32.5,4.96,2.0,4.96,0.16,0.0,0.0,1027.0,8228.0,0.0,0.0,0.0,0.0,0.0,1.0,0.0,0.0,0.0,-0.001,0.0,1.0,0.0,-14.5,-12.8,0.0159,16.0,25903.0
2026-07-30T18:57:45.107Z,34.59,34.602000000000004,-7.4,7.4,0.0,0.0,0.0,0.0,0.0,1.0,1.0,0.0,1.0,0.0,0.0,0.0,8.0,6.0,0.0,0.0,0.0,0.0,0.0,0.0,0.0,0.0,6.0,12.0,1.0,12.05,5.0200000000000005,2.51,1.49,-2.3000000000000003,0.2,2.4000000000000004,301.1,0.0,-10.9,2.3000000000000003,9.9,-83.30000000000001,0.0,0.0,219.7,0.0,22.1,28.8,28.8,31.8,300.0,300.0,29.6,35.4,30.700000000000003,30.200000000000003,32.5,4.95,2.0,4.97,0.16,0.0,0.0,1027.0,8228.0,0.0,0.0,0.0,0.0,0.0,1.0,0.0,0.0,0.0,-0.001,0.0,0.1,0.0,-12.9,-12.8,0.0156,16.0,25903.0
2026-07-30T18:57:45.119Z,34.602,34.614,-7.4,7.4,0.0,0.0,0.0,0.0,0.0,1.0,1.0,0.0,1.0,0.0,0.0,0.0,8.0,6.0,0.0,0.0,0.0,0.0,0.0,0.0,0.0,0.0,1.0,12.0,1.0,12.05,5.0200000000000005,2.51,1.49,-2.3000000000000003,0.2,2.3000000000000003,301.1,0.0,-11.4,2.3000000000000003,10.4,-83.2,0.0,0.0,219.7,0.0,22.1,28.8,28.8,31.8,300.0,300.0,29.6,35.4,30.700000000000003,30.200000000000003,32.5,4.95,2.0,4.96,0.16,0.0,0.0,1027.0,8228.0,0.0,0.0,0.0,0.0,0.0,1.0,0.0,0.0,0.0,-0.001,0.0,0.0,0.0,-13.6,-12.8,0.016,16.0,25903.0
2026-07-30T18:57:45.131Z,34.614,34.626,-7.4,7.4,0.0,0.0,0.0,0.0,0.0,1.0,1.0,0.0,1.0,0.0,0.0,0.0,8.0,6.0,0.0,0.0,0.0,0.0,0.0,0.0,0.0,0.0,3.0,12.0,1.0,12.05,5.0200000000000005,2.51,1.49,-2.3000000000000003,0.2,2.4000000000000004,301.0,0.0,-12.0,1.7000000000000002,10.4,-83.2,0.0,0.0,219.7,0.0,22.1,28.8,28.8,31.8,300.0,300.0,29.6,35.4,30.700000000000003,30.200000000000003,32.5,4.96,2.0,4.96,0.16,0.0,0.0,1027.0,8228.0,0.0,0.0,0.0,0.0,0.0,1.0,0.0,0.0,0.0,-0.001,0.0,-0.4,0.0,-13.2,-12.8,0.0158,16.0,25903.0
2026-07-30T18:57:45.143Z,34.626,34.638,-7.4,7.4,0.0,0.0,0.0,0.0,0.0,1.0,1.0,0.0,1.0,0.0,0.0,0.0,8.0,6.0,0.0,0.0,0.0,0.0,0.0,0.0,0.0,0.0,4.0,12.0,1.0,12.05,5.0200000000000005,2.51,1.49,-2.4000000000000004,0.2,2.4000000000000004,301.0,0.0,-12.6,1.7000000000000002,9.3,-83.2,0.0,0.0,219.8,0.0,22.1,28.8,28.8,31.8,300.0,300.0,29.6,35.4,30.700000000000003,30.200000000000003,32.5,4.96,2.0,4.96,0.17,0.0,0.0,1027.0,8228.0,0.0,0.0,0.0,0.0,0.0,1.0,0.0,0.0,0.0,-0.001,0.0,-0.2,0.0,-11.8,-12.8,0.016,16.0,25903.0
2026-07-30T18:57:45.155Z,34.638,34.65,-7.5,7.4,0.0,0.0,0.0,0.0,0.0,1.0,1.0,0.0,1.0,0.0,0.0,0.0,8.0,6.0,0.0,0.0,0.0,0.0,0.0,0.0,0.0,0.0,5.0,12.0,1.0,12.05,5.0200000000000005,2.51,1.49,-2.4000000000000004,0.2,2.4000000000000004,301.1,0.0,-12.6,1.7000000000000002,9.3,-83.2,0.0,0.0,219.8,0.0,22.1,28.8,28.8,31.8,300.0,300.0,29.6,35.4,30.700000000000003,30.200000000000003,32.5,4.95,2.0,4.96,0.17,0.0,0.0,1027.0,8228.0,0.0,0.0,0.0,0.0,0.0,1.0,0.0,0.0,0.0,-0.001,0.0,-0.2,0.0,-11.8,-12.8,0.0163,16.0,25903.0
2026-07-30T18:57:45.168Z,34.651,34.662,-7.5,7.4,0.0,0.0,0.0,0.0,0.0,1.0,1.0,0.0,1.0,0.0,0.0,0.0,8.0,6.0,0.0,0.0,0.0,0.0,0.0,0.0,0.0,0.0,5.0,12.0,1.0,12.05,5.0200000000000005,2.51,1.49,-2.3000000000000003,0.2,2.4000000000000004,301.1,0.0,-12.6,2.3000000000000003,9.3,-83.2,0.0,0.0,219.7,0.0,22.1,28.8,28.8,31.8,300.0,300.0,29.6,35.4,30.700000000000003,30.200000000000003,32.5,4.95,2.0,4.96,0.16,0.0,0.0,1027.0,8228.0,0.0,0.0,0.0,0.0,0.0,1.0,0.0,0.0,0.0,-0.001,0.0,0.2,0.0,-12.3,-12.8,0.0162,16.0,25903.0
2026-07-30T18:57:45.179Z,34.662,34.674,-7.5,7.4,0.0,0.0,0.0,0.0,0.0,1.0,1.0,0.0,1.0,0.0,0.0,0.0,8.0,6.0,0.0,0.0,0.0,0.0,0.0,0.0,0.0,0.0,6.0,12.0,1.0,12.05,5.0200000000000005,2.51,1.49,-2.3000000000000003,0.2,2.3000000000000003,301.0,0.0,-13.2,2.3000000000000003,10.4,-83.2,0.0,0.0,219.7,0.0,22.1,28.8,28.8,31.8,300.0,300.0,29.6,35.4,30.700000000000003,30.200000000000003,32.5,4.96,2.0,4.96,0.16,0.0,0.0,1027.0,8228.0,0.0,0.0,0.0,0.0,0.0,1.0,0.0,0.0,0.0,-0.001,0.0,0.0,0.0,-13.6,-12.7,0.016,16.0,25903.0
2026-07-30T18:57:45.191Z,34.674,34.686,-7.4,7.4,0.0,0.0,0.0,0.0,0.0,1.0,1.0,0.0,1.0,0.0,0.0,0.0,8.0,6.0,0.0,0.0,0.0,0.0,0.0,0.0,0.0,0.0,1.0,12.0,1.0,12.05,5.01,2.5,1.5,-2.4000000000000004,0.2,2.4000000000000004,301.0,0.0,-13.2,1.7000000000000002,7.5,-83.2,0.0,0.0,219.6,0.0,22.1,28.8,28.8,31.9,300.0,300.0,29.5,35.4,30.700000000000003,30.200000000000003,32.6,4.95,2.0,4.96,0.16,0.0,0.0,1027.0,8228.0,0.0,0.0,0.0,0.0,0.0,1.0,0.0,0.0,0.0,-0.001,0.0,0.0,0.0,-9.8,-12.7,0.0158,16.0,25903.0
2026-07-30T18:57:45.203Z,34.686,34.698,-7.4,7.4,0.0,0.0,0.0,0.0,0.0,1.0,1.0,0.0,1.0,0.0,0.0,0.0,8.0,6.0,0.0,0.0,0.0,0.0,0.0,0.0,0.0,0.0,3.0,12.0,1.0,12.05,5.01,2.5,1.5,-2.4000000000000004,0.3,2.4000000000000004,301.0,0.0,-12.6,0.5,9.3,-83.2,0.0,0.0,219.7,0.0,22.1,28.8,28.8,31.9,300.0,300.0,29.5,35.4,30.700000000000003,30.200000000000003,32.6,4.96,2.0,4.96,0.16,0.0,0.0,1027.0,8228.0,0.0,0.0,0.0,0.0,0.0,1.0,0.0,0.0,0.0,-0.001,0.0,-1.3,0.0,-11.0,-12.8,0.0166,16.0,25903.0
2026-07-30T18:57:45.215Z,34.698,34.71,-7.4,7.4,0.0,0.0,0.0,0.0,0.0,1.0,1.0,0.0,1.0,0.0,0.0,0.0,8.0,6.0,0.0,0.0,0.0,0.0,0.0,0.0,0.0,0.0,4.0,12.0,1.0,12.05,5.01,2.5,1.5,-2.4000000000000004,0.3,2.4000000000000004,301.1,-0.1,-13.8,0.5,9.3,-83.2,0.0,0.0,219.8,0.0,22.1,28.8,28.8,31.9,300.0,300.0,29.5,35.4,30.700000000000003,30.200000000000003,32.6,4.96,2.0,4.96,0.16,0.0,0.0,1027.0,8228.0,0.0,0.0,0.0,0.0,0.0,1.0,0.0,0.0,0.0,-0.001,0.0,-1.3,0.0,-11.0,-12.9,0.0164,16.0,25903.0
2026-07-30T18:57:45.227Z,34.71,34.722,-7.4,7.4,0.0,0.0,0.0,0.0,0.0,1.0,1.0,0.0,1.0,0.0,0.0,0.0,8.0,6.0,0.0,0.0,0.0,0.0,0.0,0.0,0.0,0.0,5.0,12.0,1.0,12.05,5.01,2.5,1.5,-2.4000000000000004,0.2,2.4000000000000004,300.90000000000003,-0.1,-12.6,1.7000000000000002,8.700000000000001,-83.10000000000001,0.0,0.0,219.6,0.0,22.1,28.8,28.8,31.9,300.0,300.0,29.5,35.4,30.700000000000003,30.200000000000003,32.6,4.96,2.0,4.96,0.16,0.0,0.0,1027.0,8228.0,0.0,0.0,0.0,0.0,0.0,1.0,0.0,0.0,0.0,-0.001,0.0,-0.1,0.0,-11.2,-12.9,0.0165,16.0,25903.0
2026-07-30T18:57:45.239Z,34.722,34.734,-7.4,7.4,0.0,0.0,0.0,0.0,0.0,1.0,1.0,0.0,1.0,0.0,0.0,0.0,8.0,6.0,0.0,0.0,0.0,0.0,0.0,0.0,0.0,0.0,1.0,12.0,1.0,12.05,5.01,2.5,1.5,-2.3000000000000003,0.2,2.3000000000000003,300.90000000000003,-0.1,-11.4,2.3000000000000003,11.0,-83.10000000000001,0.0,0.0,219.7,0.0,22.1,28.8,28.8,31.9,300.0,300.0,29.5,35.4,30.700000000000003,30.200000000000003,32.6,4.95,2.0,4.96,0.16,0.0,0.0,1027.0,8228.0,0.0,0.0,0.0,0.0,0.0,1.0,0.0,0.0,0.0,-0.001,0.0,0.0,0.0,-14.3,-12.8,0.0165,16.0,25903.0
2026-07-30T18:57:45.251Z,34.734,34.746,-7.4,7.4,0.0,0.0,0.0,0.0,0.0,1.0,1.0,0.0,1.0,0.0,0.0,0.0,8.0,6.0,0.0,0.0,0.0,0.0,0.0,0.0,0.0,0.0,2.0,12.0,1.0,12.05,5.01,2.5,1.5,-2.4000000000000004,0.3,2.4000000000000004,301.1,-0.1,-12.6,1.1,8.700000000000001,-83.2,0.0,0.0,219.7,0.0,22.1,28.8,28.8,31.9,300.0,300.0,29.5,35.4,30.700000000000003,30.200000000000003,32.6,4.95,2.0,4.96,0.16,0.0,0.0,1027.0,8228.0,0.0,0.0,0.0,0.0,0.0,1.0,0.0,0.0,0.0,-0.001,0.0,-0.6000000000000001,0.0,-10.8,-12.8,0.0158,16.0,25903.0
2026-07-30T18:57:45.263Z,34.746,34.758,-7.5,7.4,0.0,0.0,0.0,0.0,0.0,1.0,1.0,0.0,1.0,0.0,0.0,0.0,8.0,6.0,0.0,0.0,0.0,0.0,0.0,0.0,0.0,0.0,3.0,12.0,1.0,12.05,5.01,2.5,1.5,-2.2,0.2,2.3000000000000003,301.0,-0.1,-10.9,2.9000000000000004,11.6,-83.2,0.0,0.0,219.7,0.0,22.1,28.8,28.8,31.9,300.0,300.0,29.5,35.4,30.700000000000003,30.200000000000003,32.6,4.95,2.0,4.96,0.16,0.0,0.0,1027.0,8228.0,0.0,0.0,0.0,0.0,0.0,1.0,0.0,0.0,0.0,-0.001,0.0,0.3,0.0,-15.4,-12.8,0.0165,16.0,25903.0
2026-07-30T18:57:45.275Z,34.758,34.77,-7.5,7.4,0.0,0.0,0.0,0.0,0.0,1.0,1.0,0.0,1.0,0.0,0.0,0.0,8.0,6.0,0.0,0.0,0.0,0.0,0.0,0.0,0.0,0.0,3.0,12.0,1.0,12.05,5.01,2.5,1.5,-2.3000000000000003,0.2,2.3000000000000003,301.0,-0.1,-11.4,2.9000000000000004,9.9,-83.2,0.0,0.0,219.8,0.0,22.1,28.8,28.8,31.9,300.0,300.0,29.5,35.4,30.700000000000003,30.200000000000003,32.6,4.95,2.0,4.96,0.16,0.0,0.0,1027.0,8228.0,0.0,0.0,0.0,0.0,0.0,1.0,0.0,0.0,0.0,-0.001,0.0,0.6000000000000001,0.0,-13.4,-12.7,0.0154,16.0,25903.0
2026-07-30T18:57:45.288Z,34.771,34.782000000000004,-7.4,7.4,0.0,0.0,0.0,0.0,0.0,1.0,1.0,0.0,1.0,0.0,0.0,0.0,8.0,6.0,0.0,0.0,0.0,0.0,0.0,0.0,0.0,0.0,5.0,12.0,1.0,12.05,5.01,2.51,1.49,-2.4000000000000004,0.2,2.4000000000000004,301.1,-0.1,-11.4,1.7000000000000002,9.3,-83.2,0.0,0.0,219.8,0.0,21.9,28.8,28.8,31.9,300.0,300.0,29.5,35.4,30.700000000000003,30.0,32.6,4.96,2.0,4.97,0.16,0.0,0.0,1027.0,8228.0,0.0,0.0,0.0,0.0,0.0,1.0,0.0,0.0,0.0,-0.001,0.0,-0.2,0.0,-11.8,-12.7,0.0157,16.0,25903.0
2026-07-30T18:57:45.299Z,34.782,34.794000000000004,-7.4,7.4,0.0,0.0,0.0,0.0,0.0,1.0,1.0,0.0,1.0,0.0,0.0,0.0,8.0,6.0,0.0,0.0,0.0,0.0,0.0,0.0,0.0,0.0,6.0,12.0,1.0,12.05,5.01,2.51,1.49,-2.3000000000000003,0.2,2.3000000000000003,301.0,-0.1,-11.4,2.3000000000000003,10.4,-83.10000000000001,0.0,0.0,219.8,0.0,21.9,28.8,28.8,31.9,300.0,300.0,29.5,35.4,30.700000000000003,30.0,32.6,4.96,2.0,4.96,0.16,0.0,0.0,1027.0,8228.0,0.0,0.0,0.0,0.0,0.0,1.0,0.0,0.0,0.0,-0.001,0.0,0.0,0.0,-13.6,-12.8,0.0162,16.0,25903.0
2026-07-30T18:57:45.311Z,34.794,34.806,-7.5,7.4,0.0,0.0,0.0,0.0,0.0,1.0,1.0,0.0,1.0,0.0,0.0,0.0,8.0,6.0,0.0,0.0,0.0,0.0,0.0,0.0,0.0,0.0,2.0,12.0,1.0,12.05,5.01,2.51,1.49,-2.3000000000000003,0.2,2.3000000000000003,301.0,-0.1,-10.9,2.3000000000000003,9.9,-83.10000000000001,0.0,0.0,219.7,0.0,21.9,28.8,28.8,31.9,300.0,300.0,29.5,35.4,30.700000000000003,30.0,32.6,4.96,2.0,4.96,0.16,0.0,0.0,1027.0,8228.0,0.0,0.0,0.0,0.0,0.0,1.0,0.0,0.0,0.0,-0.001,0.0,0.1,0.0,-12.9,-12.8,0.0157,16.0,25903.0
2026-07-30T18:57:45.323Z,34.806,34.818,-7.4,7.4,0.0,0.0,0.0,0.0,0.0,1.0,1.0,0.0,1.0,0.0,0.0,0.0,8.0,6.0,0.0,0.0,0.0,0.0,0.0,0.0,0.0,0.0,3.0,12.0,1.0,12.05,5.01,2.51,1.49,-2.3000000000000003,0.2,2.3000000000000003,301.1,-0.1,-10.9,3.5,11.0,-83.10000000000001,0.0,0.0,219.6,0.0,21.9,28.8,28.8,31.9,300.0,300.0,29.5,35.4,30.700000000000003,30.0,32.6,4.95,2.0,4.96,0.16,0.0,0.0,1027.0,8228.0,0.0,0.0,0.0,0.0,0.0,1.0,0.0,0.0,0.0,-0.001,0.0,0.9,0.0,-15.1,-12.7,0.0158,16.0,25903.0
2026-07-30T18:57:45.339Z,34.822,34.83,-7.4,7.4,0.0,0.0,0.0,0.0,0.0,1.0,1.0,0.0,1.0,0.0,0.0,0.0,8.0,6.0,0.0,0.0,0.0,0.0,0.0,0.0,0.0,0.0,4.0,12.0,1.0,12.05,5.01,2.51,1.49,-2.3000000000000003,0.2,2.3000000000000003,301.0,-0.1,-10.3,4.0,11.0,-83.10000000000001,0.0,0.0,219.7,0.0,21.9,28.8,28.8,31.9,300.0,300.0,29.5,35.4,30.700000000000003,30.0,32.6,4.96,2.0,4.97,0.16,0.0,0.0,1027.0,8228.0,0.0,0.0,0.0,0.0,0.0,1.0,0.0,0.0,0.0,-0.001,0.0,1.4,0.0,-15.6,-12.8,0.0155,16.0,25903.0
2026-07-30T18:57:45.347Z,34.83,34.842,-7.4,7.4,0.0,0.0,0.0,0.0,0.0,1.0,1.0,0.0,1.0,0.0,0.0,0.0,8.0,6.0,0.0,0.0,0.0,0.0,0.0,0.0,0.0,0.0,4.0,12.0,1.0,12.05,5.01,2.51,1.49,-2.3000000000000003,0.2,2.3000000000000003,301.1,-0.1,-10.9,2.9000000000000004,9.9,-83.10000000000001,0.0,0.0,219.7,0.0,21.9,28.8,28.8,31.9,300.0,300.0,29.5,35.4,30.700000000000003,30.0,32.6,4.95,2.0,4.96,0.16,0.0,0.0,1027.0,8228.0,0.0,0.0,0.0,0.0,0.0,1.0,0.0,0.0,0.0,-0.001,0.0,0.6000000000000001,0.0,-13.4,-12.8,0.0154,16.0,25903.0
2026-07-30T18:57:45.359Z,34.842,34.854,-7.5,7.4,0.0,0.0,0.0,0.0,0.0,1.0,1.0,0.0,1.0,0.0,0.0,0.0,8.0,6.0,0.0,0.0,0.0,0.0,0.0,0.0,0.0,0.0,5.0,12.0,1.0,12.05,5.01,2.51,1.49,-2.2,0.2,2.2,301.1,-0.1,-10.9,2.9000000000000004,12.2,-83.10000000000001,0.0,0.0,219.7,0.0,21.9,28.8,28.8,31.9,300.0,300.0,29.5,35.4,30.700000000000003,30.0,32.6,4.95,1.99,4.96,0.16,0.0,0.0,1027.0,8228.0,0.0,0.0,0.0,0.0,0.0,1.0,0.0,0.0,0.0,-0.001,0.0,0.2,0.0,-16.0,-12.8,0.0158,16.0,25903.0
2026-07-30T18:57:45.371Z,34.854,34.866,-7.5,7.4,0.0,0.0,0.0,0.0,0.0,1.0,1.0,0.0,1.0,0.0,0.0,0.0,8.0,6.0,0.0,0.0,0.0,0.0,0.0,0.0,0.0,0.0,6.0,12.0,1.0,12.05,5.01,2.51,1.49,-2.3000000000000003,0.2,2.3000000000000003,301.1,-0.1,-10.9,4.0,10.4,-83.10000000000001,0.0,0.0,219.8,0.0,21.9,28.8,28.8,31.9,300.0,300.0,29.5,35.4,30.700000000000003,30.0,32.6,4.96,2.0,4.96,0.16,0.0,0.0,1027.0,8228.0,0.0,0.0,0.0,0.0,0.0,1.0,0.0,0.0,0.0,-0.001,0.0,1.5,0.0,-14.9,-12.7,0.0152,16.0,25903.0
2026-07-30T18:57:45.383Z,34.866,34.878,-7.4,7.4,0.0,0.0,0.0,0.0,0.0,1.0,1.0,0.0,1.0,0.0,0.0,0.0,8.0,6.0,0.0,0.0,0.0,0.0,0.0,0.0,0.0,0.0,1.0,12.0,1.0,12.05,5.01,2.51,1.49,-2.3000000000000003,0.2,2.3000000000000003,301.1,-0.1,-10.9,2.3000000000000003,9.9,-83.10000000000001,0.0,0.0,219.8,0.0,21.9,28.8,28.8,31.9,300.0,300.0,29.5,35.4,30.700000000000003,30.0,32.6,4.95,2.0,4.96,0.16,0.0,0.0,1027.0,8228.0,0.0,0.0,0.0,0.0,0.0,1.0,0.0,0.0,0.0,-0.001,0.0,0.1,0.0,-12.9,-12.7,0.0154,16.0,25903.0
2026-07-30T18:57:45.395Z,34.878,34.89,-7.4,7.4,0.0,0.0,0.0,0.0,0.0,1.0,1.0,0.0,1.0,0.0,0.0,0.0,8.0,6.0,0.0,0.0,0.0,0.0,0.0,0.0,0.0,0.0,2.0,12.0,1.0,12.04,5.01,2.51,1.5,-2.3000000000000003,0.3,2.3000000000000003,301.1,-0.1,-12.6,1.7000000000000002,11.0,-83.2,0.0,0.0,219.8,0.0,21.9,28.9,28.9,31.9,300.0,300.0,29.5,35.300000000000004,30.700000000000003,30.1,32.4,4.95,2.0,4.96,0.16,0.0,0.0,1027.0,8228.0,0.0,0.0,0.0,0.0,0.0,1.0,0.0,0.0,0.0,-0.001,0.0,-0.6000000000000001,0.0,-13.8,-12.8,0.0159,16.0,25903.0
2026-07-30T18:57:45.407Z,34.89,34.902,-7.5,7.4,0.0,0.0,0.0,0.0,0.0,1.0,1.0,0.0,1.0,0.0,0.0,0.0,8.0,6.0,0.0,0.0,0.0,0.0,0.0,0.0,0.0,0.0,4.0,12.0,1.0,12.04,5.01,2.51,1.5,-2.3000000000000003,0.2,2.3000000000000003,301.1,-0.1,-10.9,2.9000000000000004,10.4,-83.2,0.0,0.0,219.7,0.0,21.9,28.9,28.9,31.9,300.0,300.0,29.5,35.300000000000004,30.700000000000003,30.1,32.4,4.95,2.0,4.96,0.16,0.0,0.0,1027.0,8228.0,0.0,0.0,0.0,0.0,0.0,1.0,0.0,0.0,0.0,-0.001,0.0,0.5,0.0,-14.0,-12.8,0.0158,16.0,25903.0
2026-07-30T18:57:45.419Z,34.902,34.914,-7.4,7.4,0.0,0.0,0.0,0.0,0.0,1.0,1.0,0.0,1.0,0.0,0.0,0.0,8.0,6.0,0.0,0.0,0.0,0.0,0.0,0.0,0.0,0.0,5.0,12.0,1.0,12.04,5.01,2.51,1.5,-2.3000000000000003,0.2,2.4000000000000004,301.1,-0.1,-11.4,2.3000000000000003,9.9,-83.2,0.0,0.0,219.7,0.0,21.9,28.9,28.9,31.9,300.0,300.0,29.5,35.300000000000004,30.700000000000003,30.1,32.4,4.96,2.0,4.96,0.16,0.0,0.0,1027.0,8228.0,0.0,0.0,0.0,0.0,0.0,1.0,0.0,0.0,0.0,-0.001,0.0,0.1,0.0,-12.9,-12.7,0.0166,16.0,25903.0
2026-07-30T18:57:45.431Z,34.914,34.926,-7.4,7.4,0.0,0.0,0.0,0.0,0.0,1.0,1.0,0.0,1.0,0.0,0.0,0.0,8.0,6.0,0.0,0.0,0.0,0.0,0.0,0.0,0.0,0.0,1.0,12.0,1.0,12.04,5.01,2.51,1.5,-2.4000000000000004,0.2,2.5,300.90000000000003,0.0,-12.6,1.7000000000000002,8.1,-83.2,0.0,0.0,219.8,0.0,21.9,28.9,28.9,31.9,300.0,300.0,29.5,35.300000000000004,30.700000000000003,30.1,32.4,4.95,2.0,4.97,0.16,0.0,0.0,1027.0,8228.0,0.0,0.0,0.0,0.0,0.0,1.0,0.0,0.0,0.0,-0.001,0.0,0.0,0.0,-10.5,-12.8,0.0165,16.0,25903.0
2026-07-30T18:57:45.443Z,34.926,34.938,-7.4,7.4,0.0,0.0,0.0,0.0,0.0,1.0,1.0,0.0,1.0,0.0,0.0,0.0,8.0,6.0,0.0,0.0,0.0,0.0,0.0,0.0,0.0,0.0,2.0,12.0,1.0,12.04,5.01,2.51,1.5,-2.4000000000000004,0.3,2.5,301.0,0.0,-13.2,0.5,8.700000000000001,-83.2,0.0,0.0,219.7,0.0,21.9,28.9,28.9,31.9,300.0,300.0,29.5,35.300000000000004,30.700000000000003,30.1,32.4,4.96,2.0,4.96,0.16,0.0,0.0,1027.0,8228.0,0.0,0.0,0.0,0.0,0.0,1.0,0.0,0.0,0.0,-0.001,0.0,-1.1,0.0,-10.3,-12.9,0.0162,16.0,25903.0
2026-07-30T18:57:45.455Z,34.938,34.95,-7.5,7.4,0.0,0.0,0.0,0.0,0.0,1.0,1.0,0.0,1.0,0.0,0.0,0.0,8.0,6.0,0.0,0.0,0.0,0.0,0.0,0.0,0.0,0.0,4.0,12.0,1.0,12.04,5.01,2.51,1.5,-2.4000000000000004,0.2,2.4000000000000004,301.1,0.0,-12.6,1.7000000000000002,9.3,-83.2,0.0,0.0,219.7,0.0,21.9,28.9,28.9,31.9,300.0,300.0,29.5,35.300000000000004,30.700000000000003,30.1,32.4,4.96,2.0,4.97,0.16,0.0,0.0,1027.0,8228.0,0.0,0.0,0.0,0.0,0.0,1.0,0.0,0.0,0.0,-0.001,0.0,-0.2,0.0,-11.8,-12.8,0.0165,16.0,25903.0
2026-07-30T18:57:45.467Z,34.95,34.962,-7.5,7.4,0.0,0.0,0.0,0.0,0.0,1.0,1.0,0.0,1.0,0.0,0.0,0.0,8.0,6.0,0.0,0.0,0.0,0.0,0.0,0.0,0.0,0.0,5.0,12.0,1.0,12.04,5.01,2.51,1.5,-2.3000000000000003,0.2,2.3000000000000003,301.1,0.0,-12.6,3.5,9.9,-83.2,0.0,0.0,219.8,0.0,21.9,28.9,28.9,31.9,300.0,300.0,29.5,35.300000000000004,30.700000000000003,30.1,32.4,4.96,2.0,4.97,0.16,0.0,0.0,1027.0,8228.0,0.0,0.0,0.0,0.0,0.0,1.0,0.0,0.0,0.0,-0.001,0.0,1.1,0.0,-13.8,-12.7,0.0156,16.0,25903.0
2026-07-30T18:57:45.479Z,34.962,34.974000000000004,-7.4,7.4,0.0,0.0,0.0,0.0,0.0,1.0,1.0,0.0,1.0,0.0,0.0,0.0,8.0,6.0,0.0,0.0,0.0,0.0,0.0,0.0,0.0,0.0,1.0,12.0,1.0,12.04,5.01,2.51,1.5,-2.4000000000000004,0.2,2.4000000000000004,301.0,0.0,-12.6,1.7000000000000002,9.9,-83.2,0.0,0.0,219.8,0.0,21.9,28.9,28.9,31.9,300.0,300.0,29.5,35.300000000000004,30.700000000000003,30.1,32.4,4.95,2.0,4.96,0.16,0.0,0.0,1027.0,8228.0,0.0,0.0,0.0,0.0,0.0,1.0,0.0,0.0,0.0,-0.001,0.0,1.2000000000000002,0.0,-13.1,-12.7,0.016,16.0,25903.0
2026-07-30T18:57:45.492Z,34.975,34.986000000000004,-7.5,7.4,0.0,0.0,0.0,0.0,0.0,1.0,1.0,0.0,1.0,0.0,0.0,0.0,8.0,6.0,0.0,0.0,0.0,0.0,0.0,0.0,0.0,0.0,1.0,12.0,1.0,12.05,5.01,2.5,1.49,-2.5,0.3,2.5,301.1,0.0,-13.2,0.0,7.5,-83.2,0.0,0.0,219.8,0.0,21.9,28.9,28.9,32.0,300.0,300.0,29.5,35.2,30.700000000000003,30.200000000000003,32.5,4.95,2.0,4.96,0.16,0.0,0.0,1027.0,8228.0,0.0,0.0,0.0,0.0,0.0,1.0,0.0,0.0,0.0,-0.001,0.0,0.9,0.0,-15.1,-12.8,0.016,16.0,25903.0
2026-07-30T18:57:45.503Z,34.986,34.998,-7.5,7.4,0.0,0.0,0.0,0.0,0.0,1.0,1.0,0.0,1.0,0.0,0.0,0.0,8.0,6.0,0.0,0.0,0.0,0.0,0.0,0.0,0.0,0.0,2.0,12.0,1.0,12.05,5.01,2.5,1.49,-2.3000000000000003,0.2,2.3000000000000003,301.0,-0.1,-12.6,1.7000000000000002,10.4,-83.2,0.0,0.0,219.9,0.0,21.9,28.9,28.9,32.0,300.0,300.0,29.5,35.2,30.700000000000003,30.200000000000003,32.5,4.95,2.0,4.96,0.16,0.0,0.0,1027.0,8228.0,0.0,0.0,0.0,0.0,0.0,1.0,0.0,0.0,0.0,-0.001,0.0,0.1,0.0,-12.9,-12.8,0.0155,16.0,25903.0
2026-07-30T18:57:45.515Z,34.998,35.01,-7.5,7.4,0.0,0.0,0.0,0.0,0.0,1.0,1.0,0.0,1.0,0.0,0.0,0.0,8.0,6.0,0.0,0.0,0.0,0.0,0.0,0.0,0.0,0.0,3.0,12.0,1.0,12.05,5.01,2.5,1.49,-2.3000000000000003,0.2,2.3000000000000003,301.1,-0.1,-13.8,0.5,7.5,-83.2,0.0,0.0,219.9,0.0,21.9,28.9,28.9,32.0,300.0,300.0,29.5,35.2,30.700000000000003,30.200000000000003,32.5,4.95,2.0,4.96,0.16,0.0,0.0,1027.0,8228.0,0.0,0.0,0.0,0.0,0.0,1.0,0.0,0.0,0.0,-0.001,0.0,0.4,0.0,-14.7,-12.7,0.0159,16.0,25903.0
2026-07-30T18:57:45.527Z,35.01,35.022,-7.4,7.4,0.0,0.0,0.0,0.0,0.0,1.0,1.0,0.0,1.0,0.0,0.0,0.0,8.0,6.0,0.0,0.0,0.0,0.0,0.0,0.0,0.0,0.0,5.0,12.0,1.0,12.05,5.01,2.5,1.49,-2.3000000000000003,0.2,2.3000000000000003,301.1,-0.1,-11.4,2.9000000000000004,10.4,-83.2,0.0,0.0,219.8,0.0,21.9,28.9,28.9,32.0,300.0,300.0,29.5,35.2,30.700000000000003,30.200000000000003,32.5,4.95,2.0,4.96,0.16,0.0,0.0,1027.0,8228.0,0.0,0.0,0.0,0.0,0.0,1.0,0.0,0.0,0.0,-0.001,0.0,0.5,0.0,-14.0,-12.7,0.0155,16.0,25903.0
2026-07-30T18:57:45.539Z,35.022,35.034,-7.4,7.4,0.0,0.0,0.0,0.0,0.0,1.0,1.0,0.0,1.0,0.0,0.0,0.0,8.0,6.0,0.0,0.0,0.0,0.0,0.0,0.0,0.0,0.0,6.0,12.0,1.0,12.05,5.01,2.5,1.49,-2.4000000000000004,0.2,2.4000000000000004,301.1,-0.1,-12.0,2.9000000000000004,9.3,-83.2,0.0,0.0,219.8,0.0,21.9,28.9,28.9,32.0,300.0,300.0,29.5,35.2,30.700000000000003,30.200000000000003,32.5,4.95,2.0,4.96,0.16,0.0,0.0,1027.0,8228.0,0.0,0.0,0.0,0.0,0.0,1.0,0.0,0.0,0.0,-0.001,0.0,0.7000000000000001,0.0,-12.7,-12.8,0.0157,16.0,25903.0
2026-07-30T18:57:45.551Z,35.034,35.046,-7.4,7.4,0.0,0.0,0.0,0.0,0.0,1.0,1.0,0.0,1.0,0.0,0.0,0.0,8.0,6.0,0.0,0.0,0.0,0.0,0.0,0.0,0.0,0.0,2.0,12.0,1.0,12.05,5.01,2.5,1.49,-2.3000000000000003,0.2,2.3000000000000003,301.0,-0.1,-11.4,3.5,11.0,-83.2,0.0,0.0,219.7,0.0,21.9,28.9,28.9,32.0,300.0,300.0,29.5,35.2,30.700000000000003,30.200000000000003,32.5,4.95,2.0,4.97,0.16,0.0,0.0,1027.0,8228.0,0.0,0.0,0.0,0.0,0.0,1.0,0.0,0.0,0.0,-0.001,0.0,0.9,0.0,-15.1,-12.8,0.0161,16.0,25903.0
2026-07-30T18:57:45.563Z,35.046,35.058,-7.4,7.4,0.0,0.0,0.0,0.0,0.0,1.0,1.0,0.0,1.0,0.0,0.0,0.0,8.0,6.0,0.0,0.0,0.0,0.0,0.0,0.0,0.0,0.0,3.0,12.0,1.0,12.05,5.01,2.5,1.49,-2.4000000000000004,0.2,2.4000000000000004,301.0,-0.1,-12.0,2.9000000000000004,9.3,-83.2,0.0,0.0,219.7,0.0,21.9,28.9,28.9,32.0,300.0,300.0,29.5,35.2,30.700000000000003,30.200000000000003,32.5,4.95,2.0,4.97,0.16,0.0,0.0,1027.0,8228.0,0.0,0.0,0.0,0.0,0.0,1.0,0.0,0.0,0.0,-0.001,0.0,0.7000000000000001,0.0,-12.7,-12.8,0.0155,16.0,25903.0
2026-07-30T18:57:45.575Z,35.058,35.07,-7.4,7.4,0.0,0.0,0.0,0.0,0.0,1.0,1.0,0.0,1.0,0.0,0.0,0.0,8.0,6.0,0.0,0.0,0.0,0.0,0.0,0.0,0.0,0.0,4.0,12.0,1.0,12.05,5.01,2.5,1.49,-2.3000000000000003,0.2,2.4000000000000004,301.1,-0.1,-11.4,2.9000000000000004,9.9,-83.2,0.0,0.0,219.7,0.0,21.9,28.9,28.9,32.0,300.0,300.0,29.5,35.2,30.700000000000003,30.200000000000003,32.5,4.95,2.0,4.96,0.16,0.0,0.0,1027.0,8228.0,0.0,0.0,0.0,0.0,0.0,1.0,0.0,0.0,0.0,-0.001,0.0,0.6000000000000001,0.0,-13.4,-12.8,0.0161,16.0,25903.0
2026-07-30T18:57:45.587Z,35.07,35.082,-7.5,7.4,0.0,0.0,0.0,0.0,0.0,1.0,1.0,0.0,1.0,0.0,0.0,0.0,8.0,6.0,0.0,0.0,0.0,0.0,0.0,0.0,0.0,0.0,6.0,12.0,1.0,12.05,5.01,2.5,1.49,-2.3000000000000003,0.3,2.3000000000000003,301.0,-0.1,-12.6,1.7000000000000002,11.6,-83.2,0.0,0.0,219.8,0.0,21.9,28.9,28.9,32.0,300.0,300.0,29.5,35.2,30.700000000000003,30.200000000000003,32.5,4.95,2.0,4.97,0.16,0.0,0.0,1027.0,8228.0,0.0,0.0,0.0,0.0,0.0,1.0,0.0,0.0,0.0,-0.001,0.0,-0.7000000000000001,0.0,-14.5,-12.8,0.016,16.0,25903.0
2026-07-30T18:57:45.599Z,35.082,35.094,-7.5,7.4,0.0,0.0,0.0,0.0,0.0,1.0,1.0,0.0,1.0,0.0,0.0,0.0,8.0,6.0,0.0,0.0,0.0,0.0,0.0,0.0,0.0,0.0,2.0,12.0,1.0,12.05,5.01,2.5,1.49,-2.3000000000000003,0.2,2.3000000000000003,301.1,-0.1,-11.4,2.9000000000000004,11.0,-83.2,0.0,0.0,219.7,0.0,21.8,28.9,28.9,32.0,300.0,300.0,29.5,35.4,30.700000000000003,30.200000000000003,32.6,4.95,2.0,4.97,0.16,0.0,0.0,1027.0,8228.0,0.0,0.0,0.0,0.0,0.0,1.0,0.0,0.0,0.0,-0.001,0.0,0.4,0.0,-14.7,-12.7,0.0156,16.0,25903.0
2026-07-30T18:57:45.611Z,35.094,35.106,-7.4,7.4,0.0,0.0,0.0,0.0,0.0,1.0,1.0,0.0,1.0,0.0,0.0,0.0,8.0,6.0,0.0,0.0,0.0,0.0,0.0,0.0,0.0,0.0,3.0,12.0,1.0,12.05,5.01,2.5,1.49,-2.4000000000000004,0.2,2.4000000000000004,301.1,0.0,-13.2,1.7000000000000002,8.700000000000001,-83.2,0.0,0.0,219.8,0.0,21.8,28.9,28.9,32.0,300.0,300.0,29.5,35.4,30.700000000000003,30.200000000000003,32.6,4.96,2.0,4.97,0.16,0.0,0.0,1027.0,8228.0,0.0,0.0,0.0,0.0,0.0,1.0,0.0,0.0,0.0,-0.001,0.0,-0.1,0.0,-11.2,-12.7,0.0155,16.0,25903.0
2026-07-30T18:57:45.623Z,35.106,35.118,-7.4,7.4,0.0,0.0,0.0,0.0,0.0,1.0,1.0,0.0,1.0,0.0,0.0,0.0,8.0,6.0,0.0,0.0,0.0,0.0,0.0,0.0,0.0,0.0,5.0,12.0,1.0,12.05,5.01,2.5,1.49,-2.3000000000000003,0.3,2.4000000000000004,301.0,0.0,-11.4,1.7000000000000002,10.4,-83.2,0.0,0.0,219.8,0.0,21.8,28.9,28.9,32.0,300.0,300.0,29.5,35.4,30.700000000000003,30.200000000000003,32.6,4.96,2.0,4.96,0.16,0.0,0.0,1027.0,8228.0,0.0,0.0,0.0,0.0,0.0,1.0,0.0,0.0,0.0,-0.001,0.0,-0.5,0.0,-13.2,-12.8,0.0164,16.0,25903.0
2026-07-30T18:57:45.635Z,35.118,35.13,-7.5,7.4,0.0,0.0,0.0,0.0,0.0,1.0,1.0,0.0,1.0,0.0,0.0,0.0,8.0,6.0,0.0,0.0,0.0,0.0,0.0,0.0,0.0,0.0,6.0,12.0,1.0,12.05,5.01,2.5,1.49,-2.4000000000000004,0.3,2.4000000000000004,301.0,0.0,-11.4,1.1,9.3,-83.2,0.0,0.0,219.8,0.0,21.8,28.9,28.9,32.0,300.0,300.0,29.5,35.4,30.700000000000003,30.200000000000003,32.6,4.95,2.0,4.96,0.16,0.0,0.0,1027.0,8228.0,0.0,0.0,0.0,0.0,0.0,1.0,0.0,0.0,0.0,-0.001,0.0,-0.7000000000000001,0.0,-11.4,-12.8,0.016,16.0,25903.0
2026-07-30T18:57:45.647Z,35.13,35.142,-7.5,7.4,0.0,0.0,0.0,0.0,0.0,1.0,1.0,0.0,1.0,0.0,0.0,0.0,8.0,6.0,0.0,0.0,0.0,0.0,0.0,0.0,0.0,0.0,1.0,12.0,1.0,12.05,5.01,2.5,1.49,-2.3000000000000003,0.2,2.3000000000000003,301.1,0.0,-12.6,2.3000000000000003,9.3,-83.2,0.0,0.0,219.8,0.0,21.8,28.9,28.9,32.0,300.0,300.0,29.5,35.4,30.700000000000003,30.200000000000003,32.6,4.95,2.0,4.96,0.16,0.0,0.0,1027.0,8228.0,0.0,0.0,0.0,0.0,0.0,1.0,0.0,0.0,0.0,-0.001,0.0,0.2,0.0,-12.3,-12.7,0.0162,16.0,25903.0
2026-07-30T18:57:45.660Z,35.143,35.154,-7.4,7.4,0.0,0.0,0.0,0.0,0.0,1.0,1.0,0.0,1.0,0.0,0.0,0.0,8.0,6.0,0.0,0.0,0.0,0.0,0.0,0.0,0.0,0.0,1.0,12.0,1.0,12.05,5.01,2.5,1.49,-2.4000000000000004,0.2,2.4000000000000004,301.0,0.0,-13.2,2.3000000000000003,8.700000000000001,-83.2,0.0,0.0,219.9,0.0,21.8,28.9,28.9,32.0,300.0,300.0,29.5,35.4,30.700000000000003,30.200000000000003,32.6,4.95,2.0,4.96,0.16,0.0,0.0,1027.0,8228.0,0.0,0.0,0.0,0.0,0.0,1.0,0.0,0.0,0.0,-0.001,0.0,0.3,0.0,-11.6,-12.6,0.0158,16.0,25903.0
2026-07-30T18:57:45.671Z,35.154,35.166000000000004,-7.4,7.4,0.0,0.0,0.0,0.0,0.0,1.0,1.0,0.0,1.0,0.0,0.0,0.0,8.0,6.0,0.0,0.0,0.0,0.0,0.0,0.0,0.0,0.0,6.0,12.0,1.0,12.05,5.01,2.5,1.49,-2.3000000000000003,0.2,2.4000000000000004,301.1,0.0,-12.6,2.9000000000000004,9.3,-83.2,0.0,0.0,219.8,0.0,21.8,28.9,28.9,32.0,300.0,300.0,29.5,35.4,30.700000000000003,30.200000000000003,32.6,4.95,2.0,4.96,0.16,0.0,0.0,1027.0,8228.0,0.0,0.0,0.0,0.0,0.0,1.0,0.0,0.0,0.0,-0.001,0.0,0.7000000000000001,0.0,-12.7,-12.8,0.0161,16.0,25903.0
2026-07-30T18:57:45.683Z,35.166,35.178,-7.4,7.4,0.0,0.0,0.0,0.0,0.0,1.0,1.0,0.0,1.0,0.0,0.0,0.0,8.0,6.0,0.0,0.0,0.0,0.0,0.0,0.0,0.0,0.0,1.0,12.0,1.0,12.05,5.01,2.5,1.49,-2.5,0.3,2.5,301.1,0.0,-13.2,0.5,8.1,-83.2,0.0,0.0,219.8,0.0,21.8,28.9,28.9,32.0,300.0,300.0,29.5,35.4,30.700000000000003,30.200000000000003,32.6,4.95,2.0,4.96,0.16,0.0,0.0,1027.0,8228.0,0.0,0.0,0.0,0.0,0.0,1.0,0.0,0.0,0.0,-0.001,0.0,-1.0,0.0,-9.6,-12.9,0.016,16.0,25903.0
2026-07-30T18:57:45.696Z,35.179,35.19,-7.5,7.4,0.0,0.0,0.0,0.0,0.0,1.0,1.0,0.0,1.0,0.0,0.0,0.0,8.0,6.0,0.0,0.0,0.0,0.0,0.0,0.0,0.0,0.0,2.0,12.0,1.0,12.05,5.01,2.5,1.5,-2.4000000000000004,0.3,2.4000000000000004,301.1,-0.1,-12.6,0.5,8.700000000000001,-83.2,0.0,0.0,219.6,0.0,22.1,28.9,28.9,32.0,300.0,300.0,29.5,35.5,30.8,30.3,32.7,4.95,2.0,4.96,0.16,0.0,0.0,1027.0,8228.0,0.0,0.0,0.0,0.0,0.0,1.0,0.0,0.0,0.0,-0.001,0.0,-1.1,0.0,-10.3,-12.9,0.0168,16.0,25903.0
2026-07-30T18:57:45.707Z,35.19,35.202,-7.5,7.4,0.0,0.0,0.0,0.0,0.0,1.0,1.0,0.0,1.0,0.0,0.0,0.0,8.0,6.0,0.0,0.0,0.0,0.0,0.0,0.0,0.0,0.0,3.0,12.0,1.0,12.05,5.01,2.5,1.5,-2.4000000000000004,0.3,2.4000000000000004,301.0,-0.1,-13.2,0.5,8.1,-83.2,0.0,0.0,219.8,0.0,22.1,28.9,28.9,32.0,300.0,300.0,29.5,35.5,30.8,30.3,32.7,4.96,2.0,4.96,0.16,0.0,0.0,1027.0,8228.0,0.0,0.0,0.0,0.0,0.0,1.0,0.0,0.0,0.0,-0.001,0.0,-1.0,0.0,-9.6,-12.7,0.0164,16.0,25903.0
2026-07-30T18:57:45.719Z,35.202,35.214,-7.4,7.4,0.0,0.0,0.0,0.0,0.0,1.0,1.0,0.0,1.0,0.0,0.0,0.0,8.0,6.0,0.0,0.0,0.0,0.0,0.0,0.0,0.0,0.0,4.0,12.0,1.0,12.05,5.01,2.5,1.5,-2.4000000000000004,0.3,2.4000000000000004,301.1,-0.1,-12.6,1.1,8.700000000000001,-83.30000000000001,0.0,0.0,219.9,0.0,22.1,28.9,28.9,32.0,300.0,300.0,29.5,35.5,30.8,30.3,32.7,4.96,2.0,4.97,0.16,0.0,0.0,1027.0,8228.0,0.0,0.0,0.0,0.0,0.0,1.0,0.0,0.0,0.0,-0.001,0.0,-0.7000000000000001,0.0,-10.7,-12.7,0.0166,16.0,25903.0
2026-07-30T18:57:45.731Z,35.214,35.226,-7.4,7.4,0.0,0.0,0.0,0.0,0.0,1.0,1.0,0.0,1.0,0.0,0.0,0.0,8.0,6.0,0.0,0.0,0.0,0.0,0.0,0.0,0.0,0.0,5.0,12.0,1.0,12.05,5.01,2.5,1.5,-2.3000000000000003,0.3,2.3000000000000003,301.0,-0.1,-12.6,1.7000000000000002,11.0,-83.30000000000001,0.0,0.0,219.9,0.0,22.1,28.9,28.9,32.0,300.0,300.0,29.5,35.5,30.8,30.3,32.7,4.96,2.0,4.97,0.16,0.0,0.0,1027.0,8228.0,0.0,0.0,0.0,0.0,0.0,1.0,0.0,0.0,0.0,-0.001,0.0,-0.6000000000000001,0.0,-13.8,-12.8,0.0164,16.0,25903.0
2026-07-30T18:57:45.743Z,35.226,35.238,-7.5,7.4,0.0,0.0,0.0,0.0,0.0,1.0,1.0,0.0,1.0,0.0,0.0,0.0,8.0,6.0,0.0,0.0,0.0,0.0,0.0,0.0,0.0,0.0,6.0,12.0,1.0,12.05,5.01,2.5,1.5,-2.4000000000000004,0.2,2.4000000000000004,301.1,-0.1,-11.4,2.3000000000000003,8.700000000000001,-83.30000000000001,0.0,0.0,219.8,0.0,22.1,28.9,28.9,32.0,300.0,300.0,29.5,35.5,30.8,30.3,32.7,4.96,2.0,4.96,0.16,0.0,0.0,1027.0,8228.0,0.0,0.0,0.0,0.0,0.0,1.0,0.0,0.0,0.0,-0.001,0.0,0.3,0.0,-11.6,-12.8,0.0157,16.0,25903.0
2026-07-30T18:57:45.755Z,35.238,35.25,-7.4,7.4,0.0,0.0,0.0,0.0,0.0,1.0,1.0,0.0,1.0,0.0,0.0,0.0,8.0,6.0,0.0,0.0,0.0,0.0,0.0,0.0,0.0,0.0,6.0,12.0,1.0,12.05,5.01,2.5,1.5,-2.3000000000000003,0.2,2.4000000000000004,301.0,-0.1,-12.0,1.7000000000000002,10.4,-83.30000000000001,0.0,0.0,219.8,0.0,22.1,28.9,28.9,32.0,300.0,300.0,29.5,35.5,30.8,30.3,32.7,4.95,2.0,4.96,0.17,0.0,0.0,1027.0,8228.0,0.0,0.0,0.0,0.0,0.0,1.0,0.0,0.0,0.0,-0.001,0.0,-0.5,0.0,-13.2,-12.7,0.0162,16.0,25903.0
2026-07-30T18:57:45.767Z,35.25,35.262,-7.4,7.4,0.0,0.0,0.0,0.0,0.0,1.0,1.0,0.0,1.0,0.0,0.0,0.0,8.0,6.0,0.0,0.0,0.0,0.0,0.0,0.0,0.0,0.0,1.0,12.0,1.0,12.05,5.01,2.5,1.5,-2.3000000000000003,0.2,2.3000000000000003,301.1,-0.1,-12.0,3.5,11.0,-83.30000000000001,0.0,0.0,219.8,0.0,22.1,28.9,28.9,32.0,300.0,300.0,29.5,35.5,30.8,30.3,32.7,4.95,2.0,4.96,0.16,0.0,0.0,1027.0,8228.0,0.0,0.0,0.0,0.0,0.0,1.0,0.0,0.0,0.0,-0.001,0.0,0.9,0.0,-15.1,-12.8,0.016,16.0,25903.0
2026-07-30T18:57:45.779Z,35.262,35.274,-7.4,7.4,0.0,0.0,0.0,0.0,0.0,1.0,1.0,0.0,1.0,0.0,0.0,0.0,8.0,6.0,0.0,0.0,0.0,0.0,0.0,0.0,0.0,0.0,2.0,12.0,1.0,12.05,5.01,2.5,1.5,-2.3000000000000003,0.2,2.4000000000000004,301.0,-0.1,-11.4,1.7000000000000002,9.9,-83.30000000000001,0.0,0.0,219.7,0.0,22.1,28.9,28.9,32.0,300.0,300.0,29.5,35.5,30.8,30.3,32.7,4.95,2.0,4.96,0.16,0.0,0.0,1027.0,8228.0,0.0,0.0,0.0,0.0,0.0,1.0,0.0,0.0,0.0,-0.001,0.0,-0.3,0.0,-12.5,-12.8,0.0155,16.0,25903.0
2026-07-30T18:57:45.791Z,35.274,35.286,-7.5,7.4,0.0,0.0,0.0,0.0,0.0,1.0,1.0,0.0,1.0,0.0,0.0,0.0,8.0,6.0,0.0,0.0,0.0,0.0,0.0,0.0,0.0,0.0,3.0,12.0,1.0,12.05,5.01,2.5,1.5,-2.3000000000000003,0.2,2.3000000000000003,300.90000000000003,-0.1,-10.9,2.9000000000000004,11.0,-83.30000000000001,0.0,0.0,219.8,0.0,22.1,28.9,28.9,32.0,300.0,300.0,29.5,35.5,30.8,30.3,32.7,4.95,2.0,4.97,0.16,0.0,0.0,1027.0,8228.0,0.0,0.0,0.0,0.0,0.0,1.0,0.0,0.0,0.0,-0.001,0.0,0.4,0.0,-14.7,-12.8,0.0161,16.0,25903.0
2026-07-30T18:57:45.802Z,35.285,35.298,-7.5,7.4,0.0,0.0,0.0,0.0,0.0,1.0,1.0,0.0,1.0,0.0,0.0,0.0,8.0,6.0,0.0,0.0,0.0,0.0,0.0,0.0,0.0,0.0,2.0,12.0,1.0,12.04,5.01,2.51,1.49,-2.4000000000000004,0.2,2.4000000000000004,301.0,-0.1,-10.3,2.3000000000000003,8.700000000000001,-83.2,0.0,0.0,219.8,0.0,22.1,29.0,29.0,32.0,300.0,300.0,29.5,35.5,30.8,30.3,32.7,4.96,2.0,4.97,0.16,0.0,0.0,1027.0,8228.0,0.0,0.0,0.0,0.0,0.0,1.0,0.0,0.0,0.0,-0.001,0.0,0.3,0.0,-11.6,-12.7,0.0155,16.0,25903.0
2026-07-30T18:57:45.814Z,35.297,35.31,-7.4,7.4,0.0,0.0,0.0,0.0,0.0,1.0,1.0,0.0,1.0,0.0,0.0,0.0,8.0,6.0,0.0,0.0,0.0,0.0,0.0,0.0,0.0,0.0,3.0,12.0,1.0,12.04,5.01,2.51,1.49,-2.3000000000000003,0.2,2.3000000000000003,301.1,-0.1,-10.9,2.9000000000000004,11.6,-83.2,0.0,0.0,219.7,0.0,22.1,29.0,29.0,32.0,300.0,300.0,29.5,35.5,30.8,30.3,32.7,4.96,2.0,4.96,0.16,0.0,0.0,1027.0,8228.0,0.0,0.0,0.0,0.0,0.0,1.0,0.0,0.0,0.0,-0.001,0.0,0.3,0.0,-15.4,-12.8,0.0162,16.0,25903.0
2026-07-30T18:57:45.827Z,35.31,35.322,-7.4,7.4,0.0,0.0,0.0,0.0,0.0,1.0,1.0,0.0,1.0,0.0,0.0,0.0,8.0,6.0,0.0,0.0,0.0,0.0,0.0,0.0,0.0,0.0,4.0,12.0,1.0,12.04,5.01,2.51,1.49,-2.3000000000000003,0.2,2.3000000000000003,301.0,-0.1,-11.4,3.5,11.0,-83.2,0.0,0.0,219.7,0.0,22.1,29.0,29.0,32.0,300.0,300.0,29.5,35.5,30.8,30.3,32.7,4.95,2.0,4.96,0.16,0.0,0.0,1027.0,8228.0,0.0,0.0,0.0,0.0,0.0,1.0,0.0,0.0,0.0,-0.001,0.0,0.9,0.0,-15.1,-12.8,0.0154,16.0,25903.0
2026-07-30T18:57:45.839Z,35.322,35.334,-7.5,7.4,0.0,0.0,0.0,0.0,0.0,1.0,1.0,0.0,1.0,0.0,0.0,0.0,8.0,6.0,0.0,0.0,0.0,0.0,0.0,0.0,0.0,0.0,6.0,12.0,1.0,12.04,5.01,2.51,1.49,-2.3000000000000003,0.2,2.3000000000000003,301.1,-0.1,-11.4,2.3000000000000003,10.4,-83.2,0.0,0.0,219.7,0.0,22.1,29.0,29.0,32.0,300.0,300.0,29.5,35.5,30.8,30.3,32.7,4.95,2.0,4.96,0.16,0.0,0.0,1027.0,8228.0,0.0,0.0,0.0,0.0,0.0,1.0,0.0,0.0,0.0,-0.001,0.0,0.0,0.0,-13.6,-12.8,0.0155,16.0,25903.0
2026-07-30T18:57:45.851Z,35.334,35.346000000000004,-7.5,7.4,0.0,0.0,0.0,0.0,0.0,1.0,1.0,0.0,1.0,0.0,0.0,0.0,8.0,6.0,0.0,0.0,0.0,0.0,0.0,0.0,0.0,0.0,1.0,12.0,1.0,12.04,5.01,2.51,1.49,-2.3000000000000003,0.2,2.3000000000000003,301.1,-0.1,-12.6,2.3000000000000003,9.9,-83.2,0.0,0.0,219.7,0.0,22.1,29.0,29.0,32.0,300.0,300.0,29.5,35.5,30.8,30.3,32.7,4.96,2.0,4.96,0.16,0.0,0.0,1027.0,8228.0,0.0,0.0,0.0,0.0,0.0,1.0,0.0,0.0,0.0,-0.001,0.0,0.1,0.0,-12.9,-12.8,0.0158,16.0,25903.0
2026-07-30T18:57:45.863Z,35.346,35.358000000000004,-7.4,7.4,0.0,0.0,0.0,0.0,0.0,1.0,1.0,0.0,1.0,0.0,0.0,0.0,8.0,6.0,0.0,0.0,0.0,0.0,0.0,0.0,0.0,0.0,2.0,12.0,1.0,12.04,5.01,2.51,1.49,-2.4000000000000004,0.2,2.4000000000000004,301.0,-0.1,-11.4,2.3000000000000003,9.3,-83.2,0.0,0.0,219.7,0.0,22.1,29.0,29.0,32.0,300.0,300.0,29.5,35.5,30.8,30.3,32.7,4.95,2.0,4.96,0.16,0.0,0.0,1027.0,8228.0,0.0,0.0,0.0,0.0,0.0,1.0,0.0,0.0,0.0,-0.001,0.0,0.2,0.0,-12.3,-12.7,0.0159,16.0,25903.0
2026-07-30T18:57:45.875Z,35.358,35.37,-7.4,7.4,0.0,0.0,0.0,0.0,0.0,1.0,1.0,0.0,1.0,0.0,0.0,0.0,8.0,6.0,0.0,0.0,0.0,0.0,0.0,0.0,0.0,0.0,3.0,12.0,1.0,12.04,5.01,2.51,1.49,-2.4000000000000004,0.3,2.4000000000000004,301.0,-0.1,-10.9,1.1,8.700000000000001,-83.2,0.0,0.0,219.8,0.0,22.1,29.0,29.0,32.0,300.0,300.0,29.5,35.5,30.8,30.3,32.7,4.96,2.0,4.97,0.16,0.0,0.0,1027.0,8228.0,0.0,0.0,0.0,0.0,0.0,1.0,0.0,0.0,0.0,-0.001,0.0,-0.6000000000000001,0.0,-10.7,-12.8,0.0161,16.0,25903.0
2026-07-30T18:57:45.887Z,35.37,35.382,-7.4,7.4,0.0,0.0,0.0,0.0,0.0,1.0,1.0,0.0,1.0,0.0,0.0,0.0,8.0,6.0,0.0,0.0,0.0,0.0,0.0,0.0,0.0,0.0,4.0,12.0,1.0,12.04,5.01,2.51,1.49,-2.3000000000000003,0.2,2.4000000000000004,301.1,-0.1,-12.0,2.3000000000000003,9.9,-83.2,0.0,0.0,219.7,0.0,22.1,29.0,29.0,32.0,300.0,300.0,29.5,35.5,30.8,30.3,32.7,4.96,2.0,4.96,0.16,0.0,0.0,1027.0,8228.0,0.0,0.0,0.0,0.0,0.0,1.0,0.0,0.0,0.0,-0.001,0.0,0.1,0.0,-12.9,-12.8,0.0164,16.0,25903.0
2026-07-30T18:57:45.900Z,35.383,35.394,-7.5,7.4,0.0,0.0,0.0,0.0,0.0,1.0,1.0,0.0,1.0,0.0,0.0,0.0,8.0,6.0,0.0,0.0,0.0,0.0,0.0,0.0,0.0,0.0,6.0,12.0,1.0,12.01,5.01,2.51,1.49,-2.3000000000000003,0.2,2.3000000000000003,301.1,-0.1,-11.4,3.5,9.3,-83.10000000000001,0.0,0.0,219.6,0.0,21.9,29.0,29.0,32.1,300.0,300.0,29.4,35.300000000000004,30.8,30.4,32.7,4.96,2.0,4.96,0.16,0.0,0.0,1027.0,8228.0,0.0,0.0,0.0,0.0,0.0,1.0,0.0,0.0,0.0,-0.001,0.0,1.3,0.0,-13.1,-12.8,0.016,16.0,25903.0
2026-07-30T18:57:45.911Z,35.394,35.406,-7.4,7.4,0.0,0.0,0.0,0.0,0.0,1.0,1.0,0.0,1.0,0.0,0.0,0.0,8.0,6.0,0.0,0.0,0.0,0.0,0.0,0.0,0.0,0.0,1.0,12.0,1.0,12.01,5.01,2.51,1.49,-2.4000000000000004,0.2,2.4000000000000004,301.0,0.0,-11.4,2.3000000000000003,9.3,-83.10000000000001,0.0,0.0,219.8,0.0,21.9,29.0,29.0,32.1,300.0,300.0,29.4,35.300000000000004,30.8,30.4,32.7,4.95,2.0,4.96,0.16,0.0,0.0,1027.0,8228.0,0.0,0.0,0.0,0.0,0.0,1.0,0.0,0.0,0.0,-0.001,0.0,0.2,0.0,-12.3,-12.7,0.0159,16.0,25903.0
2026-07-30T18:57:45.923Z,35.406,35.418,-7.4,7.4,0.0,0.0,0.0,0.0,0.0,1.0,1.0,0.0,1.0,0.0,0.0,0.0,8.0,6.0,0.0,0.0,0.0,0.0,0.0,0.0,0.0,0.0,2.0,12.0,1.0,12.01,5.01,2.51,1.49,-2.3000000000000003,0.2,2.3000000000000003,301.1,0.0,-13.2,2.9000000000000004,10.4,-83.10000000000001,0.0,0.0,219.7,0.0,21.9,29.0,29.0,32.1,300.0,300.0,29.4,35.300000000000004,30.8,30.4,32.7,4.96,2.0,4.96,0.16,0.0,0.0,1027.0,8228.0,0.0,0.0,0.0,0.0,0.0,1.0,0.0,0.0,0.0,-0.001,0.0,0.5,0.0,-14.0,-12.8,0.0161,16.0,25903.0
2026-07-30T18:57:45.935Z,35.418,35.43,-7.5,7.4,0.0,0.0,0.0,0.0,0.0,1.0,1.0,0.0,1.0,0.0,0.0,0.0,8.0,6.0,0.0,0.0,0.0,0.0,0.0,0.0,0.0,0.0,3.0,12.0,1.0,12.01,5.01,2.51,1.49,-2.3000000000000003,0.2,2.3000000000000003,301.1,0.0,-11.4,2.3000000000000003,9.9,-83.10000000000001,0.0,0.0,219.8,0.0,21.9,29.0,29.0,32.1,300.0,300.0,29.4,35.300000000000004,30.8,30.4,32.7,4.96,2.0,4.96,0.16,0.0,0.0,1027.0,8228.0,0.0,0.0,0.0,0.0,0.0,1.0,0.0,0.0,0.0,-0.001,0.0,0.1,0.0,-12.9,-12.8,0.0162,16.0,25903.0
2026-07-30T18:57:45.947Z,35.43,35.442,-7.5,7.4,0.0,0.0,0.0,0.0,0.0,1.0,1.0,0.0,1.0,0.0,0.0,0.0,8.0,6.0,0.0,0.0,0.0,0.0,0.0,0.0,0.0,0.0,4.0,12.0,1.0,12.01,5.01,2.51,1.49,-2.4000000000000004,0.2,2.4000000000000004,301.1,-0.1,-12.0,1.7000000000000002,8.1,-83.10000000000001,0.0,0.0,219.8,0.0,21.9,29.0,29.0,32.1,300.0,300.0,29.4,35.300000000000004,30.8,30.4,32.7,4.95,2.0,4.96,0.16,0.0,0.0,1027.0,8228.0,0.0,0.0,0.0,0.0,0.0,1.0,0.0,0.0,0.0,-0.001,0.0,0.0,0.0,-10.5,-12.7,0.016,16.0,25903.0
2026-07-30T18:57:45.962Z,35.445,35.454,-7.4,7.4,0.0,0.0,0.0,0.0,0.0,1.0,1.0,0.0,1.0,0.0,0.0,0.0,8.0,6.0,0.0,0.0,0.0,0.0,0.0,0.0,0.0,0.0,5.0,12.0,1.0,12.01,5.01,2.51,1.49,-2.4000000000000004,0.2,2.4000000000000004,301.1,0.0,-12.0,2.3000000000000003,8.700000000000001,-83.10000000000001,0.0,0.0,219.9,0.0,21.9,29.0,29.0,32.1,300.0,300.0,29.4,35.300000000000004,30.8,30.4,32.7,4.95,2.0,4.96,0.16,0.0,0.0,1027.0,8228.0,0.0,0.0,0.0,0.0,0.0,1.0,0.0,0.0,0.0,-0.001,0.0,0.3,0.0,-11.6,-12.7,0.016,16.0,25903.0
2026-07-30T18:57:45.972Z,35.455,35.466,-7.4,7.4,0.0,0.0,0.0,0.0,0.0,1.0,1.0,0.0,1.0,0.0,0.0,0.0,8.0,6.0,0.0,0.0,0.0,0.0,0.0,0.0,0.0,0.0,5.0,12.0,1.0,12.01,5.01,2.51,1.49,-2.4000000000000004,0.3,2.4000000000000004,301.0,0.0,-12.6,1.1,9.3,-83.10000000000001,0.0,0.0,219.9,0.0,21.9,29.0,29.0,32.1,300.0,300.0,29.4,35.300000000000004,30.8,30.4,32.7,4.96,2.0,4.96,0.16,0.0,0.0,1027.0,8228.0,0.0,0.0,0.0,0.0,0.0,1.0,0.0,0.0,0.0,-0.001,0.0,-0.8,0.0,-11.4,-12.8,0.0161,16.0,25903.0
2026-07-30T18:57:45.983Z,35.466,35.478,-7.4,7.4,0.0,0.0,0.0,0.0,0.0,1.0,1.0,0.0,1.0,0.0,0.0,0.0,8.0,6.0,0.0,0.0,0.0,0.0,0.0,0.0,0.0,0.0,5.0,12.0,1.0,12.01,5.01,2.51,1.49,-2.4000000000000004,0.3,2.5,301.1,0.0,-13.2,0.5,8.1,-83.10000000000001,0.0,0.0,219.7,0.0,21.9,29.0,29.0,32.1,300.0,300.0,29.4,35.300000000000004,30.8,30.4,32.7,4.96,2.0,4.97,0.17,0.0,0.0,1027.0,8228.0,0.0,0.0,0.0,0.0,0.0,1.0,0.0,0.0,0.0,-0.001,0.0,-1.0,0.0,-9.7,-12.8,0.0161,16.0,25903.0
2026-07-30T18:57:45.995Z,35.478,35.49,-7.5,7.4,0.0,0.0,0.0,0.0,0.0,1.0,1.0,0.0,1.0,0.0,0.0,0.0,8.0,6.0,0.0,0.0,0.0,0.0,0.0,0.0,0.0,0.0,6.0,12.0,1.0,12.01,5.01,2.51,1.49,-2.3000000000000003,0.3,2.4000000000000004,301.1,-0.1,-13.8,1.7000000000000002,9.9,-83.10000000000001,0.0,0.0,219.6,0.0,21.9,29.0,29.0,32.1,300.0,300.0,29.4,35.300000000000004,30.8,30.4,32.7,4.95,2.0,4.97,0.16,0.0,0.0,1027.0,8228.0,0.0,0.0,0.0,0.0,0.0,1.0,0.0,0.0,0.0,-0.001,0.0,0.3,0.0,-15.4,-12.8,0.0155,16.0,25903.0
2026-07-30T18:57:46.006Z,35.489,35.502,-7.4,7.4,0.0,0.0,0.0,0.0,0.0,1.0,1.0,0.0,1.0,0.0,0.0,0.0,8.0,6.0,0.0,0.0,0.0,0.0,0.0,0.0,0.0,0.0,1.0,12.0,1.0,12.06,5.0200000000000005,2.5,1.49,-2.4000000000000004,0.3,2.4000000000000004,301.0,-0.1,-13.2,1.7000000000000002,8.1,-83.10000000000001,0.0,0.0,219.7,0.0,21.9,29.0,29.0,32.1,300.0,300.0,29.5,35.2,30.9,30.4,32.7,4.96,2.0,4.96,0.16,0.0,0.0,1027.0,8228.0,0.0,0.0,0.0,0.0,0.0,1.0,0.0,0.0,0.0,-0.001,0.0,0.4,0.0,-14.7,-12.7,0.0153,16.0,25903.0
2026-07-30T18:57:46.018Z,35.501,35.514,-7.4,7.4,0.0,0.0,0.0,0.0,0.0,1.0,1.0,0.0,1.0,0.0,0.0,0.0,8.0,6.0,0.0,0.0,0.0,0.0,0.0,0.0,0.0,0.0,2.0,12.0,1.0,12.06,5.0200000000000005,2.5,1.49,-2.3000000000000003,0.2,2.4000000000000004,301.0,-0.1,-12.0,0.0,8.700000000000001,-83.10000000000001,0.0,0.0,219.7,0.0,21.9,29.0,29.0,32.1,300.0,300.0,29.5,35.2,30.9,30.4,32.7,4.95,2.0,4.97,0.16,0.0,0.0,1027.0,8228.0,0.0,0.0,0.0,0.0,0.0,1.0,0.0,0.0,0.0,-0.001,0.0,0.2,0.0,-12.3,-12.8,0.0155,16.0,25903.0
2026-07-30T18:57:46.031Z,35.514,35.526,-7.5,7.4,0.0,0.0,0.0,0.0,0.0,1.0,1.0,0.0,1.0,0.0,0.0,0.0,8.0,6.0,0.0,0.0,0.0,0.0,0.0,0.0,0.0,0.0,3.0,12.0,1.0,12.06,5.0200000000000005,2.5,1.49,-2.2,0.2,2.2,301.1,-0.1,-10.9,2.9000000000000004,11.0,-83.10000000000001,0.0,0.0,219.7,0.0,21.9,29.0,29.0,32.1,300.0,300.0,29.5,35.2,30.9,30.4,32.7,4.95,2.0,4.96,0.16,0.0,0.0,1027.0,8228.0,0.0,0.0,0.0,0.0,0.0,1.0,0.0,0.0,0.0,-0.001,0.0,2.1,0.0,-15.3,-12.8,0.016,16.0,25903.0
2026-07-30T18:57:46.043Z,35.526,35.538000000000004,-7.5,7.4,0.0,0.0,0.0,0.0,0.0,1.0,1.0,0.0,1.0,0.0,0.0,0.0,8.0,6.0,0.0,0.0,0.0,0.0,0.0,0.0,0.0,0.0,5.0,12.0,1.0,12.06,5.0200000000000005,2.5,1.49,-2.3000000000000003,0.2,2.3000000000000003,301.1,-0.1,-11.4,2.9000000000000004,11.0,-83.10000000000001,0.0,0.0,219.6,0.0,21.9,29.0,29.0,32.1,300.0,300.0,29.5,35.2,30.9,30.4,32.7,4.95,2.0,4.96,0.16,0.0,0.0,1027.0,8228.0,0.0,0.0,0.0,0.0,0.0,1.0,0.0,0.0,0.0,-0.001,0.0,0.4,0.0,-14.7,-12.7,0.0153,16.0,25903.0
2026-07-30T18:57:46.055Z,35.538,35.550000000000004,-7.4,7.4,0.0,0.0,0.0,0.0,0.0,1.0,1.0,0.0,1.0,0.0,0.0,0.0,8.0,6.0,0.0,0.0,0.0,0.0,0.0,0.0,0.0,0.0,6.0,12.0,1.0,12.06,5.0200000000000005,2.5,1.49,-2.3000000000000003,0.2,2.3000000000000003,301.1,-0.1,-11.4,2.3000000000000003,10.4,-83.10000000000001,0.0,0.0,219.8,0.0,21.9,29.0,29.0,32.1,300.0,300.0,29.5,35.2,30.9,30.4,32.7,4.96,2.0,4.96,0.16,0.0,0.0,1027.0,8228.0,0.0,0.0,0.0,0.0,0.0,1.0,0.0,0.0,0.0,-0.001,0.0,0.0,0.0,-13.6,-12.7,0.0154,16.0,25903.0
2026-07-30T18:57:46.067Z,35.55,35.562,-7.4,7.4,0.0,0.0,0.0,0.0,0.0,1.0,1.0,0.0,1.0,0.0,0.0,0.0,8.0,6.0,0.0,0.0,0.0,0.0,0.0,0.0,0.0,0.0,1.0,12.0,1.0,12.06,5.0200000000000005,2.5,1.49,-2.3000000000000003,0.2,2.3000000000000003,301.1,-0.1,-11.4,2.3000000000000003,9.9,-83.10000000000001,0.0,0.0,219.8,0.0,21.9,29.0,29.0,32.1,300.0,300.0,29.5,35.2,30.9,30.4,32.7,4.95,2.0,4.96,0.16,0.0,0.0,1027.0,8228.0,0.0,0.0,0.0,0.0,0.0,1.0,0.0,0.0,0.0,-0.001,0.0,0.1,0.0,-12.9,-12.8,0.0157,16.0,25903.0
2026-07-30T18:57:46.078Z,35.561,35.574,-7.5,7.4,0.0,0.0,0.0,0.0,0.0,1.0,1.0,0.0,1.0,0.0,0.0,0.0,8.0,6.0,0.0,0.0,0.0,0.0,0.0,0.0,0.0,0.0,2.0,12.0,1.0,12.06,5.0200000000000005,2.5,1.49,-2.3000000000000003,0.2,2.3000000000000003,301.2,-0.1,-11.4,2.9000000000000004,10.4,-83.10000000000001,0.0,0.0,219.6,0.0,21.9,29.0,29.0,32.1,300.0,300.0,29.5,35.2,30.9,30.4,32.7,4.95,2.0,4.96,0.16,0.0,0.0,1027.0,8228.0,0.0,0.0,0.0,0.0,0.0,1.0,0.0,0.0,0.0,-0.001,0.0,0.5,0.0,-14.0,-12.8,0.0159,16.0,25903.0
2026-07-30T18:57:46.091Z,35.574,35.586,-7.5,7.4,0.0,0.0,0.0,0.0,0.0,1.0,1.0,0.0,1.0,0.0,0.0,0.0,8.0,6.0,0.0,0.0,0.0,0.0,0.0,0.0,0.0,0.0,3.0,12.0,1.0,12.06,5.0200000000000005,2.5,1.49,-2.3000000000000003,0.2,2.3000000000000003,301.0,-0.1,-12.0,2.9000000000000004,9.9,-83.10000000000001,0.0,0.0,219.6,0.0,21.9,29.0,29.0,32.1,300.0,300.0,29.5,35.2,30.9,30.4,32.7,4.96,2.0,4.96,0.16,0.0,0.0,1027.0,8228.0,0.0,0.0,0.0,0.0,0.0,1.0,0.0,0.0,0.0,-0.001,0.0,0.6000000000000001,0.0,-13.4,-12.8,0.0156,16.0,25903.0
2026-07-30T18:57:46.104Z,35.587,35.598,-7.4,7.4,0.0,0.0,0.0,0.0,0.0,1.0,1.0,0.0,1.0,0.0,0.0,0.0,8.0,6.0,0.0,0.0,0.0,0.0,0.0,0.0,0.0,0.0,5.0,12.0,1.0,12.05,5.0200000000000005,2.51,1.49,-2.3000000000000003,0.2,2.3000000000000003,301.1,0.0,-12.0,3.5,11.0,-83.10000000000001,0.0,0.0,219.7,0.0,22.1,29.0,29.0,32.1,300.0,300.0,29.4,35.300000000000004,30.9,30.4,32.800000000000004,4.95,2.0,4.97,0.16,0.0,0.0,1027.0,8228.0,0.0,0.0,0.0,0.0,0.0,1.0,0.0,0.0,0.0,-0.001,0.0,0.9,0.0,-15.1,-12.8,0.0158,16.0,25903.0
2026-07-30T18:57:46.115Z,35.598,35.61,-7.5,7.4,0.0,0.0,0.0,0.0,0.0,1.0,1.0,0.0,1.0,0.0,0.0,0.0,8.0,6.0,0.0,0.0,0.0,0.0,0.0,0.0,0.0,0.0,5.0,12.0,1.0,12.05,5.0200000000000005,2.51,1.49,-2.3000000000000003,0.2,2.3000000000000003,301.1,0.0,-12.0,2.3000000000000003,11.0,-83.10000000000001,0.0,0.0,219.6,0.0,22.1,29.0,29.0,32.1,300.0,300.0,29.4,35.300000000000004,30.9,30.4,32.800000000000004,4.96,2.0,4.97,0.16,0.0,0.0,1027.0,8228.0,0.0,0.0,0.0,0.0,0.0,1.0,0.0,0.0,0.0,-0.001,0.0,0.0,0.0,-14.3,-12.8,0.0154,16.0,25903.0
2026-07-30T18:57:46.129Z,35.612,35.622,-7.5,7.4,0.0,0.0,0.0,0.0,0.0,1.0,1.0,0.0,1.0,0.0,0.0,0.0,8.0,6.0,0.0,0.0,0.0,0.0,0.0,0.0,0.0,0.0,6.0,12.0,1.0,12.05,5.0200000000000005,2.51,1.49,-2.3000000000000003,0.2,2.3000000000000003,301.0,0.0,-11.4,2.3000000000000003,9.9,-83.10000000000001,0.0,0.0,219.7,0.0,22.1,29.0,29.0,32.1,300.0,300.0,29.4,35.300000000000004,30.9,30.4,32.800000000000004,4.96,2.0,4.96,0.16,0.0,0.0,1027.0,8228.0,0.0,0.0,0.0,0.0,0.0,1.0,0.0,0.0,0.0,-0.001,0.0,0.1,0.0,-12.9,-12.8,0.0156,16.0,25903.0
2026-07-30T18:57:46.139Z,35.622,35.634,-7.5,7.4,0.0,0.0,0.0,0.0,0.0,1.0,1.0,0.0,1.0,0.0,0.0,0.0,8.0,6.0,0.0,0.0,0.0,0.0,0.0,0.0,0.0,0.0,5.0,12.0,1.0,12.05,5.0200000000000005,2.51,1.49,-2.4000000000000004,0.2,2.4000000000000004,301.0,0.0,-12.0,1.7000000000000002,9.3,-83.10000000000001,0.0,0.0,219.7,0.0,22.1,29.0,29.0,32.1,300.0,300.0,29.4,35.300000000000004,30.9,30.4,32.800000000000004,4.96,2.0,4.96,0.16,0.0,0.0,1027.0,8228.0,0.0,0.0,0.0,0.0,0.0,1.0,0.0,0.0,0.0,-0.001,0.0,-0.2,0.0,-11.8,-12.7,0.0158,16.0,25903.0
2026-07-30T18:57:46.151Z,35.634,35.646,-7.4,7.4,0.0,0.0,0.0,0.0,0.0,1.0,1.0,0.0,1.0,0.0,0.0,0.0,8.0,6.0,0.0,0.0,0.0,0.0,0.0,0.0,0.0,0.0,6.0,12.0,1.0,12.05,5.0200000000000005,2.51,1.49,-2.4000000000000004,0.3,2.4000000000000004,301.0,0.0,-11.4,1.7000000000000002,9.9,-83.10000000000001,0.0,0.0,219.7,0.0,22.1,29.0,29.0,32.1,300.0,300.0,29.4,35.300000000000004,30.9,30.4,32.800000000000004,4.95,2.0,4.97,0.16,0.0,0.0,1027.0,8228.0,0.0,0.0,0.0,0.0,0.0,1.0,0.0,0.0,0.0,-0.001,0.0,-0.3,0.0,-12.5,-12.8,0.0161,16.0,25903.0
2026-07-30T18:57:46.163Z,35.646,35.658,-7.4,7.4,0.0,0.0,0.0,0.0,0.0,1.0,1.0,0.0,1.0,0.0,0.0,0.0,8.0,6.0,0.0,0.0,0.0,0.0,0.0,0.0,0.0,0.0,1.0,12.0,1.0,12.05,5.0200000000000005,2.51,1.49,-2.4000000000000004,0.3,2.5,301.0,0.0,-13.8,0.5,8.700000000000001,-83.10000000000001,0.0,0.0,219.7,0.0,22.1,29.0,29.0,32.1,300.0,300.0,29.4,35.300000000000004,30.9,30.4,32.800000000000004,4.95,2.0,4.96,0.16,0.0,0.0,1027.0,8228.0,0.0,0.0,0.0,0.0,0.0,1.0,0.0,0.0,0.0,-0.001,0.0,-1.1,0.0,-10.3,-12.9,0.0161,16.0,25903.0
2026-07-30T18:57:46.174Z,35.657,35.67,-7.5,7.4,0.0,0.0,0.0,0.0,0.0,1.0,1.0,0.0,1.0,0.0,0.0,0.0,8.0,6.0,0.0,0.0,0.0,0.0,0.0,0.0,0.0,0.0,3.0,12.0,1.0,12.05,5.0200000000000005,2.51,1.49,-2.4000000000000004,0.3,2.5,301.1,0.0,-13.2,0.5,8.1,-83.0,0.0,0.0,219.6,0.0,22.1,29.0,29.0,32.1,300.0,300.0,29.4,35.300000000000004,30.9,30.4,32.800000000000004,4.95,2.0,4.97,0.16,0.0,0.0,1027.0,8228.0,0.0,0.0,0.0,0.0,0.0,1.0,0.0,0.0,0.0,-0.001,0.0,-1.0,0.0,-9.7,-12.8,0.0166,16.0,25903.0
2026-07-30T18:57:46.187Z,35.67,35.682,-7.5,7.4,0.0,0.0,0.0,0.0,0.0,1.0,1.0,0.0,1.0,0.0,0.0,0.0,8.0,6.0,0.0,0.0,0.0,0.0,0.0,0.0,0.0,0.0,5.0,12.0,1.0,12.05,5.0200000000000005,2.51,1.49,-2.4000000000000004,0.2,2.4000000000000004,301.0,0.0,-12.6,2.3000000000000003,8.700000000000001,-83.0,0.0,0.0,219.6,0.0,22.1,29.0,29.0,32.1,300.0,300.0,29.4,35.300000000000004,30.9,30.4,32.800000000000004,4.95,2.0,4.97,0.16,0.0,0.0,1027.0,8228.0,0.0,0.0,0.0,0.0,0.0,1.0,0.0,0.0,0.0,-0.001,0.0,0.4,0.0,-11.6,-12.7,0.0167,16.0,25903.0
2026-07-30T18:57:46.199Z,35.682,35.694,-7.4,7.4,0.0,0.0,0.0,0.0,0.0,1.0,1.0,0.0,1.0,0.0,0.0,0.0,8.0,6.0,0.0,0.0,0.0,0.0,0.0,0.0,0.0,0.0,6.0,12.0,1.0,12.05,5.0200000000000005,2.51,1.49,-2.4000000000000004,0.3,2.4000000000000004,301.0,0.0,-12.6,1.7000000000000002,9.3,-83.0,0.0,0.0,219.6,0.0,22.1,29.0,29.0,32.1,300.0,300.0,29.4,35.300000000000004,30.9,30.4,32.800000000000004,4.96,2.0,4.96,0.16,0.0,0.0,1027.0,8228.0,0.0,0.0,0.0,0.0,0.0,1.0,0.0,0.0,0.0,-0.001,0.0,-0.2,0.0,-11.8,-12.8,0.0163,16.0,25903.0
2026-07-30T18:57:46.211Z,35.694,35.706,-7.4,7.4,0.0,0.0,0.0,0.0,0.0,1.0,1.0,0.0,1.0,0.0,0.0,0.0,8.0,6.0,0.0,0.0,0.0,0.0,0.0,0.0,0.0,0.0,1.0,12.0,1.0,12.08,5.01,2.51,1.49,-2.4000000000000004,0.3,2.5,301.1,0.0,-12.6,0.5,8.1,-83.0,0.0,0.0,219.6,0.0,22.1,29.1,29.1,32.2,300.0,300.0,29.4,35.4,30.9,30.4,32.800000000000004,4.96,2.0,4.96,0.16,0.0,0.0,1027.0,8228.0,0.0,0.0,0.0,0.0,0.0,1.0,0.0,0.0,0.0,-0.001,0.0,-1.0,0.0,-9.7,-12.8,0.0163,16.0,25903.0
2026-07-30T18:57:46.223Z,35.706,35.718,-7.5,7.4,0.0,0.0,0.0,0.0,0.0,1.0,1.0,0.0,1.0,0.0,0.0,0.0,8.0,6.0,0.0,0.0,0.0,0.0,0.0,0.0,0.0,0.0,2.0,12.0,1.0,12.08,5.01,2.51,1.49,-2.3000000000000003,0.3,2.4000000000000004,301.0,-0.1,-13.2,1.7000000000000002,10.4,-83.0,0.0,0.0,219.5,0.0,22.1,29.1,29.1,32.2,300.0,300.0,29.4,35.4,30.9,30.4,32.800000000000004,4.96,2.0,4.96,0.16,0.0,0.0,1027.0,8228.0,0.0,0.0,0.0,0.0,0.0,1.0,0.0,0.0,0.0,-0.001,0.0,-0.4,0.0,-13.2,-12.8,0.0167,16.0,25903.0
2026-07-30T18:57:46.235Z,35.718,35.730000000000004,-7.5,7.4,0.0,0.0,0.0,0.0,0.0,1.0,1.0,0.0,1.0,0.0,0.0,0.0,8.0,6.0,0.0,0.0,0.0,0.0,0.0,0.0,0.0,0.0,3.0,12.0,1.0,12.08,5.01,2.51,1.49,-2.3000000000000003,0.3,2.4000000000000004,301.1,-0.1,-12.0,1.7000000000000002,9.9,-82.9,0.0,0.0,219.5,0.0,22.1,29.1,29.1,32.2,300.0,300.0,29.4,35.4,30.9,30.4,32.800000000000004,4.95,2.0,4.96,0.16,0.0,0.0,1027.0,8228.0,0.0,0.0,0.0,0.0,0.0,1.0,0.0,0.0,0.0,-0.001,0.0,-0.3,0.0,-12.5,-12.8,0.0159,16.0,25903.0
2026-07-30T18:57:46.247Z,35.73,35.742,-7.4,7.4,0.0,0.0,0.0,0.0,0.0,1.0,1.0,0.0,1.0,0.0,0.0,0.0,8.0,6.0,0.0,0.0,0.0,0.0,0.0,0.0,0.0,0.0,5.0,12.0,1.0,12.08,5.01,2.51,1.49,-2.3000000000000003,0.3,2.3000000000000003,301.1,-0.1,-11.4,2.3000000000000003,9.9,-82.9,0.0,0.0,219.6,0.0,22.1,29.1,29.1,32.2,300.0,300.0,29.4,35.4,30.9,30.4,32.800000000000004,4.95,2.0,4.96,0.16,0.0,0.0,1027.0,8228.0,0.0,0.0,0.0,0.0,0.0,1.0,0.0,0.0,0.0,-0.001,0.0,0.1,0.0,-12.9,-12.7,0.016,16.0,25903.0
2026-07-30T18:57:46.259Z,35.742,35.754,-7.4,7.4,0.0,0.0,0.0,0.0,0.0,1.0,1.0,0.0,1.0,0.0,0.0,0.0,8.0,6.0,0.0,0.0,0.0,0.0,0.0,0.0,0.0,0.0,6.0,12.0,1.0,12.08,5.01,2.51,1.49,-2.4000000000000004,0.3,2.4000000000000004,300.90000000000003,-0.1,-13.2,1.7000000000000002,8.1,-82.9,0.0,0.0,219.7,0.0,22.1,29.1,29.1,32.2,300.0,300.0,29.4,35.4,30.9,30.4,32.800000000000004,4.95,2.0,4.96,0.16,0.0,0.0,1027.0,8228.0,0.0,0.0,0.0,0.0,0.0,1.0,0.0,0.0,0.0,-0.001,0.0,0.0,0.0,-10.5,-12.8,0.0159,16.0,25903.0
2026-07-30T18:57:46.276Z,35.759,35.766,-7.4,7.4,0.0,0.0,0.0,0.0,0.0,1.0,1.0,0.0,1.0,0.0,0.0,0.0,8.0,6.0,0.0,0.0,0.0,0.0,0.0,0.0,0.0,0.0,1.0,12.0,1.0,12.08,5.01,2.51,1.49,-2.3000000000000003,0.2,2.4000000000000004,301.1,-0.1,-10.9,2.3000000000000003,9.9,-82.9,0.0,0.0,219.6,0.0,22.1,29.1,29.1,32.2,300.0,300.0,29.4,35.4,30.9,30.4,32.800000000000004,4.95,2.0,4.96,0.16,0.0,0.0,1027.0,8228.0,0.0,0.0,0.0,0.0,0.0,1.0,0.0,0.0,0.0,-0.001,0.0,0.1,0.0,-12.9,-12.8,0.0165,16.0,25903.0
2026-07-30T18:57:46.282Z,35.765,35.778,-7.5,7.4,0.0,0.0,0.0,0.0,0.0,1.0,1.0,0.0,1.0,0.0,0.0,0.0,8.0,6.0,0.0,0.0,0.0,0.0,0.0,0.0,0.0,0.0,6.0,12.0,1.0,12.08,5.01,2.51,1.49,-2.3000000000000003,0.2,2.3000000000000003,301.1,-0.1,-11.4,2.9000000000000004,9.9,-82.9,0.0,0.0,219.6,0.0,22.1,29.1,29.1,32.2,300.0,300.0,29.4,35.4,30.9,30.4,32.800000000000004,4.94,2.0,4.96,0.16,0.0,0.0,1027.0,8228.0,0.0,0.0,0.0,0.0,0.0,1.0,0.0,0.0,0.0,-0.001,0.0,0.7000000000000001,0.0,-13.4,-12.8,0.016,16.0,25903.0
2026-07-30T18:57:46.295Z,35.778,35.79,-7.4,7.4,0.0,0.0,0.0,0.0,0.0,1.0,1.0,0.0,1.0,0.0,0.0,0.0,8.0,6.0,0.0,0.0,0.0,0.0,0.0,0.0,0.0,0.0,2.0,12.0,1.0,12.08,5.01,2.51,1.49,-2.4000000000000004,0.3,2.4000000000000004,301.0,-0.1,-10.9,1.7000000000000002,9.9,-82.9,0.0,0.0,219.6,0.0,22.1,29.1,29.1,32.2,300.0,300.0,29.4,35.4,30.9,30.4,32.800000000000004,4.95,2.0,4.96,0.16,0.0,0.0,1027.0,8228.0,0.0,0.0,0.0,0.0,0.0,1.0,0.0,0.0,0.0,-0.001,0.0,-0.3,0.0,-12.5,-12.8,0.0159,16.0,25903.0
2026-07-30T18:57:46.308Z,35.791,35.802,-7.5,7.4,0.0,0.0,0.0,0.0,0.0,1.0,1.0,0.0,1.0,0.0,0.0,0.0,8.0,6.0,0.0,0.0,0.0,0.0,0.0,0.0,0.0,0.0,3.0,12.0,1.0,12.09,5.0200000000000005,2.51,1.5,-2.2,0.2,2.3000000000000003,301.1,-0.1,-10.9,2.9000000000000004,12.2,-82.9,0.0,0.0,219.7,0.0,22.200000000000003,29.1,29.1,32.2,300.0,300.0,29.5,35.4,31.0,30.4,32.9,4.95,2.0,4.97,0.16,0.0,0.0,1027.0,8228.0,0.0,0.0,0.0,0.0,0.0,1.0,0.0,0.0,0.0,-0.001,0.0,0.2,0.0,-16.0,-12.8,0.0162,16.0,25903.0
2026-07-30T18:57:46.319Z,35.802,35.814,-7.5,7.4,0.0,0.0,0.0,0.0,0.0,1.0,1.0,0.0,1.0,0.0,0.0,0.0,8.0,6.0,0.0,0.0,0.0,0.0,0.0,0.0,0.0,0.0,4.0,12.0,1.0,12.09,5.0200000000000005,2.51,1.5,-2.2,0.2,2.3000000000000003,301.1,-0.1,-10.9,3.5,11.0,-83.0,0.0,0.0,219.7,0.0,22.200000000000003,29.1,29.1,32.2,300.0,300.0,29.5,35.4,31.0,30.4,32.9,4.95,2.0,4.96,0.16,0.0,0.0,1027.0,8228.0,0.0,0.0,0.0,0.0,0.0,1.0,0.0,0.0,0.0,-0.001,0.0,0.9,0.0,-15.1,-12.7,0.0153,16.0,25903.0
2026-07-30T18:57:46.330Z,35.813,35.826,-7.5,7.4,0.0,0.0,0.0,0.0,0.0,1.0,1.0,0.0,1.0,0.0,0.0,0.0,8.0,6.0,0.0,0.0,0.0,0.0,0.0,0.0,0.0,0.0,5.0,12.0,1.0,12.09,5.0200000000000005,2.51,1.5,-2.3000000000000003,0.2,2.3000000000000003,301.0,-0.1,-11.4,2.9000000000000004,9.9,-83.0,0.0,0.0,219.8,0.0,22.200000000000003,29.1,29.1,32.2,300.0,300.0,29.5,35.4,31.0,30.4,32.9,4.95,2.0,4.96,0.16,0.0,0.0,1027.0,8228.0,0.0,0.0,0.0,0.0,0.0,1.0,0.0,0.0,0.0,-0.001,0.0,0.6000000000000001,0.0,-13.4,-12.7,0.0153,16.0,25903.0
2026-07-30T18:57:46.343Z,35.826,35.838,-7.4,7.4,0.0,0.0,0.0,0.0,0.0,1.0,1.0,0.0,1.0,0.0,0.0,0.0,8.0,6.0,0.0,0.0,0.0,0.0,0.0,0.0,0.0,0.0,6.0,12.0,1.0,12.09,5.0200000000000005,2.51,1.5,-2.3000000000000003,0.3,2.3000000000000003,301.1,-0.1,-10.9,1.7000000000000002,11.0,-83.0,0.0,0.0,219.7,0.0,22.200000000000003,29.1,29.1,32.2,300.0,300.0,29.5,35.4,31.0,30.4,32.9,4.95,2.0,4.96,0.16,0.0,0.0,1027.0,8228.0,0.0,0.0,0.0,0.0,0.0,1.0,0.0,0.0,0.0,-0.001,0.0,-0.6000000000000001,0.0,-13.8,-12.7,0.0157,16.0,25903.0
2026-07-30T18:57:46.355Z,35.838,35.85,-7.4,7.4,0.0,0.0,0.0,0.0,0.0,1.0,1.0,0.0,1.0,0.0,0.0,0.0,8.0,6.0,0.0,0.0,0.0,0.0,0.0,0.0,0.0,0.0,1.0,12.0,1.0,12.09,5.0200000000000005,2.51,1.5,-2.4000000000000004,0.2,2.4000000000000004,300.90000000000003,-0.1,-10.9,2.3000000000000003,8.700000000000001,-83.0,0.0,0.0,219.6,0.0,22.200000000000003,29.1,29.1,32.2,300.0,300.0,29.5,35.4,31.0,30.4,32.9,4.95,2.0,4.97,0.16,0.0,0.0,1027.0,8228.0,0.0,0.0,0.0,0.0,0.0,1.0,0.0,0.0,0.0,-0.001,0.0,0.3,0.0,-11.6,-12.8,0.0157,16.0,25903.0
2026-07-30T18:57:46.367Z,35.85,35.862,-7.5,7.4,0.0,0.0,0.0,0.0,0.0,1.0,1.0,0.0,1.0,0.0,0.0,0.0,8.0,6.0,0.0,0.0,0.0,0.0,0.0,0.0,0.0,0.0,3.0,12.0,1.0,12.09,5.0200000000000005,2.51,1.5,-2.3000000000000003,0.2,2.3000000000000003,301.0,-0.1,-10.9,2.9000000000000004,10.4,-83.0,0.0,0.0,219.6,0.0,22.200000000000003,29.1,29.1,32.2,300.0,300.0,29.5,35.4,31.0,30.4,32.9,4.95,2.0,4.96,0.16,0.0,0.0,1027.0,8228.0,0.0,0.0,0.0,0.0,0.0,1.0,0.0,0.0,0.0,-0.001,0.0,0.5,0.0,-14.0,-12.8,0.0162,16.0,25903.0
2026-07-30T18:57:46.379Z,35.862,35.874,-7.4,7.4,0.0,0.0,0.0,0.0,0.0,1.0,1.0,0.0,1.0,0.0,0.0,0.0,8.0,6.0,0.0,0.0,0.0,0.0,0.0,0.0,0.0,0.0,4.0,12.0,1.0,12.09,5.0200000000000005,2.51,1.5,-2.2,0.2,2.3000000000000003,301.0,-0.1,-12.0,4.0,11.0,-83.0,0.0,0.0,219.7,0.0,22.200000000000003,29.1,29.1,32.2,300.0,300.0,29.5,35.4,31.0,30.4,32.9,4.96,2.0,4.96,0.17,0.0,0.0,1027.0,8228.0,0.0,0.0,0.0,0.0,0.0,1.0,0.0,0.0,0.0,-0.001,0.0,1.4,0.0,-15.6,-12.7,0.0156,16.0,25903.0
2026-07-30T18:57:46.391Z,35.874,35.886,-7.4,7.4,0.0,0.0,0.0,0.0,0.0,1.0,1.0,0.0,1.0,0.0,0.0,0.0,8.0,6.0,0.0,0.0,0.0,0.0,0.0,0.0,0.0,0.0,5.0,12.0,1.0,12.09,5.0200000000000005,2.51,1.5,-2.3000000000000003,0.2,2.3000000000000003,301.0,-0.1,-11.4,2.3000000000000003,10.4,-83.0,0.0,0.0,219.6,0.0,22.200000000000003,29.1,29.1,32.2,300.0,300.0,29.5,35.4,31.0,30.4,32.9,4.95,2.0,4.96,0.16,0.0,0.0,1027.0,8228.0,0.0,0.0,0.0,0.0,0.0,1.0,0.0,0.0,0.0,-0.001,0.0,0.0,0.0,-13.6,-12.8,0.0153,16.0,25903.0
2026-07-30T18:57:46.403Z,35.886,35.898,-7.4,7.4,0.0,0.0,0.0,0.0,0.0,1.0,1.0,0.0,1.0,0.0,0.0,0.0,8.0,6.0,0.0,0.0,0.0,0.0,0.0,0.0,0.0,0.0,6.0,12.0,1.0,12.09,5.0200000000000005,2.51,1.5,-2.3000000000000003,0.2,2.4000000000000004,301.1,0.0,-11.4,2.3000000000000003,9.9,-83.0,0.0,0.0,219.8,0.0,22.200000000000003,29.1,29.1,32.2,300.0,300.0,29.5,35.4,31.0,30.4,32.9,4.96,2.0,4.96,0.16,0.0,0.0,1027.0,8228.0,0.0,0.0,0.0,0.0,0.0,1.0,0.0,0.0,0.0,-0.001,0.0,0.1,0.0,-12.9,-12.9,0.0159,16.0,25903.0
2026-07-30T18:57:46.415Z,35.898,35.910000000000004,-7.5,7.4,0.0,0.0,0.0,0.0,0.0,1.0,1.0,0.0,1.0,0.0,0.0,0.0,8.0,6.0,0.0,0.0,0.0,0.0,0.0,0.0,0.0,0.0,1.0,12.0,1.0,12.05,5.0200000000000005,2.5,1.49,-2.4000000000000004,0.2,2.4000000000000004,301.1,-0.1,-12.0,2.3000000000000003,9.3,-83.0,0.0,0.0,219.7,0.0,22.200000000000003,29.1,29.1,32.2,300.0,300.0,29.5,35.300000000000004,31.0,30.5,33.0,4.96,2.0,4.96,0.16,0.0,0.0,1027.0,8228.0,0.0,0.0,0.0,0.0,0.0,1.0,0.0,0.0,0.0,-0.001,0.0,0.2,0.0,-12.3,-12.8,0.016,16.0,25903.0
2026-07-30T18:57:46.427Z,35.91,35.922000000000004,-7.5,7.4,0.0,0.0,0.0,0.0,0.0,1.0,1.0,0.0,1.0,0.0,0.0,0.0,8.0,6.0,0.0,0.0,0.0,0.0,0.0,0.0,0.0,0.0,2.0,12.0,1.0,12.05,5.0200000000000005,2.5,1.49,-2.3000000000000003,0.2,2.3000000000000003,301.0,-0.1,-12.0,2.9000000000000004,9.9,-83.0,0.0,0.0,219.6,0.0,22.200000000000003,29.1,29.1,32.2,300.0,300.0,29.5,35.300000000000004,31.0,30.5,33.0,4.95,2.0,4.96,0.16,0.0,0.0,1027.0,8228.0,0.0,0.0,0.0,0.0,0.0,1.0,0.0,0.0,0.0,-0.001,0.0,0.6000000000000001,0.0,-13.4,-12.7,0.0161,16.0,25903.0
2026-07-30T18:57:46.439Z,35.922,35.934,-7.4,7.4,0.0,0.0,0.0,0.0,0.0,1.0,1.0,0.0,1.0,0.0,0.0,0.0,8.0,6.0,0.0,0.0,0.0,0.0,0.0,0.0,0.0,0.0,3.0,12.0,1.0,12.05,5.0200000000000005,2.5,1.49,-2.3000000000000003,0.3,2.3000000000000003,301.0,0.0,-12.0,2.3000000000000003,11.0,-83.0,0.0,0.0,219.6,0.0,22.200000000000003,29.1,29.1,32.2,300.0,300.0,29.5,35.300000000000004,31.0,30.5,33.0,4.95,2.0,4.97,0.16,0.0,0.0,1027.0,8228.0,0.0,0.0,0.0,0.0,0.0,1.0,0.0,0.0,0.0,-0.001,0.0,0.0,0.0,-14.3,-12.8,0.0159,16.0,25903.0
2026-07-30T18:57:46.451Z,35.934,35.946,-7.4,7.4,0.0,0.0,0.0,0.0,0.0,1.0,1.0,0.0,1.0,0.0,0.0,0.0,8.0,6.0,0.0,0.0,0.0,0.0,0.0,0.0,0.0,0.0,3.0,12.0,1.0,12.05,5.0200000000000005,2.5,1.49,-2.4000000000000004,0.3,2.4000000000000004,301.1,0.0,-12.0,1.1,8.700000000000001,-83.0,0.0,0.0,219.5,0.0,22.200000000000003,29.1,29.1,32.2,300.0,300.0,29.5,35.300000000000004,31.0,30.5,33.0,4.95,2.0,4.96,0.16,0.0,0.0,1027.0,8228.0,0.0,0.0,0.0,0.0,0.0,1.0,0.0,0.0,0.0,-0.001,0.0,-0.6000000000000001,0.0,-10.8,-12.8,0.0163,16.0,25903.0
2026-07-30T18:57:46.462Z,35.945,35.958,-7.5,7.4,0.0,0.0,0.0,0.0,0.0,1.0,1.0,0.0,1.0,0.0,0.0,0.0,8.0,6.0,0.0,0.0,0.0,0.0,0.0,0.0,0.0,0.0,4.0,12.0,1.0,12.05,5.0200000000000005,2.5,1.49,-2.4000000000000004,0.3,2.4000000000000004,301.0,-0.1,-13.2,1.1,9.3,-83.0,0.0,0.0,219.5,0.0,22.200000000000003,29.1,29.1,32.2,300.0,300.0,29.5,35.300000000000004,31.0,30.5,33.0,4.95,2.0,4.96,0.15,0.0,0.0,1027.0,8228.0,0.0,0.0,0.0,0.0,0.0,1.0,0.0,0.0,0.0,-0.001,0.0,-0.7000000000000001,0.0,-11.4,-12.8,0.0166,16.0,25903.0
2026-07-30T18:57:46.475Z,35.958,35.97,-7.5,7.4,0.0,0.0,0.0,0.0,0.0,1.0,1.0,0.0,1.0,0.0,0.0,0.0,8.0,6.0,0.0,0.0,0.0,0.0,0.0,0.0,0.0,0.0,5.0,12.0,1.0,12.05,5.0200000000000005,2.5,1.49,-2.4000000000000004,0.2,2.4000000000000004,301.0,-0.1,-12.6,2.3000000000000003,8.700000000000001,-83.0,0.0,0.0,219.7,0.0,22.200000000000003,29.1,29.1,32.2,300.0,300.0,29.5,35.300000000000004,31.0,30.5,33.0,4.95,2.0,4.96,0.16,0.0,0.0,1027.0,8228.0,0.0,0.0,0.0,0.0,0.0,1.0,0.0,0.0,0.0,-0.001,0.0,0.3,0.0,-11.6,-12.7,0.016,16.0,25903.0
2026-07-30T18:57:46.486Z,35.969,35.982,-7.4,7.4,0.0,0.0,0.0,0.0,0.0,1.0,1.0,0.0,1.0,0.0,0.0,0.0,8.0,6.0,0.0,0.0,0.0,0.0,0.0,0.0,0.0,0.0,6.0,12.0,1.0,12.05,5.0200000000000005,2.5,1.49,-2.3000000000000003,0.3,2.4000000000000004,301.1,-0.1,-12.6,1.1,10.4,-83.0,0.0,0.0,219.8,0.0,22.200000000000003,29.1,29.1,32.2,300.0,300.0,29.5,35.300000000000004,31.0,30.5,33.0,4.95,2.0,4.96,0.16,0.0,0.0,1027.0,8228.0,0.0,0.0,0.0,0.0,0.0,1.0,0.0,0.0,0.0,-0.001,0.0,-1.0,0.0,-12.7,-12.7,0.0155,16.0,25903.0
2026-07-30T18:57:46.499Z,35.982,35.994,-7.4,7.4,0.0,0.0,0.0,0.0,0.0,1.0,1.0,0.0,1.0,0.0,0.0,0.0,8.0,6.0,0.0,0.0,0.0,0.0,0.0,0.0,0.0,0.0,2.0,12.0,1.0,12.05,5.0200000000000005,2.5,1.49,-2.4000000000000004,0.3,2.5,300.90000000000003,-0.1,-12.0,0.5,8.1,-83.0,0.0,0.0,219.8,0.0,22.200000000000003,29.1,29.1,32.2,300.0,300.0,29.5,35.300000000000004,31.0,30.5,33.0,4.95,2.0,4.96,0.16,0.0,0.0,1027.0,8228.0,0.0,0.0,0.0,0.0,0.0,1.0,0.0,0.0,0.0,-0.001,0.0,-1.0,0.0,-9.6,-12.8,0.0159,16.0,25903.0
2026-07-30T18:57:46.512Z,35.995,36.006,-7.5,7.4,0.0,0.0,0.0,0.0,0.0,1.0,1.0,0.0,1.0,0.0,0.0,0.0,8.0,6.0,0.0,0.0,0.0,0.0,0.0,0.0,0.0,0.0,3.0,12.0,1.0,12.05,5.01,2.51,1.5,-2.3000000000000003,0.2,2.3000000000000003,301.1,-0.1,-12.0,2.3000000000000003,10.4,-83.0,0.0,0.0,219.6,0.0,21.9,29.1,29.1,32.2,300.0,300.0,29.5,35.300000000000004,31.0,30.5,33.0,4.95,2.0,4.96,0.16,0.0,0.0,1027.0,8228.0,0.0,0.0,0.0,0.0,0.0,1.0,0.0,0.0,0.0,-0.001,0.0,0.5,0.0,-14.0,-12.9,0.016,16.0,25903.0
2026-07-30T18:57:46.523Z,36.006,36.018,-7.5,7.4,0.0,0.0,0.0,0.0,0.0,1.0,1.0,0.0,1.0,0.0,0.0,0.0,8.0,6.0,0.0,0.0,0.0,0.0,0.0,0.0,0.0,0.0,4.0,12.0,1.0,12.05,5.01,2.51,1.5,-2.3000000000000003,0.2,2.3000000000000003,301.1,-0.1,-12.6,2.9000000000000004,9.9,-83.0,0.0,0.0,219.5,0.0,21.9,29.1,29.1,32.2,300.0,300.0,29.5,35.300000000000004,31.0,30.5,33.0,4.95,2.0,4.96,0.16,0.0,0.0,1027.0,8228.0,0.0,0.0,0.0,0.0,0.0,1.0,0.0,0.0,0.0,-0.001,0.0,0.0,0.0,-13.6,-12.8,0.0157,16.0,25903.0
2026-07-30T18:57:46.534Z,36.017,36.03,-7.4,7.4,0.0,0.0,0.0,0.0,0.0,1.0,1.0,0.0,1.0,0.0,0.0,0.0,8.0,6.0,0.0,0.0,0.0,0.0,0.0,0.0,0.0,0.0,5.0,12.0,1.0,12.05,5.01,2.51,1.5,-2.3000000000000003,0.2,2.3000000000000003,301.0,-0.1,-12.6,2.3000000000000003,8.700000000000001,-83.0,0.0,0.0,219.6,0.0,21.9,29.1,29.1,32.2,300.0,300.0,29.5,35.300000000000004,31.0,30.5,33.0,4.96,2.0,4.96,0.17,0.0,0.0,1027.0,8228.0,0.0,0.0,0.0,0.0,0.0,1.0,0.0,0.0,0.0,-0.001,0.0,0.0,0.0,-13.6,-12.7,0.0158,16.0,25903.0
2026-07-30T18:57:46.548Z,36.031,36.042,-7.4,7.4,0.0,0.0,0.0,0.0,0.0,1.0,1.0,0.0,1.0,0.0,0.0,0.0,8.0,6.0,0.0,0.0,0.0,0.0,0.0,0.0,0.0,0.0,6.0,12.0,1.0,12.05,5.01,2.51,1.5,-2.3000000000000003,0.2,2.3000000000000003,301.0,-0.1,-11.4,2.9000000000000004,8.700000000000001,-83.0,0.0,0.0,219.7,0.0,21.9,29.1,29.1,32.2,300.0,300.0,29.5,35.300000000000004,31.0,30.5,33.0,4.95,2.0,4.97,0.17,0.0,0.0,1027.0,8228.0,0.0,0.0,0.0,0.0,0.0,1.0,0.0,0.0,0.0,-0.001,0.0,0.5,0.0,-14.0,-12.8,0.0159,16.0,25903.0
2026-07-30T18:57:46.559Z,36.042,36.054,-7.4,7.4,0.0,0.0,0.0,0.0,0.0,1.0,1.0,0.0,1.0,0.0,0.0,0.0,8.0,6.0,0.0,0.0,0.0,0.0,0.0,0.0,0.0,0.0,1.0,12.0,1.0,12.05,5.01,2.51,1.5,-2.4000000000000004,0.2,2.4000000000000004,301.1,-0.1,-11.4,2.3000000000000003,9.3,-83.0,0.0,0.0,219.7,0.0,21.9,29.1,29.1,32.2,300.0,300.0,29.5,35.300000000000004,31.0,30.5,33.0,4.95,2.0,4.96,0.16,0.0,0.0,1027.0,8228.0,0.0,0.0,0.0,0.0,0.0,1.0,0.0,0.0,0.0,-0.001,0.0,0.2,0.0,-12.3,-12.8,0.0158,16.0,25903.0
2026-07-30T18:57:46.571Z,36.054,36.066,-7.4,7.4,0.0,0.0,0.0,0.0,0.0,1.0,1.0,0.0,1.0,0.0,0.0,0.0,8.0,6.0,0.0,0.0,0.0,0.0,0.0,0.0,0.0,0.0,2.0,12.0,1.0,12.05,5.01,2.51,1.5,-2.3000000000000003,0.2,2.3000000000000003,301.1,-0.1,-11.4,2.9000000000000004,11.6,-83.0,0.0,0.0,219.6,0.0,21.9,29.1,29.1,32.2,300.0,300.0,29.5,35.300000000000004,31.0,30.5,33.0,4.96,2.0,4.96,0.16,0.0,0.0,1027.0,8228.0,0.0,0.0,0.0,0.0,0.0,1.0,0.0,0.0,0.0,-0.001,0.0,0.3,0.0,-15.4,-12.8,0.0162,16.0,25903.0
2026-07-30T18:57:46.585Z,36.068,36.078,-7.5,7.4,0.0,0.0,0.0,0.0,0.0,1.0,1.0,0.0,1.0,0.0,0.0,0.0,8.0,6.0,0.0,0.0,0.0,0.0,0.0,0.0,0.0,0.0,3.0,12.0,1.0,12.05,5.01,2.51,1.5,-2.3000000000000003,0.3,2.3000000000000003,301.0,-0.1,-12.0,2.3000000000000003,11.6,-83.0,0.0,0.0,219.7,0.0,21.9,29.1,29.1,32.2,300.0,300.0,29.5,35.300000000000004,31.0,30.5,33.0,4.95,2.0,4.96,0.16,0.0,0.0,1027.0,8228.0,0.0,0.0,0.0,0.0,0.0,1.0,0.0,0.0,0.0,-0.001,0.0,-0.1,0.0,-14.9,-12.8,0.0156,16.0,25903.0
2026-07-30T18:57:46.595Z,36.078,36.09,-7.5,7.4,0.0,0.0,0.0,0.0,0.0,1.0,1.0,0.0,1.0,0.0,0.0,0.0,8.0,6.0,0.0,0.0,0.0,0.0,0.0,0.0,0.0,0.0,3.0,12.0,1.0,12.05,5.01,2.51,1.5,-2.3000000000000003,0.3,2.3000000000000003,301.1,-0.1,-11.4,2.3000000000000003,11.6,-83.0,0.0,0.0,219.6,0.0,21.9,29.1,29.1,32.2,300.0,300.0,29.5,35.300000000000004,31.0,30.5,33.0,4.95,2.0,4.97,0.16,0.0,0.0,1027.0,8228.0,0.0,0.0,0.0,0.0,0.0,1.0,0.0,0.0,0.0,-0.001,0.0,-0.1,0.0,-14.9,-12.8,0.0156,16.0,25903.0
2026-07-30T18:57:46.607Z,36.09,36.102,-7.5,7.4,0.0,0.0,0.0,0.0,0.0,1.0,1.0,0.0,1.0,0.0,0.0,0.0,8.0,6.0,0.0,0.0,0.0,0.0,0.0,0.0,0.0,0.0,3.0,12.0,1.0,12.05,5.01,2.51,1.5,-2.3000000000000003,0.2,2.3000000000000003,301.2,-0.1,-11.4,2.9000000000000004,9.9,-83.0,0.0,0.0,219.6,0.0,21.9,29.1,29.1,32.2,300.0,300.0,29.5,35.300000000000004,31.0,30.5,33.0,4.95,2.0,4.96,0.16,0.0,0.0,1027.0,8228.0,0.0,0.0,0.0,0.0,0.0,1.0,0.0,0.0,0.0,-0.001,0.0,0.6000000000000001,0.0,-13.4,-12.7,0.0155,16.0,25903.0
2026-07-30T18:57:46.619Z,36.102,36.114,-7.5,7.4,0.0,0.0,0.0,0.0,0.0,1.0,1.0,0.0,1.0,0.0,0.0,0.0,8.0,6.0,0.0,0.0,0.0,0.0,0.0,0.0,0.0,0.0,4.0,12.0,1.0,12.06,5.0200000000000005,2.5,1.49,-2.3000000000000003,0.3,2.4000000000000004,301.0,-0.1,-10.9,1.7000000000000002,9.9,-83.0,0.0,0.0,219.5,0.0,22.1,29.200000000000003,29.200000000000003,32.300000000000004,300.0,300.0,29.4,35.4,31.0,30.5,32.9,4.95,2.0,4.96,0.16,0.0,0.0,1027.0,8228.0,0.0,0.0,0.0,0.0,0.0,1.0,0.0,0.0,0.0,-0.001,0.0,-0.3,0.0,-12.5,-12.7,0.0159,16.0,25903.0
2026-07-30T18:57:46.630Z,36.113,36.126,-7.4,7.4,0.0,0.0,0.0,0.0,0.0,1.0,1.0,0.0,1.0,0.0,0.0,0.0,8.0,6.0,0.0,0.0,0.0,0.0,0.0,0.0,0.0,0.0,5.0,12.0,1.0,12.06,5.0200000000000005,2.5,1.49,-2.3000000000000003,0.3,2.3000000000000003,301.1,-0.1,-12.0,1.7000000000000002,11.0,-83.0,0.0,0.0,219.6,0.0,22.1,29.200000000000003,29.200000000000003,32.300000000000004,300.0,300.0,29.4,35.4,31.0,30.5,32.9,4.96,2.0,4.97,0.16,0.0,0.0,1027.0,8228.0,0.0,0.0,0.0,0.0,0.0,1.0,0.0,0.0,0.0,-0.001,0.0,-0.5,0.0,-13.9,-12.7,0.016,16.0,25903.0
2026-07-30T18:57:46.642Z,36.125,36.138,-7.4,7.4,0.0,0.0,0.0,0.0,0.0,1.0,1.0,0.0,1.0,0.0,0.0,0.0,8.0,6.0,0.0,0.0,0.0,0.0,0.0,0.0,0.0,0.0,6.0,12.0,1.0,12.06,5.0200000000000005,2.5,1.49,-2.4000000000000004,0.3,2.4000000000000004,301.1,-0.1,-12.0,0.5,8.700000000000001,-83.0,0.0,0.0,219.7,0.0,22.1,29.200000000000003,29.200000000000003,32.300000000000004,300.0,300.0,29.4,35.4,31.0,30.5,32.9,4.96,1.99,4.96,0.16,0.0,0.0,1027.0,8228.0,0.0,0.0,0.0,0.0,0.0,1.0,0.0,0.0,0.0,-0.001,0.0,-1.1,0.0,-10.3,-12.8,0.0158,16.0,25903.0
2026-07-30T18:57:46.655Z,36.138,36.15,-7.5,7.4,0.0,0.0,0.0,0.0,0.0,1.0,1.0,0.0,1.0,0.0,0.0,0.0,8.0,6.0,0.0,0.0,0.0,0.0,0.0,0.0,0.0,0.0,1.0,12.0,1.0,12.06,5.0200000000000005,2.5,1.49,-2.3000000000000003,0.2,2.4000000000000004,300.90000000000003,-0.1,-12.0,1.7000000000000002,9.9,-83.0,0.0,0.0,219.7,0.0,22.1,29.200000000000003,29.200000000000003,32.300000000000004,300.0,300.0,29.4,35.4,31.0,30.5,32.9,4.96,2.0,4.96,0.16,0.0,0.0,1027.0,8228.0,0.0,0.0,0.0,0.0,0.0,1.0,0.0,0.0,0.0,-0.001,0.0,-0.3,0.0,-12.5,-12.8,0.0166,16.0,25903.0
2026-07-30T18:57:46.667Z,36.15,36.162,-7.5,7.4,0.0,0.0,0.0,0.0,0.0,1.0,1.0,0.0,1.0,0.0,0.0,0.0,8.0,6.0,0.0,0.0,0.0,0.0,0.0,0.0,0.0,0.0,2.0,12.0,1.0,12.06,5.0200000000000005,2.5,1.49,-2.4000000000000004,0.2,2.4000000000000004,301.1,-0.1,-12.6,2.3000000000000003,9.3,-83.0,0.0,0.0,219.7,0.0,22.1,29.200000000000003,29.200000000000003,32.300000000000004,300.0,300.0,29.4,35.4,31.0,30.5,32.9,4.95,2.0,4.96,0.16,0.0,0.0,1027.0,8228.0,0.0,0.0,0.0,0.0,0.0,1.0,0.0,0.0,0.0,-0.001,0.0,0.2,0.0,-12.3,-12.7,0.016,16.0,25903.0
2026-07-30T18:57:46.679Z,36.162,36.174,-7.4,7.4,0.0,0.0,0.0,0.0,0.0,1.0,1.0,0.0,1.0,0.0,0.0,0.0,8.0,6.0,0.0,0.0,0.0,0.0,0.0,0.0,0.0,0.0,3.0,12.0,1.0,12.06,5.0200000000000005,2.5,1.49,-2.4000000000000004,0.3,2.4000000000000004,301.1,-0.1,-12.6,1.1,8.700000000000001,-83.0,0.0,0.0,219.7,0.0,22.1,29.200000000000003,29.200000000000003,32.300000000000004,300.0,300.0,29.4,35.4,31.0,30.5,32.9,4.96,2.0,4.96,0.16,0.0,0.0,1027.0,8228.0,0.0,0.0,0.0,0.0,0.0,1.0,0.0,0.0,0.0,-0.001,0.0,-0.6000000000000001,0.0,-10.8,-12.8,0.0161,16.0,25903.0
2026-07-30T18:57:46.691Z,36.174,36.186,-7.4,7.4,0.0,0.0,0.0,0.0,0.0,1.0,1.0,0.0,1.0,0.0,0.0,0.0,8.0,6.0,0.0,0.0,0.0,0.0,0.0,0.0,0.0,0.0,4.0,12.0,1.0,12.06,5.0200000000000005,2.5,1.49,-2.4000000000000004,0.3,2.4000000000000004,301.1,-0.1,-13.8,1.1,8.700000000000001,-83.0,0.0,0.0,219.7,0.0,22.1,29.200000000000003,29.200000000000003,32.300000000000004,300.0,300.0,29.4,35.4,31.0,30.5,32.9,4.96,2.0,4.96,0.16,0.0,0.0,1027.0,8228.0,0.0,0.0,0.0,0.0,0.0,1.0,0.0,0.0,0.0,-0.001,0.0,-0.6000000000000001,0.0,-10.8,-12.8,0.0165,16.0,25903.0
2026-07-30T18:57:46.702Z,36.185,36.198,-7.5,7.4,0.0,0.0,0.0,0.0,0.0,1.0,1.0,0.0,1.0,0.0,0.0,0.0,8.0,6.0,0.0,0.0,0.0,0.0,0.0,0.0,0.0,0.0,5.0,12.0,1.0,12.06,5.0200000000000005,2.5,1.49,-2.3000000000000003,0.3,2.3000000000000003,301.1,-0.1,-11.4,1.7000000000000002,10.4,-83.0,0.0,0.0,219.7,0.0,22.1,29.200000000000003,29.200000000000003,32.300000000000004,300.0,300.0,29.4,35.4,31.0,30.5,32.9,4.96,2.0,4.97,0.16,0.0,0.0,1027.0,8228.0,0.0,0.0,0.0,0.0,0.0,1.0,0.0,0.0,0.0,-0.001,0.0,-0.4,0.0,-13.2,-12.8,0.0165,16.0,25903.0
2026-07-30T18:57:46.716Z,36.199,36.21,-7.5,7.4,0.0,0.0,0.0,0.0,0.0,1.0,1.0,0.0,1.0,0.0,0.0,0.0,8.0,6.0,0.0,0.0,0.0,0.0,0.0,0.0,0.0,0.0,6.0,12.0,1.0,12.05,5.01,2.5,1.49,-2.3000000000000003,0.2,2.3000000000000003,300.90000000000003,-0.1,-12.0,2.9000000000000004,11.0,-83.0,0.0,0.0,219.6,0.0,22.4,29.200000000000003,29.200000000000003,32.300000000000004,300.0,300.0,29.5,35.5,31.0,30.5,32.9,4.95,2.0,4.97,0.16,0.0,0.0,1027.0,8228.0,0.0,0.0,0.0,0.0,0.0,1.0,0.0,0.0,0.0,-0.001,0.0,0.4,0.0,-14.7,-12.7,0.0159,16.0,25903.0
2026-07-30T18:57:46.727Z,36.21,36.222,-7.5,7.4,0.0,0.0,0.0,0.0,0.0,1.0,1.0,0.0,1.0,0.0,0.0,0.0,8.0,6.0,0.0,0.0,0.0,0.0,0.0,0.0,0.0,0.0,1.0,12.0,1.0,12.05,5.01,2.5,1.49,-2.4000000000000004,0.2,2.4000000000000004,301.1,-0.1,-12.0,2.3000000000000003,8.1,-83.0,0.0,0.0,219.6,0.0,22.4,29.200000000000003,29.200000000000003,32.300000000000004,300.0,300.0,29.5,35.5,31.0,30.5,32.9,4.95,2.0,4.96,0.16,0.0,0.0,1027.0,8228.0,0.0,0.0,0.0,0.0,0.0,1.0,0.0,0.0,0.0,-0.001,0.0,0.5,0.0,-10.9,-12.7,0.0155,16.0,25903.0
2026-07-30T18:57:46.739Z,36.222,36.234,-7.4,7.4,0.0,0.0,0.0,0.0,0.0,1.0,1.0,0.0,1.0,0.0,0.0,0.0,8.0,6.0,0.0,0.0,0.0,0.0,0.0,0.0,0.0,0.0,2.0,12.0,1.0,12.05,5.01,2.5,1.49,-2.3000000000000003,0.2,2.3000000000000003,301.1,-0.1,-12.0,2.9000000000000004,10.4,-83.0,0.0,0.0,219.6,0.0,22.4,29.200000000000003,29.200000000000003,32.300000000000004,300.0,300.0,29.5,35.5,31.0,30.5,32.9,4.95,2.0,4.97,0.16,0.0,0.0,1027.0,8228.0,0.0,0.0,0.0,0.0,0.0,1.0,0.0,0.0,0.0,-0.001,0.0,0.5,0.0,-14.0,-12.7,0.0163,16.0,25903.0
2026-07-30T18:57:46.751Z,36.234,36.246,-7.4,7.4,0.0,0.0,0.0,0.0,0.0,1.0,1.0,0.0,1.0,0.0,0.0,0.0,8.0,6.0,0.0,0.0,0.0,0.0,0.0,0.0,0.0,0.0,3.0,12.0,1.0,12.05,5.01,2.5,1.49,-2.3000000000000003,0.2,2.3000000000000003,301.0,-0.1,-12.6,2.9000000000000004,10.4,-83.0,0.0,0.0,219.7,0.0,22.4,29.200000000000003,29.200000000000003,32.300000000000004,300.0,300.0,29.5,35.5,31.0,30.5,32.9,4.95,2.0,4.96,0.16,0.0,0.0,1027.0,8228.0,0.0,0.0,0.0,0.0,0.0,1.0,0.0,0.0,0.0,-0.001,0.0,0.5,0.0,-14.0,-12.8,0.0157,16.0,25903.0
2026-07-30T18:57:46.763Z,36.246,36.258,-7.4,7.4,0.0,0.0,0.0,0.0,0.0,1.0,1.0,0.0,1.0,0.0,0.0,0.0,8.0,6.0,0.0,0.0,0.0,0.0,0.0,0.0,0.0,0.0,4.0,12.0,1.0,12.05,5.01,2.5,1.49,-2.4000000000000004,0.2,2.4000000000000004,301.1,-0.1,-12.0,2.3000000000000003,9.9,-83.0,0.0,0.0,219.7,0.0,22.4,29.200000000000003,29.200000000000003,32.300000000000004,300.0,300.0,29.5,35.5,31.0,30.5,32.9,4.95,2.0,4.96,0.16,0.0,0.0,1027.0,8228.0,0.0,0.0,0.0,0.0,0.0,1.0,0.0,0.0,0.0,-0.001,0.0,0.1,0.0,-12.9,-12.8,0.0157,16.0,25903.0
2026-07-30T18:57:46.775Z,36.258,36.27,-7.4,7.4,0.0,0.0,0.0,0.0,0.0,1.0,1.0,0.0,1.0,0.0,0.0,0.0,8.0,6.0,0.0,0.0,0.0,0.0,0.0,0.0,0.0,0.0,4.0,12.0,1.0,12.05,5.01,2.5,1.49,-2.4000000000000004,0.2,2.4000000000000004,301.2,-0.1,-12.0,1.7000000000000002,9.3,-83.0,0.0,0.0,219.7,0.0,22.4,29.200000000000003,29.200000000000003,32.300000000000004,300.0,300.0,29.5,35.5,31.0,30.5,32.9,4.95,2.0,4.96,0.16,0.0,0.0,1027.0,8228.0,0.0,0.0,0.0,0.0,0.0,1.0,0.0,0.0,0.0,-0.001,0.0,-0.2,0.0,-11.8,-12.9,0.0161,16.0,25903.0
2026-07-30T18:57:46.787Z,36.27,36.282,-7.5,7.4,0.0,0.0,0.0,0.0,0.0,1.0,1.0,0.0,1.0,0.0,0.0,0.0,8.0,6.0,0.0,0.0,0.0,0.0,0.0,0.0,0.0,0.0,5.0,12.0,1.0,12.05,5.01,2.5,1.49,-2.3000000000000003,0.2,2.4000000000000004,301.0,-0.1,-10.9,2.3000000000000003,9.9,-83.0,0.0,0.0,219.6,0.0,22.4,29.200000000000003,29.200000000000003,32.300000000000004,300.0,300.0,29.5,35.5,31.0,30.5,32.9,4.95,2.0,4.97,0.16,0.0,0.0,1027.0,8228.0,0.0,0.0,0.0,0.0,0.0,1.0,0.0,0.0,0.0,-0.001,0.0,0.1,0.0,-12.9,-12.8,0.0163,16.0,25903.0
2026-07-30T18:57:46.799Z,36.282,36.294,-7.5,7.4,0.0,0.0,0.0,0.0,0.0,1.0,1.0,0.0,1.0,0.0,0.0,0.0,8.0,6.0,0.0,0.0,0.0,0.0,0.0,0.0,0.0,0.0,6.0,12.0,1.0,12.05,5.01,2.5,1.49,-2.3000000000000003,0.2,2.3000000000000003,301.0,-0.1,-10.9,2.9000000000000004,9.9,-83.0,0.0,0.0,219.7,0.0,22.4,29.200000000000003,29.200000000000003,32.300000000000004,300.0,300.0,29.5,35.5,31.0,30.5,32.9,4.95,2.0,4.96,0.16,0.0,0.0,1027.0,8228.0,0.0,0.0,0.0,0.0,0.0,1.0,0.0,0.0,0.0,-0.001,0.0,0.6000000000000001,0.0,-13.4,-12.8,0.016,16.0,25903.0
2026-07-30T18:57:46.811Z,36.294,36.306,-7.5,7.4,0.0,0.0,0.0,0.0,0.0,1.0,1.0,0.0,1.0,0.0,0.0,0.0,8.0,6.0,0.0,0.0,0.0,0.0,0.0,0.0,0.0,0.0,1.0,12.0,1.0,12.05,5.01,2.5,1.49,-2.2,0.2,2.2,301.1,-0.1,-10.9,4.0,11.6,-83.0,0.0,0.0,219.7,0.0,22.4,29.200000000000003,29.200000000000003,32.300000000000004,300.0,300.0,29.5,35.5,31.0,30.5,32.9,4.96,2.0,4.96,0.16,0.0,0.0,1027.0,8228.0,0.0,0.0,0.0,0.0,0.0,1.0,0.0,0.0,0.0,-0.001,0.0,1.3,0.0,-16.2,-12.6,0.0157,16.0,25903.0
2026-07-30T18:57:46.823Z,36.306,36.318,-7.5,7.4,0.0,0.0,0.0,0.0,0.0,1.0,1.0,0.0,1.0,0.0,0.0,0.0,8.0,6.0,0.0,0.0,0.0,0.0,0.0,0.0,0.0,0.0,3.0,12.0,1.0,12.08,5.01,2.5,1.49,-2.3000000000000003,0.2,2.3000000000000003,301.0,-0.1,-10.3,3.5,10.4,-83.0,0.0,0.0,219.8,0.0,22.200000000000003,29.200000000000003,29.200000000000003,32.300000000000004,300.0,300.0,29.6,35.4,31.1,30.6,32.9,4.96,2.0,4.96,0.16,0.0,0.0,1027.0,8228.0,0.0,0.0,0.0,0.0,0.0,1.0,0.0,0.0,0.0,-0.001,0.0,1.0,0.0,-14.5,-12.6,0.015,16.0,25903.0
2026-07-30T18:57:46.835Z,36.318,36.33,-7.5,7.4,0.0,0.0,0.0,0.0,0.0,1.0,1.0,0.0,1.0,0.0,0.0,0.0,8.0,6.0,0.0,0.0,0.0,0.0,0.0,0.0,0.0,0.0,4.0,12.0,1.0,12.08,5.01,2.5,1.49,-2.2,0.2,2.3000000000000003,301.1,-0.1,-10.3,2.3000000000000003,11.6,-83.0,0.0,0.0,219.8,0.0,22.200000000000003,29.200000000000003,29.200000000000003,32.300000000000004,300.0,300.0,29.6,35.4,31.1,30.6,32.9,4.95,2.0,4.97,0.16,0.0,0.0,1027.0,8228.0,0.0,0.0,0.0,0.0,0.0,1.0,0.0,0.0,0.0,-0.001,0.0,-0.2,0.0,-14.9,-12.7,0.0154,16.0,25903.0
2026-07-30T18:57:46.847Z,36.33,36.342,-7.5,7.4,0.0,0.0,0.0,0.0,0.0,1.0,1.0,0.0,1.0,0.0,0.0,0.0,8.0,6.0,0.0,0.0,0.0,0.0,0.0,0.0,0.0,0.0,5.0,12.0,1.0,12.08,5.01,2.5,1.49,-2.3000000000000003,0.2,2.4000000000000004,301.1,-0.1,-12.0,1.7000000000000002,9.3,-83.0,0.0,0.0,219.8,0.0,22.200000000000003,29.200000000000003,29.200000000000003,32.300000000000004,300.0,300.0,29.6,35.4,31.1,30.6,32.9,4.95,2.0,4.96,0.16,0.0,0.0,1027.0,8228.0,0.0,0.0,0.0,0.0,0.0,1.0,0.0,0.0,0.0,-0.001,0.0,-0.2,0.0,-11.8,-12.7,0.0153,16.0,25903.0
2026-07-30T18:57:46.859Z,36.342,36.354,-7.4,7.4,0.0,0.0,0.0,0.0,0.0,1.0,1.0,0.0,1.0,0.0,0.0,0.0,8.0,6.0,0.0,0.0,0.0,0.0,0.0,0.0,0.0,0.0,1.0,12.0,1.0,12.08,5.01,2.5,1.49,-2.3000000000000003,0.2,2.3000000000000003,301.0,-0.1,-10.9,2.3000000000000003,10.4,-83.10000000000001,0.0,0.0,219.8,0.0,22.200000000000003,29.200000000000003,29.200000000000003,32.300000000000004,300.0,300.0,29.6,35.4,31.1,30.6,32.9,4.95,2.0,4.96,0.16,0.0,0.0,1027.0,8228.0,0.0,0.0,0.0,0.0,0.0,1.0,0.0,0.0,0.0,-0.001,0.0,0.0,0.0,-13.6,-12.7,0.016,16.0,25903.0
2026-07-30T18:57:46.871Z,36.354,36.366,-7.4,7.4,0.0,0.0,0.0,0.0,0.0,1.0,1.0,0.0,1.0,0.0,0.0,0.0,8.0,6.0,0.0,0.0,0.0,0.0,0.0,0.0,0.0,0.0,2.0,12.0,1.0,12.08,5.01,2.5,1.49,-2.3000000000000003,0.2,2.3000000000000003,301.1,-0.1,-10.9,2.3000000000000003,11.6,-83.10000000000001,0.0,0.0,219.8,0.0,22.200000000000003,29.200000000000003,29.200000000000003,32.300000000000004,300.0,300.0,29.6,35.4,31.1,30.6,32.9,4.95,2.0,4.96,0.16,0.0,0.0,1027.0,8228.0,0.0,0.0,0.0,0.0,0.0,1.0,0.0,0.0,0.0,-0.001,0.0,-0.2,0.0,-14.9,-12.8,0.0157,16.0,25903.0
2026-07-30T18:57:46.882Z,36.365,36.378,-7.4,7.4,0.0,0.0,0.0,0.0,0.0,1.0,1.0,0.0,1.0,0.0,0.0,0.0,8.0,6.0,0.0,0.0,0.0,0.0,0.0,0.0,0.0,0.0,3.0,12.0,1.0,12.08,5.01,2.5,1.49,-2.3000000000000003,0.2,2.3000000000000003,301.1,-0.1,-12.0,3.5,10.4,-83.10000000000001,0.0,0.0,219.8,0.0,22.200000000000003,29.200000000000003,29.200000000000003,32.300000000000004,300.0,300.0,29.6,35.4,31.1,30.6,32.9,4.96,2.0,4.96,0.16,0.0,0.0,1027.0,8228.0,0.0,0.0,0.0,0.0,0.0,1.0,0.0,0.0,0.0,-0.001,0.0,1.0,0.0,-14.5,-12.8,0.0155,16.0,25903.0
2026-07-30T18:57:46.895Z,36.378,36.39,-7.5,7.4,0.0,0.0,0.0,0.0,0.0,1.0,1.0,0.0,1.0,0.0,0.0,0.0,8.0,6.0,0.0,0.0,0.0,0.0,0.0,0.0,0.0,0.0,4.0,12.0,1.0,12.08,5.01,2.5,1.49,-2.3000000000000003,0.2,2.3000000000000003,301.0,-0.1,-11.4,1.7000000000000002,10.4,-83.10000000000001,0.0,0.0,219.8,0.0,22.200000000000003,29.200000000000003,29.200000000000003,32.300000000000004,300.0,300.0,29.6,35.4,31.1,30.6,32.9,4.96,2.0,4.96,0.16,0.0,0.0,1027.0,8228.0,0.0,0.0,0.0,0.0,0.0,1.0,0.0,0.0,0.0,-0.001,0.0,-0.5,0.0,-13.2,-12.9,0.0156,16.0,25903.0
2026-07-30T18:57:46.908Z,36.391,36.402,-7.5,7.4,0.0,0.0,0.0,0.0,0.0,1.0,1.0,0.0,1.0,0.0,0.0,0.0,8.0,6.0,0.0,0.0,0.0,0.0,0.0,0.0,0.0,0.0,6.0,12.0,1.0,12.08,5.01,2.5,1.49,-2.3000000000000003,0.2,2.3000000000000003,301.1,-0.1,-10.9,2.3000000000000003,10.4,-83.10000000000001,0.0,0.0,219.7,0.0,22.200000000000003,29.200000000000003,29.200000000000003,32.300000000000004,300.0,300.0,29.6,35.4,31.1,30.6,32.9,4.95,2.0,4.96,0.16,0.0,0.0,1027.0,8228.0,0.0,0.0,0.0,0.0,0.0,1.0,0.0,0.0,0.0,-0.001,0.0,0.0,0.0,-13.6,-12.7,0.0158,16.0,25903.0
2026-07-30T18:57:46.919Z,36.402,36.414,-7.5,7.4,0.0,0.0,0.0,0.0,0.0,1.0,1.0,0.0,1.0,0.0,0.0,0.0,8.0,6.0,0.0,0.0,0.0,0.0,0.0,0.0,0.0,0.0,4.0,12.0,1.0,12.08,5.01,2.5,1.5,-2.4000000000000004,0.2,2.4000000000000004,301.1,0.0,-11.4,2.3000000000000003,8.700000000000001,-83.10000000000001,0.0,0.0,219.6,0.0,22.200000000000003,29.200000000000003,29.200000000000003,32.300000000000004,300.0,300.0,29.6,35.4,31.0,30.5,32.9,4.95,2.0,4.96,0.16,0.0,0.0,1027.0,8228.0,0.0,0.0,0.0,0.0,0.0,1.0,0.0,0.0,0.0,-0.001,0.0,0.4,0.0,-11.6,-12.8,0.0158,16.0,25903.0
2026-07-30T18:57:46.931Z,36.414,36.426,-7.4,7.4,0.0,0.0,0.0,0.0,0.0,1.0,1.0,0.0,1.0,0.0,0.0,0.0,8.0,6.0,0.0,0.0,0.0,0.0,0.0,0.0,0.0,0.0,5.0,12.0,1.0,12.08,5.01,2.5,1.5,-2.3000000000000003,0.3,2.4000000000000004,301.0,0.0,-12.6,1.7000000000000002,9.9,-83.10000000000001,0.0,0.0,219.7,0.0,22.200000000000003,29.200000000000003,29.200000000000003,32.300000000000004,300.0,300.0,29.6,35.4,31.0,30.5,32.9,4.95,2.0,4.96,0.16,0.0,0.0,1027.0,8228.0,0.0,0.0,0.0,0.0,0.0,1.0,0.0,0.0,0.0,-0.001,0.0,-0.3,0.0,-12.5,-12.8,0.0162,16.0,25903.0
2026-07-30T18:57:46.943Z,36.426,36.438,-7.5,7.4,0.0,0.0,0.0,0.0,0.0,1.0,1.0,0.0,1.0,0.0,0.0,0.0,8.0,6.0,0.0,0.0,0.0,0.0,0.0,0.0,0.0,0.0,1.0,12.0,1.0,12.08,5.01,2.5,1.5,-2.3000000000000003,0.2,2.3000000000000003,301.1,-0.1,-10.9,2.3000000000000003,8.700000000000001,-83.0,0.0,0.0,219.7,0.0,22.200000000000003,29.200000000000003,29.200000000000003,32.300000000000004,300.0,300.0,29.6,35.4,31.0,30.5,32.9,4.95,2.0,4.96,0.16,0.0,0.0,1027.0,8228.0,0.0,0.0,0.0,0.0,0.0,1.0,0.0,0.0,0.0,-0.001,0.0,0.3,0.0,-11.6,-12.8,0.016,16.0,25903.0
2026-07-30T18:57:46.955Z,36.438,36.45,-7.5,7.4,0.0,0.0,0.0,0.0,0.0,1.0,1.0,0.0,1.0,0.0,0.0,0.0,8.0,6.0,0.0,0.0,0.0,0.0,0.0,0.0,0.0,0.0,1.0,12.0,1.0,12.08,5.01,2.5,1.5,-2.3000000000000003,0.3,2.3000000000000003,301.0,-0.1,-12.0,1.1,10.4,-83.0,0.0,0.0,219.8,0.0,22.200000000000003,29.200000000000003,29.200000000000003,32.300000000000004,300.0,300.0,29.6,35.4,31.0,30.5,32.9,4.95,1.99,4.96,0.16,0.0,0.0,1027.0,8228.0,0.0,0.0,0.0,0.0,0.0,1.0,0.0,0.0,0.0,-0.001,0.0,-1.0,0.0,-12.7,-12.6,0.0158,16.0,25903.0
2026-07-30T18:57:46.967Z,36.45,36.462,-7.4,7.4,0.0,0.0,0.0,0.0,0.0,1.0,1.0,0.0,1.0,0.0,0.0,0.0,8.0,6.0,0.0,0.0,0.0,0.0,0.0,0.0,0.0,0.0,2.0,12.0,1.0,12.08,5.01,2.5,1.5,-2.4000000000000004,0.3,2.4000000000000004,300.90000000000003,0.0,-12.0,1.7000000000000002,8.700000000000001,-83.0,0.0,0.0,219.8,0.0,22.200000000000003,29.200000000000003,29.200000000000003,32.300000000000004,300.0,300.0,29.6,35.4,31.0,30.5,32.9,4.95,1.99,4.96,0.16,0.0,0.0,1027.0,8228.0,0.0,0.0,0.0,0.0,0.0,1.0,0.0,0.0,0.0,-0.001,0.0,-0.1,0.0,-11.2,-12.7,0.0159,16.0,25903.0
2026-07-30T18:57:46.979Z,36.462,36.474,-7.4,7.4,0.0,0.0,0.0,0.0,0.0,1.0,1.0,0.0,1.0,0.0,0.0,0.0,8.0,6.0,0.0,0.0,0.0,0.0,0.0,0.0,0.0,0.0,3.0,12.0,1.0,12.08,5.01,2.5,1.5,-2.4000000000000004,0.3,2.5,301.1,0.0,-12.6,0.0,9.3,-83.0,0.0,0.0,219.6,0.0,22.200000000000003,29.200000000000003,29.200000000000003,32.300000000000004,300.0,300.0,29.6,35.4,31.0,30.5,32.9,4.95,2.0,4.97,0.16,0.0,0.0,1027.0,8228.0,0.0,0.0,0.0,0.0,0.0,1.0,0.0,0.0,0.0,-0.001,0.0,-1.8,0.0,-10.6,-12.9,0.0158,16.0,25903.0
2026-07-30T18:57:46.991Z,36.474,36.486,-7.5,7.4,0.0,0.0,0.0,0.0,0.0,1.0,1.0,0.0,1.0,0.0,0.0,0.0,8.0,6.0,0.0,0.0,0.0,0.0,0.0,0.0,0.0,0.0,5.0,12.0,1.0,12.08,5.01,2.5,1.5,-2.4000000000000004,0.3,2.4000000000000004,301.0,-0.1,-12.6,1.1,9.9,-83.0,0.0,0.0,219.5,0.0,22.200000000000003,29.200000000000003,29.200000000000003,32.300000000000004,300.0,300.0,29.6,35.4,31.0,30.5,32.9,4.95,2.0,4.97,0.16,0.0,0.0,1027.0,8228.0,0.0,0.0,0.0,0.0,0.0,1.0,0.0,0.0,0.0,-0.001,0.0,-0.8,0.0,-12.1,-12.9,0.0163,16.0,25903.0
2026-07-30T18:57:47.003Z,36.486,36.498,-7.5,7.4,0.0,0.0,0.0,0.0,0.0,1.0,1.0,0.0,1.0,0.0,0.0,0.0,8.0,6.0,0.0,0.0,0.0,0.0,0.0,0.0,0.0,0.0,6.0,12.0,1.0,12.08,5.01,2.5,1.5,-2.4000000000000004,0.3,2.5,301.0,-0.1,-13.8,0.5,8.1,-83.0,0.0,0.0,219.6,0.0,22.200000000000003,29.200000000000003,29.200000000000003,32.300000000000004,300.0,300.0,29.6,35.4,31.0,30.5,32.9,4.96,2.0,4.97,0.16,0.0,0.0,1027.0,8228.0,0.0,0.0,0.0,0.0,0.0,1.0,0.0,0.0,0.0,-0.001,0.0,-1.0,0.0,-9.7,-12.7,0.0149,16.0,25903.0
2026-07-30T18:57:47.015Z,36.498,36.51,-7.4,7.4,0.0,0.0,0.0,0.0,0.0,1.0,1.0,0.0,1.0,0.0,0.0,0.0,8.0,6.0,0.0,0.0,0.0,0.0,0.0,0.0,0.0,0.0,1.0,12.0,1.0,12.08,5.01,2.5,1.5,-2.4000000000000004,0.3,2.4000000000000004,301.1,-0.1,-12.6,1.1,8.700000000000001,-83.0,0.0,0.0,219.7,0.0,22.200000000000003,29.200000000000003,29.200000000000003,32.300000000000004,300.0,300.0,29.6,35.4,31.0,30.5,32.9,4.96,2.0,4.96,0.16,0.0,0.0,1027.0,8228.0,0.0,0.0,0.0,0.0,0.0,1.0,0.0,0.0,0.0,-0.001,0.0,-0.6000000000000001,0.0,-10.8,-12.7,0.0152,16.0,25903.0
2026-07-30T18:57:47.027Z,36.51,36.522,-7.4,7.4,0.0,0.0,0.0,0.0,0.0,1.0,1.0,0.0,1.0,0.0,0.0,0.0,8.0,6.0,0.0,0.0,0.0,0.0,0.0,0.0,0.0,0.0,2.0,12.0,1.0,12.02,5.01,2.51,1.49,-2.3000000000000003,0.2,2.4000000000000004,301.1,-0.1,-11.4,2.3000000000000003,9.3,-83.0,0.0,0.0,219.8,0.0,22.200000000000003,29.3,29.3,32.4,300.0,300.0,29.5,35.300000000000004,31.1,30.6,32.9,4.96,2.0,4.96,0.16,0.0,0.0,1027.0,8228.0,0.0,0.0,0.0,0.0,0.0,1.0,0.0,0.0,0.0,-0.001,0.0,-0.3,0.0,-12.5,-12.8,0.0156,16.0,25903.0
2026-07-30T18:57:47.039Z,36.522,36.534,-7.4,7.4,0.0,0.0,0.0,0.0,0.0,1.0,1.0,0.0,1.0,0.0,0.0,0.0,8.0,6.0,0.0,0.0,0.0,0.0,0.0,0.0,0.0,0.0,3.0,12.0,1.0,12.02,5.01,2.51,1.49,-2.4000000000000004,0.2,2.4000000000000004,301.0,-0.1,-12.0,1.7000000000000002,9.3,-83.0,0.0,0.0,219.8,0.0,22.200000000000003,29.3,29.3,32.4,300.0,300.0,29.5,35.300000000000004,31.1,30.6,32.9,4.96,1.99,4.96,0.16,0.0,0.0,1027.0,8228.0,0.0,0.0,0.0,0.0,0.0,1.0,0.0,0.0,0.0,-0.001,0.0,0.2,0.0,-12.3,-12.8,0.0159,16.0,25903.0
2026-07-30T18:57:47.051Z,36.534,36.546,-7.4,7.4,0.0,0.0,0.0,0.0,0.0,1.0,1.0,0.0,1.0,0.0,0.0,0.0,8.0,6.0,0.0,0.0,0.0,0.0,0.0,0.0,0.0,0.0,4.0,12.0,1.0,12.02,5.01,2.51,1.49,-2.4000000000000004,0.3,2.4000000000000004,301.0,-0.1,-11.4,2.9000000000000004,9.9,-83.0,0.0,0.0,219.6,0.0,22.200000000000003,29.3,29.3,32.4,300.0,300.0,29.5,35.300000000000004,31.1,30.6,32.9,4.95,2.0,4.96,0.16,0.0,0.0,1027.0,8228.0,0.0,0.0,0.0,0.0,0.0,1.0,0.0,0.0,0.0,-0.001,0.0,-0.4,0.0,-13.2,-12.9,0.0162,16.0,25903.0
2026-07-30T18:57:47.066Z,36.549,36.558,-7.4,7.4,0.0,0.0,0.0,0.0,0.0,1.0,1.0,0.0,1.0,0.0,0.0,0.0,8.0,6.0,0.0,0.0,0.0,0.0,0.0,0.0,0.0,0.0,6.0,12.0,1.0,12.02,5.01,2.51,1.49,-2.3000000000000003,0.2,2.3000000000000003,301.1,-0.1,-10.9,3.5,11.6,-83.0,0.0,0.0,219.6,0.0,22.200000000000003,29.3,29.3,32.4,300.0,300.0,29.5,35.300000000000004,31.1,30.6,32.9,4.95,2.0,4.96,0.16,0.0,0.0,1027.0,8228.0,0.0,0.0,0.0,0.0,0.0,1.0,0.0,0.0,0.0,-0.001,0.0,0.8,0.0,-15.8,-12.8,0.0161,16.0,25903.0
2026-07-30T18:57:47.075Z,36.558,36.57,-7.5,7.4,0.0,0.0,0.0,0.0,0.0,1.0,1.0,0.0,1.0,0.0,0.0,0.0,8.0,6.0,0.0,0.0,0.0,0.0,0.0,0.0,0.0,0.0,6.0,12.0,1.0,12.02,5.01,2.51,1.49,-2.3000000000000003,0.3,2.4000000000000004,301.0,-0.1,-10.9,1.7000000000000002,9.9,-83.0,0.0,0.0,219.6,0.0,22.200000000000003,29.3,29.3,32.4,300.0,300.0,29.5,35.300000000000004,31.1,30.6,32.9,4.95,2.0,4.97,0.16,0.0,0.0,1027.0,8228.0,0.0,0.0,0.0,0.0,0.0,1.0,0.0,0.0,0.0,-0.001,0.0,-0.3,0.0,-12.5,-12.8,0.0155,16.0,25903.0
2026-07-30T18:57:47.087Z,36.57,36.582,-7.5,7.4,0.0,0.0,0.0,0.0,0.0,1.0,1.0,0.0,1.0,0.0,0.0,0.0,8.0,6.0,0.0,0.0,0.0,0.0,0.0,0.0,0.0,0.0,1.0,12.0,1.0,12.02,5.01,2.51,1.49,-2.3000000000000003,0.2,2.3000000000000003,301.0,-0.1,-12.0,2.9000000000000004,10.4,-83.0,0.0,0.0,219.5,0.0,22.200000000000003,29.3,29.3,32.4,300.0,300.0,29.5,35.300000000000004,31.1,30.6,32.9,4.95,2.0,4.96,0.16,0.0,0.0,1027.0,8228.0,0.0,0.0,0.0,0.0,0.0,1.0,0.0,0.0,0.0,-0.001,0.0,0.5,0.0,-14.0,-12.7,0.0161,16.0,25903.0
2026-07-30T18:57:47.098Z,36.581,36.594,-7.5,7.4,0.0,0.0,0.0,0.0,0.0,1.0,1.0,0.0,1.0,0.0,0.0,0.0,8.0,6.0,0.0,0.0,0.0,0.0,0.0,0.0,0.0,0.0,2.0,12.0,1.0,12.02,5.01,2.51,1.49,-2.3000000000000003,0.2,2.4000000000000004,301.1,-0.1,-12.0,2.3000000000000003,9.3,-83.0,0.0,0.0,219.5,0.0,22.200000000000003,29.3,29.3,32.4,300.0,300.0,29.5,35.300000000000004,31.1,30.6,32.9,4.95,2.0,4.96,0.16,0.0,0.0,1027.0,8228.0,0.0,0.0,0.0,0.0,0.0,1.0,0.0,0.0,0.0,-0.001,0.0,0.2,0.0,-12.3,-12.7,0.0156,16.0,25903.0
2026-07-30T18:57:47.110Z,36.593,36.606,-7.4,7.4,0.0,0.0,0.0,0.0,0.0,1.0,1.0,0.0,1.0,0.0,0.0,0.0,8.0,6.0,0.0,0.0,0.0,0.0,0.0,0.0,0.0,0.0,3.0,12.0,1.0,12.02,5.01,2.51,1.49,-2.4000000000000004,0.3,2.4000000000000004,301.0,-0.1,-11.4,1.7000000000000002,8.700000000000001,-82.9,0.0,0.0,219.6,0.0,22.200000000000003,29.3,29.3,32.4,300.0,300.0,29.5,35.300000000000004,31.1,30.6,32.9,4.95,2.0,4.97,0.16,0.0,0.0,1027.0,8228.0,0.0,0.0,0.0,0.0,0.0,1.0,0.0,0.0,0.0,-0.001,0.0,-0.1,0.0,-11.2,-12.7,0.016,16.0,25903.0
2026-07-30T18:57:47.123Z,36.606,36.618,-7.4,7.4,0.0,0.0,0.0,0.0,0.0,1.0,1.0,0.0,1.0,0.0,0.0,0.0,8.0,6.0,0.0,0.0,0.0,0.0,0.0,0.0,0.0,0.0,4.0,12.0,1.0,12.05,5.01,2.5,1.49,-2.2,0.2,2.3000000000000003,301.0,-0.1,-12.0,2.9000000000000004,11.6,-82.9,0.0,0.0,219.6,0.0,21.3,29.3,29.3,32.4,300.0,300.0,29.4,35.4,31.1,30.6,33.0,4.96,1.99,4.96,0.16,0.0,0.0,1027.0,8228.0,0.0,0.0,0.0,0.0,0.0,1.0,0.0,0.0,0.0,-0.001,0.0,0.3,0.0,-15.4,-12.8,0.0163,16.0,25903.0
2026-07-30T18:57:47.135Z,36.618,36.63,-7.5,7.4,0.0,0.0,0.0,0.0,0.0,1.0,1.0,0.0,1.0,0.0,0.0,0.0,8.0,6.0,0.0,0.0,0.0,0.0,0.0,0.0,0.0,0.0,5.0,12.0,1.0,12.05,5.01,2.5,1.49,-2.3000000000000003,0.2,2.3000000000000003,301.1,-0.1,-12.0,2.3000000000000003,10.4,-82.9,0.0,0.0,219.6,0.0,21.3,29.3,29.3,32.4,300.0,300.0,29.4,35.4,31.1,30.6,33.0,4.96,2.0,4.97,0.16,0.0,0.0,1027.0,8228.0,0.0,0.0,0.0,0.0,0.0,1.0,0.0,0.0,0.0,-0.001,0.0,0.0,0.0,-13.6,-12.8,0.0154,16.0,25903.0
2026-07-30T18:57:47.147Z,36.63,36.642,-7.5,7.4,0.0,0.0,0.0,0.0,0.0,1.0,1.0,0.0,1.0,0.0,0.0,0.0,8.0,6.0,0.0,0.0,0.0,0.0,0.0,0.0,0.0,0.0,6.0,12.0,1.0,12.05,5.01,2.5,1.49,-2.3000000000000003,0.2,2.3000000000000003,300.90000000000003,-0.1,-13.2,2.3000000000000003,11.0,-82.9,0.0,0.0,219.7,0.0,21.3,29.3,29.3,32.4,300.0,300.0,29.4,35.4,31.1,30.6,33.0,4.95,2.0,4.97,0.16,0.0,0.0,1027.0,8228.0,0.0,0.0,0.0,0.0,0.0,1.0,0.0,0.0,0.0,-0.001,0.0,0.0,0.0,-14.3,-12.7,0.0157,16.0,25903.0
2026-07-30T18:57:47.159Z,36.642,36.654,-7.5,7.4,0.0,0.0,0.0,0.0,0.0,1.0,1.0,0.0,1.0,0.0,0.0,0.0,8.0,6.0,0.0,0.0,0.0,0.0,0.0,0.0,0.0,0.0,1.0,12.0,1.0,12.05,5.01,2.5,1.49,-2.4000000000000004,0.3,2.4000000000000004,301.0,-0.1,-12.0,0.5,8.1,-82.9,0.0,0.0,219.7,0.0,21.3,29.3,29.3,32.4,300.0,300.0,29.4,35.4,31.1,30.6,33.0,4.95,2.0,4.96,0.16,0.0,0.0,1027.0,8228.0,0.0,0.0,0.0,0.0,0.0,1.0,0.0,0.0,0.0,-0.001,0.0,-1.0,0.0,-9.7,-12.7,0.0156,16.0,25903.0
2026-07-30T18:57:47.171Z,36.654,36.666,-7.5,7.4,0.0,0.0,0.0,0.0,0.0,1.0,1.0,0.0,1.0,0.0,0.0,0.0,8.0,6.0,0.0,0.0,0.0,0.0,0.0,0.0,0.0,0.0,3.0,12.0,1.0,12.05,5.01,2.5,1.49,-2.3000000000000003,0.3,2.4000000000000004,301.1,0.0,-11.4,1.1,9.9,-82.9,0.0,0.0,219.7,0.0,21.3,29.3,29.3,32.4,300.0,300.0,29.4,35.4,31.1,30.6,33.0,4.96,2.0,4.96,0.16,0.0,0.0,1027.0,8228.0,0.0,0.0,0.0,0.0,0.0,1.0,0.0,0.0,0.0,-0.001,0.0,-0.8,0.0,-12.1,-12.7,0.0166,16.0,25903.0
2026-07-30T18:57:47.182Z,36.665,36.678,-7.5,7.4,0.0,0.0,0.0,0.0,0.0,1.0,1.0,0.0,1.0,0.0,0.0,0.0,8.0,6.0,0.0,0.0,0.0,0.0,0.0,0.0,0.0,0.0,4.0,12.0,1.0,12.05,5.01,2.5,1.49,-2.4000000000000004,0.2,2.4000000000000004,301.0,-0.1,-12.0,1.1,8.1,-82.9,0.0,0.0,219.8,0.0,21.3,29.3,29.3,32.4,300.0,300.0,29.4,35.4,31.1,30.6,33.0,4.96,2.0,4.96,0.17,0.0,0.0,1027.0,8228.0,0.0,0.0,0.0,0.0,0.0,1.0,0.0,0.0,0.0,-0.001,0.0,-0.5,0.0,-10.1,-12.7,0.016,16.0,25903.0
2026-07-30T18:57:47.195Z,36.678,36.69,-7.4,7.4,0.0,0.0,0.0,0.0,0.0,1.0,1.0,0.0,1.0,0.0,0.0,0.0,8.0,6.0,0.0,0.0,0.0,0.0,0.0,0.0,0.0,0.0,5.0,12.0,1.0,12.05,5.01,2.5,1.49,-2.4000000000000004,0.2,2.4000000000000004,301.1,-0.1,-13.2,2.3000000000000003,7.5,-82.9,0.0,0.0,219.8,0.0,21.3,29.3,29.3,32.4,300.0,300.0,29.4,35.4,31.1,30.6,33.0,4.95,2.0,4.96,0.16,0.0,0.0,1027.0,8228.0,0.0,0.0,0.0,0.0,0.0,1.0,0.0,0.0,0.0,-0.001,0.0,0.5,0.0,-10.3,-12.7,0.0163,16.0,25903.0
2026-07-30T18:57:47.207Z,36.69,36.702,-7.4,7.4,0.0,0.0,0.0,0.0,0.0,1.0,1.0,0.0,1.0,0.0,0.0,0.0,8.0,6.0,0.0,0.0,0.0,0.0,0.0,0.0,0.0,0.0,6.0,12.0,1.0,12.05,5.01,2.5,1.49,-2.4000000000000004,0.3,2.4000000000000004,301.1,-0.1,-12.0,0.5,8.700000000000001,-82.9,0.0,0.0,219.8,0.0,21.3,29.3,29.3,32.4,300.0,300.0,29.4,35.4,31.1,30.6,33.0,4.95,2.0,4.96,0.16,0.0,0.0,1027.0,8228.0,0.0,0.0,0.0,0.0,0.0,1.0,0.0,0.0,0.0,-0.001,0.0,-1.2000000000000002,0.0,-10.3,-12.8,0.0164,16.0,25903.0
2026-07-30T18:57:47.219Z,36.702,36.714,-7.4,7.4,0.0,0.0,0.0,0.0,0.0,1.0,1.0,0.0,1.0,0.0,0.0,0.0,8.0,6.0,0.0,0.0,0.0,0.0,0.0,0.0,0.0,0.0,1.0,12.0,1.0,12.05,5.01,2.5,1.49,-2.4000000000000004,0.3,2.4000000000000004,301.0,-0.1,-11.4,1.1,9.3,-83.0,0.0,0.0,219.7,0.0,21.3,29.3,29.3,32.4,300.0,300.0,29.4,35.4,31.1,30.6,33.0,4.95,2.0,4.96,0.16,0.0,0.0,1027.0,8228.0,0.0,0.0,0.0,0.0,0.0,1.0,0.0,0.0,0.0,-0.001,0.0,-0.7000000000000001,0.0,-11.4,-12.8,0.0164,16.0,25903.0
2026-07-30T18:57:47.231Z,36.714,36.726,-7.4,7.4,0.0,0.0,0.0,0.0,0.0,1.0,1.0,0.0,1.0,0.0,0.0,0.0,8.0,6.0,0.0,0.0,0.0,0.0,0.0,0.0,0.0,0.0,1.0,12.0,1.0,12.04,5.0200000000000005,2.51,1.49,-2.4000000000000004,0.2,2.4000000000000004,301.0,-0.1,-12.0,1.7000000000000002,8.700000000000001,-83.0,0.0,0.0,219.8,0.0,22.200000000000003,29.3,29.3,32.4,300.0,300.0,29.5,35.5,31.200000000000003,30.6,33.0,4.95,2.0,4.97,0.16,0.0,0.0,1027.0,8228.0,0.0,0.0,0.0,0.0,0.0,1.0,0.0,0.0,0.0,-0.001,0.0,-0.1,0.0,-11.2,-12.8,0.0162,16.0,25903.0
2026-07-30T18:57:47.243Z,36.726,36.738,-7.4,7.4,0.0,0.0,0.0,0.0,0.0,1.0,1.0,0.0,1.0,0.0,0.0,0.0,8.0,6.0,0.0,0.0,0.0,0.0,0.0,0.0,0.0,0.0,2.0,12.0,1.0,12.04,5.0200000000000005,2.51,1.49,-2.3000000000000003,0.2,2.3000000000000003,301.1,-0.1,-12.0,2.9000000000000004,9.9,-83.0,0.0,0.0,219.7,0.0,22.200000000000003,29.3,29.3,32.4,300.0,300.0,29.5,35.5,31.200000000000003,30.6,33.0,4.96,2.0,4.97,0.16,0.0,0.0,1027.0,8228.0,0.0,0.0,0.0,0.0,0.0,1.0,0.0,0.0,0.0,-0.001,0.0,0.6000000000000001,0.0,-13.4,-12.8,0.0163,16.0,25903.0
2026-07-30T18:57:47.255Z,36.738,36.75,-7.4,7.4,0.0,0.0,0.0,0.0,0.0,1.0,1.0,0.0,1.0,0.0,0.0,0.0,8.0,6.0,0.0,0.0,0.0,0.0,0.0,0.0,0.0,0.0,4.0,12.0,1.0,12.04,5.0200000000000005,2.51,1.49,-2.3000000000000003,0.3,2.3000000000000003,300.90000000000003,-0.1,-12.6,1.7000000000000002,10.4,-83.0,0.0,0.0,219.7,0.0,22.200000000000003,29.3,29.3,32.4,300.0,300.0,29.5,35.5,31.200000000000003,30.6,33.0,4.95,2.0,4.97,0.16,0.0,0.0,1027.0,8228.0,0.0,0.0,0.0,0.0,0.0,1.0,0.0,0.0,0.0,-0.001,0.0,-0.4,0.0,-13.2,-12.8,0.0159,16.0,25903.0
2026-07-30T18:57:47.267Z,36.75,36.762,-7.4,7.4,0.0,0.0,0.0,0.0,0.0,1.0,1.0,0.0,1.0,0.0,0.0,0.0,8.0,6.0,0.0,0.0,0.0,0.0,0.0,0.0,0.0,0.0,5.0,12.0,1.0,12.04,5.0200000000000005,2.51,1.49,-2.4000000000000004,0.3,2.4000000000000004,301.0,-0.1,-12.0,1.7000000000000002,9.3,-83.0,0.0,0.0,219.7,0.0,22.200000000000003,29.3,29.3,32.4,300.0,300.0,29.5,35.5,31.200000000000003,30.6,33.0,4.95,2.0,4.97,0.16,0.0,0.0,1027.0,8228.0,0.0,0.0,0.0,0.0,0.0,1.0,0.0,0.0,0.0,-0.001,0.0,-0.2,0.0,-11.8,-12.8,0.0159,16.0,25903.0
2026-07-30T18:57:47.278Z,36.761,36.774,-7.5,7.4,0.0,0.0,0.0,0.0,0.0,1.0,1.0,0.0,1.0,0.0,0.0,0.0,8.0,6.0,0.0,0.0,0.0,0.0,0.0,0.0,0.0,0.0,6.0,12.0,1.0,12.04,5.0200000000000005,2.51,1.49,-2.3000000000000003,0.2,2.3000000000000003,301.1,-0.1,-11.4,2.9000000000000004,11.0,-83.0,0.0,0.0,219.6,0.0,22.200000000000003,29.3,29.3,32.4,300.0,300.0,29.5,35.5,31.200000000000003,30.6,33.0,4.95,2.0,4.96,0.16,0.0,0.0,1027.0,8228.0,0.0,0.0,0.0,0.0,0.0,1.0,0.0,0.0,0.0,-0.001,0.0,0.4,0.0,-14.7,-12.8,0.0161,16.0,25903.0
2026-07-30T18:57:47.291Z,36.774,36.786,-7.5,7.4,0.0,0.0,0.0,0.0,0.0,1.0,1.0,0.0,1.0,0.0,0.0,0.0,8.0,6.0,0.0,0.0,0.0,0.0,0.0,0.0,0.0,0.0,6.0,12.0,1.0,12.04,5.0200000000000005,2.51,1.49,-2.2,0.2,2.2,301.0,-0.1,-10.9,2.9000000000000004,11.6,-83.0,0.0,0.0,219.6,0.0,22.200000000000003,29.3,29.3,32.4,300.0,300.0,29.5,35.5,31.200000000000003,30.6,33.0,4.96,2.0,4.96,0.16,0.0,0.0,1027.0,8228.0,0.0,0.0,0.0,0.0,0.0,1.0,0.0,0.0,0.0,-0.001,0.0,0.3,0.0,-15.4,-12.7,0.0154,16.0,25903.0
2026-07-30T18:57:47.303Z,36.786,36.798,-7.4,7.4,0.0,0.0,0.0,0.0,0.0,1.0,1.0,0.0,1.0,0.0,0.0,0.0,8.0,6.0,0.0,0.0,0.0,0.0,0.0,0.0,0.0,0.0,2.0,12.0,1.0,12.04,5.0200000000000005,2.51,1.49,-2.3000000000000003,0.2,2.3000000000000003,301.1,-0.1,-10.9,2.9000000000000004,9.9,-83.0,0.0,0.0,219.8,0.0,22.200000000000003,29.3,29.3,32.4,300.0,300.0,29.5,35.5,31.200000000000003,30.6,33.0,4.95,2.0,4.96,0.16,0.0,0.0,1027.0,8228.0,0.0,0.0,0.0,0.0,0.0,1.0,0.0,0.0,0.0,-0.001,0.0,0.6000000000000001,0.0,-13.4,-12.7,0.0152,16.0,25903.0
2026-07-30T18:57:47.315Z,36.798,36.81,-7.4,7.4,0.0,0.0,0.0,0.0,0.0,1.0,1.0,0.0,1.0,0.0,0.0,0.0,8.0,6.0,0.0,0.0,0.0,0.0,0.0,0.0,0.0,0.0,2.0,12.0,1.0,12.04,5.0200000000000005,2.51,1.49,-2.3000000000000003,0.2,2.3000000000000003,300.90000000000003,-0.1,-10.9,3.5,9.9,-83.0,0.0,0.0,219.9,0.0,22.200000000000003,29.3,29.3,32.4,300.0,300.0,29.5,35.5,31.200000000000003,30.6,33.0,4.96,2.0,4.97,0.16,0.0,0.0,1027.0,8228.0,0.0,0.0,0.0,0.0,0.0,1.0,0.0,0.0,0.0,-0.001,0.0,1.1,0.0,-13.8,-12.8,0.0157,16.0,25903.0
2026-07-30T18:57:47.328Z,36.811,36.822,-7.4,7.4,0.0,0.0,0.0,0.0,0.0,1.0,1.0,0.0,1.0,0.0,0.0,0.0,8.0,6.0,0.0,0.0,0.0,0.0,0.0,0.0,0.0,0.0,4.0,12.0,1.0,12.06,5.0200000000000005,2.5,1.49,-2.2,0.2,2.2,301.1,-0.1,-11.4,3.5,11.6,-83.0,0.0,0.0,219.8,0.0,21.9,29.3,29.3,32.4,300.0,300.0,29.6,35.5,31.200000000000003,30.700000000000003,33.0,4.96,2.0,4.96,0.16,0.0,0.0,1027.0,8228.0,0.0,0.0,0.0,0.0,0.0,1.0,0.0,0.0,0.0,-0.001,0.0,0.8,0.0,-15.8,-12.8,0.0156,16.0,25903.0
2026-07-30T18:57:47.339Z,36.822,36.834,-7.5,7.4,0.0,0.0,0.0,0.0,0.0,1.0,1.0,0.0,1.0,0.0,0.0,0.0,8.0,6.0,0.0,0.0,0.0,0.0,0.0,0.0,0.0,0.0,5.0,12.0,1.0,12.06,5.0200000000000005,2.5,1.49,-2.3000000000000003,0.2,2.3000000000000003,301.1,-0.1,-10.9,2.9000000000000004,9.9,-83.0,0.0,0.0,219.8,0.0,21.9,29.3,29.3,32.4,300.0,300.0,29.6,35.5,31.200000000000003,30.700000000000003,33.0,4.96,2.0,4.96,0.16,0.0,0.0,1027.0,8228.0,0.0,0.0,0.0,0.0,0.0,1.0,0.0,0.0,0.0,-0.001,0.0,0.6000000000000001,0.0,-13.4,-12.8,0.0152,16.0,25903.0
2026-07-30T18:57:47.351Z,36.834,36.846,-7.4,7.4,0.0,0.0,0.0,0.0,0.0,1.0,1.0,0.0,1.0,0.0,0.0,0.0,8.0,6.0,0.0,0.0,0.0,0.0,0.0,0.0,0.0,0.0,6.0,12.0,1.0,12.06,5.0200000000000005,2.5,1.49,-2.3000000000000003,0.2,2.3000000000000003,300.90000000000003,-0.1,-10.9,2.3000000000000003,10.4,-83.0,0.0,0.0,219.8,0.0,21.9,29.3,29.3,32.4,300.0,300.0,29.6,35.5,31.200000000000003,30.700000000000003,33.0,4.95,2.0,4.97,0.16,0.0,0.0,1027.0,8228.0,0.0,0.0,0.0,0.0,0.0,1.0,0.0,0.0,0.0,-0.001,0.0,0.0,0.0,-13.6,-12.7,0.0157,16.0,25903.0
2026-07-30T18:57:47.363Z,36.846,36.858,-7.4,7.4,0.0,0.0,0.0,0.0,0.0,1.0,1.0,0.0,1.0,0.0,0.0,0.0,8.0,6.0,0.0,0.0,0.0,0.0,0.0,0.0,0.0,0.0,1.0,12.0,1.0,12.06,5.0200000000000005,2.5,1.49,-2.2,0.2,2.3000000000000003,301.0,-0.1,-12.0,2.9000000000000004,11.6,-83.10000000000001,0.0,0.0,219.8,0.0,21.9,29.3,29.3,32.4,300.0,300.0,29.6,35.5,31.200000000000003,30.700000000000003,33.0,4.95,2.0,4.96,0.16,0.0,0.0,1027.0,8228.0,0.0,0.0,0.0,0.0,0.0,1.0,0.0,0.0,0.0,-0.001,0.0,0.2,0.0,-15.4,-12.8,0.0157,16.0,25903.0
2026-07-30T18:57:47.375Z,36.858,36.87,-7.5,7.4,0.0,0.0,0.0,0.0,0.0,1.0,1.0,0.0,1.0,0.0,0.0,0.0,8.0,6.0,0.0,0.0,0.0,0.0,0.0,0.0,0.0,0.0,1.0,12.0,1.0,12.06,5.0200000000000005,2.5,1.49,-2.3000000000000003,0.2,2.3000000000000003,301.1,-0.1,-11.4,3.5,9.9,-83.10000000000001,0.0,0.0,219.8,0.0,21.9,29.3,29.3,32.4,300.0,300.0,29.6,35.5,31.200000000000003,30.700000000000003,33.0,4.95,2.0,4.97,0.16,0.0,0.0,1027.0,8228.0,0.0,0.0,0.0,0.0,0.0,1.0,0.0,0.0,0.0,-0.001,0.0,1.1,0.0,-13.8,-12.8,0.0153,16.0,25903.0
2026-07-30T18:57:47.387Z,36.87,36.882,-7.4,7.4,0.0,0.0,0.0,0.0,0.0,1.0,1.0,0.0,1.0,0.0,0.0,0.0,8.0,6.0,0.0,0.0,0.0,0.0,0.0,0.0,0.0,0.0,2.0,12.0,1.0,12.06,5.0200000000000005,2.5,1.49,-2.3000000000000003,0.2,2.3000000000000003,301.0,-0.1,-11.4,2.9000000000000004,10.4,-83.0,0.0,0.0,219.6,0.0,21.9,29.3,29.3,32.4,300.0,300.0,29.6,35.5,31.200000000000003,30.700000000000003,33.0,4.95,2.0,4.97,0.16,0.0,0.0,1027.0,8228.0,0.0,0.0,0.0,0.0,0.0,1.0,0.0,0.0,0.0,-0.001,0.0,0.5,0.0,-14.0,-12.7,0.0156,16.0,25903.0
2026-07-30T18:57:47.399Z,36.882,36.894,-7.4,7.4,0.0,0.0,0.0,0.0,0.0,1.0,1.0,0.0,1.0,0.0,0.0,0.0,8.0,6.0,0.0,0.0,0.0,0.0,0.0,0.0,0.0,0.0,3.0,12.0,1.0,12.06,5.0200000000000005,2.5,1.49,-2.4000000000000004,0.3,2.4000000000000004,301.0,-0.1,-11.4,1.7000000000000002,9.3,-83.0,0.0,0.0,219.7,0.0,21.9,29.3,29.3,32.4,300.0,300.0,29.6,35.5,31.200000000000003,30.700000000000003,33.0,4.95,2.0,4.96,0.16,0.0,0.0,1027.0,8228.0,0.0,0.0,0.0,0.0,0.0,1.0,0.0,0.0,0.0,-0.001,0.0,-0.2,0.0,-11.8,-12.8,0.0157,16.0,25903.0
2026-07-30T18:57:47.411Z,36.894,36.906,-7.5,7.4,0.0,0.0,0.0,0.0,0.0,1.0,1.0,0.0,1.0,0.0,0.0,0.0,8.0,6.0,0.0,0.0,0.0,0.0,0.0,0.0,0.0,0.0,4.0,12.0,1.0,12.06,5.0200000000000005,2.5,1.49,-2.3000000000000003,0.3,2.3000000000000003,301.1,-0.1,-12.0,1.1,11.0,-83.0,0.0,0.0,219.7,0.0,21.9,29.3,29.3,32.4,300.0,300.0,29.6,35.5,31.200000000000003,30.700000000000003,33.0,4.96,2.0,4.96,0.16,0.0,0.0,1027.0,8228.0,0.0,0.0,0.0,0.0,0.0,1.0,0.0,0.0,0.0,-0.001,0.0,-1.1,0.0,-13.4,-12.8,0.0162,16.0,25903.0
2026-07-30T18:57:47.423Z,36.906,36.918,-7.5,7.4,0.0,0.0,0.0,0.0,0.0,1.0,1.0,0.0,1.0,0.0,0.0,0.0,8.0,6.0,0.0,0.0,0.0,0.0,0.0,0.0,0.0,0.0,4.0,12.0,1.0,12.06,5.0200000000000005,2.5,1.49,-2.3000000000000003,0.2,2.3000000000000003,301.0,-0.1,-12.0,2.9000000000000004,11.0,-83.0,0.0,0.0,219.7,0.0,21.9,29.3,29.3,32.4,300.0,300.0,29.6,35.5,31.200000000000003,30.700000000000003,33.0,4.96,2.0,4.96,0.15,0.0,0.0,1027.0,8228.0,0.0,0.0,0.0,0.0,0.0,1.0,0.0,0.0,0.0,-0.001,0.0,0.4,0.0,-14.7,-12.7,0.0158,16.0,25903.0
2026-07-30T18:57:47.435Z,36.918,36.93,-7.4,7.4,0.0,0.0,0.0,0.0,0.0,1.0,1.0,0.0,1.0,0.0,0.0,0.0,8.0,6.0,0.0,0.0,0.0,0.0,0.0,0.0,0.0,0.0,6.0,12.0,1.0,12.02,5.01,2.5,1.5,-2.4000000000000004,0.3,2.4000000000000004,301.0,-0.1,-12.6,1.7000000000000002,9.3,-83.0,0.0,0.0,219.7,0.0,21.9,29.4,29.4,32.5,300.0,300.0,29.6,35.4,31.200000000000003,30.700000000000003,33.1,4.95,2.0,4.96,0.16,0.0,0.0,1027.0,8228.0,0.0,0.0,0.0,0.0,0.0,1.0,0.0,0.0,0.0,-0.001,0.0,-0.2,0.0,-11.8,-12.7,0.0154,16.0,25903.0
2026-07-30T18:57:47.447Z,36.93,36.942,-7.4,7.4,0.0,0.0,0.0,0.0,0.0,1.0,1.0,0.0,1.0,0.0,0.0,0.0,8.0,6.0,0.0,0.0,0.0,0.0,0.0,0.0,0.0,0.0,6.0,12.0,1.0,12.02,5.01,2.5,1.5,-2.3000000000000003,0.3,2.4000000000000004,301.1,0.0,-12.0,1.7000000000000002,10.4,-83.0,0.0,0.0,219.6,0.0,21.9,29.4,29.4,32.5,300.0,300.0,29.6,35.4,31.200000000000003,30.700000000000003,33.1,4.95,2.0,4.96,0.16,0.0,0.0,1027.0,8228.0,0.0,0.0,0.0,0.0,0.0,1.0,0.0,0.0,0.0,-0.001,0.0,-0.4,0.0,-13.2,-12.8,0.0162,16.0,25903.0
2026-07-30T18:57:47.460Z,36.943,36.954,-7.4,7.4,0.0,0.0,0.0,0.0,0.0,1.0,1.0,0.0,1.0,0.0,0.0,0.0,8.0,6.0,0.0,0.0,0.0,0.0,0.0,0.0,0.0,0.0,1.0,12.0,1.0,12.02,5.01,2.5,1.5,-2.4000000000000004,0.3,2.4000000000000004,301.1,-0.1,-12.6,1.1,8.700000000000001,-83.0,0.0,0.0,219.7,0.0,21.9,29.4,29.4,32.5,300.0,300.0,29.6,35.4,31.200000000000003,30.700000000000003,33.1,4.95,2.0,4.96,0.16,0.0,0.0,1027.0,8228.0,0.0,0.0,0.0,0.0,0.0,1.0,0.0,0.0,0.0,-0.001,0.0,-0.6000000000000001,0.0,-10.8,-12.8,0.016,16.0,25903.0
2026-07-30T18:57:47.471Z,36.954,36.966,-7.5,7.4,0.0,0.0,0.0,0.0,0.0,1.0,1.0,0.0,1.0,0.0,0.0,0.0,8.0,6.0,0.0,0.0,0.0,0.0,0.0,0.0,0.0,0.0,2.0,12.0,1.0,12.02,5.01,2.5,1.5,-2.4000000000000004,0.3,2.4000000000000004,301.0,-0.1,-13.2,1.1,8.1,-83.0,0.0,0.0,219.6,0.0,21.9,29.4,29.4,32.5,300.0,300.0,29.6,35.4,31.200000000000003,30.700000000000003,33.1,4.95,2.0,4.97,0.16,0.0,0.0,1027.0,8228.0,0.0,0.0,0.0,0.0,0.0,1.0,0.0,0.0,0.0,-0.001,0.0,-0.5,0.0,-10.1,-12.8,0.0155,16.0,25903.0
2026-07-30T18:57:47.483Z,36.966,36.978,-7.4,7.4,0.0,0.0,0.0,0.0,0.0,1.0,1.0,0.0,1.0,0.0,0.0,0.0,8.0,6.0,0.0,0.0,0.0,0.0,0.0,0.0,0.0,0.0,4.0,12.0,1.0,12.02,5.01,2.5,1.5,-2.4000000000000004,0.3,2.4000000000000004,301.1,-0.1,-12.6,1.1,8.1,-83.0,0.0,0.0,219.8,0.0,21.9,29.4,29.4,32.5,300.0,300.0,29.6,35.4,31.200000000000003,30.700000000000003,33.1,4.95,2.0,4.97,0.16,0.0,0.0,1027.0,8228.0,0.0,0.0,0.0,0.0,0.0,1.0,0.0,0.0,0.0,-0.001,0.0,-0.5,0.0,-10.1,-12.7,0.0154,16.0,25903.0
2026-07-30T18:57:47.495Z,36.978,36.99,-7.4,7.4,0.0,0.0,0.0,0.0,0.0,1.0,1.0,0.0,1.0,0.0,0.0,0.0,8.0,6.0,0.0,0.0,0.0,0.0,0.0,0.0,0.0,0.0,5.0,12.0,1.0,12.02,5.01,2.5,1.5,-2.4000000000000004,0.3,2.4000000000000004,301.1,-0.1,-12.0,1.7000000000000002,8.700000000000001,-83.0,0.0,0.0,219.6,0.0,21.9,29.4,29.4,32.5,300.0,300.0,29.6,35.4,31.200000000000003,30.700000000000003,33.1,4.96,2.0,4.96,0.16,0.0,0.0,1027.0,8228.0,0.0,0.0,0.0,0.0,0.0,1.0,0.0,0.0,0.0,-0.001,0.0,-0.1,0.0,-11.2,-12.8,0.0158,16.0,25903.0
2026-07-30T18:57:47.507Z,36.99,37.002,-7.4,7.4,0.0,0.0,0.0,0.0,0.0,1.0,1.0,0.0,1.0,0.0,0.0,0.0,8.0,6.0,0.0,0.0,0.0,0.0,0.0,0.0,0.0,0.0,6.0,12.0,1.0,12.02,5.01,2.5,1.5,-2.4000000000000004,0.3,2.4000000000000004,301.0,-0.1,-12.0,1.1,8.700000000000001,-82.9,0.0,0.0,219.6,0.0,21.9,29.4,29.4,32.5,300.0,300.0,29.6,35.4,31.200000000000003,30.700000000000003,33.1,4.95,2.0,4.96,0.16,0.0,0.0,1027.0,8228.0,0.0,0.0,0.0,0.0,0.0,1.0,0.0,0.0,0.0,-0.001,0.0,-0.6000000000000001,0.0,-10.8,-12.8,0.0155,16.0,25903.0
2026-07-30T18:57:47.519Z,37.002,37.014,-7.5,7.4,0.0,0.0,0.0,0.0,0.0,1.0,1.0,0.0,1.0,0.0,0.0,0.0,8.0,6.0,0.0,0.0,0.0,0.0,0.0,0.0,0.0,0.0,1.0,12.0,1.0,12.02,5.01,2.5,1.5,-2.4000000000000004,0.2,2.4000000000000004,301.1,-0.1,-12.6,2.3000000000000003,8.1,-82.9,0.0,0.0,219.5,0.0,21.9,29.4,29.4,32.5,300.0,300.0,29.6,35.4,31.200000000000003,30.700000000000003,33.1,4.95,2.0,4.96,0.16,0.0,0.0,1027.0,8228.0,0.0,0.0,0.0,0.0,0.0,1.0,0.0,0.0,0.0,-0.001,0.0,0.5,0.0,-10.9,-12.8,0.0162,16.0,25903.0
2026-07-30T18:57:47.532Z,37.015,37.026,-7.4,7.4,0.0,0.0,0.0,0.0,0.0,1.0,1.0,0.0,1.0,0.0,0.0,0.0,8.0,6.0,0.0,0.0,0.0,0.0,0.0,0.0,0.0,0.0,3.0,12.0,1.0,12.05,5.01,2.51,1.49,-2.4000000000000004,0.3,2.4000000000000004,301.0,-0.1,-12.6,1.1,9.3,-82.9,0.0,0.0,219.5,0.0,22.3,29.4,29.4,32.5,300.0,300.0,29.6,35.300000000000004,31.3,30.700000000000003,33.1,4.96,2.0,4.96,0.16,0.0,0.0,1027.0,8228.0,0.0,0.0,0.0,0.0,0.0,1.0,0.0,0.0,0.0,-0.001,0.0,-0.7000000000000001,0.0,-11.4,-12.7,0.0156,16.0,25903.0
2026-07-30T18:57:47.543Z,37.026,37.038,-7.4,7.4,0.0,0.0,0.0,0.0,0.0,1.0,1.0,0.0,1.0,0.0,0.0,0.0,8.0,6.0,0.0,0.0,0.0,0.0,0.0,0.0,0.0,0.0,3.0,12.0,1.0,12.05,5.01,2.51,1.49,-2.3000000000000003,0.3,2.4000000000000004,301.1,-0.1,-11.4,1.7000000000000002,9.9,-82.9,0.0,0.0,219.5,0.0,22.3,29.4,29.4,32.5,300.0,300.0,29.6,35.300000000000004,31.3,30.700000000000003,33.1,4.95,2.0,4.97,0.16,0.0,0.0,1027.0,8228.0,0.0,0.0,0.0,0.0,0.0,1.0,0.0,0.0,0.0,-0.001,0.0,0.0,0.0,-13.6,-12.8,0.0157,16.0,25903.0
2026-07-30T18:57:47.554Z,37.037,37.05,-7.4,7.4,0.0,0.0,0.0,0.0,0.0,1.0,1.0,0.0,1.0,0.0,0.0,0.0,8.0,6.0,0.0,0.0,0.0,0.0,0.0,0.0,0.0,0.0,2.0,12.0,1.0,12.05,5.01,2.51,1.49,-2.3000000000000003,0.2,2.3000000000000003,301.0,-0.1,-12.0,1.1,9.3,-82.9,0.0,0.0,219.6,0.0,22.3,29.4,29.4,32.5,300.0,300.0,29.6,35.300000000000004,31.3,30.700000000000003,33.1,4.95,2.0,4.96,0.16,0.0,0.0,1027.0,8228.0,0.0,0.0,0.0,0.0,0.0,1.0,0.0,0.0,0.0,-0.001,0.0,0.1,0.0,-12.9,-12.8,0.0158,16.0,25903.0
2026-07-30T18:57:47.567Z,37.05,37.062,-7.5,7.4,0.0,0.0,0.0,0.0,0.0,1.0,1.0,0.0,1.0,0.0,0.0,0.0,8.0,6.0,0.0,0.0,0.0,0.0,0.0,0.0,0.0,0.0,4.0,12.0,1.0,12.05,5.01,2.51,1.49,-2.2,0.2,2.2,301.2,-0.1,-10.9,2.9000000000000004,11.6,-82.9,0.0,0.0,219.7,0.0,22.3,29.4,29.4,32.5,300.0,300.0,29.6,35.300000000000004,31.3,30.700000000000003,33.1,4.95,2.0,4.96,0.16,0.0,0.0,1027.0,8228.0,0.0,0.0,0.0,0.0,0.0,1.0,0.0,0.0,0.0,-0.001,0.0,1.9,0.0,-16.0,-12.8,0.0159,16.0,25903.0
2026-07-30T18:57:47.579Z,37.062,37.074,-7.4,7.4,0.0,0.0,0.0,0.0,0.0,1.0,1.0,0.0,1.0,0.0,0.0,0.0,8.0,6.0,0.0,0.0,0.0,0.0,0.0,0.0,0.0,0.0,5.0,12.0,1.0,12.05,5.01,2.51,1.49,-2.2,0.2,2.3000000000000003,301.1,-0.1,-10.9,2.3000000000000003,12.2,-82.9,0.0,0.0,219.7,0.0,22.3,29.4,29.4,32.5,300.0,300.0,29.6,35.300000000000004,31.3,30.700000000000003,33.1,4.95,2.0,4.97,0.16,0.0,0.0,1027.0,8228.0,0.0,0.0,0.0,0.0,0.0,1.0,0.0,0.0,0.0,-0.001,0.0,-0.3,0.0,-15.6,-12.7,0.0151,16.0,25903.0
2026-07-30T18:57:47.590Z,37.073,37.086,-7.4,7.4,0.0,0.0,0.0,0.0,0.0,1.0,1.0,0.0,1.0,0.0,0.0,0.0,8.0,6.0,0.0,0.0,0.0,0.0,0.0,0.0,0.0,0.0,6.0,12.0,1.0,12.05,5.01,2.51,1.49,-2.3000000000000003,0.3,2.4000000000000004,301.1,-0.1,-12.6,1.7000000000000002,9.9,-82.9,0.0,0.0,219.7,0.0,22.3,29.4,29.4,32.5,300.0,300.0,29.6,35.300000000000004,31.3,30.700000000000003,33.1,4.95,2.0,4.97,0.16,0.0,0.0,1027.0,8228.0,0.0,0.0,0.0,0.0,0.0,1.0,0.0,0.0,0.0,-0.001,0.0,-0.3,0.0,-12.5,-12.8,0.0154,16.0,25903.0
2026-07-30T18:57:47.602Z,37.085,37.098,-7.4,7.4,0.0,0.0,0.0,0.0,0.0,1.0,1.0,0.0,1.0,0.0,0.0,0.0,8.0,6.0,0.0,0.0,0.0,0.0,0.0,0.0,0.0,0.0,1.0,12.0,1.0,12.05,5.01,2.51,1.49,-2.4000000000000004,0.3,2.4000000000000004,301.1,-0.1,-12.6,1.1,9.3,-83.0,0.0,0.0,219.8,0.0,22.3,29.4,29.4,32.5,300.0,300.0,29.6,35.300000000000004,31.3,30.700000000000003,33.1,4.95,2.0,4.96,0.16,0.0,0.0,1027.0,8228.0,0.0,0.0,0.0,0.0,0.0,1.0,0.0,0.0,0.0,-0.001,0.0,-0.7000000000000001,0.0,-11.4,-12.8,0.0161,16.0,25903.0
2026-07-30T18:57:47.615Z,37.098,37.11,-7.5,7.4,0.0,0.0,0.0,0.0,0.0,1.0,1.0,0.0,1.0,0.0,0.0,0.0,8.0,6.0,0.0,0.0,0.0,0.0,0.0,0.0,0.0,0.0,2.0,12.0,1.0,12.05,5.01,2.51,1.49,-2.4000000000000004,0.2,2.4000000000000004,301.0,-0.1,-12.0,2.3000000000000003,8.700000000000001,-83.0,0.0,0.0,219.7,0.0,22.3,29.4,29.4,32.5,300.0,300.0,29.6,35.300000000000004,31.3,30.700000000000003,33.1,4.95,2.0,4.96,0.16,0.0,0.0,1027.0,8228.0,0.0,0.0,0.0,0.0,0.0,1.0,0.0,0.0,0.0,-0.001,0.0,0.3,0.0,-11.6,-12.8,0.0163,16.0,25903.0
2026-07-30T18:57:47.626Z,37.109,37.122,-7.4,7.4,0.0,0.0,0.0,0.0,0.0,1.0,1.0,0.0,1.0,0.0,0.0,0.0,8.0,6.0,0.0,0.0,0.0,0.0,0.0,0.0,0.0,0.0,3.0,12.0,1.0,12.05,5.01,2.51,1.49,-2.3000000000000003,0.2,2.4000000000000004,301.1,-0.1,-12.6,1.7000000000000002,9.9,-83.0,0.0,0.0,219.8,0.0,22.3,29.4,29.4,32.5,300.0,300.0,29.6,35.300000000000004,31.3,30.700000000000003,33.1,4.95,2.0,4.96,0.16,0.0,0.0,1027.0,8228.0,0.0,0.0,0.0,0.0,0.0,1.0,0.0,0.0,0.0,-0.001,0.0,-0.3,0.0,-12.5,-12.7,0.016,16.0,25903.0
2026-07-30T18:57:47.639Z,37.122,37.134,-7.4,7.4,0.0,0.0,0.0,0.0,0.0,1.0,1.0,0.0,1.0,0.0,0.0,0.0,8.0,6.0,0.0,0.0,0.0,0.0,0.0,0.0,0.0,0.0,4.0,12.0,1.0,12.06,5.01,2.51,1.5,-2.3000000000000003,0.3,2.4000000000000004,301.1,-0.1,-12.6,1.1,10.4,-83.0,0.0,0.0,219.8,0.0,21.9,29.4,29.4,32.5,300.0,300.0,29.4,35.4,31.3,30.700000000000003,33.1,4.95,2.0,4.96,0.16,0.0,0.0,1027.0,8228.0,0.0,0.0,0.0,0.0,0.0,1.0,0.0,0.0,0.0,-0.001,0.0,-1.0,0.0,-12.7,-12.8,0.016,16.0,25903.0
2026-07-30T18:57:47.651Z,37.134,37.146,-7.4,7.4,0.0,0.0,0.0,0.0,0.0,1.0,1.0,0.0,1.0,0.0,0.0,0.0,8.0,6.0,0.0,0.0,0.0,0.0,0.0,0.0,0.0,0.0,5.0,12.0,1.0,12.06,5.01,2.51,1.5,-2.4000000000000004,0.3,2.4000000000000004,301.0,-0.1,-13.2,1.1,8.700000000000001,-83.0,0.0,0.0,219.8,0.0,21.9,29.4,29.4,32.5,300.0,300.0,29.4,35.4,31.3,30.700000000000003,33.1,4.96,2.0,4.96,0.16,0.0,0.0,1027.0,8228.0,0.0,0.0,0.0,0.0,0.0,1.0,0.0,0.0,0.0,-0.001,0.0,-0.6000000000000001,0.0,-10.7,-12.8,0.016,16.0,25903.0
2026-07-30T18:57:47.663Z,37.146,37.158,-7.5,7.4,0.0,0.0,0.0,0.0,0.0,1.0,1.0,0.0,1.0,0.0,0.0,0.0,8.0,6.0,0.0,0.0,0.0,0.0,0.0,0.0,0.0,0.0,6.0,12.0,1.0,12.06,5.01,2.51,1.5,-2.4000000000000004,0.2,2.4000000000000004,301.1,-0.1,-13.2,1.7000000000000002,9.9,-83.0,0.0,0.0,219.7,0.0,21.9,29.4,29.4,32.5,300.0,300.0,29.4,35.4,31.3,30.700000000000003,33.1,4.95,2.0,4.96,0.16,0.0,0.0,1027.0,8228.0,0.0,0.0,0.0,0.0,0.0,1.0,0.0,0.0,0.0,-0.001,0.0,-0.3,0.0,-12.5,-12.9,0.0166,16.0,25903.0
2026-07-30T18:57:47.675Z,37.158,37.17,-7.5,7.4,0.0,0.0,0.0,0.0,0.0,1.0,1.0,0.0,1.0,0.0,0.0,0.0,8.0,6.0,0.0,0.0,0.0,0.0,0.0,0.0,0.0,0.0,2.0,12.0,1.0,12.06,5.01,2.51,1.5,-2.4000000000000004,0.3,2.4000000000000004,301.1,-0.1,-13.8,1.1,9.9,-83.0,0.0,0.0,219.6,0.0,21.9,29.4,29.4,32.5,300.0,300.0,29.4,35.4,31.3,30.700000000000003,33.1,4.95,2.0,4.96,0.16,0.0,0.0,1027.0,8228.0,0.0,0.0,0.0,0.0,0.0,1.0,0.0,0.0,0.0,-0.001,0.0,-0.8,0.0,-12.1,-12.8,0.0161,16.0,25903.0
2026-07-30T18:57:47.687Z,37.17,37.182,-7.5,7.4,0.0,0.0,0.0,0.0,0.0,1.0,1.0,0.0,1.0,0.0,0.0,0.0,8.0,6.0,0.0,0.0,0.0,0.0,0.0,0.0,0.0,0.0,3.0,12.0,1.0,12.06,5.01,2.51,1.5,-2.4000000000000004,0.3,2.5,301.0,-0.1,-13.2,1.1,7.5,-83.0,0.0,0.0,219.8,0.0,21.9,29.4,29.4,32.5,300.0,300.0,29.4,35.4,31.3,30.700000000000003,33.1,4.95,2.0,4.96,0.16,0.0,0.0,1027.0,8228.0,0.0,0.0,0.0,0.0,0.0,1.0,0.0,0.0,0.0,-0.001,0.0,-0.4,0.0,-9.4,-12.7,0.0162,16.0,25903.0
2026-07-30T18:57:47.700Z,37.183,37.194,-7.4,7.4,0.0,0.0,0.0,0.0,0.0,1.0,1.0,0.0,1.0,0.0,0.0,0.0,8.0,6.0,0.0,0.0,0.0,0.0,0.0,0.0,0.0,0.0,4.0,12.0,1.0,12.06,5.01,2.51,1.5,-2.4000000000000004,0.3,2.4000000000000004,301.1,-0.1,-13.2,0.5,8.700000000000001,-83.0,0.0,0.0,219.8,0.0,21.9,29.4,29.4,32.5,300.0,300.0,29.4,35.4,31.3,30.700000000000003,33.1,4.95,2.0,4.97,0.16,0.0,0.0,1027.0,8228.0,0.0,0.0,0.0,0.0,0.0,1.0,0.0,0.0,0.0,-0.001,0.0,-1.2000000000000002,0.0,-10.3,-12.7,0.0167,16.0,25903.0
2026-07-30T18:57:47.711Z,37.194,37.206,-7.5,7.4,0.0,0.0,0.0,0.0,0.0,1.0,1.0,0.0,1.0,0.0,0.0,0.0,8.0,6.0,0.0,0.0,0.0,0.0,0.0,0.0,0.0,0.0,3.0,12.0,1.0,12.06,5.01,2.51,1.5,-2.4000000000000004,0.2,2.4000000000000004,301.0,-0.1,-13.2,2.3000000000000003,8.700000000000001,-83.0,0.0,0.0,219.7,0.0,21.9,29.4,29.4,32.5,300.0,300.0,29.4,35.4,31.3,30.700000000000003,33.1,4.96,2.0,4.97,0.16,0.0,0.0,1027.0,8228.0,0.0,0.0,0.0,0.0,0.0,1.0,0.0,0.0,0.0,-0.001,0.0,0.3,0.0,-11.6,-12.8,0.0165,16.0,25903.0
2026-07-30T18:57:47.723Z,37.206,37.218,-7.5,7.4,0.0,0.0,0.0,0.0,0.0,1.0,1.0,0.0,1.0,0.0,0.0,0.0,8.0,6.0,0.0,0.0,0.0,0.0,0.0,0.0,0.0,0.0,5.0,12.0,1.0,12.06,5.01,2.51,1.5,-2.3000000000000003,0.2,2.3000000000000003,301.0,-0.1,-11.4,2.3000000000000003,9.9,-83.0,0.0,0.0,219.6,0.0,21.9,29.4,29.4,32.5,300.0,300.0,29.4,35.4,31.3,30.700000000000003,33.1,4.96,2.0,4.96,0.16,0.0,0.0,1027.0,8228.0,0.0,0.0,0.0,0.0,0.0,1.0,0.0,0.0,0.0,-0.001,0.0,0.1,0.0,-12.9,-12.7,0.0162,16.0,25903.0
2026-07-30T18:57:47.736Z,37.219,37.23,-7.5,7.4,0.0,0.0,0.0,0.0,0.0,1.0,1.0,0.0,1.0,0.0,0.0,0.0,8.0,6.0,0.0,0.0,0.0,0.0,0.0,0.0,0.0,0.0,6.0,12.0,1.0,12.04,5.01,2.5,1.49,-2.3000000000000003,0.3,2.3000000000000003,301.1,-0.1,-12.0,1.7000000000000002,9.9,-83.0,0.0,0.0,219.7,0.0,22.1,29.5,29.4,32.6,300.0,300.0,29.5,35.5,31.3,30.8,33.1,4.96,2.0,4.96,0.16,0.0,0.0,1027.0,8228.0,0.0,0.0,0.0,0.0,0.0,1.0,0.0,0.0,0.0,-0.001,0.0,-0.3,0.0,-12.5,-12.7,0.0159,16.0,25903.0
2026-07-30T18:57:47.746Z,37.229,37.242,-7.4,7.4,0.0,0.0,0.0,0.0,0.0,1.0,1.0,0.0,1.0,0.0,0.0,0.0,8.0,6.0,0.0,0.0,0.0,0.0,0.0,0.0,0.0,0.0,1.0,12.0,1.0,12.04,5.01,2.5,1.49,-2.4000000000000004,0.3,2.4000000000000004,301.0,-0.1,-10.9,1.1,9.3,-83.0,0.0,0.0,219.7,0.0,22.1,29.5,29.4,32.6,300.0,300.0,29.5,35.5,31.3,30.8,33.1,4.95,2.0,4.97,0.16,0.0,0.0,1027.0,8228.0,0.0,0.0,0.0,0.0,0.0,1.0,0.0,0.0,0.0,-0.001,0.0,-0.7000000000000001,0.0,-11.4,-12.7,0.0159,16.0,25903.0
2026-07-30T18:57:47.759Z,37.242,37.254,-7.4,7.4,0.0,0.0,0.0,0.0,0.0,1.0,1.0,0.0,1.0,0.0,0.0,0.0,8.0,6.0,0.0,0.0,0.0,0.0,0.0,0.0,0.0,0.0,2.0,12.0,1.0,12.04,5.01,2.5,1.49,-2.3000000000000003,0.2,2.3000000000000003,301.0,-0.1,-11.4,2.9000000000000004,10.4,-83.0,0.0,0.0,219.7,0.0,22.1,29.5,29.4,32.6,300.0,300.0,29.5,35.5,31.3,30.8,33.1,4.95,2.0,4.96,0.16,0.0,0.0,1027.0,8228.0,0.0,0.0,0.0,0.0,0.0,1.0,0.0,0.0,0.0,-0.001,0.0,0.5,0.0,-14.0,-12.8,0.0162,16.0,25903.0
2026-07-30T18:57:47.770Z,37.253,37.266,-7.4,7.4,0.0,0.0,0.0,0.0,0.0,1.0,1.0,0.0,1.0,0.0,0.0,0.0,8.0,6.0,0.0,0.0,0.0,0.0,0.0,0.0,0.0,0.0,3.0,12.0,1.0,12.04,5.01,2.5,1.49,-2.3000000000000003,0.2,2.3000000000000003,301.1,-0.1,-11.4,2.9000000000000004,9.9,-83.0,0.0,0.0,219.7,0.0,22.1,29.5,29.4,32.6,300.0,300.0,29.5,35.5,31.3,30.8,33.1,4.95,2.0,4.96,0.16,0.0,0.0,1027.0,8228.0,0.0,0.0,0.0,0.0,0.0,1.0,0.0,0.0,0.0,-0.001,0.0,0.6000000000000001,0.0,-13.4,-12.8,0.0156,16.0,25903.0
2026-07-30T18:57:47.783Z,37.266,37.278,-7.4,7.4,0.0,0.0,0.0,0.0,0.0,1.0,1.0,0.0,1.0,0.0,0.0,0.0,8.0,6.0,0.0,0.0,0.0,0.0,0.0,0.0,0.0,0.0,4.0,12.0,1.0,12.04,5.01,2.5,1.49,-2.3000000000000003,0.2,2.3000000000000003,301.0,-0.1,-10.9,2.9000000000000004,11.6,-83.0,0.0,0.0,219.6,0.0,22.1,29.5,29.4,32.6,300.0,300.0,29.5,35.5,31.3,30.8,33.1,4.96,2.0,4.96,0.16,0.0,0.0,1027.0,8228.0,0.0,0.0,0.0,0.0,0.0,1.0,0.0,0.0,0.0,-0.001,0.0,0.3,0.0,-15.4,-12.8,0.0159,16.0,25903.0
2026-07-30T18:57:47.795Z,37.278,37.29,-7.4,7.4,0.0,0.0,0.0,0.0,0.0,1.0,1.0,0.0,1.0,0.0,0.0,0.0,8.0,6.0,0.0,0.0,0.0,0.0,0.0,0.0,0.0,0.0,5.0,12.0,1.0,12.04,5.01,2.5,1.49,-2.3000000000000003,0.2,2.3000000000000003,301.0,-0.1,-12.6,2.3000000000000003,10.4,-83.0,0.0,0.0,219.7,0.0,22.1,29.5,29.4,32.6,300.0,300.0,29.5,35.5,31.3,30.8,33.1,4.95,2.0,4.97,0.16,0.0,0.0,1027.0,8228.0,0.0,0.0,0.0,0.0,0.0,1.0,0.0,0.0,0.0,-0.001,0.0,0.0,0.0,-13.6,-12.9,0.0155,16.0,25903.0
2026-07-30T18:57:47.807Z,37.29,37.302,-7.5,7.4,0.0,0.0,0.0,0.0,0.0,1.0,1.0,0.0,1.0,0.0,0.0,0.0,8.0,6.0,0.0,0.0,0.0,0.0,0.0,0.0,0.0,0.0,1.0,12.0,1.0,12.04,5.01,2.5,1.49,-2.3000000000000003,0.2,2.3000000000000003,301.1,-0.1,-10.9,4.0,9.9,-83.0,0.0,0.0,219.8,0.0,22.1,29.5,29.4,32.6,300.0,300.0,29.5,35.5,31.3,30.8,33.1,4.96,2.0,4.96,0.16,0.0,0.0,1027.0,8228.0,0.0,0.0,0.0,0.0,0.0,1.0,0.0,0.0,0.0,-0.001,0.0,1.6,0.0,-14.2,-12.8,0.0158,16.0,25903.0
2026-07-30T18:57:47.819Z,37.302,37.314,-7.5,7.4,0.0,0.0,0.0,0.0,0.0,1.0,1.0,0.0,1.0,0.0,0.0,0.0,8.0,6.0,0.0,0.0,0.0,0.0,0.0,0.0,0.0,0.0,2.0,12.0,1.0,12.04,5.01,2.5,1.49,-2.2,0.2,2.2,301.0,-0.1,-10.9,3.5,12.8,-83.10000000000001,0.0,0.0,219.8,0.0,22.1,29.5,29.4,32.6,300.0,300.0,29.5,35.5,31.3,30.8,33.1,4.96,2.0,4.96,0.16,0.0,0.0,1027.0,8228.0,0.0,0.0,0.0,0.0,0.0,1.0,0.0,0.0,0.0,-0.001,0.0,0.5,0.0,-17.1,-12.7,0.0155,16.0,25903.0
2026-07-30T18:57:47.831Z,37.314,37.326,-7.4,7.4,0.0,0.0,0.0,0.0,0.0,1.0,1.0,0.0,1.0,0.0,0.0,0.0,8.0,6.0,0.0,0.0,0.0,0.0,0.0,0.0,0.0,0.0,3.0,12.0,1.0,12.04,5.01,2.5,1.49,-2.4000000000000004,0.2,2.4000000000000004,301.0,-0.1,-11.4,2.3000000000000003,8.700000000000001,-83.10000000000001,0.0,0.0,219.8,0.0,22.1,29.5,29.4,32.6,300.0,300.0,29.5,35.5,31.3,30.8,33.1,4.96,1.99,4.96,0.16,0.0,0.0,1027.0,8228.0,0.0,0.0,0.0,0.0,0.0,1.0,0.0,0.0,0.0,-0.001,0.0,0.3,0.0,-11.6,-12.8,0.015,16.0,25903.0
2026-07-30T18:57:47.843Z,37.326,37.338,-7.4,7.4,0.0,0.0,0.0,0.0,0.0,1.0,1.0,0.0,1.0,0.0,0.0,0.0,8.0,6.0,0.0,0.0,0.0,0.0,0.0,0.0,0.0,0.0,4.0,12.0,1.0,12.05,5.01,2.5,1.49,-2.3000000000000003,0.3,2.4000000000000004,301.1,-0.1,-11.4,1.7000000000000002,10.4,-83.10000000000001,0.0,0.0,219.7,0.0,21.700000000000003,29.5,29.5,32.6,300.0,300.0,29.6,35.5,31.3,30.8,33.2,4.96,1.99,4.96,0.16,0.0,0.0,1027.0,8228.0,0.0,0.0,0.0,0.0,0.0,1.0,0.0,0.0,0.0,-0.001,0.0,-0.4,0.0,-13.2,-12.8,0.0163,16.0,25903.0
2026-07-30T18:57:47.861Z,37.344,37.35,-7.5,7.4,0.0,0.0,0.0,0.0,0.0,1.0,1.0,0.0,1.0,0.0,0.0,0.0,8.0,6.0,0.0,0.0,0.0,0.0,0.0,0.0,0.0,0.0,5.0,12.0,1.0,12.05,5.01,2.5,1.49,-2.3000000000000003,0.2,2.3000000000000003,301.0,-0.1,-11.4,2.3000000000000003,10.4,-83.10000000000001,0.0,0.0,219.7,0.0,21.700000000000003,29.5,29.5,32.6,300.0,300.0,29.6,35.5,31.3,30.8,33.2,4.95,2.0,4.96,0.16,0.0,0.0,1027.0,8228.0,0.0,0.0,0.0,0.0,0.0,1.0,0.0,0.0,0.0,-0.001,0.0,0.0,0.0,-13.6,-12.8,0.016,16.0,25903.0
2026-07-30T18:57:47.867Z,37.35,37.362,-7.5,7.4,0.0,0.0,0.0,0.0,0.0,1.0,1.0,0.0,1.0,0.0,0.0,0.0,8.0,6.0,0.0,0.0,0.0,0.0,0.0,0.0,0.0,0.0,3.0,12.0,1.0,12.05,5.01,2.5,1.49,-2.3000000000000003,0.2,2.3000000000000003,301.1,-0.1,-12.0,2.9000000000000004,9.9,-83.10000000000001,0.0,0.0,219.7,0.0,21.700000000000003,29.5,29.5,32.6,300.0,300.0,29.6,35.5,31.3,30.8,33.2,4.95,2.0,4.97,0.16,0.0,0.0,1027.0,8228.0,0.0,0.0,0.0,0.0,0.0,1.0,0.0,0.0,0.0,-0.001,0.0,0.6000000000000001,0.0,-13.4,-12.7,0.0158,16.0,25903.0
2026-07-30T18:57:47.879Z,37.362,37.374,-7.5,7.4,0.0,0.0,0.0,0.0,0.0,1.0,1.0,0.0,1.0,0.0,0.0,0.0,8.0,6.0,0.0,0.0,0.0,0.0,0.0,0.0,0.0,0.0,3.0,12.0,1.0,12.05,5.01,2.5,1.49,-2.3000000000000003,0.3,2.4000000000000004,301.1,-0.1,-12.0,1.1,10.4,-83.10000000000001,0.0,0.0,219.6,0.0,21.700000000000003,29.5,29.5,32.6,300.0,300.0,29.6,35.5,31.3,30.8,33.2,4.95,2.0,4.97,0.16,0.0,0.0,1027.0,8228.0,0.0,0.0,0.0,0.0,0.0,1.0,0.0,0.0,0.0,-0.001,0.0,-0.9,0.0,-12.8,-12.8,0.0159,16.0,25903.0
2026-07-30T18:57:47.891Z,37.374,37.386,-7.5,7.4,0.0,0.0,0.0,0.0,0.0,1.0,1.0,0.0,1.0,0.0,0.0,0.0,8.0,6.0,0.0,0.0,0.0,0.0,0.0,0.0,0.0,0.0,5.0,12.0,1.0,12.05,5.01,2.5,1.49,-2.3000000000000003,0.2,2.4000000000000004,301.1,-0.1,-11.4,2.3000000000000003,9.3,-83.10000000000001,0.0,0.0,219.7,0.0,21.700000000000003,29.5,29.5,32.6,300.0,300.0,29.6,35.5,31.3,30.8,33.2,4.96,2.0,4.96,0.16,0.0,0.0,1027.0,8228.0,0.0,0.0,0.0,0.0,0.0,1.0,0.0,0.0,0.0,-0.001,0.0,0.2,0.0,-12.3,-12.7,0.016,16.0,25903.0
2026-07-30T18:57:47.903Z,37.386,37.398,-7.5,7.4,0.0,0.0,0.0,0.0,0.0,1.0,1.0,0.0,1.0,0.0,0.0,0.0,8.0,6.0,0.0,0.0,0.0,0.0,0.0,0.0,0.0,0.0,6.0,12.0,1.0,12.05,5.01,2.5,1.49,-2.3000000000000003,0.2,2.3000000000000003,301.0,-0.1,-10.9,2.9000000000000004,8.700000000000001,-83.10000000000001,0.0,0.0,219.8,0.0,21.700000000000003,29.5,29.5,32.6,300.0,300.0,29.6,35.5,31.3,30.8,33.2,4.95,2.0,4.96,0.16,0.0,0.0,1027.0,8228.0,0.0,0.0,0.0,0.0,0.0,1.0,0.0,0.0,0.0,-0.001,0.0,0.8,0.0,-12.0,-12.7,0.016,16.0,25903.0
2026-07-30T18:57:47.915Z,37.398,37.41,-7.5,7.4,0.0,0.0,0.0,0.0,0.0,1.0,1.0,0.0,1.0,0.0,0.0,0.0,8.0,6.0,0.0,0.0,0.0,0.0,0.0,0.0,0.0,0.0,1.0,12.0,1.0,12.05,5.01,2.5,1.49,-2.3000000000000003,0.2,2.3000000000000003,301.0,-0.1,-11.4,2.3000000000000003,9.9,-83.10000000000001,0.0,0.0,219.8,0.0,21.700000000000003,29.5,29.5,32.6,300.0,300.0,29.6,35.5,31.3,30.8,33.2,4.95,2.0,4.97,0.16,0.0,0.0,1027.0,8228.0,0.0,0.0,0.0,0.0,0.0,1.0,0.0,0.0,0.0,-0.001,0.0,0.1,0.0,-12.9,-12.7,0.0159,16.0,25903.0
2026-07-30T18:57:47.927Z,37.41,37.422,-7.4,7.4,0.0,0.0,0.0,0.0,0.0,1.0,1.0,0.0,1.0,0.0,0.0,0.0,8.0,6.0,0.0,0.0,0.0,0.0,0.0,0.0,0.0,0.0,2.0,12.0,1.0,12.05,5.01,2.5,1.49,-2.3000000000000003,0.3,2.3000000000000003,301.0,0.0,-12.0,1.7000000000000002,9.9,-83.10000000000001,0.0,0.0,219.8,0.0,21.700000000000003,29.5,29.5,32.6,300.0,300.0,29.6,35.5,31.3,30.8,33.2,4.96,2.0,4.97,0.16,0.0,0.0,1027.0,8228.0,0.0,0.0,0.0,0.0,0.0,1.0,0.0,0.0,0.0,-0.001,0.0,-0.3,0.0,-12.5,-12.7,0.0158,16.0,25903.0
2026-07-30T18:57:47.940Z,37.423,37.434,-7.4,7.4,0.0,0.0,0.0,0.0,0.0,1.0,1.0,0.0,1.0,0.0,0.0,0.0,8.0,6.0,0.0,0.0,0.0,0.0,0.0,0.0,0.0,0.0,3.0,12.0,1.0,12.05,5.01,2.51,1.49,-2.3000000000000003,0.3,2.4000000000000004,301.1,0.0,-13.2,0.5,10.4,-83.10000000000001,0.0,0.0,219.7,0.0,22.200000000000003,29.5,29.5,32.6,300.0,300.0,29.5,35.4,31.3,30.8,33.2,4.95,2.0,4.96,0.16,0.0,0.0,1027.0,8228.0,0.0,0.0,0.0,0.0,0.0,1.0,0.0,0.0,0.0,-0.001,0.0,-1.5,0.0,-12.3,-12.8,0.0159,16.0,25903.0
2026-07-30T18:57:47.951Z,37.434,37.446,-7.4,7.4,0.0,0.0,0.0,0.0,0.0,1.0,1.0,0.0,1.0,0.0,0.0,0.0,8.0,6.0,0.0,0.0,0.0,0.0,0.0,0.0,0.0,0.0,4.0,12.0,1.0,12.05,5.01,2.51,1.49,-2.4000000000000004,0.2,2.4000000000000004,300.90000000000003,0.0,-12.0,1.7000000000000002,7.5,-83.10000000000001,0.0,0.0,219.6,0.0,22.200000000000003,29.5,29.5,32.6,300.0,300.0,29.5,35.4,31.3,30.8,33.2,4.95,2.0,4.97,0.16,0.0,0.0,1027.0,8228.0,0.0,0.0,0.0,0.0,0.0,1.0,0.0,0.0,0.0,-0.001,0.0,0.0,0.0,-9.8,-12.8,0.0161,16.0,25903.0
2026-07-30T18:57:47.963Z,37.446,37.458,-7.5,7.4,0.0,0.0,0.0,0.0,0.0,1.0,1.0,0.0,1.0,0.0,0.0,0.0,8.0,6.0,0.0,0.0,0.0,0.0,0.0,0.0,0.0,0.0,5.0,12.0,1.0,12.05,5.01,2.51,1.49,-2.4000000000000004,0.3,2.4000000000000004,301.0,-0.1,-12.0,1.7000000000000002,9.3,-83.10000000000001,0.0,0.0,219.6,0.0,22.200000000000003,29.5,29.5,32.6,300.0,300.0,29.5,35.4,31.3,30.8,33.2,4.95,2.0,4.96,0.16,0.0,0.0,1027.0,8228.0,0.0,0.0,0.0,0.0,0.0,1.0,0.0,0.0,0.0,-0.001,0.0,-0.2,0.0,-11.9,-12.8,0.0166,16.0,25903.0
2026-07-30T18:57:47.975Z,37.458,37.47,-7.4,7.4,0.0,0.0,0.0,0.0,0.0,1.0,1.0,0.0,1.0,0.0,0.0,0.0,8.0,6.0,0.0,0.0,0.0,0.0,0.0,0.0,0.0,0.0,6.0,12.0,1.0,12.05,5.01,2.51,1.49,-2.4000000000000004,0.3,2.4000000000000004,301.1,0.0,-12.6,1.1,9.9,-83.0,0.0,0.0,219.6,0.0,22.200000000000003,29.5,29.5,32.6,300.0,300.0,29.5,35.4,31.3,30.8,33.2,4.96,2.0,4.96,0.16,0.0,0.0,1027.0,8228.0,0.0,0.0,0.0,0.0,0.0,1.0,0.0,0.0,0.0,-0.001,0.0,-0.8,0.0,-12.1,-12.7,0.0161,16.0,25903.0
2026-07-30T18:57:47.987Z,37.47,37.482,-7.4,7.4,0.0,0.0,0.0,0.0,0.0,1.0,1.0,0.0,1.0,0.0,0.0,0.0,8.0,6.0,0.0,0.0,0.0,0.0,0.0,0.0,0.0,0.0,1.0,12.0,1.0,12.05,5.01,2.51,1.49,-2.5,0.3,2.5,300.90000000000003,0.0,-13.2,1.1,7.5,-83.0,0.0,0.0,219.6,0.0,22.200000000000003,29.5,29.5,32.6,300.0,300.0,29.5,35.4,31.3,30.8,33.2,4.95,2.0,4.97,0.16,0.0,0.0,1027.0,8228.0,0.0,0.0,0.0,0.0,0.0,1.0,0.0,0.0,0.0,-0.001,0.0,-0.4,0.0,-9.4,-12.8,0.0156,16.0,25903.0
2026-07-30T18:57:47.999Z,37.482,37.494,-7.4,7.4,0.0,0.0,0.0,0.0,0.0,1.0,1.0,0.0,1.0,0.0,0.0,0.0,8.0,6.0,0.0,0.0,0.0,0.0,0.0,0.0,0.0,0.0,2.0,12.0,1.0,12.05,5.01,2.51,1.49,-2.3000000000000003,0.2,2.3000000000000003,301.0,-0.1,-13.2,2.9000000000000004,9.9,-83.10000000000001,0.0,0.0,219.7,0.0,22.200000000000003,29.5,29.5,32.6,300.0,300.0,29.5,35.4,31.3,30.8,33.2,4.96,2.0,4.96,0.16,0.0,0.0,1027.0,8228.0,0.0,0.0,0.0,0.0,0.0,1.0,0.0,0.0,0.0,-0.001,0.0,0.6000000000000001,0.0,-13.4,-12.9,0.0158,16.0,25903.0
2026-07-30T18:57:48.013Z,37.496,37.506,-7.5,7.4,0.0,0.0,0.0,0.0,0.0,1.0,1.0,0.0,1.0,0.0,0.0,0.0,8.0,6.0,0.0,0.0,0.0,0.0,0.0,0.0,0.0,0.0,3.0,12.0,1.0,12.05,5.01,2.51,1.49,-2.4000000000000004,0.2,2.4000000000000004,301.1,-0.1,-13.2,2.9000000000000004,8.1,-83.10000000000001,0.0,0.0,219.7,0.0,22.200000000000003,29.5,29.5,32.6,300.0,300.0,29.5,35.4,31.3,30.8,33.2,4.96,2.0,4.96,0.16,0.0,0.0,1027.0,8228.0,0.0,0.0,0.0,0.0,0.0,1.0,0.0,0.0,0.0,-0.001,0.0,1.0,0.0,-11.4,-12.8,0.0161,16.0,25903.0
2026-07-30T18:57:48.023Z,37.506,37.518,-7.4,7.4,0.0,0.0,0.0,0.0,0.0,1.0,1.0,0.0,1.0,0.0,0.0,0.0,8.0,6.0,0.0,0.0,0.0,0.0,0.0,0.0,0.0,0.0,3.0,12.0,1.0,12.05,5.01,2.51,1.49,-2.4000000000000004,0.3,2.4000000000000004,301.0,-0.1,-12.6,1.7000000000000002,9.3,-83.10000000000001,0.0,0.0,219.7,0.0,22.200000000000003,29.5,29.5,32.6,300.0,300.0,29.5,35.4,31.3,30.8,33.2,4.95,2.0,4.96,0.16,0.0,0.0,1027.0,8228.0,0.0,0.0,0.0,0.0,0.0,1.0,0.0,0.0,0.0,-0.001,0.0,-0.2,0.0,-11.8,-12.8,0.016,16.0,25903.0
2026-07-30T18:57:48.035Z,37.518,37.53,-7.4,7.4,0.0,0.0,0.0,0.0,0.0,1.0,1.0,0.0,1.0,0.0,0.0,0.0,8.0,6.0,0.0,0.0,0.0,0.0,0.0,0.0,0.0,0.0,4.0,12.0,1.0,12.05,5.01,2.51,1.49,-2.4000000000000004,0.2,2.4000000000000004,301.0,-0.1,-13.2,2.9000000000000004,9.3,-83.10000000000001,0.0,0.0,219.6,0.0,22.200000000000003,29.5,29.5,32.6,300.0,300.0,29.5,35.4,31.3,30.8,33.2,4.95,2.0,4.97,0.16,0.0,0.0,1027.0,8228.0,0.0,0.0,0.0,0.0,0.0,1.0,0.0,0.0,0.0,-0.001,0.0,0.7000000000000001,0.0,-12.7,-12.9,0.0162,16.0,25903.0
2026-07-30T18:57:48.047Z,37.53,37.542,-7.5,7.4,0.0,0.0,0.0,0.0,0.0,1.0,1.0,0.0,1.0,0.0,0.0,0.0,8.0,6.0,0.0,0.0,0.0,0.0,0.0,0.0,0.0,0.0,5.0,12.0,1.0,12.06,5.0200000000000005,2.51,1.5,-2.4000000000000004,0.2,2.4000000000000004,301.1,-0.1,-11.4,2.3000000000000003,9.3,-83.10000000000001,0.0,0.0,219.7,0.0,21.9,29.5,29.5,32.7,300.0,300.0,29.5,35.300000000000004,31.3,30.8,33.2,4.96,2.0,4.96,0.16,0.0,0.0,1027.0,8228.0,0.0,0.0,0.0,0.0,0.0,1.0,0.0,0.0,0.0,-0.001,0.0,0.2,0.0,-12.3,-12.8,0.0156,16.0,25903.0
2026-07-30T18:57:48.059Z,37.542,37.554,-7.5,7.4,0.0,0.0,0.0,0.0,0.0,1.0,1.0,0.0,1.0,0.0,0.0,0.0,8.0,6.0,0.0,0.0,0.0,0.0,0.0,0.0,0.0,0.0,6.0,12.0,1.0,12.06,5.0200000000000005,2.51,1.5,-2.3000000000000003,0.2,2.3000000000000003,301.1,-0.1,-11.4,2.3000000000000003,10.4,-83.10000000000001,0.0,0.0,219.9,0.0,21.9,29.5,29.5,32.7,300.0,300.0,29.5,35.300000000000004,31.3,30.8,33.2,4.96,2.0,4.97,0.16,0.0,0.0,1027.0,8228.0,0.0,0.0,0.0,0.0,0.0,1.0,0.0,0.0,0.0,-0.001,0.0,0.0,0.0,-13.6,-12.7,0.0153,16.0,25903.0
2026-07-30T18:57:48.071Z,37.554,37.566,-7.5,7.4,0.0,0.0,0.0,0.0,0.0,1.0,1.0,0.0,1.0,0.0,0.0,0.0,8.0,6.0,0.0,0.0,0.0,0.0,0.0,0.0,0.0,0.0,2.0,12.0,1.0,12.06,5.0200000000000005,2.51,1.5,-2.4000000000000004,0.2,2.4000000000000004,301.0,-0.1,-12.6,1.7000000000000002,9.3,-83.10000000000001,0.0,0.0,219.9,0.0,21.9,29.5,29.5,32.7,300.0,300.0,29.5,35.300000000000004,31.3,30.8,33.2,4.95,2.0,4.97,0.16,0.0,0.0,1027.0,8228.0,0.0,0.0,0.0,0.0,0.0,1.0,0.0,0.0,0.0,-0.001,0.0,1.8,0.0,-16.7,-12.6,0.0156,16.0,25903.0
2026-07-30T18:57:48.083Z,37.566,37.578,-7.4,7.4,0.0,0.0,0.0,0.0,0.0,1.0,1.0,0.0,1.0,0.0,0.0,0.0,8.0,6.0,0.0,0.0,0.0,0.0,0.0,0.0,0.0,0.0,3.0,12.0,1.0,12.06,5.0200000000000005,2.51,1.5,-2.3000000000000003,0.2,2.3000000000000003,301.0,-0.1,-11.4,1.7000000000000002,10.4,-83.10000000000001,0.0,0.0,219.9,0.0,21.9,29.5,29.5,32.7,300.0,300.0,29.5,35.300000000000004,31.3,30.8,33.2,4.96,2.0,4.96,0.16,0.0,0.0,1027.0,8228.0,0.0,0.0,0.0,0.0,0.0,1.0,0.0,0.0,0.0,-0.001,0.0,0.6000000000000001,0.0,-13.4,-12.7,0.0149,16.0,25903.0
2026-07-30T18:57:48.095Z,37.578,37.59,-7.5,7.4,0.0,0.0,0.0,0.0,0.0,1.0,1.0,0.0,1.0,0.0,0.0,0.0,8.0,6.0,0.0,0.0,0.0,0.0,0.0,0.0,0.0,0.0,4.0,12.0,1.0,12.06,5.0200000000000005,2.51,1.5,-2.3000000000000003,0.2,2.3000000000000003,301.0,-0.1,-10.9,2.9000000000000004,9.9,-83.10000000000001,0.0,0.0,219.8,0.0,21.9,29.5,29.5,32.7,300.0,300.0,29.5,35.300000000000004,31.3,30.8,33.2,4.96,2.0,4.96,0.16,0.0,0.0,1027.0,8228.0,0.0,0.0,0.0,0.0,0.0,1.0,0.0,0.0,0.0,-0.001,0.0,0.5,0.0,-14.0,-12.8,0.0158,16.0,25903.0
2026-07-30T18:57:48.107Z,37.59,37.602,-7.4,7.4,0.0,0.0,0.0,0.0,0.0,1.0,1.0,0.0,1.0,0.0,0.0,0.0,8.0,6.0,0.0,0.0,0.0,0.0,0.0,0.0,0.0,0.0,5.0,12.0,1.0,12.06,5.0200000000000005,2.51,1.5,-2.4000000000000004,0.2,2.4000000000000004,301.0,-0.1,-11.4,1.7000000000000002,7.5,-83.10000000000001,0.0,0.0,219.7,0.0,21.9,29.5,29.5,32.7,300.0,300.0,29.5,35.300000000000004,31.3,30.8,33.2,4.96,2.0,4.97,0.16,0.0,0.0,1027.0,8228.0,0.0,0.0,0.0,0.0,0.0,1.0,0.0,0.0,0.0,-0.001,0.0,0.0,0.0,-9.8,-12.7,0.0155,16.0,25903.0
2026-07-30T18:57:48.119Z,37.602,37.614,-7.4,7.4,0.0,0.0,0.0,0.0,0.0,1.0,1.0,0.0,1.0,0.0,0.0,0.0,8.0,6.0,0.0,0.0,0.0,0.0,0.0,0.0,0.0,0.0,6.0,12.0,1.0,12.06,5.0200000000000005,2.51,1.5,-2.3000000000000003,0.2,2.3000000000000003,301.0,-0.1,-11.4,3.5,11.0,-83.10000000000001,0.0,0.0,219.8,0.0,21.9,29.5,29.5,32.7,300.0,300.0,29.5,35.300000000000004,31.3,30.8,33.2,4.96,2.0,4.97,0.16,0.0,0.0,1027.0,8228.0,0.0,0.0,0.0,0.0,0.0,1.0,0.0,0.0,0.0,-0.001,0.0,0.9,0.0,-15.1,-12.8,0.0166,16.0,25903.0
2026-07-30T18:57:48.131Z,37.614,37.626,-7.4,7.4,0.0,0.0,0.0,0.0,0.0,1.0,1.0,0.0,1.0,0.0,0.0,0.0,8.0,6.0,0.0,0.0,0.0,0.0,0.0,0.0,0.0,0.0,1.0,12.0,1.0,12.06,5.0200000000000005,2.51,1.5,-2.3000000000000003,0.2,2.3000000000000003,301.1,-0.1,-12.0,2.9000000000000004,9.9,-83.10000000000001,0.0,0.0,219.8,0.0,21.9,29.5,29.5,32.7,300.0,300.0,29.5,35.300000000000004,31.3,30.8,33.2,4.96,2.0,4.97,0.16,0.0,0.0,1027.0,8228.0,0.0,0.0,0.0,0.0,0.0,1.0,0.0,0.0,0.0,-0.001,0.0,0.6000000000000001,0.0,-13.4,-12.8,0.0154,16.0,25903.0
2026-07-30T18:57:48.144Z,37.627,37.638,-7.5,7.4,0.0,0.0,0.0,0.0,0.0,1.0,1.0,0.0,1.0,0.0,0.0,0.0,8.0,6.0,0.0,0.0,0.0,0.0,0.0,0.0,0.0,0.0,2.0,12.0,1.0,12.04,5.01,2.51,1.5,-2.4000000000000004,0.3,2.4000000000000004,300.90000000000003,-0.1,-12.0,0.5,8.700000000000001,-83.2,0.0,0.0,219.8,0.0,22.1,29.6,29.5,32.6,300.0,300.0,29.5,35.4,31.3,30.8,33.2,4.96,2.0,4.96,0.16,0.0,0.0,1027.0,8228.0,0.0,0.0,0.0,0.0,0.0,1.0,0.0,0.0,0.0,-0.001,0.0,-1.2000000000000002,0.0,-10.3,-12.8,0.0157,16.0,25903.0
2026-07-30T18:57:48.154Z,37.637,37.65,-7.4,7.4,0.0,0.0,0.0,0.0,0.0,1.0,1.0,0.0,1.0,0.0,0.0,0.0,8.0,6.0,0.0,0.0,0.0,0.0,0.0,0.0,0.0,0.0,3.0,12.0,1.0,12.04,5.01,2.51,1.5,-2.3000000000000003,0.2,2.3000000000000003,301.0,-0.1,-11.4,1.7000000000000002,10.4,-83.10000000000001,0.0,0.0,219.8,0.0,22.1,29.6,29.5,32.6,300.0,300.0,29.5,35.4,31.3,30.8,33.2,4.96,2.0,4.96,0.16,0.0,0.0,1027.0,8228.0,0.0,0.0,0.0,0.0,0.0,1.0,0.0,0.0,0.0,-0.001,0.0,-0.5,0.0,-13.2,-12.7,0.0163,16.0,25903.0
2026-07-30T18:57:48.166Z,37.649,37.662,-7.4,7.4,0.0,0.0,0.0,0.0,0.0,1.0,1.0,0.0,1.0,0.0,0.0,0.0,8.0,6.0,0.0,0.0,0.0,0.0,0.0,0.0,0.0,0.0,4.0,12.0,1.0,12.04,5.01,2.51,1.5,-2.4000000000000004,0.2,2.4000000000000004,301.1,-0.1,-14.4,1.7000000000000002,8.1,-83.10000000000001,0.0,0.0,219.8,0.0,22.1,29.6,29.5,32.6,300.0,300.0,29.5,35.4,31.3,30.8,33.2,4.96,2.0,4.96,0.16,0.0,0.0,1027.0,8228.0,0.0,0.0,0.0,0.0,0.0,1.0,0.0,0.0,0.0,-0.001,0.0,0.0,0.0,-10.5,-12.8,0.0158,16.0,25903.0
2026-07-30T18:57:48.179Z,37.662,37.674,-7.5,7.4,0.0,0.0,0.0,0.0,0.0,1.0,1.0,0.0,1.0,0.0,0.0,0.0,8.0,6.0,0.0,0.0,0.0,0.0,0.0,0.0,0.0,0.0,4.0,12.0,1.0,12.04,5.01,2.51,1.5,-2.4000000000000004,0.3,2.4000000000000004,301.0,-0.1,-12.0,1.7000000000000002,9.3,-83.10000000000001,0.0,0.0,219.7,0.0,22.1,29.6,29.5,32.6,300.0,300.0,29.5,35.4,31.3,30.8,33.2,4.95,2.0,4.97,0.16,0.0,0.0,1027.0,8228.0,0.0,0.0,0.0,0.0,0.0,1.0,0.0,0.0,0.0,-0.001,0.0,-0.2,0.0,-11.8,-12.8,0.0164,16.0,25903.0
2026-07-30T18:57:48.191Z,37.674,37.686,-7.5,7.4,0.0,0.0,0.0,0.0,0.0,1.0,1.0,0.0,1.0,0.0,0.0,0.0,8.0,6.0,0.0,0.0,0.0,0.0,0.0,0.0,0.0,0.0,3.0,12.0,1.0,12.04,5.01,2.51,1.5,-2.3000000000000003,0.3,2.3000000000000003,301.1,-0.1,-12.6,0.5,11.0,-83.10000000000001,0.0,0.0,219.8,0.0,22.1,29.6,29.5,32.6,300.0,300.0,29.5,35.4,31.3,30.8,33.2,4.95,2.0,4.97,0.16,0.0,0.0,1027.0,8228.0,0.0,0.0,0.0,0.0,0.0,1.0,0.0,0.0,0.0,-0.001,0.0,-1.6,0.0,-13.0,-12.8,0.0161,16.0,25903.0
2026-07-30T18:57:48.203Z,37.686,37.698,-7.5,7.4,0.0,0.0,0.0,0.0,0.0,1.0,1.0,0.0,1.0,0.0,0.0,0.0,8.0,6.0,0.0,0.0,0.0,0.0,0.0,0.0,0.0,0.0,4.0,12.0,1.0,12.04,5.01,2.51,1.5,-2.4000000000000004,0.3,2.4000000000000004,301.1,-0.1,-12.0,0.5,7.5,-83.10000000000001,0.0,0.0,219.7,0.0,22.1,29.6,29.5,32.6,300.0,300.0,29.5,35.4,31.3,30.8,33.2,4.95,2.0,4.96,0.16,0.0,0.0,1027.0,8228.0,0.0,0.0,0.0,0.0,0.0,1.0,0.0,0.0,0.0,-0.001,0.0,-0.9,0.0,-9.0,-12.6,0.0156,16.0,25903.0
2026-07-30T18:57:48.215Z,37.698,37.71,-7.4,7.4,0.0,0.0,0.0,0.0,0.0,1.0,1.0,0.0,1.0,0.0,0.0,0.0,8.0,6.0,0.0,0.0,0.0,0.0,0.0,0.0,0.0,0.0,6.0,12.0,1.0,12.04,5.01,2.51,1.5,-2.4000000000000004,0.3,2.4000000000000004,301.0,-0.1,-12.0,1.1,9.3,-83.10000000000001,0.0,0.0,219.7,0.0,22.1,29.6,29.5,32.6,300.0,300.0,29.5,35.4,31.3,30.8,33.2,4.96,2.0,4.96,0.17,0.0,0.0,1027.0,8228.0,0.0,0.0,0.0,0.0,0.0,1.0,0.0,0.0,0.0,-0.001,0.0,-0.7000000000000001,0.0,-11.4,-12.7,0.0166,16.0,25903.0
2026-07-30T18:57:48.227Z,37.71,37.722,-7.4,7.4,0.0,0.0,0.0,0.0,0.0,1.0,1.0,0.0,1.0,0.0,0.0,0.0,8.0,6.0,0.0,0.0,0.0,0.0,0.0,0.0,0.0,0.0,6.0,12.0,1.0,12.04,5.01,2.51,1.5,-2.3000000000000003,0.2,2.4000000000000004,301.1,-0.1,-12.6,2.3000000000000003,9.3,-83.10000000000001,0.0,0.0,219.7,0.0,22.1,29.6,29.5,32.6,300.0,300.0,29.5,35.4,31.3,30.8,33.2,4.95,2.0,4.96,0.16,0.0,0.0,1027.0,8228.0,0.0,0.0,0.0,0.0,0.0,1.0,0.0,0.0,0.0,-0.001,0.0,0.2,0.0,-12.3,-12.8,0.0162,16.0,25903.0
2026-07-30T18:57:48.239Z,37.722,37.734,-7.4,7.4,0.0,0.0,0.0,0.0,0.0,1.0,1.0,0.0,1.0,0.0,0.0,0.0,8.0,6.0,0.0,0.0,0.0,0.0,0.0,0.0,0.0,0.0,2.0,12.0,1.0,12.04,5.01,2.51,1.5,-2.4000000000000004,0.3,2.4000000000000004,301.1,-0.1,-12.6,1.1,9.3,-83.10000000000001,0.0,0.0,219.7,0.0,22.1,29.6,29.5,32.6,300.0,300.0,29.5,35.4,31.3,30.8,33.2,4.96,2.0,4.96,0.16,0.0,0.0,1027.0,8228.0,0.0,0.0,0.0,0.0,0.0,1.0,0.0,0.0,0.0,-0.001,0.0,-0.7000000000000001,0.0,-11.4,-12.9,0.016,16.0,25903.0
2026-07-30T18:57:48.251Z,37.734,37.746,-7.4,7.4,0.0,0.0,0.0,0.0,0.0,1.0,1.0,0.0,1.0,0.0,0.0,0.0,8.0,6.0,0.0,0.0,0.0,0.0,0.0,0.0,0.0,0.0,3.0,12.0,1.0,12.06,5.0200000000000005,2.51,1.49,-2.3000000000000003,0.3,2.3000000000000003,301.0,-0.1,-12.6,1.7000000000000002,10.4,-83.0,0.0,0.0,219.7,0.0,22.200000000000003,29.6,29.6,32.7,300.0,300.0,29.5,35.5,31.4,30.9,33.300000000000004,4.96,2.0,4.96,0.16,0.0,0.0,1027.0,8228.0,0.0,0.0,0.0,0.0,0.0,1.0,0.0,0.0,0.0,-0.001,0.0,-0.4,0.0,-13.2,-12.8,0.0162,16.0,25903.0
2026-07-30T18:57:48.263Z,37.746,37.758,-7.4,7.4,0.0,0.0,0.0,0.0,0.0,1.0,1.0,0.0,1.0,0.0,0.0,0.0,8.0,6.0,0.0,0.0,0.0,0.0,0.0,0.0,0.0,0.0,4.0,12.0,1.0,12.06,5.0200000000000005,2.51,1.49,-2.3000000000000003,0.2,2.4000000000000004,301.1,-0.1,-11.4,2.3000000000000003,9.3,-83.0,0.0,0.0,219.7,0.0,22.200000000000003,29.6,29.6,32.7,300.0,300.0,29.5,35.5,31.4,30.9,33.300000000000004,4.95,2.0,4.96,0.16,0.0,0.0,1027.0,8228.0,0.0,0.0,0.0,0.0,0.0,1.0,0.0,0.0,0.0,-0.001,0.0,0.2,0.0,-12.3,-12.8,0.0158,16.0,25903.0
2026-07-30T18:57:48.275Z,37.758,37.77,-7.4,7.4,0.0,0.0,0.0,0.0,0.0,1.0,1.0,0.0,1.0,0.0,0.0,0.0,8.0,6.0,0.0,0.0,0.0,0.0,0.0,0.0,0.0,0.0,5.0,12.0,1.0,12.06,5.0200000000000005,2.51,1.49,-2.3000000000000003,0.2,2.3000000000000003,300.90000000000003,-0.1,-11.4,3.5,10.4,-83.0,0.0,0.0,219.7,0.0,22.200000000000003,29.6,29.6,32.7,300.0,300.0,29.5,35.5,31.4,30.9,33.300000000000004,4.95,2.0,4.97,0.16,0.0,0.0,1027.0,8228.0,0.0,0.0,0.0,0.0,0.0,1.0,0.0,0.0,0.0,-0.001,0.0,1.0,0.0,-14.5,-12.8,0.016,16.0,25903.0
2026-07-30T18:57:48.287Z,37.77,37.782,-7.5,7.4,0.0,0.0,0.0,0.0,0.0,1.0,1.0,0.0,1.0,0.0,0.0,0.0,8.0,6.0,0.0,0.0,0.0,0.0,0.0,0.0,0.0,0.0,6.0,12.0,1.0,12.06,5.0200000000000005,2.51,1.49,-2.3000000000000003,0.2,2.3000000000000003,300.90000000000003,-0.1,-12.0,2.3000000000000003,11.0,-83.0,0.0,0.0,219.6,0.0,22.200000000000003,29.6,29.6,32.7,300.0,300.0,29.5,35.5,31.4,30.9,33.300000000000004,4.96,2.0,4.96,0.16,0.0,0.0,1027.0,8228.0,0.0,0.0,0.0,0.0,0.0,1.0,0.0,0.0,0.0,-0.001,0.0,0.0,0.0,-14.3,-12.8,0.0155,16.0,25903.0
2026-07-30T18:57:48.299Z,37.782,37.794,-7.5,7.4,0.0,0.0,0.0,0.0,0.0,1.0,1.0,0.0,1.0,0.0,0.0,0.0,8.0,6.0,0.0,0.0,0.0,0.0,0.0,0.0,0.0,0.0,1.0,12.0,1.0,12.06,5.0200000000000005,2.51,1.49,-2.3000000000000003,0.2,2.3000000000000003,301.1,-0.1,-10.9,2.9000000000000004,9.3,-83.0,0.0,0.0,219.8,0.0,22.200000000000003,29.6,29.6,32.7,300.0,300.0,29.5,35.5,31.4,30.9,33.300000000000004,4.96,2.0,4.96,0.16,0.0,0.0,1027.0,8228.0,0.0,0.0,0.0,0.0,0.0,1.0,0.0,0.0,0.0,-0.001,0.0,0.7000000000000001,0.0,-12.7,-12.7,0.0155,16.0,25903.0
2026-07-30T18:57:48.311Z,37.794,37.806,-7.4,7.4,0.0,0.0,0.0,0.0,0.0,1.0,1.0,0.0,1.0,0.0,0.0,0.0,8.0,6.0,0.0,0.0,0.0,0.0,0.0,0.0,0.0,0.0,3.0,12.0,1.0,12.06,5.0200000000000005,2.51,1.49,-2.3000000000000003,0.2,2.3000000000000003,300.90000000000003,-0.1,-10.9,2.9000000000000004,10.4,-83.0,0.0,0.0,219.8,0.0,22.200000000000003,29.6,29.6,32.7,300.0,300.0,29.5,35.5,31.4,30.9,33.300000000000004,4.95,1.99,4.96,0.16,0.0,0.0,1027.0,8228.0,0.0,0.0,0.0,0.0,0.0,1.0,0.0,0.0,0.0,-0.001,0.0,0.5,0.0,-14.0,-12.7,0.0158,16.0,25903.0
2026-07-30T18:57:48.326Z,37.809,37.818,-7.5,7.4,0.0,0.0,0.0,0.0,0.0,1.0,1.0,0.0,1.0,0.0,0.0,0.0,8.0,6.0,0.0,0.0,0.0,0.0,0.0,0.0,0.0,0.0,4.0,12.0,1.0,12.06,5.0200000000000005,2.51,1.49,-2.3000000000000003,0.2,2.3000000000000003,300.90000000000003,-0.1,-10.9,2.3000000000000003,9.9,-83.0,0.0,0.0,219.8,0.0,22.200000000000003,29.6,29.6,32.7,300.0,300.0,29.5,35.5,31.4,30.9,33.300000000000004,4.96,1.99,4.96,0.16,0.0,0.0,1027.0,8228.0,0.0,0.0,0.0,0.0,0.0,1.0,0.0,0.0,0.0,-0.001,0.0,0.1,0.0,-12.9,-12.8,0.0156,16.0,25903.0
2026-07-30T18:57:48.335Z,37.818,37.83,-7.5,7.4,0.0,0.0,0.0,0.0,0.0,1.0,1.0,0.0,1.0,0.0,0.0,0.0,8.0,6.0,0.0,0.0,0.0,0.0,0.0,0.0,0.0,0.0,4.0,12.0,1.0,12.06,5.0200000000000005,2.51,1.49,-2.4000000000000004,0.3,2.4000000000000004,301.1,-0.1,-12.0,1.1,8.700000000000001,-83.0,0.0,0.0,219.7,0.0,22.200000000000003,29.6,29.6,32.7,300.0,300.0,29.5,35.5,31.4,30.9,33.300000000000004,4.95,2.0,4.96,0.16,0.0,0.0,1027.0,8228.0,0.0,0.0,0.0,0.0,0.0,1.0,0.0,0.0,0.0,-0.001,0.0,-0.6000000000000001,0.0,-10.7,-12.7,0.0158,16.0,25903.0
2026-07-30T18:57:48.348Z,37.831,37.842,-7.5,7.4,0.0,0.0,0.0,0.0,0.0,1.0,1.0,0.0,1.0,0.0,0.0,0.0,8.0,6.0,0.0,0.0,0.0,0.0,0.0,0.0,0.0,0.0,5.0,12.0,1.0,12.05,5.01,2.51,1.5,-2.3000000000000003,0.2,2.3000000000000003,301.0,-0.1,-11.4,3.5,9.9,-83.0,0.0,0.0,219.8,0.0,21.9,29.6,29.6,32.7,300.0,300.0,29.6,35.5,31.4,30.9,33.300000000000004,4.95,2.0,4.96,0.16,0.0,0.0,1027.0,8228.0,0.0,0.0,0.0,0.0,0.0,1.0,0.0,0.0,0.0,-0.001,0.0,1.1,0.0,-13.8,-12.7,0.0163,16.0,25903.0
2026-07-30T18:57:48.359Z,37.842,37.854,-7.4,7.4,0.0,0.0,0.0,0.0,0.0,1.0,1.0,0.0,1.0,0.0,0.0,0.0,8.0,6.0,0.0,0.0,0.0,0.0,0.0,0.0,0.0,0.0,6.0,12.0,1.0,12.05,5.01,2.51,1.5,-2.3000000000000003,0.2,2.3000000000000003,301.1,-0.1,-10.9,4.0,9.9,-83.0,0.0,0.0,219.8,0.0,21.9,29.6,29.6,32.7,300.0,300.0,29.6,35.5,31.4,30.9,33.300000000000004,4.96,2.0,4.96,0.16,0.0,0.0,1027.0,8228.0,0.0,0.0,0.0,0.0,0.0,1.0,0.0,0.0,0.0,-0.001,0.0,1.6,0.0,-14.2,-12.8,0.0156,16.0,25903.0
2026-07-30T18:57:48.371Z,37.854,37.866,-7.4,7.4,0.0,0.0,0.0,0.0,0.0,1.0,1.0,0.0,1.0,0.0,0.0,0.0,8.0,6.0,0.0,0.0,0.0,0.0,0.0,0.0,0.0,0.0,1.0,12.0,1.0,12.05,5.01,2.51,1.5,-2.3000000000000003,0.2,2.3000000000000003,301.1,-0.1,-11.4,2.3000000000000003,10.4,-83.10000000000001,0.0,0.0,219.8,0.0,21.9,29.6,29.6,32.7,300.0,300.0,29.6,35.5,31.4,30.9,33.300000000000004,4.96,2.0,4.96,0.15,0.0,0.0,1027.0,8228.0,0.0,0.0,0.0,0.0,0.0,1.0,0.0,0.0,0.0,-0.001,0.0,0.0,0.0,-13.6,-12.9,0.0156,16.0,25903.0
2026-07-30T18:57:48.383Z,37.866,37.878,-7.5,7.4,0.0,0.0,0.0,0.0,0.0,1.0,1.0,0.0,1.0,0.0,0.0,0.0,8.0,6.0,0.0,0.0,0.0,0.0,0.0,0.0,0.0,0.0,2.0,12.0,1.0,12.05,5.01,2.51,1.5,-2.4000000000000004,0.2,2.4000000000000004,300.90000000000003,-0.1,-11.4,1.1,8.700000000000001,-83.10000000000001,0.0,0.0,219.7,0.0,21.9,29.6,29.6,32.7,300.0,300.0,29.6,35.5,31.4,30.9,33.300000000000004,4.95,2.0,4.97,0.15,0.0,0.0,1027.0,8228.0,0.0,0.0,0.0,0.0,0.0,1.0,0.0,0.0,0.0,-0.001,0.0,-0.6000000000000001,0.0,-10.8,-12.9,0.0158,16.0,25903.0
2026-07-30T18:57:48.394Z,37.877,37.89,-7.5,7.4,0.0,0.0,0.0,0.0,0.0,1.0,1.0,0.0,1.0,0.0,0.0,0.0,8.0,6.0,0.0,0.0,0.0,0.0,0.0,0.0,0.0,0.0,4.0,12.0,1.0,12.05,5.01,2.51,1.5,-2.2,0.2,2.3000000000000003,301.1,-0.1,-11.4,2.9000000000000004,11.6,-83.10000000000001,0.0,0.0,219.8,0.0,21.9,29.6,29.6,32.7,300.0,300.0,29.6,35.5,31.4,30.9,33.300000000000004,4.95,1.99,4.97,0.16,0.0,0.0,1027.0,8228.0,0.0,0.0,0.0,0.0,0.0,1.0,0.0,0.0,0.0,-0.001,0.0,0.2,0.0,-15.4,-12.7,0.0163,16.0,25903.0
2026-07-30T18:57:48.407Z,37.89,37.902,-7.5,7.4,0.0,0.0,0.0,0.0,0.0,1.0,1.0,0.0,1.0,0.0,0.0,0.0,8.0,6.0,0.0,0.0,0.0,0.0,0.0,0.0,0.0,0.0,5.0,12.0,1.0,12.05,5.01,2.51,1.5,-2.3000000000000003,0.2,2.3000000000000003,301.1,-0.1,-12.0,4.0,10.4,-83.0,0.0,0.0,219.7,0.0,21.9,29.6,29.6,32.7,300.0,300.0,29.6,35.5,31.4,30.9,33.300000000000004,4.95,2.0,4.97,0.16,0.0,0.0,1027.0,8228.0,0.0,0.0,0.0,0.0,0.0,1.0,0.0,0.0,0.0,-0.001,0.0,1.6,0.0,-14.9,-12.8,0.0153,16.0,25903.0
2026-07-30T18:57:48.419Z,37.902,37.914,-7.5,7.4,0.0,0.0,0.0,0.0,0.0,1.0,1.0,0.0,1.0,0.0,0.0,0.0,8.0,6.0,0.0,0.0,0.0,0.0,0.0,0.0,0.0,0.0,1.0,12.0,1.0,12.05,5.01,2.51,1.5,-2.3000000000000003,0.2,2.3000000000000003,301.1,0.0,-11.4,2.3000000000000003,10.4,-83.0,0.0,0.0,219.7,0.0,21.9,29.6,29.6,32.7,300.0,300.0,29.6,35.5,31.4,30.9,33.300000000000004,4.95,2.0,4.96,0.16,0.0,0.0,1027.0,8228.0,0.0,0.0,0.0,0.0,0.0,1.0,0.0,0.0,0.0,-0.001,0.0,0.0,0.0,-13.6,-12.8,0.0154,16.0,25903.0
2026-07-30T18:57:48.431Z,37.914,37.926,-7.5,7.4,0.0,0.0,0.0,0.0,0.0,1.0,1.0,0.0,1.0,0.0,0.0,0.0,8.0,6.0,0.0,0.0,0.0,0.0,0.0,0.0,0.0,0.0,2.0,12.0,1.0,12.05,5.01,2.51,1.5,-2.4000000000000004,0.2,2.4000000000000004,301.1,0.0,-11.4,1.7000000000000002,8.700000000000001,-83.0,0.0,0.0,219.8,0.0,21.9,29.6,29.6,32.7,300.0,300.0,29.6,35.5,31.4,30.9,33.300000000000004,4.95,2.0,4.97,0.16,0.0,0.0,1027.0,8228.0,0.0,0.0,0.0,0.0,0.0,1.0,0.0,0.0,0.0,-0.001,0.0,-0.1,0.0,-11.2,-12.7,0.0156,16.0,25903.0
2026-07-30T18:57:48.443Z,37.926,37.938,-7.4,7.4,0.0,0.0,0.0,0.0,0.0,1.0,1.0,0.0,1.0,0.0,0.0,0.0,8.0,6.0,0.0,0.0,0.0,0.0,0.0,0.0,0.0,0.0,3.0,12.0,1.0,12.05,5.01,2.51,1.5,-2.3000000000000003,0.2,2.4000000000000004,301.1,0.0,-11.4,2.9000000000000004,8.700000000000001,-83.0,0.0,0.0,219.8,0.0,21.9,29.6,29.6,32.7,300.0,300.0,29.6,35.5,31.4,30.9,33.300000000000004,4.95,2.0,4.97,0.16,0.0,0.0,1027.0,8228.0,0.0,0.0,0.0,0.0,0.0,1.0,0.0,0.0,0.0,-0.001,0.0,0.8,0.0,-12.0,-12.7,0.0161,16.0,25903.0
2026-07-30T18:57:48.455Z,37.938,37.95,-7.4,7.4,0.0,0.0,0.0,0.0,0.0,1.0,1.0,0.0,1.0,0.0,0.0,0.0,8.0,6.0,0.0,0.0,0.0,0.0,0.0,0.0,0.0,0.0,4.0,12.0,1.0,12.06,5.0200000000000005,2.5,1.49,-2.4000000000000004,0.2,2.4000000000000004,301.0,0.0,-12.6,2.9000000000000004,8.700000000000001,-83.0,0.0,0.0,219.8,0.0,22.1,29.6,29.6,32.7,300.0,300.0,29.5,35.4,31.3,30.9,33.300000000000004,4.96,2.0,4.97,0.16,0.0,0.0,1027.0,8228.0,0.0,0.0,0.0,0.0,0.0,1.0,0.0,0.0,0.0,-0.001,0.0,0.8,0.0,-12.0,-12.8,0.016,16.0,25903.0
2026-07-30T18:57:48.467Z,37.95,37.962,-7.4,7.4,0.0,0.0,0.0,0.0,0.0,1.0,1.0,0.0,1.0,0.0,0.0,0.0,8.0,6.0,0.0,0.0,0.0,0.0,0.0,0.0,0.0,0.0,5.0,12.0,1.0,12.06,5.0200000000000005,2.5,1.49,-2.4000000000000004,0.3,2.4000000000000004,301.1,0.0,-13.2,1.1,8.700000000000001,-83.0,0.0,0.0,219.6,0.0,22.1,29.6,29.6,32.7,300.0,300.0,29.5,35.4,31.3,30.9,33.300000000000004,4.95,2.0,4.97,0.16,0.0,0.0,1027.0,8228.0,0.0,0.0,0.0,0.0,0.0,1.0,0.0,0.0,0.0,-0.001,0.0,-0.6000000000000001,0.0,-10.8,-12.9,0.0161,16.0,25903.0
2026-07-30T18:57:48.482Z,37.965,37.974,-7.5,7.4,0.0,0.0,0.0,0.0,0.0,1.0,1.0,0.0,1.0,0.0,0.0,0.0,8.0,6.0,0.0,0.0,0.0,0.0,0.0,0.0,0.0,0.0,6.0,12.0,1.0,12.06,5.0200000000000005,2.5,1.49,-2.3000000000000003,0.3,2.4000000000000004,301.0,-0.1,-12.0,1.7000000000000002,9.9,-83.0,0.0,0.0,219.6,0.0,22.1,29.6,29.6,32.7,300.0,300.0,29.5,35.4,31.3,30.9,33.300000000000004,4.96,2.0,4.97,0.16,0.0,0.0,1027.0,8228.0,0.0,0.0,0.0,0.0,0.0,1.0,0.0,0.0,0.0,-0.001,0.0,-0.3,0.0,-12.5,-12.8,0.0165,16.0,25903.0
2026-07-30T18:57:48.491Z,37.974,37.986,-7.5,7.4,0.0,0.0,0.0,0.0,0.0,1.0,1.0,0.0,1.0,0.0,0.0,0.0,8.0,6.0,0.0,0.0,0.0,0.0,0.0,0.0,0.0,0.0,5.0,12.0,1.0,12.06,5.0200000000000005,2.5,1.49,-2.4000000000000004,0.3,2.4000000000000004,301.0,-0.1,-12.6,1.1,8.700000000000001,-83.0,0.0,0.0,219.6,0.0,22.1,29.6,29.6,32.7,300.0,300.0,29.5,35.4,31.3,30.9,33.300000000000004,4.96,2.0,4.96,0.16,0.0,0.0,1027.0,8228.0,0.0,0.0,0.0,0.0,0.0,1.0,0.0,0.0,0.0,-0.001,0.0,-0.6000000000000001,0.0,-10.8,-12.7,0.016,16.0,25903.0
2026-07-30T18:57:48.503Z,37.986,37.998,-7.5,7.4,0.0,0.0,0.0,0.0,0.0,1.0,1.0,0.0,1.0,0.0,0.0,0.0,8.0,6.0,0.0,0.0,0.0,0.0,0.0,0.0,0.0,0.0,6.0,12.0,1.0,12.06,5.0200000000000005,2.5,1.49,-2.4000000000000004,0.3,2.4000000000000004,301.0,-0.1,-13.2,1.7000000000000002,8.1,-82.9,0.0,0.0,219.6,0.0,22.1,29.6,29.6,32.7,300.0,300.0,29.5,35.4,31.3,30.9,33.300000000000004,4.95,2.0,4.96,0.16,0.0,0.0,1027.0,8228.0,0.0,0.0,0.0,0.0,0.0,1.0,0.0,0.0,0.0,-0.001,0.0,0.0,0.0,-10.5,-12.8,0.0158,16.0,25903.0
2026-07-30T18:57:48.515Z,37.998,38.01,-7.5,7.4,0.0,0.0,0.0,0.0,0.0,1.0,1.0,0.0,1.0,0.0,0.0,0.0,8.0,6.0,0.0,0.0,0.0,0.0,0.0,0.0,0.0,0.0,1.0,12.0,1.0,12.06,5.0200000000000005,2.5,1.49,-2.3000000000000003,0.2,2.3000000000000003,300.90000000000003,-0.1,-12.0,2.3000000000000003,10.4,-82.9,0.0,0.0,219.5,0.0,22.1,29.6,29.6,32.7,300.0,300.0,29.5,35.4,31.3,30.9,33.300000000000004,4.95,2.0,4.97,0.16,0.0,0.0,1027.0,8228.0,0.0,0.0,0.0,0.0,0.0,1.0,0.0,0.0,0.0,-0.001,0.0,0.0,0.0,-13.6,-12.8,0.0155,16.0,25903.0
2026-07-30T18:57:48.527Z,38.01,38.022,-7.5,7.4,0.0,0.0,0.0,0.0,0.0,1.0,1.0,0.0,1.0,0.0,0.0,0.0,8.0,6.0,0.0,0.0,0.0,0.0,0.0,0.0,0.0,0.0,2.0,12.0,1.0,12.06,5.0200000000000005,2.5,1.49,-2.3000000000000003,0.2,2.3000000000000003,301.0,-0.1,-12.0,2.3000000000000003,10.4,-82.9,0.0,0.0,219.7,0.0,22.1,29.6,29.6,32.7,300.0,300.0,29.5,35.4,31.3,30.9,33.300000000000004,4.96,2.0,4.96,0.16,0.0,0.0,1027.0,8228.0,0.0,0.0,0.0,0.0,0.0,1.0,0.0,0.0,0.0,-0.001,0.0,0.0,0.0,-13.6,-12.7,0.0158,16.0,25903.0
2026-07-30T18:57:48.538Z,38.021,38.034,-7.5,7.4,0.0,0.0,0.0,0.0,0.0,1.0,1.0,0.0,1.0,0.0,0.0,0.0,8.0,6.0,0.0,0.0,0.0,0.0,0.0,0.0,0.0,0.0,3.0,12.0,1.0,12.06,5.0200000000000005,2.5,1.49,-2.4000000000000004,0.2,2.4000000000000004,301.1,-0.1,-10.9,2.3000000000000003,8.1,-82.9,0.0,0.0,219.7,0.0,22.1,29.6,29.6,32.7,300.0,300.0,29.5,35.4,31.3,30.9,33.300000000000004,4.96,2.0,4.96,0.16,0.0,0.0,1027.0,8228.0,0.0,0.0,0.0,0.0,0.0,1.0,0.0,0.0,0.0,-0.001,0.0,0.4,0.0,-10.9,-12.7,0.0149,16.0,25903.0
2026-07-30T18:57:48.552Z,38.035,38.046,-7.4,7.4,0.0,0.0,0.0,0.0,0.0,1.0,1.0,0.0,1.0,0.0,0.0,0.0,8.0,6.0,0.0,0.0,0.0,0.0,0.0,0.0,0.0,0.0,4.0,12.0,1.0,12.06,5.0200000000000005,2.5,1.5,-2.2,0.2,2.2,301.0,-0.1,-11.4,4.0,12.2,-82.9,0.0,0.0,219.7,0.0,22.4,29.700000000000003,29.6,32.800000000000004,300.0,300.0,29.5,35.4,31.4,30.9,33.300000000000004,4.95,2.0,4.96,0.16,0.0,0.0,1027.0,8228.0,0.0,0.0,0.0,0.0,0.0,1.0,0.0,0.0,0.0,-0.001,0.0,1.2000000000000002,0.0,-16.900000000000002,-12.7,0.0152,16.0,25903.0
2026-07-30T18:57:48.563Z,38.046,38.058,-7.4,7.4,0.0,0.0,0.0,0.0,0.0,1.0,1.0,0.0,1.0,0.0,0.0,0.0,8.0,6.0,0.0,0.0,0.0,0.0,0.0,0.0,0.0,0.0,5.0,12.0,1.0,12.06,5.0200000000000005,2.5,1.5,-2.3000000000000003,0.2,2.3000000000000003,301.1,-0.1,-12.0,2.9000000000000004,10.4,-82.9,0.0,0.0,219.6,0.0,22.4,29.700000000000003,29.6,32.800000000000004,300.0,300.0,29.5,35.4,31.4,30.9,33.300000000000004,4.96,2.0,4.96,0.17,0.0,0.0,1027.0,8228.0,0.0,0.0,0.0,0.0,0.0,1.0,0.0,0.0,0.0,-0.001,0.0,0.5,0.0,-14.0,-12.8,0.016,16.0,25903.0
2026-07-30T18:57:48.575Z,38.058,38.07,-7.5,7.4,0.0,0.0,0.0,0.0,0.0,1.0,1.0,0.0,1.0,0.0,0.0,0.0,8.0,6.0,0.0,0.0,0.0,0.0,0.0,0.0,0.0,0.0,6.0,12.0,1.0,12.06,5.0200000000000005,2.5,1.5,-2.3000000000000003,0.3,2.3000000000000003,301.1,-0.1,-10.3,1.7000000000000002,10.4,-82.9,0.0,0.0,219.5,0.0,22.4,29.700000000000003,29.6,32.800000000000004,300.0,300.0,29.5,35.4,31.4,30.9,33.300000000000004,4.95,2.0,4.96,0.17,0.0,0.0,1027.0,8228.0,0.0,0.0,0.0,0.0,0.0,1.0,0.0,0.0,0.0,-0.001,0.0,-1.0,0.0,-13.4,-12.8,0.0155,16.0,25903.0
2026-07-30T18:57:48.587Z,38.07,38.082,-7.5,7.4,0.0,0.0,0.0,0.0,0.0,1.0,1.0,0.0,1.0,0.0,0.0,0.0,8.0,6.0,0.0,0.0,0.0,0.0,0.0,0.0,0.0,0.0,1.0,12.0,1.0,12.06,5.0200000000000005,2.5,1.5,-2.3000000000000003,0.3,2.2,300.90000000000003,-0.1,-10.9,3.5,11.6,-82.9,0.0,0.0,219.5,0.0,22.4,29.700000000000003,29.6,32.800000000000004,300.0,300.0,29.5,35.4,31.4,30.9,33.300000000000004,4.95,2.0,4.96,0.16,0.0,0.0,1027.0,8228.0,0.0,0.0,0.0,0.0,0.0,1.0,0.0,0.0,0.0,-0.001,0.0,-0.3,0.0,-12.5,-12.7,0.0156,16.0,25903.0
2026-07-30T18:57:48.599Z,38.082,38.094,-7.4,7.4,0.0,0.0,0.0,0.0,0.0,1.0,1.0,0.0,1.0,0.0,0.0,0.0,8.0,6.0,0.0,0.0,0.0,0.0,0.0,0.0,0.0,0.0,2.0,12.0,1.0,12.06,5.0200000000000005,2.5,1.5,-2.2,0.2,2.2,301.1,-0.1,-10.3,2.9000000000000004,9.9,-82.80000000000001,0.0,0.0,219.7,0.0,22.4,29.700000000000003,29.6,32.800000000000004,300.0,300.0,29.5,35.4,31.4,30.9,33.300000000000004,4.95,2.0,4.96,0.16,0.0,0.0,1027.0,8228.0,0.0,0.0,0.0,0.0,0.0,1.0,0.0,0.0,0.0,-0.001,0.0,0.8,0.0,-15.8,-12.7,0.0158,16.0,25903.0
2026-07-30T18:57:48.611Z,38.094,38.106,-7.4,7.4,0.0,0.0,0.0,0.0,0.0,1.0,1.0,0.0,1.0,0.0,0.0,0.0,8.0,6.0,0.0,0.0,0.0,0.0,0.0,0.0,0.0,0.0,3.0,12.0,1.0,12.06,5.0200000000000005,2.5,1.5,-2.3000000000000003,0.2,2.3000000000000003,301.1,-0.1,-12.0,3.5,9.3,-82.80000000000001,0.0,0.0,219.6,0.0,22.4,29.700000000000003,29.6,32.800000000000004,300.0,300.0,29.5,35.4,31.4,30.9,33.300000000000004,4.96,2.0,4.97,0.16,0.0,0.0,1027.0,8228.0,0.0,0.0,0.0,0.0,0.0,1.0,0.0,0.0,0.0,-0.001,0.0,1.2000000000000002,0.0,-13.8,-12.8,0.0151,16.0,25903.0
2026-07-30T18:57:48.623Z,38.106,38.118,-7.5,7.4,0.0,0.0,0.0,0.0,0.0,1.0,1.0,0.0,1.0,0.0,0.0,0.0,8.0,6.0,0.0,0.0,0.0,0.0,0.0,0.0,0.0,0.0,4.0,12.0,1.0,12.06,5.0200000000000005,2.5,1.5,-2.3000000000000003,0.3,2.3000000000000003,301.1,-0.1,-11.4,1.7000000000000002,10.4,-82.80000000000001,0.0,0.0,219.6,0.0,22.4,29.700000000000003,29.6,32.800000000000004,300.0,300.0,29.5,35.4,31.4,30.9,33.300000000000004,4.95,2.0,4.96,0.16,0.0,0.0,1027.0,8228.0,0.0,0.0,0.0,0.0,0.0,1.0,0.0,0.0,0.0,-0.001,0.0,-0.4,0.0,-13.2,-12.8,0.0156,16.0,25903.0
2026-07-30T18:57:48.635Z,38.118,38.13,-7.4,7.4,0.0,0.0,0.0,0.0,0.0,1.0,1.0,0.0,1.0,0.0,0.0,0.0,8.0,6.0,0.0,0.0,0.0,0.0,0.0,0.0,0.0,0.0,5.0,12.0,1.0,12.06,5.0200000000000005,2.5,1.5,-2.4000000000000004,0.3,2.4000000000000004,300.90000000000003,-0.1,-11.4,0.5,9.3,-82.80000000000001,0.0,0.0,219.7,0.0,22.4,29.700000000000003,29.6,32.800000000000004,300.0,300.0,29.5,35.4,31.4,30.9,33.300000000000004,4.95,2.0,4.96,0.16,0.0,0.0,1027.0,8228.0,0.0,0.0,0.0,0.0,0.0,1.0,0.0,0.0,0.0,-0.001,0.0,-1.2000000000000002,0.0,-11.0,-12.7,0.0157,16.0,25903.0
2026-07-30T18:57:48.647Z,38.13,38.142,-7.4,7.4,0.0,0.0,0.0,0.0,0.0,1.0,1.0,0.0,1.0,0.0,0.0,0.0,8.0,6.0,0.0,0.0,0.0,0.0,0.0,0.0,0.0,0.0,6.0,12.0,1.0,12.06,5.0200000000000005,2.5,1.5,-2.3000000000000003,0.2,2.3000000000000003,301.0,-0.1,-11.4,2.3000000000000003,10.4,-82.80000000000001,0.0,0.0,219.6,0.0,22.4,29.700000000000003,29.6,32.800000000000004,300.0,300.0,29.5,35.4,31.4,30.9,33.300000000000004,4.96,2.0,4.96,0.16,0.0,0.0,1027.0,8228.0,0.0,0.0,0.0,0.0,0.0,1.0,0.0,0.0,0.0,-0.001,0.0,0.0,0.0,-13.6,-12.8,0.0164,16.0,25903.0
2026-07-30T18:57:48.659Z,38.142,38.154,-7.4,7.4,0.0,0.0,0.0,0.0,0.0,1.0,1.0,0.0,1.0,0.0,0.0,0.0,8.0,6.0,0.0,0.0,0.0,0.0,0.0,0.0,0.0,0.0,1.0,12.0,1.0,12.05,5.01,2.5,1.49,-2.3000000000000003,0.3,2.3000000000000003,301.1,-0.1,-13.2,1.7000000000000002,11.0,-82.9,0.0,0.0,219.6,0.0,22.200000000000003,29.700000000000003,29.700000000000003,32.800000000000004,300.0,300.0,29.6,35.5,31.5,31.0,33.4,4.96,2.0,4.96,0.16,0.0,0.0,1027.0,8228.0,0.0,0.0,0.0,0.0,0.0,1.0,0.0,0.0,0.0,-0.001,0.0,-0.5,0.0,-13.9,-12.9,0.0159,16.0,25903.0
2026-07-30T18:57:48.671Z,38.154,38.166,-7.5,7.4,0.0,0.0,0.0,0.0,0.0,1.0,1.0,0.0,1.0,0.0,0.0,0.0,8.0,6.0,0.0,0.0,0.0,0.0,0.0,0.0,0.0,0.0,2.0,12.0,1.0,12.05,5.01,2.5,1.49,-2.4000000000000004,0.3,2.5,300.90000000000003,-0.1,-13.2,-0.5,8.1,-82.9,0.0,0.0,219.6,0.0,22.200000000000003,29.700000000000003,29.700000000000003,32.800000000000004,300.0,300.0,29.6,35.5,31.5,31.0,33.4,4.95,2.0,4.96,0.16,0.0,0.0,1027.0,8228.0,0.0,0.0,0.0,0.0,0.0,1.0,0.0,0.0,0.0,-0.001,0.0,-2.1,0.0,-8.8,-12.8,0.0158,16.0,25903.0
2026-07-30T18:57:48.683Z,38.166,38.178,-7.5,7.4,0.0,0.0,0.0,0.0,0.0,1.0,1.0,0.0,1.0,0.0,0.0,0.0,8.0,6.0,0.0,0.0,0.0,0.0,0.0,0.0,0.0,0.0,3.0,12.0,1.0,12.05,5.01,2.5,1.49,-2.3000000000000003,0.2,2.4000000000000004,301.1,-0.1,-12.6,2.3000000000000003,9.3,-82.9,0.0,0.0,219.7,0.0,22.200000000000003,29.700000000000003,29.700000000000003,32.800000000000004,300.0,300.0,29.6,35.5,31.5,31.0,33.4,4.95,2.0,4.96,0.16,0.0,0.0,1027.0,8228.0,0.0,0.0,0.0,0.0,0.0,1.0,0.0,0.0,0.0,-0.001,0.0,0.2,0.0,-12.3,-12.7,0.0168,16.0,25903.0
2026-07-30T18:57:48.695Z,38.178,38.19,-7.4,7.4,0.0,0.0,0.0,0.0,0.0,1.0,1.0,0.0,1.0,0.0,0.0,0.0,8.0,6.0,0.0,0.0,0.0,0.0,0.0,0.0,0.0,0.0,5.0,12.0,1.0,12.05,5.01,2.5,1.49,-2.4000000000000004,0.3,2.4000000000000004,301.1,-0.1,-13.2,1.1,9.3,-82.9,0.0,0.0,219.6,0.0,22.200000000000003,29.700000000000003,29.700000000000003,32.800000000000004,300.0,300.0,29.6,35.5,31.5,31.0,33.4,4.96,2.0,4.96,0.16,0.0,0.0,1027.0,8228.0,0.0,0.0,0.0,0.0,0.0,1.0,0.0,0.0,0.0,-0.001,0.0,-0.7000000000000001,0.0,-11.4,-12.7,0.016,16.0,25903.0
2026-07-30T18:57:48.707Z,38.19,38.202,-7.4,7.4,0.0,0.0,0.0,0.0,0.0,1.0,1.0,0.0,1.0,0.0,0.0,0.0,8.0,6.0,0.0,0.0,0.0,0.0,0.0,0.0,0.0,0.0,6.0,12.0,1.0,12.05,5.01,2.5,1.49,-2.4000000000000004,0.2,2.4000000000000004,301.0,-0.1,-12.0,2.3000000000000003,9.3,-82.9,0.0,0.0,219.6,0.0,22.200000000000003,29.700000000000003,29.700000000000003,32.800000000000004,300.0,300.0,29.6,35.5,31.5,31.0,33.4,4.95,2.0,4.96,0.16,0.0,0.0,1027.0,8228.0,0.0,0.0,0.0,0.0,0.0,1.0,0.0,0.0,0.0,-0.001,0.0,0.2,0.0,-12.3,-12.8,0.0162,16.0,25903.0
2026-07-30T18:57:48.719Z,38.202,38.214,-7.5,7.4,0.0,0.0,0.0,0.0,0.0,1.0,1.0,0.0,1.0,0.0,0.0,0.0,8.0,6.0,0.0,0.0,0.0,0.0,0.0,0.0,0.0,0.0,1.0,12.0,1.0,12.05,5.01,2.5,1.49,-2.3000000000000003,0.3,2.3000000000000003,301.1,-0.1,-13.2,1.7000000000000002,9.9,-82.80000000000001,0.0,0.0,219.5,0.0,22.200000000000003,29.700000000000003,29.700000000000003,32.800000000000004,300.0,300.0,29.6,35.5,31.5,31.0,33.4,4.96,2.0,4.97,0.16,0.0,0.0,1027.0,8228.0,0.0,0.0,0.0,0.0,0.0,1.0,0.0,0.0,0.0,-0.001,0.0,-0.3,0.0,-12.5,-12.8,0.0161,16.0,25903.0
2026-07-30T18:57:48.731Z,38.214,38.226,-7.4,7.4,0.0,0.0,0.0,0.0,0.0,1.0,1.0,0.0,1.0,0.0,0.0,0.0,8.0,6.0,0.0,0.0,0.0,0.0,0.0,0.0,0.0,0.0,2.0,12.0,1.0,12.05,5.01,2.5,1.49,-2.3000000000000003,0.2,2.4000000000000004,301.1,-0.1,-12.0,2.9000000000000004,8.700000000000001,-82.80000000000001,0.0,0.0,219.6,0.0,22.200000000000003,29.700000000000003,29.700000000000003,32.800000000000004,300.0,300.0,29.6,35.5,31.5,31.0,33.4,4.96,2.0,4.97,0.16,0.0,0.0,1027.0,8228.0,0.0,0.0,0.0,0.0,0.0,1.0,0.0,0.0,0.0,-0.001,0.0,0.9,0.0,-12.0,-12.7,0.0159,16.0,25903.0
2026-07-30T18:57:48.743Z,38.226,38.238,-7.4,7.4,0.0,0.0,0.0,0.0,0.0,1.0,1.0,0.0,1.0,0.0,0.0,0.0,8.0,6.0,0.0,0.0,0.0,0.0,0.0,0.0,0.0,0.0,4.0,12.0,1.0,12.05,5.01,2.5,1.49,-2.2,0.2,2.3000000000000003,301.0,-0.1,-11.4,2.9000000000000004,11.6,-82.80000000000001,0.0,0.0,219.6,0.0,22.200000000000003,29.700000000000003,29.700000000000003,32.800000000000004,300.0,300.0,29.6,35.5,31.5,31.0,33.4,4.95,2.0,4.97,0.16,0.0,0.0,1027.0,8228.0,0.0,0.0,0.0,0.0,0.0,1.0,0.0,0.0,0.0,-0.001,0.0,0.3,0.0,-15.4,-12.8,0.016,16.0,25903.0
2026-07-30T18:57:48.756Z,38.239,38.25,-7.4,7.4,0.0,0.0,0.0,0.0,0.0,1.0,1.0,0.0,1.0,0.0,0.0,0.0,8.0,6.0,0.0,0.0,0.0,0.0,0.0,0.0,0.0,0.0,5.0,12.0,1.0,12.04,5.0200000000000005,2.51,1.49,-2.3000000000000003,0.2,2.4000000000000004,301.1,-0.1,-11.4,2.3000000000000003,9.3,-82.80000000000001,0.0,0.0,219.7,0.0,22.1,29.700000000000003,29.700000000000003,32.800000000000004,300.0,300.0,29.6,35.6,31.5,31.0,33.4,4.96,2.0,4.96,0.16,0.0,0.0,1027.0,8228.0,0.0,0.0,0.0,0.0,0.0,1.0,0.0,0.0,0.0,-0.001,0.0,0.2,0.0,-12.3,-12.8,0.0154,16.0,25903.0
2026-07-30T18:57:48.767Z,38.25,38.262,-7.5,7.4,0.0,0.0,0.0,0.0,0.0,1.0,1.0,0.0,1.0,0.0,0.0,0.0,8.0,6.0,0.0,0.0,0.0,0.0,0.0,0.0,0.0,0.0,6.0,12.0,1.0,12.04,5.0200000000000005,2.51,1.49,-2.4000000000000004,0.3,2.4000000000000004,301.1,-0.1,-10.9,0.5,8.700000000000001,-82.80000000000001,0.0,0.0,219.5,0.0,22.1,29.700000000000003,29.700000000000003,32.800000000000004,300.0,300.0,29.6,35.6,31.5,31.0,33.4,4.96,2.0,4.96,0.16,0.0,0.0,1027.0,8228.0,0.0,0.0,0.0,0.0,0.0,1.0,0.0,0.0,0.0,-0.001,0.0,-1.1,0.0,-10.3,-12.8,0.0161,16.0,25903.0
2026-07-30T18:57:48.778Z,38.261,38.274,-7.4,7.4,0.0,0.0,0.0,0.0,0.0,1.0,1.0,0.0,1.0,0.0,0.0,0.0,8.0,6.0,0.0,0.0,0.0,0.0,0.0,0.0,0.0,0.0,1.0,12.0,1.0,12.04,5.0200000000000005,2.51,1.49,-2.3000000000000003,0.2,2.3000000000000003,300.90000000000003,-0.1,-12.0,2.9000000000000004,10.4,-82.80000000000001,0.0,0.0,219.5,0.0,22.1,29.700000000000003,29.700000000000003,32.800000000000004,300.0,300.0,29.6,35.6,31.5,31.0,33.4,4.96,2.0,4.96,0.16,0.0,0.0,1027.0,8228.0,0.0,0.0,0.0,0.0,0.0,1.0,0.0,0.0,0.0,-0.001,0.0,0.6000000000000001,0.0,-14.0,-12.8,0.0165,16.0,25903.0
2026-07-30T18:57:48.791Z,38.274,38.286,-7.4,7.4,0.0,0.0,0.0,0.0,0.0,1.0,1.0,0.0,1.0,0.0,0.0,0.0,8.0,6.0,0.0,0.0,0.0,0.0,0.0,0.0,0.0,0.0,2.0,12.0,1.0,12.04,5.0200000000000005,2.51,1.49,-2.3000000000000003,0.2,2.3000000000000003,301.1,-0.1,-11.4,2.3000000000000003,9.9,-82.80000000000001,0.0,0.0,219.6,0.0,22.1,29.700000000000003,29.700000000000003,32.800000000000004,300.0,300.0,29.6,35.6,31.5,31.0,33.4,4.95,2.0,4.96,0.16,0.0,0.0,1027.0,8228.0,0.0,0.0,0.0,0.0,0.0,1.0,0.0,0.0,0.0,-0.001,0.0,0.1,0.0,-12.9,-12.8,0.0157,16.0,25903.0
2026-07-30T18:57:48.805Z,38.288,38.298,-7.5,7.4,0.0,0.0,0.0,0.0,0.0,1.0,1.0,0.0,1.0,0.0,0.0,0.0,8.0,6.0,0.0,0.0,0.0,0.0,0.0,0.0,0.0,0.0,3.0,12.0,1.0,12.04,5.0200000000000005,2.51,1.49,-2.2,0.2,2.2,301.1,-0.1,-11.4,3.5,11.6,-82.80000000000001,0.0,0.0,219.7,0.0,22.1,29.700000000000003,29.700000000000003,32.800000000000004,300.0,300.0,29.6,35.6,31.5,31.0,33.4,4.96,2.0,4.96,0.16,0.0,0.0,1027.0,8228.0,0.0,0.0,0.0,0.0,0.0,1.0,0.0,0.0,0.0,-0.001,0.0,0.8,0.0,-15.8,-12.8,0.0159,16.0,25903.0
2026-07-30T18:57:48.815Z,38.298,38.31,-7.4,7.4,0.0,0.0,0.0,0.0,0.0,1.0,1.0,0.0,1.0,0.0,0.0,0.0,8.0,6.0,0.0,0.0,0.0,0.0,0.0,0.0,0.0,0.0,2.0,12.0,1.0,12.04,5.0200000000000005,2.51,1.49,-2.3000000000000003,0.3,2.4000000000000004,301.0,-0.1,-11.4,1.7000000000000002,9.9,-82.80000000000001,0.0,0.0,219.6,0.0,22.1,29.700000000000003,29.700000000000003,32.800000000000004,300.0,300.0,29.6,35.6,31.5,31.0,33.4,4.96,2.0,4.96,0.16,0.0,0.0,1027.0,8228.0,0.0,0.0,0.0,0.0,0.0,1.0,0.0,0.0,0.0,-0.001,0.0,-0.3,0.0,-12.5,-12.7,0.0152,16.0,25903.0
2026-07-30T18:57:48.827Z,38.31,38.322,-7.5,7.4,0.0,0.0,0.0,0.0,0.0,1.0,1.0,0.0,1.0,0.0,0.0,0.0,8.0,6.0,0.0,0.0,0.0,0.0,0.0,0.0,0.0,0.0,4.0,12.0,1.0,12.04,5.0200000000000005,2.51,1.49,-2.4000000000000004,0.2,2.4000000000000004,301.0,-0.1,-12.0,2.9000000000000004,8.700000000000001,-82.80000000000001,0.0,0.0,219.5,0.0,22.1,29.700000000000003,29.700000000000003,32.800000000000004,300.0,300.0,29.6,35.6,31.5,31.0,33.4,4.96,2.0,4.97,0.16,0.0,0.0,1027.0,8228.0,0.0,0.0,0.0,0.0,0.0,1.0,0.0,0.0,0.0,-0.001,0.0,0.9,0.0,-12.0,-12.8,0.016,16.0,25903.0
2026-07-30T18:57:48.839Z,38.322,38.334,-7.5,7.4,0.0,0.0,0.0,0.0,0.0,1.0,1.0,0.0,1.0,0.0,0.0,0.0,8.0,6.0,0.0,0.0,0.0,0.0,0.0,0.0,0.0,0.0,5.0,12.0,1.0,12.04,5.0200000000000005,2.51,1.49,-2.3000000000000003,0.2,2.3000000000000003,301.1,-0.1,-11.4,2.9000000000000004,11.0,-82.80000000000001,0.0,0.0,219.5,0.0,22.1,29.700000000000003,29.700000000000003,32.800000000000004,300.0,300.0,29.6,35.6,31.5,31.0,33.4,4.95,2.0,4.97,0.16,0.0,0.0,1027.0,8228.0,0.0,0.0,0.0,0.0,0.0,1.0,0.0,0.0,0.0,-0.001,0.0,0.4,0.0,-14.7,-12.7,0.0161,16.0,25903.0
2026-07-30T18:57:48.851Z,38.334,38.346,-7.5,7.4,0.0,0.0,0.0,0.0,0.0,1.0,1.0,0.0,1.0,0.0,0.0,0.0,8.0,6.0,0.0,0.0,0.0,0.0,0.0,0.0,0.0,0.0,6.0,12.0,1.0,12.04,5.0200000000000005,2.51,1.49,-2.3000000000000003,0.2,2.3000000000000003,301.1,-0.1,-11.4,2.3000000000000003,9.3,-82.80000000000001,0.0,0.0,219.7,0.0,22.1,29.700000000000003,29.700000000000003,32.800000000000004,300.0,300.0,29.6,35.6,31.5,31.0,33.4,4.95,2.0,4.96,0.16,0.0,0.0,1027.0,8228.0,0.0,0.0,0.0,0.0,0.0,1.0,0.0,0.0,0.0,-0.001,0.0,0.2,0.0,-12.3,-12.7,0.0154,16.0,25903.0
2026-07-30T18:57:48.863Z,38.346,38.358,-7.5,7.4,0.0,0.0,0.0,0.0,0.0,1.0,1.0,0.0,1.0,0.0,0.0,0.0,8.0,6.0,0.0,0.0,0.0,0.0,0.0,0.0,0.0,0.0,1.0,12.0,1.0,12.02,5.01,2.51,1.49,-2.3000000000000003,0.3,2.3000000000000003,301.1,-0.1,-11.4,1.7000000000000002,9.9,-82.80000000000001,0.0,0.0,219.7,0.0,22.200000000000003,29.700000000000003,29.700000000000003,32.800000000000004,300.0,300.0,29.5,35.6,31.5,31.0,33.4,4.95,2.0,4.97,0.16,0.0,0.0,1027.0,8228.0,0.0,0.0,0.0,0.0,0.0,1.0,0.0,0.0,0.0,-0.001,0.0,-0.3,0.0,-12.5,-12.8,0.0159,16.0,25903.0
2026-07-30T18:57:48.875Z,38.358,38.37,-7.5,7.4,0.0,0.0,0.0,0.0,0.0,1.0,1.0,0.0,1.0,0.0,0.0,0.0,8.0,6.0,0.0,0.0,0.0,0.0,0.0,0.0,0.0,0.0,2.0,12.0,1.0,12.02,5.01,2.51,1.49,-2.3000000000000003,0.3,2.3000000000000003,301.0,-0.1,-12.0,2.3000000000000003,10.4,-82.80000000000001,0.0,0.0,219.5,0.0,22.200000000000003,29.700000000000003,29.700000000000003,32.800000000000004,300.0,300.0,29.5,35.6,31.5,31.0,33.4,4.95,2.0,4.96,0.16,0.0,0.0,1027.0,8228.0,0.0,0.0,0.0,0.0,0.0,1.0,0.0,0.0,0.0,-0.001,0.0,0.0,0.0,-13.6,-12.7,0.0158,16.0,25903.0
2026-07-30T18:57:48.887Z,38.37,38.382,-7.4,7.4,0.0,0.0,0.0,0.0,0.0,1.0,1.0,0.0,1.0,0.0,0.0,0.0,8.0,6.0,0.0,0.0,0.0,0.0,0.0,0.0,0.0,0.0,3.0,12.0,1.0,12.02,5.01,2.51,1.49,-2.3000000000000003,0.2,2.3000000000000003,301.1,-0.1,-11.4,2.9000000000000004,9.9,-82.80000000000001,0.0,0.0,219.5,0.0,22.200000000000003,29.700000000000003,29.700000000000003,32.800000000000004,300.0,300.0,29.5,35.6,31.5,31.0,33.4,4.96,2.0,4.96,0.16,0.0,0.0,1027.0,8228.0,0.0,0.0,0.0,0.0,0.0,1.0,0.0,0.0,0.0,-0.001,0.0,0.7000000000000001,0.0,-13.4,-12.8,0.0157,16.0,25903.0
2026-07-30T18:57:48.899Z,38.382,38.394,-7.4,7.4,0.0,0.0,0.0,0.0,0.0,1.0,1.0,0.0,1.0,0.0,0.0,0.0,8.0,6.0,0.0,0.0,0.0,0.0,0.0,0.0,0.0,0.0,4.0,12.0,1.0,12.02,5.01,2.51,1.49,-2.2,0.2,2.2,301.1,0.0,-12.0,3.5,11.6,-82.80000000000001,0.0,0.0,219.6,0.0,22.200000000000003,29.700000000000003,29.700000000000003,32.800000000000004,300.0,300.0,29.5,35.6,31.5,31.0,33.4,4.96,2.0,4.97,0.16,0.0,0.0,1027.0,8228.0,0.0,0.0,0.0,0.0,0.0,1.0,0.0,0.0,0.0,-0.001,0.0,0.8,0.0,-15.8,-12.8,0.0157,16.0,25903.0
2026-07-30T18:57:48.911Z,38.394,38.406,-7.5,7.4,0.0,0.0,0.0,0.0,0.0,1.0,1.0,0.0,1.0,0.0,0.0,0.0,8.0,6.0,0.0,0.0,0.0,0.0,0.0,0.0,0.0,0.0,5.0,12.0,1.0,12.02,5.01,2.51,1.49,-2.3000000000000003,0.2,2.3000000000000003,301.1,0.0,-11.4,2.9000000000000004,9.3,-82.80000000000001,0.0,0.0,219.6,0.0,22.200000000000003,29.700000000000003,29.700000000000003,32.800000000000004,300.0,300.0,29.5,35.6,31.5,31.0,33.4,4.95,2.0,4.97,0.16,0.0,0.0,1027.0,8228.0,0.0,0.0,0.0,0.0,0.0,1.0,0.0,0.0,0.0,-0.001,0.0,0.8,0.0,-12.7,-12.8,0.0152,16.0,25903.0
2026-07-30T18:57:48.923Z,38.406,38.418,-7.4,7.4,0.0,0.0,0.0,0.0,0.0,1.0,1.0,0.0,1.0,0.0,0.0,0.0,8.0,6.0,0.0,0.0,0.0,0.0,0.0,0.0,0.0,0.0,6.0,12.0,1.0,12.02,5.01,2.51,1.49,-2.3000000000000003,0.2,2.3000000000000003,301.0,0.0,-11.4,4.0,10.4,-82.80000000000001,0.0,0.0,219.7,0.0,22.200000000000003,29.700000000000003,29.700000000000003,32.800000000000004,300.0,300.0,29.5,35.6,31.5,31.0,33.4,4.95,2.0,4.96,0.16,0.0,0.0,1027.0,8228.0,0.0,0.0,0.0,0.0,0.0,1.0,0.0,0.0,0.0,-0.001,0.0,1.6,0.0,-14.9,-12.8,0.0158,16.0,25903.0
2026-07-30T18:57:48.935Z,38.418,38.43,-7.5,7.4,0.0,0.0,0.0,0.0,0.0,1.0,1.0,0.0,1.0,0.0,0.0,0.0,8.0,6.0,0.0,0.0,0.0,0.0,0.0,0.0,0.0,0.0,1.0,12.0,1.0,12.02,5.01,2.51,1.49,-2.3000000000000003,0.3,2.3000000000000003,301.1,0.0,-12.0,1.7000000000000002,10.4,-82.80000000000001,0.0,0.0,219.7,0.0,22.200000000000003,29.700000000000003,29.700000000000003,32.800000000000004,300.0,300.0,29.5,35.6,31.5,31.0,33.4,4.96,2.0,4.96,0.16,0.0,0.0,1027.0,8228.0,0.0,0.0,0.0,0.0,0.0,1.0,0.0,0.0,0.0,-0.001,0.0,-0.4,0.0,-13.2,-12.8,0.0154,16.0,25903.0
2026-07-30T18:57:48.947Z,38.43,38.442,-7.5,7.4,0.0,0.0,0.0,0.0,0.0,1.0,1.0,0.0,1.0,0.0,0.0,0.0,8.0,6.0,0.0,0.0,0.0,0.0,0.0,0.0,0.0,0.0,2.0,12.0,1.0,12.02,5.01,2.51,1.49,-2.4000000000000004,0.3,2.4000000000000004,301.0,0.0,-13.2,1.1,8.1,-82.80000000000001,0.0,0.0,219.8,0.0,22.200000000000003,29.700000000000003,29.700000000000003,32.800000000000004,300.0,300.0,29.5,35.6,31.5,31.0,33.4,4.95,2.0,4.96,0.16,0.0,0.0,1027.0,8228.0,0.0,0.0,0.0,0.0,0.0,1.0,0.0,0.0,0.0,-0.001,0.0,-0.5,0.0,-10.1,-12.7,0.0157,16.0,25903.0
2026-07-30T18:57:48.960Z,38.443,38.454,-7.5,7.4,0.0,0.0,0.0,0.0,0.0,1.0,1.0,0.0,1.0,0.0,0.0,0.0,8.0,6.0,0.0,0.0,0.0,0.0,0.0,0.0,0.0,0.0,3.0,12.0,1.0,12.08,5.01,2.51,1.49,-2.3000000000000003,0.3,2.3000000000000003,301.1,0.0,-12.6,1.1,9.9,-82.80000000000001,0.0,0.0,219.8,0.0,21.9,29.8,29.700000000000003,32.9,300.0,300.0,29.5,35.6,31.5,31.0,33.4,4.95,2.0,4.96,0.16,0.0,0.0,1027.0,8228.0,0.0,0.0,0.0,0.0,0.0,1.0,0.0,0.0,0.0,-0.001,0.0,-0.9,0.0,-12.1,-12.7,0.0164,16.0,25903.0
2026-07-30T18:57:48.971Z,38.454,38.466,-7.5,7.4,0.0,0.0,0.0,0.0,0.0,1.0,1.0,0.0,1.0,0.0,0.0,0.0,8.0,6.0,0.0,0.0,0.0,0.0,0.0,0.0,0.0,0.0,4.0,12.0,1.0,12.08,5.01,2.51,1.49,-2.4000000000000004,0.3,2.4000000000000004,301.1,-0.1,-12.0,0.5,8.1,-82.80000000000001,0.0,0.0,219.8,0.0,21.9,29.8,29.700000000000003,32.9,300.0,300.0,29.5,35.6,31.5,31.0,33.4,4.95,2.0,4.96,0.16,0.0,0.0,1027.0,8228.0,0.0,0.0,0.0,0.0,0.0,1.0,0.0,0.0,0.0,-0.001,0.0,-1.0,0.0,-9.6,-12.6,0.0157,16.0,25903.0
2026-07-30T18:57:48.983Z,38.466,38.478,-7.4,7.4,0.0,0.0,0.0,0.0,0.0,1.0,1.0,0.0,1.0,0.0,0.0,0.0,8.0,6.0,0.0,0.0,0.0,0.0,0.0,0.0,0.0,0.0,5.0,12.0,1.0,12.08,5.01,2.51,1.49,-2.3000000000000003,0.3,2.3000000000000003,301.0,-0.1,-13.2,1.7000000000000002,10.4,-82.80000000000001,0.0,0.0,219.8,0.0,21.9,29.8,29.700000000000003,32.9,300.0,300.0,29.5,35.6,31.5,31.0,33.4,4.96,2.0,4.96,0.16,0.0,0.0,1027.0,8228.0,0.0,0.0,0.0,0.0,0.0,1.0,0.0,0.0,0.0,-0.001,0.0,-0.5,0.0,-13.2,-12.7,0.0164,16.0,25903.0
2026-07-30T18:57:48.995Z,38.478,38.49,-7.4,7.4,0.0,0.0,0.0,0.0,0.0,1.0,1.0,0.0,1.0,0.0,0.0,0.0,8.0,6.0,0.0,0.0,0.0,0.0,0.0,0.0,0.0,0.0,6.0,12.0,1.0,12.08,5.01,2.51,1.49,-2.4000000000000004,0.3,2.4000000000000004,301.1,0.0,-13.2,0.5,8.1,-82.80000000000001,0.0,0.0,219.8,0.0,21.9,29.8,29.700000000000003,32.9,300.0,300.0,29.5,35.6,31.5,31.0,33.4,4.95,2.0,4.97,0.16,0.0,0.0,1027.0,8228.0,0.0,0.0,0.0,0.0,0.0,1.0,0.0,0.0,0.0,-0.001,0.0,-1.0,0.0,-9.7,-12.8,0.0158,16.0,25903.0
2026-07-30T18:57:49.007Z,38.49,38.502,-7.5,7.4,0.0,0.0,0.0,0.0,0.0,1.0,1.0,0.0,1.0,0.0,0.0,0.0,8.0,6.0,0.0,0.0,0.0,0.0,0.0,0.0,0.0,0.0,1.0,12.0,1.0,12.08,5.01,2.51,1.49,-2.4000000000000004,0.3,2.4000000000000004,301.1,-0.1,-12.6,0.5,8.700000000000001,-82.9,0.0,0.0,219.6,0.0,21.9,29.8,29.700000000000003,32.9,300.0,300.0,29.5,35.6,31.5,31.0,33.4,4.96,2.0,4.96,0.16,0.0,0.0,1027.0,8228.0,0.0,0.0,0.0,0.0,0.0,1.0,0.0,0.0,0.0,-0.001,0.0,-1.1,0.0,-10.3,-12.8,0.0166,16.0,25903.0
2026-07-30T18:57:49.018Z,38.501,38.514,-7.5,7.4,0.0,0.0,0.0,0.0,0.0,1.0,1.0,0.0,1.0,0.0,0.0,0.0,8.0,6.0,0.0,0.0,0.0,0.0,0.0,0.0,0.0,0.0,2.0,12.0,1.0,12.08,5.01,2.51,1.49,-2.3000000000000003,0.3,2.3000000000000003,301.0,-0.1,-11.4,1.7000000000000002,9.9,-82.9,0.0,0.0,219.7,0.0,21.9,29.8,29.700000000000003,32.9,300.0,300.0,29.5,35.6,31.5,31.0,33.4,4.96,2.0,4.96,0.16,0.0,0.0,1027.0,8228.0,0.0,0.0,0.0,0.0,0.0,1.0,0.0,0.0,0.0,-0.001,0.0,-0.3,0.0,-12.5,-12.7,0.0153,16.0,25903.0
2026-07-30T18:57:49.031Z,38.514,38.526,-7.4,7.4,0.0,0.0,0.0,0.0,0.0,1.0,1.0,0.0,1.0,0.0,0.0,0.0,8.0,6.0,0.0,0.0,0.0,0.0,0.0,0.0,0.0,0.0,3.0,12.0,1.0,12.08,5.01,2.51,1.49,-2.3000000000000003,0.2,2.3000000000000003,301.1,-0.1,-12.0,2.9000000000000004,10.4,-82.9,0.0,0.0,219.8,0.0,21.9,29.8,29.700000000000003,32.9,300.0,300.0,29.5,35.6,31.5,31.0,33.4,4.95,1.99,4.96,0.16,0.0,0.0,1027.0,8228.0,0.0,0.0,0.0,0.0,0.0,1.0,0.0,0.0,0.0,-0.001,0.0,0.5,0.0,-14.0,-12.7,0.0155,16.0,25903.0
2026-07-30T18:57:49.042Z,38.525,38.538,-7.4,7.4,0.0,0.0,0.0,0.0,0.0,1.0,1.0,0.0,1.0,0.0,0.0,0.0,8.0,6.0,0.0,0.0,0.0,0.0,0.0,0.0,0.0,0.0,4.0,12.0,1.0,12.08,5.01,2.51,1.49,-2.3000000000000003,0.3,2.4000000000000004,301.1,-0.1,-12.6,1.1,10.4,-82.9,0.0,0.0,219.6,0.0,21.9,29.8,29.700000000000003,32.9,300.0,300.0,29.5,35.6,31.5,31.0,33.4,4.96,1.99,4.96,0.16,0.0,0.0,1027.0,8228.0,0.0,0.0,0.0,0.0,0.0,1.0,0.0,0.0,0.0,-0.001,0.0,-0.9,0.0,-12.8,-12.9,0.0157,16.0,25903.0
2026-07-30T18:57:49.055Z,38.538,38.55,-7.5,7.4,0.0,0.0,0.0,0.0,0.0,1.0,1.0,0.0,1.0,0.0,0.0,0.0,8.0,6.0,0.0,0.0,0.0,0.0,0.0,0.0,0.0,0.0,5.0,12.0,1.0,12.08,5.01,2.51,1.49,-2.3000000000000003,0.2,2.3000000000000003,301.1,-0.1,-11.4,2.9000000000000004,9.9,-82.9,0.0,0.0,219.7,0.0,21.9,29.8,29.700000000000003,32.9,300.0,300.0,29.5,35.6,31.5,31.0,33.4,4.95,2.0,4.96,0.16,0.0,0.0,1027.0,8228.0,0.0,0.0,0.0,0.0,0.0,1.0,0.0,0.0,0.0,-0.001,0.0,0.6000000000000001,0.0,-13.4,-12.8,0.0154,16.0,25903.0
2026-07-30T18:57:49.067Z,38.55,38.562,-7.5,7.4,0.0,0.0,0.0,0.0,0.0,1.0,1.0,0.0,1.0,0.0,0.0,0.0,8.0,6.0,0.0,0.0,0.0,0.0,0.0,0.0,0.0,0.0,6.0,12.0,1.0,12.05,5.01,2.5,1.49,-2.2,0.2,2.2,301.1,-0.1,-10.3,3.5,11.0,-82.9,0.0,0.0,219.6,0.0,21.9,29.8,29.8,32.9,300.0,300.0,29.5,35.5,31.6,31.0,33.4,4.95,2.0,4.97,0.16,0.0,0.0,1027.0,8228.0,0.0,0.0,0.0,0.0,0.0,1.0,0.0,0.0,0.0,-0.001,0.0,0.9,0.0,-15.1,-12.6,0.0159,16.0,25903.0
2026-07-30T18:57:49.080Z,38.563,38.574,-7.4,7.4,0.0,0.0,0.0,0.0,0.0,1.0,1.0,0.0,1.0,0.0,0.0,0.0,8.0,6.0,0.0,0.0,0.0,0.0,0.0,0.0,0.0,0.0,1.0,12.0,1.0,12.05,5.01,2.5,1.49,-2.2,0.2,2.2,301.1,-0.1,-10.9,3.5,11.6,-82.9,0.0,0.0,219.7,0.0,21.9,29.8,29.8,32.9,300.0,300.0,29.5,35.5,31.6,31.0,33.4,4.95,2.0,4.97,0.16,0.0,0.0,1027.0,8228.0,0.0,0.0,0.0,0.0,0.0,1.0,0.0,0.0,0.0,-0.001,0.0,0.8,0.0,-15.8,-12.7,0.0153,16.0,25903.0
2026-07-30T18:57:49.091Z,38.574,38.586,-7.4,7.4,0.0,0.0,0.0,0.0,0.0,1.0,1.0,0.0,1.0,0.0,0.0,0.0,8.0,6.0,0.0,0.0,0.0,0.0,0.0,0.0,0.0,0.0,2.0,12.0,1.0,12.05,5.01,2.5,1.49,-2.3000000000000003,0.2,2.3000000000000003,301.1,-0.1,-12.0,2.9000000000000004,9.9,-82.9,0.0,0.0,219.8,0.0,21.9,29.8,29.8,32.9,300.0,300.0,29.5,35.5,31.6,31.0,33.4,4.96,2.0,4.96,0.16,0.0,0.0,1027.0,8228.0,0.0,0.0,0.0,0.0,0.0,1.0,0.0,0.0,0.0,-0.001,0.0,0.5,0.0,-14.0,-12.8,0.0157,16.0,25903.0
2026-07-30T18:57:49.103Z,38.586,38.598,-7.4,7.4,0.0,0.0,0.0,0.0,0.0,1.0,1.0,0.0,1.0,0.0,0.0,0.0,8.0,6.0,0.0,0.0,0.0,0.0,0.0,0.0,0.0,0.0,3.0,12.0,1.0,12.05,5.01,2.5,1.49,-2.3000000000000003,0.2,2.3000000000000003,301.1,-0.1,-10.9,1.7000000000000002,9.3,-82.9,0.0,0.0,219.8,0.0,21.9,29.8,29.8,32.9,300.0,300.0,29.5,35.5,31.6,31.0,33.4,4.95,2.0,4.96,0.16,0.0,0.0,1027.0,8228.0,0.0,0.0,0.0,0.0,0.0,1.0,0.0,0.0,0.0,-0.001,0.0,-0.7000000000000001,0.0,-11.4,-12.8,0.0154,16.0,25903.0
2026-07-30T18:57:49.118Z,38.601,38.61,-7.5,7.4,0.0,0.0,0.0,0.0,0.0,1.0,1.0,0.0,1.0,0.0,0.0,0.0,8.0,6.0,0.0,0.0,0.0,0.0,0.0,0.0,0.0,0.0,5.0,12.0,1.0,12.05,5.01,2.5,1.49,-2.3000000000000003,0.2,2.3000000000000003,301.1,-0.1,-10.3,2.9000000000000004,11.0,-82.9,0.0,0.0,219.7,0.0,21.9,29.8,29.8,32.9,300.0,300.0,29.5,35.5,31.6,31.0,33.4,4.95,2.0,4.96,0.16,0.0,0.0,1027.0,8228.0,0.0,0.0,0.0,0.0,0.0,1.0,0.0,0.0,0.0,-0.001,0.0,0.0,0.0,-14.3,-12.8,0.016,16.0,25903.0
2026-07-30T18:57:49.127Z,38.61,38.622,-7.5,7.4,0.0,0.0,0.0,0.0,0.0,1.0,1.0,0.0,1.0,0.0,0.0,0.0,8.0,6.0,0.0,0.0,0.0,0.0,0.0,0.0,0.0,0.0,4.0,12.0,1.0,12.05,5.01,2.5,1.49,-2.3000000000000003,0.2,2.3000000000000003,301.1,-0.1,-12.6,2.9000000000000004,8.700000000000001,-82.9,0.0,0.0,219.6,0.0,21.9,29.8,29.8,32.9,300.0,300.0,29.5,35.5,31.6,31.0,33.4,4.95,2.0,4.96,0.16,0.0,0.0,1027.0,8228.0,0.0,0.0,0.0,0.0,0.0,1.0,0.0,0.0,0.0,-0.001,0.0,0.9,0.0,-12.0,-12.8,0.0155,16.0,25903.0
2026-07-30T18:57:49.139Z,38.622,38.634,-7.4,7.4,0.0,0.0,0.0,0.0,0.0,1.0,1.0,0.0,1.0,0.0,0.0,0.0,8.0,6.0,0.0,0.0,0.0,0.0,0.0,0.0,0.0,0.0,5.0,12.0,1.0,12.05,5.01,2.5,1.49,-2.3000000000000003,0.3,2.3000000000000003,301.0,-0.1,-12.6,1.7000000000000002,9.9,-82.9,0.0,0.0,219.6,0.0,21.9,29.8,29.8,32.9,300.0,300.0,29.5,35.5,31.6,31.0,33.4,4.95,2.0,4.96,0.16,0.0,0.0,1027.0,8228.0,0.0,0.0,0.0,0.0,0.0,1.0,0.0,0.0,0.0,-0.001,0.0,-0.3,0.0,-12.5,-12.8,0.0159,16.0,25903.0
2026-07-30T18:57:49.151Z,38.634,38.646,-7.4,7.4,0.0,0.0,0.0,0.0,0.0,1.0,1.0,0.0,1.0,0.0,0.0,0.0,8.0,6.0,0.0,0.0,0.0,0.0,0.0,0.0,0.0,0.0,6.0,12.0,1.0,12.05,5.01,2.5,1.49,-2.3000000000000003,0.3,2.4000000000000004,301.0,-0.1,-13.2,0.5,9.9,-82.9,0.0,0.0,219.7,0.0,21.9,29.8,29.8,32.9,300.0,300.0,29.5,35.5,31.6,31.0,33.4,4.95,2.0,4.96,0.16,0.0,0.0,1027.0,8228.0,0.0,0.0,0.0,0.0,0.0,1.0,0.0,0.0,0.0,-0.001,0.0,-1.4,0.0,-11.7,-12.8,0.0159,16.0,25903.0
2026-07-30T18:57:49.164Z,38.647,38.658,-7.4,7.4,0.0,0.0,0.0,0.0,0.0,1.0,1.0,0.0,1.0,0.0,0.0,0.0,8.0,6.0,0.0,0.0,0.0,0.0,0.0,0.0,0.0,0.0,1.0,12.0,1.0,12.06,5.0200000000000005,2.5,1.49,-2.4000000000000004,0.3,2.4000000000000004,301.1,-0.1,-12.0,1.1,8.1,-82.9,0.0,0.0,219.7,0.0,22.1,29.8,29.8,32.9,300.0,300.0,29.6,35.5,31.6,31.0,33.4,4.95,2.0,4.96,0.16,0.0,0.0,1027.0,8228.0,0.0,0.0,0.0,0.0,0.0,1.0,0.0,0.0,0.0,-0.001,0.0,-0.5,0.0,-10.1,-12.8,0.0161,16.0,25903.0
2026-07-30T18:57:49.175Z,38.658,38.67,-7.4,7.4,0.0,0.0,0.0,0.0,0.0,1.0,1.0,0.0,1.0,0.0,0.0,0.0,8.0,6.0,0.0,0.0,0.0,0.0,0.0,0.0,0.0,0.0,3.0,12.0,1.0,12.06,5.0200000000000005,2.5,1.49,-2.4000000000000004,0.3,2.4000000000000004,301.0,-0.1,-13.8,1.1,8.700000000000001,-82.9,0.0,0.0,219.7,0.0,22.1,29.8,29.8,32.9,300.0,300.0,29.6,35.5,31.6,31.0,33.4,4.96,1.99,4.96,0.16,0.0,0.0,1027.0,8228.0,0.0,0.0,0.0,0.0,0.0,1.0,0.0,0.0,0.0,-0.001,0.0,-0.6000000000000001,0.0,-10.8,-12.8,0.0165,16.0,25903.0
2026-07-30T18:57:49.187Z,38.67,38.682,-7.4,7.4,0.0,0.0,0.0,0.0,0.0,1.0,1.0,0.0,1.0,0.0,0.0,0.0,8.0,6.0,0.0,0.0,0.0,0.0,0.0,0.0,0.0,0.0,4.0,12.0,1.0,12.06,5.0200000000000005,2.5,1.49,-2.4000000000000004,0.3,2.4000000000000004,301.1,-0.1,-13.8,1.7000000000000002,8.700000000000001,-82.80000000000001,0.0,0.0,219.6,0.0,22.1,29.8,29.8,32.9,300.0,300.0,29.6,35.5,31.6,31.0,33.4,4.95,1.99,4.96,0.16,0.0,0.0,1027.0,8228.0,0.0,0.0,0.0,0.0,0.0,1.0,0.0,0.0,0.0,-0.001,0.0,-0.1,0.0,-11.2,-12.8,0.0164,16.0,25903.0
2026-07-30T18:57:49.199Z,38.682,38.694,-7.5,7.4,0.0,0.0,0.0,0.0,0.0,1.0,1.0,0.0,1.0,0.0,0.0,0.0,8.0,6.0,0.0,0.0,0.0,0.0,0.0,0.0,0.0,0.0,5.0,12.0,1.0,12.06,5.0200000000000005,2.5,1.49,-2.4000000000000004,0.3,2.4000000000000004,301.0,-0.1,-12.0,0.0,9.3,-82.80000000000001,0.0,0.0,219.7,0.0,22.1,29.8,29.8,32.9,300.0,300.0,29.6,35.5,31.6,31.0,33.4,4.95,2.0,4.96,0.16,0.0,0.0,1027.0,8228.0,0.0,0.0,0.0,0.0,0.0,1.0,0.0,0.0,0.0,-0.001,0.0,-1.8,0.0,-10.6,-12.8,0.0163,16.0,25903.0
2026-07-30T18:57:49.211Z,38.694,38.706,-7.5,7.4,0.0,0.0,0.0,0.0,0.0,1.0,1.0,0.0,1.0,0.0,0.0,0.0,8.0,6.0,0.0,0.0,0.0,0.0,0.0,0.0,0.0,0.0,6.0,12.0,1.0,12.06,5.0200000000000005,2.5,1.49,-2.3000000000000003,0.2,2.4000000000000004,301.0,-0.1,-13.2,1.7000000000000002,9.3,-82.80000000000001,0.0,0.0,219.7,0.0,22.1,29.8,29.8,32.9,300.0,300.0,29.6,35.5,31.6,31.0,33.4,4.95,2.0,4.97,0.16,0.0,0.0,1027.0,8228.0,0.0,0.0,0.0,0.0,0.0,1.0,0.0,0.0,0.0,-0.001,0.0,-0.2,0.0,-11.8,-12.7,0.0163,16.0,25903.0
2026-07-30T18:57:49.222Z,38.705,38.718,-7.5,7.4,0.0,0.0,0.0,0.0,0.0,1.0,1.0,0.0,1.0,0.0,0.0,0.0,8.0,6.0,0.0,0.0,0.0,0.0,0.0,0.0,0.0,0.0,1.0,12.0,1.0,12.06,5.0200000000000005,2.5,1.49,-2.3000000000000003,0.3,2.3000000000000003,301.1,-0.1,-12.6,1.7000000000000002,10.4,-82.80000000000001,0.0,0.0,219.7,0.0,22.1,29.8,29.8,32.9,300.0,300.0,29.6,35.5,31.6,31.0,33.4,4.96,2.0,4.97,0.16,0.0,0.0,1027.0,8228.0,0.0,0.0,0.0,0.0,0.0,1.0,0.0,0.0,0.0,-0.001,0.0,-0.4,0.0,-13.2,-12.7,0.016,16.0,25903.0
2026-07-30T18:57:49.235Z,38.718,38.73,-7.4,7.4,0.0,0.0,0.0,0.0,0.0,1.0,1.0,0.0,1.0,0.0,0.0,0.0,8.0,6.0,0.0,0.0,0.0,0.0,0.0,0.0,0.0,0.0,2.0,12.0,1.0,12.06,5.0200000000000005,2.5,1.49,-2.4000000000000004,0.2,2.4000000000000004,301.0,-0.1,-13.2,2.3000000000000003,8.1,-82.80000000000001,0.0,0.0,219.7,0.0,22.1,29.8,29.8,32.9,300.0,300.0,29.6,35.5,31.6,31.0,33.4,4.95,2.0,4.96,0.16,0.0,0.0,1027.0,8228.0,0.0,0.0,0.0,0.0,0.0,1.0,0.0,0.0,0.0,-0.001,0.0,0.4,0.0,-10.9,-12.8,0.0157,16.0,25903.0
2026-07-30T18:57:49.247Z,38.73,38.742,-7.5,7.4,0.0,0.0,0.0,0.0,0.0,1.0,1.0,0.0,1.0,0.0,0.0,0.0,8.0,6.0,0.0,0.0,0.0,0.0,0.0,0.0,0.0,0.0,3.0,12.0,1.0,12.06,5.0200000000000005,2.5,1.49,-2.3000000000000003,0.2,2.4000000000000004,301.0,-0.1,-11.4,1.7000000000000002,9.3,-82.9,0.0,0.0,219.7,0.0,22.1,29.8,29.8,32.9,300.0,300.0,29.6,35.5,31.6,31.0,33.4,4.95,2.0,4.96,0.16,0.0,0.0,1027.0,8228.0,0.0,0.0,0.0,0.0,0.0,1.0,0.0,0.0,0.0,-0.001,0.0,-0.2,0.0,-11.8,-12.8,0.0162,16.0,25903.0
2026-07-30T18:57:49.259Z,38.742,38.754,-7.5,7.4,0.0,0.0,0.0,0.0,0.0,1.0,1.0,0.0,1.0,0.0,0.0,0.0,8.0,6.0,0.0,0.0,0.0,0.0,0.0,0.0,0.0,0.0,5.0,12.0,1.0,12.06,5.0200000000000005,2.5,1.49,-2.3000000000000003,0.2,2.4000000000000004,301.0,-0.1,-11.4,1.7000000000000002,9.3,-82.9,0.0,0.0,219.7,0.0,22.1,29.8,29.8,32.9,300.0,300.0,29.6,35.5,31.6,31.0,33.4,4.95,2.0,4.96,0.16,0.0,0.0,1027.0,8228.0,0.0,0.0,0.0,0.0,0.0,1.0,0.0,0.0,0.0,-0.001,0.0,-0.2,0.0,-11.8,-12.7,0.016,16.0,25903.0
2026-07-30T18:57:49.272Z,38.755,38.766,-7.4,7.4,0.0,0.0,0.0,0.0,0.0,1.0,1.0,0.0,1.0,0.0,0.0,0.0,8.0,6.0,0.0,0.0,0.0,0.0,0.0,0.0,0.0,0.0,6.0,12.0,1.0,12.08,5.0200000000000005,2.51,1.49,-2.2,0.2,2.3000000000000003,301.0,-0.1,-10.9,4.0,10.4,-82.9,0.0,0.0,219.8,0.0,22.1,29.8,29.8,32.9,300.0,300.0,29.6,35.6,31.5,31.1,33.4,4.95,2.0,4.96,0.16,0.0,0.0,1027.0,8228.0,0.0,0.0,0.0,0.0,0.0,1.0,0.0,0.0,0.0,-0.001,0.0,1.5,0.0,-14.9,-12.8,0.016,16.0,25903.0
2026-07-30T18:57:49.283Z,38.766,38.778,-7.5,7.4,0.0,0.0,0.0,0.0,0.0,1.0,1.0,0.0,1.0,0.0,0.0,0.0,8.0,6.0,0.0,0.0,0.0,0.0,0.0,0.0,0.0,0.0,6.0,12.0,1.0,12.08,5.0200000000000005,2.51,1.49,-2.3000000000000003,0.2,2.3000000000000003,301.0,-0.1,-11.4,2.9000000000000004,9.9,-82.9,0.0,0.0,219.7,0.0,22.1,29.8,29.8,32.9,300.0,300.0,29.6,35.6,31.5,31.1,33.4,4.95,2.0,4.96,0.16,0.0,0.0,1027.0,8228.0,0.0,0.0,0.0,0.0,0.0,1.0,0.0,0.0,0.0,-0.001,0.0,0.6000000000000001,0.0,-13.4,-12.8,0.0153,16.0,25903.0
2026-07-30T18:57:49.295Z,38.778,38.79,-7.5,7.4,0.0,0.0,0.0,0.0,0.0,1.0,1.0,0.0,1.0,0.0,0.0,0.0,8.0,6.0,0.0,0.0,0.0,0.0,0.0,0.0,0.0,0.0,1.0,12.0,1.0,12.08,5.0200000000000005,2.51,1.49,-2.2,0.2,2.2,301.1,-0.1,-10.9,3.5,11.6,-82.9,0.0,0.0,219.8,0.0,22.1,29.8,29.8,32.9,300.0,300.0,29.6,35.6,31.5,31.1,33.4,4.95,2.0,4.96,0.16,0.0,0.0,1027.0,8228.0,0.0,0.0,0.0,0.0,0.0,1.0,0.0,0.0,0.0,-0.001,0.0,0.8,0.0,-15.8,-12.7,0.0156,16.0,25903.0
2026-07-30T18:57:49.307Z,38.79,38.802,-7.4,7.4,0.0,0.0,0.0,0.0,0.0,1.0,1.0,0.0,1.0,0.0,0.0,0.0,8.0,6.0,0.0,0.0,0.0,0.0,0.0,0.0,0.0,0.0,2.0,12.0,1.0,12.08,5.0200000000000005,2.51,1.49,-2.3000000000000003,0.2,2.3000000000000003,301.0,-0.1,-11.4,3.5,10.4,-82.9,0.0,0.0,219.7,0.0,22.1,29.8,29.8,32.9,300.0,300.0,29.6,35.6,31.5,31.1,33.4,4.95,2.0,4.97,0.16,0.0,0.0,1027.0,8228.0,0.0,0.0,0.0,0.0,0.0,1.0,0.0,0.0,0.0,-0.001,0.0,1.0,0.0,-14.5,-12.7,0.015,16.0,25903.0
2026-07-30T18:57:49.318Z,38.801,38.814,-7.4,7.4,0.0,0.0,0.0,0.0,0.0,1.0,1.0,0.0,1.0,0.0,0.0,0.0,8.0,6.0,0.0,0.0,0.0,0.0,0.0,0.0,0.0,0.0,4.0,12.0,1.0,12.08,5.0200000000000005,2.51,1.49,-2.2,0.2,2.3000000000000003,301.1,-0.1,-10.9,4.0,10.4,-82.9,0.0,0.0,219.7,0.0,22.1,29.8,29.8,32.9,300.0,300.0,29.6,35.6,31.5,31.1,33.4,4.96,2.0,4.97,0.16,0.0,0.0,1027.0,8228.0,0.0,0.0,0.0,0.0,0.0,1.0,0.0,0.0,0.0,-0.001,0.0,1.5,0.0,-14.9,-12.8,0.0154,16.0,25903.0
2026-07-30T18:57:49.331Z,38.814,38.826,-7.4,7.4,0.0,0.0,0.0,0.0,0.0,1.0,1.0,0.0,1.0,0.0,0.0,0.0,8.0,6.0,0.0,0.0,0.0,0.0,0.0,0.0,0.0,0.0,6.0,12.0,1.0,12.08,5.0200000000000005,2.51,1.49,-2.2,0.2,2.3000000000000003,301.1,-0.1,-10.9,4.0,10.4,-82.9,0.0,0.0,219.7,0.0,22.1,29.8,29.8,32.9,300.0,300.0,29.6,35.6,31.5,31.1,33.4,4.96,2.0,4.96,0.16,0.0,0.0,1027.0,8228.0,0.0,0.0,0.0,0.0,0.0,1.0,0.0,0.0,0.0,-0.001,0.0,1.6,0.0,-14.9,-12.8,0.0153,16.0,25903.0
2026-07-30T18:57:49.343Z,38.826,38.838,-7.5,7.4,0.0,0.0,0.0,0.0,0.0,1.0,1.0,0.0,1.0,0.0,0.0,0.0,8.0,6.0,0.0,0.0,0.0,0.0,0.0,0.0,0.0,0.0,1.0,12.0,1.0,12.08,5.0200000000000005,2.51,1.49,-2.3000000000000003,0.3,2.3000000000000003,301.0,-0.1,-10.3,1.7000000000000002,11.0,-82.9,0.0,0.0,219.7,0.0,22.1,29.8,29.8,32.9,300.0,300.0,29.6,35.6,31.5,31.1,33.4,4.95,2.0,4.96,0.16,0.0,0.0,1027.0,8228.0,0.0,0.0,0.0,0.0,0.0,1.0,0.0,0.0,0.0,-0.001,0.0,-0.6000000000000001,0.0,-13.8,-12.8,0.0153,16.0,25903.0
2026-07-30T18:57:49.355Z,38.838,38.85,-7.4,7.4,0.0,0.0,0.0,0.0,0.0,1.0,1.0,0.0,1.0,0.0,0.0,0.0,8.0,6.0,0.0,0.0,0.0,0.0,0.0,0.0,0.0,0.0,3.0,12.0,1.0,12.08,5.0200000000000005,2.51,1.49,-2.3000000000000003,0.3,2.3000000000000003,301.1,-0.1,-10.9,1.7000000000000002,9.9,-82.9,0.0,0.0,219.8,0.0,22.1,29.8,29.8,32.9,300.0,300.0,29.6,35.6,31.5,31.1,33.4,4.95,2.0,4.96,0.16,0.0,0.0,1027.0,8228.0,0.0,0.0,0.0,0.0,0.0,1.0,0.0,0.0,0.0,-0.001,0.0,-0.3,0.0,-12.5,-12.7,0.0155,16.0,25903.0
2026-07-30T18:57:49.368Z,38.851,38.862,-7.4,7.4,0.0,0.0,0.0,0.0,0.0,1.0,1.0,0.0,1.0,0.0,0.0,0.0,8.0,6.0,0.0,0.0,0.0,0.0,0.0,0.0,0.0,0.0,4.0,12.0,1.0,12.05,5.01,2.5,1.49,-2.4000000000000004,0.3,2.4000000000000004,301.1,-0.1,-12.6,1.7000000000000002,9.3,-82.9,0.0,0.0,219.7,0.0,22.3,29.8,29.8,33.0,300.0,300.0,29.6,35.6,31.6,31.1,33.5,4.96,2.0,4.96,0.16,0.0,0.0,1027.0,8228.0,0.0,0.0,0.0,0.0,0.0,1.0,0.0,0.0,0.0,-0.001,0.0,-0.2,0.0,-11.8,-12.8,0.0159,16.0,25903.0
2026-07-30T18:57:49.379Z,38.862,38.874,-7.5,7.4,0.0,0.0,0.0,0.0,0.0,1.0,1.0,0.0,1.0,0.0,0.0,0.0,8.0,6.0,0.0,0.0,0.0,0.0,0.0,0.0,0.0,0.0,6.0,12.0,1.0,12.05,5.01,2.5,1.49,-2.3000000000000003,0.2,2.3000000000000003,301.0,-0.1,-11.4,2.9000000000000004,10.4,-82.9,0.0,0.0,219.6,0.0,22.3,29.8,29.8,33.0,300.0,300.0,29.6,35.6,31.6,31.1,33.5,4.95,2.0,4.96,0.16,0.0,0.0,1027.0,8228.0,0.0,0.0,0.0,0.0,0.0,1.0,0.0,0.0,0.0,-0.001,0.0,0.5,0.0,-14.0,-12.9,0.0162,16.0,25903.0
2026-07-30T18:57:49.391Z,38.874,38.886,-7.5,7.4,0.0,0.0,0.0,0.0,0.0,1.0,1.0,0.0,1.0,0.0,0.0,0.0,8.0,6.0,0.0,0.0,0.0,0.0,0.0,0.0,0.0,0.0,1.0,12.0,1.0,12.05,5.01,2.5,1.49,-2.3000000000000003,0.3,2.3000000000000003,301.1,-0.1,-12.0,1.1,10.4,-82.9,0.0,0.0,219.6,0.0,22.3,29.8,29.8,33.0,300.0,300.0,29.6,35.6,31.6,31.1,33.5,4.96,2.0,4.96,0.16,0.0,0.0,1027.0,8228.0,0.0,0.0,0.0,0.0,0.0,1.0,0.0,0.0,0.0,-0.001,0.0,-0.9,0.0,-12.8,-12.7,0.0155,16.0,25903.0
2026-07-30T18:57:49.403Z,38.886,38.898,-7.5,7.4,0.0,0.0,0.0,0.0,0.0,1.0,1.0,0.0,1.0,0.0,0.0,0.0,8.0,6.0,0.0,0.0,0.0,0.0,0.0,0.0,0.0,0.0,2.0,12.0,1.0,12.05,5.01,2.5,1.49,-2.3000000000000003,0.2,2.3000000000000003,301.1,-0.1,-10.9,2.9000000000000004,9.9,-82.9,0.0,0.0,219.7,0.0,22.3,29.8,29.8,33.0,300.0,300.0,29.6,35.6,31.6,31.1,33.5,4.96,2.0,4.96,0.16,0.0,0.0,1027.0,8228.0,0.0,0.0,0.0,0.0,0.0,1.0,0.0,0.0,0.0,-0.001,0.0,0.6000000000000001,0.0,-13.4,-12.7,0.0157,16.0,25903.0
2026-07-30T18:57:49.415Z,38.898,38.91,-7.4,7.4,0.0,0.0,0.0,0.0,0.0,1.0,1.0,0.0,1.0,0.0,0.0,0.0,8.0,6.0,0.0,0.0,0.0,0.0,0.0,0.0,0.0,0.0,3.0,12.0,1.0,12.05,5.01,2.5,1.49,-2.3000000000000003,0.3,2.3000000000000003,301.0,-0.1,-12.6,1.7000000000000002,9.9,-82.9,0.0,0.0,219.8,0.0,22.3,29.8,29.8,33.0,300.0,300.0,29.6,35.6,31.6,31.1,33.5,4.96,2.0,4.96,0.16,0.0,0.0,1027.0,8228.0,0.0,0.0,0.0,0.0,0.0,1.0,0.0,0.0,0.0,-0.001,0.0,-0.3,0.0,-12.5,-12.7,0.0156,16.0,25903.0
2026-07-30T18:57:49.433Z,38.916,38.922,-7.5,7.4,0.0,0.0,0.0,0.0,0.0,1.0,1.0,0.0,1.0,0.0,0.0,0.0,8.0,6.0,0.0,0.0,0.0,0.0,0.0,0.0,0.0,0.0,4.0,12.0,1.0,12.05,5.01,2.5,1.49,-2.4000000000000004,0.2,2.4000000000000004,301.1,-0.1,-11.4,1.7000000000000002,8.1,-82.9,0.0,0.0,219.8,0.0,22.3,29.8,29.8,33.0,300.0,300.0,29.6,35.6,31.6,31.1,33.5,4.95,2.0,4.96,0.16,0.0,0.0,1027.0,8228.0,0.0,0.0,0.0,0.0,0.0,1.0,0.0,0.0,0.0,-0.001,0.0,0.0,0.0,-10.5,-12.8,0.0158,16.0,25903.0
2026-07-30T18:57:49.439Z,38.922,38.934,-7.5,7.4,0.0,0.0,0.0,0.0,0.0,1.0,1.0,0.0,1.0,0.0,0.0,0.0,8.0,6.0,0.0,0.0,0.0,0.0,0.0,0.0,0.0,0.0,3.0,12.0,1.0,12.05,5.01,2.5,1.49,-2.3000000000000003,0.3,2.3000000000000003,301.2,-0.1,-12.0,1.1,9.3,-82.9,0.0,0.0,219.7,0.0,22.3,29.8,29.8,33.0,300.0,300.0,29.6,35.6,31.6,31.1,33.5,4.95,2.0,4.96,0.16,0.0,0.0,1027.0,8228.0,0.0,0.0,0.0,0.0,0.0,1.0,0.0,0.0,0.0,-0.001,0.0,-0.7000000000000001,0.0,-11.4,-12.7,0.0161,16.0,25903.0
2026-07-30T18:57:49.451Z,38.934,38.946,-7.5,7.4,0.0,0.0,0.0,0.0,0.0,1.0,1.0,0.0,1.0,0.0,0.0,0.0,8.0,6.0,0.0,0.0,0.0,0.0,0.0,0.0,0.0,0.0,4.0,12.0,1.0,12.05,5.01,2.5,1.49,-2.3000000000000003,0.3,2.3000000000000003,301.0,-0.1,-12.6,1.7000000000000002,9.9,-82.9,0.0,0.0,219.8,0.0,22.3,29.8,29.8,33.0,300.0,300.0,29.6,35.6,31.6,31.1,33.5,4.95,2.0,4.97,0.16,0.0,0.0,1027.0,8228.0,0.0,0.0,0.0,0.0,0.0,1.0,0.0,0.0,0.0,-0.001,0.0,-0.3,0.0,-12.5,-12.7,0.0159,16.0,25903.0
2026-07-30T18:57:49.463Z,38.946,38.958,-7.4,7.4,0.0,0.0,0.0,0.0,0.0,1.0,1.0,0.0,1.0,0.0,0.0,0.0,8.0,6.0,0.0,0.0,0.0,0.0,0.0,0.0,0.0,0.0,6.0,12.0,1.0,12.05,5.01,2.5,1.49,-2.2,0.2,2.2,301.1,-0.1,-12.0,3.5,11.0,-82.80000000000001,0.0,0.0,219.7,0.0,22.3,29.8,29.8,33.0,300.0,300.0,29.6,35.6,31.6,31.1,33.5,4.96,2.0,4.97,0.16,0.0,0.0,1027.0,8228.0,0.0,0.0,0.0,0.0,0.0,1.0,0.0,0.0,0.0,-0.001,0.0,0.9,0.0,-15.1,-12.7,0.0156,16.0,25903.0
2026-07-30T18:57:49.475Z,38.958,38.97,-7.4,7.4,0.0,0.0,0.0,0.0,0.0,1.0,1.0,0.0,1.0,0.0,0.0,0.0,8.0,6.0,0.0,0.0,0.0,0.0,0.0,0.0,0.0,0.0,1.0,12.0,1.0,12.06,5.01,2.51,1.49,-2.3000000000000003,0.3,2.3000000000000003,301.0,-0.1,-12.6,1.1,9.9,-82.80000000000001,0.0,0.0,219.7,0.0,21.9,29.9,29.9,33.0,300.0,300.0,29.5,35.4,31.6,31.1,33.6,4.95,2.0,4.96,0.16,0.0,0.0,1027.0,8228.0,0.0,0.0,0.0,0.0,0.0,1.0,0.0,0.0,0.0,-0.001,0.0,-0.8,0.0,-12.1,-12.8,0.0151,16.0,25903.0
2026-07-30T18:57:49.487Z,38.97,38.982,-7.4,7.4,0.0,0.0,0.0,0.0,0.0,1.0,1.0,0.0,1.0,0.0,0.0,0.0,8.0,6.0,0.0,0.0,0.0,0.0,0.0,0.0,0.0,0.0,2.0,12.0,1.0,12.06,5.01,2.51,1.49,-2.4000000000000004,0.3,2.4000000000000004,301.0,-0.1,-13.2,0.5,9.3,-82.80000000000001,0.0,0.0,219.7,0.0,21.9,29.9,29.9,33.0,300.0,300.0,29.5,35.4,31.6,31.1,33.6,4.95,2.0,4.96,0.16,0.0,0.0,1027.0,8228.0,0.0,0.0,0.0,0.0,0.0,1.0,0.0,0.0,0.0,-0.001,0.0,-1.2000000000000002,0.0,-11.0,-12.8,0.0159,16.0,25903.0
2026-07-30T18:57:49.499Z,38.982,38.994,-7.4,7.4,0.0,0.0,0.0,0.0,0.0,1.0,1.0,0.0,1.0,0.0,0.0,0.0,8.0,6.0,0.0,0.0,0.0,0.0,0.0,0.0,0.0,0.0,4.0,12.0,1.0,12.06,5.01,2.51,1.49,-2.4000000000000004,0.3,2.4000000000000004,301.1,-0.1,-12.6,1.1,8.700000000000001,-82.80000000000001,0.0,0.0,219.8,0.0,21.9,29.9,29.9,33.0,300.0,300.0,29.5,35.4,31.6,31.1,33.6,4.95,2.0,4.97,0.16,0.0,0.0,1027.0,8228.0,0.0,0.0,0.0,0.0,0.0,1.0,0.0,0.0,0.0,-0.001,0.0,-0.6000000000000001,0.0,-10.7,-12.9,0.0162,16.0,25903.0
2026-07-30T18:57:49.511Z,38.994,39.006,-7.5,7.4,0.0,0.0,0.0,0.0,0.0,1.0,1.0,0.0,1.0,0.0,0.0,0.0,8.0,6.0,0.0,0.0,0.0,0.0,0.0,0.0,0.0,0.0,5.0,12.0,1.0,12.06,5.01,2.51,1.49,-2.3000000000000003,0.3,2.3000000000000003,301.0,-0.1,-12.0,1.7000000000000002,9.9,-82.9,0.0,0.0,219.7,0.0,21.9,29.9,29.9,33.0,300.0,300.0,29.5,35.4,31.6,31.1,33.6,4.95,2.0,4.97,0.16,0.0,0.0,1027.0,8228.0,0.0,0.0,0.0,0.0,0.0,1.0,0.0,0.0,0.0,-0.001,0.0,-0.3,0.0,-12.5,-12.9,0.0163,16.0,25903.0
2026-07-30T18:57:49.523Z,39.006,39.018,-7.4,7.4,0.0,0.0,0.0,0.0,0.0,1.0,1.0,0.0,1.0,0.0,0.0,0.0,8.0,6.0,0.0,0.0,0.0,0.0,0.0,0.0,0.0,0.0,6.0,12.0,1.0,12.06,5.01,2.51,1.49,-2.4000000000000004,0.2,2.4000000000000004,301.1,-0.1,-12.0,1.7000000000000002,8.700000000000001,-82.9,0.0,0.0,219.8,0.0,21.9,29.9,29.9,33.0,300.0,300.0,29.5,35.4,31.6,31.1,33.6,4.95,2.0,4.96,0.16,0.0,0.0,1027.0,8228.0,0.0,0.0,0.0,0.0,0.0,1.0,0.0,0.0,0.0,-0.001,0.0,-0.1,0.0,-11.2,-12.8,0.0159,16.0,25903.0
2026-07-30T18:57:49.535Z,39.018,39.03,-7.5,7.4,0.0,0.0,0.0,0.0,0.0,1.0,1.0,0.0,1.0,0.0,0.0,0.0,8.0,6.0,0.0,0.0,0.0,0.0,0.0,0.0,0.0,0.0,1.0,12.0,1.0,12.06,5.01,2.51,1.49,-2.3000000000000003,0.3,2.4000000000000004,301.0,-0.1,-12.0,1.1,9.9,-82.9,0.0,0.0,219.8,0.0,21.9,29.9,29.9,33.0,300.0,300.0,29.5,35.4,31.6,31.1,33.6,4.95,2.0,4.96,0.16,0.0,0.0,1027.0,8228.0,0.0,0.0,0.0,0.0,0.0,1.0,0.0,0.0,0.0,-0.001,0.0,-0.9,0.0,-12.1,-12.8,0.0162,16.0,25903.0
2026-07-30T18:57:49.546Z,39.029,39.042,-7.5,7.4,0.0,0.0,0.0,0.0,0.0,1.0,1.0,0.0,1.0,0.0,0.0,0.0,8.0,6.0,0.0,0.0,0.0,0.0,0.0,0.0,0.0,0.0,2.0,12.0,1.0,12.06,5.01,2.51,1.49,-2.3000000000000003,0.2,2.3000000000000003,301.0,-0.1,-11.4,2.3000000000000003,11.0,-82.9,0.0,0.0,219.7,0.0,21.9,29.9,29.9,33.0,300.0,300.0,29.5,35.4,31.6,31.1,33.6,4.95,2.0,4.97,0.16,0.0,0.0,1027.0,8228.0,0.0,0.0,0.0,0.0,0.0,1.0,0.0,0.0,0.0,-0.001,0.0,0.0,0.0,-14.3,-12.8,0.0159,16.0,25903.0
2026-07-30T18:57:49.559Z,39.042,39.054,-7.5,7.4,0.0,0.0,0.0,0.0,0.0,1.0,1.0,0.0,1.0,0.0,0.0,0.0,8.0,6.0,0.0,0.0,0.0,0.0,0.0,0.0,0.0,0.0,3.0,12.0,1.0,12.06,5.01,2.51,1.49,-2.3000000000000003,0.2,2.3000000000000003,301.1,-0.1,-10.9,2.3000000000000003,9.3,-82.9,0.0,0.0,219.9,0.0,21.9,29.9,29.9,33.0,300.0,300.0,29.5,35.4,31.6,31.1,33.6,4.95,2.0,4.97,0.16,0.0,0.0,1027.0,8228.0,0.0,0.0,0.0,0.0,0.0,1.0,0.0,0.0,0.0,-0.001,0.0,0.2,0.0,-12.3,-12.7,0.0152,16.0,25903.0
2026-07-30T18:57:49.572Z,39.055,39.066,-7.5,7.4,0.0,0.0,0.0,0.0,0.0,1.0,1.0,0.0,1.0,0.0,0.0,0.0,8.0,6.0,0.0,0.0,0.0,0.0,0.0,0.0,0.0,0.0,5.0,12.0,1.0,12.06,5.01,2.51,1.49,-2.2,0.2,2.3000000000000003,301.1,-0.1,-11.4,2.9000000000000004,10.4,-82.9,0.0,0.0,219.9,0.0,22.1,29.9,29.9,33.0,300.0,300.0,29.4,35.4,31.6,31.1,33.5,4.96,2.0,4.96,0.16,0.0,0.0,1027.0,8228.0,0.0,0.0,0.0,0.0,0.0,1.0,0.0,0.0,0.0,-0.001,0.0,0.5,0.0,-14.0,-12.8,0.0155,16.0,25903.0
2026-07-30T18:57:49.585Z,39.068,39.078,-7.5,7.4,0.0,0.0,0.0,0.0,0.0,1.0,1.0,0.0,1.0,0.0,0.0,0.0,8.0,6.0,0.0,0.0,0.0,0.0,0.0,0.0,0.0,0.0,6.0,12.0,1.0,12.06,5.01,2.51,1.49,-2.3000000000000003,0.3,2.3000000000000003,301.0,-0.1,-10.9,1.7000000000000002,10.4,-82.9,0.0,0.0,219.8,0.0,22.1,29.9,29.9,33.0,300.0,300.0,29.4,35.4,31.6,31.1,33.5,4.96,2.0,4.96,0.16,0.0,0.0,1027.0,8228.0,0.0,0.0,0.0,0.0,0.0,1.0,0.0,0.0,0.0,-0.001,0.0,-0.5,0.0,-13.2,-12.7,0.0157,16.0,25903.0
2026-07-30T18:57:49.595Z,39.078,39.09,-7.4,7.4,0.0,0.0,0.0,0.0,0.0,1.0,1.0,0.0,1.0,0.0,0.0,0.0,8.0,6.0,0.0,0.0,0.0,0.0,0.0,0.0,0.0,0.0,6.0,12.0,1.0,12.06,5.01,2.51,1.49,-2.2,0.2,2.2,301.1,-0.1,-9.7,2.9000000000000004,11.6,-82.9,0.0,0.0,219.8,0.0,22.1,29.9,29.9,33.0,300.0,300.0,29.4,35.4,31.6,31.1,33.5,4.96,2.0,4.96,0.16,0.0,0.0,1027.0,8228.0,0.0,0.0,0.0,0.0,0.0,1.0,0.0,0.0,0.0,-0.001,0.0,0.3,0.0,-15.4,-12.7,0.0154,16.0,25903.0
2026-07-30T18:57:49.607Z,39.09,39.102,-7.4,7.4,0.0,0.0,0.0,0.0,0.0,1.0,1.0,0.0,1.0,0.0,0.0,0.0,8.0,6.0,0.0,0.0,0.0,0.0,0.0,0.0,0.0,0.0,1.0,12.0,1.0,12.06,5.01,2.51,1.49,-2.3000000000000003,0.2,2.3000000000000003,301.1,-0.1,-12.0,2.3000000000000003,10.4,-82.9,0.0,0.0,219.8,0.0,22.1,29.9,29.9,33.0,300.0,300.0,29.4,35.4,31.6,31.1,33.5,4.95,2.0,4.96,0.17,0.0,0.0,1027.0,8228.0,0.0,0.0,0.0,0.0,0.0,1.0,0.0,0.0,0.0,-0.001,0.0,0.6000000000000001,0.0,-13.4,-12.8,0.0158,16.0,25903.0
2026-07-30T18:57:49.619Z,39.102,39.114,-7.4,7.4,0.0,0.0,0.0,0.0,0.0,1.0,1.0,0.0,1.0,0.0,0.0,0.0,8.0,6.0,0.0,0.0,0.0,0.0,0.0,0.0,0.0,0.0,2.0,12.0,1.0,12.06,5.01,2.51,1.49,-2.2,0.2,2.3000000000000003,301.0,-0.1,-10.3,2.9000000000000004,11.0,-82.9,0.0,0.0,219.9,0.0,22.1,29.9,29.9,33.0,300.0,300.0,29.4,35.4,31.6,31.1,33.5,4.95,2.0,4.97,0.16,0.0,0.0,1027.0,8228.0,0.0,0.0,0.0,0.0,0.0,1.0,0.0,0.0,0.0,-0.001,0.0,-0.1,0.0,-11.2,-12.8,0.0155,16.0,25903.0
2026-07-30T18:57:49.630Z,39.113,39.126,-7.4,7.4,0.0,0.0,0.0,0.0,0.0,1.0,1.0,0.0,1.0,0.0,0.0,0.0,8.0,6.0,0.0,0.0,0.0,0.0,0.0,0.0,0.0,0.0,3.0,12.0,1.0,12.06,5.01,2.51,1.49,-2.3000000000000003,0.2,2.3000000000000003,300.90000000000003,-0.1,-11.4,2.3000000000000003,10.4,-82.9,0.0,0.0,219.8,0.0,22.1,29.9,29.9,33.0,300.0,300.0,29.4,35.4,31.6,31.1,33.5,4.96,2.0,4.97,0.16,0.0,0.0,1027.0,8228.0,0.0,0.0,0.0,0.0,0.0,1.0,0.0,0.0,0.0,-0.001,0.0,0.0,0.0,-13.6,-12.9,0.0161,16.0,25903.0
2026-07-30T18:57:49.643Z,39.126,39.138,-7.4,7.4,0.0,0.0,0.0,0.0,0.0,1.0,1.0,0.0,1.0,0.0,0.0,0.0,8.0,6.0,0.0,0.0,0.0,0.0,0.0,0.0,0.0,0.0,4.0,12.0,1.0,12.06,5.01,2.51,1.49,-2.3000000000000003,0.3,2.3000000000000003,301.0,-0.1,-12.6,1.7000000000000002,10.4,-82.9,0.0,0.0,219.7,0.0,22.1,29.9,29.9,33.0,300.0,300.0,29.4,35.4,31.6,31.1,33.5,4.96,2.0,4.96,0.16,0.0,0.0,1027.0,8228.0,0.0,0.0,0.0,0.0,0.0,1.0,0.0,0.0,0.0,-0.001,0.0,-0.3,0.0,-12.5,-12.8,0.0156,16.0,25903.0
2026-07-30T18:57:49.655Z,39.138,39.15,-7.4,7.4,0.0,0.0,0.0,0.0,0.0,1.0,1.0,0.0,1.0,0.0,0.0,0.0,8.0,6.0,0.0,0.0,0.0,0.0,0.0,0.0,0.0,0.0,6.0,12.0,1.0,12.06,5.01,2.51,1.49,-2.3000000000000003,0.3,2.3000000000000003,301.1,-0.1,-12.6,1.7000000000000002,9.9,-82.9,0.0,0.0,219.7,0.0,22.1,29.9,29.9,33.0,300.0,300.0,29.4,35.4,31.6,31.1,33.5,4.96,2.0,4.96,0.16,0.0,0.0,1027.0,8228.0,0.0,0.0,0.0,0.0,0.0,1.0,0.0,0.0,0.0,-0.001,0.0,-0.3,0.0,-12.5,-12.8,0.0159,16.0,25903.0
2026-07-30T18:57:49.667Z,39.15,39.162,-7.4,7.4,0.0,0.0,0.0,0.0,0.0,1.0,1.0,0.0,1.0,0.0,0.0,0.0,8.0,6.0,0.0,0.0,0.0,0.0,0.0,0.0,0.0,0.0,1.0,12.0,1.0,12.06,5.01,2.51,1.49,-2.4000000000000004,0.3,2.4000000000000004,301.1,-0.1,-12.0,0.5,8.700000000000001,-82.9,0.0,0.0,219.8,0.0,22.1,29.9,29.9,33.0,300.0,300.0,29.4,35.4,31.6,31.1,33.5,4.95,2.0,4.96,0.16,0.0,0.0,1027.0,8228.0,0.0,0.0,0.0,0.0,0.0,1.0,0.0,0.0,0.0,-0.001,0.0,-1.2000000000000002,0.0,-10.3,-12.8,0.0159,16.0,25903.0
2026-07-30T18:57:49.679Z,39.162,39.174,-7.4,7.4,0.0,0.0,0.0,0.0,0.0,1.0,1.0,0.0,1.0,0.0,0.0,0.0,8.0,6.0,0.0,0.0,0.0,0.0,0.0,0.0,0.0,0.0,2.0,12.0,1.0,12.06,5.01,2.5,1.5,-2.5,0.3,2.6,301.0,-0.1,-13.8,-1.1,5.800000000000001,-82.9,0.0,0.0,219.8,0.0,22.3,29.9,29.9,33.0,300.0,300.0,29.5,35.5,31.700000000000003,31.200000000000003,33.5,4.96,2.0,4.96,0.16,0.0,0.0,1027.0,8228.0,0.0,0.0,0.0,0.0,0.0,1.0,0.0,0.0,0.0,-0.001,0.0,-2.1,0.0,-5.7,-12.8,0.0164,16.0,25903.0
2026-07-30T18:57:49.691Z,39.174,39.186,-7.5,7.4,0.0,0.0,0.0,0.0,0.0,1.0,1.0,0.0,1.0,0.0,0.0,0.0,8.0,6.0,0.0,0.0,0.0,0.0,0.0,0.0,0.0,0.0,3.0,12.0,1.0,12.06,5.01,2.5,1.5,-2.4000000000000004,0.3,2.4000000000000004,301.1,-0.1,-12.0,1.1,8.700000000000001,-82.9,0.0,0.0,219.8,0.0,22.3,29.9,29.9,33.0,300.0,300.0,29.5,35.5,31.700000000000003,31.200000000000003,33.5,4.96,2.0,4.96,0.16,0.0,0.0,1027.0,8228.0,0.0,0.0,0.0,0.0,0.0,1.0,0.0,0.0,0.0,-0.001,0.0,-0.6000000000000001,0.0,-10.7,-12.8,0.0174,16.0,25903.0
2026-07-30T18:57:49.703Z,39.186,39.198,-7.4,7.4,0.0,0.0,0.0,0.0,0.0,1.0,1.0,0.0,1.0,0.0,0.0,0.0,8.0,6.0,0.0,0.0,0.0,0.0,0.0,0.0,0.0,0.0,5.0,12.0,1.0,12.06,5.01,2.5,1.5,-2.3000000000000003,0.2,2.3000000000000003,301.1,-0.1,-13.2,2.3000000000000003,10.4,-82.9,0.0,0.0,219.7,0.0,22.3,29.9,29.9,33.0,300.0,300.0,29.5,35.5,31.700000000000003,31.200000000000003,33.5,4.95,2.0,4.96,0.16,0.0,0.0,1027.0,8228.0,0.0,0.0,0.0,0.0,0.0,1.0,0.0,0.0,0.0,-0.001,0.0,0.0,0.0,-13.6,-12.7,0.0162,16.0,25903.0
2026-07-30T18:57:49.715Z,39.198,39.21,-7.4,7.4,0.0,0.0,0.0,0.0,0.0,1.0,1.0,0.0,1.0,0.0,0.0,0.0,8.0,6.0,0.0,0.0,0.0,0.0,0.0,0.0,0.0,0.0,6.0,12.0,1.0,12.06,5.01,2.5,1.5,-2.4000000000000004,0.2,2.4000000000000004,301.0,-0.1,-12.0,2.3000000000000003,8.700000000000001,-82.9,0.0,0.0,219.7,0.0,22.3,29.9,29.9,33.0,300.0,300.0,29.5,35.5,31.700000000000003,31.200000000000003,33.5,4.96,2.0,4.97,0.16,0.0,0.0,1027.0,8228.0,0.0,0.0,0.0,0.0,0.0,1.0,0.0,0.0,0.0,-0.001,0.0,0.3,0.0,-11.6,-12.8,0.0157,16.0,25903.0
2026-07-30T18:57:49.727Z,39.21,39.222,-7.5,7.4,0.0,0.0,0.0,0.0,0.0,1.0,1.0,0.0,1.0,0.0,0.0,0.0,8.0,6.0,0.0,0.0,0.0,0.0,0.0,0.0,0.0,0.0,6.0,12.0,1.0,12.06,5.01,2.5,1.5,-2.3000000000000003,0.2,2.3000000000000003,301.1,-0.1,-12.6,2.3000000000000003,9.9,-82.9,0.0,0.0,219.6,0.0,22.3,29.9,29.9,33.0,300.0,300.0,29.5,35.5,31.700000000000003,31.200000000000003,33.5,4.95,2.0,4.96,0.16,0.0,0.0,1027.0,8228.0,0.0,0.0,0.0,0.0,0.0,1.0,0.0,0.0,0.0,-0.001,0.0,0.1,0.0,-12.9,-12.8,0.0162,16.0,25903.0
2026-07-30T18:57:49.739Z,39.222,39.234,-7.5,7.4,0.0,0.0,0.0,0.0,0.0,1.0,1.0,0.0,1.0,0.0,0.0,0.0,8.0,6.0,0.0,0.0,0.0,0.0,0.0,0.0,0.0,0.0,2.0,12.0,1.0,12.06,5.01,2.5,1.5,-2.3000000000000003,0.2,2.4000000000000004,301.0,-0.1,-11.4,1.7000000000000002,8.700000000000001,-82.9,0.0,0.0,219.6,0.0,22.3,29.9,29.9,33.0,300.0,300.0,29.5,35.5,31.700000000000003,31.200000000000003,33.5,4.95,2.0,4.97,0.16,0.0,0.0,1027.0,8228.0,0.0,0.0,0.0,0.0,0.0,1.0,0.0,0.0,0.0,-0.001,0.0,-0.1,0.0,-11.2,-12.7,0.0157,16.0,25903.0
2026-07-30T18:57:49.752Z,39.235,39.246,-7.4,7.4,0.0,0.0,0.0,0.0,0.0,1.0,1.0,0.0,1.0,0.0,0.0,0.0,8.0,6.0,0.0,0.0,0.0,0.0,0.0,0.0,0.0,0.0,2.0,12.0,1.0,12.06,5.01,2.5,1.5,-2.3000000000000003,0.2,2.3000000000000003,301.1,-0.1,-11.4,2.3000000000000003,10.4,-82.9,0.0,0.0,219.8,0.0,22.3,29.9,29.9,33.0,300.0,300.0,29.5,35.5,31.700000000000003,31.200000000000003,33.5,4.95,2.0,4.97,0.16,0.0,0.0,1027.0,8228.0,0.0,0.0,0.0,0.0,0.0,1.0,0.0,0.0,0.0,-0.001,0.0,0.0,0.0,-13.6,-12.7,0.0161,16.0,25903.0
2026-07-30T18:57:49.762Z,39.245,39.258,-7.4,7.4,0.0,0.0,0.0,0.0,0.0,1.0,1.0,0.0,1.0,0.0,0.0,0.0,8.0,6.0,0.0,0.0,0.0,0.0,0.0,0.0,0.0,0.0,1.0,12.0,1.0,12.06,5.01,2.5,1.5,-2.4000000000000004,0.3,2.4000000000000004,301.1,-0.1,-13.2,1.7000000000000002,9.3,-82.9,0.0,0.0,219.8,0.0,22.3,29.9,29.9,33.0,300.0,300.0,29.5,35.5,31.700000000000003,31.200000000000003,33.5,4.96,2.0,4.96,0.16,0.0,0.0,1027.0,8228.0,0.0,0.0,0.0,0.0,0.0,1.0,0.0,0.0,0.0,-0.001,0.0,-0.2,0.0,-11.8,-12.9,0.0157,16.0,25903.0
2026-07-30T18:57:49.775Z,39.258,39.27,-7.4,7.4,0.0,0.0,0.0,0.0,0.0,1.0,1.0,0.0,1.0,0.0,0.0,0.0,8.0,6.0,0.0,0.0,0.0,0.0,0.0,0.0,0.0,0.0,2.0,12.0,1.0,12.05,5.0200000000000005,2.5,1.49,-2.3000000000000003,0.3,2.3000000000000003,301.1,-0.1,-11.4,1.7000000000000002,10.4,-82.9,0.0,0.0,219.6,0.0,22.3,29.9,29.9,33.1,300.0,300.0,29.5,35.6,31.700000000000003,31.200000000000003,33.6,4.95,2.0,4.96,0.16,0.0,0.0,1027.0,8228.0,0.0,0.0,0.0,0.0,0.0,1.0,0.0,0.0,0.0,-0.001,0.0,-0.4,0.0,-13.2,-12.9,0.0162,16.0,25903.0
2026-07-30T18:57:49.787Z,39.27,39.282,-7.4,7.4,0.0,0.0,0.0,0.0,0.0,1.0,1.0,0.0,1.0,0.0,0.0,0.0,8.0,6.0,0.0,0.0,0.0,0.0,0.0,0.0,0.0,0.0,3.0,12.0,1.0,12.05,5.0200000000000005,2.5,1.49,-2.2,0.2,2.2,301.0,-0.1,-10.9,3.5,11.6,-82.9,0.0,0.0,219.7,0.0,22.3,29.9,29.9,33.1,300.0,300.0,29.5,35.6,31.700000000000003,31.200000000000003,33.6,4.95,2.0,4.97,0.16,0.0,0.0,1027.0,8228.0,0.0,0.0,0.0,0.0,0.0,1.0,0.0,0.0,0.0,-0.001,0.0,0.8,0.0,-15.8,-12.8,0.0159,16.0,25903.0
2026-07-30T18:57:49.799Z,39.282,39.294,-7.5,7.4,0.0,0.0,0.0,0.0,0.0,1.0,1.0,0.0,1.0,0.0,0.0,0.0,8.0,6.0,0.0,0.0,0.0,0.0,0.0,0.0,0.0,0.0,5.0,12.0,1.0,12.05,5.0200000000000005,2.5,1.49,-2.3000000000000003,0.2,2.3000000000000003,301.1,-0.1,-12.0,2.9000000000000004,9.9,-82.9,0.0,0.0,219.8,0.0,22.3,29.9,29.9,33.1,300.0,300.0,29.5,35.6,31.700000000000003,31.200000000000003,33.6,4.96,2.0,4.97,0.16,0.0,0.0,1027.0,8228.0,0.0,0.0,0.0,0.0,0.0,1.0,0.0,0.0,0.0,-0.001,0.0,0.6000000000000001,0.0,-13.4,-12.8,0.0153,16.0,25903.0
2026-07-30T18:57:49.810Z,39.293,39.306,-7.5,7.4,0.0,0.0,0.0,0.0,0.0,1.0,1.0,0.0,1.0,0.0,0.0,0.0,8.0,6.0,0.0,0.0,0.0,0.0,0.0,0.0,0.0,0.0,6.0,12.0,1.0,12.05,5.0200000000000005,2.5,1.49,-2.3000000000000003,0.2,2.3000000000000003,301.1,-0.1,-10.9,2.3000000000000003,9.9,-82.9,0.0,0.0,219.7,0.0,22.3,29.9,29.9,33.1,300.0,300.0,29.5,35.6,31.700000000000003,31.200000000000003,33.6,4.96,2.0,4.96,0.16,0.0,0.0,1027.0,8228.0,0.0,0.0,0.0,0.0,0.0,1.0,0.0,0.0,0.0,-0.001,0.0,0.1,0.0,-12.9,-12.8,0.0158,16.0,25903.0
2026-07-30T18:57:49.822Z,39.305,39.318,-7.5,7.4,0.0,0.0,0.0,0.0,0.0,1.0,1.0,0.0,1.0,0.0,0.0,0.0,8.0,6.0,0.0,0.0,0.0,0.0,0.0,0.0,0.0,0.0,1.0,12.0,1.0,12.05,5.0200000000000005,2.5,1.49,-2.3000000000000003,0.3,2.3000000000000003,301.1,-0.1,-11.4,1.7000000000000002,9.3,-82.9,0.0,0.0,219.7,0.0,22.3,29.9,29.9,33.1,300.0,300.0,29.5,35.6,31.700000000000003,31.200000000000003,33.6,4.95,2.0,4.96,0.16,0.0,0.0,1027.0,8228.0,0.0,0.0,0.0,0.0,0.0,1.0,0.0,0.0,0.0,-0.001,0.0,-0.2,0.0,-11.8,-12.6,0.0156,16.0,25903.0
2026-07-30T18:57:49.834Z,39.317,39.33,-7.4,7.4,0.0,0.0,0.0,0.0,0.0,1.0,1.0,0.0,1.0,0.0,0.0,0.0,8.0,6.0,0.0,0.0,0.0,0.0,0.0,0.0,0.0,0.0,2.0,12.0,1.0,12.05,5.0200000000000005,2.5,1.49,-2.3000000000000003,0.2,2.3000000000000003,301.0,-0.1,-11.4,3.5,9.9,-82.9,0.0,0.0,219.7,0.0,22.3,29.9,29.9,33.1,300.0,300.0,29.5,35.6,31.700000000000003,31.200000000000003,33.6,4.95,1.99,4.96,0.17,0.0,0.0,1027.0,8228.0,0.0,0.0,0.0,0.0,0.0,1.0,0.0,0.0,0.0,-0.001,0.0,1.1,0.0,-13.8,-12.7,0.0158,16.0,25903.0
2026-07-30T18:57:49.846Z,39.329,39.342,-7.4,7.4,0.0,0.0,0.0,0.0,0.0,1.0,1.0,0.0,1.0,0.0,0.0,0.0,8.0,6.0,0.0,0.0,0.0,0.0,0.0,0.0,0.0,0.0,3.0,12.0,1.0,12.05,5.0200000000000005,2.5,1.49,-2.3000000000000003,0.2,2.3000000000000003,301.0,-0.1,-11.4,2.9000000000000004,10.4,-82.80000000000001,0.0,0.0,219.7,0.0,22.3,29.9,29.9,33.1,300.0,300.0,29.5,35.6,31.700000000000003,31.200000000000003,33.6,4.96,2.0,4.96,0.16,0.0,0.0,1027.0,8228.0,0.0,0.0,0.0,0.0,0.0,1.0,0.0,0.0,0.0,-0.001,0.0,0.5,0.0,-14.0,-12.8,0.0155,16.0,25903.0
2026-07-30T18:57:49.859Z,39.342,39.354,-7.4,7.4,0.0,0.0,0.0,0.0,0.0,1.0,1.0,0.0,1.0,0.0,0.0,0.0,8.0,6.0,0.0,0.0,0.0,0.0,0.0,0.0,0.0,0.0,4.0,12.0,1.0,12.05,5.0200000000000005,2.5,1.49,-2.3000000000000003,0.3,2.3000000000000003,301.1,-0.1,-11.4,1.7000000000000002,9.3,-82.80000000000001,0.0,0.0,219.7,0.0,22.3,29.9,29.9,33.1,300.0,300.0,29.5,35.6,31.700000000000003,31.200000000000003,33.6,4.95,2.0,4.96,0.16,0.0,0.0,1027.0,8228.0,0.0,0.0,0.0,0.0,0.0,1.0,0.0,0.0,0.0,-0.001,0.0,-0.2,0.0,-11.8,-12.8,0.0155,16.0,25903.0
2026-07-30T18:57:49.871Z,39.354,39.366,-7.5,7.4,0.0,0.0,0.0,0.0,0.0,1.0,1.0,0.0,1.0,0.0,0.0,0.0,8.0,6.0,0.0,0.0,0.0,0.0,0.0,0.0,0.0,0.0,5.0,12.0,1.0,12.05,5.0200000000000005,2.5,1.49,-2.2,0.2,2.2,301.1,-0.1,-10.9,3.5,11.0,-82.80000000000001,0.0,0.0,219.6,0.0,22.3,29.9,29.9,33.1,300.0,300.0,29.5,35.6,31.700000000000003,31.200000000000003,33.6,4.95,2.0,4.96,0.16,0.0,0.0,1027.0,8228.0,0.0,0.0,0.0,0.0,0.0,1.0,0.0,0.0,0.0,-0.001,0.0,0.9,0.0,-15.1,-12.8,0.0159,16.0,25903.0
2026-07-30T18:57:49.883Z,39.366,39.378,-7.4,7.4,0.0,0.0,0.0,0.0,0.0,1.0,1.0,0.0,1.0,0.0,0.0,0.0,8.0,6.0,0.0,0.0,0.0,0.0,0.0,0.0,0.0,0.0,6.0,12.0,1.0,12.05,5.01,2.51,1.5,-2.3000000000000003,0.2,2.3000000000000003,301.0,-0.1,-12.0,2.9000000000000004,9.3,-82.80000000000001,0.0,0.0,219.7,0.0,22.1,30.0,30.0,33.1,300.0,300.0,29.5,35.6,31.700000000000003,31.200000000000003,33.6,4.95,2.0,4.96,0.17,0.0,0.0,1027.0,8228.0,0.0,0.0,0.0,0.0,0.0,1.0,0.0,0.0,0.0,-0.001,0.0,0.7000000000000001,0.0,-12.7,-12.7,0.0151,16.0,25903.0
2026-07-30T18:57:49.895Z,39.378,39.39,-7.4,7.4,0.0,0.0,0.0,0.0,0.0,1.0,1.0,0.0,1.0,0.0,0.0,0.0,8.0,6.0,0.0,0.0,0.0,0.0,0.0,0.0,0.0,0.0,1.0,12.0,1.0,12.05,5.01,2.51,1.5,-2.3000000000000003,0.2,2.3000000000000003,301.1,-0.1,-12.0,2.9000000000000004,9.9,-82.80000000000001,0.0,0.0,219.8,0.0,22.1,30.0,30.0,33.1,300.0,300.0,29.5,35.6,31.700000000000003,31.200000000000003,33.6,4.96,2.0,4.96,0.16,0.0,0.0,1027.0,8228.0,0.0,0.0,0.0,0.0,0.0,1.0,0.0,0.0,0.0,-0.001,0.0,0.6000000000000001,0.0,-13.4,-12.8,0.0158,16.0,25903.0
2026-07-30T18:57:49.908Z,39.391,39.402,-7.4,7.4,0.0,0.0,0.0,0.0,0.0,1.0,1.0,0.0,1.0,0.0,0.0,0.0,8.0,6.0,0.0,0.0,0.0,0.0,0.0,0.0,0.0,0.0,2.0,12.0,1.0,12.05,5.01,2.51,1.5,-2.3000000000000003,0.2,2.3000000000000003,301.0,0.0,-12.0,2.3000000000000003,10.4,-82.9,0.0,0.0,219.7,0.0,22.1,30.0,30.0,33.1,300.0,300.0,29.5,35.6,31.700000000000003,31.200000000000003,33.6,4.96,2.0,4.96,0.16,0.0,0.0,1027.0,8228.0,0.0,0.0,0.0,0.0,0.0,1.0,0.0,0.0,0.0,-0.001,0.0,0.0,0.0,-13.6,-12.9,0.0157,16.0,25903.0
2026-07-30T18:57:49.919Z,39.402,39.414,-7.5,7.4,0.0,0.0,0.0,0.0,0.0,1.0,1.0,0.0,1.0,0.0,0.0,0.0,8.0,6.0,0.0,0.0,0.0,0.0,0.0,0.0,0.0,0.0,3.0,12.0,1.0,12.05,5.01,2.51,1.5,-2.4000000000000004,0.3,2.5,301.0,0.0,-11.4,0.5,7.5,-82.9,0.0,0.0,219.8,0.0,22.1,30.0,30.0,33.1,300.0,300.0,29.5,35.6,31.700000000000003,31.200000000000003,33.6,4.96,2.0,4.96,0.16,0.0,0.0,1027.0,8228.0,0.0,0.0,0.0,0.0,0.0,1.0,0.0,0.0,0.0,-0.001,0.0,-0.9,0.0,-9.0,-12.8,0.0157,16.0,25903.0
2026-07-30T18:57:49.931Z,39.414,39.426,-7.4,7.4,0.0,0.0,0.0,0.0,0.0,1.0,1.0,0.0,1.0,0.0,0.0,0.0,8.0,6.0,0.0,0.0,0.0,0.0,0.0,0.0,0.0,0.0,4.0,12.0,1.0,12.05,5.01,2.51,1.5,-2.3000000000000003,0.2,2.3000000000000003,301.1,0.0,-11.4,2.3000000000000003,9.9,-82.9,0.0,0.0,219.7,0.0,22.1,30.0,30.0,33.1,300.0,300.0,29.5,35.6,31.700000000000003,31.200000000000003,33.6,4.96,2.0,4.96,0.16,0.0,0.0,1027.0,8228.0,0.0,0.0,0.0,0.0,0.0,1.0,0.0,0.0,0.0,-0.001,0.0,0.1,0.0,-12.9,-12.8,0.0167,16.0,25903.0
2026-07-30T18:57:49.943Z,39.426,39.438,-7.5,7.4,0.0,0.0,0.0,0.0,0.0,1.0,1.0,0.0,1.0,0.0,0.0,0.0,8.0,6.0,0.0,0.0,0.0,0.0,0.0,0.0,0.0,0.0,5.0,12.0,1.0,12.05,5.01,2.51,1.5,-2.3000000000000003,0.3,2.3000000000000003,300.90000000000003,0.0,-13.2,1.7000000000000002,9.9,-82.9,0.0,0.0,219.7,0.0,22.1,30.0,30.0,33.1,300.0,300.0,29.5,35.6,31.700000000000003,31.200000000000003,33.6,4.95,2.0,4.96,0.16,0.0,0.0,1027.0,8228.0,0.0,0.0,0.0,0.0,0.0,1.0,0.0,0.0,0.0,-0.001,0.0,-0.3,0.0,-12.5,-12.8,0.0159,16.0,25903.0
2026-07-30T18:57:49.955Z,39.438,39.45,-7.4,7.4,0.0,0.0,0.0,0.0,0.0,1.0,1.0,0.0,1.0,0.0,0.0,0.0,8.0,6.0,0.0,0.0,0.0,0.0,0.0,0.0,0.0,0.0,1.0,12.0,1.0,12.05,5.01,2.51,1.5,-2.4000000000000004,0.3,2.4000000000000004,301.1,0.0,-13.8,1.7000000000000002,8.1,-82.9,0.0,0.0,219.7,0.0,22.1,30.0,30.0,33.1,300.0,300.0,29.5,35.6,31.700000000000003,31.200000000000003,33.6,4.95,2.0,4.96,0.16,0.0,0.0,1027.0,8228.0,0.0,0.0,0.0,0.0,0.0,1.0,0.0,0.0,0.0,-0.001,0.0,0.0,0.0,-10.5,-12.7,0.0159,16.0,25903.0
2026-07-30T18:57:49.967Z,39.45,39.462,-7.4,7.4,0.0,0.0,0.0,0.0,0.0,1.0,1.0,0.0,1.0,0.0,0.0,0.0,8.0,6.0,0.0,0.0,0.0,0.0,0.0,0.0,0.0,0.0,2.0,12.0,1.0,12.05,5.01,2.51,1.5,-2.4000000000000004,0.3,2.4000000000000004,301.1,0.0,-13.2,0.5,9.3,-82.9,0.0,0.0,219.6,0.0,22.1,30.0,30.0,33.1,300.0,300.0,29.5,35.6,31.700000000000003,31.200000000000003,33.6,4.96,2.0,4.96,0.16,0.0,0.0,1027.0,8228.0,0.0,0.0,0.0,0.0,0.0,1.0,0.0,0.0,0.0,-0.001,0.0,-1.2000000000000002,0.0,-11.0,-12.8,0.0163,16.0,25903.0
2026-07-30T18:57:49.980Z,39.463,39.474,-7.5,7.4,0.0,0.0,0.0,0.0,0.0,1.0,1.0,0.0,1.0,0.0,0.0,0.0,8.0,6.0,0.0,0.0,0.0,0.0,0.0,0.0,0.0,0.0,3.0,12.0,1.0,12.06,5.01,2.5,1.5,-2.4000000000000004,0.2,2.4000000000000004,301.0,-0.1,-13.2,1.7000000000000002,7.5,-82.9,0.0,0.0,219.6,0.0,22.200000000000003,30.0,30.0,33.1,300.0,300.0,29.5,35.5,31.700000000000003,31.3,33.6,4.96,2.0,4.96,0.16,0.0,0.0,1027.0,8228.0,0.0,0.0,0.0,0.0,0.0,1.0,0.0,0.0,0.0,-0.001,0.0,0.1,0.0,-9.8,-12.8,0.0163,16.0,25903.0
2026-07-30T18:57:49.991Z,39.474,39.486,-7.5,7.4,0.0,0.0,0.0,0.0,0.0,1.0,1.0,0.0,1.0,0.0,0.0,0.0,8.0,6.0,0.0,0.0,0.0,0.0,0.0,0.0,0.0,0.0,4.0,12.0,1.0,12.06,5.01,2.5,1.5,-2.3000000000000003,0.3,2.3000000000000003,301.1,-0.1,-12.6,2.3000000000000003,10.4,-82.80000000000001,0.0,0.0,219.6,0.0,22.200000000000003,30.0,30.0,33.1,300.0,300.0,29.5,35.5,31.700000000000003,31.3,33.6,4.95,2.0,4.96,0.16,0.0,0.0,1027.0,8228.0,0.0,0.0,0.0,0.0,0.0,1.0,0.0,0.0,0.0,-0.001,0.0,0.0,0.0,-13.6,-12.8,0.0165,16.0,25903.0
2026-07-30T18:57:50.003Z,39.486,39.498,-7.4,7.4,0.0,0.0,0.0,0.0,0.0,1.0,1.0,0.0,1.0,0.0,0.0,0.0,8.0,6.0,0.0,0.0,0.0,0.0,0.0,0.0,0.0,0.0,5.0,12.0,1.0,12.06,5.01,2.5,1.5,-2.3000000000000003,0.3,2.4000000000000004,301.1,-0.1,-13.2,1.7000000000000002,9.3,-82.80000000000001,0.0,0.0,219.6,0.0,22.200000000000003,30.0,30.0,33.1,300.0,300.0,29.5,35.5,31.700000000000003,31.3,33.6,4.95,2.0,4.96,0.16,0.0,0.0,1027.0,8228.0,0.0,0.0,0.0,0.0,0.0,1.0,0.0,0.0,0.0,-0.001,0.0,-0.2,0.0,-11.8,-12.7,0.0156,16.0,25903.0
2026-07-30T18:57:50.015Z,39.498,39.51,-7.4,7.4,0.0,0.0,0.0,0.0,0.0,1.0,1.0,0.0,1.0,0.0,0.0,0.0,8.0,6.0,0.0,0.0,0.0,0.0,0.0,0.0,0.0,0.0,6.0,12.0,1.0,12.06,5.01,2.5,1.5,-2.3000000000000003,0.2,2.4000000000000004,301.1,-0.1,-12.6,2.3000000000000003,8.700000000000001,-82.80000000000001,0.0,0.0,219.7,0.0,22.200000000000003,30.0,30.0,33.1,300.0,300.0,29.5,35.5,31.700000000000003,31.3,33.6,4.95,2.0,4.96,0.16,0.0,0.0,1027.0,8228.0,0.0,0.0,0.0,0.0,0.0,1.0,0.0,0.0,0.0,-0.001,0.0,0.3,0.0,-11.6,-12.8,0.016,16.0,25903.0
2026-07-30T18:57:50.027Z,39.51,39.522,-7.5,7.4,0.0,0.0,0.0,0.0,0.0,1.0,1.0,0.0,1.0,0.0,0.0,0.0,8.0,6.0,0.0,0.0,0.0,0.0,0.0,0.0,0.0,0.0,2.0,12.0,1.0,12.06,5.01,2.5,1.5,-2.2,0.2,2.2,301.1,-0.1,-12.0,4.0,11.6,-82.80000000000001,0.0,0.0,219.7,0.0,22.200000000000003,30.0,30.0,33.1,300.0,300.0,29.5,35.5,31.700000000000003,31.3,33.6,4.95,2.0,4.96,0.16,0.0,0.0,1027.0,8228.0,0.0,0.0,0.0,0.0,0.0,1.0,0.0,0.0,0.0,-0.001,0.0,1.3,0.0,-16.2,-12.8,0.016,16.0,25903.0
2026-07-30T18:57:50.039Z,39.522,39.534,-7.4,7.4,0.0,0.0,0.0,0.0,0.0,1.0,1.0,0.0,1.0,0.0,0.0,0.0,8.0,6.0,0.0,0.0,0.0,0.0,0.0,0.0,0.0,0.0,3.0,12.0,1.0,12.06,5.01,2.5,1.5,-2.3000000000000003,0.2,2.3000000000000003,301.2,-0.1,-10.9,2.3000000000000003,10.4,-82.9,0.0,0.0,219.8,0.0,22.200000000000003,30.0,30.0,33.1,300.0,300.0,29.5,35.5,31.700000000000003,31.3,33.6,4.95,2.0,4.96,0.16,0.0,0.0,1027.0,8228.0,0.0,0.0,0.0,0.0,0.0,1.0,0.0,0.0,0.0,-0.001,0.0,0.0,0.0,-13.6,-12.7,0.0149,16.0,25903.0
2026-07-30T18:57:50.051Z,39.534,39.546,-7.4,7.4,0.0,0.0,0.0,0.0,0.0,1.0,1.0,0.0,1.0,0.0,0.0,0.0,8.0,6.0,0.0,0.0,0.0,0.0,0.0,0.0,0.0,0.0,4.0,12.0,1.0,12.06,5.01,2.5,1.5,-2.3000000000000003,0.2,2.3000000000000003,301.0,-0.1,-12.0,2.9000000000000004,9.3,-82.9,0.0,0.0,220.0,0.0,22.200000000000003,30.0,30.0,33.1,300.0,300.0,29.5,35.5,31.700000000000003,31.3,33.6,4.96,2.0,4.96,0.16,0.0,0.0,1027.0,8228.0,0.0,0.0,0.0,0.0,0.0,1.0,0.0,0.0,0.0,-0.001,0.0,0.7000000000000001,0.0,-12.7,-12.8,0.0155,16.0,25903.0
2026-07-30T18:57:50.069Z,39.552,39.558,-7.4,7.4,0.0,0.0,0.0,0.0,0.0,1.0,1.0,0.0,1.0,0.0,0.0,0.0,8.0,6.0,0.0,0.0,0.0,0.0,0.0,0.0,0.0,0.0,5.0,12.0,1.0,12.06,5.01,2.5,1.5,-2.3000000000000003,0.3,2.3000000000000003,301.1,-0.1,-11.4,1.1,11.6,-82.9,0.0,0.0,219.8,0.0,22.200000000000003,30.0,30.0,33.1,300.0,300.0,29.5,35.5,31.700000000000003,31.3,33.6,4.95,2.0,4.96,0.16,0.0,0.0,1027.0,8228.0,0.0,0.0,0.0,0.0,0.0,1.0,0.0,0.0,0.0,-0.001,0.0,-1.2000000000000002,0.0,-14.1,-12.8,0.0155,16.0,25903.0
2026-07-30T18:57:50.075Z,39.558,39.57,-7.5,7.4,0.0,0.0,0.0,0.0,0.0,1.0,1.0,0.0,1.0,0.0,0.0,0.0,8.0,6.0,0.0,0.0,0.0,0.0,0.0,0.0,0.0,0.0,3.0,12.0,1.0,12.06,5.01,2.5,1.5,-2.3000000000000003,0.2,2.3000000000000003,301.0,-0.1,-10.9,3.5,9.9,-82.9,0.0,0.0,219.6,0.0,22.200000000000003,30.0,30.0,33.1,300.0,300.0,29.5,35.5,31.700000000000003,31.3,33.6,4.95,2.0,4.96,0.16,0.0,0.0,1027.0,8228.0,0.0,0.0,0.0,0.0,0.0,1.0,0.0,0.0,0.0,-0.001,0.0,1.2000000000000002,0.0,-13.8,-12.8,0.0153,16.0,25903.0
2026-07-30T18:57:50.087Z,39.57,39.582,-7.4,7.4,0.0,0.0,0.0,0.0,0.0,1.0,1.0,0.0,1.0,0.0,0.0,0.0,8.0,6.0,0.0,0.0,0.0,0.0,0.0,0.0,0.0,0.0,4.0,12.0,1.0,12.05,5.01,2.5,1.49,-2.2,0.2,2.3000000000000003,301.0,-0.1,-11.4,4.0,10.4,-82.9,0.0,0.0,219.6,0.0,21.9,30.0,30.0,33.1,300.0,300.0,29.700000000000003,35.5,31.8,31.3,33.7,4.96,2.0,4.96,0.16,0.0,0.0,1027.0,8228.0,0.0,0.0,0.0,0.0,0.0,1.0,0.0,0.0,0.0,-0.001,0.0,1.6,0.0,-14.9,-12.7,0.0153,16.0,25903.0
2026-07-30T18:57:50.099Z,39.582,39.594,-7.4,7.4,0.0,0.0,0.0,0.0,0.0,1.0,1.0,0.0,1.0,0.0,0.0,0.0,8.0,6.0,0.0,0.0,0.0,0.0,0.0,0.0,0.0,0.0,5.0,12.0,1.0,12.05,5.01,2.5,1.49,-2.3000000000000003,0.2,2.3000000000000003,301.1,-0.1,-12.0,2.9000000000000004,9.9,-82.9,0.0,0.0,219.7,0.0,21.9,30.0,30.0,33.1,300.0,300.0,29.700000000000003,35.5,31.8,31.3,33.7,4.95,2.0,4.96,0.16,0.0,0.0,1027.0,8228.0,0.0,0.0,0.0,0.0,0.0,1.0,0.0,0.0,0.0,-0.001,0.0,0.6000000000000001,0.0,-13.4,-12.9,0.0161,16.0,25903.0
2026-07-30T18:57:50.111Z,39.594,39.606,-7.5,7.4,0.0,0.0,0.0,0.0,0.0,1.0,1.0,0.0,1.0,0.0,0.0,0.0,8.0,6.0,0.0,0.0,0.0,0.0,0.0,0.0,0.0,0.0,6.0,12.0,1.0,12.05,5.01,2.5,1.49,-2.3000000000000003,0.2,2.3000000000000003,301.0,-0.1,-11.4,1.7000000000000002,10.4,-82.9,0.0,0.0,219.7,0.0,21.9,30.0,30.0,33.1,300.0,300.0,29.700000000000003,35.5,31.8,31.3,33.7,4.95,2.0,4.96,0.16,0.0,0.0,1027.0,8228.0,0.0,0.0,0.0,0.0,0.0,1.0,0.0,0.0,0.0,-0.001,0.0,-0.4,0.0,-13.2,-12.8,0.0156,16.0,25903.0
2026-07-30T18:57:50.123Z,39.606,39.618,-7.5,7.4,0.0,0.0,0.0,0.0,0.0,1.0,1.0,0.0,1.0,0.0,0.0,0.0,8.0,6.0,0.0,0.0,0.0,0.0,0.0,0.0,0.0,0.0,2.0,12.0,1.0,12.05,5.01,2.5,1.49,-2.2,0.2,2.2,301.1,-0.1,-11.4,2.9000000000000004,12.8,-82.9,0.0,0.0,219.7,0.0,21.9,30.0,30.0,33.1,300.0,300.0,29.700000000000003,35.5,31.8,31.3,33.7,4.95,2.0,4.96,0.16,0.0,0.0,1027.0,8228.0,0.0,0.0,0.0,0.0,0.0,1.0,0.0,0.0,0.0,-0.001,0.0,0.3,0.0,-11.6,-12.7,0.0157,16.0,25903.0
2026-07-30T18:57:50.134Z,39.617,39.63,-7.5,7.4,0.0,0.0,0.0,0.0,0.0,1.0,1.0,0.0,1.0,0.0,0.0,0.0,8.0,6.0,0.0,0.0,0.0,0.0,0.0,0.0,0.0,0.0,3.0,12.0,1.0,12.05,5.01,2.5,1.49,-2.2,0.2,2.3000000000000003,301.0,-0.1,-13.2,3.5,10.4,-82.9,0.0,0.0,219.7,0.0,21.9,30.0,30.0,33.1,300.0,300.0,29.700000000000003,35.5,31.8,31.3,33.7,4.96,2.0,4.96,0.16,0.0,0.0,1027.0,8228.0,0.0,0.0,0.0,0.0,0.0,1.0,0.0,0.0,0.0,-0.001,0.0,1.0,0.0,-14.5,-12.8,0.016,16.0,25903.0
2026-07-30T18:57:50.147Z,39.63,39.642,-7.4,7.4,0.0,0.0,0.0,0.0,0.0,1.0,1.0,0.0,1.0,0.0,0.0,0.0,8.0,6.0,0.0,0.0,0.0,0.0,0.0,0.0,0.0,0.0,4.0,12.0,1.0,12.05,5.01,2.5,1.49,-2.4000000000000004,0.3,2.4000000000000004,301.1,-0.1,-10.9,2.9000000000000004,10.4,-82.9,0.0,0.0,219.8,0.0,21.9,30.0,30.0,33.1,300.0,300.0,29.700000000000003,35.5,31.8,31.3,33.7,4.95,2.0,4.96,0.16,0.0,0.0,1027.0,8228.0,0.0,0.0,0.0,0.0,0.0,1.0,0.0,0.0,0.0,-0.001,0.0,-0.4,0.0,-9.4,-12.7,0.0153,16.0,25903.0
2026-07-30T18:57:50.159Z,39.642,39.654,-7.5,7.4,0.0,0.0,0.0,0.0,0.0,1.0,1.0,0.0,1.0,0.0,0.0,0.0,8.0,6.0,0.0,0.0,0.0,0.0,0.0,0.0,0.0,0.0,5.0,12.0,1.0,12.05,5.01,2.5,1.49,-2.4000000000000004,0.3,2.4000000000000004,301.0,-0.1,-11.4,0.5,9.3,-82.9,0.0,0.0,219.7,0.0,21.9,30.0,30.0,33.1,300.0,300.0,29.700000000000003,35.5,31.8,31.3,33.7,4.95,2.0,4.96,0.16,0.0,0.0,1027.0,8228.0,0.0,0.0,0.0,0.0,0.0,1.0,0.0,0.0,0.0,-0.001,0.0,-1.3,0.0,-11.0,-12.8,0.0165,16.0,25903.0
2026-07-30T18:57:50.171Z,39.654,39.666,-7.5,7.4,0.0,0.0,0.0,0.0,0.0,1.0,1.0,0.0,1.0,0.0,0.0,0.0,8.0,6.0,0.0,0.0,0.0,0.0,0.0,0.0,0.0,0.0,1.0,12.0,1.0,12.05,5.01,2.5,1.49,-2.4000000000000004,0.3,2.4000000000000004,301.0,-0.1,-12.6,1.1,8.1,-82.9,0.0,0.0,219.7,0.0,21.9,30.0,30.0,33.1,300.0,300.0,29.700000000000003,35.5,31.8,31.3,33.7,4.95,2.0,4.96,0.16,0.0,0.0,1027.0,8228.0,0.0,0.0,0.0,0.0,0.0,1.0,0.0,0.0,0.0,-0.001,0.0,-0.5,0.0,-10.1,-12.8,0.0162,16.0,25903.0
2026-07-30T18:57:50.184Z,39.667,39.678,-7.4,7.4,0.0,0.0,0.0,0.0,0.0,1.0,1.0,0.0,1.0,0.0,0.0,0.0,8.0,6.0,0.0,0.0,0.0,0.0,0.0,0.0,0.0,0.0,2.0,12.0,1.0,12.04,5.01,2.51,1.49,-2.4000000000000004,0.2,2.4000000000000004,301.1,-0.1,-12.6,2.3000000000000003,8.700000000000001,-82.9,0.0,0.0,219.8,0.0,22.200000000000003,30.0,30.0,33.2,300.0,300.0,29.700000000000003,35.5,31.8,31.3,33.7,4.95,2.0,4.96,0.16,0.0,0.0,1027.0,8228.0,0.0,0.0,0.0,0.0,0.0,1.0,0.0,0.0,0.0,-0.001,0.0,0.3,0.0,-11.6,-12.8,0.0164,16.0,25903.0
2026-07-30T18:57:50.195Z,39.678,39.69,-7.5,7.4,0.0,0.0,0.0,0.0,0.0,1.0,1.0,0.0,1.0,0.0,0.0,0.0,8.0,6.0,0.0,0.0,0.0,0.0,0.0,0.0,0.0,0.0,3.0,12.0,1.0,12.04,5.01,2.51,1.49,-2.3000000000000003,0.2,2.3000000000000003,301.0,-0.1,-13.2,2.3000000000000003,9.9,-82.9,0.0,0.0,219.7,0.0,22.200000000000003,30.0,30.0,33.2,300.0,300.0,29.700000000000003,35.5,31.8,31.3,33.7,4.95,2.0,4.97,0.17,0.0,0.0,1027.0,8228.0,0.0,0.0,0.0,0.0,0.0,1.0,0.0,0.0,0.0,-0.001,0.0,0.1,0.0,-12.9,-12.8,0.0161,16.0,25903.0
2026-07-30T18:57:50.207Z,39.69,39.702,-7.5,7.4,0.0,0.0,0.0,0.0,0.0,1.0,1.0,0.0,1.0,0.0,0.0,0.0,8.0,6.0,0.0,0.0,0.0,0.0,0.0,0.0,0.0,0.0,4.0,12.0,1.0,12.04,5.01,2.51,1.49,-2.3000000000000003,0.3,2.3000000000000003,301.1,-0.1,-12.0,1.7000000000000002,9.9,-82.9,0.0,0.0,219.6,0.0,22.200000000000003,30.0,30.0,33.2,300.0,300.0,29.700000000000003,35.5,31.8,31.3,33.7,4.96,2.0,4.96,0.17,0.0,0.0,1027.0,8228.0,0.0,0.0,0.0,0.0,0.0,1.0,0.0,0.0,0.0,-0.001,0.0,-0.3,0.0,-12.5,-12.8,0.0158,16.0,25903.0
2026-07-30T18:57:50.220Z,39.703,39.714,-7.5,7.4,0.0,0.0,0.0,0.0,0.0,1.0,1.0,0.0,1.0,0.0,0.0,0.0,8.0,6.0,0.0,0.0,0.0,0.0,0.0,0.0,0.0,0.0,6.0,12.0,1.0,12.04,5.01,2.51,1.49,-2.4000000000000004,0.3,2.4000000000000004,301.1,-0.1,-12.6,1.1,9.3,-82.9,0.0,0.0,219.6,0.0,22.200000000000003,30.0,30.0,33.2,300.0,300.0,29.700000000000003,35.5,31.8,31.3,33.7,4.96,2.0,4.97,0.16,0.0,0.0,1027.0,8228.0,0.0,0.0,0.0,0.0,0.0,1.0,0.0,0.0,0.0,-0.001,0.0,-0.7000000000000001,0.0,-11.4,-12.7,0.0158,16.0,25903.0
2026-07-30T18:57:50.231Z,39.714,39.726,-7.4,7.4,0.0,0.0,0.0,0.0,0.0,1.0,1.0,0.0,1.0,0.0,0.0,0.0,8.0,6.0,0.0,0.0,0.0,0.0,0.0,0.0,0.0,0.0,6.0,12.0,1.0,12.04,5.01,2.51,1.49,-2.4000000000000004,0.2,2.4000000000000004,301.0,-0.1,-12.0,2.3000000000000003,8.700000000000001,-82.9,0.0,0.0,219.6,0.0,22.200000000000003,30.0,30.0,33.2,300.0,300.0,29.700000000000003,35.5,31.8,31.3,33.7,4.95,2.0,4.97,0.16,0.0,0.0,1027.0,8228.0,0.0,0.0,0.0,0.0,0.0,1.0,0.0,0.0,0.0,-0.001,0.0,0.3,0.0,-11.6,-12.8,0.0162,16.0,25903.0
2026-07-30T18:57:50.242Z,39.725,39.738,-7.5,7.4,0.0,0.0,0.0,0.0,0.0,1.0,1.0,0.0,1.0,0.0,0.0,0.0,8.0,6.0,0.0,0.0,0.0,0.0,0.0,0.0,0.0,0.0,1.0,12.0,1.0,12.04,5.01,2.51,1.49,-2.3000000000000003,0.3,2.3000000000000003,301.1,-0.1,-12.0,1.7000000000000002,11.0,-82.9,0.0,0.0,219.7,0.0,22.200000000000003,30.0,30.0,33.2,300.0,300.0,29.700000000000003,35.5,31.8,31.3,33.7,4.96,2.0,4.96,0.16,0.0,0.0,1027.0,8228.0,0.0,0.0,0.0,0.0,0.0,1.0,0.0,0.0,0.0,-0.001,0.0,-0.6000000000000001,0.0,-13.8,-12.8,0.0161,16.0,25903.0
2026-07-30T18:57:50.255Z,39.738,39.75,-7.4,7.4,0.0,0.0,0.0,0.0,0.0,1.0,1.0,0.0,1.0,0.0,0.0,0.0,8.0,6.0,0.0,0.0,0.0,0.0,0.0,0.0,0.0,0.0,2.0,12.0,1.0,12.04,5.01,2.51,1.49,-2.3000000000000003,0.2,2.3000000000000003,301.1,-0.1,-12.0,2.3000000000000003,10.4,-82.80000000000001,0.0,0.0,219.7,0.0,22.200000000000003,30.0,30.0,33.2,300.0,300.0,29.700000000000003,35.5,31.8,31.3,33.7,4.95,2.0,4.97,0.16,0.0,0.0,1027.0,8228.0,0.0,0.0,0.0,0.0,0.0,1.0,0.0,0.0,0.0,-0.001,0.0,0.0,0.0,-13.6,-12.7,0.0155,16.0,25903.0
2026-07-30T18:57:50.267Z,39.75,39.762,-7.4,7.4,0.0,0.0,0.0,0.0,0.0,1.0,1.0,0.0,1.0,0.0,0.0,0.0,8.0,6.0,0.0,0.0,0.0,0.0,0.0,0.0,0.0,0.0,3.0,12.0,1.0,12.04,5.01,2.51,1.49,-2.3000000000000003,0.2,2.3000000000000003,300.90000000000003,-0.1,-11.4,4.0,10.4,-82.80000000000001,0.0,0.0,219.5,0.0,22.200000000000003,30.0,30.0,33.2,300.0,300.0,29.700000000000003,35.5,31.8,31.3,33.7,4.95,2.0,4.97,0.16,0.0,0.0,1027.0,8228.0,0.0,0.0,0.0,0.0,0.0,1.0,0.0,0.0,0.0,-0.001,0.0,1.6,0.0,-14.9,-12.8,0.0156,16.0,25903.0
2026-07-30T18:57:50.279Z,39.762,39.774,-7.4,7.4,0.0,0.0,0.0,0.0,0.0,1.0,1.0,0.0,1.0,0.0,0.0,0.0,8.0,6.0,0.0,0.0,0.0,0.0,0.0,0.0,0.0,0.0,4.0,12.0,1.0,12.04,5.01,2.51,1.49,-2.3000000000000003,0.2,2.3000000000000003,301.0,-0.1,-11.4,2.9000000000000004,10.4,-82.80000000000001,0.0,0.0,219.5,0.0,22.200000000000003,30.0,30.0,33.2,300.0,300.0,29.700000000000003,35.5,31.8,31.3,33.7,4.95,2.0,4.97,0.16,0.0,0.0,1027.0,8228.0,0.0,0.0,0.0,0.0,0.0,1.0,0.0,0.0,0.0,-0.001,0.0,0.5,0.0,-14.0,-12.9,0.0155,16.0,25903.0
2026-07-30T18:57:50.291Z,39.774,39.786,-7.5,7.4,0.0,0.0,0.0,0.0,0.0,1.0,1.0,0.0,1.0,0.0,0.0,0.0,8.0,6.0,0.0,0.0,0.0,0.0,0.0,0.0,0.0,0.0,5.0,12.0,1.0,12.05,5.0200000000000005,2.5,1.49,-2.2,0.2,2.2,301.1,-0.1,-10.3,2.9000000000000004,11.6,-82.80000000000001,0.0,0.0,219.7,0.0,21.9,30.1,30.1,33.2,300.0,300.0,29.5,35.5,31.8,31.3,33.7,4.96,2.0,4.96,0.16,0.0,0.0,1027.0,8228.0,0.0,0.0,0.0,0.0,0.0,1.0,0.0,0.0,0.0,-0.001,0.0,0.3,0.0,-15.4,-12.8,0.0157,16.0,25903.0
2026-07-30T18:57:50.302Z,39.785,39.798,-7.5,7.4,0.0,0.0,0.0,0.0,0.0,1.0,1.0,0.0,1.0,0.0,0.0,0.0,8.0,6.0,0.0,0.0,0.0,0.0,0.0,0.0,0.0,0.0,1.0,12.0,1.0,12.05,5.0200000000000005,2.5,1.49,-2.3000000000000003,0.2,2.3000000000000003,301.0,-0.1,-10.3,2.3000000000000003,9.9,-82.80000000000001,0.0,0.0,219.7,0.0,21.9,30.1,30.1,33.2,300.0,300.0,29.5,35.5,31.8,31.3,33.7,4.95,2.0,4.96,0.16,0.0,0.0,1027.0,8228.0,0.0,0.0,0.0,0.0,0.0,1.0,0.0,0.0,0.0,-0.001,0.0,0.1,0.0,-12.9,-12.7,0.0152,16.0,25903.0
2026-07-30T18:57:50.315Z,39.798,39.81,-7.5,7.4,0.0,0.0,0.0,0.0,0.0,1.0,1.0,0.0,1.0,0.0,0.0,0.0,8.0,6.0,0.0,0.0,0.0,0.0,0.0,0.0,0.0,0.0,2.0,12.0,1.0,12.05,5.0200000000000005,2.5,1.49,-2.3000000000000003,0.2,2.3000000000000003,301.1,-0.1,-11.4,2.9000000000000004,9.9,-82.80000000000001,0.0,0.0,219.8,0.0,21.9,30.1,30.1,33.2,300.0,300.0,29.5,35.5,31.8,31.3,33.7,4.95,2.0,4.96,0.16,0.0,0.0,1027.0,8228.0,0.0,0.0,0.0,0.0,0.0,1.0,0.0,0.0,0.0,-0.001,0.0,0.6000000000000001,0.0,-13.4,-12.7,0.0156,16.0,25903.0
2026-07-30T18:57:50.327Z,39.81,39.822,-7.4,7.4,0.0,0.0,0.0,0.0,0.0,1.0,1.0,0.0,1.0,0.0,0.0,0.0,8.0,6.0,0.0,0.0,0.0,0.0,0.0,0.0,0.0,0.0,4.0,12.0,1.0,12.05,5.0200000000000005,2.5,1.49,-2.2,0.2,2.2,301.1,-0.1,-11.4,3.5,11.0,-82.80000000000001,0.0,0.0,219.8,0.0,21.9,30.1,30.1,33.2,300.0,300.0,29.5,35.5,31.8,31.3,33.7,4.95,2.0,4.96,0.16,0.0,0.0,1027.0,8228.0,0.0,0.0,0.0,0.0,0.0,1.0,0.0,0.0,0.0,-0.001,0.0,0.9,0.0,-15.1,-12.7,0.0155,16.0,25903.0
2026-07-30T18:57:50.339Z,39.822,39.834,-7.4,7.4,0.0,0.0,0.0,0.0,0.0,1.0,1.0,0.0,1.0,0.0,0.0,0.0,8.0,6.0,0.0,0.0,0.0,0.0,0.0,0.0,0.0,0.0,5.0,12.0,1.0,12.05,5.0200000000000005,2.5,1.49,-2.3000000000000003,0.2,2.3000000000000003,301.0,-0.1,-11.4,2.3000000000000003,10.4,-82.80000000000001,0.0,0.0,219.7,0.0,21.9,30.1,30.1,33.2,300.0,300.0,29.5,35.5,31.8,31.3,33.7,4.96,2.0,4.96,0.16,0.0,0.0,1027.0,8228.0,0.0,0.0,0.0,0.0,0.0,1.0,0.0,0.0,0.0,-0.001,0.0,0.0,0.0,-13.6,-12.8,0.0152,16.0,25903.0
2026-07-30T18:57:50.351Z,39.834,39.846,-7.5,7.4,0.0,0.0,0.0,0.0,0.0,1.0,1.0,0.0,1.0,0.0,0.0,0.0,8.0,6.0,0.0,0.0,0.0,0.0,0.0,0.0,0.0,0.0,6.0,12.0,1.0,12.05,5.0200000000000005,2.5,1.49,-2.3000000000000003,0.2,2.3000000000000003,301.1,-0.1,-10.9,2.3000000000000003,9.9,-82.80000000000001,0.0,0.0,219.6,0.0,21.9,30.1,30.1,33.2,300.0,300.0,29.5,35.5,31.8,31.3,33.7,4.96,2.0,4.96,0.16,0.0,0.0,1027.0,8228.0,0.0,0.0,0.0,0.0,0.0,1.0,0.0,0.0,0.0,-0.001,0.0,0.1,0.0,-12.9,-12.8,0.0157,16.0,25903.0
2026-07-30T18:57:50.363Z,39.846,39.858,-7.5,7.4,0.0,0.0,0.0,0.0,0.0,1.0,1.0,0.0,1.0,0.0,0.0,0.0,8.0,6.0,0.0,0.0,0.0,0.0,0.0,0.0,0.0,0.0,2.0,12.0,1.0,12.05,5.0200000000000005,2.5,1.49,-2.2,0.2,2.2,301.2,-0.1,-10.3,4.6000000000000005,11.6,-82.80000000000001,0.0,0.0,219.6,0.0,21.9,30.1,30.1,33.2,300.0,300.0,29.5,35.5,31.8,31.3,33.7,4.96,2.0,4.96,0.16,0.0,0.0,1027.0,8228.0,0.0,0.0,0.0,0.0,0.0,1.0,0.0,0.0,0.0,-0.001,0.0,1.9,0.0,-16.7,-12.8,0.0158,16.0,25903.0
2026-07-30T18:57:50.374Z,39.857,39.87,-7.5,7.4,0.0,0.0,0.0,0.0,0.0,1.0,1.0,0.0,1.0,0.0,0.0,0.0,8.0,6.0,0.0,0.0,0.0,0.0,0.0,0.0,0.0,0.0,3.0,12.0,1.0,12.05,5.0200000000000005,2.5,1.49,-2.2,0.2,2.3000000000000003,301.0,-0.1,-11.4,2.9000000000000004,10.4,-82.80000000000001,0.0,0.0,219.7,0.0,21.9,30.1,30.1,33.2,300.0,300.0,29.5,35.5,31.8,31.3,33.7,4.96,2.0,4.96,0.16,0.0,0.0,1027.0,8228.0,0.0,0.0,0.0,0.0,0.0,1.0,0.0,0.0,0.0,-0.001,0.0,0.5,0.0,-14.0,-12.7,0.0149,16.0,25903.0
2026-07-30T18:57:50.390Z,39.873,39.882,-7.4,7.4,0.0,0.0,0.0,0.0,0.0,1.0,1.0,0.0,1.0,0.0,0.0,0.0,8.0,6.0,0.0,0.0,0.0,0.0,0.0,0.0,0.0,0.0,3.0,12.0,1.0,12.05,5.01,2.5,1.5,-2.3000000000000003,0.2,2.3000000000000003,301.1,0.0,-11.4,2.3000000000000003,9.3,-82.80000000000001,0.0,0.0,219.8,0.0,22.1,30.1,30.1,33.2,300.0,300.0,29.6,35.6,31.8,31.3,33.7,4.95,2.0,4.96,0.16,0.0,0.0,1027.0,8228.0,0.0,0.0,0.0,0.0,0.0,1.0,0.0,0.0,0.0,-0.001,0.0,0.2,0.0,-12.3,-12.7,0.0153,16.0,25903.0
2026-07-30T18:57:50.399Z,39.882,39.894,-7.5,7.4,0.0,0.0,0.0,0.0,0.0,1.0,1.0,0.0,1.0,0.0,0.0,0.0,8.0,6.0,0.0,0.0,0.0,0.0,0.0,0.0,0.0,0.0,1.0,12.0,1.0,12.05,5.01,2.5,1.5,-2.3000000000000003,0.2,2.3000000000000003,301.0,-0.1,-12.0,2.9000000000000004,9.9,-82.80000000000001,0.0,0.0,219.7,0.0,22.1,30.1,30.1,33.2,300.0,300.0,29.6,35.6,31.8,31.3,33.7,4.95,1.99,4.97,0.16,0.0,0.0,1027.0,8228.0,0.0,0.0,0.0,0.0,0.0,1.0,0.0,0.0,0.0,-0.001,0.0,0.6000000000000001,0.0,-13.4,-12.8,0.0158,16.0,25903.0
2026-07-30T18:57:50.410Z,39.893,39.906,-7.5,7.4,0.0,0.0,0.0,0.0,0.0,1.0,1.0,0.0,1.0,0.0,0.0,0.0,8.0,6.0,0.0,0.0,0.0,0.0,0.0,0.0,0.0,0.0,2.0,12.0,1.0,12.05,5.01,2.5,1.5,-2.3000000000000003,0.2,2.3000000000000003,301.1,0.0,-11.4,2.9000000000000004,8.700000000000001,-82.80000000000001,0.0,0.0,219.6,0.0,22.1,30.1,30.1,33.2,300.0,300.0,29.6,35.6,31.8,31.3,33.7,4.95,2.0,4.96,0.16,0.0,0.0,1027.0,8228.0,0.0,0.0,0.0,0.0,0.0,1.0,0.0,0.0,0.0,-0.001,0.0,0.9,0.0,-12.0,-12.7,0.0155,16.0,25903.0
2026-07-30T18:57:50.423Z,39.906,39.918,-7.4,7.4,0.0,0.0,0.0,0.0,0.0,1.0,1.0,0.0,1.0,0.0,0.0,0.0,8.0,6.0,0.0,0.0,0.0,0.0,0.0,0.0,0.0,0.0,3.0,12.0,1.0,12.05,5.01,2.5,1.5,-2.3000000000000003,0.3,2.3000000000000003,301.1,0.0,-11.4,1.7000000000000002,9.9,-82.80000000000001,0.0,0.0,219.7,0.0,22.1,30.1,30.1,33.2,300.0,300.0,29.6,35.6,31.8,31.3,33.7,4.95,2.0,4.96,0.16,0.0,0.0,1027.0,8228.0,0.0,0.0,0.0,0.0,0.0,1.0,0.0,0.0,0.0,-0.001,0.0,-0.3,0.0,-12.5,-12.8,0.0159,16.0,25903.0
2026-07-30T18:57:50.435Z,39.918,39.93,-7.4,7.4,0.0,0.0,0.0,0.0,0.0,1.0,1.0,0.0,1.0,0.0,0.0,0.0,8.0,6.0,0.0,0.0,0.0,0.0,0.0,0.0,0.0,0.0,5.0,12.0,1.0,12.05,5.01,2.5,1.5,-2.3000000000000003,0.2,2.3000000000000003,301.0,0.0,-12.0,2.3000000000000003,9.3,-82.80000000000001,0.0,0.0,219.7,0.0,22.1,30.1,30.1,33.2,300.0,300.0,29.6,35.6,31.8,31.3,33.7,4.96,2.0,4.97,0.16,0.0,0.0,1027.0,8228.0,0.0,0.0,0.0,0.0,0.0,1.0,0.0,0.0,0.0,-0.001,0.0,0.2,0.0,-12.3,-12.8,0.0158,16.0,25903.0
2026-07-30T18:57:50.447Z,39.93,39.942,-7.5,7.4,0.0,0.0,0.0,0.0,0.0,1.0,1.0,0.0,1.0,0.0,0.0,0.0,8.0,6.0,0.0,0.0,0.0,0.0,0.0,0.0,0.0,0.0,6.0,12.0,1.0,12.05,5.01,2.5,1.5,-2.3000000000000003,0.2,2.3000000000000003,301.1,-0.1,-13.2,1.7000000000000002,9.3,-82.80000000000001,0.0,0.0,219.8,0.0,22.1,30.1,30.1,33.2,300.0,300.0,29.6,35.6,31.8,31.3,33.7,4.96,2.0,4.97,0.16,0.0,0.0,1027.0,8228.0,0.0,0.0,0.0,0.0,0.0,1.0,0.0,0.0,0.0,-0.001,0.0,-0.2,0.0,-11.8,-12.8,0.0159,16.0,25903.0
2026-07-30T18:57:50.459Z,39.942,39.954,-7.5,7.4,0.0,0.0,0.0,0.0,0.0,1.0,1.0,0.0,1.0,0.0,0.0,0.0,8.0,6.0,0.0,0.0,0.0,0.0,0.0,0.0,0.0,0.0,1.0,12.0,1.0,12.05,5.01,2.5,1.5,-2.4000000000000004,0.3,2.4000000000000004,301.1,-0.1,-12.6,1.1,8.700000000000001,-82.80000000000001,0.0,0.0,219.8,0.0,22.1,30.1,30.1,33.2,300.0,300.0,29.6,35.6,31.8,31.3,33.7,4.96,2.0,4.96,0.16,0.0,0.0,1027.0,8228.0,0.0,0.0,0.0,0.0,0.0,1.0,0.0,0.0,0.0,-0.001,0.0,-0.6000000000000001,0.0,-10.7,-12.7,0.0159,16.0,25903.0
2026-07-30T18:57:50.471Z,39.954,39.966,-7.4,7.4,0.0,0.0,0.0,0.0,0.0,1.0,1.0,0.0,1.0,0.0,0.0,0.0,8.0,6.0,0.0,0.0,0.0,0.0,0.0,0.0,0.0,0.0,3.0,12.0,1.0,12.05,5.01,2.5,1.5,-2.4000000000000004,0.3,2.4000000000000004,301.0,-0.1,-12.6,1.1,7.5,-82.80000000000001,0.0,0.0,219.7,0.0,22.1,30.1,30.1,33.2,300.0,300.0,29.6,35.6,31.8,31.3,33.7,4.95,2.0,4.96,0.16,0.0,0.0,1027.0,8228.0,0.0,0.0,0.0,0.0,0.0,1.0,0.0,0.0,0.0,-0.001,0.0,-0.4,0.0,-9.4,-12.7,0.0161,16.0,25903.0
2026-07-30T18:57:50.483Z,39.966,39.978,-7.4,7.4,0.0,0.0,0.0,0.0,0.0,1.0,1.0,0.0,1.0,0.0,0.0,0.0,8.0,6.0,0.0,0.0,0.0,0.0,0.0,0.0,0.0,0.0,4.0,12.0,1.0,12.05,5.01,2.5,1.5,-2.3000000000000003,0.2,2.3000000000000003,301.0,-0.1,-12.0,2.9000000000000004,9.3,-82.9,0.0,0.0,219.8,0.0,22.1,30.1,30.1,33.2,300.0,300.0,29.6,35.6,31.8,31.3,33.7,4.96,2.0,4.97,0.16,0.0,0.0,1027.0,8228.0,0.0,0.0,0.0,0.0,0.0,1.0,0.0,0.0,0.0,-0.001,0.0,0.7000000000000001,0.0,-12.7,-12.8,0.0165,16.0,25903.0
2026-07-30T18:57:50.495Z,39.978,39.99,-7.5,7.4,0.0,0.0,0.0,0.0,0.0,1.0,1.0,0.0,1.0,0.0,0.0,0.0,8.0,6.0,0.0,0.0,0.0,0.0,0.0,0.0,0.0,0.0,5.0,12.0,1.0,12.05,5.01,2.51,1.49,-2.3000000000000003,0.3,2.3000000000000003,301.1,-0.1,-12.6,0.5,10.4,-82.9,0.0,0.0,219.8,0.0,22.1,30.1,30.1,33.2,300.0,300.0,29.6,35.5,31.8,31.3,33.7,4.96,2.0,4.96,0.16,0.0,0.0,1027.0,8228.0,0.0,0.0,0.0,0.0,0.0,1.0,0.0,0.0,0.0,-0.001,0.0,-1.5,0.0,-12.3,-12.9,0.0158,16.0,25903.0
2026-07-30T18:57:50.507Z,39.99,40.002,-7.5,7.4,0.0,0.0,0.0,0.0,0.0,1.0,1.0,0.0,1.0,0.0,0.0,0.0,8.0,6.0,0.0,0.0,0.0,0.0,0.0,0.0,0.0,0.0,1.0,12.0,1.0,12.05,5.01,2.51,1.49,-2.3000000000000003,0.3,2.4000000000000004,301.0,-0.1,-12.0,1.1,9.3,-82.80000000000001,0.0,0.0,219.7,0.0,22.1,30.1,30.1,33.2,300.0,300.0,29.6,35.5,31.8,31.3,33.7,4.96,2.0,4.96,0.16,0.0,0.0,1027.0,8228.0,0.0,0.0,0.0,0.0,0.0,1.0,0.0,0.0,0.0,-0.001,0.0,-0.7000000000000001,0.0,-11.4,-12.8,0.0159,16.0,25903.0
2026-07-30T18:57:50.519Z,40.002,40.014,-7.4,7.4,0.0,0.0,0.0,0.0,0.0,1.0,1.0,0.0,1.0,0.0,0.0,0.0,8.0,6.0,0.0,0.0,0.0,0.0,0.0,0.0,0.0,0.0,2.0,12.0,1.0,12.05,5.01,2.51,1.49,-2.3000000000000003,0.3,2.3000000000000003,301.1,-0.1,-12.6,2.3000000000000003,11.0,-82.80000000000001,0.0,0.0,219.7,0.0,22.1,30.1,30.1,33.2,300.0,300.0,29.6,35.5,31.8,31.3,33.7,4.95,2.0,4.96,0.16,0.0,0.0,1027.0,8228.0,0.0,0.0,0.0,0.0,0.0,1.0,0.0,0.0,0.0,-0.001,0.0,0.0,0.0,-14.3,-12.7,0.016,16.0,25903.0
2026-07-30T18:57:50.531Z,40.014,40.026,-7.4,7.4,0.0,0.0,0.0,0.0,0.0,1.0,1.0,0.0,1.0,0.0,0.0,0.0,8.0,6.0,0.0,0.0,0.0,0.0,0.0,0.0,0.0,0.0,4.0,12.0,1.0,12.05,5.01,2.51,1.49,-2.4000000000000004,0.3,2.4000000000000004,301.1,-0.1,-12.0,1.7000000000000002,8.700000000000001,-82.80000000000001,0.0,0.0,219.6,0.0,22.1,30.1,30.1,33.2,300.0,300.0,29.6,35.5,31.8,31.3,33.7,4.96,2.0,4.96,0.16,0.0,0.0,1027.0,8228.0,0.0,0.0,0.0,0.0,0.0,1.0,0.0,0.0,0.0,-0.001,0.0,-0.1,0.0,-11.2,-12.8,0.0155,16.0,25903.0
2026-07-30T18:57:50.543Z,40.026,40.038,-7.5,7.4,0.0,0.0,0.0,0.0,0.0,1.0,1.0,0.0,1.0,0.0,0.0,0.0,8.0,6.0,0.0,0.0,0.0,0.0,0.0,0.0,0.0,0.0,5.0,12.0,1.0,12.05,5.01,2.51,1.49,-2.2,0.2,2.3000000000000003,301.0,-0.1,-10.9,2.3000000000000003,11.0,-82.80000000000001,0.0,0.0,219.6,0.0,22.1,30.1,30.1,33.2,300.0,300.0,29.6,35.5,31.8,31.3,33.7,4.95,2.0,4.96,0.16,0.0,0.0,1027.0,8228.0,0.0,0.0,0.0,0.0,0.0,1.0,0.0,0.0,0.0,-0.001,0.0,0.0,0.0,-14.3,-12.8,0.0162,16.0,25903.0
2026-07-30T18:57:50.555Z,40.038,40.05,-7.5,7.4,0.0,0.0,0.0,0.0,0.0,1.0,1.0,0.0,1.0,0.0,0.0,0.0,8.0,6.0,0.0,0.0,0.0,0.0,0.0,0.0,0.0,0.0,6.0,12.0,1.0,12.05,5.01,2.51,1.49,-2.3000000000000003,0.2,2.3000000000000003,301.0,-0.1,-12.0,2.3000000000000003,9.9,-82.80000000000001,0.0,0.0,219.6,0.0,22.1,30.1,30.1,33.2,300.0,300.0,29.6,35.5,31.8,31.3,33.7,4.95,2.0,4.96,0.16,0.0,0.0,1027.0,8228.0,0.0,0.0,0.0,0.0,0.0,1.0,0.0,0.0,0.0,-0.001,0.0,0.1,0.0,-12.9,-12.7,0.0154,16.0,25903.0
2026-07-30T18:57:50.567Z,40.05,40.062,-7.5,7.4,0.0,0.0,0.0,0.0,0.0,1.0,1.0,0.0,1.0,0.0,0.0,0.0,8.0,6.0,0.0,0.0,0.0,0.0,0.0,0.0,0.0,0.0,1.0,12.0,1.0,12.05,5.01,2.51,1.49,-2.3000000000000003,0.2,2.3000000000000003,301.1,-0.1,-10.9,4.0,9.9,-82.80000000000001,0.0,0.0,219.6,0.0,22.1,30.1,30.1,33.2,300.0,300.0,29.6,35.5,31.8,31.3,33.7,4.96,2.0,4.96,0.16,0.0,0.0,1027.0,8228.0,0.0,0.0,0.0,0.0,0.0,1.0,0.0,0.0,0.0,-0.001,0.0,1.7000000000000002,0.0,-14.2,-12.8,0.0155,16.0,25903.0
2026-07-30T18:57:50.579Z,40.062,40.074,-7.5,7.4,0.0,0.0,0.0,0.0,0.0,1.0,1.0,0.0,1.0,0.0,0.0,0.0,8.0,6.0,0.0,0.0,0.0,0.0,0.0,0.0,0.0,0.0,2.0,12.0,1.0,12.05,5.01,2.51,1.49,-2.2,0.2,2.2,301.0,-0.1,-10.3,2.9000000000000004,11.0,-82.80000000000001,0.0,0.0,219.8,0.0,22.1,30.1,30.1,33.2,300.0,300.0,29.6,35.5,31.8,31.3,33.7,4.95,2.0,4.97,0.16,0.0,0.0,1027.0,8228.0,0.0,0.0,0.0,0.0,0.0,1.0,0.0,0.0,0.0,-0.001,0.0,0.4,0.0,-14.7,-12.8,0.0156,16.0,25903.0
2026-07-30T18:57:50.592Z,40.075,40.086,-7.4,7.4,0.0,0.0,0.0,0.0,0.0,1.0,1.0,0.0,1.0,0.0,0.0,0.0,8.0,6.0,0.0,0.0,0.0,0.0,0.0,0.0,0.0,0.0,3.0,12.0,1.0,12.06,5.01,2.5,1.49,-2.3000000000000003,0.2,2.3000000000000003,301.1,-0.1,-10.9,3.5,9.9,-82.80000000000001,0.0,0.0,220.0,0.0,22.200000000000003,30.1,30.1,33.300000000000004,300.0,300.0,29.6,35.5,31.8,31.3,33.7,4.95,2.0,4.96,0.16,0.0,0.0,1027.0,8228.0,0.0,0.0,0.0,0.0,0.0,1.0,0.0,0.0,0.0,-0.001,0.0,1.1,0.0,-13.8,-12.7,0.0156,16.0,25903.0
2026-07-30T18:57:50.603Z,40.086,40.098,-7.4,7.4,0.0,0.0,0.0,0.0,0.0,1.0,1.0,0.0,1.0,0.0,0.0,0.0,8.0,6.0,0.0,0.0,0.0,0.0,0.0,0.0,0.0,0.0,5.0,12.0,1.0,12.06,5.01,2.5,1.49,-2.3000000000000003,0.2,2.3000000000000003,301.1,-0.1,-12.0,2.9000000000000004,10.4,-82.80000000000001,0.0,0.0,219.8,0.0,22.200000000000003,30.1,30.1,33.300000000000004,300.0,300.0,29.6,35.5,31.8,31.3,33.7,4.95,2.0,4.96,0.16,0.0,0.0,1027.0,8228.0,0.0,0.0,0.0,0.0,0.0,1.0,0.0,0.0,0.0,-0.001,0.0,0.5,0.0,-14.0,-12.8,0.0157,16.0,25903.0
2026-07-30T18:57:50.614Z,40.097,40.11,-7.4,7.4,0.0,0.0,0.0,0.0,0.0,1.0,1.0,0.0,1.0,0.0,0.0,0.0,8.0,6.0,0.0,0.0,0.0,0.0,0.0,0.0,0.0,0.0,6.0,12.0,1.0,12.06,5.01,2.5,1.49,-2.3000000000000003,0.2,2.3000000000000003,301.0,-0.1,-11.4,2.3000000000000003,10.4,-82.80000000000001,0.0,0.0,219.7,0.0,22.200000000000003,30.1,30.1,33.300000000000004,300.0,300.0,29.6,35.5,31.8,31.3,33.7,4.95,2.0,4.96,0.16,0.0,0.0,1027.0,8228.0,0.0,0.0,0.0,0.0,0.0,1.0,0.0,0.0,0.0,-0.001,0.0,0.0,0.0,-13.6,-12.8,0.0154,16.0,25903.0
2026-07-30T18:57:50.627Z,40.11,40.122,-7.4,7.4,0.0,0.0,0.0,0.0,0.0,1.0,1.0,0.0,1.0,0.0,0.0,0.0,8.0,6.0,0.0,0.0,0.0,0.0,0.0,0.0,0.0,0.0,1.0,12.0,1.0,12.06,5.01,2.5,1.49,-2.2,0.2,2.2,301.1,-0.1,-10.9,4.0,11.0,-82.9,0.0,0.0,219.6,0.0,22.200000000000003,30.1,30.1,33.300000000000004,300.0,300.0,29.6,35.5,31.8,31.3,33.7,4.95,2.0,4.96,0.16,0.0,0.0,1027.0,8228.0,0.0,0.0,0.0,0.0,0.0,1.0,0.0,0.0,0.0,-0.001,0.0,1.4,0.0,-15.6,-12.8,0.0159,16.0,25903.0
2026-07-30T18:57:50.639Z,40.122,40.134,-7.4,7.4,0.0,0.0,0.0,0.0,0.0,1.0,1.0,0.0,1.0,0.0,0.0,0.0,8.0,6.0,0.0,0.0,0.0,0.0,0.0,0.0,0.0,0.0,2.0,12.0,1.0,12.06,5.01,2.5,1.49,-2.3000000000000003,0.3,2.4000000000000004,301.1,-0.1,-13.2,1.1,9.9,-82.9,0.0,0.0,219.8,0.0,22.200000000000003,30.1,30.1,33.300000000000004,300.0,300.0,29.6,35.5,31.8,31.3,33.7,4.96,2.0,4.96,0.16,0.0,0.0,1027.0,8228.0,0.0,0.0,0.0,0.0,0.0,1.0,0.0,0.0,0.0,-0.001,0.0,-0.9,0.0,-12.1,-12.8,0.0158,16.0,25903.0
2026-07-30T18:57:50.650Z,40.133,40.146,-7.5,7.4,0.0,0.0,0.0,0.0,0.0,1.0,1.0,0.0,1.0,0.0,0.0,0.0,8.0,6.0,0.0,0.0,0.0,0.0,0.0,0.0,0.0,0.0,3.0,12.0,1.0,12.06,5.01,2.5,1.49,-2.3000000000000003,0.2,2.3000000000000003,301.0,-0.1,-12.0,2.3000000000000003,9.9,-82.9,0.0,0.0,219.8,0.0,22.200000000000003,30.1,30.1,33.300000000000004,300.0,300.0,29.6,35.5,31.8,31.3,33.7,4.96,2.0,4.96,0.16,0.0,0.0,1027.0,8228.0,0.0,0.0,0.0,0.0,0.0,1.0,0.0,0.0,0.0,-0.001,0.0,0.6000000000000001,0.0,-13.4,-12.8,0.016,16.0,25903.0
2026-07-30T18:57:50.663Z,40.146,40.158,-7.5,7.4,0.0,0.0,0.0,0.0,0.0,1.0,1.0,0.0,1.0,0.0,0.0,0.0,8.0,6.0,0.0,0.0,0.0,0.0,0.0,0.0,0.0,0.0,4.0,12.0,1.0,12.06,5.01,2.5,1.49,-2.5,0.3,2.5,301.1,-0.1,-10.9,2.3000000000000003,9.9,-82.9,0.0,0.0,219.8,0.0,22.200000000000003,30.1,30.1,33.300000000000004,300.0,300.0,29.6,35.5,31.8,31.3,33.7,4.95,2.0,4.96,0.16,0.0,0.0,1027.0,8228.0,0.0,0.0,0.0,0.0,0.0,1.0,0.0,0.0,0.0,-0.001,0.0,-1.3,0.0,-7.9,-12.8,0.0157,16.0,25903.0
2026-07-30T18:57:50.674Z,40.157,40.17,-7.5,7.4,0.0,0.0,0.0,0.0,0.0,1.0,1.0,0.0,1.0,0.0,0.0,0.0,8.0,6.0,0.0,0.0,0.0,0.0,0.0,0.0,0.0,0.0,5.0,12.0,1.0,12.06,5.01,2.5,1.49,-2.4000000000000004,0.3,2.4000000000000004,301.1,-0.1,-12.6,0.5,8.700000000000001,-82.9,0.0,0.0,219.9,0.0,22.200000000000003,30.1,30.1,33.300000000000004,300.0,300.0,29.6,35.5,31.8,31.3,33.7,4.95,2.0,4.97,0.16,0.0,0.0,1027.0,8228.0,0.0,0.0,0.0,0.0,0.0,1.0,0.0,0.0,0.0,-0.001,0.0,-1.2000000000000002,0.0,-10.3,-12.7,0.0169,16.0,25903.0
2026-07-30T18:57:50.687Z,40.17,40.182,-7.5,7.4,0.0,0.0,0.0,0.0,0.0,1.0,1.0,0.0,1.0,0.0,0.0,0.0,8.0,6.0,0.0,0.0,0.0,0.0,0.0,0.0,0.0,0.0,6.0,12.0,1.0,12.06,5.01,2.5,1.49,-2.4000000000000004,0.3,2.4000000000000004,301.1,-0.1,-13.2,0.0,8.1,-82.9,0.0,0.0,219.8,0.0,22.200000000000003,30.1,30.1,33.300000000000004,300.0,300.0,29.6,35.5,31.8,31.3,33.7,4.96,2.0,4.96,0.16,0.0,0.0,1027.0,8228.0,0.0,0.0,0.0,0.0,0.0,1.0,0.0,0.0,0.0,-0.001,0.0,-1.6,0.0,-9.2,-12.7,0.0163,16.0,25903.0
2026-07-30T18:57:50.705Z,40.188,40.194,-7.4,7.4,0.0,0.0,0.0,0.0,0.0,1.0,1.0,0.0,1.0,0.0,0.0,0.0,8.0,6.0,0.0,0.0,0.0,0.0,0.0,0.0,0.0,0.0,1.0,12.0,1.0,12.02,5.01,2.51,1.49,-2.4000000000000004,0.3,2.4000000000000004,301.0,-0.1,-12.6,1.1,8.1,-82.9,0.0,0.0,219.7,0.0,22.1,30.200000000000003,30.200000000000003,33.300000000000004,300.0,300.0,29.700000000000003,35.6,31.8,31.4,33.7,4.96,2.0,4.96,0.16,0.0,0.0,1027.0,8228.0,0.0,0.0,0.0,0.0,0.0,1.0,0.0,0.0,0.0,-0.001,0.0,-0.5,0.0,-10.1,-12.7,0.0165,16.0,25903.0
2026-07-30T18:57:50.711Z,40.194,40.206,-7.4,7.4,0.0,0.0,0.0,0.0,0.0,1.0,1.0,0.0,1.0,0.0,0.0,0.0,8.0,6.0,0.0,0.0,0.0,0.0,0.0,0.0,0.0,0.0,6.0,12.0,1.0,12.02,5.01,2.51,1.49,-2.3000000000000003,0.3,2.3000000000000003,301.0,-0.1,-13.2,1.1,10.4,-82.9,0.0,0.0,219.7,0.0,22.1,30.200000000000003,30.200000000000003,33.300000000000004,300.0,300.0,29.700000000000003,35.6,31.8,31.4,33.7,4.95,2.0,4.96,0.16,0.0,0.0,1027.0,8228.0,0.0,0.0,0.0,0.0,0.0,1.0,0.0,0.0,0.0,-0.001,0.0,-0.9,0.0,-12.8,-12.8,0.0164,16.0,25903.0
2026-07-30T18:57:50.723Z,40.206,40.218,-7.4,7.4,0.0,0.0,0.0,0.0,0.0,1.0,1.0,0.0,1.0,0.0,0.0,0.0,8.0,6.0,0.0,0.0,0.0,0.0,0.0,0.0,0.0,0.0,5.0,12.0,1.0,12.02,5.01,2.51,1.49,-2.3000000000000003,0.3,2.4000000000000004,301.1,-0.1,-12.6,1.7000000000000002,9.9,-82.9,0.0,0.0,219.7,0.0,22.1,30.200000000000003,30.200000000000003,33.300000000000004,300.0,300.0,29.700000000000003,35.6,31.8,31.4,33.7,4.96,2.0,4.96,0.16,0.0,0.0,1027.0,8228.0,0.0,0.0,0.0,0.0,0.0,1.0,0.0,0.0,0.0,-0.001,0.0,-0.3,0.0,-12.5,-12.8,0.0159,16.0,25903.0
2026-07-30T18:57:50.735Z,40.218,40.23,-7.5,7.4,0.0,0.0,0.0,0.0,0.0,1.0,1.0,0.0,1.0,0.0,0.0,0.0,8.0,6.0,0.0,0.0,0.0,0.0,0.0,0.0,0.0,0.0,1.0,12.0,1.0,12.02,5.01,2.51,1.49,-2.2,0.2,2.2,301.1,-0.1,-11.4,2.9000000000000004,11.6,-82.9,0.0,0.0,219.7,0.0,22.1,30.200000000000003,30.200000000000003,33.300000000000004,300.0,300.0,29.700000000000003,35.6,31.8,31.4,33.7,4.96,2.0,4.96,0.16,0.0,0.0,1027.0,8228.0,0.0,0.0,0.0,0.0,0.0,1.0,0.0,0.0,0.0,-0.001,0.0,0.3,0.0,-15.4,-12.9,0.016,16.0,25903.0
2026-07-30T18:57:50.747Z,40.23,40.242,-7.5,7.4,0.0,0.0,0.0,0.0,0.0,1.0,1.0,0.0,1.0,0.0,0.0,0.0,8.0,6.0,0.0,0.0,0.0,0.0,0.0,0.0,0.0,0.0,2.0,12.0,1.0,12.02,5.01,2.51,1.49,-2.2,0.2,2.2,301.1,-0.1,-10.9,3.5,12.2,-82.9,0.0,0.0,219.7,0.0,22.1,30.200000000000003,30.200000000000003,33.300000000000004,300.0,300.0,29.700000000000003,35.6,31.8,31.4,33.7,4.96,2.0,4.96,0.16,0.0,0.0,1027.0,8228.0,0.0,0.0,0.0,0.0,0.0,1.0,0.0,0.0,0.0,-0.001,0.0,0.7000000000000001,0.0,-16.5,-12.8,0.0153,16.0,25903.0
2026-07-30T18:57:50.759Z,40.242,40.254,-7.5,7.4,0.0,0.0,0.0,0.0,0.0,1.0,1.0,0.0,1.0,0.0,0.0,0.0,8.0,6.0,0.0,0.0,0.0,0.0,0.0,0.0,0.0,0.0,3.0,12.0,1.0,12.02,5.01,2.51,1.49,-2.3000000000000003,0.2,2.3000000000000003,301.0,-0.1,-11.4,2.3000000000000003,9.9,-82.9,0.0,0.0,219.7,0.0,22.1,30.200000000000003,30.200000000000003,33.300000000000004,300.0,300.0,29.700000000000003,35.6,31.8,31.4,33.7,4.96,2.0,4.96,0.16,0.0,0.0,1027.0,8228.0,0.0,0.0,0.0,0.0,0.0,1.0,0.0,0.0,0.0,-0.001,0.0,0.1,0.0,-12.9,-12.7,0.015,16.0,25903.0
2026-07-30T18:57:50.771Z,40.254,40.266,-7.5,7.4,0.0,0.0,0.0,0.0,0.0,1.0,1.0,0.0,1.0,0.0,0.0,0.0,8.0,6.0,0.0,0.0,0.0,0.0,0.0,0.0,0.0,0.0,5.0,12.0,1.0,12.02,5.01,2.51,1.49,-2.2,0.2,2.2,301.1,-0.1,-10.9,3.5,12.8,-83.0,0.0,0.0,219.8,0.0,22.1,30.200000000000003,30.200000000000003,33.300000000000004,300.0,300.0,29.700000000000003,35.6,31.8,31.4,33.7,4.95,2.0,4.96,0.16,0.0,0.0,1027.0,8228.0,0.0,0.0,0.0,0.0,0.0,1.0,0.0,0.0,0.0,-0.001,0.0,0.6000000000000001,0.0,-17.1,-12.8,0.0159,16.0,25903.0
2026-07-30T18:57:50.783Z,40.266,40.278,-7.4,7.4,0.0,0.0,0.0,0.0,0.0,1.0,1.0,0.0,1.0,0.0,0.0,0.0,8.0,6.0,0.0,0.0,0.0,0.0,0.0,0.0,0.0,0.0,6.0,12.0,1.0,12.02,5.01,2.51,1.49,-2.3000000000000003,0.3,2.3000000000000003,301.1,-0.1,-11.4,1.7000000000000002,10.4,-83.0,0.0,0.0,219.8,0.0,22.1,30.200000000000003,30.200000000000003,33.300000000000004,300.0,300.0,29.700000000000003,35.6,31.8,31.4,33.7,4.95,2.0,4.97,0.16,0.0,0.0,1027.0,8228.0,0.0,0.0,0.0,0.0,0.0,1.0,0.0,0.0,0.0,-0.001,0.0,-0.5,0.0,-13.2,-12.7,0.0148,16.0,25903.0
2026-07-30T18:57:50.796Z,40.279,40.29,-7.4,7.4,0.0,0.0,0.0,0.0,0.0,1.0,1.0,0.0,1.0,0.0,0.0,0.0,8.0,6.0,0.0,0.0,0.0,0.0,0.0,0.0,0.0,0.0,1.0,12.0,1.0,12.06,5.01,2.5,1.49,-2.4000000000000004,0.2,2.4000000000000004,301.0,-0.1,-12.0,2.3000000000000003,8.700000000000001,-82.9,0.0,0.0,219.6,0.0,22.3,30.200000000000003,30.200000000000003,33.300000000000004,300.0,300.0,29.6,35.6,31.8,31.4,33.7,4.95,2.0,4.96,0.16,0.0,0.0,1027.0,8228.0,0.0,0.0,0.0,0.0,0.0,1.0,0.0,0.0,0.0,-0.001,0.0,0.3,0.0,-11.6,-12.8,0.0158,16.0,25903.0
2026-07-30T18:57:50.807Z,40.29,40.302,-7.5,7.4,0.0,0.0,0.0,0.0,0.0,1.0,1.0,0.0,1.0,0.0,0.0,0.0,8.0,6.0,0.0,0.0,0.0,0.0,0.0,0.0,0.0,0.0,2.0,12.0,1.0,12.06,5.01,2.5,1.49,-2.2,0.2,2.2,301.0,-0.1,-11.4,4.0,12.8,-82.9,0.0,0.0,219.5,0.0,22.3,30.200000000000003,30.200000000000003,33.300000000000004,300.0,300.0,29.6,35.6,31.8,31.4,33.7,4.96,2.0,4.96,0.16,0.0,0.0,1027.0,8228.0,0.0,0.0,0.0,0.0,0.0,1.0,0.0,0.0,0.0,-0.001,0.0,1.2000000000000002,0.0,-17.6,-12.8,0.0162,16.0,25903.0
2026-07-30T18:57:50.818Z,40.301,40.314,-7.5,7.4,0.0,0.0,0.0,0.0,0.0,1.0,1.0,0.0,1.0,0.0,0.0,0.0,8.0,6.0,0.0,0.0,0.0,0.0,0.0,0.0,0.0,0.0,3.0,12.0,1.0,12.06,5.01,2.5,1.49,-2.3000000000000003,0.3,2.3000000000000003,301.1,-0.1,-12.0,1.7000000000000002,10.4,-82.9,0.0,0.0,219.7,0.0,22.3,30.200000000000003,30.200000000000003,33.300000000000004,300.0,300.0,29.6,35.6,31.8,31.4,33.7,4.95,2.0,4.96,0.16,0.0,0.0,1027.0,8228.0,0.0,0.0,0.0,0.0,0.0,1.0,0.0,0.0,0.0,-0.001,0.0,-0.4,0.0,-13.2,-12.7,0.0148,16.0,25903.0
2026-07-30T18:57:50.831Z,40.314,40.326,-7.5,7.4,0.0,0.0,0.0,0.0,0.0,1.0,1.0,0.0,1.0,0.0,0.0,0.0,8.0,6.0,0.0,0.0,0.0,0.0,0.0,0.0,0.0,0.0,4.0,12.0,1.0,12.06,5.01,2.5,1.49,-2.2,0.3,2.2,301.0,-0.1,-10.9,1.7000000000000002,11.6,-83.0,0.0,0.0,219.8,0.0,22.3,30.200000000000003,30.200000000000003,33.300000000000004,300.0,300.0,29.6,35.6,31.8,31.4,33.7,4.95,2.0,4.96,0.16,0.0,0.0,1027.0,8228.0,0.0,0.0,0.0,0.0,0.0,1.0,0.0,0.0,0.0,-0.001,0.0,-0.7000000000000001,0.0,-14.5,-12.7,0.0157,16.0,25903.0
2026-07-30T18:57:50.843Z,40.326,40.338,-7.5,7.4,0.0,0.0,0.0,0.0,0.0,1.0,1.0,0.0,1.0,0.0,0.0,0.0,8.0,6.0,0.0,0.0,0.0,0.0,0.0,0.0,0.0,0.0,6.0,12.0,1.0,12.06,5.01,2.5,1.49,-2.2,0.2,2.2,301.1,-0.1,-10.9,2.9000000000000004,11.0,-82.9,0.0,0.0,219.8,0.0,22.3,30.200000000000003,30.200000000000003,33.300000000000004,300.0,300.0,29.6,35.6,31.8,31.4,33.7,4.95,2.0,4.96,0.16,0.0,0.0,1027.0,8228.0,0.0,0.0,0.0,0.0,0.0,1.0,0.0,0.0,0.0,-0.001,0.0,0.4,0.0,-14.7,-12.7,0.0152,16.0,25903.0
2026-07-30T18:57:50.856Z,40.339,40.35,-7.5,7.4,0.0,0.0,0.0,0.0,0.0,1.0,1.0,0.0,1.0,0.0,0.0,0.0,8.0,6.0,0.0,0.0,0.0,0.0,0.0,0.0,0.0,0.0,1.0,12.0,1.0,12.06,5.01,2.5,1.49,-2.3000000000000003,0.2,2.3000000000000003,301.1,-0.1,-10.9,2.9000000000000004,9.9,-82.9,0.0,0.0,219.8,0.0,22.3,30.200000000000003,30.200000000000003,33.300000000000004,300.0,300.0,29.6,35.6,31.8,31.4,33.7,4.95,2.0,4.96,0.16,0.0,0.0,1027.0,8228.0,0.0,0.0,0.0,0.0,0.0,1.0,0.0,0.0,0.0,-0.001,0.0,0.6000000000000001,0.0,-13.4,-12.7,0.0152,16.0,25903.0
2026-07-30T18:57:50.867Z,40.35,40.362,-7.4,7.4,0.0,0.0,0.0,0.0,0.0,1.0,1.0,0.0,1.0,0.0,0.0,0.0,8.0,6.0,0.0,0.0,0.0,0.0,0.0,0.0,0.0,0.0,2.0,12.0,1.0,12.06,5.01,2.5,1.49,-2.2,0.3,2.2,300.90000000000003,-0.1,-12.0,2.3000000000000003,11.6,-82.9,0.0,0.0,219.7,0.0,22.3,30.200000000000003,30.200000000000003,33.300000000000004,300.0,300.0,29.6,35.6,31.8,31.4,33.7,4.95,2.0,4.96,0.16,0.0,0.0,1027.0,8228.0,0.0,0.0,0.0,0.0,0.0,1.0,0.0,0.0,0.0,-0.001,0.0,-0.1,0.0,-14.9,-12.7,0.0155,16.0,25903.0
2026-07-30T18:57:50.878Z,40.361,40.374,-7.5,7.4,0.0,0.0,0.0,0.0,0.0,1.0,1.0,0.0,1.0,0.0,0.0,0.0,8.0,6.0,0.0,0.0,0.0,0.0,0.0,0.0,0.0,0.0,3.0,12.0,1.0,12.06,5.01,2.5,1.49,-2.2,0.2,2.2,301.1,-0.1,-11.4,2.9000000000000004,11.0,-82.9,0.0,0.0,219.8,0.0,22.3,30.200000000000003,30.200000000000003,33.300000000000004,300.0,300.0,29.6,35.6,31.8,31.4,33.7,4.95,1.99,4.96,0.16,0.0,0.0,1027.0,8228.0,0.0,0.0,0.0,0.0,0.0,1.0,0.0,0.0,0.0,-0.001,0.0,0.4,0.0,-14.7,-12.8,0.0152,16.0,25903.0
2026-07-30T18:57:50.891Z,40.374,40.386,-7.4,7.4,0.0,0.0,0.0,0.0,0.0,1.0,1.0,0.0,1.0,0.0,0.0,0.0,8.0,6.0,0.0,0.0,0.0,0.0,0.0,0.0,0.0,0.0,4.0,12.0,1.0,12.06,5.01,2.5,1.49,-2.3000000000000003,0.2,2.3000000000000003,301.1,-0.1,-11.4,2.3000000000000003,10.4,-82.9,0.0,0.0,219.8,0.0,22.3,30.200000000000003,30.200000000000003,33.300000000000004,300.0,300.0,29.6,35.6,31.8,31.4,33.7,4.95,2.0,4.97,0.16,0.0,0.0,1027.0,8228.0,0.0,0.0,0.0,0.0,0.0,1.0,0.0,0.0,0.0,-0.001,0.0,0.0,0.0,-13.6,-12.7,0.0151,16.0,25903.0
2026-07-30T18:57:50.902Z,40.385,40.398,-7.4,7.4,0.0,0.0,0.0,0.0,0.0,1.0,1.0,0.0,1.0,0.0,0.0,0.0,8.0,6.0,0.0,0.0,0.0,0.0,0.0,0.0,0.0,0.0,5.0,12.0,1.0,12.05,5.0200000000000005,2.5,1.49,-2.4000000000000004,0.3,2.4000000000000004,300.90000000000003,0.0,-12.0,1.7000000000000002,8.700000000000001,-82.9,0.0,0.0,219.7,0.0,22.200000000000003,30.200000000000003,30.200000000000003,33.300000000000004,300.0,300.0,29.700000000000003,35.7,31.9,31.4,33.7,4.96,2.0,4.97,0.16,0.0,0.0,1027.0,8228.0,0.0,0.0,0.0,0.0,0.0,1.0,0.0,0.0,0.0,-0.001,0.0,-0.1,0.0,-11.2,-12.8,0.0154,16.0,25903.0
2026-07-30T18:57:50.915Z,40.398,40.41,-7.4,7.4,0.0,0.0,0.0,0.0,0.0,1.0,1.0,0.0,1.0,0.0,0.0,0.0,8.0,6.0,0.0,0.0,0.0,0.0,0.0,0.0,0.0,0.0,1.0,12.0,1.0,12.05,5.0200000000000005,2.5,1.49,-2.3000000000000003,0.3,2.4000000000000004,301.1,0.0,-11.4,1.7000000000000002,9.3,-82.9,0.0,0.0,219.7,0.0,22.200000000000003,30.200000000000003,30.200000000000003,33.300000000000004,300.0,300.0,29.700000000000003,35.7,31.9,31.4,33.7,4.95,2.0,4.97,0.16,0.0,0.0,1027.0,8228.0,0.0,0.0,0.0,0.0,0.0,1.0,0.0,0.0,0.0,-0.001,0.0,-0.2,0.0,-11.8,-12.9,0.0162,16.0,25903.0
2026-07-30T18:57:50.927Z,40.41,40.422,-7.5,7.4,0.0,0.0,0.0,0.0,0.0,1.0,1.0,0.0,1.0,0.0,0.0,0.0,8.0,6.0,0.0,0.0,0.0,0.0,0.0,0.0,0.0,0.0,2.0,12.0,1.0,12.05,5.0200000000000005,2.5,1.49,-2.3000000000000003,0.2,2.3000000000000003,301.1,0.0,-12.6,1.7000000000000002,9.3,-82.9,0.0,0.0,219.8,0.0,22.200000000000003,30.200000000000003,30.200000000000003,33.300000000000004,300.0,300.0,29.700000000000003,35.7,31.9,31.4,33.7,4.96,2.0,4.96,0.16,0.0,0.0,1027.0,8228.0,0.0,0.0,0.0,0.0,0.0,1.0,0.0,0.0,0.0,-0.001,0.0,-0.2,0.0,-11.8,-12.8,0.016,16.0,25903.0
2026-07-30T18:57:50.939Z,40.422,40.434,-7.5,7.4,0.0,0.0,0.0,0.0,0.0,1.0,1.0,0.0,1.0,0.0,0.0,0.0,8.0,6.0,0.0,0.0,0.0,0.0,0.0,0.0,0.0,0.0,3.0,12.0,1.0,12.05,5.0200000000000005,2.5,1.49,-2.4000000000000004,0.3,2.4000000000000004,301.0,-0.1,-12.6,1.1,8.700000000000001,-82.9,0.0,0.0,219.8,0.0,22.200000000000003,30.200000000000003,30.200000000000003,33.300000000000004,300.0,300.0,29.700000000000003,35.7,31.9,31.4,33.7,4.96,2.0,4.96,0.16,0.0,0.0,1027.0,8228.0,0.0,0.0,0.0,0.0,0.0,1.0,0.0,0.0,0.0,-0.001,0.0,-0.6000000000000001,0.0,-10.7,-12.8,0.0159,16.0,25903.0
2026-07-30T18:57:50.951Z,40.434,40.446,-7.4,7.4,0.0,0.0,0.0,0.0,0.0,1.0,1.0,0.0,1.0,0.0,0.0,0.0,8.0,6.0,0.0,0.0,0.0,0.0,0.0,0.0,0.0,0.0,3.0,12.0,1.0,12.05,5.0200000000000005,2.5,1.49,-2.4000000000000004,0.3,2.4000000000000004,301.1,0.0,-12.6,1.1,9.3,-82.9,0.0,0.0,219.8,0.0,22.200000000000003,30.200000000000003,30.200000000000003,33.300000000000004,300.0,300.0,29.700000000000003,35.7,31.9,31.4,33.7,4.95,2.0,4.96,0.16,0.0,0.0,1027.0,8228.0,0.0,0.0,0.0,0.0,0.0,1.0,0.0,0.0,0.0,-0.001,0.0,-0.7000000000000001,0.0,-11.4,-12.7,0.0161,16.0,25903.0
2026-07-30T18:57:50.963Z,40.446,40.458,-7.4,7.4,0.0,0.0,0.0,0.0,0.0,1.0,1.0,0.0,1.0,0.0,0.0,0.0,8.0,6.0,0.0,0.0,0.0,0.0,0.0,0.0,0.0,0.0,5.0,12.0,1.0,12.05,5.0200000000000005,2.5,1.49,-2.4000000000000004,0.2,2.4000000000000004,301.1,0.0,-12.6,2.3000000000000003,8.1,-82.9,0.0,0.0,219.6,0.0,22.200000000000003,30.200000000000003,30.200000000000003,33.300000000000004,300.0,300.0,29.700000000000003,35.7,31.9,31.4,33.7,4.96,2.0,4.96,0.16,0.0,0.0,1027.0,8228.0,0.0,0.0,0.0,0.0,0.0,1.0,0.0,0.0,0.0,-0.001,0.0,0.5,0.0,-10.9,-12.9,0.0162,16.0,25903.0
2026-07-30T18:57:50.975Z,40.458,40.47,-7.5,7.4,0.0,0.0,0.0,0.0,0.0,1.0,1.0,0.0,1.0,0.0,0.0,0.0,8.0,6.0,0.0,0.0,0.0,0.0,0.0,0.0,0.0,0.0,6.0,12.0,1.0,12.05,5.0200000000000005,2.5,1.49,-2.4000000000000004,0.3,2.4000000000000004,301.0,-0.1,-12.6,1.1,8.1,-82.9,0.0,0.0,219.6,0.0,22.200000000000003,30.200000000000003,30.200000000000003,33.300000000000004,300.0,300.0,29.700000000000003,35.7,31.9,31.4,33.7,4.95,2.0,4.97,0.16,0.0,0.0,1027.0,8228.0,0.0,0.0,0.0,0.0,0.0,1.0,0.0,0.0,0.0,-0.001,0.0,-0.5,0.0,-10.1,-12.8,0.0163,16.0,25903.0
2026-07-30T18:57:50.987Z,40.47,40.482,-7.4,7.4,0.0,0.0,0.0,0.0,0.0,1.0,1.0,0.0,1.0,0.0,0.0,0.0,8.0,6.0,0.0,0.0,0.0,0.0,0.0,0.0,0.0,0.0,1.0,12.0,1.0,12.05,5.0200000000000005,2.5,1.49,-2.3000000000000003,0.2,2.3000000000000003,301.1,-0.1,-13.2,2.3000000000000003,9.9,-82.9,0.0,0.0,219.7,0.0,22.200000000000003,30.200000000000003,30.200000000000003,33.300000000000004,300.0,300.0,29.700000000000003,35.7,31.9,31.4,33.7,4.95,2.0,4.97,0.16,0.0,0.0,1027.0,8228.0,0.0,0.0,0.0,0.0,0.0,1.0,0.0,0.0,0.0,-0.001,0.0,0.1,0.0,-12.9,-12.7,0.0163,16.0,25903.0
2026-07-30T18:57:51.000Z,40.483,40.494,-7.4,7.4,0.0,0.0,0.0,0.0,0.0,1.0,1.0,0.0,1.0,0.0,0.0,0.0,8.0,6.0,0.0,0.0,0.0,0.0,0.0,0.0,0.0,0.0,3.0,12.0,1.0,12.06,5.0200000000000005,2.51,1.49,-2.4000000000000004,0.2,2.4000000000000004,301.0,-0.1,-13.8,2.3000000000000003,8.700000000000001,-82.9,0.0,0.0,219.7,0.0,21.700000000000003,30.200000000000003,30.200000000000003,33.4,300.0,300.0,29.700000000000003,35.6,31.9,31.4,33.800000000000004,4.95,1.99,4.97,0.16,0.0,0.0,1027.0,8228.0,0.0,0.0,0.0,0.0,0.0,1.0,0.0,0.0,0.0,-0.001,0.0,0.3,0.0,-11.6,-12.8,0.0157,16.0,25903.0
2026-07-30T18:57:51.018Z,40.501,40.506,-7.4,7.4,0.0,0.0,0.0,0.0,0.0,1.0,1.0,0.0,1.0,0.0,0.0,0.0,8.0,6.0,0.0,0.0,0.0,0.0,0.0,0.0,0.0,0.0,4.0,12.0,1.0,12.06,5.0200000000000005,2.51,1.49,-2.3000000000000003,0.3,2.3000000000000003,300.90000000000003,-0.1,-11.4,1.7000000000000002,11.0,-82.9,0.0,0.0,219.8,0.0,21.700000000000003,30.200000000000003,30.200000000000003,33.4,300.0,300.0,29.700000000000003,35.6,31.9,31.4,33.800000000000004,4.95,1.99,4.96,0.16,0.0,0.0,1027.0,8228.0,0.0,0.0,0.0,0.0,0.0,1.0,0.0,0.0,0.0,-0.001,0.0,-0.6000000000000001,0.0,-13.8,-12.8,0.0161,16.0,25903.0
2026-07-30T18:57:51.023Z,40.506,40.518,-7.5,7.4,0.0,0.0,0.0,0.0,0.0,1.0,1.0,0.0,1.0,0.0,0.0,0.0,8.0,6.0,0.0,0.0,0.0,0.0,0.0,0.0,0.0,0.0,3.0,12.0,1.0,12.06,5.0200000000000005,2.51,1.49,-2.4000000000000004,0.3,2.4000000000000004,301.1,-0.1,-12.0,0.5,8.1,-82.9,0.0,0.0,219.8,0.0,21.700000000000003,30.200000000000003,30.200000000000003,33.4,300.0,300.0,29.700000000000003,35.6,31.9,31.4,33.800000000000004,4.95,2.0,4.97,0.16,0.0,0.0,1027.0,8228.0,0.0,0.0,0.0,0.0,0.0,1.0,0.0,0.0,0.0,-0.001,0.0,-1.0,0.0,-9.6,-12.8,0.0156,16.0,25903.0
2026-07-30T18:57:51.035Z,40.518,40.53,-7.5,7.4,0.0,0.0,0.0,0.0,0.0,1.0,1.0,0.0,1.0,0.0,0.0,0.0,8.0,6.0,0.0,0.0,0.0,0.0,0.0,0.0,0.0,0.0,2.0,12.0,1.0,12.06,5.0200000000000005,2.51,1.49,-2.3000000000000003,0.2,2.4000000000000004,300.90000000000003,-0.1,-11.4,2.3000000000000003,8.700000000000001,-82.9,0.0,0.0,219.7,0.0,21.700000000000003,30.200000000000003,30.200000000000003,33.4,300.0,300.0,29.700000000000003,35.6,31.9,31.4,33.800000000000004,4.95,1.99,4.96,0.17,0.0,0.0,1027.0,8228.0,0.0,0.0,0.0,0.0,0.0,1.0,0.0,0.0,0.0,-0.001,0.0,0.3,0.0,-11.6,-12.7,0.0163,16.0,25903.0
2026-07-30T18:57:51.047Z,40.53,40.542,-7.4,7.4,0.0,0.0,0.0,0.0,0.0,1.0,1.0,0.0,1.0,0.0,0.0,0.0,8.0,6.0,0.0,0.0,0.0,0.0,0.0,0.0,0.0,0.0,3.0,12.0,1.0,12.06,5.0200000000000005,2.51,1.49,-2.3000000000000003,0.2,2.3000000000000003,301.1,-0.1,-11.4,2.9000000000000004,9.9,-82.9,0.0,0.0,219.7,0.0,21.700000000000003,30.200000000000003,30.200000000000003,33.4,300.0,300.0,29.700000000000003,35.6,31.9,31.4,33.800000000000004,4.95,2.0,4.96,0.16,0.0,0.0,1027.0,8228.0,0.0,0.0,0.0,0.0,0.0,1.0,0.0,0.0,0.0,-0.001,0.0,0.6000000000000001,0.0,-13.4,-12.8,0.016,16.0,25903.0
2026-07-30T18:57:51.059Z,40.542,40.554,-7.4,7.4,0.0,0.0,0.0,0.0,0.0,1.0,1.0,0.0,1.0,0.0,0.0,0.0,8.0,6.0,0.0,0.0,0.0,0.0,0.0,0.0,0.0,0.0,5.0,12.0,1.0,12.06,5.0200000000000005,2.51,1.49,-2.3000000000000003,0.2,2.3000000000000003,301.1,-0.1,-11.4,3.5,9.9,-82.9,0.0,0.0,219.6,0.0,21.700000000000003,30.200000000000003,30.200000000000003,33.4,300.0,300.0,29.700000000000003,35.6,31.9,31.4,33.800000000000004,4.95,2.0,4.96,0.16,0.0,0.0,1027.0,8228.0,0.0,0.0,0.0,0.0,0.0,1.0,0.0,0.0,0.0,-0.001,0.0,1.2000000000000002,0.0,-13.8,-12.8,0.0157,16.0,25903.0
2026-07-30T18:57:51.070Z,40.553,40.566,-7.5,7.4,0.0,0.0,0.0,0.0,0.0,1.0,1.0,0.0,1.0,0.0,0.0,0.0,8.0,6.0,0.0,0.0,0.0,0.0,0.0,0.0,0.0,0.0,6.0,12.0,1.0,12.06,5.0200000000000005,2.51,1.49,-2.3000000000000003,0.3,2.3000000000000003,301.0,-0.1,-11.4,1.7000000000000002,11.0,-82.9,0.0,0.0,219.7,0.0,21.700000000000003,30.200000000000003,30.200000000000003,33.4,300.0,300.0,29.700000000000003,35.6,31.9,31.4,33.800000000000004,4.95,2.0,4.97,0.16,0.0,0.0,1027.0,8228.0,0.0,0.0,0.0,0.0,0.0,1.0,0.0,0.0,0.0,-0.001,0.0,-0.5,0.0,-13.9,-12.8,0.0155,16.0,25903.0
2026-07-30T18:57:51.083Z,40.566,40.578,-7.5,7.4,0.0,0.0,0.0,0.0,0.0,1.0,1.0,0.0,1.0,0.0,0.0,0.0,8.0,6.0,0.0,0.0,0.0,0.0,0.0,0.0,0.0,0.0,2.0,12.0,1.0,12.06,5.0200000000000005,2.51,1.49,-2.3000000000000003,0.2,2.3000000000000003,301.0,-0.1,-11.4,2.9000000000000004,8.700000000000001,-82.9,0.0,0.0,219.7,0.0,21.700000000000003,30.200000000000003,30.200000000000003,33.4,300.0,300.0,29.700000000000003,35.6,31.9,31.4,33.800000000000004,4.95,2.0,4.96,0.16,0.0,0.0,1027.0,8228.0,0.0,0.0,0.0,0.0,0.0,1.0,0.0,0.0,0.0,-0.001,0.0,0.8,0.0,-12.0,-12.7,0.0153,16.0,25903.0
2026-07-30T18:57:51.095Z,40.578,40.59,-7.4,7.4,0.0,0.0,0.0,0.0,0.0,1.0,1.0,0.0,1.0,0.0,0.0,0.0,8.0,6.0,0.0,0.0,0.0,0.0,0.0,0.0,0.0,0.0,3.0,12.0,1.0,12.06,5.0200000000000005,2.51,1.49,-2.2,0.2,2.2,301.1,-0.1,-10.9,4.0,11.0,-82.9,0.0,0.0,219.7,0.0,21.700000000000003,30.200000000000003,30.200000000000003,33.4,300.0,300.0,29.700000000000003,35.6,31.9,31.4,33.800000000000004,4.96,2.0,4.96,0.16,0.0,0.0,1027.0,8228.0,0.0,0.0,0.0,0.0,0.0,1.0,0.0,0.0,0.0,-0.001,0.0,1.4,0.0,-15.6,-12.8,0.0153,16.0,25903.0
2026-07-30T18:57:51.107Z,40.59,40.602,-7.4,7.4,0.0,0.0,0.0,0.0,0.0,1.0,1.0,0.0,1.0,0.0,0.0,0.0,8.0,6.0,0.0,0.0,0.0,0.0,0.0,0.0,0.0,0.0,4.0,12.0,1.0,12.05,5.0200000000000005,2.5,1.5,-2.3000000000000003,0.3,2.3000000000000003,301.0,-0.1,-12.0,2.3000000000000003,11.0,-82.9,0.0,0.0,219.7,0.0,22.1,30.3,30.200000000000003,33.4,300.0,300.0,29.6,35.5,31.9,31.4,33.800000000000004,4.95,2.0,4.97,0.16,0.0,0.0,1027.0,8228.0,0.0,0.0,0.0,0.0,0.0,1.0,0.0,0.0,0.0,-0.001,0.0,0.0,0.0,-14.3,-12.8,0.0158,16.0,25903.0
2026-07-30T18:57:51.118Z,40.601,40.614,-7.5,7.4,0.0,0.0,0.0,0.0,0.0,1.0,1.0,0.0,1.0,0.0,0.0,0.0,8.0,6.0,0.0,0.0,0.0,0.0,0.0,0.0,0.0,0.0,5.0,12.0,1.0,12.05,5.0200000000000005,2.5,1.5,-2.3000000000000003,0.2,2.3000000000000003,301.1,-0.1,-10.9,2.3000000000000003,9.9,-82.9,0.0,0.0,219.7,0.0,22.1,30.3,30.200000000000003,33.4,300.0,300.0,29.6,35.5,31.9,31.4,33.800000000000004,4.96,2.0,4.96,0.16,0.0,0.0,1027.0,8228.0,0.0,0.0,0.0,0.0,0.0,1.0,0.0,0.0,0.0,-0.001,0.0,0.1,0.0,-12.9,-12.8,0.0159,16.0,25903.0
2026-07-30T18:57:51.131Z,40.614,40.626,-7.5,7.4,0.0,0.0,0.0,0.0,0.0,1.0,1.0,0.0,1.0,0.0,0.0,0.0,8.0,6.0,0.0,0.0,0.0,0.0,0.0,0.0,0.0,0.0,6.0,12.0,1.0,12.05,5.0200000000000005,2.5,1.5,-2.2,0.2,2.2,301.1,-0.1,-10.9,2.3000000000000003,11.6,-82.9,0.0,0.0,219.8,0.0,22.1,30.3,30.200000000000003,33.4,300.0,300.0,29.6,35.5,31.9,31.4,33.800000000000004,4.96,2.0,4.97,0.16,0.0,0.0,1027.0,8228.0,0.0,0.0,0.0,0.0,0.0,1.0,0.0,0.0,0.0,-0.001,0.0,-0.2,0.0,-14.9,-12.7,0.0155,16.0,25903.0
2026-07-30T18:57:51.142Z,40.625,40.638,-7.4,7.4,0.0,0.0,0.0,0.0,0.0,1.0,1.0,0.0,1.0,0.0,0.0,0.0,8.0,6.0,0.0,0.0,0.0,0.0,0.0,0.0,0.0,0.0,1.0,12.0,1.0,12.05,5.0200000000000005,2.5,1.5,-2.3000000000000003,0.2,2.3000000000000003,301.1,-0.1,-11.4,2.3000000000000003,10.4,-82.9,0.0,0.0,219.8,0.0,22.1,30.3,30.200000000000003,33.4,300.0,300.0,29.6,35.5,31.9,31.4,33.800000000000004,4.96,2.0,4.97,0.16,0.0,0.0,1027.0,8228.0,0.0,0.0,0.0,0.0,0.0,1.0,0.0,0.0,0.0,-0.001,0.0,0.0,0.0,-13.6,-12.7,0.0163,16.0,25903.0
2026-07-30T18:57:51.155Z,40.638,40.65,-7.4,7.4,0.0,0.0,0.0,0.0,0.0,1.0,1.0,0.0,1.0,0.0,0.0,0.0,8.0,6.0,0.0,0.0,0.0,0.0,0.0,0.0,0.0,0.0,2.0,12.0,1.0,12.05,5.0200000000000005,2.5,1.5,-2.3000000000000003,0.2,2.3000000000000003,301.1,-0.1,-12.0,2.3000000000000003,10.4,-82.9,0.0,0.0,219.8,0.0,22.1,30.3,30.200000000000003,33.4,300.0,300.0,29.6,35.5,31.9,31.4,33.800000000000004,4.96,2.0,4.96,0.16,0.0,0.0,1027.0,8228.0,0.0,0.0,0.0,0.0,0.0,1.0,0.0,0.0,0.0,-0.001,0.0,0.0,0.0,-10.5,-12.8,0.0156,16.0,25903.0
2026-07-30T18:57:51.166Z,40.649,40.662,-7.5,7.4,0.0,0.0,0.0,0.0,0.0,1.0,1.0,0.0,1.0,0.0,0.0,0.0,8.0,6.0,0.0,0.0,0.0,0.0,0.0,0.0,0.0,0.0,4.0,12.0,1.0,12.05,5.0200000000000005,2.5,1.5,-2.4000000000000004,0.2,2.2,301.1,-0.1,-11.4,3.5,10.4,-82.9,0.0,0.0,219.8,0.0,22.1,30.3,30.200000000000003,33.4,300.0,300.0,29.6,35.5,31.9,31.4,33.800000000000004,4.95,2.0,4.96,0.16,0.0,0.0,1027.0,8228.0,0.0,0.0,0.0,0.0,0.0,1.0,0.0,0.0,0.0,-0.001,0.0,-1.2000000000000002,0.0,-10.3,-12.8,0.0163,16.0,25903.0
2026-07-30T18:57:51.179Z,40.662,40.674,-7.4,7.4,0.0,0.0,0.0,0.0,0.0,1.0,1.0,0.0,1.0,0.0,0.0,0.0,8.0,6.0,0.0,0.0,0.0,0.0,0.0,0.0,0.0,0.0,5.0,12.0,1.0,12.05,5.0200000000000005,2.5,1.5,-2.3000000000000003,0.3,2.4000000000000004,301.1,-0.1,-11.4,3.5,9.3,-82.9,0.0,0.0,219.9,0.0,22.1,30.3,30.200000000000003,33.4,300.0,300.0,29.6,35.5,31.9,31.4,33.800000000000004,4.95,2.0,4.96,0.17,0.0,0.0,1027.0,8228.0,0.0,0.0,0.0,0.0,0.0,1.0,0.0,0.0,0.0,-0.001,0.0,-1.4,0.0,-11.6,-12.7,0.0162,16.0,25903.0
2026-07-30T18:57:51.191Z,40.674,40.686,-7.4,7.4,0.0,0.0,0.0,0.0,0.0,1.0,1.0,0.0,1.0,0.0,0.0,0.0,8.0,6.0,0.0,0.0,0.0,0.0,0.0,0.0,0.0,0.0,1.0,12.0,1.0,12.05,5.0200000000000005,2.5,1.5,-2.4000000000000004,0.3,2.4000000000000004,301.0,0.0,-13.2,1.1,8.1,-82.9,0.0,0.0,219.9,0.0,22.1,30.3,30.200000000000003,33.4,300.0,300.0,29.6,35.5,31.9,31.4,33.800000000000004,4.95,1.99,4.96,0.16,0.0,0.0,1027.0,8228.0,0.0,0.0,0.0,0.0,0.0,1.0,0.0,0.0,0.0,-0.001,0.0,-0.5,0.0,-10.1,-12.8,0.016,16.0,25903.0
2026-07-30T18:57:51.204Z,40.687,40.698,-7.4,7.4,0.0,0.0,0.0,0.0,0.0,1.0,1.0,0.0,1.0,0.0,0.0,0.0,8.0,6.0,0.0,0.0,0.0,0.0,0.0,0.0,0.0,0.0,2.0,12.0,1.0,12.06,5.0200000000000005,2.5,1.49,-2.3000000000000003,0.3,2.3000000000000003,301.1,0.0,-11.4,1.1,10.4,-83.0,0.0,0.0,219.8,0.0,21.3,30.3,30.3,33.4,300.0,300.0,29.5,35.6,31.9,31.5,33.800000000000004,4.95,1.99,4.96,0.16,0.0,0.0,1027.0,8228.0,0.0,0.0,0.0,0.0,0.0,1.0,0.0,0.0,0.0,-0.001,0.0,-1.0,0.0,-12.7,-12.8,0.0164,16.0,25903.0
2026-07-30T18:57:51.215Z,40.698,40.71,-7.5,7.4,0.0,0.0,0.0,0.0,0.0,1.0,1.0,0.0,1.0,0.0,0.0,0.0,8.0,6.0,0.0,0.0,0.0,0.0,0.0,0.0,0.0,0.0,3.0,12.0,1.0,12.06,5.0200000000000005,2.5,1.49,-2.4000000000000004,0.3,2.4000000000000004,301.1,-0.1,-12.0,1.1,8.1,-83.0,0.0,0.0,219.7,0.0,21.3,30.3,30.3,33.4,300.0,300.0,29.5,35.6,31.9,31.5,33.800000000000004,4.95,2.0,4.96,0.16,0.0,0.0,1027.0,8228.0,0.0,0.0,0.0,0.0,0.0,1.0,0.0,0.0,0.0,-0.001,0.0,-0.5,0.0,-10.1,-12.8,0.0159,16.0,25903.0
2026-07-30T18:57:51.227Z,40.71,40.722,-7.5,7.4,0.0,0.0,0.0,0.0,0.0,1.0,1.0,0.0,1.0,0.0,0.0,0.0,8.0,6.0,0.0,0.0,0.0,0.0,0.0,0.0,0.0,0.0,5.0,12.0,1.0,12.06,5.0200000000000005,2.5,1.49,-2.3000000000000003,0.2,2.3000000000000003,301.0,-0.1,-12.6,2.3000000000000003,9.3,-83.0,0.0,0.0,219.8,0.0,21.3,30.3,30.3,33.4,300.0,300.0,29.5,35.6,31.9,31.5,33.800000000000004,4.95,2.0,4.96,0.16,0.0,0.0,1027.0,8228.0,0.0,0.0,0.0,0.0,0.0,1.0,0.0,0.0,0.0,-0.001,0.0,0.2,0.0,-12.3,-12.7,0.0163,16.0,25903.0
2026-07-30T18:57:51.239Z,40.722,40.734,-7.4,7.4,0.0,0.0,0.0,0.0,0.0,1.0,1.0,0.0,1.0,0.0,0.0,0.0,8.0,6.0,0.0,0.0,0.0,0.0,0.0,0.0,0.0,0.0,5.0,12.0,1.0,12.06,5.0200000000000005,2.5,1.49,-2.2,0.2,2.3000000000000003,301.1,-0.1,-12.0,2.9000000000000004,11.0,-82.9,0.0,0.0,219.8,0.0,21.3,30.3,30.3,33.4,300.0,300.0,29.5,35.6,31.9,31.5,33.800000000000004,4.96,2.0,4.96,0.16,0.0,0.0,1027.0,8228.0,0.0,0.0,0.0,0.0,0.0,1.0,0.0,0.0,0.0,-0.001,0.0,0.4,0.0,-14.7,-12.7,0.0158,16.0,25903.0
2026-07-30T18:57:51.251Z,40.734,40.746,-7.5,7.4,0.0,0.0,0.0,0.0,0.0,1.0,1.0,0.0,1.0,0.0,0.0,0.0,8.0,6.0,0.0,0.0,0.0,0.0,0.0,0.0,0.0,0.0,6.0,12.0,1.0,12.06,5.0200000000000005,2.5,1.49,-2.3000000000000003,0.2,2.3000000000000003,301.1,-0.1,-10.9,2.9000000000000004,10.4,-82.9,0.0,0.0,219.8,0.0,21.3,30.3,30.3,33.4,300.0,300.0,29.5,35.6,31.9,31.5,33.800000000000004,4.96,2.0,4.96,0.16,0.0,0.0,1027.0,8228.0,0.0,0.0,0.0,0.0,0.0,1.0,0.0,0.0,0.0,-0.001,0.0,0.5,0.0,-14.0,-12.8,0.0153,16.0,25903.0
2026-07-30T18:57:51.263Z,40.746,40.758,-7.5,7.4,0.0,0.0,0.0,0.0,0.0,1.0,1.0,0.0,1.0,0.0,0.0,0.0,8.0,6.0,0.0,0.0,0.0,0.0,0.0,0.0,0.0,0.0,2.0,12.0,1.0,12.06,5.0200000000000005,2.5,1.49,-2.2,0.2,2.3000000000000003,301.0,-0.1,-10.3,2.9000000000000004,10.4,-82.9,0.0,0.0,219.7,0.0,21.3,30.3,30.3,33.4,300.0,300.0,29.5,35.6,31.9,31.5,33.800000000000004,4.95,2.0,4.97,0.16,0.0,0.0,1027.0,8228.0,0.0,0.0,0.0,0.0,0.0,1.0,0.0,0.0,0.0,-0.001,0.0,0.5,0.0,-14.0,-12.8,0.0154,16.0,25903.0
2026-07-30T18:57:51.275Z,40.758,40.77,-7.5,7.4,0.0,0.0,0.0,0.0,0.0,1.0,1.0,0.0,1.0,0.0,0.0,0.0,8.0,6.0,0.0,0.0,0.0,0.0,0.0,0.0,0.0,0.0,4.0,12.0,1.0,12.06,5.0200000000000005,2.5,1.49,-2.3000000000000003,0.3,2.3000000000000003,301.0,-0.1,-10.3,1.7000000000000002,9.9,-82.9,0.0,0.0,219.6,0.0,21.3,30.3,30.3,33.4,300.0,300.0,29.5,35.6,31.9,31.5,33.800000000000004,4.95,2.0,4.96,0.16,0.0,0.0,1027.0,8228.0,0.0,0.0,0.0,0.0,0.0,1.0,0.0,0.0,0.0,-0.001,0.0,-0.3,0.0,-12.5,-12.7,0.0153,16.0,25903.0
2026-07-30T18:57:51.287Z,40.77,40.782,-7.4,7.4,0.0,0.0,0.0,0.0,0.0,1.0,1.0,0.0,1.0,0.0,0.0,0.0,8.0,6.0,0.0,0.0,0.0,0.0,0.0,0.0,0.0,0.0,5.0,12.0,1.0,12.06,5.0200000000000005,2.5,1.49,-2.2,0.2,2.2,301.1,-0.1,-10.9,4.0,11.0,-82.9,0.0,0.0,219.7,0.0,21.3,30.3,30.3,33.4,300.0,300.0,29.5,35.6,31.9,31.5,33.800000000000004,4.95,2.0,4.96,0.16,0.0,0.0,1027.0,8228.0,0.0,0.0,0.0,0.0,0.0,1.0,0.0,0.0,0.0,-0.001,0.0,1.4,0.0,-15.6,-12.7,0.0157,16.0,25903.0
2026-07-30T18:57:51.299Z,40.782,40.794,-7.4,7.4,0.0,0.0,0.0,0.0,0.0,1.0,1.0,0.0,1.0,0.0,0.0,0.0,8.0,6.0,0.0,0.0,0.0,0.0,0.0,0.0,0.0,0.0,6.0,12.0,1.0,12.06,5.0200000000000005,2.5,1.49,-2.3000000000000003,0.2,2.3000000000000003,300.90000000000003,-0.1,-11.4,2.9000000000000004,9.9,-82.9,0.0,0.0,219.6,0.0,21.3,30.3,30.3,33.4,300.0,300.0,29.5,35.6,31.9,31.5,33.800000000000004,4.95,2.0,4.97,0.16,0.0,0.0,1027.0,8228.0,0.0,0.0,0.0,0.0,0.0,1.0,0.0,0.0,0.0,-0.001,0.0,0.6000000000000001,0.0,-13.4,-12.8,0.015,16.0,25903.0
2026-07-30T18:57:51.311Z,40.794,40.806,-7.4,7.4,0.0,0.0,0.0,0.0,0.0,1.0,1.0,0.0,1.0,0.0,0.0,0.0,8.0,6.0,0.0,0.0,0.0,0.0,0.0,0.0,0.0,0.0,1.0,12.0,1.0,12.04,5.0200000000000005,2.5,1.49,-2.3000000000000003,0.3,2.3000000000000003,301.0,-0.1,-11.4,1.7000000000000002,9.3,-82.9,0.0,0.0,219.7,0.0,21.9,30.3,30.3,33.4,300.0,300.0,29.5,35.7,32.0,31.5,33.800000000000004,4.95,2.0,4.97,0.16,0.0,0.0,1027.0,8228.0,0.0,0.0,0.0,0.0,0.0,1.0,0.0,0.0,0.0,-0.001,0.0,-0.2,0.0,-11.8,-12.8,0.0156,16.0,25903.0
2026-07-30T18:57:51.323Z,40.806,40.818,-7.4,7.4,0.0,0.0,0.0,0.0,0.0,1.0,1.0,0.0,1.0,0.0,0.0,0.0,8.0,6.0,0.0,0.0,0.0,0.0,0.0,0.0,0.0,0.0,2.0,12.0,1.0,12.04,5.0200000000000005,2.5,1.49,-2.3000000000000003,0.2,2.3000000000000003,301.1,-0.1,-12.0,2.3000000000000003,9.9,-82.9,0.0,0.0,219.8,0.0,21.9,30.3,30.3,33.4,300.0,300.0,29.5,35.7,32.0,31.5,33.800000000000004,4.95,2.0,4.96,0.16,0.0,0.0,1027.0,8228.0,0.0,0.0,0.0,0.0,0.0,1.0,0.0,0.0,0.0,-0.001,0.0,0.1,0.0,-12.9,-12.8,0.0159,16.0,25903.0
2026-07-30T18:57:51.337Z,40.82,40.83,-7.4,7.4,0.0,0.0,0.0,0.0,0.0,1.0,1.0,0.0,1.0,0.0,0.0,0.0,8.0,6.0,0.0,0.0,0.0,0.0,0.0,0.0,0.0,0.0,2.0,12.0,1.0,12.04,5.0200000000000005,2.5,1.49,-2.3000000000000003,0.3,2.3000000000000003,300.90000000000003,-0.1,-11.4,2.3000000000000003,11.0,-82.9,0.0,0.0,219.7,0.0,21.9,30.3,30.3,33.4,300.0,300.0,29.5,35.7,32.0,31.5,33.800000000000004,4.96,2.0,4.96,0.16,0.0,0.0,1027.0,8228.0,0.0,0.0,0.0,0.0,0.0,1.0,0.0,0.0,0.0,-0.001,0.0,0.0,0.0,-14.3,-12.8,0.0158,16.0,25903.0
2026-07-30T18:57:51.347Z,40.83,40.842,-7.4,7.4,0.0,0.0,0.0,0.0,0.0,1.0,1.0,0.0,1.0,0.0,0.0,0.0,8.0,6.0,0.0,0.0,0.0,0.0,0.0,0.0,0.0,0.0,1.0,12.0,1.0,12.04,5.0200000000000005,2.5,1.49,-2.3000000000000003,0.2,2.3000000000000003,301.1,0.0,-10.9,2.9000000000000004,11.0,-82.9,0.0,0.0,219.6,0.0,21.9,30.3,30.3,33.4,300.0,300.0,29.5,35.7,32.0,31.5,33.800000000000004,4.96,2.0,4.96,0.16,0.0,0.0,1027.0,8228.0,0.0,0.0,0.0,0.0,0.0,1.0,0.0,0.0,0.0,-0.001,0.0,0.4,0.0,-14.7,-12.8,0.0156,16.0,25903.0
2026-07-30T18:57:51.359Z,40.842,40.854,-7.5,7.4,0.0,0.0,0.0,0.0,0.0,1.0,1.0,0.0,1.0,0.0,0.0,0.0,8.0,6.0,0.0,0.0,0.0,0.0,0.0,0.0,0.0,0.0,3.0,12.0,1.0,12.04,5.0200000000000005,2.5,1.49,-2.2,0.3,2.3000000000000003,300.90000000000003,-0.1,-11.4,1.7000000000000002,11.6,-82.9,0.0,0.0,219.6,0.0,21.9,30.3,30.3,33.4,300.0,300.0,29.5,35.7,32.0,31.5,33.800000000000004,4.96,1.99,4.96,0.16,0.0,0.0,1027.0,8228.0,0.0,0.0,0.0,0.0,0.0,1.0,0.0,0.0,0.0,-0.001,0.0,-0.7000000000000001,0.0,-14.5,-12.8,0.0155,16.0,25903.0
2026-07-30T18:57:51.371Z,40.854,40.866,-7.5,7.4,0.0,0.0,0.0,0.0,0.0,1.0,1.0,0.0,1.0,0.0,0.0,0.0,8.0,6.0,0.0,0.0,0.0,0.0,0.0,0.0,0.0,0.0,4.0,12.0,1.0,12.04,5.0200000000000005,2.5,1.49,-2.3000000000000003,0.3,2.3000000000000003,301.0,0.0,-12.0,1.7000000000000002,9.3,-82.9,0.0,0.0,219.7,0.0,21.9,30.3,30.3,33.4,300.0,300.0,29.5,35.7,32.0,31.5,33.800000000000004,4.96,2.0,4.96,0.16,0.0,0.0,1027.0,8228.0,0.0,0.0,0.0,0.0,0.0,1.0,0.0,0.0,0.0,-0.001,0.0,-0.2,0.0,-11.8,-12.7,0.0154,16.0,25903.0
2026-07-30T18:57:51.383Z,40.866,40.878,-7.4,7.4,0.0,0.0,0.0,0.0,0.0,1.0,1.0,0.0,1.0,0.0,0.0,0.0,8.0,6.0,0.0,0.0,0.0,0.0,0.0,0.0,0.0,0.0,5.0,12.0,1.0,12.04,5.0200000000000005,2.5,1.49,-2.2,0.2,2.2,301.1,0.0,-10.9,3.5,11.6,-82.9,0.0,0.0,219.8,0.0,21.9,30.3,30.3,33.4,300.0,300.0,29.5,35.7,32.0,31.5,33.800000000000004,4.95,2.0,4.96,0.16,0.0,0.0,1027.0,8228.0,0.0,0.0,0.0,0.0,0.0,1.0,0.0,0.0,0.0,-0.001,0.0,0.8,0.0,-15.8,-12.7,0.0159,16.0,25903.0
2026-07-30T18:57:51.395Z,40.878,40.89,-7.4,7.4,0.0,0.0,0.0,0.0,0.0,1.0,1.0,0.0,1.0,0.0,0.0,0.0,8.0,6.0,0.0,0.0,0.0,0.0,0.0,0.0,0.0,0.0,6.0,12.0,1.0,12.04,5.0200000000000005,2.5,1.49,-2.3000000000000003,0.2,2.4000000000000004,300.90000000000003,0.0,-12.6,2.9000000000000004,8.700000000000001,-82.9,0.0,0.0,219.7,0.0,21.9,30.3,30.3,33.4,300.0,300.0,29.5,35.7,32.0,31.5,33.800000000000004,4.95,2.0,4.96,0.16,0.0,0.0,1027.0,8228.0,0.0,0.0,0.0,0.0,0.0,1.0,0.0,0.0,0.0,-0.001,0.0,0.8,0.0,-12.0,-12.8,0.0151,16.0,25903.0
2026-07-30T18:57:51.408Z,40.891,40.902,-7.5,7.4,0.0,0.0,0.0,0.0,0.0,1.0,1.0,0.0,1.0,0.0,0.0,0.0,8.0,6.0,0.0,0.0,0.0,0.0,0.0,0.0,0.0,0.0,6.0,12.0,1.0,12.05,5.01,2.51,1.49,-2.2,0.2,2.3000000000000003,301.0,0.0,-12.0,2.9000000000000004,11.0,-82.9,0.0,0.0,219.7,0.0,22.1,30.3,30.3,33.5,300.0,300.0,29.4,35.7,32.0,31.5,33.9,4.96,2.0,4.96,0.16,0.0,0.0,1027.0,8228.0,0.0,0.0,0.0,0.0,0.0,1.0,0.0,0.0,0.0,-0.001,0.0,0.4,0.0,-14.7,-12.8,0.016,16.0,25903.0
2026-07-30T18:57:51.419Z,40.902,40.914,-7.5,7.4,0.0,0.0,0.0,0.0,0.0,1.0,1.0,0.0,1.0,0.0,0.0,0.0,8.0,6.0,0.0,0.0,0.0,0.0,0.0,0.0,0.0,0.0,1.0,12.0,1.0,12.05,5.01,2.51,1.49,-2.4000000000000004,0.2,2.4000000000000004,301.0,0.0,-12.6,1.7000000000000002,8.700000000000001,-82.9,0.0,0.0,219.7,0.0,22.1,30.3,30.3,33.5,300.0,300.0,29.4,35.7,32.0,31.5,33.9,4.96,2.0,4.96,0.16,0.0,0.0,1027.0,8228.0,0.0,0.0,0.0,0.0,0.0,1.0,0.0,0.0,0.0,-0.001,0.0,-0.1,0.0,-11.2,-12.7,0.0153,16.0,25903.0
2026-07-30T18:57:51.431Z,40.914,40.926,-7.4,7.4,0.0,0.0,0.0,0.0,0.0,1.0,1.0,0.0,1.0,0.0,0.0,0.0,8.0,6.0,0.0,0.0,0.0,0.0,0.0,0.0,0.0,0.0,2.0,12.0,1.0,12.05,5.01,2.51,1.49,-2.3000000000000003,0.2,2.3000000000000003,301.1,0.0,-12.0,2.9000000000000004,9.3,-82.9,0.0,0.0,219.8,0.0,22.1,30.3,30.3,33.5,300.0,300.0,29.4,35.7,32.0,31.5,33.9,4.95,2.0,4.96,0.16,0.0,0.0,1027.0,8228.0,0.0,0.0,0.0,0.0,0.0,1.0,0.0,0.0,0.0,-0.001,0.0,0.7000000000000001,0.0,-12.7,-12.8,0.0162,16.0,25903.0
2026-07-30T18:57:51.443Z,40.926,40.938,-7.4,7.4,0.0,0.0,0.0,0.0,0.0,1.0,1.0,0.0,1.0,0.0,0.0,0.0,8.0,6.0,0.0,0.0,0.0,0.0,0.0,0.0,0.0,0.0,3.0,12.0,1.0,12.05,5.01,2.51,1.49,-2.3000000000000003,0.3,2.3000000000000003,301.1,0.0,-12.6,1.7000000000000002,10.4,-82.9,0.0,0.0,219.8,0.0,22.1,30.3,30.3,33.5,300.0,300.0,29.4,35.7,32.0,31.5,33.9,4.95,2.0,4.96,0.16,0.0,0.0,1027.0,8228.0,0.0,0.0,0.0,0.0,0.0,1.0,0.0,0.0,0.0,-0.001,0.0,-0.5,0.0,-13.2,-12.8,0.0158,16.0,25903.0
2026-07-30T18:57:51.455Z,40.938,40.95,-7.5,7.4,0.0,0.0,0.0,0.0,0.0,1.0,1.0,0.0,1.0,0.0,0.0,0.0,8.0,6.0,0.0,0.0,0.0,0.0,0.0,0.0,0.0,0.0,5.0,12.0,1.0,12.05,5.01,2.51,1.49,-2.4000000000000004,0.2,2.4000000000000004,301.1,0.0,-12.6,1.1,8.1,-82.9,0.0,0.0,219.7,0.0,22.1,30.3,30.3,33.5,300.0,300.0,29.4,35.7,32.0,31.5,33.9,4.96,2.0,4.96,0.16,0.0,0.0,1027.0,8228.0,0.0,0.0,0.0,0.0,0.0,1.0,0.0,0.0,0.0,-0.001,0.0,-0.5,0.0,-10.1,-12.8,0.0158,16.0,25903.0
2026-07-30T18:57:51.466Z,40.949,40.962,-7.5,7.4,0.0,0.0,0.0,0.0,0.0,1.0,1.0,0.0,1.0,0.0,0.0,0.0,8.0,6.0,0.0,0.0,0.0,0.0,0.0,0.0,0.0,0.0,6.0,12.0,1.0,12.05,5.01,2.51,1.49,-2.3000000000000003,0.2,2.3000000000000003,300.90000000000003,-0.1,-13.2,1.7000000000000002,10.4,-82.9,0.0,0.0,219.7,0.0,22.1,30.3,30.3,33.5,300.0,300.0,29.4,35.7,32.0,31.5,33.9,4.96,2.0,4.96,0.16,0.0,0.0,1027.0,8228.0,0.0,0.0,0.0,0.0,0.0,1.0,0.0,0.0,0.0,-0.001,0.0,-0.4,0.0,-13.2,-12.7,0.0164,16.0,25903.0
2026-07-30T18:57:51.479Z,40.962,40.974,-7.4,7.4,0.0,0.0,0.0,0.0,0.0,1.0,1.0,0.0,1.0,0.0,0.0,0.0,8.0,6.0,0.0,0.0,0.0,0.0,0.0,0.0,0.0,0.0,6.0,12.0,1.0,12.05,5.01,2.51,1.49,-2.4000000000000004,0.2,2.4000000000000004,301.1,-0.1,-13.8,2.3000000000000003,8.1,-83.0,0.0,0.0,219.8,0.0,22.1,30.3,30.3,33.5,300.0,300.0,29.4,35.7,32.0,31.5,33.9,4.96,2.0,4.96,0.16,0.0,0.0,1027.0,8228.0,0.0,0.0,0.0,0.0,0.0,1.0,0.0,0.0,0.0,-0.001,0.0,0.4,0.0,-10.9,-12.7,0.0158,16.0,25903.0
2026-07-30T18:57:51.491Z,40.974,40.986,-7.5,7.4,0.0,0.0,0.0,0.0,0.0,1.0,1.0,0.0,1.0,0.0,0.0,0.0,8.0,6.0,0.0,0.0,0.0,0.0,0.0,0.0,0.0,0.0,1.0,12.0,1.0,12.05,5.01,2.51,1.49,-2.4000000000000004,0.3,2.4000000000000004,301.1,-0.1,-13.2,0.5,8.1,-83.0,0.0,0.0,219.8,0.0,22.1,30.3,30.3,33.5,300.0,300.0,29.4,35.7,32.0,31.5,33.9,4.96,2.0,4.96,0.15,0.0,0.0,1027.0,8228.0,0.0,0.0,0.0,0.0,0.0,1.0,0.0,0.0,0.0,-0.001,0.0,-1.0,0.0,-9.6,-12.8,0.0163,16.0,25903.0
2026-07-30T18:57:51.503Z,40.986,40.998,-7.5,7.4,0.0,0.0,0.0,0.0,0.0,1.0,1.0,0.0,1.0,0.0,0.0,0.0,8.0,6.0,0.0,0.0,0.0,0.0,0.0,0.0,0.0,0.0,2.0,12.0,1.0,12.05,5.01,2.51,1.49,-2.3000000000000003,0.3,2.4000000000000004,301.0,-0.1,-11.4,1.1,9.9,-83.0,0.0,0.0,219.7,0.0,22.1,30.3,30.3,33.5,300.0,300.0,29.4,35.7,32.0,31.5,33.9,4.95,2.0,4.96,0.15,0.0,0.0,1027.0,8228.0,0.0,0.0,0.0,0.0,0.0,1.0,0.0,0.0,0.0,-0.001,0.0,-0.8,0.0,-12.1,-12.8,0.0166,16.0,25903.0
2026-07-30T18:57:51.515Z,40.998,41.01,-7.5,7.4,0.0,0.0,0.0,0.0,0.0,1.0,1.0,0.0,1.0,0.0,0.0,0.0,8.0,6.0,0.0,0.0,0.0,0.0,0.0,0.0,0.0,0.0,3.0,12.0,1.0,12.01,5.01,2.5,1.5,-2.4000000000000004,0.2,2.4000000000000004,301.1,-0.1,-12.0,1.7000000000000002,8.1,-83.0,0.0,0.0,219.7,0.0,22.1,30.4,30.3,33.5,300.0,300.0,29.6,35.7,32.0,31.5,33.9,4.95,2.0,4.96,0.16,0.0,0.0,1027.0,8228.0,0.0,0.0,0.0,0.0,0.0,1.0,0.0,0.0,0.0,-0.001,0.0,0.0,0.0,-10.5,-12.7,0.016,16.0,25903.0
2026-07-30T18:57:51.527Z,41.01,41.022,-7.4,7.4,0.0,0.0,0.0,0.0,0.0,1.0,1.0,0.0,1.0,0.0,0.0,0.0,8.0,6.0,0.0,0.0,0.0,0.0,0.0,0.0,0.0,0.0,4.0,12.0,1.0,12.01,5.01,2.5,1.5,-2.3000000000000003,0.2,2.3000000000000003,301.1,-0.1,-11.4,2.9000000000000004,8.700000000000001,-83.0,0.0,0.0,219.7,0.0,22.1,30.4,30.3,33.5,300.0,300.0,29.6,35.7,32.0,31.5,33.9,4.96,2.0,4.96,0.16,0.0,0.0,1027.0,8228.0,0.0,0.0,0.0,0.0,0.0,1.0,0.0,0.0,0.0,-0.001,0.0,0.8,0.0,-12.0,-12.7,0.0162,16.0,25903.0
2026-07-30T18:57:51.539Z,41.022,41.034,-7.4,7.4,0.0,0.0,0.0,0.0,0.0,1.0,1.0,0.0,1.0,0.0,0.0,0.0,8.0,6.0,0.0,0.0,0.0,0.0,0.0,0.0,0.0,0.0,6.0,12.0,1.0,12.01,5.01,2.5,1.5,-2.3000000000000003,0.2,2.3000000000000003,301.0,-0.1,-12.6,2.9000000000000004,9.3,-83.0,0.0,0.0,219.8,0.0,22.1,30.4,30.3,33.5,300.0,300.0,29.6,35.7,32.0,31.5,33.9,4.95,2.0,4.97,0.16,0.0,0.0,1027.0,8228.0,0.0,0.0,0.0,0.0,0.0,1.0,0.0,0.0,0.0,-0.001,0.0,0.7000000000000001,0.0,-12.7,-12.8,0.0159,16.0,25903.0
2026-07-30T18:57:51.551Z,41.034,41.046,-7.4,7.4,0.0,0.0,0.0,0.0,0.0,1.0,1.0,0.0,1.0,0.0,0.0,0.0,8.0,6.0,0.0,0.0,0.0,0.0,0.0,0.0,0.0,0.0,6.0,12.0,1.0,12.01,5.01,2.5,1.5,-2.4000000000000004,0.3,2.4000000000000004,301.1,-0.1,-12.0,1.1,9.3,-83.0,0.0,0.0,219.8,0.0,22.1,30.4,30.3,33.5,300.0,300.0,29.6,35.7,32.0,31.5,33.9,4.95,2.0,4.96,0.16,0.0,0.0,1027.0,8228.0,0.0,0.0,0.0,0.0,0.0,1.0,0.0,0.0,0.0,-0.001,0.0,-0.7000000000000001,0.0,-11.4,-12.9,0.0158,16.0,25903.0
2026-07-30T18:57:51.563Z,41.046,41.058,-7.5,7.4,0.0,0.0,0.0,0.0,0.0,1.0,1.0,0.0,1.0,0.0,0.0,0.0,8.0,6.0,0.0,0.0,0.0,0.0,0.0,0.0,0.0,0.0,1.0,12.0,1.0,12.01,5.01,2.5,1.5,-2.3000000000000003,0.2,2.3000000000000003,301.1,-0.1,-12.0,3.5,11.0,-83.0,0.0,0.0,219.6,0.0,22.1,30.4,30.3,33.5,300.0,300.0,29.6,35.7,32.0,31.5,33.9,4.95,2.0,4.96,0.16,0.0,0.0,1027.0,8228.0,0.0,0.0,0.0,0.0,0.0,1.0,0.0,0.0,0.0,-0.001,0.0,0.9,0.0,-15.1,-12.9,0.0163,16.0,25903.0
2026-07-30T18:57:51.575Z,41.058,41.07,-7.5,7.4,0.0,0.0,0.0,0.0,0.0,1.0,1.0,0.0,1.0,0.0,0.0,0.0,8.0,6.0,0.0,0.0,0.0,0.0,0.0,0.0,0.0,0.0,3.0,12.0,1.0,12.01,5.01,2.5,1.5,-2.2,0.2,2.3000000000000003,301.0,-0.1,-11.4,2.9000000000000004,11.0,-83.0,0.0,0.0,219.6,0.0,22.1,30.4,30.3,33.5,300.0,300.0,29.6,35.7,32.0,31.5,33.9,4.96,2.0,4.96,0.16,0.0,0.0,1027.0,8228.0,0.0,0.0,0.0,0.0,0.0,1.0,0.0,0.0,0.0,-0.001,0.0,0.4,0.0,-14.7,-12.8,0.0154,16.0,25903.0
2026-07-30T18:57:51.587Z,41.07,41.082,-7.5,7.4,0.0,0.0,0.0,0.0,0.0,1.0,1.0,0.0,1.0,0.0,0.0,0.0,8.0,6.0,0.0,0.0,0.0,0.0,0.0,0.0,0.0,0.0,4.0,12.0,1.0,12.01,5.01,2.5,1.5,-2.3000000000000003,0.2,2.3000000000000003,301.1,-0.1,-10.3,2.3000000000000003,10.4,-82.9,0.0,0.0,219.7,0.0,22.1,30.4,30.3,33.5,300.0,300.0,29.6,35.7,32.0,31.5,33.9,4.95,2.0,4.97,0.16,0.0,0.0,1027.0,8228.0,0.0,0.0,0.0,0.0,0.0,1.0,0.0,0.0,0.0,-0.001,0.0,0.0,0.0,-13.6,-12.7,0.0154,16.0,25903.0
2026-07-30T18:57:51.599Z,41.082,41.094,-7.4,7.4,0.0,0.0,0.0,0.0,0.0,1.0,1.0,0.0,1.0,0.0,0.0,0.0,8.0,6.0,0.0,0.0,0.0,0.0,0.0,0.0,0.0,0.0,5.0,12.0,1.0,12.01,5.01,2.5,1.5,-2.2,0.2,2.2,300.90000000000003,-0.1,-12.0,2.9000000000000004,12.2,-82.9,0.0,0.0,219.8,0.0,22.1,30.4,30.3,33.5,300.0,300.0,29.6,35.7,32.0,31.5,33.9,4.96,1.99,4.96,0.16,0.0,0.0,1027.0,8228.0,0.0,0.0,0.0,0.0,0.0,1.0,0.0,0.0,0.0,-0.001,0.0,0.1,0.0,-16.0,-12.7,0.016,16.0,25903.0
2026-07-30T18:57:51.612Z,41.095,41.106,-7.4,7.4,0.0,0.0,0.0,0.0,0.0,1.0,1.0,0.0,1.0,0.0,0.0,0.0,8.0,6.0,0.0,0.0,0.0,0.0,0.0,0.0,0.0,0.0,6.0,12.0,1.0,12.05,5.01,2.5,1.49,-2.3000000000000003,0.2,2.3000000000000003,301.0,-0.1,-11.4,2.9000000000000004,9.3,-82.9,0.0,0.0,219.7,0.0,22.200000000000003,30.4,30.4,33.5,300.0,300.0,29.5,35.5,32.0,31.5,33.9,4.96,2.0,4.96,0.16,0.0,0.0,1027.0,8228.0,0.0,0.0,0.0,0.0,0.0,1.0,0.0,0.0,0.0,-0.001,0.0,0.7000000000000001,0.0,-12.7,-12.8,0.016,16.0,25903.0
2026-07-30T18:57:51.622Z,41.105,41.118,-7.4,7.4,0.0,0.0,0.0,0.0,0.0,1.0,1.0,0.0,1.0,0.0,0.0,0.0,8.0,6.0,0.0,0.0,0.0,0.0,0.0,0.0,0.0,0.0,6.0,12.0,1.0,12.05,5.01,2.5,1.49,-2.3000000000000003,0.2,2.3000000000000003,301.1,-0.1,-12.0,2.3000000000000003,9.9,-82.9,0.0,0.0,219.7,0.0,22.200000000000003,30.4,30.4,33.5,300.0,300.0,29.5,35.5,32.0,31.5,33.9,4.95,2.0,4.96,0.16,0.0,0.0,1027.0,8228.0,0.0,0.0,0.0,0.0,0.0,1.0,0.0,0.0,0.0,-0.001,0.0,0.1,0.0,-12.9,-12.9,0.0155,16.0,25903.0
2026-07-30T18:57:51.635Z,41.118,41.13,-7.4,7.4,0.0,0.0,0.0,0.0,0.0,1.0,1.0,0.0,1.0,0.0,0.0,0.0,8.0,6.0,0.0,0.0,0.0,0.0,0.0,0.0,0.0,0.0,1.0,12.0,1.0,12.05,5.01,2.5,1.49,-2.3000000000000003,0.2,2.3000000000000003,301.0,-0.1,-11.4,2.9000000000000004,10.4,-82.9,0.0,0.0,219.7,0.0,22.200000000000003,30.4,30.4,33.5,300.0,300.0,29.5,35.5,32.0,31.5,33.9,4.95,2.0,4.97,0.16,0.0,0.0,1027.0,8228.0,0.0,0.0,0.0,0.0,0.0,1.0,0.0,0.0,0.0,-0.001,0.0,0.5,0.0,-14.0,-12.8,0.0161,16.0,25903.0
2026-07-30T18:57:51.652Z,41.135,41.142,-7.5,7.4,0.0,0.0,0.0,0.0,0.0,1.0,1.0,0.0,1.0,0.0,0.0,0.0,8.0,6.0,0.0,0.0,0.0,0.0,0.0,0.0,0.0,0.0,2.0,12.0,1.0,12.05,5.01,2.5,1.49,-2.4000000000000004,0.3,2.4000000000000004,301.2,-0.1,-12.0,0.5,9.3,-83.0,0.0,0.0,219.7,0.0,22.200000000000003,30.4,30.4,33.5,300.0,300.0,29.5,35.5,32.0,31.5,33.9,4.96,2.0,4.96,0.16,0.0,0.0,1027.0,8228.0,0.0,0.0,0.0,0.0,0.0,1.0,0.0,0.0,0.0,-0.001,0.0,-1.2000000000000002,0.0,-11.0,-12.8,0.0157,16.0,25903.0
2026-07-30T18:57:51.659Z,41.142,41.154,-7.5,7.4,0.0,0.0,0.0,0.0,0.0,1.0,1.0,0.0,1.0,0.0,0.0,0.0,8.0,6.0,0.0,0.0,0.0,0.0,0.0,0.0,0.0,0.0,1.0,12.0,1.0,12.05,5.01,2.5,1.49,-2.2,0.2,2.2,301.1,-0.1,-12.0,3.5,11.0,-83.0,0.0,0.0,219.8,0.0,22.200000000000003,30.4,30.4,33.5,300.0,300.0,29.5,35.5,32.0,31.5,33.9,4.96,2.0,4.96,0.16,0.0,0.0,1027.0,8228.0,0.0,0.0,0.0,0.0,0.0,1.0,0.0,0.0,0.0,-0.001,0.0,0.9,0.0,-15.1,-12.7,0.0162,16.0,25903.0
2026-07-30T18:57:51.671Z,41.154,41.166,-7.5,7.4,0.0,0.0,0.0,0.0,0.0,1.0,1.0,0.0,1.0,0.0,0.0,0.0,8.0,6.0,0.0,0.0,0.0,0.0,0.0,0.0,0.0,0.0,2.0,12.0,1.0,12.05,5.01,2.5,1.49,-2.2,0.2,2.2,301.0,-0.1,-11.4,3.5,11.0,-83.0,0.0,0.0,219.8,0.0,22.200000000000003,30.4,30.4,33.5,300.0,300.0,29.5,35.5,32.0,31.5,33.9,4.95,2.01,4.96,0.16,0.0,0.0,1027.0,8228.0,0.0,0.0,0.0,0.0,0.0,1.0,0.0,0.0,0.0,-0.001,0.0,-0.3,0.0,-12.5,-12.7,0.016,16.0,25903.0
2026-07-30T18:57:51.683Z,41.166,41.178,-7.4,7.4,0.0,0.0,0.0,0.0,0.0,1.0,1.0,0.0,1.0,0.0,0.0,0.0,8.0,6.0,0.0,0.0,0.0,0.0,0.0,0.0,0.0,0.0,3.0,12.0,1.0,12.05,5.01,2.5,1.49,-2.4000000000000004,0.3,2.3000000000000003,301.0,-0.1,-12.0,1.1,9.9,-83.0,0.0,0.0,219.9,0.0,22.200000000000003,30.4,30.4,33.5,300.0,300.0,29.5,35.5,32.0,31.5,33.9,4.95,2.01,4.96,0.16,0.0,0.0,1027.0,8228.0,0.0,0.0,0.0,0.0,0.0,1.0,0.0,0.0,0.0,-0.001,0.0,-0.3,0.0,-8.700000000000001,-12.6,0.0156,16.0,25903.0
2026-07-30T18:57:51.695Z,41.178,41.19,-7.5,7.4,0.0,0.0,0.0,0.0,0.0,1.0,1.0,0.0,1.0,0.0,0.0,0.0,8.0,6.0,0.0,0.0,0.0,0.0,0.0,0.0,0.0,0.0,5.0,12.0,1.0,12.05,5.01,2.5,1.49,-2.4000000000000004,0.3,2.4000000000000004,301.0,-0.1,-11.4,1.7000000000000002,8.700000000000001,-82.9,0.0,0.0,219.8,0.0,22.200000000000003,30.4,30.4,33.5,300.0,300.0,29.5,35.5,32.0,31.5,33.9,4.95,2.0,4.96,0.16,0.0,0.0,1027.0,8228.0,0.0,0.0,0.0,0.0,0.0,1.0,0.0,0.0,0.0,-0.001,0.0,-1.1,0.0,-10.3,-12.8,0.0166,16.0,25903.0
2026-07-30T18:57:51.707Z,41.19,41.202,-7.5,7.4,0.0,0.0,0.0,0.0,0.0,1.0,1.0,0.0,1.0,0.0,0.0,0.0,8.0,6.0,0.0,0.0,0.0,0.0,0.0,0.0,0.0,0.0,6.0,12.0,1.0,12.05,5.01,2.5,1.49,-2.3000000000000003,0.2,2.3000000000000003,301.1,-0.1,-12.0,1.7000000000000002,9.3,-82.9,0.0,0.0,219.7,0.0,22.200000000000003,30.4,30.4,33.5,300.0,300.0,29.5,35.5,32.0,31.5,33.9,4.95,2.0,4.97,0.16,0.0,0.0,1027.0,8228.0,0.0,0.0,0.0,0.0,0.0,1.0,0.0,0.0,0.0,-0.001,0.0,0.3,0.0,-11.6,-12.7,0.0162,16.0,25903.0
2026-07-30T18:57:51.719Z,41.202,41.214,-7.5,7.4,0.0,0.0,0.0,0.0,0.0,1.0,1.0,0.0,1.0,0.0,0.0,0.0,8.0,6.0,0.0,0.0,0.0,0.0,0.0,0.0,0.0,0.0,2.0,12.0,1.0,12.05,5.0200000000000005,2.51,1.49,-2.3000000000000003,0.2,2.3000000000000003,300.90000000000003,-0.1,-12.6,2.3000000000000003,9.3,-82.9,0.0,0.0,219.7,0.0,22.1,30.4,30.4,33.5,300.0,300.0,29.5,35.5,32.1,31.5,33.9,4.95,1.99,4.97,0.16,0.0,0.0,1027.0,8228.0,0.0,0.0,0.0,0.0,0.0,1.0,0.0,0.0,0.0,-0.001,0.0,0.2,0.0,-12.3,-12.7,0.0159,16.0,25903.0
2026-07-30T18:57:51.731Z,41.214,41.226,-7.4,7.4,0.0,0.0,0.0,0.0,0.0,1.0,1.0,0.0,1.0,0.0,0.0,0.0,8.0,6.0,0.0,0.0,0.0,0.0,0.0,0.0,0.0,0.0,3.0,12.0,1.0,12.05,5.0200000000000005,2.51,1.49,-2.3000000000000003,0.3,2.3000000000000003,301.1,-0.1,-12.6,1.7000000000000002,10.4,-82.9,0.0,0.0,219.7,0.0,22.1,30.4,30.4,33.5,300.0,300.0,29.5,35.5,32.1,31.5,33.9,4.96,1.99,4.96,0.16,0.0,0.0,1027.0,8228.0,0.0,0.0,0.0,0.0,0.0,1.0,0.0,0.0,0.0,-0.001,0.0,-0.4,0.0,-13.2,-12.7,0.0157,16.0,25903.0
2026-07-30T18:57:51.743Z,41.226,41.238,-7.5,7.4,0.0,0.0,0.0,0.0,0.0,1.0,1.0,0.0,1.0,0.0,0.0,0.0,8.0,6.0,0.0,0.0,0.0,0.0,0.0,0.0,0.0,0.0,4.0,12.0,1.0,12.05,5.0200000000000005,2.51,1.49,-2.3000000000000003,0.2,2.3000000000000003,301.1,-0.1,-12.0,1.7000000000000002,9.3,-82.9,0.0,0.0,219.7,0.0,22.1,30.4,30.4,33.5,300.0,300.0,29.5,35.5,32.1,31.5,33.9,4.95,2.0,4.96,0.16,0.0,0.0,1027.0,8228.0,0.0,0.0,0.0,0.0,0.0,1.0,0.0,0.0,0.0,-0.001,0.0,-0.2,0.0,-11.8,-12.8,0.0156,16.0,25903.0
2026-07-30T18:57:51.754Z,41.237,41.25,-7.5,7.4,0.0,0.0,0.0,0.0,0.0,1.0,1.0,0.0,1.0,0.0,0.0,0.0,8.0,6.0,0.0,0.0,0.0,0.0,0.0,0.0,0.0,0.0,4.0,12.0,1.0,12.05,5.0200000000000005,2.51,1.49,-2.2,0.2,2.3000000000000003,301.0,-0.1,-11.4,3.5,9.9,-82.9,0.0,0.0,219.7,0.0,22.1,30.4,30.4,33.5,300.0,300.0,29.5,35.5,32.1,31.5,33.9,4.95,1.99,4.96,0.16,0.0,0.0,1027.0,8228.0,0.0,0.0,0.0,0.0,0.0,1.0,0.0,0.0,0.0,-0.001,0.0,1.1,0.0,-13.8,-12.7,0.0157,16.0,25903.0
2026-07-30T18:57:51.767Z,41.25,41.262,-7.4,7.4,0.0,0.0,0.0,0.0,0.0,1.0,1.0,0.0,1.0,0.0,0.0,0.0,8.0,6.0,0.0,0.0,0.0,0.0,0.0,0.0,0.0,0.0,5.0,12.0,1.0,12.05,5.0200000000000005,2.51,1.49,-2.3000000000000003,0.2,2.3000000000000003,301.1,-0.1,-10.9,2.3000000000000003,9.9,-82.9,0.0,0.0,219.8,0.0,22.1,30.4,30.4,33.5,300.0,300.0,29.5,35.5,32.1,31.5,33.9,4.96,2.0,4.96,0.16,0.0,0.0,1027.0,8228.0,0.0,0.0,0.0,0.0,0.0,1.0,0.0,0.0,0.0,-0.001,0.0,0.1,0.0,-12.9,-12.7,0.0153,16.0,25903.0
2026-07-30T18:57:51.779Z,41.262,41.274,-7.4,7.4,0.0,0.0,0.0,0.0,0.0,1.0,1.0,0.0,1.0,0.0,0.0,0.0,8.0,6.0,0.0,0.0,0.0,0.0,0.0,0.0,0.0,0.0,6.0,12.0,1.0,12.05,5.0200000000000005,2.51,1.49,-2.3000000000000003,0.3,2.3000000000000003,301.2,-0.1,-11.4,2.3000000000000003,9.9,-82.80000000000001,0.0,0.0,219.9,0.0,22.1,30.4,30.4,33.5,300.0,300.0,29.5,35.5,32.1,31.5,33.9,4.96,2.0,4.96,0.16,0.0,0.0,1027.0,8228.0,0.0,0.0,0.0,0.0,0.0,1.0,0.0,0.0,0.0,-0.001,0.0,0.1,0.0,-12.9,-12.8,0.0155,16.0,25903.0
2026-07-30T18:57:51.790Z,41.273,41.286,-7.5,7.4,0.0,0.0,0.0,0.0,0.0,1.0,1.0,0.0,1.0,0.0,0.0,0.0,8.0,6.0,0.0,0.0,0.0,0.0,0.0,0.0,0.0,0.0,6.0,12.0,1.0,12.05,5.0200000000000005,2.51,1.49,-2.2,0.2,2.3000000000000003,300.90000000000003,-0.1,-10.9,2.9000000000000004,10.4,-82.80000000000001,0.0,0.0,219.7,0.0,22.1,30.4,30.4,33.5,300.0,300.0,29.5,35.5,32.1,31.5,33.9,4.96,2.0,4.97,0.16,0.0,0.0,1027.0,8228.0,0.0,0.0,0.0,0.0,0.0,1.0,0.0,0.0,0.0,-0.001,0.0,0.5,0.0,-14.0,-12.8,0.0156,16.0,25903.0
2026-07-30T18:57:51.803Z,41.286,41.298,-7.4,7.4,0.0,0.0,0.0,0.0,0.0,1.0,1.0,0.0,1.0,0.0,0.0,0.0,8.0,6.0,0.0,0.0,0.0,0.0,0.0,0.0,0.0,0.0,1.0,12.0,1.0,12.05,5.0200000000000005,2.51,1.49,-2.2,0.2,2.2,301.0,-0.1,-10.9,2.9000000000000004,11.0,-82.80000000000001,0.0,0.0,219.5,0.0,22.1,30.4,30.4,33.5,300.0,300.0,29.5,35.5,32.1,31.5,33.9,4.96,2.0,4.96,0.16,0.0,0.0,1027.0,8228.0,0.0,0.0,0.0,0.0,0.0,1.0,0.0,0.0,0.0,-0.001,0.0,0.4,0.0,-14.7,-12.7,0.0153,16.0,25903.0
2026-07-30T18:57:51.816Z,41.299,41.31,-7.4,7.4,0.0,0.0,0.0,0.0,0.0,1.0,1.0,0.0,1.0,0.0,0.0,0.0,8.0,6.0,0.0,0.0,0.0,0.0,0.0,0.0,0.0,0.0,3.0,12.0,1.0,12.06,5.0200000000000005,2.51,1.49,-2.2,0.2,2.2,301.1,-0.1,-10.3,2.9000000000000004,12.2,-82.80000000000001,0.0,0.0,219.7,0.0,22.1,30.4,30.4,33.6,300.0,300.0,29.6,35.6,32.1,31.5,33.9,4.96,2.0,4.96,0.16,0.0,0.0,1027.0,8228.0,0.0,0.0,0.0,0.0,0.0,1.0,0.0,0.0,0.0,-0.001,0.0,0.2,0.0,-16.0,-12.8,0.0153,16.0,25903.0
2026-07-30T18:57:51.827Z,41.31,41.322,-7.4,7.4,0.0,0.0,0.0,0.0,0.0,1.0,1.0,0.0,1.0,0.0,0.0,0.0,8.0,6.0,0.0,0.0,0.0,0.0,0.0,0.0,0.0,0.0,4.0,12.0,1.0,12.06,5.0200000000000005,2.51,1.49,-2.3000000000000003,0.2,2.3000000000000003,301.0,-0.1,-10.9,2.3000000000000003,9.9,-82.80000000000001,0.0,0.0,219.8,0.0,22.1,30.4,30.4,33.6,300.0,300.0,29.6,35.6,32.1,31.5,33.9,4.95,2.0,4.96,0.16,0.0,0.0,1027.0,8228.0,0.0,0.0,0.0,0.0,0.0,1.0,0.0,0.0,0.0,-0.001,0.0,0.1,0.0,-12.9,-12.8,0.015,16.0,25903.0
2026-07-30T18:57:51.839Z,41.322,41.334,-7.5,7.4,0.0,0.0,0.0,0.0,0.0,1.0,1.0,0.0,1.0,0.0,0.0,0.0,8.0,6.0,0.0,0.0,0.0,0.0,0.0,0.0,0.0,0.0,5.0,12.0,1.0,12.06,5.0200000000000005,2.51,1.49,-2.3000000000000003,0.2,2.3000000000000003,301.0,-0.1,-11.4,2.9000000000000004,9.9,-82.80000000000001,0.0,0.0,219.8,0.0,22.1,30.4,30.4,33.6,300.0,300.0,29.6,35.6,32.1,31.5,33.9,4.96,2.0,4.96,0.16,0.0,0.0,1027.0,8228.0,0.0,0.0,0.0,0.0,0.0,1.0,0.0,0.0,0.0,-0.001,0.0,0.6000000000000001,0.0,-13.4,-12.9,0.0157,16.0,25903.0
2026-07-30T18:57:51.851Z,41.334,41.346,-7.4,7.4,0.0,0.0,0.0,0.0,0.0,1.0,1.0,0.0,1.0,0.0,0.0,0.0,8.0,6.0,0.0,0.0,0.0,0.0,0.0,0.0,0.0,0.0,5.0,12.0,1.0,12.06,5.0200000000000005,2.51,1.49,-2.3000000000000003,0.2,2.3000000000000003,301.1,-0.1,-10.9,2.9000000000000004,8.700000000000001,-82.80000000000001,0.0,0.0,219.7,0.0,22.1,30.4,30.4,33.6,300.0,300.0,29.6,35.6,32.1,31.5,33.9,4.96,2.0,4.96,0.16,0.0,0.0,1027.0,8228.0,0.0,0.0,0.0,0.0,0.0,1.0,0.0,0.0,0.0,-0.001,0.0,0.8,0.0,-12.0,-12.7,0.0155,16.0,25903.0
2026-07-30T18:57:51.863Z,41.346,41.358,-7.4,7.4,0.0,0.0,0.0,0.0,0.0,1.0,1.0,0.0,1.0,0.0,0.0,0.0,8.0,6.0,0.0,0.0,0.0,0.0,0.0,0.0,0.0,0.0,6.0,12.0,1.0,12.06,5.0200000000000005,2.51,1.49,-2.3000000000000003,0.2,2.3000000000000003,301.1,-0.1,-12.0,3.5,9.9,-82.80000000000001,0.0,0.0,219.7,0.0,22.1,30.4,30.4,33.6,300.0,300.0,29.6,35.6,32.1,31.5,33.9,4.95,2.0,4.96,0.16,0.0,0.0,1027.0,8228.0,0.0,0.0,0.0,0.0,0.0,1.0,0.0,0.0,0.0,-0.001,0.0,1.1,0.0,-13.8,-12.8,0.0159,16.0,25903.0
2026-07-30T18:57:51.875Z,41.358,41.37,-7.5,7.4,0.0,0.0,0.0,0.0,0.0,1.0,1.0,0.0,1.0,0.0,0.0,0.0,8.0,6.0,0.0,0.0,0.0,0.0,0.0,0.0,0.0,0.0,1.0,12.0,1.0,12.06,5.0200000000000005,2.51,1.49,-2.3000000000000003,0.3,2.3000000000000003,301.1,-0.1,-10.9,2.3000000000000003,10.4,-82.80000000000001,0.0,0.0,219.7,0.0,22.1,30.4,30.4,33.6,300.0,300.0,29.6,35.6,32.1,31.5,33.9,4.96,2.0,4.97,0.16,0.0,0.0,1027.0,8228.0,0.0,0.0,0.0,0.0,0.0,1.0,0.0,0.0,0.0,-0.001,0.0,0.0,0.0,-13.6,-12.8,0.0155,16.0,25903.0
2026-07-30T18:57:51.887Z,41.37,41.382,-7.5,7.4,0.0,0.0,0.0,0.0,0.0,1.0,1.0,0.0,1.0,0.0,0.0,0.0,8.0,6.0,0.0,0.0,0.0,0.0,0.0,0.0,0.0,0.0,2.0,12.0,1.0,12.06,5.0200000000000005,2.51,1.49,-2.4000000000000004,0.3,2.4000000000000004,301.1,0.0,-12.0,0.5,8.700000000000001,-82.80000000000001,0.0,0.0,219.8,0.0,22.1,30.4,30.4,33.6,300.0,300.0,29.6,35.6,32.1,31.5,33.9,4.96,2.0,4.96,0.16,0.0,0.0,1027.0,8228.0,0.0,0.0,0.0,0.0,0.0,1.0,0.0,0.0,0.0,-0.001,0.0,-1.1,0.0,-10.3,-12.7,0.0155,16.0,25903.0
2026-07-30T18:57:51.899Z,41.382,41.394,-7.5,7.4,0.0,0.0,0.0,0.0,0.0,1.0,1.0,0.0,1.0,0.0,0.0,0.0,8.0,6.0,0.0,0.0,0.0,0.0,0.0,0.0,0.0,0.0,3.0,12.0,1.0,12.06,5.0200000000000005,2.51,1.49,-2.2,0.2,2.2,301.0,-0.1,-11.4,2.9000000000000004,11.0,-82.80000000000001,0.0,0.0,219.6,0.0,22.1,30.4,30.4,33.6,300.0,300.0,29.6,35.6,32.1,31.5,33.9,4.96,2.0,4.97,0.16,0.0,0.0,1027.0,8228.0,0.0,0.0,0.0,0.0,0.0,1.0,0.0,0.0,0.0,-0.001,0.0,0.4,0.0,-14.7,-12.8,0.0162,16.0,25903.0
2026-07-30T18:57:51.911Z,41.394,41.406,-7.5,7.4,0.0,0.0,0.0,0.0,0.0,1.0,1.0,0.0,1.0,0.0,0.0,0.0,8.0,6.0,0.0,0.0,0.0,0.0,0.0,0.0,0.0,0.0,4.0,12.0,1.0,12.06,5.0200000000000005,2.51,1.49,-2.2,0.3,2.2,301.0,0.0,-12.0,2.3000000000000003,11.6,-82.80000000000001,0.0,0.0,219.6,0.0,22.1,30.4,30.4,33.6,300.0,300.0,29.6,35.6,32.1,31.5,33.9,4.95,1.99,4.97,0.16,0.0,0.0,1027.0,8228.0,0.0,0.0,0.0,0.0,0.0,1.0,0.0,0.0,0.0,-0.001,0.0,-0.1,0.0,-14.9,-12.7,0.0152,16.0,25903.0
2026-07-30T18:57:51.923Z,41.406,41.418,-7.5,7.4,0.0,0.0,0.0,0.0,0.0,1.0,1.0,0.0,1.0,0.0,0.0,0.0,8.0,6.0,0.0,0.0,0.0,0.0,0.0,0.0,0.0,0.0,6.0,12.0,1.0,12.05,5.01,2.51,1.49,-2.3000000000000003,0.3,2.3000000000000003,301.2,0.0,-12.0,1.7000000000000002,8.700000000000001,-82.7,0.0,0.0,219.7,0.0,21.4,30.4,30.4,33.6,300.0,300.0,29.6,35.7,32.1,31.6,33.9,4.95,1.99,4.96,0.16,0.0,0.0,1027.0,8228.0,0.0,0.0,0.0,0.0,0.0,1.0,0.0,0.0,0.0,-0.001,0.0,-0.1,0.0,-11.2,-12.7,0.0151,16.0,25903.0
2026-07-30T18:57:51.935Z,41.418,41.43,-7.4,7.4,0.0,0.0,0.0,0.0,0.0,1.0,1.0,0.0,1.0,0.0,0.0,0.0,8.0,6.0,0.0,0.0,0.0,0.0,0.0,0.0,0.0,0.0,2.0,12.0,1.0,12.05,5.01,2.51,1.49,-2.3000000000000003,0.3,2.4000000000000004,301.0,0.0,-13.8,0.5,8.700000000000001,-82.7,0.0,0.0,219.7,0.0,21.4,30.4,30.4,33.6,300.0,300.0,29.6,35.7,32.1,31.6,33.9,4.95,2.0,4.97,0.16,0.0,0.0,1027.0,8228.0,0.0,0.0,0.0,0.0,0.0,1.0,0.0,0.0,0.0,-0.001,0.0,-1.1,0.0,-10.3,-12.7,0.0158,16.0,25903.0
2026-07-30T18:57:51.947Z,41.43,41.442,-7.4,7.4,0.0,0.0,0.0,0.0,0.0,1.0,1.0,0.0,1.0,0.0,0.0,0.0,8.0,6.0,0.0,0.0,0.0,0.0,0.0,0.0,0.0,0.0,2.0,12.0,1.0,12.05,5.01,2.51,1.49,-2.4000000000000004,0.3,2.4000000000000004,301.1,0.0,-12.0,0.5,8.1,-82.7,0.0,0.0,219.8,0.0,21.4,30.4,30.4,33.6,300.0,300.0,29.6,35.7,32.1,31.6,33.9,4.95,2.0,4.96,0.17,0.0,0.0,1027.0,8228.0,0.0,0.0,0.0,0.0,0.0,1.0,0.0,0.0,0.0,-0.001,0.0,-1.0,0.0,-9.7,-12.8,0.0161,16.0,25903.0
2026-07-30T18:57:51.960Z,41.443,41.454,-7.4,7.4,0.0,0.0,0.0,0.0,0.0,1.0,1.0,0.0,1.0,0.0,0.0,0.0,8.0,6.0,0.0,0.0,0.0,0.0,0.0,0.0,0.0,0.0,4.0,12.0,1.0,12.05,5.01,2.51,1.49,-2.3000000000000003,0.2,2.3000000000000003,301.0,-0.1,-12.6,2.9000000000000004,9.9,-82.7,0.0,0.0,219.7,0.0,21.4,30.4,30.4,33.6,300.0,300.0,29.6,35.7,32.1,31.6,33.9,4.96,2.0,4.96,0.16,0.0,0.0,1027.0,8228.0,0.0,0.0,0.0,0.0,0.0,1.0,0.0,0.0,0.0,-0.001,0.0,0.6000000000000001,0.0,-13.4,-12.8,0.0164,16.0,25903.0
2026-07-30T18:57:51.971Z,41.454,41.466,-7.4,7.4,0.0,0.0,0.0,0.0,0.0,1.0,1.0,0.0,1.0,0.0,0.0,0.0,8.0,6.0,0.0,0.0,0.0,0.0,0.0,0.0,0.0,0.0,3.0,12.0,1.0,12.05,5.01,2.51,1.49,-2.3000000000000003,0.3,2.4000000000000004,301.0,0.0,-12.6,0.0,10.4,-82.7,0.0,0.0,219.7,0.0,21.4,30.4,30.4,33.6,300.0,300.0,29.6,35.7,32.1,31.6,33.9,4.96,2.0,4.96,0.16,0.0,0.0,1027.0,8228.0,0.0,0.0,0.0,0.0,0.0,1.0,0.0,0.0,0.0,-0.001,0.0,-2.0,0.0,-11.9,-12.8,0.0156,16.0,25903.0
2026-07-30T18:57:51.983Z,41.466,41.478,-7.4,7.4,0.0,0.0,0.0,0.0,0.0,1.0,1.0,0.0,1.0,0.0,0.0,0.0,8.0,6.0,0.0,0.0,0.0,0.0,0.0,0.0,0.0,0.0,4.0,12.0,1.0,12.05,5.01,2.51,1.49,-2.4000000000000004,0.3,2.4000000000000004,301.1,-0.1,-12.6,0.0,9.3,-82.7,0.0,0.0,219.7,0.0,21.4,30.4,30.4,33.6,300.0,300.0,29.6,35.7,32.1,31.6,33.9,4.95,2.0,4.97,0.16,0.0,0.0,1027.0,8228.0,0.0,0.0,0.0,0.0,0.0,1.0,0.0,0.0,0.0,-0.001,0.0,-1.8,0.0,-10.6,-12.8,0.016,16.0,25903.0
2026-07-30T18:57:51.994Z,41.477,41.49,-7.5,7.4,0.0,0.0,0.0,0.0,0.0,1.0,1.0,0.0,1.0,0.0,0.0,0.0,8.0,6.0,0.0,0.0,0.0,0.0,0.0,0.0,0.0,0.0,5.0,12.0,1.0,12.05,5.01,2.51,1.49,-2.3000000000000003,0.2,2.3000000000000003,301.1,-0.1,-12.6,2.9000000000000004,8.700000000000001,-82.7,0.0,0.0,219.6,0.0,21.4,30.4,30.4,33.6,300.0,300.0,29.6,35.7,32.1,31.6,33.9,4.95,2.0,4.96,0.16,0.0,0.0,1027.0,8228.0,0.0,0.0,0.0,0.0,0.0,1.0,0.0,0.0,0.0,-0.001,0.0,0.9,0.0,-12.0,-12.8,0.0162,16.0,25903.0
2026-07-30T18:57:52.007Z,41.49,41.502,-7.5,7.4,0.0,0.0,0.0,0.0,0.0,1.0,1.0,0.0,1.0,0.0,0.0,0.0,8.0,6.0,0.0,0.0,0.0,0.0,0.0,0.0,0.0,0.0,6.0,12.0,1.0,12.05,5.01,2.51,1.49,-2.3000000000000003,0.3,2.4000000000000004,301.1,-0.1,-12.6,1.7000000000000002,8.700000000000001,-82.7,0.0,0.0,219.7,0.0,21.4,30.4,30.4,33.6,300.0,300.0,29.6,35.7,32.1,31.6,33.9,4.96,2.0,4.96,0.16,0.0,0.0,1027.0,8228.0,0.0,0.0,0.0,0.0,0.0,1.0,0.0,0.0,0.0,-0.001,0.0,-0.1,0.0,-11.2,-12.8,0.0158,16.0,25903.0
2026-07-30T18:57:52.020Z,41.503,41.514,-7.4,7.4,0.0,0.0,0.0,0.0,0.0,1.0,1.0,0.0,1.0,0.0,0.0,0.0,8.0,6.0,0.0,0.0,0.0,0.0,0.0,0.0,0.0,0.0,1.0,12.0,1.0,12.06,5.01,2.51,1.49,-2.3000000000000003,0.3,2.4000000000000004,301.1,-0.1,-11.4,1.1,9.3,-82.7,0.0,0.0,219.7,0.0,22.200000000000003,30.5,30.5,33.6,300.0,300.0,29.700000000000003,35.6,32.0,31.6,34.0,4.95,2.0,4.96,0.16,0.0,0.0,1027.0,8228.0,0.0,0.0,0.0,0.0,0.0,1.0,0.0,0.0,0.0,-0.001,0.0,-0.7000000000000001,0.0,-11.4,-12.7,0.016,16.0,25903.0
2026-07-30T18:57:52.031Z,41.514,41.526,-7.4,7.4,0.0,0.0,0.0,0.0,0.0,1.0,1.0,0.0,1.0,0.0,0.0,0.0,8.0,6.0,0.0,0.0,0.0,0.0,0.0,0.0,0.0,0.0,2.0,12.0,1.0,12.06,5.01,2.51,1.49,-2.4000000000000004,0.3,2.4000000000000004,301.0,-0.1,-12.6,0.5,9.3,-82.7,0.0,0.0,219.7,0.0,22.200000000000003,30.5,30.5,33.6,300.0,300.0,29.700000000000003,35.6,32.0,31.6,34.0,4.95,2.0,4.97,0.16,0.0,0.0,1027.0,8228.0,0.0,0.0,0.0,0.0,0.0,1.0,0.0,0.0,0.0,-0.001,0.0,-1.2000000000000002,0.0,-11.0,-12.8,0.016,16.0,25903.0
2026-07-30T18:57:52.043Z,41.526,41.538,-7.4,7.4,0.0,0.0,0.0,0.0,0.0,1.0,1.0,0.0,1.0,0.0,0.0,0.0,8.0,6.0,0.0,0.0,0.0,0.0,0.0,0.0,0.0,0.0,4.0,12.0,1.0,12.06,5.01,2.51,1.49,-2.4000000000000004,0.3,2.4000000000000004,301.1,-0.1,-12.0,1.7000000000000002,8.700000000000001,-82.7,0.0,0.0,219.7,0.0,22.200000000000003,30.5,30.5,33.6,300.0,300.0,29.700000000000003,35.6,32.0,31.6,34.0,4.95,2.0,4.96,0.16,0.0,0.0,1027.0,8228.0,0.0,0.0,0.0,0.0,0.0,1.0,0.0,0.0,0.0,-0.001,0.0,-0.1,0.0,-11.2,-12.8,0.0161,16.0,25903.0
2026-07-30T18:57:52.055Z,41.538,41.55,-7.4,7.4,0.0,0.0,0.0,0.0,0.0,1.0,1.0,0.0,1.0,0.0,0.0,0.0,8.0,6.0,0.0,0.0,0.0,0.0,0.0,0.0,0.0,0.0,4.0,12.0,1.0,12.06,5.01,2.51,1.49,-2.3000000000000003,0.2,2.3000000000000003,301.1,-0.1,-12.0,3.5,9.9,-82.7,0.0,0.0,219.6,0.0,22.200000000000003,30.5,30.5,33.6,300.0,300.0,29.700000000000003,35.6,32.0,31.6,34.0,4.96,2.0,4.96,0.16,0.0,0.0,1027.0,8228.0,0.0,0.0,0.0,0.0,0.0,1.0,0.0,0.0,0.0,-0.001,0.0,1.2000000000000002,0.0,-13.8,-12.8,0.0161,16.0,25903.0
2026-07-30T18:57:52.067Z,41.55,41.562,-7.4,7.4,0.0,0.0,0.0,0.0,0.0,1.0,1.0,0.0,1.0,0.0,0.0,0.0,8.0,6.0,0.0,0.0,0.0,0.0,0.0,0.0,0.0,0.0,5.0,12.0,1.0,12.06,5.01,2.51,1.49,-2.3000000000000003,0.2,2.3000000000000003,301.0,-0.1,-10.9,2.9000000000000004,9.9,-82.7,0.0,0.0,219.6,0.0,22.200000000000003,30.5,30.5,33.6,300.0,300.0,29.700000000000003,35.6,32.0,31.6,34.0,4.95,2.0,4.96,0.16,0.0,0.0,1027.0,8228.0,0.0,0.0,0.0,0.0,0.0,1.0,0.0,0.0,0.0,-0.001,0.0,0.6000000000000001,0.0,-13.4,-12.8,0.0155,16.0,25903.0
2026-07-30T18:57:52.079Z,41.562,41.574,-7.5,7.4,0.0,0.0,0.0,0.0,0.0,1.0,1.0,0.0,1.0,0.0,0.0,0.0,8.0,6.0,0.0,0.0,0.0,0.0,0.0,0.0,0.0,0.0,1.0,12.0,1.0,12.06,5.01,2.51,1.49,-2.3000000000000003,0.3,2.3000000000000003,301.1,-0.1,-11.4,1.1,10.4,-82.7,0.0,0.0,219.7,0.0,22.200000000000003,30.5,30.5,33.6,300.0,300.0,29.700000000000003,35.6,32.0,31.6,34.0,4.96,1.99,4.96,0.16,0.0,0.0,1027.0,8228.0,0.0,0.0,0.0,0.0,0.0,1.0,0.0,0.0,0.0,-0.001,0.0,-1.0,0.0,-12.8,-12.8,0.0156,16.0,25903.0
2026-07-30T18:57:52.090Z,41.573,41.586,-7.4,7.4,0.0,0.0,0.0,0.0,0.0,1.0,1.0,0.0,1.0,0.0,0.0,0.0,8.0,6.0,0.0,0.0,0.0,0.0,0.0,0.0,0.0,0.0,2.0,12.0,1.0,12.06,5.01,2.51,1.49,-2.3000000000000003,0.2,2.3000000000000003,301.1,-0.1,-11.4,3.5,10.4,-82.7,0.0,0.0,219.6,0.0,22.200000000000003,30.5,30.5,33.6,300.0,300.0,29.700000000000003,35.6,32.0,31.6,34.0,4.96,2.0,4.97,0.16,0.0,0.0,1027.0,8228.0,0.0,0.0,0.0,0.0,0.0,1.0,0.0,0.0,0.0,-0.001,0.0,1.1,0.0,-14.5,-12.8,0.0157,16.0,25903.0
2026-07-30T18:57:52.103Z,41.586,41.598,-7.5,7.4,0.0,0.0,0.0,0.0,0.0,1.0,1.0,0.0,1.0,0.0,0.0,0.0,8.0,6.0,0.0,0.0,0.0,0.0,0.0,0.0,0.0,0.0,3.0,12.0,1.0,12.06,5.01,2.51,1.49,-2.3000000000000003,0.3,2.3000000000000003,301.0,-0.1,-12.0,2.3000000000000003,9.9,-82.60000000000001,0.0,0.0,219.4,0.0,22.200000000000003,30.5,30.5,33.6,300.0,300.0,29.700000000000003,35.6,32.0,31.6,34.0,4.95,2.0,4.97,0.16,0.0,0.0,1027.0,8228.0,0.0,0.0,0.0,0.0,0.0,1.0,0.0,0.0,0.0,-0.001,0.0,0.2,0.0,-12.9,-12.9,0.0155,16.0,25903.0
2026-07-30T18:57:52.115Z,41.598,41.61,-7.5,7.4,0.0,0.0,0.0,0.0,0.0,1.0,1.0,0.0,1.0,0.0,0.0,0.0,8.0,6.0,0.0,0.0,0.0,0.0,0.0,0.0,0.0,0.0,3.0,12.0,1.0,12.06,5.01,2.51,1.49,-2.3000000000000003,0.2,2.3000000000000003,301.1,-0.1,-9.7,2.9000000000000004,10.4,-82.60000000000001,0.0,0.0,219.5,0.0,22.200000000000003,30.5,30.5,33.6,300.0,300.0,29.700000000000003,35.6,32.0,31.6,34.0,4.96,2.0,4.97,0.16,0.0,0.0,1027.0,8228.0,0.0,0.0,0.0,0.0,0.0,1.0,0.0,0.0,0.0,-0.001,0.0,0.6000000000000001,0.0,-14.0,-12.8,0.0157,16.0,25903.0
2026-07-30T18:57:52.127Z,41.61,41.622,-7.5,7.4,0.0,0.0,0.0,0.0,0.0,1.0,1.0,0.0,1.0,0.0,0.0,0.0,8.0,6.0,0.0,0.0,0.0,0.0,0.0,0.0,0.0,0.0,5.0,12.0,1.0,12.05,5.0200000000000005,2.51,1.49,-2.3000000000000003,0.2,2.3000000000000003,301.2,-0.1,-10.9,2.3000000000000003,9.3,-82.7,0.0,0.0,219.7,0.0,22.1,30.5,30.5,33.6,300.0,300.0,29.700000000000003,35.5,32.1,31.6,33.9,4.96,2.0,4.96,0.16,0.0,0.0,1027.0,8228.0,0.0,0.0,0.0,0.0,0.0,1.0,0.0,0.0,0.0,-0.001,0.0,0.2,0.0,-12.3,-12.7,0.0159,16.0,25903.0
2026-07-30T18:57:52.139Z,41.622,41.634,-7.4,7.4,0.0,0.0,0.0,0.0,0.0,1.0,1.0,0.0,1.0,0.0,0.0,0.0,8.0,6.0,0.0,0.0,0.0,0.0,0.0,0.0,0.0,0.0,6.0,12.0,1.0,12.05,5.0200000000000005,2.51,1.49,-2.3000000000000003,0.2,2.3000000000000003,301.0,-0.1,-11.4,2.9000000000000004,9.9,-82.7,0.0,0.0,219.8,0.0,22.1,30.5,30.5,33.6,300.0,300.0,29.700000000000003,35.5,32.1,31.6,33.9,4.96,2.0,4.96,0.16,0.0,0.0,1027.0,8228.0,0.0,0.0,0.0,0.0,0.0,1.0,0.0,0.0,0.0,-0.001,0.0,0.6000000000000001,0.0,-13.4,-12.7,0.0162,16.0,25903.0
2026-07-30T18:57:52.151Z,41.634,41.646,-7.4,7.4,0.0,0.0,0.0,0.0,0.0,1.0,1.0,0.0,1.0,0.0,0.0,0.0,8.0,6.0,0.0,0.0,0.0,0.0,0.0,0.0,0.0,0.0,2.0,12.0,1.0,12.05,5.0200000000000005,2.51,1.49,-2.4000000000000004,0.3,2.4000000000000004,300.90000000000003,-0.1,-11.4,2.3000000000000003,11.0,-82.7,0.0,0.0,219.8,0.0,22.1,30.5,30.5,33.6,300.0,300.0,29.700000000000003,35.5,32.1,31.6,33.9,4.95,2.0,4.96,0.16,0.0,0.0,1027.0,8228.0,0.0,0.0,0.0,0.0,0.0,1.0,0.0,0.0,0.0,-0.001,0.0,-0.5,0.0,-10.1,-12.8,0.016,16.0,25903.0
2026-07-30T18:57:52.163Z,41.646,41.658,-7.5,7.4,0.0,0.0,0.0,0.0,0.0,1.0,1.0,0.0,1.0,0.0,0.0,0.0,8.0,6.0,0.0,0.0,0.0,0.0,0.0,0.0,0.0,0.0,3.0,12.0,1.0,12.05,5.0200000000000005,2.51,1.49,-2.3000000000000003,0.2,2.3000000000000003,301.1,-0.1,-11.4,2.9000000000000004,10.4,-82.7,0.0,0.0,219.7,0.0,22.1,30.5,30.5,33.6,300.0,300.0,29.700000000000003,35.5,32.1,31.6,33.9,4.95,2.0,4.96,0.16,0.0,0.0,1027.0,8228.0,0.0,0.0,0.0,0.0,0.0,1.0,0.0,0.0,0.0,-0.001,0.0,0.5,0.0,-14.0,-12.8,0.0163,16.0,25903.0
2026-07-30T18:57:52.175Z,41.658,41.67,-7.5,7.4,0.0,0.0,0.0,0.0,0.0,1.0,1.0,0.0,1.0,0.0,0.0,0.0,8.0,6.0,0.0,0.0,0.0,0.0,0.0,0.0,0.0,0.0,4.0,12.0,1.0,12.05,5.0200000000000005,2.51,1.49,-2.3000000000000003,0.2,2.3000000000000003,301.1,-0.1,-11.4,2.3000000000000003,10.4,-82.7,0.0,0.0,219.7,0.0,22.1,30.5,30.5,33.6,300.0,300.0,29.700000000000003,35.5,32.1,31.6,33.9,4.96,2.0,4.96,0.16,0.0,0.0,1027.0,8228.0,0.0,0.0,0.0,0.0,0.0,1.0,0.0,0.0,0.0,-0.001,0.0,0.0,0.0,-13.6,-12.8,0.0162,16.0,25903.0
2026-07-30T18:57:52.187Z,41.67,41.682,-7.4,7.4,0.0,0.0,0.0,0.0,0.0,1.0,1.0,0.0,1.0,0.0,0.0,0.0,8.0,6.0,0.0,0.0,0.0,0.0,0.0,0.0,0.0,0.0,5.0,12.0,1.0,12.05,5.0200000000000005,2.51,1.49,-2.3000000000000003,0.2,2.3000000000000003,301.1,-0.1,-11.4,2.3000000000000003,10.4,-82.7,0.0,0.0,219.7,0.0,22.1,30.5,30.5,33.6,300.0,300.0,29.700000000000003,35.5,32.1,31.6,33.9,4.96,2.0,4.97,0.16,0.0,0.0,1027.0,8228.0,0.0,0.0,0.0,0.0,0.0,1.0,0.0,0.0,0.0,-0.001,0.0,-0.1,0.0,-11.2,-12.7,0.0162,16.0,25903.0
2026-07-30T18:57:52.199Z,41.682,41.694,-7.4,7.4,0.0,0.0,0.0,0.0,0.0,1.0,1.0,0.0,1.0,0.0,0.0,0.0,8.0,6.0,0.0,0.0,0.0,0.0,0.0,0.0,0.0,0.0,6.0,12.0,1.0,12.05,5.0200000000000005,2.51,1.49,-2.4000000000000004,0.3,2.4000000000000004,301.0,-0.1,-12.0,2.3000000000000003,9.9,-82.7,0.0,0.0,219.6,0.0,22.1,30.5,30.5,33.6,300.0,300.0,29.700000000000003,35.5,32.1,31.6,33.9,4.95,2.0,4.97,0.16,0.0,0.0,1027.0,8228.0,0.0,0.0,0.0,0.0,0.0,1.0,0.0,0.0,0.0,-0.001,0.0,-0.6000000000000001,0.0,-10.8,-12.9,0.0162,16.0,25903.0
2026-07-30T18:57:52.211Z,41.694,41.706,-7.5,7.4,0.0,0.0,0.0,0.0,0.0,1.0,1.0,0.0,1.0,0.0,0.0,0.0,8.0,6.0,0.0,0.0,0.0,0.0,0.0,0.0,0.0,0.0,1.0,12.0,1.0,12.05,5.0200000000000005,2.51,1.49,-2.3000000000000003,0.3,2.4000000000000004,301.1,0.0,-11.4,1.7000000000000002,10.4,-82.7,0.0,0.0,219.6,0.0,22.1,30.5,30.5,33.6,300.0,300.0,29.700000000000003,35.5,32.1,31.6,33.9,4.96,2.0,4.97,0.16,0.0,0.0,1027.0,8228.0,0.0,0.0,0.0,0.0,0.0,1.0,0.0,0.0,0.0,-0.001,0.0,-0.2,0.0,-11.8,-12.8,0.0163,16.0,25903.0
2026-07-30T18:57:52.224Z,41.707,41.718,-7.5,7.4,0.0,0.0,0.0,0.0,0.0,1.0,1.0,0.0,1.0,0.0,0.0,0.0,8.0,6.0,0.0,0.0,0.0,0.0,0.0,0.0,0.0,0.0,2.0,12.0,1.0,11.99,5.01,2.51,1.5,-2.3000000000000003,0.2,2.3000000000000003,301.0,0.0,-12.6,2.3000000000000003,9.3,-82.7,0.0,0.0,219.6,0.0,22.1,30.5,30.5,33.7,300.0,300.0,29.6,35.6,32.1,31.700000000000003,34.0,4.96,2.0,4.97,0.16,0.0,0.0,1027.0,8228.0,0.0,0.0,0.0,0.0,0.0,1.0,0.0,0.0,0.0,-0.001,0.0,0.2,0.0,-12.3,-12.8,0.016,16.0,25903.0
2026-07-30T18:57:52.235Z,41.718,41.73,-7.5,7.4,0.0,0.0,0.0,0.0,0.0,1.0,1.0,0.0,1.0,0.0,0.0,0.0,8.0,6.0,0.0,0.0,0.0,0.0,0.0,0.0,0.0,0.0,4.0,12.0,1.0,11.99,5.01,2.51,1.5,-2.2,0.2,2.2,301.1,-0.1,-11.4,3.5,9.9,-82.7,0.0,0.0,219.7,0.0,22.1,30.5,30.5,33.7,300.0,300.0,29.6,35.6,32.1,31.700000000000003,34.0,4.96,2.0,4.96,0.16,0.0,0.0,1027.0,8228.0,0.0,0.0,0.0,0.0,0.0,1.0,0.0,0.0,0.0,-0.001,0.0,1.1,0.0,-13.8,-12.7,0.0157,16.0,25903.0
2026-07-30T18:57:52.247Z,41.73,41.742,-7.4,7.4,0.0,0.0,0.0,0.0,0.0,1.0,1.0,0.0,1.0,0.0,0.0,0.0,8.0,6.0,0.0,0.0,0.0,0.0,0.0,0.0,0.0,0.0,5.0,12.0,1.0,11.99,5.01,2.51,1.5,-2.2,0.2,2.3000000000000003,301.1,-0.1,-11.4,2.9000000000000004,10.4,-82.7,0.0,0.0,219.8,0.0,22.1,30.5,30.5,33.7,300.0,300.0,29.6,35.6,32.1,31.700000000000003,34.0,4.96,2.0,4.96,0.16,0.0,0.0,1027.0,8228.0,0.0,0.0,0.0,0.0,0.0,1.0,0.0,0.0,0.0,-0.001,0.0,0.5,0.0,-14.0,-12.6,0.0152,16.0,25903.0
2026-07-30T18:57:52.259Z,41.742,41.754,-7.4,7.4,0.0,0.0,0.0,0.0,0.0,1.0,1.0,0.0,1.0,0.0,0.0,0.0,8.0,6.0,0.0,0.0,0.0,0.0,0.0,0.0,0.0,0.0,5.0,12.0,1.0,11.99,5.01,2.51,1.5,-2.3000000000000003,0.3,2.4000000000000004,301.0,-0.1,-12.0,1.7000000000000002,8.700000000000001,-82.7,0.0,0.0,219.8,0.0,22.1,30.5,30.5,33.7,300.0,300.0,29.6,35.6,32.1,31.700000000000003,34.0,4.96,2.0,4.96,0.16,0.0,0.0,1027.0,8228.0,0.0,0.0,0.0,0.0,0.0,1.0,0.0,0.0,0.0,-0.001,0.0,-0.1,0.0,-11.2,-12.8,0.0153,16.0,25903.0
2026-07-30T18:57:52.271Z,41.754,41.766,-7.4,7.4,0.0,0.0,0.0,0.0,0.0,1.0,1.0,0.0,1.0,0.0,0.0,0.0,8.0,6.0,0.0,0.0,0.0,0.0,0.0,0.0,0.0,0.0,1.0,12.0,1.0,11.99,5.01,2.51,1.5,-2.3000000000000003,0.2,2.3000000000000003,301.1,-0.1,-10.9,2.3000000000000003,9.9,-82.7,0.0,0.0,219.6,0.0,22.1,30.5,30.5,33.7,300.0,300.0,29.6,35.6,32.1,31.700000000000003,34.0,4.95,2.0,4.96,0.16,0.0,0.0,1027.0,8228.0,0.0,0.0,0.0,0.0,0.0,1.0,0.0,0.0,0.0,-0.001,0.0,0.1,0.0,-12.9,-12.8,0.0161,16.0,25903.0
2026-07-30T18:57:52.288Z,41.771,41.778,-7.5,7.4,0.0,0.0,0.0,0.0,0.0,1.0,1.0,0.0,1.0,0.0,0.0,0.0,8.0,6.0,0.0,0.0,0.0,0.0,0.0,0.0,0.0,0.0,2.0,12.0,1.0,11.99,5.01,2.51,1.5,-2.2,0.3,2.3000000000000003,301.1,-0.1,-11.4,2.3000000000000003,11.0,-82.7,0.0,0.0,219.7,0.0,22.1,30.5,30.5,33.7,300.0,300.0,29.6,35.6,32.1,31.700000000000003,34.0,4.95,2.0,4.96,0.16,0.0,0.0,1027.0,8228.0,0.0,0.0,0.0,0.0,0.0,1.0,0.0,0.0,0.0,-0.001,0.0,0.0,0.0,-14.3,-12.8,0.0157,16.0,25903.0
2026-07-30T18:57:52.295Z,41.778,41.79,-7.5,7.4,0.0,0.0,0.0,0.0,0.0,1.0,1.0,0.0,1.0,0.0,0.0,0.0,8.0,6.0,0.0,0.0,0.0,0.0,0.0,0.0,0.0,0.0,6.0,12.0,1.0,11.99,5.01,2.51,1.5,-2.2,0.2,2.3000000000000003,301.0,-0.1,-10.9,3.5,9.9,-82.7,0.0,0.0,219.6,0.0,22.1,30.5,30.5,33.7,300.0,300.0,29.6,35.6,32.1,31.700000000000003,34.0,4.96,2.0,4.96,0.16,0.0,0.0,1027.0,8228.0,0.0,0.0,0.0,0.0,0.0,1.0,0.0,0.0,0.0,-0.001,0.0,1.2000000000000002,0.0,-13.8,-12.8,0.0153,16.0,25903.0
2026-07-30T18:57:52.306Z,41.789,41.802,-7.4,7.4,0.0,0.0,0.0,0.0,0.0,1.0,1.0,0.0,1.0,0.0,0.0,0.0,8.0,6.0,0.0,0.0,0.0,0.0,0.0,0.0,0.0,0.0,1.0,12.0,1.0,11.99,5.01,2.51,1.5,-2.3000000000000003,0.2,2.3000000000000003,301.1,-0.1,-11.4,2.3000000000000003,9.9,-82.7,0.0,0.0,219.7,0.0,22.1,30.5,30.5,33.7,300.0,300.0,29.6,35.6,32.1,31.700000000000003,34.0,4.95,2.0,4.96,0.16,0.0,0.0,1027.0,8228.0,0.0,0.0,0.0,0.0,0.0,1.0,0.0,0.0,0.0,-0.001,0.0,0.1,0.0,-12.9,-12.7,0.0154,16.0,25903.0
2026-07-30T18:57:52.318Z,41.801,41.814,-7.4,7.4,0.0,0.0,0.0,0.0,0.0,1.0,1.0,0.0,1.0,0.0,0.0,0.0,8.0,6.0,0.0,0.0,0.0,0.0,0.0,0.0,0.0,0.0,2.0,12.0,1.0,11.99,5.01,2.51,1.5,-2.3000000000000003,0.2,2.3000000000000003,301.0,-0.1,-11.4,2.3000000000000003,9.3,-82.7,0.0,0.0,219.7,0.0,22.1,30.5,30.5,33.7,300.0,300.0,29.6,35.6,32.1,31.700000000000003,34.0,4.95,2.0,4.97,0.16,0.0,0.0,1027.0,8228.0,0.0,0.0,0.0,0.0,0.0,1.0,0.0,0.0,0.0,-0.001,0.0,0.2,0.0,-12.3,-12.8,0.0156,16.0,25903.0
2026-07-30T18:57:52.331Z,41.814,41.826,-7.4,7.4,0.0,0.0,0.0,0.0,0.0,1.0,1.0,0.0,1.0,0.0,0.0,0.0,8.0,6.0,0.0,0.0,0.0,0.0,0.0,0.0,0.0,0.0,4.0,12.0,1.0,12.05,5.0200000000000005,2.5,1.49,-2.3000000000000003,0.2,2.3000000000000003,300.90000000000003,-0.1,-11.4,3.5,9.9,-82.7,0.0,0.0,219.6,0.0,22.1,30.5,30.5,33.7,300.0,300.0,29.6,35.7,32.1,31.700000000000003,34.0,4.95,2.0,4.97,0.16,0.0,0.0,1027.0,8228.0,0.0,0.0,0.0,0.0,0.0,1.0,0.0,0.0,0.0,-0.001,0.0,1.2000000000000002,0.0,-13.8,-12.8,0.0157,16.0,25903.0
2026-07-30T18:57:52.342Z,41.825,41.838,-7.5,7.4,0.0,0.0,0.0,0.0,0.0,1.0,1.0,0.0,1.0,0.0,0.0,0.0,8.0,6.0,0.0,0.0,0.0,0.0,0.0,0.0,0.0,0.0,5.0,12.0,1.0,12.05,5.0200000000000005,2.5,1.49,-2.3000000000000003,0.2,2.3000000000000003,301.0,-0.1,-10.3,2.9000000000000004,9.9,-82.7,0.0,0.0,219.6,0.0,22.1,30.5,30.5,33.7,300.0,300.0,29.6,35.7,32.1,31.700000000000003,34.0,4.95,2.0,4.97,0.16,0.0,0.0,1027.0,8228.0,0.0,0.0,0.0,0.0,0.0,1.0,0.0,0.0,0.0,-0.001,0.0,0.6000000000000001,0.0,-13.4,-12.8,0.0155,16.0,25903.0
2026-07-30T18:57:52.355Z,41.838,41.85,-7.4,7.4,0.0,0.0,0.0,0.0,0.0,1.0,1.0,0.0,1.0,0.0,0.0,0.0,8.0,6.0,0.0,0.0,0.0,0.0,0.0,0.0,0.0,0.0,6.0,12.0,1.0,12.05,5.0200000000000005,2.5,1.49,-2.2,0.2,2.3000000000000003,301.0,-0.1,-11.4,3.5,10.4,-82.7,0.0,0.0,219.7,0.0,22.1,30.5,30.5,33.7,300.0,300.0,29.6,35.7,32.1,31.700000000000003,34.0,4.96,2.0,4.96,0.16,0.0,0.0,1027.0,8228.0,0.0,0.0,0.0,0.0,0.0,1.0,0.0,0.0,0.0,-0.001,0.0,1.0,0.0,-14.5,-12.7,0.0154,16.0,25903.0
2026-07-30T18:57:52.367Z,41.85,41.862,-7.5,7.4,0.0,0.0,0.0,0.0,0.0,1.0,1.0,0.0,1.0,0.0,0.0,0.0,8.0,6.0,0.0,0.0,0.0,0.0,0.0,0.0,0.0,0.0,1.0,12.0,1.0,12.05,5.0200000000000005,2.5,1.49,-2.3000000000000003,0.2,2.3000000000000003,301.0,-0.1,-10.9,2.9000000000000004,9.3,-82.7,0.0,0.0,219.7,0.0,22.1,30.5,30.5,33.7,300.0,300.0,29.6,35.7,32.1,31.700000000000003,34.0,4.96,2.0,4.96,0.16,0.0,0.0,1027.0,8228.0,0.0,0.0,0.0,0.0,0.0,1.0,0.0,0.0,0.0,-0.001,0.0,0.7000000000000001,0.0,-12.7,-12.8,0.0153,16.0,25903.0
2026-07-30T18:57:52.379Z,41.862,41.874,-7.4,7.4,0.0,0.0,0.0,0.0,0.0,1.0,1.0,0.0,1.0,0.0,0.0,0.0,8.0,6.0,0.0,0.0,0.0,0.0,0.0,0.0,0.0,0.0,2.0,12.0,1.0,12.05,5.0200000000000005,2.5,1.49,-2.3000000000000003,0.2,2.4000000000000004,301.0,0.0,-12.6,2.3000000000000003,8.700000000000001,-82.7,0.0,0.0,219.6,0.0,22.1,30.5,30.5,33.7,300.0,300.0,29.6,35.7,32.1,31.700000000000003,34.0,4.96,2.0,4.96,0.16,0.0,0.0,1027.0,8228.0,0.0,0.0,0.0,0.0,0.0,1.0,0.0,0.0,0.0,-0.001,0.0,0.3,0.0,-11.6,-12.7,0.0156,16.0,25903.0
2026-07-30T18:57:52.391Z,41.874,41.886,-7.4,7.4,0.0,0.0,0.0,0.0,0.0,1.0,1.0,0.0,1.0,0.0,0.0,0.0,8.0,6.0,0.0,0.0,0.0,0.0,0.0,0.0,0.0,0.0,4.0,12.0,1.0,12.05,5.0200000000000005,2.5,1.49,-2.3000000000000003,0.2,2.3000000000000003,300.90000000000003,0.0,-12.0,2.9000000000000004,9.9,-82.60000000000001,0.0,0.0,219.6,0.0,22.1,30.5,30.5,33.7,300.0,300.0,29.6,35.7,32.1,31.700000000000003,34.0,4.95,2.0,4.96,0.16,0.0,0.0,1027.0,8228.0,0.0,0.0,0.0,0.0,0.0,1.0,0.0,0.0,0.0,-0.001,0.0,0.6000000000000001,0.0,-13.4,-12.8,0.016,16.0,25903.0
2026-07-30T18:57:52.403Z,41.886,41.898,-7.4,7.4,0.0,0.0,0.0,0.0,0.0,1.0,1.0,0.0,1.0,0.0,0.0,0.0,8.0,6.0,0.0,0.0,0.0,0.0,0.0,0.0,0.0,0.0,5.0,12.0,1.0,12.05,5.0200000000000005,2.5,1.49,-2.3000000000000003,0.3,2.3000000000000003,301.0,0.0,-12.0,2.3000000000000003,9.9,-82.7,0.0,0.0,219.6,0.0,22.1,30.5,30.5,33.7,300.0,300.0,29.6,35.7,32.1,31.700000000000003,34.0,4.95,2.0,4.96,0.16,0.0,0.0,1027.0,8228.0,0.0,0.0,0.0,0.0,0.0,1.0,0.0,0.0,0.0,-0.001,0.0,0.1,0.0,-12.9,-12.8,0.0157,16.0,25903.0
2026-07-30T18:57:52.415Z,41.898,41.91,-7.5,7.4,0.0,0.0,0.0,0.0,0.0,1.0,1.0,0.0,1.0,0.0,0.0,0.0,8.0,6.0,0.0,0.0,0.0,0.0,0.0,0.0,0.0,0.0,1.0,12.0,1.0,12.05,5.0200000000000005,2.5,1.49,-2.3000000000000003,0.2,2.4000000000000004,301.0,0.0,-12.0,2.3000000000000003,9.3,-82.7,0.0,0.0,219.5,0.0,22.1,30.5,30.5,33.7,300.0,300.0,29.6,35.7,32.1,31.700000000000003,34.0,4.95,2.0,4.96,0.16,0.0,0.0,1027.0,8228.0,0.0,0.0,0.0,0.0,0.0,1.0,0.0,0.0,0.0,-0.001,0.0,0.2,0.0,-12.3,-12.9,0.0159,16.0,25903.0
2026-07-30T18:57:52.427Z,41.91,41.922,-7.5,7.4,0.0,0.0,0.0,0.0,0.0,1.0,1.0,0.0,1.0,0.0,0.0,0.0,8.0,6.0,0.0,0.0,0.0,0.0,0.0,0.0,0.0,0.0,2.0,12.0,1.0,12.06,5.01,2.51,1.49,-2.3000000000000003,0.3,2.3000000000000003,301.1,0.0,-12.6,2.3000000000000003,10.4,-82.60000000000001,0.0,0.0,219.5,0.0,21.9,30.6,30.5,33.7,300.0,300.0,29.6,35.800000000000004,32.1,31.700000000000003,34.0,4.95,2.0,4.96,0.16,0.0,0.0,1027.0,8228.0,0.0,0.0,0.0,0.0,0.0,1.0,0.0,0.0,0.0,-0.001,0.0,0.0,0.0,-13.6,-12.8,0.016,16.0,25903.0
2026-07-30T18:57:52.439Z,41.922,41.934,-7.5,7.4,0.0,0.0,0.0,0.0,0.0,1.0,1.0,0.0,1.0,0.0,0.0,0.0,8.0,6.0,0.0,0.0,0.0,0.0,0.0,0.0,0.0,0.0,3.0,12.0,1.0,12.06,5.01,2.51,1.49,-2.4000000000000004,0.3,2.4000000000000004,301.0,0.0,-12.0,1.7000000000000002,8.700000000000001,-82.60000000000001,0.0,0.0,219.5,0.0,21.9,30.6,30.5,33.7,300.0,300.0,29.6,35.800000000000004,32.1,31.700000000000003,34.0,4.95,2.0,4.96,0.16,0.0,0.0,1027.0,8228.0,0.0,0.0,0.0,0.0,0.0,1.0,0.0,0.0,0.0,-0.001,0.0,-0.1,0.0,-11.2,-12.8,0.0157,16.0,25903.0
2026-07-30T18:57:52.451Z,41.934,41.946,-7.5,7.4,0.0,0.0,0.0,0.0,0.0,1.0,1.0,0.0,1.0,0.0,0.0,0.0,8.0,6.0,0.0,0.0,0.0,0.0,0.0,0.0,0.0,0.0,5.0,12.0,1.0,12.06,5.01,2.51,1.49,-2.3000000000000003,0.3,2.4000000000000004,301.1,0.0,-13.2,1.7000000000000002,9.3,-82.60000000000001,0.0,0.0,219.5,0.0,21.9,30.6,30.5,33.7,300.0,300.0,29.6,35.800000000000004,32.1,31.700000000000003,34.0,4.96,2.0,4.97,0.15,0.0,0.0,1027.0,8228.0,0.0,0.0,0.0,0.0,0.0,1.0,0.0,0.0,0.0,-0.001,0.0,-0.2,0.0,-11.9,-12.8,0.0162,16.0,25903.0
2026-07-30T18:57:52.463Z,41.946,41.958,-7.5,7.4,0.0,0.0,0.0,0.0,0.0,1.0,1.0,0.0,1.0,0.0,0.0,0.0,8.0,6.0,0.0,0.0,0.0,0.0,0.0,0.0,0.0,0.0,6.0,12.0,1.0,12.06,5.01,2.51,1.49,-2.4000000000000004,0.3,2.4000000000000004,301.1,0.0,-13.2,0.0,9.3,-82.60000000000001,0.0,0.0,219.6,0.0,21.9,30.6,30.5,33.7,300.0,300.0,29.6,35.800000000000004,32.1,31.700000000000003,34.0,4.95,2.0,4.96,0.15,0.0,0.0,1027.0,8228.0,0.0,0.0,0.0,0.0,0.0,1.0,0.0,0.0,0.0,-0.001,0.0,-1.7000000000000002,0.0,-10.6,-12.7,0.016,16.0,25903.0
2026-07-30T18:57:52.474Z,41.957,41.97,-7.4,7.4,0.0,0.0,0.0,0.0,0.0,1.0,1.0,0.0,1.0,0.0,0.0,0.0,8.0,6.0,0.0,0.0,0.0,0.0,0.0,0.0,0.0,0.0,1.0,12.0,1.0,12.06,5.01,2.51,1.49,-2.3000000000000003,0.3,2.3000000000000003,301.1,-0.1,-13.2,2.3000000000000003,9.9,-82.60000000000001,0.0,0.0,219.6,0.0,21.9,30.6,30.5,33.7,300.0,300.0,29.6,35.800000000000004,32.1,31.700000000000003,34.0,4.95,2.0,4.96,0.16,0.0,0.0,1027.0,8228.0,0.0,0.0,0.0,0.0,0.0,1.0,0.0,0.0,0.0,-0.001,0.0,0.1,0.0,-12.9,-12.7,0.0162,16.0,25903.0
2026-07-30T18:57:52.487Z,41.97,41.982,-7.4,7.4,0.0,0.0,0.0,0.0,0.0,1.0,1.0,0.0,1.0,0.0,0.0,0.0,8.0,6.0,0.0,0.0,0.0,0.0,0.0,0.0,0.0,0.0,2.0,12.0,1.0,12.06,5.01,2.51,1.49,-2.4000000000000004,0.3,2.4000000000000004,301.1,-0.1,-13.8,1.1,9.3,-82.60000000000001,0.0,0.0,219.5,0.0,21.9,30.6,30.5,33.7,300.0,300.0,29.6,35.800000000000004,32.1,31.700000000000003,34.0,4.95,2.0,4.96,0.16,0.0,0.0,1027.0,8228.0,0.0,0.0,0.0,0.0,0.0,1.0,0.0,0.0,0.0,-0.001,0.0,-0.7000000000000001,0.0,-11.4,-12.8,0.0158,16.0,25903.0
2026-07-30T18:57:52.499Z,41.982,41.994,-7.5,7.4,0.0,0.0,0.0,0.0,0.0,1.0,1.0,0.0,1.0,0.0,0.0,0.0,8.0,6.0,0.0,0.0,0.0,0.0,0.0,0.0,0.0,0.0,3.0,12.0,1.0,12.06,5.01,2.51,1.49,-2.4000000000000004,0.3,2.4000000000000004,301.0,-0.1,-13.2,1.7000000000000002,8.700000000000001,-82.60000000000001,0.0,0.0,219.4,0.0,21.9,30.6,30.5,33.7,300.0,300.0,29.6,35.800000000000004,32.1,31.700000000000003,34.0,4.96,2.0,4.96,0.16,0.0,0.0,1027.0,8228.0,0.0,0.0,0.0,0.0,0.0,1.0,0.0,0.0,0.0,-0.001,0.0,0.0,0.0,-11.2,-12.9,0.0164,16.0,25903.0
2026-07-30T18:57:52.511Z,41.994,42.006,-7.5,7.4,0.0,0.0,0.0,0.0,0.0,1.0,1.0,0.0,1.0,0.0,0.0,0.0,8.0,6.0,0.0,0.0,0.0,0.0,0.0,0.0,0.0,0.0,5.0,12.0,1.0,12.06,5.01,2.51,1.49,-2.3000000000000003,0.2,2.3000000000000003,301.1,-0.1,-12.6,2.3000000000000003,10.4,-82.60000000000001,0.0,0.0,219.5,0.0,21.9,30.6,30.5,33.7,300.0,300.0,29.6,35.800000000000004,32.1,31.700000000000003,34.0,4.96,2.0,4.97,0.16,0.0,0.0,1027.0,8228.0,0.0,0.0,0.0,0.0,0.0,1.0,0.0,0.0,0.0,-0.001,0.0,0.0,0.0,-13.6,-12.8,0.0163,16.0,25903.0
2026-07-30T18:57:52.523Z,42.006,42.018,-7.5,7.4,0.0,0.0,0.0,0.0,0.0,1.0,1.0,0.0,1.0,0.0,0.0,0.0,8.0,6.0,0.0,0.0,0.0,0.0,0.0,0.0,0.0,0.0,6.0,12.0,1.0,12.06,5.01,2.51,1.49,-2.3000000000000003,0.2,2.3000000000000003,301.1,-0.1,-12.0,2.9000000000000004,10.4,-82.60000000000001,0.0,0.0,219.7,0.0,21.9,30.6,30.5,33.7,300.0,300.0,29.6,35.800000000000004,32.1,31.700000000000003,34.0,4.96,2.0,4.96,0.16,0.0,0.0,1027.0,8228.0,0.0,0.0,0.0,0.0,0.0,1.0,0.0,0.0,0.0,-0.001,0.0,0.5,0.0,-14.0,-12.7,0.0155,16.0,25903.0
2026-07-30T18:57:52.535Z,42.018,42.03,-7.5,7.4,0.0,0.0,0.0,0.0,0.0,1.0,1.0,0.0,1.0,0.0,0.0,0.0,8.0,6.0,0.0,0.0,0.0,0.0,0.0,0.0,0.0,0.0,1.0,12.0,1.0,12.05,5.0200000000000005,2.51,1.49,-2.4000000000000004,0.3,2.4000000000000004,301.0,-0.1,-12.0,1.7000000000000002,8.700000000000001,-82.60000000000001,0.0,0.0,219.7,0.0,22.1,30.6,30.6,33.7,300.0,300.0,29.6,35.7,32.2,31.700000000000003,34.0,4.96,2.0,4.96,0.16,0.0,0.0,1027.0,8228.0,0.0,0.0,0.0,0.0,0.0,1.0,0.0,0.0,0.0,-0.001,0.0,-0.1,0.0,-11.2,-12.7,0.0154,16.0,25903.0
2026-07-30T18:57:52.546Z,42.029,42.042,-7.5,7.4,0.0,0.0,0.0,0.0,0.0,1.0,1.0,0.0,1.0,0.0,0.0,0.0,8.0,6.0,0.0,0.0,0.0,0.0,0.0,0.0,0.0,0.0,2.0,12.0,1.0,12.05,5.0200000000000005,2.51,1.49,-2.3000000000000003,0.3,2.3000000000000003,301.1,-0.1,-10.9,2.3000000000000003,10.4,-82.60000000000001,0.0,0.0,219.7,0.0,22.1,30.6,30.6,33.7,300.0,300.0,29.6,35.7,32.2,31.700000000000003,34.0,4.96,2.0,4.96,0.16,0.0,0.0,1027.0,8228.0,0.0,0.0,0.0,0.0,0.0,1.0,0.0,0.0,0.0,-0.001,0.0,0.0,0.0,-13.6,-12.8,0.0161,16.0,25903.0
2026-07-30T18:57:52.559Z,42.042,42.054,-7.5,7.4,0.0,0.0,0.0,0.0,0.0,1.0,1.0,0.0,1.0,0.0,0.0,0.0,8.0,6.0,0.0,0.0,0.0,0.0,0.0,0.0,0.0,0.0,3.0,12.0,1.0,12.05,5.0200000000000005,2.51,1.49,-2.3000000000000003,0.3,2.3000000000000003,301.0,-0.1,-10.9,1.1,10.4,-82.60000000000001,0.0,0.0,219.6,0.0,22.1,30.6,30.6,33.7,300.0,300.0,29.6,35.7,32.2,31.700000000000003,34.0,4.95,2.0,4.96,0.16,0.0,0.0,1027.0,8228.0,0.0,0.0,0.0,0.0,0.0,1.0,0.0,0.0,0.0,-0.001,0.0,-0.9,0.0,-12.8,-12.7,0.0154,16.0,25903.0
2026-07-30T18:57:52.571Z,42.054,42.066,-7.5,7.4,0.0,0.0,0.0,0.0,0.0,1.0,1.0,0.0,1.0,0.0,0.0,0.0,8.0,6.0,0.0,0.0,0.0,0.0,0.0,0.0,0.0,0.0,4.0,12.0,1.0,12.05,5.0200000000000005,2.51,1.49,-2.2,0.2,2.2,301.0,-0.1,-10.9,3.5,9.9,-82.60000000000001,0.0,0.0,219.6,0.0,22.1,30.6,30.6,33.7,300.0,300.0,29.6,35.7,32.2,31.700000000000003,34.0,4.95,2.0,4.96,0.16,0.0,0.0,1027.0,8228.0,0.0,0.0,0.0,0.0,0.0,1.0,0.0,0.0,0.0,-0.001,0.0,1.2000000000000002,0.0,-13.8,-12.6,0.0155,16.0,25903.0
2026-07-30T18:57:52.583Z,42.066,42.078,-7.4,7.4,0.0,0.0,0.0,0.0,0.0,1.0,1.0,0.0,1.0,0.0,0.0,0.0,8.0,6.0,0.0,0.0,0.0,0.0,0.0,0.0,0.0,0.0,6.0,12.0,1.0,12.05,5.0200000000000005,2.51,1.49,-2.2,0.2,2.2,301.1,-0.1,-12.0,3.5,11.0,-82.60000000000001,0.0,0.0,219.8,0.0,22.1,30.6,30.6,33.7,300.0,300.0,29.6,35.7,32.2,31.700000000000003,34.0,4.96,2.0,4.96,0.16,0.0,0.0,1027.0,8228.0,0.0,0.0,0.0,0.0,0.0,1.0,0.0,0.0,0.0,-0.001,0.0,0.9,0.0,-15.1,-12.7,0.0152,16.0,25903.0
2026-07-30T18:57:52.605Z,42.088,42.09,-7.4,7.4,0.0,0.0,0.0,0.0,0.0,1.0,1.0,0.0,1.0,0.0,0.0,0.0,8.0,6.0,0.0,0.0,0.0,0.0,0.0,0.0,0.0,0.0,1.0,12.0,1.0,12.05,5.0200000000000005,2.51,1.49,-2.3000000000000003,0.2,2.3000000000000003,301.0,-0.1,-12.0,2.9000000000000004,9.3,-82.60000000000001,0.0,0.0,219.5,0.0,22.1,30.6,30.6,33.7,300.0,300.0,29.6,35.7,32.2,31.700000000000003,34.0,4.95,2.0,4.96,0.17,0.0,0.0,1027.0,8228.0,0.0,0.0,0.0,0.0,0.0,1.0,0.0,0.0,0.0,-0.001,0.0,0.8,0.0,-12.7,-12.9,0.0152,16.0,25903.0
2026-07-30T18:57:52.609Z,42.092,42.102,-7.5,7.4,0.0,0.0,0.0,0.0,0.0,1.0,1.0,0.0,1.0,0.0,0.0,0.0,8.0,6.0,0.0,0.0,0.0,0.0,0.0,0.0,0.0,0.0,5.0,12.0,1.0,12.05,5.0200000000000005,2.51,1.49,-2.1,0.3,2.2,301.0,-0.1,-10.9,2.3000000000000003,13.4,-82.60000000000001,0.0,0.0,219.5,0.0,22.1,30.6,30.6,33.7,300.0,300.0,29.6,35.7,32.2,31.700000000000003,34.0,4.95,2.0,4.96,0.17,0.0,0.0,1027.0,8228.0,0.0,0.0,0.0,0.0,0.0,1.0,0.0,0.0,0.0,-0.001,0.0,-0.4,0.0,-17.0,-12.9,0.0158,16.0,25903.0
2026-07-30T18:57:52.619Z,42.102,42.114,-7.5,7.4,0.0,0.0,0.0,0.0,0.0,1.0,1.0,0.0,1.0,0.0,0.0,0.0,8.0,6.0,0.0,0.0,0.0,0.0,0.0,0.0,0.0,0.0,3.0,12.0,1.0,12.05,5.0200000000000005,2.51,1.49,-2.3000000000000003,0.2,2.3000000000000003,301.1,-0.1,-11.4,2.3000000000000003,9.9,-82.60000000000001,0.0,0.0,219.6,0.0,22.1,30.6,30.6,33.7,300.0,300.0,29.6,35.7,32.2,31.700000000000003,34.0,4.95,2.0,4.97,0.16,0.0,0.0,1027.0,8228.0,0.0,0.0,0.0,0.0,0.0,1.0,0.0,0.0,0.0,-0.001,0.0,0.1,0.0,-12.9,-12.6,0.0147,16.0,25903.0
2026-07-30T18:57:52.632Z,42.115,42.126,-7.4,7.4,0.0,0.0,0.0,0.0,0.0,1.0,1.0,0.0,1.0,0.0,0.0,0.0,8.0,6.0,0.0,0.0,0.0,0.0,0.0,0.0,0.0,0.0,4.0,12.0,1.0,12.05,5.0200000000000005,2.5,1.5,-2.2,0.2,2.2,300.90000000000003,-0.1,-10.3,4.6000000000000005,11.0,-82.60000000000001,0.0,0.0,219.8,0.0,22.200000000000003,30.6,30.6,33.7,300.0,300.0,29.6,35.6,32.1,31.8,34.1,4.95,2.0,4.97,0.16,0.0,0.0,1027.0,8228.0,0.0,0.0,0.0,0.0,0.0,1.0,0.0,0.0,0.0,-0.001,0.0,1.9,0.0,-16.0,-12.8,0.0157,16.0,25903.0
2026-07-30T18:57:52.642Z,42.125,42.138,-7.4,7.4,0.0,0.0,0.0,0.0,0.0,1.0,1.0,0.0,1.0,0.0,0.0,0.0,8.0,6.0,0.0,0.0,0.0,0.0,0.0,0.0,0.0,0.0,6.0,12.0,1.0,12.05,5.0200000000000005,2.5,1.5,-2.3000000000000003,0.3,2.4000000000000004,301.1,-0.1,-12.0,2.3000000000000003,9.3,-82.60000000000001,0.0,0.0,219.6,0.0,22.200000000000003,30.6,30.6,33.7,300.0,300.0,29.6,35.6,32.1,31.8,34.1,4.95,2.0,4.96,0.16,0.0,0.0,1027.0,8228.0,0.0,0.0,0.0,0.0,0.0,1.0,0.0,0.0,0.0,-0.001,0.0,0.2,0.0,-12.3,-12.9,0.0165,16.0,25903.0
2026-07-30T18:57:52.655Z,42.138,42.15,-7.5,7.4,0.0,0.0,0.0,0.0,0.0,1.0,1.0,0.0,1.0,0.0,0.0,0.0,8.0,6.0,0.0,0.0,0.0,0.0,0.0,0.0,0.0,0.0,1.0,12.0,1.0,12.05,5.0200000000000005,2.5,1.5,-2.3000000000000003,0.3,2.4000000000000004,301.1,-0.1,-12.0,1.1,9.3,-82.60000000000001,0.0,0.0,219.6,0.0,22.200000000000003,30.6,30.6,33.7,300.0,300.0,29.6,35.6,32.1,31.8,34.1,4.96,2.0,4.97,0.16,0.0,0.0,1027.0,8228.0,0.0,0.0,0.0,0.0,0.0,1.0,0.0,0.0,0.0,-0.001,0.0,-0.8,0.0,-12.1,-12.9,0.0167,16.0,25903.0
2026-07-30T18:57:52.667Z,42.15,42.162,-7.5,7.4,0.0,0.0,0.0,0.0,0.0,1.0,1.0,0.0,1.0,0.0,0.0,0.0,8.0,6.0,0.0,0.0,0.0,0.0,0.0,0.0,0.0,0.0,3.0,12.0,1.0,12.05,5.0200000000000005,2.5,1.5,-2.2,0.2,2.2,301.0,-0.1,-11.4,3.5,11.0,-82.60000000000001,0.0,0.0,219.6,0.0,22.200000000000003,30.6,30.6,33.7,300.0,300.0,29.6,35.6,32.1,31.8,34.1,4.96,2.0,4.96,0.16,0.0,0.0,1027.0,8228.0,0.0,0.0,0.0,0.0,0.0,1.0,0.0,0.0,0.0,-0.001,0.0,0.9,0.0,-15.1,-12.7,0.0159,16.0,25903.0
2026-07-30T18:57:52.680Z,42.163,42.174,-7.4,7.4,0.0,0.0,0.0,0.0,0.0,1.0,1.0,0.0,1.0,0.0,0.0,0.0,8.0,6.0,0.0,0.0,0.0,0.0,0.0,0.0,0.0,0.0,4.0,12.0,1.0,12.05,5.0200000000000005,2.5,1.5,-2.3000000000000003,0.2,2.3000000000000003,301.0,-0.1,-10.9,2.9000000000000004,9.9,-82.60000000000001,0.0,0.0,219.9,0.0,22.200000000000003,30.6,30.6,33.7,300.0,300.0,29.6,35.6,32.1,31.8,34.1,4.95,2.0,4.96,0.16,0.0,0.0,1027.0,8228.0,0.0,0.0,0.0,0.0,0.0,1.0,0.0,0.0,0.0,-0.001,0.0,0.6000000000000001,0.0,-13.4,-12.7,0.0162,16.0,25903.0
2026-07-30T18:57:52.691Z,42.174,42.186,-7.4,7.4,0.0,0.0,0.0,0.0,0.0,1.0,1.0,0.0,1.0,0.0,0.0,0.0,8.0,6.0,0.0,0.0,0.0,0.0,0.0,0.0,0.0,0.0,5.0,12.0,1.0,12.05,5.0200000000000005,2.5,1.5,-2.3000000000000003,0.3,2.3000000000000003,301.1,0.0,-11.4,1.7000000000000002,10.4,-82.60000000000001,0.0,0.0,219.7,0.0,22.200000000000003,30.6,30.6,33.7,300.0,300.0,29.6,35.6,32.1,31.8,34.1,4.95,2.0,4.96,0.16,0.0,0.0,1027.0,8228.0,0.0,0.0,0.0,0.0,0.0,1.0,0.0,0.0,0.0,-0.001,0.0,-0.4,0.0,-13.2,-12.8,0.0161,16.0,25903.0
2026-07-30T18:57:52.703Z,42.186,42.198,-7.5,7.4,0.0,0.0,0.0,0.0,0.0,1.0,1.0,0.0,1.0,0.0,0.0,0.0,8.0,6.0,0.0,0.0,0.0,0.0,0.0,0.0,0.0,0.0,6.0,12.0,1.0,12.05,5.0200000000000005,2.5,1.5,-2.3000000000000003,0.3,2.3000000000000003,301.1,0.0,-12.6,1.7000000000000002,9.9,-82.60000000000001,0.0,0.0,219.6,0.0,22.200000000000003,30.6,30.6,33.7,300.0,300.0,29.6,35.6,32.1,31.8,34.1,4.95,2.0,4.96,0.16,0.0,0.0,1027.0,8228.0,0.0,0.0,0.0,0.0,0.0,1.0,0.0,0.0,0.0,-0.001,0.0,-1.2000000000000002,0.0,-11.0,-12.9,0.0163,16.0,25903.0
2026-07-30T18:57:52.714Z,42.197,42.21,-7.5,7.4,0.0,0.0,0.0,0.0,0.0,1.0,1.0,0.0,1.0,0.0,0.0,0.0,8.0,6.0,0.0,0.0,0.0,0.0,0.0,0.0,0.0,0.0,2.0,12.0,1.0,12.05,5.0200000000000005,2.5,1.5,-2.3000000000000003,0.3,2.4000000000000004,301.1,-0.1,-12.0,1.1,8.700000000000001,-82.60000000000001,0.0,0.0,219.6,0.0,22.200000000000003,30.6,30.6,33.7,300.0,300.0,29.6,35.6,32.1,31.8,34.1,4.95,2.0,4.96,0.16,0.0,0.0,1027.0,8228.0,0.0,0.0,0.0,0.0,0.0,1.0,0.0,0.0,0.0,-0.001,0.0,0.2,0.0,-12.3,-12.8,0.0161,16.0,25903.0
2026-07-30T18:57:52.728Z,42.211,42.222,-7.4,7.4,0.0,0.0,0.0,0.0,0.0,1.0,1.0,0.0,1.0,0.0,0.0,0.0,8.0,6.0,0.0,0.0,0.0,0.0,0.0,0.0,0.0,0.0,3.0,12.0,1.0,12.05,5.0200000000000005,2.5,1.5,-2.3000000000000003,0.3,2.4000000000000004,301.0,0.0,-12.0,1.7000000000000002,9.9,-82.60000000000001,0.0,0.0,219.6,0.0,22.200000000000003,30.6,30.6,33.7,300.0,300.0,29.6,35.6,32.1,31.8,34.1,4.96,2.0,4.96,0.16,0.0,0.0,1027.0,8228.0,0.0,0.0,0.0,0.0,0.0,1.0,0.0,0.0,0.0,-0.001,0.0,0.3,0.0,-11.6,-12.7,0.0157,16.0,25903.0
2026-07-30T18:57:52.739Z,42.222,42.234,-7.4,7.4,0.0,0.0,0.0,0.0,0.0,1.0,1.0,0.0,1.0,0.0,0.0,0.0,8.0,6.0,0.0,0.0,0.0,0.0,0.0,0.0,0.0,0.0,4.0,12.0,1.0,12.05,5.0200000000000005,2.5,1.49,-2.3000000000000003,0.3,2.3000000000000003,301.1,0.0,-11.4,2.3000000000000003,9.9,-82.60000000000001,0.0,0.0,219.6,0.0,22.1,30.6,30.6,33.800000000000004,300.0,300.0,29.6,35.7,32.2,31.8,34.1,4.95,2.0,4.97,0.16,0.0,0.0,1027.0,8228.0,0.0,0.0,0.0,0.0,0.0,1.0,0.0,0.0,0.0,-0.001,0.0,0.1,0.0,-12.9,-12.8,0.016,16.0,25903.0
2026-07-30T18:57:52.751Z,42.234,42.246,-7.4,7.4,0.0,0.0,0.0,0.0,0.0,1.0,1.0,0.0,1.0,0.0,0.0,0.0,8.0,6.0,0.0,0.0,0.0,0.0,0.0,0.0,0.0,0.0,6.0,12.0,1.0,12.05,5.0200000000000005,2.5,1.49,-2.4000000000000004,0.3,2.4000000000000004,301.0,0.0,-11.4,1.1,8.700000000000001,-82.60000000000001,0.0,0.0,219.5,0.0,22.1,30.6,30.6,33.800000000000004,300.0,300.0,29.6,35.7,32.2,31.8,34.1,4.96,2.0,4.97,0.16,0.0,0.0,1027.0,8228.0,0.0,0.0,0.0,0.0,0.0,1.0,0.0,0.0,0.0,-0.001,0.0,-0.6000000000000001,0.0,-10.8,-12.8,0.0157,16.0,25903.0
2026-07-30T18:57:52.763Z,42.246,42.258,-7.5,7.4,0.0,0.0,0.0,0.0,0.0,1.0,1.0,0.0,1.0,0.0,0.0,0.0,8.0,6.0,0.0,0.0,0.0,0.0,0.0,0.0,0.0,0.0,1.0,12.0,1.0,12.05,5.0200000000000005,2.5,1.49,-2.2,0.2,2.3000000000000003,301.0,-0.1,-10.3,3.5,10.4,-82.60000000000001,0.0,0.0,219.4,0.0,22.1,30.6,30.6,33.800000000000004,300.0,300.0,29.6,35.7,32.2,31.8,34.1,4.96,2.0,4.96,0.16,0.0,0.0,1027.0,8228.0,0.0,0.0,0.0,0.0,0.0,1.0,0.0,0.0,0.0,-0.001,0.0,1.1,0.0,-14.5,-12.8,0.0163,16.0,25903.0
2026-07-30T18:57:52.775Z,42.258,42.27,-7.5,7.4,0.0,0.0,0.0,0.0,0.0,1.0,1.0,0.0,1.0,0.0,0.0,0.0,8.0,6.0,0.0,0.0,0.0,0.0,0.0,0.0,0.0,0.0,2.0,12.0,1.0,12.05,5.0200000000000005,2.5,1.49,-2.2,0.2,2.2,301.1,-0.1,-10.3,3.5,10.4,-82.60000000000001,0.0,0.0,219.6,0.0,22.1,30.6,30.6,33.800000000000004,300.0,300.0,29.6,35.7,32.2,31.8,34.1,4.96,2.0,4.96,0.16,0.0,0.0,1027.0,8228.0,0.0,0.0,0.0,0.0,0.0,1.0,0.0,0.0,0.0,-0.001,0.0,1.0,0.0,-14.5,-12.7,0.0153,16.0,25903.0
2026-07-30T18:57:52.787Z,42.27,42.282,-7.4,7.4,0.0,0.0,0.0,0.0,0.0,1.0,1.0,0.0,1.0,0.0,0.0,0.0,8.0,6.0,0.0,0.0,0.0,0.0,0.0,0.0,0.0,0.0,3.0,12.0,1.0,12.05,5.0200000000000005,2.5,1.49,-2.2,0.2,2.2,301.0,-0.1,-10.9,4.0,11.0,-82.60000000000001,0.0,0.0,219.7,0.0,22.1,30.6,30.6,33.800000000000004,300.0,300.0,29.6,35.7,32.2,31.8,34.1,4.95,2.0,4.96,0.16,0.0,0.0,1027.0,8228.0,0.0,0.0,0.0,0.0,0.0,1.0,0.0,0.0,0.0,-0.001,0.0,1.4,0.0,-15.6,-12.7,0.0153,16.0,25903.0
2026-07-30T18:57:52.799Z,42.282,42.294,-7.4,7.4,0.0,0.0,0.0,0.0,0.0,1.0,1.0,0.0,1.0,0.0,0.0,0.0,8.0,6.0,0.0,0.0,0.0,0.0,0.0,0.0,0.0,0.0,5.0,12.0,1.0,12.05,5.0200000000000005,2.5,1.49,-2.3000000000000003,0.3,2.3000000000000003,301.1,-0.1,-10.9,2.3000000000000003,11.0,-82.60000000000001,0.0,0.0,219.5,0.0,22.1,30.6,30.6,33.800000000000004,300.0,300.0,29.6,35.7,32.2,31.8,34.1,4.96,2.0,4.96,0.16,0.0,0.0,1027.0,8228.0,0.0,0.0,0.0,0.0,0.0,1.0,0.0,0.0,0.0,-0.001,0.0,0.0,0.0,-14.3,-12.8,0.0151,16.0,25903.0
2026-07-30T18:57:52.811Z,42.294,42.306,-7.5,7.4,0.0,0.0,0.0,0.0,0.0,1.0,1.0,0.0,1.0,0.0,0.0,0.0,8.0,6.0,0.0,0.0,0.0,0.0,0.0,0.0,0.0,0.0,1.0,12.0,1.0,12.05,5.0200000000000005,2.5,1.49,-2.3000000000000003,0.2,2.3000000000000003,301.1,-0.1,-12.0,3.5,9.9,-82.5,0.0,0.0,219.4,0.0,22.1,30.6,30.6,33.800000000000004,300.0,300.0,29.6,35.7,32.2,31.8,34.1,4.96,2.0,4.96,0.16,0.0,0.0,1027.0,8228.0,0.0,0.0,0.0,0.0,0.0,1.0,0.0,0.0,0.0,-0.001,0.0,1.2000000000000002,0.0,-13.8,-12.8,0.0155,16.0,25903.0
2026-07-30T18:57:52.823Z,42.306,42.318,-7.4,7.4,0.0,0.0,0.0,0.0,0.0,1.0,1.0,0.0,1.0,0.0,0.0,0.0,8.0,6.0,0.0,0.0,0.0,0.0,0.0,0.0,0.0,0.0,2.0,12.0,1.0,12.05,5.0200000000000005,2.5,1.49,-2.2,0.2,2.2,301.0,-0.1,-11.4,2.9000000000000004,11.6,-82.5,0.0,0.0,219.4,0.0,22.1,30.6,30.6,33.800000000000004,300.0,300.0,29.6,35.7,32.2,31.8,34.1,4.95,2.0,4.96,0.16,0.0,0.0,1027.0,8228.0,0.0,0.0,0.0,0.0,0.0,1.0,0.0,0.0,0.0,-0.001,0.0,0.4,0.0,-15.4,-12.7,0.0154,16.0,25903.0
2026-07-30T18:57:52.836Z,42.319,42.33,-7.5,7.4,0.0,0.0,0.0,0.0,0.0,1.0,1.0,0.0,1.0,0.0,0.0,0.0,8.0,6.0,0.0,0.0,0.0,0.0,0.0,0.0,0.0,0.0,4.0,12.0,1.0,12.04,5.0200000000000005,2.5,1.49,-2.2,0.2,2.2,301.1,-0.1,-12.0,3.5,11.6,-82.5,0.0,0.0,219.6,0.0,22.1,30.6,30.6,33.800000000000004,300.0,300.0,29.6,35.7,32.2,31.8,34.1,4.95,2.0,4.96,0.16,0.0,0.0,1027.0,8228.0,0.0,0.0,0.0,0.0,0.0,1.0,0.0,0.0,0.0,-0.001,0.0,0.8,0.0,-15.8,-12.8,0.0152,16.0,25903.0
2026-07-30T18:57:52.846Z,42.329,42.342,-7.5,7.4,0.0,0.0,0.0,0.0,0.0,1.0,1.0,0.0,1.0,0.0,0.0,0.0,8.0,6.0,0.0,0.0,0.0,0.0,0.0,0.0,0.0,0.0,5.0,12.0,1.0,12.04,5.0200000000000005,2.5,1.49,-2.3000000000000003,0.3,2.3000000000000003,301.1,-0.1,-10.9,1.7000000000000002,9.9,-82.5,0.0,0.0,219.6,0.0,22.1,30.6,30.6,33.800000000000004,300.0,300.0,29.6,35.7,32.2,31.8,34.1,4.95,2.0,4.96,0.16,0.0,0.0,1027.0,8228.0,0.0,0.0,0.0,0.0,0.0,1.0,0.0,0.0,0.0,-0.001,0.0,-0.3,0.0,-12.5,-12.8,0.015,16.0,25903.0
2026-07-30T18:57:52.859Z,42.342,42.354,-7.4,7.4,0.0,0.0,0.0,0.0,0.0,1.0,1.0,0.0,1.0,0.0,0.0,0.0,8.0,6.0,0.0,0.0,0.0,0.0,0.0,0.0,0.0,0.0,6.0,12.0,1.0,12.04,5.0200000000000005,2.5,1.49,-2.2,0.2,2.2,301.0,-0.1,-11.4,2.9000000000000004,11.6,-82.60000000000001,0.0,0.0,219.6,0.0,22.1,30.6,30.6,33.800000000000004,300.0,300.0,29.6,35.7,32.2,31.8,34.1,4.95,2.0,4.96,0.16,0.0,0.0,1027.0,8228.0,0.0,0.0,0.0,0.0,0.0,1.0,0.0,0.0,0.0,-0.001,0.0,0.3,0.0,-15.4,-12.7,0.0157,16.0,25903.0
2026-07-30T18:57:52.871Z,42.354,42.366,-7.4,7.4,0.0,0.0,0.0,0.0,0.0,1.0,1.0,0.0,1.0,0.0,0.0,0.0,8.0,6.0,0.0,0.0,0.0,0.0,0.0,0.0,0.0,0.0,1.0,12.0,1.0,12.04,5.0200000000000005,2.5,1.49,-2.3000000000000003,0.3,2.3000000000000003,301.1,0.0,-12.0,2.3000000000000003,9.3,-82.60000000000001,0.0,0.0,219.6,0.0,22.1,30.6,30.6,33.800000000000004,300.0,300.0,29.6,35.7,32.2,31.8,34.1,4.96,2.0,4.96,0.16,0.0,0.0,1027.0,8228.0,0.0,0.0,0.0,0.0,0.0,1.0,0.0,0.0,0.0,-0.001,0.0,0.2,0.0,-12.3,-12.8,0.0151,16.0,25903.0
2026-07-30T18:57:52.883Z,42.366,42.378,-7.4,7.4,0.0,0.0,0.0,0.0,0.0,1.0,1.0,0.0,1.0,0.0,0.0,0.0,8.0,6.0,0.0,0.0,0.0,0.0,0.0,0.0,0.0,0.0,3.0,12.0,1.0,12.04,5.0200000000000005,2.5,1.49,-2.3000000000000003,0.2,2.3000000000000003,301.0,0.0,-12.0,2.9000000000000004,9.9,-82.60000000000001,0.0,0.0,219.6,0.0,22.1,30.6,30.6,33.800000000000004,300.0,300.0,29.6,35.7,32.2,31.8,34.1,4.95,2.0,4.96,0.16,0.0,0.0,1027.0,8228.0,0.0,0.0,0.0,0.0,0.0,1.0,0.0,0.0,0.0,-0.001,0.0,0.6000000000000001,0.0,-13.4,-12.8,0.0159,16.0,25903.0
2026-07-30T18:57:52.894Z,42.377,42.39,-7.4,7.4,0.0,0.0,0.0,0.0,0.0,1.0,1.0,0.0,1.0,0.0,0.0,0.0,8.0,6.0,0.0,0.0,0.0,0.0,0.0,0.0,0.0,0.0,4.0,12.0,1.0,12.04,5.0200000000000005,2.5,1.49,-2.3000000000000003,0.2,2.3000000000000003,301.0,0.0,-13.2,2.3000000000000003,9.9,-82.60000000000001,0.0,0.0,219.5,0.0,22.1,30.6,30.6,33.800000000000004,300.0,300.0,29.6,35.7,32.2,31.8,34.1,4.95,2.0,4.96,0.16,0.0,0.0,1027.0,8228.0,0.0,0.0,0.0,0.0,0.0,1.0,0.0,0.0,0.0,-0.001,0.0,0.1,0.0,-12.9,-12.9,0.0157,16.0,25903.0
2026-07-30T18:57:52.907Z,42.39,42.402,-7.5,7.4,0.0,0.0,0.0,0.0,0.0,1.0,1.0,0.0,1.0,0.0,0.0,0.0,8.0,6.0,0.0,0.0,0.0,0.0,0.0,0.0,0.0,0.0,5.0,12.0,1.0,12.04,5.0200000000000005,2.5,1.49,-2.3000000000000003,0.2,2.3000000000000003,301.1,0.0,-12.0,2.3000000000000003,10.4,-82.60000000000001,0.0,0.0,219.6,0.0,22.1,30.6,30.6,33.800000000000004,300.0,300.0,29.6,35.7,32.2,31.8,34.1,4.95,2.0,4.97,0.16,0.0,0.0,1027.0,8228.0,0.0,0.0,0.0,0.0,0.0,1.0,0.0,0.0,0.0,-0.001,0.0,0.0,0.0,-13.6,-12.8,0.0159,16.0,25903.0
2026-07-30T18:57:52.919Z,42.402,42.414,-7.5,7.4,0.0,0.0,0.0,0.0,0.0,1.0,1.0,0.0,1.0,0.0,0.0,0.0,8.0,6.0,0.0,0.0,0.0,0.0,0.0,0.0,0.0,0.0,5.0,12.0,1.0,12.04,5.0200000000000005,2.5,1.49,-2.3000000000000003,0.2,2.3000000000000003,301.1,0.0,-12.0,2.3000000000000003,9.3,-82.60000000000001,0.0,0.0,219.7,0.0,22.1,30.6,30.6,33.800000000000004,300.0,300.0,29.6,35.7,32.2,31.8,34.1,4.95,2.0,4.97,0.16,0.0,0.0,1027.0,8228.0,0.0,0.0,0.0,0.0,0.0,1.0,0.0,0.0,0.0,-0.001,0.0,0.2,0.0,-12.3,-12.7,0.0155,16.0,25903.0
2026-07-30T18:57:52.930Z,42.413,42.426,-7.4,7.4,0.0,0.0,0.0,0.0,0.0,1.0,1.0,0.0,1.0,0.0,0.0,0.0,8.0,6.0,0.0,0.0,0.0,0.0,0.0,0.0,0.0,0.0,5.0,12.0,1.0,12.04,5.0200000000000005,2.5,1.49,-2.4000000000000004,0.3,2.4000000000000004,301.0,0.0,-12.0,1.1,8.700000000000001,-82.60000000000001,0.0,0.0,219.7,0.0,22.1,30.6,30.6,33.800000000000004,300.0,300.0,29.6,35.7,32.2,31.8,34.1,4.96,2.0,4.96,0.16,0.0,0.0,1027.0,8228.0,0.0,0.0,0.0,0.0,0.0,1.0,0.0,0.0,0.0,-0.001,0.0,-0.6000000000000001,0.0,-10.8,-12.7,0.0158,16.0,25903.0
2026-07-30T18:57:52.943Z,42.426,42.438,-7.5,7.4,0.0,0.0,0.0,0.0,0.0,1.0,1.0,0.0,1.0,0.0,0.0,0.0,8.0,6.0,0.0,0.0,0.0,0.0,0.0,0.0,0.0,0.0,6.0,12.0,1.0,12.06,5.0200000000000005,2.5,1.49,-2.4000000000000004,0.3,2.4000000000000004,301.1,-0.1,-11.4,0.0,8.700000000000001,-82.60000000000001,0.0,0.0,219.8,0.0,21.9,30.700000000000003,30.700000000000003,33.800000000000004,300.0,300.0,29.6,35.800000000000004,32.300000000000004,31.8,34.1,4.95,2.0,4.96,0.16,0.0,0.0,1027.0,8228.0,0.0,0.0,0.0,0.0,0.0,1.0,0.0,0.0,0.0,-0.001,0.0,-1.7000000000000002,0.0,-9.9,-12.8,0.0162,16.0,25903.0
2026-07-30T18:57:52.955Z,42.438,42.45,-7.5,7.4,0.0,0.0,0.0,0.0,0.0,1.0,1.0,0.0,1.0,0.0,0.0,0.0,8.0,6.0,0.0,0.0,0.0,0.0,0.0,0.0,0.0,0.0,6.0,12.0,1.0,12.06,5.0200000000000005,2.5,1.49,-2.3000000000000003,0.2,2.3000000000000003,301.0,-0.1,-12.6,2.9000000000000004,9.3,-82.60000000000001,0.0,0.0,219.7,0.0,21.9,30.700000000000003,30.700000000000003,33.800000000000004,300.0,300.0,29.6,35.800000000000004,32.300000000000004,31.8,34.1,4.95,2.0,4.96,0.16,0.0,0.0,1027.0,8228.0,0.0,0.0,0.0,0.0,0.0,1.0,0.0,0.0,0.0,-0.001,0.0,0.7000000000000001,0.0,-12.7,-12.6,0.0162,16.0,25903.0
2026-07-30T18:57:52.967Z,42.45,42.462,-7.4,7.4,0.0,0.0,0.0,0.0,0.0,1.0,1.0,0.0,1.0,0.0,0.0,0.0,8.0,6.0,0.0,0.0,0.0,0.0,0.0,0.0,0.0,0.0,1.0,12.0,1.0,12.06,5.0200000000000005,2.5,1.49,-2.3000000000000003,0.3,2.3000000000000003,301.1,-0.1,-12.0,2.3000000000000003,9.9,-82.60000000000001,0.0,0.0,219.7,0.0,21.9,30.700000000000003,30.700000000000003,33.800000000000004,300.0,300.0,29.6,35.800000000000004,32.300000000000004,31.8,34.1,4.96,2.0,4.96,0.16,0.0,0.0,1027.0,8228.0,0.0,0.0,0.0,0.0,0.0,1.0,0.0,0.0,0.0,-0.001,0.0,0.1,0.0,-12.9,-12.7,0.0156,16.0,25903.0
2026-07-30T18:57:52.979Z,42.462,42.474,-7.5,7.4,0.0,0.0,0.0,0.0,0.0,1.0,1.0,0.0,1.0,0.0,0.0,0.0,8.0,6.0,0.0,0.0,0.0,0.0,0.0,0.0,0.0,0.0,2.0,12.0,1.0,12.06,5.0200000000000005,2.5,1.49,-2.4000000000000004,0.3,2.4000000000000004,301.1,-0.1,-13.2,1.1,8.1,-82.60000000000001,0.0,0.0,219.7,0.0,21.9,30.700000000000003,30.700000000000003,33.800000000000004,300.0,300.0,29.6,35.800000000000004,32.300000000000004,31.8,34.1,4.95,2.0,4.97,0.16,0.0,0.0,1027.0,8228.0,0.0,0.0,0.0,0.0,0.0,1.0,0.0,0.0,0.0,-0.001,0.0,-0.5,0.0,-10.1,-12.8,0.0157,16.0,25903.0
2026-07-30T18:57:52.991Z,42.474,42.486,-7.5,7.4,0.0,0.0,0.0,0.0,0.0,1.0,1.0,0.0,1.0,0.0,0.0,0.0,8.0,6.0,0.0,0.0,0.0,0.0,0.0,0.0,0.0,0.0,4.0,12.0,1.0,12.06,5.0200000000000005,2.5,1.49,-2.4000000000000004,0.3,2.4000000000000004,301.0,-0.1,-13.2,0.0,7.5,-82.60000000000001,0.0,0.0,219.6,0.0,21.9,30.700000000000003,30.700000000000003,33.800000000000004,300.0,300.0,29.6,35.800000000000004,32.300000000000004,31.8,34.1,4.96,2.0,4.96,0.16,0.0,0.0,1027.0,8228.0,0.0,0.0,0.0,0.0,0.0,1.0,0.0,0.0,0.0,-0.001,0.0,-1.4,0.0,-8.6,-12.7,0.0162,16.0,25903.0
2026-07-30T18:57:53.003Z,42.486,42.498,-7.4,7.4,0.0,0.0,0.0,0.0,0.0,1.0,1.0,0.0,1.0,0.0,0.0,0.0,8.0,6.0,0.0,0.0,0.0,0.0,0.0,0.0,0.0,0.0,5.0,12.0,1.0,12.06,5.0200000000000005,2.5,1.49,-2.3000000000000003,0.2,2.3000000000000003,301.0,-0.1,-12.6,2.3000000000000003,9.3,-82.60000000000001,0.0,0.0,219.7,0.0,21.9,30.700000000000003,30.700000000000003,33.800000000000004,300.0,300.0,29.6,35.800000000000004,32.300000000000004,31.8,34.1,4.96,2.0,4.97,0.16,0.0,0.0,1027.0,8228.0,0.0,0.0,0.0,0.0,0.0,1.0,0.0,0.0,0.0,-0.001,0.0,0.2,0.0,-12.3,-12.7,0.0164,16.0,25903.0
2026-07-30T18:57:53.015Z,42.498,42.51,-7.4,7.4,0.0,0.0,0.0,0.0,0.0,1.0,1.0,0.0,1.0,0.0,0.0,0.0,8.0,6.0,0.0,0.0,0.0,0.0,0.0,0.0,0.0,0.0,5.0,12.0,1.0,12.06,5.0200000000000005,2.5,1.49,-2.3000000000000003,0.3,2.3000000000000003,301.1,-0.1,-13.2,2.3000000000000003,9.3,-82.60000000000001,0.0,0.0,219.6,0.0,21.9,30.700000000000003,30.700000000000003,33.800000000000004,300.0,300.0,29.6,35.800000000000004,32.300000000000004,31.8,34.1,4.96,2.0,4.97,0.16,0.0,0.0,1027.0,8228.0,0.0,0.0,0.0,0.0,0.0,1.0,0.0,0.0,0.0,-0.001,0.0,0.2,0.0,-12.3,-12.8,0.0157,16.0,25903.0
2026-07-30T18:57:53.027Z,42.51,42.522,-7.4,7.4,0.0,0.0,0.0,0.0,0.0,1.0,1.0,0.0,1.0,0.0,0.0,0.0,8.0,6.0,0.0,0.0,0.0,0.0,0.0,0.0,0.0,0.0,6.0,12.0,1.0,12.06,5.0200000000000005,2.5,1.49,-2.3000000000000003,0.3,2.4000000000000004,301.0,-0.1,-12.6,1.1,9.3,-82.60000000000001,0.0,0.0,219.6,0.0,21.9,30.700000000000003,30.700000000000003,33.800000000000004,300.0,300.0,29.6,35.800000000000004,32.300000000000004,31.8,34.1,4.95,2.0,4.97,0.16,0.0,0.0,1027.0,8228.0,0.0,0.0,0.0,0.0,0.0,1.0,0.0,0.0,0.0,-0.001,0.0,-0.7000000000000001,0.0,-11.4,-12.9,0.0158,16.0,25903.0
2026-07-30T18:57:53.041Z,42.524,42.534,-7.4,7.4,0.0,0.0,0.0,0.0,0.0,1.0,1.0,0.0,1.0,0.0,0.0,0.0,8.0,6.0,0.0,0.0,0.0,0.0,0.0,0.0,0.0,0.0,1.0,12.0,1.0,12.05,5.01,2.5,1.49,-2.2,0.2,2.2,301.1,-0.1,-10.9,3.5,12.2,-82.60000000000001,0.0,0.0,219.6,0.0,22.200000000000003,30.700000000000003,30.700000000000003,33.9,300.0,300.0,29.700000000000003,35.7,32.300000000000004,31.8,34.0,4.96,2.0,4.96,0.16,0.0,0.0,1027.0,8228.0,0.0,0.0,0.0,0.0,0.0,1.0,0.0,0.0,0.0,-0.001,0.0,0.7000000000000001,0.0,-16.5,-12.9,0.0161,16.0,25903.0
2026-07-30T18:57:53.050Z,42.533,42.546,-7.5,7.4,0.0,0.0,0.0,0.0,0.0,1.0,1.0,0.0,1.0,0.0,0.0,0.0,8.0,6.0,0.0,0.0,0.0,0.0,0.0,0.0,0.0,0.0,2.0,12.0,1.0,12.05,5.01,2.5,1.49,-2.2,0.2,2.3000000000000003,301.1,-0.1,-11.4,2.9000000000000004,10.4,-82.60000000000001,0.0,0.0,219.8,0.0,22.200000000000003,30.700000000000003,30.700000000000003,33.9,300.0,300.0,29.700000000000003,35.7,32.300000000000004,31.8,34.0,4.96,2.0,4.97,0.16,0.0,0.0,1027.0,8228.0,0.0,0.0,0.0,0.0,0.0,1.0,0.0,0.0,0.0,-0.001,0.0,0.5,0.0,-14.0,-12.8,0.0148,16.0,25903.0
2026-07-30T18:57:53.062Z,42.545,42.558,-7.4,7.4,0.0,0.0,0.0,0.0,0.0,1.0,1.0,0.0,1.0,0.0,0.0,0.0,8.0,6.0,0.0,0.0,0.0,0.0,0.0,0.0,0.0,0.0,3.0,12.0,1.0,12.05,5.01,2.5,1.49,-2.3000000000000003,0.2,2.3000000000000003,301.1,-0.1,-11.4,2.9000000000000004,9.3,-82.60000000000001,0.0,0.0,219.9,0.0,22.200000000000003,30.700000000000003,30.700000000000003,33.9,300.0,300.0,29.700000000000003,35.7,32.300000000000004,31.8,34.0,4.95,2.0,4.97,0.16,0.0,0.0,1027.0,8228.0,0.0,0.0,0.0,0.0,0.0,1.0,0.0,0.0,0.0,-0.001,0.0,0.7000000000000001,0.0,-12.7,-12.8,0.0153,16.0,25903.0
2026-07-30T18:57:53.075Z,42.558,42.57,-7.5,7.4,0.0,0.0,0.0,0.0,0.0,1.0,1.0,0.0,1.0,0.0,0.0,0.0,8.0,6.0,0.0,0.0,0.0,0.0,0.0,0.0,0.0,0.0,4.0,12.0,1.0,12.05,5.01,2.5,1.49,-2.2,0.2,2.2,301.1,-0.1,-10.9,2.9000000000000004,11.0,-82.7,0.0,0.0,219.8,0.0,22.200000000000003,30.700000000000003,30.700000000000003,33.9,300.0,300.0,29.700000000000003,35.7,32.300000000000004,31.8,34.0,4.96,2.0,4.96,0.16,0.0,0.0,1027.0,8228.0,0.0,0.0,0.0,0.0,0.0,1.0,0.0,0.0,0.0,-0.001,0.0,0.4,0.0,-14.7,-12.8,0.0156,16.0,25903.0
2026-07-30T18:57:53.087Z,42.57,42.582,-7.5,7.4,0.0,0.0,0.0,0.0,0.0,1.0,1.0,0.0,1.0,0.0,0.0,0.0,8.0,6.0,0.0,0.0,0.0,0.0,0.0,0.0,0.0,0.0,6.0,12.0,1.0,12.05,5.01,2.5,1.49,-2.2,0.2,2.3000000000000003,301.2,-0.1,-11.4,2.3000000000000003,9.9,-82.7,0.0,0.0,219.9,0.0,22.200000000000003,30.700000000000003,30.700000000000003,33.9,300.0,300.0,29.700000000000003,35.7,32.300000000000004,31.8,34.0,4.96,2.0,4.96,0.16,0.0,0.0,1027.0,8228.0,0.0,0.0,0.0,0.0,0.0,1.0,0.0,0.0,0.0,-0.001,0.0,0.1,0.0,-12.9,-12.7,0.0151,16.0,25903.0
2026-07-30T18:57:53.098Z,42.581,42.594,-7.5,7.4,0.0,0.0,0.0,0.0,0.0,1.0,1.0,0.0,1.0,0.0,0.0,0.0,8.0,6.0,0.0,0.0,0.0,0.0,0.0,0.0,0.0,0.0,1.0,12.0,1.0,12.05,5.01,2.5,1.49,-2.2,0.2,2.2,301.1,-0.1,-10.3,3.5,11.0,-82.7,0.0,0.0,219.9,0.0,22.200000000000003,30.700000000000003,30.700000000000003,33.9,300.0,300.0,29.700000000000003,35.7,32.300000000000004,31.8,34.0,4.96,2.0,4.96,0.16,0.0,0.0,1027.0,8228.0,0.0,0.0,0.0,0.0,0.0,1.0,0.0,0.0,0.0,-0.001,0.0,0.9,0.0,-15.2,-12.7,0.0154,16.0,25903.0
2026-07-30T18:57:53.110Z,42.593,42.606,-7.4,7.4,0.0,0.0,0.0,0.0,0.0,1.0,1.0,0.0,1.0,0.0,0.0,0.0,8.0,6.0,0.0,0.0,0.0,0.0,0.0,0.0,0.0,0.0,2.0,12.0,1.0,12.05,5.01,2.5,1.49,-2.3000000000000003,0.2,2.3000000000000003,301.1,-0.1,-11.4,3.5,9.3,-82.7,0.0,0.0,219.8,0.0,22.200000000000003,30.700000000000003,30.700000000000003,33.9,300.0,300.0,29.700000000000003,35.7,32.300000000000004,31.8,34.0,4.95,2.0,4.96,0.16,0.0,0.0,1027.0,8228.0,0.0,0.0,0.0,0.0,0.0,1.0,0.0,0.0,0.0,-0.001,0.0,1.2000000000000002,0.0,-13.1,-12.8,0.015,16.0,25903.0
2026-07-30T18:57:53.123Z,42.606,42.618,-7.4,7.4,0.0,0.0,0.0,0.0,0.0,1.0,1.0,0.0,1.0,0.0,0.0,0.0,8.0,6.0,0.0,0.0,0.0,0.0,0.0,0.0,0.0,0.0,3.0,12.0,1.0,12.05,5.01,2.5,1.49,-2.3000000000000003,0.2,2.3000000000000003,301.0,-0.1,-10.3,2.3000000000000003,9.3,-82.80000000000001,0.0,0.0,219.8,0.0,22.200000000000003,30.700000000000003,30.700000000000003,33.9,300.0,300.0,29.700000000000003,35.7,32.300000000000004,31.8,34.0,4.95,2.0,4.96,0.16,0.0,0.0,1027.0,8228.0,0.0,0.0,0.0,0.0,0.0,1.0,0.0,0.0,0.0,-0.001,0.0,0.2,0.0,-12.3,-12.9,0.0156,16.0,25903.0
2026-07-30T18:57:53.135Z,42.618,42.63,-7.4,7.4,0.0,0.0,0.0,0.0,0.0,1.0,1.0,0.0,1.0,0.0,0.0,0.0,8.0,6.0,0.0,0.0,0.0,0.0,0.0,0.0,0.0,0.0,4.0,12.0,1.0,12.05,5.01,2.5,1.49,-2.3000000000000003,0.2,2.3000000000000003,301.1,-0.1,-12.6,1.7000000000000002,9.3,-82.80000000000001,0.0,0.0,219.9,0.0,22.200000000000003,30.700000000000003,30.700000000000003,33.9,300.0,300.0,29.700000000000003,35.7,32.300000000000004,31.8,34.0,4.95,2.0,4.96,0.16,0.0,0.0,1027.0,8228.0,0.0,0.0,0.0,0.0,0.0,1.0,0.0,0.0,0.0,-0.001,0.0,-0.2,0.0,-11.8,-12.8,0.0158,16.0,25903.0
2026-07-30T18:57:53.147Z,42.63,42.642,-7.5,7.4,0.0,0.0,0.0,0.0,0.0,1.0,1.0,0.0,1.0,0.0,0.0,0.0,8.0,6.0,0.0,0.0,0.0,0.0,0.0,0.0,0.0,0.0,5.0,12.0,1.0,12.05,5.0200000000000005,2.51,1.49,-2.2,0.2,2.3000000000000003,301.1,-0.1,-10.3,2.9000000000000004,10.4,-82.80000000000001,0.0,0.0,219.9,0.0,22.3,30.700000000000003,30.700000000000003,33.9,300.0,300.0,29.700000000000003,35.6,32.300000000000004,31.8,34.1,4.95,2.0,4.96,0.16,0.0,0.0,1027.0,8228.0,0.0,0.0,0.0,0.0,0.0,1.0,0.0,0.0,0.0,-0.001,0.0,0.5,0.0,-14.0,-12.8,0.0161,16.0,25903.0
2026-07-30T18:57:53.159Z,42.642,42.654,-7.4,7.4,0.0,0.0,0.0,0.0,0.0,1.0,1.0,0.0,1.0,0.0,0.0,0.0,8.0,6.0,0.0,0.0,0.0,0.0,0.0,0.0,0.0,0.0,5.0,12.0,1.0,12.05,5.0200000000000005,2.51,1.49,-2.2,0.2,2.3000000000000003,300.90000000000003,-0.1,-10.9,2.9000000000000004,11.0,-82.80000000000001,0.0,0.0,219.7,0.0,22.3,30.700000000000003,30.700000000000003,33.9,300.0,300.0,29.700000000000003,35.6,32.300000000000004,31.8,34.1,4.96,2.0,4.96,0.16,0.0,0.0,1027.0,8228.0,0.0,0.0,0.0,0.0,0.0,1.0,0.0,0.0,0.0,-0.001,0.0,0.6000000000000001,0.0,-10.3,-12.8,0.0156,16.0,25903.0
2026-07-30T18:57:53.171Z,42.654,42.666,-7.5,7.4,0.0,0.0,0.0,0.0,0.0,1.0,1.0,0.0,1.0,0.0,0.0,0.0,8.0,6.0,0.0,0.0,0.0,0.0,0.0,0.0,0.0,0.0,6.0,12.0,1.0,12.05,5.0200000000000005,2.51,1.49,-2.3000000000000003,0.3,2.3000000000000003,301.0,-0.1,-11.4,2.3000000000000003,10.4,-82.80000000000001,0.0,0.0,219.6,0.0,22.3,30.700000000000003,30.700000000000003,33.9,300.0,300.0,29.700000000000003,35.6,32.300000000000004,31.8,34.1,4.95,2.0,4.96,0.16,0.0,0.0,1027.0,8228.0,0.0,0.0,0.0,0.0,0.0,1.0,0.0,0.0,0.0,-0.001,0.0,0.0,0.0,-13.6,-12.8,0.0163,16.0,25903.0
2026-07-30T18:57:53.183Z,42.666,42.678,-7.5,7.4,0.0,0.0,0.0,0.0,0.0,1.0,1.0,0.0,1.0,0.0,0.0,0.0,8.0,6.0,0.0,0.0,0.0,0.0,0.0,0.0,0.0,0.0,2.0,12.0,1.0,12.05,5.0200000000000005,2.51,1.49,-2.3000000000000003,0.2,2.3000000000000003,301.1,-0.1,-11.4,2.9000000000000004,9.9,-82.80000000000001,0.0,0.0,219.7,0.0,22.3,30.700000000000003,30.700000000000003,33.9,300.0,300.0,29.700000000000003,35.6,32.300000000000004,31.8,34.1,4.95,2.0,4.97,0.16,0.0,0.0,1027.0,8228.0,0.0,0.0,0.0,0.0,0.0,1.0,0.0,0.0,0.0,-0.001,0.0,0.6000000000000001,0.0,-13.4,-12.7,0.0162,16.0,25903.0
2026-07-30T18:57:53.195Z,42.678,42.69,-7.4,7.4,0.0,0.0,0.0,0.0,0.0,1.0,1.0,0.0,1.0,0.0,0.0,0.0,8.0,6.0,0.0,0.0,0.0,0.0,0.0,0.0,0.0,0.0,3.0,12.0,1.0,12.05,5.0200000000000005,2.51,1.49,-2.3000000000000003,0.2,2.3000000000000003,301.0,-0.1,-12.6,2.3000000000000003,9.9,-82.80000000000001,0.0,0.0,219.7,0.0,22.3,30.700000000000003,30.700000000000003,33.9,300.0,300.0,29.700000000000003,35.6,32.300000000000004,31.8,34.1,4.95,2.0,4.96,0.16,0.0,0.0,1027.0,8228.0,0.0,0.0,0.0,0.0,0.0,1.0,0.0,0.0,0.0,-0.001,0.0,0.1,0.0,-12.9,-12.8,0.0164,16.0,25903.0
2026-07-30T18:57:53.207Z,42.69,42.702,-7.4,7.4,0.0,0.0,0.0,0.0,0.0,1.0,1.0,0.0,1.0,0.0,0.0,0.0,8.0,6.0,0.0,0.0,0.0,0.0,0.0,0.0,0.0,0.0,4.0,12.0,1.0,12.05,5.0200000000000005,2.51,1.49,-2.3000000000000003,0.2,2.3000000000000003,301.1,-0.1,-11.4,2.3000000000000003,9.3,-82.80000000000001,0.0,0.0,219.7,0.0,22.3,30.700000000000003,30.700000000000003,33.9,300.0,300.0,29.700000000000003,35.6,32.300000000000004,31.8,34.1,4.95,2.0,4.96,0.16,0.0,0.0,1027.0,8228.0,0.0,0.0,0.0,0.0,0.0,1.0,0.0,0.0,0.0,-0.001,0.0,0.2,0.0,-12.3,-12.9,0.0165,16.0,25903.0
2026-07-30T18:57:53.227Z,42.71,42.714,-7.4,7.4,0.0,0.0,0.0,0.0,0.0,1.0,1.0,0.0,1.0,0.0,0.0,0.0,8.0,6.0,0.0,0.0,0.0,0.0,0.0,0.0,0.0,0.0,5.0,12.0,1.0,12.05,5.0200000000000005,2.51,1.49,-2.3000000000000003,0.3,2.3000000000000003,301.2,0.0,-12.0,1.7000000000000002,11.0,-82.80000000000001,0.0,0.0,219.8,0.0,22.3,30.700000000000003,30.700000000000003,33.9,300.0,300.0,29.700000000000003,35.6,32.300000000000004,31.8,34.1,4.96,2.0,4.96,0.16,0.0,0.0,1027.0,8228.0,0.0,0.0,0.0,0.0,0.0,1.0,0.0,0.0,0.0,-0.001,0.0,-0.3,0.0,-12.5,-12.8,0.0159,16.0,25903.0
2026-07-30T18:57:53.231Z,42.714,42.726,-7.4,7.4,0.0,0.0,0.0,0.0,0.0,1.0,1.0,0.0,1.0,0.0,0.0,0.0,8.0,6.0,0.0,0.0,0.0,0.0,0.0,0.0,0.0,0.0,4.0,12.0,1.0,12.05,5.0200000000000005,2.51,1.49,-2.3000000000000003,0.3,2.3000000000000003,301.1,-0.1,-11.4,1.1,10.4,-82.80000000000001,0.0,0.0,219.7,0.0,22.3,30.700000000000003,30.700000000000003,33.9,300.0,300.0,29.700000000000003,35.6,32.300000000000004,31.8,34.1,4.95,2.0,4.96,0.16,0.0,0.0,1027.0,8228.0,0.0,0.0,0.0,0.0,0.0,1.0,0.0,0.0,0.0,-0.001,0.0,-1.1,0.0,-13.4,-12.9,0.0159,16.0,25903.0
2026-07-30T18:57:53.244Z,42.727,42.738,-7.4,7.4,0.0,0.0,0.0,0.0,0.0,1.0,1.0,0.0,1.0,0.0,0.0,0.0,8.0,6.0,0.0,0.0,0.0,0.0,0.0,0.0,0.0,0.0,4.0,12.0,1.0,12.06,5.01,2.5,1.49,-2.4000000000000004,0.2,2.4000000000000004,301.0,-0.1,-13.2,1.7000000000000002,8.700000000000001,-82.80000000000001,0.0,0.0,219.7,0.0,22.200000000000003,30.700000000000003,30.700000000000003,33.9,300.0,300.0,29.700000000000003,35.7,32.300000000000004,31.8,34.2,4.95,2.0,4.96,0.16,0.0,0.0,1027.0,8228.0,0.0,0.0,0.0,0.0,0.0,1.0,0.0,0.0,0.0,-0.001,0.0,0.3,0.0,-11.6,-12.8,0.0158,16.0,25903.0
2026-07-30T18:57:53.255Z,42.738,42.75,-7.4,7.4,0.0,0.0,0.0,0.0,0.0,1.0,1.0,0.0,1.0,0.0,0.0,0.0,8.0,6.0,0.0,0.0,0.0,0.0,0.0,0.0,0.0,0.0,5.0,12.0,1.0,12.06,5.01,2.5,1.49,-2.3000000000000003,0.2,2.3000000000000003,301.0,0.0,-10.9,3.5,10.4,-82.9,0.0,0.0,219.7,0.0,22.200000000000003,30.700000000000003,30.700000000000003,33.9,300.0,300.0,29.700000000000003,35.7,32.300000000000004,31.8,34.2,4.96,2.0,4.96,0.16,0.0,0.0,1027.0,8228.0,0.0,0.0,0.0,0.0,0.0,1.0,0.0,0.0,0.0,-0.001,0.0,1.0,0.0,-14.5,-12.8,0.0162,16.0,25903.0
2026-07-30T18:57:53.267Z,42.75,42.762,-7.5,7.4,0.0,0.0,0.0,0.0,0.0,1.0,1.0,0.0,1.0,0.0,0.0,0.0,8.0,6.0,0.0,0.0,0.0,0.0,0.0,0.0,0.0,0.0,6.0,12.0,1.0,12.06,5.01,2.5,1.49,-2.2,0.2,2.2,301.1,-0.1,-11.4,2.9000000000000004,12.2,-82.9,0.0,0.0,219.7,0.0,22.200000000000003,30.700000000000003,30.700000000000003,33.9,300.0,300.0,29.700000000000003,35.7,32.300000000000004,31.8,34.2,4.95,2.0,4.97,0.16,0.0,0.0,1027.0,8228.0,0.0,0.0,0.0,0.0,0.0,1.0,0.0,0.0,0.0,-0.001,0.0,0.2,0.0,-16.0,-12.8,0.0156,16.0,25903.0
2026-07-30T18:57:53.279Z,42.762,42.774,-7.5,7.4,0.0,0.0,0.0,0.0,0.0,1.0,1.0,0.0,1.0,0.0,0.0,0.0,8.0,6.0,0.0,0.0,0.0,0.0,0.0,0.0,0.0,0.0,1.0,12.0,1.0,12.06,5.01,2.5,1.49,-2.2,0.2,2.3000000000000003,301.0,-0.1,-10.3,3.5,10.4,-82.9,0.0,0.0,219.7,0.0,22.200000000000003,30.700000000000003,30.700000000000003,33.9,300.0,300.0,29.700000000000003,35.7,32.300000000000004,31.8,34.2,4.95,2.0,4.96,0.16,0.0,0.0,1027.0,8228.0,0.0,0.0,0.0,0.0,0.0,1.0,0.0,0.0,0.0,-0.001,0.0,1.0,0.0,-14.5,-12.8,0.0152,16.0,25903.0
2026-07-30T18:57:53.291Z,42.774,42.786,-7.5,7.4,0.0,0.0,0.0,0.0,0.0,1.0,1.0,0.0,1.0,0.0,0.0,0.0,8.0,6.0,0.0,0.0,0.0,0.0,0.0,0.0,0.0,0.0,3.0,12.0,1.0,12.06,5.01,2.5,1.49,-2.2,0.2,2.2,301.1,-0.1,-10.3,2.9000000000000004,10.4,-82.9,0.0,0.0,219.7,0.0,22.200000000000003,30.700000000000003,30.700000000000003,33.9,300.0,300.0,29.700000000000003,35.7,32.300000000000004,31.8,34.2,4.95,2.0,4.96,0.16,0.0,0.0,1027.0,8228.0,0.0,0.0,0.0,0.0,0.0,1.0,0.0,0.0,0.0,-0.001,0.0,0.5,0.0,-14.0,-12.6,0.0153,16.0,25903.0
2026-07-30T18:57:53.303Z,42.786,42.798,-7.5,7.4,0.0,0.0,0.0,0.0,0.0,1.0,1.0,0.0,1.0,0.0,0.0,0.0,8.0,6.0,0.0,0.0,0.0,0.0,0.0,0.0,0.0,0.0,4.0,12.0,1.0,12.06,5.01,2.5,1.49,-2.2,0.2,2.2,301.1,-0.1,-11.4,3.5,10.4,-82.80000000000001,0.0,0.0,219.7,0.0,22.200000000000003,30.700000000000003,30.700000000000003,33.9,300.0,300.0,29.700000000000003,35.7,32.300000000000004,31.8,34.2,4.95,2.0,4.96,0.16,0.0,0.0,1027.0,8228.0,0.0,0.0,0.0,0.0,0.0,1.0,0.0,0.0,0.0,-0.001,0.0,1.0,0.0,-14.5,-12.6,0.0153,16.0,25903.0
2026-07-30T18:57:53.315Z,42.798,42.81,-7.4,7.4,0.0,0.0,0.0,0.0,0.0,1.0,1.0,0.0,1.0,0.0,0.0,0.0,8.0,6.0,0.0,0.0,0.0,0.0,0.0,0.0,0.0,0.0,5.0,12.0,1.0,12.06,5.01,2.5,1.49,-2.3000000000000003,0.3,2.3000000000000003,301.0,-0.1,-11.4,2.3000000000000003,11.0,-82.80000000000001,0.0,0.0,219.6,0.0,22.200000000000003,30.700000000000003,30.700000000000003,33.9,300.0,300.0,29.700000000000003,35.7,32.300000000000004,31.8,34.2,4.95,2.0,4.97,0.16,0.0,0.0,1027.0,8228.0,0.0,0.0,0.0,0.0,0.0,1.0,0.0,0.0,0.0,-0.001,0.0,0.0,0.0,-14.3,-12.7,0.0152,16.0,25903.0
2026-07-30T18:57:53.327Z,42.81,42.822,-7.5,7.4,0.0,0.0,0.0,0.0,0.0,1.0,1.0,0.0,1.0,0.0,0.0,0.0,8.0,6.0,0.0,0.0,0.0,0.0,0.0,0.0,0.0,0.0,6.0,12.0,1.0,12.06,5.01,2.5,1.49,-2.3000000000000003,0.2,2.3000000000000003,301.1,-0.1,-10.9,2.9000000000000004,10.4,-82.80000000000001,0.0,0.0,219.5,0.0,22.200000000000003,30.700000000000003,30.700000000000003,33.9,300.0,300.0,29.700000000000003,35.7,32.300000000000004,31.8,34.2,4.96,2.0,4.96,0.16,0.0,0.0,1027.0,8228.0,0.0,0.0,0.0,0.0,0.0,1.0,0.0,0.0,0.0,-0.001,0.0,0.5,0.0,-14.0,-12.8,0.0155,16.0,25903.0
2026-07-30T18:57:53.339Z,42.822,42.834,-7.5,7.4,0.0,0.0,0.0,0.0,0.0,1.0,1.0,0.0,1.0,0.0,0.0,0.0,8.0,6.0,0.0,0.0,0.0,0.0,0.0,0.0,0.0,0.0,1.0,12.0,1.0,12.06,5.01,2.5,1.49,-2.2,0.2,2.2,301.0,-0.1,-11.4,3.5,10.4,-82.80000000000001,0.0,0.0,219.7,0.0,22.200000000000003,30.700000000000003,30.700000000000003,33.9,300.0,300.0,29.700000000000003,35.7,32.300000000000004,31.8,34.2,4.96,2.0,4.96,0.16,0.0,0.0,1027.0,8228.0,0.0,0.0,0.0,0.0,0.0,1.0,0.0,0.0,0.0,-0.001,0.0,1.0,0.0,-14.5,-12.7,0.0154,16.0,25903.0
2026-07-30T18:57:53.351Z,42.834,42.846,-7.5,7.4,0.0,0.0,0.0,0.0,0.0,1.0,1.0,0.0,1.0,0.0,0.0,0.0,8.0,6.0,0.0,0.0,0.0,0.0,0.0,0.0,0.0,0.0,2.0,12.0,1.0,12.06,5.01,2.5,1.5,-2.2,0.2,2.3000000000000003,301.0,-0.1,-10.9,2.9000000000000004,10.4,-82.80000000000001,0.0,0.0,219.8,0.0,22.3,30.8,30.8,33.9,300.0,300.0,29.700000000000003,35.800000000000004,32.300000000000004,31.8,34.2,4.96,1.99,4.96,0.16,0.0,0.0,1027.0,8228.0,0.0,0.0,0.0,0.0,0.0,1.0,0.0,0.0,0.0,-0.001,0.0,0.5,0.0,-14.0,-12.7,0.0153,16.0,25903.0
2026-07-30T18:57:53.364Z,42.847,42.858,-7.4,7.4,0.0,0.0,0.0,0.0,0.0,1.0,1.0,0.0,1.0,0.0,0.0,0.0,8.0,6.0,0.0,0.0,0.0,0.0,0.0,0.0,0.0,0.0,3.0,12.0,1.0,12.06,5.01,2.5,1.5,-2.3000000000000003,0.2,2.3000000000000003,301.1,0.0,-10.9,2.3000000000000003,9.3,-82.80000000000001,0.0,0.0,219.7,0.0,22.3,30.8,30.8,33.9,300.0,300.0,29.700000000000003,35.800000000000004,32.300000000000004,31.8,34.2,4.96,1.99,4.96,0.16,0.0,0.0,1027.0,8228.0,0.0,0.0,0.0,0.0,0.0,1.0,0.0,0.0,0.0,-0.001,0.0,0.2,0.0,-12.3,-12.7,0.0153,16.0,25903.0
2026-07-30T18:57:53.375Z,42.858,42.87,-7.4,7.4,0.0,0.0,0.0,0.0,0.0,1.0,1.0,0.0,1.0,0.0,0.0,0.0,8.0,6.0,0.0,0.0,0.0,0.0,0.0,0.0,0.0,0.0,3.0,12.0,1.0,12.06,5.01,2.5,1.5,-2.2,0.3,2.3000000000000003,301.1,0.0,-10.3,2.3000000000000003,11.0,-82.80000000000001,0.0,0.0,219.8,0.0,22.3,30.8,30.8,33.9,300.0,300.0,29.700000000000003,35.800000000000004,32.300000000000004,31.8,34.2,4.95,2.0,4.96,0.16,0.0,0.0,1027.0,8228.0,0.0,0.0,0.0,0.0,0.0,1.0,0.0,0.0,0.0,-0.001,0.0,-0.1,0.0,-14.3,-12.8,0.0157,16.0,25903.0
2026-07-30T18:57:53.387Z,42.87,42.882,-7.5,7.4,0.0,0.0,0.0,0.0,0.0,1.0,1.0,0.0,1.0,0.0,0.0,0.0,8.0,6.0,0.0,0.0,0.0,0.0,0.0,0.0,0.0,0.0,4.0,12.0,1.0,12.06,5.01,2.5,1.5,-2.2,0.2,2.2,300.90000000000003,-0.1,-11.4,2.9000000000000004,11.6,-82.80000000000001,0.0,0.0,219.6,0.0,22.3,30.8,30.8,33.9,300.0,300.0,29.700000000000003,35.800000000000004,32.300000000000004,31.8,34.2,4.95,2.0,4.97,0.16,0.0,0.0,1027.0,8228.0,0.0,0.0,0.0,0.0,0.0,1.0,0.0,0.0,0.0,-0.001,0.0,0.3,0.0,-15.4,-12.8,0.0153,16.0,25903.0
2026-07-30T18:57:53.399Z,42.882,42.894,-7.5,7.4,0.0,0.0,0.0,0.0,0.0,1.0,1.0,0.0,1.0,0.0,0.0,0.0,8.0,6.0,0.0,0.0,0.0,0.0,0.0,0.0,0.0,0.0,5.0,12.0,1.0,12.06,5.01,2.5,1.5,-2.3000000000000003,0.2,2.3000000000000003,301.1,0.0,-12.6,2.9000000000000004,9.9,-82.80000000000001,0.0,0.0,219.6,0.0,22.3,30.8,30.8,33.9,300.0,300.0,29.700000000000003,35.800000000000004,32.300000000000004,31.8,34.2,4.96,2.0,4.97,0.16,0.0,0.0,1027.0,8228.0,0.0,0.0,0.0,0.0,0.0,1.0,0.0,0.0,0.0,-0.001,0.0,0.6000000000000001,0.0,-13.4,-12.7,0.015,16.0,25903.0
2026-07-30T18:57:53.411Z,42.894,42.906,-7.5,7.4,0.0,0.0,0.0,0.0,0.0,1.0,1.0,0.0,1.0,0.0,0.0,0.0,8.0,6.0,0.0,0.0,0.0,0.0,0.0,0.0,0.0,0.0,6.0,12.0,1.0,12.06,5.01,2.5,1.5,-2.2,0.2,2.3000000000000003,301.1,0.0,-11.4,2.9000000000000004,9.9,-82.80000000000001,0.0,0.0,219.8,0.0,22.3,30.8,30.8,33.9,300.0,300.0,29.700000000000003,35.800000000000004,32.300000000000004,31.8,34.2,4.96,2.0,4.96,0.16,0.0,0.0,1027.0,8228.0,0.0,0.0,0.0,0.0,0.0,1.0,0.0,0.0,0.0,-0.001,0.0,0.6000000000000001,0.0,-13.4,-12.7,0.0154,16.0,25903.0
2026-07-30T18:57:53.422Z,42.905,42.918,-7.4,7.4,0.0,0.0,0.0,0.0,0.0,1.0,1.0,0.0,1.0,0.0,0.0,0.0,8.0,6.0,0.0,0.0,0.0,0.0,0.0,0.0,0.0,0.0,2.0,12.0,1.0,12.06,5.01,2.5,1.5,-2.4000000000000004,0.3,2.4000000000000004,300.90000000000003,0.0,-13.2,0.0,7.5,-82.80000000000001,0.0,0.0,219.8,0.0,22.3,30.8,30.8,33.9,300.0,300.0,29.700000000000003,35.800000000000004,32.300000000000004,31.8,34.2,4.95,2.0,4.96,0.16,0.0,0.0,1027.0,8228.0,0.0,0.0,0.0,0.0,0.0,1.0,0.0,0.0,0.0,-0.001,0.0,-1.4,0.0,-8.5,-12.7,0.0153,16.0,25903.0
2026-07-30T18:57:53.435Z,42.918,42.93,-7.4,7.4,0.0,0.0,0.0,0.0,0.0,1.0,1.0,0.0,1.0,0.0,0.0,0.0,8.0,6.0,0.0,0.0,0.0,0.0,0.0,0.0,0.0,0.0,3.0,12.0,1.0,12.06,5.01,2.5,1.5,-2.4000000000000004,0.3,2.4000000000000004,301.1,0.0,-12.6,1.1,8.700000000000001,-82.80000000000001,0.0,0.0,219.8,0.0,22.3,30.8,30.8,33.9,300.0,300.0,29.700000000000003,35.800000000000004,32.300000000000004,31.8,34.2,4.95,2.0,4.96,0.16,0.0,0.0,1027.0,8228.0,0.0,0.0,0.0,0.0,0.0,1.0,0.0,0.0,0.0,-0.001,0.0,-0.6000000000000001,0.0,-10.7,-12.8,0.0165,16.0,25903.0
2026-07-30T18:57:53.447Z,42.93,42.942,-7.5,7.4,0.0,0.0,0.0,0.0,0.0,1.0,1.0,0.0,1.0,0.0,0.0,0.0,8.0,6.0,0.0,0.0,0.0,0.0,0.0,0.0,0.0,0.0,4.0,12.0,1.0,12.06,5.01,2.51,1.49,-2.3000000000000003,0.3,2.3000000000000003,301.1,-0.1,-12.6,1.7000000000000002,9.9,-82.80000000000001,0.0,0.0,219.6,0.0,22.200000000000003,30.8,30.8,33.9,300.0,300.0,29.8,35.800000000000004,32.4,31.8,34.2,4.95,2.0,4.96,0.16,0.0,0.0,1027.0,8228.0,0.0,0.0,0.0,0.0,0.0,1.0,0.0,0.0,0.0,-0.001,0.0,-0.3,0.0,-12.5,-12.9,0.0162,16.0,25903.0
2026-07-30T18:57:53.459Z,42.942,42.954,-7.5,7.4,0.0,0.0,0.0,0.0,0.0,1.0,1.0,0.0,1.0,0.0,0.0,0.0,8.0,6.0,0.0,0.0,0.0,0.0,0.0,0.0,0.0,0.0,5.0,12.0,1.0,12.06,5.01,2.51,1.49,-2.3000000000000003,0.3,2.4000000000000004,301.0,-0.1,-12.6,1.1,9.3,-82.80000000000001,0.0,0.0,219.6,0.0,22.200000000000003,30.8,30.8,33.9,300.0,300.0,29.8,35.800000000000004,32.4,31.8,34.2,4.96,2.0,4.96,0.16,0.0,0.0,1027.0,8228.0,0.0,0.0,0.0,0.0,0.0,1.0,0.0,0.0,0.0,-0.001,0.0,-0.7000000000000001,0.0,-11.4,-12.8,0.0158,16.0,25903.0
2026-07-30T18:57:53.471Z,42.954,42.966,-7.5,7.4,0.0,0.0,0.0,0.0,0.0,1.0,1.0,0.0,1.0,0.0,0.0,0.0,8.0,6.0,0.0,0.0,0.0,0.0,0.0,0.0,0.0,0.0,5.0,12.0,1.0,12.06,5.01,2.51,1.49,-2.2,0.2,2.2,301.1,-0.1,-13.2,2.3000000000000003,11.0,-82.80000000000001,0.0,0.0,219.7,0.0,22.200000000000003,30.8,30.8,33.9,300.0,300.0,29.8,35.800000000000004,32.4,31.8,34.2,4.95,2.0,4.97,0.16,0.0,0.0,1027.0,8228.0,0.0,0.0,0.0,0.0,0.0,1.0,0.0,0.0,0.0,-0.001,0.0,0.0,0.0,-14.3,-12.7,0.016,16.0,25903.0
2026-07-30T18:57:53.483Z,42.966,42.978,-7.4,7.4,0.0,0.0,0.0,0.0,0.0,1.0,1.0,0.0,1.0,0.0,0.0,0.0,8.0,6.0,0.0,0.0,0.0,0.0,0.0,0.0,0.0,0.0,6.0,12.0,1.0,12.06,5.01,2.51,1.49,-2.4000000000000004,0.3,2.4000000000000004,300.90000000000003,-0.1,-12.0,1.1,6.9,-82.80000000000001,0.0,0.0,219.8,0.0,22.200000000000003,30.8,30.8,33.9,300.0,300.0,29.8,35.800000000000004,32.4,31.8,34.2,4.95,2.0,4.96,0.16,0.0,0.0,1027.0,8228.0,0.0,0.0,0.0,0.0,0.0,1.0,0.0,0.0,0.0,-0.001,0.0,-0.3,0.0,-8.700000000000001,-12.7,0.0152,16.0,25903.0
2026-07-30T18:57:53.495Z,42.978,42.99,-7.4,7.4,0.0,0.0,0.0,0.0,0.0,1.0,1.0,0.0,1.0,0.0,0.0,0.0,8.0,6.0,0.0,0.0,0.0,0.0,0.0,0.0,0.0,0.0,1.0,12.0,1.0,12.06,5.01,2.51,1.49,-2.3000000000000003,0.3,2.3000000000000003,301.0,-0.1,-12.6,1.7000000000000002,9.9,-82.7,0.0,0.0,219.7,0.0,22.200000000000003,30.8,30.8,33.9,300.0,300.0,29.8,35.800000000000004,32.4,31.8,34.2,4.96,2.0,4.96,0.16,0.0,0.0,1027.0,8228.0,0.0,0.0,0.0,0.0,0.0,1.0,0.0,0.0,0.0,-0.001,0.0,-0.3,0.0,-12.5,-12.8,0.0165,16.0,25903.0
2026-07-30T18:57:53.507Z,42.99,43.002,-7.5,7.4,0.0,0.0,0.0,0.0,0.0,1.0,1.0,0.0,1.0,0.0,0.0,0.0,8.0,6.0,0.0,0.0,0.0,0.0,0.0,0.0,0.0,0.0,2.0,12.0,1.0,12.06,5.01,2.51,1.49,-2.3000000000000003,0.3,2.3000000000000003,301.1,-0.1,-12.6,1.7000000000000002,9.3,-82.7,0.0,0.0,219.6,0.0,22.200000000000003,30.8,30.8,33.9,300.0,300.0,29.8,35.800000000000004,32.4,31.8,34.2,4.95,2.0,4.96,0.16,0.0,0.0,1027.0,8228.0,0.0,0.0,0.0,0.0,0.0,1.0,0.0,0.0,0.0,-0.001,0.0,-0.2,0.0,-11.8,-12.8,0.0158,16.0,25903.0
2026-07-30T18:57:53.519Z,43.002,43.014,-7.5,7.4,0.0,0.0,0.0,0.0,0.0,1.0,1.0,0.0,1.0,0.0,0.0,0.0,8.0,6.0,0.0,0.0,0.0,0.0,0.0,0.0,0.0,0.0,3.0,12.0,1.0,12.06,5.01,2.51,1.49,-2.4000000000000004,0.3,2.4000000000000004,301.0,-0.1,-11.4,0.5,8.700000000000001,-82.7,0.0,0.0,219.6,0.0,22.200000000000003,30.8,30.8,33.9,300.0,300.0,29.8,35.800000000000004,32.4,31.8,34.2,4.95,2.0,4.96,0.16,0.0,0.0,1027.0,8228.0,0.0,0.0,0.0,0.0,0.0,1.0,0.0,0.0,0.0,-0.001,0.0,-1.1,0.0,-10.3,-12.7,0.0159,16.0,25903.0
2026-07-30T18:57:53.537Z,43.02,43.026,-7.5,7.4,0.0,0.0,0.0,0.0,0.0,1.0,1.0,0.0,1.0,0.0,0.0,0.0,8.0,6.0,0.0,0.0,0.0,0.0,0.0,0.0,0.0,0.0,4.0,12.0,1.0,12.06,5.01,2.51,1.49,-2.2,0.2,2.3000000000000003,301.1,-0.1,-11.4,2.3000000000000003,10.4,-82.7,0.0,0.0,219.6,0.0,22.200000000000003,30.8,30.8,33.9,300.0,300.0,29.8,35.800000000000004,32.4,31.8,34.2,4.95,2.0,4.96,0.17,0.0,0.0,1027.0,8228.0,0.0,0.0,0.0,0.0,0.0,1.0,0.0,0.0,0.0,-0.001,0.0,0.0,0.0,-13.6,-12.7,0.0161,16.0,25903.0
2026-07-30T18:57:53.543Z,43.026,43.038,-7.4,7.4,0.0,0.0,0.0,0.0,0.0,1.0,1.0,0.0,1.0,0.0,0.0,0.0,8.0,6.0,0.0,0.0,0.0,0.0,0.0,0.0,0.0,0.0,4.0,12.0,1.0,12.06,5.01,2.51,1.49,-2.2,0.2,2.3000000000000003,301.1,-0.1,-11.4,4.0,9.3,-82.7,0.0,0.0,219.8,0.0,22.200000000000003,30.8,30.8,33.9,300.0,300.0,29.8,35.800000000000004,32.4,31.8,34.2,4.95,2.0,4.96,0.16,0.0,0.0,1027.0,8228.0,0.0,0.0,0.0,0.0,0.0,1.0,0.0,0.0,0.0,-0.001,0.0,1.7000000000000002,0.0,-13.6,-12.7,0.0153,16.0,25903.0
2026-07-30T18:57:53.555Z,43.038,43.05,-7.4,7.4,0.0,0.0,0.0,0.0,0.0,1.0,1.0,0.0,1.0,0.0,0.0,0.0,8.0,6.0,0.0,0.0,0.0,0.0,0.0,0.0,0.0,0.0,4.0,12.0,1.0,12.05,5.01,2.5,1.49,-2.3000000000000003,0.2,2.3000000000000003,300.90000000000003,-0.1,-11.4,2.3000000000000003,9.9,-82.7,0.0,0.0,219.8,0.0,22.1,30.8,30.8,34.0,300.0,300.0,29.700000000000003,35.800000000000004,32.2,31.9,34.2,4.95,2.0,4.96,0.16,0.0,0.0,1027.0,8228.0,0.0,0.0,0.0,0.0,0.0,1.0,0.0,0.0,0.0,-0.001,0.0,0.1,0.0,-12.9,-12.8,0.0153,16.0,25903.0
2026-07-30T18:57:53.567Z,43.05,43.062,-7.5,7.4,0.0,0.0,0.0,0.0,0.0,1.0,1.0,0.0,1.0,0.0,0.0,0.0,8.0,6.0,0.0,0.0,0.0,0.0,0.0,0.0,0.0,0.0,5.0,12.0,1.0,12.05,5.01,2.5,1.49,-2.2,0.3,2.2,301.0,-0.1,-11.4,2.3000000000000003,12.8,-82.7,0.0,0.0,219.7,0.0,22.1,30.8,30.8,34.0,300.0,300.0,29.700000000000003,35.800000000000004,32.2,31.9,34.2,4.96,2.0,4.96,0.16,0.0,0.0,1027.0,8228.0,0.0,0.0,0.0,0.0,0.0,1.0,0.0,0.0,0.0,-0.001,0.0,-0.4,0.0,-16.3,-12.9,0.0157,16.0,25903.0
2026-07-30T18:57:53.579Z,43.062,43.074,-7.4,7.4,0.0,0.0,0.0,0.0,0.0,1.0,1.0,0.0,1.0,0.0,0.0,0.0,8.0,6.0,0.0,0.0,0.0,0.0,0.0,0.0,0.0,0.0,1.0,12.0,1.0,12.05,5.01,2.5,1.49,-2.3000000000000003,0.2,2.3000000000000003,301.1,-0.1,-11.4,2.3000000000000003,9.3,-82.7,0.0,0.0,219.7,0.0,22.1,30.8,30.8,34.0,300.0,300.0,29.700000000000003,35.800000000000004,32.2,31.9,34.2,4.96,2.0,4.96,0.16,0.0,0.0,1027.0,8228.0,0.0,0.0,0.0,0.0,0.0,1.0,0.0,0.0,0.0,-0.001,0.0,0.2,0.0,-12.3,-12.8,0.0149,16.0,25903.0
2026-07-30T18:57:53.591Z,43.074,43.086,-7.4,7.4,0.0,0.0,0.0,0.0,0.0,1.0,1.0,0.0,1.0,0.0,0.0,0.0,8.0,6.0,0.0,0.0,0.0,0.0,0.0,0.0,0.0,0.0,1.0,12.0,1.0,12.05,5.01,2.5,1.49,-2.3000000000000003,0.2,2.3000000000000003,301.0,-0.1,-11.4,2.9000000000000004,9.9,-82.7,0.0,0.0,219.6,0.0,22.1,30.8,30.8,34.0,300.0,300.0,29.700000000000003,35.800000000000004,32.2,31.9,34.2,4.95,2.0,4.96,0.16,0.0,0.0,1027.0,8228.0,0.0,0.0,0.0,0.0,0.0,1.0,0.0,0.0,0.0,-0.001,0.0,0.6000000000000001,0.0,-13.4,-12.8,0.0158,16.0,25903.0
2026-07-30T18:57:53.602Z,43.085,43.098,-7.5,7.4,0.0,0.0,0.0,0.0,0.0,1.0,1.0,0.0,1.0,0.0,0.0,0.0,8.0,6.0,0.0,0.0,0.0,0.0,0.0,0.0,0.0,0.0,3.0,12.0,1.0,12.05,5.01,2.5,1.49,-2.3000000000000003,0.3,2.3000000000000003,301.0,-0.1,-11.4,1.7000000000000002,9.9,-82.7,0.0,0.0,219.7,0.0,22.1,30.8,30.8,34.0,300.0,300.0,29.700000000000003,35.800000000000004,32.2,31.9,34.2,4.96,2.0,4.97,0.16,0.0,0.0,1027.0,8228.0,0.0,0.0,0.0,0.0,0.0,1.0,0.0,0.0,0.0,-0.001,0.0,-0.3,0.0,-12.5,-12.8,0.0157,16.0,25903.0
2026-07-30T18:57:53.615Z,43.098,43.11,-7.5,7.4,0.0,0.0,0.0,0.0,0.0,1.0,1.0,0.0,1.0,0.0,0.0,0.0,8.0,6.0,0.0,0.0,0.0,0.0,0.0,0.0,0.0,0.0,4.0,12.0,1.0,12.05,5.01,2.5,1.49,-2.2,0.2,2.2,301.1,-0.1,-10.9,4.0,9.9,-82.7,0.0,0.0,219.8,0.0,22.1,30.8,30.8,34.0,300.0,300.0,29.700000000000003,35.800000000000004,32.2,31.9,34.2,4.95,2.0,4.96,0.16,0.0,0.0,1027.0,8228.0,0.0,0.0,0.0,0.0,0.0,1.0,0.0,0.0,0.0,-0.001,0.0,1.6,0.0,-14.2,-12.7,0.0157,16.0,25903.0
2026-07-30T18:57:53.626Z,43.109,43.122,-7.4,7.4,0.0,0.0,0.0,0.0,0.0,1.0,1.0,0.0,1.0,0.0,0.0,0.0,8.0,6.0,0.0,0.0,0.0,0.0,0.0,0.0,0.0,0.0,6.0,12.0,1.0,12.05,5.01,2.5,1.49,-2.2,0.2,2.3000000000000003,301.0,-0.1,-11.4,2.3000000000000003,11.0,-82.80000000000001,0.0,0.0,219.8,0.0,22.1,30.8,30.8,34.0,300.0,300.0,29.700000000000003,35.800000000000004,32.2,31.9,34.2,4.95,2.0,4.96,0.16,0.0,0.0,1027.0,8228.0,0.0,0.0,0.0,0.0,0.0,1.0,0.0,0.0,0.0,-0.001,0.0,-0.1,0.0,-14.3,-12.7,0.0151,16.0,25903.0
2026-07-30T18:57:53.639Z,43.122,43.134,-7.4,7.4,0.0,0.0,0.0,0.0,0.0,1.0,1.0,0.0,1.0,0.0,0.0,0.0,8.0,6.0,0.0,0.0,0.0,0.0,0.0,0.0,0.0,0.0,1.0,12.0,1.0,12.05,5.01,2.5,1.49,-2.3000000000000003,0.2,2.3000000000000003,301.0,-0.1,-11.4,3.5,9.3,-82.80000000000001,0.0,0.0,219.8,0.0,22.1,30.8,30.8,34.0,300.0,300.0,29.700000000000003,35.800000000000004,32.2,31.9,34.2,4.95,2.0,4.96,0.16,0.0,0.0,1027.0,8228.0,0.0,0.0,0.0,0.0,0.0,1.0,0.0,0.0,0.0,-0.001,0.0,1.2000000000000002,0.0,-13.1,-12.8,0.0153,16.0,25903.0
2026-07-30T18:57:53.651Z,43.134,43.146,-7.4,7.4,0.0,0.0,0.0,0.0,0.0,1.0,1.0,0.0,1.0,0.0,0.0,0.0,8.0,6.0,0.0,0.0,0.0,0.0,0.0,0.0,0.0,0.0,3.0,12.0,1.0,12.05,5.01,2.51,1.49,-2.2,0.2,2.2,301.1,-0.1,-11.4,3.5,11.6,-82.80000000000001,0.0,0.0,219.6,0.0,22.1,30.8,30.8,34.0,300.0,300.0,29.6,35.6,32.300000000000004,31.9,34.2,4.96,2.0,4.96,0.17,0.0,0.0,1027.0,8228.0,0.0,0.0,0.0,0.0,0.0,1.0,0.0,0.0,0.0,-0.001,0.0,0.8,0.0,-15.8,-12.8,0.0156,16.0,25903.0
2026-07-30T18:57:53.663Z,43.146,43.158,-7.5,7.4,0.0,0.0,0.0,0.0,0.0,1.0,1.0,0.0,1.0,0.0,0.0,0.0,8.0,6.0,0.0,0.0,0.0,0.0,0.0,0.0,0.0,0.0,4.0,12.0,1.0,12.05,5.01,2.51,1.49,-2.3000000000000003,0.2,2.3000000000000003,301.0,-0.1,-11.4,2.9000000000000004,9.3,-82.80000000000001,0.0,0.0,219.6,0.0,22.1,30.8,30.8,34.0,300.0,300.0,29.6,35.6,32.300000000000004,31.9,34.2,4.95,2.0,4.96,0.17,0.0,0.0,1027.0,8228.0,0.0,0.0,0.0,0.0,0.0,1.0,0.0,0.0,0.0,-0.001,0.0,0.8,0.0,-9.0,-12.8,0.0162,16.0,25903.0
2026-07-30T18:57:53.675Z,43.158,43.17,-7.5,7.4,0.0,0.0,0.0,0.0,0.0,1.0,1.0,0.0,1.0,0.0,0.0,0.0,8.0,6.0,0.0,0.0,0.0,0.0,0.0,0.0,0.0,0.0,5.0,12.0,1.0,12.05,5.01,2.51,1.49,-2.2,0.2,2.2,301.1,-0.1,-11.4,2.9000000000000004,11.0,-82.7,0.0,0.0,219.7,0.0,22.1,30.8,30.8,34.0,300.0,300.0,29.6,35.6,32.300000000000004,31.9,34.2,4.95,2.0,4.96,0.16,0.0,0.0,1027.0,8228.0,0.0,0.0,0.0,0.0,0.0,1.0,0.0,0.0,0.0,-0.001,0.0,0.4,0.0,-14.7,-12.7,0.0164,16.0,25903.0
2026-07-30T18:57:53.687Z,43.17,43.182,-7.4,7.4,0.0,0.0,0.0,0.0,0.0,1.0,1.0,0.0,1.0,0.0,0.0,0.0,8.0,6.0,0.0,0.0,0.0,0.0,0.0,0.0,0.0,0.0,6.0,12.0,1.0,12.05,5.01,2.51,1.49,-2.2,0.2,2.3000000000000003,301.1,-0.1,-11.4,2.9000000000000004,10.4,-82.7,0.0,0.0,219.7,0.0,22.1,30.8,30.8,34.0,300.0,300.0,29.6,35.6,32.300000000000004,31.9,34.2,4.95,2.0,4.96,0.16,0.0,0.0,1027.0,8228.0,0.0,0.0,0.0,0.0,0.0,1.0,0.0,0.0,0.0,-0.001,0.0,0.5,0.0,-14.0,-12.8,0.0162,16.0,25903.0
2026-07-30T18:57:53.698Z,43.181,43.194,-7.4,7.4,0.0,0.0,0.0,0.0,0.0,1.0,1.0,0.0,1.0,0.0,0.0,0.0,8.0,6.0,0.0,0.0,0.0,0.0,0.0,0.0,0.0,0.0,2.0,12.0,1.0,12.05,5.01,2.51,1.49,-2.3000000000000003,0.2,2.3000000000000003,301.0,0.0,-12.0,2.9000000000000004,8.700000000000001,-82.7,0.0,0.0,219.8,0.0,22.1,30.8,30.8,34.0,300.0,300.0,29.6,35.6,32.300000000000004,31.9,34.2,4.96,2.0,4.96,0.16,0.0,0.0,1027.0,8228.0,0.0,0.0,0.0,0.0,0.0,1.0,0.0,0.0,0.0,-0.001,0.0,0.8,0.0,-12.0,-12.8,0.0164,16.0,25903.0
2026-07-30T18:57:53.711Z,43.194,43.206,-7.4,7.4,0.0,0.0,0.0,0.0,0.0,1.0,1.0,0.0,1.0,0.0,0.0,0.0,8.0,6.0,0.0,0.0,0.0,0.0,0.0,0.0,0.0,0.0,3.0,12.0,1.0,12.05,5.01,2.51,1.49,-2.3000000000000003,0.3,2.3000000000000003,301.0,0.0,-12.0,1.7000000000000002,9.9,-82.7,0.0,0.0,219.7,0.0,22.1,30.8,30.8,34.0,300.0,300.0,29.6,35.6,32.300000000000004,31.9,34.2,4.96,2.0,4.97,0.16,0.0,0.0,1027.0,8228.0,0.0,0.0,0.0,0.0,0.0,1.0,0.0,0.0,0.0,-0.001,0.0,-0.3,0.0,-12.5,-12.8,0.0161,16.0,25903.0
2026-07-30T18:57:53.723Z,43.206,43.218,-7.4,7.4,0.0,0.0,0.0,0.0,0.0,1.0,1.0,0.0,1.0,0.0,0.0,0.0,8.0,6.0,0.0,0.0,0.0,0.0,0.0,0.0,0.0,0.0,4.0,12.0,1.0,12.05,5.01,2.51,1.49,-2.4000000000000004,0.2,2.4000000000000004,301.0,0.0,-12.0,1.7000000000000002,7.5,-82.7,0.0,0.0,219.7,0.0,22.1,30.8,30.8,34.0,300.0,300.0,29.6,35.6,32.300000000000004,31.9,34.2,4.96,2.0,4.96,0.16,0.0,0.0,1027.0,8228.0,0.0,0.0,0.0,0.0,0.0,1.0,0.0,0.0,0.0,-0.001,0.0,0.0,0.0,-9.8,-12.8,0.015,16.0,25903.0
2026-07-30T18:57:53.735Z,43.218,43.23,-7.4,7.4,0.0,0.0,0.0,0.0,0.0,1.0,1.0,0.0,1.0,0.0,0.0,0.0,8.0,6.0,0.0,0.0,0.0,0.0,0.0,0.0,0.0,0.0,6.0,12.0,1.0,12.05,5.01,2.51,1.49,-2.3000000000000003,0.2,2.3000000000000003,301.1,0.0,-12.6,2.9000000000000004,10.4,-82.7,0.0,0.0,219.7,0.0,22.1,30.8,30.8,34.0,300.0,300.0,29.6,35.6,32.300000000000004,31.9,34.2,4.96,2.0,4.96,0.16,0.0,0.0,1027.0,8228.0,0.0,0.0,0.0,0.0,0.0,1.0,0.0,0.0,0.0,-0.001,0.0,0.9,0.0,-12.0,-12.8,0.0154,16.0,25903.0
2026-07-30T18:57:53.746Z,43.229,43.242,-7.5,7.4,0.0,0.0,0.0,0.0,0.0,1.0,1.0,0.0,1.0,0.0,0.0,0.0,8.0,6.0,0.0,0.0,0.0,0.0,0.0,0.0,0.0,0.0,1.0,12.0,1.0,12.05,5.01,2.51,1.49,-2.2,0.2,2.3000000000000003,301.0,0.0,-13.2,-0.5,9.3,-82.80000000000001,0.0,0.0,219.7,0.0,22.1,30.8,30.8,34.0,300.0,300.0,29.6,35.6,32.300000000000004,31.9,34.2,4.95,2.0,4.96,0.16,0.0,0.0,1027.0,8228.0,0.0,0.0,0.0,0.0,0.0,1.0,0.0,0.0,0.0,-0.001,0.0,0.5,0.0,-14.0,-12.8,0.0159,16.0,25903.0
2026-07-30T18:57:53.759Z,43.242,43.254,-7.5,7.4,0.0,0.0,0.0,0.0,0.0,1.0,1.0,0.0,1.0,0.0,0.0,0.0,8.0,6.0,0.0,0.0,0.0,0.0,0.0,0.0,0.0,0.0,2.0,12.0,1.0,12.05,5.01,2.5,1.49,-2.3000000000000003,0.2,2.3000000000000003,301.1,0.0,-13.2,0.0,8.1,-82.80000000000001,0.0,0.0,219.8,0.0,21.8,30.8,30.8,34.0,300.0,300.0,29.6,35.6,32.300000000000004,31.9,34.300000000000004,4.95,2.0,4.96,0.16,0.0,0.0,1027.0,8228.0,0.0,0.0,0.0,0.0,0.0,1.0,0.0,0.0,0.0,-0.001,0.0,0.1,0.0,-12.9,-12.8,0.0153,16.0,25903.0
2026-07-30T18:57:53.771Z,43.254,43.266,-7.5,7.4,0.0,0.0,0.0,0.0,0.0,1.0,1.0,0.0,1.0,0.0,0.0,0.0,8.0,6.0,0.0,0.0,0.0,0.0,0.0,0.0,0.0,0.0,3.0,12.0,1.0,12.05,5.01,2.5,1.49,-2.2,0.2,2.3000000000000003,301.1,-0.1,-10.9,2.9000000000000004,10.4,-82.80000000000001,0.0,0.0,219.9,0.0,21.8,30.8,30.8,34.0,300.0,300.0,29.6,35.6,32.300000000000004,31.9,34.300000000000004,4.95,2.0,4.97,0.16,0.0,0.0,1027.0,8228.0,0.0,0.0,0.0,0.0,0.0,1.0,0.0,0.0,0.0,-0.001,0.0,0.5,0.0,-14.0,-12.7,0.0155,16.0,25903.0
2026-07-30T18:57:53.783Z,43.266,43.278,-7.4,7.4,0.0,0.0,0.0,0.0,0.0,1.0,1.0,0.0,1.0,0.0,0.0,0.0,8.0,6.0,0.0,0.0,0.0,0.0,0.0,0.0,0.0,0.0,5.0,12.0,1.0,12.05,5.01,2.5,1.49,-2.2,0.2,2.2,301.0,-0.1,-10.9,2.9000000000000004,12.2,-82.80000000000001,0.0,0.0,219.8,0.0,21.8,30.8,30.8,34.0,300.0,300.0,29.6,35.6,32.300000000000004,31.9,34.300000000000004,4.95,2.0,4.97,0.16,0.0,0.0,1027.0,8228.0,0.0,0.0,0.0,0.0,0.0,1.0,0.0,0.0,0.0,-0.001,0.0,0.1,0.0,-16.0,-12.8,0.0153,16.0,25903.0
2026-07-30T18:57:53.795Z,43.278,43.29,-7.5,7.4,0.0,0.0,0.0,0.0,0.0,1.0,1.0,0.0,1.0,0.0,0.0,0.0,8.0,6.0,0.0,0.0,0.0,0.0,0.0,0.0,0.0,0.0,6.0,12.0,1.0,12.05,5.01,2.5,1.49,-2.3000000000000003,0.2,2.3000000000000003,301.0,-0.1,-10.3,3.5,9.3,-82.80000000000001,0.0,0.0,219.7,0.0,21.8,30.8,30.8,34.0,300.0,300.0,29.6,35.6,32.300000000000004,31.9,34.300000000000004,4.96,2.0,4.96,0.16,0.0,0.0,1027.0,8228.0,0.0,0.0,0.0,0.0,0.0,1.0,0.0,0.0,0.0,-0.001,0.0,1.3,0.0,-13.1,-12.8,0.015,16.0,25903.0
2026-07-30T18:57:53.807Z,43.29,43.302,-7.5,7.4,0.0,0.0,0.0,0.0,0.0,1.0,1.0,0.0,1.0,0.0,0.0,0.0,8.0,6.0,0.0,0.0,0.0,0.0,0.0,0.0,0.0,0.0,1.0,12.0,1.0,12.05,5.01,2.5,1.49,-2.3000000000000003,0.2,2.3000000000000003,301.1,0.0,-11.4,2.3000000000000003,9.3,-82.80000000000001,0.0,0.0,219.7,0.0,21.8,30.8,30.8,34.0,300.0,300.0,29.6,35.6,32.300000000000004,31.9,34.300000000000004,4.96,2.0,4.96,0.16,0.0,0.0,1027.0,8228.0,0.0,0.0,0.0,0.0,0.0,1.0,0.0,0.0,0.0,-0.001,0.0,0.2,0.0,-12.3,-12.7,0.0155,16.0,25903.0
2026-07-30T18:57:53.818Z,43.301,43.314,-7.5,7.4,0.0,0.0,0.0,0.0,0.0,1.0,1.0,0.0,1.0,0.0,0.0,0.0,8.0,6.0,0.0,0.0,0.0,0.0,0.0,0.0,0.0,0.0,3.0,12.0,1.0,12.05,5.01,2.5,1.49,-2.2,0.2,2.2,301.0,-0.1,-11.4,4.0,11.6,-82.80000000000001,0.0,0.0,219.7,0.0,21.8,30.8,30.8,34.0,300.0,300.0,29.6,35.6,32.300000000000004,31.9,34.300000000000004,4.96,2.0,4.96,0.16,0.0,0.0,1027.0,8228.0,0.0,0.0,0.0,0.0,0.0,1.0,0.0,0.0,0.0,-0.001,0.0,1.3,0.0,-16.2,-12.7,0.0156,16.0,25903.0
2026-07-30T18:57:53.831Z,43.314,43.326,-7.4,7.4,0.0,0.0,0.0,0.0,0.0,1.0,1.0,0.0,1.0,0.0,0.0,0.0,8.0,6.0,0.0,0.0,0.0,0.0,0.0,0.0,0.0,0.0,4.0,12.0,1.0,12.05,5.01,2.5,1.49,-2.3000000000000003,0.2,2.3000000000000003,301.1,0.0,-10.9,2.9000000000000004,9.9,-82.80000000000001,0.0,0.0,219.7,0.0,21.8,30.8,30.8,34.0,300.0,300.0,29.6,35.6,32.300000000000004,31.9,34.300000000000004,4.95,2.0,4.96,0.16,0.0,0.0,1027.0,8228.0,0.0,0.0,0.0,0.0,0.0,1.0,0.0,0.0,0.0,-0.001,0.0,0.6000000000000001,0.0,-13.4,-12.7,0.0148,16.0,25903.0
2026-07-30T18:57:53.843Z,43.326,43.338,-7.4,7.4,0.0,0.0,0.0,0.0,0.0,1.0,1.0,0.0,1.0,0.0,0.0,0.0,8.0,6.0,0.0,0.0,0.0,0.0,0.0,0.0,0.0,0.0,6.0,12.0,1.0,12.05,5.01,2.5,1.49,-2.3000000000000003,0.3,2.3000000000000003,300.90000000000003,0.0,-10.9,1.7000000000000002,10.4,-82.80000000000001,0.0,0.0,219.7,0.0,21.8,30.8,30.8,34.0,300.0,300.0,29.6,35.6,32.300000000000004,31.9,34.300000000000004,4.96,2.0,4.96,0.16,0.0,0.0,1027.0,8228.0,0.0,0.0,0.0,0.0,0.0,1.0,0.0,0.0,0.0,-0.001,0.0,-0.4,0.0,-13.2,-12.9,0.0156,16.0,25903.0
2026-07-30T18:57:53.857Z,43.34,43.35,-7.5,7.4,0.0,0.0,0.0,0.0,0.0,1.0,1.0,0.0,1.0,0.0,0.0,0.0,8.0,6.0,0.0,0.0,0.0,0.0,0.0,0.0,0.0,0.0,1.0,12.0,1.0,12.05,5.01,2.51,1.49,-2.3000000000000003,0.2,2.3000000000000003,301.1,0.0,-12.0,1.7000000000000002,9.3,-82.80000000000001,0.0,0.0,219.7,0.0,22.1,30.9,30.9,34.0,300.0,300.0,29.700000000000003,35.800000000000004,32.300000000000004,31.9,34.300000000000004,4.95,2.0,4.96,0.16,0.0,0.0,1027.0,8228.0,0.0,0.0,0.0,0.0,0.0,1.0,0.0,0.0,0.0,-0.001,0.0,-0.2,0.0,-11.8,-12.9,0.0157,16.0,25903.0
2026-07-30T18:57:53.867Z,43.35,43.362,-7.5,7.4,0.0,0.0,0.0,0.0,0.0,1.0,1.0,0.0,1.0,0.0,0.0,0.0,8.0,6.0,0.0,0.0,0.0,0.0,0.0,0.0,0.0,0.0,6.0,12.0,1.0,12.05,5.01,2.51,1.49,-2.2,0.2,2.2,301.1,0.0,-11.4,3.5,11.0,-82.80000000000001,0.0,0.0,219.7,0.0,22.1,30.9,30.9,34.0,300.0,300.0,29.700000000000003,35.800000000000004,32.300000000000004,31.9,34.300000000000004,4.95,2.0,4.97,0.16,0.0,0.0,1027.0,8228.0,0.0,0.0,0.0,0.0,0.0,1.0,0.0,0.0,0.0,-0.001,0.0,0.9,0.0,-15.1,-12.7,0.0159,16.0,25903.0
2026-07-30T18:57:53.879Z,43.362,43.374,-7.5,7.4,0.0,0.0,0.0,0.0,0.0,1.0,1.0,0.0,1.0,0.0,0.0,0.0,8.0,6.0,0.0,0.0,0.0,0.0,0.0,0.0,0.0,0.0,6.0,12.0,1.0,12.05,5.01,2.51,1.49,-2.2,0.2,2.2,301.1,0.0,-10.9,3.5,11.6,-82.80000000000001,0.0,0.0,219.8,0.0,22.1,30.9,30.9,34.0,300.0,300.0,29.700000000000003,35.800000000000004,32.300000000000004,31.9,34.300000000000004,4.96,2.0,4.97,0.16,0.0,0.0,1027.0,8228.0,0.0,0.0,0.0,0.0,0.0,1.0,0.0,0.0,0.0,-0.001,0.0,0.8,0.0,-15.8,-12.7,0.015,16.0,25903.0
2026-07-30T18:57:53.891Z,43.374,43.386,-7.4,7.4,0.0,0.0,0.0,0.0,0.0,1.0,1.0,0.0,1.0,0.0,0.0,0.0,8.0,6.0,0.0,0.0,0.0,0.0,0.0,0.0,0.0,0.0,1.0,12.0,1.0,12.05,5.01,2.51,1.49,-2.3000000000000003,0.2,2.3000000000000003,301.0,0.0,-12.0,2.9000000000000004,8.700000000000001,-82.80000000000001,0.0,0.0,219.8,0.0,22.1,30.9,30.9,34.0,300.0,300.0,29.700000000000003,35.800000000000004,32.300000000000004,31.9,34.300000000000004,4.96,2.0,4.96,0.16,0.0,0.0,1027.0,8228.0,0.0,0.0,0.0,0.0,0.0,1.0,0.0,0.0,0.0,-0.001,0.0,0.8,0.0,-12.0,-12.8,0.0149,16.0,25903.0
2026-07-30T18:57:53.903Z,43.386,43.398,-7.4,7.4,0.0,0.0,0.0,0.0,0.0,1.0,1.0,0.0,1.0,0.0,0.0,0.0,8.0,6.0,0.0,0.0,0.0,0.0,0.0,0.0,0.0,0.0,3.0,12.0,1.0,12.05,5.01,2.51,1.49,-2.3000000000000003,0.3,2.4000000000000004,301.1,0.0,-12.6,1.1,9.3,-82.80000000000001,0.0,0.0,219.8,0.0,22.1,30.9,30.9,34.0,300.0,300.0,29.700000000000003,35.800000000000004,32.300000000000004,31.9,34.300000000000004,4.95,2.0,4.96,0.16,0.0,0.0,1027.0,8228.0,0.0,0.0,0.0,0.0,0.0,1.0,0.0,0.0,0.0,-0.001,0.0,-0.7000000000000001,0.0,-11.4,-12.8,0.0158,16.0,25903.0
2026-07-30T18:57:53.915Z,43.398,43.41,-7.5,7.4,0.0,0.0,0.0,0.0,0.0,1.0,1.0,0.0,1.0,0.0,0.0,0.0,8.0,6.0,0.0,0.0,0.0,0.0,0.0,0.0,0.0,0.0,4.0,12.0,1.0,12.05,5.01,2.51,1.49,-2.3000000000000003,0.2,2.3000000000000003,301.0,0.0,-13.2,2.3000000000000003,9.3,-82.80000000000001,0.0,0.0,219.8,0.0,22.1,30.9,30.9,34.0,300.0,300.0,29.700000000000003,35.800000000000004,32.300000000000004,31.9,34.300000000000004,4.95,2.0,4.96,0.16,0.0,0.0,1027.0,8228.0,0.0,0.0,0.0,0.0,0.0,1.0,0.0,0.0,0.0,-0.001,0.0,0.2,0.0,-12.3,-12.8,0.016,16.0,25903.0
2026-07-30T18:57:53.927Z,43.41,43.422,-7.4,7.4,0.0,0.0,0.0,0.0,0.0,1.0,1.0,0.0,1.0,0.0,0.0,0.0,8.0,6.0,0.0,0.0,0.0,0.0,0.0,0.0,0.0,0.0,5.0,12.0,1.0,12.05,5.01,2.51,1.49,-2.3000000000000003,0.2,2.3000000000000003,301.1,0.0,-12.0,2.3000000000000003,10.4,-82.80000000000001,0.0,0.0,219.8,0.0,22.1,30.9,30.9,34.0,300.0,300.0,29.700000000000003,35.800000000000004,32.300000000000004,31.9,34.300000000000004,4.96,2.0,4.96,0.16,0.0,0.0,1027.0,8228.0,0.0,0.0,0.0,0.0,0.0,1.0,0.0,0.0,0.0,-0.001,0.0,0.0,0.0,-13.6,-12.7,0.0157,16.0,25903.0
2026-07-30T18:57:53.938Z,43.421,43.434,-7.4,7.4,0.0,0.0,0.0,0.0,0.0,1.0,1.0,0.0,1.0,0.0,0.0,0.0,8.0,6.0,0.0,0.0,0.0,0.0,0.0,0.0,0.0,0.0,6.0,12.0,1.0,12.05,5.01,2.51,1.49,-2.3000000000000003,0.3,2.3000000000000003,301.1,0.0,-13.8,1.1,9.9,-82.80000000000001,0.0,0.0,219.8,0.0,22.1,30.9,30.9,34.0,300.0,300.0,29.700000000000003,35.800000000000004,32.300000000000004,31.9,34.300000000000004,4.95,2.0,4.96,0.16,0.0,0.0,1027.0,8228.0,0.0,0.0,0.0,0.0,0.0,1.0,0.0,0.0,0.0,-0.001,0.0,-0.9,0.0,-12.1,-12.8,0.0155,16.0,25903.0
2026-07-30T18:57:53.951Z,43.434,43.446,-7.4,7.4,0.0,0.0,0.0,0.0,0.0,1.0,1.0,0.0,1.0,0.0,0.0,0.0,8.0,6.0,0.0,0.0,0.0,0.0,0.0,0.0,0.0,0.0,1.0,12.0,1.0,12.05,5.01,2.51,1.49,-2.4000000000000004,0.3,2.4000000000000004,301.0,0.0,-13.2,0.5,8.700000000000001,-82.80000000000001,0.0,0.0,219.6,0.0,22.1,30.9,30.9,34.0,300.0,300.0,29.700000000000003,35.800000000000004,32.300000000000004,31.9,34.300000000000004,4.95,2.0,4.97,0.16,0.0,0.0,1027.0,8228.0,0.0,0.0,0.0,0.0,0.0,1.0,0.0,0.0,0.0,-0.001,0.0,-1.1,0.0,-10.3,-12.8,0.0159,16.0,25903.0
2026-07-30T18:57:53.963Z,43.446,43.458,-7.5,7.4,0.0,0.0,0.0,0.0,0.0,1.0,1.0,0.0,1.0,0.0,0.0,0.0,8.0,6.0,0.0,0.0,0.0,0.0,0.0,0.0,0.0,0.0,3.0,12.0,1.0,12.05,5.01,2.51,1.49,-2.4000000000000004,0.3,2.4000000000000004,301.1,-0.1,-12.0,1.1,8.700000000000001,-82.80000000000001,0.0,0.0,219.6,0.0,22.1,30.9,30.9,34.1,300.0,300.0,29.700000000000003,35.9,32.4,32.0,34.300000000000004,4.95,2.0,4.96,0.16,0.0,0.0,1027.0,8228.0,0.0,0.0,0.0,0.0,0.0,1.0,0.0,0.0,0.0,-0.001,0.0,-0.6000000000000001,0.0,-10.8,-12.8,0.0163,16.0,25903.0
2026-07-30T18:57:53.975Z,43.458,43.47,-7.4,7.4,0.0,0.0,0.0,0.0,0.0,1.0,1.0,0.0,1.0,0.0,0.0,0.0,8.0,6.0,0.0,0.0,0.0,0.0,0.0,0.0,0.0,0.0,4.0,12.0,1.0,12.05,5.01,2.51,1.49,-2.4000000000000004,0.3,2.4000000000000004,301.2,-0.1,-13.2,0.5,6.9,-82.80000000000001,0.0,0.0,219.8,0.0,22.1,30.9,30.9,34.1,300.0,300.0,29.700000000000003,35.9,32.4,32.0,34.300000000000004,4.95,2.0,4.96,0.16,0.0,0.0,1027.0,8228.0,0.0,0.0,0.0,0.0,0.0,1.0,0.0,0.0,0.0,-0.001,0.0,-0.8,0.0,-8.3,-12.7,0.0161,16.0,25903.0
2026-07-30T18:57:53.986Z,43.469,43.482,-7.4,7.4,0.0,0.0,0.0,0.0,0.0,1.0,1.0,0.0,1.0,0.0,0.0,0.0,8.0,6.0,0.0,0.0,0.0,0.0,0.0,0.0,0.0,0.0,5.0,12.0,1.0,12.05,5.01,2.51,1.49,-2.4000000000000004,0.3,2.4000000000000004,300.90000000000003,-0.1,-12.6,1.1,8.700000000000001,-82.80000000000001,0.0,0.0,219.8,0.0,22.1,30.9,30.9,34.1,300.0,300.0,29.700000000000003,35.9,32.4,32.0,34.300000000000004,4.95,2.0,4.96,0.16,0.0,0.0,1027.0,8228.0,0.0,0.0,0.0,0.0,0.0,1.0,0.0,0.0,0.0,-0.001,0.0,-0.6000000000000001,0.0,-10.7,-12.8,0.0166,16.0,25903.0
2026-07-30T18:57:53.999Z,43.482,43.494,-7.5,7.4,0.0,0.0,0.0,0.0,0.0,1.0,1.0,0.0,1.0,0.0,0.0,0.0,8.0,6.0,0.0,0.0,0.0,0.0,0.0,0.0,0.0,0.0,5.0,12.0,1.0,12.05,5.01,2.51,1.49,-2.3000000000000003,0.2,2.3000000000000003,301.1,-0.1,-12.6,2.3000000000000003,9.9,-82.80000000000001,0.0,0.0,219.7,0.0,22.1,30.9,30.9,34.1,300.0,300.0,29.700000000000003,35.9,32.4,32.0,34.300000000000004,4.96,2.0,4.96,0.16,0.0,0.0,1027.0,8228.0,0.0,0.0,0.0,0.0,0.0,1.0,0.0,0.0,0.0,-0.001,0.0,0.1,0.0,-12.9,-12.8,0.0162,16.0,25903.0
2026-07-30T18:57:54.010Z,43.493,43.506,-7.4,7.4,0.0,0.0,0.0,0.0,0.0,1.0,1.0,0.0,1.0,0.0,0.0,0.0,8.0,6.0,0.0,0.0,0.0,0.0,0.0,0.0,0.0,0.0,6.0,12.0,1.0,12.05,5.01,2.51,1.49,-2.3000000000000003,0.2,2.3000000000000003,301.1,-0.1,-12.6,3.5,9.3,-82.80000000000001,0.0,0.0,219.6,0.0,22.1,30.9,30.9,34.1,300.0,300.0,29.700000000000003,35.9,32.4,32.0,34.300000000000004,4.96,2.0,4.96,0.16,0.0,0.0,1027.0,8228.0,0.0,0.0,0.0,0.0,0.0,1.0,0.0,0.0,0.0,-0.001,0.0,1.3,0.0,-13.1,-12.8,0.0156,16.0,25903.0
2026-07-30T18:57:54.022Z,43.505,43.518,-7.4,7.4,0.0,0.0,0.0,0.0,0.0,1.0,1.0,0.0,1.0,0.0,0.0,0.0,8.0,6.0,0.0,0.0,0.0,0.0,0.0,0.0,0.0,0.0,1.0,12.0,1.0,12.05,5.01,2.51,1.49,-2.3000000000000003,0.3,2.3000000000000003,301.0,-0.1,-12.0,2.3000000000000003,11.0,-82.80000000000001,0.0,0.0,219.6,0.0,22.1,30.9,30.9,34.1,300.0,300.0,29.700000000000003,35.9,32.4,32.0,34.300000000000004,4.95,2.0,4.96,0.16,0.0,0.0,1027.0,8228.0,0.0,0.0,0.0,0.0,0.0,1.0,0.0,0.0,0.0,-0.001,0.0,0.0,0.0,-14.3,-12.8,0.0156,16.0,25903.0
2026-07-30T18:57:54.035Z,43.518,43.53,-7.4,7.4,0.0,0.0,0.0,0.0,0.0,1.0,1.0,0.0,1.0,0.0,0.0,0.0,8.0,6.0,0.0,0.0,0.0,0.0,0.0,0.0,0.0,0.0,3.0,12.0,1.0,12.05,5.01,2.51,1.49,-2.4000000000000004,0.2,2.4000000000000004,301.0,-0.1,-10.9,1.7000000000000002,7.5,-82.80000000000001,0.0,0.0,219.7,0.0,22.1,30.9,30.9,34.1,300.0,300.0,29.700000000000003,35.9,32.4,32.0,34.300000000000004,4.95,2.0,4.97,0.16,0.0,0.0,1027.0,8228.0,0.0,0.0,0.0,0.0,0.0,1.0,0.0,0.0,0.0,-0.001,0.0,0.0,0.0,-9.8,-12.9,0.0156,16.0,25903.0
2026-07-30T18:57:54.047Z,43.53,43.542,-7.5,7.4,0.0,0.0,0.0,0.0,0.0,1.0,1.0,0.0,1.0,0.0,0.0,0.0,8.0,6.0,0.0,0.0,0.0,0.0,0.0,0.0,0.0,0.0,4.0,12.0,1.0,12.05,5.01,2.51,1.49,-2.2,0.2,2.2,301.1,-0.1,-11.4,2.9000000000000004,11.6,-82.80000000000001,0.0,0.0,219.6,0.0,22.1,30.9,30.9,34.1,300.0,300.0,29.700000000000003,35.9,32.4,32.0,34.300000000000004,4.96,2.0,4.96,0.16,0.0,0.0,1027.0,8228.0,0.0,0.0,0.0,0.0,0.0,1.0,0.0,0.0,0.0,-0.001,0.0,0.3,0.0,-15.4,-12.8,0.0165,16.0,25903.0
2026-07-30T18:57:54.060Z,43.543,43.554,-7.5,7.4,0.0,0.0,0.0,0.0,0.0,1.0,1.0,0.0,1.0,0.0,0.0,0.0,8.0,6.0,0.0,0.0,0.0,0.0,0.0,0.0,0.0,0.0,5.0,12.0,1.0,12.06,5.01,2.5,1.5,-2.2,0.2,2.2,301.0,-0.1,-10.9,2.9000000000000004,12.8,-82.80000000000001,0.0,0.0,219.7,0.0,22.1,30.9,30.9,34.1,300.0,300.0,29.6,35.800000000000004,32.4,32.0,34.300000000000004,4.96,2.0,4.96,0.16,0.0,0.0,1027.0,8228.0,0.0,0.0,0.0,0.0,0.0,1.0,0.0,0.0,0.0,-0.001,0.0,0.1,0.0,-16.7,-12.7,0.0151,16.0,25903.0
2026-07-30T18:57:54.071Z,43.554,43.566,-7.5,7.4,0.0,0.0,0.0,0.0,0.0,1.0,1.0,0.0,1.0,0.0,0.0,0.0,8.0,6.0,0.0,0.0,0.0,0.0,0.0,0.0,0.0,0.0,1.0,12.0,1.0,12.06,5.01,2.5,1.5,-2.2,0.2,2.2,301.1,-0.1,-10.9,3.5,10.4,-82.80000000000001,0.0,0.0,219.8,0.0,22.1,30.9,30.9,34.1,300.0,300.0,29.6,35.800000000000004,32.4,32.0,34.300000000000004,4.95,1.99,4.96,0.16,0.0,0.0,1027.0,8228.0,0.0,0.0,0.0,0.0,0.0,1.0,0.0,0.0,0.0,-0.001,0.0,1.0,0.0,-14.5,-12.7,0.0148,16.0,25903.0
2026-07-30T18:57:54.083Z,43.566,43.578,-7.5,7.4,0.0,0.0,0.0,0.0,0.0,1.0,1.0,0.0,1.0,0.0,0.0,0.0,8.0,6.0,0.0,0.0,0.0,0.0,0.0,0.0,0.0,0.0,3.0,12.0,1.0,12.06,5.01,2.5,1.5,-2.3000000000000003,0.3,2.3000000000000003,301.0,-0.1,-10.9,1.7000000000000002,10.4,-82.80000000000001,0.0,0.0,219.8,0.0,22.1,30.9,30.9,34.1,300.0,300.0,29.6,35.800000000000004,32.4,32.0,34.300000000000004,4.96,1.99,4.96,0.16,0.0,0.0,1027.0,8228.0,0.0,0.0,0.0,0.0,0.0,1.0,0.0,0.0,0.0,-0.001,0.0,-0.5,0.0,-13.2,-12.7,0.0153,16.0,25903.0
2026-07-30T18:57:54.094Z,43.577,43.59,-7.5,7.4,0.0,0.0,0.0,0.0,0.0,1.0,1.0,0.0,1.0,0.0,0.0,0.0,8.0,6.0,0.0,0.0,0.0,0.0,0.0,0.0,0.0,0.0,4.0,12.0,1.0,12.06,5.01,2.5,1.5,-2.3000000000000003,0.3,2.3000000000000003,301.0,-0.1,-10.9,1.7000000000000002,9.9,-82.80000000000001,0.0,0.0,219.7,0.0,22.1,30.9,30.9,34.1,300.0,300.0,29.6,35.800000000000004,32.4,32.0,34.300000000000004,4.95,2.0,4.96,0.16,0.0,0.0,1027.0,8228.0,0.0,0.0,0.0,0.0,0.0,1.0,0.0,0.0,0.0,-0.001,0.0,-0.3,0.0,-12.5,-12.7,0.0155,16.0,25903.0
2026-07-30T18:57:54.107Z,43.59,43.602,-7.5,7.4,0.0,0.0,0.0,0.0,0.0,1.0,1.0,0.0,1.0,0.0,0.0,0.0,8.0,6.0,0.0,0.0,0.0,0.0,0.0,0.0,0.0,0.0,5.0,12.0,1.0,12.06,5.01,2.5,1.5,-2.2,0.2,2.2,301.1,-0.1,-10.9,2.9000000000000004,11.0,-82.80000000000001,0.0,0.0,219.8,0.0,22.1,30.9,30.9,34.1,300.0,300.0,29.6,35.800000000000004,32.4,32.0,34.300000000000004,4.95,2.0,4.96,0.16,0.0,0.0,1027.0,8228.0,0.0,0.0,0.0,0.0,0.0,1.0,0.0,0.0,0.0,-0.001,0.0,0.4,0.0,-14.7,-12.7,0.0156,16.0,25903.0
2026-07-30T18:57:54.119Z,43.602,43.614,-7.4,7.4,0.0,0.0,0.0,0.0,0.0,1.0,1.0,0.0,1.0,0.0,0.0,0.0,8.0,6.0,0.0,0.0,0.0,0.0,0.0,0.0,0.0,0.0,1.0,12.0,1.0,12.06,5.01,2.5,1.5,-2.3000000000000003,0.2,2.3000000000000003,301.0,-0.1,-11.4,2.9000000000000004,10.4,-82.80000000000001,0.0,0.0,219.8,0.0,22.1,30.9,30.9,34.1,300.0,300.0,29.6,35.800000000000004,32.4,32.0,34.300000000000004,4.96,2.0,4.96,0.16,0.0,0.0,1027.0,8228.0,0.0,0.0,0.0,0.0,0.0,1.0,0.0,0.0,0.0,-0.001,0.0,0.5,0.0,-14.0,-12.7,0.015,16.0,25903.0
2026-07-30T18:57:54.131Z,43.614,43.626,-7.4,7.4,0.0,0.0,0.0,0.0,0.0,1.0,1.0,0.0,1.0,0.0,0.0,0.0,8.0,6.0,0.0,0.0,0.0,0.0,0.0,0.0,0.0,0.0,2.0,12.0,1.0,12.06,5.01,2.5,1.5,-2.4000000000000004,0.3,2.4000000000000004,301.1,-0.1,-11.4,1.1,8.700000000000001,-82.80000000000001,0.0,0.0,219.8,0.0,22.1,30.9,30.9,34.1,300.0,300.0,29.6,35.800000000000004,32.4,32.0,34.300000000000004,4.96,2.0,4.96,0.16,0.0,0.0,1027.0,8228.0,0.0,0.0,0.0,0.0,0.0,1.0,0.0,0.0,0.0,-0.001,0.0,-0.6000000000000001,0.0,-10.7,-12.9,0.0154,16.0,25903.0
2026-07-30T18:57:54.143Z,43.626,43.638,-7.5,7.4,0.0,0.0,0.0,0.0,0.0,1.0,1.0,0.0,1.0,0.0,0.0,0.0,8.0,6.0,0.0,0.0,0.0,0.0,0.0,0.0,0.0,0.0,3.0,12.0,1.0,12.06,5.01,2.5,1.5,-2.2,0.2,2.3000000000000003,301.1,-0.1,-10.9,2.3000000000000003,11.0,-82.80000000000001,0.0,0.0,219.7,0.0,22.1,30.9,30.9,34.1,300.0,300.0,29.6,35.800000000000004,32.4,32.0,34.300000000000004,4.95,2.0,4.97,0.16,0.0,0.0,1027.0,8228.0,0.0,0.0,0.0,0.0,0.0,1.0,0.0,0.0,0.0,-0.001,0.0,0.0,0.0,-14.3,-12.9,0.0162,16.0,25903.0
2026-07-30T18:57:54.154Z,43.637,43.65,-7.5,7.4,0.0,0.0,0.0,0.0,0.0,1.0,1.0,0.0,1.0,0.0,0.0,0.0,8.0,6.0,0.0,0.0,0.0,0.0,0.0,0.0,0.0,0.0,4.0,12.0,1.0,12.06,5.01,2.5,1.5,-2.4000000000000004,0.2,2.4000000000000004,301.0,-0.1,-11.4,2.3000000000000003,7.5,-82.80000000000001,0.0,0.0,219.6,0.0,22.1,30.9,30.9,34.1,300.0,300.0,29.6,35.800000000000004,32.4,32.0,34.300000000000004,4.95,1.99,4.96,0.16,0.0,0.0,1027.0,8228.0,0.0,0.0,0.0,0.0,0.0,1.0,0.0,0.0,0.0,-0.001,0.0,0.6000000000000001,0.0,-10.3,-12.7,0.0153,16.0,25903.0
2026-07-30T18:57:54.174Z,43.657,43.662,-7.4,7.4,0.0,0.0,0.0,0.0,0.0,1.0,1.0,0.0,1.0,0.0,0.0,0.0,8.0,6.0,0.0,0.0,0.0,0.0,0.0,0.0,0.0,0.0,5.0,12.0,1.0,12.04,5.01,2.5,1.49,-2.2,0.2,2.2,301.1,-0.1,-10.9,2.9000000000000004,10.4,-82.80000000000001,0.0,0.0,219.8,0.0,21.700000000000003,30.9,30.9,34.1,300.0,300.0,29.6,35.7,32.4,32.0,34.300000000000004,4.95,2.0,4.96,0.16,0.0,0.0,1027.0,8228.0,0.0,0.0,0.0,0.0,0.0,1.0,0.0,0.0,0.0,-0.001,0.0,0.5,0.0,-14.0,-12.7,0.0161,16.0,25903.0
2026-07-30T18:57:54.179Z,43.662,43.674,-7.4,7.4,0.0,0.0,0.0,0.0,0.0,1.0,1.0,0.0,1.0,0.0,0.0,0.0,8.0,6.0,0.0,0.0,0.0,0.0,0.0,0.0,0.0,0.0,4.0,12.0,1.0,12.04,5.01,2.5,1.49,-2.2,0.3,2.2,301.1,0.0,-12.6,2.3000000000000003,11.6,-82.80000000000001,0.0,0.0,219.9,0.0,21.700000000000003,30.9,30.9,34.1,300.0,300.0,29.6,35.7,32.4,32.0,34.300000000000004,4.95,2.0,4.96,0.16,0.0,0.0,1027.0,8228.0,0.0,0.0,0.0,0.0,0.0,1.0,0.0,0.0,0.0,-0.001,0.0,-0.2,0.0,-14.9,-12.8,0.0162,16.0,25903.0
2026-07-30T18:57:54.191Z,43.674,43.686,-7.4,7.4,0.0,0.0,0.0,0.0,0.0,1.0,1.0,0.0,1.0,0.0,0.0,0.0,8.0,6.0,0.0,0.0,0.0,0.0,0.0,0.0,0.0,0.0,4.0,12.0,1.0,12.04,5.01,2.5,1.49,-2.3000000000000003,0.3,2.3000000000000003,301.0,0.0,-11.4,1.7000000000000002,10.4,-82.80000000000001,0.0,0.0,219.7,0.0,21.700000000000003,30.9,30.9,34.1,300.0,300.0,29.6,35.7,32.4,32.0,34.300000000000004,4.95,2.0,4.96,0.16,0.0,0.0,1027.0,8228.0,0.0,0.0,0.0,0.0,0.0,1.0,0.0,0.0,0.0,-0.001,0.0,-0.4,0.0,-13.2,-12.8,0.0158,16.0,25903.0
2026-07-30T18:57:54.203Z,43.686,43.698,-7.5,7.4,0.0,0.0,0.0,0.0,0.0,1.0,1.0,0.0,1.0,0.0,0.0,0.0,8.0,6.0,0.0,0.0,0.0,0.0,0.0,0.0,0.0,0.0,5.0,12.0,1.0,12.04,5.01,2.5,1.49,-2.2,0.3,2.3000000000000003,301.0,-0.1,-10.9,1.7000000000000002,11.0,-82.80000000000001,0.0,0.0,219.7,0.0,21.700000000000003,30.9,30.9,34.1,300.0,300.0,29.6,35.7,32.4,32.0,34.300000000000004,4.95,2.0,4.96,0.16,0.0,0.0,1027.0,8228.0,0.0,0.0,0.0,0.0,0.0,1.0,0.0,0.0,0.0,-0.001,0.0,-0.5,0.0,-13.9,-12.8,0.0155,16.0,25903.0
2026-07-30T18:57:54.215Z,43.698,43.71,-7.5,7.4,0.0,0.0,0.0,0.0,0.0,1.0,1.0,0.0,1.0,0.0,0.0,0.0,8.0,6.0,0.0,0.0,0.0,0.0,0.0,0.0,0.0,0.0,6.0,12.0,1.0,12.04,5.01,2.5,1.49,-2.3000000000000003,0.3,2.3000000000000003,301.1,-0.1,-11.4,1.7000000000000002,8.700000000000001,-82.80000000000001,0.0,0.0,219.7,0.0,21.700000000000003,30.9,30.9,34.1,300.0,300.0,29.6,35.7,32.4,32.0,34.300000000000004,4.96,2.0,4.96,0.16,0.0,0.0,1027.0,8228.0,0.0,0.0,0.0,0.0,0.0,1.0,0.0,0.0,0.0,-0.001,0.0,-0.1,0.0,-11.2,-12.7,0.0158,16.0,25903.0
2026-07-30T18:57:54.227Z,43.71,43.722,-7.4,7.4,0.0,0.0,0.0,0.0,0.0,1.0,1.0,0.0,1.0,0.0,0.0,0.0,8.0,6.0,0.0,0.0,0.0,0.0,0.0,0.0,0.0,0.0,1.0,12.0,1.0,12.04,5.01,2.5,1.49,-2.3000000000000003,0.3,2.3000000000000003,301.0,0.0,-13.2,1.7000000000000002,9.3,-82.7,0.0,0.0,219.7,0.0,21.700000000000003,30.9,30.9,34.1,300.0,300.0,29.6,35.7,32.4,32.0,34.300000000000004,4.95,2.0,4.96,0.16,0.0,0.0,1027.0,8228.0,0.0,0.0,0.0,0.0,0.0,1.0,0.0,0.0,0.0,-0.001,0.0,-0.2,0.0,-11.8,-12.6,0.0153,16.0,25903.0
2026-07-30T18:57:54.239Z,43.722,43.734,-7.4,7.4,0.0,0.0,0.0,0.0,0.0,1.0,1.0,0.0,1.0,0.0,0.0,0.0,8.0,6.0,0.0,0.0,0.0,0.0,0.0,0.0,0.0,0.0,2.0,12.0,1.0,12.04,5.01,2.5,1.49,-2.4000000000000004,0.3,2.4000000000000004,301.0,0.0,-13.2,0.0,8.1,-82.7,0.0,0.0,219.8,0.0,21.700000000000003,30.9,30.9,34.1,300.0,300.0,29.6,35.7,32.4,32.0,34.300000000000004,4.96,2.0,4.97,0.16,0.0,0.0,1027.0,8228.0,0.0,0.0,0.0,0.0,0.0,1.0,0.0,0.0,0.0,-0.001,0.0,-1.6,0.0,-9.2,-12.8,0.0158,16.0,25903.0
2026-07-30T18:57:54.251Z,43.734,43.746,-7.4,7.4,0.0,0.0,0.0,0.0,0.0,1.0,1.0,0.0,1.0,0.0,0.0,0.0,8.0,6.0,0.0,0.0,0.0,0.0,0.0,0.0,0.0,0.0,3.0,12.0,1.0,12.04,5.01,2.5,1.49,-2.3000000000000003,0.3,2.4000000000000004,301.1,0.0,-13.2,0.5,9.3,-82.7,0.0,0.0,219.6,0.0,21.700000000000003,30.9,30.9,34.1,300.0,300.0,29.6,35.7,32.4,32.0,34.300000000000004,4.96,2.0,4.96,0.16,0.0,0.0,1027.0,8228.0,0.0,0.0,0.0,0.0,0.0,1.0,0.0,0.0,0.0,-0.001,0.0,1.7000000000000002,0.0,-14.2,-12.8,0.0158,16.0,25903.0
2026-07-30T18:57:54.264Z,43.747,43.758,-7.4,7.4,0.0,0.0,0.0,0.0,0.0,1.0,1.0,0.0,1.0,0.0,0.0,0.0,8.0,6.0,0.0,0.0,0.0,0.0,0.0,0.0,0.0,0.0,4.0,12.0,1.0,12.06,5.0200000000000005,2.51,1.49,-2.3000000000000003,0.2,2.3000000000000003,301.1,-0.1,-12.6,1.1,9.3,-82.7,0.0,0.0,219.6,0.0,21.9,31.0,30.9,34.1,300.0,300.0,29.700000000000003,35.7,32.5,32.0,34.4,4.96,2.0,4.96,0.16,0.0,0.0,1027.0,8228.0,0.0,0.0,0.0,0.0,0.0,1.0,0.0,0.0,0.0,-0.001,0.0,0.6000000000000001,0.0,-13.4,-12.8,0.0153,16.0,25903.0
2026-07-30T18:57:54.275Z,43.758,43.77,-7.4,7.4,0.0,0.0,0.0,0.0,0.0,1.0,1.0,0.0,1.0,0.0,0.0,0.0,8.0,6.0,0.0,0.0,0.0,0.0,0.0,0.0,0.0,0.0,5.0,12.0,1.0,12.06,5.0200000000000005,2.51,1.49,-2.2,0.2,2.2,300.90000000000003,-0.1,-13.2,1.7000000000000002,8.1,-82.7,0.0,0.0,219.8,0.0,21.9,31.0,30.9,34.1,300.0,300.0,29.700000000000003,35.7,32.5,32.0,34.4,4.96,2.0,4.96,0.16,0.0,0.0,1027.0,8228.0,0.0,0.0,0.0,0.0,0.0,1.0,0.0,0.0,0.0,-0.001,0.0,0.7000000000000001,0.0,-16.5,-12.8,0.0155,16.0,25903.0
2026-07-30T18:57:54.287Z,43.77,43.782,-7.5,7.4,0.0,0.0,0.0,0.0,0.0,1.0,1.0,0.0,1.0,0.0,0.0,0.0,8.0,6.0,0.0,0.0,0.0,0.0,0.0,0.0,0.0,0.0,1.0,12.0,1.0,12.06,5.0200000000000005,2.51,1.49,-2.3000000000000003,0.3,2.3000000000000003,301.0,-0.1,-12.0,1.1,9.3,-82.7,0.0,0.0,219.7,0.0,21.9,31.0,30.9,34.1,300.0,300.0,29.700000000000003,35.7,32.5,32.0,34.4,4.96,2.0,4.96,0.16,0.0,0.0,1027.0,8228.0,0.0,0.0,0.0,0.0,0.0,1.0,0.0,0.0,0.0,-0.001,0.0,-0.7000000000000001,0.0,-11.4,-12.8,0.0148,16.0,25903.0
2026-07-30T18:57:54.299Z,43.782,43.794,-7.4,7.4,0.0,0.0,0.0,0.0,0.0,1.0,1.0,0.0,1.0,0.0,0.0,0.0,8.0,6.0,0.0,0.0,0.0,0.0,0.0,0.0,0.0,0.0,2.0,12.0,1.0,12.06,5.0200000000000005,2.51,1.49,-2.2,0.2,2.2,301.2,-0.1,-11.4,4.0,10.4,-82.80000000000001,0.0,0.0,219.8,0.0,21.9,31.0,30.9,34.1,300.0,300.0,29.700000000000003,35.7,32.5,32.0,34.4,4.96,2.0,4.96,0.16,0.0,0.0,1027.0,8228.0,0.0,0.0,0.0,0.0,0.0,1.0,0.0,0.0,0.0,-0.001,0.0,1.5,0.0,-14.9,-12.7,0.0159,16.0,25903.0
2026-07-30T18:57:54.312Z,43.795,43.806,-7.5,7.4,0.0,0.0,0.0,0.0,0.0,1.0,1.0,0.0,1.0,0.0,0.0,0.0,8.0,6.0,0.0,0.0,0.0,0.0,0.0,0.0,0.0,0.0,2.0,12.0,1.0,12.06,5.0200000000000005,2.51,1.49,-2.2,0.2,2.2,300.90000000000003,-0.1,-10.9,4.0,11.6,-82.80000000000001,0.0,0.0,219.8,0.0,21.9,31.0,30.9,34.1,300.0,300.0,29.700000000000003,35.7,32.5,32.0,34.4,4.95,2.0,4.96,0.16,0.0,0.0,1027.0,8228.0,0.0,0.0,0.0,0.0,0.0,1.0,0.0,0.0,0.0,-0.001,0.0,1.3,0.0,-16.2,-12.8,0.0151,16.0,25903.0
2026-07-30T18:57:54.323Z,43.806,43.818,-7.4,7.4,0.0,0.0,0.0,0.0,0.0,1.0,1.0,0.0,1.0,0.0,0.0,0.0,8.0,6.0,0.0,0.0,0.0,0.0,0.0,0.0,0.0,0.0,3.0,12.0,1.0,12.06,5.0200000000000005,2.51,1.49,-2.2,0.2,2.2,301.1,-0.1,-10.9,3.5,11.6,-82.80000000000001,0.0,0.0,219.8,0.0,21.9,31.0,30.9,34.1,300.0,300.0,29.700000000000003,35.7,32.5,32.0,34.4,4.95,2.0,4.96,0.16,0.0,0.0,1027.0,8228.0,0.0,0.0,0.0,0.0,0.0,1.0,0.0,0.0,0.0,-0.001,0.0,0.8,0.0,-15.8,-12.8,0.0148,16.0,25903.0
2026-07-30T18:57:54.335Z,43.818,43.83,-7.4,7.4,0.0,0.0,0.0,0.0,0.0,1.0,1.0,0.0,1.0,0.0,0.0,0.0,8.0,6.0,0.0,0.0,0.0,0.0,0.0,0.0,0.0,0.0,4.0,12.0,1.0,12.06,5.0200000000000005,2.51,1.49,-2.3000000000000003,0.2,2.3000000000000003,301.1,-0.1,-12.0,1.7000000000000002,9.3,-82.80000000000001,0.0,0.0,219.8,0.0,21.9,31.0,30.9,34.1,300.0,300.0,29.700000000000003,35.7,32.5,32.0,34.4,4.95,2.0,4.97,0.16,0.0,0.0,1027.0,8228.0,0.0,0.0,0.0,0.0,0.0,1.0,0.0,0.0,0.0,-0.001,0.0,-0.2,0.0,-11.8,-12.8,0.0149,16.0,25903.0
2026-07-30T18:57:54.347Z,43.83,43.842,-7.4,7.4,0.0,0.0,0.0,0.0,0.0,1.0,1.0,0.0,1.0,0.0,0.0,0.0,8.0,6.0,0.0,0.0,0.0,0.0,0.0,0.0,0.0,0.0,5.0,12.0,1.0,12.06,5.0200000000000005,2.51,1.49,-2.3000000000000003,0.2,2.3000000000000003,301.0,-0.1,-12.6,3.5,9.9,-82.80000000000001,0.0,0.0,219.7,0.0,21.9,31.0,30.9,34.1,300.0,300.0,29.700000000000003,35.7,32.5,32.0,34.4,4.95,2.0,4.96,0.16,0.0,0.0,1027.0,8228.0,0.0,0.0,0.0,0.0,0.0,1.0,0.0,0.0,0.0,-0.001,0.0,1.1,0.0,-13.8,-12.8,0.0159,16.0,25903.0
2026-07-30T18:57:54.359Z,43.842,43.854,-7.4,7.4,0.0,0.0,0.0,0.0,0.0,1.0,1.0,0.0,1.0,0.0,0.0,0.0,8.0,6.0,0.0,0.0,0.0,0.0,0.0,0.0,0.0,0.0,6.0,12.0,1.0,12.06,5.0200000000000005,2.51,1.49,-2.3000000000000003,0.3,2.3000000000000003,301.1,-0.1,-12.0,2.3000000000000003,10.4,-82.80000000000001,0.0,0.0,219.7,0.0,21.9,31.0,30.9,34.1,300.0,300.0,29.700000000000003,35.7,32.5,32.0,34.4,4.95,2.0,4.96,0.16,0.0,0.0,1027.0,8228.0,0.0,0.0,0.0,0.0,0.0,1.0,0.0,0.0,0.0,-0.001,0.0,0.0,0.0,-13.6,-12.9,0.0155,16.0,25903.0
2026-07-30T18:57:54.370Z,43.853,43.866,-7.5,7.4,0.0,0.0,0.0,0.0,0.0,1.0,1.0,0.0,1.0,0.0,0.0,0.0,8.0,6.0,0.0,0.0,0.0,0.0,0.0,0.0,0.0,0.0,1.0,12.0,1.0,12.09,5.01,2.5,1.49,-2.2,0.2,2.3000000000000003,301.1,0.0,-11.4,2.9000000000000004,10.4,-82.80000000000001,0.0,0.0,219.8,0.0,22.1,31.0,31.0,34.2,300.0,300.0,29.700000000000003,35.800000000000004,32.5,32.0,34.300000000000004,4.95,2.0,4.96,0.16,0.0,0.0,1027.0,8228.0,0.0,0.0,0.0,0.0,0.0,1.0,0.0,0.0,0.0,-0.001,0.0,0.5,0.0,-14.0,-12.8,0.0156,16.0,25903.0
2026-07-30T18:57:54.382Z,43.865,43.878,-7.5,7.4,0.0,0.0,0.0,0.0,0.0,1.0,1.0,0.0,1.0,0.0,0.0,0.0,8.0,6.0,0.0,0.0,0.0,0.0,0.0,0.0,0.0,0.0,2.0,12.0,1.0,12.09,5.01,2.5,1.49,-2.3000000000000003,0.2,2.3000000000000003,301.0,0.0,-12.0,2.3000000000000003,8.700000000000001,-82.80000000000001,0.0,0.0,219.6,0.0,22.1,31.0,31.0,34.2,300.0,300.0,29.700000000000003,35.800000000000004,32.5,32.0,34.300000000000004,4.95,2.0,4.96,0.16,0.0,0.0,1027.0,8228.0,0.0,0.0,0.0,0.0,0.0,1.0,0.0,0.0,0.0,-0.001,0.0,0.3,0.0,-11.6,-12.7,0.0153,16.0,25903.0
2026-07-30T18:57:54.394Z,43.877,43.89,-7.5,7.4,0.0,0.0,0.0,0.0,0.0,1.0,1.0,0.0,1.0,0.0,0.0,0.0,8.0,6.0,0.0,0.0,0.0,0.0,0.0,0.0,0.0,0.0,3.0,12.0,1.0,12.09,5.01,2.5,1.49,-2.2,0.2,2.3000000000000003,301.1,0.0,-12.0,2.9000000000000004,10.4,-82.7,0.0,0.0,219.6,0.0,22.1,31.0,31.0,34.2,300.0,300.0,29.700000000000003,35.800000000000004,32.5,32.0,34.300000000000004,4.95,2.0,4.96,0.16,0.0,0.0,1027.0,8228.0,0.0,0.0,0.0,0.0,0.0,1.0,0.0,0.0,0.0,-0.001,0.0,0.5,0.0,-14.0,-12.7,0.0158,16.0,25903.0
2026-07-30T18:57:54.407Z,43.89,43.902,-7.4,7.4,0.0,0.0,0.0,0.0,0.0,1.0,1.0,0.0,1.0,0.0,0.0,0.0,8.0,6.0,0.0,0.0,0.0,0.0,0.0,0.0,0.0,0.0,4.0,12.0,1.0,12.09,5.01,2.5,1.49,-2.3000000000000003,0.2,2.3000000000000003,301.1,0.0,-12.6,2.3000000000000003,8.700000000000001,-82.7,0.0,0.0,219.7,0.0,22.1,31.0,31.0,34.2,300.0,300.0,29.700000000000003,35.800000000000004,32.5,32.0,34.300000000000004,4.95,2.0,4.96,0.16,0.0,0.0,1027.0,8228.0,0.0,0.0,0.0,0.0,0.0,1.0,0.0,0.0,0.0,-0.001,0.0,0.3,0.0,-11.6,-12.7,0.0153,16.0,25903.0
2026-07-30T18:57:54.419Z,43.902,43.914,-7.4,7.4,0.0,0.0,0.0,0.0,0.0,1.0,1.0,0.0,1.0,0.0,0.0,0.0,8.0,6.0,0.0,0.0,0.0,0.0,0.0,0.0,0.0,0.0,5.0,12.0,1.0,12.09,5.01,2.5,1.49,-2.4000000000000004,0.3,2.4000000000000004,301.1,0.0,-12.6,0.5,8.1,-82.7,0.0,0.0,219.8,0.0,22.1,31.0,31.0,34.2,300.0,300.0,29.700000000000003,35.800000000000004,32.5,32.0,34.300000000000004,4.95,2.0,4.96,0.16,0.0,0.0,1027.0,8228.0,0.0,0.0,0.0,0.0,0.0,1.0,0.0,0.0,0.0,-0.001,0.0,-1.0,0.0,-9.6,-12.8,0.0159,16.0,25903.0
2026-07-30T18:57:54.431Z,43.914,43.926,-7.4,7.4,0.0,0.0,0.0,0.0,0.0,1.0,1.0,0.0,1.0,0.0,0.0,0.0,8.0,6.0,0.0,0.0,0.0,0.0,0.0,0.0,0.0,0.0,6.0,12.0,1.0,12.09,5.01,2.5,1.49,-2.3000000000000003,0.3,2.4000000000000004,301.1,0.0,-12.6,0.5,9.3,-82.7,0.0,0.0,219.8,0.0,22.1,31.0,31.0,34.2,300.0,300.0,29.700000000000003,35.800000000000004,32.5,32.0,34.300000000000004,4.96,2.0,4.97,0.16,0.0,0.0,1027.0,8228.0,0.0,0.0,0.0,0.0,0.0,1.0,0.0,0.0,0.0,-0.001,0.0,-1.3,0.0,-11.0,-12.8,0.0163,16.0,25903.0
2026-07-30T18:57:54.443Z,43.926,43.938,-7.5,7.4,0.0,0.0,0.0,0.0,0.0,1.0,1.0,0.0,1.0,0.0,0.0,0.0,8.0,6.0,0.0,0.0,0.0,0.0,0.0,0.0,0.0,0.0,2.0,12.0,1.0,12.09,5.01,2.5,1.49,-2.3000000000000003,0.3,2.4000000000000004,301.0,-0.1,-12.6,1.1,8.700000000000001,-82.7,0.0,0.0,219.8,0.0,22.1,31.0,31.0,34.2,300.0,300.0,29.700000000000003,35.800000000000004,32.5,32.0,34.300000000000004,4.96,2.0,4.96,0.16,0.0,0.0,1027.0,8228.0,0.0,0.0,0.0,0.0,0.0,1.0,0.0,0.0,0.0,-0.001,0.0,-0.6000000000000001,0.0,-10.7,-12.8,0.016,16.0,25903.0
2026-07-30T18:57:54.455Z,43.938,43.95,-7.4,7.4,0.0,0.0,0.0,0.0,0.0,1.0,1.0,0.0,1.0,0.0,0.0,0.0,8.0,6.0,0.0,0.0,0.0,0.0,0.0,0.0,0.0,0.0,2.0,12.0,1.0,12.09,5.01,2.5,1.49,-2.3000000000000003,0.2,2.3000000000000003,301.1,-0.1,-12.6,2.3000000000000003,10.4,-82.7,0.0,0.0,219.8,0.0,22.1,31.0,31.0,34.2,300.0,300.0,29.700000000000003,35.800000000000004,32.5,32.0,34.300000000000004,4.95,2.0,4.96,0.16,0.0,0.0,1027.0,8228.0,0.0,0.0,0.0,0.0,0.0,1.0,0.0,0.0,0.0,-0.001,0.0,0.0,0.0,-13.6,-12.7,0.016,16.0,25903.0
2026-07-30T18:57:54.468Z,43.951,43.962,-7.4,7.4,0.0,0.0,0.0,0.0,0.0,1.0,1.0,0.0,1.0,0.0,0.0,0.0,8.0,6.0,0.0,0.0,0.0,0.0,0.0,0.0,0.0,0.0,3.0,12.0,1.0,12.06,5.01,2.5,1.5,-2.4000000000000004,0.2,2.4000000000000004,301.1,-0.1,-13.8,1.7000000000000002,8.1,-82.80000000000001,0.0,0.0,219.7,0.0,22.1,31.0,31.0,34.2,300.0,300.0,29.6,35.800000000000004,32.5,32.1,34.4,4.95,2.0,4.96,0.16,0.0,0.0,1027.0,8228.0,0.0,0.0,0.0,0.0,0.0,1.0,0.0,0.0,0.0,-0.001,0.0,0.0,0.0,-10.5,-12.8,0.0155,16.0,25903.0
2026-07-30T18:57:54.479Z,43.962,43.974,-7.4,7.4,0.0,0.0,0.0,0.0,0.0,1.0,1.0,0.0,1.0,0.0,0.0,0.0,8.0,6.0,0.0,0.0,0.0,0.0,0.0,0.0,0.0,0.0,5.0,12.0,1.0,12.06,5.01,2.5,1.5,-2.4000000000000004,0.3,2.4000000000000004,301.0,-0.1,-12.6,0.0,8.700000000000001,-82.80000000000001,0.0,0.0,219.7,0.0,22.1,31.0,31.0,34.2,300.0,300.0,29.6,35.800000000000004,32.5,32.1,34.4,4.95,2.0,4.96,0.16,0.0,0.0,1027.0,8228.0,0.0,0.0,0.0,0.0,0.0,1.0,0.0,0.0,0.0,-0.001,0.0,-1.7000000000000002,0.0,-9.9,-12.8,0.0162,16.0,25903.0
2026-07-30T18:57:54.492Z,43.975,43.986,-7.4,7.4,0.0,0.0,0.0,0.0,0.0,1.0,1.0,0.0,1.0,0.0,0.0,0.0,8.0,6.0,0.0,0.0,0.0,0.0,0.0,0.0,0.0,0.0,5.0,12.0,1.0,12.06,5.01,2.5,1.5,-2.4000000000000004,0.2,2.4000000000000004,301.0,-0.1,-12.0,1.7000000000000002,8.700000000000001,-82.80000000000001,0.0,0.0,219.6,0.0,22.1,31.0,31.0,34.2,300.0,300.0,29.6,35.800000000000004,32.5,32.1,34.4,4.95,2.0,4.97,0.16,0.0,0.0,1027.0,8228.0,0.0,0.0,0.0,0.0,0.0,1.0,0.0,0.0,0.0,-0.001,0.0,-0.1,0.0,-11.2,-12.8,0.0164,16.0,25903.0
2026-07-30T18:57:54.503Z,43.986,43.998,-7.4,7.4,0.0,0.0,0.0,0.0,0.0,1.0,1.0,0.0,1.0,0.0,0.0,0.0,8.0,6.0,0.0,0.0,0.0,0.0,0.0,0.0,0.0,0.0,5.0,12.0,1.0,12.06,5.01,2.5,1.5,-2.3000000000000003,0.3,2.4000000000000004,301.1,-0.1,-12.0,1.7000000000000002,9.3,-82.80000000000001,0.0,0.0,219.7,0.0,22.1,31.0,31.0,34.2,300.0,300.0,29.6,35.800000000000004,32.5,32.1,34.4,4.95,2.0,4.97,0.16,0.0,0.0,1027.0,8228.0,0.0,0.0,0.0,0.0,0.0,1.0,0.0,0.0,0.0,-0.001,0.0,-0.2,0.0,-11.8,-12.8,0.0162,16.0,25903.0
2026-07-30T18:57:54.514Z,43.997,44.01,-7.4,7.4,0.0,0.0,0.0,0.0,0.0,1.0,1.0,0.0,1.0,0.0,0.0,0.0,8.0,6.0,0.0,0.0,0.0,0.0,0.0,0.0,0.0,0.0,6.0,12.0,1.0,12.06,5.01,2.5,1.5,-2.4000000000000004,0.3,2.4000000000000004,301.0,-0.1,-12.0,1.1,8.700000000000001,-82.80000000000001,0.0,0.0,219.7,0.0,22.1,31.0,31.0,34.2,300.0,300.0,29.6,35.800000000000004,32.5,32.1,34.4,4.96,2.0,4.97,0.16,0.0,0.0,1027.0,8228.0,0.0,0.0,0.0,0.0,0.0,1.0,0.0,0.0,0.0,-0.001,0.0,-0.6000000000000001,0.0,-10.8,-12.8,0.0161,16.0,25903.0
2026-07-30T18:57:54.527Z,44.01,44.022,-7.4,7.4,0.0,0.0,0.0,0.0,0.0,1.0,1.0,0.0,1.0,0.0,0.0,0.0,8.0,6.0,0.0,0.0,0.0,0.0,0.0,0.0,0.0,0.0,1.0,12.0,1.0,12.06,5.01,2.5,1.5,-2.3000000000000003,0.3,2.3000000000000003,301.0,-0.1,-12.6,1.7000000000000002,9.9,-82.80000000000001,0.0,0.0,219.7,0.0,22.1,31.0,31.0,34.2,300.0,300.0,29.6,35.800000000000004,32.5,32.1,34.4,4.95,2.0,4.96,0.16,0.0,0.0,1027.0,8228.0,0.0,0.0,0.0,0.0,0.0,1.0,0.0,0.0,0.0,-0.001,0.0,-0.3,0.0,-12.5,-12.9,0.0164,16.0,25903.0
2026-07-30T18:57:54.539Z,44.022,44.034,-7.5,7.4,0.0,0.0,0.0,0.0,0.0,1.0,1.0,0.0,1.0,0.0,0.0,0.0,8.0,6.0,0.0,0.0,0.0,0.0,0.0,0.0,0.0,0.0,2.0,12.0,1.0,12.06,5.01,2.5,1.5,-2.2,0.2,2.3000000000000003,301.1,-0.1,-12.0,2.9000000000000004,11.6,-82.80000000000001,0.0,0.0,219.7,0.0,22.1,31.0,31.0,34.2,300.0,300.0,29.6,35.800000000000004,32.5,32.1,34.4,4.95,2.0,4.96,0.16,0.0,0.0,1027.0,8228.0,0.0,0.0,0.0,0.0,0.0,1.0,0.0,0.0,0.0,-0.001,0.0,0.3,0.0,-15.4,-12.8,0.0159,16.0,25903.0
2026-07-30T18:57:54.551Z,44.034,44.046,-7.5,7.4,0.0,0.0,0.0,0.0,0.0,1.0,1.0,0.0,1.0,0.0,0.0,0.0,8.0,6.0,0.0,0.0,0.0,0.0,0.0,0.0,0.0,0.0,3.0,12.0,1.0,12.06,5.01,2.5,1.5,-2.2,0.2,2.2,300.90000000000003,-0.1,-10.9,4.0,12.2,-82.80000000000001,0.0,0.0,219.7,0.0,22.1,31.0,31.0,34.2,300.0,300.0,29.6,35.800000000000004,32.5,32.1,34.4,4.95,2.0,4.96,0.16,0.0,0.0,1027.0,8228.0,0.0,0.0,0.0,0.0,0.0,1.0,0.0,0.0,0.0,-0.001,0.0,1.2000000000000002,0.0,-16.900000000000002,-12.8,0.0153,16.0,25903.0
2026-07-30T18:57:54.563Z,44.046,44.058,-7.4,7.4,0.0,0.0,0.0,0.0,0.0,1.0,1.0,0.0,1.0,0.0,0.0,0.0,8.0,6.0,0.0,0.0,0.0,0.0,0.0,0.0,0.0,0.0,4.0,12.0,1.0,12.06,5.01,2.5,1.5,-2.3000000000000003,0.2,2.3000000000000003,301.1,-0.1,-11.4,3.5,9.9,-82.80000000000001,0.0,0.0,219.7,0.0,22.1,31.0,31.0,34.2,300.0,300.0,29.6,35.800000000000004,32.5,32.1,34.4,4.96,2.0,4.96,0.16,0.0,0.0,1027.0,8228.0,0.0,0.0,0.0,0.0,0.0,1.0,0.0,0.0,0.0,-0.001,0.0,1.1,0.0,-13.8,-12.8,0.015,16.0,25903.0
2026-07-30T18:57:54.574Z,44.057,44.07,-7.5,7.4,0.0,0.0,0.0,0.0,0.0,1.0,1.0,0.0,1.0,0.0,0.0,0.0,8.0,6.0,0.0,0.0,0.0,0.0,0.0,0.0,0.0,0.0,5.0,12.0,1.0,12.06,5.0200000000000005,2.51,1.49,-2.3000000000000003,0.3,2.3000000000000003,301.0,-0.1,-11.4,1.7000000000000002,10.4,-82.80000000000001,0.0,0.0,219.6,0.0,22.200000000000003,31.0,31.0,34.2,300.0,300.0,29.6,35.9,32.5,32.1,34.4,4.95,2.0,4.96,0.16,0.0,0.0,1027.0,8228.0,0.0,0.0,0.0,0.0,0.0,1.0,0.0,0.0,0.0,-0.001,0.0,-0.4,0.0,-13.2,-12.8,0.0156,16.0,25903.0
2026-07-30T18:57:54.587Z,44.07,44.082,-7.5,7.4,0.0,0.0,0.0,0.0,0.0,1.0,1.0,0.0,1.0,0.0,0.0,0.0,8.0,6.0,0.0,0.0,0.0,0.0,0.0,0.0,0.0,0.0,6.0,12.0,1.0,12.06,5.0200000000000005,2.51,1.49,-2.3000000000000003,0.2,2.3000000000000003,301.0,-0.1,-11.4,2.3000000000000003,9.9,-82.80000000000001,0.0,0.0,219.6,0.0,22.200000000000003,31.0,31.0,34.2,300.0,300.0,29.6,35.9,32.5,32.1,34.4,4.95,2.0,4.97,0.16,0.0,0.0,1027.0,8228.0,0.0,0.0,0.0,0.0,0.0,1.0,0.0,0.0,0.0,-0.001,0.0,0.1,0.0,-12.9,-12.7,0.0158,16.0,25903.0
2026-07-30T18:57:54.599Z,44.082,44.094,-7.5,7.4,0.0,0.0,0.0,0.0,0.0,1.0,1.0,0.0,1.0,0.0,0.0,0.0,8.0,6.0,0.0,0.0,0.0,0.0,0.0,0.0,0.0,0.0,1.0,12.0,1.0,12.06,5.0200000000000005,2.51,1.49,-2.3000000000000003,0.3,2.3000000000000003,301.1,-0.1,-11.4,2.3000000000000003,10.4,-82.80000000000001,0.0,0.0,219.7,0.0,22.200000000000003,31.0,31.0,34.2,300.0,300.0,29.6,35.9,32.5,32.1,34.4,4.95,2.0,4.97,0.16,0.0,0.0,1027.0,8228.0,0.0,0.0,0.0,0.0,0.0,1.0,0.0,0.0,0.0,-0.001,0.0,0.0,0.0,-13.6,-12.6,0.0156,16.0,25903.0
2026-07-30T18:57:54.611Z,44.094,44.106,-7.4,7.4,0.0,0.0,0.0,0.0,0.0,1.0,1.0,0.0,1.0,0.0,0.0,0.0,8.0,6.0,0.0,0.0,0.0,0.0,0.0,0.0,0.0,0.0,3.0,12.0,1.0,12.06,5.0200000000000005,2.51,1.49,-2.2,0.2,2.3000000000000003,301.1,-0.1,-12.0,2.9000000000000004,11.0,-82.80000000000001,0.0,0.0,219.7,0.0,22.200000000000003,31.0,31.0,34.2,300.0,300.0,29.6,35.9,32.5,32.1,34.4,4.96,2.0,4.96,0.16,0.0,0.0,1027.0,8228.0,0.0,0.0,0.0,0.0,0.0,1.0,0.0,0.0,0.0,-0.001,0.0,0.4,0.0,-14.7,-12.7,0.0155,16.0,25903.0
2026-07-30T18:57:54.623Z,44.106,44.118,-7.5,7.4,0.0,0.0,0.0,0.0,0.0,1.0,1.0,0.0,1.0,0.0,0.0,0.0,8.0,6.0,0.0,0.0,0.0,0.0,0.0,0.0,0.0,0.0,5.0,12.0,1.0,12.06,5.0200000000000005,2.51,1.49,-2.3000000000000003,0.2,2.3000000000000003,301.1,-0.1,-11.4,2.3000000000000003,9.9,-82.80000000000001,0.0,0.0,219.7,0.0,22.200000000000003,31.0,31.0,34.2,300.0,300.0,29.6,35.9,32.5,32.1,34.4,4.95,2.0,4.97,0.16,0.0,0.0,1027.0,8228.0,0.0,0.0,0.0,0.0,0.0,1.0,0.0,0.0,0.0,-0.001,0.0,0.1,0.0,-12.9,-12.8,0.0153,16.0,25903.0
2026-07-30T18:57:54.634Z,44.117,44.13,-7.5,7.4,0.0,0.0,0.0,0.0,0.0,1.0,1.0,0.0,1.0,0.0,0.0,0.0,8.0,6.0,0.0,0.0,0.0,0.0,0.0,0.0,0.0,0.0,6.0,12.0,1.0,12.06,5.0200000000000005,2.51,1.49,-2.2,0.2,2.2,301.1,-0.1,-10.9,3.5,11.6,-82.80000000000001,0.0,0.0,219.7,0.0,22.200000000000003,31.0,31.0,34.2,300.0,300.0,29.6,35.9,32.5,32.1,34.4,4.95,2.0,4.96,0.16,0.0,0.0,1027.0,8228.0,0.0,0.0,0.0,0.0,0.0,1.0,0.0,0.0,0.0,-0.001,0.0,0.8,0.0,-15.8,-12.8,0.0157,16.0,25903.0
2026-07-30T18:57:54.647Z,44.13,44.142,-7.4,7.4,0.0,0.0,0.0,0.0,0.0,1.0,1.0,0.0,1.0,0.0,0.0,0.0,8.0,6.0,0.0,0.0,0.0,0.0,0.0,0.0,0.0,0.0,1.0,12.0,1.0,12.06,5.0200000000000005,2.51,1.49,-2.3000000000000003,0.2,2.3000000000000003,301.1,-0.1,-12.0,3.5,9.3,-82.80000000000001,0.0,0.0,219.6,0.0,22.200000000000003,31.0,31.0,34.2,300.0,300.0,29.6,35.9,32.5,32.1,34.4,4.96,2.0,4.96,0.16,0.0,0.0,1027.0,8228.0,0.0,0.0,0.0,0.0,0.0,1.0,0.0,0.0,0.0,-0.001,0.0,1.3,0.0,-13.1,-12.7,0.015,16.0,25903.0
2026-07-30T18:57:54.659Z,44.142,44.154,-7.5,7.4,0.0,0.0,0.0,0.0,0.0,1.0,1.0,0.0,1.0,0.0,0.0,0.0,8.0,6.0,0.0,0.0,0.0,0.0,0.0,0.0,0.0,0.0,3.0,12.0,1.0,12.06,5.0200000000000005,2.51,1.49,-2.3000000000000003,0.2,2.3000000000000003,301.0,-0.1,-12.0,2.9000000000000004,9.3,-82.7,0.0,0.0,219.6,0.0,22.200000000000003,31.0,31.0,34.2,300.0,300.0,29.6,35.9,32.5,32.1,34.4,4.95,2.0,4.96,0.16,0.0,0.0,1027.0,8228.0,0.0,0.0,0.0,0.0,0.0,1.0,0.0,0.0,0.0,-0.001,0.0,0.8,0.0,-12.7,-12.8,0.0157,16.0,25903.0
2026-07-30T18:57:54.671Z,44.154,44.166,-7.5,7.4,0.0,0.0,0.0,0.0,0.0,1.0,1.0,0.0,1.0,0.0,0.0,0.0,8.0,6.0,0.0,0.0,0.0,0.0,0.0,0.0,0.0,0.0,4.0,12.0,1.0,12.04,5.0200000000000005,2.51,1.49,-2.2,0.3,2.2,301.1,-0.1,-11.4,2.3000000000000003,11.6,-82.7,0.0,0.0,219.6,0.0,22.1,31.0,31.0,34.2,300.0,300.0,29.5,35.7,32.6,32.1,34.5,4.96,2.0,4.97,0.16,0.0,0.0,1027.0,8228.0,0.0,0.0,0.0,0.0,0.0,1.0,0.0,0.0,0.0,-0.001,0.0,-0.1,0.0,-14.9,-12.7,0.0157,16.0,25903.0
2026-07-30T18:57:54.683Z,44.166,44.178,-7.5,7.4,0.0,0.0,0.0,0.0,0.0,1.0,1.0,0.0,1.0,0.0,0.0,0.0,8.0,6.0,0.0,0.0,0.0,0.0,0.0,0.0,0.0,0.0,5.0,12.0,1.0,12.04,5.0200000000000005,2.51,1.49,-2.3000000000000003,0.2,2.3000000000000003,301.0,-0.1,-12.0,2.9000000000000004,8.700000000000001,-82.7,0.0,0.0,219.6,0.0,22.1,31.0,31.0,34.2,300.0,300.0,29.5,35.7,32.6,32.1,34.5,4.96,2.0,4.96,0.16,0.0,0.0,1027.0,8228.0,0.0,0.0,0.0,0.0,0.0,1.0,0.0,0.0,0.0,-0.001,0.0,0.9,0.0,-12.0,-12.6,0.0161,16.0,25903.0
2026-07-30T18:57:54.695Z,44.178,44.19,-7.5,7.4,0.0,0.0,0.0,0.0,0.0,1.0,1.0,0.0,1.0,0.0,0.0,0.0,8.0,6.0,0.0,0.0,0.0,0.0,0.0,0.0,0.0,0.0,6.0,12.0,1.0,12.04,5.0200000000000005,2.51,1.49,-2.2,0.3,2.2,301.0,-0.1,-12.0,2.3000000000000003,11.0,-82.7,0.0,0.0,219.6,0.0,22.1,31.0,31.0,34.2,300.0,300.0,29.5,35.7,32.6,32.1,34.5,4.96,2.0,4.96,0.16,0.0,0.0,1027.0,8228.0,0.0,0.0,0.0,0.0,0.0,1.0,0.0,0.0,0.0,-0.001,0.0,0.0,0.0,-14.3,-12.7,0.0158,16.0,25903.0
2026-07-30T18:57:54.707Z,44.19,44.202,-7.4,7.4,0.0,0.0,0.0,0.0,0.0,1.0,1.0,0.0,1.0,0.0,0.0,0.0,8.0,6.0,0.0,0.0,0.0,0.0,0.0,0.0,0.0,0.0,2.0,12.0,1.0,12.04,5.0200000000000005,2.51,1.49,-2.3000000000000003,0.3,2.4000000000000004,301.1,0.0,-12.0,1.1,8.700000000000001,-82.7,0.0,0.0,219.6,0.0,22.1,31.0,31.0,34.2,300.0,300.0,29.5,35.7,32.6,32.1,34.5,4.95,2.0,4.97,0.16,0.0,0.0,1027.0,8228.0,0.0,0.0,0.0,0.0,0.0,1.0,0.0,0.0,0.0,-0.001,0.0,-0.6000000000000001,0.0,-10.8,-12.7,0.0154,16.0,25903.0
2026-07-30T18:57:54.719Z,44.202,44.214,-7.4,7.4,0.0,0.0,0.0,0.0,0.0,1.0,1.0,0.0,1.0,0.0,0.0,0.0,8.0,6.0,0.0,0.0,0.0,0.0,0.0,0.0,0.0,0.0,3.0,12.0,1.0,12.04,5.0200000000000005,2.51,1.49,-2.4000000000000004,0.3,2.4000000000000004,301.0,-0.1,-12.6,0.5,7.5,-82.7,0.0,0.0,219.6,0.0,22.1,31.0,31.0,34.2,300.0,300.0,29.5,35.7,32.6,32.1,34.5,4.96,2.0,4.96,0.16,0.0,0.0,1027.0,8228.0,0.0,0.0,0.0,0.0,0.0,1.0,0.0,0.0,0.0,-0.001,0.0,-0.9,0.0,-9.0,-12.8,0.0157,16.0,25903.0
2026-07-30T18:57:54.731Z,44.214,44.226,-7.4,7.4,0.0,0.0,0.0,0.0,0.0,1.0,1.0,0.0,1.0,0.0,0.0,0.0,8.0,6.0,0.0,0.0,0.0,0.0,0.0,0.0,0.0,0.0,4.0,12.0,1.0,12.04,5.0200000000000005,2.51,1.49,-2.3000000000000003,0.2,2.4000000000000004,301.0,-0.1,-12.0,1.7000000000000002,8.700000000000001,-82.7,0.0,0.0,219.6,0.0,22.1,31.0,31.0,34.2,300.0,300.0,29.5,35.7,32.6,32.1,34.5,4.96,2.0,4.96,0.16,0.0,0.0,1027.0,8228.0,0.0,0.0,0.0,0.0,0.0,1.0,0.0,0.0,0.0,-0.001,0.0,-0.1,0.0,-11.2,-12.8,0.0159,16.0,25903.0
2026-07-30T18:57:54.743Z,44.226,44.238,-7.4,7.4,0.0,0.0,0.0,0.0,0.0,1.0,1.0,0.0,1.0,0.0,0.0,0.0,8.0,6.0,0.0,0.0,0.0,0.0,0.0,0.0,0.0,0.0,6.0,12.0,1.0,12.04,5.0200000000000005,2.51,1.49,-2.4000000000000004,0.2,2.4000000000000004,301.1,-0.1,-13.2,2.3000000000000003,7.5,-82.60000000000001,0.0,0.0,219.6,0.0,22.1,31.0,31.0,34.2,300.0,300.0,29.5,35.7,32.6,32.1,34.5,4.95,2.0,4.96,0.16,0.0,0.0,1027.0,8228.0,0.0,0.0,0.0,0.0,0.0,1.0,0.0,0.0,0.0,-0.001,0.0,0.6000000000000001,0.0,-10.3,-12.8,0.0157,16.0,25903.0
2026-07-30T18:57:54.755Z,44.238,44.25,-7.5,7.4,0.0,0.0,0.0,0.0,0.0,1.0,1.0,0.0,1.0,0.0,0.0,0.0,8.0,6.0,0.0,0.0,0.0,0.0,0.0,0.0,0.0,0.0,1.0,12.0,1.0,12.04,5.0200000000000005,2.51,1.49,-2.3000000000000003,0.3,2.4000000000000004,301.0,-0.1,-12.0,1.1,8.700000000000001,-82.7,0.0,0.0,219.6,0.0,22.1,31.0,31.0,34.2,300.0,300.0,29.5,35.7,32.6,32.1,34.5,4.96,2.0,4.96,0.16,0.0,0.0,1027.0,8228.0,0.0,0.0,0.0,0.0,0.0,1.0,0.0,0.0,0.0,-0.001,0.0,-0.6000000000000001,0.0,-12.5,-12.8,0.0153,16.0,25903.0
2026-07-30T18:57:54.767Z,44.25,44.262,-7.5,7.4,0.0,0.0,0.0,0.0,0.0,1.0,1.0,0.0,1.0,0.0,0.0,0.0,8.0,6.0,0.0,0.0,0.0,0.0,0.0,0.0,0.0,0.0,2.0,12.0,1.0,12.04,5.0200000000000005,2.51,1.49,-2.4000000000000004,0.3,2.4000000000000004,301.0,-0.1,-12.6,1.1,8.1,-82.7,0.0,0.0,219.8,0.0,22.1,31.0,31.0,34.2,300.0,300.0,29.5,35.7,32.6,32.1,34.5,4.96,2.0,4.96,0.16,0.0,0.0,1027.0,8228.0,0.0,0.0,0.0,0.0,0.0,1.0,0.0,0.0,0.0,-0.001,0.0,0.0,0.0,-13.6,-12.7,0.0156,16.0,25903.0
2026-07-30T18:57:54.779Z,44.262,44.274,-7.4,7.4,0.0,0.0,0.0,0.0,0.0,1.0,1.0,0.0,1.0,0.0,0.0,0.0,8.0,6.0,0.0,0.0,0.0,0.0,0.0,0.0,0.0,0.0,5.0,12.0,1.0,12.02,5.0200000000000005,2.5,1.49,-2.4000000000000004,0.2,2.4000000000000004,300.90000000000003,-0.1,-12.0,2.9000000000000004,9.3,-82.7,0.0,0.0,219.7,0.0,22.1,31.1,31.1,34.2,300.0,300.0,29.6,35.7,32.6,32.1,34.5,4.96,2.0,4.96,0.17,0.0,0.0,1027.0,8228.0,0.0,0.0,0.0,0.0,0.0,1.0,0.0,0.0,0.0,-0.001,0.0,0.0,0.0,-10.5,-12.8,0.0154,16.0,25903.0
2026-07-30T18:57:54.791Z,44.274,44.286,-7.4,7.4,0.0,0.0,0.0,0.0,0.0,1.0,1.0,0.0,1.0,0.0,0.0,0.0,8.0,6.0,0.0,0.0,0.0,0.0,0.0,0.0,0.0,0.0,5.0,12.0,1.0,12.02,5.0200000000000005,2.5,1.49,-2.3000000000000003,0.2,2.3000000000000003,301.1,-0.1,-12.6,2.3000000000000003,9.3,-82.7,0.0,0.0,219.6,0.0,22.1,31.1,31.1,34.2,300.0,300.0,29.6,35.7,32.6,32.1,34.5,4.95,2.0,4.96,0.16,0.0,0.0,1027.0,8228.0,0.0,0.0,0.0,0.0,0.0,1.0,0.0,0.0,0.0,-0.001,0.0,1.1,0.0,-14.5,-12.8,0.0162,16.0,25903.0
2026-07-30T18:57:54.808Z,44.291,44.298,-7.4,7.4,0.0,0.0,0.0,0.0,0.0,1.0,1.0,0.0,1.0,0.0,0.0,0.0,8.0,6.0,0.0,0.0,0.0,0.0,0.0,0.0,0.0,0.0,1.0,12.0,1.0,12.02,5.0200000000000005,2.5,1.49,-2.2,0.2,2.3000000000000003,301.0,-0.1,-12.0,2.9000000000000004,11.0,-82.7,0.0,0.0,219.7,0.0,22.1,31.1,31.1,34.2,300.0,300.0,29.6,35.7,32.6,32.1,34.5,4.96,2.0,4.97,0.16,0.0,0.0,1027.0,8228.0,0.0,0.0,0.0,0.0,0.0,1.0,0.0,0.0,0.0,-0.001,0.0,0.4,0.0,-14.7,-12.8,0.0155,16.0,25903.0
2026-07-30T18:57:54.815Z,44.298,44.31,-7.5,7.4,0.0,0.0,0.0,0.0,0.0,1.0,1.0,0.0,1.0,0.0,0.0,0.0,8.0,6.0,0.0,0.0,0.0,0.0,0.0,0.0,0.0,0.0,6.0,12.0,1.0,12.02,5.0200000000000005,2.5,1.49,-2.3000000000000003,0.2,2.3000000000000003,301.1,-0.1,-11.4,2.9000000000000004,9.9,-82.7,0.0,0.0,219.7,0.0,22.1,31.1,31.1,34.2,300.0,300.0,29.6,35.7,32.6,32.1,34.5,4.96,2.0,4.97,0.16,0.0,0.0,1027.0,8228.0,0.0,0.0,0.0,0.0,0.0,1.0,0.0,0.0,0.0,-0.001,0.0,0.6000000000000001,0.0,-13.4,-12.8,0.0153,16.0,25903.0
2026-07-30T18:57:54.827Z,44.31,44.322,-7.5,7.4,0.0,0.0,0.0,0.0,0.0,1.0,1.0,0.0,1.0,0.0,0.0,0.0,8.0,6.0,0.0,0.0,0.0,0.0,0.0,0.0,0.0,0.0,1.0,12.0,1.0,12.02,5.0200000000000005,2.5,1.49,-2.3000000000000003,0.2,2.3000000000000003,301.0,-0.1,-11.4,2.9000000000000004,9.3,-82.7,0.0,0.0,219.8,0.0,22.1,31.1,31.1,34.2,300.0,300.0,29.6,35.7,32.6,32.1,34.5,4.96,2.0,4.96,0.16,0.0,0.0,1027.0,8228.0,0.0,0.0,0.0,0.0,0.0,1.0,0.0,0.0,0.0,-0.001,0.0,0.7000000000000001,0.0,-12.7,-12.7,0.0154,16.0,25903.0
2026-07-30T18:57:54.839Z,44.322,44.334,-7.5,7.4,0.0,0.0,0.0,0.0,0.0,1.0,1.0,0.0,1.0,0.0,0.0,0.0,8.0,6.0,0.0,0.0,0.0,0.0,0.0,0.0,0.0,0.0,2.0,12.0,1.0,12.02,5.0200000000000005,2.5,1.49,-2.2,0.2,2.2,301.0,-0.1,-12.0,4.0,11.0,-82.7,0.0,0.0,219.8,0.0,22.1,31.1,31.1,34.2,300.0,300.0,29.6,35.7,32.6,32.1,34.5,4.96,2.0,4.96,0.16,0.0,0.0,1027.0,8228.0,0.0,0.0,0.0,0.0,0.0,1.0,0.0,0.0,0.0,-0.001,0.0,1.4,0.0,-15.6,-12.7,0.0156,16.0,25903.0
2026-07-30T18:57:54.851Z,44.334,44.346,-7.4,7.4,0.0,0.0,0.0,0.0,0.0,1.0,1.0,0.0,1.0,0.0,0.0,0.0,8.0,6.0,0.0,0.0,0.0,0.0,0.0,0.0,0.0,0.0,4.0,12.0,1.0,12.02,5.0200000000000005,2.5,1.49,-2.3000000000000003,0.2,2.3000000000000003,301.1,-0.1,-12.0,2.9000000000000004,9.9,-82.7,0.0,0.0,219.6,0.0,22.1,31.1,31.1,34.2,300.0,300.0,29.6,35.7,32.6,32.1,34.5,4.96,2.0,4.96,0.16,0.0,0.0,1027.0,8228.0,0.0,0.0,0.0,0.0,0.0,1.0,0.0,0.0,0.0,-0.001,0.0,0.6000000000000001,0.0,-13.4,-12.8,0.015,16.0,25903.0
2026-07-30T18:57:54.863Z,44.346,44.358,-7.4,7.4,0.0,0.0,0.0,0.0,0.0,1.0,1.0,0.0,1.0,0.0,0.0,0.0,8.0,6.0,0.0,0.0,0.0,0.0,0.0,0.0,0.0,0.0,5.0,12.0,1.0,12.02,5.0200000000000005,2.5,1.49,-2.2,0.3,2.3000000000000003,301.1,-0.1,-12.0,1.7000000000000002,11.6,-82.7,0.0,0.0,219.6,0.0,22.1,31.1,31.1,34.2,300.0,300.0,29.6,35.7,32.6,32.1,34.5,4.95,2.0,4.96,0.16,0.0,0.0,1027.0,8228.0,0.0,0.0,0.0,0.0,0.0,1.0,0.0,0.0,0.0,-0.001,0.0,-0.6000000000000001,0.0,-14.5,-12.8,0.0155,16.0,25903.0
2026-07-30T18:57:54.876Z,44.359,44.37,-7.5,7.4,0.0,0.0,0.0,0.0,0.0,1.0,1.0,0.0,1.0,0.0,0.0,0.0,8.0,6.0,0.0,0.0,0.0,0.0,0.0,0.0,0.0,0.0,1.0,12.0,1.0,12.08,5.01,2.5,1.49,-2.3000000000000003,0.2,2.3000000000000003,301.0,-0.1,-11.4,2.3000000000000003,9.9,-82.7,0.0,0.0,219.7,0.0,21.9,31.1,31.1,34.300000000000004,300.0,300.0,29.6,35.800000000000004,32.6,32.1,34.5,4.95,2.0,4.96,0.16,0.0,0.0,1027.0,8228.0,0.0,0.0,0.0,0.0,0.0,1.0,0.0,0.0,0.0,-0.001,0.0,0.1,0.0,-12.9,-12.8,0.0153,16.0,25903.0
2026-07-30T18:57:54.887Z,44.37,44.382,-7.5,7.4,0.0,0.0,0.0,0.0,0.0,1.0,1.0,0.0,1.0,0.0,0.0,0.0,8.0,6.0,0.0,0.0,0.0,0.0,0.0,0.0,0.0,0.0,2.0,12.0,1.0,12.08,5.01,2.5,1.49,-2.2,0.3,2.3000000000000003,301.1,-0.1,-12.6,1.7000000000000002,11.0,-82.7,0.0,0.0,219.7,0.0,21.9,31.1,31.1,34.300000000000004,300.0,300.0,29.6,35.800000000000004,32.6,32.1,34.5,4.96,2.0,4.96,0.16,0.0,0.0,1027.0,8228.0,0.0,0.0,0.0,0.0,0.0,1.0,0.0,0.0,0.0,-0.001,0.0,-0.5,0.0,-13.9,-12.7,0.0155,16.0,25903.0
2026-07-30T18:57:54.899Z,44.382,44.394,-7.5,7.4,0.0,0.0,0.0,0.0,0.0,1.0,1.0,0.0,1.0,0.0,0.0,0.0,8.0,6.0,0.0,0.0,0.0,0.0,0.0,0.0,0.0,0.0,3.0,12.0,1.0,12.08,5.01,2.5,1.49,-2.3000000000000003,0.3,2.3000000000000003,301.1,-0.1,-12.0,1.7000000000000002,10.4,-82.7,0.0,0.0,219.8,0.0,21.9,31.1,31.1,34.300000000000004,300.0,300.0,29.6,35.800000000000004,32.6,32.1,34.5,4.95,2.0,4.96,0.16,0.0,0.0,1027.0,8228.0,0.0,0.0,0.0,0.0,0.0,1.0,0.0,0.0,0.0,-0.001,0.0,-0.5,0.0,-13.2,-12.7,0.0153,16.0,25903.0
2026-07-30T18:57:54.910Z,44.393,44.406,-7.5,7.4,0.0,0.0,0.0,0.0,0.0,1.0,1.0,0.0,1.0,0.0,0.0,0.0,8.0,6.0,0.0,0.0,0.0,0.0,0.0,0.0,0.0,0.0,5.0,12.0,1.0,12.08,5.01,2.5,1.49,-2.3000000000000003,0.3,2.3000000000000003,301.0,-0.1,-11.4,0.5,9.3,-82.7,0.0,0.0,219.8,0.0,21.9,31.1,31.1,34.300000000000004,300.0,300.0,29.6,35.800000000000004,32.6,32.1,34.5,4.95,2.0,4.97,0.16,0.0,0.0,1027.0,8228.0,0.0,0.0,0.0,0.0,0.0,1.0,0.0,0.0,0.0,-0.001,0.0,-1.3,0.0,-11.0,-12.7,0.0154,16.0,25903.0
2026-07-30T18:57:54.923Z,44.406,44.418,-7.5,7.4,0.0,0.0,0.0,0.0,0.0,1.0,1.0,0.0,1.0,0.0,0.0,0.0,8.0,6.0,0.0,0.0,0.0,0.0,0.0,0.0,0.0,0.0,6.0,12.0,1.0,12.08,5.01,2.5,1.49,-2.3000000000000003,0.3,2.3000000000000003,301.1,-0.1,-11.4,1.7000000000000002,9.3,-82.7,0.0,0.0,219.8,0.0,21.9,31.1,31.1,34.300000000000004,300.0,300.0,29.6,35.800000000000004,32.6,32.1,34.5,4.95,2.0,4.96,0.16,0.0,0.0,1027.0,8228.0,0.0,0.0,0.0,0.0,0.0,1.0,0.0,0.0,0.0,-0.001,0.0,-0.2,0.0,-11.8,-12.7,0.0158,16.0,25903.0
2026-07-30T18:57:54.935Z,44.418,44.43,-7.4,7.4,0.0,0.0,0.0,0.0,0.0,1.0,1.0,0.0,1.0,0.0,0.0,0.0,8.0,6.0,0.0,0.0,0.0,0.0,0.0,0.0,0.0,0.0,1.0,12.0,1.0,12.08,5.01,2.5,1.49,-2.4000000000000004,0.3,2.4000000000000004,301.1,-0.1,-13.8,1.1,8.1,-82.7,0.0,0.0,219.6,0.0,21.9,31.1,31.1,34.300000000000004,300.0,300.0,29.6,35.800000000000004,32.6,32.1,34.5,4.95,2.0,4.96,0.16,0.0,0.0,1027.0,8228.0,0.0,0.0,0.0,0.0,0.0,1.0,0.0,0.0,0.0,-0.001,0.0,-0.5,0.0,-10.1,-12.7,0.0157,16.0,25903.0
2026-07-30T18:57:54.948Z,44.431,44.442,-7.4,7.4,0.0,0.0,0.0,0.0,0.0,1.0,1.0,0.0,1.0,0.0,0.0,0.0,8.0,6.0,0.0,0.0,0.0,0.0,0.0,0.0,0.0,0.0,2.0,12.0,1.0,12.08,5.01,2.5,1.49,-2.3000000000000003,0.3,2.3000000000000003,301.0,-0.1,-13.8,2.3000000000000003,9.9,-82.7,0.0,0.0,219.6,0.0,21.9,31.1,31.1,34.300000000000004,300.0,300.0,29.6,35.800000000000004,32.6,32.1,34.5,4.95,2.0,4.96,0.16,0.0,0.0,1027.0,8228.0,0.0,0.0,0.0,0.0,0.0,1.0,0.0,0.0,0.0,-0.001,0.0,0.1,0.0,-12.9,-12.9,0.0163,16.0,25903.0
2026-07-30T18:57:54.959Z,44.442,44.454,-7.4,7.4,0.0,0.0,0.0,0.0,0.0,1.0,1.0,0.0,1.0,0.0,0.0,0.0,8.0,6.0,0.0,0.0,0.0,0.0,0.0,0.0,0.0,0.0,3.0,12.0,1.0,12.08,5.01,2.5,1.49,-2.4000000000000004,0.3,2.4000000000000004,301.1,-0.1,-13.8,0.5,8.700000000000001,-82.7,0.0,0.0,219.6,0.0,21.9,31.1,31.1,34.300000000000004,300.0,300.0,29.6,35.800000000000004,32.6,32.1,34.5,4.96,1.99,4.96,0.16,0.0,0.0,1027.0,8228.0,0.0,0.0,0.0,0.0,0.0,1.0,0.0,0.0,0.0,-0.001,0.0,-1.1,0.0,-10.3,-12.9,0.0157,16.0,25903.0
2026-07-30T18:57:54.970Z,44.453,44.466,-7.5,7.4,0.0,0.0,0.0,0.0,0.0,1.0,1.0,0.0,1.0,0.0,0.0,0.0,8.0,6.0,0.0,0.0,0.0,0.0,0.0,0.0,0.0,0.0,5.0,12.0,1.0,12.08,5.01,2.5,1.49,-2.4000000000000004,0.3,2.4000000000000004,301.2,-0.1,-12.0,0.5,8.700000000000001,-82.7,0.0,0.0,219.8,0.0,21.9,31.1,31.1,34.300000000000004,300.0,300.0,29.6,35.800000000000004,32.6,32.1,34.5,4.96,2.0,4.97,0.16,0.0,0.0,1027.0,8228.0,0.0,0.0,0.0,0.0,0.0,1.0,0.0,0.0,0.0,-0.001,0.0,-1.2000000000000002,0.0,-10.3,-12.8,0.0162,16.0,25903.0
2026-07-30T18:57:54.983Z,44.466,44.478,-7.4,7.4,0.0,0.0,0.0,0.0,0.0,1.0,1.0,0.0,1.0,0.0,0.0,0.0,8.0,6.0,0.0,0.0,0.0,0.0,0.0,0.0,0.0,0.0,6.0,12.0,1.0,12.05,5.0200000000000005,2.51,1.49,-2.4000000000000004,0.3,2.4000000000000004,301.0,-0.1,-13.2,0.5,8.700000000000001,-82.7,0.0,0.0,219.8,0.0,22.200000000000003,31.1,31.1,34.300000000000004,300.0,300.0,29.6,35.800000000000004,32.6,32.1,34.5,4.95,2.0,4.97,0.16,0.0,0.0,1027.0,8228.0,0.0,0.0,0.0,0.0,0.0,1.0,0.0,0.0,0.0,-0.001,0.0,-1.2000000000000002,0.0,-10.3,-12.8,0.0161,16.0,25903.0
2026-07-30T18:57:54.995Z,44.478,44.49,-7.4,7.4,0.0,0.0,0.0,0.0,0.0,1.0,1.0,0.0,1.0,0.0,0.0,0.0,8.0,6.0,0.0,0.0,0.0,0.0,0.0,0.0,0.0,0.0,2.0,12.0,1.0,12.05,5.0200000000000005,2.51,1.49,-2.3000000000000003,0.3,2.4000000000000004,301.1,-0.1,-12.0,1.1,9.3,-82.7,0.0,0.0,219.8,0.0,22.200000000000003,31.1,31.1,34.300000000000004,300.0,300.0,29.6,35.800000000000004,32.6,32.1,34.5,4.95,2.0,4.97,0.16,0.0,0.0,1027.0,8228.0,0.0,0.0,0.0,0.0,0.0,1.0,0.0,0.0,0.0,-0.001,0.0,-0.7000000000000001,0.0,-11.4,-12.8,0.0162,16.0,25903.0
2026-07-30T18:57:55.007Z,44.49,44.502,-7.5,7.4,0.0,0.0,0.0,0.0,0.0,1.0,1.0,0.0,1.0,0.0,0.0,0.0,8.0,6.0,0.0,0.0,0.0,0.0,0.0,0.0,0.0,0.0,3.0,12.0,1.0,12.05,5.0200000000000005,2.51,1.49,-2.3000000000000003,0.3,2.3000000000000003,301.1,-0.1,-12.6,1.1,11.0,-82.7,0.0,0.0,219.7,0.0,22.200000000000003,31.1,31.1,34.300000000000004,300.0,300.0,29.6,35.800000000000004,32.6,32.1,34.5,4.95,2.0,4.96,0.16,0.0,0.0,1027.0,8228.0,0.0,0.0,0.0,0.0,0.0,1.0,0.0,0.0,0.0,-0.001,0.0,-1.1,0.0,-13.4,-12.8,0.016,16.0,25903.0
2026-07-30T18:57:55.018Z,44.501,44.514,-7.5,7.4,0.0,0.0,0.0,0.0,0.0,1.0,1.0,0.0,1.0,0.0,0.0,0.0,8.0,6.0,0.0,0.0,0.0,0.0,0.0,0.0,0.0,0.0,4.0,12.0,1.0,12.05,5.0200000000000005,2.51,1.49,-2.3000000000000003,0.2,2.3000000000000003,301.0,-0.1,-12.0,1.7000000000000002,8.700000000000001,-82.7,0.0,0.0,219.8,0.0,22.200000000000003,31.1,31.1,34.300000000000004,300.0,300.0,29.6,35.800000000000004,32.6,32.1,34.5,4.95,2.0,4.96,0.16,0.0,0.0,1027.0,8228.0,0.0,0.0,0.0,0.0,0.0,1.0,0.0,0.0,0.0,-0.001,0.0,-0.1,0.0,-11.2,-12.7,0.0154,16.0,25903.0
2026-07-30T18:57:55.031Z,44.514,44.526,-7.4,7.4,0.0,0.0,0.0,0.0,0.0,1.0,1.0,0.0,1.0,0.0,0.0,0.0,8.0,6.0,0.0,0.0,0.0,0.0,0.0,0.0,0.0,0.0,5.0,12.0,1.0,12.05,5.0200000000000005,2.51,1.49,-2.2,0.2,2.2,301.1,-0.1,-12.0,2.9000000000000004,11.0,-82.7,0.0,0.0,219.8,0.0,22.200000000000003,31.1,31.1,34.300000000000004,300.0,300.0,29.6,35.800000000000004,32.6,32.1,34.5,4.95,1.99,4.96,0.16,0.0,0.0,1027.0,8228.0,0.0,0.0,0.0,0.0,0.0,1.0,0.0,0.0,0.0,-0.001,0.0,0.4,0.0,-14.7,-12.7,0.0159,16.0,25903.0
2026-07-30T18:57:55.043Z,44.526,44.538,-7.4,7.4,0.0,0.0,0.0,0.0,0.0,1.0,1.0,0.0,1.0,0.0,0.0,0.0,8.0,6.0,0.0,0.0,0.0,0.0,0.0,0.0,0.0,0.0,1.0,12.0,1.0,12.05,5.0200000000000005,2.51,1.49,-2.3000000000000003,0.2,2.3000000000000003,301.0,-0.1,-12.0,3.5,9.9,-82.7,0.0,0.0,219.7,0.0,22.200000000000003,31.1,31.1,34.300000000000004,300.0,300.0,29.6,35.800000000000004,32.6,32.1,34.5,4.96,1.99,4.97,0.16,0.0,0.0,1027.0,8228.0,0.0,0.0,0.0,0.0,0.0,1.0,0.0,0.0,0.0,-0.001,0.0,1.1,0.0,-13.8,-12.9,0.0153,16.0,25903.0
2026-07-30T18:57:55.055Z,44.538,44.55,-7.4,7.4,0.0,0.0,0.0,0.0,0.0,1.0,1.0,0.0,1.0,0.0,0.0,0.0,8.0,6.0,0.0,0.0,0.0,0.0,0.0,0.0,0.0,0.0,2.0,12.0,1.0,12.05,5.0200000000000005,2.51,1.49,-2.3000000000000003,0.2,2.3000000000000003,301.1,-0.1,-10.3,2.3000000000000003,9.9,-82.7,0.0,0.0,219.6,0.0,22.200000000000003,31.1,31.1,34.300000000000004,300.0,300.0,29.6,35.800000000000004,32.6,32.1,34.5,4.95,2.0,4.96,0.16,0.0,0.0,1027.0,8228.0,0.0,0.0,0.0,0.0,0.0,1.0,0.0,0.0,0.0,-0.001,0.0,0.1,0.0,-12.9,-12.9,0.0155,16.0,25903.0
2026-07-30T18:57:55.067Z,44.55,44.562,-7.5,7.4,0.0,0.0,0.0,0.0,0.0,1.0,1.0,0.0,1.0,0.0,0.0,0.0,8.0,6.0,0.0,0.0,0.0,0.0,0.0,0.0,0.0,0.0,3.0,12.0,1.0,12.05,5.0200000000000005,2.51,1.49,-2.2,0.2,2.3000000000000003,301.0,-0.1,-11.4,3.5,10.4,-82.7,0.0,0.0,219.6,0.0,22.200000000000003,31.1,31.1,34.300000000000004,300.0,300.0,29.6,35.800000000000004,32.6,32.1,34.5,4.95,2.0,4.97,0.16,0.0,0.0,1027.0,8228.0,0.0,0.0,0.0,0.0,0.0,1.0,0.0,0.0,0.0,-0.001,0.0,1.0,0.0,-14.5,-12.8,0.0157,16.0,25903.0
2026-07-30T18:57:55.080Z,44.563,44.574,-7.4,7.4,0.0,0.0,0.0,0.0,0.0,1.0,1.0,0.0,1.0,0.0,0.0,0.0,8.0,6.0,0.0,0.0,0.0,0.0,0.0,0.0,0.0,0.0,4.0,12.0,1.0,12.04,5.0200000000000005,2.51,1.49,-2.3000000000000003,0.2,2.3000000000000003,300.90000000000003,-0.1,-10.9,3.5,9.9,-82.7,0.0,0.0,219.6,0.0,22.1,31.1,31.1,34.300000000000004,300.0,300.0,29.6,35.800000000000004,32.7,32.1,34.5,4.96,2.0,4.97,0.16,0.0,0.0,1027.0,8228.0,0.0,0.0,0.0,0.0,0.0,1.0,0.0,0.0,0.0,-0.001,0.0,1.2000000000000002,0.0,-13.8,-12.8,0.0153,16.0,25903.0
2026-07-30T18:57:55.091Z,44.574,44.586,-7.5,7.4,0.0,0.0,0.0,0.0,0.0,1.0,1.0,0.0,1.0,0.0,0.0,0.0,8.0,6.0,0.0,0.0,0.0,0.0,0.0,0.0,0.0,0.0,5.0,12.0,1.0,12.04,5.0200000000000005,2.51,1.49,-2.3000000000000003,0.2,2.3000000000000003,301.1,-0.1,-11.4,2.3000000000000003,9.9,-82.7,0.0,0.0,219.6,0.0,22.1,31.1,31.1,34.300000000000004,300.0,300.0,29.6,35.800000000000004,32.7,32.1,34.5,4.96,2.0,4.96,0.16,0.0,0.0,1027.0,8228.0,0.0,0.0,0.0,0.0,0.0,1.0,0.0,0.0,0.0,-0.001,0.0,0.1,0.0,-12.9,-12.9,0.0156,16.0,25903.0
2026-07-30T18:57:55.103Z,44.586,44.598,-7.5,7.4,0.0,0.0,0.0,0.0,0.0,1.0,1.0,0.0,1.0,0.0,0.0,0.0,8.0,6.0,0.0,0.0,0.0,0.0,0.0,0.0,0.0,0.0,6.0,12.0,1.0,12.04,5.0200000000000005,2.51,1.49,-2.3000000000000003,0.3,2.3000000000000003,301.1,-0.1,-11.4,1.7000000000000002,9.9,-82.7,0.0,0.0,219.7,0.0,22.1,31.1,31.1,34.300000000000004,300.0,300.0,29.6,35.800000000000004,32.7,32.1,34.5,4.95,2.0,4.97,0.16,0.0,0.0,1027.0,8228.0,0.0,0.0,0.0,0.0,0.0,1.0,0.0,0.0,0.0,-0.001,0.0,-0.3,0.0,-12.5,-12.8,0.0157,16.0,25903.0
2026-07-30T18:57:55.115Z,44.598,44.61,-7.5,7.4,0.0,0.0,0.0,0.0,0.0,1.0,1.0,0.0,1.0,0.0,0.0,0.0,8.0,6.0,0.0,0.0,0.0,0.0,0.0,0.0,0.0,0.0,2.0,12.0,1.0,12.04,5.0200000000000005,2.51,1.49,-2.3000000000000003,0.2,2.3000000000000003,301.0,-0.1,-11.4,2.3000000000000003,9.3,-82.7,0.0,0.0,219.7,0.0,22.1,31.1,31.1,34.300000000000004,300.0,300.0,29.6,35.800000000000004,32.7,32.1,34.5,4.95,2.0,4.96,0.16,0.0,0.0,1027.0,8228.0,0.0,0.0,0.0,0.0,0.0,1.0,0.0,0.0,0.0,-0.001,0.0,0.2,0.0,-12.3,-12.7,0.0157,16.0,25903.0
2026-07-30T18:57:55.128Z,44.611,44.622,-7.4,7.4,0.0,0.0,0.0,0.0,0.0,1.0,1.0,0.0,1.0,0.0,0.0,0.0,8.0,6.0,0.0,0.0,0.0,0.0,0.0,0.0,0.0,0.0,3.0,12.0,1.0,12.04,5.0200000000000005,2.51,1.49,-2.3000000000000003,0.2,2.3000000000000003,301.0,-0.1,-10.9,3.5,9.3,-82.7,0.0,0.0,219.7,0.0,22.1,31.1,31.1,34.300000000000004,300.0,300.0,29.6,35.800000000000004,32.7,32.1,34.5,4.95,2.0,4.96,0.16,0.0,0.0,1027.0,8228.0,0.0,0.0,0.0,0.0,0.0,1.0,0.0,0.0,0.0,-0.001,0.0,1.2000000000000002,0.0,-13.1,-12.7,0.0157,16.0,25903.0
2026-07-30T18:57:55.139Z,44.622,44.634,-7.4,7.4,0.0,0.0,0.0,0.0,0.0,1.0,1.0,0.0,1.0,0.0,0.0,0.0,8.0,6.0,0.0,0.0,0.0,0.0,0.0,0.0,0.0,0.0,3.0,12.0,1.0,12.04,5.0200000000000005,2.51,1.49,-2.3000000000000003,0.2,2.3000000000000003,301.1,-0.1,-12.0,2.3000000000000003,8.700000000000001,-82.7,0.0,0.0,219.7,0.0,22.1,31.1,31.1,34.300000000000004,300.0,300.0,29.6,35.800000000000004,32.7,32.1,34.5,4.95,2.0,4.96,0.16,0.0,0.0,1027.0,8228.0,0.0,0.0,0.0,0.0,0.0,1.0,0.0,0.0,0.0,-0.001,0.0,0.3,0.0,-11.6,-12.8,0.0155,16.0,25903.0
2026-07-30T18:57:55.151Z,44.634,44.646,-7.5,7.4,0.0,0.0,0.0,0.0,0.0,1.0,1.0,0.0,1.0,0.0,0.0,0.0,8.0,6.0,0.0,0.0,0.0,0.0,0.0,0.0,0.0,0.0,5.0,12.0,1.0,12.04,5.0200000000000005,2.51,1.49,-2.2,0.3,2.2,300.90000000000003,-0.1,-9.7,2.3000000000000003,12.2,-82.7,0.0,0.0,219.7,0.0,22.1,31.1,31.1,34.300000000000004,300.0,300.0,29.6,35.800000000000004,32.7,32.1,34.5,4.95,2.0,4.97,0.16,0.0,0.0,1027.0,8228.0,0.0,0.0,0.0,0.0,0.0,1.0,0.0,0.0,0.0,-0.001,0.0,-0.3,0.0,-15.6,-12.8,0.0159,16.0,25903.0
2026-07-30T18:57:55.163Z,44.646,44.658,-7.5,7.4,0.0,0.0,0.0,0.0,0.0,1.0,1.0,0.0,1.0,0.0,0.0,0.0,8.0,6.0,0.0,0.0,0.0,0.0,0.0,0.0,0.0,0.0,6.0,12.0,1.0,12.04,5.0200000000000005,2.51,1.49,-2.2,0.2,2.2,301.1,-0.1,-11.4,2.9000000000000004,11.6,-82.7,0.0,0.0,219.7,0.0,22.1,31.1,31.1,34.300000000000004,300.0,300.0,29.6,35.800000000000004,32.7,32.1,34.5,4.95,1.99,4.96,0.16,0.0,0.0,1027.0,8228.0,0.0,0.0,0.0,0.0,0.0,1.0,0.0,0.0,0.0,-0.001,0.0,0.3,0.0,-15.4,-12.7,0.0149,16.0,25903.0
2026-07-30T18:57:55.174Z,44.657,44.67,-7.4,7.4,0.0,0.0,0.0,0.0,0.0,1.0,1.0,0.0,1.0,0.0,0.0,0.0,8.0,6.0,0.0,0.0,0.0,0.0,0.0,0.0,0.0,0.0,1.0,12.0,1.0,12.04,5.0200000000000005,2.51,1.49,-2.3000000000000003,0.3,2.4000000000000004,301.1,0.0,-11.4,1.7000000000000002,8.700000000000001,-82.7,0.0,0.0,219.7,0.0,22.1,31.1,31.1,34.300000000000004,300.0,300.0,29.6,35.800000000000004,32.7,32.1,34.5,4.96,2.0,4.96,0.16,0.0,0.0,1027.0,8228.0,0.0,0.0,0.0,0.0,0.0,1.0,0.0,0.0,0.0,-0.001,0.0,-0.1,0.0,-11.2,-12.7,0.015,16.0,25903.0
2026-07-30T18:57:55.186Z,44.669,44.682,-7.4,7.4,0.0,0.0,0.0,0.0,0.0,1.0,1.0,0.0,1.0,0.0,0.0,0.0,8.0,6.0,0.0,0.0,0.0,0.0,0.0,0.0,0.0,0.0,2.0,12.0,1.0,12.09,5.01,2.5,1.49,-2.3000000000000003,0.3,2.4000000000000004,301.0,0.0,-12.6,1.1,9.3,-82.7,0.0,0.0,219.7,0.0,22.1,31.1,31.1,34.300000000000004,300.0,300.0,29.6,35.7,32.7,32.1,34.6,4.95,2.0,4.96,0.16,0.0,0.0,1027.0,8228.0,0.0,0.0,0.0,0.0,0.0,1.0,0.0,0.0,0.0,-0.001,0.0,-0.7000000000000001,0.0,-11.4,-12.8,0.0158,16.0,25903.0
2026-07-30T18:57:55.199Z,44.682,44.694,-7.4,7.4,0.0,0.0,0.0,0.0,0.0,1.0,1.0,0.0,1.0,0.0,0.0,0.0,8.0,6.0,0.0,0.0,0.0,0.0,0.0,0.0,0.0,0.0,3.0,12.0,1.0,12.09,5.01,2.5,1.49,-2.4000000000000004,0.2,2.4000000000000004,301.1,0.0,-12.6,1.7000000000000002,7.5,-82.7,0.0,0.0,219.6,0.0,22.1,31.1,31.1,34.300000000000004,300.0,300.0,29.6,35.7,32.7,32.1,34.6,4.96,2.0,4.96,0.16,0.0,0.0,1027.0,8228.0,0.0,0.0,0.0,0.0,0.0,1.0,0.0,0.0,0.0,-0.001,0.0,0.0,0.0,-9.8,-12.9,0.0161,16.0,25903.0
2026-07-30T18:57:55.211Z,44.694,44.706,-7.4,7.4,0.0,0.0,0.0,0.0,0.0,1.0,1.0,0.0,1.0,0.0,0.0,0.0,8.0,6.0,0.0,0.0,0.0,0.0,0.0,0.0,0.0,0.0,5.0,12.0,1.0,12.09,5.01,2.5,1.49,-2.4000000000000004,0.2,2.4000000000000004,301.1,0.0,-12.6,2.3000000000000003,8.1,-82.7,0.0,0.0,219.6,0.0,22.1,31.1,31.1,34.300000000000004,300.0,300.0,29.6,35.7,32.7,32.1,34.6,4.96,2.0,4.96,0.16,0.0,0.0,1027.0,8228.0,0.0,0.0,0.0,0.0,0.0,1.0,0.0,0.0,0.0,-0.001,0.0,0.5,0.0,-10.9,-12.8,0.0157,16.0,25903.0
2026-07-30T18:57:55.222Z,44.705,44.718,-7.4,7.4,0.0,0.0,0.0,0.0,0.0,1.0,1.0,0.0,1.0,0.0,0.0,0.0,8.0,6.0,0.0,0.0,0.0,0.0,0.0,0.0,0.0,0.0,6.0,12.0,1.0,12.09,5.01,2.5,1.49,-2.3000000000000003,0.3,2.4000000000000004,301.0,0.0,-12.6,1.7000000000000002,9.3,-82.7,0.0,0.0,219.8,0.0,22.1,31.1,31.1,34.300000000000004,300.0,300.0,29.6,35.7,32.7,32.1,34.6,4.95,2.0,4.96,0.16,0.0,0.0,1027.0,8228.0,0.0,0.0,0.0,0.0,0.0,1.0,0.0,0.0,0.0,-0.001,0.0,-0.2,0.0,-11.8,-12.8,0.0158,16.0,25903.0
2026-07-30T18:57:55.235Z,44.718,44.73,-7.4,7.4,0.0,0.0,0.0,0.0,0.0,1.0,1.0,0.0,1.0,0.0,0.0,0.0,8.0,6.0,0.0,0.0,0.0,0.0,0.0,0.0,0.0,0.0,1.0,12.0,1.0,12.09,5.01,2.5,1.49,-2.4000000000000004,0.3,2.4000000000000004,301.1,0.0,-13.2,0.5,8.700000000000001,-82.7,0.0,0.0,219.8,0.0,22.1,31.1,31.1,34.300000000000004,300.0,300.0,29.6,35.7,32.7,32.1,34.6,4.95,2.0,4.97,0.16,0.0,0.0,1027.0,8228.0,0.0,0.0,0.0,0.0,0.0,1.0,0.0,0.0,0.0,-0.001,0.0,-1.2000000000000002,0.0,-10.3,-12.9,0.0161,16.0,25903.0
2026-07-30T18:57:55.248Z,44.731,44.742,-7.5,7.4,0.0,0.0,0.0,0.0,0.0,1.0,1.0,0.0,1.0,0.0,0.0,0.0,8.0,6.0,0.0,0.0,0.0,0.0,0.0,0.0,0.0,0.0,3.0,12.0,1.0,12.09,5.01,2.5,1.49,-2.3000000000000003,0.3,2.3000000000000003,301.2,-0.1,-12.6,1.7000000000000002,9.9,-82.80000000000001,0.0,0.0,219.8,0.0,22.1,31.1,31.1,34.300000000000004,300.0,300.0,29.6,35.7,32.7,32.1,34.6,4.95,2.0,4.96,0.16,0.0,0.0,1027.0,8228.0,0.0,0.0,0.0,0.0,0.0,1.0,0.0,0.0,0.0,-0.001,0.0,-0.3,0.0,-12.5,-12.8,0.0156,16.0,25903.0
2026-07-30T18:57:55.259Z,44.742,44.754,-7.5,7.4,0.0,0.0,0.0,0.0,0.0,1.0,1.0,0.0,1.0,0.0,0.0,0.0,8.0,6.0,0.0,0.0,0.0,0.0,0.0,0.0,0.0,0.0,3.0,12.0,1.0,12.09,5.01,2.5,1.49,-2.4000000000000004,0.3,2.4000000000000004,301.1,-0.1,-13.2,0.5,8.1,-82.7,0.0,0.0,219.7,0.0,22.1,31.1,31.1,34.300000000000004,300.0,300.0,29.6,35.7,32.7,32.1,34.6,4.95,2.0,4.97,0.17,0.0,0.0,1027.0,8228.0,0.0,0.0,0.0,0.0,0.0,1.0,0.0,0.0,0.0,-0.001,0.0,-1.0,0.0,-9.7,-12.6,0.0156,16.0,25903.0
2026-07-30T18:57:55.271Z,44.754,44.766,-7.4,7.4,0.0,0.0,0.0,0.0,0.0,1.0,1.0,0.0,1.0,0.0,0.0,0.0,8.0,6.0,0.0,0.0,0.0,0.0,0.0,0.0,0.0,0.0,4.0,12.0,1.0,12.09,5.01,2.5,1.49,-2.4000000000000004,0.3,2.4000000000000004,301.1,-0.1,-13.2,1.1,8.1,-82.7,0.0,0.0,219.7,0.0,22.1,31.1,31.1,34.300000000000004,300.0,300.0,29.6,35.7,32.7,32.1,34.6,4.95,2.0,4.97,0.16,0.0,0.0,1027.0,8228.0,0.0,0.0,0.0,0.0,0.0,1.0,0.0,0.0,0.0,-0.001,0.0,0.8,0.0,-15.8,-12.7,0.0153,16.0,25903.0
2026-07-30T18:57:55.284Z,44.767,44.778,-7.4,7.4,0.0,0.0,0.0,0.0,0.0,1.0,1.0,0.0,1.0,0.0,0.0,0.0,8.0,6.0,0.0,0.0,0.0,0.0,0.0,0.0,0.0,0.0,5.0,12.0,1.0,12.05,5.01,2.51,1.49,-2.3000000000000003,0.3,2.4000000000000004,300.90000000000003,-0.1,-12.6,1.1,9.3,-82.7,0.0,0.0,219.7,0.0,22.1,31.200000000000003,31.200000000000003,34.4,300.0,300.0,29.6,35.6,32.7,32.2,34.6,4.95,2.0,4.96,0.16,0.0,0.0,1027.0,8228.0,0.0,0.0,0.0,0.0,0.0,1.0,0.0,0.0,0.0,-0.001,0.0,1.3,0.0,-13.1,-12.8,0.015,16.0,25903.0
2026-07-30T18:57:55.295Z,44.778,44.79,-7.5,7.4,0.0,0.0,0.0,0.0,0.0,1.0,1.0,0.0,1.0,0.0,0.0,0.0,8.0,6.0,0.0,0.0,0.0,0.0,0.0,0.0,0.0,0.0,6.0,12.0,1.0,12.05,5.01,2.51,1.49,-2.3000000000000003,0.2,2.3000000000000003,301.1,-0.1,-11.4,1.7000000000000002,10.4,-82.7,0.0,0.0,219.7,0.0,22.1,31.200000000000003,31.200000000000003,34.4,300.0,300.0,29.6,35.6,32.7,32.2,34.6,4.95,2.0,4.96,0.16,0.0,0.0,1027.0,8228.0,0.0,0.0,0.0,0.0,0.0,1.0,0.0,0.0,0.0,-0.001,0.0,0.2,0.0,-12.3,-12.8,0.0156,16.0,25903.0
2026-07-30T18:57:55.307Z,44.79,44.802,-7.5,7.4,0.0,0.0,0.0,0.0,0.0,1.0,1.0,0.0,1.0,0.0,0.0,0.0,8.0,6.0,0.0,0.0,0.0,0.0,0.0,0.0,0.0,0.0,1.0,12.0,1.0,12.05,5.01,2.51,1.49,-2.2,0.2,2.3000000000000003,301.0,-0.1,-10.9,2.3000000000000003,10.4,-82.7,0.0,0.0,219.7,0.0,22.1,31.200000000000003,31.200000000000003,34.4,300.0,300.0,29.6,35.6,32.7,32.2,34.6,4.95,2.0,4.97,0.16,0.0,0.0,1027.0,8228.0,0.0,0.0,0.0,0.0,0.0,1.0,0.0,0.0,0.0,-0.001,0.0,1.2000000000000002,0.0,-13.1,-12.7,0.0156,16.0,25903.0
2026-07-30T18:57:55.319Z,44.802,44.814,-7.4,7.4,0.0,0.0,0.0,0.0,0.0,1.0,1.0,0.0,1.0,0.0,0.0,0.0,8.0,6.0,0.0,0.0,0.0,0.0,0.0,0.0,0.0,0.0,2.0,12.0,1.0,12.05,5.01,2.51,1.49,-2.2,0.2,2.2,301.0,-0.1,-10.9,3.5,11.6,-82.7,0.0,0.0,219.7,0.0,22.1,31.200000000000003,31.200000000000003,34.4,300.0,300.0,29.6,35.6,32.7,32.2,34.6,4.96,2.0,4.97,0.16,0.0,0.0,1027.0,8228.0,0.0,0.0,0.0,0.0,0.0,1.0,0.0,0.0,0.0,-0.001,0.0,0.8,0.0,-15.8,-12.7,0.0153,16.0,25903.0
2026-07-30T18:57:55.331Z,44.814,44.826,-7.4,7.4,0.0,0.0,0.0,0.0,0.0,1.0,1.0,0.0,1.0,0.0,0.0,0.0,8.0,6.0,0.0,0.0,0.0,0.0,0.0,0.0,0.0,0.0,3.0,12.0,1.0,12.05,5.01,2.51,1.49,-2.3000000000000003,0.2,2.3000000000000003,301.1,-0.1,-10.9,2.9000000000000004,9.9,-82.7,0.0,0.0,219.8,0.0,22.1,31.200000000000003,31.200000000000003,34.4,300.0,300.0,29.6,35.6,32.7,32.2,34.6,4.96,2.0,4.96,0.16,0.0,0.0,1027.0,8228.0,0.0,0.0,0.0,0.0,0.0,1.0,0.0,0.0,0.0,-0.001,0.0,0.6000000000000001,0.0,-13.4,-12.8,0.0148,16.0,25903.0
2026-07-30T18:57:55.343Z,44.826,44.838,-7.4,7.4,0.0,0.0,0.0,0.0,0.0,1.0,1.0,0.0,1.0,0.0,0.0,0.0,8.0,6.0,0.0,0.0,0.0,0.0,0.0,0.0,0.0,0.0,4.0,12.0,1.0,12.05,5.01,2.51,1.49,-2.2,0.2,2.2,301.1,-0.1,-11.4,2.9000000000000004,11.0,-82.7,0.0,0.0,219.8,0.0,22.1,31.200000000000003,31.200000000000003,34.4,300.0,300.0,29.6,35.6,32.7,32.2,34.6,4.95,2.0,4.96,0.16,0.0,0.0,1027.0,8228.0,0.0,0.0,0.0,0.0,0.0,1.0,0.0,0.0,0.0,-0.001,0.0,0.4,0.0,-14.7,-12.8,0.0154,16.0,25903.0
2026-07-30T18:57:55.355Z,44.838,44.85,-7.4,7.4,0.0,0.0,0.0,0.0,0.0,1.0,1.0,0.0,1.0,0.0,0.0,0.0,8.0,6.0,0.0,0.0,0.0,0.0,0.0,0.0,0.0,0.0,5.0,12.0,1.0,12.05,5.01,2.51,1.49,-2.2,0.2,2.3000000000000003,301.0,-0.1,-12.0,2.3000000000000003,11.0,-82.7,0.0,0.0,219.8,0.0,22.1,31.200000000000003,31.200000000000003,34.4,300.0,300.0,29.6,35.6,32.7,32.2,34.6,4.95,2.0,4.96,0.16,0.0,0.0,1027.0,8228.0,0.0,0.0,0.0,0.0,0.0,1.0,0.0,0.0,0.0,-0.001,0.0,-0.1,0.0,-14.3,-12.8,0.0151,16.0,25903.0
2026-07-30T18:57:55.367Z,44.85,44.862,-7.5,7.4,0.0,0.0,0.0,0.0,0.0,1.0,1.0,0.0,1.0,0.0,0.0,0.0,8.0,6.0,0.0,0.0,0.0,0.0,0.0,0.0,0.0,0.0,1.0,12.0,1.0,12.05,5.01,2.51,1.49,-2.2,0.2,2.2,300.90000000000003,-0.1,-10.9,3.5,10.4,-82.7,0.0,0.0,219.7,0.0,22.1,31.200000000000003,31.200000000000003,34.4,300.0,300.0,29.6,35.6,32.7,32.2,34.6,4.95,2.0,4.96,0.16,0.0,0.0,1027.0,8228.0,0.0,0.0,0.0,0.0,0.0,1.0,0.0,0.0,0.0,-0.001,0.0,1.0,0.0,-14.5,-12.8,0.0153,16.0,25903.0
2026-07-30T18:57:55.378Z,44.861,44.874,-7.5,7.4,0.0,0.0,0.0,0.0,0.0,1.0,1.0,0.0,1.0,0.0,0.0,0.0,8.0,6.0,0.0,0.0,0.0,0.0,0.0,0.0,0.0,0.0,2.0,12.0,1.0,12.05,5.01,2.51,1.49,-2.3000000000000003,0.3,2.3000000000000003,301.0,-0.1,-12.0,1.7000000000000002,9.3,-82.7,0.0,0.0,219.7,0.0,22.1,31.200000000000003,31.200000000000003,34.4,300.0,300.0,29.6,35.6,32.7,32.2,34.6,4.95,2.0,4.96,0.16,0.0,0.0,1027.0,8228.0,0.0,0.0,0.0,0.0,0.0,1.0,0.0,0.0,0.0,-0.001,0.0,-0.2,0.0,-11.8,-12.7,0.0152,16.0,25903.0
2026-07-30T18:57:55.390Z,44.873,44.886,-7.4,7.4,0.0,0.0,0.0,0.0,0.0,1.0,1.0,0.0,1.0,0.0,0.0,0.0,8.0,6.0,0.0,0.0,0.0,0.0,0.0,0.0,0.0,0.0,3.0,12.0,1.0,12.06,5.01,2.5,1.49,-2.3000000000000003,0.3,2.3000000000000003,301.1,-0.1,-11.4,1.1,10.4,-82.7,0.0,0.0,219.8,0.0,22.1,31.200000000000003,31.200000000000003,34.4,300.0,300.0,29.700000000000003,35.800000000000004,32.6,32.2,34.6,4.95,2.0,4.96,0.16,0.0,0.0,1027.0,8228.0,0.0,0.0,0.0,0.0,0.0,1.0,0.0,0.0,0.0,-0.001,0.0,-1.0,0.0,-12.7,-12.7,0.0158,16.0,25903.0
2026-07-30T18:57:55.403Z,44.886,44.898,-7.4,7.4,0.0,0.0,0.0,0.0,0.0,1.0,1.0,0.0,1.0,0.0,0.0,0.0,8.0,6.0,0.0,0.0,0.0,0.0,0.0,0.0,0.0,0.0,4.0,12.0,1.0,12.06,5.01,2.5,1.49,-2.3000000000000003,0.3,2.3000000000000003,301.0,-0.1,-11.4,1.1,10.4,-82.7,0.0,0.0,219.7,0.0,22.1,31.200000000000003,31.200000000000003,34.4,300.0,300.0,29.700000000000003,35.800000000000004,32.6,32.2,34.6,4.95,2.0,4.96,0.16,0.0,0.0,1027.0,8228.0,0.0,0.0,0.0,0.0,0.0,1.0,0.0,0.0,0.0,-0.001,0.0,-1.0,0.0,-12.8,-12.8,0.0156,16.0,25903.0
2026-07-30T18:57:55.415Z,44.898,44.91,-7.4,7.4,0.0,0.0,0.0,0.0,0.0,1.0,1.0,0.0,1.0,0.0,0.0,0.0,8.0,6.0,0.0,0.0,0.0,0.0,0.0,0.0,0.0,0.0,5.0,12.0,1.0,12.06,5.01,2.5,1.49,-2.3000000000000003,0.2,2.3000000000000003,301.1,-0.1,-12.6,2.3000000000000003,9.3,-82.7,0.0,0.0,219.6,0.0,22.1,31.200000000000003,31.200000000000003,34.4,300.0,300.0,29.700000000000003,35.800000000000004,32.6,32.2,34.6,4.95,2.0,4.96,0.16,0.0,0.0,1027.0,8228.0,0.0,0.0,0.0,0.0,0.0,1.0,0.0,0.0,0.0,-0.001,0.0,0.2,0.0,-12.3,-12.8,0.0157,16.0,25903.0
2026-07-30T18:57:55.427Z,44.91,44.922,-7.4,7.4,0.0,0.0,0.0,0.0,0.0,1.0,1.0,0.0,1.0,0.0,0.0,0.0,8.0,6.0,0.0,0.0,0.0,0.0,0.0,0.0,0.0,0.0,6.0,12.0,1.0,12.06,5.01,2.5,1.49,-2.3000000000000003,0.3,2.4000000000000004,301.1,-0.1,-12.6,1.7000000000000002,8.700000000000001,-82.7,0.0,0.0,219.7,0.0,22.1,31.200000000000003,31.200000000000003,34.4,300.0,300.0,29.700000000000003,35.800000000000004,32.6,32.2,34.6,4.96,2.0,4.96,0.17,0.0,0.0,1027.0,8228.0,0.0,0.0,0.0,0.0,0.0,1.0,0.0,0.0,0.0,-0.001,0.0,-0.1,0.0,-11.2,-12.8,0.0158,16.0,25903.0
2026-07-30T18:57:55.439Z,44.922,44.934,-7.5,7.4,0.0,0.0,0.0,0.0,0.0,1.0,1.0,0.0,1.0,0.0,0.0,0.0,8.0,6.0,0.0,0.0,0.0,0.0,0.0,0.0,0.0,0.0,2.0,12.0,1.0,12.06,5.01,2.5,1.49,-2.4000000000000004,0.3,2.4000000000000004,300.90000000000003,-0.1,-12.0,0.5,8.700000000000001,-82.7,0.0,0.0,219.7,0.0,22.1,31.200000000000003,31.200000000000003,34.4,300.0,300.0,29.700000000000003,35.800000000000004,32.6,32.2,34.6,4.95,2.0,4.96,0.17,0.0,0.0,1027.0,8228.0,0.0,0.0,0.0,0.0,0.0,1.0,0.0,0.0,0.0,-0.001,0.0,-1.1,0.0,-10.3,-12.8,0.016,16.0,25903.0
2026-07-30T18:57:55.451Z,44.934,44.946,-7.5,7.4,0.0,0.0,0.0,0.0,0.0,1.0,1.0,0.0,1.0,0.0,0.0,0.0,8.0,6.0,0.0,0.0,0.0,0.0,0.0,0.0,0.0,0.0,2.0,12.0,1.0,12.06,5.01,2.5,1.49,-2.4000000000000004,0.3,2.4000000000000004,301.1,-0.1,-12.6,0.5,8.700000000000001,-82.7,0.0,0.0,219.8,0.0,22.1,31.200000000000003,31.200000000000003,34.4,300.0,300.0,29.700000000000003,35.800000000000004,32.6,32.2,34.6,4.95,2.0,4.97,0.16,0.0,0.0,1027.0,8228.0,0.0,0.0,0.0,0.0,0.0,1.0,0.0,0.0,0.0,-0.001,0.0,-1.2000000000000002,0.0,-10.3,-12.8,0.0161,16.0,25903.0
2026-07-30T18:57:55.463Z,44.946,44.958,-7.4,7.4,0.0,0.0,0.0,0.0,0.0,1.0,1.0,0.0,1.0,0.0,0.0,0.0,8.0,6.0,0.0,0.0,0.0,0.0,0.0,0.0,0.0,0.0,2.0,12.0,1.0,12.06,5.01,2.5,1.49,-2.3000000000000003,0.3,2.3000000000000003,301.1,-0.1,-12.6,1.7000000000000002,9.9,-82.7,0.0,0.0,219.7,0.0,22.1,31.200000000000003,31.200000000000003,34.4,300.0,300.0,29.700000000000003,35.800000000000004,32.6,32.2,34.6,4.95,2.0,4.97,0.16,0.0,0.0,1027.0,8228.0,0.0,0.0,0.0,0.0,0.0,1.0,0.0,0.0,0.0,-0.001,0.0,-0.3,0.0,-12.5,-12.7,0.0161,16.0,25903.0
2026-07-30T18:57:55.475Z,44.958,44.97,-7.5,7.4,0.0,0.0,0.0,0.0,0.0,1.0,1.0,0.0,1.0,0.0,0.0,0.0,8.0,6.0,0.0,0.0,0.0,0.0,0.0,0.0,0.0,0.0,3.0,12.0,1.0,12.06,5.01,2.5,1.49,-2.4000000000000004,0.3,2.4000000000000004,301.0,-0.1,-12.6,1.7000000000000002,8.1,-82.7,0.0,0.0,219.7,0.0,22.1,31.200000000000003,31.200000000000003,34.4,300.0,300.0,29.700000000000003,35.800000000000004,32.6,32.2,34.6,4.95,2.0,4.96,0.16,0.0,0.0,1027.0,8228.0,0.0,0.0,0.0,0.0,0.0,1.0,0.0,0.0,0.0,-0.001,0.0,0.0,0.0,-10.5,-12.8,0.0157,16.0,25903.0
2026-07-30T18:57:55.488Z,44.971,44.982,-7.5,7.4,0.0,0.0,0.0,0.0,0.0,1.0,1.0,0.0,1.0,0.0,0.0,0.0,8.0,6.0,0.0,0.0,0.0,0.0,0.0,0.0,0.0,0.0,4.0,12.0,1.0,12.06,5.01,2.51,1.49,-2.3000000000000003,0.3,2.3000000000000003,301.0,-0.1,-12.0,1.1,10.4,-82.7,0.0,0.0,219.6,0.0,22.1,31.200000000000003,31.200000000000003,34.4,300.0,300.0,29.700000000000003,35.800000000000004,32.7,32.2,34.6,4.96,2.0,4.96,0.16,0.0,0.0,1027.0,8228.0,0.0,0.0,0.0,0.0,0.0,1.0,0.0,0.0,0.0,-0.001,0.0,-0.9,0.0,-12.8,-12.8,0.0161,16.0,25903.0
2026-07-30T18:57:55.498Z,44.981,44.994,-7.4,7.4,0.0,0.0,0.0,0.0,0.0,1.0,1.0,0.0,1.0,0.0,0.0,0.0,8.0,6.0,0.0,0.0,0.0,0.0,0.0,0.0,0.0,0.0,5.0,12.0,1.0,12.06,5.01,2.51,1.49,-2.3000000000000003,0.3,2.3000000000000003,301.1,-0.1,-13.2,1.1,10.4,-82.7,0.0,0.0,219.8,0.0,22.1,31.200000000000003,31.200000000000003,34.4,300.0,300.0,29.700000000000003,35.800000000000004,32.7,32.2,34.6,4.96,2.0,4.96,0.15,0.0,0.0,1027.0,8228.0,0.0,0.0,0.0,0.0,0.0,1.0,0.0,0.0,0.0,-0.001,0.0,-1.0,0.0,-12.7,-12.7,0.0155,16.0,25903.0
2026-07-30T18:57:55.510Z,44.993,45.006,-7.4,7.4,0.0,0.0,0.0,0.0,0.0,1.0,1.0,0.0,1.0,0.0,0.0,0.0,8.0,6.0,0.0,0.0,0.0,0.0,0.0,0.0,0.0,0.0,6.0,12.0,1.0,12.06,5.01,2.51,1.49,-2.2,0.2,2.2,301.0,-0.1,-12.0,2.9000000000000004,11.0,-82.7,0.0,0.0,219.6,0.0,22.1,31.200000000000003,31.200000000000003,34.4,300.0,300.0,29.700000000000003,35.800000000000004,32.7,32.2,34.6,4.95,2.0,4.96,0.16,0.0,0.0,1027.0,8228.0,0.0,0.0,0.0,0.0,0.0,1.0,0.0,0.0,0.0,-0.001,0.0,0.4,0.0,-14.7,-12.8,0.0157,16.0,25903.0
2026-07-30T18:57:55.523Z,45.006,45.018,-7.4,7.4,0.0,0.0,0.0,0.0,0.0,1.0,1.0,0.0,1.0,0.0,0.0,0.0,8.0,6.0,0.0,0.0,0.0,0.0,0.0,0.0,0.0,0.0,1.0,12.0,1.0,12.06,5.01,2.51,1.49,-2.3000000000000003,0.3,2.3000000000000003,301.1,-0.1,-12.0,1.7000000000000002,9.9,-82.7,0.0,0.0,219.7,0.0,22.1,31.200000000000003,31.200000000000003,34.4,300.0,300.0,29.700000000000003,35.800000000000004,32.7,32.2,34.6,4.95,2.0,4.96,0.16,0.0,0.0,1027.0,8228.0,0.0,0.0,0.0,0.0,0.0,1.0,0.0,0.0,0.0,-0.001,0.0,-0.3,0.0,-12.5,-12.8,0.0153,16.0,25903.0
2026-07-30T18:57:55.535Z,45.018,45.03,-7.4,7.4,0.0,0.0,0.0,0.0,0.0,1.0,1.0,0.0,1.0,0.0,0.0,0.0,8.0,6.0,0.0,0.0,0.0,0.0,0.0,0.0,0.0,0.0,2.0,12.0,1.0,12.06,5.01,2.51,1.49,-2.2,0.2,2.2,301.1,-0.1,-11.4,2.3000000000000003,11.6,-82.7,0.0,0.0,219.8,0.0,22.1,31.200000000000003,31.200000000000003,34.4,300.0,300.0,29.700000000000003,35.800000000000004,32.7,32.2,34.6,4.95,2.0,4.96,0.16,0.0,0.0,1027.0,8228.0,0.0,0.0,0.0,0.0,0.0,1.0,0.0,0.0,0.0,-0.001,0.0,-0.2,0.0,-14.9,-12.8,0.0157,16.0,25903.0
2026-07-30T18:57:55.547Z,45.03,45.042,-7.5,7.4,0.0,0.0,0.0,0.0,0.0,1.0,1.0,0.0,1.0,0.0,0.0,0.0,8.0,6.0,0.0,0.0,0.0,0.0,0.0,0.0,0.0,0.0,4.0,12.0,1.0,12.06,5.01,2.51,1.49,-2.3000000000000003,0.2,2.3000000000000003,301.1,-0.1,-11.4,2.9000000000000004,9.9,-82.7,0.0,0.0,219.9,0.0,22.1,31.200000000000003,31.200000000000003,34.4,300.0,300.0,29.700000000000003,35.800000000000004,32.7,32.2,34.6,4.95,2.0,4.96,0.16,0.0,0.0,1027.0,8228.0,0.0,0.0,0.0,0.0,0.0,1.0,0.0,0.0,0.0,-0.001,0.0,0.6000000000000001,0.0,-13.4,-12.8,0.0151,16.0,25903.0
2026-07-30T18:57:55.559Z,45.042,45.054,-7.4,7.4,0.0,0.0,0.0,0.0,0.0,1.0,1.0,0.0,1.0,0.0,0.0,0.0,8.0,6.0,0.0,0.0,0.0,0.0,0.0,0.0,0.0,0.0,5.0,12.0,1.0,12.06,5.01,2.51,1.49,-2.2,0.2,2.3000000000000003,301.1,-0.1,-10.3,3.5,10.4,-82.7,0.0,0.0,219.8,0.0,22.1,31.200000000000003,31.200000000000003,34.4,300.0,300.0,29.700000000000003,35.800000000000004,32.7,32.2,34.6,4.96,2.0,4.96,0.16,0.0,0.0,1027.0,8228.0,0.0,0.0,0.0,0.0,0.0,1.0,0.0,0.0,0.0,-0.001,0.0,1.0,0.0,-14.5,-12.8,0.0155,16.0,25903.0
2026-07-30T18:57:55.570Z,45.053,45.066,-7.5,7.4,0.0,0.0,0.0,0.0,0.0,1.0,1.0,0.0,1.0,0.0,0.0,0.0,8.0,6.0,0.0,0.0,0.0,0.0,0.0,0.0,0.0,0.0,6.0,12.0,1.0,12.06,5.01,2.51,1.49,-2.2,0.2,2.2,301.1,-0.1,-10.3,4.0,11.0,-82.7,0.0,0.0,219.8,0.0,22.1,31.200000000000003,31.200000000000003,34.4,300.0,300.0,29.700000000000003,35.800000000000004,32.7,32.2,34.6,4.96,2.0,4.96,0.16,0.0,0.0,1027.0,8228.0,0.0,0.0,0.0,0.0,0.0,1.0,0.0,0.0,0.0,-0.001,0.0,1.4,0.0,-15.6,-12.8,0.0153,16.0,25903.0
2026-07-30T18:57:55.583Z,45.066,45.078,-7.5,7.4,0.0,0.0,0.0,0.0,0.0,1.0,1.0,0.0,1.0,0.0,0.0,0.0,8.0,6.0,0.0,0.0,0.0,0.0,0.0,0.0,0.0,0.0,1.0,12.0,1.0,12.06,5.01,2.51,1.49,-2.2,0.3,2.2,301.0,-0.1,-10.9,1.7000000000000002,11.6,-82.7,0.0,0.0,219.7,0.0,22.1,31.200000000000003,31.200000000000003,34.4,300.0,300.0,29.700000000000003,35.800000000000004,32.7,32.2,34.6,4.95,2.0,4.96,0.16,0.0,0.0,1027.0,8228.0,0.0,0.0,0.0,0.0,0.0,1.0,0.0,0.0,0.0,-0.001,0.0,-0.7000000000000001,0.0,-14.5,-12.7,0.0149,16.0,25903.0
2026-07-30T18:57:55.595Z,45.078,45.09,-7.5,7.4,0.0,0.0,0.0,0.0,0.0,1.0,1.0,0.0,1.0,0.0,0.0,0.0,8.0,6.0,0.0,0.0,0.0,0.0,0.0,0.0,0.0,0.0,2.0,12.0,1.0,12.06,5.0200000000000005,2.5,1.5,-2.2,0.2,2.2,301.1,-0.1,-10.9,2.9000000000000004,10.4,-82.7,0.0,0.0,219.8,0.0,21.9,31.200000000000003,31.200000000000003,34.4,300.0,300.0,29.700000000000003,35.9,32.7,32.300000000000004,34.6,4.95,2.0,4.96,0.16,0.0,0.0,1027.0,8228.0,0.0,0.0,0.0,0.0,0.0,1.0,0.0,0.0,0.0,-0.001,0.0,0.5,0.0,-14.0,-12.7,0.0151,16.0,25903.0
2026-07-30T18:57:55.607Z,45.09,45.102,-7.4,7.4,0.0,0.0,0.0,0.0,0.0,1.0,1.0,0.0,1.0,0.0,0.0,0.0,8.0,6.0,0.0,0.0,0.0,0.0,0.0,0.0,0.0,0.0,4.0,12.0,1.0,12.06,5.0200000000000005,2.5,1.5,-2.2,0.2,2.2,301.0,-0.1,-10.9,2.9000000000000004,11.0,-82.7,0.0,0.0,219.8,0.0,21.9,31.200000000000003,31.200000000000003,34.4,300.0,300.0,29.700000000000003,35.9,32.7,32.300000000000004,34.6,4.95,2.0,4.96,0.16,0.0,0.0,1027.0,8228.0,0.0,0.0,0.0,0.0,0.0,1.0,0.0,0.0,0.0,-0.001,0.0,0.4,0.0,-14.7,-12.7,0.0152,16.0,25903.0
2026-07-30T18:57:55.618Z,45.101,45.114,-7.4,7.4,0.0,0.0,0.0,0.0,0.0,1.0,1.0,0.0,1.0,0.0,0.0,0.0,8.0,6.0,0.0,0.0,0.0,0.0,0.0,0.0,0.0,0.0,5.0,12.0,1.0,12.06,5.0200000000000005,2.5,1.5,-2.3000000000000003,0.3,2.4000000000000004,301.1,-0.1,-11.4,1.7000000000000002,8.700000000000001,-82.7,0.0,0.0,219.8,0.0,21.9,31.200000000000003,31.200000000000003,34.4,300.0,300.0,29.700000000000003,35.9,32.7,32.300000000000004,34.6,4.95,2.0,4.96,0.16,0.0,0.0,1027.0,8228.0,0.0,0.0,0.0,0.0,0.0,1.0,0.0,0.0,0.0,-0.001,0.0,-0.1,0.0,-11.2,-12.8,0.0152,16.0,25903.0
2026-07-30T18:57:55.631Z,45.114,45.126,-7.5,7.4,0.0,0.0,0.0,0.0,0.0,1.0,1.0,0.0,1.0,0.0,0.0,0.0,8.0,6.0,0.0,0.0,0.0,0.0,0.0,0.0,0.0,0.0,1.0,12.0,1.0,12.06,5.0200000000000005,2.5,1.5,-2.3000000000000003,0.3,2.3000000000000003,301.1,-0.1,-11.4,1.7000000000000002,10.4,-82.80000000000001,0.0,0.0,219.8,0.0,21.9,31.200000000000003,31.200000000000003,34.4,300.0,300.0,29.700000000000003,35.9,32.7,32.300000000000004,34.6,4.95,2.0,4.97,0.16,0.0,0.0,1027.0,8228.0,0.0,0.0,0.0,0.0,0.0,1.0,0.0,0.0,0.0,-0.001,0.0,-0.5,0.0,-13.2,-12.8,0.016,16.0,25903.0
2026-07-30T18:57:55.643Z,45.126,45.138,-7.5,7.4,0.0,0.0,0.0,0.0,0.0,1.0,1.0,0.0,1.0,0.0,0.0,0.0,8.0,6.0,0.0,0.0,0.0,0.0,0.0,0.0,0.0,0.0,2.0,12.0,1.0,12.06,5.0200000000000005,2.5,1.5,-2.3000000000000003,0.2,2.3000000000000003,301.0,-0.1,-11.4,2.3000000000000003,9.3,-82.80000000000001,0.0,0.0,219.8,0.0,21.9,31.200000000000003,31.200000000000003,34.4,300.0,300.0,29.700000000000003,35.9,32.7,32.300000000000004,34.6,4.95,2.0,4.96,0.16,0.0,0.0,1027.0,8228.0,0.0,0.0,0.0,0.0,0.0,1.0,0.0,0.0,0.0,-0.001,0.0,0.2,0.0,-12.3,-12.7,0.0154,16.0,25903.0
2026-07-30T18:57:55.654Z,45.137,45.15,-7.4,7.4,0.0,0.0,0.0,0.0,0.0,1.0,1.0,0.0,1.0,0.0,0.0,0.0,8.0,6.0,0.0,0.0,0.0,0.0,0.0,0.0,0.0,0.0,3.0,12.0,1.0,12.06,5.0200000000000005,2.5,1.5,-2.2,0.2,2.2,301.0,-0.1,-12.0,3.5,11.6,-82.80000000000001,0.0,0.0,219.8,0.0,21.9,31.200000000000003,31.200000000000003,34.4,300.0,300.0,29.700000000000003,35.9,32.7,32.300000000000004,34.6,4.96,2.0,4.96,0.16,0.0,0.0,1027.0,8228.0,0.0,0.0,0.0,0.0,0.0,1.0,0.0,0.0,0.0,-0.001,0.0,0.8,0.0,-15.8,-12.7,0.0156,16.0,25903.0
2026-07-30T18:57:55.667Z,45.15,45.162,-7.5,7.4,0.0,0.0,0.0,0.0,0.0,1.0,1.0,0.0,1.0,0.0,0.0,0.0,8.0,6.0,0.0,0.0,0.0,0.0,0.0,0.0,0.0,0.0,5.0,12.0,1.0,12.06,5.0200000000000005,2.5,1.5,-2.2,0.2,2.2,301.1,-0.1,-10.9,3.5,11.0,-82.80000000000001,0.0,0.0,219.8,0.0,21.9,31.200000000000003,31.200000000000003,34.4,300.0,300.0,29.700000000000003,35.9,32.7,32.300000000000004,34.6,4.95,2.0,4.96,0.16,0.0,0.0,1027.0,8228.0,0.0,0.0,0.0,0.0,0.0,1.0,0.0,0.0,0.0,-0.001,0.0,0.9,0.0,-15.1,-12.8,0.0149,16.0,25903.0
2026-07-30T18:57:55.678Z,45.161,45.174,-7.5,7.4,0.0,0.0,0.0,0.0,0.0,1.0,1.0,0.0,1.0,0.0,0.0,0.0,8.0,6.0,0.0,0.0,0.0,0.0,0.0,0.0,0.0,0.0,6.0,12.0,1.0,12.06,5.0200000000000005,2.5,1.5,-2.2,0.2,2.2,301.0,-0.1,-11.4,2.9000000000000004,10.4,-82.80000000000001,0.0,0.0,219.8,0.0,21.9,31.200000000000003,31.200000000000003,34.4,300.0,300.0,29.700000000000003,35.9,32.7,32.300000000000004,34.6,4.96,2.0,4.96,0.16,0.0,0.0,1027.0,8228.0,0.0,0.0,0.0,0.0,0.0,1.0,0.0,0.0,0.0,-0.001,0.0,0.5,0.0,-14.0,-12.8,0.015,16.0,25903.0
2026-07-30T18:57:55.692Z,45.175,45.186,-7.5,7.4,0.0,0.0,0.0,0.0,0.0,1.0,1.0,0.0,1.0,0.0,0.0,0.0,8.0,6.0,0.0,0.0,0.0,0.0,0.0,0.0,0.0,0.0,1.0,12.0,1.0,12.05,5.01,2.5,1.49,-2.4000000000000004,0.2,2.4000000000000004,301.1,-0.1,-12.6,1.7000000000000002,7.5,-82.80000000000001,0.0,0.0,219.8,0.0,22.200000000000003,31.3,31.200000000000003,34.4,300.0,300.0,29.6,35.800000000000004,32.7,32.300000000000004,34.6,4.96,2.0,4.96,0.16,0.0,0.0,1027.0,8228.0,0.0,0.0,0.0,0.0,0.0,1.0,0.0,0.0,0.0,-0.001,0.0,0.0,0.0,-9.8,-12.7,0.0162,16.0,25903.0
2026-07-30T18:57:55.703Z,45.186,45.198,-7.4,7.4,0.0,0.0,0.0,0.0,0.0,1.0,1.0,0.0,1.0,0.0,0.0,0.0,8.0,6.0,0.0,0.0,0.0,0.0,0.0,0.0,0.0,0.0,3.0,12.0,1.0,12.05,5.01,2.5,1.49,-2.2,0.2,2.2,301.1,-0.1,-12.6,2.9000000000000004,11.0,-82.80000000000001,0.0,0.0,219.8,0.0,22.200000000000003,31.3,31.200000000000003,34.4,300.0,300.0,29.6,35.800000000000004,32.7,32.300000000000004,34.6,4.96,2.0,4.96,0.16,0.0,0.0,1027.0,8228.0,0.0,0.0,0.0,0.0,0.0,1.0,0.0,0.0,0.0,-0.001,0.0,0.4,0.0,-14.7,-12.7,0.0161,16.0,25903.0
2026-07-30T18:57:55.714Z,45.197,45.21,-7.4,7.4,0.0,0.0,0.0,0.0,0.0,1.0,1.0,0.0,1.0,0.0,0.0,0.0,8.0,6.0,0.0,0.0,0.0,0.0,0.0,0.0,0.0,0.0,4.0,12.0,1.0,12.05,5.01,2.5,1.49,-2.2,0.2,2.3000000000000003,300.90000000000003,0.0,-12.0,2.9000000000000004,10.4,-82.80000000000001,0.0,0.0,219.8,0.0,22.200000000000003,31.3,31.200000000000003,34.4,300.0,300.0,29.6,35.800000000000004,32.7,32.300000000000004,34.6,4.95,2.0,4.97,0.16,0.0,0.0,1027.0,8228.0,0.0,0.0,0.0,0.0,0.0,1.0,0.0,0.0,0.0,-0.001,0.0,0.5,0.0,-14.0,-12.8,0.0152,16.0,25903.0
2026-07-30T18:57:55.727Z,45.21,45.222,-7.5,7.4,0.0,0.0,0.0,0.0,0.0,1.0,1.0,0.0,1.0,0.0,0.0,0.0,8.0,6.0,0.0,0.0,0.0,0.0,0.0,0.0,0.0,0.0,6.0,12.0,1.0,12.05,5.01,2.5,1.49,-2.4000000000000004,0.3,2.4000000000000004,301.1,-0.1,-12.6,0.5,8.1,-82.80000000000001,0.0,0.0,219.7,0.0,22.200000000000003,31.3,31.200000000000003,34.4,300.0,300.0,29.6,35.800000000000004,32.7,32.300000000000004,34.6,4.96,2.0,4.96,0.16,0.0,0.0,1027.0,8228.0,0.0,0.0,0.0,0.0,0.0,1.0,0.0,0.0,0.0,-0.001,0.0,-1.0,0.0,-9.7,-12.9,0.0158,16.0,25903.0
2026-07-30T18:57:55.739Z,45.222,45.234,-7.4,7.4,0.0,0.0,0.0,0.0,0.0,1.0,1.0,0.0,1.0,0.0,0.0,0.0,8.0,6.0,0.0,0.0,0.0,0.0,0.0,0.0,0.0,0.0,1.0,12.0,1.0,12.05,5.01,2.5,1.49,-2.3000000000000003,0.3,2.3000000000000003,301.1,0.0,-13.2,1.7000000000000002,10.4,-82.80000000000001,0.0,0.0,219.7,0.0,22.200000000000003,31.3,31.200000000000003,34.4,300.0,300.0,29.6,35.800000000000004,32.7,32.300000000000004,34.6,4.96,2.0,4.96,0.16,0.0,0.0,1027.0,8228.0,0.0,0.0,0.0,0.0,0.0,1.0,0.0,0.0,0.0,-0.001,0.0,-0.4,0.0,-13.2,-12.8,0.0155,16.0,25903.0
2026-07-30T18:57:55.758Z,45.241,45.246,-7.5,7.4,0.0,0.0,0.0,0.0,0.0,1.0,1.0,0.0,1.0,0.0,0.0,0.0,8.0,6.0,0.0,0.0,0.0,0.0,0.0,0.0,0.0,0.0,2.0,12.0,1.0,12.05,5.01,2.5,1.49,-2.4000000000000004,0.3,2.4000000000000004,301.1,-0.1,-12.6,0.5,7.5,-82.80000000000001,0.0,0.0,219.8,0.0,22.200000000000003,31.3,31.200000000000003,34.4,300.0,300.0,29.6,35.800000000000004,32.7,32.300000000000004,34.6,4.96,2.0,4.96,0.16,0.0,0.0,1027.0,8228.0,0.0,0.0,0.0,0.0,0.0,1.0,0.0,0.0,0.0,-0.001,0.0,-0.9,0.0,-9.0,-12.8,0.0157,16.0,25903.0
2026-07-30T18:57:55.763Z,45.246,45.258,-7.4,7.4,0.0,0.0,0.0,0.0,0.0,1.0,1.0,0.0,1.0,0.0,0.0,0.0,8.0,6.0,0.0,0.0,0.0,0.0,0.0,0.0,0.0,0.0,1.0,12.0,1.0,12.05,5.01,2.5,1.49,-2.3000000000000003,0.3,2.3000000000000003,301.1,-0.1,-12.0,1.1,10.4,-82.80000000000001,0.0,0.0,219.9,0.0,22.200000000000003,31.3,31.200000000000003,34.4,300.0,300.0,29.6,35.800000000000004,32.7,32.300000000000004,34.6,4.96,2.0,4.96,0.16,0.0,0.0,1027.0,8228.0,0.0,0.0,0.0,0.0,0.0,1.0,0.0,0.0,0.0,-0.001,0.0,-1.0,0.0,-12.7,-12.8,0.0152,16.0,25903.0
2026-07-30T18:57:55.775Z,45.258,45.27,-7.4,7.4,0.0,0.0,0.0,0.0,0.0,1.0,1.0,0.0,1.0,0.0,0.0,0.0,8.0,6.0,0.0,0.0,0.0,0.0,0.0,0.0,0.0,0.0,2.0,12.0,1.0,12.05,5.01,2.5,1.49,-2.4000000000000004,0.2,2.4000000000000004,301.1,-0.1,-12.6,1.7000000000000002,8.1,-82.80000000000001,0.0,0.0,219.8,0.0,22.200000000000003,31.3,31.200000000000003,34.4,300.0,300.0,29.6,35.800000000000004,32.7,32.300000000000004,34.6,4.95,2.0,4.97,0.16,0.0,0.0,1027.0,8228.0,0.0,0.0,0.0,0.0,0.0,1.0,0.0,0.0,0.0,-0.001,0.0,0.0,0.0,-10.5,-12.8,0.0157,16.0,25903.0
2026-07-30T18:57:55.786Z,45.269,45.282,-7.5,7.4,0.0,0.0,0.0,0.0,0.0,1.0,1.0,0.0,1.0,0.0,0.0,0.0,8.0,6.0,0.0,0.0,0.0,0.0,0.0,0.0,0.0,0.0,3.0,12.0,1.0,12.05,5.01,2.5,1.49,-2.3000000000000003,0.3,2.3000000000000003,301.0,-0.1,-12.6,1.7000000000000002,10.4,-82.80000000000001,0.0,0.0,219.6,0.0,22.200000000000003,31.3,31.200000000000003,34.4,300.0,300.0,29.6,35.800000000000004,32.7,32.300000000000004,34.6,4.95,2.0,4.96,0.16,0.0,0.0,1027.0,8228.0,0.0,0.0,0.0,0.0,0.0,1.0,0.0,0.0,0.0,-0.001,0.0,0.2,0.0,-16.0,-12.8,0.0154,16.0,25903.0
2026-07-30T18:57:55.799Z,45.282,45.294,-7.4,7.4,0.0,0.0,0.0,0.0,0.0,1.0,1.0,0.0,1.0,0.0,0.0,0.0,8.0,6.0,0.0,0.0,0.0,0.0,0.0,0.0,0.0,0.0,4.0,12.0,1.0,12.08,5.0200000000000005,2.51,1.49,-2.3000000000000003,0.3,2.3000000000000003,301.1,-0.1,-11.4,2.3000000000000003,10.4,-82.80000000000001,0.0,0.0,219.6,0.0,22.1,31.3,31.3,34.5,300.0,300.0,29.5,35.800000000000004,32.7,32.300000000000004,34.6,4.95,2.0,4.96,0.16,0.0,0.0,1027.0,8228.0,0.0,0.0,0.0,0.0,0.0,1.0,0.0,0.0,0.0,-0.001,0.0,-0.1,0.0,-11.2,-12.8,0.0149,16.0,25903.0
2026-07-30T18:57:55.810Z,45.293,45.306,-7.4,7.4,0.0,0.0,0.0,0.0,0.0,1.0,1.0,0.0,1.0,0.0,0.0,0.0,8.0,6.0,0.0,0.0,0.0,0.0,0.0,0.0,0.0,0.0,6.0,12.0,1.0,12.08,5.0200000000000005,2.51,1.49,-2.2,0.2,2.2,301.1,-0.1,-12.0,2.9000000000000004,9.3,-82.80000000000001,0.0,0.0,219.7,0.0,22.1,31.3,31.3,34.5,300.0,300.0,29.5,35.800000000000004,32.7,32.300000000000004,34.6,4.96,2.0,4.96,0.16,0.0,0.0,1027.0,8228.0,0.0,0.0,0.0,0.0,0.0,1.0,0.0,0.0,0.0,-0.001,0.0,0.8,0.0,-15.8,-12.8,0.0161,16.0,25903.0
2026-07-30T18:57:55.823Z,45.306,45.318,-7.5,7.4,0.0,0.0,0.0,0.0,0.0,1.0,1.0,0.0,1.0,0.0,0.0,0.0,8.0,6.0,0.0,0.0,0.0,0.0,0.0,0.0,0.0,0.0,1.0,12.0,1.0,12.08,5.0200000000000005,2.51,1.49,-2.3000000000000003,0.2,2.3000000000000003,301.0,-0.1,-10.9,0.5,10.4,-82.80000000000001,0.0,0.0,219.7,0.0,22.1,31.3,31.3,34.5,300.0,300.0,29.5,35.800000000000004,32.7,32.300000000000004,34.6,4.96,2.0,4.96,0.16,0.0,0.0,1027.0,8228.0,0.0,0.0,0.0,0.0,0.0,1.0,0.0,0.0,0.0,-0.001,0.0,0.2,0.0,-12.3,-12.8,0.015,16.0,25903.0
2026-07-30T18:57:55.835Z,45.318,45.33,-7.5,7.4,0.0,0.0,0.0,0.0,0.0,1.0,1.0,0.0,1.0,0.0,0.0,0.0,8.0,6.0,0.0,0.0,0.0,0.0,0.0,0.0,0.0,0.0,3.0,12.0,1.0,12.08,5.0200000000000005,2.51,1.49,-2.2,0.2,2.2,301.0,-0.1,-12.0,2.9000000000000004,10.4,-82.80000000000001,0.0,0.0,219.7,0.0,22.1,31.3,31.3,34.5,300.0,300.0,29.5,35.800000000000004,32.7,32.300000000000004,34.6,4.96,2.0,4.96,0.16,0.0,0.0,1027.0,8228.0,0.0,0.0,0.0,0.0,0.0,1.0,0.0,0.0,0.0,-0.001,0.0,0.5,0.0,-14.0,-12.7,0.0157,16.0,25903.0
2026-07-30T18:57:55.847Z,45.33,45.342,-7.5,7.4,0.0,0.0,0.0,0.0,0.0,1.0,1.0,0.0,1.0,0.0,0.0,0.0,8.0,6.0,0.0,0.0,0.0,0.0,0.0,0.0,0.0,0.0,3.0,12.0,1.0,12.08,5.0200000000000005,2.51,1.49,-2.2,0.2,2.2,301.1,-0.1,-12.0,4.0,11.6,-82.80000000000001,0.0,0.0,219.7,0.0,22.1,31.3,31.3,34.5,300.0,300.0,29.5,35.800000000000004,32.7,32.300000000000004,34.6,4.96,2.0,4.96,0.16,0.0,0.0,1027.0,8228.0,0.0,0.0,0.0,0.0,0.0,1.0,0.0,0.0,0.0,-0.001,0.0,1.3,0.0,-16.2,-12.7,0.0153,16.0,25903.0
2026-07-30T18:57:55.858Z,45.341,45.354,-7.4,7.4,0.0,0.0,0.0,0.0,0.0,1.0,1.0,0.0,1.0,0.0,0.0,0.0,8.0,6.0,0.0,0.0,0.0,0.0,0.0,0.0,0.0,0.0,5.0,12.0,1.0,12.08,5.0200000000000005,2.51,1.49,-2.3000000000000003,0.2,2.3000000000000003,301.0,-0.1,-11.4,2.9000000000000004,9.9,-82.80000000000001,0.0,0.0,219.8,0.0,22.1,31.3,31.3,34.5,300.0,300.0,29.5,35.800000000000004,32.7,32.300000000000004,34.6,4.95,2.0,4.96,0.16,0.0,0.0,1027.0,8228.0,0.0,0.0,0.0,0.0,0.0,1.0,0.0,0.0,0.0,-0.001,0.0,0.6000000000000001,0.0,-13.4,-12.8,0.0148,16.0,25903.0
2026-07-30T18:57:55.871Z,45.354,45.366,-7.5,7.4,0.0,0.0,0.0,0.0,0.0,1.0,1.0,0.0,1.0,0.0,0.0,0.0,8.0,6.0,0.0,0.0,0.0,0.0,0.0,0.0,0.0,0.0,1.0,12.0,1.0,12.08,5.0200000000000005,2.51,1.49,-2.3000000000000003,0.3,2.3000000000000003,301.1,-0.1,-11.4,1.1,10.4,-82.80000000000001,0.0,0.0,219.7,0.0,22.1,31.3,31.3,34.5,300.0,300.0,29.5,35.800000000000004,32.7,32.300000000000004,34.6,4.95,2.0,4.97,0.16,0.0,0.0,1027.0,8228.0,0.0,0.0,0.0,0.0,0.0,1.0,0.0,0.0,0.0,-0.001,0.0,-1.0,0.0,-12.8,-12.8,0.0155,16.0,25903.0
2026-07-30T18:57:55.883Z,45.366,45.378,-7.4,7.4,0.0,0.0,0.0,0.0,0.0,1.0,1.0,0.0,1.0,0.0,0.0,0.0,8.0,6.0,0.0,0.0,0.0,0.0,0.0,0.0,0.0,0.0,2.0,12.0,1.0,12.08,5.0200000000000005,2.51,1.49,-2.3000000000000003,0.3,2.3000000000000003,301.1,-0.1,-12.0,1.7000000000000002,9.3,-82.80000000000001,0.0,0.0,219.7,0.0,22.1,31.3,31.3,34.5,300.0,300.0,29.5,35.800000000000004,32.7,32.300000000000004,34.6,4.95,2.0,4.96,0.16,0.0,0.0,1027.0,8228.0,0.0,0.0,0.0,0.0,0.0,1.0,0.0,0.0,0.0,-0.001,0.0,-0.2,0.0,-11.8,-12.7,0.0155,16.0,25903.0
2026-07-30T18:57:55.896Z,45.379,45.39,-7.4,7.4,0.0,0.0,0.0,0.0,0.0,1.0,1.0,0.0,1.0,0.0,0.0,0.0,8.0,6.0,0.0,0.0,0.0,0.0,0.0,0.0,0.0,0.0,3.0,12.0,1.0,12.08,5.01,2.5,1.49,-2.4000000000000004,0.3,2.4000000000000004,301.1,0.0,-12.6,1.1,8.1,-82.7,0.0,0.0,219.8,0.0,22.1,31.3,31.3,34.5,300.0,300.0,29.6,35.9,32.7,32.300000000000004,34.6,4.95,2.0,4.96,0.16,0.0,0.0,1027.0,8228.0,0.0,0.0,0.0,0.0,0.0,1.0,0.0,0.0,0.0,-0.001,0.0,-0.5,0.0,-10.1,-12.8,0.0158,16.0,25903.0
2026-07-30T18:57:55.906Z,45.389,45.402,-7.4,7.4,0.0,0.0,0.0,0.0,0.0,1.0,1.0,0.0,1.0,0.0,0.0,0.0,8.0,6.0,0.0,0.0,0.0,0.0,0.0,0.0,0.0,0.0,4.0,12.0,1.0,12.08,5.01,2.5,1.49,-2.3000000000000003,0.3,2.4000000000000004,300.90000000000003,0.0,-12.6,1.1,9.3,-82.7,0.0,0.0,219.8,0.0,22.1,31.3,31.3,34.5,300.0,300.0,29.6,35.9,32.7,32.300000000000004,34.6,4.96,2.0,4.96,0.16,0.0,0.0,1027.0,8228.0,0.0,0.0,0.0,0.0,0.0,1.0,0.0,0.0,0.0,-0.001,0.0,-0.7000000000000001,0.0,-11.4,-12.8,0.0162,16.0,25903.0
2026-07-30T18:57:55.919Z,45.402,45.414,-7.4,7.4,0.0,0.0,0.0,0.0,0.0,1.0,1.0,0.0,1.0,0.0,0.0,0.0,8.0,6.0,0.0,0.0,0.0,0.0,0.0,0.0,0.0,0.0,5.0,12.0,1.0,12.08,5.01,2.5,1.49,-2.4000000000000004,0.3,2.4000000000000004,301.1,-0.1,-12.6,0.5,8.700000000000001,-82.7,0.0,0.0,219.7,0.0,22.1,31.3,31.3,34.5,300.0,300.0,29.6,35.9,32.7,32.300000000000004,34.6,4.96,2.0,4.96,0.16,0.0,0.0,1027.0,8228.0,0.0,0.0,0.0,0.0,0.0,1.0,0.0,0.0,0.0,-0.001,0.0,-1.1,0.0,-10.3,-12.9,0.0161,16.0,25903.0
2026-07-30T18:57:55.931Z,45.414,45.426,-7.5,7.4,0.0,0.0,0.0,0.0,0.0,1.0,1.0,0.0,1.0,0.0,0.0,0.0,8.0,6.0,0.0,0.0,0.0,0.0,0.0,0.0,0.0,0.0,6.0,12.0,1.0,12.08,5.01,2.5,1.49,-2.3000000000000003,0.2,2.3000000000000003,301.1,-0.1,-13.2,2.3000000000000003,10.4,-82.7,0.0,0.0,219.6,0.0,22.1,31.3,31.3,34.5,300.0,300.0,29.6,35.9,32.7,32.300000000000004,34.6,4.96,2.0,4.96,0.16,0.0,0.0,1027.0,8228.0,0.0,0.0,0.0,0.0,0.0,1.0,0.0,0.0,0.0,-0.001,0.0,0.0,0.0,-13.6,-12.8,0.0163,16.0,25903.0
2026-07-30T18:57:55.943Z,45.426,45.438,-7.4,7.4,0.0,0.0,0.0,0.0,0.0,1.0,1.0,0.0,1.0,0.0,0.0,0.0,8.0,6.0,0.0,0.0,0.0,0.0,0.0,0.0,0.0,0.0,1.0,12.0,1.0,12.08,5.01,2.5,1.49,-2.4000000000000004,0.3,2.4000000000000004,301.0,-0.1,-13.2,1.1,8.1,-82.80000000000001,0.0,0.0,219.6,0.0,22.1,31.3,31.3,34.5,300.0,300.0,29.6,35.9,32.7,32.300000000000004,34.6,4.95,2.0,4.96,0.16,0.0,0.0,1027.0,8228.0,0.0,0.0,0.0,0.0,0.0,1.0,0.0,0.0,0.0,-0.001,0.0,-0.5,0.0,-10.1,-12.8,0.0155,16.0,25903.0
2026-07-30T18:57:55.955Z,45.438,45.45,-7.5,7.4,0.0,0.0,0.0,0.0,0.0,1.0,1.0,0.0,1.0,0.0,0.0,0.0,8.0,6.0,0.0,0.0,0.0,0.0,0.0,0.0,0.0,0.0,3.0,12.0,1.0,12.08,5.01,2.5,1.49,-2.4000000000000004,0.3,2.4000000000000004,301.1,-0.1,-13.8,0.5,8.1,-82.80000000000001,0.0,0.0,219.8,0.0,22.1,31.3,31.3,34.5,300.0,300.0,29.6,35.9,32.7,32.300000000000004,34.6,4.95,2.0,4.96,0.16,0.0,0.0,1027.0,8228.0,0.0,0.0,0.0,0.0,0.0,1.0,0.0,0.0,0.0,-0.001,0.0,-1.0,0.0,-9.6,-12.8,0.0164,16.0,25903.0
2026-07-30T18:57:55.967Z,45.45,45.462,-7.5,7.4,0.0,0.0,0.0,0.0,0.0,1.0,1.0,0.0,1.0,0.0,0.0,0.0,8.0,6.0,0.0,0.0,0.0,0.0,0.0,0.0,0.0,0.0,4.0,12.0,1.0,12.08,5.01,2.5,1.49,-2.3000000000000003,0.3,2.3000000000000003,301.0,-0.1,-13.2,0.5,9.9,-82.80000000000001,0.0,0.0,219.8,0.0,22.1,31.3,31.3,34.5,300.0,300.0,29.6,35.9,32.7,32.300000000000004,34.6,4.95,2.0,4.96,0.16,0.0,0.0,1027.0,8228.0,0.0,0.0,0.0,0.0,0.0,1.0,0.0,0.0,0.0,-0.001,0.0,-1.4,0.0,-11.6,-12.7,0.0163,16.0,25903.0
2026-07-30T18:57:55.979Z,45.462,45.474,-7.5,7.4,0.0,0.0,0.0,0.0,0.0,1.0,1.0,0.0,1.0,0.0,0.0,0.0,8.0,6.0,0.0,0.0,0.0,0.0,0.0,0.0,0.0,0.0,5.0,12.0,1.0,12.08,5.01,2.5,1.49,-2.4000000000000004,0.3,2.4000000000000004,301.1,-0.1,-13.2,1.1,8.700000000000001,-82.80000000000001,0.0,0.0,219.7,0.0,22.1,31.3,31.3,34.5,300.0,300.0,29.6,35.9,32.7,32.300000000000004,34.6,4.95,2.0,4.96,0.16,0.0,0.0,1027.0,8228.0,0.0,0.0,0.0,0.0,0.0,1.0,0.0,0.0,0.0,-0.001,0.0,-0.6000000000000001,0.0,-10.8,-12.7,0.0159,16.0,25903.0
2026-07-30T18:57:55.991Z,45.474,45.486,-7.4,7.4,0.0,0.0,0.0,0.0,0.0,1.0,1.0,0.0,1.0,0.0,0.0,0.0,8.0,6.0,0.0,0.0,0.0,0.0,0.0,0.0,0.0,0.0,1.0,12.0,1.0,12.08,5.01,2.5,1.49,-2.3000000000000003,0.2,2.3000000000000003,301.1,-0.1,-12.0,2.9000000000000004,9.9,-82.80000000000001,0.0,0.0,219.7,0.0,22.1,31.3,31.3,34.5,300.0,300.0,29.6,35.9,32.7,32.300000000000004,34.6,4.95,2.0,4.96,0.16,0.0,0.0,1027.0,8228.0,0.0,0.0,0.0,0.0,0.0,1.0,0.0,0.0,0.0,-0.001,0.0,0.6000000000000001,0.0,-13.4,-12.7,0.0161,16.0,25903.0
2026-07-30T18:57:56.003Z,45.486,45.498,-7.4,7.4,0.0,0.0,0.0,0.0,0.0,1.0,1.0,0.0,1.0,0.0,0.0,0.0,8.0,6.0,0.0,0.0,0.0,0.0,0.0,0.0,0.0,0.0,2.0,12.0,1.0,12.06,5.0200000000000005,2.5,1.49,-2.4000000000000004,0.3,2.4000000000000004,300.90000000000003,-0.1,-12.6,1.7000000000000002,8.700000000000001,-82.80000000000001,0.0,0.0,219.8,0.0,21.9,31.3,31.3,34.5,300.0,300.0,29.6,35.9,32.7,32.300000000000004,34.6,4.96,2.0,4.96,0.16,0.0,0.0,1027.0,8228.0,0.0,0.0,0.0,0.0,0.0,1.0,0.0,0.0,0.0,-0.001,0.0,-0.1,0.0,-11.2,-12.8,0.0156,16.0,25903.0
2026-07-30T18:57:56.014Z,45.497,45.51,-7.4,7.4,0.0,0.0,0.0,0.0,0.0,1.0,1.0,0.0,1.0,0.0,0.0,0.0,8.0,6.0,0.0,0.0,0.0,0.0,0.0,0.0,0.0,0.0,4.0,12.0,1.0,12.06,5.0200000000000005,2.5,1.49,-2.3000000000000003,0.3,2.3000000000000003,301.1,-0.1,-12.0,1.7000000000000002,9.9,-82.80000000000001,0.0,0.0,219.7,0.0,21.9,31.3,31.3,34.5,300.0,300.0,29.6,35.9,32.7,32.300000000000004,34.6,4.95,2.0,4.97,0.16,0.0,0.0,1027.0,8228.0,0.0,0.0,0.0,0.0,0.0,1.0,0.0,0.0,0.0,-0.001,0.0,-0.3,0.0,-12.5,-12.9,0.0162,16.0,25903.0
2026-07-30T18:57:56.027Z,45.51,45.522,-7.5,7.4,0.0,0.0,0.0,0.0,0.0,1.0,1.0,0.0,1.0,0.0,0.0,0.0,8.0,6.0,0.0,0.0,0.0,0.0,0.0,0.0,0.0,0.0,5.0,12.0,1.0,12.06,5.0200000000000005,2.5,1.49,-2.3000000000000003,0.2,2.3000000000000003,301.1,-0.1,-12.6,2.9000000000000004,10.4,-82.80000000000001,0.0,0.0,219.7,0.0,21.9,31.3,31.3,34.5,300.0,300.0,29.6,35.9,32.7,32.300000000000004,34.6,4.95,2.0,4.96,0.16,0.0,0.0,1027.0,8228.0,0.0,0.0,0.0,0.0,0.0,1.0,0.0,0.0,0.0,-0.001,0.0,0.5,0.0,-14.0,-12.8,0.0159,16.0,25903.0
2026-07-30T18:57:56.039Z,45.522,45.534,-7.5,7.4,0.0,0.0,0.0,0.0,0.0,1.0,1.0,0.0,1.0,0.0,0.0,0.0,8.0,6.0,0.0,0.0,0.0,0.0,0.0,0.0,0.0,0.0,1.0,12.0,1.0,12.06,5.0200000000000005,2.5,1.49,-2.2,0.2,2.2,301.0,-0.1,-11.4,4.0,11.6,-82.80000000000001,0.0,0.0,219.6,0.0,21.9,31.3,31.3,34.5,300.0,300.0,29.6,35.9,32.7,32.300000000000004,34.6,4.96,2.0,4.96,0.17,0.0,0.0,1027.0,8228.0,0.0,0.0,0.0,0.0,0.0,1.0,0.0,0.0,0.0,-0.001,0.0,1.3,0.0,-16.2,-12.7,0.0154,16.0,25903.0
2026-07-30T18:57:56.050Z,45.533,45.546,-7.5,7.4,0.0,0.0,0.0,0.0,0.0,1.0,1.0,0.0,1.0,0.0,0.0,0.0,8.0,6.0,0.0,0.0,0.0,0.0,0.0,0.0,0.0,0.0,2.0,12.0,1.0,12.06,5.0200000000000005,2.5,1.49,-2.3000000000000003,0.2,2.3000000000000003,301.1,-0.1,-11.4,2.3000000000000003,9.9,-82.80000000000001,0.0,0.0,219.8,0.0,21.9,31.3,31.3,34.5,300.0,300.0,29.6,35.9,32.7,32.300000000000004,34.6,4.95,2.0,4.96,0.16,0.0,0.0,1027.0,8228.0,0.0,0.0,0.0,0.0,0.0,1.0,0.0,0.0,0.0,-0.001,0.0,0.1,0.0,-12.9,-12.7,0.0149,16.0,25903.0
2026-07-30T18:57:56.068Z,45.551,45.558,-7.5,7.4,0.0,0.0,0.0,0.0,0.0,1.0,1.0,0.0,1.0,0.0,0.0,0.0,8.0,6.0,0.0,0.0,0.0,0.0,0.0,0.0,0.0,0.0,3.0,12.0,1.0,12.06,5.0200000000000005,2.5,1.49,-2.2,0.2,2.2,301.1,-0.1,-10.9,3.5,11.0,-82.80000000000001,0.0,0.0,219.9,0.0,21.9,31.3,31.3,34.5,300.0,300.0,29.6,35.9,32.7,32.300000000000004,34.6,4.95,2.0,4.97,0.16,0.0,0.0,1027.0,8228.0,0.0,0.0,0.0,0.0,0.0,1.0,0.0,0.0,0.0,-0.001,0.0,0.9,0.0,-15.1,-12.7,0.0155,16.0,25903.0
2026-07-30T18:57:56.075Z,45.558,45.57,-7.4,7.4,0.0,0.0,0.0,0.0,0.0,1.0,1.0,0.0,1.0,0.0,0.0,0.0,8.0,6.0,0.0,0.0,0.0,0.0,0.0,0.0,0.0,0.0,2.0,12.0,1.0,12.06,5.0200000000000005,2.5,1.49,-2.3000000000000003,0.2,2.3000000000000003,301.0,-0.1,-9.7,2.9000000000000004,9.9,-82.80000000000001,0.0,0.0,219.8,0.0,21.9,31.3,31.3,34.5,300.0,300.0,29.6,35.9,32.7,32.300000000000004,34.6,4.95,2.0,4.96,0.16,0.0,0.0,1027.0,8228.0,0.0,0.0,0.0,0.0,0.0,1.0,0.0,0.0,0.0,-0.001,0.0,0.6000000000000001,0.0,-13.4,-12.6,0.0148,16.0,25903.0
2026-07-30T18:57:56.086Z,45.569,45.582,-7.5,7.4,0.0,0.0,0.0,0.0,0.0,1.0,1.0,0.0,1.0,0.0,0.0,0.0,8.0,6.0,0.0,0.0,0.0,0.0,0.0,0.0,0.0,0.0,3.0,12.0,1.0,12.06,5.0200000000000005,2.5,1.49,-2.2,0.2,2.2,301.1,-0.1,-10.9,2.9000000000000004,11.6,-82.80000000000001,0.0,0.0,219.7,0.0,21.9,31.3,31.3,34.5,300.0,300.0,29.6,35.9,32.7,32.300000000000004,34.6,4.95,2.0,4.96,0.16,0.0,0.0,1027.0,8228.0,0.0,0.0,0.0,0.0,0.0,1.0,0.0,0.0,0.0,-0.001,0.0,0.3,0.0,-15.4,-12.8,0.0154,16.0,25903.0
2026-07-30T18:57:56.100Z,45.583,45.594,-7.4,7.4,0.0,0.0,0.0,0.0,0.0,1.0,1.0,0.0,1.0,0.0,0.0,0.0,8.0,6.0,0.0,0.0,0.0,0.0,0.0,0.0,0.0,0.0,4.0,12.0,1.0,12.06,5.01,2.51,1.49,-2.3000000000000003,0.2,2.3000000000000003,301.1,-0.1,-12.0,2.9000000000000004,8.700000000000001,-82.80000000000001,0.0,0.0,219.7,0.0,22.1,31.3,31.3,34.5,300.0,300.0,29.6,35.9,32.7,32.300000000000004,34.6,4.95,2.0,4.96,0.16,0.0,0.0,1027.0,8228.0,0.0,0.0,0.0,0.0,0.0,1.0,0.0,0.0,0.0,-0.001,0.0,0.9,0.0,-12.0,-12.7,0.015,16.0,25903.0
2026-07-30T18:57:56.111Z,45.594,45.606,-7.4,7.4,0.0,0.0,0.0,0.0,0.0,1.0,1.0,0.0,1.0,0.0,0.0,0.0,8.0,6.0,0.0,0.0,0.0,0.0,0.0,0.0,0.0,0.0,6.0,12.0,1.0,12.06,5.01,2.51,1.49,-2.2,0.2,2.2,301.0,-0.1,-12.0,2.9000000000000004,12.2,-82.80000000000001,0.0,0.0,219.6,0.0,22.1,31.3,31.3,34.5,300.0,300.0,29.6,35.9,32.7,32.300000000000004,34.6,4.96,2.0,4.96,0.16,0.0,0.0,1027.0,8228.0,0.0,0.0,0.0,0.0,0.0,1.0,0.0,0.0,0.0,-0.001,0.0,0.2,0.0,-16.0,-12.8,0.0157,16.0,25903.0
2026-07-30T18:57:56.123Z,45.606,45.618,-7.4,7.4,0.0,0.0,0.0,0.0,0.0,1.0,1.0,0.0,1.0,0.0,0.0,0.0,8.0,6.0,0.0,0.0,0.0,0.0,0.0,0.0,0.0,0.0,1.0,12.0,1.0,12.06,5.01,2.51,1.49,-2.3000000000000003,0.2,2.3000000000000003,301.0,-0.1,-12.0,3.5,9.9,-82.7,0.0,0.0,219.7,0.0,22.1,31.3,31.3,34.5,300.0,300.0,29.6,35.9,32.7,32.300000000000004,34.6,4.96,2.0,4.96,0.16,0.0,0.0,1027.0,8228.0,0.0,0.0,0.0,0.0,0.0,1.0,0.0,0.0,0.0,-0.001,0.0,1.1,0.0,-13.8,-12.8,0.0149,16.0,25903.0
2026-07-30T18:57:56.135Z,45.618,45.63,-7.5,7.4,0.0,0.0,0.0,0.0,0.0,1.0,1.0,0.0,1.0,0.0,0.0,0.0,8.0,6.0,0.0,0.0,0.0,0.0,0.0,0.0,0.0,0.0,2.0,12.0,1.0,12.06,5.01,2.51,1.49,-2.3000000000000003,0.3,2.3000000000000003,301.1,-0.1,-12.0,2.3000000000000003,10.4,-82.7,0.0,0.0,219.7,0.0,22.1,31.3,31.3,34.5,300.0,300.0,29.6,35.9,32.7,32.300000000000004,34.6,4.96,2.0,4.96,0.16,0.0,0.0,1027.0,8228.0,0.0,0.0,0.0,0.0,0.0,1.0,0.0,0.0,0.0,-0.001,0.0,0.0,0.0,-13.6,-12.8,0.0155,16.0,25903.0
2026-07-30T18:57:56.147Z,45.63,45.642,-7.4,7.4,0.0,0.0,0.0,0.0,0.0,1.0,1.0,0.0,1.0,0.0,0.0,0.0,8.0,6.0,0.0,0.0,0.0,0.0,0.0,0.0,0.0,0.0,3.0,12.0,1.0,12.06,5.01,2.51,1.49,-2.2,0.3,2.2,301.1,-0.1,-12.6,2.3000000000000003,11.6,-82.7,0.0,0.0,219.8,0.0,22.1,31.3,31.3,34.5,300.0,300.0,29.6,35.9,32.7,32.300000000000004,34.6,4.95,2.0,4.96,0.16,0.0,0.0,1027.0,8228.0,0.0,0.0,0.0,0.0,0.0,1.0,0.0,0.0,0.0,-0.001,0.0,-0.2,0.0,-14.9,-12.7,0.0154,16.0,25903.0
2026-07-30T18:57:56.159Z,45.642,45.654,-7.5,7.4,0.0,0.0,0.0,0.0,0.0,1.0,1.0,0.0,1.0,0.0,0.0,0.0,8.0,6.0,0.0,0.0,0.0,0.0,0.0,0.0,0.0,0.0,4.0,12.0,1.0,12.06,5.01,2.51,1.49,-2.3000000000000003,0.2,2.3000000000000003,301.1,-0.1,-10.9,2.3000000000000003,9.3,-82.80000000000001,0.0,0.0,219.8,0.0,22.1,31.3,31.3,34.5,300.0,300.0,29.6,35.9,32.7,32.300000000000004,34.6,4.95,2.0,4.96,0.16,0.0,0.0,1027.0,8228.0,0.0,0.0,0.0,0.0,0.0,1.0,0.0,0.0,0.0,-0.001,0.0,0.2,0.0,-12.3,-12.8,0.0152,16.0,25903.0
2026-07-30T18:57:56.171Z,45.654,45.666,-7.5,7.4,0.0,0.0,0.0,0.0,0.0,1.0,1.0,0.0,1.0,0.0,0.0,0.0,8.0,6.0,0.0,0.0,0.0,0.0,0.0,0.0,0.0,0.0,6.0,12.0,1.0,12.06,5.01,2.51,1.49,-2.3000000000000003,0.2,2.3000000000000003,301.1,-0.1,-11.4,2.3000000000000003,10.4,-82.80000000000001,0.0,0.0,219.7,0.0,22.1,31.3,31.3,34.5,300.0,300.0,29.6,35.9,32.7,32.300000000000004,34.6,4.95,2.0,4.96,0.16,0.0,0.0,1027.0,8228.0,0.0,0.0,0.0,0.0,0.0,1.0,0.0,0.0,0.0,-0.001,0.0,0.0,0.0,-13.6,-12.8,0.0157,16.0,25903.0
2026-07-30T18:57:56.183Z,45.666,45.678,-7.4,7.4,0.0,0.0,0.0,0.0,0.0,1.0,1.0,0.0,1.0,0.0,0.0,0.0,8.0,6.0,0.0,0.0,0.0,0.0,0.0,0.0,0.0,0.0,1.0,12.0,1.0,12.06,5.01,2.51,1.49,-2.4000000000000004,0.3,2.4000000000000004,300.90000000000003,-0.1,-11.4,1.7000000000000002,8.700000000000001,-82.7,0.0,0.0,219.6,0.0,22.1,31.3,31.3,34.5,300.0,300.0,29.6,35.9,32.7,32.300000000000004,34.6,4.96,2.0,4.96,0.16,0.0,0.0,1027.0,8228.0,0.0,0.0,0.0,0.0,0.0,1.0,0.0,0.0,0.0,-0.001,0.0,-0.1,0.0,-11.2,-12.8,0.0155,16.0,25903.0
2026-07-30T18:57:56.195Z,45.678,45.69,-7.5,7.4,0.0,0.0,0.0,0.0,0.0,1.0,1.0,0.0,1.0,0.0,0.0,0.0,8.0,6.0,0.0,0.0,0.0,0.0,0.0,0.0,0.0,0.0,2.0,12.0,1.0,12.06,5.01,2.51,1.49,-2.4000000000000004,0.3,2.5,301.1,-0.1,-12.0,0.5,6.9,-82.7,0.0,0.0,219.7,0.0,22.1,31.3,31.3,34.5,300.0,300.0,29.6,35.9,32.7,32.300000000000004,34.6,4.95,2.0,4.97,0.16,0.0,0.0,1027.0,8228.0,0.0,0.0,0.0,0.0,0.0,1.0,0.0,0.0,0.0,-0.001,0.0,-0.8,0.0,-8.3,-12.8,0.0161,16.0,25903.0
2026-07-30T18:57:56.207Z,45.69,45.702,-7.5,7.4,0.0,0.0,0.0,0.0,0.0,1.0,1.0,0.0,1.0,0.0,0.0,0.0,8.0,6.0,0.0,0.0,0.0,0.0,0.0,0.0,0.0,0.0,2.0,12.0,1.0,12.05,5.0200000000000005,2.5,1.49,-2.3000000000000003,0.2,2.3000000000000003,301.0,0.0,-13.2,2.3000000000000003,9.3,-82.80000000000001,0.0,0.0,219.7,0.0,22.200000000000003,31.4,31.4,34.6,300.0,300.0,29.5,35.800000000000004,32.800000000000004,32.4,34.7,4.96,2.0,4.96,0.16,0.0,0.0,1027.0,8228.0,0.0,0.0,0.0,0.0,0.0,1.0,0.0,0.0,0.0,-0.001,0.0,0.2,0.0,-12.3,-12.8,0.0166,16.0,25903.0
2026-07-30T18:57:56.219Z,45.702,45.714,-7.4,7.4,0.0,0.0,0.0,0.0,0.0,1.0,1.0,0.0,1.0,0.0,0.0,0.0,8.0,6.0,0.0,0.0,0.0,0.0,0.0,0.0,0.0,0.0,3.0,12.0,1.0,12.05,5.0200000000000005,2.5,1.49,-2.4000000000000004,0.3,2.4000000000000004,301.0,-0.1,-12.6,1.1,8.700000000000001,-82.80000000000001,0.0,0.0,219.8,0.0,22.200000000000003,31.4,31.4,34.6,300.0,300.0,29.5,35.800000000000004,32.800000000000004,32.4,34.7,4.96,2.0,4.96,0.16,0.0,0.0,1027.0,8228.0,0.0,0.0,0.0,0.0,0.0,1.0,0.0,0.0,0.0,-0.001,0.0,-0.6000000000000001,0.0,-10.7,-12.7,0.0157,16.0,25903.0
2026-07-30T18:57:56.231Z,45.714,45.726,-7.4,7.4,0.0,0.0,0.0,0.0,0.0,1.0,1.0,0.0,1.0,0.0,0.0,0.0,8.0,6.0,0.0,0.0,0.0,0.0,0.0,0.0,0.0,0.0,4.0,12.0,1.0,12.05,5.0200000000000005,2.5,1.49,-2.3000000000000003,0.3,2.3000000000000003,301.1,-0.1,-12.6,1.1,10.4,-82.80000000000001,0.0,0.0,219.8,0.0,22.200000000000003,31.4,31.4,34.6,300.0,300.0,29.5,35.800000000000004,32.800000000000004,32.4,34.7,4.95,2.0,4.96,0.16,0.0,0.0,1027.0,8228.0,0.0,0.0,0.0,0.0,0.0,1.0,0.0,0.0,0.0,-0.001,0.0,-1.0,0.0,-12.7,-12.8,0.0161,16.0,25903.0
2026-07-30T18:57:56.243Z,45.726,45.738,-7.5,7.4,0.0,0.0,0.0,0.0,0.0,1.0,1.0,0.0,1.0,0.0,0.0,0.0,8.0,6.0,0.0,0.0,0.0,0.0,0.0,0.0,0.0,0.0,6.0,12.0,1.0,12.05,5.0200000000000005,2.5,1.49,-2.3000000000000003,0.3,2.4000000000000004,301.0,-0.1,-13.2,1.7000000000000002,8.700000000000001,-82.80000000000001,0.0,0.0,219.8,0.0,22.200000000000003,31.4,31.4,34.6,300.0,300.0,29.5,35.800000000000004,32.800000000000004,32.4,34.7,4.95,2.0,4.96,0.16,0.0,0.0,1027.0,8228.0,0.0,0.0,0.0,0.0,0.0,1.0,0.0,0.0,0.0,-0.001,0.0,-0.1,0.0,-11.2,-12.8,0.0157,16.0,25903.0
2026-07-30T18:57:56.255Z,45.738,45.75,-7.5,7.4,0.0,0.0,0.0,0.0,0.0,1.0,1.0,0.0,1.0,0.0,0.0,0.0,8.0,6.0,0.0,0.0,0.0,0.0,0.0,0.0,0.0,0.0,1.0,12.0,1.0,12.05,5.0200000000000005,2.5,1.49,-2.4000000000000004,0.3,2.4000000000000004,301.0,-0.1,-13.8,0.0,9.3,-82.80000000000001,0.0,0.0,219.8,0.0,22.200000000000003,31.4,31.4,34.6,300.0,300.0,29.5,35.800000000000004,32.800000000000004,32.4,34.7,4.96,2.0,4.96,0.16,0.0,0.0,1027.0,8228.0,0.0,0.0,0.0,0.0,0.0,1.0,0.0,0.0,0.0,-0.001,0.0,-1.8,0.0,-10.6,-12.8,0.0159,16.0,25903.0
2026-07-30T18:57:56.267Z,45.75,45.762,-7.5,7.4,0.0,0.0,0.0,0.0,0.0,1.0,1.0,0.0,1.0,0.0,0.0,0.0,8.0,6.0,0.0,0.0,0.0,0.0,0.0,0.0,0.0,0.0,2.0,12.0,1.0,12.05,5.0200000000000005,2.5,1.49,-2.3000000000000003,0.3,2.3000000000000003,301.2,-0.1,-13.2,1.1,9.3,-82.80000000000001,0.0,0.0,219.8,0.0,22.200000000000003,31.4,31.4,34.6,300.0,300.0,29.5,35.800000000000004,32.800000000000004,32.4,34.7,4.96,2.0,4.96,0.16,0.0,0.0,1027.0,8228.0,0.0,0.0,0.0,0.0,0.0,1.0,0.0,0.0,0.0,-0.001,0.0,-0.7000000000000001,0.0,-11.4,-12.7,0.0154,16.0,25903.0
2026-07-30T18:57:56.278Z,45.761,45.774,-7.4,7.4,0.0,0.0,0.0,0.0,0.0,1.0,1.0,0.0,1.0,0.0,0.0,0.0,8.0,6.0,0.0,0.0,0.0,0.0,0.0,0.0,0.0,0.0,3.0,12.0,1.0,12.05,5.0200000000000005,2.5,1.49,-2.4000000000000004,0.3,2.4000000000000004,301.0,-0.1,-12.6,1.1,7.5,-82.80000000000001,0.0,0.0,219.7,0.0,22.200000000000003,31.4,31.4,34.6,300.0,300.0,29.5,35.800000000000004,32.800000000000004,32.4,34.7,4.96,2.0,4.96,0.16,0.0,0.0,1027.0,8228.0,0.0,0.0,0.0,0.0,0.0,1.0,0.0,0.0,0.0,-0.001,0.0,-0.4,0.0,-9.4,-12.7,0.0155,16.0,25903.0
2026-07-30T18:57:56.290Z,45.773,45.786,-7.4,7.4,0.0,0.0,0.0,0.0,0.0,1.0,1.0,0.0,1.0,0.0,0.0,0.0,8.0,6.0,0.0,0.0,0.0,0.0,0.0,0.0,0.0,0.0,4.0,12.0,1.0,12.05,5.0200000000000005,2.5,1.49,-2.2,0.2,2.2,301.0,-0.1,-10.9,2.9000000000000004,10.4,-82.80000000000001,0.0,0.0,219.8,0.0,22.200000000000003,31.4,31.4,34.6,300.0,300.0,29.5,35.800000000000004,32.800000000000004,32.4,34.7,4.96,2.0,4.96,0.16,0.0,0.0,1027.0,8228.0,0.0,0.0,0.0,0.0,0.0,1.0,0.0,0.0,0.0,-0.001,0.0,0.5,0.0,-14.0,-12.8,0.015,16.0,25903.0
2026-07-30T18:57:56.304Z,45.787,45.798,-7.5,7.4,0.0,0.0,0.0,0.0,0.0,1.0,1.0,0.0,1.0,0.0,0.0,0.0,8.0,6.0,0.0,0.0,0.0,0.0,0.0,0.0,0.0,0.0,5.0,12.0,1.0,12.05,5.01,2.51,1.49,-2.3000000000000003,0.2,2.3000000000000003,301.1,-0.1,-12.0,2.3000000000000003,9.9,-82.80000000000001,0.0,0.0,219.8,0.0,22.1,31.4,31.4,34.6,300.0,300.0,29.6,35.800000000000004,32.800000000000004,32.4,34.7,4.95,2.0,4.96,0.16,0.0,0.0,1027.0,8228.0,0.0,0.0,0.0,0.0,0.0,1.0,0.0,0.0,0.0,-0.001,0.0,-0.5,0.0,-13.2,-12.8,0.0155,16.0,25903.0
2026-07-30T18:57:56.315Z,45.798,45.81,-7.5,7.4,0.0,0.0,0.0,0.0,0.0,1.0,1.0,0.0,1.0,0.0,0.0,0.0,8.0,6.0,0.0,0.0,0.0,0.0,0.0,0.0,0.0,0.0,1.0,12.0,1.0,12.05,5.01,2.51,1.49,-2.3000000000000003,0.2,2.3000000000000003,301.0,-0.1,-11.4,1.7000000000000002,9.3,-82.80000000000001,0.0,0.0,219.8,0.0,22.1,31.4,31.4,34.6,300.0,300.0,29.6,35.800000000000004,32.800000000000004,32.4,34.7,4.95,2.0,4.96,0.16,0.0,0.0,1027.0,8228.0,0.0,0.0,0.0,0.0,0.0,1.0,0.0,0.0,0.0,-0.001,0.0,0.8,0.0,-12.0,-12.7,0.0154,16.0,25903.0
2026-07-30T18:57:56.327Z,45.81,45.822,-7.5,7.4,0.0,0.0,0.0,0.0,0.0,1.0,1.0,0.0,1.0,0.0,0.0,0.0,8.0,6.0,0.0,0.0,0.0,0.0,0.0,0.0,0.0,0.0,2.0,12.0,1.0,12.05,5.01,2.51,1.49,-2.2,0.2,2.2,300.90000000000003,-0.1,-12.0,2.3000000000000003,10.4,-82.80000000000001,0.0,0.0,219.8,0.0,22.1,31.4,31.4,34.6,300.0,300.0,29.6,35.800000000000004,32.800000000000004,32.4,34.7,4.95,2.0,4.96,0.16,0.0,0.0,1027.0,8228.0,0.0,0.0,0.0,0.0,0.0,1.0,0.0,0.0,0.0,-0.001,0.0,0.2,0.0,-15.4,-12.7,0.0156,16.0,25903.0
2026-07-30T18:57:56.338Z,45.821,45.834,-7.4,7.4,0.0,0.0,0.0,0.0,0.0,1.0,1.0,0.0,1.0,0.0,0.0,0.0,8.0,6.0,0.0,0.0,0.0,0.0,0.0,0.0,0.0,0.0,3.0,12.0,1.0,12.05,5.01,2.51,1.49,-2.2,0.2,2.2,301.0,-0.1,-12.6,2.3000000000000003,9.9,-82.80000000000001,0.0,0.0,219.8,0.0,22.1,31.4,31.4,34.6,300.0,300.0,29.6,35.800000000000004,32.800000000000004,32.4,34.7,4.95,2.0,4.96,0.16,0.0,0.0,1027.0,8228.0,0.0,0.0,0.0,0.0,0.0,1.0,0.0,0.0,0.0,-0.001,0.0,0.3,0.0,-15.4,-12.7,0.0149,16.0,25903.0
2026-07-30T18:57:56.351Z,45.834,45.846,-7.4,7.4,0.0,0.0,0.0,0.0,0.0,1.0,1.0,0.0,1.0,0.0,0.0,0.0,8.0,6.0,0.0,0.0,0.0,0.0,0.0,0.0,0.0,0.0,4.0,12.0,1.0,12.05,5.01,2.51,1.49,-2.3000000000000003,0.2,2.3000000000000003,301.1,-0.1,-12.6,2.9000000000000004,9.9,-82.80000000000001,0.0,0.0,219.8,0.0,22.1,31.4,31.4,34.6,300.0,300.0,29.6,35.800000000000004,32.800000000000004,32.4,34.7,4.96,2.0,4.96,0.16,0.0,0.0,1027.0,8228.0,0.0,0.0,0.0,0.0,0.0,1.0,0.0,0.0,0.0,-0.001,0.0,0.6000000000000001,0.0,-13.4,-12.8,0.015,16.0,25903.0
2026-07-30T18:57:56.363Z,45.846,45.858,-7.4,7.4,0.0,0.0,0.0,0.0,0.0,1.0,1.0,0.0,1.0,0.0,0.0,0.0,8.0,6.0,0.0,0.0,0.0,0.0,0.0,0.0,0.0,0.0,5.0,12.0,1.0,12.05,5.01,2.51,1.49,-2.3000000000000003,0.2,2.3000000000000003,301.0,-0.1,-12.0,2.3000000000000003,10.4,-82.80000000000001,0.0,0.0,219.8,0.0,22.1,31.4,31.4,34.6,300.0,300.0,29.6,35.800000000000004,32.800000000000004,32.4,34.7,4.96,2.0,4.96,0.16,0.0,0.0,1027.0,8228.0,0.0,0.0,0.0,0.0,0.0,1.0,0.0,0.0,0.0,-0.001,0.0,0.0,0.0,-13.6,-12.8,0.0154,16.0,25903.0
2026-07-30T18:57:56.375Z,45.858,45.87,-7.4,7.4,0.0,0.0,0.0,0.0,0.0,1.0,1.0,0.0,1.0,0.0,0.0,0.0,8.0,6.0,0.0,0.0,0.0,0.0,0.0,0.0,0.0,0.0,6.0,12.0,1.0,12.05,5.01,2.51,1.49,-2.4000000000000004,0.3,2.4000000000000004,300.90000000000003,-0.1,-12.0,1.7000000000000002,8.700000000000001,-82.80000000000001,0.0,0.0,219.6,0.0,22.1,31.4,31.4,34.6,300.0,300.0,29.6,35.800000000000004,32.800000000000004,32.4,34.7,4.96,2.0,4.96,0.16,0.0,0.0,1027.0,8228.0,0.0,0.0,0.0,0.0,0.0,1.0,0.0,0.0,0.0,-0.001,0.0,-0.1,0.0,-11.2,-12.8,0.0155,16.0,25903.0
2026-07-30T18:57:56.387Z,45.87,45.882,-7.4,7.4,0.0,0.0,0.0,0.0,0.0,1.0,1.0,0.0,1.0,0.0,0.0,0.0,8.0,6.0,0.0,0.0,0.0,0.0,0.0,0.0,0.0,0.0,6.0,12.0,1.0,12.05,5.01,2.51,1.49,-2.3000000000000003,0.2,2.3000000000000003,301.1,-0.1,-12.0,2.3000000000000003,9.3,-82.80000000000001,0.0,0.0,219.6,0.0,22.1,31.4,31.4,34.6,300.0,300.0,29.6,35.800000000000004,32.800000000000004,32.4,34.7,4.95,2.0,4.96,0.16,0.0,0.0,1027.0,8228.0,0.0,0.0,0.0,0.0,0.0,1.0,0.0,0.0,0.0,-0.001,0.0,0.2,0.0,-12.3,-12.9,0.0162,16.0,25903.0
2026-07-30T18:57:56.399Z,45.882,45.894,-7.5,7.4,0.0,0.0,0.0,0.0,0.0,1.0,1.0,0.0,1.0,0.0,0.0,0.0,8.0,6.0,0.0,0.0,0.0,0.0,0.0,0.0,0.0,0.0,5.0,12.0,1.0,12.05,5.01,2.51,1.49,-2.3000000000000003,0.3,2.3000000000000003,301.0,-0.1,-12.6,0.5,10.4,-82.80000000000001,0.0,0.0,219.6,0.0,22.1,31.4,31.4,34.6,300.0,300.0,29.6,35.800000000000004,32.800000000000004,32.4,34.7,4.95,2.0,4.96,0.16,0.0,0.0,1027.0,8228.0,0.0,0.0,0.0,0.0,0.0,1.0,0.0,0.0,0.0,-0.001,0.0,-1.5,0.0,-12.3,-12.8,0.0159,16.0,25903.0
2026-07-30T18:57:56.411Z,45.894,45.906,-7.5,7.4,0.0,0.0,0.0,0.0,0.0,1.0,1.0,0.0,1.0,0.0,0.0,0.0,8.0,6.0,0.0,0.0,0.0,0.0,0.0,0.0,0.0,0.0,6.0,12.0,1.0,12.05,5.0200000000000005,2.5,1.49,-2.3000000000000003,0.3,2.3000000000000003,301.1,-0.1,-12.0,1.7000000000000002,9.3,-82.80000000000001,0.0,0.0,219.7,0.0,21.8,31.4,31.4,34.6,300.0,300.0,29.6,36.0,32.800000000000004,32.4,34.7,4.95,2.0,4.96,0.16,0.0,0.0,1027.0,8228.0,0.0,0.0,0.0,0.0,0.0,1.0,0.0,0.0,0.0,-0.001,0.0,-0.2,0.0,-11.8,-12.7,0.0158,16.0,25903.0
2026-07-30T18:57:56.423Z,45.906,45.918,-7.4,7.4,0.0,0.0,0.0,0.0,0.0,1.0,1.0,0.0,1.0,0.0,0.0,0.0,8.0,6.0,0.0,0.0,0.0,0.0,0.0,0.0,0.0,0.0,1.0,12.0,1.0,12.05,5.0200000000000005,2.5,1.49,-2.3000000000000003,0.2,2.3000000000000003,301.1,-0.1,-13.8,2.3000000000000003,9.3,-82.80000000000001,0.0,0.0,219.7,0.0,21.8,31.4,31.4,34.6,300.0,300.0,29.6,36.0,32.800000000000004,32.4,34.7,4.95,2.0,4.96,0.16,0.0,0.0,1027.0,8228.0,0.0,0.0,0.0,0.0,0.0,1.0,0.0,0.0,0.0,-0.001,0.0,0.2,0.0,-12.3,-12.8,0.0159,16.0,25903.0
2026-07-30T18:57:56.435Z,45.918,45.93,-7.5,7.4,0.0,0.0,0.0,0.0,0.0,1.0,1.0,0.0,1.0,0.0,0.0,0.0,8.0,6.0,0.0,0.0,0.0,0.0,0.0,0.0,0.0,0.0,3.0,12.0,1.0,12.05,5.0200000000000005,2.5,1.49,-2.4000000000000004,0.3,2.4000000000000004,301.0,-0.1,-13.2,0.5,8.1,-82.80000000000001,0.0,0.0,219.7,0.0,21.8,31.4,31.4,34.6,300.0,300.0,29.6,36.0,32.800000000000004,32.4,34.7,4.96,2.0,4.96,0.16,0.0,0.0,1027.0,8228.0,0.0,0.0,0.0,0.0,0.0,1.0,0.0,0.0,0.0,-0.001,0.0,-1.0,0.0,-9.7,-12.8,0.0159,16.0,25903.0
2026-07-30T18:57:56.446Z,45.929,45.942,-7.5,7.4,0.0,0.0,0.0,0.0,0.0,1.0,1.0,0.0,1.0,0.0,0.0,0.0,8.0,6.0,0.0,0.0,0.0,0.0,0.0,0.0,0.0,0.0,4.0,12.0,1.0,12.05,5.0200000000000005,2.5,1.49,-2.4000000000000004,0.3,2.4000000000000004,301.0,-0.1,-12.0,0.0,8.700000000000001,-82.80000000000001,0.0,0.0,219.7,0.0,21.8,31.4,31.4,34.6,300.0,300.0,29.6,36.0,32.800000000000004,32.4,34.7,4.96,2.0,4.96,0.16,0.0,0.0,1027.0,8228.0,0.0,0.0,0.0,0.0,0.0,1.0,0.0,0.0,0.0,-0.001,0.0,-1.7000000000000002,0.0,-9.9,-12.7,0.0164,16.0,25903.0
2026-07-30T18:57:56.458Z,45.941,45.954,-7.5,7.4,0.0,0.0,0.0,0.0,0.0,1.0,1.0,0.0,1.0,0.0,0.0,0.0,8.0,6.0,0.0,0.0,0.0,0.0,0.0,0.0,0.0,0.0,5.0,12.0,1.0,12.05,5.0200000000000005,2.5,1.49,-2.4000000000000004,0.3,2.4000000000000004,301.1,-0.1,-13.2,0.0,7.5,-82.80000000000001,0.0,0.0,219.8,0.0,21.8,31.4,31.4,34.6,300.0,300.0,29.6,36.0,32.800000000000004,32.4,34.7,4.96,2.0,4.97,0.16,0.0,0.0,1027.0,8228.0,0.0,0.0,0.0,0.0,0.0,1.0,0.0,0.0,0.0,-0.001,0.0,-1.4,0.0,-8.6,-12.7,0.0163,16.0,25903.0
2026-07-30T18:57:56.470Z,45.953,45.966,-7.4,7.4,0.0,0.0,0.0,0.0,0.0,1.0,1.0,0.0,1.0,0.0,0.0,0.0,8.0,6.0,0.0,0.0,0.0,0.0,0.0,0.0,0.0,0.0,6.0,12.0,1.0,12.05,5.0200000000000005,2.5,1.49,-2.4000000000000004,0.3,2.4000000000000004,300.90000000000003,-0.1,-12.0,1.1,7.5,-82.7,0.0,0.0,219.8,0.0,21.8,31.4,31.4,34.6,300.0,300.0,29.6,36.0,32.800000000000004,32.4,34.7,4.96,2.0,4.97,0.16,0.0,0.0,1027.0,8228.0,0.0,0.0,0.0,0.0,0.0,1.0,0.0,0.0,0.0,-0.001,0.0,-0.4,0.0,-9.4,-12.7,0.0164,16.0,25903.0
2026-07-30T18:57:56.483Z,45.966,45.978,-7.4,7.4,0.0,0.0,0.0,0.0,0.0,1.0,1.0,0.0,1.0,0.0,0.0,0.0,8.0,6.0,0.0,0.0,0.0,0.0,0.0,0.0,0.0,0.0,1.0,12.0,1.0,12.05,5.0200000000000005,2.5,1.49,-2.3000000000000003,0.3,2.3000000000000003,301.0,-0.1,-13.2,1.7000000000000002,9.9,-82.7,0.0,0.0,219.7,0.0,21.8,31.4,31.4,34.6,300.0,300.0,29.6,36.0,32.800000000000004,32.4,34.7,4.95,2.0,4.97,0.16,0.0,0.0,1027.0,8228.0,0.0,0.0,0.0,0.0,0.0,1.0,0.0,0.0,0.0,-0.001,0.0,-0.3,0.0,-12.5,-12.8,0.0163,16.0,25903.0
2026-07-30T18:57:56.495Z,45.978,45.99,-7.4,7.4,0.0,0.0,0.0,0.0,0.0,1.0,1.0,0.0,1.0,0.0,0.0,0.0,8.0,6.0,0.0,0.0,0.0,0.0,0.0,0.0,0.0,0.0,2.0,12.0,1.0,12.05,5.0200000000000005,2.5,1.49,-2.3000000000000003,0.3,2.4000000000000004,301.1,-0.1,-13.2,1.7000000000000002,8.700000000000001,-82.7,0.0,0.0,219.6,0.0,21.8,31.4,31.4,34.6,300.0,300.0,29.6,36.0,32.800000000000004,32.4,34.7,4.95,2.0,4.96,0.16,0.0,0.0,1027.0,8228.0,0.0,0.0,0.0,0.0,0.0,1.0,0.0,0.0,0.0,-0.001,0.0,-0.1,0.0,-11.2,-12.8,0.0157,16.0,25903.0
2026-07-30T18:57:56.508Z,45.991,46.002,-7.5,7.4,0.0,0.0,0.0,0.0,0.0,1.0,1.0,0.0,1.0,0.0,0.0,0.0,8.0,6.0,0.0,0.0,0.0,0.0,0.0,0.0,0.0,0.0,4.0,12.0,1.0,12.04,5.01,2.51,1.5,-2.3000000000000003,0.2,2.3000000000000003,301.0,-0.1,-11.4,2.9000000000000004,9.3,-82.7,0.0,0.0,219.7,0.0,22.1,31.4,31.4,34.6,300.0,300.0,29.700000000000003,36.0,32.800000000000004,32.4,34.7,4.95,2.0,4.96,0.16,0.0,0.0,1027.0,8228.0,0.0,0.0,0.0,0.0,0.0,1.0,0.0,0.0,0.0,-0.001,0.0,0.7000000000000001,0.0,-12.7,-12.8,0.016,16.0,25903.0
2026-07-30T18:57:56.519Z,46.002,46.014,-7.5,7.4,0.0,0.0,0.0,0.0,0.0,1.0,1.0,0.0,1.0,0.0,0.0,0.0,8.0,6.0,0.0,0.0,0.0,0.0,0.0,0.0,0.0,0.0,4.0,12.0,1.0,12.04,5.01,2.51,1.5,-2.3000000000000003,0.2,2.3000000000000003,301.0,-0.1,-12.6,2.3000000000000003,10.4,-82.7,0.0,0.0,219.7,0.0,22.1,31.4,31.4,34.6,300.0,300.0,29.700000000000003,36.0,32.800000000000004,32.4,34.7,4.95,2.0,4.96,0.16,0.0,0.0,1027.0,8228.0,0.0,0.0,0.0,0.0,0.0,1.0,0.0,0.0,0.0,-0.001,0.0,0.0,0.0,-13.6,-12.7,0.0156,16.0,25903.0
2026-07-30T18:57:56.531Z,46.014,46.026,-7.4,7.4,0.0,0.0,0.0,0.0,0.0,1.0,1.0,0.0,1.0,0.0,0.0,0.0,8.0,6.0,0.0,0.0,0.0,0.0,0.0,0.0,0.0,0.0,5.0,12.0,1.0,12.04,5.01,2.51,1.5,-2.3000000000000003,0.3,2.3000000000000003,301.1,-0.1,-12.0,2.3000000000000003,10.4,-82.7,0.0,0.0,219.8,0.0,22.1,31.4,31.4,34.6,300.0,300.0,29.700000000000003,36.0,32.800000000000004,32.4,34.7,4.96,2.0,4.96,0.16,0.0,0.0,1027.0,8228.0,0.0,0.0,0.0,0.0,0.0,1.0,0.0,0.0,0.0,-0.001,0.0,0.0,0.0,-13.6,-12.8,0.0154,16.0,25903.0
2026-07-30T18:57:56.542Z,46.025,46.038,-7.4,7.4,0.0,0.0,0.0,0.0,0.0,1.0,1.0,0.0,1.0,0.0,0.0,0.0,8.0,6.0,0.0,0.0,0.0,0.0,0.0,0.0,0.0,0.0,6.0,12.0,1.0,12.04,5.01,2.51,1.5,-2.3000000000000003,0.3,2.3000000000000003,301.0,-0.1,-11.4,1.7000000000000002,9.3,-82.7,0.0,0.0,219.7,0.0,22.1,31.4,31.4,34.6,300.0,300.0,29.700000000000003,36.0,32.800000000000004,32.4,34.7,4.95,2.0,4.97,0.16,0.0,0.0,1027.0,8228.0,0.0,0.0,0.0,0.0,0.0,1.0,0.0,0.0,0.0,-0.001,0.0,-0.2,0.0,-11.8,-12.9,0.0155,16.0,25903.0
2026-07-30T18:57:56.555Z,46.038,46.05,-7.5,7.4,0.0,0.0,0.0,0.0,0.0,1.0,1.0,0.0,1.0,0.0,0.0,0.0,8.0,6.0,0.0,0.0,0.0,0.0,0.0,0.0,0.0,0.0,1.0,12.0,1.0,12.04,5.01,2.51,1.5,-2.2,0.2,2.2,301.2,-0.1,-10.9,3.5,11.0,-82.7,0.0,0.0,219.6,0.0,22.1,31.4,31.4,34.6,300.0,300.0,29.700000000000003,36.0,32.800000000000004,32.4,34.7,4.95,2.0,4.97,0.16,0.0,0.0,1027.0,8228.0,0.0,0.0,0.0,0.0,0.0,1.0,0.0,0.0,0.0,-0.001,0.0,0.9,0.0,-15.1,-12.8,0.0159,16.0,25903.0
2026-07-30T18:57:56.567Z,46.05,46.062,-7.5,7.4,0.0,0.0,0.0,0.0,0.0,1.0,1.0,0.0,1.0,0.0,0.0,0.0,8.0,6.0,0.0,0.0,0.0,0.0,0.0,0.0,0.0,0.0,2.0,12.0,1.0,12.04,5.01,2.51,1.5,-2.2,0.2,2.2,301.0,-0.1,-10.9,2.9000000000000004,11.0,-82.7,0.0,0.0,219.6,0.0,22.1,31.4,31.4,34.6,300.0,300.0,29.700000000000003,36.0,32.800000000000004,32.4,34.7,4.95,2.0,4.97,0.16,0.0,0.0,1027.0,8228.0,0.0,0.0,0.0,0.0,0.0,1.0,0.0,0.0,0.0,-0.001,0.0,0.4,0.0,-14.7,-12.7,0.0151,16.0,25903.0
2026-07-30T18:57:56.578Z,46.061,46.074,-7.4,7.4,0.0,0.0,0.0,0.0,0.0,1.0,1.0,0.0,1.0,0.0,0.0,0.0,8.0,6.0,0.0,0.0,0.0,0.0,0.0,0.0,0.0,0.0,4.0,12.0,1.0,12.04,5.01,2.51,1.5,-2.2,0.3,2.3000000000000003,301.0,-0.1,-10.9,2.3000000000000003,11.0,-82.7,0.0,0.0,219.6,0.0,22.1,31.4,31.4,34.6,300.0,300.0,29.700000000000003,36.0,32.800000000000004,32.4,34.7,4.96,2.0,4.97,0.16,0.0,0.0,1027.0,8228.0,0.0,0.0,0.0,0.0,0.0,1.0,0.0,0.0,0.0,-0.001,0.0,0.0,0.0,-14.3,-12.8,0.0152,16.0,25903.0
2026-07-30T18:57:56.591Z,46.074,46.086,-7.4,7.4,0.0,0.0,0.0,0.0,0.0,1.0,1.0,0.0,1.0,0.0,0.0,0.0,8.0,6.0,0.0,0.0,0.0,0.0,0.0,0.0,0.0,0.0,5.0,12.0,1.0,12.04,5.01,2.51,1.5,-2.3000000000000003,0.3,2.3000000000000003,301.1,-0.1,-10.9,1.7000000000000002,9.9,-82.7,0.0,0.0,219.7,0.0,22.1,31.4,31.4,34.6,300.0,300.0,29.700000000000003,36.0,32.800000000000004,32.4,34.7,4.96,2.0,4.97,0.16,0.0,0.0,1027.0,8228.0,0.0,0.0,0.0,0.0,0.0,1.0,0.0,0.0,0.0,-0.001,0.0,-0.3,0.0,-12.5,-12.8,0.0153,16.0,25903.0
2026-07-30T18:57:56.603Z,46.086,46.098,-7.5,7.4,0.0,0.0,0.0,0.0,0.0,1.0,1.0,0.0,1.0,0.0,0.0,0.0,8.0,6.0,0.0,0.0,0.0,0.0,0.0,0.0,0.0,0.0,1.0,12.0,1.0,12.04,5.01,2.51,1.5,-2.3000000000000003,0.2,2.3000000000000003,301.0,-0.1,-10.9,3.5,9.3,-82.7,0.0,0.0,219.7,0.0,22.1,31.4,31.4,34.6,300.0,300.0,29.700000000000003,36.0,32.800000000000004,32.4,34.7,4.96,2.0,4.96,0.16,0.0,0.0,1027.0,8228.0,0.0,0.0,0.0,0.0,0.0,1.0,0.0,0.0,0.0,-0.001,0.0,1.3,0.0,-13.1,-12.8,0.0157,16.0,25903.0
2026-07-30T18:57:56.615Z,46.098,46.11,-7.5,7.4,0.0,0.0,0.0,0.0,0.0,1.0,1.0,0.0,1.0,0.0,0.0,0.0,8.0,6.0,0.0,0.0,0.0,0.0,0.0,0.0,0.0,0.0,2.0,12.0,1.0,12.05,5.01,2.5,1.49,-2.3000000000000003,0.2,2.3000000000000003,301.1,-0.1,-10.9,2.3000000000000003,9.9,-82.7,0.0,0.0,219.7,0.0,21.9,31.4,31.4,34.7,300.0,300.0,29.700000000000003,35.9,32.800000000000004,32.2,34.7,4.96,2.0,4.96,0.16,0.0,0.0,1027.0,8228.0,0.0,0.0,0.0,0.0,0.0,1.0,0.0,0.0,0.0,-0.001,0.0,0.1,0.0,-12.9,-12.7,0.0154,16.0,25903.0
2026-07-30T18:57:56.626Z,46.109,46.122,-7.4,7.4,0.0,0.0,0.0,0.0,0.0,1.0,1.0,0.0,1.0,0.0,0.0,0.0,8.0,6.0,0.0,0.0,0.0,0.0,0.0,0.0,0.0,0.0,3.0,12.0,1.0,12.05,5.01,2.5,1.49,-2.3000000000000003,0.2,2.3000000000000003,301.1,-0.1,-11.4,2.3000000000000003,9.9,-82.7,0.0,0.0,219.7,0.0,21.9,31.4,31.4,34.7,300.0,300.0,29.700000000000003,35.9,32.800000000000004,32.2,34.7,4.95,2.0,4.96,0.16,0.0,0.0,1027.0,8228.0,0.0,0.0,0.0,0.0,0.0,1.0,0.0,0.0,0.0,-0.001,0.0,0.1,0.0,-12.9,-12.8,0.0156,16.0,25903.0
2026-07-30T18:57:56.638Z,46.121,46.134,-7.4,7.4,0.0,0.0,0.0,0.0,0.0,1.0,1.0,0.0,1.0,0.0,0.0,0.0,8.0,6.0,0.0,0.0,0.0,0.0,0.0,0.0,0.0,0.0,4.0,12.0,1.0,12.05,5.01,2.5,1.49,-2.3000000000000003,0.3,2.3000000000000003,301.0,-0.1,-11.4,1.7000000000000002,9.9,-82.7,0.0,0.0,219.7,0.0,21.9,31.4,31.4,34.7,300.0,300.0,29.700000000000003,35.9,32.800000000000004,32.2,34.7,4.96,2.0,4.96,0.16,0.0,0.0,1027.0,8228.0,0.0,0.0,0.0,0.0,0.0,1.0,0.0,0.0,0.0,-0.001,0.0,-0.3,0.0,-12.5,-12.8,0.0156,16.0,25903.0
2026-07-30T18:57:56.651Z,46.134,46.146,-7.4,7.4,0.0,0.0,0.0,0.0,0.0,1.0,1.0,0.0,1.0,0.0,0.0,0.0,8.0,6.0,0.0,0.0,0.0,0.0,0.0,0.0,0.0,0.0,5.0,12.0,1.0,12.05,5.01,2.5,1.49,-2.3000000000000003,0.2,2.3000000000000003,301.1,-0.1,-12.0,3.5,8.1,-82.7,0.0,0.0,219.7,0.0,21.9,31.4,31.4,34.7,300.0,300.0,29.700000000000003,35.9,32.800000000000004,32.2,34.7,4.96,2.0,4.97,0.16,0.0,0.0,1027.0,8228.0,0.0,0.0,0.0,0.0,0.0,1.0,0.0,0.0,0.0,-0.001,0.0,1.5,0.0,-11.8,-12.8,0.0157,16.0,25903.0
2026-07-30T18:57:56.663Z,46.146,46.158,-7.4,7.4,0.0,0.0,0.0,0.0,0.0,1.0,1.0,0.0,1.0,0.0,0.0,0.0,8.0,6.0,0.0,0.0,0.0,0.0,0.0,0.0,0.0,0.0,6.0,12.0,1.0,12.05,5.01,2.5,1.49,-2.3000000000000003,0.2,2.3000000000000003,301.1,-0.1,-11.4,2.3000000000000003,9.3,-82.7,0.0,0.0,219.7,0.0,21.9,31.4,31.4,34.7,300.0,300.0,29.700000000000003,35.9,32.800000000000004,32.2,34.7,4.95,2.0,4.97,0.16,0.0,0.0,1027.0,8228.0,0.0,0.0,0.0,0.0,0.0,1.0,0.0,0.0,0.0,-0.001,0.0,0.2,0.0,-12.3,-12.8,0.0158,16.0,25903.0
2026-07-30T18:57:56.675Z,46.158,46.17,-7.5,7.4,0.0,0.0,0.0,0.0,0.0,1.0,1.0,0.0,1.0,0.0,0.0,0.0,8.0,6.0,0.0,0.0,0.0,0.0,0.0,0.0,0.0,0.0,1.0,12.0,1.0,12.05,5.01,2.5,1.49,-2.3000000000000003,0.2,2.3000000000000003,301.0,-0.1,-10.9,2.9000000000000004,9.3,-82.7,0.0,0.0,219.7,0.0,21.9,31.4,31.4,34.7,300.0,300.0,29.700000000000003,35.9,32.800000000000004,32.2,34.7,4.95,2.0,4.96,0.16,0.0,0.0,1027.0,8228.0,0.0,0.0,0.0,0.0,0.0,1.0,0.0,0.0,0.0,-0.001,0.0,0.7000000000000001,0.0,-12.7,-12.8,0.0157,16.0,25903.0
2026-07-30T18:57:56.687Z,46.17,46.182,-7.5,7.4,0.0,0.0,0.0,0.0,0.0,1.0,1.0,0.0,1.0,0.0,0.0,0.0,8.0,6.0,0.0,0.0,0.0,0.0,0.0,0.0,0.0,0.0,3.0,12.0,1.0,12.05,5.01,2.5,1.49,-2.4000000000000004,0.3,2.4000000000000004,301.1,-0.1,-12.0,1.1,8.1,-82.7,0.0,0.0,219.7,0.0,21.9,31.4,31.4,34.7,300.0,300.0,29.700000000000003,35.9,32.800000000000004,32.2,34.7,4.96,2.0,4.96,0.16,0.0,0.0,1027.0,8228.0,0.0,0.0,0.0,0.0,0.0,1.0,0.0,0.0,0.0,-0.001,0.0,-0.5,0.0,-10.1,-12.7,0.0156,16.0,25903.0
2026-07-30T18:57:56.703Z,46.186,46.194,-7.5,7.4,0.0,0.0,0.0,0.0,0.0,1.0,1.0,0.0,1.0,0.0,0.0,0.0,8.0,6.0,0.0,0.0,0.0,0.0,0.0,0.0,0.0,0.0,4.0,12.0,1.0,12.05,5.01,2.5,1.49,-2.3000000000000003,0.3,2.3000000000000003,301.1,-0.1,-11.4,1.7000000000000002,9.9,-82.7,0.0,0.0,219.7,0.0,21.9,31.4,31.4,34.7,300.0,300.0,29.700000000000003,35.9,32.800000000000004,32.2,34.7,4.96,2.0,4.96,0.16,0.0,0.0,1027.0,8228.0,0.0,0.0,0.0,0.0,0.0,1.0,0.0,0.0,0.0,-0.001,0.0,-0.3,0.0,-12.5,-12.7,0.0157,16.0,25903.0
2026-07-30T18:57:56.712Z,46.195,46.206,-7.4,7.4,0.0,0.0,0.0,0.0,0.0,1.0,1.0,0.0,1.0,0.0,0.0,0.0,8.0,6.0,0.0,0.0,0.0,0.0,0.0,0.0,0.0,0.0,1.0,12.0,1.0,12.06,5.01,2.5,1.49,-2.3000000000000003,0.2,2.3000000000000003,301.0,-0.1,-13.2,2.9000000000000004,9.3,-82.7,0.0,0.0,219.7,0.0,22.6,31.5,31.5,34.7,300.0,300.0,29.8,35.800000000000004,32.9,32.300000000000004,34.7,4.95,2.0,4.96,0.16,0.0,0.0,1027.0,8228.0,0.0,0.0,0.0,0.0,0.0,1.0,0.0,0.0,0.0,-0.001,0.0,0.7000000000000001,0.0,-12.7,-12.8,0.0156,16.0,25903.0
2026-07-30T18:57:56.723Z,46.206,46.218,-7.4,7.4,0.0,0.0,0.0,0.0,0.0,1.0,1.0,0.0,1.0,0.0,0.0,0.0,8.0,6.0,0.0,0.0,0.0,0.0,0.0,0.0,0.0,0.0,3.0,12.0,1.0,12.06,5.01,2.5,1.49,-2.4000000000000004,0.3,2.4000000000000004,301.1,-0.1,-13.2,1.1,8.1,-82.7,0.0,0.0,219.6,0.0,22.6,31.5,31.5,34.7,300.0,300.0,29.8,35.800000000000004,32.9,32.300000000000004,34.7,4.96,2.0,4.96,0.16,0.0,0.0,1027.0,8228.0,0.0,0.0,0.0,0.0,0.0,1.0,0.0,0.0,0.0,-0.001,0.0,-0.5,0.0,-10.1,-12.8,0.0157,16.0,25903.0
2026-07-30T18:57:56.735Z,46.218,46.23,-7.5,7.4,0.0,0.0,0.0,0.0,0.0,1.0,1.0,0.0,1.0,0.0,0.0,0.0,8.0,6.0,0.0,0.0,0.0,0.0,0.0,0.0,0.0,0.0,5.0,12.0,1.0,12.06,5.01,2.5,1.49,-2.4000000000000004,0.3,2.5,301.1,-0.1,-12.6,-0.5,6.9,-82.60000000000001,0.0,0.0,219.6,0.0,22.6,31.5,31.5,34.7,300.0,300.0,29.8,35.800000000000004,32.9,32.300000000000004,34.7,4.95,2.0,4.97,0.16,0.0,0.0,1027.0,8228.0,0.0,0.0,0.0,0.0,0.0,1.0,0.0,0.0,0.0,-0.001,0.0,-1.8,0.0,-7.5,-12.8,0.0162,16.0,25903.0
2026-07-30T18:57:56.747Z,46.23,46.242,-7.5,7.4,0.0,0.0,0.0,0.0,0.0,1.0,1.0,0.0,1.0,0.0,0.0,0.0,8.0,6.0,0.0,0.0,0.0,0.0,0.0,0.0,0.0,0.0,6.0,12.0,1.0,12.06,5.01,2.5,1.49,-2.3000000000000003,0.2,2.3000000000000003,301.1,-0.1,-12.6,1.7000000000000002,8.700000000000001,-82.60000000000001,0.0,0.0,219.6,0.0,22.6,31.5,31.5,34.7,300.0,300.0,29.8,35.800000000000004,32.9,32.300000000000004,34.7,4.95,2.0,4.96,0.16,0.0,0.0,1027.0,8228.0,0.0,0.0,0.0,0.0,0.0,1.0,0.0,0.0,0.0,-0.001,0.0,-0.1,0.0,-11.2,-12.7,0.0168,16.0,25903.0
2026-07-30T18:57:56.759Z,46.242,46.254,-7.4,7.4,0.0,0.0,0.0,0.0,0.0,1.0,1.0,0.0,1.0,0.0,0.0,0.0,8.0,6.0,0.0,0.0,0.0,0.0,0.0,0.0,0.0,0.0,1.0,12.0,1.0,12.06,5.01,2.5,1.49,-2.3000000000000003,0.2,2.3000000000000003,301.1,-0.1,-13.2,2.3000000000000003,9.3,-82.60000000000001,0.0,0.0,219.7,0.0,22.6,31.5,31.5,34.7,300.0,300.0,29.8,35.800000000000004,32.9,32.300000000000004,34.7,4.95,2.0,4.96,0.16,0.0,0.0,1027.0,8228.0,0.0,0.0,0.0,0.0,0.0,1.0,0.0,0.0,0.0,-0.001,0.0,0.2,0.0,-12.3,-12.7,0.015,16.0,25903.0
2026-07-30T18:57:56.770Z,46.253,46.266,-7.4,7.4,0.0,0.0,0.0,0.0,0.0,1.0,1.0,0.0,1.0,0.0,0.0,0.0,8.0,6.0,0.0,0.0,0.0,0.0,0.0,0.0,0.0,0.0,2.0,12.0,1.0,12.06,5.01,2.5,1.49,-2.3000000000000003,0.3,2.4000000000000004,301.1,-0.1,-13.2,1.1,9.3,-82.60000000000001,0.0,0.0,219.7,0.0,22.6,31.5,31.5,34.7,300.0,300.0,29.8,35.800000000000004,32.9,32.300000000000004,34.7,4.95,2.0,4.96,0.16,0.0,0.0,1027.0,8228.0,0.0,0.0,0.0,0.0,0.0,1.0,0.0,0.0,0.0,-0.001,0.0,-0.7000000000000001,0.0,-11.4,-12.8,0.0156,16.0,25903.0
2026-07-30T18:57:56.783Z,46.266,46.278,-7.4,7.4,0.0,0.0,0.0,0.0,0.0,1.0,1.0,0.0,1.0,0.0,0.0,0.0,8.0,6.0,0.0,0.0,0.0,0.0,0.0,0.0,0.0,0.0,3.0,12.0,1.0,12.06,5.01,2.5,1.49,-2.3000000000000003,0.3,2.4000000000000004,301.0,-0.1,-12.6,0.5,9.9,-82.60000000000001,0.0,0.0,219.7,0.0,22.6,31.5,31.5,34.7,300.0,300.0,29.8,35.800000000000004,32.9,32.300000000000004,34.7,4.95,2.0,4.97,0.16,0.0,0.0,1027.0,8228.0,0.0,0.0,0.0,0.0,0.0,1.0,0.0,0.0,0.0,-0.001,0.0,-1.4,0.0,-11.7,-12.9,0.0155,16.0,25903.0
2026-07-30T18:57:56.794Z,46.277,46.29,-7.4,7.4,0.0,0.0,0.0,0.0,0.0,1.0,1.0,0.0,1.0,0.0,0.0,0.0,8.0,6.0,0.0,0.0,0.0,0.0,0.0,0.0,0.0,0.0,4.0,12.0,1.0,12.06,5.01,2.5,1.49,-2.4000000000000004,0.3,2.4000000000000004,301.1,-0.1,-13.2,1.1,8.700000000000001,-82.60000000000001,0.0,0.0,219.6,0.0,22.6,31.5,31.5,34.7,300.0,300.0,29.8,35.800000000000004,32.9,32.300000000000004,34.7,4.95,2.0,4.96,0.16,0.0,0.0,1027.0,8228.0,0.0,0.0,0.0,0.0,0.0,1.0,0.0,0.0,0.0,-0.001,0.0,-0.6000000000000001,0.0,-10.8,-12.8,0.0157,16.0,25903.0
2026-07-30T18:57:56.807Z,46.29,46.302,-7.5,7.4,0.0,0.0,0.0,0.0,0.0,1.0,1.0,0.0,1.0,0.0,0.0,0.0,8.0,6.0,0.0,0.0,0.0,0.0,0.0,0.0,0.0,0.0,6.0,12.0,1.0,12.06,5.01,2.5,1.49,-2.2,0.2,2.2,301.0,-0.1,-11.4,2.9000000000000004,11.0,-82.60000000000001,0.0,0.0,219.6,0.0,22.6,31.5,31.5,34.7,300.0,300.0,29.8,35.800000000000004,32.9,32.300000000000004,34.7,4.96,2.0,4.96,0.16,0.0,0.0,1027.0,8228.0,0.0,0.0,0.0,0.0,0.0,1.0,0.0,0.0,0.0,-0.001,0.0,0.4,0.0,-14.7,-12.8,0.0156,16.0,25903.0
2026-07-30T18:57:56.819Z,46.302,46.314,-7.4,7.4,0.0,0.0,0.0,0.0,0.0,1.0,1.0,0.0,1.0,0.0,0.0,0.0,8.0,6.0,0.0,0.0,0.0,0.0,0.0,0.0,0.0,0.0,5.0,12.0,1.0,12.06,5.0200000000000005,2.5,1.49,-2.2,0.2,2.3000000000000003,301.0,-0.1,-11.4,2.9000000000000004,10.4,-82.60000000000001,0.0,0.0,219.8,0.0,22.200000000000003,31.5,31.5,34.7,300.0,300.0,29.700000000000003,35.800000000000004,32.9,32.4,34.800000000000004,4.95,2.0,4.96,0.16,0.0,0.0,1027.0,8228.0,0.0,0.0,0.0,0.0,0.0,1.0,0.0,0.0,0.0,-0.001,0.0,1.5,0.0,-14.9,-12.7,0.015,16.0,25903.0
2026-07-30T18:57:56.831Z,46.314,46.326,-7.4,7.4,0.0,0.0,0.0,0.0,0.0,1.0,1.0,0.0,1.0,0.0,0.0,0.0,8.0,6.0,0.0,0.0,0.0,0.0,0.0,0.0,0.0,0.0,6.0,12.0,1.0,12.06,5.0200000000000005,2.5,1.49,-2.3000000000000003,0.3,2.3000000000000003,301.1,-0.1,-10.9,1.7000000000000002,9.9,-82.60000000000001,0.0,0.0,219.7,0.0,22.200000000000003,31.5,31.5,34.7,300.0,300.0,29.700000000000003,35.800000000000004,32.9,32.4,34.800000000000004,4.95,2.0,4.97,0.16,0.0,0.0,1027.0,8228.0,0.0,0.0,0.0,0.0,0.0,1.0,0.0,0.0,0.0,-0.001,0.0,0.0,0.0,-14.3,-12.8,0.0151,16.0,25903.0
2026-07-30T18:57:56.843Z,46.326,46.338,-7.5,7.4,0.0,0.0,0.0,0.0,0.0,1.0,1.0,0.0,1.0,0.0,0.0,0.0,8.0,6.0,0.0,0.0,0.0,0.0,0.0,0.0,0.0,0.0,1.0,12.0,1.0,12.06,5.0200000000000005,2.5,1.49,-2.2,0.2,2.2,301.1,-0.1,-11.4,3.5,11.0,-82.60000000000001,0.0,0.0,219.7,0.0,22.200000000000003,31.5,31.5,34.7,300.0,300.0,29.700000000000003,35.800000000000004,32.9,32.4,34.800000000000004,4.95,2.0,4.96,0.16,0.0,0.0,1027.0,8228.0,0.0,0.0,0.0,0.0,0.0,1.0,0.0,0.0,0.0,-0.001,0.0,0.5,0.0,-14.0,-12.8,0.0153,16.0,25903.0
2026-07-30T18:57:56.855Z,46.338,46.35,-7.5,7.4,0.0,0.0,0.0,0.0,0.0,1.0,1.0,0.0,1.0,0.0,0.0,0.0,8.0,6.0,0.0,0.0,0.0,0.0,0.0,0.0,0.0,0.0,2.0,12.0,1.0,12.06,5.0200000000000005,2.5,1.49,-2.1,0.2,2.2,301.1,-0.1,-10.9,2.9000000000000004,10.4,-82.7,0.0,0.0,219.7,0.0,22.200000000000003,31.5,31.5,34.7,300.0,300.0,29.700000000000003,35.800000000000004,32.9,32.4,34.800000000000004,4.96,2.0,4.96,0.16,0.0,0.0,1027.0,8228.0,0.0,0.0,0.0,0.0,0.0,1.0,0.0,0.0,0.0,-0.001,0.0,0.7000000000000001,0.0,-16.5,-12.7,0.0153,16.0,25903.0
2026-07-30T18:57:56.867Z,46.35,46.362,-7.4,7.4,0.0,0.0,0.0,0.0,0.0,1.0,1.0,0.0,1.0,0.0,0.0,0.0,8.0,6.0,0.0,0.0,0.0,0.0,0.0,0.0,0.0,0.0,3.0,12.0,1.0,12.06,5.0200000000000005,2.5,1.49,-2.3000000000000003,0.3,2.3000000000000003,301.0,-0.1,-11.4,1.7000000000000002,8.700000000000001,-82.7,0.0,0.0,219.8,0.0,22.200000000000003,31.5,31.5,34.7,300.0,300.0,29.700000000000003,35.800000000000004,32.9,32.4,34.800000000000004,4.95,2.0,4.96,0.16,0.0,0.0,1027.0,8228.0,0.0,0.0,0.0,0.0,0.0,1.0,0.0,0.0,0.0,-0.001,0.0,-0.1,0.0,-11.2,-12.7,0.0146,16.0,25903.0
2026-07-30T18:57:56.879Z,46.362,46.374,-7.5,7.4,0.0,0.0,0.0,0.0,0.0,1.0,1.0,0.0,1.0,0.0,0.0,0.0,8.0,6.0,0.0,0.0,0.0,0.0,0.0,0.0,0.0,0.0,5.0,12.0,1.0,12.06,5.0200000000000005,2.5,1.49,-2.3000000000000003,0.2,2.3000000000000003,301.1,-0.1,-11.4,2.3000000000000003,9.9,-82.7,0.0,0.0,219.8,0.0,22.200000000000003,31.5,31.5,34.7,300.0,300.0,29.700000000000003,35.800000000000004,32.9,32.4,34.800000000000004,4.95,1.99,4.96,0.16,0.0,0.0,1027.0,8228.0,0.0,0.0,0.0,0.0,0.0,1.0,0.0,0.0,0.0,-0.001,0.0,0.1,0.0,-12.9,-12.8,0.0158,16.0,25903.0
2026-07-30T18:57:56.891Z,46.374,46.386,-7.5,7.4,0.0,0.0,0.0,0.0,0.0,1.0,1.0,0.0,1.0,0.0,0.0,0.0,8.0,6.0,0.0,0.0,0.0,0.0,0.0,0.0,0.0,0.0,6.0,12.0,1.0,12.06,5.0200000000000005,2.5,1.49,-2.3000000000000003,0.3,2.3000000000000003,301.1,-0.1,-12.0,1.1,9.9,-82.7,0.0,0.0,219.8,0.0,22.200000000000003,31.5,31.5,34.7,300.0,300.0,29.700000000000003,35.800000000000004,32.9,32.4,34.800000000000004,4.95,2.0,4.96,0.16,0.0,0.0,1027.0,8228.0,0.0,0.0,0.0,0.0,0.0,1.0,0.0,0.0,0.0,-0.001,0.0,-0.9,0.0,-12.1,-12.7,0.0154,16.0,25903.0
2026-07-30T18:57:56.903Z,46.386,46.398,-7.4,7.4,0.0,0.0,0.0,0.0,0.0,1.0,1.0,0.0,1.0,0.0,0.0,0.0,8.0,6.0,0.0,0.0,0.0,0.0,0.0,0.0,0.0,0.0,2.0,12.0,1.0,12.06,5.0200000000000005,2.5,1.49,-2.3000000000000003,0.3,2.3000000000000003,301.1,-0.1,-12.6,1.1,9.3,-82.7,0.0,0.0,219.8,0.0,22.200000000000003,31.5,31.5,34.7,300.0,300.0,29.700000000000003,35.800000000000004,32.9,32.4,34.800000000000004,4.95,2.0,4.96,0.16,0.0,0.0,1027.0,8228.0,0.0,0.0,0.0,0.0,0.0,1.0,0.0,0.0,0.0,-0.001,0.0,-0.7000000000000001,0.0,-11.4,-12.7,0.0156,16.0,25903.0
2026-07-30T18:57:56.916Z,46.399,46.41,-7.4,7.4,0.0,0.0,0.0,0.0,0.0,1.0,1.0,0.0,1.0,0.0,0.0,0.0,8.0,6.0,0.0,0.0,0.0,0.0,0.0,0.0,0.0,0.0,3.0,12.0,1.0,12.06,5.0200000000000005,2.51,1.49,-2.3000000000000003,0.3,2.4000000000000004,301.1,-0.1,-12.0,1.7000000000000002,8.700000000000001,-82.7,0.0,0.0,219.8,0.0,22.1,31.5,31.5,34.7,300.0,300.0,29.700000000000003,35.800000000000004,32.9,32.4,34.800000000000004,4.96,2.0,4.97,0.16,0.0,0.0,1027.0,8228.0,0.0,0.0,0.0,0.0,0.0,1.0,0.0,0.0,0.0,-0.001,0.0,-0.1,0.0,-11.2,-12.8,0.0159,16.0,25903.0
2026-07-30T18:57:56.927Z,46.41,46.422,-7.4,7.4,0.0,0.0,0.0,0.0,0.0,1.0,1.0,0.0,1.0,0.0,0.0,0.0,8.0,6.0,0.0,0.0,0.0,0.0,0.0,0.0,0.0,0.0,4.0,12.0,1.0,12.06,5.0200000000000005,2.51,1.49,-2.4000000000000004,0.3,2.4000000000000004,300.90000000000003,-0.1,-12.6,0.0,7.5,-82.7,0.0,0.0,219.7,0.0,22.1,31.5,31.5,34.7,300.0,300.0,29.700000000000003,35.800000000000004,32.9,32.4,34.800000000000004,4.95,2.0,4.96,0.16,0.0,0.0,1027.0,8228.0,0.0,0.0,0.0,0.0,0.0,1.0,0.0,0.0,0.0,-0.001,0.0,-1.4,0.0,-8.6,-12.9,0.016,16.0,25903.0
2026-07-30T18:57:56.939Z,46.422,46.434,-7.5,7.4,0.0,0.0,0.0,0.0,0.0,1.0,1.0,0.0,1.0,0.0,0.0,0.0,8.0,6.0,0.0,0.0,0.0,0.0,0.0,0.0,0.0,0.0,5.0,12.0,1.0,12.06,5.0200000000000005,2.51,1.49,-2.3000000000000003,0.2,2.3000000000000003,301.0,-0.1,-13.2,2.3000000000000003,8.700000000000001,-82.7,0.0,0.0,219.6,0.0,22.1,31.5,31.5,34.7,300.0,300.0,29.700000000000003,35.800000000000004,32.9,32.4,34.800000000000004,4.95,2.0,4.97,0.16,0.0,0.0,1027.0,8228.0,0.0,0.0,0.0,0.0,0.0,1.0,0.0,0.0,0.0,-0.001,0.0,0.4,0.0,-11.6,-12.8,0.0166,16.0,25903.0
2026-07-30T18:57:56.951Z,46.434,46.446,-7.5,7.4,0.0,0.0,0.0,0.0,0.0,1.0,1.0,0.0,1.0,0.0,0.0,0.0,8.0,6.0,0.0,0.0,0.0,0.0,0.0,0.0,0.0,0.0,1.0,12.0,1.0,12.06,5.0200000000000005,2.51,1.49,-2.3000000000000003,0.2,2.3000000000000003,301.1,-0.1,-12.0,2.9000000000000004,8.700000000000001,-82.7,0.0,0.0,219.7,0.0,22.1,31.5,31.5,34.7,300.0,300.0,29.700000000000003,35.800000000000004,32.9,32.4,34.800000000000004,4.95,2.0,4.97,0.16,0.0,0.0,1027.0,8228.0,0.0,0.0,0.0,0.0,0.0,1.0,0.0,0.0,0.0,-0.001,0.0,0.8,0.0,-12.0,-12.7,0.0159,16.0,25903.0
2026-07-30T18:57:56.963Z,46.446,46.458,-7.4,7.4,0.0,0.0,0.0,0.0,0.0,1.0,1.0,0.0,1.0,0.0,0.0,0.0,8.0,6.0,0.0,0.0,0.0,0.0,0.0,0.0,0.0,0.0,2.0,12.0,1.0,12.06,5.0200000000000005,2.51,1.49,-2.3000000000000003,0.2,2.3000000000000003,301.0,-0.1,-12.6,2.3000000000000003,8.700000000000001,-82.7,0.0,0.0,219.8,0.0,22.1,31.5,31.5,34.7,300.0,300.0,29.700000000000003,35.800000000000004,32.9,32.4,34.800000000000004,4.96,2.0,4.96,0.16,0.0,0.0,1027.0,8228.0,0.0,0.0,0.0,0.0,0.0,1.0,0.0,0.0,0.0,-0.001,0.0,0.3,0.0,-11.6,-12.8,0.0157,16.0,25903.0
2026-07-30T18:57:56.975Z,46.458,46.47,-7.4,7.4,0.0,0.0,0.0,0.0,0.0,1.0,1.0,0.0,1.0,0.0,0.0,0.0,8.0,6.0,0.0,0.0,0.0,0.0,0.0,0.0,0.0,0.0,3.0,12.0,1.0,12.06,5.0200000000000005,2.51,1.49,-2.4000000000000004,0.3,2.4000000000000004,301.1,-0.1,-12.6,-0.5,8.1,-82.7,0.0,0.0,219.7,0.0,22.1,31.5,31.5,34.7,300.0,300.0,29.700000000000003,35.800000000000004,32.9,32.4,34.800000000000004,4.95,2.0,4.96,0.16,0.0,0.0,1027.0,8228.0,0.0,0.0,0.0,0.0,0.0,1.0,0.0,0.0,0.0,-0.001,0.0,-2.1,0.0,-8.8,-12.8,0.0158,16.0,25903.0
2026-07-30T18:57:56.986Z,46.469,46.482,-7.5,7.4,0.0,0.0,0.0,0.0,0.0,1.0,1.0,0.0,1.0,0.0,0.0,0.0,8.0,6.0,0.0,0.0,0.0,0.0,0.0,0.0,0.0,0.0,4.0,12.0,1.0,12.06,5.0200000000000005,2.51,1.49,-2.3000000000000003,0.3,2.4000000000000004,301.0,-0.1,-12.0,1.1,8.700000000000001,-82.60000000000001,0.0,0.0,219.6,0.0,22.1,31.5,31.5,34.7,300.0,300.0,29.700000000000003,35.800000000000004,32.9,32.4,34.800000000000004,4.95,2.0,4.96,0.16,0.0,0.0,1027.0,8228.0,0.0,0.0,0.0,0.0,0.0,1.0,0.0,0.0,0.0,-0.001,0.0,-0.6000000000000001,0.0,-10.8,-12.8,0.0165,16.0,25903.0
2026-07-30T18:57:56.998Z,46.481,46.494,-7.5,7.4,0.0,0.0,0.0,0.0,0.0,1.0,1.0,0.0,1.0,0.0,0.0,0.0,8.0,6.0,0.0,0.0,0.0,0.0,0.0,0.0,0.0,0.0,5.0,12.0,1.0,12.06,5.0200000000000005,2.51,1.49,-2.3000000000000003,0.3,2.3000000000000003,301.0,-0.1,-12.0,2.3000000000000003,9.9,-82.60000000000001,0.0,0.0,219.5,0.0,22.1,31.5,31.5,34.7,300.0,300.0,29.700000000000003,35.800000000000004,32.9,32.4,34.800000000000004,4.96,2.0,4.96,0.16,0.0,0.0,1027.0,8228.0,0.0,0.0,0.0,0.0,0.0,1.0,0.0,0.0,0.0,-0.001,0.0,0.1,0.0,-12.9,-12.8,0.016,16.0,25903.0
2026-07-30T18:57:57.011Z,46.494,46.506,-7.4,7.4,0.0,0.0,0.0,0.0,0.0,1.0,1.0,0.0,1.0,0.0,0.0,0.0,8.0,6.0,0.0,0.0,0.0,0.0,0.0,0.0,0.0,0.0,1.0,12.0,1.0,12.06,5.0200000000000005,2.51,1.49,-2.3000000000000003,0.3,2.3000000000000003,301.1,-0.1,-12.0,1.7000000000000002,9.9,-82.60000000000001,0.0,0.0,219.6,0.0,22.1,31.5,31.5,34.7,300.0,300.0,29.700000000000003,35.800000000000004,32.9,32.4,34.800000000000004,4.96,2.0,4.96,0.16,0.0,0.0,1027.0,8228.0,0.0,0.0,0.0,0.0,0.0,1.0,0.0,0.0,0.0,-0.001,0.0,-0.3,0.0,-12.5,-12.7,0.0155,16.0,25903.0
2026-07-30T18:57:57.023Z,46.506,46.518,-7.5,7.4,0.0,0.0,0.0,0.0,0.0,1.0,1.0,0.0,1.0,0.0,0.0,0.0,8.0,6.0,0.0,0.0,0.0,0.0,0.0,0.0,0.0,0.0,1.0,12.0,1.0,12.06,5.01,2.51,1.49,-2.3000000000000003,0.3,2.3000000000000003,301.1,-0.1,-12.0,1.1,9.3,-82.60000000000001,0.0,0.0,219.7,0.0,21.9,31.5,31.5,34.7,300.0,300.0,29.8,35.9,32.9,32.4,34.800000000000004,4.95,2.0,4.96,0.16,0.0,0.0,1027.0,8228.0,0.0,0.0,0.0,0.0,0.0,1.0,0.0,0.0,0.0,-0.001,0.0,-0.7000000000000001,0.0,-11.4,-12.8,0.0156,16.0,25903.0
2026-07-30T18:57:57.035Z,46.518,46.53,-7.5,7.4,0.0,0.0,0.0,0.0,0.0,1.0,1.0,0.0,1.0,0.0,0.0,0.0,8.0,6.0,0.0,0.0,0.0,0.0,0.0,0.0,0.0,0.0,1.0,12.0,1.0,12.06,5.01,2.51,1.49,-2.2,0.2,2.2,301.0,-0.1,-11.4,3.5,11.0,-82.60000000000001,0.0,0.0,219.8,0.0,21.9,31.5,31.5,34.7,300.0,300.0,29.8,35.9,32.9,32.4,34.800000000000004,4.95,2.0,4.96,0.16,0.0,0.0,1027.0,8228.0,0.0,0.0,0.0,0.0,0.0,1.0,0.0,0.0,0.0,-0.001,0.0,0.9,0.0,-15.1,-12.7,0.0158,16.0,25903.0
2026-07-30T18:57:57.047Z,46.53,46.542,-7.5,7.4,0.0,0.0,0.0,0.0,0.0,1.0,1.0,0.0,1.0,0.0,0.0,0.0,8.0,6.0,0.0,0.0,0.0,0.0,0.0,0.0,0.0,0.0,3.0,12.0,1.0,12.06,5.01,2.51,1.49,-2.2,0.2,2.2,301.1,-0.1,-10.9,2.9000000000000004,10.4,-82.60000000000001,0.0,0.0,219.6,0.0,21.9,31.5,31.5,34.7,300.0,300.0,29.8,35.9,32.9,32.4,34.800000000000004,4.96,2.0,4.96,0.16,0.0,0.0,1027.0,8228.0,0.0,0.0,0.0,0.0,0.0,1.0,0.0,0.0,0.0,-0.001,0.0,0.5,0.0,-14.0,-12.7,0.0149,16.0,25903.0
2026-07-30T18:57:57.058Z,46.541,46.554,-7.4,7.4,0.0,0.0,0.0,0.0,0.0,1.0,1.0,0.0,1.0,0.0,0.0,0.0,8.0,6.0,0.0,0.0,0.0,0.0,0.0,0.0,0.0,0.0,4.0,12.0,1.0,12.06,5.01,2.51,1.49,-2.3000000000000003,0.2,2.3000000000000003,301.1,-0.1,-11.4,2.3000000000000003,8.700000000000001,-82.60000000000001,0.0,0.0,219.7,0.0,21.9,31.5,31.5,34.7,300.0,300.0,29.8,35.9,32.9,32.4,34.800000000000004,4.95,2.0,4.96,0.16,0.0,0.0,1027.0,8228.0,0.0,0.0,0.0,0.0,0.0,1.0,0.0,0.0,0.0,-0.001,0.0,0.3,0.0,-11.6,-12.7,0.0152,16.0,25903.0
2026-07-30T18:57:57.070Z,46.553,46.566,-7.4,7.4,0.0,0.0,0.0,0.0,0.0,1.0,1.0,0.0,1.0,0.0,0.0,0.0,8.0,6.0,0.0,0.0,0.0,0.0,0.0,0.0,0.0,0.0,5.0,12.0,1.0,12.06,5.01,2.51,1.49,-2.2,0.2,2.2,300.90000000000003,-0.1,-10.9,3.5,12.2,-82.60000000000001,0.0,0.0,219.7,0.0,21.9,31.5,31.5,34.7,300.0,300.0,29.8,35.9,32.9,32.4,34.800000000000004,4.95,2.0,4.97,0.16,0.0,0.0,1027.0,8228.0,0.0,0.0,0.0,0.0,0.0,1.0,0.0,0.0,0.0,-0.001,0.0,0.7000000000000001,0.0,-16.5,-12.8,0.0158,16.0,25903.0
2026-07-30T18:57:57.083Z,46.566,46.578,-7.4,7.4,0.0,0.0,0.0,0.0,0.0,1.0,1.0,0.0,1.0,0.0,0.0,0.0,8.0,6.0,0.0,0.0,0.0,0.0,0.0,0.0,0.0,0.0,6.0,12.0,1.0,12.06,5.01,2.51,1.49,-2.3000000000000003,0.2,2.3000000000000003,301.1,-0.1,-10.3,2.9000000000000004,9.9,-82.60000000000001,0.0,0.0,219.6,0.0,21.9,31.5,31.5,34.7,300.0,300.0,29.8,35.9,32.9,32.4,34.800000000000004,4.95,2.0,4.96,0.16,0.0,0.0,1027.0,8228.0,0.0,0.0,0.0,0.0,0.0,1.0,0.0,0.0,0.0,-0.001,0.0,0.6000000000000001,0.0,-13.4,-12.9,0.0148,16.0,25903.0
2026-07-30T18:57:57.095Z,46.578,46.59,-7.4,7.4,0.0,0.0,0.0,0.0,0.0,1.0,1.0,0.0,1.0,0.0,0.0,0.0,8.0,6.0,0.0,0.0,0.0,0.0,0.0,0.0,0.0,0.0,1.0,12.0,1.0,12.06,5.01,2.51,1.49,-2.1,0.2,2.2,301.1,-0.1,-12.0,3.5,13.4,-82.60000000000001,0.0,0.0,219.6,0.0,21.9,31.5,31.5,34.7,300.0,300.0,29.8,35.9,32.9,32.4,34.800000000000004,4.95,2.0,4.96,0.16,0.0,0.0,1027.0,8228.0,0.0,0.0,0.0,0.0,0.0,1.0,0.0,0.0,0.0,-0.001,0.0,0.5,0.0,-17.8,-12.8,0.0155,16.0,25903.0
2026-07-30T18:57:57.107Z,46.59,46.602,-7.5,7.4,0.0,0.0,0.0,0.0,0.0,1.0,1.0,0.0,1.0,0.0,0.0,0.0,8.0,6.0,0.0,0.0,0.0,0.0,0.0,0.0,0.0,0.0,3.0,12.0,1.0,12.06,5.01,2.51,1.49,-2.3000000000000003,0.2,2.3000000000000003,300.90000000000003,-0.1,-10.9,2.3000000000000003,8.700000000000001,-82.60000000000001,0.0,0.0,219.5,0.0,21.9,31.5,31.5,34.7,300.0,300.0,29.8,35.9,32.9,32.4,34.800000000000004,4.96,2.0,4.96,0.16,0.0,0.0,1027.0,8228.0,0.0,0.0,0.0,0.0,0.0,1.0,0.0,0.0,0.0,-0.001,0.0,0.4,0.0,-11.6,-12.8,0.0146,16.0,25903.0
2026-07-30T18:57:57.120Z,46.603,46.614,-7.5,7.4,0.0,0.0,0.0,0.0,0.0,1.0,1.0,0.0,1.0,0.0,0.0,0.0,8.0,6.0,0.0,0.0,0.0,0.0,0.0,0.0,0.0,0.0,3.0,12.0,1.0,12.05,5.01,2.5,1.49,-2.3000000000000003,0.2,2.3000000000000003,301.1,-0.1,-11.4,1.7000000000000002,8.700000000000001,-82.60000000000001,0.0,0.0,219.7,0.0,22.1,31.5,31.5,34.7,300.0,300.0,29.8,36.0,32.9,32.4,34.800000000000004,4.95,2.0,4.96,0.16,0.0,0.0,1027.0,8228.0,0.0,0.0,0.0,0.0,0.0,1.0,0.0,0.0,0.0,-0.001,0.0,-0.1,0.0,-11.2,-12.7,0.0158,16.0,25903.0
2026-07-30T18:57:57.131Z,46.614,46.626,-7.5,7.4,0.0,0.0,0.0,0.0,0.0,1.0,1.0,0.0,1.0,0.0,0.0,0.0,8.0,6.0,0.0,0.0,0.0,0.0,0.0,0.0,0.0,0.0,4.0,12.0,1.0,12.05,5.01,2.5,1.49,-2.2,0.2,2.2,301.1,-0.1,-11.4,2.9000000000000004,12.2,-82.60000000000001,0.0,0.0,219.7,0.0,22.1,31.5,31.5,34.7,300.0,300.0,29.8,36.0,32.9,32.4,34.800000000000004,4.95,2.0,4.97,0.16,0.0,0.0,1027.0,8228.0,0.0,0.0,0.0,0.0,0.0,1.0,0.0,0.0,0.0,-0.001,0.0,0.2,0.0,-16.0,-12.7,0.0159,16.0,25903.0
2026-07-30T18:57:57.143Z,46.626,46.638,-7.4,7.4,0.0,0.0,0.0,0.0,0.0,1.0,1.0,0.0,1.0,0.0,0.0,0.0,8.0,6.0,0.0,0.0,0.0,0.0,0.0,0.0,0.0,0.0,6.0,12.0,1.0,12.05,5.01,2.5,1.49,-2.3000000000000003,0.2,2.3000000000000003,301.0,-0.1,-12.0,3.5,9.9,-82.60000000000001,0.0,0.0,219.6,0.0,22.1,31.5,31.5,34.7,300.0,300.0,29.8,36.0,32.9,32.4,34.800000000000004,4.96,2.0,4.97,0.16,0.0,0.0,1027.0,8228.0,0.0,0.0,0.0,0.0,0.0,1.0,0.0,0.0,0.0,-0.001,0.0,1.2000000000000002,0.0,-13.8,-12.8,0.0149,16.0,25903.0
2026-07-30T18:57:57.155Z,46.638,46.65,-7.5,7.4,0.0,0.0,0.0,0.0,0.0,1.0,1.0,0.0,1.0,0.0,0.0,0.0,8.0,6.0,0.0,0.0,0.0,0.0,0.0,0.0,0.0,0.0,1.0,12.0,1.0,12.05,5.01,2.5,1.49,-2.3000000000000003,0.3,2.3000000000000003,301.1,-0.1,-12.6,1.1,10.4,-82.60000000000001,0.0,0.0,219.6,0.0,22.1,31.5,31.5,34.7,300.0,300.0,29.8,36.0,32.9,32.4,34.800000000000004,4.95,2.0,4.96,0.16,0.0,0.0,1027.0,8228.0,0.0,0.0,0.0,0.0,0.0,1.0,0.0,0.0,0.0,-0.001,0.0,-0.9,0.0,-12.8,-12.8,0.0154,16.0,25903.0
2026-07-30T18:57:57.167Z,46.65,46.662,-7.5,7.4,0.0,0.0,0.0,0.0,0.0,1.0,1.0,0.0,1.0,0.0,0.0,0.0,8.0,6.0,0.0,0.0,0.0,0.0,0.0,0.0,0.0,0.0,2.0,12.0,1.0,12.05,5.01,2.5,1.49,-2.3000000000000003,0.3,2.3000000000000003,301.0,-0.1,-10.9,1.7000000000000002,9.9,-82.60000000000001,0.0,0.0,219.6,0.0,22.1,31.5,31.5,34.7,300.0,300.0,29.8,36.0,32.9,32.4,34.800000000000004,4.95,1.99,4.96,0.16,0.0,0.0,1027.0,8228.0,0.0,0.0,0.0,0.0,0.0,1.0,0.0,0.0,0.0,-0.001,0.0,-0.3,0.0,-12.5,-12.7,0.0157,16.0,25903.0
2026-07-30T18:57:57.178Z,46.661,46.674,-7.5,7.4,0.0,0.0,0.0,0.0,0.0,1.0,1.0,0.0,1.0,0.0,0.0,0.0,8.0,6.0,0.0,0.0,0.0,0.0,0.0,0.0,0.0,0.0,3.0,12.0,1.0,12.05,5.01,2.5,1.49,-2.2,0.3,2.3000000000000003,301.0,-0.1,-11.4,1.7000000000000002,10.4,-82.60000000000001,0.0,0.0,219.7,0.0,22.1,31.5,31.5,34.7,300.0,300.0,29.8,36.0,32.9,32.4,34.800000000000004,4.95,2.0,4.97,0.16,0.0,0.0,1027.0,8228.0,0.0,0.0,0.0,0.0,0.0,1.0,0.0,0.0,0.0,-0.001,0.0,-0.4,0.0,-13.2,-12.7,0.0156,16.0,25903.0
2026-07-30T18:57:57.191Z,46.674,46.686,-7.4,7.4,0.0,0.0,0.0,0.0,0.0,1.0,1.0,0.0,1.0,0.0,0.0,0.0,8.0,6.0,0.0,0.0,0.0,0.0,0.0,0.0,0.0,0.0,4.0,12.0,1.0,12.05,5.01,2.5,1.49,-2.3000000000000003,0.2,2.3000000000000003,301.1,0.0,-11.4,2.3000000000000003,9.9,-82.60000000000001,0.0,0.0,219.7,0.0,22.1,31.5,31.5,34.7,300.0,300.0,29.8,36.0,32.9,32.4,34.800000000000004,4.95,2.0,4.97,0.16,0.0,0.0,1027.0,8228.0,0.0,0.0,0.0,0.0,0.0,1.0,0.0,0.0,0.0,-0.001,0.0,0.1,0.0,-12.9,-12.7,0.0154,16.0,25903.0
2026-07-30T18:57:57.203Z,46.686,46.698,-7.5,7.4,0.0,0.0,0.0,0.0,0.0,1.0,1.0,0.0,1.0,0.0,0.0,0.0,8.0,6.0,0.0,0.0,0.0,0.0,0.0,0.0,0.0,0.0,5.0,12.0,1.0,12.05,5.01,2.5,1.49,-2.3000000000000003,0.2,2.3000000000000003,300.90000000000003,0.0,-12.6,2.3000000000000003,8.1,-82.60000000000001,0.0,0.0,219.7,0.0,22.1,31.5,31.5,34.7,300.0,300.0,29.8,36.0,32.9,32.4,34.800000000000004,4.96,2.0,4.96,0.16,0.0,0.0,1027.0,8228.0,0.0,0.0,0.0,0.0,0.0,1.0,0.0,0.0,0.0,-0.001,0.0,0.4,0.0,-10.9,-12.8,0.0156,16.0,25903.0
2026-07-30T18:57:57.214Z,46.697,46.71,-7.4,7.4,0.0,0.0,0.0,0.0,0.0,1.0,1.0,0.0,1.0,0.0,0.0,0.0,8.0,6.0,0.0,0.0,0.0,0.0,0.0,0.0,0.0,0.0,1.0,12.0,1.0,12.05,5.01,2.5,1.49,-2.3000000000000003,0.3,2.4000000000000004,301.0,0.0,-13.2,0.0,9.3,-82.60000000000001,0.0,0.0,219.8,0.0,22.1,31.5,31.5,34.7,300.0,300.0,29.8,36.0,32.9,32.4,34.800000000000004,4.95,2.0,4.96,0.16,0.0,0.0,1027.0,8228.0,0.0,0.0,0.0,0.0,0.0,1.0,0.0,0.0,0.0,-0.001,0.0,-1.8,0.0,-10.5,-12.7,0.0159,16.0,25903.0
2026-07-30T18:57:57.226Z,46.709,46.722,-7.4,7.4,0.0,0.0,0.0,0.0,0.0,1.0,1.0,0.0,1.0,0.0,0.0,0.0,8.0,6.0,0.0,0.0,0.0,0.0,0.0,0.0,0.0,0.0,2.0,12.0,1.0,12.04,5.01,2.51,1.49,-2.4000000000000004,0.3,2.4000000000000004,301.1,-0.1,-12.6,0.5,8.700000000000001,-82.60000000000001,0.0,0.0,219.8,0.0,22.3,31.6,31.6,34.800000000000004,300.0,300.0,29.700000000000003,35.800000000000004,32.9,32.5,34.800000000000004,4.95,2.0,4.96,0.16,0.0,0.0,1027.0,8228.0,0.0,0.0,0.0,0.0,0.0,1.0,0.0,0.0,0.0,-0.001,0.0,-1.1,0.0,-10.3,-12.8,0.0161,16.0,25903.0
2026-07-30T18:57:57.238Z,46.721,46.734,-7.4,7.4,0.0,0.0,0.0,0.0,0.0,1.0,1.0,0.0,1.0,0.0,0.0,0.0,8.0,6.0,0.0,0.0,0.0,0.0,0.0,0.0,0.0,0.0,3.0,12.0,1.0,12.04,5.01,2.51,1.49,-2.4000000000000004,0.3,2.4000000000000004,301.0,0.0,-13.8,0.5,7.5,-82.60000000000001,0.0,0.0,219.7,0.0,22.3,31.6,31.6,34.800000000000004,300.0,300.0,29.700000000000003,35.800000000000004,32.9,32.5,34.800000000000004,4.96,2.0,4.96,0.16,0.0,0.0,1027.0,8228.0,0.0,0.0,0.0,0.0,0.0,1.0,0.0,0.0,0.0,-0.001,0.0,-0.9,0.0,-9.0,-12.8,0.0162,16.0,25903.0
2026-07-30T18:57:57.251Z,46.734,46.746,-7.5,7.4,0.0,0.0,0.0,0.0,0.0,1.0,1.0,0.0,1.0,0.0,0.0,0.0,8.0,6.0,0.0,0.0,0.0,0.0,0.0,0.0,0.0,0.0,4.0,12.0,1.0,12.04,5.01,2.51,1.49,-2.3000000000000003,0.3,2.3000000000000003,301.1,-0.1,-12.6,1.1,9.3,-82.60000000000001,0.0,0.0,219.9,0.0,22.3,31.6,31.6,34.800000000000004,300.0,300.0,29.700000000000003,35.800000000000004,32.9,32.5,34.800000000000004,4.96,2.0,4.96,0.16,0.0,0.0,1027.0,8228.0,0.0,0.0,0.0,0.0,0.0,1.0,0.0,0.0,0.0,-0.001,0.0,-0.8,0.0,-11.4,-12.8,0.0165,16.0,25903.0
2026-07-30T18:57:57.263Z,46.746,46.758,-7.5,7.4,0.0,0.0,0.0,0.0,0.0,1.0,1.0,0.0,1.0,0.0,0.0,0.0,8.0,6.0,0.0,0.0,0.0,0.0,0.0,0.0,0.0,0.0,5.0,12.0,1.0,12.04,5.01,2.51,1.49,-2.4000000000000004,0.3,2.4000000000000004,301.1,-0.1,-12.6,1.1,8.1,-82.60000000000001,0.0,0.0,219.8,0.0,22.3,31.6,31.6,34.800000000000004,300.0,300.0,29.700000000000003,35.800000000000004,32.9,32.5,34.800000000000004,4.95,2.0,4.97,0.16,0.0,0.0,1027.0,8228.0,0.0,0.0,0.0,0.0,0.0,1.0,0.0,0.0,0.0,-0.001,0.0,-0.5,0.0,-10.1,-12.8,0.0158,16.0,25903.0
2026-07-30T18:57:57.275Z,46.758,46.77,-7.4,7.4,0.0,0.0,0.0,0.0,0.0,1.0,1.0,0.0,1.0,0.0,0.0,0.0,8.0,6.0,0.0,0.0,0.0,0.0,0.0,0.0,0.0,0.0,6.0,12.0,1.0,12.04,5.01,2.51,1.49,-2.3000000000000003,0.3,2.3000000000000003,301.0,-0.1,-12.6,1.7000000000000002,9.3,-82.60000000000001,0.0,0.0,219.7,0.0,22.3,31.6,31.6,34.800000000000004,300.0,300.0,29.700000000000003,35.800000000000004,32.9,32.5,34.800000000000004,4.95,2.0,4.96,0.16,0.0,0.0,1027.0,8228.0,0.0,0.0,0.0,0.0,0.0,1.0,0.0,0.0,0.0,-0.001,0.0,-0.2,0.0,-11.8,-12.7,0.0154,16.0,25903.0
2026-07-30T18:57:57.287Z,46.77,46.782,-7.4,7.4,0.0,0.0,0.0,0.0,0.0,1.0,1.0,0.0,1.0,0.0,0.0,0.0,8.0,6.0,0.0,0.0,0.0,0.0,0.0,0.0,0.0,0.0,1.0,12.0,1.0,12.04,5.01,2.51,1.49,-2.3000000000000003,0.3,2.4000000000000004,301.1,-0.1,-12.6,1.7000000000000002,8.700000000000001,-82.60000000000001,0.0,0.0,219.6,0.0,22.3,31.6,31.6,34.800000000000004,300.0,300.0,29.700000000000003,35.800000000000004,32.9,32.5,34.800000000000004,4.95,2.0,4.96,0.16,0.0,0.0,1027.0,8228.0,0.0,0.0,0.0,0.0,0.0,1.0,0.0,0.0,0.0,-0.001,0.0,-0.1,0.0,-11.2,-12.8,0.0155,16.0,25903.0
2026-07-30T18:57:57.299Z,46.782,46.794,-7.4,7.4,0.0,0.0,0.0,0.0,0.0,1.0,1.0,0.0,1.0,0.0,0.0,0.0,8.0,6.0,0.0,0.0,0.0,0.0,0.0,0.0,0.0,0.0,3.0,12.0,1.0,12.04,5.01,2.51,1.49,-2.3000000000000003,0.2,2.3000000000000003,301.1,-0.1,-11.4,2.3000000000000003,9.9,-82.60000000000001,0.0,0.0,219.7,0.0,22.3,31.6,31.6,34.800000000000004,300.0,300.0,29.700000000000003,35.800000000000004,32.9,32.5,34.800000000000004,4.96,2.0,4.96,0.16,0.0,0.0,1027.0,8228.0,0.0,0.0,0.0,0.0,0.0,1.0,0.0,0.0,0.0,-0.001,0.0,0.1,0.0,-12.9,-12.8,0.0154,16.0,25903.0
2026-07-30T18:57:57.310Z,46.793,46.806,-7.5,7.4,0.0,0.0,0.0,0.0,0.0,1.0,1.0,0.0,1.0,0.0,0.0,0.0,8.0,6.0,0.0,0.0,0.0,0.0,0.0,0.0,0.0,0.0,4.0,12.0,1.0,12.04,5.01,2.51,1.49,-2.3000000000000003,0.3,2.3000000000000003,301.0,-0.1,-12.0,1.1,9.3,-82.60000000000001,0.0,0.0,219.8,0.0,22.3,31.6,31.6,34.800000000000004,300.0,300.0,29.700000000000003,35.800000000000004,32.9,32.5,34.800000000000004,4.95,2.0,4.97,0.16,0.0,0.0,1027.0,8228.0,0.0,0.0,0.0,0.0,0.0,1.0,0.0,0.0,0.0,-0.001,0.0,-0.7000000000000001,0.0,-11.4,-12.8,0.0158,16.0,25903.0
2026-07-30T18:57:57.323Z,46.806,46.818,-7.5,7.4,0.0,0.0,0.0,0.0,0.0,1.0,1.0,0.0,1.0,0.0,0.0,0.0,8.0,6.0,0.0,0.0,0.0,0.0,0.0,0.0,0.0,0.0,5.0,12.0,1.0,12.08,5.01,2.51,1.49,-2.3000000000000003,0.2,2.3000000000000003,301.1,-0.1,-10.3,2.3000000000000003,9.9,-82.60000000000001,0.0,0.0,219.8,0.0,22.1,31.6,31.6,34.800000000000004,300.0,300.0,29.6,35.800000000000004,32.9,32.5,34.800000000000004,4.95,2.0,4.96,0.16,0.0,0.0,1027.0,8228.0,0.0,0.0,0.0,0.0,0.0,1.0,0.0,0.0,0.0,-0.001,0.0,0.1,0.0,-12.9,-12.8,0.0152,16.0,25903.0
2026-07-30T18:57:57.339Z,46.822,46.83,-7.5,7.4,0.0,0.0,0.0,0.0,0.0,1.0,1.0,0.0,1.0,0.0,0.0,0.0,8.0,6.0,0.0,0.0,0.0,0.0,0.0,0.0,0.0,0.0,6.0,12.0,1.0,12.08,5.01,2.51,1.49,-2.2,0.2,2.2,301.1,-0.1,-10.9,2.9000000000000004,10.4,-82.60000000000001,0.0,0.0,219.8,0.0,22.1,31.6,31.6,34.800000000000004,300.0,300.0,29.6,35.800000000000004,32.9,32.5,34.800000000000004,4.95,2.0,4.96,0.16,0.0,0.0,1027.0,8228.0,0.0,0.0,0.0,0.0,0.0,1.0,0.0,0.0,0.0,-0.001,0.0,0.5,0.0,-14.0,-12.7,0.0154,16.0,25903.0
2026-07-30T18:57:57.347Z,46.83,46.842,-7.5,7.4,0.0,0.0,0.0,0.0,0.0,1.0,1.0,0.0,1.0,0.0,0.0,0.0,8.0,6.0,0.0,0.0,0.0,0.0,0.0,0.0,0.0,0.0,4.0,12.0,1.0,12.08,5.01,2.51,1.49,-2.3000000000000003,0.3,2.3000000000000003,301.0,-0.1,-12.0,1.1,9.9,-82.7,0.0,0.0,219.8,0.0,22.1,31.6,31.6,34.800000000000004,300.0,300.0,29.6,35.800000000000004,32.9,32.5,34.800000000000004,4.95,2.0,4.96,0.16,0.0,0.0,1027.0,8228.0,0.0,0.0,0.0,0.0,0.0,1.0,0.0,0.0,0.0,-0.001,0.0,0.0,0.0,-13.6,-12.7,0.0152,16.0,25903.0
2026-07-30T18:57:57.359Z,46.842,46.854,-7.4,7.4,0.0,0.0,0.0,0.0,0.0,1.0,1.0,0.0,1.0,0.0,0.0,0.0,8.0,6.0,0.0,0.0,0.0,0.0,0.0,0.0,0.0,0.0,6.0,12.0,1.0,12.08,5.01,2.51,1.49,-2.3000000000000003,0.2,2.3000000000000003,300.90000000000003,-0.1,-10.9,2.9000000000000004,9.9,-82.7,0.0,0.0,219.9,0.0,22.1,31.6,31.6,34.800000000000004,300.0,300.0,29.6,35.800000000000004,32.9,32.5,34.800000000000004,4.95,1.99,4.96,0.16,0.0,0.0,1027.0,8228.0,0.0,0.0,0.0,0.0,0.0,1.0,0.0,0.0,0.0,-0.001,0.0,0.2,0.0,-12.3,-12.7,0.0152,16.0,25903.0
2026-07-30T18:57:57.371Z,46.854,46.866,-7.5,7.4,0.0,0.0,0.0,0.0,0.0,1.0,1.0,0.0,1.0,0.0,0.0,0.0,8.0,6.0,0.0,0.0,0.0,0.0,0.0,0.0,0.0,0.0,1.0,12.0,1.0,12.08,5.01,2.51,1.49,-2.2,0.2,2.2,301.0,-0.1,-10.9,2.9000000000000004,11.0,-82.60000000000001,0.0,0.0,219.7,0.0,22.1,31.6,31.6,34.800000000000004,300.0,300.0,29.6,35.800000000000004,32.9,32.5,34.800000000000004,4.95,2.0,4.96,0.16,0.0,0.0,1027.0,8228.0,0.0,0.0,0.0,0.0,0.0,1.0,0.0,0.0,0.0,-0.001,0.0,1.1,0.0,-13.8,-12.8,0.0156,16.0,25903.0
2026-07-30T18:57:57.383Z,46.866,46.878,-7.5,7.4,0.0,0.0,0.0,0.0,0.0,1.0,1.0,0.0,1.0,0.0,0.0,0.0,8.0,6.0,0.0,0.0,0.0,0.0,0.0,0.0,0.0,0.0,3.0,12.0,1.0,12.08,5.01,2.51,1.49,-2.2,0.2,2.2,301.1,-0.1,-11.4,2.9000000000000004,10.4,-82.60000000000001,0.0,0.0,219.6,0.0,22.1,31.6,31.6,34.800000000000004,300.0,300.0,29.6,35.800000000000004,32.9,32.5,34.800000000000004,4.96,2.0,4.96,0.16,0.0,0.0,1027.0,8228.0,0.0,0.0,0.0,0.0,0.0,1.0,0.0,0.0,0.0,-0.001,0.0,0.5,0.0,-14.0,-12.7,0.0152,16.0,25903.0
2026-07-30T18:57:57.395Z,46.878,46.89,-7.4,7.4,0.0,0.0,0.0,0.0,0.0,1.0,1.0,0.0,1.0,0.0,0.0,0.0,8.0,6.0,0.0,0.0,0.0,0.0,0.0,0.0,0.0,0.0,4.0,12.0,1.0,12.08,5.01,2.51,1.49,-2.4000000000000004,0.3,2.4000000000000004,301.0,-0.1,-12.6,1.1,8.1,-82.60000000000001,0.0,0.0,219.6,0.0,22.1,31.6,31.6,34.800000000000004,300.0,300.0,29.6,35.800000000000004,32.9,32.5,34.800000000000004,4.96,2.0,4.97,0.16,0.0,0.0,1027.0,8228.0,0.0,0.0,0.0,0.0,0.0,1.0,0.0,0.0,0.0,-0.001,0.0,-0.5,0.0,-10.1,-12.7,0.0152,16.0,25903.0
2026-07-30T18:57:57.407Z,46.89,46.902,-7.4,7.4,0.0,0.0,0.0,0.0,0.0,1.0,1.0,0.0,1.0,0.0,0.0,0.0,8.0,6.0,0.0,0.0,0.0,0.0,0.0,0.0,0.0,0.0,5.0,12.0,1.0,12.08,5.01,2.51,1.49,-2.3000000000000003,0.3,2.3000000000000003,301.0,-0.1,-11.4,1.7000000000000002,9.9,-82.60000000000001,0.0,0.0,219.6,0.0,22.1,31.6,31.6,34.800000000000004,300.0,300.0,29.6,35.800000000000004,32.9,32.5,34.800000000000004,4.96,2.0,4.96,0.16,0.0,0.0,1027.0,8228.0,0.0,0.0,0.0,0.0,0.0,1.0,0.0,0.0,0.0,-0.001,0.0,-0.3,0.0,-12.5,-12.8,0.0161,16.0,25903.0
2026-07-30T18:57:57.419Z,46.902,46.914,-7.5,7.4,0.0,0.0,0.0,0.0,0.0,1.0,1.0,0.0,1.0,0.0,0.0,0.0,8.0,6.0,0.0,0.0,0.0,0.0,0.0,0.0,0.0,0.0,6.0,12.0,1.0,12.08,5.01,2.51,1.49,-2.3000000000000003,0.2,2.3000000000000003,301.1,-0.1,-12.6,1.7000000000000002,9.3,-82.60000000000001,0.0,0.0,219.7,0.0,22.1,31.6,31.6,34.800000000000004,300.0,300.0,29.6,35.800000000000004,32.9,32.5,34.800000000000004,4.96,2.0,4.96,0.16,0.0,0.0,1027.0,8228.0,0.0,0.0,0.0,0.0,0.0,1.0,0.0,0.0,0.0,-0.001,0.0,-0.2,0.0,-11.8,-12.8,0.0156,16.0,25903.0
2026-07-30T18:57:57.431Z,46.914,46.926,-7.4,7.4,0.0,0.0,0.0,0.0,0.0,1.0,1.0,0.0,1.0,0.0,0.0,0.0,8.0,6.0,0.0,0.0,0.0,0.0,0.0,0.0,0.0,0.0,2.0,12.0,1.0,12.06,5.0200000000000005,2.5,1.49,-2.4000000000000004,0.3,2.4000000000000004,301.0,-0.1,-13.8,1.1,8.1,-82.60000000000001,0.0,0.0,219.7,0.0,22.1,31.6,31.6,34.800000000000004,300.0,300.0,29.6,35.9,32.9,32.5,34.800000000000004,4.95,2.0,4.96,0.16,0.0,0.0,1027.0,8228.0,0.0,0.0,0.0,0.0,0.0,1.0,0.0,0.0,0.0,-0.001,0.0,-0.5,0.0,-10.1,-12.8,0.0157,16.0,25903.0
2026-07-30T18:57:57.443Z,46.926,46.938,-7.4,7.4,0.0,0.0,0.0,0.0,0.0,1.0,1.0,0.0,1.0,0.0,0.0,0.0,8.0,6.0,0.0,0.0,0.0,0.0,0.0,0.0,0.0,0.0,2.0,12.0,1.0,12.06,5.0200000000000005,2.5,1.49,-2.4000000000000004,0.2,2.4000000000000004,301.0,-0.1,-13.8,2.3000000000000003,8.1,-82.60000000000001,0.0,0.0,219.7,0.0,22.1,31.6,31.6,34.800000000000004,300.0,300.0,29.6,35.9,32.9,32.5,34.800000000000004,4.95,2.0,4.96,0.16,0.0,0.0,1027.0,8228.0,0.0,0.0,0.0,0.0,0.0,1.0,0.0,0.0,0.0,-0.001,0.0,0.4,0.0,-10.9,-12.8,0.0163,16.0,25903.0
2026-07-30T18:57:57.455Z,46.938,46.95,-7.5,7.4,0.0,0.0,0.0,0.0,0.0,1.0,1.0,0.0,1.0,0.0,0.0,0.0,8.0,6.0,0.0,0.0,0.0,0.0,0.0,0.0,0.0,0.0,3.0,12.0,1.0,12.06,5.0200000000000005,2.5,1.49,-2.4000000000000004,0.3,2.4000000000000004,301.1,-0.1,-13.2,0.5,8.1,-82.7,0.0,0.0,219.7,0.0,22.1,31.6,31.6,34.800000000000004,300.0,300.0,29.6,35.9,32.9,32.5,34.800000000000004,4.95,2.0,4.96,0.16,0.0,0.0,1027.0,8228.0,0.0,0.0,0.0,0.0,0.0,1.0,0.0,0.0,0.0,-0.001,0.0,-1.0,0.0,-9.7,-12.9,0.0161,16.0,25903.0
2026-07-30T18:57:57.467Z,46.95,46.962,-7.5,7.4,0.0,0.0,0.0,0.0,0.0,1.0,1.0,0.0,1.0,0.0,0.0,0.0,8.0,6.0,0.0,0.0,0.0,0.0,0.0,0.0,0.0,0.0,4.0,12.0,1.0,12.06,5.0200000000000005,2.5,1.49,-2.3000000000000003,0.3,2.3000000000000003,301.0,-0.1,-12.6,0.5,10.4,-82.60000000000001,0.0,0.0,219.7,0.0,22.1,31.6,31.6,34.800000000000004,300.0,300.0,29.6,35.9,32.9,32.5,34.800000000000004,4.95,2.0,4.96,0.16,0.0,0.0,1027.0,8228.0,0.0,0.0,0.0,0.0,0.0,1.0,0.0,0.0,0.0,-0.001,0.0,-1.5,0.0,-12.3,-12.8,0.0163,16.0,25903.0
2026-07-30T18:57:57.479Z,46.962,46.974,-7.5,7.4,0.0,0.0,0.0,0.0,0.0,1.0,1.0,0.0,1.0,0.0,0.0,0.0,8.0,6.0,0.0,0.0,0.0,0.0,0.0,0.0,0.0,0.0,6.0,12.0,1.0,12.06,5.0200000000000005,2.5,1.49,-2.3000000000000003,0.2,2.4000000000000004,301.0,-0.1,-12.0,2.3000000000000003,8.1,-82.60000000000001,0.0,0.0,219.7,0.0,22.1,31.6,31.6,34.800000000000004,300.0,300.0,29.6,35.9,32.9,32.5,34.800000000000004,4.95,2.0,4.96,0.16,0.0,0.0,1027.0,8228.0,0.0,0.0,0.0,0.0,0.0,1.0,0.0,0.0,0.0,-0.001,0.0,0.4,0.0,-10.9,-12.7,0.0157,16.0,25903.0
2026-07-30T18:57:57.491Z,46.974,46.986,-7.4,7.4,0.0,0.0,0.0,0.0,0.0,1.0,1.0,0.0,1.0,0.0,0.0,0.0,8.0,6.0,0.0,0.0,0.0,0.0,0.0,0.0,0.0,0.0,1.0,12.0,1.0,12.06,5.0200000000000005,2.5,1.49,-2.4000000000000004,0.3,2.4000000000000004,301.1,-0.1,-12.6,1.1,8.1,-82.60000000000001,0.0,0.0,219.6,0.0,22.1,31.6,31.6,34.800000000000004,300.0,300.0,29.6,35.9,32.9,32.5,34.800000000000004,4.95,2.0,4.96,0.16,0.0,0.0,1027.0,8228.0,0.0,0.0,0.0,0.0,0.0,1.0,0.0,0.0,0.0,-0.001,0.0,-0.5,0.0,-10.1,-12.7,0.016,16.0,25903.0
2026-07-30T18:57:57.503Z,46.986,46.998,-7.5,7.4,0.0,0.0,0.0,0.0,0.0,1.0,1.0,0.0,1.0,0.0,0.0,0.0,8.0,6.0,0.0,0.0,0.0,0.0,0.0,0.0,0.0,0.0,2.0,12.0,1.0,12.06,5.0200000000000005,2.5,1.49,-2.3000000000000003,0.3,2.3000000000000003,301.0,-0.1,-12.0,1.1,9.9,-82.60000000000001,0.0,0.0,219.6,0.0,22.1,31.6,31.6,34.800000000000004,300.0,300.0,29.6,35.9,32.9,32.5,34.800000000000004,4.96,2.0,4.96,0.16,0.0,0.0,1027.0,8228.0,0.0,0.0,0.0,0.0,0.0,1.0,0.0,0.0,0.0,-0.001,0.0,-0.8,0.0,-12.1,-12.8,0.0163,16.0,25903.0
2026-07-30T18:57:57.515Z,46.998,47.01,-7.4,7.4,0.0,0.0,0.0,0.0,0.0,1.0,1.0,0.0,1.0,0.0,0.0,0.0,8.0,6.0,0.0,0.0,0.0,0.0,0.0,0.0,0.0,0.0,3.0,12.0,1.0,12.06,5.0200000000000005,2.5,1.49,-2.2,0.2,2.3000000000000003,301.1,-0.1,-12.0,3.5,9.9,-82.60000000000001,0.0,0.0,219.6,0.0,22.1,31.6,31.6,34.800000000000004,300.0,300.0,29.6,35.9,32.9,32.5,34.800000000000004,4.96,2.0,4.96,0.16,0.0,0.0,1027.0,8228.0,0.0,0.0,0.0,0.0,0.0,1.0,0.0,0.0,0.0,-0.001,0.0,1.2000000000000002,0.0,-13.8,-12.7,0.0156,16.0,25903.0
2026-07-30T18:57:57.528Z,47.011,47.022,-7.4,7.4,0.0,0.0,0.0,0.0,0.0,1.0,1.0,0.0,1.0,0.0,0.0,0.0,8.0,6.0,0.0,0.0,0.0,0.0,0.0,0.0,0.0,0.0,4.0,12.0,1.0,12.05,5.01,2.5,1.49,-2.2,0.2,2.2,300.90000000000003,-0.1,-12.0,2.9000000000000004,11.6,-82.60000000000001,0.0,0.0,219.7,0.0,22.200000000000003,31.6,31.6,34.800000000000004,300.0,300.0,29.6,35.9,32.9,32.5,34.800000000000004,4.95,2.0,4.96,0.16,0.0,0.0,1027.0,8228.0,0.0,0.0,0.0,0.0,0.0,1.0,0.0,0.0,0.0,-0.001,0.0,0.3,0.0,-15.4,-12.8,0.0153,16.0,25903.0
2026-07-30T18:57:57.539Z,47.022,47.034,-7.4,7.4,0.0,0.0,0.0,0.0,0.0,1.0,1.0,0.0,1.0,0.0,0.0,0.0,8.0,6.0,0.0,0.0,0.0,0.0,0.0,0.0,0.0,0.0,5.0,12.0,1.0,12.05,5.01,2.5,1.49,-2.2,0.3,2.3000000000000003,301.1,-0.1,-11.4,2.3000000000000003,11.0,-82.60000000000001,0.0,0.0,219.6,0.0,22.200000000000003,31.6,31.6,34.800000000000004,300.0,300.0,29.6,35.9,32.9,32.5,34.800000000000004,4.95,2.0,4.96,0.16,0.0,0.0,1027.0,8228.0,0.0,0.0,0.0,0.0,0.0,1.0,0.0,0.0,0.0,-0.001,0.0,0.0,0.0,-14.3,-12.9,0.0151,16.0,25903.0
2026-07-30T18:57:57.550Z,47.033,47.046,-7.5,7.4,0.0,0.0,0.0,0.0,0.0,1.0,1.0,0.0,1.0,0.0,0.0,0.0,8.0,6.0,0.0,0.0,0.0,0.0,0.0,0.0,0.0,0.0,6.0,12.0,1.0,12.05,5.01,2.5,1.49,-2.3000000000000003,0.2,2.3000000000000003,301.1,-0.1,-10.9,2.3000000000000003,9.9,-82.60000000000001,0.0,0.0,219.6,0.0,22.200000000000003,31.6,31.6,34.800000000000004,300.0,300.0,29.6,35.9,32.9,32.5,34.800000000000004,4.96,2.0,4.96,0.16,0.0,0.0,1027.0,8228.0,0.0,0.0,0.0,0.0,0.0,1.0,0.0,0.0,0.0,-0.001,0.0,0.1,0.0,-12.9,-12.8,0.0154,16.0,25903.0
2026-07-30T18:57:57.563Z,47.046,47.058,-7.5,7.4,0.0,0.0,0.0,0.0,0.0,1.0,1.0,0.0,1.0,0.0,0.0,0.0,8.0,6.0,0.0,0.0,0.0,0.0,0.0,0.0,0.0,0.0,1.0,12.0,1.0,12.05,5.01,2.5,1.49,-2.1,0.2,2.2,300.90000000000003,-0.1,-10.9,3.5,12.2,-82.60000000000001,0.0,0.0,219.8,0.0,22.200000000000003,31.6,31.6,34.800000000000004,300.0,300.0,29.6,35.9,32.9,32.5,34.800000000000004,4.96,2.0,4.96,0.16,0.0,0.0,1027.0,8228.0,0.0,0.0,0.0,0.0,0.0,1.0,0.0,0.0,0.0,-0.001,0.0,0.7000000000000001,0.0,-16.5,-12.7,0.0155,16.0,25903.0
2026-07-30T18:57:57.574Z,47.057,47.07,-7.5,7.4,0.0,0.0,0.0,0.0,0.0,1.0,1.0,0.0,1.0,0.0,0.0,0.0,8.0,6.0,0.0,0.0,0.0,0.0,0.0,0.0,0.0,0.0,2.0,12.0,1.0,12.05,5.01,2.5,1.49,-2.2,0.2,2.3000000000000003,301.0,-0.1,-10.3,3.5,9.9,-82.60000000000001,0.0,0.0,219.7,0.0,22.200000000000003,31.6,31.6,34.800000000000004,300.0,300.0,29.6,35.9,32.9,32.5,34.800000000000004,4.95,2.0,4.96,0.16,0.0,0.0,1027.0,8228.0,0.0,0.0,0.0,0.0,0.0,1.0,0.0,0.0,0.0,-0.001,0.0,1.1,0.0,-13.8,-12.7,0.0147,16.0,25903.0
2026-07-30T18:57:57.586Z,47.069,47.082,-7.4,7.4,0.0,0.0,0.0,0.0,0.0,1.0,1.0,0.0,1.0,0.0,0.0,0.0,8.0,6.0,0.0,0.0,0.0,0.0,0.0,0.0,0.0,0.0,3.0,12.0,1.0,12.05,5.01,2.5,1.49,-2.2,0.3,2.2,301.1,-0.1,-11.4,2.3000000000000003,12.2,-82.60000000000001,0.0,0.0,219.7,0.0,22.200000000000003,31.6,31.6,34.800000000000004,300.0,300.0,29.6,35.9,32.9,32.5,34.800000000000004,4.95,2.0,4.96,0.16,0.0,0.0,1027.0,8228.0,0.0,0.0,0.0,0.0,0.0,1.0,0.0,0.0,0.0,-0.001,0.0,-0.3,0.0,-15.6,-12.7,0.0153,16.0,25903.0
2026-07-30T18:57:57.598Z,47.081,47.094,-7.5,7.4,0.0,0.0,0.0,0.0,0.0,1.0,1.0,0.0,1.0,0.0,0.0,0.0,8.0,6.0,0.0,0.0,0.0,0.0,0.0,0.0,0.0,0.0,4.0,12.0,1.0,12.05,5.01,2.5,1.49,-2.3000000000000003,0.2,2.3000000000000003,301.0,-0.1,-11.4,2.3000000000000003,9.9,-82.60000000000001,0.0,0.0,219.6,0.0,22.200000000000003,31.6,31.6,34.800000000000004,300.0,300.0,29.6,35.9,32.9,32.5,34.800000000000004,4.95,2.0,4.96,0.16,0.0,0.0,1027.0,8228.0,0.0,0.0,0.0,0.0,0.0,1.0,0.0,0.0,0.0,-0.001,0.0,0.1,0.0,-12.9,-12.8,0.0151,16.0,25903.0
2026-07-30T18:57:57.611Z,47.094,47.106,-7.4,7.4,0.0,0.0,0.0,0.0,0.0,1.0,1.0,0.0,1.0,0.0,0.0,0.0,8.0,6.0,0.0,0.0,0.0,0.0,0.0,0.0,0.0,0.0,5.0,12.0,1.0,12.05,5.01,2.5,1.49,-2.2,0.2,2.2,301.1,-0.1,-10.9,4.6000000000000005,11.6,-82.60000000000001,0.0,0.0,219.6,0.0,22.200000000000003,31.6,31.6,34.800000000000004,300.0,300.0,29.6,35.9,32.9,32.5,34.800000000000004,4.95,2.0,4.97,0.16,0.0,0.0,1027.0,8228.0,0.0,0.0,0.0,0.0,0.0,1.0,0.0,0.0,0.0,-0.001,0.0,1.9,0.0,-16.7,-12.7,0.0155,16.0,25903.0
2026-07-30T18:57:57.623Z,47.106,47.118,-7.5,7.4,0.0,0.0,0.0,0.0,0.0,1.0,1.0,0.0,1.0,0.0,0.0,0.0,8.0,6.0,0.0,0.0,0.0,0.0,0.0,0.0,0.0,0.0,6.0,12.0,1.0,12.05,5.01,2.5,1.49,-2.3000000000000003,0.2,2.3000000000000003,301.1,-0.1,-11.4,2.9000000000000004,9.9,-82.60000000000001,0.0,0.0,219.6,0.0,22.200000000000003,31.6,31.6,34.800000000000004,300.0,300.0,29.6,35.9,32.9,32.5,34.800000000000004,4.95,2.0,4.97,0.16,0.0,0.0,1027.0,8228.0,0.0,0.0,0.0,0.0,0.0,1.0,0.0,0.0,0.0,-0.001,0.0,0.6000000000000001,0.0,-13.4,-12.8,0.0148,16.0,25903.0
2026-07-30T18:57:57.635Z,47.118,47.13,-7.5,7.4,0.0,0.0,0.0,0.0,0.0,1.0,1.0,0.0,1.0,0.0,0.0,0.0,8.0,6.0,0.0,0.0,0.0,0.0,0.0,0.0,0.0,0.0,1.0,12.0,1.0,12.06,5.01,2.51,1.5,-2.2,0.2,2.3000000000000003,301.1,-0.1,-10.9,2.9000000000000004,9.9,-82.60000000000001,0.0,0.0,219.6,0.0,21.8,31.6,31.6,34.9,300.0,300.0,29.6,36.0,33.0,32.6,34.800000000000004,4.95,2.0,4.96,0.16,0.0,0.0,1027.0,8228.0,0.0,0.0,0.0,0.0,0.0,1.0,0.0,0.0,0.0,-0.001,0.0,0.6000000000000001,0.0,-13.4,-12.7,0.0154,16.0,25903.0
2026-07-30T18:57:57.652Z,47.135,47.142,-7.5,7.4,0.0,0.0,0.0,0.0,0.0,1.0,1.0,0.0,1.0,0.0,0.0,0.0,8.0,6.0,0.0,0.0,0.0,0.0,0.0,0.0,0.0,0.0,3.0,12.0,1.0,12.06,5.01,2.51,1.5,-2.2,0.3,2.3000000000000003,301.1,-0.1,-12.6,1.1,10.4,-82.60000000000001,0.0,0.0,219.7,0.0,21.8,31.6,31.6,34.9,300.0,300.0,29.6,36.0,33.0,32.6,34.800000000000004,4.95,2.0,4.96,0.16,0.0,0.0,1027.0,8228.0,0.0,0.0,0.0,0.0,0.0,1.0,0.0,0.0,0.0,-0.001,0.0,-1.0,0.0,-12.8,-12.7,0.0153,16.0,25903.0
2026-07-30T18:57:57.659Z,47.142,47.154,-7.4,7.4,0.0,0.0,0.0,0.0,0.0,1.0,1.0,0.0,1.0,0.0,0.0,0.0,8.0,6.0,0.0,0.0,0.0,0.0,0.0,0.0,0.0,0.0,1.0,12.0,1.0,12.06,5.01,2.51,1.5,-2.3000000000000003,0.2,2.3000000000000003,301.1,-0.1,-10.9,2.3000000000000003,9.3,-82.60000000000001,0.0,0.0,219.8,0.0,21.8,31.6,31.6,34.9,300.0,300.0,29.6,36.0,33.0,32.6,34.800000000000004,4.95,2.0,4.97,0.17,0.0,0.0,1027.0,8228.0,0.0,0.0,0.0,0.0,0.0,1.0,0.0,0.0,0.0,-0.001,0.0,0.2,0.0,-12.3,-12.7,0.0154,16.0,25903.0
2026-07-30T18:57:57.671Z,47.154,47.166,-7.4,7.4,0.0,0.0,0.0,0.0,0.0,1.0,1.0,0.0,1.0,0.0,0.0,0.0,8.0,6.0,0.0,0.0,0.0,0.0,0.0,0.0,0.0,0.0,1.0,12.0,1.0,12.06,5.01,2.51,1.5,-2.3000000000000003,0.3,2.3000000000000003,301.0,-0.1,-11.4,1.7000000000000002,9.3,-82.60000000000001,0.0,0.0,219.7,0.0,21.8,31.6,31.6,34.9,300.0,300.0,29.6,36.0,33.0,32.6,34.800000000000004,4.96,2.0,4.97,0.16,0.0,0.0,1027.0,8228.0,0.0,0.0,0.0,0.0,0.0,1.0,0.0,0.0,0.0,-0.001,0.0,-0.2,0.0,-11.8,-12.8,0.0156,16.0,25903.0
2026-07-30T18:57:57.683Z,47.166,47.178,-7.4,7.4,0.0,0.0,0.0,0.0,0.0,1.0,1.0,0.0,1.0,0.0,0.0,0.0,8.0,6.0,0.0,0.0,0.0,0.0,0.0,0.0,0.0,0.0,3.0,12.0,1.0,12.06,5.01,2.51,1.5,-2.3000000000000003,0.2,2.3000000000000003,301.0,-0.1,-13.2,2.9000000000000004,11.0,-82.60000000000001,0.0,0.0,219.6,0.0,21.8,31.6,31.6,34.9,300.0,300.0,29.6,36.0,33.0,32.6,34.800000000000004,4.96,2.0,4.96,0.16,0.0,0.0,1027.0,8228.0,0.0,0.0,0.0,0.0,0.0,1.0,0.0,0.0,0.0,-0.001,0.0,0.4,0.0,-14.7,-12.9,0.0159,16.0,25903.0
2026-07-30T18:57:57.695Z,47.178,47.19,-7.4,7.4,0.0,0.0,0.0,0.0,0.0,1.0,1.0,0.0,1.0,0.0,0.0,0.0,8.0,6.0,0.0,0.0,0.0,0.0,0.0,0.0,0.0,0.0,4.0,12.0,1.0,12.06,5.01,2.51,1.5,-2.3000000000000003,0.2,2.4000000000000004,301.0,-0.1,-12.6,2.3000000000000003,8.700000000000001,-82.60000000000001,0.0,0.0,219.5,0.0,21.8,31.6,31.6,34.9,300.0,300.0,29.6,36.0,33.0,32.6,34.800000000000004,4.95,2.0,4.96,0.16,0.0,0.0,1027.0,8228.0,0.0,0.0,0.0,0.0,0.0,1.0,0.0,0.0,0.0,-0.001,0.0,0.4,0.0,-11.6,-12.9,0.0154,16.0,25903.0
2026-07-30T18:57:57.707Z,47.19,47.202,-7.5,7.4,0.0,0.0,0.0,0.0,0.0,1.0,1.0,0.0,1.0,0.0,0.0,0.0,8.0,6.0,0.0,0.0,0.0,0.0,0.0,0.0,0.0,0.0,6.0,12.0,1.0,12.06,5.01,2.51,1.5,-2.2,0.2,2.2,301.0,-0.1,-12.0,2.9000000000000004,11.0,-82.60000000000001,0.0,0.0,219.6,0.0,21.8,31.6,31.6,34.9,300.0,300.0,29.6,36.0,33.0,32.6,34.800000000000004,4.95,2.0,4.96,0.16,0.0,0.0,1027.0,8228.0,0.0,0.0,0.0,0.0,0.0,1.0,0.0,0.0,0.0,-0.001,0.0,0.4,0.0,-14.7,-12.8,0.016,16.0,25903.0
2026-07-30T18:57:57.719Z,47.202,47.214,-7.5,7.4,0.0,0.0,0.0,0.0,0.0,1.0,1.0,0.0,1.0,0.0,0.0,0.0,8.0,6.0,0.0,0.0,0.0,0.0,0.0,0.0,0.0,0.0,1.0,12.0,1.0,12.06,5.01,2.51,1.5,-2.4000000000000004,0.2,2.4000000000000004,301.0,-0.1,-13.2,1.7000000000000002,8.1,-82.7,0.0,0.0,219.8,0.0,21.8,31.6,31.6,34.9,300.0,300.0,29.6,36.0,33.0,32.6,34.800000000000004,4.95,2.0,4.96,0.16,0.0,0.0,1027.0,8228.0,0.0,0.0,0.0,0.0,0.0,1.0,0.0,0.0,0.0,-0.001,0.0,0.0,0.0,-10.5,-12.7,0.0151,16.0,25903.0
2026-07-30T18:57:57.731Z,47.214,47.226,-7.4,7.4,0.0,0.0,0.0,0.0,0.0,1.0,1.0,0.0,1.0,0.0,0.0,0.0,8.0,6.0,0.0,0.0,0.0,0.0,0.0,0.0,0.0,0.0,3.0,12.0,1.0,12.05,5.0200000000000005,2.5,1.49,-2.4000000000000004,0.3,2.4000000000000004,301.1,-0.1,-13.2,1.7000000000000002,8.1,-82.7,0.0,0.0,219.8,0.0,22.1,31.700000000000003,31.6,34.9,300.0,300.0,29.6,35.9,33.0,32.6,34.9,4.96,2.0,4.96,0.17,0.0,0.0,1027.0,8228.0,0.0,0.0,0.0,0.0,0.0,1.0,0.0,0.0,0.0,-0.001,0.0,0.0,0.0,-10.5,-12.7,0.0161,16.0,25903.0
2026-07-30T18:57:57.744Z,47.227,47.238,-7.5,7.4,0.0,0.0,0.0,0.0,0.0,1.0,1.0,0.0,1.0,0.0,0.0,0.0,8.0,6.0,0.0,0.0,0.0,0.0,0.0,0.0,0.0,0.0,5.0,12.0,1.0,12.05,5.0200000000000005,2.5,1.49,-2.3000000000000003,0.3,2.3000000000000003,301.0,-0.1,-13.2,1.1,9.3,-82.7,0.0,0.0,219.7,0.0,22.1,31.700000000000003,31.6,34.9,300.0,300.0,29.6,35.9,33.0,32.6,34.9,4.95,2.0,4.96,0.17,0.0,0.0,1027.0,8228.0,0.0,0.0,0.0,0.0,0.0,1.0,0.0,0.0,0.0,-0.001,0.0,-0.7000000000000001,0.0,-11.4,-12.8,0.0161,16.0,25903.0
2026-07-30T18:57:57.755Z,47.238,47.25,-7.5,7.4,0.0,0.0,0.0,0.0,0.0,1.0,1.0,0.0,1.0,0.0,0.0,0.0,8.0,6.0,0.0,0.0,0.0,0.0,0.0,0.0,0.0,0.0,5.0,12.0,1.0,12.05,5.0200000000000005,2.5,1.49,-2.4000000000000004,0.3,2.4000000000000004,301.1,-0.1,-12.0,0.5,8.1,-82.60000000000001,0.0,0.0,219.6,0.0,22.1,31.700000000000003,31.6,34.9,300.0,300.0,29.6,35.9,33.0,32.6,34.9,4.95,2.0,4.96,0.16,0.0,0.0,1027.0,8228.0,0.0,0.0,0.0,0.0,0.0,1.0,0.0,0.0,0.0,-0.001,0.0,-1.0,0.0,-9.7,-12.7,0.0159,16.0,25903.0
2026-07-30T18:57:57.767Z,47.25,47.262,-7.5,7.4,0.0,0.0,0.0,0.0,0.0,1.0,1.0,0.0,1.0,0.0,0.0,0.0,8.0,6.0,0.0,0.0,0.0,0.0,0.0,0.0,0.0,0.0,1.0,12.0,1.0,12.05,5.0200000000000005,2.5,1.49,-2.3000000000000003,0.3,2.3000000000000003,300.90000000000003,-0.1,-13.8,1.1,9.3,-82.60000000000001,0.0,0.0,219.6,0.0,22.1,31.700000000000003,31.6,34.9,300.0,300.0,29.6,35.9,33.0,32.6,34.9,4.96,2.0,4.96,0.16,0.0,0.0,1027.0,8228.0,0.0,0.0,0.0,0.0,0.0,1.0,0.0,0.0,0.0,-0.001,0.0,-0.7000000000000001,0.0,-11.4,-12.7,0.0163,16.0,25903.0
2026-07-30T18:57:57.779Z,47.262,47.274,-7.4,7.4,0.0,0.0,0.0,0.0,0.0,1.0,1.0,0.0,1.0,0.0,0.0,0.0,8.0,6.0,0.0,0.0,0.0,0.0,0.0,0.0,0.0,0.0,2.0,12.0,1.0,12.05,5.0200000000000005,2.5,1.49,-2.3000000000000003,0.3,2.4000000000000004,300.90000000000003,-0.1,-12.6,1.1,9.3,-82.60000000000001,0.0,0.0,219.6,0.0,22.1,31.700000000000003,31.6,34.9,300.0,300.0,29.6,35.9,33.0,32.6,34.9,4.95,2.0,4.96,0.16,0.0,0.0,1027.0,8228.0,0.0,0.0,0.0,0.0,0.0,1.0,0.0,0.0,0.0,-0.001,0.0,-0.7000000000000001,0.0,-11.4,-12.8,0.0159,16.0,25903.0
2026-07-30T18:57:57.791Z,47.274,47.286,-7.4,7.4,0.0,0.0,0.0,0.0,0.0,1.0,1.0,0.0,1.0,0.0,0.0,0.0,8.0,6.0,0.0,0.0,0.0,0.0,0.0,0.0,0.0,0.0,3.0,12.0,1.0,12.05,5.0200000000000005,2.5,1.49,-2.4000000000000004,0.3,2.4000000000000004,301.2,-0.1,-12.0,0.0,9.3,-82.60000000000001,0.0,0.0,219.7,0.0,22.1,31.700000000000003,31.6,34.9,300.0,300.0,29.6,35.9,33.0,32.6,34.9,4.95,2.0,4.97,0.16,0.0,0.0,1027.0,8228.0,0.0,0.0,0.0,0.0,0.0,1.0,0.0,0.0,0.0,-0.001,0.0,-1.8,0.0,-10.6,-12.8,0.0158,16.0,25903.0
2026-07-30T18:57:57.803Z,47.286,47.298,-7.5,7.4,0.0,0.0,0.0,0.0,0.0,1.0,1.0,0.0,1.0,0.0,0.0,0.0,8.0,6.0,0.0,0.0,0.0,0.0,0.0,0.0,0.0,0.0,4.0,12.0,1.0,12.05,5.0200000000000005,2.5,1.49,-2.3000000000000003,0.2,2.3000000000000003,301.0,-0.1,-12.0,2.3000000000000003,9.3,-82.60000000000001,0.0,0.0,219.6,0.0,22.1,31.700000000000003,31.6,34.9,300.0,300.0,29.6,35.9,33.0,32.6,34.9,4.95,2.0,4.96,0.16,0.0,0.0,1027.0,8228.0,0.0,0.0,0.0,0.0,0.0,1.0,0.0,0.0,0.0,-0.001,0.0,0.2,0.0,-12.3,-12.8,0.0153,16.0,25903.0
2026-07-30T18:57:57.814Z,47.297,47.31,-7.4,7.4,0.0,0.0,0.0,0.0,0.0,1.0,1.0,0.0,1.0,0.0,0.0,0.0,8.0,6.0,0.0,0.0,0.0,0.0,0.0,0.0,0.0,0.0,5.0,12.0,1.0,12.05,5.0200000000000005,2.5,1.49,-2.3000000000000003,0.2,2.3000000000000003,301.0,-0.1,-12.6,2.9000000000000004,9.3,-82.60000000000001,0.0,0.0,219.5,0.0,22.1,31.700000000000003,31.6,34.9,300.0,300.0,29.6,35.9,33.0,32.6,34.9,4.96,2.0,4.96,0.16,0.0,0.0,1027.0,8228.0,0.0,0.0,0.0,0.0,0.0,1.0,0.0,0.0,0.0,-0.001,0.0,0.8,0.0,-12.7,-12.7,0.0151,16.0,25903.0
2026-07-30T18:57:57.827Z,47.31,47.322,-7.4,7.4,0.0,0.0,0.0,0.0,0.0,1.0,1.0,0.0,1.0,0.0,0.0,0.0,8.0,6.0,0.0,0.0,0.0,0.0,0.0,0.0,0.0,0.0,6.0,12.0,1.0,12.05,5.0200000000000005,2.5,1.49,-2.2,0.2,2.2,301.1,-0.1,-12.6,3.5,12.2,-82.60000000000001,0.0,0.0,219.5,0.0,22.1,31.700000000000003,31.6,34.9,300.0,300.0,29.6,35.9,33.0,32.6,34.9,4.95,2.0,4.96,0.16,0.0,0.0,1027.0,8228.0,0.0,0.0,0.0,0.0,0.0,1.0,0.0,0.0,0.0,-0.001,0.0,0.8,0.0,-16.5,-12.9,0.0153,16.0,25903.0
2026-07-30T18:57:57.838Z,47.321,47.334,-7.5,7.4,0.0,0.0,0.0,0.0,0.0,1.0,1.0,0.0,1.0,0.0,0.0,0.0,8.0,6.0,0.0,0.0,0.0,0.0,0.0,0.0,0.0,0.0,2.0,12.0,1.0,12.05,5.01,2.5,1.5,-2.3000000000000003,0.3,2.3000000000000003,301.1,-0.1,-11.4,1.1,9.3,-82.60000000000001,0.0,0.0,219.5,0.0,21.700000000000003,31.700000000000003,31.700000000000003,34.9,300.0,300.0,29.700000000000003,35.800000000000004,33.0,32.6,34.9,4.96,1.99,4.96,0.16,0.0,0.0,1027.0,8228.0,0.0,0.0,0.0,0.0,0.0,1.0,0.0,0.0,0.0,-0.001,0.0,-0.7000000000000001,0.0,-11.4,-12.8,0.0158,16.0,25903.0
2026-07-30T18:57:57.851Z,47.334,47.346,-7.5,7.4,0.0,0.0,0.0,0.0,0.0,1.0,1.0,0.0,1.0,0.0,0.0,0.0,8.0,6.0,0.0,0.0,0.0,0.0,0.0,0.0,0.0,0.0,4.0,12.0,1.0,12.05,5.01,2.5,1.5,-2.2,0.2,2.2,301.0,-0.1,-10.3,3.5,11.0,-82.60000000000001,0.0,0.0,219.6,0.0,21.700000000000003,31.700000000000003,31.700000000000003,34.9,300.0,300.0,29.700000000000003,35.800000000000004,33.0,32.6,34.9,4.96,2.0,4.96,0.16,0.0,0.0,1027.0,8228.0,0.0,0.0,0.0,0.0,0.0,1.0,0.0,0.0,0.0,-0.001,0.0,0.7000000000000001,0.0,-12.7,-12.7,0.015,16.0,25903.0
2026-07-30T18:57:57.863Z,47.346,47.358,-7.4,7.4,0.0,0.0,0.0,0.0,0.0,1.0,1.0,0.0,1.0,0.0,0.0,0.0,8.0,6.0,0.0,0.0,0.0,0.0,0.0,0.0,0.0,0.0,5.0,12.0,1.0,12.05,5.01,2.5,1.5,-2.2,0.2,2.2,301.1,-0.1,-10.9,3.5,11.0,-82.60000000000001,0.0,0.0,219.8,0.0,21.700000000000003,31.700000000000003,31.700000000000003,34.9,300.0,300.0,29.700000000000003,35.800000000000004,33.0,32.6,34.9,4.95,2.0,4.96,0.16,0.0,0.0,1027.0,8228.0,0.0,0.0,0.0,0.0,0.0,1.0,0.0,0.0,0.0,-0.001,0.0,0.6000000000000001,0.0,-13.4,-12.7,0.0155,16.0,25903.0
2026-07-30T18:57:57.875Z,47.358,47.37,-7.4,7.4,0.0,0.0,0.0,0.0,0.0,1.0,1.0,0.0,1.0,0.0,0.0,0.0,8.0,6.0,0.0,0.0,0.0,0.0,0.0,0.0,0.0,0.0,6.0,12.0,1.0,12.05,5.01,2.5,1.5,-2.3000000000000003,0.3,2.3000000000000003,301.1,-0.1,-11.4,2.3000000000000003,11.0,-82.60000000000001,0.0,0.0,219.7,0.0,21.700000000000003,31.700000000000003,31.700000000000003,34.9,300.0,300.0,29.700000000000003,35.800000000000004,33.0,32.6,34.9,4.95,2.0,4.96,0.16,0.0,0.0,1027.0,8228.0,0.0,0.0,0.0,0.0,0.0,1.0,0.0,0.0,0.0,-0.001,0.0,0.0,0.0,-13.6,-12.8,0.0155,16.0,25903.0
2026-07-30T18:57:57.887Z,47.37,47.382,-7.5,7.4,0.0,0.0,0.0,0.0,0.0,1.0,1.0,0.0,1.0,0.0,0.0,0.0,8.0,6.0,0.0,0.0,0.0,0.0,0.0,0.0,0.0,0.0,1.0,12.0,1.0,12.05,5.01,2.5,1.5,-2.3000000000000003,0.2,2.3000000000000003,301.1,-0.1,-13.2,1.7000000000000002,8.1,-82.60000000000001,0.0,0.0,219.7,0.0,21.700000000000003,31.700000000000003,31.700000000000003,34.9,300.0,300.0,29.700000000000003,35.800000000000004,33.0,32.6,34.9,4.96,2.0,4.96,0.16,0.0,0.0,1027.0,8228.0,0.0,0.0,0.0,0.0,0.0,1.0,0.0,0.0,0.0,-0.001,0.0,0.0,0.0,-10.5,-12.8,0.0155,16.0,25903.0
2026-07-30T18:57:57.899Z,47.382,47.394,-7.5,7.4,0.0,0.0,0.0,0.0,0.0,1.0,1.0,0.0,1.0,0.0,0.0,0.0,8.0,6.0,0.0,0.0,0.0,0.0,0.0,0.0,0.0,0.0,2.0,12.0,1.0,12.05,5.01,2.5,1.5,-2.2,0.2,2.2,301.1,-0.1,-11.4,3.5,11.6,-82.60000000000001,0.0,0.0,219.8,0.0,21.700000000000003,31.700000000000003,31.700000000000003,34.9,300.0,300.0,29.700000000000003,35.800000000000004,33.0,32.6,34.9,4.96,2.0,4.96,0.16,0.0,0.0,1027.0,8228.0,0.0,0.0,0.0,0.0,0.0,1.0,0.0,0.0,0.0,-0.001,0.0,0.8,0.0,-15.8,-12.6,0.0159,16.0,25903.0
2026-07-30T18:57:57.911Z,47.394,47.406,-7.5,7.4,0.0,0.0,0.0,0.0,0.0,1.0,1.0,0.0,1.0,0.0,0.0,0.0,8.0,6.0,0.0,0.0,0.0,0.0,0.0,0.0,0.0,0.0,3.0,12.0,1.0,12.05,5.01,2.5,1.5,-2.3000000000000003,0.3,2.4000000000000004,301.1,-0.1,-11.4,1.1,8.700000000000001,-82.60000000000001,0.0,0.0,219.7,0.0,21.700000000000003,31.700000000000003,31.700000000000003,34.9,300.0,300.0,29.700000000000003,35.800000000000004,33.0,32.6,34.9,4.95,2.0,4.96,0.16,0.0,0.0,1027.0,8228.0,0.0,0.0,0.0,0.0,0.0,1.0,0.0,0.0,0.0,-0.001,0.0,-0.6000000000000001,0.0,-10.8,-12.7,0.0148,16.0,25903.0
2026-07-30T18:57:57.923Z,47.406,47.418,-7.4,7.4,0.0,0.0,0.0,0.0,0.0,1.0,1.0,0.0,1.0,0.0,0.0,0.0,8.0,6.0,0.0,0.0,0.0,0.0,0.0,0.0,0.0,0.0,5.0,12.0,1.0,12.05,5.01,2.5,1.5,-2.3000000000000003,0.3,2.3000000000000003,301.1,-0.1,-12.6,1.7000000000000002,8.700000000000001,-82.60000000000001,0.0,0.0,219.7,0.0,21.700000000000003,31.700000000000003,31.700000000000003,34.9,300.0,300.0,29.700000000000003,35.800000000000004,33.0,32.6,34.9,4.95,2.0,4.96,0.16,0.0,0.0,1027.0,8228.0,0.0,0.0,0.0,0.0,0.0,1.0,0.0,0.0,0.0,-0.001,0.0,-0.1,0.0,-11.2,-12.7,0.016,16.0,25903.0
2026-07-30T18:57:57.936Z,47.419,47.43,-7.4,7.4,0.0,0.0,0.0,0.0,0.0,1.0,1.0,0.0,1.0,0.0,0.0,0.0,8.0,6.0,0.0,0.0,0.0,0.0,0.0,0.0,0.0,0.0,6.0,12.0,1.0,12.05,5.01,2.51,1.49,-2.3000000000000003,0.3,2.4000000000000004,301.1,-0.1,-13.2,0.0,9.3,-82.60000000000001,0.0,0.0,219.7,0.0,22.200000000000003,31.700000000000003,31.700000000000003,34.9,300.0,300.0,29.700000000000003,35.9,33.0,32.6,34.9,4.95,2.0,4.96,0.16,0.0,0.0,1027.0,8228.0,0.0,0.0,0.0,0.0,0.0,1.0,0.0,0.0,0.0,-0.001,0.0,-1.8,0.0,-10.6,-12.8,0.0159,16.0,25903.0
2026-07-30T18:57:57.946Z,47.429,47.442,-7.4,7.4,0.0,0.0,0.0,0.0,0.0,1.0,1.0,0.0,1.0,0.0,0.0,0.0,8.0,6.0,0.0,0.0,0.0,0.0,0.0,0.0,0.0,0.0,1.0,12.0,1.0,12.05,5.01,2.51,1.49,-2.3000000000000003,0.3,2.3000000000000003,301.1,-0.1,-12.6,1.7000000000000002,8.700000000000001,-82.5,0.0,0.0,219.6,0.0,22.200000000000003,31.700000000000003,31.700000000000003,34.9,300.0,300.0,29.700000000000003,35.9,33.0,32.6,34.9,4.95,2.0,4.96,0.16,0.0,0.0,1027.0,8228.0,0.0,0.0,0.0,0.0,0.0,1.0,0.0,0.0,0.0,-0.001,0.0,-0.1,0.0,-11.2,-12.8,0.016,16.0,25903.0
2026-07-30T18:57:57.960Z,47.443,47.454,-7.4,7.4,0.0,0.0,0.0,0.0,0.0,1.0,1.0,0.0,1.0,0.0,0.0,0.0,8.0,6.0,0.0,0.0,0.0,0.0,0.0,0.0,0.0,0.0,2.0,12.0,1.0,12.05,5.01,2.51,1.49,-2.3000000000000003,0.3,2.3000000000000003,300.90000000000003,-0.1,-13.8,1.7000000000000002,9.3,-82.5,0.0,0.0,219.6,0.0,22.200000000000003,31.700000000000003,31.700000000000003,34.9,300.0,300.0,29.700000000000003,35.9,33.0,32.6,34.9,4.95,2.0,4.96,0.16,0.0,0.0,1027.0,8228.0,0.0,0.0,0.0,0.0,0.0,1.0,0.0,0.0,0.0,-0.001,0.0,-0.2,0.0,-11.8,-12.8,0.0159,16.0,25903.0
2026-07-30T18:57:57.970Z,47.453,47.466,-7.4,7.4,0.0,0.0,0.0,0.0,0.0,1.0,1.0,0.0,1.0,0.0,0.0,0.0,8.0,6.0,0.0,0.0,0.0,0.0,0.0,0.0,0.0,0.0,1.0,12.0,1.0,12.05,5.01,2.51,1.49,-2.3000000000000003,0.3,2.3000000000000003,301.1,-0.1,-12.6,1.7000000000000002,8.700000000000001,-82.5,0.0,0.0,219.6,0.0,22.200000000000003,31.700000000000003,31.700000000000003,34.9,300.0,300.0,29.700000000000003,35.9,33.0,32.6,34.9,4.95,2.0,4.96,0.16,0.0,0.0,1027.0,8228.0,0.0,0.0,0.0,0.0,0.0,1.0,0.0,0.0,0.0,-0.001,0.0,-0.1,0.0,-11.2,-12.8,0.0158,16.0,25903.0
2026-07-30T18:57:57.983Z,47.466,47.478,-7.5,7.4,0.0,0.0,0.0,0.0,0.0,1.0,1.0,0.0,1.0,0.0,0.0,0.0,8.0,6.0,0.0,0.0,0.0,0.0,0.0,0.0,0.0,0.0,2.0,12.0,1.0,12.05,5.01,2.51,1.49,-2.3000000000000003,0.3,2.3000000000000003,301.1,-0.1,-12.6,1.7000000000000002,8.700000000000001,-82.5,0.0,0.0,219.6,0.0,22.200000000000003,31.700000000000003,31.700000000000003,34.9,300.0,300.0,29.700000000000003,35.9,33.0,32.6,34.9,4.95,2.0,4.96,0.16,0.0,0.0,1027.0,8228.0,0.0,0.0,0.0,0.0,0.0,1.0,0.0,0.0,0.0,-0.001,0.0,-0.1,0.0,-11.2,-12.8,0.0159,16.0,25903.0
2026-07-30T18:57:57.995Z,47.478,47.49,-7.5,7.4,0.0,0.0,0.0,0.0,0.0,1.0,1.0,0.0,1.0,0.0,0.0,0.0,8.0,6.0,0.0,0.0,0.0,0.0,0.0,0.0,0.0,0.0,3.0,12.0,1.0,12.05,5.01,2.51,1.49,-2.3000000000000003,0.3,2.3000000000000003,300.90000000000003,-0.1,-12.6,1.7000000000000002,9.3,-82.5,0.0,0.0,219.6,0.0,22.200000000000003,31.700000000000003,31.700000000000003,34.9,300.0,300.0,29.700000000000003,35.9,33.0,32.6,34.9,4.95,2.0,4.96,0.16,0.0,0.0,1027.0,8228.0,0.0,0.0,0.0,0.0,0.0,1.0,0.0,0.0,0.0,-0.001,0.0,-0.2,0.0,-11.8,-12.7,0.0158,16.0,25903.0
2026-07-30T18:57:58.007Z,47.49,47.502,-7.4,7.4,0.0,0.0,0.0,0.0,0.0,1.0,1.0,0.0,1.0,0.0,0.0,0.0,8.0,6.0,0.0,0.0,0.0,0.0,0.0,0.0,0.0,0.0,5.0,12.0,1.0,12.05,5.01,2.51,1.49,-2.2,0.3,2.3000000000000003,301.1,-0.1,-11.4,2.3000000000000003,10.4,-82.5,0.0,0.0,219.6,0.0,22.200000000000003,31.700000000000003,31.700000000000003,34.9,300.0,300.0,29.700000000000003,35.9,33.0,32.6,34.9,4.95,2.0,4.96,0.16,0.0,0.0,1027.0,8228.0,0.0,0.0,0.0,0.0,0.0,1.0,0.0,0.0,0.0,-0.001,0.0,0.0,0.0,-13.6,-12.8,0.0157,16.0,25903.0
2026-07-30T18:57:58.019Z,47.502,47.514,-7.5,7.4,0.0,0.0,0.0,0.0,0.0,1.0,1.0,0.0,1.0,0.0,0.0,0.0,8.0,6.0,0.0,0.0,0.0,0.0,0.0,0.0,0.0,0.0,6.0,12.0,1.0,12.05,5.01,2.51,1.49,-2.2,0.3,2.3000000000000003,301.1,-0.1,-11.4,1.7000000000000002,11.0,-82.5,0.0,0.0,219.7,0.0,22.200000000000003,31.700000000000003,31.700000000000003,34.9,300.0,300.0,29.700000000000003,35.9,33.0,32.6,34.9,4.95,2.0,4.96,0.16,0.0,0.0,1027.0,8228.0,0.0,0.0,0.0,0.0,0.0,1.0,0.0,0.0,0.0,-0.001,0.0,-0.5,0.0,-13.9,-12.8,0.0154,16.0,25903.0
2026-07-30T18:57:58.031Z,47.514,47.526,-7.5,7.4,0.0,0.0,0.0,0.0,0.0,1.0,1.0,0.0,1.0,0.0,0.0,0.0,8.0,6.0,0.0,0.0,0.0,0.0,0.0,0.0,0.0,0.0,1.0,12.0,1.0,12.05,5.01,2.51,1.49,-2.2,0.2,2.2,301.1,-0.1,-10.9,2.3000000000000003,10.4,-82.5,0.0,0.0,219.7,0.0,22.200000000000003,31.700000000000003,31.700000000000003,34.9,300.0,300.0,29.700000000000003,35.9,33.0,32.6,34.9,4.95,2.0,4.97,0.16,0.0,0.0,1027.0,8228.0,0.0,0.0,0.0,0.0,0.0,1.0,0.0,0.0,0.0,-0.001,0.0,0.0,0.0,-13.6,-12.8,0.0153,16.0,25903.0
2026-07-30T18:57:58.043Z,47.526,47.538,-7.5,7.4,0.0,0.0,0.0,0.0,0.0,1.0,1.0,0.0,1.0,0.0,0.0,0.0,8.0,6.0,0.0,0.0,0.0,0.0,0.0,0.0,0.0,0.0,2.0,12.0,1.0,12.06,5.0200000000000005,2.5,1.49,-2.2,0.2,2.3000000000000003,301.1,-0.1,-10.9,2.3000000000000003,10.4,-82.5,0.0,0.0,219.7,0.0,22.1,31.700000000000003,31.700000000000003,34.9,300.0,300.0,29.700000000000003,36.1,33.0,32.6,34.9,4.95,2.0,4.96,0.16,0.0,0.0,1027.0,8228.0,0.0,0.0,0.0,0.0,0.0,1.0,0.0,0.0,0.0,-0.001,0.0,0.0,0.0,-13.6,-12.7,0.0153,16.0,25903.0
2026-07-30T18:57:58.055Z,47.538,47.55,-7.4,7.4,0.0,0.0,0.0,0.0,0.0,1.0,1.0,0.0,1.0,0.0,0.0,0.0,8.0,6.0,0.0,0.0,0.0,0.0,0.0,0.0,0.0,0.0,3.0,12.0,1.0,12.06,5.0200000000000005,2.5,1.49,-2.2,0.2,2.2,301.1,-0.1,-12.0,2.9000000000000004,10.4,-82.5,0.0,0.0,219.7,0.0,22.1,31.700000000000003,31.700000000000003,34.9,300.0,300.0,29.700000000000003,36.1,33.0,32.6,34.9,4.95,2.0,4.96,0.16,0.0,0.0,1027.0,8228.0,0.0,0.0,0.0,0.0,0.0,1.0,0.0,0.0,0.0,-0.001,0.0,0.5,0.0,-14.0,-12.8,0.0153,16.0,25903.0
2026-07-30T18:57:58.066Z,47.549,47.562,-7.4,7.4,0.0,0.0,0.0,0.0,0.0,1.0,1.0,0.0,1.0,0.0,0.0,0.0,8.0,6.0,0.0,0.0,0.0,0.0,0.0,0.0,0.0,0.0,4.0,12.0,1.0,12.06,5.0200000000000005,2.5,1.49,-2.2,0.2,2.2,301.1,-0.1,-10.9,3.5,11.6,-82.5,0.0,0.0,219.7,0.0,22.1,31.700000000000003,31.700000000000003,34.9,300.0,300.0,29.700000000000003,36.1,33.0,32.6,34.9,4.95,2.0,4.96,0.16,0.0,0.0,1027.0,8228.0,0.0,0.0,0.0,0.0,0.0,1.0,0.0,0.0,0.0,-0.001,0.0,0.8,0.0,-15.8,-12.8,0.0152,16.0,25903.0
2026-07-30T18:57:58.079Z,47.562,47.574,-7.4,7.4,0.0,0.0,0.0,0.0,0.0,1.0,1.0,0.0,1.0,0.0,0.0,0.0,8.0,6.0,0.0,0.0,0.0,0.0,0.0,0.0,0.0,0.0,4.0,12.0,1.0,12.06,5.0200000000000005,2.5,1.49,-2.3000000000000003,0.3,2.3000000000000003,301.1,-0.1,-11.4,1.7000000000000002,9.9,-82.5,0.0,0.0,219.6,0.0,22.1,31.700000000000003,31.700000000000003,34.9,300.0,300.0,29.700000000000003,36.1,33.0,32.6,34.9,4.96,2.0,4.96,0.16,0.0,0.0,1027.0,8228.0,0.0,0.0,0.0,0.0,0.0,1.0,0.0,0.0,0.0,-0.001,0.0,-0.3,0.0,-12.5,-12.8,0.0149,16.0,25903.0
2026-07-30T18:57:58.091Z,47.574,47.586,-7.4,7.4,0.0,0.0,0.0,0.0,0.0,1.0,1.0,0.0,1.0,0.0,0.0,0.0,8.0,6.0,0.0,0.0,0.0,0.0,0.0,0.0,0.0,0.0,5.0,12.0,1.0,12.06,5.0200000000000005,2.5,1.49,-2.3000000000000003,0.2,2.3000000000000003,301.1,-0.1,-11.4,2.9000000000000004,9.3,-82.5,0.0,0.0,219.6,0.0,22.1,31.700000000000003,31.700000000000003,34.9,300.0,300.0,29.700000000000003,36.1,33.0,32.6,34.9,4.96,2.0,4.96,0.16,0.0,0.0,1027.0,8228.0,0.0,0.0,0.0,0.0,0.0,1.0,0.0,0.0,0.0,-0.001,0.0,0.8,0.0,-12.7,-12.8,0.0157,16.0,25903.0
2026-07-30T18:57:58.102Z,47.585,47.598,-7.5,7.4,0.0,0.0,0.0,0.0,0.0,1.0,1.0,0.0,1.0,0.0,0.0,0.0,8.0,6.0,0.0,0.0,0.0,0.0,0.0,0.0,0.0,0.0,6.0,12.0,1.0,12.06,5.0200000000000005,2.5,1.49,-2.2,0.2,2.2,301.0,-0.1,-11.4,2.9000000000000004,10.4,-82.5,0.0,0.0,219.6,0.0,22.1,31.700000000000003,31.700000000000003,34.9,300.0,300.0,29.700000000000003,36.1,33.0,32.6,34.9,4.95,2.0,4.96,0.16,0.0,0.0,1027.0,8228.0,0.0,0.0,0.0,0.0,0.0,1.0,0.0,0.0,0.0,-0.001,0.0,0.5,0.0,-14.0,-12.8,0.0156,16.0,25903.0
2026-07-30T18:57:58.115Z,47.598,47.61,-7.5,7.4,0.0,0.0,0.0,0.0,0.0,1.0,1.0,0.0,1.0,0.0,0.0,0.0,8.0,6.0,0.0,0.0,0.0,0.0,0.0,0.0,0.0,0.0,2.0,12.0,1.0,12.06,5.0200000000000005,2.5,1.49,-2.2,0.3,2.2,301.2,-0.1,-12.0,1.7000000000000002,11.0,-82.5,0.0,0.0,219.6,0.0,22.1,31.700000000000003,31.700000000000003,34.9,300.0,300.0,29.700000000000003,36.1,33.0,32.6,34.9,4.95,2.0,4.97,0.16,0.0,0.0,1027.0,8228.0,0.0,0.0,0.0,0.0,0.0,1.0,0.0,0.0,0.0,-0.001,0.0,-0.5,0.0,-13.9,-12.7,0.0153,16.0,25903.0
2026-07-30T18:57:58.127Z,47.61,47.622,-7.5,7.4,0.0,0.0,0.0,0.0,0.0,1.0,1.0,0.0,1.0,0.0,0.0,0.0,8.0,6.0,0.0,0.0,0.0,0.0,0.0,0.0,0.0,0.0,3.0,12.0,1.0,12.06,5.0200000000000005,2.5,1.49,-2.2,0.2,2.2,301.1,-0.1,-11.4,2.3000000000000003,10.4,-82.5,0.0,0.0,219.7,0.0,22.1,31.700000000000003,31.700000000000003,34.9,300.0,300.0,29.700000000000003,36.1,33.0,32.6,34.9,4.96,2.0,4.96,0.16,0.0,0.0,1027.0,8228.0,0.0,0.0,0.0,0.0,0.0,1.0,0.0,0.0,0.0,-0.001,0.0,0.0,0.0,-13.6,-12.7,0.0152,16.0,25903.0
2026-07-30T18:57:58.140Z,47.623,47.634,-7.5,7.4,0.0,0.0,0.0,0.0,0.0,1.0,1.0,0.0,1.0,0.0,0.0,0.0,8.0,6.0,0.0,0.0,0.0,0.0,0.0,0.0,0.0,0.0,4.0,12.0,1.0,12.02,5.01,2.5,1.49,-2.1,0.2,2.1,301.1,-0.1,-10.9,4.0,11.6,-82.5,0.0,0.0,219.7,0.0,22.1,31.700000000000003,31.700000000000003,34.9,300.0,300.0,29.700000000000003,36.0,33.0,32.6,34.9,4.96,2.0,4.97,0.16,0.0,0.0,1027.0,8228.0,0.0,0.0,0.0,0.0,0.0,1.0,0.0,0.0,0.0,-0.001,0.0,1.3,0.0,-16.2,-12.6,0.0151,16.0,25903.0
2026-07-30T18:57:58.151Z,47.634,47.646,-7.4,7.4,0.0,0.0,0.0,0.0,0.0,1.0,1.0,0.0,1.0,0.0,0.0,0.0,8.0,6.0,0.0,0.0,0.0,0.0,0.0,0.0,0.0,0.0,5.0,12.0,1.0,12.02,5.01,2.5,1.49,-2.2,0.2,2.2,301.0,-0.1,-11.4,2.9000000000000004,10.4,-82.5,0.0,0.0,219.7,0.0,22.1,31.700000000000003,31.700000000000003,34.9,300.0,300.0,29.700000000000003,36.0,33.0,32.6,34.9,4.96,1.99,4.97,0.16,0.0,0.0,1027.0,8228.0,0.0,0.0,0.0,0.0,0.0,1.0,0.0,0.0,0.0,-0.001,0.0,0.5,0.0,-14.0,-12.8,0.0146,16.0,25903.0
2026-07-30T18:57:58.163Z,47.646,47.658,-7.5,7.4,0.0,0.0,0.0,0.0,0.0,1.0,1.0,0.0,1.0,0.0,0.0,0.0,8.0,6.0,0.0,0.0,0.0,0.0,0.0,0.0,0.0,0.0,5.0,12.0,1.0,12.02,5.01,2.5,1.49,-2.3000000000000003,0.3,2.3000000000000003,301.0,-0.1,-10.9,1.7000000000000002,9.9,-82.5,0.0,0.0,219.6,0.0,22.1,31.700000000000003,31.700000000000003,34.9,300.0,300.0,29.700000000000003,36.0,33.0,32.6,34.9,4.96,1.99,4.96,0.16,0.0,0.0,1027.0,8228.0,0.0,0.0,0.0,0.0,0.0,1.0,0.0,0.0,0.0,-0.001,0.0,-0.3,0.0,-12.5,-12.8,0.0152,16.0,25903.0
2026-07-30T18:57:58.175Z,47.658,47.67,-7.5,7.4,0.0,0.0,0.0,0.0,0.0,1.0,1.0,0.0,1.0,0.0,0.0,0.0,8.0,6.0,0.0,0.0,0.0,0.0,0.0,0.0,0.0,0.0,6.0,12.0,1.0,12.02,5.01,2.5,1.49,-2.3000000000000003,0.3,2.3000000000000003,301.1,-0.1,-12.6,1.1,9.9,-82.5,0.0,0.0,219.5,0.0,22.1,31.700000000000003,31.700000000000003,34.9,300.0,300.0,29.700000000000003,36.0,33.0,32.6,34.9,4.96,2.0,4.96,0.16,0.0,0.0,1027.0,8228.0,0.0,0.0,0.0,0.0,0.0,1.0,0.0,0.0,0.0,-0.001,0.0,-0.8,0.0,-12.1,-12.8,0.0156,16.0,25903.0
2026-07-30T18:57:58.187Z,47.67,47.682,-7.4,7.4,0.0,0.0,0.0,0.0,0.0,1.0,1.0,0.0,1.0,0.0,0.0,0.0,8.0,6.0,0.0,0.0,0.0,0.0,0.0,0.0,0.0,0.0,2.0,12.0,1.0,12.02,5.01,2.5,1.49,-2.3000000000000003,0.2,2.3000000000000003,301.1,-0.1,-12.0,2.9000000000000004,9.3,-82.5,0.0,0.0,219.5,0.0,22.1,31.700000000000003,31.700000000000003,34.9,300.0,300.0,29.700000000000003,36.0,33.0,32.6,34.9,4.96,2.0,4.97,0.16,0.0,0.0,1027.0,8228.0,0.0,0.0,0.0,0.0,0.0,1.0,0.0,0.0,0.0,-0.001,0.0,0.8,0.0,-12.7,-12.7,0.0157,16.0,25903.0
2026-07-30T18:57:58.199Z,47.682,47.694,-7.4,7.4,0.0,0.0,0.0,0.0,0.0,1.0,1.0,0.0,1.0,0.0,0.0,0.0,8.0,6.0,0.0,0.0,0.0,0.0,0.0,0.0,0.0,0.0,3.0,12.0,1.0,12.02,5.01,2.5,1.49,-2.3000000000000003,0.3,2.3000000000000003,300.90000000000003,-0.1,-12.6,1.7000000000000002,10.4,-82.5,0.0,0.0,219.5,0.0,22.1,31.700000000000003,31.700000000000003,34.9,300.0,300.0,29.700000000000003,36.0,33.0,32.6,34.9,4.95,2.0,4.97,0.16,0.0,0.0,1027.0,8228.0,0.0,0.0,0.0,0.0,0.0,1.0,0.0,0.0,0.0,-0.001,0.0,-0.4,0.0,-13.2,-12.8,0.0155,16.0,25903.0
2026-07-30T18:57:58.211Z,47.694,47.706,-7.5,7.4,0.0,0.0,0.0,0.0,0.0,1.0,1.0,0.0,1.0,0.0,0.0,0.0,8.0,6.0,0.0,0.0,0.0,0.0,0.0,0.0,0.0,0.0,4.0,12.0,1.0,12.02,5.01,2.5,1.49,-2.3000000000000003,0.3,2.4000000000000004,301.1,-0.1,-12.6,1.1,8.700000000000001,-82.5,0.0,0.0,219.6,0.0,22.1,31.700000000000003,31.700000000000003,34.9,300.0,300.0,29.700000000000003,36.0,33.0,32.6,34.9,4.96,2.0,4.96,0.16,0.0,0.0,1027.0,8228.0,0.0,0.0,0.0,0.0,0.0,1.0,0.0,0.0,0.0,-0.001,0.0,-0.6000000000000001,0.0,-10.8,-12.8,0.0155,16.0,25903.0
2026-07-30T18:57:58.223Z,47.706,47.718,-7.5,7.4,0.0,0.0,0.0,0.0,0.0,1.0,1.0,0.0,1.0,0.0,0.0,0.0,8.0,6.0,0.0,0.0,0.0,0.0,0.0,0.0,0.0,0.0,4.0,12.0,1.0,12.02,5.01,2.5,1.49,-2.3000000000000003,0.3,2.3000000000000003,301.1,-0.1,-11.4,0.5,10.4,-82.5,0.0,0.0,219.7,0.0,22.1,31.700000000000003,31.700000000000003,34.9,300.0,300.0,29.700000000000003,36.0,33.0,32.6,34.9,4.96,2.0,4.96,0.16,0.0,0.0,1027.0,8228.0,0.0,0.0,0.0,0.0,0.0,1.0,0.0,0.0,0.0,-0.001,0.0,-1.5,0.0,-12.3,-12.8,0.016,16.0,25903.0
2026-07-30T18:57:58.235Z,47.718,47.73,-7.4,7.4,0.0,0.0,0.0,0.0,0.0,1.0,1.0,0.0,1.0,0.0,0.0,0.0,8.0,6.0,0.0,0.0,0.0,0.0,0.0,0.0,0.0,0.0,5.0,12.0,1.0,12.02,5.01,2.5,1.49,-2.4000000000000004,0.3,2.4000000000000004,301.0,-0.1,-12.6,1.1,8.1,-82.5,0.0,0.0,219.6,0.0,22.1,31.700000000000003,31.700000000000003,34.9,300.0,300.0,29.700000000000003,36.0,33.0,32.6,34.9,4.96,2.0,4.96,0.17,0.0,0.0,1027.0,8228.0,0.0,0.0,0.0,0.0,0.0,1.0,0.0,0.0,0.0,-0.001,0.0,-0.5,0.0,-10.1,-12.7,0.0155,16.0,25903.0
2026-07-30T18:57:58.247Z,47.73,47.742,-7.4,7.4,0.0,0.0,0.0,0.0,0.0,1.0,1.0,0.0,1.0,0.0,0.0,0.0,8.0,6.0,0.0,0.0,0.0,0.0,0.0,0.0,0.0,0.0,6.0,12.0,1.0,12.06,5.01,2.51,1.49,-2.3000000000000003,0.2,2.3000000000000003,301.1,-0.1,-12.0,2.3000000000000003,8.700000000000001,-82.5,0.0,0.0,219.7,0.0,21.9,31.8,31.700000000000003,35.0,300.0,300.0,29.700000000000003,36.0,33.1,32.6,34.9,4.95,2.0,4.96,0.16,0.0,0.0,1027.0,8228.0,0.0,0.0,0.0,0.0,0.0,1.0,0.0,0.0,0.0,-0.001,0.0,0.3,0.0,-11.6,-12.8,0.0161,16.0,25903.0
2026-07-30T18:57:58.259Z,47.742,47.754,-7.4,7.4,0.0,0.0,0.0,0.0,0.0,1.0,1.0,0.0,1.0,0.0,0.0,0.0,8.0,6.0,0.0,0.0,0.0,0.0,0.0,0.0,0.0,0.0,1.0,12.0,1.0,12.06,5.01,2.51,1.49,-2.3000000000000003,0.3,2.3000000000000003,301.1,-0.1,-13.2,1.1,9.3,-82.5,0.0,0.0,219.7,0.0,21.9,31.8,31.700000000000003,35.0,300.0,300.0,29.700000000000003,36.0,33.1,32.6,34.9,4.95,2.0,4.96,0.16,0.0,0.0,1027.0,8228.0,0.0,0.0,0.0,0.0,0.0,1.0,0.0,0.0,0.0,-0.001,0.0,-0.7000000000000001,0.0,-11.4,-12.9,0.0159,16.0,25903.0
2026-07-30T18:57:58.273Z,47.756,47.766,-7.5,7.4,0.0,0.0,0.0,0.0,0.0,1.0,1.0,0.0,1.0,0.0,0.0,0.0,8.0,6.0,0.0,0.0,0.0,0.0,0.0,0.0,0.0,0.0,2.0,12.0,1.0,12.06,5.01,2.51,1.49,-2.3000000000000003,0.3,2.3000000000000003,300.90000000000003,-0.1,-12.6,1.1,9.9,-82.5,0.0,0.0,219.7,0.0,21.9,31.8,31.700000000000003,35.0,300.0,300.0,29.700000000000003,36.0,33.1,32.6,34.9,4.95,2.0,4.97,0.16,0.0,0.0,1027.0,8228.0,0.0,0.0,0.0,0.0,0.0,1.0,0.0,0.0,0.0,-0.001,0.0,-0.8,0.0,-12.1,-12.8,0.0159,16.0,25903.0
2026-07-30T18:57:58.283Z,47.766,47.778,-7.5,7.4,0.0,0.0,0.0,0.0,0.0,1.0,1.0,0.0,1.0,0.0,0.0,0.0,8.0,6.0,0.0,0.0,0.0,0.0,0.0,0.0,0.0,0.0,1.0,12.0,1.0,12.06,5.01,2.51,1.49,-2.4000000000000004,0.3,2.4000000000000004,301.1,-0.1,-12.0,1.1,8.1,-82.5,0.0,0.0,219.7,0.0,21.9,31.8,31.700000000000003,35.0,300.0,300.0,29.700000000000003,36.0,33.1,32.6,34.9,4.95,2.0,4.96,0.16,0.0,0.0,1027.0,8228.0,0.0,0.0,0.0,0.0,0.0,1.0,0.0,0.0,0.0,-0.001,0.0,-0.5,0.0,-10.1,-12.8,0.0158,16.0,25903.0
2026-07-30T18:57:58.295Z,47.778,47.79,-7.5,7.4,0.0,0.0,0.0,0.0,0.0,1.0,1.0,0.0,1.0,0.0,0.0,0.0,8.0,6.0,0.0,0.0,0.0,0.0,0.0,0.0,0.0,0.0,3.0,12.0,1.0,12.06,5.01,2.51,1.49,-2.3000000000000003,0.2,2.3000000000000003,301.1,-0.1,-12.0,2.3000000000000003,9.3,-82.5,0.0,0.0,219.7,0.0,21.9,31.8,31.700000000000003,35.0,300.0,300.0,29.700000000000003,36.0,33.1,32.6,34.9,4.95,2.0,4.96,0.16,0.0,0.0,1027.0,8228.0,0.0,0.0,0.0,0.0,0.0,1.0,0.0,0.0,0.0,-0.001,0.0,0.2,0.0,-12.3,-12.8,0.0162,16.0,25903.0
2026-07-30T18:57:58.307Z,47.79,47.802,-7.5,7.4,0.0,0.0,0.0,0.0,0.0,1.0,1.0,0.0,1.0,0.0,0.0,0.0,8.0,6.0,0.0,0.0,0.0,0.0,0.0,0.0,0.0,0.0,4.0,12.0,1.0,12.06,5.01,2.51,1.49,-2.2,0.2,2.3000000000000003,301.1,-0.1,-11.4,2.9000000000000004,9.9,-82.5,0.0,0.0,219.6,0.0,21.9,31.8,31.700000000000003,35.0,300.0,300.0,29.700000000000003,36.0,33.1,32.6,34.9,4.95,2.0,4.96,0.16,0.0,0.0,1027.0,8228.0,0.0,0.0,0.0,0.0,0.0,1.0,0.0,0.0,0.0,-0.001,0.0,0.6000000000000001,0.0,-13.4,-12.8,0.0157,16.0,25903.0
2026-07-30T18:57:58.319Z,47.802,47.814,-7.5,7.4,0.0,0.0,0.0,0.0,0.0,1.0,1.0,0.0,1.0,0.0,0.0,0.0,8.0,6.0,0.0,0.0,0.0,0.0,0.0,0.0,0.0,0.0,5.0,12.0,1.0,12.06,5.01,2.51,1.49,-2.2,0.2,2.2,301.1,-0.1,-12.0,2.3000000000000003,10.4,-82.5,0.0,0.0,219.6,0.0,21.9,31.8,31.700000000000003,35.0,300.0,300.0,29.700000000000003,36.0,33.1,32.6,34.9,4.96,2.0,4.96,0.16,0.0,0.0,1027.0,8228.0,0.0,0.0,0.0,0.0,0.0,1.0,0.0,0.0,0.0,-0.001,0.0,0.0,0.0,-13.6,-12.7,0.0152,16.0,25903.0
2026-07-30T18:57:58.331Z,47.814,47.826,-7.5,7.4,0.0,0.0,0.0,0.0,0.0,1.0,1.0,0.0,1.0,0.0,0.0,0.0,8.0,6.0,0.0,0.0,0.0,0.0,0.0,0.0,0.0,0.0,6.0,12.0,1.0,12.06,5.01,2.51,1.49,-2.2,0.2,2.2,301.1,-0.1,-10.9,2.9000000000000004,11.0,-82.5,0.0,0.0,219.6,0.0,21.9,31.8,31.700000000000003,35.0,300.0,300.0,29.700000000000003,36.0,33.1,32.6,34.9,4.96,2.0,4.96,0.16,0.0,0.0,1027.0,8228.0,0.0,0.0,0.0,0.0,0.0,1.0,0.0,0.0,0.0,-0.001,0.0,0.4,0.0,-14.7,-12.7,0.0151,16.0,25903.0
2026-07-30T18:57:58.344Z,47.827,47.838,-7.4,7.4,0.0,0.0,0.0,0.0,0.0,1.0,1.0,0.0,1.0,0.0,0.0,0.0,8.0,6.0,0.0,0.0,0.0,0.0,0.0,0.0,0.0,0.0,6.0,12.0,1.0,12.05,5.0200000000000005,2.51,1.49,-2.2,0.2,2.3000000000000003,301.0,-0.1,-11.4,2.9000000000000004,9.9,-82.5,0.0,0.0,219.6,0.0,22.1,31.8,31.8,35.0,300.0,300.0,29.8,35.9,33.1,32.7,35.0,4.95,2.0,4.96,0.16,0.0,0.0,1027.0,8228.0,0.0,0.0,0.0,0.0,0.0,1.0,0.0,0.0,0.0,-0.001,0.0,0.6000000000000001,0.0,-13.4,-12.7,0.015,16.0,25903.0
2026-07-30T18:57:58.355Z,47.838,47.85,-7.4,7.4,0.0,0.0,0.0,0.0,0.0,1.0,1.0,0.0,1.0,0.0,0.0,0.0,8.0,6.0,0.0,0.0,0.0,0.0,0.0,0.0,0.0,0.0,2.0,12.0,1.0,12.05,5.0200000000000005,2.51,1.49,-2.2,0.3,2.3000000000000003,301.1,-0.1,-10.9,2.3000000000000003,11.0,-82.5,0.0,0.0,219.7,0.0,22.1,31.8,31.8,35.0,300.0,300.0,29.8,35.9,33.1,32.7,35.0,4.96,2.0,4.96,0.16,0.0,0.0,1027.0,8228.0,0.0,0.0,0.0,0.0,0.0,1.0,0.0,0.0,0.0,-0.001,0.0,0.0,0.0,-14.3,-12.8,0.0156,16.0,25903.0
2026-07-30T18:57:58.367Z,47.85,47.862,-7.4,7.4,0.0,0.0,0.0,0.0,0.0,1.0,1.0,0.0,1.0,0.0,0.0,0.0,8.0,6.0,0.0,0.0,0.0,0.0,0.0,0.0,0.0,0.0,3.0,12.0,1.0,12.05,5.0200000000000005,2.51,1.49,-2.3000000000000003,0.3,2.3000000000000003,301.0,-0.1,-10.9,2.3000000000000003,10.4,-82.5,0.0,0.0,219.6,0.0,22.1,31.8,31.8,35.0,300.0,300.0,29.8,35.9,33.1,32.7,35.0,4.95,2.0,4.96,0.16,0.0,0.0,1027.0,8228.0,0.0,0.0,0.0,0.0,0.0,1.0,0.0,0.0,0.0,-0.001,0.0,-0.8,0.0,-12.1,-12.9,0.0158,16.0,25903.0
2026-07-30T18:57:58.379Z,47.862,47.874,-7.5,7.4,0.0,0.0,0.0,0.0,0.0,1.0,1.0,0.0,1.0,0.0,0.0,0.0,8.0,6.0,0.0,0.0,0.0,0.0,0.0,0.0,0.0,0.0,4.0,12.0,1.0,12.05,5.0200000000000005,2.51,1.49,-2.2,0.2,2.2,301.1,-0.1,-12.0,3.5,12.2,-82.5,0.0,0.0,219.5,0.0,22.1,31.8,31.8,35.0,300.0,300.0,29.8,35.9,33.1,32.7,35.0,4.95,2.0,4.97,0.16,0.0,0.0,1027.0,8228.0,0.0,0.0,0.0,0.0,0.0,1.0,0.0,0.0,0.0,-0.001,0.0,0.7000000000000001,0.0,-13.4,-12.8,0.0158,16.0,25903.0
2026-07-30T18:57:58.391Z,47.874,47.886,-7.5,7.4,0.0,0.0,0.0,0.0,0.0,1.0,1.0,0.0,1.0,0.0,0.0,0.0,8.0,6.0,0.0,0.0,0.0,0.0,0.0,0.0,0.0,0.0,5.0,12.0,1.0,12.05,5.0200000000000005,2.51,1.49,-2.3000000000000003,0.3,2.3000000000000003,300.90000000000003,-0.1,-12.0,2.9000000000000004,9.9,-82.5,0.0,0.0,219.6,0.0,22.1,31.8,31.8,35.0,300.0,300.0,29.8,35.9,33.1,32.7,35.0,4.95,2.0,4.97,0.16,0.0,0.0,1027.0,8228.0,0.0,0.0,0.0,0.0,0.0,1.0,0.0,0.0,0.0,-0.001,0.0,-0.2,0.0,-11.9,-12.7,0.0154,16.0,25903.0
2026-07-30T18:57:58.403Z,47.886,47.898,-7.4,7.4,0.0,0.0,0.0,0.0,0.0,1.0,1.0,0.0,1.0,0.0,0.0,0.0,8.0,6.0,0.0,0.0,0.0,0.0,0.0,0.0,0.0,0.0,6.0,12.0,1.0,12.05,5.0200000000000005,2.51,1.49,-2.4000000000000004,0.3,2.4000000000000004,301.1,-0.1,-12.6,1.1,8.1,-82.5,0.0,0.0,219.7,0.0,22.1,31.8,31.8,35.0,300.0,300.0,29.8,35.9,33.1,32.7,35.0,4.96,2.0,4.96,0.16,0.0,0.0,1027.0,8228.0,0.0,0.0,0.0,0.0,0.0,1.0,0.0,0.0,0.0,-0.001,0.0,-0.5,0.0,-10.1,-12.8,0.0158,16.0,25903.0
2026-07-30T18:57:58.415Z,47.898,47.91,-7.5,7.4,0.0,0.0,0.0,0.0,0.0,1.0,1.0,0.0,1.0,0.0,0.0,0.0,8.0,6.0,0.0,0.0,0.0,0.0,0.0,0.0,0.0,0.0,1.0,12.0,1.0,12.05,5.0200000000000005,2.51,1.49,-2.3000000000000003,0.3,2.3000000000000003,301.1,-0.1,-12.6,1.7000000000000002,10.4,-82.5,0.0,0.0,219.8,0.0,22.1,31.8,31.8,35.0,300.0,300.0,29.8,35.9,33.1,32.7,35.0,4.95,2.0,4.96,0.16,0.0,0.0,1027.0,8228.0,0.0,0.0,0.0,0.0,0.0,1.0,0.0,0.0,0.0,-0.001,0.0,-0.5,0.0,-13.2,-12.8,0.0162,16.0,25903.0
2026-07-30T18:57:58.427Z,47.91,47.922,-7.4,7.4,0.0,0.0,0.0,0.0,0.0,1.0,1.0,0.0,1.0,0.0,0.0,0.0,8.0,6.0,0.0,0.0,0.0,0.0,0.0,0.0,0.0,0.0,2.0,12.0,1.0,12.05,5.0200000000000005,2.51,1.49,-2.3000000000000003,0.3,2.3000000000000003,301.0,-0.1,-12.0,1.7000000000000002,10.4,-82.60000000000001,0.0,0.0,219.8,0.0,22.1,31.8,31.8,35.0,300.0,300.0,29.8,35.9,33.1,32.7,35.0,4.95,2.0,4.96,0.16,0.0,0.0,1027.0,8228.0,0.0,0.0,0.0,0.0,0.0,1.0,0.0,0.0,0.0,-0.001,0.0,-0.5,0.0,-13.2,-12.8,0.0154,16.0,25903.0
2026-07-30T18:57:58.439Z,47.922,47.934,-7.5,7.4,0.0,0.0,0.0,0.0,0.0,1.0,1.0,0.0,1.0,0.0,0.0,0.0,8.0,6.0,0.0,0.0,0.0,0.0,0.0,0.0,0.0,0.0,3.0,12.0,1.0,12.05,5.0200000000000005,2.51,1.49,-2.3000000000000003,0.3,2.4000000000000004,301.0,-0.1,-13.2,1.7000000000000002,8.700000000000001,-82.60000000000001,0.0,0.0,219.7,0.0,22.1,31.8,31.8,35.0,300.0,300.0,29.8,35.9,33.1,32.7,35.0,4.95,2.0,4.96,0.16,0.0,0.0,1027.0,8228.0,0.0,0.0,0.0,0.0,0.0,1.0,0.0,0.0,0.0,-0.001,0.0,-0.1,0.0,-11.2,-12.8,0.0155,16.0,25903.0
2026-07-30T18:57:58.451Z,47.934,47.946,-7.5,7.4,0.0,0.0,0.0,0.0,0.0,1.0,1.0,0.0,1.0,0.0,0.0,0.0,8.0,6.0,0.0,0.0,0.0,0.0,0.0,0.0,0.0,0.0,4.0,12.0,1.0,12.05,5.01,2.5,1.49,-2.3000000000000003,0.3,2.4000000000000004,301.0,-0.1,-12.6,0.5,9.3,-82.60000000000001,0.0,0.0,219.7,0.0,21.9,31.8,31.8,35.0,300.0,300.0,29.700000000000003,36.0,33.1,32.7,35.0,4.95,2.0,4.96,0.16,0.0,0.0,1027.0,8228.0,0.0,0.0,0.0,0.0,0.0,1.0,0.0,0.0,0.0,-0.001,0.0,-1.2000000000000002,0.0,-11.0,-12.8,0.016,16.0,25903.0
2026-07-30T18:57:58.462Z,47.945,47.958,-7.4,7.4,0.0,0.0,0.0,0.0,0.0,1.0,1.0,0.0,1.0,0.0,0.0,0.0,8.0,6.0,0.0,0.0,0.0,0.0,0.0,0.0,0.0,0.0,5.0,12.0,1.0,12.05,5.01,2.5,1.49,-2.4000000000000004,0.3,2.4000000000000004,301.1,-0.1,-13.2,1.1,7.5,-82.60000000000001,0.0,0.0,219.7,0.0,21.9,31.8,31.8,35.0,300.0,300.0,29.700000000000003,36.0,33.1,32.7,35.0,4.95,2.0,4.97,0.16,0.0,0.0,1027.0,8228.0,0.0,0.0,0.0,0.0,0.0,1.0,0.0,0.0,0.0,-0.001,0.0,-0.4,0.0,-9.4,-12.8,0.016,16.0,25903.0
2026-07-30T18:57:58.475Z,47.958,47.97,-7.5,7.4,0.0,0.0,0.0,0.0,0.0,1.0,1.0,0.0,1.0,0.0,0.0,0.0,8.0,6.0,0.0,0.0,0.0,0.0,0.0,0.0,0.0,0.0,6.0,12.0,1.0,12.05,5.01,2.5,1.49,-2.3000000000000003,0.2,2.4000000000000004,301.1,-0.1,-12.0,1.7000000000000002,8.1,-82.60000000000001,0.0,0.0,219.7,0.0,21.9,31.8,31.8,35.0,300.0,300.0,29.700000000000003,36.0,33.1,32.7,35.0,4.95,1.99,4.96,0.16,0.0,0.0,1027.0,8228.0,0.0,0.0,0.0,0.0,0.0,1.0,0.0,0.0,0.0,-0.001,0.0,0.0,0.0,-10.5,-12.8,0.0163,16.0,25903.0
2026-07-30T18:57:58.487Z,47.97,47.982,-7.5,7.4,0.0,0.0,0.0,0.0,0.0,1.0,1.0,0.0,1.0,0.0,0.0,0.0,8.0,6.0,0.0,0.0,0.0,0.0,0.0,0.0,0.0,0.0,1.0,12.0,1.0,12.05,5.01,2.5,1.49,-2.2,0.2,2.3000000000000003,300.90000000000003,-0.1,-11.4,2.9000000000000004,9.9,-82.60000000000001,0.0,0.0,219.8,0.0,21.9,31.8,31.8,35.0,300.0,300.0,29.700000000000003,36.0,33.1,32.7,35.0,4.96,2.0,4.96,0.16,0.0,0.0,1027.0,8228.0,0.0,0.0,0.0,0.0,0.0,1.0,0.0,0.0,0.0,-0.001,0.0,0.6000000000000001,0.0,-13.4,-12.7,0.016,16.0,25903.0
2026-07-30T18:57:58.499Z,47.982,47.994,-7.4,7.4,0.0,0.0,0.0,0.0,0.0,1.0,1.0,0.0,1.0,0.0,0.0,0.0,8.0,6.0,0.0,0.0,0.0,0.0,0.0,0.0,0.0,0.0,2.0,12.0,1.0,12.05,5.01,2.5,1.49,-2.3000000000000003,0.3,2.3000000000000003,301.0,-0.1,-12.6,1.1,9.9,-82.60000000000001,0.0,0.0,219.7,0.0,21.9,31.8,31.8,35.0,300.0,300.0,29.700000000000003,36.0,33.1,32.7,35.0,4.96,2.0,4.96,0.16,0.0,0.0,1027.0,8228.0,0.0,0.0,0.0,0.0,0.0,1.0,0.0,0.0,0.0,-0.001,0.0,-0.9,0.0,-12.1,-12.7,0.0153,16.0,25903.0
2026-07-30T18:57:58.510Z,47.993,48.006,-7.5,7.4,0.0,0.0,0.0,0.0,0.0,1.0,1.0,0.0,1.0,0.0,0.0,0.0,8.0,6.0,0.0,0.0,0.0,0.0,0.0,0.0,0.0,0.0,3.0,12.0,1.0,12.05,5.01,2.5,1.49,-2.2,0.2,2.2,301.1,-0.1,-11.4,2.9000000000000004,11.0,-82.60000000000001,0.0,0.0,219.7,0.0,21.9,31.8,31.8,35.0,300.0,300.0,29.700000000000003,36.0,33.1,32.7,35.0,4.95,2.0,4.97,0.16,0.0,0.0,1027.0,8228.0,0.0,0.0,0.0,0.0,0.0,1.0,0.0,0.0,0.0,-0.001,0.0,0.4,0.0,-14.7,-12.8,0.0158,16.0,25903.0
2026-07-30T18:57:58.523Z,48.006,48.018,-7.5,7.4,0.0,0.0,0.0,0.0,0.0,1.0,1.0,0.0,1.0,0.0,0.0,0.0,8.0,6.0,0.0,0.0,0.0,0.0,0.0,0.0,0.0,0.0,4.0,12.0,1.0,12.05,5.01,2.5,1.49,-2.2,0.3,2.2,300.90000000000003,-0.1,-11.4,1.7000000000000002,10.4,-82.60000000000001,0.0,0.0,219.7,0.0,21.9,31.8,31.8,35.0,300.0,300.0,29.700000000000003,36.0,33.1,32.7,35.0,4.95,2.0,4.97,0.16,0.0,0.0,1027.0,8228.0,0.0,0.0,0.0,0.0,0.0,1.0,0.0,0.0,0.0,-0.001,0.0,-0.4,0.0,-13.2,-12.7,0.015,16.0,25903.0
2026-07-30T18:57:58.535Z,48.018,48.03,-7.5,7.4,0.0,0.0,0.0,0.0,0.0,1.0,1.0,0.0,1.0,0.0,0.0,0.0,8.0,6.0,0.0,0.0,0.0,0.0,0.0,0.0,0.0,0.0,5.0,12.0,1.0,12.05,5.01,2.5,1.49,-2.2,0.2,2.3000000000000003,301.1,-0.1,-10.9,2.3000000000000003,9.9,-82.60000000000001,0.0,0.0,219.7,0.0,21.9,31.8,31.8,35.0,300.0,300.0,29.700000000000003,36.0,33.1,32.7,35.0,4.96,2.0,4.97,0.16,0.0,0.0,1027.0,8228.0,0.0,0.0,0.0,0.0,0.0,1.0,0.0,0.0,0.0,-0.001,0.0,0.1,0.0,-12.9,-12.7,0.0153,16.0,25903.0
2026-07-30T18:57:58.548Z,48.031,48.042,-7.4,7.4,0.0,0.0,0.0,0.0,0.0,1.0,1.0,0.0,1.0,0.0,0.0,0.0,8.0,6.0,0.0,0.0,0.0,0.0,0.0,0.0,0.0,0.0,6.0,12.0,1.0,12.05,5.01,2.51,1.5,-2.2,0.2,2.2,301.1,-0.1,-10.9,2.9000000000000004,9.9,-82.60000000000001,0.0,0.0,219.7,0.0,22.200000000000003,31.8,31.8,35.0,300.0,300.0,29.6,36.0,33.1,32.7,35.0,4.95,2.0,4.96,0.16,0.0,0.0,1027.0,8228.0,0.0,0.0,0.0,0.0,0.0,1.0,0.0,0.0,0.0,-0.001,0.0,0.6000000000000001,0.0,-13.4,-12.7,0.0153,16.0,25903.0
2026-07-30T18:57:58.559Z,48.042,48.054,-7.4,7.4,0.0,0.0,0.0,0.0,0.0,1.0,1.0,0.0,1.0,0.0,0.0,0.0,8.0,6.0,0.0,0.0,0.0,0.0,0.0,0.0,0.0,0.0,1.0,12.0,1.0,12.05,5.01,2.51,1.5,-2.3000000000000003,0.2,2.3000000000000003,300.8,-0.1,-11.4,2.3000000000000003,9.9,-82.60000000000001,0.0,0.0,219.8,0.0,22.200000000000003,31.8,31.8,35.0,300.0,300.0,29.6,36.0,33.1,32.7,35.0,4.95,2.0,4.96,0.16,0.0,0.0,1027.0,8228.0,0.0,0.0,0.0,0.0,0.0,1.0,0.0,0.0,0.0,-0.001,0.0,0.1,0.0,-12.9,-12.8,0.0153,16.0,25903.0
2026-07-30T18:57:58.571Z,48.054,48.066,-7.4,7.4,0.0,0.0,0.0,0.0,0.0,1.0,1.0,0.0,1.0,0.0,0.0,0.0,8.0,6.0,0.0,0.0,0.0,0.0,0.0,0.0,0.0,0.0,2.0,12.0,1.0,12.05,5.01,2.51,1.5,-2.2,0.3,2.2,301.1,-0.1,-10.9,2.3000000000000003,11.6,-82.60000000000001,0.0,0.0,219.7,0.0,22.200000000000003,31.8,31.8,35.0,300.0,300.0,29.6,36.0,33.1,32.7,35.0,4.95,2.0,4.96,0.16,0.0,0.0,1027.0,8228.0,0.0,0.0,0.0,0.0,0.0,1.0,0.0,0.0,0.0,-0.001,0.0,-0.1,0.0,-14.9,-12.9,0.0155,16.0,25903.0
2026-07-30T18:57:58.586Z,48.069,48.078,-7.4,7.4,0.0,0.0,0.0,0.0,0.0,1.0,1.0,0.0,1.0,0.0,0.0,0.0,8.0,6.0,0.0,0.0,0.0,0.0,0.0,0.0,0.0,0.0,3.0,12.0,1.0,12.05,5.01,2.51,1.5,-2.2,0.2,2.2,301.1,-0.1,-10.9,4.0,11.0,-82.60000000000001,0.0,0.0,219.6,0.0,22.200000000000003,31.8,31.8,35.0,300.0,300.0,29.6,36.0,33.1,32.7,35.0,4.96,2.0,4.96,0.16,0.0,0.0,1027.0,8228.0,0.0,0.0,0.0,0.0,0.0,1.0,0.0,0.0,0.0,-0.001,0.0,1.5,0.0,-15.6,-12.8,0.0151,16.0,25903.0
2026-07-30T18:57:58.595Z,48.078,48.09,-7.5,7.4,0.0,0.0,0.0,0.0,0.0,1.0,1.0,0.0,1.0,0.0,0.0,0.0,8.0,6.0,0.0,0.0,0.0,0.0,0.0,0.0,0.0,0.0,1.0,12.0,1.0,12.05,5.01,2.51,1.5,-2.2,0.2,2.2,300.90000000000003,-0.1,-10.3,2.9000000000000004,11.0,-82.60000000000001,0.0,0.0,219.6,0.0,22.200000000000003,31.8,31.8,35.0,300.0,300.0,29.6,36.0,33.1,32.7,35.0,4.96,2.0,4.96,0.16,0.0,0.0,1027.0,8228.0,0.0,0.0,0.0,0.0,0.0,1.0,0.0,0.0,0.0,-0.001,0.0,0.4,0.0,-14.7,-12.8,0.0149,16.0,25903.0
2026-07-30T18:57:58.607Z,48.09,48.102,-7.4,7.4,0.0,0.0,0.0,0.0,0.0,1.0,1.0,0.0,1.0,0.0,0.0,0.0,8.0,6.0,0.0,0.0,0.0,0.0,0.0,0.0,0.0,0.0,3.0,12.0,1.0,12.05,5.01,2.51,1.5,-2.2,0.3,2.2,301.1,-0.1,-11.4,1.7000000000000002,11.0,-82.60000000000001,0.0,0.0,219.6,0.0,22.200000000000003,31.8,31.8,35.0,300.0,300.0,29.6,36.0,33.1,32.7,35.0,4.96,2.0,4.96,0.16,0.0,0.0,1027.0,8228.0,0.0,0.0,0.0,0.0,0.0,1.0,0.0,0.0,0.0,-0.001,0.0,-0.5,0.0,-13.9,-12.7,0.015,16.0,25903.0
2026-07-30T18:57:58.618Z,48.101,48.114,-7.5,7.4,0.0,0.0,0.0,0.0,0.0,1.0,1.0,0.0,1.0,0.0,0.0,0.0,8.0,6.0,0.0,0.0,0.0,0.0,0.0,0.0,0.0,0.0,4.0,12.0,1.0,12.05,5.01,2.51,1.5,-2.2,0.2,2.2,301.1,-0.1,-11.4,2.9000000000000004,11.6,-82.60000000000001,0.0,0.0,219.7,0.0,22.200000000000003,31.8,31.8,35.0,300.0,300.0,29.6,36.0,33.1,32.7,35.0,4.96,2.0,4.96,0.16,0.0,0.0,1027.0,8228.0,0.0,0.0,0.0,0.0,0.0,1.0,0.0,0.0,0.0,-0.001,0.0,0.3,0.0,-15.4,-12.8,0.0152,16.0,25903.0
2026-07-30T18:57:58.630Z,48.113,48.126,-7.5,7.4,0.0,0.0,0.0,0.0,0.0,1.0,1.0,0.0,1.0,0.0,0.0,0.0,8.0,6.0,0.0,0.0,0.0,0.0,0.0,0.0,0.0,0.0,5.0,12.0,1.0,12.05,5.01,2.51,1.5,-2.3000000000000003,0.2,2.3000000000000003,301.0,-0.1,-11.4,2.3000000000000003,9.3,-82.5,0.0,0.0,219.7,0.0,22.200000000000003,31.8,31.8,35.0,300.0,300.0,29.6,36.0,33.1,32.7,35.0,4.96,2.0,4.96,0.16,0.0,0.0,1027.0,8228.0,0.0,0.0,0.0,0.0,0.0,1.0,0.0,0.0,0.0,-0.001,0.0,0.2,0.0,-12.3,-12.7,0.0148,16.0,25903.0
2026-07-30T18:57:58.642Z,48.125,48.138,-7.4,7.4,0.0,0.0,0.0,0.0,0.0,1.0,1.0,0.0,1.0,0.0,0.0,0.0,8.0,6.0,0.0,0.0,0.0,0.0,0.0,0.0,0.0,0.0,6.0,12.0,1.0,12.05,5.01,2.51,1.5,-2.3000000000000003,0.3,2.3000000000000003,301.0,-0.1,-12.0,1.7000000000000002,9.3,-82.60000000000001,0.0,0.0,219.6,0.0,22.200000000000003,31.8,31.8,35.0,300.0,300.0,29.6,36.0,33.1,32.7,35.0,4.95,2.0,4.96,0.16,0.0,0.0,1027.0,8228.0,0.0,0.0,0.0,0.0,0.0,1.0,0.0,0.0,0.0,-0.001,0.0,-0.2,0.0,-11.9,-12.8,0.0156,16.0,25903.0
2026-07-30T18:57:58.655Z,48.138,48.15,-7.4,7.4,0.0,0.0,0.0,0.0,0.0,1.0,1.0,0.0,1.0,0.0,0.0,0.0,8.0,6.0,0.0,0.0,0.0,0.0,0.0,0.0,0.0,0.0,1.0,12.0,1.0,12.05,5.0200000000000005,2.5,1.49,-2.2,0.3,2.3000000000000003,301.1,-0.1,-10.9,1.7000000000000002,11.0,-82.60000000000001,0.0,0.0,219.7,0.0,22.1,31.8,31.8,35.1,300.0,300.0,29.6,36.0,33.1,32.7,35.0,4.96,2.0,4.97,0.16,0.0,0.0,1027.0,8228.0,0.0,0.0,0.0,0.0,0.0,1.0,0.0,0.0,0.0,-0.001,0.0,-0.6000000000000001,0.0,-13.8,-12.9,0.0158,16.0,25903.0
2026-07-30T18:57:58.667Z,48.15,48.162,-7.5,7.4,0.0,0.0,0.0,0.0,0.0,1.0,1.0,0.0,1.0,0.0,0.0,0.0,8.0,6.0,0.0,0.0,0.0,0.0,0.0,0.0,0.0,0.0,3.0,12.0,1.0,12.05,5.0200000000000005,2.5,1.49,-2.2,0.2,2.2,300.90000000000003,-0.1,-12.0,2.9000000000000004,10.4,-82.60000000000001,0.0,0.0,219.7,0.0,22.1,31.8,31.8,35.1,300.0,300.0,29.6,36.0,33.1,32.7,35.0,4.96,2.0,4.96,0.16,0.0,0.0,1027.0,8228.0,0.0,0.0,0.0,0.0,0.0,1.0,0.0,0.0,0.0,-0.001,0.0,0.5,0.0,-14.0,-12.8,0.0153,16.0,25903.0
2026-07-30T18:57:58.679Z,48.162,48.174,-7.4,7.4,0.0,0.0,0.0,0.0,0.0,1.0,1.0,0.0,1.0,0.0,0.0,0.0,8.0,6.0,0.0,0.0,0.0,0.0,0.0,0.0,0.0,0.0,4.0,12.0,1.0,12.05,5.0200000000000005,2.5,1.49,-2.3000000000000003,0.2,2.3000000000000003,301.0,-0.1,-12.6,2.3000000000000003,9.3,-82.60000000000001,0.0,0.0,219.7,0.0,22.1,31.8,31.8,35.1,300.0,300.0,29.6,36.0,33.1,32.7,35.0,4.95,2.0,4.96,0.16,0.0,0.0,1027.0,8228.0,0.0,0.0,0.0,0.0,0.0,1.0,0.0,0.0,0.0,-0.001,0.0,0.2,0.0,-12.3,-12.8,0.0153,16.0,25903.0
2026-07-30T18:57:58.692Z,48.175,48.186,-7.4,7.4,0.0,0.0,0.0,0.0,0.0,1.0,1.0,0.0,1.0,0.0,0.0,0.0,8.0,6.0,0.0,0.0,0.0,0.0,0.0,0.0,0.0,0.0,5.0,12.0,1.0,12.05,5.0200000000000005,2.5,1.49,-2.3000000000000003,0.3,2.3000000000000003,300.90000000000003,-0.1,-12.0,1.7000000000000002,11.0,-82.60000000000001,0.0,0.0,219.6,0.0,22.1,31.8,31.8,35.1,300.0,300.0,29.6,36.0,33.1,32.7,35.0,4.95,2.0,4.96,0.16,0.0,0.0,1027.0,8228.0,0.0,0.0,0.0,0.0,0.0,1.0,0.0,0.0,0.0,-0.001,0.0,-0.5,0.0,-13.9,-12.8,0.0158,16.0,25903.0
2026-07-30T18:57:58.703Z,48.186,48.198,-7.4,7.4,0.0,0.0,0.0,0.0,0.0,1.0,1.0,0.0,1.0,0.0,0.0,0.0,8.0,6.0,0.0,0.0,0.0,0.0,0.0,0.0,0.0,0.0,5.0,12.0,1.0,12.05,5.0200000000000005,2.5,1.49,-2.4000000000000004,0.3,2.4000000000000004,301.0,0.0,-13.2,0.5,7.5,-82.60000000000001,0.0,0.0,219.6,0.0,22.1,31.8,31.8,35.1,300.0,300.0,29.6,36.0,33.1,32.7,35.0,4.95,2.0,4.96,0.16,0.0,0.0,1027.0,8228.0,0.0,0.0,0.0,0.0,0.0,1.0,0.0,0.0,0.0,-0.001,0.0,-0.9,0.0,-9.0,-12.8,0.0154,16.0,25903.0
2026-07-30T18:57:58.714Z,48.197,48.21,-7.5,7.4,0.0,0.0,0.0,0.0,0.0,1.0,1.0,0.0,1.0,0.0,0.0,0.0,8.0,6.0,0.0,0.0,0.0,0.0,0.0,0.0,0.0,0.0,6.0,12.0,1.0,12.05,5.0200000000000005,2.5,1.49,-2.2,0.2,2.3000000000000003,301.1,-0.1,-12.0,2.3000000000000003,11.0,-82.60000000000001,0.0,0.0,219.6,0.0,22.1,31.8,31.8,35.1,300.0,300.0,29.6,36.0,33.1,32.7,35.0,4.95,2.0,4.96,0.16,0.0,0.0,1027.0,8228.0,0.0,0.0,0.0,0.0,0.0,1.0,0.0,0.0,0.0,-0.001,0.0,0.0,0.0,-14.3,-12.8,0.0165,16.0,25903.0
2026-07-30T18:57:58.726Z,48.209,48.222,-7.5,7.4,0.0,0.0,0.0,0.0,0.0,1.0,1.0,0.0,1.0,0.0,0.0,0.0,8.0,6.0,0.0,0.0,0.0,0.0,0.0,0.0,0.0,0.0,1.0,12.0,1.0,12.05,5.0200000000000005,2.5,1.49,-2.3000000000000003,0.2,2.3000000000000003,301.1,-0.1,-12.6,2.3000000000000003,9.9,-82.60000000000001,0.0,0.0,219.7,0.0,22.1,31.8,31.8,35.1,300.0,300.0,29.6,36.0,33.1,32.7,35.0,4.95,2.0,4.96,0.16,0.0,0.0,1027.0,8228.0,0.0,0.0,0.0,0.0,0.0,1.0,0.0,0.0,0.0,-0.001,0.0,0.1,0.0,-12.9,-12.8,0.0153,16.0,25903.0
2026-07-30T18:57:58.738Z,48.221,48.234,-7.5,7.4,0.0,0.0,0.0,0.0,0.0,1.0,1.0,0.0,1.0,0.0,0.0,0.0,8.0,6.0,0.0,0.0,0.0,0.0,0.0,0.0,0.0,0.0,2.0,12.0,1.0,12.05,5.0200000000000005,2.5,1.49,-2.3000000000000003,0.3,2.3000000000000003,301.0,-0.1,-13.2,1.1,9.3,-82.60000000000001,0.0,0.0,219.7,0.0,22.1,31.8,31.8,35.1,300.0,300.0,29.6,36.0,33.1,32.7,35.0,4.95,2.0,4.97,0.16,0.0,0.0,1027.0,8228.0,0.0,0.0,0.0,0.0,0.0,1.0,0.0,0.0,0.0,-0.001,0.0,-0.7000000000000001,0.0,-11.4,-12.8,0.0156,16.0,25903.0
2026-07-30T18:57:58.751Z,48.234,48.246,-7.4,7.4,0.0,0.0,0.0,0.0,0.0,1.0,1.0,0.0,1.0,0.0,0.0,0.0,8.0,6.0,0.0,0.0,0.0,0.0,0.0,0.0,0.0,0.0,3.0,12.0,1.0,12.06,5.0200000000000005,2.5,1.5,-2.3000000000000003,0.3,2.3000000000000003,301.1,-0.1,-12.6,0.5,10.4,-82.60000000000001,0.0,0.0,219.8,0.0,21.9,31.8,31.8,35.1,300.0,300.0,29.700000000000003,35.9,33.2,32.800000000000004,35.1,4.96,2.0,4.96,0.16,0.0,0.0,1027.0,8228.0,0.0,0.0,0.0,0.0,0.0,1.0,0.0,0.0,0.0,-0.001,0.0,-1.5,0.0,-12.3,-12.8,0.0159,16.0,25903.0
2026-07-30T18:57:58.762Z,48.245,48.258,-7.4,7.4,0.0,0.0,0.0,0.0,0.0,1.0,1.0,0.0,1.0,0.0,0.0,0.0,8.0,6.0,0.0,0.0,0.0,0.0,0.0,0.0,0.0,0.0,4.0,12.0,1.0,12.06,5.0200000000000005,2.5,1.5,-2.4000000000000004,0.3,2.4000000000000004,301.1,-0.1,-12.6,0.5,8.1,-82.60000000000001,0.0,0.0,219.6,0.0,21.9,31.8,31.8,35.1,300.0,300.0,29.700000000000003,35.9,33.2,32.800000000000004,35.1,4.96,2.0,4.96,0.16,0.0,0.0,1027.0,8228.0,0.0,0.0,0.0,0.0,0.0,1.0,0.0,0.0,0.0,-0.001,0.0,-1.0,0.0,-9.7,-12.9,0.0158,16.0,25903.0
2026-07-30T18:57:58.774Z,48.257,48.27,-7.5,7.4,0.0,0.0,0.0,0.0,0.0,1.0,1.0,0.0,1.0,0.0,0.0,0.0,8.0,6.0,0.0,0.0,0.0,0.0,0.0,0.0,0.0,0.0,5.0,12.0,1.0,12.06,5.0200000000000005,2.5,1.5,-2.3000000000000003,0.3,2.3000000000000003,301.0,-0.1,-12.6,1.7000000000000002,9.3,-82.60000000000001,0.0,0.0,219.6,0.0,21.9,31.8,31.8,35.1,300.0,300.0,29.700000000000003,35.9,33.2,32.800000000000004,35.1,4.95,2.0,4.96,0.16,0.0,0.0,1027.0,8228.0,0.0,0.0,0.0,0.0,0.0,1.0,0.0,0.0,0.0,-0.001,0.0,-0.2,0.0,-11.9,-12.9,0.0165,16.0,25903.0
2026-07-30T18:57:58.787Z,48.27,48.282,-7.5,7.4,0.0,0.0,0.0,0.0,0.0,1.0,1.0,0.0,1.0,0.0,0.0,0.0,8.0,6.0,0.0,0.0,0.0,0.0,0.0,0.0,0.0,0.0,6.0,12.0,1.0,12.06,5.0200000000000005,2.5,1.5,-2.2,0.3,2.2,301.1,-0.1,-12.6,2.3000000000000003,11.6,-82.60000000000001,0.0,0.0,219.7,0.0,21.9,31.8,31.8,35.1,300.0,300.0,29.700000000000003,35.9,33.2,32.800000000000004,35.1,4.95,2.0,4.97,0.16,0.0,0.0,1027.0,8228.0,0.0,0.0,0.0,0.0,0.0,1.0,0.0,0.0,0.0,-0.001,0.0,-0.1,0.0,-14.9,-12.7,0.0159,16.0,25903.0
2026-07-30T18:57:58.799Z,48.282,48.294,-7.5,7.4,0.0,0.0,0.0,0.0,0.0,1.0,1.0,0.0,1.0,0.0,0.0,0.0,8.0,6.0,0.0,0.0,0.0,0.0,0.0,0.0,0.0,0.0,1.0,12.0,1.0,12.06,5.0200000000000005,2.5,1.5,-2.2,0.2,2.3000000000000003,301.1,-0.1,-12.0,2.9000000000000004,9.9,-82.60000000000001,0.0,0.0,219.8,0.0,21.9,31.8,31.8,35.1,300.0,300.0,29.700000000000003,35.9,33.2,32.800000000000004,35.1,4.96,1.99,4.96,0.16,0.0,0.0,1027.0,8228.0,0.0,0.0,0.0,0.0,0.0,1.0,0.0,0.0,0.0,-0.001,0.0,0.6000000000000001,0.0,-13.4,-12.8,0.0152,16.0,25903.0
2026-07-30T18:57:58.810Z,48.293,48.306,-7.5,7.4,0.0,0.0,0.0,0.0,0.0,1.0,1.0,0.0,1.0,0.0,0.0,0.0,8.0,6.0,0.0,0.0,0.0,0.0,0.0,0.0,0.0,0.0,2.0,12.0,1.0,12.06,5.0200000000000005,2.5,1.5,-2.2,0.2,2.2,301.1,-0.1,-11.4,2.9000000000000004,11.0,-82.60000000000001,0.0,0.0,219.8,0.0,21.9,31.8,31.8,35.1,300.0,300.0,29.700000000000003,35.9,33.2,32.800000000000004,35.1,4.96,2.0,4.96,0.16,0.0,0.0,1027.0,8228.0,0.0,0.0,0.0,0.0,0.0,1.0,0.0,0.0,0.0,-0.001,0.0,0.4,0.0,-14.7,-12.7,0.0153,16.0,25903.0
2026-07-30T18:57:58.823Z,48.306,48.318,-7.4,7.4,0.0,0.0,0.0,0.0,0.0,1.0,1.0,0.0,1.0,0.0,0.0,0.0,8.0,6.0,0.0,0.0,0.0,0.0,0.0,0.0,0.0,0.0,3.0,12.0,1.0,12.06,5.0200000000000005,2.5,1.5,-2.3000000000000003,0.2,2.3000000000000003,301.0,-0.1,-11.4,2.3000000000000003,9.9,-82.60000000000001,0.0,0.0,219.8,0.0,21.9,31.8,31.8,35.1,300.0,300.0,29.700000000000003,35.9,33.2,32.800000000000004,35.1,4.95,2.0,4.96,0.16,0.0,0.0,1027.0,8228.0,0.0,0.0,0.0,0.0,0.0,1.0,0.0,0.0,0.0,-0.001,0.0,0.1,0.0,-12.9,-12.7,0.0151,16.0,25903.0
2026-07-30T18:57:58.835Z,48.318,48.33,-7.4,7.4,0.0,0.0,0.0,0.0,0.0,1.0,1.0,0.0,1.0,0.0,0.0,0.0,8.0,6.0,0.0,0.0,0.0,0.0,0.0,0.0,0.0,0.0,4.0,12.0,1.0,12.06,5.0200000000000005,2.5,1.5,-2.3000000000000003,0.2,2.3000000000000003,301.0,-0.1,-11.4,2.3000000000000003,8.700000000000001,-82.7,0.0,0.0,219.7,0.0,21.9,31.8,31.8,35.1,300.0,300.0,29.700000000000003,35.9,33.2,32.800000000000004,35.1,4.96,2.0,4.96,0.16,0.0,0.0,1027.0,8228.0,0.0,0.0,0.0,0.0,0.0,1.0,0.0,0.0,0.0,-0.001,0.0,0.3,0.0,-11.6,-12.8,0.0156,16.0,25903.0
2026-07-30T18:57:58.847Z,48.33,48.342,-7.4,7.4,0.0,0.0,0.0,0.0,0.0,1.0,1.0,0.0,1.0,0.0,0.0,0.0,8.0,6.0,0.0,0.0,0.0,0.0,0.0,0.0,0.0,0.0,5.0,12.0,1.0,12.06,5.0200000000000005,2.5,1.5,-2.3000000000000003,0.2,2.3000000000000003,301.1,-0.1,-11.4,2.3000000000000003,9.9,-82.7,0.0,0.0,219.7,0.0,21.9,31.8,31.8,35.1,300.0,300.0,29.700000000000003,35.9,33.2,32.800000000000004,35.1,4.96,2.0,4.96,0.16,0.0,0.0,1027.0,8228.0,0.0,0.0,0.0,0.0,0.0,1.0,0.0,0.0,0.0,-0.001,0.0,0.1,0.0,-12.9,-12.8,0.0156,16.0,25903.0
2026-07-30T18:57:58.859Z,48.342,48.354,-7.4,7.4,0.0,0.0,0.0,0.0,0.0,1.0,1.0,0.0,1.0,0.0,0.0,0.0,8.0,6.0,0.0,0.0,0.0,0.0,0.0,0.0,0.0,0.0,6.0,12.0,1.0,12.05,5.01,2.51,1.49,-2.3000000000000003,0.2,2.3000000000000003,301.1,-0.1,-10.9,2.9000000000000004,9.9,-82.7,0.0,0.0,219.8,0.0,22.1,31.9,31.9,35.1,300.0,300.0,29.700000000000003,35.9,33.2,32.800000000000004,35.1,4.96,2.0,4.96,0.16,0.0,0.0,1027.0,8228.0,0.0,0.0,0.0,0.0,0.0,1.0,0.0,0.0,0.0,-0.001,0.0,0.6000000000000001,0.0,-13.4,-12.8,0.0157,16.0,25903.0
2026-07-30T18:57:58.871Z,48.354,48.366,-7.5,7.4,0.0,0.0,0.0,0.0,0.0,1.0,1.0,0.0,1.0,0.0,0.0,0.0,8.0,6.0,0.0,0.0,0.0,0.0,0.0,0.0,0.0,0.0,1.0,12.0,1.0,12.05,5.01,2.51,1.49,-2.3000000000000003,0.3,2.3000000000000003,301.0,-0.1,-11.4,2.3000000000000003,10.4,-82.60000000000001,0.0,0.0,219.6,0.0,22.1,31.9,31.9,35.1,300.0,300.0,29.700000000000003,35.9,33.2,32.800000000000004,35.1,4.95,2.0,4.96,0.16,0.0,0.0,1027.0,8228.0,0.0,0.0,0.0,0.0,0.0,1.0,0.0,0.0,0.0,-0.001,0.0,0.0,0.0,-13.6,-12.8,0.0153,16.0,25903.0
2026-07-30T18:57:58.883Z,48.366,48.378,-7.4,7.4,0.0,0.0,0.0,0.0,0.0,1.0,1.0,0.0,1.0,0.0,0.0,0.0,8.0,6.0,0.0,0.0,0.0,0.0,0.0,0.0,0.0,0.0,2.0,12.0,1.0,12.05,5.01,2.51,1.49,-2.2,0.2,2.2,301.0,-0.1,-10.9,4.0,10.4,-82.60000000000001,0.0,0.0,219.6,0.0,22.1,31.9,31.9,35.1,300.0,300.0,29.700000000000003,35.9,33.2,32.800000000000004,35.1,4.95,2.0,4.96,0.16,0.0,0.0,1027.0,8228.0,0.0,0.0,0.0,0.0,0.0,1.0,0.0,0.0,0.0,-0.001,0.0,-1.0,0.0,-9.7,-12.7,0.0151,16.0,25903.0
2026-07-30T18:57:58.898Z,48.381,48.39,-7.5,7.4,0.0,0.0,0.0,0.0,0.0,1.0,1.0,0.0,1.0,0.0,0.0,0.0,8.0,6.0,0.0,0.0,0.0,0.0,0.0,0.0,0.0,0.0,3.0,12.0,1.0,12.05,5.01,2.51,1.49,-2.4000000000000004,0.3,2.3000000000000003,301.1,-0.1,-12.0,1.7000000000000002,9.3,-82.60000000000001,0.0,0.0,219.7,0.0,22.1,31.9,31.9,35.1,300.0,300.0,29.700000000000003,35.9,33.2,32.800000000000004,35.1,4.95,2.0,4.96,0.16,0.0,0.0,1027.0,8228.0,0.0,0.0,0.0,0.0,0.0,1.0,0.0,0.0,0.0,-0.001,0.0,-0.5,0.0,-10.1,-12.8,0.0163,16.0,25903.0
2026-07-30T18:57:58.907Z,48.39,48.402,-7.4,7.4,0.0,0.0,0.0,0.0,0.0,1.0,1.0,0.0,1.0,0.0,0.0,0.0,8.0,6.0,0.0,0.0,0.0,0.0,0.0,0.0,0.0,0.0,2.0,12.0,1.0,12.05,5.01,2.51,1.49,-2.3000000000000003,0.2,2.4000000000000004,301.1,-0.1,-11.4,2.3000000000000003,11.6,-82.7,0.0,0.0,219.7,0.0,22.1,31.9,31.9,35.1,300.0,300.0,29.700000000000003,35.9,33.2,32.800000000000004,35.1,4.95,2.0,4.97,0.16,0.0,0.0,1027.0,8228.0,0.0,0.0,0.0,0.0,0.0,1.0,0.0,0.0,0.0,-0.001,0.0,0.4,0.0,-10.9,-12.8,0.0161,16.0,25903.0
2026-07-30T18:57:58.919Z,48.402,48.414,-7.4,7.4,0.0,0.0,0.0,0.0,0.0,1.0,1.0,0.0,1.0,0.0,0.0,0.0,8.0,6.0,0.0,0.0,0.0,0.0,0.0,0.0,0.0,0.0,3.0,12.0,1.0,12.05,5.01,2.51,1.49,-2.4000000000000004,0.3,2.4000000000000004,301.0,-0.1,-12.0,1.1,8.1,-82.7,0.0,0.0,219.8,0.0,22.1,31.9,31.9,35.1,300.0,300.0,29.700000000000003,35.9,33.2,32.800000000000004,35.1,4.95,2.0,4.97,0.16,0.0,0.0,1027.0,8228.0,0.0,0.0,0.0,0.0,0.0,1.0,0.0,0.0,0.0,-0.001,0.0,-0.5,0.0,-10.1,-12.8,0.016,16.0,25903.0
2026-07-30T18:57:58.931Z,48.414,48.426,-7.4,7.4,0.0,0.0,0.0,0.0,0.0,1.0,1.0,0.0,1.0,0.0,0.0,0.0,8.0,6.0,0.0,0.0,0.0,0.0,0.0,0.0,0.0,0.0,5.0,12.0,1.0,12.05,5.01,2.51,1.49,-2.4000000000000004,0.3,2.4000000000000004,301.1,-0.1,-13.8,0.5,8.1,-82.7,0.0,0.0,219.7,0.0,22.1,31.9,31.9,35.1,300.0,300.0,29.700000000000003,35.9,33.2,32.800000000000004,35.1,4.96,2.0,4.97,0.16,0.0,0.0,1027.0,8228.0,0.0,0.0,0.0,0.0,0.0,1.0,0.0,0.0,0.0,-0.001,0.0,-1.0,0.0,-9.7,-12.8,0.0163,16.0,25903.0
2026-07-30T18:57:58.943Z,48.426,48.438,-7.5,7.4,0.0,0.0,0.0,0.0,0.0,1.0,1.0,0.0,1.0,0.0,0.0,0.0,8.0,6.0,0.0,0.0,0.0,0.0,0.0,0.0,0.0,0.0,6.0,12.0,1.0,12.05,5.01,2.51,1.49,-2.3000000000000003,0.3,2.4000000000000004,301.1,-0.1,-13.2,0.0,9.9,-82.7,0.0,0.0,219.8,0.0,22.1,31.9,31.9,35.1,300.0,300.0,29.700000000000003,35.9,33.2,32.800000000000004,35.1,4.95,2.0,4.96,0.16,0.0,0.0,1027.0,8228.0,0.0,0.0,0.0,0.0,0.0,1.0,0.0,0.0,0.0,-0.001,0.0,-1.9,0.0,-11.2,-12.9,0.0165,16.0,25903.0
2026-07-30T18:57:58.955Z,48.438,48.45,-7.5,7.4,0.0,0.0,0.0,0.0,0.0,1.0,1.0,0.0,1.0,0.0,0.0,0.0,8.0,6.0,0.0,0.0,0.0,0.0,0.0,0.0,0.0,0.0,1.0,12.0,1.0,12.01,5.0200000000000005,2.5,1.49,-2.3000000000000003,0.2,2.4000000000000004,301.1,-0.1,-12.0,2.3000000000000003,8.1,-82.7,0.0,0.0,219.7,0.0,22.1,31.9,31.9,35.1,300.0,300.0,29.700000000000003,36.0,33.2,32.800000000000004,35.1,4.95,2.0,4.97,0.16,0.0,0.0,1027.0,8228.0,0.0,0.0,0.0,0.0,0.0,1.0,0.0,0.0,0.0,-0.001,0.0,0.4,0.0,-10.9,-12.7,0.016,16.0,25903.0
2026-07-30T18:57:58.967Z,48.45,48.462,-7.5,7.4,0.0,0.0,0.0,0.0,0.0,1.0,1.0,0.0,1.0,0.0,0.0,0.0,8.0,6.0,0.0,0.0,0.0,0.0,0.0,0.0,0.0,0.0,2.0,12.0,1.0,12.01,5.0200000000000005,2.5,1.49,-2.3000000000000003,0.3,2.4000000000000004,301.1,-0.1,-12.6,1.1,9.3,-82.60000000000001,0.0,0.0,219.5,0.0,22.1,31.9,31.9,35.1,300.0,300.0,29.700000000000003,36.0,33.2,32.800000000000004,35.1,4.95,2.0,4.97,0.16,0.0,0.0,1027.0,8228.0,0.0,0.0,0.0,0.0,0.0,1.0,0.0,0.0,0.0,-0.001,0.0,-0.7000000000000001,0.0,-11.4,-12.7,0.016,16.0,25903.0
2026-07-30T18:57:58.979Z,48.462,48.474,-7.5,7.4,0.0,0.0,0.0,0.0,0.0,1.0,1.0,0.0,1.0,0.0,0.0,0.0,8.0,6.0,0.0,0.0,0.0,0.0,0.0,0.0,0.0,0.0,4.0,12.0,1.0,12.01,5.0200000000000005,2.5,1.49,-2.3000000000000003,0.2,2.4000000000000004,301.1,-0.1,-12.6,2.3000000000000003,8.1,-82.60000000000001,0.0,0.0,219.5,0.0,22.1,31.9,31.9,35.1,300.0,300.0,29.700000000000003,36.0,33.2,32.800000000000004,35.1,4.95,2.0,4.96,0.16,0.0,0.0,1027.0,8228.0,0.0,0.0,0.0,0.0,0.0,1.0,0.0,0.0,0.0,-0.001,0.0,0.5,0.0,-10.9,-12.7,0.0159,16.0,25903.0
2026-07-30T18:57:58.990Z,48.473,48.486,-7.5,7.4,0.0,0.0,0.0,0.0,0.0,1.0,1.0,0.0,1.0,0.0,0.0,0.0,8.0,6.0,0.0,0.0,0.0,0.0,0.0,0.0,0.0,0.0,5.0,12.0,1.0,12.01,5.0200000000000005,2.5,1.49,-2.3000000000000003,0.3,2.3000000000000003,301.0,-0.1,-12.0,1.1,9.9,-82.60000000000001,0.0,0.0,219.6,0.0,22.1,31.9,31.9,35.1,300.0,300.0,29.700000000000003,36.0,33.2,32.800000000000004,35.1,4.96,2.0,4.96,0.16,0.0,0.0,1027.0,8228.0,0.0,0.0,0.0,0.0,0.0,1.0,0.0,0.0,0.0,-0.001,0.0,-0.8,0.0,-12.1,-12.7,0.016,16.0,25903.0
2026-07-30T18:57:59.003Z,48.486,48.498,-7.5,7.4,0.0,0.0,0.0,0.0,0.0,1.0,1.0,0.0,1.0,0.0,0.0,0.0,8.0,6.0,0.0,0.0,0.0,0.0,0.0,0.0,0.0,0.0,1.0,12.0,1.0,12.01,5.0200000000000005,2.5,1.49,-2.1,0.2,2.2,301.1,-0.1,-10.9,4.0,11.6,-82.60000000000001,0.0,0.0,219.7,0.0,22.1,31.9,31.9,35.1,300.0,300.0,29.700000000000003,36.0,33.2,32.800000000000004,35.1,4.96,2.0,4.96,0.16,0.0,0.0,1027.0,8228.0,0.0,0.0,0.0,0.0,0.0,1.0,0.0,0.0,0.0,-0.001,0.0,1.3,0.0,-16.2,-12.7,0.0156,16.0,25903.0
2026-07-30T18:57:59.014Z,48.497,48.51,-7.5,7.4,0.0,0.0,0.0,0.0,0.0,1.0,1.0,0.0,1.0,0.0,0.0,0.0,8.0,6.0,0.0,0.0,0.0,0.0,0.0,0.0,0.0,0.0,1.0,12.0,1.0,12.01,5.0200000000000005,2.5,1.49,-2.3000000000000003,0.2,2.3000000000000003,301.1,-0.1,-11.4,2.3000000000000003,9.9,-82.60000000000001,0.0,0.0,219.7,0.0,22.1,31.9,31.9,35.1,300.0,300.0,29.700000000000003,36.0,33.2,32.800000000000004,35.1,4.95,2.0,4.96,0.16,0.0,0.0,1027.0,8228.0,0.0,0.0,0.0,0.0,0.0,1.0,0.0,0.0,0.0,-0.001,0.0,0.1,0.0,-12.9,-12.7,0.0147,16.0,25903.0
2026-07-30T18:57:59.027Z,48.51,48.522,-7.4,7.4,0.0,0.0,0.0,0.0,0.0,1.0,1.0,0.0,1.0,0.0,0.0,0.0,8.0,6.0,0.0,0.0,0.0,0.0,0.0,0.0,0.0,0.0,2.0,12.0,1.0,12.01,5.0200000000000005,2.5,1.49,-2.3000000000000003,0.3,2.4000000000000004,301.0,-0.1,-12.6,1.1,9.3,-82.60000000000001,0.0,0.0,219.7,0.0,22.1,31.9,31.9,35.1,300.0,300.0,29.700000000000003,36.0,33.2,32.800000000000004,35.1,4.95,2.0,4.97,0.16,0.0,0.0,1027.0,8228.0,0.0,0.0,0.0,0.0,0.0,1.0,0.0,0.0,0.0,-0.001,0.0,-0.7000000000000001,0.0,-11.4,-12.7,0.0154,16.0,25903.0
2026-07-30T18:57:59.039Z,48.522,48.534,-7.4,7.4,0.0,0.0,0.0,0.0,0.0,1.0,1.0,0.0,1.0,0.0,0.0,0.0,8.0,6.0,0.0,0.0,0.0,0.0,0.0,0.0,0.0,0.0,3.0,12.0,1.0,12.01,5.0200000000000005,2.5,1.49,-2.2,0.2,2.3000000000000003,301.0,-0.1,-12.0,2.9000000000000004,10.4,-82.60000000000001,0.0,0.0,219.6,0.0,22.1,31.9,31.9,35.1,300.0,300.0,29.700000000000003,36.0,33.2,32.800000000000004,35.1,4.95,2.0,4.96,0.16,0.0,0.0,1027.0,8228.0,0.0,0.0,0.0,0.0,0.0,1.0,0.0,0.0,0.0,-0.001,0.0,0.5,0.0,-14.0,-12.9,0.016,16.0,25903.0
2026-07-30T18:57:59.051Z,48.534,48.546,-7.4,7.4,0.0,0.0,0.0,0.0,0.0,1.0,1.0,0.0,1.0,0.0,0.0,0.0,8.0,6.0,0.0,0.0,0.0,0.0,0.0,0.0,0.0,0.0,4.0,12.0,1.0,12.01,5.0200000000000005,2.5,1.49,-2.3000000000000003,0.2,2.3000000000000003,301.0,-0.1,-10.9,3.5,9.9,-82.60000000000001,0.0,0.0,219.6,0.0,22.1,31.9,31.9,35.1,300.0,300.0,29.700000000000003,36.0,33.2,32.800000000000004,35.1,4.95,2.0,4.96,0.16,0.0,0.0,1027.0,8228.0,0.0,0.0,0.0,0.0,0.0,1.0,0.0,0.0,0.0,-0.001,0.0,1.2000000000000002,0.0,-13.8,-12.8,0.0154,16.0,25903.0
2026-07-30T18:57:59.062Z,48.545,48.558,-7.4,7.4,0.0,0.0,0.0,0.0,0.0,1.0,1.0,0.0,1.0,0.0,0.0,0.0,8.0,6.0,0.0,0.0,0.0,0.0,0.0,0.0,0.0,0.0,5.0,12.0,1.0,12.05,5.01,2.5,1.49,-2.3000000000000003,0.2,2.3000000000000003,301.1,-0.1,-12.0,2.9000000000000004,10.4,-82.60000000000001,0.0,0.0,219.6,0.0,22.200000000000003,31.9,31.9,35.2,300.0,300.0,29.700000000000003,36.1,33.2,32.800000000000004,35.1,4.95,2.0,4.96,0.16,0.0,0.0,1027.0,8228.0,0.0,0.0,0.0,0.0,0.0,1.0,0.0,0.0,0.0,-0.001,0.0,0.5,0.0,-14.0,-12.8,0.0154,16.0,25903.0
2026-07-30T18:57:59.075Z,48.558,48.57,-7.5,7.4,0.0,0.0,0.0,0.0,0.0,1.0,1.0,0.0,1.0,0.0,0.0,0.0,8.0,6.0,0.0,0.0,0.0,0.0,0.0,0.0,0.0,0.0,6.0,12.0,1.0,12.05,5.01,2.5,1.49,-2.3000000000000003,0.2,2.3000000000000003,301.1,-0.1,-10.9,2.3000000000000003,9.9,-82.60000000000001,0.0,0.0,219.6,0.0,22.200000000000003,31.9,31.9,35.2,300.0,300.0,29.700000000000003,36.1,33.2,32.800000000000004,35.1,4.96,2.0,4.96,0.16,0.0,0.0,1027.0,8228.0,0.0,0.0,0.0,0.0,0.0,1.0,0.0,0.0,0.0,-0.001,0.0,0.1,0.0,-12.9,-12.8,0.0154,16.0,25903.0
2026-07-30T18:57:59.087Z,48.57,48.582,-7.5,7.4,0.0,0.0,0.0,0.0,0.0,1.0,1.0,0.0,1.0,0.0,0.0,0.0,8.0,6.0,0.0,0.0,0.0,0.0,0.0,0.0,0.0,0.0,2.0,12.0,1.0,12.05,5.01,2.5,1.49,-2.2,0.3,2.3000000000000003,301.0,-0.1,-11.4,1.7000000000000002,10.4,-82.60000000000001,0.0,0.0,219.7,0.0,22.200000000000003,31.9,31.9,35.2,300.0,300.0,29.700000000000003,36.1,33.2,32.800000000000004,35.1,4.96,2.0,4.96,0.16,0.0,0.0,1027.0,8228.0,0.0,0.0,0.0,0.0,0.0,1.0,0.0,0.0,0.0,-0.001,0.0,-0.4,0.0,-13.2,-12.8,0.0156,16.0,25903.0
2026-07-30T18:57:59.099Z,48.582,48.594,-7.5,7.4,0.0,0.0,0.0,0.0,0.0,1.0,1.0,0.0,1.0,0.0,0.0,0.0,8.0,6.0,0.0,0.0,0.0,0.0,0.0,0.0,0.0,0.0,3.0,12.0,1.0,12.05,5.01,2.5,1.49,-2.2,0.2,2.3000000000000003,301.0,-0.1,-11.4,2.3000000000000003,9.9,-82.60000000000001,0.0,0.0,219.7,0.0,22.200000000000003,31.9,31.9,35.2,300.0,300.0,29.700000000000003,36.1,33.2,32.800000000000004,35.1,4.96,2.0,4.97,0.16,0.0,0.0,1027.0,8228.0,0.0,0.0,0.0,0.0,0.0,1.0,0.0,0.0,0.0,-0.001,0.0,0.1,0.0,-12.9,-12.7,0.0154,16.0,25903.0
2026-07-30T18:57:59.110Z,48.593,48.606,-7.5,7.4,0.0,0.0,0.0,0.0,0.0,1.0,1.0,0.0,1.0,0.0,0.0,0.0,8.0,6.0,0.0,0.0,0.0,0.0,0.0,0.0,0.0,0.0,5.0,12.0,1.0,12.05,5.01,2.5,1.49,-2.2,0.2,2.2,301.1,-0.1,-12.0,3.5,9.9,-82.60000000000001,0.0,0.0,219.7,0.0,22.200000000000003,31.9,31.9,35.2,300.0,300.0,29.700000000000003,36.1,33.2,32.800000000000004,35.1,4.95,1.99,4.97,0.16,0.0,0.0,1027.0,8228.0,0.0,0.0,0.0,0.0,0.0,1.0,0.0,0.0,0.0,-0.001,0.0,1.1,0.0,-13.8,-12.6,0.0153,16.0,25903.0
2026-07-30T18:57:59.123Z,48.606,48.618,-7.5,7.4,0.0,0.0,0.0,0.0,0.0,1.0,1.0,0.0,1.0,0.0,0.0,0.0,8.0,6.0,0.0,0.0,0.0,0.0,0.0,0.0,0.0,0.0,6.0,12.0,1.0,12.05,5.01,2.5,1.49,-2.2,0.3,2.3000000000000003,300.90000000000003,-0.1,-11.4,2.3000000000000003,9.9,-82.60000000000001,0.0,0.0,219.8,0.0,22.200000000000003,31.9,31.9,35.2,300.0,300.0,29.700000000000003,36.1,33.2,32.800000000000004,35.1,4.96,1.99,4.96,0.16,0.0,0.0,1027.0,8228.0,0.0,0.0,0.0,0.0,0.0,1.0,0.0,0.0,0.0,-0.001,0.0,0.1,0.0,-12.9,-12.7,0.0151,16.0,25903.0
2026-07-30T18:57:59.135Z,48.618,48.63,-7.5,7.4,0.0,0.0,0.0,0.0,0.0,1.0,1.0,0.0,1.0,0.0,0.0,0.0,8.0,6.0,0.0,0.0,0.0,0.0,0.0,0.0,0.0,0.0,1.0,12.0,1.0,12.05,5.01,2.5,1.49,-2.1,0.2,2.2,301.0,-0.1,-12.0,3.5,11.6,-82.60000000000001,0.0,0.0,219.7,0.0,22.200000000000003,31.9,31.9,35.2,300.0,300.0,29.700000000000003,36.1,33.2,32.800000000000004,35.1,4.95,2.0,4.96,0.16,0.0,0.0,1027.0,8228.0,0.0,0.0,0.0,0.0,0.0,1.0,0.0,0.0,0.0,-0.001,0.0,0.8,0.0,-15.8,-12.7,0.0153,16.0,25903.0
2026-07-30T18:57:59.147Z,48.63,48.642,-7.4,7.4,0.0,0.0,0.0,0.0,0.0,1.0,1.0,0.0,1.0,0.0,0.0,0.0,8.0,6.0,0.0,0.0,0.0,0.0,0.0,0.0,0.0,0.0,2.0,12.0,1.0,12.05,5.01,2.5,1.49,-2.2,0.2,2.3000000000000003,301.1,-0.1,-12.0,2.3000000000000003,9.9,-82.60000000000001,0.0,0.0,219.7,0.0,22.200000000000003,31.9,31.9,35.2,300.0,300.0,29.700000000000003,36.1,33.2,32.800000000000004,35.1,4.95,2.0,4.96,0.16,0.0,0.0,1027.0,8228.0,0.0,0.0,0.0,0.0,0.0,1.0,0.0,0.0,0.0,-0.001,0.0,0.1,0.0,-12.9,-12.7,0.0147,16.0,25903.0
2026-07-30T18:57:59.160Z,48.643,48.654,-7.4,7.4,0.0,0.0,0.0,0.0,0.0,1.0,1.0,0.0,1.0,0.0,0.0,0.0,8.0,6.0,0.0,0.0,0.0,0.0,0.0,0.0,0.0,0.0,3.0,12.0,1.0,12.08,5.0200000000000005,2.51,1.49,-2.3000000000000003,0.2,2.3000000000000003,300.90000000000003,-0.1,-12.0,2.9000000000000004,9.9,-82.60000000000001,0.0,0.0,219.7,0.0,22.1,31.9,31.9,35.2,300.0,300.0,29.700000000000003,36.1,33.2,32.800000000000004,35.1,4.96,2.0,4.96,0.16,0.0,0.0,1027.0,8228.0,0.0,0.0,0.0,0.0,0.0,1.0,0.0,0.0,0.0,-0.001,0.0,0.6000000000000001,0.0,-13.4,-12.8,0.0154,16.0,25903.0
2026-07-30T18:57:59.171Z,48.654,48.666,-7.5,7.4,0.0,0.0,0.0,0.0,0.0,1.0,1.0,0.0,1.0,0.0,0.0,0.0,8.0,6.0,0.0,0.0,0.0,0.0,0.0,0.0,0.0,0.0,5.0,12.0,1.0,12.08,5.0200000000000005,2.51,1.49,-2.3000000000000003,0.3,2.3000000000000003,301.0,-0.1,-12.0,1.7000000000000002,9.3,-82.60000000000001,0.0,0.0,219.6,0.0,22.1,31.9,31.9,35.2,300.0,300.0,29.700000000000003,36.1,33.2,32.800000000000004,35.1,4.96,2.0,4.96,0.16,0.0,0.0,1027.0,8228.0,0.0,0.0,0.0,0.0,0.0,1.0,0.0,0.0,0.0,-0.001,0.0,-0.2,0.0,-11.8,-12.9,0.0154,16.0,25903.0
2026-07-30T18:57:59.183Z,48.666,48.678,-7.5,7.4,0.0,0.0,0.0,0.0,0.0,1.0,1.0,0.0,1.0,0.0,0.0,0.0,8.0,6.0,0.0,0.0,0.0,0.0,0.0,0.0,0.0,0.0,6.0,12.0,1.0,12.08,5.0200000000000005,2.51,1.49,-2.3000000000000003,0.3,2.4000000000000004,301.1,0.0,-12.6,0.0,9.3,-82.60000000000001,0.0,0.0,219.7,0.0,22.1,31.9,31.9,35.2,300.0,300.0,29.700000000000003,36.1,33.2,32.800000000000004,35.1,4.95,2.0,4.97,0.16,0.0,0.0,1027.0,8228.0,0.0,0.0,0.0,0.0,0.0,1.0,0.0,0.0,0.0,-0.001,0.0,-1.8,0.0,-10.6,-12.8,0.0157,16.0,25903.0
2026-07-30T18:57:59.195Z,48.678,48.69,-7.5,7.4,0.0,0.0,0.0,0.0,0.0,1.0,1.0,0.0,1.0,0.0,0.0,0.0,8.0,6.0,0.0,0.0,0.0,0.0,0.0,0.0,0.0,0.0,1.0,12.0,1.0,12.08,5.0200000000000005,2.51,1.49,-2.3000000000000003,0.3,2.4000000000000004,301.0,0.0,-12.0,1.1,8.1,-82.5,0.0,0.0,219.6,0.0,22.1,31.9,31.9,35.2,300.0,300.0,29.700000000000003,36.1,33.2,32.800000000000004,35.1,4.95,2.0,4.96,0.16,0.0,0.0,1027.0,8228.0,0.0,0.0,0.0,0.0,0.0,1.0,0.0,0.0,0.0,-0.001,0.0,-0.5,0.0,-10.1,-12.8,0.016,16.0,25903.0
2026-07-30T18:57:59.207Z,48.69,48.702,-7.4,7.4,0.0,0.0,0.0,0.0,0.0,1.0,1.0,0.0,1.0,0.0,0.0,0.0,8.0,6.0,0.0,0.0,0.0,0.0,0.0,0.0,0.0,0.0,2.0,12.0,1.0,12.08,5.0200000000000005,2.51,1.49,-2.3000000000000003,0.3,2.3000000000000003,301.1,0.0,-13.2,1.7000000000000002,9.3,-82.5,0.0,0.0,219.6,0.0,22.1,31.9,31.9,35.2,300.0,300.0,29.700000000000003,36.1,33.2,32.800000000000004,35.1,4.95,2.0,4.96,0.16,0.0,0.0,1027.0,8228.0,0.0,0.0,0.0,0.0,0.0,1.0,0.0,0.0,0.0,-0.001,0.0,-0.2,0.0,-11.8,-12.7,0.0161,16.0,25903.0
2026-07-30T18:57:59.222Z,48.705,48.714,-7.4,7.4,0.0,0.0,0.0,0.0,0.0,1.0,1.0,0.0,1.0,0.0,0.0,0.0,8.0,6.0,0.0,0.0,0.0,0.0,0.0,0.0,0.0,0.0,3.0,12.0,1.0,12.08,5.0200000000000005,2.51,1.49,-2.4000000000000004,0.3,2.4000000000000004,301.1,0.0,-13.8,1.1,8.1,-82.5,0.0,0.0,219.6,0.0,22.1,31.9,31.9,35.2,300.0,300.0,29.700000000000003,36.1,33.2,32.800000000000004,35.1,4.96,2.0,4.97,0.16,0.0,0.0,1027.0,8228.0,0.0,0.0,0.0,0.0,0.0,1.0,0.0,0.0,0.0,-0.001,0.0,-0.5,0.0,-10.1,-12.8,0.0157,16.0,25903.0
2026-07-30T18:57:59.230Z,48.713,48.726,-7.4,7.4,0.0,0.0,0.0,0.0,0.0,1.0,1.0,0.0,1.0,0.0,0.0,0.0,8.0,6.0,0.0,0.0,0.0,0.0,0.0,0.0,0.0,0.0,2.0,12.0,1.0,12.08,5.0200000000000005,2.51,1.49,-2.4000000000000004,0.3,2.4000000000000004,301.0,-0.1,-13.2,0.5,8.700000000000001,-82.5,0.0,0.0,219.7,0.0,22.1,31.9,31.9,35.2,300.0,300.0,29.700000000000003,36.1,33.2,32.800000000000004,35.1,4.95,2.0,4.97,0.16,0.0,0.0,1027.0,8228.0,0.0,0.0,0.0,0.0,0.0,1.0,0.0,0.0,0.0,-0.001,0.0,-1.1,0.0,-10.3,-12.9,0.0162,16.0,25903.0
2026-07-30T18:57:59.242Z,48.725,48.738,-7.5,7.4,0.0,0.0,0.0,0.0,0.0,1.0,1.0,0.0,1.0,0.0,0.0,0.0,8.0,6.0,0.0,0.0,0.0,0.0,0.0,0.0,0.0,0.0,2.0,12.0,1.0,12.08,5.0200000000000005,2.51,1.49,-2.3000000000000003,0.3,2.3000000000000003,301.1,-0.1,-12.0,1.7000000000000002,9.9,-82.5,0.0,0.0,219.7,0.0,22.1,31.9,31.9,35.2,300.0,300.0,29.700000000000003,36.1,33.2,32.800000000000004,35.1,4.95,2.0,4.96,0.16,0.0,0.0,1027.0,8228.0,0.0,0.0,0.0,0.0,0.0,1.0,0.0,0.0,0.0,-0.001,0.0,-0.3,0.0,-12.5,-12.8,0.0162,16.0,25903.0
2026-07-30T18:57:59.255Z,48.738,48.75,-7.5,7.4,0.0,0.0,0.0,0.0,0.0,1.0,1.0,0.0,1.0,0.0,0.0,0.0,8.0,6.0,0.0,0.0,0.0,0.0,0.0,0.0,0.0,0.0,3.0,12.0,1.0,12.08,5.0200000000000005,2.51,1.49,-2.3000000000000003,0.3,2.3000000000000003,301.1,-0.1,-13.2,1.7000000000000002,8.700000000000001,-82.5,0.0,0.0,219.7,0.0,22.1,31.9,31.9,35.2,300.0,300.0,29.700000000000003,36.1,33.2,32.800000000000004,35.1,4.95,2.0,4.96,0.16,0.0,0.0,1027.0,8228.0,0.0,0.0,0.0,0.0,0.0,1.0,0.0,0.0,0.0,-0.001,0.0,-0.1,0.0,-11.2,-12.8,0.0156,16.0,25903.0
2026-07-30T18:57:59.267Z,48.75,48.762,-7.4,7.4,0.0,0.0,0.0,0.0,0.0,1.0,1.0,0.0,1.0,0.0,0.0,0.0,8.0,6.0,0.0,0.0,0.0,0.0,0.0,0.0,0.0,0.0,5.0,12.0,1.0,12.04,5.01,2.5,1.5,-2.4000000000000004,0.3,2.4000000000000004,301.0,-0.1,-14.4,0.5,7.5,-82.5,0.0,0.0,219.5,0.0,21.9,31.9,31.9,35.2,300.0,300.0,29.700000000000003,36.0,33.2,32.800000000000004,35.1,4.95,2.0,4.97,0.16,0.0,0.0,1027.0,8228.0,0.0,0.0,0.0,0.0,0.0,1.0,0.0,0.0,0.0,-0.001,0.0,-0.9,0.0,-9.0,-12.7,0.0159,16.0,25903.0
2026-07-30T18:57:59.279Z,48.762,48.774,-7.5,7.4,0.0,0.0,0.0,0.0,0.0,1.0,1.0,0.0,1.0,0.0,0.0,0.0,8.0,6.0,0.0,0.0,0.0,0.0,0.0,0.0,0.0,0.0,6.0,12.0,1.0,12.04,5.01,2.5,1.5,-2.3000000000000003,0.2,2.3000000000000003,301.0,-0.1,-12.0,2.3000000000000003,9.3,-82.60000000000001,0.0,0.0,219.6,0.0,21.9,31.9,31.9,35.2,300.0,300.0,29.700000000000003,36.0,33.2,32.800000000000004,35.1,4.95,2.0,4.96,0.16,0.0,0.0,1027.0,8228.0,0.0,0.0,0.0,0.0,0.0,1.0,0.0,0.0,0.0,-0.001,0.0,0.2,0.0,-12.3,-12.8,0.0164,16.0,25903.0
2026-07-30T18:57:59.291Z,48.774,48.786,-7.5,7.4,0.0,0.0,0.0,0.0,0.0,1.0,1.0,0.0,1.0,0.0,0.0,0.0,8.0,6.0,0.0,0.0,0.0,0.0,0.0,0.0,0.0,0.0,6.0,12.0,1.0,12.04,5.01,2.5,1.5,-2.2,0.2,2.3000000000000003,301.1,-0.1,-12.0,2.3000000000000003,9.9,-82.60000000000001,0.0,0.0,219.7,0.0,21.9,31.9,31.9,35.2,300.0,300.0,29.700000000000003,36.0,33.2,32.800000000000004,35.1,4.95,2.0,4.97,0.16,0.0,0.0,1027.0,8228.0,0.0,0.0,0.0,0.0,0.0,1.0,0.0,0.0,0.0,-0.001,0.0,0.1,0.0,-12.9,-12.7,0.0155,16.0,25903.0
2026-07-30T18:57:59.303Z,48.786,48.798,-7.5,7.4,0.0,0.0,0.0,0.0,0.0,1.0,1.0,0.0,1.0,0.0,0.0,0.0,8.0,6.0,0.0,0.0,0.0,0.0,0.0,0.0,0.0,0.0,1.0,12.0,1.0,12.04,5.01,2.5,1.5,-2.2,0.2,2.3000000000000003,301.1,-0.1,-11.4,2.9000000000000004,9.9,-82.60000000000001,0.0,0.0,219.8,0.0,21.9,31.9,31.9,35.2,300.0,300.0,29.700000000000003,36.0,33.2,32.800000000000004,35.1,4.95,2.0,4.97,0.16,0.0,0.0,1027.0,8228.0,0.0,0.0,0.0,0.0,0.0,1.0,0.0,0.0,0.0,-0.001,0.0,0.6000000000000001,0.0,-13.4,-12.8,0.0154,16.0,25903.0
2026-07-30T18:57:59.315Z,48.798,48.81,-7.4,7.4,0.0,0.0,0.0,0.0,0.0,1.0,1.0,0.0,1.0,0.0,0.0,0.0,8.0,6.0,0.0,0.0,0.0,0.0,0.0,0.0,0.0,0.0,2.0,12.0,1.0,12.04,5.01,2.5,1.5,-2.2,0.3,2.2,301.1,-0.1,-11.4,2.3000000000000003,11.0,-82.60000000000001,0.0,0.0,219.8,0.0,21.9,31.9,31.9,35.2,300.0,300.0,29.700000000000003,36.0,33.2,32.800000000000004,35.1,4.96,2.0,4.96,0.16,0.0,0.0,1027.0,8228.0,0.0,0.0,0.0,0.0,0.0,1.0,0.0,0.0,0.0,-0.001,0.0,-0.1,0.0,-14.3,-12.8,0.0153,16.0,25903.0
2026-07-30T18:57:59.327Z,48.81,48.822,-7.4,7.4,0.0,0.0,0.0,0.0,0.0,1.0,1.0,0.0,1.0,0.0,0.0,0.0,8.0,6.0,0.0,0.0,0.0,0.0,0.0,0.0,0.0,0.0,3.0,12.0,1.0,12.04,5.01,2.5,1.5,-2.3000000000000003,0.3,2.3000000000000003,301.0,-0.1,-11.4,1.7000000000000002,9.9,-82.60000000000001,0.0,0.0,219.7,0.0,21.9,31.9,31.9,35.2,300.0,300.0,29.700000000000003,36.0,33.2,32.800000000000004,35.1,4.96,2.0,4.96,0.16,0.0,0.0,1027.0,8228.0,0.0,0.0,0.0,0.0,0.0,1.0,0.0,0.0,0.0,-0.001,0.0,-0.3,0.0,-12.5,-12.8,0.0151,16.0,25903.0
2026-07-30T18:57:59.339Z,48.822,48.834,-7.5,7.4,0.0,0.0,0.0,0.0,0.0,1.0,1.0,0.0,1.0,0.0,0.0,0.0,8.0,6.0,0.0,0.0,0.0,0.0,0.0,0.0,0.0,0.0,4.0,12.0,1.0,12.04,5.01,2.5,1.5,-2.2,0.2,2.2,301.1,-0.1,-10.9,3.5,11.0,-82.60000000000001,0.0,0.0,219.8,0.0,21.9,31.9,31.9,35.2,300.0,300.0,29.700000000000003,36.0,33.2,32.800000000000004,35.1,4.96,2.0,4.96,0.16,0.0,0.0,1027.0,8228.0,0.0,0.0,0.0,0.0,0.0,1.0,0.0,0.0,0.0,-0.001,0.0,0.9,0.0,-15.1,-12.8,0.0151,16.0,25903.0
2026-07-30T18:57:59.351Z,48.834,48.846,-7.4,7.4,0.0,0.0,0.0,0.0,0.0,1.0,1.0,0.0,1.0,0.0,0.0,0.0,8.0,6.0,0.0,0.0,0.0,0.0,0.0,0.0,0.0,0.0,6.0,12.0,1.0,12.04,5.01,2.5,1.5,-2.2,0.2,2.2,301.1,-0.1,-10.9,4.0,9.9,-82.60000000000001,0.0,0.0,219.9,0.0,21.9,31.9,31.9,35.2,300.0,300.0,29.700000000000003,36.0,33.2,32.800000000000004,35.1,4.95,2.0,4.96,0.16,0.0,0.0,1027.0,8228.0,0.0,0.0,0.0,0.0,0.0,1.0,0.0,0.0,0.0,-0.001,0.0,1.6,0.0,-14.3,-12.7,0.0152,16.0,25903.0
2026-07-30T18:57:59.364Z,48.847,48.858,-7.4,7.4,0.0,0.0,0.0,0.0,0.0,1.0,1.0,0.0,1.0,0.0,0.0,0.0,8.0,6.0,0.0,0.0,0.0,0.0,0.0,0.0,0.0,0.0,1.0,12.0,1.0,12.06,5.01,2.5,1.49,-2.3000000000000003,0.3,2.3000000000000003,300.90000000000003,-0.1,-11.4,1.7000000000000002,9.3,-82.60000000000001,0.0,0.0,219.9,0.0,22.1,32.0,32.0,35.2,300.0,300.0,29.700000000000003,35.9,33.2,32.800000000000004,35.1,4.95,2.0,4.96,0.16,0.0,0.0,1027.0,8228.0,0.0,0.0,0.0,0.0,0.0,1.0,0.0,0.0,0.0,-0.001,0.0,-0.2,0.0,-11.8,-12.8,0.0152,16.0,25903.0
2026-07-30T18:57:59.374Z,48.857,48.870000000000005,-7.4,7.4,0.0,0.0,0.0,0.0,0.0,1.0,1.0,0.0,1.0,0.0,0.0,0.0,8.0,6.0,0.0,0.0,0.0,0.0,0.0,0.0,0.0,0.0,2.0,12.0,1.0,12.06,5.01,2.5,1.49,-2.3000000000000003,0.2,2.3000000000000003,301.0,-0.1,-10.9,2.3000000000000003,9.9,-82.60000000000001,0.0,0.0,219.8,0.0,22.1,32.0,32.0,35.2,300.0,300.0,29.700000000000003,35.9,33.2,32.800000000000004,35.1,4.96,2.0,4.96,0.16,0.0,0.0,1027.0,8228.0,0.0,0.0,0.0,0.0,0.0,1.0,0.0,0.0,0.0,-0.001,0.0,0.1,0.0,-12.9,-12.8,0.0153,16.0,25903.0
2026-07-30T18:57:59.387Z,48.87,48.882,-7.4,7.4,0.0,0.0,0.0,0.0,0.0,1.0,1.0,0.0,1.0,0.0,0.0,0.0,8.0,6.0,0.0,0.0,0.0,0.0,0.0,0.0,0.0,0.0,3.0,12.0,1.0,12.06,5.01,2.5,1.49,-2.2,0.2,2.2,301.0,-0.1,-12.0,4.0,11.6,-82.60000000000001,0.0,0.0,219.8,0.0,22.1,32.0,32.0,35.2,300.0,300.0,29.700000000000003,35.9,33.2,32.800000000000004,35.1,4.96,2.0,4.96,0.16,0.0,0.0,1027.0,8228.0,0.0,0.0,0.0,0.0,0.0,1.0,0.0,0.0,0.0,-0.001,0.0,1.3,0.0,-16.2,-12.8,0.0161,16.0,25903.0
2026-07-30T18:57:59.399Z,48.882,48.894,-7.5,7.4,0.0,0.0,0.0,0.0,0.0,1.0,1.0,0.0,1.0,0.0,0.0,0.0,8.0,6.0,0.0,0.0,0.0,0.0,0.0,0.0,0.0,0.0,5.0,12.0,1.0,12.06,5.01,2.5,1.49,-2.2,0.2,2.2,300.90000000000003,-0.1,-12.0,2.9000000000000004,11.6,-82.60000000000001,0.0,0.0,219.7,0.0,22.1,32.0,32.0,35.2,300.0,300.0,29.700000000000003,35.9,33.2,32.800000000000004,35.1,4.96,2.0,4.96,0.16,0.0,0.0,1027.0,8228.0,0.0,0.0,0.0,0.0,0.0,1.0,0.0,0.0,0.0,-0.001,0.0,-0.1,0.0,-11.2,-12.8,0.0161,16.0,25903.0
2026-07-30T18:57:59.411Z,48.894,48.906,-7.4,7.4,0.0,0.0,0.0,0.0,0.0,1.0,1.0,0.0,1.0,0.0,0.0,0.0,8.0,6.0,0.0,0.0,0.0,0.0,0.0,0.0,0.0,0.0,6.0,12.0,1.0,12.06,5.01,2.5,1.49,-2.3000000000000003,0.2,2.3000000000000003,301.1,-0.1,-10.9,2.3000000000000003,8.700000000000001,-82.60000000000001,0.0,0.0,219.7,0.0,22.1,32.0,32.0,35.2,300.0,300.0,29.700000000000003,35.9,33.2,32.800000000000004,35.1,4.96,2.0,4.96,0.16,0.0,0.0,1027.0,8228.0,0.0,0.0,0.0,0.0,0.0,1.0,0.0,0.0,0.0,-0.001,0.0,-1.3,0.0,-11.0,-12.7,0.0159,16.0,25903.0
2026-07-30T18:57:59.423Z,48.906,48.918,-7.4,7.4,0.0,0.0,0.0,0.0,0.0,1.0,1.0,0.0,1.0,0.0,0.0,0.0,8.0,6.0,0.0,0.0,0.0,0.0,0.0,0.0,0.0,0.0,2.0,12.0,1.0,12.06,5.01,2.5,1.49,-2.4000000000000004,0.3,2.4000000000000004,301.0,-0.1,-11.4,2.3000000000000003,10.4,-82.60000000000001,0.0,0.0,219.7,0.0,22.1,32.0,32.0,35.2,300.0,300.0,29.700000000000003,35.9,33.2,32.800000000000004,35.1,4.95,2.0,4.96,0.16,0.0,0.0,1027.0,8228.0,0.0,0.0,0.0,0.0,0.0,1.0,0.0,0.0,0.0,-0.001,0.0,-1.7000000000000002,0.0,-9.9,-12.9,0.0161,16.0,25903.0
2026-07-30T18:57:59.435Z,48.918,48.93,-7.5,7.4,0.0,0.0,0.0,0.0,0.0,1.0,1.0,0.0,1.0,0.0,0.0,0.0,8.0,6.0,0.0,0.0,0.0,0.0,0.0,0.0,0.0,0.0,3.0,12.0,1.0,12.06,5.01,2.5,1.49,-2.3000000000000003,0.3,2.3000000000000003,301.1,-0.1,-12.0,1.7000000000000002,9.9,-82.60000000000001,0.0,0.0,219.6,0.0,22.1,32.0,32.0,35.2,300.0,300.0,29.700000000000003,35.9,33.2,32.800000000000004,35.1,4.95,1.99,4.96,0.16,0.0,0.0,1027.0,8228.0,0.0,0.0,0.0,0.0,0.0,1.0,0.0,0.0,0.0,-0.001,0.0,-0.3,0.0,-12.5,-12.8,0.0163,16.0,25903.0
2026-07-30T18:57:59.447Z,48.93,48.942,-7.5,7.4,0.0,0.0,0.0,0.0,0.0,1.0,1.0,0.0,1.0,0.0,0.0,0.0,8.0,6.0,0.0,0.0,0.0,0.0,0.0,0.0,0.0,0.0,5.0,12.0,1.0,12.06,5.01,2.5,1.49,-2.4000000000000004,0.3,2.4000000000000004,301.0,-0.1,-13.8,1.1,8.1,-82.60000000000001,0.0,0.0,219.6,0.0,22.1,32.0,32.0,35.2,300.0,300.0,29.700000000000003,35.9,33.2,32.800000000000004,35.1,4.95,2.0,4.96,0.16,0.0,0.0,1027.0,8228.0,0.0,0.0,0.0,0.0,0.0,1.0,0.0,0.0,0.0,-0.001,0.0,-0.5,0.0,-10.1,-12.8,0.0157,16.0,25903.0
2026-07-30T18:57:59.459Z,48.942,48.954,-7.5,7.4,0.0,0.0,0.0,0.0,0.0,1.0,1.0,0.0,1.0,0.0,0.0,0.0,8.0,6.0,0.0,0.0,0.0,0.0,0.0,0.0,0.0,0.0,6.0,12.0,1.0,12.06,5.01,2.5,1.49,-2.3000000000000003,0.3,2.4000000000000004,301.0,-0.1,-13.2,1.7000000000000002,8.1,-82.60000000000001,0.0,0.0,219.7,0.0,22.1,32.0,32.0,35.2,300.0,300.0,29.700000000000003,35.9,33.2,32.800000000000004,35.1,4.95,2.0,4.96,0.16,0.0,0.0,1027.0,8228.0,0.0,0.0,0.0,0.0,0.0,1.0,0.0,0.0,0.0,-0.001,0.0,0.0,0.0,-10.5,-12.7,0.0161,16.0,25903.0
2026-07-30T18:57:59.471Z,48.954,48.966,-7.5,7.4,0.0,0.0,0.0,0.0,0.0,1.0,1.0,0.0,1.0,0.0,0.0,0.0,8.0,6.0,0.0,0.0,0.0,0.0,0.0,0.0,0.0,0.0,1.0,12.0,1.0,12.06,5.01,2.51,1.49,-2.3000000000000003,0.3,2.4000000000000004,301.1,-0.1,-12.0,1.1,8.1,-82.60000000000001,0.0,0.0,219.7,0.0,22.3,32.0,32.0,35.2,300.0,300.0,29.6,36.0,33.2,32.9,35.1,4.95,2.0,4.96,0.16,0.0,0.0,1027.0,8228.0,0.0,0.0,0.0,0.0,0.0,1.0,0.0,0.0,0.0,-0.001,0.0,-0.5,0.0,-10.1,-12.8,0.016,16.0,25903.0
2026-07-30T18:57:59.482Z,48.965,48.978,-7.5,7.4,0.0,0.0,0.0,0.0,0.0,1.0,1.0,0.0,1.0,0.0,0.0,0.0,8.0,6.0,0.0,0.0,0.0,0.0,0.0,0.0,0.0,0.0,3.0,12.0,1.0,12.06,5.01,2.51,1.49,-2.3000000000000003,0.2,2.3000000000000003,301.1,-0.1,-10.9,1.7000000000000002,8.700000000000001,-82.60000000000001,0.0,0.0,219.8,0.0,22.3,32.0,32.0,35.2,300.0,300.0,29.6,36.0,33.2,32.9,35.1,4.95,2.0,4.96,0.16,0.0,0.0,1027.0,8228.0,0.0,0.0,0.0,0.0,0.0,1.0,0.0,0.0,0.0,-0.001,0.0,-0.1,0.0,-11.2,-12.7,0.016,16.0,25903.0
2026-07-30T18:57:59.495Z,48.978,48.99,-7.4,7.4,0.0,0.0,0.0,0.0,0.0,1.0,1.0,0.0,1.0,0.0,0.0,0.0,8.0,6.0,0.0,0.0,0.0,0.0,0.0,0.0,0.0,0.0,5.0,12.0,1.0,12.06,5.01,2.51,1.49,-2.3000000000000003,0.2,2.3000000000000003,301.0,-0.1,-12.0,2.9000000000000004,9.3,-82.60000000000001,0.0,0.0,219.8,0.0,22.3,32.0,32.0,35.2,300.0,300.0,29.6,36.0,33.2,32.9,35.1,4.96,2.0,4.96,0.16,0.0,0.0,1027.0,8228.0,0.0,0.0,0.0,0.0,0.0,1.0,0.0,0.0,0.0,-0.001,0.0,0.7000000000000001,0.0,-12.7,-12.7,0.0157,16.0,25903.0
2026-07-30T18:57:59.506Z,48.989,49.002,-7.4,7.4,0.0,0.0,0.0,0.0,0.0,1.0,1.0,0.0,1.0,0.0,0.0,0.0,8.0,6.0,0.0,0.0,0.0,0.0,0.0,0.0,0.0,0.0,6.0,12.0,1.0,12.06,5.01,2.51,1.49,-2.3000000000000003,0.3,2.3000000000000003,301.1,-0.1,-11.4,1.1,9.3,-82.60000000000001,0.0,0.0,219.7,0.0,22.3,32.0,32.0,35.2,300.0,300.0,29.6,36.0,33.2,32.9,35.1,4.95,2.0,4.96,0.16,0.0,0.0,1027.0,8228.0,0.0,0.0,0.0,0.0,0.0,1.0,0.0,0.0,0.0,-0.001,0.0,-0.7000000000000001,0.0,-11.4,-12.8,0.0155,16.0,25903.0
2026-07-30T18:57:59.519Z,49.002,49.014,-7.4,7.4,0.0,0.0,0.0,0.0,0.0,1.0,1.0,0.0,1.0,0.0,0.0,0.0,8.0,6.0,0.0,0.0,0.0,0.0,0.0,0.0,0.0,0.0,2.0,12.0,1.0,12.06,5.01,2.51,1.49,-2.3000000000000003,0.3,2.4000000000000004,301.0,-0.1,-12.6,1.1,8.700000000000001,-82.60000000000001,0.0,0.0,219.7,0.0,22.3,32.0,32.0,35.2,300.0,300.0,29.6,36.0,33.2,32.9,35.1,4.95,2.0,4.97,0.16,0.0,0.0,1027.0,8228.0,0.0,0.0,0.0,0.0,0.0,1.0,0.0,0.0,0.0,-0.001,0.0,-0.6000000000000001,0.0,-10.8,-12.9,0.0159,16.0,25903.0
2026-07-30T18:57:59.531Z,49.014,49.026,-7.5,7.4,0.0,0.0,0.0,0.0,0.0,1.0,1.0,0.0,1.0,0.0,0.0,0.0,8.0,6.0,0.0,0.0,0.0,0.0,0.0,0.0,0.0,0.0,3.0,12.0,1.0,12.06,5.01,2.51,1.49,-2.3000000000000003,0.2,2.3000000000000003,301.0,-0.1,-12.0,2.3000000000000003,9.9,-82.60000000000001,0.0,0.0,219.7,0.0,22.3,32.0,32.0,35.2,300.0,300.0,29.6,36.0,33.2,32.9,35.1,4.95,2.0,4.97,0.16,0.0,0.0,1027.0,8228.0,0.0,0.0,0.0,0.0,0.0,1.0,0.0,0.0,0.0,-0.001,0.0,0.1,0.0,-12.9,-12.8,0.016,16.0,25903.0
2026-07-30T18:57:59.543Z,49.026,49.038,-7.4,7.4,0.0,0.0,0.0,0.0,0.0,1.0,1.0,0.0,1.0,0.0,0.0,0.0,8.0,6.0,0.0,0.0,0.0,0.0,0.0,0.0,0.0,0.0,3.0,12.0,1.0,12.06,5.01,2.51,1.49,-2.2,0.2,2.3000000000000003,301.1,-0.1,-10.9,2.9000000000000004,9.9,-82.60000000000001,0.0,0.0,219.7,0.0,22.3,32.0,32.0,35.2,300.0,300.0,29.6,36.0,33.2,32.9,35.1,4.95,2.0,4.97,0.16,0.0,0.0,1027.0,8228.0,0.0,0.0,0.0,0.0,0.0,1.0,0.0,0.0,0.0,-0.001,0.0,0.6000000000000001,0.0,-13.4,-12.8,0.0154,16.0,25903.0
2026-07-30T18:57:59.554Z,49.037,49.05,-7.4,7.4,0.0,0.0,0.0,0.0,0.0,1.0,1.0,0.0,1.0,0.0,0.0,0.0,8.0,6.0,0.0,0.0,0.0,0.0,0.0,0.0,0.0,0.0,3.0,12.0,1.0,12.06,5.01,2.51,1.49,-2.2,0.2,2.2,301.0,-0.1,-10.3,2.9000000000000004,11.0,-82.60000000000001,0.0,0.0,219.7,0.0,22.3,32.0,32.0,35.2,300.0,300.0,29.6,36.0,33.2,32.9,35.1,4.95,2.0,4.97,0.16,0.0,0.0,1027.0,8228.0,0.0,0.0,0.0,0.0,0.0,1.0,0.0,0.0,0.0,-0.001,0.0,0.4,0.0,-14.7,-12.8,0.0154,16.0,25903.0
2026-07-30T18:57:59.567Z,49.05,49.062,-7.4,7.4,0.0,0.0,0.0,0.0,0.0,1.0,1.0,0.0,1.0,0.0,0.0,0.0,8.0,6.0,0.0,0.0,0.0,0.0,0.0,0.0,0.0,0.0,4.0,12.0,1.0,12.05,5.01,2.5,1.49,-2.2,0.2,2.3000000000000003,301.0,-0.1,-11.4,2.3000000000000003,10.4,-82.60000000000001,0.0,0.0,219.6,0.0,22.1,32.0,32.0,35.2,300.0,300.0,29.6,36.1,33.2,32.9,35.1,4.96,2.0,4.96,0.16,0.0,0.0,1027.0,8228.0,0.0,0.0,0.0,0.0,0.0,1.0,0.0,0.0,0.0,-0.001,0.0,0.0,0.0,-13.6,-12.8,0.0151,16.0,25903.0
2026-07-30T18:57:59.579Z,49.062,49.074,-7.5,7.4,0.0,0.0,0.0,0.0,0.0,1.0,1.0,0.0,1.0,0.0,0.0,0.0,8.0,6.0,0.0,0.0,0.0,0.0,0.0,0.0,0.0,0.0,5.0,12.0,1.0,12.05,5.01,2.5,1.49,-2.2,0.2,2.3000000000000003,301.1,-0.1,-10.3,2.9000000000000004,9.9,-82.60000000000001,0.0,0.0,219.7,0.0,22.1,32.0,32.0,35.2,300.0,300.0,29.6,36.1,33.2,32.9,35.1,4.96,2.0,4.96,0.16,0.0,0.0,1027.0,8228.0,0.0,0.0,0.0,0.0,0.0,1.0,0.0,0.0,0.0,-0.001,0.0,0.6000000000000001,0.0,-13.4,-12.8,0.0154,16.0,25903.0
2026-07-30T18:57:59.591Z,49.074,49.086,-7.5,7.4,0.0,0.0,0.0,0.0,0.0,1.0,1.0,0.0,1.0,0.0,0.0,0.0,8.0,6.0,0.0,0.0,0.0,0.0,0.0,0.0,0.0,0.0,6.0,12.0,1.0,12.05,5.01,2.5,1.49,-2.2,0.2,2.2,301.0,-0.1,-11.4,2.9000000000000004,11.0,-82.60000000000001,0.0,0.0,219.7,0.0,22.1,32.0,32.0,35.2,300.0,300.0,29.6,36.1,33.2,32.9,35.1,4.95,1.99,4.96,0.16,0.0,0.0,1027.0,8228.0,0.0,0.0,0.0,0.0,0.0,1.0,0.0,0.0,0.0,-0.001,0.0,0.4,0.0,-14.7,-12.7,0.0153,16.0,25903.0
2026-07-30T18:57:59.603Z,49.086,49.098,-7.5,7.4,0.0,0.0,0.0,0.0,0.0,1.0,1.0,0.0,1.0,0.0,0.0,0.0,8.0,6.0,0.0,0.0,0.0,0.0,0.0,0.0,0.0,0.0,1.0,12.0,1.0,12.05,5.01,2.5,1.49,-2.2,0.2,2.2,301.1,-0.1,-10.9,2.3000000000000003,10.4,-82.60000000000001,0.0,0.0,219.8,0.0,22.1,32.0,32.0,35.2,300.0,300.0,29.6,36.1,33.2,32.9,35.1,4.96,1.99,4.96,0.16,0.0,0.0,1027.0,8228.0,0.0,0.0,0.0,0.0,0.0,1.0,0.0,0.0,0.0,-0.001,0.0,0.0,0.0,-13.6,-12.7,0.015,16.0,25903.0
2026-07-30T18:57:59.615Z,49.098,49.11,-7.4,7.4,0.0,0.0,0.0,0.0,0.0,1.0,1.0,0.0,1.0,0.0,0.0,0.0,8.0,6.0,0.0,0.0,0.0,0.0,0.0,0.0,0.0,0.0,2.0,12.0,1.0,12.05,5.01,2.5,1.49,-2.2,0.2,2.2,301.1,-0.1,-10.9,2.3000000000000003,11.0,-82.60000000000001,0.0,0.0,219.9,0.0,22.1,32.0,32.0,35.2,300.0,300.0,29.6,36.1,33.2,32.9,35.1,4.95,2.0,4.97,0.16,0.0,0.0,1027.0,8228.0,0.0,0.0,0.0,0.0,0.0,1.0,0.0,0.0,0.0,-0.001,0.0,-0.1,0.0,-14.3,-12.8,0.0152,16.0,25903.0
2026-07-30T18:57:59.627Z,49.11,49.122,-7.4,7.4,0.0,0.0,0.0,0.0,0.0,1.0,1.0,0.0,1.0,0.0,0.0,0.0,8.0,6.0,0.0,0.0,0.0,0.0,0.0,0.0,0.0,0.0,3.0,12.0,1.0,12.05,5.01,2.5,1.49,-2.2,0.2,2.3000000000000003,301.1,-0.1,-12.0,2.9000000000000004,9.9,-82.7,0.0,0.0,219.9,0.0,22.1,32.0,32.0,35.2,300.0,300.0,29.6,36.1,33.2,32.9,35.1,4.95,2.0,4.96,0.16,0.0,0.0,1027.0,8228.0,0.0,0.0,0.0,0.0,0.0,1.0,0.0,0.0,0.0,-0.001,0.0,0.6000000000000001,0.0,-13.4,-12.8,0.0152,16.0,25903.0
2026-07-30T18:57:59.639Z,49.122,49.134,-7.4,7.4,0.0,0.0,0.0,0.0,0.0,1.0,1.0,0.0,1.0,0.0,0.0,0.0,8.0,6.0,0.0,0.0,0.0,0.0,0.0,0.0,0.0,0.0,4.0,12.0,1.0,12.05,5.01,2.5,1.49,-2.3000000000000003,0.2,2.3000000000000003,301.0,-0.1,-11.4,3.5,8.700000000000001,-82.7,0.0,0.0,219.8,0.0,22.1,32.0,32.0,35.2,300.0,300.0,29.6,36.1,33.2,32.9,35.1,4.95,2.0,4.96,0.16,0.0,0.0,1027.0,8228.0,0.0,0.0,0.0,0.0,0.0,1.0,0.0,0.0,0.0,-0.001,0.0,1.3,0.0,-12.5,-12.8,0.0153,16.0,25903.0
2026-07-30T18:57:59.651Z,49.134,49.146,-7.4,7.4,0.0,0.0,0.0,0.0,0.0,1.0,1.0,0.0,1.0,0.0,0.0,0.0,8.0,6.0,0.0,0.0,0.0,0.0,0.0,0.0,0.0,0.0,4.0,12.0,1.0,12.05,5.01,2.5,1.49,-2.3000000000000003,0.2,2.3000000000000003,300.90000000000003,0.0,-12.0,2.3000000000000003,9.3,-82.7,0.0,0.0,219.8,0.0,22.1,32.0,32.0,35.2,300.0,300.0,29.6,36.1,33.2,32.9,35.1,4.96,2.0,4.96,0.16,0.0,0.0,1027.0,8228.0,0.0,0.0,0.0,0.0,0.0,1.0,0.0,0.0,0.0,-0.001,0.0,0.2,0.0,-12.3,-12.8,0.0157,16.0,25903.0
2026-07-30T18:57:59.663Z,49.146,49.158,-7.5,7.4,0.0,0.0,0.0,0.0,0.0,1.0,1.0,0.0,1.0,0.0,0.0,0.0,8.0,6.0,0.0,0.0,0.0,0.0,0.0,0.0,0.0,0.0,6.0,12.0,1.0,12.05,5.01,2.5,1.49,-2.3000000000000003,0.2,2.3000000000000003,301.1,0.0,-12.0,1.7000000000000002,9.3,-82.7,0.0,0.0,219.8,0.0,22.1,32.0,32.0,35.2,300.0,300.0,29.6,36.1,33.2,32.9,35.1,4.95,2.0,4.96,0.16,0.0,0.0,1027.0,8228.0,0.0,0.0,0.0,0.0,0.0,1.0,0.0,0.0,0.0,-0.001,0.0,-0.2,0.0,-11.8,-12.8,0.0157,16.0,25903.0
2026-07-30T18:57:59.675Z,49.158,49.17,-7.5,7.4,0.0,0.0,0.0,0.0,0.0,1.0,1.0,0.0,1.0,0.0,0.0,0.0,8.0,6.0,0.0,0.0,0.0,0.0,0.0,0.0,0.0,0.0,1.0,12.0,1.0,12.08,5.01,2.5,1.49,-2.2,0.2,2.2,301.1,-0.1,-11.4,2.9000000000000004,11.0,-82.7,0.0,0.0,219.9,0.0,22.1,32.0,32.0,35.300000000000004,300.0,300.0,29.700000000000003,36.2,33.2,32.9,35.1,4.95,2.0,4.96,0.16,0.0,0.0,1027.0,8228.0,0.0,0.0,0.0,0.0,0.0,1.0,0.0,0.0,0.0,-0.001,0.0,0.3,0.0,-14.7,-12.7,0.0157,16.0,25903.0
2026-07-30T18:57:59.687Z,49.17,49.182,-7.5,7.4,0.0,0.0,0.0,0.0,0.0,1.0,1.0,0.0,1.0,0.0,0.0,0.0,8.0,6.0,0.0,0.0,0.0,0.0,0.0,0.0,0.0,0.0,2.0,12.0,1.0,12.08,5.01,2.5,1.49,-2.3000000000000003,0.3,2.4000000000000004,301.0,0.0,-12.0,1.1,8.1,-82.7,0.0,0.0,219.9,0.0,22.1,32.0,32.0,35.300000000000004,300.0,300.0,29.700000000000003,36.2,33.2,32.9,35.1,4.96,2.0,4.96,0.16,0.0,0.0,1027.0,8228.0,0.0,0.0,0.0,0.0,0.0,1.0,0.0,0.0,0.0,-0.001,0.0,-0.5,0.0,-10.1,-12.7,0.0149,16.0,25903.0
2026-07-30T18:57:59.699Z,49.182,49.194,-7.4,7.4,0.0,0.0,0.0,0.0,0.0,1.0,1.0,0.0,1.0,0.0,0.0,0.0,8.0,6.0,0.0,0.0,0.0,0.0,0.0,0.0,0.0,0.0,3.0,12.0,1.0,12.08,5.01,2.5,1.49,-2.4000000000000004,0.2,2.4000000000000004,301.0,0.0,-12.6,1.7000000000000002,7.5,-82.80000000000001,0.0,0.0,219.9,0.0,22.1,32.0,32.0,35.300000000000004,300.0,300.0,29.700000000000003,36.2,33.2,32.9,35.1,4.95,2.0,4.96,0.16,0.0,0.0,1027.0,8228.0,0.0,0.0,0.0,0.0,0.0,1.0,0.0,0.0,0.0,-0.001,0.0,0.0,0.0,-9.8,-12.8,0.016,16.0,25903.0
2026-07-30T18:57:59.711Z,49.194,49.206,-7.4,7.4,0.0,0.0,0.0,0.0,0.0,1.0,1.0,0.0,1.0,0.0,0.0,0.0,8.0,6.0,0.0,0.0,0.0,0.0,0.0,0.0,0.0,0.0,5.0,12.0,1.0,12.08,5.01,2.5,1.49,-2.4000000000000004,0.3,2.4000000000000004,301.1,0.0,-13.8,1.1,8.1,-82.80000000000001,0.0,0.0,219.8,0.0,22.1,32.0,32.0,35.300000000000004,300.0,300.0,29.700000000000003,36.2,33.2,32.9,35.1,4.96,2.0,4.96,0.16,0.0,0.0,1027.0,8228.0,0.0,0.0,0.0,0.0,0.0,1.0,0.0,0.0,0.0,-0.001,0.0,-0.5,0.0,-10.1,-12.8,0.0161,16.0,25903.0
2026-07-30T18:57:59.723Z,49.206,49.218,-7.4,7.4,0.0,0.0,0.0,0.0,0.0,1.0,1.0,0.0,1.0,0.0,0.0,0.0,8.0,6.0,0.0,0.0,0.0,0.0,0.0,0.0,0.0,0.0,6.0,12.0,1.0,12.08,5.01,2.5,1.49,-2.4000000000000004,0.3,2.4000000000000004,300.90000000000003,0.0,-13.2,1.1,8.700000000000001,-82.80000000000001,0.0,0.0,219.7,0.0,22.1,32.0,32.0,35.300000000000004,300.0,300.0,29.700000000000003,36.2,33.2,32.9,35.1,4.96,2.0,4.96,0.16,0.0,0.0,1027.0,8228.0,0.0,0.0,0.0,0.0,0.0,1.0,0.0,0.0,0.0,-0.001,0.0,-0.6000000000000001,0.0,-10.8,-12.9,0.0162,16.0,25903.0
2026-07-30T18:57:59.735Z,49.218,49.23,-7.5,7.4,0.0,0.0,0.0,0.0,0.0,1.0,1.0,0.0,1.0,0.0,0.0,0.0,8.0,6.0,0.0,0.0,0.0,0.0,0.0,0.0,0.0,0.0,1.0,12.0,1.0,12.08,5.01,2.5,1.49,-2.3000000000000003,0.3,2.3000000000000003,301.1,-0.1,-13.8,0.5,9.9,-82.80000000000001,0.0,0.0,219.7,0.0,22.1,32.0,32.0,35.300000000000004,300.0,300.0,29.700000000000003,36.2,33.2,32.9,35.1,4.96,2.0,4.96,0.16,0.0,0.0,1027.0,8228.0,0.0,0.0,0.0,0.0,0.0,1.0,0.0,0.0,0.0,-0.001,0.0,-1.4,0.0,-11.7,-12.9,0.0162,16.0,25903.0
2026-07-30T18:57:59.747Z,49.23,49.242,-7.5,7.4,0.0,0.0,0.0,0.0,0.0,1.0,1.0,0.0,1.0,0.0,0.0,0.0,8.0,6.0,0.0,0.0,0.0,0.0,0.0,0.0,0.0,0.0,2.0,12.0,1.0,12.08,5.01,2.5,1.49,-2.4000000000000004,0.3,2.4000000000000004,301.1,-0.1,-13.2,0.5,7.5,-82.80000000000001,0.0,0.0,219.8,0.0,22.1,32.0,32.0,35.300000000000004,300.0,300.0,29.700000000000003,36.2,33.2,32.9,35.1,4.95,2.0,4.96,0.16,0.0,0.0,1027.0,8228.0,0.0,0.0,0.0,0.0,0.0,1.0,0.0,0.0,0.0,-0.001,0.0,-0.9,0.0,-9.0,-12.8,0.0159,16.0,25903.0
2026-07-30T18:57:59.759Z,49.242,49.254,-7.5,7.4,0.0,0.0,0.0,0.0,0.0,1.0,1.0,0.0,1.0,0.0,0.0,0.0,8.0,6.0,0.0,0.0,0.0,0.0,0.0,0.0,0.0,0.0,3.0,12.0,1.0,12.08,5.01,2.5,1.49,-2.3000000000000003,0.3,2.3000000000000003,301.0,-0.1,-13.2,0.5,9.3,-82.80000000000001,0.0,0.0,219.8,0.0,22.1,32.0,32.0,35.300000000000004,300.0,300.0,29.700000000000003,36.2,33.2,32.9,35.1,4.95,2.0,4.96,0.16,0.0,0.0,1027.0,8228.0,0.0,0.0,0.0,0.0,0.0,1.0,0.0,0.0,0.0,-0.001,0.0,-1.3,0.0,-11.0,-12.7,0.0164,16.0,25903.0
2026-07-30T18:57:59.772Z,49.255,49.266,-7.5,7.4,0.0,0.0,0.0,0.0,0.0,1.0,1.0,0.0,1.0,0.0,0.0,0.0,8.0,6.0,0.0,0.0,0.0,0.0,0.0,0.0,0.0,0.0,4.0,12.0,1.0,12.05,5.0200000000000005,2.51,1.49,-2.2,0.3,2.3000000000000003,301.0,-0.1,-12.6,1.7000000000000002,10.4,-82.80000000000001,0.0,0.0,219.7,0.0,22.200000000000003,32.0,32.0,35.300000000000004,300.0,300.0,29.700000000000003,36.1,33.300000000000004,32.9,35.2,4.95,2.0,4.97,0.16,0.0,0.0,1027.0,8228.0,0.0,0.0,0.0,0.0,0.0,1.0,0.0,0.0,0.0,-0.001,0.0,-0.4,0.0,-13.2,-12.7,0.0158,16.0,25903.0
2026-07-30T18:57:59.783Z,49.266,49.278,-7.4,7.4,0.0,0.0,0.0,0.0,0.0,1.0,1.0,0.0,1.0,0.0,0.0,0.0,8.0,6.0,0.0,0.0,0.0,0.0,0.0,0.0,0.0,0.0,5.0,12.0,1.0,12.05,5.0200000000000005,2.51,1.49,-2.2,0.3,2.3000000000000003,301.1,-0.1,-12.6,1.7000000000000002,10.4,-82.7,0.0,0.0,219.7,0.0,22.200000000000003,32.0,32.0,35.300000000000004,300.0,300.0,29.700000000000003,36.1,33.300000000000004,32.9,35.2,4.96,2.0,4.97,0.16,0.0,0.0,1027.0,8228.0,0.0,0.0,0.0,0.0,0.0,1.0,0.0,0.0,0.0,-0.001,0.0,-0.4,0.0,-13.2,-12.7,0.0154,16.0,25903.0
2026-07-30T18:57:59.795Z,49.278,49.29,-7.4,7.4,0.0,0.0,0.0,0.0,0.0,1.0,1.0,0.0,1.0,0.0,0.0,0.0,8.0,6.0,0.0,0.0,0.0,0.0,0.0,0.0,0.0,0.0,6.0,12.0,1.0,12.05,5.0200000000000005,2.51,1.49,-2.3000000000000003,0.3,2.3000000000000003,301.0,-0.1,-12.0,1.7000000000000002,9.9,-82.7,0.0,0.0,219.7,0.0,22.200000000000003,32.0,32.0,35.300000000000004,300.0,300.0,29.700000000000003,36.1,33.300000000000004,32.9,35.2,4.95,2.0,4.96,0.16,0.0,0.0,1027.0,8228.0,0.0,0.0,0.0,0.0,0.0,1.0,0.0,0.0,0.0,-0.001,0.0,-0.3,0.0,-12.5,-12.8,0.0154,16.0,25903.0
2026-07-30T18:57:59.806Z,49.289,49.302,-7.4,7.4,0.0,0.0,0.0,0.0,0.0,1.0,1.0,0.0,1.0,0.0,0.0,0.0,8.0,6.0,0.0,0.0,0.0,0.0,0.0,0.0,0.0,0.0,1.0,12.0,1.0,12.05,5.0200000000000005,2.51,1.49,-2.3000000000000003,0.3,2.3000000000000003,301.0,-0.1,-12.0,1.1,9.3,-82.7,0.0,0.0,219.7,0.0,22.200000000000003,32.0,32.0,35.300000000000004,300.0,300.0,29.700000000000003,36.1,33.300000000000004,32.9,35.2,4.96,2.0,4.96,0.16,0.0,0.0,1027.0,8228.0,0.0,0.0,0.0,0.0,0.0,1.0,0.0,0.0,0.0,-0.001,0.0,-0.7000000000000001,0.0,-11.4,-12.9,0.0156,16.0,25903.0
2026-07-30T18:57:59.819Z,49.302,49.314,-7.5,7.4,0.0,0.0,0.0,0.0,0.0,1.0,1.0,0.0,1.0,0.0,0.0,0.0,8.0,6.0,0.0,0.0,0.0,0.0,0.0,0.0,0.0,0.0,2.0,12.0,1.0,12.05,5.0200000000000005,2.51,1.49,-2.2,0.2,2.2,301.1,-0.1,-10.9,4.0,11.0,-82.7,0.0,0.0,219.7,0.0,22.200000000000003,32.0,32.0,35.300000000000004,300.0,300.0,29.700000000000003,36.1,33.300000000000004,32.9,35.2,4.96,2.0,4.96,0.16,0.0,0.0,1027.0,8228.0,0.0,0.0,0.0,0.0,0.0,1.0,0.0,0.0,0.0,-0.001,0.0,1.4,0.0,-15.6,-12.8,0.0158,16.0,25903.0
2026-07-30T18:57:59.831Z,49.314,49.326,-7.4,7.4,0.0,0.0,0.0,0.0,0.0,1.0,1.0,0.0,1.0,0.0,0.0,0.0,8.0,6.0,0.0,0.0,0.0,0.0,0.0,0.0,0.0,0.0,4.0,12.0,1.0,12.05,5.0200000000000005,2.51,1.49,-2.2,0.2,2.2,301.0,-0.1,-11.4,2.9000000000000004,11.6,-82.7,0.0,0.0,219.8,0.0,22.200000000000003,32.0,32.0,35.300000000000004,300.0,300.0,29.700000000000003,36.1,33.300000000000004,32.9,35.2,4.95,2.0,4.96,0.16,0.0,0.0,1027.0,8228.0,0.0,0.0,0.0,0.0,0.0,1.0,0.0,0.0,0.0,-0.001,0.0,0.3,0.0,-15.4,-12.7,0.0148,16.0,25903.0
2026-07-30T18:57:59.843Z,49.326,49.338,-7.5,7.4,0.0,0.0,0.0,0.0,0.0,1.0,1.0,0.0,1.0,0.0,0.0,0.0,8.0,6.0,0.0,0.0,0.0,0.0,0.0,0.0,0.0,0.0,5.0,12.0,1.0,12.05,5.0200000000000005,2.51,1.49,-2.2,0.2,2.2,301.1,-0.1,-10.9,3.5,10.4,-82.7,0.0,0.0,219.9,0.0,22.200000000000003,32.0,32.0,35.300000000000004,300.0,300.0,29.700000000000003,36.1,33.300000000000004,32.9,35.2,4.96,2.0,4.96,0.16,0.0,0.0,1027.0,8228.0,0.0,0.0,0.0,0.0,0.0,1.0,0.0,0.0,0.0,-0.001,0.0,1.0,0.0,-14.5,-12.8,0.0156,16.0,25903.0
2026-07-30T18:57:59.855Z,49.338,49.35,-7.5,7.4,0.0,0.0,0.0,0.0,0.0,1.0,1.0,0.0,1.0,0.0,0.0,0.0,8.0,6.0,0.0,0.0,0.0,0.0,0.0,0.0,0.0,0.0,5.0,12.0,1.0,12.05,5.0200000000000005,2.51,1.49,-2.2,0.3,2.2,301.1,-0.1,-11.4,1.7000000000000002,10.4,-82.7,0.0,0.0,219.9,0.0,22.200000000000003,32.0,32.0,35.300000000000004,300.0,300.0,29.700000000000003,36.1,33.300000000000004,32.9,35.2,4.95,2.0,4.97,0.16,0.0,0.0,1027.0,8228.0,0.0,0.0,0.0,0.0,0.0,1.0,0.0,0.0,0.0,-0.001,0.0,-0.5,0.0,-13.2,-12.7,0.0151,16.0,25903.0
2026-07-30T18:57:59.866Z,49.349,49.362,-7.5,7.4,0.0,0.0,0.0,0.0,0.0,1.0,1.0,0.0,1.0,0.0,0.0,0.0,8.0,6.0,0.0,0.0,0.0,0.0,0.0,0.0,0.0,0.0,5.0,12.0,1.0,12.05,5.0200000000000005,2.51,1.49,-2.2,0.2,2.2,301.1,-0.1,-10.9,4.0,9.9,-82.7,0.0,0.0,219.8,0.0,22.200000000000003,32.0,32.0,35.300000000000004,300.0,300.0,29.700000000000003,36.1,33.300000000000004,32.9,35.2,4.95,2.0,4.96,0.16,0.0,0.0,1027.0,8228.0,0.0,0.0,0.0,0.0,0.0,1.0,0.0,0.0,0.0,-0.001,0.0,1.6,0.0,-14.2,-12.7,0.0151,16.0,25903.0
2026-07-30T18:57:59.879Z,49.362,49.374,-7.4,7.4,0.0,0.0,0.0,0.0,0.0,1.0,1.0,0.0,1.0,0.0,0.0,0.0,8.0,6.0,0.0,0.0,0.0,0.0,0.0,0.0,0.0,0.0,6.0,12.0,1.0,12.04,5.01,2.51,1.49,-2.2,0.2,2.2,301.1,-0.1,-10.3,3.5,10.4,-82.7,0.0,0.0,219.8,0.0,22.1,32.1,32.0,35.300000000000004,300.0,300.0,29.700000000000003,35.9,33.300000000000004,32.9,35.2,4.95,2.0,4.96,0.16,0.0,0.0,1027.0,8228.0,0.0,0.0,0.0,0.0,0.0,1.0,0.0,0.0,0.0,-0.001,0.0,1.0,0.0,-14.5,-12.7,0.0152,16.0,25903.0
2026-07-30T18:57:59.891Z,49.374,49.386,-7.4,7.4,0.0,0.0,0.0,0.0,0.0,1.0,1.0,0.0,1.0,0.0,0.0,0.0,8.0,6.0,0.0,0.0,0.0,0.0,0.0,0.0,0.0,0.0,2.0,12.0,1.0,12.04,5.01,2.51,1.49,-2.2,0.3,2.2,300.90000000000003,-0.1,-12.6,1.7000000000000002,11.6,-82.7,0.0,0.0,219.8,0.0,22.1,32.1,32.0,35.300000000000004,300.0,300.0,29.700000000000003,35.9,33.300000000000004,32.9,35.2,4.96,2.0,4.96,0.16,0.0,0.0,1027.0,8228.0,0.0,0.0,0.0,0.0,0.0,1.0,0.0,0.0,0.0,-0.001,0.0,-0.7000000000000001,0.0,-14.5,-12.8,0.0158,16.0,25903.0
2026-07-30T18:57:59.902Z,49.385,49.398,-7.4,7.4,0.0,0.0,0.0,0.0,0.0,1.0,1.0,0.0,1.0,0.0,0.0,0.0,8.0,6.0,0.0,0.0,0.0,0.0,0.0,0.0,0.0,0.0,3.0,12.0,1.0,12.04,5.01,2.51,1.49,-2.3000000000000003,0.2,2.3000000000000003,301.1,-0.1,-10.9,1.7000000000000002,9.9,-82.80000000000001,0.0,0.0,219.9,0.0,22.1,32.1,32.0,35.300000000000004,300.0,300.0,29.700000000000003,35.9,33.300000000000004,32.9,35.2,4.95,2.0,4.97,0.16,0.0,0.0,1027.0,8228.0,0.0,0.0,0.0,0.0,0.0,1.0,0.0,0.0,0.0,-0.001,0.0,-0.4,0.0,-12.5,-12.9,0.0163,16.0,25903.0
2026-07-30T18:57:59.914Z,49.397,49.41,-7.5,7.4,0.0,0.0,0.0,0.0,0.0,1.0,1.0,0.0,1.0,0.0,0.0,0.0,8.0,6.0,0.0,0.0,0.0,0.0,0.0,0.0,0.0,0.0,4.0,12.0,1.0,12.04,5.01,2.51,1.49,-2.2,0.2,2.2,301.1,-0.1,-12.0,3.5,10.4,-82.80000000000001,0.0,0.0,219.9,0.0,22.1,32.1,32.0,35.300000000000004,300.0,300.0,29.700000000000003,35.9,33.300000000000004,32.9,35.2,4.95,2.0,4.97,0.16,0.0,0.0,1027.0,8228.0,0.0,0.0,0.0,0.0,0.0,1.0,0.0,0.0,0.0,-0.001,0.0,-0.6000000000000001,0.0,-10.7,-12.8,0.0159,16.0,25903.0
2026-07-30T18:57:59.926Z,49.409,49.422,-7.5,7.4,0.0,0.0,0.0,0.0,0.0,1.0,1.0,0.0,1.0,0.0,0.0,0.0,8.0,6.0,0.0,0.0,0.0,0.0,0.0,0.0,0.0,0.0,5.0,12.0,1.0,12.04,5.01,2.51,1.49,-2.3000000000000003,0.2,2.3000000000000003,300.90000000000003,-0.1,-11.4,2.3000000000000003,9.9,-82.80000000000001,0.0,0.0,219.9,0.0,22.1,32.1,32.0,35.300000000000004,300.0,300.0,29.700000000000003,35.9,33.300000000000004,32.9,35.2,4.95,2.0,4.97,0.16,0.0,0.0,1027.0,8228.0,0.0,0.0,0.0,0.0,0.0,1.0,0.0,0.0,0.0,-0.001,0.0,-0.6000000000000001,0.0,-13.8,-12.8,0.0159,16.0,25903.0
2026-07-30T18:57:59.938Z,49.421,49.434,-7.4,7.4,0.0,0.0,0.0,0.0,0.0,1.0,1.0,0.0,1.0,0.0,0.0,0.0,8.0,6.0,0.0,0.0,0.0,0.0,0.0,0.0,0.0,0.0,6.0,12.0,1.0,12.04,5.01,2.51,1.49,-2.3000000000000003,0.3,2.3000000000000003,301.1,-0.1,-10.9,1.7000000000000002,9.9,-82.80000000000001,0.0,0.0,219.9,0.0,22.1,32.1,32.0,35.300000000000004,300.0,300.0,29.700000000000003,35.9,33.300000000000004,32.9,35.2,4.96,2.0,4.96,0.16,0.0,0.0,1027.0,8228.0,0.0,0.0,0.0,0.0,0.0,1.0,0.0,0.0,0.0,-0.001,0.0,-0.8,0.0,-11.4,-12.7,0.0153,16.0,25903.0
2026-07-30T18:57:59.951Z,49.434,49.446,-7.4,7.4,0.0,0.0,0.0,0.0,0.0,1.0,1.0,0.0,1.0,0.0,0.0,0.0,8.0,6.0,0.0,0.0,0.0,0.0,0.0,0.0,0.0,0.0,1.0,12.0,1.0,12.04,5.01,2.51,1.49,-2.3000000000000003,0.2,2.3000000000000003,301.0,-0.1,-13.2,1.7000000000000002,8.700000000000001,-82.80000000000001,0.0,0.0,220.0,0.0,22.1,32.1,32.0,35.300000000000004,300.0,300.0,29.700000000000003,35.9,33.300000000000004,32.9,35.2,4.95,2.0,4.96,0.16,0.0,0.0,1027.0,8228.0,0.0,0.0,0.0,0.0,0.0,1.0,0.0,0.0,0.0,-0.001,0.0,-0.1,0.0,-11.2,-12.8,0.0158,16.0,25903.0
2026-07-30T18:57:59.962Z,49.445,49.458,-7.4,7.4,0.0,0.0,0.0,0.0,0.0,1.0,1.0,0.0,1.0,0.0,0.0,0.0,8.0,6.0,0.0,0.0,0.0,0.0,0.0,0.0,0.0,0.0,1.0,12.0,1.0,12.04,5.01,2.51,1.49,-2.3000000000000003,0.2,2.3000000000000003,301.1,-0.1,-12.6,1.7000000000000002,9.3,-82.80000000000001,0.0,0.0,219.8,0.0,22.1,32.1,32.0,35.300000000000004,300.0,300.0,29.700000000000003,35.9,33.300000000000004,32.9,35.2,4.95,2.0,4.96,0.16,0.0,0.0,1027.0,8228.0,0.0,0.0,0.0,0.0,0.0,1.0,0.0,0.0,0.0,-0.001,0.0,-0.2,0.0,-11.8,-12.8,0.0159,16.0,25903.0
2026-07-30T18:57:59.975Z,49.458,49.47,-7.5,7.4,0.0,0.0,0.0,0.0,0.0,1.0,1.0,0.0,1.0,0.0,0.0,0.0,8.0,6.0,0.0,0.0,0.0,0.0,0.0,0.0,0.0,0.0,2.0,12.0,1.0,12.09,5.01,2.51,1.49,-2.3000000000000003,0.2,2.3000000000000003,301.1,-0.1,-12.0,1.1,8.700000000000001,-82.80000000000001,0.0,0.0,219.8,0.0,22.1,32.1,32.1,35.300000000000004,300.0,300.0,29.700000000000003,36.0,33.300000000000004,32.9,35.2,4.96,2.0,4.96,0.16,0.0,0.0,1027.0,8228.0,0.0,0.0,0.0,0.0,0.0,1.0,0.0,0.0,0.0,-0.001,0.0,-0.6000000000000001,0.0,-10.7,-12.8,0.0158,16.0,25903.0
2026-07-30T18:57:59.987Z,49.47,49.482,-7.5,7.4,0.0,0.0,0.0,0.0,0.0,1.0,1.0,0.0,1.0,0.0,0.0,0.0,8.0,6.0,0.0,0.0,0.0,0.0,0.0,0.0,0.0,0.0,3.0,12.0,1.0,12.09,5.01,2.51,1.49,-2.2,0.3,2.2,301.0,-0.1,-12.0,1.7000000000000002,11.0,-82.9,0.0,0.0,220.0,0.0,22.1,32.1,32.1,35.300000000000004,300.0,300.0,29.700000000000003,36.0,33.300000000000004,32.9,35.2,4.95,2.0,4.96,0.16,0.0,0.0,1027.0,8228.0,0.0,0.0,0.0,0.0,0.0,1.0,0.0,0.0,0.0,-0.001,0.0,-0.6000000000000001,0.0,-13.8,-12.7,0.0159,16.0,25903.0
2026-07-30T18:57:59.999Z,49.482,49.494,-7.5,7.4,0.0,0.0,0.0,0.0,0.0,1.0,1.0,0.0,1.0,0.0,0.0,0.0,8.0,6.0,0.0,0.0,0.0,0.0,0.0,0.0,0.0,0.0,4.0,12.0,1.0,12.09,5.01,2.51,1.49,-2.2,0.2,2.2,301.1,-0.1,-10.9,2.9000000000000004,9.3,-82.9,0.0,0.0,220.1,0.0,22.1,32.1,32.1,35.300000000000004,300.0,300.0,29.700000000000003,36.0,33.300000000000004,32.9,35.2,4.96,2.0,4.97,0.16,0.0,0.0,1027.0,8228.0,0.0,0.0,0.0,0.0,0.0,1.0,0.0,0.0,0.0,-0.001,0.0,0.6000000000000001,0.0,-12.7,-12.7,0.0151,16.0,25903.0
2026-07-30T18:58:00.010Z,49.493,49.506,-7.5,7.4,0.0,0.0,0.0,0.0,0.0,1.0,1.0,0.0,1.0,0.0,0.0,0.0,8.0,6.0,0.0,0.0,0.0,0.0,0.0,0.0,0.0,0.0,5.0,12.0,1.0,12.09,5.01,2.51,1.49,-2.2,0.3,2.3000000000000003,301.1,-0.1,-10.9,1.7000000000000002,10.4,-82.9,0.0,0.0,219.9,0.0,22.1,32.1,32.1,35.300000000000004,300.0,300.0,29.700000000000003,36.0,33.300000000000004,32.9,35.2,4.96,2.0,4.96,0.16,0.0,0.0,1027.0,8228.0,0.0,0.0,0.0,0.0,0.0,1.0,0.0,0.0,0.0,-0.001,0.0,-0.5,0.0,-13.2,-12.7,0.0152,16.0,25903.0
2026-07-30T18:58:00.023Z,49.506,49.518,-7.4,7.4,0.0,0.0,0.0,0.0,0.0,1.0,1.0,0.0,1.0,0.0,0.0,0.0,8.0,6.0,0.0,0.0,0.0,0.0,0.0,0.0,0.0,0.0,6.0,12.0,1.0,12.09,5.01,2.51,1.49,-2.3000000000000003,0.2,2.3000000000000003,301.0,-0.1,-11.4,3.5,9.3,-82.80000000000001,0.0,0.0,219.8,0.0,22.1,32.1,32.1,35.300000000000004,300.0,300.0,29.700000000000003,36.0,33.300000000000004,32.9,35.2,4.95,2.0,4.96,0.16,0.0,0.0,1027.0,8228.0,0.0,0.0,0.0,0.0,0.0,1.0,0.0,0.0,0.0,-0.001,0.0,1.2000000000000002,0.0,-13.1,-12.7,0.0153,16.0,25903.0
2026-07-30T18:58:00.035Z,49.518,49.53,-7.4,7.4,0.0,0.0,0.0,0.0,0.0,1.0,1.0,0.0,1.0,0.0,0.0,0.0,8.0,6.0,0.0,0.0,0.0,0.0,0.0,0.0,0.0,0.0,2.0,12.0,1.0,12.09,5.01,2.51,1.49,-2.3000000000000003,0.3,2.3000000000000003,301.1,-0.1,-12.0,2.3000000000000003,10.4,-82.80000000000001,0.0,0.0,219.7,0.0,22.1,32.1,32.1,35.300000000000004,300.0,300.0,29.700000000000003,36.0,33.300000000000004,32.9,35.2,4.96,2.0,4.96,0.16,0.0,0.0,1027.0,8228.0,0.0,0.0,0.0,0.0,0.0,1.0,0.0,0.0,0.0,-0.001,0.0,0.0,0.0,-13.6,-12.9,0.0155,16.0,25903.0
2026-07-30T18:58:00.047Z,49.53,49.542,-7.4,7.4,0.0,0.0,0.0,0.0,0.0,1.0,1.0,0.0,1.0,0.0,0.0,0.0,8.0,6.0,0.0,0.0,0.0,0.0,0.0,0.0,0.0,0.0,3.0,12.0,1.0,12.09,5.01,2.51,1.49,-2.3000000000000003,0.3,2.3000000000000003,301.0,-0.1,-12.0,1.7000000000000002,9.3,-82.80000000000001,0.0,0.0,219.6,0.0,22.1,32.1,32.1,35.300000000000004,300.0,300.0,29.700000000000003,36.0,33.300000000000004,32.9,35.2,4.95,2.0,4.96,0.16,0.0,0.0,1027.0,8228.0,0.0,0.0,0.0,0.0,0.0,1.0,0.0,0.0,0.0,-0.001,0.0,-0.2,0.0,-11.8,-12.9,0.0155,16.0,25903.0
2026-07-30T18:58:00.058Z,49.541,49.554,-7.5,7.4,0.0,0.0,0.0,0.0,0.0,1.0,1.0,0.0,1.0,0.0,0.0,0.0,8.0,6.0,0.0,0.0,0.0,0.0,0.0,0.0,0.0,0.0,5.0,12.0,1.0,12.09,5.01,2.51,1.49,-2.3000000000000003,0.2,2.3000000000000003,301.1,-0.1,-11.4,2.9000000000000004,8.700000000000001,-82.80000000000001,0.0,0.0,219.6,0.0,22.1,32.1,32.1,35.300000000000004,300.0,300.0,29.700000000000003,36.0,33.300000000000004,32.9,35.2,4.95,2.0,4.97,0.17,0.0,0.0,1027.0,8228.0,0.0,0.0,0.0,0.0,0.0,1.0,0.0,0.0,0.0,-0.001,0.0,0.9,0.0,-12.0,-12.8,0.0158,16.0,25903.0
2026-07-30T18:58:00.071Z,49.554,49.566,-7.4,7.4,0.0,0.0,0.0,0.0,0.0,1.0,1.0,0.0,1.0,0.0,0.0,0.0,8.0,6.0,0.0,0.0,0.0,0.0,0.0,0.0,0.0,0.0,6.0,12.0,1.0,12.09,5.01,2.51,1.49,-2.2,0.2,2.2,301.1,-0.1,-12.0,2.9000000000000004,11.0,-82.80000000000001,0.0,0.0,219.7,0.0,22.1,32.1,32.1,35.300000000000004,300.0,300.0,29.700000000000003,36.0,33.300000000000004,32.9,35.2,4.95,2.0,4.97,0.16,0.0,0.0,1027.0,8228.0,0.0,0.0,0.0,0.0,0.0,1.0,0.0,0.0,0.0,-0.001,0.0,0.4,0.0,-14.7,-12.8,0.0157,16.0,25903.0
2026-07-30T18:58:00.083Z,49.566,49.578,-7.4,7.4,0.0,0.0,0.0,0.0,0.0,1.0,1.0,0.0,1.0,0.0,0.0,0.0,8.0,6.0,0.0,0.0,0.0,0.0,0.0,0.0,0.0,0.0,2.0,12.0,1.0,12.05,5.01,2.5,1.49,-2.3000000000000003,0.2,2.3000000000000003,300.90000000000003,-0.1,-10.9,2.9000000000000004,9.9,-82.80000000000001,0.0,0.0,219.8,0.0,22.1,32.1,32.1,35.300000000000004,300.0,300.0,29.6,36.1,33.300000000000004,32.9,35.2,4.96,2.0,4.96,0.16,0.0,0.0,1027.0,8228.0,0.0,0.0,0.0,0.0,0.0,1.0,0.0,0.0,0.0,-0.001,0.0,0.6000000000000001,0.0,-13.4,-12.8,0.0151,16.0,25903.0
2026-07-30T18:58:00.094Z,49.577,49.59,-7.5,7.4,0.0,0.0,0.0,0.0,0.0,1.0,1.0,0.0,1.0,0.0,0.0,0.0,8.0,6.0,0.0,0.0,0.0,0.0,0.0,0.0,0.0,0.0,3.0,12.0,1.0,12.05,5.01,2.5,1.49,-2.3000000000000003,0.2,2.3000000000000003,301.0,-0.1,-11.4,2.9000000000000004,9.9,-82.80000000000001,0.0,0.0,219.7,0.0,22.1,32.1,32.1,35.300000000000004,300.0,300.0,29.6,36.1,33.300000000000004,32.9,35.2,4.95,2.0,4.96,0.16,0.0,0.0,1027.0,8228.0,0.0,0.0,0.0,0.0,0.0,1.0,0.0,0.0,0.0,-0.001,0.0,0.6000000000000001,0.0,-13.4,-12.8,0.0154,16.0,25903.0
2026-07-30T18:58:00.107Z,49.59,49.602,-7.5,7.4,0.0,0.0,0.0,0.0,0.0,1.0,1.0,0.0,1.0,0.0,0.0,0.0,8.0,6.0,0.0,0.0,0.0,0.0,0.0,0.0,0.0,0.0,5.0,12.0,1.0,12.05,5.01,2.5,1.49,-2.3000000000000003,0.2,2.3000000000000003,301.1,-0.1,-10.9,2.9000000000000004,9.3,-82.80000000000001,0.0,0.0,219.8,0.0,22.1,32.1,32.1,35.300000000000004,300.0,300.0,29.6,36.1,33.300000000000004,32.9,35.2,4.95,2.0,4.97,0.16,0.0,0.0,1027.0,8228.0,0.0,0.0,0.0,0.0,0.0,1.0,0.0,0.0,0.0,-0.001,0.0,0.7000000000000001,0.0,-12.7,-12.8,0.0154,16.0,25903.0
2026-07-30T18:58:00.119Z,49.602,49.614,-7.4,7.4,0.0,0.0,0.0,0.0,0.0,1.0,1.0,0.0,1.0,0.0,0.0,0.0,8.0,6.0,0.0,0.0,0.0,0.0,0.0,0.0,0.0,0.0,6.0,12.0,1.0,12.05,5.01,2.5,1.49,-2.3000000000000003,0.2,2.3000000000000003,301.0,-0.1,-10.9,2.9000000000000004,9.9,-82.80000000000001,0.0,0.0,219.9,0.0,22.1,32.1,32.1,35.300000000000004,300.0,300.0,29.6,36.1,33.300000000000004,32.9,35.2,4.95,2.0,4.97,0.16,0.0,0.0,1027.0,8228.0,0.0,0.0,0.0,0.0,0.0,1.0,0.0,0.0,0.0,-0.001,0.0,0.6000000000000001,0.0,-13.4,-12.7,0.0155,16.0,25903.0
2026-07-30T18:58:00.130Z,49.613,49.626,-7.5,7.4,0.0,0.0,0.0,0.0,0.0,1.0,1.0,0.0,1.0,0.0,0.0,0.0,8.0,6.0,0.0,0.0,0.0,0.0,0.0,0.0,0.0,0.0,2.0,12.0,1.0,12.05,5.01,2.5,1.49,-2.2,0.2,2.2,301.1,-0.1,-10.9,2.9000000000000004,11.6,-82.80000000000001,0.0,0.0,219.9,0.0,22.1,32.1,32.1,35.300000000000004,300.0,300.0,29.6,36.1,33.300000000000004,32.9,35.2,4.96,2.0,4.96,0.16,0.0,0.0,1027.0,8228.0,0.0,0.0,0.0,0.0,0.0,1.0,0.0,0.0,0.0,-0.001,0.0,0.2,0.0,-15.4,-12.8,0.0154,16.0,25903.0
2026-07-30T18:58:00.143Z,49.626,49.638,-7.5,7.4,0.0,0.0,0.0,0.0,0.0,1.0,1.0,0.0,1.0,0.0,0.0,0.0,8.0,6.0,0.0,0.0,0.0,0.0,0.0,0.0,0.0,0.0,3.0,12.0,1.0,12.05,5.01,2.5,1.49,-2.3000000000000003,0.2,2.3000000000000003,301.1,-0.1,-12.0,1.7000000000000002,9.3,-82.80000000000001,0.0,0.0,219.8,0.0,22.1,32.1,32.1,35.300000000000004,300.0,300.0,29.6,36.1,33.300000000000004,32.9,35.2,4.95,2.0,4.96,0.16,0.0,0.0,1027.0,8228.0,0.0,0.0,0.0,0.0,0.0,1.0,0.0,0.0,0.0,-0.001,0.0,-0.2,0.0,-11.8,-12.7,0.0149,16.0,25903.0
2026-07-30T18:58:00.154Z,49.637,49.65,-7.5,7.4,0.0,0.0,0.0,0.0,0.0,1.0,1.0,0.0,1.0,0.0,0.0,0.0,8.0,6.0,0.0,0.0,0.0,0.0,0.0,0.0,0.0,0.0,5.0,12.0,1.0,12.05,5.01,2.5,1.49,-2.2,0.2,2.2,301.0,-0.1,-12.0,2.3000000000000003,10.4,-82.80000000000001,0.0,0.0,219.7,0.0,22.1,32.1,32.1,35.300000000000004,300.0,300.0,29.6,36.1,33.300000000000004,32.9,35.2,4.95,2.0,4.96,0.16,0.0,0.0,1027.0,8228.0,0.0,0.0,0.0,0.0,0.0,1.0,0.0,0.0,0.0,-0.001,0.0,0.0,0.0,-13.6,-12.8,0.0157,16.0,25903.0
2026-07-30T18:58:00.172Z,49.655,49.662,-7.4,7.4,0.0,0.0,0.0,0.0,0.0,1.0,1.0,0.0,1.0,0.0,0.0,0.0,8.0,6.0,0.0,0.0,0.0,0.0,0.0,0.0,0.0,0.0,6.0,12.0,1.0,12.05,5.01,2.5,1.49,-2.2,0.2,2.3000000000000003,301.1,-0.1,-12.0,2.3000000000000003,10.4,-82.80000000000001,0.0,0.0,219.8,0.0,22.1,32.1,32.1,35.300000000000004,300.0,300.0,29.6,36.1,33.300000000000004,32.9,35.2,4.95,2.0,4.96,0.16,0.0,0.0,1027.0,8228.0,0.0,0.0,0.0,0.0,0.0,1.0,0.0,0.0,0.0,-0.001,0.0,0.0,0.0,-13.6,-12.7,0.0153,16.0,25903.0
2026-07-30T18:58:00.180Z,49.663,49.674,-7.4,7.4,0.0,0.0,0.0,0.0,0.0,1.0,1.0,0.0,1.0,0.0,0.0,0.0,8.0,6.0,0.0,0.0,0.0,0.0,0.0,0.0,0.0,0.0,5.0,12.0,1.0,12.05,5.01,2.51,1.49,-2.2,0.2,2.3000000000000003,301.0,0.0,-11.4,2.9000000000000004,9.9,-82.80000000000001,0.0,0.0,219.8,0.0,22.200000000000003,32.1,32.1,35.4,300.0,300.0,29.700000000000003,36.1,33.300000000000004,32.800000000000004,35.2,4.95,2.0,4.96,0.16,0.0,0.0,1027.0,8228.0,0.0,0.0,0.0,0.0,0.0,1.0,0.0,0.0,0.0,-0.001,0.0,0.6000000000000001,0.0,-13.4,-12.8,0.0153,16.0,25903.0
2026-07-30T18:58:00.191Z,49.674,49.686,-7.5,7.4,0.0,0.0,0.0,0.0,0.0,1.0,1.0,0.0,1.0,0.0,0.0,0.0,8.0,6.0,0.0,0.0,0.0,0.0,0.0,0.0,0.0,0.0,6.0,12.0,1.0,12.05,5.01,2.51,1.49,-2.3000000000000003,0.2,2.3000000000000003,301.0,-0.1,-12.6,1.7000000000000002,8.700000000000001,-82.80000000000001,0.0,0.0,219.8,0.0,22.200000000000003,32.1,32.1,35.4,300.0,300.0,29.700000000000003,36.1,33.300000000000004,32.800000000000004,35.2,4.95,2.0,4.97,0.16,0.0,0.0,1027.0,8228.0,0.0,0.0,0.0,0.0,0.0,1.0,0.0,0.0,0.0,-0.001,0.0,-0.1,0.0,-11.2,-12.8,0.0154,16.0,25903.0
2026-07-30T18:58:00.203Z,49.686,49.698,-7.4,7.4,0.0,0.0,0.0,0.0,0.0,1.0,1.0,0.0,1.0,0.0,0.0,0.0,8.0,6.0,0.0,0.0,0.0,0.0,0.0,0.0,0.0,0.0,2.0,12.0,1.0,12.05,5.01,2.51,1.49,-2.3000000000000003,0.2,2.4000000000000004,301.1,0.0,-13.2,1.7000000000000002,8.1,-82.80000000000001,0.0,0.0,219.8,0.0,22.200000000000003,32.1,32.1,35.4,300.0,300.0,29.700000000000003,36.1,33.300000000000004,32.800000000000004,35.2,4.95,2.0,4.96,0.16,0.0,0.0,1027.0,8228.0,0.0,0.0,0.0,0.0,0.0,1.0,0.0,0.0,0.0,-0.001,0.0,0.0,0.0,-10.5,-12.8,0.0159,16.0,25903.0
2026-07-30T18:58:00.215Z,49.698,49.71,-7.4,7.4,0.0,0.0,0.0,0.0,0.0,1.0,1.0,0.0,1.0,0.0,0.0,0.0,8.0,6.0,0.0,0.0,0.0,0.0,0.0,0.0,0.0,0.0,3.0,12.0,1.0,12.05,5.01,2.51,1.49,-2.3000000000000003,0.3,2.4000000000000004,301.2,-0.1,-12.6,1.7000000000000002,8.700000000000001,-82.80000000000001,0.0,0.0,219.8,0.0,22.200000000000003,32.1,32.1,35.4,300.0,300.0,29.700000000000003,36.1,33.300000000000004,32.800000000000004,35.2,4.96,2.0,4.96,0.16,0.0,0.0,1027.0,8228.0,0.0,0.0,0.0,0.0,0.0,1.0,0.0,0.0,0.0,-0.001,0.0,-0.1,0.0,-11.2,-12.8,0.016,16.0,25903.0
2026-07-30T18:58:00.227Z,49.71,49.722,-7.4,7.4,0.0,0.0,0.0,0.0,0.0,1.0,1.0,0.0,1.0,0.0,0.0,0.0,8.0,6.0,0.0,0.0,0.0,0.0,0.0,0.0,0.0,0.0,4.0,12.0,1.0,12.05,5.01,2.51,1.49,-2.3000000000000003,0.2,2.4000000000000004,301.0,-0.1,-12.6,2.3000000000000003,8.700000000000001,-82.80000000000001,0.0,0.0,219.7,0.0,22.200000000000003,32.1,32.1,35.4,300.0,300.0,29.700000000000003,36.1,33.300000000000004,32.800000000000004,35.2,4.95,2.0,4.96,0.16,0.0,0.0,1027.0,8228.0,0.0,0.0,0.0,0.0,0.0,1.0,0.0,0.0,0.0,-0.001,0.0,0.3,0.0,-11.6,-12.9,0.016,16.0,25903.0
2026-07-30T18:58:00.239Z,49.722,49.734,-7.5,7.4,0.0,0.0,0.0,0.0,0.0,1.0,1.0,0.0,1.0,0.0,0.0,0.0,8.0,6.0,0.0,0.0,0.0,0.0,0.0,0.0,0.0,0.0,5.0,12.0,1.0,12.05,5.01,2.51,1.49,-2.4000000000000004,0.2,2.4000000000000004,301.1,-0.1,-13.2,2.3000000000000003,8.1,-82.80000000000001,0.0,0.0,219.6,0.0,22.200000000000003,32.1,32.1,35.4,300.0,300.0,29.700000000000003,36.1,33.300000000000004,32.800000000000004,35.2,4.95,2.0,4.97,0.16,0.0,0.0,1027.0,8228.0,0.0,0.0,0.0,0.0,0.0,1.0,0.0,0.0,0.0,-0.001,0.0,0.5,0.0,-10.9,-12.8,0.0159,16.0,25903.0
2026-07-30T18:58:00.251Z,49.734,49.746,-7.5,7.4,0.0,0.0,0.0,0.0,0.0,1.0,1.0,0.0,1.0,0.0,0.0,0.0,8.0,6.0,0.0,0.0,0.0,0.0,0.0,0.0,0.0,0.0,6.0,12.0,1.0,12.05,5.01,2.51,1.49,-2.4000000000000004,0.3,2.4000000000000004,301.0,-0.1,-12.6,0.5,8.700000000000001,-82.80000000000001,0.0,0.0,219.7,0.0,22.200000000000003,32.1,32.1,35.4,300.0,300.0,29.700000000000003,36.1,33.300000000000004,32.800000000000004,35.2,4.95,2.0,4.96,0.16,0.0,0.0,1027.0,8228.0,0.0,0.0,0.0,0.0,0.0,1.0,0.0,0.0,0.0,-0.001,0.0,-1.1,0.0,-10.3,-12.8,0.0161,16.0,25903.0
2026-07-30T18:58:00.264Z,49.747,49.758,-7.5,7.4,0.0,0.0,0.0,0.0,0.0,1.0,1.0,0.0,1.0,0.0,0.0,0.0,8.0,6.0,0.0,0.0,0.0,0.0,0.0,0.0,0.0,0.0,1.0,12.0,1.0,12.05,5.01,2.51,1.49,-2.3000000000000003,0.2,2.4000000000000004,301.0,-0.1,-13.2,2.3000000000000003,8.1,-82.80000000000001,0.0,0.0,219.7,0.0,22.200000000000003,32.1,32.1,35.4,300.0,300.0,29.700000000000003,36.1,33.300000000000004,32.800000000000004,35.2,4.95,2.0,4.96,0.16,0.0,0.0,1027.0,8228.0,0.0,0.0,0.0,0.0,0.0,1.0,0.0,0.0,0.0,-0.001,0.0,0.4,0.0,-10.9,-12.7,0.0161,16.0,25903.0
2026-07-30T18:58:00.275Z,49.758,49.77,-7.5,7.4,0.0,0.0,0.0,0.0,0.0,1.0,1.0,0.0,1.0,0.0,0.0,0.0,8.0,6.0,0.0,0.0,0.0,0.0,0.0,0.0,0.0,0.0,1.0,12.0,1.0,12.05,5.01,2.51,1.49,-2.3000000000000003,0.2,2.3000000000000003,301.1,-0.1,-12.0,2.9000000000000004,9.9,-82.80000000000001,0.0,0.0,219.8,0.0,22.200000000000003,32.1,32.1,35.4,300.0,300.0,29.700000000000003,36.1,33.300000000000004,32.800000000000004,35.2,4.96,2.0,4.96,0.16,0.0,0.0,1027.0,8228.0,0.0,0.0,0.0,0.0,0.0,1.0,0.0,0.0,0.0,-0.001,0.0,0.6000000000000001,0.0,-13.4,-12.8,0.016,16.0,25903.0
2026-07-30T18:58:00.287Z,49.77,49.782,-7.4,7.4,0.0,0.0,0.0,0.0,0.0,1.0,1.0,0.0,1.0,0.0,0.0,0.0,8.0,6.0,0.0,0.0,0.0,0.0,0.0,0.0,0.0,0.0,2.0,12.0,1.0,12.08,5.01,2.51,1.49,-2.3000000000000003,0.3,2.3000000000000003,300.90000000000003,-0.1,-12.6,1.1,9.9,-82.80000000000001,0.0,0.0,219.8,0.0,22.1,32.1,32.1,35.4,300.0,300.0,29.700000000000003,36.0,33.4,32.9,35.2,4.96,2.0,4.96,0.16,0.0,0.0,1027.0,8228.0,0.0,0.0,0.0,0.0,0.0,1.0,0.0,0.0,0.0,-0.001,0.0,-0.9,0.0,-12.1,-12.8,0.0154,16.0,25903.0
2026-07-30T18:58:00.299Z,49.782,49.794,-7.4,7.4,0.0,0.0,0.0,0.0,0.0,1.0,1.0,0.0,1.0,0.0,0.0,0.0,8.0,6.0,0.0,0.0,0.0,0.0,0.0,0.0,0.0,0.0,3.0,12.0,1.0,12.08,5.01,2.51,1.49,-2.3000000000000003,0.2,2.3000000000000003,301.0,-0.1,-10.9,2.3000000000000003,9.3,-82.80000000000001,0.0,0.0,219.7,0.0,22.1,32.1,32.1,35.4,300.0,300.0,29.700000000000003,36.0,33.4,32.9,35.2,4.96,2.0,4.97,0.16,0.0,0.0,1027.0,8228.0,0.0,0.0,0.0,0.0,0.0,1.0,0.0,0.0,0.0,-0.001,0.0,0.2,0.0,-12.3,-12.8,0.0158,16.0,25903.0
2026-07-30T18:58:00.311Z,49.794,49.806,-7.4,7.4,0.0,0.0,0.0,0.0,0.0,1.0,1.0,0.0,1.0,0.0,0.0,0.0,8.0,6.0,0.0,0.0,0.0,0.0,0.0,0.0,0.0,0.0,4.0,12.0,1.0,12.08,5.01,2.51,1.49,-2.2,0.2,2.2,301.1,-0.1,-10.9,5.2,11.0,-82.80000000000001,0.0,0.0,219.6,0.0,22.1,32.1,32.1,35.4,300.0,300.0,29.700000000000003,36.0,33.4,32.9,35.2,4.95,2.0,4.97,0.17,0.0,0.0,1027.0,8228.0,0.0,0.0,0.0,0.0,0.0,1.0,0.0,0.0,0.0,-0.001,0.0,2.5,0.0,-16.400000000000002,-12.8,0.0158,16.0,25903.0
2026-07-30T18:58:00.323Z,49.806,49.818,-7.4,7.4,0.0,0.0,0.0,0.0,0.0,1.0,1.0,0.0,1.0,0.0,0.0,0.0,8.0,6.0,0.0,0.0,0.0,0.0,0.0,0.0,0.0,0.0,5.0,12.0,1.0,12.08,5.01,2.51,1.49,-2.2,0.3,2.3000000000000003,301.1,-0.1,-12.0,2.3000000000000003,11.6,-82.80000000000001,0.0,0.0,219.6,0.0,22.1,32.1,32.1,35.4,300.0,300.0,29.700000000000003,36.0,33.4,32.9,35.2,4.95,2.0,4.96,0.16,0.0,0.0,1027.0,8228.0,0.0,0.0,0.0,0.0,0.0,1.0,0.0,0.0,0.0,-0.001,0.0,-0.1,0.0,-14.9,-12.8,0.0149,16.0,25903.0
2026-07-30T18:58:00.335Z,49.818,49.83,-7.5,7.4,0.0,0.0,0.0,0.0,0.0,1.0,1.0,0.0,1.0,0.0,0.0,0.0,8.0,6.0,0.0,0.0,0.0,0.0,0.0,0.0,0.0,0.0,5.0,12.0,1.0,12.08,5.01,2.51,1.49,-2.3000000000000003,0.3,2.3000000000000003,301.1,-0.1,-10.9,1.7000000000000002,9.9,-82.80000000000001,0.0,0.0,219.6,0.0,22.1,32.1,32.1,35.4,300.0,300.0,29.700000000000003,36.0,33.4,32.9,35.2,4.95,2.0,4.96,0.16,0.0,0.0,1027.0,8228.0,0.0,0.0,0.0,0.0,0.0,1.0,0.0,0.0,0.0,-0.001,0.0,-0.3,0.0,-12.5,-12.9,0.0153,16.0,25903.0
2026-07-30T18:58:00.347Z,49.83,49.842,-7.5,7.4,0.0,0.0,0.0,0.0,0.0,1.0,1.0,0.0,1.0,0.0,0.0,0.0,8.0,6.0,0.0,0.0,0.0,0.0,0.0,0.0,0.0,0.0,6.0,12.0,1.0,12.08,5.01,2.51,1.49,-2.2,0.2,2.2,301.1,-0.1,-10.9,3.5,11.6,-82.7,0.0,0.0,219.7,0.0,22.1,32.1,32.1,35.4,300.0,300.0,29.700000000000003,36.0,33.4,32.9,35.2,4.95,2.0,4.97,0.16,0.0,0.0,1027.0,8228.0,0.0,0.0,0.0,0.0,0.0,1.0,0.0,0.0,0.0,-0.001,0.0,0.8,0.0,-15.8,-12.7,0.0157,16.0,25903.0
2026-07-30T18:58:00.358Z,49.841,49.854,-7.5,7.4,0.0,0.0,0.0,0.0,0.0,1.0,1.0,0.0,1.0,0.0,0.0,0.0,8.0,6.0,0.0,0.0,0.0,0.0,0.0,0.0,0.0,0.0,1.0,12.0,1.0,12.08,5.01,2.51,1.49,-2.3000000000000003,0.2,2.3000000000000003,300.90000000000003,-0.1,-10.9,2.3000000000000003,9.3,-82.7,0.0,0.0,219.6,0.0,22.1,32.1,32.1,35.4,300.0,300.0,29.700000000000003,36.0,33.4,32.9,35.2,4.96,2.0,4.97,0.16,0.0,0.0,1027.0,8228.0,0.0,0.0,0.0,0.0,0.0,1.0,0.0,0.0,0.0,-0.001,0.0,0.2,0.0,-12.3,-12.7,0.0159,16.0,25903.0
2026-07-30T18:58:00.370Z,49.853,49.866,-7.4,7.4,0.0,0.0,0.0,0.0,0.0,1.0,1.0,0.0,1.0,0.0,0.0,0.0,8.0,6.0,0.0,0.0,0.0,0.0,0.0,0.0,0.0,0.0,2.0,12.0,1.0,12.08,5.01,2.51,1.49,-2.3000000000000003,0.2,2.3000000000000003,301.0,-0.1,-10.9,2.3000000000000003,9.9,-82.7,0.0,0.0,219.7,0.0,22.1,32.1,32.1,35.4,300.0,300.0,29.700000000000003,36.0,33.4,32.9,35.2,4.96,2.0,4.96,0.16,0.0,0.0,1027.0,8228.0,0.0,0.0,0.0,0.0,0.0,1.0,0.0,0.0,0.0,-0.001,0.0,0.1,0.0,-12.9,-12.7,0.0155,16.0,25903.0
2026-07-30T18:58:00.384Z,49.867,49.878,-7.4,7.4,0.0,0.0,0.0,0.0,0.0,1.0,1.0,0.0,1.0,0.0,0.0,0.0,8.0,6.0,0.0,0.0,0.0,0.0,0.0,0.0,0.0,0.0,3.0,12.0,1.0,12.08,5.01,2.51,1.49,-2.2,0.2,2.2,301.1,-0.1,-12.6,2.3000000000000003,11.0,-82.7,0.0,0.0,219.8,0.0,22.1,32.1,32.1,35.4,300.0,300.0,29.700000000000003,35.9,33.4,32.9,35.300000000000004,4.95,2.0,4.97,0.16,0.0,0.0,1027.0,8228.0,0.0,0.0,0.0,0.0,0.0,1.0,0.0,0.0,0.0,-0.001,0.0,0.0,0.0,-14.3,-12.8,0.0162,16.0,25903.0
2026-07-30T18:58:00.395Z,49.878,49.89,-7.5,7.4,0.0,0.0,0.0,0.0,0.0,1.0,1.0,0.0,1.0,0.0,0.0,0.0,8.0,6.0,0.0,0.0,0.0,0.0,0.0,0.0,0.0,0.0,3.0,12.0,1.0,12.08,5.01,2.51,1.49,-2.2,0.2,2.2,301.1,-0.1,-10.9,4.0,10.4,-82.7,0.0,0.0,219.7,0.0,22.1,32.1,32.1,35.4,300.0,300.0,29.700000000000003,35.9,33.4,32.9,35.300000000000004,4.95,2.0,4.96,0.16,0.0,0.0,1027.0,8228.0,0.0,0.0,0.0,0.0,0.0,1.0,0.0,0.0,0.0,-0.001,0.0,1.5,0.0,-14.9,-12.8,0.0159,16.0,25903.0
2026-07-30T18:58:00.407Z,49.89,49.902,-7.4,7.4,0.0,0.0,0.0,0.0,0.0,1.0,1.0,0.0,1.0,0.0,0.0,0.0,8.0,6.0,0.0,0.0,0.0,0.0,0.0,0.0,0.0,0.0,4.0,12.0,1.0,12.08,5.01,2.51,1.49,-2.2,0.2,2.2,301.1,-0.1,-11.4,3.5,11.6,-82.7,0.0,0.0,219.8,0.0,22.1,32.1,32.1,35.4,300.0,300.0,29.700000000000003,35.9,33.4,32.9,35.300000000000004,4.96,2.0,4.96,0.16,0.0,0.0,1027.0,8228.0,0.0,0.0,0.0,0.0,0.0,1.0,0.0,0.0,0.0,-0.001,0.0,0.8,0.0,-15.8,-12.7,0.0155,16.0,25903.0
2026-07-30T18:58:00.419Z,49.902,49.914,-7.4,7.4,0.0,0.0,0.0,0.0,0.0,1.0,1.0,0.0,1.0,0.0,0.0,0.0,8.0,6.0,0.0,0.0,0.0,0.0,0.0,0.0,0.0,0.0,5.0,12.0,1.0,12.08,5.01,2.51,1.49,-2.3000000000000003,0.2,2.3000000000000003,301.1,-0.1,-11.4,2.9000000000000004,9.3,-82.7,0.0,0.0,219.7,0.0,22.1,32.1,32.1,35.4,300.0,300.0,29.700000000000003,35.9,33.4,32.9,35.300000000000004,4.95,2.0,4.96,0.16,0.0,0.0,1027.0,8228.0,0.0,0.0,0.0,0.0,0.0,1.0,0.0,0.0,0.0,-0.001,0.0,0.7000000000000001,0.0,-12.7,-12.8,0.0159,16.0,25903.0
2026-07-30T18:58:00.431Z,49.914,49.926,-7.4,7.4,0.0,0.0,0.0,0.0,0.0,1.0,1.0,0.0,1.0,0.0,0.0,0.0,8.0,6.0,0.0,0.0,0.0,0.0,0.0,0.0,0.0,0.0,1.0,12.0,1.0,12.08,5.01,2.51,1.49,-2.2,0.3,2.3000000000000003,301.0,-0.1,-12.0,2.3000000000000003,11.0,-82.7,0.0,0.0,219.6,0.0,22.1,32.1,32.1,35.4,300.0,300.0,29.700000000000003,35.9,33.4,32.9,35.300000000000004,4.95,2.0,4.97,0.16,0.0,0.0,1027.0,8228.0,0.0,0.0,0.0,0.0,0.0,1.0,0.0,0.0,0.0,-0.001,0.0,-1.5,0.0,-9.2,-12.8,0.0155,16.0,25903.0
2026-07-30T18:58:00.443Z,49.926,49.938,-7.5,7.4,0.0,0.0,0.0,0.0,0.0,1.0,1.0,0.0,1.0,0.0,0.0,0.0,8.0,6.0,0.0,0.0,0.0,0.0,0.0,0.0,0.0,0.0,1.0,12.0,1.0,12.08,5.01,2.51,1.49,-2.4000000000000004,0.3,2.2,301.1,-0.1,-12.0,2.9000000000000004,11.0,-82.7,0.0,0.0,219.7,0.0,22.1,32.1,32.1,35.4,300.0,300.0,29.700000000000003,35.9,33.4,32.9,35.300000000000004,4.95,2.0,4.96,0.16,0.0,0.0,1027.0,8228.0,0.0,0.0,0.0,0.0,0.0,1.0,0.0,0.0,0.0,-0.001,0.0,-1.1,0.0,-10.3,-12.8,0.0165,16.0,25903.0
2026-07-30T18:58:00.455Z,49.938,49.95,-7.4,7.4,0.0,0.0,0.0,0.0,0.0,1.0,1.0,0.0,1.0,0.0,0.0,0.0,8.0,6.0,0.0,0.0,0.0,0.0,0.0,0.0,0.0,0.0,2.0,12.0,1.0,12.08,5.01,2.51,1.49,-2.3000000000000003,0.3,2.3000000000000003,301.0,-0.1,-12.0,2.3000000000000003,8.700000000000001,-82.7,0.0,0.0,219.7,0.0,22.1,32.1,32.1,35.4,300.0,300.0,29.700000000000003,35.9,33.4,32.9,35.300000000000004,4.96,2.0,4.96,0.17,0.0,0.0,1027.0,8228.0,0.0,0.0,0.0,0.0,0.0,1.0,0.0,0.0,0.0,-0.001,0.0,-0.8,0.0,-12.1,-12.7,0.0161,16.0,25903.0
2026-07-30T18:58:00.467Z,49.95,49.962,-7.4,7.4,0.0,0.0,0.0,0.0,0.0,1.0,1.0,0.0,1.0,0.0,0.0,0.0,8.0,6.0,0.0,0.0,0.0,0.0,0.0,0.0,0.0,0.0,3.0,12.0,1.0,12.08,5.01,2.51,1.49,-2.3000000000000003,0.3,2.4000000000000004,301.1,-0.1,-12.6,1.1,9.3,-82.7,0.0,0.0,219.6,0.0,22.1,32.1,32.1,35.4,300.0,300.0,29.700000000000003,35.9,33.4,32.9,35.300000000000004,4.95,2.0,4.96,0.16,0.0,0.0,1027.0,8228.0,0.0,0.0,0.0,0.0,0.0,1.0,0.0,0.0,0.0,-0.001,0.0,-0.7000000000000001,0.0,-11.4,-12.8,0.0159,16.0,25903.0
2026-07-30T18:58:00.486Z,49.969,49.974,-7.5,7.4,0.0,0.0,0.0,0.0,0.0,1.0,1.0,0.0,1.0,0.0,0.0,0.0,8.0,6.0,0.0,0.0,0.0,0.0,0.0,0.0,0.0,0.0,4.0,12.0,1.0,12.08,5.01,2.51,1.49,-2.3000000000000003,0.3,2.4000000000000004,301.0,-0.1,-12.0,0.5,9.3,-82.7,0.0,0.0,219.7,0.0,22.1,32.1,32.1,35.4,300.0,300.0,29.700000000000003,35.9,33.4,32.9,35.300000000000004,4.96,2.0,4.96,0.16,0.0,0.0,1027.0,8228.0,0.0,0.0,0.0,0.0,0.0,1.0,0.0,0.0,0.0,-0.001,0.0,-1.2000000000000002,0.0,-11.0,-12.8,0.0161,16.0,25903.0
2026-07-30T18:58:00.491Z,49.974,49.986,-7.5,7.4,0.0,0.0,0.0,0.0,0.0,1.0,1.0,0.0,1.0,0.0,0.0,0.0,8.0,6.0,0.0,0.0,0.0,0.0,0.0,0.0,0.0,0.0,2.0,12.0,1.0,12.05,5.0200000000000005,2.5,1.49,-2.3000000000000003,0.2,2.3000000000000003,301.1,-0.1,-11.4,2.3000000000000003,9.3,-82.7,0.0,0.0,219.8,0.0,22.3,32.2,32.2,35.4,300.0,300.0,29.6,36.0,33.4,32.9,35.300000000000004,4.96,2.0,4.96,0.16,0.0,0.0,1027.0,8228.0,0.0,0.0,0.0,0.0,0.0,1.0,0.0,0.0,0.0,-0.001,0.0,0.2,0.0,-12.3,-12.7,0.016,16.0,25903.0
2026-07-30T18:58:00.503Z,49.986,49.998,-7.5,7.4,0.0,0.0,0.0,0.0,0.0,1.0,1.0,0.0,1.0,0.0,0.0,0.0,8.0,6.0,0.0,0.0,0.0,0.0,0.0,0.0,0.0,0.0,3.0,12.0,1.0,12.05,5.0200000000000005,2.5,1.49,-2.3000000000000003,0.3,2.3000000000000003,301.1,-0.1,-12.0,1.1,8.700000000000001,-82.7,0.0,0.0,219.8,0.0,22.3,32.2,32.2,35.4,300.0,300.0,29.6,36.0,33.4,32.9,35.300000000000004,4.95,2.0,4.96,0.16,0.0,0.0,1027.0,8228.0,0.0,0.0,0.0,0.0,0.0,1.0,0.0,0.0,0.0,-0.001,0.0,-0.6000000000000001,0.0,-10.7,-12.7,0.0156,16.0,25903.0
2026-07-30T18:58:00.515Z,49.998,50.01,-7.4,7.4,0.0,0.0,0.0,0.0,0.0,1.0,1.0,0.0,1.0,0.0,0.0,0.0,8.0,6.0,0.0,0.0,0.0,0.0,0.0,0.0,0.0,0.0,4.0,12.0,1.0,12.05,5.0200000000000005,2.5,1.49,-2.2,0.2,2.2,301.0,-0.1,-10.9,2.3000000000000003,10.4,-82.7,0.0,0.0,219.9,0.0,22.3,32.2,32.2,35.4,300.0,300.0,29.6,36.0,33.4,32.9,35.300000000000004,4.95,2.0,4.97,0.16,0.0,0.0,1027.0,8228.0,0.0,0.0,0.0,0.0,0.0,1.0,0.0,0.0,0.0,-0.001,0.0,0.0,0.0,-13.6,-12.7,0.0158,16.0,25903.0
2026-07-30T18:58:00.527Z,50.01,50.022,-7.4,7.4,0.0,0.0,0.0,0.0,0.0,1.0,1.0,0.0,1.0,0.0,0.0,0.0,8.0,6.0,0.0,0.0,0.0,0.0,0.0,0.0,0.0,0.0,5.0,12.0,1.0,12.05,5.0200000000000005,2.5,1.49,-2.2,0.2,2.2,301.1,-0.1,-12.0,3.5,11.0,-82.80000000000001,0.0,0.0,219.9,0.0,22.3,32.2,32.2,35.4,300.0,300.0,29.6,36.0,33.4,32.9,35.300000000000004,4.95,2.0,4.96,0.16,0.0,0.0,1027.0,8228.0,0.0,0.0,0.0,0.0,0.0,1.0,0.0,0.0,0.0,-0.001,0.0,0.9,0.0,-15.1,-12.8,0.0153,16.0,25903.0
2026-07-30T18:58:00.539Z,50.022,50.034,-7.5,7.4,0.0,0.0,0.0,0.0,0.0,1.0,1.0,0.0,1.0,0.0,0.0,0.0,8.0,6.0,0.0,0.0,0.0,0.0,0.0,0.0,0.0,0.0,6.0,12.0,1.0,12.05,5.0200000000000005,2.5,1.49,-2.2,0.2,2.2,301.1,-0.1,-10.9,2.9000000000000004,10.4,-82.80000000000001,0.0,0.0,219.8,0.0,22.3,32.2,32.2,35.4,300.0,300.0,29.6,36.0,33.4,32.9,35.300000000000004,4.95,2.0,4.96,0.16,0.0,0.0,1027.0,8228.0,0.0,0.0,0.0,0.0,0.0,1.0,0.0,0.0,0.0,-0.001,0.0,0.5,0.0,-14.0,-12.8,0.0149,16.0,25903.0
2026-07-30T18:58:00.551Z,50.034,50.046,-7.4,7.4,0.0,0.0,0.0,0.0,0.0,1.0,1.0,0.0,1.0,0.0,0.0,0.0,8.0,6.0,0.0,0.0,0.0,0.0,0.0,0.0,0.0,0.0,2.0,12.0,1.0,12.05,5.0200000000000005,2.5,1.49,-2.3000000000000003,0.2,2.3000000000000003,301.0,-0.1,-10.9,2.9000000000000004,9.3,-82.7,0.0,0.0,219.8,0.0,22.3,32.2,32.2,35.4,300.0,300.0,29.6,36.0,33.4,32.9,35.300000000000004,4.95,1.99,4.96,0.16,0.0,0.0,1027.0,8228.0,0.0,0.0,0.0,0.0,0.0,1.0,0.0,0.0,0.0,-0.001,0.0,0.7000000000000001,0.0,-12.7,-12.7,0.0151,16.0,25903.0
2026-07-30T18:58:00.563Z,50.046,50.058,-7.4,7.4,0.0,0.0,0.0,0.0,0.0,1.0,1.0,0.0,1.0,0.0,0.0,0.0,8.0,6.0,0.0,0.0,0.0,0.0,0.0,0.0,0.0,0.0,3.0,12.0,1.0,12.05,5.0200000000000005,2.5,1.49,-2.3000000000000003,0.2,2.3000000000000003,301.0,-0.1,-10.9,2.3000000000000003,9.9,-82.7,0.0,0.0,219.7,0.0,22.3,32.2,32.2,35.4,300.0,300.0,29.6,36.0,33.4,32.9,35.300000000000004,4.96,1.99,4.96,0.17,0.0,0.0,1027.0,8228.0,0.0,0.0,0.0,0.0,0.0,1.0,0.0,0.0,0.0,-0.001,0.0,0.1,0.0,-12.9,-12.8,0.0155,16.0,25903.0
2026-07-30T18:58:00.576Z,50.059,50.07,-7.4,7.4,0.0,0.0,0.0,0.0,0.0,1.0,1.0,0.0,1.0,0.0,0.0,0.0,8.0,6.0,0.0,0.0,0.0,0.0,0.0,0.0,0.0,0.0,4.0,12.0,1.0,12.05,5.0200000000000005,2.5,1.49,-2.2,0.2,2.2,301.1,-0.1,-11.4,2.9000000000000004,10.4,-82.80000000000001,0.0,0.0,219.8,0.0,22.3,32.2,32.2,35.4,300.0,300.0,29.6,36.0,33.4,32.9,35.300000000000004,4.96,2.0,4.97,0.17,0.0,0.0,1027.0,8228.0,0.0,0.0,0.0,0.0,0.0,1.0,0.0,0.0,0.0,-0.001,0.0,0.5,0.0,-14.0,-12.8,0.0155,16.0,25903.0
2026-07-30T18:58:00.588Z,50.071,50.082,-7.5,7.4,0.0,0.0,0.0,0.0,0.0,1.0,1.0,0.0,1.0,0.0,0.0,0.0,8.0,6.0,0.0,0.0,0.0,0.0,0.0,0.0,0.0,0.0,4.0,12.0,1.0,12.05,5.01,2.5,1.49,-2.2,0.2,2.2,301.0,-0.1,-11.4,2.9000000000000004,9.9,-82.80000000000001,0.0,0.0,219.9,0.0,22.1,32.2,32.2,35.4,300.0,300.0,29.6,36.0,33.4,33.0,35.300000000000004,4.96,2.0,4.96,0.16,0.0,0.0,1027.0,8228.0,0.0,0.0,0.0,0.0,0.0,1.0,0.0,0.0,0.0,-0.001,0.0,0.6000000000000001,0.0,-13.4,-12.8,0.0152,16.0,25903.0
2026-07-30T18:58:00.599Z,50.082,50.094,-7.4,7.4,0.0,0.0,0.0,0.0,0.0,1.0,1.0,0.0,1.0,0.0,0.0,0.0,8.0,6.0,0.0,0.0,0.0,0.0,0.0,0.0,0.0,0.0,6.0,12.0,1.0,12.05,5.01,2.5,1.49,-2.2,0.2,2.2,301.1,-0.1,-11.4,3.5,10.4,-82.80000000000001,0.0,0.0,219.9,0.0,22.1,32.2,32.2,35.4,300.0,300.0,29.6,36.0,33.4,33.0,35.300000000000004,4.96,2.0,4.96,0.16,0.0,0.0,1027.0,8228.0,0.0,0.0,0.0,0.0,0.0,1.0,0.0,0.0,0.0,-0.001,0.0,1.0,0.0,-14.5,-12.7,0.0153,16.0,25903.0
2026-07-30T18:58:00.611Z,50.094,50.106,-7.4,7.4,0.0,0.0,0.0,0.0,0.0,1.0,1.0,0.0,1.0,0.0,0.0,0.0,8.0,6.0,0.0,0.0,0.0,0.0,0.0,0.0,0.0,0.0,1.0,12.0,1.0,12.05,5.01,2.5,1.49,-2.3000000000000003,0.3,2.3000000000000003,300.90000000000003,-0.1,-10.9,1.7000000000000002,9.9,-82.80000000000001,0.0,0.0,219.9,0.0,22.1,32.2,32.2,35.4,300.0,300.0,29.6,36.0,33.4,33.0,35.300000000000004,4.96,2.0,4.96,0.17,0.0,0.0,1027.0,8228.0,0.0,0.0,0.0,0.0,0.0,1.0,0.0,0.0,0.0,-0.001,0.0,-0.4,0.0,-12.5,-12.8,0.0151,16.0,25903.0
2026-07-30T18:58:00.623Z,50.106,50.118,-7.5,7.4,0.0,0.0,0.0,0.0,0.0,1.0,1.0,0.0,1.0,0.0,0.0,0.0,8.0,6.0,0.0,0.0,0.0,0.0,0.0,0.0,0.0,0.0,2.0,12.0,1.0,12.05,5.01,2.5,1.49,-2.3000000000000003,0.3,2.3000000000000003,301.1,-0.1,-10.9,1.1,9.9,-82.80000000000001,0.0,0.0,219.8,0.0,22.1,32.2,32.2,35.4,300.0,300.0,29.6,36.0,33.4,33.0,35.300000000000004,4.95,2.0,4.96,0.17,0.0,0.0,1027.0,8228.0,0.0,0.0,0.0,0.0,0.0,1.0,0.0,0.0,0.0,-0.001,0.0,-0.9,0.0,-12.1,-12.8,0.0156,16.0,25903.0
2026-07-30T18:58:00.635Z,50.118,50.13,-7.5,7.4,0.0,0.0,0.0,0.0,0.0,1.0,1.0,0.0,1.0,0.0,0.0,0.0,8.0,6.0,0.0,0.0,0.0,0.0,0.0,0.0,0.0,0.0,3.0,12.0,1.0,12.05,5.01,2.5,1.49,-2.2,0.2,2.2,301.1,-0.1,-12.0,2.3000000000000003,11.6,-82.80000000000001,0.0,0.0,219.7,0.0,22.1,32.2,32.2,35.4,300.0,300.0,29.6,36.0,33.4,33.0,35.300000000000004,4.95,1.99,4.96,0.17,0.0,0.0,1027.0,8228.0,0.0,0.0,0.0,0.0,0.0,1.0,0.0,0.0,0.0,-0.001,0.0,-0.1,0.0,-14.9,-12.8,0.0157,16.0,25903.0
2026-07-30T18:58:00.646Z,50.129,50.142,-7.5,7.4,0.0,0.0,0.0,0.0,0.0,1.0,1.0,0.0,1.0,0.0,0.0,0.0,8.0,6.0,0.0,0.0,0.0,0.0,0.0,0.0,0.0,0.0,4.0,12.0,1.0,12.05,5.01,2.5,1.49,-2.2,0.2,2.2,301.0,-0.1,-11.4,2.3000000000000003,9.9,-82.80000000000001,0.0,0.0,219.8,0.0,22.1,32.2,32.2,35.4,300.0,300.0,29.6,36.0,33.4,33.0,35.300000000000004,4.95,2.0,4.96,0.16,0.0,0.0,1027.0,8228.0,0.0,0.0,0.0,0.0,0.0,1.0,0.0,0.0,0.0,-0.001,0.0,0.1,0.0,-12.9,-12.7,0.015,16.0,25903.0
2026-07-30T18:58:00.659Z,50.142,50.154,-7.5,7.4,0.0,0.0,0.0,0.0,0.0,1.0,1.0,0.0,1.0,0.0,0.0,0.0,8.0,6.0,0.0,0.0,0.0,0.0,0.0,0.0,0.0,0.0,5.0,12.0,1.0,12.05,5.01,2.5,1.49,-2.1,0.2,2.1,301.1,-0.1,-10.9,4.0,12.2,-82.80000000000001,0.0,0.0,219.8,0.0,22.1,32.2,32.2,35.4,300.0,300.0,29.6,36.0,33.4,33.0,35.300000000000004,4.95,2.0,4.96,0.16,0.0,0.0,1027.0,8228.0,0.0,0.0,0.0,0.0,0.0,1.0,0.0,0.0,0.0,-0.001,0.0,1.2000000000000002,0.0,-16.900000000000002,-12.7,0.0153,16.0,25903.0
2026-07-30T18:58:00.671Z,50.154,50.166,-7.5,7.4,0.0,0.0,0.0,0.0,0.0,1.0,1.0,0.0,1.0,0.0,0.0,0.0,8.0,6.0,0.0,0.0,0.0,0.0,0.0,0.0,0.0,0.0,6.0,12.0,1.0,12.05,5.01,2.5,1.49,-2.2,0.3,2.3000000000000003,301.1,-0.1,-11.4,1.7000000000000002,9.3,-82.80000000000001,0.0,0.0,219.8,0.0,22.1,32.2,32.2,35.4,300.0,300.0,29.6,36.0,33.4,33.0,35.300000000000004,4.95,2.0,4.96,0.16,0.0,0.0,1027.0,8228.0,0.0,0.0,0.0,0.0,0.0,1.0,0.0,0.0,0.0,-0.001,0.0,-0.2,0.0,-11.8,-12.7,0.0143,16.0,25903.0
2026-07-30T18:58:00.683Z,50.166,50.178,-7.4,7.4,0.0,0.0,0.0,0.0,0.0,1.0,1.0,0.0,1.0,0.0,0.0,0.0,8.0,6.0,0.0,0.0,0.0,0.0,0.0,0.0,0.0,0.0,1.0,12.0,1.0,12.05,5.01,2.5,1.49,-2.3000000000000003,0.3,2.3000000000000003,301.0,-0.1,-12.0,1.7000000000000002,9.3,-82.7,0.0,0.0,219.8,0.0,22.1,32.2,32.2,35.4,300.0,300.0,29.6,36.0,33.4,33.0,35.300000000000004,4.95,2.0,4.96,0.16,0.0,0.0,1027.0,8228.0,0.0,0.0,0.0,0.0,0.0,1.0,0.0,0.0,0.0,-0.001,0.0,-0.2,0.0,-11.8,-12.6,0.0154,16.0,25903.0
2026-07-30T18:58:00.695Z,50.178,50.19,-7.4,7.4,0.0,0.0,0.0,0.0,0.0,1.0,1.0,0.0,1.0,0.0,0.0,0.0,8.0,6.0,0.0,0.0,0.0,0.0,0.0,0.0,0.0,0.0,2.0,12.0,1.0,12.05,5.01,2.51,1.49,-2.2,0.2,2.3000000000000003,301.1,-0.1,-13.2,2.3000000000000003,9.9,-82.7,0.0,0.0,219.8,0.0,22.200000000000003,32.2,32.2,35.4,300.0,300.0,29.700000000000003,36.1,33.4,33.0,35.300000000000004,4.96,2.0,4.96,0.16,0.0,0.0,1027.0,8228.0,0.0,0.0,0.0,0.0,0.0,1.0,0.0,0.0,0.0,-0.001,0.0,0.1,0.0,-12.9,-12.7,0.0155,16.0,25903.0
2026-07-30T18:58:00.707Z,50.19,50.202,-7.4,7.4,0.0,0.0,0.0,0.0,0.0,1.0,1.0,0.0,1.0,0.0,0.0,0.0,8.0,6.0,0.0,0.0,0.0,0.0,0.0,0.0,0.0,0.0,2.0,12.0,1.0,12.05,5.01,2.51,1.49,-2.3000000000000003,0.3,2.4000000000000004,301.1,0.0,-12.0,1.1,8.700000000000001,-82.7,0.0,0.0,219.7,0.0,22.200000000000003,32.2,32.2,35.4,300.0,300.0,29.700000000000003,36.1,33.4,33.0,35.300000000000004,4.96,2.0,4.96,0.16,0.0,0.0,1027.0,8228.0,0.0,0.0,0.0,0.0,0.0,1.0,0.0,0.0,0.0,-0.001,0.0,-0.6000000000000001,0.0,-10.8,-12.8,0.0153,16.0,25903.0
2026-07-30T18:58:00.719Z,50.202,50.214,-7.4,7.4,0.0,0.0,0.0,0.0,0.0,1.0,1.0,0.0,1.0,0.0,0.0,0.0,8.0,6.0,0.0,0.0,0.0,0.0,0.0,0.0,0.0,0.0,3.0,12.0,1.0,12.05,5.01,2.51,1.49,-2.4000000000000004,0.3,2.4000000000000004,301.0,-0.1,-13.8,0.0,8.700000000000001,-82.7,0.0,0.0,219.7,0.0,22.200000000000003,32.2,32.2,35.4,300.0,300.0,29.700000000000003,36.1,33.4,33.0,35.300000000000004,4.95,2.0,4.96,0.16,0.0,0.0,1027.0,8228.0,0.0,0.0,0.0,0.0,0.0,1.0,0.0,0.0,0.0,-0.001,0.0,-1.7000000000000002,0.0,-9.9,-12.9,0.016,16.0,25903.0
2026-07-30T18:58:00.731Z,50.214,50.226,-7.4,7.4,0.0,0.0,0.0,0.0,0.0,1.0,1.0,0.0,1.0,0.0,0.0,0.0,8.0,6.0,0.0,0.0,0.0,0.0,0.0,0.0,0.0,0.0,5.0,12.0,1.0,12.05,5.01,2.51,1.49,-2.4000000000000004,0.3,2.4000000000000004,301.0,-0.1,-13.8,0.5,7.5,-82.7,0.0,0.0,219.6,0.0,22.200000000000003,32.2,32.2,35.4,300.0,300.0,29.700000000000003,36.1,33.4,33.0,35.300000000000004,4.95,2.0,4.97,0.16,0.0,0.0,1027.0,8228.0,0.0,0.0,0.0,0.0,0.0,1.0,0.0,0.0,0.0,-0.001,0.0,-0.9,0.0,-9.0,-12.9,0.0163,16.0,25903.0
2026-07-30T18:58:00.743Z,50.226,50.238,-7.5,7.4,0.0,0.0,0.0,0.0,0.0,1.0,1.0,0.0,1.0,0.0,0.0,0.0,8.0,6.0,0.0,0.0,0.0,0.0,0.0,0.0,0.0,0.0,5.0,12.0,1.0,12.05,5.01,2.51,1.49,-2.3000000000000003,0.3,2.3000000000000003,301.1,-0.1,-12.6,1.1,8.700000000000001,-82.7,0.0,0.0,219.8,0.0,22.200000000000003,32.2,32.2,35.4,300.0,300.0,29.700000000000003,36.1,33.4,33.0,35.300000000000004,4.95,2.0,4.97,0.16,0.0,0.0,1027.0,8228.0,0.0,0.0,0.0,0.0,0.0,1.0,0.0,0.0,0.0,-0.001,0.0,-0.6000000000000001,0.0,-10.7,-12.8,0.0165,16.0,25903.0
2026-07-30T18:58:00.755Z,50.238,50.25,-7.4,7.4,0.0,0.0,0.0,0.0,0.0,1.0,1.0,0.0,1.0,0.0,0.0,0.0,8.0,6.0,0.0,0.0,0.0,0.0,0.0,0.0,0.0,0.0,6.0,12.0,1.0,12.05,5.01,2.51,1.49,-2.3000000000000003,0.3,2.3000000000000003,301.0,-0.1,-13.2,1.7000000000000002,9.3,-82.7,0.0,0.0,219.8,0.0,22.200000000000003,32.2,32.2,35.4,300.0,300.0,29.700000000000003,36.1,33.4,33.0,35.300000000000004,4.95,2.0,4.96,0.16,0.0,0.0,1027.0,8228.0,0.0,0.0,0.0,0.0,0.0,1.0,0.0,0.0,0.0,-0.001,0.0,-0.2,0.0,-11.8,-12.8,0.0159,16.0,25903.0
2026-07-30T18:58:00.767Z,50.25,50.262,-7.4,7.4,0.0,0.0,0.0,0.0,0.0,1.0,1.0,0.0,1.0,0.0,0.0,0.0,8.0,6.0,0.0,0.0,0.0,0.0,0.0,0.0,0.0,0.0,1.0,12.0,1.0,12.05,5.01,2.51,1.49,-2.4000000000000004,0.3,2.4000000000000004,301.1,-0.1,-12.0,0.5,6.9,-82.7,0.0,0.0,219.8,0.0,22.200000000000003,32.2,32.2,35.4,300.0,300.0,29.700000000000003,36.1,33.4,33.0,35.300000000000004,4.96,2.0,4.96,0.16,0.0,0.0,1027.0,8228.0,0.0,0.0,0.0,0.0,0.0,1.0,0.0,0.0,0.0,-0.001,0.0,-0.8,0.0,-8.3,-12.8,0.0157,16.0,25903.0
2026-07-30T18:58:00.778Z,50.261,50.274,-7.4,7.4,0.0,0.0,0.0,0.0,0.0,1.0,1.0,0.0,1.0,0.0,0.0,0.0,8.0,6.0,0.0,0.0,0.0,0.0,0.0,0.0,0.0,0.0,3.0,12.0,1.0,12.05,5.01,2.51,1.49,-2.3000000000000003,0.2,2.3000000000000003,301.1,-0.1,-12.6,3.5,8.700000000000001,-82.7,0.0,0.0,219.7,0.0,22.200000000000003,32.2,32.2,35.4,300.0,300.0,29.700000000000003,36.1,33.4,33.0,35.300000000000004,4.96,2.0,4.97,0.16,0.0,0.0,1027.0,8228.0,0.0,0.0,0.0,0.0,0.0,1.0,0.0,0.0,0.0,-0.001,0.0,1.4,0.0,-12.5,-12.8,0.0166,16.0,25903.0
2026-07-30T18:58:00.791Z,50.274,50.286,-7.4,7.4,0.0,0.0,0.0,0.0,0.0,1.0,1.0,0.0,1.0,0.0,0.0,0.0,8.0,6.0,0.0,0.0,0.0,0.0,0.0,0.0,0.0,0.0,4.0,12.0,1.0,12.05,5.0200000000000005,2.5,1.49,-2.3000000000000003,0.2,2.3000000000000003,301.0,-0.1,-12.0,3.5,9.3,-82.7,0.0,0.0,219.6,0.0,21.700000000000003,32.2,32.2,35.5,300.0,300.0,29.6,36.0,33.4,33.0,35.300000000000004,4.95,1.99,4.97,0.16,0.0,0.0,1027.0,8228.0,0.0,0.0,0.0,0.0,0.0,1.0,0.0,0.0,0.0,-0.001,0.0,1.3,0.0,-13.1,-12.8,0.0157,16.0,25903.0
2026-07-30T18:58:00.805Z,50.288,50.298,-7.5,7.4,0.0,0.0,0.0,0.0,0.0,1.0,1.0,0.0,1.0,0.0,0.0,0.0,8.0,6.0,0.0,0.0,0.0,0.0,0.0,0.0,0.0,0.0,4.0,12.0,1.0,12.05,5.0200000000000005,2.5,1.49,-2.3000000000000003,0.3,2.3000000000000003,301.1,-0.1,-12.0,1.7000000000000002,10.4,-82.7,0.0,0.0,219.6,0.0,21.700000000000003,32.2,32.2,35.5,300.0,300.0,29.6,36.0,33.4,33.0,35.300000000000004,4.96,1.99,4.96,0.16,0.0,0.0,1027.0,8228.0,0.0,0.0,0.0,0.0,0.0,1.0,0.0,0.0,0.0,-0.001,0.0,-0.4,0.0,-13.2,-12.9,0.0157,16.0,25903.0
2026-07-30T18:58:00.815Z,50.298,50.31,-7.5,7.4,0.0,0.0,0.0,0.0,0.0,1.0,1.0,0.0,1.0,0.0,0.0,0.0,8.0,6.0,0.0,0.0,0.0,0.0,0.0,0.0,0.0,0.0,3.0,12.0,1.0,12.05,5.0200000000000005,2.5,1.49,-2.3000000000000003,0.3,2.3000000000000003,301.1,-0.1,-12.0,1.7000000000000002,10.4,-82.7,0.0,0.0,219.6,0.0,21.700000000000003,32.2,32.2,35.5,300.0,300.0,29.6,36.0,33.4,33.0,35.300000000000004,4.95,2.0,4.96,0.16,0.0,0.0,1027.0,8228.0,0.0,0.0,0.0,0.0,0.0,1.0,0.0,0.0,0.0,-0.001,0.0,-0.4,0.0,-13.2,-12.8,0.0156,16.0,25903.0
2026-07-30T18:58:00.827Z,50.31,50.322,-7.5,7.4,0.0,0.0,0.0,0.0,0.0,1.0,1.0,0.0,1.0,0.0,0.0,0.0,8.0,6.0,0.0,0.0,0.0,0.0,0.0,0.0,0.0,0.0,3.0,12.0,1.0,12.05,5.0200000000000005,2.5,1.49,-2.2,0.2,2.2,301.0,-0.1,-11.4,3.5,9.9,-82.7,0.0,0.0,219.7,0.0,21.700000000000003,32.2,32.2,35.5,300.0,300.0,29.6,36.0,33.4,33.0,35.300000000000004,4.95,2.0,4.97,0.16,0.0,0.0,1027.0,8228.0,0.0,0.0,0.0,0.0,0.0,1.0,0.0,0.0,0.0,-0.001,0.0,1.1,0.0,-13.8,-12.7,0.0154,16.0,25903.0
2026-07-30T18:58:00.839Z,50.322,50.334,-7.4,7.4,0.0,0.0,0.0,0.0,0.0,1.0,1.0,0.0,1.0,0.0,0.0,0.0,8.0,6.0,0.0,0.0,0.0,0.0,0.0,0.0,0.0,0.0,5.0,12.0,1.0,12.05,5.0200000000000005,2.5,1.49,-2.2,0.2,2.2,301.0,-0.1,-10.9,3.5,11.0,-82.7,0.0,0.0,219.6,0.0,21.700000000000003,32.2,32.2,35.5,300.0,300.0,29.6,36.0,33.4,33.0,35.300000000000004,4.95,2.0,4.97,0.16,0.0,0.0,1027.0,8228.0,0.0,0.0,0.0,0.0,0.0,1.0,0.0,0.0,0.0,-0.001,0.0,0.9,0.0,-15.1,-12.7,0.0152,16.0,25903.0
2026-07-30T18:58:00.851Z,50.334,50.346,-7.5,7.4,0.0,0.0,0.0,0.0,0.0,1.0,1.0,0.0,1.0,0.0,0.0,0.0,8.0,6.0,0.0,0.0,0.0,0.0,0.0,0.0,0.0,0.0,6.0,12.0,1.0,12.05,5.0200000000000005,2.5,1.49,-2.2,0.2,2.2,301.0,-0.1,-10.9,2.9000000000000004,10.4,-82.7,0.0,0.0,219.7,0.0,21.700000000000003,32.2,32.2,35.5,300.0,300.0,29.6,36.0,33.4,33.0,35.300000000000004,4.96,2.0,4.96,0.16,0.0,0.0,1027.0,8228.0,0.0,0.0,0.0,0.0,0.0,1.0,0.0,0.0,0.0,-0.001,0.0,0.5,0.0,-14.0,-12.8,0.0151,16.0,25903.0
2026-07-30T18:58:00.863Z,50.346,50.358,-7.5,7.4,0.0,0.0,0.0,0.0,0.0,1.0,1.0,0.0,1.0,0.0,0.0,0.0,8.0,6.0,0.0,0.0,0.0,0.0,0.0,0.0,0.0,0.0,1.0,12.0,1.0,12.05,5.0200000000000005,2.5,1.49,-2.2,0.3,2.2,301.1,-0.1,-10.3,2.3000000000000003,10.4,-82.7,0.0,0.0,219.7,0.0,21.700000000000003,32.2,32.2,35.5,300.0,300.0,29.6,36.0,33.4,33.0,35.300000000000004,4.95,2.0,4.96,0.16,0.0,0.0,1027.0,8228.0,0.0,0.0,0.0,0.0,0.0,1.0,0.0,0.0,0.0,-0.001,0.0,0.0,0.0,-13.6,-12.7,0.0153,16.0,25903.0
2026-07-30T18:58:00.875Z,50.358,50.370000000000005,-7.5,7.4,0.0,0.0,0.0,0.0,0.0,1.0,1.0,0.0,1.0,0.0,0.0,0.0,8.0,6.0,0.0,0.0,0.0,0.0,0.0,0.0,0.0,0.0,2.0,12.0,1.0,12.05,5.0200000000000005,2.5,1.49,-2.2,0.2,2.2,301.1,-0.1,-10.3,2.9000000000000004,10.4,-82.7,0.0,0.0,219.7,0.0,21.700000000000003,32.2,32.2,35.5,300.0,300.0,29.6,36.0,33.4,33.0,35.300000000000004,4.95,1.99,4.96,0.16,0.0,0.0,1027.0,8228.0,0.0,0.0,0.0,0.0,0.0,1.0,0.0,0.0,0.0,-0.001,0.0,0.5,0.0,-14.0,-12.7,0.0159,16.0,25903.0
2026-07-30T18:58:00.888Z,50.371,50.382,-7.4,7.4,0.0,0.0,0.0,0.0,0.0,1.0,1.0,0.0,1.0,0.0,0.0,0.0,8.0,6.0,0.0,0.0,0.0,0.0,0.0,0.0,0.0,0.0,2.0,12.0,1.0,12.05,5.0200000000000005,2.5,1.49,-2.2,0.2,2.3000000000000003,300.90000000000003,-0.1,-12.0,2.9000000000000004,9.9,-82.60000000000001,0.0,0.0,219.7,0.0,21.700000000000003,32.2,32.2,35.5,300.0,300.0,29.6,36.0,33.4,33.0,35.300000000000004,4.96,2.0,4.96,0.16,0.0,0.0,1027.0,8228.0,0.0,0.0,0.0,0.0,0.0,1.0,0.0,0.0,0.0,-0.001,0.0,0.6000000000000001,0.0,-13.4,-12.7,0.0156,16.0,25903.0
2026-07-30T18:58:00.899Z,50.382,50.394,-7.4,7.4,0.0,0.0,0.0,0.0,0.0,1.0,1.0,0.0,1.0,0.0,0.0,0.0,8.0,6.0,0.0,0.0,0.0,0.0,0.0,0.0,0.0,0.0,3.0,12.0,1.0,12.06,5.01,2.5,1.49,-2.2,0.2,2.2,301.0,-0.1,-10.9,3.5,11.6,-82.7,0.0,0.0,219.7,0.0,22.200000000000003,32.2,32.2,35.5,300.0,300.0,29.700000000000003,35.9,33.5,33.0,35.300000000000004,4.95,2.0,4.96,0.16,0.0,0.0,1027.0,8228.0,0.0,0.0,0.0,0.0,0.0,1.0,0.0,0.0,0.0,-0.001,0.0,0.8,0.0,-15.8,-12.8,0.0153,16.0,25903.0
2026-07-30T18:58:00.911Z,50.394,50.406,-7.4,7.4,0.0,0.0,0.0,0.0,0.0,1.0,1.0,0.0,1.0,0.0,0.0,0.0,8.0,6.0,0.0,0.0,0.0,0.0,0.0,0.0,0.0,0.0,3.0,12.0,1.0,12.06,5.01,2.5,1.49,-2.2,0.2,2.2,301.1,-0.1,-11.4,2.3000000000000003,11.6,-82.7,0.0,0.0,219.8,0.0,22.200000000000003,32.2,32.2,35.5,300.0,300.0,29.700000000000003,35.9,33.5,33.0,35.300000000000004,4.95,2.0,4.96,0.16,0.0,0.0,1027.0,8228.0,0.0,0.0,0.0,0.0,0.0,1.0,0.0,0.0,0.0,-0.001,0.0,-0.2,0.0,-14.9,-12.8,0.016,16.0,25903.0
2026-07-30T18:58:00.923Z,50.406,50.418,-7.5,7.4,0.0,0.0,0.0,0.0,0.0,1.0,1.0,0.0,1.0,0.0,0.0,0.0,8.0,6.0,0.0,0.0,0.0,0.0,0.0,0.0,0.0,0.0,5.0,12.0,1.0,12.06,5.01,2.5,1.49,-2.2,0.2,2.2,301.0,-0.1,-10.9,2.9000000000000004,10.4,-82.7,0.0,0.0,219.7,0.0,22.200000000000003,32.2,32.2,35.5,300.0,300.0,29.700000000000003,35.9,33.5,33.0,35.300000000000004,4.95,2.0,4.96,0.16,0.0,0.0,1027.0,8228.0,0.0,0.0,0.0,0.0,0.0,1.0,0.0,0.0,0.0,-0.001,0.0,0.5,0.0,-14.0,-12.8,0.0158,16.0,25903.0
2026-07-30T18:58:00.935Z,50.418,50.43,-7.4,7.4,0.0,0.0,0.0,0.0,0.0,1.0,1.0,0.0,1.0,0.0,0.0,0.0,8.0,6.0,0.0,0.0,0.0,0.0,0.0,0.0,0.0,0.0,6.0,12.0,1.0,12.06,5.01,2.5,1.49,-2.2,0.2,2.2,301.1,-0.1,-11.4,2.9000000000000004,11.0,-82.7,0.0,0.0,219.8,0.0,22.200000000000003,32.2,32.2,35.5,300.0,300.0,29.700000000000003,35.9,33.5,33.0,35.300000000000004,4.95,2.0,4.96,0.16,0.0,0.0,1027.0,8228.0,0.0,0.0,0.0,0.0,0.0,1.0,0.0,0.0,0.0,-0.001,0.0,0.4,0.0,-14.7,-12.8,0.0161,16.0,25903.0
2026-07-30T18:58:00.946Z,50.429,50.442,-7.4,7.4,0.0,0.0,0.0,0.0,0.0,1.0,1.0,0.0,1.0,0.0,0.0,0.0,8.0,6.0,0.0,0.0,0.0,0.0,0.0,0.0,0.0,0.0,2.0,12.0,1.0,12.06,5.01,2.5,1.49,-2.2,0.2,2.3000000000000003,301.1,-0.1,-12.6,2.9000000000000004,10.4,-82.7,0.0,0.0,219.8,0.0,22.200000000000003,32.2,32.2,35.5,300.0,300.0,29.700000000000003,35.9,33.5,33.0,35.300000000000004,4.95,2.0,4.97,0.16,0.0,0.0,1027.0,8228.0,0.0,0.0,0.0,0.0,0.0,1.0,0.0,0.0,0.0,-0.001,0.0,-0.6000000000000001,0.0,-10.7,-12.8,0.0165,16.0,25903.0
2026-07-30T18:58:00.959Z,50.442,50.454,-7.5,7.4,0.0,0.0,0.0,0.0,0.0,1.0,1.0,0.0,1.0,0.0,0.0,0.0,8.0,6.0,0.0,0.0,0.0,0.0,0.0,0.0,0.0,0.0,3.0,12.0,1.0,12.06,5.01,2.5,1.49,-2.4000000000000004,0.3,2.2,301.0,0.0,-12.6,1.7000000000000002,11.0,-82.7,0.0,0.0,219.7,0.0,22.200000000000003,32.2,32.2,35.5,300.0,300.0,29.700000000000003,35.9,33.5,33.0,35.300000000000004,4.95,2.0,4.96,0.16,0.0,0.0,1027.0,8228.0,0.0,0.0,0.0,0.0,0.0,1.0,0.0,0.0,0.0,-0.001,0.0,-0.5,0.0,-10.1,-12.8,0.0161,16.0,25903.0
2026-07-30T18:58:00.970Z,50.453,50.466,-7.5,7.4,0.0,0.0,0.0,0.0,0.0,1.0,1.0,0.0,1.0,0.0,0.0,0.0,8.0,6.0,0.0,0.0,0.0,0.0,0.0,0.0,0.0,0.0,5.0,12.0,1.0,12.06,5.01,2.5,1.49,-2.2,0.2,2.3000000000000003,300.90000000000003,-0.1,-12.0,2.3000000000000003,10.4,-82.7,0.0,0.0,219.7,0.0,22.200000000000003,32.2,32.2,35.5,300.0,300.0,29.700000000000003,35.9,33.5,33.0,35.300000000000004,4.95,2.0,4.96,0.16,0.0,0.0,1027.0,8228.0,0.0,0.0,0.0,0.0,0.0,1.0,0.0,0.0,0.0,-0.001,0.0,0.0,0.0,-13.6,-12.7,0.0161,16.0,25903.0
2026-07-30T18:58:00.983Z,50.466,50.478,-7.4,7.4,0.0,0.0,0.0,0.0,0.0,1.0,1.0,0.0,1.0,0.0,0.0,0.0,8.0,6.0,0.0,0.0,0.0,0.0,0.0,0.0,0.0,0.0,6.0,12.0,1.0,12.06,5.01,2.5,1.49,-2.3000000000000003,0.2,2.3000000000000003,301.0,0.0,-12.0,2.9000000000000004,9.3,-82.7,0.0,0.0,219.7,0.0,22.200000000000003,32.2,32.2,35.5,300.0,300.0,29.700000000000003,35.9,33.5,33.0,35.300000000000004,4.95,2.0,4.96,0.16,0.0,0.0,1027.0,8228.0,0.0,0.0,0.0,0.0,0.0,1.0,0.0,0.0,0.0,-0.001,0.0,0.7000000000000001,0.0,-12.7,-12.8,0.0153,16.0,25903.0
2026-07-30T18:58:00.995Z,50.478,50.49,-7.5,7.4,0.0,0.0,0.0,0.0,0.0,1.0,1.0,0.0,1.0,0.0,0.0,0.0,8.0,6.0,0.0,0.0,0.0,0.0,0.0,0.0,0.0,0.0,2.0,12.0,1.0,12.05,5.0200000000000005,2.51,1.49,-2.3000000000000003,0.2,2.3000000000000003,301.1,-0.1,-12.6,2.3000000000000003,9.3,-82.7,0.0,0.0,219.6,0.0,22.1,32.300000000000004,32.2,35.5,300.0,300.0,29.700000000000003,36.0,33.5,33.0,35.4,4.95,2.0,4.96,0.16,0.0,0.0,1027.0,8228.0,0.0,0.0,0.0,0.0,0.0,1.0,0.0,0.0,0.0,-0.001,0.0,0.2,0.0,-12.3,-12.9,0.0157,16.0,25903.0
2026-07-30T18:58:01.007Z,50.49,50.502,-7.5,7.4,0.0,0.0,0.0,0.0,0.0,1.0,1.0,0.0,1.0,0.0,0.0,0.0,8.0,6.0,0.0,0.0,0.0,0.0,0.0,0.0,0.0,0.0,4.0,12.0,1.0,12.05,5.0200000000000005,2.51,1.49,-2.2,0.2,2.3000000000000003,301.1,-0.1,-12.0,2.3000000000000003,9.9,-82.7,0.0,0.0,219.7,0.0,22.1,32.300000000000004,32.2,35.5,300.0,300.0,29.700000000000003,36.0,33.5,33.0,35.4,4.96,2.0,4.96,0.16,0.0,0.0,1027.0,8228.0,0.0,0.0,0.0,0.0,0.0,1.0,0.0,0.0,0.0,-0.001,0.0,0.1,0.0,-12.9,-12.8,0.0157,16.0,25903.0
2026-07-30T18:58:01.018Z,50.501,50.514,-7.5,7.4,0.0,0.0,0.0,0.0,0.0,1.0,1.0,0.0,1.0,0.0,0.0,0.0,8.0,6.0,0.0,0.0,0.0,0.0,0.0,0.0,0.0,0.0,5.0,12.0,1.0,12.05,5.0200000000000005,2.51,1.49,-2.2,0.2,2.2,301.1,-0.1,-10.9,2.9000000000000004,11.0,-82.60000000000001,0.0,0.0,219.7,0.0,22.1,32.300000000000004,32.2,35.5,300.0,300.0,29.700000000000003,36.0,33.5,33.0,35.4,4.96,2.0,4.97,0.16,0.0,0.0,1027.0,8228.0,0.0,0.0,0.0,0.0,0.0,1.0,0.0,0.0,0.0,-0.001,0.0,0.4,0.0,-14.7,-12.7,0.0154,16.0,25903.0
2026-07-30T18:58:01.031Z,50.514,50.526,-7.4,7.4,0.0,0.0,0.0,0.0,0.0,1.0,1.0,0.0,1.0,0.0,0.0,0.0,8.0,6.0,0.0,0.0,0.0,0.0,0.0,0.0,0.0,0.0,6.0,12.0,1.0,12.05,5.0200000000000005,2.51,1.49,-2.2,0.3,2.3000000000000003,301.0,-0.1,-11.4,2.3000000000000003,10.4,-82.60000000000001,0.0,0.0,219.8,0.0,22.1,32.300000000000004,32.2,35.5,300.0,300.0,29.700000000000003,36.0,33.5,33.0,35.4,4.95,1.99,4.97,0.16,0.0,0.0,1027.0,8228.0,0.0,0.0,0.0,0.0,0.0,1.0,0.0,0.0,0.0,-0.001,0.0,0.0,0.0,-13.6,-12.7,0.0149,16.0,25903.0
2026-07-30T18:58:01.043Z,50.526,50.538,-7.5,7.4,0.0,0.0,0.0,0.0,0.0,1.0,1.0,0.0,1.0,0.0,0.0,0.0,8.0,6.0,0.0,0.0,0.0,0.0,0.0,0.0,0.0,0.0,1.0,12.0,1.0,12.05,5.0200000000000005,2.51,1.49,-2.2,0.2,2.2,301.0,-0.1,-11.4,3.5,10.4,-82.60000000000001,0.0,0.0,219.7,0.0,22.1,32.300000000000004,32.2,35.5,300.0,300.0,29.700000000000003,36.0,33.5,33.0,35.4,4.95,1.99,4.96,0.16,0.0,0.0,1027.0,8228.0,0.0,0.0,0.0,0.0,0.0,1.0,0.0,0.0,0.0,-0.001,0.0,1.0,0.0,-14.5,-12.8,0.0153,16.0,25903.0
2026-07-30T18:58:01.055Z,50.538,50.55,-7.4,7.4,0.0,0.0,0.0,0.0,0.0,1.0,1.0,0.0,1.0,0.0,0.0,0.0,8.0,6.0,0.0,0.0,0.0,0.0,0.0,0.0,0.0,0.0,2.0,12.0,1.0,12.05,5.0200000000000005,2.51,1.49,-2.3000000000000003,0.3,2.3000000000000003,301.1,-0.1,-10.9,1.7000000000000002,9.9,-82.60000000000001,0.0,0.0,219.7,0.0,22.1,32.300000000000004,32.2,35.5,300.0,300.0,29.700000000000003,36.0,33.5,33.0,35.4,4.95,2.0,4.96,0.16,0.0,0.0,1027.0,8228.0,0.0,0.0,0.0,0.0,0.0,1.0,0.0,0.0,0.0,-0.001,0.0,-0.3,0.0,-12.5,-12.7,0.015,16.0,25903.0
2026-07-30T18:58:01.067Z,50.55,50.562,-7.4,7.4,0.0,0.0,0.0,0.0,0.0,1.0,1.0,0.0,1.0,0.0,0.0,0.0,8.0,6.0,0.0,0.0,0.0,0.0,0.0,0.0,0.0,0.0,3.0,12.0,1.0,12.05,5.0200000000000005,2.51,1.49,-2.2,0.3,2.2,301.1,-0.1,-11.4,2.3000000000000003,12.2,-82.60000000000001,0.0,0.0,219.7,0.0,22.1,32.300000000000004,32.2,35.5,300.0,300.0,29.700000000000003,36.0,33.5,33.0,35.4,4.95,2.0,4.97,0.16,0.0,0.0,1027.0,8228.0,0.0,0.0,0.0,0.0,0.0,1.0,0.0,0.0,0.0,-0.001,0.0,-0.3,0.0,-15.6,-12.8,0.0155,16.0,25903.0
2026-07-30T18:58:01.079Z,50.562,50.574,-7.4,7.4,0.0,0.0,0.0,0.0,0.0,1.0,1.0,0.0,1.0,0.0,0.0,0.0,8.0,6.0,0.0,0.0,0.0,0.0,0.0,0.0,0.0,0.0,4.0,12.0,1.0,12.05,5.0200000000000005,2.51,1.49,-2.2,0.2,2.3000000000000003,301.1,-0.1,-12.6,3.5,9.9,-82.60000000000001,0.0,0.0,219.7,0.0,22.1,32.300000000000004,32.2,35.5,300.0,300.0,29.700000000000003,36.0,33.5,33.0,35.4,4.95,2.0,4.97,0.16,0.0,0.0,1027.0,8228.0,0.0,0.0,0.0,0.0,0.0,1.0,0.0,0.0,0.0,-0.001,0.0,1.1,0.0,-13.8,-12.8,0.0148,16.0,25903.0
2026-07-30T18:58:01.091Z,50.574,50.586,-7.4,7.4,0.0,0.0,0.0,0.0,0.0,1.0,1.0,0.0,1.0,0.0,0.0,0.0,8.0,6.0,0.0,0.0,0.0,0.0,0.0,0.0,0.0,0.0,5.0,12.0,1.0,12.05,5.0200000000000005,2.51,1.49,-2.2,0.2,2.2,301.0,-0.1,-10.3,4.0,11.6,-82.60000000000001,0.0,0.0,219.7,0.0,22.1,32.300000000000004,32.2,35.5,300.0,300.0,29.700000000000003,36.0,33.5,33.0,35.4,4.96,2.0,4.96,0.16,0.0,0.0,1027.0,8228.0,0.0,0.0,0.0,0.0,0.0,1.0,0.0,0.0,0.0,-0.001,0.0,1.3,0.0,-16.2,-12.9,0.0154,16.0,25903.0
2026-07-30T18:58:01.103Z,50.586,50.598,-7.5,7.4,0.0,0.0,0.0,0.0,0.0,1.0,1.0,0.0,1.0,0.0,0.0,0.0,8.0,6.0,0.0,0.0,0.0,0.0,0.0,0.0,0.0,0.0,1.0,12.0,1.0,12.06,5.01,2.5,1.49,-2.2,0.2,2.3000000000000003,301.1,-0.1,-12.6,2.3000000000000003,11.0,-82.60000000000001,0.0,0.0,219.6,0.0,22.3,32.300000000000004,32.300000000000004,35.5,300.0,300.0,29.8,36.1,33.5,33.1,35.4,4.95,2.0,4.96,0.16,0.0,0.0,1027.0,8228.0,0.0,0.0,0.0,0.0,0.0,1.0,0.0,0.0,0.0,-0.001,0.0,0.0,0.0,-14.3,-12.9,0.0149,16.0,25903.0
2026-07-30T18:58:01.116Z,50.599,50.61,-7.5,7.4,0.0,0.0,0.0,0.0,0.0,1.0,1.0,0.0,1.0,0.0,0.0,0.0,8.0,6.0,0.0,0.0,0.0,0.0,0.0,0.0,0.0,0.0,2.0,12.0,1.0,12.06,5.01,2.5,1.49,-2.3000000000000003,0.2,2.3000000000000003,301.0,-0.1,-12.0,2.3000000000000003,9.3,-82.60000000000001,0.0,0.0,219.7,0.0,22.3,32.300000000000004,32.300000000000004,35.5,300.0,300.0,29.8,36.1,33.5,33.1,35.4,4.95,2.0,4.96,0.16,0.0,0.0,1027.0,8228.0,0.0,0.0,0.0,0.0,0.0,1.0,0.0,0.0,0.0,-0.001,0.0,0.2,0.0,-12.3,-12.8,0.0153,16.0,25903.0
2026-07-30T18:58:01.127Z,50.61,50.622,-7.5,7.4,0.0,0.0,0.0,0.0,0.0,1.0,1.0,0.0,1.0,0.0,0.0,0.0,8.0,6.0,0.0,0.0,0.0,0.0,0.0,0.0,0.0,0.0,3.0,12.0,1.0,12.06,5.01,2.5,1.49,-2.2,0.2,2.2,301.1,-0.1,-12.0,2.9000000000000004,11.0,-82.60000000000001,0.0,0.0,219.8,0.0,22.3,32.300000000000004,32.300000000000004,35.5,300.0,300.0,29.8,36.1,33.5,33.1,35.4,4.95,2.0,4.96,0.16,0.0,0.0,1027.0,8228.0,0.0,0.0,0.0,0.0,0.0,1.0,0.0,0.0,0.0,-0.001,0.0,0.4,0.0,-14.7,-12.7,0.0156,16.0,25903.0
2026-07-30T18:58:01.138Z,50.621,50.634,-7.5,7.4,0.0,0.0,0.0,0.0,0.0,1.0,1.0,0.0,1.0,0.0,0.0,0.0,8.0,6.0,0.0,0.0,0.0,0.0,0.0,0.0,0.0,0.0,4.0,12.0,1.0,12.06,5.01,2.5,1.49,-2.2,0.2,2.2,301.1,-0.1,-10.9,2.9000000000000004,11.0,-82.7,0.0,0.0,219.9,0.0,22.3,32.300000000000004,32.300000000000004,35.5,300.0,300.0,29.8,36.1,33.5,33.1,35.4,4.96,2.0,4.96,0.16,0.0,0.0,1027.0,8228.0,0.0,0.0,0.0,0.0,0.0,1.0,0.0,0.0,0.0,-0.001,0.0,0.3,0.0,-14.7,-12.7,0.015,16.0,25903.0
2026-07-30T18:58:01.150Z,50.633,50.646,-7.4,7.4,0.0,0.0,0.0,0.0,0.0,1.0,1.0,0.0,1.0,0.0,0.0,0.0,8.0,6.0,0.0,0.0,0.0,0.0,0.0,0.0,0.0,0.0,5.0,12.0,1.0,12.06,5.01,2.5,1.49,-2.3000000000000003,0.3,2.3000000000000003,301.0,0.0,-12.6,0.5,10.4,-82.7,0.0,0.0,219.9,0.0,22.3,32.300000000000004,32.300000000000004,35.5,300.0,300.0,29.8,36.1,33.5,33.1,35.4,4.96,2.0,4.97,0.16,0.0,0.0,1027.0,8228.0,0.0,0.0,0.0,0.0,0.0,1.0,0.0,0.0,0.0,-0.001,0.0,-1.5,0.0,-12.3,-12.7,0.0149,16.0,25903.0
2026-07-30T18:58:01.163Z,50.646,50.658,-7.5,7.4,0.0,0.0,0.0,0.0,0.0,1.0,1.0,0.0,1.0,0.0,0.0,0.0,8.0,6.0,0.0,0.0,0.0,0.0,0.0,0.0,0.0,0.0,6.0,12.0,1.0,12.06,5.01,2.5,1.49,-2.2,0.2,2.2,301.1,-0.1,-10.9,4.0,9.9,-82.7,0.0,0.0,219.8,0.0,22.3,32.300000000000004,32.300000000000004,35.5,300.0,300.0,29.8,36.1,33.5,33.1,35.4,4.96,2.0,4.96,0.16,0.0,0.0,1027.0,8228.0,0.0,0.0,0.0,0.0,0.0,1.0,0.0,0.0,0.0,-0.001,0.0,1.6,0.0,-14.2,-12.8,0.0157,16.0,25903.0
2026-07-30T18:58:01.175Z,50.658,50.67,-7.5,7.4,0.0,0.0,0.0,0.0,0.0,1.0,1.0,0.0,1.0,0.0,0.0,0.0,8.0,6.0,0.0,0.0,0.0,0.0,0.0,0.0,0.0,0.0,1.0,12.0,1.0,12.06,5.01,2.5,1.49,-2.2,0.3,2.2,301.0,-0.1,-11.4,1.7000000000000002,10.4,-82.7,0.0,0.0,219.8,0.0,22.3,32.300000000000004,32.300000000000004,35.5,300.0,300.0,29.8,36.1,33.5,33.1,35.4,4.95,2.0,4.96,0.16,0.0,0.0,1027.0,8228.0,0.0,0.0,0.0,0.0,0.0,1.0,0.0,0.0,0.0,-0.001,0.0,-0.5,0.0,-13.2,-12.7,0.0151,16.0,25903.0
2026-07-30T18:58:01.187Z,50.67,50.682,-7.4,7.4,0.0,0.0,0.0,0.0,0.0,1.0,1.0,0.0,1.0,0.0,0.0,0.0,8.0,6.0,0.0,0.0,0.0,0.0,0.0,0.0,0.0,0.0,2.0,12.0,1.0,12.06,5.01,2.5,1.49,-2.3000000000000003,0.2,2.3000000000000003,301.0,0.0,-12.6,2.3000000000000003,8.700000000000001,-82.7,0.0,0.0,219.8,0.0,22.3,32.300000000000004,32.300000000000004,35.5,300.0,300.0,29.8,36.1,33.5,33.1,35.4,4.95,2.0,4.96,0.16,0.0,0.0,1027.0,8228.0,0.0,0.0,0.0,0.0,0.0,1.0,0.0,0.0,0.0,-0.001,0.0,0.3,0.0,-11.6,-12.7,0.0153,16.0,25903.0
2026-07-30T18:58:01.199Z,50.682,50.694,-7.4,7.4,0.0,0.0,0.0,0.0,0.0,1.0,1.0,0.0,1.0,0.0,0.0,0.0,8.0,6.0,0.0,0.0,0.0,0.0,0.0,0.0,0.0,0.0,3.0,12.0,1.0,12.05,5.01,2.5,1.49,-2.3000000000000003,0.2,2.3000000000000003,301.1,0.0,-12.6,1.7000000000000002,8.700000000000001,-82.7,0.0,0.0,219.9,0.0,21.700000000000003,32.300000000000004,32.300000000000004,35.5,300.0,300.0,29.8,36.2,33.4,33.1,35.4,4.95,1.99,4.96,0.16,0.0,0.0,1027.0,8228.0,0.0,0.0,0.0,0.0,0.0,1.0,0.0,0.0,0.0,-0.001,0.0,-0.1,0.0,-11.2,-12.8,0.0157,16.0,25903.0
2026-07-30T18:58:01.211Z,50.694,50.706,-7.5,7.4,0.0,0.0,0.0,0.0,0.0,1.0,1.0,0.0,1.0,0.0,0.0,0.0,8.0,6.0,0.0,0.0,0.0,0.0,0.0,0.0,0.0,0.0,4.0,12.0,1.0,12.05,5.01,2.5,1.49,-2.3000000000000003,0.3,2.3000000000000003,301.0,-0.1,-13.2,0.5,8.700000000000001,-82.7,0.0,0.0,219.8,0.0,21.700000000000003,32.300000000000004,32.300000000000004,35.5,300.0,300.0,29.8,36.2,33.4,33.1,35.4,4.95,2.0,4.96,0.16,0.0,0.0,1027.0,8228.0,0.0,0.0,0.0,0.0,0.0,1.0,0.0,0.0,0.0,-0.001,0.0,-1.2000000000000002,0.0,-10.3,-12.8,0.0157,16.0,25903.0
2026-07-30T18:58:01.223Z,50.706,50.718,-7.5,7.4,0.0,0.0,0.0,0.0,0.0,1.0,1.0,0.0,1.0,0.0,0.0,0.0,8.0,6.0,0.0,0.0,0.0,0.0,0.0,0.0,0.0,0.0,4.0,12.0,1.0,12.05,5.01,2.5,1.49,-2.4000000000000004,0.3,2.4000000000000004,301.0,-0.1,-12.6,1.1,7.5,-82.7,0.0,0.0,219.8,0.0,21.700000000000003,32.300000000000004,32.300000000000004,35.5,300.0,300.0,29.8,36.2,33.4,33.1,35.4,4.96,2.0,4.96,0.16,0.0,0.0,1027.0,8228.0,0.0,0.0,0.0,0.0,0.0,1.0,0.0,0.0,0.0,-0.001,0.0,-0.4,0.0,-9.4,-12.7,0.0159,16.0,25903.0
2026-07-30T18:58:01.235Z,50.718,50.73,-7.4,7.4,0.0,0.0,0.0,0.0,0.0,1.0,1.0,0.0,1.0,0.0,0.0,0.0,8.0,6.0,0.0,0.0,0.0,0.0,0.0,0.0,0.0,0.0,5.0,12.0,1.0,12.05,5.01,2.5,1.49,-2.2,0.2,2.2,301.1,-0.1,-12.0,2.9000000000000004,11.0,-82.7,0.0,0.0,219.8,0.0,21.700000000000003,32.300000000000004,32.300000000000004,35.5,300.0,300.0,29.8,36.2,33.4,33.1,35.4,4.95,2.0,4.96,0.16,0.0,0.0,1027.0,8228.0,0.0,0.0,0.0,0.0,0.0,1.0,0.0,0.0,0.0,-0.001,0.0,0.4,0.0,-14.7,-12.7,0.0161,16.0,25903.0
2026-07-30T18:58:01.247Z,50.73,50.742,-7.4,7.4,0.0,0.0,0.0,0.0,0.0,1.0,1.0,0.0,1.0,0.0,0.0,0.0,8.0,6.0,0.0,0.0,0.0,0.0,0.0,0.0,0.0,0.0,6.0,12.0,1.0,12.05,5.01,2.5,1.49,-2.2,0.2,2.3000000000000003,300.90000000000003,-0.1,-12.6,1.7000000000000002,9.9,-82.7,0.0,0.0,219.9,0.0,21.700000000000003,32.300000000000004,32.300000000000004,35.5,300.0,300.0,29.8,36.2,33.4,33.1,35.4,4.96,2.0,4.97,0.16,0.0,0.0,1027.0,8228.0,0.0,0.0,0.0,0.0,0.0,1.0,0.0,0.0,0.0,-0.001,0.0,-0.4,0.0,-12.5,-12.8,0.015,16.0,25903.0
2026-07-30T18:58:01.259Z,50.742,50.754,-7.5,7.4,0.0,0.0,0.0,0.0,0.0,1.0,1.0,0.0,1.0,0.0,0.0,0.0,8.0,6.0,0.0,0.0,0.0,0.0,0.0,0.0,0.0,0.0,1.0,12.0,1.0,12.05,5.01,2.5,1.49,-2.3000000000000003,0.2,2.3000000000000003,301.1,-0.1,-12.6,1.7000000000000002,8.700000000000001,-82.7,0.0,0.0,219.8,0.0,21.700000000000003,32.300000000000004,32.300000000000004,35.5,300.0,300.0,29.8,36.2,33.4,33.1,35.4,4.96,2.0,4.97,0.16,0.0,0.0,1027.0,8228.0,0.0,0.0,0.0,0.0,0.0,1.0,0.0,0.0,0.0,-0.001,0.0,-0.1,0.0,-11.2,-12.8,0.0154,16.0,25903.0
2026-07-30T18:58:01.271Z,50.754,50.766,-7.4,7.4,0.0,0.0,0.0,0.0,0.0,1.0,1.0,0.0,1.0,0.0,0.0,0.0,8.0,6.0,0.0,0.0,0.0,0.0,0.0,0.0,0.0,0.0,3.0,12.0,1.0,12.05,5.01,2.5,1.49,-2.2,0.2,2.2,301.1,-0.1,-12.0,2.3000000000000003,11.0,-82.7,0.0,0.0,219.8,0.0,21.700000000000003,32.300000000000004,32.300000000000004,35.5,300.0,300.0,29.8,36.2,33.4,33.1,35.4,4.95,2.0,4.97,0.16,0.0,0.0,1027.0,8228.0,0.0,0.0,0.0,0.0,0.0,1.0,0.0,0.0,0.0,-0.001,0.0,-0.1,0.0,-14.3,-12.7,0.0156,16.0,25903.0
2026-07-30T18:58:01.283Z,50.766,50.778,-7.4,7.4,0.0,0.0,0.0,0.0,0.0,1.0,1.0,0.0,1.0,0.0,0.0,0.0,8.0,6.0,0.0,0.0,0.0,0.0,0.0,0.0,0.0,0.0,3.0,12.0,1.0,12.05,5.01,2.5,1.49,-2.3000000000000003,0.3,2.3000000000000003,301.0,-0.1,-12.0,1.1,9.9,-82.7,0.0,0.0,219.8,0.0,21.700000000000003,32.300000000000004,32.300000000000004,35.5,300.0,300.0,29.8,36.2,33.4,33.1,35.4,4.95,2.0,4.96,0.16,0.0,0.0,1027.0,8228.0,0.0,0.0,0.0,0.0,0.0,1.0,0.0,0.0,0.0,-0.001,0.0,-0.9,0.0,-12.1,-12.8,0.015,16.0,25903.0
2026-07-30T18:58:01.294Z,50.777,50.79,-7.4,7.4,0.0,0.0,0.0,0.0,0.0,1.0,1.0,0.0,1.0,0.0,0.0,0.0,8.0,6.0,0.0,0.0,0.0,0.0,0.0,0.0,0.0,0.0,5.0,12.0,1.0,12.05,5.01,2.5,1.49,-2.3000000000000003,0.2,2.3000000000000003,301.0,-0.1,-10.9,2.9000000000000004,9.3,-82.7,0.0,0.0,219.8,0.0,21.700000000000003,32.300000000000004,32.300000000000004,35.5,300.0,300.0,29.8,36.2,33.4,33.1,35.4,4.96,2.0,4.97,0.16,0.0,0.0,1027.0,8228.0,0.0,0.0,0.0,0.0,0.0,1.0,0.0,0.0,0.0,-0.001,0.0,0.7000000000000001,0.0,-12.7,-12.9,0.0156,16.0,25903.0
2026-07-30T18:58:01.307Z,50.79,50.802,-7.4,7.4,0.0,0.0,0.0,0.0,0.0,1.0,1.0,0.0,1.0,0.0,0.0,0.0,8.0,6.0,0.0,0.0,0.0,0.0,0.0,0.0,0.0,0.0,6.0,12.0,1.0,12.05,5.0200000000000005,2.51,1.49,-2.2,0.2,2.2,301.1,-0.1,-10.3,3.5,11.0,-82.7,0.0,0.0,219.7,0.0,22.1,32.300000000000004,32.300000000000004,35.5,300.0,300.0,29.700000000000003,36.1,33.4,33.1,35.4,4.96,2.0,4.97,0.16,0.0,0.0,1027.0,8228.0,0.0,0.0,0.0,0.0,0.0,1.0,0.0,0.0,0.0,-0.001,0.0,0.9,0.0,-15.1,-12.8,0.0154,16.0,25903.0
2026-07-30T18:58:01.319Z,50.802,50.814,-7.4,7.4,0.0,0.0,0.0,0.0,0.0,1.0,1.0,0.0,1.0,0.0,0.0,0.0,8.0,6.0,0.0,0.0,0.0,0.0,0.0,0.0,0.0,0.0,1.0,12.0,1.0,12.05,5.0200000000000005,2.51,1.49,-2.2,0.2,2.2,301.0,-0.1,-10.9,2.9000000000000004,10.4,-82.7,0.0,0.0,219.7,0.0,22.1,32.300000000000004,32.300000000000004,35.5,300.0,300.0,29.700000000000003,36.1,33.4,33.1,35.4,4.95,2.0,4.97,0.16,0.0,0.0,1027.0,8228.0,0.0,0.0,0.0,0.0,0.0,1.0,0.0,0.0,0.0,-0.001,0.0,0.5,0.0,-14.0,-12.8,0.0149,16.0,25903.0
2026-07-30T18:58:01.331Z,50.814,50.826,-7.4,7.4,0.0,0.0,0.0,0.0,0.0,1.0,1.0,0.0,1.0,0.0,0.0,0.0,8.0,6.0,0.0,0.0,0.0,0.0,0.0,0.0,0.0,0.0,2.0,12.0,1.0,12.05,5.0200000000000005,2.51,1.49,-2.2,0.2,2.2,301.1,-0.1,-11.4,2.9000000000000004,10.4,-82.7,0.0,0.0,219.8,0.0,22.1,32.300000000000004,32.300000000000004,35.5,300.0,300.0,29.700000000000003,36.1,33.4,33.1,35.4,4.96,2.0,4.96,0.16,0.0,0.0,1027.0,8228.0,0.0,0.0,0.0,0.0,0.0,1.0,0.0,0.0,0.0,-0.001,0.0,0.5,0.0,-14.0,-12.8,0.0153,16.0,25903.0
2026-07-30T18:58:01.343Z,50.826,50.838,-7.5,7.4,0.0,0.0,0.0,0.0,0.0,1.0,1.0,0.0,1.0,0.0,0.0,0.0,8.0,6.0,0.0,0.0,0.0,0.0,0.0,0.0,0.0,0.0,3.0,12.0,1.0,12.05,5.0200000000000005,2.51,1.49,-2.2,0.2,2.2,301.1,-0.1,-11.4,2.9000000000000004,10.4,-82.7,0.0,0.0,219.8,0.0,22.1,32.300000000000004,32.300000000000004,35.5,300.0,300.0,29.700000000000003,36.1,33.4,33.1,35.4,4.95,2.0,4.97,0.16,0.0,0.0,1027.0,8228.0,0.0,0.0,0.0,0.0,0.0,1.0,0.0,0.0,0.0,-0.001,0.0,0.5,0.0,-14.0,-12.8,0.0152,16.0,25903.0
2026-07-30T18:58:01.354Z,50.837,50.85,-7.5,7.4,0.0,0.0,0.0,0.0,0.0,1.0,1.0,0.0,1.0,0.0,0.0,0.0,8.0,6.0,0.0,0.0,0.0,0.0,0.0,0.0,0.0,0.0,5.0,12.0,1.0,12.05,5.0200000000000005,2.51,1.49,-2.2,0.2,2.2,301.1,-0.1,-10.9,2.9000000000000004,11.6,-82.7,0.0,0.0,219.7,0.0,22.1,32.300000000000004,32.300000000000004,35.5,300.0,300.0,29.700000000000003,36.1,33.4,33.1,35.4,4.95,2.0,4.96,0.16,0.0,0.0,1027.0,8228.0,0.0,0.0,0.0,0.0,0.0,1.0,0.0,0.0,0.0,-0.001,0.0,0.3,0.0,-15.4,-12.8,0.0152,16.0,25903.0
2026-07-30T18:58:01.367Z,50.85,50.862,-7.5,7.4,0.0,0.0,0.0,0.0,0.0,1.0,1.0,0.0,1.0,0.0,0.0,0.0,8.0,6.0,0.0,0.0,0.0,0.0,0.0,0.0,0.0,0.0,6.0,12.0,1.0,12.05,5.0200000000000005,2.51,1.49,-2.1,0.2,2.1,301.0,-0.1,-10.9,4.0,11.6,-82.7,0.0,0.0,219.7,0.0,22.1,32.300000000000004,32.300000000000004,35.5,300.0,300.0,29.700000000000003,36.1,33.4,33.1,35.4,4.96,2.0,4.96,0.16,0.0,0.0,1027.0,8228.0,0.0,0.0,0.0,0.0,0.0,1.0,0.0,0.0,0.0,-0.001,0.0,1.3,0.0,-16.2,-12.7,0.0149,16.0,25903.0
2026-07-30T18:58:01.379Z,50.862,50.874,-7.4,7.4,0.0,0.0,0.0,0.0,0.0,1.0,1.0,0.0,1.0,0.0,0.0,0.0,8.0,6.0,0.0,0.0,0.0,0.0,0.0,0.0,0.0,0.0,2.0,12.0,1.0,12.05,5.0200000000000005,2.51,1.49,-2.2,0.2,2.2,301.1,-0.1,-10.9,2.9000000000000004,9.9,-82.7,0.0,0.0,219.8,0.0,22.1,32.300000000000004,32.300000000000004,35.5,300.0,300.0,29.700000000000003,36.1,33.4,33.1,35.4,4.95,2.0,4.96,0.16,0.0,0.0,1027.0,8228.0,0.0,0.0,0.0,0.0,0.0,1.0,0.0,0.0,0.0,-0.001,0.0,0.6000000000000001,0.0,-13.4,-12.7,0.0146,16.0,25903.0
2026-07-30T18:58:01.391Z,50.874,50.886,-7.4,7.4,0.0,0.0,0.0,0.0,0.0,1.0,1.0,0.0,1.0,0.0,0.0,0.0,8.0,6.0,0.0,0.0,0.0,0.0,0.0,0.0,0.0,0.0,3.0,12.0,1.0,12.05,5.0200000000000005,2.51,1.49,-2.2,0.2,2.2,301.1,-0.1,-10.9,3.5,11.0,-82.7,0.0,0.0,219.8,0.0,22.1,32.300000000000004,32.300000000000004,35.5,300.0,300.0,29.700000000000003,36.1,33.4,33.1,35.4,4.96,2.0,4.97,0.16,0.0,0.0,1027.0,8228.0,0.0,0.0,0.0,0.0,0.0,1.0,0.0,0.0,0.0,-0.001,0.0,0.9,0.0,-15.1,-12.8,0.0154,16.0,25903.0
2026-07-30T18:58:01.403Z,50.886,50.898,-7.5,7.4,0.0,0.0,0.0,0.0,0.0,1.0,1.0,0.0,1.0,0.0,0.0,0.0,8.0,6.0,0.0,0.0,0.0,0.0,0.0,0.0,0.0,0.0,5.0,12.0,1.0,12.04,5.0200000000000005,2.5,1.49,-2.3000000000000003,0.2,2.3000000000000003,301.1,-0.1,-12.0,2.3000000000000003,9.3,-82.7,0.0,0.0,219.8,0.0,22.1,32.300000000000004,32.300000000000004,35.6,300.0,300.0,29.700000000000003,36.0,33.5,33.1,35.4,4.96,2.0,4.96,0.16,0.0,0.0,1027.0,8228.0,0.0,0.0,0.0,0.0,0.0,1.0,0.0,0.0,0.0,-0.001,0.0,0.2,0.0,-12.3,-12.8,0.0163,16.0,25903.0
2026-07-30T18:58:01.415Z,50.898,50.91,-7.5,7.4,0.0,0.0,0.0,0.0,0.0,1.0,1.0,0.0,1.0,0.0,0.0,0.0,8.0,6.0,0.0,0.0,0.0,0.0,0.0,0.0,0.0,0.0,6.0,12.0,1.0,12.04,5.0200000000000005,2.5,1.49,-2.2,0.2,2.2,300.90000000000003,-0.1,-11.4,2.9000000000000004,10.4,-82.7,0.0,0.0,219.8,0.0,22.1,32.300000000000004,32.300000000000004,35.6,300.0,300.0,29.700000000000003,36.0,33.5,33.1,35.4,4.96,2.0,4.96,0.16,0.0,0.0,1027.0,8228.0,0.0,0.0,0.0,0.0,0.0,1.0,0.0,0.0,0.0,-0.001,0.0,0.5,0.0,-14.0,-12.8,0.0156,16.0,25903.0
2026-07-30T18:58:01.426Z,50.909,50.922,-7.5,7.4,0.0,0.0,0.0,0.0,0.0,1.0,1.0,0.0,1.0,0.0,0.0,0.0,8.0,6.0,0.0,0.0,0.0,0.0,0.0,0.0,0.0,0.0,2.0,12.0,1.0,12.04,5.0200000000000005,2.5,1.49,-2.2,0.2,2.2,301.1,-0.1,-11.4,2.9000000000000004,11.6,-82.7,0.0,0.0,219.8,0.0,22.1,32.300000000000004,32.300000000000004,35.6,300.0,300.0,29.700000000000003,36.0,33.5,33.1,35.4,4.95,2.0,4.96,0.16,0.0,0.0,1027.0,8228.0,0.0,0.0,0.0,0.0,0.0,1.0,0.0,0.0,0.0,-0.001,0.0,0.3,0.0,-15.4,-12.8,0.016,16.0,25903.0
2026-07-30T18:58:01.439Z,50.922,50.934000000000005,-7.5,7.4,0.0,0.0,0.0,0.0,0.0,1.0,1.0,0.0,1.0,0.0,0.0,0.0,8.0,6.0,0.0,0.0,0.0,0.0,0.0,0.0,0.0,0.0,1.0,12.0,1.0,12.04,5.0200000000000005,2.5,1.49,-2.3000000000000003,0.2,2.3000000000000003,301.1,-0.1,-12.0,1.7000000000000002,9.3,-82.7,0.0,0.0,219.8,0.0,22.1,32.300000000000004,32.300000000000004,35.6,300.0,300.0,29.700000000000003,36.0,33.5,33.1,35.4,4.95,1.99,4.96,0.16,0.0,0.0,1027.0,8228.0,0.0,0.0,0.0,0.0,0.0,1.0,0.0,0.0,0.0,-0.001,0.0,-0.2,0.0,-11.8,-12.7,0.016,16.0,25903.0
2026-07-30T18:58:01.451Z,50.934,50.946,-7.4,7.4,0.0,0.0,0.0,0.0,0.0,1.0,1.0,0.0,1.0,0.0,0.0,0.0,8.0,6.0,0.0,0.0,0.0,0.0,0.0,0.0,0.0,0.0,1.0,12.0,1.0,12.04,5.0200000000000005,2.5,1.49,-2.2,0.2,2.2,301.0,-0.1,-11.4,4.0,10.4,-82.7,0.0,0.0,219.9,0.0,22.1,32.300000000000004,32.300000000000004,35.6,300.0,300.0,29.700000000000003,36.0,33.5,33.1,35.4,4.95,2.0,4.97,0.16,0.0,0.0,1027.0,8228.0,0.0,0.0,0.0,0.0,0.0,1.0,0.0,0.0,0.0,-0.001,0.0,1.5,0.0,-14.9,-12.7,0.0153,16.0,25903.0
2026-07-30T18:58:01.463Z,50.946,50.958,-7.4,7.4,0.0,0.0,0.0,0.0,0.0,1.0,1.0,0.0,1.0,0.0,0.0,0.0,8.0,6.0,0.0,0.0,0.0,0.0,0.0,0.0,0.0,0.0,3.0,12.0,1.0,12.04,5.0200000000000005,2.5,1.49,-2.3000000000000003,0.2,2.3000000000000003,300.90000000000003,-0.1,-10.9,2.9000000000000004,8.1,-82.7,0.0,0.0,219.8,0.0,22.1,32.300000000000004,32.300000000000004,35.6,300.0,300.0,29.700000000000003,36.0,33.5,33.1,35.4,4.96,2.0,4.97,0.16,0.0,0.0,1027.0,8228.0,0.0,0.0,0.0,0.0,0.0,1.0,0.0,0.0,0.0,-0.001,0.0,-0.2,0.0,-11.8,-12.8,0.0166,16.0,25903.0
2026-07-30T18:58:01.475Z,50.958,50.97,-7.4,7.4,0.0,0.0,0.0,0.0,0.0,1.0,1.0,0.0,1.0,0.0,0.0,0.0,8.0,6.0,0.0,0.0,0.0,0.0,0.0,0.0,0.0,0.0,3.0,12.0,1.0,12.04,5.0200000000000005,2.5,1.49,-2.4000000000000004,0.3,2.4000000000000004,301.0,0.0,-13.2,1.1,7.5,-82.7,0.0,0.0,219.8,0.0,22.1,32.300000000000004,32.300000000000004,35.6,300.0,300.0,29.700000000000003,36.0,33.5,33.1,35.4,4.96,2.0,4.96,0.16,0.0,0.0,1027.0,8228.0,0.0,0.0,0.0,0.0,0.0,1.0,0.0,0.0,0.0,-0.001,0.0,-0.4,0.0,-9.4,-12.8,0.0157,16.0,25903.0
2026-07-30T18:58:01.486Z,50.969,50.982,-7.4,7.4,0.0,0.0,0.0,0.0,0.0,1.0,1.0,0.0,1.0,0.0,0.0,0.0,8.0,6.0,0.0,0.0,0.0,0.0,0.0,0.0,0.0,0.0,5.0,12.0,1.0,12.04,5.0200000000000005,2.5,1.49,-2.3000000000000003,0.3,2.3000000000000003,301.1,0.0,-12.6,1.1,10.4,-82.7,0.0,0.0,219.8,0.0,22.1,32.300000000000004,32.300000000000004,35.6,300.0,300.0,29.700000000000003,36.0,33.5,33.1,35.4,4.95,2.0,4.96,0.16,0.0,0.0,1027.0,8228.0,0.0,0.0,0.0,0.0,0.0,1.0,0.0,0.0,0.0,-0.001,0.0,-0.5,0.0,-13.2,-12.9,0.0164,16.0,25903.0
2026-07-30T18:58:01.499Z,50.982,50.994,-7.5,7.4,0.0,0.0,0.0,0.0,0.0,1.0,1.0,0.0,1.0,0.0,0.0,0.0,8.0,6.0,0.0,0.0,0.0,0.0,0.0,0.0,0.0,0.0,6.0,12.0,1.0,12.04,5.0200000000000005,2.5,1.49,-2.3000000000000003,0.2,2.3000000000000003,301.1,-0.1,-12.0,2.3000000000000003,9.3,-82.7,0.0,0.0,219.7,0.0,22.1,32.300000000000004,32.300000000000004,35.6,300.0,300.0,29.700000000000003,36.0,33.5,33.1,35.4,4.95,2.0,4.96,0.15,0.0,0.0,1027.0,8228.0,0.0,0.0,0.0,0.0,0.0,1.0,0.0,0.0,0.0,-0.001,0.0,0.2,0.0,-12.3,-12.8,0.0155,16.0,25903.0
2026-07-30T18:58:01.511Z,50.994,51.006,-7.4,7.4,0.0,0.0,0.0,0.0,0.0,1.0,1.0,0.0,1.0,0.0,0.0,0.0,8.0,6.0,0.0,0.0,0.0,0.0,0.0,0.0,0.0,0.0,1.0,12.0,1.0,12.04,5.01,2.5,1.5,-2.3000000000000003,0.2,2.3000000000000003,301.1,-0.1,-10.9,2.9000000000000004,9.9,-82.7,0.0,0.0,219.7,0.0,22.1,32.300000000000004,32.300000000000004,35.6,300.0,300.0,29.8,36.0,33.5,33.1,35.4,4.95,2.0,4.96,0.16,0.0,0.0,1027.0,8228.0,0.0,0.0,0.0,0.0,0.0,1.0,0.0,0.0,0.0,-0.001,0.0,0.6000000000000001,0.0,-13.4,-12.8,0.0157,16.0,25903.0
2026-07-30T18:58:01.524Z,51.007,51.018,-7.5,7.4,0.0,0.0,0.0,0.0,0.0,1.0,1.0,0.0,1.0,0.0,0.0,0.0,8.0,6.0,0.0,0.0,0.0,0.0,0.0,0.0,0.0,0.0,2.0,12.0,1.0,12.04,5.01,2.5,1.5,-2.2,0.3,2.3000000000000003,301.0,-0.1,-11.4,1.7000000000000002,10.4,-82.7,0.0,0.0,219.7,0.0,22.1,32.300000000000004,32.300000000000004,35.6,300.0,300.0,29.8,36.0,33.5,33.1,35.4,4.95,2.0,4.96,0.16,0.0,0.0,1027.0,8228.0,0.0,0.0,0.0,0.0,0.0,1.0,0.0,0.0,0.0,-0.001,0.0,-0.4,0.0,-13.2,-12.8,0.0154,16.0,25903.0
2026-07-30T18:58:01.535Z,51.018,51.03,-7.5,7.4,0.0,0.0,0.0,0.0,0.0,1.0,1.0,0.0,1.0,0.0,0.0,0.0,8.0,6.0,0.0,0.0,0.0,0.0,0.0,0.0,0.0,0.0,2.0,12.0,1.0,12.04,5.01,2.5,1.5,-2.3000000000000003,0.3,2.3000000000000003,300.90000000000003,-0.1,-11.4,1.7000000000000002,9.9,-82.7,0.0,0.0,219.7,0.0,22.1,32.300000000000004,32.300000000000004,35.6,300.0,300.0,29.8,36.0,33.5,33.1,35.4,4.95,2.0,4.96,0.16,0.0,0.0,1027.0,8228.0,0.0,0.0,0.0,0.0,0.0,1.0,0.0,0.0,0.0,-0.001,0.0,-0.3,0.0,-12.5,-12.7,0.0154,16.0,25903.0
2026-07-30T18:58:01.547Z,51.03,51.042,-7.5,7.4,0.0,0.0,0.0,0.0,0.0,1.0,1.0,0.0,1.0,0.0,0.0,0.0,8.0,6.0,0.0,0.0,0.0,0.0,0.0,0.0,0.0,0.0,4.0,12.0,1.0,12.04,5.01,2.5,1.5,-2.2,0.2,2.2,301.1,-0.1,-11.4,2.3000000000000003,9.9,-82.7,0.0,0.0,219.8,0.0,22.1,32.300000000000004,32.300000000000004,35.6,300.0,300.0,29.8,36.0,33.5,33.1,35.4,4.95,2.0,4.96,0.16,0.0,0.0,1027.0,8228.0,0.0,0.0,0.0,0.0,0.0,1.0,0.0,0.0,0.0,-0.001,0.0,0.1,0.0,-12.9,-12.7,0.0154,16.0,25903.0
2026-07-30T18:58:01.559Z,51.042,51.054,-7.5,7.4,0.0,0.0,0.0,0.0,0.0,1.0,1.0,0.0,1.0,0.0,0.0,0.0,8.0,6.0,0.0,0.0,0.0,0.0,0.0,0.0,0.0,0.0,5.0,12.0,1.0,12.04,5.01,2.5,1.5,-2.1,0.2,2.1,301.1,-0.1,-10.9,4.0,11.6,-82.7,0.0,0.0,219.7,0.0,22.1,32.300000000000004,32.300000000000004,35.6,300.0,300.0,29.8,36.0,33.5,33.1,35.4,4.96,2.0,4.96,0.16,0.0,0.0,1027.0,8228.0,0.0,0.0,0.0,0.0,0.0,1.0,0.0,0.0,0.0,-0.001,0.0,1.3,0.0,-16.2,-12.7,0.0152,16.0,25903.0
2026-07-30T18:58:01.571Z,51.054,51.066,-7.4,7.4,0.0,0.0,0.0,0.0,0.0,1.0,1.0,0.0,1.0,0.0,0.0,0.0,8.0,6.0,0.0,0.0,0.0,0.0,0.0,0.0,0.0,0.0,1.0,12.0,1.0,12.04,5.01,2.5,1.5,-2.2,0.3,2.2,301.0,-0.1,-11.4,2.3000000000000003,11.0,-82.60000000000001,0.0,0.0,219.7,0.0,22.1,32.300000000000004,32.300000000000004,35.6,300.0,300.0,29.8,36.0,33.5,33.1,35.4,4.95,2.0,4.96,0.16,0.0,0.0,1027.0,8228.0,0.0,0.0,0.0,0.0,0.0,1.0,0.0,0.0,0.0,-0.001,0.0,0.0,0.0,-14.3,-12.7,0.0145,16.0,25903.0
2026-07-30T18:58:01.583Z,51.066,51.078,-7.4,7.4,0.0,0.0,0.0,0.0,0.0,1.0,1.0,0.0,1.0,0.0,0.0,0.0,8.0,6.0,0.0,0.0,0.0,0.0,0.0,0.0,0.0,0.0,2.0,12.0,1.0,12.04,5.01,2.5,1.5,-2.2,0.3,2.2,301.0,-0.1,-12.6,2.3000000000000003,11.0,-82.60000000000001,0.0,0.0,219.7,0.0,22.1,32.300000000000004,32.300000000000004,35.6,300.0,300.0,29.8,36.0,33.5,33.1,35.4,4.95,2.0,4.96,0.16,0.0,0.0,1027.0,8228.0,0.0,0.0,0.0,0.0,0.0,1.0,0.0,0.0,0.0,-0.001,0.0,0.0,0.0,-14.3,-12.8,0.015,16.0,25903.0
2026-07-30T18:58:01.595Z,51.078,51.09,-7.4,7.4,0.0,0.0,0.0,0.0,0.0,1.0,1.0,0.0,1.0,0.0,0.0,0.0,8.0,6.0,0.0,0.0,0.0,0.0,0.0,0.0,0.0,0.0,3.0,12.0,1.0,12.04,5.01,2.5,1.5,-2.3000000000000003,0.2,2.3000000000000003,301.1,-0.1,-12.0,2.3000000000000003,9.9,-82.60000000000001,0.0,0.0,219.8,0.0,22.1,32.300000000000004,32.300000000000004,35.6,300.0,300.0,29.8,36.0,33.5,33.1,35.4,4.95,2.0,4.96,0.16,0.0,0.0,1027.0,8228.0,0.0,0.0,0.0,0.0,0.0,1.0,0.0,0.0,0.0,-0.001,0.0,0.1,0.0,-12.9,-12.8,0.0151,16.0,25903.0
2026-07-30T18:58:01.608Z,51.091,51.102,-7.4,7.4,0.0,0.0,0.0,0.0,0.0,1.0,1.0,0.0,1.0,0.0,0.0,0.0,8.0,6.0,0.0,0.0,0.0,0.0,0.0,0.0,0.0,0.0,4.0,12.0,1.0,12.05,5.0200000000000005,2.5,1.49,-2.3000000000000003,0.2,2.3000000000000003,301.0,-0.1,-11.4,2.3000000000000003,9.9,-82.60000000000001,0.0,0.0,219.7,0.0,22.4,32.4,32.300000000000004,35.6,300.0,300.0,29.9,36.1,33.5,33.1,35.300000000000004,4.96,2.0,4.96,0.16,0.0,0.0,1027.0,8228.0,0.0,0.0,0.0,0.0,0.0,1.0,0.0,0.0,0.0,-0.001,0.0,0.1,0.0,-12.9,-12.9,0.0154,16.0,25903.0
2026-07-30T18:58:01.620Z,51.103,51.114,-7.4,7.4,0.0,0.0,0.0,0.0,0.0,1.0,1.0,0.0,1.0,0.0,0.0,0.0,8.0,6.0,0.0,0.0,0.0,0.0,0.0,0.0,0.0,0.0,5.0,12.0,1.0,12.05,5.0200000000000005,2.5,1.49,-2.3000000000000003,0.3,2.3000000000000003,301.1,-0.1,-12.0,1.7000000000000002,10.4,-82.60000000000001,0.0,0.0,219.7,0.0,22.4,32.4,32.300000000000004,35.6,300.0,300.0,29.9,36.1,33.5,33.1,35.300000000000004,4.95,2.0,4.96,0.16,0.0,0.0,1027.0,8228.0,0.0,0.0,0.0,0.0,0.0,1.0,0.0,0.0,0.0,-0.001,0.0,-0.4,0.0,-13.2,-12.8,0.0155,16.0,25903.0
2026-07-30T18:58:01.630Z,51.113,51.126,-7.4,7.4,0.0,0.0,0.0,0.0,0.0,1.0,1.0,0.0,1.0,0.0,0.0,0.0,8.0,6.0,0.0,0.0,0.0,0.0,0.0,0.0,0.0,0.0,6.0,12.0,1.0,12.05,5.0200000000000005,2.5,1.49,-2.3000000000000003,0.2,2.3000000000000003,301.1,0.0,-11.4,2.9000000000000004,9.9,-82.60000000000001,0.0,0.0,219.6,0.0,22.4,32.4,32.300000000000004,35.6,300.0,300.0,29.9,36.1,33.5,33.1,35.300000000000004,4.96,2.0,4.97,0.16,0.0,0.0,1027.0,8228.0,0.0,0.0,0.0,0.0,0.0,1.0,0.0,0.0,0.0,-0.001,0.0,0.7000000000000001,0.0,-13.4,-12.9,0.0156,16.0,25903.0
2026-07-30T18:58:01.643Z,51.126,51.138,-7.5,7.4,0.0,0.0,0.0,0.0,0.0,1.0,1.0,0.0,1.0,0.0,0.0,0.0,8.0,6.0,0.0,0.0,0.0,0.0,0.0,0.0,0.0,0.0,1.0,12.0,1.0,12.05,5.0200000000000005,2.5,1.49,-2.2,0.3,2.2,301.0,0.0,-11.4,1.7000000000000002,12.2,-82.60000000000001,0.0,0.0,219.6,0.0,22.4,32.4,32.300000000000004,35.6,300.0,300.0,29.9,36.1,33.5,33.1,35.300000000000004,4.96,2.0,4.96,0.16,0.0,0.0,1027.0,8228.0,0.0,0.0,0.0,0.0,0.0,1.0,0.0,0.0,0.0,-0.001,0.0,-0.8,0.0,-15.2,-12.8,0.0155,16.0,25903.0
2026-07-30T18:58:01.654Z,51.137,51.15,-7.5,7.4,0.0,0.0,0.0,0.0,0.0,1.0,1.0,0.0,1.0,0.0,0.0,0.0,8.0,6.0,0.0,0.0,0.0,0.0,0.0,0.0,0.0,0.0,2.0,12.0,1.0,12.05,5.0200000000000005,2.5,1.49,-2.3000000000000003,0.2,2.3000000000000003,301.0,0.0,-12.0,2.3000000000000003,8.700000000000001,-82.60000000000001,0.0,0.0,219.7,0.0,22.4,32.4,32.300000000000004,35.6,300.0,300.0,29.9,36.1,33.5,33.1,35.300000000000004,4.96,2.0,4.96,0.16,0.0,0.0,1027.0,8228.0,0.0,0.0,0.0,0.0,0.0,1.0,0.0,0.0,0.0,-0.001,0.0,0.3,0.0,-11.6,-12.7,0.015,16.0,25903.0
2026-07-30T18:58:01.667Z,51.15,51.162,-7.5,7.4,0.0,0.0,0.0,0.0,0.0,1.0,1.0,0.0,1.0,0.0,0.0,0.0,8.0,6.0,0.0,0.0,0.0,0.0,0.0,0.0,0.0,0.0,3.0,12.0,1.0,12.05,5.0200000000000005,2.5,1.49,-2.2,0.2,2.2,301.1,0.0,-11.4,3.5,11.0,-82.60000000000001,0.0,0.0,219.7,0.0,22.4,32.4,32.300000000000004,35.6,300.0,300.0,29.9,36.1,33.5,33.1,35.300000000000004,4.95,2.0,4.97,0.16,0.0,0.0,1027.0,8228.0,0.0,0.0,0.0,0.0,0.0,1.0,0.0,0.0,0.0,-0.001,0.0,0.9,0.0,-15.1,-12.7,0.0157,16.0,25903.0
2026-07-30T18:58:01.679Z,51.162,51.174,-7.5,7.4,0.0,0.0,0.0,0.0,0.0,1.0,1.0,0.0,1.0,0.0,0.0,0.0,8.0,6.0,0.0,0.0,0.0,0.0,0.0,0.0,0.0,0.0,4.0,12.0,1.0,12.05,5.0200000000000005,2.5,1.49,-2.3000000000000003,0.3,2.3000000000000003,301.1,0.0,-12.6,0.5,9.3,-82.60000000000001,0.0,0.0,219.7,0.0,22.4,32.4,32.300000000000004,35.6,300.0,300.0,29.9,36.1,33.5,33.1,35.300000000000004,4.96,2.0,4.96,0.16,0.0,0.0,1027.0,8228.0,0.0,0.0,0.0,0.0,0.0,1.0,0.0,0.0,0.0,-0.001,0.0,-1.3,0.0,-11.0,-12.8,0.0149,16.0,25903.0
2026-07-30T18:58:01.691Z,51.174,51.186,-7.5,7.4,0.0,0.0,0.0,0.0,0.0,1.0,1.0,0.0,1.0,0.0,0.0,0.0,8.0,6.0,0.0,0.0,0.0,0.0,0.0,0.0,0.0,0.0,6.0,12.0,1.0,12.05,5.0200000000000005,2.5,1.49,-2.3000000000000003,0.3,2.3000000000000003,301.1,0.0,-11.4,1.1,8.700000000000001,-82.60000000000001,0.0,0.0,219.7,0.0,22.4,32.4,32.300000000000004,35.6,300.0,300.0,29.9,36.1,33.5,33.1,35.300000000000004,4.96,2.0,4.96,0.16,0.0,0.0,1027.0,8228.0,0.0,0.0,0.0,0.0,0.0,1.0,0.0,0.0,0.0,-0.001,0.0,-0.6000000000000001,0.0,-10.8,-12.6,0.0157,16.0,25903.0
2026-07-30T18:58:01.703Z,51.186,51.198,-7.4,7.4,0.0,0.0,0.0,0.0,0.0,1.0,1.0,0.0,1.0,0.0,0.0,0.0,8.0,6.0,0.0,0.0,0.0,0.0,0.0,0.0,0.0,0.0,1.0,12.0,1.0,12.05,5.0200000000000005,2.5,1.49,-2.3000000000000003,0.3,2.3000000000000003,301.1,0.0,-12.6,1.1,9.3,-82.60000000000001,0.0,0.0,219.8,0.0,22.4,32.4,32.300000000000004,35.6,300.0,300.0,29.9,36.1,33.5,33.1,35.300000000000004,4.95,2.0,4.96,0.16,0.0,0.0,1027.0,8228.0,0.0,0.0,0.0,0.0,0.0,1.0,0.0,0.0,0.0,-0.001,0.0,-0.7000000000000001,0.0,-11.4,-12.7,0.0158,16.0,25903.0
2026-07-30T18:58:01.714Z,51.197,51.21,-7.4,7.4,0.0,0.0,0.0,0.0,0.0,1.0,1.0,0.0,1.0,0.0,0.0,0.0,8.0,6.0,0.0,0.0,0.0,0.0,0.0,0.0,0.0,0.0,2.0,12.0,1.0,12.04,5.0200000000000005,2.51,1.49,-2.4000000000000004,0.3,2.4000000000000004,301.0,0.0,-13.2,0.5,7.5,-82.60000000000001,0.0,0.0,219.7,0.0,21.9,32.4,32.4,35.6,300.0,300.0,29.700000000000003,36.2,33.5,33.1,35.300000000000004,4.95,2.0,4.96,0.16,0.0,0.0,1027.0,8228.0,0.0,0.0,0.0,0.0,0.0,1.0,0.0,0.0,0.0,-0.001,0.0,-0.9,0.0,-9.0,-12.8,0.0157,16.0,25903.0
2026-07-30T18:58:01.728Z,51.211,51.222,-7.4,7.4,0.0,0.0,0.0,0.0,0.0,1.0,1.0,0.0,1.0,0.0,0.0,0.0,8.0,6.0,0.0,0.0,0.0,0.0,0.0,0.0,0.0,0.0,3.0,12.0,1.0,12.04,5.0200000000000005,2.51,1.49,-2.3000000000000003,0.3,2.4000000000000004,301.0,0.0,-13.2,0.0,9.3,-82.60000000000001,0.0,0.0,219.8,0.0,21.9,32.4,32.4,35.6,300.0,300.0,29.700000000000003,36.2,33.5,33.1,35.300000000000004,4.96,2.0,4.96,0.16,0.0,0.0,1027.0,8228.0,0.0,0.0,0.0,0.0,0.0,1.0,0.0,0.0,0.0,-0.001,0.0,-1.8,0.0,-10.6,-12.9,0.0164,16.0,25903.0
2026-07-30T18:58:01.739Z,51.222,51.234,-7.4,7.4,0.0,0.0,0.0,0.0,0.0,1.0,1.0,0.0,1.0,0.0,0.0,0.0,8.0,6.0,0.0,0.0,0.0,0.0,0.0,0.0,0.0,0.0,4.0,12.0,1.0,12.04,5.0200000000000005,2.51,1.49,-2.3000000000000003,0.3,2.3000000000000003,301.1,-0.1,-12.6,1.1,9.9,-82.60000000000001,0.0,0.0,219.7,0.0,21.9,32.4,32.4,35.6,300.0,300.0,29.700000000000003,36.2,33.5,33.1,35.300000000000004,4.96,2.0,4.96,0.17,0.0,0.0,1027.0,8228.0,0.0,0.0,0.0,0.0,0.0,1.0,0.0,0.0,0.0,-0.001,0.0,-0.8,0.0,-12.1,-12.8,0.016,16.0,25903.0
2026-07-30T18:58:01.754Z,51.237,51.246,-7.5,7.4,0.0,0.0,0.0,0.0,0.0,1.0,1.0,0.0,1.0,0.0,0.0,0.0,8.0,6.0,0.0,0.0,0.0,0.0,0.0,0.0,0.0,0.0,5.0,12.0,1.0,12.04,5.0200000000000005,2.51,1.49,-2.3000000000000003,0.3,2.3000000000000003,301.1,-0.1,-12.0,1.1,10.4,-82.60000000000001,0.0,0.0,219.7,0.0,21.9,32.4,32.4,35.6,300.0,300.0,29.700000000000003,36.2,33.5,33.1,35.300000000000004,4.95,2.0,4.96,0.16,0.0,0.0,1027.0,8228.0,0.0,0.0,0.0,0.0,0.0,1.0,0.0,0.0,0.0,-0.001,0.0,-1.0,0.0,-12.8,-12.8,0.0157,16.0,25903.0
2026-07-30T18:58:01.762Z,51.245,51.258,-7.4,7.4,0.0,0.0,0.0,0.0,0.0,1.0,1.0,0.0,1.0,0.0,0.0,0.0,8.0,6.0,0.0,0.0,0.0,0.0,0.0,0.0,0.0,0.0,4.0,12.0,1.0,12.04,5.0200000000000005,2.51,1.49,-2.3000000000000003,0.3,2.3000000000000003,301.1,-0.1,-13.8,1.1,9.3,-82.60000000000001,0.0,0.0,219.8,0.0,21.9,32.4,32.4,35.6,300.0,300.0,29.700000000000003,36.2,33.5,33.1,35.300000000000004,4.96,2.0,4.96,0.16,0.0,0.0,1027.0,8228.0,0.0,0.0,0.0,0.0,0.0,1.0,0.0,0.0,0.0,-0.001,0.0,-0.7000000000000001,0.0,-11.4,-12.8,0.0156,16.0,25903.0
2026-07-30T18:58:01.774Z,51.257,51.27,-7.4,7.4,0.0,0.0,0.0,0.0,0.0,1.0,1.0,0.0,1.0,0.0,0.0,0.0,8.0,6.0,0.0,0.0,0.0,0.0,0.0,0.0,0.0,0.0,5.0,12.0,1.0,12.04,5.0200000000000005,2.51,1.49,-2.4000000000000004,0.3,2.4000000000000004,300.90000000000003,-0.1,-13.2,0.5,8.700000000000001,-82.60000000000001,0.0,0.0,219.7,0.0,21.9,32.4,32.4,35.6,300.0,300.0,29.700000000000003,36.2,33.5,33.1,35.300000000000004,4.95,2.0,4.96,0.16,0.0,0.0,1027.0,8228.0,0.0,0.0,0.0,0.0,0.0,1.0,0.0,0.0,0.0,-0.001,0.0,-1.1,0.0,-10.3,-12.8,0.0159,16.0,25903.0
2026-07-30T18:58:01.787Z,51.27,51.282,-7.5,7.4,0.0,0.0,0.0,0.0,0.0,1.0,1.0,0.0,1.0,0.0,0.0,0.0,8.0,6.0,0.0,0.0,0.0,0.0,0.0,0.0,0.0,0.0,6.0,12.0,1.0,12.04,5.0200000000000005,2.51,1.49,-2.2,0.2,2.2,301.0,-0.1,-11.4,4.6000000000000005,11.0,-82.60000000000001,0.0,0.0,219.7,0.0,21.9,32.4,32.4,35.6,300.0,300.0,29.700000000000003,36.2,33.5,33.1,35.300000000000004,4.95,2.0,4.97,0.16,0.0,0.0,1027.0,8228.0,0.0,0.0,0.0,0.0,0.0,1.0,0.0,0.0,0.0,-0.001,0.0,1.9,0.0,-16.0,-12.8,0.0161,16.0,25903.0
2026-07-30T18:58:01.799Z,51.282,51.294,-7.5,7.4,0.0,0.0,0.0,0.0,0.0,1.0,1.0,0.0,1.0,0.0,0.0,0.0,8.0,6.0,0.0,0.0,0.0,0.0,0.0,0.0,0.0,0.0,1.0,12.0,1.0,12.04,5.0200000000000005,2.51,1.49,-2.2,0.2,2.2,301.1,-0.1,-12.0,3.5,9.9,-82.60000000000001,0.0,0.0,219.8,0.0,21.9,32.4,32.4,35.6,300.0,300.0,29.700000000000003,36.2,33.5,33.1,35.300000000000004,4.95,2.0,4.97,0.16,0.0,0.0,1027.0,8228.0,0.0,0.0,0.0,0.0,0.0,1.0,0.0,0.0,0.0,-0.001,0.0,1.1,0.0,-13.8,-12.7,0.0147,16.0,25903.0
2026-07-30T18:58:01.812Z,51.295,51.306,-7.5,7.4,0.0,0.0,0.0,0.0,0.0,1.0,1.0,0.0,1.0,0.0,0.0,0.0,8.0,6.0,0.0,0.0,0.0,0.0,0.0,0.0,0.0,0.0,2.0,12.0,1.0,12.05,5.01,2.51,1.49,-2.2,0.3,2.2,301.0,-0.1,-10.3,2.3000000000000003,11.0,-82.60000000000001,0.0,0.0,219.8,0.0,22.1,32.4,32.4,35.6,300.0,300.0,29.6,36.2,33.5,33.0,35.4,4.96,2.0,4.96,0.16,0.0,0.0,1027.0,8228.0,0.0,0.0,0.0,0.0,0.0,1.0,0.0,0.0,0.0,-0.001,0.0,0.0,0.0,-14.3,-12.8,0.0152,16.0,25903.0
2026-07-30T18:58:01.823Z,51.306,51.318,-7.5,7.4,0.0,0.0,0.0,0.0,0.0,1.0,1.0,0.0,1.0,0.0,0.0,0.0,8.0,6.0,0.0,0.0,0.0,0.0,0.0,0.0,0.0,0.0,3.0,12.0,1.0,12.05,5.01,2.51,1.49,-2.2,0.3,2.2,301.1,-0.1,-11.4,1.7000000000000002,10.4,-82.60000000000001,0.0,0.0,219.8,0.0,22.1,32.4,32.4,35.6,300.0,300.0,29.6,36.2,33.5,33.0,35.4,4.95,2.0,4.96,0.16,0.0,0.0,1027.0,8228.0,0.0,0.0,0.0,0.0,0.0,1.0,0.0,0.0,0.0,-0.001,0.0,-0.5,0.0,-13.2,-12.7,0.015,16.0,25903.0
2026-07-30T18:58:01.835Z,51.318,51.33,-7.4,7.4,0.0,0.0,0.0,0.0,0.0,1.0,1.0,0.0,1.0,0.0,0.0,0.0,8.0,6.0,0.0,0.0,0.0,0.0,0.0,0.0,0.0,0.0,5.0,12.0,1.0,12.05,5.01,2.51,1.49,-2.2,0.2,2.2,301.0,-0.1,-10.9,3.5,10.4,-82.60000000000001,0.0,0.0,219.8,0.0,22.1,32.4,32.4,35.6,300.0,300.0,29.6,36.2,33.5,33.0,35.4,4.95,2.0,4.96,0.16,0.0,0.0,1027.0,8228.0,0.0,0.0,0.0,0.0,0.0,1.0,0.0,0.0,0.0,-0.001,0.0,1.0,0.0,-14.5,-12.7,0.0153,16.0,25903.0
2026-07-30T18:58:01.847Z,51.33,51.342,-7.5,7.4,0.0,0.0,0.0,0.0,0.0,1.0,1.0,0.0,1.0,0.0,0.0,0.0,8.0,6.0,0.0,0.0,0.0,0.0,0.0,0.0,0.0,0.0,6.0,12.0,1.0,12.05,5.01,2.51,1.49,-2.2,0.2,2.2,301.0,-0.1,-10.3,2.9000000000000004,10.4,-82.60000000000001,0.0,0.0,219.6,0.0,22.1,32.4,32.4,35.6,300.0,300.0,29.6,36.2,33.5,33.0,35.4,4.96,2.0,4.96,0.16,0.0,0.0,1027.0,8228.0,0.0,0.0,0.0,0.0,0.0,1.0,0.0,0.0,0.0,-0.001,0.0,0.5,0.0,-14.0,-12.8,0.015,16.0,25903.0
2026-07-30T18:58:01.859Z,51.342,51.354,-7.4,7.4,0.0,0.0,0.0,0.0,0.0,1.0,1.0,0.0,1.0,0.0,0.0,0.0,8.0,6.0,0.0,0.0,0.0,0.0,0.0,0.0,0.0,0.0,6.0,12.0,1.0,12.05,5.01,2.51,1.49,-2.2,0.2,2.2,301.0,-0.1,-11.4,3.5,10.4,-82.60000000000001,0.0,0.0,219.6,0.0,22.1,32.4,32.4,35.6,300.0,300.0,29.6,36.2,33.5,33.0,35.4,4.95,2.0,4.96,0.16,0.0,0.0,1027.0,8228.0,0.0,0.0,0.0,0.0,0.0,1.0,0.0,0.0,0.0,-0.001,0.0,1.0,0.0,-14.5,-12.7,0.0151,16.0,25903.0
2026-07-30T18:58:01.871Z,51.354,51.366,-7.5,7.4,0.0,0.0,0.0,0.0,0.0,1.0,1.0,0.0,1.0,0.0,0.0,0.0,8.0,6.0,0.0,0.0,0.0,0.0,0.0,0.0,0.0,0.0,2.0,12.0,1.0,12.05,5.01,2.51,1.49,-2.2,0.2,2.3000000000000003,301.1,-0.1,-10.9,2.3000000000000003,9.9,-82.60000000000001,0.0,0.0,219.7,0.0,22.1,32.4,32.4,35.6,300.0,300.0,29.6,36.2,33.5,33.0,35.4,4.96,2.0,4.97,0.16,0.0,0.0,1027.0,8228.0,0.0,0.0,0.0,0.0,0.0,1.0,0.0,0.0,0.0,-0.001,0.0,0.1,0.0,-12.9,-12.8,0.015,16.0,25903.0
2026-07-30T18:58:01.883Z,51.366,51.378,-7.4,7.4,0.0,0.0,0.0,0.0,0.0,1.0,1.0,0.0,1.0,0.0,0.0,0.0,8.0,6.0,0.0,0.0,0.0,0.0,0.0,0.0,0.0,0.0,3.0,12.0,1.0,12.05,5.01,2.51,1.49,-2.1,0.2,2.1,301.0,-0.1,-10.9,4.0,11.6,-82.60000000000001,0.0,0.0,219.8,0.0,22.1,32.4,32.4,35.6,300.0,300.0,29.6,36.2,33.5,33.0,35.4,4.96,2.0,4.96,0.16,0.0,0.0,1027.0,8228.0,0.0,0.0,0.0,0.0,0.0,1.0,0.0,0.0,0.0,-0.001,0.0,1.3,0.0,-16.2,-12.8,0.0153,16.0,25903.0
2026-07-30T18:58:01.895Z,51.378,51.39,-7.5,7.4,0.0,0.0,0.0,0.0,0.0,1.0,1.0,0.0,1.0,0.0,0.0,0.0,8.0,6.0,0.0,0.0,0.0,0.0,0.0,0.0,0.0,0.0,3.0,12.0,1.0,12.05,5.01,2.51,1.49,-2.2,0.2,2.2,301.0,-0.1,-11.4,2.9000000000000004,10.4,-82.60000000000001,0.0,0.0,219.8,0.0,22.1,32.4,32.4,35.6,300.0,300.0,29.6,36.2,33.5,33.0,35.4,4.95,2.0,4.96,0.15,0.0,0.0,1027.0,8228.0,0.0,0.0,0.0,0.0,0.0,1.0,0.0,0.0,0.0,-0.001,0.0,0.5,0.0,-14.0,-12.8,0.0146,16.0,25903.0
2026-07-30T18:58:01.907Z,51.39,51.402,-7.5,7.4,0.0,0.0,0.0,0.0,0.0,1.0,1.0,0.0,1.0,0.0,0.0,0.0,8.0,6.0,0.0,0.0,0.0,0.0,0.0,0.0,0.0,0.0,4.0,12.0,1.0,12.05,5.01,2.51,1.49,-2.2,0.2,2.2,301.1,-0.1,-10.3,2.9000000000000004,11.0,-82.60000000000001,0.0,0.0,219.9,0.0,22.1,32.4,32.4,35.6,300.0,300.0,29.6,36.2,33.5,33.0,35.4,4.95,2.0,4.96,0.16,0.0,0.0,1027.0,8228.0,0.0,0.0,0.0,0.0,0.0,1.0,0.0,0.0,0.0,-0.001,0.0,0.3,0.0,-14.7,-12.8,0.0156,16.0,25903.0
2026-07-30T18:58:01.919Z,51.402,51.414,-7.5,7.4,0.0,0.0,0.0,0.0,0.0,1.0,1.0,0.0,1.0,0.0,0.0,0.0,8.0,6.0,0.0,0.0,0.0,0.0,0.0,0.0,0.0,0.0,6.0,12.0,1.0,12.06,5.01,2.5,1.49,-2.1,0.3,2.2,301.0,-0.1,-10.3,2.3000000000000003,12.2,-82.60000000000001,0.0,0.0,219.7,0.0,22.3,32.4,32.4,35.6,300.0,300.0,29.700000000000003,36.1,33.5,33.1,35.300000000000004,4.96,2.0,4.96,0.16,0.0,0.0,1027.0,8228.0,0.0,0.0,0.0,0.0,0.0,1.0,0.0,0.0,0.0,-0.001,0.0,-0.3,0.0,-15.6,-12.8,0.016,16.0,25903.0
2026-07-30T18:58:01.931Z,51.414,51.426,-7.4,7.4,0.0,0.0,0.0,0.0,0.0,1.0,1.0,0.0,1.0,0.0,0.0,0.0,8.0,6.0,0.0,0.0,0.0,0.0,0.0,0.0,0.0,0.0,1.0,12.0,1.0,12.06,5.01,2.5,1.49,-2.2,0.2,2.3000000000000003,301.1,-0.1,-11.4,3.5,9.3,-82.60000000000001,0.0,0.0,219.7,0.0,22.3,32.4,32.4,35.6,300.0,300.0,29.700000000000003,36.1,33.5,33.1,35.300000000000004,4.96,2.0,4.96,0.16,0.0,0.0,1027.0,8228.0,0.0,0.0,0.0,0.0,0.0,1.0,0.0,0.0,0.0,-0.001,0.0,1.3,0.0,-13.1,-12.7,0.0161,16.0,25903.0
2026-07-30T18:58:01.943Z,51.426,51.438,-7.4,7.4,0.0,0.0,0.0,0.0,0.0,1.0,1.0,0.0,1.0,0.0,0.0,0.0,8.0,6.0,0.0,0.0,0.0,0.0,0.0,0.0,0.0,0.0,2.0,12.0,1.0,12.06,5.01,2.5,1.49,-2.3000000000000003,0.2,2.3000000000000003,301.1,-0.1,-11.4,2.3000000000000003,9.9,-82.60000000000001,0.0,0.0,219.8,0.0,22.3,32.4,32.4,35.6,300.0,300.0,29.700000000000003,36.1,33.5,33.1,35.300000000000004,4.95,2.0,4.96,0.16,0.0,0.0,1027.0,8228.0,0.0,0.0,0.0,0.0,0.0,1.0,0.0,0.0,0.0,-0.001,0.0,0.1,0.0,-12.9,-12.8,0.0156,16.0,25903.0
2026-07-30T18:58:01.955Z,51.438,51.45,-7.4,7.4,0.0,0.0,0.0,0.0,0.0,1.0,1.0,0.0,1.0,0.0,0.0,0.0,8.0,6.0,0.0,0.0,0.0,0.0,0.0,0.0,0.0,0.0,3.0,12.0,1.0,12.06,5.01,2.5,1.49,-2.3000000000000003,0.2,2.3000000000000003,301.0,0.0,-12.0,1.7000000000000002,8.700000000000001,-82.60000000000001,0.0,0.0,219.7,0.0,22.3,32.4,32.4,35.6,300.0,300.0,29.700000000000003,36.1,33.5,33.1,35.300000000000004,4.96,2.0,4.97,0.16,0.0,0.0,1027.0,8228.0,0.0,0.0,0.0,0.0,0.0,1.0,0.0,0.0,0.0,-0.001,0.0,-0.1,0.0,-11.2,-12.8,0.0161,16.0,25903.0
2026-07-30T18:58:01.967Z,51.45,51.462,-7.4,7.4,0.0,0.0,0.0,0.0,0.0,1.0,1.0,0.0,1.0,0.0,0.0,0.0,8.0,6.0,0.0,0.0,0.0,0.0,0.0,0.0,0.0,0.0,4.0,12.0,1.0,12.06,5.01,2.5,1.49,-2.3000000000000003,0.3,2.4000000000000004,301.1,0.0,-12.0,0.5,8.1,-82.60000000000001,0.0,0.0,219.9,0.0,22.3,32.4,32.4,35.6,300.0,300.0,29.700000000000003,36.1,33.5,33.1,35.300000000000004,4.96,2.0,4.96,0.16,0.0,0.0,1027.0,8228.0,0.0,0.0,0.0,0.0,0.0,1.0,0.0,0.0,0.0,-0.001,0.0,-1.0,0.0,-9.6,-12.8,0.016,16.0,25903.0
2026-07-30T18:58:01.979Z,51.462,51.474,-7.5,7.4,0.0,0.0,0.0,0.0,0.0,1.0,1.0,0.0,1.0,0.0,0.0,0.0,8.0,6.0,0.0,0.0,0.0,0.0,0.0,0.0,0.0,0.0,5.0,12.0,1.0,12.06,5.01,2.5,1.49,-2.3000000000000003,0.2,2.3000000000000003,301.1,0.0,-12.6,1.7000000000000002,9.3,-82.7,0.0,0.0,219.8,0.0,22.3,32.4,32.4,35.6,300.0,300.0,29.700000000000003,36.1,33.5,33.1,35.300000000000004,4.96,2.0,4.96,0.16,0.0,0.0,1027.0,8228.0,0.0,0.0,0.0,0.0,0.0,1.0,0.0,0.0,0.0,-0.001,0.0,-0.2,0.0,-11.8,-12.8,0.0158,16.0,25903.0
2026-07-30T18:58:01.991Z,51.474,51.486,-7.4,7.4,0.0,0.0,0.0,0.0,0.0,1.0,1.0,0.0,1.0,0.0,0.0,0.0,8.0,6.0,0.0,0.0,0.0,0.0,0.0,0.0,0.0,0.0,6.0,12.0,1.0,12.06,5.01,2.5,1.49,-2.2,0.2,2.2,301.1,0.0,-12.0,1.1,8.700000000000001,-82.7,0.0,0.0,219.9,0.0,22.3,32.4,32.4,35.6,300.0,300.0,29.700000000000003,36.1,33.5,33.1,35.300000000000004,4.95,2.0,4.96,0.16,0.0,0.0,1027.0,8228.0,0.0,0.0,0.0,0.0,0.0,1.0,0.0,0.0,0.0,-0.001,0.0,0.4,0.0,-14.7,-12.8,0.0156,16.0,25903.0
2026-07-30T18:58:02.003Z,51.486,51.498,-7.4,7.4,0.0,0.0,0.0,0.0,0.0,1.0,1.0,0.0,1.0,0.0,0.0,0.0,8.0,6.0,0.0,0.0,0.0,0.0,0.0,0.0,0.0,0.0,1.0,12.0,1.0,12.06,5.01,2.5,1.49,-2.3000000000000003,0.2,2.3000000000000003,301.0,-0.1,-12.0,1.1,9.9,-82.7,0.0,0.0,219.8,0.0,22.3,32.4,32.4,35.6,300.0,300.0,29.700000000000003,36.1,33.5,33.1,35.300000000000004,4.95,2.0,4.96,0.16,0.0,0.0,1027.0,8228.0,0.0,0.0,0.0,0.0,0.0,1.0,0.0,0.0,0.0,-0.001,0.0,0.1,0.0,-12.9,-12.8,0.015,16.0,25903.0
2026-07-30T18:58:02.016Z,51.499,51.51,-7.5,7.4,0.0,0.0,0.0,0.0,0.0,1.0,1.0,0.0,1.0,0.0,0.0,0.0,8.0,6.0,0.0,0.0,0.0,0.0,0.0,0.0,0.0,0.0,3.0,12.0,1.0,12.05,5.01,2.5,1.5,-2.2,0.3,2.3000000000000003,301.1,-0.1,-11.4,1.1,11.0,-82.7,0.0,0.0,219.6,0.0,22.1,32.4,32.4,35.7,300.0,300.0,29.700000000000003,36.1,33.5,33.1,35.4,4.96,2.0,4.96,0.16,0.0,0.0,1027.0,8228.0,0.0,0.0,0.0,0.0,0.0,1.0,0.0,0.0,0.0,-0.001,0.0,-1.0,0.0,-13.4,-12.8,0.0155,16.0,25903.0
2026-07-30T18:58:02.026Z,51.509,51.522,-7.5,7.4,0.0,0.0,0.0,0.0,0.0,1.0,1.0,0.0,1.0,0.0,0.0,0.0,8.0,6.0,0.0,0.0,0.0,0.0,0.0,0.0,0.0,0.0,5.0,12.0,1.0,12.05,5.01,2.5,1.5,-2.3000000000000003,0.2,2.3000000000000003,301.1,-0.1,-12.0,2.3000000000000003,9.9,-82.60000000000001,0.0,0.0,219.6,0.0,22.1,32.4,32.4,35.7,300.0,300.0,29.700000000000003,36.1,33.5,33.1,35.4,4.96,2.0,4.97,0.16,0.0,0.0,1027.0,8228.0,0.0,0.0,0.0,0.0,0.0,1.0,0.0,0.0,0.0,-0.001,0.0,0.1,0.0,-12.9,-12.7,0.0154,16.0,25903.0
2026-07-30T18:58:02.039Z,51.522,51.534,-7.4,7.4,0.0,0.0,0.0,0.0,0.0,1.0,1.0,0.0,1.0,0.0,0.0,0.0,8.0,6.0,0.0,0.0,0.0,0.0,0.0,0.0,0.0,0.0,6.0,12.0,1.0,12.05,5.01,2.5,1.5,-2.2,0.2,2.2,300.90000000000003,-0.1,-10.3,3.5,10.4,-82.60000000000001,0.0,0.0,219.8,0.0,22.1,32.4,32.4,35.7,300.0,300.0,29.700000000000003,36.1,33.5,33.1,35.4,4.95,2.0,4.97,0.16,0.0,0.0,1027.0,8228.0,0.0,0.0,0.0,0.0,0.0,1.0,0.0,0.0,0.0,-0.001,0.0,1.0,0.0,-14.5,-12.7,0.0154,16.0,25903.0
2026-07-30T18:58:02.050Z,51.533,51.546,-7.4,7.4,0.0,0.0,0.0,0.0,0.0,1.0,1.0,0.0,1.0,0.0,0.0,0.0,8.0,6.0,0.0,0.0,0.0,0.0,0.0,0.0,0.0,0.0,2.0,12.0,1.0,12.05,5.01,2.5,1.5,-2.2,0.3,2.2,301.1,-0.1,-12.0,2.3000000000000003,11.0,-82.60000000000001,0.0,0.0,219.7,0.0,22.1,32.4,32.4,35.7,300.0,300.0,29.700000000000003,36.1,33.5,33.1,35.4,4.96,2.0,4.96,0.16,0.0,0.0,1027.0,8228.0,0.0,0.0,0.0,0.0,0.0,1.0,0.0,0.0,0.0,-0.001,0.0,0.0,0.0,-14.3,-12.8,0.0151,16.0,25903.0
2026-07-30T18:58:02.067Z,51.55,51.558,-7.4,7.4,0.0,0.0,0.0,0.0,0.0,1.0,1.0,0.0,1.0,0.0,0.0,0.0,8.0,6.0,0.0,0.0,0.0,0.0,0.0,0.0,0.0,0.0,3.0,12.0,1.0,12.05,5.01,2.5,1.5,-2.3000000000000003,0.2,2.3000000000000003,301.1,-0.1,-11.4,2.9000000000000004,9.3,-82.60000000000001,0.0,0.0,219.7,0.0,22.1,32.4,32.4,35.7,300.0,300.0,29.700000000000003,36.1,33.5,33.1,35.4,4.96,2.0,4.97,0.16,0.0,0.0,1027.0,8228.0,0.0,0.0,0.0,0.0,0.0,1.0,0.0,0.0,0.0,-0.001,0.0,0.7000000000000001,0.0,-12.7,-12.8,0.0152,16.0,25903.0
2026-07-30T18:58:02.074Z,51.557,51.57,-7.5,7.4,0.0,0.0,0.0,0.0,0.0,1.0,1.0,0.0,1.0,0.0,0.0,0.0,8.0,6.0,0.0,0.0,0.0,0.0,0.0,0.0,0.0,0.0,2.0,12.0,1.0,12.05,5.01,2.5,1.5,-2.2,0.2,2.2,301.0,-0.1,-10.9,3.5,10.4,-82.60000000000001,0.0,0.0,219.7,0.0,22.1,32.4,32.4,35.7,300.0,300.0,29.700000000000003,36.1,33.5,33.1,35.4,4.96,2.0,4.96,0.16,0.0,0.0,1027.0,8228.0,0.0,0.0,0.0,0.0,0.0,1.0,0.0,0.0,0.0,-0.001,0.0,1.0,0.0,-14.5,-12.8,0.0155,16.0,25903.0
2026-07-30T18:58:02.087Z,51.57,51.582,-7.5,7.4,0.0,0.0,0.0,0.0,0.0,1.0,1.0,0.0,1.0,0.0,0.0,0.0,8.0,6.0,0.0,0.0,0.0,0.0,0.0,0.0,0.0,0.0,3.0,12.0,1.0,12.05,5.01,2.5,1.5,-2.3000000000000003,0.3,2.3000000000000003,301.1,-0.1,-12.0,1.7000000000000002,9.9,-82.60000000000001,0.0,0.0,219.7,0.0,22.1,32.4,32.4,35.7,300.0,300.0,29.700000000000003,36.1,33.5,33.1,35.4,4.96,2.0,4.96,0.16,0.0,0.0,1027.0,8228.0,0.0,0.0,0.0,0.0,0.0,1.0,0.0,0.0,0.0,-0.001,0.0,-0.3,0.0,-12.5,-12.8,0.0151,16.0,25903.0
2026-07-30T18:58:02.099Z,51.582,51.594,-7.4,7.4,0.0,0.0,0.0,0.0,0.0,1.0,1.0,0.0,1.0,0.0,0.0,0.0,8.0,6.0,0.0,0.0,0.0,0.0,0.0,0.0,0.0,0.0,4.0,12.0,1.0,12.05,5.01,2.5,1.5,-2.2,0.2,2.3000000000000003,301.1,-0.1,-11.4,2.9000000000000004,9.9,-82.60000000000001,0.0,0.0,219.7,0.0,22.1,32.4,32.4,35.7,300.0,300.0,29.700000000000003,36.1,33.5,33.1,35.4,4.95,2.0,4.96,0.16,0.0,0.0,1027.0,8228.0,0.0,0.0,0.0,0.0,0.0,1.0,0.0,0.0,0.0,-0.001,0.0,0.6000000000000001,0.0,-13.4,-12.8,0.0156,16.0,25903.0
2026-07-30T18:58:02.110Z,51.593,51.606,-7.4,7.4,0.0,0.0,0.0,0.0,0.0,1.0,1.0,0.0,1.0,0.0,0.0,0.0,8.0,6.0,0.0,0.0,0.0,0.0,0.0,0.0,0.0,0.0,6.0,12.0,1.0,12.05,5.01,2.5,1.5,-2.2,0.2,2.2,301.0,-0.1,-11.4,2.3000000000000003,11.0,-82.60000000000001,0.0,0.0,219.8,0.0,22.1,32.4,32.4,35.7,300.0,300.0,29.700000000000003,36.1,33.5,33.1,35.4,4.96,1.99,4.96,0.16,0.0,0.0,1027.0,8228.0,0.0,0.0,0.0,0.0,0.0,1.0,0.0,0.0,0.0,-0.001,0.0,-0.1,0.0,-14.3,-12.8,0.0153,16.0,25903.0
2026-07-30T18:58:02.123Z,51.606,51.618,-7.5,7.4,0.0,0.0,0.0,0.0,0.0,1.0,1.0,0.0,1.0,0.0,0.0,0.0,8.0,6.0,0.0,0.0,0.0,0.0,0.0,0.0,0.0,0.0,1.0,12.0,1.0,12.05,5.0200000000000005,2.51,1.49,-2.2,0.2,2.2,301.1,-0.1,-11.4,2.9000000000000004,9.9,-82.60000000000001,0.0,0.0,219.7,0.0,21.9,32.4,32.4,35.7,300.0,300.0,29.700000000000003,36.2,33.6,33.2,35.4,4.96,2.0,4.96,0.16,0.0,0.0,1027.0,8228.0,0.0,0.0,0.0,0.0,0.0,1.0,0.0,0.0,0.0,-0.001,0.0,0.6000000000000001,0.0,-13.4,-12.8,0.0152,16.0,25903.0
2026-07-30T18:58:02.134Z,51.617,51.63,-7.5,7.4,0.0,0.0,0.0,0.0,0.0,1.0,1.0,0.0,1.0,0.0,0.0,0.0,8.0,6.0,0.0,0.0,0.0,0.0,0.0,0.0,0.0,0.0,3.0,12.0,1.0,12.05,5.0200000000000005,2.51,1.49,-2.3000000000000003,0.3,2.3000000000000003,301.0,-0.1,-12.0,1.7000000000000002,9.9,-82.60000000000001,0.0,0.0,219.8,0.0,21.9,32.4,32.4,35.7,300.0,300.0,29.700000000000003,36.2,33.6,33.2,35.4,4.96,2.0,4.96,0.16,0.0,0.0,1027.0,8228.0,0.0,0.0,0.0,0.0,0.0,1.0,0.0,0.0,0.0,-0.001,0.0,-0.3,0.0,-12.5,-12.7,0.0152,16.0,25903.0
2026-07-30T18:58:02.147Z,51.63,51.642,-7.4,7.4,0.0,0.0,0.0,0.0,0.0,1.0,1.0,0.0,1.0,0.0,0.0,0.0,8.0,6.0,0.0,0.0,0.0,0.0,0.0,0.0,0.0,0.0,4.0,12.0,1.0,12.05,5.0200000000000005,2.51,1.49,-2.3000000000000003,0.2,2.3000000000000003,301.1,0.0,-12.0,2.3000000000000003,8.700000000000001,-82.60000000000001,0.0,0.0,219.8,0.0,21.9,32.4,32.4,35.7,300.0,300.0,29.700000000000003,36.2,33.6,33.2,35.4,4.95,2.0,4.97,0.16,0.0,0.0,1027.0,8228.0,0.0,0.0,0.0,0.0,0.0,1.0,0.0,0.0,0.0,-0.001,0.0,0.3,0.0,-11.6,-12.7,0.0154,16.0,25903.0
2026-07-30T18:58:02.159Z,51.642,51.654,-7.4,7.4,0.0,0.0,0.0,0.0,0.0,1.0,1.0,0.0,1.0,0.0,0.0,0.0,8.0,6.0,0.0,0.0,0.0,0.0,0.0,0.0,0.0,0.0,6.0,12.0,1.0,12.05,5.0200000000000005,2.51,1.49,-2.3000000000000003,0.3,2.3000000000000003,301.1,0.0,-12.6,0.5,9.3,-82.60000000000001,0.0,0.0,219.6,0.0,21.9,32.4,32.4,35.7,300.0,300.0,29.700000000000003,36.2,33.6,33.2,35.4,4.96,2.0,4.96,0.16,0.0,0.0,1027.0,8228.0,0.0,0.0,0.0,0.0,0.0,1.0,0.0,0.0,0.0,-0.001,0.0,-1.2000000000000002,0.0,-11.0,-12.8,0.0157,16.0,25903.0
2026-07-30T18:58:02.171Z,51.654,51.666,-7.5,7.4,0.0,0.0,0.0,0.0,0.0,1.0,1.0,0.0,1.0,0.0,0.0,0.0,8.0,6.0,0.0,0.0,0.0,0.0,0.0,0.0,0.0,0.0,5.0,12.0,1.0,12.05,5.0200000000000005,2.51,1.49,-2.2,0.2,2.3000000000000003,300.90000000000003,0.0,-12.0,2.3000000000000003,9.9,-82.60000000000001,0.0,0.0,219.6,0.0,21.9,32.4,32.4,35.7,300.0,300.0,29.700000000000003,36.2,33.6,33.2,35.4,4.96,2.0,4.97,0.16,0.0,0.0,1027.0,8228.0,0.0,0.0,0.0,0.0,0.0,1.0,0.0,0.0,0.0,-0.001,0.0,0.1,0.0,-12.9,-12.8,0.0159,16.0,25903.0
2026-07-30T18:58:02.183Z,51.666,51.678,-7.4,7.4,0.0,0.0,0.0,0.0,0.0,1.0,1.0,0.0,1.0,0.0,0.0,0.0,8.0,6.0,0.0,0.0,0.0,0.0,0.0,0.0,0.0,0.0,1.0,12.0,1.0,12.05,5.0200000000000005,2.51,1.49,-2.3000000000000003,0.2,2.3000000000000003,301.0,0.0,-11.4,2.3000000000000003,8.700000000000001,-82.60000000000001,0.0,0.0,219.7,0.0,21.9,32.4,32.4,35.7,300.0,300.0,29.700000000000003,36.2,33.6,33.2,35.4,4.95,2.0,4.97,0.16,0.0,0.0,1027.0,8228.0,0.0,0.0,0.0,0.0,0.0,1.0,0.0,0.0,0.0,-0.001,0.0,0.3,0.0,-11.6,-12.7,0.0153,16.0,25903.0
2026-07-30T18:58:02.194Z,51.677,51.69,-7.4,7.4,0.0,0.0,0.0,0.0,0.0,1.0,1.0,0.0,1.0,0.0,0.0,0.0,8.0,6.0,0.0,0.0,0.0,0.0,0.0,0.0,0.0,0.0,2.0,12.0,1.0,12.05,5.0200000000000005,2.51,1.49,-2.3000000000000003,0.3,2.3000000000000003,301.1,0.0,-12.0,1.7000000000000002,9.9,-82.60000000000001,0.0,0.0,219.7,0.0,21.9,32.4,32.4,35.7,300.0,300.0,29.700000000000003,36.2,33.6,33.2,35.4,4.95,2.0,4.97,0.16,0.0,0.0,1027.0,8228.0,0.0,0.0,0.0,0.0,0.0,1.0,0.0,0.0,0.0,-0.001,0.0,-0.3,0.0,-12.5,-12.8,0.0157,16.0,25903.0
2026-07-30T18:58:02.207Z,51.69,51.702,-7.5,7.4,0.0,0.0,0.0,0.0,0.0,1.0,1.0,0.0,1.0,0.0,0.0,0.0,8.0,6.0,0.0,0.0,0.0,0.0,0.0,0.0,0.0,0.0,3.0,12.0,1.0,12.05,5.0200000000000005,2.51,1.49,-2.4000000000000004,0.3,2.4000000000000004,301.0,0.0,-13.2,0.0,8.1,-82.60000000000001,0.0,0.0,219.7,0.0,21.9,32.4,32.4,35.7,300.0,300.0,29.700000000000003,36.2,33.6,33.2,35.4,4.96,2.0,4.96,0.16,0.0,0.0,1027.0,8228.0,0.0,0.0,0.0,0.0,0.0,1.0,0.0,0.0,0.0,-0.001,0.0,-1.5,0.0,-9.2,-12.8,0.0155,16.0,25903.0
2026-07-30T18:58:02.220Z,51.703,51.714,-7.5,7.4,0.0,0.0,0.0,0.0,0.0,1.0,1.0,0.0,1.0,0.0,0.0,0.0,8.0,6.0,0.0,0.0,0.0,0.0,0.0,0.0,0.0,0.0,4.0,12.0,1.0,12.02,5.0200000000000005,2.51,1.49,-2.3000000000000003,0.3,2.3000000000000003,301.0,-0.1,-13.2,1.1,9.3,-82.60000000000001,0.0,0.0,219.8,0.0,22.200000000000003,32.5,32.4,35.7,300.0,300.0,29.700000000000003,36.2,33.6,33.2,35.5,4.96,2.0,4.96,0.16,0.0,0.0,1027.0,8228.0,0.0,0.0,0.0,0.0,0.0,1.0,0.0,0.0,0.0,-0.001,0.0,-0.7000000000000001,0.0,-11.4,-12.7,0.0162,16.0,25903.0
2026-07-30T18:58:02.231Z,51.714,51.726,-7.4,7.4,0.0,0.0,0.0,0.0,0.0,1.0,1.0,0.0,1.0,0.0,0.0,0.0,8.0,6.0,0.0,0.0,0.0,0.0,0.0,0.0,0.0,0.0,6.0,12.0,1.0,12.02,5.0200000000000005,2.51,1.49,-2.3000000000000003,0.3,2.4000000000000004,301.1,-0.1,-14.4,1.1,8.700000000000001,-82.60000000000001,0.0,0.0,219.6,0.0,22.200000000000003,32.5,32.4,35.7,300.0,300.0,29.700000000000003,36.2,33.6,33.2,35.5,4.95,2.0,4.96,0.16,0.0,0.0,1027.0,8228.0,0.0,0.0,0.0,0.0,0.0,1.0,0.0,0.0,0.0,-0.001,0.0,-0.6000000000000001,0.0,-10.8,-12.8,0.0157,16.0,25903.0
2026-07-30T18:58:02.243Z,51.726,51.738,-7.4,7.4,0.0,0.0,0.0,0.0,0.0,1.0,1.0,0.0,1.0,0.0,0.0,0.0,8.0,6.0,0.0,0.0,0.0,0.0,0.0,0.0,0.0,0.0,1.0,12.0,1.0,12.02,5.0200000000000005,2.51,1.49,-2.4000000000000004,0.3,2.4000000000000004,300.90000000000003,-0.1,-12.6,1.1,8.1,-82.60000000000001,0.0,0.0,219.6,0.0,22.200000000000003,32.5,32.4,35.7,300.0,300.0,29.700000000000003,36.2,33.6,33.2,35.5,4.95,2.0,4.97,0.16,0.0,0.0,1027.0,8228.0,0.0,0.0,0.0,0.0,0.0,1.0,0.0,0.0,0.0,-0.001,0.0,-0.5,0.0,-10.1,-12.8,0.016,16.0,25903.0
2026-07-30T18:58:02.255Z,51.738,51.75,-7.5,7.4,0.0,0.0,0.0,0.0,0.0,1.0,1.0,0.0,1.0,0.0,0.0,0.0,8.0,6.0,0.0,0.0,0.0,0.0,0.0,0.0,0.0,0.0,2.0,12.0,1.0,12.02,5.0200000000000005,2.51,1.49,-2.3000000000000003,0.3,2.3000000000000003,301.1,-0.1,-11.4,1.7000000000000002,9.3,-82.60000000000001,0.0,0.0,219.6,0.0,22.200000000000003,32.5,32.4,35.7,300.0,300.0,29.700000000000003,36.2,33.6,33.2,35.5,4.95,2.0,4.96,0.16,0.0,0.0,1027.0,8228.0,0.0,0.0,0.0,0.0,0.0,1.0,0.0,0.0,0.0,-0.001,0.0,-0.2,0.0,-11.9,-12.8,0.0161,16.0,25903.0
2026-07-30T18:58:02.267Z,51.75,51.762,-7.5,7.4,0.0,0.0,0.0,0.0,0.0,1.0,1.0,0.0,1.0,0.0,0.0,0.0,8.0,6.0,0.0,0.0,0.0,0.0,0.0,0.0,0.0,0.0,3.0,12.0,1.0,12.02,5.0200000000000005,2.51,1.49,-2.3000000000000003,0.3,2.4000000000000004,301.1,-0.1,-13.2,1.1,8.1,-82.60000000000001,0.0,0.0,219.7,0.0,22.200000000000003,32.5,32.4,35.7,300.0,300.0,29.700000000000003,36.2,33.6,33.2,35.5,4.95,2.0,4.96,0.16,0.0,0.0,1027.0,8228.0,0.0,0.0,0.0,0.0,0.0,1.0,0.0,0.0,0.0,-0.001,0.0,-0.5,0.0,-10.1,-12.8,0.0157,16.0,25903.0
2026-07-30T18:58:02.279Z,51.762,51.774,-7.4,7.4,0.0,0.0,0.0,0.0,0.0,1.0,1.0,0.0,1.0,0.0,0.0,0.0,8.0,6.0,0.0,0.0,0.0,0.0,0.0,0.0,0.0,0.0,3.0,12.0,1.0,12.02,5.0200000000000005,2.51,1.49,-2.2,0.2,2.3000000000000003,301.1,-0.1,-11.4,2.3000000000000003,10.4,-82.60000000000001,0.0,0.0,219.8,0.0,22.200000000000003,32.5,32.4,35.7,300.0,300.0,29.700000000000003,36.2,33.6,33.2,35.5,4.95,2.0,4.96,0.16,0.0,0.0,1027.0,8228.0,0.0,0.0,0.0,0.0,0.0,1.0,0.0,0.0,0.0,-0.001,0.0,0.0,0.0,-13.6,-12.8,0.016,16.0,25903.0
2026-07-30T18:58:02.291Z,51.774,51.786,-7.4,7.4,0.0,0.0,0.0,0.0,0.0,1.0,1.0,0.0,1.0,0.0,0.0,0.0,8.0,6.0,0.0,0.0,0.0,0.0,0.0,0.0,0.0,0.0,4.0,12.0,1.0,12.02,5.0200000000000005,2.51,1.49,-2.3000000000000003,0.3,2.3000000000000003,301.0,-0.1,-12.6,1.7000000000000002,10.4,-82.60000000000001,0.0,0.0,219.8,0.0,22.200000000000003,32.5,32.4,35.7,300.0,300.0,29.700000000000003,36.2,33.6,33.2,35.5,4.96,2.0,4.96,0.17,0.0,0.0,1027.0,8228.0,0.0,0.0,0.0,0.0,0.0,1.0,0.0,0.0,0.0,-0.001,0.0,-0.5,0.0,-13.2,-12.8,0.0153,16.0,25903.0
2026-07-30T18:58:02.303Z,51.786,51.798,-7.5,7.4,0.0,0.0,0.0,0.0,0.0,1.0,1.0,0.0,1.0,0.0,0.0,0.0,8.0,6.0,0.0,0.0,0.0,0.0,0.0,0.0,0.0,0.0,6.0,12.0,1.0,12.02,5.0200000000000005,2.51,1.49,-2.3000000000000003,0.2,2.3000000000000003,301.1,-0.1,-11.4,2.3000000000000003,8.700000000000001,-82.60000000000001,0.0,0.0,219.7,0.0,22.200000000000003,32.5,32.4,35.7,300.0,300.0,29.700000000000003,36.2,33.6,33.2,35.5,4.95,2.0,4.97,0.17,0.0,0.0,1027.0,8228.0,0.0,0.0,0.0,0.0,0.0,1.0,0.0,0.0,0.0,-0.001,0.0,0.3,0.0,-11.6,-12.9,0.0155,16.0,25903.0
2026-07-30T18:58:02.315Z,51.798,51.81,-7.5,7.4,0.0,0.0,0.0,0.0,0.0,1.0,1.0,0.0,1.0,0.0,0.0,0.0,8.0,6.0,0.0,0.0,0.0,0.0,0.0,0.0,0.0,0.0,1.0,12.0,1.0,12.02,5.0200000000000005,2.51,1.49,-2.2,0.2,2.2,301.1,-0.1,-11.4,2.3000000000000003,11.0,-82.60000000000001,0.0,0.0,219.8,0.0,22.200000000000003,32.5,32.4,35.7,300.0,300.0,29.700000000000003,36.2,33.6,33.2,35.5,4.95,2.0,4.96,0.16,0.0,0.0,1027.0,8228.0,0.0,0.0,0.0,0.0,0.0,1.0,0.0,0.0,0.0,-0.001,0.0,0.0,0.0,-14.3,-12.7,0.0157,16.0,25903.0
2026-07-30T18:58:02.327Z,51.81,51.822,-7.5,7.4,0.0,0.0,0.0,0.0,0.0,1.0,1.0,0.0,1.0,0.0,0.0,0.0,8.0,6.0,0.0,0.0,0.0,0.0,0.0,0.0,0.0,0.0,2.0,12.0,1.0,12.06,5.0200000000000005,2.51,1.49,-2.2,0.2,2.3000000000000003,301.1,-0.1,-11.4,2.3000000000000003,9.9,-82.60000000000001,0.0,0.0,219.8,0.0,22.3,32.5,32.5,35.7,300.0,300.0,29.700000000000003,36.1,33.6,33.2,35.5,4.95,2.0,4.96,0.16,0.0,0.0,1027.0,8228.0,0.0,0.0,0.0,0.0,0.0,1.0,0.0,0.0,0.0,-0.001,0.0,0.1,0.0,-12.9,-12.7,0.0151,16.0,25903.0
2026-07-30T18:58:02.339Z,51.822,51.834,-7.4,7.4,0.0,0.0,0.0,0.0,0.0,1.0,1.0,0.0,1.0,0.0,0.0,0.0,8.0,6.0,0.0,0.0,0.0,0.0,0.0,0.0,0.0,0.0,3.0,12.0,1.0,12.06,5.0200000000000005,2.51,1.49,-2.3000000000000003,0.2,2.3000000000000003,301.1,-0.1,-11.4,2.3000000000000003,8.700000000000001,-82.60000000000001,0.0,0.0,219.8,0.0,22.3,32.5,32.5,35.7,300.0,300.0,29.700000000000003,36.1,33.6,33.2,35.5,4.95,2.0,4.96,0.16,0.0,0.0,1027.0,8228.0,0.0,0.0,0.0,0.0,0.0,1.0,0.0,0.0,0.0,-0.001,0.0,0.3,0.0,-11.6,-12.7,0.0153,16.0,25903.0
2026-07-30T18:58:02.350Z,51.833,51.846,-7.5,7.4,0.0,0.0,0.0,0.0,0.0,1.0,1.0,0.0,1.0,0.0,0.0,0.0,8.0,6.0,0.0,0.0,0.0,0.0,0.0,0.0,0.0,0.0,4.0,12.0,1.0,12.06,5.0200000000000005,2.51,1.49,-2.2,0.2,2.2,301.0,-0.1,-10.9,2.9000000000000004,10.4,-82.60000000000001,0.0,0.0,219.7,0.0,22.3,32.5,32.5,35.7,300.0,300.0,29.700000000000003,36.1,33.6,33.2,35.5,4.95,2.0,4.96,0.16,0.0,0.0,1027.0,8228.0,0.0,0.0,0.0,0.0,0.0,1.0,0.0,0.0,0.0,-0.001,0.0,0.5,0.0,-14.0,-12.8,0.0157,16.0,25903.0
2026-07-30T18:58:02.362Z,51.845,51.858,-7.5,7.4,0.0,0.0,0.0,0.0,0.0,1.0,1.0,0.0,1.0,0.0,0.0,0.0,8.0,6.0,0.0,0.0,0.0,0.0,0.0,0.0,0.0,0.0,5.0,12.0,1.0,12.06,5.0200000000000005,2.51,1.49,-2.2,0.2,2.2,301.1,-0.1,-10.9,3.5,9.3,-82.60000000000001,0.0,0.0,219.7,0.0,22.3,32.5,32.5,35.7,300.0,300.0,29.700000000000003,36.1,33.6,33.2,35.5,4.95,2.0,4.96,0.16,0.0,0.0,1027.0,8228.0,0.0,0.0,0.0,0.0,0.0,1.0,0.0,0.0,0.0,-0.001,0.0,1.2000000000000002,0.0,-13.1,-12.7,0.015,16.0,25903.0
2026-07-30T18:58:02.375Z,51.858,51.870000000000005,-7.4,7.4,0.0,0.0,0.0,0.0,0.0,1.0,1.0,0.0,1.0,0.0,0.0,0.0,8.0,6.0,0.0,0.0,0.0,0.0,0.0,0.0,0.0,0.0,6.0,12.0,1.0,12.06,5.0200000000000005,2.51,1.49,-2.3000000000000003,0.2,2.3000000000000003,300.90000000000003,-0.1,-11.4,2.3000000000000003,9.3,-82.60000000000001,0.0,0.0,219.8,0.0,22.3,32.5,32.5,35.7,300.0,300.0,29.700000000000003,36.1,33.6,33.2,35.5,4.95,2.0,4.96,0.16,0.0,0.0,1027.0,8228.0,0.0,0.0,0.0,0.0,0.0,1.0,0.0,0.0,0.0,-0.001,0.0,0.2,0.0,-12.3,-12.7,0.0152,16.0,25903.0
2026-07-30T18:58:02.387Z,51.87,51.882,-7.4,7.4,0.0,0.0,0.0,0.0,0.0,1.0,1.0,0.0,1.0,0.0,0.0,0.0,8.0,6.0,0.0,0.0,0.0,0.0,0.0,0.0,0.0,0.0,1.0,12.0,1.0,12.06,5.0200000000000005,2.51,1.49,-2.2,0.2,2.3000000000000003,301.0,-0.1,-12.0,2.3000000000000003,9.9,-82.60000000000001,0.0,0.0,219.8,0.0,22.3,32.5,32.5,35.7,300.0,300.0,29.700000000000003,36.1,33.6,33.2,35.5,4.96,2.0,4.97,0.16,0.0,0.0,1027.0,8228.0,0.0,0.0,0.0,0.0,0.0,1.0,0.0,0.0,0.0,-0.001,0.0,0.1,0.0,-12.9,-12.8,0.0155,16.0,25903.0
2026-07-30T18:58:02.399Z,51.882,51.894,-7.4,7.4,0.0,0.0,0.0,0.0,0.0,1.0,1.0,0.0,1.0,0.0,0.0,0.0,8.0,6.0,0.0,0.0,0.0,0.0,0.0,0.0,0.0,0.0,6.0,12.0,1.0,12.06,5.0200000000000005,2.51,1.49,-2.3000000000000003,0.3,2.3000000000000003,301.1,-0.1,-12.0,1.1,9.9,-82.60000000000001,0.0,0.0,219.8,0.0,22.3,32.5,32.5,35.7,300.0,300.0,29.700000000000003,36.1,33.6,33.2,35.5,4.96,2.0,4.96,0.16,0.0,0.0,1027.0,8228.0,0.0,0.0,0.0,0.0,0.0,1.0,0.0,0.0,0.0,-0.001,0.0,-0.9,0.0,-12.1,-12.8,0.0154,16.0,25903.0
2026-07-30T18:58:02.411Z,51.894,51.906,-7.4,7.4,0.0,0.0,0.0,0.0,0.0,1.0,1.0,0.0,1.0,0.0,0.0,0.0,8.0,6.0,0.0,0.0,0.0,0.0,0.0,0.0,0.0,0.0,2.0,12.0,1.0,12.06,5.0200000000000005,2.51,1.49,-2.2,0.2,2.2,301.0,-0.1,-11.4,2.9000000000000004,10.4,-82.60000000000001,0.0,0.0,219.7,0.0,22.3,32.5,32.5,35.7,300.0,300.0,29.700000000000003,36.1,33.6,33.2,35.5,4.96,2.0,4.96,0.16,0.0,0.0,1027.0,8228.0,0.0,0.0,0.0,0.0,0.0,1.0,0.0,0.0,0.0,-0.001,0.0,0.5,0.0,-14.0,-12.8,0.0157,16.0,25903.0
2026-07-30T18:58:02.423Z,51.906,51.918,-7.4,7.4,0.0,0.0,0.0,0.0,0.0,1.0,1.0,0.0,1.0,0.0,0.0,0.0,8.0,6.0,0.0,0.0,0.0,0.0,0.0,0.0,0.0,0.0,3.0,12.0,1.0,12.06,5.0200000000000005,2.51,1.49,-2.3000000000000003,0.3,2.3000000000000003,301.1,-0.1,-10.9,1.7000000000000002,9.3,-82.60000000000001,0.0,0.0,219.6,0.0,21.700000000000003,32.5,32.5,35.800000000000004,300.0,300.0,29.700000000000003,36.0,33.7,33.2,35.5,4.95,1.99,4.96,0.16,0.0,0.0,1027.0,8228.0,0.0,0.0,0.0,0.0,0.0,1.0,0.0,0.0,0.0,-0.001,0.0,-0.2,0.0,-11.8,-12.8,0.0156,16.0,25903.0
2026-07-30T18:58:02.434Z,51.917,51.93,-7.4,7.4,0.0,0.0,0.0,0.0,0.0,1.0,1.0,0.0,1.0,0.0,0.0,0.0,8.0,6.0,0.0,0.0,0.0,0.0,0.0,0.0,0.0,0.0,5.0,12.0,1.0,12.06,5.0200000000000005,2.51,1.49,-2.2,0.3,2.3000000000000003,301.1,-0.1,-12.0,1.7000000000000002,10.4,-82.60000000000001,0.0,0.0,219.8,0.0,21.700000000000003,32.5,32.5,35.800000000000004,300.0,300.0,29.700000000000003,36.0,33.7,33.2,35.5,4.95,1.99,4.97,0.16,0.0,0.0,1027.0,8228.0,0.0,0.0,0.0,0.0,0.0,1.0,0.0,0.0,0.0,-0.001,0.0,-0.5,0.0,-13.2,-12.8,0.016,16.0,25903.0
2026-07-30T18:58:02.447Z,51.93,51.942,-7.4,7.4,0.0,0.0,0.0,0.0,0.0,1.0,1.0,0.0,1.0,0.0,0.0,0.0,8.0,6.0,0.0,0.0,0.0,0.0,0.0,0.0,0.0,0.0,6.0,12.0,1.0,12.06,5.0200000000000005,2.51,1.49,-2.3000000000000003,0.2,2.3000000000000003,301.0,0.0,-12.6,2.9000000000000004,9.3,-82.60000000000001,0.0,0.0,219.7,0.0,21.700000000000003,32.5,32.5,35.800000000000004,300.0,300.0,29.700000000000003,36.0,33.7,33.2,35.5,4.96,2.0,4.96,0.16,0.0,0.0,1027.0,8228.0,0.0,0.0,0.0,0.0,0.0,1.0,0.0,0.0,0.0,-0.001,0.0,0.7000000000000001,0.0,-12.7,-12.8,0.0161,16.0,25903.0
2026-07-30T18:58:02.458Z,51.941,51.954,-7.4,7.4,0.0,0.0,0.0,0.0,0.0,1.0,1.0,0.0,1.0,0.0,0.0,0.0,8.0,6.0,0.0,0.0,0.0,0.0,0.0,0.0,0.0,0.0,2.0,12.0,1.0,12.06,5.0200000000000005,2.51,1.49,-2.3000000000000003,0.3,2.4000000000000004,301.1,0.0,-12.0,1.7000000000000002,8.700000000000001,-82.60000000000001,0.0,0.0,219.7,0.0,21.700000000000003,32.5,32.5,35.800000000000004,300.0,300.0,29.700000000000003,36.0,33.7,33.2,35.5,4.96,2.0,4.97,0.16,0.0,0.0,1027.0,8228.0,0.0,0.0,0.0,0.0,0.0,1.0,0.0,0.0,0.0,-0.001,0.0,-0.1,0.0,-11.2,-12.8,0.0163,16.0,25903.0
2026-07-30T18:58:02.471Z,51.954,51.966,-7.5,7.4,0.0,0.0,0.0,0.0,0.0,1.0,1.0,0.0,1.0,0.0,0.0,0.0,8.0,6.0,0.0,0.0,0.0,0.0,0.0,0.0,0.0,0.0,3.0,12.0,1.0,12.06,5.0200000000000005,2.51,1.49,-2.3000000000000003,0.3,2.3000000000000003,301.1,0.0,-12.6,1.7000000000000002,9.3,-82.60000000000001,0.0,0.0,219.7,0.0,21.700000000000003,32.5,32.5,35.800000000000004,300.0,300.0,29.700000000000003,36.0,33.7,33.2,35.5,4.96,2.0,4.97,0.16,0.0,0.0,1027.0,8228.0,0.0,0.0,0.0,0.0,0.0,1.0,0.0,0.0,0.0,-0.001,0.0,-0.2,0.0,-11.8,-12.8,0.0165,16.0,25903.0
2026-07-30T18:58:02.483Z,51.966,51.978,-7.5,7.4,0.0,0.0,0.0,0.0,0.0,1.0,1.0,0.0,1.0,0.0,0.0,0.0,8.0,6.0,0.0,0.0,0.0,0.0,0.0,0.0,0.0,0.0,3.0,12.0,1.0,12.06,5.0200000000000005,2.51,1.49,-2.2,0.3,2.2,301.1,0.0,-12.0,2.3000000000000003,11.6,-82.60000000000001,0.0,0.0,219.7,0.0,21.700000000000003,32.5,32.5,35.800000000000004,300.0,300.0,29.700000000000003,36.0,33.7,33.2,35.5,4.95,2.0,4.96,0.16,0.0,0.0,1027.0,8228.0,0.0,0.0,0.0,0.0,0.0,1.0,0.0,0.0,0.0,-0.001,0.0,-0.1,0.0,-14.9,-12.7,0.0155,16.0,25903.0
2026-07-30T18:58:02.495Z,51.978,51.99,-7.4,7.4,0.0,0.0,0.0,0.0,0.0,1.0,1.0,0.0,1.0,0.0,0.0,0.0,8.0,6.0,0.0,0.0,0.0,0.0,0.0,0.0,0.0,0.0,5.0,12.0,1.0,12.06,5.0200000000000005,2.51,1.49,-2.2,0.3,2.2,301.1,0.0,-11.4,1.1,11.0,-82.60000000000001,0.0,0.0,219.9,0.0,21.700000000000003,32.5,32.5,35.800000000000004,300.0,300.0,29.700000000000003,36.0,33.7,33.2,35.5,4.96,2.0,4.97,0.16,0.0,0.0,1027.0,8228.0,0.0,0.0,0.0,0.0,0.0,1.0,0.0,0.0,0.0,-0.001,0.0,-0.9,0.0,-12.1,-12.6,0.0149,16.0,25903.0
2026-07-30T18:58:02.507Z,51.99,52.002,-7.5,7.4,0.0,0.0,0.0,0.0,0.0,1.0,1.0,0.0,1.0,0.0,0.0,0.0,8.0,6.0,0.0,0.0,0.0,0.0,0.0,0.0,0.0,0.0,6.0,12.0,1.0,12.06,5.0200000000000005,2.51,1.49,-2.2,0.2,2.2,301.0,-0.1,-12.6,0.5,8.1,-82.60000000000001,0.0,0.0,219.8,0.0,21.700000000000003,32.5,32.5,35.800000000000004,300.0,300.0,29.700000000000003,36.0,33.7,33.2,35.5,4.96,2.0,4.97,0.16,0.0,0.0,1027.0,8228.0,0.0,0.0,0.0,0.0,0.0,1.0,0.0,0.0,0.0,-0.001,0.0,0.9,0.0,-15.1,-12.8,0.0156,16.0,25903.0
2026-07-30T18:58:02.518Z,52.001,52.014,-7.5,7.4,0.0,0.0,0.0,0.0,0.0,1.0,1.0,0.0,1.0,0.0,0.0,0.0,8.0,6.0,0.0,0.0,0.0,0.0,0.0,0.0,0.0,0.0,2.0,12.0,1.0,12.06,5.0200000000000005,2.51,1.49,-2.2,0.2,2.3000000000000003,301.1,-0.1,-12.0,2.9000000000000004,9.9,-82.60000000000001,0.0,0.0,219.8,0.0,21.700000000000003,32.5,32.5,35.800000000000004,300.0,300.0,29.700000000000003,36.0,33.7,33.2,35.5,4.96,2.0,4.97,0.16,0.0,0.0,1027.0,8228.0,0.0,0.0,0.0,0.0,0.0,1.0,0.0,0.0,0.0,-0.001,0.0,0.1,0.0,-12.9,-12.7,0.0148,16.0,25903.0
2026-07-30T18:58:02.531Z,52.014,52.026,-7.5,7.4,0.0,0.0,0.0,0.0,0.0,1.0,1.0,0.0,1.0,0.0,0.0,0.0,8.0,6.0,0.0,0.0,0.0,0.0,0.0,0.0,0.0,0.0,3.0,12.0,1.0,12.05,5.01,2.51,1.49,-2.2,0.2,2.2,301.0,-0.1,-11.4,2.9000000000000004,10.4,-82.60000000000001,0.0,0.0,219.8,0.0,22.1,32.5,32.5,35.800000000000004,300.0,300.0,29.8,36.0,33.7,33.300000000000004,35.5,4.95,2.0,4.96,0.16,0.0,0.0,1027.0,8228.0,0.0,0.0,0.0,0.0,0.0,1.0,0.0,0.0,0.0,-0.001,0.0,0.5,0.0,-14.0,-12.7,0.0153,16.0,25903.0
2026-07-30T18:58:02.542Z,52.025,52.038,-7.4,7.4,0.0,0.0,0.0,0.0,0.0,1.0,1.0,0.0,1.0,0.0,0.0,0.0,8.0,6.0,0.0,0.0,0.0,0.0,0.0,0.0,0.0,0.0,5.0,12.0,1.0,12.05,5.01,2.51,1.49,-2.1,0.2,2.1,301.1,-0.1,-11.4,2.9000000000000004,12.8,-82.60000000000001,0.0,0.0,219.8,0.0,22.1,32.5,32.5,35.800000000000004,300.0,300.0,29.8,36.0,33.7,33.300000000000004,35.5,4.95,2.0,4.96,0.16,0.0,0.0,1027.0,8228.0,0.0,0.0,0.0,0.0,0.0,1.0,0.0,0.0,0.0,-0.001,0.0,0.0,0.0,-16.7,-12.7,0.015,16.0,25903.0
2026-07-30T18:58:02.555Z,52.038,52.05,-7.5,7.4,0.0,0.0,0.0,0.0,0.0,1.0,1.0,0.0,1.0,0.0,0.0,0.0,8.0,6.0,0.0,0.0,0.0,0.0,0.0,0.0,0.0,0.0,6.0,12.0,1.0,12.05,5.01,2.51,1.49,-2.2,0.2,2.2,301.1,-0.1,-12.0,3.5,9.9,-82.60000000000001,0.0,0.0,219.7,0.0,22.1,32.5,32.5,35.800000000000004,300.0,300.0,29.8,36.0,33.7,33.300000000000004,35.5,4.95,2.0,4.96,0.16,0.0,0.0,1027.0,8228.0,0.0,0.0,0.0,0.0,0.0,1.0,0.0,0.0,0.0,-0.001,0.0,1.1,0.0,-13.8,-12.8,0.0145,16.0,25903.0
2026-07-30T18:58:02.567Z,52.05,52.062,-7.5,7.4,0.0,0.0,0.0,0.0,0.0,1.0,1.0,0.0,1.0,0.0,0.0,0.0,8.0,6.0,0.0,0.0,0.0,0.0,0.0,0.0,0.0,0.0,1.0,12.0,1.0,12.05,5.01,2.51,1.49,-2.1,0.2,2.1,300.90000000000003,-0.1,-10.9,4.6000000000000005,12.8,-82.60000000000001,0.0,0.0,219.7,0.0,22.1,32.5,32.5,35.800000000000004,300.0,300.0,29.8,36.0,33.7,33.300000000000004,35.5,4.96,2.0,4.96,0.16,0.0,0.0,1027.0,8228.0,0.0,0.0,0.0,0.0,0.0,1.0,0.0,0.0,0.0,-0.001,0.0,1.6,0.0,-18.0,-12.7,0.015,16.0,25903.0
2026-07-30T18:58:02.579Z,52.062,52.074,-7.4,7.4,0.0,0.0,0.0,0.0,0.0,1.0,1.0,0.0,1.0,0.0,0.0,0.0,8.0,6.0,0.0,0.0,0.0,0.0,0.0,0.0,0.0,0.0,3.0,12.0,1.0,12.05,5.01,2.51,1.49,-2.2,0.3,2.2,301.0,-0.1,-10.3,2.3000000000000003,11.0,-82.60000000000001,0.0,0.0,219.7,0.0,22.1,32.5,32.5,35.800000000000004,300.0,300.0,29.8,36.0,33.7,33.300000000000004,35.5,4.95,2.0,4.96,0.16,0.0,0.0,1027.0,8228.0,0.0,0.0,0.0,0.0,0.0,1.0,0.0,0.0,0.0,-0.001,0.0,0.0,0.0,-14.3,-12.7,0.0141,16.0,25903.0
2026-07-30T18:58:02.591Z,52.074,52.086,-7.4,7.4,0.0,0.0,0.0,0.0,0.0,1.0,1.0,0.0,1.0,0.0,0.0,0.0,8.0,6.0,0.0,0.0,0.0,0.0,0.0,0.0,0.0,0.0,4.0,12.0,1.0,12.05,5.01,2.51,1.49,-2.2,0.2,2.3000000000000003,301.1,-0.1,-11.4,2.9000000000000004,9.9,-82.60000000000001,0.0,0.0,219.7,0.0,22.1,32.5,32.5,35.800000000000004,300.0,300.0,29.8,36.0,33.7,33.300000000000004,35.5,4.96,2.0,4.96,0.16,0.0,0.0,1027.0,8228.0,0.0,0.0,0.0,0.0,0.0,1.0,0.0,0.0,0.0,-0.001,0.0,0.6000000000000001,0.0,-13.4,-12.9,0.0151,16.0,25903.0
2026-07-30T18:58:02.603Z,52.086,52.098,-7.4,7.4,0.0,0.0,0.0,0.0,0.0,1.0,1.0,0.0,1.0,0.0,0.0,0.0,8.0,6.0,0.0,0.0,0.0,0.0,0.0,0.0,0.0,0.0,5.0,12.0,1.0,12.05,5.01,2.51,1.49,-2.2,0.2,2.2,300.90000000000003,-0.1,-11.4,3.5,10.4,-82.60000000000001,0.0,0.0,219.7,0.0,22.1,32.5,32.5,35.800000000000004,300.0,300.0,29.8,36.0,33.7,33.300000000000004,35.5,4.96,2.0,4.96,0.16,0.0,0.0,1027.0,8228.0,0.0,0.0,0.0,0.0,0.0,1.0,0.0,0.0,0.0,-0.001,0.0,1.0,0.0,-14.5,-12.8,0.0153,16.0,25903.0
2026-07-30T18:58:02.614Z,52.097,52.11,-7.4,7.4,0.0,0.0,0.0,0.0,0.0,1.0,1.0,0.0,1.0,0.0,0.0,0.0,8.0,6.0,0.0,0.0,0.0,0.0,0.0,0.0,0.0,0.0,6.0,12.0,1.0,12.05,5.01,2.51,1.49,-2.2,0.3,2.3000000000000003,301.1,-0.1,-11.4,2.3000000000000003,11.0,-82.60000000000001,0.0,0.0,219.6,0.0,22.1,32.5,32.5,35.800000000000004,300.0,300.0,29.8,36.0,33.7,33.300000000000004,35.5,4.96,2.0,4.96,0.16,0.0,0.0,1027.0,8228.0,0.0,0.0,0.0,0.0,0.0,1.0,0.0,0.0,0.0,-0.001,0.0,0.0,0.0,-14.3,-12.8,0.0151,16.0,25903.0
2026-07-30T18:58:02.628Z,52.111,52.122,-7.5,7.4,0.0,0.0,0.0,0.0,0.0,1.0,1.0,0.0,1.0,0.0,0.0,0.0,8.0,6.0,0.0,0.0,0.0,0.0,0.0,0.0,0.0,0.0,1.0,12.0,1.0,12.02,5.01,2.5,1.5,-2.3000000000000003,0.3,2.3000000000000003,301.1,0.0,-11.4,1.7000000000000002,9.3,-82.60000000000001,0.0,0.0,219.6,0.0,21.9,32.5,32.5,35.800000000000004,300.0,300.0,29.8,36.2,33.7,33.300000000000004,35.6,4.95,2.0,4.96,0.16,0.0,0.0,1027.0,8228.0,0.0,0.0,0.0,0.0,0.0,1.0,0.0,0.0,0.0,-0.001,0.0,-0.2,0.0,-11.8,-12.8,0.0153,16.0,25903.0
2026-07-30T18:58:02.639Z,52.122,52.134,-7.5,7.4,0.0,0.0,0.0,0.0,0.0,1.0,1.0,0.0,1.0,0.0,0.0,0.0,8.0,6.0,0.0,0.0,0.0,0.0,0.0,0.0,0.0,0.0,2.0,12.0,1.0,12.02,5.01,2.5,1.5,-2.3000000000000003,0.3,2.3000000000000003,300.90000000000003,0.0,-12.0,1.7000000000000002,9.3,-82.60000000000001,0.0,0.0,219.8,0.0,21.9,32.5,32.5,35.800000000000004,300.0,300.0,29.8,36.2,33.7,33.300000000000004,35.6,4.95,2.0,4.96,0.16,0.0,0.0,1027.0,8228.0,0.0,0.0,0.0,0.0,0.0,1.0,0.0,0.0,0.0,-0.001,0.0,-0.2,0.0,-11.8,-12.8,0.0157,16.0,25903.0
2026-07-30T18:58:02.651Z,52.134,52.146,-7.5,7.4,0.0,0.0,0.0,0.0,0.0,1.0,1.0,0.0,1.0,0.0,0.0,0.0,8.0,6.0,0.0,0.0,0.0,0.0,0.0,0.0,0.0,0.0,3.0,12.0,1.0,12.02,5.01,2.5,1.5,-2.2,0.2,2.3000000000000003,301.0,0.0,-12.0,2.3000000000000003,9.9,-82.60000000000001,0.0,0.0,219.7,0.0,21.9,32.5,32.5,35.800000000000004,300.0,300.0,29.8,36.2,33.7,33.300000000000004,35.6,4.95,2.0,4.97,0.16,0.0,0.0,1027.0,8228.0,0.0,0.0,0.0,0.0,0.0,1.0,0.0,0.0,0.0,-0.001,0.0,0.1,0.0,-12.9,-12.7,0.0156,16.0,25903.0
2026-07-30T18:58:02.663Z,52.146,52.158,-7.4,7.4,0.0,0.0,0.0,0.0,0.0,1.0,1.0,0.0,1.0,0.0,0.0,0.0,8.0,6.0,0.0,0.0,0.0,0.0,0.0,0.0,0.0,0.0,4.0,12.0,1.0,12.02,5.01,2.5,1.5,-2.3000000000000003,0.2,2.3000000000000003,301.1,0.0,-12.0,2.9000000000000004,8.1,-82.60000000000001,0.0,0.0,219.8,0.0,21.9,32.5,32.5,35.800000000000004,300.0,300.0,29.8,36.2,33.7,33.300000000000004,35.6,4.96,2.0,4.97,0.16,0.0,0.0,1027.0,8228.0,0.0,0.0,0.0,0.0,0.0,1.0,0.0,0.0,0.0,-0.001,0.0,0.9,0.0,-11.4,-12.7,0.0153,16.0,25903.0
2026-07-30T18:58:02.675Z,52.158,52.17,-7.5,7.4,0.0,0.0,0.0,0.0,0.0,1.0,1.0,0.0,1.0,0.0,0.0,0.0,8.0,6.0,0.0,0.0,0.0,0.0,0.0,0.0,0.0,0.0,5.0,12.0,1.0,12.02,5.01,2.5,1.5,-2.2,0.2,2.3000000000000003,301.0,0.0,-12.6,2.3000000000000003,9.9,-82.60000000000001,0.0,0.0,219.8,0.0,21.9,32.5,32.5,35.800000000000004,300.0,300.0,29.8,36.2,33.7,33.300000000000004,35.6,4.95,2.0,4.96,0.16,0.0,0.0,1027.0,8228.0,0.0,0.0,0.0,0.0,0.0,1.0,0.0,0.0,0.0,-0.001,0.0,0.1,0.0,-12.9,-12.8,0.0157,16.0,25903.0
2026-07-30T18:58:02.687Z,52.17,52.182,-7.5,7.4,0.0,0.0,0.0,0.0,0.0,1.0,1.0,0.0,1.0,0.0,0.0,0.0,8.0,6.0,0.0,0.0,0.0,0.0,0.0,0.0,0.0,0.0,6.0,12.0,1.0,12.02,5.01,2.5,1.5,-2.2,0.2,2.2,301.1,0.0,-12.0,2.3000000000000003,11.6,-82.60000000000001,0.0,0.0,219.9,0.0,21.9,32.5,32.5,35.800000000000004,300.0,300.0,29.8,36.2,33.7,33.300000000000004,35.6,4.96,2.0,4.96,0.16,0.0,0.0,1027.0,8228.0,0.0,0.0,0.0,0.0,0.0,1.0,0.0,0.0,0.0,-0.001,0.0,-0.2,0.0,-14.9,-12.8,0.0154,16.0,25903.0
2026-07-30T18:58:02.704Z,52.187,52.194,-7.5,7.4,0.0,0.0,0.0,0.0,0.0,1.0,1.0,0.0,1.0,0.0,0.0,0.0,8.0,6.0,0.0,0.0,0.0,0.0,0.0,0.0,0.0,0.0,1.0,12.0,1.0,12.02,5.01,2.5,1.5,-2.3000000000000003,0.3,2.4000000000000004,301.1,0.0,-12.6,0.5,8.1,-82.7,0.0,0.0,219.9,0.0,21.9,32.5,32.5,35.800000000000004,300.0,300.0,29.8,36.2,33.7,33.300000000000004,35.6,4.96,2.0,4.97,0.16,0.0,0.0,1027.0,8228.0,0.0,0.0,0.0,0.0,0.0,1.0,0.0,0.0,0.0,-0.001,0.0,-1.1,0.0,-9.6,-12.7,0.0148,16.0,25903.0
2026-07-30T18:58:02.711Z,52.194,52.206,-7.4,7.4,0.0,0.0,0.0,0.0,0.0,1.0,1.0,0.0,1.0,0.0,0.0,0.0,8.0,6.0,0.0,0.0,0.0,0.0,0.0,0.0,0.0,0.0,6.0,12.0,1.0,12.02,5.01,2.5,1.5,-2.3000000000000003,0.3,2.3000000000000003,300.90000000000003,-0.1,-12.6,1.1,9.3,-82.7,0.0,0.0,219.9,0.0,21.9,32.5,32.5,35.800000000000004,300.0,300.0,29.8,36.2,33.7,33.300000000000004,35.6,4.95,1.99,4.97,0.16,0.0,0.0,1027.0,8228.0,0.0,0.0,0.0,0.0,0.0,1.0,0.0,0.0,0.0,-0.001,0.0,-0.8,0.0,-11.4,-12.7,0.016,16.0,25903.0
2026-07-30T18:58:02.722Z,52.205,52.218,-7.4,7.4,0.0,0.0,0.0,0.0,0.0,1.0,1.0,0.0,1.0,0.0,0.0,0.0,8.0,6.0,0.0,0.0,0.0,0.0,0.0,0.0,0.0,0.0,1.0,12.0,1.0,12.02,5.01,2.5,1.5,-2.3000000000000003,0.3,2.3000000000000003,301.1,-0.1,-13.2,1.7000000000000002,9.9,-82.7,0.0,0.0,219.8,0.0,21.9,32.5,32.5,35.800000000000004,300.0,300.0,29.8,36.2,33.7,33.300000000000004,35.6,4.96,1.99,4.96,0.16,0.0,0.0,1027.0,8228.0,0.0,0.0,0.0,0.0,0.0,1.0,0.0,0.0,0.0,-0.001,0.0,-0.4,0.0,-12.5,-12.8,0.0157,16.0,25903.0
2026-07-30T18:58:02.734Z,52.217,52.23,-7.4,7.4,0.0,0.0,0.0,0.0,0.0,1.0,1.0,0.0,1.0,0.0,0.0,0.0,8.0,6.0,0.0,0.0,0.0,0.0,0.0,0.0,0.0,0.0,1.0,12.0,1.0,12.05,5.01,2.51,1.49,-2.4000000000000004,0.2,2.4000000000000004,301.0,-0.1,-12.6,1.7000000000000002,7.5,-82.7,0.0,0.0,219.8,0.0,22.1,32.5,32.5,35.800000000000004,300.0,300.0,29.8,36.2,33.7,33.300000000000004,35.6,4.96,2.0,4.97,0.16,0.0,0.0,1027.0,8228.0,0.0,0.0,0.0,0.0,0.0,1.0,0.0,0.0,0.0,-0.001,0.0,0.0,0.0,-9.8,-12.9,0.0156,16.0,25903.0
2026-07-30T18:58:02.747Z,52.23,52.242,-7.5,7.4,0.0,0.0,0.0,0.0,0.0,1.0,1.0,0.0,1.0,0.0,0.0,0.0,8.0,6.0,0.0,0.0,0.0,0.0,0.0,0.0,0.0,0.0,2.0,12.0,1.0,12.05,5.01,2.51,1.49,-2.3000000000000003,0.2,2.3000000000000003,301.0,-0.1,-11.4,1.7000000000000002,8.1,-82.7,0.0,0.0,219.7,0.0,22.1,32.5,32.5,35.800000000000004,300.0,300.0,29.8,36.2,33.7,33.300000000000004,35.6,4.96,2.0,4.97,0.16,0.0,0.0,1027.0,8228.0,0.0,0.0,0.0,0.0,0.0,1.0,0.0,0.0,0.0,-0.001,0.0,0.0,0.0,-10.5,-12.8,0.0161,16.0,25903.0
2026-07-30T18:58:02.759Z,52.242,52.254,-7.4,7.4,0.0,0.0,0.0,0.0,0.0,1.0,1.0,0.0,1.0,0.0,0.0,0.0,8.0,6.0,0.0,0.0,0.0,0.0,0.0,0.0,0.0,0.0,3.0,12.0,1.0,12.05,5.01,2.51,1.49,-2.3000000000000003,0.2,2.4000000000000004,301.1,-0.1,-13.2,1.7000000000000002,7.5,-82.60000000000001,0.0,0.0,219.7,0.0,22.1,32.5,32.5,35.800000000000004,300.0,300.0,29.8,36.2,33.7,33.300000000000004,35.6,4.95,2.0,4.97,0.16,0.0,0.0,1027.0,8228.0,0.0,0.0,0.0,0.0,0.0,1.0,0.0,0.0,0.0,-0.001,0.0,0.0,0.0,-9.8,-12.7,0.0159,16.0,25903.0
2026-07-30T18:58:02.771Z,52.254,52.266,-7.4,7.4,0.0,0.0,0.0,0.0,0.0,1.0,1.0,0.0,1.0,0.0,0.0,0.0,8.0,6.0,0.0,0.0,0.0,0.0,0.0,0.0,0.0,0.0,4.0,12.0,1.0,12.05,5.01,2.51,1.49,-2.3000000000000003,0.3,2.4000000000000004,300.90000000000003,-0.1,-11.4,0.5,8.700000000000001,-82.60000000000001,0.0,0.0,219.8,0.0,22.1,32.5,32.5,35.800000000000004,300.0,300.0,29.8,36.2,33.7,33.300000000000004,35.6,4.96,2.0,4.96,0.16,0.0,0.0,1027.0,8228.0,0.0,0.0,0.0,0.0,0.0,1.0,0.0,0.0,0.0,-0.001,0.0,-1.2000000000000002,0.0,-10.3,-12.8,0.016,16.0,25903.0
2026-07-30T18:58:02.783Z,52.266,52.278,-7.5,7.4,0.0,0.0,0.0,0.0,0.0,1.0,1.0,0.0,1.0,0.0,0.0,0.0,8.0,6.0,0.0,0.0,0.0,0.0,0.0,0.0,0.0,0.0,6.0,12.0,1.0,12.05,5.01,2.51,1.49,-2.3000000000000003,0.3,2.3000000000000003,301.1,-0.1,-12.0,0.5,9.3,-82.7,0.0,0.0,219.8,0.0,22.1,32.5,32.5,35.800000000000004,300.0,300.0,29.8,36.2,33.7,33.300000000000004,35.6,4.95,2.0,4.96,0.16,0.0,0.0,1027.0,8228.0,0.0,0.0,0.0,0.0,0.0,1.0,0.0,0.0,0.0,-0.001,0.0,-1.3,0.0,-11.0,-12.8,0.016,16.0,25903.0
2026-07-30T18:58:02.795Z,52.278,52.29,-7.4,7.4,0.0,0.0,0.0,0.0,0.0,1.0,1.0,0.0,1.0,0.0,0.0,0.0,8.0,6.0,0.0,0.0,0.0,0.0,0.0,0.0,0.0,0.0,6.0,12.0,1.0,12.05,5.01,2.51,1.49,-2.3000000000000003,0.2,2.3000000000000003,301.1,-0.1,-10.9,2.9000000000000004,8.700000000000001,-82.60000000000001,0.0,0.0,219.8,0.0,22.1,32.5,32.5,35.800000000000004,300.0,300.0,29.8,36.2,33.7,33.300000000000004,35.6,4.95,2.0,4.96,0.16,0.0,0.0,1027.0,8228.0,0.0,0.0,0.0,0.0,0.0,1.0,0.0,0.0,0.0,-0.001,0.0,0.8,0.0,-12.0,-12.8,0.0158,16.0,25903.0
2026-07-30T18:58:02.807Z,52.29,52.302,-7.4,7.4,0.0,0.0,0.0,0.0,0.0,1.0,1.0,0.0,1.0,0.0,0.0,0.0,8.0,6.0,0.0,0.0,0.0,0.0,0.0,0.0,0.0,0.0,1.0,12.0,1.0,12.05,5.01,2.51,1.49,-2.3000000000000003,0.2,2.3000000000000003,300.90000000000003,-0.1,-12.0,2.3000000000000003,9.9,-82.60000000000001,0.0,0.0,219.8,0.0,22.1,32.5,32.5,35.800000000000004,300.0,300.0,29.8,36.2,33.7,33.300000000000004,35.6,4.95,2.0,4.96,0.16,0.0,0.0,1027.0,8228.0,0.0,0.0,0.0,0.0,0.0,1.0,0.0,0.0,0.0,-0.001,0.0,0.1,0.0,-12.9,-12.8,0.0156,16.0,25903.0
2026-07-30T18:58:02.820Z,52.303,52.314,-7.5,7.4,0.0,0.0,0.0,0.0,0.0,1.0,1.0,0.0,1.0,0.0,0.0,0.0,8.0,6.0,0.0,0.0,0.0,0.0,0.0,0.0,0.0,0.0,2.0,12.0,1.0,12.05,5.01,2.51,1.49,-2.2,0.2,2.3000000000000003,301.0,-0.1,-10.9,2.3000000000000003,9.9,-82.60000000000001,0.0,0.0,219.7,0.0,22.1,32.5,32.5,35.800000000000004,300.0,300.0,29.8,36.2,33.7,33.300000000000004,35.6,4.95,2.0,4.96,0.16,0.0,0.0,1027.0,8228.0,0.0,0.0,0.0,0.0,0.0,1.0,0.0,0.0,0.0,-0.001,0.0,0.1,0.0,-12.9,-12.8,0.0154,16.0,25903.0
2026-07-30T18:58:02.832Z,52.315,52.326,-7.5,7.4,0.0,0.0,0.0,0.0,0.0,1.0,1.0,0.0,1.0,0.0,0.0,0.0,8.0,6.0,0.0,0.0,0.0,0.0,0.0,0.0,0.0,0.0,3.0,12.0,1.0,12.06,5.0200000000000005,2.51,1.49,-2.2,0.3,2.3000000000000003,301.1,-0.1,-10.3,1.7000000000000002,9.9,-82.60000000000001,0.0,0.0,219.7,0.0,22.200000000000003,32.6,32.6,35.800000000000004,300.0,300.0,29.8,36.2,33.7,33.300000000000004,35.6,4.95,2.0,4.97,0.16,0.0,0.0,1027.0,8228.0,0.0,0.0,0.0,0.0,0.0,1.0,0.0,0.0,0.0,-0.001,0.0,-0.3,0.0,-12.5,-12.7,0.0153,16.0,25903.0
2026-07-30T18:58:02.843Z,52.326,52.338,-7.5,7.4,0.0,0.0,0.0,0.0,0.0,1.0,1.0,0.0,1.0,0.0,0.0,0.0,8.0,6.0,0.0,0.0,0.0,0.0,0.0,0.0,0.0,0.0,4.0,12.0,1.0,12.06,5.0200000000000005,2.51,1.49,-2.1,0.2,2.1,301.0,-0.1,-10.9,2.9000000000000004,11.6,-82.60000000000001,0.0,0.0,219.9,0.0,22.200000000000003,32.6,32.6,35.800000000000004,300.0,300.0,29.8,36.2,33.7,33.300000000000004,35.6,4.95,2.0,4.96,0.16,0.0,0.0,1027.0,8228.0,0.0,0.0,0.0,0.0,0.0,1.0,0.0,0.0,0.0,-0.001,0.0,0.2,0.0,-15.4,-12.7,0.0153,16.0,25903.0
2026-07-30T18:58:02.855Z,52.338,52.35,-7.4,7.4,0.0,0.0,0.0,0.0,0.0,1.0,1.0,0.0,1.0,0.0,0.0,0.0,8.0,6.0,0.0,0.0,0.0,0.0,0.0,0.0,0.0,0.0,5.0,12.0,1.0,12.06,5.0200000000000005,2.51,1.49,-2.2,0.2,2.2,301.1,-0.1,-10.9,2.3000000000000003,9.9,-82.60000000000001,0.0,0.0,219.9,0.0,22.200000000000003,32.6,32.6,35.800000000000004,300.0,300.0,29.8,36.2,33.7,33.300000000000004,35.6,4.95,2.0,4.96,0.16,0.0,0.0,1027.0,8228.0,0.0,0.0,0.0,0.0,0.0,1.0,0.0,0.0,0.0,-0.001,0.0,0.1,0.0,-12.9,-12.7,0.0146,16.0,25903.0
2026-07-30T18:58:02.867Z,52.35,52.362,-7.4,7.4,0.0,0.0,0.0,0.0,0.0,1.0,1.0,0.0,1.0,0.0,0.0,0.0,8.0,6.0,0.0,0.0,0.0,0.0,0.0,0.0,0.0,0.0,6.0,12.0,1.0,12.06,5.0200000000000005,2.51,1.49,-2.2,0.2,2.2,301.1,-0.1,-11.4,2.3000000000000003,10.4,-82.60000000000001,0.0,0.0,219.9,0.0,22.200000000000003,32.6,32.6,35.800000000000004,300.0,300.0,29.8,36.2,33.7,33.300000000000004,35.6,4.95,2.0,4.96,0.16,0.0,0.0,1027.0,8228.0,0.0,0.0,0.0,0.0,0.0,1.0,0.0,0.0,0.0,-0.001,0.0,0.0,0.0,-13.6,-12.8,0.0152,16.0,25903.0
2026-07-30T18:58:02.879Z,52.362,52.374,-7.4,7.4,0.0,0.0,0.0,0.0,0.0,1.0,1.0,0.0,1.0,0.0,0.0,0.0,8.0,6.0,0.0,0.0,0.0,0.0,0.0,0.0,0.0,0.0,1.0,12.0,1.0,12.06,5.0200000000000005,2.51,1.49,-2.3000000000000003,0.3,2.3000000000000003,300.90000000000003,-0.1,-11.4,1.7000000000000002,9.9,-82.60000000000001,0.0,0.0,219.8,0.0,22.200000000000003,32.6,32.6,35.800000000000004,300.0,300.0,29.8,36.2,33.7,33.300000000000004,35.6,4.96,1.99,4.96,0.16,0.0,0.0,1027.0,8228.0,0.0,0.0,0.0,0.0,0.0,1.0,0.0,0.0,0.0,-0.001,0.0,-0.3,0.0,-12.5,-12.9,0.0152,16.0,25903.0
2026-07-30T18:58:02.891Z,52.374,52.386,-7.5,7.4,0.0,0.0,0.0,0.0,0.0,1.0,1.0,0.0,1.0,0.0,0.0,0.0,8.0,6.0,0.0,0.0,0.0,0.0,0.0,0.0,0.0,0.0,3.0,12.0,1.0,12.06,5.0200000000000005,2.51,1.49,-2.1,0.2,2.2,301.1,-0.1,-11.4,4.0,11.0,-82.7,0.0,0.0,219.8,0.0,22.200000000000003,32.6,32.6,35.800000000000004,300.0,300.0,29.8,36.2,33.7,33.300000000000004,35.6,4.96,2.0,4.96,0.16,0.0,0.0,1027.0,8228.0,0.0,0.0,0.0,0.0,0.0,1.0,0.0,0.0,0.0,-0.001,0.0,1.4,0.0,-15.6,-12.8,0.0154,16.0,25903.0
2026-07-30T18:58:02.903Z,52.386,52.398,-7.4,7.4,0.0,0.0,0.0,0.0,0.0,1.0,1.0,0.0,1.0,0.0,0.0,0.0,8.0,6.0,0.0,0.0,0.0,0.0,0.0,0.0,0.0,0.0,3.0,12.0,1.0,12.06,5.0200000000000005,2.51,1.49,-2.2,0.2,2.2,301.1,-0.1,-11.4,2.9000000000000004,11.6,-82.7,0.0,0.0,219.9,0.0,22.200000000000003,32.6,32.6,35.800000000000004,300.0,300.0,29.8,36.2,33.7,33.300000000000004,35.6,4.96,2.0,4.96,0.16,0.0,0.0,1027.0,8228.0,0.0,0.0,0.0,0.0,0.0,1.0,0.0,0.0,0.0,-0.001,0.0,0.2,0.0,-15.4,-12.8,0.0146,16.0,25903.0
2026-07-30T18:58:02.914Z,52.397,52.41,-7.4,7.4,0.0,0.0,0.0,0.0,0.0,1.0,1.0,0.0,1.0,0.0,0.0,0.0,8.0,6.0,0.0,0.0,0.0,0.0,0.0,0.0,0.0,0.0,5.0,12.0,1.0,12.06,5.0200000000000005,2.51,1.49,-2.2,0.2,2.2,301.1,-0.1,-11.4,3.5,9.9,-82.7,0.0,0.0,219.9,0.0,22.200000000000003,32.6,32.6,35.800000000000004,300.0,300.0,29.8,36.2,33.7,33.300000000000004,35.6,4.96,2.0,4.96,0.16,0.0,0.0,1027.0,8228.0,0.0,0.0,0.0,0.0,0.0,1.0,0.0,0.0,0.0,-0.001,0.0,1.1,0.0,-13.8,-12.8,0.0147,16.0,25903.0
2026-07-30T18:58:02.926Z,52.409,52.422,-7.4,7.4,0.0,0.0,0.0,0.0,0.0,1.0,1.0,0.0,1.0,0.0,0.0,0.0,8.0,6.0,0.0,0.0,0.0,0.0,0.0,0.0,0.0,0.0,6.0,12.0,1.0,12.06,5.0200000000000005,2.51,1.49,-2.2,0.3,2.3000000000000003,301.0,-0.1,-11.4,1.7000000000000002,10.4,-82.7,0.0,0.0,219.9,0.0,22.200000000000003,32.6,32.6,35.800000000000004,300.0,300.0,29.8,36.2,33.7,33.300000000000004,35.6,4.95,2.0,4.96,0.16,0.0,0.0,1027.0,8228.0,0.0,0.0,0.0,0.0,0.0,1.0,0.0,0.0,0.0,-0.001,0.0,-0.5,0.0,-13.2,-12.8,0.0151,16.0,25903.0
2026-07-30T18:58:02.938Z,52.421,52.434000000000005,-7.4,7.4,0.0,0.0,0.0,0.0,0.0,1.0,1.0,0.0,1.0,0.0,0.0,0.0,8.0,6.0,0.0,0.0,0.0,0.0,0.0,0.0,0.0,0.0,1.0,12.0,1.0,12.0,5.01,2.51,1.49,-2.2,0.2,2.2,301.1,-0.1,-12.0,2.9000000000000004,10.4,-82.7,0.0,0.0,219.8,0.0,22.1,32.6,32.6,35.800000000000004,300.0,300.0,29.700000000000003,36.0,33.7,33.300000000000004,35.6,4.95,2.0,4.97,0.16,0.0,0.0,1027.0,8228.0,0.0,0.0,0.0,0.0,0.0,1.0,0.0,0.0,0.0,-0.001,0.0,0.5,0.0,-14.0,-12.8,0.0161,16.0,25903.0
2026-07-30T18:58:02.951Z,52.434,52.446,-7.4,7.4,0.0,0.0,0.0,0.0,0.0,1.0,1.0,0.0,1.0,0.0,0.0,0.0,8.0,6.0,0.0,0.0,0.0,0.0,0.0,0.0,0.0,0.0,2.0,12.0,1.0,12.0,5.01,2.51,1.49,-2.3000000000000003,0.2,2.3000000000000003,301.0,-0.1,-11.4,2.3000000000000003,9.9,-82.7,0.0,0.0,219.7,0.0,22.1,32.6,32.6,35.800000000000004,300.0,300.0,29.700000000000003,36.0,33.7,33.300000000000004,35.6,4.95,2.0,4.97,0.16,0.0,0.0,1027.0,8228.0,0.0,0.0,0.0,0.0,0.0,1.0,0.0,0.0,0.0,-0.001,0.0,0.1,0.0,-12.9,-12.8,0.0159,16.0,25903.0
2026-07-30T18:58:02.962Z,52.445,52.458,-7.4,7.4,0.0,0.0,0.0,0.0,0.0,1.0,1.0,0.0,1.0,0.0,0.0,0.0,8.0,6.0,0.0,0.0,0.0,0.0,0.0,0.0,0.0,0.0,4.0,12.0,1.0,12.0,5.01,2.51,1.49,-2.2,0.2,2.2,301.1,0.0,-12.0,2.9000000000000004,11.0,-82.7,0.0,0.0,219.7,0.0,22.1,32.6,32.6,35.800000000000004,300.0,300.0,29.700000000000003,36.0,33.7,33.300000000000004,35.6,4.96,2.0,4.96,0.16,0.0,0.0,1027.0,8228.0,0.0,0.0,0.0,0.0,0.0,1.0,0.0,0.0,0.0,-0.001,0.0,0.4,0.0,-14.7,-12.8,0.0155,16.0,25903.0
2026-07-30T18:58:02.975Z,52.458,52.47,-7.5,7.4,0.0,0.0,0.0,0.0,0.0,1.0,1.0,0.0,1.0,0.0,0.0,0.0,8.0,6.0,0.0,0.0,0.0,0.0,0.0,0.0,0.0,0.0,5.0,12.0,1.0,12.0,5.01,2.51,1.49,-2.3000000000000003,0.3,2.3000000000000003,300.90000000000003,0.0,-12.0,1.1,9.3,-82.7,0.0,0.0,219.8,0.0,22.1,32.6,32.6,35.800000000000004,300.0,300.0,29.700000000000003,36.0,33.7,33.300000000000004,35.6,4.96,2.0,4.96,0.16,0.0,0.0,1027.0,8228.0,0.0,0.0,0.0,0.0,0.0,1.0,0.0,0.0,0.0,-0.001,0.0,-0.7000000000000001,0.0,-11.4,-12.8,0.016,16.0,25903.0
2026-07-30T18:58:02.986Z,52.469,52.482,-7.5,7.4,0.0,0.0,0.0,0.0,0.0,1.0,1.0,0.0,1.0,0.0,0.0,0.0,8.0,6.0,0.0,0.0,0.0,0.0,0.0,0.0,0.0,0.0,1.0,12.0,1.0,12.0,5.01,2.51,1.49,-2.2,0.2,2.2,301.1,-0.1,-12.0,2.3000000000000003,10.4,-82.7,0.0,0.0,219.8,0.0,22.1,32.6,32.6,35.800000000000004,300.0,300.0,29.700000000000003,36.0,33.7,33.300000000000004,35.6,4.96,2.0,4.96,0.16,0.0,0.0,1027.0,8228.0,0.0,0.0,0.0,0.0,0.0,1.0,0.0,0.0,0.0,-0.001,0.0,0.0,0.0,-13.6,-12.7,0.0151,16.0,25903.0
2026-07-30T18:58:02.999Z,52.482,52.494,-7.4,7.4,0.0,0.0,0.0,0.0,0.0,1.0,1.0,0.0,1.0,0.0,0.0,0.0,8.0,6.0,0.0,0.0,0.0,0.0,0.0,0.0,0.0,0.0,2.0,12.0,1.0,12.0,5.01,2.51,1.49,-2.3000000000000003,0.3,2.3000000000000003,301.1,-0.1,-12.0,1.7000000000000002,8.700000000000001,-82.7,0.0,0.0,219.8,0.0,22.1,32.6,32.6,35.800000000000004,300.0,300.0,29.700000000000003,36.0,33.7,33.300000000000004,35.6,4.95,2.0,4.96,0.16,0.0,0.0,1027.0,8228.0,0.0,0.0,0.0,0.0,0.0,1.0,0.0,0.0,0.0,-0.001,0.0,-0.1,0.0,-11.2,-12.7,0.0152,16.0,25903.0
2026-07-30T18:58:03.011Z,52.494,52.506,-7.4,7.4,0.0,0.0,0.0,0.0,0.0,1.0,1.0,0.0,1.0,0.0,0.0,0.0,8.0,6.0,0.0,0.0,0.0,0.0,0.0,0.0,0.0,0.0,4.0,12.0,1.0,12.0,5.01,2.51,1.49,-2.3000000000000003,0.3,2.3000000000000003,301.0,-0.1,-12.6,1.7000000000000002,8.700000000000001,-82.7,0.0,0.0,219.7,0.0,22.1,32.6,32.6,35.800000000000004,300.0,300.0,29.700000000000003,36.0,33.7,33.300000000000004,35.6,4.95,2.0,4.96,0.16,0.0,0.0,1027.0,8228.0,0.0,0.0,0.0,0.0,0.0,1.0,0.0,0.0,0.0,-0.001,0.0,0.0,0.0,-13.6,-12.8,0.0156,16.0,25903.0
2026-07-30T18:58:03.023Z,52.506,52.518,-7.4,7.4,0.0,0.0,0.0,0.0,0.0,1.0,1.0,0.0,1.0,0.0,0.0,0.0,8.0,6.0,0.0,0.0,0.0,0.0,0.0,0.0,0.0,0.0,4.0,12.0,1.0,12.0,5.01,2.51,1.49,-2.2,0.2,2.3000000000000003,301.1,-0.1,-13.8,0.5,8.700000000000001,-82.7,0.0,0.0,219.7,0.0,22.1,32.6,32.6,35.800000000000004,300.0,300.0,29.700000000000003,36.0,33.7,33.300000000000004,35.6,4.96,2.0,4.96,0.16,0.0,0.0,1027.0,8228.0,0.0,0.0,0.0,0.0,0.0,1.0,0.0,0.0,0.0,-0.001,0.0,0.6000000000000001,0.0,-13.4,-12.8,0.0153,16.0,25903.0
2026-07-30T18:58:03.035Z,52.518,52.53,-7.5,7.4,0.0,0.0,0.0,0.0,0.0,1.0,1.0,0.0,1.0,0.0,0.0,0.0,8.0,6.0,0.0,0.0,0.0,0.0,0.0,0.0,0.0,0.0,4.0,12.0,1.0,12.06,5.01,2.5,1.49,-2.2,0.2,2.2,301.0,-0.1,-12.6,1.1,8.700000000000001,-82.7,0.0,0.0,219.9,0.0,21.9,32.6,32.6,35.9,300.0,300.0,29.700000000000003,36.0,33.7,33.300000000000004,35.6,4.96,2.0,4.96,0.16,0.0,0.0,1027.0,8228.0,0.0,0.0,0.0,0.0,0.0,1.0,0.0,0.0,0.0,-0.001,0.0,1.1,0.0,-13.8,-12.8,0.0153,16.0,25903.0
2026-07-30T18:58:03.047Z,52.53,52.542,-7.5,7.4,0.0,0.0,0.0,0.0,0.0,1.0,1.0,0.0,1.0,0.0,0.0,0.0,8.0,6.0,0.0,0.0,0.0,0.0,0.0,0.0,0.0,0.0,5.0,12.0,1.0,12.06,5.01,2.5,1.49,-2.2,0.2,2.2,301.1,-0.1,-9.7,0.5,9.3,-82.7,0.0,0.0,219.9,0.0,21.9,32.6,32.6,35.9,300.0,300.0,29.700000000000003,36.0,33.7,33.300000000000004,35.6,4.95,2.0,4.96,0.16,0.0,0.0,1027.0,8228.0,0.0,0.0,0.0,0.0,0.0,1.0,0.0,0.0,0.0,-0.001,0.0,2.1,0.0,-14.7,-12.7,0.0151,16.0,25903.0
2026-07-30T18:58:03.059Z,52.542,52.554,-7.4,7.4,0.0,0.0,0.0,0.0,0.0,1.0,1.0,0.0,1.0,0.0,0.0,0.0,8.0,6.0,0.0,0.0,0.0,0.0,0.0,0.0,0.0,0.0,1.0,12.0,1.0,12.06,5.01,2.5,1.49,-2.1,0.2,2.1,301.1,-0.1,-11.4,2.9000000000000004,13.4,-82.7,0.0,0.0,219.8,0.0,21.9,32.6,32.6,35.9,300.0,300.0,29.700000000000003,36.0,33.7,33.300000000000004,35.6,4.95,2.0,4.96,0.16,0.0,0.0,1027.0,8228.0,0.0,0.0,0.0,0.0,0.0,1.0,0.0,0.0,0.0,-0.001,0.0,0.0,0.0,-17.400000000000002,-12.8,0.0149,16.0,25903.0
2026-07-30T18:58:03.070Z,52.553,52.566,-7.5,7.4,0.0,0.0,0.0,0.0,0.0,1.0,1.0,0.0,1.0,0.0,0.0,0.0,8.0,6.0,0.0,0.0,0.0,0.0,0.0,0.0,0.0,0.0,2.0,12.0,1.0,12.06,5.01,2.5,1.49,-2.2,0.3,2.2,301.0,-0.1,-11.4,1.7000000000000002,11.0,-82.7,0.0,0.0,219.8,0.0,21.9,32.6,32.6,35.9,300.0,300.0,29.700000000000003,36.0,33.7,33.300000000000004,35.6,4.95,2.0,4.97,0.16,0.0,0.0,1027.0,8228.0,0.0,0.0,0.0,0.0,0.0,1.0,0.0,0.0,0.0,-0.001,0.0,-0.6000000000000001,0.0,-13.8,-12.8,0.0145,16.0,25903.0
2026-07-30T18:58:03.083Z,52.566,52.578,-7.5,7.4,0.0,0.0,0.0,0.0,0.0,1.0,1.0,0.0,1.0,0.0,0.0,0.0,8.0,6.0,0.0,0.0,0.0,0.0,0.0,0.0,0.0,0.0,4.0,12.0,1.0,12.06,5.01,2.5,1.49,-2.1,0.2,2.1,301.1,-0.1,-10.9,4.0,11.6,-82.7,0.0,0.0,219.8,0.0,21.9,32.6,32.6,35.9,300.0,300.0,29.700000000000003,36.0,33.7,33.300000000000004,35.6,4.95,2.0,4.96,0.16,0.0,0.0,1027.0,8228.0,0.0,0.0,0.0,0.0,0.0,1.0,0.0,0.0,0.0,-0.001,0.0,1.3,0.0,-16.2,-12.7,0.0152,16.0,25903.0
2026-07-30T18:58:03.094Z,52.577,52.59,-7.5,7.4,0.0,0.0,0.0,0.0,0.0,1.0,1.0,0.0,1.0,0.0,0.0,0.0,8.0,6.0,0.0,0.0,0.0,0.0,0.0,0.0,0.0,0.0,5.0,12.0,1.0,12.06,5.01,2.5,1.49,-2.3000000000000003,0.2,2.3000000000000003,300.90000000000003,-0.1,-10.9,1.7000000000000002,9.9,-82.7,0.0,0.0,219.8,0.0,21.9,32.6,32.6,35.9,300.0,300.0,29.700000000000003,36.0,33.7,33.300000000000004,35.6,4.96,2.0,4.96,0.16,0.0,0.0,1027.0,8228.0,0.0,0.0,0.0,0.0,0.0,1.0,0.0,0.0,0.0,-0.001,0.0,-0.3,0.0,-12.5,-12.7,0.0146,16.0,25903.0
2026-07-30T18:58:03.107Z,52.59,52.602,-7.4,7.4,0.0,0.0,0.0,0.0,0.0,1.0,1.0,0.0,1.0,0.0,0.0,0.0,8.0,6.0,0.0,0.0,0.0,0.0,0.0,0.0,0.0,0.0,6.0,12.0,1.0,12.06,5.01,2.5,1.49,-2.3000000000000003,0.3,2.3000000000000003,300.90000000000003,-0.1,-13.2,1.7000000000000002,9.3,-82.7,0.0,0.0,219.9,0.0,21.9,32.6,32.6,35.9,300.0,300.0,29.700000000000003,36.0,33.7,33.300000000000004,35.6,4.95,2.0,4.97,0.16,0.0,0.0,1027.0,8228.0,0.0,0.0,0.0,0.0,0.0,1.0,0.0,0.0,0.0,-0.001,0.0,-0.2,0.0,-11.8,-12.7,0.0154,16.0,25903.0
2026-07-30T18:58:03.118Z,52.601,52.614,-7.4,7.4,0.0,0.0,0.0,0.0,0.0,1.0,1.0,0.0,1.0,0.0,0.0,0.0,8.0,6.0,0.0,0.0,0.0,0.0,0.0,0.0,0.0,0.0,1.0,12.0,1.0,12.06,5.01,2.5,1.49,-2.3000000000000003,0.3,2.4000000000000004,301.1,0.0,-11.4,0.5,8.700000000000001,-82.7,0.0,0.0,219.9,0.0,21.9,32.6,32.6,35.9,300.0,300.0,29.700000000000003,36.0,33.7,33.300000000000004,35.6,4.96,2.0,4.96,0.16,0.0,0.0,1027.0,8228.0,0.0,0.0,0.0,0.0,0.0,1.0,0.0,0.0,0.0,-0.001,0.0,-1.2000000000000002,0.0,-10.3,-12.8,0.0156,16.0,25903.0
2026-07-30T18:58:03.130Z,52.613,52.626,-7.5,7.4,0.0,0.0,0.0,0.0,0.0,1.0,1.0,0.0,1.0,0.0,0.0,0.0,8.0,6.0,0.0,0.0,0.0,0.0,0.0,0.0,0.0,0.0,2.0,12.0,1.0,12.06,5.01,2.5,1.49,-2.3000000000000003,0.2,2.3000000000000003,301.0,-0.1,-12.0,2.3000000000000003,9.3,-82.7,0.0,0.0,219.8,0.0,21.9,32.6,32.6,35.9,300.0,300.0,29.700000000000003,36.0,33.7,33.300000000000004,35.6,4.96,2.0,4.96,0.16,0.0,0.0,1027.0,8228.0,0.0,0.0,0.0,0.0,0.0,1.0,0.0,0.0,0.0,-0.001,0.0,0.2,0.0,-12.3,-12.8,0.016,16.0,25903.0
2026-07-30T18:58:03.143Z,52.626,52.638,-7.5,7.4,0.0,0.0,0.0,0.0,0.0,1.0,1.0,0.0,1.0,0.0,0.0,0.0,8.0,6.0,0.0,0.0,0.0,0.0,0.0,0.0,0.0,0.0,2.0,12.0,1.0,12.05,5.0200000000000005,2.51,1.49,-2.3000000000000003,0.2,2.3000000000000003,301.0,0.0,-11.4,2.3000000000000003,9.9,-82.7,0.0,0.0,219.7,0.0,22.4,32.6,32.6,35.9,300.0,300.0,29.8,36.2,33.7,33.300000000000004,35.6,4.95,2.0,4.96,0.16,0.0,0.0,1027.0,8228.0,0.0,0.0,0.0,0.0,0.0,1.0,0.0,0.0,0.0,-0.001,0.0,0.1,0.0,-12.9,-12.7,0.0155,16.0,25903.0
2026-07-30T18:58:03.155Z,52.638,52.65,-7.4,7.4,0.0,0.0,0.0,0.0,0.0,1.0,1.0,0.0,1.0,0.0,0.0,0.0,8.0,6.0,0.0,0.0,0.0,0.0,0.0,0.0,0.0,0.0,3.0,12.0,1.0,12.05,5.0200000000000005,2.51,1.49,-2.3000000000000003,0.3,2.3000000000000003,301.1,0.0,-10.9,1.7000000000000002,9.9,-82.7,0.0,0.0,219.6,0.0,22.4,32.6,32.6,35.9,300.0,300.0,29.8,36.2,33.7,33.300000000000004,35.6,4.95,2.0,4.97,0.16,0.0,0.0,1027.0,8228.0,0.0,0.0,0.0,0.0,0.0,1.0,0.0,0.0,0.0,-0.001,0.0,-0.3,0.0,-12.5,-12.8,0.0154,16.0,25903.0
2026-07-30T18:58:03.167Z,52.65,52.662,-7.4,7.4,0.0,0.0,0.0,0.0,0.0,1.0,1.0,0.0,1.0,0.0,0.0,0.0,8.0,6.0,0.0,0.0,0.0,0.0,0.0,0.0,0.0,0.0,4.0,12.0,1.0,12.05,5.0200000000000005,2.51,1.49,-2.3000000000000003,0.2,2.3000000000000003,301.1,0.0,-12.6,2.3000000000000003,8.700000000000001,-82.7,0.0,0.0,219.7,0.0,22.4,32.6,32.6,35.9,300.0,300.0,29.8,36.2,33.7,33.300000000000004,35.6,4.95,2.0,4.97,0.16,0.0,0.0,1027.0,8228.0,0.0,0.0,0.0,0.0,0.0,1.0,0.0,0.0,0.0,-0.001,0.0,0.3,0.0,-11.6,-12.8,0.0155,16.0,25903.0
2026-07-30T18:58:03.179Z,52.662,52.674,-7.4,7.4,0.0,0.0,0.0,0.0,0.0,1.0,1.0,0.0,1.0,0.0,0.0,0.0,8.0,6.0,0.0,0.0,0.0,0.0,0.0,0.0,0.0,0.0,5.0,12.0,1.0,12.05,5.0200000000000005,2.51,1.49,-2.3000000000000003,0.2,2.3000000000000003,301.0,0.0,-11.4,2.3000000000000003,9.9,-82.60000000000001,0.0,0.0,219.6,0.0,22.4,32.6,32.6,35.9,300.0,300.0,29.8,36.2,33.7,33.300000000000004,35.6,4.95,2.0,4.97,0.16,0.0,0.0,1027.0,8228.0,0.0,0.0,0.0,0.0,0.0,1.0,0.0,0.0,0.0,-0.001,0.0,0.1,0.0,-12.9,-12.8,0.0156,16.0,25903.0
2026-07-30T18:58:03.191Z,52.674,52.686,-7.5,7.4,0.0,0.0,0.0,0.0,0.0,1.0,1.0,0.0,1.0,0.0,0.0,0.0,8.0,6.0,0.0,0.0,0.0,0.0,0.0,0.0,0.0,0.0,6.0,12.0,1.0,12.05,5.0200000000000005,2.51,1.49,-2.4000000000000004,0.3,2.4000000000000004,301.0,0.0,-12.6,0.5,8.1,-82.60000000000001,0.0,0.0,219.6,0.0,22.4,32.6,32.6,35.9,300.0,300.0,29.8,36.2,33.7,33.300000000000004,35.6,4.95,2.0,4.97,0.16,0.0,0.0,1027.0,8228.0,0.0,0.0,0.0,0.0,0.0,1.0,0.0,0.0,0.0,-0.001,0.0,-1.0,0.0,-9.7,-12.9,0.0155,16.0,25903.0
2026-07-30T18:58:03.203Z,52.686,52.698,-7.5,7.4,0.0,0.0,0.0,0.0,0.0,1.0,1.0,0.0,1.0,0.0,0.0,0.0,8.0,6.0,0.0,0.0,0.0,0.0,0.0,0.0,0.0,0.0,1.0,12.0,1.0,12.05,5.0200000000000005,2.51,1.49,-2.3000000000000003,0.3,2.3000000000000003,301.0,0.0,-12.6,1.1,8.700000000000001,-82.60000000000001,0.0,0.0,219.7,0.0,22.4,32.6,32.6,35.9,300.0,300.0,29.8,36.2,33.7,33.300000000000004,35.6,4.96,2.0,4.96,0.16,0.0,0.0,1027.0,8228.0,0.0,0.0,0.0,0.0,0.0,1.0,0.0,0.0,0.0,-0.001,0.0,-0.6000000000000001,0.0,-10.8,-12.7,0.0161,16.0,25903.0
2026-07-30T18:58:03.215Z,52.698,52.71,-7.5,7.4,0.0,0.0,0.0,0.0,0.0,1.0,1.0,0.0,1.0,0.0,0.0,0.0,8.0,6.0,0.0,0.0,0.0,0.0,0.0,0.0,0.0,0.0,2.0,12.0,1.0,12.05,5.0200000000000005,2.51,1.49,-2.3000000000000003,0.3,2.4000000000000004,301.1,0.0,-13.2,0.5,8.1,-82.60000000000001,0.0,0.0,219.7,0.0,22.4,32.6,32.6,35.9,300.0,300.0,29.8,36.2,33.7,33.300000000000004,35.6,4.95,2.0,4.96,0.16,0.0,0.0,1027.0,8228.0,0.0,0.0,0.0,0.0,0.0,1.0,0.0,0.0,0.0,-0.001,0.0,-1.0,0.0,-9.7,-12.7,0.0158,16.0,25903.0
2026-07-30T18:58:03.227Z,52.71,52.722,-7.4,7.4,0.0,0.0,0.0,0.0,0.0,1.0,1.0,0.0,1.0,0.0,0.0,0.0,8.0,6.0,0.0,0.0,0.0,0.0,0.0,0.0,0.0,0.0,3.0,12.0,1.0,12.05,5.0200000000000005,2.51,1.49,-2.4000000000000004,0.3,2.4000000000000004,301.1,-0.1,-12.6,0.0,7.5,-82.60000000000001,0.0,0.0,219.8,0.0,22.4,32.6,32.6,35.9,300.0,300.0,29.8,36.2,33.7,33.300000000000004,35.6,4.95,2.0,4.97,0.16,0.0,0.0,1027.0,8228.0,0.0,0.0,0.0,0.0,0.0,1.0,0.0,0.0,0.0,-0.001,0.0,-1.4,0.0,-8.5,-12.7,0.016,16.0,25903.0
2026-07-30T18:58:03.240Z,52.723,52.734,-7.4,7.4,0.0,0.0,0.0,0.0,0.0,1.0,1.0,0.0,1.0,0.0,0.0,0.0,8.0,6.0,0.0,0.0,0.0,0.0,0.0,0.0,0.0,0.0,4.0,12.0,1.0,12.05,5.0200000000000005,2.5,1.49,-2.3000000000000003,0.2,2.3000000000000003,301.0,-0.1,-12.6,2.3000000000000003,9.3,-82.60000000000001,0.0,0.0,219.8,0.0,22.1,32.6,32.6,35.9,300.0,300.0,29.8,36.2,33.7,33.4,35.6,4.96,2.0,4.97,0.16,0.0,0.0,1027.0,8228.0,0.0,0.0,0.0,0.0,0.0,1.0,0.0,0.0,0.0,-0.001,0.0,0.2,0.0,-12.3,-12.8,0.0163,16.0,25903.0
2026-07-30T18:58:03.250Z,52.733,52.746,-7.4,7.4,0.0,0.0,0.0,0.0,0.0,1.0,1.0,0.0,1.0,0.0,0.0,0.0,8.0,6.0,0.0,0.0,0.0,0.0,0.0,0.0,0.0,0.0,6.0,12.0,1.0,12.05,5.0200000000000005,2.5,1.49,-2.3000000000000003,0.3,2.3000000000000003,301.0,-0.1,-12.0,1.1,8.700000000000001,-82.60000000000001,0.0,0.0,219.7,0.0,22.1,32.6,32.6,35.9,300.0,300.0,29.8,36.2,33.7,33.4,35.6,4.95,2.0,4.96,0.17,0.0,0.0,1027.0,8228.0,0.0,0.0,0.0,0.0,0.0,1.0,0.0,0.0,0.0,-0.001,0.0,-0.6000000000000001,0.0,-10.7,-12.8,0.0155,16.0,25903.0
2026-07-30T18:58:03.263Z,52.746,52.758,-7.5,7.4,0.0,0.0,0.0,0.0,0.0,1.0,1.0,0.0,1.0,0.0,0.0,0.0,8.0,6.0,0.0,0.0,0.0,0.0,0.0,0.0,0.0,0.0,1.0,12.0,1.0,12.05,5.0200000000000005,2.5,1.49,-2.3000000000000003,0.2,2.3000000000000003,301.1,-0.1,-12.0,2.3000000000000003,9.3,-82.60000000000001,0.0,0.0,219.8,0.0,22.1,32.6,32.6,35.9,300.0,300.0,29.8,36.2,33.7,33.4,35.6,4.95,2.0,4.96,0.17,0.0,0.0,1027.0,8228.0,0.0,0.0,0.0,0.0,0.0,1.0,0.0,0.0,0.0,-0.001,0.0,0.2,0.0,-12.3,-12.8,0.0159,16.0,25903.0
2026-07-30T18:58:03.275Z,52.758,52.77,-7.4,7.4,0.0,0.0,0.0,0.0,0.0,1.0,1.0,0.0,1.0,0.0,0.0,0.0,8.0,6.0,0.0,0.0,0.0,0.0,0.0,0.0,0.0,0.0,2.0,12.0,1.0,12.05,5.0200000000000005,2.5,1.49,-2.2,0.2,2.3000000000000003,301.0,-0.1,-11.4,2.3000000000000003,9.9,-82.60000000000001,0.0,0.0,219.8,0.0,22.1,32.6,32.6,35.9,300.0,300.0,29.8,36.2,33.7,33.4,35.6,4.95,2.0,4.97,0.16,0.0,0.0,1027.0,8228.0,0.0,0.0,0.0,0.0,0.0,1.0,0.0,0.0,0.0,-0.001,0.0,0.1,0.0,-12.9,-12.8,0.0155,16.0,25903.0
2026-07-30T18:58:03.287Z,52.77,52.782,-7.4,7.4,0.0,0.0,0.0,0.0,0.0,1.0,1.0,0.0,1.0,0.0,0.0,0.0,8.0,6.0,0.0,0.0,0.0,0.0,0.0,0.0,0.0,0.0,3.0,12.0,1.0,12.05,5.0200000000000005,2.5,1.49,-2.3000000000000003,0.3,2.3000000000000003,301.1,-0.1,-11.4,1.7000000000000002,9.3,-82.60000000000001,0.0,0.0,219.7,0.0,22.1,32.6,32.6,35.9,300.0,300.0,29.8,36.2,33.7,33.4,35.6,4.96,2.0,4.97,0.16,0.0,0.0,1027.0,8228.0,0.0,0.0,0.0,0.0,0.0,1.0,0.0,0.0,0.0,-0.001,0.0,-0.2,0.0,-11.8,-12.8,0.0153,16.0,25903.0
2026-07-30T18:58:03.299Z,52.782,52.794,-7.4,7.4,0.0,0.0,0.0,0.0,0.0,1.0,1.0,0.0,1.0,0.0,0.0,0.0,8.0,6.0,0.0,0.0,0.0,0.0,0.0,0.0,0.0,0.0,4.0,12.0,1.0,12.05,5.0200000000000005,2.5,1.49,-2.2,0.2,2.2,301.1,-0.1,-12.0,3.5,10.4,-82.60000000000001,0.0,0.0,219.8,0.0,22.1,32.6,32.6,35.9,300.0,300.0,29.8,36.2,33.7,33.4,35.6,4.95,2.0,4.97,0.16,0.0,0.0,1027.0,8228.0,0.0,0.0,0.0,0.0,0.0,1.0,0.0,0.0,0.0,-0.001,0.0,1.0,0.0,-14.5,-12.8,0.0156,16.0,25903.0
2026-07-30T18:58:03.311Z,52.794,52.806,-7.4,7.4,0.0,0.0,0.0,0.0,0.0,1.0,1.0,0.0,1.0,0.0,0.0,0.0,8.0,6.0,0.0,0.0,0.0,0.0,0.0,0.0,0.0,0.0,6.0,12.0,1.0,12.05,5.0200000000000005,2.5,1.49,-2.2,0.3,2.3000000000000003,301.0,-0.1,-11.4,1.7000000000000002,10.4,-82.60000000000001,0.0,0.0,219.8,0.0,22.1,32.6,32.6,35.9,300.0,300.0,29.8,36.2,33.7,33.4,35.6,4.96,2.0,4.97,0.16,0.0,0.0,1027.0,8228.0,0.0,0.0,0.0,0.0,0.0,1.0,0.0,0.0,0.0,-0.001,0.0,-0.5,0.0,-13.2,-12.8,0.0151,16.0,25903.0
2026-07-30T18:58:03.323Z,52.806,52.818,-7.5,7.4,0.0,0.0,0.0,0.0,0.0,1.0,1.0,0.0,1.0,0.0,0.0,0.0,8.0,6.0,0.0,0.0,0.0,0.0,0.0,0.0,0.0,0.0,6.0,12.0,1.0,12.05,5.0200000000000005,2.5,1.49,-2.2,0.2,2.2,301.1,-0.1,-11.4,2.9000000000000004,10.4,-82.60000000000001,0.0,0.0,219.8,0.0,22.1,32.6,32.6,35.9,300.0,300.0,29.8,36.2,33.7,33.4,35.6,4.96,2.0,4.96,0.16,0.0,0.0,1027.0,8228.0,0.0,0.0,0.0,0.0,0.0,1.0,0.0,0.0,0.0,-0.001,0.0,0.5,0.0,-14.0,-12.8,0.0153,16.0,25903.0
2026-07-30T18:58:03.337Z,52.82,52.83,-7.4,7.4,0.0,0.0,0.0,0.0,0.0,1.0,1.0,0.0,1.0,0.0,0.0,0.0,8.0,6.0,0.0,0.0,0.0,0.0,0.0,0.0,0.0,0.0,6.0,12.0,1.0,12.05,5.0200000000000005,2.5,1.49,-2.2,0.2,2.2,300.90000000000003,-0.1,-10.9,2.9000000000000004,10.4,-82.60000000000001,0.0,0.0,219.8,0.0,22.1,32.6,32.6,35.9,300.0,300.0,29.8,36.2,33.7,33.4,35.6,4.96,2.0,4.96,0.16,0.0,0.0,1027.0,8228.0,0.0,0.0,0.0,0.0,0.0,1.0,0.0,0.0,0.0,-0.001,0.0,0.5,0.0,-14.0,-12.7,0.015,16.0,25903.0
2026-07-30T18:58:03.347Z,52.83,52.842,-7.4,7.4,0.0,0.0,0.0,0.0,0.0,1.0,1.0,0.0,1.0,0.0,0.0,0.0,8.0,6.0,0.0,0.0,0.0,0.0,0.0,0.0,0.0,0.0,5.0,12.0,1.0,12.06,5.01,2.51,1.49,-2.2,0.3,2.3000000000000003,301.1,-0.1,-10.9,2.3000000000000003,10.4,-82.60000000000001,0.0,0.0,219.7,0.0,22.1,32.6,32.6,35.9,300.0,300.0,29.8,36.2,33.7,33.300000000000004,35.6,4.96,2.0,4.96,0.16,0.0,0.0,1027.0,8228.0,0.0,0.0,0.0,0.0,0.0,1.0,0.0,0.0,0.0,-0.001,0.0,0.0,0.0,-13.6,-12.8,0.0152,16.0,25903.0
2026-07-30T18:58:03.359Z,52.842,52.854,-7.4,7.4,0.0,0.0,0.0,0.0,0.0,1.0,1.0,0.0,1.0,0.0,0.0,0.0,8.0,6.0,0.0,0.0,0.0,0.0,0.0,0.0,0.0,0.0,1.0,12.0,1.0,12.06,5.01,2.51,1.49,-2.2,0.3,2.3000000000000003,301.0,-0.1,-11.4,2.3000000000000003,10.4,-82.60000000000001,0.0,0.0,219.7,0.0,22.1,32.6,32.6,35.9,300.0,300.0,29.8,36.2,33.7,33.300000000000004,35.6,4.95,2.0,4.96,0.16,0.0,0.0,1027.0,8228.0,0.0,0.0,0.0,0.0,0.0,1.0,0.0,0.0,0.0,-0.001,0.0,0.0,0.0,-13.6,-12.8,0.0153,16.0,25903.0
2026-07-30T18:58:03.371Z,52.854,52.866,-7.5,7.4,0.0,0.0,0.0,0.0,0.0,1.0,1.0,0.0,1.0,0.0,0.0,0.0,8.0,6.0,0.0,0.0,0.0,0.0,0.0,0.0,0.0,0.0,2.0,12.0,1.0,12.06,5.01,2.51,1.49,-2.2,0.2,2.2,300.90000000000003,-0.1,-11.4,2.3000000000000003,10.4,-82.60000000000001,0.0,0.0,219.7,0.0,22.1,32.6,32.6,35.9,300.0,300.0,29.8,36.2,33.7,33.300000000000004,35.6,4.95,2.0,4.96,0.16,0.0,0.0,1027.0,8228.0,0.0,0.0,0.0,0.0,0.0,1.0,0.0,0.0,0.0,-0.001,0.0,0.0,0.0,-13.6,-12.8,0.0153,16.0,25903.0
2026-07-30T18:58:03.382Z,52.865,52.878,-7.5,7.4,0.0,0.0,0.0,0.0,0.0,1.0,1.0,0.0,1.0,0.0,0.0,0.0,8.0,6.0,0.0,0.0,0.0,0.0,0.0,0.0,0.0,0.0,3.0,12.0,1.0,12.06,5.01,2.51,1.49,-2.1,0.2,2.1,301.0,-0.1,-10.9,4.0,13.4,-82.60000000000001,0.0,0.0,219.7,0.0,22.1,32.6,32.6,35.9,300.0,300.0,29.8,36.2,33.7,33.300000000000004,35.6,4.95,2.0,4.96,0.16,0.0,0.0,1027.0,8228.0,0.0,0.0,0.0,0.0,0.0,1.0,0.0,0.0,0.0,-0.001,0.0,1.0,0.0,-18.2,-12.7,0.0152,16.0,25903.0
2026-07-30T18:58:03.395Z,52.878,52.89,-7.4,7.4,0.0,0.0,0.0,0.0,0.0,1.0,1.0,0.0,1.0,0.0,0.0,0.0,8.0,6.0,0.0,0.0,0.0,0.0,0.0,0.0,0.0,0.0,5.0,12.0,1.0,12.06,5.01,2.51,1.49,-2.2,0.3,2.3000000000000003,301.0,-0.1,-12.0,2.3000000000000003,9.9,-82.60000000000001,0.0,0.0,219.8,0.0,22.1,32.6,32.6,35.9,300.0,300.0,29.8,36.2,33.7,33.300000000000004,35.6,4.96,2.0,4.97,0.16,0.0,0.0,1027.0,8228.0,0.0,0.0,0.0,0.0,0.0,1.0,0.0,0.0,0.0,-0.001,0.0,0.1,0.0,-12.9,-12.7,0.0141,16.0,25903.0
2026-07-30T18:58:03.407Z,52.89,52.902,-7.5,7.4,0.0,0.0,0.0,0.0,0.0,1.0,1.0,0.0,1.0,0.0,0.0,0.0,8.0,6.0,0.0,0.0,0.0,0.0,0.0,0.0,0.0,0.0,5.0,12.0,1.0,12.06,5.01,2.51,1.49,-2.3000000000000003,0.2,2.3000000000000003,301.0,-0.1,-12.0,2.3000000000000003,9.3,-82.60000000000001,0.0,0.0,219.7,0.0,22.1,32.6,32.6,35.9,300.0,300.0,29.8,36.2,33.7,33.300000000000004,35.6,4.96,2.0,4.97,0.16,0.0,0.0,1027.0,8228.0,0.0,0.0,0.0,0.0,0.0,1.0,0.0,0.0,0.0,-0.001,0.0,0.2,0.0,-12.3,-12.8,0.0154,16.0,25903.0
2026-07-30T18:58:03.419Z,52.902,52.914,-7.5,7.4,0.0,0.0,0.0,0.0,0.0,1.0,1.0,0.0,1.0,0.0,0.0,0.0,8.0,6.0,0.0,0.0,0.0,0.0,0.0,0.0,0.0,0.0,1.0,12.0,1.0,12.06,5.01,2.51,1.49,-2.2,0.2,2.2,301.1,-0.1,-11.4,2.9000000000000004,11.0,-82.60000000000001,0.0,0.0,219.7,0.0,22.1,32.6,32.6,35.9,300.0,300.0,29.8,36.2,33.7,33.300000000000004,35.6,4.96,2.0,4.96,0.16,0.0,0.0,1027.0,8228.0,0.0,0.0,0.0,0.0,0.0,1.0,0.0,0.0,0.0,-0.001,0.0,0.4,0.0,-14.7,-12.8,0.0155,16.0,25903.0
2026-07-30T18:58:03.431Z,52.914,52.926,-7.4,7.4,0.0,0.0,0.0,0.0,0.0,1.0,1.0,0.0,1.0,0.0,0.0,0.0,8.0,6.0,0.0,0.0,0.0,0.0,0.0,0.0,0.0,0.0,1.0,12.0,1.0,12.06,5.01,2.51,1.49,-2.3000000000000003,0.3,2.3000000000000003,301.1,-0.1,-11.4,1.7000000000000002,9.3,-82.60000000000001,0.0,0.0,219.8,0.0,22.1,32.6,32.6,35.9,300.0,300.0,29.8,36.2,33.7,33.300000000000004,35.6,4.95,1.99,4.96,0.16,0.0,0.0,1027.0,8228.0,0.0,0.0,0.0,0.0,0.0,1.0,0.0,0.0,0.0,-0.001,0.0,-0.2,0.0,-11.8,-12.7,0.0149,16.0,25903.0
2026-07-30T18:58:03.444Z,52.927,52.938,-7.4,7.4,0.0,0.0,0.0,0.0,0.0,1.0,1.0,0.0,1.0,0.0,0.0,0.0,8.0,6.0,0.0,0.0,0.0,0.0,0.0,0.0,0.0,0.0,3.0,12.0,1.0,12.06,5.01,2.5,1.49,-2.2,0.2,2.3000000000000003,300.90000000000003,-0.1,-11.4,2.9000000000000004,10.4,-82.60000000000001,0.0,0.0,219.7,0.0,21.700000000000003,32.7,32.7,35.9,300.0,300.0,29.9,36.0,33.7,33.4,35.5,4.95,1.99,4.96,0.16,0.0,0.0,1027.0,8228.0,0.0,0.0,0.0,0.0,0.0,1.0,0.0,0.0,0.0,-0.001,0.0,0.5,0.0,-14.0,-12.9,0.0157,16.0,25903.0
2026-07-30T18:58:03.454Z,52.937,52.95,-7.5,7.4,0.0,0.0,0.0,0.0,0.0,1.0,1.0,0.0,1.0,0.0,0.0,0.0,8.0,6.0,0.0,0.0,0.0,0.0,0.0,0.0,0.0,0.0,4.0,12.0,1.0,12.06,5.01,2.5,1.49,-2.3000000000000003,0.3,2.3000000000000003,301.1,-0.1,-12.0,1.7000000000000002,9.9,-82.60000000000001,0.0,0.0,219.6,0.0,21.700000000000003,32.7,32.7,35.9,300.0,300.0,29.9,36.0,33.7,33.4,35.5,4.96,2.0,4.97,0.16,0.0,0.0,1027.0,8228.0,0.0,0.0,0.0,0.0,0.0,1.0,0.0,0.0,0.0,-0.001,0.0,-0.3,0.0,-12.5,-12.9,0.0158,16.0,25903.0
2026-07-30T18:58:03.467Z,52.95,52.962,-7.5,7.4,0.0,0.0,0.0,0.0,0.0,1.0,1.0,0.0,1.0,0.0,0.0,0.0,8.0,6.0,0.0,0.0,0.0,0.0,0.0,0.0,0.0,0.0,5.0,12.0,1.0,12.06,5.01,2.5,1.49,-2.3000000000000003,0.2,2.3000000000000003,301.1,-0.1,-12.6,1.7000000000000002,9.3,-82.60000000000001,0.0,0.0,219.7,0.0,21.700000000000003,32.7,32.7,35.9,300.0,300.0,29.9,36.0,33.7,33.4,35.5,4.96,2.0,4.96,0.16,0.0,0.0,1027.0,8228.0,0.0,0.0,0.0,0.0,0.0,1.0,0.0,0.0,0.0,-0.001,0.0,-0.2,0.0,-11.8,-12.8,0.0157,16.0,25903.0
2026-07-30T18:58:03.478Z,52.961,52.974,-7.5,7.4,0.0,0.0,0.0,0.0,0.0,1.0,1.0,0.0,1.0,0.0,0.0,0.0,8.0,6.0,0.0,0.0,0.0,0.0,0.0,0.0,0.0,0.0,1.0,12.0,1.0,12.06,5.01,2.5,1.49,-2.3000000000000003,0.3,2.3000000000000003,301.0,-0.1,-12.0,1.1,9.3,-82.60000000000001,0.0,0.0,219.8,0.0,21.700000000000003,32.7,32.7,35.9,300.0,300.0,29.9,36.0,33.7,33.4,35.5,4.95,2.0,4.96,0.16,0.0,0.0,1027.0,8228.0,0.0,0.0,0.0,0.0,0.0,1.0,0.0,0.0,0.0,-0.001,0.0,-0.7000000000000001,0.0,-11.4,-12.7,0.0146,16.0,25903.0
2026-07-30T18:58:03.491Z,52.974,52.986,-7.5,7.4,0.0,0.0,0.0,0.0,0.0,1.0,1.0,0.0,1.0,0.0,0.0,0.0,8.0,6.0,0.0,0.0,0.0,0.0,0.0,0.0,0.0,0.0,2.0,12.0,1.0,12.06,5.01,2.5,1.49,-2.2,0.2,2.3000000000000003,300.90000000000003,-0.1,-11.4,1.1,8.700000000000001,-82.60000000000001,0.0,0.0,219.9,0.0,21.700000000000003,32.7,32.7,35.9,300.0,300.0,29.9,36.0,33.7,33.4,35.5,4.96,2.0,4.96,0.16,0.0,0.0,1027.0,8228.0,0.0,0.0,0.0,0.0,0.0,1.0,0.0,0.0,0.0,-0.001,0.0,0.7000000000000001,0.0,-12.7,-12.7,0.0157,16.0,25903.0
2026-07-30T18:58:03.503Z,52.986,52.998,-7.5,7.4,0.0,0.0,0.0,0.0,0.0,1.0,1.0,0.0,1.0,0.0,0.0,0.0,8.0,6.0,0.0,0.0,0.0,0.0,0.0,0.0,0.0,0.0,3.0,12.0,1.0,12.06,5.01,2.5,1.49,-2.3000000000000003,0.3,2.3000000000000003,301.1,-0.1,-12.6,0.5,9.3,-82.60000000000001,0.0,0.0,219.9,0.0,21.700000000000003,32.7,32.7,35.9,300.0,300.0,29.9,36.0,33.7,33.4,35.5,4.96,2.0,4.96,0.16,0.0,0.0,1027.0,8228.0,0.0,0.0,0.0,0.0,0.0,1.0,0.0,0.0,0.0,-0.001,0.0,-1.3,0.0,-11.0,-12.8,0.0153,16.0,25903.0
2026-07-30T18:58:03.515Z,52.998,53.01,-7.5,7.4,0.0,0.0,0.0,0.0,0.0,1.0,1.0,0.0,1.0,0.0,0.0,0.0,8.0,6.0,0.0,0.0,0.0,0.0,0.0,0.0,0.0,0.0,4.0,12.0,1.0,12.06,5.01,2.5,1.49,-2.3000000000000003,0.3,2.3000000000000003,300.90000000000003,-0.1,-12.6,1.1,9.9,-82.60000000000001,0.0,0.0,219.8,0.0,21.700000000000003,32.7,32.7,35.9,300.0,300.0,29.9,36.0,33.7,33.4,35.5,4.96,2.0,4.97,0.16,0.0,0.0,1027.0,8228.0,0.0,0.0,0.0,0.0,0.0,1.0,0.0,0.0,0.0,-0.001,0.0,0.1,0.0,-12.9,-12.7,0.0149,16.0,25903.0
2026-07-30T18:58:03.527Z,53.01,53.022,-7.4,7.4,0.0,0.0,0.0,0.0,0.0,1.0,1.0,0.0,1.0,0.0,0.0,0.0,8.0,6.0,0.0,0.0,0.0,0.0,0.0,0.0,0.0,0.0,5.0,12.0,1.0,12.06,5.01,2.5,1.49,-2.3000000000000003,0.3,2.3000000000000003,301.0,-0.1,-12.6,1.1,8.700000000000001,-82.60000000000001,0.0,0.0,219.8,0.0,21.700000000000003,32.7,32.7,35.9,300.0,300.0,29.9,36.0,33.7,33.4,35.5,4.95,2.0,4.97,0.16,0.0,0.0,1027.0,8228.0,0.0,0.0,0.0,0.0,0.0,1.0,0.0,0.0,0.0,-0.001,0.0,0.4,0.0,-14.7,-12.7,0.0153,16.0,25903.0
2026-07-30T18:58:03.539Z,53.022,53.034,-7.4,7.4,0.0,0.0,0.0,0.0,0.0,1.0,1.0,0.0,1.0,0.0,0.0,0.0,8.0,6.0,0.0,0.0,0.0,0.0,0.0,0.0,0.0,0.0,6.0,12.0,1.0,12.06,5.01,2.5,1.49,-2.2,0.3,2.2,301.1,-0.1,-13.8,0.5,9.9,-82.60000000000001,0.0,0.0,219.9,0.0,21.700000000000003,32.7,32.7,35.9,300.0,300.0,29.9,36.0,33.7,33.4,35.5,4.95,2.0,4.96,0.16,0.0,0.0,1027.0,8228.0,0.0,0.0,0.0,0.0,0.0,1.0,0.0,0.0,0.0,-0.001,0.0,-0.1,0.0,-14.3,-12.8,0.015,16.0,25903.0
2026-07-30T18:58:03.551Z,53.034,53.046,-7.5,7.4,0.0,0.0,0.0,0.0,0.0,1.0,1.0,0.0,1.0,0.0,0.0,0.0,8.0,6.0,0.0,0.0,0.0,0.0,0.0,0.0,0.0,0.0,1.0,12.0,1.0,12.04,5.01,2.51,1.5,-2.3000000000000003,0.3,2.3000000000000003,301.1,-0.1,-12.0,1.1,8.700000000000001,-82.7,0.0,0.0,219.7,0.0,22.200000000000003,32.7,32.7,36.0,300.0,300.0,29.8,36.0,33.7,33.4,35.6,4.95,2.0,4.96,0.16,0.0,0.0,1027.0,8228.0,0.0,0.0,0.0,0.0,0.0,1.0,0.0,0.0,0.0,-0.001,0.0,-0.7000000000000001,0.0,-11.4,-12.9,0.0152,16.0,25903.0
2026-07-30T18:58:03.563Z,53.046,53.058,-7.5,7.4,0.0,0.0,0.0,0.0,0.0,1.0,1.0,0.0,1.0,0.0,0.0,0.0,8.0,6.0,0.0,0.0,0.0,0.0,0.0,0.0,0.0,0.0,2.0,12.0,1.0,12.04,5.01,2.51,1.5,-2.2,0.2,2.2,301.0,-0.1,-12.0,2.9000000000000004,9.9,-82.7,0.0,0.0,219.8,0.0,22.200000000000003,32.7,32.7,36.0,300.0,300.0,29.8,36.0,33.7,33.4,35.6,4.95,2.0,4.96,0.16,0.0,0.0,1027.0,8228.0,0.0,0.0,0.0,0.0,0.0,1.0,0.0,0.0,0.0,-0.001,0.0,0.6000000000000001,0.0,-13.4,-12.7,0.0158,16.0,25903.0
2026-07-30T18:58:03.575Z,53.058,53.07,-7.4,7.4,0.0,0.0,0.0,0.0,0.0,1.0,1.0,0.0,1.0,0.0,0.0,0.0,8.0,6.0,0.0,0.0,0.0,0.0,0.0,0.0,0.0,0.0,4.0,12.0,1.0,12.04,5.01,2.51,1.5,-2.2,0.2,2.3000000000000003,301.0,-0.1,-11.4,2.9000000000000004,9.9,-82.7,0.0,0.0,219.8,0.0,22.200000000000003,32.7,32.7,36.0,300.0,300.0,29.8,36.0,33.7,33.4,35.6,4.96,2.0,4.96,0.16,0.0,0.0,1027.0,8228.0,0.0,0.0,0.0,0.0,0.0,1.0,0.0,0.0,0.0,-0.001,0.0,0.6000000000000001,0.0,-13.4,-12.7,0.0152,16.0,25903.0
2026-07-30T18:58:03.586Z,53.069,53.082,-7.5,7.4,0.0,0.0,0.0,0.0,0.0,1.0,1.0,0.0,1.0,0.0,0.0,0.0,8.0,6.0,0.0,0.0,0.0,0.0,0.0,0.0,0.0,0.0,5.0,12.0,1.0,12.04,5.01,2.51,1.5,-2.1,0.2,2.1,301.1,-0.1,-10.3,4.0,12.2,-82.7,0.0,0.0,219.8,0.0,22.200000000000003,32.7,32.7,36.0,300.0,300.0,29.8,36.0,33.7,33.4,35.6,4.95,2.0,4.96,0.16,0.0,0.0,1027.0,8228.0,0.0,0.0,0.0,0.0,0.0,1.0,0.0,0.0,0.0,-0.001,0.0,1.2000000000000002,0.0,-16.900000000000002,-12.8,0.0153,16.0,25903.0
2026-07-30T18:58:03.598Z,53.081,53.094,-7.5,7.4,0.0,0.0,0.0,0.0,0.0,1.0,1.0,0.0,1.0,0.0,0.0,0.0,8.0,6.0,0.0,0.0,0.0,0.0,0.0,0.0,0.0,0.0,6.0,12.0,1.0,12.04,5.01,2.51,1.5,-2.2,0.2,2.2,301.0,-0.1,-10.9,2.3000000000000003,9.9,-82.7,0.0,0.0,219.9,0.0,22.200000000000003,32.7,32.7,36.0,300.0,300.0,29.8,36.0,33.7,33.4,35.6,4.95,2.0,4.97,0.16,0.0,0.0,1027.0,8228.0,0.0,0.0,0.0,0.0,0.0,1.0,0.0,0.0,0.0,-0.001,0.0,0.0,0.0,-12.9,-12.7,0.0144,16.0,25903.0
2026-07-30T18:58:03.611Z,53.094,53.106,-7.5,7.4,0.0,0.0,0.0,0.0,0.0,1.0,1.0,0.0,1.0,0.0,0.0,0.0,8.0,6.0,0.0,0.0,0.0,0.0,0.0,0.0,0.0,0.0,1.0,12.0,1.0,12.04,5.01,2.51,1.5,-2.3000000000000003,0.2,2.3000000000000003,301.0,-0.1,-11.4,1.7000000000000002,9.3,-82.7,0.0,0.0,219.9,0.0,22.200000000000003,32.7,32.7,36.0,300.0,300.0,29.8,36.0,33.7,33.4,35.6,4.95,2.0,4.97,0.16,0.0,0.0,1027.0,8228.0,0.0,0.0,0.0,0.0,0.0,1.0,0.0,0.0,0.0,-0.001,0.0,-0.3,0.0,-11.8,-12.7,0.0152,16.0,25903.0
2026-07-30T18:58:03.623Z,53.106,53.118,-7.5,7.4,0.0,0.0,0.0,0.0,0.0,1.0,1.0,0.0,1.0,0.0,0.0,0.0,8.0,6.0,0.0,0.0,0.0,0.0,0.0,0.0,0.0,0.0,2.0,12.0,1.0,12.04,5.01,2.51,1.5,-2.3000000000000003,0.2,2.3000000000000003,301.1,-0.1,-11.4,2.9000000000000004,8.700000000000001,-82.7,0.0,0.0,219.9,0.0,22.200000000000003,32.7,32.7,36.0,300.0,300.0,29.8,36.0,33.7,33.4,35.6,4.96,2.0,4.97,0.16,0.0,0.0,1027.0,8228.0,0.0,0.0,0.0,0.0,0.0,1.0,0.0,0.0,0.0,-0.001,0.0,0.8,0.0,-12.0,-12.7,0.0154,16.0,25903.0
2026-07-30T18:58:03.635Z,53.118,53.13,-7.4,7.4,0.0,0.0,0.0,0.0,0.0,1.0,1.0,0.0,1.0,0.0,0.0,0.0,8.0,6.0,0.0,0.0,0.0,0.0,0.0,0.0,0.0,0.0,3.0,12.0,1.0,12.04,5.01,2.51,1.5,-2.2,0.2,2.2,301.0,-0.1,-10.9,2.9000000000000004,9.9,-82.7,0.0,0.0,219.9,0.0,22.200000000000003,32.7,32.7,36.0,300.0,300.0,29.8,36.0,33.7,33.4,35.6,4.95,2.0,4.96,0.16,0.0,0.0,1027.0,8228.0,0.0,0.0,0.0,0.0,0.0,1.0,0.0,0.0,0.0,-0.001,0.0,0.6000000000000001,0.0,-13.4,-12.7,0.0154,16.0,25903.0
2026-07-30T18:58:03.653Z,53.136,53.142,-7.4,7.4,0.0,0.0,0.0,0.0,0.0,1.0,1.0,0.0,1.0,0.0,0.0,0.0,8.0,6.0,0.0,0.0,0.0,0.0,0.0,0.0,0.0,0.0,4.0,12.0,1.0,12.05,5.01,2.51,1.49,-2.3000000000000003,0.3,2.3000000000000003,301.1,-0.1,-12.6,1.1,8.700000000000001,-82.7,0.0,0.0,219.8,0.0,22.200000000000003,32.7,32.7,36.0,300.0,300.0,29.8,36.1,33.800000000000004,33.4,35.6,4.95,2.0,4.96,0.16,0.0,0.0,1027.0,8228.0,0.0,0.0,0.0,0.0,0.0,1.0,0.0,0.0,0.0,-0.001,0.0,-0.6000000000000001,0.0,-10.7,-12.8,0.0152,16.0,25903.0
2026-07-30T18:58:03.659Z,53.142,53.154,-7.5,7.4,0.0,0.0,0.0,0.0,0.0,1.0,1.0,0.0,1.0,0.0,0.0,0.0,8.0,6.0,0.0,0.0,0.0,0.0,0.0,0.0,0.0,0.0,2.0,12.0,1.0,12.05,5.01,2.51,1.49,-2.2,0.2,2.2,300.90000000000003,-0.1,-10.9,2.9000000000000004,10.4,-82.7,0.0,0.0,219.8,0.0,22.200000000000003,32.7,32.7,36.0,300.0,300.0,29.8,36.1,33.800000000000004,33.4,35.6,4.95,2.0,4.97,0.16,0.0,0.0,1027.0,8228.0,0.0,0.0,0.0,0.0,0.0,1.0,0.0,0.0,0.0,-0.001,0.0,0.5,0.0,-14.0,-12.8,0.0159,16.0,25903.0
2026-07-30T18:58:03.671Z,53.154,53.166,-7.4,7.4,0.0,0.0,0.0,0.0,0.0,1.0,1.0,0.0,1.0,0.0,0.0,0.0,8.0,6.0,0.0,0.0,0.0,0.0,0.0,0.0,0.0,0.0,3.0,12.0,1.0,12.05,5.01,2.51,1.49,-2.2,0.2,2.3000000000000003,301.0,-0.1,-11.4,2.3000000000000003,9.9,-82.7,0.0,0.0,219.8,0.0,22.200000000000003,32.7,32.7,36.0,300.0,300.0,29.8,36.1,33.800000000000004,33.4,35.6,4.95,2.0,4.97,0.16,0.0,0.0,1027.0,8228.0,0.0,0.0,0.0,0.0,0.0,1.0,0.0,0.0,0.0,-0.001,0.0,0.1,0.0,-12.9,-12.7,0.015,16.0,25903.0
2026-07-30T18:58:03.683Z,53.166,53.178,-7.4,7.4,0.0,0.0,0.0,0.0,0.0,1.0,1.0,0.0,1.0,0.0,0.0,0.0,8.0,6.0,0.0,0.0,0.0,0.0,0.0,0.0,0.0,0.0,5.0,12.0,1.0,12.05,5.01,2.51,1.49,-2.4000000000000004,0.3,2.4000000000000004,301.0,-0.1,-12.6,1.1,8.1,-82.7,0.0,0.0,219.7,0.0,22.200000000000003,32.7,32.7,36.0,300.0,300.0,29.8,36.1,33.800000000000004,33.4,35.6,4.96,2.0,4.96,0.16,0.0,0.0,1027.0,8228.0,0.0,0.0,0.0,0.0,0.0,1.0,0.0,0.0,0.0,-0.001,0.0,-0.5,0.0,-10.1,-12.8,0.0154,16.0,25903.0
2026-07-30T18:58:03.695Z,53.178,53.19,-7.4,7.4,0.0,0.0,0.0,0.0,0.0,1.0,1.0,0.0,1.0,0.0,0.0,0.0,8.0,6.0,0.0,0.0,0.0,0.0,0.0,0.0,0.0,0.0,6.0,12.0,1.0,12.05,5.01,2.51,1.49,-2.3000000000000003,0.3,2.3000000000000003,301.0,0.0,-13.2,1.7000000000000002,9.9,-82.7,0.0,0.0,219.6,0.0,22.200000000000003,32.7,32.7,36.0,300.0,300.0,29.8,36.1,33.800000000000004,33.4,35.6,4.95,2.0,4.97,0.16,0.0,0.0,1027.0,8228.0,0.0,0.0,0.0,0.0,0.0,1.0,0.0,0.0,0.0,-0.001,0.0,-0.3,0.0,-12.5,-12.9,0.0161,16.0,25903.0
2026-07-30T18:58:03.707Z,53.19,53.202,-7.5,7.4,0.0,0.0,0.0,0.0,0.0,1.0,1.0,0.0,1.0,0.0,0.0,0.0,8.0,6.0,0.0,0.0,0.0,0.0,0.0,0.0,0.0,0.0,1.0,12.0,1.0,12.05,5.01,2.51,1.49,-2.3000000000000003,0.3,2.3000000000000003,301.0,-0.1,-12.6,1.1,9.3,-82.7,0.0,0.0,219.6,0.0,22.200000000000003,32.7,32.7,36.0,300.0,300.0,29.8,36.1,33.800000000000004,33.4,35.6,4.95,2.0,4.97,0.16,0.0,0.0,1027.0,8228.0,0.0,0.0,0.0,0.0,0.0,1.0,0.0,0.0,0.0,-0.001,0.0,-0.7000000000000001,0.0,-11.4,-12.8,0.0156,16.0,25903.0
2026-07-30T18:58:03.718Z,53.201,53.214,-7.5,7.4,0.0,0.0,0.0,0.0,0.0,1.0,1.0,0.0,1.0,0.0,0.0,0.0,8.0,6.0,0.0,0.0,0.0,0.0,0.0,0.0,0.0,0.0,2.0,12.0,1.0,12.05,5.01,2.51,1.49,-2.3000000000000003,0.3,2.3000000000000003,301.1,-0.1,-12.6,1.7000000000000002,8.700000000000001,-82.7,0.0,0.0,219.7,0.0,22.200000000000003,32.7,32.7,36.0,300.0,300.0,29.8,36.1,33.800000000000004,33.4,35.6,4.95,2.0,4.97,0.16,0.0,0.0,1027.0,8228.0,0.0,0.0,0.0,0.0,0.0,1.0,0.0,0.0,0.0,-0.001,0.0,-0.1,0.0,-11.2,-12.7,0.0157,16.0,25903.0
2026-07-30T18:58:03.731Z,53.214,53.226,-7.4,7.4,0.0,0.0,0.0,0.0,0.0,1.0,1.0,0.0,1.0,0.0,0.0,0.0,8.0,6.0,0.0,0.0,0.0,0.0,0.0,0.0,0.0,0.0,3.0,12.0,1.0,12.05,5.01,2.51,1.49,-2.2,0.3,2.2,301.0,-0.1,-13.2,1.7000000000000002,9.9,-82.60000000000001,0.0,0.0,219.9,0.0,22.200000000000003,32.7,32.7,36.0,300.0,300.0,29.8,36.1,33.800000000000004,33.4,35.6,4.96,2.0,4.96,0.15,0.0,0.0,1027.0,8228.0,0.0,0.0,0.0,0.0,0.0,1.0,0.0,0.0,0.0,-0.001,0.0,-0.4,0.0,-12.5,-12.6,0.0155,16.0,25903.0
2026-07-30T18:58:03.743Z,53.226,53.238,-7.4,7.4,0.0,0.0,0.0,0.0,0.0,1.0,1.0,0.0,1.0,0.0,0.0,0.0,8.0,6.0,0.0,0.0,0.0,0.0,0.0,0.0,0.0,0.0,5.0,12.0,1.0,12.05,5.01,2.51,1.49,-2.3000000000000003,0.3,2.3000000000000003,301.1,-0.1,-13.2,0.0,9.3,-82.60000000000001,0.0,0.0,219.9,0.0,22.200000000000003,32.7,32.7,36.0,300.0,300.0,29.8,36.1,33.800000000000004,33.4,35.6,4.96,2.0,4.97,0.15,0.0,0.0,1027.0,8228.0,0.0,0.0,0.0,0.0,0.0,1.0,0.0,0.0,0.0,-0.001,0.0,-1.8,0.0,-10.5,-12.8,0.0153,16.0,25903.0
2026-07-30T18:58:03.754Z,53.237,53.25,-7.4,7.4,0.0,0.0,0.0,0.0,0.0,1.0,1.0,0.0,1.0,0.0,0.0,0.0,8.0,6.0,0.0,0.0,0.0,0.0,0.0,0.0,0.0,0.0,5.0,12.0,1.0,12.05,5.01,2.5,1.49,-2.2,0.2,2.3000000000000003,301.0,-0.1,-12.6,2.3000000000000003,9.9,-82.60000000000001,0.0,0.0,219.8,0.0,21.4,32.7,32.7,36.0,300.0,300.0,29.8,36.2,33.800000000000004,33.4,35.7,4.96,1.99,4.96,0.16,0.0,0.0,1027.0,8228.0,0.0,0.0,0.0,0.0,0.0,1.0,0.0,0.0,0.0,-0.001,0.0,0.1,0.0,-12.9,-12.8,0.0159,16.0,25903.0
2026-07-30T18:58:03.766Z,53.249,53.262,-7.4,7.4,0.0,0.0,0.0,0.0,0.0,1.0,1.0,0.0,1.0,0.0,0.0,0.0,8.0,6.0,0.0,0.0,0.0,0.0,0.0,0.0,0.0,0.0,6.0,12.0,1.0,12.05,5.01,2.5,1.49,-2.2,0.3,2.3000000000000003,301.0,-0.1,-13.8,2.3000000000000003,10.4,-82.60000000000001,0.0,0.0,219.6,0.0,21.4,32.7,32.7,36.0,300.0,300.0,29.8,36.2,33.800000000000004,33.4,35.7,4.95,2.0,4.96,0.16,0.0,0.0,1027.0,8228.0,0.0,0.0,0.0,0.0,0.0,1.0,0.0,0.0,0.0,-0.001,0.0,0.0,0.0,-13.6,-12.8,0.0154,16.0,25903.0
2026-07-30T18:58:03.779Z,53.262,53.274,-7.4,7.4,0.0,0.0,0.0,0.0,0.0,1.0,1.0,0.0,1.0,0.0,0.0,0.0,8.0,6.0,0.0,0.0,0.0,0.0,0.0,0.0,0.0,0.0,1.0,12.0,1.0,12.05,5.01,2.5,1.49,-2.3000000000000003,0.3,2.3000000000000003,301.1,-0.1,-12.0,1.7000000000000002,8.700000000000001,-82.60000000000001,0.0,0.0,219.6,0.0,21.4,32.7,32.7,36.0,300.0,300.0,29.8,36.2,33.800000000000004,33.4,35.7,4.96,2.0,4.96,0.16,0.0,0.0,1027.0,8228.0,0.0,0.0,0.0,0.0,0.0,1.0,0.0,0.0,0.0,-0.001,0.0,-0.1,0.0,-11.2,-12.8,0.0153,16.0,25903.0
2026-07-30T18:58:03.791Z,53.274,53.286,-7.4,7.4,0.0,0.0,0.0,0.0,0.0,1.0,1.0,0.0,1.0,0.0,0.0,0.0,8.0,6.0,0.0,0.0,0.0,0.0,0.0,0.0,0.0,0.0,2.0,12.0,1.0,12.05,5.01,2.5,1.49,-2.2,0.2,2.3000000000000003,301.1,-0.1,-12.6,2.9000000000000004,9.9,-82.60000000000001,0.0,0.0,219.7,0.0,21.4,32.7,32.7,36.0,300.0,300.0,29.8,36.2,33.800000000000004,33.4,35.7,4.95,2.0,4.96,0.16,0.0,0.0,1027.0,8228.0,0.0,0.0,0.0,0.0,0.0,1.0,0.0,0.0,0.0,-0.001,0.0,0.6000000000000001,0.0,-13.4,-12.8,0.0159,16.0,25903.0
2026-07-30T18:58:03.802Z,53.285,53.298,-7.5,7.4,0.0,0.0,0.0,0.0,0.0,1.0,1.0,0.0,1.0,0.0,0.0,0.0,8.0,6.0,0.0,0.0,0.0,0.0,0.0,0.0,0.0,0.0,3.0,12.0,1.0,12.05,5.01,2.5,1.49,-2.2,0.2,2.2,301.0,-0.1,-11.4,4.0,11.0,-82.60000000000001,0.0,0.0,219.8,0.0,21.4,32.7,32.7,36.0,300.0,300.0,29.8,36.2,33.800000000000004,33.4,35.7,4.95,2.0,4.97,0.16,0.0,0.0,1027.0,8228.0,0.0,0.0,0.0,0.0,0.0,1.0,0.0,0.0,0.0,-0.001,0.0,1.4,0.0,-15.6,-12.8,0.0153,16.0,25903.0
2026-07-30T18:58:03.815Z,53.298,53.31,-7.5,7.4,0.0,0.0,0.0,0.0,0.0,1.0,1.0,0.0,1.0,0.0,0.0,0.0,8.0,6.0,0.0,0.0,0.0,0.0,0.0,0.0,0.0,0.0,4.0,12.0,1.0,12.05,5.01,2.5,1.49,-2.2,0.2,2.2,301.0,-0.1,-10.9,3.5,10.4,-82.60000000000001,0.0,0.0,219.8,0.0,21.4,32.7,32.7,36.0,300.0,300.0,29.8,36.2,33.800000000000004,33.4,35.7,4.96,2.0,4.97,0.17,0.0,0.0,1027.0,8228.0,0.0,0.0,0.0,0.0,0.0,1.0,0.0,0.0,0.0,-0.001,0.0,1.0,0.0,-14.5,-12.7,0.0147,16.0,25903.0
2026-07-30T18:58:03.826Z,53.309,53.322,-7.5,7.4,0.0,0.0,0.0,0.0,0.0,1.0,1.0,0.0,1.0,0.0,0.0,0.0,8.0,6.0,0.0,0.0,0.0,0.0,0.0,0.0,0.0,0.0,5.0,12.0,1.0,12.05,5.01,2.5,1.49,-2.2,0.2,2.2,301.1,-0.1,-12.0,2.3000000000000003,10.4,-82.60000000000001,0.0,0.0,219.8,0.0,21.4,32.7,32.7,36.0,300.0,300.0,29.8,36.2,33.800000000000004,33.4,35.7,4.95,2.0,4.96,0.16,0.0,0.0,1027.0,8228.0,0.0,0.0,0.0,0.0,0.0,1.0,0.0,0.0,0.0,-0.001,0.0,0.0,0.0,-13.6,-12.7,0.015,16.0,25903.0
2026-07-30T18:58:03.838Z,53.321,53.334,-7.4,7.4,0.0,0.0,0.0,0.0,0.0,1.0,1.0,0.0,1.0,0.0,0.0,0.0,8.0,6.0,0.0,0.0,0.0,0.0,0.0,0.0,0.0,0.0,6.0,12.0,1.0,12.05,5.01,2.5,1.49,-2.3000000000000003,0.2,2.3000000000000003,300.90000000000003,-0.1,-10.9,2.3000000000000003,9.9,-82.60000000000001,0.0,0.0,219.7,0.0,21.4,32.7,32.7,36.0,300.0,300.0,29.8,36.2,33.800000000000004,33.4,35.7,4.96,2.0,4.96,0.16,0.0,0.0,1027.0,8228.0,0.0,0.0,0.0,0.0,0.0,1.0,0.0,0.0,0.0,-0.001,0.0,0.1,0.0,-12.9,-12.7,0.0152,16.0,25903.0
2026-07-30T18:58:03.852Z,53.335,53.346,-7.5,7.4,0.0,0.0,0.0,0.0,0.0,1.0,1.0,0.0,1.0,0.0,0.0,0.0,8.0,6.0,0.0,0.0,0.0,0.0,0.0,0.0,0.0,0.0,1.0,12.0,1.0,12.05,5.0200000000000005,2.51,1.49,-2.1,0.2,2.2,301.1,-0.1,-11.4,4.0,11.6,-82.60000000000001,0.0,0.0,219.7,0.0,22.1,32.7,32.7,36.0,300.0,300.0,29.700000000000003,36.2,33.800000000000004,33.4,35.7,4.96,2.0,4.97,0.16,0.0,0.0,1027.0,8228.0,0.0,0.0,0.0,0.0,0.0,1.0,0.0,0.0,0.0,-0.001,0.0,1.3,0.0,-16.2,-12.8,0.0154,16.0,25903.0
2026-07-30T18:58:03.862Z,53.345,53.358,-7.4,7.4,0.0,0.0,0.0,0.0,0.0,1.0,1.0,0.0,1.0,0.0,0.0,0.0,8.0,6.0,0.0,0.0,0.0,0.0,0.0,0.0,0.0,0.0,3.0,12.0,1.0,12.05,5.0200000000000005,2.51,1.49,-2.2,0.2,2.3000000000000003,301.1,-0.1,-9.7,2.9000000000000004,9.9,-82.60000000000001,0.0,0.0,219.7,0.0,22.1,32.7,32.7,36.0,300.0,300.0,29.700000000000003,36.2,33.800000000000004,33.4,35.7,4.95,2.0,4.97,0.16,0.0,0.0,1027.0,8228.0,0.0,0.0,0.0,0.0,0.0,1.0,0.0,0.0,0.0,-0.001,0.0,0.6000000000000001,0.0,-13.4,-12.8,0.0147,16.0,25903.0
2026-07-30T18:58:03.875Z,53.358,53.370000000000005,-7.4,7.4,0.0,0.0,0.0,0.0,0.0,1.0,1.0,0.0,1.0,0.0,0.0,0.0,8.0,6.0,0.0,0.0,0.0,0.0,0.0,0.0,0.0,0.0,5.0,12.0,1.0,12.05,5.0200000000000005,2.51,1.49,-2.3000000000000003,0.2,2.3000000000000003,301.0,-0.1,-10.9,2.3000000000000003,9.3,-82.60000000000001,0.0,0.0,219.8,0.0,22.1,32.7,32.7,36.0,300.0,300.0,29.700000000000003,36.2,33.800000000000004,33.4,35.7,4.95,2.0,4.97,0.16,0.0,0.0,1027.0,8228.0,0.0,0.0,0.0,0.0,0.0,1.0,0.0,0.0,0.0,-0.001,0.0,0.2,0.0,-12.3,-12.8,0.0154,16.0,25903.0
2026-07-30T18:58:03.886Z,53.369,53.382,-7.4,7.4,0.0,0.0,0.0,0.0,0.0,1.0,1.0,0.0,1.0,0.0,0.0,0.0,8.0,6.0,0.0,0.0,0.0,0.0,0.0,0.0,0.0,0.0,6.0,12.0,1.0,12.05,5.0200000000000005,2.51,1.49,-2.2,0.3,2.2,301.1,-0.1,-11.4,2.3000000000000003,11.6,-82.7,0.0,0.0,219.8,0.0,22.1,32.7,32.7,36.0,300.0,300.0,29.700000000000003,36.2,33.800000000000004,33.4,35.7,4.95,2.0,4.96,0.16,0.0,0.0,1027.0,8228.0,0.0,0.0,0.0,0.0,0.0,1.0,0.0,0.0,0.0,-0.001,0.0,-0.2,0.0,-14.9,-12.8,0.0156,16.0,25903.0
2026-07-30T18:58:03.899Z,53.382,53.394,-7.5,7.4,0.0,0.0,0.0,0.0,0.0,1.0,1.0,0.0,1.0,0.0,0.0,0.0,8.0,6.0,0.0,0.0,0.0,0.0,0.0,0.0,0.0,0.0,1.0,12.0,1.0,12.05,5.0200000000000005,2.51,1.49,-2.2,0.2,2.2,301.0,-0.1,-11.4,4.0,9.9,-82.7,0.0,0.0,219.8,0.0,22.1,32.7,32.7,36.0,300.0,300.0,29.700000000000003,36.2,33.800000000000004,33.4,35.7,4.95,2.0,4.97,0.17,0.0,0.0,1027.0,8228.0,0.0,0.0,0.0,0.0,0.0,1.0,0.0,0.0,0.0,-0.001,0.0,1.6,0.0,-14.2,-12.8,0.015,16.0,25903.0
2026-07-30T18:58:03.910Z,53.393,53.406,-7.5,7.4,0.0,0.0,0.0,0.0,0.0,1.0,1.0,0.0,1.0,0.0,0.0,0.0,8.0,6.0,0.0,0.0,0.0,0.0,0.0,0.0,0.0,0.0,2.0,12.0,1.0,12.05,5.0200000000000005,2.51,1.49,-2.2,0.2,2.3000000000000003,301.1,-0.1,-11.4,2.3000000000000003,9.9,-82.7,0.0,0.0,219.8,0.0,22.1,32.7,32.7,36.0,300.0,300.0,29.700000000000003,36.2,33.800000000000004,33.4,35.7,4.95,1.99,4.97,0.16,0.0,0.0,1027.0,8228.0,0.0,0.0,0.0,0.0,0.0,1.0,0.0,0.0,0.0,-0.001,0.0,0.1,0.0,-12.9,-12.7,0.015,16.0,25903.0
2026-07-30T18:58:03.923Z,53.406,53.418,-7.5,7.4,0.0,0.0,0.0,0.0,0.0,1.0,1.0,0.0,1.0,0.0,0.0,0.0,8.0,6.0,0.0,0.0,0.0,0.0,0.0,0.0,0.0,0.0,3.0,12.0,1.0,12.05,5.0200000000000005,2.51,1.49,-2.2,0.2,2.3000000000000003,301.0,-0.1,-12.0,2.3000000000000003,9.9,-82.7,0.0,0.0,219.9,0.0,22.1,32.7,32.7,36.0,300.0,300.0,29.700000000000003,36.2,33.800000000000004,33.4,35.7,4.95,1.99,4.96,0.16,0.0,0.0,1027.0,8228.0,0.0,0.0,0.0,0.0,0.0,1.0,0.0,0.0,0.0,-0.001,0.0,0.1,0.0,-12.9,-12.7,0.0154,16.0,25903.0
2026-07-30T18:58:03.935Z,53.418,53.43,-7.5,7.4,0.0,0.0,0.0,0.0,0.0,1.0,1.0,0.0,1.0,0.0,0.0,0.0,8.0,6.0,0.0,0.0,0.0,0.0,0.0,0.0,0.0,0.0,4.0,12.0,1.0,12.05,5.0200000000000005,2.51,1.49,-2.3000000000000003,0.3,2.3000000000000003,301.0,-0.1,-11.4,1.1,9.9,-82.7,0.0,0.0,219.8,0.0,22.1,32.7,32.7,36.0,300.0,300.0,29.700000000000003,36.2,33.800000000000004,33.4,35.7,4.96,2.0,4.96,0.16,0.0,0.0,1027.0,8228.0,0.0,0.0,0.0,0.0,0.0,1.0,0.0,0.0,0.0,-0.001,0.0,-0.9,0.0,-12.1,-12.7,0.0154,16.0,25903.0
2026-07-30T18:58:03.947Z,53.43,53.442,-7.5,7.4,0.0,0.0,0.0,0.0,0.0,1.0,1.0,0.0,1.0,0.0,0.0,0.0,8.0,6.0,0.0,0.0,0.0,0.0,0.0,0.0,0.0,0.0,6.0,12.0,1.0,12.05,5.0200000000000005,2.51,1.49,-2.2,0.2,2.2,301.0,-0.1,-11.4,2.9000000000000004,9.3,-82.60000000000001,0.0,0.0,219.7,0.0,22.1,32.7,32.7,36.0,300.0,300.0,29.700000000000003,36.2,33.800000000000004,33.4,35.7,4.96,2.0,4.97,0.16,0.0,0.0,1027.0,8228.0,0.0,0.0,0.0,0.0,0.0,1.0,0.0,0.0,0.0,-0.001,0.0,0.7000000000000001,0.0,-12.7,-12.7,0.0154,16.0,25903.0
2026-07-30T18:58:03.964Z,53.447,53.454,-7.5,7.4,0.0,0.0,0.0,0.0,0.0,1.0,1.0,0.0,1.0,0.0,0.0,0.0,8.0,6.0,0.0,0.0,0.0,0.0,0.0,0.0,0.0,0.0,1.0,12.0,1.0,12.05,5.0200000000000005,2.5,1.49,-2.2,0.2,2.3000000000000003,301.1,-0.1,-12.6,2.3000000000000003,9.3,-82.60000000000001,0.0,0.0,219.8,0.0,22.1,32.7,32.7,36.0,300.0,300.0,29.700000000000003,36.1,33.800000000000004,33.4,35.7,4.95,2.0,4.97,0.16,0.0,0.0,1027.0,8228.0,0.0,0.0,0.0,0.0,0.0,1.0,0.0,0.0,0.0,-0.001,0.0,0.2,0.0,-12.3,-12.7,0.0153,16.0,25903.0
2026-07-30T18:58:03.970Z,53.453,53.466,-7.4,7.4,0.0,0.0,0.0,0.0,0.0,1.0,1.0,0.0,1.0,0.0,0.0,0.0,8.0,6.0,0.0,0.0,0.0,0.0,0.0,0.0,0.0,0.0,5.0,12.0,1.0,12.05,5.0200000000000005,2.5,1.49,-2.2,0.2,2.2,300.90000000000003,-0.1,-13.2,2.9000000000000004,11.6,-82.60000000000001,0.0,0.0,219.8,0.0,22.1,32.7,32.7,36.0,300.0,300.0,29.700000000000003,36.1,33.800000000000004,33.4,35.7,4.95,2.0,4.96,0.16,0.0,0.0,1027.0,8228.0,0.0,0.0,0.0,0.0,0.0,1.0,0.0,0.0,0.0,-0.001,0.0,0.3,0.0,-15.4,-12.8,0.0155,16.0,25903.0
2026-07-30T18:58:03.983Z,53.466,53.478,-7.4,7.4,0.0,0.0,0.0,0.0,0.0,1.0,1.0,0.0,1.0,0.0,0.0,0.0,8.0,6.0,0.0,0.0,0.0,0.0,0.0,0.0,0.0,0.0,6.0,12.0,1.0,12.05,5.0200000000000005,2.5,1.49,-2.3000000000000003,0.3,2.3000000000000003,301.1,-0.1,-12.0,1.7000000000000002,8.700000000000001,-82.60000000000001,0.0,0.0,219.8,0.0,22.1,32.7,32.7,36.0,300.0,300.0,29.700000000000003,36.1,33.800000000000004,33.4,35.7,4.95,2.0,4.96,0.16,0.0,0.0,1027.0,8228.0,0.0,0.0,0.0,0.0,0.0,1.0,0.0,0.0,0.0,-0.001,0.0,-0.1,0.0,-11.2,-12.9,0.0149,16.0,25903.0
2026-07-30T18:58:03.995Z,53.478,53.49,-7.4,7.4,0.0,0.0,0.0,0.0,0.0,1.0,1.0,0.0,1.0,0.0,0.0,0.0,8.0,6.0,0.0,0.0,0.0,0.0,0.0,0.0,0.0,0.0,1.0,12.0,1.0,12.05,5.0200000000000005,2.5,1.49,-2.2,0.2,2.3000000000000003,301.0,-0.1,-12.6,1.1,8.700000000000001,-82.60000000000001,0.0,0.0,219.8,0.0,22.1,32.7,32.7,36.0,300.0,300.0,29.700000000000003,36.1,33.800000000000004,33.4,35.7,4.95,1.99,4.97,0.16,0.0,0.0,1027.0,8228.0,0.0,0.0,0.0,0.0,0.0,1.0,0.0,0.0,0.0,-0.001,0.0,0.1,0.0,-12.9,-12.8,0.0154,16.0,25903.0
2026-07-30T18:58:04.007Z,53.49,53.502,-7.5,7.4,0.0,0.0,0.0,0.0,0.0,1.0,1.0,0.0,1.0,0.0,0.0,0.0,8.0,6.0,0.0,0.0,0.0,0.0,0.0,0.0,0.0,0.0,2.0,12.0,1.0,12.05,5.0200000000000005,2.5,1.49,-2.2,0.3,2.3000000000000003,300.90000000000003,-0.1,-12.6,1.7000000000000002,10.4,-82.60000000000001,0.0,0.0,219.8,0.0,22.1,32.7,32.7,36.0,300.0,300.0,29.700000000000003,36.1,33.800000000000004,33.4,35.7,4.96,2.0,4.97,0.16,0.0,0.0,1027.0,8228.0,0.0,0.0,0.0,0.0,0.0,1.0,0.0,0.0,0.0,-0.001,0.0,-0.5,0.0,-13.2,-12.8,0.0154,16.0,25903.0
2026-07-30T18:58:04.019Z,53.502,53.514,-7.4,7.4,0.0,0.0,0.0,0.0,0.0,1.0,1.0,0.0,1.0,0.0,0.0,0.0,8.0,6.0,0.0,0.0,0.0,0.0,0.0,0.0,0.0,0.0,3.0,12.0,1.0,12.05,5.0200000000000005,2.5,1.49,-2.3000000000000003,0.3,2.4000000000000004,301.1,-0.1,-13.8,1.1,8.1,-82.60000000000001,0.0,0.0,219.8,0.0,22.1,32.7,32.7,36.0,300.0,300.0,29.700000000000003,36.1,33.800000000000004,33.4,35.7,4.95,2.0,4.96,0.16,0.0,0.0,1027.0,8228.0,0.0,0.0,0.0,0.0,0.0,1.0,0.0,0.0,0.0,-0.001,0.0,-0.5,0.0,-10.1,-12.7,0.0152,16.0,25903.0
2026-07-30T18:58:04.030Z,53.513,53.526,-7.5,7.4,0.0,0.0,0.0,0.0,0.0,1.0,1.0,0.0,1.0,0.0,0.0,0.0,8.0,6.0,0.0,0.0,0.0,0.0,0.0,0.0,0.0,0.0,4.0,12.0,1.0,12.05,5.0200000000000005,2.5,1.49,-2.3000000000000003,0.3,2.3000000000000003,301.1,-0.1,-12.6,0.0,9.9,-82.60000000000001,0.0,0.0,219.8,0.0,22.1,32.7,32.7,36.0,300.0,300.0,29.700000000000003,36.1,33.800000000000004,33.4,35.7,4.96,2.0,4.97,0.16,0.0,0.0,1027.0,8228.0,0.0,0.0,0.0,0.0,0.0,1.0,0.0,0.0,0.0,-0.001,0.0,-1.9,0.0,-14.7,-12.8,0.0149,16.0,25903.0
2026-07-30T18:58:04.042Z,53.525,53.538,-7.5,7.4,0.0,0.0,0.0,0.0,0.0,1.0,1.0,0.0,1.0,0.0,0.0,0.0,8.0,6.0,0.0,0.0,0.0,0.0,0.0,0.0,0.0,0.0,5.0,12.0,1.0,12.05,5.0200000000000005,2.5,1.49,-2.3000000000000003,0.3,2.3000000000000003,301.0,-0.1,-12.6,1.1,8.700000000000001,-82.60000000000001,0.0,0.0,219.7,0.0,22.1,32.7,32.7,36.0,300.0,300.0,29.700000000000003,36.1,33.800000000000004,33.4,35.7,4.96,2.0,4.97,0.16,0.0,0.0,1027.0,8228.0,0.0,0.0,0.0,0.0,0.0,1.0,0.0,0.0,0.0,-0.001,0.0,0.7000000000000001,0.0,-16.5,-12.7,0.0149,16.0,25903.0
2026-07-30T18:58:04.057Z,53.54,53.55,-7.5,7.4,0.0,0.0,0.0,0.0,0.0,1.0,1.0,0.0,1.0,0.0,0.0,0.0,8.0,6.0,0.0,0.0,0.0,0.0,0.0,0.0,0.0,0.0,6.0,12.0,1.0,12.06,5.0200000000000005,2.51,1.49,-2.2,0.3,2.3000000000000003,301.1,-0.1,-12.0,1.7000000000000002,9.9,-82.60000000000001,0.0,0.0,219.7,0.0,22.200000000000003,32.800000000000004,32.800000000000004,36.0,300.0,300.0,29.700000000000003,36.1,33.800000000000004,33.4,35.7,4.96,2.0,4.97,0.16,0.0,0.0,1027.0,8228.0,0.0,0.0,0.0,0.0,0.0,1.0,0.0,0.0,0.0,-0.001,0.0,0.5,0.0,-14.0,-12.7,0.0145,16.0,25903.0
2026-07-30T18:58:04.067Z,53.55,53.562,-7.4,7.4,0.0,0.0,0.0,0.0,0.0,1.0,1.0,0.0,1.0,0.0,0.0,0.0,8.0,6.0,0.0,0.0,0.0,0.0,0.0,0.0,0.0,0.0,5.0,12.0,1.0,12.06,5.0200000000000005,2.51,1.49,-2.3000000000000003,0.3,2.3000000000000003,301.0,-0.1,-11.4,2.9000000000000004,10.4,-82.60000000000001,0.0,0.0,219.8,0.0,22.200000000000003,32.800000000000004,32.800000000000004,36.0,300.0,300.0,29.700000000000003,36.1,33.800000000000004,33.4,35.7,4.95,2.0,4.96,0.16,0.0,0.0,1027.0,8228.0,0.0,0.0,0.0,0.0,0.0,1.0,0.0,0.0,0.0,-0.001,0.0,-0.6000000000000001,0.0,-10.7,-12.7,0.015,16.0,25903.0
2026-07-30T18:58:04.078Z,53.561,53.574,-7.4,7.4,0.0,0.0,0.0,0.0,0.0,1.0,1.0,0.0,1.0,0.0,0.0,0.0,8.0,6.0,0.0,0.0,0.0,0.0,0.0,0.0,0.0,0.0,1.0,12.0,1.0,12.06,5.0200000000000005,2.51,1.49,-2.2,0.3,2.2,301.1,-0.1,-11.4,1.7000000000000002,11.0,-82.60000000000001,0.0,0.0,219.8,0.0,22.200000000000003,32.800000000000004,32.800000000000004,36.0,300.0,300.0,29.700000000000003,36.1,33.800000000000004,33.4,35.7,4.96,2.0,4.96,0.16,0.0,0.0,1027.0,8228.0,0.0,0.0,0.0,0.0,0.0,1.0,0.0,0.0,0.0,-0.001,0.0,-0.6000000000000001,0.0,-13.8,-12.8,0.0159,16.0,25903.0
2026-07-30T18:58:04.090Z,53.573,53.586,-7.4,7.4,0.0,0.0,0.0,0.0,0.0,1.0,1.0,0.0,1.0,0.0,0.0,0.0,8.0,6.0,0.0,0.0,0.0,0.0,0.0,0.0,0.0,0.0,2.0,12.0,1.0,12.06,5.0200000000000005,2.51,1.49,-2.2,0.2,2.2,301.0,-0.1,-10.9,2.9000000000000004,10.4,-82.60000000000001,0.0,0.0,219.8,0.0,22.200000000000003,32.800000000000004,32.800000000000004,36.0,300.0,300.0,29.700000000000003,36.1,33.800000000000004,33.4,35.7,4.96,2.0,4.96,0.16,0.0,0.0,1027.0,8228.0,0.0,0.0,0.0,0.0,0.0,1.0,0.0,0.0,0.0,-0.001,0.0,0.5,0.0,-14.0,-12.8,0.0152,16.0,25903.0
2026-07-30T18:58:04.102Z,53.585,53.598,-7.5,7.4,0.0,0.0,0.0,0.0,0.0,1.0,1.0,0.0,1.0,0.0,0.0,0.0,8.0,6.0,0.0,0.0,0.0,0.0,0.0,0.0,0.0,0.0,3.0,12.0,1.0,12.06,5.0200000000000005,2.51,1.49,-2.2,0.2,2.2,301.0,-0.1,-11.4,4.0,11.0,-82.60000000000001,0.0,0.0,219.7,0.0,22.200000000000003,32.800000000000004,32.800000000000004,36.0,300.0,300.0,29.700000000000003,36.1,33.800000000000004,33.4,35.7,4.96,2.0,4.96,0.16,0.0,0.0,1027.0,8228.0,0.0,0.0,0.0,0.0,0.0,1.0,0.0,0.0,0.0,-0.001,0.0,1.4,0.0,-15.6,-12.8,0.0152,16.0,25903.0
2026-07-30T18:58:04.114Z,53.597,53.61,-7.5,7.4,0.0,0.0,0.0,0.0,0.0,1.0,1.0,0.0,1.0,0.0,0.0,0.0,8.0,6.0,0.0,0.0,0.0,0.0,0.0,0.0,0.0,0.0,4.0,12.0,1.0,12.06,5.0200000000000005,2.51,1.49,-2.2,0.3,2.2,301.1,-0.1,-12.6,1.7000000000000002,10.4,-82.60000000000001,0.0,0.0,219.7,0.0,22.200000000000003,32.800000000000004,32.800000000000004,36.0,300.0,300.0,29.700000000000003,36.1,33.800000000000004,33.4,35.7,4.95,2.0,4.96,0.16,0.0,0.0,1027.0,8228.0,0.0,0.0,0.0,0.0,0.0,1.0,0.0,0.0,0.0,-0.001,0.0,-0.4,0.0,-13.2,-12.7,0.0148,16.0,25903.0
2026-07-30T18:58:04.127Z,53.61,53.622,-7.4,7.4,0.0,0.0,0.0,0.0,0.0,1.0,1.0,0.0,1.0,0.0,0.0,0.0,8.0,6.0,0.0,0.0,0.0,0.0,0.0,0.0,0.0,0.0,5.0,12.0,1.0,12.06,5.0200000000000005,2.51,1.49,-2.3000000000000003,0.3,2.3000000000000003,301.0,-0.1,-12.0,1.7000000000000002,9.9,-82.60000000000001,0.0,0.0,219.8,0.0,22.200000000000003,32.800000000000004,32.800000000000004,36.0,300.0,300.0,29.700000000000003,36.1,33.800000000000004,33.4,35.7,4.95,2.0,4.96,0.16,0.0,0.0,1027.0,8228.0,0.0,0.0,0.0,0.0,0.0,1.0,0.0,0.0,0.0,-0.001,0.0,-0.3,0.0,-12.5,-12.7,0.0153,16.0,25903.0
2026-07-30T18:58:04.139Z,53.622,53.634,-7.5,7.4,0.0,0.0,0.0,0.0,0.0,1.0,1.0,0.0,1.0,0.0,0.0,0.0,8.0,6.0,0.0,0.0,0.0,0.0,0.0,0.0,0.0,0.0,6.0,12.0,1.0,12.06,5.0200000000000005,2.51,1.49,-2.2,0.2,2.2,301.0,-0.1,-12.6,2.9000000000000004,11.6,-82.60000000000001,0.0,0.0,219.8,0.0,22.200000000000003,32.800000000000004,32.800000000000004,36.0,300.0,300.0,29.700000000000003,36.1,33.800000000000004,33.4,35.7,4.95,2.0,4.96,0.15,0.0,0.0,1027.0,8228.0,0.0,0.0,0.0,0.0,0.0,1.0,0.0,0.0,0.0,-0.001,0.0,0.3,0.0,-15.4,-12.9,0.0155,16.0,25903.0
2026-07-30T18:58:04.151Z,53.634,53.646,-7.5,7.4,0.0,0.0,0.0,0.0,0.0,1.0,1.0,0.0,1.0,0.0,0.0,0.0,8.0,6.0,0.0,0.0,0.0,0.0,0.0,0.0,0.0,0.0,1.0,12.0,1.0,12.06,5.0200000000000005,2.51,1.49,-2.2,0.2,2.3000000000000003,301.1,-0.1,-10.9,2.3000000000000003,9.9,-82.60000000000001,0.0,0.0,219.7,0.0,22.200000000000003,32.800000000000004,32.800000000000004,36.0,300.0,300.0,29.700000000000003,36.1,33.800000000000004,33.4,35.7,4.96,2.0,4.96,0.16,0.0,0.0,1027.0,8228.0,0.0,0.0,0.0,0.0,0.0,1.0,0.0,0.0,0.0,-0.001,0.0,0.1,0.0,-12.9,-12.8,0.0148,16.0,25903.0
2026-07-30T18:58:04.163Z,53.646,53.658,-7.4,7.4,0.0,0.0,0.0,0.0,0.0,1.0,1.0,0.0,1.0,0.0,0.0,0.0,8.0,6.0,0.0,0.0,0.0,0.0,0.0,0.0,0.0,0.0,3.0,12.0,1.0,12.06,5.01,2.5,1.49,-2.2,0.3,2.3000000000000003,301.1,-0.1,-12.0,1.7000000000000002,9.9,-82.60000000000001,0.0,0.0,219.9,0.0,22.1,32.800000000000004,32.800000000000004,36.0,300.0,300.0,29.8,36.2,33.800000000000004,33.5,35.7,4.95,2.0,4.96,0.16,0.0,0.0,1027.0,8228.0,0.0,0.0,0.0,0.0,0.0,1.0,0.0,0.0,0.0,-0.001,0.0,-0.4,0.0,-12.5,-12.7,0.0153,16.0,25903.0
2026-07-30T18:58:04.175Z,53.658,53.67,-7.5,7.4,0.0,0.0,0.0,0.0,0.0,1.0,1.0,0.0,1.0,0.0,0.0,0.0,8.0,6.0,0.0,0.0,0.0,0.0,0.0,0.0,0.0,0.0,4.0,12.0,1.0,12.06,5.01,2.5,1.49,-2.3000000000000003,0.3,2.3000000000000003,301.0,-0.1,-12.0,1.1,8.1,-82.60000000000001,0.0,0.0,219.8,0.0,22.1,32.800000000000004,32.800000000000004,36.0,300.0,300.0,29.8,36.2,33.800000000000004,33.5,35.7,4.95,2.0,4.96,0.16,0.0,0.0,1027.0,8228.0,0.0,0.0,0.0,0.0,0.0,1.0,0.0,0.0,0.0,-0.001,0.0,-0.5,0.0,-10.1,-12.8,0.0154,16.0,25903.0
2026-07-30T18:58:04.187Z,53.67,53.682,-7.4,7.4,0.0,0.0,0.0,0.0,0.0,1.0,1.0,0.0,1.0,0.0,0.0,0.0,8.0,6.0,0.0,0.0,0.0,0.0,0.0,0.0,0.0,0.0,4.0,12.0,1.0,12.06,5.01,2.5,1.49,-2.3000000000000003,0.3,2.3000000000000003,301.0,-0.1,-12.6,1.1,8.700000000000001,-82.60000000000001,0.0,0.0,219.9,0.0,22.1,32.800000000000004,32.800000000000004,36.0,300.0,300.0,29.8,36.2,33.800000000000004,33.5,35.7,4.95,2.0,4.97,0.16,0.0,0.0,1027.0,8228.0,0.0,0.0,0.0,0.0,0.0,1.0,0.0,0.0,0.0,-0.001,0.0,-0.6000000000000001,0.0,-10.7,-12.7,0.0159,16.0,25903.0
2026-07-30T18:58:04.199Z,53.682,53.694,-7.5,7.4,0.0,0.0,0.0,0.0,0.0,1.0,1.0,0.0,1.0,0.0,0.0,0.0,8.0,6.0,0.0,0.0,0.0,0.0,0.0,0.0,0.0,0.0,6.0,12.0,1.0,12.06,5.01,2.5,1.49,-2.3000000000000003,0.3,2.3000000000000003,301.0,-0.1,-12.6,1.1,9.3,-82.60000000000001,0.0,0.0,219.8,0.0,22.1,32.800000000000004,32.800000000000004,36.0,300.0,300.0,29.8,36.2,33.800000000000004,33.5,35.7,4.95,2.0,4.97,0.16,0.0,0.0,1027.0,8228.0,0.0,0.0,0.0,0.0,0.0,1.0,0.0,0.0,0.0,-0.001,0.0,-0.8,0.0,-11.4,-12.8,0.0158,16.0,25903.0
2026-07-30T18:58:04.211Z,53.694,53.706,-7.5,7.4,0.0,0.0,0.0,0.0,0.0,1.0,1.0,0.0,1.0,0.0,0.0,0.0,8.0,6.0,0.0,0.0,0.0,0.0,0.0,0.0,0.0,0.0,1.0,12.0,1.0,12.06,5.01,2.5,1.49,-2.3000000000000003,0.3,2.3000000000000003,301.1,-0.1,-12.6,1.1,8.1,-82.60000000000001,0.0,0.0,219.9,0.0,22.1,32.800000000000004,32.800000000000004,36.0,300.0,300.0,29.8,36.2,33.800000000000004,33.5,35.7,4.96,2.0,4.96,0.16,0.0,0.0,1027.0,8228.0,0.0,0.0,0.0,0.0,0.0,1.0,0.0,0.0,0.0,-0.001,0.0,-0.5,0.0,-10.1,-12.7,0.0156,16.0,25903.0
2026-07-30T18:58:04.223Z,53.706,53.718,-7.4,7.4,0.0,0.0,0.0,0.0,0.0,1.0,1.0,0.0,1.0,0.0,0.0,0.0,8.0,6.0,0.0,0.0,0.0,0.0,0.0,0.0,0.0,0.0,2.0,12.0,1.0,12.06,5.01,2.5,1.49,-2.3000000000000003,0.3,2.4000000000000004,301.1,-0.1,-13.8,0.0,8.700000000000001,-82.60000000000001,0.0,0.0,219.9,0.0,22.1,32.800000000000004,32.800000000000004,36.0,300.0,300.0,29.8,36.2,33.800000000000004,33.5,35.7,4.96,2.0,4.96,0.16,0.0,0.0,1027.0,8228.0,0.0,0.0,0.0,0.0,0.0,1.0,0.0,0.0,0.0,-0.001,0.0,-1.7000000000000002,0.0,-9.9,-12.7,0.0159,16.0,25903.0
2026-07-30T18:58:04.235Z,53.718,53.73,-7.4,7.4,0.0,0.0,0.0,0.0,0.0,1.0,1.0,0.0,1.0,0.0,0.0,0.0,8.0,6.0,0.0,0.0,0.0,0.0,0.0,0.0,0.0,0.0,3.0,12.0,1.0,12.06,5.01,2.5,1.49,-2.3000000000000003,0.3,2.3000000000000003,301.0,-0.1,-13.2,1.1,8.700000000000001,-82.60000000000001,0.0,0.0,219.8,0.0,22.1,32.800000000000004,32.800000000000004,36.0,300.0,300.0,29.8,36.2,33.800000000000004,33.5,35.7,4.96,2.0,4.96,0.16,0.0,0.0,1027.0,8228.0,0.0,0.0,0.0,0.0,0.0,1.0,0.0,0.0,0.0,-0.001,0.0,-0.6000000000000001,0.0,-10.7,-12.8,0.016,16.0,25903.0
2026-07-30T18:58:04.247Z,53.73,53.742,-7.5,7.4,0.0,0.0,0.0,0.0,0.0,1.0,1.0,0.0,1.0,0.0,0.0,0.0,8.0,6.0,0.0,0.0,0.0,0.0,0.0,0.0,0.0,0.0,4.0,12.0,1.0,12.06,5.01,2.5,1.49,-2.2,0.2,2.3000000000000003,301.0,-0.1,-12.0,2.3000000000000003,9.9,-82.60000000000001,0.0,0.0,219.6,0.0,22.1,32.800000000000004,32.800000000000004,36.0,300.0,300.0,29.8,36.2,33.800000000000004,33.5,35.7,4.96,2.0,4.96,0.16,0.0,0.0,1027.0,8228.0,0.0,0.0,0.0,0.0,0.0,1.0,0.0,0.0,0.0,-0.001,0.0,0.1,0.0,-12.9,-12.8,0.0159,16.0,25903.0
2026-07-30T18:58:04.260Z,53.743,53.754,-7.4,7.4,0.0,0.0,0.0,0.0,0.0,1.0,1.0,0.0,1.0,0.0,0.0,0.0,8.0,6.0,0.0,0.0,0.0,0.0,0.0,0.0,0.0,0.0,5.0,12.0,1.0,12.08,5.0200000000000005,2.5,1.49,-2.2,0.3,2.3000000000000003,301.0,-0.1,-12.0,1.7000000000000002,9.9,-82.60000000000001,0.0,0.0,219.8,0.0,22.200000000000003,32.800000000000004,32.800000000000004,36.1,300.0,300.0,29.8,36.3,33.800000000000004,33.5,35.7,4.95,2.0,4.97,0.16,0.0,0.0,1027.0,8228.0,0.0,0.0,0.0,0.0,0.0,1.0,0.0,0.0,0.0,-0.001,0.0,-0.3,0.0,-12.5,-12.7,0.0153,16.0,25903.0
2026-07-30T18:58:04.276Z,53.759,53.766,-7.4,7.4,0.0,0.0,0.0,0.0,0.0,1.0,1.0,0.0,1.0,0.0,0.0,0.0,8.0,6.0,0.0,0.0,0.0,0.0,0.0,0.0,0.0,0.0,6.0,12.0,1.0,12.08,5.0200000000000005,2.5,1.49,-2.3000000000000003,0.3,2.3000000000000003,301.0,-0.1,-12.6,1.1,9.9,-82.60000000000001,0.0,0.0,219.8,0.0,22.200000000000003,32.800000000000004,32.800000000000004,36.1,300.0,300.0,29.8,36.3,33.800000000000004,33.5,35.7,4.95,2.0,4.97,0.16,0.0,0.0,1027.0,8228.0,0.0,0.0,0.0,0.0,0.0,1.0,0.0,0.0,0.0,-0.001,0.0,-0.9,0.0,-12.1,-12.8,0.0154,16.0,25903.0
2026-07-30T18:58:04.283Z,53.766,53.778,-7.4,7.4,0.0,0.0,0.0,0.0,0.0,1.0,1.0,0.0,1.0,0.0,0.0,0.0,8.0,6.0,0.0,0.0,0.0,0.0,0.0,0.0,0.0,0.0,4.0,12.0,1.0,12.08,5.0200000000000005,2.5,1.49,-2.2,0.3,2.3000000000000003,301.1,-0.1,-11.4,1.7000000000000002,10.4,-82.60000000000001,0.0,0.0,219.7,0.0,22.200000000000003,32.800000000000004,32.800000000000004,36.1,300.0,300.0,29.8,36.3,33.800000000000004,33.5,35.7,4.95,2.0,4.96,0.16,0.0,0.0,1027.0,8228.0,0.0,0.0,0.0,0.0,0.0,1.0,0.0,0.0,0.0,-0.001,0.0,-0.4,0.0,-13.2,-12.8,0.0155,16.0,25903.0
2026-07-30T18:58:04.294Z,53.777,53.79,-7.5,7.4,0.0,0.0,0.0,0.0,0.0,1.0,1.0,0.0,1.0,0.0,0.0,0.0,8.0,6.0,0.0,0.0,0.0,0.0,0.0,0.0,0.0,0.0,4.0,12.0,1.0,12.08,5.0200000000000005,2.5,1.49,-2.2,0.2,2.2,301.0,-0.1,-11.4,4.0,11.0,-82.60000000000001,0.0,0.0,219.7,0.0,22.200000000000003,32.800000000000004,32.800000000000004,36.1,300.0,300.0,29.8,36.3,33.800000000000004,33.5,35.7,4.96,2.0,4.96,0.16,0.0,0.0,1027.0,8228.0,0.0,0.0,0.0,0.0,0.0,1.0,0.0,0.0,0.0,-0.001,0.0,1.4,0.0,-15.6,-12.8,0.0154,16.0,25903.0
2026-07-30T18:58:04.307Z,53.79,53.802,-7.4,7.4,0.0,0.0,0.0,0.0,0.0,1.0,1.0,0.0,1.0,0.0,0.0,0.0,8.0,6.0,0.0,0.0,0.0,0.0,0.0,0.0,0.0,0.0,5.0,12.0,1.0,12.08,5.0200000000000005,2.5,1.49,-2.3000000000000003,0.3,2.3000000000000003,301.1,-0.1,-12.0,1.7000000000000002,9.3,-82.60000000000001,0.0,0.0,219.6,0.0,22.200000000000003,32.800000000000004,32.800000000000004,36.1,300.0,300.0,29.8,36.3,33.800000000000004,33.5,35.7,4.95,2.0,4.96,0.16,0.0,0.0,1027.0,8228.0,0.0,0.0,0.0,0.0,0.0,1.0,0.0,0.0,0.0,-0.001,0.0,-0.2,0.0,-11.9,-12.7,0.0148,16.0,25903.0
2026-07-30T18:58:04.318Z,53.801,53.814,-7.4,7.4,0.0,0.0,0.0,0.0,0.0,1.0,1.0,0.0,1.0,0.0,0.0,0.0,8.0,6.0,0.0,0.0,0.0,0.0,0.0,0.0,0.0,0.0,1.0,12.0,1.0,12.08,5.0200000000000005,2.5,1.49,-2.1,0.2,2.1,301.1,-0.1,-10.9,3.5,12.2,-82.60000000000001,0.0,0.0,219.6,0.0,22.200000000000003,32.800000000000004,32.800000000000004,36.1,300.0,300.0,29.8,36.3,33.800000000000004,33.5,35.7,4.95,1.99,4.97,0.16,0.0,0.0,1027.0,8228.0,0.0,0.0,0.0,0.0,0.0,1.0,0.0,0.0,0.0,-0.001,0.0,0.7000000000000001,0.0,-16.5,-12.8,0.0156,16.0,25903.0
2026-07-30T18:58:04.330Z,53.813,53.826,-7.5,7.4,0.0,0.0,0.0,0.0,0.0,1.0,1.0,0.0,1.0,0.0,0.0,0.0,8.0,6.0,0.0,0.0,0.0,0.0,0.0,0.0,0.0,0.0,2.0,12.0,1.0,12.08,5.0200000000000005,2.5,1.49,-2.1,0.2,2.1,301.0,-0.1,-10.9,4.6000000000000005,11.6,-82.60000000000001,0.0,0.0,219.7,0.0,22.200000000000003,32.800000000000004,32.800000000000004,36.1,300.0,300.0,29.8,36.3,33.800000000000004,33.5,35.7,4.95,2.0,4.96,0.16,0.0,0.0,1027.0,8228.0,0.0,0.0,0.0,0.0,0.0,1.0,0.0,0.0,0.0,-0.001,0.0,1.9,0.0,-16.7,-12.8,0.0146,16.0,25903.0
2026-07-30T18:58:04.343Z,53.826,53.838,-7.4,7.4,0.0,0.0,0.0,0.0,0.0,1.0,1.0,0.0,1.0,0.0,0.0,0.0,8.0,6.0,0.0,0.0,0.0,0.0,0.0,0.0,0.0,0.0,3.0,12.0,1.0,12.08,5.0200000000000005,2.5,1.49,-2.1,0.3,2.1,301.1,-0.1,-10.9,2.9000000000000004,13.4,-82.60000000000001,0.0,0.0,219.7,0.0,22.200000000000003,32.800000000000004,32.800000000000004,36.1,300.0,300.0,29.8,36.3,33.800000000000004,33.5,35.7,4.96,2.0,4.96,0.16,0.0,0.0,1027.0,8228.0,0.0,0.0,0.0,0.0,0.0,1.0,0.0,0.0,0.0,-0.001,0.0,0.0,0.0,-17.400000000000002,-12.7,0.0144,16.0,25903.0
2026-07-30T18:58:04.355Z,53.838,53.85,-7.4,7.4,0.0,0.0,0.0,0.0,0.0,1.0,1.0,0.0,1.0,0.0,0.0,0.0,8.0,6.0,0.0,0.0,0.0,0.0,0.0,0.0,0.0,0.0,4.0,12.0,1.0,12.08,5.0200000000000005,2.5,1.49,-2.3000000000000003,0.3,2.4000000000000004,301.1,-0.1,-12.6,1.1,8.700000000000001,-82.5,0.0,0.0,219.7,0.0,22.200000000000003,32.800000000000004,32.800000000000004,36.1,300.0,300.0,29.8,36.3,33.800000000000004,33.5,35.7,4.95,2.0,4.96,0.16,0.0,0.0,1027.0,8228.0,0.0,0.0,0.0,0.0,0.0,1.0,0.0,0.0,0.0,-0.001,0.0,-0.6000000000000001,0.0,-10.8,-12.8,0.0144,16.0,25903.0
2026-07-30T18:58:04.368Z,53.851,53.862,-7.4,7.4,0.0,0.0,0.0,0.0,0.0,1.0,1.0,0.0,1.0,0.0,0.0,0.0,8.0,6.0,0.0,0.0,0.0,0.0,0.0,0.0,0.0,0.0,6.0,12.0,1.0,12.05,5.01,2.5,1.49,-2.2,0.2,2.2,301.0,-0.1,-12.0,2.9000000000000004,10.4,-82.5,0.0,0.0,219.7,0.0,21.9,32.800000000000004,32.800000000000004,36.1,300.0,300.0,29.8,36.3,33.800000000000004,33.5,35.800000000000004,4.96,2.0,4.96,0.16,0.0,0.0,1027.0,8228.0,0.0,0.0,0.0,0.0,0.0,1.0,0.0,0.0,0.0,-0.001,0.0,0.5,0.0,-14.0,-12.9,0.016,16.0,25903.0
2026-07-30T18:58:04.379Z,53.862,53.874,-7.5,7.4,0.0,0.0,0.0,0.0,0.0,1.0,1.0,0.0,1.0,0.0,0.0,0.0,8.0,6.0,0.0,0.0,0.0,0.0,0.0,0.0,0.0,0.0,6.0,12.0,1.0,12.05,5.01,2.5,1.49,-2.2,0.2,2.2,301.0,-0.1,-12.0,3.5,11.6,-82.5,0.0,0.0,219.7,0.0,21.9,32.800000000000004,32.800000000000004,36.1,300.0,300.0,29.8,36.3,33.800000000000004,33.5,35.800000000000004,4.96,2.0,4.96,0.16,0.0,0.0,1027.0,8228.0,0.0,0.0,0.0,0.0,0.0,1.0,0.0,0.0,0.0,-0.001,0.0,0.8,0.0,-15.8,-12.8,0.0152,16.0,25903.0
2026-07-30T18:58:04.391Z,53.874,53.886,-7.5,7.4,0.0,0.0,0.0,0.0,0.0,1.0,1.0,0.0,1.0,0.0,0.0,0.0,8.0,6.0,0.0,0.0,0.0,0.0,0.0,0.0,0.0,0.0,1.0,12.0,1.0,12.05,5.01,2.5,1.49,-2.2,0.3,2.2,301.1,-0.1,-11.4,2.3000000000000003,10.4,-82.5,0.0,0.0,219.7,0.0,21.9,32.800000000000004,32.800000000000004,36.1,300.0,300.0,29.8,36.3,33.800000000000004,33.5,35.800000000000004,4.95,2.0,4.96,0.16,0.0,0.0,1027.0,8228.0,0.0,0.0,0.0,0.0,0.0,1.0,0.0,0.0,0.0,-0.001,0.0,0.0,0.0,-13.6,-12.7,0.0147,16.0,25903.0
2026-07-30T18:58:04.403Z,53.886,53.898,-7.4,7.4,0.0,0.0,0.0,0.0,0.0,1.0,1.0,0.0,1.0,0.0,0.0,0.0,8.0,6.0,0.0,0.0,0.0,0.0,0.0,0.0,0.0,0.0,2.0,12.0,1.0,12.05,5.01,2.5,1.49,-2.3000000000000003,0.3,2.4000000000000004,301.0,-0.1,-12.0,1.1,8.700000000000001,-82.5,0.0,0.0,219.6,0.0,21.9,32.800000000000004,32.800000000000004,36.1,300.0,300.0,29.8,36.3,33.800000000000004,33.5,35.800000000000004,4.95,2.0,4.96,0.16,0.0,0.0,1027.0,8228.0,0.0,0.0,0.0,0.0,0.0,1.0,0.0,0.0,0.0,-0.001,0.0,-0.6000000000000001,0.0,-10.8,-12.8,0.0153,16.0,25903.0
2026-07-30T18:58:04.415Z,53.898,53.91,-7.5,7.4,0.0,0.0,0.0,0.0,0.0,1.0,1.0,0.0,1.0,0.0,0.0,0.0,8.0,6.0,0.0,0.0,0.0,0.0,0.0,0.0,0.0,0.0,3.0,12.0,1.0,12.05,5.01,2.5,1.49,-2.2,0.3,2.3000000000000003,301.1,-0.1,-10.9,1.7000000000000002,10.4,-82.5,0.0,0.0,219.6,0.0,21.9,32.800000000000004,32.800000000000004,36.1,300.0,300.0,29.8,36.3,33.800000000000004,33.5,35.800000000000004,4.95,2.0,4.96,0.16,0.0,0.0,1027.0,8228.0,0.0,0.0,0.0,0.0,0.0,1.0,0.0,0.0,0.0,-0.001,0.0,-0.4,0.0,-13.2,-12.8,0.016,16.0,25903.0
2026-07-30T18:58:04.427Z,53.91,53.922,-7.5,7.4,0.0,0.0,0.0,0.0,0.0,1.0,1.0,0.0,1.0,0.0,0.0,0.0,8.0,6.0,0.0,0.0,0.0,0.0,0.0,0.0,0.0,0.0,4.0,12.0,1.0,12.05,5.01,2.5,1.49,-2.2,0.2,2.2,301.1,-0.1,-12.0,2.9000000000000004,9.9,-82.5,0.0,0.0,219.8,0.0,21.9,32.800000000000004,32.800000000000004,36.1,300.0,300.0,29.8,36.3,33.800000000000004,33.5,35.800000000000004,4.95,2.0,4.97,0.16,0.0,0.0,1027.0,8228.0,0.0,0.0,0.0,0.0,0.0,1.0,0.0,0.0,0.0,-0.001,0.0,0.6000000000000001,0.0,-13.4,-12.7,0.0153,16.0,25903.0
2026-07-30T18:58:04.438Z,53.921,53.934000000000005,-7.5,7.4,0.0,0.0,0.0,0.0,0.0,1.0,1.0,0.0,1.0,0.0,0.0,0.0,8.0,6.0,0.0,0.0,0.0,0.0,0.0,0.0,0.0,0.0,5.0,12.0,1.0,12.05,5.01,2.5,1.49,-2.2,0.2,2.2,301.0,-0.1,-12.0,3.5,11.0,-82.5,0.0,0.0,219.7,0.0,21.9,32.800000000000004,32.800000000000004,36.1,300.0,300.0,29.8,36.3,33.800000000000004,33.5,35.800000000000004,4.95,2.0,4.97,0.16,0.0,0.0,1027.0,8228.0,0.0,0.0,0.0,0.0,0.0,1.0,0.0,0.0,0.0,-0.001,0.0,0.9,0.0,-15.1,-12.7,0.0151,16.0,25903.0
2026-07-30T18:58:04.450Z,53.933,53.946,-7.5,7.4,0.0,0.0,0.0,0.0,0.0,1.0,1.0,0.0,1.0,0.0,0.0,0.0,8.0,6.0,0.0,0.0,0.0,0.0,0.0,0.0,0.0,0.0,6.0,12.0,1.0,12.05,5.01,2.5,1.49,-2.3000000000000003,0.2,2.3000000000000003,301.0,-0.1,-12.0,2.3000000000000003,8.700000000000001,-82.5,0.0,0.0,219.7,0.0,21.9,32.800000000000004,32.800000000000004,36.1,300.0,300.0,29.8,36.3,33.800000000000004,33.5,35.800000000000004,4.96,2.0,4.96,0.16,0.0,0.0,1027.0,8228.0,0.0,0.0,0.0,0.0,0.0,1.0,0.0,0.0,0.0,-0.001,0.0,0.3,0.0,-11.6,-12.7,0.0148,16.0,25903.0
2026-07-30T18:58:04.464Z,53.947,53.958,-7.4,7.4,0.0,0.0,0.0,0.0,0.0,1.0,1.0,0.0,1.0,0.0,0.0,0.0,8.0,6.0,0.0,0.0,0.0,0.0,0.0,0.0,0.0,0.0,1.0,12.0,1.0,12.04,5.0200000000000005,2.51,1.49,-2.2,0.2,2.2,301.1,-0.1,-12.0,2.3000000000000003,10.4,-82.5,0.0,0.0,219.8,0.0,21.9,32.800000000000004,32.800000000000004,36.1,300.0,300.0,29.9,36.1,33.800000000000004,33.300000000000004,35.800000000000004,4.96,2.0,4.97,0.16,0.0,0.0,1027.0,8228.0,0.0,0.0,0.0,0.0,0.0,1.0,0.0,0.0,0.0,-0.001,0.0,0.0,0.0,-13.6,-12.7,0.0155,16.0,25903.0
2026-07-30T18:58:04.475Z,53.958,53.97,-7.4,7.4,0.0,0.0,0.0,0.0,0.0,1.0,1.0,0.0,1.0,0.0,0.0,0.0,8.0,6.0,0.0,0.0,0.0,0.0,0.0,0.0,0.0,0.0,2.0,12.0,1.0,12.04,5.0200000000000005,2.51,1.49,-2.3000000000000003,0.2,2.3000000000000003,301.0,-0.1,-11.4,2.9000000000000004,8.700000000000001,-82.5,0.0,0.0,219.8,0.0,21.9,32.800000000000004,32.800000000000004,36.1,300.0,300.0,29.9,36.1,33.800000000000004,33.300000000000004,35.800000000000004,4.96,1.99,4.96,0.16,0.0,0.0,1027.0,8228.0,0.0,0.0,0.0,0.0,0.0,1.0,0.0,0.0,0.0,-0.001,0.0,0.8,0.0,-12.0,-12.8,0.015,16.0,25903.0
2026-07-30T18:58:04.487Z,53.97,53.982,-7.4,7.4,0.0,0.0,0.0,0.0,0.0,1.0,1.0,0.0,1.0,0.0,0.0,0.0,8.0,6.0,0.0,0.0,0.0,0.0,0.0,0.0,0.0,0.0,3.0,12.0,1.0,12.04,5.0200000000000005,2.51,1.49,-2.3000000000000003,0.3,2.3000000000000003,301.0,-0.1,-12.0,1.7000000000000002,9.9,-82.5,0.0,0.0,219.8,0.0,21.9,32.800000000000004,32.800000000000004,36.1,300.0,300.0,29.9,36.1,33.800000000000004,33.300000000000004,35.800000000000004,4.95,2.0,4.96,0.16,0.0,0.0,1027.0,8228.0,0.0,0.0,0.0,0.0,0.0,1.0,0.0,0.0,0.0,-0.001,0.0,-0.3,0.0,-12.5,-12.8,0.0152,16.0,25903.0
2026-07-30T18:58:04.499Z,53.982,53.994,-7.4,7.4,0.0,0.0,0.0,0.0,0.0,1.0,1.0,0.0,1.0,0.0,0.0,0.0,8.0,6.0,0.0,0.0,0.0,0.0,0.0,0.0,0.0,0.0,4.0,12.0,1.0,12.04,5.0200000000000005,2.51,1.49,-2.3000000000000003,0.3,2.3000000000000003,301.0,-0.1,-13.2,1.1,9.9,-82.5,0.0,0.0,219.7,0.0,21.9,32.800000000000004,32.800000000000004,36.1,300.0,300.0,29.9,36.1,33.800000000000004,33.300000000000004,35.800000000000004,4.95,2.0,4.97,0.16,0.0,0.0,1027.0,8228.0,0.0,0.0,0.0,0.0,0.0,1.0,0.0,0.0,0.0,-0.001,0.0,-0.3,0.0,-12.5,-12.8,0.0156,16.0,25903.0
2026-07-30T18:58:04.511Z,53.994,54.006,-7.4,7.4,0.0,0.0,0.0,0.0,0.0,1.0,1.0,0.0,1.0,0.0,0.0,0.0,8.0,6.0,0.0,0.0,0.0,0.0,0.0,0.0,0.0,0.0,6.0,12.0,1.0,12.04,5.0200000000000005,2.51,1.49,-2.4000000000000004,0.3,2.4000000000000004,301.0,-0.1,-12.0,0.5,8.1,-82.5,0.0,0.0,219.7,0.0,21.9,32.800000000000004,32.800000000000004,36.1,300.0,300.0,29.9,36.1,33.800000000000004,33.300000000000004,35.800000000000004,4.95,2.0,4.96,0.16,0.0,0.0,1027.0,8228.0,0.0,0.0,0.0,0.0,0.0,1.0,0.0,0.0,0.0,-0.001,0.0,-1.0,0.0,-9.7,-12.8,0.0154,16.0,25903.0
2026-07-30T18:58:04.523Z,54.006,54.018,-7.5,7.4,0.0,0.0,0.0,0.0,0.0,1.0,1.0,0.0,1.0,0.0,0.0,0.0,8.0,6.0,0.0,0.0,0.0,0.0,0.0,0.0,0.0,0.0,1.0,12.0,1.0,12.04,5.0200000000000005,2.51,1.49,-2.3000000000000003,0.3,2.4000000000000004,301.1,-0.1,-13.2,0.5,8.1,-82.5,0.0,0.0,219.7,0.0,21.9,32.800000000000004,32.800000000000004,36.1,300.0,300.0,29.9,36.1,33.800000000000004,33.300000000000004,35.800000000000004,4.95,2.0,4.96,0.16,0.0,0.0,1027.0,8228.0,0.0,0.0,0.0,0.0,0.0,1.0,0.0,0.0,0.0,-0.001,0.0,-1.0,0.0,-9.7,-12.9,0.0154,16.0,25903.0
2026-07-30T18:58:04.535Z,54.018,54.03,-7.5,7.4,0.0,0.0,0.0,0.0,0.0,1.0,1.0,0.0,1.0,0.0,0.0,0.0,8.0,6.0,0.0,0.0,0.0,0.0,0.0,0.0,0.0,0.0,2.0,12.0,1.0,12.04,5.0200000000000005,2.51,1.49,-2.3000000000000003,0.2,2.3000000000000003,300.90000000000003,-0.1,-13.2,1.7000000000000002,8.1,-82.5,0.0,0.0,219.8,0.0,21.9,32.800000000000004,32.800000000000004,36.1,300.0,300.0,29.9,36.1,33.800000000000004,33.300000000000004,35.800000000000004,4.96,2.0,4.96,0.16,0.0,0.0,1027.0,8228.0,0.0,0.0,0.0,0.0,0.0,1.0,0.0,0.0,0.0,-0.001,0.0,0.0,0.0,-10.5,-12.7,0.0149,16.0,25903.0
2026-07-30T18:58:04.547Z,54.03,54.042,-7.4,7.4,0.0,0.0,0.0,0.0,0.0,1.0,1.0,0.0,1.0,0.0,0.0,0.0,8.0,6.0,0.0,0.0,0.0,0.0,0.0,0.0,0.0,0.0,3.0,12.0,1.0,12.04,5.0200000000000005,2.51,1.49,-2.2,0.3,2.3000000000000003,301.0,-0.1,-12.0,1.1,10.4,-82.5,0.0,0.0,219.8,0.0,21.9,32.800000000000004,32.800000000000004,36.1,300.0,300.0,29.9,36.1,33.800000000000004,33.300000000000004,35.800000000000004,4.95,2.0,4.96,0.16,0.0,0.0,1027.0,8228.0,0.0,0.0,0.0,0.0,0.0,1.0,0.0,0.0,0.0,-0.001,0.0,0.1,0.0,-12.9,-12.8,0.0143,16.0,25903.0
2026-07-30T18:58:04.558Z,54.041,54.054,-7.4,7.4,0.0,0.0,0.0,0.0,0.0,1.0,1.0,0.0,1.0,0.0,0.0,0.0,8.0,6.0,0.0,0.0,0.0,0.0,0.0,0.0,0.0,0.0,4.0,12.0,1.0,12.04,5.0200000000000005,2.51,1.49,-2.3000000000000003,0.3,2.3000000000000003,301.2,-0.1,-12.0,1.1,9.3,-82.60000000000001,0.0,0.0,219.9,0.0,21.9,32.800000000000004,32.800000000000004,36.1,300.0,300.0,29.9,36.1,33.800000000000004,33.300000000000004,35.800000000000004,4.95,2.0,4.96,0.16,0.0,0.0,1027.0,8228.0,0.0,0.0,0.0,0.0,0.0,1.0,0.0,0.0,0.0,-0.001,0.0,-0.4,0.0,-12.5,-12.8,0.0154,16.0,25903.0
2026-07-30T18:58:04.571Z,54.054,54.066,-7.4,7.4,0.0,0.0,0.0,0.0,0.0,1.0,1.0,0.0,1.0,0.0,0.0,0.0,8.0,6.0,0.0,0.0,0.0,0.0,0.0,0.0,0.0,0.0,5.0,12.0,1.0,12.05,5.01,2.51,1.49,-2.3000000000000003,0.2,2.3000000000000003,301.0,-0.1,-12.6,1.7000000000000002,9.3,-82.60000000000001,0.0,0.0,219.8,0.0,22.200000000000003,32.800000000000004,32.800000000000004,36.1,300.0,300.0,29.8,36.1,33.800000000000004,33.4,35.800000000000004,4.95,2.0,4.97,0.16,0.0,0.0,1027.0,8228.0,0.0,0.0,0.0,0.0,0.0,1.0,0.0,0.0,0.0,-0.001,0.0,0.7000000000000001,0.0,-12.7,-12.8,0.0154,16.0,25903.0
2026-07-30T18:58:04.583Z,54.066,54.078,-7.5,7.4,0.0,0.0,0.0,0.0,0.0,1.0,1.0,0.0,1.0,0.0,0.0,0.0,8.0,6.0,0.0,0.0,0.0,0.0,0.0,0.0,0.0,0.0,6.0,12.0,1.0,12.05,5.01,2.51,1.49,-2.3000000000000003,0.2,2.3000000000000003,301.1,-0.1,-11.4,2.9000000000000004,10.4,-82.60000000000001,0.0,0.0,219.7,0.0,22.200000000000003,32.800000000000004,32.800000000000004,36.1,300.0,300.0,29.8,36.1,33.800000000000004,33.4,35.800000000000004,4.96,2.0,4.97,0.16,0.0,0.0,1027.0,8228.0,0.0,0.0,0.0,0.0,0.0,1.0,0.0,0.0,0.0,-0.001,0.0,0.7000000000000001,0.0,-12.7,-12.8,0.0155,16.0,25903.0
2026-07-30T18:58:04.595Z,54.078,54.09,-7.4,7.4,0.0,0.0,0.0,0.0,0.0,1.0,1.0,0.0,1.0,0.0,0.0,0.0,8.0,6.0,0.0,0.0,0.0,0.0,0.0,0.0,0.0,0.0,6.0,12.0,1.0,12.05,5.01,2.51,1.49,-2.2,0.3,2.2,301.0,-0.1,-11.4,2.3000000000000003,10.4,-82.5,0.0,0.0,219.7,0.0,22.200000000000003,32.800000000000004,32.800000000000004,36.1,300.0,300.0,29.8,36.1,33.800000000000004,33.4,35.800000000000004,4.96,2.0,4.96,0.16,0.0,0.0,1027.0,8228.0,0.0,0.0,0.0,0.0,0.0,1.0,0.0,0.0,0.0,-0.001,0.0,0.0,0.0,-13.6,-12.8,0.0154,16.0,25903.0
2026-07-30T18:58:04.607Z,54.09,54.102,-7.5,7.4,0.0,0.0,0.0,0.0,0.0,1.0,1.0,0.0,1.0,0.0,0.0,0.0,8.0,6.0,0.0,0.0,0.0,0.0,0.0,0.0,0.0,0.0,5.0,12.0,1.0,12.05,5.01,2.51,1.49,-2.3000000000000003,0.3,2.3000000000000003,301.0,-0.1,-12.0,1.7000000000000002,9.3,-82.5,0.0,0.0,219.6,0.0,22.200000000000003,32.800000000000004,32.800000000000004,36.1,300.0,300.0,29.8,36.1,33.800000000000004,33.4,35.800000000000004,4.95,2.0,4.96,0.16,0.0,0.0,1027.0,8228.0,0.0,0.0,0.0,0.0,0.0,1.0,0.0,0.0,0.0,-0.001,0.0,-0.2,0.0,-11.9,-12.8,0.0153,16.0,25903.0
2026-07-30T18:58:04.619Z,54.102,54.114,-7.5,7.4,0.0,0.0,0.0,0.0,0.0,1.0,1.0,0.0,1.0,0.0,0.0,0.0,8.0,6.0,0.0,0.0,0.0,0.0,0.0,0.0,0.0,0.0,1.0,12.0,1.0,12.05,5.01,2.51,1.49,-2.2,0.2,2.2,301.0,-0.1,-12.0,2.3000000000000003,9.9,-82.5,0.0,0.0,219.7,0.0,22.200000000000003,32.800000000000004,32.800000000000004,36.1,300.0,300.0,29.8,36.1,33.800000000000004,33.4,35.800000000000004,4.95,2.0,4.96,0.16,0.0,0.0,1027.0,8228.0,0.0,0.0,0.0,0.0,0.0,1.0,0.0,0.0,0.0,-0.001,0.0,0.1,0.0,-12.9,-12.7,0.0156,16.0,25903.0
2026-07-30T18:58:04.631Z,54.114,54.126,-7.4,7.4,0.0,0.0,0.0,0.0,0.0,1.0,1.0,0.0,1.0,0.0,0.0,0.0,8.0,6.0,0.0,0.0,0.0,0.0,0.0,0.0,0.0,0.0,1.0,12.0,1.0,12.05,5.01,2.51,1.49,-2.2,0.3,2.2,301.0,-0.1,-12.0,2.3000000000000003,11.6,-82.5,0.0,0.0,219.7,0.0,22.200000000000003,32.800000000000004,32.800000000000004,36.1,300.0,300.0,29.8,36.1,33.800000000000004,33.4,35.800000000000004,4.95,1.99,4.96,0.17,0.0,0.0,1027.0,8228.0,0.0,0.0,0.0,0.0,0.0,1.0,0.0,0.0,0.0,-0.001,0.0,-0.2,0.0,-14.9,-12.7,0.0153,16.0,25903.0
2026-07-30T18:58:04.643Z,54.126,54.138,-7.4,7.4,0.0,0.0,0.0,0.0,0.0,1.0,1.0,0.0,1.0,0.0,0.0,0.0,8.0,6.0,0.0,0.0,0.0,0.0,0.0,0.0,0.0,0.0,3.0,12.0,1.0,12.05,5.01,2.51,1.49,-2.2,0.3,2.3000000000000003,301.0,-0.1,-11.4,2.3000000000000003,10.4,-82.5,0.0,0.0,219.6,0.0,22.200000000000003,32.800000000000004,32.800000000000004,36.1,300.0,300.0,29.8,36.1,33.800000000000004,33.4,35.800000000000004,4.95,1.99,4.96,0.16,0.0,0.0,1027.0,8228.0,0.0,0.0,0.0,0.0,0.0,1.0,0.0,0.0,0.0,-0.001,0.0,0.0,0.0,-13.6,-12.8,0.0149,16.0,25903.0
2026-07-30T18:58:04.654Z,54.137,54.15,-7.5,7.4,0.0,0.0,0.0,0.0,0.0,1.0,1.0,0.0,1.0,0.0,0.0,0.0,8.0,6.0,0.0,0.0,0.0,0.0,0.0,0.0,0.0,0.0,4.0,12.0,1.0,12.05,5.01,2.51,1.49,-2.2,0.3,2.3000000000000003,300.90000000000003,-0.1,-12.6,1.1,10.4,-82.5,0.0,0.0,219.7,0.0,22.200000000000003,32.800000000000004,32.800000000000004,36.1,300.0,300.0,29.8,36.1,33.800000000000004,33.4,35.800000000000004,4.96,2.0,4.96,0.16,0.0,0.0,1027.0,8228.0,0.0,0.0,0.0,0.0,0.0,1.0,0.0,0.0,0.0,-0.001,0.0,-1.0,0.0,-12.8,-12.8,0.0153,16.0,25903.0
2026-07-30T18:58:04.668Z,54.151,54.162,-7.5,7.4,0.0,0.0,0.0,0.0,0.0,1.0,1.0,0.0,1.0,0.0,0.0,0.0,8.0,6.0,0.0,0.0,0.0,0.0,0.0,0.0,0.0,0.0,5.0,12.0,1.0,12.08,5.03,2.51,1.49,-2.3000000000000003,0.2,2.3000000000000003,301.0,-0.1,-11.4,1.7000000000000002,8.1,-82.5,0.0,0.0,219.7,0.0,21.9,32.9,32.800000000000004,36.1,300.0,300.0,29.700000000000003,36.2,33.9,33.5,35.800000000000004,4.96,2.0,4.97,0.16,0.0,0.0,1027.0,8228.0,0.0,0.0,0.0,0.0,0.0,1.0,0.0,0.0,0.0,-0.001,0.0,0.0,0.0,-10.5,-12.8,0.0154,16.0,25903.0
2026-07-30T18:58:04.678Z,54.161,54.174,-7.5,7.4,0.0,0.0,0.0,0.0,0.0,1.0,1.0,0.0,1.0,0.0,0.0,0.0,8.0,6.0,0.0,0.0,0.0,0.0,0.0,0.0,0.0,0.0,6.0,12.0,1.0,12.08,5.03,2.51,1.49,-2.3000000000000003,0.3,2.4000000000000004,301.0,-0.1,-12.6,0.5,8.1,-82.5,0.0,0.0,219.7,0.0,21.9,32.9,32.800000000000004,36.1,300.0,300.0,29.700000000000003,36.2,33.9,33.5,35.800000000000004,4.95,2.0,4.97,0.16,0.0,0.0,1027.0,8228.0,0.0,0.0,0.0,0.0,0.0,1.0,0.0,0.0,0.0,-0.001,0.0,-1.0,0.0,-9.7,-12.7,0.0158,16.0,25903.0
2026-07-30T18:58:04.691Z,54.174,54.186,-7.4,7.4,0.0,0.0,0.0,0.0,0.0,1.0,1.0,0.0,1.0,0.0,0.0,0.0,8.0,6.0,0.0,0.0,0.0,0.0,0.0,0.0,0.0,0.0,1.0,12.0,1.0,12.08,5.03,2.51,1.49,-2.3000000000000003,0.3,2.4000000000000004,301.0,-0.1,-13.8,0.5,8.700000000000001,-82.5,0.0,0.0,219.8,0.0,21.9,32.9,32.800000000000004,36.1,300.0,300.0,29.700000000000003,36.2,33.9,33.5,35.800000000000004,4.95,2.0,4.96,0.16,0.0,0.0,1027.0,8228.0,0.0,0.0,0.0,0.0,0.0,1.0,0.0,0.0,0.0,-0.001,0.0,-1.1,0.0,-10.3,-12.8,0.0161,16.0,25903.0
2026-07-30T18:58:04.703Z,54.186,54.198,-7.5,7.4,0.0,0.0,0.0,0.0,0.0,1.0,1.0,0.0,1.0,0.0,0.0,0.0,8.0,6.0,0.0,0.0,0.0,0.0,0.0,0.0,0.0,0.0,1.0,12.0,1.0,12.08,5.03,2.51,1.49,-2.3000000000000003,0.3,2.3000000000000003,301.1,-0.1,-12.6,0.5,8.700000000000001,-82.5,0.0,0.0,219.7,0.0,21.9,32.9,32.800000000000004,36.1,300.0,300.0,29.700000000000003,36.2,33.9,33.5,35.800000000000004,4.96,2.0,4.96,0.16,0.0,0.0,1027.0,8228.0,0.0,0.0,0.0,0.0,0.0,1.0,0.0,0.0,0.0,-0.001,0.0,-1.1,0.0,-10.3,-12.8,0.0159,16.0,25903.0
2026-07-30T18:58:04.715Z,54.198,54.21,-7.5,7.4,0.0,0.0,0.0,0.0,0.0,1.0,1.0,0.0,1.0,0.0,0.0,0.0,8.0,6.0,0.0,0.0,0.0,0.0,0.0,0.0,0.0,0.0,3.0,12.0,1.0,12.08,5.03,2.51,1.49,-2.3000000000000003,0.2,2.3000000000000003,301.1,-0.1,-13.2,1.7000000000000002,8.1,-82.5,0.0,0.0,219.8,0.0,21.9,32.9,32.800000000000004,36.1,300.0,300.0,29.700000000000003,36.2,33.9,33.5,35.800000000000004,4.96,2.0,4.96,0.16,0.0,0.0,1027.0,8228.0,0.0,0.0,0.0,0.0,0.0,1.0,0.0,0.0,0.0,-0.001,0.0,0.0,0.0,-10.5,-12.8,0.0159,16.0,25903.0
2026-07-30T18:58:04.727Z,54.21,54.222,-7.4,7.4,0.0,0.0,0.0,0.0,0.0,1.0,1.0,0.0,1.0,0.0,0.0,0.0,8.0,6.0,0.0,0.0,0.0,0.0,0.0,0.0,0.0,0.0,4.0,12.0,1.0,12.08,5.03,2.51,1.49,-2.4000000000000004,0.3,2.4000000000000004,300.90000000000003,-0.1,-12.6,1.1,6.9,-82.5,0.0,0.0,219.9,0.0,21.9,32.9,32.800000000000004,36.1,300.0,300.0,29.700000000000003,36.2,33.9,33.5,35.800000000000004,4.96,2.0,4.96,0.16,0.0,0.0,1027.0,8228.0,0.0,0.0,0.0,0.0,0.0,1.0,0.0,0.0,0.0,-0.001,0.0,-0.3,0.0,-8.700000000000001,-12.7,0.0157,16.0,25903.0
2026-07-30T18:58:04.739Z,54.222,54.234,-7.4,7.4,0.0,0.0,0.0,0.0,0.0,1.0,1.0,0.0,1.0,0.0,0.0,0.0,8.0,6.0,0.0,0.0,0.0,0.0,0.0,0.0,0.0,0.0,5.0,12.0,1.0,12.08,5.03,2.51,1.49,-2.3000000000000003,0.3,2.3000000000000003,301.0,-0.1,-12.6,1.1,9.9,-82.5,0.0,0.0,219.8,0.0,21.9,32.9,32.800000000000004,36.1,300.0,300.0,29.700000000000003,36.2,33.9,33.5,35.800000000000004,4.95,2.0,4.96,0.16,0.0,0.0,1027.0,8228.0,0.0,0.0,0.0,0.0,0.0,1.0,0.0,0.0,0.0,-0.001,0.0,-0.9,0.0,-12.1,-12.8,0.0162,16.0,25903.0
2026-07-30T18:58:04.751Z,54.234,54.246,-7.5,7.4,0.0,0.0,0.0,0.0,0.0,1.0,1.0,0.0,1.0,0.0,0.0,0.0,8.0,6.0,0.0,0.0,0.0,0.0,0.0,0.0,0.0,0.0,5.0,12.0,1.0,12.08,5.03,2.51,1.49,-2.3000000000000003,0.3,2.3000000000000003,301.1,-0.1,-12.0,1.1,9.3,-82.5,0.0,0.0,219.7,0.0,21.9,32.9,32.800000000000004,36.1,300.0,300.0,29.700000000000003,36.2,33.9,33.5,35.800000000000004,4.96,2.0,4.97,0.16,0.0,0.0,1027.0,8228.0,0.0,0.0,0.0,0.0,0.0,1.0,0.0,0.0,0.0,-0.001,0.0,-0.7000000000000001,0.0,-11.4,-12.8,0.0156,16.0,25903.0
2026-07-30T18:58:04.763Z,54.246,54.258,-7.5,7.4,0.0,0.0,0.0,0.0,0.0,1.0,1.0,0.0,1.0,0.0,0.0,0.0,8.0,6.0,0.0,0.0,0.0,0.0,0.0,0.0,0.0,0.0,6.0,12.0,1.0,12.08,5.03,2.51,1.49,-2.3000000000000003,0.3,2.3000000000000003,301.0,-0.1,-12.0,1.1,9.3,-82.5,0.0,0.0,219.7,0.0,21.9,32.9,32.800000000000004,36.1,300.0,300.0,29.700000000000003,36.2,33.9,33.5,35.800000000000004,4.96,1.99,4.96,0.16,0.0,0.0,1027.0,8228.0,0.0,0.0,0.0,0.0,0.0,1.0,0.0,0.0,0.0,-0.001,0.0,-0.7000000000000001,0.0,-11.4,-12.8,0.0157,16.0,25903.0
2026-07-30T18:58:04.775Z,54.258,54.27,-7.5,7.4,0.0,0.0,0.0,0.0,0.0,1.0,1.0,0.0,1.0,0.0,0.0,0.0,8.0,6.0,0.0,0.0,0.0,0.0,0.0,0.0,0.0,0.0,2.0,12.0,1.0,12.05,5.01,2.51,1.49,-2.2,0.2,2.2,301.1,-0.1,-12.0,2.9000000000000004,10.4,-82.5,0.0,0.0,219.8,0.0,21.700000000000003,32.9,32.9,36.1,300.0,300.0,29.8,36.3,33.9,33.5,35.800000000000004,4.96,2.0,4.96,0.16,0.0,0.0,1027.0,8228.0,0.0,0.0,0.0,0.0,0.0,1.0,0.0,0.0,0.0,-0.001,0.0,0.5,0.0,-14.0,-12.7,0.0156,16.0,25903.0
2026-07-30T18:58:04.786Z,54.269,54.282,-7.4,7.4,0.0,0.0,0.0,0.0,0.0,1.0,1.0,0.0,1.0,0.0,0.0,0.0,8.0,6.0,0.0,0.0,0.0,0.0,0.0,0.0,0.0,0.0,3.0,12.0,1.0,12.05,5.01,2.51,1.49,-2.3000000000000003,0.3,2.3000000000000003,301.1,-0.1,-11.4,1.7000000000000002,9.9,-82.5,0.0,0.0,219.8,0.0,21.700000000000003,32.9,32.9,36.1,300.0,300.0,29.8,36.3,33.9,33.5,35.800000000000004,4.95,2.0,4.96,0.16,0.0,0.0,1027.0,8228.0,0.0,0.0,0.0,0.0,0.0,1.0,0.0,0.0,0.0,-0.001,0.0,-0.3,0.0,-12.5,-12.7,0.015,16.0,25903.0
2026-07-30T18:58:04.799Z,54.282,54.294,-7.4,7.4,0.0,0.0,0.0,0.0,0.0,1.0,1.0,0.0,1.0,0.0,0.0,0.0,8.0,6.0,0.0,0.0,0.0,0.0,0.0,0.0,0.0,0.0,4.0,12.0,1.0,12.05,5.01,2.51,1.49,-2.2,0.2,2.2,301.0,-0.1,-11.4,2.3000000000000003,11.0,-82.5,0.0,0.0,219.7,0.0,21.700000000000003,32.9,32.9,36.1,300.0,300.0,29.8,36.3,33.9,33.5,35.800000000000004,4.96,2.0,4.96,0.16,0.0,0.0,1027.0,8228.0,0.0,0.0,0.0,0.0,0.0,1.0,0.0,0.0,0.0,-0.001,0.0,0.0,0.0,-14.3,-12.9,0.0155,16.0,25903.0
2026-07-30T18:58:04.811Z,54.294,54.306,-7.5,7.4,0.0,0.0,0.0,0.0,0.0,1.0,1.0,0.0,1.0,0.0,0.0,0.0,8.0,6.0,0.0,0.0,0.0,0.0,0.0,0.0,0.0,0.0,5.0,12.0,1.0,12.05,5.01,2.51,1.49,-2.1,0.2,2.1,301.1,-0.1,-11.4,4.0,12.2,-82.60000000000001,0.0,0.0,219.7,0.0,21.700000000000003,32.9,32.9,36.1,300.0,300.0,29.8,36.3,33.9,33.5,35.800000000000004,4.96,2.0,4.97,0.16,0.0,0.0,1027.0,8228.0,0.0,0.0,0.0,0.0,0.0,1.0,0.0,0.0,0.0,-0.001,0.0,1.2000000000000002,0.0,-16.900000000000002,-12.9,0.0152,16.0,25903.0
2026-07-30T18:58:04.822Z,54.305,54.318,-7.5,7.4,0.0,0.0,0.0,0.0,0.0,1.0,1.0,0.0,1.0,0.0,0.0,0.0,8.0,6.0,0.0,0.0,0.0,0.0,0.0,0.0,0.0,0.0,6.0,12.0,1.0,12.05,5.01,2.51,1.49,-2.2,0.2,2.3000000000000003,301.1,-0.1,-10.9,2.9000000000000004,9.3,-82.60000000000001,0.0,0.0,219.9,0.0,21.700000000000003,32.9,32.9,36.1,300.0,300.0,29.8,36.3,33.9,33.5,35.800000000000004,4.96,2.0,4.97,0.16,0.0,0.0,1027.0,8228.0,0.0,0.0,0.0,0.0,0.0,1.0,0.0,0.0,0.0,-0.001,0.0,0.7000000000000001,0.0,-12.7,-12.7,0.0143,16.0,25903.0
2026-07-30T18:58:04.834Z,54.317,54.33,-7.4,7.4,0.0,0.0,0.0,0.0,0.0,1.0,1.0,0.0,1.0,0.0,0.0,0.0,8.0,6.0,0.0,0.0,0.0,0.0,0.0,0.0,0.0,0.0,1.0,12.0,1.0,12.05,5.01,2.51,1.49,-2.2,0.2,2.2,301.0,-0.1,-12.0,2.3000000000000003,10.4,-82.60000000000001,0.0,0.0,219.8,0.0,21.700000000000003,32.9,32.9,36.1,300.0,300.0,29.8,36.3,33.9,33.5,35.800000000000004,4.95,2.0,4.96,0.16,0.0,0.0,1027.0,8228.0,0.0,0.0,0.0,0.0,0.0,1.0,0.0,0.0,0.0,-0.001,0.0,0.0,0.0,-13.6,-12.8,0.0153,16.0,25903.0
2026-07-30T18:58:04.846Z,54.329,54.342,-7.4,7.4,0.0,0.0,0.0,0.0,0.0,1.0,1.0,0.0,1.0,0.0,0.0,0.0,8.0,6.0,0.0,0.0,0.0,0.0,0.0,0.0,0.0,0.0,2.0,12.0,1.0,12.05,5.01,2.51,1.49,-2.2,0.2,2.2,301.1,-0.1,-10.9,2.9000000000000004,9.9,-82.60000000000001,0.0,0.0,219.8,0.0,21.700000000000003,32.9,32.9,36.1,300.0,300.0,29.8,36.3,33.9,33.5,35.800000000000004,4.96,2.0,4.96,0.16,0.0,0.0,1027.0,8228.0,0.0,0.0,0.0,0.0,0.0,1.0,0.0,0.0,0.0,-0.001,0.0,0.6000000000000001,0.0,-13.4,-12.8,0.0152,16.0,25903.0
2026-07-30T18:58:04.859Z,54.342,54.354,-7.5,7.4,0.0,0.0,0.0,0.0,0.0,1.0,1.0,0.0,1.0,0.0,0.0,0.0,8.0,6.0,0.0,0.0,0.0,0.0,0.0,0.0,0.0,0.0,3.0,12.0,1.0,12.05,5.01,2.51,1.49,-2.2,0.2,2.2,301.0,-0.1,-11.4,2.9000000000000004,11.0,-82.60000000000001,0.0,0.0,219.8,0.0,21.700000000000003,32.9,32.9,36.1,300.0,300.0,29.8,36.3,33.9,33.5,35.800000000000004,4.96,2.0,4.97,0.16,0.0,0.0,1027.0,8228.0,0.0,0.0,0.0,0.0,0.0,1.0,0.0,0.0,0.0,-0.001,0.0,0.4,0.0,-14.7,-12.8,0.0152,16.0,25903.0
2026-07-30T18:58:04.872Z,54.355,54.366,-7.4,7.4,0.0,0.0,0.0,0.0,0.0,1.0,1.0,0.0,1.0,0.0,0.0,0.0,8.0,6.0,0.0,0.0,0.0,0.0,0.0,0.0,0.0,0.0,5.0,12.0,1.0,12.08,5.01,2.51,1.5,-2.2,0.2,2.3000000000000003,300.90000000000003,-0.1,-10.9,2.3000000000000003,9.9,-82.60000000000001,0.0,0.0,219.7,0.0,22.6,32.9,32.9,36.2,300.0,300.0,29.8,36.3,33.9,33.5,35.800000000000004,4.96,2.0,4.97,0.16,0.0,0.0,1027.0,8228.0,0.0,0.0,0.0,0.0,0.0,1.0,0.0,0.0,0.0,-0.001,0.0,0.1,0.0,-12.9,-12.7,0.0148,16.0,25903.0
2026-07-30T18:58:04.883Z,54.366,54.378,-7.4,7.4,0.0,0.0,0.0,0.0,0.0,1.0,1.0,0.0,1.0,0.0,0.0,0.0,8.0,6.0,0.0,0.0,0.0,0.0,0.0,0.0,0.0,0.0,6.0,12.0,1.0,12.08,5.01,2.51,1.5,-2.2,0.2,2.2,301.1,-0.1,-10.9,2.9000000000000004,10.4,-82.60000000000001,0.0,0.0,219.9,0.0,22.6,32.9,32.9,36.2,300.0,300.0,29.8,36.3,33.9,33.5,35.800000000000004,4.96,2.0,4.96,0.16,0.0,0.0,1027.0,8228.0,0.0,0.0,0.0,0.0,0.0,1.0,0.0,0.0,0.0,-0.001,0.0,0.5,0.0,-14.0,-12.8,0.0153,16.0,25903.0
2026-07-30T18:58:04.895Z,54.378,54.39,-7.4,7.4,0.0,0.0,0.0,0.0,0.0,1.0,1.0,0.0,1.0,0.0,0.0,0.0,8.0,6.0,0.0,0.0,0.0,0.0,0.0,0.0,0.0,0.0,1.0,12.0,1.0,12.08,5.01,2.51,1.5,-2.2,0.2,2.2,301.0,-0.1,-10.9,2.3000000000000003,10.4,-82.60000000000001,0.0,0.0,219.9,0.0,22.6,32.9,32.9,36.2,300.0,300.0,29.8,36.3,33.9,33.5,35.800000000000004,4.95,2.0,4.96,0.16,0.0,0.0,1027.0,8228.0,0.0,0.0,0.0,0.0,0.0,1.0,0.0,0.0,0.0,-0.001,0.0,0.0,0.0,-13.6,-12.8,0.0151,16.0,25903.0
2026-07-30T18:58:04.912Z,54.395,54.402,-7.5,7.4,0.0,0.0,0.0,0.0,0.0,1.0,1.0,0.0,1.0,0.0,0.0,0.0,8.0,6.0,0.0,0.0,0.0,0.0,0.0,0.0,0.0,0.0,2.0,12.0,1.0,12.08,5.01,2.51,1.5,-2.2,0.2,2.3000000000000003,301.0,-0.1,-10.9,2.3000000000000003,9.3,-82.60000000000001,0.0,0.0,219.7,0.0,22.6,32.9,32.9,36.2,300.0,300.0,29.8,36.3,33.9,33.5,35.800000000000004,4.95,2.0,4.97,0.16,0.0,0.0,1027.0,8228.0,0.0,0.0,0.0,0.0,0.0,1.0,0.0,0.0,0.0,-0.001,0.0,0.2,0.0,-12.3,-12.8,0.0152,16.0,25903.0
2026-07-30T18:58:04.919Z,54.402,54.414,-7.4,7.4,0.0,0.0,0.0,0.0,0.0,1.0,1.0,0.0,1.0,0.0,0.0,0.0,8.0,6.0,0.0,0.0,0.0,0.0,0.0,0.0,0.0,0.0,6.0,12.0,1.0,12.08,5.01,2.51,1.5,-2.2,0.2,2.2,301.1,-0.1,-10.9,2.9000000000000004,10.4,-82.60000000000001,0.0,0.0,219.8,0.0,22.6,32.9,32.9,36.2,300.0,300.0,29.8,36.3,33.9,33.5,35.800000000000004,4.95,2.0,4.97,0.16,0.0,0.0,1027.0,8228.0,0.0,0.0,0.0,0.0,0.0,1.0,0.0,0.0,0.0,-0.001,0.0,0.5,0.0,-14.0,-12.7,0.0154,16.0,25903.0
2026-07-30T18:58:04.931Z,54.414,54.426,-7.4,7.4,0.0,0.0,0.0,0.0,0.0,1.0,1.0,0.0,1.0,0.0,0.0,0.0,8.0,6.0,0.0,0.0,0.0,0.0,0.0,0.0,0.0,0.0,1.0,12.0,1.0,12.08,5.01,2.51,1.5,-2.2,0.3,2.2,300.90000000000003,0.0,-11.4,1.7000000000000002,11.6,-82.60000000000001,0.0,0.0,219.9,0.0,22.6,32.9,32.9,36.2,300.0,300.0,29.8,36.3,33.9,33.5,35.800000000000004,4.96,2.0,4.96,0.16,0.0,0.0,1027.0,8228.0,0.0,0.0,0.0,0.0,0.0,1.0,0.0,0.0,0.0,-0.001,0.0,-0.7000000000000001,0.0,-14.5,-12.8,0.015,16.0,25903.0
2026-07-30T18:58:04.942Z,54.425,54.438,-7.4,7.4,0.0,0.0,0.0,0.0,0.0,1.0,1.0,0.0,1.0,0.0,0.0,0.0,8.0,6.0,0.0,0.0,0.0,0.0,0.0,0.0,0.0,0.0,3.0,12.0,1.0,12.08,5.01,2.51,1.5,-2.3000000000000003,0.3,2.3000000000000003,301.0,0.0,-12.0,1.1,9.9,-82.60000000000001,0.0,0.0,219.8,0.0,22.6,32.9,32.9,36.2,300.0,300.0,29.8,36.3,33.9,33.5,35.800000000000004,4.96,2.0,4.96,0.16,0.0,0.0,1027.0,8228.0,0.0,0.0,0.0,0.0,0.0,1.0,0.0,0.0,0.0,-0.001,0.0,-0.9,0.0,-12.1,-12.9,0.0152,16.0,25903.0
2026-07-30T18:58:04.954Z,54.437,54.45,-7.5,7.4,0.0,0.0,0.0,0.0,0.0,1.0,1.0,0.0,1.0,0.0,0.0,0.0,8.0,6.0,0.0,0.0,0.0,0.0,0.0,0.0,0.0,0.0,4.0,12.0,1.0,12.08,5.01,2.51,1.5,-2.3000000000000003,0.2,2.3000000000000003,301.0,-0.1,-12.0,2.9000000000000004,9.3,-82.7,0.0,0.0,219.7,0.0,22.6,32.9,32.9,36.2,300.0,300.0,29.8,36.3,33.9,33.5,35.800000000000004,4.96,2.0,4.96,0.16,0.0,0.0,1027.0,8228.0,0.0,0.0,0.0,0.0,0.0,1.0,0.0,0.0,0.0,-0.001,0.0,0.7000000000000001,0.0,-12.7,-12.8,0.0157,16.0,25903.0
2026-07-30T18:58:04.967Z,54.45,54.462,-7.5,7.4,0.0,0.0,0.0,0.0,0.0,1.0,1.0,0.0,1.0,0.0,0.0,0.0,8.0,6.0,0.0,0.0,0.0,0.0,0.0,0.0,0.0,0.0,5.0,12.0,1.0,12.08,5.01,2.51,1.5,-2.3000000000000003,0.2,2.4000000000000004,301.0,0.0,-12.0,1.7000000000000002,8.1,-82.7,0.0,0.0,219.7,0.0,22.6,32.9,32.9,36.2,300.0,300.0,29.8,36.3,33.9,33.5,35.800000000000004,4.95,2.0,4.96,0.16,0.0,0.0,1027.0,8228.0,0.0,0.0,0.0,0.0,0.0,1.0,0.0,0.0,0.0,-0.001,0.0,0.0,0.0,-10.5,-12.8,0.0155,16.0,25903.0
2026-07-30T18:58:04.979Z,54.462,54.474,-7.5,7.4,0.0,0.0,0.0,0.0,0.0,1.0,1.0,0.0,1.0,0.0,0.0,0.0,8.0,6.0,0.0,0.0,0.0,0.0,0.0,0.0,0.0,0.0,6.0,12.0,1.0,12.05,5.0200000000000005,2.5,1.49,-2.3000000000000003,0.3,2.3000000000000003,301.1,0.0,-13.2,1.1,9.3,-82.7,0.0,0.0,219.8,0.0,22.200000000000003,32.9,32.9,36.2,300.0,300.0,29.9,36.1,34.0,33.5,35.9,4.95,2.0,4.96,0.16,0.0,0.0,1027.0,8228.0,0.0,0.0,0.0,0.0,0.0,1.0,0.0,0.0,0.0,-0.001,0.0,-0.7000000000000001,0.0,-11.4,-12.8,0.016,16.0,25903.0
2026-07-30T18:58:04.991Z,54.474,54.486,-7.4,7.4,0.0,0.0,0.0,0.0,0.0,1.0,1.0,0.0,1.0,0.0,0.0,0.0,8.0,6.0,0.0,0.0,0.0,0.0,0.0,0.0,0.0,0.0,2.0,12.0,1.0,12.05,5.0200000000000005,2.5,1.49,-2.2,0.2,2.3000000000000003,301.1,0.0,-12.6,2.3000000000000003,10.4,-82.7,0.0,0.0,219.7,0.0,22.200000000000003,32.9,32.9,36.2,300.0,300.0,29.9,36.1,34.0,33.5,35.9,4.95,2.0,4.97,0.16,0.0,0.0,1027.0,8228.0,0.0,0.0,0.0,0.0,0.0,1.0,0.0,0.0,0.0,-0.001,0.0,0.0,0.0,-13.6,-12.8,0.0158,16.0,25903.0
2026-07-30T18:58:05.003Z,54.486,54.498000000000005,-7.5,7.4,0.0,0.0,0.0,0.0,0.0,1.0,1.0,0.0,1.0,0.0,0.0,0.0,8.0,6.0,0.0,0.0,0.0,0.0,0.0,0.0,0.0,0.0,3.0,12.0,1.0,12.05,5.0200000000000005,2.5,1.49,-2.3000000000000003,0.3,2.4000000000000004,301.0,-0.1,-12.6,1.1,8.1,-82.7,0.0,0.0,219.8,0.0,22.200000000000003,32.9,32.9,36.2,300.0,300.0,29.9,36.1,34.0,33.5,35.9,4.95,2.0,4.96,0.16,0.0,0.0,1027.0,8228.0,0.0,0.0,0.0,0.0,0.0,1.0,0.0,0.0,0.0,-0.001,0.0,-0.3,0.0,-12.5,-12.8,0.0154,16.0,25903.0
2026-07-30T18:58:05.015Z,54.498,54.51,-7.4,7.4,0.0,0.0,0.0,0.0,0.0,1.0,1.0,0.0,1.0,0.0,0.0,0.0,8.0,6.0,0.0,0.0,0.0,0.0,0.0,0.0,0.0,0.0,2.0,12.0,1.0,12.05,5.0200000000000005,2.5,1.49,-2.3000000000000003,0.3,2.4000000000000004,301.1,-0.1,-13.2,0.5,8.700000000000001,-82.7,0.0,0.0,219.8,0.0,22.200000000000003,32.9,32.9,36.2,300.0,300.0,29.9,36.1,34.0,33.5,35.9,4.96,2.0,4.96,0.16,0.0,0.0,1027.0,8228.0,0.0,0.0,0.0,0.0,0.0,1.0,0.0,0.0,0.0,-0.001,0.0,-1.1,0.0,-10.3,-12.7,0.0154,16.0,25903.0
2026-07-30T18:58:05.027Z,54.51,54.522,-7.4,7.4,0.0,0.0,0.0,0.0,0.0,1.0,1.0,0.0,1.0,0.0,0.0,0.0,8.0,6.0,0.0,0.0,0.0,0.0,0.0,0.0,0.0,0.0,4.0,12.0,1.0,12.05,5.0200000000000005,2.5,1.49,-2.3000000000000003,0.3,2.4000000000000004,301.1,-0.1,-12.6,1.1,8.1,-82.7,0.0,0.0,219.8,0.0,22.200000000000003,32.9,32.9,36.2,300.0,300.0,29.9,36.1,34.0,33.5,35.9,4.95,2.0,4.96,0.16,0.0,0.0,1027.0,8228.0,0.0,0.0,0.0,0.0,0.0,1.0,0.0,0.0,0.0,-0.001,0.0,-0.5,0.0,-10.1,-12.8,0.0154,16.0,25903.0
2026-07-30T18:58:05.038Z,54.521,54.534,-7.5,7.4,0.0,0.0,0.0,0.0,0.0,1.0,1.0,0.0,1.0,0.0,0.0,0.0,8.0,6.0,0.0,0.0,0.0,0.0,0.0,0.0,0.0,0.0,5.0,12.0,1.0,12.05,5.0200000000000005,2.5,1.49,-2.4000000000000004,0.3,2.4000000000000004,300.90000000000003,-0.1,-11.4,0.5,7.5,-82.7,0.0,0.0,219.8,0.0,22.200000000000003,32.9,32.9,36.2,300.0,300.0,29.9,36.1,34.0,33.5,35.9,4.96,1.99,4.96,0.16,0.0,0.0,1027.0,8228.0,0.0,0.0,0.0,0.0,0.0,1.0,0.0,0.0,0.0,-0.001,0.0,-0.9,0.0,-9.0,-12.8,0.0154,16.0,25903.0
2026-07-30T18:58:05.051Z,54.534,54.546,-7.4,7.4,0.0,0.0,0.0,0.0,0.0,1.0,1.0,0.0,1.0,0.0,0.0,0.0,8.0,6.0,0.0,0.0,0.0,0.0,0.0,0.0,0.0,0.0,6.0,12.0,1.0,12.05,5.0200000000000005,2.5,1.49,-2.3000000000000003,0.2,2.3000000000000003,301.1,-0.1,-13.2,2.3000000000000003,8.700000000000001,-82.60000000000001,0.0,0.0,219.7,0.0,22.200000000000003,32.9,32.9,36.2,300.0,300.0,29.9,36.1,34.0,33.5,35.9,4.96,2.0,4.97,0.16,0.0,0.0,1027.0,8228.0,0.0,0.0,0.0,0.0,0.0,1.0,0.0,0.0,0.0,-0.001,0.0,0.3,0.0,-11.6,-12.7,0.0149,16.0,25903.0
2026-07-30T18:58:05.062Z,54.545,54.558,-7.5,7.4,0.0,0.0,0.0,0.0,0.0,1.0,1.0,0.0,1.0,0.0,0.0,0.0,8.0,6.0,0.0,0.0,0.0,0.0,0.0,0.0,0.0,0.0,1.0,12.0,1.0,12.05,5.0200000000000005,2.5,1.49,-2.2,0.3,2.3000000000000003,301.1,-0.1,-12.0,1.7000000000000002,10.4,-82.60000000000001,0.0,0.0,219.6,0.0,22.200000000000003,32.9,32.9,36.2,300.0,300.0,29.9,36.1,34.0,33.5,35.9,4.96,2.0,4.97,0.16,0.0,0.0,1027.0,8228.0,0.0,0.0,0.0,0.0,0.0,1.0,0.0,0.0,0.0,-0.001,0.0,-0.4,0.0,-13.2,-12.8,0.0153,16.0,25903.0
2026-07-30T18:58:05.076Z,54.559,54.57,-7.4,7.4,0.0,0.0,0.0,0.0,0.0,1.0,1.0,0.0,1.0,0.0,0.0,0.0,8.0,6.0,0.0,0.0,0.0,0.0,0.0,0.0,0.0,0.0,2.0,12.0,1.0,12.04,5.01,2.51,1.49,-2.3000000000000003,0.3,2.3000000000000003,301.0,-0.1,-12.0,1.7000000000000002,9.9,-82.60000000000001,0.0,0.0,219.7,0.0,21.9,32.9,32.9,36.2,300.0,300.0,29.8,36.1,34.0,33.6,35.9,4.95,2.0,4.97,0.16,0.0,0.0,1027.0,8228.0,0.0,0.0,0.0,0.0,0.0,1.0,0.0,0.0,0.0,-0.001,0.0,-0.1,0.0,-14.9,-12.8,0.0152,16.0,25903.0
2026-07-30T18:58:05.086Z,54.569,54.582,-7.5,7.4,0.0,0.0,0.0,0.0,0.0,1.0,1.0,0.0,1.0,0.0,0.0,0.0,8.0,6.0,0.0,0.0,0.0,0.0,0.0,0.0,0.0,0.0,3.0,12.0,1.0,12.04,5.01,2.51,1.49,-2.2,0.3,2.3000000000000003,301.0,-0.1,-12.0,1.1,9.3,-82.60000000000001,0.0,0.0,219.7,0.0,21.9,32.9,32.9,36.2,300.0,300.0,29.8,36.1,34.0,33.6,35.9,4.96,2.0,4.96,0.16,0.0,0.0,1027.0,8228.0,0.0,0.0,0.0,0.0,0.0,1.0,0.0,0.0,0.0,-0.001,0.0,-0.4,0.0,-13.2,-12.8,0.015,16.0,25903.0
2026-07-30T18:58:05.099Z,54.582,54.594,-7.5,7.4,0.0,0.0,0.0,0.0,0.0,1.0,1.0,0.0,1.0,0.0,0.0,0.0,8.0,6.0,0.0,0.0,0.0,0.0,0.0,0.0,0.0,0.0,4.0,12.0,1.0,12.04,5.01,2.51,1.49,-2.2,0.2,2.2,301.1,-0.1,-10.3,2.9000000000000004,9.9,-82.60000000000001,0.0,0.0,219.7,0.0,21.9,32.9,32.9,36.2,300.0,300.0,29.8,36.1,34.0,33.6,35.9,4.96,2.0,4.96,0.16,0.0,0.0,1027.0,8228.0,0.0,0.0,0.0,0.0,0.0,1.0,0.0,0.0,0.0,-0.001,0.0,0.6000000000000001,0.0,-13.4,-12.7,0.0153,16.0,25903.0
2026-07-30T18:58:05.111Z,54.594,54.606,-7.4,7.4,0.0,0.0,0.0,0.0,0.0,1.0,1.0,0.0,1.0,0.0,0.0,0.0,8.0,6.0,0.0,0.0,0.0,0.0,0.0,0.0,0.0,0.0,5.0,12.0,1.0,12.04,5.01,2.51,1.49,-2.3000000000000003,0.2,2.3000000000000003,301.1,-0.1,-12.0,2.3000000000000003,9.3,-82.60000000000001,0.0,0.0,219.8,0.0,21.9,32.9,32.9,36.2,300.0,300.0,29.8,36.1,34.0,33.6,35.9,4.95,1.99,4.96,0.16,0.0,0.0,1027.0,8228.0,0.0,0.0,0.0,0.0,0.0,1.0,0.0,0.0,0.0,-0.001,0.0,0.2,0.0,-12.3,-12.7,0.0151,16.0,25903.0
2026-07-30T18:58:05.123Z,54.606,54.618,-7.4,7.4,0.0,0.0,0.0,0.0,0.0,1.0,1.0,0.0,1.0,0.0,0.0,0.0,8.0,6.0,0.0,0.0,0.0,0.0,0.0,0.0,0.0,0.0,6.0,12.0,1.0,12.04,5.01,2.51,1.49,-2.2,0.2,2.2,301.0,-0.1,-11.4,2.3000000000000003,10.4,-82.60000000000001,0.0,0.0,219.8,0.0,21.9,32.9,32.9,36.2,300.0,300.0,29.8,36.1,34.0,33.6,35.9,4.96,1.99,4.96,0.16,0.0,0.0,1027.0,8228.0,0.0,0.0,0.0,0.0,0.0,1.0,0.0,0.0,0.0,-0.001,0.0,0.0,0.0,-13.6,-12.8,0.0155,16.0,25903.0
2026-07-30T18:58:05.135Z,54.618,54.63,-7.4,7.4,0.0,0.0,0.0,0.0,0.0,1.0,1.0,0.0,1.0,0.0,0.0,0.0,8.0,6.0,0.0,0.0,0.0,0.0,0.0,0.0,0.0,0.0,1.0,12.0,1.0,12.04,5.01,2.51,1.49,-2.3000000000000003,0.3,2.3000000000000003,301.0,-0.1,-12.0,1.7000000000000002,9.3,-82.60000000000001,0.0,0.0,219.7,0.0,21.9,32.9,32.9,36.2,300.0,300.0,29.8,36.1,34.0,33.6,35.9,4.95,2.0,4.96,0.16,0.0,0.0,1027.0,8228.0,0.0,0.0,0.0,0.0,0.0,1.0,0.0,0.0,0.0,-0.001,0.0,-0.2,0.0,-11.8,-12.8,0.0151,16.0,25903.0
2026-07-30T18:58:05.146Z,54.629,54.642,-7.5,7.4,0.0,0.0,0.0,0.0,0.0,1.0,1.0,0.0,1.0,0.0,0.0,0.0,8.0,6.0,0.0,0.0,0.0,0.0,0.0,0.0,0.0,0.0,3.0,12.0,1.0,12.04,5.01,2.51,1.49,-2.2,0.2,2.2,301.0,-0.1,-12.0,2.3000000000000003,10.4,-82.60000000000001,0.0,0.0,219.7,0.0,21.9,32.9,32.9,36.2,300.0,300.0,29.8,36.1,34.0,33.6,35.9,4.95,2.0,4.97,0.16,0.0,0.0,1027.0,8228.0,0.0,0.0,0.0,0.0,0.0,1.0,0.0,0.0,0.0,-0.001,0.0,0.0,0.0,-13.6,-12.8,0.0156,16.0,25903.0
2026-07-30T18:58:05.158Z,54.641,54.654,-7.5,7.4,0.0,0.0,0.0,0.0,0.0,1.0,1.0,0.0,1.0,0.0,0.0,0.0,8.0,6.0,0.0,0.0,0.0,0.0,0.0,0.0,0.0,0.0,4.0,12.0,1.0,12.04,5.01,2.51,1.49,-2.3000000000000003,0.2,2.3000000000000003,301.1,-0.1,-12.6,2.3000000000000003,8.700000000000001,-82.60000000000001,0.0,0.0,219.8,0.0,21.9,32.9,32.9,36.2,300.0,300.0,29.8,36.1,34.0,33.6,35.9,4.95,2.0,4.97,0.16,0.0,0.0,1027.0,8228.0,0.0,0.0,0.0,0.0,0.0,1.0,0.0,0.0,0.0,-0.001,0.0,0.3,0.0,-11.6,-12.7,0.0151,16.0,25903.0
2026-07-30T18:58:05.170Z,54.653,54.666,-7.4,7.4,0.0,0.0,0.0,0.0,0.0,1.0,1.0,0.0,1.0,0.0,0.0,0.0,8.0,6.0,0.0,0.0,0.0,0.0,0.0,0.0,0.0,0.0,5.0,12.0,1.0,12.04,5.01,2.51,1.49,-2.3000000000000003,0.3,2.3000000000000003,301.1,-0.1,-12.0,0.5,8.700000000000001,-82.60000000000001,0.0,0.0,219.9,0.0,21.9,32.9,32.9,36.2,300.0,300.0,29.8,36.1,34.0,33.6,35.9,4.96,2.0,4.96,0.16,0.0,0.0,1027.0,8228.0,0.0,0.0,0.0,0.0,0.0,1.0,0.0,0.0,0.0,-0.001,0.0,-1.2000000000000002,0.0,-10.3,-12.7,0.0155,16.0,25903.0
2026-07-30T18:58:05.182Z,54.665,54.678,-7.4,7.4,0.0,0.0,0.0,0.0,0.0,1.0,1.0,0.0,1.0,0.0,0.0,0.0,8.0,6.0,0.0,0.0,0.0,0.0,0.0,0.0,0.0,0.0,6.0,12.0,1.0,12.09,5.01,2.5,1.49,-2.3000000000000003,0.3,2.3000000000000003,301.1,-0.1,-12.6,1.7000000000000002,9.3,-82.60000000000001,0.0,0.0,219.9,0.0,22.1,32.9,32.9,36.2,300.0,300.0,29.9,36.2,34.0,33.6,35.9,4.95,2.0,4.97,0.16,0.0,0.0,1027.0,8228.0,0.0,0.0,0.0,0.0,0.0,1.0,0.0,0.0,0.0,-0.001,0.0,-0.3,0.0,-11.8,-12.8,0.0159,16.0,25903.0
2026-07-30T18:58:05.194Z,54.677,54.69,-7.5,7.4,0.0,0.0,0.0,0.0,0.0,1.0,1.0,0.0,1.0,0.0,0.0,0.0,8.0,6.0,0.0,0.0,0.0,0.0,0.0,0.0,0.0,0.0,1.0,12.0,1.0,12.09,5.01,2.5,1.49,-2.3000000000000003,0.2,2.3000000000000003,301.0,-0.1,-13.2,1.7000000000000002,9.3,-82.60000000000001,0.0,0.0,219.8,0.0,22.1,32.9,32.9,36.2,300.0,300.0,29.9,36.2,34.0,33.6,35.9,4.95,2.0,4.96,0.16,0.0,0.0,1027.0,8228.0,0.0,0.0,0.0,0.0,0.0,1.0,0.0,0.0,0.0,-0.001,0.0,-0.2,0.0,-11.8,-12.8,0.0155,16.0,25903.0
2026-07-30T18:58:05.206Z,54.689,54.702,-7.5,7.4,0.0,0.0,0.0,0.0,0.0,1.0,1.0,0.0,1.0,0.0,0.0,0.0,8.0,6.0,0.0,0.0,0.0,0.0,0.0,0.0,0.0,0.0,2.0,12.0,1.0,12.09,5.01,2.5,1.49,-2.2,0.2,2.3000000000000003,301.1,-0.1,-12.0,2.3000000000000003,9.3,-82.60000000000001,0.0,0.0,219.8,0.0,22.1,32.9,32.9,36.2,300.0,300.0,29.9,36.2,34.0,33.6,35.9,4.96,2.0,4.96,0.16,0.0,0.0,1027.0,8228.0,0.0,0.0,0.0,0.0,0.0,1.0,0.0,0.0,0.0,-0.001,0.0,0.2,0.0,-12.3,-12.7,0.0155,16.0,25903.0
2026-07-30T18:58:05.220Z,54.703,54.714,-7.4,7.4,0.0,0.0,0.0,0.0,0.0,1.0,1.0,0.0,1.0,0.0,0.0,0.0,8.0,6.0,0.0,0.0,0.0,0.0,0.0,0.0,0.0,0.0,3.0,12.0,1.0,12.09,5.01,2.5,1.49,-2.3000000000000003,0.3,2.3000000000000003,301.0,-0.1,-13.2,1.7000000000000002,8.1,-82.60000000000001,0.0,0.0,219.8,0.0,22.1,32.9,32.9,36.2,300.0,300.0,29.9,36.2,34.0,33.6,35.9,4.95,2.0,4.96,0.16,0.0,0.0,1027.0,8228.0,0.0,0.0,0.0,0.0,0.0,1.0,0.0,0.0,0.0,-0.001,0.0,0.0,0.0,-10.5,-12.7,0.0153,16.0,25903.0
2026-07-30T18:58:05.231Z,54.714,54.726,-7.5,7.4,0.0,0.0,0.0,0.0,0.0,1.0,1.0,0.0,1.0,0.0,0.0,0.0,8.0,6.0,0.0,0.0,0.0,0.0,0.0,0.0,0.0,0.0,3.0,12.0,1.0,12.09,5.01,2.5,1.49,-2.2,0.2,2.2,301.0,-0.1,-12.6,2.3000000000000003,9.3,-82.60000000000001,0.0,0.0,219.9,0.0,22.1,32.9,32.9,36.2,300.0,300.0,29.9,36.2,34.0,33.6,35.9,4.96,2.0,4.97,0.16,0.0,0.0,1027.0,8228.0,0.0,0.0,0.0,0.0,0.0,1.0,0.0,0.0,0.0,-0.001,0.0,0.2,0.0,-12.3,-12.8,0.0158,16.0,25903.0
2026-07-30T18:58:05.243Z,54.726,54.738,-7.4,7.4,0.0,0.0,0.0,0.0,0.0,1.0,1.0,0.0,1.0,0.0,0.0,0.0,8.0,6.0,0.0,0.0,0.0,0.0,0.0,0.0,0.0,0.0,4.0,12.0,1.0,12.09,5.01,2.5,1.49,-2.3000000000000003,0.2,2.3000000000000003,301.1,-0.1,-12.6,1.7000000000000002,9.3,-82.7,0.0,0.0,219.8,0.0,22.1,32.9,32.9,36.2,300.0,300.0,29.9,36.2,34.0,33.6,35.9,4.96,2.0,4.96,0.16,0.0,0.0,1027.0,8228.0,0.0,0.0,0.0,0.0,0.0,1.0,0.0,0.0,0.0,-0.001,0.0,-0.2,0.0,-11.8,-12.7,0.0153,16.0,25903.0
2026-07-30T18:58:05.255Z,54.738,54.75,-7.4,7.4,0.0,0.0,0.0,0.0,0.0,1.0,1.0,0.0,1.0,0.0,0.0,0.0,8.0,6.0,0.0,0.0,0.0,0.0,0.0,0.0,0.0,0.0,5.0,12.0,1.0,12.09,5.01,2.5,1.49,-2.2,0.2,2.3000000000000003,300.8,-0.1,-12.0,2.9000000000000004,9.3,-82.60000000000001,0.0,0.0,219.8,0.0,22.1,32.9,32.9,36.2,300.0,300.0,29.9,36.2,34.0,33.6,35.9,4.96,2.0,4.96,0.16,0.0,0.0,1027.0,8228.0,0.0,0.0,0.0,0.0,0.0,1.0,0.0,0.0,0.0,-0.001,0.0,0.7000000000000001,0.0,-12.7,-12.8,0.0155,16.0,25903.0
2026-07-30T18:58:05.266Z,54.749,54.762,-7.4,7.4,0.0,0.0,0.0,0.0,0.0,1.0,1.0,0.0,1.0,0.0,0.0,0.0,8.0,6.0,0.0,0.0,0.0,0.0,0.0,0.0,0.0,0.0,6.0,12.0,1.0,12.09,5.01,2.5,1.49,-2.2,0.2,2.2,301.1,-0.1,-11.4,2.3000000000000003,10.4,-82.7,0.0,0.0,219.8,0.0,22.1,32.9,32.9,36.2,300.0,300.0,29.9,36.2,34.0,33.6,35.9,4.95,2.0,4.97,0.16,0.0,0.0,1027.0,8228.0,0.0,0.0,0.0,0.0,0.0,1.0,0.0,0.0,0.0,-0.001,0.0,0.0,0.0,-13.6,-12.8,0.0153,16.0,25903.0
2026-07-30T18:58:05.280Z,54.763,54.774,-7.4,7.4,0.0,0.0,0.0,0.0,0.0,1.0,1.0,0.0,1.0,0.0,0.0,0.0,8.0,6.0,0.0,0.0,0.0,0.0,0.0,0.0,0.0,0.0,1.0,12.0,1.0,12.05,5.01,2.51,1.49,-2.2,0.3,2.3000000000000003,301.1,-0.1,-11.4,1.1,11.0,-82.7,0.0,0.0,219.8,0.0,22.200000000000003,33.0,32.9,36.2,300.0,300.0,30.0,36.3,34.0,33.6,35.9,4.96,2.0,4.96,0.16,0.0,0.0,1027.0,8228.0,0.0,0.0,0.0,0.0,0.0,1.0,0.0,0.0,0.0,-0.001,0.0,-1.1,0.0,-13.4,-12.9,0.0152,16.0,25903.0
2026-07-30T18:58:05.291Z,54.774,54.786,-7.5,7.4,0.0,0.0,0.0,0.0,0.0,1.0,1.0,0.0,1.0,0.0,0.0,0.0,8.0,6.0,0.0,0.0,0.0,0.0,0.0,0.0,0.0,0.0,2.0,12.0,1.0,12.05,5.01,2.51,1.49,-2.3000000000000003,0.2,2.3000000000000003,301.0,-0.1,-11.4,1.7000000000000002,8.700000000000001,-82.7,0.0,0.0,219.8,0.0,22.200000000000003,33.0,32.9,36.2,300.0,300.0,30.0,36.3,34.0,33.6,35.9,4.96,2.0,4.96,0.16,0.0,0.0,1027.0,8228.0,0.0,0.0,0.0,0.0,0.0,1.0,0.0,0.0,0.0,-0.001,0.0,-0.1,0.0,-11.2,-12.8,0.0153,16.0,25903.0
2026-07-30T18:58:05.303Z,54.786,54.798,-7.5,7.4,0.0,0.0,0.0,0.0,0.0,1.0,1.0,0.0,1.0,0.0,0.0,0.0,8.0,6.0,0.0,0.0,0.0,0.0,0.0,0.0,0.0,0.0,3.0,12.0,1.0,12.05,5.01,2.51,1.49,-2.1,0.2,2.2,301.1,-0.1,-11.4,2.9000000000000004,11.6,-82.7,0.0,0.0,219.8,0.0,22.200000000000003,33.0,32.9,36.2,300.0,300.0,30.0,36.3,34.0,33.6,35.9,4.96,2.0,4.96,0.16,0.0,0.0,1027.0,8228.0,0.0,0.0,0.0,0.0,0.0,1.0,0.0,0.0,0.0,-0.001,0.0,0.2,0.0,-15.4,-12.7,0.0156,16.0,25903.0
2026-07-30T18:58:05.318Z,54.801,54.81,-7.5,7.4,0.0,0.0,0.0,0.0,0.0,1.0,1.0,0.0,1.0,0.0,0.0,0.0,8.0,6.0,0.0,0.0,0.0,0.0,0.0,0.0,0.0,0.0,5.0,12.0,1.0,12.05,5.01,2.51,1.49,-2.2,0.2,2.2,301.1,-0.1,-10.3,2.3000000000000003,9.9,-82.60000000000001,0.0,0.0,219.8,0.0,22.200000000000003,33.0,32.9,36.2,300.0,300.0,30.0,36.3,34.0,33.6,35.9,4.95,2.0,4.97,0.16,0.0,0.0,1027.0,8228.0,0.0,0.0,0.0,0.0,0.0,1.0,0.0,0.0,0.0,-0.001,0.0,0.1,0.0,-12.9,-12.7,0.0147,16.0,25903.0
2026-07-30T18:58:05.327Z,54.81,54.822,-7.5,7.4,0.0,0.0,0.0,0.0,0.0,1.0,1.0,0.0,1.0,0.0,0.0,0.0,8.0,6.0,0.0,0.0,0.0,0.0,0.0,0.0,0.0,0.0,5.0,12.0,1.0,12.05,5.01,2.51,1.49,-2.2,0.2,2.2,301.0,-0.1,-10.9,2.9000000000000004,9.3,-82.60000000000001,0.0,0.0,219.7,0.0,22.200000000000003,33.0,32.9,36.2,300.0,300.0,30.0,36.3,34.0,33.6,35.9,4.96,2.0,4.97,0.16,0.0,0.0,1027.0,8228.0,0.0,0.0,0.0,0.0,0.0,1.0,0.0,0.0,0.0,-0.001,0.0,0.7000000000000001,0.0,-12.7,-12.8,0.0152,16.0,25903.0
2026-07-30T18:58:05.339Z,54.822,54.834,-7.5,7.4,0.0,0.0,0.0,0.0,0.0,1.0,1.0,0.0,1.0,0.0,0.0,0.0,8.0,6.0,0.0,0.0,0.0,0.0,0.0,0.0,0.0,0.0,5.0,12.0,1.0,12.05,5.01,2.51,1.49,-2.2,0.2,2.2,301.0,-0.1,-11.4,2.3000000000000003,9.9,-82.60000000000001,0.0,0.0,219.7,0.0,22.200000000000003,33.0,32.9,36.2,300.0,300.0,30.0,36.3,34.0,33.6,35.9,4.96,2.0,4.97,0.16,0.0,0.0,1027.0,8228.0,0.0,0.0,0.0,0.0,0.0,1.0,0.0,0.0,0.0,-0.001,0.0,0.1,0.0,-12.9,-12.7,0.0153,16.0,25903.0
2026-07-30T18:58:05.351Z,54.834,54.846,-7.5,7.4,0.0,0.0,0.0,0.0,0.0,1.0,1.0,0.0,1.0,0.0,0.0,0.0,8.0,6.0,0.0,0.0,0.0,0.0,0.0,0.0,0.0,0.0,6.0,12.0,1.0,12.05,5.01,2.51,1.49,-2.2,0.2,2.2,301.1,-0.1,-10.3,2.9000000000000004,10.4,-82.60000000000001,0.0,0.0,219.8,0.0,22.200000000000003,33.0,32.9,36.2,300.0,300.0,30.0,36.3,34.0,33.6,35.9,4.95,2.0,4.97,0.16,0.0,0.0,1027.0,8228.0,0.0,0.0,0.0,0.0,0.0,1.0,0.0,0.0,0.0,-0.001,0.0,0.5,0.0,-14.0,-12.7,0.0151,16.0,25903.0
2026-07-30T18:58:05.363Z,54.846,54.858,-7.4,7.4,0.0,0.0,0.0,0.0,0.0,1.0,1.0,0.0,1.0,0.0,0.0,0.0,8.0,6.0,0.0,0.0,0.0,0.0,0.0,0.0,0.0,0.0,2.0,12.0,1.0,12.05,5.01,2.51,1.49,-2.2,0.3,2.2,300.90000000000003,-0.1,-11.4,2.3000000000000003,11.0,-82.60000000000001,0.0,0.0,219.9,0.0,22.200000000000003,33.0,32.9,36.2,300.0,300.0,30.0,36.3,34.0,33.6,35.9,4.95,2.0,4.96,0.16,0.0,0.0,1027.0,8228.0,0.0,0.0,0.0,0.0,0.0,1.0,0.0,0.0,0.0,-0.001,0.0,-0.1,0.0,-14.3,-12.7,0.0149,16.0,25903.0
2026-07-30T18:58:05.374Z,54.857,54.870000000000005,-7.4,7.4,0.0,0.0,0.0,0.0,0.0,1.0,1.0,0.0,1.0,0.0,0.0,0.0,8.0,6.0,0.0,0.0,0.0,0.0,0.0,0.0,0.0,0.0,4.0,12.0,1.0,12.05,5.01,2.51,1.49,-2.2,0.3,2.2,301.0,-0.1,-11.4,1.7000000000000002,10.4,-82.60000000000001,0.0,0.0,219.8,0.0,22.200000000000003,33.0,32.9,36.2,300.0,300.0,30.0,36.3,34.0,33.6,35.9,4.95,2.0,4.96,0.16,0.0,0.0,1027.0,8228.0,0.0,0.0,0.0,0.0,0.0,1.0,0.0,0.0,0.0,-0.001,0.0,-0.5,0.0,-13.2,-12.8,0.0149,16.0,25903.0
2026-07-30T18:58:05.387Z,54.87,54.882,-7.4,7.4,0.0,0.0,0.0,0.0,0.0,1.0,1.0,0.0,1.0,0.0,0.0,0.0,8.0,6.0,0.0,0.0,0.0,0.0,0.0,0.0,0.0,0.0,5.0,12.0,1.0,12.06,5.01,2.51,1.49,-2.1,0.2,2.1,301.1,-0.1,-11.4,2.9000000000000004,13.4,-82.60000000000001,0.0,0.0,219.7,0.0,22.1,33.0,33.0,36.2,300.0,300.0,29.8,36.2,34.0,33.6,35.9,4.95,2.0,4.97,0.16,0.0,0.0,1027.0,8228.0,0.0,0.0,0.0,0.0,0.0,1.0,0.0,0.0,0.0,-0.001,0.0,0.0,0.0,-17.400000000000002,-12.9,0.0153,16.0,25903.0
2026-07-30T18:58:05.398Z,54.881,54.894,-7.5,7.4,0.0,0.0,0.0,0.0,0.0,1.0,1.0,0.0,1.0,0.0,0.0,0.0,8.0,6.0,0.0,0.0,0.0,0.0,0.0,0.0,0.0,0.0,1.0,12.0,1.0,12.06,5.01,2.51,1.49,-2.2,0.2,2.3000000000000003,301.0,-0.1,-10.9,2.9000000000000004,9.3,-82.60000000000001,0.0,0.0,219.7,0.0,22.1,33.0,33.0,36.2,300.0,300.0,29.8,36.2,34.0,33.6,35.9,4.95,2.0,4.97,0.16,0.0,0.0,1027.0,8228.0,0.0,0.0,0.0,0.0,0.0,1.0,0.0,0.0,0.0,-0.001,0.0,0.7000000000000001,0.0,-12.7,-12.8,0.0144,16.0,25903.0
2026-07-30T18:58:05.411Z,54.894,54.906,-7.5,7.4,0.0,0.0,0.0,0.0,0.0,1.0,1.0,0.0,1.0,0.0,0.0,0.0,8.0,6.0,0.0,0.0,0.0,0.0,0.0,0.0,0.0,0.0,2.0,12.0,1.0,12.06,5.01,2.51,1.49,-2.2,0.2,2.3000000000000003,301.1,-0.1,-11.4,2.9000000000000004,9.3,-82.60000000000001,0.0,0.0,219.7,0.0,22.1,33.0,33.0,36.2,300.0,300.0,29.8,36.2,34.0,33.6,35.9,4.95,2.0,4.96,0.16,0.0,0.0,1027.0,8228.0,0.0,0.0,0.0,0.0,0.0,1.0,0.0,0.0,0.0,-0.001,0.0,0.7000000000000001,0.0,-12.7,-12.8,0.0154,16.0,25903.0
2026-07-30T18:58:05.423Z,54.906,54.918,-7.5,7.4,0.0,0.0,0.0,0.0,0.0,1.0,1.0,0.0,1.0,0.0,0.0,0.0,8.0,6.0,0.0,0.0,0.0,0.0,0.0,0.0,0.0,0.0,4.0,12.0,1.0,12.06,5.01,2.51,1.49,-2.2,0.3,2.2,301.0,-0.1,-12.0,2.3000000000000003,11.0,-82.60000000000001,0.0,0.0,219.8,0.0,22.1,33.0,33.0,36.2,300.0,300.0,29.8,36.2,34.0,33.6,35.9,4.95,2.0,4.97,0.16,0.0,0.0,1027.0,8228.0,0.0,0.0,0.0,0.0,0.0,1.0,0.0,0.0,0.0,-0.001,0.0,-0.1,0.0,-14.3,-12.8,0.0153,16.0,25903.0
2026-07-30T18:58:05.435Z,54.918,54.93,-7.5,7.4,0.0,0.0,0.0,0.0,0.0,1.0,1.0,0.0,1.0,0.0,0.0,0.0,8.0,6.0,0.0,0.0,0.0,0.0,0.0,0.0,0.0,0.0,5.0,12.0,1.0,12.06,5.01,2.51,1.49,-2.2,0.2,2.3000000000000003,301.1,-0.1,-11.4,2.3000000000000003,9.3,-82.60000000000001,0.0,0.0,219.8,0.0,22.1,33.0,33.0,36.2,300.0,300.0,29.8,36.2,34.0,33.6,35.9,4.95,2.0,4.97,0.16,0.0,0.0,1027.0,8228.0,0.0,0.0,0.0,0.0,0.0,1.0,0.0,0.0,0.0,-0.001,0.0,0.2,0.0,-12.3,-12.8,0.015,16.0,25903.0
2026-07-30T18:58:05.447Z,54.93,54.942,-7.5,7.4,0.0,0.0,0.0,0.0,0.0,1.0,1.0,0.0,1.0,0.0,0.0,0.0,8.0,6.0,0.0,0.0,0.0,0.0,0.0,0.0,0.0,0.0,5.0,12.0,1.0,12.06,5.01,2.51,1.49,-2.2,0.2,2.2,301.1,-0.1,-12.0,2.9000000000000004,10.4,-82.5,0.0,0.0,219.7,0.0,22.1,33.0,33.0,36.2,300.0,300.0,29.8,36.2,34.0,33.6,35.9,4.96,2.0,4.97,0.16,0.0,0.0,1027.0,8228.0,0.0,0.0,0.0,0.0,0.0,1.0,0.0,0.0,0.0,-0.001,0.0,0.5,0.0,-14.0,-12.7,0.0154,16.0,25903.0
2026-07-30T18:58:05.459Z,54.942,54.954,-7.4,7.4,0.0,0.0,0.0,0.0,0.0,1.0,1.0,0.0,1.0,0.0,0.0,0.0,8.0,6.0,0.0,0.0,0.0,0.0,0.0,0.0,0.0,0.0,1.0,12.0,1.0,12.06,5.01,2.51,1.49,-2.3000000000000003,0.3,2.3000000000000003,300.90000000000003,-0.1,-12.0,1.7000000000000002,8.700000000000001,-82.60000000000001,0.0,0.0,219.8,0.0,22.1,33.0,33.0,36.2,300.0,300.0,29.8,36.2,34.0,33.6,35.9,4.95,2.0,4.96,0.16,0.0,0.0,1027.0,8228.0,0.0,0.0,0.0,0.0,0.0,1.0,0.0,0.0,0.0,-0.001,0.0,-0.1,0.0,-11.2,-12.8,0.015,16.0,25903.0
2026-07-30T18:58:05.471Z,54.954,54.966,-7.4,7.4,0.0,0.0,0.0,0.0,0.0,1.0,1.0,0.0,1.0,0.0,0.0,0.0,8.0,6.0,0.0,0.0,0.0,0.0,0.0,0.0,0.0,0.0,2.0,12.0,1.0,12.06,5.01,2.51,1.49,-2.2,0.2,2.3000000000000003,301.0,0.0,-12.0,2.3000000000000003,9.9,-82.60000000000001,0.0,0.0,219.8,0.0,22.1,33.0,33.0,36.2,300.0,300.0,29.8,36.2,34.0,33.6,35.9,4.95,2.0,4.97,0.16,0.0,0.0,1027.0,8228.0,0.0,0.0,0.0,0.0,0.0,1.0,0.0,0.0,0.0,-0.001,0.0,0.1,0.0,-12.9,-12.8,0.0157,16.0,25903.0
2026-07-30T18:58:05.484Z,54.967,54.978,-7.5,7.4,0.0,0.0,0.0,0.0,0.0,1.0,1.0,0.0,1.0,0.0,0.0,0.0,8.0,6.0,0.0,0.0,0.0,0.0,0.0,0.0,0.0,0.0,3.0,12.0,1.0,12.05,5.01,2.51,1.49,-2.2,0.2,2.2,301.1,-0.1,-13.2,2.9000000000000004,9.9,-82.60000000000001,0.0,0.0,219.7,0.0,22.1,33.0,33.0,36.3,300.0,300.0,29.9,36.1,34.0,33.6,35.9,4.95,2.0,4.96,0.16,0.0,0.0,1027.0,8228.0,0.0,0.0,0.0,0.0,0.0,1.0,0.0,0.0,0.0,-0.001,0.0,0.6000000000000001,0.0,-13.4,-12.8,0.0154,16.0,25903.0
2026-07-30T18:58:05.495Z,54.978,54.99,-7.5,7.4,0.0,0.0,0.0,0.0,0.0,1.0,1.0,0.0,1.0,0.0,0.0,0.0,8.0,6.0,0.0,0.0,0.0,0.0,0.0,0.0,0.0,0.0,4.0,12.0,1.0,12.05,5.01,2.51,1.49,-2.3000000000000003,0.3,2.3000000000000003,301.0,-0.1,-12.6,1.7000000000000002,8.700000000000001,-82.60000000000001,0.0,0.0,219.8,0.0,22.1,33.0,33.0,36.3,300.0,300.0,29.9,36.1,34.0,33.6,35.9,4.96,2.0,4.96,0.16,0.0,0.0,1027.0,8228.0,0.0,0.0,0.0,0.0,0.0,1.0,0.0,0.0,0.0,-0.001,0.0,-0.1,0.0,-11.2,-12.8,0.0153,16.0,25903.0
2026-07-30T18:58:05.507Z,54.99,55.002,-7.4,7.4,0.0,0.0,0.0,0.0,0.0,1.0,1.0,0.0,1.0,0.0,0.0,0.0,8.0,6.0,0.0,0.0,0.0,0.0,0.0,0.0,0.0,0.0,5.0,12.0,1.0,12.05,5.01,2.51,1.49,-2.3000000000000003,0.3,2.4000000000000004,301.0,-0.1,-13.8,1.1,8.700000000000001,-82.60000000000001,0.0,0.0,219.8,0.0,22.1,33.0,33.0,36.3,300.0,300.0,29.9,36.1,34.0,33.6,35.9,4.95,2.0,4.96,0.16,0.0,0.0,1027.0,8228.0,0.0,0.0,0.0,0.0,0.0,1.0,0.0,0.0,0.0,-0.001,0.0,-0.6000000000000001,0.0,-10.7,-12.7,0.0158,16.0,25903.0
2026-07-30T18:58:05.519Z,55.002,55.014,-7.5,7.4,0.0,0.0,0.0,0.0,0.0,1.0,1.0,0.0,1.0,0.0,0.0,0.0,8.0,6.0,0.0,0.0,0.0,0.0,0.0,0.0,0.0,0.0,6.0,12.0,1.0,12.05,5.01,2.51,1.49,-2.3000000000000003,0.2,2.3000000000000003,301.1,-0.1,-12.0,1.7000000000000002,8.1,-82.60000000000001,0.0,0.0,219.8,0.0,22.1,33.0,33.0,36.3,300.0,300.0,29.9,36.1,34.0,33.6,35.9,4.95,2.0,4.96,0.16,0.0,0.0,1027.0,8228.0,0.0,0.0,0.0,0.0,0.0,1.0,0.0,0.0,0.0,-0.001,0.0,0.0,0.0,-10.5,-12.8,0.0155,16.0,25903.0
2026-07-30T18:58:05.530Z,55.013,55.026,-7.5,7.4,0.0,0.0,0.0,0.0,0.0,1.0,1.0,0.0,1.0,0.0,0.0,0.0,8.0,6.0,0.0,0.0,0.0,0.0,0.0,0.0,0.0,0.0,1.0,12.0,1.0,12.05,5.01,2.51,1.49,-2.2,0.2,2.3000000000000003,301.0,-0.1,-12.6,2.3000000000000003,9.3,-82.60000000000001,0.0,0.0,219.8,0.0,22.1,33.0,33.0,36.3,300.0,300.0,29.9,36.1,34.0,33.6,35.9,4.95,2.0,4.97,0.16,0.0,0.0,1027.0,8228.0,0.0,0.0,0.0,0.0,0.0,1.0,0.0,0.0,0.0,-0.001,0.0,0.2,0.0,-12.3,-12.7,0.015,16.0,25903.0
2026-07-30T18:58:05.543Z,55.026,55.038,-7.5,7.4,0.0,0.0,0.0,0.0,0.0,1.0,1.0,0.0,1.0,0.0,0.0,0.0,8.0,6.0,0.0,0.0,0.0,0.0,0.0,0.0,0.0,0.0,2.0,12.0,1.0,12.05,5.01,2.51,1.49,-2.2,0.2,2.3000000000000003,301.0,-0.1,-13.2,2.3000000000000003,9.3,-82.60000000000001,0.0,0.0,219.7,0.0,22.1,33.0,33.0,36.3,300.0,300.0,29.9,36.1,34.0,33.6,35.9,4.95,2.0,4.97,0.16,0.0,0.0,1027.0,8228.0,0.0,0.0,0.0,0.0,0.0,1.0,0.0,0.0,0.0,-0.001,0.0,0.2,0.0,-12.3,-12.7,0.015,16.0,25903.0
2026-07-30T18:58:05.555Z,55.038,55.05,-7.4,7.4,0.0,0.0,0.0,0.0,0.0,1.0,1.0,0.0,1.0,0.0,0.0,0.0,8.0,6.0,0.0,0.0,0.0,0.0,0.0,0.0,0.0,0.0,1.0,12.0,1.0,12.05,5.01,2.51,1.49,-2.2,0.3,2.2,301.1,-0.1,-11.4,2.3000000000000003,9.9,-82.60000000000001,0.0,0.0,219.8,0.0,22.1,33.0,33.0,36.3,300.0,300.0,29.9,36.1,34.0,33.6,35.9,4.96,2.0,4.97,0.16,0.0,0.0,1027.0,8228.0,0.0,0.0,0.0,0.0,0.0,1.0,0.0,0.0,0.0,-0.001,0.0,0.1,0.0,-12.9,-12.7,0.0148,16.0,25903.0
2026-07-30T18:58:05.567Z,55.05,55.062,-7.4,7.4,0.0,0.0,0.0,0.0,0.0,1.0,1.0,0.0,1.0,0.0,0.0,0.0,8.0,6.0,0.0,0.0,0.0,0.0,0.0,0.0,0.0,0.0,3.0,12.0,1.0,12.05,5.01,2.51,1.49,-2.2,0.3,2.2,301.1,-0.1,-12.6,1.1,11.6,-82.60000000000001,0.0,0.0,219.7,0.0,22.1,33.0,33.0,36.3,300.0,300.0,29.9,36.1,34.0,33.6,35.9,4.96,2.0,4.96,0.16,0.0,0.0,1027.0,8228.0,0.0,0.0,0.0,0.0,0.0,1.0,0.0,0.0,0.0,-0.001,0.0,-1.2000000000000002,0.0,-14.1,-12.8,0.0149,16.0,25903.0
2026-07-30T18:58:05.579Z,55.062,55.074,-7.5,7.4,0.0,0.0,0.0,0.0,0.0,1.0,1.0,0.0,1.0,0.0,0.0,0.0,8.0,6.0,0.0,0.0,0.0,0.0,0.0,0.0,0.0,0.0,4.0,12.0,1.0,12.05,5.01,2.51,1.49,-2.2,0.2,2.3000000000000003,301.1,-0.1,-11.4,2.3000000000000003,9.3,-82.60000000000001,0.0,0.0,219.6,0.0,22.1,33.0,33.0,36.3,300.0,300.0,29.9,36.1,34.0,33.6,35.9,4.96,2.0,4.97,0.16,0.0,0.0,1027.0,8228.0,0.0,0.0,0.0,0.0,0.0,1.0,0.0,0.0,0.0,-0.001,0.0,0.0,0.0,-13.6,-12.8,0.0155,16.0,25903.0
2026-07-30T18:58:05.591Z,55.074,55.086,-7.4,7.4,0.0,0.0,0.0,0.0,0.0,1.0,1.0,0.0,1.0,0.0,0.0,0.0,8.0,6.0,0.0,0.0,0.0,0.0,0.0,0.0,0.0,0.0,5.0,12.0,1.0,12.0,5.0200000000000005,2.5,1.49,-2.3000000000000003,0.3,2.3000000000000003,301.1,-0.1,-10.9,2.3000000000000003,9.3,-82.5,0.0,0.0,219.7,0.0,22.1,33.0,33.0,36.3,300.0,300.0,29.9,36.1,34.0,33.7,35.9,4.95,2.0,4.97,0.16,0.0,0.0,1027.0,8228.0,0.0,0.0,0.0,0.0,0.0,1.0,0.0,0.0,0.0,-0.001,0.0,0.1,0.0,-12.9,-12.7,0.0151,16.0,25903.0
2026-07-30T18:58:05.603Z,55.086,55.098,-7.4,7.4,0.0,0.0,0.0,0.0,0.0,1.0,1.0,0.0,1.0,0.0,0.0,0.0,8.0,6.0,0.0,0.0,0.0,0.0,0.0,0.0,0.0,0.0,6.0,12.0,1.0,12.0,5.0200000000000005,2.5,1.49,-2.2,0.3,2.3000000000000003,301.1,-0.1,-11.4,2.3000000000000003,9.9,-82.5,0.0,0.0,219.7,0.0,22.1,33.0,33.0,36.3,300.0,300.0,29.9,36.1,34.0,33.7,35.9,4.95,2.0,4.97,0.16,0.0,0.0,1027.0,8228.0,0.0,0.0,0.0,0.0,0.0,1.0,0.0,0.0,0.0,-0.001,0.0,0.1,0.0,-12.9,-12.8,0.0153,16.0,25903.0
2026-07-30T18:58:05.615Z,55.098,55.11,-7.4,7.4,0.0,0.0,0.0,0.0,0.0,1.0,1.0,0.0,1.0,0.0,0.0,0.0,8.0,6.0,0.0,0.0,0.0,0.0,0.0,0.0,0.0,0.0,2.0,12.0,1.0,12.0,5.0200000000000005,2.5,1.49,-2.2,0.2,2.2,301.0,-0.1,-12.0,1.1,9.9,-82.5,0.0,0.0,219.5,0.0,22.1,33.0,33.0,36.3,300.0,300.0,29.9,36.1,34.0,33.7,35.9,4.95,2.0,4.96,0.16,0.0,0.0,1027.0,8228.0,0.0,0.0,0.0,0.0,0.0,1.0,0.0,0.0,0.0,-0.001,0.0,0.4,0.0,-14.7,-12.8,0.0153,16.0,25903.0
2026-07-30T18:58:05.627Z,55.11,55.122,-7.5,7.4,0.0,0.0,0.0,0.0,0.0,1.0,1.0,0.0,1.0,0.0,0.0,0.0,8.0,6.0,0.0,0.0,0.0,0.0,0.0,0.0,0.0,0.0,3.0,12.0,1.0,12.0,5.0200000000000005,2.5,1.49,-2.2,0.2,2.2,301.1,-0.1,-11.4,2.9000000000000004,9.3,-82.5,0.0,0.0,219.7,0.0,22.1,33.0,33.0,36.3,300.0,300.0,29.9,36.1,34.0,33.7,35.9,4.95,2.0,4.97,0.16,0.0,0.0,1027.0,8228.0,0.0,0.0,0.0,0.0,0.0,1.0,0.0,0.0,0.0,-0.001,0.0,0.7000000000000001,0.0,-12.7,-12.8,0.0149,16.0,25903.0
2026-07-30T18:58:05.638Z,55.121,55.134,-7.5,7.4,0.0,0.0,0.0,0.0,0.0,1.0,1.0,0.0,1.0,0.0,0.0,0.0,8.0,6.0,0.0,0.0,0.0,0.0,0.0,0.0,0.0,0.0,3.0,12.0,1.0,12.0,5.0200000000000005,2.5,1.49,-2.1,0.2,2.2,301.1,-0.1,-11.4,2.9000000000000004,11.6,-82.4,0.0,0.0,219.7,0.0,22.1,33.0,33.0,36.3,300.0,300.0,29.9,36.1,34.0,33.7,35.9,4.96,2.0,4.97,0.16,0.0,0.0,1027.0,8228.0,0.0,0.0,0.0,0.0,0.0,1.0,0.0,0.0,0.0,-0.001,0.0,0.3,0.0,-15.4,-12.7,0.0151,16.0,25903.0
2026-07-30T18:58:05.651Z,55.134,55.146,-7.4,7.4,0.0,0.0,0.0,0.0,0.0,1.0,1.0,0.0,1.0,0.0,0.0,0.0,8.0,6.0,0.0,0.0,0.0,0.0,0.0,0.0,0.0,0.0,4.0,12.0,1.0,12.0,5.0200000000000005,2.5,1.49,-2.3000000000000003,0.2,2.3000000000000003,301.0,-0.1,-12.6,2.3000000000000003,9.3,-82.4,0.0,0.0,219.7,0.0,22.1,33.0,33.0,36.3,300.0,300.0,29.9,36.1,34.0,33.7,35.9,4.96,2.0,4.96,0.16,0.0,0.0,1027.0,8228.0,0.0,0.0,0.0,0.0,0.0,1.0,0.0,0.0,0.0,-0.001,0.0,0.2,0.0,-12.3,-12.7,0.0146,16.0,25903.0
2026-07-30T18:58:05.663Z,55.146,55.158,-7.4,7.4,0.0,0.0,0.0,0.0,0.0,1.0,1.0,0.0,1.0,0.0,0.0,0.0,8.0,6.0,0.0,0.0,0.0,0.0,0.0,0.0,0.0,0.0,5.0,12.0,1.0,12.0,5.0200000000000005,2.5,1.49,-2.3000000000000003,0.3,2.4000000000000004,301.0,-0.1,-12.0,0.5,8.700000000000001,-82.5,0.0,0.0,219.7,0.0,22.1,33.0,33.0,36.3,300.0,300.0,29.9,36.1,34.0,33.7,35.9,4.95,2.0,4.96,0.16,0.0,0.0,1027.0,8228.0,0.0,0.0,0.0,0.0,0.0,1.0,0.0,0.0,0.0,-0.001,0.0,-1.1,0.0,-10.3,-12.9,0.0155,16.0,25903.0
2026-07-30T18:58:05.674Z,55.157,55.17,-7.5,7.4,0.0,0.0,0.0,0.0,0.0,1.0,1.0,0.0,1.0,0.0,0.0,0.0,8.0,6.0,0.0,0.0,0.0,0.0,0.0,0.0,0.0,0.0,6.0,12.0,1.0,12.0,5.0200000000000005,2.5,1.49,-2.2,0.3,2.3000000000000003,301.1,-0.1,-12.0,1.7000000000000002,9.9,-82.5,0.0,0.0,219.7,0.0,22.1,33.0,33.0,36.3,300.0,300.0,29.9,36.1,34.0,33.7,35.9,4.95,2.0,4.96,0.16,0.0,0.0,1027.0,8228.0,0.0,0.0,0.0,0.0,0.0,1.0,0.0,0.0,0.0,-0.001,0.0,-0.3,0.0,-12.5,-12.9,0.016,16.0,25903.0
2026-07-30T18:58:05.688Z,55.171,55.182,-7.4,7.4,0.0,0.0,0.0,0.0,0.0,1.0,1.0,0.0,1.0,0.0,0.0,0.0,8.0,6.0,0.0,0.0,0.0,0.0,0.0,0.0,0.0,0.0,1.0,12.0,1.0,12.05,5.0200000000000005,2.51,1.49,-2.3000000000000003,0.2,2.3000000000000003,301.0,-0.1,-12.6,2.3000000000000003,8.700000000000001,-82.4,0.0,0.0,219.7,0.0,22.1,33.0,33.0,36.3,300.0,300.0,29.9,36.2,34.0,33.7,35.9,4.96,2.0,4.96,0.16,0.0,0.0,1027.0,8228.0,0.0,0.0,0.0,0.0,0.0,1.0,0.0,0.0,0.0,-0.001,0.0,0.3,0.0,-11.6,-12.7,0.0154,16.0,25903.0
2026-07-30T18:58:05.699Z,55.182,55.194,-7.4,7.4,0.0,0.0,0.0,0.0,0.0,1.0,1.0,0.0,1.0,0.0,0.0,0.0,8.0,6.0,0.0,0.0,0.0,0.0,0.0,0.0,0.0,0.0,2.0,12.0,1.0,12.05,5.0200000000000005,2.51,1.49,-2.3000000000000003,0.3,2.3000000000000003,301.0,-0.1,-12.0,1.7000000000000002,9.9,-82.4,0.0,0.0,219.6,0.0,22.1,33.0,33.0,36.3,300.0,300.0,29.9,36.2,34.0,33.7,35.9,4.95,2.0,4.97,0.16,0.0,0.0,1027.0,8228.0,0.0,0.0,0.0,0.0,0.0,1.0,0.0,0.0,0.0,-0.001,0.0,-0.3,0.0,-12.5,-12.8,0.0156,16.0,25903.0
2026-07-30T18:58:05.710Z,55.193,55.206,-7.4,7.4,0.0,0.0,0.0,0.0,0.0,1.0,1.0,0.0,1.0,0.0,0.0,0.0,8.0,6.0,0.0,0.0,0.0,0.0,0.0,0.0,0.0,0.0,4.0,12.0,1.0,12.05,5.0200000000000005,2.51,1.49,-2.3000000000000003,0.3,2.3000000000000003,301.1,-0.1,-13.2,0.5,8.700000000000001,-82.4,0.0,0.0,219.6,0.0,22.1,33.0,33.0,36.3,300.0,300.0,29.9,36.2,34.0,33.7,35.9,4.95,2.0,4.97,0.16,0.0,0.0,1027.0,8228.0,0.0,0.0,0.0,0.0,0.0,1.0,0.0,0.0,0.0,-0.001,0.0,-1.1,0.0,-10.3,-12.8,0.0155,16.0,25903.0
2026-07-30T18:58:05.723Z,55.206,55.218,-7.5,7.4,0.0,0.0,0.0,0.0,0.0,1.0,1.0,0.0,1.0,0.0,0.0,0.0,8.0,6.0,0.0,0.0,0.0,0.0,0.0,0.0,0.0,0.0,5.0,12.0,1.0,12.05,5.0200000000000005,2.51,1.49,-2.3000000000000003,0.3,2.3000000000000003,301.0,-0.1,-12.6,1.7000000000000002,8.1,-82.4,0.0,0.0,219.6,0.0,22.1,33.0,33.0,36.3,300.0,300.0,29.9,36.2,34.0,33.7,35.9,4.95,2.0,4.96,0.16,0.0,0.0,1027.0,8228.0,0.0,0.0,0.0,0.0,0.0,1.0,0.0,0.0,0.0,-0.001,0.0,0.0,0.0,-10.5,-12.8,0.0159,16.0,25903.0
2026-07-30T18:58:05.735Z,55.218,55.23,-7.5,7.4,0.0,0.0,0.0,0.0,0.0,1.0,1.0,0.0,1.0,0.0,0.0,0.0,8.0,6.0,0.0,0.0,0.0,0.0,0.0,0.0,0.0,0.0,1.0,12.0,1.0,12.05,5.0200000000000005,2.51,1.49,-2.3000000000000003,0.3,2.3000000000000003,301.1,-0.1,-13.2,1.1,9.9,-82.4,0.0,0.0,219.7,0.0,22.1,33.0,33.0,36.3,300.0,300.0,29.9,36.2,34.0,33.7,35.9,4.96,2.0,4.96,0.16,0.0,0.0,1027.0,8228.0,0.0,0.0,0.0,0.0,0.0,1.0,0.0,0.0,0.0,-0.001,0.0,-0.8,0.0,-12.1,-12.7,0.0157,16.0,25903.0
2026-07-30T18:58:05.747Z,55.23,55.242,-7.4,7.4,0.0,0.0,0.0,0.0,0.0,1.0,1.0,0.0,1.0,0.0,0.0,0.0,8.0,6.0,0.0,0.0,0.0,0.0,0.0,0.0,0.0,0.0,2.0,12.0,1.0,12.05,5.0200000000000005,2.51,1.49,-2.3000000000000003,0.3,2.4000000000000004,301.1,-0.1,-11.4,1.1,8.1,-82.4,0.0,0.0,219.7,0.0,22.1,33.0,33.0,36.3,300.0,300.0,29.9,36.2,34.0,33.7,35.9,4.95,2.0,4.96,0.16,0.0,0.0,1027.0,8228.0,0.0,0.0,0.0,0.0,0.0,1.0,0.0,0.0,0.0,-0.001,0.0,-0.5,0.0,-10.1,-12.7,0.0154,16.0,25903.0
2026-07-30T18:58:05.759Z,55.242,55.254,-7.5,7.4,0.0,0.0,0.0,0.0,0.0,1.0,1.0,0.0,1.0,0.0,0.0,0.0,8.0,6.0,0.0,0.0,0.0,0.0,0.0,0.0,0.0,0.0,4.0,12.0,1.0,12.05,5.0200000000000005,2.51,1.49,-2.2,0.3,2.2,301.0,-0.1,-12.0,1.7000000000000002,11.0,-82.4,0.0,0.0,219.7,0.0,22.1,33.0,33.0,36.3,300.0,300.0,29.9,36.2,34.0,33.7,35.9,4.96,2.0,4.96,0.16,0.0,0.0,1027.0,8228.0,0.0,0.0,0.0,0.0,0.0,1.0,0.0,0.0,0.0,-0.001,0.0,-0.5,0.0,-13.9,-12.8,0.016,16.0,25903.0
2026-07-30T18:58:05.770Z,55.253,55.266,-7.5,7.4,0.0,0.0,0.0,0.0,0.0,1.0,1.0,0.0,1.0,0.0,0.0,0.0,8.0,6.0,0.0,0.0,0.0,0.0,0.0,0.0,0.0,0.0,5.0,12.0,1.0,12.05,5.0200000000000005,2.51,1.49,-2.2,0.2,2.3000000000000003,301.1,-0.1,-12.0,2.9000000000000004,8.700000000000001,-82.4,0.0,0.0,219.7,0.0,22.1,33.0,33.0,36.3,300.0,300.0,29.9,36.2,34.0,33.7,35.9,4.96,2.0,4.96,0.16,0.0,0.0,1027.0,8228.0,0.0,0.0,0.0,0.0,0.0,1.0,0.0,0.0,0.0,-0.001,0.0,0.9,0.0,-12.0,-12.8,0.0151,16.0,25903.0
2026-07-30T18:58:05.783Z,55.266,55.278,-7.5,7.4,0.0,0.0,0.0,0.0,0.0,1.0,1.0,0.0,1.0,0.0,0.0,0.0,8.0,6.0,0.0,0.0,0.0,0.0,0.0,0.0,0.0,0.0,6.0,12.0,1.0,12.05,5.0200000000000005,2.51,1.49,-2.2,0.3,2.2,301.1,-0.1,-10.9,2.3000000000000003,9.9,-82.4,0.0,0.0,219.7,0.0,22.1,33.0,33.0,36.3,300.0,300.0,29.9,36.2,34.0,33.7,35.9,4.96,2.0,4.96,0.16,0.0,0.0,1027.0,8228.0,0.0,0.0,0.0,0.0,0.0,1.0,0.0,0.0,0.0,-0.001,0.0,0.1,0.0,-12.9,-12.7,0.0153,16.0,25903.0
2026-07-30T18:58:05.795Z,55.278,55.29,-7.4,7.4,0.0,0.0,0.0,0.0,0.0,1.0,1.0,0.0,1.0,0.0,0.0,0.0,8.0,6.0,0.0,0.0,0.0,0.0,0.0,0.0,0.0,0.0,1.0,12.0,1.0,12.06,5.01,2.51,1.49,-2.2,0.3,2.2,301.0,-0.1,-12.0,2.3000000000000003,11.6,-82.4,0.0,0.0,219.7,0.0,22.1,33.0,33.0,36.3,300.0,300.0,29.8,36.3,34.0,33.7,35.9,4.96,2.0,4.96,0.16,0.0,0.0,1027.0,8228.0,0.0,0.0,0.0,0.0,0.0,1.0,0.0,0.0,0.0,-0.001,0.0,-0.1,0.0,-14.9,-12.7,0.0152,16.0,25903.0
2026-07-30T18:58:05.807Z,55.29,55.302,-7.4,7.4,0.0,0.0,0.0,0.0,0.0,1.0,1.0,0.0,1.0,0.0,0.0,0.0,8.0,6.0,0.0,0.0,0.0,0.0,0.0,0.0,0.0,0.0,2.0,12.0,1.0,12.06,5.01,2.51,1.49,-2.2,0.2,2.3000000000000003,301.1,-0.1,-10.9,3.5,9.3,-82.4,0.0,0.0,219.6,0.0,22.1,33.0,33.0,36.3,300.0,300.0,29.8,36.3,34.0,33.7,35.9,4.96,2.0,4.96,0.16,0.0,0.0,1027.0,8228.0,0.0,0.0,0.0,0.0,0.0,1.0,0.0,0.0,0.0,-0.001,0.0,1.3,0.0,-13.1,-12.9,0.0149,16.0,25903.0
2026-07-30T18:58:05.818Z,55.301,55.314,-7.5,7.4,0.0,0.0,0.0,0.0,0.0,1.0,1.0,0.0,1.0,0.0,0.0,0.0,8.0,6.0,0.0,0.0,0.0,0.0,0.0,0.0,0.0,0.0,4.0,12.0,1.0,12.06,5.01,2.51,1.49,-2.2,0.2,2.2,301.0,-0.1,-10.9,4.0,10.4,-82.30000000000001,0.0,0.0,219.5,0.0,22.1,33.0,33.0,36.3,300.0,300.0,29.8,36.3,34.0,33.7,35.9,4.96,2.0,4.97,0.16,0.0,0.0,1027.0,8228.0,0.0,0.0,0.0,0.0,0.0,1.0,0.0,0.0,0.0,-0.001,0.0,1.6,0.0,-14.9,-12.8,0.0153,16.0,25903.0
2026-07-30T18:58:05.831Z,55.314,55.326,-7.4,7.4,0.0,0.0,0.0,0.0,0.0,1.0,1.0,0.0,1.0,0.0,0.0,0.0,8.0,6.0,0.0,0.0,0.0,0.0,0.0,0.0,0.0,0.0,5.0,12.0,1.0,12.06,5.01,2.51,1.49,-2.2,0.2,2.2,301.1,-0.1,-10.9,3.5,11.0,-82.30000000000001,0.0,0.0,219.5,0.0,22.1,33.0,33.0,36.3,300.0,300.0,29.8,36.3,34.0,33.7,35.9,4.95,2.0,4.97,0.16,0.0,0.0,1027.0,8228.0,0.0,0.0,0.0,0.0,0.0,1.0,0.0,0.0,0.0,-0.001,0.0,1.0,0.0,-15.1,-12.7,0.0148,16.0,25903.0
2026-07-30T18:58:05.850Z,55.333,55.338,-7.4,7.4,0.0,0.0,0.0,0.0,0.0,1.0,1.0,0.0,1.0,0.0,0.0,0.0,8.0,6.0,0.0,0.0,0.0,0.0,0.0,0.0,0.0,0.0,6.0,12.0,1.0,12.06,5.01,2.51,1.49,-2.2,0.2,2.2,301.1,-0.1,-11.4,3.5,9.9,-82.30000000000001,0.0,0.0,219.5,0.0,22.1,33.0,33.0,36.3,300.0,300.0,29.8,36.3,34.0,33.7,35.9,4.95,2.0,4.96,0.16,0.0,0.0,1027.0,8228.0,0.0,0.0,0.0,0.0,0.0,1.0,0.0,0.0,0.0,-0.001,0.0,1.2000000000000002,0.0,-13.8,-12.8,0.0149,16.0,25903.0
2026-07-30T18:58:05.855Z,55.338,55.35,-7.4,7.4,0.0,0.0,0.0,0.0,0.0,1.0,1.0,0.0,1.0,0.0,0.0,0.0,8.0,6.0,0.0,0.0,0.0,0.0,0.0,0.0,0.0,0.0,4.0,12.0,1.0,12.06,5.01,2.51,1.49,-2.2,0.3,2.2,300.90000000000003,-0.1,-12.0,1.7000000000000002,11.6,-82.30000000000001,0.0,0.0,219.7,0.0,22.1,33.0,33.0,36.3,300.0,300.0,29.8,36.3,34.0,33.7,35.9,4.95,2.0,4.96,0.16,0.0,0.0,1027.0,8228.0,0.0,0.0,0.0,0.0,0.0,1.0,0.0,0.0,0.0,-0.001,0.0,-0.7000000000000001,0.0,-14.5,-12.8,0.0152,16.0,25903.0
2026-07-30T18:58:05.866Z,55.349,55.362,-7.5,7.4,0.0,0.0,0.0,0.0,0.0,1.0,1.0,0.0,1.0,0.0,0.0,0.0,8.0,6.0,0.0,0.0,0.0,0.0,0.0,0.0,0.0,0.0,5.0,12.0,1.0,12.06,5.01,2.51,1.49,-2.2,0.2,2.2,301.1,-0.1,-11.4,3.5,11.0,-82.4,0.0,0.0,219.7,0.0,22.1,33.0,33.0,36.3,300.0,300.0,29.8,36.3,34.0,33.7,35.9,4.95,2.0,4.97,0.16,0.0,0.0,1027.0,8228.0,0.0,0.0,0.0,0.0,0.0,1.0,0.0,0.0,0.0,-0.001,0.0,0.9,0.0,-15.1,-12.8,0.015,16.0,25903.0
2026-07-30T18:58:05.879Z,55.362,55.374,-7.4,7.4,0.0,0.0,0.0,0.0,0.0,1.0,1.0,0.0,1.0,0.0,0.0,0.0,8.0,6.0,0.0,0.0,0.0,0.0,0.0,0.0,0.0,0.0,6.0,12.0,1.0,12.06,5.01,2.51,1.49,-2.2,0.3,2.3000000000000003,301.0,-0.1,-12.0,2.3000000000000003,10.4,-82.4,0.0,0.0,219.7,0.0,22.1,33.0,33.0,36.3,300.0,300.0,29.8,36.3,34.0,33.7,35.9,4.95,2.0,4.97,0.16,0.0,0.0,1027.0,8228.0,0.0,0.0,0.0,0.0,0.0,1.0,0.0,0.0,0.0,-0.001,0.0,0.0,0.0,-13.6,-12.8,0.0148,16.0,25903.0
2026-07-30T18:58:05.892Z,55.375,55.386,-7.4,7.4,0.0,0.0,0.0,0.0,0.0,1.0,1.0,0.0,1.0,0.0,0.0,0.0,8.0,6.0,0.0,0.0,0.0,0.0,0.0,0.0,0.0,0.0,1.0,12.0,1.0,12.08,5.0200000000000005,2.5,1.49,-2.3000000000000003,0.2,2.3000000000000003,301.0,-0.1,-11.4,2.3000000000000003,8.700000000000001,-82.4,0.0,0.0,219.7,0.0,21.9,33.0,33.0,36.3,300.0,300.0,29.8,36.3,34.0,33.7,35.9,4.96,2.0,4.96,0.16,0.0,0.0,1027.0,8228.0,0.0,0.0,0.0,0.0,0.0,1.0,0.0,0.0,0.0,-0.001,0.0,0.3,0.0,-11.6,-12.8,0.0153,16.0,25903.0
2026-07-30T18:58:05.903Z,55.386,55.398,-7.4,7.4,0.0,0.0,0.0,0.0,0.0,1.0,1.0,0.0,1.0,0.0,0.0,0.0,8.0,6.0,0.0,0.0,0.0,0.0,0.0,0.0,0.0,0.0,3.0,12.0,1.0,12.08,5.0200000000000005,2.5,1.49,-2.3000000000000003,0.3,2.3000000000000003,301.0,-0.1,-12.0,1.7000000000000002,9.9,-82.4,0.0,0.0,219.6,0.0,21.9,33.0,33.0,36.3,300.0,300.0,29.8,36.3,34.0,33.7,35.9,4.95,2.0,4.97,0.16,0.0,0.0,1027.0,8228.0,0.0,0.0,0.0,0.0,0.0,1.0,0.0,0.0,0.0,-0.001,0.0,-0.3,0.0,-12.5,-12.9,0.0158,16.0,25903.0
2026-07-30T18:58:05.915Z,55.398,55.41,-7.5,7.4,0.0,0.0,0.0,0.0,0.0,1.0,1.0,0.0,1.0,0.0,0.0,0.0,8.0,6.0,0.0,0.0,0.0,0.0,0.0,0.0,0.0,0.0,3.0,12.0,1.0,12.08,5.0200000000000005,2.5,1.49,-2.2,0.2,2.2,301.1,-0.1,-11.4,3.5,9.9,-82.4,0.0,0.0,219.6,0.0,21.9,33.0,33.0,36.3,300.0,300.0,29.8,36.3,34.0,33.7,35.9,4.95,2.0,4.96,0.16,0.0,0.0,1027.0,8228.0,0.0,0.0,0.0,0.0,0.0,1.0,0.0,0.0,0.0,-0.001,0.0,1.2000000000000002,0.0,-13.8,-12.8,0.0156,16.0,25903.0
2026-07-30T18:58:05.927Z,55.41,55.422,-7.5,7.4,0.0,0.0,0.0,0.0,0.0,1.0,1.0,0.0,1.0,0.0,0.0,0.0,8.0,6.0,0.0,0.0,0.0,0.0,0.0,0.0,0.0,0.0,4.0,12.0,1.0,12.08,5.0200000000000005,2.5,1.49,-2.2,0.3,2.2,300.90000000000003,-0.1,-10.9,1.7000000000000002,11.0,-82.4,0.0,0.0,219.7,0.0,21.9,33.0,33.0,36.3,300.0,300.0,29.8,36.3,34.0,33.7,35.9,4.96,2.0,4.96,0.16,0.0,0.0,1027.0,8228.0,0.0,0.0,0.0,0.0,0.0,1.0,0.0,0.0,0.0,-0.001,0.0,-0.5,0.0,-13.9,-12.7,0.0151,16.0,25903.0
2026-07-30T18:58:05.939Z,55.422,55.434000000000005,-7.4,7.4,0.0,0.0,0.0,0.0,0.0,1.0,1.0,0.0,1.0,0.0,0.0,0.0,8.0,6.0,0.0,0.0,0.0,0.0,0.0,0.0,0.0,0.0,5.0,12.0,1.0,12.08,5.0200000000000005,2.5,1.49,-2.2,0.3,2.3000000000000003,301.0,-0.1,-12.0,2.3000000000000003,10.4,-82.4,0.0,0.0,219.7,0.0,21.9,33.0,33.0,36.3,300.0,300.0,29.8,36.3,34.0,33.7,35.9,4.95,2.0,4.96,0.16,0.0,0.0,1027.0,8228.0,0.0,0.0,0.0,0.0,0.0,1.0,0.0,0.0,0.0,-0.001,0.0,0.0,0.0,-13.6,-12.7,0.0151,16.0,25903.0
2026-07-30T18:58:05.951Z,55.434,55.446,-7.5,7.4,0.0,0.0,0.0,0.0,0.0,1.0,1.0,0.0,1.0,0.0,0.0,0.0,8.0,6.0,0.0,0.0,0.0,0.0,0.0,0.0,0.0,0.0,6.0,12.0,1.0,12.08,5.0200000000000005,2.5,1.49,-2.3000000000000003,0.3,2.3000000000000003,301.2,-0.1,-12.0,1.1,9.3,-82.4,0.0,0.0,219.7,0.0,21.9,33.0,33.0,36.3,300.0,300.0,29.8,36.3,34.0,33.7,35.9,4.96,2.0,4.96,0.16,0.0,0.0,1027.0,8228.0,0.0,0.0,0.0,0.0,0.0,1.0,0.0,0.0,0.0,-0.001,0.0,-0.7000000000000001,0.0,-11.4,-12.8,0.0153,16.0,25903.0
2026-07-30T18:58:05.962Z,55.445,55.458,-7.5,7.4,0.0,0.0,0.0,0.0,0.0,1.0,1.0,0.0,1.0,0.0,0.0,0.0,8.0,6.0,0.0,0.0,0.0,0.0,0.0,0.0,0.0,0.0,1.0,12.0,1.0,12.08,5.0200000000000005,2.5,1.49,-2.2,0.3,2.2,300.90000000000003,-0.1,-12.0,1.7000000000000002,10.4,-82.4,0.0,0.0,219.7,0.0,21.9,33.0,33.0,36.3,300.0,300.0,29.8,36.3,34.0,33.7,35.9,4.96,2.0,4.96,0.16,0.0,0.0,1027.0,8228.0,0.0,0.0,0.0,0.0,0.0,1.0,0.0,0.0,0.0,-0.001,0.0,-0.4,0.0,-13.2,-12.7,0.0157,16.0,25903.0
2026-07-30T18:58:05.974Z,55.457,55.47,-7.5,7.4,0.0,0.0,0.0,0.0,0.0,1.0,1.0,0.0,1.0,0.0,0.0,0.0,8.0,6.0,0.0,0.0,0.0,0.0,0.0,0.0,0.0,0.0,2.0,12.0,1.0,12.08,5.0200000000000005,2.5,1.49,-2.3000000000000003,0.3,2.3000000000000003,301.0,-0.1,-13.2,1.1,9.9,-82.4,0.0,0.0,219.7,0.0,21.9,33.0,33.0,36.3,300.0,300.0,29.8,36.3,34.0,33.7,35.9,4.96,2.0,4.96,0.16,0.0,0.0,1027.0,8228.0,0.0,0.0,0.0,0.0,0.0,1.0,0.0,0.0,0.0,-0.001,0.0,-0.9,0.0,-12.1,-12.7,0.0152,16.0,25903.0
2026-07-30T18:58:05.987Z,55.47,55.482,-7.4,7.4,0.0,0.0,0.0,0.0,0.0,1.0,1.0,0.0,1.0,0.0,0.0,0.0,8.0,6.0,0.0,0.0,0.0,0.0,0.0,0.0,0.0,0.0,3.0,12.0,1.0,12.08,5.0200000000000005,2.5,1.49,-2.3000000000000003,0.3,2.3000000000000003,301.1,-0.1,-12.0,1.1,8.1,-82.4,0.0,0.0,219.7,0.0,21.9,33.0,33.0,36.3,300.0,300.0,29.8,36.3,34.0,33.7,35.9,4.95,2.0,4.96,0.16,0.0,0.0,1027.0,8228.0,0.0,0.0,0.0,0.0,0.0,1.0,0.0,0.0,0.0,-0.001,0.0,-0.5,0.0,-10.1,-12.7,0.0155,16.0,25903.0
2026-07-30T18:58:05.999Z,55.482,55.494,-7.4,7.4,0.0,0.0,0.0,0.0,0.0,1.0,1.0,0.0,1.0,0.0,0.0,0.0,8.0,6.0,0.0,0.0,0.0,0.0,0.0,0.0,0.0,0.0,4.0,12.0,1.0,12.05,5.01,2.5,1.49,-2.3000000000000003,0.3,2.3000000000000003,301.1,-0.1,-13.2,1.7000000000000002,9.3,-82.4,0.0,0.0,219.7,0.0,22.3,33.1,33.0,36.4,300.0,300.0,29.8,36.1,34.0,33.800000000000004,35.800000000000004,4.95,2.0,4.96,0.16,0.0,0.0,1027.0,8228.0,0.0,0.0,0.0,0.0,0.0,1.0,0.0,0.0,0.0,-0.001,0.0,-0.2,0.0,-11.8,-12.8,0.0159,16.0,25903.0
2026-07-30T18:58:06.011Z,55.494,55.506,-7.5,7.4,0.0,0.0,0.0,0.0,0.0,1.0,1.0,0.0,1.0,0.0,0.0,0.0,8.0,6.0,0.0,0.0,0.0,0.0,0.0,0.0,0.0,0.0,5.0,12.0,1.0,12.05,5.01,2.5,1.49,-2.3000000000000003,0.3,2.3000000000000003,301.1,-0.1,-12.6,1.1,8.1,-82.4,0.0,0.0,219.7,0.0,22.3,33.1,33.0,36.4,300.0,300.0,29.8,36.1,34.0,33.800000000000004,35.800000000000004,4.95,2.0,4.97,0.16,0.0,0.0,1027.0,8228.0,0.0,0.0,0.0,0.0,0.0,1.0,0.0,0.0,0.0,-0.001,0.0,-0.5,0.0,-10.1,-12.8,0.0156,16.0,25903.0
2026-07-30T18:58:06.022Z,55.505,55.518,-7.4,7.4,0.0,0.0,0.0,0.0,0.0,1.0,1.0,0.0,1.0,0.0,0.0,0.0,8.0,6.0,0.0,0.0,0.0,0.0,0.0,0.0,0.0,0.0,6.0,12.0,1.0,12.05,5.01,2.5,1.49,-2.3000000000000003,0.3,2.3000000000000003,301.1,-0.1,-13.2,0.5,8.700000000000001,-82.4,0.0,0.0,219.7,0.0,22.3,33.1,33.0,36.4,300.0,300.0,29.8,36.1,34.0,33.800000000000004,35.800000000000004,4.95,2.0,4.97,0.16,0.0,0.0,1027.0,8228.0,0.0,0.0,0.0,0.0,0.0,1.0,0.0,0.0,0.0,-0.001,0.0,-1.1,0.0,-10.3,-12.7,0.0156,16.0,25903.0
2026-07-30T18:58:06.035Z,55.518,55.53,-7.4,7.4,0.0,0.0,0.0,0.0,0.0,1.0,1.0,0.0,1.0,0.0,0.0,0.0,8.0,6.0,0.0,0.0,0.0,0.0,0.0,0.0,0.0,0.0,1.0,12.0,1.0,12.05,5.01,2.5,1.49,-2.3000000000000003,0.3,2.4000000000000004,301.0,-0.1,-13.2,1.1,8.1,-82.4,0.0,0.0,219.7,0.0,22.3,33.1,33.0,36.4,300.0,300.0,29.8,36.1,34.0,33.800000000000004,35.800000000000004,4.95,2.0,4.97,0.16,0.0,0.0,1027.0,8228.0,0.0,0.0,0.0,0.0,0.0,1.0,0.0,0.0,0.0,-0.001,0.0,-0.5,0.0,-10.1,-12.8,0.0149,16.0,25903.0
2026-07-30T18:58:06.047Z,55.53,55.542,-7.4,7.4,0.0,0.0,0.0,0.0,0.0,1.0,1.0,0.0,1.0,0.0,0.0,0.0,8.0,6.0,0.0,0.0,0.0,0.0,0.0,0.0,0.0,0.0,3.0,12.0,1.0,12.05,5.01,2.5,1.49,-2.3000000000000003,0.2,2.3000000000000003,301.1,-0.1,-12.0,1.7000000000000002,8.1,-82.5,0.0,0.0,219.7,0.0,22.3,33.1,33.0,36.4,300.0,300.0,29.8,36.1,34.0,33.800000000000004,35.800000000000004,4.96,2.0,4.96,0.16,0.0,0.0,1027.0,8228.0,0.0,0.0,0.0,0.0,0.0,1.0,0.0,0.0,0.0,-0.001,0.0,0.0,0.0,-10.5,-12.8,0.0152,16.0,25903.0
2026-07-30T18:58:06.059Z,55.542,55.554,-7.5,7.4,0.0,0.0,0.0,0.0,0.0,1.0,1.0,0.0,1.0,0.0,0.0,0.0,8.0,6.0,0.0,0.0,0.0,0.0,0.0,0.0,0.0,0.0,4.0,12.0,1.0,12.05,5.01,2.5,1.49,-2.2,0.2,2.2,300.90000000000003,-0.1,-11.4,2.9000000000000004,10.4,-82.5,0.0,0.0,219.7,0.0,22.3,33.1,33.0,36.4,300.0,300.0,29.8,36.1,34.0,33.800000000000004,35.800000000000004,4.96,2.0,4.96,0.16,0.0,0.0,1027.0,8228.0,0.0,0.0,0.0,0.0,0.0,1.0,0.0,0.0,0.0,-0.001,0.0,0.5,0.0,-14.0,-12.8,0.016,16.0,25903.0
2026-07-30T18:58:06.071Z,55.554,55.566,-7.5,7.4,0.0,0.0,0.0,0.0,0.0,1.0,1.0,0.0,1.0,0.0,0.0,0.0,8.0,6.0,0.0,0.0,0.0,0.0,0.0,0.0,0.0,0.0,5.0,12.0,1.0,12.05,5.01,2.5,1.49,-2.3000000000000003,0.2,2.3000000000000003,301.0,-0.1,-12.0,2.3000000000000003,9.3,-82.5,0.0,0.0,219.7,0.0,22.3,33.1,33.0,36.4,300.0,300.0,29.8,36.1,34.0,33.800000000000004,35.800000000000004,4.96,2.0,4.96,0.16,0.0,0.0,1027.0,8228.0,0.0,0.0,0.0,0.0,0.0,1.0,0.0,0.0,0.0,-0.001,0.0,0.2,0.0,-12.3,-12.8,0.0146,16.0,25903.0
2026-07-30T18:58:06.082Z,55.565,55.578,-7.4,7.4,0.0,0.0,0.0,0.0,0.0,1.0,1.0,0.0,1.0,0.0,0.0,0.0,8.0,6.0,0.0,0.0,0.0,0.0,0.0,0.0,0.0,0.0,6.0,12.0,1.0,12.05,5.01,2.5,1.49,-2.3000000000000003,0.3,2.3000000000000003,301.1,-0.1,-12.0,1.7000000000000002,8.700000000000001,-82.5,0.0,0.0,219.7,0.0,22.3,33.1,33.0,36.4,300.0,300.0,29.8,36.1,34.0,33.800000000000004,35.800000000000004,4.96,2.0,4.96,0.16,0.0,0.0,1027.0,8228.0,0.0,0.0,0.0,0.0,0.0,1.0,0.0,0.0,0.0,-0.001,0.0,-0.1,0.0,-11.2,-12.8,0.0147,16.0,25903.0
2026-07-30T18:58:06.096Z,55.579,55.59,-7.4,7.4,0.0,0.0,0.0,0.0,0.0,1.0,1.0,0.0,1.0,0.0,0.0,0.0,8.0,6.0,0.0,0.0,0.0,0.0,0.0,0.0,0.0,0.0,2.0,12.0,1.0,12.05,5.01,2.51,1.49,-2.2,0.2,2.2,301.0,-0.1,-10.9,2.9000000000000004,10.4,-82.5,0.0,0.0,219.7,0.0,22.200000000000003,33.1,33.1,36.4,300.0,300.0,29.8,36.1,34.0,33.800000000000004,35.9,4.95,2.0,4.96,0.16,0.0,0.0,1027.0,8228.0,0.0,0.0,0.0,0.0,0.0,1.0,0.0,0.0,0.0,-0.001,0.0,0.2,0.0,-12.3,-12.8,0.0154,16.0,25903.0
2026-07-30T18:58:06.107Z,55.59,55.602,-7.5,7.4,0.0,0.0,0.0,0.0,0.0,1.0,1.0,0.0,1.0,0.0,0.0,0.0,8.0,6.0,0.0,0.0,0.0,0.0,0.0,0.0,0.0,0.0,3.0,12.0,1.0,12.05,5.01,2.51,1.49,-2.2,0.2,2.2,301.1,-0.1,-10.3,2.9000000000000004,9.9,-82.5,0.0,0.0,219.6,0.0,22.200000000000003,33.1,33.1,36.4,300.0,300.0,29.8,36.1,34.0,33.800000000000004,35.9,4.95,2.0,4.97,0.16,0.0,0.0,1027.0,8228.0,0.0,0.0,0.0,0.0,0.0,1.0,0.0,0.0,0.0,-0.001,0.0,-0.1,0.0,-14.9,-12.8,0.0155,16.0,25903.0
2026-07-30T18:58:06.119Z,55.602,55.614,-7.5,7.4,0.0,0.0,0.0,0.0,0.0,1.0,1.0,0.0,1.0,0.0,0.0,0.0,8.0,6.0,0.0,0.0,0.0,0.0,0.0,0.0,0.0,0.0,4.0,12.0,1.0,12.05,5.01,2.51,1.49,-2.2,0.2,2.3000000000000003,301.1,-0.1,-11.4,2.9000000000000004,11.0,-82.5,0.0,0.0,219.7,0.0,22.200000000000003,33.1,33.1,36.4,300.0,300.0,29.8,36.1,34.0,33.800000000000004,35.9,4.95,2.0,4.97,0.16,0.0,0.0,1027.0,8228.0,0.0,0.0,0.0,0.0,0.0,1.0,0.0,0.0,0.0,-0.001,0.0,0.2,0.0,-12.3,-12.7,0.0148,16.0,25903.0
2026-07-30T18:58:06.131Z,55.614,55.626,-7.4,7.4,0.0,0.0,0.0,0.0,0.0,1.0,1.0,0.0,1.0,0.0,0.0,0.0,8.0,6.0,0.0,0.0,0.0,0.0,0.0,0.0,0.0,0.0,5.0,12.0,1.0,12.05,5.01,2.51,1.49,-2.2,0.2,2.2,301.1,-0.1,-11.4,2.9000000000000004,9.9,-82.5,0.0,0.0,219.7,0.0,22.200000000000003,33.1,33.1,36.4,300.0,300.0,29.8,36.1,34.0,33.800000000000004,35.9,4.96,2.0,4.96,0.16,0.0,0.0,1027.0,8228.0,0.0,0.0,0.0,0.0,0.0,1.0,0.0,0.0,0.0,-0.001,0.0,0.4,0.0,-14.7,-12.7,0.0154,16.0,25903.0
2026-07-30T18:58:06.143Z,55.626,55.638,-7.4,7.4,0.0,0.0,0.0,0.0,0.0,1.0,1.0,0.0,1.0,0.0,0.0,0.0,8.0,6.0,0.0,0.0,0.0,0.0,0.0,0.0,0.0,0.0,1.0,12.0,1.0,12.05,5.01,2.51,1.49,-2.3000000000000003,0.3,2.3000000000000003,301.1,-0.1,-12.0,0.5,9.9,-82.5,0.0,0.0,219.7,0.0,22.200000000000003,33.1,33.1,36.4,300.0,300.0,29.8,36.1,34.0,33.800000000000004,35.9,4.95,2.0,4.96,0.16,0.0,0.0,1027.0,8228.0,0.0,0.0,0.0,0.0,0.0,1.0,0.0,0.0,0.0,-0.001,0.0,-1.4,0.0,-11.7,-12.8,0.0149,16.0,25903.0
2026-07-30T18:58:06.158Z,55.641,55.65,-7.4,7.4,0.0,0.0,0.0,0.0,0.0,1.0,1.0,0.0,1.0,0.0,0.0,0.0,8.0,6.0,0.0,0.0,0.0,0.0,0.0,0.0,0.0,0.0,1.0,12.0,1.0,12.05,5.01,2.51,1.49,-2.3000000000000003,0.3,2.3000000000000003,301.0,-0.1,-13.2,1.7000000000000002,8.700000000000001,-82.5,0.0,0.0,219.6,0.0,22.200000000000003,33.1,33.1,36.4,300.0,300.0,29.8,36.1,34.0,33.800000000000004,35.9,4.95,2.0,4.96,0.16,0.0,0.0,1027.0,8228.0,0.0,0.0,0.0,0.0,0.0,1.0,0.0,0.0,0.0,-0.001,0.0,-0.1,0.0,-11.2,-12.8,0.0156,16.0,25903.0
2026-07-30T18:58:06.167Z,55.65,55.662,-7.4,7.4,0.0,0.0,0.0,0.0,0.0,1.0,1.0,0.0,1.0,0.0,0.0,0.0,8.0,6.0,0.0,0.0,0.0,0.0,0.0,0.0,0.0,0.0,6.0,12.0,1.0,12.05,5.01,2.51,1.49,-2.3000000000000003,0.2,2.3000000000000003,301.0,-0.1,-12.6,2.9000000000000004,8.700000000000001,-82.4,0.0,0.0,219.6,0.0,22.200000000000003,33.1,33.1,36.4,300.0,300.0,29.8,36.1,34.0,33.800000000000004,35.9,4.96,2.0,4.96,0.16,0.0,0.0,1027.0,8228.0,0.0,0.0,0.0,0.0,0.0,1.0,0.0,0.0,0.0,-0.001,0.0,0.9,0.0,-12.0,-12.8,0.0157,16.0,25903.0
2026-07-30T18:58:06.178Z,55.661,55.674,-7.5,7.4,0.0,0.0,0.0,0.0,0.0,1.0,1.0,0.0,1.0,0.0,0.0,0.0,8.0,6.0,0.0,0.0,0.0,0.0,0.0,0.0,0.0,0.0,2.0,12.0,1.0,12.05,5.01,2.51,1.49,-2.3000000000000003,0.3,2.3000000000000003,301.1,-0.1,-13.2,1.7000000000000002,8.700000000000001,-82.4,0.0,0.0,219.7,0.0,22.200000000000003,33.1,33.1,36.4,300.0,300.0,29.8,36.1,34.0,33.800000000000004,35.9,4.95,2.0,4.97,0.16,0.0,0.0,1027.0,8228.0,0.0,0.0,0.0,0.0,0.0,1.0,0.0,0.0,0.0,-0.001,0.0,-0.1,0.0,-11.2,-12.8,0.0155,16.0,25903.0
2026-07-30T18:58:06.191Z,55.674,55.686,-7.5,7.4,0.0,0.0,0.0,0.0,0.0,1.0,1.0,0.0,1.0,0.0,0.0,0.0,8.0,6.0,0.0,0.0,0.0,0.0,0.0,0.0,0.0,0.0,3.0,12.0,1.0,12.05,5.01,2.51,1.49,-2.3000000000000003,0.3,2.3000000000000003,301.1,-0.1,-12.6,1.7000000000000002,9.3,-82.4,0.0,0.0,219.7,0.0,22.200000000000003,33.1,33.1,36.4,300.0,300.0,29.8,36.1,34.0,33.800000000000004,35.9,4.95,2.0,4.96,0.16,0.0,0.0,1027.0,8228.0,0.0,0.0,0.0,0.0,0.0,1.0,0.0,0.0,0.0,-0.001,0.0,-0.2,0.0,-11.8,-12.7,0.0157,16.0,25903.0
2026-07-30T18:58:06.203Z,55.686,55.698,-7.5,7.4,0.0,0.0,0.0,0.0,0.0,1.0,1.0,0.0,1.0,0.0,0.0,0.0,8.0,6.0,0.0,0.0,0.0,0.0,0.0,0.0,0.0,0.0,5.0,12.0,1.0,12.06,5.01,2.5,1.5,-2.4000000000000004,0.3,2.4000000000000004,301.1,-0.1,-13.8,0.5,7.5,-82.4,0.0,0.0,219.6,0.0,22.200000000000003,33.1,33.1,36.4,300.0,300.0,29.700000000000003,36.2,34.0,33.800000000000004,35.9,4.95,2.0,4.96,0.16,0.0,0.0,1027.0,8228.0,0.0,0.0,0.0,0.0,0.0,1.0,0.0,0.0,0.0,-0.001,0.0,-0.9,0.0,-9.0,-12.7,0.0155,16.0,25903.0
2026-07-30T18:58:06.215Z,55.698,55.71,-7.5,7.4,0.0,0.0,0.0,0.0,0.0,1.0,1.0,0.0,1.0,0.0,0.0,0.0,8.0,6.0,0.0,0.0,0.0,0.0,0.0,0.0,0.0,0.0,1.0,12.0,1.0,12.06,5.01,2.5,1.5,-2.2,0.3,2.3000000000000003,301.0,-0.1,-11.4,1.7000000000000002,9.9,-82.4,0.0,0.0,219.7,0.0,22.200000000000003,33.1,33.1,36.4,300.0,300.0,29.700000000000003,36.2,34.0,33.800000000000004,35.9,4.96,2.0,4.96,0.15,0.0,0.0,1027.0,8228.0,0.0,0.0,0.0,0.0,0.0,1.0,0.0,0.0,0.0,-0.001,0.0,-0.3,0.0,-12.5,-12.7,0.0161,16.0,25903.0
2026-07-30T18:58:06.227Z,55.71,55.722,-7.4,7.4,0.0,0.0,0.0,0.0,0.0,1.0,1.0,0.0,1.0,0.0,0.0,0.0,8.0,6.0,0.0,0.0,0.0,0.0,0.0,0.0,0.0,0.0,3.0,12.0,1.0,12.06,5.01,2.5,1.5,-2.3000000000000003,0.3,2.3000000000000003,300.90000000000003,-0.1,-13.2,1.7000000000000002,9.9,-82.4,0.0,0.0,219.7,0.0,22.200000000000003,33.1,33.1,36.4,300.0,300.0,29.700000000000003,36.2,34.0,33.800000000000004,35.9,4.95,2.0,4.96,0.16,0.0,0.0,1027.0,8228.0,0.0,0.0,0.0,0.0,0.0,1.0,0.0,0.0,0.0,-0.001,0.0,-0.3,0.0,-12.5,-12.7,0.0153,16.0,25903.0
2026-07-30T18:58:06.238Z,55.721,55.734,-7.4,7.4,0.0,0.0,0.0,0.0,0.0,1.0,1.0,0.0,1.0,0.0,0.0,0.0,8.0,6.0,0.0,0.0,0.0,0.0,0.0,0.0,0.0,0.0,4.0,12.0,1.0,12.06,5.01,2.5,1.5,-2.3000000000000003,0.3,2.4000000000000004,301.0,-0.1,-12.0,1.1,8.1,-82.4,0.0,0.0,219.5,0.0,22.200000000000003,33.1,33.1,36.4,300.0,300.0,29.700000000000003,36.2,34.0,33.800000000000004,35.9,4.95,2.0,4.96,0.16,0.0,0.0,1027.0,8228.0,0.0,0.0,0.0,0.0,0.0,1.0,0.0,0.0,0.0,-0.001,0.0,-0.5,0.0,-10.1,-12.9,0.0155,16.0,25903.0
2026-07-30T18:58:06.250Z,55.733,55.746,-7.5,7.4,0.0,0.0,0.0,0.0,0.0,1.0,1.0,0.0,1.0,0.0,0.0,0.0,8.0,6.0,0.0,0.0,0.0,0.0,0.0,0.0,0.0,0.0,5.0,12.0,1.0,12.06,5.01,2.5,1.5,-2.2,0.3,2.2,301.1,-0.1,-12.6,2.3000000000000003,11.0,-82.4,0.0,0.0,219.6,0.0,22.200000000000003,33.1,33.1,36.4,300.0,300.0,29.700000000000003,36.2,34.0,33.800000000000004,35.9,4.95,2.0,4.97,0.16,0.0,0.0,1027.0,8228.0,0.0,0.0,0.0,0.0,0.0,1.0,0.0,0.0,0.0,-0.001,0.0,0.0,0.0,-14.3,-12.9,0.0161,16.0,25903.0
2026-07-30T18:58:06.262Z,55.745,55.758,-7.5,7.4,0.0,0.0,0.0,0.0,0.0,1.0,1.0,0.0,1.0,0.0,0.0,0.0,8.0,6.0,0.0,0.0,0.0,0.0,0.0,0.0,0.0,0.0,5.0,12.0,1.0,12.06,5.01,2.5,1.5,-2.3000000000000003,0.3,2.3000000000000003,301.0,-0.1,-12.0,1.7000000000000002,8.1,-82.4,0.0,0.0,219.7,0.0,22.200000000000003,33.1,33.1,36.4,300.0,300.0,29.700000000000003,36.2,34.0,33.800000000000004,35.9,4.95,2.0,4.97,0.16,0.0,0.0,1027.0,8228.0,0.0,0.0,0.0,0.0,0.0,1.0,0.0,0.0,0.0,-0.001,0.0,0.0,0.0,-10.5,-12.7,0.015,16.0,25903.0
2026-07-30T18:58:06.274Z,55.757,55.77,-7.4,7.4,0.0,0.0,0.0,0.0,0.0,1.0,1.0,0.0,1.0,0.0,0.0,0.0,8.0,6.0,0.0,0.0,0.0,0.0,0.0,0.0,0.0,0.0,6.0,12.0,1.0,12.06,5.01,2.5,1.5,-2.3000000000000003,0.3,2.3000000000000003,301.1,-0.1,-11.4,1.1,8.700000000000001,-82.4,0.0,0.0,219.7,0.0,22.200000000000003,33.1,33.1,36.4,300.0,300.0,29.700000000000003,36.2,34.0,33.800000000000004,35.9,4.96,2.0,4.96,0.16,0.0,0.0,1027.0,8228.0,0.0,0.0,0.0,0.0,0.0,1.0,0.0,0.0,0.0,-0.001,0.0,-0.6000000000000001,0.0,-10.8,-12.7,0.0158,16.0,25903.0
2026-07-30T18:58:06.287Z,55.77,55.782,-7.5,7.4,0.0,0.0,0.0,0.0,0.0,1.0,1.0,0.0,1.0,0.0,0.0,0.0,8.0,6.0,0.0,0.0,0.0,0.0,0.0,0.0,0.0,0.0,1.0,12.0,1.0,12.06,5.01,2.5,1.5,-2.2,0.2,2.2,301.0,-0.1,-12.0,3.5,11.0,-82.4,0.0,0.0,219.7,0.0,22.200000000000003,33.1,33.1,36.4,300.0,300.0,29.700000000000003,36.2,34.0,33.800000000000004,35.9,4.96,2.0,4.96,0.16,0.0,0.0,1027.0,8228.0,0.0,0.0,0.0,0.0,0.0,1.0,0.0,0.0,0.0,-0.001,0.0,0.9,0.0,-15.1,-12.9,0.0159,16.0,25903.0
2026-07-30T18:58:06.300Z,55.783,55.794,-7.5,7.4,0.0,0.0,0.0,0.0,0.0,1.0,1.0,0.0,1.0,0.0,0.0,0.0,8.0,6.0,0.0,0.0,0.0,0.0,0.0,0.0,0.0,0.0,3.0,12.0,1.0,12.09,5.01,2.51,1.5,-2.2,0.2,2.3000000000000003,301.1,-0.1,-10.9,2.9000000000000004,9.3,-82.4,0.0,0.0,219.6,0.0,22.200000000000003,33.1,33.1,36.4,300.0,300.0,29.8,36.3,34.0,33.7,35.9,4.96,2.0,4.97,0.16,0.0,0.0,1027.0,8228.0,0.0,0.0,0.0,0.0,0.0,1.0,0.0,0.0,0.0,-0.001,0.0,0.7000000000000001,0.0,-12.7,-12.8,0.0147,16.0,25903.0
2026-07-30T18:58:06.311Z,55.794,55.806,-7.5,7.4,0.0,0.0,0.0,0.0,0.0,1.0,1.0,0.0,1.0,0.0,0.0,0.0,8.0,6.0,0.0,0.0,0.0,0.0,0.0,0.0,0.0,0.0,5.0,12.0,1.0,12.09,5.01,2.51,1.5,-2.2,0.2,2.2,301.1,-0.1,-11.4,3.5,11.0,-82.4,0.0,0.0,219.6,0.0,22.200000000000003,33.1,33.1,36.4,300.0,300.0,29.8,36.3,34.0,33.7,35.9,4.95,2.0,4.97,0.16,0.0,0.0,1027.0,8228.0,0.0,0.0,0.0,0.0,0.0,1.0,0.0,0.0,0.0,-0.001,0.0,0.9,0.0,-15.1,-12.7,0.0153,16.0,25903.0
2026-07-30T18:58:06.323Z,55.806,55.818,-7.5,7.4,0.0,0.0,0.0,0.0,0.0,1.0,1.0,0.0,1.0,0.0,0.0,0.0,8.0,6.0,0.0,0.0,0.0,0.0,0.0,0.0,0.0,0.0,6.0,12.0,1.0,12.09,5.01,2.51,1.5,-2.2,0.2,2.2,301.0,-0.1,-10.3,2.9000000000000004,10.4,-82.4,0.0,0.0,219.7,0.0,22.200000000000003,33.1,33.1,36.4,300.0,300.0,29.8,36.3,34.0,33.7,35.9,4.96,2.0,4.96,0.16,0.0,0.0,1027.0,8228.0,0.0,0.0,0.0,0.0,0.0,1.0,0.0,0.0,0.0,-0.001,0.0,0.5,0.0,-14.0,-12.8,0.0148,16.0,25903.0
2026-07-30T18:58:06.335Z,55.818,55.83,-7.5,7.4,0.0,0.0,0.0,0.0,0.0,1.0,1.0,0.0,1.0,0.0,0.0,0.0,8.0,6.0,0.0,0.0,0.0,0.0,0.0,0.0,0.0,0.0,1.0,12.0,1.0,12.09,5.01,2.51,1.5,-2.1,0.2,2.1,301.1,-0.1,-11.4,2.9000000000000004,11.6,-82.4,0.0,0.0,219.8,0.0,22.200000000000003,33.1,33.1,36.4,300.0,300.0,29.8,36.3,34.0,33.7,35.9,4.95,2.0,4.96,0.16,0.0,0.0,1027.0,8228.0,0.0,0.0,0.0,0.0,0.0,1.0,0.0,0.0,0.0,-0.001,0.0,0.3,0.0,-15.4,-12.7,0.0149,16.0,25903.0
2026-07-30T18:58:06.346Z,55.829,55.842,-7.5,7.4,0.0,0.0,0.0,0.0,0.0,1.0,1.0,0.0,1.0,0.0,0.0,0.0,8.0,6.0,0.0,0.0,0.0,0.0,0.0,0.0,0.0,0.0,2.0,12.0,1.0,12.09,5.01,2.51,1.5,-2.2,0.2,2.2,301.1,-0.1,-11.4,2.9000000000000004,9.9,-82.4,0.0,0.0,219.8,0.0,22.200000000000003,33.1,33.1,36.4,300.0,300.0,29.8,36.3,34.0,33.7,35.9,4.95,2.0,4.96,0.16,0.0,0.0,1027.0,8228.0,0.0,0.0,0.0,0.0,0.0,1.0,0.0,0.0,0.0,-0.001,0.0,0.6000000000000001,0.0,-13.4,-12.7,0.0145,16.0,25903.0
2026-07-30T18:58:06.358Z,55.841,55.854,-7.4,7.4,0.0,0.0,0.0,0.0,0.0,1.0,1.0,0.0,1.0,0.0,0.0,0.0,8.0,6.0,0.0,0.0,0.0,0.0,0.0,0.0,0.0,0.0,3.0,12.0,1.0,12.09,5.01,2.51,1.5,-2.2,0.2,2.2,301.0,-0.1,-10.3,2.9000000000000004,11.0,-82.4,0.0,0.0,219.8,0.0,22.200000000000003,33.1,33.1,36.4,300.0,300.0,29.8,36.3,34.0,33.7,35.9,4.95,2.0,4.96,0.16,0.0,0.0,1027.0,8228.0,0.0,0.0,0.0,0.0,0.0,1.0,0.0,0.0,0.0,-0.001,0.0,0.4,0.0,-14.7,-12.7,0.015,16.0,25903.0
2026-07-30T18:58:06.371Z,55.854,55.866,-7.4,7.4,0.0,0.0,0.0,0.0,0.0,1.0,1.0,0.0,1.0,0.0,0.0,0.0,8.0,6.0,0.0,0.0,0.0,0.0,0.0,0.0,0.0,0.0,4.0,12.0,1.0,12.09,5.01,2.51,1.5,-2.2,0.2,2.2,301.1,-0.1,-11.4,3.5,10.4,-82.4,0.0,0.0,219.8,0.0,22.200000000000003,33.1,33.1,36.4,300.0,300.0,29.8,36.3,34.0,33.7,35.9,4.96,2.0,4.96,0.16,0.0,0.0,1027.0,8228.0,0.0,0.0,0.0,0.0,0.0,1.0,0.0,0.0,0.0,-0.001,0.0,1.0,0.0,-14.5,-12.8,0.0148,16.0,25903.0
2026-07-30T18:58:06.383Z,55.866,55.878,-7.4,7.4,0.0,0.0,0.0,0.0,0.0,1.0,1.0,0.0,1.0,0.0,0.0,0.0,8.0,6.0,0.0,0.0,0.0,0.0,0.0,0.0,0.0,0.0,5.0,12.0,1.0,12.09,5.01,2.51,1.5,-2.3000000000000003,0.3,2.3000000000000003,301.1,-0.1,-11.4,1.7000000000000002,8.700000000000001,-82.4,0.0,0.0,219.8,0.0,22.200000000000003,33.1,33.1,36.4,300.0,300.0,29.8,36.3,34.0,33.7,35.9,4.95,2.0,4.96,0.16,0.0,0.0,1027.0,8228.0,0.0,0.0,0.0,0.0,0.0,1.0,0.0,0.0,0.0,-0.001,0.0,-0.1,0.0,-11.2,-12.8,0.0149,16.0,25903.0
2026-07-30T18:58:06.394Z,55.877,55.89,-7.5,7.4,0.0,0.0,0.0,0.0,0.0,1.0,1.0,0.0,1.0,0.0,0.0,0.0,8.0,6.0,0.0,0.0,0.0,0.0,0.0,0.0,0.0,0.0,5.0,12.0,1.0,12.09,5.01,2.51,1.5,-2.2,0.2,2.2,301.0,-0.1,-11.4,2.9000000000000004,10.4,-82.4,0.0,0.0,219.8,0.0,22.200000000000003,33.1,33.1,36.4,300.0,300.0,29.8,36.3,34.0,33.7,35.9,4.95,2.0,4.96,0.16,0.0,0.0,1027.0,8228.0,0.0,0.0,0.0,0.0,0.0,1.0,0.0,0.0,0.0,-0.001,0.0,0.5,0.0,-14.0,-12.8,0.0156,16.0,25903.0
2026-07-30T18:58:06.407Z,55.89,55.902,-7.4,7.4,0.0,0.0,0.0,0.0,0.0,1.0,1.0,0.0,1.0,0.0,0.0,0.0,8.0,6.0,0.0,0.0,0.0,0.0,0.0,0.0,0.0,0.0,6.0,12.0,1.0,12.05,5.01,2.51,1.49,-2.3000000000000003,0.2,2.3000000000000003,301.1,-0.1,-10.9,2.3000000000000003,9.3,-82.4,0.0,0.0,219.7,0.0,21.9,33.1,33.1,36.4,300.0,300.0,29.8,36.3,34.1,33.7,36.0,4.96,2.0,4.96,0.16,0.0,0.0,1027.0,8228.0,0.0,0.0,0.0,0.0,0.0,1.0,0.0,0.0,0.0,-0.001,0.0,0.2,0.0,-12.3,-12.7,0.0148,16.0,25903.0
2026-07-30T18:58:06.418Z,55.901,55.914,-7.4,7.4,0.0,0.0,0.0,0.0,0.0,1.0,1.0,0.0,1.0,0.0,0.0,0.0,8.0,6.0,0.0,0.0,0.0,0.0,0.0,0.0,0.0,0.0,1.0,12.0,1.0,12.05,5.01,2.51,1.49,-2.3000000000000003,0.3,2.3000000000000003,301.0,-0.1,-12.0,1.7000000000000002,8.700000000000001,-82.5,0.0,0.0,219.8,0.0,21.9,33.1,33.1,36.4,300.0,300.0,29.8,36.3,34.1,33.7,36.0,4.95,2.0,4.96,0.16,0.0,0.0,1027.0,8228.0,0.0,0.0,0.0,0.0,0.0,1.0,0.0,0.0,0.0,-0.001,0.0,-0.1,0.0,-11.2,-12.8,0.0155,16.0,25903.0
2026-07-30T18:58:06.431Z,55.914,55.926,-7.5,7.4,0.0,0.0,0.0,0.0,0.0,1.0,1.0,0.0,1.0,0.0,0.0,0.0,8.0,6.0,0.0,0.0,0.0,0.0,0.0,0.0,0.0,0.0,2.0,12.0,1.0,12.05,5.01,2.51,1.49,-2.2,0.3,2.2,301.1,-0.1,-12.0,1.1,11.0,-82.5,0.0,0.0,219.7,0.0,21.9,33.1,33.1,36.4,300.0,300.0,29.8,36.3,34.1,33.7,36.0,4.96,2.0,4.96,0.16,0.0,0.0,1027.0,8228.0,0.0,0.0,0.0,0.0,0.0,1.0,0.0,0.0,0.0,-0.001,0.0,-1.1,0.0,-13.4,-12.9,0.0158,16.0,25903.0
2026-07-30T18:58:06.442Z,55.925,55.938,-7.5,7.4,0.0,0.0,0.0,0.0,0.0,1.0,1.0,0.0,1.0,0.0,0.0,0.0,8.0,6.0,0.0,0.0,0.0,0.0,0.0,0.0,0.0,0.0,3.0,12.0,1.0,12.05,5.01,2.51,1.49,-2.3000000000000003,0.2,2.3000000000000003,301.1,-0.1,-12.0,2.3000000000000003,8.700000000000001,-82.5,0.0,0.0,219.7,0.0,21.9,33.1,33.1,36.4,300.0,300.0,29.8,36.3,34.1,33.7,36.0,4.96,2.0,4.96,0.16,0.0,0.0,1027.0,8228.0,0.0,0.0,0.0,0.0,0.0,1.0,0.0,0.0,0.0,-0.001,0.0,0.3,0.0,-11.6,-12.8,0.0152,16.0,25903.0
2026-07-30T18:58:06.455Z,55.938,55.95,-7.4,7.4,0.0,0.0,0.0,0.0,0.0,1.0,1.0,0.0,1.0,0.0,0.0,0.0,8.0,6.0,0.0,0.0,0.0,0.0,0.0,0.0,0.0,0.0,4.0,12.0,1.0,12.05,5.01,2.51,1.49,-2.2,0.2,2.2,301.0,-0.1,-12.6,2.3000000000000003,9.9,-82.5,0.0,0.0,219.8,0.0,21.9,33.1,33.1,36.4,300.0,300.0,29.8,36.3,34.1,33.7,36.0,4.95,2.0,4.96,0.17,0.0,0.0,1027.0,8228.0,0.0,0.0,0.0,0.0,0.0,1.0,0.0,0.0,0.0,-0.001,0.0,0.1,0.0,-12.9,-12.7,0.0155,16.0,25903.0
2026-07-30T18:58:06.470Z,55.953,55.962,-7.4,7.4,0.0,0.0,0.0,0.0,0.0,1.0,1.0,0.0,1.0,0.0,0.0,0.0,8.0,6.0,0.0,0.0,0.0,0.0,0.0,0.0,0.0,0.0,5.0,12.0,1.0,12.05,5.01,2.51,1.49,-2.3000000000000003,0.3,2.3000000000000003,301.1,-0.1,-12.6,1.1,9.3,-82.5,0.0,0.0,219.8,0.0,21.9,33.1,33.1,36.4,300.0,300.0,29.8,36.3,34.1,33.7,36.0,4.96,2.0,4.97,0.16,0.0,0.0,1027.0,8228.0,0.0,0.0,0.0,0.0,0.0,1.0,0.0,0.0,0.0,-0.001,0.0,-0.7000000000000001,0.0,-11.4,-12.8,0.0153,16.0,25903.0
2026-07-30T18:58:06.478Z,55.961,55.974,-7.4,7.4,0.0,0.0,0.0,0.0,0.0,1.0,1.0,0.0,1.0,0.0,0.0,0.0,8.0,6.0,0.0,0.0,0.0,0.0,0.0,0.0,0.0,0.0,4.0,12.0,1.0,12.05,5.01,2.51,1.49,-2.3000000000000003,0.3,2.4000000000000004,301.1,0.0,-13.2,1.7000000000000002,8.1,-82.5,0.0,0.0,219.8,0.0,21.9,33.1,33.1,36.4,300.0,300.0,29.8,36.3,34.1,33.7,36.0,4.96,2.0,4.96,0.16,0.0,0.0,1027.0,8228.0,0.0,0.0,0.0,0.0,0.0,1.0,0.0,0.0,0.0,-0.001,0.0,0.0,0.0,-10.5,-12.9,0.0158,16.0,25903.0
2026-07-30T18:58:06.491Z,55.974,55.986,-7.5,7.4,0.0,0.0,0.0,0.0,0.0,1.0,1.0,0.0,1.0,0.0,0.0,0.0,8.0,6.0,0.0,0.0,0.0,0.0,0.0,0.0,0.0,0.0,5.0,12.0,1.0,12.05,5.01,2.51,1.49,-2.3000000000000003,0.2,2.3000000000000003,301.0,-0.1,-13.2,2.9000000000000004,8.700000000000001,-82.5,0.0,0.0,219.7,0.0,21.9,33.1,33.1,36.4,300.0,300.0,29.8,36.3,34.1,33.7,36.0,4.96,2.0,4.96,0.16,0.0,0.0,1027.0,8228.0,0.0,0.0,0.0,0.0,0.0,1.0,0.0,0.0,0.0,-0.001,0.0,0.8,0.0,-12.0,-12.8,0.016,16.0,25903.0
2026-07-30T18:58:06.504Z,55.987,55.998000000000005,-7.5,7.4,0.0,0.0,0.0,0.0,0.0,1.0,1.0,0.0,1.0,0.0,0.0,0.0,8.0,6.0,0.0,0.0,0.0,0.0,0.0,0.0,0.0,0.0,1.0,12.0,1.0,12.05,5.01,2.51,1.49,-2.4000000000000004,0.3,2.4000000000000004,301.1,-0.1,-12.6,0.5,8.1,-82.5,0.0,0.0,219.7,0.0,21.9,33.1,33.1,36.4,300.0,300.0,29.9,36.1,34.1,33.7,36.0,4.96,2.0,4.96,0.16,0.0,0.0,1027.0,8228.0,0.0,0.0,0.0,0.0,0.0,1.0,0.0,0.0,0.0,-0.001,0.0,-1.0,0.0,-9.7,-12.7,0.0155,16.0,25903.0
2026-07-30T18:58:06.515Z,55.998,56.01,-7.4,7.4,0.0,0.0,0.0,0.0,0.0,1.0,1.0,0.0,1.0,0.0,0.0,0.0,8.0,6.0,0.0,0.0,0.0,0.0,0.0,0.0,0.0,0.0,1.0,12.0,1.0,12.05,5.01,2.51,1.49,-2.3000000000000003,0.3,2.3000000000000003,301.1,-0.1,-13.2,1.7000000000000002,9.9,-82.5,0.0,0.0,219.8,0.0,21.9,33.1,33.1,36.4,300.0,300.0,29.9,36.1,34.1,33.7,36.0,4.96,2.0,4.96,0.16,0.0,0.0,1027.0,8228.0,0.0,0.0,0.0,0.0,0.0,1.0,0.0,0.0,0.0,-0.001,0.0,-0.3,0.0,-12.5,-12.8,0.0161,16.0,25903.0
2026-07-30T18:58:06.527Z,56.01,56.022,-7.5,7.4,0.0,0.0,0.0,0.0,0.0,1.0,1.0,0.0,1.0,0.0,0.0,0.0,8.0,6.0,0.0,0.0,0.0,0.0,0.0,0.0,0.0,0.0,3.0,12.0,1.0,12.05,5.01,2.51,1.49,-2.3000000000000003,0.3,2.3000000000000003,301.0,-0.1,-13.2,0.0,10.4,-82.5,0.0,0.0,219.8,0.0,21.9,33.1,33.1,36.4,300.0,300.0,29.9,36.1,34.1,33.7,36.0,4.95,2.0,4.96,0.16,0.0,0.0,1027.0,8228.0,0.0,0.0,0.0,0.0,0.0,1.0,0.0,0.0,0.0,-0.001,0.0,-2.0,0.0,-11.9,-12.8,0.0153,16.0,25903.0
2026-07-30T18:58:06.538Z,56.021,56.034,-7.4,7.4,0.0,0.0,0.0,0.0,0.0,1.0,1.0,0.0,1.0,0.0,0.0,0.0,8.0,6.0,0.0,0.0,0.0,0.0,0.0,0.0,0.0,0.0,4.0,12.0,1.0,12.05,5.01,2.51,1.49,-2.2,0.2,2.2,301.1,-0.1,-11.4,2.9000000000000004,10.4,-82.5,0.0,0.0,219.7,0.0,21.9,33.1,33.1,36.4,300.0,300.0,29.9,36.1,34.1,33.7,36.0,4.95,2.0,4.97,0.16,0.0,0.0,1027.0,8228.0,0.0,0.0,0.0,0.0,0.0,1.0,0.0,0.0,0.0,-0.001,0.0,0.5,0.0,-14.0,-12.7,0.0156,16.0,25903.0
2026-07-30T18:58:06.550Z,56.033,56.046,-7.5,7.4,0.0,0.0,0.0,0.0,0.0,1.0,1.0,0.0,1.0,0.0,0.0,0.0,8.0,6.0,0.0,0.0,0.0,0.0,0.0,0.0,0.0,0.0,5.0,12.0,1.0,12.05,5.01,2.51,1.49,-2.3000000000000003,0.3,2.3000000000000003,301.1,-0.1,-13.2,1.7000000000000002,9.9,-82.5,0.0,0.0,219.8,0.0,21.9,33.1,33.1,36.4,300.0,300.0,29.9,36.1,34.1,33.7,36.0,4.95,2.0,4.97,0.16,0.0,0.0,1027.0,8228.0,0.0,0.0,0.0,0.0,0.0,1.0,0.0,0.0,0.0,-0.001,0.0,-0.3,0.0,-12.5,-12.8,0.015,16.0,25903.0
2026-07-30T18:58:06.563Z,56.046,56.058,-7.4,7.4,0.0,0.0,0.0,0.0,0.0,1.0,1.0,0.0,1.0,0.0,0.0,0.0,8.0,6.0,0.0,0.0,0.0,0.0,0.0,0.0,0.0,0.0,6.0,12.0,1.0,12.05,5.01,2.51,1.49,-2.3000000000000003,0.2,2.3000000000000003,301.0,-0.1,-11.4,2.3000000000000003,9.3,-82.60000000000001,0.0,0.0,219.8,0.0,21.9,33.1,33.1,36.4,300.0,300.0,29.9,36.1,34.1,33.7,36.0,4.96,2.0,4.96,0.16,0.0,0.0,1027.0,8228.0,0.0,0.0,0.0,0.0,0.0,1.0,0.0,0.0,0.0,-0.001,0.0,0.2,0.0,-12.3,-12.8,0.015,16.0,25903.0
2026-07-30T18:58:06.575Z,56.058,56.07,-7.5,7.4,0.0,0.0,0.0,0.0,0.0,1.0,1.0,0.0,1.0,0.0,0.0,0.0,8.0,6.0,0.0,0.0,0.0,0.0,0.0,0.0,0.0,0.0,1.0,12.0,1.0,12.05,5.01,2.51,1.49,-2.2,0.3,2.2,301.1,-0.1,-11.4,2.3000000000000003,10.4,-82.60000000000001,0.0,0.0,219.8,0.0,21.9,33.1,33.1,36.4,300.0,300.0,29.9,36.1,34.1,33.7,36.0,4.95,2.0,4.96,0.16,0.0,0.0,1027.0,8228.0,0.0,0.0,0.0,0.0,0.0,1.0,0.0,0.0,0.0,-0.001,0.0,0.0,0.0,-13.6,-12.8,0.0154,16.0,25903.0
2026-07-30T18:58:06.587Z,56.07,56.082,-7.5,7.4,0.0,0.0,0.0,0.0,0.0,1.0,1.0,0.0,1.0,0.0,0.0,0.0,8.0,6.0,0.0,0.0,0.0,0.0,0.0,0.0,0.0,0.0,6.0,12.0,1.0,12.05,5.01,2.51,1.49,-2.2,0.2,2.2,301.1,-0.1,-11.4,3.5,11.0,-82.60000000000001,0.0,0.0,219.8,0.0,21.9,33.1,33.1,36.4,300.0,300.0,29.9,36.1,34.1,33.7,36.0,4.95,2.0,4.97,0.16,0.0,0.0,1027.0,8228.0,0.0,0.0,0.0,0.0,0.0,1.0,0.0,0.0,0.0,-0.001,0.0,0.9,0.0,-15.1,-12.7,0.0154,16.0,25903.0
2026-07-30T18:58:06.599Z,56.082,56.094,-7.4,7.4,0.0,0.0,0.0,0.0,0.0,1.0,1.0,0.0,1.0,0.0,0.0,0.0,8.0,6.0,0.0,0.0,0.0,0.0,0.0,0.0,0.0,0.0,1.0,12.0,1.0,12.05,5.01,2.51,1.49,-2.2,0.2,2.2,301.1,-0.1,-11.4,3.5,11.6,-82.60000000000001,0.0,0.0,219.7,0.0,21.9,33.1,33.1,36.4,300.0,300.0,29.9,36.1,34.1,33.7,36.0,4.95,2.0,4.97,0.16,0.0,0.0,1027.0,8228.0,0.0,0.0,0.0,0.0,0.0,1.0,0.0,0.0,0.0,-0.001,0.0,0.8,0.0,-15.8,-12.7,0.015,16.0,25903.0
2026-07-30T18:58:06.611Z,56.094,56.106,-7.4,7.4,0.0,0.0,0.0,0.0,0.0,1.0,1.0,0.0,1.0,0.0,0.0,0.0,8.0,6.0,0.0,0.0,0.0,0.0,0.0,0.0,0.0,0.0,2.0,12.0,1.0,12.05,5.0200000000000005,2.51,1.49,-2.2,0.2,2.2,301.1,-0.1,-11.4,3.5,11.0,-82.60000000000001,0.0,0.0,219.8,0.0,21.9,33.2,33.1,36.4,300.0,300.0,29.9,36.1,34.1,33.7,36.0,4.96,2.0,4.96,0.16,0.0,0.0,1027.0,8228.0,0.0,0.0,0.0,0.0,0.0,1.0,0.0,0.0,0.0,-0.001,0.0,-0.2,0.0,-11.8,-12.8,0.0155,16.0,25903.0
2026-07-30T18:58:06.623Z,56.106,56.118,-7.5,7.4,0.0,0.0,0.0,0.0,0.0,1.0,1.0,0.0,1.0,0.0,0.0,0.0,8.0,6.0,0.0,0.0,0.0,0.0,0.0,0.0,0.0,0.0,3.0,12.0,1.0,12.05,5.0200000000000005,2.51,1.49,-2.2,0.2,2.3000000000000003,301.1,-0.1,-11.4,2.3000000000000003,9.3,-82.60000000000001,0.0,0.0,219.9,0.0,21.9,33.2,33.1,36.4,300.0,300.0,29.9,36.1,34.1,33.7,36.0,4.95,2.0,4.96,0.16,0.0,0.0,1027.0,8228.0,0.0,0.0,0.0,0.0,0.0,1.0,0.0,0.0,0.0,-0.001,0.0,0.0,0.0,-13.6,-12.8,0.0156,16.0,25903.0
2026-07-30T18:58:06.635Z,56.118,56.13,-7.5,7.4,0.0,0.0,0.0,0.0,0.0,1.0,1.0,0.0,1.0,0.0,0.0,0.0,8.0,6.0,0.0,0.0,0.0,0.0,0.0,0.0,0.0,0.0,5.0,12.0,1.0,12.05,5.0200000000000005,2.51,1.49,-2.2,0.2,2.3000000000000003,301.1,-0.1,-10.9,3.5,9.9,-82.60000000000001,0.0,0.0,219.8,0.0,21.9,33.2,33.1,36.4,300.0,300.0,29.9,36.1,34.1,33.7,36.0,4.95,2.0,4.96,0.16,0.0,0.0,1027.0,8228.0,0.0,0.0,0.0,0.0,0.0,1.0,0.0,0.0,0.0,-0.001,0.0,-0.2,0.0,-11.8,-12.7,0.0151,16.0,25903.0
2026-07-30T18:58:06.647Z,56.13,56.142,-7.4,7.4,0.0,0.0,0.0,0.0,0.0,1.0,1.0,0.0,1.0,0.0,0.0,0.0,8.0,6.0,0.0,0.0,0.0,0.0,0.0,0.0,0.0,0.0,5.0,12.0,1.0,12.05,5.0200000000000005,2.51,1.49,-2.3000000000000003,0.2,2.3000000000000003,301.0,-0.1,-10.9,3.5,12.2,-82.60000000000001,0.0,0.0,219.8,0.0,21.9,33.2,33.1,36.4,300.0,300.0,29.9,36.1,34.1,33.7,36.0,4.95,2.0,4.96,0.16,0.0,0.0,1027.0,8228.0,0.0,0.0,0.0,0.0,0.0,1.0,0.0,0.0,0.0,-0.001,0.0,-0.1,0.0,-11.2,-12.7,0.0154,16.0,25903.0
2026-07-30T18:58:06.658Z,56.141,56.154,-7.4,7.4,0.0,0.0,0.0,0.0,0.0,1.0,1.0,0.0,1.0,0.0,0.0,0.0,8.0,6.0,0.0,0.0,0.0,0.0,0.0,0.0,0.0,0.0,6.0,12.0,1.0,12.05,5.0200000000000005,2.51,1.49,-2.2,0.3,2.3000000000000003,301.1,-0.1,-12.0,1.7000000000000002,10.4,-82.60000000000001,0.0,0.0,219.9,0.0,21.9,33.2,33.1,36.4,300.0,300.0,29.9,36.1,34.1,33.7,36.0,4.96,2.0,4.97,0.16,0.0,0.0,1027.0,8228.0,0.0,0.0,0.0,0.0,0.0,1.0,0.0,0.0,0.0,-0.001,0.0,-0.5,0.0,-13.2,-12.8,0.0157,16.0,25903.0
2026-07-30T18:58:06.670Z,56.153,56.166,-7.4,7.4,0.0,0.0,0.0,0.0,0.0,1.0,1.0,0.0,1.0,0.0,0.0,0.0,8.0,6.0,0.0,0.0,0.0,0.0,0.0,0.0,0.0,0.0,1.0,12.0,1.0,12.05,5.0200000000000005,2.51,1.49,-2.3000000000000003,0.3,2.3000000000000003,301.1,-0.1,-12.0,1.7000000000000002,9.3,-82.60000000000001,0.0,0.0,219.8,0.0,21.9,33.2,33.1,36.4,300.0,300.0,29.9,36.1,34.1,33.7,36.0,4.95,2.0,4.96,0.16,0.0,0.0,1027.0,8228.0,0.0,0.0,0.0,0.0,0.0,1.0,0.0,0.0,0.0,-0.001,0.0,-0.2,0.0,-11.8,-12.9,0.0154,16.0,25903.0
2026-07-30T18:58:06.682Z,56.165,56.178,-7.5,7.4,0.0,0.0,0.0,0.0,0.0,1.0,1.0,0.0,1.0,0.0,0.0,0.0,8.0,6.0,0.0,0.0,0.0,0.0,0.0,0.0,0.0,0.0,2.0,12.0,1.0,12.05,5.0200000000000005,2.51,1.49,-2.2,0.2,2.2,301.1,-0.1,-12.6,2.3000000000000003,9.9,-82.7,0.0,0.0,219.8,0.0,21.9,33.2,33.1,36.4,300.0,300.0,29.9,36.1,34.1,33.7,36.0,4.95,2.0,4.96,0.16,0.0,0.0,1027.0,8228.0,0.0,0.0,0.0,0.0,0.0,1.0,0.0,0.0,0.0,-0.001,0.0,0.1,0.0,-12.9,-12.8,0.0156,16.0,25903.0
2026-07-30T18:58:06.695Z,56.178,56.19,-7.5,7.4,0.0,0.0,0.0,0.0,0.0,1.0,1.0,0.0,1.0,0.0,0.0,0.0,8.0,6.0,0.0,0.0,0.0,0.0,0.0,0.0,0.0,0.0,3.0,12.0,1.0,12.05,5.0200000000000005,2.51,1.49,-2.3000000000000003,0.3,2.3000000000000003,301.1,-0.1,-12.6,1.1,9.3,-82.7,0.0,0.0,219.8,0.0,21.9,33.2,33.1,36.4,300.0,300.0,29.9,36.1,34.1,33.7,36.0,4.96,2.0,4.96,0.15,0.0,0.0,1027.0,8228.0,0.0,0.0,0.0,0.0,0.0,1.0,0.0,0.0,0.0,-0.001,0.0,-0.7000000000000001,0.0,-11.4,-12.7,0.0153,16.0,25903.0
2026-07-30T18:58:06.708Z,56.191,56.202,-7.5,7.4,0.0,0.0,0.0,0.0,0.0,1.0,1.0,0.0,1.0,0.0,0.0,0.0,8.0,6.0,0.0,0.0,0.0,0.0,0.0,0.0,0.0,0.0,3.0,12.0,1.0,12.06,5.0200000000000005,2.5,1.49,-2.3000000000000003,0.3,2.3000000000000003,301.1,-0.1,-12.0,1.1,9.9,-82.7,0.0,0.0,219.8,0.0,22.200000000000003,33.2,33.2,36.5,300.0,300.0,29.9,36.2,34.1,33.7,36.0,4.95,2.0,4.96,0.16,0.0,0.0,1027.0,8228.0,0.0,0.0,0.0,0.0,0.0,1.0,0.0,0.0,0.0,-0.001,0.0,-0.9,0.0,-12.1,-12.7,0.0156,16.0,25903.0
2026-07-30T18:58:06.719Z,56.202,56.214,-7.5,7.4,0.0,0.0,0.0,0.0,0.0,1.0,1.0,0.0,1.0,0.0,0.0,0.0,8.0,6.0,0.0,0.0,0.0,0.0,0.0,0.0,0.0,0.0,4.0,12.0,1.0,12.06,5.0200000000000005,2.5,1.49,-2.3000000000000003,0.3,2.3000000000000003,301.1,-0.1,-13.8,1.1,9.3,-82.7,0.0,0.0,219.8,0.0,22.200000000000003,33.2,33.2,36.5,300.0,300.0,29.9,36.2,34.1,33.7,36.0,4.95,2.0,4.96,0.16,0.0,0.0,1027.0,8228.0,0.0,0.0,0.0,0.0,0.0,1.0,0.0,0.0,0.0,-0.001,0.0,-0.7000000000000001,0.0,-11.4,-12.8,0.0155,16.0,25903.0
2026-07-30T18:58:06.731Z,56.214,56.226,-7.5,7.4,0.0,0.0,0.0,0.0,0.0,1.0,1.0,0.0,1.0,0.0,0.0,0.0,8.0,6.0,0.0,0.0,0.0,0.0,0.0,0.0,0.0,0.0,5.0,12.0,1.0,12.06,5.0200000000000005,2.5,1.49,-2.3000000000000003,0.2,2.3000000000000003,301.1,-0.1,-12.0,2.3000000000000003,8.700000000000001,-82.7,0.0,0.0,219.8,0.0,22.200000000000003,33.2,33.2,36.5,300.0,300.0,29.9,36.2,34.1,33.7,36.0,4.95,2.0,4.97,0.16,0.0,0.0,1027.0,8228.0,0.0,0.0,0.0,0.0,0.0,1.0,0.0,0.0,0.0,-0.001,0.0,0.3,0.0,-11.6,-12.8,0.0156,16.0,25903.0
2026-07-30T18:58:06.743Z,56.226,56.238,-7.5,7.4,0.0,0.0,0.0,0.0,0.0,1.0,1.0,0.0,1.0,0.0,0.0,0.0,8.0,6.0,0.0,0.0,0.0,0.0,0.0,0.0,0.0,0.0,1.0,12.0,1.0,12.06,5.0200000000000005,2.5,1.49,-2.3000000000000003,0.2,2.3000000000000003,301.0,-0.1,-12.0,1.7000000000000002,8.700000000000001,-82.7,0.0,0.0,219.8,0.0,22.200000000000003,33.2,33.2,36.5,300.0,300.0,29.9,36.2,34.1,33.7,36.0,4.95,2.0,4.97,0.16,0.0,0.0,1027.0,8228.0,0.0,0.0,0.0,0.0,0.0,1.0,0.0,0.0,0.0,-0.001,0.0,-0.1,0.0,-11.2,-12.7,0.0154,16.0,25903.0
2026-07-30T18:58:06.755Z,56.238,56.25,-7.4,7.4,0.0,0.0,0.0,0.0,0.0,1.0,1.0,0.0,1.0,0.0,0.0,0.0,8.0,6.0,0.0,0.0,0.0,0.0,0.0,0.0,0.0,0.0,2.0,12.0,1.0,12.06,5.0200000000000005,2.5,1.49,-2.2,0.2,2.3000000000000003,301.0,-0.1,-12.6,2.3000000000000003,9.3,-82.60000000000001,0.0,0.0,219.8,0.0,22.200000000000003,33.2,33.2,36.5,300.0,300.0,29.9,36.2,34.1,33.7,36.0,4.96,2.0,4.97,0.16,0.0,0.0,1027.0,8228.0,0.0,0.0,0.0,0.0,0.0,1.0,0.0,0.0,0.0,-0.001,0.0,0.2,0.0,-12.3,-12.7,0.0155,16.0,25903.0
2026-07-30T18:58:06.767Z,56.25,56.262,-7.4,7.4,0.0,0.0,0.0,0.0,0.0,1.0,1.0,0.0,1.0,0.0,0.0,0.0,8.0,6.0,0.0,0.0,0.0,0.0,0.0,0.0,0.0,0.0,3.0,12.0,1.0,12.06,5.0200000000000005,2.5,1.49,-2.2,0.3,2.2,301.0,-0.1,-10.9,1.7000000000000002,10.4,-82.60000000000001,0.0,0.0,219.8,0.0,22.200000000000003,33.2,33.2,36.5,300.0,300.0,29.9,36.2,34.1,33.7,36.0,4.96,2.0,4.96,0.16,0.0,0.0,1027.0,8228.0,0.0,0.0,0.0,0.0,0.0,1.0,0.0,0.0,0.0,-0.001,0.0,-0.5,0.0,-13.2,-12.8,0.0153,16.0,25903.0
2026-07-30T18:58:06.785Z,56.268,56.274,-7.5,7.4,0.0,0.0,0.0,0.0,0.0,1.0,1.0,0.0,1.0,0.0,0.0,0.0,8.0,6.0,0.0,0.0,0.0,0.0,0.0,0.0,0.0,0.0,3.0,12.0,1.0,12.06,5.0200000000000005,2.5,1.49,-2.2,0.2,2.2,301.1,-0.1,-12.0,2.3000000000000003,10.4,-82.60000000000001,0.0,0.0,219.8,0.0,22.200000000000003,33.2,33.2,36.5,300.0,300.0,29.9,36.2,34.1,33.7,36.0,4.96,2.0,4.97,0.15,0.0,0.0,1027.0,8228.0,0.0,0.0,0.0,0.0,0.0,1.0,0.0,0.0,0.0,-0.001,0.0,0.0,0.0,-13.6,-12.8,0.0152,16.0,25903.0
2026-07-30T18:58:06.791Z,56.274,56.286,-7.4,7.4,0.0,0.0,0.0,0.0,0.0,1.0,1.0,0.0,1.0,0.0,0.0,0.0,8.0,6.0,0.0,0.0,0.0,0.0,0.0,0.0,0.0,0.0,2.0,12.0,1.0,12.06,5.0200000000000005,2.5,1.49,-2.2,0.2,2.2,301.0,-0.1,-10.3,3.5,9.3,-82.60000000000001,0.0,0.0,219.8,0.0,22.200000000000003,33.2,33.2,36.5,300.0,300.0,29.9,36.2,34.1,33.7,36.0,4.95,2.0,4.97,0.16,0.0,0.0,1027.0,8228.0,0.0,0.0,0.0,0.0,0.0,1.0,0.0,0.0,0.0,-0.001,0.0,1.2000000000000002,0.0,-13.1,-12.8,0.0151,16.0,25903.0
2026-07-30T18:58:06.803Z,56.286,56.298,-7.4,7.4,0.0,0.0,0.0,0.0,0.0,1.0,1.0,0.0,1.0,0.0,0.0,0.0,8.0,6.0,0.0,0.0,0.0,0.0,0.0,0.0,0.0,0.0,3.0,12.0,1.0,12.06,5.0200000000000005,2.5,1.49,-2.2,0.2,2.2,301.1,-0.1,-11.4,2.9000000000000004,10.4,-82.7,0.0,0.0,219.8,0.0,22.200000000000003,33.2,33.2,36.5,300.0,300.0,29.9,36.2,34.1,33.7,36.0,4.95,2.0,4.96,0.16,0.0,0.0,1027.0,8228.0,0.0,0.0,0.0,0.0,0.0,1.0,0.0,0.0,0.0,-0.001,0.0,0.5,0.0,-14.0,-12.8,0.0152,16.0,25903.0
2026-07-30T18:58:06.815Z,56.298,56.31,-7.5,7.4,0.0,0.0,0.0,0.0,0.0,1.0,1.0,0.0,1.0,0.0,0.0,0.0,8.0,6.0,0.0,0.0,0.0,0.0,0.0,0.0,0.0,0.0,5.0,12.0,1.0,12.08,5.01,2.5,1.49,-2.2,0.2,2.3000000000000003,301.0,-0.1,-10.3,2.3000000000000003,9.3,-82.7,0.0,0.0,219.9,0.0,22.1,33.2,33.2,36.5,300.0,300.0,29.9,36.3,34.1,33.7,36.0,4.96,2.0,4.96,0.16,0.0,0.0,1027.0,8228.0,0.0,0.0,0.0,0.0,0.0,1.0,0.0,0.0,0.0,-0.001,0.0,0.2,0.0,-12.3,-12.8,0.0151,16.0,25903.0
2026-07-30T18:58:06.826Z,56.309,56.322,-7.5,7.4,0.0,0.0,0.0,0.0,0.0,1.0,1.0,0.0,1.0,0.0,0.0,0.0,8.0,6.0,0.0,0.0,0.0,0.0,0.0,0.0,0.0,0.0,6.0,12.0,1.0,12.08,5.01,2.5,1.49,-2.2,0.2,2.2,301.1,-0.1,-10.3,2.9000000000000004,9.9,-82.7,0.0,0.0,220.0,0.0,22.1,33.2,33.2,36.5,300.0,300.0,29.9,36.3,34.1,33.7,36.0,4.96,2.0,4.96,0.16,0.0,0.0,1027.0,8228.0,0.0,0.0,0.0,0.0,0.0,1.0,0.0,0.0,0.0,-0.001,0.0,0.6000000000000001,0.0,-13.4,-12.7,0.0153,16.0,25903.0
2026-07-30T18:58:06.838Z,56.321,56.334,-7.4,7.4,0.0,0.0,0.0,0.0,0.0,1.0,1.0,0.0,1.0,0.0,0.0,0.0,8.0,6.0,0.0,0.0,0.0,0.0,0.0,0.0,0.0,0.0,1.0,12.0,1.0,12.08,5.01,2.5,1.49,-2.2,0.2,2.2,301.1,-0.1,-10.9,3.5,10.4,-82.7,0.0,0.0,219.8,0.0,22.1,33.2,33.2,36.5,300.0,300.0,29.9,36.3,34.1,33.7,36.0,4.95,2.0,4.96,0.16,0.0,0.0,1027.0,8228.0,0.0,0.0,0.0,0.0,0.0,1.0,0.0,0.0,0.0,-0.001,0.0,1.0,0.0,-14.5,-12.7,0.015,16.0,25903.0
2026-07-30T18:58:06.851Z,56.334,56.346,-7.4,7.4,0.0,0.0,0.0,0.0,0.0,1.0,1.0,0.0,1.0,0.0,0.0,0.0,8.0,6.0,0.0,0.0,0.0,0.0,0.0,0.0,0.0,0.0,2.0,12.0,1.0,12.08,5.01,2.5,1.49,-2.2,0.2,2.2,301.0,-0.1,-10.9,2.9000000000000004,10.4,-82.7,0.0,0.0,219.8,0.0,22.1,33.2,33.2,36.5,300.0,300.0,29.9,36.3,34.1,33.7,36.0,4.96,2.0,4.96,0.16,0.0,0.0,1027.0,8228.0,0.0,0.0,0.0,0.0,0.0,1.0,0.0,0.0,0.0,-0.001,0.0,0.5,0.0,-14.0,-12.8,0.0149,16.0,25903.0
2026-07-30T18:58:06.863Z,56.346,56.358,-7.4,7.4,0.0,0.0,0.0,0.0,0.0,1.0,1.0,0.0,1.0,0.0,0.0,0.0,8.0,6.0,0.0,0.0,0.0,0.0,0.0,0.0,0.0,0.0,3.0,12.0,1.0,12.08,5.01,2.5,1.49,-2.2,0.2,2.2,301.1,-0.1,-11.4,2.3000000000000003,11.6,-82.7,0.0,0.0,219.8,0.0,22.1,33.2,33.2,36.5,300.0,300.0,29.9,36.3,34.1,33.7,36.0,4.95,1.99,4.96,0.16,0.0,0.0,1027.0,8228.0,0.0,0.0,0.0,0.0,0.0,1.0,0.0,0.0,0.0,-0.001,0.0,-0.2,0.0,-14.9,-12.9,0.0151,16.0,25903.0
2026-07-30T18:58:06.874Z,56.357,56.370000000000005,-7.4,7.4,0.0,0.0,0.0,0.0,0.0,1.0,1.0,0.0,1.0,0.0,0.0,0.0,8.0,6.0,0.0,0.0,0.0,0.0,0.0,0.0,0.0,0.0,5.0,12.0,1.0,12.08,5.01,2.5,1.49,-2.3000000000000003,0.2,2.3000000000000003,301.1,-0.1,-11.4,2.3000000000000003,9.3,-82.7,0.0,0.0,219.9,0.0,22.1,33.2,33.2,36.5,300.0,300.0,29.9,36.3,34.1,33.7,36.0,4.95,2.0,4.96,0.16,0.0,0.0,1027.0,8228.0,0.0,0.0,0.0,0.0,0.0,1.0,0.0,0.0,0.0,-0.001,0.0,0.2,0.0,-12.3,-12.8,0.0149,16.0,25903.0
2026-07-30T18:58:06.890Z,56.373,56.382,-7.4,7.4,0.0,0.0,0.0,0.0,0.0,1.0,1.0,0.0,1.0,0.0,0.0,0.0,8.0,6.0,0.0,0.0,0.0,0.0,0.0,0.0,0.0,0.0,6.0,12.0,1.0,12.08,5.01,2.5,1.49,-2.2,0.2,2.2,300.90000000000003,-0.1,-11.4,2.9000000000000004,10.4,-82.7,0.0,0.0,220.0,0.0,22.1,33.2,33.2,36.5,300.0,300.0,29.9,36.3,34.1,33.7,36.0,4.96,2.0,4.96,0.16,0.0,0.0,1027.0,8228.0,0.0,0.0,0.0,0.0,0.0,1.0,0.0,0.0,0.0,-0.001,0.0,0.4,0.0,-14.1,-12.8,0.0155,16.0,25903.0
2026-07-30T18:58:06.899Z,56.382,56.394,-7.5,7.4,0.0,0.0,0.0,0.0,0.0,1.0,1.0,0.0,1.0,0.0,0.0,0.0,8.0,6.0,0.0,0.0,0.0,0.0,0.0,0.0,0.0,0.0,6.0,12.0,1.0,12.08,5.01,2.5,1.49,-2.2,0.2,2.2,301.1,-0.1,-11.4,2.9000000000000004,11.0,-82.7,0.0,0.0,219.9,0.0,22.1,33.2,33.2,36.5,300.0,300.0,29.9,36.3,34.1,33.7,36.0,4.96,2.0,4.96,0.16,0.0,0.0,1027.0,8228.0,0.0,0.0,0.0,0.0,0.0,1.0,0.0,0.0,0.0,-0.001,0.0,0.3,0.0,-14.7,-12.9,0.0152,16.0,25903.0
2026-07-30T18:58:06.912Z,56.395,56.406,-7.5,7.4,0.0,0.0,0.0,0.0,0.0,1.0,1.0,0.0,1.0,0.0,0.0,0.0,8.0,6.0,0.0,0.0,0.0,0.0,0.0,0.0,0.0,0.0,1.0,12.0,1.0,12.06,5.01,2.51,1.49,-2.3000000000000003,0.2,2.3000000000000003,301.1,-0.1,-12.0,2.3000000000000003,8.700000000000001,-82.7,0.0,0.0,219.8,0.0,22.1,33.2,33.2,36.5,300.0,300.0,29.9,36.4,34.1,33.800000000000004,36.0,4.95,2.0,4.96,0.16,0.0,0.0,1027.0,8228.0,0.0,0.0,0.0,0.0,0.0,1.0,0.0,0.0,0.0,-0.001,0.0,0.3,0.0,-11.6,-12.8,0.015,16.0,25903.0
2026-07-30T18:58:06.922Z,56.405,56.418,-7.5,7.4,0.0,0.0,0.0,0.0,0.0,1.0,1.0,0.0,1.0,0.0,0.0,0.0,8.0,6.0,0.0,0.0,0.0,0.0,0.0,0.0,0.0,0.0,3.0,12.0,1.0,12.06,5.01,2.51,1.49,-2.2,0.2,2.2,301.0,-0.1,-12.0,1.7000000000000002,9.9,-82.7,0.0,0.0,219.9,0.0,22.1,33.2,33.2,36.5,300.0,300.0,29.9,36.4,34.1,33.800000000000004,36.0,4.95,2.0,4.96,0.16,0.0,0.0,1027.0,8228.0,0.0,0.0,0.0,0.0,0.0,1.0,0.0,0.0,0.0,-0.001,0.0,-0.4,0.0,-12.5,-12.8,0.0157,16.0,25903.0
2026-07-30T18:58:06.935Z,56.418,56.43,-7.5,7.4,0.0,0.0,0.0,0.0,0.0,1.0,1.0,0.0,1.0,0.0,0.0,0.0,8.0,6.0,0.0,0.0,0.0,0.0,0.0,0.0,0.0,0.0,4.0,12.0,1.0,12.06,5.01,2.51,1.49,-2.3000000000000003,0.2,2.3000000000000003,301.0,-0.1,-12.0,2.3000000000000003,8.700000000000001,-82.7,0.0,0.0,219.8,0.0,22.1,33.2,33.2,36.5,300.0,300.0,29.9,36.4,34.1,33.800000000000004,36.0,4.95,2.0,4.96,0.16,0.0,0.0,1027.0,8228.0,0.0,0.0,0.0,0.0,0.0,1.0,0.0,0.0,0.0,-0.001,0.0,0.3,0.0,-11.6,-12.6,0.0153,16.0,25903.0
2026-07-30T18:58:06.947Z,56.43,56.442,-7.4,7.4,0.0,0.0,0.0,0.0,0.0,1.0,1.0,0.0,1.0,0.0,0.0,0.0,8.0,6.0,0.0,0.0,0.0,0.0,0.0,0.0,0.0,0.0,5.0,12.0,1.0,12.06,5.01,2.51,1.49,-2.2,0.3,2.2,301.1,-0.1,-12.0,1.7000000000000002,10.4,-82.7,0.0,0.0,219.8,0.0,22.1,33.2,33.2,36.5,300.0,300.0,29.9,36.4,34.1,33.800000000000004,36.0,4.95,2.0,4.96,0.16,0.0,0.0,1027.0,8228.0,0.0,0.0,0.0,0.0,0.0,1.0,0.0,0.0,0.0,-0.001,0.0,-0.5,0.0,-13.2,-12.8,0.0156,16.0,25903.0
2026-07-30T18:58:06.959Z,56.442,56.454,-7.4,7.4,0.0,0.0,0.0,0.0,0.0,1.0,1.0,0.0,1.0,0.0,0.0,0.0,8.0,6.0,0.0,0.0,0.0,0.0,0.0,0.0,0.0,0.0,6.0,12.0,1.0,12.06,5.01,2.51,1.49,-2.2,0.2,2.3000000000000003,301.0,-0.1,-12.0,2.3000000000000003,9.9,-82.7,0.0,0.0,219.8,0.0,22.1,33.2,33.2,36.5,300.0,300.0,29.9,36.4,34.1,33.800000000000004,36.0,4.96,2.0,4.96,0.16,0.0,0.0,1027.0,8228.0,0.0,0.0,0.0,0.0,0.0,1.0,0.0,0.0,0.0,-0.001,0.0,0.1,0.0,-12.9,-12.8,0.0153,16.0,25903.0
2026-07-30T18:58:06.970Z,56.453,56.466,-7.5,7.4,0.0,0.0,0.0,0.0,0.0,1.0,1.0,0.0,1.0,0.0,0.0,0.0,8.0,6.0,0.0,0.0,0.0,0.0,0.0,0.0,0.0,0.0,2.0,12.0,1.0,12.06,5.01,2.51,1.49,-2.3000000000000003,0.2,2.3000000000000003,301.1,-0.1,-12.0,1.7000000000000002,9.3,-82.7,0.0,0.0,219.8,0.0,22.1,33.2,33.2,36.5,300.0,300.0,29.9,36.4,34.1,33.800000000000004,36.0,4.96,2.0,4.97,0.16,0.0,0.0,1027.0,8228.0,0.0,0.0,0.0,0.0,0.0,1.0,0.0,0.0,0.0,-0.001,0.0,-0.2,0.0,-11.8,-12.8,0.0153,16.0,25903.0
2026-07-30T18:58:06.983Z,56.466,56.478,-7.4,7.4,0.0,0.0,0.0,0.0,0.0,1.0,1.0,0.0,1.0,0.0,0.0,0.0,8.0,6.0,0.0,0.0,0.0,0.0,0.0,0.0,0.0,0.0,4.0,12.0,1.0,12.06,5.01,2.51,1.49,-2.3000000000000003,0.3,2.4000000000000004,300.90000000000003,-0.1,-13.2,1.1,8.1,-82.7,0.0,0.0,219.9,0.0,22.1,33.2,33.2,36.5,300.0,300.0,29.9,36.4,34.1,33.800000000000004,36.0,4.95,2.0,4.97,0.16,0.0,0.0,1027.0,8228.0,0.0,0.0,0.0,0.0,0.0,1.0,0.0,0.0,0.0,-0.001,0.0,-0.5,0.0,-10.1,-12.7,0.0155,16.0,25903.0
2026-07-30T18:58:06.994Z,56.477,56.49,-7.4,7.4,0.0,0.0,0.0,0.0,0.0,1.0,1.0,0.0,1.0,0.0,0.0,0.0,8.0,6.0,0.0,0.0,0.0,0.0,0.0,0.0,0.0,0.0,5.0,12.0,1.0,12.06,5.01,2.51,1.49,-2.3000000000000003,0.3,2.3000000000000003,301.0,-0.1,-13.8,1.7000000000000002,9.3,-82.7,0.0,0.0,219.9,0.0,22.1,33.2,33.2,36.5,300.0,300.0,29.9,36.4,34.1,33.800000000000004,36.0,4.96,2.0,4.97,0.16,0.0,0.0,1027.0,8228.0,0.0,0.0,0.0,0.0,0.0,1.0,0.0,0.0,0.0,-0.001,0.0,-0.3,0.0,-11.8,-12.8,0.016,16.0,25903.0
2026-07-30T18:58:07.007Z,56.49,56.502,-7.4,7.4,0.0,0.0,0.0,0.0,0.0,1.0,1.0,0.0,1.0,0.0,0.0,0.0,8.0,6.0,0.0,0.0,0.0,0.0,0.0,0.0,0.0,0.0,6.0,12.0,1.0,12.06,5.01,2.51,1.49,-2.3000000000000003,0.2,2.3000000000000003,301.1,-0.1,-12.6,1.7000000000000002,8.700000000000001,-82.7,0.0,0.0,219.8,0.0,22.1,33.2,33.2,36.5,300.0,300.0,29.9,36.4,34.1,33.800000000000004,36.0,4.96,2.0,4.96,0.16,0.0,0.0,1027.0,8228.0,0.0,0.0,0.0,0.0,0.0,1.0,0.0,0.0,0.0,-0.001,0.0,-0.1,0.0,-11.2,-12.9,0.0157,16.0,25903.0
2026-07-30T18:58:07.019Z,56.502,56.514,-7.5,7.4,0.0,0.0,0.0,0.0,0.0,1.0,1.0,0.0,1.0,0.0,0.0,0.0,8.0,6.0,0.0,0.0,0.0,0.0,0.0,0.0,0.0,0.0,2.0,12.0,1.0,12.05,5.0200000000000005,2.5,1.49,-2.3000000000000003,0.3,2.3000000000000003,301.0,-0.1,-13.2,0.5,9.3,-82.7,0.0,0.0,219.9,0.0,21.9,33.2,33.2,36.5,300.0,300.0,30.0,36.2,34.1,33.800000000000004,36.0,4.96,2.0,4.97,0.16,0.0,0.0,1027.0,8228.0,0.0,0.0,0.0,0.0,0.0,1.0,0.0,0.0,0.0,-0.001,0.0,-1.3,0.0,-11.0,-12.8,0.0158,16.0,25903.0
2026-07-30T18:58:07.031Z,56.514,56.526,-7.5,7.4,0.0,0.0,0.0,0.0,0.0,1.0,1.0,0.0,1.0,0.0,0.0,0.0,8.0,6.0,0.0,0.0,0.0,0.0,0.0,0.0,0.0,0.0,3.0,12.0,1.0,12.05,5.0200000000000005,2.5,1.49,-2.3000000000000003,0.3,2.3000000000000003,301.0,-0.1,-12.6,1.1,8.700000000000001,-82.7,0.0,0.0,219.7,0.0,21.9,33.2,33.2,36.5,300.0,300.0,30.0,36.2,34.1,33.800000000000004,36.0,4.95,2.0,4.97,0.16,0.0,0.0,1027.0,8228.0,0.0,0.0,0.0,0.0,0.0,1.0,0.0,0.0,0.0,-0.001,0.0,-0.6000000000000001,0.0,-10.7,-12.7,0.0145,16.0,25903.0
2026-07-30T18:58:07.042Z,56.525,56.538,-7.4,7.4,0.0,0.0,0.0,0.0,0.0,1.0,1.0,0.0,1.0,0.0,0.0,0.0,8.0,6.0,0.0,0.0,0.0,0.0,0.0,0.0,0.0,0.0,4.0,12.0,1.0,12.05,5.0200000000000005,2.5,1.49,-2.2,0.2,2.2,301.1,-0.1,-12.0,2.9000000000000004,11.0,-82.7,0.0,0.0,219.7,0.0,21.9,33.2,33.2,36.5,300.0,300.0,30.0,36.2,34.1,33.800000000000004,36.0,4.96,2.0,4.96,0.16,0.0,0.0,1027.0,8228.0,0.0,0.0,0.0,0.0,0.0,1.0,0.0,0.0,0.0,-0.001,0.0,0.4,0.0,-14.7,-12.8,0.0159,16.0,25903.0
2026-07-30T18:58:07.055Z,56.538,56.55,-7.4,7.4,0.0,0.0,0.0,0.0,0.0,1.0,1.0,0.0,1.0,0.0,0.0,0.0,8.0,6.0,0.0,0.0,0.0,0.0,0.0,0.0,0.0,0.0,5.0,12.0,1.0,12.05,5.0200000000000005,2.5,1.49,-2.3000000000000003,0.3,2.3000000000000003,301.0,-0.1,-12.0,1.7000000000000002,9.3,-82.7,0.0,0.0,219.8,0.0,21.9,33.2,33.2,36.5,300.0,300.0,30.0,36.2,34.1,33.800000000000004,36.0,4.96,2.0,4.96,0.16,0.0,0.0,1027.0,8228.0,0.0,0.0,0.0,0.0,0.0,1.0,0.0,0.0,0.0,-0.001,0.0,-0.2,0.0,-11.8,-12.8,0.015,16.0,25903.0
2026-07-30T18:58:07.066Z,56.549,56.562000000000005,-7.5,7.4,0.0,0.0,0.0,0.0,0.0,1.0,1.0,0.0,1.0,0.0,0.0,0.0,8.0,6.0,0.0,0.0,0.0,0.0,0.0,0.0,0.0,0.0,6.0,12.0,1.0,12.05,5.0200000000000005,2.5,1.49,-2.3000000000000003,0.2,2.3000000000000003,301.1,-0.1,-11.4,1.7000000000000002,9.3,-82.7,0.0,0.0,219.9,0.0,21.9,33.2,33.2,36.5,300.0,300.0,30.0,36.2,34.1,33.800000000000004,36.0,4.96,2.0,4.97,0.16,0.0,0.0,1027.0,8228.0,0.0,0.0,0.0,0.0,0.0,1.0,0.0,0.0,0.0,-0.001,0.0,-0.2,0.0,-11.8,-12.8,0.0149,16.0,25903.0
2026-07-30T18:58:07.079Z,56.562,56.574,-7.4,7.4,0.0,0.0,0.0,0.0,0.0,1.0,1.0,0.0,1.0,0.0,0.0,0.0,8.0,6.0,0.0,0.0,0.0,0.0,0.0,0.0,0.0,0.0,1.0,12.0,1.0,12.05,5.0200000000000005,2.5,1.49,-2.2,0.2,2.2,301.1,-0.1,-11.4,3.5,10.4,-82.7,0.0,0.0,220.0,0.0,21.9,33.2,33.2,36.5,300.0,300.0,30.0,36.2,34.1,33.800000000000004,36.0,4.96,2.0,4.97,0.16,0.0,0.0,1027.0,8228.0,0.0,0.0,0.0,0.0,0.0,1.0,0.0,0.0,0.0,-0.001,0.0,1.0,0.0,-14.5,-12.7,0.0151,16.0,25903.0
2026-07-30T18:58:07.090Z,56.573,56.586,-7.4,7.4,0.0,0.0,0.0,0.0,0.0,1.0,1.0,0.0,1.0,0.0,0.0,0.0,8.0,6.0,0.0,0.0,0.0,0.0,0.0,0.0,0.0,0.0,2.0,12.0,1.0,12.05,5.0200000000000005,2.5,1.49,-2.2,0.3,2.3000000000000003,301.0,-0.1,-11.4,1.7000000000000002,10.4,-82.7,0.0,0.0,219.8,0.0,21.9,33.2,33.2,36.5,300.0,300.0,30.0,36.2,34.1,33.800000000000004,36.0,4.96,2.0,4.96,0.16,0.0,0.0,1027.0,8228.0,0.0,0.0,0.0,0.0,0.0,1.0,0.0,0.0,0.0,-0.001,0.0,-0.5,0.0,-13.2,-12.8,0.0149,16.0,25903.0
2026-07-30T18:58:07.104Z,56.587,56.598,-7.4,7.4,0.0,0.0,0.0,0.0,0.0,1.0,1.0,0.0,1.0,0.0,0.0,0.0,8.0,6.0,0.0,0.0,0.0,0.0,0.0,0.0,0.0,0.0,2.0,12.0,1.0,12.05,5.0200000000000005,2.5,1.49,-2.2,0.2,2.2,301.1,-0.1,-11.4,2.3000000000000003,10.4,-82.7,0.0,0.0,219.7,0.0,21.9,33.2,33.2,36.5,300.0,300.0,30.0,36.2,34.1,33.800000000000004,36.0,4.96,2.0,4.96,0.16,0.0,0.0,1027.0,8228.0,0.0,0.0,0.0,0.0,0.0,1.0,0.0,0.0,0.0,-0.001,0.0,0.0,0.0,-13.6,-12.8,0.0151,16.0,25903.0
2026-07-30T18:58:07.116Z,56.599,56.61,-7.5,7.4,0.0,0.0,0.0,0.0,0.0,1.0,1.0,0.0,1.0,0.0,0.0,0.0,8.0,6.0,0.0,0.0,0.0,0.0,0.0,0.0,0.0,0.0,1.0,12.0,1.0,12.05,5.0200000000000005,2.5,1.49,-2.1,0.2,2.2,301.1,-0.1,-10.9,2.3000000000000003,11.6,-82.7,0.0,0.0,219.8,0.0,21.9,33.2,33.2,36.5,300.0,300.0,30.0,36.0,34.1,33.800000000000004,36.0,4.96,2.0,4.96,0.16,0.0,0.0,1027.0,8228.0,0.0,0.0,0.0,0.0,0.0,1.0,0.0,0.0,0.0,-0.001,0.0,-0.2,0.0,-14.9,-12.8,0.0153,16.0,25903.0
2026-07-30T18:58:07.127Z,56.61,56.622,-7.5,7.4,0.0,0.0,0.0,0.0,0.0,1.0,1.0,0.0,1.0,0.0,0.0,0.0,8.0,6.0,0.0,0.0,0.0,0.0,0.0,0.0,0.0,0.0,3.0,12.0,1.0,12.05,5.0200000000000005,2.5,1.49,-2.2,0.2,2.2,301.0,-0.1,-11.4,3.5,10.4,-82.7,0.0,0.0,219.8,0.0,21.9,33.2,33.2,36.5,300.0,300.0,30.0,36.0,34.1,33.800000000000004,36.0,4.95,2.0,4.96,0.16,0.0,0.0,1027.0,8228.0,0.0,0.0,0.0,0.0,0.0,1.0,0.0,0.0,0.0,-0.001,0.0,0.1,0.0,-12.9,-12.7,0.0157,16.0,25903.0
2026-07-30T18:58:07.139Z,56.622,56.634,-7.5,7.4,0.0,0.0,0.0,0.0,0.0,1.0,1.0,0.0,1.0,0.0,0.0,0.0,8.0,6.0,0.0,0.0,0.0,0.0,0.0,0.0,0.0,0.0,4.0,12.0,1.0,12.05,5.0200000000000005,2.5,1.49,-2.2,0.3,2.2,301.0,-0.1,-11.4,2.3000000000000003,10.4,-82.7,0.0,0.0,219.7,0.0,21.9,33.2,33.2,36.5,300.0,300.0,30.0,36.0,34.1,33.800000000000004,36.0,4.96,2.0,4.97,0.16,0.0,0.0,1027.0,8228.0,0.0,0.0,0.0,0.0,0.0,1.0,0.0,0.0,0.0,-0.001,0.0,-1.0,0.0,-12.8,-12.8,0.0153,16.0,25903.0
2026-07-30T18:58:07.151Z,56.634,56.646,-7.5,7.4,0.0,0.0,0.0,0.0,0.0,1.0,1.0,0.0,1.0,0.0,0.0,0.0,8.0,6.0,0.0,0.0,0.0,0.0,0.0,0.0,0.0,0.0,4.0,12.0,1.0,12.05,5.0200000000000005,2.5,1.49,-2.2,0.3,2.2,301.1,-0.1,-11.4,2.9000000000000004,11.0,-82.60000000000001,0.0,0.0,219.8,0.0,21.9,33.2,33.2,36.5,300.0,300.0,30.0,36.0,34.1,33.800000000000004,36.0,4.96,2.0,4.97,0.16,0.0,0.0,1027.0,8228.0,0.0,0.0,0.0,0.0,0.0,1.0,0.0,0.0,0.0,-0.001,0.0,-1.0,0.0,-12.7,-12.7,0.0153,16.0,25903.0
2026-07-30T18:58:07.163Z,56.646,56.658,-7.4,7.4,0.0,0.0,0.0,0.0,0.0,1.0,1.0,0.0,1.0,0.0,0.0,0.0,8.0,6.0,0.0,0.0,0.0,0.0,0.0,0.0,0.0,0.0,6.0,12.0,1.0,12.05,5.0200000000000005,2.5,1.49,-2.3000000000000003,0.2,2.3000000000000003,301.1,-0.1,-11.4,2.9000000000000004,10.4,-82.60000000000001,0.0,0.0,219.7,0.0,21.9,33.2,33.2,36.5,300.0,300.0,30.0,36.0,34.1,33.800000000000004,36.0,4.96,2.0,4.96,0.16,0.0,0.0,1027.0,8228.0,0.0,0.0,0.0,0.0,0.0,1.0,0.0,0.0,0.0,-0.001,0.0,-0.1,0.0,-11.2,-12.8,0.0153,16.0,25903.0
2026-07-30T18:58:07.175Z,56.658,56.67,-7.5,7.4,0.0,0.0,0.0,0.0,0.0,1.0,1.0,0.0,1.0,0.0,0.0,0.0,8.0,6.0,0.0,0.0,0.0,0.0,0.0,0.0,0.0,0.0,1.0,12.0,1.0,12.05,5.0200000000000005,2.5,1.49,-2.3000000000000003,0.3,2.3000000000000003,301.0,-0.1,-13.8,0.5,9.3,-82.60000000000001,0.0,0.0,219.8,0.0,21.9,33.2,33.2,36.5,300.0,300.0,30.0,36.0,34.1,33.800000000000004,36.0,4.96,2.0,4.96,0.16,0.0,0.0,1027.0,8228.0,0.0,0.0,0.0,0.0,0.0,1.0,0.0,0.0,0.0,-0.001,0.0,-1.3,0.0,-11.0,-12.8,0.0156,16.0,25903.0
2026-07-30T18:58:07.187Z,56.67,56.682,-7.4,7.4,0.0,0.0,0.0,0.0,0.0,1.0,1.0,0.0,1.0,0.0,0.0,0.0,8.0,6.0,0.0,0.0,0.0,0.0,0.0,0.0,0.0,0.0,3.0,12.0,1.0,12.05,5.0200000000000005,2.5,1.49,-2.3000000000000003,0.3,2.3000000000000003,301.0,-0.1,-13.8,1.1,8.1,-82.60000000000001,0.0,0.0,219.8,0.0,21.9,33.2,33.2,36.5,300.0,300.0,30.0,36.0,34.1,33.800000000000004,36.0,4.95,2.0,4.96,0.16,0.0,0.0,1027.0,8228.0,0.0,0.0,0.0,0.0,0.0,1.0,0.0,0.0,0.0,-0.001,0.0,-0.5,0.0,-10.1,-12.7,0.0156,16.0,25903.0
2026-07-30T18:58:07.199Z,56.682,56.694,-7.4,7.4,0.0,0.0,0.0,0.0,0.0,1.0,1.0,0.0,1.0,0.0,0.0,0.0,8.0,6.0,0.0,0.0,0.0,0.0,0.0,0.0,0.0,0.0,4.0,12.0,1.0,12.05,5.0200000000000005,2.5,1.49,-2.3000000000000003,0.3,2.3000000000000003,301.1,-0.1,-12.0,0.5,8.700000000000001,-82.60000000000001,0.0,0.0,219.9,0.0,21.9,33.2,33.2,36.5,300.0,300.0,30.0,36.0,34.1,33.800000000000004,36.0,4.96,1.99,4.96,0.16,0.0,0.0,1027.0,8228.0,0.0,0.0,0.0,0.0,0.0,1.0,0.0,0.0,0.0,-0.001,0.0,-1.2000000000000002,0.0,-10.3,-12.9,0.0159,16.0,25903.0
2026-07-30T18:58:07.211Z,56.694,56.706,-7.5,7.4,0.0,0.0,0.0,0.0,0.0,1.0,1.0,0.0,1.0,0.0,0.0,0.0,8.0,6.0,0.0,0.0,0.0,0.0,0.0,0.0,0.0,0.0,6.0,12.0,1.0,12.05,5.0200000000000005,2.5,1.49,-2.3000000000000003,0.2,2.3000000000000003,300.90000000000003,-0.1,-12.6,1.7000000000000002,8.700000000000001,-82.60000000000001,0.0,0.0,219.8,0.0,21.9,33.2,33.2,36.5,300.0,300.0,30.0,36.0,34.1,33.800000000000004,36.0,4.96,2.0,4.97,0.16,0.0,0.0,1027.0,8228.0,0.0,0.0,0.0,0.0,0.0,1.0,0.0,0.0,0.0,-0.001,0.0,-0.1,0.0,-11.2,-12.8,0.0158,16.0,25903.0
2026-07-30T18:58:07.223Z,56.706,56.718,-7.4,7.4,0.0,0.0,0.0,0.0,0.0,1.0,1.0,0.0,1.0,0.0,0.0,0.0,8.0,6.0,0.0,0.0,0.0,0.0,0.0,0.0,0.0,0.0,1.0,12.0,1.0,12.04,5.0200000000000005,2.51,1.5,-2.3000000000000003,0.2,2.3000000000000003,301.0,-0.1,-12.6,1.7000000000000002,8.1,-82.60000000000001,0.0,0.0,219.8,0.0,22.200000000000003,33.2,33.2,36.5,300.0,300.0,29.9,36.2,34.1,33.800000000000004,36.1,4.96,2.0,4.97,0.16,0.0,0.0,1027.0,8228.0,0.0,0.0,0.0,0.0,0.0,1.0,0.0,0.0,0.0,-0.001,0.0,0.0,0.0,-10.5,-12.7,0.0155,16.0,25903.0
2026-07-30T18:58:07.235Z,56.718,56.73,-7.4,7.4,0.0,0.0,0.0,0.0,0.0,1.0,1.0,0.0,1.0,0.0,0.0,0.0,8.0,6.0,0.0,0.0,0.0,0.0,0.0,0.0,0.0,0.0,2.0,12.0,1.0,12.04,5.0200000000000005,2.51,1.5,-2.2,0.2,2.2,301.1,-0.1,-13.2,2.9000000000000004,11.0,-82.60000000000001,0.0,0.0,219.7,0.0,22.200000000000003,33.2,33.2,36.5,300.0,300.0,29.9,36.2,34.1,33.800000000000004,36.1,4.95,2.0,4.97,0.16,0.0,0.0,1027.0,8228.0,0.0,0.0,0.0,0.0,0.0,1.0,0.0,0.0,0.0,-0.001,0.0,0.4,0.0,-14.7,-12.8,0.0157,16.0,25903.0
2026-07-30T18:58:07.247Z,56.73,56.742,-7.4,7.4,0.0,0.0,0.0,0.0,0.0,1.0,1.0,0.0,1.0,0.0,0.0,0.0,8.0,6.0,0.0,0.0,0.0,0.0,0.0,0.0,0.0,0.0,3.0,12.0,1.0,12.04,5.0200000000000005,2.51,1.5,-2.3000000000000003,0.3,2.3000000000000003,301.0,-0.1,-12.6,1.1,8.700000000000001,-82.60000000000001,0.0,0.0,219.7,0.0,22.200000000000003,33.2,33.2,36.5,300.0,300.0,29.9,36.2,34.1,33.800000000000004,36.1,4.96,2.0,4.96,0.16,0.0,0.0,1027.0,8228.0,0.0,0.0,0.0,0.0,0.0,1.0,0.0,0.0,0.0,-0.001,0.0,-0.6000000000000001,0.0,-10.8,-12.8,0.0149,16.0,25903.0
2026-07-30T18:58:07.259Z,56.742,56.754,-7.4,7.4,0.0,0.0,0.0,0.0,0.0,1.0,1.0,0.0,1.0,0.0,0.0,0.0,8.0,6.0,0.0,0.0,0.0,0.0,0.0,0.0,0.0,0.0,5.0,12.0,1.0,12.04,5.0200000000000005,2.51,1.5,-2.3000000000000003,0.3,2.3000000000000003,301.0,-0.1,-12.6,1.7000000000000002,9.3,-82.60000000000001,0.0,0.0,219.6,0.0,22.200000000000003,33.2,33.2,36.5,300.0,300.0,29.9,36.2,34.1,33.800000000000004,36.1,4.96,2.0,4.97,0.16,0.0,0.0,1027.0,8228.0,0.0,0.0,0.0,0.0,0.0,1.0,0.0,0.0,0.0,-0.001,0.0,-0.2,0.0,-11.8,-12.9,0.0159,16.0,25903.0
2026-07-30T18:58:07.271Z,56.754,56.766,-7.5,7.4,0.0,0.0,0.0,0.0,0.0,1.0,1.0,0.0,1.0,0.0,0.0,0.0,8.0,6.0,0.0,0.0,0.0,0.0,0.0,0.0,0.0,0.0,5.0,12.0,1.0,12.04,5.0200000000000005,2.51,1.5,-2.2,0.2,2.2,301.1,-0.1,-12.0,3.5,9.3,-82.60000000000001,0.0,0.0,219.6,0.0,22.200000000000003,33.2,33.2,36.5,300.0,300.0,29.9,36.2,34.1,33.800000000000004,36.1,4.95,2.0,4.97,0.16,0.0,0.0,1027.0,8228.0,0.0,0.0,0.0,0.0,0.0,1.0,0.0,0.0,0.0,-0.001,0.0,1.3,0.0,-13.1,-12.8,0.0156,16.0,25903.0
2026-07-30T18:58:07.283Z,56.766,56.778,-7.5,7.4,0.0,0.0,0.0,0.0,0.0,1.0,1.0,0.0,1.0,0.0,0.0,0.0,8.0,6.0,0.0,0.0,0.0,0.0,0.0,0.0,0.0,0.0,6.0,12.0,1.0,12.04,5.0200000000000005,2.51,1.5,-2.2,0.3,2.2,301.0,-0.1,-12.0,1.7000000000000002,10.4,-82.60000000000001,0.0,0.0,219.7,0.0,22.200000000000003,33.2,33.2,36.5,300.0,300.0,29.9,36.2,34.1,33.800000000000004,36.1,4.96,2.0,4.97,0.16,0.0,0.0,1027.0,8228.0,0.0,0.0,0.0,0.0,0.0,1.0,0.0,0.0,0.0,-0.001,0.0,-0.4,0.0,-13.2,-12.8,0.0153,16.0,25903.0
2026-07-30T18:58:07.295Z,56.778,56.79,-7.5,7.4,0.0,0.0,0.0,0.0,0.0,1.0,1.0,0.0,1.0,0.0,0.0,0.0,8.0,6.0,0.0,0.0,0.0,0.0,0.0,0.0,0.0,0.0,1.0,12.0,1.0,12.04,5.0200000000000005,2.51,1.5,-2.2,0.3,2.2,301.1,-0.1,-11.4,2.3000000000000003,9.9,-82.5,0.0,0.0,219.8,0.0,22.200000000000003,33.2,33.2,36.5,300.0,300.0,29.9,36.2,34.1,33.800000000000004,36.1,4.95,2.0,4.96,0.16,0.0,0.0,1027.0,8228.0,0.0,0.0,0.0,0.0,0.0,1.0,0.0,0.0,0.0,-0.001,0.0,0.1,0.0,-12.9,-12.8,0.0152,16.0,25903.0
2026-07-30T18:58:07.307Z,56.79,56.802,-7.5,7.4,0.0,0.0,0.0,0.0,0.0,1.0,1.0,0.0,1.0,0.0,0.0,0.0,8.0,6.0,0.0,0.0,0.0,0.0,0.0,0.0,0.0,0.0,3.0,12.0,1.0,12.04,5.0200000000000005,2.51,1.5,-2.2,0.2,2.2,301.1,-0.1,-10.3,2.9000000000000004,9.9,-82.5,0.0,0.0,219.8,0.0,22.200000000000003,33.2,33.2,36.5,300.0,300.0,29.9,36.2,34.1,33.800000000000004,36.1,4.95,2.0,4.96,0.16,0.0,0.0,1027.0,8228.0,0.0,0.0,0.0,0.0,0.0,1.0,0.0,0.0,0.0,-0.001,0.0,0.6000000000000001,0.0,-13.4,-12.8,0.0152,16.0,25903.0
2026-07-30T18:58:07.320Z,56.803,56.814,-7.4,7.4,0.0,0.0,0.0,0.0,0.0,1.0,1.0,0.0,1.0,0.0,0.0,0.0,8.0,6.0,0.0,0.0,0.0,0.0,0.0,0.0,0.0,0.0,3.0,12.0,1.0,12.04,5.01,2.51,1.49,-2.1,0.2,2.1,301.0,-0.1,-10.3,3.5,11.6,-82.5,0.0,0.0,219.7,0.0,22.1,33.300000000000004,33.2,36.6,300.0,300.0,29.9,36.3,34.2,33.800000000000004,36.1,4.95,2.0,4.96,0.16,0.0,0.0,1027.0,8228.0,0.0,0.0,0.0,0.0,0.0,1.0,0.0,0.0,0.0,-0.001,0.0,0.8,0.0,-15.8,-12.7,0.0151,16.0,25903.0
2026-07-30T18:58:07.331Z,56.814,56.826,-7.4,7.4,0.0,0.0,0.0,0.0,0.0,1.0,1.0,0.0,1.0,0.0,0.0,0.0,8.0,6.0,0.0,0.0,0.0,0.0,0.0,0.0,0.0,0.0,5.0,12.0,1.0,12.04,5.01,2.51,1.49,-2.2,0.3,2.2,301.1,-0.1,-10.9,2.3000000000000003,11.0,-82.5,0.0,0.0,219.7,0.0,22.1,33.300000000000004,33.2,36.6,300.0,300.0,29.9,36.3,34.2,33.800000000000004,36.1,4.95,2.0,4.96,0.16,0.0,0.0,1027.0,8228.0,0.0,0.0,0.0,0.0,0.0,1.0,0.0,0.0,0.0,-0.001,0.0,0.0,0.0,-14.3,-12.8,0.0146,16.0,25903.0
2026-07-30T18:58:07.343Z,56.826,56.838,-7.5,7.4,0.0,0.0,0.0,0.0,0.0,1.0,1.0,0.0,1.0,0.0,0.0,0.0,8.0,6.0,0.0,0.0,0.0,0.0,0.0,0.0,0.0,0.0,5.0,12.0,1.0,12.04,5.01,2.51,1.49,-2.2,0.2,2.2,301.1,-0.1,-11.4,2.3000000000000003,9.9,-82.5,0.0,0.0,219.7,0.0,22.1,33.300000000000004,33.2,36.6,300.0,300.0,29.9,36.3,34.2,33.800000000000004,36.1,4.95,2.0,4.96,0.16,0.0,0.0,1027.0,8228.0,0.0,0.0,0.0,0.0,0.0,1.0,0.0,0.0,0.0,-0.001,0.0,0.1,0.0,-12.9,-12.8,0.015,16.0,25903.0
2026-07-30T18:58:07.354Z,56.837,56.85,-7.5,7.4,0.0,0.0,0.0,0.0,0.0,1.0,1.0,0.0,1.0,0.0,0.0,0.0,8.0,6.0,0.0,0.0,0.0,0.0,0.0,0.0,0.0,0.0,6.0,12.0,1.0,12.04,5.01,2.51,1.49,-2.1,0.2,2.1,300.90000000000003,-0.1,-10.9,2.9000000000000004,12.2,-82.5,0.0,0.0,219.9,0.0,22.1,33.300000000000004,33.2,36.6,300.0,300.0,29.9,36.3,34.2,33.800000000000004,36.1,4.95,2.0,4.96,0.16,0.0,0.0,1027.0,8228.0,0.0,0.0,0.0,0.0,0.0,1.0,0.0,0.0,0.0,-0.001,0.0,0.1,0.0,-16.0,-12.7,0.0151,16.0,25903.0
2026-07-30T18:58:07.367Z,56.85,56.862,-7.4,7.4,0.0,0.0,0.0,0.0,0.0,1.0,1.0,0.0,1.0,0.0,0.0,0.0,8.0,6.0,0.0,0.0,0.0,0.0,0.0,0.0,0.0,0.0,1.0,12.0,1.0,12.04,5.01,2.51,1.49,-2.2,0.2,2.2,301.0,-0.1,-12.6,3.5,9.3,-82.5,0.0,0.0,219.9,0.0,22.1,33.300000000000004,33.2,36.6,300.0,300.0,29.9,36.3,34.2,33.800000000000004,36.1,4.95,2.0,4.96,0.16,0.0,0.0,1027.0,8228.0,0.0,0.0,0.0,0.0,0.0,1.0,0.0,0.0,0.0,-0.001,0.0,1.2000000000000002,0.0,-13.2,-12.7,0.0143,16.0,25903.0
2026-07-30T18:58:07.379Z,56.862,56.874,-7.4,7.4,0.0,0.0,0.0,0.0,0.0,1.0,1.0,0.0,1.0,0.0,0.0,0.0,8.0,6.0,0.0,0.0,0.0,0.0,0.0,0.0,0.0,0.0,2.0,12.0,1.0,12.04,5.01,2.51,1.49,-2.2,0.2,2.2,300.90000000000003,-0.1,-11.4,2.9000000000000004,9.9,-82.5,0.0,0.0,219.9,0.0,22.1,33.300000000000004,33.2,36.6,300.0,300.0,29.9,36.3,34.2,33.800000000000004,36.1,4.95,2.0,4.96,0.16,0.0,0.0,1027.0,8228.0,0.0,0.0,0.0,0.0,0.0,1.0,0.0,0.0,0.0,-0.001,0.0,0.6000000000000001,0.0,-13.4,-12.8,0.0151,16.0,25903.0
2026-07-30T18:58:07.391Z,56.874,56.886,-7.4,7.4,0.0,0.0,0.0,0.0,0.0,1.0,1.0,0.0,1.0,0.0,0.0,0.0,8.0,6.0,0.0,0.0,0.0,0.0,0.0,0.0,0.0,0.0,4.0,12.0,1.0,12.04,5.01,2.51,1.49,-2.2,0.2,2.2,301.0,-0.1,-11.4,2.3000000000000003,10.4,-82.60000000000001,0.0,0.0,219.8,0.0,22.1,33.300000000000004,33.2,36.6,300.0,300.0,29.9,36.3,34.2,33.800000000000004,36.1,4.95,2.0,4.97,0.16,0.0,0.0,1027.0,8228.0,0.0,0.0,0.0,0.0,0.0,1.0,0.0,0.0,0.0,-0.001,0.0,0.0,0.0,-13.6,-12.9,0.0152,16.0,25903.0
2026-07-30T18:58:07.403Z,56.886,56.898,-7.4,7.4,0.0,0.0,0.0,0.0,0.0,1.0,1.0,0.0,1.0,0.0,0.0,0.0,8.0,6.0,0.0,0.0,0.0,0.0,0.0,0.0,0.0,0.0,5.0,12.0,1.0,12.04,5.01,2.51,1.49,-2.3000000000000003,0.3,2.3000000000000003,301.1,-0.1,-11.4,1.7000000000000002,9.9,-82.60000000000001,0.0,0.0,219.7,0.0,22.1,33.300000000000004,33.2,36.6,300.0,300.0,29.9,36.3,34.2,33.800000000000004,36.1,4.95,2.0,4.96,0.16,0.0,0.0,1027.0,8228.0,0.0,0.0,0.0,0.0,0.0,1.0,0.0,0.0,0.0,-0.001,0.0,-0.3,0.0,-12.5,-12.9,0.0152,16.0,25903.0
2026-07-30T18:58:07.422Z,56.905,56.91,-7.5,7.4,0.0,0.0,0.0,0.0,0.0,1.0,1.0,0.0,1.0,0.0,0.0,0.0,8.0,6.0,0.0,0.0,0.0,0.0,0.0,0.0,0.0,0.0,6.0,12.0,1.0,12.04,5.01,2.51,1.49,-2.2,0.2,2.2,301.0,-0.1,-12.0,2.3000000000000003,10.4,-82.60000000000001,0.0,0.0,219.7,0.0,22.1,33.300000000000004,33.2,36.6,300.0,300.0,29.9,36.3,34.2,33.800000000000004,36.1,4.96,2.0,4.96,0.16,0.0,0.0,1027.0,8228.0,0.0,0.0,0.0,0.0,0.0,1.0,0.0,0.0,0.0,-0.001,0.0,0.0,0.0,-13.6,-12.8,0.0155,16.0,25903.0
2026-07-30T18:58:07.427Z,56.91,56.922,-7.5,7.4,0.0,0.0,0.0,0.0,0.0,1.0,1.0,0.0,1.0,0.0,0.0,0.0,8.0,6.0,0.0,0.0,0.0,0.0,0.0,0.0,0.0,0.0,4.0,12.0,1.0,12.04,5.01,2.51,1.49,-2.2,0.2,2.3000000000000003,301.1,-0.1,-12.0,3.5,9.3,-82.60000000000001,0.0,0.0,219.7,0.0,22.1,33.300000000000004,33.300000000000004,36.6,300.0,300.0,29.9,36.4,34.2,33.800000000000004,36.1,4.95,2.0,4.96,0.16,0.0,0.0,1027.0,8228.0,0.0,0.0,0.0,0.0,0.0,1.0,0.0,0.0,0.0,-0.001,0.0,1.2000000000000002,0.0,-13.1,-12.7,0.0152,16.0,25903.0
2026-07-30T18:58:07.439Z,56.922,56.934000000000005,-7.5,7.4,0.0,0.0,0.0,0.0,0.0,1.0,1.0,0.0,1.0,0.0,0.0,0.0,8.0,6.0,0.0,0.0,0.0,0.0,0.0,0.0,0.0,0.0,4.0,12.0,1.0,12.04,5.01,2.51,1.49,-2.2,0.3,2.2,301.1,-0.1,-12.0,1.7000000000000002,10.4,-82.60000000000001,0.0,0.0,219.8,0.0,22.1,33.300000000000004,33.300000000000004,36.6,300.0,300.0,29.9,36.4,34.2,33.800000000000004,36.1,4.96,2.0,4.96,0.16,0.0,0.0,1027.0,8228.0,0.0,0.0,0.0,0.0,0.0,1.0,0.0,0.0,0.0,-0.001,0.0,-0.5,0.0,-13.2,-12.8,0.0153,16.0,25903.0
2026-07-30T18:58:07.451Z,56.934,56.946,-7.4,7.4,0.0,0.0,0.0,0.0,0.0,1.0,1.0,0.0,1.0,0.0,0.0,0.0,8.0,6.0,0.0,0.0,0.0,0.0,0.0,0.0,0.0,0.0,5.0,12.0,1.0,12.04,5.01,2.51,1.49,-2.3000000000000003,0.2,2.3000000000000003,301.0,-0.1,-13.2,1.7000000000000002,8.1,-82.60000000000001,0.0,0.0,219.8,0.0,22.1,33.300000000000004,33.300000000000004,36.6,300.0,300.0,29.9,36.4,34.2,33.800000000000004,36.1,4.96,2.0,4.96,0.16,0.0,0.0,1027.0,8228.0,0.0,0.0,0.0,0.0,0.0,1.0,0.0,0.0,0.0,-0.001,0.0,0.0,0.0,-10.5,-12.8,0.0153,16.0,25903.0
2026-07-30T18:58:07.463Z,56.946,56.958,-7.4,7.4,0.0,0.0,0.0,0.0,0.0,1.0,1.0,0.0,1.0,0.0,0.0,0.0,8.0,6.0,0.0,0.0,0.0,0.0,0.0,0.0,0.0,0.0,1.0,12.0,1.0,12.04,5.01,2.51,1.49,-2.3000000000000003,0.2,2.3000000000000003,301.0,-0.1,-12.6,2.3000000000000003,9.3,-82.60000000000001,0.0,0.0,219.8,0.0,22.1,33.300000000000004,33.300000000000004,36.6,300.0,300.0,29.9,36.4,34.2,33.800000000000004,36.1,4.95,2.0,4.96,0.16,0.0,0.0,1027.0,8228.0,0.0,0.0,0.0,0.0,0.0,1.0,0.0,0.0,0.0,-0.001,0.0,0.2,0.0,-12.3,-12.8,0.0159,16.0,25903.0
2026-07-30T18:58:07.475Z,56.958,56.97,-7.5,7.4,0.0,0.0,0.0,0.0,0.0,1.0,1.0,0.0,1.0,0.0,0.0,0.0,8.0,6.0,0.0,0.0,0.0,0.0,0.0,0.0,0.0,0.0,2.0,12.0,1.0,12.04,5.01,2.51,1.49,-2.4000000000000004,0.3,2.4000000000000004,301.1,-0.1,-12.6,0.5,8.1,-82.60000000000001,0.0,0.0,219.7,0.0,22.1,33.300000000000004,33.300000000000004,36.6,300.0,300.0,29.9,36.4,34.2,33.800000000000004,36.1,4.95,2.0,4.97,0.16,0.0,0.0,1027.0,8228.0,0.0,0.0,0.0,0.0,0.0,1.0,0.0,0.0,0.0,-0.001,0.0,-1.0,0.0,-9.7,-12.9,0.0157,16.0,25903.0
2026-07-30T18:58:07.487Z,56.97,56.982,-7.5,7.4,0.0,0.0,0.0,0.0,0.0,1.0,1.0,0.0,1.0,0.0,0.0,0.0,8.0,6.0,0.0,0.0,0.0,0.0,0.0,0.0,0.0,0.0,3.0,12.0,1.0,12.04,5.01,2.51,1.49,-2.3000000000000003,0.3,2.3000000000000003,301.0,-0.1,-13.2,1.7000000000000002,8.700000000000001,-82.60000000000001,0.0,0.0,219.6,0.0,22.1,33.300000000000004,33.300000000000004,36.6,300.0,300.0,29.9,36.4,34.2,33.800000000000004,36.1,4.95,2.0,4.96,0.16,0.0,0.0,1027.0,8228.0,0.0,0.0,0.0,0.0,0.0,1.0,0.0,0.0,0.0,-0.001,0.0,-0.1,0.0,-11.2,-12.8,0.0162,16.0,25903.0
2026-07-30T18:58:07.499Z,56.982,56.994,-7.5,7.4,0.0,0.0,0.0,0.0,0.0,1.0,1.0,0.0,1.0,0.0,0.0,0.0,8.0,6.0,0.0,0.0,0.0,0.0,0.0,0.0,0.0,0.0,4.0,12.0,1.0,12.04,5.01,2.51,1.49,-2.2,0.2,2.2,301.0,-0.1,-12.0,2.3000000000000003,9.3,-82.60000000000001,0.0,0.0,219.8,0.0,22.1,33.300000000000004,33.300000000000004,36.6,300.0,300.0,29.9,36.4,34.2,33.800000000000004,36.1,4.95,2.0,4.96,0.16,0.0,0.0,1027.0,8228.0,0.0,0.0,0.0,0.0,0.0,1.0,0.0,0.0,0.0,-0.001,0.0,0.2,0.0,-12.3,-12.7,0.0157,16.0,25903.0
2026-07-30T18:58:07.511Z,56.994,57.006,-7.5,7.4,0.0,0.0,0.0,0.0,0.0,1.0,1.0,0.0,1.0,0.0,0.0,0.0,8.0,6.0,0.0,0.0,0.0,0.0,0.0,0.0,0.0,0.0,5.0,12.0,1.0,12.04,5.01,2.51,1.49,-2.3000000000000003,0.2,2.3000000000000003,301.1,-0.1,-13.2,2.3000000000000003,8.700000000000001,-82.60000000000001,0.0,0.0,219.9,0.0,22.1,33.300000000000004,33.300000000000004,36.6,300.0,300.0,29.9,36.4,34.2,33.800000000000004,36.1,4.96,2.0,4.96,0.16,0.0,0.0,1027.0,8228.0,0.0,0.0,0.0,0.0,0.0,1.0,0.0,0.0,0.0,-0.001,0.0,0.3,0.0,-11.6,-12.7,0.0153,16.0,25903.0
2026-07-30T18:58:07.524Z,57.007,57.018,-7.4,7.4,0.0,0.0,0.0,0.0,0.0,1.0,1.0,0.0,1.0,0.0,0.0,0.0,8.0,6.0,0.0,0.0,0.0,0.0,0.0,0.0,0.0,0.0,6.0,12.0,1.0,12.05,5.01,2.51,1.49,-2.3000000000000003,0.3,2.4000000000000004,301.0,-0.1,-12.6,1.7000000000000002,7.5,-82.60000000000001,0.0,0.0,219.8,0.0,22.4,33.300000000000004,33.300000000000004,36.6,300.0,300.0,29.700000000000003,36.2,34.2,33.800000000000004,36.2,4.95,2.0,4.97,0.16,0.0,0.0,1027.0,8228.0,0.0,0.0,0.0,0.0,0.0,1.0,0.0,0.0,0.0,-0.001,0.0,0.0,0.0,-9.8,-12.7,0.0155,16.0,25903.0
2026-07-30T18:58:07.535Z,57.018,57.03,-7.4,7.4,0.0,0.0,0.0,0.0,0.0,1.0,1.0,0.0,1.0,0.0,0.0,0.0,8.0,6.0,0.0,0.0,0.0,0.0,0.0,0.0,0.0,0.0,6.0,12.0,1.0,12.05,5.01,2.51,1.49,-2.4000000000000004,0.3,2.4000000000000004,301.0,-0.1,-13.2,0.5,8.1,-82.5,0.0,0.0,219.7,0.0,22.4,33.300000000000004,33.300000000000004,36.6,300.0,300.0,29.700000000000003,36.2,34.2,33.800000000000004,36.2,4.95,2.0,4.97,0.16,0.0,0.0,1027.0,8228.0,0.0,0.0,0.0,0.0,0.0,1.0,0.0,0.0,0.0,-0.001,0.0,-1.0,0.0,-9.7,-12.8,0.0146,16.0,25903.0
2026-07-30T18:58:07.547Z,57.03,57.042,-7.5,7.4,0.0,0.0,0.0,0.0,0.0,1.0,1.0,0.0,1.0,0.0,0.0,0.0,8.0,6.0,0.0,0.0,0.0,0.0,0.0,0.0,0.0,0.0,1.0,12.0,1.0,12.05,5.01,2.51,1.49,-2.2,0.2,2.3000000000000003,301.1,-0.1,-12.0,2.3000000000000003,9.9,-82.5,0.0,0.0,219.7,0.0,22.4,33.300000000000004,33.300000000000004,36.6,300.0,300.0,29.700000000000003,36.2,34.2,33.800000000000004,36.2,4.95,2.0,4.97,0.16,0.0,0.0,1027.0,8228.0,0.0,0.0,0.0,0.0,0.0,1.0,0.0,0.0,0.0,-0.001,0.0,0.1,0.0,-12.9,-12.8,0.0161,16.0,25903.0
2026-07-30T18:58:07.559Z,57.042,57.054,-7.4,7.4,0.0,0.0,0.0,0.0,0.0,1.0,1.0,0.0,1.0,0.0,0.0,0.0,8.0,6.0,0.0,0.0,0.0,0.0,0.0,0.0,0.0,0.0,2.0,12.0,1.0,12.05,5.01,2.51,1.49,-2.2,0.2,2.2,301.0,-0.1,-11.4,3.5,11.0,-82.5,0.0,0.0,219.7,0.0,22.4,33.300000000000004,33.300000000000004,36.6,300.0,300.0,29.700000000000003,36.2,34.2,33.800000000000004,36.2,4.95,2.0,4.97,0.16,0.0,0.0,1027.0,8228.0,0.0,0.0,0.0,0.0,0.0,1.0,0.0,0.0,0.0,-0.001,0.0,0.9,0.0,-15.1,-12.8,0.0153,16.0,25903.0
2026-07-30T18:58:07.571Z,57.054,57.066,-7.5,7.4,0.0,0.0,0.0,0.0,0.0,1.0,1.0,0.0,1.0,0.0,0.0,0.0,8.0,6.0,0.0,0.0,0.0,0.0,0.0,0.0,0.0,0.0,3.0,12.0,1.0,12.05,5.01,2.51,1.49,-2.2,0.2,2.3000000000000003,301.0,-0.1,-11.4,2.3000000000000003,9.3,-82.5,0.0,0.0,219.8,0.0,22.4,33.300000000000004,33.300000000000004,36.6,300.0,300.0,29.700000000000003,36.2,34.2,33.800000000000004,36.2,4.96,2.0,4.96,0.16,0.0,0.0,1027.0,8228.0,0.0,0.0,0.0,0.0,0.0,1.0,0.0,0.0,0.0,-0.001,0.0,0.2,0.0,-12.3,-12.8,0.0149,16.0,25903.0
2026-07-30T18:58:07.583Z,57.066,57.078,-7.4,7.4,0.0,0.0,0.0,0.0,0.0,1.0,1.0,0.0,1.0,0.0,0.0,0.0,8.0,6.0,0.0,0.0,0.0,0.0,0.0,0.0,0.0,0.0,5.0,12.0,1.0,12.05,5.01,2.51,1.49,-2.2,0.2,2.2,300.90000000000003,-0.1,-11.4,3.5,10.4,-82.60000000000001,0.0,0.0,219.9,0.0,22.4,33.300000000000004,33.300000000000004,36.6,300.0,300.0,29.700000000000003,36.2,34.2,33.800000000000004,36.2,4.95,2.0,4.96,0.16,0.0,0.0,1027.0,8228.0,0.0,0.0,0.0,0.0,0.0,1.0,0.0,0.0,0.0,-0.001,0.0,1.0,0.0,-14.5,-12.7,0.0155,16.0,25903.0
2026-07-30T18:58:07.595Z,57.078,57.09,-7.5,7.4,0.0,0.0,0.0,0.0,0.0,1.0,1.0,0.0,1.0,0.0,0.0,0.0,8.0,6.0,0.0,0.0,0.0,0.0,0.0,0.0,0.0,0.0,6.0,12.0,1.0,12.05,5.01,2.51,1.49,-2.2,0.2,2.2,301.1,-0.1,-10.3,3.5,10.4,-82.60000000000001,0.0,0.0,219.8,0.0,22.4,33.300000000000004,33.300000000000004,36.6,300.0,300.0,29.700000000000003,36.2,34.2,33.800000000000004,36.2,4.95,2.0,4.96,0.16,0.0,0.0,1027.0,8228.0,0.0,0.0,0.0,0.0,0.0,1.0,0.0,0.0,0.0,-0.001,0.0,1.0,0.0,-14.5,-12.8,0.015,16.0,25903.0
2026-07-30T18:58:07.607Z,57.09,57.102,-7.4,7.4,0.0,0.0,0.0,0.0,0.0,1.0,1.0,0.0,1.0,0.0,0.0,0.0,8.0,6.0,0.0,0.0,0.0,0.0,0.0,0.0,0.0,0.0,1.0,12.0,1.0,12.05,5.01,2.51,1.49,-2.2,0.2,2.2,301.1,-0.1,-10.9,3.5,10.4,-82.60000000000001,0.0,0.0,219.7,0.0,22.4,33.300000000000004,33.300000000000004,36.6,300.0,300.0,29.700000000000003,36.2,34.2,33.800000000000004,36.2,4.96,2.0,4.96,0.16,0.0,0.0,1027.0,8228.0,0.0,0.0,0.0,0.0,0.0,1.0,0.0,0.0,0.0,-0.001,0.0,1.0,0.0,-14.5,-12.7,0.0151,16.0,25903.0
2026-07-30T18:58:07.619Z,57.102,57.114,-7.5,7.4,0.0,0.0,0.0,0.0,0.0,1.0,1.0,0.0,1.0,0.0,0.0,0.0,8.0,6.0,0.0,0.0,0.0,0.0,0.0,0.0,0.0,0.0,3.0,12.0,1.0,12.05,5.01,2.51,1.49,-2.2,0.3,2.2,301.0,-0.1,-10.9,2.3000000000000003,10.4,-82.60000000000001,0.0,0.0,219.8,0.0,22.4,33.300000000000004,33.300000000000004,36.6,300.0,300.0,29.700000000000003,36.2,34.2,33.800000000000004,36.2,4.95,2.0,4.97,0.16,0.0,0.0,1027.0,8228.0,0.0,0.0,0.0,0.0,0.0,1.0,0.0,0.0,0.0,-0.001,0.0,0.0,0.0,-13.6,-12.8,0.0154,16.0,25903.0
2026-07-30T18:58:07.630Z,57.113,57.126,-7.4,7.4,0.0,0.0,0.0,0.0,0.0,1.0,1.0,0.0,1.0,0.0,0.0,0.0,8.0,6.0,0.0,0.0,0.0,0.0,0.0,0.0,0.0,0.0,4.0,12.0,1.0,12.04,5.0200000000000005,2.5,1.49,-2.2,0.2,2.2,301.1,-0.1,-10.9,2.9000000000000004,11.6,-82.60000000000001,0.0,0.0,219.7,0.0,22.1,33.300000000000004,33.300000000000004,36.6,300.0,300.0,29.700000000000003,36.1,34.2,33.9,36.1,4.95,2.0,4.97,0.16,0.0,0.0,1027.0,8228.0,0.0,0.0,0.0,0.0,0.0,1.0,0.0,0.0,0.0,-0.001,0.0,0.3,0.0,-15.4,-12.8,0.0153,16.0,25903.0
2026-07-30T18:58:07.643Z,57.126,57.138,-7.5,7.4,0.0,0.0,0.0,0.0,0.0,1.0,1.0,0.0,1.0,0.0,0.0,0.0,8.0,6.0,0.0,0.0,0.0,0.0,0.0,0.0,0.0,0.0,5.0,12.0,1.0,12.04,5.0200000000000005,2.5,1.49,-2.2,0.2,2.2,301.0,-0.1,-11.4,3.5,11.0,-82.60000000000001,0.0,0.0,219.8,0.0,22.1,33.300000000000004,33.300000000000004,36.6,300.0,300.0,29.700000000000003,36.1,34.2,33.9,36.1,4.95,2.0,4.96,0.16,0.0,0.0,1027.0,8228.0,0.0,0.0,0.0,0.0,0.0,1.0,0.0,0.0,0.0,-0.001,0.0,-0.3,0.0,-12.5,-12.8,0.0154,16.0,25903.0
2026-07-30T18:58:07.655Z,57.138,57.15,-7.4,7.4,0.0,0.0,0.0,0.0,0.0,1.0,1.0,0.0,1.0,0.0,0.0,0.0,8.0,6.0,0.0,0.0,0.0,0.0,0.0,0.0,0.0,0.0,1.0,12.0,1.0,12.04,5.0200000000000005,2.5,1.49,-2.2,0.2,2.2,300.90000000000003,-0.1,-11.4,3.5,11.0,-82.60000000000001,0.0,0.0,219.8,0.0,22.1,33.300000000000004,33.300000000000004,36.6,300.0,300.0,29.700000000000003,36.1,34.2,33.9,36.1,4.96,2.0,4.96,0.16,0.0,0.0,1027.0,8228.0,0.0,0.0,0.0,0.0,0.0,1.0,0.0,0.0,0.0,-0.001,0.0,-1.4,0.0,-11.6,-12.7,0.0154,16.0,25903.0
2026-07-30T18:58:07.667Z,57.15,57.162,-7.4,7.4,0.0,0.0,0.0,0.0,0.0,1.0,1.0,0.0,1.0,0.0,0.0,0.0,8.0,6.0,0.0,0.0,0.0,0.0,0.0,0.0,0.0,0.0,2.0,12.0,1.0,12.04,5.0200000000000005,2.5,1.49,-2.3000000000000003,0.3,2.3000000000000003,301.1,-0.1,-11.4,1.7000000000000002,9.3,-82.60000000000001,0.0,0.0,219.8,0.0,22.1,33.300000000000004,33.300000000000004,36.6,300.0,300.0,29.700000000000003,36.1,34.2,33.9,36.1,4.96,2.0,4.96,0.16,0.0,0.0,1027.0,8228.0,0.0,0.0,0.0,0.0,0.0,1.0,0.0,0.0,0.0,-0.001,0.0,-0.9,0.0,-12.1,-12.8,0.0157,16.0,25903.0
2026-07-30T18:58:07.678Z,57.161,57.174,-7.5,7.4,0.0,0.0,0.0,0.0,0.0,1.0,1.0,0.0,1.0,0.0,0.0,0.0,8.0,6.0,0.0,0.0,0.0,0.0,0.0,0.0,0.0,0.0,3.0,12.0,1.0,12.04,5.0200000000000005,2.5,1.49,-2.3000000000000003,0.2,2.3000000000000003,301.0,-0.1,-12.0,1.7000000000000002,11.0,-82.60000000000001,0.0,0.0,219.8,0.0,22.1,33.300000000000004,33.300000000000004,36.6,300.0,300.0,29.700000000000003,36.1,34.2,33.9,36.1,4.96,2.0,4.96,0.16,0.0,0.0,1027.0,8228.0,0.0,0.0,0.0,0.0,0.0,1.0,0.0,0.0,0.0,-0.001,0.0,0.0,0.0,-10.5,-12.8,0.0156,16.0,25903.0
2026-07-30T18:58:07.691Z,57.174,57.186,-7.5,7.4,0.0,0.0,0.0,0.0,0.0,1.0,1.0,0.0,1.0,0.0,0.0,0.0,8.0,6.0,0.0,0.0,0.0,0.0,0.0,0.0,0.0,0.0,4.0,12.0,1.0,12.04,5.0200000000000005,2.5,1.49,-2.3000000000000003,0.2,2.3000000000000003,301.0,-0.1,-12.0,1.7000000000000002,9.3,-82.60000000000001,0.0,0.0,219.8,0.0,22.1,33.300000000000004,33.300000000000004,36.6,300.0,300.0,29.700000000000003,36.1,34.2,33.9,36.1,4.96,2.0,4.96,0.16,0.0,0.0,1027.0,8228.0,0.0,0.0,0.0,0.0,0.0,1.0,0.0,0.0,0.0,-0.001,0.0,-0.2,0.0,-11.8,-12.7,0.0158,16.0,25903.0
2026-07-30T18:58:07.703Z,57.186,57.198,-7.5,7.4,0.0,0.0,0.0,0.0,0.0,1.0,1.0,0.0,1.0,0.0,0.0,0.0,8.0,6.0,0.0,0.0,0.0,0.0,0.0,0.0,0.0,0.0,6.0,12.0,1.0,12.04,5.0200000000000005,2.5,1.49,-2.3000000000000003,0.2,2.3000000000000003,300.90000000000003,-0.1,-13.2,1.7000000000000002,7.5,-82.60000000000001,0.0,0.0,219.6,0.0,22.1,33.300000000000004,33.300000000000004,36.6,300.0,300.0,29.700000000000003,36.1,34.2,33.9,36.1,4.96,2.0,4.96,0.16,0.0,0.0,1027.0,8228.0,0.0,0.0,0.0,0.0,0.0,1.0,0.0,0.0,0.0,-0.001,0.0,0.0,0.0,-9.8,-12.6,0.0154,16.0,25903.0
2026-07-30T18:58:07.715Z,57.198,57.21,-7.4,7.4,0.0,0.0,0.0,0.0,0.0,1.0,1.0,0.0,1.0,0.0,0.0,0.0,8.0,6.0,0.0,0.0,0.0,0.0,0.0,0.0,0.0,0.0,1.0,12.0,1.0,12.04,5.0200000000000005,2.5,1.49,-2.3000000000000003,0.3,2.3000000000000003,301.0,-0.1,-13.2,0.5,8.700000000000001,-82.60000000000001,0.0,0.0,219.8,0.0,22.1,33.300000000000004,33.300000000000004,36.6,300.0,300.0,29.700000000000003,36.1,34.2,33.9,36.1,4.95,2.0,4.96,0.16,0.0,0.0,1027.0,8228.0,0.0,0.0,0.0,0.0,0.0,1.0,0.0,0.0,0.0,-0.001,0.0,-1.1,0.0,-10.3,-12.7,0.0159,16.0,25903.0
2026-07-30T18:58:07.727Z,57.21,57.222,-7.4,7.4,0.0,0.0,0.0,0.0,0.0,1.0,1.0,0.0,1.0,0.0,0.0,0.0,8.0,6.0,0.0,0.0,0.0,0.0,0.0,0.0,0.0,0.0,3.0,12.0,1.0,12.05,5.0200000000000005,2.51,1.49,-2.3000000000000003,0.3,2.3000000000000003,301.1,-0.1,-12.6,0.5,10.4,-82.60000000000001,0.0,0.0,219.7,0.0,22.700000000000003,33.300000000000004,33.300000000000004,36.6,300.0,300.0,29.700000000000003,36.2,34.2,33.9,36.2,4.96,2.0,4.96,0.16,0.0,0.0,1027.0,8228.0,0.0,0.0,0.0,0.0,0.0,1.0,0.0,0.0,0.0,-0.001,0.0,-1.5,0.0,-12.3,-12.8,0.0158,16.0,25903.0
2026-07-30T18:58:07.742Z,57.225,57.234,-7.5,7.4,0.0,0.0,0.0,0.0,0.0,1.0,1.0,0.0,1.0,0.0,0.0,0.0,8.0,6.0,0.0,0.0,0.0,0.0,0.0,0.0,0.0,0.0,3.0,12.0,1.0,12.05,5.0200000000000005,2.51,1.49,-2.3000000000000003,0.2,2.3000000000000003,301.0,-0.1,-12.6,2.3000000000000003,8.700000000000001,-82.60000000000001,0.0,0.0,219.8,0.0,22.700000000000003,33.300000000000004,33.300000000000004,36.6,300.0,300.0,29.700000000000003,36.2,34.2,33.9,36.2,4.96,2.0,4.96,0.16,0.0,0.0,1027.0,8228.0,0.0,0.0,0.0,0.0,0.0,1.0,0.0,0.0,0.0,-0.001,0.0,0.3,0.0,-11.6,-12.8,0.0155,16.0,25903.0
2026-07-30T18:58:07.751Z,57.234,57.246,-7.4,7.4,0.0,0.0,0.0,0.0,0.0,1.0,1.0,0.0,1.0,0.0,0.0,0.0,8.0,6.0,0.0,0.0,0.0,0.0,0.0,0.0,0.0,0.0,2.0,12.0,1.0,12.05,5.0200000000000005,2.51,1.49,-2.2,0.2,2.3000000000000003,301.0,-0.1,-11.4,2.3000000000000003,9.9,-82.60000000000001,0.0,0.0,219.8,0.0,22.700000000000003,33.300000000000004,33.300000000000004,36.6,300.0,300.0,29.700000000000003,36.2,34.2,33.9,36.2,4.96,2.0,4.96,0.16,0.0,0.0,1027.0,8228.0,0.0,0.0,0.0,0.0,0.0,1.0,0.0,0.0,0.0,-0.001,0.0,0.1,0.0,-12.9,-12.7,0.0155,16.0,25903.0
2026-07-30T18:58:07.763Z,57.246,57.258,-7.4,7.4,0.0,0.0,0.0,0.0,0.0,1.0,1.0,0.0,1.0,0.0,0.0,0.0,8.0,6.0,0.0,0.0,0.0,0.0,0.0,0.0,0.0,0.0,3.0,12.0,1.0,12.05,5.0200000000000005,2.51,1.49,-2.3000000000000003,0.3,2.3000000000000003,301.1,-0.1,-12.0,1.1,9.3,-82.60000000000001,0.0,0.0,219.8,0.0,22.700000000000003,33.300000000000004,33.300000000000004,36.6,300.0,300.0,29.700000000000003,36.2,34.2,33.9,36.2,4.95,2.0,4.96,0.16,0.0,0.0,1027.0,8228.0,0.0,0.0,0.0,0.0,0.0,1.0,0.0,0.0,0.0,-0.001,0.0,-0.8,0.0,-11.4,-12.8,0.0153,16.0,25903.0
2026-07-30T18:58:07.774Z,57.257,57.27,-7.5,7.4,0.0,0.0,0.0,0.0,0.0,1.0,1.0,0.0,1.0,0.0,0.0,0.0,8.0,6.0,0.0,0.0,0.0,0.0,0.0,0.0,0.0,0.0,5.0,12.0,1.0,12.05,5.0200000000000005,2.51,1.49,-2.2,0.3,2.2,301.0,-0.1,-12.0,1.7000000000000002,10.4,-82.60000000000001,0.0,0.0,219.9,0.0,22.700000000000003,33.300000000000004,33.300000000000004,36.6,300.0,300.0,29.700000000000003,36.2,34.2,33.9,36.2,4.95,2.0,4.96,0.16,0.0,0.0,1027.0,8228.0,0.0,0.0,0.0,0.0,0.0,1.0,0.0,0.0,0.0,-0.001,0.0,-0.5,0.0,-13.2,-12.8,0.0156,16.0,25903.0
2026-07-30T18:58:07.787Z,57.27,57.282,-7.5,7.4,0.0,0.0,0.0,0.0,0.0,1.0,1.0,0.0,1.0,0.0,0.0,0.0,8.0,6.0,0.0,0.0,0.0,0.0,0.0,0.0,0.0,0.0,6.0,12.0,1.0,12.05,5.0200000000000005,2.51,1.49,-2.2,0.2,2.3000000000000003,301.0,-0.1,-10.9,2.9000000000000004,8.700000000000001,-82.7,0.0,0.0,219.9,0.0,22.700000000000003,33.300000000000004,33.300000000000004,36.6,300.0,300.0,29.700000000000003,36.2,34.2,33.9,36.2,4.95,2.0,4.96,0.16,0.0,0.0,1027.0,8228.0,0.0,0.0,0.0,0.0,0.0,1.0,0.0,0.0,0.0,-0.001,0.0,0.8,0.0,-12.0,-12.8,0.0152,16.0,25903.0
2026-07-30T18:58:07.799Z,57.282,57.294,-7.5,7.4,0.0,0.0,0.0,0.0,0.0,1.0,1.0,0.0,1.0,0.0,0.0,0.0,8.0,6.0,0.0,0.0,0.0,0.0,0.0,0.0,0.0,0.0,1.0,12.0,1.0,12.05,5.0200000000000005,2.51,1.49,-2.2,0.2,2.2,301.1,-0.1,-11.4,2.9000000000000004,8.700000000000001,-82.7,0.0,0.0,219.9,0.0,22.700000000000003,33.300000000000004,33.300000000000004,36.6,300.0,300.0,29.700000000000003,36.2,34.2,33.9,36.2,4.96,2.0,4.96,0.16,0.0,0.0,1027.0,8228.0,0.0,0.0,0.0,0.0,0.0,1.0,0.0,0.0,0.0,-0.001,0.0,0.8,0.0,-12.0,-12.7,0.0153,16.0,25903.0
2026-07-30T18:58:07.811Z,57.294,57.306,-7.5,7.4,0.0,0.0,0.0,0.0,0.0,1.0,1.0,0.0,1.0,0.0,0.0,0.0,8.0,6.0,0.0,0.0,0.0,0.0,0.0,0.0,0.0,0.0,2.0,12.0,1.0,12.05,5.0200000000000005,2.51,1.49,-2.2,0.3,2.3000000000000003,300.90000000000003,-0.1,-11.4,1.7000000000000002,9.3,-82.7,0.0,0.0,220.0,0.0,22.700000000000003,33.300000000000004,33.300000000000004,36.6,300.0,300.0,29.700000000000003,36.2,34.2,33.9,36.2,4.96,2.0,4.96,0.16,0.0,0.0,1027.0,8228.0,0.0,0.0,0.0,0.0,0.0,1.0,0.0,0.0,0.0,-0.001,0.0,-0.3,0.0,-11.8,-12.7,0.0152,16.0,25903.0
2026-07-30T18:58:07.823Z,57.306,57.318,-7.4,7.4,0.0,0.0,0.0,0.0,0.0,1.0,1.0,0.0,1.0,0.0,0.0,0.0,8.0,6.0,0.0,0.0,0.0,0.0,0.0,0.0,0.0,0.0,3.0,12.0,1.0,12.05,5.0200000000000005,2.51,1.49,-2.1,0.3,2.2,301.0,-0.1,-11.4,1.7000000000000002,12.2,-82.60000000000001,0.0,0.0,219.9,0.0,22.700000000000003,33.300000000000004,33.300000000000004,36.6,300.0,300.0,29.700000000000003,36.2,34.2,33.9,36.2,4.95,2.0,4.97,0.16,0.0,0.0,1027.0,8228.0,0.0,0.0,0.0,0.0,0.0,1.0,0.0,0.0,0.0,-0.001,0.0,-0.8,0.0,-15.2,-12.7,0.0153,16.0,25903.0
2026-07-30T18:58:07.835Z,57.318,57.33,-7.5,7.4,0.0,0.0,0.0,0.0,0.0,1.0,1.0,0.0,1.0,0.0,0.0,0.0,8.0,6.0,0.0,0.0,0.0,0.0,0.0,0.0,0.0,0.0,3.0,12.0,1.0,12.06,5.0200000000000005,2.5,1.5,-2.2,0.2,2.2,301.1,-0.1,-10.9,3.5,9.9,-82.60000000000001,0.0,0.0,219.7,0.0,21.3,33.300000000000004,33.300000000000004,36.6,300.0,300.0,29.6,36.2,34.2,33.9,36.2,4.95,1.99,4.96,0.16,0.0,0.0,1027.0,8228.0,0.0,0.0,0.0,0.0,0.0,1.0,0.0,0.0,0.0,-0.001,0.0,1.1,0.0,-13.8,-12.8,0.0147,16.0,25903.0
2026-07-30T18:58:07.847Z,57.33,57.342,-7.5,7.4,0.0,0.0,0.0,0.0,0.0,1.0,1.0,0.0,1.0,0.0,0.0,0.0,8.0,6.0,0.0,0.0,0.0,0.0,0.0,0.0,0.0,0.0,4.0,12.0,1.0,12.06,5.0200000000000005,2.5,1.5,-2.2,0.3,2.2,301.1,-0.1,-10.9,2.3000000000000003,11.0,-82.60000000000001,0.0,0.0,219.7,0.0,21.3,33.300000000000004,33.300000000000004,36.6,300.0,300.0,29.6,36.2,34.2,33.9,36.2,4.95,2.0,4.96,0.16,0.0,0.0,1027.0,8228.0,0.0,0.0,0.0,0.0,0.0,1.0,0.0,0.0,0.0,-0.001,0.0,0.0,0.0,-14.3,-12.7,0.015,16.0,25903.0
2026-07-30T18:58:07.858Z,57.341,57.354,-7.4,7.4,0.0,0.0,0.0,0.0,0.0,1.0,1.0,0.0,1.0,0.0,0.0,0.0,8.0,6.0,0.0,0.0,0.0,0.0,0.0,0.0,0.0,0.0,6.0,12.0,1.0,12.06,5.0200000000000005,2.5,1.5,-2.2,0.2,2.2,301.0,-0.1,-11.4,2.9000000000000004,10.4,-82.60000000000001,0.0,0.0,219.8,0.0,21.3,33.300000000000004,33.300000000000004,36.6,300.0,300.0,29.6,36.2,34.2,33.9,36.2,4.95,2.0,4.97,0.16,0.0,0.0,1027.0,8228.0,0.0,0.0,0.0,0.0,0.0,1.0,0.0,0.0,0.0,-0.001,0.0,0.5,0.0,-14.0,-12.7,0.0149,16.0,25903.0
2026-07-30T18:58:07.871Z,57.354,57.366,-7.4,7.4,0.0,0.0,0.0,0.0,0.0,1.0,1.0,0.0,1.0,0.0,0.0,0.0,8.0,6.0,0.0,0.0,0.0,0.0,0.0,0.0,0.0,0.0,1.0,12.0,1.0,12.06,5.0200000000000005,2.5,1.5,-2.2,0.2,2.2,301.0,-0.1,-11.4,2.9000000000000004,11.0,-82.60000000000001,0.0,0.0,219.9,0.0,21.3,33.300000000000004,33.300000000000004,36.6,300.0,300.0,29.6,36.2,34.2,33.9,36.2,4.95,2.0,4.96,0.16,0.0,0.0,1027.0,8228.0,0.0,0.0,0.0,0.0,0.0,1.0,0.0,0.0,0.0,-0.001,0.0,0.3,0.0,-14.7,-12.8,0.0149,16.0,25903.0
2026-07-30T18:58:07.883Z,57.366,57.378,-7.4,7.4,0.0,0.0,0.0,0.0,0.0,1.0,1.0,0.0,1.0,0.0,0.0,0.0,8.0,6.0,0.0,0.0,0.0,0.0,0.0,0.0,0.0,0.0,2.0,12.0,1.0,12.06,5.0200000000000005,2.5,1.5,-2.2,0.3,2.3000000000000003,301.0,-0.1,-13.2,1.7000000000000002,9.9,-82.60000000000001,0.0,0.0,219.9,0.0,21.3,33.300000000000004,33.300000000000004,36.6,300.0,300.0,29.6,36.2,34.2,33.9,36.2,4.95,2.0,4.96,0.16,0.0,0.0,1027.0,8228.0,0.0,0.0,0.0,0.0,0.0,1.0,0.0,0.0,0.0,-0.001,0.0,-0.4,0.0,-12.5,-12.8,0.0148,16.0,25903.0
2026-07-30T18:58:07.895Z,57.378,57.39,-7.4,7.4,0.0,0.0,0.0,0.0,0.0,1.0,1.0,0.0,1.0,0.0,0.0,0.0,8.0,6.0,0.0,0.0,0.0,0.0,0.0,0.0,0.0,0.0,4.0,12.0,1.0,12.06,5.0200000000000005,2.5,1.5,-2.1,0.2,2.1,301.1,-0.1,-10.3,4.0,11.6,-82.60000000000001,0.0,0.0,219.8,0.0,21.3,33.300000000000004,33.300000000000004,36.6,300.0,300.0,29.6,36.2,34.2,33.9,36.2,4.96,2.0,4.96,0.16,0.0,0.0,1027.0,8228.0,0.0,0.0,0.0,0.0,0.0,1.0,0.0,0.0,0.0,-0.001,0.0,1.3,0.0,-16.2,-12.8,0.0153,16.0,25903.0
2026-07-30T18:58:07.907Z,57.39,57.402,-7.4,7.4,0.0,0.0,0.0,0.0,0.0,1.0,1.0,0.0,1.0,0.0,0.0,0.0,8.0,6.0,0.0,0.0,0.0,0.0,0.0,0.0,0.0,0.0,5.0,12.0,1.0,12.06,5.0200000000000005,2.5,1.5,-2.3000000000000003,0.3,2.3000000000000003,301.1,-0.1,-11.4,1.7000000000000002,9.3,-82.60000000000001,0.0,0.0,219.7,0.0,21.3,33.300000000000004,33.300000000000004,36.6,300.0,300.0,29.6,36.2,34.2,33.9,36.2,4.95,2.0,4.96,0.16,0.0,0.0,1027.0,8228.0,0.0,0.0,0.0,0.0,0.0,1.0,0.0,0.0,0.0,-0.001,0.0,-0.2,0.0,-11.8,-12.8,0.0145,16.0,25903.0
2026-07-30T18:58:07.918Z,57.401,57.414,-7.4,7.4,0.0,0.0,0.0,0.0,0.0,1.0,1.0,0.0,1.0,0.0,0.0,0.0,8.0,6.0,0.0,0.0,0.0,0.0,0.0,0.0,0.0,0.0,6.0,12.0,1.0,12.06,5.0200000000000005,2.5,1.5,-2.2,0.3,2.2,301.0,-0.1,-10.9,1.7000000000000002,10.4,-82.60000000000001,0.0,0.0,219.7,0.0,21.3,33.300000000000004,33.300000000000004,36.6,300.0,300.0,29.6,36.2,34.2,33.9,36.2,4.95,2.0,4.96,0.16,0.0,0.0,1027.0,8228.0,0.0,0.0,0.0,0.0,0.0,1.0,0.0,0.0,0.0,-0.001,0.0,-0.4,0.0,-13.2,-12.8,0.0155,16.0,25903.0
2026-07-30T18:58:07.932Z,57.415,57.426,-7.4,7.4,0.0,0.0,0.0,0.0,0.0,1.0,1.0,0.0,1.0,0.0,0.0,0.0,8.0,6.0,0.0,0.0,0.0,0.0,0.0,0.0,0.0,0.0,1.0,12.0,1.0,12.04,5.01,2.5,1.49,-2.2,0.2,2.3000000000000003,301.1,-0.1,-11.4,2.3000000000000003,9.9,-82.60000000000001,0.0,0.0,219.7,0.0,22.4,33.300000000000004,33.300000000000004,36.6,300.0,300.0,29.8,36.3,34.2,33.9,36.2,4.95,2.0,4.96,0.16,0.0,0.0,1027.0,8228.0,0.0,0.0,0.0,0.0,0.0,1.0,0.0,0.0,0.0,-0.001,0.0,0.1,0.0,-12.9,-12.8,0.0152,16.0,25903.0
2026-07-30T18:58:07.943Z,57.426,57.438,-7.4,7.4,0.0,0.0,0.0,0.0,0.0,1.0,1.0,0.0,1.0,0.0,0.0,0.0,8.0,6.0,0.0,0.0,0.0,0.0,0.0,0.0,0.0,0.0,3.0,12.0,1.0,12.04,5.01,2.5,1.49,-2.3000000000000003,0.2,2.3000000000000003,300.90000000000003,-0.1,-12.6,2.9000000000000004,8.700000000000001,-82.60000000000001,0.0,0.0,219.7,0.0,22.4,33.300000000000004,33.300000000000004,36.6,300.0,300.0,29.8,36.3,34.2,33.9,36.2,4.95,2.0,4.96,0.16,0.0,0.0,1027.0,8228.0,0.0,0.0,0.0,0.0,0.0,1.0,0.0,0.0,0.0,-0.001,0.0,0.8,0.0,-12.0,-12.8,0.0153,16.0,25903.0
2026-07-30T18:58:07.955Z,57.438,57.45,-7.4,7.4,0.0,0.0,0.0,0.0,0.0,1.0,1.0,0.0,1.0,0.0,0.0,0.0,8.0,6.0,0.0,0.0,0.0,0.0,0.0,0.0,0.0,0.0,4.0,12.0,1.0,12.04,5.01,2.5,1.49,-2.3000000000000003,0.3,2.3000000000000003,301.0,-0.1,-12.0,1.1,8.700000000000001,-82.60000000000001,0.0,0.0,219.7,0.0,22.4,33.300000000000004,33.300000000000004,36.6,300.0,300.0,29.8,36.3,34.2,33.9,36.2,4.96,2.0,4.97,0.16,0.0,0.0,1027.0,8228.0,0.0,0.0,0.0,0.0,0.0,1.0,0.0,0.0,0.0,-0.001,0.0,-0.6000000000000001,0.0,-10.8,-12.9,0.0156,16.0,25903.0
2026-07-30T18:58:07.966Z,57.449,57.462,-7.5,7.4,0.0,0.0,0.0,0.0,0.0,1.0,1.0,0.0,1.0,0.0,0.0,0.0,8.0,6.0,0.0,0.0,0.0,0.0,0.0,0.0,0.0,0.0,6.0,12.0,1.0,12.04,5.01,2.5,1.49,-2.2,0.3,2.2,301.1,-0.1,-12.6,1.7000000000000002,10.4,-82.60000000000001,0.0,0.0,219.7,0.0,22.4,33.300000000000004,33.300000000000004,36.6,300.0,300.0,29.8,36.3,34.2,33.9,36.2,4.96,2.0,4.96,0.16,0.0,0.0,1027.0,8228.0,0.0,0.0,0.0,0.0,0.0,1.0,0.0,0.0,0.0,-0.001,0.0,-0.4,0.0,-13.2,-12.8,0.0159,16.0,25903.0
2026-07-30T18:58:07.978Z,57.461,57.474,-7.5,7.4,0.0,0.0,0.0,0.0,0.0,1.0,1.0,0.0,1.0,0.0,0.0,0.0,8.0,6.0,0.0,0.0,0.0,0.0,0.0,0.0,0.0,0.0,1.0,12.0,1.0,12.04,5.01,2.5,1.49,-2.3000000000000003,0.3,2.3000000000000003,300.90000000000003,-0.1,-13.2,1.1,8.1,-82.60000000000001,0.0,0.0,219.9,0.0,22.4,33.300000000000004,33.300000000000004,36.6,300.0,300.0,29.8,36.3,34.2,33.9,36.2,4.96,2.0,4.96,0.16,0.0,0.0,1027.0,8228.0,0.0,0.0,0.0,0.0,0.0,1.0,0.0,0.0,0.0,-0.001,0.0,-0.5,0.0,-10.1,-12.8,0.0153,16.0,25903.0
2026-07-30T18:58:07.991Z,57.474,57.486,-7.4,7.4,0.0,0.0,0.0,0.0,0.0,1.0,1.0,0.0,1.0,0.0,0.0,0.0,8.0,6.0,0.0,0.0,0.0,0.0,0.0,0.0,0.0,0.0,2.0,12.0,1.0,12.04,5.01,2.5,1.49,-2.4000000000000004,0.3,2.4000000000000004,301.0,-0.1,-12.0,0.5,7.5,-82.60000000000001,0.0,0.0,219.9,0.0,22.4,33.300000000000004,33.300000000000004,36.6,300.0,300.0,29.8,36.3,34.2,33.9,36.2,4.96,2.0,4.96,0.16,0.0,0.0,1027.0,8228.0,0.0,0.0,0.0,0.0,0.0,1.0,0.0,0.0,0.0,-0.001,0.0,-0.9,0.0,-9.0,-12.7,0.0158,16.0,25903.0
2026-07-30T18:58:08.003Z,57.486,57.498000000000005,-7.4,7.4,0.0,0.0,0.0,0.0,0.0,1.0,1.0,0.0,1.0,0.0,0.0,0.0,8.0,6.0,0.0,0.0,0.0,0.0,0.0,0.0,0.0,0.0,3.0,12.0,1.0,12.04,5.01,2.5,1.49,-2.3000000000000003,0.2,2.3000000000000003,301.1,-0.1,-13.2,2.3000000000000003,9.9,-82.60000000000001,0.0,0.0,219.8,0.0,22.4,33.300000000000004,33.300000000000004,36.6,300.0,300.0,29.8,36.3,34.2,33.9,36.2,4.95,2.0,4.96,0.16,0.0,0.0,1027.0,8228.0,0.0,0.0,0.0,0.0,0.0,1.0,0.0,0.0,0.0,-0.001,0.0,0.1,0.0,-12.9,-12.8,0.0162,16.0,25903.0
2026-07-30T18:58:08.015Z,57.498,57.51,-7.4,7.4,0.0,0.0,0.0,0.0,0.0,1.0,1.0,0.0,1.0,0.0,0.0,0.0,8.0,6.0,0.0,0.0,0.0,0.0,0.0,0.0,0.0,0.0,4.0,12.0,1.0,12.04,5.01,2.5,1.49,-2.4000000000000004,0.3,2.4000000000000004,301.0,-0.1,-12.6,0.0,8.700000000000001,-82.60000000000001,0.0,0.0,219.8,0.0,22.4,33.300000000000004,33.300000000000004,36.6,300.0,300.0,29.8,36.3,34.2,33.9,36.2,4.95,2.0,4.96,0.16,0.0,0.0,1027.0,8228.0,0.0,0.0,0.0,0.0,0.0,1.0,0.0,0.0,0.0,-0.001,0.0,-1.7000000000000002,0.0,-9.9,-12.9,0.0155,16.0,25903.0
2026-07-30T18:58:08.026Z,57.509,57.522,-7.5,7.4,0.0,0.0,0.0,0.0,0.0,1.0,1.0,0.0,1.0,0.0,0.0,0.0,8.0,6.0,0.0,0.0,0.0,0.0,0.0,0.0,0.0,0.0,5.0,12.0,1.0,12.04,5.01,2.5,1.49,-2.2,0.2,2.2,301.0,-0.1,-12.0,2.3000000000000003,10.4,-82.60000000000001,0.0,0.0,219.7,0.0,22.4,33.300000000000004,33.300000000000004,36.6,300.0,300.0,29.8,36.3,34.2,33.9,36.2,4.95,2.0,4.96,0.16,0.0,0.0,1027.0,8228.0,0.0,0.0,0.0,0.0,0.0,1.0,0.0,0.0,0.0,-0.001,0.0,0.0,0.0,-13.6,-12.8,0.0162,16.0,25903.0
2026-07-30T18:58:08.039Z,57.522,57.534,-7.5,7.4,0.0,0.0,0.0,0.0,0.0,1.0,1.0,0.0,1.0,0.0,0.0,0.0,8.0,6.0,0.0,0.0,0.0,0.0,0.0,0.0,0.0,0.0,1.0,12.0,1.0,12.05,5.01,2.51,1.49,-2.2,0.3,2.3000000000000003,301.1,-0.1,-12.0,1.7000000000000002,9.9,-82.60000000000001,0.0,0.0,219.6,0.0,22.1,33.4,33.300000000000004,36.7,300.0,300.0,29.8,36.2,34.300000000000004,33.9,36.2,4.95,2.0,4.96,0.16,0.0,0.0,1027.0,8228.0,0.0,0.0,0.0,0.0,0.0,1.0,0.0,0.0,0.0,-0.001,0.0,-0.3,0.0,-12.5,-12.7,0.0151,16.0,25903.0
2026-07-30T18:58:08.057Z,57.54,57.546,-7.5,7.4,0.0,0.0,0.0,0.0,0.0,1.0,1.0,0.0,1.0,0.0,0.0,0.0,8.0,6.0,0.0,0.0,0.0,0.0,0.0,0.0,0.0,0.0,2.0,12.0,1.0,12.05,5.01,2.51,1.49,-2.2,0.3,2.3000000000000003,301.1,-0.1,-11.4,1.7000000000000002,9.9,-82.60000000000001,0.0,0.0,219.8,0.0,22.1,33.4,33.300000000000004,36.7,300.0,300.0,29.8,36.2,34.300000000000004,33.9,36.2,4.96,2.0,4.96,0.16,0.0,0.0,1027.0,8228.0,0.0,0.0,0.0,0.0,0.0,1.0,0.0,0.0,0.0,-0.001,0.0,-0.3,0.0,-12.5,-12.7,0.0154,16.0,25903.0
2026-07-30T18:58:08.063Z,57.546,57.558,-7.4,7.4,0.0,0.0,0.0,0.0,0.0,1.0,1.0,0.0,1.0,0.0,0.0,0.0,8.0,6.0,0.0,0.0,0.0,0.0,0.0,0.0,0.0,0.0,6.0,12.0,1.0,12.05,5.01,2.51,1.49,-2.3000000000000003,0.3,2.3000000000000003,301.1,-0.1,-11.4,1.7000000000000002,9.9,-82.60000000000001,0.0,0.0,219.8,0.0,22.1,33.4,33.300000000000004,36.7,300.0,300.0,29.8,36.2,34.300000000000004,33.9,36.2,4.95,2.0,4.97,0.16,0.0,0.0,1027.0,8228.0,0.0,0.0,0.0,0.0,0.0,1.0,0.0,0.0,0.0,-0.001,0.0,-0.3,0.0,-12.5,-12.8,0.0154,16.0,25903.0
2026-07-30T18:58:08.074Z,57.557,57.57,-7.5,7.4,0.0,0.0,0.0,0.0,0.0,1.0,1.0,0.0,1.0,0.0,0.0,0.0,8.0,6.0,0.0,0.0,0.0,0.0,0.0,0.0,0.0,0.0,2.0,12.0,1.0,12.05,5.01,2.51,1.49,-2.1,0.2,2.2,301.1,-0.1,-10.9,3.5,11.0,-82.60000000000001,0.0,0.0,219.7,0.0,22.1,33.4,33.300000000000004,36.7,300.0,300.0,29.8,36.2,34.300000000000004,33.9,36.2,4.95,2.0,4.97,0.16,0.0,0.0,1027.0,8228.0,0.0,0.0,0.0,0.0,0.0,1.0,0.0,0.0,0.0,-0.001,0.0,0.9,0.0,-15.1,-12.8,0.0155,16.0,25903.0
2026-07-30T18:58:08.087Z,57.57,57.582,-7.5,7.4,0.0,0.0,0.0,0.0,0.0,1.0,1.0,0.0,1.0,0.0,0.0,0.0,8.0,6.0,0.0,0.0,0.0,0.0,0.0,0.0,0.0,0.0,3.0,12.0,1.0,12.05,5.01,2.51,1.49,-2.2,0.2,2.2,301.0,-0.1,-12.0,2.3000000000000003,9.9,-82.5,0.0,0.0,219.8,0.0,22.1,33.4,33.300000000000004,36.7,300.0,300.0,29.8,36.2,34.300000000000004,33.9,36.2,4.96,2.0,4.97,0.16,0.0,0.0,1027.0,8228.0,0.0,0.0,0.0,0.0,0.0,1.0,0.0,0.0,0.0,-0.001,0.0,0.1,0.0,-12.9,-12.7,0.0151,16.0,25903.0
2026-07-30T18:58:08.099Z,57.582,57.594,-7.4,7.4,0.0,0.0,0.0,0.0,0.0,1.0,1.0,0.0,1.0,0.0,0.0,0.0,8.0,6.0,0.0,0.0,0.0,0.0,0.0,0.0,0.0,0.0,3.0,12.0,1.0,12.05,5.01,2.51,1.49,-2.2,0.3,2.2,301.1,-0.1,-10.9,2.3000000000000003,10.4,-82.5,0.0,0.0,219.7,0.0,22.1,33.4,33.300000000000004,36.7,300.0,300.0,29.8,36.2,34.300000000000004,33.9,36.2,4.95,2.0,4.97,0.16,0.0,0.0,1027.0,8228.0,0.0,0.0,0.0,0.0,0.0,1.0,0.0,0.0,0.0,-0.001,0.0,0.0,0.0,-13.6,-12.7,0.0154,16.0,25903.0
2026-07-30T18:58:08.110Z,57.593,57.606,-7.5,7.4,0.0,0.0,0.0,0.0,0.0,1.0,1.0,0.0,1.0,0.0,0.0,0.0,8.0,6.0,0.0,0.0,0.0,0.0,0.0,0.0,0.0,0.0,4.0,12.0,1.0,12.05,5.01,2.51,1.49,-2.1,0.2,2.1,301.1,-0.1,-10.9,2.9000000000000004,12.2,-82.5,0.0,0.0,219.8,0.0,22.1,33.4,33.300000000000004,36.7,300.0,300.0,29.8,36.2,34.300000000000004,33.9,36.2,4.95,2.0,4.97,0.16,0.0,0.0,1027.0,8228.0,0.0,0.0,0.0,0.0,0.0,1.0,0.0,0.0,0.0,-0.001,0.0,0.1,0.0,-16.0,-12.8,0.0153,16.0,25903.0
2026-07-30T18:58:08.123Z,57.606,57.618,-7.5,7.4,0.0,0.0,0.0,0.0,0.0,1.0,1.0,0.0,1.0,0.0,0.0,0.0,8.0,6.0,0.0,0.0,0.0,0.0,0.0,0.0,0.0,0.0,6.0,12.0,1.0,12.05,5.01,2.51,1.49,-2.1,0.2,2.1,301.0,-0.1,-10.3,2.9000000000000004,12.2,-82.5,0.0,0.0,219.7,0.0,22.1,33.4,33.300000000000004,36.7,300.0,300.0,29.8,36.2,34.300000000000004,33.9,36.2,4.95,2.0,4.96,0.16,0.0,0.0,1027.0,8228.0,0.0,0.0,0.0,0.0,0.0,1.0,0.0,0.0,0.0,-0.001,0.0,0.2,0.0,-16.0,-12.8,0.0151,16.0,25903.0
2026-07-30T18:58:08.136Z,57.619,57.63,-7.5,7.4,0.0,0.0,0.0,0.0,0.0,1.0,1.0,0.0,1.0,0.0,0.0,0.0,8.0,6.0,0.0,0.0,0.0,0.0,0.0,0.0,0.0,0.0,1.0,12.0,1.0,12.02,5.01,2.51,1.49,-2.2,0.2,2.2,301.1,-0.1,-10.9,2.3000000000000003,9.9,-82.5,0.0,0.0,219.7,0.0,22.1,33.4,33.4,36.7,300.0,300.0,29.8,36.1,34.300000000000004,33.9,36.2,4.96,2.0,4.96,0.16,0.0,0.0,1027.0,8228.0,0.0,0.0,0.0,0.0,0.0,1.0,0.0,0.0,0.0,-0.001,0.0,0.1,0.0,-12.9,-12.7,0.0146,16.0,25903.0
2026-07-30T18:58:08.146Z,57.629,57.642,-7.4,7.4,0.0,0.0,0.0,0.0,0.0,1.0,1.0,0.0,1.0,0.0,0.0,0.0,8.0,6.0,0.0,0.0,0.0,0.0,0.0,0.0,0.0,0.0,2.0,12.0,1.0,12.02,5.01,2.51,1.49,-2.2,0.3,2.2,301.2,-0.1,-12.0,2.3000000000000003,11.0,-82.5,0.0,0.0,219.8,0.0,22.1,33.4,33.4,36.7,300.0,300.0,29.8,36.1,34.300000000000004,33.9,36.2,4.96,2.0,4.96,0.16,0.0,0.0,1027.0,8228.0,0.0,0.0,0.0,0.0,0.0,1.0,0.0,0.0,0.0,-0.001,0.0,0.0,0.0,-14.3,-12.8,0.0153,16.0,25903.0
2026-07-30T18:58:08.159Z,57.642,57.654,-7.4,7.4,0.0,0.0,0.0,0.0,0.0,1.0,1.0,0.0,1.0,0.0,0.0,0.0,8.0,6.0,0.0,0.0,0.0,0.0,0.0,0.0,0.0,0.0,4.0,12.0,1.0,12.02,5.01,2.51,1.49,-2.2,0.3,2.3000000000000003,301.0,-0.1,-11.4,1.7000000000000002,9.9,-82.5,0.0,0.0,219.8,0.0,22.1,33.4,33.4,36.7,300.0,300.0,29.8,36.1,34.300000000000004,33.9,36.2,4.95,2.0,4.96,0.16,0.0,0.0,1027.0,8228.0,0.0,0.0,0.0,0.0,0.0,1.0,0.0,0.0,0.0,-0.001,0.0,-1.0,0.0,-12.7,-12.8,0.0156,16.0,25903.0
2026-07-30T18:58:08.170Z,57.653,57.666,-7.5,7.4,0.0,0.0,0.0,0.0,0.0,1.0,1.0,0.0,1.0,0.0,0.0,0.0,8.0,6.0,0.0,0.0,0.0,0.0,0.0,0.0,0.0,0.0,5.0,12.0,1.0,12.02,5.01,2.51,1.49,-2.3000000000000003,0.2,2.3000000000000003,301.1,-0.1,-11.4,1.7000000000000002,8.700000000000001,-82.60000000000001,0.0,0.0,219.8,0.0,22.1,33.4,33.4,36.7,300.0,300.0,29.8,36.1,34.300000000000004,33.9,36.2,4.95,2.0,4.96,0.16,0.0,0.0,1027.0,8228.0,0.0,0.0,0.0,0.0,0.0,1.0,0.0,0.0,0.0,-0.001,0.0,-1.2000000000000002,0.0,-10.3,-12.8,0.0154,16.0,25903.0
2026-07-30T18:58:08.183Z,57.666,57.678,-7.5,7.4,0.0,0.0,0.0,0.0,0.0,1.0,1.0,0.0,1.0,0.0,0.0,0.0,8.0,6.0,0.0,0.0,0.0,0.0,0.0,0.0,0.0,0.0,1.0,12.0,1.0,12.02,5.01,2.51,1.49,-2.3000000000000003,0.3,2.3000000000000003,301.1,-0.1,-12.0,3.5,11.6,-82.5,0.0,0.0,219.8,0.0,22.1,33.4,33.4,36.7,300.0,300.0,29.8,36.1,34.300000000000004,33.9,36.2,4.95,2.0,4.96,0.16,0.0,0.0,1027.0,8228.0,0.0,0.0,0.0,0.0,0.0,1.0,0.0,0.0,0.0,-0.001,0.0,-0.5,0.0,-10.1,-12.7,0.0157,16.0,25903.0
2026-07-30T18:58:08.194Z,57.677,57.69,-7.4,7.4,0.0,0.0,0.0,0.0,0.0,1.0,1.0,0.0,1.0,0.0,0.0,0.0,8.0,6.0,0.0,0.0,0.0,0.0,0.0,0.0,0.0,0.0,2.0,12.0,1.0,12.02,5.01,2.51,1.49,-2.3000000000000003,0.3,2.3000000000000003,301.2,-0.1,-12.6,0.5,9.3,-82.5,0.0,0.0,219.7,0.0,22.1,33.4,33.4,36.7,300.0,300.0,29.8,36.1,34.300000000000004,33.9,36.2,4.96,2.0,4.97,0.16,0.0,0.0,1027.0,8228.0,0.0,0.0,0.0,0.0,0.0,1.0,0.0,0.0,0.0,-0.001,0.0,-1.4,0.0,-11.7,-12.7,0.0158,16.0,25903.0
2026-07-30T18:58:08.207Z,57.69,57.702,-7.4,7.4,0.0,0.0,0.0,0.0,0.0,1.0,1.0,0.0,1.0,0.0,0.0,0.0,8.0,6.0,0.0,0.0,0.0,0.0,0.0,0.0,0.0,0.0,3.0,12.0,1.0,12.02,5.01,2.51,1.49,-2.3000000000000003,0.3,2.3000000000000003,301.0,-0.1,-12.6,1.1,8.1,-82.5,0.0,0.0,219.7,0.0,22.1,33.4,33.4,36.7,300.0,300.0,29.8,36.1,34.300000000000004,33.9,36.2,4.95,2.0,4.96,0.16,0.0,0.0,1027.0,8228.0,0.0,0.0,0.0,0.0,0.0,1.0,0.0,0.0,0.0,-0.001,0.0,-0.5,0.0,-10.1,-12.8,0.0156,16.0,25903.0
2026-07-30T18:58:08.218Z,57.701,57.714,-7.5,7.4,0.0,0.0,0.0,0.0,0.0,1.0,1.0,0.0,1.0,0.0,0.0,0.0,8.0,6.0,0.0,0.0,0.0,0.0,0.0,0.0,0.0,0.0,5.0,12.0,1.0,12.02,5.01,2.51,1.49,-2.3000000000000003,0.3,2.3000000000000003,301.0,-0.1,-12.6,1.1,8.700000000000001,-82.5,0.0,0.0,219.9,0.0,22.1,33.4,33.4,36.7,300.0,300.0,29.8,36.1,34.300000000000004,33.9,36.2,4.95,2.0,4.97,0.17,0.0,0.0,1027.0,8228.0,0.0,0.0,0.0,0.0,0.0,1.0,0.0,0.0,0.0,-0.001,0.0,-0.6000000000000001,0.0,-10.7,-12.8,0.0158,16.0,25903.0
2026-07-30T18:58:08.231Z,57.714,57.726,-7.4,7.4,0.0,0.0,0.0,0.0,0.0,1.0,1.0,0.0,1.0,0.0,0.0,0.0,8.0,6.0,0.0,0.0,0.0,0.0,0.0,0.0,0.0,0.0,6.0,12.0,1.0,12.02,5.01,2.51,1.49,-2.2,0.2,2.3000000000000003,301.1,-0.1,-12.6,2.3000000000000003,9.9,-82.5,0.0,0.0,219.8,0.0,22.1,33.4,33.4,36.7,300.0,300.0,29.8,36.1,34.300000000000004,33.9,36.2,4.96,2.0,4.97,0.16,0.0,0.0,1027.0,8228.0,0.0,0.0,0.0,0.0,0.0,1.0,0.0,0.0,0.0,-0.001,0.0,0.1,0.0,-12.9,-12.8,0.0156,16.0,25903.0
2026-07-30T18:58:08.243Z,57.726,57.738,-7.4,7.4,0.0,0.0,0.0,0.0,0.0,1.0,1.0,0.0,1.0,0.0,0.0,0.0,8.0,6.0,0.0,0.0,0.0,0.0,0.0,0.0,0.0,0.0,2.0,12.0,1.0,12.08,5.01,2.5,1.49,-2.2,0.2,2.3000000000000003,301.0,-0.1,-11.4,2.9000000000000004,9.9,-82.5,0.0,0.0,219.7,0.0,21.8,33.4,33.4,36.7,300.0,300.0,29.8,36.2,34.300000000000004,34.0,36.2,4.96,2.0,4.96,0.16,0.0,0.0,1027.0,8228.0,0.0,0.0,0.0,0.0,0.0,1.0,0.0,0.0,0.0,-0.001,0.0,0.6000000000000001,0.0,-13.4,-12.9,0.0154,16.0,25903.0
2026-07-30T18:58:08.255Z,57.738,57.75,-7.4,7.4,0.0,0.0,0.0,0.0,0.0,1.0,1.0,0.0,1.0,0.0,0.0,0.0,8.0,6.0,0.0,0.0,0.0,0.0,0.0,0.0,0.0,0.0,3.0,12.0,1.0,12.08,5.01,2.5,1.49,-2.3000000000000003,0.3,2.3000000000000003,301.1,-0.1,-11.4,1.7000000000000002,9.9,-82.60000000000001,0.0,0.0,219.8,0.0,21.8,33.4,33.4,36.7,300.0,300.0,29.8,36.2,34.300000000000004,34.0,36.2,4.95,2.0,4.96,0.16,0.0,0.0,1027.0,8228.0,0.0,0.0,0.0,0.0,0.0,1.0,0.0,0.0,0.0,-0.001,0.0,-0.3,0.0,-12.5,-12.9,0.0153,16.0,25903.0
2026-07-30T18:58:08.267Z,57.75,57.762,-7.5,7.4,0.0,0.0,0.0,0.0,0.0,1.0,1.0,0.0,1.0,0.0,0.0,0.0,8.0,6.0,0.0,0.0,0.0,0.0,0.0,0.0,0.0,0.0,5.0,12.0,1.0,12.08,5.01,2.5,1.49,-2.2,0.2,2.3000000000000003,301.1,-0.1,-11.4,2.3000000000000003,9.9,-82.60000000000001,0.0,0.0,219.8,0.0,21.8,33.4,33.4,36.7,300.0,300.0,29.8,36.2,34.300000000000004,34.0,36.2,4.95,2.0,4.96,0.16,0.0,0.0,1027.0,8228.0,0.0,0.0,0.0,0.0,0.0,1.0,0.0,0.0,0.0,-0.001,0.0,0.1,0.0,-12.9,-12.8,0.0154,16.0,25903.0
2026-07-30T18:58:08.278Z,57.761,57.774,-7.5,7.4,0.0,0.0,0.0,0.0,0.0,1.0,1.0,0.0,1.0,0.0,0.0,0.0,8.0,6.0,0.0,0.0,0.0,0.0,0.0,0.0,0.0,0.0,6.0,12.0,1.0,12.08,5.01,2.5,1.49,-2.1,0.2,2.2,301.0,-0.1,-10.9,2.9000000000000004,11.6,-82.60000000000001,0.0,0.0,219.8,0.0,21.8,33.4,33.4,36.7,300.0,300.0,29.8,36.2,34.300000000000004,34.0,36.2,4.95,2.0,4.96,0.16,0.0,0.0,1027.0,8228.0,0.0,0.0,0.0,0.0,0.0,1.0,0.0,0.0,0.0,-0.001,0.0,0.3,0.0,-15.4,-12.7,0.0153,16.0,25903.0
2026-07-30T18:58:08.291Z,57.774,57.786,-7.4,7.4,0.0,0.0,0.0,0.0,0.0,1.0,1.0,0.0,1.0,0.0,0.0,0.0,8.0,6.0,0.0,0.0,0.0,0.0,0.0,0.0,0.0,0.0,1.0,12.0,1.0,12.08,5.01,2.5,1.49,-2.3000000000000003,0.3,2.3000000000000003,301.1,-0.1,-12.0,1.7000000000000002,9.3,-82.60000000000001,0.0,0.0,219.8,0.0,21.8,33.4,33.4,36.7,300.0,300.0,29.8,36.2,34.300000000000004,34.0,36.2,4.96,2.0,4.97,0.16,0.0,0.0,1027.0,8228.0,0.0,0.0,0.0,0.0,0.0,1.0,0.0,0.0,0.0,-0.001,0.0,-0.2,0.0,-11.8,-12.7,0.0147,16.0,25903.0
2026-07-30T18:58:08.303Z,57.786,57.798,-7.4,7.4,0.0,0.0,0.0,0.0,0.0,1.0,1.0,0.0,1.0,0.0,0.0,0.0,8.0,6.0,0.0,0.0,0.0,0.0,0.0,0.0,0.0,0.0,2.0,12.0,1.0,12.08,5.01,2.5,1.49,-2.2,0.2,2.2,300.90000000000003,-0.1,-11.4,2.3000000000000003,11.6,-82.60000000000001,0.0,0.0,219.9,0.0,21.8,33.4,33.4,36.7,300.0,300.0,29.8,36.2,34.300000000000004,34.0,36.2,4.95,2.0,4.96,0.16,0.0,0.0,1027.0,8228.0,0.0,0.0,0.0,0.0,0.0,1.0,0.0,0.0,0.0,-0.001,0.0,-0.2,0.0,-14.9,-12.8,0.0156,16.0,25903.0
2026-07-30T18:58:08.315Z,57.798,57.81,-7.5,7.4,0.0,0.0,0.0,0.0,0.0,1.0,1.0,0.0,1.0,0.0,0.0,0.0,8.0,6.0,0.0,0.0,0.0,0.0,0.0,0.0,0.0,0.0,3.0,12.0,1.0,12.08,5.01,2.5,1.49,-2.1,0.2,2.1,301.0,-0.1,-10.9,3.5,12.2,-82.60000000000001,0.0,0.0,219.9,0.0,21.8,33.4,33.4,36.7,300.0,300.0,29.8,36.2,34.300000000000004,34.0,36.2,4.95,1.99,4.96,0.16,0.0,0.0,1027.0,8228.0,0.0,0.0,0.0,0.0,0.0,1.0,0.0,0.0,0.0,-0.001,0.0,0.6000000000000001,0.0,-16.5,-12.8,0.0149,16.0,25903.0
2026-07-30T18:58:08.327Z,57.81,57.822,-7.4,7.4,0.0,0.0,0.0,0.0,0.0,1.0,1.0,0.0,1.0,0.0,0.0,0.0,8.0,6.0,0.0,0.0,0.0,0.0,0.0,0.0,0.0,0.0,5.0,12.0,1.0,12.08,5.01,2.5,1.49,-2.3000000000000003,0.2,2.3000000000000003,301.2,-0.1,-12.0,2.9000000000000004,9.3,-82.60000000000001,0.0,0.0,219.8,0.0,21.8,33.4,33.4,36.7,300.0,300.0,29.8,36.2,34.300000000000004,34.0,36.2,4.95,2.0,4.96,0.16,0.0,0.0,1027.0,8228.0,0.0,0.0,0.0,0.0,0.0,1.0,0.0,0.0,0.0,-0.001,0.0,0.7000000000000001,0.0,-12.7,-12.7,0.0145,16.0,25903.0
2026-07-30T18:58:08.339Z,57.822,57.834,-7.4,7.4,0.0,0.0,0.0,0.0,0.0,1.0,1.0,0.0,1.0,0.0,0.0,0.0,8.0,6.0,0.0,0.0,0.0,0.0,0.0,0.0,0.0,0.0,6.0,12.0,1.0,12.05,5.0200000000000005,2.51,1.49,-2.2,0.2,2.2,300.90000000000003,-0.1,-10.9,2.9000000000000004,11.0,-82.7,0.0,0.0,219.9,0.0,22.200000000000003,33.4,33.4,36.7,300.0,300.0,29.9,36.3,34.300000000000004,34.0,36.2,4.95,2.0,4.96,0.16,0.0,0.0,1027.0,8228.0,0.0,0.0,0.0,0.0,0.0,1.0,0.0,0.0,0.0,-0.001,0.0,0.3,0.0,-14.7,-12.8,0.0154,16.0,25903.0
2026-07-30T18:58:08.350Z,57.833,57.846,-7.4,7.4,0.0,0.0,0.0,0.0,0.0,1.0,1.0,0.0,1.0,0.0,0.0,0.0,8.0,6.0,0.0,0.0,0.0,0.0,0.0,0.0,0.0,0.0,1.0,12.0,1.0,12.05,5.0200000000000005,2.51,1.49,-2.2,0.2,2.2,300.90000000000003,-0.1,-10.9,2.9000000000000004,11.0,-82.7,0.0,0.0,219.8,0.0,22.200000000000003,33.4,33.4,36.7,300.0,300.0,29.9,36.3,34.300000000000004,34.0,36.2,4.95,2.0,4.97,0.16,0.0,0.0,1027.0,8228.0,0.0,0.0,0.0,0.0,0.0,1.0,0.0,0.0,0.0,-0.001,0.0,0.4,0.0,-14.7,-12.8,0.015,16.0,25903.0
2026-07-30T18:58:08.369Z,57.852,57.858,-7.5,7.4,0.0,0.0,0.0,0.0,0.0,1.0,1.0,0.0,1.0,0.0,0.0,0.0,8.0,6.0,0.0,0.0,0.0,0.0,0.0,0.0,0.0,0.0,3.0,12.0,1.0,12.05,5.0200000000000005,2.51,1.49,-2.2,0.2,2.2,301.1,-0.1,-12.0,2.9000000000000004,10.4,-82.7,0.0,0.0,219.8,0.0,22.200000000000003,33.4,33.4,36.7,300.0,300.0,29.9,36.3,34.300000000000004,34.0,36.2,4.95,2.0,4.96,0.16,0.0,0.0,1027.0,8228.0,0.0,0.0,0.0,0.0,0.0,1.0,0.0,0.0,0.0,-0.001,0.0,0.5,0.0,-14.0,-12.8,0.015,16.0,25903.0
2026-07-30T18:58:08.375Z,57.858,57.870000000000005,-7.5,7.4,0.0,0.0,0.0,0.0,0.0,1.0,1.0,0.0,1.0,0.0,0.0,0.0,8.0,6.0,0.0,0.0,0.0,0.0,0.0,0.0,0.0,0.0,2.0,12.0,1.0,12.05,5.0200000000000005,2.51,1.49,-2.2,0.2,2.2,301.0,-0.1,-10.9,2.9000000000000004,9.9,-82.7,0.0,0.0,219.7,0.0,22.200000000000003,33.4,33.4,36.7,300.0,300.0,29.9,36.3,34.300000000000004,34.0,36.2,4.95,2.0,4.96,0.16,0.0,0.0,1027.0,8228.0,0.0,0.0,0.0,0.0,0.0,1.0,0.0,0.0,0.0,-0.001,0.0,0.6000000000000001,0.0,-13.4,-12.7,0.015,16.0,25903.0
2026-07-30T18:58:08.386Z,57.869,57.882,-7.4,7.4,0.0,0.0,0.0,0.0,0.0,1.0,1.0,0.0,1.0,0.0,0.0,0.0,8.0,6.0,0.0,0.0,0.0,0.0,0.0,0.0,0.0,0.0,3.0,12.0,1.0,12.05,5.0200000000000005,2.51,1.49,-2.2,0.2,2.2,301.0,-0.1,-11.4,3.5,9.9,-82.7,0.0,0.0,219.8,0.0,22.200000000000003,33.4,33.4,36.7,300.0,300.0,29.9,36.3,34.300000000000004,34.0,36.2,4.96,2.0,4.96,0.16,0.0,0.0,1027.0,8228.0,0.0,0.0,0.0,0.0,0.0,1.0,0.0,0.0,0.0,-0.001,0.0,1.1,0.0,-13.8,-12.7,0.0152,16.0,25903.0
2026-07-30T18:58:08.399Z,57.882,57.894,-7.4,7.4,0.0,0.0,0.0,0.0,0.0,1.0,1.0,0.0,1.0,0.0,0.0,0.0,8.0,6.0,0.0,0.0,0.0,0.0,0.0,0.0,0.0,0.0,4.0,12.0,1.0,12.05,5.0200000000000005,2.51,1.49,-2.3000000000000003,0.3,2.3000000000000003,301.1,-0.1,-12.6,1.7000000000000002,9.9,-82.7,0.0,0.0,219.8,0.0,22.200000000000003,33.4,33.4,36.7,300.0,300.0,29.9,36.3,34.300000000000004,34.0,36.2,4.95,1.99,4.96,0.16,0.0,0.0,1027.0,8228.0,0.0,0.0,0.0,0.0,0.0,1.0,0.0,0.0,0.0,-0.001,0.0,-0.3,0.0,-12.5,-12.8,0.0151,16.0,25903.0
2026-07-30T18:58:08.411Z,57.894,57.906,-7.4,7.4,0.0,0.0,0.0,0.0,0.0,1.0,1.0,0.0,1.0,0.0,0.0,0.0,8.0,6.0,0.0,0.0,0.0,0.0,0.0,0.0,0.0,0.0,5.0,12.0,1.0,12.05,5.0200000000000005,2.51,1.49,-2.2,0.2,2.2,301.0,-0.1,-12.0,2.9000000000000004,9.9,-82.7,0.0,0.0,219.8,0.0,22.200000000000003,33.4,33.4,36.7,300.0,300.0,29.9,36.3,34.300000000000004,34.0,36.2,4.95,2.0,4.96,0.16,0.0,0.0,1027.0,8228.0,0.0,0.0,0.0,0.0,0.0,1.0,0.0,0.0,0.0,-0.001,0.0,0.6000000000000001,0.0,-13.4,-12.8,0.0155,16.0,25903.0
2026-07-30T18:58:08.423Z,57.906,57.918,-7.5,7.4,0.0,0.0,0.0,0.0,0.0,1.0,1.0,0.0,1.0,0.0,0.0,0.0,8.0,6.0,0.0,0.0,0.0,0.0,0.0,0.0,0.0,0.0,1.0,12.0,1.0,12.05,5.0200000000000005,2.51,1.49,-2.3000000000000003,0.3,2.3000000000000003,301.0,-0.1,-12.0,1.1,9.9,-82.60000000000001,0.0,0.0,219.7,0.0,22.200000000000003,33.4,33.4,36.7,300.0,300.0,29.9,36.3,34.300000000000004,34.0,36.2,4.95,2.0,4.96,0.16,0.0,0.0,1027.0,8228.0,0.0,0.0,0.0,0.0,0.0,1.0,0.0,0.0,0.0,-0.001,0.0,-0.8,0.0,-12.1,-12.8,0.0152,16.0,25903.0
2026-07-30T18:58:08.434Z,57.917,57.93,-7.5,7.4,0.0,0.0,0.0,0.0,0.0,1.0,1.0,0.0,1.0,0.0,0.0,0.0,8.0,6.0,0.0,0.0,0.0,0.0,0.0,0.0,0.0,0.0,3.0,12.0,1.0,12.05,5.0200000000000005,2.51,1.49,-2.3000000000000003,0.3,2.3000000000000003,301.1,-0.1,-12.0,1.1,9.3,-82.60000000000001,0.0,0.0,219.7,0.0,22.200000000000003,33.4,33.4,36.7,300.0,300.0,29.9,36.3,34.300000000000004,34.0,36.2,4.95,2.0,4.96,0.16,0.0,0.0,1027.0,8228.0,0.0,0.0,0.0,0.0,0.0,1.0,0.0,0.0,0.0,-0.001,0.0,-0.7000000000000001,0.0,-11.4,-12.7,0.0156,16.0,25903.0
2026-07-30T18:58:08.447Z,57.93,57.942,-7.4,7.4,0.0,0.0,0.0,0.0,0.0,1.0,1.0,0.0,1.0,0.0,0.0,0.0,8.0,6.0,0.0,0.0,0.0,0.0,0.0,0.0,0.0,0.0,4.0,12.0,1.0,12.05,5.01,2.51,1.49,-2.3000000000000003,0.3,2.3000000000000003,301.0,0.0,-12.6,0.5,8.700000000000001,-82.60000000000001,0.0,0.0,219.8,0.0,22.1,33.4,33.4,36.7,300.0,300.0,30.0,36.3,34.300000000000004,34.0,36.2,4.96,2.0,4.96,0.16,0.0,0.0,1027.0,8228.0,0.0,0.0,0.0,0.0,0.0,1.0,0.0,0.0,0.0,-0.001,0.0,-1.1,0.0,-10.3,-12.7,0.0157,16.0,25903.0
2026-07-30T18:58:08.459Z,57.942,57.954,-7.5,7.4,0.0,0.0,0.0,0.0,0.0,1.0,1.0,0.0,1.0,0.0,0.0,0.0,8.0,6.0,0.0,0.0,0.0,0.0,0.0,0.0,0.0,0.0,4.0,12.0,1.0,12.05,5.01,2.51,1.49,-2.2,0.2,2.3000000000000003,301.1,-0.1,-12.0,2.3000000000000003,9.3,-82.60000000000001,0.0,0.0,219.7,0.0,22.1,33.4,33.4,36.7,300.0,300.0,30.0,36.3,34.300000000000004,34.0,36.2,4.96,2.0,4.96,0.17,0.0,0.0,1027.0,8228.0,0.0,0.0,0.0,0.0,0.0,1.0,0.0,0.0,0.0,-0.001,0.0,0.2,0.0,-12.3,-12.8,0.0159,16.0,25903.0
2026-07-30T18:58:08.470Z,57.953,57.966,-7.4,7.4,0.0,0.0,0.0,0.0,0.0,1.0,1.0,0.0,1.0,0.0,0.0,0.0,8.0,6.0,0.0,0.0,0.0,0.0,0.0,0.0,0.0,0.0,5.0,12.0,1.0,12.05,5.01,2.51,1.49,-2.3000000000000003,0.3,2.4000000000000004,301.1,-0.1,-12.6,1.1,8.1,-82.60000000000001,0.0,0.0,219.8,0.0,22.1,33.4,33.4,36.7,300.0,300.0,30.0,36.3,34.300000000000004,34.0,36.2,4.95,2.0,4.96,0.16,0.0,0.0,1027.0,8228.0,0.0,0.0,0.0,0.0,0.0,1.0,0.0,0.0,0.0,-0.001,0.0,-0.5,0.0,-10.1,-12.7,0.0154,16.0,25903.0
2026-07-30T18:58:08.483Z,57.966,57.978,-7.4,7.4,0.0,0.0,0.0,0.0,0.0,1.0,1.0,0.0,1.0,0.0,0.0,0.0,8.0,6.0,0.0,0.0,0.0,0.0,0.0,0.0,0.0,0.0,6.0,12.0,1.0,12.05,5.01,2.51,1.49,-2.3000000000000003,0.3,2.3000000000000003,301.0,-0.1,-12.0,0.5,9.3,-82.60000000000001,0.0,0.0,219.8,0.0,22.1,33.4,33.4,36.7,300.0,300.0,30.0,36.3,34.300000000000004,34.0,36.2,4.96,2.0,4.97,0.16,0.0,0.0,1027.0,8228.0,0.0,0.0,0.0,0.0,0.0,1.0,0.0,0.0,0.0,-0.001,0.0,-1.3,0.0,-11.0,-12.8,0.016,16.0,25903.0
2026-07-30T18:58:08.494Z,57.977,57.99,-7.4,7.4,0.0,0.0,0.0,0.0,0.0,1.0,1.0,0.0,1.0,0.0,0.0,0.0,8.0,6.0,0.0,0.0,0.0,0.0,0.0,0.0,0.0,0.0,2.0,12.0,1.0,12.05,5.01,2.51,1.49,-2.2,0.3,2.3000000000000003,301.0,-0.1,-13.2,1.1,10.4,-82.60000000000001,0.0,0.0,219.7,0.0,22.1,33.4,33.4,36.7,300.0,300.0,30.0,36.3,34.300000000000004,34.0,36.2,4.95,2.0,4.96,0.16,0.0,0.0,1027.0,8228.0,0.0,0.0,0.0,0.0,0.0,1.0,0.0,0.0,0.0,-0.001,0.0,-1.0,0.0,-12.8,-12.8,0.0158,16.0,25903.0
2026-07-30T18:58:08.506Z,57.989,58.002,-7.5,7.4,0.0,0.0,0.0,0.0,0.0,1.0,1.0,0.0,1.0,0.0,0.0,0.0,8.0,6.0,0.0,0.0,0.0,0.0,0.0,0.0,0.0,0.0,3.0,12.0,1.0,12.05,5.01,2.51,1.49,-2.3000000000000003,0.3,2.4000000000000004,301.1,-0.1,-12.6,1.1,7.5,-82.60000000000001,0.0,0.0,219.7,0.0,22.1,33.4,33.4,36.7,300.0,300.0,30.0,36.3,34.300000000000004,34.0,36.2,4.95,2.0,4.96,0.16,0.0,0.0,1027.0,8228.0,0.0,0.0,0.0,0.0,0.0,1.0,0.0,0.0,0.0,-0.001,0.0,-0.4,0.0,-9.4,-12.8,0.0154,16.0,25903.0
2026-07-30T18:58:08.518Z,58.001,58.014,-7.5,7.4,0.0,0.0,0.0,0.0,0.0,1.0,1.0,0.0,1.0,0.0,0.0,0.0,8.0,6.0,0.0,0.0,0.0,0.0,0.0,0.0,0.0,0.0,4.0,12.0,1.0,12.05,5.01,2.51,1.49,-2.3000000000000003,0.3,2.3000000000000003,301.1,-0.1,-11.4,1.7000000000000002,9.3,-82.60000000000001,0.0,0.0,219.7,0.0,22.1,33.4,33.4,36.7,300.0,300.0,30.0,36.3,34.300000000000004,34.0,36.2,4.96,2.0,4.96,0.16,0.0,0.0,1027.0,8228.0,0.0,0.0,0.0,0.0,0.0,1.0,0.0,0.0,0.0,-0.001,0.0,-0.2,0.0,-11.8,-12.7,0.016,16.0,25903.0
2026-07-30T18:58:08.531Z,58.014,58.026,-7.4,7.4,0.0,0.0,0.0,0.0,0.0,1.0,1.0,0.0,1.0,0.0,0.0,0.0,8.0,6.0,0.0,0.0,0.0,0.0,0.0,0.0,0.0,0.0,5.0,12.0,1.0,12.05,5.01,2.51,1.49,-2.3000000000000003,0.3,2.3000000000000003,301.0,-0.1,-11.4,1.7000000000000002,9.3,-82.60000000000001,0.0,0.0,219.7,0.0,22.1,33.4,33.4,36.7,300.0,300.0,30.0,36.3,34.300000000000004,34.0,36.2,4.96,2.0,4.96,0.16,0.0,0.0,1027.0,8228.0,0.0,0.0,0.0,0.0,0.0,1.0,0.0,0.0,0.0,-0.001,0.0,-0.2,0.0,-11.8,-12.7,0.0154,16.0,25903.0
2026-07-30T18:58:08.543Z,58.026,58.038,-7.4,7.4,0.0,0.0,0.0,0.0,0.0,1.0,1.0,0.0,1.0,0.0,0.0,0.0,8.0,6.0,0.0,0.0,0.0,0.0,0.0,0.0,0.0,0.0,1.0,12.0,1.0,12.09,5.01,2.5,1.49,-2.3000000000000003,0.2,2.3000000000000003,301.0,-0.1,-11.4,2.3000000000000003,9.3,-82.60000000000001,0.0,0.0,219.8,0.0,22.1,33.4,33.4,36.7,300.0,300.0,29.9,36.2,34.300000000000004,34.1,36.2,4.95,2.0,4.96,0.16,0.0,0.0,1027.0,8228.0,0.0,0.0,0.0,0.0,0.0,1.0,0.0,0.0,0.0,-0.001,0.0,0.2,0.0,-12.3,-12.9,0.0156,16.0,25903.0
2026-07-30T18:58:08.555Z,58.038,58.05,-7.4,7.4,0.0,0.0,0.0,0.0,0.0,1.0,1.0,0.0,1.0,0.0,0.0,0.0,8.0,6.0,0.0,0.0,0.0,0.0,0.0,0.0,0.0,0.0,2.0,12.0,1.0,12.09,5.01,2.5,1.49,-2.2,0.3,2.3000000000000003,301.0,-0.1,-12.0,1.7000000000000002,10.4,-82.60000000000001,0.0,0.0,219.8,0.0,22.1,33.4,33.4,36.7,300.0,300.0,29.9,36.2,34.300000000000004,34.1,36.2,4.95,1.99,4.96,0.16,0.0,0.0,1027.0,8228.0,0.0,0.0,0.0,0.0,0.0,1.0,0.0,0.0,0.0,-0.001,0.0,-0.5,0.0,-13.2,-12.8,0.0154,16.0,25903.0
2026-07-30T18:58:08.567Z,58.05,58.062000000000005,-7.5,7.4,0.0,0.0,0.0,0.0,0.0,1.0,1.0,0.0,1.0,0.0,0.0,0.0,8.0,6.0,0.0,0.0,0.0,0.0,0.0,0.0,0.0,0.0,4.0,12.0,1.0,12.09,5.01,2.5,1.49,-2.2,0.2,2.3000000000000003,301.1,-0.1,-11.4,2.3000000000000003,9.9,-82.60000000000001,0.0,0.0,219.8,0.0,22.1,33.4,33.4,36.7,300.0,300.0,29.9,36.2,34.300000000000004,34.1,36.2,4.95,2.0,4.96,0.16,0.0,0.0,1027.0,8228.0,0.0,0.0,0.0,0.0,0.0,1.0,0.0,0.0,0.0,-0.001,0.0,0.1,0.0,-12.9,-12.8,0.0153,16.0,25903.0
2026-07-30T18:58:08.579Z,58.062,58.074,-7.4,7.4,0.0,0.0,0.0,0.0,0.0,1.0,1.0,0.0,1.0,0.0,0.0,0.0,8.0,6.0,0.0,0.0,0.0,0.0,0.0,0.0,0.0,0.0,5.0,12.0,1.0,12.09,5.01,2.5,1.49,-2.2,0.2,2.2,300.90000000000003,-0.1,-12.0,2.3000000000000003,10.4,-82.60000000000001,0.0,0.0,219.8,0.0,22.1,33.4,33.4,36.7,300.0,300.0,29.9,36.2,34.300000000000004,34.1,36.2,4.95,2.0,4.96,0.16,0.0,0.0,1027.0,8228.0,0.0,0.0,0.0,0.0,0.0,1.0,0.0,0.0,0.0,-0.001,0.0,0.0,0.0,-13.6,-12.7,0.0153,16.0,25903.0
2026-07-30T18:58:08.591Z,58.074,58.086,-7.5,7.4,0.0,0.0,0.0,0.0,0.0,1.0,1.0,0.0,1.0,0.0,0.0,0.0,8.0,6.0,0.0,0.0,0.0,0.0,0.0,0.0,0.0,0.0,6.0,12.0,1.0,12.09,5.01,2.5,1.49,-2.2,0.2,2.3000000000000003,301.1,-0.1,-11.4,2.9000000000000004,9.3,-82.60000000000001,0.0,0.0,219.8,0.0,22.1,33.4,33.4,36.7,300.0,300.0,29.9,36.2,34.300000000000004,34.1,36.2,4.96,2.0,4.96,0.16,0.0,0.0,1027.0,8228.0,0.0,0.0,0.0,0.0,0.0,1.0,0.0,0.0,0.0,-0.001,0.0,0.7000000000000001,0.0,-12.7,-12.8,0.0152,16.0,25903.0
2026-07-30T18:58:08.603Z,58.086,58.098,-7.5,7.4,0.0,0.0,0.0,0.0,0.0,1.0,1.0,0.0,1.0,0.0,0.0,0.0,8.0,6.0,0.0,0.0,0.0,0.0,0.0,0.0,0.0,0.0,2.0,12.0,1.0,12.09,5.01,2.5,1.49,-2.1,0.2,2.1,301.1,-0.1,-10.3,3.5,12.2,-82.60000000000001,0.0,0.0,219.7,0.0,22.1,33.4,33.4,36.7,300.0,300.0,29.9,36.2,34.300000000000004,34.1,36.2,4.96,2.0,4.96,0.17,0.0,0.0,1027.0,8228.0,0.0,0.0,0.0,0.0,0.0,1.0,0.0,0.0,0.0,-0.001,0.0,0.7000000000000001,0.0,-16.5,-12.8,0.0153,16.0,25903.0
2026-07-30T18:58:08.615Z,58.098,58.11,-7.5,7.4,0.0,0.0,0.0,0.0,0.0,1.0,1.0,0.0,1.0,0.0,0.0,0.0,8.0,6.0,0.0,0.0,0.0,0.0,0.0,0.0,0.0,0.0,3.0,12.0,1.0,12.09,5.01,2.5,1.49,-2.2,0.2,2.2,301.0,-0.1,-11.4,2.9000000000000004,10.4,-82.60000000000001,0.0,0.0,219.7,0.0,22.1,33.4,33.4,36.7,300.0,300.0,29.9,36.2,34.300000000000004,34.1,36.2,4.96,2.0,4.96,0.16,0.0,0.0,1027.0,8228.0,0.0,0.0,0.0,0.0,0.0,1.0,0.0,0.0,0.0,-0.001,0.0,0.5,0.0,-14.0,-12.7,0.0153,16.0,25903.0
2026-07-30T18:58:08.626Z,58.109,58.122,-7.4,7.4,0.0,0.0,0.0,0.0,0.0,1.0,1.0,0.0,1.0,0.0,0.0,0.0,8.0,6.0,0.0,0.0,0.0,0.0,0.0,0.0,0.0,0.0,4.0,12.0,1.0,12.09,5.01,2.5,1.49,-2.2,0.2,2.2,301.0,-0.1,-10.9,2.9000000000000004,11.6,-82.60000000000001,0.0,0.0,219.7,0.0,22.1,33.4,33.4,36.7,300.0,300.0,29.9,36.2,34.300000000000004,34.1,36.2,4.95,2.0,4.97,0.16,0.0,0.0,1027.0,8228.0,0.0,0.0,0.0,0.0,0.0,1.0,0.0,0.0,0.0,-0.001,0.0,0.3,0.0,-15.4,-12.7,0.0156,16.0,25903.0
2026-07-30T18:58:08.639Z,58.122,58.134,-7.4,7.4,0.0,0.0,0.0,0.0,0.0,1.0,1.0,0.0,1.0,0.0,0.0,0.0,8.0,6.0,0.0,0.0,0.0,0.0,0.0,0.0,0.0,0.0,5.0,12.0,1.0,12.09,5.01,2.5,1.49,-2.2,0.3,2.2,301.0,-0.1,-10.9,2.3000000000000003,11.6,-82.60000000000001,0.0,0.0,219.8,0.0,22.1,33.4,33.4,36.7,300.0,300.0,29.9,36.2,34.300000000000004,34.1,36.2,4.95,2.0,4.96,0.16,0.0,0.0,1027.0,8228.0,0.0,0.0,0.0,0.0,0.0,1.0,0.0,0.0,0.0,-0.001,0.0,-0.2,0.0,-14.9,-12.8,0.0148,16.0,25903.0
2026-07-30T18:58:08.650Z,58.133,58.146,-7.4,7.4,0.0,0.0,0.0,0.0,0.0,1.0,1.0,0.0,1.0,0.0,0.0,0.0,8.0,6.0,0.0,0.0,0.0,0.0,0.0,0.0,0.0,0.0,6.0,12.0,1.0,12.06,5.01,2.51,1.49,-2.2,0.2,2.2,301.0,-0.1,-12.0,2.3000000000000003,11.0,-82.60000000000001,0.0,0.0,219.8,0.0,22.200000000000003,33.4,33.4,36.8,300.0,300.0,29.9,36.1,34.2,34.0,36.2,4.95,2.0,4.96,0.16,0.0,0.0,1027.0,8228.0,0.0,0.0,0.0,0.0,0.0,1.0,0.0,0.0,0.0,-0.001,0.0,0.0,0.0,-14.3,-12.8,0.0157,16.0,25903.0
2026-07-30T18:58:08.662Z,58.145,58.158,-7.4,7.4,0.0,0.0,0.0,0.0,0.0,1.0,1.0,0.0,1.0,0.0,0.0,0.0,8.0,6.0,0.0,0.0,0.0,0.0,0.0,0.0,0.0,0.0,1.0,12.0,1.0,12.06,5.01,2.51,1.49,-2.3000000000000003,0.2,2.3000000000000003,301.0,-0.1,-12.0,2.9000000000000004,9.3,-82.60000000000001,0.0,0.0,219.7,0.0,22.200000000000003,33.4,33.4,36.8,300.0,300.0,29.9,36.1,34.2,34.0,36.2,4.95,2.0,4.96,0.16,0.0,0.0,1027.0,8228.0,0.0,0.0,0.0,0.0,0.0,1.0,0.0,0.0,0.0,-0.001,0.0,0.7000000000000001,0.0,-12.7,-12.8,0.0155,16.0,25903.0
2026-07-30T18:58:08.677Z,58.16,58.17,-7.4,7.4,0.0,0.0,0.0,0.0,0.0,1.0,1.0,0.0,1.0,0.0,0.0,0.0,8.0,6.0,0.0,0.0,0.0,0.0,0.0,0.0,0.0,0.0,2.0,12.0,1.0,12.06,5.01,2.51,1.49,-2.2,0.2,2.2,301.1,-0.1,-11.4,3.5,11.0,-82.60000000000001,0.0,0.0,219.6,0.0,22.200000000000003,33.4,33.4,36.8,300.0,300.0,29.9,36.1,34.2,34.0,36.2,4.95,2.0,4.96,0.16,0.0,0.0,1027.0,8228.0,0.0,0.0,0.0,0.0,0.0,1.0,0.0,0.0,0.0,-0.001,0.0,-1.1,0.0,-10.3,-12.8,0.0152,16.0,25903.0
2026-07-30T18:58:08.687Z,58.17,58.182,-7.5,7.4,0.0,0.0,0.0,0.0,0.0,1.0,1.0,0.0,1.0,0.0,0.0,0.0,8.0,6.0,0.0,0.0,0.0,0.0,0.0,0.0,0.0,0.0,6.0,12.0,1.0,12.06,5.01,2.51,1.49,-2.3000000000000003,0.2,2.3000000000000003,301.0,-0.1,-12.0,2.3000000000000003,9.3,-82.60000000000001,0.0,0.0,219.6,0.0,22.200000000000003,33.4,33.4,36.8,300.0,300.0,29.9,36.1,34.2,34.0,36.2,4.95,2.0,4.96,0.16,0.0,0.0,1027.0,8228.0,0.0,0.0,0.0,0.0,0.0,1.0,0.0,0.0,0.0,-0.001,0.0,-1.3,0.0,-11.7,-12.8,0.0161,16.0,25903.0
2026-07-30T18:58:08.699Z,58.182,58.194,-7.5,7.4,0.0,0.0,0.0,0.0,0.0,1.0,1.0,0.0,1.0,0.0,0.0,0.0,8.0,6.0,0.0,0.0,0.0,0.0,0.0,0.0,0.0,0.0,6.0,12.0,1.0,12.06,5.01,2.51,1.49,-2.3000000000000003,0.2,2.3000000000000003,301.0,-0.1,-12.0,1.7000000000000002,11.0,-82.60000000000001,0.0,0.0,219.7,0.0,22.200000000000003,33.4,33.4,36.8,300.0,300.0,29.9,36.1,34.2,34.0,36.2,4.95,2.0,4.96,0.17,0.0,0.0,1027.0,8228.0,0.0,0.0,0.0,0.0,0.0,1.0,0.0,0.0,0.0,-0.001,0.0,0.3,0.0,-11.6,-12.7,0.0156,16.0,25903.0
2026-07-30T18:58:08.711Z,58.194,58.206,-7.5,7.4,0.0,0.0,0.0,0.0,0.0,1.0,1.0,0.0,1.0,0.0,0.0,0.0,8.0,6.0,0.0,0.0,0.0,0.0,0.0,0.0,0.0,0.0,1.0,12.0,1.0,12.06,5.01,2.51,1.49,-2.3000000000000003,0.2,2.3000000000000003,301.1,-0.1,-13.2,1.7000000000000002,9.9,-82.60000000000001,0.0,0.0,219.9,0.0,22.200000000000003,33.4,33.4,36.8,300.0,300.0,29.9,36.1,34.2,34.0,36.2,4.96,2.0,4.96,0.16,0.0,0.0,1027.0,8228.0,0.0,0.0,0.0,0.0,0.0,1.0,0.0,0.0,0.0,-0.001,0.0,0.0,0.0,-10.5,-12.7,0.0155,16.0,25903.0
2026-07-30T18:58:08.723Z,58.206,58.218,-7.4,7.4,0.0,0.0,0.0,0.0,0.0,1.0,1.0,0.0,1.0,0.0,0.0,0.0,8.0,6.0,0.0,0.0,0.0,0.0,0.0,0.0,0.0,0.0,3.0,12.0,1.0,12.06,5.01,2.51,1.49,-2.3000000000000003,0.3,2.4000000000000004,301.1,0.0,-13.2,1.1,8.1,-82.60000000000001,0.0,0.0,219.8,0.0,22.200000000000003,33.4,33.4,36.8,300.0,300.0,29.9,36.1,34.2,34.0,36.2,4.95,2.0,4.96,0.16,0.0,0.0,1027.0,8228.0,0.0,0.0,0.0,0.0,0.0,1.0,0.0,0.0,0.0,-0.001,0.0,-0.5,0.0,-10.1,-12.7,0.0157,16.0,25903.0
2026-07-30T18:58:08.735Z,58.218,58.23,-7.4,7.4,0.0,0.0,0.0,0.0,0.0,1.0,1.0,0.0,1.0,0.0,0.0,0.0,8.0,6.0,0.0,0.0,0.0,0.0,0.0,0.0,0.0,0.0,4.0,12.0,1.0,12.06,5.01,2.51,1.49,-2.3000000000000003,0.2,2.3000000000000003,300.90000000000003,-0.1,-12.0,1.7000000000000002,8.700000000000001,-82.60000000000001,0.0,0.0,219.8,0.0,22.200000000000003,33.4,33.4,36.8,300.0,300.0,29.9,36.1,34.2,34.0,36.2,4.95,2.0,4.97,0.16,0.0,0.0,1027.0,8228.0,0.0,0.0,0.0,0.0,0.0,1.0,0.0,0.0,0.0,-0.001,0.0,-0.1,0.0,-11.2,-12.8,0.016,16.0,25903.0
2026-07-30T18:58:08.747Z,58.23,58.242,-7.5,7.4,0.0,0.0,0.0,0.0,0.0,1.0,1.0,0.0,1.0,0.0,0.0,0.0,8.0,6.0,0.0,0.0,0.0,0.0,0.0,0.0,0.0,0.0,5.0,12.0,1.0,12.06,5.0200000000000005,2.5,1.49,-2.2,0.2,2.3000000000000003,301.1,-0.1,-11.4,1.7000000000000002,9.9,-82.60000000000001,0.0,0.0,219.8,0.0,21.8,33.5,33.4,36.8,300.0,300.0,30.0,36.2,34.300000000000004,34.0,36.2,4.95,2.0,4.97,0.16,0.0,0.0,1027.0,8228.0,0.0,0.0,0.0,0.0,0.0,1.0,0.0,0.0,0.0,-0.001,0.0,-0.3,0.0,-12.5,-12.8,0.0157,16.0,25903.0
2026-07-30T18:58:08.759Z,58.242,58.254,-7.5,7.4,0.0,0.0,0.0,0.0,0.0,1.0,1.0,0.0,1.0,0.0,0.0,0.0,8.0,6.0,0.0,0.0,0.0,0.0,0.0,0.0,0.0,0.0,6.0,12.0,1.0,12.06,5.0200000000000005,2.5,1.49,-2.2,0.2,2.2,301.1,-0.1,-12.0,2.3000000000000003,10.4,-82.60000000000001,0.0,0.0,219.9,0.0,21.8,33.5,33.4,36.8,300.0,300.0,30.0,36.2,34.300000000000004,34.0,36.2,4.95,2.0,4.97,0.16,0.0,0.0,1027.0,8228.0,0.0,0.0,0.0,0.0,0.0,1.0,0.0,0.0,0.0,-0.001,0.0,0.0,0.0,-13.6,-12.7,0.0153,16.0,25903.0
2026-07-30T18:58:08.772Z,58.255,58.266,-7.4,7.4,0.0,0.0,0.0,0.0,0.0,1.0,1.0,0.0,1.0,0.0,0.0,0.0,8.0,6.0,0.0,0.0,0.0,0.0,0.0,0.0,0.0,0.0,1.0,12.0,1.0,12.06,5.0200000000000005,2.5,1.49,-2.2,0.3,2.2,301.0,-0.1,-11.4,2.3000000000000003,10.4,-82.60000000000001,0.0,0.0,219.9,0.0,21.8,33.5,33.4,36.8,300.0,300.0,30.0,36.2,34.300000000000004,34.0,36.2,4.95,2.0,4.96,0.16,0.0,0.0,1027.0,8228.0,0.0,0.0,0.0,0.0,0.0,1.0,0.0,0.0,0.0,-0.001,0.0,0.0,0.0,-13.6,-12.8,0.0151,16.0,25903.0
2026-07-30T18:58:08.783Z,58.266,58.278,-7.4,7.4,0.0,0.0,0.0,0.0,0.0,1.0,1.0,0.0,1.0,0.0,0.0,0.0,8.0,6.0,0.0,0.0,0.0,0.0,0.0,0.0,0.0,0.0,6.0,12.0,1.0,12.06,5.0200000000000005,2.5,1.49,-2.2,0.2,2.2,301.1,-0.1,-11.4,3.5,10.4,-82.60000000000001,0.0,0.0,219.8,0.0,21.8,33.5,33.4,36.8,300.0,300.0,30.0,36.2,34.300000000000004,34.0,36.2,4.96,2.0,4.96,0.16,0.0,0.0,1027.0,8228.0,0.0,0.0,0.0,0.0,0.0,1.0,0.0,0.0,0.0,-0.001,0.0,1.0,0.0,-14.5,-12.9,0.0153,16.0,25903.0
2026-07-30T18:58:08.795Z,58.278,58.29,-7.5,7.4,0.0,0.0,0.0,0.0,0.0,1.0,1.0,0.0,1.0,0.0,0.0,0.0,8.0,6.0,0.0,0.0,0.0,0.0,0.0,0.0,0.0,0.0,1.0,12.0,1.0,12.06,5.0200000000000005,2.5,1.49,-2.2,0.2,2.2,301.2,-0.1,-10.9,2.3000000000000003,10.4,-82.60000000000001,0.0,0.0,219.8,0.0,21.8,33.5,33.4,36.8,300.0,300.0,30.0,36.2,34.300000000000004,34.0,36.2,4.96,2.0,4.96,0.16,0.0,0.0,1027.0,8228.0,0.0,0.0,0.0,0.0,0.0,1.0,0.0,0.0,0.0,-0.001,0.0,0.0,0.0,-13.6,-12.8,0.015,16.0,25903.0
2026-07-30T18:58:08.806Z,58.289,58.302,-7.5,7.4,0.0,0.0,0.0,0.0,0.0,1.0,1.0,0.0,1.0,0.0,0.0,0.0,8.0,6.0,0.0,0.0,0.0,0.0,0.0,0.0,0.0,0.0,4.0,12.0,1.0,12.06,5.0200000000000005,2.5,1.49,-2.1,0.2,2.1,301.0,-0.1,-9.7,4.0,11.0,-82.60000000000001,0.0,0.0,220.0,0.0,21.8,33.5,33.4,36.8,300.0,300.0,30.0,36.2,34.300000000000004,34.0,36.2,4.95,2.0,4.96,0.16,0.0,0.0,1027.0,8228.0,0.0,0.0,0.0,0.0,0.0,1.0,0.0,0.0,0.0,-0.001,0.0,1.4,0.0,-15.6,-12.6,0.0149,16.0,25903.0
2026-07-30T18:58:08.819Z,58.302,58.314,-7.4,7.4,0.0,0.0,0.0,0.0,0.0,1.0,1.0,0.0,1.0,0.0,0.0,0.0,8.0,6.0,0.0,0.0,0.0,0.0,0.0,0.0,0.0,0.0,6.0,12.0,1.0,12.06,5.0200000000000005,2.5,1.49,-2.2,0.3,2.2,301.1,-0.1,-10.3,2.3000000000000003,11.0,-82.60000000000001,0.0,0.0,220.0,0.0,21.8,33.5,33.4,36.8,300.0,300.0,30.0,36.2,34.300000000000004,34.0,36.2,4.95,2.0,4.96,0.16,0.0,0.0,1027.0,8228.0,0.0,0.0,0.0,0.0,0.0,1.0,0.0,0.0,0.0,-0.001,0.0,-0.1,0.0,-14.3,-12.7,0.0144,16.0,25903.0
2026-07-30T18:58:08.831Z,58.314,58.326,-7.4,7.4,0.0,0.0,0.0,0.0,0.0,1.0,1.0,0.0,1.0,0.0,0.0,0.0,8.0,6.0,0.0,0.0,0.0,0.0,0.0,0.0,0.0,0.0,2.0,12.0,1.0,12.06,5.0200000000000005,2.5,1.49,-2.2,0.3,2.2,301.1,-0.1,-12.0,1.7000000000000002,10.4,-82.60000000000001,0.0,0.0,219.9,0.0,21.8,33.5,33.4,36.8,300.0,300.0,30.0,36.2,34.300000000000004,34.0,36.2,4.95,2.0,4.97,0.16,0.0,0.0,1027.0,8228.0,0.0,0.0,0.0,0.0,0.0,1.0,0.0,0.0,0.0,-0.001,0.0,-0.5,0.0,-13.2,-12.9,0.0149,16.0,25903.0
2026-07-30T18:58:08.842Z,58.325,58.338,-7.5,7.4,0.0,0.0,0.0,0.0,0.0,1.0,1.0,0.0,1.0,0.0,0.0,0.0,8.0,6.0,0.0,0.0,0.0,0.0,0.0,0.0,0.0,0.0,4.0,12.0,1.0,12.06,5.0200000000000005,2.5,1.49,-2.2,0.2,2.2,301.1,-0.1,-10.3,2.9000000000000004,9.9,-82.60000000000001,0.0,0.0,219.8,0.0,21.8,33.5,33.4,36.8,300.0,300.0,30.0,36.2,34.300000000000004,34.0,36.2,4.95,2.0,4.96,0.16,0.0,0.0,1027.0,8228.0,0.0,0.0,0.0,0.0,0.0,1.0,0.0,0.0,0.0,-0.001,0.0,0.6000000000000001,0.0,-13.4,-12.8,0.0151,16.0,25903.0
2026-07-30T18:58:08.854Z,58.337,58.35,-7.4,7.4,0.0,0.0,0.0,0.0,0.0,1.0,1.0,0.0,1.0,0.0,0.0,0.0,8.0,6.0,0.0,0.0,0.0,0.0,0.0,0.0,0.0,0.0,5.0,12.0,1.0,12.05,5.01,2.5,1.49,-2.2,0.2,2.2,301.0,-0.1,-10.3,2.9000000000000004,9.9,-82.60000000000001,0.0,0.0,219.8,0.0,21.9,33.5,33.5,36.8,300.0,300.0,29.9,36.3,34.300000000000004,34.0,36.2,4.96,2.0,4.96,0.16,0.0,0.0,1027.0,8228.0,0.0,0.0,0.0,0.0,0.0,1.0,0.0,0.0,0.0,-0.001,0.0,0.6000000000000001,0.0,-13.4,-12.7,0.015,16.0,25903.0
2026-07-30T18:58:08.867Z,58.35,58.362,-7.5,7.4,0.0,0.0,0.0,0.0,0.0,1.0,1.0,0.0,1.0,0.0,0.0,0.0,8.0,6.0,0.0,0.0,0.0,0.0,0.0,0.0,0.0,0.0,1.0,12.0,1.0,12.05,5.01,2.5,1.49,-2.1,0.2,2.1,301.1,-0.1,-10.9,4.0,12.8,-82.60000000000001,0.0,0.0,219.8,0.0,21.9,33.5,33.5,36.8,300.0,300.0,29.9,36.3,34.300000000000004,34.0,36.2,4.95,2.0,4.96,0.16,0.0,0.0,1027.0,8228.0,0.0,0.0,0.0,0.0,0.0,1.0,0.0,0.0,0.0,-0.001,0.0,1.1,0.0,-17.6,-12.8,0.0151,16.0,25903.0
2026-07-30T18:58:08.878Z,58.361,58.374,-7.4,7.4,0.0,0.0,0.0,0.0,0.0,1.0,1.0,0.0,1.0,0.0,0.0,0.0,8.0,6.0,0.0,0.0,0.0,0.0,0.0,0.0,0.0,0.0,2.0,12.0,1.0,12.05,5.01,2.5,1.49,-2.2,0.2,2.3000000000000003,301.1,-0.1,-11.4,2.3000000000000003,9.3,-82.60000000000001,0.0,0.0,219.9,0.0,21.9,33.5,33.5,36.8,300.0,300.0,29.9,36.3,34.300000000000004,34.0,36.2,4.95,2.0,4.97,0.16,0.0,0.0,1027.0,8228.0,0.0,0.0,0.0,0.0,0.0,1.0,0.0,0.0,0.0,-0.001,0.0,0.2,0.0,-12.3,-12.7,0.0141,16.0,25903.0
2026-07-30T18:58:08.891Z,58.374,58.386,-7.5,7.4,0.0,0.0,0.0,0.0,0.0,1.0,1.0,0.0,1.0,0.0,0.0,0.0,8.0,6.0,0.0,0.0,0.0,0.0,0.0,0.0,0.0,0.0,3.0,12.0,1.0,12.05,5.01,2.5,1.49,-2.2,0.2,2.2,301.0,-0.1,-10.3,2.9000000000000004,11.0,-82.60000000000001,0.0,0.0,219.8,0.0,21.9,33.5,33.5,36.8,300.0,300.0,29.9,36.3,34.300000000000004,34.0,36.2,4.95,2.0,4.96,0.16,0.0,0.0,1027.0,8228.0,0.0,0.0,0.0,0.0,0.0,1.0,0.0,0.0,0.0,-0.001,0.0,0.4,0.0,-14.7,-12.8,0.0153,16.0,25903.0
2026-07-30T18:58:08.902Z,58.385,58.398,-7.5,7.4,0.0,0.0,0.0,0.0,0.0,1.0,1.0,0.0,1.0,0.0,0.0,0.0,8.0,6.0,0.0,0.0,0.0,0.0,0.0,0.0,0.0,0.0,5.0,12.0,1.0,12.05,5.01,2.5,1.49,-2.3000000000000003,0.2,2.3000000000000003,300.90000000000003,-0.1,-12.0,1.7000000000000002,8.1,-82.60000000000001,0.0,0.0,219.8,0.0,21.9,33.5,33.5,36.8,300.0,300.0,29.9,36.3,34.300000000000004,34.0,36.2,4.95,2.0,4.96,0.16,0.0,0.0,1027.0,8228.0,0.0,0.0,0.0,0.0,0.0,1.0,0.0,0.0,0.0,-0.001,0.0,0.0,0.0,-10.5,-12.7,0.0147,16.0,25903.0
2026-07-30T18:58:08.915Z,58.398,58.41,-7.4,7.4,0.0,0.0,0.0,0.0,0.0,1.0,1.0,0.0,1.0,0.0,0.0,0.0,8.0,6.0,0.0,0.0,0.0,0.0,0.0,0.0,0.0,0.0,6.0,12.0,1.0,12.05,5.01,2.5,1.49,-2.2,0.3,2.2,301.0,-0.1,-10.9,2.3000000000000003,10.4,-82.60000000000001,0.0,0.0,219.8,0.0,21.9,33.5,33.5,36.8,300.0,300.0,29.9,36.3,34.300000000000004,34.0,36.2,4.96,2.0,4.96,0.16,0.0,0.0,1027.0,8228.0,0.0,0.0,0.0,0.0,0.0,1.0,0.0,0.0,0.0,-0.001,0.0,0.0,0.0,-13.6,-12.7,0.0157,16.0,25903.0
2026-07-30T18:58:08.926Z,58.409,58.422,-7.5,7.4,0.0,0.0,0.0,0.0,0.0,1.0,1.0,0.0,1.0,0.0,0.0,0.0,8.0,6.0,0.0,0.0,0.0,0.0,0.0,0.0,0.0,0.0,2.0,12.0,1.0,12.05,5.01,2.5,1.49,-2.3000000000000003,0.3,2.3000000000000003,301.1,0.0,-11.4,1.1,9.3,-82.60000000000001,0.0,0.0,219.7,0.0,21.9,33.5,33.5,36.8,300.0,300.0,29.9,36.3,34.300000000000004,34.0,36.2,4.96,2.0,4.96,0.16,0.0,0.0,1027.0,8228.0,0.0,0.0,0.0,0.0,0.0,1.0,0.0,0.0,0.0,-0.001,0.0,-0.7000000000000001,0.0,-11.4,-12.8,0.015,16.0,25903.0
2026-07-30T18:58:08.939Z,58.422,58.434000000000005,-7.5,7.4,0.0,0.0,0.0,0.0,0.0,1.0,1.0,0.0,1.0,0.0,0.0,0.0,8.0,6.0,0.0,0.0,0.0,0.0,0.0,0.0,0.0,0.0,3.0,12.0,1.0,12.05,5.01,2.5,1.49,-2.2,0.2,2.3000000000000003,300.90000000000003,0.0,-12.6,2.3000000000000003,8.700000000000001,-82.60000000000001,0.0,0.0,219.8,0.0,21.9,33.5,33.5,36.8,300.0,300.0,29.9,36.3,34.300000000000004,34.0,36.2,4.96,2.0,4.97,0.16,0.0,0.0,1027.0,8228.0,0.0,0.0,0.0,0.0,0.0,1.0,0.0,0.0,0.0,-0.001,0.0,0.3,0.0,-11.6,-12.8,0.0155,16.0,25903.0
2026-07-30T18:58:08.951Z,58.434,58.446,-7.4,7.4,0.0,0.0,0.0,0.0,0.0,1.0,1.0,0.0,1.0,0.0,0.0,0.0,8.0,6.0,0.0,0.0,0.0,0.0,0.0,0.0,0.0,0.0,5.0,12.0,1.0,12.05,5.01,2.51,1.49,-2.2,0.2,2.2,301.0,0.0,-12.6,2.3000000000000003,11.0,-82.60000000000001,0.0,0.0,219.8,0.0,21.700000000000003,33.5,33.5,36.8,300.0,300.0,29.9,36.4,34.300000000000004,34.0,36.2,4.95,1.99,4.97,0.16,0.0,0.0,1027.0,8228.0,0.0,0.0,0.0,0.0,0.0,1.0,0.0,0.0,0.0,-0.001,0.0,0.0,0.0,-14.3,-12.8,0.0154,16.0,25903.0
2026-07-30T18:58:08.962Z,58.445,58.458,-7.4,7.4,0.0,0.0,0.0,0.0,0.0,1.0,1.0,0.0,1.0,0.0,0.0,0.0,8.0,6.0,0.0,0.0,0.0,0.0,0.0,0.0,0.0,0.0,6.0,12.0,1.0,12.05,5.01,2.51,1.49,-2.3000000000000003,0.3,2.4000000000000004,301.0,0.0,-12.0,1.1,7.5,-82.60000000000001,0.0,0.0,219.9,0.0,21.700000000000003,33.5,33.5,36.8,300.0,300.0,29.9,36.4,34.300000000000004,34.0,36.2,4.95,1.99,4.96,0.16,0.0,0.0,1027.0,8228.0,0.0,0.0,0.0,0.0,0.0,1.0,0.0,0.0,0.0,-0.001,0.0,-0.4,0.0,-9.4,-12.8,0.0149,16.0,25903.0
2026-07-30T18:58:08.975Z,58.458,58.47,-7.4,7.4,0.0,0.0,0.0,0.0,0.0,1.0,1.0,0.0,1.0,0.0,0.0,0.0,8.0,6.0,0.0,0.0,0.0,0.0,0.0,0.0,0.0,0.0,1.0,12.0,1.0,12.05,5.01,2.51,1.49,-2.3000000000000003,0.3,2.3000000000000003,301.0,0.0,-12.6,0.0,9.3,-82.60000000000001,0.0,0.0,219.9,0.0,21.700000000000003,33.5,33.5,36.8,300.0,300.0,29.9,36.4,34.300000000000004,34.0,36.2,4.95,2.0,4.96,0.16,0.0,0.0,1027.0,8228.0,0.0,0.0,0.0,0.0,0.0,1.0,0.0,0.0,0.0,-0.001,0.0,-1.8,0.0,-10.5,-12.8,0.016,16.0,25903.0
2026-07-30T18:58:08.987Z,58.47,58.482,-7.5,7.4,0.0,0.0,0.0,0.0,0.0,1.0,1.0,0.0,1.0,0.0,0.0,0.0,8.0,6.0,0.0,0.0,0.0,0.0,0.0,0.0,0.0,0.0,3.0,12.0,1.0,12.05,5.01,2.51,1.49,-2.3000000000000003,0.3,2.3000000000000003,301.1,-0.1,-13.8,1.1,9.3,-82.60000000000001,0.0,0.0,219.8,0.0,21.700000000000003,33.5,33.5,36.8,300.0,300.0,29.9,36.4,34.300000000000004,34.0,36.2,4.95,2.0,4.97,0.16,0.0,0.0,1027.0,8228.0,0.0,0.0,0.0,0.0,0.0,1.0,0.0,0.0,0.0,-0.001,0.0,-0.8,0.0,-11.4,-12.9,0.0159,16.0,25903.0
2026-07-30T18:58:08.999Z,58.482,58.494,-7.5,7.4,0.0,0.0,0.0,0.0,0.0,1.0,1.0,0.0,1.0,0.0,0.0,0.0,8.0,6.0,0.0,0.0,0.0,0.0,0.0,0.0,0.0,0.0,3.0,12.0,1.0,12.05,5.01,2.51,1.49,-2.3000000000000003,0.3,2.3000000000000003,301.1,-0.1,-12.6,1.1,8.700000000000001,-82.60000000000001,0.0,0.0,219.7,0.0,21.700000000000003,33.5,33.5,36.8,300.0,300.0,29.9,36.4,34.300000000000004,34.0,36.2,4.96,2.0,4.97,0.16,0.0,0.0,1027.0,8228.0,0.0,0.0,0.0,0.0,0.0,1.0,0.0,0.0,0.0,-0.001,0.0,-0.6000000000000001,0.0,-10.7,-12.7,0.0156,16.0,25903.0
2026-07-30T18:58:09.011Z,58.494,58.506,-7.5,7.4,0.0,0.0,0.0,0.0,0.0,1.0,1.0,0.0,1.0,0.0,0.0,0.0,8.0,6.0,0.0,0.0,0.0,0.0,0.0,0.0,0.0,0.0,3.0,12.0,1.0,12.05,5.01,2.51,1.49,-2.2,0.3,2.3000000000000003,301.1,-0.1,-12.0,1.1,10.4,-82.60000000000001,0.0,0.0,219.8,0.0,21.700000000000003,33.5,33.5,36.8,300.0,300.0,29.9,36.4,34.300000000000004,34.0,36.2,4.95,2.0,4.96,0.16,0.0,0.0,1027.0,8228.0,0.0,0.0,0.0,0.0,0.0,1.0,0.0,0.0,0.0,-0.001,0.0,-1.0,0.0,-12.7,-12.8,0.0158,16.0,25903.0
2026-07-30T18:58:09.023Z,58.506,58.518,-7.5,7.4,0.0,0.0,0.0,0.0,0.0,1.0,1.0,0.0,1.0,0.0,0.0,0.0,8.0,6.0,0.0,0.0,0.0,0.0,0.0,0.0,0.0,0.0,4.0,12.0,1.0,12.05,5.01,2.51,1.49,-2.2,0.3,2.3000000000000003,301.0,-0.1,-12.6,1.7000000000000002,9.3,-82.60000000000001,0.0,0.0,219.7,0.0,21.700000000000003,33.5,33.5,36.8,300.0,300.0,29.9,36.4,34.300000000000004,34.0,36.2,4.96,2.0,4.96,0.16,0.0,0.0,1027.0,8228.0,0.0,0.0,0.0,0.0,0.0,1.0,0.0,0.0,0.0,-0.001,0.0,-0.2,0.0,-11.8,-12.8,0.0153,16.0,25903.0
2026-07-30T18:58:09.035Z,58.518,58.53,-7.5,7.4,0.0,0.0,0.0,0.0,0.0,1.0,1.0,0.0,1.0,0.0,0.0,0.0,8.0,6.0,0.0,0.0,0.0,0.0,0.0,0.0,0.0,0.0,5.0,12.0,1.0,12.05,5.01,2.51,1.49,-2.3000000000000003,0.3,2.3000000000000003,301.1,-0.1,-12.0,1.1,8.1,-82.60000000000001,0.0,0.0,219.8,0.0,21.700000000000003,33.5,33.5,36.8,300.0,300.0,29.9,36.4,34.300000000000004,34.0,36.2,4.96,2.0,4.96,0.16,0.0,0.0,1027.0,8228.0,0.0,0.0,0.0,0.0,0.0,1.0,0.0,0.0,0.0,-0.001,0.0,-0.5,0.0,-10.1,-12.7,0.0154,16.0,25903.0
2026-07-30T18:58:09.046Z,58.529,58.542,-7.4,7.4,0.0,0.0,0.0,0.0,0.0,1.0,1.0,0.0,1.0,0.0,0.0,0.0,8.0,6.0,0.0,0.0,0.0,0.0,0.0,0.0,0.0,0.0,1.0,12.0,1.0,12.05,5.01,2.51,1.49,-2.2,0.2,2.2,301.0,-0.1,-12.0,2.9000000000000004,9.9,-82.5,0.0,0.0,219.9,0.0,21.700000000000003,33.5,33.5,36.8,300.0,300.0,29.9,36.4,34.300000000000004,34.0,36.2,4.96,2.0,4.96,0.16,0.0,0.0,1027.0,8228.0,0.0,0.0,0.0,0.0,0.0,1.0,0.0,0.0,0.0,-0.001,0.0,0.6000000000000001,0.0,-13.4,-12.7,0.0156,16.0,25903.0
2026-07-30T18:58:09.059Z,58.542,58.554,-7.4,7.4,0.0,0.0,0.0,0.0,0.0,1.0,1.0,0.0,1.0,0.0,0.0,0.0,8.0,6.0,0.0,0.0,0.0,0.0,0.0,0.0,0.0,0.0,2.0,12.0,1.0,12.06,5.01,2.51,1.5,-2.2,0.2,2.3000000000000003,301.0,-0.1,-12.0,2.9000000000000004,9.3,-82.5,0.0,0.0,219.8,0.0,22.3,33.5,33.5,36.8,300.0,300.0,30.0,36.2,34.300000000000004,34.0,36.2,4.95,2.0,4.96,0.16,0.0,0.0,1027.0,8228.0,0.0,0.0,0.0,0.0,0.0,1.0,0.0,0.0,0.0,-0.001,0.0,0.7000000000000001,0.0,-12.7,-12.8,0.0151,16.0,25903.0
2026-07-30T18:58:09.071Z,58.554,58.566,-7.4,7.4,0.0,0.0,0.0,0.0,0.0,1.0,1.0,0.0,1.0,0.0,0.0,0.0,8.0,6.0,0.0,0.0,0.0,0.0,0.0,0.0,0.0,0.0,3.0,12.0,1.0,12.06,5.01,2.51,1.5,-2.2,0.2,2.2,301.0,-0.1,-12.0,2.9000000000000004,9.9,-82.5,0.0,0.0,219.8,0.0,22.3,33.5,33.5,36.8,300.0,300.0,30.0,36.2,34.300000000000004,34.0,36.2,4.95,2.0,4.96,0.16,0.0,0.0,1027.0,8228.0,0.0,0.0,0.0,0.0,0.0,1.0,0.0,0.0,0.0,-0.001,0.0,0.6000000000000001,0.0,-13.4,-12.8,0.0153,16.0,25903.0
2026-07-30T18:58:09.086Z,58.569,58.578,-7.5,7.4,0.0,0.0,0.0,0.0,0.0,1.0,1.0,0.0,1.0,0.0,0.0,0.0,8.0,6.0,0.0,0.0,0.0,0.0,0.0,0.0,0.0,0.0,5.0,12.0,1.0,12.06,5.01,2.51,1.5,-2.2,0.2,2.2,301.0,-0.1,-10.9,4.0,10.4,-82.5,0.0,0.0,219.7,0.0,22.3,33.5,33.5,36.8,300.0,300.0,30.0,36.2,34.300000000000004,34.0,36.2,4.95,2.0,4.96,0.16,0.0,0.0,1027.0,8228.0,0.0,0.0,0.0,0.0,0.0,1.0,0.0,0.0,0.0,-0.001,0.0,1.5,0.0,-14.9,-12.9,0.0152,16.0,25903.0
2026-07-30T18:58:09.095Z,58.578,58.59,-7.5,7.4,0.0,0.0,0.0,0.0,0.0,1.0,1.0,0.0,1.0,0.0,0.0,0.0,8.0,6.0,0.0,0.0,0.0,0.0,0.0,0.0,0.0,0.0,4.0,12.0,1.0,12.06,5.01,2.51,1.5,-2.2,0.2,2.2,301.1,-0.1,-10.9,2.3000000000000003,10.4,-82.5,0.0,0.0,219.8,0.0,22.3,33.5,33.5,36.8,300.0,300.0,30.0,36.2,34.300000000000004,34.0,36.2,4.95,2.0,4.96,0.16,0.0,0.0,1027.0,8228.0,0.0,0.0,0.0,0.0,0.0,1.0,0.0,0.0,0.0,-0.001,0.0,0.0,0.0,-13.6,-12.8,0.0148,16.0,25903.0
2026-07-30T18:58:09.107Z,58.59,58.602,-7.5,7.4,0.0,0.0,0.0,0.0,0.0,1.0,1.0,0.0,1.0,0.0,0.0,0.0,8.0,6.0,0.0,0.0,0.0,0.0,0.0,0.0,0.0,0.0,6.0,12.0,1.0,12.06,5.01,2.51,1.5,-2.1,0.2,2.2,301.1,-0.1,-11.4,3.5,11.0,-82.5,0.0,0.0,219.9,0.0,22.3,33.5,33.5,36.8,300.0,300.0,30.0,36.2,34.300000000000004,34.0,36.2,4.95,2.0,4.96,0.16,0.0,0.0,1027.0,8228.0,0.0,0.0,0.0,0.0,0.0,1.0,0.0,0.0,0.0,-0.001,0.0,0.9,0.0,-15.1,-12.7,0.0151,16.0,25903.0
2026-07-30T18:58:09.119Z,58.602,58.614,-7.5,7.4,0.0,0.0,0.0,0.0,0.0,1.0,1.0,0.0,1.0,0.0,0.0,0.0,8.0,6.0,0.0,0.0,0.0,0.0,0.0,0.0,0.0,0.0,1.0,12.0,1.0,12.06,5.01,2.51,1.5,-2.2,0.3,2.2,301.0,-0.1,-10.9,2.3000000000000003,11.0,-82.5,0.0,0.0,219.7,0.0,22.3,33.5,33.5,36.8,300.0,300.0,30.0,36.2,34.300000000000004,34.0,36.2,4.96,2.0,4.96,0.16,0.0,0.0,1027.0,8228.0,0.0,0.0,0.0,0.0,0.0,1.0,0.0,0.0,0.0,-0.001,0.0,0.0,0.0,-14.3,-12.8,0.0147,16.0,25903.0
2026-07-30T18:58:09.130Z,58.613,58.626,-7.5,7.4,0.0,0.0,0.0,0.0,0.0,1.0,1.0,0.0,1.0,0.0,0.0,0.0,8.0,6.0,0.0,0.0,0.0,0.0,0.0,0.0,0.0,0.0,3.0,12.0,1.0,12.06,5.01,2.51,1.5,-2.2,0.2,2.2,301.1,-0.1,-10.3,2.9000000000000004,10.4,-82.5,0.0,0.0,219.7,0.0,22.3,33.5,33.5,36.8,300.0,300.0,30.0,36.2,34.300000000000004,34.0,36.2,4.96,2.0,4.96,0.16,0.0,0.0,1027.0,8228.0,0.0,0.0,0.0,0.0,0.0,1.0,0.0,0.0,0.0,-0.001,0.0,0.5,0.0,-14.0,-12.7,0.0156,16.0,25903.0
2026-07-30T18:58:09.143Z,58.626,58.638,-7.4,7.4,0.0,0.0,0.0,0.0,0.0,1.0,1.0,0.0,1.0,0.0,0.0,0.0,8.0,6.0,0.0,0.0,0.0,0.0,0.0,0.0,0.0,0.0,4.0,12.0,1.0,12.06,5.01,2.51,1.5,-2.2,0.2,2.2,301.0,-0.1,-11.4,3.5,9.3,-82.5,0.0,0.0,219.7,0.0,22.3,33.5,33.5,36.8,300.0,300.0,30.0,36.2,34.300000000000004,34.0,36.2,4.95,2.0,4.96,0.16,0.0,0.0,1027.0,8228.0,0.0,0.0,0.0,0.0,0.0,1.0,0.0,0.0,0.0,-0.001,0.0,1.2000000000000002,0.0,-13.1,-12.7,0.0153,16.0,25903.0
2026-07-30T18:58:09.156Z,58.639,58.65,-7.4,7.4,0.0,0.0,0.0,0.0,0.0,1.0,1.0,0.0,1.0,0.0,0.0,0.0,8.0,6.0,0.0,0.0,0.0,0.0,0.0,0.0,0.0,0.0,5.0,12.0,1.0,12.04,5.01,2.51,1.49,-2.2,0.2,2.2,301.0,-0.1,-11.4,2.9000000000000004,11.6,-82.5,0.0,0.0,219.7,0.0,21.8,33.5,33.5,36.8,300.0,300.0,30.0,36.1,34.300000000000004,34.1,36.2,4.95,2.0,4.96,0.16,0.0,0.0,1027.0,8228.0,0.0,0.0,0.0,0.0,0.0,1.0,0.0,0.0,0.0,-0.001,0.0,0.3,0.0,-15.4,-12.8,0.0149,16.0,25903.0
2026-07-30T18:58:09.167Z,58.65,58.662,-7.4,7.4,0.0,0.0,0.0,0.0,0.0,1.0,1.0,0.0,1.0,0.0,0.0,0.0,8.0,6.0,0.0,0.0,0.0,0.0,0.0,0.0,0.0,0.0,1.0,12.0,1.0,12.04,5.01,2.51,1.49,-2.2,0.2,2.2,301.1,-0.1,-11.4,2.9000000000000004,11.0,-82.5,0.0,0.0,219.7,0.0,21.8,33.5,33.5,36.8,300.0,300.0,30.0,36.1,34.300000000000004,34.1,36.2,4.96,2.0,4.96,0.16,0.0,0.0,1027.0,8228.0,0.0,0.0,0.0,0.0,0.0,1.0,0.0,0.0,0.0,-0.001,0.0,0.4,0.0,-14.7,-13.0,0.0163,16.0,25903.0
2026-07-30T18:58:09.179Z,58.662,58.674,-7.5,7.4,0.0,0.0,0.0,0.0,0.0,1.0,1.0,0.0,1.0,0.0,0.0,0.0,8.0,6.0,0.0,0.0,0.0,0.0,0.0,0.0,0.0,0.0,2.0,12.0,1.0,12.04,5.01,2.51,1.49,-2.3000000000000003,0.2,2.3000000000000003,300.90000000000003,-0.1,-12.0,2.3000000000000003,9.3,-82.5,0.0,0.0,219.7,0.0,21.8,33.5,33.5,36.8,300.0,300.0,30.0,36.1,34.300000000000004,34.1,36.2,4.96,2.0,4.96,0.16,0.0,0.0,1027.0,8228.0,0.0,0.0,0.0,0.0,0.0,1.0,0.0,0.0,0.0,-0.001,0.0,0.2,0.0,-12.3,-12.9,0.0161,16.0,25903.0
2026-07-30T18:58:09.191Z,58.674,58.686,-7.5,7.4,0.0,0.0,0.0,0.0,0.0,1.0,1.0,0.0,1.0,0.0,0.0,0.0,8.0,6.0,0.0,0.0,0.0,0.0,0.0,0.0,0.0,0.0,4.0,12.0,1.0,12.04,5.01,2.51,1.49,-2.3000000000000003,0.2,2.3000000000000003,301.1,-0.1,-11.4,1.7000000000000002,8.700000000000001,-82.5,0.0,0.0,219.7,0.0,21.8,33.5,33.5,36.8,300.0,300.0,30.0,36.1,34.300000000000004,34.1,36.2,4.96,2.0,4.96,0.16,0.0,0.0,1027.0,8228.0,0.0,0.0,0.0,0.0,0.0,1.0,0.0,0.0,0.0,-0.001,0.0,-0.5,0.0,-10.1,-12.8,0.0156,16.0,25903.0
2026-07-30T18:58:09.202Z,58.685,58.698,-7.5,7.4,0.0,0.0,0.0,0.0,0.0,1.0,1.0,0.0,1.0,0.0,0.0,0.0,8.0,6.0,0.0,0.0,0.0,0.0,0.0,0.0,0.0,0.0,5.0,12.0,1.0,12.04,5.01,2.51,1.49,-2.2,0.3,2.2,301.1,-0.1,-12.0,1.7000000000000002,11.0,-82.5,0.0,0.0,219.9,0.0,21.8,33.5,33.5,36.8,300.0,300.0,30.0,36.1,34.300000000000004,34.1,36.2,4.96,2.0,4.96,0.16,0.0,0.0,1027.0,8228.0,0.0,0.0,0.0,0.0,0.0,1.0,0.0,0.0,0.0,-0.001,0.0,-1.3,0.0,-11.0,-12.7,0.0159,16.0,25903.0
2026-07-30T18:58:09.214Z,58.697,58.71,-7.5,7.4,0.0,0.0,0.0,0.0,0.0,1.0,1.0,0.0,1.0,0.0,0.0,0.0,8.0,6.0,0.0,0.0,0.0,0.0,0.0,0.0,0.0,0.0,6.0,12.0,1.0,12.04,5.01,2.51,1.49,-2.3000000000000003,0.3,2.3000000000000003,301.0,-0.1,-10.9,3.5,10.4,-82.5,0.0,0.0,219.8,0.0,21.8,33.5,33.5,36.8,300.0,300.0,30.0,36.1,34.300000000000004,34.1,36.2,4.95,2.0,4.97,0.16,0.0,0.0,1027.0,8228.0,0.0,0.0,0.0,0.0,0.0,1.0,0.0,0.0,0.0,-0.001,0.0,-0.9,0.0,-12.1,-12.8,0.0157,16.0,25903.0
2026-07-30T18:58:09.227Z,58.71,58.722,-7.5,7.4,0.0,0.0,0.0,0.0,0.0,1.0,1.0,0.0,1.0,0.0,0.0,0.0,8.0,6.0,0.0,0.0,0.0,0.0,0.0,0.0,0.0,0.0,1.0,12.0,1.0,12.04,5.01,2.51,1.49,-2.3000000000000003,0.2,2.3000000000000003,301.0,-0.1,-12.0,2.3000000000000003,8.1,-82.5,0.0,0.0,219.7,0.0,21.8,33.5,33.5,36.8,300.0,300.0,30.0,36.1,34.300000000000004,34.1,36.2,4.95,2.0,4.96,0.16,0.0,0.0,1027.0,8228.0,0.0,0.0,0.0,0.0,0.0,1.0,0.0,0.0,0.0,-0.001,0.0,0.4,0.0,-10.9,-12.8,0.0155,16.0,25903.0
2026-07-30T18:58:09.239Z,58.722,58.734,-7.4,7.4,0.0,0.0,0.0,0.0,0.0,1.0,1.0,0.0,1.0,0.0,0.0,0.0,8.0,6.0,0.0,0.0,0.0,0.0,0.0,0.0,0.0,0.0,2.0,12.0,1.0,12.04,5.01,2.51,1.49,-2.2,0.2,2.2,301.0,-0.1,-12.0,2.9000000000000004,10.4,-82.5,0.0,0.0,219.8,0.0,21.8,33.5,33.5,36.8,300.0,300.0,30.0,36.1,34.300000000000004,34.1,36.2,4.95,2.0,4.96,0.16,0.0,0.0,1027.0,8228.0,0.0,0.0,0.0,0.0,0.0,1.0,0.0,0.0,0.0,-0.001,0.0,0.5,0.0,-14.0,-12.6,0.0155,16.0,25903.0
2026-07-30T18:58:09.251Z,58.734,58.746,-7.4,7.4,0.0,0.0,0.0,0.0,0.0,1.0,1.0,0.0,1.0,0.0,0.0,0.0,8.0,6.0,0.0,0.0,0.0,0.0,0.0,0.0,0.0,0.0,3.0,12.0,1.0,12.04,5.01,2.51,1.49,-2.2,0.3,2.2,301.1,-0.1,-12.0,2.3000000000000003,10.4,-82.5,0.0,0.0,219.8,0.0,21.8,33.5,33.5,36.8,300.0,300.0,30.0,36.1,34.300000000000004,34.1,36.2,4.96,2.0,4.96,0.16,0.0,0.0,1027.0,8228.0,0.0,0.0,0.0,0.0,0.0,1.0,0.0,0.0,0.0,-0.001,0.0,0.0,0.0,-13.6,-12.8,0.0149,16.0,25903.0
2026-07-30T18:58:09.263Z,58.746,58.758,-7.5,7.4,0.0,0.0,0.0,0.0,0.0,1.0,1.0,0.0,1.0,0.0,0.0,0.0,8.0,6.0,0.0,0.0,0.0,0.0,0.0,0.0,0.0,0.0,4.0,12.0,1.0,12.08,5.01,2.5,1.49,-2.1,0.3,2.2,301.0,-0.1,-11.4,1.7000000000000002,12.2,-82.5,0.0,0.0,219.8,0.0,22.1,33.5,33.5,36.8,300.0,300.0,30.0,36.3,34.300000000000004,34.1,36.3,4.96,2.0,4.97,0.16,0.0,0.0,1027.0,8228.0,0.0,0.0,0.0,0.0,0.0,1.0,0.0,0.0,0.0,-0.001,0.0,-0.8,0.0,-15.2,-12.9,0.0152,16.0,25903.0
2026-07-30T18:58:09.274Z,58.757,58.77,-7.5,7.4,0.0,0.0,0.0,0.0,0.0,1.0,1.0,0.0,1.0,0.0,0.0,0.0,8.0,6.0,0.0,0.0,0.0,0.0,0.0,0.0,0.0,0.0,5.0,12.0,1.0,12.08,5.01,2.5,1.49,-2.2,0.2,2.2,301.1,-0.1,-10.9,2.3000000000000003,10.4,-82.5,0.0,0.0,219.8,0.0,22.1,33.5,33.5,36.8,300.0,300.0,30.0,36.3,34.300000000000004,34.1,36.3,4.96,2.0,4.96,0.16,0.0,0.0,1027.0,8228.0,0.0,0.0,0.0,0.0,0.0,1.0,0.0,0.0,0.0,-0.001,0.0,0.0,0.0,-13.6,-12.8,0.0148,16.0,25903.0
2026-07-30T18:58:09.287Z,58.77,58.782,-7.5,7.4,0.0,0.0,0.0,0.0,0.0,1.0,1.0,0.0,1.0,0.0,0.0,0.0,8.0,6.0,0.0,0.0,0.0,0.0,0.0,0.0,0.0,0.0,6.0,12.0,1.0,12.08,5.01,2.5,1.49,-2.2,0.2,2.2,301.0,-0.1,-10.9,2.3000000000000003,10.4,-82.5,0.0,0.0,219.8,0.0,22.1,33.5,33.5,36.8,300.0,300.0,30.0,36.3,34.300000000000004,34.1,36.3,4.95,2.0,4.96,0.16,0.0,0.0,1027.0,8228.0,0.0,0.0,0.0,0.0,0.0,1.0,0.0,0.0,0.0,-0.001,0.0,0.0,0.0,-13.6,-12.6,0.0148,16.0,25903.0
2026-07-30T18:58:09.298Z,58.781,58.794,-7.4,7.4,0.0,0.0,0.0,0.0,0.0,1.0,1.0,0.0,1.0,0.0,0.0,0.0,8.0,6.0,0.0,0.0,0.0,0.0,0.0,0.0,0.0,0.0,1.0,12.0,1.0,12.08,5.01,2.5,1.49,-2.1,0.3,2.1,300.90000000000003,-0.1,-11.4,2.9000000000000004,12.2,-82.5,0.0,0.0,219.7,0.0,22.1,33.5,33.5,36.8,300.0,300.0,30.0,36.3,34.300000000000004,34.1,36.3,4.96,2.0,4.96,0.16,0.0,0.0,1027.0,8228.0,0.0,0.0,0.0,0.0,0.0,1.0,0.0,0.0,0.0,-0.001,0.0,0.2,0.0,-16.0,-12.7,0.015,16.0,25903.0
2026-07-30T18:58:09.319Z,58.802,58.806,-7.5,7.4,0.0,0.0,0.0,0.0,0.0,1.0,1.0,0.0,1.0,0.0,0.0,0.0,8.0,6.0,0.0,0.0,0.0,0.0,0.0,0.0,0.0,0.0,2.0,12.0,1.0,12.08,5.01,2.5,1.49,-2.2,0.3,2.2,301.1,-0.1,-10.9,2.3000000000000003,9.3,-82.5,0.0,0.0,219.7,0.0,22.1,33.5,33.5,36.8,300.0,300.0,30.0,36.3,34.300000000000004,34.1,36.3,4.95,2.0,4.96,0.16,0.0,0.0,1027.0,8228.0,0.0,0.0,0.0,0.0,0.0,1.0,0.0,0.0,0.0,-0.001,0.0,0.2,0.0,-12.3,-12.8,0.0146,16.0,25903.0
2026-07-30T18:58:09.323Z,58.806,58.818,-7.5,7.4,0.0,0.0,0.0,0.0,0.0,1.0,1.0,0.0,1.0,0.0,0.0,0.0,8.0,6.0,0.0,0.0,0.0,0.0,0.0,0.0,0.0,0.0,2.0,12.0,1.0,12.08,5.01,2.5,1.49,-2.2,0.3,2.2,301.1,-0.1,-10.3,2.3000000000000003,11.0,-82.5,0.0,0.0,219.7,0.0,22.1,33.5,33.5,36.8,300.0,300.0,30.0,36.3,34.300000000000004,34.1,36.3,4.95,2.0,4.96,0.16,0.0,0.0,1027.0,8228.0,0.0,0.0,0.0,0.0,0.0,1.0,0.0,0.0,0.0,-0.001,0.0,0.0,0.0,-14.3,-12.7,0.0153,16.0,25903.0
2026-07-30T18:58:09.335Z,58.818,58.83,-7.4,7.4,0.0,0.0,0.0,0.0,0.0,1.0,1.0,0.0,1.0,0.0,0.0,0.0,8.0,6.0,0.0,0.0,0.0,0.0,0.0,0.0,0.0,0.0,2.0,12.0,1.0,12.08,5.01,2.5,1.49,-2.2,0.2,2.3000000000000003,300.90000000000003,-0.1,-10.9,2.9000000000000004,9.3,-82.4,0.0,0.0,219.7,0.0,22.1,33.5,33.5,36.8,300.0,300.0,30.0,36.3,34.300000000000004,34.1,36.3,4.96,2.0,4.96,0.16,0.0,0.0,1027.0,8228.0,0.0,0.0,0.0,0.0,0.0,1.0,0.0,0.0,0.0,-0.001,0.0,0.7000000000000001,0.0,-12.7,-12.7,0.0148,16.0,25903.0
2026-07-30T18:58:09.347Z,58.83,58.842,-7.4,7.4,0.0,0.0,0.0,0.0,0.0,1.0,1.0,0.0,1.0,0.0,0.0,0.0,8.0,6.0,0.0,0.0,0.0,0.0,0.0,0.0,0.0,0.0,3.0,12.0,1.0,12.08,5.01,2.5,1.49,-2.3000000000000003,0.3,2.3000000000000003,301.0,-0.1,-12.6,1.1,9.3,-82.4,0.0,0.0,219.7,0.0,22.1,33.5,33.5,36.8,300.0,300.0,30.0,36.3,34.300000000000004,34.1,36.3,4.95,2.0,4.97,0.17,0.0,0.0,1027.0,8228.0,0.0,0.0,0.0,0.0,0.0,1.0,0.0,0.0,0.0,-0.001,0.0,-0.7000000000000001,0.0,-11.4,-12.9,0.0153,16.0,25903.0
2026-07-30T18:58:09.359Z,58.842,58.854,-7.5,7.4,0.0,0.0,0.0,0.0,0.0,1.0,1.0,0.0,1.0,0.0,0.0,0.0,8.0,6.0,0.0,0.0,0.0,0.0,0.0,0.0,0.0,0.0,4.0,12.0,1.0,12.08,5.01,2.5,1.49,-2.2,0.3,2.2,301.1,-0.1,-11.4,1.7000000000000002,11.6,-82.4,0.0,0.0,219.7,0.0,21.8,33.5,33.5,36.8,300.0,300.0,29.9,36.4,34.4,34.1,36.3,4.96,2.0,4.96,0.17,0.0,0.0,1027.0,8228.0,0.0,0.0,0.0,0.0,0.0,1.0,0.0,0.0,0.0,-0.001,0.0,-0.7000000000000001,0.0,-14.5,-12.9,0.0157,16.0,25903.0
2026-07-30T18:58:09.371Z,58.854,58.866,-7.5,7.4,0.0,0.0,0.0,0.0,0.0,1.0,1.0,0.0,1.0,0.0,0.0,0.0,8.0,6.0,0.0,0.0,0.0,0.0,0.0,0.0,0.0,0.0,5.0,12.0,1.0,12.08,5.01,2.5,1.49,-2.1,0.2,2.1,301.1,-0.1,-10.3,2.9000000000000004,11.6,-82.4,0.0,0.0,219.7,0.0,21.8,33.5,33.5,36.8,300.0,300.0,29.9,36.4,34.4,34.1,36.3,4.96,2.0,4.96,0.16,0.0,0.0,1027.0,8228.0,0.0,0.0,0.0,0.0,0.0,1.0,0.0,0.0,0.0,-0.001,0.0,0.3,0.0,-15.4,-12.8,0.0149,16.0,25903.0
2026-07-30T18:58:09.382Z,58.865,58.878,-7.4,7.4,0.0,0.0,0.0,0.0,0.0,1.0,1.0,0.0,1.0,0.0,0.0,0.0,8.0,6.0,0.0,0.0,0.0,0.0,0.0,0.0,0.0,0.0,1.0,12.0,1.0,12.08,5.01,2.5,1.49,-2.2,0.2,2.2,301.1,-0.1,-11.4,2.3000000000000003,9.9,-82.4,0.0,0.0,219.9,0.0,21.8,33.5,33.5,36.8,300.0,300.0,29.9,36.4,34.4,34.1,36.3,4.95,2.0,4.96,0.16,0.0,0.0,1027.0,8228.0,0.0,0.0,0.0,0.0,0.0,1.0,0.0,0.0,0.0,-0.001,0.0,0.0,0.0,-12.9,-12.6,0.0145,16.0,25903.0
2026-07-30T18:58:09.395Z,58.878,58.89,-7.4,7.4,0.0,0.0,0.0,0.0,0.0,1.0,1.0,0.0,1.0,0.0,0.0,0.0,8.0,6.0,0.0,0.0,0.0,0.0,0.0,0.0,0.0,0.0,2.0,12.0,1.0,12.08,5.01,2.5,1.49,-2.2,0.2,2.2,301.1,-0.1,-12.0,2.3000000000000003,10.4,-82.5,0.0,0.0,219.8,0.0,21.8,33.5,33.5,36.8,300.0,300.0,29.9,36.4,34.4,34.1,36.3,4.96,2.0,4.97,0.16,0.0,0.0,1027.0,8228.0,0.0,0.0,0.0,0.0,0.0,1.0,0.0,0.0,0.0,-0.001,0.0,0.0,0.0,-13.6,-12.8,0.0152,16.0,25903.0
2026-07-30T18:58:09.406Z,58.889,58.902,-7.4,7.4,0.0,0.0,0.0,0.0,0.0,1.0,1.0,0.0,1.0,0.0,0.0,0.0,8.0,6.0,0.0,0.0,0.0,0.0,0.0,0.0,0.0,0.0,3.0,12.0,1.0,12.08,5.01,2.5,1.49,-2.2,0.2,2.2,301.0,0.0,-11.4,2.3000000000000003,11.0,-82.5,0.0,0.0,219.9,0.0,21.8,33.5,33.5,36.8,300.0,300.0,29.9,36.4,34.4,34.1,36.3,4.95,2.0,4.96,0.16,0.0,0.0,1027.0,8228.0,0.0,0.0,0.0,0.0,0.0,1.0,0.0,0.0,0.0,-0.001,0.0,-0.1,0.0,-14.3,-12.8,0.0151,16.0,25903.0
2026-07-30T18:58:09.419Z,58.902,58.914,-7.5,7.4,0.0,0.0,0.0,0.0,0.0,1.0,1.0,0.0,1.0,0.0,0.0,0.0,8.0,6.0,0.0,0.0,0.0,0.0,0.0,0.0,0.0,0.0,4.0,12.0,1.0,12.08,5.01,2.5,1.49,-2.3000000000000003,0.2,2.3000000000000003,301.1,0.0,-12.6,1.7000000000000002,9.3,-82.5,0.0,0.0,219.8,0.0,21.8,33.5,33.5,36.8,300.0,300.0,29.9,36.4,34.4,34.1,36.3,4.95,2.0,4.96,0.16,0.0,0.0,1027.0,8228.0,0.0,0.0,0.0,0.0,0.0,1.0,0.0,0.0,0.0,-0.001,0.0,-0.2,0.0,-11.8,-12.8,0.0149,16.0,25903.0
2026-07-30T18:58:09.430Z,58.913,58.926,-7.5,7.4,0.0,0.0,0.0,0.0,0.0,1.0,1.0,0.0,1.0,0.0,0.0,0.0,8.0,6.0,0.0,0.0,0.0,0.0,0.0,0.0,0.0,0.0,6.0,12.0,1.0,12.08,5.01,2.5,1.49,-2.2,0.2,2.3000000000000003,301.1,-0.1,-12.6,2.3000000000000003,9.3,-82.5,0.0,0.0,219.8,0.0,21.8,33.5,33.5,36.8,300.0,300.0,29.9,36.4,34.4,34.1,36.3,4.95,2.0,4.96,0.16,0.0,0.0,1027.0,8228.0,0.0,0.0,0.0,0.0,0.0,1.0,0.0,0.0,0.0,-0.001,0.0,0.2,0.0,-12.3,-12.8,0.0155,16.0,25903.0
2026-07-30T18:58:09.443Z,58.926,58.938,-7.5,7.4,0.0,0.0,0.0,0.0,0.0,1.0,1.0,0.0,1.0,0.0,0.0,0.0,8.0,6.0,0.0,0.0,0.0,0.0,0.0,0.0,0.0,0.0,1.0,12.0,1.0,12.08,5.01,2.5,1.49,-2.2,0.3,2.3000000000000003,301.0,0.0,-13.8,1.7000000000000002,9.9,-82.5,0.0,0.0,219.8,0.0,21.8,33.5,33.5,36.8,300.0,300.0,29.9,36.4,34.4,34.1,36.3,4.96,2.0,4.96,0.16,0.0,0.0,1027.0,8228.0,0.0,0.0,0.0,0.0,0.0,1.0,0.0,0.0,0.0,-0.001,0.0,-0.3,0.0,-12.5,-12.7,0.0154,16.0,25903.0
2026-07-30T18:58:09.454Z,58.937,58.95,-7.4,7.4,0.0,0.0,0.0,0.0,0.0,1.0,1.0,0.0,1.0,0.0,0.0,0.0,8.0,6.0,0.0,0.0,0.0,0.0,0.0,0.0,0.0,0.0,3.0,12.0,1.0,12.08,5.01,2.5,1.49,-2.3000000000000003,0.3,2.3000000000000003,301.1,0.0,-12.6,1.1,9.3,-82.5,0.0,0.0,219.8,0.0,21.8,33.5,33.5,36.8,300.0,300.0,29.9,36.4,34.4,34.1,36.3,4.95,2.0,4.96,0.16,0.0,0.0,1027.0,8228.0,0.0,0.0,0.0,0.0,0.0,1.0,0.0,0.0,0.0,-0.001,0.0,-0.8,0.0,-11.4,-12.8,0.0153,16.0,25903.0
2026-07-30T18:58:09.466Z,58.949,58.962,-7.4,7.4,0.0,0.0,0.0,0.0,0.0,1.0,1.0,0.0,1.0,0.0,0.0,0.0,8.0,6.0,0.0,0.0,0.0,0.0,0.0,0.0,0.0,0.0,4.0,12.0,1.0,12.04,5.01,2.5,1.49,-2.2,0.3,2.3000000000000003,301.0,-0.1,-12.0,1.7000000000000002,9.9,-82.5,0.0,0.0,219.8,0.0,22.1,33.6,33.5,36.9,300.0,300.0,29.9,36.4,34.4,34.1,36.3,4.95,2.0,4.97,0.16,0.0,0.0,1027.0,8228.0,0.0,0.0,0.0,0.0,0.0,1.0,0.0,0.0,0.0,-0.001,0.0,-0.4,0.0,-12.5,-12.8,0.0156,16.0,25903.0
2026-07-30T18:58:09.478Z,58.961,58.974,-7.4,7.4,0.0,0.0,0.0,0.0,0.0,1.0,1.0,0.0,1.0,0.0,0.0,0.0,8.0,6.0,0.0,0.0,0.0,0.0,0.0,0.0,0.0,0.0,6.0,12.0,1.0,12.04,5.01,2.5,1.49,-2.3000000000000003,0.2,2.3000000000000003,301.1,-0.1,-13.2,2.3000000000000003,8.1,-82.5,0.0,0.0,219.7,0.0,22.1,33.6,33.5,36.9,300.0,300.0,29.9,36.4,34.4,34.1,36.3,4.95,2.0,4.97,0.16,0.0,0.0,1027.0,8228.0,0.0,0.0,0.0,0.0,0.0,1.0,0.0,0.0,0.0,-0.001,0.0,0.4,0.0,-10.9,-12.8,0.0153,16.0,25903.0
2026-07-30T18:58:09.491Z,58.974,58.986,-7.5,7.4,0.0,0.0,0.0,0.0,0.0,1.0,1.0,0.0,1.0,0.0,0.0,0.0,8.0,6.0,0.0,0.0,0.0,0.0,0.0,0.0,0.0,0.0,1.0,12.0,1.0,12.04,5.01,2.5,1.49,-2.3000000000000003,0.3,2.3000000000000003,301.1,-0.1,-13.8,0.5,9.3,-82.5,0.0,0.0,219.7,0.0,22.1,33.6,33.5,36.9,300.0,300.0,29.9,36.4,34.4,34.1,36.3,4.95,2.0,4.96,0.16,0.0,0.0,1027.0,8228.0,0.0,0.0,0.0,0.0,0.0,1.0,0.0,0.0,0.0,-0.001,0.0,-1.2000000000000002,0.0,-11.0,-12.8,0.0158,16.0,25903.0
2026-07-30T18:58:09.503Z,58.986,58.998000000000005,-7.4,7.4,0.0,0.0,0.0,0.0,0.0,1.0,1.0,0.0,1.0,0.0,0.0,0.0,8.0,6.0,0.0,0.0,0.0,0.0,0.0,0.0,0.0,0.0,2.0,12.0,1.0,12.04,5.01,2.5,1.49,-2.2,0.3,2.3000000000000003,300.90000000000003,-0.1,-13.2,1.7000000000000002,9.9,-82.5,0.0,0.0,219.8,0.0,22.1,33.6,33.5,36.9,300.0,300.0,29.9,36.4,34.4,34.1,36.3,4.96,2.0,4.97,0.16,0.0,0.0,1027.0,8228.0,0.0,0.0,0.0,0.0,0.0,1.0,0.0,0.0,0.0,-0.001,0.0,-0.3,0.0,-12.5,-12.8,0.0158,16.0,25903.0
2026-07-30T18:58:09.515Z,58.998,59.01,-7.5,7.4,0.0,0.0,0.0,0.0,0.0,1.0,1.0,0.0,1.0,0.0,0.0,0.0,8.0,6.0,0.0,0.0,0.0,0.0,0.0,0.0,0.0,0.0,4.0,12.0,1.0,12.04,5.01,2.5,1.49,-2.3000000000000003,0.3,2.3000000000000003,301.0,-0.1,-13.2,0.5,8.700000000000001,-82.5,0.0,0.0,219.8,0.0,22.1,33.6,33.5,36.9,300.0,300.0,29.9,36.4,34.4,34.1,36.3,4.96,2.0,4.96,0.16,0.0,0.0,1027.0,8228.0,0.0,0.0,0.0,0.0,0.0,1.0,0.0,0.0,0.0,-0.001,0.0,-1.2000000000000002,0.0,-10.3,-12.8,0.0154,16.0,25903.0
2026-07-30T18:58:09.526Z,59.009,59.022,-7.5,7.4,0.0,0.0,0.0,0.0,0.0,1.0,1.0,0.0,1.0,0.0,0.0,0.0,8.0,6.0,0.0,0.0,0.0,0.0,0.0,0.0,0.0,0.0,6.0,12.0,1.0,12.04,5.01,2.5,1.49,-2.2,0.3,2.2,301.1,-0.1,-12.0,2.3000000000000003,11.0,-82.5,0.0,0.0,219.7,0.0,22.1,33.6,33.5,36.9,300.0,300.0,29.9,36.4,34.4,34.1,36.3,4.95,2.0,4.96,0.16,0.0,0.0,1027.0,8228.0,0.0,0.0,0.0,0.0,0.0,1.0,0.0,0.0,0.0,-0.001,0.0,0.0,0.0,-14.3,-12.7,0.0158,16.0,25903.0
2026-07-30T18:58:09.538Z,59.021,59.034,-7.4,7.4,0.0,0.0,0.0,0.0,0.0,1.0,1.0,0.0,1.0,0.0,0.0,0.0,8.0,6.0,0.0,0.0,0.0,0.0,0.0,0.0,0.0,0.0,1.0,12.0,1.0,12.04,5.01,2.5,1.49,-2.3000000000000003,0.3,2.3000000000000003,301.0,-0.1,-13.2,1.1,10.4,-82.5,0.0,0.0,219.7,0.0,22.1,33.6,33.5,36.9,300.0,300.0,29.9,36.4,34.4,34.1,36.3,4.95,2.0,4.96,0.16,0.0,0.0,1027.0,8228.0,0.0,0.0,0.0,0.0,0.0,1.0,0.0,0.0,0.0,-0.001,0.0,-1.0,0.0,-12.8,-12.8,0.0151,16.0,25903.0
2026-07-30T18:58:09.551Z,59.034,59.046,-7.5,7.4,0.0,0.0,0.0,0.0,0.0,1.0,1.0,0.0,1.0,0.0,0.0,0.0,8.0,6.0,0.0,0.0,0.0,0.0,0.0,0.0,0.0,0.0,3.0,12.0,1.0,12.04,5.01,2.5,1.49,-2.2,0.3,2.2,301.0,-0.1,-12.0,1.7000000000000002,10.4,-82.5,0.0,0.0,219.7,0.0,22.1,33.6,33.5,36.9,300.0,300.0,29.9,36.4,34.4,34.1,36.3,4.95,1.99,4.97,0.16,0.0,0.0,1027.0,8228.0,0.0,0.0,0.0,0.0,0.0,1.0,0.0,0.0,0.0,-0.001,0.0,-0.4,0.0,-13.2,-12.8,0.0155,16.0,25903.0
2026-07-30T18:58:09.564Z,59.047,59.058,-7.5,7.4,0.0,0.0,0.0,0.0,0.0,1.0,1.0,0.0,1.0,0.0,0.0,0.0,8.0,6.0,0.0,0.0,0.0,0.0,0.0,0.0,0.0,0.0,4.0,12.0,1.0,12.05,5.01,2.5,1.49,-2.3000000000000003,0.3,2.3000000000000003,301.1,-0.1,-11.4,1.1,8.700000000000001,-82.5,0.0,0.0,219.7,0.0,22.1,33.6,33.6,36.9,300.0,300.0,29.9,36.3,34.300000000000004,34.0,36.3,4.95,2.0,4.96,0.16,0.0,0.0,1027.0,8228.0,0.0,0.0,0.0,0.0,0.0,1.0,0.0,0.0,0.0,-0.001,0.0,-0.6000000000000001,0.0,-10.7,-12.7,0.0153,16.0,25903.0
2026-07-30T18:58:09.575Z,59.058,59.07,-7.4,7.4,0.0,0.0,0.0,0.0,0.0,1.0,1.0,0.0,1.0,0.0,0.0,0.0,8.0,6.0,0.0,0.0,0.0,0.0,0.0,0.0,0.0,0.0,6.0,12.0,1.0,12.05,5.01,2.5,1.49,-2.2,0.2,2.2,301.0,-0.1,-12.0,2.9000000000000004,11.0,-82.5,0.0,0.0,219.8,0.0,22.1,33.6,33.6,36.9,300.0,300.0,29.9,36.3,34.300000000000004,34.0,36.3,4.96,2.0,4.96,0.16,0.0,0.0,1027.0,8228.0,0.0,0.0,0.0,0.0,0.0,1.0,0.0,0.0,0.0,-0.001,0.0,0.4,0.0,-14.7,-12.7,0.0157,16.0,25903.0
2026-07-30T18:58:09.587Z,59.07,59.082,-7.4,7.4,0.0,0.0,0.0,0.0,0.0,1.0,1.0,0.0,1.0,0.0,0.0,0.0,8.0,6.0,0.0,0.0,0.0,0.0,0.0,0.0,0.0,0.0,1.0,12.0,1.0,12.05,5.01,2.5,1.49,-2.2,0.2,2.2,301.0,-0.1,-11.4,2.9000000000000004,10.4,-82.5,0.0,0.0,219.8,0.0,22.1,33.6,33.6,36.9,300.0,300.0,29.9,36.3,34.300000000000004,34.0,36.3,4.96,2.0,4.96,0.16,0.0,0.0,1027.0,8228.0,0.0,0.0,0.0,0.0,0.0,1.0,0.0,0.0,0.0,-0.001,0.0,0.5,0.0,-14.0,-12.8,0.0149,16.0,25903.0
2026-07-30T18:58:09.599Z,59.082,59.094,-7.4,7.4,0.0,0.0,0.0,0.0,0.0,1.0,1.0,0.0,1.0,0.0,0.0,0.0,8.0,6.0,0.0,0.0,0.0,0.0,0.0,0.0,0.0,0.0,1.0,12.0,1.0,12.05,5.01,2.5,1.49,-2.3000000000000003,0.2,2.3000000000000003,301.1,-0.1,-12.0,2.3000000000000003,9.9,-82.5,0.0,0.0,219.6,0.0,22.1,33.6,33.6,36.9,300.0,300.0,29.9,36.3,34.300000000000004,34.0,36.3,4.96,2.0,4.96,0.16,0.0,0.0,1027.0,8228.0,0.0,0.0,0.0,0.0,0.0,1.0,0.0,0.0,0.0,-0.001,0.0,0.1,0.0,-12.9,-12.9,0.0152,16.0,25903.0
2026-07-30T18:58:09.611Z,59.094,59.106,-7.5,7.4,0.0,0.0,0.0,0.0,0.0,1.0,1.0,0.0,1.0,0.0,0.0,0.0,8.0,6.0,0.0,0.0,0.0,0.0,0.0,0.0,0.0,0.0,2.0,12.0,1.0,12.05,5.01,2.5,1.49,-2.2,0.2,2.2,300.90000000000003,-0.1,-10.9,2.9000000000000004,10.4,-82.5,0.0,0.0,219.7,0.0,22.1,33.6,33.6,36.9,300.0,300.0,29.9,36.3,34.300000000000004,34.0,36.3,4.96,2.0,4.96,0.16,0.0,0.0,1027.0,8228.0,0.0,0.0,0.0,0.0,0.0,1.0,0.0,0.0,0.0,-0.001,0.0,0.5,0.0,-14.0,-12.8,0.0155,16.0,25903.0
2026-07-30T18:58:09.623Z,59.106,59.118,-7.5,7.4,0.0,0.0,0.0,0.0,0.0,1.0,1.0,0.0,1.0,0.0,0.0,0.0,8.0,6.0,0.0,0.0,0.0,0.0,0.0,0.0,0.0,0.0,4.0,12.0,1.0,12.05,5.01,2.5,1.49,-2.1,0.2,2.1,301.0,-0.1,-11.4,2.9000000000000004,13.4,-82.5,0.0,0.0,219.7,0.0,22.1,33.6,33.6,36.9,300.0,300.0,29.9,36.3,34.300000000000004,34.0,36.3,4.95,2.0,4.96,0.16,0.0,0.0,1027.0,8228.0,0.0,0.0,0.0,0.0,0.0,1.0,0.0,0.0,0.0,-0.001,0.0,0.0,0.0,-17.400000000000002,-12.8,0.0151,16.0,25903.0
2026-07-30T18:58:09.638Z,59.121,59.13,-7.5,7.4,0.0,0.0,0.0,0.0,0.0,1.0,1.0,0.0,1.0,0.0,0.0,0.0,8.0,6.0,0.0,0.0,0.0,0.0,0.0,0.0,0.0,0.0,5.0,12.0,1.0,12.05,5.01,2.5,1.49,-2.2,0.2,2.2,301.1,-0.1,-11.4,3.5,11.6,-82.5,0.0,0.0,219.8,0.0,22.1,33.6,33.6,36.9,300.0,300.0,29.9,36.3,34.300000000000004,34.0,36.3,4.95,2.0,4.96,0.16,0.0,0.0,1027.0,8228.0,0.0,0.0,0.0,0.0,0.0,1.0,0.0,0.0,0.0,-0.001,0.0,0.8,0.0,-15.8,-12.8,0.0145,16.0,25903.0
2026-07-30T18:58:09.646Z,59.129,59.142,-7.5,7.4,0.0,0.0,0.0,0.0,0.0,1.0,1.0,0.0,1.0,0.0,0.0,0.0,8.0,6.0,0.0,0.0,0.0,0.0,0.0,0.0,0.0,0.0,4.0,12.0,1.0,12.05,5.01,2.5,1.49,-2.2,0.3,2.2,301.1,-0.1,-12.0,2.3000000000000003,11.0,-82.5,0.0,0.0,219.7,0.0,22.1,33.6,33.6,36.9,300.0,300.0,29.9,36.3,34.300000000000004,34.0,36.3,4.96,2.0,4.96,0.16,0.0,0.0,1027.0,8228.0,0.0,0.0,0.0,0.0,0.0,1.0,0.0,0.0,0.0,-0.001,0.0,0.0,0.0,-14.3,-12.8,0.0155,16.0,25903.0
2026-07-30T18:58:09.659Z,59.142,59.154,-7.5,7.4,0.0,0.0,0.0,0.0,0.0,1.0,1.0,0.0,1.0,0.0,0.0,0.0,8.0,6.0,0.0,0.0,0.0,0.0,0.0,0.0,0.0,0.0,5.0,12.0,1.0,12.05,5.01,2.5,1.49,-2.2,0.3,2.2,301.1,-0.1,-12.0,2.3000000000000003,11.6,-82.5,0.0,0.0,219.7,0.0,22.1,33.6,33.6,36.9,300.0,300.0,29.9,36.3,34.300000000000004,34.0,36.3,4.96,2.0,4.96,0.17,0.0,0.0,1027.0,8228.0,0.0,0.0,0.0,0.0,0.0,1.0,0.0,0.0,0.0,-0.001,0.0,-0.1,0.0,-14.9,-12.7,0.0157,16.0,25903.0
2026-07-30T18:58:09.670Z,59.153,59.166,-7.5,7.4,0.0,0.0,0.0,0.0,0.0,1.0,1.0,0.0,1.0,0.0,0.0,0.0,8.0,6.0,0.0,0.0,0.0,0.0,0.0,0.0,0.0,0.0,1.0,12.0,1.0,12.1,5.01,2.5,1.49,-2.2,0.2,2.2,301.1,-0.1,-11.4,2.9000000000000004,11.0,-82.5,0.0,0.0,219.7,0.0,22.1,33.6,33.6,36.9,300.0,300.0,29.8,36.1,34.4,34.1,36.3,4.95,2.0,4.96,0.16,0.0,0.0,1027.0,8228.0,0.0,0.0,0.0,0.0,0.0,1.0,0.0,0.0,0.0,-0.001,0.0,0.4,0.0,-14.7,-12.7,0.0153,16.0,25903.0
2026-07-30T18:58:09.682Z,59.165,59.178,-7.4,7.4,0.0,0.0,0.0,0.0,0.0,1.0,1.0,0.0,1.0,0.0,0.0,0.0,8.0,6.0,0.0,0.0,0.0,0.0,0.0,0.0,0.0,0.0,2.0,12.0,1.0,12.1,5.01,2.5,1.49,-2.3000000000000003,0.3,2.3000000000000003,301.0,-0.1,-12.0,1.7000000000000002,9.9,-82.5,0.0,0.0,219.7,0.0,22.1,33.6,33.6,36.9,300.0,300.0,29.8,36.1,34.4,34.1,36.3,4.96,2.0,4.96,0.16,0.0,0.0,1027.0,8228.0,0.0,0.0,0.0,0.0,0.0,1.0,0.0,0.0,0.0,-0.001,0.0,-0.3,0.0,-12.5,-12.8,0.0152,16.0,25903.0
2026-07-30T18:58:09.695Z,59.178,59.19,-7.4,7.4,0.0,0.0,0.0,0.0,0.0,1.0,1.0,0.0,1.0,0.0,0.0,0.0,8.0,6.0,0.0,0.0,0.0,0.0,0.0,0.0,0.0,0.0,3.0,12.0,1.0,12.1,5.01,2.5,1.49,-2.3000000000000003,0.3,2.3000000000000003,301.0,0.0,-12.0,1.7000000000000002,8.1,-82.5,0.0,0.0,219.7,0.0,22.1,33.6,33.6,36.9,300.0,300.0,29.8,36.1,34.4,34.1,36.3,4.95,2.0,4.96,0.16,0.0,0.0,1027.0,8228.0,0.0,0.0,0.0,0.0,0.0,1.0,0.0,0.0,0.0,-0.001,0.0,0.0,0.0,-10.5,-12.8,0.0156,16.0,25903.0
2026-07-30T18:58:09.710Z,59.193,59.202,-7.5,7.4,0.0,0.0,0.0,0.0,0.0,1.0,1.0,0.0,1.0,0.0,0.0,0.0,8.0,6.0,0.0,0.0,0.0,0.0,0.0,0.0,0.0,0.0,5.0,12.0,1.0,12.1,5.01,2.5,1.49,-2.2,0.2,2.2,301.0,-0.1,-12.0,3.5,11.0,-82.5,0.0,0.0,219.7,0.0,22.1,33.6,33.6,36.9,300.0,300.0,29.8,36.1,34.4,34.1,36.3,4.95,2.0,4.96,0.16,0.0,0.0,1027.0,8228.0,0.0,0.0,0.0,0.0,0.0,1.0,0.0,0.0,0.0,-0.001,0.0,-0.4,0.0,-9.4,-12.8,0.0159,16.0,25903.0
2026-07-30T18:58:09.719Z,59.202,59.214,-7.5,7.4,0.0,0.0,0.0,0.0,0.0,1.0,1.0,0.0,1.0,0.0,0.0,0.0,8.0,6.0,0.0,0.0,0.0,0.0,0.0,0.0,0.0,0.0,5.0,12.0,1.0,12.1,5.01,2.5,1.49,-2.2,0.2,2.2,301.0,-0.1,-12.6,2.3000000000000003,10.4,-82.5,0.0,0.0,219.7,0.0,22.1,33.6,33.6,36.9,300.0,300.0,29.8,36.1,34.4,34.1,36.3,4.95,2.0,4.96,0.16,0.0,0.0,1027.0,8228.0,0.0,0.0,0.0,0.0,0.0,1.0,0.0,0.0,0.0,-0.001,0.0,0.5,0.0,-14.0,-12.8,0.0161,16.0,25903.0
2026-07-30T18:58:09.731Z,59.214,59.226,-7.4,7.4,0.0,0.0,0.0,0.0,0.0,1.0,1.0,0.0,1.0,0.0,0.0,0.0,8.0,6.0,0.0,0.0,0.0,0.0,0.0,0.0,0.0,0.0,6.0,12.0,1.0,12.1,5.01,2.5,1.49,-2.2,0.3,2.3000000000000003,301.0,-0.1,-13.2,1.1,8.1,-82.5,0.0,0.0,219.7,0.0,22.1,33.6,33.6,36.9,300.0,300.0,29.8,36.1,34.4,34.1,36.3,4.95,2.0,4.96,0.16,0.0,0.0,1027.0,8228.0,0.0,0.0,0.0,0.0,0.0,1.0,0.0,0.0,0.0,-0.001,0.0,-0.4,0.0,-13.2,-12.8,0.0151,16.0,25903.0
2026-07-30T18:58:09.742Z,59.225,59.238,-7.4,7.4,0.0,0.0,0.0,0.0,0.0,1.0,1.0,0.0,1.0,0.0,0.0,0.0,8.0,6.0,0.0,0.0,0.0,0.0,0.0,0.0,0.0,0.0,1.0,12.0,1.0,12.1,5.01,2.5,1.49,-2.3000000000000003,0.3,2.3000000000000003,301.0,-0.1,-12.6,1.1,10.4,-82.5,0.0,0.0,219.7,0.0,22.1,33.6,33.6,36.9,300.0,300.0,29.8,36.1,34.4,34.1,36.3,4.95,2.0,4.97,0.16,0.0,0.0,1027.0,8228.0,0.0,0.0,0.0,0.0,0.0,1.0,0.0,0.0,0.0,-0.001,0.0,-1.0,0.0,-12.8,-12.8,0.0154,16.0,25903.0
2026-07-30T18:58:09.755Z,59.238,59.25,-7.5,7.4,0.0,0.0,0.0,0.0,0.0,1.0,1.0,0.0,1.0,0.0,0.0,0.0,8.0,6.0,0.0,0.0,0.0,0.0,0.0,0.0,0.0,0.0,2.0,12.0,1.0,12.1,5.01,2.5,1.49,-2.3000000000000003,0.3,2.3000000000000003,301.1,-0.1,-12.0,1.1,9.3,-82.5,0.0,0.0,219.7,0.0,22.1,33.6,33.6,36.9,300.0,300.0,29.8,36.1,34.4,34.1,36.3,4.95,2.0,4.96,0.16,0.0,0.0,1027.0,8228.0,0.0,0.0,0.0,0.0,0.0,1.0,0.0,0.0,0.0,-0.001,0.0,-0.7000000000000001,0.0,-11.4,-12.8,0.0155,16.0,25903.0
2026-07-30T18:58:09.768Z,59.251,59.262,-7.5,7.4,0.0,0.0,0.0,0.0,0.0,1.0,1.0,0.0,1.0,0.0,0.0,0.0,8.0,6.0,0.0,0.0,0.0,0.0,0.0,0.0,0.0,0.0,3.0,12.0,1.0,12.04,5.01,2.51,1.49,-2.2,0.2,2.2,301.0,-0.1,-10.3,4.0,9.9,-82.5,0.0,0.0,219.8,0.0,22.4,33.6,33.6,36.9,300.0,300.0,29.8,36.3,34.4,34.1,36.3,4.95,2.0,4.96,0.16,0.0,0.0,1027.0,8228.0,0.0,0.0,0.0,0.0,0.0,1.0,0.0,0.0,0.0,-0.001,0.0,1.6,0.0,-14.2,-12.7,0.0157,16.0,25903.0
2026-07-30T18:58:09.778Z,59.261,59.274,-7.5,7.4,0.0,0.0,0.0,0.0,0.0,1.0,1.0,0.0,1.0,0.0,0.0,0.0,8.0,6.0,0.0,0.0,0.0,0.0,0.0,0.0,0.0,0.0,4.0,12.0,1.0,12.04,5.01,2.51,1.49,-2.2,0.2,2.2,301.0,-0.1,-10.9,2.9000000000000004,11.0,-82.5,0.0,0.0,219.8,0.0,22.4,33.6,33.6,36.9,300.0,300.0,29.8,36.3,34.4,34.1,36.3,4.95,2.0,4.96,0.16,0.0,0.0,1027.0,8228.0,0.0,0.0,0.0,0.0,0.0,1.0,0.0,0.0,0.0,-0.001,0.0,0.4,0.0,-14.7,-12.6,0.0149,16.0,25903.0
2026-07-30T18:58:09.790Z,59.273,59.286,-7.4,7.4,0.0,0.0,0.0,0.0,0.0,1.0,1.0,0.0,1.0,0.0,0.0,0.0,8.0,6.0,0.0,0.0,0.0,0.0,0.0,0.0,0.0,0.0,5.0,12.0,1.0,12.04,5.01,2.51,1.49,-2.2,0.3,2.2,301.1,-0.1,-10.9,2.3000000000000003,10.4,-82.5,0.0,0.0,219.8,0.0,22.4,33.6,33.6,36.9,300.0,300.0,29.8,36.3,34.4,34.1,36.3,4.96,2.0,4.97,0.16,0.0,0.0,1027.0,8228.0,0.0,0.0,0.0,0.0,0.0,1.0,0.0,0.0,0.0,-0.001,0.0,0.0,0.0,-13.6,-12.7,0.0149,16.0,25903.0
2026-07-30T18:58:09.803Z,59.286,59.298,-7.5,7.4,0.0,0.0,0.0,0.0,0.0,1.0,1.0,0.0,1.0,0.0,0.0,0.0,8.0,6.0,0.0,0.0,0.0,0.0,0.0,0.0,0.0,0.0,6.0,12.0,1.0,12.04,5.01,2.51,1.49,-2.2,0.2,2.2,301.1,-0.1,-9.7,3.5,10.4,-82.5,0.0,0.0,219.8,0.0,22.4,33.6,33.6,36.9,300.0,300.0,29.8,36.3,34.4,34.1,36.3,4.96,2.0,4.96,0.16,0.0,0.0,1027.0,8228.0,0.0,0.0,0.0,0.0,0.0,1.0,0.0,0.0,0.0,-0.001,0.0,1.0,0.0,-14.5,-12.8,0.0151,16.0,25903.0
2026-07-30T18:58:09.815Z,59.298,59.31,-7.4,7.4,0.0,0.0,0.0,0.0,0.0,1.0,1.0,0.0,1.0,0.0,0.0,0.0,8.0,6.0,0.0,0.0,0.0,0.0,0.0,0.0,0.0,0.0,1.0,12.0,1.0,12.04,5.01,2.51,1.49,-2.2,0.2,2.2,301.1,-0.1,-11.4,2.9000000000000004,11.0,-82.5,0.0,0.0,219.7,0.0,22.4,33.6,33.6,36.9,300.0,300.0,29.8,36.3,34.4,34.1,36.3,4.96,2.0,4.96,0.16,0.0,0.0,1027.0,8228.0,0.0,0.0,0.0,0.0,0.0,1.0,0.0,0.0,0.0,-0.001,0.0,0.4,0.0,-14.7,-12.7,0.0148,16.0,25903.0
2026-07-30T18:58:09.827Z,59.31,59.322,-7.4,7.4,0.0,0.0,0.0,0.0,0.0,1.0,1.0,0.0,1.0,0.0,0.0,0.0,8.0,6.0,0.0,0.0,0.0,0.0,0.0,0.0,0.0,0.0,2.0,12.0,1.0,12.04,5.01,2.51,1.49,-2.2,0.2,2.2,300.90000000000003,-0.1,-10.9,3.5,9.9,-82.5,0.0,0.0,219.5,0.0,22.4,33.6,33.6,36.9,300.0,300.0,29.8,36.3,34.4,34.1,36.3,4.95,2.0,4.96,0.16,0.0,0.0,1027.0,8228.0,0.0,0.0,0.0,0.0,0.0,1.0,0.0,0.0,0.0,-0.001,0.0,1.2000000000000002,0.0,-13.8,-12.8,0.015,16.0,25903.0
2026-07-30T18:58:09.839Z,59.322,59.334,-7.5,7.4,0.0,0.0,0.0,0.0,0.0,1.0,1.0,0.0,1.0,0.0,0.0,0.0,8.0,6.0,0.0,0.0,0.0,0.0,0.0,0.0,0.0,0.0,3.0,12.0,1.0,12.04,5.01,2.51,1.49,-2.2,0.3,2.2,301.1,-0.1,-11.4,1.7000000000000002,11.0,-82.5,0.0,0.0,219.7,0.0,22.4,33.6,33.6,36.9,300.0,300.0,29.8,36.3,34.4,34.1,36.3,4.96,2.0,4.96,0.16,0.0,0.0,1027.0,8228.0,0.0,0.0,0.0,0.0,0.0,1.0,0.0,0.0,0.0,-0.001,0.0,-0.5,0.0,-13.9,-12.8,0.0152,16.0,25903.0
2026-07-30T18:58:09.851Z,59.334,59.346,-7.5,7.4,0.0,0.0,0.0,0.0,0.0,1.0,1.0,0.0,1.0,0.0,0.0,0.0,8.0,6.0,0.0,0.0,0.0,0.0,0.0,0.0,0.0,0.0,4.0,12.0,1.0,12.04,5.01,2.51,1.49,-2.2,0.3,2.2,301.1,-0.1,-12.0,2.3000000000000003,11.0,-82.4,0.0,0.0,219.7,0.0,22.4,33.6,33.6,36.9,300.0,300.0,29.8,36.3,34.4,34.1,36.3,4.96,2.0,4.96,0.16,0.0,0.0,1027.0,8228.0,0.0,0.0,0.0,0.0,0.0,1.0,0.0,0.0,0.0,-0.001,0.0,0.0,0.0,-14.3,-12.7,0.0151,16.0,25903.0
2026-07-30T18:58:09.863Z,59.346,59.358,-7.5,7.4,0.0,0.0,0.0,0.0,0.0,1.0,1.0,0.0,1.0,0.0,0.0,0.0,8.0,6.0,0.0,0.0,0.0,0.0,0.0,0.0,0.0,0.0,5.0,12.0,1.0,12.04,5.01,2.51,1.49,-2.2,0.2,2.2,300.90000000000003,-0.1,-11.4,2.9000000000000004,10.4,-82.4,0.0,0.0,219.7,0.0,22.4,33.6,33.6,36.9,300.0,300.0,29.8,36.3,34.4,34.1,36.3,4.95,2.0,4.96,0.16,0.0,0.0,1027.0,8228.0,0.0,0.0,0.0,0.0,0.0,1.0,0.0,0.0,0.0,-0.001,0.0,0.5,0.0,-14.0,-12.7,0.0149,16.0,25903.0
2026-07-30T18:58:09.874Z,59.357,59.370000000000005,-7.4,7.4,0.0,0.0,0.0,0.0,0.0,1.0,1.0,0.0,1.0,0.0,0.0,0.0,8.0,6.0,0.0,0.0,0.0,0.0,0.0,0.0,0.0,0.0,6.0,12.0,1.0,12.05,5.01,2.51,1.49,-2.2,0.3,2.2,300.90000000000003,-0.1,-11.4,2.3000000000000003,11.6,-82.4,0.0,0.0,219.8,0.0,21.9,33.6,33.6,36.9,300.0,300.0,29.8,36.3,34.4,34.1,36.4,4.95,2.0,4.96,0.16,0.0,0.0,1027.0,8228.0,0.0,0.0,0.0,0.0,0.0,1.0,0.0,0.0,0.0,-0.001,0.0,-0.2,0.0,-14.9,-12.8,0.015,16.0,25903.0
2026-07-30T18:58:09.887Z,59.37,59.382,-7.4,7.4,0.0,0.0,0.0,0.0,0.0,1.0,1.0,0.0,1.0,0.0,0.0,0.0,8.0,6.0,0.0,0.0,0.0,0.0,0.0,0.0,0.0,0.0,1.0,12.0,1.0,12.05,5.01,2.51,1.49,-2.3000000000000003,0.2,2.3000000000000003,301.0,0.0,-12.0,2.9000000000000004,8.700000000000001,-82.4,0.0,0.0,219.6,0.0,21.9,33.6,33.6,36.9,300.0,300.0,29.8,36.3,34.4,34.1,36.4,4.96,2.0,4.96,0.16,0.0,0.0,1027.0,8228.0,0.0,0.0,0.0,0.0,0.0,1.0,0.0,0.0,0.0,-0.001,0.0,0.9,0.0,-12.0,-12.8,0.0149,16.0,25903.0
2026-07-30T18:58:09.899Z,59.382,59.394,-7.5,7.4,0.0,0.0,0.0,0.0,0.0,1.0,1.0,0.0,1.0,0.0,0.0,0.0,8.0,6.0,0.0,0.0,0.0,0.0,0.0,0.0,0.0,0.0,2.0,12.0,1.0,12.05,5.01,2.51,1.49,-2.1,0.2,2.1,301.0,-0.1,-10.9,3.5,12.2,-82.4,0.0,0.0,219.6,0.0,21.9,33.6,33.6,36.9,300.0,300.0,29.8,36.3,34.4,34.1,36.4,4.96,2.0,4.96,0.16,0.0,0.0,1027.0,8228.0,0.0,0.0,0.0,0.0,0.0,1.0,0.0,0.0,0.0,-0.001,0.0,0.7000000000000001,0.0,-16.5,-12.8,0.0155,16.0,25903.0
2026-07-30T18:58:09.911Z,59.394,59.406,-7.5,7.4,0.0,0.0,0.0,0.0,0.0,1.0,1.0,0.0,1.0,0.0,0.0,0.0,8.0,6.0,0.0,0.0,0.0,0.0,0.0,0.0,0.0,0.0,3.0,12.0,1.0,12.05,5.01,2.51,1.49,-2.1,0.3,2.1,301.0,-0.1,-11.4,2.9000000000000004,12.2,-82.4,0.0,0.0,219.7,0.0,21.9,33.6,33.6,36.9,300.0,300.0,29.8,36.3,34.4,34.1,36.4,4.95,2.0,4.96,0.16,0.0,0.0,1027.0,8228.0,0.0,0.0,0.0,0.0,0.0,1.0,0.0,0.0,0.0,-0.001,0.0,0.2,0.0,-16.0,-12.7,0.0143,16.0,25903.0
2026-07-30T18:58:09.923Z,59.406,59.418,-7.4,7.4,0.0,0.0,0.0,0.0,0.0,1.0,1.0,0.0,1.0,0.0,0.0,0.0,8.0,6.0,0.0,0.0,0.0,0.0,0.0,0.0,0.0,0.0,4.0,12.0,1.0,12.05,5.01,2.51,1.49,-2.3000000000000003,0.3,2.3000000000000003,301.1,0.0,-12.6,1.7000000000000002,9.3,-82.4,0.0,0.0,219.6,0.0,21.9,33.6,33.6,36.9,300.0,300.0,29.8,36.3,34.4,34.1,36.4,4.96,2.0,4.96,0.16,0.0,0.0,1027.0,8228.0,0.0,0.0,0.0,0.0,0.0,1.0,0.0,0.0,0.0,-0.001,0.0,-0.2,0.0,-11.9,-12.8,0.0145,16.0,25903.0
2026-07-30T18:58:09.935Z,59.418,59.43,-7.4,7.4,0.0,0.0,0.0,0.0,0.0,1.0,1.0,0.0,1.0,0.0,0.0,0.0,8.0,6.0,0.0,0.0,0.0,0.0,0.0,0.0,0.0,0.0,5.0,12.0,1.0,12.05,5.01,2.51,1.49,-2.3000000000000003,0.3,2.3000000000000003,300.90000000000003,0.0,-12.6,0.5,9.3,-82.4,0.0,0.0,219.6,0.0,21.9,33.6,33.6,36.9,300.0,300.0,29.8,36.3,34.4,34.1,36.4,4.96,2.0,4.97,0.16,0.0,0.0,1027.0,8228.0,0.0,0.0,0.0,0.0,0.0,1.0,0.0,0.0,0.0,-0.001,0.0,-1.2000000000000002,0.0,-11.0,-12.9,0.0156,16.0,25903.0
2026-07-30T18:58:09.950Z,59.433,59.442,-7.5,7.4,0.0,0.0,0.0,0.0,0.0,1.0,1.0,0.0,1.0,0.0,0.0,0.0,8.0,6.0,0.0,0.0,0.0,0.0,0.0,0.0,0.0,0.0,6.0,12.0,1.0,12.05,5.01,2.51,1.49,-2.3000000000000003,0.3,2.3000000000000003,301.1,-0.1,-12.0,1.7000000000000002,9.3,-82.4,0.0,0.0,219.6,0.0,21.9,33.6,33.6,36.9,300.0,300.0,29.8,36.3,34.4,34.1,36.4,4.96,2.0,4.97,0.16,0.0,0.0,1027.0,8228.0,0.0,0.0,0.0,0.0,0.0,1.0,0.0,0.0,0.0,-0.001,0.0,-0.2,0.0,-11.8,-12.9,0.0159,16.0,25903.0
2026-07-30T18:58:09.959Z,59.442,59.454,-7.5,7.4,0.0,0.0,0.0,0.0,0.0,1.0,1.0,0.0,1.0,0.0,0.0,0.0,8.0,6.0,0.0,0.0,0.0,0.0,0.0,0.0,0.0,0.0,3.0,12.0,1.0,12.05,5.01,2.51,1.49,-2.3000000000000003,0.3,2.3000000000000003,301.1,-0.1,-12.0,0.5,8.1,-82.4,0.0,0.0,219.7,0.0,21.9,33.6,33.6,36.9,300.0,300.0,29.8,36.3,34.4,34.1,36.4,4.95,2.0,4.97,0.16,0.0,0.0,1027.0,8228.0,0.0,0.0,0.0,0.0,0.0,1.0,0.0,0.0,0.0,-0.001,0.0,-1.0,0.0,-9.7,-12.7,0.0155,16.0,25903.0
2026-07-30T18:58:09.972Z,59.455,59.466,-7.4,7.4,0.0,0.0,0.0,0.0,0.0,1.0,1.0,0.0,1.0,0.0,0.0,0.0,8.0,6.0,0.0,0.0,0.0,0.0,0.0,0.0,0.0,0.0,3.0,12.0,1.0,12.05,5.01,2.51,1.49,-2.3000000000000003,0.3,2.3000000000000003,301.0,0.0,-13.2,1.1,9.3,-82.4,0.0,0.0,219.9,0.0,22.1,33.6,33.6,36.9,300.0,300.0,29.8,36.4,34.4,34.1,36.4,4.96,2.0,4.96,0.16,0.0,0.0,1027.0,8228.0,0.0,0.0,0.0,0.0,0.0,1.0,0.0,0.0,0.0,-0.001,0.0,-0.8,0.0,-11.4,-12.7,0.0159,16.0,25903.0
2026-07-30T18:58:09.983Z,59.466,59.478,-7.4,7.4,0.0,0.0,0.0,0.0,0.0,1.0,1.0,0.0,1.0,0.0,0.0,0.0,8.0,6.0,0.0,0.0,0.0,0.0,0.0,0.0,0.0,0.0,5.0,12.0,1.0,12.05,5.01,2.51,1.49,-2.3000000000000003,0.3,2.4000000000000004,301.0,-0.1,-13.2,-0.5,9.3,-82.4,0.0,0.0,219.9,0.0,22.1,33.6,33.6,36.9,300.0,300.0,29.8,36.4,34.4,34.1,36.4,4.95,2.0,4.96,0.16,0.0,0.0,1027.0,8228.0,0.0,0.0,0.0,0.0,0.0,1.0,0.0,0.0,0.0,-0.001,0.0,-2.3000000000000003,0.0,-10.1,-12.9,0.0156,16.0,25903.0
2026-07-30T18:58:09.995Z,59.478,59.49,-7.5,7.4,0.0,0.0,0.0,0.0,0.0,1.0,1.0,0.0,1.0,0.0,0.0,0.0,8.0,6.0,0.0,0.0,0.0,0.0,0.0,0.0,0.0,0.0,6.0,12.0,1.0,12.05,5.01,2.51,1.49,-2.3000000000000003,0.3,2.3000000000000003,301.1,-0.1,-12.0,1.1,9.9,-82.4,0.0,0.0,219.8,0.0,22.1,33.6,33.6,36.9,300.0,300.0,29.8,36.4,34.4,34.1,36.4,4.95,1.99,4.96,0.16,0.0,0.0,1027.0,8228.0,0.0,0.0,0.0,0.0,0.0,1.0,0.0,0.0,0.0,-0.001,0.0,-0.9,0.0,-12.1,-12.8,0.016,16.0,25903.0
2026-07-30T18:58:10.007Z,59.49,59.502,-7.5,7.4,0.0,0.0,0.0,0.0,0.0,1.0,1.0,0.0,1.0,0.0,0.0,0.0,8.0,6.0,0.0,0.0,0.0,0.0,0.0,0.0,0.0,0.0,1.0,12.0,1.0,12.05,5.01,2.51,1.49,-2.3000000000000003,0.3,2.3000000000000003,300.90000000000003,-0.1,-12.6,0.5,8.1,-82.4,0.0,0.0,219.7,0.0,22.1,33.6,33.6,36.9,300.0,300.0,29.8,36.4,34.4,34.1,36.4,4.95,2.0,4.96,0.16,0.0,0.0,1027.0,8228.0,0.0,0.0,0.0,0.0,0.0,1.0,0.0,0.0,0.0,-0.001,0.0,-1.0,0.0,-9.7,-12.7,0.0155,16.0,25903.0
2026-07-30T18:58:10.018Z,59.501,59.514,-7.5,7.4,0.0,0.0,0.0,0.0,0.0,1.0,1.0,0.0,1.0,0.0,0.0,0.0,8.0,6.0,0.0,0.0,0.0,0.0,0.0,0.0,0.0,0.0,2.0,12.0,1.0,12.05,5.01,2.51,1.49,-2.3000000000000003,0.3,2.3000000000000003,301.0,-0.1,-12.0,1.1,8.700000000000001,-82.4,0.0,0.0,219.6,0.0,22.1,33.6,33.6,36.9,300.0,300.0,29.8,36.4,34.4,34.1,36.4,4.96,2.0,4.97,0.16,0.0,0.0,1027.0,8228.0,0.0,0.0,0.0,0.0,0.0,1.0,0.0,0.0,0.0,-0.001,0.0,-0.6000000000000001,0.0,-10.8,-12.7,0.0159,16.0,25903.0
2026-07-30T18:58:10.031Z,59.514,59.526,-7.5,7.4,0.0,0.0,0.0,0.0,0.0,1.0,1.0,0.0,1.0,0.0,0.0,0.0,8.0,6.0,0.0,0.0,0.0,0.0,0.0,0.0,0.0,0.0,3.0,12.0,1.0,12.05,5.01,2.51,1.49,-2.2,0.3,2.3000000000000003,301.1,-0.1,-12.0,1.1,9.3,-82.4,0.0,0.0,219.7,0.0,22.1,33.6,33.6,36.9,300.0,300.0,29.8,36.4,34.4,34.1,36.4,4.95,2.0,4.96,0.16,0.0,0.0,1027.0,8228.0,0.0,0.0,0.0,0.0,0.0,1.0,0.0,0.0,0.0,-0.001,0.0,-0.7000000000000001,0.0,-11.4,-12.7,0.0157,16.0,25903.0
2026-07-30T18:58:10.043Z,59.526,59.538,-7.5,7.4,0.0,0.0,0.0,0.0,0.0,1.0,1.0,0.0,1.0,0.0,0.0,0.0,8.0,6.0,0.0,0.0,0.0,0.0,0.0,0.0,0.0,0.0,3.0,12.0,1.0,12.05,5.01,2.51,1.49,-2.2,0.2,2.2,301.1,-0.1,-10.9,2.9000000000000004,10.4,-82.4,0.0,0.0,219.8,0.0,22.1,33.6,33.6,36.9,300.0,300.0,29.8,36.4,34.4,34.1,36.4,4.95,2.0,4.96,0.16,0.0,0.0,1027.0,8228.0,0.0,0.0,0.0,0.0,0.0,1.0,0.0,0.0,0.0,-0.001,0.0,0.5,0.0,-14.0,-12.7,0.0154,16.0,25903.0
2026-07-30T18:58:10.055Z,59.538,59.55,-7.4,7.4,0.0,0.0,0.0,0.0,0.0,1.0,1.0,0.0,1.0,0.0,0.0,0.0,8.0,6.0,0.0,0.0,0.0,0.0,0.0,0.0,0.0,0.0,4.0,12.0,1.0,12.05,5.01,2.51,1.49,-2.2,0.2,2.3000000000000003,301.1,-0.1,-11.4,2.3000000000000003,9.3,-82.4,0.0,0.0,219.8,0.0,22.1,33.6,33.6,36.9,300.0,300.0,29.8,36.4,34.4,34.1,36.4,4.96,2.0,4.96,0.16,0.0,0.0,1027.0,8228.0,0.0,0.0,0.0,0.0,0.0,1.0,0.0,0.0,0.0,-0.001,0.0,0.2,0.0,-12.3,-12.7,0.0148,16.0,25903.0
2026-07-30T18:58:10.067Z,59.55,59.562000000000005,-7.4,7.4,0.0,0.0,0.0,0.0,0.0,1.0,1.0,0.0,1.0,0.0,0.0,0.0,8.0,6.0,0.0,0.0,0.0,0.0,0.0,0.0,0.0,0.0,5.0,12.0,1.0,12.05,5.01,2.51,1.49,-2.2,0.2,2.2,300.90000000000003,-0.1,-10.9,2.9000000000000004,9.9,-82.4,0.0,0.0,219.8,0.0,22.1,33.6,33.6,36.9,300.0,300.0,29.8,36.4,34.4,34.1,36.4,4.95,2.0,4.96,0.16,0.0,0.0,1027.0,8228.0,0.0,0.0,0.0,0.0,0.0,1.0,0.0,0.0,0.0,-0.001,0.0,0.6000000000000001,0.0,-13.4,-12.8,0.0154,16.0,25903.0
2026-07-30T18:58:10.079Z,59.562,59.574,-7.4,7.4,0.0,0.0,0.0,0.0,0.0,1.0,1.0,0.0,1.0,0.0,0.0,0.0,8.0,6.0,0.0,0.0,0.0,0.0,0.0,0.0,0.0,0.0,1.0,12.0,1.0,12.08,5.0200000000000005,2.5,1.49,-2.2,0.2,2.2,301.0,-0.1,-11.4,3.5,10.4,-82.4,0.0,0.0,219.6,0.0,22.200000000000003,33.6,33.6,37.0,300.0,300.0,29.700000000000003,36.3,34.6,34.300000000000004,36.4,4.96,2.0,4.96,0.16,0.0,0.0,1027.0,8228.0,0.0,0.0,0.0,0.0,0.0,1.0,0.0,0.0,0.0,-0.001,0.0,1.0,0.0,-14.5,-12.9,0.0152,16.0,25903.0
2026-07-30T18:58:10.090Z,59.573,59.586,-7.5,7.4,0.0,0.0,0.0,0.0,0.0,1.0,1.0,0.0,1.0,0.0,0.0,0.0,8.0,6.0,0.0,0.0,0.0,0.0,0.0,0.0,0.0,0.0,2.0,12.0,1.0,12.08,5.0200000000000005,2.5,1.49,-2.1,0.3,2.1,301.1,-0.1,-10.9,2.3000000000000003,12.8,-82.4,0.0,0.0,219.6,0.0,22.200000000000003,33.6,33.6,37.0,300.0,300.0,29.700000000000003,36.3,34.6,34.300000000000004,36.4,4.96,2.0,4.97,0.16,0.0,0.0,1027.0,8228.0,0.0,0.0,0.0,0.0,0.0,1.0,0.0,0.0,0.0,-0.001,0.0,-0.4,0.0,-16.3,-12.9,0.0151,16.0,25903.0
2026-07-30T18:58:10.103Z,59.586,59.598,-7.5,7.4,0.0,0.0,0.0,0.0,0.0,1.0,1.0,0.0,1.0,0.0,0.0,0.0,8.0,6.0,0.0,0.0,0.0,0.0,0.0,0.0,0.0,0.0,3.0,12.0,1.0,12.08,5.0200000000000005,2.5,1.49,-2.2,0.2,2.2,301.0,-0.1,-10.3,2.9000000000000004,10.4,-82.4,0.0,0.0,219.7,0.0,22.200000000000003,33.6,33.6,37.0,300.0,300.0,29.700000000000003,36.3,34.6,34.300000000000004,36.4,4.96,2.0,4.97,0.16,0.0,0.0,1027.0,8228.0,0.0,0.0,0.0,0.0,0.0,1.0,0.0,0.0,0.0,-0.001,0.0,0.5,0.0,-14.0,-12.7,0.0145,16.0,25903.0
2026-07-30T18:58:10.114Z,59.597,59.61,-7.4,7.4,0.0,0.0,0.0,0.0,0.0,1.0,1.0,0.0,1.0,0.0,0.0,0.0,8.0,6.0,0.0,0.0,0.0,0.0,0.0,0.0,0.0,0.0,5.0,12.0,1.0,12.08,5.0200000000000005,2.5,1.49,-2.2,0.3,2.3000000000000003,301.0,-0.1,-10.9,2.3000000000000003,9.9,-82.4,0.0,0.0,219.8,0.0,22.200000000000003,33.6,33.6,37.0,300.0,300.0,29.700000000000003,36.3,34.6,34.300000000000004,36.4,4.95,2.0,4.97,0.16,0.0,0.0,1027.0,8228.0,0.0,0.0,0.0,0.0,0.0,1.0,0.0,0.0,0.0,-0.001,0.0,0.1,0.0,-12.9,-12.8,0.015,16.0,25903.0
2026-07-30T18:58:10.127Z,59.61,59.622,-7.4,7.4,0.0,0.0,0.0,0.0,0.0,1.0,1.0,0.0,1.0,0.0,0.0,0.0,8.0,6.0,0.0,0.0,0.0,0.0,0.0,0.0,0.0,0.0,6.0,12.0,1.0,12.08,5.0200000000000005,2.5,1.49,-2.2,0.3,2.2,301.1,-0.1,-12.0,1.7000000000000002,11.0,-82.4,0.0,0.0,219.7,0.0,22.200000000000003,33.6,33.6,37.0,300.0,300.0,29.700000000000003,36.3,34.6,34.300000000000004,36.4,4.96,2.0,4.96,0.16,0.0,0.0,1027.0,8228.0,0.0,0.0,0.0,0.0,0.0,1.0,0.0,0.0,0.0,-0.001,0.0,-0.5,0.0,-13.9,-12.8,0.0153,16.0,25903.0
2026-07-30T18:58:10.138Z,59.621,59.634,-7.5,7.4,0.0,0.0,0.0,0.0,0.0,1.0,1.0,0.0,1.0,0.0,0.0,0.0,8.0,6.0,0.0,0.0,0.0,0.0,0.0,0.0,0.0,0.0,2.0,12.0,1.0,12.08,5.0200000000000005,2.5,1.49,-2.2,0.2,2.2,301.0,-0.1,-11.4,4.0,10.4,-82.4,0.0,0.0,219.7,0.0,22.200000000000003,33.6,33.6,37.0,300.0,300.0,29.700000000000003,36.3,34.6,34.300000000000004,36.4,4.96,2.0,4.96,0.16,0.0,0.0,1027.0,8228.0,0.0,0.0,0.0,0.0,0.0,1.0,0.0,0.0,0.0,-0.001,0.0,1.6,0.0,-14.9,-12.8,0.0152,16.0,25903.0
2026-07-30T18:58:10.151Z,59.634,59.646,-7.5,7.4,0.0,0.0,0.0,0.0,0.0,1.0,1.0,0.0,1.0,0.0,0.0,0.0,8.0,6.0,0.0,0.0,0.0,0.0,0.0,0.0,0.0,0.0,3.0,12.0,1.0,12.08,5.0200000000000005,2.5,1.49,-2.2,0.2,2.2,301.0,-0.1,-11.4,4.0,8.700000000000001,-82.4,0.0,0.0,219.8,0.0,22.200000000000003,33.6,33.6,37.0,300.0,300.0,29.700000000000003,36.3,34.6,34.300000000000004,36.4,4.95,2.0,4.96,0.16,0.0,0.0,1027.0,8228.0,0.0,0.0,0.0,0.0,0.0,1.0,0.0,0.0,0.0,-0.001,0.0,1.9,0.0,-12.9,-12.7,0.0147,16.0,25903.0
2026-07-30T18:58:10.163Z,59.646,59.658,-7.4,7.4,0.0,0.0,0.0,0.0,0.0,1.0,1.0,0.0,1.0,0.0,0.0,0.0,8.0,6.0,0.0,0.0,0.0,0.0,0.0,0.0,0.0,0.0,4.0,12.0,1.0,12.08,5.0200000000000005,2.5,1.49,-2.1,0.2,2.2,301.1,-0.1,-12.0,2.9000000000000004,12.2,-82.5,0.0,0.0,220.0,0.0,22.200000000000003,33.6,33.6,37.0,300.0,300.0,29.700000000000003,36.3,34.6,34.300000000000004,36.4,4.96,2.0,4.96,0.16,0.0,0.0,1027.0,8228.0,0.0,0.0,0.0,0.0,0.0,1.0,0.0,0.0,0.0,-0.001,0.0,0.1,0.0,-16.0,-12.8,0.0151,16.0,25903.0
2026-07-30T18:58:10.175Z,59.658,59.67,-7.4,7.4,0.0,0.0,0.0,0.0,0.0,1.0,1.0,0.0,1.0,0.0,0.0,0.0,8.0,6.0,0.0,0.0,0.0,0.0,0.0,0.0,0.0,0.0,6.0,12.0,1.0,12.08,5.0200000000000005,2.51,1.49,-2.2,0.3,2.3000000000000003,300.90000000000003,-0.1,-11.4,1.7000000000000002,10.4,-82.5,0.0,0.0,220.0,0.0,22.200000000000003,33.6,33.6,37.0,300.0,300.0,29.700000000000003,36.2,34.5,34.2,36.4,4.95,2.0,4.97,0.16,0.0,0.0,1027.0,8228.0,0.0,0.0,0.0,0.0,0.0,1.0,0.0,0.0,0.0,-0.001,0.0,-0.5,0.0,-13.2,-12.9,0.0156,16.0,25903.0
2026-07-30T18:58:10.187Z,59.67,59.682,-7.5,7.4,0.0,0.0,0.0,0.0,0.0,1.0,1.0,0.0,1.0,0.0,0.0,0.0,8.0,6.0,0.0,0.0,0.0,0.0,0.0,0.0,0.0,0.0,1.0,12.0,1.0,12.08,5.0200000000000005,2.51,1.49,-2.2,0.2,2.2,301.0,-0.1,-11.4,2.3000000000000003,11.0,-82.5,0.0,0.0,219.8,0.0,22.200000000000003,33.6,33.6,37.0,300.0,300.0,29.700000000000003,36.2,34.5,34.2,36.4,4.95,2.0,4.97,0.16,0.0,0.0,1027.0,8228.0,0.0,0.0,0.0,0.0,0.0,1.0,0.0,0.0,0.0,-0.001,0.0,-0.1,0.0,-14.3,-12.8,0.0161,16.0,25903.0
2026-07-30T18:58:10.198Z,59.681,59.694,-7.5,7.4,0.0,0.0,0.0,0.0,0.0,1.0,1.0,0.0,1.0,0.0,0.0,0.0,8.0,6.0,0.0,0.0,0.0,0.0,0.0,0.0,0.0,0.0,3.0,12.0,1.0,12.08,5.0200000000000005,2.51,1.49,-2.2,0.2,2.2,301.1,-0.1,-10.9,2.3000000000000003,10.4,-82.5,0.0,0.0,219.8,0.0,22.200000000000003,33.6,33.6,37.0,300.0,300.0,29.700000000000003,36.2,34.5,34.2,36.4,4.95,2.0,4.97,0.16,0.0,0.0,1027.0,8228.0,0.0,0.0,0.0,0.0,0.0,1.0,0.0,0.0,0.0,-0.001,0.0,0.0,0.0,-13.6,-12.7,0.0152,16.0,25903.0
2026-07-30T18:58:10.211Z,59.694,59.706,-7.5,7.4,0.0,0.0,0.0,0.0,0.0,1.0,1.0,0.0,1.0,0.0,0.0,0.0,8.0,6.0,0.0,0.0,0.0,0.0,0.0,0.0,0.0,0.0,4.0,12.0,1.0,12.08,5.0200000000000005,2.51,1.49,-2.1,0.2,2.2,301.0,-0.1,-10.9,2.9000000000000004,11.0,-82.5,0.0,0.0,219.8,0.0,22.200000000000003,33.6,33.6,37.0,300.0,300.0,29.700000000000003,36.2,34.5,34.2,36.4,4.96,2.0,4.96,0.17,0.0,0.0,1027.0,8228.0,0.0,0.0,0.0,0.0,0.0,1.0,0.0,0.0,0.0,-0.001,0.0,0.4,0.0,-14.7,-12.7,0.0158,16.0,25903.0
2026-07-30T18:58:10.222Z,59.705,59.718,-7.5,7.4,0.0,0.0,0.0,0.0,0.0,1.0,1.0,0.0,1.0,0.0,0.0,0.0,8.0,6.0,0.0,0.0,0.0,0.0,0.0,0.0,0.0,0.0,6.0,12.0,1.0,12.08,5.0200000000000005,2.51,1.49,-2.1,0.3,2.2,301.1,-0.1,-11.4,2.3000000000000003,11.6,-82.5,0.0,0.0,219.8,0.0,22.200000000000003,33.6,33.6,37.0,300.0,300.0,29.700000000000003,36.2,34.5,34.2,36.4,4.95,2.0,4.96,0.17,0.0,0.0,1027.0,8228.0,0.0,0.0,0.0,0.0,0.0,1.0,0.0,0.0,0.0,-0.001,0.0,-0.9,0.0,-12.1,-12.7,0.0155,16.0,25903.0
2026-07-30T18:58:10.235Z,59.718,59.73,-7.4,7.4,0.0,0.0,0.0,0.0,0.0,1.0,1.0,0.0,1.0,0.0,0.0,0.0,8.0,6.0,0.0,0.0,0.0,0.0,0.0,0.0,0.0,0.0,1.0,12.0,1.0,12.08,5.0200000000000005,2.51,1.49,-2.2,0.2,2.2,301.1,-0.1,-11.4,3.5,10.4,-82.5,0.0,0.0,219.8,0.0,22.200000000000003,33.6,33.6,37.0,300.0,300.0,29.700000000000003,36.2,34.5,34.2,36.4,4.95,2.0,4.96,0.17,0.0,0.0,1027.0,8228.0,0.0,0.0,0.0,0.0,0.0,1.0,0.0,0.0,0.0,-0.001,0.0,0.8,0.0,-12.0,-12.7,0.0153,16.0,25903.0
2026-07-30T18:58:10.246Z,59.729,59.742,-7.4,7.4,0.0,0.0,0.0,0.0,0.0,1.0,1.0,0.0,1.0,0.0,0.0,0.0,8.0,6.0,0.0,0.0,0.0,0.0,0.0,0.0,0.0,0.0,3.0,12.0,1.0,12.08,5.0200000000000005,2.51,1.49,-2.2,0.2,2.2,301.1,-0.1,-12.6,1.7000000000000002,8.700000000000001,-82.5,0.0,0.0,219.8,0.0,22.200000000000003,33.6,33.6,37.0,300.0,300.0,29.700000000000003,36.2,34.5,34.2,36.4,4.96,2.0,4.96,0.16,0.0,0.0,1027.0,8228.0,0.0,0.0,0.0,0.0,0.0,1.0,0.0,0.0,0.0,-0.001,0.0,1.0,0.0,-14.5,-12.8,0.0153,16.0,25903.0
2026-07-30T18:58:10.262Z,59.745,59.754,-7.4,7.4,0.0,0.0,0.0,0.0,0.0,1.0,1.0,0.0,1.0,0.0,0.0,0.0,8.0,6.0,0.0,0.0,0.0,0.0,0.0,0.0,0.0,0.0,4.0,12.0,1.0,12.08,5.0200000000000005,2.51,1.49,-2.2,0.3,2.2,301.0,0.0,-12.0,2.3000000000000003,10.4,-82.5,0.0,0.0,219.8,0.0,22.200000000000003,33.6,33.6,37.0,300.0,300.0,29.700000000000003,36.2,34.5,34.2,36.4,4.95,2.0,4.96,0.16,0.0,0.0,1027.0,8228.0,0.0,0.0,0.0,0.0,0.0,1.0,0.0,0.0,0.0,-0.001,0.0,0.0,0.0,-13.6,-12.8,0.015,16.0,25903.0
2026-07-30T18:58:10.271Z,59.754,59.766,-7.4,7.4,0.0,0.0,0.0,0.0,0.0,1.0,1.0,0.0,1.0,0.0,0.0,0.0,8.0,6.0,0.0,0.0,0.0,0.0,0.0,0.0,0.0,0.0,4.0,12.0,1.0,12.08,5.0200000000000005,2.51,1.49,-2.2,0.2,2.2,301.0,0.0,-12.0,2.9000000000000004,9.9,-82.5,0.0,0.0,219.8,0.0,22.200000000000003,33.6,33.6,37.0,300.0,300.0,29.700000000000003,36.2,34.5,34.2,36.4,4.95,2.0,4.96,0.16,0.0,0.0,1027.0,8228.0,0.0,0.0,0.0,0.0,0.0,1.0,0.0,0.0,0.0,-0.001,0.0,0.6000000000000001,0.0,-13.4,-12.8,0.0151,16.0,25903.0
2026-07-30T18:58:10.282Z,59.765,59.778,-7.5,7.4,0.0,0.0,0.0,0.0,0.0,1.0,1.0,0.0,1.0,0.0,0.0,0.0,8.0,6.0,0.0,0.0,0.0,0.0,0.0,0.0,0.0,0.0,5.0,12.0,1.0,12.05,5.0200000000000005,2.5,1.49,-2.1,0.2,2.1,301.0,-0.1,-10.3,3.5,12.8,-82.5,0.0,0.0,219.6,0.0,22.1,33.7,33.6,37.0,300.0,300.0,29.8,36.2,34.5,34.2,36.4,4.95,2.0,4.96,0.16,0.0,0.0,1027.0,8228.0,0.0,0.0,0.0,0.0,0.0,1.0,0.0,0.0,0.0,-0.001,0.0,0.6000000000000001,0.0,-17.1,-12.8,0.0152,16.0,25903.0
2026-07-30T18:58:10.295Z,59.778,59.79,-7.4,7.4,0.0,0.0,0.0,0.0,0.0,1.0,1.0,0.0,1.0,0.0,0.0,0.0,8.0,6.0,0.0,0.0,0.0,0.0,0.0,0.0,0.0,0.0,1.0,12.0,1.0,12.05,5.0200000000000005,2.5,1.49,-2.2,0.3,2.2,301.0,-0.1,-10.9,2.3000000000000003,11.0,-82.5,0.0,0.0,219.6,0.0,22.1,33.7,33.6,37.0,300.0,300.0,29.8,36.2,34.5,34.2,36.4,4.95,2.0,4.96,0.16,0.0,0.0,1027.0,8228.0,0.0,0.0,0.0,0.0,0.0,1.0,0.0,0.0,0.0,-0.001,0.0,0.0,0.0,-14.3,-12.7,0.0143,16.0,25903.0
2026-07-30T18:58:10.306Z,59.789,59.802,-7.4,7.4,0.0,0.0,0.0,0.0,0.0,1.0,1.0,0.0,1.0,0.0,0.0,0.0,8.0,6.0,0.0,0.0,0.0,0.0,0.0,0.0,0.0,0.0,2.0,12.0,1.0,12.05,5.0200000000000005,2.5,1.49,-2.1,0.2,2.1,301.0,-0.1,-10.3,4.0,12.8,-82.5,0.0,0.0,219.7,0.0,22.1,33.7,33.6,37.0,300.0,300.0,29.8,36.2,34.5,34.2,36.4,4.95,2.0,4.97,0.16,0.0,0.0,1027.0,8228.0,0.0,0.0,0.0,0.0,0.0,1.0,0.0,0.0,0.0,-0.001,0.0,1.1,0.0,-17.6,-12.8,0.0151,16.0,25903.0
2026-07-30T18:58:10.319Z,59.802,59.814,-7.5,7.4,0.0,0.0,0.0,0.0,0.0,1.0,1.0,0.0,1.0,0.0,0.0,0.0,8.0,6.0,0.0,0.0,0.0,0.0,0.0,0.0,0.0,0.0,3.0,12.0,1.0,12.05,5.0200000000000005,2.5,1.49,-2.2,0.3,2.2,301.1,-0.1,-11.4,2.3000000000000003,10.4,-82.5,0.0,0.0,219.6,0.0,22.1,33.7,33.6,37.0,300.0,300.0,29.8,36.2,34.5,34.2,36.4,4.95,2.0,4.96,0.16,0.0,0.0,1027.0,8228.0,0.0,0.0,0.0,0.0,0.0,1.0,0.0,0.0,0.0,-0.001,0.0,0.0,0.0,-13.6,-12.8,0.0143,16.0,25903.0
2026-07-30T18:58:10.330Z,59.813,59.826,-7.5,7.4,0.0,0.0,0.0,0.0,0.0,1.0,1.0,0.0,1.0,0.0,0.0,0.0,8.0,6.0,0.0,0.0,0.0,0.0,0.0,0.0,0.0,0.0,5.0,12.0,1.0,12.05,5.0200000000000005,2.5,1.49,-2.2,0.2,2.2,300.90000000000003,-0.1,-12.0,2.3000000000000003,11.0,-82.5,0.0,0.0,219.6,0.0,22.1,33.7,33.6,37.0,300.0,300.0,29.8,36.2,34.5,34.2,36.4,4.95,2.0,4.97,0.16,0.0,0.0,1027.0,8228.0,0.0,0.0,0.0,0.0,0.0,1.0,0.0,0.0,0.0,-0.001,0.0,0.0,0.0,-14.3,-12.7,0.0152,16.0,25903.0
2026-07-30T18:58:10.346Z,59.829,59.838,-7.5,7.4,0.0,0.0,0.0,0.0,0.0,1.0,1.0,0.0,1.0,0.0,0.0,0.0,8.0,6.0,0.0,0.0,0.0,0.0,0.0,0.0,0.0,0.0,6.0,12.0,1.0,12.05,5.0200000000000005,2.5,1.49,-2.2,0.2,2.2,301.1,-0.1,-12.0,3.5,11.0,-82.5,0.0,0.0,219.7,0.0,22.1,33.7,33.6,37.0,300.0,300.0,29.8,36.2,34.5,34.2,36.4,4.95,2.0,4.97,0.16,0.0,0.0,1027.0,8228.0,0.0,0.0,0.0,0.0,0.0,1.0,0.0,0.0,0.0,-0.001,0.0,0.9,0.0,-15.1,-12.7,0.0149,16.0,25903.0
2026-07-30T18:58:10.354Z,59.837,59.85,-7.5,7.4,0.0,0.0,0.0,0.0,0.0,1.0,1.0,0.0,1.0,0.0,0.0,0.0,8.0,6.0,0.0,0.0,0.0,0.0,0.0,0.0,0.0,0.0,1.0,12.0,1.0,12.05,5.0200000000000005,2.5,1.49,-2.2,0.2,2.3000000000000003,301.1,-0.1,-12.0,2.3000000000000003,9.3,-82.5,0.0,0.0,219.8,0.0,22.1,33.7,33.6,37.0,300.0,300.0,29.8,36.2,34.5,34.2,36.4,4.96,2.0,4.96,0.16,0.0,0.0,1027.0,8228.0,0.0,0.0,0.0,0.0,0.0,1.0,0.0,0.0,0.0,-0.001,0.0,0.2,0.0,-12.3,-12.8,0.0147,16.0,25903.0
2026-07-30T18:58:10.367Z,59.85,59.862,-7.4,7.4,0.0,0.0,0.0,0.0,0.0,1.0,1.0,0.0,1.0,0.0,0.0,0.0,8.0,6.0,0.0,0.0,0.0,0.0,0.0,0.0,0.0,0.0,2.0,12.0,1.0,12.05,5.0200000000000005,2.5,1.49,-2.2,0.2,2.2,301.0,-0.1,-10.9,2.9000000000000004,10.4,-82.5,0.0,0.0,219.9,0.0,22.1,33.7,33.6,37.0,300.0,300.0,29.8,36.2,34.5,34.2,36.4,4.96,2.0,4.96,0.16,0.0,0.0,1027.0,8228.0,0.0,0.0,0.0,0.0,0.0,1.0,0.0,0.0,0.0,-0.001,0.0,0.5,0.0,-14.0,-12.7,0.0154,16.0,25903.0
2026-07-30T18:58:10.380Z,59.863,59.874,-7.5,7.4,0.0,0.0,0.0,0.0,0.0,1.0,1.0,0.0,1.0,0.0,0.0,0.0,8.0,6.0,0.0,0.0,0.0,0.0,0.0,0.0,0.0,0.0,3.0,12.0,1.0,12.0,5.01,2.51,1.5,-2.2,0.2,2.2,301.1,-0.1,-11.4,2.9000000000000004,9.3,-82.5,0.0,0.0,219.8,0.0,22.1,33.7,33.7,37.0,300.0,300.0,29.8,36.4,34.5,34.2,36.4,4.96,2.0,4.96,0.16,0.0,0.0,1027.0,8228.0,0.0,0.0,0.0,0.0,0.0,1.0,0.0,0.0,0.0,-0.001,0.0,0.7000000000000001,0.0,-12.7,-12.8,0.015,16.0,25903.0
2026-07-30T18:58:10.391Z,59.874,59.886,-7.5,7.4,0.0,0.0,0.0,0.0,0.0,1.0,1.0,0.0,1.0,0.0,0.0,0.0,8.0,6.0,0.0,0.0,0.0,0.0,0.0,0.0,0.0,0.0,5.0,12.0,1.0,12.0,5.01,2.51,1.5,-2.3000000000000003,0.2,2.3000000000000003,301.1,-0.1,-12.0,2.3000000000000003,8.700000000000001,-82.5,0.0,0.0,219.6,0.0,22.1,33.7,33.7,37.0,300.0,300.0,29.8,36.4,34.5,34.2,36.4,4.95,2.0,4.96,0.16,0.0,0.0,1027.0,8228.0,0.0,0.0,0.0,0.0,0.0,1.0,0.0,0.0,0.0,-0.001,0.0,0.3,0.0,-11.6,-12.7,0.0152,16.0,25903.0
2026-07-30T18:58:10.403Z,59.886,59.898,-7.4,7.4,0.0,0.0,0.0,0.0,0.0,1.0,1.0,0.0,1.0,0.0,0.0,0.0,8.0,6.0,0.0,0.0,0.0,0.0,0.0,0.0,0.0,0.0,6.0,12.0,1.0,12.0,5.01,2.51,1.5,-2.2,0.2,2.2,301.0,0.0,-11.4,3.5,9.9,-82.5,0.0,0.0,219.7,0.0,22.1,33.7,33.7,37.0,300.0,300.0,29.8,36.4,34.5,34.2,36.4,4.95,2.0,4.96,0.16,0.0,0.0,1027.0,8228.0,0.0,0.0,0.0,0.0,0.0,1.0,0.0,0.0,0.0,-0.001,0.0,1.1,0.0,-13.8,-12.7,0.0155,16.0,25903.0
2026-07-30T18:58:10.414Z,59.897,59.91,-7.4,7.4,0.0,0.0,0.0,0.0,0.0,1.0,1.0,0.0,1.0,0.0,0.0,0.0,8.0,6.0,0.0,0.0,0.0,0.0,0.0,0.0,0.0,0.0,2.0,12.0,1.0,12.0,5.01,2.51,1.5,-2.2,0.2,2.2,301.1,0.0,-11.4,2.9000000000000004,10.4,-82.5,0.0,0.0,219.7,0.0,22.1,33.7,33.7,37.0,300.0,300.0,29.8,36.4,34.5,34.2,36.4,4.96,2.0,4.97,0.16,0.0,0.0,1027.0,8228.0,0.0,0.0,0.0,0.0,0.0,1.0,0.0,0.0,0.0,-0.001,0.0,0.5,0.0,-14.0,-12.8,0.0149,16.0,25903.0
2026-07-30T18:58:10.427Z,59.91,59.922,-7.5,7.4,0.0,0.0,0.0,0.0,0.0,1.0,1.0,0.0,1.0,0.0,0.0,0.0,8.0,6.0,0.0,0.0,0.0,0.0,0.0,0.0,0.0,0.0,3.0,12.0,1.0,12.0,5.01,2.51,1.5,-2.2,0.2,2.2,301.1,-0.1,-10.9,2.3000000000000003,10.4,-82.5,0.0,0.0,219.8,0.0,22.1,33.7,33.7,37.0,300.0,300.0,29.8,36.4,34.5,34.2,36.4,4.96,2.0,4.97,0.16,0.0,0.0,1027.0,8228.0,0.0,0.0,0.0,0.0,0.0,1.0,0.0,0.0,0.0,-0.001,0.0,0.0,0.0,-13.6,-12.8,0.0149,16.0,25903.0
2026-07-30T18:58:10.439Z,59.922,59.934000000000005,-7.4,7.4,0.0,0.0,0.0,0.0,0.0,1.0,1.0,0.0,1.0,0.0,0.0,0.0,8.0,6.0,0.0,0.0,0.0,0.0,0.0,0.0,0.0,0.0,5.0,12.0,1.0,12.0,5.01,2.51,1.5,-2.3000000000000003,0.3,2.3000000000000003,300.90000000000003,-0.1,-12.6,1.7000000000000002,8.1,-82.4,0.0,0.0,219.8,0.0,22.1,33.7,33.7,37.0,300.0,300.0,29.8,36.4,34.5,34.2,36.4,4.95,2.0,4.97,0.16,0.0,0.0,1027.0,8228.0,0.0,0.0,0.0,0.0,0.0,1.0,0.0,0.0,0.0,-0.001,0.0,0.0,0.0,-10.5,-12.7,0.0149,16.0,25903.0
2026-07-30T18:58:10.451Z,59.934,59.946,-7.4,7.4,0.0,0.0,0.0,0.0,0.0,1.0,1.0,0.0,1.0,0.0,0.0,0.0,8.0,6.0,0.0,0.0,0.0,0.0,0.0,0.0,0.0,0.0,6.0,12.0,1.0,12.0,5.01,2.51,1.5,-2.3000000000000003,0.3,2.3000000000000003,301.0,-0.1,-13.2,1.7000000000000002,9.3,-82.4,0.0,0.0,219.7,0.0,22.1,33.7,33.7,37.0,300.0,300.0,29.8,36.4,34.5,34.2,36.4,4.96,2.0,4.96,0.16,0.0,0.0,1027.0,8228.0,0.0,0.0,0.0,0.0,0.0,1.0,0.0,0.0,0.0,-0.001,0.0,-0.2,0.0,-11.8,-12.8,0.0157,16.0,25903.0
2026-07-30T18:58:10.463Z,59.946,59.958,-7.4,7.4,0.0,0.0,0.0,0.0,0.0,1.0,1.0,0.0,1.0,0.0,0.0,0.0,8.0,6.0,0.0,0.0,0.0,0.0,0.0,0.0,0.0,0.0,1.0,12.0,1.0,12.0,5.01,2.51,1.5,-2.2,0.3,2.3000000000000003,301.1,0.0,-12.0,1.7000000000000002,9.3,-82.5,0.0,0.0,219.8,0.0,22.1,33.7,33.7,37.0,300.0,300.0,29.8,36.4,34.5,34.2,36.4,4.96,2.0,4.97,0.16,0.0,0.0,1027.0,8228.0,0.0,0.0,0.0,0.0,0.0,1.0,0.0,0.0,0.0,-0.001,0.0,-0.2,0.0,-11.8,-12.8,0.0155,16.0,25903.0
2026-07-30T18:58:10.474Z,59.957,59.97,-7.4,7.4,0.0,0.0,0.0,0.0,0.0,1.0,1.0,0.0,1.0,0.0,0.0,0.0,8.0,6.0,0.0,0.0,0.0,0.0,0.0,0.0,0.0,0.0,3.0,12.0,1.0,12.0,5.01,2.51,1.5,-2.3000000000000003,0.3,2.3000000000000003,301.0,-0.1,-13.2,1.1,8.700000000000001,-82.5,0.0,0.0,219.9,0.0,22.1,33.7,33.7,37.0,300.0,300.0,29.8,36.4,34.5,34.2,36.4,4.96,2.0,4.96,0.16,0.0,0.0,1027.0,8228.0,0.0,0.0,0.0,0.0,0.0,1.0,0.0,0.0,0.0,-0.001,0.0,-0.7000000000000001,0.0,-10.7,-12.8,0.0154,16.0,25903.0
2026-07-30T18:58:10.487Z,59.97,59.982,-7.5,7.4,0.0,0.0,0.0,0.0,0.0,1.0,1.0,0.0,1.0,0.0,0.0,0.0,8.0,6.0,0.0,0.0,0.0,0.0,0.0,0.0,0.0,0.0,4.0,12.0,1.0,12.08,5.01,2.51,1.49,-2.2,0.2,2.3000000000000003,301.0,-0.1,-12.0,2.3000000000000003,9.3,-82.5,0.0,0.0,219.8,0.0,22.3,33.7,33.7,37.0,300.0,300.0,30.0,36.4,34.5,34.2,36.4,4.96,2.0,4.96,0.16,0.0,0.0,1027.0,8228.0,0.0,0.0,0.0,0.0,0.0,1.0,0.0,0.0,0.0,-0.001,0.0,0.2,0.0,-12.3,-12.8,0.0157,16.0,25903.0
2026-07-30T18:58:10.498Z,59.981,59.994,-7.5,7.4,0.0,0.0,0.0,0.0,0.0,1.0,1.0,0.0,1.0,0.0,0.0,0.0,8.0,6.0,0.0,0.0,0.0,0.0,0.0,0.0,0.0,0.0,5.0,12.0,1.0,12.08,5.01,2.51,1.49,-2.4000000000000004,0.3,2.4000000000000004,301.1,-0.1,-12.0,0.5,6.9,-82.5,0.0,0.0,219.8,0.0,22.3,33.7,33.7,37.0,300.0,300.0,30.0,36.4,34.5,34.2,36.4,4.95,2.0,4.96,0.16,0.0,0.0,1027.0,8228.0,0.0,0.0,0.0,0.0,0.0,1.0,0.0,0.0,0.0,-0.001,0.0,-0.8,0.0,-8.3,-12.8,0.0153,16.0,25903.0
2026-07-30T18:58:10.511Z,59.994,60.006,-7.5,7.4,0.0,0.0,0.0,0.0,0.0,1.0,1.0,0.0,1.0,0.0,0.0,0.0,8.0,6.0,0.0,0.0,0.0,0.0,0.0,0.0,0.0,0.0,6.0,12.0,1.0,12.08,5.01,2.51,1.49,-2.3000000000000003,0.3,2.3000000000000003,301.1,-0.1,-12.0,0.5,8.700000000000001,-82.5,0.0,0.0,219.8,0.0,22.3,33.7,33.7,37.0,300.0,300.0,30.0,36.4,34.5,34.2,36.4,4.95,2.0,4.97,0.16,0.0,0.0,1027.0,8228.0,0.0,0.0,0.0,0.0,0.0,1.0,0.0,0.0,0.0,-0.001,0.0,-1.2000000000000002,0.0,-10.3,-12.8,0.0162,16.0,25903.0
2026-07-30T18:58:10.523Z,60.006,60.018,-7.5,7.4,0.0,0.0,0.0,0.0,0.0,1.0,1.0,0.0,1.0,0.0,0.0,0.0,8.0,6.0,0.0,0.0,0.0,0.0,0.0,0.0,0.0,0.0,1.0,12.0,1.0,12.08,5.01,2.51,1.49,-2.2,0.3,2.2,301.0,-0.1,-12.6,1.7000000000000002,9.9,-82.5,0.0,0.0,219.8,0.0,22.3,33.7,33.7,37.0,300.0,300.0,30.0,36.4,34.5,34.2,36.4,4.95,2.0,4.96,0.16,0.0,0.0,1027.0,8228.0,0.0,0.0,0.0,0.0,0.0,1.0,0.0,0.0,0.0,-0.001,0.0,-0.3,0.0,-12.5,-12.7,0.0157,16.0,25903.0
2026-07-30T18:58:10.535Z,60.018,60.03,-7.4,7.4,0.0,0.0,0.0,0.0,0.0,1.0,1.0,0.0,1.0,0.0,0.0,0.0,8.0,6.0,0.0,0.0,0.0,0.0,0.0,0.0,0.0,0.0,3.0,12.0,1.0,12.08,5.01,2.51,1.49,-2.2,0.3,2.2,301.0,-0.1,-12.0,1.7000000000000002,10.4,-82.5,0.0,0.0,219.8,0.0,22.3,33.7,33.7,37.0,300.0,300.0,30.0,36.4,34.5,34.2,36.4,4.96,2.0,4.96,0.16,0.0,0.0,1027.0,8228.0,0.0,0.0,0.0,0.0,0.0,1.0,0.0,0.0,0.0,-0.001,0.0,-0.5,0.0,-13.2,-12.7,0.0151,16.0,25903.0
2026-07-30T18:58:10.547Z,60.03,60.042,-7.4,7.4,0.0,0.0,0.0,0.0,0.0,1.0,1.0,0.0,1.0,0.0,0.0,0.0,8.0,6.0,0.0,0.0,0.0,0.0,0.0,0.0,0.0,0.0,4.0,12.0,1.0,12.08,5.01,2.51,1.49,-2.2,0.3,2.3000000000000003,301.1,-0.1,-11.4,1.7000000000000002,9.9,-82.5,0.0,0.0,219.8,0.0,22.3,33.7,33.7,37.0,300.0,300.0,30.0,36.4,34.5,34.2,36.4,4.95,2.0,4.96,0.16,0.0,0.0,1027.0,8228.0,0.0,0.0,0.0,0.0,0.0,1.0,0.0,0.0,0.0,-0.001,0.0,-0.3,0.0,-12.5,-12.8,0.0151,16.0,25903.0
2026-07-30T18:58:10.558Z,60.041,60.054,-7.4,7.4,0.0,0.0,0.0,0.0,0.0,1.0,1.0,0.0,1.0,0.0,0.0,0.0,8.0,6.0,0.0,0.0,0.0,0.0,0.0,0.0,0.0,0.0,5.0,12.0,1.0,12.08,5.01,2.51,1.49,-2.2,0.2,2.2,301.1,-0.1,-12.0,2.9000000000000004,9.9,-82.4,0.0,0.0,219.7,0.0,22.3,33.7,33.7,37.0,300.0,300.0,30.0,36.4,34.5,34.2,36.4,4.96,2.0,4.96,0.16,0.0,0.0,1027.0,8228.0,0.0,0.0,0.0,0.0,0.0,1.0,0.0,0.0,0.0,-0.001,0.0,0.6000000000000001,0.0,-13.4,-12.8,0.0153,16.0,25903.0
2026-07-30T18:58:10.574Z,60.057,60.066,-7.5,7.4,0.0,0.0,0.0,0.0,0.0,1.0,1.0,0.0,1.0,0.0,0.0,0.0,8.0,6.0,0.0,0.0,0.0,0.0,0.0,0.0,0.0,0.0,6.0,12.0,1.0,12.08,5.01,2.51,1.49,-2.2,0.2,2.2,301.0,-0.1,-12.0,2.3000000000000003,9.3,-82.4,0.0,0.0,219.7,0.0,22.3,33.7,33.7,37.0,300.0,300.0,30.0,36.4,34.5,34.2,36.4,4.96,2.0,4.97,0.16,0.0,0.0,1027.0,8228.0,0.0,0.0,0.0,0.0,0.0,1.0,0.0,0.0,0.0,-0.001,0.0,0.2,0.0,-12.3,-12.8,0.0152,16.0,25903.0
2026-07-30T18:58:10.584Z,60.067,60.078,-7.5,7.4,0.0,0.0,0.0,0.0,0.0,1.0,1.0,0.0,1.0,0.0,0.0,0.0,8.0,6.0,0.0,0.0,0.0,0.0,0.0,0.0,0.0,0.0,6.0,12.0,1.0,12.06,5.01,2.5,1.49,-2.1,0.2,2.1,301.1,-0.1,-11.4,2.9000000000000004,12.2,-82.4,0.0,0.0,219.7,0.0,22.1,33.7,33.7,37.0,300.0,300.0,29.9,36.3,34.5,34.1,36.3,4.95,2.0,4.97,0.16,0.0,0.0,1027.0,8228.0,0.0,0.0,0.0,0.0,0.0,1.0,0.0,0.0,0.0,-0.001,0.0,0.2,0.0,-16.0,-12.7,0.0152,16.0,25903.0
2026-07-30T18:58:10.595Z,60.078,60.09,-7.4,7.4,0.0,0.0,0.0,0.0,0.0,1.0,1.0,0.0,1.0,0.0,0.0,0.0,8.0,6.0,0.0,0.0,0.0,0.0,0.0,0.0,0.0,0.0,1.0,12.0,1.0,12.06,5.01,2.5,1.49,-2.2,0.3,2.3000000000000003,301.1,-0.1,-11.4,2.3000000000000003,9.3,-82.4,0.0,0.0,219.8,0.0,22.1,33.7,33.7,37.0,300.0,300.0,29.9,36.3,34.5,34.1,36.3,4.95,2.0,4.97,0.16,0.0,0.0,1027.0,8228.0,0.0,0.0,0.0,0.0,0.0,1.0,0.0,0.0,0.0,-0.001,0.0,0.2,0.0,-12.3,-12.7,0.0145,16.0,25903.0
2026-07-30T18:58:10.606Z,60.089,60.102,-7.4,7.4,0.0,0.0,0.0,0.0,0.0,1.0,1.0,0.0,1.0,0.0,0.0,0.0,8.0,6.0,0.0,0.0,0.0,0.0,0.0,0.0,0.0,0.0,2.0,12.0,1.0,12.06,5.01,2.5,1.49,-2.1,0.2,2.1,300.90000000000003,-0.1,-10.3,4.0,12.8,-82.4,0.0,0.0,219.6,0.0,22.1,33.7,33.7,37.0,300.0,300.0,29.9,36.3,34.5,34.1,36.3,4.96,2.0,4.96,0.16,0.0,0.0,1027.0,8228.0,0.0,0.0,0.0,0.0,0.0,1.0,0.0,0.0,0.0,-0.001,0.0,1.1,0.0,-17.6,-12.8,0.0153,16.0,25903.0
2026-07-30T18:58:10.618Z,60.101,60.114,-7.4,7.4,0.0,0.0,0.0,0.0,0.0,1.0,1.0,0.0,1.0,0.0,0.0,0.0,8.0,6.0,0.0,0.0,0.0,0.0,0.0,0.0,0.0,0.0,3.0,12.0,1.0,12.06,5.01,2.5,1.49,-2.2,0.2,2.2,301.0,-0.1,-10.3,2.9000000000000004,10.4,-82.4,0.0,0.0,219.6,0.0,22.1,33.7,33.7,37.0,300.0,300.0,29.9,36.3,34.5,34.1,36.3,4.96,2.0,4.96,0.16,0.0,0.0,1027.0,8228.0,0.0,0.0,0.0,0.0,0.0,1.0,0.0,0.0,0.0,-0.001,0.0,0.5,0.0,-14.0,-12.8,0.0141,16.0,25903.0
2026-07-30T18:58:10.631Z,60.114,60.126000000000005,-7.4,7.4,0.0,0.0,0.0,0.0,0.0,1.0,1.0,0.0,1.0,0.0,0.0,0.0,8.0,6.0,0.0,0.0,0.0,0.0,0.0,0.0,0.0,0.0,4.0,12.0,1.0,12.06,5.01,2.5,1.49,-2.2,0.2,2.2,301.1,-0.1,-10.9,2.9000000000000004,11.0,-82.4,0.0,0.0,219.7,0.0,22.1,33.7,33.7,37.0,300.0,300.0,29.9,36.3,34.5,34.1,36.3,4.95,2.0,4.96,0.16,0.0,0.0,1027.0,8228.0,0.0,0.0,0.0,0.0,0.0,1.0,0.0,0.0,0.0,-0.001,0.0,0.4,0.0,-14.7,-12.8,0.0149,16.0,25903.0
2026-07-30T18:58:10.643Z,60.126,60.138,-7.4,7.4,0.0,0.0,0.0,0.0,0.0,1.0,1.0,0.0,1.0,0.0,0.0,0.0,8.0,6.0,0.0,0.0,0.0,0.0,0.0,0.0,0.0,0.0,6.0,12.0,1.0,12.06,5.01,2.5,1.49,-2.2,0.3,2.2,301.0,-0.1,-10.9,1.7000000000000002,11.0,-82.4,0.0,0.0,219.7,0.0,22.1,33.7,33.7,37.0,300.0,300.0,29.9,36.3,34.5,34.1,36.3,4.95,2.0,4.96,0.16,0.0,0.0,1027.0,8228.0,0.0,0.0,0.0,0.0,0.0,1.0,0.0,0.0,0.0,-0.001,0.0,-0.5,0.0,-13.9,-12.8,0.0149,16.0,25903.0
2026-07-30T18:58:10.654Z,60.137,60.15,-7.4,7.4,0.0,0.0,0.0,0.0,0.0,1.0,1.0,0.0,1.0,0.0,0.0,0.0,8.0,6.0,0.0,0.0,0.0,0.0,0.0,0.0,0.0,0.0,1.0,12.0,1.0,12.06,5.01,2.5,1.49,-2.2,0.3,2.2,301.1,-0.1,-11.4,1.7000000000000002,11.0,-82.4,0.0,0.0,219.7,0.0,22.1,33.7,33.7,37.0,300.0,300.0,29.9,36.3,34.5,34.1,36.3,4.96,2.0,4.96,0.16,0.0,0.0,1027.0,8228.0,0.0,0.0,0.0,0.0,0.0,1.0,0.0,0.0,0.0,-0.001,0.0,-0.6000000000000001,0.0,-13.9,-12.8,0.0151,16.0,25903.0
2026-07-30T18:58:10.666Z,60.149,60.162,-7.5,7.4,0.0,0.0,0.0,0.0,0.0,1.0,1.0,0.0,1.0,0.0,0.0,0.0,8.0,6.0,0.0,0.0,0.0,0.0,0.0,0.0,0.0,0.0,2.0,12.0,1.0,12.06,5.01,2.5,1.49,-2.2,0.2,2.2,301.0,-0.1,-11.4,2.3000000000000003,9.9,-82.4,0.0,0.0,219.7,0.0,22.1,33.7,33.7,37.0,300.0,300.0,29.9,36.3,34.5,34.1,36.3,4.96,2.0,4.97,0.16,0.0,0.0,1027.0,8228.0,0.0,0.0,0.0,0.0,0.0,1.0,0.0,0.0,0.0,-0.001,0.0,0.1,0.0,-12.9,-12.8,0.0153,16.0,25903.0
2026-07-30T18:58:10.678Z,60.161,60.174,-7.5,7.4,0.0,0.0,0.0,0.0,0.0,1.0,1.0,0.0,1.0,0.0,0.0,0.0,8.0,6.0,0.0,0.0,0.0,0.0,0.0,0.0,0.0,0.0,3.0,12.0,1.0,12.06,5.01,2.5,1.49,-2.2,0.2,2.2,301.0,-0.1,-11.4,4.0,9.3,-82.4,0.0,0.0,219.8,0.0,22.1,33.7,33.7,37.0,300.0,300.0,29.9,36.3,34.5,34.1,36.3,4.96,2.0,4.97,0.16,0.0,0.0,1027.0,8228.0,0.0,0.0,0.0,0.0,0.0,1.0,0.0,0.0,0.0,-0.001,0.0,1.7000000000000002,0.0,-13.6,-12.7,0.0157,16.0,25903.0
2026-07-30T18:58:10.691Z,60.174,60.186,-7.4,7.4,0.0,0.0,0.0,0.0,0.0,1.0,1.0,0.0,1.0,0.0,0.0,0.0,8.0,6.0,0.0,0.0,0.0,0.0,0.0,0.0,0.0,0.0,4.0,12.0,1.0,12.06,5.01,2.5,1.49,-2.3000000000000003,0.3,2.3000000000000003,301.0,-0.1,-11.4,1.7000000000000002,9.3,-82.4,0.0,0.0,219.8,0.0,21.9,33.7,33.7,37.0,300.0,300.0,29.9,36.1,34.5,34.2,36.4,4.96,2.0,4.96,0.16,0.0,0.0,1027.0,8228.0,0.0,0.0,0.0,0.0,0.0,1.0,0.0,0.0,0.0,-0.001,0.0,-0.2,0.0,-11.8,-12.8,0.0155,16.0,25903.0
2026-07-30T18:58:10.703Z,60.186,60.198,-7.4,7.4,0.0,0.0,0.0,0.0,0.0,1.0,1.0,0.0,1.0,0.0,0.0,0.0,8.0,6.0,0.0,0.0,0.0,0.0,0.0,0.0,0.0,0.0,5.0,12.0,1.0,12.06,5.01,2.5,1.49,-2.2,0.2,2.2,300.90000000000003,-0.1,-11.4,2.9000000000000004,10.4,-82.5,0.0,0.0,219.9,0.0,21.9,33.7,33.7,37.0,300.0,300.0,29.9,36.1,34.5,34.2,36.4,4.95,2.0,4.97,0.16,0.0,0.0,1027.0,8228.0,0.0,0.0,0.0,0.0,0.0,1.0,0.0,0.0,0.0,-0.001,0.0,0.5,0.0,-14.0,-12.9,0.0162,16.0,25903.0
2026-07-30T18:58:10.714Z,60.197,60.21,-7.5,7.4,0.0,0.0,0.0,0.0,0.0,1.0,1.0,0.0,1.0,0.0,0.0,0.0,8.0,6.0,0.0,0.0,0.0,0.0,0.0,0.0,0.0,0.0,1.0,12.0,1.0,12.06,5.01,2.5,1.49,-2.2,0.2,2.2,301.1,-0.1,-12.6,2.3000000000000003,11.0,-82.5,0.0,0.0,219.8,0.0,21.9,33.7,33.7,37.0,300.0,300.0,29.9,36.1,34.5,34.2,36.4,4.95,2.0,4.96,0.16,0.0,0.0,1027.0,8228.0,0.0,0.0,0.0,0.0,0.0,1.0,0.0,0.0,0.0,-0.001,0.0,0.0,0.0,-14.3,-12.8,0.016,16.0,25903.0
2026-07-30T18:58:10.727Z,60.21,60.222,-7.5,7.4,0.0,0.0,0.0,0.0,0.0,1.0,1.0,0.0,1.0,0.0,0.0,0.0,8.0,6.0,0.0,0.0,0.0,0.0,0.0,0.0,0.0,0.0,2.0,12.0,1.0,12.06,5.01,2.5,1.49,-2.2,0.2,2.2,301.1,-0.1,-12.0,2.3000000000000003,9.9,-82.5,0.0,0.0,219.8,0.0,21.9,33.7,33.7,37.0,300.0,300.0,29.9,36.1,34.5,34.2,36.4,4.96,2.0,4.96,0.16,0.0,0.0,1027.0,8228.0,0.0,0.0,0.0,0.0,0.0,1.0,0.0,0.0,0.0,-0.001,0.0,0.1,0.0,-12.9,-12.7,0.0152,16.0,25903.0
2026-07-30T18:58:10.739Z,60.222,60.234,-7.4,7.4,0.0,0.0,0.0,0.0,0.0,1.0,1.0,0.0,1.0,0.0,0.0,0.0,8.0,6.0,0.0,0.0,0.0,0.0,0.0,0.0,0.0,0.0,4.0,12.0,1.0,12.06,5.01,2.5,1.49,-2.3000000000000003,0.3,2.4000000000000004,300.90000000000003,0.0,-12.0,1.1,7.5,-82.5,0.0,0.0,219.9,0.0,21.9,33.7,33.7,37.0,300.0,300.0,29.9,36.1,34.5,34.2,36.4,4.96,2.0,4.96,0.16,0.0,0.0,1027.0,8228.0,0.0,0.0,0.0,0.0,0.0,1.0,0.0,0.0,0.0,-0.001,0.0,0.0,0.0,-13.6,-12.7,0.0156,16.0,25903.0
2026-07-30T18:58:10.751Z,60.234,60.246,-7.4,7.4,0.0,0.0,0.0,0.0,0.0,1.0,1.0,0.0,1.0,0.0,0.0,0.0,8.0,6.0,0.0,0.0,0.0,0.0,0.0,0.0,0.0,0.0,5.0,12.0,1.0,12.06,5.01,2.5,1.49,-2.3000000000000003,0.3,2.4000000000000004,301.0,0.0,-12.6,0.5,8.700000000000001,-82.5,0.0,0.0,219.9,0.0,21.9,33.7,33.7,37.0,300.0,300.0,29.9,36.1,34.5,34.2,36.4,4.95,2.0,4.97,0.16,0.0,0.0,1027.0,8228.0,0.0,0.0,0.0,0.0,0.0,1.0,0.0,0.0,0.0,-0.001,0.0,0.6000000000000001,0.0,-13.4,-12.8,0.015,16.0,25903.0
2026-07-30T18:58:10.763Z,60.246,60.258,-7.5,7.4,0.0,0.0,0.0,0.0,0.0,1.0,1.0,0.0,1.0,0.0,0.0,0.0,8.0,6.0,0.0,0.0,0.0,0.0,0.0,0.0,0.0,0.0,1.0,12.0,1.0,12.06,5.01,2.5,1.49,-2.2,0.2,2.2,301.0,-0.1,-12.6,1.1,9.3,-82.5,0.0,0.0,219.8,0.0,21.9,33.7,33.7,37.0,300.0,300.0,29.9,36.1,34.5,34.2,36.4,4.95,2.0,4.96,0.16,0.0,0.0,1027.0,8228.0,0.0,0.0,0.0,0.0,0.0,1.0,0.0,0.0,0.0,-0.001,0.0,0.4,0.0,-14.7,-12.9,0.0152,16.0,25903.0
2026-07-30T18:58:10.775Z,60.258,60.27,-7.5,7.4,0.0,0.0,0.0,0.0,0.0,1.0,1.0,0.0,1.0,0.0,0.0,0.0,8.0,6.0,0.0,0.0,0.0,0.0,0.0,0.0,0.0,0.0,2.0,12.0,1.0,12.06,5.01,2.5,1.49,-2.2,0.2,2.2,301.1,-0.1,-11.4,3.5,10.4,-82.5,0.0,0.0,219.8,0.0,21.9,33.7,33.7,37.0,300.0,300.0,29.9,36.1,34.5,34.2,36.4,4.95,2.0,4.96,0.16,0.0,0.0,1027.0,8228.0,0.0,0.0,0.0,0.0,0.0,1.0,0.0,0.0,0.0,-0.001,0.0,1.0,0.0,-14.5,-12.8,0.0149,16.0,25903.0
2026-07-30T18:58:10.787Z,60.27,60.282,-7.5,7.4,0.0,0.0,0.0,0.0,0.0,1.0,1.0,0.0,1.0,0.0,0.0,0.0,8.0,6.0,0.0,0.0,0.0,0.0,0.0,0.0,0.0,0.0,3.0,12.0,1.0,11.99,5.01,2.5,1.5,-2.1,0.2,2.1,300.90000000000003,-0.1,-10.9,3.5,11.6,-82.5,0.0,0.0,219.7,0.0,22.4,33.7,33.7,37.0,300.0,300.0,29.9,36.2,34.5,34.2,36.4,4.95,2.0,4.96,0.16,0.0,0.0,1027.0,8228.0,0.0,0.0,0.0,0.0,0.0,1.0,0.0,0.0,0.0,-0.001,0.0,0.8,0.0,-15.8,-12.7,0.0148,16.0,25903.0
2026-07-30T18:58:10.798Z,60.281,60.294,-7.5,7.4,0.0,0.0,0.0,0.0,0.0,1.0,1.0,0.0,1.0,0.0,0.0,0.0,8.0,6.0,0.0,0.0,0.0,0.0,0.0,0.0,0.0,0.0,4.0,12.0,1.0,11.99,5.01,2.5,1.5,-2.2,0.3,2.2,301.0,-0.1,-10.3,1.7000000000000002,11.0,-82.5,0.0,0.0,219.8,0.0,22.4,33.7,33.7,37.0,300.0,300.0,29.9,36.2,34.5,34.2,36.4,4.96,1.99,4.96,0.16,0.0,0.0,1027.0,8228.0,0.0,0.0,0.0,0.0,0.0,1.0,0.0,0.0,0.0,-0.001,0.0,-0.6000000000000001,0.0,-13.8,-12.8,0.0145,16.0,25903.0
2026-07-30T18:58:10.811Z,60.294,60.306,-7.4,7.4,0.0,0.0,0.0,0.0,0.0,1.0,1.0,0.0,1.0,0.0,0.0,0.0,8.0,6.0,0.0,0.0,0.0,0.0,0.0,0.0,0.0,0.0,5.0,12.0,1.0,11.99,5.01,2.5,1.5,-2.2,0.2,2.2,301.0,-0.1,-10.9,2.3000000000000003,10.4,-82.5,0.0,0.0,219.8,0.0,22.4,33.7,33.7,37.0,300.0,300.0,29.9,36.2,34.5,34.2,36.4,4.96,2.0,4.96,0.16,0.0,0.0,1027.0,8228.0,0.0,0.0,0.0,0.0,0.0,1.0,0.0,0.0,0.0,-0.001,0.0,0.0,0.0,-13.6,-12.8,0.0149,16.0,25903.0
2026-07-30T18:58:10.823Z,60.306,60.318,-7.5,7.4,0.0,0.0,0.0,0.0,0.0,1.0,1.0,0.0,1.0,0.0,0.0,0.0,8.0,6.0,0.0,0.0,0.0,0.0,0.0,0.0,0.0,0.0,6.0,12.0,1.0,11.99,5.01,2.5,1.5,-2.2,0.2,2.3000000000000003,301.0,-0.1,-10.9,2.9000000000000004,8.700000000000001,-82.5,0.0,0.0,219.7,0.0,22.4,33.7,33.7,37.0,300.0,300.0,29.9,36.2,34.5,34.2,36.4,4.96,2.0,4.96,0.16,0.0,0.0,1027.0,8228.0,0.0,0.0,0.0,0.0,0.0,1.0,0.0,0.0,0.0,-0.001,0.0,0.9,0.0,-12.0,-12.8,0.015,16.0,25903.0
2026-07-30T18:58:10.835Z,60.318,60.33,-7.4,7.4,0.0,0.0,0.0,0.0,0.0,1.0,1.0,0.0,1.0,0.0,0.0,0.0,8.0,6.0,0.0,0.0,0.0,0.0,0.0,0.0,0.0,0.0,2.0,12.0,1.0,11.99,5.01,2.5,1.5,-2.1,0.2,2.1,301.0,-0.1,-12.0,3.5,11.6,-82.5,0.0,0.0,219.8,0.0,22.4,33.7,33.7,37.0,300.0,300.0,29.9,36.2,34.5,34.2,36.4,4.95,2.0,4.96,0.16,0.0,0.0,1027.0,8228.0,0.0,0.0,0.0,0.0,0.0,1.0,0.0,0.0,0.0,-0.001,0.0,0.8,0.0,-15.8,-12.8,0.0153,16.0,25903.0
2026-07-30T18:58:10.847Z,60.33,60.342,-7.4,7.4,0.0,0.0,0.0,0.0,0.0,1.0,1.0,0.0,1.0,0.0,0.0,0.0,8.0,6.0,0.0,0.0,0.0,0.0,0.0,0.0,0.0,0.0,3.0,12.0,1.0,11.99,5.01,2.5,1.5,-2.2,0.2,2.2,301.0,-0.1,-11.4,3.5,10.4,-82.5,0.0,0.0,219.8,0.0,22.4,33.7,33.7,37.0,300.0,300.0,29.9,36.2,34.5,34.2,36.4,4.96,2.0,4.96,0.16,0.0,0.0,1027.0,8228.0,0.0,0.0,0.0,0.0,0.0,1.0,0.0,0.0,0.0,-0.001,0.0,1.0,0.0,-14.5,-12.8,0.0146,16.0,25903.0
2026-07-30T18:58:10.859Z,60.342,60.354,-7.5,7.4,0.0,0.0,0.0,0.0,0.0,1.0,1.0,0.0,1.0,0.0,0.0,0.0,8.0,6.0,0.0,0.0,0.0,0.0,0.0,0.0,0.0,0.0,3.0,12.0,1.0,11.99,5.01,2.5,1.5,-2.2,0.2,2.2,301.0,-0.1,-10.9,3.5,10.4,-82.5,0.0,0.0,219.8,0.0,22.4,33.7,33.7,37.0,300.0,300.0,29.9,36.2,34.5,34.2,36.4,4.96,2.0,4.97,0.17,0.0,0.0,1027.0,8228.0,0.0,0.0,0.0,0.0,0.0,1.0,0.0,0.0,0.0,-0.001,0.0,1.0,0.0,-14.5,-12.8,0.0149,16.0,25903.0
2026-07-30T18:58:10.871Z,60.354,60.366,-7.5,7.4,0.0,0.0,0.0,0.0,0.0,1.0,1.0,0.0,1.0,0.0,0.0,0.0,8.0,6.0,0.0,0.0,0.0,0.0,0.0,0.0,0.0,0.0,5.0,12.0,1.0,11.99,5.01,2.5,1.5,-2.2,0.2,2.3000000000000003,301.0,-0.1,-10.9,2.9000000000000004,8.700000000000001,-82.5,0.0,0.0,219.7,0.0,22.4,33.7,33.7,37.0,300.0,300.0,29.9,36.2,34.5,34.2,36.4,4.96,2.0,4.97,0.16,0.0,0.0,1027.0,8228.0,0.0,0.0,0.0,0.0,0.0,1.0,0.0,0.0,0.0,-0.001,0.0,0.8,0.0,-12.0,-12.7,0.0148,16.0,25903.0
2026-07-30T18:58:10.883Z,60.366,60.378,-7.5,7.4,0.0,0.0,0.0,0.0,0.0,1.0,1.0,0.0,1.0,0.0,0.0,0.0,8.0,6.0,0.0,0.0,0.0,0.0,0.0,0.0,0.0,0.0,4.0,12.0,1.0,11.99,5.01,2.5,1.5,-2.2,0.3,2.2,301.1,0.0,-11.4,1.7000000000000002,9.9,-82.5,0.0,0.0,219.7,0.0,22.4,33.7,33.7,37.0,300.0,300.0,29.9,36.2,34.5,34.2,36.4,4.96,2.0,4.97,0.16,0.0,0.0,1027.0,8228.0,0.0,0.0,0.0,0.0,0.0,1.0,0.0,0.0,0.0,-0.001,0.0,-0.3,0.0,-12.5,-12.7,0.0154,16.0,25903.0
2026-07-30T18:58:10.894Z,60.377,60.39,-7.4,7.4,0.0,0.0,0.0,0.0,0.0,1.0,1.0,0.0,1.0,0.0,0.0,0.0,8.0,6.0,0.0,0.0,0.0,0.0,0.0,0.0,0.0,0.0,5.0,12.0,1.0,12.05,5.01,2.5,1.49,-2.2,0.2,2.2,301.0,0.0,-12.6,2.3000000000000003,9.3,-82.5,0.0,0.0,219.8,0.0,22.200000000000003,33.7,33.7,37.0,300.0,300.0,29.8,36.3,34.5,34.2,36.4,4.95,2.0,4.96,0.16,0.0,0.0,1027.0,8228.0,0.0,0.0,0.0,0.0,0.0,1.0,0.0,0.0,0.0,-0.001,0.0,0.2,0.0,-12.3,-12.7,0.0152,16.0,25903.0
2026-07-30T18:58:10.907Z,60.39,60.402,-7.4,7.4,0.0,0.0,0.0,0.0,0.0,1.0,1.0,0.0,1.0,0.0,0.0,0.0,8.0,6.0,0.0,0.0,0.0,0.0,0.0,0.0,0.0,0.0,6.0,12.0,1.0,12.05,5.01,2.5,1.49,-2.2,0.2,2.2,301.0,0.0,-11.4,2.9000000000000004,10.4,-82.5,0.0,0.0,219.8,0.0,22.200000000000003,33.7,33.7,37.0,300.0,300.0,29.8,36.3,34.5,34.2,36.4,4.95,2.0,4.97,0.16,0.0,0.0,1027.0,8228.0,0.0,0.0,0.0,0.0,0.0,1.0,0.0,0.0,0.0,-0.001,0.0,0.5,0.0,-14.0,-12.8,0.0152,16.0,25903.0
2026-07-30T18:58:10.918Z,60.401,60.414,-7.5,7.4,0.0,0.0,0.0,0.0,0.0,1.0,1.0,0.0,1.0,0.0,0.0,0.0,8.0,6.0,0.0,0.0,0.0,0.0,0.0,0.0,0.0,0.0,1.0,12.0,1.0,12.05,5.01,2.5,1.49,-2.2,0.2,2.2,301.0,0.0,-11.4,2.3000000000000003,11.0,-82.5,0.0,0.0,219.7,0.0,22.200000000000003,33.7,33.7,37.0,300.0,300.0,29.8,36.3,34.5,34.2,36.4,4.96,2.0,4.97,0.16,0.0,0.0,1027.0,8228.0,0.0,0.0,0.0,0.0,0.0,1.0,0.0,0.0,0.0,-0.001,0.0,0.0,0.0,-14.3,-12.8,0.0149,16.0,25903.0
2026-07-30T18:58:10.931Z,60.414,60.426,-7.4,7.4,0.0,0.0,0.0,0.0,0.0,1.0,1.0,0.0,1.0,0.0,0.0,0.0,8.0,6.0,0.0,0.0,0.0,0.0,0.0,0.0,0.0,0.0,2.0,12.0,1.0,12.05,5.01,2.5,1.49,-2.3000000000000003,0.2,2.3000000000000003,301.0,0.0,-12.0,1.7000000000000002,8.700000000000001,-82.5,0.0,0.0,219.8,0.0,22.200000000000003,33.7,33.7,37.0,300.0,300.0,29.8,36.3,34.5,34.2,36.4,4.96,2.0,4.96,0.16,0.0,0.0,1027.0,8228.0,0.0,0.0,0.0,0.0,0.0,1.0,0.0,0.0,0.0,-0.001,0.0,-0.1,0.0,-11.2,-12.7,0.0148,16.0,25903.0
2026-07-30T18:58:10.943Z,60.426,60.438,-7.4,7.4,0.0,0.0,0.0,0.0,0.0,1.0,1.0,0.0,1.0,0.0,0.0,0.0,8.0,6.0,0.0,0.0,0.0,0.0,0.0,0.0,0.0,0.0,4.0,12.0,1.0,12.05,5.01,2.5,1.49,-2.3000000000000003,0.3,2.3000000000000003,301.1,0.0,-12.6,0.5,8.700000000000001,-82.5,0.0,0.0,220.0,0.0,22.200000000000003,33.7,33.7,37.0,300.0,300.0,29.8,36.3,34.5,34.2,36.4,4.95,2.0,4.96,0.16,0.0,0.0,1027.0,8228.0,0.0,0.0,0.0,0.0,0.0,1.0,0.0,0.0,0.0,-0.001,0.0,-1.2000000000000002,0.0,-10.3,-12.8,0.0156,16.0,25903.0
2026-07-30T18:58:10.955Z,60.438,60.45,-7.4,7.4,0.0,0.0,0.0,0.0,0.0,1.0,1.0,0.0,1.0,0.0,0.0,0.0,8.0,6.0,0.0,0.0,0.0,0.0,0.0,0.0,0.0,0.0,5.0,12.0,1.0,12.05,5.01,2.5,1.49,-2.2,0.3,2.2,301.1,0.0,-12.0,1.7000000000000002,11.0,-82.5,0.0,0.0,219.9,0.0,22.200000000000003,33.7,33.7,37.0,300.0,300.0,29.8,36.3,34.5,34.2,36.4,4.95,2.0,4.96,0.16,0.0,0.0,1027.0,8228.0,0.0,0.0,0.0,0.0,0.0,1.0,0.0,0.0,0.0,-0.001,0.0,-0.6000000000000001,0.0,-13.8,-12.8,0.0158,16.0,25903.0
2026-07-30T18:58:10.967Z,60.45,60.462,-7.4,7.4,0.0,0.0,0.0,0.0,0.0,1.0,1.0,0.0,1.0,0.0,0.0,0.0,8.0,6.0,0.0,0.0,0.0,0.0,0.0,0.0,0.0,0.0,6.0,12.0,1.0,12.05,5.01,2.5,1.49,-2.3000000000000003,0.3,2.3000000000000003,301.0,-0.1,-12.0,1.1,9.3,-82.5,0.0,0.0,219.9,0.0,22.200000000000003,33.7,33.7,37.0,300.0,300.0,29.8,36.3,34.5,34.2,36.4,4.95,2.0,4.96,0.16,0.0,0.0,1027.0,8228.0,0.0,0.0,0.0,0.0,0.0,1.0,0.0,0.0,0.0,-0.001,0.0,-0.8,0.0,-11.4,-12.8,0.015,16.0,25903.0
2026-07-30T18:58:10.979Z,60.462,60.474,-7.5,7.4,0.0,0.0,0.0,0.0,0.0,1.0,1.0,0.0,1.0,0.0,0.0,0.0,8.0,6.0,0.0,0.0,0.0,0.0,0.0,0.0,0.0,0.0,1.0,12.0,1.0,12.05,5.01,2.5,1.49,-2.3000000000000003,0.3,2.3000000000000003,301.1,-0.1,-12.6,1.1,9.3,-82.5,0.0,0.0,219.8,0.0,22.200000000000003,33.7,33.7,37.0,300.0,300.0,29.8,36.3,34.5,34.2,36.4,4.96,2.0,4.96,0.16,0.0,0.0,1027.0,8228.0,0.0,0.0,0.0,0.0,0.0,1.0,0.0,0.0,0.0,-0.001,0.0,-0.7000000000000001,0.0,-11.4,-12.8,0.0157,16.0,25903.0
2026-07-30T18:58:10.992Z,60.475,60.486,-7.5,7.4,0.0,0.0,0.0,0.0,0.0,1.0,1.0,0.0,1.0,0.0,0.0,0.0,8.0,6.0,0.0,0.0,0.0,0.0,0.0,0.0,0.0,0.0,2.0,12.0,1.0,12.06,5.01,2.5,1.5,-2.3000000000000003,0.3,2.3000000000000003,301.1,-0.1,-13.2,1.7000000000000002,7.5,-82.5,0.0,0.0,219.8,0.0,21.9,33.800000000000004,33.7,37.1,300.0,300.0,29.8,36.4,34.5,34.2,36.5,4.95,2.0,4.96,0.16,0.0,0.0,1027.0,8228.0,0.0,0.0,0.0,0.0,0.0,1.0,0.0,0.0,0.0,-0.001,0.0,0.0,0.0,-9.8,-12.8,0.0157,16.0,25903.0
2026-07-30T18:58:11.002Z,60.485,60.498000000000005,-7.5,7.4,0.0,0.0,0.0,0.0,0.0,1.0,1.0,0.0,1.0,0.0,0.0,0.0,8.0,6.0,0.0,0.0,0.0,0.0,0.0,0.0,0.0,0.0,3.0,12.0,1.0,12.06,5.01,2.5,1.5,-2.3000000000000003,0.3,2.3000000000000003,300.90000000000003,-0.1,-13.2,0.5,8.1,-82.5,0.0,0.0,219.8,0.0,21.9,33.800000000000004,33.7,37.1,300.0,300.0,29.8,36.4,34.5,34.2,36.5,4.95,2.0,4.96,0.16,0.0,0.0,1027.0,8228.0,0.0,0.0,0.0,0.0,0.0,1.0,0.0,0.0,0.0,-0.001,0.0,-1.0,0.0,-9.6,-12.7,0.0159,16.0,25903.0
2026-07-30T18:58:11.015Z,60.498,60.51,-7.5,7.4,0.0,0.0,0.0,0.0,0.0,1.0,1.0,0.0,1.0,0.0,0.0,0.0,8.0,6.0,0.0,0.0,0.0,0.0,0.0,0.0,0.0,0.0,4.0,12.0,1.0,12.06,5.01,2.5,1.5,-2.2,0.2,2.2,301.1,-0.1,-12.0,2.9000000000000004,9.3,-82.5,0.0,0.0,219.7,0.0,21.9,33.800000000000004,33.7,37.1,300.0,300.0,29.8,36.4,34.5,34.2,36.5,4.96,2.0,4.96,0.15,0.0,0.0,1027.0,8228.0,0.0,0.0,0.0,0.0,0.0,1.0,0.0,0.0,0.0,-0.001,0.0,0.7000000000000001,0.0,-12.7,-12.8,0.0159,16.0,25903.0
2026-07-30T18:58:11.027Z,60.51,60.522,-7.5,7.4,0.0,0.0,0.0,0.0,0.0,1.0,1.0,0.0,1.0,0.0,0.0,0.0,8.0,6.0,0.0,0.0,0.0,0.0,0.0,0.0,0.0,0.0,5.0,12.0,1.0,12.06,5.01,2.5,1.5,-2.2,0.3,2.2,301.0,-0.1,-12.0,1.7000000000000002,10.4,-82.5,0.0,0.0,219.8,0.0,21.9,33.800000000000004,33.7,37.1,300.0,300.0,29.8,36.4,34.5,34.2,36.5,4.95,2.0,4.96,0.16,0.0,0.0,1027.0,8228.0,0.0,0.0,0.0,0.0,0.0,1.0,0.0,0.0,0.0,-0.001,0.0,-0.5,0.0,-13.2,-12.7,0.0151,16.0,25903.0
2026-07-30T18:58:11.039Z,60.522,60.534,-7.5,7.4,0.0,0.0,0.0,0.0,0.0,1.0,1.0,0.0,1.0,0.0,0.0,0.0,8.0,6.0,0.0,0.0,0.0,0.0,0.0,0.0,0.0,0.0,1.0,12.0,1.0,12.06,5.01,2.5,1.5,-2.2,0.3,2.2,301.1,-0.1,-11.4,1.7000000000000002,10.4,-82.5,0.0,0.0,219.9,0.0,21.9,33.800000000000004,33.7,37.1,300.0,300.0,29.8,36.4,34.5,34.2,36.5,4.95,1.99,4.96,0.16,0.0,0.0,1027.0,8228.0,0.0,0.0,0.0,0.0,0.0,1.0,0.0,0.0,0.0,-0.001,0.0,-0.5,0.0,-13.2,-12.7,0.015,16.0,25903.0
2026-07-30T18:58:11.051Z,60.534,60.546,-7.5,7.4,0.0,0.0,0.0,0.0,0.0,1.0,1.0,0.0,1.0,0.0,0.0,0.0,8.0,6.0,0.0,0.0,0.0,0.0,0.0,0.0,0.0,0.0,2.0,12.0,1.0,12.06,5.01,2.5,1.5,-2.2,0.2,2.2,301.1,-0.1,-10.9,1.7000000000000002,9.9,-82.60000000000001,0.0,0.0,220.0,0.0,21.9,33.800000000000004,33.7,37.1,300.0,300.0,29.8,36.4,34.5,34.2,36.5,4.95,2.0,4.96,0.16,0.0,0.0,1027.0,8228.0,0.0,0.0,0.0,0.0,0.0,1.0,0.0,0.0,0.0,-0.001,0.0,-0.4,0.0,-12.5,-12.7,0.015,16.0,25903.0
2026-07-30T18:58:11.062Z,60.545,60.558,-7.4,7.4,0.0,0.0,0.0,0.0,0.0,1.0,1.0,0.0,1.0,0.0,0.0,0.0,8.0,6.0,0.0,0.0,0.0,0.0,0.0,0.0,0.0,0.0,3.0,12.0,1.0,12.06,5.01,2.5,1.5,-2.1,0.2,2.2,300.90000000000003,-0.1,-10.3,4.0,10.4,-82.60000000000001,0.0,0.0,220.0,0.0,21.9,33.800000000000004,33.7,37.1,300.0,300.0,29.8,36.4,34.5,34.2,36.5,4.95,2.0,4.96,0.16,0.0,0.0,1027.0,8228.0,0.0,0.0,0.0,0.0,0.0,1.0,0.0,0.0,0.0,-0.001,0.0,1.5,0.0,-14.9,-12.7,0.0151,16.0,25903.0
2026-07-30T18:58:11.075Z,60.558,60.57,-7.5,7.4,0.0,0.0,0.0,0.0,0.0,1.0,1.0,0.0,1.0,0.0,0.0,0.0,8.0,6.0,0.0,0.0,0.0,0.0,0.0,0.0,0.0,0.0,4.0,12.0,1.0,12.06,5.01,2.5,1.5,-2.1,0.2,2.1,301.1,-0.1,-10.9,3.5,12.8,-82.60000000000001,0.0,0.0,219.9,0.0,21.9,33.800000000000004,33.7,37.1,300.0,300.0,29.8,36.4,34.5,34.2,36.5,4.96,2.0,4.97,0.16,0.0,0.0,1027.0,8228.0,0.0,0.0,0.0,0.0,0.0,1.0,0.0,0.0,0.0,-0.001,0.0,0.5,0.0,-17.1,-12.8,0.0146,16.0,25903.0
2026-07-30T18:58:11.086Z,60.569,60.582,-7.4,7.4,0.0,0.0,0.0,0.0,0.0,1.0,1.0,0.0,1.0,0.0,0.0,0.0,8.0,6.0,0.0,0.0,0.0,0.0,0.0,0.0,0.0,0.0,5.0,12.0,1.0,12.06,5.01,2.5,1.5,-2.2,0.2,2.2,301.1,-0.1,-10.9,2.3000000000000003,9.9,-82.60000000000001,0.0,0.0,219.9,0.0,21.9,33.800000000000004,33.7,37.1,300.0,300.0,29.8,36.4,34.5,34.2,36.5,4.96,2.0,4.96,0.16,0.0,0.0,1027.0,8228.0,0.0,0.0,0.0,0.0,0.0,1.0,0.0,0.0,0.0,-0.001,0.0,0.1,0.0,-12.9,-12.7,0.0142,16.0,25903.0
2026-07-30T18:58:11.098Z,60.581,60.594,-7.5,7.4,0.0,0.0,0.0,0.0,0.0,1.0,1.0,0.0,1.0,0.0,0.0,0.0,8.0,6.0,0.0,0.0,0.0,0.0,0.0,0.0,0.0,0.0,6.0,12.0,1.0,12.08,5.01,2.51,1.49,-2.1,0.2,2.1,300.90000000000003,-0.1,-10.3,4.0,11.6,-82.60000000000001,0.0,0.0,219.9,0.0,22.200000000000003,33.800000000000004,33.800000000000004,37.1,300.0,300.0,29.9,36.3,34.7,34.300000000000004,36.5,4.96,2.0,4.96,0.16,0.0,0.0,1027.0,8228.0,0.0,0.0,0.0,0.0,0.0,1.0,0.0,0.0,0.0,-0.001,0.0,1.2000000000000002,0.0,-16.3,-12.8,0.0151,16.0,25903.0
2026-07-30T18:58:11.110Z,60.593,60.606,-7.5,7.4,0.0,0.0,0.0,0.0,0.0,1.0,1.0,0.0,1.0,0.0,0.0,0.0,8.0,6.0,0.0,0.0,0.0,0.0,0.0,0.0,0.0,0.0,1.0,12.0,1.0,12.08,5.01,2.51,1.49,-2.2,0.2,2.2,301.1,-0.1,-10.3,2.9000000000000004,10.4,-82.60000000000001,0.0,0.0,219.9,0.0,22.200000000000003,33.800000000000004,33.800000000000004,37.1,300.0,300.0,29.9,36.3,34.7,34.300000000000004,36.5,4.95,2.0,4.96,0.16,0.0,0.0,1027.0,8228.0,0.0,0.0,0.0,0.0,0.0,1.0,0.0,0.0,0.0,-0.001,0.0,0.5,0.0,-14.0,-12.7,0.0142,16.0,25903.0
2026-07-30T18:58:11.122Z,60.605,60.618,-7.4,7.4,0.0,0.0,0.0,0.0,0.0,1.0,1.0,0.0,1.0,0.0,0.0,0.0,8.0,6.0,0.0,0.0,0.0,0.0,0.0,0.0,0.0,0.0,2.0,12.0,1.0,12.08,5.01,2.51,1.49,-2.2,0.2,2.2,301.1,-0.1,-11.4,2.9000000000000004,9.9,-82.60000000000001,0.0,0.0,219.9,0.0,22.200000000000003,33.800000000000004,33.800000000000004,37.1,300.0,300.0,29.9,36.3,34.7,34.300000000000004,36.5,4.96,2.0,4.96,0.16,0.0,0.0,1027.0,8228.0,0.0,0.0,0.0,0.0,0.0,1.0,0.0,0.0,0.0,-0.001,0.0,0.6000000000000001,0.0,-13.4,-12.7,0.0148,16.0,25903.0
2026-07-30T18:58:11.135Z,60.618,60.63,-7.4,7.4,0.0,0.0,0.0,0.0,0.0,1.0,1.0,0.0,1.0,0.0,0.0,0.0,8.0,6.0,0.0,0.0,0.0,0.0,0.0,0.0,0.0,0.0,4.0,12.0,1.0,12.08,5.01,2.51,1.49,-2.2,0.3,2.2,300.90000000000003,-0.1,-11.4,1.7000000000000002,10.4,-82.60000000000001,0.0,0.0,219.9,0.0,22.200000000000003,33.800000000000004,33.800000000000004,37.1,300.0,300.0,29.9,36.3,34.7,34.300000000000004,36.5,4.95,2.0,4.96,0.16,0.0,0.0,1027.0,8228.0,0.0,0.0,0.0,0.0,0.0,1.0,0.0,0.0,0.0,-0.001,0.0,-0.5,0.0,-13.2,-12.8,0.015,16.0,25903.0
2026-07-30T18:58:11.147Z,60.63,60.642,-7.5,7.4,0.0,0.0,0.0,0.0,0.0,1.0,1.0,0.0,1.0,0.0,0.0,0.0,8.0,6.0,0.0,0.0,0.0,0.0,0.0,0.0,0.0,0.0,5.0,12.0,1.0,12.08,5.01,2.51,1.49,-2.2,0.2,2.2,301.1,-0.1,-10.9,2.9000000000000004,9.9,-82.7,0.0,0.0,219.9,0.0,22.200000000000003,33.800000000000004,33.800000000000004,37.1,300.0,300.0,29.9,36.3,34.7,34.300000000000004,36.5,4.95,2.0,4.97,0.16,0.0,0.0,1027.0,8228.0,0.0,0.0,0.0,0.0,0.0,1.0,0.0,0.0,0.0,-0.001,0.0,0.6000000000000001,0.0,-13.4,-12.8,0.0151,16.0,25903.0
2026-07-30T18:58:11.159Z,60.642,60.654,-7.4,7.4,0.0,0.0,0.0,0.0,0.0,1.0,1.0,0.0,1.0,0.0,0.0,0.0,8.0,6.0,0.0,0.0,0.0,0.0,0.0,0.0,0.0,0.0,6.0,12.0,1.0,12.08,5.01,2.51,1.49,-2.2,0.2,2.2,301.1,-0.1,-10.3,2.9000000000000004,10.4,-82.7,0.0,0.0,220.0,0.0,22.200000000000003,33.800000000000004,33.800000000000004,37.1,300.0,300.0,29.9,36.3,34.7,34.300000000000004,36.5,4.95,2.0,4.97,0.16,0.0,0.0,1027.0,8228.0,0.0,0.0,0.0,0.0,0.0,1.0,0.0,0.0,0.0,-0.001,0.0,0.4,0.0,-14.1,-12.7,0.0149,16.0,25903.0
2026-07-30T18:58:11.170Z,60.653,60.666,-7.4,7.4,0.0,0.0,0.0,0.0,0.0,1.0,1.0,0.0,1.0,0.0,0.0,0.0,8.0,6.0,0.0,0.0,0.0,0.0,0.0,0.0,0.0,0.0,1.0,12.0,1.0,12.08,5.01,2.51,1.49,-2.2,0.2,2.2,301.0,-0.1,-10.9,2.9000000000000004,9.3,-82.7,0.0,0.0,220.0,0.0,22.200000000000003,33.800000000000004,33.800000000000004,37.1,300.0,300.0,29.9,36.3,34.7,34.300000000000004,36.5,4.96,2.0,4.96,0.15,0.0,0.0,1027.0,8228.0,0.0,0.0,0.0,0.0,0.0,1.0,0.0,0.0,0.0,-0.001,0.0,0.7000000000000001,0.0,-12.7,-12.8,0.0149,16.0,25903.0
2026-07-30T18:58:11.182Z,60.665,60.678,-7.4,7.4,0.0,0.0,0.0,0.0,0.0,1.0,1.0,0.0,1.0,0.0,0.0,0.0,8.0,6.0,0.0,0.0,0.0,0.0,0.0,0.0,0.0,0.0,3.0,12.0,1.0,12.08,5.01,2.51,1.49,-2.2,0.2,2.2,301.1,-0.1,-10.9,3.5,10.4,-82.7,0.0,0.0,220.0,0.0,22.200000000000003,33.800000000000004,33.800000000000004,37.1,300.0,300.0,29.9,36.3,34.7,34.300000000000004,36.5,4.95,2.0,4.97,0.15,0.0,0.0,1027.0,8228.0,0.0,0.0,0.0,0.0,0.0,1.0,0.0,0.0,0.0,-0.001,0.0,1.0,0.0,-14.5,-12.8,0.0157,16.0,25903.0
2026-07-30T18:58:11.196Z,60.679,60.69,-7.5,7.4,0.0,0.0,0.0,0.0,0.0,1.0,1.0,0.0,1.0,0.0,0.0,0.0,8.0,6.0,0.0,0.0,0.0,0.0,0.0,0.0,0.0,0.0,2.0,12.0,1.0,12.06,5.01,2.5,1.49,-2.2,0.2,2.2,301.1,-0.1,-11.4,3.5,9.3,-82.7,0.0,0.0,220.0,0.0,22.1,33.800000000000004,33.800000000000004,37.1,300.0,300.0,30.0,36.2,34.6,34.2,36.5,4.95,2.0,4.96,0.16,0.0,0.0,1027.0,8228.0,0.0,0.0,0.0,0.0,0.0,1.0,0.0,0.0,0.0,-0.001,0.0,1.2000000000000002,0.0,-13.2,-12.8,0.0162,16.0,25903.0
2026-07-30T18:58:11.207Z,60.69,60.702,-7.4,7.4,0.0,0.0,0.0,0.0,0.0,1.0,1.0,0.0,1.0,0.0,0.0,0.0,8.0,6.0,0.0,0.0,0.0,0.0,0.0,0.0,0.0,0.0,3.0,12.0,1.0,12.06,5.01,2.5,1.49,-2.2,0.2,2.2,301.0,-0.1,-12.0,3.5,9.9,-82.7,0.0,0.0,220.0,0.0,22.1,33.800000000000004,33.800000000000004,37.1,300.0,300.0,30.0,36.2,34.6,34.2,36.5,4.95,2.0,4.96,0.16,0.0,0.0,1027.0,8228.0,0.0,0.0,0.0,0.0,0.0,1.0,0.0,0.0,0.0,-0.001,0.0,1.1,0.0,-13.8,-12.7,0.0155,16.0,25903.0
2026-07-30T18:58:11.218Z,60.701,60.714,-7.4,7.4,0.0,0.0,0.0,0.0,0.0,1.0,1.0,0.0,1.0,0.0,0.0,0.0,8.0,6.0,0.0,0.0,0.0,0.0,0.0,0.0,0.0,0.0,4.0,12.0,1.0,12.06,5.01,2.5,1.49,-2.3000000000000003,0.3,2.3000000000000003,301.0,0.0,-13.2,1.7000000000000002,9.9,-82.7,0.0,0.0,219.9,0.0,22.1,33.800000000000004,33.800000000000004,37.1,300.0,300.0,30.0,36.2,34.6,34.2,36.5,4.96,2.0,4.97,0.16,0.0,0.0,1027.0,8228.0,0.0,0.0,0.0,0.0,0.0,1.0,0.0,0.0,0.0,-0.001,0.0,-0.4,0.0,-12.5,-12.8,0.0155,16.0,25903.0
2026-07-30T18:58:11.230Z,60.713,60.726,-7.4,7.4,0.0,0.0,0.0,0.0,0.0,1.0,1.0,0.0,1.0,0.0,0.0,0.0,8.0,6.0,0.0,0.0,0.0,0.0,0.0,0.0,0.0,0.0,5.0,12.0,1.0,12.06,5.01,2.5,1.49,-2.2,0.2,2.2,301.1,0.0,-12.0,2.3000000000000003,9.9,-82.7,0.0,0.0,219.9,0.0,22.1,33.800000000000004,33.800000000000004,37.1,300.0,300.0,30.0,36.2,34.6,34.2,36.5,4.96,2.0,4.96,0.16,0.0,0.0,1027.0,8228.0,0.0,0.0,0.0,0.0,0.0,1.0,0.0,0.0,0.0,-0.001,0.0,0.1,0.0,-12.9,-12.9,0.0162,16.0,25903.0
2026-07-30T18:58:11.243Z,60.726,60.738,-7.5,7.4,0.0,0.0,0.0,0.0,0.0,1.0,1.0,0.0,1.0,0.0,0.0,0.0,8.0,6.0,0.0,0.0,0.0,0.0,0.0,0.0,0.0,0.0,6.0,12.0,1.0,12.06,5.01,2.5,1.49,-2.2,0.2,2.2,301.0,-0.1,-11.4,2.9000000000000004,10.4,-82.7,0.0,0.0,219.9,0.0,22.1,33.800000000000004,33.800000000000004,37.1,300.0,300.0,30.0,36.2,34.6,34.2,36.5,4.96,2.0,4.97,0.16,0.0,0.0,1027.0,8228.0,0.0,0.0,0.0,0.0,0.0,1.0,0.0,0.0,0.0,-0.001,0.0,0.5,0.0,-14.0,-12.8,0.0152,16.0,25903.0
2026-07-30T18:58:11.254Z,60.737,60.75,-7.5,7.4,0.0,0.0,0.0,0.0,0.0,1.0,1.0,0.0,1.0,0.0,0.0,0.0,8.0,6.0,0.0,0.0,0.0,0.0,0.0,0.0,0.0,0.0,2.0,12.0,1.0,12.06,5.01,2.5,1.49,-2.3000000000000003,0.2,2.3000000000000003,301.1,-0.1,-11.4,1.7000000000000002,9.3,-82.7,0.0,0.0,219.9,0.0,22.1,33.800000000000004,33.800000000000004,37.1,300.0,300.0,30.0,36.2,34.6,34.2,36.5,4.95,2.0,4.97,0.16,0.0,0.0,1027.0,8228.0,0.0,0.0,0.0,0.0,0.0,1.0,0.0,0.0,0.0,-0.001,0.0,0.3,0.0,-11.6,-12.8,0.0153,16.0,25903.0
2026-07-30T18:58:11.267Z,60.75,60.762,-7.5,7.4,0.0,0.0,0.0,0.0,0.0,1.0,1.0,0.0,1.0,0.0,0.0,0.0,8.0,6.0,0.0,0.0,0.0,0.0,0.0,0.0,0.0,0.0,3.0,12.0,1.0,12.06,5.01,2.5,1.49,-2.3000000000000003,0.2,2.3000000000000003,301.0,-0.1,-12.6,2.3000000000000003,8.700000000000001,-82.7,0.0,0.0,219.9,0.0,22.1,33.800000000000004,33.800000000000004,37.1,300.0,300.0,30.0,36.2,34.6,34.2,36.5,4.95,2.0,4.96,0.16,0.0,0.0,1027.0,8228.0,0.0,0.0,0.0,0.0,0.0,1.0,0.0,0.0,0.0,-0.001,0.0,-0.2,0.0,-11.8,-12.8,0.0155,16.0,25903.0
2026-07-30T18:58:11.278Z,60.761,60.774,-7.5,7.4,0.0,0.0,0.0,0.0,0.0,1.0,1.0,0.0,1.0,0.0,0.0,0.0,8.0,6.0,0.0,0.0,0.0,0.0,0.0,0.0,0.0,0.0,5.0,12.0,1.0,12.06,5.01,2.5,1.49,-2.1,0.2,2.1,301.1,-0.1,-13.8,0.5,8.700000000000001,-82.7,0.0,0.0,219.9,0.0,22.1,33.800000000000004,33.800000000000004,37.1,300.0,300.0,30.0,36.2,34.6,34.2,36.5,4.96,1.99,4.96,0.16,0.0,0.0,1027.0,8228.0,0.0,0.0,0.0,0.0,0.0,1.0,0.0,0.0,0.0,-0.001,0.0,0.5,0.0,-17.1,-12.8,0.0154,16.0,25903.0
2026-07-30T18:58:11.291Z,60.774,60.786,-7.5,7.4,0.0,0.0,0.0,0.0,0.0,1.0,1.0,0.0,1.0,0.0,0.0,0.0,8.0,6.0,0.0,0.0,0.0,0.0,0.0,0.0,0.0,0.0,5.0,12.0,1.0,12.06,5.01,2.5,1.49,-2.1,0.2,2.1,301.0,-0.1,-10.3,2.9000000000000004,11.0,-82.7,0.0,0.0,219.9,0.0,22.1,33.800000000000004,33.800000000000004,37.1,300.0,300.0,30.0,36.2,34.6,34.2,36.5,4.96,2.0,4.97,0.16,0.0,0.0,1027.0,8228.0,0.0,0.0,0.0,0.0,0.0,1.0,0.0,0.0,0.0,-0.001,0.0,0.3,0.0,-14.7,-12.8,0.0142,16.0,25903.0
2026-07-30T18:58:11.303Z,60.786,60.798,-7.5,7.4,0.0,0.0,0.0,0.0,0.0,1.0,1.0,0.0,1.0,0.0,0.0,0.0,8.0,6.0,0.0,0.0,0.0,0.0,0.0,0.0,0.0,0.0,1.0,12.0,1.0,12.04,5.0200000000000005,2.51,1.49,-2.2,0.2,2.2,301.0,-0.1,-11.4,2.9000000000000004,8.700000000000001,-82.7,0.0,0.0,219.9,0.0,22.200000000000003,33.800000000000004,33.800000000000004,37.1,300.0,300.0,30.0,36.2,34.6,34.2,36.5,4.95,2.0,4.97,0.16,0.0,0.0,1027.0,8228.0,0.0,0.0,0.0,0.0,0.0,1.0,0.0,0.0,0.0,-0.001,0.0,0.8,0.0,-12.1,-12.7,0.0146,16.0,25903.0
2026-07-30T18:58:11.314Z,60.797,60.81,-7.4,7.4,0.0,0.0,0.0,0.0,0.0,1.0,1.0,0.0,1.0,0.0,0.0,0.0,8.0,6.0,0.0,0.0,0.0,0.0,0.0,0.0,0.0,0.0,2.0,12.0,1.0,12.04,5.0200000000000005,2.51,1.49,-2.2,0.2,2.2,301.1,-0.1,-11.4,2.9000000000000004,11.0,-82.7,0.0,0.0,219.8,0.0,22.200000000000003,33.800000000000004,33.800000000000004,37.1,300.0,300.0,30.0,36.2,34.6,34.2,36.5,4.96,2.0,4.97,0.16,0.0,0.0,1027.0,8228.0,0.0,0.0,0.0,0.0,0.0,1.0,0.0,0.0,0.0,-0.001,0.0,0.4,0.0,-14.7,-12.8,0.0152,16.0,25903.0
2026-07-30T18:58:11.327Z,60.81,60.822,-7.4,7.4,0.0,0.0,0.0,0.0,0.0,1.0,1.0,0.0,1.0,0.0,0.0,0.0,8.0,6.0,0.0,0.0,0.0,0.0,0.0,0.0,0.0,0.0,3.0,12.0,1.0,12.04,5.0200000000000005,2.51,1.49,-2.2,0.3,2.3000000000000003,300.90000000000003,-0.1,-11.4,1.1,9.9,-82.7,0.0,0.0,219.8,0.0,22.200000000000003,33.800000000000004,33.800000000000004,37.1,300.0,300.0,30.0,36.2,34.6,34.2,36.5,4.96,2.0,4.96,0.16,0.0,0.0,1027.0,8228.0,0.0,0.0,0.0,0.0,0.0,1.0,0.0,0.0,0.0,-0.001,0.0,-0.9,0.0,-12.1,-12.8,0.0148,16.0,25903.0
2026-07-30T18:58:11.338Z,60.821,60.834,-7.5,7.4,0.0,0.0,0.0,0.0,0.0,1.0,1.0,0.0,1.0,0.0,0.0,0.0,8.0,6.0,0.0,0.0,0.0,0.0,0.0,0.0,0.0,0.0,5.0,12.0,1.0,12.04,5.0200000000000005,2.51,1.49,-2.2,0.2,2.2,301.0,-0.1,-11.4,2.3000000000000003,10.4,-82.7,0.0,0.0,220.0,0.0,22.200000000000003,33.800000000000004,33.800000000000004,37.1,300.0,300.0,30.0,36.2,34.6,34.2,36.5,4.96,2.0,4.96,0.17,0.0,0.0,1027.0,8228.0,0.0,0.0,0.0,0.0,0.0,1.0,0.0,0.0,0.0,-0.001,0.0,0.0,0.0,-13.6,-12.8,0.0153,16.0,25903.0
2026-07-30T18:58:11.351Z,60.834,60.846,-7.4,7.4,0.0,0.0,0.0,0.0,0.0,1.0,1.0,0.0,1.0,0.0,0.0,0.0,8.0,6.0,0.0,0.0,0.0,0.0,0.0,0.0,0.0,0.0,6.0,12.0,1.0,12.04,5.0200000000000005,2.51,1.49,-2.2,0.2,2.2,301.0,-0.1,-11.4,2.3000000000000003,11.0,-82.7,0.0,0.0,220.0,0.0,22.200000000000003,33.800000000000004,33.800000000000004,37.1,300.0,300.0,30.0,36.2,34.6,34.2,36.5,4.95,2.0,4.96,0.16,0.0,0.0,1027.0,8228.0,0.0,0.0,0.0,0.0,0.0,1.0,0.0,0.0,0.0,-0.001,0.0,-0.1,0.0,-14.3,-12.7,0.0147,16.0,25903.0
2026-07-30T18:58:11.362Z,60.845,60.858,-7.4,7.4,0.0,0.0,0.0,0.0,0.0,1.0,1.0,0.0,1.0,0.0,0.0,0.0,8.0,6.0,0.0,0.0,0.0,0.0,0.0,0.0,0.0,0.0,2.0,12.0,1.0,12.04,5.0200000000000005,2.51,1.49,-2.2,0.2,2.2,301.0,-0.1,-11.4,2.9000000000000004,11.0,-82.7,0.0,0.0,219.9,0.0,22.200000000000003,33.800000000000004,33.800000000000004,37.1,300.0,300.0,30.0,36.2,34.6,34.2,36.5,4.95,2.0,4.96,0.16,0.0,0.0,1027.0,8228.0,0.0,0.0,0.0,0.0,0.0,1.0,0.0,0.0,0.0,-0.001,0.0,0.3,0.0,-14.7,-12.8,0.0148,16.0,25903.0
2026-07-30T18:58:11.375Z,60.858,60.870000000000005,-7.4,7.4,0.0,0.0,0.0,0.0,0.0,1.0,1.0,0.0,1.0,0.0,0.0,0.0,8.0,6.0,0.0,0.0,0.0,0.0,0.0,0.0,0.0,0.0,3.0,12.0,1.0,12.04,5.0200000000000005,2.51,1.49,-2.3000000000000003,0.3,2.3000000000000003,301.1,-0.1,-11.4,1.1,9.9,-82.7,0.0,0.0,219.7,0.0,22.200000000000003,33.800000000000004,33.800000000000004,37.1,300.0,300.0,30.0,36.2,34.6,34.2,36.5,4.95,2.0,4.96,0.16,0.0,0.0,1027.0,8228.0,0.0,0.0,0.0,0.0,0.0,1.0,0.0,0.0,0.0,-0.001,0.0,-0.9,0.0,-12.1,-12.9,0.0148,16.0,25903.0
2026-07-30T18:58:11.386Z,60.869,60.882,-7.5,7.4,0.0,0.0,0.0,0.0,0.0,1.0,1.0,0.0,1.0,0.0,0.0,0.0,8.0,6.0,0.0,0.0,0.0,0.0,0.0,0.0,0.0,0.0,5.0,12.0,1.0,12.04,5.0200000000000005,2.51,1.49,-2.1,0.2,2.1,301.0,-0.1,-12.0,4.0,11.6,-82.7,0.0,0.0,219.6,0.0,22.200000000000003,33.800000000000004,33.800000000000004,37.1,300.0,300.0,30.0,36.2,34.6,34.2,36.5,4.95,2.0,4.96,0.16,0.0,0.0,1027.0,8228.0,0.0,0.0,0.0,0.0,0.0,1.0,0.0,0.0,0.0,-0.001,0.0,1.3,0.0,-16.2,-12.8,0.0155,16.0,25903.0
2026-07-30T18:58:11.400Z,60.883,60.894,-7.5,7.4,0.0,0.0,0.0,0.0,0.0,1.0,1.0,0.0,1.0,0.0,0.0,0.0,8.0,6.0,0.0,0.0,0.0,0.0,0.0,0.0,0.0,0.0,6.0,12.0,1.0,12.04,5.01,2.51,1.49,-2.2,0.2,2.2,301.1,-0.1,-12.0,2.3000000000000003,9.3,-82.60000000000001,0.0,0.0,219.8,0.0,22.200000000000003,33.800000000000004,33.800000000000004,37.1,300.0,300.0,29.9,36.3,34.6,34.300000000000004,36.6,4.95,2.0,4.96,0.16,0.0,0.0,1027.0,8228.0,0.0,0.0,0.0,0.0,0.0,1.0,0.0,0.0,0.0,-0.001,0.0,0.2,0.0,-12.3,-12.7,0.0143,16.0,25903.0
2026-07-30T18:58:11.410Z,60.893,60.906,-7.4,7.4,0.0,0.0,0.0,0.0,0.0,1.0,1.0,0.0,1.0,0.0,0.0,0.0,8.0,6.0,0.0,0.0,0.0,0.0,0.0,0.0,0.0,0.0,2.0,12.0,1.0,12.04,5.01,2.51,1.49,-2.2,0.3,2.3000000000000003,301.0,-0.1,-12.6,1.1,9.9,-82.60000000000001,0.0,0.0,219.8,0.0,22.200000000000003,33.800000000000004,33.800000000000004,37.1,300.0,300.0,29.9,36.3,34.6,34.300000000000004,36.6,4.95,2.0,4.96,0.15,0.0,0.0,1027.0,8228.0,0.0,0.0,0.0,0.0,0.0,1.0,0.0,0.0,0.0,-0.001,0.0,-0.9,0.0,-12.1,-12.7,0.0152,16.0,25903.0
2026-07-30T18:58:11.422Z,60.905,60.918,-7.4,7.4,0.0,0.0,0.0,0.0,0.0,1.0,1.0,0.0,1.0,0.0,0.0,0.0,8.0,6.0,0.0,0.0,0.0,0.0,0.0,0.0,0.0,0.0,3.0,12.0,1.0,12.04,5.01,2.51,1.49,-2.2,0.3,2.2,301.0,0.0,-12.0,1.7000000000000002,10.4,-82.60000000000001,0.0,0.0,219.8,0.0,22.200000000000003,33.800000000000004,33.800000000000004,37.1,300.0,300.0,29.9,36.3,34.6,34.300000000000004,36.6,4.95,2.0,4.96,0.15,0.0,0.0,1027.0,8228.0,0.0,0.0,0.0,0.0,0.0,1.0,0.0,0.0,0.0,-0.001,0.0,-0.5,0.0,-13.2,-12.8,0.0154,16.0,25903.0
2026-07-30T18:58:11.435Z,60.918,60.93,-7.5,7.4,0.0,0.0,0.0,0.0,0.0,1.0,1.0,0.0,1.0,0.0,0.0,0.0,8.0,6.0,0.0,0.0,0.0,0.0,0.0,0.0,0.0,0.0,4.0,12.0,1.0,12.04,5.01,2.51,1.49,-2.2,0.3,2.3000000000000003,301.0,-0.1,-12.0,1.7000000000000002,9.3,-82.60000000000001,0.0,0.0,219.8,0.0,22.200000000000003,33.800000000000004,33.800000000000004,37.1,300.0,300.0,29.9,36.3,34.6,34.300000000000004,36.6,4.95,2.0,4.96,0.16,0.0,0.0,1027.0,8228.0,0.0,0.0,0.0,0.0,0.0,1.0,0.0,0.0,0.0,-0.001,0.0,-0.2,0.0,-11.8,-12.8,0.0152,16.0,25903.0
2026-07-30T18:58:11.446Z,60.929,60.942,-7.4,7.4,0.0,0.0,0.0,0.0,0.0,1.0,1.0,0.0,1.0,0.0,0.0,0.0,8.0,6.0,0.0,0.0,0.0,0.0,0.0,0.0,0.0,0.0,6.0,12.0,1.0,12.04,5.01,2.51,1.49,-2.2,0.3,2.2,301.1,0.0,-12.6,1.7000000000000002,10.4,-82.60000000000001,0.0,0.0,219.8,0.0,22.200000000000003,33.800000000000004,33.800000000000004,37.1,300.0,300.0,29.9,36.3,34.6,34.300000000000004,36.6,4.96,2.0,4.96,0.16,0.0,0.0,1027.0,8228.0,0.0,0.0,0.0,0.0,0.0,1.0,0.0,0.0,0.0,-0.001,0.0,-0.5,0.0,-13.2,-12.8,0.0154,16.0,25903.0
2026-07-30T18:58:11.459Z,60.942,60.954,-7.4,7.4,0.0,0.0,0.0,0.0,0.0,1.0,1.0,0.0,1.0,0.0,0.0,0.0,8.0,6.0,0.0,0.0,0.0,0.0,0.0,0.0,0.0,0.0,1.0,12.0,1.0,12.04,5.01,2.51,1.49,-2.3000000000000003,0.3,2.3000000000000003,301.0,0.0,-12.6,1.1,8.700000000000001,-82.60000000000001,0.0,0.0,219.9,0.0,22.200000000000003,33.800000000000004,33.800000000000004,37.1,300.0,300.0,29.9,36.3,34.6,34.300000000000004,36.6,4.96,2.0,4.97,0.16,0.0,0.0,1027.0,8228.0,0.0,0.0,0.0,0.0,0.0,1.0,0.0,0.0,0.0,-0.001,0.0,-0.7000000000000001,0.0,-10.7,-12.8,0.0152,16.0,25903.0
2026-07-30T18:58:11.470Z,60.953,60.966,-7.4,7.4,0.0,0.0,0.0,0.0,0.0,1.0,1.0,0.0,1.0,0.0,0.0,0.0,8.0,6.0,0.0,0.0,0.0,0.0,0.0,0.0,0.0,0.0,3.0,12.0,1.0,12.04,5.01,2.51,1.49,-2.3000000000000003,0.3,2.4000000000000004,301.1,0.0,-13.8,0.0,9.3,-82.60000000000001,0.0,0.0,220.0,0.0,22.200000000000003,33.800000000000004,33.800000000000004,37.1,300.0,300.0,29.9,36.3,34.6,34.300000000000004,36.6,4.95,2.0,4.97,0.16,0.0,0.0,1027.0,8228.0,0.0,0.0,0.0,0.0,0.0,1.0,0.0,0.0,0.0,-0.001,0.0,-1.8,0.0,-10.5,-12.9,0.0159,16.0,25903.0
2026-07-30T18:58:11.483Z,60.966,60.978,-7.5,7.4,0.0,0.0,0.0,0.0,0.0,1.0,1.0,0.0,1.0,0.0,0.0,0.0,8.0,6.0,0.0,0.0,0.0,0.0,0.0,0.0,0.0,0.0,5.0,12.0,1.0,12.04,5.01,2.51,1.49,-2.3000000000000003,0.2,2.4000000000000004,301.0,-0.1,-13.2,1.1,7.5,-82.7,0.0,0.0,219.9,0.0,22.200000000000003,33.800000000000004,33.800000000000004,37.1,300.0,300.0,29.9,36.3,34.6,34.300000000000004,36.6,4.95,2.0,4.96,0.16,0.0,0.0,1027.0,8228.0,0.0,0.0,0.0,0.0,0.0,1.0,0.0,0.0,0.0,-0.001,0.0,-0.4,0.0,-9.4,-12.9,0.0159,16.0,25903.0
2026-07-30T18:58:11.494Z,60.977,60.99,-7.5,7.4,0.0,0.0,0.0,0.0,0.0,1.0,1.0,0.0,1.0,0.0,0.0,0.0,8.0,6.0,0.0,0.0,0.0,0.0,0.0,0.0,0.0,0.0,6.0,12.0,1.0,12.04,5.01,2.51,1.49,-2.2,0.2,2.2,301.0,-0.1,-13.2,1.7000000000000002,9.9,-82.7,0.0,0.0,220.0,0.0,22.200000000000003,33.800000000000004,33.800000000000004,37.1,300.0,300.0,29.9,36.3,34.6,34.300000000000004,36.6,4.96,2.0,4.96,0.16,0.0,0.0,1027.0,8228.0,0.0,0.0,0.0,0.0,0.0,1.0,0.0,0.0,0.0,-0.001,0.0,-0.4,0.0,-12.5,-12.7,0.016,16.0,25903.0
2026-07-30T18:58:11.514Z,60.997,61.002,-7.5,7.4,0.0,0.0,0.0,0.0,0.0,1.0,1.0,0.0,1.0,0.0,0.0,0.0,8.0,6.0,0.0,0.0,0.0,0.0,0.0,0.0,0.0,0.0,1.0,12.0,1.0,12.04,5.01,2.5,1.49,-2.3000000000000003,0.3,2.3000000000000003,301.1,-0.1,-13.2,1.1,9.3,-82.7,0.0,0.0,219.9,0.0,22.200000000000003,33.800000000000004,33.800000000000004,37.1,300.0,300.0,29.9,36.4,34.6,34.300000000000004,36.6,4.95,2.0,4.96,0.16,0.0,0.0,1027.0,8228.0,0.0,0.0,0.0,0.0,0.0,1.0,0.0,0.0,0.0,-0.001,0.0,-0.8,0.0,-11.4,-12.7,0.0153,16.0,25903.0
2026-07-30T18:58:11.519Z,61.002,61.014,-7.4,7.4,0.0,0.0,0.0,0.0,0.0,1.0,1.0,0.0,1.0,0.0,0.0,0.0,8.0,6.0,0.0,0.0,0.0,0.0,0.0,0.0,0.0,0.0,6.0,12.0,1.0,12.04,5.01,2.5,1.49,-2.3000000000000003,0.2,2.3000000000000003,301.0,-0.1,-13.2,1.7000000000000002,8.700000000000001,-82.7,0.0,0.0,219.8,0.0,22.200000000000003,33.800000000000004,33.800000000000004,37.1,300.0,300.0,29.9,36.4,34.6,34.300000000000004,36.6,4.96,2.0,4.96,0.16,0.0,0.0,1027.0,8228.0,0.0,0.0,0.0,0.0,0.0,1.0,0.0,0.0,0.0,-0.001,0.0,-0.1,0.0,-11.2,-12.8,0.0155,16.0,25903.0
2026-07-30T18:58:11.530Z,61.013,61.026,-7.5,7.4,0.0,0.0,0.0,0.0,0.0,1.0,1.0,0.0,1.0,0.0,0.0,0.0,8.0,6.0,0.0,0.0,0.0,0.0,0.0,0.0,0.0,0.0,6.0,12.0,1.0,12.04,5.01,2.5,1.49,-2.2,0.2,2.3000000000000003,301.0,-0.1,-13.2,1.7000000000000002,9.9,-82.7,0.0,0.0,219.9,0.0,22.200000000000003,33.800000000000004,33.800000000000004,37.1,300.0,300.0,29.9,36.4,34.6,34.300000000000004,36.6,4.96,2.0,4.96,0.16,0.0,0.0,1027.0,8228.0,0.0,0.0,0.0,0.0,0.0,1.0,0.0,0.0,0.0,-0.001,0.0,-0.4,0.0,-12.5,-12.9,0.0157,16.0,25903.0
2026-07-30T18:58:11.543Z,61.026,61.038,-7.5,7.4,0.0,0.0,0.0,0.0,0.0,1.0,1.0,0.0,1.0,0.0,0.0,0.0,8.0,6.0,0.0,0.0,0.0,0.0,0.0,0.0,0.0,0.0,1.0,12.0,1.0,12.04,5.01,2.5,1.49,-2.2,0.2,2.2,301.1,-0.1,-12.0,4.0,10.4,-82.7,0.0,0.0,219.9,0.0,22.200000000000003,33.800000000000004,33.800000000000004,37.1,300.0,300.0,29.9,36.4,34.6,34.300000000000004,36.6,4.95,2.0,4.96,0.16,0.0,0.0,1027.0,8228.0,0.0,0.0,0.0,0.0,0.0,1.0,0.0,0.0,0.0,-0.001,0.0,1.5,0.0,-14.9,-12.8,0.0154,16.0,25903.0
2026-07-30T18:58:11.555Z,61.038,61.05,-7.5,7.4,0.0,0.0,0.0,0.0,0.0,1.0,1.0,0.0,1.0,0.0,0.0,0.0,8.0,6.0,0.0,0.0,0.0,0.0,0.0,0.0,0.0,0.0,2.0,12.0,1.0,12.04,5.01,2.5,1.49,-2.2,0.2,2.2,301.1,-0.1,-11.4,1.7000000000000002,9.9,-82.7,0.0,0.0,220.0,0.0,22.200000000000003,33.800000000000004,33.800000000000004,37.1,300.0,300.0,29.9,36.4,34.6,34.300000000000004,36.6,4.95,2.0,4.97,0.16,0.0,0.0,1027.0,8228.0,0.0,0.0,0.0,0.0,0.0,1.0,0.0,0.0,0.0,-0.001,0.0,-0.4,0.0,-12.5,-12.7,0.0147,16.0,25903.0
2026-07-30T18:58:11.566Z,61.049,61.062000000000005,-7.5,7.4,0.0,0.0,0.0,0.0,0.0,1.0,1.0,0.0,1.0,0.0,0.0,0.0,8.0,6.0,0.0,0.0,0.0,0.0,0.0,0.0,0.0,0.0,4.0,12.0,1.0,12.04,5.01,2.5,1.49,-2.1,0.2,2.2,300.90000000000003,-0.1,-10.9,2.9000000000000004,11.0,-82.80000000000001,0.0,0.0,220.1,0.0,22.200000000000003,33.800000000000004,33.800000000000004,37.1,300.0,300.0,29.9,36.4,34.6,34.300000000000004,36.6,4.96,2.0,4.96,0.16,0.0,0.0,1027.0,8228.0,0.0,0.0,0.0,0.0,0.0,1.0,0.0,0.0,0.0,-0.001,0.0,0.3,0.0,-14.7,-12.7,0.0152,16.0,25903.0
2026-07-30T18:58:11.579Z,61.062,61.074,-7.5,7.4,0.0,0.0,0.0,0.0,0.0,1.0,1.0,0.0,1.0,0.0,0.0,0.0,8.0,6.0,0.0,0.0,0.0,0.0,0.0,0.0,0.0,0.0,5.0,12.0,1.0,12.04,5.01,2.5,1.49,-2.2,0.2,2.2,301.1,-0.1,-9.7,3.5,10.4,-82.80000000000001,0.0,0.0,220.1,0.0,22.200000000000003,33.800000000000004,33.800000000000004,37.1,300.0,300.0,29.9,36.4,34.6,34.300000000000004,36.6,4.96,2.0,4.96,0.16,0.0,0.0,1027.0,8228.0,0.0,0.0,0.0,0.0,0.0,1.0,0.0,0.0,0.0,-0.001,0.0,0.9,0.0,-14.5,-12.7,0.0147,16.0,25903.0
2026-07-30T18:58:11.591Z,61.074,61.086,-7.5,7.4,0.0,0.0,0.0,0.0,0.0,1.0,1.0,0.0,1.0,0.0,0.0,0.0,8.0,6.0,0.0,0.0,0.0,0.0,0.0,0.0,0.0,0.0,6.0,12.0,1.0,12.04,5.01,2.5,1.49,-2.1,0.2,2.1,300.90000000000003,-0.1,-10.3,3.5,12.8,-82.80000000000001,0.0,0.0,220.0,0.0,22.200000000000003,33.800000000000004,33.800000000000004,37.1,300.0,300.0,29.9,36.4,34.6,34.300000000000004,36.6,4.95,1.99,4.96,0.16,0.0,0.0,1027.0,8228.0,0.0,0.0,0.0,0.0,0.0,1.0,0.0,0.0,0.0,-0.001,0.0,0.5,0.0,-17.2,-12.7,0.0147,16.0,25903.0
2026-07-30T18:58:11.603Z,61.086,61.098,-7.5,7.4,0.0,0.0,0.0,0.0,0.0,1.0,1.0,0.0,1.0,0.0,0.0,0.0,8.0,6.0,0.0,0.0,0.0,0.0,0.0,0.0,0.0,0.0,1.0,12.0,1.0,12.05,5.01,2.5,1.49,-2.2,0.2,2.2,300.90000000000003,-0.1,-10.9,2.3000000000000003,9.9,-82.80000000000001,0.0,0.0,219.9,0.0,21.0,33.800000000000004,33.800000000000004,37.1,300.0,300.0,29.9,36.4,34.5,34.1,36.5,4.96,1.99,4.96,0.16,0.0,0.0,1027.0,8228.0,0.0,0.0,0.0,0.0,0.0,1.0,0.0,0.0,0.0,-0.001,0.0,0.1,0.0,-12.9,-12.7,0.0141,16.0,25903.0
2026-07-30T18:58:11.615Z,61.098,61.11,-7.5,7.4,0.0,0.0,0.0,0.0,0.0,1.0,1.0,0.0,1.0,0.0,0.0,0.0,8.0,6.0,0.0,0.0,0.0,0.0,0.0,0.0,0.0,0.0,2.0,12.0,1.0,12.05,5.01,2.5,1.49,-2.1,0.2,2.1,301.1,-0.1,-9.7,3.5,11.0,-82.80000000000001,0.0,0.0,219.9,0.0,21.0,33.800000000000004,33.800000000000004,37.1,300.0,300.0,29.9,36.4,34.5,34.1,36.5,4.95,2.0,4.96,0.16,0.0,0.0,1027.0,8228.0,0.0,0.0,0.0,0.0,0.0,1.0,0.0,0.0,0.0,-0.001,0.0,0.9,0.0,-15.1,-12.7,0.0151,16.0,25903.0
2026-07-30T18:58:11.626Z,61.109,61.122,-7.4,7.4,0.0,0.0,0.0,0.0,0.0,1.0,1.0,0.0,1.0,0.0,0.0,0.0,8.0,6.0,0.0,0.0,0.0,0.0,0.0,0.0,0.0,0.0,4.0,12.0,1.0,12.05,5.01,2.5,1.49,-2.1,0.2,2.1,300.90000000000003,-0.1,-10.9,3.5,11.6,-82.80000000000001,0.0,0.0,220.0,0.0,21.0,33.800000000000004,33.800000000000004,37.1,300.0,300.0,29.9,36.4,34.5,34.1,36.5,4.95,2.0,4.96,0.16,0.0,0.0,1027.0,8228.0,0.0,0.0,0.0,0.0,0.0,1.0,0.0,0.0,0.0,-0.001,0.0,0.7000000000000001,0.0,-15.8,-12.7,0.0145,16.0,25903.0
2026-07-30T18:58:11.638Z,61.121,61.134,-7.4,7.4,0.0,0.0,0.0,0.0,0.0,1.0,1.0,0.0,1.0,0.0,0.0,0.0,8.0,6.0,0.0,0.0,0.0,0.0,0.0,0.0,0.0,0.0,5.0,12.0,1.0,12.05,5.01,2.5,1.49,-2.2,0.2,2.2,301.0,-0.1,-11.4,2.9000000000000004,9.9,-82.80000000000001,0.0,0.0,220.0,0.0,21.0,33.800000000000004,33.800000000000004,37.1,300.0,300.0,29.9,36.4,34.5,34.1,36.5,4.96,2.0,4.96,0.17,0.0,0.0,1027.0,8228.0,0.0,0.0,0.0,0.0,0.0,1.0,0.0,0.0,0.0,-0.001,0.0,0.6000000000000001,0.0,-13.4,-12.7,0.0143,16.0,25903.0
2026-07-30T18:58:11.651Z,61.134,61.146,-7.4,7.4,0.0,0.0,0.0,0.0,0.0,1.0,1.0,0.0,1.0,0.0,0.0,0.0,8.0,6.0,0.0,0.0,0.0,0.0,0.0,0.0,0.0,0.0,6.0,12.0,1.0,12.05,5.01,2.5,1.49,-2.2,0.2,2.2,301.1,-0.1,-10.9,3.5,10.4,-82.80000000000001,0.0,0.0,220.0,0.0,21.0,33.800000000000004,33.800000000000004,37.1,300.0,300.0,29.9,36.4,34.5,34.1,36.5,4.96,2.0,4.96,0.16,0.0,0.0,1027.0,8228.0,0.0,0.0,0.0,0.0,0.0,1.0,0.0,0.0,0.0,-0.001,0.0,1.0,0.0,-14.5,-12.8,0.015,16.0,25903.0
2026-07-30T18:58:11.662Z,61.145,61.158,-7.4,7.4,0.0,0.0,0.0,0.0,0.0,1.0,1.0,0.0,1.0,0.0,0.0,0.0,8.0,6.0,0.0,0.0,0.0,0.0,0.0,0.0,0.0,0.0,2.0,12.0,1.0,12.05,5.01,2.5,1.49,-2.2,0.2,2.2,300.90000000000003,-0.1,-12.0,2.3000000000000003,10.4,-82.80000000000001,0.0,0.0,219.9,0.0,21.0,33.800000000000004,33.800000000000004,37.1,300.0,300.0,29.9,36.4,34.5,34.1,36.5,4.95,2.0,4.96,0.16,0.0,0.0,1027.0,8228.0,0.0,0.0,0.0,0.0,0.0,1.0,0.0,0.0,0.0,-0.001,0.0,0.0,0.0,-13.6,-12.9,0.0149,16.0,25903.0
2026-07-30T18:58:11.675Z,61.158,61.17,-7.5,7.4,0.0,0.0,0.0,0.0,0.0,1.0,1.0,0.0,1.0,0.0,0.0,0.0,8.0,6.0,0.0,0.0,0.0,0.0,0.0,0.0,0.0,0.0,3.0,12.0,1.0,12.05,5.01,2.5,1.49,-2.2,0.2,2.2,300.90000000000003,-0.1,-11.4,2.3000000000000003,10.4,-82.80000000000001,0.0,0.0,219.8,0.0,21.0,33.800000000000004,33.800000000000004,37.1,300.0,300.0,29.9,36.4,34.5,34.1,36.5,4.95,2.0,4.96,0.16,0.0,0.0,1027.0,8228.0,0.0,0.0,0.0,0.0,0.0,1.0,0.0,0.0,0.0,-0.001,0.0,0.0,0.0,-13.6,-12.8,0.0151,16.0,25903.0
2026-07-30T18:58:11.687Z,61.17,61.182,-7.5,7.4,0.0,0.0,0.0,0.0,0.0,1.0,1.0,0.0,1.0,0.0,0.0,0.0,8.0,6.0,0.0,0.0,0.0,0.0,0.0,0.0,0.0,0.0,4.0,12.0,1.0,12.05,5.01,2.5,1.49,-2.2,0.2,2.2,301.1,-0.1,-10.9,2.9000000000000004,9.9,-82.80000000000001,0.0,0.0,220.0,0.0,21.0,33.800000000000004,33.800000000000004,37.1,300.0,300.0,29.9,36.4,34.5,34.1,36.5,4.95,2.0,4.96,0.16,0.0,0.0,1027.0,8228.0,0.0,0.0,0.0,0.0,0.0,1.0,0.0,0.0,0.0,-0.001,0.0,0.6000000000000001,0.0,-13.4,-12.7,0.015,16.0,25903.0
2026-07-30T18:58:11.699Z,61.182,61.194,-7.5,7.4,0.0,0.0,0.0,0.0,0.0,1.0,1.0,0.0,1.0,0.0,0.0,0.0,8.0,6.0,0.0,0.0,0.0,0.0,0.0,0.0,0.0,0.0,5.0,12.0,1.0,12.05,5.01,2.5,1.49,-2.2,0.2,2.2,301.0,-0.1,-11.4,2.9000000000000004,9.9,-82.80000000000001,0.0,0.0,220.0,0.0,21.0,33.800000000000004,33.800000000000004,37.1,300.0,300.0,29.9,36.4,34.5,34.1,36.5,4.95,2.0,4.96,0.16,0.0,0.0,1027.0,8228.0,0.0,0.0,0.0,0.0,0.0,1.0,0.0,0.0,0.0,-0.001,0.0,0.6000000000000001,0.0,-13.4,-12.7,0.0152,16.0,25903.0
2026-07-30T18:58:11.711Z,61.194,61.206,-7.4,7.4,0.0,0.0,0.0,0.0,0.0,1.0,1.0,0.0,1.0,0.0,0.0,0.0,8.0,6.0,0.0,0.0,0.0,0.0,0.0,0.0,0.0,0.0,6.0,12.0,1.0,12.06,5.0200000000000005,2.51,1.49,-2.3000000000000003,0.3,2.3000000000000003,301.0,0.0,-11.4,1.1,9.3,-82.80000000000001,0.0,0.0,219.9,0.0,22.1,33.800000000000004,33.800000000000004,37.2,300.0,300.0,29.9,36.2,34.5,34.2,36.6,4.96,2.0,4.96,0.16,0.0,0.0,1027.0,8228.0,0.0,0.0,0.0,0.0,0.0,1.0,0.0,0.0,0.0,-0.001,0.0,-0.8,0.0,-11.4,-12.7,0.0156,16.0,25903.0
2026-07-30T18:58:11.723Z,61.206,61.218,-7.5,7.4,0.0,0.0,0.0,0.0,0.0,1.0,1.0,0.0,1.0,0.0,0.0,0.0,8.0,6.0,0.0,0.0,0.0,0.0,0.0,0.0,0.0,0.0,1.0,12.0,1.0,12.06,5.0200000000000005,2.51,1.49,-2.3000000000000003,0.2,2.3000000000000003,301.1,-0.1,-12.6,1.7000000000000002,8.1,-82.7,0.0,0.0,219.9,0.0,22.1,33.800000000000004,33.800000000000004,37.2,300.0,300.0,29.9,36.2,34.5,34.2,36.6,4.96,2.0,4.96,0.16,0.0,0.0,1027.0,8228.0,0.0,0.0,0.0,0.0,0.0,1.0,0.0,0.0,0.0,-0.001,0.0,0.0,0.0,-10.5,-12.8,0.0156,16.0,25903.0
2026-07-30T18:58:11.734Z,61.217,61.23,-7.4,7.4,0.0,0.0,0.0,0.0,0.0,1.0,1.0,0.0,1.0,0.0,0.0,0.0,8.0,6.0,0.0,0.0,0.0,0.0,0.0,0.0,0.0,0.0,3.0,12.0,1.0,12.06,5.0200000000000005,2.51,1.49,-2.3000000000000003,0.2,2.3000000000000003,301.0,-0.1,-11.4,1.7000000000000002,8.700000000000001,-82.7,0.0,0.0,219.9,0.0,22.1,33.800000000000004,33.800000000000004,37.2,300.0,300.0,29.9,36.2,34.5,34.2,36.6,4.96,2.0,4.96,0.16,0.0,0.0,1027.0,8228.0,0.0,0.0,0.0,0.0,0.0,1.0,0.0,0.0,0.0,-0.001,0.0,-0.1,0.0,-11.2,-12.6,0.015,16.0,25903.0
2026-07-30T18:58:11.747Z,61.23,61.242,-7.4,7.4,0.0,0.0,0.0,0.0,0.0,1.0,1.0,0.0,1.0,0.0,0.0,0.0,8.0,6.0,0.0,0.0,0.0,0.0,0.0,0.0,0.0,0.0,4.0,12.0,1.0,12.06,5.0200000000000005,2.51,1.49,-2.2,0.3,2.3000000000000003,301.1,-0.1,-12.6,1.1,9.9,-82.7,0.0,0.0,219.9,0.0,22.1,33.800000000000004,33.800000000000004,37.2,300.0,300.0,29.9,36.2,34.5,34.2,36.6,4.96,2.0,4.97,0.16,0.0,0.0,1027.0,8228.0,0.0,0.0,0.0,0.0,0.0,1.0,0.0,0.0,0.0,-0.001,0.0,-0.9,0.0,-12.1,-12.8,0.0151,16.0,25903.0
2026-07-30T18:58:11.759Z,61.242,61.254,-7.4,7.4,0.0,0.0,0.0,0.0,0.0,1.0,1.0,0.0,1.0,0.0,0.0,0.0,8.0,6.0,0.0,0.0,0.0,0.0,0.0,0.0,0.0,0.0,5.0,12.0,1.0,12.06,5.0200000000000005,2.51,1.49,-2.3000000000000003,0.3,2.3000000000000003,301.1,-0.1,-12.0,1.7000000000000002,8.1,-82.7,0.0,0.0,219.9,0.0,22.1,33.800000000000004,33.800000000000004,37.2,300.0,300.0,29.9,36.2,34.5,34.2,36.6,4.95,1.99,4.96,0.16,0.0,0.0,1027.0,8228.0,0.0,0.0,0.0,0.0,0.0,1.0,0.0,0.0,0.0,-0.001,0.0,0.0,0.0,-12.9,-12.8,0.0147,16.0,25903.0
2026-07-30T18:58:11.771Z,61.254,61.266,-7.5,7.4,0.0,0.0,0.0,0.0,0.0,1.0,1.0,0.0,1.0,0.0,0.0,0.0,8.0,6.0,0.0,0.0,0.0,0.0,0.0,0.0,0.0,0.0,6.0,12.0,1.0,12.06,5.0200000000000005,2.51,1.49,-2.2,0.2,2.2,301.0,-0.1,-11.4,2.3000000000000003,10.4,-82.7,0.0,0.0,219.8,0.0,22.1,33.800000000000004,33.800000000000004,37.2,300.0,300.0,29.9,36.2,34.5,34.2,36.6,4.95,2.0,4.96,0.16,0.0,0.0,1027.0,8228.0,0.0,0.0,0.0,0.0,0.0,1.0,0.0,0.0,0.0,-0.001,0.0,0.3,0.0,-11.6,-12.8,0.0151,16.0,25903.0
2026-07-30T18:58:11.783Z,61.266,61.278,-7.5,7.4,0.0,0.0,0.0,0.0,0.0,1.0,1.0,0.0,1.0,0.0,0.0,0.0,8.0,6.0,0.0,0.0,0.0,0.0,0.0,0.0,0.0,0.0,2.0,12.0,1.0,12.06,5.0200000000000005,2.51,1.49,-2.2,0.2,2.2,301.0,-0.1,-13.2,0.5,7.5,-82.7,0.0,0.0,219.9,0.0,22.1,33.800000000000004,33.800000000000004,37.2,300.0,300.0,29.9,36.2,34.5,34.2,36.6,4.95,2.0,4.96,0.16,0.0,0.0,1027.0,8228.0,0.0,0.0,0.0,0.0,0.0,1.0,0.0,0.0,0.0,-0.001,0.0,0.6000000000000001,0.0,-13.4,-12.7,0.0154,16.0,25903.0
2026-07-30T18:58:11.795Z,61.278,61.29,-7.4,7.4,0.0,0.0,0.0,0.0,0.0,1.0,1.0,0.0,1.0,0.0,0.0,0.0,8.0,6.0,0.0,0.0,0.0,0.0,0.0,0.0,0.0,0.0,4.0,12.0,1.0,12.06,5.0200000000000005,2.51,1.49,-2.2,0.2,2.2,300.90000000000003,-0.1,-12.6,1.1,8.1,-82.7,0.0,0.0,219.9,0.0,22.1,33.800000000000004,33.800000000000004,37.2,300.0,300.0,29.9,36.2,34.5,34.2,36.6,4.96,2.0,4.97,0.16,0.0,0.0,1027.0,8228.0,0.0,0.0,0.0,0.0,0.0,1.0,0.0,0.0,0.0,-0.001,0.0,0.0,0.0,-12.9,-12.7,0.0149,16.0,25903.0
2026-07-30T18:58:11.807Z,61.29,61.302,-7.4,7.4,0.0,0.0,0.0,0.0,0.0,1.0,1.0,0.0,1.0,0.0,0.0,0.0,8.0,6.0,0.0,0.0,0.0,0.0,0.0,0.0,0.0,0.0,5.0,12.0,1.0,12.05,5.01,2.5,1.49,-2.1,0.2,2.1,301.1,-0.1,-11.4,3.5,11.0,-82.7,0.0,0.0,219.9,0.0,22.1,33.9,33.800000000000004,37.2,300.0,300.0,29.9,36.3,34.6,34.300000000000004,36.6,4.96,2.0,4.96,0.16,0.0,0.0,1027.0,8228.0,0.0,0.0,0.0,0.0,0.0,1.0,0.0,0.0,0.0,-0.001,0.0,0.9,0.0,-15.1,-12.8,0.0151,16.0,25903.0
2026-07-30T18:58:11.823Z,61.306,61.314,-7.5,7.4,0.0,0.0,0.0,0.0,0.0,1.0,1.0,0.0,1.0,0.0,0.0,0.0,8.0,6.0,0.0,0.0,0.0,0.0,0.0,0.0,0.0,0.0,6.0,12.0,1.0,12.05,5.01,2.5,1.49,-2.2,0.2,2.2,300.90000000000003,-0.1,-10.3,2.9000000000000004,9.3,-82.7,0.0,0.0,219.8,0.0,22.1,33.9,33.800000000000004,37.2,300.0,300.0,29.9,36.3,34.6,34.300000000000004,36.6,4.96,2.0,4.96,0.15,0.0,0.0,1027.0,8228.0,0.0,0.0,0.0,0.0,0.0,1.0,0.0,0.0,0.0,-0.001,0.0,0.7000000000000001,0.0,-12.7,-12.8,0.0146,16.0,25903.0
2026-07-30T18:58:11.831Z,61.314,61.326,-7.4,7.4,0.0,0.0,0.0,0.0,0.0,1.0,1.0,0.0,1.0,0.0,0.0,0.0,8.0,6.0,0.0,0.0,0.0,0.0,0.0,0.0,0.0,0.0,5.0,12.0,1.0,12.05,5.01,2.5,1.49,-2.2,0.2,2.2,301.1,-0.1,-10.3,2.9000000000000004,11.0,-82.60000000000001,0.0,0.0,219.8,0.0,22.1,33.9,33.800000000000004,37.2,300.0,300.0,29.9,36.3,34.6,34.300000000000004,36.6,4.95,2.0,4.96,0.16,0.0,0.0,1027.0,8228.0,0.0,0.0,0.0,0.0,0.0,1.0,0.0,0.0,0.0,-0.001,0.0,0.4,0.0,-14.7,-12.8,0.0151,16.0,25903.0
2026-07-30T18:58:11.842Z,61.325,61.338,-7.4,7.4,0.0,0.0,0.0,0.0,0.0,1.0,1.0,0.0,1.0,0.0,0.0,0.0,8.0,6.0,0.0,0.0,0.0,0.0,0.0,0.0,0.0,0.0,6.0,12.0,1.0,12.05,5.01,2.5,1.49,-2.2,0.3,2.2,301.1,-0.1,-12.6,2.3000000000000003,11.0,-82.60000000000001,0.0,0.0,219.8,0.0,22.1,33.9,33.800000000000004,37.2,300.0,300.0,29.9,36.3,34.6,34.300000000000004,36.6,4.96,2.0,4.97,0.16,0.0,0.0,1027.0,8228.0,0.0,0.0,0.0,0.0,0.0,1.0,0.0,0.0,0.0,-0.001,0.0,-0.1,0.0,-14.3,-12.8,0.0148,16.0,25903.0
2026-07-30T18:58:11.855Z,61.338,61.35,-7.4,7.4,0.0,0.0,0.0,0.0,0.0,1.0,1.0,0.0,1.0,0.0,0.0,0.0,8.0,6.0,0.0,0.0,0.0,0.0,0.0,0.0,0.0,0.0,1.0,12.0,1.0,12.05,5.01,2.5,1.49,-2.3000000000000003,0.3,2.3000000000000003,301.0,-0.1,-11.4,1.1,8.700000000000001,-82.60000000000001,0.0,0.0,219.8,0.0,22.1,33.9,33.800000000000004,37.2,300.0,300.0,29.9,36.3,34.6,34.300000000000004,36.6,4.96,2.0,4.96,0.16,0.0,0.0,1027.0,8228.0,0.0,0.0,0.0,0.0,0.0,1.0,0.0,0.0,0.0,-0.001,0.0,-0.6000000000000001,0.0,-10.7,-12.9,0.015,16.0,25903.0
2026-07-30T18:58:11.867Z,61.35,61.362,-7.5,7.4,0.0,0.0,0.0,0.0,0.0,1.0,1.0,0.0,1.0,0.0,0.0,0.0,8.0,6.0,0.0,0.0,0.0,0.0,0.0,0.0,0.0,0.0,2.0,12.0,1.0,12.05,5.01,2.5,1.49,-2.2,0.2,2.2,301.1,-0.1,-10.9,2.3000000000000003,10.4,-82.60000000000001,0.0,0.0,219.8,0.0,22.1,33.9,33.800000000000004,37.2,300.0,300.0,29.9,36.3,34.6,34.300000000000004,36.6,4.96,2.0,4.96,0.16,0.0,0.0,1027.0,8228.0,0.0,0.0,0.0,0.0,0.0,1.0,0.0,0.0,0.0,-0.001,0.0,0.0,0.0,-13.6,-12.8,0.0157,16.0,25903.0
2026-07-30T18:58:11.879Z,61.362,61.374,-7.5,7.4,0.0,0.0,0.0,0.0,0.0,1.0,1.0,0.0,1.0,0.0,0.0,0.0,8.0,6.0,0.0,0.0,0.0,0.0,0.0,0.0,0.0,0.0,3.0,12.0,1.0,12.05,5.01,2.5,1.49,-2.2,0.2,2.2,301.1,-0.1,-11.4,2.9000000000000004,11.0,-82.60000000000001,0.0,0.0,219.8,0.0,22.1,33.9,33.800000000000004,37.2,300.0,300.0,29.9,36.3,34.6,34.300000000000004,36.6,4.95,2.0,4.96,0.16,0.0,0.0,1027.0,8228.0,0.0,0.0,0.0,0.0,0.0,1.0,0.0,0.0,0.0,-0.001,0.0,0.4,0.0,-14.7,-12.7,0.0149,16.0,25903.0
2026-07-30T18:58:11.891Z,61.374,61.386,-7.4,7.4,0.0,0.0,0.0,0.0,0.0,1.0,1.0,0.0,1.0,0.0,0.0,0.0,8.0,6.0,0.0,0.0,0.0,0.0,0.0,0.0,0.0,0.0,4.0,12.0,1.0,12.05,5.01,2.5,1.49,-2.3000000000000003,0.2,2.3000000000000003,301.0,0.0,-11.4,2.9000000000000004,8.700000000000001,-82.60000000000001,0.0,0.0,219.8,0.0,22.1,33.9,33.800000000000004,37.2,300.0,300.0,29.9,36.3,34.6,34.300000000000004,36.6,4.96,2.0,4.96,0.17,0.0,0.0,1027.0,8228.0,0.0,0.0,0.0,0.0,0.0,1.0,0.0,0.0,0.0,-0.001,0.0,0.8,0.0,-12.0,-12.7,0.0147,16.0,25903.0
2026-07-30T18:58:11.903Z,61.386,61.398,-7.4,7.4,0.0,0.0,0.0,0.0,0.0,1.0,1.0,0.0,1.0,0.0,0.0,0.0,8.0,6.0,0.0,0.0,0.0,0.0,0.0,0.0,0.0,0.0,4.0,12.0,1.0,12.05,5.01,2.5,1.49,-2.3000000000000003,0.3,2.3000000000000003,301.1,0.0,-12.6,1.1,9.9,-82.60000000000001,0.0,0.0,219.8,0.0,22.1,33.9,33.800000000000004,37.2,300.0,300.0,29.9,36.3,34.6,34.300000000000004,36.6,4.95,2.0,4.97,0.17,0.0,0.0,1027.0,8228.0,0.0,0.0,0.0,0.0,0.0,1.0,0.0,0.0,0.0,-0.001,0.0,-0.9,0.0,-12.1,-12.9,0.0155,16.0,25903.0
2026-07-30T18:58:11.914Z,61.397,61.41,-7.5,7.4,0.0,0.0,0.0,0.0,0.0,1.0,1.0,0.0,1.0,0.0,0.0,0.0,8.0,6.0,0.0,0.0,0.0,0.0,0.0,0.0,0.0,0.0,6.0,12.0,1.0,12.05,5.01,2.5,1.5,-2.2,0.2,2.2,301.1,-0.1,-11.4,3.5,9.3,-82.60000000000001,0.0,0.0,219.7,0.0,21.700000000000003,33.9,33.9,37.2,300.0,300.0,30.0,36.4,34.6,34.300000000000004,36.5,4.95,1.99,4.96,0.16,0.0,0.0,1027.0,8228.0,0.0,0.0,0.0,0.0,0.0,1.0,0.0,0.0,0.0,-0.001,0.0,1.3,0.0,-13.1,-12.9,0.0156,16.0,25903.0
2026-07-30T18:58:11.927Z,61.41,61.422,-7.5,7.4,0.0,0.0,0.0,0.0,0.0,1.0,1.0,0.0,1.0,0.0,0.0,0.0,8.0,6.0,0.0,0.0,0.0,0.0,0.0,0.0,0.0,0.0,1.0,12.0,1.0,12.05,5.01,2.5,1.5,-2.3000000000000003,0.2,2.3000000000000003,301.0,0.0,-12.0,2.3000000000000003,8.700000000000001,-82.60000000000001,0.0,0.0,219.8,0.0,21.700000000000003,33.9,33.9,37.2,300.0,300.0,30.0,36.4,34.6,34.300000000000004,36.5,4.96,2.0,4.96,0.16,0.0,0.0,1027.0,8228.0,0.0,0.0,0.0,0.0,0.0,1.0,0.0,0.0,0.0,-0.001,0.0,0.3,0.0,-11.6,-12.7,0.0151,16.0,25903.0
2026-07-30T18:58:11.939Z,61.422,61.434000000000005,-7.4,7.4,0.0,0.0,0.0,0.0,0.0,1.0,1.0,0.0,1.0,0.0,0.0,0.0,8.0,6.0,0.0,0.0,0.0,0.0,0.0,0.0,0.0,0.0,2.0,12.0,1.0,12.05,5.01,2.5,1.5,-2.3000000000000003,0.3,2.3000000000000003,301.1,0.0,-12.0,1.1,9.3,-82.60000000000001,0.0,0.0,219.8,0.0,21.700000000000003,33.9,33.9,37.2,300.0,300.0,30.0,36.4,34.6,34.300000000000004,36.5,4.95,2.0,4.97,0.16,0.0,0.0,1027.0,8228.0,0.0,0.0,0.0,0.0,0.0,1.0,0.0,0.0,0.0,-0.001,0.0,-0.7000000000000001,0.0,-11.4,-12.8,0.0155,16.0,25903.0
2026-07-30T18:58:11.951Z,61.434,61.446,-7.4,7.4,0.0,0.0,0.0,0.0,0.0,1.0,1.0,0.0,1.0,0.0,0.0,0.0,8.0,6.0,0.0,0.0,0.0,0.0,0.0,0.0,0.0,0.0,4.0,12.0,1.0,12.05,5.01,2.5,1.5,-2.3000000000000003,0.3,2.3000000000000003,301.0,0.0,-12.6,1.1,8.700000000000001,-82.60000000000001,0.0,0.0,219.8,0.0,21.700000000000003,33.9,33.9,37.2,300.0,300.0,30.0,36.4,34.6,34.300000000000004,36.5,4.96,2.0,4.97,0.16,0.0,0.0,1027.0,8228.0,0.0,0.0,0.0,0.0,0.0,1.0,0.0,0.0,0.0,-0.001,0.0,-0.6000000000000001,0.0,-10.7,-12.8,0.0156,16.0,25903.0
2026-07-30T18:58:11.962Z,61.445,61.458,-7.4,7.4,0.0,0.0,0.0,0.0,0.0,1.0,1.0,0.0,1.0,0.0,0.0,0.0,8.0,6.0,0.0,0.0,0.0,0.0,0.0,0.0,0.0,0.0,5.0,12.0,1.0,12.05,5.01,2.5,1.5,-2.2,0.2,2.3000000000000003,301.0,0.0,-13.2,2.9000000000000004,9.3,-82.60000000000001,0.0,0.0,219.8,0.0,21.700000000000003,33.9,33.9,37.2,300.0,300.0,30.0,36.4,34.6,34.300000000000004,36.5,4.96,2.0,4.96,0.17,0.0,0.0,1027.0,8228.0,0.0,0.0,0.0,0.0,0.0,1.0,0.0,0.0,0.0,-0.001,0.0,0.7000000000000001,0.0,-12.7,-12.8,0.0158,16.0,25903.0
2026-07-30T18:58:11.975Z,61.458,61.47,-7.5,7.4,0.0,0.0,0.0,0.0,0.0,1.0,1.0,0.0,1.0,0.0,0.0,0.0,8.0,6.0,0.0,0.0,0.0,0.0,0.0,0.0,0.0,0.0,6.0,12.0,1.0,12.05,5.01,2.5,1.5,-2.3000000000000003,0.3,2.3000000000000003,301.0,-0.1,-13.2,1.1,8.700000000000001,-82.5,0.0,0.0,219.7,0.0,21.700000000000003,33.9,33.9,37.2,300.0,300.0,30.0,36.4,34.6,34.300000000000004,36.5,4.95,2.0,4.96,0.16,0.0,0.0,1027.0,8228.0,0.0,0.0,0.0,0.0,0.0,1.0,0.0,0.0,0.0,-0.001,0.0,-0.6000000000000001,0.0,-10.8,-12.8,0.0154,16.0,25903.0
2026-07-30T18:58:11.987Z,61.47,61.482,-7.5,7.4,0.0,0.0,0.0,0.0,0.0,1.0,1.0,0.0,1.0,0.0,0.0,0.0,8.0,6.0,0.0,0.0,0.0,0.0,0.0,0.0,0.0,0.0,1.0,12.0,1.0,12.05,5.01,2.5,1.5,-2.2,0.3,2.3000000000000003,300.90000000000003,-0.1,-13.2,1.7000000000000002,9.9,-82.5,0.0,0.0,219.7,0.0,21.700000000000003,33.9,33.9,37.2,300.0,300.0,30.0,36.4,34.6,34.300000000000004,36.5,4.95,2.0,4.96,0.16,0.0,0.0,1027.0,8228.0,0.0,0.0,0.0,0.0,0.0,1.0,0.0,0.0,0.0,-0.001,0.0,-0.3,0.0,-12.5,-12.7,0.0158,16.0,25903.0
2026-07-30T18:58:11.999Z,61.482,61.494,-7.5,7.4,0.0,0.0,0.0,0.0,0.0,1.0,1.0,0.0,1.0,0.0,0.0,0.0,8.0,6.0,0.0,0.0,0.0,0.0,0.0,0.0,0.0,0.0,2.0,12.0,1.0,12.05,5.01,2.5,1.5,-2.3000000000000003,0.3,2.3000000000000003,301.0,-0.1,-13.2,1.7000000000000002,8.1,-82.5,0.0,0.0,219.8,0.0,21.700000000000003,33.9,33.9,37.2,300.0,300.0,30.0,36.4,34.6,34.300000000000004,36.5,4.96,2.0,4.96,0.16,0.0,0.0,1027.0,8228.0,0.0,0.0,0.0,0.0,0.0,1.0,0.0,0.0,0.0,-0.001,0.0,0.0,0.0,-10.5,-12.7,0.0153,16.0,25903.0
2026-07-30T18:58:12.012Z,61.495,61.506,-7.5,7.4,0.0,0.0,0.0,0.0,0.0,1.0,1.0,0.0,1.0,0.0,0.0,0.0,8.0,6.0,0.0,0.0,0.0,0.0,0.0,0.0,0.0,0.0,3.0,12.0,1.0,12.05,5.01,2.51,1.49,-2.3000000000000003,0.2,2.3000000000000003,301.1,-0.1,-12.0,1.7000000000000002,8.1,-82.5,0.0,0.0,219.8,0.0,22.4,33.9,33.9,37.2,300.0,300.0,29.9,36.4,34.6,34.300000000000004,36.6,4.96,2.0,4.96,0.16,0.0,0.0,1027.0,8228.0,0.0,0.0,0.0,0.0,0.0,1.0,0.0,0.0,0.0,-0.001,0.0,0.0,0.0,-10.5,-12.7,0.0156,16.0,25903.0
2026-07-30T18:58:12.023Z,61.506,61.518,-7.4,7.4,0.0,0.0,0.0,0.0,0.0,1.0,1.0,0.0,1.0,0.0,0.0,0.0,8.0,6.0,0.0,0.0,0.0,0.0,0.0,0.0,0.0,0.0,5.0,12.0,1.0,12.05,5.01,2.51,1.49,-2.2,0.2,2.2,300.90000000000003,-0.1,-12.6,2.3000000000000003,10.4,-82.5,0.0,0.0,219.8,0.0,22.4,33.9,33.9,37.2,300.0,300.0,29.9,36.4,34.6,34.300000000000004,36.6,4.95,2.0,4.96,0.16,0.0,0.0,1027.0,8228.0,0.0,0.0,0.0,0.0,0.0,1.0,0.0,0.0,0.0,-0.001,0.0,0.0,0.0,-13.6,-12.7,0.0156,16.0,25903.0
2026-07-30T18:58:12.035Z,61.518,61.53,-7.4,7.4,0.0,0.0,0.0,0.0,0.0,1.0,1.0,0.0,1.0,0.0,0.0,0.0,8.0,6.0,0.0,0.0,0.0,0.0,0.0,0.0,0.0,0.0,6.0,12.0,1.0,12.05,5.01,2.51,1.49,-2.3000000000000003,0.3,2.3000000000000003,301.0,-0.1,-12.6,1.7000000000000002,9.3,-82.5,0.0,0.0,219.8,0.0,22.4,33.9,33.9,37.2,300.0,300.0,29.9,36.4,34.6,34.300000000000004,36.6,4.96,2.0,4.97,0.16,0.0,0.0,1027.0,8228.0,0.0,0.0,0.0,0.0,0.0,1.0,0.0,0.0,0.0,-0.001,0.0,-0.2,0.0,-11.8,-12.8,0.015,16.0,25903.0
2026-07-30T18:58:12.046Z,61.529,61.542,-7.4,7.4,0.0,0.0,0.0,0.0,0.0,1.0,1.0,0.0,1.0,0.0,0.0,0.0,8.0,6.0,0.0,0.0,0.0,0.0,0.0,0.0,0.0,0.0,1.0,12.0,1.0,12.05,5.01,2.51,1.49,-2.2,0.3,2.2,301.1,-0.1,-12.0,2.3000000000000003,9.9,-82.5,0.0,0.0,219.7,0.0,22.4,33.9,33.9,37.2,300.0,300.0,29.9,36.4,34.6,34.300000000000004,36.6,4.96,2.0,4.97,0.16,0.0,0.0,1027.0,8228.0,0.0,0.0,0.0,0.0,0.0,1.0,0.0,0.0,0.0,-0.001,0.0,0.1,0.0,-12.9,-12.9,0.0156,16.0,25903.0
2026-07-30T18:58:12.058Z,61.541,61.554,-7.5,7.4,0.0,0.0,0.0,0.0,0.0,1.0,1.0,0.0,1.0,0.0,0.0,0.0,8.0,6.0,0.0,0.0,0.0,0.0,0.0,0.0,0.0,0.0,2.0,12.0,1.0,12.05,5.01,2.51,1.49,-2.1,0.2,2.2,300.90000000000003,-0.1,-11.4,4.0,10.4,-82.5,0.0,0.0,219.7,0.0,22.4,33.9,33.9,37.2,300.0,300.0,29.9,36.4,34.6,34.300000000000004,36.6,4.96,2.0,4.96,0.16,0.0,0.0,1027.0,8228.0,0.0,0.0,0.0,0.0,0.0,1.0,0.0,0.0,0.0,-0.001,0.0,1.5,0.0,-14.9,-12.8,0.0152,16.0,25903.0
2026-07-30T18:58:12.070Z,61.553,61.566,-7.5,7.4,0.0,0.0,0.0,0.0,0.0,1.0,1.0,0.0,1.0,0.0,0.0,0.0,8.0,6.0,0.0,0.0,0.0,0.0,0.0,0.0,0.0,0.0,3.0,12.0,1.0,12.05,5.01,2.51,1.49,-2.1,0.2,2.2,301.1,-0.1,-10.3,2.9000000000000004,11.0,-82.5,0.0,0.0,219.8,0.0,22.4,33.9,33.9,37.2,300.0,300.0,29.9,36.4,34.6,34.300000000000004,36.6,4.95,2.0,4.96,0.16,0.0,0.0,1027.0,8228.0,0.0,0.0,0.0,0.0,0.0,1.0,0.0,0.0,0.0,-0.001,0.0,0.4,0.0,-14.7,-12.7,0.0146,16.0,25903.0
2026-07-30T18:58:12.083Z,61.566,61.578,-7.4,7.4,0.0,0.0,0.0,0.0,0.0,1.0,1.0,0.0,1.0,0.0,0.0,0.0,8.0,6.0,0.0,0.0,0.0,0.0,0.0,0.0,0.0,0.0,5.0,12.0,1.0,12.05,5.01,2.51,1.49,-2.1,0.3,2.2,301.1,-0.1,-10.9,2.3000000000000003,11.6,-82.5,0.0,0.0,219.8,0.0,22.4,33.9,33.9,37.2,300.0,300.0,29.9,36.4,34.6,34.300000000000004,36.6,4.95,2.0,4.96,0.16,0.0,0.0,1027.0,8228.0,0.0,0.0,0.0,0.0,0.0,1.0,0.0,0.0,0.0,-0.001,0.0,-0.2,0.0,-14.9,-12.7,0.0147,16.0,25903.0
2026-07-30T18:58:12.095Z,61.578,61.59,-7.4,7.4,0.0,0.0,0.0,0.0,0.0,1.0,1.0,0.0,1.0,0.0,0.0,0.0,8.0,6.0,0.0,0.0,0.0,0.0,0.0,0.0,0.0,0.0,6.0,12.0,1.0,12.05,5.01,2.51,1.49,-2.1,0.2,2.2,300.90000000000003,-0.1,-10.3,2.9000000000000004,11.6,-82.5,0.0,0.0,219.8,0.0,22.4,33.9,33.9,37.2,300.0,300.0,29.9,36.4,34.6,34.300000000000004,36.6,4.95,2.0,4.96,0.16,0.0,0.0,1027.0,8228.0,0.0,0.0,0.0,0.0,0.0,1.0,0.0,0.0,0.0,-0.001,0.0,0.3,0.0,-15.4,-12.8,0.0147,16.0,25903.0
2026-07-30T18:58:12.106Z,61.589,61.602,-7.5,7.4,0.0,0.0,0.0,0.0,0.0,1.0,1.0,0.0,1.0,0.0,0.0,0.0,8.0,6.0,0.0,0.0,0.0,0.0,0.0,0.0,0.0,0.0,1.0,12.0,1.0,12.05,5.01,2.51,1.49,-2.1,0.2,2.1,301.0,-0.1,-10.9,2.9000000000000004,11.6,-82.5,0.0,0.0,219.7,0.0,22.4,33.9,33.9,37.2,300.0,300.0,29.9,36.4,34.6,34.300000000000004,36.6,4.95,2.0,4.97,0.16,0.0,0.0,1027.0,8228.0,0.0,0.0,0.0,0.0,0.0,1.0,0.0,0.0,0.0,-0.001,0.0,0.3,0.0,-15.4,-12.8,0.0146,16.0,25903.0
2026-07-30T18:58:12.119Z,61.602,61.614,-7.5,7.4,0.0,0.0,0.0,0.0,0.0,1.0,1.0,0.0,1.0,0.0,0.0,0.0,8.0,6.0,0.0,0.0,0.0,0.0,0.0,0.0,0.0,0.0,2.0,12.0,1.0,12.04,5.0200000000000005,2.51,1.49,-2.2,0.2,2.2,301.1,-0.1,-11.4,2.9000000000000004,9.9,-82.4,0.0,0.0,219.7,0.0,22.1,33.9,33.9,37.2,300.0,300.0,29.9,36.3,34.6,34.4,36.5,4.95,2.0,4.97,0.16,0.0,0.0,1027.0,8228.0,0.0,0.0,0.0,0.0,0.0,1.0,0.0,0.0,0.0,-0.001,0.0,0.6000000000000001,0.0,-13.4,-12.7,0.0146,16.0,25903.0
2026-07-30T18:58:12.130Z,61.613,61.626000000000005,-7.4,7.4,0.0,0.0,0.0,0.0,0.0,1.0,1.0,0.0,1.0,0.0,0.0,0.0,8.0,6.0,0.0,0.0,0.0,0.0,0.0,0.0,0.0,0.0,3.0,12.0,1.0,12.04,5.0200000000000005,2.51,1.49,-2.3000000000000003,0.3,2.3000000000000003,301.0,-0.1,-12.6,1.7000000000000002,9.3,-82.4,0.0,0.0,219.7,0.0,22.1,33.9,33.9,37.2,300.0,300.0,29.9,36.3,34.6,34.4,36.5,4.96,2.0,4.96,0.16,0.0,0.0,1027.0,8228.0,0.0,0.0,0.0,0.0,0.0,1.0,0.0,0.0,0.0,-0.001,0.0,-0.2,0.0,-11.8,-12.7,0.015,16.0,25903.0
2026-07-30T18:58:12.143Z,61.626,61.638,-7.4,7.4,0.0,0.0,0.0,0.0,0.0,1.0,1.0,0.0,1.0,0.0,0.0,0.0,8.0,6.0,0.0,0.0,0.0,0.0,0.0,0.0,0.0,0.0,2.0,12.0,1.0,12.04,5.0200000000000005,2.51,1.49,-2.1,0.2,2.2,301.1,-0.1,-10.3,2.9000000000000004,11.6,-82.4,0.0,0.0,219.7,0.0,22.1,33.9,33.9,37.2,300.0,300.0,29.9,36.3,34.6,34.4,36.5,4.95,2.0,4.96,0.16,0.0,0.0,1027.0,8228.0,0.0,0.0,0.0,0.0,0.0,1.0,0.0,0.0,0.0,-0.001,0.0,0.3,0.0,-15.4,-12.8,0.0155,16.0,25903.0
2026-07-30T18:58:12.154Z,61.637,61.65,-7.5,7.4,0.0,0.0,0.0,0.0,0.0,1.0,1.0,0.0,1.0,0.0,0.0,0.0,8.0,6.0,0.0,0.0,0.0,0.0,0.0,0.0,0.0,0.0,3.0,12.0,1.0,12.04,5.0200000000000005,2.51,1.49,-2.2,0.2,2.2,301.1,-0.1,-10.9,2.9000000000000004,9.9,-82.4,0.0,0.0,219.7,0.0,22.1,33.9,33.9,37.2,300.0,300.0,29.9,36.3,34.6,34.4,36.5,4.95,2.0,4.97,0.16,0.0,0.0,1027.0,8228.0,0.0,0.0,0.0,0.0,0.0,1.0,0.0,0.0,0.0,-0.001,0.0,0.6000000000000001,0.0,-13.4,-12.8,0.0147,16.0,25903.0
2026-07-30T18:58:12.167Z,61.65,61.662,-7.5,7.4,0.0,0.0,0.0,0.0,0.0,1.0,1.0,0.0,1.0,0.0,0.0,0.0,8.0,6.0,0.0,0.0,0.0,0.0,0.0,0.0,0.0,0.0,4.0,12.0,1.0,12.04,5.0200000000000005,2.51,1.49,-2.2,0.2,2.2,300.90000000000003,-0.1,-12.0,2.9000000000000004,10.4,-82.4,0.0,0.0,219.8,0.0,22.1,33.9,33.9,37.2,300.0,300.0,29.9,36.3,34.6,34.4,36.5,4.95,2.0,4.97,0.16,0.0,0.0,1027.0,8228.0,0.0,0.0,0.0,0.0,0.0,1.0,0.0,0.0,0.0,-0.001,0.0,0.5,0.0,-14.0,-12.7,0.015,16.0,25903.0
2026-07-30T18:58:12.178Z,61.661,61.674,-7.5,7.4,0.0,0.0,0.0,0.0,0.0,1.0,1.0,0.0,1.0,0.0,0.0,0.0,8.0,6.0,0.0,0.0,0.0,0.0,0.0,0.0,0.0,0.0,5.0,12.0,1.0,12.04,5.0200000000000005,2.51,1.49,-2.2,0.3,2.2,301.0,-0.1,-12.0,1.7000000000000002,9.9,-82.4,0.0,0.0,219.8,0.0,22.1,33.9,33.9,37.2,300.0,300.0,29.9,36.3,34.6,34.4,36.5,4.95,2.0,4.96,0.16,0.0,0.0,1027.0,8228.0,0.0,0.0,0.0,0.0,0.0,1.0,0.0,0.0,0.0,-0.001,0.0,-0.3,0.0,-12.5,-12.8,0.0149,16.0,25903.0
2026-07-30T18:58:12.190Z,61.673,61.686,-7.5,7.4,0.0,0.0,0.0,0.0,0.0,1.0,1.0,0.0,1.0,0.0,0.0,0.0,8.0,6.0,0.0,0.0,0.0,0.0,0.0,0.0,0.0,0.0,6.0,12.0,1.0,12.04,5.0200000000000005,2.51,1.49,-2.2,0.2,2.2,301.0,-0.1,-12.0,2.3000000000000003,9.3,-82.5,0.0,0.0,219.9,0.0,22.1,33.9,33.9,37.2,300.0,300.0,29.9,36.3,34.6,34.4,36.5,4.95,2.0,4.97,0.16,0.0,0.0,1027.0,8228.0,0.0,0.0,0.0,0.0,0.0,1.0,0.0,0.0,0.0,-0.001,0.0,0.2,0.0,-12.3,-12.7,0.0153,16.0,25903.0
2026-07-30T18:58:12.203Z,61.686,61.698,-7.5,7.4,0.0,0.0,0.0,0.0,0.0,1.0,1.0,0.0,1.0,0.0,0.0,0.0,8.0,6.0,0.0,0.0,0.0,0.0,0.0,0.0,0.0,0.0,1.0,12.0,1.0,12.04,5.0200000000000005,2.51,1.49,-2.1,0.2,2.2,301.0,-0.1,-10.9,2.3000000000000003,11.0,-82.5,0.0,0.0,219.9,0.0,22.1,33.9,33.9,37.2,300.0,300.0,29.9,36.3,34.6,34.4,36.5,4.95,2.0,4.96,0.16,0.0,0.0,1027.0,8228.0,0.0,0.0,0.0,0.0,0.0,1.0,0.0,0.0,0.0,-0.001,0.0,-0.1,0.0,-14.3,-12.7,0.0152,16.0,25903.0
2026-07-30T18:58:12.219Z,61.702,61.71,-7.5,7.4,0.0,0.0,0.0,0.0,0.0,1.0,1.0,0.0,1.0,0.0,0.0,0.0,8.0,6.0,0.0,0.0,0.0,0.0,0.0,0.0,0.0,0.0,2.0,12.0,1.0,12.05,5.0200000000000005,2.5,1.49,-2.2,0.2,2.2,301.1,-0.1,-10.9,2.3000000000000003,10.4,-82.4,0.0,0.0,219.7,0.0,21.9,33.9,33.9,37.2,300.0,300.0,30.0,36.2,34.7,34.300000000000004,36.5,4.96,2.0,4.96,0.16,0.0,0.0,1027.0,8228.0,0.0,0.0,0.0,0.0,0.0,1.0,0.0,0.0,0.0,-0.001,0.0,0.0,0.0,-13.6,-12.7,0.016,16.0,25903.0
2026-07-30T18:58:12.226Z,61.709,61.722,-7.4,7.4,0.0,0.0,0.0,0.0,0.0,1.0,1.0,0.0,1.0,0.0,0.0,0.0,8.0,6.0,0.0,0.0,0.0,0.0,0.0,0.0,0.0,0.0,3.0,12.0,1.0,12.05,5.0200000000000005,2.5,1.49,-2.2,0.3,2.2,300.90000000000003,-0.1,-11.4,1.7000000000000002,9.9,-82.4,0.0,0.0,219.8,0.0,21.9,33.9,33.9,37.2,300.0,300.0,30.0,36.2,34.7,34.300000000000004,36.5,4.95,2.0,4.97,0.16,0.0,0.0,1027.0,8228.0,0.0,0.0,0.0,0.0,0.0,1.0,0.0,0.0,0.0,-0.001,0.0,-0.4,0.0,-12.5,-12.7,0.0156,16.0,25903.0
2026-07-30T18:58:12.239Z,61.722,61.734,-7.4,7.4,0.0,0.0,0.0,0.0,0.0,1.0,1.0,0.0,1.0,0.0,0.0,0.0,8.0,6.0,0.0,0.0,0.0,0.0,0.0,0.0,0.0,0.0,4.0,12.0,1.0,12.05,5.0200000000000005,2.5,1.49,-2.3000000000000003,0.3,2.3000000000000003,300.90000000000003,0.0,-12.6,1.1,8.700000000000001,-82.4,0.0,0.0,219.8,0.0,21.9,33.9,33.9,37.2,300.0,300.0,30.0,36.2,34.7,34.300000000000004,36.5,4.96,2.0,4.96,0.16,0.0,0.0,1027.0,8228.0,0.0,0.0,0.0,0.0,0.0,1.0,0.0,0.0,0.0,-0.001,0.0,-0.6000000000000001,0.0,-10.7,-12.8,0.0156,16.0,25903.0
2026-07-30T18:58:12.251Z,61.734,61.746,-7.4,7.4,0.0,0.0,0.0,0.0,0.0,1.0,1.0,0.0,1.0,0.0,0.0,0.0,8.0,6.0,0.0,0.0,0.0,0.0,0.0,0.0,0.0,0.0,5.0,12.0,1.0,12.05,5.0200000000000005,2.5,1.49,-2.3000000000000003,0.3,2.3000000000000003,301.0,-0.1,-12.0,1.1,8.700000000000001,-82.4,0.0,0.0,219.8,0.0,21.9,33.9,33.9,37.2,300.0,300.0,30.0,36.2,34.7,34.300000000000004,36.5,4.96,2.0,4.97,0.16,0.0,0.0,1027.0,8228.0,0.0,0.0,0.0,0.0,0.0,1.0,0.0,0.0,0.0,-0.001,0.0,-0.6000000000000001,0.0,-10.7,-12.9,0.0157,16.0,25903.0
2026-07-30T18:58:12.263Z,61.746,61.758,-7.4,7.4,0.0,0.0,0.0,0.0,0.0,1.0,1.0,0.0,1.0,0.0,0.0,0.0,8.0,6.0,0.0,0.0,0.0,0.0,0.0,0.0,0.0,0.0,6.0,12.0,1.0,12.05,5.0200000000000005,2.5,1.49,-2.3000000000000003,0.3,2.4000000000000004,301.0,-0.1,-12.0,1.1,8.1,-82.4,0.0,0.0,219.7,0.0,21.9,33.9,33.9,37.2,300.0,300.0,30.0,36.2,34.7,34.300000000000004,36.5,4.95,2.0,4.97,0.16,0.0,0.0,1027.0,8228.0,0.0,0.0,0.0,0.0,0.0,1.0,0.0,0.0,0.0,-0.001,0.0,-0.5,0.0,-10.1,-12.9,0.0151,16.0,25903.0
2026-07-30T18:58:12.275Z,61.758,61.77,-7.4,7.4,0.0,0.0,0.0,0.0,0.0,1.0,1.0,0.0,1.0,0.0,0.0,0.0,8.0,6.0,0.0,0.0,0.0,0.0,0.0,0.0,0.0,0.0,2.0,12.0,1.0,12.05,5.0200000000000005,2.5,1.49,-2.4000000000000004,0.3,2.4000000000000004,301.1,-0.1,-13.2,1.1,7.5,-82.4,0.0,0.0,219.6,0.0,21.9,33.9,33.9,37.2,300.0,300.0,30.0,36.2,34.7,34.300000000000004,36.5,4.95,2.0,4.97,0.16,0.0,0.0,1027.0,8228.0,0.0,0.0,0.0,0.0,0.0,1.0,0.0,0.0,0.0,-0.001,0.0,0.5,0.0,-14.0,-12.8,0.015,16.0,25903.0
2026-07-30T18:58:12.287Z,61.77,61.782,-7.5,7.4,0.0,0.0,0.0,0.0,0.0,1.0,1.0,0.0,1.0,0.0,0.0,0.0,8.0,6.0,0.0,0.0,0.0,0.0,0.0,0.0,0.0,0.0,3.0,12.0,1.0,12.05,5.0200000000000005,2.5,1.49,-2.3000000000000003,0.3,2.3000000000000003,301.1,-0.1,-12.6,1.7000000000000002,8.700000000000001,-82.4,0.0,0.0,219.7,0.0,21.9,33.9,33.9,37.2,300.0,300.0,30.0,36.2,34.7,34.300000000000004,36.5,4.95,2.0,4.96,0.16,0.0,0.0,1027.0,8228.0,0.0,0.0,0.0,0.0,0.0,1.0,0.0,0.0,0.0,-0.001,0.0,0.0,0.0,-13.6,-12.8,0.0152,16.0,25903.0
2026-07-30T18:58:12.298Z,61.781,61.794,-7.5,7.4,0.0,0.0,0.0,0.0,0.0,1.0,1.0,0.0,1.0,0.0,0.0,0.0,8.0,6.0,0.0,0.0,0.0,0.0,0.0,0.0,0.0,0.0,4.0,12.0,1.0,12.05,5.0200000000000005,2.5,1.49,-2.2,0.2,2.2,301.1,-0.1,-13.2,1.7000000000000002,9.3,-82.5,0.0,0.0,219.8,0.0,21.9,33.9,33.9,37.2,300.0,300.0,30.0,36.2,34.7,34.300000000000004,36.5,4.95,2.0,4.96,0.16,0.0,0.0,1027.0,8228.0,0.0,0.0,0.0,0.0,0.0,1.0,0.0,0.0,0.0,-0.001,0.0,1.7000000000000002,0.0,-13.6,-12.8,0.0151,16.0,25903.0
2026-07-30T18:58:12.311Z,61.794,61.806,-7.5,7.4,0.0,0.0,0.0,0.0,0.0,1.0,1.0,0.0,1.0,0.0,0.0,0.0,8.0,6.0,0.0,0.0,0.0,0.0,0.0,0.0,0.0,0.0,5.0,12.0,1.0,12.05,5.0200000000000005,2.5,1.49,-2.1,0.2,2.1,301.0,-0.1,-12.0,3.5,11.6,-82.5,0.0,0.0,219.8,0.0,21.9,33.9,33.9,37.2,300.0,300.0,30.0,36.2,34.7,34.300000000000004,36.5,4.95,2.0,4.96,0.16,0.0,0.0,1027.0,8228.0,0.0,0.0,0.0,0.0,0.0,1.0,0.0,0.0,0.0,-0.001,0.0,0.8,0.0,-15.8,-12.7,0.0149,16.0,25903.0
2026-07-30T18:58:12.323Z,61.806,61.818,-7.4,7.4,0.0,0.0,0.0,0.0,0.0,1.0,1.0,0.0,1.0,0.0,0.0,0.0,8.0,6.0,0.0,0.0,0.0,0.0,0.0,0.0,0.0,0.0,6.0,12.0,1.0,12.06,5.01,2.51,1.49,-2.2,0.3,2.2,301.1,-0.1,-12.0,1.7000000000000002,10.4,-82.5,0.0,0.0,219.8,0.0,22.4,33.9,33.9,37.2,300.0,300.0,30.0,36.2,34.7,34.4,36.6,4.95,2.0,4.97,0.16,0.0,0.0,1027.0,8228.0,0.0,0.0,0.0,0.0,0.0,1.0,0.0,0.0,0.0,-0.001,0.0,-0.5,0.0,-13.2,-12.7,0.0145,16.0,25903.0
2026-07-30T18:58:12.335Z,61.818,61.83,-7.4,7.4,0.0,0.0,0.0,0.0,0.0,1.0,1.0,0.0,1.0,0.0,0.0,0.0,8.0,6.0,0.0,0.0,0.0,0.0,0.0,0.0,0.0,0.0,1.0,12.0,1.0,12.06,5.01,2.51,1.49,-2.2,0.3,2.2,301.1,-0.1,-11.4,1.7000000000000002,11.6,-82.5,0.0,0.0,219.8,0.0,22.4,33.9,33.9,37.2,300.0,300.0,30.0,36.2,34.7,34.4,36.6,4.95,2.0,4.96,0.16,0.0,0.0,1027.0,8228.0,0.0,0.0,0.0,0.0,0.0,1.0,0.0,0.0,0.0,-0.001,0.0,-0.7000000000000001,0.0,-14.5,-12.8,0.0153,16.0,25903.0
2026-07-30T18:58:12.346Z,61.829,61.842,-7.5,7.4,0.0,0.0,0.0,0.0,0.0,1.0,1.0,0.0,1.0,0.0,0.0,0.0,8.0,6.0,0.0,0.0,0.0,0.0,0.0,0.0,0.0,0.0,3.0,12.0,1.0,12.06,5.01,2.51,1.49,-2.2,0.2,2.2,301.0,-0.1,-11.4,2.3000000000000003,10.4,-82.5,0.0,0.0,219.9,0.0,22.4,33.9,33.9,37.2,300.0,300.0,30.0,36.2,34.7,34.4,36.6,4.95,2.0,4.97,0.16,0.0,0.0,1027.0,8228.0,0.0,0.0,0.0,0.0,0.0,1.0,0.0,0.0,0.0,-0.001,0.0,0.0,0.0,-13.6,-12.8,0.015,16.0,25903.0
2026-07-30T18:58:12.359Z,61.842,61.854,-7.5,7.4,0.0,0.0,0.0,0.0,0.0,1.0,1.0,0.0,1.0,0.0,0.0,0.0,8.0,6.0,0.0,0.0,0.0,0.0,0.0,0.0,0.0,0.0,4.0,12.0,1.0,12.06,5.01,2.51,1.49,-2.1,0.2,2.2,301.1,-0.1,-11.4,4.0,10.4,-82.5,0.0,0.0,219.9,0.0,22.4,33.9,33.9,37.2,300.0,300.0,30.0,36.2,34.7,34.4,36.6,4.95,2.0,4.96,0.16,0.0,0.0,1027.0,8228.0,0.0,0.0,0.0,0.0,0.0,1.0,0.0,0.0,0.0,-0.001,0.0,1.5,0.0,-14.9,-12.8,0.0151,16.0,25903.0
2026-07-30T18:58:12.370Z,61.853,61.866,-7.5,7.4,0.0,0.0,0.0,0.0,0.0,1.0,1.0,0.0,1.0,0.0,0.0,0.0,8.0,6.0,0.0,0.0,0.0,0.0,0.0,0.0,0.0,0.0,6.0,12.0,1.0,12.06,5.01,2.51,1.49,-2.2,0.2,2.2,301.1,-0.1,-11.4,2.3000000000000003,11.0,-82.5,0.0,0.0,219.9,0.0,22.4,33.9,33.9,37.2,300.0,300.0,30.0,36.2,34.7,34.4,36.6,4.96,2.0,4.96,0.16,0.0,0.0,1027.0,8228.0,0.0,0.0,0.0,0.0,0.0,1.0,0.0,0.0,0.0,-0.001,0.0,-0.1,0.0,-14.3,-12.7,0.0146,16.0,25903.0
2026-07-30T18:58:12.383Z,61.866,61.878,-7.5,7.4,0.0,0.0,0.0,0.0,0.0,1.0,1.0,0.0,1.0,0.0,0.0,0.0,8.0,6.0,0.0,0.0,0.0,0.0,0.0,0.0,0.0,0.0,1.0,12.0,1.0,12.06,5.01,2.51,1.49,-2.2,0.2,2.2,301.0,-0.1,-11.4,2.3000000000000003,10.4,-82.60000000000001,0.0,0.0,219.8,0.0,22.4,33.9,33.9,37.2,300.0,300.0,30.0,36.2,34.7,34.4,36.6,4.96,2.0,4.96,0.16,0.0,0.0,1027.0,8228.0,0.0,0.0,0.0,0.0,0.0,1.0,0.0,0.0,0.0,-0.001,0.0,0.0,0.0,-13.6,-12.8,0.0149,16.0,25903.0
2026-07-30T18:58:12.395Z,61.878,61.89,-7.5,7.4,0.0,0.0,0.0,0.0,0.0,1.0,1.0,0.0,1.0,0.0,0.0,0.0,8.0,6.0,0.0,0.0,0.0,0.0,0.0,0.0,0.0,0.0,2.0,12.0,1.0,12.06,5.01,2.51,1.49,-2.2,0.2,2.3000000000000003,301.1,-0.1,-10.9,2.3000000000000003,8.700000000000001,-82.60000000000001,0.0,0.0,219.9,0.0,22.4,33.9,33.9,37.2,300.0,300.0,30.0,36.2,34.7,34.4,36.6,4.96,2.0,4.96,0.16,0.0,0.0,1027.0,8228.0,0.0,0.0,0.0,0.0,0.0,1.0,0.0,0.0,0.0,-0.001,0.0,0.3,0.0,-11.6,-12.8,0.015,16.0,25903.0
2026-07-30T18:58:12.406Z,61.889,61.902,-7.4,7.4,0.0,0.0,0.0,0.0,0.0,1.0,1.0,0.0,1.0,0.0,0.0,0.0,8.0,6.0,0.0,0.0,0.0,0.0,0.0,0.0,0.0,0.0,4.0,12.0,1.0,12.06,5.01,2.51,1.49,-2.3000000000000003,0.2,2.3000000000000003,301.1,-0.1,-11.4,1.7000000000000002,9.3,-82.60000000000001,0.0,0.0,219.9,0.0,22.4,33.9,33.9,37.2,300.0,300.0,30.0,36.2,34.7,34.4,36.6,4.96,2.0,4.96,0.16,0.0,0.0,1027.0,8228.0,0.0,0.0,0.0,0.0,0.0,1.0,0.0,0.0,0.0,-0.001,0.0,-0.2,0.0,-11.8,-12.7,0.0153,16.0,25903.0
2026-07-30T18:58:12.419Z,61.902,61.914,-7.4,7.4,0.0,0.0,0.0,0.0,0.0,1.0,1.0,0.0,1.0,0.0,0.0,0.0,8.0,6.0,0.0,0.0,0.0,0.0,0.0,0.0,0.0,0.0,6.0,12.0,1.0,12.06,5.01,2.51,1.49,-2.3000000000000003,0.3,2.3000000000000003,300.90000000000003,-0.1,-12.0,1.7000000000000002,9.9,-82.60000000000001,0.0,0.0,219.9,0.0,22.1,33.9,33.9,37.2,300.0,300.0,29.8,36.4,34.7,34.4,36.6,4.95,2.0,4.96,0.16,0.0,0.0,1027.0,8228.0,0.0,0.0,0.0,0.0,0.0,1.0,0.0,0.0,0.0,-0.001,0.0,-0.4,0.0,-12.5,-12.8,0.0154,16.0,25903.0
2026-07-30T18:58:12.431Z,61.914,61.926,-7.4,7.4,0.0,0.0,0.0,0.0,0.0,1.0,1.0,0.0,1.0,0.0,0.0,0.0,8.0,6.0,0.0,0.0,0.0,0.0,0.0,0.0,0.0,0.0,1.0,12.0,1.0,12.06,5.01,2.51,1.49,-2.3000000000000003,0.2,2.3000000000000003,301.0,0.0,-12.6,1.7000000000000002,8.700000000000001,-82.60000000000001,0.0,0.0,219.8,0.0,22.1,33.9,33.9,37.2,300.0,300.0,29.8,36.4,34.7,34.4,36.6,4.95,2.0,4.96,0.16,0.0,0.0,1027.0,8228.0,0.0,0.0,0.0,0.0,0.0,1.0,0.0,0.0,0.0,-0.001,0.0,-0.1,0.0,-11.2,-12.9,0.0154,16.0,25903.0
2026-07-30T18:58:12.443Z,61.926,61.938,-7.5,7.4,0.0,0.0,0.0,0.0,0.0,1.0,1.0,0.0,1.0,0.0,0.0,0.0,8.0,6.0,0.0,0.0,0.0,0.0,0.0,0.0,0.0,0.0,2.0,12.0,1.0,12.06,5.01,2.51,1.49,-2.2,0.2,2.2,301.1,-0.1,-12.0,2.9000000000000004,8.700000000000001,-82.60000000000001,0.0,0.0,219.8,0.0,22.1,33.9,33.9,37.2,300.0,300.0,29.8,36.4,34.7,34.4,36.6,4.96,2.0,4.96,0.16,0.0,0.0,1027.0,8228.0,0.0,0.0,0.0,0.0,0.0,1.0,0.0,0.0,0.0,-0.001,0.0,0.8,0.0,-12.0,-12.8,0.0157,16.0,25903.0
2026-07-30T18:58:12.462Z,61.945,61.95,-7.5,7.4,0.0,0.0,0.0,0.0,0.0,1.0,1.0,0.0,1.0,0.0,0.0,0.0,8.0,6.0,0.0,0.0,0.0,0.0,0.0,0.0,0.0,0.0,4.0,12.0,1.0,12.06,5.01,2.51,1.49,-2.3000000000000003,0.3,2.3000000000000003,301.1,-0.1,-12.0,1.1,8.700000000000001,-82.60000000000001,0.0,0.0,219.9,0.0,22.1,33.9,33.9,37.2,300.0,300.0,29.8,36.4,34.7,34.4,36.6,4.96,2.0,4.97,0.16,0.0,0.0,1027.0,8228.0,0.0,0.0,0.0,0.0,0.0,1.0,0.0,0.0,0.0,-0.001,0.0,-0.6000000000000001,0.0,-10.7,-12.7,0.0152,16.0,25903.0
2026-07-30T18:58:12.466Z,61.949,61.962,-7.4,7.4,0.0,0.0,0.0,0.0,0.0,1.0,1.0,0.0,1.0,0.0,0.0,0.0,8.0,6.0,0.0,0.0,0.0,0.0,0.0,0.0,0.0,0.0,2.0,12.0,1.0,12.06,5.01,2.51,1.49,-2.3000000000000003,0.3,2.3000000000000003,301.1,-0.1,-12.6,1.7000000000000002,8.700000000000001,-82.60000000000001,0.0,0.0,219.8,0.0,22.1,33.9,33.9,37.2,300.0,300.0,29.8,36.4,34.7,34.4,36.6,4.95,2.0,4.97,0.16,0.0,0.0,1027.0,8228.0,0.0,0.0,0.0,0.0,0.0,1.0,0.0,0.0,0.0,-0.001,0.0,-0.1,0.0,-11.2,-12.7,0.0156,16.0,25903.0
2026-07-30T18:58:12.479Z,61.962,61.974,-7.4,7.4,0.0,0.0,0.0,0.0,0.0,1.0,1.0,0.0,1.0,0.0,0.0,0.0,8.0,6.0,0.0,0.0,0.0,0.0,0.0,0.0,0.0,0.0,3.0,12.0,1.0,12.06,5.01,2.51,1.49,-2.2,0.3,2.2,301.1,-0.1,-12.0,0.5,11.0,-82.60000000000001,0.0,0.0,219.8,0.0,22.1,33.9,33.9,37.2,300.0,300.0,29.8,36.4,34.7,34.4,36.6,4.96,2.0,4.96,0.16,0.0,0.0,1027.0,8228.0,0.0,0.0,0.0,0.0,0.0,1.0,0.0,0.0,0.0,-0.001,0.0,-1.6,0.0,-13.0,-12.8,0.0156,16.0,25903.0
2026-07-30T18:58:12.491Z,61.974,61.986,-7.5,7.4,0.0,0.0,0.0,0.0,0.0,1.0,1.0,0.0,1.0,0.0,0.0,0.0,8.0,6.0,0.0,0.0,0.0,0.0,0.0,0.0,0.0,0.0,4.0,12.0,1.0,12.06,5.01,2.51,1.49,-2.3000000000000003,0.3,2.3000000000000003,301.0,-0.1,-13.2,1.1,8.1,-82.60000000000001,0.0,0.0,219.9,0.0,22.1,33.9,33.9,37.2,300.0,300.0,29.8,36.4,34.7,34.4,36.6,4.95,2.0,4.96,0.16,0.0,0.0,1027.0,8228.0,0.0,0.0,0.0,0.0,0.0,1.0,0.0,0.0,0.0,-0.001,0.0,-0.5,0.0,-10.1,-12.8,0.0152,16.0,25903.0
2026-07-30T18:58:12.502Z,61.985,61.998000000000005,-7.4,7.4,0.0,0.0,0.0,0.0,0.0,1.0,1.0,0.0,1.0,0.0,0.0,0.0,8.0,6.0,0.0,0.0,0.0,0.0,0.0,0.0,0.0,0.0,6.0,12.0,1.0,12.06,5.01,2.51,1.49,-2.3000000000000003,0.3,2.3000000000000003,301.1,-0.1,-12.6,1.1,8.700000000000001,-82.60000000000001,0.0,0.0,219.8,0.0,22.1,33.9,33.9,37.2,300.0,300.0,29.8,36.4,34.7,34.4,36.6,4.95,2.0,4.96,0.16,0.0,0.0,1027.0,8228.0,0.0,0.0,0.0,0.0,0.0,1.0,0.0,0.0,0.0,-0.001,0.0,-0.6000000000000001,0.0,-10.7,-12.7,0.0157,16.0,25903.0
2026-07-30T18:58:12.517Z,62.0,62.01,-7.4,7.4,0.0,0.0,0.0,0.0,0.0,1.0,1.0,0.0,1.0,0.0,0.0,0.0,8.0,6.0,0.0,0.0,0.0,0.0,0.0,0.0,0.0,0.0,2.0,12.0,1.0,12.06,5.01,2.51,1.49,-2.2,0.3,2.3000000000000003,301.1,-0.1,-12.0,1.7000000000000002,10.4,-82.5,0.0,0.0,219.7,0.0,22.1,33.9,33.9,37.2,300.0,300.0,29.8,36.4,34.7,34.4,36.6,4.95,2.0,4.96,0.16,0.0,0.0,1027.0,8228.0,0.0,0.0,0.0,0.0,0.0,1.0,0.0,0.0,0.0,-0.001,0.0,-0.4,0.0,-13.2,-12.8,0.0158,16.0,25903.0
2026-07-30T18:58:12.527Z,62.01,62.022,-7.5,7.4,0.0,0.0,0.0,0.0,0.0,1.0,1.0,0.0,1.0,0.0,0.0,0.0,8.0,6.0,0.0,0.0,0.0,0.0,0.0,0.0,0.0,0.0,1.0,12.0,1.0,12.05,5.0200000000000005,2.5,1.49,-2.3000000000000003,0.3,2.3000000000000003,301.0,-0.1,-12.0,1.7000000000000002,8.1,-82.5,0.0,0.0,219.6,0.0,22.1,33.9,33.9,37.3,300.0,300.0,29.8,36.4,34.7,34.4,36.6,4.96,2.0,4.97,0.16,0.0,0.0,1027.0,8228.0,0.0,0.0,0.0,0.0,0.0,1.0,0.0,0.0,0.0,-0.001,0.0,0.0,0.0,-10.5,-12.9,0.0153,16.0,25903.0
2026-07-30T18:58:12.538Z,62.021,62.034,-7.5,7.4,0.0,0.0,0.0,0.0,0.0,1.0,1.0,0.0,1.0,0.0,0.0,0.0,8.0,6.0,0.0,0.0,0.0,0.0,0.0,0.0,0.0,0.0,1.0,12.0,1.0,12.05,5.0200000000000005,2.5,1.49,-2.2,0.2,2.2,301.1,-0.1,-12.0,2.3000000000000003,10.4,-82.5,0.0,0.0,219.7,0.0,22.1,33.9,33.9,37.3,300.0,300.0,29.8,36.4,34.7,34.4,36.6,4.95,2.0,4.96,0.16,0.0,0.0,1027.0,8228.0,0.0,0.0,0.0,0.0,0.0,1.0,0.0,0.0,0.0,-0.001,0.0,0.0,0.0,-13.6,-12.8,0.0158,16.0,25903.0
2026-07-30T18:58:12.550Z,62.033,62.046,-7.5,7.4,0.0,0.0,0.0,0.0,0.0,1.0,1.0,0.0,1.0,0.0,0.0,0.0,8.0,6.0,0.0,0.0,0.0,0.0,0.0,0.0,0.0,0.0,2.0,12.0,1.0,12.05,5.0200000000000005,2.5,1.49,-2.1,0.2,2.2,301.0,-0.1,-11.4,2.3000000000000003,11.6,-82.5,0.0,0.0,219.9,0.0,22.1,33.9,33.9,37.3,300.0,300.0,29.8,36.4,34.7,34.4,36.6,4.95,2.0,4.96,0.16,0.0,0.0,1027.0,8228.0,0.0,0.0,0.0,0.0,0.0,1.0,0.0,0.0,0.0,-0.001,0.0,-0.2,0.0,-14.9,-12.7,0.0149,16.0,25903.0
2026-07-30T18:58:12.562Z,62.045,62.058,-7.4,7.4,0.0,0.0,0.0,0.0,0.0,1.0,1.0,0.0,1.0,0.0,0.0,0.0,8.0,6.0,0.0,0.0,0.0,0.0,0.0,0.0,0.0,0.0,4.0,12.0,1.0,12.05,5.0200000000000005,2.5,1.49,-2.2,0.2,2.2,301.0,-0.1,-10.9,2.9000000000000004,10.4,-82.5,0.0,0.0,219.9,0.0,22.1,33.9,33.9,37.3,300.0,300.0,29.8,36.4,34.7,34.4,36.6,4.95,2.0,4.96,0.16,0.0,0.0,1027.0,8228.0,0.0,0.0,0.0,0.0,0.0,1.0,0.0,0.0,0.0,-0.001,0.0,0.5,0.0,-14.0,-12.8,0.0147,16.0,25903.0
2026-07-30T18:58:12.575Z,62.058,62.07,-7.4,7.4,0.0,0.0,0.0,0.0,0.0,1.0,1.0,0.0,1.0,0.0,0.0,0.0,8.0,6.0,0.0,0.0,0.0,0.0,0.0,0.0,0.0,0.0,5.0,12.0,1.0,12.05,5.0200000000000005,2.5,1.49,-2.2,0.3,2.3000000000000003,301.1,-0.1,-11.4,1.7000000000000002,9.3,-82.60000000000001,0.0,0.0,219.9,0.0,22.1,33.9,33.9,37.3,300.0,300.0,29.8,36.4,34.7,34.4,36.6,4.95,2.0,4.96,0.16,0.0,0.0,1027.0,8228.0,0.0,0.0,0.0,0.0,0.0,1.0,0.0,0.0,0.0,-0.001,0.0,-0.3,0.0,-11.8,-12.8,0.015,16.0,25903.0
2026-07-30T18:58:12.587Z,62.07,62.082,-7.5,7.4,0.0,0.0,0.0,0.0,0.0,1.0,1.0,0.0,1.0,0.0,0.0,0.0,8.0,6.0,0.0,0.0,0.0,0.0,0.0,0.0,0.0,0.0,6.0,12.0,1.0,12.05,5.0200000000000005,2.5,1.49,-2.2,0.2,2.2,300.90000000000003,-0.1,-10.9,2.9000000000000004,9.9,-82.60000000000001,0.0,0.0,219.9,0.0,22.1,33.9,33.9,37.3,300.0,300.0,29.8,36.4,34.7,34.4,36.6,4.95,2.0,4.97,0.16,0.0,0.0,1027.0,8228.0,0.0,0.0,0.0,0.0,0.0,1.0,0.0,0.0,0.0,-0.001,0.0,0.6000000000000001,0.0,-13.4,-12.8,0.0154,16.0,25903.0
2026-07-30T18:58:12.598Z,62.081,62.094,-7.4,7.4,0.0,0.0,0.0,0.0,0.0,1.0,1.0,0.0,1.0,0.0,0.0,0.0,8.0,6.0,0.0,0.0,0.0,0.0,0.0,0.0,0.0,0.0,2.0,12.0,1.0,12.05,5.0200000000000005,2.5,1.49,-2.1,0.2,2.2,301.0,-0.1,-11.4,3.5,11.0,-82.60000000000001,0.0,0.0,219.9,0.0,22.1,33.9,33.9,37.3,300.0,300.0,29.8,36.4,34.7,34.4,36.6,4.95,2.0,4.96,0.16,0.0,0.0,1027.0,8228.0,0.0,0.0,0.0,0.0,0.0,1.0,0.0,0.0,0.0,-0.001,0.0,0.9,0.0,-15.1,-12.7,0.015,16.0,25903.0
2026-07-30T18:58:12.611Z,62.094,62.106,-7.4,7.4,0.0,0.0,0.0,0.0,0.0,1.0,1.0,0.0,1.0,0.0,0.0,0.0,8.0,6.0,0.0,0.0,0.0,0.0,0.0,0.0,0.0,0.0,3.0,12.0,1.0,12.05,5.0200000000000005,2.5,1.49,-2.4000000000000004,0.3,2.4000000000000004,301.1,-0.1,-11.4,0.5,8.1,-82.60000000000001,0.0,0.0,219.7,0.0,22.1,33.9,33.9,37.3,300.0,300.0,29.8,36.4,34.7,34.4,36.6,4.96,2.0,4.96,0.16,0.0,0.0,1027.0,8228.0,0.0,0.0,0.0,0.0,0.0,1.0,0.0,0.0,0.0,-0.001,0.0,-1.0,0.0,-9.7,-12.8,0.0147,16.0,25903.0
2026-07-30T18:58:12.624Z,62.107,62.118,-7.4,7.4,0.0,0.0,0.0,0.0,0.0,1.0,1.0,0.0,1.0,0.0,0.0,0.0,8.0,6.0,0.0,0.0,0.0,0.0,0.0,0.0,0.0,0.0,4.0,12.0,1.0,12.05,5.0200000000000005,2.5,1.5,-2.3000000000000003,0.2,2.3000000000000003,301.0,-0.1,-12.0,2.3000000000000003,9.9,-82.60000000000001,0.0,0.0,219.7,0.0,22.3,34.0,33.9,37.3,300.0,300.0,29.9,36.3,34.7,34.4,36.6,4.95,2.0,4.96,0.16,0.0,0.0,1027.0,8228.0,0.0,0.0,0.0,0.0,0.0,1.0,0.0,0.0,0.0,-0.001,0.0,0.1,0.0,-12.9,-12.9,0.0162,16.0,25903.0
2026-07-30T18:58:12.635Z,62.118,62.13,-7.5,7.4,0.0,0.0,0.0,0.0,0.0,1.0,1.0,0.0,1.0,0.0,0.0,0.0,8.0,6.0,0.0,0.0,0.0,0.0,0.0,0.0,0.0,0.0,6.0,12.0,1.0,12.05,5.0200000000000005,2.5,1.5,-2.1,0.2,2.2,301.1,-0.1,-11.4,2.9000000000000004,12.2,-82.60000000000001,0.0,0.0,219.7,0.0,22.3,34.0,33.9,37.3,300.0,300.0,29.9,36.3,34.7,34.4,36.6,4.96,2.0,4.96,0.16,0.0,0.0,1027.0,8228.0,0.0,0.0,0.0,0.0,0.0,1.0,0.0,0.0,0.0,-0.001,0.0,0.2,0.0,-16.0,-12.9,0.0154,16.0,25903.0
2026-07-30T18:58:12.647Z,62.13,62.142,-7.5,7.4,0.0,0.0,0.0,0.0,0.0,1.0,1.0,0.0,1.0,0.0,0.0,0.0,8.0,6.0,0.0,0.0,0.0,0.0,0.0,0.0,0.0,0.0,1.0,12.0,1.0,12.05,5.0200000000000005,2.5,1.5,-2.2,0.2,2.2,301.1,-0.1,-10.9,4.0,10.4,-82.60000000000001,0.0,0.0,219.7,0.0,22.3,34.0,33.9,37.3,300.0,300.0,29.9,36.3,34.7,34.4,36.6,4.96,2.0,4.96,0.16,0.0,0.0,1027.0,8228.0,0.0,0.0,0.0,0.0,0.0,1.0,0.0,0.0,0.0,-0.001,0.0,1.5,0.0,-14.9,-12.8,0.0147,16.0,25903.0
2026-07-30T18:58:12.658Z,62.141,62.154,-7.5,7.4,0.0,0.0,0.0,0.0,0.0,1.0,1.0,0.0,1.0,0.0,0.0,0.0,8.0,6.0,0.0,0.0,0.0,0.0,0.0,0.0,0.0,0.0,2.0,12.0,1.0,12.05,5.0200000000000005,2.5,1.5,-2.2,0.2,2.2,301.0,-0.1,-11.4,2.9000000000000004,9.9,-82.60000000000001,0.0,0.0,219.7,0.0,22.3,34.0,33.9,37.3,300.0,300.0,29.9,36.3,34.7,34.4,36.6,4.95,2.0,4.96,0.16,0.0,0.0,1027.0,8228.0,0.0,0.0,0.0,0.0,0.0,1.0,0.0,0.0,0.0,-0.001,0.0,0.6000000000000001,0.0,-13.4,-12.7,0.0149,16.0,25903.0
2026-07-30T18:58:12.671Z,62.154,62.166,-7.4,7.4,0.0,0.0,0.0,0.0,0.0,1.0,1.0,0.0,1.0,0.0,0.0,0.0,8.0,6.0,0.0,0.0,0.0,0.0,0.0,0.0,0.0,0.0,3.0,12.0,1.0,12.05,5.0200000000000005,2.5,1.5,-2.2,0.3,2.3000000000000003,301.1,-0.1,-12.6,1.7000000000000002,10.4,-82.60000000000001,0.0,0.0,219.8,0.0,22.3,34.0,33.9,37.3,300.0,300.0,29.9,36.3,34.7,34.4,36.6,4.95,2.0,4.97,0.16,0.0,0.0,1027.0,8228.0,0.0,0.0,0.0,0.0,0.0,1.0,0.0,0.0,0.0,-0.001,0.0,-0.5,0.0,-13.2,-12.7,0.0152,16.0,25903.0
2026-07-30T18:58:12.683Z,62.166,62.178,-7.5,7.4,0.0,0.0,0.0,0.0,0.0,1.0,1.0,0.0,1.0,0.0,0.0,0.0,8.0,6.0,0.0,0.0,0.0,0.0,0.0,0.0,0.0,0.0,4.0,12.0,1.0,12.05,5.0200000000000005,2.5,1.5,-2.2,0.2,2.2,301.1,-0.1,-11.4,2.9000000000000004,11.0,-82.60000000000001,0.0,0.0,219.8,0.0,22.3,34.0,33.9,37.3,300.0,300.0,29.9,36.3,34.7,34.4,36.6,4.96,2.0,4.96,0.16,0.0,0.0,1027.0,8228.0,0.0,0.0,0.0,0.0,0.0,1.0,0.0,0.0,0.0,-0.001,0.0,0.4,0.0,-14.7,-12.8,0.0153,16.0,25903.0
2026-07-30T18:58:12.695Z,62.178,62.190000000000005,-7.5,7.4,0.0,0.0,0.0,0.0,0.0,1.0,1.0,0.0,1.0,0.0,0.0,0.0,8.0,6.0,0.0,0.0,0.0,0.0,0.0,0.0,0.0,0.0,5.0,12.0,1.0,12.05,5.0200000000000005,2.5,1.5,-2.2,0.2,2.2,301.0,-0.1,-11.4,2.9000000000000004,9.9,-82.60000000000001,0.0,0.0,219.8,0.0,22.3,34.0,33.9,37.3,300.0,300.0,29.9,36.3,34.7,34.4,36.6,4.96,2.0,4.97,0.16,0.0,0.0,1027.0,8228.0,0.0,0.0,0.0,0.0,0.0,1.0,0.0,0.0,0.0,-0.001,0.0,0.6000000000000001,0.0,-13.4,-12.7,0.0148,16.0,25903.0
2026-07-30T18:58:12.707Z,62.19,62.202,-7.4,7.4,0.0,0.0,0.0,0.0,0.0,1.0,1.0,0.0,1.0,0.0,0.0,0.0,8.0,6.0,0.0,0.0,0.0,0.0,0.0,0.0,0.0,0.0,6.0,12.0,1.0,12.05,5.0200000000000005,2.5,1.5,-2.3000000000000003,0.3,2.3000000000000003,301.0,-0.1,-11.4,1.7000000000000002,8.1,-82.60000000000001,0.0,0.0,219.7,0.0,22.3,34.0,33.9,37.3,300.0,300.0,29.9,36.3,34.7,34.4,36.6,4.95,2.0,4.97,0.16,0.0,0.0,1027.0,8228.0,0.0,0.0,0.0,0.0,0.0,1.0,0.0,0.0,0.0,-0.001,0.0,0.0,0.0,-10.5,-12.7,0.0152,16.0,25903.0
2026-07-30T18:58:12.719Z,62.202,62.214,-7.5,7.4,0.0,0.0,0.0,0.0,0.0,1.0,1.0,0.0,1.0,0.0,0.0,0.0,8.0,6.0,0.0,0.0,0.0,0.0,0.0,0.0,0.0,0.0,1.0,12.0,1.0,12.05,5.0200000000000005,2.5,1.5,-2.3000000000000003,0.3,2.3000000000000003,301.1,-0.1,-12.0,1.1,9.9,-82.60000000000001,0.0,0.0,219.7,0.0,22.3,34.0,33.9,37.3,300.0,300.0,29.9,36.3,34.7,34.4,36.6,4.96,2.0,4.96,0.16,0.0,0.0,1027.0,8228.0,0.0,0.0,0.0,0.0,0.0,1.0,0.0,0.0,0.0,-0.001,0.0,-0.8,0.0,-12.1,-12.8,0.0159,16.0,25903.0
2026-07-30T18:58:12.730Z,62.213,62.226,-7.5,7.4,0.0,0.0,0.0,0.0,0.0,1.0,1.0,0.0,1.0,0.0,0.0,0.0,8.0,6.0,0.0,0.0,0.0,0.0,0.0,0.0,0.0,0.0,3.0,12.0,1.0,12.05,5.0200000000000005,2.5,1.49,-2.2,0.2,2.3000000000000003,301.1,-0.1,-12.6,1.7000000000000002,9.3,-82.60000000000001,0.0,0.0,219.8,0.0,22.200000000000003,34.0,34.0,37.3,300.0,300.0,29.9,36.2,34.7,34.300000000000004,36.6,4.96,2.0,4.96,0.16,0.0,0.0,1027.0,8228.0,0.0,0.0,0.0,0.0,0.0,1.0,0.0,0.0,0.0,-0.001,0.0,-0.2,0.0,-11.8,-12.8,0.0154,16.0,25903.0
2026-07-30T18:58:12.743Z,62.226,62.238,-7.5,7.4,0.0,0.0,0.0,0.0,0.0,1.0,1.0,0.0,1.0,0.0,0.0,0.0,8.0,6.0,0.0,0.0,0.0,0.0,0.0,0.0,0.0,0.0,4.0,12.0,1.0,12.05,5.0200000000000005,2.5,1.49,-2.3000000000000003,0.2,2.3000000000000003,301.1,-0.1,-12.6,2.3000000000000003,8.1,-82.60000000000001,0.0,0.0,219.8,0.0,22.200000000000003,34.0,34.0,37.3,300.0,300.0,29.9,36.2,34.7,34.300000000000004,36.6,4.96,2.0,4.96,0.16,0.0,0.0,1027.0,8228.0,0.0,0.0,0.0,0.0,0.0,1.0,0.0,0.0,0.0,-0.001,0.0,0.4,0.0,-10.9,-12.7,0.0152,16.0,25903.0
2026-07-30T18:58:12.755Z,62.238,62.25,-7.5,7.4,0.0,0.0,0.0,0.0,0.0,1.0,1.0,0.0,1.0,0.0,0.0,0.0,8.0,6.0,0.0,0.0,0.0,0.0,0.0,0.0,0.0,0.0,5.0,12.0,1.0,12.05,5.0200000000000005,2.5,1.49,-2.3000000000000003,0.3,2.4000000000000004,301.1,-0.1,-12.6,0.0,8.1,-82.60000000000001,0.0,0.0,219.9,0.0,22.200000000000003,34.0,34.0,37.3,300.0,300.0,29.9,36.2,34.7,34.300000000000004,36.6,4.96,2.0,4.96,0.16,0.0,0.0,1027.0,8228.0,0.0,0.0,0.0,0.0,0.0,1.0,0.0,0.0,0.0,-0.001,0.0,-1.6,0.0,-9.2,-12.7,0.0148,16.0,25903.0
2026-07-30T18:58:12.768Z,62.251,62.262,-7.5,7.4,0.0,0.0,0.0,0.0,0.0,1.0,1.0,0.0,1.0,0.0,0.0,0.0,8.0,6.0,0.0,0.0,0.0,0.0,0.0,0.0,0.0,0.0,6.0,12.0,1.0,12.05,5.0200000000000005,2.5,1.49,-2.3000000000000003,0.3,2.3000000000000003,301.1,-0.1,-12.0,0.5,8.1,-82.60000000000001,0.0,0.0,219.8,0.0,22.200000000000003,34.0,34.0,37.3,300.0,300.0,29.9,36.2,34.7,34.300000000000004,36.6,4.95,2.0,4.96,0.16,0.0,0.0,1027.0,8228.0,0.0,0.0,0.0,0.0,0.0,1.0,0.0,0.0,0.0,-0.001,0.0,-1.0,0.0,-9.6,-12.7,0.0146,16.0,25903.0
2026-07-30T18:58:12.778Z,62.261,62.274,-7.5,7.4,0.0,0.0,0.0,0.0,0.0,1.0,1.0,0.0,1.0,0.0,0.0,0.0,8.0,6.0,0.0,0.0,0.0,0.0,0.0,0.0,0.0,0.0,5.0,12.0,1.0,12.05,5.0200000000000005,2.5,1.49,-2.2,0.2,2.2,301.1,-0.1,-11.4,1.7000000000000002,9.3,-82.60000000000001,0.0,0.0,219.9,0.0,22.200000000000003,34.0,34.0,37.3,300.0,300.0,29.9,36.2,34.7,34.300000000000004,36.6,4.95,2.0,4.96,0.16,0.0,0.0,1027.0,8228.0,0.0,0.0,0.0,0.0,0.0,1.0,0.0,0.0,0.0,-0.001,0.0,-0.2,0.0,-11.8,-12.7,0.0148,16.0,25903.0
2026-07-30T18:58:12.791Z,62.274,62.286,-7.5,7.4,0.0,0.0,0.0,0.0,0.0,1.0,1.0,0.0,1.0,0.0,0.0,0.0,8.0,6.0,0.0,0.0,0.0,0.0,0.0,0.0,0.0,0.0,6.0,12.0,1.0,12.05,5.0200000000000005,2.5,1.49,-2.2,0.3,2.3000000000000003,300.90000000000003,-0.1,-12.6,1.1,8.700000000000001,-82.60000000000001,0.0,0.0,219.9,0.0,22.200000000000003,34.0,34.0,37.3,300.0,300.0,29.9,36.2,34.7,34.300000000000004,36.6,4.95,2.0,4.96,0.16,0.0,0.0,1027.0,8228.0,0.0,0.0,0.0,0.0,0.0,1.0,0.0,0.0,0.0,-0.001,0.0,-0.6000000000000001,0.0,-10.7,-12.7,0.0147,16.0,25903.0
2026-07-30T18:58:12.802Z,62.285,62.298,-7.4,7.4,0.0,0.0,0.0,0.0,0.0,1.0,1.0,0.0,1.0,0.0,0.0,0.0,8.0,6.0,0.0,0.0,0.0,0.0,0.0,0.0,0.0,0.0,2.0,12.0,1.0,12.05,5.0200000000000005,2.5,1.49,-2.3000000000000003,0.3,2.3000000000000003,301.0,-0.1,-13.2,0.5,7.5,-82.60000000000001,0.0,0.0,219.9,0.0,22.200000000000003,34.0,34.0,37.3,300.0,300.0,29.9,36.2,34.7,34.300000000000004,36.6,4.96,2.0,4.96,0.16,0.0,0.0,1027.0,8228.0,0.0,0.0,0.0,0.0,0.0,1.0,0.0,0.0,0.0,-0.001,0.0,1.9,0.0,-16.0,-12.7,0.0147,16.0,25903.0
2026-07-30T18:58:12.814Z,62.297,62.31,-7.4,7.4,0.0,0.0,0.0,0.0,0.0,1.0,1.0,0.0,1.0,0.0,0.0,0.0,8.0,6.0,0.0,0.0,0.0,0.0,0.0,0.0,0.0,0.0,3.0,12.0,1.0,12.05,5.0200000000000005,2.5,1.49,-2.2,0.2,2.2,301.0,-0.1,-10.9,2.9000000000000004,10.4,-82.60000000000001,0.0,0.0,219.9,0.0,22.200000000000003,34.0,34.0,37.3,300.0,300.0,29.9,36.2,34.7,34.300000000000004,36.6,4.95,2.0,4.96,0.16,0.0,0.0,1027.0,8228.0,0.0,0.0,0.0,0.0,0.0,1.0,0.0,0.0,0.0,-0.001,0.0,0.5,0.0,-14.0,-12.8,0.0143,16.0,25903.0
2026-07-30T18:58:12.828Z,62.311,62.322,-7.5,7.4,0.0,0.0,0.0,0.0,0.0,1.0,1.0,0.0,1.0,0.0,0.0,0.0,8.0,6.0,0.0,0.0,0.0,0.0,0.0,0.0,0.0,0.0,4.0,12.0,1.0,12.05,5.0200000000000005,2.51,1.49,-2.2,0.3,2.2,301.1,-0.1,-11.4,2.9000000000000004,10.4,-82.60000000000001,0.0,0.0,219.8,0.0,22.200000000000003,34.0,34.0,37.3,300.0,300.0,29.9,36.1,34.7,34.4,36.6,4.96,2.0,4.97,0.16,0.0,0.0,1027.0,8228.0,0.0,0.0,0.0,0.0,0.0,1.0,0.0,0.0,0.0,-0.001,0.0,-0.5,0.0,-13.2,-12.9,0.0148,16.0,25903.0
2026-07-30T18:58:12.842Z,62.325,62.334,-7.4,7.4,0.0,0.0,0.0,0.0,0.0,1.0,1.0,0.0,1.0,0.0,0.0,0.0,8.0,6.0,0.0,0.0,0.0,0.0,0.0,0.0,0.0,0.0,6.0,12.0,1.0,12.05,5.0200000000000005,2.51,1.49,-2.3000000000000003,0.2,2.3000000000000003,301.1,-0.1,-11.4,2.3000000000000003,8.700000000000001,-82.60000000000001,0.0,0.0,219.8,0.0,22.200000000000003,34.0,34.0,37.3,300.0,300.0,29.9,36.1,34.7,34.4,36.6,4.96,2.0,4.96,0.16,0.0,0.0,1027.0,8228.0,0.0,0.0,0.0,0.0,0.0,1.0,0.0,0.0,0.0,-0.001,0.0,0.3,0.0,-11.6,-12.7,0.015,16.0,25903.0
2026-07-30T18:58:12.850Z,62.333,62.346,-7.4,7.4,0.0,0.0,0.0,0.0,0.0,1.0,1.0,0.0,1.0,0.0,0.0,0.0,8.0,6.0,0.0,0.0,0.0,0.0,0.0,0.0,0.0,0.0,5.0,12.0,1.0,12.05,5.0200000000000005,2.51,1.49,-2.1,0.2,2.1,300.90000000000003,-0.1,-10.9,4.6000000000000005,11.0,-82.60000000000001,0.0,0.0,219.8,0.0,22.200000000000003,34.0,34.0,37.3,300.0,300.0,29.9,36.1,34.7,34.4,36.6,4.96,2.0,4.96,0.16,0.0,0.0,1027.0,8228.0,0.0,0.0,0.0,0.0,0.0,1.0,0.0,0.0,0.0,-0.001,0.0,1.9,0.0,-16.0,-12.8,0.0154,16.0,25903.0
2026-07-30T18:58:12.863Z,62.346,62.358,-7.4,7.4,0.0,0.0,0.0,0.0,0.0,1.0,1.0,0.0,1.0,0.0,0.0,0.0,8.0,6.0,0.0,0.0,0.0,0.0,0.0,0.0,0.0,0.0,1.0,12.0,1.0,12.05,5.0200000000000005,2.51,1.49,-2.1,0.2,2.1,301.0,-0.1,-10.9,3.5,11.6,-82.60000000000001,0.0,0.0,220.0,0.0,22.200000000000003,34.0,34.0,37.3,300.0,300.0,29.9,36.1,34.7,34.4,36.6,4.95,2.0,4.96,0.16,0.0,0.0,1027.0,8228.0,0.0,0.0,0.0,0.0,0.0,1.0,0.0,0.0,0.0,-0.001,0.0,0.7000000000000001,0.0,-15.8,-12.8,0.0143,16.0,25903.0
2026-07-30T18:58:12.875Z,62.358,62.370000000000005,-7.5,7.4,0.0,0.0,0.0,0.0,0.0,1.0,1.0,0.0,1.0,0.0,0.0,0.0,8.0,6.0,0.0,0.0,0.0,0.0,0.0,0.0,0.0,0.0,2.0,12.0,1.0,12.05,5.0200000000000005,2.51,1.49,-2.2,0.2,2.3000000000000003,301.2,-0.1,-12.0,1.7000000000000002,8.700000000000001,-82.60000000000001,0.0,0.0,219.9,0.0,22.200000000000003,34.0,34.0,37.3,300.0,300.0,29.9,36.1,34.7,34.4,36.6,4.95,2.0,4.96,0.16,0.0,0.0,1027.0,8228.0,0.0,0.0,0.0,0.0,0.0,1.0,0.0,0.0,0.0,-0.001,0.0,-0.1,0.0,-11.2,-12.8,0.0144,16.0,25903.0
2026-07-30T18:58:12.887Z,62.37,62.382,-7.5,7.4,0.0,0.0,0.0,0.0,0.0,1.0,1.0,0.0,1.0,0.0,0.0,0.0,8.0,6.0,0.0,0.0,0.0,0.0,0.0,0.0,0.0,0.0,3.0,12.0,1.0,12.05,5.0200000000000005,2.51,1.49,-2.1,0.2,2.1,301.0,-0.1,-11.4,2.9000000000000004,11.6,-82.60000000000001,0.0,0.0,219.9,0.0,22.200000000000003,34.0,34.0,37.3,300.0,300.0,29.9,36.1,34.7,34.4,36.6,4.95,2.0,4.96,0.16,0.0,0.0,1027.0,8228.0,0.0,0.0,0.0,0.0,0.0,1.0,0.0,0.0,0.0,-0.001,0.0,0.2,0.0,-15.4,-12.7,0.0153,16.0,25903.0
2026-07-30T18:58:12.898Z,62.381,62.394,-7.4,7.4,0.0,0.0,0.0,0.0,0.0,1.0,1.0,0.0,1.0,0.0,0.0,0.0,8.0,6.0,0.0,0.0,0.0,0.0,0.0,0.0,0.0,0.0,5.0,12.0,1.0,12.05,5.0200000000000005,2.51,1.49,-2.2,0.2,2.2,301.1,-0.1,-12.6,3.5,9.9,-82.60000000000001,0.0,0.0,219.9,0.0,22.200000000000003,34.0,34.0,37.3,300.0,300.0,29.9,36.1,34.7,34.4,36.6,4.95,2.0,4.96,0.16,0.0,0.0,1027.0,8228.0,0.0,0.0,0.0,0.0,0.0,1.0,0.0,0.0,0.0,-0.001,0.0,1.1,0.0,-13.8,-12.7,0.0144,16.0,25903.0
2026-07-30T18:58:12.911Z,62.394,62.406,-7.4,7.4,0.0,0.0,0.0,0.0,0.0,1.0,1.0,0.0,1.0,0.0,0.0,0.0,8.0,6.0,0.0,0.0,0.0,0.0,0.0,0.0,0.0,0.0,6.0,12.0,1.0,12.05,5.0200000000000005,2.51,1.49,-2.3000000000000003,0.3,2.3000000000000003,301.0,-0.1,-11.4,1.1,9.3,-82.60000000000001,0.0,0.0,219.8,0.0,22.200000000000003,34.0,34.0,37.3,300.0,300.0,29.9,36.1,34.7,34.4,36.6,4.95,2.0,4.96,0.16,0.0,0.0,1027.0,8228.0,0.0,0.0,0.0,0.0,0.0,1.0,0.0,0.0,0.0,-0.001,0.0,-0.8,0.0,-11.4,-12.8,0.0148,16.0,25903.0
2026-07-30T18:58:12.922Z,62.405,62.418,-7.4,7.4,0.0,0.0,0.0,0.0,0.0,1.0,1.0,0.0,1.0,0.0,0.0,0.0,8.0,6.0,0.0,0.0,0.0,0.0,0.0,0.0,0.0,0.0,1.0,12.0,1.0,12.05,5.0200000000000005,2.51,1.49,-2.2,0.3,2.3000000000000003,300.90000000000003,-0.1,-11.4,0.5,9.9,-82.60000000000001,0.0,0.0,219.9,0.0,22.200000000000003,34.0,34.0,37.3,300.0,300.0,29.9,36.1,34.7,34.4,36.6,4.96,2.0,4.96,0.16,0.0,0.0,1027.0,8228.0,0.0,0.0,0.0,0.0,0.0,1.0,0.0,0.0,0.0,-0.001,0.0,-1.4,0.0,-11.6,-12.8,0.0155,16.0,25903.0
2026-07-30T18:58:12.935Z,62.418,62.43,-7.4,7.4,0.0,0.0,0.0,0.0,0.0,1.0,1.0,0.0,1.0,0.0,0.0,0.0,8.0,6.0,0.0,0.0,0.0,0.0,0.0,0.0,0.0,0.0,2.0,12.0,1.0,12.05,5.01,2.51,1.49,-2.3000000000000003,0.3,2.3000000000000003,301.1,-0.1,-12.6,1.1,8.1,-82.60000000000001,0.0,0.0,219.9,0.0,22.3,34.0,34.0,37.3,300.0,300.0,30.0,36.3,34.7,34.4,36.7,4.96,2.0,4.96,0.16,0.0,0.0,1027.0,8228.0,0.0,0.0,0.0,0.0,0.0,1.0,0.0,0.0,0.0,-0.001,0.0,-0.5,0.0,-10.1,-12.8,0.0153,16.0,25903.0
2026-07-30T18:58:12.947Z,62.43,62.442,-7.4,7.4,0.0,0.0,0.0,0.0,0.0,1.0,1.0,0.0,1.0,0.0,0.0,0.0,8.0,6.0,0.0,0.0,0.0,0.0,0.0,0.0,0.0,0.0,3.0,12.0,1.0,12.05,5.01,2.51,1.49,-2.2,0.2,2.2,301.0,-0.1,-12.6,2.9000000000000004,9.3,-82.60000000000001,0.0,0.0,219.9,0.0,22.3,34.0,34.0,37.3,300.0,300.0,30.0,36.3,34.7,34.4,36.7,4.95,2.0,4.96,0.16,0.0,0.0,1027.0,8228.0,0.0,0.0,0.0,0.0,0.0,1.0,0.0,0.0,0.0,-0.001,0.0,0.7000000000000001,0.0,-12.7,-12.8,0.0158,16.0,25903.0
2026-07-30T18:58:12.959Z,62.442,62.454,-7.4,7.4,0.0,0.0,0.0,0.0,0.0,1.0,1.0,0.0,1.0,0.0,0.0,0.0,8.0,6.0,0.0,0.0,0.0,0.0,0.0,0.0,0.0,0.0,5.0,12.0,1.0,12.05,5.01,2.51,1.49,-2.3000000000000003,0.2,2.3000000000000003,301.0,-0.1,-13.2,1.7000000000000002,8.700000000000001,-82.60000000000001,0.0,0.0,219.9,0.0,22.3,34.0,34.0,37.3,300.0,300.0,30.0,36.3,34.7,34.4,36.7,4.95,2.0,4.96,0.16,0.0,0.0,1027.0,8228.0,0.0,0.0,0.0,0.0,0.0,1.0,0.0,0.0,0.0,-0.001,0.0,-0.1,0.0,-11.2,-12.8,0.0153,16.0,25903.0
2026-07-30T18:58:12.970Z,62.453,62.466,-7.5,7.4,0.0,0.0,0.0,0.0,0.0,1.0,1.0,0.0,1.0,0.0,0.0,0.0,8.0,6.0,0.0,0.0,0.0,0.0,0.0,0.0,0.0,0.0,6.0,12.0,1.0,12.05,5.01,2.51,1.49,-2.3000000000000003,0.3,2.3000000000000003,301.0,-0.1,-13.2,0.0,8.700000000000001,-82.60000000000001,0.0,0.0,219.8,0.0,22.3,34.0,34.0,37.3,300.0,300.0,30.0,36.3,34.7,34.4,36.7,4.95,2.0,4.96,0.16,0.0,0.0,1027.0,8228.0,0.0,0.0,0.0,0.0,0.0,1.0,0.0,0.0,0.0,-0.001,0.0,-1.7000000000000002,0.0,-9.9,-12.8,0.0156,16.0,25903.0
2026-07-30T18:58:12.983Z,62.466,62.478,-7.5,7.4,0.0,0.0,0.0,0.0,0.0,1.0,1.0,0.0,1.0,0.0,0.0,0.0,8.0,6.0,0.0,0.0,0.0,0.0,0.0,0.0,0.0,0.0,1.0,12.0,1.0,12.05,5.01,2.51,1.49,-2.3000000000000003,0.3,2.3000000000000003,300.90000000000003,-0.1,-13.2,1.1,9.3,-82.60000000000001,0.0,0.0,219.8,0.0,22.3,34.0,34.0,37.3,300.0,300.0,30.0,36.3,34.7,34.4,36.7,4.95,2.0,4.97,0.16,0.0,0.0,1027.0,8228.0,0.0,0.0,0.0,0.0,0.0,1.0,0.0,0.0,0.0,-0.001,0.0,-0.8,0.0,-11.4,-12.7,0.0159,16.0,25903.0
2026-07-30T18:58:12.995Z,62.478,62.49,-7.4,7.4,0.0,0.0,0.0,0.0,0.0,1.0,1.0,0.0,1.0,0.0,0.0,0.0,8.0,6.0,0.0,0.0,0.0,0.0,0.0,0.0,0.0,0.0,3.0,12.0,1.0,12.05,5.01,2.51,1.49,-2.3000000000000003,0.3,2.4000000000000004,301.0,-0.1,-12.0,1.1,7.5,-82.60000000000001,0.0,0.0,219.9,0.0,22.3,34.0,34.0,37.3,300.0,300.0,30.0,36.3,34.7,34.4,36.7,4.95,2.0,4.97,0.16,0.0,0.0,1027.0,8228.0,0.0,0.0,0.0,0.0,0.0,1.0,0.0,0.0,0.0,-0.001,0.0,-0.4,0.0,-9.4,-12.7,0.0155,16.0,25903.0
2026-07-30T18:58:13.007Z,62.49,62.502,-7.5,7.4,0.0,0.0,0.0,0.0,0.0,1.0,1.0,0.0,1.0,0.0,0.0,0.0,8.0,6.0,0.0,0.0,0.0,0.0,0.0,0.0,0.0,0.0,4.0,12.0,1.0,12.05,5.01,2.51,1.49,-2.2,0.3,2.2,301.1,-0.1,-12.6,1.1,10.4,-82.60000000000001,0.0,0.0,219.8,0.0,22.3,34.0,34.0,37.3,300.0,300.0,30.0,36.3,34.7,34.4,36.7,4.96,2.0,4.96,0.16,0.0,0.0,1027.0,8228.0,0.0,0.0,0.0,0.0,0.0,1.0,0.0,0.0,0.0,-0.001,0.0,-1.0,0.0,-12.7,-12.8,0.016,16.0,25903.0
2026-07-30T18:58:13.019Z,62.502,62.514,-7.5,7.4,0.0,0.0,0.0,0.0,0.0,1.0,1.0,0.0,1.0,0.0,0.0,0.0,8.0,6.0,0.0,0.0,0.0,0.0,0.0,0.0,0.0,0.0,5.0,12.0,1.0,12.05,5.01,2.51,1.49,-2.3000000000000003,0.3,2.3000000000000003,301.0,-0.1,-12.0,1.1,8.700000000000001,-82.60000000000001,0.0,0.0,219.8,0.0,22.3,34.0,34.0,37.3,300.0,300.0,30.0,36.3,34.7,34.4,36.7,4.95,2.0,4.96,0.16,0.0,0.0,1027.0,8228.0,0.0,0.0,0.0,0.0,0.0,1.0,0.0,0.0,0.0,-0.001,0.0,-0.6000000000000001,0.0,-10.7,-12.8,0.0152,16.0,25903.0
2026-07-30T18:58:13.032Z,62.515,62.526,-7.4,7.4,0.0,0.0,0.0,0.0,0.0,1.0,1.0,0.0,1.0,0.0,0.0,0.0,8.0,6.0,0.0,0.0,0.0,0.0,0.0,0.0,0.0,0.0,6.0,12.0,1.0,12.04,5.01,2.5,1.49,-2.2,0.2,2.2,301.0,-0.1,-10.9,2.3000000000000003,10.4,-82.60000000000001,0.0,0.0,219.7,0.0,21.9,34.0,34.0,37.3,300.0,300.0,29.8,36.4,34.7,34.4,36.6,4.95,2.0,4.96,0.16,0.0,0.0,1027.0,8228.0,0.0,0.0,0.0,0.0,0.0,1.0,0.0,0.0,0.0,-0.001,0.0,0.0,0.0,-13.6,-12.7,0.0156,16.0,25903.0
2026-07-30T18:58:13.042Z,62.525,62.538,-7.4,7.4,0.0,0.0,0.0,0.0,0.0,1.0,1.0,0.0,1.0,0.0,0.0,0.0,8.0,6.0,0.0,0.0,0.0,0.0,0.0,0.0,0.0,0.0,1.0,12.0,1.0,12.04,5.01,2.5,1.49,-2.2,0.2,2.2,301.1,-0.1,-12.0,2.9000000000000004,9.9,-82.60000000000001,0.0,0.0,219.8,0.0,21.9,34.0,34.0,37.3,300.0,300.0,29.8,36.4,34.7,34.4,36.6,4.95,2.0,4.96,0.16,0.0,0.0,1027.0,8228.0,0.0,0.0,0.0,0.0,0.0,1.0,0.0,0.0,0.0,-0.001,0.0,0.6000000000000001,0.0,-13.4,-12.8,0.0151,16.0,25903.0
2026-07-30T18:58:13.054Z,62.537,62.55,-7.4,7.4,0.0,0.0,0.0,0.0,0.0,1.0,1.0,0.0,1.0,0.0,0.0,0.0,8.0,6.0,0.0,0.0,0.0,0.0,0.0,0.0,0.0,0.0,2.0,12.0,1.0,12.04,5.01,2.5,1.49,-2.3000000000000003,0.3,2.3000000000000003,301.0,-0.1,-12.0,1.7000000000000002,9.3,-82.60000000000001,0.0,0.0,219.8,0.0,21.9,34.0,34.0,37.3,300.0,300.0,29.8,36.4,34.7,34.4,36.6,4.96,2.0,4.96,0.16,0.0,0.0,1027.0,8228.0,0.0,0.0,0.0,0.0,0.0,1.0,0.0,0.0,0.0,-0.001,0.0,-0.2,0.0,-11.8,-12.9,0.0152,16.0,25903.0
2026-07-30T18:58:13.066Z,62.549,62.562000000000005,-7.5,7.4,0.0,0.0,0.0,0.0,0.0,1.0,1.0,0.0,1.0,0.0,0.0,0.0,8.0,6.0,0.0,0.0,0.0,0.0,0.0,0.0,0.0,0.0,3.0,12.0,1.0,12.04,5.01,2.5,1.49,-2.2,0.3,2.2,301.1,-0.1,-12.0,1.7000000000000002,10.4,-82.60000000000001,0.0,0.0,219.8,0.0,21.9,34.0,34.0,37.3,300.0,300.0,29.8,36.4,34.7,34.4,36.6,4.96,2.0,4.97,0.16,0.0,0.0,1027.0,8228.0,0.0,0.0,0.0,0.0,0.0,1.0,0.0,0.0,0.0,-0.001,0.0,-0.5,0.0,-13.2,-12.9,0.0156,16.0,25903.0
2026-07-30T18:58:13.085Z,62.568,62.574,-7.5,7.4,0.0,0.0,0.0,0.0,0.0,1.0,1.0,0.0,1.0,0.0,0.0,0.0,8.0,6.0,0.0,0.0,0.0,0.0,0.0,0.0,0.0,0.0,4.0,12.0,1.0,12.04,5.01,2.5,1.49,-2.2,0.2,2.2,301.1,-0.1,-10.9,2.9000000000000004,11.0,-82.60000000000001,0.0,0.0,219.8,0.0,21.9,34.0,34.0,37.3,300.0,300.0,29.8,36.4,34.7,34.4,36.6,4.96,2.0,4.96,0.16,0.0,0.0,1027.0,8228.0,0.0,0.0,0.0,0.0,0.0,1.0,0.0,0.0,0.0,-0.001,0.0,0.4,0.0,-14.7,-12.7,0.0152,16.0,25903.0
2026-07-30T18:58:13.091Z,62.574,62.586,-7.5,7.4,0.0,0.0,0.0,0.0,0.0,1.0,1.0,0.0,1.0,0.0,0.0,0.0,8.0,6.0,0.0,0.0,0.0,0.0,0.0,0.0,0.0,0.0,2.0,12.0,1.0,12.04,5.01,2.5,1.49,-2.2,0.2,2.2,301.0,-0.1,-11.4,4.0,9.9,-82.60000000000001,0.0,0.0,219.8,0.0,21.9,34.0,34.0,37.3,300.0,300.0,29.8,36.4,34.7,34.4,36.6,4.95,2.0,4.96,0.16,0.0,0.0,1027.0,8228.0,0.0,0.0,0.0,0.0,0.0,1.0,0.0,0.0,0.0,-0.001,0.0,1.6,0.0,-14.2,-12.7,0.0148,16.0,25903.0
2026-07-30T18:58:13.103Z,62.586,62.598,-7.5,7.4,0.0,0.0,0.0,0.0,0.0,1.0,1.0,0.0,1.0,0.0,0.0,0.0,8.0,6.0,0.0,0.0,0.0,0.0,0.0,0.0,0.0,0.0,3.0,12.0,1.0,12.04,5.01,2.5,1.49,-2.1,0.2,2.1,301.1,-0.1,-10.9,3.5,13.4,-82.60000000000001,0.0,0.0,219.7,0.0,21.9,34.0,34.0,37.3,300.0,300.0,29.8,36.4,34.7,34.4,36.6,4.96,2.0,4.96,0.16,0.0,0.0,1027.0,8228.0,0.0,0.0,0.0,0.0,0.0,1.0,0.0,0.0,0.0,-0.001,0.0,0.4,0.0,-17.8,-12.8,0.0149,16.0,25903.0
2026-07-30T18:58:13.114Z,62.597,62.61,-7.5,7.4,0.0,0.0,0.0,0.0,0.0,1.0,1.0,0.0,1.0,0.0,0.0,0.0,8.0,6.0,0.0,0.0,0.0,0.0,0.0,0.0,0.0,0.0,4.0,12.0,1.0,12.04,5.01,2.5,1.49,-2.2,0.3,2.2,301.1,-0.1,-10.9,1.7000000000000002,11.0,-82.60000000000001,0.0,0.0,219.7,0.0,21.9,34.0,34.0,37.3,300.0,300.0,29.8,36.4,34.7,34.4,36.6,4.95,2.0,4.96,0.16,0.0,0.0,1027.0,8228.0,0.0,0.0,0.0,0.0,0.0,1.0,0.0,0.0,0.0,-0.001,0.0,-0.6000000000000001,0.0,-13.9,-12.7,0.0141,16.0,25903.0
2026-07-30T18:58:13.127Z,62.61,62.622,-7.5,7.4,0.0,0.0,0.0,0.0,0.0,1.0,1.0,0.0,1.0,0.0,0.0,0.0,8.0,6.0,0.0,0.0,0.0,0.0,0.0,0.0,0.0,0.0,5.0,12.0,1.0,12.04,5.01,2.5,1.49,-2.2,0.3,2.2,301.1,-0.1,-11.4,1.7000000000000002,10.4,-82.5,0.0,0.0,219.8,0.0,21.9,34.0,34.0,37.3,300.0,300.0,29.8,36.4,34.7,34.4,36.6,4.95,2.0,4.96,0.16,0.0,0.0,1027.0,8228.0,0.0,0.0,0.0,0.0,0.0,1.0,0.0,0.0,0.0,-0.001,0.0,-0.5,0.0,-13.2,-12.6,0.0148,16.0,25903.0
2026-07-30T18:58:13.139Z,62.622,62.634,-7.4,7.4,0.0,0.0,0.0,0.0,0.0,1.0,1.0,0.0,1.0,0.0,0.0,0.0,8.0,6.0,0.0,0.0,0.0,0.0,0.0,0.0,0.0,0.0,6.0,12.0,1.0,12.04,5.01,2.51,1.5,-2.2,0.2,2.2,301.1,-0.1,-11.4,4.0,9.9,-82.5,0.0,0.0,219.8,0.0,22.200000000000003,34.0,34.0,37.3,300.0,300.0,29.9,36.4,34.7,34.5,36.7,4.95,2.0,4.96,0.16,0.0,0.0,1027.0,8228.0,0.0,0.0,0.0,0.0,0.0,1.0,0.0,0.0,0.0,-0.001,0.0,1.6,0.0,-14.2,-12.6,0.0149,16.0,25903.0
2026-07-30T18:58:13.150Z,62.633,62.646,-7.4,7.4,0.0,0.0,0.0,0.0,0.0,1.0,1.0,0.0,1.0,0.0,0.0,0.0,8.0,6.0,0.0,0.0,0.0,0.0,0.0,0.0,0.0,0.0,1.0,12.0,1.0,12.04,5.01,2.51,1.5,-2.2,0.3,2.3000000000000003,300.90000000000003,-0.1,-12.0,1.7000000000000002,9.3,-82.5,0.0,0.0,219.8,0.0,22.200000000000003,34.0,34.0,37.3,300.0,300.0,29.9,36.4,34.7,34.5,36.7,4.96,2.0,4.96,0.16,0.0,0.0,1027.0,8228.0,0.0,0.0,0.0,0.0,0.0,1.0,0.0,0.0,0.0,-0.001,0.0,-0.2,0.0,-11.8,-12.8,0.0148,16.0,25903.0
2026-07-30T18:58:13.163Z,62.646,62.658,-7.5,7.4,0.0,0.0,0.0,0.0,0.0,1.0,1.0,0.0,1.0,0.0,0.0,0.0,8.0,6.0,0.0,0.0,0.0,0.0,0.0,0.0,0.0,0.0,2.0,12.0,1.0,12.04,5.01,2.51,1.5,-2.1,0.3,2.1,301.0,-0.1,-10.9,2.3000000000000003,11.6,-82.5,0.0,0.0,219.7,0.0,22.200000000000003,34.0,34.0,37.3,300.0,300.0,29.9,36.4,34.7,34.5,36.7,4.96,2.0,4.96,0.16,0.0,0.0,1027.0,8228.0,0.0,0.0,0.0,0.0,0.0,1.0,0.0,0.0,0.0,-0.001,0.0,-0.1,0.0,-14.9,-12.8,0.0154,16.0,25903.0
2026-07-30T18:58:13.175Z,62.658,62.67,-7.5,7.4,0.0,0.0,0.0,0.0,0.0,1.0,1.0,0.0,1.0,0.0,0.0,0.0,8.0,6.0,0.0,0.0,0.0,0.0,0.0,0.0,0.0,0.0,3.0,12.0,1.0,12.04,5.01,2.51,1.5,-2.2,0.2,2.2,301.1,-0.1,-10.9,3.5,9.9,-82.5,0.0,0.0,219.6,0.0,22.200000000000003,34.0,34.0,37.3,300.0,300.0,29.9,36.4,34.7,34.5,36.7,4.96,2.0,4.96,0.17,0.0,0.0,1027.0,8228.0,0.0,0.0,0.0,0.0,0.0,1.0,0.0,0.0,0.0,-0.001,0.0,1.2000000000000002,0.0,-13.8,-12.7,0.0146,16.0,25903.0
2026-07-30T18:58:13.187Z,62.67,62.682,-7.4,7.4,0.0,0.0,0.0,0.0,0.0,1.0,1.0,0.0,1.0,0.0,0.0,0.0,8.0,6.0,0.0,0.0,0.0,0.0,0.0,0.0,0.0,0.0,5.0,12.0,1.0,12.04,5.01,2.51,1.5,-2.2,0.2,2.2,301.0,-0.1,-10.3,4.0,9.9,-82.5,0.0,0.0,219.8,0.0,22.200000000000003,34.0,34.0,37.3,300.0,300.0,29.9,36.4,34.7,34.5,36.7,4.95,1.99,4.96,0.16,0.0,0.0,1027.0,8228.0,0.0,0.0,0.0,0.0,0.0,1.0,0.0,0.0,0.0,-0.001,0.0,1.6,0.0,-14.2,-12.7,0.0148,16.0,25903.0
2026-07-30T18:58:13.198Z,62.681,62.694,-7.4,7.4,0.0,0.0,0.0,0.0,0.0,1.0,1.0,0.0,1.0,0.0,0.0,0.0,8.0,6.0,0.0,0.0,0.0,0.0,0.0,0.0,0.0,0.0,6.0,12.0,1.0,12.04,5.01,2.51,1.5,-2.1,0.2,2.2,301.0,-0.1,-11.4,3.5,10.4,-82.5,0.0,0.0,219.8,0.0,22.200000000000003,34.0,34.0,37.3,300.0,300.0,29.9,36.4,34.7,34.5,36.7,4.96,1.99,4.97,0.16,0.0,0.0,1027.0,8228.0,0.0,0.0,0.0,0.0,0.0,1.0,0.0,0.0,0.0,-0.001,0.0,1.0,0.0,-14.5,-12.8,0.0147,16.0,25903.0
2026-07-30T18:58:13.210Z,62.693,62.706,-7.5,7.4,0.0,0.0,0.0,0.0,0.0,1.0,1.0,0.0,1.0,0.0,0.0,0.0,8.0,6.0,0.0,0.0,0.0,0.0,0.0,0.0,0.0,0.0,1.0,12.0,1.0,12.04,5.01,2.51,1.5,-2.2,0.2,2.2,301.1,-0.1,-10.9,2.9000000000000004,9.9,-82.5,0.0,0.0,219.7,0.0,22.200000000000003,34.0,34.0,37.3,300.0,300.0,29.9,36.4,34.7,34.5,36.7,4.96,2.0,4.96,0.16,0.0,0.0,1027.0,8228.0,0.0,0.0,0.0,0.0,0.0,1.0,0.0,0.0,0.0,-0.001,0.0,0.6000000000000001,0.0,-13.4,-12.8,0.0147,16.0,25903.0
2026-07-30T18:58:13.222Z,62.705,62.718,-7.4,7.4,0.0,0.0,0.0,0.0,0.0,1.0,1.0,0.0,1.0,0.0,0.0,0.0,8.0,6.0,0.0,0.0,0.0,0.0,0.0,0.0,0.0,0.0,2.0,12.0,1.0,12.04,5.01,2.51,1.5,-2.2,0.3,2.2,300.90000000000003,-0.1,-10.9,1.1,9.9,-82.4,0.0,0.0,219.8,0.0,22.200000000000003,34.0,34.0,37.3,300.0,300.0,29.9,36.4,34.7,34.5,36.7,4.96,2.0,4.96,0.16,0.0,0.0,1027.0,8228.0,0.0,0.0,0.0,0.0,0.0,1.0,0.0,0.0,0.0,-0.001,0.0,-0.9,0.0,-12.1,-12.6,0.0148,16.0,25903.0
2026-07-30T18:58:13.235Z,62.718,62.73,-7.4,7.4,0.0,0.0,0.0,0.0,0.0,1.0,1.0,0.0,1.0,0.0,0.0,0.0,8.0,6.0,0.0,0.0,0.0,0.0,0.0,0.0,0.0,0.0,3.0,12.0,1.0,12.06,5.01,2.5,1.5,-2.3000000000000003,0.3,2.3000000000000003,301.0,0.0,-12.6,1.7000000000000002,9.3,-82.4,0.0,0.0,219.8,0.0,22.1,34.0,34.0,37.3,300.0,300.0,30.0,36.2,34.7,34.5,36.6,4.96,2.0,4.96,0.16,0.0,0.0,1027.0,8228.0,0.0,0.0,0.0,0.0,0.0,1.0,0.0,0.0,0.0,-0.001,0.0,-0.2,0.0,-11.8,-12.8,0.0152,16.0,25903.0
2026-07-30T18:58:13.246Z,62.729,62.742,-7.4,7.4,0.0,0.0,0.0,0.0,0.0,1.0,1.0,0.0,1.0,0.0,0.0,0.0,8.0,6.0,0.0,0.0,0.0,0.0,0.0,0.0,0.0,0.0,4.0,12.0,1.0,12.06,5.01,2.5,1.5,-2.2,0.3,2.2,301.1,0.0,-12.0,2.3000000000000003,9.9,-82.4,0.0,0.0,219.8,0.0,22.1,34.0,34.0,37.3,300.0,300.0,30.0,36.2,34.7,34.5,36.6,4.95,2.0,4.96,0.16,0.0,0.0,1027.0,8228.0,0.0,0.0,0.0,0.0,0.0,1.0,0.0,0.0,0.0,-0.001,0.0,0.1,0.0,-12.9,-12.9,0.015,16.0,25903.0
2026-07-30T18:58:13.258Z,62.741,62.754,-7.5,7.4,0.0,0.0,0.0,0.0,0.0,1.0,1.0,0.0,1.0,0.0,0.0,0.0,8.0,6.0,0.0,0.0,0.0,0.0,0.0,0.0,0.0,0.0,5.0,12.0,1.0,12.06,5.01,2.5,1.5,-2.3000000000000003,0.2,2.3000000000000003,300.90000000000003,-0.1,-12.0,1.7000000000000002,8.1,-82.5,0.0,0.0,219.8,0.0,22.1,34.0,34.0,37.3,300.0,300.0,30.0,36.2,34.7,34.5,36.6,4.95,2.0,4.97,0.16,0.0,0.0,1027.0,8228.0,0.0,0.0,0.0,0.0,0.0,1.0,0.0,0.0,0.0,-0.001,0.0,0.0,0.0,-10.5,-12.9,0.0156,16.0,25903.0
2026-07-30T18:58:13.270Z,62.753,62.766,-7.4,7.4,0.0,0.0,0.0,0.0,0.0,1.0,1.0,0.0,1.0,0.0,0.0,0.0,8.0,6.0,0.0,0.0,0.0,0.0,0.0,0.0,0.0,0.0,6.0,12.0,1.0,12.06,5.01,2.5,1.5,-2.2,0.2,2.2,301.1,-0.1,-12.0,2.9000000000000004,9.9,-82.5,0.0,0.0,219.8,0.0,22.1,34.0,34.0,37.3,300.0,300.0,30.0,36.2,34.7,34.5,36.6,4.95,2.0,4.96,0.16,0.0,0.0,1027.0,8228.0,0.0,0.0,0.0,0.0,0.0,1.0,0.0,0.0,0.0,-0.001,0.0,0.6000000000000001,0.0,-13.4,-12.7,0.015,16.0,25903.0
2026-07-30T18:58:13.283Z,62.766,62.778,-7.5,7.4,0.0,0.0,0.0,0.0,0.0,1.0,1.0,0.0,1.0,0.0,0.0,0.0,8.0,6.0,0.0,0.0,0.0,0.0,0.0,0.0,0.0,0.0,1.0,12.0,1.0,12.06,5.01,2.5,1.5,-2.3000000000000003,0.2,2.3000000000000003,301.1,-0.1,-13.8,2.3000000000000003,9.3,-82.5,0.0,0.0,219.8,0.0,22.1,34.0,34.0,37.3,300.0,300.0,30.0,36.2,34.7,34.5,36.6,4.95,2.0,4.96,0.16,0.0,0.0,1027.0,8228.0,0.0,0.0,0.0,0.0,0.0,1.0,0.0,0.0,0.0,-0.001,0.0,0.2,0.0,-12.3,-12.9,0.0148,16.0,25903.0
2026-07-30T18:58:13.295Z,62.778,62.79,-7.5,7.4,0.0,0.0,0.0,0.0,0.0,1.0,1.0,0.0,1.0,0.0,0.0,0.0,8.0,6.0,0.0,0.0,0.0,0.0,0.0,0.0,0.0,0.0,2.0,12.0,1.0,12.06,5.01,2.5,1.5,-2.3000000000000003,0.3,2.3000000000000003,301.0,-0.1,-13.2,1.7000000000000002,8.700000000000001,-82.5,0.0,0.0,219.8,0.0,22.1,34.0,34.0,37.3,300.0,300.0,30.0,36.2,34.7,34.5,36.6,4.95,2.0,4.96,0.16,0.0,0.0,1027.0,8228.0,0.0,0.0,0.0,0.0,0.0,1.0,0.0,0.0,0.0,-0.001,0.0,-0.1,0.0,-11.2,-12.8,0.0149,16.0,25903.0
2026-07-30T18:58:13.307Z,62.79,62.802,-7.5,7.4,0.0,0.0,0.0,0.0,0.0,1.0,1.0,0.0,1.0,0.0,0.0,0.0,8.0,6.0,0.0,0.0,0.0,0.0,0.0,0.0,0.0,0.0,4.0,12.0,1.0,12.06,5.01,2.5,1.5,-2.2,0.3,2.2,301.1,-0.1,-12.6,0.5,10.4,-82.5,0.0,0.0,219.7,0.0,22.1,34.0,34.0,37.3,300.0,300.0,30.0,36.2,34.7,34.5,36.6,4.95,2.0,4.96,0.16,0.0,0.0,1027.0,8228.0,0.0,0.0,0.0,0.0,0.0,1.0,0.0,0.0,0.0,-0.001,0.0,-1.5,0.0,-14.5,-12.7,0.0147,16.0,25903.0
2026-07-30T18:58:13.318Z,62.801,62.814,-7.5,7.4,0.0,0.0,0.0,0.0,0.0,1.0,1.0,0.0,1.0,0.0,0.0,0.0,8.0,6.0,0.0,0.0,0.0,0.0,0.0,0.0,0.0,0.0,5.0,12.0,1.0,12.06,5.01,2.5,1.5,-2.1,0.2,2.1,301.0,-0.1,-11.4,3.5,10.4,-82.5,0.0,0.0,219.9,0.0,22.1,34.0,34.0,37.3,300.0,300.0,30.0,36.2,34.7,34.5,36.6,4.95,2.0,4.96,0.16,0.0,0.0,1027.0,8228.0,0.0,0.0,0.0,0.0,0.0,1.0,0.0,0.0,0.0,-0.001,0.0,1.0,0.0,-14.5,-12.7,0.0147,16.0,25903.0
2026-07-30T18:58:13.331Z,62.814,62.826,-7.4,7.4,0.0,0.0,0.0,0.0,0.0,1.0,1.0,0.0,1.0,0.0,0.0,0.0,8.0,6.0,0.0,0.0,0.0,0.0,0.0,0.0,0.0,0.0,6.0,12.0,1.0,12.06,5.01,2.5,1.5,-2.1,0.3,2.2,301.0,-0.1,-12.0,1.7000000000000002,10.4,-82.5,0.0,0.0,219.8,0.0,22.1,34.0,34.0,37.3,300.0,300.0,30.0,36.2,34.7,34.5,36.6,4.96,2.0,4.96,0.16,0.0,0.0,1027.0,8228.0,0.0,0.0,0.0,0.0,0.0,1.0,0.0,0.0,0.0,-0.001,0.0,-0.2,0.0,-14.9,-12.7,0.0146,16.0,25903.0
2026-07-30T18:58:13.343Z,62.826,62.838,-7.4,7.4,0.0,0.0,0.0,0.0,0.0,1.0,1.0,0.0,1.0,0.0,0.0,0.0,8.0,6.0,0.0,0.0,0.0,0.0,0.0,0.0,0.0,0.0,2.0,12.0,1.0,12.04,5.0200000000000005,2.5,1.5,-2.2,0.2,2.2,301.0,-0.1,-12.0,1.7000000000000002,9.3,-82.5,0.0,0.0,219.7,0.0,22.1,34.0,34.0,37.4,300.0,300.0,30.0,36.2,34.800000000000004,34.5,36.7,4.95,2.0,4.96,0.16,0.0,0.0,1027.0,8228.0,0.0,0.0,0.0,0.0,0.0,1.0,0.0,0.0,0.0,-0.001,0.0,0.5,0.0,-14.0,-12.9,0.0148,16.0,25903.0
2026-07-30T18:58:13.354Z,62.837,62.85,-7.5,7.4,0.0,0.0,0.0,0.0,0.0,1.0,1.0,0.0,1.0,0.0,0.0,0.0,8.0,6.0,0.0,0.0,0.0,0.0,0.0,0.0,0.0,0.0,3.0,12.0,1.0,12.04,5.0200000000000005,2.5,1.5,-2.2,0.3,2.2,301.1,-0.1,-12.0,1.1,9.9,-82.5,0.0,0.0,219.8,0.0,22.1,34.0,34.0,37.4,300.0,300.0,30.0,36.2,34.800000000000004,34.5,36.7,4.96,2.0,4.96,0.16,0.0,0.0,1027.0,8228.0,0.0,0.0,0.0,0.0,0.0,1.0,0.0,0.0,0.0,-0.001,0.0,-0.9,0.0,-12.1,-12.8,0.0149,16.0,25903.0
2026-07-30T18:58:13.366Z,62.849,62.862,-7.4,7.4,0.0,0.0,0.0,0.0,0.0,1.0,1.0,0.0,1.0,0.0,0.0,0.0,8.0,6.0,0.0,0.0,0.0,0.0,0.0,0.0,0.0,0.0,4.0,12.0,1.0,12.04,5.0200000000000005,2.5,1.5,-2.2,0.2,2.2,301.1,-0.1,-10.9,3.5,9.9,-82.5,0.0,0.0,219.8,0.0,22.1,34.0,34.0,37.4,300.0,300.0,30.0,36.2,34.800000000000004,34.5,36.7,4.96,2.0,4.96,0.16,0.0,0.0,1027.0,8228.0,0.0,0.0,0.0,0.0,0.0,1.0,0.0,0.0,0.0,-0.001,0.0,1.1,0.0,-13.8,-12.7,0.0152,16.0,25903.0
2026-07-30T18:58:13.378Z,62.861,62.874,-7.4,7.4,0.0,0.0,0.0,0.0,0.0,1.0,1.0,0.0,1.0,0.0,0.0,0.0,8.0,6.0,0.0,0.0,0.0,0.0,0.0,0.0,0.0,0.0,5.0,12.0,1.0,12.04,5.0200000000000005,2.5,1.5,-2.1,0.2,2.1,301.0,-0.1,-10.9,3.5,12.2,-82.5,0.0,0.0,219.8,0.0,22.1,34.0,34.0,37.4,300.0,300.0,30.0,36.2,34.800000000000004,34.5,36.7,4.95,2.0,4.96,0.16,0.0,0.0,1027.0,8228.0,0.0,0.0,0.0,0.0,0.0,1.0,0.0,0.0,0.0,-0.001,0.0,0.6000000000000001,0.0,-16.5,-12.8,0.0149,16.0,25903.0
2026-07-30T18:58:13.394Z,62.877,62.886,-7.4,7.4,0.0,0.0,0.0,0.0,0.0,1.0,1.0,0.0,1.0,0.0,0.0,0.0,8.0,6.0,0.0,0.0,0.0,0.0,0.0,0.0,0.0,0.0,6.0,12.0,1.0,12.04,5.0200000000000005,2.5,1.5,-2.2,0.3,2.3000000000000003,301.0,-0.1,-12.0,1.7000000000000002,9.3,-82.5,0.0,0.0,219.8,0.0,22.1,34.0,34.0,37.4,300.0,300.0,30.0,36.2,34.800000000000004,34.5,36.7,4.95,2.0,4.96,0.16,0.0,0.0,1027.0,8228.0,0.0,0.0,0.0,0.0,0.0,1.0,0.0,0.0,0.0,-0.001,0.0,-0.2,0.0,-11.8,-12.8,0.0144,16.0,25903.0
2026-07-30T18:58:13.403Z,62.886,62.898,-7.5,7.4,0.0,0.0,0.0,0.0,0.0,1.0,1.0,0.0,1.0,0.0,0.0,0.0,8.0,6.0,0.0,0.0,0.0,0.0,0.0,0.0,0.0,0.0,5.0,12.0,1.0,12.04,5.0200000000000005,2.5,1.5,-2.2,0.3,2.2,301.1,-0.1,-12.0,1.7000000000000002,10.4,-82.5,0.0,0.0,219.7,0.0,22.1,34.0,34.0,37.4,300.0,300.0,30.0,36.2,34.800000000000004,34.5,36.7,4.96,2.0,4.96,0.16,0.0,0.0,1027.0,8228.0,0.0,0.0,0.0,0.0,0.0,1.0,0.0,0.0,0.0,-0.001,0.0,-0.4,0.0,-13.2,-12.8,0.0154,16.0,25903.0
2026-07-30T18:58:13.415Z,62.898,62.91,-7.5,7.4,0.0,0.0,0.0,0.0,0.0,1.0,1.0,0.0,1.0,0.0,0.0,0.0,8.0,6.0,0.0,0.0,0.0,0.0,0.0,0.0,0.0,0.0,5.0,12.0,1.0,12.04,5.0200000000000005,2.5,1.5,-2.3000000000000003,0.3,2.3000000000000003,300.90000000000003,-0.1,-12.0,1.1,8.1,-82.5,0.0,0.0,219.8,0.0,22.1,34.0,34.0,37.4,300.0,300.0,30.0,36.2,34.800000000000004,34.5,36.7,4.96,2.0,4.96,0.15,0.0,0.0,1027.0,8228.0,0.0,0.0,0.0,0.0,0.0,1.0,0.0,0.0,0.0,-0.001,0.0,-0.5,0.0,-10.1,-12.7,0.0149,16.0,25903.0
2026-07-30T18:58:13.426Z,62.909,62.922,-7.4,7.4,0.0,0.0,0.0,0.0,0.0,1.0,1.0,0.0,1.0,0.0,0.0,0.0,8.0,6.0,0.0,0.0,0.0,0.0,0.0,0.0,0.0,0.0,6.0,12.0,1.0,12.04,5.0200000000000005,2.5,1.5,-2.2,0.2,2.2,301.0,-0.1,-12.6,2.9000000000000004,10.4,-82.4,0.0,0.0,219.8,0.0,22.1,34.0,34.0,37.4,300.0,300.0,30.0,36.2,34.800000000000004,34.5,36.7,4.95,2.0,4.96,0.16,0.0,0.0,1027.0,8228.0,0.0,0.0,0.0,0.0,0.0,1.0,0.0,0.0,0.0,-0.001,0.0,0.5,0.0,-14.0,-12.7,0.0156,16.0,25903.0
2026-07-30T18:58:13.439Z,62.922,62.934000000000005,-7.4,7.4,0.0,0.0,0.0,0.0,0.0,1.0,1.0,0.0,1.0,0.0,0.0,0.0,8.0,6.0,0.0,0.0,0.0,0.0,0.0,0.0,0.0,0.0,1.0,12.0,1.0,12.06,5.0200000000000005,2.5,1.49,-2.3000000000000003,0.3,2.3000000000000003,301.1,-0.1,-13.2,1.1,7.5,-82.4,0.0,0.0,219.8,0.0,22.1,34.1,34.0,37.4,300.0,300.0,30.0,36.4,34.800000000000004,34.5,36.7,4.96,2.0,4.96,0.16,0.0,0.0,1027.0,8228.0,0.0,0.0,0.0,0.0,0.0,1.0,0.0,0.0,0.0,-0.001,0.0,-0.4,0.0,-9.4,-12.8,0.0148,16.0,25903.0
2026-07-30T18:58:13.451Z,62.934,62.946,-7.5,7.4,0.0,0.0,0.0,0.0,0.0,1.0,1.0,0.0,1.0,0.0,0.0,0.0,8.0,6.0,0.0,0.0,0.0,0.0,0.0,0.0,0.0,0.0,2.0,12.0,1.0,12.06,5.0200000000000005,2.5,1.49,-2.3000000000000003,0.3,2.3000000000000003,301.0,-0.1,-12.6,0.5,8.1,-82.4,0.0,0.0,219.8,0.0,22.1,34.1,34.0,37.4,300.0,300.0,30.0,36.4,34.800000000000004,34.5,36.7,4.96,2.0,4.96,0.16,0.0,0.0,1027.0,8228.0,0.0,0.0,0.0,0.0,0.0,1.0,0.0,0.0,0.0,-0.001,0.0,-1.0,0.0,-9.6,-12.8,0.0159,16.0,25903.0
2026-07-30T18:58:13.463Z,62.946,62.958,-7.5,7.4,0.0,0.0,0.0,0.0,0.0,1.0,1.0,0.0,1.0,0.0,0.0,0.0,8.0,6.0,0.0,0.0,0.0,0.0,0.0,0.0,0.0,0.0,3.0,12.0,1.0,12.06,5.0200000000000005,2.5,1.49,-2.3000000000000003,0.3,2.3000000000000003,301.0,-0.1,-12.0,1.1,8.700000000000001,-82.4,0.0,0.0,219.8,0.0,22.1,34.1,34.0,37.4,300.0,300.0,30.0,36.4,34.800000000000004,34.5,36.7,4.96,2.0,4.97,0.16,0.0,0.0,1027.0,8228.0,0.0,0.0,0.0,0.0,0.0,1.0,0.0,0.0,0.0,-0.001,0.0,-0.6000000000000001,0.0,-10.7,-12.8,0.0157,16.0,25903.0
2026-07-30T18:58:13.475Z,62.958,62.97,-7.4,7.4,0.0,0.0,0.0,0.0,0.0,1.0,1.0,0.0,1.0,0.0,0.0,0.0,8.0,6.0,0.0,0.0,0.0,0.0,0.0,0.0,0.0,0.0,4.0,12.0,1.0,12.06,5.0200000000000005,2.5,1.49,-2.2,0.3,2.3000000000000003,301.1,-0.1,-13.8,1.7000000000000002,9.3,-82.4,0.0,0.0,219.8,0.0,22.1,34.1,34.0,37.4,300.0,300.0,30.0,36.4,34.800000000000004,34.5,36.7,4.95,2.0,4.97,0.16,0.0,0.0,1027.0,8228.0,0.0,0.0,0.0,0.0,0.0,1.0,0.0,0.0,0.0,-0.001,0.0,-0.2,0.0,-11.8,-12.7,0.0155,16.0,25903.0
2026-07-30T18:58:13.487Z,62.97,62.982,-7.4,7.4,0.0,0.0,0.0,0.0,0.0,1.0,1.0,0.0,1.0,0.0,0.0,0.0,8.0,6.0,0.0,0.0,0.0,0.0,0.0,0.0,0.0,0.0,5.0,12.0,1.0,12.06,5.0200000000000005,2.5,1.49,-2.4000000000000004,0.3,2.4000000000000004,301.0,-0.1,-12.6,0.5,6.9,-82.4,0.0,0.0,219.9,0.0,22.1,34.1,34.0,37.4,300.0,300.0,30.0,36.4,34.800000000000004,34.5,36.7,4.96,2.0,4.96,0.16,0.0,0.0,1027.0,8228.0,0.0,0.0,0.0,0.0,0.0,1.0,0.0,0.0,0.0,-0.001,0.0,-0.8,0.0,-8.3,-12.8,0.0153,16.0,25903.0
2026-07-30T18:58:13.499Z,62.982,62.994,-7.5,7.4,0.0,0.0,0.0,0.0,0.0,1.0,1.0,0.0,1.0,0.0,0.0,0.0,8.0,6.0,0.0,0.0,0.0,0.0,0.0,0.0,0.0,0.0,1.0,12.0,1.0,12.06,5.0200000000000005,2.5,1.49,-2.2,0.2,2.2,301.1,-0.1,-11.4,2.3000000000000003,11.0,-82.4,0.0,0.0,219.7,0.0,22.1,34.1,34.0,37.4,300.0,300.0,30.0,36.4,34.800000000000004,34.5,36.7,4.95,2.0,4.96,0.16,0.0,0.0,1027.0,8228.0,0.0,0.0,0.0,0.0,0.0,1.0,0.0,0.0,0.0,-0.001,0.0,0.0,0.0,-14.3,-12.9,0.0162,16.0,25903.0
2026-07-30T18:58:13.510Z,62.993,63.006,-7.5,7.4,0.0,0.0,0.0,0.0,0.0,1.0,1.0,0.0,1.0,0.0,0.0,0.0,8.0,6.0,0.0,0.0,0.0,0.0,0.0,0.0,0.0,0.0,2.0,12.0,1.0,12.06,5.0200000000000005,2.5,1.49,-2.2,0.3,2.3000000000000003,301.0,-0.1,-13.2,1.1,9.9,-82.4,0.0,0.0,219.8,0.0,22.1,34.1,34.0,37.4,300.0,300.0,30.0,36.4,34.800000000000004,34.5,36.7,4.95,2.0,4.96,0.16,0.0,0.0,1027.0,8228.0,0.0,0.0,0.0,0.0,0.0,1.0,0.0,0.0,0.0,-0.001,0.0,-0.9,0.0,-12.1,-12.8,0.0148,16.0,25903.0
2026-07-30T18:58:13.522Z,63.005,63.018,-7.4,7.4,0.0,0.0,0.0,0.0,0.0,1.0,1.0,0.0,1.0,0.0,0.0,0.0,8.0,6.0,0.0,0.0,0.0,0.0,0.0,0.0,0.0,0.0,3.0,12.0,1.0,12.06,5.0200000000000005,2.5,1.49,-2.3000000000000003,0.3,2.3000000000000003,301.0,-0.1,-10.9,1.1,8.700000000000001,-82.4,0.0,0.0,219.9,0.0,22.1,34.1,34.0,37.4,300.0,300.0,30.0,36.4,34.800000000000004,34.5,36.7,4.96,2.0,4.96,0.16,0.0,0.0,1027.0,8228.0,0.0,0.0,0.0,0.0,0.0,1.0,0.0,0.0,0.0,-0.001,0.0,-0.7000000000000001,0.0,-10.7,-12.7,0.0153,16.0,25903.0
2026-07-30T18:58:13.534Z,63.017,63.03,-7.4,7.4,0.0,0.0,0.0,0.0,0.0,1.0,1.0,0.0,1.0,0.0,0.0,0.0,8.0,6.0,0.0,0.0,0.0,0.0,0.0,0.0,0.0,0.0,5.0,12.0,1.0,12.06,5.0200000000000005,2.5,1.49,-2.2,0.3,2.2,301.1,-0.1,-12.0,1.7000000000000002,11.0,-82.5,0.0,0.0,219.8,0.0,22.1,34.1,34.0,37.4,300.0,300.0,30.0,36.4,34.800000000000004,34.5,36.7,4.96,2.0,4.97,0.16,0.0,0.0,1027.0,8228.0,0.0,0.0,0.0,0.0,0.0,1.0,0.0,0.0,0.0,-0.001,0.0,-0.6000000000000001,0.0,-13.8,-12.9,0.0157,16.0,25903.0
2026-07-30T18:58:13.546Z,63.029,63.042,-7.5,7.4,0.0,0.0,0.0,0.0,0.0,1.0,1.0,0.0,1.0,0.0,0.0,0.0,8.0,6.0,0.0,0.0,0.0,0.0,0.0,0.0,0.0,0.0,6.0,12.0,1.0,12.05,5.01,2.5,1.49,-2.3000000000000003,0.2,2.3000000000000003,301.0,-0.1,-12.0,1.7000000000000002,9.3,-82.5,0.0,0.0,219.8,0.0,22.1,34.1,34.1,37.4,300.0,300.0,30.0,36.4,34.800000000000004,34.5,36.7,4.95,2.0,4.96,0.16,0.0,0.0,1027.0,8228.0,0.0,0.0,0.0,0.0,0.0,1.0,0.0,0.0,0.0,-0.001,0.0,-0.2,0.0,-11.8,-12.9,0.0151,16.0,25903.0
2026-07-30T18:58:13.559Z,63.042,63.054,-7.5,7.4,0.0,0.0,0.0,0.0,0.0,1.0,1.0,0.0,1.0,0.0,0.0,0.0,8.0,6.0,0.0,0.0,0.0,0.0,0.0,0.0,0.0,0.0,1.0,12.0,1.0,12.05,5.01,2.5,1.49,-2.2,0.2,2.2,301.1,-0.1,-12.0,2.3000000000000003,10.4,-82.5,0.0,0.0,219.8,0.0,22.1,34.1,34.1,37.4,300.0,300.0,30.0,36.4,34.800000000000004,34.5,36.7,4.95,2.0,4.96,0.16,0.0,0.0,1027.0,8228.0,0.0,0.0,0.0,0.0,0.0,1.0,0.0,0.0,0.0,-0.001,0.0,0.0,0.0,-13.6,-12.8,0.0155,16.0,25903.0
2026-07-30T18:58:13.570Z,63.053,63.066,-7.5,7.4,0.0,0.0,0.0,0.0,0.0,1.0,1.0,0.0,1.0,0.0,0.0,0.0,8.0,6.0,0.0,0.0,0.0,0.0,0.0,0.0,0.0,0.0,3.0,12.0,1.0,12.05,5.01,2.5,1.49,-2.1,0.2,2.1,301.1,-0.1,-10.3,5.2,11.6,-82.5,0.0,0.0,219.7,0.0,22.1,34.1,34.1,37.4,300.0,300.0,30.0,36.4,34.800000000000004,34.5,36.7,4.96,2.0,4.96,0.16,0.0,0.0,1027.0,8228.0,0.0,0.0,0.0,0.0,0.0,1.0,0.0,0.0,0.0,-0.001,0.0,2.4000000000000004,0.0,-17.1,-12.7,0.015,16.0,25903.0
2026-07-30T18:58:13.582Z,63.065,63.078,-7.5,7.4,0.0,0.0,0.0,0.0,0.0,1.0,1.0,0.0,1.0,0.0,0.0,0.0,8.0,6.0,0.0,0.0,0.0,0.0,0.0,0.0,0.0,0.0,4.0,12.0,1.0,12.05,5.01,2.5,1.49,-2.2,0.2,2.2,301.0,-0.1,-10.3,2.3000000000000003,9.9,-82.5,0.0,0.0,219.8,0.0,22.1,34.1,34.1,37.4,300.0,300.0,30.0,36.4,34.800000000000004,34.5,36.7,4.95,2.0,4.96,0.16,0.0,0.0,1027.0,8228.0,0.0,0.0,0.0,0.0,0.0,1.0,0.0,0.0,0.0,-0.001,0.0,0.1,0.0,-12.9,-12.7,0.0141,16.0,25903.0
2026-07-30T18:58:13.595Z,63.078,63.09,-7.5,7.4,0.0,0.0,0.0,0.0,0.0,1.0,1.0,0.0,1.0,0.0,0.0,0.0,8.0,6.0,0.0,0.0,0.0,0.0,0.0,0.0,0.0,0.0,5.0,12.0,1.0,12.05,5.01,2.5,1.49,-2.1,0.2,2.1,301.1,-0.1,-11.4,2.3000000000000003,11.6,-82.5,0.0,0.0,219.8,0.0,22.1,34.1,34.1,37.4,300.0,300.0,30.0,36.4,34.800000000000004,34.5,36.7,4.95,2.0,4.96,0.16,0.0,0.0,1027.0,8228.0,0.0,0.0,0.0,0.0,0.0,1.0,0.0,0.0,0.0,-0.001,0.0,-0.2,0.0,-14.9,-12.7,0.015,16.0,25903.0
2026-07-30T18:58:13.607Z,63.09,63.102,-7.5,7.4,0.0,0.0,0.0,0.0,0.0,1.0,1.0,0.0,1.0,0.0,0.0,0.0,8.0,6.0,0.0,0.0,0.0,0.0,0.0,0.0,0.0,0.0,6.0,12.0,1.0,12.05,5.01,2.5,1.49,-2.1,0.2,2.1,301.1,-0.1,-10.9,3.5,11.6,-82.5,0.0,0.0,219.8,0.0,22.1,34.1,34.1,37.4,300.0,300.0,30.0,36.4,34.800000000000004,34.5,36.7,4.95,2.0,4.97,0.16,0.0,0.0,1027.0,8228.0,0.0,0.0,0.0,0.0,0.0,1.0,0.0,0.0,0.0,-0.001,0.0,0.8,0.0,-15.8,-12.7,0.0145,16.0,25903.0
2026-07-30T18:58:13.619Z,63.102,63.114,-7.4,7.4,0.0,0.0,0.0,0.0,0.0,1.0,1.0,0.0,1.0,0.0,0.0,0.0,8.0,6.0,0.0,0.0,0.0,0.0,0.0,0.0,0.0,0.0,1.0,12.0,1.0,12.05,5.01,2.5,1.49,-2.2,0.2,2.2,301.0,-0.1,-10.9,2.9000000000000004,10.4,-82.5,0.0,0.0,219.8,0.0,22.1,34.1,34.1,37.4,300.0,300.0,30.0,36.4,34.800000000000004,34.5,36.7,4.95,2.0,4.97,0.16,0.0,0.0,1027.0,8228.0,0.0,0.0,0.0,0.0,0.0,1.0,0.0,0.0,0.0,-0.001,0.0,0.5,0.0,-14.0,-12.6,0.0142,16.0,25903.0
2026-07-30T18:58:13.631Z,63.114,63.126000000000005,-7.4,7.4,0.0,0.0,0.0,0.0,0.0,1.0,1.0,0.0,1.0,0.0,0.0,0.0,8.0,6.0,0.0,0.0,0.0,0.0,0.0,0.0,0.0,0.0,3.0,12.0,1.0,12.05,5.01,2.5,1.49,-2.2,0.3,2.2,301.0,-0.1,-12.0,1.7000000000000002,9.9,-82.5,0.0,0.0,219.8,0.0,22.1,34.1,34.1,37.4,300.0,300.0,30.0,36.4,34.800000000000004,34.5,36.7,4.95,2.0,4.97,0.16,0.0,0.0,1027.0,8228.0,0.0,0.0,0.0,0.0,0.0,1.0,0.0,0.0,0.0,-0.001,0.0,-0.3,0.0,-12.5,-12.8,0.0148,16.0,25903.0
2026-07-30T18:58:13.644Z,63.127,63.138,-7.4,7.4,0.0,0.0,0.0,0.0,0.0,1.0,1.0,0.0,1.0,0.0,0.0,0.0,8.0,6.0,0.0,0.0,0.0,0.0,0.0,0.0,0.0,0.0,4.0,12.0,1.0,12.05,5.01,2.51,1.49,-2.2,0.2,2.2,301.1,-0.1,-11.4,1.7000000000000002,9.9,-82.5,0.0,0.0,219.8,0.0,22.1,34.1,34.1,37.4,300.0,300.0,30.0,36.5,34.800000000000004,34.7,36.7,4.95,2.0,4.96,0.16,0.0,0.0,1027.0,8228.0,0.0,0.0,0.0,0.0,0.0,1.0,0.0,0.0,0.0,-0.001,0.0,-0.3,0.0,-12.5,-12.8,0.0152,16.0,25903.0
2026-07-30T18:58:13.654Z,63.137,63.15,-7.4,7.4,0.0,0.0,0.0,0.0,0.0,1.0,1.0,0.0,1.0,0.0,0.0,0.0,8.0,6.0,0.0,0.0,0.0,0.0,0.0,0.0,0.0,0.0,6.0,12.0,1.0,12.05,5.01,2.51,1.49,-2.1,0.2,2.2,300.90000000000003,-0.1,-11.4,2.9000000000000004,11.6,-82.5,0.0,0.0,219.8,0.0,22.1,34.1,34.1,37.4,300.0,300.0,30.0,36.5,34.800000000000004,34.7,36.7,4.95,2.0,4.96,0.16,0.0,0.0,1027.0,8228.0,0.0,0.0,0.0,0.0,0.0,1.0,0.0,0.0,0.0,-0.001,0.0,0.2,0.0,-15.4,-12.8,0.0152,16.0,25903.0
2026-07-30T18:58:13.667Z,63.15,63.162,-7.4,7.4,0.0,0.0,0.0,0.0,0.0,1.0,1.0,0.0,1.0,0.0,0.0,0.0,8.0,6.0,0.0,0.0,0.0,0.0,0.0,0.0,0.0,0.0,1.0,12.0,1.0,12.05,5.01,2.51,1.49,-2.1,0.2,2.2,301.1,-0.1,-10.9,4.0,11.0,-82.5,0.0,0.0,219.8,0.0,22.1,34.1,34.1,37.4,300.0,300.0,30.0,36.5,34.800000000000004,34.7,36.7,4.95,2.0,4.96,0.16,0.0,0.0,1027.0,8228.0,0.0,0.0,0.0,0.0,0.0,1.0,0.0,0.0,0.0,-0.001,0.0,1.4,0.0,-15.6,-12.9,0.0147,16.0,25903.0
2026-07-30T18:58:13.679Z,63.162,63.174,-7.5,7.4,0.0,0.0,0.0,0.0,0.0,1.0,1.0,0.0,1.0,0.0,0.0,0.0,8.0,6.0,0.0,0.0,0.0,0.0,0.0,0.0,0.0,0.0,2.0,12.0,1.0,12.05,5.01,2.51,1.49,-2.1,0.2,2.1,301.1,-0.1,-11.4,2.9000000000000004,12.2,-82.5,0.0,0.0,219.8,0.0,22.1,34.1,34.1,37.4,300.0,300.0,30.0,36.5,34.800000000000004,34.7,36.7,4.95,2.0,4.96,0.16,0.0,0.0,1027.0,8228.0,0.0,0.0,0.0,0.0,0.0,1.0,0.0,0.0,0.0,-0.001,0.0,0.1,0.0,-16.0,-12.8,0.0146,16.0,25903.0
2026-07-30T18:58:13.691Z,63.174,63.186,-7.5,7.4,0.0,0.0,0.0,0.0,0.0,1.0,1.0,0.0,1.0,0.0,0.0,0.0,8.0,6.0,0.0,0.0,0.0,0.0,0.0,0.0,0.0,0.0,3.0,12.0,1.0,12.05,5.01,2.51,1.49,-2.2,0.3,2.2,301.0,-0.1,-12.0,1.1,9.9,-82.5,0.0,0.0,219.8,0.0,22.1,34.1,34.1,37.4,300.0,300.0,30.0,36.5,34.800000000000004,34.7,36.7,4.96,2.0,4.96,0.16,0.0,0.0,1027.0,8228.0,0.0,0.0,0.0,0.0,0.0,1.0,0.0,0.0,0.0,-0.001,0.0,-0.9,0.0,-12.1,-12.7,0.0144,16.0,25903.0
2026-07-30T18:58:13.703Z,63.186,63.198,-7.5,7.4,0.0,0.0,0.0,0.0,0.0,1.0,1.0,0.0,1.0,0.0,0.0,0.0,8.0,6.0,0.0,0.0,0.0,0.0,0.0,0.0,0.0,0.0,4.0,12.0,1.0,12.05,5.01,2.51,1.49,-2.1,0.2,2.2,301.0,-0.1,-10.9,2.3000000000000003,11.0,-82.5,0.0,0.0,219.8,0.0,22.1,34.1,34.1,37.4,300.0,300.0,30.0,36.5,34.800000000000004,34.7,36.7,4.96,2.0,4.96,0.16,0.0,0.0,1027.0,8228.0,0.0,0.0,0.0,0.0,0.0,1.0,0.0,0.0,0.0,-0.001,0.0,0.0,0.0,-14.3,-12.6,0.0152,16.0,25903.0
2026-07-30T18:58:13.716Z,63.199,63.21,-7.5,7.4,0.0,0.0,0.0,0.0,0.0,1.0,1.0,0.0,1.0,0.0,0.0,0.0,8.0,6.0,0.0,0.0,0.0,0.0,0.0,0.0,0.0,0.0,5.0,12.0,1.0,12.05,5.01,2.51,1.49,-2.2,0.3,2.2,301.1,-0.1,-12.6,1.7000000000000002,9.3,-82.5,0.0,0.0,219.9,0.0,22.1,34.1,34.1,37.4,300.0,300.0,30.0,36.5,34.800000000000004,34.7,36.7,4.96,2.0,4.96,0.16,0.0,0.0,1027.0,8228.0,0.0,0.0,0.0,0.0,0.0,1.0,0.0,0.0,0.0,-0.001,0.0,-0.2,0.0,-11.8,-12.7,0.0147,16.0,25903.0
2026-07-30T18:58:13.727Z,63.21,63.222,-7.4,7.4,0.0,0.0,0.0,0.0,0.0,1.0,1.0,0.0,1.0,0.0,0.0,0.0,8.0,6.0,0.0,0.0,0.0,0.0,0.0,0.0,0.0,0.0,4.0,12.0,1.0,12.05,5.01,2.51,1.49,-2.3000000000000003,0.3,2.3000000000000003,301.0,-0.1,-10.9,1.7000000000000002,8.700000000000001,-82.5,0.0,0.0,219.9,0.0,22.1,34.1,34.1,37.4,300.0,300.0,30.0,36.5,34.800000000000004,34.7,36.7,4.96,2.0,4.96,0.16,0.0,0.0,1027.0,8228.0,0.0,0.0,0.0,0.0,0.0,1.0,0.0,0.0,0.0,-0.001,0.0,-0.1,0.0,-11.2,-12.7,0.0152,16.0,25903.0
2026-07-30T18:58:13.738Z,63.221,63.234,-7.5,7.4,0.0,0.0,0.0,0.0,0.0,1.0,1.0,0.0,1.0,0.0,0.0,0.0,8.0,6.0,0.0,0.0,0.0,0.0,0.0,0.0,0.0,0.0,6.0,12.0,1.0,12.05,5.01,2.51,1.49,-2.2,0.3,2.2,301.1,-0.1,-12.6,1.7000000000000002,9.9,-82.5,0.0,0.0,219.8,0.0,22.1,34.1,34.1,37.4,300.0,300.0,30.0,36.5,34.800000000000004,34.7,36.7,4.95,2.0,4.97,0.16,0.0,0.0,1027.0,8228.0,0.0,0.0,0.0,0.0,0.0,1.0,0.0,0.0,0.0,-0.001,0.0,-0.4,0.0,-12.5,-12.8,0.0155,16.0,25903.0
2026-07-30T18:58:13.751Z,63.234,63.246,-7.4,7.4,0.0,0.0,0.0,0.0,0.0,1.0,1.0,0.0,1.0,0.0,0.0,0.0,8.0,6.0,0.0,0.0,0.0,0.0,0.0,0.0,0.0,0.0,6.0,12.0,1.0,12.05,5.01,2.5,1.5,-2.3000000000000003,0.3,2.3000000000000003,300.90000000000003,-0.1,-13.2,1.7000000000000002,8.700000000000001,-82.5,0.0,0.0,219.8,0.0,22.1,34.1,34.1,37.4,300.0,300.0,29.9,36.3,34.800000000000004,34.6,36.7,4.95,2.0,4.96,0.17,0.0,0.0,1027.0,8228.0,0.0,0.0,0.0,0.0,0.0,1.0,0.0,0.0,0.0,-0.001,0.0,-0.1,0.0,-11.2,-12.7,0.0151,16.0,25903.0
2026-07-30T18:58:13.762Z,63.245,63.258,-7.4,7.4,0.0,0.0,0.0,0.0,0.0,1.0,1.0,0.0,1.0,0.0,0.0,0.0,8.0,6.0,0.0,0.0,0.0,0.0,0.0,0.0,0.0,0.0,2.0,12.0,1.0,12.05,5.01,2.5,1.5,-2.2,0.3,2.3000000000000003,300.90000000000003,-0.1,-12.0,1.7000000000000002,9.9,-82.5,0.0,0.0,219.8,0.0,22.1,34.1,34.1,37.4,300.0,300.0,29.9,36.3,34.800000000000004,34.6,36.7,4.95,2.0,4.96,0.16,0.0,0.0,1027.0,8228.0,0.0,0.0,0.0,0.0,0.0,1.0,0.0,0.0,0.0,-0.001,0.0,-0.3,0.0,-12.5,-12.8,0.0155,16.0,25903.0
2026-07-30T18:58:13.776Z,63.259,63.27,-7.4,7.4,0.0,0.0,0.0,0.0,0.0,1.0,1.0,0.0,1.0,0.0,0.0,0.0,8.0,6.0,0.0,0.0,0.0,0.0,0.0,0.0,0.0,0.0,3.0,12.0,1.0,12.05,5.01,2.5,1.5,-2.3000000000000003,0.3,2.3000000000000003,301.1,-0.1,-13.8,1.1,9.3,-82.5,0.0,0.0,219.8,0.0,22.1,34.1,34.1,37.4,300.0,300.0,29.9,36.3,34.800000000000004,34.6,36.7,4.96,2.0,4.97,0.16,0.0,0.0,1027.0,8228.0,0.0,0.0,0.0,0.0,0.0,1.0,0.0,0.0,0.0,-0.001,0.0,-0.7000000000000001,0.0,-11.4,-12.9,0.015,16.0,25903.0
2026-07-30T18:58:13.787Z,63.27,63.282,-7.5,7.4,0.0,0.0,0.0,0.0,0.0,1.0,1.0,0.0,1.0,0.0,0.0,0.0,8.0,6.0,0.0,0.0,0.0,0.0,0.0,0.0,0.0,0.0,4.0,12.0,1.0,12.05,5.01,2.5,1.5,-2.3000000000000003,0.3,2.3000000000000003,301.0,-0.1,-12.0,1.1,8.1,-82.5,0.0,0.0,219.8,0.0,22.1,34.1,34.1,37.4,300.0,300.0,29.9,36.3,34.800000000000004,34.6,36.7,4.96,2.0,4.97,0.16,0.0,0.0,1027.0,8228.0,0.0,0.0,0.0,0.0,0.0,1.0,0.0,0.0,0.0,-0.001,0.0,-0.5,0.0,-10.1,-12.8,0.0151,16.0,25903.0
2026-07-30T18:58:13.799Z,63.282,63.294,-7.5,7.4,0.0,0.0,0.0,0.0,0.0,1.0,1.0,0.0,1.0,0.0,0.0,0.0,8.0,6.0,0.0,0.0,0.0,0.0,0.0,0.0,0.0,0.0,5.0,12.0,1.0,12.05,5.01,2.5,1.5,-2.2,0.2,2.2,301.0,-0.1,-12.6,2.9000000000000004,9.3,-82.5,0.0,0.0,219.7,0.0,22.1,34.1,34.1,37.4,300.0,300.0,29.9,36.3,34.800000000000004,34.6,36.7,4.96,2.0,4.96,0.16,0.0,0.0,1027.0,8228.0,0.0,0.0,0.0,0.0,0.0,1.0,0.0,0.0,0.0,-0.001,0.0,0.7000000000000001,0.0,-12.7,-12.6,0.0143,16.0,25903.0
2026-07-30T18:58:13.811Z,63.294,63.306,-7.5,7.4,0.0,0.0,0.0,0.0,0.0,1.0,1.0,0.0,1.0,0.0,0.0,0.0,8.0,6.0,0.0,0.0,0.0,0.0,0.0,0.0,0.0,0.0,1.0,12.0,1.0,12.05,5.01,2.5,1.5,-2.2,0.2,2.2,301.1,-0.1,-11.4,2.9000000000000004,8.700000000000001,-82.4,0.0,0.0,219.7,0.0,22.1,34.1,34.1,37.4,300.0,300.0,29.9,36.3,34.800000000000004,34.6,36.7,4.96,2.0,4.96,0.16,0.0,0.0,1027.0,8228.0,0.0,0.0,0.0,0.0,0.0,1.0,0.0,0.0,0.0,-0.001,0.0,0.8,0.0,-12.0,-12.7,0.0145,16.0,25903.0
2026-07-30T18:58:13.823Z,63.306,63.318,-7.4,7.4,0.0,0.0,0.0,0.0,0.0,1.0,1.0,0.0,1.0,0.0,0.0,0.0,8.0,6.0,0.0,0.0,0.0,0.0,0.0,0.0,0.0,0.0,1.0,12.0,1.0,12.05,5.01,2.5,1.5,-2.1,0.2,2.1,301.1,-0.1,-11.4,3.5,11.0,-82.4,0.0,0.0,219.8,0.0,22.1,34.1,34.1,37.4,300.0,300.0,29.9,36.3,34.800000000000004,34.6,36.7,4.95,2.0,4.96,0.16,0.0,0.0,1027.0,8228.0,0.0,0.0,0.0,0.0,0.0,1.0,0.0,0.0,0.0,-0.001,0.0,0.9,0.0,-15.1,-12.7,0.0151,16.0,25903.0
2026-07-30T18:58:13.835Z,63.318,63.33,-7.4,7.4,0.0,0.0,0.0,0.0,0.0,1.0,1.0,0.0,1.0,0.0,0.0,0.0,8.0,6.0,0.0,0.0,0.0,0.0,0.0,0.0,0.0,0.0,3.0,12.0,1.0,12.05,5.01,2.5,1.5,-2.2,0.3,2.3000000000000003,301.1,-0.1,-11.4,1.1,9.3,-82.4,0.0,0.0,219.8,0.0,22.1,34.1,34.1,37.4,300.0,300.0,29.9,36.3,34.800000000000004,34.6,36.7,4.96,2.0,4.96,0.16,0.0,0.0,1027.0,8228.0,0.0,0.0,0.0,0.0,0.0,1.0,0.0,0.0,0.0,-0.001,0.0,-0.8,0.0,-11.4,-12.8,0.0145,16.0,25903.0
2026-07-30T18:58:13.848Z,63.331,63.342,-7.4,7.4,0.0,0.0,0.0,0.0,0.0,1.0,1.0,0.0,1.0,0.0,0.0,0.0,8.0,6.0,0.0,0.0,0.0,0.0,0.0,0.0,0.0,0.0,4.0,12.0,1.0,12.06,5.0200000000000005,2.51,1.49,-2.1,0.2,2.1,300.90000000000003,-0.1,-10.9,3.5,9.3,-82.4,0.0,0.0,219.8,0.0,22.200000000000003,34.1,34.1,37.4,300.0,300.0,29.8,36.3,34.800000000000004,34.6,36.8,4.96,2.0,4.96,0.16,0.0,0.0,1027.0,8228.0,0.0,0.0,0.0,0.0,0.0,1.0,0.0,0.0,0.0,-0.001,0.0,1.3,0.0,-16.2,-12.8,0.0153,16.0,25903.0
2026-07-30T18:58:13.859Z,63.342,63.354,-7.4,7.4,0.0,0.0,0.0,0.0,0.0,1.0,1.0,0.0,1.0,0.0,0.0,0.0,8.0,6.0,0.0,0.0,0.0,0.0,0.0,0.0,0.0,0.0,5.0,12.0,1.0,12.06,5.0200000000000005,2.51,1.49,-2.2,0.2,2.2,301.1,-0.1,-12.0,4.0,11.6,-82.4,0.0,0.0,219.8,0.0,22.200000000000003,34.1,34.1,37.4,300.0,300.0,29.8,36.3,34.800000000000004,34.6,36.8,4.95,2.0,4.96,0.16,0.0,0.0,1027.0,8228.0,0.0,0.0,0.0,0.0,0.0,1.0,0.0,0.0,0.0,-0.001,0.0,0.6000000000000001,0.0,-13.4,-12.8,0.0143,16.0,25903.0
2026-07-30T18:58:13.871Z,63.354,63.366,-7.4,7.4,0.0,0.0,0.0,0.0,0.0,1.0,1.0,0.0,1.0,0.0,0.0,0.0,8.0,6.0,0.0,0.0,0.0,0.0,0.0,0.0,0.0,0.0,1.0,12.0,1.0,12.06,5.0200000000000005,2.51,1.49,-2.2,0.3,2.2,300.90000000000003,-0.1,-12.0,1.7000000000000002,9.9,-82.5,0.0,0.0,219.9,0.0,22.200000000000003,34.1,34.1,37.4,300.0,300.0,29.8,36.3,34.800000000000004,34.6,36.8,4.95,2.0,4.97,0.16,0.0,0.0,1027.0,8228.0,0.0,0.0,0.0,0.0,0.0,1.0,0.0,0.0,0.0,-0.001,0.0,-0.4,0.0,-12.5,-12.8,0.015,16.0,25903.0
2026-07-30T18:58:13.882Z,63.365,63.378,-7.5,7.4,0.0,0.0,0.0,0.0,0.0,1.0,1.0,0.0,1.0,0.0,0.0,0.0,8.0,6.0,0.0,0.0,0.0,0.0,0.0,0.0,0.0,0.0,2.0,12.0,1.0,12.06,5.0200000000000005,2.51,1.49,-2.2,0.3,2.2,301.0,-0.1,-11.4,1.1,10.4,-82.5,0.0,0.0,219.9,0.0,22.200000000000003,34.1,34.1,37.4,300.0,300.0,29.8,36.3,34.800000000000004,34.6,36.8,4.96,2.0,4.96,0.16,0.0,0.0,1027.0,8228.0,0.0,0.0,0.0,0.0,0.0,1.0,0.0,0.0,0.0,-0.001,0.0,-1.0,0.0,-12.7,-12.8,0.0152,16.0,25903.0
2026-07-30T18:58:13.894Z,63.377,63.39,-7.4,7.4,0.0,0.0,0.0,0.0,0.0,1.0,1.0,0.0,1.0,0.0,0.0,0.0,8.0,6.0,0.0,0.0,0.0,0.0,0.0,0.0,0.0,0.0,3.0,12.0,1.0,12.06,5.0200000000000005,2.51,1.49,-2.2,0.2,2.2,301.0,-0.1,-11.4,2.3000000000000003,9.3,-82.5,0.0,0.0,219.8,0.0,22.200000000000003,34.1,34.1,37.4,300.0,300.0,29.8,36.3,34.800000000000004,34.6,36.8,4.96,2.0,4.97,0.16,0.0,0.0,1027.0,8228.0,0.0,0.0,0.0,0.0,0.0,1.0,0.0,0.0,0.0,-0.001,0.0,0.2,0.0,-12.3,-12.7,0.015,16.0,25903.0
2026-07-30T18:58:13.906Z,63.389,63.402,-7.5,7.4,0.0,0.0,0.0,0.0,0.0,1.0,1.0,0.0,1.0,0.0,0.0,0.0,8.0,6.0,0.0,0.0,0.0,0.0,0.0,0.0,0.0,0.0,4.0,12.0,1.0,12.06,5.0200000000000005,2.51,1.49,-2.2,0.3,2.2,301.0,-0.1,-12.0,2.3000000000000003,9.9,-82.4,0.0,0.0,219.6,0.0,22.200000000000003,34.1,34.1,37.4,300.0,300.0,29.8,36.3,34.800000000000004,34.6,36.8,4.96,2.0,4.97,0.16,0.0,0.0,1027.0,8228.0,0.0,0.0,0.0,0.0,0.0,1.0,0.0,0.0,0.0,-0.001,0.0,0.1,0.0,-12.9,-12.8,0.0153,16.0,25903.0
2026-07-30T18:58:13.918Z,63.401,63.414,-7.5,7.4,0.0,0.0,0.0,0.0,0.0,1.0,1.0,0.0,1.0,0.0,0.0,0.0,8.0,6.0,0.0,0.0,0.0,0.0,0.0,0.0,0.0,0.0,5.0,12.0,1.0,12.06,5.0200000000000005,2.51,1.49,-2.3000000000000003,0.3,2.3000000000000003,301.0,-0.1,-12.0,1.1,8.700000000000001,-82.4,0.0,0.0,219.7,0.0,22.200000000000003,34.1,34.1,37.4,300.0,300.0,29.8,36.3,34.800000000000004,34.6,36.8,4.95,2.0,4.96,0.16,0.0,0.0,1027.0,8228.0,0.0,0.0,0.0,0.0,0.0,1.0,0.0,0.0,0.0,-0.001,0.0,-0.6000000000000001,0.0,-10.8,-12.8,0.0151,16.0,25903.0
2026-07-30T18:58:13.930Z,63.413,63.426,-7.5,7.4,0.0,0.0,0.0,0.0,0.0,1.0,1.0,0.0,1.0,0.0,0.0,0.0,8.0,6.0,0.0,0.0,0.0,0.0,0.0,0.0,0.0,0.0,6.0,12.0,1.0,12.06,5.0200000000000005,2.51,1.49,-2.3000000000000003,0.3,2.3000000000000003,301.1,-0.1,-12.0,0.0,8.1,-82.4,0.0,0.0,219.8,0.0,22.200000000000003,34.1,34.1,37.4,300.0,300.0,29.8,36.3,34.800000000000004,34.6,36.8,4.95,2.0,4.96,0.16,0.0,0.0,1027.0,8228.0,0.0,0.0,0.0,0.0,0.0,1.0,0.0,0.0,0.0,-0.001,0.0,-1.6,0.0,-9.2,-12.7,0.0155,16.0,25903.0
2026-07-30T18:58:13.943Z,63.426,63.438,-7.4,7.4,0.0,0.0,0.0,0.0,0.0,1.0,1.0,0.0,1.0,0.0,0.0,0.0,8.0,6.0,0.0,0.0,0.0,0.0,0.0,0.0,0.0,0.0,1.0,12.0,1.0,12.06,5.0200000000000005,2.51,1.49,-2.3000000000000003,0.2,2.3000000000000003,300.90000000000003,-0.1,-12.0,1.7000000000000002,7.5,-82.4,0.0,0.0,219.8,0.0,22.200000000000003,34.1,34.1,37.4,300.0,300.0,29.8,36.3,34.800000000000004,34.6,36.8,4.95,2.0,4.97,0.16,0.0,0.0,1027.0,8228.0,0.0,0.0,0.0,0.0,0.0,1.0,0.0,0.0,0.0,-0.001,0.0,0.0,0.0,-9.8,-12.7,0.0157,16.0,25903.0
2026-07-30T18:58:13.954Z,63.437,63.45,-7.4,7.4,0.0,0.0,0.0,0.0,0.0,1.0,1.0,0.0,1.0,0.0,0.0,0.0,8.0,6.0,0.0,0.0,0.0,0.0,0.0,0.0,0.0,0.0,2.0,12.0,1.0,12.05,5.01,2.51,1.5,-2.1,0.2,2.2,301.0,-0.1,-12.0,3.5,10.4,-82.4,0.0,0.0,219.8,0.0,22.1,34.1,34.1,37.4,300.0,300.0,29.8,36.4,34.800000000000004,34.6,36.8,4.95,2.0,4.97,0.16,0.0,0.0,1027.0,8228.0,0.0,0.0,0.0,0.0,0.0,1.0,0.0,0.0,0.0,-0.001,0.0,1.0,0.0,-14.5,-12.8,0.0157,16.0,25903.0
2026-07-30T18:58:13.966Z,63.449,63.462,-7.5,7.4,0.0,0.0,0.0,0.0,0.0,1.0,1.0,0.0,1.0,0.0,0.0,0.0,8.0,6.0,0.0,0.0,0.0,0.0,0.0,0.0,0.0,0.0,3.0,12.0,1.0,12.05,5.01,2.51,1.5,-2.2,0.3,2.2,301.1,-0.1,-13.2,1.1,9.3,-82.4,0.0,0.0,219.8,0.0,22.1,34.1,34.1,37.4,300.0,300.0,29.8,36.4,34.800000000000004,34.6,36.8,4.96,2.0,4.96,0.16,0.0,0.0,1027.0,8228.0,0.0,0.0,0.0,0.0,0.0,1.0,0.0,0.0,0.0,-0.001,0.0,-0.7000000000000001,0.0,-11.4,-12.8,0.0147,16.0,25903.0
2026-07-30T18:58:13.979Z,63.462,63.474,-7.5,7.4,0.0,0.0,0.0,0.0,0.0,1.0,1.0,0.0,1.0,0.0,0.0,0.0,8.0,6.0,0.0,0.0,0.0,0.0,0.0,0.0,0.0,0.0,4.0,12.0,1.0,12.05,5.01,2.51,1.5,-2.3000000000000003,0.3,2.3000000000000003,301.0,-0.1,-12.0,1.1,7.5,-82.4,0.0,0.0,219.8,0.0,22.1,34.1,34.1,37.4,300.0,300.0,29.8,36.4,34.800000000000004,34.6,36.8,4.95,2.0,4.96,0.16,0.0,0.0,1027.0,8228.0,0.0,0.0,0.0,0.0,0.0,1.0,0.0,0.0,0.0,-0.001,0.0,-0.4,0.0,-9.4,-12.7,0.0152,16.0,25903.0
2026-07-30T18:58:13.990Z,63.473,63.486,-7.4,7.4,0.0,0.0,0.0,0.0,0.0,1.0,1.0,0.0,1.0,0.0,0.0,0.0,8.0,6.0,0.0,0.0,0.0,0.0,0.0,0.0,0.0,0.0,5.0,12.0,1.0,12.05,5.01,2.51,1.5,-2.2,0.3,2.3000000000000003,301.1,-0.1,-12.0,1.1,9.3,-82.4,0.0,0.0,219.8,0.0,22.1,34.1,34.1,37.4,300.0,300.0,29.8,36.4,34.800000000000004,34.6,36.8,4.95,2.0,4.96,0.16,0.0,0.0,1027.0,8228.0,0.0,0.0,0.0,0.0,0.0,1.0,0.0,0.0,0.0,-0.001,0.0,-0.7000000000000001,0.0,-11.4,-12.7,0.0156,16.0,25903.0
2026-07-30T18:58:14.003Z,63.486,63.498000000000005,-7.4,7.4,0.0,0.0,0.0,0.0,0.0,1.0,1.0,0.0,1.0,0.0,0.0,0.0,8.0,6.0,0.0,0.0,0.0,0.0,0.0,0.0,0.0,0.0,6.0,12.0,1.0,12.05,5.01,2.51,1.5,-2.3000000000000003,0.3,2.3000000000000003,301.1,-0.1,-12.0,1.7000000000000002,7.5,-82.4,0.0,0.0,219.7,0.0,22.1,34.1,34.1,37.4,300.0,300.0,29.8,36.4,34.800000000000004,34.6,36.8,4.95,2.0,4.96,0.16,0.0,0.0,1027.0,8228.0,0.0,0.0,0.0,0.0,0.0,1.0,0.0,0.0,0.0,-0.001,0.0,0.0,0.0,-9.8,-12.8,0.0154,16.0,25903.0
2026-07-30T18:58:14.021Z,63.504,63.51,-7.4,7.4,0.0,0.0,0.0,0.0,0.0,1.0,1.0,0.0,1.0,0.0,0.0,0.0,8.0,6.0,0.0,0.0,0.0,0.0,0.0,0.0,0.0,0.0,1.0,12.0,1.0,12.05,5.01,2.51,1.5,-2.3000000000000003,0.3,2.3000000000000003,301.0,-0.1,-12.0,1.1,8.1,-82.4,0.0,0.0,219.8,0.0,22.1,34.1,34.1,37.4,300.0,300.0,29.8,36.4,34.800000000000004,34.6,36.8,4.95,2.0,4.96,0.16,0.0,0.0,1027.0,8228.0,0.0,0.0,0.0,0.0,0.0,1.0,0.0,0.0,0.0,-0.001,0.0,-0.5,0.0,-10.1,-12.9,0.0158,16.0,25903.0
2026-07-30T18:58:14.027Z,63.51,63.522,-7.5,7.4,0.0,0.0,0.0,0.0,0.0,1.0,1.0,0.0,1.0,0.0,0.0,0.0,8.0,6.0,0.0,0.0,0.0,0.0,0.0,0.0,0.0,0.0,6.0,12.0,1.0,12.05,5.01,2.51,1.5,-2.2,0.3,2.2,301.0,-0.1,-12.0,1.7000000000000002,11.0,-82.4,0.0,0.0,219.8,0.0,22.1,34.1,34.1,37.4,300.0,300.0,29.8,36.4,34.800000000000004,34.6,36.8,4.96,2.0,4.97,0.16,0.0,0.0,1027.0,8228.0,0.0,0.0,0.0,0.0,0.0,1.0,0.0,0.0,0.0,-0.001,0.0,-0.6000000000000001,0.0,-13.8,-12.9,0.0158,16.0,25903.0
2026-07-30T18:58:14.038Z,63.521,63.534,-7.4,7.4,0.0,0.0,0.0,0.0,0.0,1.0,1.0,0.0,1.0,0.0,0.0,0.0,8.0,6.0,0.0,0.0,0.0,0.0,0.0,0.0,0.0,0.0,6.0,12.0,1.0,12.05,5.01,2.51,1.5,-2.2,0.2,2.2,301.1,-0.1,-12.0,2.3000000000000003,9.9,-82.4,0.0,0.0,219.7,0.0,22.1,34.1,34.1,37.4,300.0,300.0,29.8,36.4,34.800000000000004,34.6,36.8,4.96,2.0,4.96,0.16,0.0,0.0,1027.0,8228.0,0.0,0.0,0.0,0.0,0.0,1.0,0.0,0.0,0.0,-0.001,0.0,0.1,0.0,-12.9,-12.8,0.0149,16.0,25903.0
2026-07-30T18:58:14.052Z,63.535,63.546,-7.4,7.4,0.0,0.0,0.0,0.0,0.0,1.0,1.0,0.0,1.0,0.0,0.0,0.0,8.0,6.0,0.0,0.0,0.0,0.0,0.0,0.0,0.0,0.0,1.0,12.0,1.0,12.05,5.01,2.51,1.5,-2.2,0.2,2.2,301.1,-0.1,-12.0,3.5,10.4,-82.30000000000001,0.0,0.0,219.7,0.0,22.200000000000003,34.1,34.1,37.5,300.0,300.0,30.0,36.4,34.800000000000004,34.6,36.8,4.96,2.0,4.96,0.16,0.0,0.0,1027.0,8228.0,0.0,0.0,0.0,0.0,0.0,1.0,0.0,0.0,0.0,-0.001,0.0,1.0,0.0,-14.5,-12.8,0.0153,16.0,25903.0
2026-07-30T18:58:14.063Z,63.546,63.558,-7.5,7.4,0.0,0.0,0.0,0.0,0.0,1.0,1.0,0.0,1.0,0.0,0.0,0.0,8.0,6.0,0.0,0.0,0.0,0.0,0.0,0.0,0.0,0.0,2.0,12.0,1.0,12.05,5.01,2.51,1.5,-2.2,0.3,2.2,301.1,-0.1,-11.4,2.3000000000000003,9.9,-82.4,0.0,0.0,219.8,0.0,22.200000000000003,34.1,34.1,37.5,300.0,300.0,30.0,36.4,34.800000000000004,34.6,36.8,4.95,2.0,4.97,0.16,0.0,0.0,1027.0,8228.0,0.0,0.0,0.0,0.0,0.0,1.0,0.0,0.0,0.0,-0.001,0.0,0.1,0.0,-12.9,-12.8,0.0149,16.0,25903.0
2026-07-30T18:58:14.074Z,63.557,63.57,-7.5,7.4,0.0,0.0,0.0,0.0,0.0,1.0,1.0,0.0,1.0,0.0,0.0,0.0,8.0,6.0,0.0,0.0,0.0,0.0,0.0,0.0,0.0,0.0,3.0,12.0,1.0,12.05,5.01,2.51,1.5,-2.1,0.3,2.1,301.1,-0.1,-10.3,2.3000000000000003,11.6,-82.4,0.0,0.0,219.8,0.0,22.200000000000003,34.1,34.1,37.5,300.0,300.0,30.0,36.4,34.800000000000004,34.6,36.8,4.96,2.0,4.96,0.16,0.0,0.0,1027.0,8228.0,0.0,0.0,0.0,0.0,0.0,1.0,0.0,0.0,0.0,-0.001,0.0,-0.2,0.0,-14.9,-12.8,0.0152,16.0,25903.0
2026-07-30T18:58:14.087Z,63.57,63.582,-7.5,7.4,0.0,0.0,0.0,0.0,0.0,1.0,1.0,0.0,1.0,0.0,0.0,0.0,8.0,6.0,0.0,0.0,0.0,0.0,0.0,0.0,0.0,0.0,4.0,12.0,1.0,12.05,5.01,2.51,1.5,-2.2,0.2,2.2,301.0,-0.1,-12.0,3.5,10.4,-82.4,0.0,0.0,219.7,0.0,22.200000000000003,34.1,34.1,37.5,300.0,300.0,30.0,36.4,34.800000000000004,34.6,36.8,4.96,2.0,4.96,0.16,0.0,0.0,1027.0,8228.0,0.0,0.0,0.0,0.0,0.0,1.0,0.0,0.0,0.0,-0.001,0.0,1.0,0.0,-14.5,-12.7,0.0146,16.0,25903.0
2026-07-30T18:58:14.098Z,63.581,63.594,-7.4,7.4,0.0,0.0,0.0,0.0,0.0,1.0,1.0,0.0,1.0,0.0,0.0,0.0,8.0,6.0,0.0,0.0,0.0,0.0,0.0,0.0,0.0,0.0,4.0,12.0,1.0,12.05,5.01,2.51,1.5,-2.2,0.2,2.2,301.1,-0.1,-11.4,2.9000000000000004,9.3,-82.4,0.0,0.0,219.8,0.0,22.200000000000003,34.1,34.1,37.5,300.0,300.0,30.0,36.4,34.800000000000004,34.6,36.8,4.95,2.0,4.96,0.16,0.0,0.0,1027.0,8228.0,0.0,0.0,0.0,0.0,0.0,1.0,0.0,0.0,0.0,-0.001,0.0,0.7000000000000001,0.0,-12.7,-12.7,0.0147,16.0,25903.0
2026-07-30T18:58:14.110Z,63.593,63.606,-7.4,7.4,0.0,0.0,0.0,0.0,0.0,1.0,1.0,0.0,1.0,0.0,0.0,0.0,8.0,6.0,0.0,0.0,0.0,0.0,0.0,0.0,0.0,0.0,6.0,12.0,1.0,12.05,5.01,2.51,1.5,-2.2,0.3,2.2,301.0,-0.1,-11.4,2.3000000000000003,10.4,-82.4,0.0,0.0,219.8,0.0,22.200000000000003,34.1,34.1,37.5,300.0,300.0,30.0,36.4,34.800000000000004,34.6,36.8,4.95,2.0,4.97,0.16,0.0,0.0,1027.0,8228.0,0.0,0.0,0.0,0.0,0.0,1.0,0.0,0.0,0.0,-0.001,0.0,0.0,0.0,-13.6,-12.8,0.0152,16.0,25903.0
2026-07-30T18:58:14.123Z,63.606,63.618,-7.5,7.4,0.0,0.0,0.0,0.0,0.0,1.0,1.0,0.0,1.0,0.0,0.0,0.0,8.0,6.0,0.0,0.0,0.0,0.0,0.0,0.0,0.0,0.0,1.0,12.0,1.0,12.05,5.01,2.51,1.5,-2.1,0.2,2.1,301.0,-0.1,-11.4,2.9000000000000004,11.6,-82.4,0.0,0.0,219.8,0.0,22.200000000000003,34.1,34.1,37.5,300.0,300.0,30.0,36.4,34.800000000000004,34.6,36.8,4.96,2.0,4.96,0.16,0.0,0.0,1027.0,8228.0,0.0,0.0,0.0,0.0,0.0,1.0,0.0,0.0,0.0,-0.001,0.0,0.3,0.0,-15.4,-12.8,0.0151,16.0,25903.0
2026-07-30T18:58:14.134Z,63.617,63.63,-7.5,7.4,0.0,0.0,0.0,0.0,0.0,1.0,1.0,0.0,1.0,0.0,0.0,0.0,8.0,6.0,0.0,0.0,0.0,0.0,0.0,0.0,0.0,0.0,2.0,12.0,1.0,12.05,5.01,2.51,1.5,-2.1,0.2,2.2,301.1,-0.1,-10.9,2.9000000000000004,11.0,-82.4,0.0,0.0,219.8,0.0,22.200000000000003,34.1,34.1,37.5,300.0,300.0,30.0,36.4,34.800000000000004,34.6,36.8,4.96,2.0,4.97,0.16,0.0,0.0,1027.0,8228.0,0.0,0.0,0.0,0.0,0.0,1.0,0.0,0.0,0.0,-0.001,0.0,0.4,0.0,-14.7,-12.7,0.0146,16.0,25903.0
2026-07-30T18:58:14.146Z,63.629,63.642,-7.5,7.4,0.0,0.0,0.0,0.0,0.0,1.0,1.0,0.0,1.0,0.0,0.0,0.0,8.0,6.0,0.0,0.0,0.0,0.0,0.0,0.0,0.0,0.0,3.0,12.0,1.0,12.05,5.01,2.51,1.5,-2.1,0.2,2.1,300.90000000000003,-0.1,-10.9,3.5,11.6,-82.4,0.0,0.0,219.9,0.0,22.200000000000003,34.1,34.1,37.5,300.0,300.0,30.0,36.4,34.800000000000004,34.6,36.8,4.95,2.0,4.97,0.16,0.0,0.0,1027.0,8228.0,0.0,0.0,0.0,0.0,0.0,1.0,0.0,0.0,0.0,-0.001,0.0,0.8,0.0,-15.8,-12.7,0.0146,16.0,25903.0
2026-07-30T18:58:14.158Z,63.641,63.654,-7.4,7.4,0.0,0.0,0.0,0.0,0.0,1.0,1.0,0.0,1.0,0.0,0.0,0.0,8.0,6.0,0.0,0.0,0.0,0.0,0.0,0.0,0.0,0.0,4.0,12.0,1.0,12.05,5.0200000000000005,2.5,1.49,-2.1,0.2,2.2,301.1,-0.1,-10.9,3.5,10.4,-82.4,0.0,0.0,219.9,0.0,22.4,34.1,34.1,37.5,300.0,300.0,29.9,36.4,34.800000000000004,34.6,36.8,4.96,2.0,4.97,0.16,0.0,0.0,1027.0,8228.0,0.0,0.0,0.0,0.0,0.0,1.0,0.0,0.0,0.0,-0.001,0.0,1.0,0.0,-14.5,-12.8,0.0144,16.0,25903.0
2026-07-30T18:58:14.170Z,63.653,63.666,-7.5,7.4,0.0,0.0,0.0,0.0,0.0,1.0,1.0,0.0,1.0,0.0,0.0,0.0,8.0,6.0,0.0,0.0,0.0,0.0,0.0,0.0,0.0,0.0,5.0,12.0,1.0,12.05,5.0200000000000005,2.5,1.49,-2.2,0.3,2.3000000000000003,301.1,-0.1,-11.4,1.1,9.3,-82.4,0.0,0.0,219.9,0.0,22.4,34.1,34.1,37.5,300.0,300.0,29.9,36.4,34.800000000000004,34.6,36.8,4.95,2.0,4.96,0.16,0.0,0.0,1027.0,8228.0,0.0,0.0,0.0,0.0,0.0,1.0,0.0,0.0,0.0,-0.001,0.0,-0.8,0.0,-11.4,-12.8,0.0147,16.0,25903.0
2026-07-30T18:58:14.182Z,63.665,63.678,-7.5,7.4,0.0,0.0,0.0,0.0,0.0,1.0,1.0,0.0,1.0,0.0,0.0,0.0,8.0,6.0,0.0,0.0,0.0,0.0,0.0,0.0,0.0,0.0,6.0,12.0,1.0,12.05,5.0200000000000005,2.5,1.49,-2.2,0.2,2.3000000000000003,300.90000000000003,-0.1,-11.4,2.3000000000000003,8.700000000000001,-82.4,0.0,0.0,219.8,0.0,22.4,34.1,34.1,37.5,300.0,300.0,29.9,36.4,34.800000000000004,34.6,36.8,4.95,2.0,4.96,0.16,0.0,0.0,1027.0,8228.0,0.0,0.0,0.0,0.0,0.0,1.0,0.0,0.0,0.0,-0.001,0.0,0.3,0.0,-11.6,-12.7,0.0154,16.0,25903.0
2026-07-30T18:58:14.194Z,63.677,63.690000000000005,-7.5,7.4,0.0,0.0,0.0,0.0,0.0,1.0,1.0,0.0,1.0,0.0,0.0,0.0,8.0,6.0,0.0,0.0,0.0,0.0,0.0,0.0,0.0,0.0,1.0,12.0,1.0,12.05,5.0200000000000005,2.5,1.49,-2.2,0.2,2.2,301.0,-0.1,-12.0,2.9000000000000004,9.9,-82.4,0.0,0.0,219.7,0.0,22.4,34.1,34.1,37.5,300.0,300.0,29.9,36.4,34.800000000000004,34.6,36.8,4.96,2.0,4.96,0.16,0.0,0.0,1027.0,8228.0,0.0,0.0,0.0,0.0,0.0,1.0,0.0,0.0,0.0,-0.001,0.0,0.6000000000000001,0.0,-13.4,-12.8,0.0154,16.0,25903.0
2026-07-30T18:58:14.206Z,63.689,63.702,-7.5,7.4,0.0,0.0,0.0,0.0,0.0,1.0,1.0,0.0,1.0,0.0,0.0,0.0,8.0,6.0,0.0,0.0,0.0,0.0,0.0,0.0,0.0,0.0,2.0,12.0,1.0,12.05,5.0200000000000005,2.5,1.49,-2.2,0.2,2.2,301.1,-0.1,-12.0,2.3000000000000003,9.9,-82.4,0.0,0.0,219.6,0.0,22.4,34.1,34.1,37.5,300.0,300.0,29.9,36.4,34.800000000000004,34.6,36.8,4.96,2.0,4.96,0.16,0.0,0.0,1027.0,8228.0,0.0,0.0,0.0,0.0,0.0,1.0,0.0,0.0,0.0,-0.001,0.0,0.1,0.0,-12.9,-12.8,0.015,16.0,25903.0
2026-07-30T18:58:14.218Z,63.701,63.714,-7.5,7.4,0.0,0.0,0.0,0.0,0.0,1.0,1.0,0.0,1.0,0.0,0.0,0.0,8.0,6.0,0.0,0.0,0.0,0.0,0.0,0.0,0.0,0.0,3.0,12.0,1.0,12.05,5.0200000000000005,2.5,1.49,-2.3000000000000003,0.3,2.3000000000000003,301.1,-0.1,-11.4,0.5,8.1,-82.4,0.0,0.0,219.8,0.0,22.4,34.1,34.1,37.5,300.0,300.0,29.9,36.4,34.800000000000004,34.6,36.8,4.95,2.0,4.97,0.16,0.0,0.0,1027.0,8228.0,0.0,0.0,0.0,0.0,0.0,1.0,0.0,0.0,0.0,-0.001,0.0,-1.0,0.0,-9.6,-12.8,0.015,16.0,25903.0
2026-07-30T18:58:14.230Z,63.713,63.726,-7.4,7.4,0.0,0.0,0.0,0.0,0.0,1.0,1.0,0.0,1.0,0.0,0.0,0.0,8.0,6.0,0.0,0.0,0.0,0.0,0.0,0.0,0.0,0.0,4.0,12.0,1.0,12.05,5.0200000000000005,2.5,1.49,-2.2,0.3,2.2,301.0,-0.1,-12.6,1.7000000000000002,10.4,-82.4,0.0,0.0,219.8,0.0,22.4,34.1,34.1,37.5,300.0,300.0,29.9,36.4,34.800000000000004,34.6,36.8,4.95,2.0,4.96,0.16,0.0,0.0,1027.0,8228.0,0.0,0.0,0.0,0.0,0.0,1.0,0.0,0.0,0.0,-0.001,0.0,-0.5,0.0,-13.2,-12.7,0.0156,16.0,25903.0
2026-07-30T18:58:14.243Z,63.726,63.738,-7.4,7.4,0.0,0.0,0.0,0.0,0.0,1.0,1.0,0.0,1.0,0.0,0.0,0.0,8.0,6.0,0.0,0.0,0.0,0.0,0.0,0.0,0.0,0.0,5.0,12.0,1.0,12.05,5.0200000000000005,2.5,1.49,-2.3000000000000003,0.3,2.3000000000000003,301.1,-0.1,-12.0,1.7000000000000002,8.700000000000001,-82.4,0.0,0.0,219.7,0.0,22.4,34.1,34.1,37.5,300.0,300.0,29.9,36.4,34.800000000000004,34.6,36.8,4.96,2.0,4.96,0.16,0.0,0.0,1027.0,8228.0,0.0,0.0,0.0,0.0,0.0,1.0,0.0,0.0,0.0,-0.001,0.0,-0.1,0.0,-11.2,-12.9,0.0151,16.0,25903.0
2026-07-30T18:58:14.256Z,63.739,63.75,-7.4,7.4,0.0,0.0,0.0,0.0,0.0,1.0,1.0,0.0,1.0,0.0,0.0,0.0,8.0,6.0,0.0,0.0,0.0,0.0,0.0,0.0,0.0,0.0,1.0,12.0,1.0,12.04,5.0200000000000005,2.51,1.49,-2.3000000000000003,0.3,2.3000000000000003,301.0,-0.1,-12.6,1.7000000000000002,9.3,-82.4,0.0,0.0,219.6,0.0,22.4,34.2,34.1,37.5,300.0,300.0,29.9,36.2,34.800000000000004,34.5,36.8,4.95,2.0,4.97,0.16,0.0,0.0,1027.0,8228.0,0.0,0.0,0.0,0.0,0.0,1.0,0.0,0.0,0.0,-0.001,0.0,-0.2,0.0,-11.8,-12.9,0.0157,16.0,25903.0
2026-07-30T18:58:14.267Z,63.75,63.762,-7.5,7.4,0.0,0.0,0.0,0.0,0.0,1.0,1.0,0.0,1.0,0.0,0.0,0.0,8.0,6.0,0.0,0.0,0.0,0.0,0.0,0.0,0.0,0.0,2.0,12.0,1.0,12.04,5.0200000000000005,2.51,1.49,-2.3000000000000003,0.3,2.3000000000000003,301.1,-0.1,-13.8,0.0,9.3,-82.4,0.0,0.0,219.6,0.0,22.4,34.2,34.1,37.5,300.0,300.0,29.9,36.2,34.800000000000004,34.5,36.8,4.96,2.0,4.97,0.16,0.0,0.0,1027.0,8228.0,0.0,0.0,0.0,0.0,0.0,1.0,0.0,0.0,0.0,-0.001,0.0,-1.8,0.0,-10.6,-12.8,0.0155,16.0,25903.0
2026-07-30T18:58:14.278Z,63.761,63.774,-7.5,7.4,0.0,0.0,0.0,0.0,0.0,1.0,1.0,0.0,1.0,0.0,0.0,0.0,8.0,6.0,0.0,0.0,0.0,0.0,0.0,0.0,0.0,0.0,3.0,12.0,1.0,12.04,5.0200000000000005,2.51,1.49,-2.3000000000000003,0.3,2.3000000000000003,301.1,-0.1,-12.0,0.5,9.3,-82.4,0.0,0.0,219.7,0.0,22.4,34.2,34.1,37.5,300.0,300.0,29.9,36.2,34.800000000000004,34.5,36.8,4.96,2.0,4.96,0.16,0.0,0.0,1027.0,8228.0,0.0,0.0,0.0,0.0,0.0,1.0,0.0,0.0,0.0,-0.001,0.0,-1.3,0.0,-11.0,-12.7,0.015,16.0,25903.0
2026-07-30T18:58:14.290Z,63.773,63.786,-7.5,7.4,0.0,0.0,0.0,0.0,0.0,1.0,1.0,0.0,1.0,0.0,0.0,0.0,8.0,6.0,0.0,0.0,0.0,0.0,0.0,0.0,0.0,0.0,4.0,12.0,1.0,12.04,5.0200000000000005,2.51,1.49,-2.2,0.2,2.2,301.0,-0.1,-12.6,2.3000000000000003,9.9,-82.4,0.0,0.0,219.9,0.0,22.4,34.2,34.1,37.5,300.0,300.0,29.9,36.2,34.800000000000004,34.5,36.8,4.95,2.0,4.96,0.16,0.0,0.0,1027.0,8228.0,0.0,0.0,0.0,0.0,0.0,1.0,0.0,0.0,0.0,-0.001,0.0,0.1,0.0,-12.9,-12.7,0.0145,16.0,25903.0
2026-07-30T18:58:14.303Z,63.786,63.798,-7.4,7.4,0.0,0.0,0.0,0.0,0.0,1.0,1.0,0.0,1.0,0.0,0.0,0.0,8.0,6.0,0.0,0.0,0.0,0.0,0.0,0.0,0.0,0.0,5.0,12.0,1.0,12.04,5.0200000000000005,2.51,1.49,-2.3000000000000003,0.3,2.4000000000000004,301.0,-0.1,-12.6,0.5,7.5,-82.4,0.0,0.0,219.8,0.0,22.4,34.2,34.1,37.5,300.0,300.0,29.9,36.2,34.800000000000004,34.5,36.8,4.95,2.0,4.96,0.16,0.0,0.0,1027.0,8228.0,0.0,0.0,0.0,0.0,0.0,1.0,0.0,0.0,0.0,-0.001,0.0,-0.9,0.0,-9.0,-12.8,0.0151,16.0,25903.0
2026-07-30T18:58:14.315Z,63.798,63.81,-7.5,7.4,0.0,0.0,0.0,0.0,0.0,1.0,1.0,0.0,1.0,0.0,0.0,0.0,8.0,6.0,0.0,0.0,0.0,0.0,0.0,0.0,0.0,0.0,6.0,12.0,1.0,12.04,5.0200000000000005,2.51,1.49,-2.2,0.3,2.2,301.1,-0.1,-10.9,1.7000000000000002,9.3,-82.4,0.0,0.0,219.8,0.0,22.4,34.2,34.1,37.5,300.0,300.0,29.9,36.2,34.800000000000004,34.5,36.8,4.96,1.99,4.96,0.16,0.0,0.0,1027.0,8228.0,0.0,0.0,0.0,0.0,0.0,1.0,0.0,0.0,0.0,-0.001,0.0,-0.2,0.0,-11.8,-12.8,0.0148,16.0,25903.0
2026-07-30T18:58:14.333Z,63.816,63.822,-7.5,7.4,0.0,0.0,0.0,0.0,0.0,1.0,1.0,0.0,1.0,0.0,0.0,0.0,8.0,6.0,0.0,0.0,0.0,0.0,0.0,0.0,0.0,0.0,1.0,12.0,1.0,12.04,5.0200000000000005,2.51,1.49,-2.1,0.2,2.1,301.1,-0.1,-11.4,2.9000000000000004,11.6,-82.4,0.0,0.0,219.8,0.0,22.4,34.2,34.1,37.5,300.0,300.0,29.9,36.2,34.800000000000004,34.5,36.8,4.96,2.0,4.96,0.16,0.0,0.0,1027.0,8228.0,0.0,0.0,0.0,0.0,0.0,1.0,0.0,0.0,0.0,-0.001,0.0,0.2,0.0,-15.4,-12.7,0.0153,16.0,25903.0
2026-07-30T18:58:14.338Z,63.821,63.834,-7.4,7.4,0.0,0.0,0.0,0.0,0.0,1.0,1.0,0.0,1.0,0.0,0.0,0.0,8.0,6.0,0.0,0.0,0.0,0.0,0.0,0.0,0.0,0.0,5.0,12.0,1.0,12.04,5.0200000000000005,2.51,1.49,-2.2,0.3,2.2,301.1,-0.1,-11.4,2.3000000000000003,10.4,-82.4,0.0,0.0,219.7,0.0,22.4,34.2,34.1,37.5,300.0,300.0,29.9,36.2,34.800000000000004,34.5,36.8,4.96,2.0,4.96,0.16,0.0,0.0,1027.0,8228.0,0.0,0.0,0.0,0.0,0.0,1.0,0.0,0.0,0.0,-0.001,0.0,0.0,0.0,-13.6,-12.7,0.0145,16.0,25903.0
2026-07-30T18:58:14.351Z,63.834,63.846,-7.4,7.4,0.0,0.0,0.0,0.0,0.0,1.0,1.0,0.0,1.0,0.0,0.0,0.0,8.0,6.0,0.0,0.0,0.0,0.0,0.0,0.0,0.0,0.0,5.0,12.0,1.0,12.04,5.0200000000000005,2.51,1.49,-2.2,0.2,2.2,300.90000000000003,-0.1,-10.9,2.9000000000000004,9.9,-82.4,0.0,0.0,219.7,0.0,22.4,34.2,34.1,37.5,300.0,300.0,29.9,36.2,34.800000000000004,34.5,36.8,4.95,2.0,4.96,0.16,0.0,0.0,1027.0,8228.0,0.0,0.0,0.0,0.0,0.0,1.0,0.0,0.0,0.0,-0.001,0.0,0.4,0.0,-14.7,-12.8,0.0145,16.0,25903.0
2026-07-30T18:58:14.363Z,63.846,63.858,-7.5,7.4,0.0,0.0,0.0,0.0,0.0,1.0,1.0,0.0,1.0,0.0,0.0,0.0,8.0,6.0,0.0,0.0,0.0,0.0,0.0,0.0,0.0,0.0,1.0,12.0,1.0,12.01,5.01,2.51,1.5,-2.2,0.2,2.2,301.1,-0.1,-11.4,1.7000000000000002,9.9,-82.30000000000001,0.0,0.0,219.6,0.0,22.1,34.2,34.2,37.5,300.0,300.0,29.9,36.2,34.800000000000004,34.5,36.8,4.95,2.0,4.96,0.16,0.0,0.0,1027.0,8228.0,0.0,0.0,0.0,0.0,0.0,1.0,0.0,0.0,0.0,-0.001,0.0,0.1,0.0,-12.9,-12.8,0.0148,16.0,25903.0
2026-07-30T18:58:14.375Z,63.858,63.870000000000005,-7.5,7.4,0.0,0.0,0.0,0.0,0.0,1.0,1.0,0.0,1.0,0.0,0.0,0.0,8.0,6.0,0.0,0.0,0.0,0.0,0.0,0.0,0.0,0.0,2.0,12.0,1.0,12.01,5.01,2.51,1.5,-2.2,0.2,2.2,301.0,-0.1,-11.4,2.9000000000000004,9.9,-82.30000000000001,0.0,0.0,219.7,0.0,22.1,34.2,34.2,37.5,300.0,300.0,29.9,36.2,34.800000000000004,34.5,36.8,4.95,2.0,4.96,0.16,0.0,0.0,1027.0,8228.0,0.0,0.0,0.0,0.0,0.0,1.0,0.0,0.0,0.0,-0.001,0.0,0.0,0.0,-13.6,-12.8,0.0151,16.0,25903.0
2026-07-30T18:58:14.386Z,63.869,63.882,-7.5,7.4,0.0,0.0,0.0,0.0,0.0,1.0,1.0,0.0,1.0,0.0,0.0,0.0,8.0,6.0,0.0,0.0,0.0,0.0,0.0,0.0,0.0,0.0,3.0,12.0,1.0,12.01,5.01,2.51,1.5,-2.2,0.2,2.3000000000000003,301.1,-0.1,-11.4,4.0,12.8,-82.30000000000001,0.0,0.0,219.8,0.0,22.1,34.2,34.2,37.5,300.0,300.0,29.9,36.2,34.800000000000004,34.5,36.8,4.95,2.0,4.96,0.16,0.0,0.0,1027.0,8228.0,0.0,0.0,0.0,0.0,0.0,1.0,0.0,0.0,0.0,-0.001,0.0,0.3,0.0,-11.6,-12.8,0.015,16.0,25903.0
2026-07-30T18:58:14.398Z,63.881,63.894,-7.4,7.4,0.0,0.0,0.0,0.0,0.0,1.0,1.0,0.0,1.0,0.0,0.0,0.0,8.0,6.0,0.0,0.0,0.0,0.0,0.0,0.0,0.0,0.0,4.0,12.0,1.0,12.01,5.01,2.51,1.5,-2.2,0.3,2.3000000000000003,301.1,-0.1,-12.0,1.7000000000000002,9.9,-82.30000000000001,0.0,0.0,219.7,0.0,22.1,34.2,34.2,37.5,300.0,300.0,29.9,36.2,34.800000000000004,34.5,36.8,4.95,2.0,4.96,0.16,0.0,0.0,1027.0,8228.0,0.0,0.0,0.0,0.0,0.0,1.0,0.0,0.0,0.0,-0.001,0.0,-0.3,0.0,-12.5,-12.8,0.0154,16.0,25903.0
2026-07-30T18:58:14.410Z,63.893,63.906,-7.5,7.4,0.0,0.0,0.0,0.0,0.0,1.0,1.0,0.0,1.0,0.0,0.0,0.0,8.0,6.0,0.0,0.0,0.0,0.0,0.0,0.0,0.0,0.0,4.0,12.0,1.0,12.01,5.01,2.51,1.5,-2.2,0.3,2.2,301.0,-0.1,-10.9,1.1,9.9,-82.4,0.0,0.0,219.7,0.0,22.1,34.2,34.2,37.5,300.0,300.0,29.9,36.2,34.800000000000004,34.5,36.8,4.95,2.0,4.96,0.16,0.0,0.0,1027.0,8228.0,0.0,0.0,0.0,0.0,0.0,1.0,0.0,0.0,0.0,-0.001,0.0,-0.8,0.0,-12.1,-12.8,0.0153,16.0,25903.0
2026-07-30T18:58:14.422Z,63.905,63.918,-7.4,7.4,0.0,0.0,0.0,0.0,0.0,1.0,1.0,0.0,1.0,0.0,0.0,0.0,8.0,6.0,0.0,0.0,0.0,0.0,0.0,0.0,0.0,0.0,6.0,12.0,1.0,12.01,5.01,2.51,1.5,-2.3000000000000003,0.2,2.3000000000000003,301.1,-0.1,-12.6,2.3000000000000003,8.1,-82.4,0.0,0.0,219.7,0.0,22.1,34.2,34.2,37.5,300.0,300.0,29.9,36.2,34.800000000000004,34.5,36.8,4.95,2.0,4.97,0.16,0.0,0.0,1027.0,8228.0,0.0,0.0,0.0,0.0,0.0,1.0,0.0,0.0,0.0,-0.001,0.0,0.4,0.0,-10.9,-12.6,0.0152,16.0,25903.0
2026-07-30T18:58:14.434Z,63.917,63.93,-7.4,7.4,0.0,0.0,0.0,0.0,0.0,1.0,1.0,0.0,1.0,0.0,0.0,0.0,8.0,6.0,0.0,0.0,0.0,0.0,0.0,0.0,0.0,0.0,1.0,12.0,1.0,12.01,5.01,2.51,1.5,-2.3000000000000003,0.2,2.3000000000000003,301.1,-0.1,-13.2,1.7000000000000002,8.700000000000001,-82.4,0.0,0.0,219.9,0.0,22.1,34.2,34.2,37.5,300.0,300.0,29.9,36.2,34.800000000000004,34.5,36.8,4.96,2.0,4.97,0.16,0.0,0.0,1027.0,8228.0,0.0,0.0,0.0,0.0,0.0,1.0,0.0,0.0,0.0,-0.001,0.0,-0.1,0.0,-11.2,-12.8,0.0155,16.0,25903.0
2026-07-30T18:58:14.446Z,63.929,63.942,-7.5,7.4,0.0,0.0,0.0,0.0,0.0,1.0,1.0,0.0,1.0,0.0,0.0,0.0,8.0,6.0,0.0,0.0,0.0,0.0,0.0,0.0,0.0,0.0,2.0,12.0,1.0,12.01,5.01,2.51,1.5,-2.3000000000000003,0.3,2.3000000000000003,300.90000000000003,-0.1,-12.6,1.1,8.1,-82.4,0.0,0.0,219.9,0.0,22.1,34.2,34.2,37.5,300.0,300.0,29.9,36.2,34.800000000000004,34.5,36.8,4.96,2.0,4.96,0.15,0.0,0.0,1027.0,8228.0,0.0,0.0,0.0,0.0,0.0,1.0,0.0,0.0,0.0,-0.001,0.0,-0.5,0.0,-10.1,-12.8,0.0155,16.0,25903.0
2026-07-30T18:58:14.460Z,63.943,63.954,-7.5,7.4,0.0,0.0,0.0,0.0,0.0,1.0,1.0,0.0,1.0,0.0,0.0,0.0,8.0,6.0,0.0,0.0,0.0,0.0,0.0,0.0,0.0,0.0,3.0,12.0,1.0,12.06,5.01,2.5,1.49,-2.2,0.3,2.3000000000000003,301.1,-0.1,-12.6,0.0,9.9,-82.4,0.0,0.0,220.0,0.0,22.1,34.2,34.2,37.5,300.0,300.0,29.9,36.3,34.800000000000004,34.5,36.8,4.95,2.0,4.96,0.15,0.0,0.0,1027.0,8228.0,0.0,0.0,0.0,0.0,0.0,1.0,0.0,0.0,0.0,-0.001,0.0,-1.9,0.0,-11.2,-12.8,0.0156,16.0,25903.0
2026-07-30T18:58:14.470Z,63.953,63.966,-7.4,7.4,0.0,0.0,0.0,0.0,0.0,1.0,1.0,0.0,1.0,0.0,0.0,0.0,8.0,6.0,0.0,0.0,0.0,0.0,0.0,0.0,0.0,0.0,4.0,12.0,1.0,12.06,5.01,2.5,1.49,-2.3000000000000003,0.2,2.3000000000000003,300.90000000000003,-0.1,-12.6,2.3000000000000003,8.700000000000001,-82.4,0.0,0.0,219.9,0.0,22.1,34.2,34.2,37.5,300.0,300.0,29.9,36.3,34.800000000000004,34.5,36.8,4.95,2.0,4.96,0.16,0.0,0.0,1027.0,8228.0,0.0,0.0,0.0,0.0,0.0,1.0,0.0,0.0,0.0,-0.001,0.0,0.3,0.0,-11.6,-12.7,0.0154,16.0,25903.0
2026-07-30T18:58:14.483Z,63.966,63.978,-7.4,7.4,0.0,0.0,0.0,0.0,0.0,1.0,1.0,0.0,1.0,0.0,0.0,0.0,8.0,6.0,0.0,0.0,0.0,0.0,0.0,0.0,0.0,0.0,5.0,12.0,1.0,12.06,5.01,2.5,1.49,-2.3000000000000003,0.3,2.3000000000000003,301.0,-0.1,-12.0,1.7000000000000002,9.3,-82.5,0.0,0.0,219.9,0.0,22.1,34.2,34.2,37.5,300.0,300.0,29.9,36.3,34.800000000000004,34.5,36.8,4.95,2.0,4.96,0.16,0.0,0.0,1027.0,8228.0,0.0,0.0,0.0,0.0,0.0,1.0,0.0,0.0,0.0,-0.001,0.0,-0.2,0.0,-11.8,-12.8,0.0154,16.0,25903.0
2026-07-30T18:58:14.495Z,63.978,63.99,-7.4,7.4,0.0,0.0,0.0,0.0,0.0,1.0,1.0,0.0,1.0,0.0,0.0,0.0,8.0,6.0,0.0,0.0,0.0,0.0,0.0,0.0,0.0,0.0,1.0,12.0,1.0,12.06,5.01,2.5,1.49,-2.3000000000000003,0.3,2.3000000000000003,301.1,-0.1,-13.2,0.5,8.700000000000001,-82.5,0.0,0.0,219.8,0.0,22.1,34.2,34.2,37.5,300.0,300.0,29.9,36.3,34.800000000000004,34.5,36.8,4.96,2.0,4.96,0.16,0.0,0.0,1027.0,8228.0,0.0,0.0,0.0,0.0,0.0,1.0,0.0,0.0,0.0,-0.001,0.0,-1.2000000000000002,0.0,-10.3,-12.8,0.0155,16.0,25903.0
2026-07-30T18:58:14.507Z,63.99,64.002,-7.5,7.4,0.0,0.0,0.0,0.0,0.0,1.0,1.0,0.0,1.0,0.0,0.0,0.0,8.0,6.0,0.0,0.0,0.0,0.0,0.0,0.0,0.0,0.0,2.0,12.0,1.0,12.06,5.01,2.5,1.49,-2.3000000000000003,0.3,2.3000000000000003,300.90000000000003,-0.1,-12.0,1.1,9.3,-82.5,0.0,0.0,219.7,0.0,22.1,34.2,34.2,37.5,300.0,300.0,29.9,36.3,34.800000000000004,34.5,36.8,4.95,2.0,4.96,0.16,0.0,0.0,1027.0,8228.0,0.0,0.0,0.0,0.0,0.0,1.0,0.0,0.0,0.0,-0.001,0.0,-0.7000000000000001,0.0,-11.4,-12.8,0.0159,16.0,25903.0
2026-07-30T18:58:14.518Z,64.001,64.014,-7.5,7.4,0.0,0.0,0.0,0.0,0.0,1.0,1.0,0.0,1.0,0.0,0.0,0.0,8.0,6.0,0.0,0.0,0.0,0.0,0.0,0.0,0.0,0.0,3.0,12.0,1.0,12.06,5.01,2.5,1.49,-2.3000000000000003,0.2,2.3000000000000003,301.0,-0.1,-12.0,1.7000000000000002,9.3,-82.5,0.0,0.0,219.8,0.0,22.1,34.2,34.2,37.5,300.0,300.0,29.9,36.3,34.800000000000004,34.5,36.8,4.95,2.0,4.96,0.16,0.0,0.0,1027.0,8228.0,0.0,0.0,0.0,0.0,0.0,1.0,0.0,0.0,0.0,-0.001,0.0,-0.2,0.0,-11.8,-12.7,0.0156,16.0,25903.0
2026-07-30T18:58:14.530Z,64.013,64.026,-7.4,7.4,0.0,0.0,0.0,0.0,0.0,1.0,1.0,0.0,1.0,0.0,0.0,0.0,8.0,6.0,0.0,0.0,0.0,0.0,0.0,0.0,0.0,0.0,4.0,12.0,1.0,12.06,5.01,2.5,1.49,-2.2,0.2,2.3000000000000003,301.1,-0.1,-12.0,2.9000000000000004,9.3,-82.5,0.0,0.0,219.8,0.0,22.1,34.2,34.2,37.5,300.0,300.0,29.9,36.3,34.800000000000004,34.5,36.8,4.96,2.0,4.96,0.16,0.0,0.0,1027.0,8228.0,0.0,0.0,0.0,0.0,0.0,1.0,0.0,0.0,0.0,-0.001,0.0,0.7000000000000001,0.0,-12.7,-12.8,0.0154,16.0,25903.0
2026-07-30T18:58:14.542Z,64.025,64.038,-7.4,7.4,0.0,0.0,0.0,0.0,0.0,1.0,1.0,0.0,1.0,0.0,0.0,0.0,8.0,6.0,0.0,0.0,0.0,0.0,0.0,0.0,0.0,0.0,5.0,12.0,1.0,12.06,5.01,2.5,1.49,-2.2,0.2,2.2,301.0,-0.1,-12.6,3.5,11.0,-82.5,0.0,0.0,219.9,0.0,22.1,34.2,34.2,37.5,300.0,300.0,29.9,36.3,34.800000000000004,34.5,36.8,4.95,2.0,4.96,0.16,0.0,0.0,1027.0,8228.0,0.0,0.0,0.0,0.0,0.0,1.0,0.0,0.0,0.0,-0.001,0.0,0.9,0.0,-15.1,-12.8,0.0153,16.0,25903.0
2026-07-30T18:58:14.554Z,64.037,64.05,-7.5,7.4,0.0,0.0,0.0,0.0,0.0,1.0,1.0,0.0,1.0,0.0,0.0,0.0,8.0,6.0,0.0,0.0,0.0,0.0,0.0,0.0,0.0,0.0,6.0,12.0,1.0,12.06,5.01,2.5,1.49,-2.2,0.2,2.2,301.0,-0.1,-10.3,2.3000000000000003,10.4,-82.5,0.0,0.0,219.8,0.0,22.1,34.2,34.2,37.5,300.0,300.0,29.9,36.3,34.800000000000004,34.5,36.8,4.95,2.0,4.96,0.16,0.0,0.0,1027.0,8228.0,0.0,0.0,0.0,0.0,0.0,1.0,0.0,0.0,0.0,-0.001,0.0,0.0,0.0,-13.6,-12.9,0.0148,16.0,25903.0
2026-07-30T18:58:14.567Z,64.05,64.062,-7.5,7.4,0.0,0.0,0.0,0.0,0.0,1.0,1.0,0.0,1.0,0.0,0.0,0.0,8.0,6.0,0.0,0.0,0.0,0.0,0.0,0.0,0.0,0.0,1.0,12.0,1.0,12.05,5.01,2.51,1.49,-2.2,0.2,2.2,301.1,-0.1,-10.9,4.0,9.9,-82.5,0.0,0.0,219.8,0.0,21.8,34.2,34.2,37.5,300.0,300.0,29.9,36.4,34.800000000000004,34.5,36.8,4.95,2.0,4.96,0.16,0.0,0.0,1027.0,8228.0,0.0,0.0,0.0,0.0,0.0,1.0,0.0,0.0,0.0,-0.001,0.0,1.6,0.0,-14.2,-12.7,0.015,16.0,25903.0
2026-07-30T18:58:14.579Z,64.062,64.074,-7.5,7.4,0.0,0.0,0.0,0.0,0.0,1.0,1.0,0.0,1.0,0.0,0.0,0.0,8.0,6.0,0.0,0.0,0.0,0.0,0.0,0.0,0.0,0.0,2.0,12.0,1.0,12.05,5.01,2.51,1.49,-2.2,0.2,2.2,300.90000000000003,-0.1,-12.0,2.9000000000000004,10.4,-82.5,0.0,0.0,219.8,0.0,21.8,34.2,34.2,37.5,300.0,300.0,29.9,36.4,34.800000000000004,34.5,36.8,4.95,1.99,4.96,0.16,0.0,0.0,1027.0,8228.0,0.0,0.0,0.0,0.0,0.0,1.0,0.0,0.0,0.0,-0.001,0.0,0.5,0.0,-14.0,-12.7,0.0148,16.0,25903.0
2026-07-30T18:58:14.591Z,64.074,64.086,-7.4,7.4,0.0,0.0,0.0,0.0,0.0,1.0,1.0,0.0,1.0,0.0,0.0,0.0,8.0,6.0,0.0,0.0,0.0,0.0,0.0,0.0,0.0,0.0,3.0,12.0,1.0,12.05,5.01,2.51,1.49,-2.2,0.3,2.2,301.1,-0.1,-10.9,2.3000000000000003,11.0,-82.5,0.0,0.0,219.7,0.0,21.8,34.2,34.2,37.5,300.0,300.0,29.9,36.4,34.800000000000004,34.5,36.8,4.95,1.99,4.97,0.16,0.0,0.0,1027.0,8228.0,0.0,0.0,0.0,0.0,0.0,1.0,0.0,0.0,0.0,-0.001,0.0,0.0,0.0,-14.3,-12.7,0.0149,16.0,25903.0
2026-07-30T18:58:14.603Z,64.086,64.098,-7.5,7.4,0.0,0.0,0.0,0.0,0.0,1.0,1.0,0.0,1.0,0.0,0.0,0.0,8.0,6.0,0.0,0.0,0.0,0.0,0.0,0.0,0.0,0.0,4.0,12.0,1.0,12.05,5.01,2.51,1.49,-2.1,0.2,2.1,301.1,-0.1,-10.3,3.5,11.6,-82.5,0.0,0.0,219.8,0.0,21.8,34.2,34.2,37.5,300.0,300.0,29.9,36.4,34.800000000000004,34.5,36.8,4.96,2.0,4.96,0.16,0.0,0.0,1027.0,8228.0,0.0,0.0,0.0,0.0,0.0,1.0,0.0,0.0,0.0,-0.001,0.0,0.8,0.0,-15.8,-12.8,0.015,16.0,25903.0
2026-07-30T18:58:14.615Z,64.098,64.11,-7.5,7.4,0.0,0.0,0.0,0.0,0.0,1.0,1.0,0.0,1.0,0.0,0.0,0.0,8.0,6.0,0.0,0.0,0.0,0.0,0.0,0.0,0.0,0.0,4.0,12.0,1.0,12.05,5.01,2.51,1.49,-2.1,0.2,2.2,301.0,-0.1,-10.9,2.9000000000000004,11.0,-82.5,0.0,0.0,219.8,0.0,21.8,34.2,34.2,37.5,300.0,300.0,29.9,36.4,34.800000000000004,34.5,36.8,4.96,2.0,4.96,0.15,0.0,0.0,1027.0,8228.0,0.0,0.0,0.0,0.0,0.0,1.0,0.0,0.0,0.0,-0.001,0.0,0.4,0.0,-14.7,-12.7,0.0145,16.0,25903.0
2026-07-30T18:58:14.627Z,64.11,64.122,-7.4,7.4,0.0,0.0,0.0,0.0,0.0,1.0,1.0,0.0,1.0,0.0,0.0,0.0,8.0,6.0,0.0,0.0,0.0,0.0,0.0,0.0,0.0,0.0,5.0,12.0,1.0,12.05,5.01,2.51,1.49,-2.2,0.2,2.2,301.0,-0.1,-11.4,2.9000000000000004,9.9,-82.5,0.0,0.0,219.8,0.0,21.8,34.2,34.2,37.5,300.0,300.0,29.9,36.4,34.800000000000004,34.5,36.8,4.95,2.0,4.96,0.16,0.0,0.0,1027.0,8228.0,0.0,0.0,0.0,0.0,0.0,1.0,0.0,0.0,0.0,-0.001,0.0,0.6000000000000001,0.0,-13.4,-12.7,0.0147,16.0,25903.0
2026-07-30T18:58:14.641Z,64.124,64.134,-7.4,7.4,0.0,0.0,0.0,0.0,0.0,1.0,1.0,0.0,1.0,0.0,0.0,0.0,8.0,6.0,0.0,0.0,0.0,0.0,0.0,0.0,0.0,0.0,6.0,12.0,1.0,12.05,5.01,2.51,1.49,-2.2,0.2,2.2,301.1,-0.1,-12.6,2.9000000000000004,11.0,-82.5,0.0,0.0,219.8,0.0,21.8,34.2,34.2,37.5,300.0,300.0,29.9,36.4,34.800000000000004,34.5,36.8,4.96,2.0,4.96,0.16,0.0,0.0,1027.0,8228.0,0.0,0.0,0.0,0.0,0.0,1.0,0.0,0.0,0.0,-0.001,0.0,0.4,0.0,-14.7,-12.8,0.0151,16.0,25903.0
2026-07-30T18:58:14.651Z,64.134,64.146,-7.5,7.4,0.0,0.0,0.0,0.0,0.0,1.0,1.0,0.0,1.0,0.0,0.0,0.0,8.0,6.0,0.0,0.0,0.0,0.0,0.0,0.0,0.0,0.0,6.0,12.0,1.0,12.05,5.01,2.51,1.49,-2.2,0.2,2.2,300.90000000000003,-0.1,-11.4,2.9000000000000004,9.3,-82.5,0.0,0.0,219.8,0.0,21.8,34.2,34.2,37.5,300.0,300.0,29.9,36.4,34.800000000000004,34.5,36.8,4.95,2.0,4.96,0.16,0.0,0.0,1027.0,8228.0,0.0,0.0,0.0,0.0,0.0,1.0,0.0,0.0,0.0,-0.001,0.0,0.7000000000000001,0.0,-12.7,-12.8,0.0148,16.0,25903.0
2026-07-30T18:58:14.663Z,64.146,64.158,-7.5,7.4,0.0,0.0,0.0,0.0,0.0,1.0,1.0,0.0,1.0,0.0,0.0,0.0,8.0,6.0,0.0,0.0,0.0,0.0,0.0,0.0,0.0,0.0,6.0,12.0,1.0,12.05,5.01,2.51,1.49,-2.2,0.2,2.2,301.0,-0.1,-11.4,2.9000000000000004,11.0,-82.5,0.0,0.0,219.6,0.0,22.1,34.2,34.2,37.5,300.0,300.0,30.0,36.4,34.800000000000004,34.5,36.8,4.95,2.0,4.96,0.16,0.0,0.0,1027.0,8228.0,0.0,0.0,0.0,0.0,0.0,1.0,0.0,0.0,0.0,-0.001,0.0,0.4,0.0,-14.7,-12.7,0.0152,16.0,25903.0
2026-07-30T18:58:14.674Z,64.157,64.17,-7.4,7.4,0.0,0.0,0.0,0.0,0.0,1.0,1.0,0.0,1.0,0.0,0.0,0.0,8.0,6.0,0.0,0.0,0.0,0.0,0.0,0.0,0.0,0.0,1.0,12.0,1.0,12.05,5.01,2.51,1.49,-2.3000000000000003,0.3,2.3000000000000003,301.1,-0.1,-12.0,1.7000000000000002,8.700000000000001,-82.5,0.0,0.0,219.8,0.0,22.1,34.2,34.2,37.5,300.0,300.0,30.0,36.4,34.800000000000004,34.5,36.8,4.95,2.0,4.96,0.16,0.0,0.0,1027.0,8228.0,0.0,0.0,0.0,0.0,0.0,1.0,0.0,0.0,0.0,-0.001,0.0,-0.1,0.0,-11.2,-12.8,0.0148,16.0,25903.0
2026-07-30T18:58:14.687Z,64.17,64.182,-7.4,7.4,0.0,0.0,0.0,0.0,0.0,1.0,1.0,0.0,1.0,0.0,0.0,0.0,8.0,6.0,0.0,0.0,0.0,0.0,0.0,0.0,0.0,0.0,2.0,12.0,1.0,12.05,5.01,2.51,1.49,-2.3000000000000003,0.3,2.3000000000000003,301.0,-0.1,-11.4,1.7000000000000002,9.3,-82.5,0.0,0.0,219.9,0.0,22.1,34.2,34.2,37.5,300.0,300.0,30.0,36.4,34.800000000000004,34.5,36.8,4.95,2.0,4.96,0.16,0.0,0.0,1027.0,8228.0,0.0,0.0,0.0,0.0,0.0,1.0,0.0,0.0,0.0,-0.001,0.0,-0.2,0.0,-11.8,-12.8,0.0156,16.0,25903.0
2026-07-30T18:58:14.698Z,64.181,64.194,-7.5,7.4,0.0,0.0,0.0,0.0,0.0,1.0,1.0,0.0,1.0,0.0,0.0,0.0,8.0,6.0,0.0,0.0,0.0,0.0,0.0,0.0,0.0,0.0,4.0,12.0,1.0,12.05,5.01,2.51,1.49,-2.2,0.3,2.2,301.0,-0.1,-12.0,1.1,11.6,-82.5,0.0,0.0,219.7,0.0,22.1,34.2,34.2,37.5,300.0,300.0,30.0,36.4,34.800000000000004,34.5,36.8,4.95,2.0,4.96,0.16,0.0,0.0,1027.0,8228.0,0.0,0.0,0.0,0.0,0.0,1.0,0.0,0.0,0.0,-0.001,0.0,-1.2000000000000002,0.0,-14.1,-12.8,0.0155,16.0,25903.0
2026-07-30T18:58:14.710Z,64.193,64.206,-7.5,7.4,0.0,0.0,0.0,0.0,0.0,1.0,1.0,0.0,1.0,0.0,0.0,0.0,8.0,6.0,0.0,0.0,0.0,0.0,0.0,0.0,0.0,0.0,5.0,12.0,1.0,12.05,5.01,2.51,1.49,-2.2,0.3,2.3000000000000003,301.0,-0.1,-12.0,1.7000000000000002,9.9,-82.5,0.0,0.0,219.7,0.0,22.1,34.2,34.2,37.5,300.0,300.0,30.0,36.4,34.800000000000004,34.5,36.8,4.95,2.0,4.96,0.16,0.0,0.0,1027.0,8228.0,0.0,0.0,0.0,0.0,0.0,1.0,0.0,0.0,0.0,-0.001,0.0,-0.3,0.0,-12.5,-12.8,0.015,16.0,25903.0
2026-07-30T18:58:14.723Z,64.206,64.218,-7.5,7.4,0.0,0.0,0.0,0.0,0.0,1.0,1.0,0.0,1.0,0.0,0.0,0.0,8.0,6.0,0.0,0.0,0.0,0.0,0.0,0.0,0.0,0.0,6.0,12.0,1.0,12.05,5.01,2.51,1.49,-2.2,0.2,2.3000000000000003,301.0,-0.1,-12.0,2.9000000000000004,9.3,-82.5,0.0,0.0,219.7,0.0,22.1,34.2,34.2,37.5,300.0,300.0,30.0,36.4,34.800000000000004,34.5,36.8,4.95,2.0,4.96,0.16,0.0,0.0,1027.0,8228.0,0.0,0.0,0.0,0.0,0.0,1.0,0.0,0.0,0.0,-0.001,0.0,0.7000000000000001,0.0,-12.7,-12.8,0.0154,16.0,25903.0
2026-07-30T18:58:14.734Z,64.217,64.23,-7.5,7.4,0.0,0.0,0.0,0.0,0.0,1.0,1.0,0.0,1.0,0.0,0.0,0.0,8.0,6.0,0.0,0.0,0.0,0.0,0.0,0.0,0.0,0.0,1.0,12.0,1.0,12.05,5.01,2.51,1.49,-2.3000000000000003,0.3,2.3000000000000003,301.1,-0.1,-13.2,1.7000000000000002,8.700000000000001,-82.5,0.0,0.0,219.7,0.0,22.1,34.2,34.2,37.5,300.0,300.0,30.0,36.4,34.800000000000004,34.5,36.8,4.96,2.0,4.97,0.16,0.0,0.0,1027.0,8228.0,0.0,0.0,0.0,0.0,0.0,1.0,0.0,0.0,0.0,-0.001,0.0,-0.1,0.0,-11.2,-12.8,0.0153,16.0,25903.0
2026-07-30T18:58:14.747Z,64.23,64.242,-7.5,7.4,0.0,0.0,0.0,0.0,0.0,1.0,1.0,0.0,1.0,0.0,0.0,0.0,8.0,6.0,0.0,0.0,0.0,0.0,0.0,0.0,0.0,0.0,1.0,12.0,1.0,12.05,5.01,2.51,1.49,-2.3000000000000003,0.3,2.4000000000000004,301.0,-0.1,-13.2,-0.5,8.1,-82.4,0.0,0.0,219.7,0.0,22.1,34.2,34.2,37.5,300.0,300.0,30.0,36.4,34.800000000000004,34.5,36.8,4.96,2.0,4.96,0.16,0.0,0.0,1027.0,8228.0,0.0,0.0,0.0,0.0,0.0,1.0,0.0,0.0,0.0,-0.001,0.0,-2.1,0.0,-8.8,-12.7,0.0155,16.0,25903.0
2026-07-30T18:58:14.759Z,64.242,64.254,-7.4,7.4,0.0,0.0,0.0,0.0,0.0,1.0,1.0,0.0,1.0,0.0,0.0,0.0,8.0,6.0,0.0,0.0,0.0,0.0,0.0,0.0,0.0,0.0,2.0,12.0,1.0,12.05,5.01,2.51,1.49,-2.2,0.3,2.3000000000000003,301.0,-0.1,-13.2,1.1,9.9,-82.4,0.0,0.0,219.7,0.0,22.1,34.2,34.2,37.5,300.0,300.0,30.0,36.4,34.800000000000004,34.5,36.8,4.96,2.0,4.96,0.16,0.0,0.0,1027.0,8228.0,0.0,0.0,0.0,0.0,0.0,1.0,0.0,0.0,0.0,-0.001,0.0,-0.8,0.0,-12.1,-12.7,0.016,16.0,25903.0
2026-07-30T18:58:14.770Z,64.253,64.266,-7.4,7.4,0.0,0.0,0.0,0.0,0.0,1.0,1.0,0.0,1.0,0.0,0.0,0.0,8.0,6.0,0.0,0.0,0.0,0.0,0.0,0.0,0.0,0.0,3.0,12.0,1.0,12.05,5.0200000000000005,2.5,1.49,-2.2,0.3,2.2,301.1,-0.1,-12.6,1.7000000000000002,9.9,-82.4,0.0,0.0,219.7,0.0,21.9,34.2,34.2,37.6,300.0,300.0,30.0,36.3,34.9,34.6,36.9,4.96,2.0,4.96,0.16,0.0,0.0,1027.0,8228.0,0.0,0.0,0.0,0.0,0.0,1.0,0.0,0.0,0.0,-0.001,0.0,-0.3,0.0,-12.5,-12.8,0.0154,16.0,25903.0
2026-07-30T18:58:14.782Z,64.265,64.278,-7.5,7.4,0.0,0.0,0.0,0.0,0.0,1.0,1.0,0.0,1.0,0.0,0.0,0.0,8.0,6.0,0.0,0.0,0.0,0.0,0.0,0.0,0.0,0.0,4.0,12.0,1.0,12.05,5.0200000000000005,2.5,1.49,-2.2,0.3,2.3000000000000003,301.0,-0.1,-13.2,1.1,9.3,-82.4,0.0,0.0,219.8,0.0,21.9,34.2,34.2,37.6,300.0,300.0,30.0,36.3,34.9,34.6,36.9,4.96,2.0,4.97,0.16,0.0,0.0,1027.0,8228.0,0.0,0.0,0.0,0.0,0.0,1.0,0.0,0.0,0.0,-0.001,0.0,-0.8,0.0,-11.4,-12.8,0.0153,16.0,25903.0
2026-07-30T18:58:14.795Z,64.278,64.29,-7.5,7.4,0.0,0.0,0.0,0.0,0.0,1.0,1.0,0.0,1.0,0.0,0.0,0.0,8.0,6.0,0.0,0.0,0.0,0.0,0.0,0.0,0.0,0.0,5.0,12.0,1.0,12.05,5.0200000000000005,2.5,1.49,-2.3000000000000003,0.3,2.3000000000000003,301.1,-0.1,-11.4,0.5,8.1,-82.4,0.0,0.0,219.8,0.0,21.9,34.2,34.2,37.6,300.0,300.0,30.0,36.3,34.9,34.6,36.9,4.96,2.0,4.96,0.16,0.0,0.0,1027.0,8228.0,0.0,0.0,0.0,0.0,0.0,1.0,0.0,0.0,0.0,-0.001,0.0,-1.0,0.0,-9.6,-12.7,0.0145,16.0,25903.0
2026-07-30T18:58:14.807Z,64.29,64.302,-7.5,7.4,0.0,0.0,0.0,0.0,0.0,1.0,1.0,0.0,1.0,0.0,0.0,0.0,8.0,6.0,0.0,0.0,0.0,0.0,0.0,0.0,0.0,0.0,6.0,12.0,1.0,12.05,5.0200000000000005,2.5,1.49,-2.1,0.2,2.2,301.1,-0.1,-11.4,2.3000000000000003,10.4,-82.4,0.0,0.0,219.9,0.0,21.9,34.2,34.2,37.6,300.0,300.0,30.0,36.3,34.9,34.6,36.9,4.96,2.0,4.96,0.16,0.0,0.0,1027.0,8228.0,0.0,0.0,0.0,0.0,0.0,1.0,0.0,0.0,0.0,-0.001,0.0,0.0,0.0,-13.6,-12.6,0.0147,16.0,25903.0
2026-07-30T18:58:14.818Z,64.301,64.31400000000001,-7.4,7.4,0.0,0.0,0.0,0.0,0.0,1.0,1.0,0.0,1.0,0.0,0.0,0.0,8.0,6.0,0.0,0.0,0.0,0.0,0.0,0.0,0.0,0.0,1.0,12.0,1.0,12.05,5.0200000000000005,2.5,1.49,-2.2,0.2,2.2,301.0,-0.1,-11.4,2.9000000000000004,9.3,-82.4,0.0,0.0,219.9,0.0,21.9,34.2,34.2,37.6,300.0,300.0,30.0,36.3,34.9,34.6,36.9,4.95,2.0,4.96,0.16,0.0,0.0,1027.0,8228.0,0.0,0.0,0.0,0.0,0.0,1.0,0.0,0.0,0.0,-0.001,0.0,0.7000000000000001,0.0,-12.7,-12.7,0.0145,16.0,25903.0
2026-07-30T18:58:14.831Z,64.314,64.32600000000001,-7.4,7.4,0.0,0.0,0.0,0.0,0.0,1.0,1.0,0.0,1.0,0.0,0.0,0.0,8.0,6.0,0.0,0.0,0.0,0.0,0.0,0.0,0.0,0.0,2.0,12.0,1.0,12.05,5.0200000000000005,2.5,1.49,-2.2,0.3,2.2,301.0,-0.1,-12.0,1.7000000000000002,9.9,-82.4,0.0,0.0,219.8,0.0,21.9,34.2,34.2,37.6,300.0,300.0,30.0,36.3,34.9,34.6,36.9,4.95,2.0,4.97,0.16,0.0,0.0,1027.0,8228.0,0.0,0.0,0.0,0.0,0.0,1.0,0.0,0.0,0.0,-0.001,0.0,-0.5,0.0,-13.2,-12.8,0.0148,16.0,25903.0
2026-07-30T18:58:14.843Z,64.326,64.33800000000001,-7.4,7.4,0.0,0.0,0.0,0.0,0.0,1.0,1.0,0.0,1.0,0.0,0.0,0.0,8.0,6.0,0.0,0.0,0.0,0.0,0.0,0.0,0.0,0.0,3.0,12.0,1.0,12.05,5.0200000000000005,2.5,1.49,-2.2,0.2,2.3000000000000003,301.1,-0.1,-12.0,1.7000000000000002,8.700000000000001,-82.4,0.0,0.0,219.9,0.0,21.9,34.2,34.2,37.6,300.0,300.0,30.0,36.3,34.9,34.6,36.9,4.95,2.0,4.96,0.16,0.0,0.0,1027.0,8228.0,0.0,0.0,0.0,0.0,0.0,1.0,0.0,0.0,0.0,-0.001,0.0,-0.1,0.0,-11.2,-12.8,0.015,16.0,25903.0
2026-07-30T18:58:14.855Z,64.338,64.35,-7.4,7.4,0.0,0.0,0.0,0.0,0.0,1.0,1.0,0.0,1.0,0.0,0.0,0.0,8.0,6.0,0.0,0.0,0.0,0.0,0.0,0.0,0.0,0.0,4.0,12.0,1.0,12.05,5.0200000000000005,2.5,1.49,-2.2,0.2,2.2,300.90000000000003,-0.1,-11.4,2.9000000000000004,10.4,-82.4,0.0,0.0,219.8,0.0,21.9,34.2,34.2,37.6,300.0,300.0,30.0,36.3,34.9,34.6,36.9,4.95,2.0,4.96,0.16,0.0,0.0,1027.0,8228.0,0.0,0.0,0.0,0.0,0.0,1.0,0.0,0.0,0.0,-0.001,0.0,0.5,0.0,-13.6,-12.8,0.0152,16.0,25903.0
2026-07-30T18:58:14.868Z,64.351,64.362,-7.4,7.4,0.0,0.0,0.0,0.0,0.0,1.0,1.0,0.0,1.0,0.0,0.0,0.0,8.0,6.0,0.0,0.0,0.0,0.0,0.0,0.0,0.0,0.0,6.0,12.0,1.0,12.06,5.01,2.5,1.5,-2.2,0.2,2.2,301.0,-0.1,-10.9,2.9000000000000004,11.0,-82.4,0.0,0.0,219.7,0.0,22.1,34.2,34.2,37.6,300.0,300.0,30.0,36.2,34.800000000000004,34.6,36.8,4.96,2.0,4.96,0.16,0.0,0.0,1027.0,8228.0,0.0,0.0,0.0,0.0,0.0,1.0,0.0,0.0,0.0,-0.001,0.0,0.2,0.0,-12.3,-12.9,0.015,16.0,25903.0
2026-07-30T18:58:14.879Z,64.362,64.374,-7.5,7.4,0.0,0.0,0.0,0.0,0.0,1.0,1.0,0.0,1.0,0.0,0.0,0.0,8.0,6.0,0.0,0.0,0.0,0.0,0.0,0.0,0.0,0.0,1.0,12.0,1.0,12.06,5.01,2.5,1.5,-2.2,0.3,2.2,301.1,-0.1,-10.3,2.3000000000000003,11.0,-82.4,0.0,0.0,219.7,0.0,22.1,34.2,34.2,37.6,300.0,300.0,30.0,36.2,34.800000000000004,34.6,36.8,4.95,2.0,4.97,0.16,0.0,0.0,1027.0,8228.0,0.0,0.0,0.0,0.0,0.0,1.0,0.0,0.0,0.0,-0.001,0.0,-0.3,0.0,-12.5,-12.8,0.0154,16.0,25903.0
2026-07-30T18:58:14.891Z,64.374,64.386,-7.5,7.4,0.0,0.0,0.0,0.0,0.0,1.0,1.0,0.0,1.0,0.0,0.0,0.0,8.0,6.0,0.0,0.0,0.0,0.0,0.0,0.0,0.0,0.0,3.0,12.0,1.0,12.06,5.01,2.5,1.5,-2.3000000000000003,0.3,2.3000000000000003,301.1,-0.1,-9.7,2.3000000000000003,9.9,-82.4,0.0,0.0,219.7,0.0,22.1,34.2,34.2,37.6,300.0,300.0,30.0,36.2,34.800000000000004,34.6,36.8,4.95,2.0,4.96,0.16,0.0,0.0,1027.0,8228.0,0.0,0.0,0.0,0.0,0.0,1.0,0.0,0.0,0.0,-0.001,0.0,-0.6000000000000001,0.0,-10.8,-12.7,0.0152,16.0,25903.0
2026-07-30T18:58:14.903Z,64.386,64.398,-7.4,7.4,0.0,0.0,0.0,0.0,0.0,1.0,1.0,0.0,1.0,0.0,0.0,0.0,8.0,6.0,0.0,0.0,0.0,0.0,0.0,0.0,0.0,0.0,3.0,12.0,1.0,12.06,5.01,2.5,1.5,-2.2,0.3,2.3000000000000003,300.90000000000003,-0.1,-10.9,1.7000000000000002,9.3,-82.4,0.0,0.0,219.6,0.0,22.1,34.2,34.2,37.6,300.0,300.0,30.0,36.2,34.800000000000004,34.6,36.8,4.95,2.0,4.97,0.16,0.0,0.0,1027.0,8228.0,0.0,0.0,0.0,0.0,0.0,1.0,0.0,0.0,0.0,-0.001,0.0,-0.2,0.0,-11.8,-12.8,0.0156,16.0,25903.0
2026-07-30T18:58:14.915Z,64.398,64.41,-7.4,7.4,0.0,0.0,0.0,0.0,0.0,1.0,1.0,0.0,1.0,0.0,0.0,0.0,8.0,6.0,0.0,0.0,0.0,0.0,0.0,0.0,0.0,0.0,5.0,12.0,1.0,12.06,5.01,2.5,1.5,-2.2,0.3,2.3000000000000003,301.0,-0.1,-12.6,2.3000000000000003,9.3,-82.4,0.0,0.0,219.7,0.0,22.1,34.2,34.2,37.6,300.0,300.0,30.0,36.2,34.800000000000004,34.6,36.8,4.96,2.0,4.97,0.16,0.0,0.0,1027.0,8228.0,0.0,0.0,0.0,0.0,0.0,1.0,0.0,0.0,0.0,-0.001,0.0,0.2,0.0,-12.3,-12.8,0.0154,16.0,25903.0
2026-07-30T18:58:14.926Z,64.409,64.422,-7.4,7.4,0.0,0.0,0.0,0.0,0.0,1.0,1.0,0.0,1.0,0.0,0.0,0.0,8.0,6.0,0.0,0.0,0.0,0.0,0.0,0.0,0.0,0.0,6.0,12.0,1.0,12.06,5.01,2.5,1.5,-2.2,0.3,2.3000000000000003,301.2,-0.1,-12.6,1.7000000000000002,9.3,-82.4,0.0,0.0,219.6,0.0,22.1,34.2,34.2,37.6,300.0,300.0,30.0,36.2,34.800000000000004,34.6,36.8,4.95,2.0,4.96,0.16,0.0,0.0,1027.0,8228.0,0.0,0.0,0.0,0.0,0.0,1.0,0.0,0.0,0.0,-0.001,0.0,-0.2,0.0,-11.8,-12.8,0.0153,16.0,25903.0
2026-07-30T18:58:14.939Z,64.422,64.434,-7.5,7.4,0.0,0.0,0.0,0.0,0.0,1.0,1.0,0.0,1.0,0.0,0.0,0.0,8.0,6.0,0.0,0.0,0.0,0.0,0.0,0.0,0.0,0.0,1.0,12.0,1.0,12.06,5.01,2.5,1.5,-2.3000000000000003,0.3,2.3000000000000003,301.0,-0.1,-12.6,0.0,9.3,-82.4,0.0,0.0,219.7,0.0,22.1,34.2,34.2,37.6,300.0,300.0,30.0,36.2,34.800000000000004,34.6,36.8,4.95,2.0,4.97,0.16,0.0,0.0,1027.0,8228.0,0.0,0.0,0.0,0.0,0.0,1.0,0.0,0.0,0.0,-0.001,0.0,-1.8,0.0,-10.6,-12.8,0.0154,16.0,25903.0
2026-07-30T18:58:14.951Z,64.434,64.446,-7.5,7.4,0.0,0.0,0.0,0.0,0.0,1.0,1.0,0.0,1.0,0.0,0.0,0.0,8.0,6.0,0.0,0.0,0.0,0.0,0.0,0.0,0.0,0.0,2.0,12.0,1.0,12.06,5.01,2.5,1.5,-2.2,0.3,2.2,301.0,-0.1,-12.0,1.7000000000000002,9.9,-82.30000000000001,0.0,0.0,219.7,0.0,22.1,34.2,34.2,37.6,300.0,300.0,30.0,36.2,34.800000000000004,34.6,36.8,4.95,2.0,4.96,0.16,0.0,0.0,1027.0,8228.0,0.0,0.0,0.0,0.0,0.0,1.0,0.0,0.0,0.0,-0.001,0.0,-0.3,0.0,-12.5,-12.7,0.0157,16.0,25903.0
2026-07-30T18:58:14.964Z,64.447,64.458,-7.4,7.4,0.0,0.0,0.0,0.0,0.0,1.0,1.0,0.0,1.0,0.0,0.0,0.0,8.0,6.0,0.0,0.0,0.0,0.0,0.0,0.0,0.0,0.0,2.0,12.0,1.0,12.06,5.01,2.5,1.5,-2.3000000000000003,0.3,2.3000000000000003,301.1,-0.1,-13.2,1.1,8.1,-82.30000000000001,0.0,0.0,219.7,0.0,22.1,34.2,34.2,37.6,300.0,300.0,30.0,36.2,34.800000000000004,34.6,36.8,4.96,2.0,4.96,0.16,0.0,0.0,1027.0,8228.0,0.0,0.0,0.0,0.0,0.0,1.0,0.0,0.0,0.0,-0.001,0.0,-0.5,0.0,-10.1,-12.8,0.0152,16.0,25903.0
2026-07-30T18:58:14.975Z,64.458,64.47,-7.4,7.4,0.0,0.0,0.0,0.0,0.0,1.0,1.0,0.0,1.0,0.0,0.0,0.0,8.0,6.0,0.0,0.0,0.0,0.0,0.0,0.0,0.0,0.0,3.0,12.0,1.0,12.05,5.0200000000000005,2.5,1.49,-2.4000000000000004,0.3,2.4000000000000004,301.0,-0.1,-13.2,0.0,6.9,-82.30000000000001,0.0,0.0,219.6,0.0,22.3,34.2,34.2,37.6,300.0,300.0,29.9,36.4,34.9,34.6,36.8,4.96,2.0,4.97,0.16,0.0,0.0,1027.0,8228.0,0.0,0.0,0.0,0.0,0.0,1.0,0.0,0.0,0.0,-0.001,0.0,-1.3,0.0,-7.9,-12.8,0.0159,16.0,25903.0
2026-07-30T18:58:14.989Z,64.472,64.482,-7.5,7.4,0.0,0.0,0.0,0.0,0.0,1.0,1.0,0.0,1.0,0.0,0.0,0.0,8.0,6.0,0.0,0.0,0.0,0.0,0.0,0.0,0.0,0.0,4.0,12.0,1.0,12.05,5.0200000000000005,2.5,1.49,-2.3000000000000003,0.3,2.3000000000000003,301.1,-0.1,-12.0,0.5,7.5,-82.30000000000001,0.0,0.0,219.7,0.0,22.3,34.2,34.2,37.6,300.0,300.0,29.9,36.4,34.9,34.6,36.8,4.96,2.0,4.97,0.16,0.0,0.0,1027.0,8228.0,0.0,0.0,0.0,0.0,0.0,1.0,0.0,0.0,0.0,-0.001,0.0,-0.9,0.0,-9.0,-12.8,0.0163,16.0,25903.0
2026-07-30T18:58:14.998Z,64.481,64.494,-7.5,7.4,0.0,0.0,0.0,0.0,0.0,1.0,1.0,0.0,1.0,0.0,0.0,0.0,8.0,6.0,0.0,0.0,0.0,0.0,0.0,0.0,0.0,0.0,4.0,12.0,1.0,12.05,5.0200000000000005,2.5,1.49,-2.3000000000000003,0.3,2.3000000000000003,301.1,-0.1,-12.0,1.7000000000000002,8.1,-82.30000000000001,0.0,0.0,219.7,0.0,22.3,34.2,34.2,37.6,300.0,300.0,29.9,36.4,34.9,34.6,36.8,4.96,2.0,4.96,0.16,0.0,0.0,1027.0,8228.0,0.0,0.0,0.0,0.0,0.0,1.0,0.0,0.0,0.0,-0.001,0.0,0.0,0.0,-10.5,-12.6,0.0159,16.0,25903.0
2026-07-30T18:58:15.011Z,64.494,64.506,-7.4,7.4,0.0,0.0,0.0,0.0,0.0,1.0,1.0,0.0,1.0,0.0,0.0,0.0,8.0,6.0,0.0,0.0,0.0,0.0,0.0,0.0,0.0,0.0,5.0,12.0,1.0,12.05,5.0200000000000005,2.5,1.49,-2.2,0.2,2.2,301.0,-0.1,-12.0,2.9000000000000004,9.9,-82.30000000000001,0.0,0.0,219.7,0.0,22.3,34.2,34.2,37.6,300.0,300.0,29.9,36.4,34.9,34.6,36.8,4.96,2.0,4.96,0.16,0.0,0.0,1027.0,8228.0,0.0,0.0,0.0,0.0,0.0,1.0,0.0,0.0,0.0,-0.001,0.0,0.6000000000000001,0.0,-13.4,-12.7,0.0155,16.0,25903.0
2026-07-30T18:58:15.023Z,64.506,64.518,-7.4,7.4,0.0,0.0,0.0,0.0,0.0,1.0,1.0,0.0,1.0,0.0,0.0,0.0,8.0,6.0,0.0,0.0,0.0,0.0,0.0,0.0,0.0,0.0,6.0,12.0,1.0,12.05,5.0200000000000005,2.5,1.49,-2.2,0.3,2.3000000000000003,301.1,-0.1,-11.4,2.3000000000000003,9.3,-82.30000000000001,0.0,0.0,219.7,0.0,22.3,34.2,34.2,37.6,300.0,300.0,29.9,36.4,34.9,34.6,36.8,4.96,2.0,4.96,0.16,0.0,0.0,1027.0,8228.0,0.0,0.0,0.0,0.0,0.0,1.0,0.0,0.0,0.0,-0.001,0.0,0.2,0.0,-12.3,-12.8,0.0149,16.0,25903.0
2026-07-30T18:58:15.037Z,64.52,64.53,-7.5,7.4,0.0,0.0,0.0,0.0,0.0,1.0,1.0,0.0,1.0,0.0,0.0,0.0,8.0,6.0,0.0,0.0,0.0,0.0,0.0,0.0,0.0,0.0,6.0,12.0,1.0,12.05,5.0200000000000005,2.5,1.49,-2.1,0.2,2.1,301.0,-0.1,-10.3,3.5,12.2,-82.30000000000001,0.0,0.0,219.7,0.0,22.3,34.2,34.2,37.6,300.0,300.0,29.9,36.4,34.9,34.6,36.8,4.96,2.0,4.96,0.16,0.0,0.0,1027.0,8228.0,0.0,0.0,0.0,0.0,0.0,1.0,0.0,0.0,0.0,-0.001,0.0,0.7000000000000001,0.0,-16.5,-12.9,0.0153,16.0,25903.0
2026-07-30T18:58:15.047Z,64.53,64.542,-7.4,7.4,0.0,0.0,0.0,0.0,0.0,1.0,1.0,0.0,1.0,0.0,0.0,0.0,8.0,6.0,0.0,0.0,0.0,0.0,0.0,0.0,0.0,0.0,5.0,12.0,1.0,12.05,5.0200000000000005,2.5,1.49,-2.2,0.2,2.2,301.0,-0.1,-11.4,2.9000000000000004,10.4,-82.2,0.0,0.0,219.7,0.0,22.3,34.2,34.2,37.6,300.0,300.0,29.9,36.4,34.9,34.6,36.8,4.96,2.0,4.96,0.16,0.0,0.0,1027.0,8228.0,0.0,0.0,0.0,0.0,0.0,1.0,0.0,0.0,0.0,-0.001,0.0,0.5,0.0,-14.0,-12.7,0.0142,16.0,25903.0
2026-07-30T18:58:15.058Z,64.541,64.554,-7.4,7.4,0.0,0.0,0.0,0.0,0.0,1.0,1.0,0.0,1.0,0.0,0.0,0.0,8.0,6.0,0.0,0.0,0.0,0.0,0.0,0.0,0.0,0.0,6.0,12.0,1.0,12.05,5.0200000000000005,2.5,1.49,-2.2,0.2,2.2,301.1,-0.1,-10.3,2.9000000000000004,10.4,-82.2,0.0,0.0,219.7,0.0,22.3,34.2,34.2,37.6,300.0,300.0,29.9,36.4,34.9,34.6,36.8,4.95,2.0,4.96,0.16,0.0,0.0,1027.0,8228.0,0.0,0.0,0.0,0.0,0.0,1.0,0.0,0.0,0.0,-0.001,0.0,0.5,0.0,-14.0,-12.8,0.0148,16.0,25903.0
2026-07-30T18:58:15.072Z,64.555,64.566,-7.4,7.4,0.0,0.0,0.0,0.0,0.0,1.0,1.0,0.0,1.0,0.0,0.0,0.0,8.0,6.0,0.0,0.0,0.0,0.0,0.0,0.0,0.0,0.0,1.0,12.0,1.0,12.04,5.0200000000000005,2.5,1.49,-2.2,0.2,2.2,301.0,-0.1,-10.9,2.9000000000000004,9.9,-82.30000000000001,0.0,0.0,219.8,0.0,21.9,34.300000000000004,34.2,37.6,300.0,300.0,29.9,36.5,34.9,34.6,36.8,4.95,2.0,4.96,0.16,0.0,0.0,1027.0,8228.0,0.0,0.0,0.0,0.0,0.0,1.0,0.0,0.0,0.0,-0.001,0.0,0.6000000000000001,0.0,-13.4,-12.9,0.015,16.0,25903.0
2026-07-30T18:58:15.082Z,64.565,64.578,-7.5,7.4,0.0,0.0,0.0,0.0,0.0,1.0,1.0,0.0,1.0,0.0,0.0,0.0,8.0,6.0,0.0,0.0,0.0,0.0,0.0,0.0,0.0,0.0,2.0,12.0,1.0,12.04,5.0200000000000005,2.5,1.49,-2.2,0.2,2.2,301.0,-0.1,-10.9,2.9000000000000004,10.4,-82.30000000000001,0.0,0.0,219.7,0.0,21.9,34.300000000000004,34.2,37.6,300.0,300.0,29.9,36.5,34.9,34.6,36.8,4.96,2.0,4.96,0.16,0.0,0.0,1027.0,8228.0,0.0,0.0,0.0,0.0,0.0,1.0,0.0,0.0,0.0,-0.001,0.0,0.5,0.0,-14.0,-12.8,0.0151,16.0,25903.0
2026-07-30T18:58:15.094Z,64.577,64.59,-7.5,7.4,0.0,0.0,0.0,0.0,0.0,1.0,1.0,0.0,1.0,0.0,0.0,0.0,8.0,6.0,0.0,0.0,0.0,0.0,0.0,0.0,0.0,0.0,3.0,12.0,1.0,12.04,5.0200000000000005,2.5,1.49,-2.2,0.2,2.2,301.1,-0.1,-11.4,2.9000000000000004,10.4,-82.30000000000001,0.0,0.0,219.7,0.0,21.9,34.300000000000004,34.2,37.6,300.0,300.0,29.9,36.5,34.9,34.6,36.8,4.96,2.0,4.97,0.16,0.0,0.0,1027.0,8228.0,0.0,0.0,0.0,0.0,0.0,1.0,0.0,0.0,0.0,-0.001,0.0,0.5,0.0,-14.0,-12.8,0.0149,16.0,25903.0
2026-07-30T18:58:15.106Z,64.589,64.602,-7.4,7.4,0.0,0.0,0.0,0.0,0.0,1.0,1.0,0.0,1.0,0.0,0.0,0.0,8.0,6.0,0.0,0.0,0.0,0.0,0.0,0.0,0.0,0.0,4.0,12.0,1.0,12.04,5.0200000000000005,2.5,1.49,-2.2,0.2,2.2,301.0,-0.1,-11.4,2.9000000000000004,10.4,-82.30000000000001,0.0,0.0,219.8,0.0,21.9,34.300000000000004,34.2,37.6,300.0,300.0,29.9,36.5,34.9,34.6,36.8,4.96,2.0,4.97,0.16,0.0,0.0,1027.0,8228.0,0.0,0.0,0.0,0.0,0.0,1.0,0.0,0.0,0.0,-0.001,0.0,0.5,0.0,-14.0,-12.7,0.0149,16.0,25903.0
2026-07-30T18:58:15.118Z,64.601,64.614,-7.4,7.4,0.0,0.0,0.0,0.0,0.0,1.0,1.0,0.0,1.0,0.0,0.0,0.0,8.0,6.0,0.0,0.0,0.0,0.0,0.0,0.0,0.0,0.0,5.0,12.0,1.0,12.04,5.0200000000000005,2.5,1.49,-2.1,0.2,2.1,301.0,-0.1,-11.4,4.0,11.6,-82.30000000000001,0.0,0.0,219.8,0.0,21.9,34.300000000000004,34.2,37.6,300.0,300.0,29.9,36.5,34.9,34.6,36.8,4.95,2.0,4.97,0.16,0.0,0.0,1027.0,8228.0,0.0,0.0,0.0,0.0,0.0,1.0,0.0,0.0,0.0,-0.001,0.0,1.3,0.0,-16.2,-12.8,0.0149,16.0,25903.0
2026-07-30T18:58:15.131Z,64.614,64.626,-7.5,7.4,0.0,0.0,0.0,0.0,0.0,1.0,1.0,0.0,1.0,0.0,0.0,0.0,8.0,6.0,0.0,0.0,0.0,0.0,0.0,0.0,0.0,0.0,6.0,12.0,1.0,12.04,5.0200000000000005,2.5,1.49,-2.2,0.2,2.2,301.0,-0.1,-11.4,2.9000000000000004,11.0,-82.30000000000001,0.0,0.0,219.7,0.0,21.9,34.300000000000004,34.2,37.6,300.0,300.0,29.9,36.5,34.9,34.6,36.8,4.95,2.0,4.97,0.16,0.0,0.0,1027.0,8228.0,0.0,0.0,0.0,0.0,0.0,1.0,0.0,0.0,0.0,-0.001,0.0,0.4,0.0,-14.7,-12.8,0.0145,16.0,25903.0
2026-07-30T18:58:15.142Z,64.625,64.638,-7.5,7.4,0.0,0.0,0.0,0.0,0.0,1.0,1.0,0.0,1.0,0.0,0.0,0.0,8.0,6.0,0.0,0.0,0.0,0.0,0.0,0.0,0.0,0.0,2.0,12.0,1.0,12.04,5.0200000000000005,2.5,1.49,-2.2,0.2,2.2,301.0,-0.1,-11.4,2.9000000000000004,9.9,-82.30000000000001,0.0,0.0,219.7,0.0,21.9,34.300000000000004,34.2,37.6,300.0,300.0,29.9,36.5,34.9,34.6,36.8,4.95,2.0,4.97,0.16,0.0,0.0,1027.0,8228.0,0.0,0.0,0.0,0.0,0.0,1.0,0.0,0.0,0.0,-0.001,0.0,0.6000000000000001,0.0,-13.4,-12.8,0.0149,16.0,25903.0
2026-07-30T18:58:15.155Z,64.638,64.65,-7.5,7.4,0.0,0.0,0.0,0.0,0.0,1.0,1.0,0.0,1.0,0.0,0.0,0.0,8.0,6.0,0.0,0.0,0.0,0.0,0.0,0.0,0.0,0.0,3.0,12.0,1.0,12.04,5.0200000000000005,2.5,1.49,-2.1,0.2,2.1,301.1,-0.1,-11.4,3.5,11.6,-82.30000000000001,0.0,0.0,219.7,0.0,21.9,34.300000000000004,34.2,37.6,300.0,300.0,29.9,36.5,34.9,34.6,36.8,4.96,2.0,4.97,0.16,0.0,0.0,1027.0,8228.0,0.0,0.0,0.0,0.0,0.0,1.0,0.0,0.0,0.0,-0.001,0.0,0.8,0.0,-15.8,-12.7,0.015,16.0,25903.0
2026-07-30T18:58:15.167Z,64.65,64.662,-7.5,7.4,0.0,0.0,0.0,0.0,0.0,1.0,1.0,0.0,1.0,0.0,0.0,0.0,8.0,6.0,0.0,0.0,0.0,0.0,0.0,0.0,0.0,0.0,4.0,12.0,1.0,12.04,5.0200000000000005,2.5,1.49,-2.3000000000000003,0.3,2.3000000000000003,301.1,-0.1,-12.6,1.7000000000000002,8.700000000000001,-82.30000000000001,0.0,0.0,219.7,0.0,21.9,34.300000000000004,34.2,37.6,300.0,300.0,29.9,36.5,34.9,34.6,36.8,4.96,2.0,4.96,0.16,0.0,0.0,1027.0,8228.0,0.0,0.0,0.0,0.0,0.0,1.0,0.0,0.0,0.0,-0.001,0.0,-0.1,0.0,-11.2,-12.7,0.0144,16.0,25903.0
2026-07-30T18:58:15.179Z,64.662,64.674,-7.5,7.4,0.0,0.0,0.0,0.0,0.0,1.0,1.0,0.0,1.0,0.0,0.0,0.0,8.0,6.0,0.0,0.0,0.0,0.0,0.0,0.0,0.0,0.0,5.0,12.0,1.0,12.01,5.01,2.5,1.49,-2.2,0.2,2.2,301.0,-0.1,-12.0,2.3000000000000003,8.700000000000001,-82.30000000000001,0.0,0.0,219.8,0.0,22.1,34.300000000000004,34.2,37.6,300.0,300.0,29.9,36.5,34.9,34.6,36.8,4.95,2.0,4.97,0.16,0.0,0.0,1027.0,8228.0,0.0,0.0,0.0,0.0,0.0,1.0,0.0,0.0,0.0,-0.001,0.0,0.3,0.0,-11.6,-12.7,0.0155,16.0,25903.0
2026-07-30T18:58:15.191Z,64.674,64.686,-7.5,7.4,0.0,0.0,0.0,0.0,0.0,1.0,1.0,0.0,1.0,0.0,0.0,0.0,8.0,6.0,0.0,0.0,0.0,0.0,0.0,0.0,0.0,0.0,6.0,12.0,1.0,12.01,5.01,2.5,1.49,-2.1,0.2,2.1,301.0,-0.1,-12.0,2.9000000000000004,11.6,-82.30000000000001,0.0,0.0,219.7,0.0,22.1,34.300000000000004,34.2,37.6,300.0,300.0,29.9,36.5,34.9,34.6,36.8,4.95,1.99,4.96,0.16,0.0,0.0,1027.0,8228.0,0.0,0.0,0.0,0.0,0.0,1.0,0.0,0.0,0.0,-0.001,0.0,0.3,0.0,-15.4,-12.7,0.0153,16.0,25903.0
2026-07-30T18:58:15.202Z,64.685,64.69800000000001,-7.4,7.4,0.0,0.0,0.0,0.0,0.0,1.0,1.0,0.0,1.0,0.0,0.0,0.0,8.0,6.0,0.0,0.0,0.0,0.0,0.0,0.0,0.0,0.0,2.0,12.0,1.0,12.01,5.01,2.5,1.49,-2.2,0.2,2.2,301.1,-0.1,-11.4,2.9000000000000004,9.9,-82.30000000000001,0.0,0.0,219.7,0.0,22.1,34.300000000000004,34.2,37.6,300.0,300.0,29.9,36.5,34.9,34.6,36.8,4.95,2.0,4.96,0.16,0.0,0.0,1027.0,8228.0,0.0,0.0,0.0,0.0,0.0,1.0,0.0,0.0,0.0,-0.001,0.0,0.6000000000000001,0.0,-13.4,-12.7,0.0146,16.0,25903.0
2026-07-30T18:58:15.214Z,64.697,64.71000000000001,-7.4,7.4,0.0,0.0,0.0,0.0,0.0,1.0,1.0,0.0,1.0,0.0,0.0,0.0,8.0,6.0,0.0,0.0,0.0,0.0,0.0,0.0,0.0,0.0,3.0,12.0,1.0,12.01,5.01,2.5,1.49,-2.2,0.3,2.2,301.1,-0.1,-12.6,1.7000000000000002,11.0,-82.30000000000001,0.0,0.0,219.8,0.0,22.1,34.300000000000004,34.2,37.6,300.0,300.0,29.9,36.5,34.9,34.6,36.8,4.96,2.0,4.96,0.16,0.0,0.0,1027.0,8228.0,0.0,0.0,0.0,0.0,0.0,1.0,0.0,0.0,0.0,-0.001,0.0,-0.6000000000000001,0.0,-13.8,-12.8,0.0151,16.0,25903.0
2026-07-30T18:58:15.226Z,64.709,64.72200000000001,-7.5,7.4,0.0,0.0,0.0,0.0,0.0,1.0,1.0,0.0,1.0,0.0,0.0,0.0,8.0,6.0,0.0,0.0,0.0,0.0,0.0,0.0,0.0,0.0,4.0,12.0,1.0,12.01,5.01,2.5,1.49,-2.3000000000000003,0.3,2.3000000000000003,301.1,-0.1,-13.2,0.5,8.1,-82.4,0.0,0.0,219.9,0.0,22.1,34.300000000000004,34.2,37.6,300.0,300.0,29.9,36.5,34.9,34.6,36.8,4.96,2.0,4.96,0.16,0.0,0.0,1027.0,8228.0,0.0,0.0,0.0,0.0,0.0,1.0,0.0,0.0,0.0,-0.001,0.0,-1.1,0.0,-9.6,-12.8,0.0149,16.0,25903.0
2026-07-30T18:58:15.238Z,64.721,64.734,-7.5,7.4,0.0,0.0,0.0,0.0,0.0,1.0,1.0,0.0,1.0,0.0,0.0,0.0,8.0,6.0,0.0,0.0,0.0,0.0,0.0,0.0,0.0,0.0,5.0,12.0,1.0,12.01,5.01,2.5,1.49,-2.2,0.2,2.2,301.1,-0.1,-12.0,2.3000000000000003,9.3,-82.4,0.0,0.0,219.9,0.0,22.1,34.300000000000004,34.2,37.6,300.0,300.0,29.9,36.5,34.9,34.6,36.8,4.96,2.0,4.96,0.16,0.0,0.0,1027.0,8228.0,0.0,0.0,0.0,0.0,0.0,1.0,0.0,0.0,0.0,-0.001,0.0,0.2,0.0,-12.3,-12.7,0.0157,16.0,25903.0
2026-07-30T18:58:15.251Z,64.734,64.746,-7.4,7.4,0.0,0.0,0.0,0.0,0.0,1.0,1.0,0.0,1.0,0.0,0.0,0.0,8.0,6.0,0.0,0.0,0.0,0.0,0.0,0.0,0.0,0.0,6.0,12.0,1.0,12.01,5.01,2.5,1.49,-2.3000000000000003,0.3,2.3000000000000003,301.0,-0.1,-13.8,1.1,8.1,-82.4,0.0,0.0,219.9,0.0,22.1,34.300000000000004,34.2,37.6,300.0,300.0,29.9,36.5,34.9,34.6,36.8,4.96,2.0,4.96,0.16,0.0,0.0,1027.0,8228.0,0.0,0.0,0.0,0.0,0.0,1.0,0.0,0.0,0.0,-0.001,0.0,-0.5,0.0,-10.1,-12.7,0.0151,16.0,25903.0
2026-07-30T18:58:15.263Z,64.746,64.758,-7.4,7.4,0.0,0.0,0.0,0.0,0.0,1.0,1.0,0.0,1.0,0.0,0.0,0.0,8.0,6.0,0.0,0.0,0.0,0.0,0.0,0.0,0.0,0.0,2.0,12.0,1.0,12.01,5.01,2.5,1.49,-2.3000000000000003,0.3,2.3000000000000003,301.1,-0.1,-12.6,1.7000000000000002,8.700000000000001,-82.4,0.0,0.0,219.7,0.0,22.1,34.300000000000004,34.2,37.6,300.0,300.0,29.9,36.5,34.9,34.6,36.8,4.95,2.0,4.96,0.16,0.0,0.0,1027.0,8228.0,0.0,0.0,0.0,0.0,0.0,1.0,0.0,0.0,0.0,-0.001,0.0,-0.1,0.0,-11.2,-12.9,0.0159,16.0,25903.0
2026-07-30T18:58:15.285Z,64.768,64.77,-7.5,7.4,0.0,0.0,0.0,0.0,0.0,1.0,1.0,0.0,1.0,0.0,0.0,0.0,8.0,6.0,0.0,0.0,0.0,0.0,0.0,0.0,0.0,0.0,2.0,12.0,1.0,12.05,5.01,2.5,1.49,-2.3000000000000003,0.3,2.3000000000000003,301.0,-0.1,-13.2,0.0,8.1,-82.4,0.0,0.0,219.8,0.0,22.6,34.300000000000004,34.300000000000004,37.6,300.0,300.0,29.9,36.3,34.800000000000004,34.6,36.8,4.95,2.0,4.96,0.16,0.0,0.0,1027.0,8228.0,0.0,0.0,0.0,0.0,0.0,1.0,0.0,0.0,0.0,-0.001,0.0,-1.6,0.0,-9.2,-12.8,0.0156,16.0,25903.0
2026-07-30T18:58:15.287Z,64.77,64.782,-7.5,7.4,0.0,0.0,0.0,0.0,0.0,1.0,1.0,0.0,1.0,0.0,0.0,0.0,8.0,6.0,0.0,0.0,0.0,0.0,0.0,0.0,0.0,0.0,1.0,12.0,1.0,12.05,5.01,2.5,1.49,-2.3000000000000003,0.3,2.3000000000000003,301.0,-0.1,-13.2,0.5,8.1,-82.30000000000001,0.0,0.0,219.7,0.0,22.6,34.300000000000004,34.300000000000004,37.6,300.0,300.0,29.9,36.3,34.800000000000004,34.6,36.8,4.95,2.0,4.96,0.16,0.0,0.0,1027.0,8228.0,0.0,0.0,0.0,0.0,0.0,1.0,0.0,0.0,0.0,-0.001,0.0,-1.0,0.0,-9.7,-12.7,0.0159,16.0,25903.0
2026-07-30T18:58:15.298Z,64.781,64.794,-7.5,7.4,0.0,0.0,0.0,0.0,0.0,1.0,1.0,0.0,1.0,0.0,0.0,0.0,8.0,6.0,0.0,0.0,0.0,0.0,0.0,0.0,0.0,0.0,1.0,12.0,1.0,12.05,5.01,2.5,1.49,-2.2,0.3,2.2,301.0,-0.1,-12.0,2.3000000000000003,9.3,-82.30000000000001,0.0,0.0,219.6,0.0,22.6,34.300000000000004,34.300000000000004,37.6,300.0,300.0,29.9,36.3,34.800000000000004,34.6,36.8,4.95,2.0,4.96,0.16,0.0,0.0,1027.0,8228.0,0.0,0.0,0.0,0.0,0.0,1.0,0.0,0.0,0.0,-0.001,0.0,0.2,0.0,-12.3,-12.7,0.0158,16.0,25903.0
2026-07-30T18:58:15.310Z,64.793,64.806,-7.4,7.4,0.0,0.0,0.0,0.0,0.0,1.0,1.0,0.0,1.0,0.0,0.0,0.0,8.0,6.0,0.0,0.0,0.0,0.0,0.0,0.0,0.0,0.0,2.0,12.0,1.0,12.05,5.01,2.5,1.49,-2.3000000000000003,0.3,2.3000000000000003,300.90000000000003,-0.1,-12.0,1.1,9.3,-82.30000000000001,0.0,0.0,219.8,0.0,22.6,34.300000000000004,34.300000000000004,37.6,300.0,300.0,29.9,36.3,34.800000000000004,34.6,36.8,4.96,2.0,4.96,0.16,0.0,0.0,1027.0,8228.0,0.0,0.0,0.0,0.0,0.0,1.0,0.0,0.0,0.0,-0.001,0.0,-0.7000000000000001,0.0,-11.4,-12.8,0.0152,16.0,25903.0
2026-07-30T18:58:15.323Z,64.806,64.818,-7.5,7.4,0.0,0.0,0.0,0.0,0.0,1.0,1.0,0.0,1.0,0.0,0.0,0.0,8.0,6.0,0.0,0.0,0.0,0.0,0.0,0.0,0.0,0.0,3.0,12.0,1.0,12.05,5.01,2.5,1.49,-2.2,0.3,2.2,301.0,-0.1,-12.0,1.7000000000000002,9.9,-82.30000000000001,0.0,0.0,219.8,0.0,22.6,34.300000000000004,34.300000000000004,37.6,300.0,300.0,29.9,36.3,34.800000000000004,34.6,36.8,4.96,2.0,4.96,0.16,0.0,0.0,1027.0,8228.0,0.0,0.0,0.0,0.0,0.0,1.0,0.0,0.0,0.0,-0.001,0.0,-0.3,0.0,-12.5,-12.9,0.015,16.0,25903.0
2026-07-30T18:58:15.335Z,64.818,64.83,-7.5,7.4,0.0,0.0,0.0,0.0,0.0,1.0,1.0,0.0,1.0,0.0,0.0,0.0,8.0,6.0,0.0,0.0,0.0,0.0,0.0,0.0,0.0,0.0,4.0,12.0,1.0,12.05,5.01,2.5,1.49,-2.1,0.2,2.1,301.0,-0.1,-12.0,2.3000000000000003,10.4,-82.30000000000001,0.0,0.0,219.9,0.0,22.6,34.300000000000004,34.300000000000004,37.6,300.0,300.0,29.9,36.3,34.800000000000004,34.6,36.8,4.96,2.0,4.96,0.16,0.0,0.0,1027.0,8228.0,0.0,0.0,0.0,0.0,0.0,1.0,0.0,0.0,0.0,-0.001,0.0,0.3,0.0,-14.7,-12.7,0.0146,16.0,25903.0
2026-07-30T18:58:15.347Z,64.83,64.842,-7.4,7.4,0.0,0.0,0.0,0.0,0.0,1.0,1.0,0.0,1.0,0.0,0.0,0.0,8.0,6.0,0.0,0.0,0.0,0.0,0.0,0.0,0.0,0.0,5.0,12.0,1.0,12.05,5.01,2.5,1.49,-2.2,0.3,2.2,300.90000000000003,-0.1,-11.4,2.3000000000000003,9.9,-82.30000000000001,0.0,0.0,219.8,0.0,22.6,34.300000000000004,34.300000000000004,37.6,300.0,300.0,29.9,36.3,34.800000000000004,34.6,36.8,4.95,1.99,4.96,0.16,0.0,0.0,1027.0,8228.0,0.0,0.0,0.0,0.0,0.0,1.0,0.0,0.0,0.0,-0.001,0.0,0.1,0.0,-12.9,-12.7,0.0145,16.0,25903.0
2026-07-30T18:58:15.359Z,64.842,64.854,-7.5,7.4,0.0,0.0,0.0,0.0,0.0,1.0,1.0,0.0,1.0,0.0,0.0,0.0,8.0,6.0,0.0,0.0,0.0,0.0,0.0,0.0,0.0,0.0,6.0,12.0,1.0,12.05,5.01,2.5,1.49,-2.1,0.2,2.2,301.1,-0.1,-10.3,3.5,10.4,-82.30000000000001,0.0,0.0,219.7,0.0,22.6,34.300000000000004,34.300000000000004,37.6,300.0,300.0,29.9,36.3,34.800000000000004,34.6,36.8,4.96,1.99,4.96,0.16,0.0,0.0,1027.0,8228.0,0.0,0.0,0.0,0.0,0.0,1.0,0.0,0.0,0.0,-0.001,0.0,1.0,0.0,-14.5,-12.8,0.0148,16.0,25903.0
2026-07-30T18:58:15.371Z,64.854,64.866,-7.5,7.4,0.0,0.0,0.0,0.0,0.0,1.0,1.0,0.0,1.0,0.0,0.0,0.0,8.0,6.0,0.0,0.0,0.0,0.0,0.0,0.0,0.0,0.0,1.0,12.0,1.0,12.05,5.01,2.5,1.49,-2.1,0.3,2.1,301.1,-0.1,-10.9,2.3000000000000003,12.2,-82.30000000000001,0.0,0.0,219.7,0.0,22.6,34.300000000000004,34.300000000000004,37.6,300.0,300.0,29.9,36.3,34.800000000000004,34.6,36.8,4.95,2.0,4.96,0.16,0.0,0.0,1027.0,8228.0,0.0,0.0,0.0,0.0,0.0,1.0,0.0,0.0,0.0,-0.001,0.0,-1.0,0.0,-12.8,-12.7,0.015,16.0,25903.0
2026-07-30T18:58:15.383Z,64.866,64.878,-7.5,7.4,0.0,0.0,0.0,0.0,0.0,1.0,1.0,0.0,1.0,0.0,0.0,0.0,8.0,6.0,0.0,0.0,0.0,0.0,0.0,0.0,0.0,0.0,2.0,12.0,1.0,12.05,5.01,2.51,1.49,-2.1,0.2,2.1,301.0,-0.1,-10.3,4.0,9.9,-82.30000000000001,0.0,0.0,219.8,0.0,22.200000000000003,34.300000000000004,34.300000000000004,37.6,300.0,300.0,30.0,36.2,34.9,34.7,36.9,4.95,2.0,4.97,0.16,0.0,0.0,1027.0,8228.0,0.0,0.0,0.0,0.0,0.0,1.0,0.0,0.0,0.0,-0.001,0.0,-0.1,0.0,-14.3,-12.7,0.0149,16.0,25903.0
2026-07-30T18:58:15.395Z,64.878,64.89,-7.4,7.4,0.0,0.0,0.0,0.0,0.0,1.0,1.0,0.0,1.0,0.0,0.0,0.0,8.0,6.0,0.0,0.0,0.0,0.0,0.0,0.0,0.0,0.0,4.0,12.0,1.0,12.05,5.01,2.51,1.49,-2.2,0.2,2.2,301.0,-0.1,-10.9,2.9000000000000004,10.4,-82.30000000000001,0.0,0.0,219.7,0.0,22.200000000000003,34.300000000000004,34.300000000000004,37.6,300.0,300.0,30.0,36.2,34.9,34.7,36.9,4.95,2.0,4.97,0.16,0.0,0.0,1027.0,8228.0,0.0,0.0,0.0,0.0,0.0,1.0,0.0,0.0,0.0,-0.001,0.0,0.7000000000000001,0.0,-12.7,-12.7,0.0146,16.0,25903.0
2026-07-30T18:58:15.407Z,64.89,64.902,-7.4,7.4,0.0,0.0,0.0,0.0,0.0,1.0,1.0,0.0,1.0,0.0,0.0,0.0,8.0,6.0,0.0,0.0,0.0,0.0,0.0,0.0,0.0,0.0,5.0,12.0,1.0,12.05,5.01,2.51,1.49,-2.2,0.2,2.3000000000000003,300.90000000000003,-0.1,-11.4,2.9000000000000004,11.6,-82.30000000000001,0.0,0.0,219.7,0.0,22.200000000000003,34.300000000000004,34.300000000000004,37.6,300.0,300.0,30.0,36.2,34.9,34.7,36.9,4.96,2.0,4.96,0.16,0.0,0.0,1027.0,8228.0,0.0,0.0,0.0,0.0,0.0,1.0,0.0,0.0,0.0,-0.001,0.0,0.2,0.0,-12.3,-12.8,0.0151,16.0,25903.0
2026-07-30T18:58:15.419Z,64.902,64.914,-7.5,7.4,0.0,0.0,0.0,0.0,0.0,1.0,1.0,0.0,1.0,0.0,0.0,0.0,8.0,6.0,0.0,0.0,0.0,0.0,0.0,0.0,0.0,0.0,6.0,12.0,1.0,12.05,5.01,2.51,1.49,-2.3000000000000003,0.2,2.3000000000000003,301.1,-0.1,-12.0,1.7000000000000002,8.700000000000001,-82.30000000000001,0.0,0.0,219.7,0.0,22.200000000000003,34.300000000000004,34.300000000000004,37.6,300.0,300.0,30.0,36.2,34.9,34.7,36.9,4.95,2.0,4.96,0.16,0.0,0.0,1027.0,8228.0,0.0,0.0,0.0,0.0,0.0,1.0,0.0,0.0,0.0,-0.001,0.0,-0.1,0.0,-11.2,-12.9,0.0153,16.0,25903.0
2026-07-30T18:58:15.430Z,64.913,64.926,-7.5,7.4,0.0,0.0,0.0,0.0,0.0,1.0,1.0,0.0,1.0,0.0,0.0,0.0,8.0,6.0,0.0,0.0,0.0,0.0,0.0,0.0,0.0,0.0,1.0,12.0,1.0,12.05,5.01,2.51,1.49,-2.2,0.3,2.3000000000000003,301.0,-0.1,-12.0,1.1,9.3,-82.30000000000001,0.0,0.0,219.8,0.0,22.200000000000003,34.300000000000004,34.300000000000004,37.6,300.0,300.0,30.0,36.2,34.9,34.7,36.9,4.95,1.99,4.96,0.16,0.0,0.0,1027.0,8228.0,0.0,0.0,0.0,0.0,0.0,1.0,0.0,0.0,0.0,-0.001,0.0,-0.8,0.0,-11.4,-12.8,0.0155,16.0,25903.0
2026-07-30T18:58:15.443Z,64.926,64.938,-7.4,7.4,0.0,0.0,0.0,0.0,0.0,1.0,1.0,0.0,1.0,0.0,0.0,0.0,8.0,6.0,0.0,0.0,0.0,0.0,0.0,0.0,0.0,0.0,2.0,12.0,1.0,12.05,5.01,2.51,1.49,-2.2,0.3,2.2,301.0,-0.1,-12.6,1.7000000000000002,9.9,-82.30000000000001,0.0,0.0,219.9,0.0,22.200000000000003,34.300000000000004,34.300000000000004,37.6,300.0,300.0,30.0,36.2,34.9,34.7,36.9,4.96,2.0,4.96,0.16,0.0,0.0,1027.0,8228.0,0.0,0.0,0.0,0.0,0.0,1.0,0.0,0.0,0.0,-0.001,0.0,-0.4,0.0,-12.5,-12.7,0.0154,16.0,25903.0
2026-07-30T18:58:15.454Z,64.937,64.95,-7.4,7.4,0.0,0.0,0.0,0.0,0.0,1.0,1.0,0.0,1.0,0.0,0.0,0.0,8.0,6.0,0.0,0.0,0.0,0.0,0.0,0.0,0.0,0.0,3.0,12.0,1.0,12.05,5.01,2.51,1.49,-2.3000000000000003,0.3,2.3000000000000003,301.1,-0.1,-12.0,1.1,8.700000000000001,-82.30000000000001,0.0,0.0,219.7,0.0,22.200000000000003,34.300000000000004,34.300000000000004,37.6,300.0,300.0,30.0,36.2,34.9,34.7,36.9,4.95,2.0,4.96,0.16,0.0,0.0,1027.0,8228.0,0.0,0.0,0.0,0.0,0.0,1.0,0.0,0.0,0.0,-0.001,0.0,-0.6000000000000001,0.0,-10.8,-12.8,0.0152,16.0,25903.0
2026-07-30T18:58:15.467Z,64.95,64.962,-7.5,7.4,0.0,0.0,0.0,0.0,0.0,1.0,1.0,0.0,1.0,0.0,0.0,0.0,8.0,6.0,0.0,0.0,0.0,0.0,0.0,0.0,0.0,0.0,4.0,12.0,1.0,12.05,5.01,2.51,1.49,-2.2,0.3,2.2,301.0,-0.1,-12.6,1.7000000000000002,9.3,-82.30000000000001,0.0,0.0,219.7,0.0,22.200000000000003,34.300000000000004,34.300000000000004,37.6,300.0,300.0,30.0,36.2,34.9,34.7,36.9,4.96,2.0,4.96,0.16,0.0,0.0,1027.0,8228.0,0.0,0.0,0.0,0.0,0.0,1.0,0.0,0.0,0.0,-0.001,0.0,-0.2,0.0,-11.8,-12.8,0.0157,16.0,25903.0
2026-07-30T18:58:15.480Z,64.963,64.974,-7.4,7.4,0.0,0.0,0.0,0.0,0.0,1.0,1.0,0.0,1.0,0.0,0.0,0.0,8.0,6.0,0.0,0.0,0.0,0.0,0.0,0.0,0.0,0.0,5.0,12.0,1.0,12.05,5.01,2.5,1.49,-2.3000000000000003,0.3,2.3000000000000003,300.90000000000003,-0.1,-13.2,1.1,7.5,-82.30000000000001,0.0,0.0,219.8,0.0,22.1,34.300000000000004,34.300000000000004,37.6,300.0,300.0,30.0,36.4,34.9,34.7,36.9,4.96,2.0,4.96,0.16,0.0,0.0,1027.0,8228.0,0.0,0.0,0.0,0.0,0.0,1.0,0.0,0.0,0.0,-0.001,0.0,-0.4,0.0,-9.4,-12.7,0.0152,16.0,25903.0
2026-07-30T18:58:15.490Z,64.973,64.986,-7.4,7.4,0.0,0.0,0.0,0.0,0.0,1.0,1.0,0.0,1.0,0.0,0.0,0.0,8.0,6.0,0.0,0.0,0.0,0.0,0.0,0.0,0.0,0.0,1.0,12.0,1.0,12.05,5.01,2.5,1.49,-2.3000000000000003,0.2,2.3000000000000003,301.1,-0.1,-12.0,2.3000000000000003,8.700000000000001,-82.30000000000001,0.0,0.0,219.7,0.0,22.1,34.300000000000004,34.300000000000004,37.6,300.0,300.0,30.0,36.4,34.9,34.7,36.9,4.96,2.0,4.96,0.16,0.0,0.0,1027.0,8228.0,0.0,0.0,0.0,0.0,0.0,1.0,0.0,0.0,0.0,-0.001,0.0,0.3,0.0,-11.6,-12.8,0.0158,16.0,25903.0
2026-07-30T18:58:15.503Z,64.986,64.998,-7.4,7.4,0.0,0.0,0.0,0.0,0.0,1.0,1.0,0.0,1.0,0.0,0.0,0.0,8.0,6.0,0.0,0.0,0.0,0.0,0.0,0.0,0.0,0.0,2.0,12.0,1.0,12.05,5.01,2.5,1.49,-2.2,0.3,2.2,301.0,-0.1,-11.4,1.7000000000000002,10.4,-82.30000000000001,0.0,0.0,219.7,0.0,22.1,34.300000000000004,34.300000000000004,37.6,300.0,300.0,30.0,36.4,34.9,34.7,36.9,4.96,2.0,4.96,0.16,0.0,0.0,1027.0,8228.0,0.0,0.0,0.0,0.0,0.0,1.0,0.0,0.0,0.0,-0.001,0.0,-0.4,0.0,-13.2,-12.8,0.0154,16.0,25903.0
2026-07-30T18:58:15.515Z,64.998,65.01,-7.5,7.4,0.0,0.0,0.0,0.0,0.0,1.0,1.0,0.0,1.0,0.0,0.0,0.0,8.0,6.0,0.0,0.0,0.0,0.0,0.0,0.0,0.0,0.0,3.0,12.0,1.0,12.05,5.01,2.5,1.49,-2.2,0.3,2.2,301.0,-0.1,-12.0,1.7000000000000002,9.9,-82.4,0.0,0.0,219.8,0.0,22.1,34.300000000000004,34.300000000000004,37.6,300.0,300.0,30.0,36.4,34.9,34.7,36.9,4.96,2.0,4.96,0.16,0.0,0.0,1027.0,8228.0,0.0,0.0,0.0,0.0,0.0,1.0,0.0,0.0,0.0,-0.001,0.0,-0.3,0.0,-12.5,-12.8,0.015,16.0,25903.0
2026-07-30T18:58:15.526Z,65.009,65.022,-7.5,7.4,0.0,0.0,0.0,0.0,0.0,1.0,1.0,0.0,1.0,0.0,0.0,0.0,8.0,6.0,0.0,0.0,0.0,0.0,0.0,0.0,0.0,0.0,5.0,12.0,1.0,12.05,5.01,2.5,1.49,-2.2,0.2,2.2,301.1,-0.1,-10.3,2.9000000000000004,9.3,-82.4,0.0,0.0,219.9,0.0,22.1,34.300000000000004,34.300000000000004,37.6,300.0,300.0,30.0,36.4,34.9,34.7,36.9,4.96,2.0,4.96,0.16,0.0,0.0,1027.0,8228.0,0.0,0.0,0.0,0.0,0.0,1.0,0.0,0.0,0.0,-0.001,0.0,0.7000000000000001,0.0,-12.7,-12.7,0.0151,16.0,25903.0
2026-07-30T18:58:15.539Z,65.022,65.034,-7.5,7.4,0.0,0.0,0.0,0.0,0.0,1.0,1.0,0.0,1.0,0.0,0.0,0.0,8.0,6.0,0.0,0.0,0.0,0.0,0.0,0.0,0.0,0.0,5.0,12.0,1.0,12.05,5.01,2.5,1.49,-2.1,0.2,2.1,301.1,-0.1,-11.4,3.5,11.0,-82.4,0.0,0.0,219.9,0.0,22.1,34.300000000000004,34.300000000000004,37.6,300.0,300.0,30.0,36.4,34.9,34.7,36.9,4.95,2.0,4.96,0.16,0.0,0.0,1027.0,8228.0,0.0,0.0,0.0,0.0,0.0,1.0,0.0,0.0,0.0,-0.001,0.0,0.9,0.0,-15.1,-12.8,0.0151,16.0,25903.0
2026-07-30T18:58:15.551Z,65.034,65.046,-7.5,7.4,0.0,0.0,0.0,0.0,0.0,1.0,1.0,0.0,1.0,0.0,0.0,0.0,8.0,6.0,0.0,0.0,0.0,0.0,0.0,0.0,0.0,0.0,1.0,12.0,1.0,12.05,5.01,2.5,1.49,-2.2,0.3,2.2,301.0,-0.1,-12.0,1.1,9.9,-82.4,0.0,0.0,219.9,0.0,22.1,34.300000000000004,34.300000000000004,37.6,300.0,300.0,30.0,36.4,34.9,34.7,36.9,4.96,2.0,4.97,0.16,0.0,0.0,1027.0,8228.0,0.0,0.0,0.0,0.0,0.0,1.0,0.0,0.0,0.0,-0.001,0.0,-0.9,0.0,-12.1,-12.7,0.0145,16.0,25903.0
2026-07-30T18:58:15.563Z,65.046,65.058,-7.4,7.4,0.0,0.0,0.0,0.0,0.0,1.0,1.0,0.0,1.0,0.0,0.0,0.0,8.0,6.0,0.0,0.0,0.0,0.0,0.0,0.0,0.0,0.0,1.0,12.0,1.0,12.05,5.01,2.5,1.49,-2.2,0.2,2.2,301.0,-0.1,-11.4,2.3000000000000003,10.4,-82.4,0.0,0.0,219.9,0.0,22.1,34.300000000000004,34.300000000000004,37.6,300.0,300.0,30.0,36.4,34.9,34.7,36.9,4.95,2.0,4.96,0.16,0.0,0.0,1027.0,8228.0,0.0,0.0,0.0,0.0,0.0,1.0,0.0,0.0,0.0,-0.001,0.0,0.0,0.0,-13.6,-12.7,0.0151,16.0,25903.0
2026-07-30T18:58:15.575Z,65.058,65.07000000000001,-7.4,7.4,0.0,0.0,0.0,0.0,0.0,1.0,1.0,0.0,1.0,0.0,0.0,0.0,8.0,6.0,0.0,0.0,0.0,0.0,0.0,0.0,0.0,0.0,2.0,12.0,1.0,12.05,5.01,2.5,1.49,-2.2,0.2,2.2,301.1,-0.1,-10.3,3.5,10.4,-82.4,0.0,0.0,219.8,0.0,22.1,34.300000000000004,34.300000000000004,37.6,300.0,300.0,30.0,36.4,34.9,34.7,36.9,4.95,2.0,4.96,0.16,0.0,0.0,1027.0,8228.0,0.0,0.0,0.0,0.0,0.0,1.0,0.0,0.0,0.0,-0.001,0.0,1.0,0.0,-14.5,-12.8,0.0149,16.0,25903.0
2026-07-30T18:58:15.592Z,65.075,65.08200000000001,-7.4,7.4,0.0,0.0,0.0,0.0,0.0,1.0,1.0,0.0,1.0,0.0,0.0,0.0,8.0,6.0,0.0,0.0,0.0,0.0,0.0,0.0,0.0,0.0,3.0,12.0,1.0,12.06,5.01,2.5,1.49,-2.1,0.2,2.1,301.0,-0.1,-10.9,2.9000000000000004,11.6,-82.4,0.0,0.0,219.8,0.0,22.1,34.300000000000004,34.300000000000004,37.6,300.0,300.0,30.0,36.5,34.9,34.7,36.9,4.95,1.99,4.96,0.16,0.0,0.0,1027.0,8228.0,0.0,0.0,0.0,0.0,0.0,1.0,0.0,0.0,0.0,-0.001,0.0,0.3,0.0,-15.4,-12.8,0.0148,16.0,25903.0
2026-07-30T18:58:15.598Z,65.081,65.09400000000001,-7.5,7.4,0.0,0.0,0.0,0.0,0.0,1.0,1.0,0.0,1.0,0.0,0.0,0.0,8.0,6.0,0.0,0.0,0.0,0.0,0.0,0.0,0.0,0.0,2.0,12.0,1.0,12.06,5.01,2.5,1.49,-2.2,0.2,2.2,301.0,-0.1,-10.9,2.9000000000000004,9.3,-82.4,0.0,0.0,219.7,0.0,22.1,34.300000000000004,34.300000000000004,37.6,300.0,300.0,30.0,36.5,34.9,34.7,36.9,4.95,1.99,4.96,0.16,0.0,0.0,1027.0,8228.0,0.0,0.0,0.0,0.0,0.0,1.0,0.0,0.0,0.0,-0.001,0.0,0.7000000000000001,0.0,-12.7,-12.8,0.0146,16.0,25903.0
2026-07-30T18:58:15.611Z,65.094,65.106,-7.5,7.4,0.0,0.0,0.0,0.0,0.0,1.0,1.0,0.0,1.0,0.0,0.0,0.0,8.0,6.0,0.0,0.0,0.0,0.0,0.0,0.0,0.0,0.0,3.0,12.0,1.0,12.06,5.01,2.5,1.49,-2.2,0.2,2.2,301.0,-0.1,-10.9,2.3000000000000003,8.700000000000001,-82.4,0.0,0.0,219.8,0.0,22.1,34.300000000000004,34.300000000000004,37.6,300.0,300.0,30.0,36.5,34.9,34.7,36.9,4.96,2.0,4.96,0.16,0.0,0.0,1027.0,8228.0,0.0,0.0,0.0,0.0,0.0,1.0,0.0,0.0,0.0,-0.001,0.0,0.3,0.0,-11.6,-12.8,0.0151,16.0,25903.0
2026-07-30T18:58:15.622Z,65.105,65.118,-7.5,7.4,0.0,0.0,0.0,0.0,0.0,1.0,1.0,0.0,1.0,0.0,0.0,0.0,8.0,6.0,0.0,0.0,0.0,0.0,0.0,0.0,0.0,0.0,5.0,12.0,1.0,12.06,5.01,2.5,1.49,-2.1,0.2,2.1,301.1,-0.1,-11.4,3.5,12.2,-82.4,0.0,0.0,219.8,0.0,22.1,34.300000000000004,34.300000000000004,37.6,300.0,300.0,30.0,36.5,34.9,34.7,36.9,4.96,2.0,4.96,0.16,0.0,0.0,1027.0,8228.0,0.0,0.0,0.0,0.0,0.0,1.0,0.0,0.0,0.0,-0.001,0.0,0.6000000000000001,0.0,-16.5,-12.7,0.0152,16.0,25903.0
2026-07-30T18:58:15.635Z,65.118,65.13,-7.4,7.4,0.0,0.0,0.0,0.0,0.0,1.0,1.0,0.0,1.0,0.0,0.0,0.0,8.0,6.0,0.0,0.0,0.0,0.0,0.0,0.0,0.0,0.0,6.0,12.0,1.0,12.06,5.01,2.5,1.49,-2.2,0.2,2.2,300.90000000000003,-0.1,-10.9,2.9000000000000004,9.9,-82.4,0.0,0.0,219.8,0.0,22.1,34.300000000000004,34.300000000000004,37.6,300.0,300.0,30.0,36.5,34.9,34.7,36.9,4.96,2.0,4.96,0.16,0.0,0.0,1027.0,8228.0,0.0,0.0,0.0,0.0,0.0,1.0,0.0,0.0,0.0,-0.001,0.0,0.6000000000000001,0.0,-13.4,-12.7,0.0142,16.0,25903.0
2026-07-30T18:58:15.650Z,65.133,65.142,-7.4,7.4,0.0,0.0,0.0,0.0,0.0,1.0,1.0,0.0,1.0,0.0,0.0,0.0,8.0,6.0,0.0,0.0,0.0,0.0,0.0,0.0,0.0,0.0,1.0,12.0,1.0,12.06,5.01,2.5,1.49,-2.3000000000000003,0.3,2.3000000000000003,301.0,-0.1,-13.2,1.7000000000000002,9.3,-82.4,0.0,0.0,219.8,0.0,22.1,34.300000000000004,34.300000000000004,37.6,300.0,300.0,30.0,36.5,34.9,34.7,36.9,4.96,2.0,4.96,0.16,0.0,0.0,1027.0,8228.0,0.0,0.0,0.0,0.0,0.0,1.0,0.0,0.0,0.0,-0.001,0.0,-0.2,0.0,-11.8,-12.8,0.015,16.0,25903.0
2026-07-30T18:58:15.659Z,65.142,65.154,-7.5,7.4,0.0,0.0,0.0,0.0,0.0,1.0,1.0,0.0,1.0,0.0,0.0,0.0,8.0,6.0,0.0,0.0,0.0,0.0,0.0,0.0,0.0,0.0,1.0,12.0,1.0,12.06,5.01,2.5,1.49,-2.3000000000000003,0.3,2.3000000000000003,301.1,-0.1,-12.0,1.1,9.3,-82.4,0.0,0.0,219.7,0.0,22.1,34.300000000000004,34.300000000000004,37.6,300.0,300.0,30.0,36.5,34.9,34.7,36.9,4.95,2.0,4.96,0.16,0.0,0.0,1027.0,8228.0,0.0,0.0,0.0,0.0,0.0,1.0,0.0,0.0,0.0,-0.001,0.0,-0.7000000000000001,0.0,-11.4,-12.9,0.0155,16.0,25903.0
2026-07-30T18:58:15.671Z,65.154,65.166,-7.5,7.4,0.0,0.0,0.0,0.0,0.0,1.0,1.0,0.0,1.0,0.0,0.0,0.0,8.0,6.0,0.0,0.0,0.0,0.0,0.0,0.0,0.0,0.0,2.0,12.0,1.0,12.06,5.01,2.5,1.49,-2.2,0.2,2.2,300.90000000000003,-0.1,-10.9,2.3000000000000003,11.0,-82.4,0.0,0.0,219.7,0.0,22.1,34.300000000000004,34.300000000000004,37.6,300.0,300.0,30.0,36.5,34.9,34.7,36.9,4.95,2.0,4.96,0.16,0.0,0.0,1027.0,8228.0,0.0,0.0,0.0,0.0,0.0,1.0,0.0,0.0,0.0,-0.001,0.0,0.0,0.0,-14.3,-12.8,0.0155,16.0,25903.0
2026-07-30T18:58:15.683Z,65.166,65.178,-7.5,7.4,0.0,0.0,0.0,0.0,0.0,1.0,1.0,0.0,1.0,0.0,0.0,0.0,8.0,6.0,0.0,0.0,0.0,0.0,0.0,0.0,0.0,0.0,3.0,12.0,1.0,12.06,5.01,2.5,1.49,-2.1,0.3,2.2,301.1,-0.1,-10.9,2.3000000000000003,11.6,-82.4,0.0,0.0,219.8,0.0,22.3,34.300000000000004,34.300000000000004,37.7,300.0,300.0,30.0,36.4,35.0,34.7,36.9,4.96,2.0,4.96,0.16,0.0,0.0,1027.0,8228.0,0.0,0.0,0.0,0.0,0.0,1.0,0.0,0.0,0.0,-0.001,0.0,-0.2,0.0,-14.9,-12.8,0.0148,16.0,25903.0
2026-07-30T18:58:15.694Z,65.177,65.19,-7.5,7.4,0.0,0.0,0.0,0.0,0.0,1.0,1.0,0.0,1.0,0.0,0.0,0.0,8.0,6.0,0.0,0.0,0.0,0.0,0.0,0.0,0.0,0.0,4.0,12.0,1.0,12.06,5.01,2.5,1.49,-2.2,0.3,2.3000000000000003,301.1,-0.1,-12.6,1.7000000000000002,9.3,-82.4,0.0,0.0,219.7,0.0,22.3,34.300000000000004,34.300000000000004,37.7,300.0,300.0,30.0,36.4,35.0,34.7,36.9,4.95,2.0,4.97,0.16,0.0,0.0,1027.0,8228.0,0.0,0.0,0.0,0.0,0.0,1.0,0.0,0.0,0.0,-0.001,0.0,-0.2,0.0,-11.8,-12.8,0.0147,16.0,25903.0
2026-07-30T18:58:15.706Z,65.189,65.202,-7.5,7.4,0.0,0.0,0.0,0.0,0.0,1.0,1.0,0.0,1.0,0.0,0.0,0.0,8.0,6.0,0.0,0.0,0.0,0.0,0.0,0.0,0.0,0.0,5.0,12.0,1.0,12.06,5.01,2.5,1.49,-2.2,0.3,2.3000000000000003,300.90000000000003,-0.1,-11.4,1.1,9.3,-82.4,0.0,0.0,219.8,0.0,22.3,34.300000000000004,34.300000000000004,37.7,300.0,300.0,30.0,36.4,35.0,34.7,36.9,4.95,2.0,4.97,0.16,0.0,0.0,1027.0,8228.0,0.0,0.0,0.0,0.0,0.0,1.0,0.0,0.0,0.0,-0.001,0.0,-0.8,0.0,-11.4,-12.7,0.0153,16.0,25903.0
2026-07-30T18:58:15.718Z,65.201,65.214,-7.4,7.4,0.0,0.0,0.0,0.0,0.0,1.0,1.0,0.0,1.0,0.0,0.0,0.0,8.0,6.0,0.0,0.0,0.0,0.0,0.0,0.0,0.0,0.0,6.0,12.0,1.0,12.06,5.01,2.5,1.49,-2.2,0.2,2.2,301.0,-0.1,-12.6,2.3000000000000003,9.3,-82.4,0.0,0.0,219.8,0.0,22.3,34.300000000000004,34.300000000000004,37.7,300.0,300.0,30.0,36.4,35.0,34.7,36.9,4.95,2.0,4.96,0.16,0.0,0.0,1027.0,8228.0,0.0,0.0,0.0,0.0,0.0,1.0,0.0,0.0,0.0,-0.001,0.0,0.2,0.0,-12.3,-12.8,0.0154,16.0,25903.0
2026-07-30T18:58:15.730Z,65.213,65.226,-7.4,7.4,0.0,0.0,0.0,0.0,0.0,1.0,1.0,0.0,1.0,0.0,0.0,0.0,8.0,6.0,0.0,0.0,0.0,0.0,0.0,0.0,0.0,0.0,1.0,12.0,1.0,12.06,5.01,2.5,1.49,-2.3000000000000003,0.3,2.4000000000000004,301.1,-0.1,-12.6,0.5,8.1,-82.4,0.0,0.0,219.8,0.0,22.3,34.300000000000004,34.300000000000004,37.7,300.0,300.0,30.0,36.4,35.0,34.7,36.9,4.96,2.0,4.96,0.16,0.0,0.0,1027.0,8228.0,0.0,0.0,0.0,0.0,0.0,1.0,0.0,0.0,0.0,-0.001,0.0,-1.0,0.0,-9.6,-12.8,0.0153,16.0,25903.0
2026-07-30T18:58:15.743Z,65.226,65.238,-7.5,7.4,0.0,0.0,0.0,0.0,0.0,1.0,1.0,0.0,1.0,0.0,0.0,0.0,8.0,6.0,0.0,0.0,0.0,0.0,0.0,0.0,0.0,0.0,2.0,12.0,1.0,12.06,5.01,2.5,1.49,-2.2,0.3,2.2,301.1,-0.1,-13.2,1.7000000000000002,9.9,-82.4,0.0,0.0,219.8,0.0,22.3,34.300000000000004,34.300000000000004,37.7,300.0,300.0,30.0,36.4,35.0,34.7,36.9,4.95,2.0,4.96,0.16,0.0,0.0,1027.0,8228.0,0.0,0.0,0.0,0.0,0.0,1.0,0.0,0.0,0.0,-0.001,0.0,-0.4,0.0,-12.5,-12.8,0.0159,16.0,25903.0
2026-07-30T18:58:15.754Z,65.237,65.25,-7.5,7.4,0.0,0.0,0.0,0.0,0.0,1.0,1.0,0.0,1.0,0.0,0.0,0.0,8.0,6.0,0.0,0.0,0.0,0.0,0.0,0.0,0.0,0.0,3.0,12.0,1.0,12.06,5.01,2.5,1.49,-2.3000000000000003,0.3,2.3000000000000003,301.1,-0.1,-12.6,1.1,8.700000000000001,-82.4,0.0,0.0,219.8,0.0,22.3,34.300000000000004,34.300000000000004,37.7,300.0,300.0,30.0,36.4,35.0,34.7,36.9,4.95,2.0,4.96,0.16,0.0,0.0,1027.0,8228.0,0.0,0.0,0.0,0.0,0.0,1.0,0.0,0.0,0.0,-0.001,0.0,-0.6000000000000001,0.0,-10.7,-12.7,0.0151,16.0,25903.0
2026-07-30T18:58:15.766Z,65.249,65.262,-7.5,7.4,0.0,0.0,0.0,0.0,0.0,1.0,1.0,0.0,1.0,0.0,0.0,0.0,8.0,6.0,0.0,0.0,0.0,0.0,0.0,0.0,0.0,0.0,4.0,12.0,1.0,12.06,5.01,2.5,1.49,-2.2,0.2,2.3000000000000003,301.1,-0.1,-12.6,1.7000000000000002,8.700000000000001,-82.4,0.0,0.0,219.8,0.0,22.3,34.300000000000004,34.300000000000004,37.7,300.0,300.0,30.0,36.4,35.0,34.7,36.9,4.95,2.0,4.97,0.16,0.0,0.0,1027.0,8228.0,0.0,0.0,0.0,0.0,0.0,1.0,0.0,0.0,0.0,-0.001,0.0,-0.1,0.0,-11.2,-12.7,0.0154,16.0,25903.0
2026-07-30T18:58:15.779Z,65.262,65.274,-7.4,7.4,0.0,0.0,0.0,0.0,0.0,1.0,1.0,0.0,1.0,0.0,0.0,0.0,8.0,6.0,0.0,0.0,0.0,0.0,0.0,0.0,0.0,0.0,5.0,12.0,1.0,12.06,5.01,2.5,1.49,-2.3000000000000003,0.3,2.3000000000000003,301.0,-0.1,-13.2,1.1,8.1,-82.5,0.0,0.0,220.0,0.0,22.3,34.300000000000004,34.300000000000004,37.7,300.0,300.0,30.0,36.4,35.0,34.7,36.9,4.95,2.0,4.97,0.16,0.0,0.0,1027.0,8228.0,0.0,0.0,0.0,0.0,0.0,1.0,0.0,0.0,0.0,-0.001,0.0,-0.5,0.0,-10.1,-12.7,0.0154,16.0,25903.0
2026-07-30T18:58:15.790Z,65.273,65.286,-7.5,7.4,0.0,0.0,0.0,0.0,0.0,1.0,1.0,0.0,1.0,0.0,0.0,0.0,8.0,6.0,0.0,0.0,0.0,0.0,0.0,0.0,0.0,0.0,6.0,12.0,1.0,12.04,5.0200000000000005,2.51,1.49,-2.2,0.3,2.2,301.0,-0.1,-12.6,1.1,9.9,-82.5,0.0,0.0,219.9,0.0,22.1,34.300000000000004,34.300000000000004,37.7,300.0,300.0,30.0,36.3,34.800000000000004,34.5,36.9,4.96,2.0,4.97,0.16,0.0,0.0,1027.0,8228.0,0.0,0.0,0.0,0.0,0.0,1.0,0.0,0.0,0.0,-0.001,0.0,-0.9,0.0,-12.1,-12.8,0.0156,16.0,25903.0
2026-07-30T18:58:15.802Z,65.285,65.298,-7.5,7.4,0.0,0.0,0.0,0.0,0.0,1.0,1.0,0.0,1.0,0.0,0.0,0.0,8.0,6.0,0.0,0.0,0.0,0.0,0.0,0.0,0.0,0.0,1.0,12.0,1.0,12.04,5.0200000000000005,2.51,1.49,-2.2,0.3,2.2,301.1,-0.1,-11.4,1.1,9.9,-82.5,0.0,0.0,219.8,0.0,22.1,34.300000000000004,34.300000000000004,37.7,300.0,300.0,30.0,36.3,34.800000000000004,34.5,36.9,4.95,2.0,4.96,0.16,0.0,0.0,1027.0,8228.0,0.0,0.0,0.0,0.0,0.0,1.0,0.0,0.0,0.0,-0.001,0.0,-0.9,0.0,-12.1,-12.8,0.0152,16.0,25903.0
2026-07-30T18:58:15.814Z,65.297,65.31,-7.4,7.4,0.0,0.0,0.0,0.0,0.0,1.0,1.0,0.0,1.0,0.0,0.0,0.0,8.0,6.0,0.0,0.0,0.0,0.0,0.0,0.0,0.0,0.0,2.0,12.0,1.0,12.04,5.0200000000000005,2.51,1.49,-2.2,0.3,2.2,301.0,-0.1,-10.9,1.7000000000000002,10.4,-82.5,0.0,0.0,219.8,0.0,22.1,34.300000000000004,34.300000000000004,37.7,300.0,300.0,30.0,36.3,34.800000000000004,34.5,36.9,4.95,2.0,4.97,0.16,0.0,0.0,1027.0,8228.0,0.0,0.0,0.0,0.0,0.0,1.0,0.0,0.0,0.0,-0.001,0.0,-0.5,0.0,-13.2,-12.7,0.0151,16.0,25903.0
2026-07-30T18:58:15.826Z,65.309,65.322,-7.4,7.4,0.0,0.0,0.0,0.0,0.0,1.0,1.0,0.0,1.0,0.0,0.0,0.0,8.0,6.0,0.0,0.0,0.0,0.0,0.0,0.0,0.0,0.0,3.0,12.0,1.0,12.04,5.0200000000000005,2.51,1.49,-2.1,0.2,2.2,301.1,-0.1,-12.0,3.5,10.4,-82.5,0.0,0.0,219.8,0.0,22.1,34.300000000000004,34.300000000000004,37.7,300.0,300.0,30.0,36.3,34.800000000000004,34.5,36.9,4.95,2.0,4.97,0.16,0.0,0.0,1027.0,8228.0,0.0,0.0,0.0,0.0,0.0,1.0,0.0,0.0,0.0,-0.001,0.0,1.0,0.0,-14.5,-12.8,0.0148,16.0,25903.0
2026-07-30T18:58:15.839Z,65.322,65.334,-7.4,7.4,0.0,0.0,0.0,0.0,0.0,1.0,1.0,0.0,1.0,0.0,0.0,0.0,8.0,6.0,0.0,0.0,0.0,0.0,0.0,0.0,0.0,0.0,4.0,12.0,1.0,12.04,5.0200000000000005,2.51,1.49,-2.2,0.2,2.2,301.1,-0.1,-11.4,2.9000000000000004,9.3,-82.5,0.0,0.0,219.9,0.0,22.1,34.300000000000004,34.300000000000004,37.7,300.0,300.0,30.0,36.3,34.800000000000004,34.5,36.9,4.96,2.0,4.96,0.16,0.0,0.0,1027.0,8228.0,0.0,0.0,0.0,0.0,0.0,1.0,0.0,0.0,0.0,-0.001,0.0,0.0,0.0,-13.6,-12.8,0.0151,16.0,25903.0
2026-07-30T18:58:15.850Z,65.333,65.346,-7.5,7.4,0.0,0.0,0.0,0.0,0.0,1.0,1.0,0.0,1.0,0.0,0.0,0.0,8.0,6.0,0.0,0.0,0.0,0.0,0.0,0.0,0.0,0.0,5.0,12.0,1.0,12.04,5.0200000000000005,2.51,1.49,-2.2,0.3,2.2,301.0,-0.1,-10.9,1.7000000000000002,9.9,-82.5,0.0,0.0,219.8,0.0,22.1,34.300000000000004,34.300000000000004,37.7,300.0,300.0,30.0,36.3,34.800000000000004,34.5,36.9,4.95,2.0,4.96,0.16,0.0,0.0,1027.0,8228.0,0.0,0.0,0.0,0.0,0.0,1.0,0.0,0.0,0.0,-0.001,0.0,-0.3,0.0,-12.5,-12.9,0.0149,16.0,25903.0
2026-07-30T18:58:15.862Z,65.345,65.358,-7.4,7.4,0.0,0.0,0.0,0.0,0.0,1.0,1.0,0.0,1.0,0.0,0.0,0.0,8.0,6.0,0.0,0.0,0.0,0.0,0.0,0.0,0.0,0.0,6.0,12.0,1.0,12.04,5.0200000000000005,2.51,1.49,-2.0,0.2,2.0,301.1,-0.1,-10.9,4.6000000000000005,12.8,-82.4,0.0,0.0,219.7,0.0,22.1,34.300000000000004,34.300000000000004,37.7,300.0,300.0,30.0,36.3,34.800000000000004,34.5,36.9,4.95,2.0,4.96,0.16,0.0,0.0,1027.0,8228.0,0.0,0.0,0.0,0.0,0.0,1.0,0.0,0.0,0.0,-0.001,0.0,1.6,0.0,-18.0,-12.7,0.0155,16.0,25903.0
2026-07-30T18:58:15.875Z,65.358,65.37,-7.5,7.4,0.0,0.0,0.0,0.0,0.0,1.0,1.0,0.0,1.0,0.0,0.0,0.0,8.0,6.0,0.0,0.0,0.0,0.0,0.0,0.0,0.0,0.0,1.0,12.0,1.0,12.04,5.0200000000000005,2.51,1.49,-2.1,0.2,2.2,301.1,-0.1,-10.9,3.5,10.4,-82.4,0.0,0.0,219.7,0.0,22.1,34.300000000000004,34.300000000000004,37.7,300.0,300.0,30.0,36.3,34.800000000000004,34.5,36.9,4.96,2.0,4.96,0.16,0.0,0.0,1027.0,8228.0,0.0,0.0,0.0,0.0,0.0,1.0,0.0,0.0,0.0,-0.001,0.0,1.0,0.0,-14.5,-12.8,0.0152,16.0,25903.0
2026-07-30T18:58:15.888Z,65.371,65.382,-7.4,7.4,0.0,0.0,0.0,0.0,0.0,1.0,1.0,0.0,1.0,0.0,0.0,0.0,8.0,6.0,0.0,0.0,0.0,0.0,0.0,0.0,0.0,0.0,1.0,12.0,1.0,12.05,5.0200000000000005,2.51,1.49,-2.3000000000000003,0.3,2.3000000000000003,301.0,-0.1,-11.4,1.1,8.700000000000001,-82.4,0.0,0.0,219.7,0.0,22.1,34.300000000000004,34.300000000000004,37.7,300.0,300.0,29.9,36.3,34.9,34.6,36.9,4.96,2.0,4.96,0.17,0.0,0.0,1027.0,8228.0,0.0,0.0,0.0,0.0,0.0,1.0,0.0,0.0,0.0,-0.001,0.0,0.7000000000000001,0.0,-12.7,-12.7,0.0146,16.0,25903.0
2026-07-30T18:58:15.901Z,65.384,65.394,-7.5,7.4,0.0,0.0,0.0,0.0,0.0,1.0,1.0,0.0,1.0,0.0,0.0,0.0,8.0,6.0,0.0,0.0,0.0,0.0,0.0,0.0,0.0,0.0,3.0,12.0,1.0,12.05,5.0200000000000005,2.51,1.49,-2.1,0.2,2.2,301.1,-0.1,-10.9,2.3000000000000003,11.0,-82.4,0.0,0.0,219.7,0.0,22.1,34.300000000000004,34.300000000000004,37.7,300.0,300.0,29.9,36.3,34.9,34.6,36.9,4.96,2.0,4.97,0.17,0.0,0.0,1027.0,8228.0,0.0,0.0,0.0,0.0,0.0,1.0,0.0,0.0,0.0,-0.001,0.0,0.0,0.0,-13.6,-12.8,0.015,16.0,25903.0
2026-07-30T18:58:15.911Z,65.394,65.406,-7.5,7.4,0.0,0.0,0.0,0.0,0.0,1.0,1.0,0.0,1.0,0.0,0.0,0.0,8.0,6.0,0.0,0.0,0.0,0.0,0.0,0.0,0.0,0.0,1.0,12.0,1.0,12.05,5.0200000000000005,2.51,1.49,-2.3000000000000003,0.3,2.3000000000000003,301.1,-0.1,-11.4,1.7000000000000002,8.700000000000001,-82.4,0.0,0.0,219.8,0.0,22.1,34.300000000000004,34.300000000000004,37.7,300.0,300.0,29.9,36.3,34.9,34.6,36.9,4.96,2.0,4.96,0.16,0.0,0.0,1027.0,8228.0,0.0,0.0,0.0,0.0,0.0,1.0,0.0,0.0,0.0,-0.001,0.0,-0.5,0.0,-10.1,-12.7,0.0148,16.0,25903.0
2026-07-30T18:58:15.923Z,65.406,65.418,-7.4,7.4,0.0,0.0,0.0,0.0,0.0,1.0,1.0,0.0,1.0,0.0,0.0,0.0,8.0,6.0,0.0,0.0,0.0,0.0,0.0,0.0,0.0,0.0,2.0,12.0,1.0,12.05,5.0200000000000005,2.51,1.49,-2.2,0.3,2.3000000000000003,301.1,-0.1,-12.6,2.9000000000000004,11.6,-82.4,0.0,0.0,219.8,0.0,22.1,34.300000000000004,34.300000000000004,37.7,300.0,300.0,29.9,36.3,34.9,34.6,36.9,4.96,2.0,4.96,0.16,0.0,0.0,1027.0,8228.0,0.0,0.0,0.0,0.0,0.0,1.0,0.0,0.0,0.0,-0.001,0.0,-0.2,0.0,-11.8,-12.7,0.0155,16.0,25903.0
2026-07-30T18:58:15.934Z,65.417,65.43,-7.4,7.4,0.0,0.0,0.0,0.0,0.0,1.0,1.0,0.0,1.0,0.0,0.0,0.0,8.0,6.0,0.0,0.0,0.0,0.0,0.0,0.0,0.0,0.0,4.0,12.0,1.0,12.05,5.0200000000000005,2.51,1.49,-2.3000000000000003,0.3,2.3000000000000003,301.0,-0.1,-13.2,1.1,8.700000000000001,-82.4,0.0,0.0,219.9,0.0,22.1,34.300000000000004,34.300000000000004,37.7,300.0,300.0,29.9,36.3,34.9,34.6,36.9,4.95,2.0,4.96,0.16,0.0,0.0,1027.0,8228.0,0.0,0.0,0.0,0.0,0.0,1.0,0.0,0.0,0.0,-0.001,0.0,-0.6000000000000001,0.0,-10.7,-12.8,0.0153,16.0,25903.0
2026-07-30T18:58:15.947Z,65.43,65.44200000000001,-7.4,7.4,0.0,0.0,0.0,0.0,0.0,1.0,1.0,0.0,1.0,0.0,0.0,0.0,8.0,6.0,0.0,0.0,0.0,0.0,0.0,0.0,0.0,0.0,5.0,12.0,1.0,12.05,5.0200000000000005,2.51,1.49,-2.3000000000000003,0.3,2.3000000000000003,301.1,-0.1,-13.2,0.5,8.1,-82.4,0.0,0.0,219.8,0.0,22.1,34.300000000000004,34.300000000000004,37.7,300.0,300.0,29.9,36.3,34.9,34.6,36.9,4.95,2.0,4.96,0.16,0.0,0.0,1027.0,8228.0,0.0,0.0,0.0,0.0,0.0,1.0,0.0,0.0,0.0,-0.001,0.0,-1.0,0.0,-9.6,-12.8,0.0155,16.0,25903.0
2026-07-30T18:58:15.960Z,65.443,65.45400000000001,-7.4,7.4,0.0,0.0,0.0,0.0,0.0,1.0,1.0,0.0,1.0,0.0,0.0,0.0,8.0,6.0,0.0,0.0,0.0,0.0,0.0,0.0,0.0,0.0,6.0,12.0,1.0,12.05,5.0200000000000005,2.51,1.49,-2.2,0.2,2.2,301.1,-0.1,-11.4,2.9000000000000004,10.4,-82.4,0.0,0.0,219.8,0.0,22.1,34.300000000000004,34.300000000000004,37.7,300.0,300.0,29.9,36.3,34.9,34.6,36.9,4.95,2.0,4.96,0.16,0.0,0.0,1027.0,8228.0,0.0,0.0,0.0,0.0,0.0,1.0,0.0,0.0,0.0,-0.001,0.0,0.5,0.0,-14.0,-12.8,0.0157,16.0,25903.0
2026-07-30T18:58:15.970Z,65.453,65.46600000000001,-7.4,7.4,0.0,0.0,0.0,0.0,0.0,1.0,1.0,0.0,1.0,0.0,0.0,0.0,8.0,6.0,0.0,0.0,0.0,0.0,0.0,0.0,0.0,0.0,6.0,12.0,1.0,12.05,5.0200000000000005,2.51,1.49,-2.3000000000000003,0.3,2.3000000000000003,301.0,-0.1,-13.2,1.1,8.1,-82.4,0.0,0.0,219.8,0.0,22.1,34.300000000000004,34.300000000000004,37.7,300.0,300.0,29.9,36.3,34.9,34.6,36.9,4.96,2.0,4.96,0.16,0.0,0.0,1027.0,8228.0,0.0,0.0,0.0,0.0,0.0,1.0,0.0,0.0,0.0,-0.001,0.0,-0.5,0.0,-10.1,-12.8,0.0148,16.0,25903.0
2026-07-30T18:58:15.983Z,65.466,65.478,-7.4,7.4,0.0,0.0,0.0,0.0,0.0,1.0,1.0,0.0,1.0,0.0,0.0,0.0,8.0,6.0,0.0,0.0,0.0,0.0,0.0,0.0,0.0,0.0,1.0,12.0,1.0,12.05,5.0200000000000005,2.51,1.49,-2.2,0.3,2.2,301.1,-0.1,-12.6,2.3000000000000003,10.4,-82.4,0.0,0.0,219.8,0.0,22.1,34.300000000000004,34.300000000000004,37.7,300.0,300.0,29.9,36.3,34.9,34.6,36.9,4.95,2.0,4.97,0.16,0.0,0.0,1027.0,8228.0,0.0,0.0,0.0,0.0,0.0,1.0,0.0,0.0,0.0,-0.001,0.0,0.0,0.0,-13.6,-12.9,0.0158,16.0,25903.0
2026-07-30T18:58:15.995Z,65.478,65.49,-7.5,7.4,0.0,0.0,0.0,0.0,0.0,1.0,1.0,0.0,1.0,0.0,0.0,0.0,8.0,6.0,0.0,0.0,0.0,0.0,0.0,0.0,0.0,0.0,3.0,12.0,1.0,12.05,5.0200000000000005,2.5,1.49,-2.2,0.3,2.2,300.90000000000003,-0.1,-12.6,1.1,10.4,-82.4,0.0,0.0,219.7,0.0,22.4,34.4,34.300000000000004,37.7,300.0,300.0,30.0,36.4,35.0,34.7,36.9,4.96,2.0,4.96,0.16,0.0,0.0,1027.0,8228.0,0.0,0.0,0.0,0.0,0.0,1.0,0.0,0.0,0.0,-0.001,0.0,-1.0,0.0,-12.8,-12.9,0.0151,16.0,25903.0
2026-07-30T18:58:16.006Z,65.489,65.502,-7.5,7.4,0.0,0.0,0.0,0.0,0.0,1.0,1.0,0.0,1.0,0.0,0.0,0.0,8.0,6.0,0.0,0.0,0.0,0.0,0.0,0.0,0.0,0.0,4.0,12.0,1.0,12.05,5.0200000000000005,2.5,1.49,-2.2,0.2,2.2,301.0,-0.1,-11.4,2.9000000000000004,9.3,-82.4,0.0,0.0,219.9,0.0,22.4,34.4,34.300000000000004,37.7,300.0,300.0,30.0,36.4,35.0,34.7,36.9,4.96,2.0,4.97,0.16,0.0,0.0,1027.0,8228.0,0.0,0.0,0.0,0.0,0.0,1.0,0.0,0.0,0.0,-0.001,0.0,0.7000000000000001,0.0,-12.7,-12.7,0.0151,16.0,25903.0
2026-07-30T18:58:16.019Z,65.502,65.514,-7.4,7.4,0.0,0.0,0.0,0.0,0.0,1.0,1.0,0.0,1.0,0.0,0.0,0.0,8.0,6.0,0.0,0.0,0.0,0.0,0.0,0.0,0.0,0.0,5.0,12.0,1.0,12.05,5.0200000000000005,2.5,1.49,-2.2,0.3,2.2,301.1,-0.1,-12.0,1.7000000000000002,9.9,-82.4,0.0,0.0,219.9,0.0,22.4,34.4,34.300000000000004,37.7,300.0,300.0,30.0,36.4,35.0,34.7,36.9,4.95,2.0,4.97,0.16,0.0,0.0,1027.0,8228.0,0.0,0.0,0.0,0.0,0.0,1.0,0.0,0.0,0.0,-0.001,0.0,-0.4,0.0,-12.5,-12.7,0.015,16.0,25903.0
2026-07-30T18:58:16.030Z,65.513,65.526,-7.4,7.4,0.0,0.0,0.0,0.0,0.0,1.0,1.0,0.0,1.0,0.0,0.0,0.0,8.0,6.0,0.0,0.0,0.0,0.0,0.0,0.0,0.0,0.0,6.0,12.0,1.0,12.05,5.0200000000000005,2.5,1.49,-2.2,0.2,2.2,301.0,-0.1,-10.9,2.3000000000000003,9.9,-82.5,0.0,0.0,219.9,0.0,22.4,34.4,34.300000000000004,37.7,300.0,300.0,30.0,36.4,35.0,34.7,36.9,4.96,2.0,4.97,0.16,0.0,0.0,1027.0,8228.0,0.0,0.0,0.0,0.0,0.0,1.0,0.0,0.0,0.0,-0.001,0.0,0.0,0.0,-12.9,-12.9,0.0152,16.0,25903.0
2026-07-30T18:58:16.043Z,65.526,65.538,-7.5,7.4,0.0,0.0,0.0,0.0,0.0,1.0,1.0,0.0,1.0,0.0,0.0,0.0,8.0,6.0,0.0,0.0,0.0,0.0,0.0,0.0,0.0,0.0,1.0,12.0,1.0,12.05,5.0200000000000005,2.5,1.49,-2.2,0.2,2.2,301.0,-0.1,-11.4,2.3000000000000003,9.3,-82.5,0.0,0.0,219.9,0.0,22.4,34.4,34.300000000000004,37.7,300.0,300.0,30.0,36.4,35.0,34.7,36.9,4.96,2.0,4.96,0.16,0.0,0.0,1027.0,8228.0,0.0,0.0,0.0,0.0,0.0,1.0,0.0,0.0,0.0,-0.001,0.0,0.2,0.0,-12.3,-12.8,0.0151,16.0,25903.0
2026-07-30T18:58:16.055Z,65.538,65.55,-7.5,7.4,0.0,0.0,0.0,0.0,0.0,1.0,1.0,0.0,1.0,0.0,0.0,0.0,8.0,6.0,0.0,0.0,0.0,0.0,0.0,0.0,0.0,0.0,2.0,12.0,1.0,12.05,5.0200000000000005,2.5,1.49,-2.1,0.2,2.1,301.1,-0.1,-11.4,3.5,12.2,-82.5,0.0,0.0,219.8,0.0,22.4,34.4,34.300000000000004,37.7,300.0,300.0,30.0,36.4,35.0,34.7,36.9,4.96,2.0,4.96,0.16,0.0,0.0,1027.0,8228.0,0.0,0.0,0.0,0.0,0.0,1.0,0.0,0.0,0.0,-0.001,0.0,0.7000000000000001,0.0,-16.5,-12.7,0.0151,16.0,25903.0
2026-07-30T18:58:16.067Z,65.55,65.562,-7.4,7.4,0.0,0.0,0.0,0.0,0.0,1.0,1.0,0.0,1.0,0.0,0.0,0.0,8.0,6.0,0.0,0.0,0.0,0.0,0.0,0.0,0.0,0.0,3.0,12.0,1.0,12.05,5.0200000000000005,2.5,1.49,-2.2,0.2,2.2,300.90000000000003,-0.1,-11.4,2.3000000000000003,9.9,-82.5,0.0,0.0,219.9,0.0,22.4,34.4,34.300000000000004,37.7,300.0,300.0,30.0,36.4,35.0,34.7,36.9,4.95,2.0,4.96,0.16,0.0,0.0,1027.0,8228.0,0.0,0.0,0.0,0.0,0.0,1.0,0.0,0.0,0.0,-0.001,0.0,0.1,0.0,-12.9,-12.7,0.0142,16.0,25903.0
2026-07-30T18:58:16.079Z,65.562,65.574,-7.5,7.4,0.0,0.0,0.0,0.0,0.0,1.0,1.0,0.0,1.0,0.0,0.0,0.0,8.0,6.0,0.0,0.0,0.0,0.0,0.0,0.0,0.0,0.0,5.0,12.0,1.0,12.05,5.0200000000000005,2.5,1.49,-2.1,0.2,2.2,301.0,-0.1,-10.9,2.3000000000000003,10.4,-82.5,0.0,0.0,219.9,0.0,22.4,34.4,34.300000000000004,37.7,300.0,300.0,30.0,36.4,35.0,34.7,36.9,4.95,2.0,4.96,0.16,0.0,0.0,1027.0,8228.0,0.0,0.0,0.0,0.0,0.0,1.0,0.0,0.0,0.0,-0.001,0.0,0.0,0.0,-13.6,-12.8,0.015,16.0,25903.0
2026-07-30T18:58:16.091Z,65.574,65.586,-7.5,7.4,0.0,0.0,0.0,0.0,0.0,1.0,1.0,0.0,1.0,0.0,0.0,0.0,8.0,6.0,0.0,0.0,0.0,0.0,0.0,0.0,0.0,0.0,1.0,12.0,1.0,12.04,5.01,2.5,1.49,-2.2,0.3,2.2,301.1,-0.1,-11.4,1.7000000000000002,10.4,-82.5,0.0,0.0,219.9,0.0,22.200000000000003,34.4,34.300000000000004,37.7,300.0,300.0,30.1,36.5,35.0,34.7,36.9,4.95,2.0,4.96,0.16,0.0,0.0,1027.0,8228.0,0.0,0.0,0.0,0.0,0.0,1.0,0.0,0.0,0.0,-0.001,0.0,-0.5,0.0,-13.2,-12.7,0.0147,16.0,25903.0
2026-07-30T18:58:16.103Z,65.586,65.598,-7.5,7.4,0.0,0.0,0.0,0.0,0.0,1.0,1.0,0.0,1.0,0.0,0.0,0.0,8.0,6.0,0.0,0.0,0.0,0.0,0.0,0.0,0.0,0.0,2.0,12.0,1.0,12.04,5.01,2.5,1.49,-2.2,0.2,2.2,300.90000000000003,-0.1,-11.4,2.3000000000000003,9.3,-82.5,0.0,0.0,219.9,0.0,22.200000000000003,34.4,34.300000000000004,37.7,300.0,300.0,30.1,36.5,35.0,34.7,36.9,4.95,2.0,4.96,0.16,0.0,0.0,1027.0,8228.0,0.0,0.0,0.0,0.0,0.0,1.0,0.0,0.0,0.0,-0.001,0.0,0.2,0.0,-12.3,-12.7,0.0148,16.0,25903.0
2026-07-30T18:58:16.115Z,65.598,65.61,-7.4,7.4,0.0,0.0,0.0,0.0,0.0,1.0,1.0,0.0,1.0,0.0,0.0,0.0,8.0,6.0,0.0,0.0,0.0,0.0,0.0,0.0,0.0,0.0,3.0,12.0,1.0,12.04,5.01,2.5,1.49,-2.2,0.2,2.2,300.90000000000003,-0.1,-10.9,2.9000000000000004,10.4,-82.5,0.0,0.0,219.9,0.0,22.200000000000003,34.4,34.300000000000004,37.7,300.0,300.0,30.1,36.5,35.0,34.7,36.9,4.95,2.0,4.96,0.16,0.0,0.0,1027.0,8228.0,0.0,0.0,0.0,0.0,0.0,1.0,0.0,0.0,0.0,-0.001,0.0,0.5,0.0,-14.0,-12.7,0.015,16.0,25903.0
2026-07-30T18:58:16.127Z,65.61,65.622,-7.4,7.4,0.0,0.0,0.0,0.0,0.0,1.0,1.0,0.0,1.0,0.0,0.0,0.0,8.0,6.0,0.0,0.0,0.0,0.0,0.0,0.0,0.0,0.0,4.0,12.0,1.0,12.04,5.01,2.5,1.49,-2.2,0.2,2.2,301.1,-0.1,-12.0,3.5,9.3,-82.5,0.0,0.0,219.8,0.0,22.200000000000003,34.4,34.300000000000004,37.7,300.0,300.0,30.1,36.5,35.0,34.7,36.9,4.95,2.0,4.96,0.17,0.0,0.0,1027.0,8228.0,0.0,0.0,0.0,0.0,0.0,1.0,0.0,0.0,0.0,-0.001,0.0,1.2000000000000002,0.0,-13.1,-12.9,0.0148,16.0,25903.0
2026-07-30T18:58:16.139Z,65.622,65.634,-7.4,7.4,0.0,0.0,0.0,0.0,0.0,1.0,1.0,0.0,1.0,0.0,0.0,0.0,8.0,6.0,0.0,0.0,0.0,0.0,0.0,0.0,0.0,0.0,5.0,12.0,1.0,12.04,5.01,2.5,1.49,-2.1,0.2,2.2,301.0,-0.1,-12.0,2.9000000000000004,11.0,-82.5,0.0,0.0,219.8,0.0,22.200000000000003,34.4,34.300000000000004,37.7,300.0,300.0,30.1,36.5,35.0,34.7,36.9,4.95,2.0,4.97,0.17,0.0,0.0,1027.0,8228.0,0.0,0.0,0.0,0.0,0.0,1.0,0.0,0.0,0.0,-0.001,0.0,0.4,0.0,-14.7,-12.8,0.015,16.0,25903.0
2026-07-30T18:58:16.151Z,65.634,65.646,-7.4,7.4,0.0,0.0,0.0,0.0,0.0,1.0,1.0,0.0,1.0,0.0,0.0,0.0,8.0,6.0,0.0,0.0,0.0,0.0,0.0,0.0,0.0,0.0,6.0,12.0,1.0,12.04,5.01,2.5,1.49,-2.2,0.2,2.2,301.0,-0.1,-11.4,3.5,9.9,-82.4,0.0,0.0,219.7,0.0,22.200000000000003,34.4,34.300000000000004,37.7,300.0,300.0,30.1,36.5,35.0,34.7,36.9,4.95,2.0,4.96,0.16,0.0,0.0,1027.0,8228.0,0.0,0.0,0.0,0.0,0.0,1.0,0.0,0.0,0.0,-0.001,0.0,1.1,0.0,-13.8,-12.8,0.0147,16.0,25903.0
2026-07-30T18:58:16.163Z,65.646,65.658,-7.4,7.4,0.0,0.0,0.0,0.0,0.0,1.0,1.0,0.0,1.0,0.0,0.0,0.0,8.0,6.0,0.0,0.0,0.0,0.0,0.0,0.0,0.0,0.0,1.0,12.0,1.0,12.04,5.01,2.5,1.49,-2.2,0.2,2.2,301.1,-0.1,-11.4,2.9000000000000004,10.4,-82.4,0.0,0.0,219.6,0.0,22.200000000000003,34.4,34.300000000000004,37.7,300.0,300.0,30.1,36.5,35.0,34.7,36.9,4.96,2.0,4.96,0.16,0.0,0.0,1027.0,8228.0,0.0,0.0,0.0,0.0,0.0,1.0,0.0,0.0,0.0,-0.001,0.0,0.5,0.0,-14.0,-12.8,0.015,16.0,25903.0
2026-07-30T18:58:16.175Z,65.658,65.67,-7.5,7.4,0.0,0.0,0.0,0.0,0.0,1.0,1.0,0.0,1.0,0.0,0.0,0.0,8.0,6.0,0.0,0.0,0.0,0.0,0.0,0.0,0.0,0.0,2.0,12.0,1.0,12.04,5.01,2.5,1.49,-2.2,0.2,2.2,301.1,-0.1,-12.0,2.9000000000000004,10.4,-82.4,0.0,0.0,219.8,0.0,22.200000000000003,34.4,34.300000000000004,37.7,300.0,300.0,30.1,36.5,35.0,34.7,36.9,4.95,2.0,4.97,0.16,0.0,0.0,1027.0,8228.0,0.0,0.0,0.0,0.0,0.0,1.0,0.0,0.0,0.0,-0.001,0.0,0.5,0.0,-14.0,-12.8,0.0149,16.0,25903.0
2026-07-30T18:58:16.187Z,65.67,65.682,-7.5,7.4,0.0,0.0,0.0,0.0,0.0,1.0,1.0,0.0,1.0,0.0,0.0,0.0,8.0,6.0,0.0,0.0,0.0,0.0,0.0,0.0,0.0,0.0,3.0,12.0,1.0,12.04,5.01,2.5,1.49,-2.3000000000000003,0.3,2.3000000000000003,301.1,-0.1,-12.0,0.5,8.1,-82.4,0.0,0.0,219.8,0.0,22.200000000000003,34.4,34.300000000000004,37.7,300.0,300.0,30.1,36.5,35.0,34.7,36.9,4.95,2.0,4.97,0.16,0.0,0.0,1027.0,8228.0,0.0,0.0,0.0,0.0,0.0,1.0,0.0,0.0,0.0,-0.001,0.0,-1.0,0.0,-9.6,-12.8,0.0148,16.0,25903.0
2026-07-30T18:58:16.198Z,65.681,65.694,-7.5,7.4,0.0,0.0,0.0,0.0,0.0,1.0,1.0,0.0,1.0,0.0,0.0,0.0,8.0,6.0,0.0,0.0,0.0,0.0,0.0,0.0,0.0,0.0,5.0,12.0,1.0,12.04,5.01,2.51,1.5,-2.2,0.2,2.2,301.1,-0.1,-11.4,2.3000000000000003,10.4,-82.4,0.0,0.0,219.8,0.0,22.200000000000003,34.4,34.4,37.7,300.0,300.0,30.1,36.5,35.0,34.800000000000004,37.0,4.95,2.0,4.96,0.16,0.0,0.0,1027.0,8228.0,0.0,0.0,0.0,0.0,0.0,1.0,0.0,0.0,0.0,-0.001,0.0,0.0,0.0,-13.6,-12.7,0.0157,16.0,25903.0
2026-07-30T18:58:16.214Z,65.697,65.706,-7.4,7.4,0.0,0.0,0.0,0.0,0.0,1.0,1.0,0.0,1.0,0.0,0.0,0.0,8.0,6.0,0.0,0.0,0.0,0.0,0.0,0.0,0.0,0.0,6.0,12.0,1.0,12.04,5.01,2.51,1.5,-2.3000000000000003,0.2,2.3000000000000003,301.0,-0.1,-11.4,2.3000000000000003,8.700000000000001,-82.4,0.0,0.0,219.8,0.0,22.200000000000003,34.4,34.4,37.7,300.0,300.0,30.1,36.5,35.0,34.800000000000004,37.0,4.96,2.0,4.96,0.16,0.0,0.0,1027.0,8228.0,0.0,0.0,0.0,0.0,0.0,1.0,0.0,0.0,0.0,-0.001,0.0,0.3,0.0,-11.6,-12.7,0.0149,16.0,25903.0
2026-07-30T18:58:16.223Z,65.706,65.718,-7.4,7.4,0.0,0.0,0.0,0.0,0.0,1.0,1.0,0.0,1.0,0.0,0.0,0.0,8.0,6.0,0.0,0.0,0.0,0.0,0.0,0.0,0.0,0.0,5.0,12.0,1.0,12.04,5.01,2.51,1.5,-2.3000000000000003,0.2,2.3000000000000003,301.1,-0.1,-12.6,2.3000000000000003,8.1,-82.4,0.0,0.0,219.8,0.0,22.200000000000003,34.4,34.4,37.7,300.0,300.0,30.1,36.5,35.0,34.800000000000004,37.0,4.95,2.0,4.96,0.16,0.0,0.0,1027.0,8228.0,0.0,0.0,0.0,0.0,0.0,1.0,0.0,0.0,0.0,-0.001,0.0,0.4,0.0,-10.9,-12.9,0.0155,16.0,25903.0
2026-07-30T18:58:16.234Z,65.717,65.73,-7.5,7.4,0.0,0.0,0.0,0.0,0.0,1.0,1.0,0.0,1.0,0.0,0.0,0.0,8.0,6.0,0.0,0.0,0.0,0.0,0.0,0.0,0.0,0.0,6.0,12.0,1.0,12.04,5.01,2.51,1.5,-2.2,0.3,2.2,301.0,-0.1,-12.6,1.1,10.4,-82.4,0.0,0.0,219.8,0.0,22.200000000000003,34.4,34.4,37.7,300.0,300.0,30.1,36.5,35.0,34.800000000000004,37.0,4.96,1.99,4.96,0.16,0.0,0.0,1027.0,8228.0,0.0,0.0,0.0,0.0,0.0,1.0,0.0,0.0,0.0,-0.001,0.0,-1.0,0.0,-12.7,-12.8,0.0156,16.0,25903.0
2026-07-30T18:58:16.246Z,65.729,65.742,-7.5,7.4,0.0,0.0,0.0,0.0,0.0,1.0,1.0,0.0,1.0,0.0,0.0,0.0,8.0,6.0,0.0,0.0,0.0,0.0,0.0,0.0,0.0,0.0,1.0,12.0,1.0,12.04,5.01,2.51,1.5,-2.2,0.3,2.2,301.0,-0.1,-12.0,1.7000000000000002,9.9,-82.4,0.0,0.0,219.9,0.0,22.200000000000003,34.4,34.4,37.7,300.0,300.0,30.1,36.5,35.0,34.800000000000004,37.0,4.96,2.0,4.96,0.16,0.0,0.0,1027.0,8228.0,0.0,0.0,0.0,0.0,0.0,1.0,0.0,0.0,0.0,-0.001,0.0,-0.4,0.0,-12.5,-12.7,0.0151,16.0,25903.0
2026-07-30T18:58:16.258Z,65.741,65.754,-7.4,7.4,0.0,0.0,0.0,0.0,0.0,1.0,1.0,0.0,1.0,0.0,0.0,0.0,8.0,6.0,0.0,0.0,0.0,0.0,0.0,0.0,0.0,0.0,2.0,12.0,1.0,12.04,5.01,2.51,1.5,-2.3000000000000003,0.3,2.3000000000000003,301.0,-0.1,-12.0,1.1,8.700000000000001,-82.4,0.0,0.0,219.9,0.0,22.200000000000003,34.4,34.4,37.7,300.0,300.0,30.1,36.5,35.0,34.800000000000004,37.0,4.95,2.0,4.96,0.16,0.0,0.0,1027.0,8228.0,0.0,0.0,0.0,0.0,0.0,1.0,0.0,0.0,0.0,-0.001,0.0,-0.7000000000000001,0.0,-10.7,-12.7,0.0151,16.0,25903.0
2026-07-30T18:58:16.271Z,65.754,65.766,-7.5,7.4,0.0,0.0,0.0,0.0,0.0,1.0,1.0,0.0,1.0,0.0,0.0,0.0,8.0,6.0,0.0,0.0,0.0,0.0,0.0,0.0,0.0,0.0,3.0,12.0,1.0,12.04,5.01,2.51,1.5,-2.2,0.2,2.3000000000000003,300.90000000000003,-0.1,-12.6,2.3000000000000003,8.1,-82.4,0.0,0.0,219.9,0.0,22.200000000000003,34.4,34.4,37.7,300.0,300.0,30.1,36.5,35.0,34.800000000000004,37.0,4.95,2.0,4.96,0.16,0.0,0.0,1027.0,8228.0,0.0,0.0,0.0,0.0,0.0,1.0,0.0,0.0,0.0,-0.001,0.0,0.4,0.0,-10.9,-12.8,0.0156,16.0,25903.0
2026-07-30T18:58:16.282Z,65.765,65.778,-7.4,7.4,0.0,0.0,0.0,0.0,0.0,1.0,1.0,0.0,1.0,0.0,0.0,0.0,8.0,6.0,0.0,0.0,0.0,0.0,0.0,0.0,0.0,0.0,4.0,12.0,1.0,12.04,5.01,2.51,1.5,-2.3000000000000003,0.3,2.3000000000000003,301.0,-0.1,-13.2,0.0,9.3,-82.4,0.0,0.0,219.9,0.0,22.200000000000003,34.4,34.4,37.7,300.0,300.0,30.1,36.5,35.0,34.800000000000004,37.0,4.96,2.0,4.96,0.16,0.0,0.0,1027.0,8228.0,0.0,0.0,0.0,0.0,0.0,1.0,0.0,0.0,0.0,-0.001,0.0,-1.8,0.0,-10.5,-12.7,0.0153,16.0,25903.0
2026-07-30T18:58:16.296Z,65.779,65.79,-7.4,7.4,0.0,0.0,0.0,0.0,0.0,1.0,1.0,0.0,1.0,0.0,0.0,0.0,8.0,6.0,0.0,0.0,0.0,0.0,0.0,0.0,0.0,0.0,5.0,12.0,1.0,12.05,5.01,2.51,1.49,-2.2,0.3,2.3000000000000003,301.1,-0.1,-12.6,1.1,9.3,-82.5,0.0,0.0,219.8,0.0,22.1,34.4,34.4,37.7,300.0,300.0,30.0,36.3,35.0,34.800000000000004,37.0,4.96,2.0,4.97,0.16,0.0,0.0,1027.0,8228.0,0.0,0.0,0.0,0.0,0.0,1.0,0.0,0.0,0.0,-0.001,0.0,-0.7000000000000001,0.0,-11.4,-12.8,0.0156,16.0,25903.0
2026-07-30T18:58:16.306Z,65.789,65.802,-7.4,7.4,0.0,0.0,0.0,0.0,0.0,1.0,1.0,0.0,1.0,0.0,0.0,0.0,8.0,6.0,0.0,0.0,0.0,0.0,0.0,0.0,0.0,0.0,1.0,12.0,1.0,12.05,5.01,2.51,1.49,-2.3000000000000003,0.3,2.3000000000000003,300.90000000000003,-0.1,-13.2,1.1,9.3,-82.5,0.0,0.0,219.9,0.0,22.1,34.4,34.4,37.7,300.0,300.0,30.0,36.3,35.0,34.800000000000004,37.0,4.95,2.0,4.97,0.16,0.0,0.0,1027.0,8228.0,0.0,0.0,0.0,0.0,0.0,1.0,0.0,0.0,0.0,-0.001,0.0,-0.8,0.0,-11.4,-12.8,0.0154,16.0,25903.0
2026-07-30T18:58:16.318Z,65.801,65.81400000000001,-7.4,7.4,0.0,0.0,0.0,0.0,0.0,1.0,1.0,0.0,1.0,0.0,0.0,0.0,8.0,6.0,0.0,0.0,0.0,0.0,0.0,0.0,0.0,0.0,2.0,12.0,1.0,12.05,5.01,2.51,1.49,-2.1,0.2,2.1,301.0,-0.1,-11.4,2.9000000000000004,12.2,-82.5,0.0,0.0,219.8,0.0,22.1,34.4,34.4,37.7,300.0,300.0,30.0,36.3,35.0,34.800000000000004,37.0,4.95,2.0,4.96,0.16,0.0,0.0,1027.0,8228.0,0.0,0.0,0.0,0.0,0.0,1.0,0.0,0.0,0.0,-0.001,0.0,0.1,0.0,-16.0,-12.8,0.0155,16.0,25903.0
2026-07-30T18:58:16.330Z,65.813,65.82600000000001,-7.5,7.4,0.0,0.0,0.0,0.0,0.0,1.0,1.0,0.0,1.0,0.0,0.0,0.0,8.0,6.0,0.0,0.0,0.0,0.0,0.0,0.0,0.0,0.0,3.0,12.0,1.0,12.05,5.01,2.51,1.49,-2.2,0.2,2.2,301.0,-0.1,-10.9,2.3000000000000003,10.4,-82.5,0.0,0.0,219.8,0.0,22.1,34.4,34.4,37.7,300.0,300.0,30.0,36.3,35.0,34.800000000000004,37.0,4.95,2.0,4.97,0.16,0.0,0.0,1027.0,8228.0,0.0,0.0,0.0,0.0,0.0,1.0,0.0,0.0,0.0,-0.001,0.0,0.0,0.0,-13.6,-12.8,0.0144,16.0,25903.0
2026-07-30T18:58:16.342Z,65.825,65.83800000000001,-7.5,7.4,0.0,0.0,0.0,0.0,0.0,1.0,1.0,0.0,1.0,0.0,0.0,0.0,8.0,6.0,0.0,0.0,0.0,0.0,0.0,0.0,0.0,0.0,4.0,12.0,1.0,12.05,5.01,2.51,1.49,-2.2,0.2,2.2,300.90000000000003,-0.1,-11.4,2.3000000000000003,9.9,-82.5,0.0,0.0,219.9,0.0,22.1,34.4,34.4,37.7,300.0,300.0,30.0,36.3,35.0,34.800000000000004,37.0,4.95,2.0,4.96,0.16,0.0,0.0,1027.0,8228.0,0.0,0.0,0.0,0.0,0.0,1.0,0.0,0.0,0.0,-0.001,0.0,0.1,0.0,-12.7,-12.7,0.0146,16.0,25903.0
2026-07-30T18:58:16.354Z,65.837,65.85,-7.5,7.4,0.0,0.0,0.0,0.0,0.0,1.0,1.0,0.0,1.0,0.0,0.0,0.0,8.0,6.0,0.0,0.0,0.0,0.0,0.0,0.0,0.0,0.0,5.0,12.0,1.0,12.05,5.01,2.51,1.49,-2.2,0.2,2.2,301.1,-0.1,-10.3,2.9000000000000004,9.3,-82.5,0.0,0.0,219.8,0.0,22.1,34.4,34.4,37.7,300.0,300.0,30.0,36.3,35.0,34.800000000000004,37.0,4.95,2.0,4.96,0.16,0.0,0.0,1027.0,8228.0,0.0,0.0,0.0,0.0,0.0,1.0,0.0,0.0,0.0,-0.001,0.0,0.7000000000000001,0.0,-12.7,-12.8,0.0151,16.0,25903.0
2026-07-30T18:58:16.366Z,65.849,65.862,-7.5,7.4,0.0,0.0,0.0,0.0,0.0,1.0,1.0,0.0,1.0,0.0,0.0,0.0,8.0,6.0,0.0,0.0,0.0,0.0,0.0,0.0,0.0,0.0,6.0,12.0,1.0,12.05,5.01,2.51,1.49,-2.1,0.2,2.1,301.1,-0.1,-10.9,4.0,11.0,-82.5,0.0,0.0,219.8,0.0,22.1,34.4,34.4,37.7,300.0,300.0,30.0,36.3,35.0,34.800000000000004,37.0,4.95,2.0,4.96,0.16,0.0,0.0,1027.0,8228.0,0.0,0.0,0.0,0.0,0.0,1.0,0.0,0.0,0.0,-0.001,0.0,1.4,0.0,-15.6,-12.8,0.0151,16.0,25903.0
2026-07-30T18:58:16.378Z,65.861,65.874,-7.5,7.4,0.0,0.0,0.0,0.0,0.0,1.0,1.0,0.0,1.0,0.0,0.0,0.0,8.0,6.0,0.0,0.0,0.0,0.0,0.0,0.0,0.0,0.0,1.0,12.0,1.0,12.05,5.01,2.51,1.49,-2.2,0.2,2.2,300.90000000000003,-0.1,-11.4,2.3000000000000003,9.9,-82.5,0.0,0.0,219.9,0.0,22.1,34.4,34.4,37.7,300.0,300.0,30.0,36.3,35.0,34.800000000000004,37.0,4.95,2.0,4.96,0.16,0.0,0.0,1027.0,8228.0,0.0,0.0,0.0,0.0,0.0,1.0,0.0,0.0,0.0,-0.001,0.0,0.0,0.0,-12.9,-12.7,0.0149,16.0,25903.0
2026-07-30T18:58:16.391Z,65.874,65.886,-7.4,7.4,0.0,0.0,0.0,0.0,0.0,1.0,1.0,0.0,1.0,0.0,0.0,0.0,8.0,6.0,0.0,0.0,0.0,0.0,0.0,0.0,0.0,0.0,2.0,12.0,1.0,12.05,5.01,2.51,1.49,-2.2,0.2,2.2,301.1,-0.1,-11.4,3.5,9.3,-82.5,0.0,0.0,219.7,0.0,22.1,34.4,34.4,37.7,300.0,300.0,30.0,36.3,35.0,34.800000000000004,37.0,4.95,2.0,4.97,0.16,0.0,0.0,1027.0,8228.0,0.0,0.0,0.0,0.0,0.0,1.0,0.0,0.0,0.0,-0.001,0.0,1.2000000000000002,0.0,-13.1,-12.7,0.0154,16.0,25903.0
2026-07-30T18:58:16.403Z,65.886,65.898,-7.4,7.4,0.0,0.0,0.0,0.0,0.0,1.0,1.0,0.0,1.0,0.0,0.0,0.0,8.0,6.0,0.0,0.0,0.0,0.0,0.0,0.0,0.0,0.0,4.0,12.0,1.0,12.06,5.0200000000000005,2.5,1.49,-2.1,0.2,2.2,301.1,-0.1,-10.3,4.0,11.0,-82.4,0.0,0.0,219.7,0.0,22.1,34.4,34.4,37.7,300.0,300.0,30.1,36.3,35.0,34.800000000000004,37.0,4.96,2.0,4.97,0.16,0.0,0.0,1027.0,8228.0,0.0,0.0,0.0,0.0,0.0,1.0,0.0,0.0,0.0,-0.001,0.0,1.4,0.0,-15.6,-12.8,0.0156,16.0,25903.0
2026-07-30T18:58:16.414Z,65.897,65.91,-7.5,7.4,0.0,0.0,0.0,0.0,0.0,1.0,1.0,0.0,1.0,0.0,0.0,0.0,8.0,6.0,0.0,0.0,0.0,0.0,0.0,0.0,0.0,0.0,5.0,12.0,1.0,12.06,5.0200000000000005,2.5,1.49,-2.2,0.2,2.2,301.0,-0.1,-11.4,2.9000000000000004,8.700000000000001,-82.4,0.0,0.0,219.7,0.0,22.1,34.4,34.4,37.7,300.0,300.0,30.1,36.3,35.0,34.800000000000004,37.0,4.95,2.0,4.96,0.16,0.0,0.0,1027.0,8228.0,0.0,0.0,0.0,0.0,0.0,1.0,0.0,0.0,0.0,-0.001,0.0,0.0,0.0,-10.5,-12.8,0.0161,16.0,25903.0
2026-07-30T18:58:16.426Z,65.909,65.922,-7.5,7.4,0.0,0.0,0.0,0.0,0.0,1.0,1.0,0.0,1.0,0.0,0.0,0.0,8.0,6.0,0.0,0.0,0.0,0.0,0.0,0.0,0.0,0.0,6.0,12.0,1.0,12.06,5.0200000000000005,2.5,1.49,-2.2,0.3,2.3000000000000003,301.0,-0.1,-10.9,1.7000000000000002,9.9,-82.4,0.0,0.0,219.8,0.0,22.1,34.4,34.4,37.7,300.0,300.0,30.1,36.3,35.0,34.800000000000004,37.0,4.96,2.0,4.97,0.16,0.0,0.0,1027.0,8228.0,0.0,0.0,0.0,0.0,0.0,1.0,0.0,0.0,0.0,-0.001,0.0,-1.3,0.0,-11.0,-12.7,0.0156,16.0,25903.0
2026-07-30T18:58:16.438Z,65.921,65.934,-7.5,7.4,0.0,0.0,0.0,0.0,0.0,1.0,1.0,0.0,1.0,0.0,0.0,0.0,8.0,6.0,0.0,0.0,0.0,0.0,0.0,0.0,0.0,0.0,1.0,12.0,1.0,12.06,5.0200000000000005,2.5,1.49,-2.3000000000000003,0.2,2.3000000000000003,301.0,-0.1,-11.4,2.9000000000000004,9.9,-82.4,0.0,0.0,219.9,0.0,22.1,34.4,34.4,37.7,300.0,300.0,30.1,36.3,35.0,34.800000000000004,37.0,4.96,2.0,4.96,0.16,0.0,0.0,1027.0,8228.0,0.0,0.0,0.0,0.0,0.0,1.0,0.0,0.0,0.0,-0.001,0.0,0.0,0.0,-9.8,-12.7,0.0154,16.0,25903.0
2026-07-30T18:58:16.450Z,65.933,65.946,-7.5,7.4,0.0,0.0,0.0,0.0,0.0,1.0,1.0,0.0,1.0,0.0,0.0,0.0,8.0,6.0,0.0,0.0,0.0,0.0,0.0,0.0,0.0,0.0,2.0,12.0,1.0,12.06,5.0200000000000005,2.5,1.49,-2.3000000000000003,0.3,2.3000000000000003,301.1,-0.1,-12.6,1.7000000000000002,8.1,-82.4,0.0,0.0,219.9,0.0,22.1,34.4,34.4,37.7,300.0,300.0,30.1,36.3,35.0,34.800000000000004,37.0,4.96,2.0,4.96,0.16,0.0,0.0,1027.0,8228.0,0.0,0.0,0.0,0.0,0.0,1.0,0.0,0.0,0.0,-0.001,0.0,0.0,0.0,-10.5,-12.7,0.0156,16.0,25903.0
2026-07-30T18:58:16.462Z,65.945,65.958,-7.4,7.4,0.0,0.0,0.0,0.0,0.0,1.0,1.0,0.0,1.0,0.0,0.0,0.0,8.0,6.0,0.0,0.0,0.0,0.0,0.0,0.0,0.0,0.0,3.0,12.0,1.0,12.06,5.0200000000000005,2.5,1.49,-2.2,0.2,2.3000000000000003,301.0,-0.1,-12.6,2.3000000000000003,8.1,-82.4,0.0,0.0,219.9,0.0,22.1,34.4,34.4,37.7,300.0,300.0,30.1,36.3,35.0,34.800000000000004,37.0,4.95,2.0,4.96,0.16,0.0,0.0,1027.0,8228.0,0.0,0.0,0.0,0.0,0.0,1.0,0.0,0.0,0.0,-0.001,0.0,0.4,0.0,-10.9,-12.8,0.0155,16.0,25903.0
2026-07-30T18:58:16.475Z,65.958,65.97,-7.5,7.4,0.0,0.0,0.0,0.0,0.0,1.0,1.0,0.0,1.0,0.0,0.0,0.0,8.0,6.0,0.0,0.0,0.0,0.0,0.0,0.0,0.0,0.0,4.0,12.0,1.0,12.06,5.0200000000000005,2.5,1.49,-2.2,0.3,2.3000000000000003,301.0,-0.1,-12.6,0.0,9.9,-82.4,0.0,0.0,219.8,0.0,22.1,34.4,34.4,37.7,300.0,300.0,30.1,36.3,35.0,34.800000000000004,37.0,4.95,2.0,4.96,0.16,0.0,0.0,1027.0,8228.0,0.0,0.0,0.0,0.0,0.0,1.0,0.0,0.0,0.0,-0.001,0.0,-1.9,0.0,-11.2,-12.8,0.0154,16.0,25903.0
2026-07-30T18:58:16.487Z,65.97,65.982,-7.5,7.4,0.0,0.0,0.0,0.0,0.0,1.0,1.0,0.0,1.0,0.0,0.0,0.0,8.0,6.0,0.0,0.0,0.0,0.0,0.0,0.0,0.0,0.0,5.0,12.0,1.0,12.06,5.0200000000000005,2.5,1.49,-2.2,0.3,2.2,301.1,-0.1,-12.0,1.7000000000000002,10.4,-82.4,0.0,0.0,219.7,0.0,22.1,34.4,34.4,37.7,300.0,300.0,30.1,36.3,35.0,34.800000000000004,37.0,4.95,2.0,4.96,0.16,0.0,0.0,1027.0,8228.0,0.0,0.0,0.0,0.0,0.0,1.0,0.0,0.0,0.0,-0.001,0.0,-0.4,0.0,-13.2,-12.7,0.0154,16.0,25903.0
2026-07-30T18:58:16.500Z,65.983,65.994,-7.4,7.4,0.0,0.0,0.0,0.0,0.0,1.0,1.0,0.0,1.0,0.0,0.0,0.0,8.0,6.0,0.0,0.0,0.0,0.0,0.0,0.0,0.0,0.0,6.0,12.0,1.0,12.06,5.0200000000000005,2.51,1.49,-2.3000000000000003,0.3,2.3000000000000003,301.0,-0.1,-12.0,1.1,8.1,-82.4,0.0,0.0,219.7,0.0,22.1,34.4,34.4,37.7,300.0,300.0,30.200000000000003,36.5,35.0,34.800000000000004,37.0,4.96,2.0,4.96,0.16,0.0,0.0,1027.0,8228.0,0.0,0.0,0.0,0.0,0.0,1.0,0.0,0.0,0.0,-0.001,0.0,-0.5,0.0,-10.1,-12.7,0.0148,16.0,25903.0
2026-07-30T18:58:16.511Z,65.994,66.006,-7.4,7.4,0.0,0.0,0.0,0.0,0.0,1.0,1.0,0.0,1.0,0.0,0.0,0.0,8.0,6.0,0.0,0.0,0.0,0.0,0.0,0.0,0.0,0.0,1.0,12.0,1.0,12.06,5.0200000000000005,2.51,1.49,-2.2,0.3,2.2,301.0,-0.1,-12.0,1.7000000000000002,10.4,-82.4,0.0,0.0,219.8,0.0,22.1,34.4,34.4,37.7,300.0,300.0,30.200000000000003,36.5,35.0,34.800000000000004,37.0,4.95,2.0,4.96,0.16,0.0,0.0,1027.0,8228.0,0.0,0.0,0.0,0.0,0.0,1.0,0.0,0.0,0.0,-0.001,0.0,-0.4,0.0,-13.2,-12.8,0.0157,16.0,25903.0
2026-07-30T18:58:16.524Z,66.007,66.018,-7.5,7.4,0.0,0.0,0.0,0.0,0.0,1.0,1.0,0.0,1.0,0.0,0.0,0.0,8.0,6.0,0.0,0.0,0.0,0.0,0.0,0.0,0.0,0.0,2.0,12.0,1.0,12.06,5.0200000000000005,2.51,1.49,-2.3000000000000003,0.2,2.3000000000000003,301.1,-0.1,-11.4,1.7000000000000002,8.1,-82.4,0.0,0.0,219.8,0.0,22.1,34.4,34.4,37.7,300.0,300.0,30.200000000000003,36.5,35.0,34.800000000000004,37.0,4.96,2.0,4.96,0.16,0.0,0.0,1027.0,8228.0,0.0,0.0,0.0,0.0,0.0,1.0,0.0,0.0,0.0,-0.001,0.0,0.0,0.0,-10.5,-12.8,0.015,16.0,25903.0
2026-07-30T18:58:16.534Z,66.017,66.03,-7.5,7.4,0.0,0.0,0.0,0.0,0.0,1.0,1.0,0.0,1.0,0.0,0.0,0.0,8.0,6.0,0.0,0.0,0.0,0.0,0.0,0.0,0.0,0.0,1.0,12.0,1.0,12.06,5.0200000000000005,2.51,1.49,-2.2,0.2,2.2,301.1,-0.1,-11.4,2.9000000000000004,9.9,-82.30000000000001,0.0,0.0,219.8,0.0,22.1,34.4,34.4,37.7,300.0,300.0,30.200000000000003,36.5,35.0,34.800000000000004,37.0,4.96,2.0,4.97,0.16,0.0,0.0,1027.0,8228.0,0.0,0.0,0.0,0.0,0.0,1.0,0.0,0.0,0.0,-0.001,0.0,0.6000000000000001,0.0,-13.4,-12.7,0.0155,16.0,25903.0
2026-07-30T18:58:16.546Z,66.029,66.042,-7.4,7.4,0.0,0.0,0.0,0.0,0.0,1.0,1.0,0.0,1.0,0.0,0.0,0.0,8.0,6.0,0.0,0.0,0.0,0.0,0.0,0.0,0.0,0.0,2.0,12.0,1.0,12.06,5.0200000000000005,2.51,1.49,-2.1,0.2,2.1,301.1,-0.1,-11.4,3.5,10.4,-82.30000000000001,0.0,0.0,219.8,0.0,22.1,34.4,34.4,37.7,300.0,300.0,30.200000000000003,36.5,35.0,34.800000000000004,37.0,4.95,2.0,4.97,0.16,0.0,0.0,1027.0,8228.0,0.0,0.0,0.0,0.0,0.0,1.0,0.0,0.0,0.0,-0.001,0.0,1.0,0.0,-14.5,-12.7,0.0148,16.0,25903.0
2026-07-30T18:58:16.559Z,66.042,66.054,-7.4,7.4,0.0,0.0,0.0,0.0,0.0,1.0,1.0,0.0,1.0,0.0,0.0,0.0,8.0,6.0,0.0,0.0,0.0,0.0,0.0,0.0,0.0,0.0,3.0,12.0,1.0,12.06,5.0200000000000005,2.51,1.49,-2.2,0.2,2.2,301.0,-0.1,-10.9,2.9000000000000004,9.9,-82.30000000000001,0.0,0.0,219.8,0.0,22.1,34.4,34.4,37.7,300.0,300.0,30.200000000000003,36.5,35.0,34.800000000000004,37.0,4.95,2.0,4.96,0.16,0.0,0.0,1027.0,8228.0,0.0,0.0,0.0,0.0,0.0,1.0,0.0,0.0,0.0,-0.001,0.0,0.6000000000000001,0.0,-13.4,-12.8,0.0146,16.0,25903.0
2026-07-30T18:58:16.571Z,66.054,66.066,-7.5,7.4,0.0,0.0,0.0,0.0,0.0,1.0,1.0,0.0,1.0,0.0,0.0,0.0,8.0,6.0,0.0,0.0,0.0,0.0,0.0,0.0,0.0,0.0,4.0,12.0,1.0,12.06,5.0200000000000005,2.51,1.49,-2.1,0.2,2.1,301.1,-0.1,-9.7,2.9000000000000004,11.0,-82.30000000000001,0.0,0.0,219.8,0.0,22.1,34.4,34.4,37.7,300.0,300.0,30.200000000000003,36.5,35.0,34.800000000000004,37.0,4.95,2.0,4.96,0.16,0.0,0.0,1027.0,8228.0,0.0,0.0,0.0,0.0,0.0,1.0,0.0,0.0,0.0,-0.001,0.0,0.4,0.0,-14.7,-12.8,0.0149,16.0,25903.0
2026-07-30T18:58:16.585Z,66.068,66.078,-7.4,7.4,0.0,0.0,0.0,0.0,0.0,1.0,1.0,0.0,1.0,0.0,0.0,0.0,8.0,6.0,0.0,0.0,0.0,0.0,0.0,0.0,0.0,0.0,6.0,12.0,1.0,12.06,5.0200000000000005,2.51,1.49,-2.2,0.2,2.2,301.1,-0.1,-10.9,2.9000000000000004,10.4,-82.30000000000001,0.0,0.0,219.9,0.0,22.1,34.4,34.4,37.7,300.0,300.0,30.200000000000003,36.5,35.0,34.800000000000004,37.0,4.95,2.0,4.97,0.16,0.0,0.0,1027.0,8228.0,0.0,0.0,0.0,0.0,0.0,1.0,0.0,0.0,0.0,-0.001,0.0,0.5,0.0,-14.0,-12.8,0.0145,16.0,25903.0
2026-07-30T18:58:16.595Z,66.078,66.09,-7.4,7.4,0.0,0.0,0.0,0.0,0.0,1.0,1.0,0.0,1.0,0.0,0.0,0.0,8.0,6.0,0.0,0.0,0.0,0.0,0.0,0.0,0.0,0.0,5.0,12.0,1.0,12.06,5.0200000000000005,2.51,1.49,-2.2,0.2,2.3000000000000003,300.90000000000003,-0.1,-11.4,2.3000000000000003,9.3,-82.4,0.0,0.0,219.8,0.0,22.1,34.4,34.4,37.7,300.0,300.0,30.200000000000003,36.5,35.0,34.800000000000004,37.0,4.96,2.0,4.97,0.16,0.0,0.0,1027.0,8228.0,0.0,0.0,0.0,0.0,0.0,1.0,0.0,0.0,0.0,-0.001,0.0,0.2,0.0,-12.3,-12.8,0.0148,16.0,25903.0
2026-07-30T18:58:16.607Z,66.09,66.102,-7.5,7.4,0.0,0.0,0.0,0.0,0.0,1.0,1.0,0.0,1.0,0.0,0.0,0.0,8.0,6.0,0.0,0.0,0.0,0.0,0.0,0.0,0.0,0.0,6.0,12.0,1.0,12.06,5.01,2.5,1.49,-2.2,0.2,2.2,301.0,-0.1,-12.6,3.5,9.9,-82.4,0.0,0.0,219.8,0.0,22.1,34.4,34.4,37.8,300.0,300.0,30.0,36.5,35.1,34.800000000000004,37.0,4.96,2.0,4.96,0.16,0.0,0.0,1027.0,8228.0,0.0,0.0,0.0,0.0,0.0,1.0,0.0,0.0,0.0,-0.001,0.0,1.1,0.0,-13.8,-12.9,0.0154,16.0,25903.0
2026-07-30T18:58:16.618Z,66.101,66.114,-7.5,7.4,0.0,0.0,0.0,0.0,0.0,1.0,1.0,0.0,1.0,0.0,0.0,0.0,8.0,6.0,0.0,0.0,0.0,0.0,0.0,0.0,0.0,0.0,2.0,12.0,1.0,12.06,5.01,2.5,1.49,-2.2,0.2,2.3000000000000003,301.1,-0.1,-11.4,2.3000000000000003,8.700000000000001,-82.4,0.0,0.0,219.8,0.0,22.1,34.4,34.4,37.8,300.0,300.0,30.0,36.5,35.1,34.800000000000004,37.0,4.95,2.0,4.96,0.16,0.0,0.0,1027.0,8228.0,0.0,0.0,0.0,0.0,0.0,1.0,0.0,0.0,0.0,-0.001,0.0,0.3,0.0,-11.6,-12.8,0.0149,16.0,25903.0
2026-07-30T18:58:16.630Z,66.113,66.126,-7.5,7.4,0.0,0.0,0.0,0.0,0.0,1.0,1.0,0.0,1.0,0.0,0.0,0.0,8.0,6.0,0.0,0.0,0.0,0.0,0.0,0.0,0.0,0.0,3.0,12.0,1.0,12.06,5.01,2.5,1.49,-2.2,0.2,2.2,301.0,-0.1,-10.9,2.9000000000000004,10.4,-82.4,0.0,0.0,219.8,0.0,22.1,34.4,34.4,37.8,300.0,300.0,30.0,36.5,35.1,34.800000000000004,37.0,4.95,2.0,4.96,0.16,0.0,0.0,1027.0,8228.0,0.0,0.0,0.0,0.0,0.0,1.0,0.0,0.0,0.0,-0.001,0.0,0.5,0.0,-14.0,-12.7,0.0153,16.0,25903.0
2026-07-30T18:58:16.642Z,66.125,66.138,-7.4,7.4,0.0,0.0,0.0,0.0,0.0,1.0,1.0,0.0,1.0,0.0,0.0,0.0,8.0,6.0,0.0,0.0,0.0,0.0,0.0,0.0,0.0,0.0,4.0,12.0,1.0,12.06,5.01,2.5,1.49,-2.2,0.3,2.2,301.0,-0.1,-12.0,2.3000000000000003,9.9,-82.4,0.0,0.0,219.8,0.0,22.1,34.4,34.4,37.8,300.0,300.0,30.0,36.5,35.1,34.800000000000004,37.0,4.95,2.0,4.96,0.16,0.0,0.0,1027.0,8228.0,0.0,0.0,0.0,0.0,0.0,1.0,0.0,0.0,0.0,-0.001,0.0,0.1,0.0,-12.9,-12.8,0.0148,16.0,25903.0
2026-07-30T18:58:16.655Z,66.138,66.15,-7.4,7.4,0.0,0.0,0.0,0.0,0.0,1.0,1.0,0.0,1.0,0.0,0.0,0.0,8.0,6.0,0.0,0.0,0.0,0.0,0.0,0.0,0.0,0.0,5.0,12.0,1.0,12.06,5.01,2.5,1.49,-2.4000000000000004,0.3,2.4000000000000004,301.1,-0.1,-12.6,0.5,7.5,-82.4,0.0,0.0,219.7,0.0,22.1,34.4,34.4,37.8,300.0,300.0,30.0,36.5,35.1,34.800000000000004,37.0,4.95,2.0,4.96,0.16,0.0,0.0,1027.0,8228.0,0.0,0.0,0.0,0.0,0.0,1.0,0.0,0.0,0.0,-0.001,0.0,-0.9,0.0,-9.0,-12.8,0.0152,16.0,25903.0
2026-07-30T18:58:16.666Z,66.149,66.162,-7.5,7.4,0.0,0.0,0.0,0.0,0.0,1.0,1.0,0.0,1.0,0.0,0.0,0.0,8.0,6.0,0.0,0.0,0.0,0.0,0.0,0.0,0.0,0.0,6.0,12.0,1.0,12.06,5.01,2.5,1.49,-2.2,0.3,2.2,301.0,-0.1,-12.0,1.7000000000000002,11.0,-82.4,0.0,0.0,219.7,0.0,22.1,34.4,34.4,37.8,300.0,300.0,30.0,36.5,35.1,34.800000000000004,37.0,4.95,2.0,4.96,0.16,0.0,0.0,1027.0,8228.0,0.0,0.0,0.0,0.0,0.0,1.0,0.0,0.0,0.0,-0.001,0.0,-0.6000000000000001,0.0,-13.8,-12.9,0.0161,16.0,25903.0
2026-07-30T18:58:16.678Z,66.161,66.174,-7.5,7.4,0.0,0.0,0.0,0.0,0.0,1.0,1.0,0.0,1.0,0.0,0.0,0.0,8.0,6.0,0.0,0.0,0.0,0.0,0.0,0.0,0.0,0.0,1.0,12.0,1.0,12.06,5.01,2.5,1.49,-2.2,0.2,2.2,301.1,-0.1,-11.4,2.3000000000000003,9.9,-82.4,0.0,0.0,219.7,0.0,22.1,34.4,34.4,37.8,300.0,300.0,30.0,36.5,35.1,34.800000000000004,37.0,4.95,2.0,4.96,0.16,0.0,0.0,1027.0,8228.0,0.0,0.0,0.0,0.0,0.0,1.0,0.0,0.0,0.0,-0.001,0.0,0.1,0.0,-12.9,-12.7,0.0148,16.0,25903.0
2026-07-30T18:58:16.690Z,66.173,66.186,-7.4,7.4,0.0,0.0,0.0,0.0,0.0,1.0,1.0,0.0,1.0,0.0,0.0,0.0,8.0,6.0,0.0,0.0,0.0,0.0,0.0,0.0,0.0,0.0,2.0,12.0,1.0,12.06,5.01,2.5,1.49,-2.2,0.2,2.2,301.1,-0.1,-11.4,4.0,10.4,-82.4,0.0,0.0,219.7,0.0,22.1,34.4,34.4,37.8,300.0,300.0,30.0,36.5,35.1,34.800000000000004,37.0,4.95,2.0,4.96,0.16,0.0,0.0,1027.0,8228.0,0.0,0.0,0.0,0.0,0.0,1.0,0.0,0.0,0.0,-0.001,0.0,1.5,0.0,-14.9,-12.7,0.0151,16.0,25903.0
2026-07-30T18:58:16.704Z,66.187,66.19800000000001,-7.4,7.4,0.0,0.0,0.0,0.0,0.0,1.0,1.0,0.0,1.0,0.0,0.0,0.0,8.0,6.0,0.0,0.0,0.0,0.0,0.0,0.0,0.0,0.0,3.0,12.0,1.0,12.05,5.0200000000000005,2.5,1.49,-2.2,0.3,2.3000000000000003,301.0,0.0,-12.0,1.7000000000000002,9.3,-82.4,0.0,0.0,219.7,0.0,22.1,34.4,34.4,37.8,300.0,300.0,29.9,36.6,35.1,34.800000000000004,37.0,4.95,2.0,4.96,0.16,0.0,0.0,1027.0,8228.0,0.0,0.0,0.0,0.0,0.0,1.0,0.0,0.0,0.0,-0.001,0.0,-0.2,0.0,-11.8,-12.8,0.0147,16.0,25903.0
2026-07-30T18:58:16.714Z,66.197,66.21000000000001,-7.4,7.4,0.0,0.0,0.0,0.0,0.0,1.0,1.0,0.0,1.0,0.0,0.0,0.0,8.0,6.0,0.0,0.0,0.0,0.0,0.0,0.0,0.0,0.0,4.0,12.0,1.0,12.05,5.0200000000000005,2.5,1.49,-2.3000000000000003,0.3,2.3000000000000003,301.0,-0.1,-12.0,1.7000000000000002,8.700000000000001,-82.4,0.0,0.0,219.7,0.0,22.1,34.4,34.4,37.8,300.0,300.0,29.9,36.6,35.1,34.800000000000004,37.0,4.96,2.0,4.96,0.16,0.0,0.0,1027.0,8228.0,0.0,0.0,0.0,0.0,0.0,1.0,0.0,0.0,0.0,-0.001,0.0,-0.1,0.0,-11.2,-12.8,0.0154,16.0,25903.0
2026-07-30T18:58:16.726Z,66.209,66.22200000000001,-7.4,7.4,0.0,0.0,0.0,0.0,0.0,1.0,1.0,0.0,1.0,0.0,0.0,0.0,8.0,6.0,0.0,0.0,0.0,0.0,0.0,0.0,0.0,0.0,5.0,12.0,1.0,12.05,5.0200000000000005,2.5,1.49,-2.2,0.2,2.2,301.1,-0.1,-13.2,2.3000000000000003,9.9,-82.4,0.0,0.0,219.7,0.0,22.1,34.4,34.4,37.8,300.0,300.0,29.9,36.6,35.1,34.800000000000004,37.0,4.96,2.0,4.96,0.16,0.0,0.0,1027.0,8228.0,0.0,0.0,0.0,0.0,0.0,1.0,0.0,0.0,0.0,-0.001,0.0,0.1,0.0,-12.9,-12.8,0.0155,16.0,25903.0
2026-07-30T18:58:16.739Z,66.222,66.234,-7.4,7.4,0.0,0.0,0.0,0.0,0.0,1.0,1.0,0.0,1.0,0.0,0.0,0.0,8.0,6.0,0.0,0.0,0.0,0.0,0.0,0.0,0.0,0.0,6.0,12.0,1.0,12.05,5.0200000000000005,2.5,1.49,-2.3000000000000003,0.3,2.3000000000000003,301.0,-0.1,-12.6,1.7000000000000002,9.3,-82.4,0.0,0.0,219.8,0.0,22.1,34.4,34.4,37.8,300.0,300.0,29.9,36.6,35.1,34.800000000000004,37.0,4.96,2.0,4.96,0.16,0.0,0.0,1027.0,8228.0,0.0,0.0,0.0,0.0,0.0,1.0,0.0,0.0,0.0,-0.001,0.0,-0.2,0.0,-11.8,-12.8,0.0152,16.0,25903.0
2026-07-30T18:58:16.751Z,66.234,66.246,-7.5,7.4,0.0,0.0,0.0,0.0,0.0,1.0,1.0,0.0,1.0,0.0,0.0,0.0,8.0,6.0,0.0,0.0,0.0,0.0,0.0,0.0,0.0,0.0,1.0,12.0,1.0,12.05,5.0200000000000005,2.5,1.49,-2.2,0.3,2.2,301.1,-0.1,-13.2,1.1,11.0,-82.30000000000001,0.0,0.0,219.6,0.0,22.1,34.4,34.4,37.8,300.0,300.0,29.9,36.6,35.1,34.800000000000004,37.0,4.95,2.0,4.97,0.16,0.0,0.0,1027.0,8228.0,0.0,0.0,0.0,0.0,0.0,1.0,0.0,0.0,0.0,-0.001,0.0,-1.1,0.0,-13.4,-12.8,0.0154,16.0,25903.0
2026-07-30T18:58:16.763Z,66.246,66.258,-7.4,7.4,0.0,0.0,0.0,0.0,0.0,1.0,1.0,0.0,1.0,0.0,0.0,0.0,8.0,6.0,0.0,0.0,0.0,0.0,0.0,0.0,0.0,0.0,3.0,12.0,1.0,12.05,5.0200000000000005,2.5,1.49,-2.4000000000000004,0.3,2.4000000000000004,301.0,-0.1,-13.8,0.5,6.9,-82.4,0.0,0.0,219.6,0.0,22.1,34.4,34.4,37.8,300.0,300.0,29.9,36.6,35.1,34.800000000000004,37.0,4.96,2.0,4.96,0.16,0.0,0.0,1027.0,8228.0,0.0,0.0,0.0,0.0,0.0,1.0,0.0,0.0,0.0,-0.001,0.0,-0.8,0.0,-8.3,-12.8,0.0151,16.0,25903.0
2026-07-30T18:58:16.774Z,66.257,66.27,-7.5,7.4,0.0,0.0,0.0,0.0,0.0,1.0,1.0,0.0,1.0,0.0,0.0,0.0,8.0,6.0,0.0,0.0,0.0,0.0,0.0,0.0,0.0,0.0,4.0,12.0,1.0,12.05,5.0200000000000005,2.5,1.49,-2.2,0.3,2.2,301.0,-0.1,-12.6,1.7000000000000002,9.9,-82.4,0.0,0.0,219.8,0.0,22.1,34.4,34.4,37.8,300.0,300.0,29.9,36.6,35.1,34.800000000000004,37.0,4.96,2.0,4.96,0.16,0.0,0.0,1027.0,8228.0,0.0,0.0,0.0,0.0,0.0,1.0,0.0,0.0,0.0,-0.001,0.0,-0.3,0.0,-12.5,-12.8,0.0162,16.0,25903.0
2026-07-30T18:58:16.786Z,66.269,66.282,-7.4,7.4,0.0,0.0,0.0,0.0,0.0,1.0,1.0,0.0,1.0,0.0,0.0,0.0,8.0,6.0,0.0,0.0,0.0,0.0,0.0,0.0,0.0,0.0,5.0,12.0,1.0,12.05,5.0200000000000005,2.5,1.49,-2.3000000000000003,0.3,2.3000000000000003,301.1,-0.1,-12.0,1.1,8.700000000000001,-82.4,0.0,0.0,219.8,0.0,22.1,34.4,34.4,37.8,300.0,300.0,29.9,36.6,35.1,34.800000000000004,37.0,4.95,2.0,4.96,0.16,0.0,0.0,1027.0,8228.0,0.0,0.0,0.0,0.0,0.0,1.0,0.0,0.0,0.0,-0.001,0.0,-0.6000000000000001,0.0,-10.7,-12.8,0.0152,16.0,25903.0
2026-07-30T18:58:16.798Z,66.281,66.294,-7.5,7.4,0.0,0.0,0.0,0.0,0.0,1.0,1.0,0.0,1.0,0.0,0.0,0.0,8.0,6.0,0.0,0.0,0.0,0.0,0.0,0.0,0.0,0.0,6.0,12.0,1.0,12.05,5.0200000000000005,2.5,1.49,-2.3000000000000003,0.3,2.3000000000000003,301.1,-0.1,-12.0,0.5,8.1,-82.4,0.0,0.0,219.8,0.0,22.1,34.4,34.4,37.8,300.0,300.0,29.9,36.6,35.1,34.800000000000004,37.0,4.96,2.0,4.96,0.16,0.0,0.0,1027.0,8228.0,0.0,0.0,0.0,0.0,0.0,1.0,0.0,0.0,0.0,-0.001,0.0,-1.0,0.0,-9.6,-12.8,0.0157,16.0,25903.0
2026-07-30T18:58:16.811Z,66.294,66.306,-7.5,7.4,0.0,0.0,0.0,0.0,0.0,1.0,1.0,0.0,1.0,0.0,0.0,0.0,8.0,6.0,0.0,0.0,0.0,0.0,0.0,0.0,0.0,0.0,1.0,12.0,1.0,12.05,5.0200000000000005,2.5,1.49,-2.2,0.3,2.3000000000000003,301.1,-0.1,-11.4,0.5,9.3,-82.4,0.0,0.0,219.8,0.0,22.200000000000003,34.4,34.4,37.8,300.0,300.0,29.9,36.4,35.1,34.800000000000004,37.0,4.95,2.0,4.96,0.16,0.0,0.0,1027.0,8228.0,0.0,0.0,0.0,0.0,0.0,1.0,0.0,0.0,0.0,-0.001,0.0,-1.3,0.0,-11.0,-12.7,0.0159,16.0,25903.0
2026-07-30T18:58:16.823Z,66.306,66.318,-7.5,7.4,0.0,0.0,0.0,0.0,0.0,1.0,1.0,0.0,1.0,0.0,0.0,0.0,8.0,6.0,0.0,0.0,0.0,0.0,0.0,0.0,0.0,0.0,2.0,12.0,1.0,12.05,5.0200000000000005,2.5,1.49,-2.2,0.2,2.2,301.1,-0.1,-10.9,1.7000000000000002,8.700000000000001,-82.4,0.0,0.0,219.9,0.0,22.200000000000003,34.4,34.4,37.8,300.0,300.0,29.9,36.4,35.1,34.800000000000004,37.0,4.95,2.0,4.96,0.16,0.0,0.0,1027.0,8228.0,0.0,0.0,0.0,0.0,0.0,1.0,0.0,0.0,0.0,-0.001,0.0,-0.1,0.0,-11.2,-12.6,0.0153,16.0,25903.0
2026-07-30T18:58:16.840Z,66.323,66.33,-7.4,7.4,0.0,0.0,0.0,0.0,0.0,1.0,1.0,0.0,1.0,0.0,0.0,0.0,8.0,6.0,0.0,0.0,0.0,0.0,0.0,0.0,0.0,0.0,3.0,12.0,1.0,12.05,5.0200000000000005,2.5,1.49,-2.2,0.2,2.2,300.90000000000003,-0.1,-10.3,3.5,9.3,-82.4,0.0,0.0,219.9,0.0,22.200000000000003,34.4,34.4,37.8,300.0,300.0,29.9,36.4,35.1,34.800000000000004,37.0,4.95,2.0,4.96,0.16,0.0,0.0,1027.0,8228.0,0.0,0.0,0.0,0.0,0.0,1.0,0.0,0.0,0.0,-0.001,0.0,1.2000000000000002,0.0,-13.2,-12.7,0.0153,16.0,25903.0
2026-07-30T18:58:16.847Z,66.33,66.342,-7.4,7.4,0.0,0.0,0.0,0.0,0.0,1.0,1.0,0.0,1.0,0.0,0.0,0.0,8.0,6.0,0.0,0.0,0.0,0.0,0.0,0.0,0.0,0.0,3.0,12.0,1.0,12.05,5.0200000000000005,2.5,1.49,-2.2,0.2,2.2,301.0,-0.1,-10.9,2.9000000000000004,11.0,-82.4,0.0,0.0,219.8,0.0,22.200000000000003,34.4,34.4,37.8,300.0,300.0,29.9,36.4,35.1,34.800000000000004,37.0,4.96,2.0,4.96,0.16,0.0,0.0,1027.0,8228.0,0.0,0.0,0.0,0.0,0.0,1.0,0.0,0.0,0.0,-0.001,0.0,0.4,0.0,-14.7,-12.8,0.015,16.0,25903.0
2026-07-30T18:58:16.859Z,66.342,66.354,-7.5,7.4,0.0,0.0,0.0,0.0,0.0,1.0,1.0,0.0,1.0,0.0,0.0,0.0,8.0,6.0,0.0,0.0,0.0,0.0,0.0,0.0,0.0,0.0,3.0,12.0,1.0,12.05,5.0200000000000005,2.5,1.49,-2.2,0.2,2.2,301.1,-0.1,-9.7,2.3000000000000003,9.9,-82.4,0.0,0.0,219.7,0.0,22.200000000000003,34.4,34.4,37.8,300.0,300.0,29.9,36.4,35.1,34.800000000000004,37.0,4.95,2.0,4.96,0.16,0.0,0.0,1027.0,8228.0,0.0,0.0,0.0,0.0,0.0,1.0,0.0,0.0,0.0,-0.001,0.0,0.1,0.0,-12.9,-12.8,0.015,16.0,25903.0
2026-07-30T18:58:16.871Z,66.354,66.366,-7.5,7.4,0.0,0.0,0.0,0.0,0.0,1.0,1.0,0.0,1.0,0.0,0.0,0.0,8.0,6.0,0.0,0.0,0.0,0.0,0.0,0.0,0.0,0.0,4.0,12.0,1.0,12.05,5.0200000000000005,2.5,1.49,-2.2,0.2,2.2,301.0,-0.1,-11.4,2.3000000000000003,9.9,-82.4,0.0,0.0,219.8,0.0,22.200000000000003,34.4,34.4,37.8,300.0,300.0,29.9,36.4,35.1,34.800000000000004,37.0,4.95,2.0,4.96,0.16,0.0,0.0,1027.0,8228.0,0.0,0.0,0.0,0.0,0.0,1.0,0.0,0.0,0.0,-0.001,0.0,0.1,0.0,-12.9,-12.6,0.0145,16.0,25903.0
2026-07-30T18:58:16.883Z,66.366,66.378,-7.5,7.4,0.0,0.0,0.0,0.0,0.0,1.0,1.0,0.0,1.0,0.0,0.0,0.0,8.0,6.0,0.0,0.0,0.0,0.0,0.0,0.0,0.0,0.0,6.0,12.0,1.0,12.05,5.0200000000000005,2.5,1.49,-2.2,0.2,2.2,301.1,-0.1,-10.3,2.9000000000000004,9.9,-82.4,0.0,0.0,219.7,0.0,22.200000000000003,34.4,34.4,37.8,300.0,300.0,29.9,36.4,35.1,34.800000000000004,37.0,4.95,2.0,4.96,0.16,0.0,0.0,1027.0,8228.0,0.0,0.0,0.0,0.0,0.0,1.0,0.0,0.0,0.0,-0.001,0.0,0.6000000000000001,0.0,-13.4,-12.7,0.0153,16.0,25903.0
2026-07-30T18:58:16.894Z,66.377,66.39,-7.4,7.4,0.0,0.0,0.0,0.0,0.0,1.0,1.0,0.0,1.0,0.0,0.0,0.0,8.0,6.0,0.0,0.0,0.0,0.0,0.0,0.0,0.0,0.0,1.0,12.0,1.0,12.05,5.0200000000000005,2.5,1.49,-2.2,0.3,2.3000000000000003,301.0,-0.1,-12.6,1.7000000000000002,9.3,-82.4,0.0,0.0,219.7,0.0,22.200000000000003,34.4,34.4,37.8,300.0,300.0,29.9,36.4,35.1,34.800000000000004,37.0,4.96,2.0,4.96,0.16,0.0,0.0,1027.0,8228.0,0.0,0.0,0.0,0.0,0.0,1.0,0.0,0.0,0.0,-0.001,0.0,-0.2,0.0,-11.8,-12.7,0.0148,16.0,25903.0
2026-07-30T18:58:16.908Z,66.391,66.402,-7.4,7.4,0.0,0.0,0.0,0.0,0.0,1.0,1.0,0.0,1.0,0.0,0.0,0.0,8.0,6.0,0.0,0.0,0.0,0.0,0.0,0.0,0.0,0.0,1.0,12.0,1.0,12.05,5.01,2.51,1.5,-2.1,0.3,2.1,300.90000000000003,-0.1,-11.4,2.3000000000000003,12.2,-82.4,0.0,0.0,219.7,0.0,21.9,34.5,34.4,37.8,300.0,300.0,29.9,36.4,35.0,34.800000000000004,37.1,4.95,2.0,4.96,0.16,0.0,0.0,1027.0,8228.0,0.0,0.0,0.0,0.0,0.0,1.0,0.0,0.0,0.0,-0.001,0.0,-0.3,0.0,-15.6,-12.9,0.0154,16.0,25903.0
2026-07-30T18:58:16.919Z,66.402,66.414,-7.5,7.4,0.0,0.0,0.0,0.0,0.0,1.0,1.0,0.0,1.0,0.0,0.0,0.0,8.0,6.0,0.0,0.0,0.0,0.0,0.0,0.0,0.0,0.0,1.0,12.0,1.0,12.05,5.01,2.51,1.5,-2.1,0.3,2.2,301.0,-0.1,-11.4,2.3000000000000003,11.0,-82.4,0.0,0.0,219.8,0.0,21.9,34.5,34.4,37.8,300.0,300.0,29.9,36.4,35.0,34.800000000000004,37.1,4.95,2.0,4.96,0.16,0.0,0.0,1027.0,8228.0,0.0,0.0,0.0,0.0,0.0,1.0,0.0,0.0,0.0,-0.001,0.0,-0.6000000000000001,0.0,-13.8,-12.8,0.0157,16.0,25903.0
2026-07-30T18:58:16.931Z,66.414,66.426,-7.4,7.4,0.0,0.0,0.0,0.0,0.0,1.0,1.0,0.0,1.0,0.0,0.0,0.0,8.0,6.0,0.0,0.0,0.0,0.0,0.0,0.0,0.0,0.0,2.0,12.0,1.0,12.05,5.01,2.51,1.5,-2.2,0.3,2.2,301.1,-0.1,-11.4,2.3000000000000003,9.3,-82.4,0.0,0.0,219.8,0.0,21.9,34.5,34.4,37.8,300.0,300.0,29.9,36.4,35.0,34.800000000000004,37.1,4.96,2.0,4.96,0.16,0.0,0.0,1027.0,8228.0,0.0,0.0,0.0,0.0,0.0,1.0,0.0,0.0,0.0,-0.001,0.0,-0.5,0.0,-10.1,-12.7,0.0148,16.0,25903.0
2026-07-30T18:58:16.943Z,66.426,66.438,-7.4,7.4,0.0,0.0,0.0,0.0,0.0,1.0,1.0,0.0,1.0,0.0,0.0,0.0,8.0,6.0,0.0,0.0,0.0,0.0,0.0,0.0,0.0,0.0,3.0,12.0,1.0,12.05,5.01,2.51,1.5,-2.2,0.3,2.2,301.0,-0.1,-11.4,2.9000000000000004,8.700000000000001,-82.4,0.0,0.0,219.8,0.0,21.9,34.5,34.4,37.8,300.0,300.0,29.9,36.4,35.0,34.800000000000004,37.1,4.95,2.0,4.97,0.16,0.0,0.0,1027.0,8228.0,0.0,0.0,0.0,0.0,0.0,1.0,0.0,0.0,0.0,-0.001,0.0,-1.0,0.0,-12.7,-12.8,0.0157,16.0,25903.0
2026-07-30T18:58:16.955Z,66.438,66.45,-7.5,7.4,0.0,0.0,0.0,0.0,0.0,1.0,1.0,0.0,1.0,0.0,0.0,0.0,8.0,6.0,0.0,0.0,0.0,0.0,0.0,0.0,0.0,0.0,5.0,12.0,1.0,12.05,5.01,2.51,1.5,-2.3000000000000003,0.3,2.4000000000000004,300.90000000000003,-0.1,-13.2,-0.5,9.9,-82.4,0.0,0.0,219.8,0.0,21.9,34.5,34.4,37.8,300.0,300.0,29.9,36.4,35.0,34.800000000000004,37.1,4.95,2.0,4.96,0.16,0.0,0.0,1027.0,8228.0,0.0,0.0,0.0,0.0,0.0,1.0,0.0,0.0,0.0,-0.001,0.0,-2.1,0.0,-8.8,-12.8,0.0151,16.0,25903.0
2026-07-30T18:58:16.967Z,66.45,66.462,-7.5,7.4,0.0,0.0,0.0,0.0,0.0,1.0,1.0,0.0,1.0,0.0,0.0,0.0,8.0,6.0,0.0,0.0,0.0,0.0,0.0,0.0,0.0,0.0,6.0,12.0,1.0,12.05,5.01,2.51,1.5,-2.3000000000000003,0.2,2.3000000000000003,301.1,-0.1,-12.6,1.7000000000000002,8.700000000000001,-82.4,0.0,0.0,219.8,0.0,21.9,34.5,34.4,37.8,300.0,300.0,29.9,36.4,35.0,34.800000000000004,37.1,4.95,2.0,4.96,0.16,0.0,0.0,1027.0,8228.0,0.0,0.0,0.0,0.0,0.0,1.0,0.0,0.0,0.0,-0.001,0.0,-0.1,0.0,-11.2,-12.7,0.016,16.0,25903.0
2026-07-30T18:58:16.978Z,66.461,66.474,-7.4,7.4,0.0,0.0,0.0,0.0,0.0,1.0,1.0,0.0,1.0,0.0,0.0,0.0,8.0,6.0,0.0,0.0,0.0,0.0,0.0,0.0,0.0,0.0,1.0,12.0,1.0,12.05,5.01,2.51,1.5,-2.2,0.3,2.3000000000000003,301.1,-0.1,-12.0,1.1,9.9,-82.4,0.0,0.0,219.8,0.0,21.9,34.5,34.4,37.8,300.0,300.0,29.9,36.4,35.0,34.800000000000004,37.1,4.96,2.0,4.96,0.16,0.0,0.0,1027.0,8228.0,0.0,0.0,0.0,0.0,0.0,1.0,0.0,0.0,0.0,-0.001,0.0,-0.9,0.0,-12.1,-12.7,0.0154,16.0,25903.0
2026-07-30T18:58:16.990Z,66.473,66.486,-7.4,7.4,0.0,0.0,0.0,0.0,0.0,1.0,1.0,0.0,1.0,0.0,0.0,0.0,8.0,6.0,0.0,0.0,0.0,0.0,0.0,0.0,0.0,0.0,2.0,12.0,1.0,12.05,5.01,2.51,1.5,-2.3000000000000003,0.3,2.3000000000000003,301.0,-0.1,-11.4,1.1,9.3,-82.4,0.0,0.0,219.7,0.0,21.9,34.5,34.4,37.8,300.0,300.0,29.9,36.4,35.0,34.800000000000004,37.1,4.95,2.0,4.96,0.16,0.0,0.0,1027.0,8228.0,0.0,0.0,0.0,0.0,0.0,1.0,0.0,0.0,0.0,-0.001,0.0,-0.7000000000000001,0.0,-11.4,-12.8,0.0153,16.0,25903.0
2026-07-30T18:58:17.002Z,66.485,66.498,-7.4,7.4,0.0,0.0,0.0,0.0,0.0,1.0,1.0,0.0,1.0,0.0,0.0,0.0,8.0,6.0,0.0,0.0,0.0,0.0,0.0,0.0,0.0,0.0,3.0,12.0,1.0,12.05,5.01,2.51,1.5,-2.3000000000000003,0.3,2.3000000000000003,301.1,-0.1,-12.6,0.5,8.700000000000001,-82.4,0.0,0.0,219.8,0.0,21.9,34.5,34.4,37.8,300.0,300.0,29.9,36.4,35.0,34.800000000000004,37.1,4.96,2.0,4.96,0.16,0.0,0.0,1027.0,8228.0,0.0,0.0,0.0,0.0,0.0,1.0,0.0,0.0,0.0,-0.001,0.0,-1.1,0.0,-10.3,-12.8,0.0155,16.0,25903.0
2026-07-30T18:58:17.014Z,66.497,66.51,-7.4,7.4,0.0,0.0,0.0,0.0,0.0,1.0,1.0,0.0,1.0,0.0,0.0,0.0,8.0,6.0,0.0,0.0,0.0,0.0,0.0,0.0,0.0,0.0,4.0,12.0,1.0,12.04,5.01,2.51,1.49,-2.3000000000000003,0.2,2.3000000000000003,301.1,-0.1,-12.0,1.7000000000000002,8.1,-82.4,0.0,0.0,219.8,0.0,21.9,34.5,34.5,37.8,300.0,300.0,29.8,36.4,35.1,34.800000000000004,37.1,4.96,2.0,4.96,0.16,0.0,0.0,1027.0,8228.0,0.0,0.0,0.0,0.0,0.0,1.0,0.0,0.0,0.0,-0.001,0.0,0.0,0.0,-10.5,-12.8,0.0156,16.0,25903.0
2026-07-30T18:58:17.027Z,66.51,66.522,-7.4,7.4,0.0,0.0,0.0,0.0,0.0,1.0,1.0,0.0,1.0,0.0,0.0,0.0,8.0,6.0,0.0,0.0,0.0,0.0,0.0,0.0,0.0,0.0,5.0,12.0,1.0,12.04,5.01,2.51,1.49,-2.2,0.2,2.2,300.90000000000003,-0.1,-11.4,3.5,9.9,-82.4,0.0,0.0,219.8,0.0,21.9,34.5,34.5,37.8,300.0,300.0,29.8,36.4,35.1,34.800000000000004,37.1,4.96,1.99,4.96,0.16,0.0,0.0,1027.0,8228.0,0.0,0.0,0.0,0.0,0.0,1.0,0.0,0.0,0.0,-0.001,0.0,1.1,0.0,-13.8,-12.8,0.0156,16.0,25903.0
2026-07-30T18:58:17.039Z,66.522,66.534,-7.4,7.4,0.0,0.0,0.0,0.0,0.0,1.0,1.0,0.0,1.0,0.0,0.0,0.0,8.0,6.0,0.0,0.0,0.0,0.0,0.0,0.0,0.0,0.0,6.0,12.0,1.0,12.04,5.01,2.51,1.49,-2.2,0.3,2.2,301.1,-0.1,-11.4,2.3000000000000003,10.4,-82.4,0.0,0.0,219.8,0.0,21.9,34.5,34.5,37.8,300.0,300.0,29.8,36.4,35.1,34.800000000000004,37.1,4.96,1.99,4.96,0.16,0.0,0.0,1027.0,8228.0,0.0,0.0,0.0,0.0,0.0,1.0,0.0,0.0,0.0,-0.001,0.0,0.0,0.0,-13.6,-12.8,0.0149,16.0,25903.0
2026-07-30T18:58:17.051Z,66.534,66.546,-7.5,7.4,0.0,0.0,0.0,0.0,0.0,1.0,1.0,0.0,1.0,0.0,0.0,0.0,8.0,6.0,0.0,0.0,0.0,0.0,0.0,0.0,0.0,0.0,1.0,12.0,1.0,12.04,5.01,2.51,1.49,-2.2,0.2,2.2,301.1,-0.1,-11.4,2.3000000000000003,9.3,-82.4,0.0,0.0,219.7,0.0,21.9,34.5,34.5,37.8,300.0,300.0,29.8,36.4,35.1,34.800000000000004,37.1,4.95,2.0,4.96,0.16,0.0,0.0,1027.0,8228.0,0.0,0.0,0.0,0.0,0.0,1.0,0.0,0.0,0.0,-0.001,0.0,0.2,0.0,-12.3,-12.8,0.015,16.0,25903.0
2026-07-30T18:58:17.063Z,66.546,66.558,-7.5,7.4,0.0,0.0,0.0,0.0,0.0,1.0,1.0,0.0,1.0,0.0,0.0,0.0,8.0,6.0,0.0,0.0,0.0,0.0,0.0,0.0,0.0,0.0,2.0,12.0,1.0,12.04,5.01,2.51,1.49,-2.1,0.2,2.2,301.0,-0.1,-10.9,2.9000000000000004,11.0,-82.4,0.0,0.0,219.7,0.0,21.9,34.5,34.5,37.8,300.0,300.0,29.8,36.4,35.1,34.800000000000004,37.1,4.95,2.0,4.97,0.16,0.0,0.0,1027.0,8228.0,0.0,0.0,0.0,0.0,0.0,1.0,0.0,0.0,0.0,-0.001,0.0,0.4,0.0,-14.7,-12.7,0.0152,16.0,25903.0
2026-07-30T18:58:17.075Z,66.558,66.57000000000001,-7.5,7.4,0.0,0.0,0.0,0.0,0.0,1.0,1.0,0.0,1.0,0.0,0.0,0.0,8.0,6.0,0.0,0.0,0.0,0.0,0.0,0.0,0.0,0.0,4.0,12.0,1.0,12.04,5.01,2.51,1.49,-2.1,0.2,2.1,301.0,-0.1,-10.9,4.0,11.6,-82.4,0.0,0.0,219.8,0.0,21.9,34.5,34.5,37.8,300.0,300.0,29.8,36.4,35.1,34.800000000000004,37.1,4.95,2.0,4.97,0.16,0.0,0.0,1027.0,8228.0,0.0,0.0,0.0,0.0,0.0,1.0,0.0,0.0,0.0,-0.001,0.0,1.3,0.0,-16.2,-12.7,0.0146,16.0,25903.0
2026-07-30T18:58:17.087Z,66.57,66.58200000000001,-7.5,7.4,0.0,0.0,0.0,0.0,0.0,1.0,1.0,0.0,1.0,0.0,0.0,0.0,8.0,6.0,0.0,0.0,0.0,0.0,0.0,0.0,0.0,0.0,6.0,12.0,1.0,12.04,5.01,2.51,1.49,-2.1,0.2,2.1,301.1,-0.1,-11.4,2.9000000000000004,11.0,-82.4,0.0,0.0,219.7,0.0,21.9,34.5,34.5,37.8,300.0,300.0,29.8,36.4,35.1,34.800000000000004,37.1,4.96,2.0,4.96,0.16,0.0,0.0,1027.0,8228.0,0.0,0.0,0.0,0.0,0.0,1.0,0.0,0.0,0.0,-0.001,0.0,0.4,0.0,-14.7,-12.8,0.0143,16.0,25903.0
2026-07-30T18:58:17.098Z,66.581,66.59400000000001,-7.5,7.4,0.0,0.0,0.0,0.0,0.0,1.0,1.0,0.0,1.0,0.0,0.0,0.0,8.0,6.0,0.0,0.0,0.0,0.0,0.0,0.0,0.0,0.0,1.0,12.0,1.0,12.04,5.01,2.51,1.49,-2.1,0.2,2.1,301.0,-0.1,-10.9,2.3000000000000003,11.0,-82.4,0.0,0.0,219.8,0.0,21.9,34.5,34.5,37.8,300.0,300.0,29.8,36.4,35.1,34.800000000000004,37.1,4.95,2.0,4.96,0.16,0.0,0.0,1027.0,8228.0,0.0,0.0,0.0,0.0,0.0,1.0,0.0,0.0,0.0,-0.001,0.0,-0.1,0.0,-14.3,-12.7,0.0146,16.0,25903.0
2026-07-30T18:58:17.112Z,66.595,66.606,-7.4,7.4,0.0,0.0,0.0,0.0,0.0,1.0,1.0,0.0,1.0,0.0,0.0,0.0,8.0,6.0,0.0,0.0,0.0,0.0,0.0,0.0,0.0,0.0,2.0,12.0,1.0,12.05,5.01,2.5,1.49,-2.2,0.2,2.2,301.1,-0.1,-11.4,3.5,9.9,-82.4,0.0,0.0,219.8,0.0,22.3,34.5,34.5,37.8,300.0,300.0,30.1,36.5,35.1,34.800000000000004,37.1,4.95,2.0,4.96,0.16,0.0,0.0,1027.0,8228.0,0.0,0.0,0.0,0.0,0.0,1.0,0.0,0.0,0.0,-0.001,0.0,1.1,0.0,-13.8,-12.7,0.0146,16.0,25903.0
2026-07-30T18:58:17.123Z,66.606,66.618,-7.4,7.4,0.0,0.0,0.0,0.0,0.0,1.0,1.0,0.0,1.0,0.0,0.0,0.0,8.0,6.0,0.0,0.0,0.0,0.0,0.0,0.0,0.0,0.0,3.0,12.0,1.0,12.05,5.01,2.5,1.49,-2.2,0.2,2.2,301.1,-0.1,-10.9,3.5,9.3,-82.4,0.0,0.0,219.8,0.0,22.3,34.5,34.5,37.8,300.0,300.0,30.1,36.5,35.1,34.800000000000004,37.1,4.96,2.0,4.96,0.16,0.0,0.0,1027.0,8228.0,0.0,0.0,0.0,0.0,0.0,1.0,0.0,0.0,0.0,-0.001,0.0,1.2000000000000002,0.0,-13.1,-12.8,0.0148,16.0,25903.0
2026-07-30T18:58:17.134Z,66.617,66.63,-7.4,7.4,0.0,0.0,0.0,0.0,0.0,1.0,1.0,0.0,1.0,0.0,0.0,0.0,8.0,6.0,0.0,0.0,0.0,0.0,0.0,0.0,0.0,0.0,5.0,12.0,1.0,12.05,5.01,2.5,1.49,-2.2,0.3,2.2,301.1,-0.1,-11.4,2.3000000000000003,9.9,-82.30000000000001,0.0,0.0,219.7,0.0,22.3,34.5,34.5,37.8,300.0,300.0,30.1,36.5,35.1,34.800000000000004,37.1,4.95,2.0,4.96,0.16,0.0,0.0,1027.0,8228.0,0.0,0.0,0.0,0.0,0.0,1.0,0.0,0.0,0.0,-0.001,0.0,0.1,0.0,-12.9,-12.9,0.0151,16.0,25903.0
2026-07-30T18:58:17.146Z,66.629,66.642,-7.5,7.4,0.0,0.0,0.0,0.0,0.0,1.0,1.0,0.0,1.0,0.0,0.0,0.0,8.0,6.0,0.0,0.0,0.0,0.0,0.0,0.0,0.0,0.0,6.0,12.0,1.0,12.05,5.01,2.5,1.49,-2.2,0.2,2.2,301.1,-0.1,-11.4,2.9000000000000004,10.4,-82.30000000000001,0.0,0.0,219.7,0.0,22.3,34.5,34.5,37.8,300.0,300.0,30.1,36.5,35.1,34.800000000000004,37.1,4.95,2.0,4.96,0.16,0.0,0.0,1027.0,8228.0,0.0,0.0,0.0,0.0,0.0,1.0,0.0,0.0,0.0,-0.001,0.0,0.5,0.0,-14.0,-12.8,0.0152,16.0,25903.0
2026-07-30T18:58:17.159Z,66.642,66.654,-7.4,7.4,0.0,0.0,0.0,0.0,0.0,1.0,1.0,0.0,1.0,0.0,0.0,0.0,8.0,6.0,0.0,0.0,0.0,0.0,0.0,0.0,0.0,0.0,1.0,12.0,1.0,12.05,5.01,2.5,1.49,-2.2,0.3,2.2,301.1,-0.1,-12.0,2.3000000000000003,11.0,-82.30000000000001,0.0,0.0,219.8,0.0,22.3,34.5,34.5,37.8,300.0,300.0,30.1,36.5,35.1,34.800000000000004,37.1,4.95,2.0,4.96,0.16,0.0,0.0,1027.0,8228.0,0.0,0.0,0.0,0.0,0.0,1.0,0.0,0.0,0.0,-0.001,0.0,-0.1,0.0,-14.3,-12.7,0.0147,16.0,25903.0
2026-07-30T18:58:17.170Z,66.653,66.666,-7.4,7.4,0.0,0.0,0.0,0.0,0.0,1.0,1.0,0.0,1.0,0.0,0.0,0.0,8.0,6.0,0.0,0.0,0.0,0.0,0.0,0.0,0.0,0.0,6.0,12.0,1.0,12.05,5.01,2.5,1.49,-2.2,0.2,2.2,301.0,-0.1,-10.9,3.5,9.3,-82.30000000000001,0.0,0.0,219.7,0.0,22.3,34.5,34.5,37.8,300.0,300.0,30.1,36.5,35.1,34.800000000000004,37.1,4.96,2.0,4.96,0.16,0.0,0.0,1027.0,8228.0,0.0,0.0,0.0,0.0,0.0,1.0,0.0,0.0,0.0,-0.001,0.0,1.3,0.0,-13.1,-12.8,0.0148,16.0,25903.0
2026-07-30T18:58:17.182Z,66.665,66.678,-7.5,7.4,0.0,0.0,0.0,0.0,0.0,1.0,1.0,0.0,1.0,0.0,0.0,0.0,8.0,6.0,0.0,0.0,0.0,0.0,0.0,0.0,0.0,0.0,1.0,12.0,1.0,12.05,5.01,2.5,1.49,-2.2,0.3,2.2,301.1,-0.1,-12.0,2.3000000000000003,11.0,-82.30000000000001,0.0,0.0,219.7,0.0,22.3,34.5,34.5,37.8,300.0,300.0,30.1,36.5,35.1,34.800000000000004,37.1,4.95,2.0,4.97,0.16,0.0,0.0,1027.0,8228.0,0.0,0.0,0.0,0.0,0.0,1.0,0.0,0.0,0.0,-0.001,0.0,0.0,0.0,-14.3,-12.8,0.0151,16.0,25903.0
2026-07-30T18:58:17.195Z,66.678,66.69,-7.5,7.4,0.0,0.0,0.0,0.0,0.0,1.0,1.0,0.0,1.0,0.0,0.0,0.0,8.0,6.0,0.0,0.0,0.0,0.0,0.0,0.0,0.0,0.0,2.0,12.0,1.0,12.05,5.01,2.5,1.49,-2.2,0.3,2.2,301.0,0.0,-11.4,1.7000000000000002,10.4,-82.30000000000001,0.0,0.0,219.6,0.0,22.3,34.5,34.5,37.8,300.0,300.0,30.1,36.5,35.1,34.800000000000004,37.1,4.96,1.99,4.96,0.16,0.0,0.0,1027.0,8228.0,0.0,0.0,0.0,0.0,0.0,1.0,0.0,0.0,0.0,-0.001,0.0,-0.4,0.0,-13.2,-12.7,0.0149,16.0,25903.0
2026-07-30T18:58:17.206Z,66.689,66.702,-7.5,7.4,0.0,0.0,0.0,0.0,0.0,1.0,1.0,0.0,1.0,0.0,0.0,0.0,8.0,6.0,0.0,0.0,0.0,0.0,0.0,0.0,0.0,0.0,3.0,12.0,1.0,12.05,5.01,2.5,1.49,-2.2,0.3,2.3000000000000003,301.0,-0.1,-12.0,1.7000000000000002,8.700000000000001,-82.30000000000001,0.0,0.0,219.7,0.0,22.3,34.5,34.5,37.8,300.0,300.0,30.1,36.5,35.1,34.800000000000004,37.1,4.96,2.0,4.97,0.16,0.0,0.0,1027.0,8228.0,0.0,0.0,0.0,0.0,0.0,1.0,0.0,0.0,0.0,-0.001,0.0,-0.1,0.0,-11.2,-12.7,0.015,16.0,25903.0
2026-07-30T18:58:17.219Z,66.702,66.714,-7.5,7.4,0.0,0.0,0.0,0.0,0.0,1.0,1.0,0.0,1.0,0.0,0.0,0.0,8.0,6.0,0.0,0.0,0.0,0.0,0.0,0.0,0.0,0.0,4.0,12.0,1.0,12.05,5.01,2.5,1.49,-2.2,0.2,2.2,301.1,-0.1,-11.4,2.9000000000000004,9.3,-82.30000000000001,0.0,0.0,219.7,0.0,21.9,34.5,34.5,37.8,300.0,300.0,30.0,36.6,35.1,34.800000000000004,37.1,4.95,2.0,4.97,0.16,0.0,0.0,1027.0,8228.0,0.0,0.0,0.0,0.0,0.0,1.0,0.0,0.0,0.0,-0.001,0.0,0.7000000000000001,0.0,-12.7,-12.7,0.0153,16.0,25903.0
2026-07-30T18:58:17.231Z,66.714,66.726,-7.4,7.4,0.0,0.0,0.0,0.0,0.0,1.0,1.0,0.0,1.0,0.0,0.0,0.0,8.0,6.0,0.0,0.0,0.0,0.0,0.0,0.0,0.0,0.0,4.0,12.0,1.0,12.05,5.01,2.5,1.49,-2.3000000000000003,0.3,2.3000000000000003,301.0,-0.1,-12.6,1.1,8.700000000000001,-82.30000000000001,0.0,0.0,219.8,0.0,21.9,34.5,34.5,37.8,300.0,300.0,30.0,36.6,35.1,34.800000000000004,37.1,4.95,2.0,4.96,0.16,0.0,0.0,1027.0,8228.0,0.0,0.0,0.0,0.0,0.0,1.0,0.0,0.0,0.0,-0.001,0.0,-0.6000000000000001,0.0,-10.7,-12.8,0.015,16.0,25903.0
2026-07-30T18:58:17.243Z,66.726,66.738,-7.4,7.4,0.0,0.0,0.0,0.0,0.0,1.0,1.0,0.0,1.0,0.0,0.0,0.0,8.0,6.0,0.0,0.0,0.0,0.0,0.0,0.0,0.0,0.0,5.0,12.0,1.0,12.05,5.01,2.5,1.49,-2.2,0.3,2.3000000000000003,301.0,-0.1,-12.6,0.0,9.9,-82.30000000000001,0.0,0.0,219.8,0.0,21.9,34.5,34.5,37.8,300.0,300.0,30.0,36.6,35.1,34.800000000000004,37.1,4.96,2.0,4.96,0.16,0.0,0.0,1027.0,8228.0,0.0,0.0,0.0,0.0,0.0,1.0,0.0,0.0,0.0,-0.001,0.0,-1.9,0.0,-11.2,-12.8,0.0155,16.0,25903.0
2026-07-30T18:58:17.254Z,66.737,66.75,-7.4,7.4,0.0,0.0,0.0,0.0,0.0,1.0,1.0,0.0,1.0,0.0,0.0,0.0,8.0,6.0,0.0,0.0,0.0,0.0,0.0,0.0,0.0,0.0,6.0,12.0,1.0,12.05,5.01,2.5,1.49,-2.3000000000000003,0.3,2.3000000000000003,301.1,-0.1,-12.0,0.5,8.1,-82.30000000000001,0.0,0.0,219.7,0.0,21.9,34.5,34.5,37.8,300.0,300.0,30.0,36.6,35.1,34.800000000000004,37.1,4.96,2.0,4.96,0.16,0.0,0.0,1027.0,8228.0,0.0,0.0,0.0,0.0,0.0,1.0,0.0,0.0,0.0,-0.001,0.0,-1.0,0.0,-9.7,-12.8,0.0154,16.0,25903.0
2026-07-30T18:58:17.267Z,66.75,66.762,-7.4,7.4,0.0,0.0,0.0,0.0,0.0,1.0,1.0,0.0,1.0,0.0,0.0,0.0,8.0,6.0,0.0,0.0,0.0,0.0,0.0,0.0,0.0,0.0,1.0,12.0,1.0,12.05,5.01,2.5,1.49,-2.3000000000000003,0.3,2.3000000000000003,300.90000000000003,-0.1,-13.2,1.1,8.700000000000001,-82.2,0.0,0.0,219.7,0.0,21.9,34.5,34.5,37.8,300.0,300.0,30.0,36.6,35.1,34.800000000000004,37.1,4.96,1.99,4.96,0.16,0.0,0.0,1027.0,8228.0,0.0,0.0,0.0,0.0,0.0,1.0,0.0,0.0,0.0,-0.001,0.0,-0.6000000000000001,0.0,-10.8,-12.8,0.0159,16.0,25903.0
2026-07-30T18:58:17.278Z,66.761,66.774,-7.4,7.4,0.0,0.0,0.0,0.0,0.0,1.0,1.0,0.0,1.0,0.0,0.0,0.0,8.0,6.0,0.0,0.0,0.0,0.0,0.0,0.0,0.0,0.0,3.0,12.0,1.0,12.05,5.01,2.5,1.49,-2.2,0.3,2.3000000000000003,301.0,-0.1,-13.2,0.5,9.9,-82.2,0.0,0.0,219.6,0.0,21.9,34.5,34.5,37.8,300.0,300.0,30.0,36.6,35.1,34.800000000000004,37.1,4.95,1.99,4.97,0.16,0.0,0.0,1027.0,8228.0,0.0,0.0,0.0,0.0,0.0,1.0,0.0,0.0,0.0,-0.001,0.0,-1.4,0.0,-11.7,-12.8,0.0156,16.0,25903.0
2026-07-30T18:58:17.290Z,66.773,66.786,-7.5,7.4,0.0,0.0,0.0,0.0,0.0,1.0,1.0,0.0,1.0,0.0,0.0,0.0,8.0,6.0,0.0,0.0,0.0,0.0,0.0,0.0,0.0,0.0,4.0,12.0,1.0,12.05,5.01,2.5,1.49,-2.2,0.3,2.2,301.1,-0.1,-12.6,1.1,10.4,-82.2,0.0,0.0,219.6,0.0,21.9,34.5,34.5,37.8,300.0,300.0,30.0,36.6,35.1,34.800000000000004,37.1,4.95,2.0,4.96,0.16,0.0,0.0,1027.0,8228.0,0.0,0.0,0.0,0.0,0.0,1.0,0.0,0.0,0.0,-0.001,0.0,-0.9,0.0,-12.8,-12.8,0.0154,16.0,25903.0
2026-07-30T18:58:17.302Z,66.785,66.798,-7.4,7.4,0.0,0.0,0.0,0.0,0.0,1.0,1.0,0.0,1.0,0.0,0.0,0.0,8.0,6.0,0.0,0.0,0.0,0.0,0.0,0.0,0.0,0.0,5.0,12.0,1.0,12.05,5.01,2.5,1.49,-2.2,0.3,2.2,301.0,-0.1,-12.6,2.3000000000000003,9.9,-82.2,0.0,0.0,219.7,0.0,21.9,34.5,34.5,37.8,300.0,300.0,30.0,36.6,35.1,34.800000000000004,37.1,4.95,2.0,4.96,0.16,0.0,0.0,1027.0,8228.0,0.0,0.0,0.0,0.0,0.0,1.0,0.0,0.0,0.0,-0.001,0.0,0.1,0.0,-12.9,-12.7,0.0151,16.0,25903.0
2026-07-30T18:58:17.316Z,66.799,66.81,-7.5,7.4,0.0,0.0,0.0,0.0,0.0,1.0,1.0,0.0,1.0,0.0,0.0,0.0,8.0,6.0,0.0,0.0,0.0,0.0,0.0,0.0,0.0,0.0,6.0,12.0,1.0,12.08,5.0200000000000005,2.5,1.49,-2.1,0.2,2.1,301.0,-0.1,-11.4,3.5,11.0,-82.2,0.0,0.0,219.6,0.0,22.1,34.5,34.5,37.9,300.0,300.0,30.0,36.5,35.1,34.800000000000004,37.2,4.96,2.0,4.96,0.16,0.0,0.0,1027.0,8228.0,0.0,0.0,0.0,0.0,0.0,1.0,0.0,0.0,0.0,-0.001,0.0,0.9,0.0,-15.1,-12.8,0.0151,16.0,25903.0
2026-07-30T18:58:17.327Z,66.81,66.822,-7.4,7.4,0.0,0.0,0.0,0.0,0.0,1.0,1.0,0.0,1.0,0.0,0.0,0.0,8.0,6.0,0.0,0.0,0.0,0.0,0.0,0.0,0.0,0.0,2.0,12.0,1.0,12.08,5.0200000000000005,2.5,1.49,-2.1,0.3,2.1,301.1,-0.1,-12.0,2.9000000000000004,11.6,-82.2,0.0,0.0,219.7,0.0,22.1,34.5,34.5,37.9,300.0,300.0,30.0,36.5,35.1,34.800000000000004,37.2,4.95,2.0,4.96,0.16,0.0,0.0,1027.0,8228.0,0.0,0.0,0.0,0.0,0.0,1.0,0.0,0.0,0.0,-0.001,0.0,0.3,0.0,-15.4,-12.8,0.0146,16.0,25903.0
2026-07-30T18:58:17.339Z,66.822,66.834,-7.5,7.4,0.0,0.0,0.0,0.0,0.0,1.0,1.0,0.0,1.0,0.0,0.0,0.0,8.0,6.0,0.0,0.0,0.0,0.0,0.0,0.0,0.0,0.0,3.0,12.0,1.0,12.08,5.0200000000000005,2.5,1.49,-2.2,0.3,2.3000000000000003,300.90000000000003,-0.1,-12.0,1.1,9.3,-82.2,0.0,0.0,219.7,0.0,22.1,34.5,34.5,37.9,300.0,300.0,30.0,36.5,35.1,34.800000000000004,37.2,4.95,2.0,4.97,0.16,0.0,0.0,1027.0,8228.0,0.0,0.0,0.0,0.0,0.0,1.0,0.0,0.0,0.0,-0.001,0.0,-0.7000000000000001,0.0,-11.4,-12.8,0.0146,16.0,25903.0
2026-07-30T18:58:17.350Z,66.833,66.846,-7.5,7.4,0.0,0.0,0.0,0.0,0.0,1.0,1.0,0.0,1.0,0.0,0.0,0.0,8.0,6.0,0.0,0.0,0.0,0.0,0.0,0.0,0.0,0.0,4.0,12.0,1.0,12.08,5.0200000000000005,2.5,1.49,-2.2,0.3,2.2,301.0,-0.1,-10.9,2.3000000000000003,9.9,-82.2,0.0,0.0,219.6,0.0,22.1,34.5,34.5,37.9,300.0,300.0,30.0,36.5,35.1,34.800000000000004,37.2,4.95,2.0,4.96,0.16,0.0,0.0,1027.0,8228.0,0.0,0.0,0.0,0.0,0.0,1.0,0.0,0.0,0.0,-0.001,0.0,0.1,0.0,-12.9,-12.7,0.0154,16.0,25903.0
2026-07-30T18:58:17.362Z,66.845,66.858,-7.5,7.4,0.0,0.0,0.0,0.0,0.0,1.0,1.0,0.0,1.0,0.0,0.0,0.0,8.0,6.0,0.0,0.0,0.0,0.0,0.0,0.0,0.0,0.0,5.0,12.0,1.0,12.08,5.0200000000000005,2.5,1.49,-2.0,0.2,2.0,301.1,-0.1,-10.9,4.0,12.8,-82.2,0.0,0.0,219.6,0.0,22.1,34.5,34.5,37.9,300.0,300.0,30.0,36.5,35.1,34.800000000000004,37.2,4.96,2.0,4.96,0.16,0.0,0.0,1027.0,8228.0,0.0,0.0,0.0,0.0,0.0,1.0,0.0,0.0,0.0,-0.001,0.0,1.1,0.0,-17.6,-12.7,0.0147,16.0,25903.0
2026-07-30T18:58:17.374Z,66.857,66.87,-7.4,7.4,0.0,0.0,0.0,0.0,0.0,1.0,1.0,0.0,1.0,0.0,0.0,0.0,8.0,6.0,0.0,0.0,0.0,0.0,0.0,0.0,0.0,0.0,6.0,12.0,1.0,12.08,5.0200000000000005,2.5,1.49,-2.1,0.2,2.2,301.0,-0.1,-10.3,3.5,9.9,-82.2,0.0,0.0,219.8,0.0,22.1,34.5,34.5,37.9,300.0,300.0,30.0,36.5,35.1,34.800000000000004,37.2,4.96,2.0,4.96,0.16,0.0,0.0,1027.0,8228.0,0.0,0.0,0.0,0.0,0.0,1.0,0.0,0.0,0.0,-0.001,0.0,1.1,0.0,-13.8,-12.7,0.0151,16.0,25903.0
2026-07-30T18:58:17.387Z,66.87,66.882,-7.4,7.4,0.0,0.0,0.0,0.0,0.0,1.0,1.0,0.0,1.0,0.0,0.0,0.0,8.0,6.0,0.0,0.0,0.0,0.0,0.0,0.0,0.0,0.0,1.0,12.0,1.0,12.08,5.0200000000000005,2.5,1.49,-2.2,0.2,2.2,301.1,-0.1,-10.3,2.3000000000000003,9.9,-82.2,0.0,0.0,219.8,0.0,22.1,34.5,34.5,37.9,300.0,300.0,30.0,36.5,35.1,34.800000000000004,37.2,4.95,2.0,4.97,0.16,0.0,0.0,1027.0,8228.0,0.0,0.0,0.0,0.0,0.0,1.0,0.0,0.0,0.0,-0.001,0.0,0.1,0.0,-12.9,-12.8,0.0153,16.0,25903.0
2026-07-30T18:58:17.399Z,66.882,66.894,-7.4,7.4,0.0,0.0,0.0,0.0,0.0,1.0,1.0,0.0,1.0,0.0,0.0,0.0,8.0,6.0,0.0,0.0,0.0,0.0,0.0,0.0,0.0,0.0,2.0,12.0,1.0,12.08,5.0200000000000005,2.5,1.49,-2.1,0.2,2.1,301.1,-0.1,-10.3,2.9000000000000004,11.6,-82.2,0.0,0.0,219.8,0.0,22.1,34.5,34.5,37.9,300.0,300.0,30.0,36.5,35.1,34.800000000000004,37.2,4.95,2.0,4.96,0.16,0.0,0.0,1027.0,8228.0,0.0,0.0,0.0,0.0,0.0,1.0,0.0,0.0,0.0,-0.001,0.0,0.3,0.0,-15.4,-12.8,0.0156,16.0,25903.0
2026-07-30T18:58:17.410Z,66.893,66.906,-7.4,7.4,0.0,0.0,0.0,0.0,0.0,1.0,1.0,0.0,1.0,0.0,0.0,0.0,8.0,6.0,0.0,0.0,0.0,0.0,0.0,0.0,0.0,0.0,4.0,12.0,1.0,12.08,5.0200000000000005,2.5,1.49,-2.2,0.2,2.2,301.1,-0.1,-11.4,3.5,9.3,-82.2,0.0,0.0,219.8,0.0,22.1,34.5,34.5,37.9,300.0,300.0,30.0,36.5,35.1,34.800000000000004,37.2,4.96,2.0,4.96,0.16,0.0,0.0,1027.0,8228.0,0.0,0.0,0.0,0.0,0.0,1.0,0.0,0.0,0.0,-0.001,0.0,1.2000000000000002,0.0,-13.1,-12.8,0.0154,16.0,25903.0
2026-07-30T18:58:17.422Z,66.905,66.918,-7.4,7.4,0.0,0.0,0.0,0.0,0.0,1.0,1.0,0.0,1.0,0.0,0.0,0.0,8.0,6.0,0.0,0.0,0.0,0.0,0.0,0.0,0.0,0.0,5.0,12.0,1.0,12.08,5.01,2.5,1.5,-2.2,0.3,2.2,301.1,-0.1,-12.0,1.7000000000000002,9.9,-82.2,0.0,0.0,219.8,0.0,22.1,34.5,34.5,37.9,300.0,300.0,30.0,36.4,35.1,34.800000000000004,37.1,4.95,2.0,4.96,0.16,0.0,0.0,1027.0,8228.0,0.0,0.0,0.0,0.0,0.0,1.0,0.0,0.0,0.0,-0.001,0.0,-0.3,0.0,-12.5,-12.9,0.0155,16.0,25903.0
2026-07-30T18:58:17.435Z,66.918,66.93,-7.5,7.4,0.0,0.0,0.0,0.0,0.0,1.0,1.0,0.0,1.0,0.0,0.0,0.0,8.0,6.0,0.0,0.0,0.0,0.0,0.0,0.0,0.0,0.0,6.0,12.0,1.0,12.08,5.01,2.5,1.5,-2.2,0.3,2.2,301.0,-0.1,-11.4,1.7000000000000002,11.0,-82.2,0.0,0.0,219.8,0.0,22.1,34.5,34.5,37.9,300.0,300.0,30.0,36.4,35.1,34.800000000000004,37.1,4.96,1.99,4.96,0.16,0.0,0.0,1027.0,8228.0,0.0,0.0,0.0,0.0,0.0,1.0,0.0,0.0,0.0,-0.001,0.0,-1.5,0.0,-12.3,-12.9,0.0155,16.0,25903.0
2026-07-30T18:58:17.447Z,66.93,66.94200000000001,-7.5,7.4,0.0,0.0,0.0,0.0,0.0,1.0,1.0,0.0,1.0,0.0,0.0,0.0,8.0,6.0,0.0,0.0,0.0,0.0,0.0,0.0,0.0,0.0,1.0,12.0,1.0,12.08,5.01,2.5,1.5,-2.1,0.2,2.1,301.0,-0.1,-11.4,2.3000000000000003,11.6,-82.30000000000001,0.0,0.0,219.8,0.0,22.1,34.5,34.5,37.9,300.0,300.0,30.0,36.4,35.1,34.800000000000004,37.1,4.96,2.0,4.96,0.16,0.0,0.0,1027.0,8228.0,0.0,0.0,0.0,0.0,0.0,1.0,0.0,0.0,0.0,-0.001,0.0,-0.3,0.0,-8.700000000000001,-12.7,0.0152,16.0,25903.0
2026-07-30T18:58:17.458Z,66.941,66.95400000000001,-7.4,7.4,0.0,0.0,0.0,0.0,0.0,1.0,1.0,0.0,1.0,0.0,0.0,0.0,8.0,6.0,0.0,0.0,0.0,0.0,0.0,0.0,0.0,0.0,3.0,12.0,1.0,12.08,5.01,2.5,1.5,-2.3000000000000003,0.3,2.3000000000000003,301.0,-0.1,-12.0,1.7000000000000002,10.4,-82.30000000000001,0.0,0.0,219.9,0.0,22.1,34.5,34.5,37.9,300.0,300.0,30.0,36.4,35.1,34.800000000000004,37.1,4.95,2.0,4.96,0.16,0.0,0.0,1027.0,8228.0,0.0,0.0,0.0,0.0,0.0,1.0,0.0,0.0,0.0,-0.001,0.0,-0.1,0.0,-11.2,-12.7,0.0159,16.0,25903.0
2026-07-30T18:58:17.474Z,66.957,66.96600000000001,-7.4,7.4,0.0,0.0,0.0,0.0,0.0,1.0,1.0,0.0,1.0,0.0,0.0,0.0,8.0,6.0,0.0,0.0,0.0,0.0,0.0,0.0,0.0,0.0,4.0,12.0,1.0,12.08,5.01,2.5,1.5,-2.3000000000000003,0.3,2.3000000000000003,301.1,-0.1,-13.2,0.5,10.4,-82.30000000000001,0.0,0.0,219.8,0.0,22.1,34.5,34.5,37.9,300.0,300.0,30.0,36.4,35.1,34.800000000000004,37.1,4.96,2.0,4.97,0.16,0.0,0.0,1027.0,8228.0,0.0,0.0,0.0,0.0,0.0,1.0,0.0,0.0,0.0,-0.001,0.0,-1.0,0.0,-9.6,-12.8,0.0155,16.0,25903.0
2026-07-30T18:58:17.483Z,66.966,66.978,-7.5,7.4,0.0,0.0,0.0,0.0,0.0,1.0,1.0,0.0,1.0,0.0,0.0,0.0,8.0,6.0,0.0,0.0,0.0,0.0,0.0,0.0,0.0,0.0,2.0,12.0,1.0,12.08,5.01,2.5,1.5,-2.3000000000000003,0.3,2.3000000000000003,301.1,-0.1,-12.6,0.5,8.700000000000001,-82.30000000000001,0.0,0.0,219.6,0.0,22.1,34.5,34.5,37.9,300.0,300.0,30.0,36.4,35.1,34.800000000000004,37.1,4.95,2.0,4.96,0.16,0.0,0.0,1027.0,8228.0,0.0,0.0,0.0,0.0,0.0,1.0,0.0,0.0,0.0,-0.001,0.0,-1.1,0.0,-10.3,-12.8,0.0159,16.0,25903.0
2026-07-30T18:58:17.495Z,66.978,66.99,-7.5,7.4,0.0,0.0,0.0,0.0,0.0,1.0,1.0,0.0,1.0,0.0,0.0,0.0,8.0,6.0,0.0,0.0,0.0,0.0,0.0,0.0,0.0,0.0,3.0,12.0,1.0,12.08,5.01,2.5,1.5,-2.2,0.3,2.2,301.0,-0.1,-12.0,1.1,10.4,-82.30000000000001,0.0,0.0,219.7,0.0,22.1,34.5,34.5,37.9,300.0,300.0,30.0,36.4,35.1,34.800000000000004,37.1,4.95,2.0,4.97,0.16,0.0,0.0,1027.0,8228.0,0.0,0.0,0.0,0.0,0.0,1.0,0.0,0.0,0.0,-0.001,0.0,-0.9,0.0,-12.8,-12.7,0.0157,16.0,25903.0
2026-07-30T18:58:17.507Z,66.99,67.002,-7.5,7.4,0.0,0.0,0.0,0.0,0.0,1.0,1.0,0.0,1.0,0.0,0.0,0.0,8.0,6.0,0.0,0.0,0.0,0.0,0.0,0.0,0.0,0.0,4.0,12.0,1.0,12.08,5.01,2.5,1.5,-2.2,0.3,2.2,301.0,-0.1,-12.6,1.7000000000000002,10.4,-82.30000000000001,0.0,0.0,219.8,0.0,22.1,34.5,34.5,37.9,300.0,300.0,30.0,36.4,35.1,34.800000000000004,37.1,4.95,2.0,4.97,0.16,0.0,0.0,1027.0,8228.0,0.0,0.0,0.0,0.0,0.0,1.0,0.0,0.0,0.0,-0.001,0.0,-0.5,0.0,-13.2,-12.8,0.0152,16.0,25903.0
2026-07-30T18:58:17.520Z,67.003,67.014,-7.4,7.4,0.0,0.0,0.0,0.0,0.0,1.0,1.0,0.0,1.0,0.0,0.0,0.0,8.0,6.0,0.0,0.0,0.0,0.0,0.0,0.0,0.0,0.0,6.0,12.0,1.0,12.05,5.01,2.5,1.49,-2.2,0.2,2.2,300.90000000000003,-0.1,-12.0,2.9000000000000004,8.700000000000001,-82.30000000000001,0.0,0.0,219.8,0.0,22.1,34.5,34.5,37.9,300.0,300.0,29.9,36.5,35.1,34.800000000000004,37.1,4.96,2.0,4.96,0.16,0.0,0.0,1027.0,8228.0,0.0,0.0,0.0,0.0,0.0,1.0,0.0,0.0,0.0,-0.001,0.0,0.8,0.0,-12.0,-12.7,0.015,16.0,25903.0
2026-07-30T18:58:17.532Z,67.015,67.026,-7.5,7.4,0.0,0.0,0.0,0.0,0.0,1.0,1.0,0.0,1.0,0.0,0.0,0.0,8.0,6.0,0.0,0.0,0.0,0.0,0.0,0.0,0.0,0.0,1.0,12.0,1.0,12.05,5.01,2.5,1.49,-2.1,0.3,2.2,301.1,-0.1,-11.4,1.7000000000000002,11.6,-82.30000000000001,0.0,0.0,219.8,0.0,22.1,34.5,34.5,37.9,300.0,300.0,29.9,36.5,35.1,34.800000000000004,37.1,4.95,2.0,4.96,0.16,0.0,0.0,1027.0,8228.0,0.0,0.0,0.0,0.0,0.0,1.0,0.0,0.0,0.0,-0.001,0.0,-0.7000000000000001,0.0,-14.5,-12.8,0.0152,16.0,25903.0
2026-07-30T18:58:17.543Z,67.026,67.038,-7.5,7.4,0.0,0.0,0.0,0.0,0.0,1.0,1.0,0.0,1.0,0.0,0.0,0.0,8.0,6.0,0.0,0.0,0.0,0.0,0.0,0.0,0.0,0.0,1.0,12.0,1.0,12.05,5.01,2.5,1.49,-2.2,0.2,2.2,301.1,-0.1,-10.9,2.9000000000000004,9.3,-82.30000000000001,0.0,0.0,219.8,0.0,22.1,34.5,34.5,37.9,300.0,300.0,29.9,36.5,35.1,34.800000000000004,37.1,4.95,2.0,4.97,0.16,0.0,0.0,1027.0,8228.0,0.0,0.0,0.0,0.0,0.0,1.0,0.0,0.0,0.0,-0.001,0.0,0.7000000000000001,0.0,-12.7,-12.7,0.0147,16.0,25903.0
2026-07-30T18:58:17.555Z,67.038,67.05,-7.4,7.4,0.0,0.0,0.0,0.0,0.0,1.0,1.0,0.0,1.0,0.0,0.0,0.0,8.0,6.0,0.0,0.0,0.0,0.0,0.0,0.0,0.0,0.0,2.0,12.0,1.0,12.05,5.01,2.5,1.49,-2.2,0.2,2.2,301.0,-0.1,-10.9,2.9000000000000004,10.4,-82.30000000000001,0.0,0.0,219.7,0.0,22.1,34.5,34.5,37.9,300.0,300.0,29.9,36.5,35.1,34.800000000000004,37.1,4.95,2.0,4.97,0.16,0.0,0.0,1027.0,8228.0,0.0,0.0,0.0,0.0,0.0,1.0,0.0,0.0,0.0,-0.001,0.0,0.5,0.0,-14.0,-12.8,0.0151,16.0,25903.0
2026-07-30T18:58:17.567Z,67.05,67.062,-7.5,7.4,0.0,0.0,0.0,0.0,0.0,1.0,1.0,0.0,1.0,0.0,0.0,0.0,8.0,6.0,0.0,0.0,0.0,0.0,0.0,0.0,0.0,0.0,3.0,12.0,1.0,12.05,5.01,2.5,1.49,-2.1,0.2,2.2,301.0,-0.1,-11.4,3.5,10.4,-82.30000000000001,0.0,0.0,219.8,0.0,22.1,34.5,34.5,37.9,300.0,300.0,29.9,36.5,35.1,34.800000000000004,37.1,4.96,2.0,4.96,0.16,0.0,0.0,1027.0,8228.0,0.0,0.0,0.0,0.0,0.0,1.0,0.0,0.0,0.0,-0.001,0.0,1.0,0.0,-14.5,-12.9,0.0149,16.0,25903.0
2026-07-30T18:58:17.578Z,67.061,67.074,-7.5,7.4,0.0,0.0,0.0,0.0,0.0,1.0,1.0,0.0,1.0,0.0,0.0,0.0,8.0,6.0,0.0,0.0,0.0,0.0,0.0,0.0,0.0,0.0,5.0,12.0,1.0,12.05,5.01,2.5,1.49,-2.1,0.2,2.1,301.0,-0.1,-11.4,2.9000000000000004,11.6,-82.30000000000001,0.0,0.0,219.8,0.0,22.1,34.5,34.5,37.9,300.0,300.0,29.9,36.5,35.1,34.800000000000004,37.1,4.96,2.0,4.96,0.16,0.0,0.0,1027.0,8228.0,0.0,0.0,0.0,0.0,0.0,1.0,0.0,0.0,0.0,-0.001,0.0,0.3,0.0,-15.4,-12.8,0.0147,16.0,25903.0
2026-07-30T18:58:17.591Z,67.074,67.086,-7.5,7.4,0.0,0.0,0.0,0.0,0.0,1.0,1.0,0.0,1.0,0.0,0.0,0.0,8.0,6.0,0.0,0.0,0.0,0.0,0.0,0.0,0.0,0.0,6.0,12.0,1.0,12.05,5.01,2.5,1.49,-2.1,0.2,2.1,301.0,-0.1,-10.3,2.9000000000000004,12.8,-82.30000000000001,0.0,0.0,219.6,0.0,22.1,34.5,34.5,37.9,300.0,300.0,29.9,36.5,35.1,34.800000000000004,37.1,4.96,2.0,4.96,0.16,0.0,0.0,1027.0,8228.0,0.0,0.0,0.0,0.0,0.0,1.0,0.0,0.0,0.0,-0.001,0.0,0.1,0.0,-16.7,-12.7,0.0145,16.0,25903.0
2026-07-30T18:58:17.602Z,67.085,67.098,-7.5,7.4,0.0,0.0,0.0,0.0,0.0,1.0,1.0,0.0,1.0,0.0,0.0,0.0,8.0,6.0,0.0,0.0,0.0,0.0,0.0,0.0,0.0,0.0,2.0,12.0,1.0,12.05,5.01,2.5,1.49,-2.2,0.2,2.2,301.0,-0.1,-11.4,3.5,9.9,-82.30000000000001,0.0,0.0,219.8,0.0,22.1,34.5,34.5,37.9,300.0,300.0,29.9,36.5,35.1,34.800000000000004,37.1,4.95,2.0,4.96,0.16,0.0,0.0,1027.0,8228.0,0.0,0.0,0.0,0.0,0.0,1.0,0.0,0.0,0.0,-0.001,0.0,1.1,0.0,-13.8,-12.7,0.0142,16.0,25903.0
2026-07-30T18:58:17.614Z,67.097,67.11,-7.5,7.4,0.0,0.0,0.0,0.0,0.0,1.0,1.0,0.0,1.0,0.0,0.0,0.0,8.0,6.0,0.0,0.0,0.0,0.0,0.0,0.0,0.0,0.0,3.0,12.0,1.0,12.05,5.01,2.5,1.49,-2.1,0.2,2.1,301.1,-0.1,-11.4,2.9000000000000004,11.6,-82.30000000000001,0.0,0.0,219.8,0.0,22.1,34.5,34.5,37.9,300.0,300.0,29.9,36.5,35.1,34.800000000000004,37.1,4.95,2.0,4.96,0.16,0.0,0.0,1027.0,8228.0,0.0,0.0,0.0,0.0,0.0,1.0,0.0,0.0,0.0,-0.001,0.0,0.2,0.0,-15.4,-12.7,0.0147,16.0,25903.0
2026-07-30T18:58:17.626Z,67.109,67.122,-7.4,7.4,0.0,0.0,0.0,0.0,0.0,1.0,1.0,0.0,1.0,0.0,0.0,0.0,8.0,6.0,0.0,0.0,0.0,0.0,0.0,0.0,0.0,0.0,5.0,12.0,1.0,12.02,5.01,2.51,1.49,-2.2,0.3,2.2,301.0,-0.1,-11.4,1.7000000000000002,9.9,-82.30000000000001,0.0,0.0,219.9,0.0,22.200000000000003,34.5,34.5,37.9,300.0,300.0,29.9,36.5,35.1,34.800000000000004,37.1,4.95,2.0,4.97,0.16,0.0,0.0,1027.0,8228.0,0.0,0.0,0.0,0.0,0.0,1.0,0.0,0.0,0.0,-0.001,0.0,-0.4,0.0,-12.5,-12.8,0.0144,16.0,25903.0
2026-07-30T18:58:17.639Z,67.122,67.134,-7.4,7.4,0.0,0.0,0.0,0.0,0.0,1.0,1.0,0.0,1.0,0.0,0.0,0.0,8.0,6.0,0.0,0.0,0.0,0.0,0.0,0.0,0.0,0.0,6.0,12.0,1.0,12.02,5.01,2.51,1.49,-2.2,0.3,2.2,301.0,-0.1,-12.0,1.7000000000000002,9.9,-82.30000000000001,0.0,0.0,219.8,0.0,22.200000000000003,34.5,34.5,37.9,300.0,300.0,29.9,36.5,35.1,34.800000000000004,37.1,4.95,2.0,4.96,0.16,0.0,0.0,1027.0,8228.0,0.0,0.0,0.0,0.0,0.0,1.0,0.0,0.0,0.0,-0.001,0.0,-0.4,0.0,-12.5,-12.8,0.015,16.0,25903.0
2026-07-30T18:58:17.651Z,67.134,67.146,-7.4,7.4,0.0,0.0,0.0,0.0,0.0,1.0,1.0,0.0,1.0,0.0,0.0,0.0,8.0,6.0,0.0,0.0,0.0,0.0,0.0,0.0,0.0,0.0,1.0,12.0,1.0,12.02,5.01,2.51,1.49,-2.2,0.2,2.2,301.1,-0.1,-12.0,4.0,9.3,-82.30000000000001,0.0,0.0,219.7,0.0,22.200000000000003,34.5,34.5,37.9,300.0,300.0,29.9,36.5,35.1,34.800000000000004,37.1,4.96,2.0,4.96,0.16,0.0,0.0,1027.0,8228.0,0.0,0.0,0.0,0.0,0.0,1.0,0.0,0.0,0.0,-0.001,0.0,1.8,0.0,-13.6,-12.8,0.0152,16.0,25903.0
2026-07-30T18:58:17.662Z,67.145,67.158,-7.5,7.4,0.0,0.0,0.0,0.0,0.0,1.0,1.0,0.0,1.0,0.0,0.0,0.0,8.0,6.0,0.0,0.0,0.0,0.0,0.0,0.0,0.0,0.0,3.0,12.0,1.0,12.02,5.01,2.51,1.49,-2.2,0.3,2.2,301.0,-0.1,-11.4,1.7000000000000002,10.4,-82.30000000000001,0.0,0.0,219.7,0.0,22.200000000000003,34.5,34.5,37.9,300.0,300.0,29.9,36.5,35.1,34.800000000000004,37.1,4.95,2.0,4.96,0.16,0.0,0.0,1027.0,8228.0,0.0,0.0,0.0,0.0,0.0,1.0,0.0,0.0,0.0,-0.001,0.0,-0.4,0.0,-13.2,-12.9,0.0151,16.0,25903.0
2026-07-30T18:58:17.674Z,67.157,67.17,-7.5,7.4,0.0,0.0,0.0,0.0,0.0,1.0,1.0,0.0,1.0,0.0,0.0,0.0,8.0,6.0,0.0,0.0,0.0,0.0,0.0,0.0,0.0,0.0,4.0,12.0,1.0,12.02,5.01,2.51,1.49,-2.2,0.3,2.2,301.1,-0.1,-10.9,1.7000000000000002,10.4,-82.30000000000001,0.0,0.0,219.7,0.0,22.200000000000003,34.5,34.5,37.9,300.0,300.0,29.9,36.5,35.1,34.800000000000004,37.1,4.95,2.0,4.96,0.16,0.0,0.0,1027.0,8228.0,0.0,0.0,0.0,0.0,0.0,1.0,0.0,0.0,0.0,-0.001,0.0,-0.4,0.0,-13.2,-12.7,0.0151,16.0,25903.0
2026-07-30T18:58:17.687Z,67.17,67.182,-7.5,7.4,0.0,0.0,0.0,0.0,0.0,1.0,1.0,0.0,1.0,0.0,0.0,0.0,8.0,6.0,0.0,0.0,0.0,0.0,0.0,0.0,0.0,0.0,5.0,12.0,1.0,12.02,5.01,2.51,1.49,-2.2,0.2,2.2,301.1,-0.1,-12.0,3.5,8.700000000000001,-82.30000000000001,0.0,0.0,219.7,0.0,22.200000000000003,34.5,34.5,37.9,300.0,300.0,29.9,36.5,35.1,34.800000000000004,37.1,4.95,2.0,4.96,0.16,0.0,0.0,1027.0,8228.0,0.0,0.0,0.0,0.0,0.0,1.0,0.0,0.0,0.0,-0.001,0.0,1.4,0.0,-12.5,-12.6,0.0149,16.0,25903.0
2026-07-30T18:58:17.699Z,67.182,67.194,-7.4,7.4,0.0,0.0,0.0,0.0,0.0,1.0,1.0,0.0,1.0,0.0,0.0,0.0,8.0,6.0,0.0,0.0,0.0,0.0,0.0,0.0,0.0,0.0,6.0,12.0,1.0,12.02,5.01,2.51,1.49,-2.3000000000000003,0.3,2.3000000000000003,300.90000000000003,-0.1,-12.0,1.7000000000000002,8.700000000000001,-82.30000000000001,0.0,0.0,219.8,0.0,22.200000000000003,34.5,34.5,37.9,300.0,300.0,29.9,36.5,35.1,34.800000000000004,37.1,4.95,2.0,4.96,0.16,0.0,0.0,1027.0,8228.0,0.0,0.0,0.0,0.0,0.0,1.0,0.0,0.0,0.0,-0.001,0.0,-0.1,0.0,-11.2,-12.7,0.0149,16.0,25903.0
2026-07-30T18:58:17.710Z,67.193,67.206,-7.4,7.4,0.0,0.0,0.0,0.0,0.0,1.0,1.0,0.0,1.0,0.0,0.0,0.0,8.0,6.0,0.0,0.0,0.0,0.0,0.0,0.0,0.0,0.0,2.0,12.0,1.0,12.02,5.01,2.51,1.49,-2.2,0.2,2.2,301.1,-0.1,-11.4,2.3000000000000003,9.9,-82.30000000000001,0.0,0.0,219.8,0.0,22.200000000000003,34.5,34.5,37.9,300.0,300.0,29.9,36.5,35.1,34.800000000000004,37.1,4.95,2.0,4.97,0.16,0.0,0.0,1027.0,8228.0,0.0,0.0,0.0,0.0,0.0,1.0,0.0,0.0,0.0,-0.001,0.0,0.1,0.0,-12.9,-12.9,0.0155,16.0,25903.0
2026-07-30T18:58:17.724Z,67.207,67.218,-7.4,7.4,0.0,0.0,0.0,0.0,0.0,1.0,1.0,0.0,1.0,0.0,0.0,0.0,8.0,6.0,0.0,0.0,0.0,0.0,0.0,0.0,0.0,0.0,3.0,12.0,1.0,12.05,5.01,2.51,1.49,-2.3000000000000003,0.3,2.3000000000000003,301.1,-0.1,-12.6,0.5,9.9,-82.30000000000001,0.0,0.0,219.8,0.0,22.1,34.5,34.5,37.9,300.0,300.0,29.9,36.6,35.1,34.9,37.1,4.95,2.0,4.96,0.16,0.0,0.0,1027.0,8228.0,0.0,0.0,0.0,0.0,0.0,1.0,0.0,0.0,0.0,-0.001,0.0,-1.4,0.0,-11.7,-12.9,0.0152,16.0,25903.0
2026-07-30T18:58:17.734Z,67.217,67.23,-7.5,7.4,0.0,0.0,0.0,0.0,0.0,1.0,1.0,0.0,1.0,0.0,0.0,0.0,8.0,6.0,0.0,0.0,0.0,0.0,0.0,0.0,0.0,0.0,4.0,12.0,1.0,12.05,5.01,2.51,1.49,-2.3000000000000003,0.2,2.3000000000000003,301.0,-0.1,-12.0,1.7000000000000002,8.700000000000001,-82.30000000000001,0.0,0.0,219.8,0.0,22.1,34.5,34.5,37.9,300.0,300.0,29.9,36.6,35.1,34.9,37.1,4.95,2.0,4.96,0.16,0.0,0.0,1027.0,8228.0,0.0,0.0,0.0,0.0,0.0,1.0,0.0,0.0,0.0,-0.001,0.0,-0.1,0.0,-11.2,-12.8,0.0155,16.0,25903.0
2026-07-30T18:58:17.746Z,67.229,67.242,-7.5,7.4,0.0,0.0,0.0,0.0,0.0,1.0,1.0,0.0,1.0,0.0,0.0,0.0,8.0,6.0,0.0,0.0,0.0,0.0,0.0,0.0,0.0,0.0,5.0,12.0,1.0,12.05,5.01,2.51,1.49,-2.3000000000000003,0.3,2.3000000000000003,301.1,-0.1,-13.2,1.1,8.1,-82.30000000000001,0.0,0.0,219.8,0.0,22.1,34.5,34.5,37.9,300.0,300.0,29.9,36.6,35.1,34.9,37.1,4.95,2.0,4.96,0.16,0.0,0.0,1027.0,8228.0,0.0,0.0,0.0,0.0,0.0,1.0,0.0,0.0,0.0,-0.001,0.0,-0.5,0.0,-10.1,-12.8,0.0155,16.0,25903.0
2026-07-30T18:58:17.758Z,67.241,67.254,-7.4,7.4,0.0,0.0,0.0,0.0,0.0,1.0,1.0,0.0,1.0,0.0,0.0,0.0,8.0,6.0,0.0,0.0,0.0,0.0,0.0,0.0,0.0,0.0,6.0,12.0,1.0,12.05,5.01,2.51,1.49,-2.3000000000000003,0.3,2.3000000000000003,300.90000000000003,-0.1,-12.6,0.5,8.700000000000001,-82.4,0.0,0.0,219.9,0.0,22.1,34.5,34.5,37.9,300.0,300.0,29.9,36.6,35.1,34.9,37.1,4.96,2.0,4.96,0.16,0.0,0.0,1027.0,8228.0,0.0,0.0,0.0,0.0,0.0,1.0,0.0,0.0,0.0,-0.001,0.0,-1.2000000000000002,0.0,-10.3,-12.8,0.0158,16.0,25903.0
2026-07-30T18:58:17.770Z,67.253,67.266,-7.5,7.4,0.0,0.0,0.0,0.0,0.0,1.0,1.0,0.0,1.0,0.0,0.0,0.0,8.0,6.0,0.0,0.0,0.0,0.0,0.0,0.0,0.0,0.0,1.0,12.0,1.0,12.05,5.01,2.51,1.49,-2.3000000000000003,0.3,2.3000000000000003,301.0,-0.1,-12.0,0.5,9.3,-82.4,0.0,0.0,219.9,0.0,22.1,34.5,34.5,37.9,300.0,300.0,29.9,36.6,35.1,34.9,37.1,4.95,2.0,4.97,0.16,0.0,0.0,1027.0,8228.0,0.0,0.0,0.0,0.0,0.0,1.0,0.0,0.0,0.0,-0.001,0.0,-1.3,0.0,-11.0,-12.8,0.0157,16.0,25903.0
2026-07-30T18:58:17.789Z,67.272,67.278,-7.5,7.4,0.0,0.0,0.0,0.0,0.0,1.0,1.0,0.0,1.0,0.0,0.0,0.0,8.0,6.0,0.0,0.0,0.0,0.0,0.0,0.0,0.0,0.0,2.0,12.0,1.0,12.05,5.01,2.51,1.49,-2.2,0.2,2.2,301.0,-0.1,-13.2,2.3000000000000003,9.9,-82.4,0.0,0.0,219.8,0.0,22.1,34.5,34.5,37.9,300.0,300.0,29.9,36.6,35.1,34.9,37.1,4.95,2.0,4.97,0.16,0.0,0.0,1027.0,8228.0,0.0,0.0,0.0,0.0,0.0,1.0,0.0,0.0,0.0,-0.001,0.0,0.1,0.0,-12.9,-12.7,0.0154,16.0,25903.0
2026-07-30T18:58:17.795Z,67.278,67.29,-7.5,7.4,0.0,0.0,0.0,0.0,0.0,1.0,1.0,0.0,1.0,0.0,0.0,0.0,8.0,6.0,0.0,0.0,0.0,0.0,0.0,0.0,0.0,0.0,1.0,12.0,1.0,12.05,5.01,2.51,1.49,-2.2,0.3,2.2,301.0,-0.1,-12.6,1.1,10.4,-82.4,0.0,0.0,219.8,0.0,22.1,34.5,34.5,37.9,300.0,300.0,29.9,36.6,35.1,34.9,37.1,4.95,2.0,4.97,0.16,0.0,0.0,1027.0,8228.0,0.0,0.0,0.0,0.0,0.0,1.0,0.0,0.0,0.0,-0.001,0.0,-1.0,0.0,-12.7,-12.7,0.0149,16.0,25903.0
2026-07-30T18:58:17.807Z,67.29,67.302,-7.4,7.4,0.0,0.0,0.0,0.0,0.0,1.0,1.0,0.0,1.0,0.0,0.0,0.0,8.0,6.0,0.0,0.0,0.0,0.0,0.0,0.0,0.0,0.0,2.0,12.0,1.0,12.05,5.01,2.51,1.49,-2.3000000000000003,0.3,2.3000000000000003,301.0,-0.1,-12.6,1.1,8.1,-82.4,0.0,0.0,219.8,0.0,22.1,34.5,34.5,37.9,300.0,300.0,29.9,36.6,35.1,34.9,37.1,4.96,2.0,4.96,0.16,0.0,0.0,1027.0,8228.0,0.0,0.0,0.0,0.0,0.0,1.0,0.0,0.0,0.0,-0.001,0.0,-0.5,0.0,-10.1,-12.7,0.015,16.0,25903.0
2026-07-30T18:58:17.819Z,67.302,67.31400000000001,-7.4,7.4,0.0,0.0,0.0,0.0,0.0,1.0,1.0,0.0,1.0,0.0,0.0,0.0,8.0,6.0,0.0,0.0,0.0,0.0,0.0,0.0,0.0,0.0,3.0,12.0,1.0,12.05,5.01,2.51,1.49,-2.3000000000000003,0.2,2.3000000000000003,301.1,-0.1,-11.4,1.7000000000000002,8.700000000000001,-82.4,0.0,0.0,219.8,0.0,22.1,34.5,34.5,37.9,300.0,300.0,29.9,36.6,35.1,34.9,37.1,4.95,2.0,4.96,0.16,0.0,0.0,1027.0,8228.0,0.0,0.0,0.0,0.0,0.0,1.0,0.0,0.0,0.0,-0.001,0.0,-0.1,0.0,-11.2,-12.9,0.0157,16.0,25903.0
2026-07-30T18:58:17.831Z,67.314,67.32600000000001,-7.5,7.4,0.0,0.0,0.0,0.0,0.0,1.0,1.0,0.0,1.0,0.0,0.0,0.0,8.0,6.0,0.0,0.0,0.0,0.0,0.0,0.0,0.0,0.0,4.0,12.0,1.0,12.06,5.01,2.5,1.5,-2.2,0.2,2.2,301.0,-0.1,-11.4,2.3000000000000003,9.3,-82.4,0.0,0.0,219.9,0.0,22.1,34.6,34.5,37.9,300.0,300.0,30.1,36.5,35.2,34.9,37.1,4.95,1.99,4.96,0.16,0.0,0.0,1027.0,8228.0,0.0,0.0,0.0,0.0,0.0,1.0,0.0,0.0,0.0,-0.001,0.0,0.2,0.0,-12.3,-12.9,0.0156,16.0,25903.0
2026-07-30T18:58:17.843Z,67.326,67.33800000000001,-7.4,7.4,0.0,0.0,0.0,0.0,0.0,1.0,1.0,0.0,1.0,0.0,0.0,0.0,8.0,6.0,0.0,0.0,0.0,0.0,0.0,0.0,0.0,0.0,5.0,12.0,1.0,12.06,5.01,2.5,1.5,-2.2,0.2,2.2,301.0,-0.1,-11.4,2.3000000000000003,9.9,-82.4,0.0,0.0,219.9,0.0,22.1,34.6,34.5,37.9,300.0,300.0,30.1,36.5,35.2,34.9,37.1,4.95,2.0,4.96,0.16,0.0,0.0,1027.0,8228.0,0.0,0.0,0.0,0.0,0.0,1.0,0.0,0.0,0.0,-0.001,0.0,0.1,0.0,-12.9,-12.7,0.0152,16.0,25903.0
2026-07-30T18:58:17.855Z,67.338,67.35,-7.4,7.4,0.0,0.0,0.0,0.0,0.0,1.0,1.0,0.0,1.0,0.0,0.0,0.0,8.0,6.0,0.0,0.0,0.0,0.0,0.0,0.0,0.0,0.0,6.0,12.0,1.0,12.06,5.01,2.5,1.5,-2.1,0.2,2.2,301.1,-0.1,-10.9,2.9000000000000004,11.0,-82.4,0.0,0.0,219.8,0.0,22.1,34.6,34.5,37.9,300.0,300.0,30.1,36.5,35.2,34.9,37.1,4.95,2.0,4.96,0.16,0.0,0.0,1027.0,8228.0,0.0,0.0,0.0,0.0,0.0,1.0,0.0,0.0,0.0,-0.001,0.0,0.4,0.0,-14.7,-12.8,0.0151,16.0,25903.0
2026-07-30T18:58:17.866Z,67.349,67.362,-7.5,7.4,0.0,0.0,0.0,0.0,0.0,1.0,1.0,0.0,1.0,0.0,0.0,0.0,8.0,6.0,0.0,0.0,0.0,0.0,0.0,0.0,0.0,0.0,1.0,12.0,1.0,12.06,5.01,2.5,1.5,-2.1,0.2,2.1,301.0,-0.1,-10.9,3.5,10.4,-82.4,0.0,0.0,219.7,0.0,22.1,34.6,34.5,37.9,300.0,300.0,30.1,36.5,35.2,34.9,37.1,4.95,2.0,4.96,0.16,0.0,0.0,1027.0,8228.0,0.0,0.0,0.0,0.0,0.0,1.0,0.0,0.0,0.0,-0.001,0.0,1.0,0.0,-14.5,-12.8,0.0151,16.0,25903.0
2026-07-30T18:58:17.878Z,67.361,67.374,-7.5,7.4,0.0,0.0,0.0,0.0,0.0,1.0,1.0,0.0,1.0,0.0,0.0,0.0,8.0,6.0,0.0,0.0,0.0,0.0,0.0,0.0,0.0,0.0,2.0,12.0,1.0,12.06,5.01,2.5,1.5,-2.2,0.2,2.2,301.0,-0.1,-10.3,2.3000000000000003,9.9,-82.4,0.0,0.0,219.8,0.0,22.1,34.6,34.5,37.9,300.0,300.0,30.1,36.5,35.2,34.9,37.1,4.95,2.0,4.96,0.16,0.0,0.0,1027.0,8228.0,0.0,0.0,0.0,0.0,0.0,1.0,0.0,0.0,0.0,-0.001,0.0,0.1,0.0,-12.9,-12.6,0.0145,16.0,25903.0
2026-07-30T18:58:17.891Z,67.374,67.386,-7.5,7.4,0.0,0.0,0.0,0.0,0.0,1.0,1.0,0.0,1.0,0.0,0.0,0.0,8.0,6.0,0.0,0.0,0.0,0.0,0.0,0.0,0.0,0.0,3.0,12.0,1.0,12.06,5.01,2.5,1.5,-2.1,0.2,2.1,301.0,-0.1,-12.0,3.5,11.0,-82.4,0.0,0.0,219.8,0.0,22.1,34.6,34.5,37.9,300.0,300.0,30.1,36.5,35.2,34.9,37.1,4.96,2.0,4.96,0.17,0.0,0.0,1027.0,8228.0,0.0,0.0,0.0,0.0,0.0,1.0,0.0,0.0,0.0,-0.001,0.0,0.9,0.0,-15.1,-12.6,0.0149,16.0,25903.0
2026-07-30T18:58:17.903Z,67.386,67.398,-7.4,7.4,0.0,0.0,0.0,0.0,0.0,1.0,1.0,0.0,1.0,0.0,0.0,0.0,8.0,6.0,0.0,0.0,0.0,0.0,0.0,0.0,0.0,0.0,4.0,12.0,1.0,12.06,5.01,2.5,1.5,-2.2,0.2,2.2,301.0,-0.1,-10.9,2.9000000000000004,8.700000000000001,-82.4,0.0,0.0,219.9,0.0,22.1,34.6,34.5,37.9,300.0,300.0,30.1,36.5,35.2,34.9,37.1,4.95,2.0,4.96,0.16,0.0,0.0,1027.0,8228.0,0.0,0.0,0.0,0.0,0.0,1.0,0.0,0.0,0.0,-0.001,0.0,0.8,0.0,-12.0,-12.7,0.0151,16.0,25903.0
2026-07-30T18:58:17.914Z,67.397,67.41,-7.5,7.4,0.0,0.0,0.0,0.0,0.0,1.0,1.0,0.0,1.0,0.0,0.0,0.0,8.0,6.0,0.0,0.0,0.0,0.0,0.0,0.0,0.0,0.0,6.0,12.0,1.0,12.06,5.01,2.5,1.5,-2.2,0.3,2.2,301.1,-0.1,-11.4,1.7000000000000002,9.9,-82.4,0.0,0.0,219.8,0.0,22.1,34.6,34.5,37.9,300.0,300.0,30.1,36.5,35.2,34.9,37.1,4.96,2.0,4.96,0.16,0.0,0.0,1027.0,8228.0,0.0,0.0,0.0,0.0,0.0,1.0,0.0,0.0,0.0,-0.001,0.0,-0.3,0.0,-12.5,-12.9,0.0155,16.0,25903.0
2026-07-30T18:58:17.927Z,67.41,67.422,-7.5,7.4,0.0,0.0,0.0,0.0,0.0,1.0,1.0,0.0,1.0,0.0,0.0,0.0,8.0,6.0,0.0,0.0,0.0,0.0,0.0,0.0,0.0,0.0,1.0,12.0,1.0,12.08,5.01,2.51,1.49,-2.2,0.2,2.2,301.1,-0.1,-11.4,2.3000000000000003,9.3,-82.4,0.0,0.0,219.9,0.0,22.200000000000003,34.6,34.6,37.9,300.0,300.0,30.0,36.4,35.2,34.9,37.1,4.96,2.0,4.96,0.16,0.0,0.0,1027.0,8228.0,0.0,0.0,0.0,0.0,0.0,1.0,0.0,0.0,0.0,-0.001,0.0,0.2,0.0,-12.3,-12.7,0.0158,16.0,25903.0
2026-07-30T18:58:17.938Z,67.421,67.434,-7.4,7.4,0.0,0.0,0.0,0.0,0.0,1.0,1.0,0.0,1.0,0.0,0.0,0.0,8.0,6.0,0.0,0.0,0.0,0.0,0.0,0.0,0.0,0.0,3.0,12.0,1.0,12.08,5.01,2.51,1.49,-2.2,0.3,2.2,301.0,-0.1,-11.4,2.3000000000000003,9.3,-82.30000000000001,0.0,0.0,219.9,0.0,22.200000000000003,34.6,34.6,37.9,300.0,300.0,30.0,36.4,35.2,34.9,37.1,4.95,2.0,4.96,0.16,0.0,0.0,1027.0,8228.0,0.0,0.0,0.0,0.0,0.0,1.0,0.0,0.0,0.0,-0.001,0.0,0.2,0.0,-12.3,-12.7,0.0156,16.0,25903.0
2026-07-30T18:58:17.950Z,67.433,67.446,-7.4,7.4,0.0,0.0,0.0,0.0,0.0,1.0,1.0,0.0,1.0,0.0,0.0,0.0,8.0,6.0,0.0,0.0,0.0,0.0,0.0,0.0,0.0,0.0,4.0,12.0,1.0,12.08,5.01,2.51,1.49,-2.1,0.2,2.1,301.1,-0.1,-11.4,4.0,11.0,-82.30000000000001,0.0,0.0,219.8,0.0,22.200000000000003,34.6,34.6,37.9,300.0,300.0,30.0,36.4,35.2,34.9,37.1,4.96,2.0,4.96,0.16,0.0,0.0,1027.0,8228.0,0.0,0.0,0.0,0.0,0.0,1.0,0.0,0.0,0.0,-0.001,0.0,-1.7000000000000002,0.0,-6.800000000000001,-12.8,0.0156,16.0,25903.0
2026-07-30T18:58:17.963Z,67.446,67.458,-7.4,7.4,0.0,0.0,0.0,0.0,0.0,1.0,1.0,0.0,1.0,0.0,0.0,0.0,8.0,6.0,0.0,0.0,0.0,0.0,0.0,0.0,0.0,0.0,5.0,12.0,1.0,12.08,5.01,2.51,1.49,-2.2,0.3,2.3000000000000003,301.0,-0.1,-11.4,1.1,9.3,-82.30000000000001,0.0,0.0,219.6,0.0,22.200000000000003,34.6,34.6,37.9,300.0,300.0,30.0,36.4,35.2,34.9,37.1,4.96,2.0,4.96,0.16,0.0,0.0,1027.0,8228.0,0.0,0.0,0.0,0.0,0.0,1.0,0.0,0.0,0.0,-0.001,0.0,-1.2000000000000002,0.0,-11.0,-12.8,0.0165,16.0,25903.0
2026-07-30T18:58:17.974Z,67.457,67.47,-7.5,7.4,0.0,0.0,0.0,0.0,0.0,1.0,1.0,0.0,1.0,0.0,0.0,0.0,8.0,6.0,0.0,0.0,0.0,0.0,0.0,0.0,0.0,0.0,6.0,12.0,1.0,12.08,5.01,2.51,1.49,-2.3000000000000003,0.3,2.3000000000000003,301.1,-0.1,-12.0,1.7000000000000002,10.4,-82.30000000000001,0.0,0.0,219.7,0.0,22.200000000000003,34.6,34.6,37.9,300.0,300.0,30.0,36.4,35.2,34.9,37.1,4.96,2.0,4.96,0.16,0.0,0.0,1027.0,8228.0,0.0,0.0,0.0,0.0,0.0,1.0,0.0,0.0,0.0,-0.001,0.0,0.0,0.0,-10.5,-12.8,0.0155,16.0,25903.0
2026-07-30T18:58:17.987Z,67.47,67.482,-7.4,7.4,0.0,0.0,0.0,0.0,0.0,1.0,1.0,0.0,1.0,0.0,0.0,0.0,8.0,6.0,0.0,0.0,0.0,0.0,0.0,0.0,0.0,0.0,1.0,12.0,1.0,12.08,5.01,2.51,1.49,-2.2,0.3,2.2,300.90000000000003,-0.1,-13.2,2.3000000000000003,9.9,-82.30000000000001,0.0,0.0,219.7,0.0,22.200000000000003,34.6,34.6,37.9,300.0,300.0,30.0,36.4,35.2,34.9,37.1,4.95,2.0,4.96,0.16,0.0,0.0,1027.0,8228.0,0.0,0.0,0.0,0.0,0.0,1.0,0.0,0.0,0.0,-0.001,0.0,0.1,0.0,-12.9,-12.7,0.0154,16.0,25903.0
2026-07-30T18:58:17.999Z,67.482,67.494,-7.4,7.4,0.0,0.0,0.0,0.0,0.0,1.0,1.0,0.0,1.0,0.0,0.0,0.0,8.0,6.0,0.0,0.0,0.0,0.0,0.0,0.0,0.0,0.0,2.0,12.0,1.0,12.08,5.01,2.51,1.49,-2.3000000000000003,0.2,2.3000000000000003,301.0,-0.1,-13.2,2.3000000000000003,8.700000000000001,-82.30000000000001,0.0,0.0,219.8,0.0,22.200000000000003,34.6,34.6,37.9,300.0,300.0,30.0,36.4,35.2,34.9,37.1,4.96,2.0,4.96,0.16,0.0,0.0,1027.0,8228.0,0.0,0.0,0.0,0.0,0.0,1.0,0.0,0.0,0.0,-0.001,0.0,0.3,0.0,-11.6,-12.9,0.0151,16.0,25903.0
2026-07-30T18:58:18.011Z,67.494,67.506,-7.5,7.4,0.0,0.0,0.0,0.0,0.0,1.0,1.0,0.0,1.0,0.0,0.0,0.0,8.0,6.0,0.0,0.0,0.0,0.0,0.0,0.0,0.0,0.0,3.0,12.0,1.0,12.08,5.01,2.51,1.49,-2.3000000000000003,0.3,2.3000000000000003,301.1,-0.1,-11.4,0.5,9.3,-82.30000000000001,0.0,0.0,219.8,0.0,22.200000000000003,34.6,34.6,37.9,300.0,300.0,30.0,36.4,35.2,34.9,37.1,4.95,2.0,4.97,0.16,0.0,0.0,1027.0,8228.0,0.0,0.0,0.0,0.0,0.0,1.0,0.0,0.0,0.0,-0.001,0.0,-1.3,0.0,-11.0,-12.9,0.0155,16.0,25903.0
2026-07-30T18:58:18.023Z,67.506,67.518,-7.5,7.4,0.0,0.0,0.0,0.0,0.0,1.0,1.0,0.0,1.0,0.0,0.0,0.0,8.0,6.0,0.0,0.0,0.0,0.0,0.0,0.0,0.0,0.0,5.0,12.0,1.0,12.08,5.01,2.51,1.49,-2.2,0.2,2.2,301.0,-0.1,-12.0,3.5,10.4,-82.30000000000001,0.0,0.0,219.8,0.0,22.200000000000003,34.6,34.6,37.9,300.0,300.0,30.0,36.4,35.2,34.9,37.1,4.95,2.0,4.96,0.16,0.0,0.0,1027.0,8228.0,0.0,0.0,0.0,0.0,0.0,1.0,0.0,0.0,0.0,-0.001,0.0,1.0,0.0,-14.5,-12.8,0.0155,16.0,25903.0
2026-07-30T18:58:18.035Z,67.518,67.53,-7.5,7.4,0.0,0.0,0.0,0.0,0.0,1.0,1.0,0.0,1.0,0.0,0.0,0.0,8.0,6.0,0.0,0.0,0.0,0.0,0.0,0.0,0.0,0.0,6.0,12.0,1.0,12.05,5.01,2.51,1.5,-2.2,0.2,2.2,301.0,-0.1,-11.4,2.3000000000000003,9.9,-82.30000000000001,0.0,0.0,219.9,0.0,22.200000000000003,34.6,34.6,37.9,300.0,300.0,29.9,36.5,35.1,34.9,37.1,4.95,2.0,4.96,0.16,0.0,0.0,1027.0,8228.0,0.0,0.0,0.0,0.0,0.0,1.0,0.0,0.0,0.0,-0.001,0.0,0.1,0.0,-12.9,-12.8,0.0147,16.0,25903.0
2026-07-30T18:58:18.047Z,67.53,67.542,-7.5,7.4,0.0,0.0,0.0,0.0,0.0,1.0,1.0,0.0,1.0,0.0,0.0,0.0,8.0,6.0,0.0,0.0,0.0,0.0,0.0,0.0,0.0,0.0,1.0,12.0,1.0,12.05,5.01,2.51,1.5,-2.1,0.2,2.2,301.1,-0.1,-11.4,2.9000000000000004,11.0,-82.4,0.0,0.0,219.9,0.0,22.200000000000003,34.6,34.6,37.9,300.0,300.0,29.9,36.5,35.1,34.9,37.1,4.96,2.0,4.96,0.16,0.0,0.0,1027.0,8228.0,0.0,0.0,0.0,0.0,0.0,1.0,0.0,0.0,0.0,-0.001,0.0,0.3,0.0,-14.7,-12.8,0.0151,16.0,25903.0
2026-07-30T18:58:18.059Z,67.542,67.554,-7.5,7.4,0.0,0.0,0.0,0.0,0.0,1.0,1.0,0.0,1.0,0.0,0.0,0.0,8.0,6.0,0.0,0.0,0.0,0.0,0.0,0.0,0.0,0.0,2.0,12.0,1.0,12.05,5.01,2.51,1.5,-2.1,0.2,2.2,301.1,-0.1,-10.9,3.5,9.9,-82.4,0.0,0.0,219.8,0.0,22.200000000000003,34.6,34.6,37.9,300.0,300.0,29.9,36.5,35.1,34.9,37.1,4.95,2.0,4.97,0.16,0.0,0.0,1027.0,8228.0,0.0,0.0,0.0,0.0,0.0,1.0,0.0,0.0,0.0,-0.001,0.0,1.1,0.0,-13.8,-12.7,0.0146,16.0,25903.0
2026-07-30T18:58:18.070Z,67.553,67.566,-7.5,7.4,0.0,0.0,0.0,0.0,0.0,1.0,1.0,0.0,1.0,0.0,0.0,0.0,8.0,6.0,0.0,0.0,0.0,0.0,0.0,0.0,0.0,0.0,3.0,12.0,1.0,12.05,5.01,2.51,1.5,-2.1,0.2,2.2,301.1,-0.1,-10.9,2.9000000000000004,10.4,-82.30000000000001,0.0,0.0,219.8,0.0,22.200000000000003,34.6,34.6,37.9,300.0,300.0,29.9,36.5,35.1,34.9,37.1,4.95,2.0,4.96,0.16,0.0,0.0,1027.0,8228.0,0.0,0.0,0.0,0.0,0.0,1.0,0.0,0.0,0.0,-0.001,0.0,0.5,0.0,-14.0,-12.7,0.0147,16.0,25903.0
2026-07-30T18:58:18.083Z,67.566,67.578,-7.4,7.4,0.0,0.0,0.0,0.0,0.0,1.0,1.0,0.0,1.0,0.0,0.0,0.0,8.0,6.0,0.0,0.0,0.0,0.0,0.0,0.0,0.0,0.0,4.0,12.0,1.0,12.05,5.01,2.51,1.5,-2.1,0.2,2.1,301.1,-0.1,-10.9,3.5,11.6,-82.30000000000001,0.0,0.0,219.7,0.0,22.200000000000003,34.6,34.6,37.9,300.0,300.0,29.9,36.5,35.1,34.9,37.1,4.95,2.0,4.96,0.16,0.0,0.0,1027.0,8228.0,0.0,0.0,0.0,0.0,0.0,1.0,0.0,0.0,0.0,-0.001,0.0,0.8,0.0,-15.8,-12.7,0.0147,16.0,25903.0
2026-07-30T18:58:18.095Z,67.578,67.59,-7.4,7.4,0.0,0.0,0.0,0.0,0.0,1.0,1.0,0.0,1.0,0.0,0.0,0.0,8.0,6.0,0.0,0.0,0.0,0.0,0.0,0.0,0.0,0.0,6.0,12.0,1.0,12.05,5.01,2.51,1.5,-2.2,0.2,2.2,300.90000000000003,-0.1,-11.4,2.3000000000000003,9.9,-82.4,0.0,0.0,219.8,0.0,22.200000000000003,34.6,34.6,37.9,300.0,300.0,29.9,36.5,35.1,34.9,37.1,4.95,2.0,4.96,0.16,0.0,0.0,1027.0,8228.0,0.0,0.0,0.0,0.0,0.0,1.0,0.0,0.0,0.0,-0.001,0.0,0.1,0.0,-12.9,-12.8,0.0144,16.0,25903.0
2026-07-30T18:58:18.109Z,67.592,67.602,-7.4,7.4,0.0,0.0,0.0,0.0,0.0,1.0,1.0,0.0,1.0,0.0,0.0,0.0,8.0,6.0,0.0,0.0,0.0,0.0,0.0,0.0,0.0,0.0,1.0,12.0,1.0,12.05,5.01,2.51,1.5,-2.2,0.3,2.2,301.1,-0.1,-12.0,1.7000000000000002,9.9,-82.4,0.0,0.0,219.8,0.0,22.200000000000003,34.6,34.6,37.9,300.0,300.0,29.9,36.5,35.1,34.9,37.1,4.96,2.0,4.96,0.16,0.0,0.0,1027.0,8228.0,0.0,0.0,0.0,0.0,0.0,1.0,0.0,0.0,0.0,-0.001,0.0,-0.4,0.0,-12.5,-12.8,0.015,16.0,25903.0
2026-07-30T18:58:18.119Z,67.602,67.614,-7.5,7.4,0.0,0.0,0.0,0.0,0.0,1.0,1.0,0.0,1.0,0.0,0.0,0.0,8.0,6.0,0.0,0.0,0.0,0.0,0.0,0.0,0.0,0.0,6.0,12.0,1.0,12.05,5.01,2.51,1.5,-2.2,0.2,2.2,301.0,-0.1,-11.4,3.5,9.9,-82.4,0.0,0.0,219.8,0.0,22.200000000000003,34.6,34.6,37.9,300.0,300.0,29.9,36.5,35.1,34.9,37.1,4.96,2.0,4.96,0.16,0.0,0.0,1027.0,8228.0,0.0,0.0,0.0,0.0,0.0,1.0,0.0,0.0,0.0,-0.001,0.0,1.1,0.0,-13.8,-12.8,0.0151,16.0,25903.0
2026-07-30T18:58:18.131Z,67.614,67.626,-7.4,7.4,0.0,0.0,0.0,0.0,0.0,1.0,1.0,0.0,1.0,0.0,0.0,0.0,8.0,6.0,0.0,0.0,0.0,0.0,0.0,0.0,0.0,0.0,1.0,12.0,1.0,12.05,5.01,2.51,1.49,-2.2,0.2,2.2,300.90000000000003,-0.1,-11.4,2.9000000000000004,9.9,-82.4,0.0,0.0,219.8,0.0,21.9,34.6,34.6,37.9,300.0,300.0,30.1,36.5,35.1,34.9,37.1,4.96,2.0,4.96,0.16,0.0,0.0,1027.0,8228.0,0.0,0.0,0.0,0.0,0.0,1.0,0.0,0.0,0.0,-0.001,0.0,0.6000000000000001,0.0,-13.4,-12.8,0.0148,16.0,25903.0
2026-07-30T18:58:18.143Z,67.626,67.638,-7.4,7.4,0.0,0.0,0.0,0.0,0.0,1.0,1.0,0.0,1.0,0.0,0.0,0.0,8.0,6.0,0.0,0.0,0.0,0.0,0.0,0.0,0.0,0.0,2.0,12.0,1.0,12.05,5.01,2.51,1.49,-2.1,0.2,2.2,301.0,-0.1,-11.4,2.9000000000000004,11.6,-82.4,0.0,0.0,219.8,0.0,21.9,34.6,34.6,37.9,300.0,300.0,30.1,36.5,35.1,34.9,37.1,4.96,2.0,4.96,0.16,0.0,0.0,1027.0,8228.0,0.0,0.0,0.0,0.0,0.0,1.0,0.0,0.0,0.0,-0.001,0.0,0.2,0.0,-15.4,-12.9,0.0151,16.0,25903.0
2026-07-30T18:58:18.154Z,67.637,67.65,-7.5,7.4,0.0,0.0,0.0,0.0,0.0,1.0,1.0,0.0,1.0,0.0,0.0,0.0,8.0,6.0,0.0,0.0,0.0,0.0,0.0,0.0,0.0,0.0,3.0,12.0,1.0,12.05,5.01,2.51,1.49,-2.2,0.3,2.3000000000000003,301.0,-0.1,-12.6,1.1,9.9,-82.4,0.0,0.0,219.8,0.0,21.9,34.6,34.6,37.9,300.0,300.0,30.1,36.5,35.1,34.9,37.1,4.96,2.0,4.96,0.16,0.0,0.0,1027.0,8228.0,0.0,0.0,0.0,0.0,0.0,1.0,0.0,0.0,0.0,-0.001,0.0,-0.9,0.0,-12.1,-12.8,0.0147,16.0,25903.0
2026-07-30T18:58:18.169Z,67.652,67.662,-7.5,7.4,0.0,0.0,0.0,0.0,0.0,1.0,1.0,0.0,1.0,0.0,0.0,0.0,8.0,6.0,0.0,0.0,0.0,0.0,0.0,0.0,0.0,0.0,4.0,12.0,1.0,12.05,5.01,2.51,1.49,-2.2,0.2,2.2,301.1,-0.1,-11.4,2.3000000000000003,9.9,-82.4,0.0,0.0,219.8,0.0,21.9,34.6,34.6,37.9,300.0,300.0,30.1,36.5,35.1,34.9,37.1,4.96,2.0,4.96,0.16,0.0,0.0,1027.0,8228.0,0.0,0.0,0.0,0.0,0.0,1.0,0.0,0.0,0.0,-0.001,0.0,0.1,0.0,-12.9,-12.8,0.0154,16.0,25903.0
2026-07-30T18:58:18.178Z,67.661,67.674,-7.5,7.4,0.0,0.0,0.0,0.0,0.0,1.0,1.0,0.0,1.0,0.0,0.0,0.0,8.0,6.0,0.0,0.0,0.0,0.0,0.0,0.0,0.0,0.0,5.0,12.0,1.0,12.05,5.01,2.51,1.49,-2.2,0.3,2.3000000000000003,301.0,-0.1,-10.9,2.3000000000000003,9.3,-82.4,0.0,0.0,219.6,0.0,21.9,34.6,34.6,37.9,300.0,300.0,30.1,36.5,35.1,34.9,37.1,4.95,2.0,4.96,0.16,0.0,0.0,1027.0,8228.0,0.0,0.0,0.0,0.0,0.0,1.0,0.0,0.0,0.0,-0.001,0.0,0.2,0.0,-12.3,-12.8,0.0152,16.0,25903.0
2026-07-30T18:58:18.190Z,67.673,67.686,-7.5,7.4,0.0,0.0,0.0,0.0,0.0,1.0,1.0,0.0,1.0,0.0,0.0,0.0,8.0,6.0,0.0,0.0,0.0,0.0,0.0,0.0,0.0,0.0,6.0,12.0,1.0,12.05,5.01,2.51,1.49,-2.2,0.2,2.2,300.90000000000003,-0.1,-12.0,3.5,9.9,-82.4,0.0,0.0,219.6,0.0,21.9,34.6,34.6,37.9,300.0,300.0,30.1,36.5,35.1,34.9,37.1,4.95,2.0,4.97,0.16,0.0,0.0,1027.0,8228.0,0.0,0.0,0.0,0.0,0.0,1.0,0.0,0.0,0.0,-0.001,0.0,1.2000000000000002,0.0,-13.8,-12.7,0.0153,16.0,25903.0
2026-07-30T18:58:18.203Z,67.686,67.69800000000001,-7.5,7.4,0.0,0.0,0.0,0.0,0.0,1.0,1.0,0.0,1.0,0.0,0.0,0.0,8.0,6.0,0.0,0.0,0.0,0.0,0.0,0.0,0.0,0.0,1.0,12.0,1.0,12.05,5.01,2.51,1.49,-2.2,0.2,2.2,301.1,0.0,-11.4,2.3000000000000003,10.4,-82.4,0.0,0.0,219.7,0.0,21.9,34.6,34.6,37.9,300.0,300.0,30.1,36.5,35.1,34.9,37.1,4.96,2.0,4.96,0.16,0.0,0.0,1027.0,8228.0,0.0,0.0,0.0,0.0,0.0,1.0,0.0,0.0,0.0,-0.001,0.0,0.0,0.0,-13.6,-12.8,0.0149,16.0,25903.0
2026-07-30T18:58:18.214Z,67.697,67.71000000000001,-7.5,7.4,0.0,0.0,0.0,0.0,0.0,1.0,1.0,0.0,1.0,0.0,0.0,0.0,8.0,6.0,0.0,0.0,0.0,0.0,0.0,0.0,0.0,0.0,3.0,12.0,1.0,12.05,5.01,2.51,1.49,-2.3000000000000003,0.2,2.3000000000000003,301.1,-0.1,-12.0,2.3000000000000003,8.1,-82.4,0.0,0.0,219.8,0.0,21.9,34.6,34.6,37.9,300.0,300.0,30.1,36.5,35.1,34.9,37.1,4.96,2.0,4.96,0.16,0.0,0.0,1027.0,8228.0,0.0,0.0,0.0,0.0,0.0,1.0,0.0,0.0,0.0,-0.001,0.0,0.4,0.0,-10.9,-12.8,0.0149,16.0,25903.0
2026-07-30T18:58:18.226Z,67.709,67.72200000000001,-7.5,7.4,0.0,0.0,0.0,0.0,0.0,1.0,1.0,0.0,1.0,0.0,0.0,0.0,8.0,6.0,0.0,0.0,0.0,0.0,0.0,0.0,0.0,0.0,4.0,12.0,1.0,12.05,5.01,2.51,1.49,-2.2,0.2,2.2,301.0,-0.1,-12.0,2.9000000000000004,9.9,-82.4,0.0,0.0,219.8,0.0,21.9,34.6,34.6,37.9,300.0,300.0,30.1,36.5,35.1,34.9,37.1,4.95,2.0,4.96,0.16,0.0,0.0,1027.0,8228.0,0.0,0.0,0.0,0.0,0.0,1.0,0.0,0.0,0.0,-0.001,0.0,0.6000000000000001,0.0,-13.4,-12.8,0.0155,16.0,25903.0
2026-07-30T18:58:18.239Z,67.722,67.734,-7.4,7.4,0.0,0.0,0.0,0.0,0.0,1.0,1.0,0.0,1.0,0.0,0.0,0.0,8.0,6.0,0.0,0.0,0.0,0.0,0.0,0.0,0.0,0.0,5.0,12.0,1.0,12.05,5.01,2.5,1.49,-2.3000000000000003,0.3,2.3000000000000003,301.0,-0.1,-13.2,0.5,8.1,-82.4,0.0,0.0,219.9,0.0,22.1,34.6,34.6,38.0,300.0,300.0,30.1,36.5,35.1,34.9,37.1,4.95,2.0,4.97,0.16,0.0,0.0,1027.0,8228.0,0.0,0.0,0.0,0.0,0.0,1.0,0.0,0.0,0.0,-0.001,0.0,-1.0,0.0,-9.6,-12.8,0.015,16.0,25903.0
2026-07-30T18:58:18.250Z,67.733,67.746,-7.5,7.4,0.0,0.0,0.0,0.0,0.0,1.0,1.0,0.0,1.0,0.0,0.0,0.0,8.0,6.0,0.0,0.0,0.0,0.0,0.0,0.0,0.0,0.0,6.0,12.0,1.0,12.05,5.01,2.5,1.49,-2.4000000000000004,0.3,2.4000000000000004,301.1,-0.1,-12.6,0.0,6.9,-82.4,0.0,0.0,219.8,0.0,22.1,34.6,34.6,38.0,300.0,300.0,30.1,36.5,35.1,34.9,37.1,4.95,2.0,4.96,0.16,0.0,0.0,1027.0,8228.0,0.0,0.0,0.0,0.0,0.0,1.0,0.0,0.0,0.0,-0.001,0.0,-1.3,0.0,-7.9,-12.8,0.0159,16.0,25903.0
2026-07-30T18:58:18.262Z,67.745,67.758,-7.5,7.4,0.0,0.0,0.0,0.0,0.0,1.0,1.0,0.0,1.0,0.0,0.0,0.0,8.0,6.0,0.0,0.0,0.0,0.0,0.0,0.0,0.0,0.0,1.0,12.0,1.0,12.05,5.01,2.5,1.49,-2.2,0.3,2.2,300.90000000000003,-0.1,-12.6,1.7000000000000002,9.9,-82.4,0.0,0.0,219.7,0.0,22.1,34.6,34.6,38.0,300.0,300.0,30.1,36.5,35.1,34.9,37.1,4.95,2.0,4.96,0.16,0.0,0.0,1027.0,8228.0,0.0,0.0,0.0,0.0,0.0,1.0,0.0,0.0,0.0,-0.001,0.0,-0.3,0.0,-12.5,-12.7,0.0162,16.0,25903.0
2026-07-30T18:58:18.274Z,67.757,67.77,-7.4,7.4,0.0,0.0,0.0,0.0,0.0,1.0,1.0,0.0,1.0,0.0,0.0,0.0,8.0,6.0,0.0,0.0,0.0,0.0,0.0,0.0,0.0,0.0,2.0,12.0,1.0,12.05,5.01,2.5,1.49,-2.3000000000000003,0.3,2.3000000000000003,301.0,-0.1,-12.0,2.3000000000000003,8.700000000000001,-82.4,0.0,0.0,219.7,0.0,22.1,34.6,34.6,38.0,300.0,300.0,30.1,36.5,35.1,34.9,37.1,4.95,2.0,4.96,0.16,0.0,0.0,1027.0,8228.0,0.0,0.0,0.0,0.0,0.0,1.0,0.0,0.0,0.0,-0.001,0.0,0.3,0.0,-11.6,-12.8,0.0152,16.0,25903.0
2026-07-30T18:58:18.286Z,67.769,67.782,-7.4,7.4,0.0,0.0,0.0,0.0,0.0,1.0,1.0,0.0,1.0,0.0,0.0,0.0,8.0,6.0,0.0,0.0,0.0,0.0,0.0,0.0,0.0,0.0,3.0,12.0,1.0,12.05,5.01,2.5,1.49,-2.2,0.3,2.2,301.1,-0.1,-13.2,2.3000000000000003,11.0,-82.30000000000001,0.0,0.0,219.6,0.0,22.1,34.6,34.6,38.0,300.0,300.0,30.1,36.5,35.1,34.9,37.1,4.95,2.0,4.96,0.16,0.0,0.0,1027.0,8228.0,0.0,0.0,0.0,0.0,0.0,1.0,0.0,0.0,0.0,-0.001,0.0,0.0,0.0,-14.3,-12.8,0.0155,16.0,25903.0
2026-07-30T18:58:18.299Z,67.782,67.794,-7.5,7.4,0.0,0.0,0.0,0.0,0.0,1.0,1.0,0.0,1.0,0.0,0.0,0.0,8.0,6.0,0.0,0.0,0.0,0.0,0.0,0.0,0.0,0.0,4.0,12.0,1.0,12.05,5.01,2.5,1.49,-2.3000000000000003,0.3,2.3000000000000003,301.0,-0.1,-12.6,0.5,8.700000000000001,-82.30000000000001,0.0,0.0,219.7,0.0,22.1,34.6,34.6,38.0,300.0,300.0,30.1,36.5,35.1,34.9,37.1,4.95,2.0,4.96,0.16,0.0,0.0,1027.0,8228.0,0.0,0.0,0.0,0.0,0.0,1.0,0.0,0.0,0.0,-0.001,0.0,-1.1,0.0,-10.3,-12.8,0.015,16.0,25903.0
2026-07-30T18:58:18.311Z,67.794,67.806,-7.5,7.4,0.0,0.0,0.0,0.0,0.0,1.0,1.0,0.0,1.0,0.0,0.0,0.0,8.0,6.0,0.0,0.0,0.0,0.0,0.0,0.0,0.0,0.0,5.0,12.0,1.0,12.05,5.01,2.5,1.49,-2.2,0.2,2.2,301.1,-0.1,-10.9,3.5,9.9,-82.30000000000001,0.0,0.0,219.7,0.0,22.1,34.6,34.6,38.0,300.0,300.0,30.1,36.5,35.1,34.9,37.1,4.95,2.0,4.96,0.16,0.0,0.0,1027.0,8228.0,0.0,0.0,0.0,0.0,0.0,1.0,0.0,0.0,0.0,-0.001,0.0,1.1,0.0,-13.8,-12.7,0.0157,16.0,25903.0
2026-07-30T18:58:18.323Z,67.806,67.818,-7.5,7.4,0.0,0.0,0.0,0.0,0.0,1.0,1.0,0.0,1.0,0.0,0.0,0.0,8.0,6.0,0.0,0.0,0.0,0.0,0.0,0.0,0.0,0.0,6.0,12.0,1.0,12.05,5.01,2.5,1.49,-2.1,0.2,2.2,301.1,-0.1,-11.4,3.5,10.4,-82.30000000000001,0.0,0.0,219.8,0.0,22.1,34.6,34.6,38.0,300.0,300.0,30.1,36.5,35.1,34.9,37.1,4.96,2.0,4.96,0.16,0.0,0.0,1027.0,8228.0,0.0,0.0,0.0,0.0,0.0,1.0,0.0,0.0,0.0,-0.001,0.0,1.0,0.0,-14.5,-12.7,0.0149,16.0,25903.0
2026-07-30T18:58:18.336Z,67.819,67.83,-7.5,7.4,0.0,0.0,0.0,0.0,0.0,1.0,1.0,0.0,1.0,0.0,0.0,0.0,8.0,6.0,0.0,0.0,0.0,0.0,0.0,0.0,0.0,0.0,1.0,12.0,1.0,12.05,5.0200000000000005,2.5,1.49,-2.1,0.2,2.2,301.0,-0.1,-10.9,3.5,10.4,-82.30000000000001,0.0,0.0,219.7,0.0,22.3,34.6,34.6,38.0,300.0,300.0,29.9,36.5,35.1,34.9,37.1,4.95,2.0,4.97,0.16,0.0,0.0,1027.0,8228.0,0.0,0.0,0.0,0.0,0.0,1.0,0.0,0.0,0.0,-0.001,0.0,1.0,0.0,-14.5,-12.7,0.0147,16.0,25903.0
2026-07-30T18:58:18.347Z,67.83,67.842,-7.5,7.4,0.0,0.0,0.0,0.0,0.0,1.0,1.0,0.0,1.0,0.0,0.0,0.0,8.0,6.0,0.0,0.0,0.0,0.0,0.0,0.0,0.0,0.0,2.0,12.0,1.0,12.05,5.0200000000000005,2.5,1.49,-2.1,0.3,2.2,301.1,-0.1,-10.9,2.3000000000000003,11.0,-82.30000000000001,0.0,0.0,219.8,0.0,22.3,34.6,34.6,38.0,300.0,300.0,29.9,36.5,35.1,34.9,37.1,4.95,2.0,4.97,0.16,0.0,0.0,1027.0,8228.0,0.0,0.0,0.0,0.0,0.0,1.0,0.0,0.0,0.0,-0.001,0.0,0.0,0.0,-14.3,-12.8,0.0147,16.0,25903.0
2026-07-30T18:58:18.359Z,67.842,67.854,-7.5,7.4,0.0,0.0,0.0,0.0,0.0,1.0,1.0,0.0,1.0,0.0,0.0,0.0,8.0,6.0,0.0,0.0,0.0,0.0,0.0,0.0,0.0,0.0,3.0,12.0,1.0,12.05,5.0200000000000005,2.5,1.49,-2.2,0.3,2.2,300.90000000000003,-0.1,-10.9,2.3000000000000003,10.4,-82.30000000000001,0.0,0.0,219.8,0.0,22.3,34.6,34.6,38.0,300.0,300.0,29.9,36.5,35.1,34.9,37.1,4.95,2.0,4.96,0.16,0.0,0.0,1027.0,8228.0,0.0,0.0,0.0,0.0,0.0,1.0,0.0,0.0,0.0,-0.001,0.0,0.0,0.0,-13.6,-12.7,0.0147,16.0,25903.0
2026-07-30T18:58:18.371Z,67.854,67.866,-7.4,7.4,0.0,0.0,0.0,0.0,0.0,1.0,1.0,0.0,1.0,0.0,0.0,0.0,8.0,6.0,0.0,0.0,0.0,0.0,0.0,0.0,0.0,0.0,5.0,12.0,1.0,12.05,5.0200000000000005,2.5,1.49,-2.2,0.3,2.2,300.90000000000003,-0.1,-10.9,2.9000000000000004,11.0,-82.30000000000001,0.0,0.0,219.6,0.0,22.3,34.6,34.6,38.0,300.0,300.0,29.9,36.5,35.1,34.9,37.1,4.96,2.0,4.96,0.16,0.0,0.0,1027.0,8228.0,0.0,0.0,0.0,0.0,0.0,1.0,0.0,0.0,0.0,-0.001,0.0,0.4,0.0,-14.7,-12.8,0.0151,16.0,25903.0
2026-07-30T18:58:18.382Z,67.865,67.878,-7.5,7.4,0.0,0.0,0.0,0.0,0.0,1.0,1.0,0.0,1.0,0.0,0.0,0.0,8.0,6.0,0.0,0.0,0.0,0.0,0.0,0.0,0.0,0.0,6.0,12.0,1.0,12.05,5.0200000000000005,2.5,1.49,-2.1,0.3,2.1,301.1,-0.1,-10.9,2.9000000000000004,12.8,-82.30000000000001,0.0,0.0,219.5,0.0,22.3,34.6,34.6,38.0,300.0,300.0,29.9,36.5,35.1,34.9,37.1,4.95,2.0,4.96,0.16,0.0,0.0,1027.0,8228.0,0.0,0.0,0.0,0.0,0.0,1.0,0.0,0.0,0.0,-0.001,0.0,0.1,0.0,-16.7,-12.8,0.0148,16.0,25903.0
2026-07-30T18:58:18.394Z,67.877,67.89,-7.5,7.4,0.0,0.0,0.0,0.0,0.0,1.0,1.0,0.0,1.0,0.0,0.0,0.0,8.0,6.0,0.0,0.0,0.0,0.0,0.0,0.0,0.0,0.0,1.0,12.0,1.0,12.05,5.0200000000000005,2.5,1.49,-2.2,0.2,2.2,301.0,-0.1,-10.3,2.3000000000000003,9.3,-82.30000000000001,0.0,0.0,219.6,0.0,22.3,34.6,34.6,38.0,300.0,300.0,29.9,36.5,35.1,34.9,37.1,4.96,2.0,4.96,0.16,0.0,0.0,1027.0,8228.0,0.0,0.0,0.0,0.0,0.0,1.0,0.0,0.0,0.0,-0.001,0.0,0.2,0.0,-12.3,-12.7,0.0152,16.0,25903.0
2026-07-30T18:58:18.407Z,67.89,67.902,-7.5,7.4,0.0,0.0,0.0,0.0,0.0,1.0,1.0,0.0,1.0,0.0,0.0,0.0,8.0,6.0,0.0,0.0,0.0,0.0,0.0,0.0,0.0,0.0,2.0,12.0,1.0,12.05,5.0200000000000005,2.5,1.49,-2.2,0.2,2.2,301.1,-0.1,-12.0,2.9000000000000004,9.9,-82.2,0.0,0.0,219.7,0.0,22.3,34.6,34.6,38.0,300.0,300.0,29.9,36.5,35.1,34.9,37.1,4.96,2.0,4.97,0.16,0.0,0.0,1027.0,8228.0,0.0,0.0,0.0,0.0,0.0,1.0,0.0,0.0,0.0,-0.001,0.0,0.6000000000000001,0.0,-13.4,-12.7,0.0154,16.0,25903.0
2026-07-30T18:58:18.424Z,67.907,67.914,-7.4,7.4,0.0,0.0,0.0,0.0,0.0,1.0,1.0,0.0,1.0,0.0,0.0,0.0,8.0,6.0,0.0,0.0,0.0,0.0,0.0,0.0,0.0,0.0,4.0,12.0,1.0,12.05,5.0200000000000005,2.5,1.49,-2.2,0.2,2.2,301.1,-0.1,-12.6,3.5,9.3,-82.2,0.0,0.0,219.8,0.0,22.3,34.6,34.6,38.0,300.0,300.0,29.9,36.5,35.1,34.9,37.1,4.95,2.0,4.97,0.16,0.0,0.0,1027.0,8228.0,0.0,0.0,0.0,0.0,0.0,1.0,0.0,0.0,0.0,-0.001,0.0,1.2000000000000002,0.0,-13.1,-12.7,0.0154,16.0,25903.0
2026-07-30T18:58:18.431Z,67.914,67.926,-7.4,7.4,0.0,0.0,0.0,0.0,0.0,1.0,1.0,0.0,1.0,0.0,0.0,0.0,8.0,6.0,0.0,0.0,0.0,0.0,0.0,0.0,0.0,0.0,3.0,12.0,1.0,12.05,5.0200000000000005,2.5,1.49,-2.2,0.3,2.2,300.90000000000003,-0.1,-12.0,2.3000000000000003,9.9,-82.2,0.0,0.0,219.6,0.0,22.3,34.6,34.6,38.0,300.0,300.0,29.9,36.5,35.1,34.9,37.1,4.96,2.0,4.96,0.16,0.0,0.0,1027.0,8228.0,0.0,0.0,0.0,0.0,0.0,1.0,0.0,0.0,0.0,-0.001,0.0,0.1,0.0,-12.9,-12.8,0.0154,16.0,25903.0
2026-07-30T18:58:18.443Z,67.926,67.938,-7.5,7.4,0.0,0.0,0.0,0.0,0.0,1.0,1.0,0.0,1.0,0.0,0.0,0.0,8.0,6.0,0.0,0.0,0.0,0.0,0.0,0.0,0.0,0.0,3.0,12.0,1.0,12.05,5.01,2.5,1.49,-2.2,0.2,2.2,301.0,-0.1,-10.9,2.3000000000000003,10.4,-82.2,0.0,0.0,219.6,0.0,22.1,34.6,34.6,38.0,300.0,300.0,29.8,36.3,35.1,34.9,37.1,4.95,2.0,4.96,0.16,0.0,0.0,1027.0,8228.0,0.0,0.0,0.0,0.0,0.0,1.0,0.0,0.0,0.0,-0.001,0.0,0.0,0.0,-13.6,-12.8,0.016,16.0,25903.0
2026-07-30T18:58:18.455Z,67.938,67.95,-7.5,7.4,0.0,0.0,0.0,0.0,0.0,1.0,1.0,0.0,1.0,0.0,0.0,0.0,8.0,6.0,0.0,0.0,0.0,0.0,0.0,0.0,0.0,0.0,4.0,12.0,1.0,12.05,5.01,2.5,1.49,-2.2,0.2,2.2,301.1,-0.1,-12.0,2.3000000000000003,9.9,-82.2,0.0,0.0,219.7,0.0,22.1,34.6,34.6,38.0,300.0,300.0,29.8,36.3,35.1,34.9,37.1,4.95,2.0,4.97,0.16,0.0,0.0,1027.0,8228.0,0.0,0.0,0.0,0.0,0.0,1.0,0.0,0.0,0.0,-0.001,0.0,0.1,0.0,-12.9,-12.7,0.0158,16.0,25903.0
2026-07-30T18:58:18.467Z,67.95,67.962,-7.4,7.4,0.0,0.0,0.0,0.0,0.0,1.0,1.0,0.0,1.0,0.0,0.0,0.0,8.0,6.0,0.0,0.0,0.0,0.0,0.0,0.0,0.0,0.0,6.0,12.0,1.0,12.05,5.01,2.5,1.49,-2.2,0.2,2.2,301.0,-0.1,-10.3,2.9000000000000004,9.9,-82.2,0.0,0.0,219.9,0.0,22.1,34.6,34.6,38.0,300.0,300.0,29.8,36.3,35.1,34.9,37.1,4.95,1.99,4.97,0.16,0.0,0.0,1027.0,8228.0,0.0,0.0,0.0,0.0,0.0,1.0,0.0,0.0,0.0,-0.001,0.0,-1.1,0.0,-9.6,-12.7,0.0151,16.0,25903.0
2026-07-30T18:58:18.479Z,67.962,67.974,-7.4,7.4,0.0,0.0,0.0,0.0,0.0,1.0,1.0,0.0,1.0,0.0,0.0,0.0,8.0,6.0,0.0,0.0,0.0,0.0,0.0,0.0,0.0,0.0,1.0,12.0,1.0,12.05,5.01,2.5,1.49,-2.3000000000000003,0.3,2.3000000000000003,301.0,-0.1,-10.9,1.7000000000000002,9.3,-82.2,0.0,0.0,219.8,0.0,22.1,34.6,34.6,38.0,300.0,300.0,29.8,36.3,35.1,34.9,37.1,4.96,1.99,4.96,0.16,0.0,0.0,1027.0,8228.0,0.0,0.0,0.0,0.0,0.0,1.0,0.0,0.0,0.0,-0.001,0.0,-1.0,0.0,-9.6,-12.8,0.0157,16.0,25903.0
2026-07-30T18:58:18.491Z,67.974,67.986,-7.5,7.4,0.0,0.0,0.0,0.0,0.0,1.0,1.0,0.0,1.0,0.0,0.0,0.0,8.0,6.0,0.0,0.0,0.0,0.0,0.0,0.0,0.0,0.0,6.0,12.0,1.0,12.05,5.01,2.5,1.49,-2.3000000000000003,0.3,2.3000000000000003,300.90000000000003,-0.1,-12.0,1.7000000000000002,9.3,-82.2,0.0,0.0,219.7,0.0,22.1,34.6,34.6,38.0,300.0,300.0,29.8,36.3,35.1,34.9,37.1,4.95,2.0,4.96,0.16,0.0,0.0,1027.0,8228.0,0.0,0.0,0.0,0.0,0.0,1.0,0.0,0.0,0.0,-0.001,0.0,-0.7000000000000001,0.0,-11.4,-12.9,0.0159,16.0,25903.0
2026-07-30T18:58:18.503Z,67.986,67.998,-7.5,7.4,0.0,0.0,0.0,0.0,0.0,1.0,1.0,0.0,1.0,0.0,0.0,0.0,8.0,6.0,0.0,0.0,0.0,0.0,0.0,0.0,0.0,0.0,2.0,12.0,1.0,12.05,5.01,2.5,1.49,-2.2,0.2,2.2,301.1,-0.1,-11.4,2.9000000000000004,10.4,-82.2,0.0,0.0,219.6,0.0,22.1,34.6,34.6,38.0,300.0,300.0,29.8,36.3,35.1,34.9,37.1,4.95,2.0,4.97,0.16,0.0,0.0,1027.0,8228.0,0.0,0.0,0.0,0.0,0.0,1.0,0.0,0.0,0.0,-0.001,0.0,0.5,0.0,-14.0,-12.8,0.0155,16.0,25903.0
2026-07-30T18:58:18.515Z,67.998,68.01,-7.5,7.4,0.0,0.0,0.0,0.0,0.0,1.0,1.0,0.0,1.0,0.0,0.0,0.0,8.0,6.0,0.0,0.0,0.0,0.0,0.0,0.0,0.0,0.0,2.0,12.0,1.0,12.05,5.01,2.5,1.49,-2.2,0.3,2.2,301.0,-0.1,-12.6,2.3000000000000003,9.9,-82.2,0.0,0.0,219.7,0.0,22.1,34.6,34.6,38.0,300.0,300.0,29.8,36.3,35.1,34.9,37.1,4.95,2.0,4.97,0.16,0.0,0.0,1027.0,8228.0,0.0,0.0,0.0,0.0,0.0,1.0,0.0,0.0,0.0,-0.001,0.0,0.1,0.0,-12.9,-12.7,0.0148,16.0,25903.0
2026-07-30T18:58:18.527Z,68.01,68.022,-7.4,7.4,0.0,0.0,0.0,0.0,0.0,1.0,1.0,0.0,1.0,0.0,0.0,0.0,8.0,6.0,0.0,0.0,0.0,0.0,0.0,0.0,0.0,0.0,3.0,12.0,1.0,12.05,5.01,2.5,1.49,-2.2,0.2,2.2,301.1,-0.1,-11.4,3.5,10.4,-82.2,0.0,0.0,219.8,0.0,22.1,34.6,34.6,38.0,300.0,300.0,29.8,36.3,35.1,34.9,37.1,4.96,2.0,4.96,0.16,0.0,0.0,1027.0,8228.0,0.0,0.0,0.0,0.0,0.0,1.0,0.0,0.0,0.0,-0.001,0.0,1.0,0.0,-14.5,-12.7,0.015,16.0,25903.0
2026-07-30T18:58:18.540Z,68.023,68.034,-7.4,7.4,0.0,0.0,0.0,0.0,0.0,1.0,1.0,0.0,1.0,0.0,0.0,0.0,8.0,6.0,0.0,0.0,0.0,0.0,0.0,0.0,0.0,0.0,4.0,12.0,1.0,12.02,5.01,2.51,1.49,-2.2,0.3,2.2,301.0,-0.1,-10.9,2.3000000000000003,11.0,-82.2,0.0,0.0,219.7,0.0,22.1,34.6,34.6,38.0,300.0,300.0,29.9,36.4,35.1,35.0,37.1,4.95,2.0,4.96,0.16,0.0,0.0,1027.0,8228.0,0.0,0.0,0.0,0.0,0.0,1.0,0.0,0.0,0.0,-0.001,0.0,0.0,0.0,-14.3,-12.8,0.0147,16.0,25903.0
2026-07-30T18:58:18.551Z,68.034,68.046,-7.5,7.4,0.0,0.0,0.0,0.0,0.0,1.0,1.0,0.0,1.0,0.0,0.0,0.0,8.0,6.0,0.0,0.0,0.0,0.0,0.0,0.0,0.0,0.0,5.0,12.0,1.0,12.02,5.01,2.51,1.49,-2.1,0.2,2.2,301.1,-0.1,-10.3,2.9000000000000004,11.0,-82.2,0.0,0.0,219.6,0.0,22.1,34.6,34.6,38.0,300.0,300.0,29.9,36.4,35.1,35.0,37.1,4.95,2.0,4.96,0.16,0.0,0.0,1027.0,8228.0,0.0,0.0,0.0,0.0,0.0,1.0,0.0,0.0,0.0,-0.001,0.0,0.4,0.0,-14.7,-12.9,0.0149,16.0,25903.0
2026-07-30T18:58:18.563Z,68.046,68.058,-7.4,7.4,0.0,0.0,0.0,0.0,0.0,1.0,1.0,0.0,1.0,0.0,0.0,0.0,8.0,6.0,0.0,0.0,0.0,0.0,0.0,0.0,0.0,0.0,6.0,12.0,1.0,12.02,5.01,2.51,1.49,-2.2,0.2,2.2,301.1,-0.1,-10.9,2.9000000000000004,10.4,-82.2,0.0,0.0,219.7,0.0,22.1,34.6,34.6,38.0,300.0,300.0,29.9,36.4,35.1,35.0,37.1,4.96,2.0,4.96,0.16,0.0,0.0,1027.0,8228.0,0.0,0.0,0.0,0.0,0.0,1.0,0.0,0.0,0.0,-0.001,0.0,0.5,0.0,-14.0,-12.7,0.0147,16.0,25903.0
2026-07-30T18:58:18.575Z,68.058,68.07000000000001,-7.4,7.4,0.0,0.0,0.0,0.0,0.0,1.0,1.0,0.0,1.0,0.0,0.0,0.0,8.0,6.0,0.0,0.0,0.0,0.0,0.0,0.0,0.0,0.0,1.0,12.0,1.0,12.02,5.01,2.51,1.49,-2.2,0.2,2.2,301.1,-0.1,-12.0,2.3000000000000003,9.3,-82.2,0.0,0.0,219.7,0.0,22.1,34.6,34.6,38.0,300.0,300.0,29.9,36.4,35.1,35.0,37.1,4.96,2.0,4.96,0.16,0.0,0.0,1027.0,8228.0,0.0,0.0,0.0,0.0,0.0,1.0,0.0,0.0,0.0,-0.001,0.0,0.2,0.0,-12.3,-12.8,0.0149,16.0,25903.0
2026-07-30T18:58:18.586Z,68.069,68.08200000000001,-7.5,7.4,0.0,0.0,0.0,0.0,0.0,1.0,1.0,0.0,1.0,0.0,0.0,0.0,8.0,6.0,0.0,0.0,0.0,0.0,0.0,0.0,0.0,0.0,2.0,12.0,1.0,12.02,5.01,2.51,1.49,-2.2,0.3,2.2,301.1,-0.1,-10.3,1.7000000000000002,9.9,-82.2,0.0,0.0,219.7,0.0,22.1,34.6,34.6,38.0,300.0,300.0,29.9,36.4,35.1,35.0,37.1,4.95,2.0,4.97,0.16,0.0,0.0,1027.0,8228.0,0.0,0.0,0.0,0.0,0.0,1.0,0.0,0.0,0.0,-0.001,0.0,-0.3,0.0,-12.5,-12.8,0.0152,16.0,25903.0
2026-07-30T18:58:18.599Z,68.082,68.09400000000001,-7.5,7.4,0.0,0.0,0.0,0.0,0.0,1.0,1.0,0.0,1.0,0.0,0.0,0.0,8.0,6.0,0.0,0.0,0.0,0.0,0.0,0.0,0.0,0.0,3.0,12.0,1.0,12.02,5.01,2.51,1.49,-2.2,0.3,2.2,301.1,-0.1,-10.9,2.3000000000000003,10.4,-82.2,0.0,0.0,219.8,0.0,22.1,34.6,34.6,38.0,300.0,300.0,29.9,36.4,35.1,35.0,37.1,4.95,2.0,4.96,0.16,0.0,0.0,1027.0,8228.0,0.0,0.0,0.0,0.0,0.0,1.0,0.0,0.0,0.0,-0.001,0.0,0.0,0.0,-13.6,-12.7,0.0152,16.0,25903.0
2026-07-30T18:58:18.610Z,68.093,68.106,-7.4,7.4,0.0,0.0,0.0,0.0,0.0,1.0,1.0,0.0,1.0,0.0,0.0,0.0,8.0,6.0,0.0,0.0,0.0,0.0,0.0,0.0,0.0,0.0,5.0,12.0,1.0,12.02,5.01,2.51,1.49,-2.2,0.2,2.2,301.1,-0.1,-11.4,2.9000000000000004,10.4,-82.2,0.0,0.0,219.8,0.0,22.1,34.6,34.6,38.0,300.0,300.0,29.9,36.4,35.1,35.0,37.1,4.96,2.0,4.96,0.16,0.0,0.0,1027.0,8228.0,0.0,0.0,0.0,0.0,0.0,1.0,0.0,0.0,0.0,-0.001,0.0,0.5,0.0,-14.0,-12.7,0.0149,16.0,25903.0
2026-07-30T18:58:18.622Z,68.105,68.118,-7.4,7.4,0.0,0.0,0.0,0.0,0.0,1.0,1.0,0.0,1.0,0.0,0.0,0.0,8.0,6.0,0.0,0.0,0.0,0.0,0.0,0.0,0.0,0.0,6.0,12.0,1.0,12.02,5.01,2.51,1.49,-2.3000000000000003,0.3,2.3000000000000003,301.0,-0.1,-12.0,2.3000000000000003,9.3,-82.2,0.0,0.0,219.6,0.0,22.1,34.6,34.6,38.0,300.0,300.0,29.9,36.4,35.1,35.0,37.1,4.95,2.0,4.96,0.16,0.0,0.0,1027.0,8228.0,0.0,0.0,0.0,0.0,0.0,1.0,0.0,0.0,0.0,-0.001,0.0,0.2,0.0,-12.3,-12.9,0.015,16.0,25903.0
2026-07-30T18:58:18.635Z,68.118,68.13,-7.5,7.4,0.0,0.0,0.0,0.0,0.0,1.0,1.0,0.0,1.0,0.0,0.0,0.0,8.0,6.0,0.0,0.0,0.0,0.0,0.0,0.0,0.0,0.0,1.0,12.0,1.0,12.02,5.01,2.51,1.49,-2.1,0.3,2.2,301.1,-0.1,-11.4,1.7000000000000002,12.2,-82.2,0.0,0.0,219.5,0.0,22.1,34.6,34.6,38.0,300.0,300.0,29.9,36.4,35.1,35.0,37.1,4.95,2.0,4.96,0.16,0.0,0.0,1027.0,8228.0,0.0,0.0,0.0,0.0,0.0,1.0,0.0,0.0,0.0,-0.001,0.0,-0.7000000000000001,0.0,-15.2,-12.9,0.0154,16.0,25903.0
2026-07-30T18:58:18.647Z,68.13,68.142,-7.5,7.4,0.0,0.0,0.0,0.0,0.0,1.0,1.0,0.0,1.0,0.0,0.0,0.0,8.0,6.0,0.0,0.0,0.0,0.0,0.0,0.0,0.0,0.0,3.0,12.0,1.0,12.05,5.01,2.5,1.49,-2.2,0.2,2.2,301.1,-0.1,-11.4,2.9000000000000004,10.4,-82.2,0.0,0.0,219.5,0.0,22.1,34.6,34.6,38.0,300.0,300.0,30.0,36.5,35.1,35.0,37.2,4.95,2.0,4.96,0.16,0.0,0.0,1027.0,8228.0,0.0,0.0,0.0,0.0,0.0,1.0,0.0,0.0,0.0,-0.001,0.0,0.5,0.0,-14.0,-12.7,0.0147,16.0,25903.0
2026-07-30T18:58:18.658Z,68.141,68.154,-7.4,7.4,0.0,0.0,0.0,0.0,0.0,1.0,1.0,0.0,1.0,0.0,0.0,0.0,8.0,6.0,0.0,0.0,0.0,0.0,0.0,0.0,0.0,0.0,4.0,12.0,1.0,12.05,5.01,2.5,1.49,-2.2,0.2,2.2,301.0,-0.1,-11.4,2.9000000000000004,10.4,-82.2,0.0,0.0,219.7,0.0,22.1,34.6,34.6,38.0,300.0,300.0,30.0,36.5,35.1,35.0,37.2,4.96,2.0,4.96,0.16,0.0,0.0,1027.0,8228.0,0.0,0.0,0.0,0.0,0.0,1.0,0.0,0.0,0.0,-0.001,0.0,0.5,0.0,-14.0,-12.7,0.0148,16.0,25903.0
2026-07-30T18:58:18.671Z,68.154,68.166,-7.4,7.4,0.0,0.0,0.0,0.0,0.0,1.0,1.0,0.0,1.0,0.0,0.0,0.0,8.0,6.0,0.0,0.0,0.0,0.0,0.0,0.0,0.0,0.0,5.0,12.0,1.0,12.05,5.01,2.5,1.49,-2.2,0.2,2.3000000000000003,301.1,0.0,-12.0,2.3000000000000003,8.700000000000001,-82.2,0.0,0.0,219.7,0.0,22.1,34.6,34.6,38.0,300.0,300.0,30.0,36.5,35.1,35.0,37.2,4.95,2.0,4.97,0.16,0.0,0.0,1027.0,8228.0,0.0,0.0,0.0,0.0,0.0,1.0,0.0,0.0,0.0,-0.001,0.0,0.3,0.0,-11.6,-12.8,0.0149,16.0,25903.0
2026-07-30T18:58:18.683Z,68.166,68.178,-7.4,7.4,0.0,0.0,0.0,0.0,0.0,1.0,1.0,0.0,1.0,0.0,0.0,0.0,8.0,6.0,0.0,0.0,0.0,0.0,0.0,0.0,0.0,0.0,6.0,12.0,1.0,12.05,5.01,2.5,1.49,-2.3000000000000003,0.3,2.3000000000000003,301.1,0.0,-12.0,0.0,8.700000000000001,-82.2,0.0,0.0,219.6,0.0,22.1,34.6,34.6,38.0,300.0,300.0,30.0,36.5,35.1,35.0,37.2,4.96,2.0,4.97,0.16,0.0,0.0,1027.0,8228.0,0.0,0.0,0.0,0.0,0.0,1.0,0.0,0.0,0.0,-0.001,0.0,-1.6,0.0,-9.9,-12.8,0.0153,16.0,25903.0
2026-07-30T18:58:18.694Z,68.177,68.19,-7.5,7.4,0.0,0.0,0.0,0.0,0.0,1.0,1.0,0.0,1.0,0.0,0.0,0.0,8.0,6.0,0.0,0.0,0.0,0.0,0.0,0.0,0.0,0.0,2.0,12.0,1.0,12.05,5.01,2.5,1.49,-2.1,0.3,2.2,300.90000000000003,-0.1,-12.0,2.3000000000000003,11.6,-82.2,0.0,0.0,219.5,0.0,22.1,34.6,34.6,38.0,300.0,300.0,30.0,36.5,35.1,35.0,37.2,4.96,2.0,4.97,0.16,0.0,0.0,1027.0,8228.0,0.0,0.0,0.0,0.0,0.0,1.0,0.0,0.0,0.0,-0.001,0.0,-0.1,0.0,-14.9,-12.8,0.0159,16.0,25903.0
2026-07-30T18:58:18.706Z,68.189,68.202,-7.4,7.4,0.0,0.0,0.0,0.0,0.0,1.0,1.0,0.0,1.0,0.0,0.0,0.0,8.0,6.0,0.0,0.0,0.0,0.0,0.0,0.0,0.0,0.0,3.0,12.0,1.0,12.05,5.01,2.5,1.49,-2.2,0.2,2.2,301.1,0.0,-12.6,3.5,8.700000000000001,-82.2,0.0,0.0,219.5,0.0,22.1,34.6,34.6,38.0,300.0,300.0,30.0,36.5,35.1,35.0,37.2,4.96,2.0,4.97,0.16,0.0,0.0,1027.0,8228.0,0.0,0.0,0.0,0.0,0.0,1.0,0.0,0.0,0.0,-0.001,0.0,1.4,0.0,-12.5,-12.8,0.0148,16.0,25903.0
2026-07-30T18:58:18.718Z,68.201,68.214,-7.5,7.4,0.0,0.0,0.0,0.0,0.0,1.0,1.0,0.0,1.0,0.0,0.0,0.0,8.0,6.0,0.0,0.0,0.0,0.0,0.0,0.0,0.0,0.0,4.0,12.0,1.0,12.05,5.01,2.5,1.49,-2.2,0.3,2.2,301.0,-0.1,-12.0,2.3000000000000003,9.9,-82.2,0.0,0.0,219.6,0.0,22.1,34.6,34.6,38.0,300.0,300.0,30.0,36.5,35.1,35.0,37.2,4.95,2.0,4.96,0.16,0.0,0.0,1027.0,8228.0,0.0,0.0,0.0,0.0,0.0,1.0,0.0,0.0,0.0,-0.001,0.0,0.1,0.0,-12.9,-12.8,0.0152,16.0,25903.0
2026-07-30T18:58:18.731Z,68.214,68.226,-7.5,7.4,0.0,0.0,0.0,0.0,0.0,1.0,1.0,0.0,1.0,0.0,0.0,0.0,8.0,6.0,0.0,0.0,0.0,0.0,0.0,0.0,0.0,0.0,5.0,12.0,1.0,12.05,5.01,2.5,1.49,-2.3000000000000003,0.3,2.4000000000000004,301.1,-0.1,-13.2,-0.5,8.1,-82.2,0.0,0.0,219.6,0.0,22.1,34.6,34.6,38.0,300.0,300.0,30.0,36.5,35.1,35.0,37.2,4.95,2.0,4.97,0.16,0.0,0.0,1027.0,8228.0,0.0,0.0,0.0,0.0,0.0,1.0,0.0,0.0,0.0,-0.001,0.0,-2.0,0.0,-8.8,-12.7,0.015,16.0,25903.0
2026-07-30T18:58:18.743Z,68.226,68.238,-7.5,7.4,0.0,0.0,0.0,0.0,0.0,1.0,1.0,0.0,1.0,0.0,0.0,0.0,8.0,6.0,0.0,0.0,0.0,0.0,0.0,0.0,0.0,0.0,6.0,12.0,1.0,12.05,5.0200000000000005,2.51,1.49,-2.2,0.3,2.2,301.1,-0.1,-12.6,1.1,9.9,-82.2,0.0,0.0,219.7,0.0,22.1,34.7,34.6,38.0,300.0,300.0,30.1,36.5,35.2,35.0,37.2,4.95,2.0,4.97,0.16,0.0,0.0,1027.0,8228.0,0.0,0.0,0.0,0.0,0.0,1.0,0.0,0.0,0.0,-0.001,0.0,-0.8,0.0,-12.1,-12.7,0.016,16.0,25903.0
2026-07-30T18:58:18.754Z,68.237,68.25,-7.4,7.4,0.0,0.0,0.0,0.0,0.0,1.0,1.0,0.0,1.0,0.0,0.0,0.0,8.0,6.0,0.0,0.0,0.0,0.0,0.0,0.0,0.0,0.0,6.0,12.0,1.0,12.05,5.0200000000000005,2.51,1.49,-2.2,0.3,2.3000000000000003,301.0,-0.1,-13.2,1.1,9.3,-82.2,0.0,0.0,219.6,0.0,22.1,34.7,34.6,38.0,300.0,300.0,30.1,36.5,35.2,35.0,37.2,4.95,2.0,4.97,0.16,0.0,0.0,1027.0,8228.0,0.0,0.0,0.0,0.0,0.0,1.0,0.0,0.0,0.0,-0.001,0.0,-0.7000000000000001,0.0,-11.4,-12.7,0.0153,16.0,25903.0
2026-07-30T18:58:18.766Z,68.249,68.262,-7.4,7.4,0.0,0.0,0.0,0.0,0.0,1.0,1.0,0.0,1.0,0.0,0.0,0.0,8.0,6.0,0.0,0.0,0.0,0.0,0.0,0.0,0.0,0.0,1.0,12.0,1.0,12.05,5.0200000000000005,2.51,1.49,-2.2,0.3,2.3000000000000003,301.0,-0.1,-12.6,1.1,9.3,-82.2,0.0,0.0,219.7,0.0,22.1,34.7,34.6,38.0,300.0,300.0,30.1,36.5,35.2,35.0,37.2,4.96,2.0,4.96,0.16,0.0,0.0,1027.0,8228.0,0.0,0.0,0.0,0.0,0.0,1.0,0.0,0.0,0.0,-0.001,0.0,-0.7000000000000001,0.0,-11.4,-12.8,0.0154,16.0,25903.0
2026-07-30T18:58:18.779Z,68.262,68.274,-7.5,7.4,0.0,0.0,0.0,0.0,0.0,1.0,1.0,0.0,1.0,0.0,0.0,0.0,8.0,6.0,0.0,0.0,0.0,0.0,0.0,0.0,0.0,0.0,2.0,12.0,1.0,12.05,5.0200000000000005,2.51,1.49,-2.2,0.3,2.2,301.0,-0.1,-12.6,0.5,10.4,-82.2,0.0,0.0,219.7,0.0,22.1,34.7,34.6,38.0,300.0,300.0,30.1,36.5,35.2,35.0,37.2,4.95,2.0,4.96,0.16,0.0,0.0,1027.0,8228.0,0.0,0.0,0.0,0.0,0.0,1.0,0.0,0.0,0.0,-0.001,0.0,-1.5,0.0,-12.3,-12.8,0.0154,16.0,25903.0
2026-07-30T18:58:18.791Z,68.274,68.286,-7.5,7.4,0.0,0.0,0.0,0.0,0.0,1.0,1.0,0.0,1.0,0.0,0.0,0.0,8.0,6.0,0.0,0.0,0.0,0.0,0.0,0.0,0.0,0.0,3.0,12.0,1.0,12.05,5.0200000000000005,2.51,1.49,-2.1,0.2,2.2,300.90000000000003,-0.1,-12.0,2.9000000000000004,10.4,-82.2,0.0,0.0,219.8,0.0,22.1,34.7,34.6,38.0,300.0,300.0,30.1,36.5,35.2,35.0,37.2,4.95,2.0,4.96,0.16,0.0,0.0,1027.0,8228.0,0.0,0.0,0.0,0.0,0.0,1.0,0.0,0.0,0.0,-0.001,0.0,0.5,0.0,-14.0,-12.8,0.0152,16.0,25903.0
2026-07-30T18:58:18.804Z,68.287,68.298,-7.4,7.4,0.0,0.0,0.0,0.0,0.0,1.0,1.0,0.0,1.0,0.0,0.0,0.0,8.0,6.0,0.0,0.0,0.0,0.0,0.0,0.0,0.0,0.0,5.0,12.0,1.0,12.05,5.0200000000000005,2.51,1.49,-2.2,0.2,2.2,301.0,-0.1,-12.0,2.3000000000000003,9.9,-82.2,0.0,0.0,219.8,0.0,22.1,34.7,34.6,38.0,300.0,300.0,30.1,36.5,35.2,35.0,37.2,4.95,2.0,4.96,0.16,0.0,0.0,1027.0,8228.0,0.0,0.0,0.0,0.0,0.0,1.0,0.0,0.0,0.0,-0.001,0.0,0.1,0.0,-12.9,-12.7,0.0147,16.0,25903.0
2026-07-30T18:58:18.815Z,68.298,68.31,-7.4,7.4,0.0,0.0,0.0,0.0,0.0,1.0,1.0,0.0,1.0,0.0,0.0,0.0,8.0,6.0,0.0,0.0,0.0,0.0,0.0,0.0,0.0,0.0,4.0,12.0,1.0,12.05,5.0200000000000005,2.51,1.49,-2.2,0.3,2.2,301.1,-0.1,-12.6,1.7000000000000002,11.0,-82.2,0.0,0.0,219.8,0.0,22.1,34.7,34.6,38.0,300.0,300.0,30.1,36.5,35.2,35.0,37.2,4.96,2.0,4.96,0.16,0.0,0.0,1027.0,8228.0,0.0,0.0,0.0,0.0,0.0,1.0,0.0,0.0,0.0,-0.001,0.0,-0.6000000000000001,0.0,-13.8,-12.8,0.0151,16.0,25903.0
2026-07-30T18:58:18.827Z,68.31,68.322,-7.4,7.4,0.0,0.0,0.0,0.0,0.0,1.0,1.0,0.0,1.0,0.0,0.0,0.0,8.0,6.0,0.0,0.0,0.0,0.0,0.0,0.0,0.0,0.0,5.0,12.0,1.0,12.05,5.0200000000000005,2.51,1.49,-2.2,0.3,2.3000000000000003,300.90000000000003,-0.1,-11.4,0.5,10.4,-82.2,0.0,0.0,219.8,0.0,22.1,34.7,34.6,38.0,300.0,300.0,30.1,36.5,35.2,35.0,37.2,4.95,2.0,4.96,0.16,0.0,0.0,1027.0,8228.0,0.0,0.0,0.0,0.0,0.0,1.0,0.0,0.0,0.0,-0.001,0.0,-1.5,0.0,-12.3,-12.8,0.015,16.0,25903.0
2026-07-30T18:58:18.838Z,68.321,68.334,-7.4,7.4,0.0,0.0,0.0,0.0,0.0,1.0,1.0,0.0,1.0,0.0,0.0,0.0,8.0,6.0,0.0,0.0,0.0,0.0,0.0,0.0,0.0,0.0,6.0,12.0,1.0,12.05,5.0200000000000005,2.51,1.49,-2.2,0.2,2.2,301.0,-0.1,-10.3,3.5,10.4,-82.2,0.0,0.0,219.7,0.0,22.1,34.7,34.6,38.0,300.0,300.0,30.1,36.5,35.2,35.0,37.2,4.95,2.0,4.96,0.16,0.0,0.0,1027.0,8228.0,0.0,0.0,0.0,0.0,0.0,1.0,0.0,0.0,0.0,-0.001,0.0,1.0,0.0,-14.5,-12.8,0.0153,16.0,25903.0
2026-07-30T18:58:18.851Z,68.334,68.346,-7.4,7.4,0.0,0.0,0.0,0.0,0.0,1.0,1.0,0.0,1.0,0.0,0.0,0.0,8.0,6.0,0.0,0.0,0.0,0.0,0.0,0.0,0.0,0.0,1.0,12.0,1.0,12.05,5.01,2.51,1.49,-2.1,0.2,2.2,301.1,-0.1,-10.3,3.5,11.0,-82.30000000000001,0.0,0.0,219.7,0.0,22.1,34.7,34.6,38.0,300.0,300.0,30.0,36.5,35.2,35.0,37.2,4.96,2.0,4.96,0.16,0.0,0.0,1027.0,8228.0,0.0,0.0,0.0,0.0,0.0,1.0,0.0,0.0,0.0,-0.001,0.0,0.9,0.0,-15.1,-12.8,0.0148,16.0,25903.0
2026-07-30T18:58:18.862Z,68.345,68.358,-7.4,7.4,0.0,0.0,0.0,0.0,0.0,1.0,1.0,0.0,1.0,0.0,0.0,0.0,8.0,6.0,0.0,0.0,0.0,0.0,0.0,0.0,0.0,0.0,3.0,12.0,1.0,12.05,5.01,2.51,1.49,-2.2,0.2,2.2,301.0,-0.1,-11.4,2.3000000000000003,9.9,-82.30000000000001,0.0,0.0,219.9,0.0,22.1,34.7,34.6,38.0,300.0,300.0,30.0,36.5,35.2,35.0,37.2,4.95,2.0,4.97,0.16,0.0,0.0,1027.0,8228.0,0.0,0.0,0.0,0.0,0.0,1.0,0.0,0.0,0.0,-0.001,0.0,0.1,0.0,-12.9,-12.8,0.0147,16.0,25903.0
2026-07-30T18:58:18.875Z,68.358,68.37,-7.4,7.4,0.0,0.0,0.0,0.0,0.0,1.0,1.0,0.0,1.0,0.0,0.0,0.0,8.0,6.0,0.0,0.0,0.0,0.0,0.0,0.0,0.0,0.0,4.0,12.0,1.0,12.05,5.01,2.51,1.49,-2.1,0.2,2.1,301.1,-0.1,-10.9,3.5,12.2,-82.30000000000001,0.0,0.0,219.8,0.0,22.1,34.7,34.6,38.0,300.0,300.0,30.0,36.5,35.2,35.0,37.2,4.96,2.0,4.96,0.16,0.0,0.0,1027.0,8228.0,0.0,0.0,0.0,0.0,0.0,1.0,0.0,0.0,0.0,-0.001,0.0,0.7000000000000001,0.0,-16.5,-12.9,0.0152,16.0,25903.0
2026-07-30T18:58:18.887Z,68.37,68.382,-7.4,7.4,0.0,0.0,0.0,0.0,0.0,1.0,1.0,0.0,1.0,0.0,0.0,0.0,8.0,6.0,0.0,0.0,0.0,0.0,0.0,0.0,0.0,0.0,5.0,12.0,1.0,12.05,5.01,2.51,1.49,-2.2,0.2,2.2,301.1,-0.1,-11.4,2.9000000000000004,9.9,-82.30000000000001,0.0,0.0,219.7,0.0,22.1,34.7,34.6,38.0,300.0,300.0,30.0,36.5,35.2,35.0,37.2,4.96,2.0,4.96,0.16,0.0,0.0,1027.0,8228.0,0.0,0.0,0.0,0.0,0.0,1.0,0.0,0.0,0.0,-0.001,0.0,0.6000000000000001,0.0,-13.4,-12.8,0.0144,16.0,25903.0
2026-07-30T18:58:18.898Z,68.381,68.394,-7.5,7.4,0.0,0.0,0.0,0.0,0.0,1.0,1.0,0.0,1.0,0.0,0.0,0.0,8.0,6.0,0.0,0.0,0.0,0.0,0.0,0.0,0.0,0.0,1.0,12.0,1.0,12.05,5.01,2.51,1.49,-2.1,0.2,2.2,301.0,-0.1,-11.4,3.5,11.6,-82.30000000000001,0.0,0.0,219.8,0.0,22.1,34.7,34.6,38.0,300.0,300.0,30.0,36.5,35.2,35.0,37.2,4.95,2.0,4.96,0.16,0.0,0.0,1027.0,8228.0,0.0,0.0,0.0,0.0,0.0,1.0,0.0,0.0,0.0,-0.001,0.0,0.8,0.0,-15.8,-12.9,0.0153,16.0,25903.0
2026-07-30T18:58:18.910Z,68.393,68.406,-7.5,7.4,0.0,0.0,0.0,0.0,0.0,1.0,1.0,0.0,1.0,0.0,0.0,0.0,8.0,6.0,0.0,0.0,0.0,0.0,0.0,0.0,0.0,0.0,2.0,12.0,1.0,12.05,5.01,2.51,1.49,-2.2,0.2,2.2,301.0,-0.1,-11.4,2.3000000000000003,9.9,-82.4,0.0,0.0,219.7,0.0,22.1,34.7,34.6,38.0,300.0,300.0,30.0,36.5,35.2,35.0,37.2,4.95,2.0,4.97,0.16,0.0,0.0,1027.0,8228.0,0.0,0.0,0.0,0.0,0.0,1.0,0.0,0.0,0.0,-0.001,0.0,0.1,0.0,-12.9,-12.8,0.0147,16.0,25903.0
2026-07-30T18:58:18.923Z,68.406,68.418,-7.5,7.4,0.0,0.0,0.0,0.0,0.0,1.0,1.0,0.0,1.0,0.0,0.0,0.0,8.0,6.0,0.0,0.0,0.0,0.0,0.0,0.0,0.0,0.0,3.0,12.0,1.0,12.05,5.01,2.51,1.49,-2.1,0.2,2.2,301.0,-0.1,-10.9,2.3000000000000003,11.0,-82.4,0.0,0.0,219.8,0.0,22.1,34.7,34.6,38.0,300.0,300.0,30.0,36.5,35.2,35.0,37.2,4.96,2.0,4.96,0.16,0.0,0.0,1027.0,8228.0,0.0,0.0,0.0,0.0,0.0,1.0,0.0,0.0,0.0,-0.001,0.0,-0.1,0.0,-14.3,-12.8,0.0157,16.0,25903.0
2026-07-30T18:58:18.935Z,68.418,68.43,-7.5,7.4,0.0,0.0,0.0,0.0,0.0,1.0,1.0,0.0,1.0,0.0,0.0,0.0,8.0,6.0,0.0,0.0,0.0,0.0,0.0,0.0,0.0,0.0,4.0,12.0,1.0,12.05,5.01,2.51,1.49,-2.2,0.2,2.2,301.0,-0.1,-12.6,3.5,9.3,-82.4,0.0,0.0,219.9,0.0,22.1,34.7,34.6,38.0,300.0,300.0,30.0,36.5,35.2,35.0,37.2,4.96,2.0,4.96,0.16,0.0,0.0,1027.0,8228.0,0.0,0.0,0.0,0.0,0.0,1.0,0.0,0.0,0.0,-0.001,0.0,1.2000000000000002,0.0,-13.2,-12.7,0.0162,16.0,25903.0
2026-07-30T18:58:18.948Z,68.431,68.44200000000001,-7.4,7.4,0.0,0.0,0.0,0.0,0.0,1.0,1.0,0.0,1.0,0.0,0.0,0.0,8.0,6.0,0.0,0.0,0.0,0.0,0.0,0.0,0.0,0.0,5.0,12.0,1.0,12.06,5.01,2.5,1.49,-2.2,0.2,2.3000000000000003,301.1,-0.1,-11.4,2.3000000000000003,9.9,-82.4,0.0,0.0,219.7,0.0,21.8,34.7,34.7,38.1,300.0,300.0,30.1,36.3,35.2,35.0,37.2,4.95,2.0,4.96,0.16,0.0,0.0,1027.0,8228.0,0.0,0.0,0.0,0.0,0.0,1.0,0.0,0.0,0.0,-0.001,0.0,0.1,0.0,-12.9,-12.8,0.0154,16.0,25903.0
2026-07-30T18:58:18.958Z,68.441,68.45400000000001,-7.5,7.4,0.0,0.0,0.0,0.0,0.0,1.0,1.0,0.0,1.0,0.0,0.0,0.0,8.0,6.0,0.0,0.0,0.0,0.0,0.0,0.0,0.0,0.0,1.0,12.0,1.0,12.06,5.01,2.5,1.49,-2.2,0.3,2.2,300.90000000000003,-0.1,-12.0,1.7000000000000002,10.4,-82.4,0.0,0.0,219.7,0.0,21.8,34.7,34.7,38.1,300.0,300.0,30.1,36.3,35.2,35.0,37.2,4.95,2.0,4.96,0.16,0.0,0.0,1027.0,8228.0,0.0,0.0,0.0,0.0,0.0,1.0,0.0,0.0,0.0,-0.001,0.0,-0.4,0.0,-13.2,-12.8,0.0156,16.0,25903.0
2026-07-30T18:58:18.971Z,68.454,68.46600000000001,-7.5,7.4,0.0,0.0,0.0,0.0,0.0,1.0,1.0,0.0,1.0,0.0,0.0,0.0,8.0,6.0,0.0,0.0,0.0,0.0,0.0,0.0,0.0,0.0,2.0,12.0,1.0,12.06,5.01,2.5,1.49,-2.2,0.3,2.2,300.90000000000003,-0.1,-12.0,1.7000000000000002,9.3,-82.4,0.0,0.0,219.7,0.0,21.8,34.7,34.7,38.1,300.0,300.0,30.1,36.3,35.2,35.0,37.2,4.95,2.0,4.97,0.16,0.0,0.0,1027.0,8228.0,0.0,0.0,0.0,0.0,0.0,1.0,0.0,0.0,0.0,-0.001,0.0,-0.2,0.0,-11.8,-12.8,0.0161,16.0,25903.0
2026-07-30T18:58:18.983Z,68.466,68.478,-7.5,7.4,0.0,0.0,0.0,0.0,0.0,1.0,1.0,0.0,1.0,0.0,0.0,0.0,8.0,6.0,0.0,0.0,0.0,0.0,0.0,0.0,0.0,0.0,3.0,12.0,1.0,12.06,5.01,2.5,1.49,-2.2,0.2,2.2,301.1,-0.1,-12.0,2.9000000000000004,9.3,-82.4,0.0,0.0,219.7,0.0,21.8,34.7,34.7,38.1,300.0,300.0,30.1,36.3,35.2,35.0,37.2,4.95,2.0,4.96,0.16,0.0,0.0,1027.0,8228.0,0.0,0.0,0.0,0.0,0.0,1.0,0.0,0.0,0.0,-0.001,0.0,0.4,0.0,-10.9,-12.6,0.0149,16.0,25903.0
2026-07-30T18:58:18.995Z,68.478,68.49,-7.4,7.4,0.0,0.0,0.0,0.0,0.0,1.0,1.0,0.0,1.0,0.0,0.0,0.0,8.0,6.0,0.0,0.0,0.0,0.0,0.0,0.0,0.0,0.0,5.0,12.0,1.0,12.06,5.01,2.5,1.49,-2.2,0.3,2.2,300.90000000000003,-0.1,-11.4,2.3000000000000003,11.0,-82.4,0.0,0.0,219.8,0.0,21.8,34.7,34.7,38.1,300.0,300.0,30.1,36.3,35.2,35.0,37.2,4.95,2.0,4.96,0.16,0.0,0.0,1027.0,8228.0,0.0,0.0,0.0,0.0,0.0,1.0,0.0,0.0,0.0,-0.001,0.0,-0.5,0.0,-13.2,-12.7,0.0155,16.0,25903.0
2026-07-30T18:58:19.006Z,68.489,68.502,-7.5,7.4,0.0,0.0,0.0,0.0,0.0,1.0,1.0,0.0,1.0,0.0,0.0,0.0,8.0,6.0,0.0,0.0,0.0,0.0,0.0,0.0,0.0,0.0,6.0,12.0,1.0,12.06,5.01,2.5,1.49,-2.2,0.3,2.2,301.1,-0.1,-12.6,2.3000000000000003,8.1,-82.4,0.0,0.0,219.8,0.0,21.8,34.7,34.7,38.1,300.0,300.0,30.1,36.3,35.2,35.0,37.2,4.96,2.0,4.96,0.16,0.0,0.0,1027.0,8228.0,0.0,0.0,0.0,0.0,0.0,1.0,0.0,0.0,0.0,-0.001,0.0,-0.5,0.0,-13.2,-12.8,0.0151,16.0,25903.0
2026-07-30T18:58:19.018Z,68.501,68.514,-7.5,7.4,0.0,0.0,0.0,0.0,0.0,1.0,1.0,0.0,1.0,0.0,0.0,0.0,8.0,6.0,0.0,0.0,0.0,0.0,0.0,0.0,0.0,0.0,1.0,12.0,1.0,12.06,5.01,2.5,1.49,-2.2,0.3,2.3000000000000003,301.0,-0.1,-11.4,1.1,9.9,-82.4,0.0,0.0,219.8,0.0,21.8,34.7,34.7,38.1,300.0,300.0,30.1,36.3,35.2,35.0,37.2,4.95,2.0,4.97,0.16,0.0,0.0,1027.0,8228.0,0.0,0.0,0.0,0.0,0.0,1.0,0.0,0.0,0.0,-0.001,0.0,-0.9,0.0,-12.1,-12.8,0.0151,16.0,25903.0
2026-07-30T18:58:19.030Z,68.513,68.526,-7.5,7.4,0.0,0.0,0.0,0.0,0.0,1.0,1.0,0.0,1.0,0.0,0.0,0.0,8.0,6.0,0.0,0.0,0.0,0.0,0.0,0.0,0.0,0.0,2.0,12.0,1.0,12.06,5.01,2.5,1.49,-2.2,0.2,2.2,301.1,-0.1,-11.4,2.9000000000000004,10.4,-82.4,0.0,0.0,219.8,0.0,21.8,34.7,34.7,38.1,300.0,300.0,30.1,36.3,35.2,35.0,37.2,4.95,1.99,4.96,0.16,0.0,0.0,1027.0,8228.0,0.0,0.0,0.0,0.0,0.0,1.0,0.0,0.0,0.0,-0.001,0.0,0.5,0.0,-14.0,-12.7,0.0153,16.0,25903.0
2026-07-30T18:58:19.043Z,68.526,68.538,-7.4,7.4,0.0,0.0,0.0,0.0,0.0,1.0,1.0,0.0,1.0,0.0,0.0,0.0,8.0,6.0,0.0,0.0,0.0,0.0,0.0,0.0,0.0,0.0,3.0,12.0,1.0,12.06,5.01,2.5,1.49,-2.2,0.3,2.3000000000000003,301.1,-0.1,-12.0,1.7000000000000002,9.3,-82.4,0.0,0.0,219.8,0.0,21.8,34.7,34.7,38.1,300.0,300.0,30.1,36.3,35.2,35.0,37.2,4.96,2.0,4.96,0.16,0.0,0.0,1027.0,8228.0,0.0,0.0,0.0,0.0,0.0,1.0,0.0,0.0,0.0,-0.001,0.0,-0.2,0.0,-11.8,-12.7,0.0148,16.0,25903.0
2026-07-30T18:58:19.060Z,68.543,68.55,-7.4,7.4,0.0,0.0,0.0,0.0,0.0,1.0,1.0,0.0,1.0,0.0,0.0,0.0,8.0,6.0,0.0,0.0,0.0,0.0,0.0,0.0,0.0,0.0,4.0,12.0,1.0,12.08,5.01,2.51,1.49,-2.2,0.3,2.2,301.0,-0.1,-11.4,1.7000000000000002,10.4,-82.4,0.0,0.0,219.8,0.0,22.200000000000003,34.7,34.7,38.1,300.0,300.0,30.0,36.4,35.2,35.0,37.2,4.95,2.0,4.96,0.16,0.0,0.0,1027.0,8228.0,0.0,0.0,0.0,0.0,0.0,1.0,0.0,0.0,0.0,-0.001,0.0,-0.5,0.0,-13.2,-12.8,0.0154,16.0,25903.0
2026-07-30T18:58:19.066Z,68.549,68.562,-7.5,7.4,0.0,0.0,0.0,0.0,0.0,1.0,1.0,0.0,1.0,0.0,0.0,0.0,8.0,6.0,0.0,0.0,0.0,0.0,0.0,0.0,0.0,0.0,4.0,12.0,1.0,12.08,5.01,2.51,1.49,-2.1,0.3,2.1,301.1,-0.1,-10.9,2.3000000000000003,12.2,-82.4,0.0,0.0,219.7,0.0,22.200000000000003,34.7,34.7,38.1,300.0,300.0,30.0,36.4,35.2,35.0,37.2,4.95,2.0,4.96,0.16,0.0,0.0,1027.0,8228.0,0.0,0.0,0.0,0.0,0.0,1.0,0.0,0.0,0.0,-0.001,0.0,-0.3,0.0,-15.6,-12.8,0.0151,16.0,25903.0
2026-07-30T18:58:19.079Z,68.562,68.574,-7.5,7.4,0.0,0.0,0.0,0.0,0.0,1.0,1.0,0.0,1.0,0.0,0.0,0.0,8.0,6.0,0.0,0.0,0.0,0.0,0.0,0.0,0.0,0.0,5.0,12.0,1.0,12.08,5.01,2.51,1.49,-2.1,0.2,2.2,300.90000000000003,-0.1,-10.3,2.9000000000000004,10.4,-82.4,0.0,0.0,219.7,0.0,22.200000000000003,34.7,34.7,38.1,300.0,300.0,30.0,36.4,35.2,35.0,37.2,4.95,2.0,4.96,0.16,0.0,0.0,1027.0,8228.0,0.0,0.0,0.0,0.0,0.0,1.0,0.0,0.0,0.0,-0.001,0.0,0.5,0.0,-14.0,-12.7,0.0144,16.0,25903.0
2026-07-30T18:58:19.091Z,68.574,68.586,-7.4,7.4,0.0,0.0,0.0,0.0,0.0,1.0,1.0,0.0,1.0,0.0,0.0,0.0,8.0,6.0,0.0,0.0,0.0,0.0,0.0,0.0,0.0,0.0,6.0,12.0,1.0,12.08,5.01,2.51,1.49,-2.1,0.2,2.1,301.1,-0.1,-11.4,4.0,11.0,-82.30000000000001,0.0,0.0,219.8,0.0,22.200000000000003,34.7,34.7,38.1,300.0,300.0,30.0,36.4,35.2,35.0,37.2,4.95,2.0,4.96,0.16,0.0,0.0,1027.0,8228.0,0.0,0.0,0.0,0.0,0.0,1.0,0.0,0.0,0.0,-0.001,0.0,1.4,0.0,-15.6,-12.7,0.0147,16.0,25903.0
2026-07-30T18:58:19.102Z,68.585,68.598,-7.4,7.4,0.0,0.0,0.0,0.0,0.0,1.0,1.0,0.0,1.0,0.0,0.0,0.0,8.0,6.0,0.0,0.0,0.0,0.0,0.0,0.0,0.0,0.0,1.0,12.0,1.0,12.08,5.01,2.51,1.49,-2.2,0.2,2.2,301.1,-0.1,-11.4,3.5,10.4,-82.4,0.0,0.0,219.7,0.0,22.200000000000003,34.7,34.7,38.1,300.0,300.0,30.0,36.4,35.2,35.0,37.2,4.96,2.0,4.96,0.16,0.0,0.0,1027.0,8228.0,0.0,0.0,0.0,0.0,0.0,1.0,0.0,0.0,0.0,-0.001,0.0,1.0,0.0,-14.5,-12.8,0.0144,16.0,25903.0
2026-07-30T18:58:19.119Z,68.602,68.61,-7.4,7.4,0.0,0.0,0.0,0.0,0.0,1.0,1.0,0.0,1.0,0.0,0.0,0.0,8.0,6.0,0.0,0.0,0.0,0.0,0.0,0.0,0.0,0.0,3.0,12.0,1.0,12.08,5.01,2.51,1.49,-2.2,0.2,2.2,301.0,-0.1,-11.4,2.9000000000000004,9.9,-82.4,0.0,0.0,219.8,0.0,22.200000000000003,34.7,34.7,38.1,300.0,300.0,30.0,36.4,35.2,35.0,37.2,4.96,1.99,4.96,0.16,0.0,0.0,1027.0,8228.0,0.0,0.0,0.0,0.0,0.0,1.0,0.0,0.0,0.0,-0.001,0.0,0.6000000000000001,0.0,-13.4,-12.9,0.0148,16.0,25903.0
2026-07-30T18:58:19.127Z,68.61,68.622,-7.5,7.4,0.0,0.0,0.0,0.0,0.0,1.0,1.0,0.0,1.0,0.0,0.0,0.0,8.0,6.0,0.0,0.0,0.0,0.0,0.0,0.0,0.0,0.0,4.0,12.0,1.0,12.08,5.01,2.51,1.49,-2.1,0.2,2.1,301.0,-0.1,-11.4,4.0,11.6,-82.4,0.0,0.0,219.8,0.0,22.200000000000003,34.7,34.7,38.1,300.0,300.0,30.0,36.4,35.2,35.0,37.2,4.96,2.0,4.97,0.16,0.0,0.0,1027.0,8228.0,0.0,0.0,0.0,0.0,0.0,1.0,0.0,0.0,0.0,-0.001,0.0,1.3,0.0,-16.2,-12.8,0.015,16.0,25903.0
2026-07-30T18:58:19.139Z,68.622,68.634,-7.4,7.4,0.0,0.0,0.0,0.0,0.0,1.0,1.0,0.0,1.0,0.0,0.0,0.0,8.0,6.0,0.0,0.0,0.0,0.0,0.0,0.0,0.0,0.0,5.0,12.0,1.0,12.08,5.01,2.51,1.49,-2.2,0.2,2.2,301.1,-0.1,-12.0,2.9000000000000004,9.9,-82.4,0.0,0.0,219.9,0.0,22.200000000000003,34.7,34.7,38.1,300.0,300.0,30.0,36.4,35.2,35.0,37.2,4.96,2.0,4.97,0.16,0.0,0.0,1027.0,8228.0,0.0,0.0,0.0,0.0,0.0,1.0,0.0,0.0,0.0,-0.001,0.0,0.6000000000000001,0.0,-13.4,-12.7,0.0143,16.0,25903.0
2026-07-30T18:58:19.151Z,68.634,68.646,-7.5,7.4,0.0,0.0,0.0,0.0,0.0,1.0,1.0,0.0,1.0,0.0,0.0,0.0,8.0,6.0,0.0,0.0,0.0,0.0,0.0,0.0,0.0,0.0,6.0,12.0,1.0,12.05,5.01,2.51,1.49,-2.2,0.3,2.3000000000000003,301.0,-0.1,-12.0,1.1,9.9,-82.4,0.0,0.0,219.8,0.0,22.1,34.7,34.7,38.1,300.0,300.0,30.200000000000003,36.6,35.2,35.0,37.2,4.96,2.0,4.97,0.16,0.0,0.0,1027.0,8228.0,0.0,0.0,0.0,0.0,0.0,1.0,0.0,0.0,0.0,-0.001,0.0,-0.9,0.0,-12.1,-12.8,0.015,16.0,25903.0
2026-07-30T18:58:19.162Z,68.645,68.658,-7.5,7.4,0.0,0.0,0.0,0.0,0.0,1.0,1.0,0.0,1.0,0.0,0.0,0.0,8.0,6.0,0.0,0.0,0.0,0.0,0.0,0.0,0.0,0.0,1.0,12.0,1.0,12.05,5.01,2.51,1.49,-2.2,0.3,2.2,301.0,-0.1,-12.6,1.7000000000000002,9.3,-82.4,0.0,0.0,219.8,0.0,22.1,34.7,34.7,38.1,300.0,300.0,30.200000000000003,36.6,35.2,35.0,37.2,4.96,2.0,4.96,0.16,0.0,0.0,1027.0,8228.0,0.0,0.0,0.0,0.0,0.0,1.0,0.0,0.0,0.0,-0.001,0.0,-0.2,0.0,-11.8,-12.8,0.0153,16.0,25903.0
2026-07-30T18:58:19.174Z,68.657,68.67,-7.5,7.4,0.0,0.0,0.0,0.0,0.0,1.0,1.0,0.0,1.0,0.0,0.0,0.0,8.0,6.0,0.0,0.0,0.0,0.0,0.0,0.0,0.0,0.0,2.0,12.0,1.0,12.05,5.01,2.51,1.49,-2.2,0.2,2.2,301.1,-0.1,-11.4,2.3000000000000003,9.9,-82.4,0.0,0.0,219.7,0.0,22.1,34.7,34.7,38.1,300.0,300.0,30.200000000000003,36.6,35.2,35.0,37.2,4.96,2.0,4.96,0.16,0.0,0.0,1027.0,8228.0,0.0,0.0,0.0,0.0,0.0,1.0,0.0,0.0,0.0,-0.001,0.0,0.1,0.0,-12.9,-12.7,0.0153,16.0,25903.0
2026-07-30T18:58:19.187Z,68.67,68.682,-7.5,7.4,0.0,0.0,0.0,0.0,0.0,1.0,1.0,0.0,1.0,0.0,0.0,0.0,8.0,6.0,0.0,0.0,0.0,0.0,0.0,0.0,0.0,0.0,3.0,12.0,1.0,12.05,5.01,2.51,1.49,-2.2,0.2,2.2,301.0,-0.1,-12.0,2.3000000000000003,10.4,-82.4,0.0,0.0,219.7,0.0,22.1,34.7,34.7,38.1,300.0,300.0,30.200000000000003,36.6,35.2,35.0,37.2,4.95,2.0,4.96,0.16,0.0,0.0,1027.0,8228.0,0.0,0.0,0.0,0.0,0.0,1.0,0.0,0.0,0.0,-0.001,0.0,0.0,0.0,-13.6,-12.7,0.015,16.0,25903.0
2026-07-30T18:58:19.199Z,68.682,68.694,-7.4,7.4,0.0,0.0,0.0,0.0,0.0,1.0,1.0,0.0,1.0,0.0,0.0,0.0,8.0,6.0,0.0,0.0,0.0,0.0,0.0,0.0,0.0,0.0,4.0,12.0,1.0,12.05,5.01,2.51,1.49,-2.3000000000000003,0.3,2.3000000000000003,301.1,-0.1,-12.0,1.1,8.1,-82.4,0.0,0.0,219.9,0.0,22.1,34.7,34.7,38.1,300.0,300.0,30.200000000000003,36.6,35.2,35.0,37.2,4.96,2.0,4.96,0.16,0.0,0.0,1027.0,8228.0,0.0,0.0,0.0,0.0,0.0,1.0,0.0,0.0,0.0,-0.001,0.0,-0.5,0.0,-10.1,-12.7,0.0149,16.0,25903.0
2026-07-30T18:58:19.211Z,68.694,68.706,-7.5,7.4,0.0,0.0,0.0,0.0,0.0,1.0,1.0,0.0,1.0,0.0,0.0,0.0,8.0,6.0,0.0,0.0,0.0,0.0,0.0,0.0,0.0,0.0,6.0,12.0,1.0,12.05,5.01,2.51,1.49,-2.2,0.3,2.2,301.1,-0.1,-12.0,1.1,9.3,-82.4,0.0,0.0,219.9,0.0,22.1,34.7,34.7,38.1,300.0,300.0,30.200000000000003,36.6,35.2,35.0,37.2,4.96,2.0,4.96,0.16,0.0,0.0,1027.0,8228.0,0.0,0.0,0.0,0.0,0.0,1.0,0.0,0.0,0.0,-0.001,0.0,-0.8,0.0,-11.4,-12.8,0.0156,16.0,25903.0
2026-07-30T18:58:19.223Z,68.706,68.718,-7.4,7.4,0.0,0.0,0.0,0.0,0.0,1.0,1.0,0.0,1.0,0.0,0.0,0.0,8.0,6.0,0.0,0.0,0.0,0.0,0.0,0.0,0.0,0.0,6.0,12.0,1.0,12.05,5.01,2.51,1.49,-2.3000000000000003,0.2,2.3000000000000003,301.0,-0.1,-12.0,1.7000000000000002,7.5,-82.5,0.0,0.0,220.0,0.0,22.1,34.7,34.7,38.1,300.0,300.0,30.200000000000003,36.6,35.2,35.0,37.2,4.96,2.0,4.96,0.16,0.0,0.0,1027.0,8228.0,0.0,0.0,0.0,0.0,0.0,1.0,0.0,0.0,0.0,-0.001,0.0,0.0,0.0,-9.8,-12.7,0.0152,16.0,25903.0
2026-07-30T18:58:19.235Z,68.718,68.73,-7.4,7.4,0.0,0.0,0.0,0.0,0.0,1.0,1.0,0.0,1.0,0.0,0.0,0.0,8.0,6.0,0.0,0.0,0.0,0.0,0.0,0.0,0.0,0.0,1.0,12.0,1.0,12.05,5.01,2.51,1.49,-2.3000000000000003,0.2,2.3000000000000003,301.0,-0.1,-12.0,1.7000000000000002,8.1,-82.5,0.0,0.0,219.9,0.0,22.1,34.7,34.7,38.1,300.0,300.0,30.200000000000003,36.6,35.2,35.0,37.2,4.95,2.0,4.96,0.16,0.0,0.0,1027.0,8228.0,0.0,0.0,0.0,0.0,0.0,1.0,0.0,0.0,0.0,-0.001,0.0,0.0,0.0,-10.5,-12.8,0.0156,16.0,25903.0
2026-07-30T18:58:19.247Z,68.73,68.742,-7.4,7.4,0.0,0.0,0.0,0.0,0.0,1.0,1.0,0.0,1.0,0.0,0.0,0.0,8.0,6.0,0.0,0.0,0.0,0.0,0.0,0.0,0.0,0.0,2.0,12.0,1.0,12.05,5.01,2.51,1.49,-2.3000000000000003,0.3,2.3000000000000003,301.1,-0.1,-13.2,1.1,8.1,-82.5,0.0,0.0,219.9,0.0,22.1,34.7,34.7,38.1,300.0,300.0,30.200000000000003,36.6,35.2,35.0,37.2,4.96,2.0,4.96,0.16,0.0,0.0,1027.0,8228.0,0.0,0.0,0.0,0.0,0.0,1.0,0.0,0.0,0.0,-0.001,0.0,-0.5,0.0,-10.1,-12.9,0.0157,16.0,25903.0
2026-07-30T18:58:19.258Z,68.741,68.754,-7.5,7.4,0.0,0.0,0.0,0.0,0.0,1.0,1.0,0.0,1.0,0.0,0.0,0.0,8.0,6.0,0.0,0.0,0.0,0.0,0.0,0.0,0.0,0.0,4.0,12.0,1.0,12.02,5.01,2.51,1.49,-2.3000000000000003,0.3,2.3000000000000003,301.0,-0.1,-13.2,0.5,8.700000000000001,-82.5,0.0,0.0,219.8,0.0,21.9,34.7,34.7,38.1,300.0,300.0,30.0,36.6,35.2,35.2,37.3,4.96,2.0,4.97,0.16,0.0,0.0,1027.0,8228.0,0.0,0.0,0.0,0.0,0.0,1.0,0.0,0.0,0.0,-0.001,0.0,-1.2000000000000002,0.0,-10.3,-12.8,0.0158,16.0,25903.0
2026-07-30T18:58:19.270Z,68.753,68.766,-7.4,7.4,0.0,0.0,0.0,0.0,0.0,1.0,1.0,0.0,1.0,0.0,0.0,0.0,8.0,6.0,0.0,0.0,0.0,0.0,0.0,0.0,0.0,0.0,5.0,12.0,1.0,12.02,5.01,2.51,1.49,-2.2,0.2,2.2,301.0,-0.1,-12.0,2.9000000000000004,9.3,-82.5,0.0,0.0,219.7,0.0,21.9,34.7,34.7,38.1,300.0,300.0,30.0,36.6,35.2,35.2,37.3,4.96,2.0,4.96,0.16,0.0,0.0,1027.0,8228.0,0.0,0.0,0.0,0.0,0.0,1.0,0.0,0.0,0.0,-0.001,0.0,0.7000000000000001,0.0,-12.7,-12.7,0.0156,16.0,25903.0
2026-07-30T18:58:19.282Z,68.765,68.778,-7.4,7.4,0.0,0.0,0.0,0.0,0.0,1.0,1.0,0.0,1.0,0.0,0.0,0.0,8.0,6.0,0.0,0.0,0.0,0.0,0.0,0.0,0.0,0.0,6.0,12.0,1.0,12.02,5.01,2.51,1.49,-2.3000000000000003,0.3,2.3000000000000003,301.1,-0.1,-12.0,1.7000000000000002,9.3,-82.5,0.0,0.0,219.7,0.0,21.9,34.7,34.7,38.1,300.0,300.0,30.0,36.6,35.2,35.2,37.3,4.95,2.0,4.96,0.16,0.0,0.0,1027.0,8228.0,0.0,0.0,0.0,0.0,0.0,1.0,0.0,0.0,0.0,-0.001,0.0,-0.2,0.0,-11.8,-12.8,0.0151,16.0,25903.0
2026-07-30T18:58:19.294Z,68.777,68.79,-7.4,7.4,0.0,0.0,0.0,0.0,0.0,1.0,1.0,0.0,1.0,0.0,0.0,0.0,8.0,6.0,0.0,0.0,0.0,0.0,0.0,0.0,0.0,0.0,1.0,12.0,1.0,12.02,5.01,2.51,1.49,-2.3000000000000003,0.3,2.3000000000000003,301.0,-0.1,-12.6,1.1,8.1,-82.5,0.0,0.0,219.8,0.0,21.9,34.7,34.7,38.1,300.0,300.0,30.0,36.6,35.2,35.2,37.3,4.95,2.0,4.96,0.16,0.0,0.0,1027.0,8228.0,0.0,0.0,0.0,0.0,0.0,1.0,0.0,0.0,0.0,-0.001,0.0,-0.5,0.0,-10.1,-12.9,0.0155,16.0,25903.0
2026-07-30T18:58:19.307Z,68.79,68.802,-7.5,7.4,0.0,0.0,0.0,0.0,0.0,1.0,1.0,0.0,1.0,0.0,0.0,0.0,8.0,6.0,0.0,0.0,0.0,0.0,0.0,0.0,0.0,0.0,2.0,12.0,1.0,12.02,5.01,2.51,1.49,-2.2,0.3,2.3000000000000003,301.1,-0.1,-12.0,1.1,9.3,-82.5,0.0,0.0,219.8,0.0,21.9,34.7,34.7,38.1,300.0,300.0,30.0,36.6,35.2,35.2,37.3,4.96,2.0,4.97,0.16,0.0,0.0,1027.0,8228.0,0.0,0.0,0.0,0.0,0.0,1.0,0.0,0.0,0.0,-0.001,0.0,-0.7000000000000001,0.0,-11.4,-12.8,0.0158,16.0,25903.0
2026-07-30T18:58:19.319Z,68.802,68.81400000000001,-7.5,7.4,0.0,0.0,0.0,0.0,0.0,1.0,1.0,0.0,1.0,0.0,0.0,0.0,8.0,6.0,0.0,0.0,0.0,0.0,0.0,0.0,0.0,0.0,4.0,12.0,1.0,12.02,5.01,2.51,1.49,-2.2,0.2,2.2,301.0,-0.1,-12.0,2.3000000000000003,9.9,-82.5,0.0,0.0,219.9,0.0,21.9,34.7,34.7,38.1,300.0,300.0,30.0,36.6,35.2,35.2,37.3,4.96,2.0,4.96,0.16,0.0,0.0,1027.0,8228.0,0.0,0.0,0.0,0.0,0.0,1.0,0.0,0.0,0.0,-0.001,0.0,0.1,0.0,-12.9,-12.7,0.0154,16.0,25903.0
2026-07-30T18:58:19.330Z,68.813,68.82600000000001,-7.5,7.4,0.0,0.0,0.0,0.0,0.0,1.0,1.0,0.0,1.0,0.0,0.0,0.0,8.0,6.0,0.0,0.0,0.0,0.0,0.0,0.0,0.0,0.0,5.0,12.0,1.0,12.02,5.01,2.51,1.49,-2.2,0.2,2.2,301.0,-0.1,-12.0,2.3000000000000003,10.4,-82.5,0.0,0.0,219.9,0.0,21.9,34.7,34.7,38.1,300.0,300.0,30.0,36.6,35.2,35.2,37.3,4.96,2.0,4.96,0.16,0.0,0.0,1027.0,8228.0,0.0,0.0,0.0,0.0,0.0,1.0,0.0,0.0,0.0,-0.001,0.0,0.0,0.0,-13.6,-12.6,0.0148,16.0,25903.0
2026-07-30T18:58:19.343Z,68.826,68.83800000000001,-7.4,7.4,0.0,0.0,0.0,0.0,0.0,1.0,1.0,0.0,1.0,0.0,0.0,0.0,8.0,6.0,0.0,0.0,0.0,0.0,0.0,0.0,0.0,0.0,6.0,12.0,1.0,12.02,5.01,2.51,1.49,-2.2,0.2,2.2,301.0,-0.1,-11.4,2.3000000000000003,9.9,-82.5,0.0,0.0,219.9,0.0,21.9,34.7,34.7,38.1,300.0,300.0,30.0,36.6,35.2,35.2,37.3,4.95,2.0,4.97,0.16,0.0,0.0,1027.0,8228.0,0.0,0.0,0.0,0.0,0.0,1.0,0.0,0.0,0.0,-0.001,0.0,0.1,0.0,-12.9,-12.7,0.0148,16.0,25903.0
2026-07-30T18:58:19.356Z,68.839,68.85000000000001,-7.4,7.4,0.0,0.0,0.0,0.0,0.0,1.0,1.0,0.0,1.0,0.0,0.0,0.0,8.0,6.0,0.0,0.0,0.0,0.0,0.0,0.0,0.0,0.0,1.0,12.0,1.0,12.05,5.01,2.5,1.49,-2.2,0.2,2.2,300.90000000000003,-0.1,-10.3,2.9000000000000004,10.4,-82.5,0.0,0.0,220.0,0.0,22.200000000000003,34.7,34.7,38.1,300.0,300.0,29.9,36.5,35.2,35.2,37.3,4.96,2.0,4.97,0.16,0.0,0.0,1027.0,8228.0,0.0,0.0,0.0,0.0,0.0,1.0,0.0,0.0,0.0,-0.001,0.0,0.4,0.0,-14.1,-12.8,0.015,16.0,25903.0
2026-07-30T18:58:19.372Z,68.855,68.862,-7.5,7.4,0.0,0.0,0.0,0.0,0.0,1.0,1.0,0.0,1.0,0.0,0.0,0.0,8.0,6.0,0.0,0.0,0.0,0.0,0.0,0.0,0.0,0.0,2.0,12.0,1.0,12.05,5.01,2.5,1.49,-2.1,0.2,2.1,301.1,-0.1,-10.3,4.0,10.4,-82.5,0.0,0.0,219.9,0.0,22.200000000000003,34.7,34.7,38.1,300.0,300.0,29.9,36.5,35.2,35.2,37.3,4.96,2.0,4.97,0.16,0.0,0.0,1027.0,8228.0,0.0,0.0,0.0,0.0,0.0,1.0,0.0,0.0,0.0,-0.001,0.0,1.5,0.0,-14.9,-12.8,0.0147,16.0,25903.0
2026-07-30T18:58:19.378Z,68.861,68.874,-7.4,7.4,0.0,0.0,0.0,0.0,0.0,1.0,1.0,0.0,1.0,0.0,0.0,0.0,8.0,6.0,0.0,0.0,0.0,0.0,0.0,0.0,0.0,0.0,1.0,12.0,1.0,12.05,5.01,2.5,1.49,-2.1,0.2,2.1,301.1,-0.1,-12.0,2.9000000000000004,11.6,-82.5,0.0,0.0,219.9,0.0,22.200000000000003,34.7,34.7,38.1,300.0,300.0,29.9,36.5,35.2,35.2,37.3,4.95,2.0,4.97,0.16,0.0,0.0,1027.0,8228.0,0.0,0.0,0.0,0.0,0.0,1.0,0.0,0.0,0.0,-0.001,0.0,0.2,0.0,-15.4,-12.8,0.015,16.0,25903.0
2026-07-30T18:58:19.391Z,68.874,68.886,-7.4,7.4,0.0,0.0,0.0,0.0,0.0,1.0,1.0,0.0,1.0,0.0,0.0,0.0,8.0,6.0,0.0,0.0,0.0,0.0,0.0,0.0,0.0,0.0,1.0,12.0,1.0,12.05,5.01,2.5,1.49,-2.2,0.2,2.2,301.0,-0.1,-10.9,2.9000000000000004,10.4,-82.60000000000001,0.0,0.0,220.0,0.0,22.200000000000003,34.7,34.7,38.1,300.0,300.0,29.9,36.5,35.2,35.2,37.3,4.95,2.0,4.96,0.16,0.0,0.0,1027.0,8228.0,0.0,0.0,0.0,0.0,0.0,1.0,0.0,0.0,0.0,-0.001,0.0,0.4,0.0,-14.0,-12.9,0.0146,16.0,25903.0
2026-07-30T18:58:19.402Z,68.885,68.898,-7.5,7.4,0.0,0.0,0.0,0.0,0.0,1.0,1.0,0.0,1.0,0.0,0.0,0.0,8.0,6.0,0.0,0.0,0.0,0.0,0.0,0.0,0.0,0.0,1.0,12.0,1.0,12.05,5.01,2.5,1.49,-2.2,0.2,2.2,301.1,-0.1,-11.4,2.3000000000000003,9.9,-82.60000000000001,0.0,0.0,219.9,0.0,22.200000000000003,34.7,34.7,38.1,300.0,300.0,29.9,36.5,35.2,35.2,37.3,4.95,2.0,4.97,0.16,0.0,0.0,1027.0,8228.0,0.0,0.0,0.0,0.0,0.0,1.0,0.0,0.0,0.0,-0.001,0.0,0.1,0.0,-12.9,-12.8,0.0148,16.0,25903.0
2026-07-30T18:58:19.414Z,68.897,68.91,-7.5,7.4,0.0,0.0,0.0,0.0,0.0,1.0,1.0,0.0,1.0,0.0,0.0,0.0,8.0,6.0,0.0,0.0,0.0,0.0,0.0,0.0,0.0,0.0,3.0,12.0,1.0,12.05,5.01,2.5,1.49,-2.2,0.2,2.2,301.1,-0.1,-10.9,3.5,9.9,-82.60000000000001,0.0,0.0,219.9,0.0,22.200000000000003,34.7,34.7,38.1,300.0,300.0,29.9,36.5,35.2,35.2,37.3,4.95,2.0,4.96,0.16,0.0,0.0,1027.0,8228.0,0.0,0.0,0.0,0.0,0.0,1.0,0.0,0.0,0.0,-0.001,0.0,1.1,0.0,-13.8,-12.7,0.0149,16.0,25903.0
2026-07-30T18:58:19.426Z,68.909,68.922,-7.4,7.4,0.0,0.0,0.0,0.0,0.0,1.0,1.0,0.0,1.0,0.0,0.0,0.0,8.0,6.0,0.0,0.0,0.0,0.0,0.0,0.0,0.0,0.0,4.0,12.0,1.0,12.05,5.01,2.5,1.49,-2.1,0.2,2.2,301.0,-0.1,-12.0,3.5,10.4,-82.60000000000001,0.0,0.0,220.0,0.0,22.200000000000003,34.7,34.7,38.1,300.0,300.0,29.9,36.5,35.2,35.2,37.3,4.95,2.0,4.96,0.16,0.0,0.0,1027.0,8228.0,0.0,0.0,0.0,0.0,0.0,1.0,0.0,0.0,0.0,-0.001,0.0,1.0,0.0,-14.5,-12.7,0.0152,16.0,25903.0
2026-07-30T18:58:19.439Z,68.922,68.934,-7.4,7.4,0.0,0.0,0.0,0.0,0.0,1.0,1.0,0.0,1.0,0.0,0.0,0.0,8.0,6.0,0.0,0.0,0.0,0.0,0.0,0.0,0.0,0.0,4.0,12.0,1.0,12.05,5.01,2.5,1.49,-2.2,0.2,2.2,301.0,-0.1,-10.9,2.3000000000000003,9.3,-82.60000000000001,0.0,0.0,219.8,0.0,22.200000000000003,34.7,34.7,38.1,300.0,300.0,29.9,36.5,35.2,35.2,37.3,4.96,2.0,4.96,0.17,0.0,0.0,1027.0,8228.0,0.0,0.0,0.0,0.0,0.0,1.0,0.0,0.0,0.0,-0.001,0.0,0.2,0.0,-12.3,-12.8,0.0152,16.0,25903.0
2026-07-30T18:58:19.450Z,68.933,68.946,-7.5,7.4,0.0,0.0,0.0,0.0,0.0,1.0,1.0,0.0,1.0,0.0,0.0,0.0,8.0,6.0,0.0,0.0,0.0,0.0,0.0,0.0,0.0,0.0,5.0,12.0,1.0,12.05,5.01,2.5,1.49,-2.2,0.3,2.2,301.1,-0.1,-12.6,1.1,9.3,-82.60000000000001,0.0,0.0,219.8,0.0,22.200000000000003,34.7,34.7,38.1,300.0,300.0,29.9,36.5,35.2,35.2,37.3,4.95,2.0,4.96,0.17,0.0,0.0,1027.0,8228.0,0.0,0.0,0.0,0.0,0.0,1.0,0.0,0.0,0.0,-0.001,0.0,-0.7000000000000001,0.0,-11.4,-12.8,0.0153,16.0,25903.0
2026-07-30T18:58:19.463Z,68.946,68.958,-7.5,7.4,0.0,0.0,0.0,0.0,0.0,1.0,1.0,0.0,1.0,0.0,0.0,0.0,8.0,6.0,0.0,0.0,0.0,0.0,0.0,0.0,0.0,0.0,1.0,12.0,1.0,12.02,5.01,2.5,1.49,-2.2,0.3,2.2,301.0,-0.1,-10.9,1.7000000000000002,9.3,-82.60000000000001,0.0,0.0,220.0,0.0,22.200000000000003,34.7,34.7,38.1,300.0,300.0,30.0,36.4,35.300000000000004,35.1,37.2,4.95,2.0,4.97,0.16,0.0,0.0,1027.0,8228.0,0.0,0.0,0.0,0.0,0.0,1.0,0.0,0.0,0.0,-0.001,0.0,-0.3,0.0,-11.8,-12.7,0.016,16.0,25903.0
2026-07-30T18:58:19.474Z,68.957,68.97,-7.4,7.4,0.0,0.0,0.0,0.0,0.0,1.0,1.0,0.0,1.0,0.0,0.0,0.0,8.0,6.0,0.0,0.0,0.0,0.0,0.0,0.0,0.0,0.0,2.0,12.0,1.0,12.02,5.01,2.5,1.49,-2.3000000000000003,0.2,2.3000000000000003,301.0,-0.1,-12.0,2.3000000000000003,7.5,-82.5,0.0,0.0,219.9,0.0,22.200000000000003,34.7,34.7,38.1,300.0,300.0,30.0,36.4,35.300000000000004,35.1,37.2,4.96,2.0,4.97,0.16,0.0,0.0,1027.0,8228.0,0.0,0.0,0.0,0.0,0.0,1.0,0.0,0.0,0.0,-0.001,0.0,0.5,0.0,-10.3,-12.7,0.0152,16.0,25903.0
2026-07-30T18:58:19.486Z,68.969,68.982,-7.4,7.4,0.0,0.0,0.0,0.0,0.0,1.0,1.0,0.0,1.0,0.0,0.0,0.0,8.0,6.0,0.0,0.0,0.0,0.0,0.0,0.0,0.0,0.0,3.0,12.0,1.0,12.02,5.01,2.5,1.49,-2.1,0.3,2.2,301.1,-0.1,-12.0,2.3000000000000003,11.0,-82.5,0.0,0.0,219.8,0.0,22.200000000000003,34.7,34.7,38.1,300.0,300.0,30.0,36.4,35.300000000000004,35.1,37.2,4.96,2.0,4.96,0.16,0.0,0.0,1027.0,8228.0,0.0,0.0,0.0,0.0,0.0,1.0,0.0,0.0,0.0,-0.001,0.0,-0.1,0.0,-14.3,-12.8,0.0157,16.0,25903.0
2026-07-30T18:58:19.498Z,68.981,68.994,-7.5,7.4,0.0,0.0,0.0,0.0,0.0,1.0,1.0,0.0,1.0,0.0,0.0,0.0,8.0,6.0,0.0,0.0,0.0,0.0,0.0,0.0,0.0,0.0,4.0,12.0,1.0,12.02,5.01,2.5,1.49,-2.3000000000000003,0.3,2.3000000000000003,301.0,-0.1,-12.0,0.5,8.1,-82.5,0.0,0.0,219.8,0.0,22.200000000000003,34.7,34.7,38.1,300.0,300.0,30.0,36.4,35.300000000000004,35.1,37.2,4.95,2.0,4.96,0.16,0.0,0.0,1027.0,8228.0,0.0,0.0,0.0,0.0,0.0,1.0,0.0,0.0,0.0,-0.001,0.0,-0.9,0.0,-12.1,-12.8,0.0148,16.0,25903.0
2026-07-30T18:58:19.511Z,68.994,69.006,-7.4,7.4,0.0,0.0,0.0,0.0,0.0,1.0,1.0,0.0,1.0,0.0,0.0,0.0,8.0,6.0,0.0,0.0,0.0,0.0,0.0,0.0,0.0,0.0,5.0,12.0,1.0,12.02,5.01,2.5,1.49,-2.2,0.3,2.2,301.1,-0.1,-12.0,1.7000000000000002,11.0,-82.5,0.0,0.0,219.9,0.0,22.200000000000003,34.7,34.7,38.1,300.0,300.0,30.0,36.4,35.300000000000004,35.1,37.2,4.95,1.99,4.96,0.16,0.0,0.0,1027.0,8228.0,0.0,0.0,0.0,0.0,0.0,1.0,0.0,0.0,0.0,-0.001,0.0,0.2,0.0,-12.3,-12.7,0.015,16.0,25903.0
2026-07-30T18:58:19.523Z,69.006,69.018,-7.4,7.4,0.0,0.0,0.0,0.0,0.0,1.0,1.0,0.0,1.0,0.0,0.0,0.0,8.0,6.0,0.0,0.0,0.0,0.0,0.0,0.0,0.0,0.0,6.0,12.0,1.0,12.02,5.01,2.5,1.49,-2.1,0.2,2.2,301.0,-0.1,-12.0,1.1,8.700000000000001,-82.5,0.0,0.0,219.8,0.0,22.200000000000003,34.7,34.7,38.1,300.0,300.0,30.0,36.4,35.300000000000004,35.1,37.2,4.95,2.0,4.96,0.16,0.0,0.0,1027.0,8228.0,0.0,0.0,0.0,0.0,0.0,1.0,0.0,0.0,0.0,-0.001,0.0,1.0,0.0,-14.5,-12.9,0.0151,16.0,25903.0
2026-07-30T18:58:19.535Z,69.018,69.03,-7.4,7.4,0.0,0.0,0.0,0.0,0.0,1.0,1.0,0.0,1.0,0.0,0.0,0.0,8.0,6.0,0.0,0.0,0.0,0.0,0.0,0.0,0.0,0.0,1.0,12.0,1.0,12.02,5.01,2.5,1.49,-2.2,0.3,2.3000000000000003,301.1,-0.1,-12.0,2.3000000000000003,9.3,-82.5,0.0,0.0,219.8,0.0,22.200000000000003,34.7,34.7,38.1,300.0,300.0,30.0,36.4,35.300000000000004,35.1,37.2,4.96,2.0,4.97,0.16,0.0,0.0,1027.0,8228.0,0.0,0.0,0.0,0.0,0.0,1.0,0.0,0.0,0.0,-0.001,0.0,0.2,0.0,-12.3,-12.8,0.0147,16.0,25903.0
2026-07-30T18:58:19.547Z,69.03,69.042,-7.4,7.4,0.0,0.0,0.0,0.0,0.0,1.0,1.0,0.0,1.0,0.0,0.0,0.0,8.0,6.0,0.0,0.0,0.0,0.0,0.0,0.0,0.0,0.0,2.0,12.0,1.0,12.02,5.01,2.5,1.49,-2.1,0.2,2.1,301.0,-0.1,-10.9,2.9000000000000004,12.2,-82.5,0.0,0.0,219.8,0.0,22.200000000000003,34.7,34.7,38.1,300.0,300.0,30.0,36.4,35.300000000000004,35.1,37.2,4.96,2.0,4.97,0.16,0.0,0.0,1027.0,8228.0,0.0,0.0,0.0,0.0,0.0,1.0,0.0,0.0,0.0,-0.001,0.0,0.1,0.0,-16.0,-12.9,0.0153,16.0,25903.0
2026-07-30T18:58:19.560Z,69.043,69.054,-7.5,7.4,0.0,0.0,0.0,0.0,0.0,1.0,1.0,0.0,1.0,0.0,0.0,0.0,8.0,6.0,0.0,0.0,0.0,0.0,0.0,0.0,0.0,0.0,3.0,12.0,1.0,12.06,5.0200000000000005,2.5,1.49,-2.1,0.2,2.1,301.0,-0.1,-10.3,3.5,12.8,-82.5,0.0,0.0,219.8,0.0,21.9,34.7,34.7,38.1,300.0,300.0,30.1,36.5,35.300000000000004,35.1,37.3,4.96,2.0,4.96,0.16,0.0,0.0,1027.0,8228.0,0.0,0.0,0.0,0.0,0.0,1.0,0.0,0.0,0.0,-0.001,0.0,0.6000000000000001,0.0,-17.1,-12.8,0.0144,16.0,25903.0
2026-07-30T18:58:19.571Z,69.054,69.066,-7.4,7.4,0.0,0.0,0.0,0.0,0.0,1.0,1.0,0.0,1.0,0.0,0.0,0.0,8.0,6.0,0.0,0.0,0.0,0.0,0.0,0.0,0.0,0.0,4.0,12.0,1.0,12.06,5.0200000000000005,2.5,1.49,-2.2,0.2,2.2,301.1,-0.1,-11.4,3.5,9.3,-82.5,0.0,0.0,219.7,0.0,21.9,34.7,34.7,38.1,300.0,300.0,30.1,36.5,35.300000000000004,35.1,37.3,4.95,2.0,4.96,0.16,0.0,0.0,1027.0,8228.0,0.0,0.0,0.0,0.0,0.0,1.0,0.0,0.0,0.0,-0.001,0.0,1.2000000000000002,0.0,-13.1,-12.7,0.0141,16.0,25903.0
2026-07-30T18:58:19.582Z,69.065,69.078,-7.5,7.4,0.0,0.0,0.0,0.0,0.0,1.0,1.0,0.0,1.0,0.0,0.0,0.0,8.0,6.0,0.0,0.0,0.0,0.0,0.0,0.0,0.0,0.0,6.0,12.0,1.0,12.06,5.0200000000000005,2.5,1.49,-2.1,0.2,2.1,301.0,-0.1,-10.3,3.5,11.0,-82.5,0.0,0.0,219.8,0.0,21.9,34.7,34.7,38.1,300.0,300.0,30.1,36.5,35.300000000000004,35.1,37.3,4.96,2.0,4.96,0.16,0.0,0.0,1027.0,8228.0,0.0,0.0,0.0,0.0,0.0,1.0,0.0,0.0,0.0,-0.001,0.0,0.9,0.0,-15.1,-12.8,0.015,16.0,25903.0
2026-07-30T18:58:19.595Z,69.078,69.09,-7.5,7.4,0.0,0.0,0.0,0.0,0.0,1.0,1.0,0.0,1.0,0.0,0.0,0.0,8.0,6.0,0.0,0.0,0.0,0.0,0.0,0.0,0.0,0.0,1.0,12.0,1.0,12.06,5.0200000000000005,2.5,1.49,-2.2,0.2,2.2,301.0,-0.1,-10.9,2.3000000000000003,9.3,-82.5,0.0,0.0,219.8,0.0,21.9,34.7,34.7,38.1,300.0,300.0,30.1,36.5,35.300000000000004,35.1,37.3,4.96,2.0,4.96,0.16,0.0,0.0,1027.0,8228.0,0.0,0.0,0.0,0.0,0.0,1.0,0.0,0.0,0.0,-0.001,0.0,0.2,0.0,-12.3,-12.7,0.0145,16.0,25903.0
2026-07-30T18:58:19.607Z,69.09,69.102,-7.5,7.4,0.0,0.0,0.0,0.0,0.0,1.0,1.0,0.0,1.0,0.0,0.0,0.0,8.0,6.0,0.0,0.0,0.0,0.0,0.0,0.0,0.0,0.0,2.0,12.0,1.0,12.06,5.0200000000000005,2.5,1.49,-2.2,0.3,2.2,301.1,-0.1,-12.0,1.7000000000000002,9.9,-82.5,0.0,0.0,219.9,0.0,21.9,34.7,34.7,38.1,300.0,300.0,30.1,36.5,35.300000000000004,35.1,37.3,4.96,2.0,4.96,0.16,0.0,0.0,1027.0,8228.0,0.0,0.0,0.0,0.0,0.0,1.0,0.0,0.0,0.0,-0.001,0.0,-0.4,0.0,-12.5,-12.7,0.015,16.0,25903.0
2026-07-30T18:58:19.618Z,69.101,69.114,-7.4,7.4,0.0,0.0,0.0,0.0,0.0,1.0,1.0,0.0,1.0,0.0,0.0,0.0,8.0,6.0,0.0,0.0,0.0,0.0,0.0,0.0,0.0,0.0,4.0,12.0,1.0,12.06,5.0200000000000005,2.5,1.49,-2.2,0.2,2.2,301.1,-0.1,-11.4,2.3000000000000003,9.9,-82.5,0.0,0.0,219.9,0.0,21.9,34.7,34.7,38.1,300.0,300.0,30.1,36.5,35.300000000000004,35.1,37.3,4.96,2.0,4.96,0.16,0.0,0.0,1027.0,8228.0,0.0,0.0,0.0,0.0,0.0,1.0,0.0,0.0,0.0,-0.001,0.0,0.0,0.0,-12.9,-12.8,0.0151,16.0,25903.0
2026-07-30T18:58:19.631Z,69.114,69.126,-7.5,7.4,0.0,0.0,0.0,0.0,0.0,1.0,1.0,0.0,1.0,0.0,0.0,0.0,8.0,6.0,0.0,0.0,0.0,0.0,0.0,0.0,0.0,0.0,5.0,12.0,1.0,12.06,5.0200000000000005,2.5,1.49,-2.2,0.3,2.3000000000000003,301.1,-0.1,-10.9,1.7000000000000002,9.3,-82.5,0.0,0.0,219.8,0.0,21.9,34.7,34.7,38.1,300.0,300.0,30.1,36.5,35.300000000000004,35.1,37.3,4.95,2.0,4.96,0.16,0.0,0.0,1027.0,8228.0,0.0,0.0,0.0,0.0,0.0,1.0,0.0,0.0,0.0,-0.001,0.0,-0.2,0.0,-11.8,-12.8,0.0151,16.0,25903.0
2026-07-30T18:58:19.642Z,69.125,69.138,-7.5,7.4,0.0,0.0,0.0,0.0,0.0,1.0,1.0,0.0,1.0,0.0,0.0,0.0,8.0,6.0,0.0,0.0,0.0,0.0,0.0,0.0,0.0,0.0,1.0,12.0,1.0,12.06,5.0200000000000005,2.5,1.49,-2.1,0.3,2.2,301.1,-0.1,-12.0,1.1,11.6,-82.5,0.0,0.0,219.8,0.0,21.9,34.7,34.7,38.1,300.0,300.0,30.1,36.5,35.300000000000004,35.1,37.3,4.96,2.0,4.96,0.16,0.0,0.0,1027.0,8228.0,0.0,0.0,0.0,0.0,0.0,1.0,0.0,0.0,0.0,-0.001,0.0,-1.2000000000000002,0.0,-14.1,-12.8,0.0153,16.0,25903.0
2026-07-30T18:58:19.654Z,69.137,69.15,-7.5,7.4,0.0,0.0,0.0,0.0,0.0,1.0,1.0,0.0,1.0,0.0,0.0,0.0,8.0,6.0,0.0,0.0,0.0,0.0,0.0,0.0,0.0,0.0,2.0,12.0,1.0,12.06,5.0200000000000005,2.5,1.49,-2.2,0.2,2.3000000000000003,301.0,-0.1,-12.0,1.7000000000000002,8.700000000000001,-82.5,0.0,0.0,219.9,0.0,21.9,34.7,34.7,38.1,300.0,300.0,30.1,36.5,35.300000000000004,35.1,37.3,4.96,2.0,4.96,0.17,0.0,0.0,1027.0,8228.0,0.0,0.0,0.0,0.0,0.0,1.0,0.0,0.0,0.0,-0.001,0.0,-0.1,0.0,-11.2,-12.7,0.0147,16.0,25903.0
2026-07-30T18:58:19.666Z,69.149,69.162,-7.4,7.4,0.0,0.0,0.0,0.0,0.0,1.0,1.0,0.0,1.0,0.0,0.0,0.0,8.0,6.0,0.0,0.0,0.0,0.0,0.0,0.0,0.0,0.0,4.0,12.0,1.0,12.04,5.01,2.5,1.49,-2.1,0.2,2.1,301.1,-0.1,-10.9,3.5,11.0,-82.5,0.0,0.0,219.9,0.0,22.1,34.800000000000004,34.7,38.1,300.0,300.0,30.0,36.6,35.300000000000004,35.1,37.3,4.95,2.0,4.96,0.16,0.0,0.0,1027.0,8228.0,0.0,0.0,0.0,0.0,0.0,1.0,0.0,0.0,0.0,-0.001,0.0,0.9,0.0,-15.2,-12.8,0.0153,16.0,25903.0
2026-07-30T18:58:19.678Z,69.161,69.174,-7.4,7.4,0.0,0.0,0.0,0.0,0.0,1.0,1.0,0.0,1.0,0.0,0.0,0.0,8.0,6.0,0.0,0.0,0.0,0.0,0.0,0.0,0.0,0.0,5.0,12.0,1.0,12.04,5.01,2.5,1.49,-2.3000000000000003,0.3,2.4000000000000004,300.90000000000003,0.0,-12.6,1.1,7.5,-82.5,0.0,0.0,219.8,0.0,22.1,34.800000000000004,34.7,38.1,300.0,300.0,30.0,36.6,35.300000000000004,35.1,37.3,4.96,2.0,4.96,0.16,0.0,0.0,1027.0,8228.0,0.0,0.0,0.0,0.0,0.0,1.0,0.0,0.0,0.0,-0.001,0.0,-0.4,0.0,-9.4,-12.9,0.0146,16.0,25903.0
2026-07-30T18:58:19.695Z,69.178,69.186,-7.4,7.4,0.0,0.0,0.0,0.0,0.0,1.0,1.0,0.0,1.0,0.0,0.0,0.0,8.0,6.0,0.0,0.0,0.0,0.0,0.0,0.0,0.0,0.0,6.0,12.0,1.0,12.04,5.01,2.5,1.49,-2.3000000000000003,0.3,2.3000000000000003,301.0,0.0,-11.4,1.1,8.700000000000001,-82.5,0.0,0.0,219.8,0.0,22.1,34.800000000000004,34.7,38.1,300.0,300.0,30.0,36.6,35.300000000000004,35.1,37.3,4.95,2.0,4.96,0.16,0.0,0.0,1027.0,8228.0,0.0,0.0,0.0,0.0,0.0,1.0,0.0,0.0,0.0,-0.001,0.0,-0.6000000000000001,0.0,-10.7,-12.9,0.0161,16.0,25903.0
2026-07-30T18:58:19.703Z,69.186,69.19800000000001,-7.5,7.4,0.0,0.0,0.0,0.0,0.0,1.0,1.0,0.0,1.0,0.0,0.0,0.0,8.0,6.0,0.0,0.0,0.0,0.0,0.0,0.0,0.0,0.0,4.0,12.0,1.0,12.04,5.01,2.5,1.49,-2.2,0.2,2.2,301.1,-0.1,-11.4,2.9000000000000004,10.4,-82.5,0.0,0.0,219.8,0.0,22.1,34.800000000000004,34.7,38.1,300.0,300.0,30.0,36.6,35.300000000000004,35.1,37.3,4.95,2.0,4.97,0.16,0.0,0.0,1027.0,8228.0,0.0,0.0,0.0,0.0,0.0,1.0,0.0,0.0,0.0,-0.001,0.0,0.5,0.0,-14.0,-12.8,0.0157,16.0,25903.0
2026-07-30T18:58:19.714Z,69.197,69.21000000000001,-7.5,7.4,0.0,0.0,0.0,0.0,0.0,1.0,1.0,0.0,1.0,0.0,0.0,0.0,8.0,6.0,0.0,0.0,0.0,0.0,0.0,0.0,0.0,0.0,5.0,12.0,1.0,12.04,5.01,2.5,1.49,-2.3000000000000003,0.2,2.3000000000000003,300.90000000000003,0.0,-12.6,1.7000000000000002,8.1,-82.5,0.0,0.0,219.8,0.0,22.1,34.800000000000004,34.7,38.1,300.0,300.0,30.0,36.6,35.300000000000004,35.1,37.3,4.96,2.0,4.97,0.16,0.0,0.0,1027.0,8228.0,0.0,0.0,0.0,0.0,0.0,1.0,0.0,0.0,0.0,-0.001,0.0,0.0,0.0,-10.5,-12.7,0.0148,16.0,25903.0
2026-07-30T18:58:19.727Z,69.21,69.22200000000001,-7.5,7.4,0.0,0.0,0.0,0.0,0.0,1.0,1.0,0.0,1.0,0.0,0.0,0.0,8.0,6.0,0.0,0.0,0.0,0.0,0.0,0.0,0.0,0.0,1.0,12.0,1.0,12.04,5.01,2.5,1.49,-2.2,0.3,2.2,301.0,-0.1,-12.6,1.1,9.9,-82.5,0.0,0.0,219.9,0.0,22.1,34.800000000000004,34.7,38.1,300.0,300.0,30.0,36.6,35.300000000000004,35.1,37.3,4.96,2.0,4.96,0.16,0.0,0.0,1027.0,8228.0,0.0,0.0,0.0,0.0,0.0,1.0,0.0,0.0,0.0,-0.001,0.0,-0.9,0.0,-12.1,-12.7,0.0156,16.0,25903.0
2026-07-30T18:58:19.739Z,69.222,69.234,-7.5,7.4,0.0,0.0,0.0,0.0,0.0,1.0,1.0,0.0,1.0,0.0,0.0,0.0,8.0,6.0,0.0,0.0,0.0,0.0,0.0,0.0,0.0,0.0,2.0,12.0,1.0,12.04,5.01,2.5,1.49,-2.2,0.3,2.2,301.1,-0.1,-12.6,1.1,9.9,-82.5,0.0,0.0,220.0,0.0,22.1,34.800000000000004,34.7,38.1,300.0,300.0,30.0,36.6,35.300000000000004,35.1,37.3,4.95,2.0,4.96,0.16,0.0,0.0,1027.0,8228.0,0.0,0.0,0.0,0.0,0.0,1.0,0.0,0.0,0.0,-0.001,0.0,-0.9,0.0,-12.1,-12.7,0.0152,16.0,25903.0
2026-07-30T18:58:19.754Z,69.237,69.246,-7.5,7.4,0.0,0.0,0.0,0.0,0.0,1.0,1.0,0.0,1.0,0.0,0.0,0.0,8.0,6.0,0.0,0.0,0.0,0.0,0.0,0.0,0.0,0.0,3.0,12.0,1.0,12.04,5.01,2.5,1.49,-2.2,0.2,2.2,301.1,-0.1,-12.0,2.3000000000000003,9.3,-82.5,0.0,0.0,219.9,0.0,22.1,34.800000000000004,34.7,38.1,300.0,300.0,30.0,36.6,35.300000000000004,35.1,37.3,4.95,2.0,4.96,0.16,0.0,0.0,1027.0,8228.0,0.0,0.0,0.0,0.0,0.0,1.0,0.0,0.0,0.0,-0.001,0.0,0.2,0.0,-12.3,-12.7,0.0151,16.0,25903.0
2026-07-30T18:58:19.763Z,69.246,69.258,-7.4,7.4,0.0,0.0,0.0,0.0,0.0,1.0,1.0,0.0,1.0,0.0,0.0,0.0,8.0,6.0,0.0,0.0,0.0,0.0,0.0,0.0,0.0,0.0,3.0,12.0,1.0,12.05,5.01,2.5,1.49,-2.3000000000000003,0.3,2.3000000000000003,301.0,-0.1,-12.6,1.7000000000000002,8.1,-82.5,0.0,0.0,219.8,0.0,21.4,34.800000000000004,34.7,38.1,300.0,300.0,30.0,36.6,35.300000000000004,35.1,37.3,4.96,1.99,4.96,0.16,0.0,0.0,1027.0,8228.0,0.0,0.0,0.0,0.0,0.0,1.0,0.0,0.0,0.0,-0.001,0.0,0.0,0.0,-10.5,-12.7,0.015,16.0,25903.0
2026-07-30T18:58:19.774Z,69.257,69.27,-7.4,7.4,0.0,0.0,0.0,0.0,0.0,1.0,1.0,0.0,1.0,0.0,0.0,0.0,8.0,6.0,0.0,0.0,0.0,0.0,0.0,0.0,0.0,0.0,5.0,12.0,1.0,12.05,5.01,2.5,1.49,-2.3000000000000003,0.3,2.3000000000000003,301.0,-0.1,-12.0,1.1,8.700000000000001,-82.5,0.0,0.0,219.7,0.0,21.4,34.800000000000004,34.7,38.1,300.0,300.0,30.0,36.6,35.300000000000004,35.1,37.3,4.96,1.99,4.96,0.16,0.0,0.0,1027.0,8228.0,0.0,0.0,0.0,0.0,0.0,1.0,0.0,0.0,0.0,-0.001,0.0,-0.6000000000000001,0.0,-10.8,-12.8,0.0156,16.0,25903.0
2026-07-30T18:58:19.786Z,69.269,69.282,-7.4,7.4,0.0,0.0,0.0,0.0,0.0,1.0,1.0,0.0,1.0,0.0,0.0,0.0,8.0,6.0,0.0,0.0,0.0,0.0,0.0,0.0,0.0,0.0,6.0,12.0,1.0,12.05,5.01,2.5,1.49,-2.2,0.3,2.3000000000000003,300.90000000000003,-0.1,-11.4,1.7000000000000002,9.3,-82.5,0.0,0.0,219.7,0.0,21.4,34.800000000000004,34.7,38.1,300.0,300.0,30.0,36.6,35.300000000000004,35.1,37.3,4.95,2.0,4.96,0.16,0.0,0.0,1027.0,8228.0,0.0,0.0,0.0,0.0,0.0,1.0,0.0,0.0,0.0,-0.001,0.0,-0.2,0.0,-11.8,-12.8,0.0156,16.0,25903.0
2026-07-30T18:58:19.798Z,69.281,69.294,-7.5,7.4,0.0,0.0,0.0,0.0,0.0,1.0,1.0,0.0,1.0,0.0,0.0,0.0,8.0,6.0,0.0,0.0,0.0,0.0,0.0,0.0,0.0,0.0,1.0,12.0,1.0,12.05,5.01,2.5,1.49,-2.2,0.2,2.2,301.0,-0.1,-12.0,2.9000000000000004,10.4,-82.4,0.0,0.0,219.7,0.0,21.4,34.800000000000004,34.7,38.1,300.0,300.0,30.0,36.6,35.300000000000004,35.1,37.3,4.95,2.0,4.96,0.16,0.0,0.0,1027.0,8228.0,0.0,0.0,0.0,0.0,0.0,1.0,0.0,0.0,0.0,-0.001,0.0,0.5,0.0,-14.0,-12.8,0.0154,16.0,25903.0
2026-07-30T18:58:19.810Z,69.293,69.306,-7.5,7.4,0.0,0.0,0.0,0.0,0.0,1.0,1.0,0.0,1.0,0.0,0.0,0.0,8.0,6.0,0.0,0.0,0.0,0.0,0.0,0.0,0.0,0.0,2.0,12.0,1.0,12.05,5.01,2.5,1.49,-2.2,0.2,2.2,301.1,-0.1,-12.0,2.9000000000000004,10.4,-82.4,0.0,0.0,219.8,0.0,21.4,34.800000000000004,34.7,38.1,300.0,300.0,30.0,36.6,35.300000000000004,35.1,37.3,4.96,2.0,4.96,0.16,0.0,0.0,1027.0,8228.0,0.0,0.0,0.0,0.0,0.0,1.0,0.0,0.0,0.0,-0.001,0.0,0.5,0.0,-14.0,-12.8,0.0148,16.0,25903.0
2026-07-30T18:58:19.823Z,69.306,69.318,-7.4,7.4,0.0,0.0,0.0,0.0,0.0,1.0,1.0,0.0,1.0,0.0,0.0,0.0,8.0,6.0,0.0,0.0,0.0,0.0,0.0,0.0,0.0,0.0,3.0,12.0,1.0,12.05,5.01,2.5,1.49,-2.2,0.2,2.2,301.0,-0.1,-11.4,2.3000000000000003,10.4,-82.4,0.0,0.0,219.9,0.0,21.4,34.800000000000004,34.7,38.1,300.0,300.0,30.0,36.6,35.300000000000004,35.1,37.3,4.95,2.0,4.96,0.16,0.0,0.0,1027.0,8228.0,0.0,0.0,0.0,0.0,0.0,1.0,0.0,0.0,0.0,-0.001,0.0,0.0,0.0,-13.6,-12.8,0.0148,16.0,25903.0
2026-07-30T18:58:19.834Z,69.317,69.33,-7.5,7.4,0.0,0.0,0.0,0.0,0.0,1.0,1.0,0.0,1.0,0.0,0.0,0.0,8.0,6.0,0.0,0.0,0.0,0.0,0.0,0.0,0.0,0.0,5.0,12.0,1.0,12.05,5.01,2.5,1.49,-2.1,0.2,2.1,301.1,-0.1,-10.9,2.9000000000000004,11.6,-82.4,0.0,0.0,219.8,0.0,21.4,34.800000000000004,34.7,38.1,300.0,300.0,30.0,36.6,35.300000000000004,35.1,37.3,4.96,2.0,4.96,0.16,0.0,0.0,1027.0,8228.0,0.0,0.0,0.0,0.0,0.0,1.0,0.0,0.0,0.0,-0.001,0.0,0.3,0.0,-15.4,-12.8,0.0149,16.0,25903.0
2026-07-30T18:58:19.846Z,69.329,69.342,-7.5,7.4,0.0,0.0,0.0,0.0,0.0,1.0,1.0,0.0,1.0,0.0,0.0,0.0,8.0,6.0,0.0,0.0,0.0,0.0,0.0,0.0,0.0,0.0,6.0,12.0,1.0,12.05,5.01,2.5,1.49,-2.1,0.2,2.1,301.1,-0.1,-10.9,3.5,11.0,-82.4,0.0,0.0,219.8,0.0,21.4,34.800000000000004,34.7,38.1,300.0,300.0,30.0,36.6,35.300000000000004,35.1,37.3,4.96,2.0,4.96,0.16,0.0,0.0,1027.0,8228.0,0.0,0.0,0.0,0.0,0.0,1.0,0.0,0.0,0.0,-0.001,0.0,0.9,0.0,-15.1,-12.7,0.0144,16.0,25903.0
2026-07-30T18:58:19.858Z,69.341,69.354,-7.4,7.4,0.0,0.0,0.0,0.0,0.0,1.0,1.0,0.0,1.0,0.0,0.0,0.0,8.0,6.0,0.0,0.0,0.0,0.0,0.0,0.0,0.0,0.0,2.0,12.0,1.0,12.05,5.01,2.5,1.49,-2.2,0.2,2.2,300.90000000000003,-0.1,-10.9,2.9000000000000004,10.4,-82.4,0.0,0.0,219.8,0.0,21.4,34.800000000000004,34.7,38.1,300.0,300.0,30.0,36.6,35.300000000000004,35.1,37.3,4.95,2.0,4.96,0.16,0.0,0.0,1027.0,8228.0,0.0,0.0,0.0,0.0,0.0,1.0,0.0,0.0,0.0,-0.001,0.0,0.5,0.0,-14.0,-12.7,0.0144,16.0,25903.0
2026-07-30T18:58:19.870Z,69.353,69.366,-7.4,7.4,0.0,0.0,0.0,0.0,0.0,1.0,1.0,0.0,1.0,0.0,0.0,0.0,8.0,6.0,0.0,0.0,0.0,0.0,0.0,0.0,0.0,0.0,3.0,12.0,1.0,12.04,5.01,2.51,1.49,-2.2,0.3,2.2,301.0,-0.1,-10.3,1.7000000000000002,9.3,-82.4,0.0,0.0,219.7,0.0,22.1,34.800000000000004,34.800000000000004,38.1,300.0,300.0,29.9,36.6,35.300000000000004,35.2,37.3,4.96,2.0,4.96,0.16,0.0,0.0,1027.0,8228.0,0.0,0.0,0.0,0.0,0.0,1.0,0.0,0.0,0.0,-0.001,0.0,-0.2,0.0,-11.8,-12.8,0.0148,16.0,25903.0
2026-07-30T18:58:19.882Z,69.365,69.378,-7.5,7.4,0.0,0.0,0.0,0.0,0.0,1.0,1.0,0.0,1.0,0.0,0.0,0.0,8.0,6.0,0.0,0.0,0.0,0.0,0.0,0.0,0.0,0.0,4.0,12.0,1.0,12.04,5.01,2.51,1.49,-2.2,0.3,2.2,301.1,-0.1,-10.9,1.7000000000000002,10.4,-82.4,0.0,0.0,219.7,0.0,22.1,34.800000000000004,34.800000000000004,38.1,300.0,300.0,29.9,36.6,35.300000000000004,35.2,37.3,4.96,2.0,4.97,0.16,0.0,0.0,1027.0,8228.0,0.0,0.0,0.0,0.0,0.0,1.0,0.0,0.0,0.0,-0.001,0.0,-0.4,0.0,-13.2,-12.8,0.0146,16.0,25903.0
2026-07-30T18:58:19.894Z,69.377,69.39,-7.5,7.4,0.0,0.0,0.0,0.0,0.0,1.0,1.0,0.0,1.0,0.0,0.0,0.0,8.0,6.0,0.0,0.0,0.0,0.0,0.0,0.0,0.0,0.0,5.0,12.0,1.0,12.04,5.01,2.51,1.49,-2.1,0.2,2.2,301.0,-0.1,-10.9,3.5,9.3,-82.4,0.0,0.0,219.8,0.0,22.1,34.800000000000004,34.800000000000004,38.1,300.0,300.0,29.9,36.6,35.300000000000004,35.2,37.3,4.96,2.0,4.96,0.15,0.0,0.0,1027.0,8228.0,0.0,0.0,0.0,0.0,0.0,1.0,0.0,0.0,0.0,-0.001,0.0,1.2000000000000002,0.0,-13.1,-12.7,0.0148,16.0,25903.0
2026-07-30T18:58:19.907Z,69.39,69.402,-7.4,7.4,0.0,0.0,0.0,0.0,0.0,1.0,1.0,0.0,1.0,0.0,0.0,0.0,8.0,6.0,0.0,0.0,0.0,0.0,0.0,0.0,0.0,0.0,6.0,12.0,1.0,12.04,5.01,2.51,1.49,-2.1,0.2,2.1,301.1,-0.1,-10.9,2.9000000000000004,11.0,-82.4,0.0,0.0,219.9,0.0,22.1,34.800000000000004,34.800000000000004,38.1,300.0,300.0,29.9,36.6,35.300000000000004,35.2,37.3,4.95,2.0,4.96,0.16,0.0,0.0,1027.0,8228.0,0.0,0.0,0.0,0.0,0.0,1.0,0.0,0.0,0.0,-0.001,0.0,0.3,0.0,-14.7,-12.7,0.0147,16.0,25903.0
2026-07-30T18:58:19.919Z,69.402,69.414,-7.4,7.4,0.0,0.0,0.0,0.0,0.0,1.0,1.0,0.0,1.0,0.0,0.0,0.0,8.0,6.0,0.0,0.0,0.0,0.0,0.0,0.0,0.0,0.0,1.0,12.0,1.0,12.04,5.01,2.51,1.49,-2.1,0.2,2.1,300.90000000000003,-0.1,-11.4,2.9000000000000004,11.0,-82.4,0.0,0.0,219.9,0.0,22.1,34.800000000000004,34.800000000000004,38.1,300.0,300.0,29.9,36.6,35.300000000000004,35.2,37.3,4.95,2.0,4.96,0.16,0.0,0.0,1027.0,8228.0,0.0,0.0,0.0,0.0,0.0,1.0,0.0,0.0,0.0,-0.001,0.0,0.3,0.0,-14.7,-12.8,0.0145,16.0,25903.0
2026-07-30T18:58:19.931Z,69.414,69.426,-7.5,7.4,0.0,0.0,0.0,0.0,0.0,1.0,1.0,0.0,1.0,0.0,0.0,0.0,8.0,6.0,0.0,0.0,0.0,0.0,0.0,0.0,0.0,0.0,2.0,12.0,1.0,12.04,5.01,2.51,1.49,-2.2,0.2,2.2,301.1,-0.1,-12.0,2.9000000000000004,9.3,-82.4,0.0,0.0,220.0,0.0,22.1,34.800000000000004,34.800000000000004,38.1,300.0,300.0,29.9,36.6,35.300000000000004,35.2,37.3,4.96,2.0,4.97,0.16,0.0,0.0,1027.0,8228.0,0.0,0.0,0.0,0.0,0.0,1.0,0.0,0.0,0.0,-0.001,0.0,0.7000000000000001,0.0,-12.7,-12.8,0.0146,16.0,25903.0
2026-07-30T18:58:19.943Z,69.426,69.438,-7.4,7.4,0.0,0.0,0.0,0.0,0.0,1.0,1.0,0.0,1.0,0.0,0.0,0.0,8.0,6.0,0.0,0.0,0.0,0.0,0.0,0.0,0.0,0.0,4.0,12.0,1.0,12.04,5.01,2.51,1.49,-2.2,0.3,2.2,301.1,-0.1,-12.6,2.3000000000000003,10.4,-82.4,0.0,0.0,219.8,0.0,22.1,34.800000000000004,34.800000000000004,38.1,300.0,300.0,29.9,36.6,35.300000000000004,35.2,37.3,4.96,2.0,4.97,0.16,0.0,0.0,1027.0,8228.0,0.0,0.0,0.0,0.0,0.0,1.0,0.0,0.0,0.0,-0.001,0.0,0.0,0.0,-13.6,-12.7,0.0148,16.0,25903.0
2026-07-30T18:58:19.954Z,69.437,69.45,-7.4,7.4,0.0,0.0,0.0,0.0,0.0,1.0,1.0,0.0,1.0,0.0,0.0,0.0,8.0,6.0,0.0,0.0,0.0,0.0,0.0,0.0,0.0,0.0,5.0,12.0,1.0,12.04,5.01,2.51,1.49,-2.2,0.3,2.3000000000000003,301.0,-0.1,-12.0,2.3000000000000003,9.3,-82.4,0.0,0.0,219.7,0.0,22.1,34.800000000000004,34.800000000000004,38.1,300.0,300.0,29.9,36.6,35.300000000000004,35.2,37.3,4.96,2.0,4.97,0.16,0.0,0.0,1027.0,8228.0,0.0,0.0,0.0,0.0,0.0,1.0,0.0,0.0,0.0,-0.001,0.0,0.2,0.0,-12.3,-12.8,0.0155,16.0,25903.0
2026-07-30T18:58:19.967Z,69.45,69.462,-7.4,7.4,0.0,0.0,0.0,0.0,0.0,1.0,1.0,0.0,1.0,0.0,0.0,0.0,8.0,6.0,0.0,0.0,0.0,0.0,0.0,0.0,0.0,0.0,6.0,12.0,1.0,12.05,5.0200000000000005,2.51,1.49,-2.2,0.3,2.2,300.90000000000003,-0.1,-12.6,1.7000000000000002,9.3,-82.4,0.0,0.0,219.7,0.0,22.1,34.800000000000004,34.800000000000004,38.1,300.0,300.0,30.0,36.5,35.300000000000004,35.2,37.3,4.96,2.0,4.96,0.16,0.0,0.0,1027.0,8228.0,0.0,0.0,0.0,0.0,0.0,1.0,0.0,0.0,0.0,-0.001,0.0,-0.2,0.0,-11.8,-12.9,0.0154,16.0,25903.0
2026-07-30T18:58:19.978Z,69.461,69.474,-7.4,7.4,0.0,0.0,0.0,0.0,0.0,1.0,1.0,0.0,1.0,0.0,0.0,0.0,8.0,6.0,0.0,0.0,0.0,0.0,0.0,0.0,0.0,0.0,1.0,12.0,1.0,12.05,5.0200000000000005,2.51,1.49,-2.2,0.3,2.2,301.1,-0.1,-12.0,1.7000000000000002,9.9,-82.4,0.0,0.0,219.7,0.0,22.1,34.800000000000004,34.800000000000004,38.1,300.0,300.0,30.0,36.5,35.300000000000004,35.2,37.3,4.95,2.0,4.96,0.16,0.0,0.0,1027.0,8228.0,0.0,0.0,0.0,0.0,0.0,1.0,0.0,0.0,0.0,-0.001,0.0,-0.3,0.0,-12.5,-12.8,0.016,16.0,25903.0
2026-07-30T18:58:19.991Z,69.474,69.486,-7.5,7.4,0.0,0.0,0.0,0.0,0.0,1.0,1.0,0.0,1.0,0.0,0.0,0.0,8.0,6.0,0.0,0.0,0.0,0.0,0.0,0.0,0.0,0.0,2.0,12.0,1.0,12.05,5.0200000000000005,2.51,1.49,-2.2,0.2,2.2,301.0,-0.1,-12.6,2.3000000000000003,10.4,-82.4,0.0,0.0,219.8,0.0,22.1,34.800000000000004,34.800000000000004,38.1,300.0,300.0,30.0,36.5,35.300000000000004,35.2,37.3,4.95,2.0,4.96,0.16,0.0,0.0,1027.0,8228.0,0.0,0.0,0.0,0.0,0.0,1.0,0.0,0.0,0.0,-0.001,0.0,0.0,0.0,-13.6,-12.8,0.015,16.0,25903.0
2026-07-30T18:58:20.009Z,69.492,69.498,-7.4,7.4,0.0,0.0,0.0,0.0,0.0,1.0,1.0,0.0,1.0,0.0,0.0,0.0,8.0,6.0,0.0,0.0,0.0,0.0,0.0,0.0,0.0,0.0,3.0,12.0,1.0,12.05,5.0200000000000005,2.51,1.49,-2.2,0.3,2.2,301.1,-0.1,-12.0,2.3000000000000003,10.4,-82.4,0.0,0.0,219.8,0.0,22.1,34.800000000000004,34.800000000000004,38.1,300.0,300.0,30.0,36.5,35.300000000000004,35.2,37.3,4.96,2.0,4.96,0.16,0.0,0.0,1027.0,8228.0,0.0,0.0,0.0,0.0,0.0,1.0,0.0,0.0,0.0,-0.001,0.0,0.0,0.0,-13.6,-12.7,0.0151,16.0,25903.0
2026-07-30T18:58:20.014Z,69.497,69.51,-7.4,7.4,0.0,0.0,0.0,0.0,0.0,1.0,1.0,0.0,1.0,0.0,0.0,0.0,8.0,6.0,0.0,0.0,0.0,0.0,0.0,0.0,0.0,0.0,1.0,12.0,1.0,12.05,5.0200000000000005,2.51,1.49,-2.2,0.3,2.3000000000000003,301.0,-0.1,-13.2,2.3000000000000003,8.700000000000001,-82.4,0.0,0.0,219.7,0.0,22.1,34.800000000000004,34.800000000000004,38.1,300.0,300.0,30.0,36.5,35.300000000000004,35.2,37.3,4.96,2.0,4.97,0.16,0.0,0.0,1027.0,8228.0,0.0,0.0,0.0,0.0,0.0,1.0,0.0,0.0,0.0,-0.001,0.0,0.2,0.0,-16.0,-12.9,0.015,16.0,25903.0
2026-07-30T18:58:20.026Z,69.509,69.522,-7.5,7.4,0.0,0.0,0.0,0.0,0.0,1.0,1.0,0.0,1.0,0.0,0.0,0.0,8.0,6.0,0.0,0.0,0.0,0.0,0.0,0.0,0.0,0.0,2.0,12.0,1.0,12.05,5.0200000000000005,2.51,1.49,-2.2,0.2,2.3000000000000003,301.0,-0.1,-13.2,0.0,8.1,-82.4,0.0,0.0,219.7,0.0,22.1,34.800000000000004,34.800000000000004,38.1,300.0,300.0,30.0,36.5,35.300000000000004,35.2,37.3,4.95,2.0,4.97,0.16,0.0,0.0,1027.0,8228.0,0.0,0.0,0.0,0.0,0.0,1.0,0.0,0.0,0.0,-0.001,0.0,0.6000000000000001,0.0,-13.4,-12.8,0.0144,16.0,25903.0
2026-07-30T18:58:20.039Z,69.522,69.534,-7.5,7.4,0.0,0.0,0.0,0.0,0.0,1.0,1.0,0.0,1.0,0.0,0.0,0.0,8.0,6.0,0.0,0.0,0.0,0.0,0.0,0.0,0.0,0.0,3.0,12.0,1.0,12.05,5.0200000000000005,2.51,1.49,-2.1,0.2,2.1,301.0,-0.1,-12.6,0.5,9.3,-82.4,0.0,0.0,219.7,0.0,22.1,34.800000000000004,34.800000000000004,38.1,300.0,300.0,30.0,36.5,35.300000000000004,35.2,37.3,4.95,2.0,4.96,0.16,0.0,0.0,1027.0,8228.0,0.0,0.0,0.0,0.0,0.0,1.0,0.0,0.0,0.0,-0.001,0.0,0.9,0.0,-15.1,-12.7,0.0149,16.0,25903.0
2026-07-30T18:58:20.050Z,69.533,69.546,-7.5,7.4,0.0,0.0,0.0,0.0,0.0,1.0,1.0,0.0,1.0,0.0,0.0,0.0,8.0,6.0,0.0,0.0,0.0,0.0,0.0,0.0,0.0,0.0,5.0,12.0,1.0,12.05,5.0200000000000005,2.51,1.49,-2.1,0.2,2.1,301.1,-0.1,-10.3,3.5,11.0,-82.30000000000001,0.0,0.0,219.7,0.0,22.1,34.800000000000004,34.800000000000004,38.1,300.0,300.0,30.0,36.5,35.300000000000004,35.2,37.3,4.96,2.0,4.96,0.16,0.0,0.0,1027.0,8228.0,0.0,0.0,0.0,0.0,0.0,1.0,0.0,0.0,0.0,-0.001,0.0,0.9,0.0,-15.1,-12.7,0.0145,16.0,25903.0
2026-07-30T18:58:20.062Z,69.545,69.558,-7.4,7.4,0.0,0.0,0.0,0.0,0.0,1.0,1.0,0.0,1.0,0.0,0.0,0.0,8.0,6.0,0.0,0.0,0.0,0.0,0.0,0.0,0.0,0.0,6.0,12.0,1.0,12.05,5.0200000000000005,2.51,1.49,-2.1,0.2,2.2,301.1,-0.1,-10.9,3.5,10.4,-82.30000000000001,0.0,0.0,219.8,0.0,22.1,34.800000000000004,34.800000000000004,38.1,300.0,300.0,30.0,36.5,35.300000000000004,35.2,37.3,4.96,2.0,4.96,0.16,0.0,0.0,1027.0,8228.0,0.0,0.0,0.0,0.0,0.0,1.0,0.0,0.0,0.0,-0.001,0.0,1.0,0.0,-14.5,-12.7,0.0144,16.0,25903.0
2026-07-30T18:58:20.075Z,69.558,69.57000000000001,-7.5,7.4,0.0,0.0,0.0,0.0,0.0,1.0,1.0,0.0,1.0,0.0,0.0,0.0,8.0,6.0,0.0,0.0,0.0,0.0,0.0,0.0,0.0,0.0,6.0,12.0,1.0,12.06,5.01,2.5,1.5,-2.1,0.2,2.1,300.90000000000003,-0.1,-11.4,2.9000000000000004,11.6,-82.30000000000001,0.0,0.0,219.7,0.0,22.3,34.800000000000004,34.800000000000004,38.2,300.0,300.0,30.1,36.6,35.300000000000004,35.1,37.3,4.95,2.0,4.96,0.16,0.0,0.0,1027.0,8228.0,0.0,0.0,0.0,0.0,0.0,1.0,0.0,0.0,0.0,-0.001,0.0,0.3,0.0,-15.4,-12.8,0.0147,16.0,25903.0
2026-07-30T18:58:20.086Z,69.569,69.58200000000001,-7.5,7.4,0.0,0.0,0.0,0.0,0.0,1.0,1.0,0.0,1.0,0.0,0.0,0.0,8.0,6.0,0.0,0.0,0.0,0.0,0.0,0.0,0.0,0.0,1.0,12.0,1.0,12.06,5.01,2.5,1.5,-2.2,0.2,2.2,301.0,-0.1,-10.9,2.9000000000000004,9.9,-82.30000000000001,0.0,0.0,219.7,0.0,22.3,34.800000000000004,34.800000000000004,38.2,300.0,300.0,30.1,36.6,35.300000000000004,35.1,37.3,4.95,2.0,4.97,0.16,0.0,0.0,1027.0,8228.0,0.0,0.0,0.0,0.0,0.0,1.0,0.0,0.0,0.0,-0.001,0.0,0.6000000000000001,0.0,-13.4,-12.8,0.0145,16.0,25903.0
2026-07-30T18:58:20.098Z,69.581,69.59400000000001,-7.4,7.4,0.0,0.0,0.0,0.0,0.0,1.0,1.0,0.0,1.0,0.0,0.0,0.0,8.0,6.0,0.0,0.0,0.0,0.0,0.0,0.0,0.0,0.0,3.0,12.0,1.0,12.06,5.01,2.5,1.5,-2.1,0.2,2.2,301.1,-0.1,-11.4,2.9000000000000004,11.0,-82.30000000000001,0.0,0.0,219.8,0.0,22.3,34.800000000000004,34.800000000000004,38.2,300.0,300.0,30.1,36.6,35.300000000000004,35.1,37.3,4.95,2.0,4.97,0.16,0.0,0.0,1027.0,8228.0,0.0,0.0,0.0,0.0,0.0,1.0,0.0,0.0,0.0,-0.001,0.0,0.4,0.0,-14.7,-12.7,0.0148,16.0,25903.0
2026-07-30T18:58:20.111Z,69.594,69.606,-7.4,7.4,0.0,0.0,0.0,0.0,0.0,1.0,1.0,0.0,1.0,0.0,0.0,0.0,8.0,6.0,0.0,0.0,0.0,0.0,0.0,0.0,0.0,0.0,4.0,12.0,1.0,12.06,5.01,2.5,1.5,-2.1,0.2,2.1,300.90000000000003,-0.1,-11.4,3.5,11.0,-82.30000000000001,0.0,0.0,219.8,0.0,22.3,34.800000000000004,34.800000000000004,38.2,300.0,300.0,30.1,36.6,35.300000000000004,35.1,37.3,4.96,2.0,4.96,0.16,0.0,0.0,1027.0,8228.0,0.0,0.0,0.0,0.0,0.0,1.0,0.0,0.0,0.0,-0.001,0.0,0.9,0.0,-15.1,-12.8,0.0147,16.0,25903.0
2026-07-30T18:58:20.123Z,69.606,69.618,-7.5,7.4,0.0,0.0,0.0,0.0,0.0,1.0,1.0,0.0,1.0,0.0,0.0,0.0,8.0,6.0,0.0,0.0,0.0,0.0,0.0,0.0,0.0,0.0,5.0,12.0,1.0,12.06,5.01,2.5,1.5,-2.2,0.3,2.2,301.0,-0.1,-11.4,1.7000000000000002,9.9,-82.30000000000001,0.0,0.0,219.9,0.0,22.3,34.800000000000004,34.800000000000004,38.2,300.0,300.0,30.1,36.6,35.300000000000004,35.1,37.3,4.96,2.0,4.96,0.16,0.0,0.0,1027.0,8228.0,0.0,0.0,0.0,0.0,0.0,1.0,0.0,0.0,0.0,-0.001,0.0,-0.4,0.0,-12.5,-12.8,0.0146,16.0,25903.0
2026-07-30T18:58:20.134Z,69.617,69.63,-7.5,7.4,0.0,0.0,0.0,0.0,0.0,1.0,1.0,0.0,1.0,0.0,0.0,0.0,8.0,6.0,0.0,0.0,0.0,0.0,0.0,0.0,0.0,0.0,1.0,12.0,1.0,12.06,5.01,2.5,1.5,-2.2,0.2,2.2,301.1,-0.1,-12.0,2.3000000000000003,9.9,-82.30000000000001,0.0,0.0,219.9,0.0,22.3,34.800000000000004,34.800000000000004,38.2,300.0,300.0,30.1,36.6,35.300000000000004,35.1,37.3,4.96,2.0,4.96,0.16,0.0,0.0,1027.0,8228.0,0.0,0.0,0.0,0.0,0.0,1.0,0.0,0.0,0.0,-0.001,0.0,0.1,0.0,-12.9,-12.7,0.0151,16.0,25903.0
2026-07-30T18:58:20.146Z,69.629,69.642,-7.4,7.4,0.0,0.0,0.0,0.0,0.0,1.0,1.0,0.0,1.0,0.0,0.0,0.0,8.0,6.0,0.0,0.0,0.0,0.0,0.0,0.0,0.0,0.0,3.0,12.0,1.0,12.06,5.01,2.5,1.5,-2.3000000000000003,0.2,2.3000000000000003,301.0,-0.1,-11.4,2.3000000000000003,8.700000000000001,-82.30000000000001,0.0,0.0,219.8,0.0,22.3,34.800000000000004,34.800000000000004,38.2,300.0,300.0,30.1,36.6,35.300000000000004,35.1,37.3,4.95,2.0,4.96,0.16,0.0,0.0,1027.0,8228.0,0.0,0.0,0.0,0.0,0.0,1.0,0.0,0.0,0.0,-0.001,0.0,0.3,0.0,-11.6,-12.7,0.015,16.0,25903.0
2026-07-30T18:58:20.159Z,69.642,69.654,-7.5,7.4,0.0,0.0,0.0,0.0,0.0,1.0,1.0,0.0,1.0,0.0,0.0,0.0,8.0,6.0,0.0,0.0,0.0,0.0,0.0,0.0,0.0,0.0,4.0,12.0,1.0,12.06,5.01,2.5,1.5,-2.2,0.3,2.2,301.1,-0.1,-12.0,1.7000000000000002,11.0,-82.30000000000001,0.0,0.0,219.7,0.0,22.3,34.800000000000004,34.800000000000004,38.2,300.0,300.0,30.1,36.6,35.300000000000004,35.1,37.3,4.96,2.0,4.96,0.16,0.0,0.0,1027.0,8228.0,0.0,0.0,0.0,0.0,0.0,1.0,0.0,0.0,0.0,-0.001,0.0,-0.5,0.0,-13.9,-12.9,0.0155,16.0,25903.0
2026-07-30T18:58:20.171Z,69.654,69.666,-7.5,7.4,0.0,0.0,0.0,0.0,0.0,1.0,1.0,0.0,1.0,0.0,0.0,0.0,8.0,6.0,0.0,0.0,0.0,0.0,0.0,0.0,0.0,0.0,6.0,12.0,1.0,12.04,5.0200000000000005,2.5,1.49,-2.2,0.3,2.2,301.1,-0.1,-11.4,1.7000000000000002,10.4,-82.30000000000001,0.0,0.0,219.7,0.0,22.4,34.800000000000004,34.800000000000004,38.2,300.0,300.0,30.1,36.7,35.300000000000004,35.1,37.3,4.96,2.0,4.97,0.16,0.0,0.0,1027.0,8228.0,0.0,0.0,0.0,0.0,0.0,1.0,0.0,0.0,0.0,-0.001,0.0,-0.4,0.0,-13.2,-12.8,0.0149,16.0,25903.0
2026-07-30T18:58:20.182Z,69.665,69.678,-7.5,7.4,0.0,0.0,0.0,0.0,0.0,1.0,1.0,0.0,1.0,0.0,0.0,0.0,8.0,6.0,0.0,0.0,0.0,0.0,0.0,0.0,0.0,0.0,1.0,12.0,1.0,12.04,5.0200000000000005,2.5,1.49,-2.2,0.3,2.2,301.0,-0.1,-13.2,1.7000000000000002,9.3,-82.30000000000001,0.0,0.0,219.7,0.0,22.4,34.800000000000004,34.800000000000004,38.2,300.0,300.0,30.1,36.7,35.300000000000004,35.1,37.3,4.96,2.0,4.97,0.16,0.0,0.0,1027.0,8228.0,0.0,0.0,0.0,0.0,0.0,1.0,0.0,0.0,0.0,-0.001,0.0,-0.2,0.0,-11.8,-12.6,0.0148,16.0,25903.0
2026-07-30T18:58:20.195Z,69.678,69.69,-7.4,7.4,0.0,0.0,0.0,0.0,0.0,1.0,1.0,0.0,1.0,0.0,0.0,0.0,8.0,6.0,0.0,0.0,0.0,0.0,0.0,0.0,0.0,0.0,2.0,12.0,1.0,12.04,5.0200000000000005,2.5,1.49,-2.2,0.3,2.2,301.0,-0.1,-12.0,2.3000000000000003,9.9,-82.30000000000001,0.0,0.0,219.8,0.0,22.4,34.800000000000004,34.800000000000004,38.2,300.0,300.0,30.1,36.7,35.300000000000004,35.1,37.3,4.95,2.0,4.97,0.16,0.0,0.0,1027.0,8228.0,0.0,0.0,0.0,0.0,0.0,1.0,0.0,0.0,0.0,-0.001,0.0,0.1,0.0,-12.9,-12.7,0.015,16.0,25903.0
2026-07-30T18:58:20.207Z,69.69,69.702,-7.4,7.4,0.0,0.0,0.0,0.0,0.0,1.0,1.0,0.0,1.0,0.0,0.0,0.0,8.0,6.0,0.0,0.0,0.0,0.0,0.0,0.0,0.0,0.0,3.0,12.0,1.0,12.04,5.0200000000000005,2.5,1.49,-2.3000000000000003,0.3,2.3000000000000003,301.1,-0.1,-12.0,0.0,8.1,-82.30000000000001,0.0,0.0,219.8,0.0,22.4,34.800000000000004,34.800000000000004,38.2,300.0,300.0,30.1,36.7,35.300000000000004,35.1,37.3,4.96,2.0,4.96,0.16,0.0,0.0,1027.0,8228.0,0.0,0.0,0.0,0.0,0.0,1.0,0.0,0.0,0.0,-0.001,0.0,-1.6,0.0,-9.2,-12.9,0.015,16.0,25903.0
2026-07-30T18:58:20.218Z,69.701,69.714,-7.4,7.4,0.0,0.0,0.0,0.0,0.0,1.0,1.0,0.0,1.0,0.0,0.0,0.0,8.0,6.0,0.0,0.0,0.0,0.0,0.0,0.0,0.0,0.0,4.0,12.0,1.0,12.04,5.0200000000000005,2.5,1.49,-2.2,0.3,2.3000000000000003,301.0,-0.1,-11.4,0.0,10.4,-82.30000000000001,0.0,0.0,219.8,0.0,22.4,34.800000000000004,34.800000000000004,38.2,300.0,300.0,30.1,36.7,35.300000000000004,35.1,37.3,4.95,2.0,4.97,0.16,0.0,0.0,1027.0,8228.0,0.0,0.0,0.0,0.0,0.0,1.0,0.0,0.0,0.0,-0.001,0.0,-2.0,0.0,-11.9,-12.9,0.0159,16.0,25903.0
2026-07-30T18:58:20.231Z,69.714,69.726,-7.4,7.4,0.0,0.0,0.0,0.0,0.0,1.0,1.0,0.0,1.0,0.0,0.0,0.0,8.0,6.0,0.0,0.0,0.0,0.0,0.0,0.0,0.0,0.0,6.0,12.0,1.0,12.04,5.0200000000000005,2.5,1.49,-2.3000000000000003,0.2,2.3000000000000003,301.0,-0.1,-12.6,1.7000000000000002,8.700000000000001,-82.30000000000001,0.0,0.0,219.7,0.0,22.4,34.800000000000004,34.800000000000004,38.2,300.0,300.0,30.1,36.7,35.300000000000004,35.1,37.3,4.95,2.0,4.96,0.16,0.0,0.0,1027.0,8228.0,0.0,0.0,0.0,0.0,0.0,1.0,0.0,0.0,0.0,-0.001,0.0,-0.1,0.0,-11.2,-12.8,0.0154,16.0,25903.0
2026-07-30T18:58:20.243Z,69.726,69.738,-7.4,7.4,0.0,0.0,0.0,0.0,0.0,1.0,1.0,0.0,1.0,0.0,0.0,0.0,8.0,6.0,0.0,0.0,0.0,0.0,0.0,0.0,0.0,0.0,1.0,12.0,1.0,12.04,5.0200000000000005,2.5,1.49,-2.3000000000000003,0.2,2.3000000000000003,300.90000000000003,-0.1,-12.0,2.3000000000000003,8.1,-82.30000000000001,0.0,0.0,219.9,0.0,22.4,34.800000000000004,34.800000000000004,38.2,300.0,300.0,30.1,36.7,35.300000000000004,35.1,37.3,4.95,2.0,4.96,0.16,0.0,0.0,1027.0,8228.0,0.0,0.0,0.0,0.0,0.0,1.0,0.0,0.0,0.0,-0.001,0.0,0.4,0.0,-10.9,-12.8,0.0155,16.0,25903.0
2026-07-30T18:58:20.254Z,69.737,69.75,-7.4,7.4,0.0,0.0,0.0,0.0,0.0,1.0,1.0,0.0,1.0,0.0,0.0,0.0,8.0,6.0,0.0,0.0,0.0,0.0,0.0,0.0,0.0,0.0,3.0,12.0,1.0,12.04,5.0200000000000005,2.5,1.49,-2.2,0.3,2.2,301.1,-0.1,-12.6,1.7000000000000002,9.9,-82.4,0.0,0.0,219.9,0.0,22.4,34.800000000000004,34.800000000000004,38.2,300.0,300.0,30.1,36.7,35.300000000000004,35.1,37.3,4.95,2.0,4.96,0.16,0.0,0.0,1027.0,8228.0,0.0,0.0,0.0,0.0,0.0,1.0,0.0,0.0,0.0,-0.001,0.0,-0.4,0.0,-12.5,-12.8,0.0156,16.0,25903.0
2026-07-30T18:58:20.266Z,69.749,69.762,-7.4,7.4,0.0,0.0,0.0,0.0,0.0,1.0,1.0,0.0,1.0,0.0,0.0,0.0,8.0,6.0,0.0,0.0,0.0,0.0,0.0,0.0,0.0,0.0,4.0,12.0,1.0,12.04,5.0200000000000005,2.5,1.49,-2.3000000000000003,0.3,2.3000000000000003,301.0,-0.1,-13.2,0.0,8.700000000000001,-82.4,0.0,0.0,219.9,0.0,22.4,34.800000000000004,34.800000000000004,38.2,300.0,300.0,30.1,36.7,35.300000000000004,35.1,37.3,4.96,2.0,4.96,0.16,0.0,0.0,1027.0,8228.0,0.0,0.0,0.0,0.0,0.0,1.0,0.0,0.0,0.0,-0.001,0.0,-1.7000000000000002,0.0,-9.9,-12.8,0.0152,16.0,25903.0
2026-07-30T18:58:20.278Z,69.761,69.774,-7.5,7.4,0.0,0.0,0.0,0.0,0.0,1.0,1.0,0.0,1.0,0.0,0.0,0.0,8.0,6.0,0.0,0.0,0.0,0.0,0.0,0.0,0.0,0.0,5.0,12.0,1.0,12.05,5.01,2.51,1.49,-2.2,0.2,2.3000000000000003,300.90000000000003,-0.1,-11.4,1.7000000000000002,9.3,-82.4,0.0,0.0,219.8,0.0,22.1,34.800000000000004,34.800000000000004,38.2,300.0,300.0,30.0,36.7,35.4,35.1,37.3,4.96,2.0,4.96,0.16,0.0,0.0,1027.0,8228.0,0.0,0.0,0.0,0.0,0.0,1.0,0.0,0.0,0.0,-0.001,0.0,-0.2,0.0,-11.8,-12.8,0.0159,16.0,25903.0
2026-07-30T18:58:20.291Z,69.774,69.786,-7.5,7.4,0.0,0.0,0.0,0.0,0.0,1.0,1.0,0.0,1.0,0.0,0.0,0.0,8.0,6.0,0.0,0.0,0.0,0.0,0.0,0.0,0.0,0.0,6.0,12.0,1.0,12.05,5.01,2.51,1.49,-2.2,0.2,2.2,301.0,-0.1,-11.4,2.9000000000000004,9.9,-82.4,0.0,0.0,219.8,0.0,22.1,34.800000000000004,34.800000000000004,38.2,300.0,300.0,30.0,36.7,35.4,35.1,37.3,4.95,2.0,4.96,0.16,0.0,0.0,1027.0,8228.0,0.0,0.0,0.0,0.0,0.0,1.0,0.0,0.0,0.0,-0.001,0.0,0.6000000000000001,0.0,-13.4,-12.7,0.0153,16.0,25903.0
2026-07-30T18:58:20.302Z,69.785,69.798,-7.4,7.4,0.0,0.0,0.0,0.0,0.0,1.0,1.0,0.0,1.0,0.0,0.0,0.0,8.0,6.0,0.0,0.0,0.0,0.0,0.0,0.0,0.0,0.0,1.0,12.0,1.0,12.05,5.01,2.51,1.49,-2.2,0.3,2.2,301.0,-0.1,-11.4,1.7000000000000002,9.9,-82.4,0.0,0.0,219.8,0.0,22.1,34.800000000000004,34.800000000000004,38.2,300.0,300.0,30.0,36.7,35.4,35.1,37.3,4.96,2.0,4.97,0.16,0.0,0.0,1027.0,8228.0,0.0,0.0,0.0,0.0,0.0,1.0,0.0,0.0,0.0,-0.001,0.0,-0.4,0.0,-12.5,-12.6,0.0148,16.0,25903.0
2026-07-30T18:58:20.318Z,69.801,69.81,-7.5,7.4,0.0,0.0,0.0,0.0,0.0,1.0,1.0,0.0,1.0,0.0,0.0,0.0,8.0,6.0,0.0,0.0,0.0,0.0,0.0,0.0,0.0,0.0,1.0,12.0,1.0,12.05,5.01,2.51,1.49,-2.2,0.3,2.3000000000000003,301.0,-0.1,-11.4,1.1,9.3,-82.4,0.0,0.0,219.8,0.0,22.1,34.800000000000004,34.800000000000004,38.2,300.0,300.0,30.0,36.7,35.4,35.1,37.3,4.96,2.0,4.96,0.16,0.0,0.0,1027.0,8228.0,0.0,0.0,0.0,0.0,0.0,1.0,0.0,0.0,0.0,-0.001,0.0,-0.7000000000000001,0.0,-11.4,-12.8,0.0152,16.0,25903.0
2026-07-30T18:58:20.326Z,69.809,69.822,-7.5,7.4,0.0,0.0,0.0,0.0,0.0,1.0,1.0,0.0,1.0,0.0,0.0,0.0,8.0,6.0,0.0,0.0,0.0,0.0,0.0,0.0,0.0,0.0,1.0,12.0,1.0,12.05,5.01,2.51,1.49,-2.2,0.2,2.2,301.0,-0.1,-10.9,2.9000000000000004,9.9,-82.4,0.0,0.0,219.7,0.0,22.1,34.800000000000004,34.800000000000004,38.2,300.0,300.0,30.0,36.7,35.4,35.1,37.3,4.96,2.0,4.96,0.16,0.0,0.0,1027.0,8228.0,0.0,0.0,0.0,0.0,0.0,1.0,0.0,0.0,0.0,-0.001,0.0,0.6000000000000001,0.0,-13.4,-12.7,0.0153,16.0,25903.0
2026-07-30T18:58:20.338Z,69.821,69.834,-7.4,7.4,0.0,0.0,0.0,0.0,0.0,1.0,1.0,0.0,1.0,0.0,0.0,0.0,8.0,6.0,0.0,0.0,0.0,0.0,0.0,0.0,0.0,0.0,2.0,12.0,1.0,12.05,5.01,2.51,1.49,-2.1,0.2,2.2,301.0,-0.1,-11.4,2.9000000000000004,11.0,-82.30000000000001,0.0,0.0,219.7,0.0,22.1,34.800000000000004,34.800000000000004,38.2,300.0,300.0,30.0,36.7,35.4,35.1,37.3,4.95,2.0,4.96,0.16,0.0,0.0,1027.0,8228.0,0.0,0.0,0.0,0.0,0.0,1.0,0.0,0.0,0.0,-0.001,0.0,0.4,0.0,-14.7,-12.8,0.0149,16.0,25903.0
2026-07-30T18:58:20.351Z,69.834,69.846,-7.4,7.4,0.0,0.0,0.0,0.0,0.0,1.0,1.0,0.0,1.0,0.0,0.0,0.0,8.0,6.0,0.0,0.0,0.0,0.0,0.0,0.0,0.0,0.0,3.0,12.0,1.0,12.05,5.01,2.51,1.49,-2.1,0.3,2.1,300.90000000000003,-0.1,-10.9,2.9000000000000004,12.8,-82.30000000000001,0.0,0.0,219.7,0.0,22.1,34.800000000000004,34.800000000000004,38.2,300.0,300.0,30.0,36.7,35.4,35.1,37.3,4.96,2.0,4.97,0.16,0.0,0.0,1027.0,8228.0,0.0,0.0,0.0,0.0,0.0,1.0,0.0,0.0,0.0,-0.001,0.0,0.1,0.0,-16.7,-12.8,0.0147,16.0,25903.0
2026-07-30T18:58:20.362Z,69.845,69.858,-7.5,7.4,0.0,0.0,0.0,0.0,0.0,1.0,1.0,0.0,1.0,0.0,0.0,0.0,8.0,6.0,0.0,0.0,0.0,0.0,0.0,0.0,0.0,0.0,5.0,12.0,1.0,12.05,5.01,2.51,1.49,-2.1,0.2,2.1,301.0,-0.1,-10.3,2.9000000000000004,11.6,-82.30000000000001,0.0,0.0,219.7,0.0,22.1,34.800000000000004,34.800000000000004,38.2,300.0,300.0,30.0,36.7,35.4,35.1,37.3,4.96,2.0,4.96,0.16,0.0,0.0,1027.0,8228.0,0.0,0.0,0.0,0.0,0.0,1.0,0.0,0.0,0.0,-0.001,0.0,0.3,0.0,-15.4,-12.8,0.0142,16.0,25903.0
2026-07-30T18:58:20.375Z,69.858,69.87,-7.5,7.4,0.0,0.0,0.0,0.0,0.0,1.0,1.0,0.0,1.0,0.0,0.0,0.0,8.0,6.0,0.0,0.0,0.0,0.0,0.0,0.0,0.0,0.0,6.0,12.0,1.0,12.04,5.01,2.5,1.5,-2.0,0.2,2.0,301.1,-0.1,-11.4,3.5,13.4,-82.30000000000001,0.0,0.0,219.7,0.0,22.200000000000003,34.800000000000004,34.800000000000004,38.2,300.0,300.0,30.0,36.6,35.4,35.1,37.4,4.96,2.0,4.96,0.16,0.0,0.0,1027.0,8228.0,0.0,0.0,0.0,0.0,0.0,1.0,0.0,0.0,0.0,-0.001,0.0,0.5,0.0,-17.8,-12.7,0.0144,16.0,25903.0
2026-07-30T18:58:20.387Z,69.87,69.882,-7.4,7.4,0.0,0.0,0.0,0.0,0.0,1.0,1.0,0.0,1.0,0.0,0.0,0.0,8.0,6.0,0.0,0.0,0.0,0.0,0.0,0.0,0.0,0.0,2.0,12.0,1.0,12.04,5.01,2.5,1.5,-2.2,0.2,2.2,301.0,-0.1,-12.0,3.5,9.9,-82.30000000000001,0.0,0.0,219.8,0.0,22.200000000000003,34.800000000000004,34.800000000000004,38.2,300.0,300.0,30.0,36.6,35.4,35.1,37.4,4.95,1.99,4.96,0.16,0.0,0.0,1027.0,8228.0,0.0,0.0,0.0,0.0,0.0,1.0,0.0,0.0,0.0,-0.001,0.0,1.1,0.0,-13.8,-12.7,0.0139,16.0,25903.0
2026-07-30T18:58:20.399Z,69.882,69.894,-7.4,7.4,0.0,0.0,0.0,0.0,0.0,1.0,1.0,0.0,1.0,0.0,0.0,0.0,8.0,6.0,0.0,0.0,0.0,0.0,0.0,0.0,0.0,0.0,2.0,12.0,1.0,12.04,5.01,2.5,1.5,-2.1,0.2,2.1,301.0,-0.1,-10.9,2.9000000000000004,11.6,-82.30000000000001,0.0,0.0,219.7,0.0,22.200000000000003,34.800000000000004,34.800000000000004,38.2,300.0,300.0,30.0,36.6,35.4,35.1,37.4,4.96,1.99,4.96,0.16,0.0,0.0,1027.0,8228.0,0.0,0.0,0.0,0.0,0.0,1.0,0.0,0.0,0.0,-0.001,0.0,0.3,0.0,-15.4,-12.8,0.0149,16.0,25903.0
2026-07-30T18:58:20.410Z,69.893,69.906,-7.5,7.4,0.0,0.0,0.0,0.0,0.0,1.0,1.0,0.0,1.0,0.0,0.0,0.0,8.0,6.0,0.0,0.0,0.0,0.0,0.0,0.0,0.0,0.0,4.0,12.0,1.0,12.04,5.01,2.5,1.5,-2.2,0.3,2.2,301.1,-0.1,-11.4,1.7000000000000002,10.4,-82.30000000000001,0.0,0.0,219.8,0.0,22.200000000000003,34.800000000000004,34.800000000000004,38.2,300.0,300.0,30.0,36.6,35.4,35.1,37.4,4.96,2.0,4.96,0.16,0.0,0.0,1027.0,8228.0,0.0,0.0,0.0,0.0,0.0,1.0,0.0,0.0,0.0,-0.001,0.0,-0.4,0.0,-13.2,-12.8,0.0146,16.0,25903.0
2026-07-30T18:58:20.422Z,69.905,69.918,-7.5,7.4,0.0,0.0,0.0,0.0,0.0,1.0,1.0,0.0,1.0,0.0,0.0,0.0,8.0,6.0,0.0,0.0,0.0,0.0,0.0,0.0,0.0,0.0,6.0,12.0,1.0,12.04,5.01,2.5,1.5,-2.1,0.2,2.1,301.0,-0.1,-10.9,3.5,11.6,-82.30000000000001,0.0,0.0,219.8,0.0,22.200000000000003,34.800000000000004,34.800000000000004,38.2,300.0,300.0,30.0,36.6,35.4,35.1,37.4,4.96,2.0,4.96,0.16,0.0,0.0,1027.0,8228.0,0.0,0.0,0.0,0.0,0.0,1.0,0.0,0.0,0.0,-0.001,0.0,0.8,0.0,-15.8,-12.7,0.015,16.0,25903.0
2026-07-30T18:58:20.434Z,69.917,69.93,-7.5,7.4,0.0,0.0,0.0,0.0,0.0,1.0,1.0,0.0,1.0,0.0,0.0,0.0,8.0,6.0,0.0,0.0,0.0,0.0,0.0,0.0,0.0,0.0,1.0,12.0,1.0,12.04,5.01,2.5,1.5,-2.2,0.2,2.2,301.1,-0.1,-11.4,2.9000000000000004,9.9,-82.30000000000001,0.0,0.0,219.7,0.0,22.200000000000003,34.800000000000004,34.800000000000004,38.2,300.0,300.0,30.0,36.6,35.4,35.1,37.4,4.96,2.0,4.96,0.16,0.0,0.0,1027.0,8228.0,0.0,0.0,0.0,0.0,0.0,1.0,0.0,0.0,0.0,-0.001,0.0,0.6000000000000001,0.0,-13.4,-12.8,0.0144,16.0,25903.0
2026-07-30T18:58:20.446Z,69.929,69.94200000000001,-7.5,7.4,0.0,0.0,0.0,0.0,0.0,1.0,1.0,0.0,1.0,0.0,0.0,0.0,8.0,6.0,0.0,0.0,0.0,0.0,0.0,0.0,0.0,0.0,3.0,12.0,1.0,12.04,5.01,2.5,1.5,-2.2,0.2,2.2,301.0,-0.1,-12.0,2.9000000000000004,9.3,-82.30000000000001,0.0,0.0,219.6,0.0,22.200000000000003,34.800000000000004,34.800000000000004,38.2,300.0,300.0,30.0,36.6,35.4,35.1,37.4,4.96,2.0,4.96,0.16,0.0,0.0,1027.0,8228.0,0.0,0.0,0.0,0.0,0.0,1.0,0.0,0.0,0.0,-0.001,0.0,0.7000000000000001,0.0,-12.7,-12.7,0.0149,16.0,25903.0
2026-07-30T18:58:20.458Z,69.941,69.95400000000001,-7.5,7.4,0.0,0.0,0.0,0.0,0.0,1.0,1.0,0.0,1.0,0.0,0.0,0.0,8.0,6.0,0.0,0.0,0.0,0.0,0.0,0.0,0.0,0.0,4.0,12.0,1.0,12.04,5.01,2.5,1.5,-2.2,0.3,2.2,301.0,-0.1,-11.4,1.7000000000000002,9.9,-82.30000000000001,0.0,0.0,219.7,0.0,22.200000000000003,34.800000000000004,34.800000000000004,38.2,300.0,300.0,30.0,36.6,35.4,35.1,37.4,4.95,2.0,4.97,0.16,0.0,0.0,1027.0,8228.0,0.0,0.0,0.0,0.0,0.0,1.0,0.0,0.0,0.0,-0.001,0.0,-0.3,0.0,-12.5,-12.7,0.0148,16.0,25903.0
2026-07-30T18:58:20.471Z,69.954,69.96600000000001,-7.5,7.4,0.0,0.0,0.0,0.0,0.0,1.0,1.0,0.0,1.0,0.0,0.0,0.0,8.0,6.0,0.0,0.0,0.0,0.0,0.0,0.0,0.0,0.0,5.0,12.0,1.0,12.04,5.01,2.5,1.5,-2.1,0.3,2.1,301.0,-0.1,-12.0,2.3000000000000003,11.6,-82.30000000000001,0.0,0.0,219.7,0.0,22.200000000000003,34.800000000000004,34.800000000000004,38.2,300.0,300.0,30.0,36.6,35.4,35.1,37.4,4.95,2.0,4.96,0.16,0.0,0.0,1027.0,8228.0,0.0,0.0,0.0,0.0,0.0,1.0,0.0,0.0,0.0,-0.001,0.0,-0.1,0.0,-14.9,-12.7,0.0156,16.0,25903.0
2026-07-30T18:58:20.482Z,69.965,69.978,-7.4,7.4,0.0,0.0,0.0,0.0,0.0,1.0,1.0,0.0,1.0,0.0,0.0,0.0,8.0,6.0,0.0,0.0,0.0,0.0,0.0,0.0,0.0,0.0,1.0,12.0,1.0,12.06,5.01,2.5,1.49,-2.3000000000000003,0.3,2.3000000000000003,300.90000000000003,-0.1,-13.2,1.7000000000000002,8.1,-82.30000000000001,0.0,0.0,219.8,0.0,22.200000000000003,34.800000000000004,34.800000000000004,38.2,300.0,300.0,30.0,36.5,35.4,35.2,37.4,4.96,2.0,4.96,0.16,0.0,0.0,1027.0,8228.0,0.0,0.0,0.0,0.0,0.0,1.0,0.0,0.0,0.0,-0.001,0.0,0.0,0.0,-10.5,-12.7,0.0154,16.0,25903.0
2026-07-30T18:58:20.494Z,69.977,69.99,-7.4,7.4,0.0,0.0,0.0,0.0,0.0,1.0,1.0,0.0,1.0,0.0,0.0,0.0,8.0,6.0,0.0,0.0,0.0,0.0,0.0,0.0,0.0,0.0,2.0,12.0,1.0,12.06,5.01,2.5,1.49,-2.2,0.3,2.2,301.1,-0.1,-12.6,1.7000000000000002,10.4,-82.2,0.0,0.0,219.8,0.0,22.200000000000003,34.800000000000004,34.800000000000004,38.2,300.0,300.0,30.0,36.5,35.4,35.2,37.4,4.95,2.0,4.96,0.16,0.0,0.0,1027.0,8228.0,0.0,0.0,0.0,0.0,0.0,1.0,0.0,0.0,0.0,-0.001,0.0,-0.5,0.0,-13.2,-12.8,0.0148,16.0,25903.0
2026-07-30T18:58:20.506Z,69.989,70.002,-7.4,7.4,0.0,0.0,0.0,0.0,0.0,1.0,1.0,0.0,1.0,0.0,0.0,0.0,8.0,6.0,0.0,0.0,0.0,0.0,0.0,0.0,0.0,0.0,4.0,12.0,1.0,12.06,5.01,2.5,1.49,-2.3000000000000003,0.3,2.3000000000000003,301.1,-0.1,-12.6,1.1,8.700000000000001,-82.2,0.0,0.0,219.7,0.0,22.200000000000003,34.800000000000004,34.800000000000004,38.2,300.0,300.0,30.0,36.5,35.4,35.2,37.4,4.95,2.0,4.97,0.16,0.0,0.0,1027.0,8228.0,0.0,0.0,0.0,0.0,0.0,1.0,0.0,0.0,0.0,-0.001,0.0,-0.6000000000000001,0.0,-10.8,-12.8,0.0152,16.0,25903.0
2026-07-30T18:58:20.518Z,70.001,70.014,-7.5,7.4,0.0,0.0,0.0,0.0,0.0,1.0,1.0,0.0,1.0,0.0,0.0,0.0,8.0,6.0,0.0,0.0,0.0,0.0,0.0,0.0,0.0,0.0,5.0,12.0,1.0,12.06,5.01,2.5,1.49,-2.2,0.3,2.2,301.0,-0.1,-12.0,1.7000000000000002,9.3,-82.2,0.0,0.0,219.8,0.0,22.200000000000003,34.800000000000004,34.800000000000004,38.2,300.0,300.0,30.0,36.5,35.4,35.2,37.4,4.95,2.0,4.96,0.16,0.0,0.0,1027.0,8228.0,0.0,0.0,0.0,0.0,0.0,1.0,0.0,0.0,0.0,-0.001,0.0,-0.2,0.0,-11.8,-12.8,0.0148,16.0,25903.0
2026-07-30T18:58:20.530Z,70.013,70.026,-7.4,7.4,0.0,0.0,0.0,0.0,0.0,1.0,1.0,0.0,1.0,0.0,0.0,0.0,8.0,6.0,0.0,0.0,0.0,0.0,0.0,0.0,0.0,0.0,1.0,12.0,1.0,12.06,5.01,2.5,1.49,-2.3000000000000003,0.3,2.3000000000000003,301.0,-0.1,-13.2,1.1,8.700000000000001,-82.2,0.0,0.0,219.7,0.0,22.200000000000003,34.800000000000004,34.800000000000004,38.2,300.0,300.0,30.0,36.5,35.4,35.2,37.4,4.96,2.0,4.96,0.16,0.0,0.0,1027.0,8228.0,0.0,0.0,0.0,0.0,0.0,1.0,0.0,0.0,0.0,-0.001,0.0,-0.3,0.0,-12.5,-12.7,0.0148,16.0,25903.0
2026-07-30T18:58:20.543Z,70.026,70.038,-7.4,7.4,0.0,0.0,0.0,0.0,0.0,1.0,1.0,0.0,1.0,0.0,0.0,0.0,8.0,6.0,0.0,0.0,0.0,0.0,0.0,0.0,0.0,0.0,2.0,12.0,1.0,12.06,5.01,2.5,1.49,-2.1,0.2,2.3000000000000003,301.1,-0.1,-12.0,1.7000000000000002,8.1,-82.2,0.0,0.0,219.7,0.0,22.200000000000003,34.800000000000004,34.800000000000004,38.2,300.0,300.0,30.0,36.5,35.4,35.2,37.4,4.95,2.0,4.97,0.16,0.0,0.0,1027.0,8228.0,0.0,0.0,0.0,0.0,0.0,1.0,0.0,0.0,0.0,-0.001,0.0,1.5,0.0,-14.9,-12.8,0.0151,16.0,25903.0
2026-07-30T18:58:20.554Z,70.037,70.05,-7.4,7.4,0.0,0.0,0.0,0.0,0.0,1.0,1.0,0.0,1.0,0.0,0.0,0.0,8.0,6.0,0.0,0.0,0.0,0.0,0.0,0.0,0.0,0.0,4.0,12.0,1.0,12.06,5.01,2.5,1.49,-2.2,0.2,2.2,301.1,-0.1,-13.8,0.5,8.1,-82.2,0.0,0.0,219.9,0.0,22.200000000000003,34.800000000000004,34.800000000000004,38.2,300.0,300.0,30.0,36.5,35.4,35.2,37.4,4.95,2.0,4.97,0.16,0.0,0.0,1027.0,8228.0,0.0,0.0,0.0,0.0,0.0,1.0,0.0,0.0,0.0,-0.001,0.0,0.2,0.0,-12.3,-12.8,0.0145,16.0,25903.0
2026-07-30T18:58:20.566Z,70.049,70.062,-7.4,7.4,0.0,0.0,0.0,0.0,0.0,1.0,1.0,0.0,1.0,0.0,0.0,0.0,8.0,6.0,0.0,0.0,0.0,0.0,0.0,0.0,0.0,0.0,5.0,12.0,1.0,12.06,5.01,2.5,1.49,-2.2,0.2,2.2,301.1,-0.1,-11.4,2.9000000000000004,9.9,-82.2,0.0,0.0,219.7,0.0,22.200000000000003,34.800000000000004,34.800000000000004,38.2,300.0,300.0,30.0,36.5,35.4,35.2,37.4,4.95,2.0,4.96,0.16,0.0,0.0,1027.0,8228.0,0.0,0.0,0.0,0.0,0.0,1.0,0.0,0.0,0.0,-0.001,0.0,0.6000000000000001,0.0,-13.4,-12.8,0.0151,16.0,25903.0
2026-07-30T18:58:20.579Z,70.062,70.074,-7.4,7.4,0.0,0.0,0.0,0.0,0.0,1.0,1.0,0.0,1.0,0.0,0.0,0.0,8.0,6.0,0.0,0.0,0.0,0.0,0.0,0.0,0.0,0.0,6.0,12.0,1.0,12.06,5.01,2.51,1.49,-2.2,0.2,2.2,301.0,-0.1,-10.9,3.5,9.9,-82.2,0.0,0.0,219.7,0.0,21.9,34.9,34.800000000000004,38.2,300.0,300.0,30.1,36.6,35.4,35.2,37.4,4.95,2.0,4.96,0.16,0.0,0.0,1027.0,8228.0,0.0,0.0,0.0,0.0,0.0,1.0,0.0,0.0,0.0,-0.001,0.0,1.2000000000000002,0.0,-13.8,-12.8,0.015,16.0,25903.0
2026-07-30T18:58:20.590Z,70.073,70.086,-7.4,7.4,0.0,0.0,0.0,0.0,0.0,1.0,1.0,0.0,1.0,0.0,0.0,0.0,8.0,6.0,0.0,0.0,0.0,0.0,0.0,0.0,0.0,0.0,2.0,12.0,1.0,12.06,5.01,2.51,1.49,-2.3000000000000003,0.3,2.3000000000000003,301.1,-0.1,-12.6,1.1,8.700000000000001,-82.30000000000001,0.0,0.0,219.8,0.0,21.9,34.9,34.800000000000004,38.2,300.0,300.0,30.1,36.6,35.4,35.2,37.4,4.96,2.0,4.96,0.16,0.0,0.0,1027.0,8228.0,0.0,0.0,0.0,0.0,0.0,1.0,0.0,0.0,0.0,-0.001,0.0,-0.6000000000000001,0.0,-10.7,-12.8,0.0149,16.0,25903.0
2026-07-30T18:58:20.602Z,70.085,70.098,-7.5,7.4,0.0,0.0,0.0,0.0,0.0,1.0,1.0,0.0,1.0,0.0,0.0,0.0,8.0,6.0,0.0,0.0,0.0,0.0,0.0,0.0,0.0,0.0,3.0,12.0,1.0,12.06,5.01,2.51,1.49,-2.1,0.3,2.1,300.90000000000003,-0.1,-12.6,2.3000000000000003,12.8,-82.30000000000001,0.0,0.0,219.8,0.0,21.9,34.9,34.800000000000004,38.2,300.0,300.0,30.1,36.6,35.4,35.2,37.4,4.95,2.0,4.96,0.16,0.0,0.0,1027.0,8228.0,0.0,0.0,0.0,0.0,0.0,1.0,0.0,0.0,0.0,-0.001,0.0,-0.4,0.0,-16.3,-12.8,0.0156,16.0,25903.0
2026-07-30T18:58:20.614Z,70.097,70.11,-7.5,7.4,0.0,0.0,0.0,0.0,0.0,1.0,1.0,0.0,1.0,0.0,0.0,0.0,8.0,6.0,0.0,0.0,0.0,0.0,0.0,0.0,0.0,0.0,5.0,12.0,1.0,12.06,5.01,2.51,1.49,-2.2,0.2,2.2,301.0,-0.1,-11.4,2.3000000000000003,9.9,-82.30000000000001,0.0,0.0,219.7,0.0,21.9,34.9,34.800000000000004,38.2,300.0,300.0,30.1,36.6,35.4,35.2,37.4,4.95,2.0,4.96,0.16,0.0,0.0,1027.0,8228.0,0.0,0.0,0.0,0.0,0.0,1.0,0.0,0.0,0.0,-0.001,0.0,0.1,0.0,-12.9,-12.8,0.0143,16.0,25903.0
2026-07-30T18:58:20.635Z,70.118,70.122,-7.5,7.4,0.0,0.0,0.0,0.0,0.0,1.0,1.0,0.0,1.0,0.0,0.0,0.0,8.0,6.0,0.0,0.0,0.0,0.0,0.0,0.0,0.0,0.0,6.0,12.0,1.0,12.06,5.01,2.51,1.49,-2.2,0.3,2.3000000000000003,301.1,-0.1,-11.4,1.7000000000000002,8.700000000000001,-82.30000000000001,0.0,0.0,219.8,0.0,21.9,34.9,34.800000000000004,38.2,300.0,300.0,30.1,36.6,35.4,35.2,37.4,4.95,2.0,4.96,0.16,0.0,0.0,1027.0,8228.0,0.0,0.0,0.0,0.0,0.0,1.0,0.0,0.0,0.0,-0.001,0.0,-0.1,0.0,-11.2,-12.7,0.0149,16.0,25903.0
2026-07-30T18:58:20.638Z,70.121,70.134,-7.4,7.4,0.0,0.0,0.0,0.0,0.0,1.0,1.0,0.0,1.0,0.0,0.0,0.0,8.0,6.0,0.0,0.0,0.0,0.0,0.0,0.0,0.0,0.0,6.0,12.0,1.0,12.06,5.01,2.51,1.49,-2.2,0.3,2.2,300.90000000000003,-0.1,-12.0,1.7000000000000002,9.9,-82.30000000000001,0.0,0.0,219.8,0.0,21.9,34.9,34.800000000000004,38.2,300.0,300.0,30.1,36.6,35.4,35.2,37.4,4.95,2.0,4.96,0.16,0.0,0.0,1027.0,8228.0,0.0,0.0,0.0,0.0,0.0,1.0,0.0,0.0,0.0,-0.001,0.0,-0.3,0.0,-12.5,-12.7,0.0154,16.0,25903.0
2026-07-30T18:58:20.650Z,70.133,70.146,-7.4,7.4,0.0,0.0,0.0,0.0,0.0,1.0,1.0,0.0,1.0,0.0,0.0,0.0,8.0,6.0,0.0,0.0,0.0,0.0,0.0,0.0,0.0,0.0,5.0,12.0,1.0,12.06,5.01,2.51,1.49,-2.2,0.3,2.2,301.1,-0.1,-12.6,1.1,11.6,-82.30000000000001,0.0,0.0,219.8,0.0,21.9,34.9,34.800000000000004,38.2,300.0,300.0,30.1,36.6,35.4,35.2,37.4,4.95,2.0,4.97,0.16,0.0,0.0,1027.0,8228.0,0.0,0.0,0.0,0.0,0.0,1.0,0.0,0.0,0.0,-0.001,0.0,-1.2000000000000002,0.0,-14.1,-12.8,0.0152,16.0,25903.0
2026-07-30T18:58:20.662Z,70.145,70.158,-7.5,7.4,0.0,0.0,0.0,0.0,0.0,1.0,1.0,0.0,1.0,0.0,0.0,0.0,8.0,6.0,0.0,0.0,0.0,0.0,0.0,0.0,0.0,0.0,1.0,12.0,1.0,12.06,5.01,2.51,1.49,-2.2,0.3,2.2,301.0,-0.1,-12.6,1.7000000000000002,11.0,-82.30000000000001,0.0,0.0,219.6,0.0,21.9,34.9,34.800000000000004,38.2,300.0,300.0,30.1,36.6,35.4,35.2,37.4,4.95,2.0,4.96,0.16,0.0,0.0,1027.0,8228.0,0.0,0.0,0.0,0.0,0.0,1.0,0.0,0.0,0.0,-0.001,0.0,-0.5,0.0,-13.9,-12.8,0.0149,16.0,25903.0
2026-07-30T18:58:20.674Z,70.157,70.17,-7.5,7.4,0.0,0.0,0.0,0.0,0.0,1.0,1.0,0.0,1.0,0.0,0.0,0.0,8.0,6.0,0.0,0.0,0.0,0.0,0.0,0.0,0.0,0.0,2.0,12.0,1.0,12.06,5.01,2.51,1.49,-2.2,0.2,2.2,301.0,-0.1,-12.0,2.3000000000000003,9.3,-82.30000000000001,0.0,0.0,219.6,0.0,21.9,34.9,34.800000000000004,38.2,300.0,300.0,30.1,36.6,35.4,35.2,37.4,4.96,2.0,4.96,0.16,0.0,0.0,1027.0,8228.0,0.0,0.0,0.0,0.0,0.0,1.0,0.0,0.0,0.0,-0.001,0.0,0.2,0.0,-12.3,-12.7,0.0149,16.0,25903.0
2026-07-30T18:58:20.686Z,70.169,70.182,-7.4,7.4,0.0,0.0,0.0,0.0,0.0,1.0,1.0,0.0,1.0,0.0,0.0,0.0,8.0,6.0,0.0,0.0,0.0,0.0,0.0,0.0,0.0,0.0,3.0,12.0,1.0,12.05,5.0200000000000005,2.51,1.49,-2.2,0.3,2.2,301.0,0.0,-12.6,1.7000000000000002,9.9,-82.30000000000001,0.0,0.0,219.8,0.0,21.9,34.9,34.800000000000004,38.2,300.0,300.0,30.1,36.6,35.4,35.1,37.4,4.96,2.0,4.96,0.16,0.0,0.0,1027.0,8228.0,0.0,0.0,0.0,0.0,0.0,1.0,0.0,0.0,0.0,-0.001,0.0,-0.3,0.0,-12.5,-12.7,0.0152,16.0,25903.0
2026-07-30T18:58:20.699Z,70.182,70.194,-7.4,7.4,0.0,0.0,0.0,0.0,0.0,1.0,1.0,0.0,1.0,0.0,0.0,0.0,8.0,6.0,0.0,0.0,0.0,0.0,0.0,0.0,0.0,0.0,5.0,12.0,1.0,12.05,5.0200000000000005,2.51,1.49,-2.3000000000000003,0.3,2.3000000000000003,301.0,-0.1,-13.2,0.5,8.1,-82.30000000000001,0.0,0.0,219.8,0.0,21.9,34.9,34.800000000000004,38.2,300.0,300.0,30.1,36.6,35.4,35.1,37.4,4.96,2.0,4.96,0.16,0.0,0.0,1027.0,8228.0,0.0,0.0,0.0,0.0,0.0,1.0,0.0,0.0,0.0,-0.001,0.0,-1.0,0.0,-9.6,-12.8,0.0151,16.0,25903.0
2026-07-30T18:58:20.710Z,70.193,70.206,-7.5,7.4,0.0,0.0,0.0,0.0,0.0,1.0,1.0,0.0,1.0,0.0,0.0,0.0,8.0,6.0,0.0,0.0,0.0,0.0,0.0,0.0,0.0,0.0,6.0,12.0,1.0,12.05,5.0200000000000005,2.51,1.49,-2.2,0.3,2.3000000000000003,301.0,-0.1,-12.0,1.7000000000000002,9.3,-82.30000000000001,0.0,0.0,219.7,0.0,21.9,34.9,34.800000000000004,38.2,300.0,300.0,30.1,36.6,35.4,35.1,37.4,4.96,2.0,4.96,0.16,0.0,0.0,1027.0,8228.0,0.0,0.0,0.0,0.0,0.0,1.0,0.0,0.0,0.0,-0.001,0.0,-0.2,0.0,-11.8,-12.8,0.0159,16.0,25903.0
2026-07-30T18:58:20.722Z,70.205,70.218,-7.5,7.4,0.0,0.0,0.0,0.0,0.0,1.0,1.0,0.0,1.0,0.0,0.0,0.0,8.0,6.0,0.0,0.0,0.0,0.0,0.0,0.0,0.0,0.0,1.0,12.0,1.0,12.05,5.0200000000000005,2.51,1.49,-2.3000000000000003,0.3,2.3000000000000003,301.0,-0.1,-12.6,1.1,8.700000000000001,-82.30000000000001,0.0,0.0,219.6,0.0,21.9,34.9,34.800000000000004,38.2,300.0,300.0,30.1,36.6,35.4,35.1,37.4,4.95,2.0,4.96,0.16,0.0,0.0,1027.0,8228.0,0.0,0.0,0.0,0.0,0.0,1.0,0.0,0.0,0.0,-0.001,0.0,-0.6000000000000001,0.0,-10.8,-12.8,0.0154,16.0,25903.0
2026-07-30T18:58:20.734Z,70.217,70.23,-7.5,7.4,0.0,0.0,0.0,0.0,0.0,1.0,1.0,0.0,1.0,0.0,0.0,0.0,8.0,6.0,0.0,0.0,0.0,0.0,0.0,0.0,0.0,0.0,2.0,12.0,1.0,12.05,5.0200000000000005,2.51,1.49,-2.2,0.3,2.2,301.0,-0.1,-12.6,2.3000000000000003,10.4,-82.30000000000001,0.0,0.0,219.7,0.0,21.9,34.9,34.800000000000004,38.2,300.0,300.0,30.1,36.6,35.4,35.1,37.4,4.95,2.0,4.96,0.16,0.0,0.0,1027.0,8228.0,0.0,0.0,0.0,0.0,0.0,1.0,0.0,0.0,0.0,-0.001,0.0,0.0,0.0,-13.6,-12.7,0.0156,16.0,25903.0
2026-07-30T18:58:20.746Z,70.229,70.242,-7.5,7.4,0.0,0.0,0.0,0.0,0.0,1.0,1.0,0.0,1.0,0.0,0.0,0.0,8.0,6.0,0.0,0.0,0.0,0.0,0.0,0.0,0.0,0.0,4.0,12.0,1.0,12.05,5.0200000000000005,2.51,1.49,-2.3000000000000003,0.3,2.4000000000000004,301.0,-0.1,-13.2,0.0,7.5,-82.30000000000001,0.0,0.0,219.8,0.0,21.9,34.9,34.800000000000004,38.2,300.0,300.0,30.1,36.6,35.4,35.1,37.4,4.95,2.0,4.97,0.16,0.0,0.0,1027.0,8228.0,0.0,0.0,0.0,0.0,0.0,1.0,0.0,0.0,0.0,-0.001,0.0,-1.4,0.0,-8.6,-12.8,0.0149,16.0,25903.0
2026-07-30T18:58:20.758Z,70.241,70.254,-7.5,7.4,0.0,0.0,0.0,0.0,0.0,1.0,1.0,0.0,1.0,0.0,0.0,0.0,8.0,6.0,0.0,0.0,0.0,0.0,0.0,0.0,0.0,0.0,5.0,12.0,1.0,12.05,5.0200000000000005,2.51,1.49,-2.3000000000000003,0.3,2.3000000000000003,301.1,-0.1,-13.2,0.5,8.1,-82.30000000000001,0.0,0.0,219.8,0.0,21.9,34.9,34.800000000000004,38.2,300.0,300.0,30.1,36.6,35.4,35.1,37.4,4.95,2.0,4.96,0.16,0.0,0.0,1027.0,8228.0,0.0,0.0,0.0,0.0,0.0,1.0,0.0,0.0,0.0,-0.001,0.0,-1.0,0.0,-9.6,-12.7,0.0159,16.0,25903.0
2026-07-30T18:58:20.770Z,70.253,70.266,-7.4,7.4,0.0,0.0,0.0,0.0,0.0,1.0,1.0,0.0,1.0,0.0,0.0,0.0,8.0,6.0,0.0,0.0,0.0,0.0,0.0,0.0,0.0,0.0,6.0,12.0,1.0,12.05,5.0200000000000005,2.51,1.49,-2.2,0.3,2.3000000000000003,301.0,-0.1,-12.0,1.1,9.9,-82.30000000000001,0.0,0.0,219.7,0.0,21.9,34.9,34.800000000000004,38.2,300.0,300.0,30.1,36.6,35.4,35.1,37.4,4.96,2.0,4.96,0.16,0.0,0.0,1027.0,8228.0,0.0,0.0,0.0,0.0,0.0,1.0,0.0,0.0,0.0,-0.001,0.0,-0.8,0.0,-12.1,-12.8,0.0158,16.0,25903.0
2026-07-30T18:58:20.784Z,70.267,70.278,-7.4,7.4,0.0,0.0,0.0,0.0,0.0,1.0,1.0,0.0,1.0,0.0,0.0,0.0,8.0,6.0,0.0,0.0,0.0,0.0,0.0,0.0,0.0,0.0,1.0,12.0,1.0,12.02,5.01,2.5,1.49,-2.2,0.3,2.2,301.0,-0.1,-12.0,2.3000000000000003,10.4,-82.30000000000001,0.0,0.0,219.7,0.0,22.1,34.9,34.9,38.3,300.0,300.0,30.0,36.6,35.4,35.1,37.4,4.96,2.0,4.96,0.16,0.0,0.0,1027.0,8228.0,0.0,0.0,0.0,0.0,0.0,1.0,0.0,0.0,0.0,-0.001,0.0,0.0,0.0,-13.6,-12.8,0.0154,16.0,25903.0
2026-07-30T18:58:20.794Z,70.277,70.29,-7.4,7.4,0.0,0.0,0.0,0.0,0.0,1.0,1.0,0.0,1.0,0.0,0.0,0.0,8.0,6.0,0.0,0.0,0.0,0.0,0.0,0.0,0.0,0.0,2.0,12.0,1.0,12.02,5.01,2.5,1.49,-2.2,0.3,2.2,301.0,-0.1,-12.0,1.7000000000000002,9.9,-82.30000000000001,0.0,0.0,219.7,0.0,22.1,34.9,34.9,38.3,300.0,300.0,30.0,36.6,35.4,35.1,37.4,4.96,2.0,4.96,0.16,0.0,0.0,1027.0,8228.0,0.0,0.0,0.0,0.0,0.0,1.0,0.0,0.0,0.0,-0.001,0.0,-0.3,0.0,-12.5,-12.8,0.015,16.0,25903.0
2026-07-30T18:58:20.806Z,70.289,70.302,-7.5,7.4,0.0,0.0,0.0,0.0,0.0,1.0,1.0,0.0,1.0,0.0,0.0,0.0,8.0,6.0,0.0,0.0,0.0,0.0,0.0,0.0,0.0,0.0,4.0,12.0,1.0,12.02,5.01,2.5,1.49,-2.2,0.3,2.2,301.1,-0.1,-12.6,2.3000000000000003,10.4,-82.30000000000001,0.0,0.0,219.7,0.0,22.1,34.9,34.9,38.3,300.0,300.0,30.0,36.6,35.4,35.1,37.4,4.96,2.0,4.96,0.16,0.0,0.0,1027.0,8228.0,0.0,0.0,0.0,0.0,0.0,1.0,0.0,0.0,0.0,-0.001,0.0,0.0,0.0,-13.6,-12.8,0.0152,16.0,25903.0
2026-07-30T18:58:20.818Z,70.301,70.31400000000001,-7.5,7.4,0.0,0.0,0.0,0.0,0.0,1.0,1.0,0.0,1.0,0.0,0.0,0.0,8.0,6.0,0.0,0.0,0.0,0.0,0.0,0.0,0.0,0.0,5.0,12.0,1.0,12.02,5.01,2.5,1.49,-2.2,0.2,2.2,301.0,-0.1,-10.9,2.9000000000000004,10.4,-82.2,0.0,0.0,219.5,0.0,22.1,34.9,34.9,38.3,300.0,300.0,30.0,36.6,35.4,35.1,37.4,4.95,2.0,4.96,0.16,0.0,0.0,1027.0,8228.0,0.0,0.0,0.0,0.0,0.0,1.0,0.0,0.0,0.0,-0.001,0.0,0.5,0.0,-14.0,-12.7,0.015,16.0,25903.0
2026-07-30T18:58:20.831Z,70.314,70.32600000000001,-7.5,7.4,0.0,0.0,0.0,0.0,0.0,1.0,1.0,0.0,1.0,0.0,0.0,0.0,8.0,6.0,0.0,0.0,0.0,0.0,0.0,0.0,0.0,0.0,1.0,12.0,1.0,12.02,5.01,2.5,1.49,-2.2,0.3,2.2,301.1,-0.1,-11.4,1.7000000000000002,10.4,-82.2,0.0,0.0,219.5,0.0,22.1,34.9,34.9,38.3,300.0,300.0,30.0,36.6,35.4,35.1,37.4,4.95,2.0,4.96,0.16,0.0,0.0,1027.0,8228.0,0.0,0.0,0.0,0.0,0.0,1.0,0.0,0.0,0.0,-0.001,0.0,-0.4,0.0,-13.2,-12.7,0.0148,16.0,25903.0
2026-07-30T18:58:20.842Z,70.325,70.33800000000001,-7.5,7.4,0.0,0.0,0.0,0.0,0.0,1.0,1.0,0.0,1.0,0.0,0.0,0.0,8.0,6.0,0.0,0.0,0.0,0.0,0.0,0.0,0.0,0.0,3.0,12.0,1.0,12.02,5.01,2.5,1.49,-2.1,0.2,2.1,300.90000000000003,-0.1,-12.0,3.5,11.0,-82.2,0.0,0.0,219.6,0.0,22.1,34.9,34.9,38.3,300.0,300.0,30.0,36.6,35.4,35.1,37.4,4.95,2.0,4.96,0.16,0.0,0.0,1027.0,8228.0,0.0,0.0,0.0,0.0,0.0,1.0,0.0,0.0,0.0,-0.001,0.0,0.9,0.0,-15.1,-12.7,0.0149,16.0,25903.0
2026-07-30T18:58:20.854Z,70.337,70.35000000000001,-7.5,7.4,0.0,0.0,0.0,0.0,0.0,1.0,1.0,0.0,1.0,0.0,0.0,0.0,8.0,6.0,0.0,0.0,0.0,0.0,0.0,0.0,0.0,0.0,4.0,12.0,1.0,12.02,5.01,2.5,1.49,-2.1,0.2,2.1,301.0,-0.1,-10.9,3.5,10.4,-82.2,0.0,0.0,219.8,0.0,22.1,34.9,34.9,38.3,300.0,300.0,30.0,36.6,35.4,35.1,37.4,4.95,2.0,4.96,0.16,0.0,0.0,1027.0,8228.0,0.0,0.0,0.0,0.0,0.0,1.0,0.0,0.0,0.0,-0.001,0.0,1.0,0.0,-14.5,-12.8,0.0144,16.0,25903.0
2026-07-30T18:58:20.866Z,70.349,70.362,-7.4,7.4,0.0,0.0,0.0,0.0,0.0,1.0,1.0,0.0,1.0,0.0,0.0,0.0,8.0,6.0,0.0,0.0,0.0,0.0,0.0,0.0,0.0,0.0,5.0,12.0,1.0,12.02,5.01,2.5,1.49,-2.1,0.2,2.1,301.1,-0.1,-10.9,4.0,11.6,-82.2,0.0,0.0,219.7,0.0,22.1,34.9,34.9,38.3,300.0,300.0,30.0,36.6,35.4,35.1,37.4,4.95,2.0,4.96,0.16,0.0,0.0,1027.0,8228.0,0.0,0.0,0.0,0.0,0.0,1.0,0.0,0.0,0.0,-0.001,0.0,1.3,0.0,-16.2,-12.7,0.0146,16.0,25903.0
2026-07-30T18:58:20.878Z,70.361,70.374,-7.4,7.4,0.0,0.0,0.0,0.0,0.0,1.0,1.0,0.0,1.0,0.0,0.0,0.0,8.0,6.0,0.0,0.0,0.0,0.0,0.0,0.0,0.0,0.0,1.0,12.0,1.0,12.02,5.01,2.5,1.49,-2.2,0.3,2.2,300.90000000000003,-0.1,-11.4,2.3000000000000003,9.9,-82.2,0.0,0.0,219.6,0.0,22.1,34.9,34.9,38.3,300.0,300.0,30.0,36.6,35.4,35.1,37.4,4.96,2.0,4.96,0.16,0.0,0.0,1027.0,8228.0,0.0,0.0,0.0,0.0,0.0,1.0,0.0,0.0,0.0,-0.001,0.0,0.1,0.0,-12.9,-12.8,0.0144,16.0,25903.0
2026-07-30T18:58:20.891Z,70.374,70.386,-7.5,7.4,0.0,0.0,0.0,0.0,0.0,1.0,1.0,0.0,1.0,0.0,0.0,0.0,8.0,6.0,0.0,0.0,0.0,0.0,0.0,0.0,0.0,0.0,2.0,12.0,1.0,12.06,5.01,2.5,1.49,-2.2,0.3,2.2,301.1,-0.1,-10.9,2.3000000000000003,10.4,-82.2,0.0,0.0,219.7,0.0,22.200000000000003,34.9,34.9,38.3,300.0,300.0,30.1,36.6,35.4,35.1,37.4,4.95,2.0,4.96,0.16,0.0,0.0,1027.0,8228.0,0.0,0.0,0.0,0.0,0.0,1.0,0.0,0.0,0.0,-0.001,0.0,0.0,0.0,-13.6,-12.8,0.0151,16.0,25903.0
2026-07-30T18:58:20.903Z,70.386,70.398,-7.5,7.4,0.0,0.0,0.0,0.0,0.0,1.0,1.0,0.0,1.0,0.0,0.0,0.0,8.0,6.0,0.0,0.0,0.0,0.0,0.0,0.0,0.0,0.0,3.0,12.0,1.0,12.06,5.01,2.5,1.49,-2.1,0.2,2.1,301.1,-0.1,-11.4,2.9000000000000004,11.0,-82.2,0.0,0.0,219.7,0.0,22.200000000000003,34.9,34.9,38.3,300.0,300.0,30.1,36.6,35.4,35.1,37.4,4.95,2.0,4.97,0.16,0.0,0.0,1027.0,8228.0,0.0,0.0,0.0,0.0,0.0,1.0,0.0,0.0,0.0,-0.001,0.0,0.4,0.0,-14.7,-12.7,0.0148,16.0,25903.0
2026-07-30T18:58:20.914Z,70.397,70.41,-7.4,7.4,0.0,0.0,0.0,0.0,0.0,1.0,1.0,0.0,1.0,0.0,0.0,0.0,8.0,6.0,0.0,0.0,0.0,0.0,0.0,0.0,0.0,0.0,5.0,12.0,1.0,12.06,5.01,2.5,1.49,-2.1,0.2,2.2,300.90000000000003,-0.1,-11.4,4.0,9.9,-82.2,0.0,0.0,219.8,0.0,22.200000000000003,34.9,34.9,38.3,300.0,300.0,30.1,36.6,35.4,35.1,37.4,4.95,2.0,4.97,0.16,0.0,0.0,1027.0,8228.0,0.0,0.0,0.0,0.0,0.0,1.0,0.0,0.0,0.0,-0.001,0.0,1.6,0.0,-14.2,-12.7,0.0145,16.0,25903.0
2026-07-30T18:58:20.927Z,70.41,70.422,-7.4,7.4,0.0,0.0,0.0,0.0,0.0,1.0,1.0,0.0,1.0,0.0,0.0,0.0,8.0,6.0,0.0,0.0,0.0,0.0,0.0,0.0,0.0,0.0,6.0,12.0,1.0,12.06,5.01,2.5,1.49,-2.2,0.3,2.2,301.0,-0.1,-11.4,2.3000000000000003,9.9,-82.2,0.0,0.0,219.8,0.0,22.200000000000003,34.9,34.9,38.3,300.0,300.0,30.1,36.6,35.4,35.1,37.4,4.96,2.0,4.96,0.16,0.0,0.0,1027.0,8228.0,0.0,0.0,0.0,0.0,0.0,1.0,0.0,0.0,0.0,-0.001,0.0,0.1,0.0,-12.9,-12.8,0.0146,16.0,25903.0
2026-07-30T18:58:20.939Z,70.422,70.434,-7.4,7.4,0.0,0.0,0.0,0.0,0.0,1.0,1.0,0.0,1.0,0.0,0.0,0.0,8.0,6.0,0.0,0.0,0.0,0.0,0.0,0.0,0.0,0.0,1.0,12.0,1.0,12.06,5.01,2.5,1.49,-2.2,0.2,2.2,301.0,-0.1,-12.0,2.3000000000000003,9.9,-82.2,0.0,0.0,219.7,0.0,22.200000000000003,34.9,34.9,38.3,300.0,300.0,30.1,36.6,35.4,35.1,37.4,4.95,2.0,4.96,0.16,0.0,0.0,1027.0,8228.0,0.0,0.0,0.0,0.0,0.0,1.0,0.0,0.0,0.0,-0.001,0.0,0.1,0.0,-12.9,-12.9,0.0151,16.0,25903.0
2026-07-30T18:58:20.953Z,70.436,70.446,-7.4,7.4,0.0,0.0,0.0,0.0,0.0,1.0,1.0,0.0,1.0,0.0,0.0,0.0,8.0,6.0,0.0,0.0,0.0,0.0,0.0,0.0,0.0,0.0,2.0,12.0,1.0,12.06,5.01,2.5,1.49,-2.2,0.2,2.2,301.0,-0.1,-12.0,3.5,10.4,-82.2,0.0,0.0,219.7,0.0,22.200000000000003,34.9,34.9,38.3,300.0,300.0,30.1,36.6,35.4,35.1,37.4,4.95,2.0,4.96,0.16,0.0,0.0,1027.0,8228.0,0.0,0.0,0.0,0.0,0.0,1.0,0.0,0.0,0.0,-0.001,0.0,1.0,0.0,-14.5,-12.9,0.0152,16.0,25903.0
2026-07-30T18:58:20.962Z,70.445,70.458,-7.4,7.4,0.0,0.0,0.0,0.0,0.0,1.0,1.0,0.0,1.0,0.0,0.0,0.0,8.0,6.0,0.0,0.0,0.0,0.0,0.0,0.0,0.0,0.0,1.0,12.0,1.0,12.06,5.01,2.5,1.49,-2.2,0.3,2.2,301.0,-0.1,-12.0,2.3000000000000003,11.6,-82.2,0.0,0.0,219.6,0.0,22.200000000000003,34.9,34.9,38.3,300.0,300.0,30.1,36.6,35.4,35.1,37.4,4.96,2.0,4.96,0.16,0.0,0.0,1027.0,8228.0,0.0,0.0,0.0,0.0,0.0,1.0,0.0,0.0,0.0,-0.001,0.0,-0.1,0.0,-14.9,-12.8,0.0148,16.0,25903.0
2026-07-30T18:58:20.975Z,70.458,70.47,-7.4,7.4,0.0,0.0,0.0,0.0,0.0,1.0,1.0,0.0,1.0,0.0,0.0,0.0,8.0,6.0,0.0,0.0,0.0,0.0,0.0,0.0,0.0,0.0,2.0,12.0,1.0,12.06,5.01,2.5,1.49,-2.3000000000000003,0.3,2.3000000000000003,301.1,-0.1,-12.0,1.7000000000000002,8.700000000000001,-82.2,0.0,0.0,219.5,0.0,22.200000000000003,34.9,34.9,38.3,300.0,300.0,30.1,36.6,35.4,35.1,37.4,4.95,2.0,4.97,0.16,0.0,0.0,1027.0,8228.0,0.0,0.0,0.0,0.0,0.0,1.0,0.0,0.0,0.0,-0.001,0.0,-0.1,0.0,-11.2,-12.8,0.0156,16.0,25903.0
2026-07-30T18:58:20.988Z,70.471,70.482,-7.5,7.4,0.0,0.0,0.0,0.0,0.0,1.0,1.0,0.0,1.0,0.0,0.0,0.0,8.0,6.0,0.0,0.0,0.0,0.0,0.0,0.0,0.0,0.0,3.0,12.0,1.0,12.04,5.0200000000000005,2.51,1.49,-2.3000000000000003,0.3,2.3000000000000003,301.0,-0.1,-12.0,0.5,9.3,-82.2,0.0,0.0,219.7,0.0,22.1,34.9,34.9,38.3,300.0,300.0,30.200000000000003,36.5,35.4,35.300000000000004,37.3,4.95,2.0,4.97,0.16,0.0,0.0,1027.0,8228.0,0.0,0.0,0.0,0.0,0.0,1.0,0.0,0.0,0.0,-0.001,0.0,-1.2000000000000002,0.0,-11.0,-12.8,0.0155,16.0,25903.0
2026-07-30T18:58:20.998Z,70.481,70.494,-7.5,7.4,0.0,0.0,0.0,0.0,0.0,1.0,1.0,0.0,1.0,0.0,0.0,0.0,8.0,6.0,0.0,0.0,0.0,0.0,0.0,0.0,0.0,0.0,5.0,12.0,1.0,12.04,5.0200000000000005,2.51,1.49,-2.2,0.2,2.3000000000000003,301.1,-0.1,-10.9,2.3000000000000003,8.700000000000001,-82.2,0.0,0.0,219.8,0.0,22.1,34.9,34.9,38.3,300.0,300.0,30.200000000000003,36.5,35.4,35.300000000000004,37.3,4.95,2.0,4.96,0.16,0.0,0.0,1027.0,8228.0,0.0,0.0,0.0,0.0,0.0,1.0,0.0,0.0,0.0,-0.001,0.0,0.3,0.0,-11.6,-12.7,0.0153,16.0,25903.0
2026-07-30T18:58:21.014Z,70.497,70.506,-7.4,7.4,0.0,0.0,0.0,0.0,0.0,1.0,1.0,0.0,1.0,0.0,0.0,0.0,8.0,6.0,0.0,0.0,0.0,0.0,0.0,0.0,0.0,0.0,6.0,12.0,1.0,12.04,5.0200000000000005,2.51,1.49,-2.3000000000000003,0.3,2.3000000000000003,301.1,-0.1,-12.0,1.7000000000000002,8.700000000000001,-82.2,0.0,0.0,219.8,0.0,22.1,34.9,34.9,38.3,300.0,300.0,30.200000000000003,36.5,35.4,35.300000000000004,37.3,4.96,2.0,4.96,0.16,0.0,0.0,1027.0,8228.0,0.0,0.0,0.0,0.0,0.0,1.0,0.0,0.0,0.0,-0.001,0.0,-0.1,0.0,-11.2,-12.7,0.0153,16.0,25903.0
2026-07-30T18:58:21.022Z,70.505,70.518,-7.5,7.4,0.0,0.0,0.0,0.0,0.0,1.0,1.0,0.0,1.0,0.0,0.0,0.0,8.0,6.0,0.0,0.0,0.0,0.0,0.0,0.0,0.0,0.0,6.0,12.0,1.0,12.04,5.0200000000000005,2.51,1.49,-2.3000000000000003,0.3,2.3000000000000003,301.0,-0.1,-12.6,1.1,8.700000000000001,-82.2,0.0,0.0,219.7,0.0,22.1,34.9,34.9,38.3,300.0,300.0,30.200000000000003,36.5,35.4,35.300000000000004,37.3,4.95,2.0,4.96,0.16,0.0,0.0,1027.0,8228.0,0.0,0.0,0.0,0.0,0.0,1.0,0.0,0.0,0.0,-0.001,0.0,-0.6000000000000001,0.0,-10.8,-12.9,0.0152,16.0,25903.0
2026-07-30T18:58:21.034Z,70.517,70.53,-7.5,7.4,0.0,0.0,0.0,0.0,0.0,1.0,1.0,0.0,1.0,0.0,0.0,0.0,8.0,6.0,0.0,0.0,0.0,0.0,0.0,0.0,0.0,0.0,2.0,12.0,1.0,12.04,5.0200000000000005,2.51,1.49,-2.2,0.3,2.2,301.1,-0.1,-12.0,0.5,10.4,-82.2,0.0,0.0,219.6,0.0,22.1,34.9,34.9,38.3,300.0,300.0,30.200000000000003,36.5,35.4,35.300000000000004,37.3,4.96,2.0,4.96,0.16,0.0,0.0,1027.0,8228.0,0.0,0.0,0.0,0.0,0.0,1.0,0.0,0.0,0.0,-0.001,0.0,-1.5,0.0,-12.3,-12.7,0.0145,16.0,25903.0
2026-07-30T18:58:21.047Z,70.53,70.542,-7.5,7.4,0.0,0.0,0.0,0.0,0.0,1.0,1.0,0.0,1.0,0.0,0.0,0.0,8.0,6.0,0.0,0.0,0.0,0.0,0.0,0.0,0.0,0.0,3.0,12.0,1.0,12.04,5.0200000000000005,2.51,1.49,-2.2,0.3,2.2,301.1,-0.1,-12.6,1.1,9.9,-82.2,0.0,0.0,219.8,0.0,22.1,34.9,34.9,38.3,300.0,300.0,30.200000000000003,36.5,35.4,35.300000000000004,37.3,4.96,2.0,4.96,0.16,0.0,0.0,1027.0,8228.0,0.0,0.0,0.0,0.0,0.0,1.0,0.0,0.0,0.0,-0.001,0.0,2.2,0.0,-14.7,-12.6,0.0143,16.0,25903.0
2026-07-30T18:58:21.059Z,70.542,70.554,-7.4,7.4,0.0,0.0,0.0,0.0,0.0,1.0,1.0,0.0,1.0,0.0,0.0,0.0,8.0,6.0,0.0,0.0,0.0,0.0,0.0,0.0,0.0,0.0,4.0,12.0,1.0,12.04,5.0200000000000005,2.51,1.49,-2.1,0.3,2.4000000000000004,301.0,-0.1,-12.0,1.1,6.9,-82.30000000000001,0.0,0.0,219.9,0.0,22.1,34.9,34.9,38.3,300.0,300.0,30.200000000000003,36.5,35.4,35.300000000000004,37.3,4.95,2.0,4.96,0.16,0.0,0.0,1027.0,8228.0,0.0,0.0,0.0,0.0,0.0,1.0,0.0,0.0,0.0,-0.001,0.0,1.0,0.0,-14.5,-12.7,0.0145,16.0,25903.0
2026-07-30T18:58:21.070Z,70.553,70.566,-7.4,7.4,0.0,0.0,0.0,0.0,0.0,1.0,1.0,0.0,1.0,0.0,0.0,0.0,8.0,6.0,0.0,0.0,0.0,0.0,0.0,0.0,0.0,0.0,6.0,12.0,1.0,12.04,5.0200000000000005,2.51,1.49,-2.2,0.2,2.2,301.0,-0.1,-11.4,2.3000000000000003,9.9,-82.30000000000001,0.0,0.0,219.8,0.0,22.1,34.9,34.9,38.3,300.0,300.0,30.200000000000003,36.5,35.4,35.300000000000004,37.3,4.96,2.0,4.97,0.16,0.0,0.0,1027.0,8228.0,0.0,0.0,0.0,0.0,0.0,1.0,0.0,0.0,0.0,-0.001,0.0,1.0,0.0,-14.5,-12.8,0.0147,16.0,25903.0
2026-07-30T18:58:21.083Z,70.566,70.578,-7.5,7.4,0.0,0.0,0.0,0.0,0.0,1.0,1.0,0.0,1.0,0.0,0.0,0.0,8.0,6.0,0.0,0.0,0.0,0.0,0.0,0.0,0.0,0.0,1.0,12.0,1.0,12.04,5.0200000000000005,2.51,1.49,-2.2,0.3,2.2,301.1,-0.1,-11.4,1.1,10.4,-82.30000000000001,0.0,0.0,219.8,0.0,22.1,34.9,34.9,38.3,300.0,300.0,30.200000000000003,36.5,35.4,35.300000000000004,37.3,4.96,2.0,4.96,0.16,0.0,0.0,1027.0,8228.0,0.0,0.0,0.0,0.0,0.0,1.0,0.0,0.0,0.0,-0.001,0.0,-1.0,0.0,-12.7,-12.8,0.0148,16.0,25903.0
2026-07-30T18:58:21.094Z,70.577,70.59,-7.5,7.4,0.0,0.0,0.0,0.0,0.0,1.0,1.0,0.0,1.0,0.0,0.0,0.0,8.0,6.0,0.0,0.0,0.0,0.0,0.0,0.0,0.0,0.0,3.0,12.0,1.0,12.05,5.0200000000000005,2.51,1.49,-2.1,0.2,2.1,301.1,-0.1,-11.4,4.0,11.0,-82.30000000000001,0.0,0.0,219.8,0.0,21.9,34.9,34.9,38.3,300.0,300.0,30.200000000000003,36.5,35.4,35.2,37.4,4.96,2.0,4.96,0.16,0.0,0.0,1027.0,8228.0,0.0,0.0,0.0,0.0,0.0,1.0,0.0,0.0,0.0,-0.001,0.0,1.4,0.0,-15.6,-12.7,0.0151,16.0,25903.0
2026-07-30T18:58:21.106Z,70.589,70.602,-7.5,7.4,0.0,0.0,0.0,0.0,0.0,1.0,1.0,0.0,1.0,0.0,0.0,0.0,8.0,6.0,0.0,0.0,0.0,0.0,0.0,0.0,0.0,0.0,4.0,12.0,1.0,12.05,5.0200000000000005,2.51,1.49,-2.2,0.2,2.2,301.0,-0.1,-11.4,2.9000000000000004,10.4,-82.30000000000001,0.0,0.0,219.8,0.0,21.9,34.9,34.9,38.3,300.0,300.0,30.200000000000003,36.5,35.4,35.2,37.4,4.95,2.0,4.96,0.16,0.0,0.0,1027.0,8228.0,0.0,0.0,0.0,0.0,0.0,1.0,0.0,0.0,0.0,-0.001,0.0,0.5,0.0,-14.0,-12.7,0.0144,16.0,25903.0
2026-07-30T18:58:21.118Z,70.601,70.614,-7.4,7.4,0.0,0.0,0.0,0.0,0.0,1.0,1.0,0.0,1.0,0.0,0.0,0.0,8.0,6.0,0.0,0.0,0.0,0.0,0.0,0.0,0.0,0.0,5.0,12.0,1.0,12.05,5.0200000000000005,2.51,1.49,-2.2,0.3,2.3000000000000003,301.0,-0.1,-12.0,1.1,9.9,-82.30000000000001,0.0,0.0,219.8,0.0,21.9,34.9,34.9,38.3,300.0,300.0,30.200000000000003,36.5,35.4,35.2,37.4,4.96,2.0,4.96,0.16,0.0,0.0,1027.0,8228.0,0.0,0.0,0.0,0.0,0.0,1.0,0.0,0.0,0.0,-0.001,0.0,-0.9,0.0,-12.1,-12.7,0.0148,16.0,25903.0
2026-07-30T18:58:21.130Z,70.613,70.626,-7.4,7.4,0.0,0.0,0.0,0.0,0.0,1.0,1.0,0.0,1.0,0.0,0.0,0.0,8.0,6.0,0.0,0.0,0.0,0.0,0.0,0.0,0.0,0.0,1.0,12.0,1.0,12.05,5.0200000000000005,2.51,1.49,-2.2,0.3,2.3000000000000003,301.1,-0.1,-10.9,1.1,9.3,-82.30000000000001,0.0,0.0,219.8,0.0,21.9,34.9,34.9,38.3,300.0,300.0,30.200000000000003,36.5,35.4,35.2,37.4,4.95,2.0,4.96,0.16,0.0,0.0,1027.0,8228.0,0.0,0.0,0.0,0.0,0.0,1.0,0.0,0.0,0.0,-0.001,0.0,-0.8,0.0,-11.4,-12.8,0.0153,16.0,25903.0
2026-07-30T18:58:21.142Z,70.625,70.638,-7.5,7.4,0.0,0.0,0.0,0.0,0.0,1.0,1.0,0.0,1.0,0.0,0.0,0.0,8.0,6.0,0.0,0.0,0.0,0.0,0.0,0.0,0.0,0.0,2.0,12.0,1.0,12.05,5.0200000000000005,2.51,1.49,-2.3000000000000003,0.2,2.3000000000000003,300.90000000000003,-0.1,-12.0,1.7000000000000002,8.1,-82.30000000000001,0.0,0.0,219.8,0.0,21.9,34.9,34.9,38.3,300.0,300.0,30.200000000000003,36.5,35.4,35.2,37.4,4.95,2.0,4.97,0.16,0.0,0.0,1027.0,8228.0,0.0,0.0,0.0,0.0,0.0,1.0,0.0,0.0,0.0,-0.001,0.0,0.0,0.0,-10.5,-12.8,0.0154,16.0,25903.0
2026-07-30T18:58:21.154Z,70.637,70.65,-7.5,7.4,0.0,0.0,0.0,0.0,0.0,1.0,1.0,0.0,1.0,0.0,0.0,0.0,8.0,6.0,0.0,0.0,0.0,0.0,0.0,0.0,0.0,0.0,4.0,12.0,1.0,12.05,5.0200000000000005,2.51,1.49,-2.1,0.3,2.2,301.0,-0.1,-12.0,1.7000000000000002,11.6,-82.30000000000001,0.0,0.0,219.8,0.0,21.9,34.9,34.9,38.3,300.0,300.0,30.200000000000003,36.5,35.4,35.2,37.4,4.95,2.0,4.97,0.16,0.0,0.0,1027.0,8228.0,0.0,0.0,0.0,0.0,0.0,1.0,0.0,0.0,0.0,-0.001,0.0,-0.7000000000000001,0.0,-14.5,-12.8,0.0156,16.0,25903.0
2026-07-30T18:58:21.166Z,70.649,70.662,-7.4,7.4,0.0,0.0,0.0,0.0,0.0,1.0,1.0,0.0,1.0,0.0,0.0,0.0,8.0,6.0,0.0,0.0,0.0,0.0,0.0,0.0,0.0,0.0,5.0,12.0,1.0,12.05,5.0200000000000005,2.51,1.49,-2.3000000000000003,0.3,2.3000000000000003,301.1,-0.1,-12.0,1.7000000000000002,8.700000000000001,-82.4,0.0,0.0,219.8,0.0,21.9,34.9,34.9,38.3,300.0,300.0,30.200000000000003,36.5,35.4,35.2,37.4,4.96,2.0,4.96,0.16,0.0,0.0,1027.0,8228.0,0.0,0.0,0.0,0.0,0.0,1.0,0.0,0.0,0.0,-0.001,0.0,-0.1,0.0,-11.2,-12.7,0.0147,16.0,25903.0
2026-07-30T18:58:21.178Z,70.661,70.674,-7.4,7.4,0.0,0.0,0.0,0.0,0.0,1.0,1.0,0.0,1.0,0.0,0.0,0.0,8.0,6.0,0.0,0.0,0.0,0.0,0.0,0.0,0.0,0.0,1.0,12.0,1.0,12.05,5.0200000000000005,2.51,1.49,-2.2,0.3,2.2,300.90000000000003,-0.1,-11.4,1.1,10.4,-82.4,0.0,0.0,219.8,0.0,21.9,34.9,34.9,38.3,300.0,300.0,30.200000000000003,36.5,35.4,35.2,37.4,4.95,2.0,4.96,0.16,0.0,0.0,1027.0,8228.0,0.0,0.0,0.0,0.0,0.0,1.0,0.0,0.0,0.0,-0.001,0.0,-1.0,0.0,-12.7,-12.8,0.0155,16.0,25903.0
2026-07-30T18:58:21.191Z,70.674,70.686,-7.5,7.4,0.0,0.0,0.0,0.0,0.0,1.0,1.0,0.0,1.0,0.0,0.0,0.0,8.0,6.0,0.0,0.0,0.0,0.0,0.0,0.0,0.0,0.0,2.0,12.0,1.0,12.05,5.01,2.5,1.49,-2.2,0.2,2.2,301.0,-0.1,-12.0,2.3000000000000003,9.3,-82.4,0.0,0.0,219.8,0.0,21.9,34.9,34.9,38.3,300.0,300.0,30.200000000000003,36.6,35.4,35.2,37.4,4.95,2.0,4.96,0.16,0.0,0.0,1027.0,8228.0,0.0,0.0,0.0,0.0,0.0,1.0,0.0,0.0,0.0,-0.001,0.0,0.2,0.0,-12.3,-12.8,0.0151,16.0,25903.0
2026-07-30T18:58:21.202Z,70.685,70.69800000000001,-7.4,7.4,0.0,0.0,0.0,0.0,0.0,1.0,1.0,0.0,1.0,0.0,0.0,0.0,8.0,6.0,0.0,0.0,0.0,0.0,0.0,0.0,0.0,0.0,3.0,12.0,1.0,12.05,5.01,2.5,1.49,-2.1,0.2,2.1,300.90000000000003,-0.1,-12.0,3.5,11.6,-82.4,0.0,0.0,219.8,0.0,21.9,34.9,34.9,38.3,300.0,300.0,30.200000000000003,36.6,35.4,35.2,37.4,4.95,2.0,4.96,0.16,0.0,0.0,1027.0,8228.0,0.0,0.0,0.0,0.0,0.0,1.0,0.0,0.0,0.0,-0.001,0.0,0.8,0.0,-15.8,-12.8,0.0152,16.0,25903.0
2026-07-30T18:58:21.214Z,70.697,70.71000000000001,-7.4,7.4,0.0,0.0,0.0,0.0,0.0,1.0,1.0,0.0,1.0,0.0,0.0,0.0,8.0,6.0,0.0,0.0,0.0,0.0,0.0,0.0,0.0,0.0,5.0,12.0,1.0,12.05,5.01,2.5,1.49,-2.2,0.3,2.3000000000000003,301.1,-0.1,-13.8,1.1,9.9,-82.4,0.0,0.0,219.8,0.0,21.9,34.9,34.9,38.3,300.0,300.0,30.200000000000003,36.6,35.4,35.2,37.4,4.95,2.0,4.96,0.16,0.0,0.0,1027.0,8228.0,0.0,0.0,0.0,0.0,0.0,1.0,0.0,0.0,0.0,-0.001,0.0,-0.9,0.0,-12.1,-12.9,0.0146,16.0,25903.0
2026-07-30T18:58:21.226Z,70.709,70.72200000000001,-7.5,7.4,0.0,0.0,0.0,0.0,0.0,1.0,1.0,0.0,1.0,0.0,0.0,0.0,8.0,6.0,0.0,0.0,0.0,0.0,0.0,0.0,0.0,0.0,6.0,12.0,1.0,12.05,5.01,2.5,1.49,-2.3000000000000003,0.3,2.4000000000000004,301.1,-0.1,-13.2,0.5,7.5,-82.4,0.0,0.0,219.8,0.0,21.9,34.9,34.9,38.3,300.0,300.0,30.200000000000003,36.6,35.4,35.2,37.4,4.95,2.0,4.96,0.16,0.0,0.0,1027.0,8228.0,0.0,0.0,0.0,0.0,0.0,1.0,0.0,0.0,0.0,-0.001,0.0,-0.9,0.0,-9.0,-12.8,0.0154,16.0,25903.0
2026-07-30T18:58:21.238Z,70.721,70.734,-7.5,7.4,0.0,0.0,0.0,0.0,0.0,1.0,1.0,0.0,1.0,0.0,0.0,0.0,8.0,6.0,0.0,0.0,0.0,0.0,0.0,0.0,0.0,0.0,2.0,12.0,1.0,12.05,5.01,2.5,1.49,-2.2,0.2,2.2,301.0,-0.1,-12.0,2.3000000000000003,9.9,-82.5,0.0,0.0,219.9,0.0,21.9,34.9,34.9,38.3,300.0,300.0,30.200000000000003,36.6,35.4,35.2,37.4,4.95,2.0,4.96,0.16,0.0,0.0,1027.0,8228.0,0.0,0.0,0.0,0.0,0.0,1.0,0.0,0.0,0.0,-0.001,0.0,0.1,0.0,-12.9,-12.8,0.0161,16.0,25903.0
2026-07-30T18:58:21.250Z,70.733,70.746,-7.5,7.4,0.0,0.0,0.0,0.0,0.0,1.0,1.0,0.0,1.0,0.0,0.0,0.0,8.0,6.0,0.0,0.0,0.0,0.0,0.0,0.0,0.0,0.0,3.0,12.0,1.0,12.05,5.01,2.5,1.49,-2.3000000000000003,0.3,2.3000000000000003,301.0,-0.1,-12.6,1.1,7.5,-82.5,0.0,0.0,220.0,0.0,21.9,34.9,34.9,38.3,300.0,300.0,30.200000000000003,36.6,35.4,35.2,37.4,4.95,2.0,4.96,0.17,0.0,0.0,1027.0,8228.0,0.0,0.0,0.0,0.0,0.0,1.0,0.0,0.0,0.0,-0.001,0.0,-0.4,0.0,-9.4,-12.6,0.015,16.0,25903.0
2026-07-30T18:58:21.263Z,70.746,70.758,-7.4,7.4,0.0,0.0,0.0,0.0,0.0,1.0,1.0,0.0,1.0,0.0,0.0,0.0,8.0,6.0,0.0,0.0,0.0,0.0,0.0,0.0,0.0,0.0,4.0,12.0,1.0,12.05,5.01,2.5,1.49,-2.3000000000000003,0.3,2.3000000000000003,301.0,-0.1,-12.0,1.1,7.5,-82.5,0.0,0.0,220.0,0.0,21.9,34.9,34.9,38.3,300.0,300.0,30.200000000000003,36.6,35.4,35.2,37.4,4.95,2.0,4.97,0.16,0.0,0.0,1027.0,8228.0,0.0,0.0,0.0,0.0,0.0,1.0,0.0,0.0,0.0,-0.001,0.0,-0.4,0.0,-9.4,-12.7,0.0158,16.0,25903.0
2026-07-30T18:58:21.274Z,70.757,70.77,-7.4,7.4,0.0,0.0,0.0,0.0,0.0,1.0,1.0,0.0,1.0,0.0,0.0,0.0,8.0,6.0,0.0,0.0,0.0,0.0,0.0,0.0,0.0,0.0,5.0,12.0,1.0,12.05,5.01,2.5,1.49,-2.3000000000000003,0.2,2.3000000000000003,301.0,-0.1,-12.6,1.7000000000000002,9.3,-82.5,0.0,0.0,219.8,0.0,21.9,34.9,34.9,38.3,300.0,300.0,30.200000000000003,36.6,35.4,35.2,37.4,4.96,2.0,4.96,0.16,0.0,0.0,1027.0,8228.0,0.0,0.0,0.0,0.0,0.0,1.0,0.0,0.0,0.0,-0.001,0.0,-0.2,0.0,-11.8,-12.8,0.0159,16.0,25903.0
2026-07-30T18:58:21.286Z,70.769,70.782,-7.5,7.4,0.0,0.0,0.0,0.0,0.0,1.0,1.0,0.0,1.0,0.0,0.0,0.0,8.0,6.0,0.0,0.0,0.0,0.0,0.0,0.0,0.0,0.0,6.0,12.0,1.0,12.05,5.01,2.5,1.49,-2.2,0.2,2.2,301.0,-0.1,-12.6,2.3000000000000003,9.3,-82.5,0.0,0.0,219.8,0.0,21.9,34.9,34.9,38.3,300.0,300.0,30.200000000000003,36.6,35.4,35.2,37.4,4.96,2.0,4.96,0.16,0.0,0.0,1027.0,8228.0,0.0,0.0,0.0,0.0,0.0,1.0,0.0,0.0,0.0,-0.001,0.0,0.2,0.0,-12.3,-12.8,0.0154,16.0,25903.0
2026-07-30T18:58:21.298Z,70.781,70.794,-7.4,7.4,0.0,0.0,0.0,0.0,0.0,1.0,1.0,0.0,1.0,0.0,0.0,0.0,8.0,6.0,0.0,0.0,0.0,0.0,0.0,0.0,0.0,0.0,2.0,12.0,1.0,12.05,5.01,2.5,1.49,-2.2,0.2,2.2,301.1,-0.1,-12.0,2.3000000000000003,10.4,-82.5,0.0,0.0,219.8,0.0,22.3,34.9,34.9,38.3,300.0,300.0,30.1,36.7,35.4,35.2,37.4,4.95,2.0,4.96,0.16,0.0,0.0,1027.0,8228.0,0.0,0.0,0.0,0.0,0.0,1.0,0.0,0.0,0.0,-0.001,0.0,0.0,0.0,-13.6,-12.7,0.0152,16.0,25903.0
2026-07-30T18:58:21.310Z,70.793,70.806,-7.4,7.4,0.0,0.0,0.0,0.0,0.0,1.0,1.0,0.0,1.0,0.0,0.0,0.0,8.0,6.0,0.0,0.0,0.0,0.0,0.0,0.0,0.0,0.0,3.0,12.0,1.0,12.05,5.01,2.5,1.49,-2.2,0.3,2.3000000000000003,300.90000000000003,-0.1,-11.4,1.7000000000000002,9.3,-82.5,0.0,0.0,219.9,0.0,22.3,34.9,34.9,38.3,300.0,300.0,30.1,36.7,35.4,35.2,37.4,4.95,2.0,4.97,0.16,0.0,0.0,1027.0,8228.0,0.0,0.0,0.0,0.0,0.0,1.0,0.0,0.0,0.0,-0.001,0.0,-0.2,0.0,-11.8,-12.8,0.0149,16.0,25903.0
2026-07-30T18:58:21.322Z,70.805,70.818,-7.5,7.4,0.0,0.0,0.0,0.0,0.0,1.0,1.0,0.0,1.0,0.0,0.0,0.0,8.0,6.0,0.0,0.0,0.0,0.0,0.0,0.0,0.0,0.0,4.0,12.0,1.0,12.05,5.01,2.5,1.49,-2.2,0.3,2.2,301.0,-0.1,-10.9,1.7000000000000002,10.4,-82.5,0.0,0.0,219.9,0.0,22.3,34.9,34.9,38.3,300.0,300.0,30.1,36.7,35.4,35.2,37.4,4.96,2.0,4.96,0.16,0.0,0.0,1027.0,8228.0,0.0,0.0,0.0,0.0,0.0,1.0,0.0,0.0,0.0,-0.001,0.0,-0.5,0.0,-13.2,-12.8,0.0153,16.0,25903.0
2026-07-30T18:58:21.335Z,70.818,70.83,-7.5,7.4,0.0,0.0,0.0,0.0,0.0,1.0,1.0,0.0,1.0,0.0,0.0,0.0,8.0,6.0,0.0,0.0,0.0,0.0,0.0,0.0,0.0,0.0,5.0,12.0,1.0,12.05,5.01,2.5,1.49,-2.2,0.3,2.2,301.1,-0.1,-12.0,2.3000000000000003,11.0,-82.5,0.0,0.0,219.8,0.0,22.3,34.9,34.9,38.3,300.0,300.0,30.1,36.7,35.4,35.2,37.4,4.96,2.0,4.96,0.15,0.0,0.0,1027.0,8228.0,0.0,0.0,0.0,0.0,0.0,1.0,0.0,0.0,0.0,-0.001,0.0,-0.1,0.0,-14.3,-12.7,0.015,16.0,25903.0
2026-07-30T18:58:21.346Z,70.829,70.842,-7.5,7.4,0.0,0.0,0.0,0.0,0.0,1.0,1.0,0.0,1.0,0.0,0.0,0.0,8.0,6.0,0.0,0.0,0.0,0.0,0.0,0.0,0.0,0.0,6.0,12.0,1.0,12.05,5.01,2.5,1.49,-2.2,0.2,2.2,301.0,-0.1,-10.9,4.0,9.9,-82.5,0.0,0.0,219.9,0.0,22.3,34.9,34.9,38.3,300.0,300.0,30.1,36.7,35.4,35.2,37.4,4.95,2.0,4.96,0.16,0.0,0.0,1027.0,8228.0,0.0,0.0,0.0,0.0,0.0,1.0,0.0,0.0,0.0,-0.001,0.0,1.6,0.0,-14.2,-12.8,0.0148,16.0,25903.0
2026-07-30T18:58:21.359Z,70.842,70.854,-7.5,7.4,0.0,0.0,0.0,0.0,0.0,1.0,1.0,0.0,1.0,0.0,0.0,0.0,8.0,6.0,0.0,0.0,0.0,0.0,0.0,0.0,0.0,0.0,6.0,12.0,1.0,12.05,5.01,2.5,1.49,-2.1,0.2,2.1,301.1,-0.1,-10.3,3.5,11.6,-82.5,0.0,0.0,219.7,0.0,22.3,34.9,34.9,38.3,300.0,300.0,30.1,36.7,35.4,35.2,37.4,4.95,2.0,4.96,0.16,0.0,0.0,1027.0,8228.0,0.0,0.0,0.0,0.0,0.0,1.0,0.0,0.0,0.0,-0.001,0.0,0.8,0.0,-15.8,-12.8,0.0147,16.0,25903.0
2026-07-30T18:58:21.371Z,70.854,70.866,-7.4,7.4,0.0,0.0,0.0,0.0,0.0,1.0,1.0,0.0,1.0,0.0,0.0,0.0,8.0,6.0,0.0,0.0,0.0,0.0,0.0,0.0,0.0,0.0,1.0,12.0,1.0,12.05,5.01,2.5,1.49,-2.2,0.2,2.2,301.0,-0.1,-11.4,2.3000000000000003,9.9,-82.5,0.0,0.0,219.7,0.0,22.3,34.9,34.9,38.3,300.0,300.0,30.1,36.7,35.4,35.2,37.4,4.95,2.0,4.97,0.16,0.0,0.0,1027.0,8228.0,0.0,0.0,0.0,0.0,0.0,1.0,0.0,0.0,0.0,-0.001,0.0,0.1,0.0,-12.9,-12.8,0.0144,16.0,25903.0
2026-07-30T18:58:21.383Z,70.866,70.878,-7.5,7.4,0.0,0.0,0.0,0.0,0.0,1.0,1.0,0.0,1.0,0.0,0.0,0.0,8.0,6.0,0.0,0.0,0.0,0.0,0.0,0.0,0.0,0.0,2.0,12.0,1.0,12.05,5.01,2.5,1.49,-2.1,0.2,2.2,301.0,-0.1,-10.9,2.9000000000000004,11.0,-82.5,0.0,0.0,219.8,0.0,22.3,34.9,34.9,38.3,300.0,300.0,30.1,36.7,35.4,35.2,37.4,4.95,2.0,4.96,0.16,0.0,0.0,1027.0,8228.0,0.0,0.0,0.0,0.0,0.0,1.0,0.0,0.0,0.0,-0.001,0.0,0.4,0.0,-14.7,-12.8,0.0151,16.0,25903.0
2026-07-30T18:58:21.395Z,70.878,70.89,-7.4,7.4,0.0,0.0,0.0,0.0,0.0,1.0,1.0,0.0,1.0,0.0,0.0,0.0,8.0,6.0,0.0,0.0,0.0,0.0,0.0,0.0,0.0,0.0,4.0,12.0,1.0,12.05,5.01,2.51,1.49,-2.1,0.2,2.1,301.0,-0.1,-10.9,4.6000000000000005,12.2,-82.4,0.0,0.0,219.7,0.0,22.200000000000003,34.9,34.9,38.3,300.0,300.0,30.0,36.7,35.4,35.2,37.4,4.96,2.0,4.96,0.16,0.0,0.0,1027.0,8228.0,0.0,0.0,0.0,0.0,0.0,1.0,0.0,0.0,0.0,-0.001,0.0,1.7000000000000002,0.0,-17.3,-12.8,0.0147,16.0,25903.0
2026-07-30T18:58:21.406Z,70.889,70.902,-7.5,7.4,0.0,0.0,0.0,0.0,0.0,1.0,1.0,0.0,1.0,0.0,0.0,0.0,8.0,6.0,0.0,0.0,0.0,0.0,0.0,0.0,0.0,0.0,5.0,12.0,1.0,12.05,5.01,2.51,1.49,-2.2,0.2,2.2,301.1,-0.1,-10.9,3.5,9.9,-82.4,0.0,0.0,219.8,0.0,22.200000000000003,34.9,34.9,38.3,300.0,300.0,30.0,36.7,35.4,35.2,37.4,4.96,2.0,4.96,0.16,0.0,0.0,1027.0,8228.0,0.0,0.0,0.0,0.0,0.0,1.0,0.0,0.0,0.0,-0.001,0.0,1.1,0.0,-13.8,-12.8,0.0141,16.0,25903.0
2026-07-30T18:58:21.418Z,70.901,70.914,-7.5,7.4,0.0,0.0,0.0,0.0,0.0,1.0,1.0,0.0,1.0,0.0,0.0,0.0,8.0,6.0,0.0,0.0,0.0,0.0,0.0,0.0,0.0,0.0,6.0,12.0,1.0,12.05,5.01,2.51,1.49,-2.2,0.2,2.2,301.0,-0.1,-12.0,2.3000000000000003,9.3,-82.4,0.0,0.0,219.8,0.0,22.200000000000003,34.9,34.9,38.3,300.0,300.0,30.0,36.7,35.4,35.2,37.4,4.96,2.0,4.96,0.16,0.0,0.0,1027.0,8228.0,0.0,0.0,0.0,0.0,0.0,1.0,0.0,0.0,0.0,-0.001,0.0,0.2,0.0,-12.3,-12.7,0.0148,16.0,25903.0
2026-07-30T18:58:21.431Z,70.914,70.926,-7.4,7.4,0.0,0.0,0.0,0.0,0.0,1.0,1.0,0.0,1.0,0.0,0.0,0.0,8.0,6.0,0.0,0.0,0.0,0.0,0.0,0.0,0.0,0.0,1.0,12.0,1.0,12.05,5.01,2.51,1.49,-2.2,0.2,2.2,301.0,-0.1,-11.4,4.0,9.3,-82.4,0.0,0.0,219.7,0.0,22.200000000000003,34.9,34.9,38.3,300.0,300.0,30.0,36.7,35.4,35.2,37.4,4.96,2.0,4.96,0.16,0.0,0.0,1027.0,8228.0,0.0,0.0,0.0,0.0,0.0,1.0,0.0,0.0,0.0,-0.001,0.0,1.8,0.0,-13.6,-12.7,0.0151,16.0,25903.0
2026-07-30T18:58:21.442Z,70.925,70.938,-7.4,7.4,0.0,0.0,0.0,0.0,0.0,1.0,1.0,0.0,1.0,0.0,0.0,0.0,8.0,6.0,0.0,0.0,0.0,0.0,0.0,0.0,0.0,0.0,2.0,12.0,1.0,12.05,5.01,2.51,1.49,-2.2,0.2,2.2,301.0,-0.1,-12.0,2.9000000000000004,10.4,-82.4,0.0,0.0,219.8,0.0,22.200000000000003,34.9,34.9,38.3,300.0,300.0,30.0,36.7,35.4,35.2,37.4,4.96,2.0,4.96,0.16,0.0,0.0,1027.0,8228.0,0.0,0.0,0.0,0.0,0.0,1.0,0.0,0.0,0.0,-0.001,0.0,0.5,0.0,-14.0,-12.8,0.0149,16.0,25903.0
2026-07-30T18:58:21.455Z,70.938,70.95,-7.4,7.4,0.0,0.0,0.0,0.0,0.0,1.0,1.0,0.0,1.0,0.0,0.0,0.0,8.0,6.0,0.0,0.0,0.0,0.0,0.0,0.0,0.0,0.0,3.0,12.0,1.0,12.05,5.01,2.51,1.49,-2.1,0.3,2.2,301.0,-0.1,-12.0,1.7000000000000002,11.6,-82.4,0.0,0.0,219.8,0.0,22.200000000000003,34.9,34.9,38.3,300.0,300.0,30.0,36.7,35.4,35.2,37.4,4.96,2.0,4.96,0.16,0.0,0.0,1027.0,8228.0,0.0,0.0,0.0,0.0,0.0,1.0,0.0,0.0,0.0,-0.001,0.0,-0.7000000000000001,0.0,-14.5,-12.8,0.0148,16.0,25903.0
2026-07-30T18:58:21.466Z,70.949,70.962,-7.4,7.4,0.0,0.0,0.0,0.0,0.0,1.0,1.0,0.0,1.0,0.0,0.0,0.0,8.0,6.0,0.0,0.0,0.0,0.0,0.0,0.0,0.0,0.0,4.0,12.0,1.0,12.05,5.01,2.51,1.49,-2.3000000000000003,0.3,2.3000000000000003,301.1,-0.1,-12.0,0.5,8.1,-82.4,0.0,0.0,219.7,0.0,22.200000000000003,34.9,34.9,38.3,300.0,300.0,30.0,36.7,35.4,35.2,37.4,4.96,2.0,4.97,0.16,0.0,0.0,1027.0,8228.0,0.0,0.0,0.0,0.0,0.0,1.0,0.0,0.0,0.0,-0.001,0.0,-1.0,0.0,-9.7,-12.8,0.0147,16.0,25903.0
2026-07-30T18:58:21.478Z,70.961,70.974,-7.4,7.4,0.0,0.0,0.0,0.0,0.0,1.0,1.0,0.0,1.0,0.0,0.0,0.0,8.0,6.0,0.0,0.0,0.0,0.0,0.0,0.0,0.0,0.0,5.0,12.0,1.0,12.05,5.01,2.51,1.49,-2.1,0.3,2.1,300.90000000000003,-0.1,-11.4,2.3000000000000003,12.2,-82.4,0.0,0.0,219.7,0.0,22.200000000000003,34.9,34.9,38.3,300.0,300.0,30.0,36.7,35.4,35.2,37.4,4.96,2.0,4.96,0.16,0.0,0.0,1027.0,8228.0,0.0,0.0,0.0,0.0,0.0,1.0,0.0,0.0,0.0,-0.001,0.0,-0.3,0.0,-15.6,-12.8,0.0159,16.0,25903.0
2026-07-30T18:58:21.491Z,70.974,70.986,-7.4,7.4,0.0,0.0,0.0,0.0,0.0,1.0,1.0,0.0,1.0,0.0,0.0,0.0,8.0,6.0,0.0,0.0,0.0,0.0,0.0,0.0,0.0,0.0,6.0,12.0,1.0,12.05,5.01,2.51,1.49,-2.3000000000000003,0.3,2.3000000000000003,301.0,-0.1,-12.6,1.7000000000000002,8.700000000000001,-82.4,0.0,0.0,219.8,0.0,22.200000000000003,34.9,34.9,38.3,300.0,300.0,30.0,36.7,35.4,35.2,37.4,4.96,2.0,4.96,0.16,0.0,0.0,1027.0,8228.0,0.0,0.0,0.0,0.0,0.0,1.0,0.0,0.0,0.0,-0.001,0.0,-0.1,0.0,-11.2,-12.8,0.0159,16.0,25903.0
2026-07-30T18:58:21.503Z,70.986,70.998,-7.4,7.4,0.0,0.0,0.0,0.0,0.0,1.0,1.0,0.0,1.0,0.0,0.0,0.0,8.0,6.0,0.0,0.0,0.0,0.0,0.0,0.0,0.0,0.0,1.0,12.0,1.0,12.02,5.0200000000000005,2.51,1.5,-2.3000000000000003,0.3,2.3000000000000003,301.0,-0.1,-13.2,1.1,9.3,-82.4,0.0,0.0,219.8,0.0,22.1,34.9,34.9,38.3,300.0,300.0,30.0,36.6,35.300000000000004,35.2,37.6,4.96,2.0,4.96,0.16,0.0,0.0,1027.0,8228.0,0.0,0.0,0.0,0.0,0.0,1.0,0.0,0.0,0.0,-0.001,0.0,-0.8,0.0,-11.4,-12.8,0.015,16.0,25903.0
2026-07-30T18:58:21.514Z,70.997,71.01,-7.5,7.4,0.0,0.0,0.0,0.0,0.0,1.0,1.0,0.0,1.0,0.0,0.0,0.0,8.0,6.0,0.0,0.0,0.0,0.0,0.0,0.0,0.0,0.0,2.0,12.0,1.0,12.02,5.0200000000000005,2.51,1.5,-2.2,0.2,2.3000000000000003,300.90000000000003,-0.1,-12.6,1.7000000000000002,9.3,-82.5,0.0,0.0,219.9,0.0,22.1,34.9,34.9,38.3,300.0,300.0,30.0,36.6,35.300000000000004,35.2,37.6,4.96,2.0,4.96,0.16,0.0,0.0,1027.0,8228.0,0.0,0.0,0.0,0.0,0.0,1.0,0.0,0.0,0.0,-0.001,0.0,-0.2,0.0,-11.8,-12.8,0.0156,16.0,25903.0
2026-07-30T18:58:21.526Z,71.009,71.022,-7.5,7.4,0.0,0.0,0.0,0.0,0.0,1.0,1.0,0.0,1.0,0.0,0.0,0.0,8.0,6.0,0.0,0.0,0.0,0.0,0.0,0.0,0.0,0.0,3.0,12.0,1.0,12.02,5.0200000000000005,2.51,1.5,-2.3000000000000003,0.2,2.3000000000000003,301.0,-0.1,-12.6,1.7000000000000002,8.1,-82.5,0.0,0.0,219.9,0.0,22.1,34.9,34.9,38.3,300.0,300.0,30.0,36.6,35.300000000000004,35.2,37.6,4.96,2.0,4.96,0.16,0.0,0.0,1027.0,8228.0,0.0,0.0,0.0,0.0,0.0,1.0,0.0,0.0,0.0,-0.001,0.0,0.0,0.0,-10.5,-12.7,0.0149,16.0,25903.0
2026-07-30T18:58:21.538Z,71.021,71.034,-7.5,7.4,0.0,0.0,0.0,0.0,0.0,1.0,1.0,0.0,1.0,0.0,0.0,0.0,8.0,6.0,0.0,0.0,0.0,0.0,0.0,0.0,0.0,0.0,4.0,12.0,1.0,12.02,5.0200000000000005,2.51,1.5,-2.3000000000000003,0.3,2.3000000000000003,301.1,-0.1,-12.6,1.7000000000000002,8.700000000000001,-82.4,0.0,0.0,219.8,0.0,22.1,34.9,34.9,38.3,300.0,300.0,30.0,36.6,35.300000000000004,35.2,37.6,4.96,2.0,4.96,0.16,0.0,0.0,1027.0,8228.0,0.0,0.0,0.0,0.0,0.0,1.0,0.0,0.0,0.0,-0.001,0.0,-0.1,0.0,-11.2,-12.7,0.0144,16.0,25903.0
2026-07-30T18:58:21.550Z,71.033,71.046,-7.4,7.4,0.0,0.0,0.0,0.0,0.0,1.0,1.0,0.0,1.0,0.0,0.0,0.0,8.0,6.0,0.0,0.0,0.0,0.0,0.0,0.0,0.0,0.0,5.0,12.0,1.0,12.02,5.0200000000000005,2.51,1.5,-2.3000000000000003,0.3,2.3000000000000003,301.0,-0.1,-13.2,1.7000000000000002,7.5,-82.4,0.0,0.0,219.8,0.0,22.1,34.9,34.9,38.3,300.0,300.0,30.0,36.6,35.300000000000004,35.2,37.6,4.96,2.0,4.96,0.16,0.0,0.0,1027.0,8228.0,0.0,0.0,0.0,0.0,0.0,1.0,0.0,0.0,0.0,-0.001,0.0,0.0,0.0,-9.8,-12.7,0.0146,16.0,25903.0
2026-07-30T18:58:21.562Z,71.045,71.058,-7.5,7.4,0.0,0.0,0.0,0.0,0.0,1.0,1.0,0.0,1.0,0.0,0.0,0.0,8.0,6.0,0.0,0.0,0.0,0.0,0.0,0.0,0.0,0.0,6.0,12.0,1.0,12.02,5.0200000000000005,2.51,1.5,-2.2,0.3,2.2,301.0,-0.1,-13.2,1.1,9.9,-82.5,0.0,0.0,219.8,0.0,22.1,34.9,34.9,38.3,300.0,300.0,30.0,36.6,35.300000000000004,35.2,37.6,4.96,2.0,4.96,0.16,0.0,0.0,1027.0,8228.0,0.0,0.0,0.0,0.0,0.0,1.0,0.0,0.0,0.0,-0.001,0.0,0.1,0.0,-12.9,-12.8,0.0148,16.0,25903.0
2026-07-30T18:58:21.576Z,71.059,71.07000000000001,-7.5,7.4,0.0,0.0,0.0,0.0,0.0,1.0,1.0,0.0,1.0,0.0,0.0,0.0,8.0,6.0,0.0,0.0,0.0,0.0,0.0,0.0,0.0,0.0,6.0,12.0,1.0,12.02,5.0200000000000005,2.51,1.5,-2.2,0.2,2.2,301.1,-0.1,-13.2,1.7000000000000002,8.1,-82.5,0.0,0.0,219.8,0.0,22.1,34.9,34.9,38.3,300.0,300.0,30.0,36.6,35.300000000000004,35.2,37.6,4.96,2.0,4.96,0.16,0.0,0.0,1027.0,8228.0,0.0,0.0,0.0,0.0,0.0,1.0,0.0,0.0,0.0,-0.001,0.0,0.6000000000000001,0.0,-13.4,-12.7,0.0149,16.0,25903.0
2026-07-30T18:58:21.587Z,71.07,71.08200000000001,-7.4,7.4,0.0,0.0,0.0,0.0,0.0,1.0,1.0,0.0,1.0,0.0,0.0,0.0,8.0,6.0,0.0,0.0,0.0,0.0,0.0,0.0,0.0,0.0,6.0,12.0,1.0,12.02,5.0200000000000005,2.51,1.5,-2.2,0.3,2.2,301.1,-0.1,-12.6,2.3000000000000003,8.700000000000001,-82.4,0.0,0.0,219.8,0.0,22.1,34.9,34.9,38.3,300.0,300.0,30.0,36.6,35.300000000000004,35.2,37.6,4.95,2.0,4.96,0.16,0.0,0.0,1027.0,8228.0,0.0,0.0,0.0,0.0,0.0,1.0,0.0,0.0,0.0,-0.001,0.0,0.0,0.0,-13.6,-12.7,0.0149,16.0,25903.0
2026-07-30T18:58:21.599Z,71.082,71.09400000000001,-7.4,7.4,0.0,0.0,0.0,0.0,0.0,1.0,1.0,0.0,1.0,0.0,0.0,0.0,8.0,6.0,0.0,0.0,0.0,0.0,0.0,0.0,0.0,0.0,2.0,12.0,1.0,12.04,5.01,2.51,1.49,-2.2,0.3,2.2,300.90000000000003,-0.1,-12.0,2.3000000000000003,10.4,-82.4,0.0,0.0,219.8,0.0,21.8,35.0,34.9,38.3,300.0,300.0,30.0,36.6,35.4,35.300000000000004,37.5,4.95,2.0,4.96,0.16,0.0,0.0,1027.0,8228.0,0.0,0.0,0.0,0.0,0.0,1.0,0.0,0.0,0.0,-0.001,0.0,0.0,0.0,-13.6,-12.9,0.015,16.0,25903.0
2026-07-30T18:58:21.610Z,71.093,71.106,-7.5,7.4,0.0,0.0,0.0,0.0,0.0,1.0,1.0,0.0,1.0,0.0,0.0,0.0,8.0,6.0,0.0,0.0,0.0,0.0,0.0,0.0,0.0,0.0,3.0,12.0,1.0,12.04,5.01,2.51,1.49,-2.1,0.2,2.2,301.0,-0.1,-11.4,2.9000000000000004,11.0,-82.4,0.0,0.0,219.7,0.0,21.8,35.0,34.9,38.3,300.0,300.0,30.0,36.6,35.4,35.300000000000004,37.5,4.96,2.0,4.96,0.16,0.0,0.0,1027.0,8228.0,0.0,0.0,0.0,0.0,0.0,1.0,0.0,0.0,0.0,-0.001,0.0,0.4,0.0,-14.7,-12.9,0.0151,16.0,25903.0
2026-07-30T18:58:21.623Z,71.106,71.118,-7.5,7.4,0.0,0.0,0.0,0.0,0.0,1.0,1.0,0.0,1.0,0.0,0.0,0.0,8.0,6.0,0.0,0.0,0.0,0.0,0.0,0.0,0.0,0.0,4.0,12.0,1.0,12.04,5.01,2.51,1.49,-2.3000000000000003,0.2,2.3000000000000003,301.1,-0.1,-11.4,2.3000000000000003,8.1,-82.4,0.0,0.0,219.7,0.0,21.8,35.0,34.9,38.3,300.0,300.0,30.0,36.6,35.4,35.300000000000004,37.5,4.96,2.0,4.96,0.16,0.0,0.0,1027.0,8228.0,0.0,0.0,0.0,0.0,0.0,1.0,0.0,0.0,0.0,-0.001,0.0,0.4,0.0,-10.9,-12.7,0.0147,16.0,25903.0
2026-07-30T18:58:21.636Z,71.119,71.13,-7.5,7.4,0.0,0.0,0.0,0.0,0.0,1.0,1.0,0.0,1.0,0.0,0.0,0.0,8.0,6.0,0.0,0.0,0.0,0.0,0.0,0.0,0.0,0.0,5.0,12.0,1.0,12.04,5.01,2.51,1.49,-2.1,0.2,2.2,300.90000000000003,-0.1,-10.9,3.5,10.4,-82.4,0.0,0.0,219.8,0.0,21.8,35.0,34.9,38.3,300.0,300.0,30.0,36.6,35.4,35.300000000000004,37.5,4.95,2.0,4.96,0.16,0.0,0.0,1027.0,8228.0,0.0,0.0,0.0,0.0,0.0,1.0,0.0,0.0,0.0,-0.001,0.0,1.0,0.0,-14.5,-12.7,0.0155,16.0,25903.0
2026-07-30T18:58:21.646Z,71.129,71.142,-7.4,7.4,0.0,0.0,0.0,0.0,0.0,1.0,1.0,0.0,1.0,0.0,0.0,0.0,8.0,6.0,0.0,0.0,0.0,0.0,0.0,0.0,0.0,0.0,6.0,12.0,1.0,12.04,5.01,2.51,1.49,-2.2,0.3,2.2,301.0,-0.1,-12.0,1.7000000000000002,9.9,-82.4,0.0,0.0,219.8,0.0,21.8,35.0,34.9,38.3,300.0,300.0,30.0,36.6,35.4,35.300000000000004,37.5,4.96,2.0,4.96,0.16,0.0,0.0,1027.0,8228.0,0.0,0.0,0.0,0.0,0.0,1.0,0.0,0.0,0.0,-0.001,0.0,-0.3,0.0,-12.5,-12.7,0.0146,16.0,25903.0
2026-07-30T18:58:21.658Z,71.141,71.154,-7.5,7.4,0.0,0.0,0.0,0.0,0.0,1.0,1.0,0.0,1.0,0.0,0.0,0.0,8.0,6.0,0.0,0.0,0.0,0.0,0.0,0.0,0.0,0.0,6.0,12.0,1.0,12.04,5.01,2.51,1.49,-2.3000000000000003,0.3,2.3000000000000003,301.0,-0.1,-12.6,1.1,8.700000000000001,-82.4,0.0,0.0,219.7,0.0,21.8,35.0,34.9,38.3,300.0,300.0,30.0,36.6,35.4,35.300000000000004,37.5,4.96,2.0,4.97,0.16,0.0,0.0,1027.0,8228.0,0.0,0.0,0.0,0.0,0.0,1.0,0.0,0.0,0.0,-0.001,0.0,-0.6000000000000001,0.0,-10.8,-12.8,0.0152,16.0,25903.0
2026-07-30T18:58:21.671Z,71.154,71.166,-7.5,7.4,0.0,0.0,0.0,0.0,0.0,1.0,1.0,0.0,1.0,0.0,0.0,0.0,8.0,6.0,0.0,0.0,0.0,0.0,0.0,0.0,0.0,0.0,2.0,12.0,1.0,12.04,5.01,2.51,1.49,-2.2,0.2,2.2,301.1,-0.1,-11.4,2.3000000000000003,9.9,-82.4,0.0,0.0,219.6,0.0,21.8,35.0,34.9,38.3,300.0,300.0,30.0,36.6,35.4,35.300000000000004,37.5,4.96,2.0,4.96,0.16,0.0,0.0,1027.0,8228.0,0.0,0.0,0.0,0.0,0.0,1.0,0.0,0.0,0.0,-0.001,0.0,0.1,0.0,-12.9,-12.8,0.0156,16.0,25903.0
2026-07-30T18:58:21.683Z,71.166,71.178,-7.4,7.4,0.0,0.0,0.0,0.0,0.0,1.0,1.0,0.0,1.0,0.0,0.0,0.0,8.0,6.0,0.0,0.0,0.0,0.0,0.0,0.0,0.0,0.0,3.0,12.0,1.0,12.04,5.01,2.51,1.49,-2.2,0.3,2.2,301.1,-0.1,-12.6,1.7000000000000002,10.4,-82.4,0.0,0.0,219.7,0.0,21.8,35.0,34.9,38.3,300.0,300.0,30.0,36.6,35.4,35.300000000000004,37.5,4.96,2.0,4.96,0.16,0.0,0.0,1027.0,8228.0,0.0,0.0,0.0,0.0,0.0,1.0,0.0,0.0,0.0,-0.001,0.0,-0.4,0.0,-13.2,-12.7,0.015,16.0,25903.0
2026-07-30T18:58:21.695Z,71.178,71.19,-7.4,7.4,0.0,0.0,0.0,0.0,0.0,1.0,1.0,0.0,1.0,0.0,0.0,0.0,8.0,6.0,0.0,0.0,0.0,0.0,0.0,0.0,0.0,0.0,4.0,12.0,1.0,12.04,5.01,2.51,1.49,-2.3000000000000003,0.3,2.3000000000000003,301.1,-0.1,-12.6,1.1,8.700000000000001,-82.4,0.0,0.0,219.8,0.0,21.8,35.0,34.9,38.3,300.0,300.0,30.0,36.6,35.4,35.300000000000004,37.5,4.95,2.0,4.96,0.16,0.0,0.0,1027.0,8228.0,0.0,0.0,0.0,0.0,0.0,1.0,0.0,0.0,0.0,-0.001,0.0,-0.6000000000000001,0.0,-10.7,-12.8,0.0151,16.0,25903.0
2026-07-30T18:58:21.707Z,71.19,71.202,-7.5,7.4,0.0,0.0,0.0,0.0,0.0,1.0,1.0,0.0,1.0,0.0,0.0,0.0,8.0,6.0,0.0,0.0,0.0,0.0,0.0,0.0,0.0,0.0,5.0,12.0,1.0,12.01,5.01,2.51,1.49,-2.2,0.3,2.3000000000000003,300.90000000000003,-0.1,-13.8,0.5,9.9,-82.4,0.0,0.0,219.7,0.0,22.1,35.0,34.9,38.400000000000006,300.0,300.0,29.9,36.7,35.4,35.300000000000004,37.4,4.96,2.0,4.97,0.16,0.0,0.0,1027.0,8228.0,0.0,0.0,0.0,0.0,0.0,1.0,0.0,0.0,0.0,-0.001,0.0,-1.4,0.0,-11.7,-12.9,0.0157,16.0,25903.0
2026-07-30T18:58:21.718Z,71.201,71.214,-7.4,7.4,0.0,0.0,0.0,0.0,0.0,1.0,1.0,0.0,1.0,0.0,0.0,0.0,8.0,6.0,0.0,0.0,0.0,0.0,0.0,0.0,0.0,0.0,6.0,12.0,1.0,12.01,5.01,2.51,1.49,-2.3000000000000003,0.3,2.3000000000000003,301.0,-0.1,-12.6,1.1,8.1,-82.4,0.0,0.0,219.7,0.0,22.1,35.0,34.9,38.400000000000006,300.0,300.0,29.9,36.7,35.4,35.300000000000004,37.4,4.96,2.0,4.96,0.16,0.0,0.0,1027.0,8228.0,0.0,0.0,0.0,0.0,0.0,1.0,0.0,0.0,0.0,-0.001,0.0,-0.5,0.0,-10.1,-12.7,0.0154,16.0,25903.0
2026-07-30T18:58:21.730Z,71.213,71.226,-7.5,7.4,0.0,0.0,0.0,0.0,0.0,1.0,1.0,0.0,1.0,0.0,0.0,0.0,8.0,6.0,0.0,0.0,0.0,0.0,0.0,0.0,0.0,0.0,1.0,12.0,1.0,12.01,5.01,2.51,1.49,-2.3000000000000003,0.2,2.3000000000000003,301.1,-0.1,-13.2,2.3000000000000003,7.5,-82.30000000000001,0.0,0.0,219.7,0.0,22.1,35.0,34.9,38.400000000000006,300.0,300.0,29.9,36.7,35.4,35.300000000000004,37.4,4.96,2.0,4.96,0.16,0.0,0.0,1027.0,8228.0,0.0,0.0,0.0,0.0,0.0,1.0,0.0,0.0,0.0,-0.001,0.0,0.6000000000000001,0.0,-10.3,-12.8,0.0158,16.0,25903.0
2026-07-30T18:58:21.743Z,71.226,71.238,-7.5,7.4,0.0,0.0,0.0,0.0,0.0,1.0,1.0,0.0,1.0,0.0,0.0,0.0,8.0,6.0,0.0,0.0,0.0,0.0,0.0,0.0,0.0,0.0,3.0,12.0,1.0,12.01,5.01,2.51,1.49,-2.3000000000000003,0.3,2.3000000000000003,301.0,-0.1,-13.2,0.0,8.1,-82.30000000000001,0.0,0.0,219.8,0.0,22.1,35.0,34.9,38.400000000000006,300.0,300.0,29.9,36.7,35.4,35.300000000000004,37.4,4.95,2.0,4.97,0.16,0.0,0.0,1027.0,8228.0,0.0,0.0,0.0,0.0,0.0,1.0,0.0,0.0,0.0,-0.001,0.0,-1.6,0.0,-9.2,-12.7,0.0156,16.0,25903.0
2026-07-30T18:58:21.754Z,71.237,71.25,-7.5,7.4,0.0,0.0,0.0,0.0,0.0,1.0,1.0,0.0,1.0,0.0,0.0,0.0,8.0,6.0,0.0,0.0,0.0,0.0,0.0,0.0,0.0,0.0,4.0,12.0,1.0,12.01,5.01,2.51,1.49,-2.3000000000000003,0.3,2.3000000000000003,301.1,-0.1,-12.6,0.5,8.700000000000001,-82.4,0.0,0.0,219.9,0.0,22.1,35.0,34.9,38.400000000000006,300.0,300.0,29.9,36.7,35.4,35.300000000000004,37.4,4.95,2.0,4.96,0.16,0.0,0.0,1027.0,8228.0,0.0,0.0,0.0,0.0,0.0,1.0,0.0,0.0,0.0,-0.001,0.0,-1.2000000000000002,0.0,-10.3,-12.7,0.0158,16.0,25903.0
2026-07-30T18:58:21.767Z,71.25,71.262,-7.5,7.4,0.0,0.0,0.0,0.0,0.0,1.0,1.0,0.0,1.0,0.0,0.0,0.0,8.0,6.0,0.0,0.0,0.0,0.0,0.0,0.0,0.0,0.0,5.0,12.0,1.0,12.01,5.01,2.51,1.49,-2.2,0.3,2.2,301.1,-0.1,-12.0,1.7000000000000002,9.9,-82.4,0.0,0.0,219.9,0.0,22.1,35.0,34.9,38.400000000000006,300.0,300.0,29.9,36.7,35.4,35.300000000000004,37.4,4.95,2.0,4.96,0.16,0.0,0.0,1027.0,8228.0,0.0,0.0,0.0,0.0,0.0,1.0,0.0,0.0,0.0,-0.001,0.0,-0.4,0.0,-12.5,-12.7,0.0155,16.0,25903.0
2026-07-30T18:58:21.778Z,71.261,71.274,-7.4,7.4,0.0,0.0,0.0,0.0,0.0,1.0,1.0,0.0,1.0,0.0,0.0,0.0,8.0,6.0,0.0,0.0,0.0,0.0,0.0,0.0,0.0,0.0,6.0,12.0,1.0,12.01,5.01,2.51,1.49,-2.2,0.3,2.2,301.0,-0.1,-12.0,1.7000000000000002,10.4,-82.4,0.0,0.0,219.8,0.0,22.1,35.0,34.9,38.400000000000006,300.0,300.0,29.9,36.7,35.4,35.300000000000004,37.4,4.96,2.0,4.96,0.16,0.0,0.0,1027.0,8228.0,0.0,0.0,0.0,0.0,0.0,1.0,0.0,0.0,0.0,-0.001,0.0,-0.5,0.0,-13.2,-12.7,0.015,16.0,25903.0
2026-07-30T18:58:21.790Z,71.273,71.286,-7.4,7.4,0.0,0.0,0.0,0.0,0.0,1.0,1.0,0.0,1.0,0.0,0.0,0.0,8.0,6.0,0.0,0.0,0.0,0.0,0.0,0.0,0.0,0.0,2.0,12.0,1.0,12.01,5.01,2.51,1.49,-2.1,0.2,2.2,301.1,-0.1,-11.4,2.9000000000000004,10.4,-82.4,0.0,0.0,219.8,0.0,22.1,35.0,34.9,38.400000000000006,300.0,300.0,29.9,36.7,35.4,35.300000000000004,37.4,4.96,2.0,4.97,0.16,0.0,0.0,1027.0,8228.0,0.0,0.0,0.0,0.0,0.0,1.0,0.0,0.0,0.0,-0.001,0.0,0.5,0.0,-14.0,-12.8,0.0149,16.0,25903.0
2026-07-30T18:58:21.803Z,71.286,71.298,-7.5,7.4,0.0,0.0,0.0,0.0,0.0,1.0,1.0,0.0,1.0,0.0,0.0,0.0,8.0,6.0,0.0,0.0,0.0,0.0,0.0,0.0,0.0,0.0,3.0,12.0,1.0,12.06,5.01,2.5,1.49,-2.3000000000000003,0.3,2.3000000000000003,301.0,-0.1,-12.0,1.1,8.1,-82.4,0.0,0.0,219.8,0.0,22.1,35.0,35.0,38.400000000000006,300.0,300.0,29.9,36.7,35.4,35.300000000000004,37.4,4.96,2.0,4.96,0.16,0.0,0.0,1027.0,8228.0,0.0,0.0,0.0,0.0,0.0,1.0,0.0,0.0,0.0,-0.001,0.0,-0.5,0.0,-10.1,-12.8,0.0147,16.0,25903.0
2026-07-30T18:58:21.814Z,71.297,71.31,-7.5,7.4,0.0,0.0,0.0,0.0,0.0,1.0,1.0,0.0,1.0,0.0,0.0,0.0,8.0,6.0,0.0,0.0,0.0,0.0,0.0,0.0,0.0,0.0,4.0,12.0,1.0,12.06,5.01,2.5,1.49,-2.2,0.2,2.2,301.1,-0.1,-12.0,2.3000000000000003,9.3,-82.4,0.0,0.0,219.8,0.0,22.1,35.0,35.0,38.400000000000006,300.0,300.0,29.9,36.7,35.4,35.300000000000004,37.4,4.96,2.0,4.96,0.16,0.0,0.0,1027.0,8228.0,0.0,0.0,0.0,0.0,0.0,1.0,0.0,0.0,0.0,-0.001,0.0,0.2,0.0,-12.3,-12.7,0.0156,16.0,25903.0
2026-07-30T18:58:21.827Z,71.31,71.322,-7.4,7.4,0.0,0.0,0.0,0.0,0.0,1.0,1.0,0.0,1.0,0.0,0.0,0.0,8.0,6.0,0.0,0.0,0.0,0.0,0.0,0.0,0.0,0.0,5.0,12.0,1.0,12.06,5.01,2.5,1.49,-2.1,0.2,2.2,301.0,-0.1,-11.4,3.5,10.4,-82.4,0.0,0.0,219.9,0.0,22.1,35.0,35.0,38.400000000000006,300.0,300.0,29.9,36.7,35.4,35.300000000000004,37.4,4.95,2.0,4.96,0.16,0.0,0.0,1027.0,8228.0,0.0,0.0,0.0,0.0,0.0,1.0,0.0,0.0,0.0,-0.001,0.0,1.0,0.0,-14.5,-12.7,0.015,16.0,25903.0
2026-07-30T18:58:21.838Z,71.321,71.334,-7.4,7.4,0.0,0.0,0.0,0.0,0.0,1.0,1.0,0.0,1.0,0.0,0.0,0.0,8.0,6.0,0.0,0.0,0.0,0.0,0.0,0.0,0.0,0.0,1.0,12.0,1.0,12.06,5.01,2.5,1.49,-2.2,0.2,2.2,301.0,-0.1,-11.4,2.9000000000000004,10.4,-82.4,0.0,0.0,219.8,0.0,22.1,35.0,35.0,38.400000000000006,300.0,300.0,29.9,36.7,35.4,35.300000000000004,37.4,4.96,2.0,4.96,0.16,0.0,0.0,1027.0,8228.0,0.0,0.0,0.0,0.0,0.0,1.0,0.0,0.0,0.0,-0.001,0.0,0.5,0.0,-14.0,-12.8,0.0147,16.0,25903.0
2026-07-30T18:58:21.850Z,71.333,71.346,-7.5,7.4,0.0,0.0,0.0,0.0,0.0,1.0,1.0,0.0,1.0,0.0,0.0,0.0,8.0,6.0,0.0,0.0,0.0,0.0,0.0,0.0,0.0,0.0,1.0,12.0,1.0,12.06,5.01,2.5,1.49,-2.2,0.3,2.2,301.1,-0.1,-11.4,1.7000000000000002,9.9,-82.4,0.0,0.0,219.8,0.0,22.1,35.0,35.0,38.400000000000006,300.0,300.0,29.9,36.7,35.4,35.300000000000004,37.4,4.95,2.0,4.96,0.16,0.0,0.0,1027.0,8228.0,0.0,0.0,0.0,0.0,0.0,1.0,0.0,0.0,0.0,-0.001,0.0,-0.3,0.0,-12.5,-12.8,0.0148,16.0,25903.0
2026-07-30T18:58:21.863Z,71.346,71.358,-7.5,7.4,0.0,0.0,0.0,0.0,0.0,1.0,1.0,0.0,1.0,0.0,0.0,0.0,8.0,6.0,0.0,0.0,0.0,0.0,0.0,0.0,0.0,0.0,3.0,12.0,1.0,12.06,5.01,2.5,1.49,-2.1,0.2,2.1,301.1,-0.1,-10.3,2.9000000000000004,11.0,-82.30000000000001,0.0,0.0,219.7,0.0,22.1,35.0,35.0,38.400000000000006,300.0,300.0,29.9,36.7,35.4,35.300000000000004,37.4,4.95,2.0,4.97,0.16,0.0,0.0,1027.0,8228.0,0.0,0.0,0.0,0.0,0.0,1.0,0.0,0.0,0.0,-0.001,0.0,0.4,0.0,-14.7,-12.7,0.0151,16.0,25903.0
2026-07-30T18:58:21.874Z,71.357,71.37,-7.4,7.4,0.0,0.0,0.0,0.0,0.0,1.0,1.0,0.0,1.0,0.0,0.0,0.0,8.0,6.0,0.0,0.0,0.0,0.0,0.0,0.0,0.0,0.0,5.0,12.0,1.0,12.06,5.01,2.5,1.49,-2.1,0.2,2.2,300.90000000000003,-0.1,-10.9,3.5,10.4,-82.30000000000001,0.0,0.0,219.7,0.0,22.1,35.0,35.0,38.400000000000006,300.0,300.0,29.9,36.7,35.4,35.300000000000004,37.4,4.95,2.0,4.97,0.16,0.0,0.0,1027.0,8228.0,0.0,0.0,0.0,0.0,0.0,1.0,0.0,0.0,0.0,-0.001,0.0,1.0,0.0,-14.5,-12.7,0.0146,16.0,25903.0
2026-07-30T18:58:21.887Z,71.37,71.382,-7.4,7.4,0.0,0.0,0.0,0.0,0.0,1.0,1.0,0.0,1.0,0.0,0.0,0.0,8.0,6.0,0.0,0.0,0.0,0.0,0.0,0.0,0.0,0.0,5.0,12.0,1.0,12.06,5.01,2.5,1.49,-2.1,0.2,2.1,300.90000000000003,-0.1,-10.9,2.9000000000000004,11.6,-82.30000000000001,0.0,0.0,219.8,0.0,22.1,35.0,35.0,38.400000000000006,300.0,300.0,29.9,36.7,35.4,35.300000000000004,37.4,4.96,2.0,4.96,0.16,0.0,0.0,1027.0,8228.0,0.0,0.0,0.0,0.0,0.0,1.0,0.0,0.0,0.0,-0.001,0.0,0.2,0.0,-15.4,-12.8,0.0147,16.0,25903.0
2026-07-30T18:58:21.898Z,71.381,71.394,-7.5,7.4,0.0,0.0,0.0,0.0,0.0,1.0,1.0,0.0,1.0,0.0,0.0,0.0,8.0,6.0,0.0,0.0,0.0,0.0,0.0,0.0,0.0,0.0,6.0,12.0,1.0,12.06,5.01,2.5,1.49,-2.2,0.2,2.2,301.1,-0.1,-10.9,2.3000000000000003,9.3,-82.4,0.0,0.0,219.8,0.0,22.1,35.0,35.0,38.400000000000006,300.0,300.0,29.9,36.7,35.4,35.300000000000004,37.4,4.95,2.0,4.96,0.16,0.0,0.0,1027.0,8228.0,0.0,0.0,0.0,0.0,0.0,1.0,0.0,0.0,0.0,-0.001,0.0,0.2,0.0,-12.3,-12.8,0.0145,16.0,25903.0
2026-07-30T18:58:21.910Z,71.393,71.406,-7.5,7.4,0.0,0.0,0.0,0.0,0.0,1.0,1.0,0.0,1.0,0.0,0.0,0.0,8.0,6.0,0.0,0.0,0.0,0.0,0.0,0.0,0.0,0.0,1.0,12.0,1.0,12.05,5.01,2.5,1.49,-2.2,0.2,2.2,301.0,-0.1,-12.0,2.3000000000000003,9.9,-82.4,0.0,0.0,219.9,0.0,22.1,35.0,35.0,38.400000000000006,300.0,300.0,29.9,36.6,35.4,35.300000000000004,37.4,4.95,2.0,4.96,0.16,0.0,0.0,1027.0,8228.0,0.0,0.0,0.0,0.0,0.0,1.0,0.0,0.0,0.0,-0.001,0.0,0.1,0.0,-12.9,-12.7,0.0151,16.0,25903.0
2026-07-30T18:58:21.922Z,71.405,71.418,-7.5,7.4,0.0,0.0,0.0,0.0,0.0,1.0,1.0,0.0,1.0,0.0,0.0,0.0,8.0,6.0,0.0,0.0,0.0,0.0,0.0,0.0,0.0,0.0,2.0,12.0,1.0,12.05,5.01,2.5,1.49,-2.2,0.2,2.2,301.0,-0.1,-12.0,2.9000000000000004,8.700000000000001,-82.4,0.0,0.0,219.9,0.0,22.1,35.0,35.0,38.400000000000006,300.0,300.0,29.9,36.6,35.4,35.300000000000004,37.4,4.95,2.0,4.96,0.16,0.0,0.0,1027.0,8228.0,0.0,0.0,0.0,0.0,0.0,1.0,0.0,0.0,0.0,-0.001,0.0,0.8,0.0,-12.0,-12.7,0.0149,16.0,25903.0
2026-07-30T18:58:21.934Z,71.417,71.43,-7.5,7.4,0.0,0.0,0.0,0.0,0.0,1.0,1.0,0.0,1.0,0.0,0.0,0.0,8.0,6.0,0.0,0.0,0.0,0.0,0.0,0.0,0.0,0.0,4.0,12.0,1.0,12.05,5.01,2.5,1.49,-2.2,0.2,2.2,301.0,-0.1,-12.0,2.3000000000000003,9.9,-82.4,0.0,0.0,219.9,0.0,22.1,35.0,35.0,38.400000000000006,300.0,300.0,29.9,36.6,35.4,35.300000000000004,37.4,4.96,2.0,4.96,0.16,0.0,0.0,1027.0,8228.0,0.0,0.0,0.0,0.0,0.0,1.0,0.0,0.0,0.0,-0.001,0.0,0.1,0.0,-12.9,-12.7,0.0151,16.0,25903.0
2026-07-30T18:58:21.947Z,71.43,71.44200000000001,-7.4,7.4,0.0,0.0,0.0,0.0,0.0,1.0,1.0,0.0,1.0,0.0,0.0,0.0,8.0,6.0,0.0,0.0,0.0,0.0,0.0,0.0,0.0,0.0,4.0,12.0,1.0,12.05,5.01,2.5,1.49,-2.2,0.3,2.2,301.0,-0.1,-11.4,1.7000000000000002,9.9,-82.4,0.0,0.0,219.8,0.0,22.1,35.0,35.0,38.400000000000006,300.0,300.0,29.9,36.6,35.4,35.300000000000004,37.4,4.96,2.0,4.97,0.16,0.0,0.0,1027.0,8228.0,0.0,0.0,0.0,0.0,0.0,1.0,0.0,0.0,0.0,-0.001,0.0,-0.4,0.0,-12.5,-12.7,0.0149,16.0,25903.0
2026-07-30T18:58:21.958Z,71.441,71.45400000000001,-7.4,7.4,0.0,0.0,0.0,0.0,0.0,1.0,1.0,0.0,1.0,0.0,0.0,0.0,8.0,6.0,0.0,0.0,0.0,0.0,0.0,0.0,0.0,0.0,6.0,12.0,1.0,12.05,5.01,2.5,1.49,-2.3000000000000003,0.3,2.3000000000000003,301.0,-0.1,-12.0,1.1,8.700000000000001,-82.30000000000001,0.0,0.0,219.7,0.0,22.1,35.0,35.0,38.400000000000006,300.0,300.0,29.9,36.6,35.4,35.300000000000004,37.4,4.96,2.0,4.96,0.16,0.0,0.0,1027.0,8228.0,0.0,0.0,0.0,0.0,0.0,1.0,0.0,0.0,0.0,-0.001,0.0,-0.6000000000000001,0.0,-10.8,-12.8,0.0151,16.0,25903.0
2026-07-30T18:58:21.970Z,71.453,71.46600000000001,-7.5,7.4,0.0,0.0,0.0,0.0,0.0,1.0,1.0,0.0,1.0,0.0,0.0,0.0,8.0,6.0,0.0,0.0,0.0,0.0,0.0,0.0,0.0,0.0,1.0,12.0,1.0,12.05,5.01,2.5,1.49,-2.1,0.3,2.2,301.1,-0.1,-12.0,2.3000000000000003,11.6,-82.30000000000001,0.0,0.0,219.6,0.0,22.1,35.0,35.0,38.400000000000006,300.0,300.0,29.9,36.6,35.4,35.300000000000004,37.4,4.96,2.0,4.96,0.16,0.0,0.0,1027.0,8228.0,0.0,0.0,0.0,0.0,0.0,1.0,0.0,0.0,0.0,-0.001,0.0,-0.1,0.0,-14.9,-12.8,0.0156,16.0,25903.0
2026-07-30T18:58:21.982Z,71.465,71.478,-7.5,7.4,0.0,0.0,0.0,0.0,0.0,1.0,1.0,0.0,1.0,0.0,0.0,0.0,8.0,6.0,0.0,0.0,0.0,0.0,0.0,0.0,0.0,0.0,3.0,12.0,1.0,12.05,5.01,2.5,1.49,-2.1,0.2,2.2,301.0,-0.1,-11.4,2.9000000000000004,10.4,-82.30000000000001,0.0,0.0,219.8,0.0,22.1,35.0,35.0,38.400000000000006,300.0,300.0,29.9,36.6,35.4,35.300000000000004,37.4,4.95,2.0,4.96,0.16,0.0,0.0,1027.0,8228.0,0.0,0.0,0.0,0.0,0.0,1.0,0.0,0.0,0.0,-0.001,0.0,0.5,0.0,-14.0,-12.8,0.0146,16.0,25903.0
2026-07-30T18:58:21.994Z,71.477,71.49,-7.4,7.4,0.0,0.0,0.0,0.0,0.0,1.0,1.0,0.0,1.0,0.0,0.0,0.0,8.0,6.0,0.0,0.0,0.0,0.0,0.0,0.0,0.0,0.0,4.0,12.0,1.0,12.05,5.01,2.5,1.49,-2.2,0.2,2.3000000000000003,301.0,-0.1,-12.6,2.3000000000000003,8.700000000000001,-82.30000000000001,0.0,0.0,219.8,0.0,22.1,35.0,35.0,38.400000000000006,300.0,300.0,29.9,36.6,35.4,35.300000000000004,37.4,4.95,2.0,4.96,0.16,0.0,0.0,1027.0,8228.0,0.0,0.0,0.0,0.0,0.0,1.0,0.0,0.0,0.0,-0.001,0.0,0.3,0.0,-11.6,-12.8,0.0147,16.0,25903.0
2026-07-30T18:58:22.007Z,71.49,71.502,-7.4,7.4,0.0,0.0,0.0,0.0,0.0,1.0,1.0,0.0,1.0,0.0,0.0,0.0,8.0,6.0,0.0,0.0,0.0,0.0,0.0,0.0,0.0,0.0,6.0,12.0,1.0,12.05,5.0200000000000005,2.5,1.49,-2.2,0.2,2.2,301.1,-0.1,-12.6,2.3000000000000003,9.3,-82.30000000000001,0.0,0.0,219.8,0.0,22.3,35.0,35.0,38.400000000000006,300.0,300.0,29.9,36.5,35.4,35.300000000000004,37.4,4.95,2.0,4.97,0.16,0.0,0.0,1027.0,8228.0,0.0,0.0,0.0,0.0,0.0,1.0,0.0,0.0,0.0,-0.001,0.0,0.2,0.0,-12.3,-12.8,0.0152,16.0,25903.0
2026-07-30T18:58:22.019Z,71.502,71.514,-7.4,7.4,0.0,0.0,0.0,0.0,0.0,1.0,1.0,0.0,1.0,0.0,0.0,0.0,8.0,6.0,0.0,0.0,0.0,0.0,0.0,0.0,0.0,0.0,1.0,12.0,1.0,12.05,5.0200000000000005,2.5,1.49,-2.4000000000000004,0.3,2.4000000000000004,301.1,-0.1,-13.8,0.5,6.300000000000001,-82.30000000000001,0.0,0.0,219.8,0.0,22.3,35.0,35.0,38.400000000000006,300.0,300.0,29.9,36.5,35.4,35.300000000000004,37.4,4.95,2.0,4.97,0.16,0.0,0.0,1027.0,8228.0,0.0,0.0,0.0,0.0,0.0,1.0,0.0,0.0,0.0,-0.001,0.0,-0.7000000000000001,0.0,-7.6,-12.8,0.0149,16.0,25903.0
2026-07-30T18:58:22.031Z,71.514,71.526,-7.4,7.4,0.0,0.0,0.0,0.0,0.0,1.0,1.0,0.0,1.0,0.0,0.0,0.0,8.0,6.0,0.0,0.0,0.0,0.0,0.0,0.0,0.0,0.0,2.0,12.0,1.0,12.05,5.0200000000000005,2.5,1.49,-2.3000000000000003,0.3,2.3000000000000003,301.1,-0.1,-12.6,1.1,9.3,-82.30000000000001,0.0,0.0,219.7,0.0,22.3,35.0,35.0,38.400000000000006,300.0,300.0,29.9,36.5,35.4,35.300000000000004,37.4,4.95,2.0,4.96,0.16,0.0,0.0,1027.0,8228.0,0.0,0.0,0.0,0.0,0.0,1.0,0.0,0.0,0.0,-0.001,0.0,-0.7000000000000001,0.0,-11.4,-12.8,0.0146,16.0,25903.0
2026-07-30T18:58:22.042Z,71.525,71.538,-7.5,7.4,0.0,0.0,0.0,0.0,0.0,1.0,1.0,0.0,1.0,0.0,0.0,0.0,8.0,6.0,0.0,0.0,0.0,0.0,0.0,0.0,0.0,0.0,4.0,12.0,1.0,12.05,5.0200000000000005,2.5,1.49,-2.3000000000000003,0.3,2.3000000000000003,300.90000000000003,-0.1,-12.6,1.1,8.1,-82.30000000000001,0.0,0.0,219.6,0.0,22.3,35.0,35.0,38.400000000000006,300.0,300.0,29.9,36.5,35.4,35.300000000000004,37.4,4.96,2.0,4.96,0.16,0.0,0.0,1027.0,8228.0,0.0,0.0,0.0,0.0,0.0,1.0,0.0,0.0,0.0,-0.001,0.0,-0.5,0.0,-10.1,-12.8,0.0152,16.0,25903.0
2026-07-30T18:58:22.054Z,71.537,71.55,-7.5,7.4,0.0,0.0,0.0,0.0,0.0,1.0,1.0,0.0,1.0,0.0,0.0,0.0,8.0,6.0,0.0,0.0,0.0,0.0,0.0,0.0,0.0,0.0,5.0,12.0,1.0,12.05,5.0200000000000005,2.5,1.49,-2.2,0.2,2.2,301.0,-0.1,-11.4,2.3000000000000003,9.3,-82.30000000000001,0.0,0.0,219.7,0.0,22.3,35.0,35.0,38.400000000000006,300.0,300.0,29.9,36.5,35.4,35.300000000000004,37.4,4.96,2.0,4.97,0.15,0.0,0.0,1027.0,8228.0,0.0,0.0,0.0,0.0,0.0,1.0,0.0,0.0,0.0,-0.001,0.0,0.2,0.0,-12.3,-12.7,0.0145,16.0,25903.0
2026-07-30T18:58:22.066Z,71.549,71.562,-7.5,7.4,0.0,0.0,0.0,0.0,0.0,1.0,1.0,0.0,1.0,0.0,0.0,0.0,8.0,6.0,0.0,0.0,0.0,0.0,0.0,0.0,0.0,0.0,6.0,12.0,1.0,12.05,5.0200000000000005,2.5,1.49,-2.3000000000000003,0.3,2.3000000000000003,301.0,-0.1,-13.2,1.1,8.700000000000001,-82.30000000000001,0.0,0.0,219.7,0.0,22.3,35.0,35.0,38.400000000000006,300.0,300.0,29.9,36.5,35.4,35.300000000000004,37.4,4.95,1.99,4.97,0.16,0.0,0.0,1027.0,8228.0,0.0,0.0,0.0,0.0,0.0,1.0,0.0,0.0,0.0,-0.001,0.0,-0.6000000000000001,0.0,-12.9,-12.7,0.0149,16.0,25903.0
2026-07-30T18:58:22.078Z,71.561,71.574,-7.4,7.4,0.0,0.0,0.0,0.0,0.0,1.0,1.0,0.0,1.0,0.0,0.0,0.0,8.0,6.0,0.0,0.0,0.0,0.0,0.0,0.0,0.0,0.0,1.0,12.0,1.0,12.05,5.0200000000000005,2.5,1.49,-2.2,0.3,2.2,300.90000000000003,-0.1,-11.4,1.7000000000000002,10.4,-82.30000000000001,0.0,0.0,219.7,0.0,22.3,35.0,35.0,38.400000000000006,300.0,300.0,29.9,36.5,35.4,35.300000000000004,37.4,4.96,1.99,4.96,0.16,0.0,0.0,1027.0,8228.0,0.0,0.0,0.0,0.0,0.0,1.0,0.0,0.0,0.0,-0.001,0.0,0.1,0.0,-12.9,-12.7,0.015,16.0,25903.0
2026-07-30T18:58:22.090Z,71.573,71.586,-7.5,7.4,0.0,0.0,0.0,0.0,0.0,1.0,1.0,0.0,1.0,0.0,0.0,0.0,8.0,6.0,0.0,0.0,0.0,0.0,0.0,0.0,0.0,0.0,3.0,12.0,1.0,12.05,5.0200000000000005,2.5,1.49,-2.1,0.2,2.1,301.1,-0.1,-12.0,2.3000000000000003,10.4,-82.30000000000001,0.0,0.0,219.7,0.0,22.3,35.0,35.0,38.400000000000006,300.0,300.0,29.9,36.5,35.4,35.300000000000004,37.4,4.95,2.0,4.96,0.16,0.0,0.0,1027.0,8228.0,0.0,0.0,0.0,0.0,0.0,1.0,0.0,0.0,0.0,-0.001,0.0,0.4,0.0,-14.7,-12.8,0.0151,16.0,25903.0
2026-07-30T18:58:22.103Z,71.586,71.598,-7.4,7.4,0.0,0.0,0.0,0.0,0.0,1.0,1.0,0.0,1.0,0.0,0.0,0.0,8.0,6.0,0.0,0.0,0.0,0.0,0.0,0.0,0.0,0.0,4.0,12.0,1.0,12.05,5.0200000000000005,2.5,1.49,-2.1,0.3,2.1,300.90000000000003,-0.1,-10.9,2.9000000000000004,9.3,-82.30000000000001,0.0,0.0,219.7,0.0,22.3,35.0,35.0,38.400000000000006,300.0,300.0,29.9,36.5,35.4,35.300000000000004,37.4,4.95,2.0,4.97,0.16,0.0,0.0,1027.0,8228.0,0.0,0.0,0.0,0.0,0.0,1.0,0.0,0.0,0.0,-0.001,0.0,-0.2,0.0,-14.9,-12.8,0.0146,16.0,25903.0
2026-07-30T18:58:22.114Z,71.597,71.61,-7.4,7.4,0.0,0.0,0.0,0.0,0.0,1.0,1.0,0.0,1.0,0.0,0.0,0.0,8.0,6.0,0.0,0.0,0.0,0.0,0.0,0.0,0.0,0.0,6.0,12.0,1.0,12.05,5.01,2.51,1.49,-2.2,0.2,2.2,301.1,-0.1,-11.4,2.3000000000000003,9.3,-82.30000000000001,0.0,0.0,219.8,0.0,22.1,35.0,35.0,38.400000000000006,300.0,300.0,30.0,36.6,35.4,35.300000000000004,37.5,4.95,2.0,4.97,0.16,0.0,0.0,1027.0,8228.0,0.0,0.0,0.0,0.0,0.0,1.0,0.0,0.0,0.0,-0.001,0.0,0.2,0.0,-12.3,-12.8,0.0146,16.0,25903.0
2026-07-30T18:58:22.127Z,71.61,71.622,-7.4,7.4,0.0,0.0,0.0,0.0,0.0,1.0,1.0,0.0,1.0,0.0,0.0,0.0,8.0,6.0,0.0,0.0,0.0,0.0,0.0,0.0,0.0,0.0,1.0,12.0,1.0,12.05,5.01,2.51,1.49,-2.2,0.2,2.2,301.1,-0.1,-12.0,2.9000000000000004,8.700000000000001,-82.30000000000001,0.0,0.0,219.7,0.0,22.1,35.0,35.0,38.400000000000006,300.0,300.0,30.0,36.6,35.4,35.300000000000004,37.5,4.96,2.0,4.96,0.16,0.0,0.0,1027.0,8228.0,0.0,0.0,0.0,0.0,0.0,1.0,0.0,0.0,0.0,-0.001,0.0,0.8,0.0,-12.0,-12.8,0.0152,16.0,25903.0
2026-07-30T18:58:22.138Z,71.621,71.634,-7.5,7.4,0.0,0.0,0.0,0.0,0.0,1.0,1.0,0.0,1.0,0.0,0.0,0.0,8.0,6.0,0.0,0.0,0.0,0.0,0.0,0.0,0.0,0.0,3.0,12.0,1.0,12.05,5.01,2.51,1.49,-2.2,0.3,2.2,301.0,-0.1,-12.0,1.7000000000000002,9.9,-82.30000000000001,0.0,0.0,219.6,0.0,22.1,35.0,35.0,38.400000000000006,300.0,300.0,30.0,36.6,35.4,35.300000000000004,37.5,4.96,2.0,4.96,0.16,0.0,0.0,1027.0,8228.0,0.0,0.0,0.0,0.0,0.0,1.0,0.0,0.0,0.0,-0.001,0.0,-0.3,0.0,-12.5,-12.8,0.0153,16.0,25903.0
2026-07-30T18:58:22.151Z,71.634,71.646,-7.5,7.4,0.0,0.0,0.0,0.0,0.0,1.0,1.0,0.0,1.0,0.0,0.0,0.0,8.0,6.0,0.0,0.0,0.0,0.0,0.0,0.0,0.0,0.0,5.0,12.0,1.0,12.05,5.01,2.51,1.49,-2.2,0.2,2.2,301.1,-0.1,-12.0,3.5,9.3,-82.30000000000001,0.0,0.0,219.7,0.0,22.1,35.0,35.0,38.400000000000006,300.0,300.0,30.0,36.6,35.4,35.300000000000004,37.5,4.96,2.0,4.96,0.16,0.0,0.0,1027.0,8228.0,0.0,0.0,0.0,0.0,0.0,1.0,0.0,0.0,0.0,-0.001,0.0,1.2000000000000002,0.0,-13.1,-12.7,0.0151,16.0,25903.0
2026-07-30T18:58:22.162Z,71.645,71.658,-7.5,7.4,0.0,0.0,0.0,0.0,0.0,1.0,1.0,0.0,1.0,0.0,0.0,0.0,8.0,6.0,0.0,0.0,0.0,0.0,0.0,0.0,0.0,0.0,6.0,12.0,1.0,12.05,5.01,2.51,1.49,-2.2,0.2,2.2,301.0,-0.1,-12.0,2.9000000000000004,8.700000000000001,-82.30000000000001,0.0,0.0,219.7,0.0,22.1,35.0,35.0,38.400000000000006,300.0,300.0,30.0,36.6,35.4,35.300000000000004,37.5,4.95,2.0,4.96,0.16,0.0,0.0,1027.0,8228.0,0.0,0.0,0.0,0.0,0.0,1.0,0.0,0.0,0.0,-0.001,0.0,0.8,0.0,-12.0,-12.7,0.0148,16.0,25903.0
2026-07-30T18:58:22.175Z,71.658,71.67,-7.4,7.4,0.0,0.0,0.0,0.0,0.0,1.0,1.0,0.0,1.0,0.0,0.0,0.0,8.0,6.0,0.0,0.0,0.0,0.0,0.0,0.0,0.0,0.0,1.0,12.0,1.0,12.05,5.01,2.51,1.49,-2.2,0.3,2.3000000000000003,300.90000000000003,-0.1,-11.4,1.7000000000000002,8.700000000000001,-82.30000000000001,0.0,0.0,219.7,0.0,22.1,35.0,35.0,38.400000000000006,300.0,300.0,30.0,36.6,35.4,35.300000000000004,37.5,4.95,2.0,4.96,0.16,0.0,0.0,1027.0,8228.0,0.0,0.0,0.0,0.0,0.0,1.0,0.0,0.0,0.0,-0.001,0.0,-0.1,0.0,-11.2,-12.7,0.0151,16.0,25903.0
2026-07-30T18:58:22.187Z,71.67,71.682,-7.4,7.4,0.0,0.0,0.0,0.0,0.0,1.0,1.0,0.0,1.0,0.0,0.0,0.0,8.0,6.0,0.0,0.0,0.0,0.0,0.0,0.0,0.0,0.0,2.0,12.0,1.0,12.05,5.01,2.51,1.49,-2.2,0.3,2.2,301.1,-0.1,-11.4,0.5,9.9,-82.30000000000001,0.0,0.0,219.8,0.0,22.1,35.0,35.0,38.400000000000006,300.0,300.0,30.0,36.6,35.4,35.300000000000004,37.5,4.96,2.0,4.96,0.16,0.0,0.0,1027.0,8228.0,0.0,0.0,0.0,0.0,0.0,1.0,0.0,0.0,0.0,-0.001,0.0,-1.4,0.0,-11.6,-12.8,0.0153,16.0,25903.0
2026-07-30T18:58:22.205Z,71.688,71.694,-7.5,7.4,0.0,0.0,0.0,0.0,0.0,1.0,1.0,0.0,1.0,0.0,0.0,0.0,8.0,6.0,0.0,0.0,0.0,0.0,0.0,0.0,0.0,0.0,4.0,12.0,1.0,12.05,5.01,2.51,1.49,-2.2,0.2,2.3000000000000003,300.90000000000003,-0.1,-12.0,1.7000000000000002,8.700000000000001,-82.30000000000001,0.0,0.0,219.8,0.0,22.1,35.0,35.0,38.400000000000006,300.0,300.0,30.0,36.6,35.4,35.300000000000004,37.5,4.96,2.0,4.96,0.16,0.0,0.0,1027.0,8228.0,0.0,0.0,0.0,0.0,0.0,1.0,0.0,0.0,0.0,-0.001,0.0,-0.1,0.0,-11.2,-12.8,0.0152,16.0,25903.0
2026-07-30T18:58:22.211Z,71.694,71.706,-7.4,7.4,0.0,0.0,0.0,0.0,0.0,1.0,1.0,0.0,1.0,0.0,0.0,0.0,8.0,6.0,0.0,0.0,0.0,0.0,0.0,0.0,0.0,0.0,4.0,12.0,1.0,12.05,5.01,2.51,1.49,-2.2,0.3,2.2,301.0,-0.1,-12.0,1.7000000000000002,9.3,-82.30000000000001,0.0,0.0,219.9,0.0,22.200000000000003,35.0,35.0,38.400000000000006,300.0,300.0,29.9,36.7,35.4,35.300000000000004,37.5,4.95,2.0,4.96,0.17,0.0,0.0,1027.0,8228.0,0.0,0.0,0.0,0.0,0.0,1.0,0.0,0.0,0.0,-0.001,0.0,-0.2,0.0,-11.8,-12.7,0.0153,16.0,25903.0
2026-07-30T18:58:22.222Z,71.705,71.718,-7.4,7.4,0.0,0.0,0.0,0.0,0.0,1.0,1.0,0.0,1.0,0.0,0.0,0.0,8.0,6.0,0.0,0.0,0.0,0.0,0.0,0.0,0.0,0.0,5.0,12.0,1.0,12.05,5.01,2.51,1.49,-2.3000000000000003,0.3,2.3000000000000003,301.0,-0.1,-13.2,1.1,9.3,-82.30000000000001,0.0,0.0,219.7,0.0,22.200000000000003,35.0,35.0,38.400000000000006,300.0,300.0,29.9,36.7,35.4,35.300000000000004,37.5,4.95,2.0,4.96,0.16,0.0,0.0,1027.0,8228.0,0.0,0.0,0.0,0.0,0.0,1.0,0.0,0.0,0.0,-0.001,0.0,-0.7000000000000001,0.0,-11.4,-12.8,0.0152,16.0,25903.0
2026-07-30T18:58:22.234Z,71.717,71.73,-7.4,7.4,0.0,0.0,0.0,0.0,0.0,1.0,1.0,0.0,1.0,0.0,0.0,0.0,8.0,6.0,0.0,0.0,0.0,0.0,0.0,0.0,0.0,0.0,6.0,12.0,1.0,12.05,5.01,2.51,1.49,-2.3000000000000003,0.3,2.4000000000000004,301.0,-0.1,-13.8,0.5,7.5,-82.30000000000001,0.0,0.0,219.6,0.0,22.200000000000003,35.0,35.0,38.400000000000006,300.0,300.0,29.9,36.7,35.4,35.300000000000004,37.5,4.96,2.0,4.96,0.16,0.0,0.0,1027.0,8228.0,0.0,0.0,0.0,0.0,0.0,1.0,0.0,0.0,0.0,-0.001,0.0,-0.9,0.0,-9.0,-12.9,0.0155,16.0,25903.0
2026-07-30T18:58:22.247Z,71.73,71.742,-7.5,7.4,0.0,0.0,0.0,0.0,0.0,1.0,1.0,0.0,1.0,0.0,0.0,0.0,8.0,6.0,0.0,0.0,0.0,0.0,0.0,0.0,0.0,0.0,1.0,12.0,1.0,12.05,5.01,2.51,1.49,-2.2,0.2,2.2,301.0,-0.1,-13.2,2.3000000000000003,9.3,-82.30000000000001,0.0,0.0,219.7,0.0,22.200000000000003,35.0,35.0,38.400000000000006,300.0,300.0,29.9,36.7,35.4,35.300000000000004,37.5,4.96,2.0,4.96,0.16,0.0,0.0,1027.0,8228.0,0.0,0.0,0.0,0.0,0.0,1.0,0.0,0.0,0.0,-0.001,0.0,0.2,0.0,-12.3,-12.8,0.016,16.0,25903.0
2026-07-30T18:58:22.258Z,71.741,71.754,-7.5,7.4,0.0,0.0,0.0,0.0,0.0,1.0,1.0,0.0,1.0,0.0,0.0,0.0,8.0,6.0,0.0,0.0,0.0,0.0,0.0,0.0,0.0,0.0,1.0,12.0,1.0,12.05,5.01,2.51,1.49,-2.2,0.3,2.3000000000000003,301.1,-0.1,-13.8,0.5,9.3,-82.2,0.0,0.0,219.7,0.0,22.200000000000003,35.0,35.0,38.400000000000006,300.0,300.0,29.9,36.7,35.4,35.300000000000004,37.5,4.95,2.0,4.96,0.16,0.0,0.0,1027.0,8228.0,0.0,0.0,0.0,0.0,0.0,1.0,0.0,0.0,0.0,-0.001,0.0,-1.2000000000000002,0.0,-11.0,-12.7,0.0151,16.0,25903.0
2026-07-30T18:58:22.271Z,71.754,71.766,-7.4,7.4,0.0,0.0,0.0,0.0,0.0,1.0,1.0,0.0,1.0,0.0,0.0,0.0,8.0,6.0,0.0,0.0,0.0,0.0,0.0,0.0,0.0,0.0,2.0,12.0,1.0,12.05,5.01,2.51,1.49,-2.2,0.3,2.2,301.0,-0.1,-12.0,1.1,10.4,-82.30000000000001,0.0,0.0,219.7,0.0,22.200000000000003,35.0,35.0,38.400000000000006,300.0,300.0,29.9,36.7,35.4,35.300000000000004,37.5,4.95,2.0,4.97,0.16,0.0,0.0,1027.0,8228.0,0.0,0.0,0.0,0.0,0.0,1.0,0.0,0.0,0.0,-0.001,0.0,-1.0,0.0,-12.8,-12.7,0.0154,16.0,25903.0
2026-07-30T18:58:22.282Z,71.765,71.778,-7.4,7.4,0.0,0.0,0.0,0.0,0.0,1.0,1.0,0.0,1.0,0.0,0.0,0.0,8.0,6.0,0.0,0.0,0.0,0.0,0.0,0.0,0.0,0.0,3.0,12.0,1.0,12.05,5.01,2.51,1.49,-2.2,0.3,2.2,301.0,-0.1,-12.0,1.7000000000000002,9.9,-82.30000000000001,0.0,0.0,219.8,0.0,22.200000000000003,35.0,35.0,38.400000000000006,300.0,300.0,29.9,36.7,35.4,35.300000000000004,37.5,4.96,2.0,4.96,0.16,0.0,0.0,1027.0,8228.0,0.0,0.0,0.0,0.0,0.0,1.0,0.0,0.0,0.0,-0.001,0.0,-0.3,0.0,-12.5,-12.8,0.0151,16.0,25903.0
2026-07-30T18:58:22.294Z,71.777,71.79,-7.5,7.4,0.0,0.0,0.0,0.0,0.0,1.0,1.0,0.0,1.0,0.0,0.0,0.0,8.0,6.0,0.0,0.0,0.0,0.0,0.0,0.0,0.0,0.0,4.0,12.0,1.0,12.05,5.01,2.51,1.49,-2.2,0.2,2.2,301.1,-0.1,-12.0,2.3000000000000003,9.3,-82.2,0.0,0.0,219.8,0.0,22.200000000000003,35.0,35.0,38.400000000000006,300.0,300.0,29.9,36.7,35.4,35.300000000000004,37.5,4.96,2.0,4.97,0.16,0.0,0.0,1027.0,8228.0,0.0,0.0,0.0,0.0,0.0,1.0,0.0,0.0,0.0,-0.001,0.0,0.2,0.0,-12.3,-12.8,0.015,16.0,25903.0
2026-07-30T18:58:22.306Z,71.789,71.802,-7.5,7.4,0.0,0.0,0.0,0.0,0.0,1.0,1.0,0.0,1.0,0.0,0.0,0.0,8.0,6.0,0.0,0.0,0.0,0.0,0.0,0.0,0.0,0.0,6.0,12.0,1.0,12.05,5.01,2.51,1.49,-2.2,0.2,2.2,300.90000000000003,-0.1,-12.0,2.9000000000000004,9.3,-82.2,0.0,0.0,219.7,0.0,22.200000000000003,35.0,35.0,38.400000000000006,300.0,300.0,29.9,36.7,35.4,35.300000000000004,37.5,4.95,2.0,4.97,0.16,0.0,0.0,1027.0,8228.0,0.0,0.0,0.0,0.0,0.0,1.0,0.0,0.0,0.0,-0.001,0.0,0.7000000000000001,0.0,-12.7,-12.8,0.0151,16.0,25903.0
2026-07-30T18:58:22.318Z,71.801,71.81400000000001,-7.5,7.4,0.0,0.0,0.0,0.0,0.0,1.0,1.0,0.0,1.0,0.0,0.0,0.0,8.0,6.0,0.0,0.0,0.0,0.0,0.0,0.0,0.0,0.0,1.0,12.0,1.0,12.08,5.01,2.5,1.49,-2.1,0.3,2.1,301.0,-0.1,-12.0,2.9000000000000004,11.0,-82.2,0.0,0.0,219.7,0.0,21.8,35.0,35.0,38.400000000000006,300.0,300.0,30.0,36.8,35.4,35.300000000000004,37.5,4.95,2.0,4.96,0.16,0.0,0.0,1027.0,8228.0,0.0,0.0,0.0,0.0,0.0,1.0,0.0,0.0,0.0,-0.001,0.0,0.4,0.0,-14.7,-12.8,0.015,16.0,25903.0
2026-07-30T18:58:22.330Z,71.813,71.82600000000001,-7.5,7.4,0.0,0.0,0.0,0.0,0.0,1.0,1.0,0.0,1.0,0.0,0.0,0.0,8.0,6.0,0.0,0.0,0.0,0.0,0.0,0.0,0.0,0.0,3.0,12.0,1.0,12.08,5.01,2.5,1.49,-2.1,0.2,2.1,301.1,-0.1,-10.3,2.9000000000000004,11.0,-82.2,0.0,0.0,219.7,0.0,21.8,35.0,35.0,38.400000000000006,300.0,300.0,30.0,36.8,35.4,35.300000000000004,37.5,4.95,2.0,4.96,0.16,0.0,0.0,1027.0,8228.0,0.0,0.0,0.0,0.0,0.0,1.0,0.0,0.0,0.0,-0.001,0.0,0.4,0.0,-14.7,-12.8,0.0145,16.0,25903.0
2026-07-30T18:58:22.342Z,71.825,71.83800000000001,-7.5,7.4,0.0,0.0,0.0,0.0,0.0,1.0,1.0,0.0,1.0,0.0,0.0,0.0,8.0,6.0,0.0,0.0,0.0,0.0,0.0,0.0,0.0,0.0,4.0,12.0,1.0,12.08,5.01,2.5,1.49,-2.2,0.2,2.2,300.90000000000003,-0.1,-12.0,2.9000000000000004,9.9,-82.2,0.0,0.0,219.7,0.0,21.8,35.0,35.0,38.400000000000006,300.0,300.0,30.0,36.8,35.4,35.300000000000004,37.5,4.95,2.0,4.96,0.16,0.0,0.0,1027.0,8228.0,0.0,0.0,0.0,0.0,0.0,1.0,0.0,0.0,0.0,-0.001,0.0,0.6000000000000001,0.0,-13.4,-12.7,0.0145,16.0,25903.0
2026-07-30T18:58:22.354Z,71.837,71.85000000000001,-7.4,7.4,0.0,0.0,0.0,0.0,0.0,1.0,1.0,0.0,1.0,0.0,0.0,0.0,8.0,6.0,0.0,0.0,0.0,0.0,0.0,0.0,0.0,0.0,5.0,12.0,1.0,12.08,5.01,2.5,1.49,-2.1,0.2,2.1,301.1,-0.1,-11.4,2.9000000000000004,11.6,-82.2,0.0,0.0,219.7,0.0,21.8,35.0,35.0,38.400000000000006,300.0,300.0,30.0,36.8,35.4,35.300000000000004,37.5,4.95,2.0,4.96,0.16,0.0,0.0,1027.0,8228.0,0.0,0.0,0.0,0.0,0.0,1.0,0.0,0.0,0.0,-0.001,0.0,0.3,0.0,-15.4,-12.7,0.0148,16.0,25903.0
2026-07-30T18:58:22.366Z,71.849,71.862,-7.4,7.4,0.0,0.0,0.0,0.0,0.0,1.0,1.0,0.0,1.0,0.0,0.0,0.0,8.0,6.0,0.0,0.0,0.0,0.0,0.0,0.0,0.0,0.0,1.0,12.0,1.0,12.08,5.01,2.5,1.49,-2.2,0.2,2.2,301.1,-0.1,-11.4,2.9000000000000004,10.4,-82.2,0.0,0.0,219.6,0.0,21.8,35.0,35.0,38.400000000000006,300.0,300.0,30.0,36.8,35.4,35.300000000000004,37.5,4.96,2.0,4.96,0.16,0.0,0.0,1027.0,8228.0,0.0,0.0,0.0,0.0,0.0,1.0,0.0,0.0,0.0,-0.001,0.0,0.5,0.0,-14.0,-12.9,0.0145,16.0,25903.0
2026-07-30T18:58:22.378Z,71.861,71.874,-7.5,7.4,0.0,0.0,0.0,0.0,0.0,1.0,1.0,0.0,1.0,0.0,0.0,0.0,8.0,6.0,0.0,0.0,0.0,0.0,0.0,0.0,0.0,0.0,2.0,12.0,1.0,12.08,5.01,2.5,1.49,-2.1,0.2,2.1,301.0,-0.1,-12.0,2.9000000000000004,10.4,-82.2,0.0,0.0,219.7,0.0,21.8,35.0,35.0,38.400000000000006,300.0,300.0,30.0,36.8,35.4,35.300000000000004,37.5,4.95,2.0,4.96,0.16,0.0,0.0,1027.0,8228.0,0.0,0.0,0.0,0.0,0.0,1.0,0.0,0.0,0.0,-0.001,0.0,0.5,0.0,-14.0,-12.8,0.0148,16.0,25903.0
2026-07-30T18:58:22.391Z,71.874,71.886,-7.4,7.4,0.0,0.0,0.0,0.0,0.0,1.0,1.0,0.0,1.0,0.0,0.0,0.0,8.0,6.0,0.0,0.0,0.0,0.0,0.0,0.0,0.0,0.0,3.0,12.0,1.0,12.08,5.01,2.5,1.49,-2.2,0.2,2.2,301.0,-0.1,-12.6,2.9000000000000004,8.1,-82.2,0.0,0.0,219.8,0.0,21.8,35.0,35.0,38.400000000000006,300.0,300.0,30.0,36.8,35.4,35.300000000000004,37.5,4.95,2.0,4.96,0.16,0.0,0.0,1027.0,8228.0,0.0,0.0,0.0,0.0,0.0,1.0,0.0,0.0,0.0,-0.001,0.0,0.9,0.0,-11.4,-12.7,0.0146,16.0,25903.0
2026-07-30T18:58:22.402Z,71.885,71.898,-7.5,7.4,0.0,0.0,0.0,0.0,0.0,1.0,1.0,0.0,1.0,0.0,0.0,0.0,8.0,6.0,0.0,0.0,0.0,0.0,0.0,0.0,0.0,0.0,4.0,12.0,1.0,12.08,5.01,2.5,1.49,-2.2,0.2,2.2,300.90000000000003,-0.1,-10.9,2.3000000000000003,10.4,-82.2,0.0,0.0,219.9,0.0,21.8,35.0,35.0,38.400000000000006,300.0,300.0,30.0,36.8,35.4,35.300000000000004,37.5,4.95,2.0,4.96,0.16,0.0,0.0,1027.0,8228.0,0.0,0.0,0.0,0.0,0.0,1.0,0.0,0.0,0.0,-0.001,0.0,0.0,0.0,-13.6,-12.8,0.0152,16.0,25903.0
2026-07-30T18:58:22.415Z,71.898,71.91,-7.4,7.4,0.0,0.0,0.0,0.0,0.0,1.0,1.0,0.0,1.0,0.0,0.0,0.0,8.0,6.0,0.0,0.0,0.0,0.0,0.0,0.0,0.0,0.0,5.0,12.0,1.0,12.06,5.01,2.5,1.49,-2.2,0.2,2.2,301.0,-0.1,-11.4,3.5,8.700000000000001,-82.2,0.0,0.0,219.9,0.0,22.3,35.0,35.0,38.400000000000006,300.0,300.0,30.0,36.7,35.4,35.300000000000004,37.5,4.96,2.0,4.96,0.16,0.0,0.0,1027.0,8228.0,0.0,0.0,0.0,0.0,0.0,1.0,0.0,0.0,0.0,-0.001,0.0,1.3,0.0,-12.5,-12.8,0.0148,16.0,25903.0
2026-07-30T18:58:22.426Z,71.909,71.922,-7.4,7.4,0.0,0.0,0.0,0.0,0.0,1.0,1.0,0.0,1.0,0.0,0.0,0.0,8.0,6.0,0.0,0.0,0.0,0.0,0.0,0.0,0.0,0.0,6.0,12.0,1.0,12.06,5.01,2.5,1.49,-2.2,0.2,2.2,301.1,-0.1,-11.4,2.3000000000000003,9.9,-82.2,0.0,0.0,219.8,0.0,22.3,35.0,35.0,38.400000000000006,300.0,300.0,30.0,36.7,35.4,35.300000000000004,37.5,4.95,2.0,4.96,0.16,0.0,0.0,1027.0,8228.0,0.0,0.0,0.0,0.0,0.0,1.0,0.0,0.0,0.0,-0.001,0.0,0.1,0.0,-12.9,-12.9,0.0152,16.0,25903.0
2026-07-30T18:58:22.438Z,71.921,71.934,-7.5,7.4,0.0,0.0,0.0,0.0,0.0,1.0,1.0,0.0,1.0,0.0,0.0,0.0,8.0,6.0,0.0,0.0,0.0,0.0,0.0,0.0,0.0,0.0,1.0,12.0,1.0,12.06,5.01,2.5,1.49,-2.1,0.3,2.2,300.90000000000003,-0.1,-12.0,2.3000000000000003,11.0,-82.2,0.0,0.0,219.7,0.0,22.3,35.0,35.0,38.400000000000006,300.0,300.0,30.0,36.7,35.4,35.300000000000004,37.5,4.95,2.0,4.96,0.16,0.0,0.0,1027.0,8228.0,0.0,0.0,0.0,0.0,0.0,1.0,0.0,0.0,0.0,-0.001,0.0,0.0,0.0,-14.3,-12.8,0.0151,16.0,25903.0
2026-07-30T18:58:22.450Z,71.933,71.946,-7.5,7.4,0.0,0.0,0.0,0.0,0.0,1.0,1.0,0.0,1.0,0.0,0.0,0.0,8.0,6.0,0.0,0.0,0.0,0.0,0.0,0.0,0.0,0.0,3.0,12.0,1.0,12.06,5.01,2.5,1.49,-2.1,0.2,2.1,301.0,-0.1,-11.4,3.5,11.6,-82.2,0.0,0.0,219.7,0.0,22.3,35.0,35.0,38.400000000000006,300.0,300.0,30.0,36.7,35.4,35.300000000000004,37.5,4.96,2.0,4.96,0.16,0.0,0.0,1027.0,8228.0,0.0,0.0,0.0,0.0,0.0,1.0,0.0,0.0,0.0,-0.001,0.0,0.8,0.0,-15.8,-12.7,0.0147,16.0,25903.0
2026-07-30T18:58:22.462Z,71.945,71.958,-7.5,7.4,0.0,0.0,0.0,0.0,0.0,1.0,1.0,0.0,1.0,0.0,0.0,0.0,8.0,6.0,0.0,0.0,0.0,0.0,0.0,0.0,0.0,0.0,4.0,12.0,1.0,12.06,5.01,2.5,1.49,-2.2,0.3,2.2,301.1,-0.1,-12.0,1.7000000000000002,9.3,-82.2,0.0,0.0,219.7,0.0,22.3,35.0,35.0,38.400000000000006,300.0,300.0,30.0,36.7,35.4,35.300000000000004,37.5,4.95,2.0,4.97,0.16,0.0,0.0,1027.0,8228.0,0.0,0.0,0.0,0.0,0.0,1.0,0.0,0.0,0.0,-0.001,0.0,-0.2,0.0,-11.8,-12.8,0.0144,16.0,25903.0
2026-07-30T18:58:22.475Z,71.958,71.97,-7.5,7.4,0.0,0.0,0.0,0.0,0.0,1.0,1.0,0.0,1.0,0.0,0.0,0.0,8.0,6.0,0.0,0.0,0.0,0.0,0.0,0.0,0.0,0.0,5.0,12.0,1.0,12.06,5.01,2.5,1.49,-2.2,0.3,2.2,301.0,-0.1,-11.4,1.7000000000000002,9.3,-82.30000000000001,0.0,0.0,219.8,0.0,22.3,35.0,35.0,38.400000000000006,300.0,300.0,30.0,36.7,35.4,35.300000000000004,37.5,4.95,2.0,4.96,0.16,0.0,0.0,1027.0,8228.0,0.0,0.0,0.0,0.0,0.0,1.0,0.0,0.0,0.0,-0.001,0.0,-0.2,0.0,-11.8,-12.8,0.0152,16.0,25903.0
2026-07-30T18:58:22.487Z,71.97,71.982,-7.4,7.4,0.0,0.0,0.0,0.0,0.0,1.0,1.0,0.0,1.0,0.0,0.0,0.0,8.0,6.0,0.0,0.0,0.0,0.0,0.0,0.0,0.0,0.0,6.0,12.0,1.0,12.06,5.01,2.5,1.49,-2.2,0.2,2.2,301.0,-0.1,-12.0,2.9000000000000004,10.4,-82.30000000000001,0.0,0.0,219.8,0.0,22.3,35.0,35.0,38.400000000000006,300.0,300.0,30.0,36.7,35.4,35.300000000000004,37.5,4.95,2.0,4.96,0.16,0.0,0.0,1027.0,8228.0,0.0,0.0,0.0,0.0,0.0,1.0,0.0,0.0,0.0,-0.001,0.0,0.5,0.0,-14.0,-12.7,0.0151,16.0,25903.0
2026-07-30T18:58:22.498Z,71.981,71.994,-7.5,7.4,0.0,0.0,0.0,0.0,0.0,1.0,1.0,0.0,1.0,0.0,0.0,0.0,8.0,6.0,0.0,0.0,0.0,0.0,0.0,0.0,0.0,0.0,2.0,12.0,1.0,12.06,5.01,2.5,1.49,-2.1,0.2,2.2,301.1,-0.1,-12.0,3.5,10.4,-82.30000000000001,0.0,0.0,219.8,0.0,22.3,35.0,35.0,38.400000000000006,300.0,300.0,30.0,36.7,35.4,35.300000000000004,37.5,4.95,2.0,4.96,0.16,0.0,0.0,1027.0,8228.0,0.0,0.0,0.0,0.0,0.0,1.0,0.0,0.0,0.0,-0.001,0.0,1.0,0.0,-14.5,-12.8,0.0148,16.0,25903.0
2026-07-30T18:58:22.510Z,71.993,72.006,-7.4,7.4,0.0,0.0,0.0,0.0,0.0,1.0,1.0,0.0,1.0,0.0,0.0,0.0,8.0,6.0,0.0,0.0,0.0,0.0,0.0,0.0,0.0,0.0,3.0,12.0,1.0,12.06,5.01,2.5,1.49,-2.3000000000000003,0.3,2.3000000000000003,301.0,-0.1,-13.2,1.7000000000000002,8.1,-82.30000000000001,0.0,0.0,219.8,0.0,22.3,35.0,35.0,38.400000000000006,300.0,300.0,30.0,36.7,35.4,35.300000000000004,37.5,4.95,2.0,4.96,0.16,0.0,0.0,1027.0,8228.0,0.0,0.0,0.0,0.0,0.0,1.0,0.0,0.0,0.0,-0.001,0.0,0.0,0.0,-10.5,-12.8,0.0146,16.0,25903.0
2026-07-30T18:58:22.533Z,72.016,72.018,-7.4,7.4,0.0,0.0,0.0,0.0,0.0,1.0,1.0,0.0,1.0,0.0,0.0,0.0,8.0,6.0,0.0,0.0,0.0,0.0,0.0,0.0,0.0,0.0,4.0,12.0,1.0,12.05,5.01,2.5,1.49,-2.3000000000000003,0.3,2.3000000000000003,301.1,-0.1,-12.6,0.5,8.700000000000001,-82.30000000000001,0.0,0.0,219.7,0.0,22.200000000000003,35.0,35.0,38.400000000000006,300.0,300.0,30.0,36.6,35.4,35.4,37.5,4.96,2.0,4.96,0.16,0.0,0.0,1027.0,8228.0,0.0,0.0,0.0,0.0,0.0,1.0,0.0,0.0,0.0,-0.001,0.0,-1.1,0.0,-10.3,-12.8,0.015,16.0,25903.0
2026-07-30T18:58:22.534Z,72.017,72.03,-7.4,7.4,0.0,0.0,0.0,0.0,0.0,1.0,1.0,0.0,1.0,0.0,0.0,0.0,8.0,6.0,0.0,0.0,0.0,0.0,0.0,0.0,0.0,0.0,2.0,12.0,1.0,12.05,5.01,2.5,1.49,-2.3000000000000003,0.3,2.4000000000000004,301.1,-0.1,-13.2,0.5,8.1,-82.2,0.0,0.0,219.6,0.0,22.200000000000003,35.0,35.0,38.400000000000006,300.0,300.0,30.0,36.6,35.4,35.4,37.5,4.96,2.0,4.96,0.16,0.0,0.0,1027.0,8228.0,0.0,0.0,0.0,0.0,0.0,1.0,0.0,0.0,0.0,-0.001,0.0,-1.0,0.0,-9.7,-12.9,0.0151,16.0,25903.0
2026-07-30T18:58:22.546Z,72.029,72.042,-7.4,7.4,0.0,0.0,0.0,0.0,0.0,1.0,1.0,0.0,1.0,0.0,0.0,0.0,8.0,6.0,0.0,0.0,0.0,0.0,0.0,0.0,0.0,0.0,2.0,12.0,1.0,12.05,5.01,2.5,1.49,-2.3000000000000003,0.3,2.3000000000000003,300.90000000000003,-0.1,-13.2,0.5,8.1,-82.2,0.0,0.0,219.7,0.0,22.200000000000003,35.0,35.0,38.400000000000006,300.0,300.0,30.0,36.6,35.4,35.4,37.5,4.95,2.0,4.96,0.16,0.0,0.0,1027.0,8228.0,0.0,0.0,0.0,0.0,0.0,1.0,0.0,0.0,0.0,-0.001,0.0,-1.0,0.0,-9.7,-12.8,0.0143,16.0,25903.0
2026-07-30T18:58:22.559Z,72.042,72.054,-7.5,7.4,0.0,0.0,0.0,0.0,0.0,1.0,1.0,0.0,1.0,0.0,0.0,0.0,8.0,6.0,0.0,0.0,0.0,0.0,0.0,0.0,0.0,0.0,2.0,12.0,1.0,12.05,5.01,2.5,1.49,-2.3000000000000003,0.3,2.3000000000000003,301.0,-0.1,-12.6,1.7000000000000002,8.700000000000001,-82.2,0.0,0.0,219.6,0.0,22.200000000000003,35.0,35.0,38.400000000000006,300.0,300.0,30.0,36.6,35.4,35.4,37.5,4.95,2.0,4.96,0.16,0.0,0.0,1027.0,8228.0,0.0,0.0,0.0,0.0,0.0,1.0,0.0,0.0,0.0,-0.001,0.0,-0.1,0.0,-11.2,-12.8,0.0148,16.0,25903.0
2026-07-30T18:58:22.570Z,72.053,72.066,-7.5,7.4,0.0,0.0,0.0,0.0,0.0,1.0,1.0,0.0,1.0,0.0,0.0,0.0,8.0,6.0,0.0,0.0,0.0,0.0,0.0,0.0,0.0,0.0,6.0,12.0,1.0,12.05,5.01,2.5,1.49,-2.3000000000000003,0.3,2.3000000000000003,301.1,-0.1,-11.4,1.1,8.700000000000001,-82.2,0.0,0.0,219.7,0.0,22.200000000000003,35.0,35.0,38.400000000000006,300.0,300.0,30.0,36.6,35.4,35.4,37.5,4.96,2.0,4.96,0.16,0.0,0.0,1027.0,8228.0,0.0,0.0,0.0,0.0,0.0,1.0,0.0,0.0,0.0,-0.001,0.0,-0.6000000000000001,0.0,-10.8,-12.7,0.015,16.0,25903.0
2026-07-30T18:58:22.582Z,72.065,72.078,-7.5,7.4,0.0,0.0,0.0,0.0,0.0,1.0,1.0,0.0,1.0,0.0,0.0,0.0,8.0,6.0,0.0,0.0,0.0,0.0,0.0,0.0,0.0,0.0,2.0,12.0,1.0,12.05,5.01,2.5,1.49,-2.1,0.2,2.1,301.0,-0.1,-12.0,2.9000000000000004,10.4,-82.30000000000001,0.0,0.0,219.8,0.0,22.200000000000003,35.0,35.0,38.400000000000006,300.0,300.0,30.0,36.6,35.4,35.4,37.5,4.96,2.0,4.97,0.16,0.0,0.0,1027.0,8228.0,0.0,0.0,0.0,0.0,0.0,1.0,0.0,0.0,0.0,-0.001,0.0,0.5,0.0,-14.0,-12.7,0.0147,16.0,25903.0
2026-07-30T18:58:22.594Z,72.077,72.09,-7.4,7.4,0.0,0.0,0.0,0.0,0.0,1.0,1.0,0.0,1.0,0.0,0.0,0.0,8.0,6.0,0.0,0.0,0.0,0.0,0.0,0.0,0.0,0.0,2.0,12.0,1.0,12.05,5.01,2.5,1.49,-2.2,0.2,2.2,301.0,-0.1,-12.0,3.5,9.9,-82.30000000000001,0.0,0.0,219.9,0.0,22.200000000000003,35.0,35.0,38.400000000000006,300.0,300.0,30.0,36.6,35.4,35.4,37.5,4.96,2.0,4.97,0.16,0.0,0.0,1027.0,8228.0,0.0,0.0,0.0,0.0,0.0,1.0,0.0,0.0,0.0,-0.001,0.0,0.3,0.0,-14.7,-12.7,0.015,16.0,25903.0
2026-07-30T18:58:22.606Z,72.089,72.102,-7.4,7.4,0.0,0.0,0.0,0.0,0.0,1.0,1.0,0.0,1.0,0.0,0.0,0.0,8.0,6.0,0.0,0.0,0.0,0.0,0.0,0.0,0.0,0.0,1.0,12.0,1.0,12.05,5.01,2.5,1.49,-2.3000000000000003,0.3,2.2,301.0,-0.1,-12.0,2.3000000000000003,9.3,-82.30000000000001,0.0,0.0,219.9,0.0,22.200000000000003,35.0,35.0,38.400000000000006,300.0,300.0,30.0,36.6,35.4,35.4,37.5,4.96,2.0,4.96,0.16,0.0,0.0,1027.0,8228.0,0.0,0.0,0.0,0.0,0.0,1.0,0.0,0.0,0.0,-0.001,0.0,-0.1,0.0,-11.2,-12.8,0.0146,16.0,25903.0
2026-07-30T18:58:22.619Z,72.102,72.114,-7.5,7.4,0.0,0.0,0.0,0.0,0.0,1.0,1.0,0.0,1.0,0.0,0.0,0.0,8.0,6.0,0.0,0.0,0.0,0.0,0.0,0.0,0.0,0.0,1.0,12.0,1.0,12.08,5.01,2.51,1.49,-2.2,0.3,2.2,301.1,-0.1,-10.9,2.3000000000000003,10.4,-82.30000000000001,0.0,0.0,219.8,0.0,22.1,35.1,35.0,38.400000000000006,300.0,300.0,30.0,36.6,35.5,35.4,37.5,4.95,2.0,4.96,0.16,0.0,0.0,1027.0,8228.0,0.0,0.0,0.0,0.0,0.0,1.0,0.0,0.0,0.0,-0.001,0.0,-0.9,0.0,-12.1,-12.8,0.0155,16.0,25903.0
2026-07-30T18:58:22.631Z,72.114,72.126,-7.5,7.4,0.0,0.0,0.0,0.0,0.0,1.0,1.0,0.0,1.0,0.0,0.0,0.0,8.0,6.0,0.0,0.0,0.0,0.0,0.0,0.0,0.0,0.0,2.0,12.0,1.0,12.08,5.01,2.51,1.49,-2.1,0.3,2.1,301.0,-0.1,-12.0,2.3000000000000003,11.6,-82.30000000000001,0.0,0.0,219.8,0.0,22.1,35.1,35.0,38.400000000000006,300.0,300.0,30.0,36.6,35.5,35.4,37.5,4.95,2.0,4.96,0.16,0.0,0.0,1027.0,8228.0,0.0,0.0,0.0,0.0,0.0,1.0,0.0,0.0,0.0,-0.001,0.0,-0.2,0.0,-14.9,-12.7,0.0151,16.0,25903.0
2026-07-30T18:58:22.643Z,72.126,72.138,-7.4,7.4,0.0,0.0,0.0,0.0,0.0,1.0,1.0,0.0,1.0,0.0,0.0,0.0,8.0,6.0,0.0,0.0,0.0,0.0,0.0,0.0,0.0,0.0,4.0,12.0,1.0,12.08,5.01,2.51,1.49,-2.2,0.2,2.3000000000000003,301.1,-0.1,-12.0,2.9000000000000004,8.700000000000001,-82.30000000000001,0.0,0.0,219.8,0.0,22.1,35.1,35.0,38.400000000000006,300.0,300.0,30.0,36.6,35.5,35.4,37.5,4.95,2.0,4.96,0.16,0.0,0.0,1027.0,8228.0,0.0,0.0,0.0,0.0,0.0,1.0,0.0,0.0,0.0,-0.001,0.0,0.8,0.0,-12.0,-12.8,0.0146,16.0,25903.0
2026-07-30T18:58:22.654Z,72.137,72.15,-7.5,7.4,0.0,0.0,0.0,0.0,0.0,1.0,1.0,0.0,1.0,0.0,0.0,0.0,8.0,6.0,0.0,0.0,0.0,0.0,0.0,0.0,0.0,0.0,5.0,12.0,1.0,12.08,5.01,2.51,1.49,-2.2,0.3,2.2,301.0,-0.1,-11.4,1.7000000000000002,10.4,-82.30000000000001,0.0,0.0,219.7,0.0,22.1,35.1,35.0,38.400000000000006,300.0,300.0,30.0,36.6,35.5,35.4,37.5,4.95,2.0,4.97,0.16,0.0,0.0,1027.0,8228.0,0.0,0.0,0.0,0.0,0.0,1.0,0.0,0.0,0.0,-0.001,0.0,-0.4,0.0,-13.2,-12.9,0.0153,16.0,25903.0
2026-07-30T18:58:22.667Z,72.15,72.162,-7.5,7.4,0.0,0.0,0.0,0.0,0.0,1.0,1.0,0.0,1.0,0.0,0.0,0.0,8.0,6.0,0.0,0.0,0.0,0.0,0.0,0.0,0.0,0.0,5.0,12.0,1.0,12.08,5.01,2.51,1.49,-2.1,0.2,2.2,301.0,-0.1,-12.0,2.9000000000000004,10.4,-82.30000000000001,0.0,0.0,219.6,0.0,22.1,35.1,35.0,38.400000000000006,300.0,300.0,30.0,36.6,35.5,35.4,37.5,4.95,2.0,4.96,0.16,0.0,0.0,1027.0,8228.0,0.0,0.0,0.0,0.0,0.0,1.0,0.0,0.0,0.0,-0.001,0.0,0.5,0.0,-14.0,-12.8,0.015,16.0,25903.0
2026-07-30T18:58:22.678Z,72.161,72.174,-7.5,7.4,0.0,0.0,0.0,0.0,0.0,1.0,1.0,0.0,1.0,0.0,0.0,0.0,8.0,6.0,0.0,0.0,0.0,0.0,0.0,0.0,0.0,0.0,1.0,12.0,1.0,12.08,5.01,2.51,1.49,-2.2,0.3,2.3000000000000003,301.1,-0.1,-11.4,1.1,8.700000000000001,-82.30000000000001,0.0,0.0,219.8,0.0,22.1,35.1,35.0,38.400000000000006,300.0,300.0,30.0,36.6,35.5,35.4,37.5,4.95,2.0,4.96,0.16,0.0,0.0,1027.0,8228.0,0.0,0.0,0.0,0.0,0.0,1.0,0.0,0.0,0.0,-0.001,0.0,-0.6000000000000001,0.0,-10.7,-12.7,0.0147,16.0,25903.0
2026-07-30T18:58:22.690Z,72.173,72.186,-7.5,7.4,0.0,0.0,0.0,0.0,0.0,1.0,1.0,0.0,1.0,0.0,0.0,0.0,8.0,6.0,0.0,0.0,0.0,0.0,0.0,0.0,0.0,0.0,2.0,12.0,1.0,12.08,5.01,2.51,1.49,-2.2,0.2,2.2,301.1,-0.1,-12.0,2.9000000000000004,9.9,-82.2,0.0,0.0,219.8,0.0,22.1,35.1,35.0,38.400000000000006,300.0,300.0,30.0,36.6,35.5,35.4,37.5,4.95,2.0,4.96,0.16,0.0,0.0,1027.0,8228.0,0.0,0.0,0.0,0.0,0.0,1.0,0.0,0.0,0.0,-0.001,0.0,0.6000000000000001,0.0,-13.4,-12.7,0.0154,16.0,25903.0
2026-07-30T18:58:22.702Z,72.185,72.19800000000001,-7.4,7.4,0.0,0.0,0.0,0.0,0.0,1.0,1.0,0.0,1.0,0.0,0.0,0.0,8.0,6.0,0.0,0.0,0.0,0.0,0.0,0.0,0.0,0.0,4.0,12.0,1.0,12.08,5.01,2.51,1.49,-2.2,0.3,2.3000000000000003,301.0,-0.1,-12.0,1.1,9.3,-82.2,0.0,0.0,219.8,0.0,22.1,35.1,35.0,38.400000000000006,300.0,300.0,30.0,36.6,35.5,35.4,37.5,4.95,2.0,4.96,0.16,0.0,0.0,1027.0,8228.0,0.0,0.0,0.0,0.0,0.0,1.0,0.0,0.0,0.0,-0.001,0.0,-0.7000000000000001,0.0,-11.4,-12.8,0.0148,16.0,25903.0
2026-07-30T18:58:22.715Z,72.198,72.21000000000001,-7.4,7.4,0.0,0.0,0.0,0.0,0.0,1.0,1.0,0.0,1.0,0.0,0.0,0.0,8.0,6.0,0.0,0.0,0.0,0.0,0.0,0.0,0.0,0.0,5.0,12.0,1.0,12.08,5.01,2.51,1.49,-2.3000000000000003,0.3,2.3000000000000003,301.0,-0.1,-12.6,1.1,9.3,-82.2,0.0,0.0,219.8,0.0,22.1,35.1,35.0,38.400000000000006,300.0,300.0,30.0,36.6,35.5,35.4,37.5,4.96,2.0,4.96,0.16,0.0,0.0,1027.0,8228.0,0.0,0.0,0.0,0.0,0.0,1.0,0.0,0.0,0.0,-0.001,0.0,-0.7000000000000001,0.0,-11.4,-12.9,0.0154,16.0,25903.0
2026-07-30T18:58:22.726Z,72.209,72.22200000000001,-7.5,7.4,0.0,0.0,0.0,0.0,0.0,1.0,1.0,0.0,1.0,0.0,0.0,0.0,8.0,6.0,0.0,0.0,0.0,0.0,0.0,0.0,0.0,0.0,1.0,12.0,1.0,12.06,5.01,2.51,1.49,-2.3000000000000003,0.3,2.3000000000000003,301.1,-0.1,-13.2,1.1,8.700000000000001,-82.2,0.0,0.0,219.8,0.0,22.1,35.1,35.0,38.5,300.0,300.0,30.0,36.7,35.5,35.4,37.5,4.96,2.0,4.96,0.16,0.0,0.0,1027.0,8228.0,0.0,0.0,0.0,0.0,0.0,1.0,0.0,0.0,0.0,-0.001,0.0,-0.6000000000000001,0.0,-10.7,-12.9,0.0155,16.0,25903.0
2026-07-30T18:58:22.738Z,72.221,72.234,-7.5,7.4,0.0,0.0,0.0,0.0,0.0,1.0,1.0,0.0,1.0,0.0,0.0,0.0,8.0,6.0,0.0,0.0,0.0,0.0,0.0,0.0,0.0,0.0,2.0,12.0,1.0,12.06,5.01,2.51,1.49,-2.2,0.3,2.2,301.0,-0.1,-12.0,1.7000000000000002,10.4,-82.2,0.0,0.0,219.8,0.0,22.1,35.1,35.0,38.5,300.0,300.0,30.0,36.7,35.5,35.4,37.5,4.95,2.0,4.96,0.16,0.0,0.0,1027.0,8228.0,0.0,0.0,0.0,0.0,0.0,1.0,0.0,0.0,0.0,-0.001,0.0,-0.5,0.0,-13.2,-12.7,0.0155,16.0,25903.0
2026-07-30T18:58:22.750Z,72.233,72.246,-7.5,7.4,0.0,0.0,0.0,0.0,0.0,1.0,1.0,0.0,1.0,0.0,0.0,0.0,8.0,6.0,0.0,0.0,0.0,0.0,0.0,0.0,0.0,0.0,3.0,12.0,1.0,12.06,5.01,2.51,1.49,-2.2,0.3,2.2,301.1,-0.1,-12.6,1.1,9.9,-82.2,0.0,0.0,219.8,0.0,22.1,35.1,35.0,38.5,300.0,300.0,30.0,36.7,35.5,35.4,37.5,4.95,2.0,4.97,0.16,0.0,0.0,1027.0,8228.0,0.0,0.0,0.0,0.0,0.0,1.0,0.0,0.0,0.0,-0.001,0.0,-0.9,0.0,-12.1,-12.7,0.0149,16.0,25903.0
2026-07-30T18:58:22.762Z,72.245,72.258,-7.4,7.4,0.0,0.0,0.0,0.0,0.0,1.0,1.0,0.0,1.0,0.0,0.0,0.0,8.0,6.0,0.0,0.0,0.0,0.0,0.0,0.0,0.0,0.0,4.0,12.0,1.0,12.06,5.01,2.51,1.49,-2.2,0.3,2.2,300.90000000000003,-0.1,-12.0,0.5,9.9,-82.2,0.0,0.0,219.7,0.0,22.1,35.1,35.0,38.5,300.0,300.0,30.0,36.7,35.5,35.4,37.5,4.96,2.0,4.96,0.16,0.0,0.0,1027.0,8228.0,0.0,0.0,0.0,0.0,0.0,1.0,0.0,0.0,0.0,-0.001,0.0,-1.4,0.0,-11.7,-12.7,0.0151,16.0,25903.0
2026-07-30T18:58:22.774Z,72.257,72.27,-7.4,7.4,0.0,0.0,0.0,0.0,0.0,1.0,1.0,0.0,1.0,0.0,0.0,0.0,8.0,6.0,0.0,0.0,0.0,0.0,0.0,0.0,0.0,0.0,5.0,12.0,1.0,12.06,5.01,2.51,1.49,-2.3000000000000003,0.3,2.3000000000000003,301.0,-0.1,-12.0,1.1,8.700000000000001,-82.2,0.0,0.0,219.7,0.0,22.1,35.1,35.0,38.5,300.0,300.0,30.0,36.7,35.5,35.4,37.5,4.96,2.0,4.96,0.16,0.0,0.0,1027.0,8228.0,0.0,0.0,0.0,0.0,0.0,1.0,0.0,0.0,0.0,-0.001,0.0,-0.6000000000000001,0.0,-10.8,-12.8,0.0152,16.0,25903.0
2026-07-30T18:58:22.786Z,72.269,72.282,-7.4,7.4,0.0,0.0,0.0,0.0,0.0,1.0,1.0,0.0,1.0,0.0,0.0,0.0,8.0,6.0,0.0,0.0,0.0,0.0,0.0,0.0,0.0,0.0,1.0,12.0,1.0,12.06,5.01,2.51,1.49,-2.2,0.2,2.2,301.1,-0.1,-11.4,2.9000000000000004,9.3,-82.2,0.0,0.0,219.7,0.0,22.1,35.1,35.0,38.5,300.0,300.0,30.0,36.7,35.5,35.4,37.5,4.95,1.99,4.96,0.16,0.0,0.0,1027.0,8228.0,0.0,0.0,0.0,0.0,0.0,1.0,0.0,0.0,0.0,-0.001,0.0,0.7000000000000001,0.0,-12.7,-12.9,0.0156,16.0,25903.0
2026-07-30T18:58:22.798Z,72.281,72.294,-7.4,7.4,0.0,0.0,0.0,0.0,0.0,1.0,1.0,0.0,1.0,0.0,0.0,0.0,8.0,6.0,0.0,0.0,0.0,0.0,0.0,0.0,0.0,0.0,3.0,12.0,1.0,12.06,5.01,2.51,1.49,-2.2,0.3,2.2,301.0,-0.1,-12.6,1.1,10.4,-82.2,0.0,0.0,219.7,0.0,22.1,35.1,35.0,38.5,300.0,300.0,30.0,36.7,35.5,35.4,37.5,4.95,1.99,4.96,0.16,0.0,0.0,1027.0,8228.0,0.0,0.0,0.0,0.0,0.0,1.0,0.0,0.0,0.0,-0.001,0.0,-1.0,0.0,-12.8,-12.9,0.0152,16.0,25903.0
2026-07-30T18:58:22.810Z,72.293,72.306,-7.5,7.4,0.0,0.0,0.0,0.0,0.0,1.0,1.0,0.0,1.0,0.0,0.0,0.0,8.0,6.0,0.0,0.0,0.0,0.0,0.0,0.0,0.0,0.0,4.0,12.0,1.0,12.06,5.01,2.51,1.49,-2.2,0.2,2.2,301.1,-0.1,-10.9,2.9000000000000004,8.700000000000001,-82.2,0.0,0.0,219.7,0.0,22.1,35.1,35.0,38.5,300.0,300.0,30.0,36.7,35.5,35.4,37.5,4.95,2.0,4.97,0.16,0.0,0.0,1027.0,8228.0,0.0,0.0,0.0,0.0,0.0,1.0,0.0,0.0,0.0,-0.001,0.0,0.9,0.0,-12.0,-12.8,0.0153,16.0,25903.0
2026-07-30T18:58:22.823Z,72.306,72.318,-7.5,7.4,0.0,0.0,0.0,0.0,0.0,1.0,1.0,0.0,1.0,0.0,0.0,0.0,8.0,6.0,0.0,0.0,0.0,0.0,0.0,0.0,0.0,0.0,6.0,12.0,1.0,12.04,5.01,2.51,1.5,-2.1,0.2,2.1,301.1,-0.1,-10.9,3.5,10.4,-82.2,0.0,0.0,219.7,0.0,22.200000000000003,35.1,35.1,38.5,300.0,300.0,30.1,36.8,35.5,35.4,37.5,4.95,2.0,4.96,0.16,0.0,0.0,1027.0,8228.0,0.0,0.0,0.0,0.0,0.0,1.0,0.0,0.0,0.0,-0.001,0.0,1.0,0.0,-14.5,-12.7,0.0152,16.0,25903.0
2026-07-30T18:58:22.836Z,72.319,72.33,-7.5,7.4,0.0,0.0,0.0,0.0,0.0,1.0,1.0,0.0,1.0,0.0,0.0,0.0,8.0,6.0,0.0,0.0,0.0,0.0,0.0,0.0,0.0,0.0,2.0,12.0,1.0,12.04,5.01,2.51,1.5,-2.1,0.2,2.1,301.0,-0.1,-10.9,4.0,12.2,-82.2,0.0,0.0,219.7,0.0,22.200000000000003,35.1,35.1,38.5,300.0,300.0,30.1,36.8,35.5,35.4,37.5,4.96,2.0,4.96,0.16,0.0,0.0,1027.0,8228.0,0.0,0.0,0.0,0.0,0.0,1.0,0.0,0.0,0.0,-0.001,0.0,1.2000000000000002,0.0,-16.900000000000002,-12.7,0.0146,16.0,25903.0
2026-07-30T18:58:22.847Z,72.33,72.342,-7.5,7.4,0.0,0.0,0.0,0.0,0.0,1.0,1.0,0.0,1.0,0.0,0.0,0.0,8.0,6.0,0.0,0.0,0.0,0.0,0.0,0.0,0.0,0.0,1.0,12.0,1.0,12.04,5.01,2.51,1.5,-2.2,0.2,2.2,301.0,-0.1,-9.7,2.9000000000000004,9.9,-82.2,0.0,0.0,219.8,0.0,22.200000000000003,35.1,35.1,38.5,300.0,300.0,30.1,36.8,35.5,35.4,37.5,4.96,2.0,4.96,0.16,0.0,0.0,1027.0,8228.0,0.0,0.0,0.0,0.0,0.0,1.0,0.0,0.0,0.0,-0.001,0.0,0.6000000000000001,0.0,-13.4,-12.8,0.0141,16.0,25903.0
2026-07-30T18:58:22.858Z,72.341,72.354,-7.5,7.4,0.0,0.0,0.0,0.0,0.0,1.0,1.0,0.0,1.0,0.0,0.0,0.0,8.0,6.0,0.0,0.0,0.0,0.0,0.0,0.0,0.0,0.0,1.0,12.0,1.0,12.04,5.01,2.51,1.5,-2.1,0.3,2.1,301.1,-0.1,-10.3,2.9000000000000004,12.2,-82.2,0.0,0.0,219.7,0.0,22.200000000000003,35.1,35.1,38.5,300.0,300.0,30.1,36.8,35.5,35.4,37.5,4.95,2.0,4.96,0.16,0.0,0.0,1027.0,8228.0,0.0,0.0,0.0,0.0,0.0,1.0,0.0,0.0,0.0,-0.001,0.0,0.2,0.0,-16.0,-12.8,0.0149,16.0,25903.0
2026-07-30T18:58:22.871Z,72.354,72.366,-7.5,7.4,0.0,0.0,0.0,0.0,0.0,1.0,1.0,0.0,1.0,0.0,0.0,0.0,8.0,6.0,0.0,0.0,0.0,0.0,0.0,0.0,0.0,0.0,1.0,12.0,1.0,12.04,5.01,2.51,1.5,-2.2,0.2,2.2,301.1,-0.1,-11.4,2.9000000000000004,9.9,-82.2,0.0,0.0,219.7,0.0,22.200000000000003,35.1,35.1,38.5,300.0,300.0,30.1,36.8,35.5,35.4,37.5,4.95,2.0,4.96,0.16,0.0,0.0,1027.0,8228.0,0.0,0.0,0.0,0.0,0.0,1.0,0.0,0.0,0.0,-0.001,0.0,0.6000000000000001,0.0,-13.4,-12.7,0.0142,16.0,25903.0
2026-07-30T18:58:22.882Z,72.365,72.378,-7.4,7.4,0.0,0.0,0.0,0.0,0.0,1.0,1.0,0.0,1.0,0.0,0.0,0.0,8.0,6.0,0.0,0.0,0.0,0.0,0.0,0.0,0.0,0.0,2.0,12.0,1.0,12.04,5.01,2.51,1.5,-2.2,0.2,2.2,301.1,-0.1,-12.6,2.9000000000000004,9.3,-82.2,0.0,0.0,219.7,0.0,22.200000000000003,35.1,35.1,38.5,300.0,300.0,30.1,36.8,35.5,35.4,37.5,4.95,2.0,4.96,0.16,0.0,0.0,1027.0,8228.0,0.0,0.0,0.0,0.0,0.0,1.0,0.0,0.0,0.0,-0.001,0.0,0.7000000000000001,0.0,-12.7,-12.7,0.0149,16.0,25903.0
2026-07-30T18:58:22.894Z,72.377,72.39,-7.4,7.4,0.0,0.0,0.0,0.0,0.0,1.0,1.0,0.0,1.0,0.0,0.0,0.0,8.0,6.0,0.0,0.0,0.0,0.0,0.0,0.0,0.0,0.0,3.0,12.0,1.0,12.04,5.01,2.51,1.5,-2.1,0.2,2.1,301.1,-0.1,-12.0,3.5,12.2,-82.2,0.0,0.0,219.6,0.0,22.200000000000003,35.1,35.1,38.5,300.0,300.0,30.1,36.8,35.5,35.4,37.5,4.95,2.0,4.96,0.16,0.0,0.0,1027.0,8228.0,0.0,0.0,0.0,0.0,0.0,1.0,0.0,0.0,0.0,-0.001,0.0,0.7000000000000001,0.0,-16.5,-12.8,0.0151,16.0,25903.0
2026-07-30T18:58:22.906Z,72.389,72.402,-7.5,7.4,0.0,0.0,0.0,0.0,0.0,1.0,1.0,0.0,1.0,0.0,0.0,0.0,8.0,6.0,0.0,0.0,0.0,0.0,0.0,0.0,0.0,0.0,4.0,12.0,1.0,12.04,5.01,2.51,1.5,-2.1,0.3,2.2,301.0,-0.1,-12.0,2.3000000000000003,11.0,-82.2,0.0,0.0,219.7,0.0,22.200000000000003,35.1,35.1,38.5,300.0,300.0,30.1,36.8,35.5,35.4,37.5,4.95,2.0,4.97,0.16,0.0,0.0,1027.0,8228.0,0.0,0.0,0.0,0.0,0.0,1.0,0.0,0.0,0.0,-0.001,0.0,0.0,0.0,-14.3,-12.8,0.0143,16.0,25903.0
2026-07-30T18:58:22.918Z,72.401,72.414,-7.4,7.4,0.0,0.0,0.0,0.0,0.0,1.0,1.0,0.0,1.0,0.0,0.0,0.0,8.0,6.0,0.0,0.0,0.0,0.0,0.0,0.0,0.0,0.0,6.0,12.0,1.0,12.04,5.01,2.51,1.5,-2.2,0.2,2.2,301.1,-0.1,-12.0,2.3000000000000003,9.9,-82.2,0.0,0.0,219.8,0.0,22.200000000000003,35.1,35.1,38.5,300.0,300.0,30.1,36.8,35.5,35.4,37.5,4.95,2.0,4.96,0.16,0.0,0.0,1027.0,8228.0,0.0,0.0,0.0,0.0,0.0,1.0,0.0,0.0,0.0,-0.001,0.0,0.1,0.0,-12.9,-12.7,0.0147,16.0,25903.0
2026-07-30T18:58:22.930Z,72.413,72.426,-7.4,7.4,0.0,0.0,0.0,0.0,0.0,1.0,1.0,0.0,1.0,0.0,0.0,0.0,8.0,6.0,0.0,0.0,0.0,0.0,0.0,0.0,0.0,0.0,2.0,12.0,1.0,12.06,5.01,2.51,1.49,-2.1,0.3,2.1,301.1,-0.1,-12.0,2.9000000000000004,11.6,-82.2,0.0,0.0,219.7,0.0,22.1,35.1,35.1,38.5,300.0,300.0,30.200000000000003,36.7,35.6,35.4,37.6,4.96,2.0,4.96,0.16,0.0,0.0,1027.0,8228.0,0.0,0.0,0.0,0.0,0.0,1.0,0.0,0.0,0.0,-0.001,0.0,0.3,0.0,-15.4,-12.8,0.0151,16.0,25903.0
2026-07-30T18:58:22.943Z,72.426,72.438,-7.4,7.4,0.0,0.0,0.0,0.0,0.0,1.0,1.0,0.0,1.0,0.0,0.0,0.0,8.0,6.0,0.0,0.0,0.0,0.0,0.0,0.0,0.0,0.0,3.0,12.0,1.0,12.06,5.01,2.51,1.49,-2.3000000000000003,0.3,2.3000000000000003,301.1,-0.1,-12.0,1.7000000000000002,8.700000000000001,-82.2,0.0,0.0,219.7,0.0,22.1,35.1,35.1,38.5,300.0,300.0,30.200000000000003,36.7,35.6,35.4,37.6,4.95,2.0,4.96,0.16,0.0,0.0,1027.0,8228.0,0.0,0.0,0.0,0.0,0.0,1.0,0.0,0.0,0.0,-0.001,0.0,-0.1,0.0,-11.2,-12.8,0.0146,16.0,25903.0
2026-07-30T18:58:22.954Z,72.437,72.45,-7.5,7.4,0.0,0.0,0.0,0.0,0.0,1.0,1.0,0.0,1.0,0.0,0.0,0.0,8.0,6.0,0.0,0.0,0.0,0.0,0.0,0.0,0.0,0.0,5.0,12.0,1.0,12.06,5.01,2.51,1.49,-2.2,0.3,2.2,301.1,-0.1,-11.4,1.7000000000000002,10.4,-82.2,0.0,0.0,219.6,0.0,22.1,35.1,35.1,38.5,300.0,300.0,30.200000000000003,36.7,35.6,35.4,37.6,4.95,2.0,4.96,0.16,0.0,0.0,1027.0,8228.0,0.0,0.0,0.0,0.0,0.0,1.0,0.0,0.0,0.0,-0.001,0.0,-0.4,0.0,-13.2,-12.8,0.0156,16.0,25903.0
2026-07-30T18:58:22.966Z,72.449,72.462,-7.5,7.4,0.0,0.0,0.0,0.0,0.0,1.0,1.0,0.0,1.0,0.0,0.0,0.0,8.0,6.0,0.0,0.0,0.0,0.0,0.0,0.0,0.0,0.0,6.0,12.0,1.0,12.06,5.01,2.51,1.49,-2.3000000000000003,0.3,2.3000000000000003,301.0,-0.1,-12.6,1.7000000000000002,8.1,-82.10000000000001,0.0,0.0,219.5,0.0,22.1,35.1,35.1,38.5,300.0,300.0,30.200000000000003,36.7,35.6,35.4,37.6,4.95,2.0,4.97,0.16,0.0,0.0,1027.0,8228.0,0.0,0.0,0.0,0.0,0.0,1.0,0.0,0.0,0.0,-0.001,0.0,0.0,0.0,-10.5,-12.7,0.0149,16.0,25903.0
2026-07-30T18:58:22.978Z,72.461,72.474,-7.4,7.4,0.0,0.0,0.0,0.0,0.0,1.0,1.0,0.0,1.0,0.0,0.0,0.0,8.0,6.0,0.0,0.0,0.0,0.0,0.0,0.0,0.0,0.0,2.0,12.0,1.0,12.06,5.01,2.51,1.49,-2.2,0.3,2.3000000000000003,300.90000000000003,-0.1,-11.4,2.3000000000000003,8.700000000000001,-82.10000000000001,0.0,0.0,219.6,0.0,22.1,35.1,35.1,38.5,300.0,300.0,30.200000000000003,36.7,35.6,35.4,37.6,4.95,2.0,4.97,0.16,0.0,0.0,1027.0,8228.0,0.0,0.0,0.0,0.0,0.0,1.0,0.0,0.0,0.0,-0.001,0.0,0.3,0.0,-11.6,-12.7,0.0156,16.0,25903.0
2026-07-30T18:58:22.990Z,72.473,72.486,-7.4,7.4,0.0,0.0,0.0,0.0,0.0,1.0,1.0,0.0,1.0,0.0,0.0,0.0,8.0,6.0,0.0,0.0,0.0,0.0,0.0,0.0,0.0,0.0,3.0,12.0,1.0,12.06,5.01,2.51,1.49,-2.2,0.3,2.2,301.1,-0.1,-12.0,1.7000000000000002,10.4,-82.10000000000001,0.0,0.0,219.6,0.0,22.1,35.1,35.1,38.5,300.0,300.0,30.200000000000003,36.7,35.6,35.4,37.6,4.95,2.0,4.96,0.16,0.0,0.0,1027.0,8228.0,0.0,0.0,0.0,0.0,0.0,1.0,0.0,0.0,0.0,-0.001,0.0,-0.4,0.0,-13.2,-12.8,0.0153,16.0,25903.0
2026-07-30T18:58:23.002Z,72.485,72.498,-7.5,7.4,0.0,0.0,0.0,0.0,0.0,1.0,1.0,0.0,1.0,0.0,0.0,0.0,8.0,6.0,0.0,0.0,0.0,0.0,0.0,0.0,0.0,0.0,5.0,12.0,1.0,12.06,5.01,2.51,1.49,-2.3000000000000003,0.3,2.3000000000000003,300.90000000000003,-0.1,-12.0,1.1,8.700000000000001,-82.10000000000001,0.0,0.0,219.6,0.0,22.1,35.1,35.1,38.5,300.0,300.0,30.200000000000003,36.7,35.6,35.4,37.6,4.95,2.0,4.96,0.16,0.0,0.0,1027.0,8228.0,0.0,0.0,0.0,0.0,0.0,1.0,0.0,0.0,0.0,-0.001,0.0,-0.6000000000000001,0.0,-10.8,-12.8,0.0151,16.0,25903.0
2026-07-30T18:58:23.015Z,72.498,72.51,-7.5,7.4,0.0,0.0,0.0,0.0,0.0,1.0,1.0,0.0,1.0,0.0,0.0,0.0,8.0,6.0,0.0,0.0,0.0,0.0,0.0,0.0,0.0,0.0,6.0,12.0,1.0,12.06,5.01,2.51,1.49,-2.1,0.3,2.2,301.0,-0.1,-13.2,2.3000000000000003,11.0,-82.10000000000001,0.0,0.0,219.6,0.0,22.1,35.1,35.1,38.5,300.0,300.0,30.200000000000003,36.7,35.6,35.4,37.6,4.95,2.0,4.97,0.16,0.0,0.0,1027.0,8228.0,0.0,0.0,0.0,0.0,0.0,1.0,0.0,0.0,0.0,-0.001,0.0,0.0,0.0,-14.3,-12.7,0.0155,16.0,25903.0
2026-07-30T18:58:23.028Z,72.511,72.522,-7.5,7.4,0.0,0.0,0.0,0.0,0.0,1.0,1.0,0.0,1.0,0.0,0.0,0.0,8.0,6.0,0.0,0.0,0.0,0.0,0.0,0.0,0.0,0.0,2.0,12.0,1.0,12.06,5.0200000000000005,2.5,1.49,-2.2,0.3,2.3000000000000003,301.1,-0.1,-12.6,1.7000000000000002,8.700000000000001,-82.10000000000001,0.0,0.0,219.6,0.0,21.700000000000003,35.1,35.1,38.5,300.0,300.0,30.1,36.6,35.5,35.4,37.6,4.95,1.99,4.97,0.16,0.0,0.0,1027.0,8228.0,0.0,0.0,0.0,0.0,0.0,1.0,0.0,0.0,0.0,-0.001,0.0,-0.1,0.0,-11.2,-12.7,0.0147,16.0,25903.0
2026-07-30T18:58:23.038Z,72.521,72.534,-7.5,7.4,0.0,0.0,0.0,0.0,0.0,1.0,1.0,0.0,1.0,0.0,0.0,0.0,8.0,6.0,0.0,0.0,0.0,0.0,0.0,0.0,0.0,0.0,3.0,12.0,1.0,12.06,5.0200000000000005,2.5,1.49,-2.3000000000000003,0.3,2.3000000000000003,301.0,-0.1,-12.6,1.1,8.700000000000001,-82.10000000000001,0.0,0.0,219.7,0.0,21.700000000000003,35.1,35.1,38.5,300.0,300.0,30.1,36.6,35.5,35.4,37.6,4.96,1.99,4.96,0.16,0.0,0.0,1027.0,8228.0,0.0,0.0,0.0,0.0,0.0,1.0,0.0,0.0,0.0,-0.001,0.0,-0.6000000000000001,0.0,-10.8,-12.7,0.0147,16.0,25903.0
2026-07-30T18:58:23.050Z,72.533,72.546,-7.5,7.4,0.0,0.0,0.0,0.0,0.0,1.0,1.0,0.0,1.0,0.0,0.0,0.0,8.0,6.0,0.0,0.0,0.0,0.0,0.0,0.0,0.0,0.0,4.0,12.0,1.0,12.06,5.0200000000000005,2.5,1.49,-2.2,0.3,2.2,301.1,-0.1,-12.6,1.1,9.3,-82.10000000000001,0.0,0.0,219.8,0.0,21.700000000000003,35.1,35.1,38.5,300.0,300.0,30.1,36.6,35.5,35.4,37.6,4.95,2.0,4.96,0.16,0.0,0.0,1027.0,8228.0,0.0,0.0,0.0,0.0,0.0,1.0,0.0,0.0,0.0,-0.001,0.0,-0.7000000000000001,0.0,-11.4,-12.8,0.0148,16.0,25903.0
2026-07-30T18:58:23.062Z,72.545,72.558,-7.5,7.4,0.0,0.0,0.0,0.0,0.0,1.0,1.0,0.0,1.0,0.0,0.0,0.0,8.0,6.0,0.0,0.0,0.0,0.0,0.0,0.0,0.0,0.0,6.0,12.0,1.0,12.06,5.0200000000000005,2.5,1.49,-2.3000000000000003,0.3,2.3000000000000003,301.1,-0.1,-12.6,0.5,8.1,-82.10000000000001,0.0,0.0,219.7,0.0,21.700000000000003,35.1,35.1,38.5,300.0,300.0,30.1,36.6,35.5,35.4,37.6,4.95,2.0,4.97,0.16,0.0,0.0,1027.0,8228.0,0.0,0.0,0.0,0.0,0.0,1.0,0.0,0.0,0.0,-0.001,0.0,-1.0,0.0,-9.7,-12.7,0.0141,16.0,25903.0
2026-07-30T18:58:23.075Z,72.558,72.57000000000001,-7.4,7.4,0.0,0.0,0.0,0.0,0.0,1.0,1.0,0.0,1.0,0.0,0.0,0.0,8.0,6.0,0.0,0.0,0.0,0.0,0.0,0.0,0.0,0.0,1.0,12.0,1.0,12.06,5.0200000000000005,2.5,1.49,-2.1,0.3,2.2,301.0,-0.1,-12.6,2.3000000000000003,11.0,-82.10000000000001,0.0,0.0,219.7,0.0,21.700000000000003,35.1,35.1,38.5,300.0,300.0,30.1,36.6,35.5,35.4,37.6,4.95,2.0,4.97,0.16,0.0,0.0,1027.0,8228.0,0.0,0.0,0.0,0.0,0.0,1.0,0.0,0.0,0.0,-0.001,0.0,0.0,0.0,-14.3,-12.7,0.0142,16.0,25903.0
2026-07-30T18:58:23.087Z,72.57,72.58200000000001,-7.4,7.4,0.0,0.0,0.0,0.0,0.0,1.0,1.0,0.0,1.0,0.0,0.0,0.0,8.0,6.0,0.0,0.0,0.0,0.0,0.0,0.0,0.0,0.0,2.0,12.0,1.0,12.06,5.0200000000000005,2.5,1.49,-2.2,0.2,2.2,300.90000000000003,-0.1,-11.4,2.9000000000000004,10.4,-82.10000000000001,0.0,0.0,219.7,0.0,21.700000000000003,35.1,35.1,38.5,300.0,300.0,30.1,36.6,35.5,35.4,37.6,4.96,2.0,4.97,0.16,0.0,0.0,1027.0,8228.0,0.0,0.0,0.0,0.0,0.0,1.0,0.0,0.0,0.0,-0.001,0.0,0.5,0.0,-14.0,-12.9,0.0152,16.0,25903.0
2026-07-30T18:58:23.098Z,72.581,72.59400000000001,-7.5,7.4,0.0,0.0,0.0,0.0,0.0,1.0,1.0,0.0,1.0,0.0,0.0,0.0,8.0,6.0,0.0,0.0,0.0,0.0,0.0,0.0,0.0,0.0,4.0,12.0,1.0,12.06,5.0200000000000005,2.5,1.49,-2.1,0.2,2.1,301.1,-0.1,-10.3,2.9000000000000004,11.6,-82.10000000000001,0.0,0.0,219.6,0.0,21.700000000000003,35.1,35.1,38.5,300.0,300.0,30.1,36.6,35.5,35.4,37.6,4.95,2.0,4.96,0.16,0.0,0.0,1027.0,8228.0,0.0,0.0,0.0,0.0,0.0,1.0,0.0,0.0,0.0,-0.001,0.0,0.3,0.0,-15.4,-12.8,0.015,16.0,25903.0
2026-07-30T18:58:23.111Z,72.594,72.606,-7.5,7.4,0.0,0.0,0.0,0.0,0.0,1.0,1.0,0.0,1.0,0.0,0.0,0.0,8.0,6.0,0.0,0.0,0.0,0.0,0.0,0.0,0.0,0.0,5.0,12.0,1.0,12.06,5.0200000000000005,2.5,1.49,-2.1,0.3,2.2,301.0,-0.1,-11.4,2.3000000000000003,10.4,-82.10000000000001,0.0,0.0,219.6,0.0,21.700000000000003,35.1,35.1,38.5,300.0,300.0,30.1,36.6,35.5,35.4,37.6,4.95,2.0,4.96,0.16,0.0,0.0,1027.0,8228.0,0.0,0.0,0.0,0.0,0.0,1.0,0.0,0.0,0.0,-0.001,0.0,0.5,0.0,-14.0,-12.7,0.015,16.0,25903.0
2026-07-30T18:58:23.123Z,72.606,72.618,-7.5,7.4,0.0,0.0,0.0,0.0,0.0,1.0,1.0,0.0,1.0,0.0,0.0,0.0,8.0,6.0,0.0,0.0,0.0,0.0,0.0,0.0,0.0,0.0,6.0,12.0,1.0,12.06,5.0200000000000005,2.5,1.49,-2.1,0.3,2.2,301.1,-0.1,-10.9,2.9000000000000004,9.9,-82.10000000000001,0.0,0.0,219.7,0.0,21.700000000000003,35.1,35.1,38.5,300.0,300.0,30.1,36.6,35.5,35.4,37.6,4.95,2.0,4.96,0.16,0.0,0.0,1027.0,8228.0,0.0,0.0,0.0,0.0,0.0,1.0,0.0,0.0,0.0,-0.001,0.0,-0.1,0.0,-14.9,-12.7,0.0146,16.0,25903.0
2026-07-30T18:58:23.135Z,72.618,72.63,-7.4,7.4,0.0,0.0,0.0,0.0,0.0,1.0,1.0,0.0,1.0,0.0,0.0,0.0,8.0,6.0,0.0,0.0,0.0,0.0,0.0,0.0,0.0,0.0,2.0,12.0,1.0,12.05,5.01,2.5,1.49,-2.2,0.3,2.3000000000000003,301.0,-0.1,-11.4,2.3000000000000003,11.6,-82.0,0.0,0.0,219.6,0.0,22.200000000000003,35.1,35.1,38.5,300.0,300.0,30.1,36.5,35.6,35.4,37.6,4.96,2.0,4.97,0.16,0.0,0.0,1027.0,8228.0,0.0,0.0,0.0,0.0,0.0,1.0,0.0,0.0,0.0,-0.001,0.0,-0.7000000000000001,0.0,-11.4,-12.8,0.0145,16.0,25903.0
2026-07-30T18:58:23.147Z,72.63,72.642,-7.5,7.4,0.0,0.0,0.0,0.0,0.0,1.0,1.0,0.0,1.0,0.0,0.0,0.0,8.0,6.0,0.0,0.0,0.0,0.0,0.0,0.0,0.0,0.0,2.0,12.0,1.0,12.05,5.01,2.5,1.49,-2.1,0.3,2.1,301.1,-0.1,-11.4,2.9000000000000004,11.6,-82.0,0.0,0.0,219.6,0.0,22.200000000000003,35.1,35.1,38.5,300.0,300.0,30.1,36.5,35.6,35.4,37.6,4.95,2.0,4.96,0.16,0.0,0.0,1027.0,8228.0,0.0,0.0,0.0,0.0,0.0,1.0,0.0,0.0,0.0,-0.001,0.0,0.3,0.0,-15.4,-12.8,0.0154,16.0,25903.0
2026-07-30T18:58:23.161Z,72.644,72.654,-7.5,7.4,0.0,0.0,0.0,0.0,0.0,1.0,1.0,0.0,1.0,0.0,0.0,0.0,8.0,6.0,0.0,0.0,0.0,0.0,0.0,0.0,0.0,0.0,3.0,12.0,1.0,12.05,5.01,2.5,1.49,-2.2,0.3,2.2,301.0,-0.1,-12.0,2.3000000000000003,9.9,-82.0,0.0,0.0,219.5,0.0,22.200000000000003,35.1,35.1,38.5,300.0,300.0,30.1,36.5,35.6,35.4,37.6,4.95,2.0,4.96,0.16,0.0,0.0,1027.0,8228.0,0.0,0.0,0.0,0.0,0.0,1.0,0.0,0.0,0.0,-0.001,0.0,0.1,0.0,-12.9,-12.7,0.0143,16.0,25903.0
2026-07-30T18:58:23.176Z,72.659,72.666,-7.4,7.4,0.0,0.0,0.0,0.0,0.0,1.0,1.0,0.0,1.0,0.0,0.0,0.0,8.0,6.0,0.0,0.0,0.0,0.0,0.0,0.0,0.0,0.0,1.0,12.0,1.0,12.05,5.01,2.5,1.49,-2.1,0.3,2.2,301.0,-0.1,-12.0,2.3000000000000003,11.0,-82.0,0.0,0.0,219.6,0.0,22.200000000000003,35.1,35.1,38.5,300.0,300.0,30.1,36.5,35.6,35.4,37.6,4.95,2.0,4.96,0.16,0.0,0.0,1027.0,8228.0,0.0,0.0,0.0,0.0,0.0,1.0,0.0,0.0,0.0,-0.001,0.0,0.0,0.0,-14.3,-12.7,0.0148,16.0,25903.0
2026-07-30T18:58:23.182Z,72.665,72.678,-7.4,7.4,0.0,0.0,0.0,0.0,0.0,1.0,1.0,0.0,1.0,0.0,0.0,0.0,8.0,6.0,0.0,0.0,0.0,0.0,0.0,0.0,0.0,0.0,6.0,12.0,1.0,12.05,5.01,2.5,1.49,-2.2,0.3,2.2,301.1,-0.1,-12.6,1.7000000000000002,9.3,-82.0,0.0,0.0,219.6,0.0,22.200000000000003,35.1,35.1,38.5,300.0,300.0,30.1,36.5,35.6,35.4,37.6,4.95,2.0,4.96,0.16,0.0,0.0,1027.0,8228.0,0.0,0.0,0.0,0.0,0.0,1.0,0.0,0.0,0.0,-0.001,0.0,-0.2,0.0,-11.8,-12.8,0.0146,16.0,25903.0
2026-07-30T18:58:23.194Z,72.677,72.69,-7.4,7.4,0.0,0.0,0.0,0.0,0.0,1.0,1.0,0.0,1.0,0.0,0.0,0.0,8.0,6.0,0.0,0.0,0.0,0.0,0.0,0.0,0.0,0.0,1.0,12.0,1.0,12.05,5.01,2.5,1.49,-2.2,0.3,2.2,301.0,-0.1,-12.0,0.5,10.4,-82.0,0.0,0.0,219.7,0.0,22.200000000000003,35.1,35.1,38.5,300.0,300.0,30.1,36.5,35.6,35.4,37.6,4.96,2.0,4.96,0.16,0.0,0.0,1027.0,8228.0,0.0,0.0,0.0,0.0,0.0,1.0,0.0,0.0,0.0,-0.001,0.0,-1.5,0.0,-12.3,-12.9,0.0152,16.0,25903.0
2026-07-30T18:58:23.207Z,72.69,72.702,-7.4,7.4,0.0,0.0,0.0,0.0,0.0,1.0,1.0,0.0,1.0,0.0,0.0,0.0,8.0,6.0,0.0,0.0,0.0,0.0,0.0,0.0,0.0,0.0,2.0,12.0,1.0,12.05,5.01,2.5,1.49,-2.2,0.3,2.2,301.0,-0.1,-12.0,1.1,10.4,-82.0,0.0,0.0,219.7,0.0,22.200000000000003,35.1,35.1,38.5,300.0,300.0,30.1,36.5,35.6,35.4,37.6,4.96,2.0,4.97,0.16,0.0,0.0,1027.0,8228.0,0.0,0.0,0.0,0.0,0.0,1.0,0.0,0.0,0.0,-0.001,0.0,-1.0,0.0,-12.8,-12.8,0.0151,16.0,25903.0
2026-07-30T18:58:23.219Z,72.702,72.714,-7.4,7.4,0.0,0.0,0.0,0.0,0.0,1.0,1.0,0.0,1.0,0.0,0.0,0.0,8.0,6.0,0.0,0.0,0.0,0.0,0.0,0.0,0.0,0.0,4.0,12.0,1.0,12.05,5.01,2.5,1.49,-2.3000000000000003,0.3,2.3000000000000003,301.1,-0.1,-12.6,1.1,8.700000000000001,-82.0,0.0,0.0,219.8,0.0,22.200000000000003,35.1,35.1,38.5,300.0,300.0,30.1,36.5,35.6,35.4,37.6,4.95,2.0,4.97,0.16,0.0,0.0,1027.0,8228.0,0.0,0.0,0.0,0.0,0.0,1.0,0.0,0.0,0.0,-0.001,0.0,-0.6000000000000001,0.0,-10.7,-12.8,0.015,16.0,25903.0
2026-07-30T18:58:23.232Z,72.715,72.726,-7.4,7.4,0.0,0.0,0.0,0.0,0.0,1.0,1.0,0.0,1.0,0.0,0.0,0.0,8.0,6.0,0.0,0.0,0.0,0.0,0.0,0.0,0.0,0.0,5.0,12.0,1.0,12.05,5.01,2.51,1.5,-2.3000000000000003,0.3,2.3000000000000003,300.90000000000003,-0.1,-12.6,0.5,7.5,-82.10000000000001,0.0,0.0,219.7,0.0,22.1,35.1,35.1,38.5,300.0,300.0,30.1,36.7,35.6,35.4,37.6,4.95,2.0,4.96,0.16,0.0,0.0,1027.0,8228.0,0.0,0.0,0.0,0.0,0.0,1.0,0.0,0.0,0.0,-0.001,0.0,-0.9,0.0,-9.0,-12.8,0.0155,16.0,25903.0
2026-07-30T18:58:23.243Z,72.726,72.738,-7.5,7.4,0.0,0.0,0.0,0.0,0.0,1.0,1.0,0.0,1.0,0.0,0.0,0.0,8.0,6.0,0.0,0.0,0.0,0.0,0.0,0.0,0.0,0.0,5.0,12.0,1.0,12.05,5.01,2.51,1.5,-2.2,0.3,2.2,301.1,-0.1,-13.2,1.1,9.3,-82.10000000000001,0.0,0.0,219.7,0.0,22.1,35.1,35.1,38.5,300.0,300.0,30.1,36.7,35.6,35.4,37.6,4.96,2.0,4.96,0.16,0.0,0.0,1027.0,8228.0,0.0,0.0,0.0,0.0,0.0,1.0,0.0,0.0,0.0,-0.001,0.0,-0.7000000000000001,0.0,-11.4,-12.8,0.0159,16.0,25903.0
2026-07-30T18:58:23.255Z,72.738,72.75,-7.5,7.4,0.0,0.0,0.0,0.0,0.0,1.0,1.0,0.0,1.0,0.0,0.0,0.0,8.0,6.0,0.0,0.0,0.0,0.0,0.0,0.0,0.0,0.0,1.0,12.0,1.0,12.05,5.01,2.51,1.5,-2.2,0.2,2.2,301.1,-0.1,-12.0,2.9000000000000004,9.3,-82.10000000000001,0.0,0.0,219.7,0.0,22.1,35.1,35.1,38.5,300.0,300.0,30.1,36.7,35.6,35.4,37.6,4.96,2.0,4.96,0.16,0.0,0.0,1027.0,8228.0,0.0,0.0,0.0,0.0,0.0,1.0,0.0,0.0,0.0,-0.001,0.0,0.7000000000000001,0.0,-12.7,-12.8,0.0153,16.0,25903.0
2026-07-30T18:58:23.267Z,72.75,72.762,-7.4,7.4,0.0,0.0,0.0,0.0,0.0,1.0,1.0,0.0,1.0,0.0,0.0,0.0,8.0,6.0,0.0,0.0,0.0,0.0,0.0,0.0,0.0,0.0,2.0,12.0,1.0,12.05,5.01,2.51,1.5,-2.2,0.3,2.2,301.0,-0.1,-12.0,1.1,9.9,-82.10000000000001,0.0,0.0,219.7,0.0,22.1,35.1,35.1,38.5,300.0,300.0,30.1,36.7,35.6,35.4,37.6,4.95,2.0,4.96,0.16,0.0,0.0,1027.0,8228.0,0.0,0.0,0.0,0.0,0.0,1.0,0.0,0.0,0.0,-0.001,0.0,-0.8,0.0,-12.1,-12.7,0.0149,16.0,25903.0
2026-07-30T18:58:23.278Z,72.761,72.774,-7.4,7.4,0.0,0.0,0.0,0.0,0.0,1.0,1.0,0.0,1.0,0.0,0.0,0.0,8.0,6.0,0.0,0.0,0.0,0.0,0.0,0.0,0.0,0.0,3.0,12.0,1.0,12.05,5.01,2.51,1.5,-2.2,0.3,2.2,301.1,-0.1,-12.0,2.3000000000000003,9.9,-82.10000000000001,0.0,0.0,219.7,0.0,22.1,35.1,35.1,38.5,300.0,300.0,30.1,36.7,35.6,35.4,37.6,4.95,2.0,4.96,0.16,0.0,0.0,1027.0,8228.0,0.0,0.0,0.0,0.0,0.0,1.0,0.0,0.0,0.0,-0.001,0.0,0.1,0.0,-12.9,-12.8,0.0152,16.0,25903.0
2026-07-30T18:58:23.290Z,72.773,72.786,-7.5,7.4,0.0,0.0,0.0,0.0,0.0,1.0,1.0,0.0,1.0,0.0,0.0,0.0,8.0,6.0,0.0,0.0,0.0,0.0,0.0,0.0,0.0,0.0,4.0,12.0,1.0,12.05,5.01,2.51,1.5,-2.1,0.3,2.2,301.1,-0.1,-12.0,1.7000000000000002,11.0,-82.10000000000001,0.0,0.0,219.7,0.0,22.1,35.1,35.1,38.5,300.0,300.0,30.1,36.7,35.6,35.4,37.6,4.95,2.0,4.96,0.16,0.0,0.0,1027.0,8228.0,0.0,0.0,0.0,0.0,0.0,1.0,0.0,0.0,0.0,-0.001,0.0,-0.5,0.0,-13.9,-12.8,0.0149,16.0,25903.0
2026-07-30T18:58:23.302Z,72.785,72.798,-7.5,7.4,0.0,0.0,0.0,0.0,0.0,1.0,1.0,0.0,1.0,0.0,0.0,0.0,8.0,6.0,0.0,0.0,0.0,0.0,0.0,0.0,0.0,0.0,5.0,12.0,1.0,12.05,5.01,2.51,1.5,-2.1,0.3,2.2,301.0,-0.1,-10.9,2.3000000000000003,11.0,-82.10000000000001,0.0,0.0,219.7,0.0,22.1,35.1,35.1,38.5,300.0,300.0,30.1,36.7,35.6,35.4,37.6,4.95,2.0,4.96,0.16,0.0,0.0,1027.0,8228.0,0.0,0.0,0.0,0.0,0.0,1.0,0.0,0.0,0.0,-0.001,0.0,0.0,0.0,-14.3,-12.7,0.0147,16.0,25903.0
2026-07-30T18:58:23.315Z,72.798,72.81,-7.5,7.4,0.0,0.0,0.0,0.0,0.0,1.0,1.0,0.0,1.0,0.0,0.0,0.0,8.0,6.0,0.0,0.0,0.0,0.0,0.0,0.0,0.0,0.0,6.0,12.0,1.0,12.05,5.01,2.51,1.5,-2.2,0.2,2.2,301.0,-0.1,-12.0,2.9000000000000004,9.9,-82.10000000000001,0.0,0.0,219.8,0.0,22.1,35.1,35.1,38.5,300.0,300.0,30.1,36.7,35.6,35.4,37.6,4.96,2.0,4.96,0.16,0.0,0.0,1027.0,8228.0,0.0,0.0,0.0,0.0,0.0,1.0,0.0,0.0,0.0,-0.001,0.0,0.6000000000000001,0.0,-13.4,-12.8,0.0147,16.0,25903.0
2026-07-30T18:58:23.326Z,72.809,72.822,-7.4,7.4,0.0,0.0,0.0,0.0,0.0,1.0,1.0,0.0,1.0,0.0,0.0,0.0,8.0,6.0,0.0,0.0,0.0,0.0,0.0,0.0,0.0,0.0,1.0,12.0,1.0,12.05,5.01,2.51,1.5,-2.1,0.3,2.1,301.0,-0.1,-12.0,2.9000000000000004,12.2,-82.10000000000001,0.0,0.0,219.7,0.0,22.1,35.1,35.1,38.5,300.0,300.0,30.1,36.7,35.6,35.4,37.6,4.95,2.0,4.96,0.16,0.0,0.0,1027.0,8228.0,0.0,0.0,0.0,0.0,0.0,1.0,0.0,0.0,0.0,-0.001,0.0,0.2,0.0,-16.0,-12.7,0.0147,16.0,25903.0
2026-07-30T18:58:23.339Z,72.822,72.834,-7.4,7.4,0.0,0.0,0.0,0.0,0.0,1.0,1.0,0.0,1.0,0.0,0.0,0.0,8.0,6.0,0.0,0.0,0.0,0.0,0.0,0.0,0.0,0.0,2.0,12.0,1.0,12.04,5.01,2.5,1.49,-2.2,0.3,2.2,301.0,-0.1,-12.0,2.3000000000000003,9.9,-82.10000000000001,0.0,0.0,219.7,0.0,22.200000000000003,35.1,35.1,38.5,300.0,300.0,30.200000000000003,36.7,35.6,35.4,37.6,4.95,2.0,4.96,0.16,0.0,0.0,1027.0,8228.0,0.0,0.0,0.0,0.0,0.0,1.0,0.0,0.0,0.0,-0.001,0.0,0.1,0.0,-12.9,-12.8,0.0142,16.0,25903.0
2026-07-30T18:58:23.351Z,72.834,72.846,-7.5,7.4,0.0,0.0,0.0,0.0,0.0,1.0,1.0,0.0,1.0,0.0,0.0,0.0,8.0,6.0,0.0,0.0,0.0,0.0,0.0,0.0,0.0,0.0,2.0,12.0,1.0,12.04,5.01,2.5,1.49,-2.1,0.2,2.1,301.1,-0.1,-10.3,2.9000000000000004,11.0,-82.10000000000001,0.0,0.0,219.8,0.0,22.200000000000003,35.1,35.1,38.5,300.0,300.0,30.200000000000003,36.7,35.6,35.4,37.6,4.95,1.99,4.96,0.16,0.0,0.0,1027.0,8228.0,0.0,0.0,0.0,0.0,0.0,1.0,0.0,0.0,0.0,-0.001,0.0,0.4,0.0,-14.7,-12.9,0.015,16.0,25903.0
2026-07-30T18:58:23.362Z,72.845,72.858,-7.5,7.4,0.0,0.0,0.0,0.0,0.0,1.0,1.0,0.0,1.0,0.0,0.0,0.0,8.0,6.0,0.0,0.0,0.0,0.0,0.0,0.0,0.0,0.0,3.0,12.0,1.0,12.04,5.01,2.5,1.49,-2.1,0.3,2.2,301.0,-0.1,-11.4,2.3000000000000003,11.0,-82.10000000000001,0.0,0.0,219.6,0.0,22.200000000000003,35.1,35.1,38.5,300.0,300.0,30.200000000000003,36.7,35.6,35.4,37.6,4.96,2.0,4.96,0.16,0.0,0.0,1027.0,8228.0,0.0,0.0,0.0,0.0,0.0,1.0,0.0,0.0,0.0,-0.001,0.0,0.0,0.0,-14.3,-12.7,0.0145,16.0,25903.0
2026-07-30T18:58:23.375Z,72.858,72.87,-7.4,7.4,0.0,0.0,0.0,0.0,0.0,1.0,1.0,0.0,1.0,0.0,0.0,0.0,8.0,6.0,0.0,0.0,0.0,0.0,0.0,0.0,0.0,0.0,4.0,12.0,1.0,12.04,5.01,2.5,1.49,-2.2,0.3,2.2,301.1,-0.1,-11.4,2.3000000000000003,9.9,-82.10000000000001,0.0,0.0,219.7,0.0,22.200000000000003,35.1,35.1,38.5,300.0,300.0,30.200000000000003,36.7,35.6,35.4,37.6,4.95,2.0,4.96,0.16,0.0,0.0,1027.0,8228.0,0.0,0.0,0.0,0.0,0.0,1.0,0.0,0.0,0.0,-0.001,0.0,0.1,0.0,-12.9,-12.7,0.0147,16.0,25903.0
2026-07-30T18:58:23.387Z,72.87,72.882,-7.5,7.4,0.0,0.0,0.0,0.0,0.0,1.0,1.0,0.0,1.0,0.0,0.0,0.0,8.0,6.0,0.0,0.0,0.0,0.0,0.0,0.0,0.0,0.0,6.0,12.0,1.0,12.04,5.01,2.5,1.49,-2.2,0.3,2.2,301.1,-0.1,-11.4,1.7000000000000002,9.9,-82.10000000000001,0.0,0.0,219.6,0.0,22.200000000000003,35.1,35.1,38.5,300.0,300.0,30.200000000000003,36.7,35.6,35.4,37.6,4.95,2.0,4.97,0.16,0.0,0.0,1027.0,8228.0,0.0,0.0,0.0,0.0,0.0,1.0,0.0,0.0,0.0,-0.001,0.0,-0.3,0.0,-12.5,-12.8,0.0149,16.0,25903.0
2026-07-30T18:58:23.399Z,72.882,72.894,-7.5,7.4,0.0,0.0,0.0,0.0,0.0,1.0,1.0,0.0,1.0,0.0,0.0,0.0,8.0,6.0,0.0,0.0,0.0,0.0,0.0,0.0,0.0,0.0,6.0,12.0,1.0,12.04,5.01,2.5,1.49,-2.2,0.2,2.2,301.0,-0.1,-11.4,2.3000000000000003,9.3,-82.10000000000001,0.0,0.0,219.6,0.0,22.200000000000003,35.1,35.1,38.5,300.0,300.0,30.200000000000003,36.7,35.6,35.4,37.6,4.95,2.0,4.96,0.16,0.0,0.0,1027.0,8228.0,0.0,0.0,0.0,0.0,0.0,1.0,0.0,0.0,0.0,-0.001,0.0,0.2,0.0,-12.3,-12.8,0.015,16.0,25903.0
2026-07-30T18:58:23.411Z,72.894,72.906,-7.4,7.4,0.0,0.0,0.0,0.0,0.0,1.0,1.0,0.0,1.0,0.0,0.0,0.0,8.0,6.0,0.0,0.0,0.0,0.0,0.0,0.0,0.0,0.0,1.0,12.0,1.0,12.04,5.01,2.5,1.49,-2.1,0.2,2.1,301.1,-0.1,-11.4,2.9000000000000004,11.0,-82.10000000000001,0.0,0.0,219.7,0.0,22.200000000000003,35.1,35.1,38.5,300.0,300.0,30.200000000000003,36.7,35.6,35.4,37.6,4.96,2.0,4.96,0.16,0.0,0.0,1027.0,8228.0,0.0,0.0,0.0,0.0,0.0,1.0,0.0,0.0,0.0,-0.001,0.0,0.4,0.0,-14.7,-12.8,0.0151,16.0,25903.0
2026-07-30T18:58:23.423Z,72.906,72.918,-7.4,7.4,0.0,0.0,0.0,0.0,0.0,1.0,1.0,0.0,1.0,0.0,0.0,0.0,8.0,6.0,0.0,0.0,0.0,0.0,0.0,0.0,0.0,0.0,3.0,12.0,1.0,12.04,5.01,2.5,1.49,-2.1,0.3,2.2,301.1,-0.1,-12.0,1.7000000000000002,11.6,-82.10000000000001,0.0,0.0,219.8,0.0,22.200000000000003,35.1,35.1,38.5,300.0,300.0,30.200000000000003,36.7,35.6,35.4,37.6,4.95,2.0,4.96,0.16,0.0,0.0,1027.0,8228.0,0.0,0.0,0.0,0.0,0.0,1.0,0.0,0.0,0.0,-0.001,0.0,-0.7000000000000001,0.0,-14.5,-12.8,0.0146,16.0,25903.0
2026-07-30T18:58:23.436Z,72.919,72.93,-7.5,7.4,0.0,0.0,0.0,0.0,0.0,1.0,1.0,0.0,1.0,0.0,0.0,0.0,8.0,6.0,0.0,0.0,0.0,0.0,0.0,0.0,0.0,0.0,3.0,12.0,1.0,12.08,5.0200000000000005,2.5,1.49,-2.2,0.2,2.2,301.0,-0.1,-12.0,2.3000000000000003,9.9,-82.10000000000001,0.0,0.0,219.8,0.0,21.200000000000003,35.1,35.1,38.5,300.0,300.0,30.200000000000003,36.7,35.6,35.300000000000004,37.6,4.95,1.99,4.96,0.16,0.0,0.0,1027.0,8228.0,0.0,0.0,0.0,0.0,0.0,1.0,0.0,0.0,0.0,-0.001,0.0,0.1,0.0,-12.9,-12.8,0.0147,16.0,25903.0
2026-07-30T18:58:23.446Z,72.929,72.94200000000001,-7.4,7.4,0.0,0.0,0.0,0.0,0.0,1.0,1.0,0.0,1.0,0.0,0.0,0.0,8.0,6.0,0.0,0.0,0.0,0.0,0.0,0.0,0.0,0.0,5.0,12.0,1.0,12.08,5.0200000000000005,2.5,1.49,-2.2,0.3,2.2,301.0,-0.1,-11.4,2.3000000000000003,10.4,-82.10000000000001,0.0,0.0,219.7,0.0,21.200000000000003,35.1,35.1,38.5,300.0,300.0,30.200000000000003,36.7,35.6,35.300000000000004,37.6,4.95,2.0,4.96,0.16,0.0,0.0,1027.0,8228.0,0.0,0.0,0.0,0.0,0.0,1.0,0.0,0.0,0.0,-0.001,0.0,0.0,0.0,-13.6,-12.7,0.0149,16.0,25903.0
2026-07-30T18:58:23.458Z,72.941,72.95400000000001,-7.4,7.4,0.0,0.0,0.0,0.0,0.0,1.0,1.0,0.0,1.0,0.0,0.0,0.0,8.0,6.0,0.0,0.0,0.0,0.0,0.0,0.0,0.0,0.0,6.0,12.0,1.0,12.08,5.0200000000000005,2.5,1.49,-2.2,0.3,2.2,301.1,-0.1,-12.0,2.3000000000000003,9.3,-82.10000000000001,0.0,0.0,219.6,0.0,21.200000000000003,35.1,35.1,38.5,300.0,300.0,30.200000000000003,36.7,35.6,35.300000000000004,37.6,4.95,2.0,4.96,0.16,0.0,0.0,1027.0,8228.0,0.0,0.0,0.0,0.0,0.0,1.0,0.0,0.0,0.0,-0.001,0.0,0.2,0.0,-12.3,-12.8,0.0149,16.0,25903.0
2026-07-30T18:58:23.473Z,72.956,72.96600000000001,-7.4,7.4,0.0,0.0,0.0,0.0,0.0,1.0,1.0,0.0,1.0,0.0,0.0,0.0,8.0,6.0,0.0,0.0,0.0,0.0,0.0,0.0,0.0,0.0,1.0,12.0,1.0,12.08,5.0200000000000005,2.5,1.49,-2.3000000000000003,0.3,2.3000000000000003,301.0,-0.1,-12.6,1.7000000000000002,8.700000000000001,-82.10000000000001,0.0,0.0,219.7,0.0,21.200000000000003,35.1,35.1,38.5,300.0,300.0,30.200000000000003,36.7,35.6,35.300000000000004,37.6,4.95,2.0,4.96,0.16,0.0,0.0,1027.0,8228.0,0.0,0.0,0.0,0.0,0.0,1.0,0.0,0.0,0.0,-0.001,0.0,-0.1,0.0,-11.2,-12.8,0.0153,16.0,25903.0
2026-07-30T18:58:23.488Z,72.971,72.978,-7.4,7.4,0.0,0.0,0.0,0.0,0.0,1.0,1.0,0.0,1.0,0.0,0.0,0.0,8.0,6.0,0.0,0.0,0.0,0.0,0.0,0.0,0.0,0.0,1.0,12.0,1.0,12.08,5.0200000000000005,2.5,1.49,-2.2,0.3,2.2,301.0,-0.1,-12.6,1.7000000000000002,11.0,-82.10000000000001,0.0,0.0,219.7,0.0,21.200000000000003,35.1,35.1,38.5,300.0,300.0,30.200000000000003,36.7,35.6,35.300000000000004,37.6,4.96,2.0,4.96,0.16,0.0,0.0,1027.0,8228.0,0.0,0.0,0.0,0.0,0.0,1.0,0.0,0.0,0.0,-0.001,0.0,-0.5,0.0,-13.9,-12.9,0.0155,16.0,25903.0
2026-07-30T18:58:23.495Z,72.978,72.99,-7.4,7.4,0.0,0.0,0.0,0.0,0.0,1.0,1.0,0.0,1.0,0.0,0.0,0.0,8.0,6.0,0.0,0.0,0.0,0.0,0.0,0.0,0.0,0.0,5.0,12.0,1.0,12.08,5.0200000000000005,2.5,1.49,-2.2,0.3,2.2,301.0,-0.1,-12.6,1.1,10.4,-82.10000000000001,0.0,0.0,219.7,0.0,21.200000000000003,35.1,35.1,38.5,300.0,300.0,30.200000000000003,36.7,35.6,35.300000000000004,37.6,4.96,2.0,4.97,0.16,0.0,0.0,1027.0,8228.0,0.0,0.0,0.0,0.0,0.0,1.0,0.0,0.0,0.0,-0.001,0.0,-1.0,0.0,-12.8,-12.8,0.0149,16.0,25903.0
2026-07-30T18:58:23.506Z,72.989,73.002,-7.4,7.4,0.0,0.0,0.0,0.0,0.0,1.0,1.0,0.0,1.0,0.0,0.0,0.0,8.0,6.0,0.0,0.0,0.0,0.0,0.0,0.0,0.0,0.0,6.0,12.0,1.0,12.08,5.0200000000000005,2.5,1.49,-2.2,0.3,2.2,300.90000000000003,-0.1,-12.0,1.7000000000000002,9.9,-82.10000000000001,0.0,0.0,219.7,0.0,21.200000000000003,35.1,35.1,38.5,300.0,300.0,30.200000000000003,36.7,35.6,35.300000000000004,37.6,4.95,2.0,4.97,0.16,0.0,0.0,1027.0,8228.0,0.0,0.0,0.0,0.0,0.0,1.0,0.0,0.0,0.0,-0.001,0.0,-0.3,0.0,-12.5,-12.8,0.0152,16.0,25903.0
2026-07-30T18:58:23.519Z,73.002,73.014,-7.4,7.4,0.0,0.0,0.0,0.0,0.0,1.0,1.0,0.0,1.0,0.0,0.0,0.0,8.0,6.0,0.0,0.0,0.0,0.0,0.0,0.0,0.0,0.0,1.0,12.0,1.0,12.08,5.0200000000000005,2.5,1.49,-2.3000000000000003,0.3,2.3000000000000003,301.1,-0.1,-12.0,1.1,8.1,-82.10000000000001,0.0,0.0,219.6,0.0,21.200000000000003,35.1,35.1,38.5,300.0,300.0,30.200000000000003,36.7,35.6,35.300000000000004,37.6,4.95,2.0,4.96,0.16,0.0,0.0,1027.0,8228.0,0.0,0.0,0.0,0.0,0.0,1.0,0.0,0.0,0.0,-0.001,0.0,-0.5,0.0,-10.1,-12.8,0.0152,16.0,25903.0
2026-07-30T18:58:23.530Z,73.013,73.026,-7.4,7.4,0.0,0.0,0.0,0.0,0.0,1.0,1.0,0.0,1.0,0.0,0.0,0.0,8.0,6.0,0.0,0.0,0.0,0.0,0.0,0.0,0.0,0.0,2.0,12.0,1.0,12.08,5.0200000000000005,2.5,1.49,-2.3000000000000003,0.3,2.3000000000000003,301.1,-0.1,-13.2,1.7000000000000002,9.3,-82.10000000000001,0.0,0.0,219.5,0.0,21.200000000000003,35.1,35.1,38.5,300.0,300.0,30.200000000000003,36.7,35.6,35.300000000000004,37.6,4.95,2.0,4.96,0.16,0.0,0.0,1027.0,8228.0,0.0,0.0,0.0,0.0,0.0,1.0,0.0,0.0,0.0,-0.001,0.0,-0.2,0.0,-11.9,-12.8,0.0159,16.0,25903.0
2026-07-30T18:58:23.543Z,73.026,73.038,-7.5,7.4,0.0,0.0,0.0,0.0,0.0,1.0,1.0,0.0,1.0,0.0,0.0,0.0,8.0,6.0,0.0,0.0,0.0,0.0,0.0,0.0,0.0,0.0,4.0,12.0,1.0,12.09,5.0200000000000005,2.5,1.49,-2.3000000000000003,0.3,2.3000000000000003,301.0,-0.1,-12.0,1.1,8.700000000000001,-82.10000000000001,0.0,0.0,219.6,0.0,22.200000000000003,35.1,35.1,38.6,300.0,300.0,30.200000000000003,36.5,35.6,35.300000000000004,37.6,4.95,2.0,4.97,0.16,0.0,0.0,1027.0,8228.0,0.0,0.0,0.0,0.0,0.0,1.0,0.0,0.0,0.0,-0.001,0.0,-0.6000000000000001,0.0,-10.8,-12.8,0.0154,16.0,25903.0
2026-07-30T18:58:23.555Z,73.038,73.05,-7.5,7.4,0.0,0.0,0.0,0.0,0.0,1.0,1.0,0.0,1.0,0.0,0.0,0.0,8.0,6.0,0.0,0.0,0.0,0.0,0.0,0.0,0.0,0.0,5.0,12.0,1.0,12.09,5.0200000000000005,2.5,1.49,-2.2,0.3,2.2,301.1,-0.1,-12.0,1.1,10.4,-82.10000000000001,0.0,0.0,219.6,0.0,22.200000000000003,35.1,35.1,38.6,300.0,300.0,30.200000000000003,36.5,35.6,35.300000000000004,37.6,4.95,2.0,4.97,0.16,0.0,0.0,1027.0,8228.0,0.0,0.0,0.0,0.0,0.0,1.0,0.0,0.0,0.0,-0.001,0.0,-0.9,0.0,-12.8,-12.7,0.0147,16.0,25903.0
2026-07-30T18:58:23.566Z,73.049,73.062,-7.5,7.4,0.0,0.0,0.0,0.0,0.0,1.0,1.0,0.0,1.0,0.0,0.0,0.0,8.0,6.0,0.0,0.0,0.0,0.0,0.0,0.0,0.0,0.0,1.0,12.0,1.0,12.09,5.0200000000000005,2.5,1.49,-2.2,0.3,2.2,301.0,-0.1,-12.0,1.7000000000000002,9.9,-82.10000000000001,0.0,0.0,219.7,0.0,22.200000000000003,35.1,35.1,38.6,300.0,300.0,30.200000000000003,36.5,35.6,35.300000000000004,37.6,4.96,2.0,4.96,0.16,0.0,0.0,1027.0,8228.0,0.0,0.0,0.0,0.0,0.0,1.0,0.0,0.0,0.0,-0.001,0.0,-0.3,0.0,-12.5,-12.7,0.0143,16.0,25903.0
2026-07-30T18:58:23.579Z,73.062,73.074,-7.5,7.4,0.0,0.0,0.0,0.0,0.0,1.0,1.0,0.0,1.0,0.0,0.0,0.0,8.0,6.0,0.0,0.0,0.0,0.0,0.0,0.0,0.0,0.0,2.0,12.0,1.0,12.09,5.0200000000000005,2.5,1.49,-2.2,0.3,2.2,301.0,-0.1,-11.4,1.7000000000000002,10.4,-82.10000000000001,0.0,0.0,219.7,0.0,22.200000000000003,35.1,35.1,38.6,300.0,300.0,30.200000000000003,36.5,35.6,35.300000000000004,37.6,4.95,2.0,4.96,0.16,0.0,0.0,1027.0,8228.0,0.0,0.0,0.0,0.0,0.0,1.0,0.0,0.0,0.0,-0.001,0.0,-0.4,0.0,-13.2,-12.7,0.0149,16.0,25903.0
2026-07-30T18:58:23.590Z,73.073,73.086,-7.4,7.4,0.0,0.0,0.0,0.0,0.0,1.0,1.0,0.0,1.0,0.0,0.0,0.0,8.0,6.0,0.0,0.0,0.0,0.0,0.0,0.0,0.0,0.0,3.0,12.0,1.0,12.09,5.0200000000000005,2.5,1.49,-2.1,0.2,2.1,301.1,-0.1,-11.4,2.9000000000000004,11.6,-82.10000000000001,0.0,0.0,219.7,0.0,22.200000000000003,35.1,35.1,38.6,300.0,300.0,30.200000000000003,36.5,35.6,35.300000000000004,37.6,4.95,2.0,4.96,0.16,0.0,0.0,1027.0,8228.0,0.0,0.0,0.0,0.0,0.0,1.0,0.0,0.0,0.0,-0.001,0.0,0.3,0.0,-15.4,-12.7,0.0151,16.0,25903.0
2026-07-30T18:58:23.602Z,73.085,73.098,-7.4,7.4,0.0,0.0,0.0,0.0,0.0,1.0,1.0,0.0,1.0,0.0,0.0,0.0,8.0,6.0,0.0,0.0,0.0,0.0,0.0,0.0,0.0,0.0,4.0,12.0,1.0,12.09,5.0200000000000005,2.5,1.49,-2.2,0.2,2.2,300.90000000000003,-0.1,-11.4,2.9000000000000004,9.9,-82.10000000000001,0.0,0.0,219.7,0.0,22.200000000000003,35.1,35.1,38.6,300.0,300.0,30.200000000000003,36.5,35.6,35.300000000000004,37.6,4.96,2.0,4.96,0.16,0.0,0.0,1027.0,8228.0,0.0,0.0,0.0,0.0,0.0,1.0,0.0,0.0,0.0,-0.001,0.0,0.6000000000000001,0.0,-13.4,-12.8,0.0152,16.0,25903.0
2026-07-30T18:58:23.615Z,73.098,73.11,-7.4,7.4,0.0,0.0,0.0,0.0,0.0,1.0,1.0,0.0,1.0,0.0,0.0,0.0,8.0,6.0,0.0,0.0,0.0,0.0,0.0,0.0,0.0,0.0,5.0,12.0,1.0,12.09,5.0200000000000005,2.5,1.49,-2.2,0.2,2.2,300.90000000000003,-0.1,-12.0,2.9000000000000004,9.9,-82.10000000000001,0.0,0.0,219.8,0.0,22.200000000000003,35.1,35.1,38.6,300.0,300.0,30.200000000000003,36.5,35.6,35.300000000000004,37.6,4.96,2.0,4.97,0.16,0.0,0.0,1027.0,8228.0,0.0,0.0,0.0,0.0,0.0,1.0,0.0,0.0,0.0,-0.001,0.0,0.6000000000000001,0.0,-13.4,-12.8,0.0146,16.0,25903.0
2026-07-30T18:58:23.627Z,73.11,73.122,-7.5,7.4,0.0,0.0,0.0,0.0,0.0,1.0,1.0,0.0,1.0,0.0,0.0,0.0,8.0,6.0,0.0,0.0,0.0,0.0,0.0,0.0,0.0,0.0,1.0,12.0,1.0,12.09,5.0200000000000005,2.5,1.49,-2.2,0.2,2.2,301.1,-0.1,-10.9,2.3000000000000003,9.9,-82.10000000000001,0.0,0.0,219.8,0.0,22.200000000000003,35.1,35.1,38.6,300.0,300.0,30.200000000000003,36.5,35.6,35.300000000000004,37.6,4.95,2.0,4.97,0.16,0.0,0.0,1027.0,8228.0,0.0,0.0,0.0,0.0,0.0,1.0,0.0,0.0,0.0,-0.001,0.0,0.4,0.0,-14.7,-12.8,0.0145,16.0,25903.0
2026-07-30T18:58:23.640Z,73.123,73.134,-7.5,7.4,0.0,0.0,0.0,0.0,0.0,1.0,1.0,0.0,1.0,0.0,0.0,0.0,8.0,6.0,0.0,0.0,0.0,0.0,0.0,0.0,0.0,0.0,1.0,12.0,1.0,12.05,5.01,2.5,1.49,-2.1,0.2,2.1,300.90000000000003,-0.1,-10.3,2.9000000000000004,10.4,-82.10000000000001,0.0,0.0,219.7,0.0,22.200000000000003,35.2,35.1,38.5,300.0,300.0,30.1,36.5,35.6,35.4,37.6,4.95,2.0,4.96,0.16,0.0,0.0,1027.0,8228.0,0.0,0.0,0.0,0.0,0.0,1.0,0.0,0.0,0.0,-0.001,0.0,1.0,0.0,-14.5,-12.8,0.0145,16.0,25903.0
2026-07-30T18:58:23.651Z,73.134,73.146,-7.4,7.4,0.0,0.0,0.0,0.0,0.0,1.0,1.0,0.0,1.0,0.0,0.0,0.0,8.0,6.0,0.0,0.0,0.0,0.0,0.0,0.0,0.0,0.0,2.0,12.0,1.0,12.05,5.01,2.5,1.49,-2.2,0.2,2.3000000000000003,301.1,-0.1,-12.0,2.3000000000000003,8.700000000000001,-82.10000000000001,0.0,0.0,219.7,0.0,22.200000000000003,35.2,35.1,38.5,300.0,300.0,30.1,36.5,35.6,35.4,37.6,4.95,2.0,4.96,0.16,0.0,0.0,1027.0,8228.0,0.0,0.0,0.0,0.0,0.0,1.0,0.0,0.0,0.0,-0.001,0.0,0.3,0.0,-11.6,-12.7,0.0145,16.0,25903.0
2026-07-30T18:58:23.662Z,73.145,73.158,-7.4,7.4,0.0,0.0,0.0,0.0,0.0,1.0,1.0,0.0,1.0,0.0,0.0,0.0,8.0,6.0,0.0,0.0,0.0,0.0,0.0,0.0,0.0,0.0,3.0,12.0,1.0,12.05,5.01,2.5,1.49,-2.2,0.3,2.2,301.0,-0.1,-11.4,2.3000000000000003,9.9,-82.10000000000001,0.0,0.0,219.6,0.0,22.200000000000003,35.2,35.1,38.5,300.0,300.0,30.1,36.5,35.6,35.4,37.6,4.96,2.0,4.97,0.16,0.0,0.0,1027.0,8228.0,0.0,0.0,0.0,0.0,0.0,1.0,0.0,0.0,0.0,-0.001,0.0,0.1,0.0,-12.9,-12.8,0.0153,16.0,25903.0
2026-07-30T18:58:23.674Z,73.157,73.17,-7.4,7.4,0.0,0.0,0.0,0.0,0.0,1.0,1.0,0.0,1.0,0.0,0.0,0.0,8.0,6.0,0.0,0.0,0.0,0.0,0.0,0.0,0.0,0.0,4.0,12.0,1.0,12.05,5.01,2.5,1.49,-2.2,0.3,2.3000000000000003,301.1,-0.1,-12.0,1.1,9.3,-82.10000000000001,0.0,0.0,219.7,0.0,22.200000000000003,35.2,35.1,38.5,300.0,300.0,30.1,36.5,35.6,35.4,37.6,4.95,2.0,4.96,0.16,0.0,0.0,1027.0,8228.0,0.0,0.0,0.0,0.0,0.0,1.0,0.0,0.0,0.0,-0.001,0.0,-0.7000000000000001,0.0,-11.4,-12.8,0.015,16.0,25903.0
2026-07-30T18:58:23.686Z,73.169,73.182,-7.4,7.4,0.0,0.0,0.0,0.0,0.0,1.0,1.0,0.0,1.0,0.0,0.0,0.0,8.0,6.0,0.0,0.0,0.0,0.0,0.0,0.0,0.0,0.0,5.0,12.0,1.0,12.05,5.01,2.5,1.49,-2.2,0.3,2.2,300.90000000000003,-0.1,-13.2,1.7000000000000002,9.3,-82.10000000000001,0.0,0.0,219.8,0.0,22.200000000000003,35.2,35.1,38.5,300.0,300.0,30.1,36.5,35.6,35.4,37.6,4.95,2.0,4.97,0.16,0.0,0.0,1027.0,8228.0,0.0,0.0,0.0,0.0,0.0,1.0,0.0,0.0,0.0,-0.001,0.0,-0.2,0.0,-11.8,-12.8,0.0153,16.0,25903.0
2026-07-30T18:58:23.699Z,73.182,73.194,-7.4,7.4,0.0,0.0,0.0,0.0,0.0,1.0,1.0,0.0,1.0,0.0,0.0,0.0,8.0,6.0,0.0,0.0,0.0,0.0,0.0,0.0,0.0,0.0,6.0,12.0,1.0,12.05,5.01,2.5,1.49,-2.2,0.3,2.2,301.1,-0.1,-12.6,2.3000000000000003,11.0,-82.10000000000001,0.0,0.0,219.7,0.0,22.200000000000003,35.2,35.1,38.5,300.0,300.0,30.1,36.5,35.6,35.4,37.6,4.95,2.0,4.97,0.17,0.0,0.0,1027.0,8228.0,0.0,0.0,0.0,0.0,0.0,1.0,0.0,0.0,0.0,-0.001,0.0,0.0,0.0,-14.3,-12.8,0.0153,16.0,25903.0
2026-07-30T18:58:23.711Z,73.194,73.206,-7.4,7.4,0.0,0.0,0.0,0.0,0.0,1.0,1.0,0.0,1.0,0.0,0.0,0.0,8.0,6.0,0.0,0.0,0.0,0.0,0.0,0.0,0.0,0.0,6.0,12.0,1.0,12.05,5.01,2.5,1.49,-2.3000000000000003,0.3,2.3000000000000003,301.1,-0.1,-13.2,1.1,8.700000000000001,-82.10000000000001,0.0,0.0,219.7,0.0,22.200000000000003,35.2,35.1,38.5,300.0,300.0,30.1,36.5,35.6,35.4,37.6,4.96,2.0,4.96,0.16,0.0,0.0,1027.0,8228.0,0.0,0.0,0.0,0.0,0.0,1.0,0.0,0.0,0.0,-0.001,0.0,-0.6000000000000001,0.0,-10.8,-12.8,0.0148,16.0,25903.0
2026-07-30T18:58:23.723Z,73.206,73.218,-7.5,7.4,0.0,0.0,0.0,0.0,0.0,1.0,1.0,0.0,1.0,0.0,0.0,0.0,8.0,6.0,0.0,0.0,0.0,0.0,0.0,0.0,0.0,0.0,1.0,12.0,1.0,12.05,5.01,2.5,1.49,-2.3000000000000003,0.3,2.3000000000000003,300.90000000000003,-0.1,-12.0,0.5,8.700000000000001,-82.10000000000001,0.0,0.0,219.7,0.0,22.200000000000003,35.2,35.1,38.5,300.0,300.0,30.1,36.5,35.6,35.4,37.6,4.96,2.0,4.96,0.16,0.0,0.0,1027.0,8228.0,0.0,0.0,0.0,0.0,0.0,1.0,0.0,0.0,0.0,-0.001,0.0,-1.1,0.0,-10.3,-12.8,0.0156,16.0,25903.0
2026-07-30T18:58:23.734Z,73.217,73.23,-7.5,7.4,0.0,0.0,0.0,0.0,0.0,1.0,1.0,0.0,1.0,0.0,0.0,0.0,8.0,6.0,0.0,0.0,0.0,0.0,0.0,0.0,0.0,0.0,3.0,12.0,1.0,12.05,5.01,2.5,1.49,-2.2,0.3,2.2,301.0,-0.1,-12.6,1.1,9.9,-82.10000000000001,0.0,0.0,219.7,0.0,22.200000000000003,35.2,35.1,38.5,300.0,300.0,30.1,36.5,35.6,35.4,37.6,4.96,2.0,4.97,0.16,0.0,0.0,1027.0,8228.0,0.0,0.0,0.0,0.0,0.0,1.0,0.0,0.0,0.0,-0.001,0.0,-0.8,0.0,-12.1,-12.8,0.0157,16.0,25903.0
2026-07-30T18:58:23.746Z,73.229,73.242,-7.5,7.4,0.0,0.0,0.0,0.0,0.0,1.0,1.0,0.0,1.0,0.0,0.0,0.0,8.0,6.0,0.0,0.0,0.0,0.0,0.0,0.0,0.0,0.0,4.0,12.0,1.0,12.06,5.01,2.5,1.49,-2.2,0.3,2.2,301.1,-0.1,-13.2,2.3000000000000003,9.3,-82.10000000000001,0.0,0.0,219.6,0.0,21.9,35.2,35.1,38.5,300.0,300.0,30.0,36.7,35.6,35.4,37.6,4.95,2.0,4.97,0.16,0.0,0.0,1027.0,8228.0,0.0,0.0,0.0,0.0,0.0,1.0,0.0,0.0,0.0,-0.001,0.0,0.2,0.0,-12.3,-12.7,0.0153,16.0,25903.0
2026-07-30T18:58:23.759Z,73.242,73.254,-7.5,7.4,0.0,0.0,0.0,0.0,0.0,1.0,1.0,0.0,1.0,0.0,0.0,0.0,8.0,6.0,0.0,0.0,0.0,0.0,0.0,0.0,0.0,0.0,5.0,12.0,1.0,12.06,5.01,2.5,1.49,-2.2,0.3,2.2,301.0,-0.1,-12.0,1.7000000000000002,10.4,-82.10000000000001,0.0,0.0,219.6,0.0,21.9,35.2,35.1,38.5,300.0,300.0,30.0,36.7,35.6,35.4,37.6,4.95,2.0,4.96,0.15,0.0,0.0,1027.0,8228.0,0.0,0.0,0.0,0.0,0.0,1.0,0.0,0.0,0.0,-0.001,0.0,-0.4,0.0,-13.2,-12.7,0.015,16.0,25903.0
2026-07-30T18:58:23.771Z,73.254,73.266,-7.5,7.4,0.0,0.0,0.0,0.0,0.0,1.0,1.0,0.0,1.0,0.0,0.0,0.0,8.0,6.0,0.0,0.0,0.0,0.0,0.0,0.0,0.0,0.0,6.0,12.0,1.0,12.06,5.01,2.5,1.49,-2.2,0.3,2.3000000000000003,301.1,-0.1,-12.0,0.5,8.700000000000001,-82.10000000000001,0.0,0.0,219.8,0.0,21.9,35.2,35.1,38.5,300.0,300.0,30.0,36.7,35.6,35.4,37.6,4.95,2.0,4.97,0.15,0.0,0.0,1027.0,8228.0,0.0,0.0,0.0,0.0,0.0,1.0,0.0,0.0,0.0,-0.001,0.0,-1.1,0.0,-10.3,-12.7,0.0149,16.0,25903.0
2026-07-30T18:58:23.783Z,73.266,73.278,-7.4,7.4,0.0,0.0,0.0,0.0,0.0,1.0,1.0,0.0,1.0,0.0,0.0,0.0,8.0,6.0,0.0,0.0,0.0,0.0,0.0,0.0,0.0,0.0,1.0,12.0,1.0,12.06,5.01,2.5,1.49,-2.2,0.3,2.2,301.0,-0.1,-11.4,1.7000000000000002,9.3,-82.10000000000001,0.0,0.0,219.7,0.0,21.9,35.2,35.1,38.5,300.0,300.0,30.0,36.7,35.6,35.4,37.6,4.95,2.0,4.97,0.16,0.0,0.0,1027.0,8228.0,0.0,0.0,0.0,0.0,0.0,1.0,0.0,0.0,0.0,-0.001,0.0,-0.2,0.0,-11.8,-12.7,0.0154,16.0,25903.0
2026-07-30T18:58:23.801Z,73.284,73.29,-7.4,7.4,0.0,0.0,0.0,0.0,0.0,1.0,1.0,0.0,1.0,0.0,0.0,0.0,8.0,6.0,0.0,0.0,0.0,0.0,0.0,0.0,0.0,0.0,2.0,12.0,1.0,12.06,5.01,2.5,1.49,-2.2,0.2,2.2,300.90000000000003,-0.1,-11.4,2.9000000000000004,10.4,-82.10000000000001,0.0,0.0,219.7,0.0,21.9,35.2,35.1,38.5,300.0,300.0,30.0,36.7,35.6,35.4,37.6,4.96,2.0,4.97,0.16,0.0,0.0,1027.0,8228.0,0.0,0.0,0.0,0.0,0.0,1.0,0.0,0.0,0.0,-0.001,0.0,0.5,0.0,-14.0,-12.8,0.0152,16.0,25903.0
2026-07-30T18:58:23.807Z,73.29,73.302,-7.4,7.4,0.0,0.0,0.0,0.0,0.0,1.0,1.0,0.0,1.0,0.0,0.0,0.0,8.0,6.0,0.0,0.0,0.0,0.0,0.0,0.0,0.0,0.0,6.0,12.0,1.0,12.06,5.01,2.5,1.49,-2.2,0.2,2.2,301.1,-0.1,-11.4,2.9000000000000004,10.4,-82.10000000000001,0.0,0.0,219.7,0.0,21.9,35.2,35.1,38.5,300.0,300.0,30.0,36.7,35.6,35.4,37.6,4.95,2.0,4.96,0.16,0.0,0.0,1027.0,8228.0,0.0,0.0,0.0,0.0,0.0,1.0,0.0,0.0,0.0,-0.001,0.0,0.5,0.0,-14.0,-12.8,0.0148,16.0,25903.0
2026-07-30T18:58:23.818Z,73.301,73.31400000000001,-7.5,7.4,0.0,0.0,0.0,0.0,0.0,1.0,1.0,0.0,1.0,0.0,0.0,0.0,8.0,6.0,0.0,0.0,0.0,0.0,0.0,0.0,0.0,0.0,1.0,12.0,1.0,12.06,5.01,2.5,1.49,-2.2,0.3,2.2,301.1,-0.1,-11.4,1.7000000000000002,9.9,-82.10000000000001,0.0,0.0,219.7,0.0,21.9,35.2,35.1,38.5,300.0,300.0,30.0,36.7,35.6,35.4,37.6,4.95,2.0,4.97,0.16,0.0,0.0,1027.0,8228.0,0.0,0.0,0.0,0.0,0.0,1.0,0.0,0.0,0.0,-0.001,0.0,-0.3,0.0,-12.5,-12.8,0.0148,16.0,25903.0
2026-07-30T18:58:23.831Z,73.314,73.32600000000001,-7.5,7.4,0.0,0.0,0.0,0.0,0.0,1.0,1.0,0.0,1.0,0.0,0.0,0.0,8.0,6.0,0.0,0.0,0.0,0.0,0.0,0.0,0.0,0.0,1.0,12.0,1.0,12.06,5.01,2.5,1.49,-2.2,0.2,2.2,300.90000000000003,-0.1,-11.4,2.9000000000000004,9.3,-82.10000000000001,0.0,0.0,219.7,0.0,21.9,35.2,35.1,38.5,300.0,300.0,30.0,36.7,35.6,35.4,37.6,4.95,2.0,4.96,0.16,0.0,0.0,1027.0,8228.0,0.0,0.0,0.0,0.0,0.0,1.0,0.0,0.0,0.0,-0.001,0.0,0.7000000000000001,0.0,-12.7,-12.7,0.015,16.0,25903.0
2026-07-30T18:58:23.844Z,73.327,73.33800000000001,-7.4,7.4,0.0,0.0,0.0,0.0,0.0,1.0,1.0,0.0,1.0,0.0,0.0,0.0,8.0,6.0,0.0,0.0,0.0,0.0,0.0,0.0,0.0,0.0,2.0,12.0,1.0,12.05,5.0200000000000005,2.5,1.49,-2.1,0.2,2.2,301.0,-0.1,-10.3,2.9000000000000004,10.4,-82.10000000000001,0.0,0.0,219.8,0.0,22.1,35.2,35.2,38.6,300.0,300.0,30.200000000000003,36.7,35.6,35.4,37.6,4.96,2.0,4.96,0.16,0.0,0.0,1027.0,8228.0,0.0,0.0,0.0,0.0,0.0,1.0,0.0,0.0,0.0,-0.001,0.0,0.5,0.0,-14.0,-12.7,0.0149,16.0,25903.0
2026-07-30T18:58:23.854Z,73.337,73.35000000000001,-7.4,7.4,0.0,0.0,0.0,0.0,0.0,1.0,1.0,0.0,1.0,0.0,0.0,0.0,8.0,6.0,0.0,0.0,0.0,0.0,0.0,0.0,0.0,0.0,4.0,12.0,1.0,12.05,5.0200000000000005,2.5,1.49,-2.1,0.3,2.1,301.2,-0.1,-11.4,2.3000000000000003,12.2,-82.10000000000001,0.0,0.0,219.7,0.0,22.1,35.2,35.2,38.6,300.0,300.0,30.200000000000003,36.7,35.6,35.4,37.6,4.95,2.0,4.96,0.16,0.0,0.0,1027.0,8228.0,0.0,0.0,0.0,0.0,0.0,1.0,0.0,0.0,0.0,-0.001,0.0,-0.3,0.0,-15.6,-12.8,0.0147,16.0,25903.0
2026-07-30T18:58:23.866Z,73.349,73.362,-7.4,7.4,0.0,0.0,0.0,0.0,0.0,1.0,1.0,0.0,1.0,0.0,0.0,0.0,8.0,6.0,0.0,0.0,0.0,0.0,0.0,0.0,0.0,0.0,5.0,12.0,1.0,12.05,5.0200000000000005,2.5,1.49,-2.1,0.3,2.1,301.1,-0.1,-11.4,2.3000000000000003,11.6,-82.2,0.0,0.0,219.8,0.0,22.1,35.2,35.2,38.6,300.0,300.0,30.200000000000003,36.7,35.6,35.4,37.6,4.96,2.0,4.96,0.16,0.0,0.0,1027.0,8228.0,0.0,0.0,0.0,0.0,0.0,1.0,0.0,0.0,0.0,-0.001,0.0,-0.2,0.0,-14.9,-12.8,0.0144,16.0,25903.0
2026-07-30T18:58:23.878Z,73.361,73.374,-7.5,7.4,0.0,0.0,0.0,0.0,0.0,1.0,1.0,0.0,1.0,0.0,0.0,0.0,8.0,6.0,0.0,0.0,0.0,0.0,0.0,0.0,0.0,0.0,6.0,12.0,1.0,12.05,5.0200000000000005,2.5,1.49,-2.2,0.3,2.2,301.0,-0.1,-11.4,1.7000000000000002,9.3,-82.2,0.0,0.0,219.7,0.0,22.1,35.2,35.2,38.6,300.0,300.0,30.200000000000003,36.7,35.6,35.4,37.6,4.96,2.0,4.96,0.16,0.0,0.0,1027.0,8228.0,0.0,0.0,0.0,0.0,0.0,1.0,0.0,0.0,0.0,-0.001,0.0,-0.2,0.0,-11.8,-12.8,0.0145,16.0,25903.0
2026-07-30T18:58:23.890Z,73.373,73.386,-7.4,7.4,0.0,0.0,0.0,0.0,0.0,1.0,1.0,0.0,1.0,0.0,0.0,0.0,8.0,6.0,0.0,0.0,0.0,0.0,0.0,0.0,0.0,0.0,1.0,12.0,1.0,12.05,5.0200000000000005,2.5,1.49,-2.1,0.2,2.2,301.0,-0.1,-12.0,2.9000000000000004,11.0,-82.2,0.0,0.0,219.7,0.0,22.1,35.2,35.2,38.6,300.0,300.0,30.200000000000003,36.7,35.6,35.4,37.6,4.96,2.0,4.96,0.16,0.0,0.0,1027.0,8228.0,0.0,0.0,0.0,0.0,0.0,1.0,0.0,0.0,0.0,-0.001,0.0,0.4,0.0,-14.7,-12.8,0.0152,16.0,25903.0
2026-07-30T18:58:23.902Z,73.385,73.398,-7.5,7.4,0.0,0.0,0.0,0.0,0.0,1.0,1.0,0.0,1.0,0.0,0.0,0.0,8.0,6.0,0.0,0.0,0.0,0.0,0.0,0.0,0.0,0.0,2.0,12.0,1.0,12.05,5.0200000000000005,2.5,1.49,-2.1,0.2,2.2,301.0,-0.1,-11.4,3.5,10.4,-82.10000000000001,0.0,0.0,219.7,0.0,22.1,35.2,35.2,38.6,300.0,300.0,30.200000000000003,36.7,35.6,35.4,37.6,4.95,2.0,4.97,0.16,0.0,0.0,1027.0,8228.0,0.0,0.0,0.0,0.0,0.0,1.0,0.0,0.0,0.0,-0.001,0.0,1.0,0.0,-14.5,-12.9,0.0147,16.0,25903.0
2026-07-30T18:58:23.914Z,73.397,73.41,-7.5,7.4,0.0,0.0,0.0,0.0,0.0,1.0,1.0,0.0,1.0,0.0,0.0,0.0,8.0,6.0,0.0,0.0,0.0,0.0,0.0,0.0,0.0,0.0,3.0,12.0,1.0,12.05,5.0200000000000005,2.5,1.49,-2.2,0.3,2.2,301.1,-0.1,-12.0,1.1,9.9,-82.10000000000001,0.0,0.0,219.6,0.0,22.1,35.2,35.2,38.6,300.0,300.0,30.200000000000003,36.7,35.6,35.4,37.6,4.96,1.99,4.96,0.16,0.0,0.0,1027.0,8228.0,0.0,0.0,0.0,0.0,0.0,1.0,0.0,0.0,0.0,-0.001,0.0,-0.8,0.0,-12.1,-12.8,0.0146,16.0,25903.0
2026-07-30T18:58:23.926Z,73.409,73.422,-7.5,7.4,0.0,0.0,0.0,0.0,0.0,1.0,1.0,0.0,1.0,0.0,0.0,0.0,8.0,6.0,0.0,0.0,0.0,0.0,0.0,0.0,0.0,0.0,5.0,12.0,1.0,12.05,5.0200000000000005,2.5,1.49,-2.1,0.2,2.1,301.0,-0.1,-10.9,4.0,11.0,-82.10000000000001,0.0,0.0,219.6,0.0,22.1,35.2,35.2,38.6,300.0,300.0,30.200000000000003,36.7,35.6,35.4,37.6,4.96,2.0,4.96,0.16,0.0,0.0,1027.0,8228.0,0.0,0.0,0.0,0.0,0.0,1.0,0.0,0.0,0.0,-0.001,0.0,1.5,0.0,-15.6,-12.7,0.0152,16.0,25903.0
2026-07-30T18:58:23.938Z,73.421,73.434,-7.4,7.4,0.0,0.0,0.0,0.0,0.0,1.0,1.0,0.0,1.0,0.0,0.0,0.0,8.0,6.0,0.0,0.0,0.0,0.0,0.0,0.0,0.0,0.0,6.0,12.0,1.0,12.05,5.0200000000000005,2.5,1.49,-2.1,0.3,2.1,301.0,-0.1,-11.4,2.3000000000000003,11.0,-82.10000000000001,0.0,0.0,219.8,0.0,22.1,35.2,35.2,38.6,300.0,300.0,30.200000000000003,36.7,35.6,35.4,37.6,4.95,2.0,4.96,0.16,0.0,0.0,1027.0,8228.0,0.0,0.0,0.0,0.0,0.0,1.0,0.0,0.0,0.0,-0.001,0.0,-0.1,0.0,-14.3,-12.6,0.0142,16.0,25903.0
2026-07-30T18:58:23.950Z,73.433,73.446,-7.4,7.4,0.0,0.0,0.0,0.0,0.0,1.0,1.0,0.0,1.0,0.0,0.0,0.0,8.0,6.0,0.0,0.0,0.0,0.0,0.0,0.0,0.0,0.0,2.0,12.0,1.0,12.04,5.0200000000000005,2.51,1.5,-2.2,0.3,2.3000000000000003,301.1,-0.1,-12.6,1.1,9.3,-82.10000000000001,0.0,0.0,219.8,0.0,22.1,35.2,35.2,38.6,300.0,300.0,30.200000000000003,36.7,35.6,35.4,37.6,4.95,2.0,4.97,0.16,0.0,0.0,1027.0,8228.0,0.0,0.0,0.0,0.0,0.0,1.0,0.0,0.0,0.0,-0.001,0.0,-0.7000000000000001,0.0,-11.4,-12.8,0.0146,16.0,25903.0
2026-07-30T18:58:23.962Z,73.445,73.458,-7.4,7.4,0.0,0.0,0.0,0.0,0.0,1.0,1.0,0.0,1.0,0.0,0.0,0.0,8.0,6.0,0.0,0.0,0.0,0.0,0.0,0.0,0.0,0.0,3.0,12.0,1.0,12.04,5.0200000000000005,2.51,1.5,-2.2,0.3,2.3000000000000003,300.90000000000003,-0.1,-11.4,1.1,9.3,-82.2,0.0,0.0,219.8,0.0,22.1,35.2,35.2,38.6,300.0,300.0,30.200000000000003,36.7,35.6,35.4,37.6,4.96,2.0,4.96,0.16,0.0,0.0,1027.0,8228.0,0.0,0.0,0.0,0.0,0.0,1.0,0.0,0.0,0.0,-0.001,0.0,-0.7000000000000001,0.0,-11.4,-12.8,0.0153,16.0,25903.0
2026-07-30T18:58:23.974Z,73.457,73.47,-7.5,7.4,0.0,0.0,0.0,0.0,0.0,1.0,1.0,0.0,1.0,0.0,0.0,0.0,8.0,6.0,0.0,0.0,0.0,0.0,0.0,0.0,0.0,0.0,5.0,12.0,1.0,12.04,5.0200000000000005,2.51,1.5,-2.2,0.2,2.2,301.0,-0.1,-11.4,2.3000000000000003,9.9,-82.2,0.0,0.0,219.8,0.0,22.1,35.2,35.2,38.6,300.0,300.0,30.200000000000003,36.7,35.6,35.4,37.6,4.96,2.0,4.96,0.16,0.0,0.0,1027.0,8228.0,0.0,0.0,0.0,0.0,0.0,1.0,0.0,0.0,0.0,-0.001,0.0,0.1,0.0,-12.9,-12.8,0.0153,16.0,25903.0
2026-07-30T18:58:23.986Z,73.469,73.482,-7.4,7.4,0.0,0.0,0.0,0.0,0.0,1.0,1.0,0.0,1.0,0.0,0.0,0.0,8.0,6.0,0.0,0.0,0.0,0.0,0.0,0.0,0.0,0.0,6.0,12.0,1.0,12.04,5.0200000000000005,2.51,1.5,-2.3000000000000003,0.3,2.3000000000000003,301.1,-0.1,-12.6,1.7000000000000002,8.700000000000001,-82.2,0.0,0.0,219.7,0.0,22.1,35.2,35.2,38.6,300.0,300.0,30.200000000000003,36.7,35.6,35.4,37.6,4.95,2.0,4.96,0.16,0.0,0.0,1027.0,8228.0,0.0,0.0,0.0,0.0,0.0,1.0,0.0,0.0,0.0,-0.001,0.0,-0.1,0.0,-11.2,-12.7,0.0149,16.0,25903.0
2026-07-30T18:58:23.998Z,73.481,73.494,-7.4,7.4,0.0,0.0,0.0,0.0,0.0,1.0,1.0,0.0,1.0,0.0,0.0,0.0,8.0,6.0,0.0,0.0,0.0,0.0,0.0,0.0,0.0,0.0,2.0,12.0,1.0,12.04,5.0200000000000005,2.51,1.5,-2.2,0.3,2.3000000000000003,300.90000000000003,-0.1,-13.2,1.1,9.9,-82.2,0.0,0.0,219.8,0.0,22.1,35.2,35.2,38.6,300.0,300.0,30.200000000000003,36.7,35.6,35.4,37.6,4.95,2.0,4.96,0.16,0.0,0.0,1027.0,8228.0,0.0,0.0,0.0,0.0,0.0,1.0,0.0,0.0,0.0,-0.001,0.0,-0.9,0.0,-12.1,-12.9,0.0155,16.0,25903.0
2026-07-30T18:58:24.010Z,73.493,73.506,-7.4,7.4,0.0,0.0,0.0,0.0,0.0,1.0,1.0,0.0,1.0,0.0,0.0,0.0,8.0,6.0,0.0,0.0,0.0,0.0,0.0,0.0,0.0,0.0,3.0,12.0,1.0,12.04,5.0200000000000005,2.51,1.5,-2.3000000000000003,0.3,2.3000000000000003,301.0,-0.1,-13.2,1.1,8.1,-82.2,0.0,0.0,219.6,0.0,22.1,35.2,35.2,38.6,300.0,300.0,30.200000000000003,36.7,35.6,35.4,37.6,4.95,2.0,4.96,0.16,0.0,0.0,1027.0,8228.0,0.0,0.0,0.0,0.0,0.0,1.0,0.0,0.0,0.0,-0.001,0.0,-0.5,0.0,-10.1,-12.9,0.0154,16.0,25903.0
2026-07-30T18:58:24.022Z,73.505,73.518,-7.4,7.4,0.0,0.0,0.0,0.0,0.0,1.0,1.0,0.0,1.0,0.0,0.0,0.0,8.0,6.0,0.0,0.0,0.0,0.0,0.0,0.0,0.0,0.0,5.0,12.0,1.0,12.04,5.0200000000000005,2.51,1.5,-2.2,0.2,2.2,301.1,-0.1,-12.0,2.3000000000000003,9.9,-82.2,0.0,0.0,219.6,0.0,22.1,35.2,35.2,38.6,300.0,300.0,30.200000000000003,36.7,35.6,35.4,37.6,4.95,2.0,4.96,0.16,0.0,0.0,1027.0,8228.0,0.0,0.0,0.0,0.0,0.0,1.0,0.0,0.0,0.0,-0.001,0.0,0.1,0.0,-12.9,-12.8,0.0158,16.0,25903.0
2026-07-30T18:58:24.034Z,73.517,73.53,-7.5,7.4,0.0,0.0,0.0,0.0,0.0,1.0,1.0,0.0,1.0,0.0,0.0,0.0,8.0,6.0,0.0,0.0,0.0,0.0,0.0,0.0,0.0,0.0,1.0,12.0,1.0,12.04,5.0200000000000005,2.51,1.5,-2.2,0.3,2.3000000000000003,301.0,-0.1,-13.8,1.7000000000000002,9.3,-82.2,0.0,0.0,219.7,0.0,22.1,35.2,35.2,38.6,300.0,300.0,30.200000000000003,36.7,35.6,35.4,37.6,4.95,2.0,4.96,0.16,0.0,0.0,1027.0,8228.0,0.0,0.0,0.0,0.0,0.0,1.0,0.0,0.0,0.0,-0.001,0.0,-0.2,0.0,-11.8,-12.8,0.0152,16.0,25903.0
2026-07-30T18:58:24.047Z,73.53,73.542,-7.5,7.4,0.0,0.0,0.0,0.0,0.0,1.0,1.0,0.0,1.0,0.0,0.0,0.0,8.0,6.0,0.0,0.0,0.0,0.0,0.0,0.0,0.0,0.0,2.0,12.0,1.0,12.06,5.01,2.5,1.49,-2.3000000000000003,0.3,2.3000000000000003,301.0,-0.1,-12.6,1.7000000000000002,8.700000000000001,-82.2,0.0,0.0,219.7,0.0,22.1,35.2,35.2,38.6,300.0,300.0,30.200000000000003,36.6,35.6,35.4,37.6,4.96,2.0,4.96,0.16,0.0,0.0,1027.0,8228.0,0.0,0.0,0.0,0.0,0.0,1.0,0.0,0.0,0.0,-0.001,0.0,-0.1,0.0,-11.2,-12.8,0.0154,16.0,25903.0
2026-07-30T18:58:24.058Z,73.541,73.554,-7.5,7.4,0.0,0.0,0.0,0.0,0.0,1.0,1.0,0.0,1.0,0.0,0.0,0.0,8.0,6.0,0.0,0.0,0.0,0.0,0.0,0.0,0.0,0.0,4.0,12.0,1.0,12.06,5.01,2.5,1.49,-2.2,0.3,2.2,301.1,-0.1,-12.0,1.1,9.9,-82.2,0.0,0.0,219.7,0.0,22.1,35.2,35.2,38.6,300.0,300.0,30.200000000000003,36.6,35.6,35.4,37.6,4.95,2.0,4.96,0.16,0.0,0.0,1027.0,8228.0,0.0,0.0,0.0,0.0,0.0,1.0,0.0,0.0,0.0,-0.001,0.0,-0.8,0.0,-12.1,-12.7,0.0155,16.0,25903.0
2026-07-30T18:58:24.070Z,73.553,73.566,-7.5,7.4,0.0,0.0,0.0,0.0,0.0,1.0,1.0,0.0,1.0,0.0,0.0,0.0,8.0,6.0,0.0,0.0,0.0,0.0,0.0,0.0,0.0,0.0,5.0,12.0,1.0,12.06,5.01,2.5,1.49,-2.2,0.2,2.2,301.0,-0.1,-12.0,2.3000000000000003,8.700000000000001,-82.2,0.0,0.0,219.7,0.0,22.1,35.2,35.2,38.6,300.0,300.0,30.200000000000003,36.6,35.6,35.4,37.6,4.95,2.0,4.96,0.16,0.0,0.0,1027.0,8228.0,0.0,0.0,0.0,0.0,0.0,1.0,0.0,0.0,0.0,-0.001,0.0,0.3,0.0,-11.6,-12.7,0.0152,16.0,25903.0
2026-07-30T18:58:24.082Z,73.565,73.578,-7.5,7.4,0.0,0.0,0.0,0.0,0.0,1.0,1.0,0.0,1.0,0.0,0.0,0.0,8.0,6.0,0.0,0.0,0.0,0.0,0.0,0.0,0.0,0.0,1.0,12.0,1.0,12.06,5.01,2.5,1.49,-2.1,0.2,2.2,301.1,-0.1,-11.4,4.0,9.9,-82.2,0.0,0.0,219.7,0.0,22.1,35.2,35.2,38.6,300.0,300.0,30.200000000000003,36.6,35.6,35.4,37.6,4.96,2.0,4.96,0.16,0.0,0.0,1027.0,8228.0,0.0,0.0,0.0,0.0,0.0,1.0,0.0,0.0,0.0,-0.001,0.0,1.7000000000000002,0.0,-14.2,-12.7,0.0145,16.0,25903.0
2026-07-30T18:58:24.094Z,73.577,73.59,-7.4,7.4,0.0,0.0,0.0,0.0,0.0,1.0,1.0,0.0,1.0,0.0,0.0,0.0,8.0,6.0,0.0,0.0,0.0,0.0,0.0,0.0,0.0,0.0,2.0,12.0,1.0,12.06,5.01,2.5,1.49,-2.2,0.3,2.2,301.1,-0.1,-12.0,1.7000000000000002,9.9,-82.2,0.0,0.0,219.8,0.0,22.1,35.2,35.2,38.6,300.0,300.0,30.200000000000003,36.6,35.6,35.4,37.6,4.95,2.0,4.97,0.16,0.0,0.0,1027.0,8228.0,0.0,0.0,0.0,0.0,0.0,1.0,0.0,0.0,0.0,-0.001,0.0,-0.4,0.0,-12.5,-12.8,0.0154,16.0,25903.0
2026-07-30T18:58:24.107Z,73.59,73.602,-7.4,7.4,0.0,0.0,0.0,0.0,0.0,1.0,1.0,0.0,1.0,0.0,0.0,0.0,8.0,6.0,0.0,0.0,0.0,0.0,0.0,0.0,0.0,0.0,3.0,12.0,1.0,12.06,5.01,2.5,1.49,-2.2,0.2,2.2,301.0,-0.1,-11.4,2.3000000000000003,9.9,-82.2,0.0,0.0,219.8,0.0,22.1,35.2,35.2,38.6,300.0,300.0,30.200000000000003,36.6,35.6,35.4,37.6,4.95,1.99,4.96,0.16,0.0,0.0,1027.0,8228.0,0.0,0.0,0.0,0.0,0.0,1.0,0.0,0.0,0.0,-0.001,0.0,0.1,0.0,-12.9,-12.8,0.0147,16.0,25903.0
2026-07-30T18:58:24.121Z,73.604,73.614,-7.4,7.4,0.0,0.0,0.0,0.0,0.0,1.0,1.0,0.0,1.0,0.0,0.0,0.0,8.0,6.0,0.0,0.0,0.0,0.0,0.0,0.0,0.0,0.0,4.0,12.0,1.0,12.06,5.01,2.5,1.49,-2.2,0.3,2.2,301.1,-0.1,-11.4,2.3000000000000003,11.0,-82.2,0.0,0.0,219.8,0.0,22.1,35.2,35.2,38.6,300.0,300.0,30.200000000000003,36.6,35.6,35.4,37.6,4.95,2.0,4.96,0.16,0.0,0.0,1027.0,8228.0,0.0,0.0,0.0,0.0,0.0,1.0,0.0,0.0,0.0,-0.001,0.0,0.0,0.0,-14.3,-12.8,0.0146,16.0,25903.0
2026-07-30T18:58:24.131Z,73.614,73.626,-7.4,7.4,0.0,0.0,0.0,0.0,0.0,1.0,1.0,0.0,1.0,0.0,0.0,0.0,8.0,6.0,0.0,0.0,0.0,0.0,0.0,0.0,0.0,0.0,1.0,12.0,1.0,12.06,5.01,2.5,1.49,-2.2,0.2,2.2,301.0,-0.1,-10.9,2.9000000000000004,10.4,-82.2,0.0,0.0,219.6,0.0,22.1,35.2,35.2,38.6,300.0,300.0,30.200000000000003,36.6,35.6,35.4,37.6,4.96,2.0,4.96,0.16,0.0,0.0,1027.0,8228.0,0.0,0.0,0.0,0.0,0.0,1.0,0.0,0.0,0.0,-0.001,0.0,-0.4,0.0,-13.2,-12.8,0.0149,16.0,25903.0
2026-07-30T18:58:24.142Z,73.625,73.638,-7.4,7.4,0.0,0.0,0.0,0.0,0.0,1.0,1.0,0.0,1.0,0.0,0.0,0.0,8.0,6.0,0.0,0.0,0.0,0.0,0.0,0.0,0.0,0.0,2.0,12.0,1.0,12.06,5.01,2.5,1.49,-2.2,0.3,2.2,301.1,-0.1,-11.4,2.3000000000000003,9.9,-82.2,0.0,0.0,219.7,0.0,22.1,35.2,35.2,38.6,300.0,300.0,30.200000000000003,36.6,35.6,35.4,37.6,4.95,2.0,4.96,0.16,0.0,0.0,1027.0,8228.0,0.0,0.0,0.0,0.0,0.0,1.0,0.0,0.0,0.0,-0.001,0.0,-0.7000000000000001,0.0,-11.4,-12.9,0.0152,16.0,25903.0
2026-07-30T18:58:24.154Z,73.637,73.65,-7.5,7.4,0.0,0.0,0.0,0.0,0.0,1.0,1.0,0.0,1.0,0.0,0.0,0.0,8.0,6.0,0.0,0.0,0.0,0.0,0.0,0.0,0.0,0.0,3.0,12.0,1.0,12.05,5.01,2.5,1.5,-2.4000000000000004,0.3,2.4000000000000004,300.90000000000003,-0.1,-12.6,0.5,6.9,-82.2,0.0,0.0,219.5,0.0,22.1,35.2,35.2,38.6,300.0,300.0,30.1,36.5,35.7,35.4,37.6,4.95,2.0,4.96,0.16,0.0,0.0,1027.0,8228.0,0.0,0.0,0.0,0.0,0.0,1.0,0.0,0.0,0.0,-0.001,0.0,-0.8,0.0,-8.3,-12.9,0.0157,16.0,25903.0
2026-07-30T18:58:24.166Z,73.649,73.662,-7.5,7.4,0.0,0.0,0.0,0.0,0.0,1.0,1.0,0.0,1.0,0.0,0.0,0.0,8.0,6.0,0.0,0.0,0.0,0.0,0.0,0.0,0.0,0.0,4.0,12.0,1.0,12.05,5.01,2.5,1.5,-2.3000000000000003,0.2,2.3000000000000003,301.0,-0.1,-10.9,4.0,9.3,-82.2,0.0,0.0,219.6,0.0,22.1,35.2,35.2,38.6,300.0,300.0,30.1,36.5,35.7,35.4,37.6,4.95,2.0,4.96,0.16,0.0,0.0,1027.0,8228.0,0.0,0.0,0.0,0.0,0.0,1.0,0.0,0.0,0.0,-0.001,0.0,0.0,0.0,-10.5,-12.7,0.0162,16.0,25903.0
2026-07-30T18:58:24.179Z,73.662,73.674,-7.5,7.4,0.0,0.0,0.0,0.0,0.0,1.0,1.0,0.0,1.0,0.0,0.0,0.0,8.0,6.0,0.0,0.0,0.0,0.0,0.0,0.0,0.0,0.0,5.0,12.0,1.0,12.05,5.01,2.5,1.5,-2.2,0.3,2.2,301.1,-0.1,-12.6,1.1,10.4,-82.2,0.0,0.0,219.7,0.0,22.1,35.2,35.2,38.6,300.0,300.0,30.1,36.5,35.7,35.4,37.6,4.95,2.0,4.96,0.16,0.0,0.0,1027.0,8228.0,0.0,0.0,0.0,0.0,0.0,1.0,0.0,0.0,0.0,-0.001,0.0,-1.0,0.0,-12.8,-12.7,0.0156,16.0,25903.0
2026-07-30T18:58:24.190Z,73.673,73.686,-7.4,7.4,0.0,0.0,0.0,0.0,0.0,1.0,1.0,0.0,1.0,0.0,0.0,0.0,8.0,6.0,0.0,0.0,0.0,0.0,0.0,0.0,0.0,0.0,6.0,12.0,1.0,12.05,5.01,2.5,1.5,-2.2,0.3,2.2,301.0,-0.1,-12.0,1.7000000000000002,9.9,-82.2,0.0,0.0,219.7,0.0,22.1,35.2,35.2,38.6,300.0,300.0,30.1,36.5,35.7,35.4,37.6,4.95,2.0,4.96,0.16,0.0,0.0,1027.0,8228.0,0.0,0.0,0.0,0.0,0.0,1.0,0.0,0.0,0.0,-0.001,0.0,-0.3,0.0,-12.5,-12.7,0.0151,16.0,25903.0
2026-07-30T18:58:24.202Z,73.685,73.69800000000001,-7.5,7.4,0.0,0.0,0.0,0.0,0.0,1.0,1.0,0.0,1.0,0.0,0.0,0.0,8.0,6.0,0.0,0.0,0.0,0.0,0.0,0.0,0.0,0.0,1.0,12.0,1.0,12.05,5.01,2.5,1.5,-2.3000000000000003,0.3,2.3000000000000003,301.1,-0.1,-12.6,0.5,8.1,-82.2,0.0,0.0,219.7,0.0,22.1,35.2,35.2,38.6,300.0,300.0,30.1,36.5,35.7,35.4,37.6,4.95,2.0,4.96,0.16,0.0,0.0,1027.0,8228.0,0.0,0.0,0.0,0.0,0.0,1.0,0.0,0.0,0.0,-0.001,0.0,-1.0,0.0,-9.7,-12.8,0.0152,16.0,25903.0
2026-07-30T18:58:24.214Z,73.697,73.71000000000001,-7.5,7.4,0.0,0.0,0.0,0.0,0.0,1.0,1.0,0.0,1.0,0.0,0.0,0.0,8.0,6.0,0.0,0.0,0.0,0.0,0.0,0.0,0.0,0.0,2.0,12.0,1.0,12.05,5.01,2.5,1.5,-2.3000000000000003,0.3,2.3000000000000003,301.1,-0.1,-12.6,1.7000000000000002,8.700000000000001,-82.2,0.0,0.0,219.6,0.0,22.1,35.2,35.2,38.6,300.0,300.0,30.1,36.5,35.7,35.4,37.6,4.95,2.0,4.96,0.16,0.0,0.0,1027.0,8228.0,0.0,0.0,0.0,0.0,0.0,1.0,0.0,0.0,0.0,-0.001,0.0,-0.1,0.0,-11.2,-12.7,0.0157,16.0,25903.0
2026-07-30T18:58:24.227Z,73.71,73.72200000000001,-7.5,7.4,0.0,0.0,0.0,0.0,0.0,1.0,1.0,0.0,1.0,0.0,0.0,0.0,8.0,6.0,0.0,0.0,0.0,0.0,0.0,0.0,0.0,0.0,3.0,12.0,1.0,12.05,5.01,2.5,1.5,-2.2,0.3,2.2,301.0,-0.1,-13.2,2.3000000000000003,9.9,-82.2,0.0,0.0,219.5,0.0,22.1,35.2,35.2,38.6,300.0,300.0,30.1,36.5,35.7,35.4,37.6,4.95,2.0,4.96,0.16,0.0,0.0,1027.0,8228.0,0.0,0.0,0.0,0.0,0.0,1.0,0.0,0.0,0.0,-0.001,0.0,0.1,0.0,-12.9,-12.8,0.0155,16.0,25903.0
2026-07-30T18:58:24.238Z,73.721,73.734,-7.4,7.4,0.0,0.0,0.0,0.0,0.0,1.0,1.0,0.0,1.0,0.0,0.0,0.0,8.0,6.0,0.0,0.0,0.0,0.0,0.0,0.0,0.0,0.0,4.0,12.0,1.0,12.05,5.01,2.5,1.5,-2.3000000000000003,0.3,2.3000000000000003,301.1,-0.1,-12.6,0.5,7.5,-82.2,0.0,0.0,219.7,0.0,22.1,35.2,35.2,38.6,300.0,300.0,30.1,36.5,35.7,35.4,37.6,4.95,2.0,4.96,0.16,0.0,0.0,1027.0,8228.0,0.0,0.0,0.0,0.0,0.0,1.0,0.0,0.0,0.0,-0.001,0.0,-0.9,0.0,-9.0,-12.8,0.0151,16.0,25903.0
2026-07-30T18:58:24.252Z,73.735,73.746,-7.4,7.4,0.0,0.0,0.0,0.0,0.0,1.0,1.0,0.0,1.0,0.0,0.0,0.0,8.0,6.0,0.0,0.0,0.0,0.0,0.0,0.0,0.0,0.0,5.0,12.0,1.0,12.05,5.01,2.51,1.49,-2.2,0.2,2.2,301.1,-0.1,-12.6,2.3000000000000003,9.9,-82.2,0.0,0.0,219.7,0.0,22.200000000000003,35.2,35.2,38.6,300.0,300.0,30.1,36.7,35.7,35.4,37.6,4.95,2.0,4.96,0.16,0.0,0.0,1027.0,8228.0,0.0,0.0,0.0,0.0,0.0,1.0,0.0,0.0,0.0,-0.001,0.0,0.1,0.0,-12.9,-12.8,0.0159,16.0,25903.0
2026-07-30T18:58:24.263Z,73.746,73.758,-7.4,7.4,0.0,0.0,0.0,0.0,0.0,1.0,1.0,0.0,1.0,0.0,0.0,0.0,8.0,6.0,0.0,0.0,0.0,0.0,0.0,0.0,0.0,0.0,6.0,12.0,1.0,12.05,5.01,2.51,1.49,-2.2,0.2,2.2,300.90000000000003,-0.1,-12.6,2.3000000000000003,8.700000000000001,-82.2,0.0,0.0,219.7,0.0,22.200000000000003,35.2,35.2,38.6,300.0,300.0,30.1,36.7,35.7,35.4,37.6,4.95,2.0,4.96,0.16,0.0,0.0,1027.0,8228.0,0.0,0.0,0.0,0.0,0.0,1.0,0.0,0.0,0.0,-0.001,0.0,0.3,0.0,-11.6,-12.8,0.015,16.0,25903.0
2026-07-30T18:58:24.275Z,73.758,73.77,-7.4,7.4,0.0,0.0,0.0,0.0,0.0,1.0,1.0,0.0,1.0,0.0,0.0,0.0,8.0,6.0,0.0,0.0,0.0,0.0,0.0,0.0,0.0,0.0,1.0,12.0,1.0,12.05,5.01,2.51,1.49,-2.2,0.2,2.2,300.90000000000003,-0.1,-12.0,2.9000000000000004,9.9,-82.30000000000001,0.0,0.0,219.9,0.0,22.200000000000003,35.2,35.2,38.6,300.0,300.0,30.1,36.7,35.7,35.4,37.6,4.96,2.0,4.96,0.16,0.0,0.0,1027.0,8228.0,0.0,0.0,0.0,0.0,0.0,1.0,0.0,0.0,0.0,-0.001,0.0,0.6000000000000001,0.0,-13.4,-12.8,0.0153,16.0,25903.0
2026-07-30T18:58:24.287Z,73.77,73.782,-7.4,7.4,0.0,0.0,0.0,0.0,0.0,1.0,1.0,0.0,1.0,0.0,0.0,0.0,8.0,6.0,0.0,0.0,0.0,0.0,0.0,0.0,0.0,0.0,2.0,12.0,1.0,12.05,5.01,2.51,1.49,-2.2,0.3,2.2,300.90000000000003,-0.1,-12.0,1.7000000000000002,9.9,-82.30000000000001,0.0,0.0,219.9,0.0,22.200000000000003,35.2,35.2,38.6,300.0,300.0,30.1,36.7,35.7,35.4,37.6,4.96,2.0,4.96,0.16,0.0,0.0,1027.0,8228.0,0.0,0.0,0.0,0.0,0.0,1.0,0.0,0.0,0.0,-0.001,0.0,-0.4,0.0,-12.5,-12.8,0.0149,16.0,25903.0
2026-07-30T18:58:24.299Z,73.782,73.794,-7.4,7.4,0.0,0.0,0.0,0.0,0.0,1.0,1.0,0.0,1.0,0.0,0.0,0.0,8.0,6.0,0.0,0.0,0.0,0.0,0.0,0.0,0.0,0.0,3.0,12.0,1.0,12.05,5.01,2.51,1.49,-2.2,0.2,2.2,301.0,-0.1,-11.4,2.9000000000000004,9.3,-82.30000000000001,0.0,0.0,219.7,0.0,22.200000000000003,35.2,35.2,38.6,300.0,300.0,30.1,36.7,35.7,35.4,37.6,4.95,2.0,4.96,0.16,0.0,0.0,1027.0,8228.0,0.0,0.0,0.0,0.0,0.0,1.0,0.0,0.0,0.0,-0.001,0.0,0.7000000000000001,0.0,-12.7,-12.8,0.0151,16.0,25903.0
2026-07-30T18:58:24.310Z,73.793,73.806,-7.4,7.4,0.0,0.0,0.0,0.0,0.0,1.0,1.0,0.0,1.0,0.0,0.0,0.0,8.0,6.0,0.0,0.0,0.0,0.0,0.0,0.0,0.0,0.0,5.0,12.0,1.0,12.05,5.01,2.51,1.49,-2.2,0.3,2.2,301.1,-0.1,-12.6,1.7000000000000002,9.9,-82.2,0.0,0.0,219.6,0.0,22.200000000000003,35.2,35.2,38.6,300.0,300.0,30.1,36.7,35.7,35.4,37.6,4.95,2.0,4.97,0.16,0.0,0.0,1027.0,8228.0,0.0,0.0,0.0,0.0,0.0,1.0,0.0,0.0,0.0,-0.001,0.0,-0.3,0.0,-12.5,-12.8,0.0151,16.0,25903.0
2026-07-30T18:58:24.322Z,73.805,73.818,-7.5,7.4,0.0,0.0,0.0,0.0,0.0,1.0,1.0,0.0,1.0,0.0,0.0,0.0,8.0,6.0,0.0,0.0,0.0,0.0,0.0,0.0,0.0,0.0,6.0,12.0,1.0,12.05,5.01,2.51,1.49,-2.1,0.2,2.1,301.0,-0.1,-10.9,4.6000000000000005,11.0,-82.2,0.0,0.0,219.6,0.0,22.200000000000003,35.2,35.2,38.6,300.0,300.0,30.1,36.7,35.7,35.4,37.6,4.95,2.0,4.97,0.16,0.0,0.0,1027.0,8228.0,0.0,0.0,0.0,0.0,0.0,1.0,0.0,0.0,0.0,-0.001,0.0,2.0,0.0,-16.0,-12.8,0.0152,16.0,25903.0
2026-07-30T18:58:24.335Z,73.818,73.83,-7.4,7.4,0.0,0.0,0.0,0.0,0.0,1.0,1.0,0.0,1.0,0.0,0.0,0.0,8.0,6.0,0.0,0.0,0.0,0.0,0.0,0.0,0.0,0.0,2.0,12.0,1.0,12.05,5.01,2.51,1.49,-2.2,0.3,2.3000000000000003,301.0,-0.1,-11.4,1.7000000000000002,9.3,-82.2,0.0,0.0,219.6,0.0,22.200000000000003,35.2,35.2,38.6,300.0,300.0,30.1,36.7,35.7,35.4,37.6,4.95,2.0,4.97,0.16,0.0,0.0,1027.0,8228.0,0.0,0.0,0.0,0.0,0.0,1.0,0.0,0.0,0.0,-0.001,0.0,-0.2,0.0,-11.8,-12.8,0.0143,16.0,25903.0
2026-07-30T18:58:24.346Z,73.829,73.842,-7.5,7.4,0.0,0.0,0.0,0.0,0.0,1.0,1.0,0.0,1.0,0.0,0.0,0.0,8.0,6.0,0.0,0.0,0.0,0.0,0.0,0.0,0.0,0.0,3.0,12.0,1.0,12.05,5.01,2.51,1.49,-2.2,0.3,2.2,301.1,-0.1,-10.9,2.3000000000000003,10.4,-82.2,0.0,0.0,219.7,0.0,22.200000000000003,35.2,35.2,38.6,300.0,300.0,30.1,36.7,35.7,35.4,37.6,4.95,2.0,4.97,0.16,0.0,0.0,1027.0,8228.0,0.0,0.0,0.0,0.0,0.0,1.0,0.0,0.0,0.0,-0.001,0.0,0.0,0.0,-13.6,-12.8,0.0153,16.0,25903.0
2026-07-30T18:58:24.358Z,73.841,73.854,-7.5,7.4,0.0,0.0,0.0,0.0,0.0,1.0,1.0,0.0,1.0,0.0,0.0,0.0,8.0,6.0,0.0,0.0,0.0,0.0,0.0,0.0,0.0,0.0,4.0,12.0,1.0,12.04,5.0200000000000005,2.5,1.49,-2.1,0.2,2.2,301.0,-0.1,-10.9,2.9000000000000004,10.4,-82.2,0.0,0.0,219.6,0.0,22.6,35.2,35.2,38.6,300.0,300.0,30.0,36.8,35.7,35.5,37.6,4.95,2.0,4.96,0.16,0.0,0.0,1027.0,8228.0,0.0,0.0,0.0,0.0,0.0,1.0,0.0,0.0,0.0,-0.001,0.0,0.5,0.0,-14.0,-12.7,0.0148,16.0,25903.0
2026-07-30T18:58:24.370Z,73.853,73.866,-7.4,7.4,0.0,0.0,0.0,0.0,0.0,1.0,1.0,0.0,1.0,0.0,0.0,0.0,8.0,6.0,0.0,0.0,0.0,0.0,0.0,0.0,0.0,0.0,5.0,12.0,1.0,12.04,5.0200000000000005,2.5,1.49,-2.2,0.3,2.2,301.1,-0.1,-10.9,2.3000000000000003,10.4,-82.2,0.0,0.0,219.8,0.0,22.6,35.2,35.2,38.6,300.0,300.0,30.0,36.8,35.7,35.5,37.6,4.96,2.0,4.96,0.16,0.0,0.0,1027.0,8228.0,0.0,0.0,0.0,0.0,0.0,1.0,0.0,0.0,0.0,-0.001,0.0,0.0,0.0,-13.6,-12.7,0.0147,16.0,25903.0
2026-07-30T18:58:24.382Z,73.865,73.878,-7.4,7.4,0.0,0.0,0.0,0.0,0.0,1.0,1.0,0.0,1.0,0.0,0.0,0.0,8.0,6.0,0.0,0.0,0.0,0.0,0.0,0.0,0.0,0.0,6.0,12.0,1.0,12.04,5.0200000000000005,2.5,1.49,-2.1,0.3,2.2,301.0,-0.1,-11.4,2.3000000000000003,11.6,-82.2,0.0,0.0,219.8,0.0,22.6,35.2,35.2,38.6,300.0,300.0,30.0,36.8,35.7,35.5,37.6,4.96,2.0,4.96,0.16,0.0,0.0,1027.0,8228.0,0.0,0.0,0.0,0.0,0.0,1.0,0.0,0.0,0.0,-0.001,0.0,-0.2,0.0,-14.9,-12.8,0.0149,16.0,25903.0
2026-07-30T18:58:24.394Z,73.877,73.89,-7.5,7.4,0.0,0.0,0.0,0.0,0.0,1.0,1.0,0.0,1.0,0.0,0.0,0.0,8.0,6.0,0.0,0.0,0.0,0.0,0.0,0.0,0.0,0.0,1.0,12.0,1.0,12.04,5.0200000000000005,2.5,1.49,-2.2,0.2,2.2,301.0,-0.1,-12.0,2.3000000000000003,9.9,-82.2,0.0,0.0,219.7,0.0,22.6,35.2,35.2,38.6,300.0,300.0,30.0,36.8,35.7,35.5,37.6,4.96,2.0,4.96,0.16,0.0,0.0,1027.0,8228.0,0.0,0.0,0.0,0.0,0.0,1.0,0.0,0.0,0.0,-0.001,0.0,0.1,0.0,-12.9,-12.8,0.0147,16.0,25903.0
2026-07-30T18:58:24.406Z,73.889,73.902,-7.5,7.4,0.0,0.0,0.0,0.0,0.0,1.0,1.0,0.0,1.0,0.0,0.0,0.0,8.0,6.0,0.0,0.0,0.0,0.0,0.0,0.0,0.0,0.0,2.0,12.0,1.0,12.04,5.0200000000000005,2.5,1.49,-2.2,0.2,2.2,301.0,-0.1,-11.4,2.3000000000000003,9.3,-82.2,0.0,0.0,219.7,0.0,22.6,35.2,35.2,38.6,300.0,300.0,30.0,36.8,35.7,35.5,37.6,4.96,2.0,4.96,0.16,0.0,0.0,1027.0,8228.0,0.0,0.0,0.0,0.0,0.0,1.0,0.0,0.0,0.0,-0.001,0.0,0.2,0.0,-12.3,-12.7,0.015,16.0,25903.0
2026-07-30T18:58:24.418Z,73.901,73.914,-7.4,7.4,0.0,0.0,0.0,0.0,0.0,1.0,1.0,0.0,1.0,0.0,0.0,0.0,8.0,6.0,0.0,0.0,0.0,0.0,0.0,0.0,0.0,0.0,3.0,12.0,1.0,12.04,5.0200000000000005,2.5,1.49,-2.2,0.2,2.3000000000000003,301.1,-0.1,-12.0,2.9000000000000004,8.700000000000001,-82.2,0.0,0.0,219.7,0.0,22.6,35.2,35.2,38.6,300.0,300.0,30.0,36.8,35.7,35.5,37.6,4.95,2.0,4.96,0.16,0.0,0.0,1027.0,8228.0,0.0,0.0,0.0,0.0,0.0,1.0,0.0,0.0,0.0,-0.001,0.0,0.8,0.0,-12.0,-12.8,0.0151,16.0,25903.0
2026-07-30T18:58:24.439Z,73.922,73.926,-7.4,7.4,0.0,0.0,0.0,0.0,0.0,1.0,1.0,0.0,1.0,0.0,0.0,0.0,8.0,6.0,0.0,0.0,0.0,0.0,0.0,0.0,0.0,0.0,4.0,12.0,1.0,12.04,5.0200000000000005,2.5,1.49,-2.3000000000000003,0.3,2.3000000000000003,301.0,-0.1,-13.2,0.5,9.3,-82.2,0.0,0.0,219.7,0.0,22.6,35.2,35.2,38.6,300.0,300.0,30.0,36.8,35.7,35.5,37.6,4.95,2.0,4.96,0.16,0.0,0.0,1027.0,8228.0,0.0,0.0,0.0,0.0,0.0,1.0,0.0,0.0,0.0,-0.001,0.0,-1.2000000000000002,0.0,-11.0,-12.8,0.0153,16.0,25903.0
2026-07-30T18:58:24.443Z,73.926,73.938,-7.5,7.4,0.0,0.0,0.0,0.0,0.0,1.0,1.0,0.0,1.0,0.0,0.0,0.0,8.0,6.0,0.0,0.0,0.0,0.0,0.0,0.0,0.0,0.0,3.0,12.0,1.0,12.04,5.0200000000000005,2.5,1.49,-2.2,0.3,2.2,301.0,-0.1,-11.4,1.7000000000000002,9.9,-82.2,0.0,0.0,219.7,0.0,22.6,35.2,35.2,38.6,300.0,300.0,30.0,36.8,35.7,35.5,37.6,4.96,2.0,4.96,0.16,0.0,0.0,1027.0,8228.0,0.0,0.0,0.0,0.0,0.0,1.0,0.0,0.0,0.0,-0.001,0.0,-0.3,0.0,-12.5,-12.9,0.0157,16.0,25903.0
2026-07-30T18:58:24.455Z,73.938,73.95,-7.4,7.4,0.0,0.0,0.0,0.0,0.0,1.0,1.0,0.0,1.0,0.0,0.0,0.0,8.0,6.0,0.0,0.0,0.0,0.0,0.0,0.0,0.0,0.0,3.0,12.0,1.0,12.06,5.0200000000000005,2.51,1.5,-2.2,0.3,2.2,301.1,-0.1,-10.9,2.3000000000000003,9.9,-82.2,0.0,0.0,219.7,0.0,21.9,35.2,35.2,38.6,300.0,300.0,30.0,36.8,35.7,35.5,37.6,4.96,2.0,4.96,0.16,0.0,0.0,1027.0,8228.0,0.0,0.0,0.0,0.0,0.0,1.0,0.0,0.0,0.0,-0.001,0.0,0.1,0.0,-12.9,-12.7,0.0152,16.0,25903.0
2026-07-30T18:58:24.467Z,73.95,73.962,-7.5,7.4,0.0,0.0,0.0,0.0,0.0,1.0,1.0,0.0,1.0,0.0,0.0,0.0,8.0,6.0,0.0,0.0,0.0,0.0,0.0,0.0,0.0,0.0,5.0,12.0,1.0,12.06,5.0200000000000005,2.51,1.5,-2.3000000000000003,0.3,2.3000000000000003,301.0,-0.1,-12.6,1.1,8.700000000000001,-82.2,0.0,0.0,219.7,0.0,21.9,35.2,35.2,38.6,300.0,300.0,30.0,36.8,35.7,35.5,37.6,4.95,2.0,4.96,0.16,0.0,0.0,1027.0,8228.0,0.0,0.0,0.0,0.0,0.0,1.0,0.0,0.0,0.0,-0.001,0.0,-0.6000000000000001,0.0,-10.8,-12.8,0.0152,16.0,25903.0
2026-07-30T18:58:24.478Z,73.961,73.974,-7.4,7.4,0.0,0.0,0.0,0.0,0.0,1.0,1.0,0.0,1.0,0.0,0.0,0.0,8.0,6.0,0.0,0.0,0.0,0.0,0.0,0.0,0.0,0.0,6.0,12.0,1.0,12.06,5.0200000000000005,2.51,1.5,-2.2,0.3,2.3000000000000003,301.0,-0.1,-11.4,2.3000000000000003,9.3,-82.2,0.0,0.0,219.7,0.0,21.9,35.2,35.2,38.6,300.0,300.0,30.0,36.8,35.7,35.5,37.6,4.96,2.0,4.96,0.16,0.0,0.0,1027.0,8228.0,0.0,0.0,0.0,0.0,0.0,1.0,0.0,0.0,0.0,-0.001,0.0,0.2,0.0,-12.3,-12.8,0.0156,16.0,25903.0
2026-07-30T18:58:24.490Z,73.973,73.986,-7.4,7.4,0.0,0.0,0.0,0.0,0.0,1.0,1.0,0.0,1.0,0.0,0.0,0.0,8.0,6.0,0.0,0.0,0.0,0.0,0.0,0.0,0.0,0.0,1.0,12.0,1.0,12.06,5.0200000000000005,2.51,1.5,-2.3000000000000003,0.3,2.3000000000000003,300.90000000000003,-0.1,-12.6,0.5,9.9,-82.2,0.0,0.0,219.7,0.0,21.9,35.2,35.2,38.6,300.0,300.0,30.0,36.8,35.7,35.5,37.6,4.95,2.0,4.97,0.16,0.0,0.0,1027.0,8228.0,0.0,0.0,0.0,0.0,0.0,1.0,0.0,0.0,0.0,-0.001,0.0,-1.4,0.0,-11.7,-12.8,0.0153,16.0,25903.0
2026-07-30T18:58:24.502Z,73.985,73.998,-7.5,7.4,0.0,0.0,0.0,0.0,0.0,1.0,1.0,0.0,1.0,0.0,0.0,0.0,8.0,6.0,0.0,0.0,0.0,0.0,0.0,0.0,0.0,0.0,2.0,12.0,1.0,12.06,5.0200000000000005,2.51,1.5,-2.3000000000000003,0.3,2.3000000000000003,300.90000000000003,-0.1,-12.0,1.7000000000000002,9.3,-82.2,0.0,0.0,219.7,0.0,21.9,35.2,35.2,38.6,300.0,300.0,30.0,36.8,35.7,35.5,37.6,4.95,1.99,4.97,0.16,0.0,0.0,1027.0,8228.0,0.0,0.0,0.0,0.0,0.0,1.0,0.0,0.0,0.0,-0.001,0.0,-0.2,0.0,-11.8,-12.9,0.0156,16.0,25903.0
2026-07-30T18:58:24.514Z,73.997,74.01,-7.5,7.4,0.0,0.0,0.0,0.0,0.0,1.0,1.0,0.0,1.0,0.0,0.0,0.0,8.0,6.0,0.0,0.0,0.0,0.0,0.0,0.0,0.0,0.0,3.0,12.0,1.0,12.06,5.0200000000000005,2.51,1.5,-2.4000000000000004,0.3,2.4000000000000004,301.1,-0.1,-13.8,0.5,7.5,-82.2,0.0,0.0,219.6,0.0,21.9,35.2,35.2,38.6,300.0,300.0,30.0,36.8,35.7,35.5,37.6,4.96,2.0,4.97,0.16,0.0,0.0,1027.0,8228.0,0.0,0.0,0.0,0.0,0.0,1.0,0.0,0.0,0.0,-0.001,0.0,-0.9,0.0,-9.0,-12.8,0.0155,16.0,25903.0
2026-07-30T18:58:24.526Z,74.009,74.022,-7.5,7.4,0.0,0.0,0.0,0.0,0.0,1.0,1.0,0.0,1.0,0.0,0.0,0.0,8.0,6.0,0.0,0.0,0.0,0.0,0.0,0.0,0.0,0.0,4.0,12.0,1.0,12.06,5.0200000000000005,2.51,1.5,-2.2,0.3,2.3000000000000003,301.0,-0.1,-12.6,1.1,10.4,-82.2,0.0,0.0,219.6,0.0,21.9,35.2,35.2,38.6,300.0,300.0,30.0,36.8,35.7,35.5,37.6,4.96,2.0,4.96,0.16,0.0,0.0,1027.0,8228.0,0.0,0.0,0.0,0.0,0.0,1.0,0.0,0.0,0.0,-0.001,0.0,-0.9,0.0,-12.8,-12.8,0.0162,16.0,25903.0
2026-07-30T18:58:24.538Z,74.021,74.034,-7.5,7.4,0.0,0.0,0.0,0.0,0.0,1.0,1.0,0.0,1.0,0.0,0.0,0.0,8.0,6.0,0.0,0.0,0.0,0.0,0.0,0.0,0.0,0.0,5.0,12.0,1.0,12.06,5.0200000000000005,2.51,1.5,-2.3000000000000003,0.3,2.3000000000000003,301.1,-0.1,-12.6,0.5,8.1,-82.2,0.0,0.0,219.7,0.0,21.9,35.2,35.2,38.6,300.0,300.0,30.0,36.8,35.7,35.5,37.6,4.95,2.0,4.97,0.16,0.0,0.0,1027.0,8228.0,0.0,0.0,0.0,0.0,0.0,1.0,0.0,0.0,0.0,-0.001,0.0,-1.0,0.0,-9.7,-12.8,0.0153,16.0,25903.0
2026-07-30T18:58:24.550Z,74.033,74.046,-7.5,7.4,0.0,0.0,0.0,0.0,0.0,1.0,1.0,0.0,1.0,0.0,0.0,0.0,8.0,6.0,0.0,0.0,0.0,0.0,0.0,0.0,0.0,0.0,6.0,12.0,1.0,12.06,5.0200000000000005,2.51,1.5,-2.3000000000000003,0.3,2.3000000000000003,301.1,-0.1,-12.6,1.1,8.700000000000001,-82.2,0.0,0.0,219.7,0.0,21.9,35.2,35.2,38.6,300.0,300.0,30.0,36.8,35.7,35.5,37.6,4.95,2.0,4.96,0.16,0.0,0.0,1027.0,8228.0,0.0,0.0,0.0,0.0,0.0,1.0,0.0,0.0,0.0,-0.001,0.0,-0.6000000000000001,0.0,-10.8,-12.7,0.0158,16.0,25903.0
2026-07-30T18:58:24.562Z,74.045,74.058,-7.5,7.4,0.0,0.0,0.0,0.0,0.0,1.0,1.0,0.0,1.0,0.0,0.0,0.0,8.0,6.0,0.0,0.0,0.0,0.0,0.0,0.0,0.0,0.0,1.0,12.0,1.0,12.05,5.01,2.5,1.49,-2.2,0.3,2.2,300.90000000000003,-0.1,-11.4,2.3000000000000003,9.3,-82.2,0.0,0.0,219.7,0.0,22.1,35.2,35.2,38.6,300.0,300.0,30.1,36.7,35.7,35.5,37.7,4.95,2.0,4.96,0.16,0.0,0.0,1027.0,8228.0,0.0,0.0,0.0,0.0,0.0,1.0,0.0,0.0,0.0,-0.001,0.0,0.2,0.0,-12.3,-12.7,0.0155,16.0,25903.0
2026-07-30T18:58:24.575Z,74.058,74.07000000000001,-7.5,7.4,0.0,0.0,0.0,0.0,0.0,1.0,1.0,0.0,1.0,0.0,0.0,0.0,8.0,6.0,0.0,0.0,0.0,0.0,0.0,0.0,0.0,0.0,2.0,12.0,1.0,12.05,5.01,2.5,1.49,-2.2,0.3,2.2,301.1,-0.1,-12.0,1.7000000000000002,9.3,-82.2,0.0,0.0,219.6,0.0,22.1,35.2,35.2,38.6,300.0,300.0,30.1,36.7,35.7,35.5,37.7,4.96,2.0,4.96,0.16,0.0,0.0,1027.0,8228.0,0.0,0.0,0.0,0.0,0.0,1.0,0.0,0.0,0.0,-0.001,0.0,-0.2,0.0,-11.8,-12.7,0.0152,16.0,25903.0
2026-07-30T18:58:24.586Z,74.069,74.08200000000001,-7.5,7.4,0.0,0.0,0.0,0.0,0.0,1.0,1.0,0.0,1.0,0.0,0.0,0.0,8.0,6.0,0.0,0.0,0.0,0.0,0.0,0.0,0.0,0.0,3.0,12.0,1.0,12.05,5.01,2.5,1.49,-2.2,0.3,2.2,301.1,-0.1,-12.0,1.7000000000000002,9.3,-82.2,0.0,0.0,219.7,0.0,22.1,35.2,35.2,38.6,300.0,300.0,30.1,36.7,35.7,35.5,37.7,4.96,2.0,4.97,0.16,0.0,0.0,1027.0,8228.0,0.0,0.0,0.0,0.0,0.0,1.0,0.0,0.0,0.0,-0.001,0.0,-0.2,0.0,-11.8,-12.8,0.0152,16.0,25903.0
2026-07-30T18:58:24.598Z,74.081,74.09400000000001,-7.5,7.4,0.0,0.0,0.0,0.0,0.0,1.0,1.0,0.0,1.0,0.0,0.0,0.0,8.0,6.0,0.0,0.0,0.0,0.0,0.0,0.0,0.0,0.0,4.0,12.0,1.0,12.05,5.01,2.5,1.49,-2.2,0.2,2.2,300.90000000000003,-0.1,-12.6,2.3000000000000003,9.3,-82.2,0.0,0.0,219.8,0.0,22.1,35.2,35.2,38.6,300.0,300.0,30.1,36.7,35.7,35.5,37.7,4.96,2.0,4.96,0.16,0.0,0.0,1027.0,8228.0,0.0,0.0,0.0,0.0,0.0,1.0,0.0,0.0,0.0,-0.001,0.0,0.2,0.0,-12.3,-12.7,0.0148,16.0,25903.0
2026-07-30T18:58:24.611Z,74.094,74.106,-7.4,7.4,0.0,0.0,0.0,0.0,0.0,1.0,1.0,0.0,1.0,0.0,0.0,0.0,8.0,6.0,0.0,0.0,0.0,0.0,0.0,0.0,0.0,0.0,5.0,12.0,1.0,12.05,5.01,2.5,1.49,-2.2,0.2,2.2,301.1,-0.1,-10.9,2.9000000000000004,10.4,-82.2,0.0,0.0,219.7,0.0,22.1,35.2,35.2,38.6,300.0,300.0,30.1,36.7,35.7,35.5,37.7,4.96,2.0,4.96,0.16,0.0,0.0,1027.0,8228.0,0.0,0.0,0.0,0.0,0.0,1.0,0.0,0.0,0.0,-0.001,0.0,0.5,0.0,-14.0,-12.7,0.0144,16.0,25903.0
2026-07-30T18:58:24.623Z,74.106,74.118,-7.4,7.4,0.0,0.0,0.0,0.0,0.0,1.0,1.0,0.0,1.0,0.0,0.0,0.0,8.0,6.0,0.0,0.0,0.0,0.0,0.0,0.0,0.0,0.0,6.0,12.0,1.0,12.05,5.01,2.5,1.49,-2.1,0.3,2.2,301.1,-0.1,-10.9,2.3000000000000003,11.0,-82.2,0.0,0.0,219.7,0.0,22.1,35.2,35.2,38.6,300.0,300.0,30.1,36.7,35.7,35.5,37.7,4.95,2.0,4.97,0.16,0.0,0.0,1027.0,8228.0,0.0,0.0,0.0,0.0,0.0,1.0,0.0,0.0,0.0,-0.001,0.0,0.0,0.0,-14.3,-12.8,0.0153,16.0,25903.0
2026-07-30T18:58:24.635Z,74.118,74.13,-7.4,7.4,0.0,0.0,0.0,0.0,0.0,1.0,1.0,0.0,1.0,0.0,0.0,0.0,8.0,6.0,0.0,0.0,0.0,0.0,0.0,0.0,0.0,0.0,1.0,12.0,1.0,12.05,5.01,2.5,1.49,-2.2,0.2,2.2,301.0,-0.1,-11.4,3.5,9.9,-82.2,0.0,0.0,219.6,0.0,22.1,35.2,35.2,38.6,300.0,300.0,30.1,36.7,35.7,35.5,37.7,4.96,2.0,4.96,0.16,0.0,0.0,1027.0,8228.0,0.0,0.0,0.0,0.0,0.0,1.0,0.0,0.0,0.0,-0.001,0.0,1.2000000000000002,0.0,-13.8,-12.8,0.0153,16.0,25903.0
2026-07-30T18:58:24.646Z,74.129,74.142,-7.4,7.4,0.0,0.0,0.0,0.0,0.0,1.0,1.0,0.0,1.0,0.0,0.0,0.0,8.0,6.0,0.0,0.0,0.0,0.0,0.0,0.0,0.0,0.0,3.0,12.0,1.0,12.05,5.01,2.5,1.49,-2.1,0.2,2.1,301.1,-0.1,-10.9,3.5,10.4,-82.2,0.0,0.0,219.7,0.0,22.1,35.2,35.2,38.6,300.0,300.0,30.1,36.7,35.7,35.5,37.7,4.96,2.0,4.97,0.16,0.0,0.0,1027.0,8228.0,0.0,0.0,0.0,0.0,0.0,1.0,0.0,0.0,0.0,-0.001,0.0,-0.6000000000000001,0.0,-10.7,-12.8,0.0155,16.0,25903.0
2026-07-30T18:58:24.660Z,74.143,74.154,-7.4,7.4,0.0,0.0,0.0,0.0,0.0,1.0,1.0,0.0,1.0,0.0,0.0,0.0,8.0,6.0,0.0,0.0,0.0,0.0,0.0,0.0,0.0,0.0,4.0,12.0,1.0,12.06,5.0200000000000005,2.51,1.49,-2.1,0.3,2.2,301.1,-0.1,-12.0,2.3000000000000003,11.0,-82.2,0.0,0.0,219.8,0.0,22.1,35.300000000000004,35.2,38.6,300.0,300.0,30.0,36.6,35.7,35.5,37.7,4.95,2.0,4.97,0.16,0.0,0.0,1027.0,8228.0,0.0,0.0,0.0,0.0,0.0,1.0,0.0,0.0,0.0,-0.001,0.0,-0.1,0.0,-14.3,-12.8,0.0155,16.0,25903.0
2026-07-30T18:58:24.671Z,74.154,74.166,-7.4,7.4,0.0,0.0,0.0,0.0,0.0,1.0,1.0,0.0,1.0,0.0,0.0,0.0,8.0,6.0,0.0,0.0,0.0,0.0,0.0,0.0,0.0,0.0,5.0,12.0,1.0,12.06,5.0200000000000005,2.51,1.49,-2.3000000000000003,0.3,2.3000000000000003,301.0,-0.1,-11.4,2.9000000000000004,12.2,-82.2,0.0,0.0,219.8,0.0,22.1,35.300000000000004,35.2,38.6,300.0,300.0,30.0,36.6,35.7,35.5,37.7,4.96,2.0,4.96,0.16,0.0,0.0,1027.0,8228.0,0.0,0.0,0.0,0.0,0.0,1.0,0.0,0.0,0.0,-0.001,0.0,-0.5,0.0,-10.1,-12.8,0.0147,16.0,25903.0
2026-07-30T18:58:24.682Z,74.165,74.178,-7.4,7.4,0.0,0.0,0.0,0.0,0.0,1.0,1.0,0.0,1.0,0.0,0.0,0.0,8.0,6.0,0.0,0.0,0.0,0.0,0.0,0.0,0.0,0.0,6.0,12.0,1.0,12.06,5.0200000000000005,2.51,1.49,-2.2,0.3,2.2,301.0,-0.1,-10.9,2.3000000000000003,9.9,-82.30000000000001,0.0,0.0,219.7,0.0,22.1,35.300000000000004,35.2,38.6,300.0,300.0,30.0,36.6,35.7,35.5,37.7,4.96,2.0,4.96,0.16,0.0,0.0,1027.0,8228.0,0.0,0.0,0.0,0.0,0.0,1.0,0.0,0.0,0.0,-0.001,0.0,-1.1,0.0,-13.4,-12.8,0.0158,16.0,25903.0
2026-07-30T18:58:24.695Z,74.178,74.19,-7.5,7.4,0.0,0.0,0.0,0.0,0.0,1.0,1.0,0.0,1.0,0.0,0.0,0.0,8.0,6.0,0.0,0.0,0.0,0.0,0.0,0.0,0.0,0.0,1.0,12.0,1.0,12.06,5.0200000000000005,2.51,1.49,-2.3000000000000003,0.3,2.3000000000000003,301.0,-0.1,-12.0,1.7000000000000002,7.5,-82.2,0.0,0.0,219.6,0.0,22.1,35.300000000000004,35.2,38.6,300.0,300.0,30.0,36.6,35.7,35.5,37.7,4.96,2.0,4.96,0.16,0.0,0.0,1027.0,8228.0,0.0,0.0,0.0,0.0,0.0,1.0,0.0,0.0,0.0,-0.001,0.0,0.0,0.0,-9.8,-12.8,0.0151,16.0,25903.0
2026-07-30T18:58:24.707Z,74.19,74.202,-7.5,7.4,0.0,0.0,0.0,0.0,0.0,1.0,1.0,0.0,1.0,0.0,0.0,0.0,8.0,6.0,0.0,0.0,0.0,0.0,0.0,0.0,0.0,0.0,2.0,12.0,1.0,12.06,5.0200000000000005,2.51,1.49,-2.2,0.3,2.2,301.1,-0.1,-13.2,2.3000000000000003,10.4,-82.2,0.0,0.0,219.6,0.0,22.1,35.300000000000004,35.2,38.6,300.0,300.0,30.0,36.6,35.7,35.5,37.7,4.95,2.0,4.96,0.16,0.0,0.0,1027.0,8228.0,0.0,0.0,0.0,0.0,0.0,1.0,0.0,0.0,0.0,-0.001,0.0,0.0,0.0,-13.6,-12.7,0.0158,16.0,25903.0
2026-07-30T18:58:24.719Z,74.202,74.214,-7.4,7.4,0.0,0.0,0.0,0.0,0.0,1.0,1.0,0.0,1.0,0.0,0.0,0.0,8.0,6.0,0.0,0.0,0.0,0.0,0.0,0.0,0.0,0.0,3.0,12.0,1.0,12.06,5.0200000000000005,2.51,1.49,-2.3000000000000003,0.3,2.4000000000000004,301.0,-0.1,-13.8,0.0,8.1,-82.2,0.0,0.0,219.6,0.0,22.1,35.300000000000004,35.2,38.6,300.0,300.0,30.0,36.6,35.7,35.5,37.7,4.95,2.0,4.96,0.16,0.0,0.0,1027.0,8228.0,0.0,0.0,0.0,0.0,0.0,1.0,0.0,0.0,0.0,-0.001,0.0,-1.5,0.0,-9.2,-12.8,0.015,16.0,25903.0
2026-07-30T18:58:24.731Z,74.214,74.226,-7.5,7.4,0.0,0.0,0.0,0.0,0.0,1.0,1.0,0.0,1.0,0.0,0.0,0.0,8.0,6.0,0.0,0.0,0.0,0.0,0.0,0.0,0.0,0.0,4.0,12.0,1.0,12.06,5.0200000000000005,2.51,1.49,-2.3000000000000003,0.3,2.3000000000000003,301.1,-0.1,-13.2,0.5,8.700000000000001,-82.2,0.0,0.0,219.7,0.0,22.1,35.300000000000004,35.2,38.6,300.0,300.0,30.0,36.6,35.7,35.5,37.7,4.96,2.0,4.96,0.16,0.0,0.0,1027.0,8228.0,0.0,0.0,0.0,0.0,0.0,1.0,0.0,0.0,0.0,-0.001,0.0,-1.1,0.0,-10.3,-12.9,0.0161,16.0,25903.0
2026-07-30T18:58:24.757Z,74.24,74.238,-7.5,7.4,0.0,0.0,0.0,0.0,0.0,1.0,1.0,0.0,1.0,0.0,0.0,0.0,8.0,6.0,0.0,0.0,0.0,0.0,0.0,0.0,0.0,0.0,5.0,12.0,1.0,12.06,5.0200000000000005,2.51,1.49,-2.3000000000000003,0.3,2.3000000000000003,301.1,-0.1,-12.6,1.7000000000000002,8.700000000000001,-82.2,0.0,0.0,219.7,0.0,22.1,35.300000000000004,35.2,38.6,300.0,300.0,30.0,36.6,35.7,35.5,37.7,4.96,2.0,4.96,0.16,0.0,0.0,1027.0,8228.0,0.0,0.0,0.0,0.0,0.0,1.0,0.0,0.0,0.0,-0.001,0.0,-0.1,0.0,-11.2,-12.7,0.0156,16.0,25903.0
2026-07-30T18:58:24.758Z,74.241,74.25,-7.4,7.4,0.0,0.0,0.0,0.0,0.0,1.0,1.0,0.0,1.0,0.0,0.0,0.0,8.0,6.0,0.0,0.0,0.0,0.0,0.0,0.0,0.0,0.0,3.0,12.0,1.0,12.06,5.0200000000000005,2.51,1.49,-2.3000000000000003,0.3,2.3000000000000003,301.0,-0.1,-13.2,1.7000000000000002,8.1,-82.2,0.0,0.0,219.6,0.0,22.1,35.300000000000004,35.2,38.6,300.0,300.0,30.0,36.6,35.7,35.5,37.7,4.96,2.0,4.96,0.16,0.0,0.0,1027.0,8228.0,0.0,0.0,0.0,0.0,0.0,1.0,0.0,0.0,0.0,-0.001,0.0,0.0,0.0,-10.5,-12.7,0.0155,16.0,25903.0
2026-07-30T18:58:24.767Z,74.25,74.262,-7.5,7.4,0.0,0.0,0.0,0.0,0.0,1.0,1.0,0.0,1.0,0.0,0.0,0.0,8.0,6.0,0.0,0.0,0.0,0.0,0.0,0.0,0.0,0.0,2.0,12.0,1.0,12.06,5.01,2.51,1.49,-2.3000000000000003,0.3,2.3000000000000003,301.0,-0.1,-12.0,1.1,8.700000000000001,-82.2,0.0,0.0,219.7,0.0,22.1,35.300000000000004,35.2,38.7,300.0,300.0,29.9,36.8,35.7,35.5,37.7,4.95,2.0,4.96,0.16,0.0,0.0,1027.0,8228.0,0.0,0.0,0.0,0.0,0.0,1.0,0.0,0.0,0.0,-0.001,0.0,-0.6000000000000001,0.0,-10.8,-12.8,0.0157,16.0,25903.0
2026-07-30T18:58:24.779Z,74.262,74.274,-7.5,7.4,0.0,0.0,0.0,0.0,0.0,1.0,1.0,0.0,1.0,0.0,0.0,0.0,8.0,6.0,0.0,0.0,0.0,0.0,0.0,0.0,0.0,0.0,3.0,12.0,1.0,12.06,5.01,2.51,1.49,-2.2,0.3,2.3000000000000003,301.1,-0.1,-12.0,1.1,9.3,-82.2,0.0,0.0,219.7,0.0,22.1,35.300000000000004,35.2,38.7,300.0,300.0,29.9,36.8,35.7,35.5,37.7,4.95,2.0,4.96,0.16,0.0,0.0,1027.0,8228.0,0.0,0.0,0.0,0.0,0.0,1.0,0.0,0.0,0.0,-0.001,0.0,-0.7000000000000001,0.0,-11.4,-12.7,0.0155,16.0,25903.0
2026-07-30T18:58:24.791Z,74.274,74.286,-7.5,7.4,0.0,0.0,0.0,0.0,0.0,1.0,1.0,0.0,1.0,0.0,0.0,0.0,8.0,6.0,0.0,0.0,0.0,0.0,0.0,0.0,0.0,0.0,4.0,12.0,1.0,12.06,5.01,2.51,1.49,-2.2,0.3,2.3000000000000003,301.0,-0.1,-12.0,1.1,9.3,-82.2,0.0,0.0,219.7,0.0,22.1,35.300000000000004,35.2,38.7,300.0,300.0,29.9,36.8,35.7,35.5,37.7,4.95,2.0,4.96,0.16,0.0,0.0,1027.0,8228.0,0.0,0.0,0.0,0.0,0.0,1.0,0.0,0.0,0.0,-0.001,0.0,-0.7000000000000001,0.0,-11.4,-12.7,0.0153,16.0,25903.0
2026-07-30T18:58:24.803Z,74.286,74.298,-7.4,7.4,0.0,0.0,0.0,0.0,0.0,1.0,1.0,0.0,1.0,0.0,0.0,0.0,8.0,6.0,0.0,0.0,0.0,0.0,0.0,0.0,0.0,0.0,5.0,12.0,1.0,12.06,5.01,2.51,1.49,-2.2,0.3,2.2,301.0,-0.1,-12.0,2.3000000000000003,9.9,-82.2,0.0,0.0,219.8,0.0,22.1,35.300000000000004,35.2,38.7,300.0,300.0,29.9,36.8,35.7,35.5,37.7,4.95,2.0,4.96,0.16,0.0,0.0,1027.0,8228.0,0.0,0.0,0.0,0.0,0.0,1.0,0.0,0.0,0.0,-0.001,0.0,0.1,0.0,-12.9,-12.7,0.0153,16.0,25903.0
2026-07-30T18:58:24.815Z,74.298,74.31,-7.4,7.4,0.0,0.0,0.0,0.0,0.0,1.0,1.0,0.0,1.0,0.0,0.0,0.0,8.0,6.0,0.0,0.0,0.0,0.0,0.0,0.0,0.0,0.0,6.0,12.0,1.0,12.06,5.01,2.51,1.49,-2.2,0.2,2.3000000000000003,301.1,-0.1,-11.4,2.3000000000000003,9.3,-82.2,0.0,0.0,219.7,0.0,22.1,35.300000000000004,35.2,38.7,300.0,300.0,29.9,36.8,35.7,35.5,37.7,4.96,2.0,4.97,0.16,0.0,0.0,1027.0,8228.0,0.0,0.0,0.0,0.0,0.0,1.0,0.0,0.0,0.0,-0.001,0.0,0.2,0.0,-12.3,-12.9,0.0151,16.0,25903.0
2026-07-30T18:58:24.826Z,74.309,74.322,-7.5,7.4,0.0,0.0,0.0,0.0,0.0,1.0,1.0,0.0,1.0,0.0,0.0,0.0,8.0,6.0,0.0,0.0,0.0,0.0,0.0,0.0,0.0,0.0,1.0,12.0,1.0,12.06,5.01,2.51,1.49,-2.1,0.2,2.2,301.1,-0.1,-10.9,2.9000000000000004,10.4,-82.2,0.0,0.0,219.7,0.0,22.1,35.300000000000004,35.2,38.7,300.0,300.0,29.9,36.8,35.7,35.5,37.7,4.95,2.0,4.96,0.16,0.0,0.0,1027.0,8228.0,0.0,0.0,0.0,0.0,0.0,1.0,0.0,0.0,0.0,-0.001,0.0,0.5,0.0,-14.0,-12.8,0.0153,16.0,25903.0
2026-07-30T18:58:24.839Z,74.322,74.334,-7.5,7.4,0.0,0.0,0.0,0.0,0.0,1.0,1.0,0.0,1.0,0.0,0.0,0.0,8.0,6.0,0.0,0.0,0.0,0.0,0.0,0.0,0.0,0.0,2.0,12.0,1.0,12.06,5.01,2.51,1.49,-2.0,0.2,2.0,301.0,-0.1,-9.7,4.6000000000000005,12.2,-82.2,0.0,0.0,219.7,0.0,22.1,35.300000000000004,35.2,38.7,300.0,300.0,29.9,36.8,35.7,35.5,37.7,4.95,2.0,4.96,0.16,0.0,0.0,1027.0,8228.0,0.0,0.0,0.0,0.0,0.0,1.0,0.0,0.0,0.0,-0.001,0.0,1.7000000000000002,0.0,-17.3,-12.6,0.0147,16.0,25903.0
2026-07-30T18:58:24.850Z,74.333,74.346,-7.5,7.4,0.0,0.0,0.0,0.0,0.0,1.0,1.0,0.0,1.0,0.0,0.0,0.0,8.0,6.0,0.0,0.0,0.0,0.0,0.0,0.0,0.0,0.0,4.0,12.0,1.0,12.06,5.01,2.51,1.49,-2.1,0.2,2.1,301.1,-0.1,-10.9,3.5,11.0,-82.2,0.0,0.0,219.7,0.0,22.1,35.300000000000004,35.2,38.7,300.0,300.0,29.9,36.8,35.7,35.5,37.7,4.96,2.0,4.96,0.15,0.0,0.0,1027.0,8228.0,0.0,0.0,0.0,0.0,0.0,1.0,0.0,0.0,0.0,-0.001,0.0,0.9,0.0,-15.1,-12.7,0.0139,16.0,25903.0
2026-07-30T18:58:24.864Z,74.347,74.358,-7.5,7.4,0.0,0.0,0.0,0.0,0.0,1.0,1.0,0.0,1.0,0.0,0.0,0.0,8.0,6.0,0.0,0.0,0.0,0.0,0.0,0.0,0.0,0.0,5.0,12.0,1.0,12.04,5.01,2.5,1.5,-2.1,0.3,2.2,301.1,-0.1,-12.0,2.3000000000000003,10.4,-82.2,0.0,0.0,219.9,0.0,22.1,35.300000000000004,35.2,38.7,300.0,300.0,30.1,36.9,35.7,35.5,37.7,4.95,2.0,4.96,0.16,0.0,0.0,1027.0,8228.0,0.0,0.0,0.0,0.0,0.0,1.0,0.0,0.0,0.0,-0.001,0.0,0.0,0.0,-13.6,-12.7,0.0144,16.0,25903.0
2026-07-30T18:58:24.874Z,74.357,74.37,-7.4,7.4,0.0,0.0,0.0,0.0,0.0,1.0,1.0,0.0,1.0,0.0,0.0,0.0,8.0,6.0,0.0,0.0,0.0,0.0,0.0,0.0,0.0,0.0,6.0,12.0,1.0,12.04,5.01,2.5,1.5,-2.2,0.3,2.2,301.1,-0.1,-10.9,1.7000000000000002,9.3,-82.2,0.0,0.0,219.8,0.0,22.1,35.300000000000004,35.2,38.7,300.0,300.0,30.1,36.9,35.7,35.5,37.7,4.95,2.0,4.96,0.16,0.0,0.0,1027.0,8228.0,0.0,0.0,0.0,0.0,0.0,1.0,0.0,0.0,0.0,-0.001,0.0,-0.2,0.0,-11.8,-12.7,0.0147,16.0,25903.0
2026-07-30T18:58:24.886Z,74.369,74.382,-7.4,7.4,0.0,0.0,0.0,0.0,0.0,1.0,1.0,0.0,1.0,0.0,0.0,0.0,8.0,6.0,0.0,0.0,0.0,0.0,0.0,0.0,0.0,0.0,1.0,12.0,1.0,12.04,5.01,2.5,1.5,-2.2,0.2,2.2,300.90000000000003,-0.1,-11.4,2.3000000000000003,9.9,-82.2,0.0,0.0,219.8,0.0,22.1,35.300000000000004,35.2,38.7,300.0,300.0,30.1,36.9,35.7,35.5,37.7,4.95,2.0,4.97,0.16,0.0,0.0,1027.0,8228.0,0.0,0.0,0.0,0.0,0.0,1.0,0.0,0.0,0.0,-0.001,0.0,0.1,0.0,-12.9,-12.8,0.0151,16.0,25903.0
2026-07-30T18:58:24.899Z,74.382,74.394,-7.4,7.4,0.0,0.0,0.0,0.0,0.0,1.0,1.0,0.0,1.0,0.0,0.0,0.0,8.0,6.0,0.0,0.0,0.0,0.0,0.0,0.0,0.0,0.0,2.0,12.0,1.0,12.04,5.01,2.5,1.5,-2.2,0.2,2.2,301.0,-0.1,-12.0,2.9000000000000004,9.9,-82.2,0.0,0.0,219.6,0.0,22.1,35.300000000000004,35.2,38.7,300.0,300.0,30.1,36.9,35.7,35.5,37.7,4.95,2.0,4.97,0.16,0.0,0.0,1027.0,8228.0,0.0,0.0,0.0,0.0,0.0,1.0,0.0,0.0,0.0,-0.001,0.0,0.6000000000000001,0.0,-13.4,-12.8,0.015,16.0,25903.0
2026-07-30T18:58:24.911Z,74.394,74.406,-7.5,7.4,0.0,0.0,0.0,0.0,0.0,1.0,1.0,0.0,1.0,0.0,0.0,0.0,8.0,6.0,0.0,0.0,0.0,0.0,0.0,0.0,0.0,0.0,3.0,12.0,1.0,12.04,5.01,2.5,1.5,-2.2,0.3,2.3000000000000003,301.1,-0.1,-12.6,1.7000000000000002,9.3,-82.2,0.0,0.0,219.6,0.0,22.1,35.300000000000004,35.2,38.7,300.0,300.0,30.1,36.9,35.7,35.5,37.7,4.95,2.0,4.97,0.16,0.0,0.0,1027.0,8228.0,0.0,0.0,0.0,0.0,0.0,1.0,0.0,0.0,0.0,-0.001,0.0,-0.2,0.0,-11.8,-12.8,0.015,16.0,25903.0
2026-07-30T18:58:24.922Z,74.405,74.418,-7.5,7.4,0.0,0.0,0.0,0.0,0.0,1.0,1.0,0.0,1.0,0.0,0.0,0.0,8.0,6.0,0.0,0.0,0.0,0.0,0.0,0.0,0.0,0.0,4.0,12.0,1.0,12.04,5.01,2.5,1.5,-2.2,0.3,2.2,301.0,-0.1,-11.4,1.7000000000000002,10.4,-82.2,0.0,0.0,219.6,0.0,22.1,35.300000000000004,35.2,38.7,300.0,300.0,30.1,36.9,35.7,35.5,37.7,4.96,2.0,4.97,0.16,0.0,0.0,1027.0,8228.0,0.0,0.0,0.0,0.0,0.0,1.0,0.0,0.0,0.0,-0.001,0.0,-0.4,0.0,-13.2,-12.8,0.0153,16.0,25903.0
2026-07-30T18:58:24.935Z,74.418,74.43,-7.5,7.4,0.0,0.0,0.0,0.0,0.0,1.0,1.0,0.0,1.0,0.0,0.0,0.0,8.0,6.0,0.0,0.0,0.0,0.0,0.0,0.0,0.0,0.0,5.0,12.0,1.0,12.04,5.01,2.5,1.5,-2.2,0.2,2.2,301.0,-0.1,-12.6,2.3000000000000003,9.9,-82.2,0.0,0.0,219.8,0.0,22.1,35.300000000000004,35.2,38.7,300.0,300.0,30.1,36.9,35.7,35.5,37.7,4.96,2.0,4.96,0.16,0.0,0.0,1027.0,8228.0,0.0,0.0,0.0,0.0,0.0,1.0,0.0,0.0,0.0,-0.001,0.0,0.1,0.0,-12.9,-12.7,0.0148,16.0,25903.0
2026-07-30T18:58:24.947Z,74.43,74.44200000000001,-7.5,7.4,0.0,0.0,0.0,0.0,0.0,1.0,1.0,0.0,1.0,0.0,0.0,0.0,8.0,6.0,0.0,0.0,0.0,0.0,0.0,0.0,0.0,0.0,6.0,12.0,1.0,12.04,5.01,2.5,1.5,-2.1,0.2,2.1,301.1,-0.1,-10.9,2.9000000000000004,11.0,-82.2,0.0,0.0,219.8,0.0,22.1,35.300000000000004,35.2,38.7,300.0,300.0,30.1,36.9,35.7,35.5,37.7,4.95,2.0,4.96,0.16,0.0,0.0,1027.0,8228.0,0.0,0.0,0.0,0.0,0.0,1.0,0.0,0.0,0.0,-0.001,0.0,0.4,0.0,-14.7,-12.7,0.0148,16.0,25903.0
2026-07-30T18:58:24.959Z,74.442,74.45400000000001,-7.5,7.4,0.0,0.0,0.0,0.0,0.0,1.0,1.0,0.0,1.0,0.0,0.0,0.0,8.0,6.0,0.0,0.0,0.0,0.0,0.0,0.0,0.0,0.0,1.0,12.0,1.0,12.04,5.01,2.5,1.5,-2.2,0.3,2.2,300.90000000000003,-0.1,-12.0,1.7000000000000002,9.3,-82.2,0.0,0.0,219.8,0.0,22.1,35.300000000000004,35.2,38.7,300.0,300.0,30.1,36.9,35.7,35.5,37.7,4.96,2.0,4.96,0.16,0.0,0.0,1027.0,8228.0,0.0,0.0,0.0,0.0,0.0,1.0,0.0,0.0,0.0,-0.001,0.0,-0.2,0.0,-11.8,-12.7,0.0144,16.0,25903.0
2026-07-30T18:58:24.971Z,74.454,74.46600000000001,-7.4,7.4,0.0,0.0,0.0,0.0,0.0,1.0,1.0,0.0,1.0,0.0,0.0,0.0,8.0,6.0,0.0,0.0,0.0,0.0,0.0,0.0,0.0,0.0,2.0,12.0,1.0,12.05,5.01,2.5,1.49,-2.2,0.2,2.2,301.1,-0.1,-12.6,2.3000000000000003,9.3,-82.2,0.0,0.0,219.8,0.0,22.200000000000003,35.300000000000004,35.300000000000004,38.7,300.0,300.0,30.1,36.8,35.7,35.5,37.7,4.95,2.0,4.96,0.16,0.0,0.0,1027.0,8228.0,0.0,0.0,0.0,0.0,0.0,1.0,0.0,0.0,0.0,-0.001,0.0,0.2,0.0,-12.3,-12.7,0.0151,16.0,25903.0
2026-07-30T18:58:24.982Z,74.465,74.47800000000001,-7.4,7.4,0.0,0.0,0.0,0.0,0.0,1.0,1.0,0.0,1.0,0.0,0.0,0.0,8.0,6.0,0.0,0.0,0.0,0.0,0.0,0.0,0.0,0.0,3.0,12.0,1.0,12.05,5.01,2.5,1.49,-2.2,0.2,2.2,301.1,-0.1,-12.6,2.3000000000000003,9.3,-82.2,0.0,0.0,219.8,0.0,22.200000000000003,35.300000000000004,35.300000000000004,38.7,300.0,300.0,30.1,36.8,35.7,35.5,37.7,4.95,2.0,4.97,0.16,0.0,0.0,1027.0,8228.0,0.0,0.0,0.0,0.0,0.0,1.0,0.0,0.0,0.0,-0.001,0.0,0.2,0.0,-12.3,-12.8,0.0151,16.0,25903.0
2026-07-30T18:58:24.994Z,74.477,74.49,-7.4,7.4,0.0,0.0,0.0,0.0,0.0,1.0,1.0,0.0,1.0,0.0,0.0,0.0,8.0,6.0,0.0,0.0,0.0,0.0,0.0,0.0,0.0,0.0,4.0,12.0,1.0,12.05,5.01,2.5,1.49,-2.2,0.3,2.2,301.0,-0.1,-12.6,2.3000000000000003,10.4,-82.2,0.0,0.0,219.8,0.0,22.200000000000003,35.300000000000004,35.300000000000004,38.7,300.0,300.0,30.1,36.8,35.7,35.5,37.7,4.96,2.0,4.97,0.16,0.0,0.0,1027.0,8228.0,0.0,0.0,0.0,0.0,0.0,1.0,0.0,0.0,0.0,-0.001,0.0,0.0,0.0,-13.6,-12.8,0.0151,16.0,25903.0
2026-07-30T18:58:25.006Z,74.489,74.502,-7.4,7.4,0.0,0.0,0.0,0.0,0.0,1.0,1.0,0.0,1.0,0.0,0.0,0.0,8.0,6.0,0.0,0.0,0.0,0.0,0.0,0.0,0.0,0.0,5.0,12.0,1.0,12.05,5.01,2.5,1.49,-2.3000000000000003,0.3,2.3000000000000003,301.1,-0.1,-12.0,1.7000000000000002,8.700000000000001,-82.2,0.0,0.0,219.8,0.0,22.200000000000003,35.300000000000004,35.300000000000004,38.7,300.0,300.0,30.1,36.8,35.7,35.5,37.7,4.96,2.0,4.96,0.17,0.0,0.0,1027.0,8228.0,0.0,0.0,0.0,0.0,0.0,1.0,0.0,0.0,0.0,-0.001,0.0,-0.1,0.0,-11.2,-12.8,0.0149,16.0,25903.0
2026-07-30T18:58:25.018Z,74.501,74.514,-7.5,7.4,0.0,0.0,0.0,0.0,0.0,1.0,1.0,0.0,1.0,0.0,0.0,0.0,8.0,6.0,0.0,0.0,0.0,0.0,0.0,0.0,0.0,0.0,6.0,12.0,1.0,12.05,5.01,2.5,1.49,-2.2,0.3,2.2,301.1,-0.1,-13.2,0.5,9.9,-82.2,0.0,0.0,219.8,0.0,22.200000000000003,35.300000000000004,35.300000000000004,38.7,300.0,300.0,30.1,36.8,35.7,35.5,37.7,4.95,2.0,4.96,0.17,0.0,0.0,1027.0,8228.0,0.0,0.0,0.0,0.0,0.0,1.0,0.0,0.0,0.0,-0.001,0.0,-1.4,0.0,-11.7,-12.8,0.0155,16.0,25903.0
2026-07-30T18:58:25.030Z,74.513,74.526,-7.5,7.4,0.0,0.0,0.0,0.0,0.0,1.0,1.0,0.0,1.0,0.0,0.0,0.0,8.0,6.0,0.0,0.0,0.0,0.0,0.0,0.0,0.0,0.0,1.0,12.0,1.0,12.05,5.01,2.5,1.49,-2.3000000000000003,0.3,2.3000000000000003,300.90000000000003,-0.1,-13.2,1.1,8.1,-82.2,0.0,0.0,219.8,0.0,22.200000000000003,35.300000000000004,35.300000000000004,38.7,300.0,300.0,30.1,36.8,35.7,35.5,37.7,4.95,1.99,4.97,0.16,0.0,0.0,1027.0,8228.0,0.0,0.0,0.0,0.0,0.0,1.0,0.0,0.0,0.0,-0.001,0.0,-0.5,0.0,-10.1,-12.7,0.0153,16.0,25903.0
2026-07-30T18:58:25.042Z,74.525,74.538,-7.5,7.4,0.0,0.0,0.0,0.0,0.0,1.0,1.0,0.0,1.0,0.0,0.0,0.0,8.0,6.0,0.0,0.0,0.0,0.0,0.0,0.0,0.0,0.0,2.0,12.0,1.0,12.05,5.01,2.5,1.49,-2.2,0.2,2.2,301.0,-0.1,-12.6,2.9000000000000004,9.3,-82.2,0.0,0.0,219.8,0.0,22.200000000000003,35.300000000000004,35.300000000000004,38.7,300.0,300.0,30.1,36.8,35.7,35.5,37.7,4.95,2.0,4.97,0.16,0.0,0.0,1027.0,8228.0,0.0,0.0,0.0,0.0,0.0,1.0,0.0,0.0,0.0,-0.001,0.0,0.7000000000000001,0.0,-12.7,-12.7,0.0156,16.0,25903.0
2026-07-30T18:58:25.064Z,74.547,74.55,-7.4,7.4,0.0,0.0,0.0,0.0,0.0,1.0,1.0,0.0,1.0,0.0,0.0,0.0,8.0,6.0,0.0,0.0,0.0,0.0,0.0,0.0,0.0,0.0,3.0,12.0,1.0,12.05,5.01,2.5,1.49,-2.3000000000000003,0.3,2.3000000000000003,301.0,-0.1,-12.6,1.1,8.700000000000001,-82.2,0.0,0.0,219.7,0.0,22.200000000000003,35.300000000000004,35.300000000000004,38.7,300.0,300.0,30.1,36.8,35.7,35.5,37.7,4.96,2.0,4.96,0.16,0.0,0.0,1027.0,8228.0,0.0,0.0,0.0,0.0,0.0,1.0,0.0,0.0,0.0,-0.001,0.0,-0.6000000000000001,0.0,-10.8,-12.8,0.0149,16.0,25903.0
2026-07-30T18:58:25.071Z,74.554,74.562,-7.5,7.4,0.0,0.0,0.0,0.0,0.0,1.0,1.0,0.0,1.0,0.0,0.0,0.0,8.0,6.0,0.0,0.0,0.0,0.0,0.0,0.0,0.0,0.0,2.0,12.0,1.0,12.06,5.0200000000000005,2.51,1.49,-2.2,0.2,2.3000000000000003,301.0,-0.1,-13.2,2.3000000000000003,8.1,-82.2,0.0,0.0,219.8,0.0,21.9,35.300000000000004,35.300000000000004,38.7,300.0,300.0,30.0,36.7,35.7,35.5,37.7,4.96,2.0,4.97,0.16,0.0,0.0,1027.0,8228.0,0.0,0.0,0.0,0.0,0.0,1.0,0.0,0.0,0.0,-0.001,0.0,0.4,0.0,-10.9,-12.9,0.0156,16.0,25903.0
2026-07-30T18:58:25.078Z,74.561,74.574,-7.4,7.4,0.0,0.0,0.0,0.0,0.0,1.0,1.0,0.0,1.0,0.0,0.0,0.0,8.0,6.0,0.0,0.0,0.0,0.0,0.0,0.0,0.0,0.0,5.0,12.0,1.0,12.06,5.0200000000000005,2.51,1.49,-2.2,0.2,2.2,301.1,-0.1,-12.0,2.3000000000000003,9.3,-82.2,0.0,0.0,219.8,0.0,21.9,35.300000000000004,35.300000000000004,38.7,300.0,300.0,30.0,36.7,35.7,35.5,37.7,4.96,2.0,4.96,0.16,0.0,0.0,1027.0,8228.0,0.0,0.0,0.0,0.0,0.0,1.0,0.0,0.0,0.0,-0.001,0.0,0.2,0.0,-12.3,-12.8,0.0153,16.0,25903.0
2026-07-30T18:58:25.090Z,74.573,74.586,-7.4,7.4,0.0,0.0,0.0,0.0,0.0,1.0,1.0,0.0,1.0,0.0,0.0,0.0,8.0,6.0,0.0,0.0,0.0,0.0,0.0,0.0,0.0,0.0,6.0,12.0,1.0,12.06,5.0200000000000005,2.51,1.49,-2.2,0.2,2.2,301.1,-0.1,-10.9,2.3000000000000003,9.3,-82.2,0.0,0.0,219.9,0.0,21.9,35.300000000000004,35.300000000000004,38.7,300.0,300.0,30.0,36.7,35.7,35.5,37.7,4.96,2.0,4.96,0.16,0.0,0.0,1027.0,8228.0,0.0,0.0,0.0,0.0,0.0,1.0,0.0,0.0,0.0,-0.001,0.0,0.2,0.0,-12.3,-12.8,0.0151,16.0,25903.0
2026-07-30T18:58:25.102Z,74.585,74.598,-7.5,7.4,0.0,0.0,0.0,0.0,0.0,1.0,1.0,0.0,1.0,0.0,0.0,0.0,8.0,6.0,0.0,0.0,0.0,0.0,0.0,0.0,0.0,0.0,2.0,12.0,1.0,12.06,5.0200000000000005,2.51,1.49,-2.1,0.2,2.1,301.0,-0.1,-10.9,2.9000000000000004,10.4,-82.2,0.0,0.0,219.8,0.0,21.9,35.300000000000004,35.300000000000004,38.7,300.0,300.0,30.0,36.7,35.7,35.5,37.7,4.95,2.0,4.96,0.16,0.0,0.0,1027.0,8228.0,0.0,0.0,0.0,0.0,0.0,1.0,0.0,0.0,0.0,-0.001,0.0,0.5,0.0,-14.0,-12.8,0.0151,16.0,25903.0
2026-07-30T18:58:25.114Z,74.597,74.61,-7.5,7.4,0.0,0.0,0.0,0.0,0.0,1.0,1.0,0.0,1.0,0.0,0.0,0.0,8.0,6.0,0.0,0.0,0.0,0.0,0.0,0.0,0.0,0.0,3.0,12.0,1.0,12.06,5.0200000000000005,2.51,1.49,-2.1,0.3,2.2,301.1,-0.1,-10.9,2.3000000000000003,10.4,-82.2,0.0,0.0,219.6,0.0,21.9,35.300000000000004,35.300000000000004,38.7,300.0,300.0,30.0,36.7,35.7,35.5,37.7,4.95,2.0,4.96,0.16,0.0,0.0,1027.0,8228.0,0.0,0.0,0.0,0.0,0.0,1.0,0.0,0.0,0.0,-0.001,0.0,0.0,0.0,-13.6,-12.7,0.015,16.0,25903.0
2026-07-30T18:58:25.126Z,74.609,74.622,-7.5,7.4,0.0,0.0,0.0,0.0,0.0,1.0,1.0,0.0,1.0,0.0,0.0,0.0,8.0,6.0,0.0,0.0,0.0,0.0,0.0,0.0,0.0,0.0,5.0,12.0,1.0,12.06,5.0200000000000005,2.51,1.49,-2.1,0.2,2.1,301.0,-0.1,-10.9,4.6000000000000005,11.0,-82.2,0.0,0.0,219.7,0.0,21.9,35.300000000000004,35.300000000000004,38.7,300.0,300.0,30.0,36.7,35.7,35.5,37.7,4.95,2.0,4.96,0.16,0.0,0.0,1027.0,8228.0,0.0,0.0,0.0,0.0,0.0,1.0,0.0,0.0,0.0,-0.001,0.0,2.0,0.0,-16.0,-12.7,0.0145,16.0,25903.0
2026-07-30T18:58:25.138Z,74.621,74.634,-7.4,7.4,0.0,0.0,0.0,0.0,0.0,1.0,1.0,0.0,1.0,0.0,0.0,0.0,8.0,6.0,0.0,0.0,0.0,0.0,0.0,0.0,0.0,0.0,6.0,12.0,1.0,12.06,5.0200000000000005,2.51,1.49,-2.1,0.2,2.1,301.0,-0.1,-10.9,3.5,12.2,-82.2,0.0,0.0,219.6,0.0,21.9,35.300000000000004,35.300000000000004,38.7,300.0,300.0,30.0,36.7,35.7,35.5,37.7,4.95,2.0,4.96,0.16,0.0,0.0,1027.0,8228.0,0.0,0.0,0.0,0.0,0.0,1.0,0.0,0.0,0.0,-0.001,0.0,0.7000000000000001,0.0,-16.5,-12.7,0.0151,16.0,25903.0
2026-07-30T18:58:25.150Z,74.633,74.646,-7.4,7.4,0.0,0.0,0.0,0.0,0.0,1.0,1.0,0.0,1.0,0.0,0.0,0.0,8.0,6.0,0.0,0.0,0.0,0.0,0.0,0.0,0.0,0.0,2.0,12.0,1.0,12.06,5.0200000000000005,2.51,1.49,-2.2,0.2,2.2,301.0,-0.1,-10.3,3.5,9.9,-82.10000000000001,0.0,0.0,219.6,0.0,21.9,35.300000000000004,35.300000000000004,38.7,300.0,300.0,30.0,36.7,35.7,35.5,37.7,4.95,2.0,4.96,0.16,0.0,0.0,1027.0,8228.0,0.0,0.0,0.0,0.0,0.0,1.0,0.0,0.0,0.0,-0.001,0.0,1.2000000000000002,0.0,-13.8,-12.9,0.0148,16.0,25903.0
2026-07-30T18:58:25.162Z,74.645,74.658,-7.5,7.4,0.0,0.0,0.0,0.0,0.0,1.0,1.0,0.0,1.0,0.0,0.0,0.0,8.0,6.0,0.0,0.0,0.0,0.0,0.0,0.0,0.0,0.0,3.0,12.0,1.0,12.06,5.0200000000000005,2.51,1.49,-2.2,0.3,2.2,301.0,-0.1,-11.4,1.7000000000000002,8.700000000000001,-82.10000000000001,0.0,0.0,219.6,0.0,21.9,35.300000000000004,35.300000000000004,38.7,300.0,300.0,30.0,36.7,35.7,35.5,37.7,4.96,2.0,4.96,0.16,0.0,0.0,1027.0,8228.0,0.0,0.0,0.0,0.0,0.0,1.0,0.0,0.0,0.0,-0.001,0.0,-0.1,0.0,-11.2,-12.8,0.0153,16.0,25903.0
2026-07-30T18:58:25.174Z,74.657,74.67,-7.5,7.4,0.0,0.0,0.0,0.0,0.0,1.0,1.0,0.0,1.0,0.0,0.0,0.0,8.0,6.0,0.0,0.0,0.0,0.0,0.0,0.0,0.0,0.0,5.0,12.0,1.0,12.06,5.01,2.51,1.49,-2.1,0.2,2.1,301.0,-0.1,-10.9,2.9000000000000004,10.4,-82.10000000000001,0.0,0.0,219.7,0.0,21.9,35.300000000000004,35.300000000000004,38.7,300.0,300.0,29.9,36.6,35.7,35.5,37.7,4.96,2.0,4.97,0.16,0.0,0.0,1027.0,8228.0,0.0,0.0,0.0,0.0,0.0,1.0,0.0,0.0,0.0,-0.001,0.0,-0.6000000000000001,0.0,-10.8,-12.7,0.0152,16.0,25903.0
2026-07-30T18:58:25.186Z,74.669,74.682,-7.4,7.4,0.0,0.0,0.0,0.0,0.0,1.0,1.0,0.0,1.0,0.0,0.0,0.0,8.0,6.0,0.0,0.0,0.0,0.0,0.0,0.0,0.0,0.0,6.0,12.0,1.0,12.06,5.01,2.51,1.49,-2.3000000000000003,0.3,2.3000000000000003,300.90000000000003,-0.1,-11.4,2.9000000000000004,10.4,-82.10000000000001,0.0,0.0,219.6,0.0,21.9,35.300000000000004,35.300000000000004,38.7,300.0,300.0,29.9,36.6,35.7,35.5,37.7,4.95,2.0,4.97,0.16,0.0,0.0,1027.0,8228.0,0.0,0.0,0.0,0.0,0.0,1.0,0.0,0.0,0.0,-0.001,0.0,0.0,0.0,-9.8,-12.7,0.0154,16.0,25903.0
2026-07-30T18:58:25.198Z,74.681,74.694,-7.5,7.4,0.0,0.0,0.0,0.0,0.0,1.0,1.0,0.0,1.0,0.0,0.0,0.0,8.0,6.0,0.0,0.0,0.0,0.0,0.0,0.0,0.0,0.0,2.0,12.0,1.0,12.06,5.01,2.51,1.49,-2.2,0.3,2.2,301.1,-0.1,-11.4,2.9000000000000004,9.9,-82.10000000000001,0.0,0.0,219.6,0.0,21.9,35.300000000000004,35.300000000000004,38.7,300.0,300.0,29.9,36.6,35.7,35.5,37.7,4.96,2.0,4.96,0.16,0.0,0.0,1027.0,8228.0,0.0,0.0,0.0,0.0,0.0,1.0,0.0,0.0,0.0,-0.001,0.0,-0.2,0.0,-11.8,-12.8,0.0156,16.0,25903.0
2026-07-30T18:58:25.210Z,74.693,74.706,-7.5,7.4,0.0,0.0,0.0,0.0,0.0,1.0,1.0,0.0,1.0,0.0,0.0,0.0,8.0,6.0,0.0,0.0,0.0,0.0,0.0,0.0,0.0,0.0,3.0,12.0,1.0,12.06,5.01,2.51,1.49,-2.2,0.3,2.2,301.1,-0.1,-12.0,0.5,9.9,-82.10000000000001,0.0,0.0,219.8,0.0,21.9,35.300000000000004,35.300000000000004,38.7,300.0,300.0,29.9,36.6,35.7,35.5,37.7,4.96,2.0,4.96,0.16,0.0,0.0,1027.0,8228.0,0.0,0.0,0.0,0.0,0.0,1.0,0.0,0.0,0.0,-0.001,0.0,-1.4,0.0,-11.7,-12.7,0.015,16.0,25903.0
2026-07-30T18:58:25.222Z,74.705,74.718,-7.4,7.4,0.0,0.0,0.0,0.0,0.0,1.0,1.0,0.0,1.0,0.0,0.0,0.0,8.0,6.0,0.0,0.0,0.0,0.0,0.0,0.0,0.0,0.0,5.0,12.0,1.0,12.06,5.01,2.51,1.49,-2.2,0.2,2.3000000000000003,301.0,-0.1,-12.6,1.7000000000000002,8.1,-82.10000000000001,0.0,0.0,219.8,0.0,21.9,35.300000000000004,35.300000000000004,38.7,300.0,300.0,29.9,36.6,35.7,35.5,37.7,4.96,2.0,4.97,0.16,0.0,0.0,1027.0,8228.0,0.0,0.0,0.0,0.0,0.0,1.0,0.0,0.0,0.0,-0.001,0.0,0.0,0.0,-10.5,-12.7,0.0151,16.0,25903.0
2026-07-30T18:58:25.234Z,74.717,74.73,-7.4,7.4,0.0,0.0,0.0,0.0,0.0,1.0,1.0,0.0,1.0,0.0,0.0,0.0,8.0,6.0,0.0,0.0,0.0,0.0,0.0,0.0,0.0,0.0,6.0,12.0,1.0,12.06,5.01,2.51,1.49,-2.2,0.2,2.2,301.0,-0.1,-12.6,2.3000000000000003,9.3,-82.10000000000001,0.0,0.0,219.8,0.0,21.9,35.300000000000004,35.300000000000004,38.7,300.0,300.0,29.9,36.6,35.7,35.5,37.7,4.95,2.0,4.97,0.16,0.0,0.0,1027.0,8228.0,0.0,0.0,0.0,0.0,0.0,1.0,0.0,0.0,0.0,-0.001,0.0,0.2,0.0,-12.3,-12.8,0.0153,16.0,25903.0
2026-07-30T18:58:25.246Z,74.729,74.742,-7.4,7.4,0.0,0.0,0.0,0.0,0.0,1.0,1.0,0.0,1.0,0.0,0.0,0.0,8.0,6.0,0.0,0.0,0.0,0.0,0.0,0.0,0.0,0.0,2.0,12.0,1.0,12.06,5.01,2.51,1.49,-2.3000000000000003,0.3,2.3000000000000003,301.0,-0.1,-12.0,1.1,8.700000000000001,-82.10000000000001,0.0,0.0,219.7,0.0,21.9,35.300000000000004,35.300000000000004,38.7,300.0,300.0,29.9,36.6,35.7,35.5,37.7,4.96,2.0,4.96,0.16,0.0,0.0,1027.0,8228.0,0.0,0.0,0.0,0.0,0.0,1.0,0.0,0.0,0.0,-0.001,0.0,-0.6000000000000001,0.0,-10.8,-12.8,0.015,16.0,25903.0
2026-07-30T18:58:25.258Z,74.741,74.754,-7.4,7.4,0.0,0.0,0.0,0.0,0.0,1.0,1.0,0.0,1.0,0.0,0.0,0.0,8.0,6.0,0.0,0.0,0.0,0.0,0.0,0.0,0.0,0.0,3.0,12.0,1.0,12.06,5.01,2.51,1.49,-2.3000000000000003,0.3,2.3000000000000003,301.0,-0.1,-12.6,0.0,9.3,-82.10000000000001,0.0,0.0,219.7,0.0,21.9,35.300000000000004,35.300000000000004,38.7,300.0,300.0,29.9,36.6,35.7,35.5,37.7,4.96,2.0,4.96,0.16,0.0,0.0,1027.0,8228.0,0.0,0.0,0.0,0.0,0.0,1.0,0.0,0.0,0.0,-0.001,0.0,-1.8,0.0,-10.6,-12.9,0.0155,16.0,25903.0
2026-07-30T18:58:25.271Z,74.754,74.766,-7.5,7.4,0.0,0.0,0.0,0.0,0.0,1.0,1.0,0.0,1.0,0.0,0.0,0.0,8.0,6.0,0.0,0.0,0.0,0.0,0.0,0.0,0.0,0.0,4.0,12.0,1.0,12.05,5.01,2.5,1.49,-2.2,0.2,2.2,301.0,-0.1,-11.4,2.9000000000000004,9.9,-82.10000000000001,0.0,0.0,219.7,0.0,22.3,35.300000000000004,35.300000000000004,38.7,300.0,300.0,29.9,36.8,35.7,35.6,37.7,4.96,2.0,4.96,0.16,0.0,0.0,1027.0,8228.0,0.0,0.0,0.0,0.0,0.0,1.0,0.0,0.0,0.0,-0.001,0.0,0.6000000000000001,0.0,-13.4,-12.8,0.0155,16.0,25903.0
2026-07-30T18:58:25.282Z,74.765,74.778,-7.5,7.4,0.0,0.0,0.0,0.0,0.0,1.0,1.0,0.0,1.0,0.0,0.0,0.0,8.0,6.0,0.0,0.0,0.0,0.0,0.0,0.0,0.0,0.0,6.0,12.0,1.0,12.05,5.01,2.5,1.49,-2.2,0.2,2.2,301.0,-0.1,-11.4,2.3000000000000003,8.700000000000001,-82.10000000000001,0.0,0.0,219.7,0.0,22.3,35.300000000000004,35.300000000000004,38.7,300.0,300.0,29.9,36.8,35.7,35.6,37.7,4.96,2.0,4.96,0.16,0.0,0.0,1027.0,8228.0,0.0,0.0,0.0,0.0,0.0,1.0,0.0,0.0,0.0,-0.001,0.0,0.3,0.0,-11.6,-12.8,0.0148,16.0,25903.0
2026-07-30T18:58:25.294Z,74.777,74.79,-7.5,7.4,0.0,0.0,0.0,0.0,0.0,1.0,1.0,0.0,1.0,0.0,0.0,0.0,8.0,6.0,0.0,0.0,0.0,0.0,0.0,0.0,0.0,0.0,1.0,12.0,1.0,12.05,5.01,2.5,1.49,-2.2,0.3,2.2,301.1,-0.1,-12.0,1.7000000000000002,9.9,-82.10000000000001,0.0,0.0,219.7,0.0,22.3,35.300000000000004,35.300000000000004,38.7,300.0,300.0,29.9,36.8,35.7,35.6,37.7,4.95,2.0,4.96,0.17,0.0,0.0,1027.0,8228.0,0.0,0.0,0.0,0.0,0.0,1.0,0.0,0.0,0.0,-0.001,0.0,-0.3,0.0,-12.5,-12.8,0.0152,16.0,25903.0
2026-07-30T18:58:25.307Z,74.79,74.802,-7.5,7.4,0.0,0.0,0.0,0.0,0.0,1.0,1.0,0.0,1.0,0.0,0.0,0.0,8.0,6.0,0.0,0.0,0.0,0.0,0.0,0.0,0.0,0.0,2.0,12.0,1.0,12.05,5.01,2.5,1.49,-2.1,0.3,2.1,301.1,-0.1,-10.9,2.3000000000000003,11.6,-82.10000000000001,0.0,0.0,219.7,0.0,22.3,35.300000000000004,35.300000000000004,38.7,300.0,300.0,29.9,36.8,35.7,35.6,37.7,4.95,2.0,4.96,0.17,0.0,0.0,1027.0,8228.0,0.0,0.0,0.0,0.0,0.0,1.0,0.0,0.0,0.0,-0.001,0.0,-0.1,0.0,-14.9,-12.8,0.015,16.0,25903.0
2026-07-30T18:58:25.319Z,74.802,74.81400000000001,-7.5,7.4,0.0,0.0,0.0,0.0,0.0,1.0,1.0,0.0,1.0,0.0,0.0,0.0,8.0,6.0,0.0,0.0,0.0,0.0,0.0,0.0,0.0,0.0,3.0,12.0,1.0,12.05,5.01,2.5,1.49,-2.1,0.2,2.1,300.90000000000003,-0.1,-10.3,3.5,11.0,-82.10000000000001,0.0,0.0,219.7,0.0,22.3,35.300000000000004,35.300000000000004,38.7,300.0,300.0,29.9,36.8,35.7,35.6,37.7,4.95,2.0,4.96,0.16,0.0,0.0,1027.0,8228.0,0.0,0.0,0.0,0.0,0.0,1.0,0.0,0.0,0.0,-0.001,0.0,0.9,0.0,-15.1,-12.7,0.0143,16.0,25903.0
2026-07-30T18:58:25.331Z,74.814,74.82600000000001,-7.4,7.4,0.0,0.0,0.0,0.0,0.0,1.0,1.0,0.0,1.0,0.0,0.0,0.0,8.0,6.0,0.0,0.0,0.0,0.0,0.0,0.0,0.0,0.0,4.0,12.0,1.0,12.05,5.01,2.5,1.49,-2.1,0.2,2.1,301.0,-0.1,-12.0,4.0,9.9,-82.0,0.0,0.0,219.7,0.0,22.3,35.300000000000004,35.300000000000004,38.7,300.0,300.0,29.9,36.8,35.7,35.6,37.7,4.95,2.0,4.96,0.16,0.0,0.0,1027.0,8228.0,0.0,0.0,0.0,0.0,0.0,1.0,0.0,0.0,0.0,-0.001,0.0,1.7000000000000002,0.0,-14.2,-12.7,0.0142,16.0,25903.0
2026-07-30T18:58:25.343Z,74.826,74.83800000000001,-7.4,7.4,0.0,0.0,0.0,0.0,0.0,1.0,1.0,0.0,1.0,0.0,0.0,0.0,8.0,6.0,0.0,0.0,0.0,0.0,0.0,0.0,0.0,0.0,6.0,12.0,1.0,12.05,5.01,2.5,1.49,-2.1,0.2,2.1,301.1,-0.1,-10.9,3.5,10.4,-82.0,0.0,0.0,219.6,0.0,22.3,35.300000000000004,35.300000000000004,38.7,300.0,300.0,29.9,36.8,35.7,35.6,37.7,4.95,2.0,4.96,0.16,0.0,0.0,1027.0,8228.0,0.0,0.0,0.0,0.0,0.0,1.0,0.0,0.0,0.0,-0.001,0.0,1.0,0.0,-14.5,-12.8,0.0146,16.0,25903.0
2026-07-30T18:58:25.354Z,74.837,74.85000000000001,-7.4,7.4,0.0,0.0,0.0,0.0,0.0,1.0,1.0,0.0,1.0,0.0,0.0,0.0,8.0,6.0,0.0,0.0,0.0,0.0,0.0,0.0,0.0,0.0,1.0,12.0,1.0,12.05,5.01,2.5,1.49,-2.1,0.3,2.1,301.0,-0.1,-10.9,2.3000000000000003,11.0,-82.0,0.0,0.0,219.7,0.0,22.3,35.300000000000004,35.300000000000004,38.7,300.0,300.0,29.9,36.8,35.7,35.6,37.7,4.96,2.0,4.96,0.16,0.0,0.0,1027.0,8228.0,0.0,0.0,0.0,0.0,0.0,1.0,0.0,0.0,0.0,-0.001,0.0,0.0,0.0,-14.3,-12.8,0.0145,16.0,25903.0
2026-07-30T18:58:25.366Z,74.849,74.862,-7.4,7.4,0.0,0.0,0.0,0.0,0.0,1.0,1.0,0.0,1.0,0.0,0.0,0.0,8.0,6.0,0.0,0.0,0.0,0.0,0.0,0.0,0.0,0.0,2.0,12.0,1.0,12.05,5.01,2.5,1.49,-2.2,0.2,2.2,301.0,-0.1,-10.3,2.9000000000000004,9.3,-82.0,0.0,0.0,219.8,0.0,22.3,35.300000000000004,35.300000000000004,38.7,300.0,300.0,29.9,36.8,35.7,35.6,37.7,4.96,2.0,4.96,0.16,0.0,0.0,1027.0,8228.0,0.0,0.0,0.0,0.0,0.0,1.0,0.0,0.0,0.0,-0.001,0.0,0.7000000000000001,0.0,-12.7,-12.8,0.0145,16.0,25903.0
2026-07-30T18:58:25.385Z,74.868,74.874,-7.4,7.4,0.0,0.0,0.0,0.0,0.0,1.0,1.0,0.0,1.0,0.0,0.0,0.0,8.0,6.0,0.0,0.0,0.0,0.0,0.0,0.0,0.0,0.0,3.0,12.0,1.0,12.05,5.01,2.51,1.49,-2.2,0.3,2.3000000000000003,301.1,-0.1,-12.0,1.1,9.9,-82.10000000000001,0.0,0.0,219.8,0.0,22.200000000000003,35.300000000000004,35.300000000000004,38.7,300.0,300.0,30.0,36.8,35.7,35.6,37.7,4.95,2.0,4.96,0.16,0.0,0.0,1027.0,8228.0,0.0,0.0,0.0,0.0,0.0,1.0,0.0,0.0,0.0,-0.001,0.0,-0.9,0.0,-12.1,-12.8,0.0149,16.0,25903.0
2026-07-30T18:58:25.391Z,74.874,74.886,-7.300000000000001,7.4,0.0,0.0,0.0,0.0,0.0,0.0,0.0,0.0,1.0,0.0,0.0,0.0,11.0,4.0,0.0,0.0,0.0,0.0,0.0,0.0,0.0,0.0,2.0,12.0,1.0,12.05,5.01,2.51,1.49,-8.0,-0.7000000000000001,0.6000000000000001,301.2,0.0,-3.2,0.0,3.4000000000000004,-73.7,-13.8,0.0,219.7,0.0,22.200000000000003,35.300000000000004,35.300000000000004,38.7,300.0,300.0,30.0,36.8,35.7,35.6,37.7,4.96,2.0,4.97,0.16,0.0,0.0,1027.0,8228.0,0.0,0.0,0.0,0.0,0.0,1.0,0.0,0.0,0.0,0.0,0.0,-0.6000000000000001,0.0,-3.9,-12.9,0.0153,16.0,25903.0
2026-07-30T18:58:25.402Z,74.885,74.898,-5.800000000000001,7.4,0.0,0.0,0.0,0.0,0.0,0.0,0.0,0.0,1.0,0.0,0.0,0.0,9.0,4.0,0.0,0.0,0.0,0.0,0.0,0.0,0.0,0.0,2.0,12.0,1.0,12.05,5.01,2.51,1.49,0.0,0.1,0.0,303.40000000000003,0.0,0.8,0.6000000000000001,2.3000000000000003,-58.2,-1.4,0.0,220.4,0.0,22.200000000000003,35.300000000000004,35.300000000000004,38.7,300.0,300.0,30.0,36.8,35.7,35.6,37.7,4.96,1.99,4.96,0.16,0.0,0.0,1027.0,8228.0,0.0,0.0,0.0,0.0,0.0,1.0,0.0,0.0,0.0,0.0,0.0,0.0,0.0,-3.0,22.8,0.0042,16.0,25903.0
2026-07-30T18:58:25.415Z,74.898,74.91,-4.7,7.4,0.0,0.0,0.0,0.0,0.0,0.0,0.0,0.0,1.0,0.0,0.0,0.0,9.0,4.0,0.0,0.0,0.0,0.0,0.0,0.0,0.0,0.0,4.0,12.0,1.0,12.05,5.01,2.51,1.49,-0.2,0.3,0.0,302.40000000000003,0.0,0.2,0.0,-0.6000000000000001,-43.900000000000006,-0.1,0.0,222.7,0.0,22.200000000000003,35.300000000000004,35.300000000000004,38.7,300.0,300.0,30.0,36.8,35.7,35.6,37.7,4.96,1.99,4.96,0.16,0.0,0.0,1027.0,8228.0,0.0,0.0,0.0,0.0,0.0,1.0,0.0,0.0,0.0,0.0,0.0,0.1,0.0,0.7000000000000001,0.0,0.0002,16.0,25903.0
2026-07-30T18:58:25.427Z,74.91,74.922,-3.7,7.4,0.0,0.0,0.0,0.0,0.0,0.0,0.0,0.0,1.0,0.0,0.0,0.0,9.0,4.0,0.0,0.0,0.0,0.0,0.0,0.0,0.0,0.0,4.0,12.0,1.0,12.05,5.01,2.51,1.49,-0.3,0.3,0.1,301.3,0.0,-0.8,1.2000000000000002,-1.2000000000000002,-30.8,0.0,1.0,226.1,0.0,22.200000000000003,35.300000000000004,35.300000000000004,38.7,300.0,300.0,30.0,36.8,35.7,35.6,37.7,4.95,2.0,4.96,0.16,0.0,0.0,1027.0,8228.0,0.0,0.0,0.0,0.0,0.0,1.0,0.0,0.0,0.0,0.001,0.0,1.3,0.0,0.3,0.0,0.0007,16.0,25903.0
2026-07-30T18:58:25.438Z,74.921,74.934,-3.0,7.4,0.0,0.0,0.0,0.0,0.0,0.0,0.0,0.0,1.0,0.0,0.0,0.0,9.0,4.0,0.0,0.0,0.0,0.0,0.0,0.0,0.0,0.0,6.0,12.0,1.0,12.05,5.01,2.51,1.49,-0.3,0.3,0.2,300.40000000000003,0.0,1.4,1.2000000000000002,1.1,-19.0,0.0,1.0,230.2,0.0,22.200000000000003,35.300000000000004,35.300000000000004,38.7,300.0,300.0,30.0,36.8,35.7,35.6,37.7,4.95,2.0,4.96,0.16,0.0,0.0,1027.0,8228.0,0.0,0.0,0.0,0.0,0.0,1.0,0.0,0.0,0.0,0.002,0.0,0.4,0.0,-2.2,0.0,0.0011,16.0,25903.0
2026-07-30T18:58:25.450Z,74.933,74.946,-2.4000000000000004,7.4,0.0,0.0,0.0,0.0,0.0,0.0,0.0,0.0,1.0,0.0,0.0,0.0,9.0,4.0,0.0,0.0,0.0,0.0,0.0,0.0,0.0,0.0,1.0,12.0,1.0,12.05,5.01,2.51,1.49,-0.3,0.3,0.2,300.7,0.0,-0.2,-1.1,0.0,-8.4,0.0,1.0,234.5,0.0,22.200000000000003,35.300000000000004,35.300000000000004,38.7,300.0,300.0,30.0,36.8,35.7,35.6,37.7,4.95,2.0,4.96,0.16,0.0,0.0,1027.0,8228.0,0.0,0.0,0.0,0.0,0.0,1.0,0.0,0.0,0.0,0.002,0.0,-0.7000000000000001,0.0,1.1,0.0,0.0014,16.0,25903.0
2026-07-30T18:58:25.462Z,74.945,74.958,-1.9,7.4,0.0,0.0,0.0,0.0,0.0,0.0,0.0,0.0,1.0,0.0,0.0,0.0,9.0,4.0,0.0,0.0,0.0,0.0,0.0,0.0,0.0,0.0,2.0,12.0,1.0,12.05,5.01,2.51,1.49,-0.4,0.3,0.2,301.3,0.0,-0.2,0.6000000000000001,0.0,1.1,0.0,2.0,239.3,0.0,22.200000000000003,35.300000000000004,35.300000000000004,38.7,300.0,300.0,30.0,36.8,35.7,35.6,37.7,4.95,1.99,4.97,0.16,0.0,0.0,1027.0,8228.0,0.0,0.0,0.0,0.0,0.0,1.0,0.0,0.0,0.0,0.002,0.0,0.3,0.0,-0.5,0.0,0.0016,16.0,25903.0
2026-07-30T18:58:25.475Z,74.958,74.97,-1.5,7.4,0.0,0.0,0.0,0.0,0.0,0.0,0.0,0.0,1.0,0.0,0.0,0.0,9.0,4.0,0.0,0.0,0.0,0.0,0.0,0.0,0.0,0.0,3.0,12.0,1.0,12.15,5.0200000000000005,2.51,1.49,-0.4,0.3,0.2,301.2,0.0,0.2,1.2000000000000002,2.3000000000000003,9.6,0.0,2.0,244.3,0.0,21.700000000000003,35.300000000000004,35.300000000000004,37.3,300.0,300.0,30.0,36.6,35.7,35.6,37.7,4.96,1.99,4.97,0.16,0.0,0.0,1027.0,8228.0,0.0,0.0,0.0,0.0,0.0,1.0,0.0,0.0,0.0,0.002,0.0,-0.8,0.0,-3.4000000000000004,0.0,0.0017,16.0,25903.0
2026-07-30T18:58:25.486Z,74.969,74.982,-1.2000000000000002,7.4,0.0,0.0,0.0,0.0,0.0,0.0,0.0,0.0,1.0,0.0,0.0,0.0,9.0,4.0,0.0,0.0,0.0,0.0,0.0,0.0,0.0,0.0,4.0,12.0,1.0,12.15,5.0200000000000005,2.51,1.49,-0.4,0.2,0.2,301.0,0.0,0.2,0.0,-0.6000000000000001,17.2,0.0,2.0,249.4,0.0,21.700000000000003,35.300000000000004,35.300000000000004,37.3,300.0,300.0,30.0,36.6,35.7,35.6,37.7,4.96,1.99,4.96,0.16,0.0,0.0,1027.0,8228.0,0.0,0.0,0.0,0.0,0.0,1.0,0.0,0.0,0.0,0.002,0.0,0.4,0.0,0.5,0.0,0.0019,16.0,25903.0
2026-07-30T18:58:25.498Z,74.981,74.994,-1.0,7.4,0.0,0.0,0.0,0.0,0.0,0.0,0.0,0.0,1.0,0.0,0.0,0.0,9.0,4.0,0.0,0.0,0.0,0.0,0.0,0.0,0.0,0.0,6.0,12.0,1.0,12.15,5.0200000000000005,2.51,1.49,-0.2,0.2,0.2,301.0,0.0,-0.2,-0.5,0.0,23.8,0.0,3.0,253.6,0.0,21.700000000000003,35.300000000000004,35.300000000000004,37.3,300.0,300.0,30.0,36.6,35.7,35.6,37.7,4.95,1.99,4.97,0.16,0.0,0.0,1027.0,8228.0,0.0,0.0,0.0,0.0,0.0,1.0,0.0,0.0,0.0,0.002,0.0,-0.1,0.0,0.6000000000000001,0.0,0.0019,16.0,25903.0
2026-07-30T18:58:25.510Z,74.993,75.006,-0.8,7.4,0.0,0.0,0.0,0.0,0.0,0.0,0.0,0.0,1.0,0.0,0.0,0.0,9.0,4.0,0.0,0.0,0.0,0.0,0.0,0.0,0.0,0.0,1.0,12.0,1.0,12.15,5.0200000000000005,2.51,1.49,-0.2,0.1,0.2,301.1,0.0,0.2,1.1,1.0,29.700000000000003,0.0,3.0,256.90000000000003,0.0,21.700000000000003,35.300000000000004,35.300000000000004,37.3,300.0,300.0,30.0,36.6,35.7,35.6,37.7,4.95,1.99,4.96,0.16,0.0,0.0,1027.0,8228.0,0.0,0.0,0.0,0.0,0.0,1.0,0.0,0.0,0.0,0.002,0.0,-0.6000000000000001,0.0,-2.2,0.0,0.0017,16.0,25903.0
2026-07-30T18:58:25.522Z,75.005,75.018,-0.6000000000000001,7.4,0.0,0.0,0.0,0.0,0.0,0.0,0.0,0.0,1.0,0.0,0.0,0.0,9.0,4.0,0.0,0.0,0.0,0.0,0.0,0.0,0.0,0.0,2.0,12.0,1.0,12.15,5.0200000000000005,2.51,1.49,-0.2,0.1,0.1,301.1,0.0,-0.8,0.0,-0.6000000000000001,34.9,0.0,3.0,259.40000000000003,0.0,21.700000000000003,35.300000000000004,35.300000000000004,37.3,300.0,300.0,30.0,36.6,35.7,35.6,37.7,4.96,2.0,4.96,0.16,0.0,0.0,1027.0,8228.0,0.0,0.0,0.0,0.0,0.0,1.0,0.0,0.0,0.0,0.001,0.0,0.5,0.0,0.4,0.0,0.0014,16.0,25903.0
2026-07-30T18:58:25.534Z,75.017,75.03,-0.5,7.4,0.0,0.0,0.0,0.0,0.0,0.0,0.0,0.0,1.0,0.0,0.0,0.0,9.0,4.0,0.0,0.0,0.0,0.0,0.0,0.0,0.0,0.0,3.0,12.0,1.0,12.15,5.0200000000000005,2.51,1.49,-0.2,0.1,0.1,301.1,0.0,0.3,-0.5,1.0,39.6,0.0,3.0,261.3,0.0,21.700000000000003,35.300000000000004,35.300000000000004,37.3,300.0,300.0,30.0,36.6,35.7,35.6,37.7,4.95,2.0,4.96,0.16,0.0,0.0,1027.0,8228.0,0.0,0.0,0.0,0.0,0.0,1.0,0.0,0.0,0.0,0.001,0.0,-1.0,0.0,-0.1,0.0,0.0011,16.0,25903.0
2026-07-30T18:58:25.546Z,75.029,75.042,-0.4,7.4,0.0,0.0,0.0,0.0,0.0,0.0,0.0,0.0,1.0,0.0,0.0,0.0,9.0,4.0,0.0,0.0,0.0,0.0,0.0,0.0,0.0,0.0,4.0,12.0,1.0,12.15,5.0200000000000005,2.51,1.49,0.0,0.0,0.0,301.1,0.0,0.3,0.1,-0.6000000000000001,43.900000000000006,0.0,3.0,262.6,0.0,21.700000000000003,35.300000000000004,35.300000000000004,37.3,300.0,300.0,30.0,36.6,35.7,35.6,37.7,4.95,1.99,4.97,0.16,0.0,0.0,1027.0,8228.0,0.0,0.0,0.0,0.0,0.0,1.0,0.0,0.0,0.0,0.0,0.0,0.6000000000000001,0.0,0.3,0.0,0.0008,16.0,25903.0
2026-07-30T18:58:25.558Z,75.041,75.054,-0.4,7.4,0.0,0.0,0.0,0.0,0.0,0.0,0.0,0.0,1.0,0.0,0.0,0.0,9.0,4.0,0.0,0.0,0.0,0.0,0.0,0.0,0.0,0.0,5.0,12.0,1.0,12.15,5.0200000000000005,2.51,1.49,0.0,0.0,0.0,301.0,0.0,0.9,0.1,0.4,47.8,0.0,3.0,263.2,0.0,21.700000000000003,35.300000000000004,35.300000000000004,37.3,300.0,300.0,30.0,36.6,35.7,35.6,37.7,4.95,1.99,4.96,0.16,0.0,0.0,1027.0,8228.0,0.0,0.0,0.0,0.0,0.0,1.0,0.0,0.0,0.0,0.0,0.0,-0.4,0.0,-0.4,0.0,0.0006,16.0,25903.0
2026-07-30T18:58:25.571Z,75.054,75.066,-0.3,7.4,0.0,0.0,0.0,0.0,0.0,0.0,0.0,0.0,1.0,0.0,0.0,0.0,9.0,4.0,0.0,0.0,0.0,0.0,0.0,0.0,0.0,0.0,6.0,12.0,1.0,12.15,5.0200000000000005,2.51,1.49,0.0,0.0,0.0,301.1,0.0,-0.2,0.1,0.0,51.3,0.0,3.0,263.0,0.0,21.700000000000003,35.300000000000004,35.300000000000004,37.3,300.0,300.0,30.0,36.6,35.7,35.6,37.7,4.96,1.99,4.96,0.16,0.0,0.0,1027.0,8228.0,0.0,0.0,0.0,0.0,0.0,1.0,0.0,0.0,0.0,0.0,0.0,0.0,0.0,-0.1,0.0,0.0003,16.0,25903.0
2026-07-30T18:58:25.583Z,75.066,75.078,-0.3,7.4,0.0,0.0,0.0,0.0,0.0,0.0,0.0,0.0,1.0,0.0,0.0,0.0,9.0,4.0,0.0,0.0,0.0,0.0,0.0,0.0,0.0,0.0,2.0,12.0,1.0,12.11,5.0200000000000005,2.51,1.5,0.0,0.0,0.0,301.1,0.0,0.3,0.1,0.5,54.7,0.0,2.0,262.40000000000003,0.0,21.700000000000003,35.300000000000004,35.300000000000004,37.2,300.0,300.0,30.0,36.3,35.7,35.6,37.7,4.95,1.99,4.97,0.16,0.0,0.0,1027.0,8228.0,0.0,0.0,0.0,0.0,0.0,1.0,0.0,0.0,0.0,0.0,0.0,-0.4,0.0,-0.5,0.0,0.0,16.0,25903.0
2026-07-30T18:58:25.594Z,75.077,75.09,-0.2,7.4,0.0,0.0,0.0,0.0,0.0,0.0,0.0,0.0,1.0,0.0,0.0,0.0,9.0,4.0,0.0,0.0,0.0,0.0,0.0,0.0,0.0,0.0,3.0,12.0,1.0,12.11,5.0200000000000005,2.51,1.5,0.0,0.0,0.0,301.1,0.0,-0.8,-1.0,0.0,57.8,0.0,2.0,261.7,0.0,21.700000000000003,35.300000000000004,35.300000000000004,37.2,300.0,300.0,30.0,36.3,35.7,35.6,37.7,4.96,1.99,4.96,0.16,0.0,0.0,1027.0,8228.0,0.0,0.0,0.0,0.0,0.0,1.0,0.0,0.0,0.0,0.0,0.0,-0.1,0.0,1.2000000000000002,0.0,0.0002,16.0,25903.0
2026-07-30T18:58:25.607Z,75.09,75.102,-0.2,7.4,0.0,0.0,0.0,0.0,0.0,0.0,0.0,0.0,1.0,0.0,0.0,0.0,9.0,4.0,0.0,0.0,0.0,0.0,0.0,0.0,0.0,0.0,4.0,12.0,1.0,12.11,5.0200000000000005,2.51,1.5,0.0,0.0,0.0,301.0,0.0,0.3,0.1,-0.6000000000000001,60.8,0.0,2.0,261.0,0.0,21.700000000000003,35.300000000000004,35.300000000000004,37.2,300.0,300.0,30.0,36.3,35.7,35.6,37.7,4.96,2.0,4.96,0.16,0.0,0.0,1027.0,8228.0,0.0,0.0,0.0,0.0,0.0,1.0,0.0,0.0,0.0,0.0,0.0,0.6000000000000001,0.0,0.3,0.0,0.0003,16.0,25903.0
2026-07-30T18:58:25.619Z,75.102,75.114,-0.1,7.4,0.0,0.0,0.0,0.0,0.0,0.0,0.0,0.0,1.0,0.0,0.0,0.0,9.0,4.0,0.0,0.0,0.0,0.0,0.0,0.0,0.0,0.0,5.0,12.0,1.0,12.11,5.0200000000000005,2.51,1.5,0.0,0.0,0.0,301.1,0.0,0.3,0.0,-0.6000000000000001,63.6,0.0,2.0,260.7,0.0,21.700000000000003,35.300000000000004,35.300000000000004,37.2,300.0,300.0,30.0,36.3,35.7,35.6,37.7,4.95,1.99,4.96,0.16,0.0,0.0,1027.0,8228.0,0.0,0.0,0.0,0.0,0.0,1.0,0.0,0.0,0.0,0.0,0.0,0.6000000000000001,0.0,0.4,0.0,0.0002,16.0,25903.0
2026-07-30T18:58:25.631Z,75.114,75.126,-0.1,7.4,0.0,0.0,0.0,0.0,0.0,0.0,0.0,0.0,1.0,0.0,0.0,0.0,9.0,4.0,0.0,0.0,0.0,0.0,0.0,0.0,0.0,0.0,6.0,12.0,1.0,12.11,5.0200000000000005,2.51,1.5,0.0,0.0,0.0,301.1,0.0,0.3,1.2000000000000002,2.2,66.2,0.0,2.0,260.7,0.0,21.700000000000003,35.300000000000004,35.300000000000004,37.2,300.0,300.0,30.0,36.3,35.7,35.6,37.7,4.96,1.99,4.97,0.16,0.0,0.0,1027.0,8228.0,0.0,0.0,0.0,0.0,0.0,1.0,0.0,0.0,0.0,0.0,0.0,-1.7000000000000002,0.0,-3.1,0.0,0.0002,16.0,25903.0
2026-07-30T18:58:25.643Z,75.126,75.138,-0.1,7.4,0.0,0.0,0.0,0.0,0.0,0.0,0.0,0.0,1.0,0.0,0.0,0.0,9.0,4.0,0.0,0.0,0.0,0.0,0.0,0.0,0.0,0.0,1.0,12.0,1.0,12.11,5.0200000000000005,2.51,1.5,0.0,0.0,0.0,301.1,0.0,0.9,-0.4,0.4,68.60000000000001,0.0,1.0,260.8,0.0,21.700000000000003,35.300000000000004,35.300000000000004,37.2,300.0,300.0,30.0,36.3,35.7,35.6,37.7,4.96,2.0,4.96,0.16,0.0,0.0,1027.0,8228.0,0.0,0.0,0.0,0.0,0.0,1.0,0.0,0.0,0.0,0.0,0.0,-0.5,0.0,0.1,0.0,0.0,16.0,25903.0
2026-07-30T18:58:25.654Z,75.137,75.15,-0.1,7.4,0.0,0.0,0.0,0.0,0.0,0.0,0.0,0.0,1.0,0.0,0.0,0.0,9.0,4.0,0.0,0.0,0.0,0.0,0.0,0.0,0.0,0.0,3.0,12.0,1.0,12.11,5.0200000000000005,2.51,1.5,0.0,0.0,0.0,301.1,0.0,-0.2,-0.4,0.4,70.8,0.0,1.0,261.1,0.0,21.700000000000003,35.300000000000004,35.300000000000004,37.2,300.0,300.0,30.0,36.3,35.7,35.6,37.7,4.96,1.99,4.97,0.16,0.0,0.0,1027.0,8228.0,0.0,0.0,0.0,0.0,0.0,1.0,0.0,0.0,0.0,0.0,0.0,-0.5,0.0,0.1,0.0,0.0,16.0,25903.0
2026-07-30T18:58:25.666Z,75.149,75.162,0.0,7.4,0.0,0.0,0.0,0.0,0.0,0.0,0.0,0.0,1.0,0.0,0.0,0.0,9.0,4.0,0.0,0.0,0.0,0.0,0.0,0.0,0.0,0.0,4.0,12.0,1.0,12.11,5.0200000000000005,2.51,1.5,0.0,0.0,0.0,301.1,0.0,-0.8,-0.4,-1.2000000000000002,72.8,0.0,1.0,261.2,0.0,21.700000000000003,35.300000000000004,35.300000000000004,37.2,300.0,300.0,30.0,36.3,35.7,35.6,37.7,4.95,2.0,4.97,0.16,0.0,0.0,1027.0,8228.0,0.0,0.0,0.0,0.0,0.0,1.0,0.0,0.0,0.0,0.0,0.0,1.0,0.0,1.3,0.0,0.0001,16.0,25903.0
2026-07-30T18:58:25.680Z,75.163,75.174,0.0,7.4,0.0,0.0,0.0,0.0,0.0,0.0,0.0,0.0,1.0,0.0,0.0,0.0,9.0,4.0,0.0,0.0,0.0,0.0,0.0,0.0,0.0,0.0,5.0,12.0,1.0,12.2,5.01,2.51,1.49,0.0,0.0,0.0,301.1,0.0,-0.2,-1.0,-1.2000000000000002,74.7,0.0,1.0,261.2,0.0,21.8,35.300000000000004,35.300000000000004,37.2,300.0,300.0,30.1,36.1,35.7,35.6,37.7,4.96,2.0,4.96,0.16,0.0,0.0,1027.0,8228.0,0.0,0.0,0.0,0.0,0.0,1.0,0.0,0.0,0.0,0.0,0.0,0.9,0.0,2.0,0.0,0.0001,16.0,25903.0
2026-07-30T18:58:25.690Z,75.173,75.186,0.0,7.4,0.0,0.0,0.0,0.0,0.0,0.0,0.0,0.0,1.0,0.0,0.0,0.0,9.0,4.0,0.0,0.0,0.0,0.0,0.0,0.0,0.0,0.0,1.0,12.0,1.0,12.2,5.01,2.51,1.49,0.0,0.0,0.0,301.1,0.0,-0.2,0.1,-0.6000000000000001,76.5,0.0,1.0,261.2,0.0,21.8,35.300000000000004,35.300000000000004,37.2,300.0,300.0,30.1,36.1,35.7,35.6,37.7,4.95,1.99,4.96,0.16,0.0,0.0,1027.0,8228.0,0.0,0.0,0.0,0.0,0.0,1.0,0.0,0.0,0.0,0.0,0.0,-1.5,0.0,-1.4,0.0,0.0,16.0,25903.0
2026-07-30T18:58:25.704Z,75.187,75.19800000000001,-0.1,7.4,0.0,0.0,0.0,0.0,0.0,0.0,0.0,0.0,1.0,0.0,0.0,0.0,9.0,4.0,0.0,0.0,0.0,0.0,0.0,0.0,0.0,0.0,1.0,12.0,1.0,12.2,5.01,2.51,1.49,0.0,0.0,0.0,301.1,0.0,-0.2,0.1,1.1,78.10000000000001,0.0,1.0,261.2,0.0,21.8,35.300000000000004,35.300000000000004,37.2,300.0,300.0,30.1,36.1,35.7,35.6,37.7,4.95,1.99,4.97,0.16,0.0,0.0,1027.0,8228.0,0.0,0.0,0.0,0.0,0.0,1.0,0.0,0.0,0.0,0.0,0.0,0.0,0.0,-0.1,0.0,0.0,16.0,25903.0
2026-07-30T18:58:25.715Z,75.198,75.21000000000001,0.0,7.4,0.0,0.0,0.0,0.0,0.0,0.0,0.0,0.0,1.0,0.0,0.0,0.0,9.0,4.0,0.0,0.0,0.0,0.0,0.0,0.0,0.0,0.0,5.0,12.0,1.0,12.2,5.01,2.51,1.49,0.0,0.0,0.0,301.0,0.0,0.8,0.7000000000000001,1.1,79.60000000000001,0.0,1.0,261.0,0.0,21.8,35.300000000000004,35.300000000000004,37.2,300.0,300.0,30.1,36.1,35.7,35.6,37.7,4.95,2.0,4.97,0.16,0.0,0.0,1027.0,8228.0,0.0,0.0,0.0,0.0,0.0,1.0,0.0,0.0,0.0,0.0,0.0,0.7000000000000001,0.0,-0.3,0.0,0.0,16.0,25903.0
2026-07-30T18:58:25.726Z,75.209,75.22200000000001,0.0,7.4,0.0,0.0,0.0,0.0,0.0,0.0,0.0,0.0,1.0,0.0,0.0,0.0,9.0,4.0,0.0,0.0,0.0,0.0,0.0,0.0,0.0,0.0,6.0,12.0,1.0,12.2,5.01,2.51,1.49,0.0,0.1,0.0,301.1,0.0,0.2,-0.4,-1.2000000000000002,81.0,0.0,1.0,261.2,0.0,21.8,35.300000000000004,35.300000000000004,37.2,300.0,300.0,30.1,36.1,35.7,35.6,37.7,4.95,2.0,4.96,0.16,0.0,0.0,1027.0,8228.0,0.0,0.0,0.0,0.0,0.0,1.0,0.0,0.0,0.0,0.0,0.0,0.1,0.0,-0.7000000000000001,0.0,0.0,16.0,25903.0
2026-07-30T18:58:25.739Z,75.222,75.234,0.0,7.4,0.0,0.0,0.0,0.0,0.0,0.0,0.0,0.0,1.0,0.0,0.0,0.0,9.0,4.0,0.0,0.0,0.0,0.0,0.0,0.0,0.0,0.0,1.0,12.0,1.0,12.2,5.01,2.51,1.49,0.0,0.0,0.0,301.1,0.0,-0.3,-0.5,-0.6000000000000001,82.30000000000001,0.0,1.0,261.2,0.0,21.8,35.300000000000004,35.300000000000004,37.2,300.0,300.0,30.1,36.1,35.7,35.6,37.7,4.95,1.99,4.96,0.16,0.0,0.0,1027.0,8228.0,0.0,0.0,0.0,0.0,0.0,1.0,0.0,0.0,0.0,0.0,0.0,0.4,0.0,1.0,0.0,0.0,16.0,25903.0
2026-07-30T18:58:25.750Z,75.233,75.246,0.0,7.4,0.0,0.0,0.0,0.0,0.0,0.0,0.0,0.0,1.0,0.0,0.0,0.0,9.0,4.0,0.0,0.0,0.0,0.0,0.0,0.0,0.0,0.0,2.0,12.0,1.0,12.2,5.01,2.51,1.49,0.0,0.0,0.0,301.1,0.0,0.2,0.0,0.5,83.5,0.0,1.0,261.2,0.0,21.8,35.300000000000004,35.300000000000004,37.2,300.0,300.0,30.1,36.1,35.7,35.6,37.7,4.95,1.99,4.96,0.16,0.0,0.0,1027.0,8228.0,0.0,0.0,0.0,0.0,0.0,1.0,0.0,0.0,0.0,0.0,0.0,-0.5,0.0,-0.4,0.0,0.0,16.0,25903.0
2026-07-30T18:58:25.763Z,75.246,75.258,0.0,7.4,0.0,0.0,0.0,0.0,0.0,0.0,0.0,0.0,1.0,0.0,0.0,0.0,9.0,4.0,0.0,0.0,0.0,0.0,0.0,0.0,0.0,0.0,3.0,12.0,1.0,12.2,5.01,2.51,1.49,0.0,0.0,0.0,301.1,0.0,0.2,0.6000000000000001,0.0,84.60000000000001,0.0,1.0,261.2,0.0,21.8,35.300000000000004,35.300000000000004,37.2,300.0,300.0,30.1,36.1,35.7,35.6,37.7,4.95,2.0,4.96,0.16,0.0,0.0,1027.0,8228.0,0.0,0.0,0.0,0.0,0.0,1.0,0.0,0.0,0.0,0.0,0.0,0.1,0.0,-0.7000000000000001,0.0,0.0,16.0,25903.0
2026-07-30T18:58:25.775Z,75.258,75.27,0.0,7.4,0.0,0.0,0.0,0.0,0.0,0.0,0.0,0.0,1.0,0.0,0.0,0.0,9.0,4.0,0.0,0.0,0.0,0.0,0.0,0.0,0.0,0.0,4.0,12.0,1.0,12.2,5.01,2.51,1.49,0.0,0.1,0.0,301.0,0.0,-0.3,-1.0,-0.6000000000000001,85.60000000000001,0.0,1.0,261.2,0.0,21.8,35.300000000000004,35.300000000000004,37.2,300.0,300.0,30.1,36.1,35.7,35.6,37.7,4.95,2.0,4.97,0.16,0.0,0.0,1027.0,8228.0,0.0,0.0,0.0,0.0,0.0,1.0,0.0,0.0,0.0,0.0,0.0,0.3,0.0,1.6,0.0,0.0,16.0,25903.0
2026-07-30T18:58:25.786Z,75.269,75.282,0.0,7.4,0.0,0.0,0.0,0.0,0.0,0.0,0.0,0.0,1.0,0.0,0.0,0.0,9.0,4.0,0.0,0.0,0.0,0.0,0.0,0.0,0.0,0.0,6.0,12.0,1.0,12.17,5.0200000000000005,2.51,1.49,0.0,0.0,0.0,301.1,0.0,-0.2,-1.0,1.1,86.60000000000001,0.0,1.0,261.2,0.0,21.200000000000003,35.4,35.300000000000004,37.2,300.0,300.0,30.1,36.0,35.7,35.5,37.7,4.95,1.99,4.97,0.16,0.0,0.0,1027.0,8228.0,0.0,0.0,0.0,0.0,0.0,1.0,0.0,0.0,0.0,0.0,0.0,-1.1,0.0,0.3,0.0,0.0,16.0,25903.0
2026-07-30T18:58:25.798Z,75.281,75.294,0.0,7.4,0.0,0.0,0.0,0.0,0.0,0.0,0.0,0.0,1.0,0.0,0.0,0.0,9.0,4.0,0.0,0.0,0.0,0.0,0.0,0.0,0.0,0.0,1.0,12.0,1.0,12.17,5.0200000000000005,2.51,1.49,0.0,0.0,0.0,301.1,0.0,0.3,0.7000000000000001,0.0,87.5,0.0,1.0,261.2,0.0,21.200000000000003,35.4,35.300000000000004,37.2,300.0,300.0,30.1,36.0,35.7,35.5,37.7,4.95,1.99,4.96,0.16,0.0,0.0,1027.0,8228.0,0.0,0.0,0.0,0.0,0.0,1.0,0.0,0.0,0.0,0.0,0.0,0.1,0.0,-0.7000000000000001,0.0,0.0,16.0,25903.0
2026-07-30T18:58:25.810Z,75.293,75.306,0.0,7.4,0.0,0.0,0.0,0.0,0.0,0.0,0.0,0.0,1.0,0.0,0.0,0.0,9.0,4.0,0.0,0.0,0.0,0.0,0.0,0.0,0.0,0.0,2.0,12.0,1.0,12.17,5.0200000000000005,2.51,1.49,0.0,0.1,0.0,301.1,0.0,-0.2,-0.4,-0.5,88.30000000000001,0.0,1.0,261.2,0.0,21.200000000000003,35.4,35.300000000000004,37.2,300.0,300.0,30.1,36.0,35.7,35.5,37.7,4.96,1.99,4.96,0.16,0.0,0.0,1027.0,8228.0,0.0,0.0,0.0,0.0,0.0,1.0,0.0,0.0,0.0,0.0,0.0,0.4,0.0,0.9,0.0,0.0,16.0,25903.0
2026-07-30T18:58:25.823Z,75.306,75.318,0.0,7.4,0.0,0.0,0.0,0.0,0.0,0.0,0.0,0.0,1.0,0.0,0.0,0.0,9.0,4.0,0.0,0.0,0.0,0.0,0.0,0.0,0.0,0.0,3.0,12.0,1.0,12.17,5.0200000000000005,2.51,1.49,0.0,0.0,0.0,301.1,0.0,-0.2,-1.0,0.0,89.10000000000001,0.0,0.0,261.2,0.0,21.200000000000003,35.4,35.300000000000004,37.2,300.0,300.0,30.1,36.0,35.7,35.5,37.7,4.95,1.99,4.97,0.16,0.0,0.0,1027.0,8228.0,0.0,0.0,0.0,0.0,0.0,1.0,0.0,0.0,0.0,0.0,0.0,-0.1,0.0,1.2000000000000002,0.0,0.0,16.0,25903.0
2026-07-30T18:58:25.835Z,75.318,75.33,0.0,7.4,0.0,0.0,0.0,0.0,0.0,0.0,0.0,0.0,1.0,0.0,0.0,0.0,9.0,4.0,0.0,0.0,0.0,0.0,0.0,0.0,0.0,0.0,4.0,12.0,1.0,12.17,5.0200000000000005,2.51,1.49,0.0,0.0,0.0,301.0,0.0,0.2,-1.0,1.1,89.80000000000001,0.0,0.0,261.2,0.0,21.200000000000003,35.4,35.300000000000004,37.2,300.0,300.0,30.1,36.0,35.7,35.5,37.7,4.96,1.99,4.97,0.16,0.0,0.0,1027.0,8228.0,0.0,0.0,0.0,0.0,0.0,1.0,0.0,0.0,0.0,0.0,0.0,-1.2000000000000002,0.0,0.3,0.0,0.0,16.0,25903.0
2026-07-30T18:58:25.846Z,75.329,75.342,-0.1,7.4,0.0,0.0,0.0,0.0,0.0,0.0,0.0,0.0,1.0,0.0,0.0,0.0,9.0,4.0,0.0,0.0,0.0,0.0,0.0,0.0,0.0,0.0,5.0,12.0,1.0,12.17,5.0200000000000005,2.51,1.49,0.0,0.0,0.0,301.1,0.0,-1.4,0.6000000000000001,0.0,90.4,0.0,0.0,261.2,0.0,21.200000000000003,35.4,35.300000000000004,37.2,300.0,300.0,30.1,36.0,35.7,35.5,37.7,4.96,1.99,4.96,0.16,0.0,0.0,1027.0,8228.0,0.0,0.0,0.0,0.0,0.0,1.0,0.0,0.0,0.0,0.0,0.0,0.1,0.0,-0.7000000000000001,0.0,0.0,16.0,25903.0
2026-07-30T18:58:25.858Z,75.341,75.354,0.0,7.4,0.0,0.0,0.0,0.0,0.0,0.0,0.0,0.0,1.0,0.0,0.0,0.0,9.0,4.0,0.0,0.0,0.0,0.0,0.0,0.0,0.0,0.0,6.0,12.0,1.0,12.17,5.0200000000000005,2.51,1.49,0.0,0.0,0.0,301.1,0.0,0.2,0.0,-0.6000000000000001,91.0,0.0,0.0,261.2,0.0,21.200000000000003,35.4,35.300000000000004,37.2,300.0,300.0,30.1,36.0,35.7,35.5,37.7,4.95,2.0,4.96,0.16,0.0,0.0,1027.0,8228.0,0.0,0.0,0.0,0.0,0.0,1.0,0.0,0.0,0.0,0.0,0.0,0.6000000000000001,0.0,0.3,0.0,0.0,16.0,25903.0
2026-07-30T18:58:25.870Z,75.353,75.366,0.0,7.4,0.0,0.0,0.0,0.0,0.0,0.0,0.0,0.0,1.0,0.0,0.0,0.0,9.0,4.0,0.0,0.0,0.0,0.0,0.0,0.0,0.0,0.0,1.0,12.0,1.0,12.17,5.0200000000000005,2.51,1.49,0.0,0.0,0.0,301.1,0.0,-0.9,-1.7000000000000002,-1.2000000000000002,91.6,0.0,0.0,261.2,0.0,21.200000000000003,35.4,35.300000000000004,37.2,300.0,300.0,30.1,36.0,35.7,35.5,37.7,4.95,2.0,4.97,0.16,0.0,0.0,1027.0,8228.0,0.0,0.0,0.0,0.0,0.0,1.0,0.0,0.0,0.0,0.0,0.0,0.8,0.0,2.8000000000000003,0.0,0.0,16.0,25903.0
2026-07-30T18:58:25.883Z,75.366,75.378,-0.1,7.4,0.0,0.0,0.0,0.0,0.0,0.0,0.0,0.0,1.0,0.0,0.0,0.0,9.0,4.0,0.0,0.0,0.0,0.0,0.0,0.0,0.0,0.0,2.0,12.0,1.0,12.17,5.01,2.51,1.49,0.0,0.0,0.0,301.1,0.0,-0.3,0.0,0.4,92.1,0.0,0.0,261.2,0.0,21.700000000000003,35.4,35.300000000000004,37.2,300.0,300.0,30.1,35.9,35.7,35.5,37.7,4.96,1.99,4.96,0.16,0.0,0.0,1027.0,8228.0,0.0,0.0,0.0,0.0,0.0,1.0,0.0,0.0,0.0,0.0,0.0,-0.4,0.0,-0.3,0.0,0.0,16.0,25903.0
2026-07-30T18:58:25.895Z,75.378,75.39,-0.1,7.4,0.0,0.0,0.0,0.0,0.0,0.0,0.0,0.0,1.0,0.0,0.0,0.0,9.0,4.0,0.0,0.0,0.0,0.0,0.0,0.0,0.0,0.0,3.0,12.0,1.0,12.17,5.01,2.51,1.49,0.0,0.0,0.0,301.1,0.0,0.1,0.0,0.4,92.6,0.0,0.0,261.2,0.0,21.700000000000003,35.4,35.300000000000004,37.2,300.0,300.0,30.1,35.9,35.7,35.5,37.7,4.96,1.99,4.97,0.16,0.0,0.0,1027.0,8228.0,0.0,0.0,0.0,0.0,0.0,1.0,0.0,0.0,0.0,0.0,0.0,-0.3,0.0,-0.2,0.0,0.0,16.0,25903.0
2026-07-30T18:58:25.907Z,75.39,75.402,0.0,7.4,0.0,0.0,0.0,0.0,0.0,0.0,0.0,0.0,1.0,0.0,0.0,0.0,9.0,4.0,0.0,0.0,0.0,0.0,0.0,0.0,0.0,0.0,4.0,12.0,1.0,12.17,5.01,2.51,1.49,0.0,0.0,0.0,301.0,0.0,0.1,0.5,0.4,93.1,0.0,0.0,261.2,0.0,21.700000000000003,35.4,35.300000000000004,37.2,300.0,300.0,30.1,35.9,35.7,35.5,37.7,4.95,2.0,4.97,0.16,0.0,0.0,1027.0,8228.0,0.0,0.0,0.0,0.0,0.0,1.0,0.0,0.0,0.0,0.0,0.0,-0.2,0.0,-0.9,0.0,0.0,16.0,25903.0
2026-07-30T18:58:25.919Z,75.402,75.414,0.0,7.4,0.0,0.0,0.0,0.0,0.0,0.0,0.0,0.0,1.0,0.0,0.0,0.0,9.0,4.0,0.0,0.0,0.0,0.0,0.0,0.0,0.0,0.0,5.0,12.0,1.0,12.17,5.01,2.51,1.49,0.0,0.0,0.0,301.1,0.0,0.1,0.0,-1.3,93.5,0.0,0.0,261.2,0.0,21.700000000000003,35.4,35.300000000000004,37.2,300.0,300.0,30.1,35.9,35.7,35.5,37.7,4.95,2.0,4.96,0.16,0.0,0.0,1027.0,8228.0,0.0,0.0,0.0,0.0,0.0,1.0,0.0,0.0,0.0,0.0,0.0,1.2000000000000002,0.0,0.9,0.0,0.0,16.0,25903.0
2026-07-30T18:58:25.931Z,75.414,75.426,0.0,7.4,0.0,0.0,0.0,0.0,0.0,0.0,0.0,0.0,1.0,0.0,0.0,0.0,9.0,4.0,0.0,0.0,0.0,0.0,0.0,0.0,0.0,0.0,1.0,12.0,1.0,12.17,5.01,2.51,1.49,0.0,0.0,0.0,301.1,0.0,0.1,-0.5,-0.2,93.9,0.0,0.0,261.2,0.0,21.700000000000003,35.4,35.300000000000004,37.2,300.0,300.0,30.1,35.9,35.7,35.5,37.7,4.95,2.0,4.96,0.16,0.0,0.0,1027.0,8228.0,0.0,0.0,0.0,0.0,0.0,1.0,0.0,0.0,0.0,0.0,0.0,0.0,0.0,0.7000000000000001,0.0,0.0,16.0,25903.0
2026-07-30T18:58:25.943Z,75.426,75.438,0.0,7.4,0.0,0.0,0.0,0.0,0.0,0.0,0.0,0.0,1.0,0.0,0.0,0.0,9.0,4.0,0.0,0.0,0.0,0.0,0.0,0.0,0.0,0.0,2.0,12.0,1.0,12.17,5.01,2.51,1.49,0.0,0.0,0.0,301.0,0.0,0.2,-0.5,-0.1,94.2,0.0,0.0,261.2,0.0,21.700000000000003,35.4,35.300000000000004,37.2,300.0,300.0,30.1,35.9,35.7,35.5,37.7,4.95,1.99,4.97,0.16,0.0,0.0,1027.0,8228.0,0.0,0.0,0.0,0.0,0.0,1.0,0.0,0.0,0.0,0.0,0.0,0.0,0.0,0.7000000000000001,0.0,0.0,16.0,25903.0
2026-07-30T18:58:25.955Z,75.438,75.45,0.0,7.4,0.0,0.0,0.0,0.0,0.0,0.0,0.0,0.0,1.0,0.0,0.0,0.0,9.0,4.0,0.0,0.0,0.0,0.0,0.0,0.0,0.0,0.0,3.0,12.0,1.0,12.17,5.01,2.51,1.49,0.0,0.0,0.0,301.0,0.0,0.2,0.0,-0.1,94.6,0.0,0.0,261.2,0.0,21.700000000000003,35.4,35.300000000000004,37.2,300.0,300.0,30.1,35.9,35.7,35.5,37.7,4.95,2.0,4.97,0.16,0.0,0.0,1027.0,8228.0,0.0,0.0,0.0,0.0,0.0,1.0,0.0,0.0,0.0,0.0,0.0,0.1,0.0,0.0,0.0,0.0,16.0,25903.0
2026-07-30T18:58:25.967Z,75.45,75.462,0.0,7.4,0.0,0.0,0.0,0.0,0.0,0.0,0.0,0.0,1.0,0.0,0.0,0.0,9.0,4.0,0.0,0.0,0.0,0.0,0.0,0.0,0.0,0.0,3.0,12.0,1.0,12.17,5.01,2.51,1.49,0.0,0.0,0.0,301.1,0.0,-0.9,0.1,0.4,94.9,0.0,0.0,261.2,0.0,21.700000000000003,35.4,35.300000000000004,37.2,300.0,300.0,30.1,35.9,35.7,35.5,37.7,4.96,2.0,4.96,0.16,0.0,0.0,1027.0,8228.0,0.0,0.0,0.0,0.0,0.0,1.0,0.0,0.0,0.0,0.0,0.0,-0.3,0.0,-0.4,0.0,0.0,16.0,25903.0
2026-07-30T18:58:25.978Z,75.461,75.474,0.0,7.4,0.0,0.0,0.0,0.0,0.0,0.0,0.0,0.0,1.0,0.0,0.0,0.0,9.0,4.0,0.0,0.0,0.0,0.0,0.0,0.0,0.0,0.0,5.0,12.0,1.0,12.17,5.01,2.51,1.49,0.0,0.0,0.0,301.1,0.0,-0.3,-0.4,-0.7000000000000001,95.1,0.0,0.0,261.2,0.0,21.700000000000003,35.4,35.300000000000004,37.2,300.0,300.0,30.1,35.9,35.7,35.5,37.7,4.95,1.99,4.97,0.16,0.0,0.0,1027.0,8228.0,0.0,0.0,0.0,0.0,0.0,1.0,0.0,0.0,0.0,0.0,0.0,0.5,0.0,1.0,0.0,0.0,16.0,25903.0
2026-07-30T18:58:25.991Z,75.474,75.486,-0.1,7.4,0.0,0.0,0.0,0.0,0.0,0.0,0.0,0.0,1.0,0.0,0.0,0.0,9.0,4.0,0.0,0.0,0.0,0.0,0.0,0.0,0.0,0.0,5.0,12.0,1.0,12.18,5.01,2.5,1.49,0.0,0.0,0.0,301.1,0.0,0.8,1.2000000000000002,0.4,95.4,0.0,0.0,261.2,0.0,21.700000000000003,35.4,35.4,37.2,300.0,300.0,30.200000000000003,35.7,35.7,35.5,37.6,4.95,1.99,4.97,0.16,0.0,0.0,1027.0,8228.0,0.0,0.0,0.0,0.0,0.0,1.0,0.0,0.0,0.0,0.0,0.0,-0.2,0.0,-1.7000000000000002,0.0,0.0,16.0,25903.0
2026-07-30T18:58:26.002Z,75.485,75.498,-0.1,7.4,0.0,0.0,0.0,0.0,0.0,0.0,0.0,0.0,1.0,0.0,0.0,0.0,9.0,4.0,0.0,0.0,0.0,0.0,0.0,0.0,0.0,0.0,1.0,12.0,1.0,12.18,5.01,2.5,1.49,0.0,0.0,0.0,301.1,0.0,0.2,1.2000000000000002,0.4,95.7,0.0,0.0,261.2,0.0,21.700000000000003,35.4,35.4,37.2,300.0,300.0,30.200000000000003,35.7,35.7,35.5,37.6,4.96,2.0,4.97,0.16,0.0,0.0,1027.0,8228.0,0.0,0.0,0.0,0.0,0.0,1.0,0.0,0.0,0.0,0.0,0.0,-0.2,0.0,-1.7000000000000002,0.0,0.0,16.0,25903.0
2026-07-30T18:58:26.020Z,75.503,75.51,-0.1,7.4,0.0,0.0,0.0,0.0,0.0,0.0,0.0,0.0,1.0,0.0,0.0,0.0,9.0,4.0,0.0,0.0,0.0,0.0,0.0,0.0,0.0,0.0,1.0,12.0,1.0,12.18,5.01,2.5,1.49,0.0,0.1,0.0,301.1,0.0,0.9,-0.4,0.0,95.9,0.0,0.0,261.2,0.0,21.700000000000003,35.4,35.4,37.2,300.0,300.0,30.200000000000003,35.7,35.7,35.5,37.6,4.95,2.0,4.96,0.16,0.0,0.0,1027.0,8228.0,0.0,0.0,0.0,0.0,0.0,1.0,0.0,0.0,0.0,0.0,0.0,0.0,0.0,0.5,0.0,0.0,16.0,25903.0
2026-07-30T18:58:26.026Z,75.509,75.522,-0.1,7.4,0.0,0.0,0.0,0.0,0.0,0.0,0.0,0.0,1.0,0.0,0.0,0.0,9.0,4.0,0.0,0.0,0.0,0.0,0.0,0.0,0.0,0.0,5.0,12.0,1.0,12.18,5.01,2.5,1.49,0.0,0.0,0.0,301.1,0.0,0.3,-1.0,0.0,96.1,0.0,0.0,261.2,0.0,21.700000000000003,35.4,35.4,37.2,300.0,300.0,30.200000000000003,35.7,35.7,35.5,37.6,4.96,1.99,4.96,0.16,0.0,0.0,1027.0,8228.0,0.0,0.0,0.0,0.0,0.0,1.0,0.0,0.0,0.0,0.0,0.0,-0.1,0.0,1.1,0.0,0.0,16.0,25903.0
2026-07-30T18:58:26.038Z,75.521,75.534,-0.1,7.4,0.0,0.0,0.0,0.0,0.0,0.0,0.0,0.0,1.0,0.0,0.0,0.0,9.0,4.0,0.0,0.0,0.0,0.0,0.0,0.0,0.0,0.0,1.0,12.0,1.0,12.18,5.01,2.5,1.49,0.0,0.0,0.0,301.1,0.0,-0.2,0.1,0.5,96.3,0.0,0.0,261.2,0.0,21.700000000000003,35.4,35.4,37.2,300.0,300.0,30.200000000000003,35.7,35.7,35.5,37.6,4.96,1.99,4.96,0.16,0.0,0.0,1027.0,8228.0,0.0,0.0,0.0,0.0,0.0,1.0,0.0,0.0,0.0,0.0,0.0,-0.5,0.0,-0.5,0.0,0.0,16.0,25903.0
2026-07-30T18:58:26.050Z,75.533,75.546,-0.1,7.4,0.0,0.0,0.0,0.0,0.0,0.0,0.0,0.0,1.0,0.0,0.0,0.0,9.0,4.0,0.0,0.0,0.0,0.0,0.0,0.0,0.0,0.0,2.0,12.0,1.0,12.18,5.01,2.5,1.49,0.0,0.0,0.0,301.0,0.0,0.9,0.7000000000000001,0.5,96.5,0.0,0.0,261.2,0.0,21.700000000000003,35.4,35.4,37.2,300.0,300.0,30.200000000000003,35.7,35.7,35.5,37.6,4.95,1.99,4.96,0.16,0.0,0.0,1027.0,8228.0,0.0,0.0,0.0,0.0,0.0,1.0,0.0,0.0,0.0,0.0,0.0,-0.4,0.0,-1.2000000000000002,0.0,0.0,16.0,25903.0
2026-07-30T18:58:26.063Z,75.546,75.558,-0.1,7.4,0.0,0.0,0.0,0.0,0.0,0.0,0.0,0.0,1.0,0.0,0.0,0.0,9.0,4.0,0.0,0.0,0.0,0.0,0.0,0.0,0.0,0.0,4.0,12.0,1.0,12.18,5.01,2.5,1.49,0.0,0.0,0.0,301.1,0.0,0.3,0.1,0.0,96.6,0.0,0.0,261.2,0.0,21.700000000000003,35.4,35.4,37.2,300.0,300.0,30.200000000000003,35.7,35.7,35.5,37.6,4.95,1.99,4.97,0.16,0.0,0.0,1027.0,8228.0,0.0,0.0,0.0,0.0,0.0,1.0,0.0,0.0,0.0,0.0,0.0,0.0,0.0,-0.1,0.0,0.0,16.0,25903.0
2026-07-30T18:58:26.074Z,75.557,75.57000000000001,-0.1,7.4,0.0,0.0,0.0,0.0,0.0,0.0,0.0,0.0,1.0,0.0,0.0,0.0,9.0,4.0,0.0,0.0,0.0,0.0,0.0,0.0,0.0,0.0,5.0,12.0,1.0,12.18,5.01,2.5,1.49,0.0,0.0,0.0,301.1,0.0,-0.2,-0.4,0.0,96.8,0.0,0.0,261.2,0.0,21.700000000000003,35.4,35.4,37.2,300.0,300.0,30.200000000000003,35.7,35.7,35.5,37.6,4.96,1.99,4.96,0.16,0.0,0.0,1027.0,8228.0,0.0,0.0,0.0,0.0,0.0,1.0,0.0,0.0,0.0,0.0,0.0,0.0,0.0,0.5,0.0,0.0,16.0,25903.0
2026-07-30T18:58:26.087Z,75.57,75.58200000000001,-0.1,7.4,0.0,0.0,0.0,0.0,0.0,0.0,0.0,0.0,1.0,0.0,0.0,0.0,9.0,4.0,0.0,0.0,0.0,0.0,0.0,0.0,0.0,0.0,6.0,12.0,1.0,12.17,5.01,2.51,1.49,0.0,0.0,0.0,301.0,0.0,0.8,0.0,1.6,96.9,0.0,0.0,261.2,0.0,21.700000000000003,35.4,35.4,37.2,300.0,300.0,30.200000000000003,35.5,35.7,35.5,37.6,4.96,1.99,4.96,0.16,0.0,0.0,1027.0,8228.0,0.0,0.0,0.0,0.0,0.0,1.0,0.0,0.0,0.0,0.0,0.0,-1.5,0.0,-1.2000000000000002,0.0,0.0,16.0,25903.0
2026-07-30T18:58:26.098Z,75.581,75.59400000000001,0.0,7.4,0.0,0.0,0.0,0.0,0.0,0.0,0.0,0.0,1.0,0.0,0.0,0.0,9.0,4.0,0.0,0.0,0.0,0.0,0.0,0.0,0.0,0.0,1.0,12.0,1.0,12.17,5.01,2.51,1.49,0.0,0.0,0.0,301.1,0.0,0.3,0.0,-1.2000000000000002,97.1,0.0,0.0,261.2,0.0,21.700000000000003,35.4,35.4,37.2,300.0,300.0,30.200000000000003,35.5,35.7,35.5,37.6,4.95,1.99,4.96,0.16,0.0,0.0,1027.0,8228.0,0.0,0.0,0.0,0.0,0.0,1.0,0.0,0.0,0.0,0.0,0.0,1.1,0.0,0.8,0.0,0.0,16.0,25903.0
2026-07-30T18:58:26.111Z,75.594,75.606,0.0,7.4,0.0,0.0,0.0,0.0,0.0,0.0,0.0,0.0,1.0,0.0,0.0,0.0,9.0,4.0,0.0,0.0,0.0,0.0,0.0,0.0,0.0,0.0,2.0,12.0,1.0,12.17,5.01,2.51,1.49,0.0,0.0,0.0,301.0,0.0,0.2,-0.4,0.5,97.2,0.0,0.0,261.2,0.0,21.700000000000003,35.4,35.4,37.2,300.0,300.0,30.200000000000003,35.5,35.7,35.5,37.6,4.96,1.99,4.97,0.16,0.0,0.0,1027.0,8228.0,0.0,0.0,0.0,0.0,0.0,1.0,0.0,0.0,0.0,0.0,0.0,-0.5,0.0,0.1,0.0,0.0,16.0,25903.0
2026-07-30T18:58:26.123Z,75.606,75.618,0.0,7.4,0.0,0.0,0.0,0.0,0.0,0.0,0.0,0.0,1.0,0.0,0.0,0.0,9.0,4.0,0.0,0.0,0.0,0.0,0.0,0.0,0.0,0.0,3.0,12.0,1.0,12.17,5.01,2.51,1.49,0.0,0.0,0.0,301.1,0.0,-0.2,0.6000000000000001,0.5,97.3,0.0,0.0,261.2,0.0,21.700000000000003,35.4,35.4,37.2,300.0,300.0,30.200000000000003,35.5,35.7,35.5,37.6,4.96,2.0,4.96,0.16,0.0,0.0,1027.0,8228.0,0.0,0.0,0.0,0.0,0.0,1.0,0.0,0.0,0.0,0.0,0.0,-0.3,0.0,-1.1,0.0,0.0,16.0,25903.0
2026-07-30T18:58:26.135Z,75.618,75.63,0.0,7.4,0.0,0.0,0.0,0.0,0.0,0.0,0.0,0.0,1.0,0.0,0.0,0.0,9.0,4.0,0.0,0.0,0.0,0.0,0.0,0.0,0.0,0.0,4.0,12.0,1.0,12.17,5.01,2.51,1.49,0.0,0.1,0.0,301.1,0.0,-0.2,-0.5,0.0,97.4,0.0,0.0,261.2,0.0,21.700000000000003,35.4,35.4,37.2,300.0,300.0,30.200000000000003,35.5,35.7,35.5,37.6,4.96,1.99,4.97,0.16,0.0,0.0,1027.0,8228.0,0.0,0.0,0.0,0.0,0.0,1.0,0.0,0.0,0.0,0.0,0.0,-0.1,0.0,0.5,0.0,0.0,16.0,25903.0
2026-07-30T18:58:26.147Z,75.63,75.642,0.0,7.4,0.0,0.0,0.0,0.0,0.0,0.0,0.0,0.0,1.0,0.0,0.0,0.0,9.0,4.0,0.0,0.0,0.0,0.0,0.0,0.0,0.0,0.0,5.0,12.0,1.0,12.17,5.01,2.51,1.49,0.0,0.0,0.0,301.1,0.0,0.8,1.2000000000000002,1.1,97.5,0.0,0.0,261.2,0.0,21.700000000000003,35.4,35.4,37.2,300.0,300.0,30.200000000000003,35.5,35.7,35.5,37.6,4.95,1.99,4.97,0.16,0.0,0.0,1027.0,8228.0,0.0,0.0,0.0,0.0,0.0,1.0,0.0,0.0,0.0,0.0,0.0,-0.7000000000000001,0.0,-2.1,0.0,0.0,16.0,25903.0
2026-07-30T18:58:26.159Z,75.642,75.654,0.0,7.4,0.0,0.0,0.0,0.0,0.0,0.0,0.0,0.0,1.0,0.0,0.0,0.0,9.0,4.0,0.0,0.0,0.0,0.0,0.0,0.0,0.0,0.0,6.0,12.0,1.0,12.17,5.01,2.51,1.49,0.0,0.0,0.0,301.1,0.0,-0.2,-1.1,0.5,97.6,0.0,0.0,261.2,0.0,21.700000000000003,35.4,35.4,37.2,300.0,300.0,30.200000000000003,35.5,35.7,35.5,37.6,4.96,1.99,4.96,0.16,0.0,0.0,1027.0,8228.0,0.0,0.0,0.0,0.0,0.0,1.0,0.0,0.0,0.0,0.0,0.0,-0.6000000000000001,0.0,0.8,0.0,0.0,16.0,25903.0
2026-07-30T18:58:26.171Z,75.654,75.666,0.0,7.4,0.0,0.0,0.0,0.0,0.0,0.0,0.0,0.0,1.0,0.0,0.0,0.0,9.0,4.0,0.0,0.0,0.0,0.0,0.0,0.0,0.0,0.0,1.0,12.0,1.0,12.17,5.01,2.51,1.49,0.0,0.0,0.0,301.1,0.0,-0.2,-1.0,-0.1,97.7,0.0,0.0,261.2,0.0,21.700000000000003,35.4,35.4,37.2,300.0,300.0,30.200000000000003,35.5,35.7,35.5,37.6,4.95,2.0,4.96,0.16,0.0,0.0,1027.0,8228.0,0.0,0.0,0.0,0.0,0.0,1.0,0.0,0.0,0.0,0.0,0.0,-0.4,0.0,-0.4,0.0,0.0,16.0,25903.0
2026-07-30T18:58:26.183Z,75.666,75.678,0.0,7.4,0.0,0.0,0.0,0.0,0.0,0.0,0.0,0.0,1.0,0.0,0.0,0.0,9.0,4.0,0.0,0.0,0.0,0.0,0.0,0.0,0.0,0.0,3.0,12.0,1.0,12.17,5.01,2.51,1.49,0.0,0.0,0.0,301.0,0.0,-0.2,0.0,0.4,97.8,0.0,0.0,261.2,0.0,21.700000000000003,35.4,35.4,37.2,300.0,300.0,30.200000000000003,35.5,35.7,35.5,37.6,4.95,1.99,4.97,0.16,0.0,0.0,1027.0,8228.0,0.0,0.0,0.0,0.0,0.0,1.0,0.0,0.0,0.0,0.0,0.0,-0.3,0.0,-0.4,0.0,0.0,16.0,25903.0
2026-07-30T18:58:26.194Z,75.677,75.69,0.0,7.4,0.0,0.0,0.0,0.0,0.0,0.0,0.0,0.0,1.0,0.0,0.0,0.0,9.0,4.0,0.0,0.0,0.0,0.0,0.0,0.0,0.0,0.0,4.0,12.0,1.0,12.17,5.0200000000000005,2.51,1.49,0.0,0.0,0.0,301.1,0.0,0.2,1.8,0.4,97.8,0.0,0.0,261.2,0.0,21.4,35.4,35.4,37.2,300.0,300.0,30.0,35.4,35.7,35.4,37.5,4.95,1.99,4.97,0.16,0.0,0.0,1027.0,8228.0,0.0,0.0,0.0,0.0,0.0,1.0,0.0,0.0,0.0,0.0,0.0,0.0,0.0,-2.4000000000000004,0.0,-0.0001,16.0,25903.0
2026-07-30T18:58:26.206Z,75.689,75.702,0.0,7.4,0.0,0.0,0.0,0.0,0.0,0.0,0.0,0.0,1.0,0.0,0.0,0.0,9.0,4.0,0.0,0.0,0.0,0.0,0.0,0.0,0.0,0.0,5.0,12.0,1.0,12.17,5.0200000000000005,2.51,1.49,0.0,0.0,0.0,301.2,0.0,0.2,-1.1,0.4,97.9,0.0,0.0,261.2,0.0,21.4,35.4,35.4,37.2,300.0,300.0,30.0,35.4,35.7,35.4,37.5,4.96,1.99,4.96,0.16,0.0,0.0,1027.0,8228.0,0.0,0.0,0.0,0.0,0.0,1.0,0.0,0.0,0.0,0.0,0.0,0.2,0.0,-0.6000000000000001,0.0,-0.0001,16.0,25903.0
2026-07-30T18:58:26.218Z,75.701,75.714,0.0,7.4,0.0,0.0,0.0,0.0,0.0,0.0,0.0,0.0,1.0,0.0,0.0,0.0,9.0,4.0,0.0,0.0,0.0,0.0,0.0,0.0,0.0,0.0,6.0,12.0,1.0,12.17,5.0200000000000005,2.51,1.49,0.0,0.0,0.0,301.1,0.0,0.2,0.0,-0.1,98.0,0.0,0.0,261.2,0.0,21.4,35.4,35.4,37.2,300.0,300.0,30.0,35.4,35.7,35.4,37.5,4.95,1.99,4.96,0.16,0.0,0.0,1027.0,8228.0,0.0,0.0,0.0,0.0,0.0,1.0,0.0,0.0,0.0,0.0,0.0,-0.5,0.0,0.3,0.0,0.0,16.0,25903.0
2026-07-30T18:58:26.230Z,75.713,75.726,0.0,7.4,0.0,0.0,0.0,0.0,0.0,0.0,0.0,0.0,1.0,0.0,0.0,0.0,9.0,4.0,0.0,0.0,0.0,0.0,0.0,0.0,0.0,0.0,1.0,12.0,1.0,12.17,5.0200000000000005,2.51,1.49,0.0,0.0,0.0,301.0,0.0,0.8,0.5,-0.1,98.0,0.0,0.0,261.2,0.0,21.4,35.4,35.4,37.2,300.0,300.0,30.0,35.4,35.7,35.4,37.5,4.95,2.0,4.96,0.16,0.0,0.0,1027.0,8228.0,0.0,0.0,0.0,0.0,0.0,1.0,0.0,0.0,0.0,0.0,0.0,1.2000000000000002,0.0,0.2,0.0,0.0,16.0,25903.0
2026-07-30T18:58:26.243Z,75.726,75.738,0.0,7.4,0.0,0.0,0.0,0.0,0.0,0.0,0.0,0.0,1.0,0.0,0.0,0.0,9.0,4.0,0.0,0.0,0.0,0.0,0.0,0.0,0.0,0.0,2.0,12.0,1.0,12.17,5.0200000000000005,2.51,1.49,0.0,0.0,0.0,301.1,0.0,0.2,0.0,-0.1,98.1,0.0,0.0,261.2,0.0,21.4,35.4,35.4,37.2,300.0,300.0,30.0,35.4,35.7,35.4,37.5,4.96,2.0,4.96,0.16,0.0,0.0,1027.0,8228.0,0.0,0.0,0.0,0.0,0.0,1.0,0.0,0.0,0.0,0.0,0.0,0.1,0.0,0.0,0.0,0.0,16.0,25903.0
2026-07-30T18:58:26.254Z,75.737,75.75,0.0,7.4,0.0,0.0,0.0,0.0,0.0,0.0,0.0,0.0,1.0,0.0,0.0,0.0,9.0,4.0,0.0,0.0,0.0,0.0,0.0,0.0,0.0,0.0,3.0,12.0,1.0,12.17,5.0200000000000005,2.51,1.49,0.0,0.0,0.0,301.1,0.0,0.2,-1.1,1.5,98.1,0.0,0.0,261.2,0.0,21.4,35.4,35.4,37.2,300.0,300.0,30.0,35.4,35.7,35.4,37.5,4.95,2.0,4.96,0.16,0.0,0.0,1027.0,8228.0,0.0,0.0,0.0,0.0,0.0,1.0,0.0,0.0,0.0,0.0,0.0,-1.6,0.0,0.1,0.0,0.0,16.0,25903.0
2026-07-30T18:58:26.266Z,75.749,75.762,0.0,7.4,0.0,0.0,0.0,0.0,0.0,0.0,0.0,0.0,1.0,0.0,0.0,0.0,9.0,4.0,0.0,0.0,0.0,0.0,0.0,0.0,0.0,0.0,4.0,12.0,1.0,12.17,5.0200000000000005,2.51,1.49,0.0,0.0,0.0,301.1,0.0,-0.3,0.0,-0.1,98.2,0.0,0.0,261.2,0.0,21.4,35.4,35.4,37.2,300.0,300.0,30.0,35.4,35.7,35.4,37.5,4.95,1.99,4.96,0.16,0.0,0.0,1027.0,8228.0,0.0,0.0,0.0,0.0,0.0,1.0,0.0,0.0,0.0,0.0,0.0,0.1,0.0,0.0,0.0,0.0,16.0,25903.0
2026-07-30T18:58:26.279Z,75.762,75.774,0.0,7.4,0.0,0.0,0.0,0.0,0.0,0.0,0.0,0.0,1.0,0.0,0.0,0.0,9.0,4.0,0.0,0.0,0.0,0.0,0.0,0.0,0.0,0.0,5.0,12.0,1.0,12.17,5.0200000000000005,2.51,1.49,0.0,0.0,0.0,301.0,0.0,0.9,0.6000000000000001,1.6,98.2,0.0,0.0,261.2,0.0,21.4,35.4,35.4,37.2,300.0,300.0,30.0,35.4,35.7,35.4,37.5,4.95,2.0,4.96,0.16,0.0,0.0,1027.0,8228.0,0.0,0.0,0.0,0.0,0.0,1.0,0.0,0.0,0.0,0.0,0.0,-1.3,0.0,-1.9,0.0,0.0,16.0,25903.0
2026-07-30T18:58:26.291Z,75.774,75.786,0.0,7.4,0.0,0.0,0.0,0.0,0.0,0.0,0.0,0.0,1.0,0.0,0.0,0.0,9.0,4.0,0.0,0.0,0.0,0.0,0.0,0.0,0.0,0.0,1.0,12.0,1.0,12.14,5.0200000000000005,2.51,1.49,0.0,0.1,0.0,301.1,0.0,0.3,1.2000000000000002,0.4,98.3,0.0,0.0,261.1,0.0,21.4,35.4,35.4,37.2,300.0,300.0,30.1,35.2,35.7,35.4,37.5,4.96,1.99,4.96,0.16,0.0,0.0,1027.0,8228.0,0.0,0.0,0.0,0.0,0.0,1.0,0.0,0.0,0.0,0.0,0.0,-0.1,0.0,-1.7000000000000002,0.0,0.0,16.0,25903.0
2026-07-30T18:58:26.303Z,75.786,75.798,0.0,7.4,0.0,0.0,0.0,0.0,0.0,0.0,0.0,0.0,1.0,0.0,0.0,0.0,9.0,4.0,0.0,0.0,0.0,0.0,0.0,0.0,0.0,0.0,2.0,12.0,1.0,12.14,5.0200000000000005,2.51,1.49,0.0,0.0,0.0,301.1,0.0,-0.8,-1.0,-0.7000000000000001,98.3,0.0,0.0,261.2,0.0,21.4,35.4,35.4,37.2,300.0,300.0,30.1,35.2,35.7,35.4,37.5,4.95,1.99,4.97,0.16,0.0,0.0,1027.0,8228.0,0.0,0.0,0.0,0.0,0.0,1.0,0.0,0.0,0.0,0.0,0.0,0.4,0.0,1.7000000000000002,0.0,0.0,16.0,25903.0
2026-07-30T18:58:26.315Z,75.798,75.81,0.0,7.4,0.0,0.0,0.0,0.0,0.0,0.0,0.0,0.0,1.0,0.0,0.0,0.0,9.0,4.0,0.0,0.0,0.0,0.0,0.0,0.0,0.0,0.0,4.0,12.0,1.0,12.14,5.0200000000000005,2.51,1.49,0.0,0.1,0.0,301.1,0.0,-0.8,0.1,-0.1,98.3,0.0,0.0,261.2,0.0,21.4,35.4,35.4,37.2,300.0,300.0,30.1,35.2,35.7,35.4,37.5,4.96,1.99,4.96,0.16,0.0,0.0,1027.0,8228.0,0.0,0.0,0.0,0.0,0.0,1.0,0.0,0.0,0.0,0.0,0.0,0.1,0.0,0.0,0.0,0.0,16.0,25903.0
2026-07-30T18:58:26.330Z,75.813,75.822,0.0,7.4,0.0,0.0,0.0,0.0,0.0,0.0,0.0,0.0,1.0,0.0,0.0,0.0,9.0,4.0,0.0,0.0,0.0,0.0,0.0,0.0,0.0,0.0,5.0,12.0,1.0,12.14,5.0200000000000005,2.51,1.49,0.0,0.0,0.0,301.1,0.0,-0.2,0.7000000000000001,-0.7000000000000001,98.4,0.0,0.0,261.2,0.0,21.4,35.4,35.4,37.2,300.0,300.0,30.1,35.2,35.7,35.4,37.5,4.96,1.99,4.96,0.16,0.0,0.0,1027.0,8228.0,0.0,0.0,0.0,0.0,0.0,1.0,0.0,0.0,0.0,0.0,0.0,0.7000000000000001,0.0,-0.3,0.0,0.0,16.0,25903.0
2026-07-30T18:58:26.339Z,75.822,75.834,0.0,7.4,0.0,0.0,0.0,0.0,0.0,0.0,0.0,0.0,1.0,0.0,0.0,0.0,9.0,4.0,0.0,0.0,0.0,0.0,0.0,0.0,0.0,0.0,2.0,12.0,1.0,12.14,5.0200000000000005,2.51,1.49,0.0,0.0,0.0,301.0,0.0,-0.2,0.1,0.4,98.4,0.0,0.0,261.2,0.0,21.4,35.4,35.4,37.2,300.0,300.0,30.1,35.2,35.7,35.4,37.5,4.95,1.99,4.96,0.16,0.0,0.0,1027.0,8228.0,0.0,0.0,0.0,0.0,0.0,1.0,0.0,0.0,0.0,0.0,0.0,-0.3,0.0,-0.5,0.0,0.0,16.0,25903.0
2026-07-30T18:58:26.350Z,75.833,75.846,0.0,7.4,0.0,0.0,0.0,0.0,0.0,0.0,0.0,0.0,1.0,0.0,0.0,0.0,9.0,4.0,0.0,0.0,0.0,0.0,0.0,0.0,0.0,0.0,2.0,12.0,1.0,12.14,5.0200000000000005,2.51,1.49,0.0,0.0,0.0,301.1,0.0,-0.1,-0.4,-0.1,98.4,0.0,0.0,261.2,0.0,21.4,35.4,35.4,37.2,300.0,300.0,30.1,35.2,35.7,35.4,37.5,4.95,1.99,4.96,0.16,0.0,0.0,1027.0,8228.0,0.0,0.0,0.0,0.0,0.0,1.0,0.0,0.0,0.0,0.0,0.0,0.0,0.0,0.5,0.0,0.0,16.0,25903.0
2026-07-30T18:58:26.363Z,75.846,75.858,0.0,7.4,0.0,0.0,0.0,0.0,0.0,0.0,0.0,0.0,1.0,0.0,0.0,0.0,9.0,4.0,0.0,0.0,0.0,0.0,0.0,0.0,0.0,0.0,3.0,12.0,1.0,12.14,5.0200000000000005,2.51,1.49,0.0,0.1,0.0,301.1,0.0,-0.1,-0.9,-0.1,98.5,0.0,0.0,261.2,0.0,21.4,35.4,35.4,37.2,300.0,300.0,30.1,35.2,35.7,35.4,37.5,4.96,2.0,4.96,0.16,0.0,0.0,1027.0,8228.0,0.0,0.0,0.0,0.0,0.0,1.0,0.0,0.0,0.0,0.0,0.0,0.0,0.0,1.2000000000000002,0.0,0.0,16.0,25903.0
2026-07-30T18:58:26.375Z,75.858,75.87,-0.1,7.4,0.0,0.0,0.0,0.0,0.0,0.0,0.0,0.0,1.0,0.0,0.0,0.0,9.0,4.0,0.0,0.0,0.0,0.0,0.0,0.0,0.0,0.0,5.0,12.0,1.0,12.14,5.0200000000000005,2.51,1.49,0.0,0.0,0.0,301.1,0.0,-0.1,1.2000000000000002,-0.1,98.5,0.0,0.0,261.2,0.0,21.4,35.4,35.4,37.2,300.0,300.0,30.1,35.2,35.7,35.4,37.5,4.96,1.99,4.97,0.16,0.0,0.0,1027.0,8228.0,0.0,0.0,0.0,0.0,0.0,1.0,0.0,0.0,0.0,0.0,0.0,0.3,0.0,-1.3,0.0,0.0,16.0,25903.0
2026-07-30T18:58:26.386Z,75.869,75.882,-0.1,7.4,0.0,0.0,0.0,0.0,0.0,0.0,0.0,0.0,1.0,0.0,0.0,0.0,9.0,4.0,0.0,0.0,0.0,0.0,0.0,0.0,0.0,0.0,6.0,12.0,1.0,12.14,5.0200000000000005,2.51,1.49,0.0,0.0,0.0,301.1,0.0,-0.1,0.1,0.4,98.5,0.0,0.0,261.2,0.0,21.4,35.4,35.4,37.2,300.0,300.0,30.1,35.2,35.7,35.4,37.5,4.95,2.0,4.97,0.16,0.0,0.0,1027.0,8228.0,0.0,0.0,0.0,0.0,0.0,1.0,0.0,0.0,0.0,0.0,0.0,-0.3,0.0,-0.4,0.0,0.0,16.0,25903.0
2026-07-30T18:58:26.398Z,75.881,75.894,-0.1,7.4,0.0,0.0,0.0,0.0,0.0,0.0,0.0,0.0,1.0,0.0,0.0,0.0,9.0,4.0,0.0,0.0,0.0,0.0,0.0,0.0,0.0,0.0,1.0,12.0,1.0,12.18,5.01,2.5,1.49,0.0,0.0,0.0,301.0,0.0,0.4,-0.5,0.3,98.5,0.0,0.0,261.2,0.0,21.9,35.4,35.4,37.2,300.0,300.0,30.200000000000003,35.2,35.7,35.4,37.4,4.96,2.0,4.96,0.16,0.0,0.0,1027.0,8228.0,0.0,0.0,0.0,0.0,0.0,1.0,0.0,0.0,0.0,0.0,0.0,-0.4,0.0,0.2,0.0,0.0,16.0,25903.0
2026-07-30T18:58:26.410Z,75.893,75.906,0.0,7.4,0.0,0.0,0.0,0.0,0.0,0.0,0.0,0.0,1.0,0.0,0.0,0.0,9.0,4.0,0.0,0.0,0.0,0.0,0.0,0.0,0.0,0.0,2.0,12.0,1.0,12.18,5.01,2.5,1.49,0.0,0.0,0.0,301.1,0.0,1.0,-0.5,-0.8,98.5,0.0,0.0,261.2,0.0,21.9,35.4,35.4,37.2,300.0,300.0,30.200000000000003,35.2,35.7,35.4,37.4,4.95,1.99,4.96,0.16,0.0,0.0,1027.0,8228.0,0.0,0.0,0.0,0.0,0.0,1.0,0.0,0.0,0.0,0.0,0.0,0.6000000000000001,0.0,1.2000000000000002,0.0,0.0,16.0,25903.0
2026-07-30T18:58:26.422Z,75.905,75.918,0.0,7.4,0.0,0.0,0.0,0.0,0.0,0.0,0.0,0.0,1.0,0.0,0.0,0.0,9.0,4.0,0.0,0.0,0.0,0.0,0.0,0.0,0.0,0.0,3.0,12.0,1.0,12.18,5.01,2.5,1.49,0.0,0.0,0.0,301.1,0.0,0.3,-0.5,-0.8,98.6,0.0,0.0,261.2,0.0,21.9,35.4,35.4,37.2,300.0,300.0,30.200000000000003,35.2,35.7,35.4,37.4,4.95,1.99,4.97,0.16,0.0,0.0,1027.0,8228.0,0.0,0.0,0.0,0.0,0.0,1.0,0.0,0.0,0.0,0.0,0.0,0.6000000000000001,0.0,1.2000000000000002,0.0,0.0,16.0,25903.0
2026-07-30T18:58:26.434Z,75.917,75.93,0.0,7.4,0.0,0.0,0.0,0.0,0.0,0.0,0.0,0.0,1.0,0.0,0.0,0.0,9.0,4.0,0.0,0.0,0.0,0.0,0.0,0.0,0.0,0.0,4.0,12.0,1.0,12.18,5.01,2.5,1.49,0.0,0.0,0.0,301.1,0.0,-0.2,1.1,0.9,98.6,0.0,0.0,261.2,0.0,21.9,35.4,35.4,37.2,300.0,300.0,30.200000000000003,35.2,35.7,35.4,37.4,4.95,2.0,4.97,0.16,0.0,0.0,1027.0,8228.0,0.0,0.0,0.0,0.0,0.0,1.0,0.0,0.0,0.0,0.0,0.0,-0.6000000000000001,0.0,-2.0,0.0,0.0,16.0,25903.0
2026-07-30T18:58:26.447Z,75.93,75.94200000000001,0.0,7.4,0.0,0.0,0.0,0.0,0.0,0.0,0.0,0.0,1.0,0.0,0.0,0.0,9.0,4.0,0.0,0.0,0.0,0.0,0.0,0.0,0.0,0.0,5.0,12.0,1.0,12.18,5.01,2.5,1.49,0.0,0.0,0.0,301.0,0.0,0.3,-0.5,-0.2,98.6,0.0,0.0,261.2,0.0,21.9,35.4,35.4,37.2,300.0,300.0,30.200000000000003,35.2,35.7,35.4,37.4,4.96,2.0,4.96,0.16,0.0,0.0,1027.0,8228.0,0.0,0.0,0.0,0.0,0.0,1.0,0.0,0.0,0.0,0.0,0.0,0.1,0.0,0.7000000000000001,0.0,0.0,16.0,25903.0
2026-07-30T18:58:26.459Z,75.942,75.95400000000001,0.0,7.4,0.0,0.0,0.0,0.0,0.0,0.0,0.0,0.0,1.0,0.0,0.0,0.0,9.0,4.0,0.0,0.0,0.0,0.0,0.0,0.0,0.0,0.0,6.0,12.0,1.0,12.18,5.01,2.5,1.49,0.0,0.0,0.0,301.1,0.0,-0.8,-0.5,-0.8,98.6,0.0,0.0,261.2,0.0,21.9,35.4,35.4,37.2,300.0,300.0,30.200000000000003,35.2,35.7,35.4,37.4,4.95,1.99,4.97,0.16,0.0,0.0,1027.0,8228.0,0.0,0.0,0.0,0.0,0.0,1.0,0.0,0.0,0.0,0.0,0.0,0.6000000000000001,0.0,1.1,0.0,0.0,16.0,25903.0
2026-07-30T18:58:26.470Z,75.953,75.96600000000001,0.0,7.4,0.0,0.0,0.0,0.0,0.0,0.0,0.0,0.0,1.0,0.0,0.0,0.0,9.0,4.0,0.0,0.0,0.0,0.0,0.0,0.0,0.0,0.0,1.0,12.0,1.0,12.18,5.01,2.5,1.49,-0.1,0.1,0.0,301.0,0.0,0.3,1.2000000000000002,-0.8,98.6,0.0,0.0,261.2,0.0,21.9,35.4,35.4,37.2,300.0,300.0,30.200000000000003,35.2,35.7,35.4,37.4,4.95,2.0,4.97,0.16,0.0,0.0,1027.0,8228.0,0.0,0.0,0.0,0.0,0.0,1.0,0.0,0.0,0.0,0.0,0.0,0.9,0.0,-0.8,0.0,0.0,16.0,25903.0
2026-07-30T18:58:26.483Z,75.966,75.97800000000001,0.0,7.4,0.0,0.0,0.0,0.0,0.0,0.0,0.0,0.0,1.0,0.0,0.0,0.0,9.0,4.0,0.0,0.0,0.0,0.0,0.0,0.0,0.0,0.0,2.0,12.0,1.0,12.18,5.01,2.5,1.49,0.0,0.0,0.0,301.1,0.0,0.9,-0.5,-0.8,98.6,0.0,0.0,261.2,0.0,21.9,35.4,35.4,37.2,300.0,300.0,30.200000000000003,35.2,35.7,35.4,37.4,4.96,2.0,4.97,0.16,0.0,0.0,1027.0,8228.0,0.0,0.0,0.0,0.0,0.0,1.0,0.0,0.0,0.0,0.0,0.0,0.6000000000000001,0.0,1.1,0.0,0.0,16.0,25903.0
2026-07-30T18:58:26.496Z,75.979,75.99,0.0,7.4,0.0,0.0,0.0,0.0,0.0,0.0,0.0,0.0,1.0,0.0,0.0,0.0,9.0,4.0,0.0,0.0,0.0,0.0,0.0,0.0,0.0,0.0,3.0,12.0,1.0,12.15,5.0200000000000005,2.51,1.49,0.0,0.0,0.0,301.1,0.0,-0.2,-0.4,0.3,98.6,0.0,0.0,261.2,0.0,21.8,35.4,35.4,37.2,300.0,300.0,30.200000000000003,35.1,35.7,35.4,37.4,4.95,2.0,4.96,0.16,0.0,0.0,1027.0,8228.0,0.0,0.0,0.0,0.0,0.0,1.0,0.0,0.0,0.0,0.0,0.0,-0.3,0.0,0.3,0.0,0.0,16.0,25903.0
2026-07-30T18:58:26.507Z,75.99,76.002,0.0,7.4,0.0,0.0,0.0,0.0,0.0,0.0,0.0,0.0,1.0,0.0,0.0,0.0,9.0,4.0,0.0,0.0,0.0,0.0,0.0,0.0,0.0,0.0,5.0,12.0,1.0,12.15,5.0200000000000005,2.51,1.49,0.0,0.0,0.0,301.1,0.0,0.3,-0.5,0.3,98.6,0.0,0.0,261.2,0.0,21.8,35.4,35.4,37.2,300.0,300.0,30.200000000000003,35.1,35.7,35.4,37.4,4.95,1.99,4.97,0.16,0.0,0.0,1027.0,8228.0,0.0,0.0,0.0,0.0,0.0,1.0,0.0,0.0,0.0,0.0,0.0,-0.4,0.0,0.3,0.0,0.0,16.0,25903.0
2026-07-30T18:58:26.519Z,76.002,76.014,0.0,7.4,0.0,0.0,0.0,0.0,0.0,0.0,0.0,0.0,1.0,0.0,0.0,0.0,9.0,4.0,0.0,0.0,0.0,0.0,0.0,0.0,0.0,0.0,6.0,12.0,1.0,12.15,5.0200000000000005,2.51,1.49,0.0,0.1,0.0,301.1,0.0,-0.8,0.5,-0.8,98.7,0.0,0.0,261.2,0.0,21.8,35.4,35.4,37.2,300.0,300.0,30.200000000000003,35.1,35.7,35.4,37.4,4.95,2.0,4.96,0.16,0.0,0.0,1027.0,8228.0,0.0,0.0,0.0,0.0,0.0,1.0,0.0,0.0,0.0,0.0,0.0,0.8,0.0,0.0,0.0,0.0,16.0,25903.0
2026-07-30T18:58:26.530Z,76.013,76.026,0.0,7.4,0.0,0.0,0.0,0.0,0.0,0.0,0.0,0.0,1.0,0.0,0.0,0.0,9.0,4.0,0.0,0.0,0.0,0.0,0.0,0.0,0.0,0.0,1.0,12.0,1.0,12.15,5.0200000000000005,2.51,1.49,0.0,0.0,0.0,301.1,0.0,-0.8,1.2000000000000002,-0.8,98.7,0.0,0.0,261.2,0.0,21.8,35.4,35.4,37.2,300.0,300.0,30.200000000000003,35.1,35.7,35.4,37.4,4.96,1.99,4.96,0.16,0.0,0.0,1027.0,8228.0,0.0,0.0,0.0,0.0,0.0,1.0,0.0,0.0,0.0,0.0,0.0,0.9,0.0,-0.8,0.0,0.0,16.0,25903.0
2026-07-30T18:58:26.543Z,76.026,76.038,0.0,7.4,0.0,0.0,0.0,0.0,0.0,0.0,0.0,0.0,1.0,0.0,0.0,0.0,9.0,4.0,0.0,0.0,0.0,0.0,0.0,0.0,0.0,0.0,2.0,12.0,1.0,12.15,5.0200000000000005,2.51,1.49,0.0,0.0,0.0,301.0,0.0,-0.2,-0.4,-1.3,98.7,0.0,0.0,261.2,0.0,21.8,35.4,35.4,37.2,300.0,300.0,30.200000000000003,35.1,35.7,35.4,37.4,4.95,1.99,4.97,0.16,0.0,0.0,1027.0,8228.0,0.0,0.0,0.0,0.0,0.0,1.0,0.0,0.0,0.0,0.0,0.0,1.1,0.0,1.5,0.0,0.0,16.0,25903.0
2026-07-30T18:58:26.555Z,76.038,76.05,0.0,7.4,0.0,0.0,0.0,0.0,0.0,0.0,0.0,0.0,1.0,0.0,0.0,0.0,9.0,4.0,0.0,0.0,0.0,0.0,0.0,0.0,0.0,0.0,3.0,12.0,1.0,12.15,5.0200000000000005,2.51,1.49,0.0,0.0,0.0,301.1,0.0,-0.2,-1.0,-0.1,98.7,0.0,0.0,261.2,0.0,21.8,35.4,35.4,37.2,300.0,300.0,30.200000000000003,35.1,35.7,35.4,37.4,4.96,1.99,4.97,0.16,0.0,0.0,1027.0,8228.0,0.0,0.0,0.0,0.0,0.0,1.0,0.0,0.0,0.0,0.0,0.0,0.0,0.0,1.3,0.0,0.0,16.0,25903.0
2026-07-30T18:58:26.567Z,76.05,76.062,0.0,7.4,0.0,0.0,0.0,0.0,0.0,0.0,0.0,0.0,1.0,0.0,0.0,0.0,9.0,4.0,0.0,0.0,0.0,0.0,0.0,0.0,0.0,0.0,4.0,12.0,1.0,12.15,5.0200000000000005,2.51,1.49,0.0,0.0,0.0,301.1,0.0,0.3,1.8,-0.7000000000000001,98.7,0.0,0.0,261.2,0.0,21.8,35.4,35.4,37.2,300.0,300.0,30.200000000000003,35.1,35.7,35.4,37.4,4.96,2.0,4.96,0.16,0.0,0.0,1027.0,8228.0,0.0,0.0,0.0,0.0,0.0,1.0,0.0,0.0,0.0,0.0,0.0,0.9,0.0,-1.6,0.0,0.0,16.0,25903.0
2026-07-30T18:58:26.579Z,76.062,76.074,0.0,7.4,0.0,0.0,0.0,0.0,0.0,0.0,0.0,0.0,1.0,0.0,0.0,0.0,9.0,4.0,0.0,0.0,0.0,0.0,0.0,0.0,0.0,0.0,5.0,12.0,1.0,12.15,5.0200000000000005,2.51,1.49,0.0,0.0,0.0,301.1,0.0,0.9,0.7000000000000001,0.4,98.7,0.0,0.0,261.2,0.0,21.8,35.4,35.4,37.2,300.0,300.0,30.200000000000003,35.1,35.7,35.4,37.4,4.95,1.99,4.96,0.16,0.0,0.0,1027.0,8228.0,0.0,0.0,0.0,0.0,0.0,1.0,0.0,0.0,0.0,0.0,0.0,-0.2,0.0,-1.1,0.0,0.0,16.0,25903.0
2026-07-30T18:58:26.591Z,76.074,76.086,0.0,7.4,0.0,0.0,0.0,0.0,0.0,0.0,0.0,0.0,1.0,0.0,0.0,0.0,9.0,4.0,0.0,0.0,0.0,0.0,0.0,0.0,0.0,0.0,6.0,12.0,1.0,12.15,5.0200000000000005,2.51,1.49,0.0,0.0,0.0,301.1,0.0,1.0,-1.0,-1.2000000000000002,98.7,0.0,0.0,261.2,0.0,21.8,35.4,35.4,37.2,300.0,300.0,30.200000000000003,35.1,35.7,35.4,37.4,4.95,1.99,4.97,0.16,0.0,0.0,1027.0,8228.0,0.0,0.0,0.0,0.0,0.0,1.0,0.0,0.0,0.0,0.0,0.0,0.9,0.0,2.1,0.0,0.0,16.0,25903.0
2026-07-30T18:58:26.603Z,76.086,76.098,-0.1,7.4,0.0,0.0,0.0,0.0,0.0,0.0,0.0,0.0,1.0,0.0,0.0,0.0,9.0,4.0,0.0,0.0,0.0,0.0,0.0,0.0,0.0,0.0,1.0,12.0,1.0,12.18,5.01,2.51,1.49,0.0,0.0,0.0,301.1,0.0,1.0,-0.9,-0.6000000000000001,98.7,0.0,0.0,261.2,0.0,21.700000000000003,35.4,35.4,37.2,300.0,300.0,30.200000000000003,35.1,35.7,35.300000000000004,37.3,4.96,1.99,4.96,0.16,0.0,0.0,1027.0,8228.0,0.0,0.0,0.0,0.0,0.0,1.0,0.0,0.0,0.0,0.0,0.0,0.4,0.0,1.6,0.0,0.0,16.0,25903.0
2026-07-30T18:58:26.615Z,76.098,76.11,-0.1,7.4,0.0,0.0,0.0,0.0,0.0,0.0,0.0,0.0,1.0,0.0,0.0,0.0,9.0,4.0,0.0,0.0,0.0,0.0,0.0,0.0,0.0,0.0,2.0,12.0,1.0,12.18,5.01,2.51,1.49,0.0,0.0,0.0,301.1,0.0,-0.1,0.1,0.0,98.7,0.0,0.0,261.2,0.0,21.700000000000003,35.4,35.4,37.2,300.0,300.0,30.200000000000003,35.1,35.7,35.300000000000004,37.3,4.96,1.99,4.97,0.16,0.0,0.0,1027.0,8228.0,0.0,0.0,0.0,0.0,0.0,1.0,0.0,0.0,0.0,0.0,0.0,0.1,0.0,-0.1,0.0,0.0,16.0,25903.0
2026-07-30T18:58:26.626Z,76.109,76.122,-0.1,7.4,0.0,0.0,0.0,0.0,0.0,0.0,0.0,0.0,1.0,0.0,0.0,0.0,9.0,4.0,0.0,0.0,0.0,0.0,0.0,0.0,0.0,0.0,3.0,12.0,1.0,12.18,5.01,2.51,1.49,0.0,0.1,0.0,301.1,0.0,-0.1,0.1,2.1,98.7,0.0,0.0,261.2,0.0,21.700000000000003,35.4,35.4,37.2,300.0,300.0,30.200000000000003,35.1,35.7,35.300000000000004,37.3,4.95,1.99,4.97,0.16,0.0,0.0,1027.0,8228.0,0.0,0.0,0.0,0.0,0.0,1.0,0.0,0.0,0.0,0.0,0.0,-1.9,0.0,-1.7000000000000002,0.0,0.0,16.0,25903.0
2026-07-30T18:58:26.648Z,76.131,76.134,-0.1,7.4,0.0,0.0,0.0,0.0,0.0,0.0,0.0,0.0,1.0,0.0,0.0,0.0,9.0,4.0,0.0,0.0,0.0,0.0,0.0,0.0,0.0,0.0,4.0,12.0,1.0,12.18,5.01,2.51,1.49,0.0,0.1,0.0,301.1,0.0,-0.1,-0.9,1.0,98.7,0.0,0.0,261.2,0.0,21.700000000000003,35.4,35.4,37.2,300.0,300.0,30.200000000000003,35.1,35.7,35.300000000000004,37.3,4.95,1.99,4.96,0.16,0.0,0.0,1027.0,8228.0,0.0,0.0,0.0,0.0,0.0,1.0,0.0,0.0,0.0,0.0,0.0,-1.1,0.0,0.3,0.0,0.0,16.0,25903.0
2026-07-30T18:58:26.652Z,76.135,76.146,-0.1,7.4,0.0,0.0,0.0,0.0,0.0,0.0,0.0,0.0,1.0,0.0,0.0,0.0,9.0,4.0,0.0,0.0,0.0,0.0,0.0,0.0,0.0,0.0,4.0,12.0,1.0,12.18,5.01,2.51,1.49,0.0,0.0,0.0,301.1,0.0,-0.1,-1.0,-0.1,98.7,0.0,0.0,261.2,0.0,21.700000000000003,35.4,35.4,37.2,300.0,300.0,30.200000000000003,35.1,35.7,35.300000000000004,37.3,4.95,2.0,4.96,0.16,0.0,0.0,1027.0,8228.0,0.0,0.0,0.0,0.0,0.0,1.0,0.0,0.0,0.0,0.0,0.0,0.0,0.0,1.2000000000000002,0.0,0.0,16.0,25903.0
2026-07-30T18:58:26.663Z,76.146,76.158,-0.1,7.4,0.0,0.0,0.0,0.0,0.0,0.0,0.0,0.0,1.0,0.0,0.0,0.0,9.0,4.0,0.0,0.0,0.0,0.0,0.0,0.0,0.0,0.0,2.0,12.0,1.0,12.18,5.01,2.51,1.49,0.0,0.0,0.0,301.1,0.0,-0.2,0.1,-0.7000000000000001,98.7,0.0,0.0,261.2,0.0,21.700000000000003,35.4,35.4,37.2,300.0,300.0,30.200000000000003,35.1,35.7,35.300000000000004,37.3,4.95,1.99,4.97,0.16,0.0,0.0,1027.0,8228.0,0.0,0.0,0.0,0.0,0.0,1.0,0.0,0.0,0.0,0.0,0.0,0.6000000000000001,0.0,0.4,0.0,0.0,16.0,25903.0
2026-07-30T18:58:26.675Z,76.158,76.17,-0.1,7.4,0.0,0.0,0.0,0.0,0.0,0.0,0.0,0.0,1.0,0.0,0.0,0.0,9.0,4.0,0.0,0.0,0.0,0.0,0.0,0.0,0.0,0.0,3.0,12.0,1.0,12.18,5.01,2.51,1.49,0.0,0.1,0.0,301.1,0.0,-0.2,1.2000000000000002,1.0,98.7,0.0,0.0,261.2,0.0,21.700000000000003,35.4,35.4,37.2,300.0,300.0,30.200000000000003,35.1,35.7,35.300000000000004,37.3,4.95,1.99,4.97,0.16,0.0,0.0,1027.0,8228.0,0.0,0.0,0.0,0.0,0.0,1.0,0.0,0.0,0.0,0.0,0.0,1.2000000000000002,0.0,0.1,0.0,0.0,16.0,25903.0
2026-07-30T18:58:26.687Z,76.17,76.182,0.0,7.4,0.0,0.0,0.0,0.0,0.0,0.0,0.0,0.0,1.0,0.0,0.0,0.0,9.0,4.0,0.0,0.0,0.0,0.0,0.0,0.0,0.0,0.0,5.0,12.0,1.0,12.18,5.01,2.51,1.49,0.0,0.1,0.0,301.1,0.0,-0.2,0.7000000000000001,-0.7000000000000001,98.7,0.0,0.0,261.2,0.0,21.700000000000003,35.4,35.4,37.2,300.0,300.0,30.200000000000003,35.1,35.7,35.300000000000004,37.3,4.96,1.99,4.96,0.16,0.0,0.0,1027.0,8228.0,0.0,0.0,0.0,0.0,0.0,1.0,0.0,0.0,0.0,0.0,0.0,0.7000000000000001,0.0,-0.2,0.0,0.0,16.0,25903.0
2026-07-30T18:58:26.699Z,76.182,76.194,-0.1,7.4,0.0,0.0,0.0,0.0,0.0,0.0,0.0,0.0,1.0,0.0,0.0,0.0,9.0,4.0,0.0,0.0,0.0,0.0,0.0,0.0,0.0,0.0,5.0,12.0,1.0,12.17,5.0200000000000005,2.51,1.49,0.0,0.1,0.0,301.1,0.0,0.3,-1.0,-0.1,98.7,0.0,0.0,261.2,0.0,21.200000000000003,35.4,35.4,37.3,300.0,300.0,30.0,35.1,35.6,35.300000000000004,37.3,4.95,1.99,4.96,0.16,0.0,0.0,1027.0,8228.0,0.0,0.0,0.0,0.0,0.0,1.0,0.0,0.0,0.0,0.0,0.0,0.0,0.0,1.3,0.0,0.0,16.0,25903.0
2026-07-30T18:58:26.711Z,76.194,76.206,-0.1,7.4,0.0,0.0,0.0,0.0,0.0,0.0,0.0,0.0,1.0,0.0,0.0,0.0,9.0,4.0,0.0,0.0,0.0,0.0,0.0,0.0,0.0,0.0,6.0,12.0,1.0,12.17,5.0200000000000005,2.51,1.49,0.0,0.0,0.0,301.1,0.0,0.3,0.6000000000000001,-0.1,98.7,0.0,0.0,261.2,0.0,21.200000000000003,35.4,35.4,37.3,300.0,300.0,30.0,35.1,35.6,35.300000000000004,37.3,4.95,2.0,4.96,0.16,0.0,0.0,1027.0,8228.0,0.0,0.0,0.0,0.0,0.0,1.0,0.0,0.0,0.0,0.0,0.0,0.2,0.0,-0.6000000000000001,0.0,0.0,16.0,25903.0
2026-07-30T18:58:26.723Z,76.206,76.218,-0.1,7.4,0.0,0.0,0.0,0.0,0.0,0.0,0.0,0.0,1.0,0.0,0.0,0.0,9.0,4.0,0.0,0.0,0.0,0.0,0.0,0.0,0.0,0.0,2.0,12.0,1.0,12.17,5.0200000000000005,2.51,1.49,0.0,0.0,0.0,301.1,0.0,0.2,0.0,0.4,98.7,0.0,0.0,261.2,0.0,21.200000000000003,35.4,35.4,37.3,300.0,300.0,30.0,35.1,35.6,35.300000000000004,37.3,4.96,2.0,4.96,0.16,0.0,0.0,1027.0,8228.0,0.0,0.0,0.0,0.0,0.0,1.0,0.0,0.0,0.0,0.0,0.0,0.6000000000000001,0.0,0.4,0.0,0.0,16.0,25903.0
2026-07-30T18:58:26.734Z,76.217,76.23,0.0,7.4,0.0,0.0,0.0,0.0,0.0,0.0,0.0,0.0,1.0,0.0,0.0,0.0,9.0,4.0,0.0,0.0,0.0,0.0,0.0,0.0,0.0,0.0,3.0,12.0,1.0,12.17,5.0200000000000005,2.51,1.49,0.0,0.0,0.0,301.1,0.0,0.2,1.2000000000000002,0.9,98.7,0.0,0.0,261.2,0.0,21.200000000000003,35.4,35.4,37.3,300.0,300.0,30.0,35.1,35.6,35.300000000000004,37.3,4.95,2.0,4.96,0.16,0.0,0.0,1027.0,8228.0,0.0,0.0,0.0,0.0,0.0,1.0,0.0,0.0,0.0,0.0,0.0,0.0,0.0,0.7000000000000001,0.0,0.0,16.0,25903.0
2026-07-30T18:58:26.747Z,76.23,76.242,0.0,7.4,0.0,0.0,0.0,0.0,0.0,0.0,0.0,0.0,1.0,0.0,0.0,0.0,9.0,4.0,0.0,0.0,0.0,0.0,0.0,0.0,0.0,0.0,4.0,12.0,1.0,12.17,5.0200000000000005,2.51,1.49,0.0,0.0,0.0,301.1,0.0,-0.3,-1.1,1.5,98.7,0.0,0.0,261.2,0.0,21.200000000000003,35.4,35.4,37.3,300.0,300.0,30.0,35.1,35.6,35.300000000000004,37.3,4.96,1.99,4.97,0.16,0.0,0.0,1027.0,8228.0,0.0,0.0,0.0,0.0,0.0,1.0,0.0,0.0,0.0,0.0,0.0,-0.9,0.0,0.0,0.0,0.0,16.0,25903.0
2026-07-30T18:58:26.758Z,76.241,76.254,-0.1,7.4,0.0,0.0,0.0,0.0,0.0,0.0,0.0,0.0,1.0,0.0,0.0,0.0,9.0,4.0,0.0,0.0,0.0,0.0,0.0,0.0,0.0,0.0,5.0,12.0,1.0,12.17,5.0200000000000005,2.51,1.49,0.0,0.0,0.0,301.1,0.0,-0.3,0.0,-1.4,98.8,0.0,0.0,261.2,0.0,21.200000000000003,35.4,35.4,37.3,300.0,300.0,30.0,35.1,35.6,35.300000000000004,37.3,4.96,1.99,4.96,0.16,0.0,0.0,1027.0,8228.0,0.0,0.0,0.0,0.0,0.0,1.0,0.0,0.0,0.0,0.0,0.0,1.2000000000000002,0.0,1.0,0.0,0.0,16.0,25903.0
2026-07-30T18:58:26.771Z,76.254,76.266,0.0,7.4,0.0,0.0,0.0,0.0,0.0,0.0,0.0,0.0,1.0,0.0,0.0,0.0,9.0,4.0,0.0,0.0,0.0,0.0,0.0,0.0,0.0,0.0,6.0,12.0,1.0,12.17,5.0200000000000005,2.51,1.49,0.0,0.0,0.0,301.0,0.0,-0.9,1.1,0.3,98.8,0.0,0.0,261.2,0.0,21.200000000000003,35.4,35.4,37.3,300.0,300.0,30.0,35.1,35.6,35.300000000000004,37.3,4.96,1.99,4.96,0.16,0.0,0.0,1027.0,8228.0,0.0,0.0,0.0,0.0,0.0,1.0,0.0,0.0,0.0,0.0,0.0,-0.1,0.0,-1.5,0.0,0.0,16.0,25903.0
2026-07-30T18:58:26.783Z,76.266,76.278,0.0,7.4,0.0,0.0,0.0,0.0,0.0,0.0,0.0,0.0,1.0,0.0,0.0,0.0,9.0,4.0,0.0,0.0,0.0,0.0,0.0,0.0,0.0,0.0,1.0,12.0,1.0,12.17,5.0200000000000005,2.51,1.49,0.0,0.0,0.0,301.1,0.0,-0.9,0.0,-0.7000000000000001,98.8,0.0,0.0,261.2,0.0,21.200000000000003,35.4,35.4,37.3,300.0,300.0,30.0,35.1,35.6,35.300000000000004,37.3,4.95,1.99,4.97,0.16,0.0,0.0,1027.0,8228.0,0.0,0.0,0.0,0.0,0.0,1.0,0.0,0.0,0.0,0.0,0.0,0.6000000000000001,0.0,0.6000000000000001,0.0,0.0,16.0,25903.0
2026-07-30T18:58:26.795Z,76.278,76.29,0.0,7.4,0.0,0.0,0.0,0.0,0.0,0.0,0.0,0.0,1.0,0.0,0.0,0.0,9.0,4.0,0.0,0.0,0.0,0.0,0.0,0.0,0.0,0.0,2.0,12.0,1.0,12.17,5.0200000000000005,2.51,1.49,0.0,0.1,0.0,301.0,0.0,-0.3,-0.6000000000000001,-0.1,98.8,0.0,0.0,261.2,0.0,21.200000000000003,35.4,35.4,37.3,300.0,300.0,30.0,35.1,35.6,35.300000000000004,37.3,4.96,1.99,4.96,0.16,0.0,0.0,1027.0,8228.0,0.0,0.0,0.0,0.0,0.0,1.0,0.0,0.0,0.0,0.0,0.0,0.0,0.0,0.8,0.0,-0.0001,16.0,25903.0
2026-07-30T18:58:26.807Z,76.29,76.302,0.0,7.4,0.0,0.0,0.0,0.0,0.0,0.0,0.0,0.0,1.0,0.0,0.0,0.0,9.0,4.0,0.0,0.0,0.0,0.0,0.0,0.0,0.0,0.0,3.0,12.0,1.0,12.17,5.01,2.51,1.49,0.0,0.0,0.0,301.1,0.0,-0.9,0.0,-0.1,98.8,0.0,0.0,261.2,0.0,21.8,35.4,35.4,37.3,300.0,300.0,30.1,35.0,35.6,35.2,37.2,4.96,2.0,4.96,0.16,0.0,0.0,1027.0,8228.0,0.0,0.0,0.0,0.0,0.0,1.0,0.0,0.0,0.0,0.0,0.0,0.1,0.0,0.1,0.0,-0.0001,16.0,25903.0
2026-07-30T18:58:26.818Z,76.301,76.31400000000001,0.0,7.4,0.0,0.0,0.0,0.0,0.0,0.0,0.0,0.0,1.0,0.0,0.0,0.0,9.0,4.0,0.0,0.0,0.0,0.0,0.0,0.0,0.0,0.0,5.0,12.0,1.0,12.17,5.01,2.51,1.49,0.0,0.0,0.0,301.1,0.0,0.2,-0.5,-0.7000000000000001,98.8,0.0,0.0,261.2,0.0,21.8,35.4,35.4,37.3,300.0,300.0,30.1,35.0,35.6,35.2,37.2,4.96,1.99,4.96,0.17,0.0,0.0,1027.0,8228.0,0.0,0.0,0.0,0.0,0.0,1.0,0.0,0.0,0.0,0.0,0.0,0.5,0.0,1.2000000000000002,0.0,0.0,16.0,25903.0
2026-07-30T18:58:26.831Z,76.314,76.32600000000001,0.0,7.4,0.0,0.0,0.0,0.0,0.0,0.0,0.0,0.0,1.0,0.0,0.0,0.0,9.0,4.0,0.0,0.0,0.0,0.0,0.0,0.0,0.0,0.0,5.0,12.0,1.0,12.17,5.01,2.51,1.49,0.0,0.0,0.0,301.1,0.0,0.2,-0.5,-0.7000000000000001,98.8,0.0,0.0,261.2,0.0,21.8,35.4,35.4,37.3,300.0,300.0,30.1,35.0,35.6,35.2,37.2,4.96,1.99,4.97,0.16,0.0,0.0,1027.0,8228.0,0.0,0.0,0.0,0.0,0.0,1.0,0.0,0.0,0.0,0.0,0.0,0.5,0.0,1.1,0.0,0.0,16.0,25903.0
2026-07-30T18:58:26.843Z,76.326,76.33800000000001,0.0,7.4,0.0,0.0,0.0,0.0,0.0,0.0,0.0,0.0,1.0,0.0,0.0,0.0,9.0,4.0,0.0,0.0,0.0,0.0,0.0,0.0,0.0,0.0,6.0,12.0,1.0,12.17,5.01,2.51,1.49,0.0,0.0,0.0,301.1,0.0,-0.9,-0.5,-2.4000000000000004,98.8,0.0,0.0,261.2,0.0,21.8,35.4,35.4,37.3,300.0,300.0,30.1,35.0,35.6,35.2,37.2,4.95,1.99,4.96,0.16,0.0,0.0,1027.0,8228.0,0.0,0.0,0.0,0.0,0.0,1.0,0.0,0.0,0.0,0.0,0.0,2.0,0.0,2.4000000000000004,0.0,0.0,16.0,25903.0
2026-07-30T18:58:26.855Z,76.338,76.35000000000001,0.0,7.4,0.0,0.0,0.0,0.0,0.0,0.0,0.0,0.0,1.0,0.0,0.0,0.0,9.0,4.0,0.0,0.0,0.0,0.0,0.0,0.0,0.0,0.0,1.0,12.0,1.0,12.17,5.01,2.51,1.49,0.0,0.0,0.0,301.1,0.0,0.8,0.0,0.5,98.8,0.0,0.0,261.2,0.0,21.8,35.4,35.4,37.3,300.0,300.0,30.1,35.0,35.6,35.2,37.2,4.95,2.0,4.97,0.16,0.0,0.0,1027.0,8228.0,0.0,0.0,0.0,0.0,0.0,1.0,0.0,0.0,0.0,0.0,0.0,-0.4,0.0,-0.3,0.0,0.0,16.0,25903.0
2026-07-30T18:58:26.866Z,76.349,76.362,0.0,7.4,0.0,0.0,0.0,0.0,0.0,0.0,0.0,0.0,1.0,0.0,0.0,0.0,9.0,4.0,0.0,0.0,0.0,0.0,0.0,0.0,0.0,0.0,2.0,12.0,1.0,12.17,5.01,2.51,1.49,0.0,0.0,0.0,301.1,0.0,0.2,1.2000000000000002,0.5,98.8,0.0,0.0,261.2,0.0,21.8,35.4,35.4,37.3,300.0,300.0,30.1,35.0,35.6,35.2,37.2,4.95,2.0,4.97,0.16,0.0,0.0,1027.0,8228.0,0.0,0.0,0.0,0.0,0.0,1.0,0.0,0.0,0.0,0.0,0.0,-0.2,0.0,-1.7000000000000002,0.0,0.0,16.0,25903.0
2026-07-30T18:58:26.878Z,76.361,76.374,0.0,7.4,0.0,0.0,0.0,0.0,0.0,0.0,0.0,0.0,1.0,0.0,0.0,0.0,9.0,4.0,0.0,0.0,0.0,0.0,0.0,0.0,0.0,0.0,3.0,12.0,1.0,12.17,5.01,2.51,1.49,0.0,0.0,0.0,301.1,0.0,-0.3,0.0,0.5,98.8,0.0,0.0,261.2,0.0,21.8,35.4,35.4,37.3,300.0,300.0,30.1,35.0,35.6,35.2,37.2,4.95,2.0,4.97,0.16,0.0,0.0,1027.0,8228.0,0.0,0.0,0.0,0.0,0.0,1.0,0.0,0.0,0.0,0.0,0.0,-0.4,0.0,-0.4,0.0,0.0,16.0,25903.0
2026-07-30T18:58:26.890Z,76.373,76.386,0.0,7.4,0.0,0.0,0.0,0.0,0.0,0.0,0.0,0.0,1.0,0.0,0.0,0.0,9.0,4.0,0.0,0.0,0.0,0.0,0.0,0.0,0.0,0.0,5.0,12.0,1.0,12.17,5.01,2.51,1.49,0.0,0.0,0.0,301.0,0.0,-0.3,0.0,0.5,98.8,0.0,0.0,261.2,0.0,21.8,35.4,35.4,37.3,300.0,300.0,30.1,35.0,35.6,35.2,37.2,4.95,1.99,4.96,0.16,0.0,0.0,1027.0,8228.0,0.0,0.0,0.0,0.0,0.0,1.0,0.0,0.0,0.0,0.0,0.0,-0.4,0.0,-0.4,0.0,0.0,16.0,25903.0
2026-07-30T18:58:26.904Z,76.387,76.398,0.0,7.4,0.0,0.0,0.0,0.0,0.0,0.0,0.0,0.0,1.0,0.0,0.0,0.0,9.0,4.0,0.0,0.0,0.0,0.0,0.0,0.0,0.0,0.0,6.0,12.0,1.0,12.17,5.01,2.51,1.49,0.0,0.0,0.0,301.1,0.0,0.1,1.1,-0.6000000000000001,98.8,0.0,0.0,261.2,0.0,21.3,35.4,35.4,37.3,300.0,300.0,29.9,35.0,35.6,35.2,37.1,4.95,1.99,4.96,0.16,0.0,0.0,1027.0,8228.0,0.0,0.0,0.0,0.0,0.0,1.0,0.0,0.0,0.0,0.0,0.0,0.7000000000000001,0.0,-0.8,0.0,0.0,16.0,25903.0
2026-07-30T18:58:26.914Z,76.397,76.41,0.0,7.4,0.0,0.0,0.0,0.0,0.0,0.0,0.0,0.0,1.0,0.0,0.0,0.0,9.0,4.0,0.0,0.0,0.0,0.0,0.0,0.0,0.0,0.0,1.0,12.0,1.0,12.17,5.01,2.51,1.49,0.0,0.0,0.0,301.1,0.0,0.1,0.5,0.0,98.8,0.0,0.0,261.2,0.0,21.3,35.4,35.4,37.3,300.0,300.0,29.9,35.0,35.6,35.2,37.1,4.95,2.0,4.96,0.16,0.0,0.0,1027.0,8228.0,0.0,0.0,0.0,0.0,0.0,1.0,0.0,0.0,0.0,0.0,0.0,0.1,0.0,-0.5,0.0,0.0,16.0,25903.0
2026-07-30T18:58:26.926Z,76.409,76.422,0.0,7.4,0.0,0.0,0.0,0.0,0.0,0.0,0.0,0.0,1.0,0.0,0.0,0.0,9.0,4.0,0.0,0.0,0.0,0.0,0.0,0.0,0.0,0.0,2.0,12.0,1.0,12.17,5.01,2.51,1.49,0.0,0.0,0.0,301.1,0.0,0.7000000000000001,0.0,1.1,98.8,0.0,0.0,261.2,0.0,21.3,35.4,35.4,37.3,300.0,300.0,29.9,35.0,35.6,35.2,37.1,4.96,2.0,4.96,0.16,0.0,0.0,1027.0,8228.0,0.0,0.0,0.0,0.0,0.0,1.0,0.0,0.0,0.0,0.0,0.0,-0.9,0.0,-0.7000000000000001,0.0,0.0,16.0,25903.0
2026-07-30T18:58:26.938Z,76.421,76.434,0.0,7.4,0.0,0.0,0.0,0.0,0.0,0.0,0.0,0.0,1.0,0.0,0.0,0.0,9.0,4.0,0.0,0.0,0.0,0.0,0.0,0.0,0.0,0.0,3.0,12.0,1.0,12.17,5.01,2.51,1.49,0.0,0.0,0.0,301.1,0.0,0.2,-0.5,1.0,98.8,0.0,0.0,261.2,0.0,21.3,35.4,35.4,37.3,300.0,300.0,29.9,35.0,35.6,35.2,37.1,4.95,1.99,4.96,0.16,0.0,0.0,1027.0,8228.0,0.0,0.0,0.0,0.0,0.0,1.0,0.0,0.0,0.0,0.0,0.0,-1.0,0.0,-0.1,0.0,0.0,16.0,25903.0
2026-07-30T18:58:26.950Z,76.433,76.446,0.0,7.4,0.0,0.0,0.0,0.0,0.0,0.0,0.0,0.0,1.0,0.0,0.0,0.0,9.0,4.0,0.0,0.0,0.0,0.0,0.0,0.0,0.0,0.0,4.0,12.0,1.0,12.17,5.01,2.51,1.49,0.0,0.0,0.0,301.1,0.0,0.2,0.5,0.4,98.8,0.0,0.0,261.2,0.0,21.3,35.4,35.4,37.3,300.0,300.0,29.9,35.0,35.6,35.2,37.1,4.95,2.0,4.96,0.16,0.0,0.0,1027.0,8228.0,0.0,0.0,0.0,0.0,0.0,1.0,0.0,0.0,0.0,0.0,0.0,-0.3,0.0,-0.9,0.0,0.0,16.0,25903.0
2026-07-30T18:58:26.964Z,76.447,76.458,0.0,7.4,0.0,0.0,0.0,0.0,0.0,0.0,0.0,0.0,1.0,0.0,0.0,0.0,9.0,4.0,0.0,0.0,0.0,0.0,0.0,0.0,0.0,0.0,3.0,12.0,1.0,12.17,5.01,2.51,1.49,0.0,0.1,0.0,301.1,0.0,-0.3,0.0,-1.3,98.8,0.0,0.0,261.2,0.0,21.3,35.4,35.4,37.3,300.0,300.0,29.9,35.0,35.6,35.2,37.1,4.96,2.0,4.96,0.16,0.0,0.0,1027.0,8228.0,0.0,0.0,0.0,0.0,0.0,1.0,0.0,0.0,0.0,0.0,0.0,1.1,0.0,0.9,0.0,0.0,16.0,25903.0
2026-07-30T18:58:26.975Z,76.458,76.47,0.0,7.4,0.0,0.0,0.0,0.0,0.0,0.0,0.0,0.0,1.0,0.0,0.0,0.0,9.0,4.0,0.0,0.0,0.0,0.0,0.0,0.0,0.0,0.0,1.0,12.0,1.0,12.17,5.01,2.51,1.49,0.0,0.0,0.0,301.1,0.0,0.8,0.0,1.0,98.8,0.0,0.0,261.2,0.0,21.3,35.4,35.4,37.3,300.0,300.0,29.9,35.0,35.6,35.2,37.1,4.95,2.0,4.96,0.16,0.0,0.0,1027.0,8228.0,0.0,0.0,0.0,0.0,0.0,1.0,0.0,0.0,0.0,0.0,0.0,-0.9,0.0,-0.7000000000000001,0.0,0.0,16.0,25903.0
2026-07-30T18:58:26.987Z,76.47,76.482,0.0,7.4,0.0,0.0,0.0,0.0,0.0,0.0,0.0,0.0,1.0,0.0,0.0,0.0,9.0,4.0,0.0,0.0,0.0,0.0,0.0,0.0,0.0,0.0,2.0,12.0,1.0,12.17,5.01,2.51,1.49,0.0,0.0,0.0,301.1,0.0,-0.3,-0.5,1.0,98.8,0.0,0.0,261.2,0.0,21.3,35.4,35.4,37.3,300.0,300.0,29.9,35.0,35.6,35.2,37.1,4.95,1.99,4.97,0.16,0.0,0.0,1027.0,8228.0,0.0,0.0,0.0,0.0,0.0,1.0,0.0,0.0,0.0,0.0,0.0,-1.0,0.0,-0.1,0.0,0.0,16.0,25903.0
2026-07-30T18:58:26.998Z,76.481,76.494,0.0,7.4,0.0,0.0,0.0,0.0,0.0,0.0,0.0,0.0,1.0,0.0,0.0,0.0,9.0,4.0,0.0,0.0,0.0,0.0,0.0,0.0,0.0,0.0,4.0,12.0,1.0,12.17,5.01,2.51,1.49,0.0,0.0,0.0,301.1,0.0,-0.3,0.5,-0.1,98.8,0.0,0.0,261.2,0.0,21.3,35.4,35.4,37.3,300.0,300.0,29.9,35.0,35.6,35.2,37.1,4.95,2.0,4.96,0.16,0.0,0.0,1027.0,8228.0,0.0,0.0,0.0,0.0,0.0,1.0,0.0,0.0,0.0,0.0,0.0,0.2,0.0,-0.5,0.0,0.0,16.0,25903.0
2026-07-30T18:58:27.010Z,76.493,76.506,0.0,7.4,0.0,0.0,0.0,0.0,0.0,0.0,0.0,0.0,1.0,0.0,0.0,0.0,9.0,4.0,0.0,0.0,0.0,0.0,0.0,0.0,0.0,0.0,5.0,12.0,1.0,12.17,5.01,2.5,1.49,0.0,0.0,0.0,301.1,0.0,0.2,0.6000000000000001,0.3,98.8,0.0,0.0,261.2,0.0,21.8,35.4,35.4,37.3,300.0,300.0,30.1,35.0,35.6,35.2,37.1,4.96,1.99,4.96,0.16,0.0,0.0,1027.0,8228.0,0.0,0.0,0.0,0.0,0.0,1.0,0.0,0.0,0.0,0.0,0.0,-0.2,0.0,-1.0,0.0,0.0,16.0,25903.0
2026-07-30T18:58:27.023Z,76.506,76.518,0.0,7.4,0.0,0.0,0.0,0.0,0.0,0.0,0.0,0.0,1.0,0.0,0.0,0.0,9.0,4.0,0.0,0.0,0.0,0.0,0.0,0.0,0.0,0.0,6.0,12.0,1.0,12.17,5.01,2.5,1.49,0.0,0.0,0.0,301.1,0.0,0.3,1.2000000000000002,-0.1,98.8,0.0,0.0,261.2,0.0,21.8,35.4,35.4,37.3,300.0,300.0,30.1,35.0,35.6,35.2,37.1,4.95,1.99,4.96,0.16,0.0,0.0,1027.0,8228.0,0.0,0.0,0.0,0.0,0.0,1.0,0.0,0.0,0.0,0.0,0.0,0.3,0.0,-1.3,0.0,0.0,16.0,25903.0
2026-07-30T18:58:27.034Z,76.517,76.53,0.0,7.4,0.0,0.0,0.0,0.0,0.0,0.0,0.0,0.0,1.0,0.0,0.0,0.0,9.0,4.0,0.0,0.0,0.0,0.0,0.0,0.0,0.0,0.0,2.0,12.0,1.0,12.17,5.01,2.5,1.49,0.0,0.0,0.0,301.1,0.0,-0.2,0.1,0.4,98.8,0.0,0.0,261.2,0.0,21.8,35.4,35.4,37.3,300.0,300.0,30.1,35.0,35.6,35.2,37.1,4.95,2.0,4.96,0.16,0.0,0.0,1027.0,8228.0,0.0,0.0,0.0,0.0,0.0,1.0,0.0,0.0,0.0,0.0,0.0,-0.3,0.0,-0.4,0.0,0.0,16.0,25903.0
2026-07-30T18:58:27.046Z,76.529,76.542,0.0,7.4,0.0,0.0,0.0,0.0,0.0,0.0,0.0,0.0,1.0,0.0,0.0,0.0,9.0,4.0,0.0,0.0,0.0,0.0,0.0,0.0,0.0,0.0,3.0,12.0,1.0,12.17,5.01,2.5,1.49,0.0,0.0,0.0,301.1,0.0,-0.8,1.2000000000000002,-0.1,98.8,0.0,0.0,261.2,0.0,21.8,35.4,35.4,37.3,300.0,300.0,30.1,35.0,35.6,35.2,37.1,4.95,2.0,4.96,0.16,0.0,0.0,1027.0,8228.0,0.0,0.0,0.0,0.0,0.0,1.0,0.0,0.0,0.0,0.0,0.0,0.3,0.0,-1.3,0.0,0.0,16.0,25903.0
2026-07-30T18:58:27.059Z,76.542,76.554,0.0,7.4,0.0,0.0,0.0,0.0,0.0,0.0,0.0,0.0,1.0,0.0,0.0,0.0,9.0,4.0,0.0,0.0,0.0,0.0,0.0,0.0,0.0,0.0,4.0,12.0,1.0,12.17,5.01,2.5,1.49,0.0,0.0,0.0,301.0,0.0,-0.2,0.0,0.4,98.8,0.0,0.0,261.2,0.0,21.8,35.4,35.4,37.3,300.0,300.0,30.1,35.0,35.6,35.2,37.1,4.95,1.99,4.96,0.16,0.0,0.0,1027.0,8228.0,0.0,0.0,0.0,0.0,0.0,1.0,0.0,0.0,0.0,0.0,0.0,-0.3,0.0,-0.4,0.0,0.0,16.0,25903.0
2026-07-30T18:58:27.071Z,76.554,76.566,0.0,7.4,0.0,0.0,0.0,0.0,0.0,0.0,0.0,0.0,1.0,0.0,0.0,0.0,9.0,4.0,0.0,0.0,0.0,0.0,0.0,0.0,0.0,0.0,5.0,12.0,1.0,12.17,5.01,2.5,1.49,0.0,0.0,0.0,301.0,0.0,-0.2,1.2000000000000002,1.0,98.8,0.0,0.0,261.2,0.0,21.8,35.4,35.4,37.3,300.0,300.0,30.1,35.0,35.6,35.2,37.1,4.96,1.99,4.97,0.16,0.0,0.0,1027.0,8228.0,0.0,0.0,0.0,0.0,0.0,1.0,0.0,0.0,0.0,0.0,0.0,-0.7000000000000001,0.0,-2.1,0.0,0.0,16.0,25903.0
2026-07-30T18:58:27.083Z,76.566,76.578,0.0,7.4,0.0,0.0,0.0,0.0,0.0,0.0,0.0,0.0,1.0,0.0,0.0,0.0,9.0,4.0,0.0,0.0,0.0,0.0,0.0,0.0,0.0,0.0,6.0,12.0,1.0,12.17,5.01,2.5,1.49,0.0,0.0,0.0,301.1,0.0,0.3,-0.4,-0.6000000000000001,98.8,0.0,0.0,261.2,0.0,21.8,35.4,35.4,37.3,300.0,300.0,30.1,35.0,35.6,35.2,37.1,4.96,1.98,4.96,0.16,0.0,0.0,1027.0,8228.0,0.0,0.0,0.0,0.0,0.0,1.0,0.0,0.0,0.0,0.0,0.0,0.5,0.0,1.0,0.0,0.0,16.0,25903.0
2026-07-30T18:58:27.094Z,76.577,76.59,0.0,7.4,0.0,0.0,0.0,0.0,0.0,0.0,0.0,0.0,1.0,0.0,0.0,0.0,9.0,4.0,0.0,0.0,0.0,0.0,0.0,0.0,0.0,0.0,2.0,12.0,1.0,12.17,5.01,2.5,1.49,0.0,0.0,0.0,301.1,0.0,0.3,0.6000000000000001,1.0,98.8,0.0,0.0,261.2,0.0,21.8,35.4,35.4,37.3,300.0,300.0,30.1,35.0,35.6,35.2,37.1,4.96,1.99,4.97,0.16,0.0,0.0,1027.0,8228.0,0.0,0.0,0.0,0.0,0.0,1.0,0.0,0.0,0.0,0.0,0.0,-0.8,0.0,-1.5,0.0,0.0,16.0,25903.0
2026-07-30T18:58:27.108Z,76.591,76.602,0.0,7.4,0.0,0.0,0.0,0.0,0.0,0.0,0.0,0.0,1.0,0.0,0.0,0.0,9.0,4.0,0.0,0.0,0.0,0.0,0.0,0.0,0.0,0.0,3.0,12.0,1.0,12.18,5.01,2.5,1.5,0.0,0.0,0.0,301.1,0.0,0.3,0.6000000000000001,0.5,98.8,0.0,0.0,261.2,0.0,20.9,35.5,35.4,37.3,300.0,300.0,30.1,35.0,35.5,35.2,37.1,4.95,1.99,4.97,0.16,0.0,0.0,1027.0,8228.0,0.0,0.0,0.0,0.0,0.0,1.0,0.0,0.0,0.0,0.0,0.0,-0.3,0.0,-1.1,0.0,0.0,16.0,25903.0
2026-07-30T18:58:27.118Z,76.601,76.614,0.0,7.4,0.0,0.0,0.0,0.0,0.0,0.0,0.0,0.0,1.0,0.0,0.0,0.0,9.0,4.0,0.0,0.0,0.0,0.0,0.0,0.0,0.0,0.0,4.0,12.0,1.0,12.18,5.01,2.5,1.5,0.0,0.0,0.0,301.1,0.0,-0.8,-1.0,-0.6000000000000001,98.8,0.0,0.0,261.2,0.0,20.9,35.5,35.4,37.3,300.0,300.0,30.1,35.0,35.5,35.2,37.1,4.96,1.99,4.96,0.16,0.0,0.0,1027.0,8228.0,0.0,0.0,0.0,0.0,0.0,1.0,0.0,0.0,0.0,0.0,0.0,0.3,0.0,1.6,0.0,0.0,16.0,25903.0
2026-07-30T18:58:27.130Z,76.613,76.626,0.0,7.4,0.0,0.0,0.0,0.0,0.0,0.0,0.0,0.0,1.0,0.0,0.0,0.0,9.0,4.0,0.0,0.0,0.0,0.0,0.0,0.0,0.0,0.0,5.0,12.0,1.0,12.18,5.01,2.5,1.5,0.0,0.0,0.0,301.1,0.0,0.9,1.3,0.5,98.8,0.0,0.0,261.2,0.0,20.9,35.5,35.4,37.3,300.0,300.0,30.1,35.0,35.5,35.2,37.1,4.95,2.0,4.96,0.16,0.0,0.0,1027.0,8228.0,0.0,0.0,0.0,0.0,0.0,1.0,0.0,0.0,0.0,0.0,0.0,-0.2,0.0,-1.8,0.0,0.0,16.0,25903.0
2026-07-30T18:58:27.142Z,76.625,76.638,-0.1,7.4,0.0,0.0,0.0,0.0,0.0,0.0,0.0,0.0,1.0,0.0,0.0,0.0,9.0,4.0,0.0,0.0,0.0,0.0,0.0,0.0,0.0,0.0,6.0,12.0,1.0,12.18,5.01,2.5,1.5,-0.1,0.1,0.0,301.1,0.0,0.3,0.1,0.0,98.8,0.0,0.0,261.2,0.0,20.9,35.5,35.4,37.3,300.0,300.0,30.1,35.0,35.5,35.2,37.1,4.95,1.99,4.97,0.16,0.0,0.0,1027.0,8228.0,0.0,0.0,0.0,0.0,0.0,1.0,0.0,0.0,0.0,0.0,0.0,0.1,0.0,0.0,0.0,0.0,16.0,25903.0
2026-07-30T18:58:27.154Z,76.637,76.65,-0.1,7.4,0.0,0.0,0.0,0.0,0.0,0.0,0.0,0.0,1.0,0.0,0.0,0.0,9.0,4.0,0.0,0.0,0.0,0.0,0.0,0.0,0.0,0.0,1.0,12.0,1.0,12.18,5.01,2.5,1.5,0.0,0.1,0.0,301.0,0.0,-0.2,-0.4,-0.6000000000000001,98.8,0.0,0.0,261.2,0.0,20.9,35.5,35.4,37.3,300.0,300.0,30.1,35.0,35.5,35.2,37.1,4.95,2.0,4.97,0.16,0.0,0.0,1027.0,8228.0,0.0,0.0,0.0,0.0,0.0,1.0,0.0,0.0,0.0,0.0,0.0,0.5,0.0,0.9,0.0,0.0,16.0,25903.0
2026-07-30T18:58:27.167Z,76.65,76.662,-0.1,7.4,0.0,0.0,0.0,0.0,0.0,0.0,0.0,0.0,1.0,0.0,0.0,0.0,9.0,4.0,0.0,0.0,0.0,0.0,0.0,0.0,0.0,0.0,2.0,12.0,1.0,12.18,5.01,2.5,1.5,0.0,0.0,0.0,301.0,0.0,-0.2,0.7000000000000001,0.4,98.8,0.0,0.0,261.2,0.0,20.9,35.5,35.4,37.3,300.0,300.0,30.1,35.0,35.5,35.2,37.1,4.96,2.0,4.96,0.16,0.0,0.0,1027.0,8228.0,0.0,0.0,0.0,0.0,0.0,1.0,0.0,0.0,0.0,0.0,0.0,-0.2,0.0,-1.1,0.0,0.0,16.0,25903.0
2026-07-30T18:58:27.178Z,76.661,76.674,-0.1,7.4,0.0,0.0,0.0,0.0,0.0,0.0,0.0,0.0,1.0,0.0,0.0,0.0,9.0,4.0,0.0,0.0,0.0,0.0,0.0,0.0,0.0,0.0,3.0,12.0,1.0,12.18,5.01,2.5,1.5,0.0,0.0,0.0,301.1,0.0,-0.2,0.1,-0.1,98.8,0.0,0.0,261.2,0.0,20.9,35.5,35.4,37.3,300.0,300.0,30.1,35.0,35.5,35.2,37.1,4.95,1.99,4.97,0.16,0.0,0.0,1027.0,8228.0,0.0,0.0,0.0,0.0,0.0,1.0,0.0,0.0,0.0,0.0,0.0,0.0,0.0,0.6000000000000001,0.0,0.0,16.0,25903.0
2026-07-30T18:58:27.190Z,76.673,76.686,-0.1,7.4,0.0,0.0,0.0,0.0,0.0,0.0,0.0,0.0,1.0,0.0,0.0,0.0,9.0,4.0,0.0,0.0,0.0,0.0,0.0,0.0,0.0,0.0,4.0,12.0,1.0,12.18,5.01,2.5,1.5,0.0,0.0,0.0,301.1,0.0,0.3,0.0,-0.7000000000000001,98.8,0.0,0.0,261.2,0.0,20.9,35.5,35.4,37.3,300.0,300.0,30.1,35.0,35.5,35.2,37.1,4.95,1.99,4.96,0.16,0.0,0.0,1027.0,8228.0,0.0,0.0,0.0,0.0,0.0,1.0,0.0,0.0,0.0,0.0,0.0,0.6000000000000001,0.0,0.4,0.0,0.0,16.0,25903.0
2026-07-30T18:58:27.202Z,76.685,76.69800000000001,-0.1,7.4,0.0,0.0,0.0,0.0,0.0,0.0,0.0,0.0,1.0,0.0,0.0,0.0,9.0,4.0,0.0,0.0,0.0,0.0,0.0,0.0,0.0,0.0,5.0,12.0,1.0,12.18,5.01,2.5,1.5,0.0,0.0,0.0,301.1,0.0,0.3,0.0,-0.1,98.8,0.0,0.0,261.2,0.0,20.9,35.5,35.4,37.3,300.0,300.0,30.1,35.0,35.5,35.2,37.1,4.96,1.99,4.96,0.16,0.0,0.0,1027.0,8228.0,0.0,0.0,0.0,0.0,0.0,1.0,0.0,0.0,0.0,0.0,0.0,0.1,0.0,0.0,0.0,0.0,16.0,25903.0
2026-07-30T18:58:27.215Z,76.698,76.71000000000001,0.0,7.4,0.0,0.0,0.0,0.0,0.0,0.0,0.0,0.0,1.0,0.0,0.0,0.0,9.0,4.0,0.0,0.0,0.0,0.0,0.0,0.0,0.0,0.0,6.0,12.0,1.0,12.17,5.0200000000000005,2.51,1.49,0.0,0.1,0.0,301.1,0.0,0.3,0.6000000000000001,-0.1,98.8,0.0,0.0,261.2,0.0,21.4,35.5,35.4,37.3,300.0,300.0,30.200000000000003,35.0,35.5,35.1,37.0,4.95,1.99,4.96,0.16,0.0,0.0,1027.0,8228.0,0.0,0.0,0.0,0.0,0.0,1.0,0.0,0.0,0.0,0.0,0.0,0.2,0.0,-0.6000000000000001,0.0,0.0,16.0,25903.0
2026-07-30T18:58:27.227Z,76.71,76.72200000000001,0.0,7.4,0.0,0.0,0.0,0.0,0.0,0.0,0.0,0.0,1.0,0.0,0.0,0.0,9.0,4.0,0.0,0.0,0.0,0.0,0.0,0.0,0.0,0.0,1.0,12.0,1.0,12.17,5.0200000000000005,2.51,1.49,0.0,0.0,0.0,301.0,0.0,-0.2,-0.5,-0.1,98.8,0.0,0.0,261.2,0.0,21.4,35.5,35.4,37.3,300.0,300.0,30.200000000000003,35.0,35.5,35.1,37.0,4.96,1.99,4.96,0.16,0.0,0.0,1027.0,8228.0,0.0,0.0,0.0,0.0,0.0,1.0,0.0,0.0,0.0,0.0,0.0,0.0,0.0,1.8,0.0,0.0,16.0,25903.0
2026-07-30T18:58:27.239Z,76.722,76.734,0.0,7.4,0.0,0.0,0.0,0.0,0.0,0.0,0.0,0.0,1.0,0.0,0.0,0.0,9.0,4.0,0.0,0.0,0.0,0.0,0.0,0.0,0.0,0.0,2.0,12.0,1.0,12.17,5.0200000000000005,2.51,1.49,0.0,0.1,0.0,301.1,0.0,-0.8,0.0,1.0,98.8,0.0,0.0,261.2,0.0,21.4,35.5,35.4,37.3,300.0,300.0,30.200000000000003,35.0,35.5,35.1,37.0,4.96,1.99,4.96,0.16,0.0,0.0,1027.0,8228.0,0.0,0.0,0.0,0.0,0.0,1.0,0.0,0.0,0.0,0.0,0.0,-1.3,0.0,-1.8,0.0,0.0,16.0,25903.0
2026-07-30T18:58:27.250Z,76.733,76.746,0.0,7.4,0.0,0.0,0.0,0.0,0.0,0.0,0.0,0.0,1.0,0.0,0.0,0.0,9.0,4.0,0.0,0.0,0.0,0.0,0.0,0.0,0.0,0.0,4.0,12.0,1.0,12.17,5.0200000000000005,2.51,1.49,0.0,0.1,0.0,301.1,0.0,-0.2,0.0,-0.1,98.8,0.0,0.0,261.2,0.0,21.4,35.5,35.4,37.3,300.0,300.0,30.200000000000003,35.0,35.5,35.1,37.0,4.96,1.99,4.96,0.16,0.0,0.0,1027.0,8228.0,0.0,0.0,0.0,0.0,0.0,1.0,0.0,0.0,0.0,0.0,0.0,0.5,0.0,1.1,0.0,0.0,16.0,25903.0
2026-07-30T18:58:27.263Z,76.746,76.758,0.0,7.4,0.0,0.0,0.0,0.0,0.0,0.0,0.0,0.0,1.0,0.0,0.0,0.0,9.0,4.0,0.0,0.0,0.0,0.0,0.0,0.0,0.0,0.0,5.0,12.0,1.0,12.17,5.0200000000000005,2.51,1.49,0.0,0.0,0.0,301.1,0.0,0.3,0.5,-1.3,98.8,0.0,0.0,261.2,0.0,21.4,35.5,35.4,37.3,300.0,300.0,30.200000000000003,35.0,35.5,35.1,37.0,4.95,1.99,4.97,0.16,0.0,0.0,1027.0,8228.0,0.0,0.0,0.0,0.0,0.0,1.0,0.0,0.0,0.0,0.0,0.0,-0.2,0.0,-0.9,0.0,0.0,16.0,25903.0
2026-07-30T18:58:27.280Z,76.763,76.77,0.0,7.4,0.0,0.0,0.0,0.0,0.0,0.0,0.0,0.0,1.0,0.0,0.0,0.0,9.0,4.0,0.0,0.0,0.0,0.0,0.0,0.0,0.0,0.0,5.0,12.0,1.0,12.17,5.0200000000000005,2.51,1.49,0.0,0.0,0.0,301.1,0.0,0.2,-0.5,1.0,98.8,0.0,0.0,261.2,0.0,21.4,35.5,35.4,37.3,300.0,300.0,30.200000000000003,35.0,35.5,35.1,37.0,4.95,1.99,4.97,0.16,0.0,0.0,1027.0,8228.0,0.0,0.0,0.0,0.0,0.0,1.0,0.0,0.0,0.0,0.0,0.0,-1.0,0.0,-0.1,0.0,0.0,16.0,25903.0
2026-07-30T18:58:27.287Z,76.77,76.782,0.0,7.4,0.0,0.0,0.0,0.0,0.0,0.0,0.0,0.0,1.0,0.0,0.0,0.0,9.0,4.0,0.0,0.0,0.0,0.0,0.0,0.0,0.0,0.0,2.0,12.0,1.0,12.17,5.0200000000000005,2.51,1.49,0.0,0.0,0.0,301.0,0.0,-0.8,-0.5,-1.3,98.8,0.0,0.0,261.2,0.0,21.4,35.5,35.4,37.3,300.0,300.0,30.200000000000003,35.0,35.5,35.1,37.0,4.95,2.0,4.96,0.16,0.0,0.0,1027.0,8228.0,0.0,0.0,0.0,0.0,0.0,1.0,0.0,0.0,0.0,0.0,0.0,1.0,0.0,1.5,0.0,0.0,16.0,25903.0
2026-07-30T18:58:27.298Z,76.781,76.794,0.0,7.4,0.0,0.0,0.0,0.0,0.0,0.0,0.0,0.0,1.0,0.0,0.0,0.0,9.0,4.0,0.0,0.0,0.0,0.0,0.0,0.0,0.0,0.0,3.0,12.0,1.0,12.17,5.0200000000000005,2.51,1.49,0.0,0.0,0.0,301.1,0.0,-0.1,0.0,1.0,98.8,0.0,0.0,261.2,0.0,21.4,35.5,35.4,37.3,300.0,300.0,30.200000000000003,35.0,35.5,35.1,37.0,4.95,1.99,4.96,0.16,0.0,0.0,1027.0,8228.0,0.0,0.0,0.0,0.0,0.0,1.0,0.0,0.0,0.0,0.0,0.0,-0.9,0.0,-0.8,0.0,0.0,16.0,25903.0
2026-07-30T18:58:27.311Z,76.794,76.806,0.0,7.4,0.0,0.0,0.0,0.0,0.0,0.0,0.0,0.0,1.0,0.0,0.0,0.0,9.0,4.0,0.0,0.0,0.0,0.0,0.0,0.0,0.0,0.0,4.0,12.0,1.0,12.18,5.0200000000000005,2.51,1.49,0.0,0.0,0.0,301.1,0.0,0.3,-0.4,-0.1,98.8,0.0,0.0,261.2,0.0,21.4,35.5,35.4,37.3,300.0,300.0,30.1,35.0,35.5,35.1,37.0,4.95,1.99,4.97,0.16,0.0,0.0,1027.0,8228.0,0.0,0.0,0.0,0.0,0.0,1.0,0.0,0.0,0.0,0.0,0.0,0.0,0.0,0.6000000000000001,0.0,0.0,16.0,25903.0
2026-07-30T18:58:27.322Z,76.805,76.818,0.0,7.4,0.0,0.0,0.0,0.0,0.0,0.0,0.0,0.0,1.0,0.0,0.0,0.0,9.0,4.0,0.0,0.0,0.0,0.0,0.0,0.0,0.0,0.0,5.0,12.0,1.0,12.18,5.0200000000000005,2.51,1.49,0.0,0.0,0.0,301.1,0.0,0.9,0.0,1.0,98.8,0.0,0.0,261.2,0.0,21.4,35.5,35.4,37.3,300.0,300.0,30.1,35.0,35.5,35.1,37.0,4.96,2.0,4.96,0.16,0.0,0.0,1027.0,8228.0,0.0,0.0,0.0,0.0,0.0,1.0,0.0,0.0,0.0,0.0,0.0,-0.9,0.0,-0.8,0.0,0.0,16.0,25903.0
2026-07-30T18:58:27.334Z,76.817,76.83,0.0,7.4,0.0,0.0,0.0,0.0,0.0,0.0,0.0,0.0,1.0,0.0,0.0,0.0,9.0,4.0,0.0,0.0,0.0,0.0,0.0,0.0,0.0,0.0,6.0,12.0,1.0,12.18,5.0200000000000005,2.51,1.49,0.0,0.0,0.0,301.1,0.0,-0.2,0.6000000000000001,-1.3,98.8,0.0,0.0,261.2,0.0,21.4,35.5,35.4,37.3,300.0,300.0,30.1,35.0,35.5,35.1,37.0,4.96,1.99,4.97,0.16,0.0,0.0,1027.0,8228.0,0.0,0.0,0.0,0.0,0.0,1.0,0.0,0.0,0.0,0.0,0.0,1.3,0.0,0.2,0.0,0.0,16.0,25903.0
2026-07-30T18:58:27.347Z,76.83,76.842,0.0,7.4,0.0,0.0,0.0,0.0,0.0,0.0,0.0,0.0,1.0,0.0,0.0,0.0,9.0,4.0,0.0,0.0,0.0,0.0,0.0,0.0,0.0,0.0,6.0,12.0,1.0,12.18,5.0200000000000005,2.51,1.49,0.0,0.0,0.0,301.1,0.0,-0.2,-0.5,0.4,98.8,0.0,0.0,261.2,0.0,21.4,35.5,35.4,37.3,300.0,300.0,30.1,35.0,35.5,35.1,37.0,4.95,1.99,4.97,0.16,0.0,0.0,1027.0,8228.0,0.0,0.0,0.0,0.0,0.0,1.0,0.0,0.0,0.0,0.0,0.0,-0.4,0.0,0.3,0.0,0.0,16.0,25903.0
2026-07-30T18:58:27.359Z,76.842,76.854,0.0,7.4,0.0,0.0,0.0,0.0,0.0,0.0,0.0,0.0,1.0,0.0,0.0,0.0,9.0,4.0,0.0,0.0,0.0,0.0,0.0,0.0,0.0,0.0,2.0,12.0,1.0,12.18,5.0200000000000005,2.51,1.49,0.0,0.0,0.0,301.0,0.0,-0.2,0.6000000000000001,0.9,98.8,0.0,0.0,261.2,0.0,21.4,35.5,35.4,37.3,300.0,300.0,30.1,35.0,35.5,35.1,37.0,4.96,1.99,4.96,0.16,0.0,0.0,1027.0,8228.0,0.0,0.0,0.0,0.0,0.0,1.0,0.0,0.0,0.0,0.0,0.0,-0.7000000000000001,0.0,-1.4,0.0,0.0,16.0,25903.0
2026-07-30T18:58:27.370Z,76.853,76.866,0.0,7.4,0.0,0.0,0.0,0.0,0.0,0.0,0.0,0.0,1.0,0.0,0.0,0.0,9.0,4.0,0.0,0.0,0.0,0.0,0.0,0.0,0.0,0.0,3.0,12.0,1.0,12.18,5.0200000000000005,2.51,1.49,0.0,0.0,0.0,301.1,0.0,-0.2,-1.1,0.9,98.8,0.0,0.0,261.2,0.0,21.4,35.5,35.4,37.3,300.0,300.0,30.1,35.0,35.5,35.1,37.0,4.95,2.0,4.96,0.16,0.0,0.0,1027.0,8228.0,0.0,0.0,0.0,0.0,0.0,1.0,0.0,0.0,0.0,0.0,0.0,-1.0,0.0,0.6000000000000001,0.0,0.0,16.0,25903.0
2026-07-30T18:58:27.382Z,76.865,76.878,0.0,7.4,0.0,0.0,0.0,0.0,0.0,0.0,0.0,0.0,1.0,0.0,0.0,0.0,9.0,4.0,0.0,0.0,0.0,0.0,0.0,0.0,0.0,0.0,4.0,12.0,1.0,12.18,5.0200000000000005,2.51,1.49,0.0,0.0,0.0,301.1,0.0,0.9,0.0,2.1,98.8,0.0,0.0,261.2,0.0,21.4,35.5,35.4,37.3,300.0,300.0,30.1,35.0,35.5,35.1,37.0,4.95,1.99,4.97,0.16,0.0,0.0,1027.0,8228.0,0.0,0.0,0.0,0.0,0.0,1.0,0.0,0.0,0.0,0.0,0.0,-1.9,0.0,-1.5,0.0,0.0,16.0,25903.0
2026-07-30T18:58:27.395Z,76.878,76.89,0.0,7.4,0.0,0.0,0.0,0.0,0.0,0.0,0.0,0.0,1.0,0.0,0.0,0.0,9.0,4.0,0.0,0.0,0.0,0.0,0.0,0.0,0.0,0.0,5.0,12.0,1.0,12.18,5.0200000000000005,2.51,1.49,0.0,0.0,0.0,301.1,0.0,-0.8,0.5,-1.3,98.8,0.0,0.0,261.1,0.0,21.4,35.5,35.4,37.3,300.0,300.0,30.1,35.0,35.5,35.1,37.0,4.96,1.99,4.97,0.16,0.0,0.0,1027.0,8228.0,0.0,0.0,0.0,0.0,0.0,1.0,0.0,0.0,0.0,0.0,0.0,1.3,0.0,0.3,0.0,0.0,16.0,25903.0
2026-07-30T18:58:27.407Z,76.89,76.902,0.0,7.4,0.0,0.0,0.0,0.0,0.0,0.0,0.0,0.0,1.0,0.0,0.0,0.0,9.0,4.0,0.0,0.0,0.0,0.0,0.0,0.0,0.0,0.0,6.0,12.0,1.0,12.18,5.0200000000000005,2.51,1.49,0.0,0.0,0.0,301.1,0.0,0.9,-1.1,-0.7000000000000001,98.8,0.0,0.0,261.2,0.0,21.4,35.5,35.4,37.3,300.0,300.0,30.1,35.0,35.5,35.1,37.0,4.96,1.99,4.96,0.16,0.0,0.0,1027.0,8228.0,0.0,0.0,0.0,0.0,0.0,1.0,0.0,0.0,0.0,0.0,0.0,0.4,0.0,1.8,0.0,0.0,16.0,25903.0
2026-07-30T18:58:27.418Z,76.901,76.914,0.0,7.4,0.0,0.0,0.0,0.0,0.0,0.0,0.0,0.0,1.0,0.0,0.0,0.0,9.0,4.0,0.0,0.0,0.0,0.0,0.0,0.0,0.0,0.0,1.0,12.0,1.0,12.19,5.0200000000000005,2.5,1.49,0.0,0.0,0.0,301.1,0.0,0.3,0.0,0.4,98.8,0.0,0.0,261.2,0.0,21.8,35.5,35.4,37.3,300.0,300.0,30.200000000000003,35.0,35.4,35.1,36.9,4.95,2.0,4.97,0.16,0.0,0.0,1027.0,8228.0,0.0,0.0,0.0,0.0,0.0,1.0,0.0,0.0,0.0,0.0,0.0,-0.3,0.0,-0.3,0.0,0.0,16.0,25903.0
2026-07-30T18:58:27.430Z,76.913,76.926,0.0,7.4,0.0,0.0,0.0,0.0,0.0,0.0,0.0,0.0,1.0,0.0,0.0,0.0,9.0,4.0,0.0,0.0,0.0,0.0,0.0,0.0,0.0,0.0,2.0,12.0,1.0,12.19,5.0200000000000005,2.5,1.49,0.0,0.0,0.0,301.1,0.0,0.3,0.0,-0.1,98.8,0.0,0.0,261.2,0.0,21.8,35.5,35.4,37.3,300.0,300.0,30.200000000000003,35.0,35.4,35.1,36.9,4.95,1.99,4.96,0.16,0.0,0.0,1027.0,8228.0,0.0,0.0,0.0,0.0,0.0,1.0,0.0,0.0,0.0,0.0,0.0,0.1,0.0,0.0,0.0,0.0,16.0,25903.0
2026-07-30T18:58:27.442Z,76.925,76.938,0.0,7.4,0.0,0.0,0.0,0.0,0.0,0.0,0.0,0.0,1.0,0.0,0.0,0.0,9.0,4.0,0.0,0.0,0.0,0.0,0.0,0.0,0.0,0.0,3.0,12.0,1.0,12.19,5.0200000000000005,2.5,1.49,0.0,0.0,0.0,301.1,0.0,-0.1,0.6000000000000001,0.9,98.8,0.0,0.0,261.2,0.0,21.8,35.5,35.4,37.3,300.0,300.0,30.200000000000003,35.0,35.4,35.1,36.9,4.95,1.99,4.96,0.16,0.0,0.0,1027.0,8228.0,0.0,0.0,0.0,0.0,0.0,1.0,0.0,0.0,0.0,0.0,0.0,-0.7000000000000001,0.0,-1.3,0.0,0.0,16.0,25903.0
2026-07-30T18:58:27.454Z,76.937,76.95,0.0,7.4,0.0,0.0,0.0,0.0,0.0,0.0,0.0,0.0,1.0,0.0,0.0,0.0,9.0,4.0,0.0,0.0,0.0,0.0,0.0,0.0,0.0,0.0,4.0,12.0,1.0,12.19,5.0200000000000005,2.5,1.49,0.0,0.0,0.0,301.1,0.0,-0.1,-0.5,-0.8,98.8,0.0,0.0,261.2,0.0,21.8,35.5,35.4,37.3,300.0,300.0,30.200000000000003,35.0,35.4,35.1,36.9,4.95,1.99,4.97,0.16,0.0,0.0,1027.0,8228.0,0.0,0.0,0.0,0.0,0.0,1.0,0.0,0.0,0.0,0.0,0.0,0.6000000000000001,0.0,1.1,0.0,0.0,16.0,25903.0
2026-07-30T18:58:27.466Z,76.949,76.962,0.0,7.4,0.0,0.0,0.0,0.0,0.0,0.0,0.0,0.0,1.0,0.0,0.0,0.0,9.0,4.0,0.0,0.0,0.0,0.0,0.0,0.0,0.0,0.0,6.0,12.0,1.0,12.19,5.0200000000000005,2.5,1.49,0.0,0.0,0.0,301.1,0.0,-0.1,-1.0,-0.8,98.8,0.0,0.0,261.2,0.0,21.8,35.5,35.4,37.3,300.0,300.0,30.200000000000003,35.0,35.4,35.1,36.9,4.95,1.99,4.97,0.16,0.0,0.0,1027.0,8228.0,0.0,0.0,0.0,0.0,0.0,1.0,0.0,0.0,0.0,0.0,0.0,0.5,0.0,1.8,0.0,0.0,16.0,25903.0
2026-07-30T18:58:27.478Z,76.961,76.974,0.0,7.4,0.0,0.0,0.0,0.0,0.0,0.0,0.0,0.0,1.0,0.0,0.0,0.0,9.0,4.0,0.0,0.0,0.0,0.0,0.0,0.0,0.0,0.0,1.0,12.0,1.0,12.19,5.0200000000000005,2.5,1.49,0.0,0.0,0.0,301.1,0.0,-0.2,0.1,0.9,98.8,0.0,0.0,261.2,0.0,21.8,35.5,35.4,37.3,300.0,300.0,30.200000000000003,35.0,35.4,35.1,36.9,4.95,2.0,4.96,0.16,0.0,0.0,1027.0,8228.0,0.0,0.0,0.0,0.0,0.0,1.0,0.0,0.0,0.0,0.0,0.0,-0.8,0.0,-0.7000000000000001,0.0,0.0,16.0,25903.0
2026-07-30T18:58:27.490Z,76.973,76.986,0.0,7.4,0.0,0.0,0.0,0.0,0.0,0.0,0.0,0.0,1.0,0.0,0.0,0.0,9.0,4.0,0.0,0.0,0.0,0.0,0.0,0.0,0.0,0.0,2.0,12.0,1.0,12.19,5.0200000000000005,2.5,1.49,0.0,0.0,0.0,301.1,0.0,0.3,1.2000000000000002,0.3,98.8,0.0,0.0,261.2,0.0,21.8,35.5,35.4,37.3,300.0,300.0,30.200000000000003,35.0,35.4,35.1,36.9,4.95,1.99,4.96,0.16,0.0,0.0,1027.0,8228.0,0.0,0.0,0.0,0.0,0.0,1.0,0.0,0.0,0.0,0.0,0.0,-0.1,0.0,-1.7000000000000002,0.0,0.0,16.0,25903.0
2026-07-30T18:58:27.503Z,76.986,76.998,0.0,7.4,0.0,0.0,0.0,0.0,0.0,0.0,0.0,0.0,1.0,0.0,0.0,0.0,9.0,4.0,0.0,0.0,0.0,0.0,0.0,0.0,0.0,0.0,3.0,12.0,1.0,12.19,5.0200000000000005,2.5,1.49,0.0,0.0,0.0,301.0,0.0,-0.1,0.1,-0.2,98.8,0.0,0.0,261.2,0.0,21.8,35.5,35.4,37.3,300.0,300.0,30.200000000000003,35.0,35.4,35.1,36.9,4.96,1.99,4.97,0.16,0.0,0.0,1027.0,8228.0,0.0,0.0,0.0,0.0,0.0,1.0,0.0,0.0,0.0,0.0,0.0,0.2,0.0,0.0,0.0,0.0,16.0,25903.0
2026-07-30T18:58:27.515Z,76.998,77.01,0.0,7.4,0.0,0.0,0.0,0.0,0.0,0.0,0.0,0.0,1.0,0.0,0.0,0.0,9.0,4.0,0.0,0.0,0.0,0.0,0.0,0.0,0.0,0.0,5.0,12.0,1.0,12.2,5.01,2.5,1.49,0.0,0.0,0.0,301.1,0.0,0.4,-0.4,-0.7000000000000001,98.8,0.0,0.0,261.2,0.0,21.4,35.5,35.4,37.3,300.0,300.0,30.1,34.9,35.4,35.1,36.9,4.95,1.99,4.96,0.16,0.0,0.0,1027.0,8228.0,0.0,0.0,0.0,0.0,0.0,1.0,0.0,0.0,0.0,0.0,0.0,0.6000000000000001,0.0,1.0,0.0,0.0,16.0,25903.0
2026-07-30T18:58:27.526Z,77.009,77.022,0.0,7.4,0.0,0.0,0.0,0.0,0.0,0.0,0.0,0.0,1.0,0.0,0.0,0.0,9.0,4.0,0.0,0.0,0.0,0.0,0.0,0.0,0.0,0.0,6.0,12.0,1.0,12.2,5.01,2.5,1.49,0.0,0.0,0.0,301.1,0.0,0.4,0.7000000000000001,1.0,98.8,0.0,0.0,261.2,0.0,21.4,35.5,35.4,37.3,300.0,300.0,30.1,34.9,35.4,35.1,36.9,4.95,2.0,4.96,0.17,0.0,0.0,1027.0,8228.0,0.0,0.0,0.0,0.0,0.0,1.0,0.0,0.0,0.0,0.0,0.0,-0.7000000000000001,0.0,-1.5,0.0,0.0,16.0,25903.0
2026-07-30T18:58:27.538Z,77.021,77.034,0.0,7.4,0.0,0.0,0.0,0.0,0.0,0.0,0.0,0.0,1.0,0.0,0.0,0.0,9.0,4.0,0.0,0.0,0.0,0.0,0.0,0.0,0.0,0.0,1.0,12.0,1.0,12.2,5.01,2.5,1.49,0.0,0.0,0.0,301.1,0.0,0.4,0.1,1.6,98.8,0.0,0.0,261.2,0.0,21.4,35.5,35.4,37.3,300.0,300.0,30.1,34.9,35.4,35.1,36.9,4.95,1.99,4.96,0.16,0.0,0.0,1027.0,8228.0,0.0,0.0,0.0,0.0,0.0,1.0,0.0,0.0,0.0,0.0,0.0,-1.4,0.0,-1.3,0.0,0.0,16.0,25903.0
2026-07-30T18:58:27.551Z,77.034,77.046,0.0,7.4,0.0,0.0,0.0,0.0,0.0,0.0,0.0,0.0,1.0,0.0,0.0,0.0,9.0,4.0,0.0,0.0,0.0,0.0,0.0,0.0,0.0,0.0,2.0,12.0,1.0,12.2,5.01,2.5,1.49,0.0,0.0,0.0,301.0,0.0,-0.7000000000000001,-0.4,-0.6000000000000001,98.8,0.0,0.0,261.2,0.0,21.4,35.5,35.4,37.3,300.0,300.0,30.1,34.9,35.4,35.1,36.9,4.95,1.99,4.97,0.16,0.0,0.0,1027.0,8228.0,0.0,0.0,0.0,0.0,0.0,1.0,0.0,0.0,0.0,0.0,0.0,0.5,0.0,0.9,0.0,0.0,16.0,25903.0
2026-07-30T18:58:27.563Z,77.046,77.058,0.0,7.4,0.0,0.0,0.0,0.0,0.0,0.0,0.0,0.0,1.0,0.0,0.0,0.0,9.0,4.0,0.0,0.0,0.0,0.0,0.0,0.0,0.0,0.0,4.0,12.0,1.0,12.2,5.01,2.5,1.49,0.0,0.0,0.0,301.1,0.0,-0.1,0.1,1.0,98.8,0.0,0.0,261.2,0.0,21.4,35.5,35.4,37.3,300.0,300.0,30.1,34.9,35.4,35.1,36.9,4.96,1.99,4.96,0.16,0.0,0.0,1027.0,8228.0,0.0,0.0,0.0,0.0,0.0,1.0,0.0,0.0,0.0,0.0,0.0,-0.9,0.0,-0.9,0.0,0.0,16.0,25903.0
2026-07-30T18:58:27.575Z,77.058,77.07000000000001,0.0,7.4,0.0,0.0,0.0,0.0,0.0,0.0,0.0,0.0,1.0,0.0,0.0,0.0,9.0,4.0,0.0,0.0,0.0,0.0,0.0,0.0,0.0,0.0,5.0,12.0,1.0,12.2,5.01,2.5,1.49,0.0,0.0,0.0,301.1,0.0,-0.1,-0.4,0.0,98.8,0.0,0.0,261.2,0.0,21.4,35.5,35.4,37.3,300.0,300.0,30.1,34.9,35.4,35.1,36.9,4.96,1.99,4.97,0.16,0.0,0.0,1027.0,8228.0,0.0,0.0,0.0,0.0,0.0,1.0,0.0,0.0,0.0,0.0,0.0,0.0,0.0,0.5,0.0,0.0,16.0,25903.0
2026-07-30T18:58:27.589Z,77.072,77.08200000000001,0.0,7.4,0.0,0.0,0.0,0.0,0.0,0.0,0.0,0.0,1.0,0.0,0.0,0.0,9.0,4.0,0.0,0.0,0.0,0.0,0.0,0.0,0.0,0.0,6.0,12.0,1.0,12.2,5.01,2.5,1.49,0.0,0.0,0.0,301.1,0.0,-0.7000000000000001,-0.9,-0.7000000000000001,98.8,0.0,0.0,261.2,0.0,21.4,35.5,35.4,37.3,300.0,300.0,30.1,34.9,35.4,35.1,36.9,4.95,1.99,4.97,0.16,0.0,0.0,1027.0,8228.0,0.0,0.0,0.0,0.0,0.0,1.0,0.0,0.0,0.0,0.0,0.0,0.4,0.0,1.6,0.0,0.0,16.0,25903.0
2026-07-30T18:58:27.598Z,77.081,77.09400000000001,0.0,7.4,0.0,0.0,0.0,0.0,0.0,0.0,0.0,0.0,1.0,0.0,0.0,0.0,9.0,4.0,0.0,0.0,0.0,0.0,0.0,0.0,0.0,0.0,4.0,12.0,1.0,12.2,5.01,2.5,1.49,0.0,0.0,0.0,301.1,0.0,0.4,0.7000000000000001,-0.1,98.8,0.0,0.0,261.2,0.0,21.4,35.5,35.4,37.3,300.0,300.0,30.1,34.9,35.4,35.1,36.9,4.96,1.99,4.96,0.16,0.0,0.0,1027.0,8228.0,0.0,0.0,0.0,0.0,0.0,1.0,0.0,0.0,0.0,0.0,0.0,0.2,0.0,-0.8,0.0,0.0,16.0,25903.0
2026-07-30T18:58:27.610Z,77.093,77.106,0.0,7.4,0.0,0.0,0.0,0.0,0.0,0.0,0.0,0.0,1.0,0.0,0.0,0.0,9.0,4.0,0.0,0.0,0.0,0.0,0.0,0.0,0.0,0.0,5.0,12.0,1.0,12.2,5.01,2.5,1.49,0.0,0.0,0.0,301.1,0.0,0.4,-1.0,1.0,98.8,0.0,0.0,261.2,0.0,21.4,35.5,35.4,37.3,300.0,300.0,30.1,34.9,35.4,35.1,36.9,4.95,2.0,4.96,0.16,0.0,0.0,1027.0,8228.0,0.0,0.0,0.0,0.0,0.0,1.0,0.0,0.0,0.0,0.0,0.0,-1.1,0.0,0.3,0.0,0.0,16.0,25903.0
2026-07-30T18:58:27.622Z,77.105,77.118,0.0,7.4,0.0,0.0,0.0,0.0,0.0,0.0,0.0,0.0,1.0,0.0,0.0,0.0,9.0,4.0,0.0,0.0,0.0,0.0,0.0,0.0,0.0,0.0,6.0,12.0,1.0,12.17,5.01,2.5,1.49,0.0,0.0,0.0,301.1,0.0,-0.7000000000000001,1.3,0.5,98.8,0.0,0.0,261.2,0.0,21.3,35.5,35.5,37.3,300.0,300.0,30.1,34.9,35.4,35.0,36.8,4.95,1.99,4.97,0.16,0.0,0.0,1027.0,8228.0,0.0,0.0,0.0,0.0,0.0,1.0,0.0,0.0,0.0,0.0,0.0,-0.2,0.0,-1.8,0.0,0.0,16.0,25903.0
2026-07-30T18:58:27.634Z,77.117,77.13,0.0,7.4,0.0,0.0,0.0,0.0,0.0,0.0,0.0,0.0,1.0,0.0,0.0,0.0,9.0,4.0,0.0,0.0,0.0,0.0,0.0,0.0,0.0,0.0,1.0,12.0,1.0,12.17,5.01,2.5,1.49,0.0,0.0,0.0,301.1,0.0,1.0,0.1,-0.6000000000000001,98.8,0.0,0.0,261.2,0.0,21.3,35.5,35.5,37.3,300.0,300.0,30.1,34.9,35.4,35.0,36.8,4.95,1.99,4.97,0.16,0.0,0.0,1027.0,8228.0,0.0,0.0,0.0,0.0,0.0,1.0,0.0,0.0,0.0,0.0,0.0,0.5,0.0,0.2,0.0,0.0,16.0,25903.0
2026-07-30T18:58:27.646Z,77.129,77.142,0.0,7.4,0.0,0.0,0.0,0.0,0.0,0.0,0.0,0.0,1.0,0.0,0.0,0.0,9.0,4.0,0.0,0.0,0.0,0.0,0.0,0.0,0.0,0.0,2.0,12.0,1.0,12.17,5.01,2.5,1.49,0.0,0.1,0.0,301.1,0.0,-0.1,-0.4,0.5,98.8,0.0,0.0,261.2,0.0,21.3,35.5,35.5,37.3,300.0,300.0,30.1,34.9,35.4,35.0,36.8,4.96,1.99,4.96,0.16,0.0,0.0,1027.0,8228.0,0.0,0.0,0.0,0.0,0.0,1.0,0.0,0.0,0.0,0.0,0.0,-0.5,0.0,0.0,0.0,0.0,16.0,25903.0
2026-07-30T18:58:27.658Z,77.141,77.154,-0.1,7.4,0.0,0.0,0.0,0.0,0.0,0.0,0.0,0.0,1.0,0.0,0.0,0.0,9.0,4.0,0.0,0.0,0.0,0.0,0.0,0.0,0.0,0.0,3.0,12.0,1.0,12.17,5.01,2.5,1.49,0.0,0.0,0.0,301.1,0.0,-0.2,-0.4,0.0,98.8,0.0,0.0,261.2,0.0,21.3,35.5,35.5,37.3,300.0,300.0,30.1,34.9,35.4,35.0,36.8,4.95,1.99,4.97,0.16,0.0,0.0,1027.0,8228.0,0.0,0.0,0.0,0.0,0.0,1.0,0.0,0.0,0.0,0.0,0.0,0.0,0.0,0.5,0.0,0.0,16.0,25903.0
2026-07-30T18:58:27.671Z,77.154,77.166,-0.1,7.4,0.0,0.0,0.0,0.0,0.0,0.0,0.0,0.0,1.0,0.0,0.0,0.0,9.0,4.0,0.0,0.0,0.0,0.0,0.0,0.0,0.0,0.0,4.0,12.0,1.0,12.17,5.01,2.5,1.49,-0.1,0.0,0.0,301.1,0.0,0.3,0.6000000000000001,-0.6000000000000001,98.8,0.0,0.0,261.2,0.0,21.3,35.5,35.5,37.3,300.0,300.0,30.1,34.9,35.4,35.0,36.8,4.95,1.99,4.97,0.16,0.0,0.0,1027.0,8228.0,0.0,0.0,0.0,0.0,0.0,1.0,0.0,0.0,0.0,0.0,0.0,0.6000000000000001,0.0,-0.3,0.0,0.0,16.0,25903.0
2026-07-30T18:58:27.682Z,77.165,77.178,0.0,7.4,0.0,0.0,0.0,0.0,0.0,0.0,0.0,0.0,1.0,0.0,0.0,0.0,9.0,4.0,0.0,0.0,0.0,0.0,0.0,0.0,0.0,0.0,6.0,12.0,1.0,12.17,5.01,2.5,1.49,0.0,0.0,0.0,301.1,0.0,-0.7000000000000001,0.1,1.1,98.8,0.0,0.0,261.2,0.0,21.3,35.5,35.5,37.3,300.0,300.0,30.1,34.9,35.4,35.0,36.8,4.96,1.99,4.97,0.16,0.0,0.0,1027.0,8228.0,0.0,0.0,0.0,0.0,0.0,1.0,0.0,0.0,0.0,0.0,0.0,-1.0,0.0,-0.9,0.0,0.0,16.0,25903.0
2026-07-30T18:58:27.695Z,77.178,77.19,0.0,7.4,0.0,0.0,0.0,0.0,0.0,0.0,0.0,0.0,1.0,0.0,0.0,0.0,9.0,4.0,0.0,0.0,0.0,0.0,0.0,0.0,0.0,0.0,1.0,12.0,1.0,12.17,5.01,2.5,1.49,0.0,0.0,0.0,301.0,0.0,-0.2,-1.0,0.0,98.8,0.0,0.0,261.2,0.0,21.3,35.5,35.5,37.3,300.0,300.0,30.1,34.9,35.4,35.0,36.8,4.95,1.99,4.97,0.16,0.0,0.0,1027.0,8228.0,0.0,0.0,0.0,0.0,0.0,1.0,0.0,0.0,0.0,0.0,0.0,-0.1,0.0,1.2000000000000002,0.0,0.0,16.0,25903.0
2026-07-30T18:58:27.707Z,77.19,77.202,0.0,7.4,0.0,0.0,0.0,0.0,0.0,0.0,0.0,0.0,1.0,0.0,0.0,0.0,9.0,4.0,0.0,0.0,0.0,0.0,0.0,0.0,0.0,0.0,3.0,12.0,1.0,12.17,5.01,2.5,1.49,0.0,0.0,0.0,301.1,0.0,0.3,-1.1,1.0,98.8,0.0,0.0,261.2,0.0,21.3,35.5,35.5,37.3,300.0,300.0,30.1,34.9,35.4,35.0,36.8,4.95,2.0,4.97,0.16,0.0,0.0,1027.0,8228.0,0.0,0.0,0.0,0.0,0.0,1.0,0.0,0.0,0.0,0.0,0.0,-1.1,0.0,0.5,0.0,0.0,16.0,25903.0
2026-07-30T18:58:27.720Z,77.203,77.214,0.0,7.4,0.0,0.0,0.0,0.0,0.0,0.0,0.0,0.0,1.0,0.0,0.0,0.0,9.0,4.0,0.0,0.0,0.0,0.0,0.0,0.0,0.0,0.0,4.0,12.0,1.0,12.17,5.01,2.51,1.49,0.0,0.0,0.0,301.1,0.0,0.3,0.0,-0.1,98.8,0.0,0.0,261.2,0.0,21.8,35.5,35.5,37.3,300.0,300.0,30.200000000000003,34.800000000000004,35.4,35.0,36.8,4.95,2.0,4.96,0.16,0.0,0.0,1027.0,8228.0,0.0,0.0,0.0,0.0,0.0,1.0,0.0,0.0,0.0,0.0,0.0,0.1,0.0,0.0,0.0,-0.0001,16.0,25903.0
2026-07-30T18:58:27.730Z,77.213,77.226,0.0,7.4,0.0,0.0,0.0,0.0,0.0,0.0,0.0,0.0,1.0,0.0,0.0,0.0,9.0,4.0,0.0,0.0,0.0,0.0,0.0,0.0,0.0,0.0,5.0,12.0,1.0,12.17,5.01,2.51,1.49,0.0,0.0,0.0,301.1,0.0,0.9,0.6000000000000001,-0.6000000000000001,98.8,0.0,0.0,261.2,0.0,21.8,35.5,35.5,37.3,300.0,300.0,30.200000000000003,34.800000000000004,35.4,35.0,36.8,4.95,1.99,4.96,0.16,0.0,0.0,1027.0,8228.0,0.0,0.0,0.0,0.0,0.0,1.0,0.0,0.0,0.0,0.0,0.0,0.7000000000000001,0.0,-0.2,0.0,-0.0001,16.0,25903.0
2026-07-30T18:58:27.742Z,77.225,77.238,0.0,7.4,0.0,0.0,0.0,0.0,0.0,0.0,0.0,0.0,1.0,0.0,0.0,0.0,9.0,4.0,0.0,0.0,0.0,0.0,0.0,0.0,0.0,0.0,6.0,12.0,1.0,12.17,5.01,2.51,1.49,0.0,0.0,0.0,301.1,0.0,-0.2,0.0,0.4,98.8,0.0,0.0,261.2,0.0,21.8,35.5,35.5,37.3,300.0,300.0,30.200000000000003,34.800000000000004,35.4,35.0,36.8,4.95,1.99,4.97,0.16,0.0,0.0,1027.0,8228.0,0.0,0.0,0.0,0.0,0.0,1.0,0.0,0.0,0.0,0.0,0.0,-0.3,0.0,-0.3,0.0,-0.0001,16.0,25903.0
2026-07-30T18:58:27.754Z,77.237,77.25,0.0,7.4,0.0,0.0,0.0,0.0,0.0,0.0,0.0,0.0,1.0,0.0,0.0,0.0,9.0,4.0,0.0,0.0,0.0,0.0,0.0,0.0,0.0,0.0,1.0,12.0,1.0,12.17,5.01,2.51,1.49,0.0,0.1,0.0,301.1,0.0,-0.2,-0.5,-0.1,98.8,0.0,0.0,261.2,0.0,21.8,35.5,35.5,37.3,300.0,300.0,30.200000000000003,34.800000000000004,35.4,35.0,36.8,4.96,1.99,4.96,0.16,0.0,0.0,1027.0,8228.0,0.0,0.0,0.0,0.0,0.0,1.0,0.0,0.0,0.0,0.0,0.0,-0.4,0.0,0.3,0.0,-0.0001,16.0,25903.0
2026-07-30T18:58:27.766Z,77.249,77.262,0.0,7.4,0.0,0.0,0.0,0.0,0.0,0.0,0.0,0.0,1.0,0.0,0.0,0.0,9.0,4.0,0.0,0.0,0.0,0.0,0.0,0.0,0.0,0.0,2.0,12.0,1.0,12.17,5.01,2.51,1.49,0.0,0.0,0.0,301.1,0.0,-0.2,0.0,-0.1,98.8,0.0,0.0,261.2,0.0,21.8,35.5,35.5,37.3,300.0,300.0,30.200000000000003,34.800000000000004,35.4,35.0,36.8,4.96,1.99,4.96,0.16,0.0,0.0,1027.0,8228.0,0.0,0.0,0.0,0.0,0.0,1.0,0.0,0.0,0.0,0.0,0.0,0.2,0.0,-0.5,0.0,-0.0001,16.0,25903.0
2026-07-30T18:58:27.779Z,77.262,77.274,0.0,7.4,0.0,0.0,0.0,0.0,0.0,0.0,0.0,0.0,1.0,0.0,0.0,0.0,9.0,4.0,0.0,0.0,0.0,0.0,0.0,0.0,0.0,0.0,3.0,12.0,1.0,12.17,5.01,2.51,1.49,0.0,0.0,0.0,301.0,0.0,1.4,0.6000000000000001,0.9,98.8,0.0,0.0,261.2,0.0,21.8,35.5,35.5,37.3,300.0,300.0,30.200000000000003,34.800000000000004,35.4,35.0,36.8,4.95,1.99,4.96,0.16,0.0,0.0,1027.0,8228.0,0.0,0.0,0.0,0.0,0.0,1.0,0.0,0.0,0.0,0.0,0.0,0.5,0.0,1.1,0.0,-0.0001,16.0,25903.0
2026-07-30T18:58:27.790Z,77.273,77.286,0.0,7.4,0.0,0.0,0.0,0.0,0.0,0.0,0.0,0.0,1.0,0.0,0.0,0.0,9.0,4.0,0.0,0.0,0.0,0.0,0.0,0.0,0.0,0.0,4.0,12.0,1.0,12.17,5.01,2.51,1.49,0.0,0.0,0.0,301.1,0.0,-0.2,-0.4,-0.1,98.8,0.0,0.0,261.2,0.0,21.8,35.5,35.5,37.3,300.0,300.0,30.200000000000003,34.800000000000004,35.4,35.0,36.8,4.95,1.99,4.97,0.17,0.0,0.0,1027.0,8228.0,0.0,0.0,0.0,0.0,0.0,1.0,0.0,0.0,0.0,0.0,0.0,0.0,0.0,0.6000000000000001,0.0,-0.0001,16.0,25903.0
2026-07-30T18:58:27.803Z,77.286,77.298,0.0,7.4,0.0,0.0,0.0,0.0,0.0,0.0,0.0,0.0,1.0,0.0,0.0,0.0,9.0,4.0,0.0,0.0,0.0,0.0,0.0,0.0,0.0,0.0,5.0,12.0,1.0,12.17,5.01,2.51,1.49,0.0,0.0,0.0,301.1,0.0,0.3,-0.5,0.0,98.8,0.0,0.0,261.2,0.0,21.8,35.5,35.5,37.3,300.0,300.0,30.200000000000003,34.800000000000004,35.4,35.0,36.8,4.96,1.99,4.96,0.17,0.0,0.0,1027.0,8228.0,0.0,0.0,0.0,0.0,0.0,1.0,0.0,0.0,0.0,0.0,0.0,0.0,0.0,0.6000000000000001,0.0,-0.0001,16.0,25903.0
2026-07-30T18:58:27.814Z,77.297,77.31,0.0,7.4,0.0,0.0,0.0,0.0,0.0,0.0,0.0,0.0,1.0,0.0,0.0,0.0,9.0,4.0,0.0,0.0,0.0,0.0,0.0,0.0,0.0,0.0,6.0,12.0,1.0,12.17,5.01,2.51,1.49,0.0,0.0,0.0,301.0,0.0,-0.8,1.2000000000000002,1.7000000000000002,98.8,0.0,0.0,261.2,0.0,21.8,35.5,35.5,37.3,300.0,300.0,30.200000000000003,34.800000000000004,35.4,35.0,36.8,4.96,1.99,4.97,0.16,0.0,0.0,1027.0,8228.0,0.0,0.0,0.0,0.0,0.0,1.0,0.0,0.0,0.0,0.0,0.0,-1.3,0.0,-2.6,0.0,-0.0001,16.0,25903.0
2026-07-30T18:58:27.826Z,77.309,77.322,0.0,7.4,0.0,0.0,0.0,0.0,0.0,0.0,0.0,0.0,1.0,0.0,0.0,0.0,9.0,4.0,0.0,0.0,0.0,0.0,0.0,0.0,0.0,0.0,1.0,12.0,1.0,12.14,5.0200000000000005,2.5,1.49,0.0,0.0,0.0,301.0,0.0,-0.2,0.1,-0.6000000000000001,98.8,0.0,0.0,261.2,0.0,21.700000000000003,35.5,35.5,37.3,300.0,300.0,30.1,34.9,35.4,34.9,36.8,4.96,1.99,4.97,0.16,0.0,0.0,1027.0,8228.0,0.0,0.0,0.0,0.0,0.0,1.0,0.0,0.0,0.0,0.0,0.0,0.6000000000000001,0.0,0.3,0.0,-0.0001,16.0,25903.0
2026-07-30T18:58:27.838Z,77.321,77.334,0.0,7.4,0.0,0.0,0.0,0.0,0.0,0.0,0.0,0.0,1.0,0.0,0.0,0.0,9.0,4.0,0.0,0.0,0.0,0.0,0.0,0.0,0.0,0.0,2.0,12.0,1.0,12.14,5.0200000000000005,2.5,1.49,0.0,0.0,0.0,301.1,0.0,0.9,-0.4,0.0,98.8,0.0,0.0,261.2,0.0,21.700000000000003,35.5,35.5,37.3,300.0,300.0,30.1,34.9,35.4,34.9,36.8,4.96,1.99,4.96,0.16,0.0,0.0,1027.0,8228.0,0.0,0.0,0.0,0.0,0.0,1.0,0.0,0.0,0.0,0.0,0.0,0.0,0.0,0.5,0.0,-0.0001,16.0,25903.0
2026-07-30T18:58:27.851Z,77.334,77.346,0.0,7.4,0.0,0.0,0.0,0.0,0.0,0.0,0.0,0.0,1.0,0.0,0.0,0.0,9.0,4.0,0.0,0.0,0.0,0.0,0.0,0.0,0.0,0.0,3.0,12.0,1.0,12.14,5.0200000000000005,2.5,1.49,0.0,0.0,0.0,301.1,0.0,-0.2,0.7000000000000001,0.0,98.8,0.0,0.0,261.2,0.0,21.700000000000003,35.5,35.5,37.3,300.0,300.0,30.1,34.9,35.4,34.9,36.8,4.95,2.0,4.97,0.16,0.0,0.0,1027.0,8228.0,0.0,0.0,0.0,0.0,0.0,1.0,0.0,0.0,0.0,0.0,0.0,0.1,0.0,-0.7000000000000001,0.0,-0.0001,16.0,25903.0
2026-07-30T18:58:27.863Z,77.346,77.358,0.0,7.4,0.0,0.0,0.0,0.0,0.0,0.0,0.0,0.0,1.0,0.0,0.0,0.0,9.0,4.0,0.0,0.0,0.0,0.0,0.0,0.0,0.0,0.0,4.0,12.0,1.0,12.14,5.0200000000000005,2.5,1.49,0.0,0.1,0.0,301.1,0.0,-0.2,1.8,0.0,98.8,0.0,0.0,261.2,0.0,21.700000000000003,35.5,35.5,37.3,300.0,300.0,30.1,34.9,35.4,34.9,36.8,4.95,1.99,4.97,0.16,0.0,0.0,1027.0,8228.0,0.0,0.0,0.0,0.0,0.0,1.0,0.0,0.0,0.0,0.0,0.0,0.3,0.0,-2.0,0.0,-0.0001,16.0,25903.0
2026-07-30T18:58:27.875Z,77.358,77.37,0.0,7.4,0.0,0.0,0.0,0.0,0.0,0.0,0.0,0.0,1.0,0.0,0.0,0.0,9.0,4.0,0.0,0.0,0.0,0.0,0.0,0.0,0.0,0.0,5.0,12.0,1.0,12.14,5.0200000000000005,2.5,1.49,0.0,0.0,0.0,301.1,0.0,0.3,0.0,-0.6000000000000001,98.8,0.0,0.0,261.2,0.0,21.700000000000003,35.5,35.5,37.3,300.0,300.0,30.1,34.9,35.4,34.9,36.8,4.95,1.99,4.97,0.16,0.0,0.0,1027.0,8228.0,0.0,0.0,0.0,0.0,0.0,1.0,0.0,0.0,0.0,0.0,0.0,0.6000000000000001,0.0,0.3,0.0,-0.0001,16.0,25903.0
2026-07-30T18:58:27.887Z,77.37,77.382,0.0,7.4,0.0,0.0,0.0,0.0,0.0,0.0,0.0,0.0,1.0,0.0,0.0,0.0,9.0,4.0,0.0,0.0,0.0,0.0,0.0,0.0,0.0,0.0,6.0,12.0,1.0,12.14,5.0200000000000005,2.5,1.49,0.0,0.0,0.0,301.1,0.0,-0.2,-0.4,-1.2000000000000002,98.8,0.0,0.0,261.2,0.0,21.700000000000003,35.5,35.5,37.3,300.0,300.0,30.1,34.9,35.4,34.9,36.8,4.96,1.99,4.96,0.16,0.0,0.0,1027.0,8228.0,0.0,0.0,0.0,0.0,0.0,1.0,0.0,0.0,0.0,0.0,0.0,1.0,0.0,1.4,0.0,-0.0001,16.0,25903.0
2026-07-30T18:58:27.905Z,77.388,77.394,0.0,7.4,0.0,0.0,0.0,0.0,0.0,0.0,0.0,0.0,1.0,0.0,0.0,0.0,9.0,4.0,0.0,0.0,0.0,0.0,0.0,0.0,0.0,0.0,2.0,12.0,1.0,12.14,5.0200000000000005,2.5,1.49,0.0,0.0,0.0,301.0,0.0,0.3,-1.0,0.0,98.8,0.0,0.0,261.2,0.0,21.700000000000003,35.5,35.5,37.3,300.0,300.0,30.1,34.9,35.4,34.9,36.8,4.95,1.99,4.96,0.16,0.0,0.0,1027.0,8228.0,0.0,0.0,0.0,0.0,0.0,1.0,0.0,0.0,0.0,0.0,0.0,-0.1,0.0,1.2000000000000002,0.0,-0.0001,16.0,25903.0
2026-07-30T18:58:27.912Z,77.395,77.406,0.0,7.4,0.0,0.0,0.0,0.0,0.0,0.0,0.0,0.0,1.0,0.0,0.0,0.0,9.0,4.0,0.0,0.0,0.0,0.0,0.0,0.0,0.0,0.0,1.0,12.0,1.0,12.14,5.0200000000000005,2.5,1.49,0.0,0.1,0.0,301.0,0.0,0.4,1.2000000000000002,0.0,98.8,0.0,0.0,261.2,0.0,21.700000000000003,35.5,35.5,37.3,300.0,300.0,30.1,34.9,35.4,34.9,36.8,4.95,1.99,4.97,0.16,0.0,0.0,1027.0,8228.0,0.0,0.0,0.0,0.0,0.0,1.0,0.0,0.0,0.0,0.0,0.0,0.2,0.0,-1.3,0.0,0.0,16.0,25903.0
2026-07-30T18:58:27.924Z,77.407,77.418,0.0,7.4,0.0,0.0,0.0,0.0,0.0,0.0,0.0,0.0,1.0,0.0,0.0,0.0,9.0,4.0,0.0,0.0,0.0,0.0,0.0,0.0,0.0,0.0,6.0,12.0,1.0,12.15,5.0200000000000005,2.51,1.49,0.0,0.0,0.0,301.1,0.0,0.3,0.0,-0.6000000000000001,98.8,0.0,0.0,261.2,0.0,21.700000000000003,35.5,35.5,37.3,300.0,300.0,30.1,34.9,35.300000000000004,34.9,36.8,4.95,1.99,4.97,0.16,0.0,0.0,1027.0,8228.0,0.0,0.0,0.0,0.0,0.0,1.0,0.0,0.0,0.0,0.0,0.0,0.6000000000000001,0.0,0.4,0.0,0.0,16.0,25903.0
2026-07-30T18:58:27.934Z,77.417,77.43,0.0,7.4,0.0,0.0,0.0,0.0,0.0,0.0,0.0,0.0,1.0,0.0,0.0,0.0,9.0,4.0,0.0,0.0,0.0,0.0,0.0,0.0,0.0,0.0,1.0,12.0,1.0,12.15,5.0200000000000005,2.51,1.49,0.0,0.0,0.0,301.1,0.0,0.9,0.6000000000000001,1.5,98.8,0.0,0.0,261.2,0.0,21.700000000000003,35.5,35.5,37.3,300.0,300.0,30.1,34.9,35.300000000000004,34.9,36.8,4.95,1.99,4.96,0.16,0.0,0.0,1027.0,8228.0,0.0,0.0,0.0,0.0,0.0,1.0,0.0,0.0,0.0,0.0,0.0,-1.3,0.0,-1.9,0.0,0.0,16.0,25903.0
2026-07-30T18:58:27.946Z,77.429,77.44200000000001,0.0,7.4,0.0,0.0,0.0,0.0,0.0,0.0,0.0,0.0,1.0,0.0,0.0,0.0,9.0,4.0,0.0,0.0,0.0,0.0,0.0,0.0,0.0,0.0,2.0,12.0,1.0,12.15,5.0200000000000005,2.51,1.49,0.0,0.0,0.0,301.0,0.0,0.9,0.0,-0.7000000000000001,98.8,0.0,0.0,261.2,0.0,21.700000000000003,35.5,35.5,37.3,300.0,300.0,30.1,34.9,35.300000000000004,34.9,36.8,4.96,1.99,4.96,0.16,0.0,0.0,1027.0,8228.0,0.0,0.0,0.0,0.0,0.0,1.0,0.0,0.0,0.0,0.0,0.0,0.6000000000000001,0.0,0.4,0.0,0.0,16.0,25903.0
2026-07-30T18:58:27.958Z,77.441,77.45400000000001,0.0,7.4,0.0,0.0,0.0,0.0,0.0,0.0,0.0,0.0,1.0,0.0,0.0,0.0,9.0,4.0,0.0,0.0,0.0,0.0,0.0,0.0,0.0,0.0,3.0,12.0,1.0,12.15,5.0200000000000005,2.51,1.49,0.0,0.0,0.0,301.1,0.0,0.9,0.5,-0.1,98.8,0.0,0.0,261.2,0.0,21.700000000000003,35.5,35.5,37.3,300.0,300.0,30.1,34.9,35.300000000000004,34.9,36.8,4.96,2.0,4.96,0.16,0.0,0.0,1027.0,8228.0,0.0,0.0,0.0,0.0,0.0,1.0,0.0,0.0,0.0,0.0,0.0,0.2,0.0,-0.5,0.0,0.0,16.0,25903.0
2026-07-30T18:58:27.970Z,77.453,77.46600000000001,0.0,7.4,0.0,0.0,0.0,0.0,0.0,0.0,0.0,0.0,1.0,0.0,0.0,0.0,9.0,4.0,0.0,0.0,0.0,0.0,0.0,0.0,0.0,0.0,5.0,12.0,1.0,12.15,5.0200000000000005,2.51,1.49,0.0,0.0,0.0,301.1,0.0,-0.2,0.0,-0.1,98.8,0.0,0.0,261.2,0.0,21.700000000000003,35.5,35.5,37.3,300.0,300.0,30.1,34.9,35.300000000000004,34.9,36.8,4.96,1.99,4.96,0.16,0.0,0.0,1027.0,8228.0,0.0,0.0,0.0,0.0,0.0,1.0,0.0,0.0,0.0,0.0,0.0,0.1,0.0,0.1,0.0,0.0,16.0,25903.0
2026-07-30T18:58:27.982Z,77.465,77.47800000000001,0.0,7.4,0.0,0.0,0.0,0.0,0.0,0.0,0.0,0.0,1.0,0.0,0.0,0.0,9.0,4.0,0.0,0.0,0.0,0.0,0.0,0.0,0.0,0.0,6.0,12.0,1.0,12.15,5.0200000000000005,2.51,1.49,0.0,0.0,0.0,301.0,0.0,0.9,0.0,-0.7000000000000001,98.8,0.0,0.0,261.2,0.0,21.700000000000003,35.5,35.5,37.3,300.0,300.0,30.1,34.9,35.300000000000004,34.9,36.8,4.95,1.99,4.97,0.16,0.0,0.0,1027.0,8228.0,0.0,0.0,0.0,0.0,0.0,1.0,0.0,0.0,0.0,0.0,0.0,0.7000000000000001,0.0,0.5,0.0,0.0,16.0,25903.0
2026-07-30T18:58:27.994Z,77.477,77.49,0.0,7.4,0.0,0.0,0.0,0.0,0.0,0.0,0.0,0.0,1.0,0.0,0.0,0.0,9.0,4.0,0.0,0.0,0.0,0.0,0.0,0.0,0.0,0.0,1.0,12.0,1.0,12.15,5.0200000000000005,2.51,1.49,0.0,0.0,0.0,301.1,0.0,0.9,0.0,1.5,98.8,0.0,0.0,261.2,0.0,21.700000000000003,35.5,35.5,37.3,300.0,300.0,30.1,34.9,35.300000000000004,34.9,36.8,4.96,2.0,4.96,0.16,0.0,0.0,1027.0,8228.0,0.0,0.0,0.0,0.0,0.0,1.0,0.0,0.0,0.0,0.0,0.0,-1.4,0.0,-1.1,0.0,0.0,16.0,25903.0
2026-07-30T18:58:28.006Z,77.489,77.502,0.0,7.4,0.0,0.0,0.0,0.0,0.0,0.0,0.0,0.0,1.0,0.0,0.0,0.0,9.0,4.0,0.0,0.0,0.0,0.0,0.0,0.0,0.0,0.0,2.0,12.0,1.0,12.15,5.0200000000000005,2.51,1.49,0.0,0.0,0.0,301.1,0.0,-0.2,0.0,-0.1,98.8,0.0,0.0,261.2,0.0,21.700000000000003,35.5,35.5,37.3,300.0,300.0,30.1,34.9,35.300000000000004,34.9,36.8,4.96,2.0,4.96,0.16,0.0,0.0,1027.0,8228.0,0.0,0.0,0.0,0.0,0.0,1.0,0.0,0.0,0.0,0.0,0.0,0.1,0.0,0.1,0.0,0.0,16.0,25903.0
2026-07-30T18:58:28.018Z,77.501,77.514,0.0,7.4,0.0,0.0,0.0,0.0,0.0,0.0,0.0,0.0,1.0,0.0,0.0,0.0,9.0,4.0,0.0,0.0,0.0,0.0,0.0,0.0,0.0,0.0,3.0,12.0,1.0,12.15,5.0200000000000005,2.51,1.49,0.0,0.0,0.0,301.1,0.0,0.3,0.0,0.0,98.8,0.0,0.0,261.2,0.0,21.700000000000003,35.5,35.5,37.3,300.0,300.0,30.1,34.9,35.300000000000004,34.9,36.8,4.95,1.99,4.96,0.16,0.0,0.0,1027.0,8228.0,0.0,0.0,0.0,0.0,0.0,1.0,0.0,0.0,0.0,0.0,0.0,0.0,0.0,0.0,0.0,0.0,16.0,25903.0
2026-07-30T18:58:28.030Z,77.513,77.526,0.0,7.4,0.0,0.0,0.0,0.0,0.0,0.0,0.0,0.0,1.0,0.0,0.0,0.0,9.0,4.0,0.0,0.0,0.0,0.0,0.0,0.0,0.0,0.0,4.0,12.0,1.0,12.14,5.0200000000000005,2.51,1.49,0.0,0.0,0.0,301.1,0.0,-0.2,1.2000000000000002,-0.1,98.8,0.0,0.0,261.2,0.0,21.3,35.5,35.5,37.3,300.0,300.0,30.1,34.9,35.300000000000004,34.9,36.7,4.95,1.99,4.97,0.16,0.0,0.0,1027.0,8228.0,0.0,0.0,0.0,0.0,0.0,1.0,0.0,0.0,0.0,0.0,0.0,0.3,0.0,-1.3,0.0,0.0,16.0,25903.0
2026-07-30T18:58:28.042Z,77.525,77.538,0.0,7.4,0.0,0.0,0.0,0.0,0.0,0.0,0.0,0.0,1.0,0.0,0.0,0.0,9.0,4.0,0.0,0.0,0.0,0.0,0.0,0.0,0.0,0.0,5.0,12.0,1.0,12.14,5.0200000000000005,2.51,1.49,0.0,0.0,0.0,301.1,0.0,-0.7000000000000001,0.0,0.9,98.8,0.0,0.0,261.2,0.0,21.3,35.5,35.5,37.3,300.0,300.0,30.1,34.9,35.300000000000004,34.9,36.7,4.95,2.0,4.96,0.16,0.0,0.0,1027.0,8228.0,0.0,0.0,0.0,0.0,0.0,1.0,0.0,0.0,0.0,0.0,0.0,-0.8,0.0,-0.8,0.0,0.0,16.0,25903.0
2026-07-30T18:58:28.054Z,77.537,77.55,0.0,7.4,0.0,0.0,0.0,0.0,0.0,0.0,0.0,0.0,1.0,0.0,0.0,0.0,9.0,4.0,0.0,0.0,0.0,0.0,0.0,0.0,0.0,0.0,6.0,12.0,1.0,12.14,5.0200000000000005,2.51,1.49,0.0,0.0,0.0,301.1,0.0,0.4,0.1,0.4,98.8,0.0,0.0,261.2,0.0,21.3,35.5,35.5,37.3,300.0,300.0,30.1,34.9,35.300000000000004,34.9,36.7,4.95,1.99,4.97,0.16,0.0,0.0,1027.0,8228.0,0.0,0.0,0.0,0.0,0.0,1.0,0.0,0.0,0.0,0.0,0.0,-0.3,0.0,-0.4,0.0,0.0,16.0,25903.0
2026-07-30T18:58:28.067Z,77.55,77.562,0.0,7.4,0.0,0.0,0.0,0.0,0.0,0.0,0.0,0.0,1.0,0.0,0.0,0.0,9.0,4.0,0.0,0.0,0.0,0.0,0.0,0.0,0.0,0.0,1.0,12.0,1.0,12.14,5.0200000000000005,2.51,1.49,0.0,0.0,0.0,301.0,0.0,-0.1,0.7000000000000001,-0.7000000000000001,98.8,0.0,0.0,261.2,0.0,21.3,35.5,35.5,37.3,300.0,300.0,30.1,34.9,35.300000000000004,34.9,36.7,4.95,1.98,4.97,0.16,0.0,0.0,1027.0,8228.0,0.0,0.0,0.0,0.0,0.0,1.0,0.0,0.0,0.0,0.0,0.0,0.7000000000000001,0.0,-0.2,0.0,0.0,16.0,25903.0
2026-07-30T18:58:28.078Z,77.561,77.574,0.0,7.4,0.0,0.0,0.0,0.0,0.0,0.0,0.0,0.0,1.0,0.0,0.0,0.0,9.0,4.0,0.0,0.0,0.0,0.0,0.0,0.0,0.0,0.0,2.0,12.0,1.0,12.14,5.0200000000000005,2.51,1.49,0.0,0.0,0.0,301.0,0.0,0.9,0.7000000000000001,0.4,98.8,0.0,0.0,261.2,0.0,21.3,35.5,35.5,37.3,300.0,300.0,30.1,34.9,35.300000000000004,34.9,36.7,4.95,1.98,4.96,0.16,0.0,0.0,1027.0,8228.0,0.0,0.0,0.0,0.0,0.0,1.0,0.0,0.0,0.0,0.0,0.0,-0.3,0.0,-1.2000000000000002,0.0,0.0,16.0,25903.0
2026-07-30T18:58:28.090Z,77.573,77.586,0.0,7.4,0.0,0.0,0.0,0.0,0.0,0.0,0.0,0.0,1.0,0.0,0.0,0.0,9.0,4.0,0.0,0.0,0.0,0.0,0.0,0.0,0.0,0.0,3.0,12.0,1.0,12.14,5.0200000000000005,2.51,1.49,0.0,0.0,0.0,301.1,0.0,0.3,0.1,1.6,98.8,0.0,0.0,261.2,0.0,21.3,35.5,35.5,37.3,300.0,300.0,30.1,34.9,35.300000000000004,34.9,36.7,4.96,1.99,4.96,0.16,0.0,0.0,1027.0,8228.0,0.0,0.0,0.0,0.0,0.0,1.0,0.0,0.0,0.0,0.0,0.0,-1.4,0.0,-1.3,0.0,0.0,16.0,25903.0
2026-07-30T18:58:28.102Z,77.585,77.598,0.0,7.4,0.0,0.0,0.0,0.0,0.0,0.0,0.0,0.0,1.0,0.0,0.0,0.0,9.0,4.0,0.0,0.0,0.0,0.0,0.0,0.0,0.0,0.0,4.0,12.0,1.0,12.14,5.0200000000000005,2.51,1.49,0.0,0.1,0.0,301.1,0.0,-0.2,0.0,-0.1,98.8,0.0,0.0,261.2,0.0,21.3,35.5,35.5,37.3,300.0,300.0,30.1,34.9,35.300000000000004,34.9,36.7,4.96,1.99,4.97,0.16,0.0,0.0,1027.0,8228.0,0.0,0.0,0.0,0.0,0.0,1.0,0.0,0.0,0.0,0.0,0.0,0.1,0.0,0.0,0.0,0.0,16.0,25903.0
2026-07-30T18:58:28.114Z,77.597,77.61,0.0,7.4,0.0,0.0,0.0,0.0,0.0,0.0,0.0,0.0,1.0,0.0,0.0,0.0,9.0,4.0,0.0,0.0,0.0,0.0,0.0,0.0,0.0,0.0,5.0,12.0,1.0,12.14,5.0200000000000005,2.51,1.49,0.0,0.0,0.0,301.1,0.0,-0.2,0.1,-1.3,98.8,0.0,0.0,261.2,0.0,21.3,35.5,35.5,37.3,300.0,300.0,30.1,34.9,35.300000000000004,34.9,36.7,4.95,1.99,4.97,0.16,0.0,0.0,1027.0,8228.0,0.0,0.0,0.0,0.0,0.0,1.0,0.0,0.0,0.0,0.0,0.0,1.2000000000000002,0.0,0.8,0.0,0.0,16.0,25903.0
2026-07-30T18:58:28.128Z,77.611,77.622,0.0,7.4,0.0,0.0,0.0,0.0,0.0,0.0,0.0,0.0,1.0,0.0,0.0,0.0,9.0,4.0,0.0,0.0,0.0,0.0,0.0,0.0,0.0,0.0,6.0,12.0,1.0,12.15,5.01,2.51,1.49,0.0,0.0,0.0,301.1,0.0,0.3,-1.1,-0.8,98.8,0.0,0.0,261.2,0.0,21.700000000000003,35.5,35.5,37.3,300.0,300.0,30.200000000000003,34.800000000000004,35.300000000000004,34.9,36.6,4.96,1.99,4.96,0.16,0.0,0.0,1027.0,8228.0,0.0,0.0,0.0,0.0,0.0,1.0,0.0,0.0,0.0,0.0,0.0,0.5,0.0,1.8,0.0,0.0,16.0,25903.0
2026-07-30T18:58:28.138Z,77.621,77.634,0.0,7.4,0.0,0.0,0.0,0.0,0.0,0.0,0.0,0.0,1.0,0.0,0.0,0.0,9.0,4.0,0.0,0.0,0.0,0.0,0.0,0.0,0.0,0.0,1.0,12.0,1.0,12.15,5.01,2.51,1.49,0.0,0.0,0.0,301.1,0.0,-0.2,-1.0,-0.2,98.8,0.0,0.0,261.2,0.0,21.700000000000003,35.5,35.5,37.3,300.0,300.0,30.200000000000003,34.800000000000004,35.300000000000004,34.9,36.6,4.95,1.99,4.97,0.16,0.0,0.0,1027.0,8228.0,0.0,0.0,0.0,0.0,0.0,1.0,0.0,0.0,0.0,0.0,0.0,0.0,0.0,1.4,0.0,0.0,16.0,25903.0
2026-07-30T18:58:28.150Z,77.633,77.646,0.0,7.4,0.0,0.0,0.0,0.0,0.0,0.0,0.0,0.0,1.0,0.0,0.0,0.0,9.0,4.0,0.0,0.0,0.0,0.0,0.0,0.0,0.0,0.0,2.0,12.0,1.0,12.15,5.01,2.51,1.49,0.0,0.0,0.0,301.1,0.0,0.3,1.2000000000000002,-0.2,98.8,0.0,0.0,261.2,0.0,21.700000000000003,35.5,35.5,37.3,300.0,300.0,30.200000000000003,34.800000000000004,35.300000000000004,34.9,36.6,4.95,1.99,4.96,0.16,0.0,0.0,1027.0,8228.0,0.0,0.0,0.0,0.0,0.0,1.0,0.0,0.0,0.0,0.0,0.0,0.4,0.0,-1.1,0.0,0.0,16.0,25903.0
2026-07-30T18:58:28.163Z,77.646,77.658,0.0,7.4,0.0,0.0,0.0,0.0,0.0,0.0,0.0,0.0,1.0,0.0,0.0,0.0,9.0,4.0,0.0,0.0,0.0,0.0,0.0,0.0,0.0,0.0,3.0,12.0,1.0,12.15,5.01,2.51,1.49,0.0,0.0,0.0,301.1,0.0,-0.8,0.6000000000000001,-0.2,98.8,0.0,0.0,261.2,0.0,21.700000000000003,35.5,35.5,37.3,300.0,300.0,30.200000000000003,34.800000000000004,35.300000000000004,34.9,36.6,4.96,2.0,4.96,0.16,0.0,0.0,1027.0,8228.0,0.0,0.0,0.0,0.0,0.0,1.0,0.0,0.0,0.0,0.0,0.0,0.3,0.0,-0.5,0.0,0.0,16.0,25903.0
2026-07-30T18:58:28.175Z,77.658,77.67,0.0,7.4,0.0,0.0,0.0,0.0,0.0,0.0,0.0,0.0,1.0,0.0,0.0,0.0,9.0,4.0,0.0,0.0,0.0,0.0,0.0,0.0,0.0,0.0,5.0,12.0,1.0,12.15,5.01,2.51,1.49,0.0,0.0,0.0,301.0,0.0,0.3,-0.5,0.8,98.8,0.0,0.0,261.2,0.0,21.700000000000003,35.5,35.5,37.3,300.0,300.0,30.200000000000003,34.800000000000004,35.300000000000004,34.9,36.6,4.95,2.0,4.96,0.16,0.0,0.0,1027.0,8228.0,0.0,0.0,0.0,0.0,0.0,1.0,0.0,0.0,0.0,0.0,0.0,-0.8,0.0,0.0,0.0,0.0,16.0,25903.0
2026-07-30T18:58:28.187Z,77.67,77.682,0.0,7.4,0.0,0.0,0.0,0.0,0.0,0.0,0.0,0.0,1.0,0.0,0.0,0.0,9.0,4.0,0.0,0.0,0.0,0.0,0.0,0.0,0.0,0.0,6.0,12.0,1.0,12.15,5.01,2.51,1.49,0.0,0.0,0.0,301.1,0.0,0.3,-0.5,1.4,98.8,0.0,0.0,261.2,0.0,21.700000000000003,35.5,35.5,37.3,300.0,300.0,30.200000000000003,34.800000000000004,35.300000000000004,34.9,36.6,4.96,1.99,4.97,0.16,0.0,0.0,1027.0,8228.0,0.0,0.0,0.0,0.0,0.0,1.0,0.0,0.0,0.0,0.0,0.0,-1.4,0.0,-0.4,0.0,0.0,16.0,25903.0
2026-07-30T18:58:28.198Z,77.681,77.694,0.0,7.4,0.0,0.0,0.0,0.0,0.0,0.0,0.0,0.0,1.0,0.0,0.0,0.0,9.0,4.0,0.0,0.0,0.0,0.0,0.0,0.0,0.0,0.0,1.0,12.0,1.0,12.15,5.01,2.51,1.49,0.0,0.0,0.0,301.1,0.0,1.4,1.1,0.2,98.8,0.0,0.0,261.2,0.0,21.700000000000003,35.5,35.5,37.3,300.0,300.0,30.200000000000003,34.800000000000004,35.300000000000004,34.9,36.6,4.96,1.99,4.96,0.16,0.0,0.0,1027.0,8228.0,0.0,0.0,0.0,0.0,0.0,1.0,0.0,0.0,0.0,0.0,0.0,0.0,0.0,-1.5,0.0,0.0,16.0,25903.0
2026-07-30T18:58:28.210Z,77.693,77.706,0.0,7.4,0.0,0.0,0.0,0.0,0.0,0.0,0.0,0.0,1.0,0.0,0.0,0.0,9.0,4.0,0.0,0.0,0.0,0.0,0.0,0.0,0.0,0.0,2.0,12.0,1.0,12.15,5.01,2.51,1.49,0.0,0.0,0.0,301.1,0.0,-0.2,0.0,0.3,98.8,0.0,0.0,261.2,0.0,21.700000000000003,35.5,35.5,37.3,300.0,300.0,30.200000000000003,34.800000000000004,35.300000000000004,34.9,36.6,4.96,1.99,4.96,0.16,0.0,0.0,1027.0,8228.0,0.0,0.0,0.0,0.0,0.0,1.0,0.0,0.0,0.0,0.0,0.0,-0.2,0.0,-0.2,0.0,0.0,16.0,25903.0
2026-07-30T18:58:28.225Z,77.708,77.718,0.0,7.4,0.0,0.0,0.0,0.0,0.0,0.0,0.0,0.0,1.0,0.0,0.0,0.0,9.0,4.0,0.0,0.0,0.0,0.0,0.0,0.0,0.0,0.0,2.0,12.0,1.0,12.15,5.01,2.51,1.49,0.0,0.0,0.0,301.1,0.0,0.9,0.0,-0.2,98.8,0.0,0.0,261.2,0.0,21.700000000000003,35.5,35.5,37.3,300.0,300.0,30.200000000000003,34.800000000000004,35.300000000000004,34.9,36.6,4.95,1.99,4.97,0.17,0.0,0.0,1027.0,8228.0,0.0,0.0,0.0,0.0,0.0,1.0,0.0,0.0,0.0,0.0,0.0,0.2,0.0,0.1,0.0,0.0,16.0,25903.0
2026-07-30T18:58:28.235Z,77.718,77.73,0.0,7.4,0.0,0.0,0.0,0.0,0.0,0.0,0.0,0.0,1.0,0.0,0.0,0.0,9.0,4.0,0.0,0.0,0.0,0.0,0.0,0.0,0.0,0.0,1.0,12.0,1.0,12.17,5.01,2.5,1.49,0.0,0.0,0.0,301.1,0.0,-0.8,0.0,0.9,98.8,0.0,0.0,261.2,0.0,21.8,35.5,35.5,37.3,300.0,300.0,30.1,34.800000000000004,35.2,34.800000000000004,36.6,4.96,2.0,4.96,0.17,0.0,0.0,1027.0,8228.0,0.0,0.0,0.0,0.0,0.0,1.0,0.0,0.0,0.0,0.0,0.0,-0.8,0.0,-0.6000000000000001,0.0,0.0,16.0,25903.0
2026-07-30T18:58:28.246Z,77.729,77.742,0.0,7.4,0.0,0.0,0.0,0.0,0.0,0.0,0.0,0.0,1.0,0.0,0.0,0.0,9.0,4.0,0.0,0.0,0.0,0.0,0.0,0.0,0.0,0.0,2.0,12.0,1.0,12.17,5.01,2.5,1.49,0.0,0.0,0.0,301.1,0.0,0.9,0.0,-0.8,98.8,0.0,0.0,261.2,0.0,21.8,35.5,35.5,37.3,300.0,300.0,30.1,34.800000000000004,35.2,34.800000000000004,36.6,4.96,2.0,4.97,0.16,0.0,0.0,1027.0,8228.0,0.0,0.0,0.0,0.0,0.0,1.0,0.0,0.0,0.0,0.0,0.0,0.7000000000000001,0.0,0.6000000000000001,0.0,0.0,16.0,25903.0
2026-07-30T18:58:28.258Z,77.741,77.754,0.0,7.4,0.0,0.0,0.0,0.0,0.0,0.0,0.0,0.0,1.0,0.0,0.0,0.0,9.0,4.0,0.0,0.0,0.0,0.0,0.0,0.0,0.0,0.0,3.0,12.0,1.0,12.17,5.01,2.5,1.49,0.0,0.1,0.0,301.1,0.0,-0.8,0.5,0.3,98.8,0.0,0.0,261.2,0.0,21.8,35.5,35.5,37.3,300.0,300.0,30.1,34.800000000000004,35.2,34.800000000000004,36.6,4.95,1.99,4.97,0.16,0.0,0.0,1027.0,8228.0,0.0,0.0,0.0,0.0,0.0,1.0,0.0,0.0,0.0,0.0,0.0,-0.2,0.0,-0.9,0.0,0.0,16.0,25903.0
2026-07-30T18:58:28.270Z,77.753,77.766,0.0,7.4,0.0,0.0,0.0,0.0,0.0,0.0,0.0,0.0,1.0,0.0,0.0,0.0,9.0,4.0,0.0,0.0,0.0,0.0,0.0,0.0,0.0,0.0,5.0,12.0,1.0,12.17,5.01,2.5,1.49,0.0,0.0,0.0,301.1,0.0,0.3,-0.5,-0.2,98.8,0.0,0.0,261.2,0.0,21.8,35.5,35.5,37.3,300.0,300.0,30.1,34.800000000000004,35.2,34.800000000000004,36.6,4.96,1.99,4.97,0.16,0.0,0.0,1027.0,8228.0,0.0,0.0,0.0,0.0,0.0,1.0,0.0,0.0,0.0,0.0,0.0,0.0,0.0,1.4,0.0,0.0,16.0,25903.0
2026-07-30T18:58:28.282Z,77.765,77.778,0.0,7.4,0.0,0.0,0.0,0.0,0.0,0.0,0.0,0.0,1.0,0.0,0.0,0.0,9.0,4.0,0.0,0.0,0.0,0.0,0.0,0.0,0.0,0.0,6.0,12.0,1.0,12.17,5.01,2.5,1.49,0.0,0.0,0.0,301.1,0.0,0.3,-0.5,1.5,98.8,0.0,0.0,261.2,0.0,21.8,35.5,35.5,37.3,300.0,300.0,30.1,34.800000000000004,35.2,34.800000000000004,36.6,4.96,1.99,4.96,0.16,0.0,0.0,1027.0,8228.0,0.0,0.0,0.0,0.0,0.0,1.0,0.0,0.0,0.0,0.0,0.0,0.0,0.0,1.4,0.0,0.0,16.0,25903.0
2026-07-30T18:58:28.294Z,77.777,77.79,0.0,7.4,0.0,0.0,0.0,0.0,0.0,0.0,0.0,0.0,1.0,0.0,0.0,0.0,9.0,4.0,0.0,0.0,0.0,0.0,0.0,0.0,0.0,0.0,1.0,12.0,1.0,12.17,5.01,2.5,1.49,0.0,0.0,0.0,301.1,0.0,-0.1,-0.5,0.4,98.8,0.0,0.0,261.2,0.0,21.8,35.5,35.5,37.3,300.0,300.0,30.1,34.800000000000004,35.2,34.800000000000004,36.6,4.96,1.99,4.97,0.16,0.0,0.0,1027.0,8228.0,0.0,0.0,0.0,0.0,0.0,1.0,0.0,0.0,0.0,0.0,0.0,0.4,0.0,1.7000000000000002,0.0,0.0,16.0,25903.0
2026-07-30T18:58:28.306Z,77.789,77.802,0.0,7.4,0.0,0.0,0.0,0.0,0.0,0.0,0.0,0.0,1.0,0.0,0.0,0.0,9.0,4.0,0.0,0.0,0.0,0.0,0.0,0.0,0.0,0.0,2.0,12.0,1.0,12.17,5.01,2.5,1.49,0.0,0.0,0.0,301.1,0.0,-0.1,0.0,-0.1,98.8,0.0,0.0,261.2,0.0,21.8,35.5,35.5,37.3,300.0,300.0,30.1,34.800000000000004,35.2,34.800000000000004,36.6,4.95,1.99,4.97,0.16,0.0,0.0,1027.0,8228.0,0.0,0.0,0.0,0.0,0.0,1.0,0.0,0.0,0.0,0.0,0.0,0.1,0.0,0.0,0.0,0.0,16.0,25903.0
2026-07-30T18:58:28.318Z,77.801,77.81400000000001,0.0,7.4,0.0,0.0,0.0,0.0,0.0,0.0,0.0,0.0,1.0,0.0,0.0,0.0,9.0,4.0,0.0,0.0,0.0,0.0,0.0,0.0,0.0,0.0,3.0,12.0,1.0,12.17,5.01,2.5,1.49,0.0,0.0,0.0,301.1,0.0,-0.1,0.6000000000000001,-1.3,98.8,0.0,0.0,261.2,0.0,21.8,35.5,35.5,37.3,300.0,300.0,30.1,34.800000000000004,35.2,34.800000000000004,36.6,4.95,1.99,4.96,0.16,0.0,0.0,1027.0,8228.0,0.0,0.0,0.0,0.0,0.0,1.0,0.0,0.0,0.0,0.0,0.0,1.2000000000000002,0.0,0.1,0.0,-0.0001,16.0,25903.0
2026-07-30T18:58:28.332Z,77.815,77.82600000000001,0.0,7.4,0.0,0.0,0.0,0.0,0.0,0.0,0.0,0.0,1.0,0.0,0.0,0.0,9.0,4.0,0.0,0.0,0.0,0.0,0.0,0.0,0.0,0.0,4.0,12.0,1.0,12.15,5.01,2.5,1.49,0.0,0.1,0.0,301.1,0.0,0.4,-1.1,-0.1,98.8,0.0,0.0,261.2,0.0,21.4,35.5,35.5,37.3,300.0,300.0,30.200000000000003,34.7,35.2,34.800000000000004,36.5,4.96,1.99,4.96,0.16,0.0,0.0,1027.0,8228.0,0.0,0.0,0.0,0.0,0.0,1.0,0.0,0.0,0.0,0.0,0.0,0.0,0.0,1.3,0.0,-0.0001,16.0,25903.0
2026-07-30T18:58:28.342Z,77.825,77.83800000000001,0.0,7.4,0.0,0.0,0.0,0.0,0.0,0.0,0.0,0.0,1.0,0.0,0.0,0.0,9.0,4.0,0.0,0.0,0.0,0.0,0.0,0.0,0.0,0.0,5.0,12.0,1.0,12.15,5.01,2.5,1.49,0.0,0.1,0.0,301.1,0.0,0.4,0.6000000000000001,2.2,98.8,0.0,0.0,261.2,0.0,21.4,35.5,35.5,37.3,300.0,300.0,30.200000000000003,34.7,35.2,34.800000000000004,36.5,4.96,1.99,4.97,0.16,0.0,0.0,1027.0,8228.0,0.0,0.0,0.0,0.0,0.0,1.0,0.0,0.0,0.0,0.0,0.0,-1.8,0.0,-2.3000000000000003,0.0,-0.0001,16.0,25903.0
2026-07-30T18:58:28.354Z,77.837,77.85000000000001,0.0,7.4,0.0,0.0,0.0,0.0,0.0,0.0,0.0,0.0,1.0,0.0,0.0,0.0,9.0,4.0,0.0,0.0,0.0,0.0,0.0,0.0,0.0,0.0,6.0,12.0,1.0,12.15,5.01,2.5,1.49,0.0,0.0,0.0,301.1,0.0,-0.1,1.2000000000000002,0.4,98.8,0.0,0.0,261.2,0.0,21.4,35.5,35.5,37.3,300.0,300.0,30.200000000000003,34.7,35.2,34.800000000000004,36.5,4.95,2.0,4.97,0.16,0.0,0.0,1027.0,8228.0,0.0,0.0,0.0,0.0,0.0,1.0,0.0,0.0,0.0,0.0,0.0,-0.2,0.0,-1.7000000000000002,0.0,-0.0001,16.0,25903.0
2026-07-30T18:58:28.366Z,77.849,77.862,0.0,7.4,0.0,0.0,0.0,0.0,0.0,0.0,0.0,0.0,1.0,0.0,0.0,0.0,9.0,4.0,0.0,0.0,0.0,0.0,0.0,0.0,0.0,0.0,1.0,12.0,1.0,12.15,5.01,2.5,1.49,0.0,0.1,0.0,301.1,0.0,1.0,0.0,1.0,98.8,0.0,0.0,261.2,0.0,21.4,35.5,35.5,37.3,300.0,300.0,30.200000000000003,34.7,35.2,34.800000000000004,36.5,4.96,2.0,4.96,0.16,0.0,0.0,1027.0,8228.0,0.0,0.0,0.0,0.0,0.0,1.0,0.0,0.0,0.0,0.0,0.0,-0.9,0.0,-0.8,0.0,-0.0001,16.0,25903.0
2026-07-30T18:58:28.378Z,77.861,77.874,0.0,7.4,0.0,0.0,0.0,0.0,0.0,0.0,0.0,0.0,1.0,0.0,0.0,0.0,9.0,4.0,0.0,0.0,0.0,0.0,0.0,0.0,0.0,0.0,2.0,12.0,1.0,12.15,5.01,2.5,1.49,0.0,0.0,0.0,301.1,0.0,-0.7000000000000001,-1.1,-0.6000000000000001,98.8,0.0,0.0,261.2,0.0,21.4,35.5,35.5,37.3,300.0,300.0,30.200000000000003,34.7,35.2,34.800000000000004,36.5,4.95,1.99,4.97,0.16,0.0,0.0,1027.0,8228.0,0.0,0.0,0.0,0.0,0.0,1.0,0.0,0.0,0.0,0.0,0.0,0.4,0.0,1.7000000000000002,0.0,-0.0001,16.0,25903.0
2026-07-30T18:58:28.390Z,77.873,77.886,0.0,7.4,0.0,0.0,0.0,0.0,0.0,0.0,0.0,0.0,1.0,0.0,0.0,0.0,9.0,4.0,0.0,0.0,0.0,0.0,0.0,0.0,0.0,0.0,3.0,12.0,1.0,12.15,5.01,2.5,1.49,0.0,0.0,0.0,301.1,0.0,-0.7000000000000001,-0.5,0.5,98.8,0.0,0.0,261.2,0.0,21.4,35.5,35.5,37.3,300.0,300.0,30.200000000000003,34.7,35.2,34.800000000000004,36.5,4.95,2.0,4.96,0.16,0.0,0.0,1027.0,8228.0,0.0,0.0,0.0,0.0,0.0,1.0,0.0,0.0,0.0,0.0,0.0,-0.5,0.0,0.2,0.0,-0.0001,16.0,25903.0
2026-07-30T18:58:28.402Z,77.885,77.898,0.0,7.4,0.0,0.0,0.0,0.0,0.0,0.0,0.0,0.0,1.0,0.0,0.0,0.0,9.0,4.0,0.0,0.0,0.0,0.0,0.0,0.0,0.0,0.0,4.0,12.0,1.0,12.15,5.01,2.5,1.49,0.0,0.0,0.0,301.0,0.0,-0.1,1.2000000000000002,1.1,98.8,0.0,0.0,261.2,0.0,21.4,35.5,35.5,37.3,300.0,300.0,30.200000000000003,34.7,35.2,34.800000000000004,36.5,4.95,1.99,4.96,0.16,0.0,0.0,1027.0,8228.0,0.0,0.0,0.0,0.0,0.0,1.0,0.0,0.0,0.0,0.0,0.0,-0.7000000000000001,0.0,-2.2,0.0,-0.0001,16.0,25903.0
2026-07-30T18:58:28.414Z,77.897,77.91,0.0,7.4,0.0,0.0,0.0,0.0,0.0,0.0,0.0,0.0,1.0,0.0,0.0,0.0,9.0,4.0,0.0,0.0,0.0,0.0,0.0,0.0,0.0,0.0,5.0,12.0,1.0,12.15,5.01,2.5,1.49,0.0,0.0,0.0,301.0,0.0,0.4,0.0,0.5,98.8,0.0,0.0,261.2,0.0,21.4,35.5,35.5,37.3,300.0,300.0,30.200000000000003,34.7,35.2,34.800000000000004,36.5,4.95,1.99,4.96,0.16,0.0,0.0,1027.0,8228.0,0.0,0.0,0.0,0.0,0.0,1.0,0.0,0.0,0.0,0.0,0.0,-0.4,0.0,-0.4,0.0,-0.0001,16.0,25903.0
2026-07-30T18:58:28.426Z,77.909,77.922,0.0,7.4,0.0,0.0,0.0,0.0,0.0,0.0,0.0,0.0,1.0,0.0,0.0,0.0,9.0,4.0,0.0,0.0,0.0,0.0,0.0,0.0,0.0,0.0,6.0,12.0,1.0,12.15,5.01,2.5,1.49,0.0,0.0,0.0,301.1,0.0,-0.1,0.0,-0.1,98.8,0.0,0.0,261.2,0.0,21.4,35.5,35.5,37.3,300.0,300.0,30.200000000000003,34.7,35.2,34.800000000000004,36.5,4.95,1.99,4.96,0.16,0.0,0.0,1027.0,8228.0,0.0,0.0,0.0,0.0,0.0,1.0,0.0,0.0,0.0,0.0,0.0,0.1,0.0,0.0,0.0,-0.0001,16.0,25903.0
2026-07-30T18:58:28.438Z,77.921,77.934,0.0,7.4,0.0,0.0,0.0,0.0,0.0,0.0,0.0,0.0,1.0,0.0,0.0,0.0,9.0,4.0,0.0,0.0,0.0,0.0,0.0,0.0,0.0,0.0,1.0,12.0,1.0,12.17,5.0200000000000005,2.51,1.49,0.0,0.0,0.0,301.1,0.0,0.9,0.0,0.5,98.8,0.0,0.0,261.2,0.0,20.8,35.5,35.5,37.3,300.0,300.0,30.1,34.7,35.2,34.7,36.5,4.95,1.99,4.96,0.16,0.0,0.0,1027.0,8228.0,0.0,0.0,0.0,0.0,0.0,1.0,0.0,0.0,0.0,0.0,0.0,-0.4,0.0,-0.4,0.0,-0.0001,16.0,25903.0
2026-07-30T18:58:28.450Z,77.933,77.946,0.0,7.4,0.0,0.0,0.0,0.0,0.0,0.0,0.0,0.0,1.0,0.0,0.0,0.0,9.0,4.0,0.0,0.0,0.0,0.0,0.0,0.0,0.0,0.0,2.0,12.0,1.0,12.17,5.0200000000000005,2.51,1.49,0.0,0.0,0.0,301.0,0.0,1.0,-0.4,0.5,98.8,0.0,0.0,261.2,0.0,20.8,35.5,35.5,37.3,300.0,300.0,30.1,34.7,35.2,34.7,36.5,4.96,2.0,4.96,0.16,0.0,0.0,1027.0,8228.0,0.0,0.0,0.0,0.0,0.0,1.0,0.0,0.0,0.0,0.0,0.0,-0.5,0.0,0.1,0.0,-0.0001,16.0,25903.0
2026-07-30T18:58:28.463Z,77.946,77.958,0.0,7.4,0.0,0.0,0.0,0.0,0.0,0.0,0.0,0.0,1.0,0.0,0.0,0.0,9.0,4.0,0.0,0.0,0.0,0.0,0.0,0.0,0.0,0.0,3.0,12.0,1.0,12.17,5.0200000000000005,2.51,1.49,0.0,0.0,0.0,301.1,0.0,0.4,-0.4,-1.1,98.8,0.0,0.0,261.2,0.0,20.8,35.5,35.5,37.3,300.0,300.0,30.1,34.7,35.2,34.7,36.5,4.95,2.0,4.97,0.16,0.0,0.0,1027.0,8228.0,0.0,0.0,0.0,0.0,0.0,1.0,0.0,0.0,0.0,0.0,0.0,1.0,0.0,1.3,0.0,-0.0001,16.0,25903.0
2026-07-30T18:58:28.475Z,77.958,77.97,0.0,7.4,0.0,0.0,0.0,0.0,0.0,0.0,0.0,0.0,1.0,0.0,0.0,0.0,9.0,4.0,0.0,0.0,0.0,0.0,0.0,0.0,0.0,0.0,4.0,12.0,1.0,12.17,5.0200000000000005,2.51,1.49,0.0,0.0,0.0,301.1,0.0,0.4,-1.0,0.0,98.8,0.0,0.0,261.2,0.0,20.8,35.5,35.5,37.3,300.0,300.0,30.1,34.7,35.2,34.7,36.5,4.96,1.99,4.96,0.16,0.0,0.0,1027.0,8228.0,0.0,0.0,0.0,0.0,0.0,1.0,0.0,0.0,0.0,0.0,0.0,-0.1,0.0,1.2000000000000002,0.0,-0.0001,16.0,25903.0
2026-07-30T18:58:28.487Z,77.97,77.982,0.0,7.4,0.0,0.0,0.0,0.0,0.0,0.0,0.0,0.0,1.0,0.0,0.0,0.0,9.0,4.0,0.0,0.0,0.0,0.0,0.0,0.0,0.0,0.0,6.0,12.0,1.0,12.17,5.0200000000000005,2.51,1.49,0.0,0.0,0.0,301.1,0.0,-0.1,-0.5,0.5,98.8,0.0,0.0,261.2,0.0,20.8,35.5,35.5,37.3,300.0,300.0,30.1,34.7,35.2,34.7,36.5,4.96,2.0,4.96,0.15,0.0,0.0,1027.0,8228.0,0.0,0.0,0.0,0.0,0.0,1.0,0.0,0.0,0.0,0.0,0.0,-0.5,0.0,0.2,0.0,-0.0001,16.0,25903.0
2026-07-30T18:58:28.499Z,77.982,77.994,0.0,7.4,0.0,0.0,0.0,0.0,0.0,0.0,0.0,0.0,1.0,0.0,0.0,0.0,9.0,4.0,0.0,0.0,0.0,0.0,0.0,0.0,0.0,0.0,1.0,12.0,1.0,12.17,5.0200000000000005,2.51,1.49,-0.1,0.1,0.0,301.1,0.0,-0.1,0.1,-0.1,98.8,0.0,0.0,261.2,0.0,20.8,35.5,35.5,37.3,300.0,300.0,30.1,34.7,35.2,34.7,36.5,4.95,1.99,4.96,0.16,0.0,0.0,1027.0,8228.0,0.0,0.0,0.0,0.0,0.0,1.0,0.0,0.0,0.0,0.0,0.0,0.1,0.0,0.0,0.0,-0.0001,16.0,25903.0
2026-07-30T18:58:28.510Z,77.993,78.006,0.0,7.4,0.0,0.0,0.0,0.0,0.0,0.0,0.0,0.0,1.0,0.0,0.0,0.0,9.0,4.0,0.0,0.0,0.0,0.0,0.0,0.0,0.0,0.0,2.0,12.0,1.0,12.17,5.0200000000000005,2.51,1.49,0.0,0.0,0.0,301.1,0.0,0.4,0.7000000000000001,0.0,98.8,0.0,0.0,261.2,0.0,20.8,35.5,35.5,37.3,300.0,300.0,30.1,34.7,35.2,34.7,36.5,4.95,1.99,4.97,0.16,0.0,0.0,1027.0,8228.0,0.0,0.0,0.0,0.0,0.0,1.0,0.0,0.0,0.0,0.0,0.0,0.1,0.0,-0.7000000000000001,0.0,-0.0001,16.0,25903.0
2026-07-30T18:58:28.522Z,78.005,78.018,-0.1,7.4,0.0,0.0,0.0,0.0,0.0,0.0,0.0,0.0,1.0,0.0,0.0,0.0,9.0,4.0,0.0,0.0,0.0,0.0,0.0,0.0,0.0,0.0,3.0,12.0,1.0,12.17,5.0200000000000005,2.51,1.49,0.0,0.0,0.0,301.1,0.0,-0.1,0.7000000000000001,1.7000000000000002,98.8,0.0,0.0,261.2,0.0,20.8,35.5,35.5,37.3,300.0,300.0,30.1,34.7,35.2,34.7,36.5,4.96,1.99,4.96,0.16,0.0,0.0,1027.0,8228.0,0.0,0.0,0.0,0.0,0.0,1.0,0.0,0.0,0.0,0.0,0.0,-1.4,0.0,-2.1,0.0,-0.0001,16.0,25903.0
2026-07-30T18:58:28.542Z,78.025,78.03,-0.1,7.4,0.0,0.0,0.0,0.0,0.0,0.0,0.0,0.0,1.0,0.0,0.0,0.0,9.0,4.0,0.0,0.0,0.0,0.0,0.0,0.0,0.0,0.0,4.0,12.0,1.0,12.17,5.01,2.5,1.5,0.0,0.0,0.0,301.1,0.0,-0.1,0.1,0.0,98.8,0.0,0.0,261.2,0.0,21.700000000000003,35.5,35.5,37.3,300.0,300.0,30.3,34.6,35.1,34.7,36.5,4.96,1.99,4.96,0.16,0.0,0.0,1027.0,8228.0,0.0,0.0,0.0,0.0,0.0,1.0,0.0,0.0,0.0,0.0,0.0,0.0,0.0,-0.1,0.0,-0.0001,16.0,25903.0
2026-07-30T18:58:28.546Z,78.029,78.042,-0.1,7.4,0.0,0.0,0.0,0.0,0.0,0.0,0.0,0.0,1.0,0.0,0.0,0.0,9.0,4.0,0.0,0.0,0.0,0.0,0.0,0.0,0.0,0.0,1.0,12.0,1.0,12.17,5.01,2.5,1.5,0.0,0.0,0.0,301.1,0.0,0.4,0.7000000000000001,1.1,98.8,0.0,0.0,261.2,0.0,21.700000000000003,35.5,35.5,37.3,300.0,300.0,30.3,34.6,35.1,34.7,36.5,4.95,1.99,4.96,0.16,0.0,0.0,1027.0,8228.0,0.0,0.0,0.0,0.0,0.0,1.0,0.0,0.0,0.0,0.0,0.0,-0.8,0.0,-1.6,0.0,-0.0001,16.0,25903.0
2026-07-30T18:58:28.558Z,78.041,78.054,-0.1,7.4,0.0,0.0,0.0,0.0,0.0,0.0,0.0,0.0,1.0,0.0,0.0,0.0,9.0,4.0,0.0,0.0,0.0,0.0,0.0,0.0,0.0,0.0,2.0,12.0,1.0,12.17,5.01,2.5,1.5,0.0,0.0,0.0,301.1,0.0,1.0,-0.4,-0.6000000000000001,98.8,0.0,0.0,261.2,0.0,21.700000000000003,35.5,35.5,37.3,300.0,300.0,30.3,34.6,35.1,34.7,36.5,4.96,1.99,4.96,0.16,0.0,0.0,1027.0,8228.0,0.0,0.0,0.0,0.0,0.0,1.0,0.0,0.0,0.0,0.0,0.0,0.5,0.0,0.9,0.0,-0.0001,16.0,25903.0
2026-07-30T18:58:28.570Z,78.053,78.066,-0.1,7.4,0.0,0.0,0.0,0.0,0.0,0.0,0.0,0.0,1.0,0.0,0.0,0.0,9.0,4.0,0.0,0.0,0.0,0.0,0.0,0.0,0.0,0.0,3.0,12.0,1.0,12.17,5.01,2.5,1.5,0.0,0.1,0.0,301.1,0.0,0.9,-0.9,0.0,98.8,0.0,0.0,261.2,0.0,21.700000000000003,35.5,35.5,37.3,300.0,300.0,30.3,34.6,35.1,34.7,36.5,4.96,1.99,4.96,0.16,0.0,0.0,1027.0,8228.0,0.0,0.0,0.0,0.0,0.0,1.0,0.0,0.0,0.0,0.0,0.0,0.0,0.0,1.2000000000000002,0.0,-0.0001,16.0,25903.0
2026-07-30T18:58:28.582Z,78.065,78.078,-0.1,7.4,0.0,0.0,0.0,0.0,0.0,0.0,0.0,0.0,1.0,0.0,0.0,0.0,9.0,4.0,0.0,0.0,0.0,0.0,0.0,0.0,0.0,0.0,4.0,12.0,1.0,12.17,5.01,2.5,1.5,0.0,0.1,0.0,301.1,0.0,-0.1,1.3,0.0,98.8,0.0,0.0,261.2,0.0,21.700000000000003,35.5,35.5,37.3,300.0,300.0,30.3,34.6,35.1,34.7,36.5,4.96,1.99,4.96,0.16,0.0,0.0,1027.0,8228.0,0.0,0.0,0.0,0.0,0.0,1.0,0.0,0.0,0.0,0.0,0.0,0.2,0.0,-1.4,0.0,-0.0001,16.0,25903.0
2026-07-30T18:58:28.594Z,78.077,78.09,-0.1,7.4,0.0,0.0,0.0,0.0,0.0,0.0,0.0,0.0,1.0,0.0,0.0,0.0,9.0,4.0,0.0,0.0,0.0,0.0,0.0,0.0,0.0,0.0,5.0,12.0,1.0,12.17,5.01,2.5,1.5,0.0,0.0,0.0,301.1,0.0,0.4,0.7000000000000001,-0.6000000000000001,98.8,0.0,0.0,261.2,0.0,21.700000000000003,35.5,35.5,37.3,300.0,300.0,30.3,34.6,35.1,34.7,36.5,4.95,1.99,4.96,0.16,0.0,0.0,1027.0,8228.0,0.0,0.0,0.0,0.0,0.0,1.0,0.0,0.0,0.0,0.0,0.0,0.6000000000000001,0.0,-0.3,0.0,-0.0001,16.0,25903.0
2026-07-30T18:58:28.607Z,78.09,78.102,-0.1,7.4,0.0,0.0,0.0,0.0,0.0,0.0,0.0,0.0,1.0,0.0,0.0,0.0,9.0,4.0,0.0,0.0,0.0,0.0,0.0,0.0,0.0,0.0,6.0,12.0,1.0,12.17,5.01,2.5,1.5,0.0,0.0,0.0,301.1,0.0,0.4,0.7000000000000001,-0.6000000000000001,98.8,0.0,0.0,261.2,0.0,21.700000000000003,35.5,35.5,37.3,300.0,300.0,30.3,34.6,35.1,34.7,36.5,4.95,1.99,4.97,0.16,0.0,0.0,1027.0,8228.0,0.0,0.0,0.0,0.0,0.0,1.0,0.0,0.0,0.0,0.0,0.0,0.6000000000000001,0.0,-0.3,0.0,0.0,16.0,25903.0
2026-07-30T18:58:28.619Z,78.102,78.114,-0.1,7.4,0.0,0.0,0.0,0.0,0.0,0.0,0.0,0.0,1.0,0.0,0.0,0.0,9.0,4.0,0.0,0.0,0.0,0.0,0.0,0.0,0.0,0.0,1.0,12.0,1.0,12.17,5.01,2.5,1.5,0.0,0.0,0.0,301.1,0.0,0.4,-0.4,-0.6000000000000001,98.8,0.0,0.0,261.2,0.0,21.700000000000003,35.5,35.5,37.3,300.0,300.0,30.3,34.6,35.1,34.7,36.5,4.95,1.99,4.97,0.16,0.0,0.0,1027.0,8228.0,0.0,0.0,0.0,0.0,0.0,1.0,0.0,0.0,0.0,0.0,0.0,0.4,0.0,0.9,0.0,0.0,16.0,25903.0
2026-07-30T18:58:28.631Z,78.114,78.126,-0.1,7.4,0.0,0.0,0.0,0.0,0.0,0.0,0.0,0.0,1.0,0.0,0.0,0.0,9.0,4.0,0.0,0.0,0.0,0.0,0.0,0.0,0.0,0.0,2.0,12.0,1.0,12.17,5.01,2.5,1.5,0.0,0.0,0.0,301.1,0.0,0.4,0.1,0.5,98.8,0.0,0.0,261.2,0.0,21.700000000000003,35.5,35.5,37.3,300.0,300.0,30.3,34.6,35.1,34.7,36.5,4.95,1.99,4.96,0.16,0.0,0.0,1027.0,8228.0,0.0,0.0,0.0,0.0,0.0,1.0,0.0,0.0,0.0,0.0,0.0,-0.4,0.0,-0.5,0.0,0.0,16.0,25903.0
2026-07-30T18:58:28.643Z,78.126,78.138,-0.1,7.4,0.0,0.0,0.0,0.0,0.0,0.0,0.0,0.0,1.0,0.0,0.0,0.0,9.0,4.0,0.0,0.0,0.0,0.0,0.0,0.0,0.0,0.0,3.0,12.0,1.0,12.17,5.0200000000000005,2.51,1.49,0.0,0.0,0.0,301.1,0.0,-0.1,0.1,1.1,98.8,0.0,0.0,261.2,0.0,21.3,35.5,35.5,37.3,300.0,300.0,30.3,34.6,35.1,34.7,36.5,4.96,1.99,4.96,0.16,0.0,0.0,1027.0,8228.0,0.0,0.0,0.0,0.0,0.0,1.0,0.0,0.0,0.0,0.0,0.0,-1.0,0.0,-0.9,0.0,0.0,16.0,25903.0
2026-07-30T18:58:28.654Z,78.137,78.15,-0.1,7.4,0.0,0.0,0.0,0.0,0.0,0.0,0.0,0.0,1.0,0.0,0.0,0.0,9.0,4.0,0.0,0.0,0.0,0.0,0.0,0.0,0.0,0.0,5.0,12.0,1.0,12.17,5.0200000000000005,2.51,1.49,0.0,0.0,0.0,301.0,0.0,-0.1,-0.4,0.0,98.8,0.0,0.0,261.2,0.0,21.3,35.5,35.5,37.3,300.0,300.0,30.3,34.6,35.1,34.7,36.5,4.95,1.99,4.96,0.16,0.0,0.0,1027.0,8228.0,0.0,0.0,0.0,0.0,0.0,1.0,0.0,0.0,0.0,0.0,0.0,0.0,0.0,0.5,0.0,0.0,16.0,25903.0
2026-07-30T18:58:28.667Z,78.15,78.162,-0.1,7.4,0.0,0.0,0.0,0.0,0.0,0.0,0.0,0.0,1.0,0.0,0.0,0.0,9.0,4.0,0.0,0.0,0.0,0.0,0.0,0.0,0.0,0.0,6.0,12.0,1.0,12.17,5.0200000000000005,2.51,1.49,0.0,0.0,0.0,301.1,0.0,0.3,-1.0,1.1,98.8,0.0,0.0,261.2,0.0,21.3,35.5,35.5,37.3,300.0,300.0,30.3,34.6,35.1,34.7,36.5,4.95,1.99,4.97,0.16,0.0,0.0,1027.0,8228.0,0.0,0.0,0.0,0.0,0.0,1.0,0.0,0.0,0.0,0.0,0.0,-1.1,0.0,0.3,0.0,0.0,16.0,25903.0
2026-07-30T18:58:28.678Z,78.161,78.174,-0.1,7.4,0.0,0.0,0.0,0.0,0.0,0.0,0.0,0.0,1.0,0.0,0.0,0.0,9.0,4.0,0.0,0.0,0.0,0.0,0.0,0.0,0.0,0.0,2.0,12.0,1.0,12.17,5.0200000000000005,2.51,1.49,0.0,0.0,0.0,301.0,0.0,-0.8,0.6000000000000001,-0.6000000000000001,98.8,0.0,0.0,261.2,0.0,21.3,35.5,35.5,37.3,300.0,300.0,30.3,34.6,35.1,34.7,36.5,4.95,2.0,4.96,0.16,0.0,0.0,1027.0,8228.0,0.0,0.0,0.0,0.0,0.0,1.0,0.0,0.0,0.0,0.0,0.0,0.7000000000000001,0.0,-0.2,0.0,0.0,16.0,25903.0
2026-07-30T18:58:28.691Z,78.174,78.186,0.0,7.4,0.0,0.0,0.0,0.0,0.0,0.0,0.0,0.0,1.0,0.0,0.0,0.0,9.0,4.0,0.0,0.0,0.0,0.0,0.0,0.0,0.0,0.0,2.0,12.0,1.0,12.17,5.0200000000000005,2.51,1.49,0.0,0.0,0.0,301.1,0.0,-0.2,0.0,-0.7000000000000001,98.8,0.0,0.0,261.2,0.0,21.3,35.5,35.5,37.3,300.0,300.0,30.3,34.6,35.1,34.7,36.5,4.96,1.99,4.96,0.17,0.0,0.0,1027.0,8228.0,0.0,0.0,0.0,0.0,0.0,1.0,0.0,0.0,0.0,0.0,0.0,0.6000000000000001,0.0,0.4,0.0,0.0,16.0,25903.0
2026-07-30T18:58:28.703Z,78.186,78.19800000000001,0.0,7.4,0.0,0.0,0.0,0.0,0.0,0.0,0.0,0.0,1.0,0.0,0.0,0.0,9.0,4.0,0.0,0.0,0.0,0.0,0.0,0.0,0.0,0.0,3.0,12.0,1.0,12.17,5.0200000000000005,2.51,1.49,0.0,0.0,0.0,301.1,0.0,-0.3,0.0,0.9,98.8,0.0,0.0,261.2,0.0,21.3,35.5,35.5,37.3,300.0,300.0,30.3,34.6,35.1,34.7,36.5,4.95,1.99,4.97,0.17,0.0,0.0,1027.0,8228.0,0.0,0.0,0.0,0.0,0.0,1.0,0.0,0.0,0.0,0.0,0.0,-0.8,0.0,-0.7000000000000001,0.0,0.0,16.0,25903.0
2026-07-30T18:58:28.715Z,78.198,78.21000000000001,0.0,7.4,0.0,0.0,0.0,0.0,0.0,0.0,0.0,0.0,1.0,0.0,0.0,0.0,9.0,4.0,0.0,0.0,0.0,0.0,0.0,0.0,0.0,0.0,4.0,12.0,1.0,12.17,5.0200000000000005,2.51,1.49,0.0,0.0,0.0,301.0,0.0,-0.3,0.0,0.4,98.8,0.0,0.0,261.2,0.0,21.3,35.5,35.5,37.3,300.0,300.0,30.3,34.6,35.1,34.7,36.5,4.96,1.99,4.96,0.17,0.0,0.0,1027.0,8228.0,0.0,0.0,0.0,0.0,0.0,1.0,0.0,0.0,0.0,0.0,0.0,-0.3,0.0,-0.3,0.0,0.0,16.0,25903.0
2026-07-30T18:58:28.726Z,78.209,78.22200000000001,0.0,7.4,0.0,0.0,0.0,0.0,0.0,0.0,0.0,0.0,1.0,0.0,0.0,0.0,9.0,4.0,0.0,0.0,0.0,0.0,0.0,0.0,0.0,0.0,5.0,12.0,1.0,12.17,5.0200000000000005,2.51,1.49,0.0,0.0,0.0,301.0,0.0,-0.2,-0.5,-0.7000000000000001,98.8,0.0,0.0,261.2,0.0,21.3,35.5,35.5,37.3,300.0,300.0,30.3,34.6,35.1,34.7,36.5,4.96,1.99,4.96,0.16,0.0,0.0,1027.0,8228.0,0.0,0.0,0.0,0.0,0.0,1.0,0.0,0.0,0.0,0.0,0.0,0.5,0.0,1.1,0.0,0.0,16.0,25903.0
2026-07-30T18:58:28.740Z,78.223,78.234,0.0,7.4,0.0,0.0,0.0,0.0,0.0,0.0,0.0,0.0,1.0,0.0,0.0,0.0,9.0,4.0,0.0,0.0,0.0,0.0,0.0,0.0,0.0,0.0,6.0,12.0,1.0,12.17,5.01,2.51,1.49,0.0,0.1,0.0,301.1,0.0,-0.2,1.2000000000000002,-0.7000000000000001,98.8,0.0,0.0,261.2,0.0,21.4,35.5,35.5,37.3,300.0,300.0,30.200000000000003,34.7,35.1,34.7,36.5,4.95,1.99,4.96,0.16,0.0,0.0,1027.0,8228.0,0.0,0.0,0.0,0.0,0.0,1.0,0.0,0.0,0.0,0.0,0.0,0.8,0.0,-0.8,0.0,0.0,16.0,25903.0
2026-07-30T18:58:28.751Z,78.234,78.246,0.0,7.4,0.0,0.0,0.0,0.0,0.0,0.0,0.0,0.0,1.0,0.0,0.0,0.0,9.0,4.0,0.0,0.0,0.0,0.0,0.0,0.0,0.0,0.0,1.0,12.0,1.0,12.17,5.01,2.51,1.49,0.0,0.1,0.0,301.1,0.0,-0.2,-0.5,-0.6000000000000001,98.8,0.0,0.0,261.2,0.0,21.4,35.5,35.5,37.3,300.0,300.0,30.200000000000003,34.7,35.1,34.7,36.5,4.95,1.99,4.97,0.16,0.0,0.0,1027.0,8228.0,0.0,0.0,0.0,0.0,0.0,1.0,0.0,0.0,0.0,0.0,0.0,0.5,0.0,1.0,0.0,0.0,16.0,25903.0
2026-07-30T18:58:28.763Z,78.246,78.258,0.0,7.4,0.0,0.0,0.0,0.0,0.0,0.0,0.0,0.0,1.0,0.0,0.0,0.0,9.0,4.0,0.0,0.0,0.0,0.0,0.0,0.0,0.0,0.0,2.0,12.0,1.0,12.17,5.01,2.51,1.49,0.0,0.0,0.0,301.1,0.0,-0.2,-0.4,0.5,98.8,0.0,0.0,261.2,0.0,21.4,35.5,35.5,37.3,300.0,300.0,30.200000000000003,34.7,35.1,34.7,36.5,4.96,1.99,4.96,0.16,0.0,0.0,1027.0,8228.0,0.0,0.0,0.0,0.0,0.0,1.0,0.0,0.0,0.0,0.0,0.0,-0.5,0.0,0.1,0.0,0.0,16.0,25903.0
2026-07-30T18:58:28.774Z,78.257,78.27,0.0,7.4,0.0,0.0,0.0,0.0,0.0,0.0,0.0,0.0,1.0,0.0,0.0,0.0,9.0,4.0,0.0,0.0,0.0,0.0,0.0,0.0,0.0,0.0,4.0,12.0,1.0,12.17,5.01,2.51,1.49,0.0,0.0,0.0,301.1,0.0,0.3,0.1,0.0,98.8,0.0,0.0,261.2,0.0,21.4,35.5,35.5,37.3,300.0,300.0,30.200000000000003,34.7,35.1,34.7,36.5,4.96,1.99,4.97,0.16,0.0,0.0,1027.0,8228.0,0.0,0.0,0.0,0.0,0.0,1.0,0.0,0.0,0.0,0.0,0.0,0.0,0.0,-0.1,0.0,0.0,16.0,25903.0
2026-07-30T18:58:28.786Z,78.269,78.282,0.0,7.4,0.0,0.0,0.0,0.0,0.0,0.0,0.0,0.0,1.0,0.0,0.0,0.0,9.0,4.0,0.0,0.0,0.0,0.0,0.0,0.0,0.0,0.0,5.0,12.0,1.0,12.17,5.01,2.51,1.49,0.0,0.0,0.0,301.1,0.0,0.3,-0.4,0.5,98.8,0.0,0.0,261.2,0.0,21.4,35.5,35.5,37.3,300.0,300.0,30.200000000000003,34.7,35.1,34.7,36.5,4.95,1.99,4.97,0.16,0.0,0.0,1027.0,8228.0,0.0,0.0,0.0,0.0,0.0,1.0,0.0,0.0,0.0,0.0,0.0,-1.0,0.0,-0.2,0.0,0.0,16.0,25903.0
2026-07-30T18:58:28.798Z,78.281,78.294,0.0,7.4,0.0,0.0,0.0,0.0,0.0,0.0,0.0,0.0,1.0,0.0,0.0,0.0,9.0,4.0,0.0,0.0,0.0,0.0,0.0,0.0,0.0,0.0,6.0,12.0,1.0,12.17,5.01,2.51,1.49,0.0,0.0,0.0,301.1,0.0,-0.2,-1.0,1.6,98.8,0.0,0.0,261.2,0.0,21.4,35.5,35.5,37.3,300.0,300.0,30.200000000000003,34.7,35.1,34.7,36.5,4.95,1.99,4.96,0.16,0.0,0.0,1027.0,8228.0,0.0,0.0,0.0,0.0,0.0,1.0,0.0,0.0,0.0,0.0,0.0,0.0,0.0,0.5,0.0,0.0,16.0,25903.0
2026-07-30T18:58:28.811Z,78.294,78.306,0.0,7.4,0.0,0.0,0.0,0.0,0.0,0.0,0.0,0.0,1.0,0.0,0.0,0.0,9.0,4.0,0.0,0.0,0.0,0.0,0.0,0.0,0.0,0.0,1.0,12.0,1.0,12.17,5.01,2.51,1.49,0.0,0.0,0.0,301.1,0.0,0.3,-1.0,-0.6000000000000001,98.8,0.0,0.0,261.2,0.0,21.4,35.5,35.5,37.3,300.0,300.0,30.200000000000003,34.7,35.1,34.7,36.5,4.95,1.99,4.96,0.16,0.0,0.0,1027.0,8228.0,0.0,0.0,0.0,0.0,0.0,1.0,0.0,0.0,0.0,0.0,0.0,1.1,0.0,0.7000000000000001,0.0,-0.0001,16.0,25903.0
2026-07-30T18:58:28.822Z,78.305,78.318,-0.1,7.4,0.0,0.0,0.0,0.0,0.0,0.0,0.0,0.0,1.0,0.0,0.0,0.0,9.0,4.0,0.0,0.0,0.0,0.0,0.0,0.0,0.0,0.0,2.0,12.0,1.0,12.17,5.01,2.51,1.49,0.0,0.0,0.0,301.1,0.0,0.3,1.3,-0.1,98.8,0.0,0.0,261.2,0.0,21.4,35.5,35.5,37.3,300.0,300.0,30.200000000000003,34.7,35.1,34.7,36.5,4.95,1.99,4.97,0.16,0.0,0.0,1027.0,8228.0,0.0,0.0,0.0,0.0,0.0,1.0,0.0,0.0,0.0,0.0,0.0,0.3,0.0,-1.4,0.0,-0.0001,16.0,25903.0
2026-07-30T18:58:28.834Z,78.317,78.33,0.0,7.4,0.0,0.0,0.0,0.0,0.0,0.0,0.0,0.0,1.0,0.0,0.0,0.0,9.0,4.0,0.0,0.0,0.0,0.0,0.0,0.0,0.0,0.0,3.0,12.0,1.0,12.17,5.01,2.51,1.49,0.0,0.0,0.0,301.0,0.0,0.3,-0.4,0.4,98.8,0.0,0.0,261.2,0.0,21.4,35.5,35.5,37.3,300.0,300.0,30.200000000000003,34.7,35.1,34.7,36.5,4.95,1.99,4.97,0.16,0.0,0.0,1027.0,8228.0,0.0,0.0,0.0,0.0,0.0,1.0,0.0,0.0,0.0,0.0,0.0,-0.4,0.0,0.1,0.0,-0.0001,16.0,25903.0
2026-07-30T18:58:28.855Z,78.338,78.342,0.0,7.4,0.0,0.0,0.0,0.0,0.0,0.0,0.0,0.0,1.0,0.0,0.0,0.0,9.0,4.0,0.0,0.0,0.0,0.0,0.0,0.0,0.0,0.0,4.0,12.0,1.0,12.17,5.01,2.5,1.49,0.0,0.0,0.0,301.1,0.0,-0.2,-1.0,-0.7000000000000001,98.8,0.0,0.0,261.2,0.0,21.4,35.5,35.5,37.3,300.0,300.0,30.1,34.6,35.1,34.6,36.4,4.96,1.99,4.96,0.15,0.0,0.0,1027.0,8228.0,0.0,0.0,0.0,0.0,0.0,1.0,0.0,0.0,0.0,0.0,0.0,0.4,0.0,1.6,0.0,-0.0001,16.0,25903.0
2026-07-30T18:58:28.858Z,78.341,78.354,0.0,7.4,0.0,0.0,0.0,0.0,0.0,0.0,0.0,0.0,1.0,0.0,0.0,0.0,9.0,4.0,0.0,0.0,0.0,0.0,0.0,0.0,0.0,0.0,1.0,12.0,1.0,12.17,5.01,2.5,1.49,0.0,0.0,0.0,301.1,0.0,-0.7000000000000001,-0.4,-0.1,98.8,0.0,0.0,261.2,0.0,21.4,35.5,35.5,37.3,300.0,300.0,30.1,34.6,35.1,34.6,36.4,4.95,1.99,4.97,0.15,0.0,0.0,1027.0,8228.0,0.0,0.0,0.0,0.0,0.0,1.0,0.0,0.0,0.0,0.0,0.0,0.0,0.0,0.5,0.0,-0.0001,16.0,25903.0
2026-07-30T18:58:28.870Z,78.353,78.366,-0.1,7.4,0.0,0.0,0.0,0.0,0.0,0.0,0.0,0.0,1.0,0.0,0.0,0.0,9.0,4.0,0.0,0.0,0.0,0.0,0.0,0.0,0.0,0.0,1.0,12.0,1.0,12.17,5.01,2.5,1.49,0.0,0.0,0.0,301.0,0.0,-0.2,0.6000000000000001,-1.9,98.8,0.0,0.0,261.2,0.0,21.4,35.5,35.5,37.3,300.0,300.0,30.1,34.6,35.1,34.6,36.4,4.95,2.0,4.96,0.16,0.0,0.0,1027.0,8228.0,0.0,0.0,0.0,0.0,0.0,1.0,0.0,0.0,0.0,0.0,0.0,1.8,0.0,0.6000000000000001,0.0,-0.0001,16.0,25903.0
2026-07-30T18:58:28.883Z,78.366,78.378,0.0,7.4,0.0,0.0,0.0,0.0,0.0,0.0,0.0,0.0,1.0,0.0,0.0,0.0,9.0,4.0,0.0,0.0,0.0,0.0,0.0,0.0,0.0,0.0,2.0,12.0,1.0,12.17,5.01,2.5,1.49,0.0,0.0,0.0,301.1,0.0,-0.2,0.1,-0.7000000000000001,98.8,0.0,0.0,261.2,0.0,21.4,35.5,35.5,37.3,300.0,300.0,30.1,34.6,35.1,34.6,36.4,4.96,1.99,4.96,0.16,0.0,0.0,1027.0,8228.0,0.0,0.0,0.0,0.0,0.0,1.0,0.0,0.0,0.0,0.0,0.0,0.7000000000000001,0.0,0.4,0.0,-0.0001,16.0,25903.0
2026-07-30T18:58:28.895Z,78.378,78.39,0.0,7.4,0.0,0.0,0.0,0.0,0.0,0.0,0.0,0.0,1.0,0.0,0.0,0.0,9.0,4.0,0.0,0.0,0.0,0.0,0.0,0.0,0.0,0.0,2.0,12.0,1.0,12.17,5.01,2.5,1.49,0.0,0.0,0.0,301.0,0.0,0.3,0.1,-0.1,98.8,0.0,0.0,261.2,0.0,21.4,35.5,35.5,37.3,300.0,300.0,30.1,34.6,35.1,34.6,36.4,4.95,1.99,4.97,0.16,0.0,0.0,1027.0,8228.0,0.0,0.0,0.0,0.0,0.0,1.0,0.0,0.0,0.0,0.0,0.0,0.1,0.0,0.0,0.0,-0.0001,16.0,25903.0
2026-07-30T18:58:28.907Z,78.39,78.402,0.0,7.4,0.0,0.0,0.0,0.0,0.0,0.0,0.0,0.0,1.0,0.0,0.0,0.0,9.0,4.0,0.0,0.0,0.0,0.0,0.0,0.0,0.0,0.0,3.0,12.0,1.0,12.17,5.01,2.5,1.49,0.0,0.1,0.0,301.0,0.0,-0.8,0.1,-0.6000000000000001,98.8,0.0,0.0,261.2,0.0,21.4,35.5,35.5,37.3,300.0,300.0,30.1,34.6,35.1,34.6,36.4,4.95,1.99,4.97,0.16,0.0,0.0,1027.0,8228.0,0.0,0.0,0.0,0.0,0.0,1.0,0.0,0.0,0.0,0.0,0.0,0.6000000000000001,0.0,0.3,0.0,-0.0001,16.0,25903.0
2026-07-30T18:58:28.918Z,78.401,78.414,0.0,7.4,0.0,0.0,0.0,0.0,0.0,0.0,0.0,0.0,1.0,0.0,0.0,0.0,9.0,4.0,0.0,0.0,0.0,0.0,0.0,0.0,0.0,0.0,4.0,12.0,1.0,12.17,5.01,2.5,1.49,0.0,0.1,0.0,301.1,0.0,0.8,1.8,1.0,98.8,0.0,0.0,261.2,0.0,21.4,35.5,35.5,37.3,300.0,300.0,30.1,34.6,35.1,34.6,36.4,4.95,2.0,4.96,0.16,0.0,0.0,1027.0,8228.0,0.0,0.0,0.0,0.0,0.0,1.0,0.0,0.0,0.0,0.0,0.0,-0.5,0.0,-2.8000000000000003,0.0,-0.0001,16.0,25903.0
2026-07-30T18:58:28.930Z,78.413,78.426,0.0,7.4,0.0,0.0,0.0,0.0,0.0,0.0,0.0,0.0,1.0,0.0,0.0,0.0,9.0,4.0,0.0,0.0,0.0,0.0,0.0,0.0,0.0,0.0,6.0,12.0,1.0,12.17,5.01,2.5,1.49,0.0,0.0,0.0,301.1,0.0,0.2,0.1,-0.2,98.8,0.0,0.0,261.2,0.0,21.4,35.5,35.5,37.3,300.0,300.0,30.1,34.6,35.1,34.6,36.4,4.96,1.99,4.96,0.16,0.0,0.0,1027.0,8228.0,0.0,0.0,0.0,0.0,0.0,1.0,0.0,0.0,0.0,0.0,0.0,0.2,0.0,0.0,0.0,-0.0001,16.0,25903.0
2026-07-30T18:58:28.943Z,78.426,78.438,0.0,7.4,0.0,0.0,0.0,0.0,0.0,0.0,0.0,0.0,1.0,0.0,0.0,0.0,9.0,4.0,0.0,0.0,0.0,0.0,0.0,0.0,0.0,0.0,1.0,12.0,1.0,12.15,5.0200000000000005,2.5,1.49,0.0,0.0,0.0,301.0,0.0,0.8,-1.0,-0.8,98.8,0.0,0.0,261.2,0.0,21.700000000000003,35.5,35.5,37.3,300.0,300.0,30.200000000000003,34.7,35.1,34.6,36.3,4.95,1.99,4.97,0.16,0.0,0.0,1027.0,8228.0,0.0,0.0,0.0,0.0,0.0,1.0,0.0,0.0,0.0,0.0,0.0,0.5,0.0,1.7000000000000002,0.0,-0.0001,16.0,25903.0
2026-07-30T18:58:28.954Z,78.437,78.45,0.0,7.4,0.0,0.0,0.0,0.0,0.0,0.0,0.0,0.0,1.0,0.0,0.0,0.0,9.0,4.0,0.0,0.0,0.0,0.0,0.0,0.0,0.0,0.0,2.0,12.0,1.0,12.15,5.0200000000000005,2.5,1.49,0.0,0.0,0.0,301.0,0.0,-0.2,-0.4,-0.2,98.8,0.0,0.0,261.2,0.0,21.700000000000003,35.5,35.5,37.3,300.0,300.0,30.200000000000003,34.7,35.1,34.6,36.3,4.96,2.0,4.96,0.16,0.0,0.0,1027.0,8228.0,0.0,0.0,0.0,0.0,0.0,1.0,0.0,0.0,0.0,0.0,0.0,0.1,0.0,0.7000000000000001,0.0,-0.0001,16.0,25903.0
2026-07-30T18:58:28.966Z,78.449,78.462,0.0,7.4,0.0,0.0,0.0,0.0,0.0,0.0,0.0,0.0,1.0,0.0,0.0,0.0,9.0,4.0,0.0,0.0,0.0,0.0,0.0,0.0,0.0,0.0,3.0,12.0,1.0,12.15,5.0200000000000005,2.5,1.49,0.0,0.0,0.0,301.0,0.0,0.2,0.0,-0.8,98.8,0.0,0.0,261.2,0.0,21.700000000000003,35.5,35.5,37.3,300.0,300.0,30.200000000000003,34.7,35.1,34.6,36.3,4.96,2.0,4.96,0.16,0.0,0.0,1027.0,8228.0,0.0,0.0,0.0,0.0,0.0,1.0,0.0,0.0,0.0,0.0,0.0,0.7000000000000001,0.0,0.5,0.0,-0.0001,16.0,25903.0
2026-07-30T18:58:28.978Z,78.461,78.474,0.0,7.4,0.0,0.0,0.0,0.0,0.0,0.0,0.0,0.0,1.0,0.0,0.0,0.0,9.0,4.0,0.0,0.0,0.0,0.0,0.0,0.0,0.0,0.0,5.0,12.0,1.0,12.15,5.0200000000000005,2.5,1.49,0.0,0.0,0.0,301.1,0.0,0.3,0.0,-0.2,98.8,0.0,0.0,261.2,0.0,21.700000000000003,35.5,35.5,37.3,300.0,300.0,30.200000000000003,34.7,35.1,34.6,36.3,4.95,1.99,4.96,0.16,0.0,0.0,1027.0,8228.0,0.0,0.0,0.0,0.0,0.0,1.0,0.0,0.0,0.0,0.0,0.0,0.2,0.0,0.0,0.0,-0.0001,16.0,25903.0
2026-07-30T18:58:28.990Z,78.473,78.486,0.0,7.4,0.0,0.0,0.0,0.0,0.0,0.0,0.0,0.0,1.0,0.0,0.0,0.0,9.0,4.0,0.0,0.0,0.0,0.0,0.0,0.0,0.0,0.0,6.0,12.0,1.0,12.15,5.0200000000000005,2.5,1.49,0.0,0.0,0.0,301.1,0.0,-0.2,0.1,-1.3,98.8,0.0,0.0,261.2,0.0,21.700000000000003,35.5,35.5,37.3,300.0,300.0,30.200000000000003,34.7,35.1,34.6,36.3,4.95,1.99,4.97,0.16,0.0,0.0,1027.0,8228.0,0.0,0.0,0.0,0.0,0.0,1.0,0.0,0.0,0.0,0.0,0.0,1.2000000000000002,0.0,0.8,0.0,-0.0001,16.0,25903.0
2026-07-30T18:58:29.002Z,78.485,78.498,0.0,7.4,0.0,0.0,0.0,0.0,0.0,0.0,0.0,0.0,1.0,0.0,0.0,0.0,9.0,4.0,0.0,0.0,0.0,0.0,0.0,0.0,0.0,0.0,1.0,12.0,1.0,12.15,5.0200000000000005,2.5,1.49,0.0,0.0,0.0,301.1,0.0,0.8,0.1,-0.2,98.8,0.0,0.0,261.2,0.0,21.700000000000003,35.5,35.5,37.3,300.0,300.0,30.200000000000003,34.7,35.1,34.6,36.3,4.96,1.99,4.96,0.16,0.0,0.0,1027.0,8228.0,0.0,0.0,0.0,0.0,0.0,1.0,0.0,0.0,0.0,0.0,0.0,0.2,0.0,0.0,0.0,-0.0001,16.0,25903.0
2026-07-30T18:58:29.014Z,78.497,78.51,0.0,7.4,0.0,0.0,0.0,0.0,0.0,0.0,0.0,0.0,1.0,0.0,0.0,0.0,9.0,4.0,0.0,0.0,0.0,0.0,0.0,0.0,0.0,0.0,2.0,12.0,1.0,12.15,5.0200000000000005,2.5,1.49,0.0,0.0,0.0,301.1,0.0,0.3,1.3,0.4,98.8,0.0,0.0,261.2,0.0,21.700000000000003,35.5,35.5,37.3,300.0,300.0,30.200000000000003,34.7,35.1,34.6,36.3,4.96,1.99,4.97,0.16,0.0,0.0,1027.0,8228.0,0.0,0.0,0.0,0.0,0.0,1.0,0.0,0.0,0.0,0.0,0.0,-0.1,0.0,-1.8,0.0,-0.0001,16.0,25903.0
2026-07-30T18:58:29.027Z,78.51,78.522,0.0,7.4,0.0,0.0,0.0,0.0,0.0,0.0,0.0,0.0,1.0,0.0,0.0,0.0,9.0,4.0,0.0,0.0,0.0,0.0,0.0,0.0,0.0,0.0,3.0,12.0,1.0,12.15,5.0200000000000005,2.5,1.49,0.0,0.0,0.0,301.1,0.0,0.3,0.1,-1.3,98.8,0.0,0.0,261.2,0.0,21.700000000000003,35.5,35.5,37.3,300.0,300.0,30.200000000000003,34.7,35.1,34.6,36.3,4.95,2.0,4.97,0.16,0.0,0.0,1027.0,8228.0,0.0,0.0,0.0,0.0,0.0,1.0,0.0,0.0,0.0,0.0,0.0,1.2000000000000002,0.0,0.7000000000000001,0.0,-0.0001,16.0,25903.0
2026-07-30T18:58:29.039Z,78.522,78.534,0.0,7.4,0.0,0.0,0.0,0.0,0.0,0.0,0.0,0.0,1.0,0.0,0.0,0.0,9.0,4.0,0.0,0.0,0.0,0.0,0.0,0.0,0.0,0.0,4.0,12.0,1.0,12.15,5.0200000000000005,2.5,1.49,0.0,0.0,0.0,301.1,0.0,0.3,0.7000000000000001,2.1,98.8,0.0,0.0,261.2,0.0,21.700000000000003,35.5,35.5,37.3,300.0,300.0,30.200000000000003,34.7,35.1,34.6,36.3,4.96,2.0,4.96,0.16,0.0,0.0,1027.0,8228.0,0.0,0.0,0.0,0.0,0.0,1.0,0.0,0.0,0.0,0.0,0.0,-1.8,0.0,-2.4000000000000004,0.0,-0.0001,16.0,25903.0
2026-07-30T18:58:29.050Z,78.533,78.546,0.0,7.4,0.0,0.0,0.0,0.0,0.0,0.0,0.0,0.0,1.0,0.0,0.0,0.0,9.0,4.0,0.0,0.0,0.0,0.0,0.0,0.0,0.0,0.0,5.0,12.0,1.0,12.15,5.01,2.5,1.49,0.0,0.0,0.0,301.1,0.0,-1.4,0.1,-1.2000000000000002,98.8,0.0,0.0,261.2,0.0,21.700000000000003,35.5,35.5,37.3,300.0,300.0,30.200000000000003,34.6,35.0,34.6,36.3,4.95,1.99,4.96,0.16,0.0,0.0,1027.0,8228.0,0.0,0.0,0.0,0.0,0.0,1.0,0.0,0.0,0.0,0.0,0.0,1.1,0.0,0.7000000000000001,0.0,-0.0001,16.0,25903.0
2026-07-30T18:58:29.062Z,78.545,78.558,0.0,7.4,0.0,0.0,0.0,0.0,0.0,0.0,0.0,0.0,1.0,0.0,0.0,0.0,9.0,4.0,0.0,0.0,0.0,0.0,0.0,0.0,0.0,0.0,6.0,12.0,1.0,12.15,5.01,2.5,1.49,0.0,0.0,0.0,301.0,0.0,-0.2,-0.4,-0.7000000000000001,98.8,0.0,0.0,261.2,0.0,21.700000000000003,35.5,35.5,37.3,300.0,300.0,30.200000000000003,34.6,35.0,34.6,36.3,4.95,1.99,4.97,0.16,0.0,0.0,1027.0,8228.0,0.0,0.0,0.0,0.0,0.0,1.0,0.0,0.0,0.0,0.0,0.0,0.5,0.0,0.9,0.0,-0.0001,16.0,25903.0
2026-07-30T18:58:29.074Z,78.557,78.57000000000001,0.0,7.4,0.0,0.0,0.0,0.0,0.0,0.0,0.0,0.0,1.0,0.0,0.0,0.0,9.0,4.0,0.0,0.0,0.0,0.0,0.0,0.0,0.0,0.0,1.0,12.0,1.0,12.15,5.01,2.5,1.49,0.0,0.0,0.0,301.1,0.0,-0.8,0.2,0.0,98.8,0.0,0.0,261.2,0.0,21.700000000000003,35.5,35.5,37.3,300.0,300.0,30.200000000000003,34.6,35.0,34.6,36.3,4.95,1.99,4.97,0.16,0.0,0.0,1027.0,8228.0,0.0,0.0,0.0,0.0,0.0,1.0,0.0,0.0,0.0,0.0,0.0,0.0,0.0,-0.1,0.0,-0.0001,16.0,25903.0
2026-07-30T18:58:29.086Z,78.569,78.58200000000001,0.0,7.4,0.0,0.0,0.0,0.0,0.0,0.0,0.0,0.0,1.0,0.0,0.0,0.0,9.0,4.0,0.0,0.0,0.0,0.0,0.0,0.0,0.0,0.0,2.0,12.0,1.0,12.15,5.01,2.5,1.49,0.0,0.0,0.0,301.1,0.0,0.9,0.8,0.0,98.8,0.0,0.0,261.2,0.0,21.700000000000003,35.5,35.5,37.3,300.0,300.0,30.200000000000003,34.6,35.0,34.6,36.3,4.96,1.99,4.96,0.16,0.0,0.0,1027.0,8228.0,0.0,0.0,0.0,0.0,0.0,1.0,0.0,0.0,0.0,0.0,0.0,0.2,0.0,-0.8,0.0,-0.0001,16.0,25903.0
2026-07-30T18:58:29.098Z,78.581,78.59400000000001,-0.1,7.4,0.0,0.0,0.0,0.0,0.0,0.0,0.0,0.0,1.0,0.0,0.0,0.0,9.0,4.0,0.0,0.0,0.0,0.0,0.0,0.0,0.0,0.0,3.0,12.0,1.0,12.15,5.01,2.5,1.49,0.0,0.1,0.0,301.1,0.0,0.9,0.8,1.6,98.8,0.0,0.0,261.2,0.0,21.700000000000003,35.5,35.5,37.3,300.0,300.0,30.200000000000003,34.6,35.0,34.6,36.3,4.95,1.99,4.97,0.16,0.0,0.0,1027.0,8228.0,0.0,0.0,0.0,0.0,0.0,1.0,0.0,0.0,0.0,0.0,0.0,-1.3,0.0,-2.1,0.0,-0.0001,16.0,25903.0
2026-07-30T18:58:29.111Z,78.594,78.606,-0.1,7.4,0.0,0.0,0.0,0.0,0.0,0.0,0.0,0.0,1.0,0.0,0.0,0.0,9.0,4.0,0.0,0.0,0.0,0.0,0.0,0.0,0.0,0.0,4.0,12.0,1.0,12.15,5.01,2.5,1.49,0.0,0.0,0.0,301.1,0.0,-0.2,0.1,-0.1,98.8,0.0,0.0,261.2,0.0,21.700000000000003,35.5,35.5,37.3,300.0,300.0,30.200000000000003,34.6,35.0,34.6,36.3,4.95,2.0,4.96,0.16,0.0,0.0,1027.0,8228.0,0.0,0.0,0.0,0.0,0.0,1.0,0.0,0.0,0.0,0.0,0.0,0.1,0.0,-0.1,0.0,-0.0001,16.0,25903.0
2026-07-30T18:58:29.122Z,78.605,78.618,-0.1,7.4,0.0,0.0,0.0,0.0,0.0,0.0,0.0,0.0,1.0,0.0,0.0,0.0,9.0,4.0,0.0,0.0,0.0,0.0,0.0,0.0,0.0,0.0,4.0,12.0,1.0,12.15,5.01,2.5,1.49,0.0,0.0,0.0,301.1,0.0,0.3,0.7000000000000001,0.0,98.8,0.0,0.0,261.2,0.0,21.700000000000003,35.5,35.5,37.3,300.0,300.0,30.200000000000003,34.6,35.0,34.6,36.3,4.96,2.0,4.96,0.16,0.0,0.0,1027.0,8228.0,0.0,0.0,0.0,0.0,0.0,1.0,0.0,0.0,0.0,0.0,0.0,0.2,0.0,-0.7000000000000001,0.0,-0.0001,16.0,25903.0
2026-07-30T18:58:29.134Z,78.617,78.63,-0.1,7.4,0.0,0.0,0.0,0.0,0.0,0.0,0.0,0.0,1.0,0.0,0.0,0.0,9.0,4.0,0.0,0.0,0.0,0.0,0.0,0.0,0.0,0.0,6.0,12.0,1.0,12.15,5.01,2.5,1.49,0.0,0.1,0.0,301.1,0.0,-0.7000000000000001,0.7000000000000001,0.4,98.8,0.0,0.0,261.2,0.0,21.700000000000003,35.5,35.5,37.3,300.0,300.0,30.200000000000003,34.6,35.0,34.6,36.3,4.96,2.0,4.96,0.17,0.0,0.0,1027.0,8228.0,0.0,0.0,0.0,0.0,0.0,1.0,0.0,0.0,0.0,0.0,0.0,-0.2,0.0,-1.1,0.0,-0.0001,16.0,25903.0
2026-07-30T18:58:29.147Z,78.63,78.642,-0.1,7.4,0.0,0.0,0.0,0.0,0.0,0.0,0.0,0.0,1.0,0.0,0.0,0.0,9.0,4.0,0.0,0.0,0.0,0.0,0.0,0.0,0.0,0.0,1.0,12.0,1.0,12.17,5.01,2.51,1.49,0.0,0.0,0.0,301.1,0.0,-0.7000000000000001,-0.9,-1.2000000000000002,98.8,0.0,0.0,261.2,0.0,21.0,35.5,35.5,37.3,300.0,300.0,30.3,34.5,35.0,34.6,36.3,4.96,1.99,4.97,0.17,0.0,0.0,1027.0,8228.0,0.0,0.0,0.0,0.0,0.0,1.0,0.0,0.0,0.0,0.0,0.0,0.9,0.0,2.0,0.0,-0.0001,16.0,25903.0
2026-07-30T18:58:29.158Z,78.641,78.654,-0.1,7.4,0.0,0.0,0.0,0.0,0.0,0.0,0.0,0.0,1.0,0.0,0.0,0.0,9.0,4.0,0.0,0.0,0.0,0.0,0.0,0.0,0.0,0.0,2.0,12.0,1.0,12.17,5.01,2.51,1.49,0.0,0.0,0.0,301.1,0.0,-0.2,0.1,0.4,98.8,0.0,0.0,261.2,0.0,21.0,35.5,35.5,37.3,300.0,300.0,30.3,34.5,35.0,34.6,36.3,4.96,2.0,4.96,0.16,0.0,0.0,1027.0,8228.0,0.0,0.0,0.0,0.0,0.0,1.0,0.0,0.0,0.0,0.0,0.0,-0.3,0.0,-0.4,0.0,-0.0001,16.0,25903.0
2026-07-30T18:58:29.174Z,78.657,78.666,-0.1,7.4,0.0,0.0,0.0,0.0,0.0,0.0,0.0,0.0,1.0,0.0,0.0,0.0,9.0,4.0,0.0,0.0,0.0,0.0,0.0,0.0,0.0,0.0,2.0,12.0,1.0,12.17,5.01,2.51,1.49,0.0,0.0,0.0,301.1,0.0,0.3,0.1,-1.2000000000000002,98.8,0.0,0.0,261.2,0.0,21.0,35.5,35.5,37.3,300.0,300.0,30.3,34.5,35.0,34.6,36.3,4.96,1.99,4.96,0.16,0.0,0.0,1027.0,8228.0,0.0,0.0,0.0,0.0,0.0,1.0,0.0,0.0,0.0,0.0,0.0,1.1,0.0,0.7000000000000001,0.0,-0.0001,16.0,25903.0
2026-07-30T18:58:29.182Z,78.665,78.678,-0.1,7.4,0.0,0.0,0.0,0.0,0.0,0.0,0.0,0.0,1.0,0.0,0.0,0.0,9.0,4.0,0.0,0.0,0.0,0.0,0.0,0.0,0.0,0.0,5.0,12.0,1.0,12.17,5.01,2.51,1.49,0.0,0.0,0.0,301.1,0.0,0.3,0.0,-1.2000000000000002,98.8,0.0,0.0,261.2,0.0,21.0,35.5,35.5,37.3,300.0,300.0,30.3,34.5,35.0,34.6,36.3,4.95,1.99,4.97,0.16,0.0,0.0,1027.0,8228.0,0.0,0.0,0.0,0.0,0.0,1.0,0.0,0.0,0.0,0.0,0.0,1.1,0.0,0.8,0.0,-0.0001,16.0,25903.0
2026-07-30T18:58:29.194Z,78.677,78.69,-0.1,7.4,0.0,0.0,0.0,0.0,0.0,0.0,0.0,0.0,1.0,0.0,0.0,0.0,9.0,4.0,0.0,0.0,0.0,0.0,0.0,0.0,0.0,0.0,1.0,12.0,1.0,12.17,5.01,2.51,1.49,0.0,0.0,0.0,301.1,0.0,0.3,-0.4,-0.1,98.8,0.0,0.0,261.2,0.0,21.0,35.5,35.5,37.3,300.0,300.0,30.3,34.5,35.0,34.6,36.3,4.96,2.0,4.96,0.16,0.0,0.0,1027.0,8228.0,0.0,0.0,0.0,0.0,0.0,1.0,0.0,0.0,0.0,0.0,0.0,0.0,0.0,0.6000000000000001,0.0,-0.0001,16.0,25903.0
2026-07-30T18:58:29.207Z,78.69,78.702,-0.1,7.4,0.0,0.0,0.0,0.0,0.0,0.0,0.0,0.0,1.0,0.0,0.0,0.0,9.0,4.0,0.0,0.0,0.0,0.0,0.0,0.0,0.0,0.0,2.0,12.0,1.0,12.17,5.01,2.51,1.49,0.0,0.0,0.0,301.1,0.0,-0.3,-0.5,-1.2000000000000002,98.8,0.0,0.0,261.2,0.0,21.0,35.5,35.5,37.3,300.0,300.0,30.3,34.5,35.0,34.6,36.3,4.96,2.0,4.97,0.16,0.0,0.0,1027.0,8228.0,0.0,0.0,0.0,0.0,0.0,1.0,0.0,0.0,0.0,0.0,0.0,1.0,0.0,1.5,0.0,0.0,16.0,25903.0
2026-07-30T18:58:29.219Z,78.702,78.714,-0.1,7.4,0.0,0.0,0.0,0.0,0.0,0.0,0.0,0.0,1.0,0.0,0.0,0.0,9.0,4.0,0.0,0.0,0.0,0.0,0.0,0.0,0.0,0.0,3.0,12.0,1.0,12.17,5.01,2.51,1.49,0.0,0.0,0.0,301.1,0.0,0.8,0.0,0.4,98.8,0.0,0.0,261.2,0.0,21.0,35.5,35.5,37.3,300.0,300.0,30.3,34.5,35.0,34.6,36.3,4.95,1.99,4.97,0.16,0.0,0.0,1027.0,8228.0,0.0,0.0,0.0,0.0,0.0,1.0,0.0,0.0,0.0,0.0,0.0,-0.3,0.0,-0.3,0.0,0.0,16.0,25903.0
2026-07-30T18:58:29.230Z,78.713,78.726,-0.1,7.4,0.0,0.0,0.0,0.0,0.0,0.0,0.0,0.0,1.0,0.0,0.0,0.0,9.0,4.0,0.0,0.0,0.0,0.0,0.0,0.0,0.0,0.0,4.0,12.0,1.0,12.17,5.01,2.51,1.49,0.0,0.0,0.0,301.1,0.0,0.2,0.6000000000000001,-0.2,98.8,0.0,0.0,261.2,0.0,21.0,35.5,35.5,37.3,300.0,300.0,30.3,34.5,35.0,34.6,36.3,4.96,1.99,4.97,0.16,0.0,0.0,1027.0,8228.0,0.0,0.0,0.0,0.0,0.0,1.0,0.0,0.0,0.0,0.0,0.0,0.3,0.0,-0.5,0.0,0.0,16.0,25903.0
2026-07-30T18:58:29.243Z,78.726,78.738,-0.1,7.4,0.0,0.0,0.0,0.0,0.0,0.0,0.0,0.0,1.0,0.0,0.0,0.0,9.0,4.0,0.0,0.0,0.0,0.0,0.0,0.0,0.0,0.0,5.0,12.0,1.0,12.17,5.01,2.51,1.49,0.0,0.0,0.0,301.1,0.0,-0.8,0.6000000000000001,-0.1,98.8,0.0,0.0,261.2,0.0,21.0,35.5,35.5,37.3,300.0,300.0,30.3,34.5,35.0,34.6,36.3,4.96,2.0,4.96,0.16,0.0,0.0,1027.0,8228.0,0.0,0.0,0.0,0.0,0.0,1.0,0.0,0.0,0.0,0.0,0.0,0.2,0.0,-0.5,0.0,0.0,16.0,25903.0
2026-07-30T18:58:29.255Z,78.738,78.75,-0.1,7.4,0.0,0.0,0.0,0.0,0.0,0.0,0.0,0.0,1.0,0.0,0.0,0.0,9.0,4.0,0.0,0.0,0.0,0.0,0.0,0.0,0.0,0.0,6.0,12.0,1.0,12.18,5.01,2.5,1.49,0.0,0.0,0.0,301.1,0.0,0.3,0.6000000000000001,0.9,98.8,0.0,0.0,261.2,0.0,21.4,35.5,35.4,37.3,300.0,300.0,30.3,34.5,34.9,34.6,36.2,4.96,1.99,4.96,0.16,0.0,0.0,1027.0,8228.0,0.0,0.0,0.0,0.0,0.0,1.0,0.0,0.0,0.0,0.0,0.0,-0.7000000000000001,0.0,-1.3,0.0,0.0,16.0,25903.0
2026-07-30T18:58:29.267Z,78.75,78.762,0.0,7.4,0.0,0.0,0.0,0.0,0.0,0.0,0.0,0.0,1.0,0.0,0.0,0.0,9.0,4.0,0.0,0.0,0.0,0.0,0.0,0.0,0.0,0.0,1.0,12.0,1.0,12.18,5.01,2.5,1.49,0.0,0.0,0.0,301.0,0.0,0.2,0.6000000000000001,0.3,98.8,0.0,0.0,261.2,0.0,21.4,35.5,35.4,37.3,300.0,300.0,30.3,34.5,34.9,34.6,36.2,4.95,1.99,4.96,0.16,0.0,0.0,1027.0,8228.0,0.0,0.0,0.0,0.0,0.0,1.0,0.0,0.0,0.0,0.0,0.0,-0.1,0.0,-1.0,0.0,0.0,16.0,25903.0
2026-07-30T18:58:29.279Z,78.762,78.774,0.0,7.4,0.0,0.0,0.0,0.0,0.0,0.0,0.0,0.0,1.0,0.0,0.0,0.0,9.0,4.0,0.0,0.0,0.0,0.0,0.0,0.0,0.0,0.0,3.0,12.0,1.0,12.18,5.01,2.5,1.49,0.0,0.0,0.0,301.1,0.0,0.8,0.1,0.8,98.8,0.0,0.0,261.2,0.0,21.4,35.5,35.4,37.3,300.0,300.0,30.3,34.5,34.9,34.6,36.2,4.96,1.99,4.97,0.16,0.0,0.0,1027.0,8228.0,0.0,0.0,0.0,0.0,0.0,1.0,0.0,0.0,0.0,0.0,0.0,-0.7000000000000001,0.0,-0.7000000000000001,0.0,0.0,16.0,25903.0
2026-07-30T18:58:29.291Z,78.774,78.786,0.0,7.4,0.0,0.0,0.0,0.0,0.0,0.0,0.0,0.0,1.0,0.0,0.0,0.0,9.0,4.0,0.0,0.0,0.0,0.0,0.0,0.0,0.0,0.0,3.0,12.0,1.0,12.18,5.01,2.5,1.49,0.0,0.0,0.0,301.1,0.0,-0.3,-1.0,-0.9,98.8,0.0,0.0,261.2,0.0,21.4,35.5,35.4,37.3,300.0,300.0,30.3,34.5,34.9,34.6,36.2,4.95,2.0,4.96,0.16,0.0,0.0,1027.0,8228.0,0.0,0.0,0.0,0.0,0.0,1.0,0.0,0.0,0.0,0.0,0.0,-0.2,0.0,-0.2,0.0,0.0,16.0,25903.0
2026-07-30T18:58:29.303Z,78.786,78.798,0.0,7.4,0.0,0.0,0.0,0.0,0.0,0.0,0.0,0.0,1.0,0.0,0.0,0.0,9.0,4.0,0.0,0.0,0.0,0.0,0.0,0.0,0.0,0.0,4.0,12.0,1.0,12.18,5.01,2.5,1.49,0.0,0.0,0.0,301.1,0.0,0.2,0.0,-0.8,98.8,0.0,0.0,261.2,0.0,21.4,35.5,35.4,37.3,300.0,300.0,30.3,34.5,34.9,34.6,36.2,4.95,1.99,4.97,0.16,0.0,0.0,1027.0,8228.0,0.0,0.0,0.0,0.0,0.0,1.0,0.0,0.0,0.0,0.0,0.0,1.5,0.0,-0.3,0.0,0.0,16.0,25903.0
2026-07-30T18:58:29.315Z,78.798,78.81,0.0,7.4,0.0,0.0,0.0,0.0,0.0,0.0,0.0,0.0,1.0,0.0,0.0,0.0,9.0,4.0,0.0,0.0,0.0,0.0,0.0,0.0,0.0,0.0,5.0,12.0,1.0,12.18,5.01,2.5,1.49,0.0,0.0,0.0,301.1,0.0,0.2,0.0,0.2,98.8,0.0,0.0,261.2,0.0,21.4,35.5,35.4,37.3,300.0,300.0,30.3,34.5,34.9,34.6,36.2,4.95,1.99,4.97,0.16,0.0,0.0,1027.0,8228.0,0.0,0.0,0.0,0.0,0.0,1.0,0.0,0.0,0.0,0.0,0.0,1.3,0.0,1.0,0.0,0.0,16.0,25903.0
2026-07-30T18:58:29.327Z,78.81,78.822,0.0,7.4,0.0,0.0,0.0,0.0,0.0,0.0,0.0,0.0,1.0,0.0,0.0,0.0,9.0,4.0,0.0,0.0,0.0,0.0,0.0,0.0,0.0,0.0,6.0,12.0,1.0,12.18,5.01,2.5,1.49,-0.1,0.1,0.0,301.0,0.0,-0.3,-0.5,0.8,98.8,0.0,0.0,261.2,0.0,21.4,35.5,35.4,37.3,300.0,300.0,30.3,34.5,34.9,34.6,36.2,4.96,1.99,4.96,0.16,0.0,0.0,1027.0,8228.0,0.0,0.0,0.0,0.0,0.0,1.0,0.0,0.0,0.0,0.0,0.0,0.2,0.0,0.8,0.0,0.0,16.0,25903.0
2026-07-30T18:58:29.338Z,78.821,78.834,0.0,7.4,0.0,0.0,0.0,0.0,0.0,0.0,0.0,0.0,1.0,0.0,0.0,0.0,9.0,4.0,0.0,0.0,0.0,0.0,0.0,0.0,0.0,0.0,1.0,12.0,1.0,12.18,5.01,2.5,1.49,0.0,0.0,0.0,301.1,0.0,-0.3,-1.0,0.8,98.8,0.0,0.0,261.2,0.0,21.4,35.5,35.4,37.3,300.0,300.0,30.3,34.5,34.9,34.6,36.2,4.95,1.99,4.97,0.16,0.0,0.0,1027.0,8228.0,0.0,0.0,0.0,0.0,0.0,1.0,0.0,0.0,0.0,0.0,0.0,-0.9,0.0,0.6000000000000001,0.0,0.0,16.0,25903.0
2026-07-30T18:58:29.351Z,78.834,78.846,0.0,7.4,0.0,0.0,0.0,0.0,0.0,0.0,0.0,0.0,1.0,0.0,0.0,0.0,9.0,4.0,0.0,0.0,0.0,0.0,0.0,0.0,0.0,0.0,3.0,12.0,1.0,12.18,5.03,2.51,1.49,0.0,0.0,0.0,301.1,0.0,0.7000000000000001,0.6000000000000001,2.0,98.8,0.0,0.0,261.2,0.0,21.8,35.5,35.4,37.3,300.0,300.0,30.1,34.6,34.9,34.5,36.2,4.95,2.0,4.96,0.16,0.0,0.0,1027.0,8228.0,0.0,0.0,0.0,0.0,0.0,1.0,0.0,0.0,0.0,0.0,0.0,-1.7000000000000002,0.0,-2.2,0.0,0.0,16.0,25903.0
2026-07-30T18:58:29.362Z,78.845,78.858,0.0,7.4,0.0,0.0,0.0,0.0,0.0,0.0,0.0,0.0,1.0,0.0,0.0,0.0,9.0,4.0,0.0,0.0,0.0,0.0,0.0,0.0,0.0,0.0,4.0,12.0,1.0,12.18,5.03,2.51,1.49,0.0,0.0,0.0,301.1,0.0,-0.3,0.0,-0.3,98.8,0.0,0.0,261.2,0.0,21.8,35.5,35.4,37.3,300.0,300.0,30.1,34.6,34.9,34.5,36.2,4.96,2.0,4.96,0.16,0.0,0.0,1027.0,8228.0,0.0,0.0,0.0,0.0,0.0,1.0,0.0,0.0,0.0,0.0,0.0,0.3,0.0,0.1,0.0,0.0,16.0,25903.0
2026-07-30T18:58:29.375Z,78.858,78.87,0.0,7.4,0.0,0.0,0.0,0.0,0.0,0.0,0.0,0.0,1.0,0.0,0.0,0.0,9.0,4.0,0.0,0.0,0.0,0.0,0.0,0.0,0.0,0.0,5.0,12.0,1.0,12.18,5.03,2.51,1.49,0.0,0.0,0.0,301.1,0.0,-0.9,-1.0,-0.9,98.8,0.0,0.0,261.2,0.0,21.8,35.5,35.4,37.3,300.0,300.0,30.1,34.6,34.9,34.5,36.2,4.95,2.0,4.97,0.16,0.0,0.0,1027.0,8228.0,0.0,0.0,0.0,0.0,0.0,1.0,0.0,0.0,0.0,0.0,0.0,0.6000000000000001,0.0,1.8,0.0,0.0,16.0,25903.0
2026-07-30T18:58:29.386Z,78.869,78.882,0.0,7.4,0.0,0.0,0.0,0.0,0.0,0.0,0.0,0.0,1.0,0.0,0.0,0.0,9.0,4.0,0.0,0.0,0.0,0.0,0.0,0.0,0.0,0.0,1.0,12.0,1.0,12.18,5.03,2.51,1.49,0.0,0.0,0.0,301.1,0.0,-0.9,-1.1,0.2,98.8,0.0,0.0,261.2,0.0,21.8,35.5,35.4,37.3,300.0,300.0,30.1,34.6,34.9,34.5,36.2,4.96,1.99,4.97,0.16,0.0,0.0,1027.0,8228.0,0.0,0.0,0.0,0.0,0.0,1.0,0.0,0.0,0.0,0.0,0.0,-0.3,0.0,1.1,0.0,0.0,16.0,25903.0
2026-07-30T18:58:29.398Z,78.881,78.894,0.0,7.4,0.0,0.0,0.0,0.0,0.0,0.0,0.0,0.0,1.0,0.0,0.0,0.0,9.0,4.0,0.0,0.0,0.0,0.0,0.0,0.0,0.0,0.0,2.0,12.0,1.0,12.18,5.03,2.51,1.49,0.0,0.1,0.0,301.0,0.0,-0.3,1.2000000000000002,0.7000000000000001,98.8,0.0,0.0,261.2,0.0,21.8,35.5,35.4,37.3,300.0,300.0,30.1,34.6,34.9,34.5,36.2,4.96,2.0,4.96,0.16,0.0,0.0,1027.0,8228.0,0.0,0.0,0.0,0.0,0.0,1.0,0.0,0.0,0.0,0.0,0.0,-0.4,0.0,-1.9,0.0,0.0,16.0,25903.0
2026-07-30T18:58:29.410Z,78.893,78.906,0.0,7.4,0.0,0.0,0.0,0.0,0.0,0.0,0.0,0.0,1.0,0.0,0.0,0.0,9.0,4.0,0.0,0.0,0.0,0.0,0.0,0.0,0.0,0.0,4.0,12.0,1.0,12.18,5.03,2.51,1.49,0.0,0.0,0.0,301.1,0.0,-0.3,0.0,0.7000000000000001,98.8,0.0,0.0,261.2,0.0,21.8,35.5,35.4,37.3,300.0,300.0,30.1,34.6,34.9,34.5,36.2,4.96,1.99,4.96,0.16,0.0,0.0,1027.0,8228.0,0.0,0.0,0.0,0.0,0.0,1.0,0.0,0.0,0.0,0.0,0.0,-0.7000000000000001,0.0,-0.5,0.0,-0.0001,16.0,25903.0
2026-07-30T18:58:29.422Z,78.905,78.918,0.0,7.4,0.0,0.0,0.0,0.0,0.0,0.0,0.0,0.0,1.0,0.0,0.0,0.0,9.0,4.0,0.0,0.0,0.0,0.0,0.0,0.0,0.0,0.0,5.0,12.0,1.0,12.18,5.03,2.51,1.49,0.0,0.0,0.0,301.1,0.0,-0.3,-1.1,-1.5,98.8,0.0,0.0,261.2,0.0,21.8,35.5,35.4,37.3,300.0,300.0,30.1,34.6,34.9,34.5,36.2,4.95,1.99,4.97,0.16,0.0,0.0,1027.0,8228.0,0.0,0.0,0.0,0.0,0.0,1.0,0.0,0.0,0.0,0.0,0.0,1.2000000000000002,0.0,2.4000000000000004,0.0,-0.0001,16.0,25903.0
2026-07-30T18:58:29.434Z,78.917,78.93,0.0,7.4,0.0,0.0,0.0,0.0,0.0,0.0,0.0,0.0,1.0,0.0,0.0,0.0,9.0,4.0,0.0,0.0,0.0,0.0,0.0,0.0,0.0,0.0,6.0,12.0,1.0,12.18,5.03,2.51,1.49,0.0,0.0,0.0,301.1,0.0,-0.3,-0.5,-0.3,98.8,0.0,0.0,261.2,0.0,21.8,35.5,35.4,37.3,300.0,300.0,30.1,34.6,34.9,34.5,36.2,4.96,1.99,4.97,0.16,0.0,0.0,1027.0,8228.0,0.0,0.0,0.0,0.0,0.0,1.0,0.0,0.0,0.0,0.0,0.0,0.2,0.0,0.9,0.0,-0.0001,16.0,25903.0
2026-07-30T18:58:29.447Z,78.93,78.94200000000001,0.0,7.4,0.0,0.0,0.0,0.0,0.0,0.0,0.0,0.0,1.0,0.0,0.0,0.0,9.0,4.0,0.0,0.0,0.0,0.0,0.0,0.0,0.0,0.0,2.0,12.0,1.0,12.18,5.03,2.51,1.49,0.0,0.0,0.0,301.0,0.0,0.2,1.1,0.8,98.8,0.0,0.0,261.2,0.0,21.8,35.5,35.4,37.3,300.0,300.0,30.1,34.6,34.9,34.5,36.2,4.96,1.99,4.96,0.16,0.0,0.0,1027.0,8228.0,0.0,0.0,0.0,0.0,0.0,1.0,0.0,0.0,0.0,0.0,0.0,-0.5,0.0,-1.9,0.0,-0.0001,16.0,25903.0
2026-07-30T18:58:29.458Z,78.941,78.95400000000001,0.0,7.4,0.0,0.0,0.0,0.0,0.0,0.0,0.0,0.0,1.0,0.0,0.0,0.0,9.0,4.0,0.0,0.0,0.0,0.0,0.0,0.0,0.0,0.0,4.0,12.0,1.0,12.17,5.01,2.51,1.49,0.0,0.0,0.0,301.1,0.0,-0.3,1.1,0.3,98.8,0.0,0.0,261.2,0.0,21.700000000000003,35.5,35.4,37.3,300.0,300.0,30.1,34.5,34.9,34.5,36.2,4.96,1.99,4.96,0.16,0.0,0.0,1027.0,8228.0,0.0,0.0,0.0,0.0,0.0,1.0,0.0,0.0,0.0,0.0,0.0,0.0,0.0,-1.5,0.0,-0.0001,16.0,25903.0
2026-07-30T18:58:29.470Z,78.953,78.96600000000001,0.0,7.4,0.0,0.0,0.0,0.0,0.0,0.0,0.0,0.0,1.0,0.0,0.0,0.0,9.0,4.0,0.0,0.0,0.0,0.0,0.0,0.0,0.0,0.0,5.0,12.0,1.0,12.17,5.01,2.51,1.49,0.0,0.0,0.0,301.1,0.0,0.2,-0.5,0.3,98.8,0.0,0.0,261.2,0.0,21.700000000000003,35.5,35.4,37.3,300.0,300.0,30.1,34.5,34.9,34.5,36.2,4.95,1.99,4.96,0.16,0.0,0.0,1027.0,8228.0,0.0,0.0,0.0,0.0,0.0,1.0,0.0,0.0,0.0,0.0,0.0,-0.3,0.0,0.3,0.0,-0.0001,16.0,25903.0
2026-07-30T18:58:29.486Z,78.969,78.97800000000001,0.0,7.4,0.0,0.0,0.0,0.0,0.0,0.0,0.0,0.0,1.0,0.0,0.0,0.0,9.0,4.0,0.0,0.0,0.0,0.0,0.0,0.0,0.0,0.0,1.0,12.0,1.0,12.17,5.01,2.51,1.49,0.0,0.0,0.0,301.1,0.0,0.2,-0.5,-0.2,98.8,0.0,0.0,261.2,0.0,21.700000000000003,35.5,35.4,37.3,300.0,300.0,30.1,34.5,34.9,34.5,36.2,4.96,2.0,4.96,0.16,0.0,0.0,1027.0,8228.0,0.0,0.0,0.0,0.0,0.0,1.0,0.0,0.0,0.0,0.0,0.0,0.1,0.0,0.7000000000000001,0.0,-0.0001,16.0,25903.0
2026-07-30T18:58:29.494Z,78.977,78.99,0.0,7.4,0.0,0.0,0.0,0.0,0.0,0.0,0.0,0.0,1.0,0.0,0.0,0.0,9.0,4.0,0.0,0.0,0.0,0.0,0.0,0.0,0.0,0.0,5.0,12.0,1.0,12.17,5.01,2.51,1.49,0.0,0.0,0.0,301.1,0.0,0.2,-0.5,-0.2,98.8,0.0,0.0,261.2,0.0,21.700000000000003,35.5,35.4,37.3,300.0,300.0,30.1,34.5,34.9,34.5,36.2,4.96,1.99,4.97,0.16,0.0,0.0,1027.0,8228.0,0.0,0.0,0.0,0.0,0.0,1.0,0.0,0.0,0.0,0.0,0.0,0.1,0.0,0.8,0.0,-0.0001,16.0,25903.0
2026-07-30T18:58:29.506Z,78.989,79.002,0.0,7.4,0.0,0.0,0.0,0.0,0.0,0.0,0.0,0.0,1.0,0.0,0.0,0.0,9.0,4.0,0.0,0.0,0.0,0.0,0.0,0.0,0.0,0.0,6.0,12.0,1.0,12.17,5.01,2.51,1.49,0.0,0.0,0.0,301.1,0.0,-0.3,-0.5,-0.3,98.8,0.0,0.0,261.2,0.0,21.700000000000003,35.5,35.4,37.3,300.0,300.0,30.1,34.5,34.9,34.5,36.2,4.95,1.99,4.97,0.16,0.0,0.0,1027.0,8228.0,0.0,0.0,0.0,0.0,0.0,1.0,0.0,0.0,0.0,0.0,0.0,0.1,0.0,0.8,0.0,-0.0001,16.0,25903.0
2026-07-30T18:58:29.518Z,79.001,79.014,0.0,7.4,0.0,0.0,0.0,0.0,0.0,0.0,0.0,0.0,1.0,0.0,0.0,0.0,9.0,4.0,0.0,0.0,0.0,0.0,0.0,0.0,0.0,0.0,1.0,12.0,1.0,12.17,5.01,2.51,1.49,0.0,0.0,0.0,301.1,0.0,-0.9,-0.5,-0.8,98.8,0.0,0.0,261.2,0.0,21.700000000000003,35.5,35.4,37.3,300.0,300.0,30.1,34.5,34.9,34.5,36.2,4.95,1.99,4.96,0.16,0.0,0.0,1027.0,8228.0,0.0,0.0,0.0,0.0,0.0,1.0,0.0,0.0,0.0,0.0,0.0,0.6000000000000001,0.0,1.2000000000000002,0.0,-0.0001,16.0,25903.0
2026-07-30T18:58:29.531Z,79.014,79.026,0.0,7.4,0.0,0.0,0.0,0.0,0.0,0.0,0.0,0.0,1.0,0.0,0.0,0.0,9.0,4.0,0.0,0.0,0.0,0.0,0.0,0.0,0.0,0.0,2.0,12.0,1.0,12.17,5.01,2.51,1.49,0.0,0.0,0.0,301.1,0.0,0.2,0.6000000000000001,-0.2,98.8,0.0,0.0,261.2,0.0,21.700000000000003,35.5,35.4,37.3,300.0,300.0,30.1,34.5,34.9,34.5,36.2,4.95,1.99,4.97,0.16,0.0,0.0,1027.0,8228.0,0.0,0.0,0.0,0.0,0.0,1.0,0.0,0.0,0.0,0.0,0.0,0.3,0.0,-0.5,0.0,-0.0001,16.0,25903.0
2026-07-30T18:58:29.542Z,79.025,79.038,0.0,7.4,0.0,0.0,0.0,0.0,0.0,0.0,0.0,0.0,1.0,0.0,0.0,0.0,9.0,4.0,0.0,0.0,0.0,0.0,0.0,0.0,0.0,0.0,3.0,12.0,1.0,12.17,5.01,2.51,1.49,0.0,0.0,0.0,301.1,0.0,1.4,0.0,-0.2,98.8,0.0,0.0,261.2,0.0,21.700000000000003,35.5,35.4,37.3,300.0,300.0,30.1,34.5,34.9,34.5,36.2,4.95,1.99,4.97,0.16,0.0,0.0,1027.0,8228.0,0.0,0.0,0.0,0.0,0.0,1.0,0.0,0.0,0.0,0.0,0.0,0.2,0.0,0.1,0.0,-0.0001,16.0,25903.0
2026-07-30T18:58:29.556Z,79.039,79.05,0.0,7.4,0.0,0.0,0.0,0.0,0.0,0.0,0.0,0.0,1.0,0.0,0.0,0.0,9.0,4.0,0.0,0.0,0.0,0.0,0.0,0.0,0.0,0.0,4.0,12.0,1.0,12.17,5.0200000000000005,2.51,1.49,0.0,0.0,0.0,301.1,0.0,-0.3,-0.5,-1.4,98.8,0.0,0.0,261.2,0.0,21.8,35.5,35.4,37.3,300.0,300.0,30.0,34.5,34.9,34.5,36.2,4.95,2.0,4.97,0.16,0.0,0.0,1027.0,8228.0,0.0,0.0,0.0,0.0,0.0,1.0,0.0,0.0,0.0,0.0,0.0,1.2000000000000002,0.0,1.6,0.0,-0.0001,16.0,25903.0
2026-07-30T18:58:29.566Z,79.049,79.062,0.0,7.4,0.0,0.0,0.0,0.0,0.0,0.0,0.0,0.0,1.0,0.0,0.0,0.0,9.0,4.0,0.0,0.0,0.0,0.0,0.0,0.0,0.0,0.0,6.0,12.0,1.0,12.17,5.0200000000000005,2.51,1.49,0.0,0.0,0.0,301.1,0.0,0.2,-0.5,-0.7000000000000001,98.8,0.0,0.0,261.2,0.0,21.8,35.5,35.4,37.3,300.0,300.0,30.0,34.5,34.9,34.5,36.2,4.95,2.0,4.96,0.16,0.0,0.0,1027.0,8228.0,0.0,0.0,0.0,0.0,0.0,1.0,0.0,0.0,0.0,0.0,0.0,0.6000000000000001,0.0,1.1,0.0,-0.0001,16.0,25903.0
2026-07-30T18:58:29.579Z,79.062,79.074,0.0,7.4,0.0,0.0,0.0,0.0,0.0,0.0,0.0,0.0,1.0,0.0,0.0,0.0,9.0,4.0,0.0,0.0,0.0,0.0,0.0,0.0,0.0,0.0,1.0,12.0,1.0,12.17,5.0200000000000005,2.51,1.49,0.0,0.0,0.0,301.1,0.0,0.2,-0.5,-0.2,98.8,0.0,0.0,261.2,0.0,21.8,35.5,35.4,37.3,300.0,300.0,30.0,34.5,34.9,34.5,36.2,4.95,1.99,4.97,0.16,0.0,0.0,1027.0,8228.0,0.0,0.0,0.0,0.0,0.0,1.0,0.0,0.0,0.0,0.0,0.0,0.1,0.0,0.7000000000000001,0.0,-0.0001,16.0,25903.0
2026-07-30T18:58:29.591Z,79.074,79.086,0.0,7.4,0.0,0.0,0.0,0.0,0.0,0.0,0.0,0.0,1.0,0.0,0.0,0.0,9.0,4.0,0.0,0.0,0.0,0.0,0.0,0.0,0.0,0.0,2.0,12.0,1.0,12.17,5.0200000000000005,2.51,1.49,0.0,0.0,0.0,301.1,0.0,0.2,1.2000000000000002,0.8,98.8,0.0,0.0,261.2,0.0,21.8,35.5,35.4,37.3,300.0,300.0,30.0,34.5,34.9,34.5,36.2,4.95,1.99,4.96,0.16,0.0,0.0,1027.0,8228.0,0.0,0.0,0.0,0.0,0.0,1.0,0.0,0.0,0.0,0.0,0.0,-0.5,0.0,-2.0,0.0,0.0,16.0,25903.0
2026-07-30T18:58:29.602Z,79.085,79.098,0.0,7.4,0.0,0.0,0.0,0.0,0.0,0.0,0.0,0.0,1.0,0.0,0.0,0.0,9.0,4.0,0.0,0.0,0.0,0.0,0.0,0.0,0.0,0.0,3.0,12.0,1.0,12.17,5.0200000000000005,2.51,1.49,0.0,0.0,0.0,301.1,0.0,0.2,-1.1,-0.2,98.8,0.0,0.0,261.2,0.0,21.8,35.5,35.4,37.3,300.0,300.0,30.0,34.5,34.9,34.5,36.2,4.96,1.99,4.96,0.16,0.0,0.0,1027.0,8228.0,0.0,0.0,0.0,0.0,0.0,1.0,0.0,0.0,0.0,0.0,0.0,0.0,0.0,1.4,0.0,0.0,16.0,25903.0
2026-07-30T18:58:29.614Z,79.097,79.11,0.0,7.4,0.0,0.0,0.0,0.0,0.0,0.0,0.0,0.0,1.0,0.0,0.0,0.0,9.0,4.0,0.0,0.0,0.0,0.0,0.0,0.0,0.0,0.0,4.0,12.0,1.0,12.17,5.0200000000000005,2.51,1.49,0.0,0.0,0.0,301.1,0.0,-0.3,-1.0,-0.8,98.8,0.0,0.0,261.2,0.0,21.8,35.5,35.4,37.3,300.0,300.0,30.0,34.5,34.9,34.5,36.2,4.95,1.99,4.96,0.16,0.0,0.0,1027.0,8228.0,0.0,0.0,0.0,0.0,0.0,1.0,0.0,0.0,0.0,0.0,0.0,0.5,0.0,1.8,0.0,0.0,16.0,25903.0
2026-07-30T18:58:29.626Z,79.109,79.122,0.0,7.4,0.0,0.0,0.0,0.0,0.0,0.0,0.0,0.0,1.0,0.0,0.0,0.0,9.0,4.0,0.0,0.0,0.0,0.0,0.0,0.0,0.0,0.0,5.0,12.0,1.0,12.17,5.0200000000000005,2.51,1.49,0.0,0.0,0.0,301.1,0.0,-0.9,0.6000000000000001,-0.2,98.8,0.0,0.0,261.2,0.0,21.8,35.5,35.4,37.3,300.0,300.0,30.0,34.5,34.9,34.5,36.2,4.95,1.99,4.97,0.16,0.0,0.0,1027.0,8228.0,0.0,0.0,0.0,0.0,0.0,1.0,0.0,0.0,0.0,0.0,0.0,0.3,0.0,-0.5,0.0,0.0,16.0,25903.0
2026-07-30T18:58:29.639Z,79.122,79.134,0.0,7.4,0.0,0.0,0.0,0.0,0.0,0.0,0.0,0.0,1.0,0.0,0.0,0.0,9.0,4.0,0.0,0.0,0.0,0.0,0.0,0.0,0.0,0.0,6.0,12.0,1.0,12.17,5.0200000000000005,2.51,1.49,0.0,0.1,0.0,301.1,0.0,0.8,0.0,-0.2,98.8,0.0,0.0,261.2,0.0,21.8,35.5,35.4,37.3,300.0,300.0,30.0,34.5,34.9,34.5,36.2,4.95,1.99,4.96,0.16,0.0,0.0,1027.0,8228.0,0.0,0.0,0.0,0.0,0.0,1.0,0.0,0.0,0.0,0.0,0.0,0.2,0.0,0.0,0.0,0.0,16.0,25903.0
2026-07-30T18:58:29.651Z,79.134,79.146,0.0,7.4,0.0,0.0,0.0,0.0,0.0,0.0,0.0,0.0,1.0,0.0,0.0,0.0,9.0,4.0,0.0,0.0,0.0,0.0,0.0,0.0,0.0,0.0,6.0,12.0,1.0,12.17,5.0200000000000005,2.51,1.49,0.0,0.0,0.0,301.1,0.0,-0.3,-0.4,0.3,98.8,0.0,0.0,261.2,0.0,21.8,35.5,35.4,37.3,300.0,300.0,30.0,34.5,34.9,34.5,36.2,4.96,1.99,4.96,0.16,0.0,0.0,1027.0,8228.0,0.0,0.0,0.0,0.0,0.0,1.0,0.0,0.0,0.0,0.0,0.0,-0.3,0.0,0.3,0.0,0.0,16.0,25903.0
2026-07-30T18:58:29.662Z,79.145,79.158,0.0,7.4,0.0,0.0,0.0,0.0,0.0,0.0,0.0,0.0,1.0,0.0,0.0,0.0,9.0,4.0,0.0,0.0,0.0,0.0,0.0,0.0,0.0,0.0,2.0,12.0,1.0,12.19,5.0200000000000005,2.51,1.49,0.0,0.0,0.0,301.0,0.0,0.8,0.6000000000000001,-1.3,98.8,0.0,0.0,261.2,0.0,21.4,35.5,35.4,37.3,300.0,300.0,30.1,34.5,34.800000000000004,34.4,36.1,4.95,1.99,4.97,0.16,0.0,0.0,1027.0,8228.0,0.0,0.0,0.0,0.0,0.0,1.0,0.0,0.0,0.0,0.0,0.0,1.3,0.0,0.2,0.0,0.0,16.0,25903.0
2026-07-30T18:58:29.674Z,79.157,79.17,0.0,7.4,0.0,0.0,0.0,0.0,0.0,0.0,0.0,0.0,1.0,0.0,0.0,0.0,9.0,4.0,0.0,0.0,0.0,0.0,0.0,0.0,0.0,0.0,2.0,12.0,1.0,12.19,5.0200000000000005,2.51,1.49,0.0,0.0,0.0,301.1,0.0,0.2,0.1,0.3,98.8,0.0,0.0,261.2,0.0,21.4,35.5,35.4,37.3,300.0,300.0,30.1,34.5,34.800000000000004,34.4,36.1,4.96,1.99,4.96,0.16,0.0,0.0,1027.0,8228.0,0.0,0.0,0.0,0.0,0.0,1.0,0.0,0.0,0.0,0.0,0.0,-0.3,0.0,-0.4,0.0,0.0,16.0,25903.0
2026-07-30T18:58:29.687Z,79.17,79.182,0.0,7.4,0.0,0.0,0.0,0.0,0.0,0.0,0.0,0.0,1.0,0.0,0.0,0.0,9.0,4.0,0.0,0.0,0.0,0.0,0.0,0.0,0.0,0.0,3.0,12.0,1.0,12.19,5.0200000000000005,2.51,1.49,0.0,0.1,0.0,301.1,0.0,0.2,1.2000000000000002,0.3,98.8,0.0,0.0,261.2,0.0,21.4,35.5,35.4,37.3,300.0,300.0,30.1,34.5,34.800000000000004,34.4,36.1,4.96,2.0,4.96,0.16,0.0,0.0,1027.0,8228.0,0.0,0.0,0.0,0.0,0.0,1.0,0.0,0.0,0.0,0.0,0.0,0.0,0.0,-1.6,0.0,0.0,16.0,25903.0
2026-07-30T18:58:29.698Z,79.181,79.194,0.0,7.4,0.0,0.0,0.0,0.0,0.0,0.0,0.0,0.0,1.0,0.0,0.0,0.0,9.0,4.0,0.0,0.0,0.0,0.0,0.0,0.0,0.0,0.0,4.0,12.0,1.0,12.19,5.0200000000000005,2.51,1.49,0.0,0.1,0.0,301.1,0.0,-0.3,0.0,-0.8,98.8,0.0,0.0,261.2,0.0,21.4,35.5,35.4,37.3,300.0,300.0,30.1,34.5,34.800000000000004,34.4,36.1,4.95,1.99,4.96,0.16,0.0,0.0,1027.0,8228.0,0.0,0.0,0.0,0.0,0.0,1.0,0.0,0.0,0.0,0.0,0.0,0.7000000000000001,0.0,0.5,0.0,0.0,16.0,25903.0
2026-07-30T18:58:29.710Z,79.193,79.206,0.0,7.4,0.0,0.0,0.0,0.0,0.0,0.0,0.0,0.0,1.0,0.0,0.0,0.0,9.0,4.0,0.0,0.0,0.0,0.0,0.0,0.0,0.0,0.0,6.0,12.0,1.0,12.19,5.0200000000000005,2.51,1.49,0.0,0.0,0.0,301.1,0.0,-0.9,0.6000000000000001,-0.2,98.8,0.0,0.0,261.2,0.0,21.4,35.5,35.4,37.3,300.0,300.0,30.1,34.5,34.800000000000004,34.4,36.1,4.95,1.99,4.97,0.16,0.0,0.0,1027.0,8228.0,0.0,0.0,0.0,0.0,0.0,1.0,0.0,0.0,0.0,0.0,0.0,0.3,0.0,-0.5,0.0,0.0,16.0,25903.0
2026-07-30T18:58:29.723Z,79.206,79.218,0.0,7.4,0.0,0.0,0.0,0.0,0.0,0.0,0.0,0.0,1.0,0.0,0.0,0.0,9.0,4.0,0.0,0.0,0.0,0.0,0.0,0.0,0.0,0.0,1.0,12.0,1.0,12.19,5.0200000000000005,2.51,1.49,0.0,0.0,0.0,301.1,0.0,0.2,-0.5,-1.4,98.8,0.0,0.0,261.2,0.0,21.4,35.5,35.4,37.3,300.0,300.0,30.1,34.5,34.800000000000004,34.4,36.1,4.96,2.0,4.96,0.16,0.0,0.0,1027.0,8228.0,0.0,0.0,0.0,0.0,0.0,1.0,0.0,0.0,0.0,0.0,0.0,1.2000000000000002,0.0,1.6,0.0,0.0,16.0,25903.0
2026-07-30T18:58:29.734Z,79.217,79.23,0.0,7.4,0.0,0.0,0.0,0.0,0.0,0.0,0.0,0.0,1.0,0.0,0.0,0.0,9.0,4.0,0.0,0.0,0.0,0.0,0.0,0.0,0.0,0.0,1.0,12.0,1.0,12.19,5.0200000000000005,2.51,1.49,0.0,0.0,0.0,301.1,0.0,0.8,0.0,0.8,98.8,0.0,0.0,261.2,0.0,21.4,35.5,35.4,37.3,300.0,300.0,30.1,34.5,34.800000000000004,34.4,36.1,4.96,1.99,4.97,0.16,0.0,0.0,1027.0,8228.0,0.0,0.0,0.0,0.0,0.0,1.0,0.0,0.0,0.0,0.0,0.0,-0.7000000000000001,0.0,-0.6000000000000001,0.0,0.0,16.0,25903.0
2026-07-30T18:58:29.746Z,79.229,79.242,0.0,7.4,0.0,0.0,0.0,0.0,0.0,0.0,0.0,0.0,1.0,0.0,0.0,0.0,9.0,4.0,0.0,0.0,0.0,0.0,0.0,0.0,0.0,0.0,3.0,12.0,1.0,12.19,5.0200000000000005,2.51,1.49,0.0,0.1,0.0,301.1,0.0,0.2,1.2000000000000002,-0.3,98.8,0.0,0.0,261.2,0.0,21.4,35.5,35.4,37.3,300.0,300.0,30.1,34.5,34.800000000000004,34.4,36.1,4.95,1.99,4.97,0.16,0.0,0.0,1027.0,8228.0,0.0,0.0,0.0,0.0,0.0,1.0,0.0,0.0,0.0,0.0,0.0,0.5,0.0,-1.1,0.0,0.0,16.0,25903.0
2026-07-30T18:58:29.760Z,79.243,79.254,0.0,7.4,0.0,0.0,0.0,0.0,0.0,0.0,0.0,0.0,1.0,0.0,0.0,0.0,9.0,4.0,0.0,0.0,0.0,0.0,0.0,0.0,0.0,0.0,4.0,12.0,1.0,12.17,5.01,2.51,1.49,0.0,0.0,0.0,301.1,0.0,-0.9,0.0,-1.4,98.8,0.0,0.0,261.2,0.0,21.700000000000003,35.4,35.4,37.3,300.0,300.0,30.3,34.5,34.800000000000004,34.4,36.1,4.95,1.99,4.96,0.16,0.0,0.0,1027.0,8228.0,0.0,0.0,0.0,0.0,0.0,1.0,0.0,0.0,0.0,0.0,0.0,1.3,0.0,0.9,0.0,0.0,16.0,25903.0
2026-07-30T18:58:29.770Z,79.253,79.266,0.0,7.4,0.0,0.0,0.0,0.0,0.0,0.0,0.0,0.0,1.0,0.0,0.0,0.0,9.0,4.0,0.0,0.0,0.0,0.0,0.0,0.0,0.0,0.0,6.0,12.0,1.0,12.17,5.01,2.51,1.49,0.0,0.0,0.0,301.1,0.0,-0.3,0.0,0.2,98.8,0.0,0.0,261.2,0.0,21.700000000000003,35.4,35.4,37.3,300.0,300.0,30.3,34.5,34.800000000000004,34.4,36.1,4.95,2.0,4.96,0.16,0.0,0.0,1027.0,8228.0,0.0,0.0,0.0,0.0,0.0,1.0,0.0,0.0,0.0,0.0,0.0,-0.1,0.0,-0.2,0.0,0.0,16.0,25903.0
2026-07-30T18:58:29.783Z,79.266,79.278,0.0,7.4,0.0,0.0,0.0,0.0,0.0,0.0,0.0,0.0,1.0,0.0,0.0,0.0,9.0,4.0,0.0,0.0,0.0,0.0,0.0,0.0,0.0,0.0,1.0,12.0,1.0,12.17,5.01,2.51,1.49,0.0,0.0,0.0,301.1,0.0,-0.9,0.6000000000000001,-1.5,98.8,0.0,0.0,261.2,0.0,21.700000000000003,35.4,35.4,37.3,300.0,300.0,30.3,34.5,34.800000000000004,34.4,36.1,4.95,1.99,4.97,0.16,0.0,0.0,1027.0,8228.0,0.0,0.0,0.0,0.0,0.0,1.0,0.0,0.0,0.0,0.0,0.0,1.4,0.0,0.3,0.0,0.0,16.0,25903.0
2026-07-30T18:58:29.795Z,79.278,79.29,0.0,7.4,0.0,0.0,0.0,0.0,0.0,0.0,0.0,0.0,1.0,0.0,0.0,0.0,9.0,4.0,0.0,0.0,0.0,0.0,0.0,0.0,0.0,0.0,3.0,12.0,1.0,12.17,5.01,2.51,1.49,0.0,0.0,0.0,301.1,0.0,-0.3,-0.4,-0.2,98.8,0.0,0.0,261.2,0.0,21.700000000000003,35.4,35.4,37.3,300.0,300.0,30.3,34.5,34.800000000000004,34.4,36.1,4.95,2.0,4.97,0.16,0.0,0.0,1027.0,8228.0,0.0,0.0,0.0,0.0,0.0,1.0,0.0,0.0,0.0,0.0,0.0,0.1,0.0,0.7000000000000001,0.0,-0.0001,16.0,25903.0
2026-07-30T18:58:29.810Z,79.293,79.302,0.0,7.4,0.0,0.0,0.0,0.0,0.0,0.0,0.0,0.0,1.0,0.0,0.0,0.0,9.0,4.0,0.0,0.0,0.0,0.0,0.0,0.0,0.0,0.0,2.0,12.0,1.0,12.17,5.01,2.51,1.49,0.0,0.0,0.0,301.1,0.0,0.8,0.0,-0.2,98.8,0.0,0.0,261.2,0.0,21.700000000000003,35.4,35.4,37.3,300.0,300.0,30.3,34.5,34.800000000000004,34.4,36.1,4.95,2.0,4.96,0.16,0.0,0.0,1027.0,8228.0,0.0,0.0,0.0,0.0,0.0,1.0,0.0,0.0,0.0,0.0,0.0,0.0,0.0,-1.6,0.0,-0.0001,16.0,25903.0
2026-07-30T18:58:29.819Z,79.302,79.31400000000001,0.0,7.4,0.0,0.0,0.0,0.0,0.0,0.0,0.0,0.0,1.0,0.0,0.0,0.0,9.0,4.0,0.0,0.0,0.0,0.0,0.0,0.0,0.0,0.0,6.0,12.0,1.0,12.17,5.01,2.51,1.49,0.0,0.1,0.0,301.0,0.0,0.2,0.0,0.3,98.8,0.0,0.0,261.2,0.0,21.700000000000003,35.4,35.4,37.3,300.0,300.0,30.3,34.5,34.800000000000004,34.4,36.1,4.95,1.99,4.97,0.16,0.0,0.0,1027.0,8228.0,0.0,0.0,0.0,0.0,0.0,1.0,0.0,0.0,0.0,0.0,0.0,0.5,0.0,1.8,0.0,-0.0001,16.0,25903.0
2026-07-30T18:58:29.830Z,79.313,79.32600000000001,0.0,7.4,0.0,0.0,0.0,0.0,0.0,0.0,0.0,0.0,1.0,0.0,0.0,0.0,9.0,4.0,0.0,0.0,0.0,0.0,0.0,0.0,0.0,0.0,1.0,12.0,1.0,12.17,5.01,2.51,1.49,0.0,0.1,0.0,301.1,0.0,0.2,1.2000000000000002,0.9,98.8,0.0,0.0,261.2,0.0,21.700000000000003,35.4,35.4,37.3,300.0,300.0,30.3,34.5,34.800000000000004,34.4,36.1,4.95,1.99,4.96,0.16,0.0,0.0,1027.0,8228.0,0.0,0.0,0.0,0.0,0.0,1.0,0.0,0.0,0.0,0.0,0.0,0.5,0.0,1.7000000000000002,0.0,-0.0001,16.0,25903.0
2026-07-30T18:58:29.842Z,79.325,79.33800000000001,0.0,7.4,0.0,0.0,0.0,0.0,0.0,0.0,0.0,0.0,1.0,0.0,0.0,0.0,9.0,4.0,0.0,0.0,0.0,0.0,0.0,0.0,0.0,0.0,2.0,12.0,1.0,12.17,5.01,2.51,1.49,0.0,0.0,0.0,301.0,0.0,0.8,0.1,-1.3,98.8,0.0,0.0,261.2,0.0,21.700000000000003,35.4,35.4,37.3,300.0,300.0,30.3,34.5,34.800000000000004,34.4,36.1,4.96,1.99,4.96,0.16,0.0,0.0,1027.0,8228.0,0.0,0.0,0.0,0.0,0.0,1.0,0.0,0.0,0.0,0.0,0.0,-0.2,0.0,-1.0,0.0,-0.0001,16.0,25903.0
2026-07-30T18:58:29.855Z,79.338,79.35000000000001,0.0,7.4,0.0,0.0,0.0,0.0,0.0,0.0,0.0,0.0,1.0,0.0,0.0,0.0,9.0,4.0,0.0,0.0,0.0,0.0,0.0,0.0,0.0,0.0,3.0,12.0,1.0,12.17,5.01,2.51,1.49,0.0,0.1,0.0,301.1,0.0,0.2,-1.0,-0.7000000000000001,98.8,0.0,0.0,261.2,0.0,21.700000000000003,35.4,35.4,37.3,300.0,300.0,30.3,34.5,34.800000000000004,34.4,36.1,4.95,1.99,4.96,0.16,0.0,0.0,1027.0,8228.0,0.0,0.0,0.0,0.0,0.0,1.0,0.0,0.0,0.0,0.0,0.0,0.5,0.0,1.7000000000000002,0.0,-0.0001,16.0,25903.0
2026-07-30T18:58:29.866Z,79.349,79.362,0.0,7.4,0.0,0.0,0.0,0.0,0.0,0.0,0.0,0.0,1.0,0.0,0.0,0.0,9.0,4.0,0.0,0.0,0.0,0.0,0.0,0.0,0.0,0.0,5.0,12.0,1.0,12.17,5.01,2.51,1.49,0.0,0.1,0.0,301.1,0.0,-0.8,-1.0,-1.4,98.8,0.0,0.0,261.2,0.0,21.3,35.4,35.4,37.3,300.0,300.0,30.1,34.4,34.800000000000004,34.4,36.0,4.95,1.99,4.97,0.16,0.0,0.0,1027.0,8228.0,0.0,0.0,0.0,0.0,0.0,1.0,0.0,0.0,0.0,0.0,0.0,1.0,0.0,2.2,0.0,-0.0001,16.0,25903.0
2026-07-30T18:58:29.878Z,79.361,79.374,0.0,7.4,0.0,0.0,0.0,0.0,0.0,0.0,0.0,0.0,1.0,0.0,0.0,0.0,9.0,4.0,0.0,0.0,0.0,0.0,0.0,0.0,0.0,0.0,6.0,12.0,1.0,12.17,5.01,2.51,1.49,0.0,0.0,0.0,301.0,0.0,0.8,1.2000000000000002,0.3,98.8,0.0,0.0,261.2,0.0,21.3,35.4,35.4,37.3,300.0,300.0,30.1,34.4,34.800000000000004,34.4,36.0,4.95,2.0,4.96,0.16,0.0,0.0,1027.0,8228.0,0.0,0.0,0.0,0.0,0.0,1.0,0.0,0.0,0.0,0.0,0.0,0.0,0.0,-1.6,0.0,-0.0001,16.0,25903.0
2026-07-30T18:58:29.890Z,79.373,79.386,0.0,7.4,0.0,0.0,0.0,0.0,0.0,0.0,0.0,0.0,1.0,0.0,0.0,0.0,9.0,4.0,0.0,0.0,0.0,0.0,0.0,0.0,0.0,0.0,1.0,12.0,1.0,12.17,5.01,2.51,1.49,0.0,0.1,0.0,301.1,0.0,-0.3,0.0,-0.8,98.8,0.0,0.0,261.2,0.0,21.3,35.4,35.4,37.3,300.0,300.0,30.1,34.4,34.800000000000004,34.4,36.0,4.95,1.99,4.96,0.16,0.0,0.0,1027.0,8228.0,0.0,0.0,0.0,0.0,0.0,1.0,0.0,0.0,0.0,0.0,0.0,0.7000000000000001,0.0,0.6000000000000001,0.0,-0.0001,16.0,25903.0
2026-07-30T18:58:29.902Z,79.385,79.398,0.0,7.4,0.0,0.0,0.0,0.0,0.0,0.0,0.0,0.0,1.0,0.0,0.0,0.0,9.0,4.0,0.0,0.0,0.0,0.0,0.0,0.0,0.0,0.0,3.0,12.0,1.0,12.17,5.01,2.51,1.49,0.0,0.0,0.0,301.1,0.0,-0.2,-1.1,-0.2,98.8,0.0,0.0,261.2,0.0,21.3,35.4,35.4,37.3,300.0,300.0,30.1,34.4,34.800000000000004,34.4,36.0,4.95,1.99,4.97,0.16,0.0,0.0,1027.0,8228.0,0.0,0.0,0.0,0.0,0.0,1.0,0.0,0.0,0.0,0.0,0.0,0.0,0.0,1.5,0.0,-0.0001,16.0,25903.0
2026-07-30T18:58:29.915Z,79.398,79.41,0.0,7.4,0.0,0.0,0.0,0.0,0.0,0.0,0.0,0.0,1.0,0.0,0.0,0.0,9.0,4.0,0.0,0.0,0.0,0.0,0.0,0.0,0.0,0.0,5.0,12.0,1.0,12.17,5.01,2.51,1.49,0.0,0.1,0.0,301.1,0.0,-0.2,-0.5,-1.4,98.8,0.0,0.0,261.2,0.0,21.3,35.4,35.4,37.3,300.0,300.0,30.1,34.4,34.800000000000004,34.4,36.0,4.96,1.99,4.96,0.16,0.0,0.0,1027.0,8228.0,0.0,0.0,0.0,0.0,0.0,1.0,0.0,0.0,0.0,0.0,0.0,1.2000000000000002,0.0,1.7000000000000002,0.0,-0.0001,16.0,25903.0
2026-07-30T18:58:29.926Z,79.409,79.422,0.0,7.4,0.0,0.0,0.0,0.0,0.0,0.0,0.0,0.0,1.0,0.0,0.0,0.0,9.0,4.0,0.0,0.0,0.0,0.0,0.0,0.0,0.0,0.0,6.0,12.0,1.0,12.17,5.01,2.51,1.49,0.0,0.0,0.0,301.1,0.0,-0.8,-0.5,-1.4,98.8,0.0,0.0,261.2,0.0,21.3,35.4,35.4,37.3,300.0,300.0,30.1,34.4,34.800000000000004,34.4,36.0,4.96,2.0,4.96,0.16,0.0,0.0,1027.0,8228.0,0.0,0.0,0.0,0.0,0.0,1.0,0.0,0.0,0.0,0.0,0.0,1.1,0.0,1.7000000000000002,0.0,-0.0001,16.0,25903.0
2026-07-30T18:58:29.938Z,79.421,79.434,0.0,7.4,0.0,0.0,0.0,0.0,0.0,0.0,0.0,0.0,1.0,0.0,0.0,0.0,9.0,4.0,0.0,0.0,0.0,0.0,0.0,0.0,0.0,0.0,1.0,12.0,1.0,12.17,5.01,2.51,1.49,0.0,0.0,0.0,301.1,0.0,-0.3,0.5,-0.2,98.8,0.0,0.0,261.2,0.0,21.3,35.4,35.4,37.3,300.0,300.0,30.1,34.4,34.800000000000004,34.4,36.0,4.95,1.99,4.96,0.16,0.0,0.0,1027.0,8228.0,0.0,0.0,0.0,0.0,0.0,1.0,0.0,0.0,0.0,0.0,0.0,0.3,0.0,-0.4,0.0,-0.0001,16.0,25903.0
2026-07-30T18:58:29.950Z,79.433,79.446,0.0,7.4,0.0,0.0,0.0,0.0,0.0,0.0,0.0,0.0,1.0,0.0,0.0,0.0,9.0,4.0,0.0,0.0,0.0,0.0,0.0,0.0,0.0,0.0,3.0,12.0,1.0,12.17,5.01,2.51,1.49,0.0,0.0,0.0,301.1,0.0,-1.4,0.0,0.3,98.8,0.0,0.0,261.2,0.0,21.3,35.4,35.4,37.3,300.0,300.0,30.1,34.4,34.800000000000004,34.4,36.0,4.95,1.99,4.97,0.16,0.0,0.0,1027.0,8228.0,0.0,0.0,0.0,0.0,0.0,1.0,0.0,0.0,0.0,0.0,0.0,-0.2,0.0,-0.2,0.0,-0.0001,16.0,25903.0
2026-07-30T18:58:29.963Z,79.446,79.458,0.0,7.4,0.0,0.0,0.0,0.0,0.0,0.0,0.0,0.0,1.0,0.0,0.0,0.0,9.0,4.0,0.0,0.0,0.0,0.0,0.0,0.0,0.0,0.0,3.0,12.0,1.0,12.15,5.0200000000000005,2.51,1.49,0.0,0.1,0.0,301.1,0.0,-0.3,-0.5,0.3,98.8,0.0,0.0,261.2,0.0,21.700000000000003,35.4,35.4,37.3,300.0,300.0,30.1,34.5,34.800000000000004,34.300000000000004,36.0,4.95,1.99,4.96,0.16,0.0,0.0,1027.0,8228.0,0.0,0.0,0.0,0.0,0.0,1.0,0.0,0.0,0.0,0.0,0.0,-0.3,0.0,0.4,0.0,-0.0001,16.0,25903.0
2026-07-30T18:58:29.974Z,79.457,79.47,0.0,7.4,0.0,0.0,0.0,0.0,0.0,0.0,0.0,0.0,1.0,0.0,0.0,0.0,9.0,4.0,0.0,0.0,0.0,0.0,0.0,0.0,0.0,0.0,4.0,12.0,1.0,12.15,5.0200000000000005,2.51,1.49,0.0,0.0,0.0,301.1,0.0,-0.3,-0.5,-0.9,98.8,0.0,0.0,261.2,0.0,21.700000000000003,35.4,35.4,37.3,300.0,300.0,30.1,34.5,34.800000000000004,34.300000000000004,36.0,4.95,1.99,4.97,0.16,0.0,0.0,1027.0,8228.0,0.0,0.0,0.0,0.0,0.0,1.0,0.0,0.0,0.0,0.0,0.0,0.7000000000000001,0.0,1.3,0.0,-0.0001,16.0,25903.0
2026-07-30T18:58:29.986Z,79.469,79.482,0.0,7.4,0.0,0.0,0.0,0.0,0.0,0.0,0.0,0.0,1.0,0.0,0.0,0.0,9.0,4.0,0.0,0.0,0.0,0.0,0.0,0.0,0.0,0.0,4.0,12.0,1.0,12.15,5.0200000000000005,2.51,1.49,0.0,0.1,0.0,301.1,0.0,-0.3,-0.5,-0.3,98.8,0.0,0.0,261.2,0.0,21.700000000000003,35.4,35.4,37.3,300.0,300.0,30.1,34.5,34.800000000000004,34.300000000000004,36.0,4.95,2.0,4.97,0.16,0.0,0.0,1027.0,8228.0,0.0,0.0,0.0,0.0,0.0,1.0,0.0,0.0,0.0,0.0,0.0,0.1,0.0,0.8,0.0,-0.0001,16.0,25903.0
2026-07-30T18:58:29.998Z,79.481,79.494,0.0,7.4,0.0,0.0,0.0,0.0,0.0,0.0,0.0,0.0,1.0,0.0,0.0,0.0,9.0,4.0,0.0,0.0,0.0,0.0,0.0,0.0,0.0,0.0,5.0,12.0,1.0,12.15,5.0200000000000005,2.51,1.49,0.0,0.1,0.0,301.0,0.0,-0.3,0.0,1.4,98.8,0.0,0.0,261.2,0.0,21.700000000000003,35.4,35.4,37.3,300.0,300.0,30.1,34.5,34.800000000000004,34.300000000000004,36.0,4.95,2.0,4.96,0.16,0.0,0.0,1027.0,8228.0,0.0,0.0,0.0,0.0,0.0,1.0,0.0,0.0,0.0,0.0,0.0,-1.2000000000000002,0.0,-1.0,0.0,-0.0001,16.0,25903.0
2026-07-30T18:58:30.010Z,79.493,79.506,0.0,7.4,0.0,0.0,0.0,0.0,0.0,0.0,0.0,0.0,1.0,0.0,0.0,0.0,9.0,4.0,0.0,0.0,0.0,0.0,0.0,0.0,0.0,0.0,6.0,12.0,1.0,12.15,5.0200000000000005,2.51,1.49,0.0,0.0,0.0,301.1,0.0,-0.8,-1.6,-0.2,98.8,0.0,0.0,261.2,0.0,21.700000000000003,35.4,35.4,37.3,300.0,300.0,30.1,34.5,34.800000000000004,34.300000000000004,36.0,4.95,2.0,4.96,0.16,0.0,0.0,1027.0,8228.0,0.0,0.0,0.0,0.0,0.0,1.0,0.0,0.0,0.0,0.0,0.0,0.0,0.0,2.1,0.0,-0.0001,16.0,25903.0
2026-07-30T18:58:30.022Z,79.505,79.518,0.0,7.4,0.0,0.0,0.0,0.0,0.0,0.0,0.0,0.0,1.0,0.0,0.0,0.0,9.0,4.0,0.0,0.0,0.0,0.0,0.0,0.0,0.0,0.0,1.0,12.0,1.0,12.15,5.0200000000000005,2.51,1.49,0.0,0.1,0.0,301.1,0.0,-0.2,0.6000000000000001,-0.2,98.8,0.0,0.0,261.2,0.0,21.700000000000003,35.4,35.4,37.3,300.0,300.0,30.1,34.5,34.800000000000004,34.300000000000004,36.0,4.95,1.99,4.97,0.16,0.0,0.0,1027.0,8228.0,0.0,0.0,0.0,0.0,0.0,1.0,0.0,0.0,0.0,0.0,0.0,0.3,0.0,-0.5,0.0,-0.0001,16.0,25903.0
2026-07-30T18:58:30.035Z,79.518,79.53,0.0,7.4,0.0,0.0,0.0,0.0,0.0,0.0,0.0,0.0,1.0,0.0,0.0,0.0,9.0,4.0,0.0,0.0,0.0,0.0,0.0,0.0,0.0,0.0,2.0,12.0,1.0,12.15,5.0200000000000005,2.51,1.49,0.0,0.0,0.0,301.1,0.0,0.3,0.0,-2.0,98.8,0.0,0.0,261.2,0.0,21.700000000000003,35.4,35.4,37.3,300.0,300.0,30.1,34.5,34.800000000000004,34.300000000000004,36.0,4.95,1.99,4.97,0.16,0.0,0.0,1027.0,8228.0,0.0,0.0,0.0,0.0,0.0,1.0,0.0,0.0,0.0,0.0,0.0,1.8,0.0,1.3,0.0,-0.0001,16.0,25903.0
2026-07-30T18:58:30.046Z,79.529,79.542,0.0,7.4,0.0,0.0,0.0,0.0,0.0,0.0,0.0,0.0,1.0,0.0,0.0,0.0,9.0,4.0,0.0,0.0,0.0,0.0,0.0,0.0,0.0,0.0,4.0,12.0,1.0,12.15,5.0200000000000005,2.51,1.49,0.0,0.0,0.0,301.1,0.0,0.3,0.1,0.2,98.8,0.0,0.0,261.2,0.0,21.700000000000003,35.4,35.4,37.3,300.0,300.0,30.1,34.5,34.800000000000004,34.300000000000004,36.0,4.96,1.99,4.96,0.16,0.0,0.0,1027.0,8228.0,0.0,0.0,0.0,0.0,0.0,1.0,0.0,0.0,0.0,0.0,0.0,-0.2,0.0,-0.3,0.0,-0.0001,16.0,25903.0
2026-07-30T18:58:30.058Z,79.541,79.554,0.0,7.4,0.0,0.0,0.0,0.0,0.0,0.0,0.0,0.0,1.0,0.0,0.0,0.0,9.0,4.0,0.0,0.0,0.0,0.0,0.0,0.0,0.0,0.0,5.0,12.0,1.0,12.15,5.0200000000000005,2.51,1.49,0.0,0.0,0.0,301.1,0.0,-0.2,-0.4,-0.3,98.8,0.0,0.0,261.2,0.0,21.700000000000003,35.4,35.4,37.3,300.0,300.0,30.1,34.5,34.800000000000004,34.300000000000004,36.0,4.95,1.99,4.97,0.16,0.0,0.0,1027.0,8228.0,0.0,0.0,0.0,0.0,0.0,1.0,0.0,0.0,0.0,0.0,0.0,0.1,0.0,0.7000000000000001,0.0,-0.0001,16.0,25903.0
2026-07-30T18:58:30.070Z,79.553,79.566,0.0,7.4,0.0,0.0,0.0,0.0,0.0,0.0,0.0,0.0,1.0,0.0,0.0,0.0,9.0,4.0,0.0,0.0,0.0,0.0,0.0,0.0,0.0,0.0,1.0,12.0,1.0,12.17,5.01,2.5,1.5,0.0,0.0,0.0,301.1,0.0,-0.2,1.2000000000000002,-0.2,98.8,0.0,0.0,261.2,0.0,21.8,35.4,35.4,37.3,300.0,300.0,30.1,34.5,34.800000000000004,34.300000000000004,36.0,4.95,2.0,4.96,0.16,0.0,0.0,1027.0,8228.0,0.0,0.0,0.0,0.0,0.0,1.0,0.0,0.0,0.0,0.0,0.0,0.4,0.0,-1.2000000000000002,0.0,-0.0001,16.0,25903.0
2026-07-30T18:58:30.082Z,79.565,79.578,0.0,7.4,0.0,0.0,0.0,0.0,0.0,0.0,0.0,0.0,1.0,0.0,0.0,0.0,9.0,4.0,0.0,0.0,0.0,0.0,0.0,0.0,0.0,0.0,3.0,12.0,1.0,12.17,5.01,2.5,1.5,0.0,0.1,0.0,301.0,0.0,-0.2,0.6000000000000001,-0.2,98.8,0.0,0.0,261.2,0.0,21.8,35.4,35.4,37.3,300.0,300.0,30.1,34.5,34.800000000000004,34.300000000000004,36.0,4.96,2.0,4.96,0.16,0.0,0.0,1027.0,8228.0,0.0,0.0,0.0,0.0,0.0,1.0,0.0,0.0,0.0,0.0,0.0,0.3,0.0,-0.5,0.0,0.0,16.0,25903.0
2026-07-30T18:58:30.095Z,79.578,79.59,0.0,7.4,0.0,0.0,0.0,0.0,0.0,0.0,0.0,0.0,1.0,0.0,0.0,0.0,9.0,4.0,0.0,0.0,0.0,0.0,0.0,0.0,0.0,0.0,4.0,12.0,1.0,12.17,5.01,2.5,1.5,-0.1,0.0,0.0,301.1,0.0,-0.2,0.1,-1.4,98.8,0.0,0.0,261.2,0.0,21.8,35.4,35.4,37.3,300.0,300.0,30.1,34.5,34.800000000000004,34.300000000000004,36.0,4.95,2.0,4.96,0.16,0.0,0.0,1027.0,8228.0,0.0,0.0,0.0,0.0,0.0,1.0,0.0,0.0,0.0,0.0,0.0,1.2000000000000002,0.0,0.8,0.0,0.0,16.0,25903.0
2026-07-30T18:58:30.106Z,79.589,79.602,0.0,7.4,0.0,0.0,0.0,0.0,0.0,0.0,0.0,0.0,1.0,0.0,0.0,0.0,9.0,4.0,0.0,0.0,0.0,0.0,0.0,0.0,0.0,0.0,6.0,12.0,1.0,12.17,5.01,2.5,1.5,0.0,0.0,0.0,301.1,0.0,-0.2,-0.4,-0.2,98.8,0.0,0.0,261.2,0.0,21.8,35.4,35.4,37.3,300.0,300.0,30.1,34.5,34.800000000000004,34.300000000000004,36.0,4.96,1.99,4.97,0.16,0.0,0.0,1027.0,8228.0,0.0,0.0,0.0,0.0,0.0,1.0,0.0,0.0,0.0,0.0,0.0,0.1,0.0,0.6000000000000001,0.0,0.0,16.0,25903.0
2026-07-30T18:58:30.127Z,79.61,79.614,0.0,7.4,0.0,0.0,0.0,0.0,0.0,0.0,0.0,0.0,1.0,0.0,0.0,0.0,9.0,4.0,0.0,0.0,0.0,0.0,0.0,0.0,0.0,0.0,1.0,12.0,1.0,12.17,5.01,2.5,1.5,0.0,0.1,0.0,301.0,0.0,-0.3,1.2000000000000002,0.2,98.8,0.0,0.0,261.2,0.0,21.8,35.4,35.4,37.3,300.0,300.0,30.1,34.5,34.800000000000004,34.300000000000004,36.0,4.96,1.99,4.96,0.16,0.0,0.0,1027.0,8228.0,0.0,0.0,0.0,0.0,0.0,1.0,0.0,0.0,0.0,0.0,0.0,0.0,0.0,-1.6,0.0,0.0,16.0,25903.0
2026-07-30T18:58:30.130Z,79.613,79.626,0.0,7.4,0.0,0.0,0.0,0.0,0.0,0.0,0.0,0.0,1.0,0.0,0.0,0.0,9.0,4.0,0.0,0.0,0.0,0.0,0.0,0.0,0.0,0.0,5.0,12.0,1.0,12.17,5.01,2.5,1.5,-0.1,0.1,0.0,301.1,0.0,-0.3,1.2000000000000002,-0.7000000000000001,98.8,0.0,0.0,261.2,0.0,21.8,35.4,35.4,37.3,300.0,300.0,30.1,34.5,34.800000000000004,34.300000000000004,36.0,4.96,1.99,4.96,0.16,0.0,0.0,1027.0,8228.0,0.0,0.0,0.0,0.0,0.0,1.0,0.0,0.0,0.0,0.0,0.0,0.9,0.0,-0.9,0.0,0.0,16.0,25903.0
2026-07-30T18:58:30.142Z,79.625,79.638,0.0,7.4,0.0,0.0,0.0,0.0,0.0,0.0,0.0,0.0,1.0,0.0,0.0,0.0,9.0,4.0,0.0,0.0,0.0,0.0,0.0,0.0,0.0,0.0,5.0,12.0,1.0,12.17,5.01,2.5,1.5,0.0,0.1,0.0,301.1,0.0,0.2,0.6000000000000001,1.5,98.8,0.0,0.0,261.2,0.0,21.8,35.4,35.4,37.3,300.0,300.0,30.1,34.5,34.800000000000004,34.300000000000004,36.0,4.95,1.99,4.97,0.16,0.0,0.0,1027.0,8228.0,0.0,0.0,0.0,0.0,0.0,1.0,0.0,0.0,0.0,0.0,0.0,-1.2000000000000002,0.0,-1.9,0.0,0.0,16.0,25903.0
2026-07-30T18:58:30.155Z,79.638,79.65,0.0,7.4,0.0,0.0,0.0,0.0,0.0,0.0,0.0,0.0,1.0,0.0,0.0,0.0,9.0,4.0,0.0,0.0,0.0,0.0,0.0,0.0,0.0,0.0,6.0,12.0,1.0,12.17,5.01,2.5,1.5,0.0,0.0,0.0,301.1,0.0,-0.9,-1.0,-1.4,98.8,0.0,0.0,261.2,0.0,21.8,35.4,35.4,37.3,300.0,300.0,30.1,34.5,34.800000000000004,34.300000000000004,36.0,4.96,1.99,4.97,0.16,0.0,0.0,1027.0,8228.0,0.0,0.0,0.0,0.0,0.0,1.0,0.0,0.0,0.0,0.0,0.0,1.0,0.0,2.2,0.0,0.0,16.0,25903.0
2026-07-30T18:58:30.167Z,79.65,79.662,0.0,7.4,0.0,0.0,0.0,0.0,0.0,0.0,0.0,0.0,1.0,0.0,0.0,0.0,9.0,4.0,0.0,0.0,0.0,0.0,0.0,0.0,0.0,0.0,2.0,12.0,1.0,12.15,5.0200000000000005,2.5,1.49,0.0,0.0,0.0,301.1,0.0,-0.3,-0.5,-0.2,98.8,0.0,0.0,261.2,0.0,21.9,35.4,35.4,37.2,300.0,300.0,30.200000000000003,34.5,34.7,34.300000000000004,36.0,4.96,2.0,4.96,0.16,0.0,0.0,1027.0,8228.0,0.0,0.0,0.0,0.0,0.0,1.0,0.0,0.0,0.0,0.0,0.0,0.1,0.0,0.8,0.0,0.0,16.0,25903.0
2026-07-30T18:58:30.179Z,79.662,79.674,0.0,7.4,0.0,0.0,0.0,0.0,0.0,0.0,0.0,0.0,1.0,0.0,0.0,0.0,9.0,4.0,0.0,0.0,0.0,0.0,0.0,0.0,0.0,0.0,2.0,12.0,1.0,12.15,5.0200000000000005,2.5,1.49,0.0,0.0,0.0,301.1,0.0,0.2,0.6000000000000001,0.3,98.8,0.0,0.0,261.2,0.0,21.9,35.4,35.4,37.2,300.0,300.0,30.200000000000003,34.5,34.7,34.300000000000004,36.0,4.96,1.99,4.96,0.16,0.0,0.0,1027.0,8228.0,0.0,0.0,0.0,0.0,0.0,1.0,0.0,0.0,0.0,0.0,0.0,-0.1,0.0,-0.9,0.0,0.0,16.0,25903.0
2026-07-30T18:58:30.190Z,79.673,79.686,0.0,7.4,0.0,0.0,0.0,0.0,0.0,0.0,0.0,0.0,1.0,0.0,0.0,0.0,9.0,4.0,0.0,0.0,0.0,0.0,0.0,0.0,0.0,0.0,4.0,12.0,1.0,12.15,5.0200000000000005,2.5,1.49,0.0,0.0,0.0,301.1,0.0,-0.8,-0.4,-0.7000000000000001,98.8,0.0,0.0,261.2,0.0,21.9,35.4,35.4,37.2,300.0,300.0,30.200000000000003,34.5,34.7,34.300000000000004,36.0,4.95,1.99,4.97,0.16,0.0,0.0,1027.0,8228.0,0.0,0.0,0.0,0.0,0.0,1.0,0.0,0.0,0.0,0.0,0.0,0.6000000000000001,0.0,1.1,0.0,0.0,16.0,25903.0
2026-07-30T18:58:30.202Z,79.685,79.69800000000001,0.0,7.4,0.0,0.0,0.0,0.0,0.0,0.0,0.0,0.0,1.0,0.0,0.0,0.0,9.0,4.0,0.0,0.0,0.0,0.0,0.0,0.0,0.0,0.0,4.0,12.0,1.0,12.15,5.0200000000000005,2.5,1.49,0.0,0.0,0.0,301.1,0.0,1.4,-0.5,1.5,98.8,0.0,0.0,261.2,0.0,21.9,35.4,35.4,37.2,300.0,300.0,30.200000000000003,34.5,34.7,34.300000000000004,36.0,4.96,1.99,4.96,0.16,0.0,0.0,1027.0,8228.0,0.0,0.0,0.0,0.0,0.0,1.0,0.0,0.0,0.0,0.0,0.0,-1.4,0.0,-0.5,0.0,0.0,16.0,25903.0
2026-07-30T18:58:30.214Z,79.697,79.71000000000001,0.0,7.4,0.0,0.0,0.0,0.0,0.0,0.0,0.0,0.0,1.0,0.0,0.0,0.0,9.0,4.0,0.0,0.0,0.0,0.0,0.0,0.0,0.0,0.0,5.0,12.0,1.0,12.15,5.0200000000000005,2.5,1.49,0.0,0.0,0.0,301.1,0.0,0.2,1.1,1.5,98.8,0.0,0.0,261.2,0.0,21.9,35.4,35.4,37.2,300.0,300.0,30.200000000000003,34.5,34.7,34.300000000000004,36.0,4.96,2.0,4.97,0.16,0.0,0.0,1027.0,8228.0,0.0,0.0,0.0,0.0,0.0,1.0,0.0,0.0,0.0,0.0,0.0,-1.1,0.0,-2.4000000000000004,0.0,0.0,16.0,25903.0
2026-07-30T18:58:30.227Z,79.71,79.72200000000001,0.0,7.4,0.0,0.0,0.0,0.0,0.0,0.0,0.0,0.0,1.0,0.0,0.0,0.0,9.0,4.0,0.0,0.0,0.0,0.0,0.0,0.0,0.0,0.0,6.0,12.0,1.0,12.15,5.0200000000000005,2.5,1.49,0.0,0.0,0.0,301.1,0.0,1.4,1.7000000000000002,0.3,98.8,0.0,0.0,261.2,0.0,21.9,35.4,35.4,37.2,300.0,300.0,30.200000000000003,34.5,34.7,34.300000000000004,36.0,4.95,1.99,4.97,0.16,0.0,0.0,1027.0,8228.0,0.0,0.0,0.0,0.0,0.0,1.0,0.0,0.0,0.0,0.0,0.0,0.0,0.0,-2.2,0.0,0.0,16.0,25903.0
2026-07-30T18:58:30.238Z,79.721,79.734,0.0,7.4,0.0,0.0,0.0,0.0,0.0,0.0,0.0,0.0,1.0,0.0,0.0,0.0,9.0,4.0,0.0,0.0,0.0,0.0,0.0,0.0,0.0,0.0,1.0,12.0,1.0,12.15,5.0200000000000005,2.5,1.49,0.0,0.0,0.0,301.1,0.0,0.2,0.0,0.3,98.8,0.0,0.0,261.2,0.0,21.9,35.4,35.4,37.2,300.0,300.0,30.200000000000003,34.5,34.7,34.300000000000004,36.0,4.96,1.99,4.96,0.16,0.0,0.0,1027.0,8228.0,0.0,0.0,0.0,0.0,0.0,1.0,0.0,0.0,0.0,0.0,0.0,-0.3,0.0,-0.2,0.0,0.0,16.0,25903.0
2026-07-30T18:58:30.250Z,79.733,79.746,0.0,7.4,0.0,0.0,0.0,0.0,0.0,0.0,0.0,0.0,1.0,0.0,0.0,0.0,9.0,4.0,0.0,0.0,0.0,0.0,0.0,0.0,0.0,0.0,2.0,12.0,1.0,12.15,5.0200000000000005,2.5,1.49,0.0,0.1,0.0,301.1,0.0,-0.3,-0.5,-0.8,98.8,0.0,0.0,261.2,0.0,21.9,35.4,35.4,37.2,300.0,300.0,30.200000000000003,34.5,34.7,34.300000000000004,36.0,4.95,2.0,4.96,0.16,0.0,0.0,1027.0,8228.0,0.0,0.0,0.0,0.0,0.0,1.0,0.0,0.0,0.0,0.0,0.0,0.6000000000000001,0.0,1.1,0.0,0.0,16.0,25903.0
2026-07-30T18:58:30.263Z,79.746,79.758,0.0,7.4,0.0,0.0,0.0,0.0,0.0,0.0,0.0,0.0,1.0,0.0,0.0,0.0,9.0,4.0,0.0,0.0,0.0,0.0,0.0,0.0,0.0,0.0,3.0,12.0,1.0,12.15,5.0200000000000005,2.5,1.49,0.0,0.0,0.0,301.0,0.0,-0.2,1.2000000000000002,1.0,98.8,0.0,0.0,261.2,0.0,21.9,35.4,35.4,37.2,300.0,300.0,30.200000000000003,34.5,34.7,34.300000000000004,36.0,4.95,1.99,4.97,0.16,0.0,0.0,1027.0,8228.0,0.0,0.0,0.0,0.0,0.0,1.0,0.0,0.0,0.0,0.0,0.0,-0.6000000000000001,0.0,-2.1,0.0,0.0,16.0,25903.0
2026-07-30T18:58:30.274Z,79.757,79.77,0.0,7.4,0.0,0.0,0.0,0.0,0.0,0.0,0.0,0.0,1.0,0.0,0.0,0.0,9.0,4.0,0.0,0.0,0.0,0.0,0.0,0.0,0.0,0.0,4.0,12.0,1.0,12.15,5.0200000000000005,2.51,1.49,0.0,0.0,0.0,301.1,0.0,0.3,0.0,-0.7000000000000001,98.8,0.0,0.0,261.2,0.0,21.3,35.4,35.4,37.2,300.0,300.0,30.200000000000003,34.5,34.7,34.300000000000004,35.9,4.95,2.0,4.97,0.16,0.0,0.0,1027.0,8228.0,0.0,0.0,0.0,0.0,0.0,1.0,0.0,0.0,0.0,0.0,0.0,0.6000000000000001,0.0,0.4,0.0,-0.0001,16.0,25903.0
2026-07-30T18:58:30.286Z,79.769,79.782,0.0,7.4,0.0,0.0,0.0,0.0,0.0,0.0,0.0,0.0,1.0,0.0,0.0,0.0,9.0,4.0,0.0,0.0,0.0,0.0,0.0,0.0,0.0,0.0,5.0,12.0,1.0,12.15,5.0200000000000005,2.51,1.49,0.0,0.0,0.0,301.1,0.0,0.3,-0.4,-0.6000000000000001,98.8,0.0,0.0,261.2,0.0,21.3,35.4,35.4,37.2,300.0,300.0,30.200000000000003,34.5,34.7,34.300000000000004,35.9,4.96,2.0,4.96,0.16,0.0,0.0,1027.0,8228.0,0.0,0.0,0.0,0.0,0.0,1.0,0.0,0.0,0.0,0.0,0.0,0.5,0.0,0.9,0.0,-0.0001,16.0,25903.0
2026-07-30T18:58:30.298Z,79.781,79.794,0.0,7.4,0.0,0.0,0.0,0.0,0.0,0.0,0.0,0.0,1.0,0.0,0.0,0.0,9.0,4.0,0.0,0.0,0.0,0.0,0.0,0.0,0.0,0.0,6.0,12.0,1.0,12.15,5.0200000000000005,2.51,1.49,0.0,0.0,0.0,301.1,0.0,0.9,0.1,-0.6000000000000001,98.8,0.0,0.0,261.2,0.0,21.3,35.4,35.4,37.2,300.0,300.0,30.200000000000003,34.5,34.7,34.300000000000004,35.9,4.95,1.99,4.97,0.16,0.0,0.0,1027.0,8228.0,0.0,0.0,0.0,0.0,0.0,1.0,0.0,0.0,0.0,0.0,0.0,0.6000000000000001,0.0,0.2,0.0,-0.0001,16.0,25903.0
2026-07-30T18:58:30.311Z,79.794,79.806,0.0,7.4,0.0,0.0,0.0,0.0,0.0,0.0,0.0,0.0,1.0,0.0,0.0,0.0,9.0,4.0,0.0,0.0,0.0,0.0,0.0,0.0,0.0,0.0,1.0,12.0,1.0,12.15,5.0200000000000005,2.51,1.49,0.0,0.0,0.0,301.0,0.0,-0.2,0.1,-0.6000000000000001,98.8,0.0,0.0,261.2,0.0,21.3,35.4,35.4,37.2,300.0,300.0,30.200000000000003,34.5,34.7,34.300000000000004,35.9,4.95,1.99,4.96,0.17,0.0,0.0,1027.0,8228.0,0.0,0.0,0.0,0.0,0.0,1.0,0.0,0.0,0.0,0.0,0.0,0.6000000000000001,0.0,0.2,0.0,-0.0001,16.0,25903.0
2026-07-30T18:58:30.322Z,79.805,79.818,-0.1,7.4,0.0,0.0,0.0,0.0,0.0,0.0,0.0,0.0,1.0,0.0,0.0,0.0,9.0,4.0,0.0,0.0,0.0,0.0,0.0,0.0,0.0,0.0,2.0,12.0,1.0,12.15,5.0200000000000005,2.51,1.49,0.0,0.0,0.0,301.1,0.0,0.9,0.7000000000000001,0.5,98.8,0.0,0.0,261.2,0.0,21.3,35.4,35.4,37.2,300.0,300.0,30.200000000000003,34.5,34.7,34.300000000000004,35.9,4.96,1.99,4.96,0.16,0.0,0.0,1027.0,8228.0,0.0,0.0,0.0,0.0,0.0,1.0,0.0,0.0,0.0,0.0,0.0,0.5,0.0,0.2,0.0,-0.0001,16.0,25903.0
2026-07-30T18:58:30.335Z,79.818,79.83,-0.1,7.4,0.0,0.0,0.0,0.0,0.0,0.0,0.0,0.0,1.0,0.0,0.0,0.0,9.0,4.0,0.0,0.0,0.0,0.0,0.0,0.0,0.0,0.0,3.0,12.0,1.0,12.15,5.0200000000000005,2.51,1.49,0.0,0.0,0.0,301.1,0.0,0.3,0.7000000000000001,1.1,98.8,0.0,0.0,261.2,0.0,21.3,35.4,35.4,37.2,300.0,300.0,30.200000000000003,34.5,34.7,34.300000000000004,35.9,4.95,1.99,4.96,0.16,0.0,0.0,1027.0,8228.0,0.0,0.0,0.0,0.0,0.0,1.0,0.0,0.0,0.0,0.0,0.0,0.3,0.0,1.5,0.0,-0.0001,16.0,25903.0
2026-07-30T18:58:30.347Z,79.83,79.842,-0.1,7.4,0.0,0.0,0.0,0.0,0.0,0.0,0.0,0.0,1.0,0.0,0.0,0.0,9.0,4.0,0.0,0.0,0.0,0.0,0.0,0.0,0.0,0.0,4.0,12.0,1.0,12.15,5.0200000000000005,2.51,1.49,0.0,0.0,0.0,301.1,0.0,-0.2,-1.0,0.0,98.8,0.0,0.0,261.2,0.0,21.3,35.4,35.4,37.2,300.0,300.0,30.200000000000003,34.5,34.7,34.300000000000004,35.9,4.95,1.99,4.97,0.16,0.0,0.0,1027.0,8228.0,0.0,0.0,0.0,0.0,0.0,1.0,0.0,0.0,0.0,0.0,0.0,0.9,0.0,1.3,0.0,-0.0001,16.0,25903.0
2026-07-30T18:58:30.359Z,79.842,79.854,-0.1,7.4,0.0,0.0,0.0,0.0,0.0,0.0,0.0,0.0,1.0,0.0,0.0,0.0,9.0,4.0,0.0,0.0,0.0,0.0,0.0,0.0,0.0,0.0,5.0,12.0,1.0,12.15,5.0200000000000005,2.51,1.49,0.0,0.0,0.0,301.0,0.0,-0.2,0.1,1.2000000000000002,98.8,0.0,0.0,261.2,0.0,21.3,35.4,35.4,37.2,300.0,300.0,30.200000000000003,34.5,34.7,34.300000000000004,35.9,4.95,1.99,4.96,0.16,0.0,0.0,1027.0,8228.0,0.0,0.0,0.0,0.0,0.0,1.0,0.0,0.0,0.0,0.0,0.0,-0.4,0.0,-1.2000000000000002,0.0,-0.0001,16.0,25903.0
2026-07-30T18:58:30.371Z,79.854,79.866,-0.1,7.4,0.0,0.0,0.0,0.0,0.0,0.0,0.0,0.0,1.0,0.0,0.0,0.0,9.0,4.0,0.0,0.0,0.0,0.0,0.0,0.0,0.0,0.0,6.0,12.0,1.0,12.17,5.01,2.51,1.49,0.0,0.0,0.0,301.1,0.0,-0.2,0.1,0.0,98.8,0.0,0.0,261.2,0.0,21.700000000000003,35.4,35.4,37.2,300.0,300.0,30.1,34.5,34.6,34.300000000000004,35.9,4.96,1.99,4.96,0.16,0.0,0.0,1027.0,8228.0,0.0,0.0,0.0,0.0,0.0,1.0,0.0,0.0,0.0,0.0,0.0,0.0,0.0,-0.2,0.0,-0.0001,16.0,25903.0
2026-07-30T18:58:30.383Z,79.866,79.878,-0.1,7.4,0.0,0.0,0.0,0.0,0.0,0.0,0.0,0.0,1.0,0.0,0.0,0.0,9.0,4.0,0.0,0.0,0.0,0.0,0.0,0.0,0.0,0.0,1.0,12.0,1.0,12.17,5.01,2.51,1.49,0.0,0.0,0.0,301.1,0.0,-0.8,-0.4,1.7000000000000002,98.8,0.0,0.0,261.2,0.0,21.700000000000003,35.4,35.4,37.2,300.0,300.0,30.1,34.5,34.6,34.300000000000004,35.9,4.95,1.99,4.97,0.16,0.0,0.0,1027.0,8228.0,0.0,0.0,0.0,0.0,0.0,1.0,0.0,0.0,0.0,0.0,0.0,-1.6,0.0,-0.8,0.0,-0.0001,16.0,25903.0
2026-07-30T18:58:30.394Z,79.877,79.89,-0.1,7.4,0.0,0.0,0.0,0.0,0.0,0.0,0.0,0.0,1.0,0.0,0.0,0.0,9.0,4.0,0.0,0.0,0.0,0.0,0.0,0.0,0.0,0.0,2.0,12.0,1.0,12.17,5.01,2.51,1.49,0.0,0.1,0.0,301.1,0.0,1.5,1.3,1.1,98.8,0.0,0.0,261.2,0.0,21.700000000000003,35.4,35.4,37.2,300.0,300.0,30.1,34.5,34.6,34.300000000000004,35.9,4.96,1.99,4.96,0.16,0.0,0.0,1027.0,8228.0,0.0,0.0,0.0,0.0,0.0,1.0,0.0,0.0,0.0,0.0,0.0,-0.8,0.0,-2.3000000000000003,0.0,-0.0001,16.0,25903.0
2026-07-30T18:58:30.406Z,79.889,79.902,-0.1,7.4,0.0,0.0,0.0,0.0,0.0,0.0,0.0,0.0,1.0,0.0,0.0,0.0,9.0,4.0,0.0,0.0,0.0,0.0,0.0,0.0,0.0,0.0,3.0,12.0,1.0,12.17,5.01,2.51,1.49,0.0,0.0,0.0,301.1,0.0,0.3,0.0,-1.2000000000000002,98.8,0.0,0.0,261.2,0.0,21.700000000000003,35.4,35.4,37.2,300.0,300.0,30.1,34.5,34.6,34.300000000000004,35.9,4.96,2.0,4.96,0.16,0.0,0.0,1027.0,8228.0,0.0,0.0,0.0,0.0,0.0,1.0,0.0,0.0,0.0,0.0,0.0,1.0,0.0,0.7000000000000001,0.0,-0.0001,16.0,25903.0
2026-07-30T18:58:30.418Z,79.901,79.914,-0.1,7.4,0.0,0.0,0.0,0.0,0.0,0.0,0.0,0.0,1.0,0.0,0.0,0.0,9.0,4.0,0.0,0.0,0.0,0.0,0.0,0.0,0.0,0.0,4.0,12.0,1.0,12.17,5.01,2.51,1.49,0.0,0.0,0.0,301.0,0.0,-0.2,0.0,-0.6000000000000001,98.8,0.0,0.0,261.2,0.0,21.700000000000003,35.4,35.4,37.2,300.0,300.0,30.1,34.5,34.6,34.300000000000004,35.9,4.94,1.99,4.96,0.16,0.0,0.0,1027.0,8228.0,0.0,0.0,0.0,0.0,0.0,1.0,0.0,0.0,0.0,0.0,0.0,0.5,0.0,0.3,0.0,-0.0001,16.0,25903.0
2026-07-30T18:58:30.434Z,79.917,79.926,-0.1,7.4,0.0,0.0,0.0,0.0,0.0,0.0,0.0,0.0,1.0,0.0,0.0,0.0,9.0,4.0,0.0,0.0,0.0,0.0,0.0,0.0,0.0,0.0,5.0,12.0,1.0,12.17,5.01,2.51,1.49,0.0,0.0,0.0,301.0,0.0,0.3,0.7000000000000001,0.0,98.8,0.0,0.0,261.2,0.0,21.700000000000003,35.4,35.4,37.2,300.0,300.0,30.1,34.5,34.6,34.300000000000004,35.9,4.95,1.99,4.97,0.16,0.0,0.0,1027.0,8228.0,0.0,0.0,0.0,0.0,0.0,1.0,0.0,0.0,0.0,0.0,0.0,0.1,0.0,-0.7000000000000001,0.0,-0.0001,16.0,25903.0
2026-07-30T18:58:30.446Z,79.929,79.938,-0.1,7.4,0.0,0.0,0.0,0.0,0.0,0.0,0.0,0.0,1.0,0.0,0.0,0.0,9.0,4.0,0.0,0.0,0.0,0.0,0.0,0.0,0.0,0.0,4.0,12.0,1.0,12.17,5.01,2.51,1.49,0.0,0.0,0.0,301.1,0.0,-0.2,-0.5,0.5,98.8,0.0,0.0,261.2,0.0,21.700000000000003,35.4,35.4,37.2,300.0,300.0,30.1,34.5,34.6,34.300000000000004,35.9,4.95,1.99,4.96,0.16,0.0,0.0,1027.0,8228.0,0.0,0.0,0.0,0.0,0.0,1.0,0.0,0.0,0.0,0.0,0.0,-0.5,0.0,0.2,0.0,-0.0001,16.0,25903.0
2026-07-30T18:58:30.455Z,79.938,79.95,-0.1,7.4,0.0,0.0,0.0,0.0,0.0,0.0,0.0,0.0,1.0,0.0,0.0,0.0,9.0,4.0,0.0,0.0,0.0,0.0,0.0,0.0,0.0,0.0,2.0,12.0,1.0,12.17,5.01,2.51,1.49,0.0,0.0,0.0,301.1,0.0,-0.2,0.6000000000000001,1.0,98.8,0.0,0.0,261.2,0.0,21.700000000000003,35.4,35.4,37.2,300.0,300.0,30.1,34.5,34.6,34.300000000000004,35.9,4.95,2.0,4.97,0.16,0.0,0.0,1027.0,8228.0,0.0,0.0,0.0,0.0,0.0,1.0,0.0,0.0,0.0,0.0,0.0,-0.8,0.0,-1.5,0.0,-0.0001,16.0,25903.0
2026-07-30T18:58:30.466Z,79.949,79.962,-0.1,7.4,0.0,0.0,0.0,0.0,0.0,0.0,0.0,0.0,1.0,0.0,0.0,0.0,9.0,4.0,0.0,0.0,0.0,0.0,0.0,0.0,0.0,0.0,4.0,12.0,1.0,12.17,5.01,2.51,1.49,0.0,0.0,0.0,301.0,0.0,0.3,1.3,0.0,98.8,0.0,0.0,261.2,0.0,21.700000000000003,35.4,35.4,37.2,300.0,300.0,30.1,34.5,34.6,34.300000000000004,35.9,4.96,1.99,4.97,0.16,0.0,0.0,1027.0,8228.0,0.0,0.0,0.0,0.0,0.0,1.0,0.0,0.0,0.0,0.0,0.0,0.2,0.0,-1.4,0.0,-0.0001,16.0,25903.0
2026-07-30T18:58:30.478Z,79.961,79.974,-0.1,7.4,0.0,0.0,0.0,0.0,0.0,0.0,0.0,0.0,1.0,0.0,0.0,0.0,9.0,4.0,0.0,0.0,0.0,0.0,0.0,0.0,0.0,0.0,5.0,12.0,1.0,12.17,5.01,2.5,1.49,0.0,0.0,0.0,301.1,0.0,-0.2,-0.4,-1.8,98.8,0.0,0.0,261.2,0.0,21.3,35.4,35.4,37.2,300.0,300.0,30.200000000000003,34.5,34.6,34.2,35.9,4.95,1.99,4.97,0.16,0.0,0.0,1027.0,8228.0,0.0,0.0,0.0,0.0,0.0,1.0,0.0,0.0,0.0,0.0,0.0,1.5,0.0,1.8,0.0,-0.0001,16.0,25903.0
2026-07-30T18:58:30.490Z,79.973,79.986,-0.1,7.4,0.0,0.0,0.0,0.0,0.0,0.0,0.0,0.0,1.0,0.0,0.0,0.0,9.0,4.0,0.0,0.0,0.0,0.0,0.0,0.0,0.0,0.0,6.0,12.0,1.0,12.17,5.01,2.5,1.49,0.0,0.0,0.0,301.1,0.0,0.2,0.1,2.3000000000000003,98.8,0.0,0.0,261.2,0.0,21.3,35.4,35.4,37.2,300.0,300.0,30.200000000000003,34.5,34.6,34.2,35.9,4.96,1.99,4.96,0.16,0.0,0.0,1027.0,8228.0,0.0,0.0,0.0,0.0,0.0,1.0,0.0,0.0,0.0,0.0,0.0,-2.0,0.0,-1.8,0.0,-0.0001,16.0,25903.0
2026-07-30T18:58:30.502Z,79.985,79.998,-0.1,7.4,0.0,0.0,0.0,0.0,0.0,0.0,0.0,0.0,1.0,0.0,0.0,0.0,9.0,4.0,0.0,0.0,0.0,0.0,0.0,0.0,0.0,0.0,1.0,12.0,1.0,12.17,5.01,2.5,1.49,0.0,0.0,0.0,301.1,0.0,0.3,0.7000000000000001,0.0,98.8,0.0,0.0,261.2,0.0,21.3,35.4,35.4,37.2,300.0,300.0,30.200000000000003,34.5,34.6,34.2,35.9,4.96,1.99,4.96,0.16,0.0,0.0,1027.0,8228.0,0.0,0.0,0.0,0.0,0.0,1.0,0.0,0.0,0.0,0.0,0.0,0.1,0.0,-0.8,0.0,-0.0001,16.0,25903.0
2026-07-30T18:58:30.514Z,79.997,80.01,-0.1,7.4,0.0,0.0,0.0,0.0,0.0,0.0,0.0,0.0,1.0,0.0,0.0,0.0,9.0,4.0,0.0,0.0,0.0,0.0,0.0,0.0,0.0,0.0,2.0,12.0,1.0,12.17,5.01,2.5,1.49,0.0,0.0,0.0,301.1,0.0,-0.2,0.1,0.0,98.8,0.0,0.0,261.2,0.0,21.3,35.4,35.4,37.2,300.0,300.0,30.200000000000003,34.5,34.6,34.2,35.9,4.95,1.99,4.96,0.16,0.0,0.0,1027.0,8228.0,0.0,0.0,0.0,0.0,0.0,1.0,0.0,0.0,0.0,0.0,0.0,0.0,0.0,-0.1,0.0,-0.0001,16.0,25903.0
2026-07-30T18:58:30.526Z,80.009,80.022,-0.1,7.4,0.0,0.0,0.0,0.0,0.0,0.0,0.0,0.0,1.0,0.0,0.0,0.0,9.0,4.0,0.0,0.0,0.0,0.0,0.0,0.0,0.0,0.0,3.0,12.0,1.0,12.17,5.01,2.5,1.49,0.0,0.1,0.0,301.1,0.0,-1.4,-1.6,-2.3000000000000003,98.8,0.0,0.0,261.2,0.0,21.3,35.4,35.4,37.2,300.0,300.0,30.200000000000003,34.5,34.6,34.2,35.9,4.95,1.99,4.96,0.16,0.0,0.0,1027.0,8228.0,0.0,0.0,0.0,0.0,0.0,1.0,0.0,0.0,0.0,0.0,0.0,1.8,0.0,3.5,0.0,-0.0001,16.0,25903.0
2026-07-30T18:58:30.538Z,80.021,80.034,-0.1,7.4,0.0,0.0,0.0,0.0,0.0,0.0,0.0,0.0,1.0,0.0,0.0,0.0,9.0,4.0,0.0,0.0,0.0,0.0,0.0,0.0,0.0,0.0,4.0,12.0,1.0,12.17,5.01,2.5,1.49,0.0,0.0,0.0,301.1,0.0,0.3,-0.4,-1.2000000000000002,98.8,0.0,0.0,261.2,0.0,21.3,35.4,35.4,37.2,300.0,300.0,30.200000000000003,34.5,34.6,34.2,35.9,4.95,1.99,4.97,0.16,0.0,0.0,1027.0,8228.0,0.0,0.0,0.0,0.0,0.0,1.0,0.0,0.0,0.0,0.0,0.0,1.0,0.0,1.4,0.0,-0.0001,16.0,25903.0
2026-07-30T18:58:30.550Z,80.033,80.046,-0.1,7.4,0.0,0.0,0.0,0.0,0.0,0.0,0.0,0.0,1.0,0.0,0.0,0.0,9.0,4.0,0.0,0.0,0.0,0.0,0.0,0.0,0.0,0.0,5.0,12.0,1.0,12.17,5.01,2.5,1.49,0.0,0.0,0.0,301.1,0.0,0.2,0.0,0.5,98.8,0.0,0.0,261.2,0.0,21.3,35.4,35.4,37.2,300.0,300.0,30.200000000000003,34.5,34.6,34.2,35.9,4.95,1.99,4.96,0.16,0.0,0.0,1027.0,8228.0,0.0,0.0,0.0,0.0,0.0,1.0,0.0,0.0,0.0,0.0,0.0,-0.4,0.0,-0.4,0.0,-0.0001,16.0,25903.0
2026-07-30T18:58:30.562Z,80.045,80.058,-0.1,7.4,0.0,0.0,0.0,0.0,0.0,0.0,0.0,0.0,1.0,0.0,0.0,0.0,9.0,4.0,0.0,0.0,0.0,0.0,0.0,0.0,0.0,0.0,6.0,12.0,1.0,12.17,5.01,2.5,1.49,0.0,0.0,0.0,301.1,0.0,-0.3,0.6000000000000001,0.5,98.8,0.0,0.0,261.2,0.0,21.3,35.4,35.4,37.2,300.0,300.0,30.200000000000003,34.5,34.6,34.2,35.9,4.96,2.0,4.96,0.16,0.0,0.0,1027.0,8228.0,0.0,0.0,0.0,0.0,0.0,1.0,0.0,0.0,0.0,0.0,0.0,-0.3,0.0,-1.1,0.0,-0.0001,16.0,25903.0
2026-07-30T18:58:30.574Z,80.057,80.07000000000001,0.0,7.4,0.0,0.0,0.0,0.0,0.0,0.0,0.0,0.0,1.0,0.0,0.0,0.0,9.0,4.0,0.0,0.0,0.0,0.0,0.0,0.0,0.0,0.0,1.0,12.0,1.0,12.17,5.01,2.5,1.49,0.0,0.0,0.0,301.1,0.0,0.8,1.2000000000000002,1.0,98.8,0.0,0.0,261.2,0.0,21.9,35.4,35.4,37.2,300.0,300.0,30.200000000000003,34.5,34.6,34.2,35.9,4.95,2.0,4.96,0.16,0.0,0.0,1027.0,8228.0,0.0,0.0,0.0,0.0,0.0,1.0,0.0,0.0,0.0,0.0,0.0,-0.7000000000000001,0.0,-2.1,0.0,-0.0001,16.0,25903.0
2026-07-30T18:58:30.587Z,80.07,80.08200000000001,0.0,7.4,0.0,0.0,0.0,0.0,0.0,0.0,0.0,0.0,1.0,0.0,0.0,0.0,9.0,4.0,0.0,0.0,0.0,0.0,0.0,0.0,0.0,0.0,2.0,12.0,1.0,12.17,5.01,2.5,1.49,0.0,0.0,0.0,301.0,0.0,0.8,-0.5,1.0,98.8,0.0,0.0,261.2,0.0,21.9,35.4,35.4,37.2,300.0,300.0,30.200000000000003,34.5,34.6,34.2,35.9,4.95,1.99,4.97,0.16,0.0,0.0,1027.0,8228.0,0.0,0.0,0.0,0.0,0.0,1.0,0.0,0.0,0.0,0.0,0.0,-1.0,0.0,-0.1,0.0,-0.0001,16.0,25903.0
2026-07-30T18:58:30.598Z,80.081,80.09400000000001,0.0,7.4,0.0,0.0,0.0,0.0,0.0,0.0,0.0,0.0,1.0,0.0,0.0,0.0,9.0,4.0,0.0,0.0,0.0,0.0,0.0,0.0,0.0,0.0,3.0,12.0,1.0,12.17,5.01,2.5,1.49,0.0,0.0,0.0,301.1,0.0,0.1,-0.5,-1.2000000000000002,98.8,0.0,0.0,261.2,0.0,21.9,35.4,35.4,37.2,300.0,300.0,30.200000000000003,34.5,34.6,34.2,35.9,4.95,2.0,4.96,0.16,0.0,0.0,1027.0,8228.0,0.0,0.0,0.0,0.0,0.0,1.0,0.0,0.0,0.0,0.0,0.0,1.0,0.0,1.5,0.0,-0.0001,16.0,25903.0
2026-07-30T18:58:30.610Z,80.093,80.10600000000001,0.0,7.4,0.0,0.0,0.0,0.0,0.0,0.0,0.0,0.0,1.0,0.0,0.0,0.0,9.0,4.0,0.0,0.0,0.0,0.0,0.0,0.0,0.0,0.0,4.0,12.0,1.0,12.17,5.01,2.5,1.49,0.0,0.0,0.0,301.0,0.0,0.1,1.7000000000000002,1.1,98.8,0.0,0.0,261.2,0.0,21.9,35.4,35.4,37.2,300.0,300.0,30.200000000000003,34.5,34.6,34.2,35.9,4.96,1.99,4.96,0.16,0.0,0.0,1027.0,8228.0,0.0,0.0,0.0,0.0,0.0,1.0,0.0,0.0,0.0,0.0,0.0,-0.7000000000000001,0.0,-2.8000000000000003,0.0,-0.0001,16.0,25903.0
2026-07-30T18:58:30.622Z,80.105,80.118,0.0,7.4,0.0,0.0,0.0,0.0,0.0,0.0,0.0,0.0,1.0,0.0,0.0,0.0,9.0,4.0,0.0,0.0,0.0,0.0,0.0,0.0,0.0,0.0,6.0,12.0,1.0,12.17,5.01,2.5,1.49,0.0,0.0,0.0,301.1,0.0,-0.3,0.5,-0.5,98.8,0.0,0.0,261.2,0.0,21.9,35.4,35.4,37.2,300.0,300.0,30.200000000000003,34.5,34.6,34.2,35.9,4.95,1.99,4.97,0.16,0.0,0.0,1027.0,8228.0,0.0,0.0,0.0,0.0,0.0,1.0,0.0,0.0,0.0,0.0,0.0,0.6000000000000001,0.0,-0.2,0.0,-0.0001,16.0,25903.0
2026-07-30T18:58:30.634Z,80.117,80.13,0.0,7.4,0.0,0.0,0.0,0.0,0.0,0.0,0.0,0.0,1.0,0.0,0.0,0.0,9.0,4.0,0.0,0.0,0.0,0.0,0.0,0.0,0.0,0.0,1.0,12.0,1.0,12.17,5.01,2.5,1.49,0.0,0.0,0.0,301.1,0.0,-0.3,-0.5,1.1,98.8,0.0,0.0,261.2,0.0,21.9,35.4,35.4,37.2,300.0,300.0,30.200000000000003,34.5,34.6,34.2,35.9,4.96,1.99,4.96,0.16,0.0,0.0,1027.0,8228.0,0.0,0.0,0.0,0.0,0.0,1.0,0.0,0.0,0.0,0.0,0.0,-1.1,0.0,-0.2,0.0,-0.0001,16.0,25903.0
2026-07-30T18:58:30.646Z,80.129,80.142,0.0,7.4,0.0,0.0,0.0,0.0,0.0,0.0,0.0,0.0,1.0,0.0,0.0,0.0,9.0,4.0,0.0,0.0,0.0,0.0,0.0,0.0,0.0,0.0,2.0,12.0,1.0,12.17,5.01,2.5,1.49,0.0,0.0,0.0,301.1,0.0,0.1,0.0,0.0,98.8,0.0,0.0,261.2,0.0,21.9,35.4,35.4,37.2,300.0,300.0,30.200000000000003,34.5,34.6,34.2,35.9,4.96,1.99,4.96,0.16,0.0,0.0,1027.0,8228.0,0.0,0.0,0.0,0.0,0.0,1.0,0.0,0.0,0.0,0.0,0.0,0.0,0.0,0.0,0.0,-0.0001,16.0,25903.0
2026-07-30T18:58:30.658Z,80.141,80.154,0.0,7.4,0.0,0.0,0.0,0.0,0.0,0.0,0.0,0.0,1.0,0.0,0.0,0.0,9.0,4.0,0.0,0.0,0.0,0.0,0.0,0.0,0.0,0.0,4.0,12.0,1.0,12.17,5.01,2.5,1.49,0.0,0.0,0.0,301.0,0.0,1.3,0.6000000000000001,1.1,98.8,0.0,0.0,261.2,0.0,21.9,35.4,35.4,37.2,300.0,300.0,30.200000000000003,34.5,34.6,34.2,35.9,4.95,1.99,4.96,0.16,0.0,0.0,1027.0,8228.0,0.0,0.0,0.0,0.0,0.0,1.0,0.0,0.0,0.0,0.0,0.0,-0.9,0.0,-1.5,0.0,-0.0001,16.0,25903.0
2026-07-30T18:58:30.670Z,80.153,80.166,0.0,7.4,0.0,0.0,0.0,0.0,0.0,0.0,0.0,0.0,1.0,0.0,0.0,0.0,9.0,4.0,0.0,0.0,0.0,0.0,0.0,0.0,0.0,0.0,5.0,12.0,1.0,12.17,5.01,2.5,1.49,0.0,0.0,0.0,301.1,0.0,-0.4,-1.1,-1.2000000000000002,98.8,0.0,0.0,261.2,0.0,21.9,35.4,35.4,37.2,300.0,300.0,30.200000000000003,34.5,34.6,34.2,35.9,4.95,1.99,4.97,0.16,0.0,0.0,1027.0,8228.0,0.0,0.0,0.0,0.0,0.0,1.0,0.0,0.0,0.0,0.0,0.0,0.9,0.0,2.2,0.0,-0.0001,16.0,25903.0
2026-07-30T18:58:30.682Z,80.165,80.178,0.0,7.4,0.0,0.0,0.0,0.0,0.0,0.0,0.0,0.0,1.0,0.0,0.0,0.0,9.0,4.0,0.0,0.0,0.0,0.0,0.0,0.0,0.0,0.0,6.0,12.0,1.0,12.18,5.0200000000000005,2.51,1.49,0.0,0.0,0.0,301.1,0.0,0.7000000000000001,-0.5,-0.1,98.8,0.0,0.0,261.2,0.0,21.4,35.4,35.4,37.2,300.0,300.0,30.200000000000003,34.4,34.6,34.1,35.800000000000004,4.96,1.99,4.96,0.16,0.0,0.0,1027.0,8228.0,0.0,0.0,0.0,0.0,0.0,1.0,0.0,0.0,0.0,0.0,0.0,0.0,0.0,0.7000000000000001,0.0,-0.0001,16.0,25903.0
2026-07-30T18:58:30.694Z,80.177,80.19,-0.1,7.4,0.0,0.0,0.0,0.0,0.0,0.0,0.0,0.0,1.0,0.0,0.0,0.0,9.0,4.0,0.0,0.0,0.0,0.0,0.0,0.0,0.0,0.0,1.0,12.0,1.0,12.18,5.0200000000000005,2.51,1.49,0.0,0.0,0.0,301.1,0.0,0.2,0.0,0.4,98.8,0.0,0.0,261.2,0.0,21.4,35.4,35.4,37.2,300.0,300.0,30.200000000000003,34.4,34.6,34.1,35.800000000000004,4.96,1.99,4.96,0.16,0.0,0.0,1027.0,8228.0,0.0,0.0,0.0,0.0,0.0,1.0,0.0,0.0,0.0,0.0,0.0,-0.4,0.0,-0.4,0.0,-0.0001,16.0,25903.0
2026-07-30T18:58:30.706Z,80.189,80.202,0.0,7.4,0.0,0.0,0.0,0.0,0.0,0.0,0.0,0.0,1.0,0.0,0.0,0.0,9.0,4.0,0.0,0.0,0.0,0.0,0.0,0.0,0.0,0.0,3.0,12.0,1.0,12.18,5.0200000000000005,2.51,1.49,0.0,0.0,0.0,301.1,0.0,-0.3,-0.5,-0.6000000000000001,98.8,0.0,0.0,261.2,0.0,21.4,35.4,35.4,37.2,300.0,300.0,30.200000000000003,34.4,34.6,34.1,35.800000000000004,4.95,2.0,4.96,0.16,0.0,0.0,1027.0,8228.0,0.0,0.0,0.0,0.0,0.0,1.0,0.0,0.0,0.0,0.0,0.0,0.5,0.0,1.1,0.0,-0.0001,16.0,25903.0
2026-07-30T18:58:30.718Z,80.201,80.214,0.0,7.4,0.0,0.0,0.0,0.0,0.0,0.0,0.0,0.0,1.0,0.0,0.0,0.0,9.0,4.0,0.0,0.0,0.0,0.0,0.0,0.0,0.0,0.0,4.0,12.0,1.0,12.18,5.0200000000000005,2.51,1.49,0.0,0.0,0.0,301.1,0.0,0.7000000000000001,0.0,0.4,98.8,0.0,0.0,261.2,0.0,21.4,35.4,35.4,37.2,300.0,300.0,30.200000000000003,34.4,34.6,34.1,35.800000000000004,4.95,2.0,4.96,0.16,0.0,0.0,1027.0,8228.0,0.0,0.0,0.0,0.0,0.0,1.0,0.0,0.0,0.0,0.0,0.0,-0.3,0.0,-0.3,0.0,-0.0001,16.0,25903.0
2026-07-30T18:58:30.730Z,80.213,80.226,0.0,7.4,0.0,0.0,0.0,0.0,0.0,0.0,0.0,0.0,1.0,0.0,0.0,0.0,9.0,4.0,0.0,0.0,0.0,0.0,0.0,0.0,0.0,0.0,6.0,12.0,1.0,12.18,5.0200000000000005,2.51,1.49,0.0,0.0,0.0,301.1,0.0,-0.9,-0.5,-0.1,98.8,0.0,0.0,261.2,0.0,21.4,35.4,35.4,37.2,300.0,300.0,30.200000000000003,34.4,34.6,34.1,35.800000000000004,4.95,2.0,4.96,0.16,0.0,0.0,1027.0,8228.0,0.0,0.0,0.0,0.0,0.0,1.0,0.0,0.0,0.0,0.0,0.0,0.0,0.0,0.7000000000000001,0.0,-0.0001,16.0,25903.0
2026-07-30T18:58:30.742Z,80.225,80.238,0.0,7.4,0.0,0.0,0.0,0.0,0.0,0.0,0.0,0.0,1.0,0.0,0.0,0.0,9.0,4.0,0.0,0.0,0.0,0.0,0.0,0.0,0.0,0.0,1.0,12.0,1.0,12.18,5.0200000000000005,2.51,1.49,0.0,0.0,0.0,301.1,0.0,0.1,1.1,2.2,98.8,0.0,0.0,261.2,0.0,21.4,35.4,35.4,37.2,300.0,300.0,30.200000000000003,34.4,34.6,34.1,35.800000000000004,4.95,1.99,4.97,0.16,0.0,0.0,1027.0,8228.0,0.0,0.0,0.0,0.0,0.0,1.0,0.0,0.0,0.0,0.0,0.0,-1.7000000000000002,0.0,-2.9000000000000004,0.0,-0.0001,16.0,25903.0
2026-07-30T18:58:30.759Z,80.242,80.25,0.0,7.4,0.0,0.0,0.0,0.0,0.0,0.0,0.0,0.0,1.0,0.0,0.0,0.0,9.0,4.0,0.0,0.0,0.0,0.0,0.0,0.0,0.0,0.0,2.0,12.0,1.0,12.18,5.0200000000000005,2.51,1.49,0.0,0.0,0.0,301.0,0.0,-0.9,0.0,0.0,98.8,0.0,0.0,261.2,0.0,21.4,35.4,35.4,37.2,300.0,300.0,30.200000000000003,34.4,34.6,34.1,35.800000000000004,4.95,1.99,4.97,0.16,0.0,0.0,1027.0,8228.0,0.0,0.0,0.0,0.0,0.0,1.0,0.0,0.0,0.0,0.0,0.0,0.0,0.0,0.0,0.0,-0.0001,16.0,25903.0
2026-07-30T18:58:30.766Z,80.249,80.262,0.0,7.4,0.0,0.0,0.0,0.0,0.0,0.0,0.0,0.0,1.0,0.0,0.0,0.0,9.0,4.0,0.0,0.0,0.0,0.0,0.0,0.0,0.0,0.0,6.0,12.0,1.0,12.18,5.0200000000000005,2.51,1.49,0.0,0.0,0.0,301.0,0.0,0.2,-1.1,0.0,98.8,0.0,0.0,261.2,0.0,21.4,35.4,35.4,37.2,300.0,300.0,30.200000000000003,34.4,34.6,34.1,35.800000000000004,4.96,1.99,4.96,0.16,0.0,0.0,1027.0,8228.0,0.0,0.0,0.0,0.0,0.0,1.0,0.0,0.0,0.0,0.0,0.0,-0.1,0.0,1.3,0.0,-0.0001,16.0,25903.0
2026-07-30T18:58:30.778Z,80.261,80.274,0.0,7.4,0.0,0.0,0.0,0.0,0.0,0.0,0.0,0.0,1.0,0.0,0.0,0.0,9.0,4.0,0.0,0.0,0.0,0.0,0.0,0.0,0.0,0.0,1.0,12.0,1.0,12.14,5.0200000000000005,2.5,1.5,0.0,0.0,0.0,301.0,0.0,0.1,-0.5,0.0,98.8,0.0,0.0,261.2,0.0,21.700000000000003,35.4,35.4,37.2,300.0,300.0,30.200000000000003,34.4,34.6,34.1,35.800000000000004,4.95,1.99,4.97,0.16,0.0,0.0,1027.0,8228.0,0.0,0.0,0.0,0.0,0.0,1.0,0.0,0.0,0.0,0.0,0.0,0.0,0.0,0.7000000000000001,0.0,-0.0001,16.0,25903.0
2026-07-30T18:58:30.790Z,80.273,80.286,0.0,7.4,0.0,0.0,0.0,0.0,0.0,0.0,0.0,0.0,1.0,0.0,0.0,0.0,9.0,4.0,0.0,0.0,0.0,0.0,0.0,0.0,0.0,0.0,2.0,12.0,1.0,12.14,5.0200000000000005,2.5,1.5,0.0,0.0,0.0,301.1,0.0,0.1,0.6000000000000001,1.6,98.8,0.0,0.0,261.2,0.0,21.700000000000003,35.4,35.4,37.2,300.0,300.0,30.200000000000003,34.4,34.6,34.1,35.800000000000004,4.95,1.99,4.96,0.16,0.0,0.0,1027.0,8228.0,0.0,0.0,0.0,0.0,0.0,1.0,0.0,0.0,0.0,0.0,0.0,-1.3,0.0,-1.9,0.0,-0.0001,16.0,25903.0
2026-07-30T18:58:30.803Z,80.286,80.298,0.0,7.4,0.0,0.0,0.0,0.0,0.0,0.0,0.0,0.0,1.0,0.0,0.0,0.0,9.0,4.0,0.0,0.0,0.0,0.0,0.0,0.0,0.0,0.0,3.0,12.0,1.0,12.14,5.0200000000000005,2.5,1.5,0.0,0.0,0.0,301.1,0.0,-0.3,0.0,0.5,98.8,0.0,0.0,261.2,0.0,21.700000000000003,35.4,35.4,37.2,300.0,300.0,30.200000000000003,34.4,34.6,34.1,35.800000000000004,4.96,1.99,4.96,0.16,0.0,0.0,1027.0,8228.0,0.0,0.0,0.0,0.0,0.0,1.0,0.0,0.0,0.0,0.0,0.0,-0.4,0.0,-0.4,0.0,-0.0001,16.0,25903.0
2026-07-30T18:58:30.814Z,80.297,80.31,0.0,7.4,0.0,0.0,0.0,0.0,0.0,0.0,0.0,0.0,1.0,0.0,0.0,0.0,9.0,4.0,0.0,0.0,0.0,0.0,0.0,0.0,0.0,0.0,4.0,12.0,1.0,12.14,5.0200000000000005,2.5,1.5,0.0,0.0,0.0,301.1,0.0,0.7000000000000001,0.0,1.0,98.8,0.0,0.0,261.2,0.0,21.700000000000003,35.4,35.4,37.2,300.0,300.0,30.200000000000003,34.4,34.6,34.1,35.800000000000004,4.95,1.99,4.97,0.16,0.0,0.0,1027.0,8228.0,0.0,0.0,0.0,0.0,0.0,1.0,0.0,0.0,0.0,0.0,0.0,-0.9,0.0,-0.8,0.0,-0.0001,16.0,25903.0
2026-07-30T18:58:30.826Z,80.309,80.322,0.0,7.4,0.0,0.0,0.0,0.0,0.0,0.0,0.0,0.0,1.0,0.0,0.0,0.0,9.0,4.0,0.0,0.0,0.0,0.0,0.0,0.0,0.0,0.0,5.0,12.0,1.0,12.14,5.0200000000000005,2.5,1.5,0.0,0.0,0.0,301.1,0.0,0.2,-0.5,1.0,98.8,0.0,0.0,261.2,0.0,21.700000000000003,35.4,35.4,37.2,300.0,300.0,30.200000000000003,34.4,34.6,34.1,35.800000000000004,4.95,1.99,4.97,0.16,0.0,0.0,1027.0,8228.0,0.0,0.0,0.0,0.0,0.0,1.0,0.0,0.0,0.0,0.0,0.0,-1.0,0.0,0.0,0.0,-0.0001,16.0,25903.0
2026-07-30T18:58:30.838Z,80.321,80.334,0.0,7.4,0.0,0.0,0.0,0.0,0.0,0.0,0.0,0.0,1.0,0.0,0.0,0.0,9.0,4.0,0.0,0.0,0.0,0.0,0.0,0.0,0.0,0.0,6.0,12.0,1.0,12.14,5.0200000000000005,2.5,1.5,0.0,0.0,0.0,301.1,0.0,-0.3,1.1,0.4,98.8,0.0,0.0,261.2,0.0,21.700000000000003,35.4,35.4,37.2,300.0,300.0,30.200000000000003,34.4,34.6,34.1,35.800000000000004,4.95,2.0,4.96,0.16,0.0,0.0,1027.0,8228.0,0.0,0.0,0.0,0.0,0.0,1.0,0.0,0.0,0.0,0.0,0.0,1.1,0.0,0.9,0.0,-0.0001,16.0,25903.0
2026-07-30T18:58:30.850Z,80.333,80.346,0.0,7.4,0.0,0.0,0.0,0.0,0.0,0.0,0.0,0.0,1.0,0.0,0.0,0.0,9.0,4.0,0.0,0.0,0.0,0.0,0.0,0.0,0.0,0.0,1.0,12.0,1.0,12.14,5.0200000000000005,2.5,1.5,0.0,0.0,0.0,301.1,0.0,-0.9,1.1,1.0,98.8,0.0,0.0,261.2,0.0,21.700000000000003,35.4,35.4,37.2,300.0,300.0,30.200000000000003,34.4,34.6,34.1,35.800000000000004,4.96,1.99,4.96,0.16,0.0,0.0,1027.0,8228.0,0.0,0.0,0.0,0.0,0.0,1.0,0.0,0.0,0.0,0.0,0.0,-0.9,0.0,-0.7000000000000001,0.0,-0.0001,16.0,25903.0
2026-07-30T18:58:30.863Z,80.346,80.358,0.0,7.4,0.0,0.0,0.0,0.0,0.0,0.0,0.0,0.0,1.0,0.0,0.0,0.0,9.0,4.0,0.0,0.0,0.0,0.0,0.0,0.0,0.0,0.0,1.0,12.0,1.0,12.14,5.0200000000000005,2.5,1.5,0.0,0.0,0.0,301.1,0.0,-0.3,-0.5,1.0,98.8,0.0,0.0,261.2,0.0,21.700000000000003,35.4,35.4,37.2,300.0,300.0,30.200000000000003,34.4,34.6,34.1,35.800000000000004,4.95,1.99,4.97,0.16,0.0,0.0,1027.0,8228.0,0.0,0.0,0.0,0.0,0.0,1.0,0.0,0.0,0.0,0.0,0.0,0.0,0.0,0.7000000000000001,0.0,-0.0001,16.0,25903.0
2026-07-30T18:58:30.875Z,80.358,80.37,0.0,7.4,0.0,0.0,0.0,0.0,0.0,0.0,0.0,0.0,1.0,0.0,0.0,0.0,9.0,4.0,0.0,0.0,0.0,0.0,0.0,0.0,0.0,0.0,2.0,12.0,1.0,12.14,5.0200000000000005,2.5,1.5,0.0,0.0,0.0,301.0,0.0,0.2,0.6000000000000001,-0.1,98.8,0.0,0.0,261.2,0.0,21.700000000000003,35.4,35.4,37.2,300.0,300.0,30.200000000000003,34.4,34.6,34.1,35.800000000000004,4.96,1.98,4.97,0.16,0.0,0.0,1027.0,8228.0,0.0,0.0,0.0,0.0,0.0,1.0,0.0,0.0,0.0,0.0,0.0,-0.4,0.0,0.3,0.0,-0.0001,16.0,25903.0
2026-07-30T18:58:30.886Z,80.369,80.382,0.0,7.4,0.0,0.0,0.0,0.0,0.0,0.0,0.0,0.0,1.0,0.0,0.0,0.0,9.0,4.0,0.0,0.0,0.0,0.0,0.0,0.0,0.0,0.0,3.0,12.0,1.0,12.17,5.01,2.51,1.49,0.0,0.0,0.0,301.1,0.0,0.2,0.0,0.4,98.8,0.0,0.0,261.2,0.0,20.6,35.4,35.4,37.2,300.0,300.0,30.1,34.4,34.5,34.1,35.7,4.96,1.99,4.97,0.16,0.0,0.0,1027.0,8228.0,0.0,0.0,0.0,0.0,0.0,1.0,0.0,0.0,0.0,0.0,0.0,-0.3,0.0,-0.3,0.0,-0.0001,16.0,25903.0
2026-07-30T18:58:30.899Z,80.382,80.394,0.0,7.4,0.0,0.0,0.0,0.0,0.0,0.0,0.0,0.0,1.0,0.0,0.0,0.0,9.0,4.0,0.0,0.0,0.0,0.0,0.0,0.0,0.0,0.0,4.0,12.0,1.0,12.17,5.01,2.51,1.49,0.0,0.0,0.0,301.1,0.0,0.2,0.0,-0.7000000000000001,98.8,0.0,0.0,261.2,0.0,20.6,35.4,35.4,37.2,300.0,300.0,30.1,34.4,34.5,34.1,35.7,4.96,1.99,4.97,0.16,0.0,0.0,1027.0,8228.0,0.0,0.0,0.0,0.0,0.0,1.0,0.0,0.0,0.0,0.0,0.0,0.6000000000000001,0.0,0.4,0.0,0.0,16.0,25903.0
2026-07-30T18:58:30.911Z,80.394,80.406,0.0,7.4,0.0,0.0,0.0,0.0,0.0,0.0,0.0,0.0,1.0,0.0,0.0,0.0,9.0,4.0,0.0,0.0,0.0,0.0,0.0,0.0,0.0,0.0,5.0,12.0,1.0,12.17,5.01,2.51,1.49,0.0,0.0,0.0,301.1,0.0,-0.3,-1.1,-1.3,98.8,0.0,0.0,261.2,0.0,20.6,35.4,35.4,37.2,300.0,300.0,30.1,34.4,34.5,34.1,35.7,4.95,1.99,4.97,0.16,0.0,0.0,1027.0,8228.0,0.0,0.0,0.0,0.0,0.0,1.0,0.0,0.0,0.0,0.0,0.0,0.9,0.0,2.2,0.0,0.0,16.0,25903.0
2026-07-30T18:58:30.922Z,80.405,80.418,0.0,7.4,0.0,0.0,0.0,0.0,0.0,0.0,0.0,0.0,1.0,0.0,0.0,0.0,9.0,4.0,0.0,0.0,0.0,0.0,0.0,0.0,0.0,0.0,6.0,12.0,1.0,12.17,5.01,2.51,1.49,0.0,0.0,0.0,301.1,0.0,-0.3,-1.1,0.9,98.8,0.0,0.0,261.2,0.0,20.6,35.4,35.4,37.2,300.0,300.0,30.1,34.4,34.5,34.1,35.7,4.95,1.99,4.96,0.16,0.0,0.0,1027.0,8228.0,0.0,0.0,0.0,0.0,0.0,1.0,0.0,0.0,0.0,0.0,0.0,-1.0,0.0,0.6000000000000001,0.0,0.0,16.0,25903.0
2026-07-30T18:58:30.935Z,80.418,80.43,0.0,7.4,0.0,0.0,0.0,0.0,0.0,0.0,0.0,0.0,1.0,0.0,0.0,0.0,9.0,4.0,0.0,0.0,0.0,0.0,0.0,0.0,0.0,0.0,1.0,12.0,1.0,12.17,5.01,2.51,1.49,0.0,0.0,0.0,301.1,0.0,-0.3,-0.6000000000000001,0.3,98.8,0.0,0.0,261.2,0.0,20.6,35.4,35.4,37.2,300.0,300.0,30.1,34.4,34.5,34.1,35.7,4.95,1.99,4.97,0.16,0.0,0.0,1027.0,8228.0,0.0,0.0,0.0,0.0,0.0,1.0,0.0,0.0,0.0,0.0,0.0,-0.4,0.0,0.4,0.0,0.0,16.0,25903.0
2026-07-30T18:58:30.946Z,80.429,80.44200000000001,0.0,7.4,0.0,0.0,0.0,0.0,0.0,0.0,0.0,0.0,1.0,0.0,0.0,0.0,9.0,4.0,0.0,0.0,0.0,0.0,0.0,0.0,0.0,0.0,2.0,12.0,1.0,12.17,5.01,2.51,1.49,0.0,0.0,0.0,301.1,0.0,-0.3,1.1,1.5,98.8,0.0,0.0,261.2,0.0,20.6,35.4,35.4,37.2,300.0,300.0,30.1,34.4,34.5,34.1,35.7,4.95,1.99,4.97,0.16,0.0,0.0,1027.0,8228.0,0.0,0.0,0.0,0.0,0.0,1.0,0.0,0.0,0.0,0.0,0.0,-1.2000000000000002,0.0,-2.4000000000000004,0.0,0.0,16.0,25903.0
2026-07-30T18:58:30.959Z,80.442,80.45400000000001,0.0,7.4,0.0,0.0,0.0,0.0,0.0,0.0,0.0,0.0,1.0,0.0,0.0,0.0,9.0,4.0,0.0,0.0,0.0,0.0,0.0,0.0,0.0,0.0,3.0,12.0,1.0,12.17,5.01,2.51,1.49,0.0,0.0,0.0,301.1,0.0,0.2,0.6000000000000001,-0.1,98.8,0.0,0.0,261.2,0.0,20.6,35.4,35.4,37.2,300.0,300.0,30.1,34.4,34.5,34.1,35.7,4.96,1.99,4.96,0.16,0.0,0.0,1027.0,8228.0,0.0,0.0,0.0,0.0,0.0,1.0,0.0,0.0,0.0,0.0,0.0,0.2,0.0,-0.5,0.0,0.0,16.0,25903.0
2026-07-30T18:58:30.970Z,80.453,80.46600000000001,0.0,7.4,0.0,0.0,0.0,0.0,0.0,0.0,0.0,0.0,1.0,0.0,0.0,0.0,9.0,4.0,0.0,0.0,0.0,0.0,0.0,0.0,0.0,0.0,4.0,12.0,1.0,12.17,5.01,2.51,1.49,0.0,0.0,0.0,301.1,0.0,0.2,-0.5,0.9,98.8,0.0,0.0,261.2,0.0,20.6,35.4,35.4,37.2,300.0,300.0,30.1,34.4,34.5,34.1,35.7,4.95,2.0,4.96,0.16,0.0,0.0,1027.0,8228.0,0.0,0.0,0.0,0.0,0.0,1.0,0.0,0.0,0.0,0.0,0.0,-0.9,0.0,0.0,0.0,0.0,16.0,25903.0
2026-07-30T18:58:30.983Z,80.466,80.47800000000001,0.0,7.4,0.0,0.0,0.0,0.0,0.0,0.0,0.0,0.0,1.0,0.0,0.0,0.0,9.0,4.0,0.0,0.0,0.0,0.0,0.0,0.0,0.0,0.0,5.0,12.0,1.0,12.17,5.0200000000000005,2.51,1.49,0.0,0.0,0.0,301.0,0.0,-0.3,0.0,-0.2,98.8,0.0,0.0,261.2,0.0,21.700000000000003,35.4,35.4,37.2,300.0,300.0,30.200000000000003,34.300000000000004,34.5,34.0,35.7,4.95,1.99,4.97,0.16,0.0,0.0,1027.0,8228.0,0.0,0.0,0.0,0.0,0.0,1.0,0.0,0.0,0.0,0.0,0.0,0.1,0.0,0.1,0.0,0.0,16.0,25903.0
2026-07-30T18:58:30.995Z,80.478,80.49,0.0,7.4,0.0,0.0,0.0,0.0,0.0,0.0,0.0,0.0,1.0,0.0,0.0,0.0,9.0,4.0,0.0,0.0,0.0,0.0,0.0,0.0,0.0,0.0,6.0,12.0,1.0,12.17,5.0200000000000005,2.51,1.49,0.0,0.0,0.0,300.3,0.0,0.2,0.0,-0.2,98.8,0.0,0.0,261.2,0.0,21.700000000000003,35.4,35.4,37.2,300.0,300.0,30.200000000000003,34.300000000000004,34.5,34.0,35.7,4.95,1.99,4.97,0.16,0.0,0.0,1027.0,8228.0,0.0,0.0,0.0,0.0,0.0,1.0,0.0,0.0,0.0,0.0,0.0,0.1,0.0,0.1,0.0,0.0,16.0,25903.0
2026-07-30T18:58:31.006Z,80.489,80.502,0.0,7.4,0.0,0.0,0.0,0.0,0.0,0.0,0.0,0.0,1.0,0.0,0.0,0.0,9.0,4.0,0.0,0.0,0.0,0.0,0.0,0.0,0.0,0.0,1.0,12.0,1.0,12.17,5.0200000000000005,2.51,1.49,0.0,0.0,0.0,298.40000000000003,0.0,-0.9,-1.1,0.4,98.8,0.0,0.0,261.2,0.0,21.700000000000003,35.4,35.4,37.2,300.0,300.0,30.200000000000003,34.300000000000004,34.5,34.0,35.7,4.96,1.99,4.96,0.16,0.0,0.0,1027.0,8228.0,0.0,0.0,0.0,0.0,0.0,1.0,0.0,0.0,0.0,0.0,0.0,-0.5,0.0,1.0,0.0,0.0,16.0,25903.0
2026-07-30T18:58:31.018Z,80.501,80.514,0.0,7.4,0.0,0.0,0.0,0.0,0.0,0.0,0.0,0.0,1.0,0.0,0.0,0.0,9.0,4.0,0.0,0.0,0.0,0.0,0.0,0.0,0.0,0.0,2.0,12.0,1.0,12.17,5.0200000000000005,2.51,1.49,0.0,0.0,0.0,296.7,0.0,0.3,-0.5,0.3,98.8,0.0,0.0,261.2,0.0,21.700000000000003,35.4,35.4,37.2,300.0,300.0,30.200000000000003,34.300000000000004,34.5,34.0,35.7,4.95,1.99,4.97,0.16,0.0,0.0,1027.0,8228.0,0.0,0.0,0.0,0.0,0.0,1.0,0.0,0.0,0.0,0.0,0.0,-0.4,0.0,0.3,0.0,0.0,16.0,25903.0
2026-07-30T18:58:31.030Z,80.513,80.526,0.0,7.4,0.0,0.0,0.0,0.0,0.0,0.0,0.0,0.0,1.0,0.0,0.0,0.0,9.0,4.0,0.0,0.0,0.0,0.0,0.0,0.0,0.0,0.0,3.0,12.0,1.0,12.17,5.0200000000000005,2.51,1.49,0.0,0.0,0.0,294.90000000000003,0.0,0.2,0.6000000000000001,-0.1,98.8,0.0,0.0,261.2,0.0,21.700000000000003,35.4,35.4,37.2,300.0,300.0,30.200000000000003,34.300000000000004,34.5,34.0,35.7,4.95,2.0,4.96,0.16,0.0,0.0,1027.0,8228.0,0.0,0.0,0.0,0.0,0.0,1.0,0.0,0.0,0.0,0.0,0.0,0.2,0.0,-0.6000000000000001,0.0,0.0,16.0,25903.0
2026-07-30T18:58:31.042Z,80.525,80.538,0.0,7.4,0.0,0.0,0.0,0.0,0.0,0.0,0.0,0.0,1.0,0.0,0.0,0.0,9.0,4.0,0.0,0.0,0.0,0.0,0.0,0.0,0.0,0.0,4.0,12.0,1.0,12.17,5.0200000000000005,2.51,1.49,0.0,0.0,0.0,293.1,0.0,0.2,1.1,1.5,98.8,0.0,0.0,261.2,0.0,21.700000000000003,35.4,35.4,37.2,300.0,300.0,30.200000000000003,34.300000000000004,34.5,34.0,35.7,4.96,2.0,4.96,0.16,0.0,0.0,1027.0,8228.0,0.0,0.0,0.0,0.0,0.0,1.0,0.0,0.0,0.0,0.0,0.0,-1.1,0.0,-2.4000000000000004,0.0,0.0,16.0,25903.0
2026-07-30T18:58:31.054Z,80.537,80.55,0.0,7.4,0.0,0.0,0.0,0.0,0.0,0.0,0.0,0.0,1.0,0.0,0.0,0.0,9.0,4.0,0.0,0.0,0.0,0.0,0.0,0.0,0.0,0.0,5.0,12.0,1.0,12.17,5.0200000000000005,2.51,1.49,0.0,0.0,0.0,291.40000000000003,0.0,0.2,-0.5,-0.2,98.8,0.0,0.0,261.2,0.0,21.700000000000003,35.4,35.4,37.2,300.0,300.0,30.200000000000003,34.300000000000004,34.5,34.0,35.7,4.95,2.0,4.97,0.16,0.0,0.0,1027.0,8228.0,0.0,0.0,0.0,0.0,0.0,1.0,0.0,0.0,0.0,0.0,0.0,0.1,0.0,0.8,0.0,0.0,16.0,25903.0
2026-07-30T18:58:31.073Z,80.556,80.562,0.0,7.4,0.0,0.0,0.0,0.0,0.0,0.0,0.0,0.0,1.0,0.0,0.0,0.0,9.0,4.0,0.0,0.0,0.0,0.0,0.0,0.0,0.0,0.0,6.0,12.0,1.0,12.17,5.0200000000000005,2.51,1.49,0.0,0.0,0.0,289.7,0.0,0.2,-0.5,0.3,98.8,0.0,0.0,261.2,0.0,21.700000000000003,35.4,35.4,37.2,300.0,300.0,30.200000000000003,34.300000000000004,34.5,34.0,35.7,4.95,1.99,4.97,0.16,0.0,0.0,1027.0,8228.0,0.0,0.0,0.0,0.0,0.0,1.0,0.0,0.0,0.0,0.0,0.0,-0.4,0.0,0.4,0.0,0.0,16.0,25903.0
2026-07-30T18:58:31.078Z,80.561,80.574,0.0,7.4,0.0,0.0,0.0,0.0,0.0,0.0,0.0,0.0,1.0,0.0,0.0,0.0,9.0,4.0,0.0,0.0,0.0,0.0,0.0,0.0,0.0,0.0,4.0,12.0,1.0,12.17,5.0200000000000005,2.51,1.49,0.0,0.0,0.0,287.90000000000003,0.0,-0.3,0.0,0.3,98.8,0.0,0.0,261.2,0.0,21.700000000000003,35.4,35.4,37.2,300.0,300.0,30.200000000000003,34.300000000000004,34.5,34.0,35.7,4.95,2.0,4.96,0.16,0.0,0.0,1027.0,8228.0,0.0,0.0,0.0,0.0,0.0,1.0,0.0,0.0,0.0,0.0,0.0,-0.3,0.0,-0.1,0.0,0.0,16.0,25903.0
2026-07-30T18:58:31.090Z,80.573,80.586,0.0,7.4,0.0,0.0,0.0,0.0,0.0,0.0,0.0,0.0,1.0,0.0,0.0,0.0,9.0,4.0,0.0,0.0,0.0,0.0,0.0,0.0,0.0,0.0,5.0,12.0,1.0,12.18,5.01,2.51,1.49,0.0,0.0,0.0,286.2,0.0,0.2,0.6000000000000001,0.3,98.8,0.0,0.0,261.1,0.0,21.9,35.4,35.300000000000004,37.2,300.0,300.0,30.200000000000003,34.300000000000004,34.5,34.0,35.7,4.95,1.99,4.96,0.16,0.0,0.0,1027.0,8228.0,0.0,0.0,0.0,0.0,0.0,1.0,0.0,0.0,0.0,0.0,0.0,-0.2,0.0,-0.9,0.0,0.0,16.0,25903.0
2026-07-30T18:58:31.103Z,80.586,80.598,0.0,7.4,0.0,0.0,0.0,0.0,0.0,0.0,0.0,0.0,1.0,0.0,0.0,0.0,9.0,4.0,0.0,0.0,0.0,0.0,0.0,0.0,0.0,0.0,6.0,12.0,1.0,12.18,5.01,2.51,1.49,0.0,0.0,0.0,284.5,0.0,-0.8,0.0,0.4,98.8,0.0,0.0,261.2,0.0,21.9,35.4,35.300000000000004,37.2,300.0,300.0,30.200000000000003,34.300000000000004,34.5,34.0,35.7,4.95,1.99,4.97,0.16,0.0,0.0,1027.0,8228.0,0.0,0.0,0.0,0.0,0.0,1.0,0.0,0.0,0.0,0.0,0.0,-0.3,0.0,-0.3,0.0,0.0,16.0,25903.0
2026-07-30T18:58:31.114Z,80.597,80.61,0.0,7.4,0.0,0.0,0.0,0.0,0.0,0.0,0.0,0.0,1.0,0.0,0.0,0.0,9.0,4.0,0.0,0.0,0.0,0.0,0.0,0.0,0.0,0.0,2.0,12.0,1.0,12.18,5.01,2.51,1.49,0.0,0.0,0.0,282.8,0.0,-0.3,-1.1,-0.7000000000000001,98.8,0.0,0.0,261.2,0.0,21.9,35.4,35.300000000000004,37.2,300.0,300.0,30.200000000000003,34.300000000000004,34.5,34.0,35.7,4.95,1.99,4.96,0.16,0.0,0.0,1027.0,8228.0,0.0,0.0,0.0,0.0,0.0,1.0,0.0,0.0,0.0,0.0,0.0,0.4,0.0,1.8,0.0,0.0,16.0,25903.0
2026-07-30T18:58:31.126Z,80.609,80.622,0.0,7.4,0.0,0.0,0.0,0.0,0.0,0.0,0.0,0.0,1.0,0.0,0.0,0.0,9.0,4.0,0.0,0.0,0.0,0.0,0.0,0.0,0.0,0.0,3.0,12.0,1.0,12.18,5.01,2.51,1.49,0.0,0.0,0.0,281.1,0.0,-0.3,0.0,-1.3,98.8,0.0,0.0,261.2,0.0,21.9,35.4,35.300000000000004,37.2,300.0,300.0,30.200000000000003,34.300000000000004,34.5,34.0,35.7,4.95,2.0,4.96,0.16,0.0,0.0,1027.0,8228.0,0.0,0.0,0.0,0.0,0.0,1.0,0.0,0.0,0.0,0.0,0.0,1.2000000000000002,0.0,0.9,0.0,0.0,16.0,25903.0
2026-07-30T18:58:31.138Z,80.621,80.634,0.0,7.4,0.0,0.0,0.0,0.0,0.0,0.0,0.0,0.0,1.0,0.0,0.0,0.0,9.0,4.0,0.0,0.0,0.0,0.0,0.0,0.0,0.0,0.0,4.0,12.0,1.0,12.18,5.01,2.51,1.49,0.0,0.0,0.0,279.40000000000003,0.0,-0.2,0.0,-1.3,98.8,0.0,0.0,261.2,0.0,21.9,35.4,35.300000000000004,37.2,300.0,300.0,30.200000000000003,34.300000000000004,34.5,34.0,35.7,4.95,1.99,4.96,0.16,0.0,0.0,1027.0,8228.0,0.0,0.0,0.0,0.0,0.0,1.0,0.0,0.0,0.0,0.0,0.0,1.2000000000000002,0.0,0.8,0.0,0.0,16.0,25903.0
2026-07-30T18:58:31.150Z,80.633,80.646,0.0,7.4,0.0,0.0,0.0,0.0,0.0,0.0,0.0,0.0,1.0,0.0,0.0,0.0,9.0,4.0,0.0,0.0,0.0,0.0,0.0,0.0,0.0,0.0,5.0,12.0,1.0,12.18,5.01,2.51,1.49,0.0,0.0,0.0,277.7,0.0,0.8,0.1,1.0,98.8,0.0,0.0,261.2,0.0,21.9,35.4,35.300000000000004,37.2,300.0,300.0,30.200000000000003,34.300000000000004,34.5,34.0,35.7,4.95,1.99,4.97,0.16,0.0,0.0,1027.0,8228.0,0.0,0.0,0.0,0.0,0.0,1.0,0.0,0.0,0.0,0.0,0.0,-0.8,0.0,-0.8,0.0,0.0,16.0,25903.0
2026-07-30T18:58:31.162Z,80.645,80.658,0.0,7.4,0.0,0.0,0.0,0.0,0.0,0.0,0.0,0.0,1.0,0.0,0.0,0.0,9.0,4.0,0.0,0.0,0.0,0.0,0.0,0.0,0.0,0.0,6.0,12.0,1.0,12.18,5.01,2.51,1.49,0.0,0.0,0.0,276.0,0.0,-0.3,-1.0,-0.1,98.8,0.0,0.0,261.2,0.0,21.9,35.4,35.300000000000004,37.2,300.0,300.0,30.200000000000003,34.300000000000004,34.5,34.0,35.7,4.96,1.99,4.96,0.16,0.0,0.0,1027.0,8228.0,0.0,0.0,0.0,0.0,0.0,1.0,0.0,0.0,0.0,0.0,0.0,0.0,0.0,1.3,0.0,0.0,16.0,25903.0
2026-07-30T18:58:31.174Z,80.657,80.67,0.0,7.4,0.0,0.0,0.0,0.0,0.0,0.0,0.0,0.0,1.0,0.0,0.0,0.0,9.0,4.0,0.0,0.0,0.0,0.0,0.0,0.0,0.0,0.0,1.0,12.0,1.0,12.18,5.01,2.51,1.49,0.0,0.0,0.0,274.40000000000003,0.0,-0.3,0.0,1.6,98.8,0.0,0.0,261.2,0.0,21.9,35.4,35.300000000000004,37.2,300.0,300.0,30.200000000000003,34.300000000000004,34.5,34.0,35.7,4.96,1.99,4.97,0.16,0.0,0.0,1027.0,8228.0,0.0,0.0,0.0,0.0,0.0,1.0,0.0,0.0,0.0,0.0,0.0,-1.4,0.0,-1.2000000000000002,0.0,0.0,16.0,25903.0
2026-07-30T18:58:31.187Z,80.67,80.682,0.0,7.4,0.0,0.0,0.0,0.0,0.0,0.0,0.0,0.0,1.0,0.0,0.0,0.0,9.0,4.0,0.0,0.0,0.0,0.0,0.0,0.0,0.0,0.0,2.0,12.0,1.0,12.18,5.0200000000000005,2.5,1.49,0.0,0.0,0.0,272.7,0.0,-0.3,0.7000000000000001,1.0,98.8,0.0,0.0,261.2,0.0,21.200000000000003,35.4,35.300000000000004,37.1,300.0,300.0,30.1,34.300000000000004,34.5,34.0,35.7,4.95,1.99,4.97,0.16,0.0,0.0,1027.0,8228.0,0.0,0.0,0.0,0.0,0.0,1.0,0.0,0.0,0.0,0.0,0.0,-0.7000000000000001,0.0,-1.5,0.0,0.0,16.0,25903.0
2026-07-30T18:58:31.198Z,80.681,80.694,0.0,7.4,0.0,0.0,0.0,0.0,0.0,0.0,0.0,0.0,1.0,0.0,0.0,0.0,9.0,4.0,0.0,0.0,0.0,0.0,0.0,0.0,0.0,0.0,3.0,12.0,1.0,12.18,5.0200000000000005,2.5,1.49,0.0,0.0,0.0,271.2,0.0,0.8,0.1,-1.3,98.8,0.0,0.0,261.2,0.0,21.200000000000003,35.4,35.300000000000004,37.1,300.0,300.0,30.1,34.300000000000004,34.5,34.0,35.7,4.96,1.99,4.97,0.16,0.0,0.0,1027.0,8228.0,0.0,0.0,0.0,0.0,0.0,1.0,0.0,0.0,0.0,0.0,0.0,1.2000000000000002,0.0,0.8,0.0,0.0,16.0,25903.0
2026-07-30T18:58:31.210Z,80.693,80.706,0.0,7.4,0.0,0.0,0.0,0.0,0.0,0.0,0.0,0.0,1.0,0.0,0.0,0.0,9.0,4.0,0.0,0.0,0.0,0.0,0.0,0.0,0.0,0.0,4.0,12.0,1.0,12.18,5.0200000000000005,2.5,1.49,0.0,0.0,0.0,269.5,0.0,0.2,0.1,-0.1,98.8,0.0,0.0,261.2,0.0,21.200000000000003,35.4,35.300000000000004,37.1,300.0,300.0,30.1,34.300000000000004,34.5,34.0,35.7,4.95,1.99,4.96,0.16,0.0,0.0,1027.0,8228.0,0.0,0.0,0.0,0.0,0.0,1.0,0.0,0.0,0.0,0.0,0.0,0.1,0.0,-0.1,0.0,0.0,16.0,25903.0
2026-07-30T18:58:31.222Z,80.705,80.718,0.0,7.4,0.0,0.0,0.0,0.0,0.0,0.0,0.0,0.0,1.0,0.0,0.0,0.0,9.0,4.0,0.0,0.0,0.0,0.0,0.0,0.0,0.0,0.0,5.0,12.0,1.0,12.18,5.0200000000000005,2.5,1.49,0.0,0.0,0.0,267.90000000000003,0.0,-0.3,0.1,-0.2,98.8,0.0,0.0,261.2,0.0,21.200000000000003,35.4,35.300000000000004,37.1,300.0,300.0,30.1,34.300000000000004,34.5,34.0,35.7,4.95,1.99,4.97,0.16,0.0,0.0,1027.0,8228.0,0.0,0.0,0.0,0.0,0.0,1.0,0.0,0.0,0.0,0.0,0.0,0.2,0.0,0.0,0.0,0.0,16.0,25903.0
2026-07-30T18:58:31.235Z,80.718,80.73,0.0,7.4,0.0,0.0,0.0,0.0,0.0,0.0,0.0,0.0,1.0,0.0,0.0,0.0,9.0,4.0,0.0,0.0,0.0,0.0,0.0,0.0,0.0,0.0,6.0,12.0,1.0,12.18,5.0200000000000005,2.5,1.49,0.0,0.0,0.0,266.3,0.0,-0.3,0.7000000000000001,-0.2,98.8,0.0,0.0,261.2,0.0,21.200000000000003,35.4,35.300000000000004,37.1,300.0,300.0,30.1,34.300000000000004,34.5,34.0,35.7,4.95,1.99,4.97,0.16,0.0,0.0,1027.0,8228.0,0.0,0.0,0.0,0.0,0.0,1.0,0.0,0.0,0.0,0.0,0.0,0.3,0.0,-0.6000000000000001,0.0,0.0,16.0,25903.0
2026-07-30T18:58:31.247Z,80.73,80.742,0.0,7.4,0.0,0.0,0.0,0.0,0.0,0.0,0.0,0.0,1.0,0.0,0.0,0.0,9.0,4.0,0.0,0.0,0.0,0.0,0.0,0.0,0.0,0.0,6.0,12.0,1.0,12.18,5.0200000000000005,2.5,1.49,0.0,0.0,0.0,264.7,0.0,0.8,0.1,1.5,98.8,0.0,0.0,261.2,0.0,21.200000000000003,35.4,35.300000000000004,37.1,300.0,300.0,30.1,34.300000000000004,34.5,34.0,35.7,4.96,1.99,4.97,0.16,0.0,0.0,1027.0,8228.0,0.0,0.0,0.0,0.0,0.0,1.0,0.0,0.0,0.0,0.0,0.0,-1.3,0.0,-1.2000000000000002,0.0,0.0,16.0,25903.0
2026-07-30T18:58:31.258Z,80.741,80.754,0.0,7.4,0.0,0.0,0.0,0.0,0.0,0.0,0.0,0.0,1.0,0.0,0.0,0.0,9.0,4.0,0.0,0.0,0.0,0.0,0.0,0.0,0.0,0.0,1.0,12.0,1.0,12.18,5.0200000000000005,2.5,1.49,0.0,0.0,0.0,263.1,0.0,0.8,-0.4,-1.9,98.8,0.0,0.0,261.2,0.0,21.200000000000003,35.4,35.300000000000004,37.1,300.0,300.0,30.1,34.300000000000004,34.5,34.0,35.7,4.95,1.99,4.97,0.16,0.0,0.0,1027.0,8228.0,0.0,0.0,0.0,0.0,0.0,1.0,0.0,0.0,0.0,0.0,0.0,1.6,0.0,1.9,0.0,0.0,16.0,25903.0
2026-07-30T18:58:31.270Z,80.753,80.766,0.0,7.4,0.0,0.0,0.0,0.0,0.0,0.0,0.0,0.0,1.0,0.0,0.0,0.0,9.0,4.0,0.0,0.0,0.0,0.0,0.0,0.0,0.0,0.0,2.0,12.0,1.0,12.18,5.0200000000000005,2.5,1.49,0.0,0.0,0.0,261.5,0.0,0.2,0.1,-0.1,98.8,0.0,0.0,261.2,0.0,21.200000000000003,35.4,35.300000000000004,37.1,300.0,300.0,30.1,34.300000000000004,34.5,34.0,35.7,4.95,1.99,4.96,0.16,0.0,0.0,1027.0,8228.0,0.0,0.0,0.0,0.0,0.0,1.0,0.0,0.0,0.0,0.0,0.0,0.1,0.0,0.0,0.0,0.0,16.0,25903.0
2026-07-30T18:58:31.282Z,80.765,80.778,0.0,7.4,0.0,0.0,0.0,0.0,0.0,0.0,0.0,0.0,1.0,0.0,0.0,0.0,9.0,4.0,0.0,0.0,0.0,0.0,0.0,0.0,0.0,0.0,3.0,12.0,1.0,12.18,5.0200000000000005,2.5,1.49,0.0,0.0,0.0,259.90000000000003,0.0,0.2,1.9,0.9,98.8,0.0,0.0,261.2,0.0,21.200000000000003,35.4,35.300000000000004,37.1,300.0,300.0,30.1,34.300000000000004,34.5,34.0,35.7,4.96,2.0,4.96,0.16,0.0,0.0,1027.0,8228.0,0.0,0.0,0.0,0.0,0.0,1.0,0.0,0.0,0.0,0.0,0.0,-0.5,0.0,-2.9000000000000004,0.0,0.0,16.0,25903.0
2026-07-30T18:58:31.295Z,80.778,80.79,0.0,7.4,0.0,0.0,0.0,0.0,0.0,0.0,0.0,0.0,1.0,0.0,0.0,0.0,9.0,4.0,0.0,0.0,0.0,0.0,0.0,0.0,0.0,0.0,4.0,12.0,1.0,12.13,5.01,2.51,1.49,0.0,0.0,0.0,258.40000000000003,0.0,0.2,-0.3,-0.1,98.8,0.0,0.0,261.2,0.0,21.8,35.300000000000004,35.300000000000004,37.1,300.0,300.0,30.200000000000003,34.300000000000004,34.4,34.0,35.7,4.95,2.0,4.96,0.16,0.0,0.0,1027.0,8228.0,0.0,0.0,0.0,0.0,0.0,1.0,0.0,0.0,0.0,0.0,0.0,0.0,0.0,0.5,0.0,0.0,16.0,25903.0
2026-07-30T18:58:31.307Z,80.79,80.802,-0.1,7.4,0.0,0.0,0.0,0.0,0.0,0.0,0.0,0.0,1.0,0.0,0.0,0.0,9.0,4.0,0.0,0.0,0.0,0.0,0.0,0.0,0.0,0.0,5.0,12.0,1.0,12.13,5.01,2.51,1.49,0.0,0.0,0.0,256.7,0.0,-0.9,-0.3,1.5,98.8,0.0,0.0,261.2,0.0,21.8,35.300000000000004,35.300000000000004,37.1,300.0,300.0,30.200000000000003,34.300000000000004,34.4,34.0,35.7,4.96,1.99,4.97,0.16,0.0,0.0,1027.0,8228.0,0.0,0.0,0.0,0.0,0.0,1.0,0.0,0.0,0.0,0.0,0.0,-1.4,0.0,-0.6000000000000001,0.0,-0.0001,16.0,25903.0
2026-07-30T18:58:31.318Z,80.801,80.81400000000001,-0.1,7.4,0.0,0.0,0.0,0.0,0.0,0.0,0.0,0.0,1.0,0.0,0.0,0.0,9.0,4.0,0.0,0.0,0.0,0.0,0.0,0.0,0.0,0.0,1.0,12.0,1.0,12.13,5.01,2.51,1.49,0.0,0.0,0.0,255.2,0.0,0.2,1.9,0.9,98.8,0.0,0.0,261.2,0.0,21.8,35.300000000000004,35.300000000000004,37.1,300.0,300.0,30.200000000000003,34.300000000000004,34.4,34.0,35.7,4.96,2.0,4.96,0.16,0.0,0.0,1027.0,8228.0,0.0,0.0,0.0,0.0,0.0,1.0,0.0,0.0,0.0,0.0,0.0,-0.5,0.0,-2.9000000000000004,0.0,-0.0001,16.0,25903.0
2026-07-30T18:58:31.330Z,80.813,80.82600000000001,-0.1,7.4,0.0,0.0,0.0,0.0,0.0,0.0,0.0,0.0,1.0,0.0,0.0,0.0,9.0,4.0,0.0,0.0,0.0,0.0,0.0,0.0,0.0,0.0,2.0,12.0,1.0,12.13,5.01,2.51,1.49,0.0,0.0,0.0,253.7,0.0,-0.8,-0.4,-0.7000000000000001,98.8,0.0,0.0,261.2,0.0,21.8,35.300000000000004,35.300000000000004,37.1,300.0,300.0,30.200000000000003,34.300000000000004,34.4,34.0,35.7,4.96,1.99,4.96,0.16,0.0,0.0,1027.0,8228.0,0.0,0.0,0.0,0.0,0.0,1.0,0.0,0.0,0.0,0.0,0.0,0.6000000000000001,0.0,1.0,0.0,-0.0001,16.0,25903.0
2026-07-30T18:58:31.342Z,80.825,80.83800000000001,0.0,7.4,0.0,0.0,0.0,0.0,0.0,0.0,0.0,0.0,1.0,0.0,0.0,0.0,9.0,4.0,0.0,0.0,0.0,0.0,0.0,0.0,0.0,0.0,3.0,12.0,1.0,12.13,5.01,2.51,1.49,0.0,0.0,0.0,252.2,0.0,0.2,0.7000000000000001,-0.1,98.8,0.0,0.0,261.2,0.0,21.8,35.300000000000004,35.300000000000004,37.1,300.0,300.0,30.200000000000003,34.300000000000004,34.4,34.0,35.7,4.95,1.99,4.97,0.16,0.0,0.0,1027.0,8228.0,0.0,0.0,0.0,0.0,0.0,1.0,0.0,0.0,0.0,0.0,0.0,0.2,0.0,-0.8,0.0,-0.0001,16.0,25903.0
2026-07-30T18:58:31.355Z,80.838,80.85000000000001,-0.1,7.4,0.0,0.0,0.0,0.0,0.0,0.0,0.0,0.0,1.0,0.0,0.0,0.0,9.0,4.0,0.0,0.0,0.0,0.0,0.0,0.0,0.0,0.0,4.0,12.0,1.0,12.13,5.01,2.51,1.49,0.0,0.0,0.0,250.7,0.0,-0.3,-0.9,-0.1,98.8,0.0,0.0,261.2,0.0,21.8,35.300000000000004,35.300000000000004,37.1,300.0,300.0,30.200000000000003,34.300000000000004,34.4,34.0,35.7,4.96,1.99,4.96,0.16,0.0,0.0,1027.0,8228.0,0.0,0.0,0.0,0.0,0.0,1.0,0.0,0.0,0.0,0.0,0.0,1.0,0.0,2.0,0.0,-0.0001,16.0,25903.0
2026-07-30T18:58:31.376Z,80.859,80.862,-0.1,7.4,0.0,0.0,0.0,0.0,0.0,0.0,0.0,0.0,1.0,0.0,0.0,0.0,9.0,4.0,0.0,0.0,0.0,0.0,0.0,0.0,0.0,0.0,5.0,12.0,1.0,12.13,5.01,2.51,1.49,0.0,0.0,0.0,249.1,0.0,0.2,-0.3,-0.1,98.8,0.0,0.0,261.2,0.0,21.8,35.300000000000004,35.300000000000004,37.1,300.0,300.0,30.200000000000003,34.300000000000004,34.4,34.0,35.7,4.96,2.0,4.96,0.16,0.0,0.0,1027.0,8228.0,0.0,0.0,0.0,0.0,0.0,1.0,0.0,0.0,0.0,0.0,0.0,-0.3,0.0,-0.5,0.0,-0.0001,16.0,25903.0
2026-07-30T18:58:31.385Z,80.868,80.874,-0.1,7.4,0.0,0.0,0.0,0.0,0.0,0.0,0.0,0.0,1.0,0.0,0.0,0.0,9.0,4.0,0.0,0.0,0.0,0.0,0.0,0.0,0.0,0.0,6.0,12.0,1.0,12.13,5.01,2.51,1.49,0.0,0.0,0.0,247.7,0.0,-0.9,-0.3,0.4,98.8,0.0,0.0,261.2,0.0,21.8,35.300000000000004,35.300000000000004,37.1,300.0,300.0,30.200000000000003,34.300000000000004,34.4,34.0,35.7,4.95,1.99,4.96,0.16,0.0,0.0,1027.0,8228.0,0.0,0.0,0.0,0.0,0.0,1.0,0.0,0.0,0.0,0.0,0.0,-1.3,0.0,-1.3,0.0,-0.0001,16.0,25903.0
2026-07-30T18:58:31.391Z,80.874,80.886,0.0,7.4,0.0,0.0,0.0,0.0,0.0,0.0,0.0,0.0,1.0,0.0,0.0,0.0,9.0,4.0,0.0,0.0,0.0,0.0,0.0,0.0,0.0,0.0,3.0,12.0,1.0,12.17,5.0200000000000005,2.51,1.49,0.0,0.0,0.0,246.2,0.0,-0.3,0.2,0.9,98.8,0.0,0.0,261.2,0.0,21.4,35.300000000000004,35.300000000000004,37.1,300.0,300.0,30.200000000000003,34.2,34.4,34.0,35.6,4.95,1.99,4.97,0.16,0.0,0.0,1027.0,8228.0,0.0,0.0,0.0,0.0,0.0,1.0,0.0,0.0,0.0,0.0,0.0,1.1,0.0,1.4,0.0,-0.0001,16.0,25903.0
2026-07-30T18:58:31.403Z,80.886,80.898,-0.1,7.4,0.0,0.0,0.0,0.0,0.0,0.0,0.0,0.0,1.0,0.0,0.0,0.0,9.0,4.0,0.0,0.0,0.0,0.0,0.0,0.0,0.0,0.0,4.0,12.0,1.0,12.17,5.0200000000000005,2.51,1.49,0.0,0.0,0.0,244.7,0.0,1.3,0.1,-0.7000000000000001,98.8,0.0,0.0,261.2,0.0,21.4,35.300000000000004,35.300000000000004,37.1,300.0,300.0,30.200000000000003,34.2,34.4,34.0,35.6,4.96,2.0,4.96,0.16,0.0,0.0,1027.0,8228.0,0.0,0.0,0.0,0.0,0.0,1.0,0.0,0.0,0.0,0.0,0.0,0.7000000000000001,0.0,0.3,0.0,-0.0001,16.0,25903.0
2026-07-30T18:58:31.415Z,80.898,80.91,-0.1,7.4,0.0,0.0,0.0,0.0,0.0,0.0,0.0,0.0,1.0,0.0,0.0,0.0,9.0,4.0,0.0,0.0,0.0,0.0,0.0,0.0,0.0,0.0,6.0,12.0,1.0,12.17,5.0200000000000005,2.51,1.49,0.0,0.0,0.0,243.2,0.0,-0.3,1.3,-0.1,98.8,0.0,0.0,261.2,0.0,21.4,35.300000000000004,35.300000000000004,37.1,300.0,300.0,30.200000000000003,34.2,34.4,34.0,35.6,4.96,1.99,4.97,0.16,0.0,0.0,1027.0,8228.0,0.0,0.0,0.0,0.0,0.0,1.0,0.0,0.0,0.0,0.0,0.0,0.3,0.0,-1.3,0.0,-0.0001,16.0,25903.0
2026-07-30T18:58:31.426Z,80.909,80.922,-0.1,7.4,0.0,0.0,0.0,0.0,0.0,0.0,0.0,0.0,1.0,0.0,0.0,0.0,9.0,4.0,0.0,0.0,0.0,0.0,0.0,0.0,0.0,0.0,6.0,12.0,1.0,12.17,5.0200000000000005,2.51,1.49,0.0,0.0,0.0,241.7,0.0,-0.3,0.1,-0.1,98.8,0.0,0.0,261.2,0.0,21.4,35.300000000000004,35.300000000000004,37.1,300.0,300.0,30.200000000000003,34.2,34.4,34.0,35.6,4.95,1.99,4.97,0.16,0.0,0.0,1027.0,8228.0,0.0,0.0,0.0,0.0,0.0,1.0,0.0,0.0,0.0,0.0,0.0,0.1,0.0,0.0,0.0,-0.0001,16.0,25903.0
2026-07-30T18:58:31.438Z,80.921,80.934,-0.1,7.4,0.0,0.0,0.0,0.0,0.0,0.0,0.0,0.0,1.0,0.0,0.0,0.0,9.0,4.0,0.0,0.0,0.0,0.0,0.0,0.0,0.0,0.0,1.0,12.0,1.0,12.17,5.0200000000000005,2.51,1.49,0.0,0.0,0.0,240.3,0.0,-0.9,0.1,-0.1,98.8,0.0,0.0,261.2,0.0,21.4,35.300000000000004,35.300000000000004,37.1,300.0,300.0,30.200000000000003,34.2,34.4,34.0,35.6,4.96,1.99,4.97,0.16,0.0,0.0,1027.0,8228.0,0.0,0.0,0.0,0.0,0.0,1.0,0.0,0.0,0.0,0.0,0.0,0.1,0.0,0.0,0.0,-0.0001,16.0,25903.0
2026-07-30T18:58:31.450Z,80.933,80.946,-0.1,7.4,0.0,0.0,0.0,0.0,0.0,0.0,0.0,0.0,1.0,0.0,0.0,0.0,9.0,4.0,0.0,0.0,0.0,0.0,0.0,0.0,0.0,0.0,2.0,12.0,1.0,12.17,5.0200000000000005,2.51,1.49,0.0,0.0,0.0,238.8,0.0,0.8,0.7000000000000001,-0.1,98.8,0.0,0.0,261.2,0.0,21.4,35.300000000000004,35.300000000000004,37.1,300.0,300.0,30.200000000000003,34.2,34.4,34.0,35.6,4.95,1.99,4.96,0.16,0.0,0.0,1027.0,8228.0,0.0,0.0,0.0,0.0,0.0,1.0,0.0,0.0,0.0,0.0,0.0,0.2,0.0,-0.7000000000000001,0.0,-0.0001,16.0,25903.0
2026-07-30T18:58:31.463Z,80.946,80.958,-0.1,7.4,0.0,0.0,0.0,0.0,0.0,0.0,0.0,0.0,1.0,0.0,0.0,0.0,9.0,4.0,0.0,0.0,0.0,0.0,0.0,0.0,0.0,0.0,4.0,12.0,1.0,12.17,5.0200000000000005,2.51,1.49,0.0,0.0,0.0,237.4,0.0,0.8,0.1,0.3,98.8,0.0,0.0,261.2,0.0,21.4,35.300000000000004,35.300000000000004,37.1,300.0,300.0,30.200000000000003,34.2,34.4,34.0,35.6,4.95,1.99,4.96,0.16,0.0,0.0,1027.0,8228.0,0.0,0.0,0.0,0.0,0.0,1.0,0.0,0.0,0.0,0.0,0.0,-0.3,0.0,-0.4,0.0,-0.0001,16.0,25903.0
2026-07-30T18:58:31.474Z,80.957,80.97,0.0,7.4,0.0,0.0,0.0,0.0,0.0,0.0,0.0,0.0,1.0,0.0,0.0,0.0,9.0,4.0,0.0,0.0,0.0,0.0,0.0,0.0,0.0,0.0,5.0,12.0,1.0,12.17,5.0200000000000005,2.51,1.49,0.0,0.0,0.0,235.9,0.0,-0.8,0.1,-0.1,98.8,0.0,0.0,261.2,0.0,21.4,35.300000000000004,35.300000000000004,37.1,300.0,300.0,30.200000000000003,34.2,34.4,34.0,35.6,4.96,2.0,4.96,0.16,0.0,0.0,1027.0,8228.0,0.0,0.0,0.0,0.0,0.0,1.0,0.0,0.0,0.0,0.0,0.0,0.1,0.0,0.0,0.0,-0.0001,16.0,25903.0
2026-07-30T18:58:31.486Z,80.969,80.982,0.0,7.4,0.0,0.0,0.0,0.0,0.0,0.0,0.0,0.0,1.0,0.0,0.0,0.0,9.0,4.0,0.0,0.0,0.0,0.0,0.0,0.0,0.0,0.0,6.0,12.0,1.0,12.17,5.0200000000000005,2.51,1.49,0.0,0.0,0.0,234.5,0.0,-0.2,0.7000000000000001,-1.3,98.8,0.0,0.0,261.2,0.0,21.4,35.300000000000004,35.300000000000004,37.1,300.0,300.0,30.200000000000003,34.2,34.4,34.0,35.6,4.95,2.0,4.96,0.16,0.0,0.0,1027.0,8228.0,0.0,0.0,0.0,0.0,0.0,1.0,0.0,0.0,0.0,0.0,0.0,1.3,0.0,0.1,0.0,-0.0001,16.0,25903.0
2026-07-30T18:58:31.498Z,80.981,80.994,-0.1,7.4,0.0,0.0,0.0,0.0,0.0,0.0,0.0,0.0,1.0,0.0,0.0,0.0,9.0,4.0,0.0,0.0,0.0,0.0,0.0,0.0,0.0,0.0,1.0,12.0,1.0,12.17,5.01,2.5,1.49,0.0,0.0,0.0,233.1,0.0,-0.3,-0.4,-0.1,98.8,0.0,0.0,261.2,0.0,21.4,35.300000000000004,35.300000000000004,37.0,300.0,300.0,30.200000000000003,34.300000000000004,34.4,33.9,35.6,4.95,1.99,4.97,0.16,0.0,0.0,1027.0,8228.0,0.0,0.0,0.0,0.0,0.0,1.0,0.0,0.0,0.0,0.0,0.0,0.0,0.0,0.6000000000000001,0.0,-0.0001,16.0,25903.0
2026-07-30T18:58:31.510Z,80.993,81.006,-0.1,7.4,0.0,0.0,0.0,0.0,0.0,0.0,0.0,0.0,1.0,0.0,0.0,0.0,9.0,4.0,0.0,0.0,0.0,0.0,0.0,0.0,0.0,0.0,2.0,12.0,1.0,12.17,5.01,2.5,1.49,0.0,0.0,0.0,231.7,0.0,0.8,0.1,-0.7000000000000001,98.8,0.0,0.0,261.2,0.0,21.4,35.300000000000004,35.300000000000004,37.0,300.0,300.0,30.200000000000003,34.300000000000004,34.4,33.9,35.6,4.95,1.99,4.97,0.16,0.0,0.0,1027.0,8228.0,0.0,0.0,0.0,0.0,0.0,1.0,0.0,0.0,0.0,0.0,0.0,0.6000000000000001,0.0,0.3,0.0,-0.0001,16.0,25903.0
2026-07-30T18:58:31.522Z,81.005,81.018,-0.1,7.4,0.0,0.0,0.0,0.0,0.0,0.0,0.0,0.0,1.0,0.0,0.0,0.0,9.0,4.0,0.0,0.0,0.0,0.0,0.0,0.0,0.0,0.0,4.0,12.0,1.0,12.17,5.01,2.5,1.49,0.0,0.0,0.0,230.3,0.0,0.2,-0.4,1.1,98.8,0.0,0.0,261.2,0.0,21.4,35.300000000000004,35.300000000000004,37.0,300.0,300.0,30.200000000000003,34.300000000000004,34.4,33.9,35.6,4.96,1.99,4.97,0.16,0.0,0.0,1027.0,8228.0,0.0,0.0,0.0,0.0,0.0,1.0,0.0,0.0,0.0,0.0,0.0,-1.0,0.0,-0.3,0.0,-0.0001,16.0,25903.0
2026-07-30T18:58:31.534Z,81.017,81.03,-0.1,7.4,0.0,0.0,0.0,0.0,0.0,0.0,0.0,0.0,1.0,0.0,0.0,0.0,9.0,4.0,0.0,0.0,0.0,0.0,0.0,0.0,0.0,0.0,5.0,12.0,1.0,12.17,5.01,2.5,1.49,0.0,0.0,0.0,228.9,0.0,0.2,-0.4,0.0,98.8,0.0,0.0,261.2,0.0,21.4,35.300000000000004,35.300000000000004,37.0,300.0,300.0,30.200000000000003,34.300000000000004,34.4,33.9,35.6,4.95,1.99,4.97,0.16,0.0,0.0,1027.0,8228.0,0.0,0.0,0.0,0.0,0.0,1.0,0.0,0.0,0.0,0.0,0.0,0.0,0.0,0.5,0.0,-0.0001,16.0,25903.0
2026-07-30T18:58:31.547Z,81.03,81.042,-0.1,7.4,0.0,0.0,0.0,0.0,0.0,0.0,0.0,0.0,1.0,0.0,0.0,0.0,9.0,4.0,0.0,0.0,0.0,0.0,0.0,0.0,0.0,0.0,5.0,12.0,1.0,12.17,5.01,2.5,1.49,0.0,0.0,0.0,227.5,0.0,-0.8,-1.0,-1.1,98.8,0.0,0.0,261.2,0.0,21.4,35.300000000000004,35.300000000000004,37.0,300.0,300.0,30.200000000000003,34.300000000000004,34.4,33.9,35.6,4.96,1.99,4.97,0.16,0.0,0.0,1027.0,8228.0,0.0,0.0,0.0,0.0,0.0,1.0,0.0,0.0,0.0,0.0,0.0,0.9,0.0,2.0,0.0,-0.0001,16.0,25903.0
2026-07-30T18:58:31.558Z,81.041,81.054,-0.1,7.4,0.0,0.0,0.0,0.0,0.0,0.0,0.0,0.0,1.0,0.0,0.0,0.0,9.0,4.0,0.0,0.0,0.0,0.0,0.0,0.0,0.0,0.0,6.0,12.0,1.0,12.17,5.01,2.5,1.49,0.0,0.1,0.0,226.2,0.0,-0.2,-0.4,0.0,98.8,0.0,0.0,261.2,0.0,21.4,35.300000000000004,35.300000000000004,37.0,300.0,300.0,30.200000000000003,34.300000000000004,34.4,33.9,35.6,4.96,2.0,4.96,0.16,0.0,0.0,1027.0,8228.0,0.0,0.0,0.0,0.0,0.0,1.0,0.0,0.0,0.0,0.0,0.0,0.0,0.0,0.5,0.0,-0.0001,16.0,25903.0
2026-07-30T18:58:31.570Z,81.053,81.066,-0.1,7.4,0.0,0.0,0.0,0.0,0.0,0.0,0.0,0.0,1.0,0.0,0.0,0.0,9.0,4.0,0.0,0.0,0.0,0.0,0.0,0.0,0.0,0.0,2.0,12.0,1.0,12.17,5.01,2.5,1.49,0.0,0.0,0.0,224.8,0.0,0.8,0.1,0.0,98.8,0.0,0.0,261.2,0.0,21.4,35.300000000000004,35.300000000000004,37.0,300.0,300.0,30.200000000000003,34.300000000000004,34.4,33.9,35.6,4.96,1.99,4.96,0.16,0.0,0.0,1027.0,8228.0,0.0,0.0,0.0,0.0,0.0,1.0,0.0,0.0,0.0,0.0,0.0,0.0,0.0,-0.1,0.0,-0.0001,16.0,25903.0
2026-07-30T18:58:31.582Z,81.065,81.078,-0.1,7.4,0.0,0.0,0.0,0.0,0.0,0.0,0.0,0.0,1.0,0.0,0.0,0.0,9.0,4.0,0.0,0.0,0.0,0.0,0.0,0.0,0.0,0.0,3.0,12.0,1.0,12.17,5.01,2.5,1.49,0.0,0.0,0.0,223.5,0.0,1.4,0.7000000000000001,0.5,98.8,0.0,0.0,261.2,0.0,21.4,35.300000000000004,35.300000000000004,37.0,300.0,300.0,30.200000000000003,34.300000000000004,34.4,33.9,35.6,4.95,1.99,4.97,0.17,0.0,0.0,1027.0,8228.0,0.0,0.0,0.0,0.0,0.0,1.0,0.0,0.0,0.0,0.0,0.0,-0.3,0.0,-1.2000000000000002,0.0,-0.0001,16.0,25903.0
2026-07-30T18:58:31.596Z,81.079,81.09,-0.1,7.4,0.0,0.0,0.0,0.0,0.0,0.0,0.0,0.0,1.0,0.0,0.0,0.0,9.0,4.0,0.0,0.0,0.0,0.0,0.0,0.0,0.0,0.0,4.0,12.0,1.0,12.18,5.01,2.5,1.49,0.0,0.0,0.0,222.1,0.0,0.2,0.7000000000000001,1.7000000000000002,98.8,0.0,0.0,261.2,0.0,21.4,35.300000000000004,35.300000000000004,37.0,300.0,300.0,30.1,34.300000000000004,34.300000000000004,33.9,35.6,4.96,1.99,4.96,0.17,0.0,0.0,1027.0,8228.0,0.0,0.0,0.0,0.0,0.0,1.0,0.0,0.0,0.0,0.0,0.0,-1.4,0.0,-2.1,0.0,-0.0001,16.0,25903.0
2026-07-30T18:58:31.607Z,81.09,81.102,-0.1,7.4,0.0,0.0,0.0,0.0,0.0,0.0,0.0,0.0,1.0,0.0,0.0,0.0,9.0,4.0,0.0,0.0,0.0,0.0,0.0,0.0,0.0,0.0,5.0,12.0,1.0,12.18,5.01,2.5,1.49,0.0,0.0,0.0,220.7,0.0,-0.3,1.3,1.1,98.8,0.0,0.0,261.2,0.0,21.4,35.300000000000004,35.300000000000004,37.0,300.0,300.0,30.1,34.300000000000004,34.300000000000004,33.9,35.6,4.96,2.0,4.96,0.16,0.0,0.0,1027.0,8228.0,0.0,0.0,0.0,0.0,0.0,1.0,0.0,0.0,0.0,0.0,0.0,-0.7000000000000001,0.0,-2.3000000000000003,0.0,-0.0001,16.0,25903.0
2026-07-30T18:58:31.619Z,81.102,81.114,-0.1,7.4,0.0,0.0,0.0,0.0,0.0,0.0,0.0,0.0,1.0,0.0,0.0,0.0,9.0,4.0,0.0,0.0,0.0,0.0,0.0,0.0,0.0,0.0,6.0,12.0,1.0,12.18,5.01,2.5,1.49,0.0,0.0,0.0,219.4,0.0,-1.4,0.1,0.5,98.8,0.0,0.0,261.2,0.0,21.4,35.300000000000004,35.300000000000004,37.0,300.0,300.0,30.1,34.300000000000004,34.300000000000004,33.9,35.6,4.95,1.99,4.96,0.16,0.0,0.0,1027.0,8228.0,0.0,0.0,0.0,0.0,0.0,1.0,0.0,0.0,0.0,0.0,0.0,-0.4,0.0,-0.5,0.0,-0.0001,16.0,25903.0
2026-07-30T18:58:31.631Z,81.114,81.126,-0.1,7.4,0.0,0.0,0.0,0.0,0.0,0.0,0.0,0.0,1.0,0.0,0.0,0.0,9.0,4.0,0.0,0.0,0.0,0.0,0.0,0.0,0.0,0.0,1.0,12.0,1.0,12.18,5.01,2.5,1.49,0.0,0.0,0.0,218.1,0.0,0.2,-0.4,0.0,98.8,0.0,0.0,261.2,0.0,21.4,35.300000000000004,35.300000000000004,37.0,300.0,300.0,30.1,34.300000000000004,34.300000000000004,33.9,35.6,4.95,1.99,4.97,0.16,0.0,0.0,1027.0,8228.0,0.0,0.0,0.0,0.0,0.0,1.0,0.0,0.0,0.0,0.0,0.0,0.0,0.0,0.5,0.0,-0.0001,16.0,25903.0
2026-07-30T18:58:31.642Z,81.125,81.138,-0.1,7.4,0.0,0.0,0.0,0.0,0.0,0.0,0.0,0.0,1.0,0.0,0.0,0.0,9.0,4.0,0.0,0.0,0.0,0.0,0.0,0.0,0.0,0.0,2.0,12.0,1.0,12.18,5.01,2.5,1.49,0.0,0.0,0.0,216.7,0.0,-0.3,-0.5,-1.2000000000000002,98.8,0.0,0.0,261.2,0.0,21.4,35.300000000000004,35.300000000000004,37.0,300.0,300.0,30.1,34.300000000000004,34.300000000000004,33.9,35.6,4.96,1.99,4.96,0.16,0.0,0.0,1027.0,8228.0,0.0,0.0,0.0,0.0,0.0,1.0,0.0,0.0,0.0,0.0,0.0,1.0,0.0,1.4,0.0,-0.0001,16.0,25903.0
2026-07-30T18:58:31.655Z,81.138,81.15,-0.1,7.4,0.0,0.0,0.0,0.0,0.0,0.0,0.0,0.0,1.0,0.0,0.0,0.0,9.0,4.0,0.0,0.0,0.0,0.0,0.0,0.0,0.0,0.0,3.0,12.0,1.0,12.18,5.01,2.5,1.49,0.0,0.0,0.0,215.5,0.0,0.8,0.5,0.0,98.8,0.0,0.0,261.2,0.0,21.4,35.300000000000004,35.300000000000004,37.0,300.0,300.0,30.1,34.300000000000004,34.300000000000004,33.9,35.6,4.96,1.99,4.97,0.16,0.0,0.0,1027.0,8228.0,0.0,0.0,0.0,0.0,0.0,1.0,0.0,0.0,0.0,0.0,0.0,0.1,0.0,-0.6000000000000001,0.0,-0.0001,16.0,25903.0
2026-07-30T18:58:31.667Z,81.15,81.162,0.0,7.4,0.0,0.0,0.0,0.0,0.0,0.0,0.0,0.0,1.0,0.0,0.0,0.0,9.0,4.0,0.0,0.0,0.0,0.0,0.0,0.0,0.0,0.0,4.0,12.0,1.0,12.18,5.01,2.5,1.49,0.0,0.0,0.0,214.1,0.0,-0.3,0.0,0.4,98.8,0.0,0.0,261.2,0.0,21.4,35.300000000000004,35.300000000000004,37.0,300.0,300.0,30.1,34.300000000000004,34.300000000000004,33.9,35.6,4.95,2.0,4.97,0.16,0.0,0.0,1027.0,8228.0,0.0,0.0,0.0,0.0,0.0,1.0,0.0,0.0,0.0,0.0,0.0,-0.4,0.0,-0.4,0.0,-0.0001,16.0,25903.0
2026-07-30T18:58:31.679Z,81.162,81.174,0.0,7.4,0.0,0.0,0.0,0.0,0.0,0.0,0.0,0.0,1.0,0.0,0.0,0.0,9.0,4.0,0.0,0.0,0.0,0.0,0.0,0.0,0.0,0.0,5.0,12.0,1.0,12.18,5.01,2.5,1.49,0.0,0.0,0.0,212.8,0.0,-0.2,-0.5,1.0,98.8,0.0,0.0,261.2,0.0,21.4,35.300000000000004,35.300000000000004,37.0,300.0,300.0,30.1,34.300000000000004,34.300000000000004,33.9,35.6,4.95,2.0,4.97,0.16,0.0,0.0,1027.0,8228.0,0.0,0.0,0.0,0.0,0.0,1.0,0.0,0.0,0.0,0.0,0.0,-1.0,0.0,-0.1,0.0,-0.0001,16.0,25903.0
2026-07-30T18:58:31.697Z,81.18,81.186,0.0,7.4,0.0,0.0,0.0,0.0,0.0,0.0,0.0,0.0,1.0,0.0,0.0,0.0,9.0,4.0,0.0,0.0,0.0,0.0,0.0,0.0,0.0,0.0,6.0,12.0,1.0,12.18,5.01,2.5,1.49,0.0,0.0,0.0,211.6,0.0,-0.2,0.0,0.4,98.8,0.0,0.0,261.2,0.0,21.4,35.300000000000004,35.300000000000004,37.0,300.0,300.0,30.1,34.300000000000004,34.300000000000004,33.9,35.6,4.95,2.0,4.96,0.16,0.0,0.0,1027.0,8228.0,0.0,0.0,0.0,0.0,0.0,1.0,0.0,0.0,0.0,0.0,0.0,-0.3,0.0,-0.4,0.0,-0.0001,16.0,25903.0
2026-07-30T18:58:31.702Z,81.185,81.19800000000001,0.0,7.4,0.0,0.0,0.0,0.0,0.0,0.0,0.0,0.0,1.0,0.0,0.0,0.0,9.0,4.0,0.0,0.0,0.0,0.0,0.0,0.0,0.0,0.0,4.0,12.0,1.0,12.17,5.01,2.51,1.49,0.0,0.0,0.0,210.2,0.0,0.8,0.6000000000000001,0.4,98.8,0.0,0.0,261.2,0.0,21.3,35.300000000000004,35.300000000000004,37.0,300.0,300.0,30.200000000000003,34.300000000000004,34.300000000000004,33.9,35.5,4.95,1.99,4.97,0.16,0.0,0.0,1027.0,8228.0,0.0,0.0,0.0,0.0,0.0,1.0,0.0,0.0,0.0,0.0,0.0,-0.2,0.0,-1.0,0.0,-0.0001,16.0,25903.0
2026-07-30T18:58:31.714Z,81.197,81.21000000000001,0.0,7.4,0.0,0.0,0.0,0.0,0.0,0.0,0.0,0.0,1.0,0.0,0.0,0.0,9.0,4.0,0.0,0.0,0.0,0.0,0.0,0.0,0.0,0.0,4.0,12.0,1.0,12.17,5.01,2.51,1.49,0.0,0.1,0.0,209.0,0.0,-0.2,0.0,0.4,98.8,0.0,0.0,261.2,0.0,21.3,35.300000000000004,35.300000000000004,37.0,300.0,300.0,30.200000000000003,34.300000000000004,34.300000000000004,33.9,35.5,4.95,2.0,4.97,0.16,0.0,0.0,1027.0,8228.0,0.0,0.0,0.0,0.0,0.0,1.0,0.0,0.0,0.0,0.0,0.0,-0.3,0.0,-0.3,0.0,-0.0001,16.0,25903.0
2026-07-30T18:58:31.726Z,81.209,81.22200000000001,0.0,7.4,0.0,0.0,0.0,0.0,0.0,0.0,0.0,0.0,1.0,0.0,0.0,0.0,9.0,4.0,0.0,0.0,0.0,0.0,0.0,0.0,0.0,0.0,5.0,12.0,1.0,12.17,5.01,2.51,1.49,0.0,0.0,0.0,207.7,0.0,0.2,0.6000000000000001,0.4,98.8,0.0,0.0,261.2,0.0,21.3,35.300000000000004,35.300000000000004,37.0,300.0,300.0,30.200000000000003,34.300000000000004,34.300000000000004,33.9,35.5,4.96,2.0,4.96,0.16,0.0,0.0,1027.0,8228.0,0.0,0.0,0.0,0.0,0.0,1.0,0.0,0.0,0.0,0.0,0.0,-0.2,0.0,-1.0,0.0,-0.0001,16.0,25903.0
2026-07-30T18:58:31.738Z,81.221,81.234,0.0,7.4,0.0,0.0,0.0,0.0,0.0,0.0,0.0,0.0,1.0,0.0,0.0,0.0,9.0,4.0,0.0,0.0,0.0,0.0,0.0,0.0,0.0,0.0,1.0,12.0,1.0,12.17,5.01,2.51,1.49,0.0,0.0,0.0,206.5,0.0,-0.8,-0.5,-0.7000000000000001,98.8,0.0,0.0,261.2,0.0,21.3,35.300000000000004,35.300000000000004,37.0,300.0,300.0,30.200000000000003,34.300000000000004,34.300000000000004,33.9,35.5,4.95,1.99,4.96,0.16,0.0,0.0,1027.0,8228.0,0.0,0.0,0.0,0.0,0.0,1.0,0.0,0.0,0.0,0.0,0.0,0.5,0.0,1.1,0.0,-0.0001,16.0,25903.0
2026-07-30T18:58:31.750Z,81.233,81.246,0.0,7.4,0.0,0.0,0.0,0.0,0.0,0.0,0.0,0.0,1.0,0.0,0.0,0.0,9.0,4.0,0.0,0.0,0.0,0.0,0.0,0.0,0.0,0.0,2.0,12.0,1.0,12.17,5.01,2.51,1.49,0.0,0.0,0.0,205.2,0.0,-0.3,0.5,-0.7000000000000001,98.8,0.0,0.0,261.2,0.0,21.3,35.300000000000004,35.300000000000004,37.0,300.0,300.0,30.200000000000003,34.300000000000004,34.300000000000004,33.9,35.5,4.95,1.99,4.96,0.16,0.0,0.0,1027.0,8228.0,0.0,0.0,0.0,0.0,0.0,1.0,0.0,0.0,0.0,0.0,0.0,0.8,0.0,0.0,0.0,-0.0001,16.0,25903.0
2026-07-30T18:58:31.763Z,81.246,81.258,0.0,7.4,0.0,0.0,0.0,0.0,0.0,0.0,0.0,0.0,1.0,0.0,0.0,0.0,9.0,4.0,0.0,0.0,0.0,0.0,0.0,0.0,0.0,0.0,3.0,12.0,1.0,12.17,5.01,2.51,1.49,0.0,0.0,0.0,204.0,0.0,0.2,0.5,0.9,98.8,0.0,0.0,261.2,0.0,21.3,35.300000000000004,35.300000000000004,37.0,300.0,300.0,30.200000000000003,34.300000000000004,34.300000000000004,33.9,35.5,4.96,2.0,4.96,0.16,0.0,0.0,1027.0,8228.0,0.0,0.0,0.0,0.0,0.0,1.0,0.0,0.0,0.0,0.0,0.0,-0.7000000000000001,0.0,-1.3,0.0,-0.0001,16.0,25903.0
2026-07-30T18:58:31.774Z,81.257,81.27,0.0,7.4,0.0,0.0,0.0,0.0,0.0,0.0,0.0,0.0,1.0,0.0,0.0,0.0,9.0,4.0,0.0,0.0,0.0,0.0,0.0,0.0,0.0,0.0,5.0,12.0,1.0,12.17,5.01,2.51,1.49,0.0,0.1,0.0,202.8,0.0,0.2,0.0,0.9,98.8,0.0,0.0,261.2,0.0,21.3,35.300000000000004,35.300000000000004,37.0,300.0,300.0,30.200000000000003,34.300000000000004,34.300000000000004,33.9,35.5,4.95,2.0,4.97,0.16,0.0,0.0,1027.0,8228.0,0.0,0.0,0.0,0.0,0.0,1.0,0.0,0.0,0.0,0.0,0.0,-0.8,0.0,-0.7000000000000001,0.0,-0.0001,16.0,25903.0
2026-07-30T18:58:31.786Z,81.269,81.282,0.0,7.4,0.0,0.0,0.0,0.0,0.0,0.0,0.0,0.0,1.0,0.0,0.0,0.0,9.0,4.0,0.0,0.0,0.0,0.0,0.0,0.0,0.0,0.0,6.0,12.0,1.0,12.17,5.01,2.51,1.49,0.0,0.0,0.0,201.5,0.0,-0.2,0.6000000000000001,0.3,98.8,0.0,0.0,261.2,0.0,21.3,35.300000000000004,35.300000000000004,37.0,300.0,300.0,30.200000000000003,34.300000000000004,34.300000000000004,33.9,35.5,4.96,1.99,4.97,0.16,0.0,0.0,1027.0,8228.0,0.0,0.0,0.0,0.0,0.0,1.0,0.0,0.0,0.0,0.0,0.0,-0.2,0.0,-1.0,0.0,-0.0001,16.0,25903.0
2026-07-30T18:58:31.800Z,81.283,81.294,0.0,7.4,0.0,0.0,0.0,0.0,0.0,0.0,0.0,0.0,1.0,0.0,0.0,0.0,9.0,4.0,0.0,0.0,0.0,0.0,0.0,0.0,0.0,0.0,1.0,12.0,1.0,12.19,5.01,2.51,1.49,0.0,0.0,0.0,200.3,0.0,0.3,-0.5,0.3,98.8,0.0,0.0,261.2,0.0,21.8,35.300000000000004,35.300000000000004,36.9,300.0,300.0,30.3,34.300000000000004,34.300000000000004,33.9,35.5,4.96,2.0,4.96,0.16,0.0,0.0,1027.0,8228.0,0.0,0.0,0.0,0.0,0.0,1.0,0.0,0.0,0.0,0.0,0.0,-0.4,0.0,0.3,0.0,-0.0001,16.0,25903.0
2026-07-30T18:58:31.811Z,81.294,81.306,0.0,7.4,0.0,0.0,0.0,0.0,0.0,0.0,0.0,0.0,1.0,0.0,0.0,0.0,9.0,4.0,0.0,0.0,0.0,0.0,0.0,0.0,0.0,0.0,1.0,12.0,1.0,12.19,5.01,2.51,1.49,0.0,0.1,0.0,199.0,0.0,-0.2,0.6000000000000001,-0.7000000000000001,98.8,0.0,0.0,261.2,0.0,21.8,35.300000000000004,35.300000000000004,36.9,300.0,300.0,30.3,34.300000000000004,34.300000000000004,33.9,35.5,4.96,1.99,4.96,0.16,0.0,0.0,1027.0,8228.0,0.0,0.0,0.0,0.0,0.0,1.0,0.0,0.0,0.0,0.0,0.0,0.7000000000000001,0.0,-0.2,0.0,-0.0001,16.0,25903.0
2026-07-30T18:58:31.822Z,81.305,81.318,0.0,7.4,0.0,0.0,0.0,0.0,0.0,0.0,0.0,0.0,1.0,0.0,0.0,0.0,9.0,4.0,0.0,0.0,0.0,0.0,0.0,0.0,0.0,0.0,3.0,12.0,1.0,12.19,5.01,2.51,1.49,0.0,0.1,0.0,197.8,0.0,-0.2,-1.0,-1.2000000000000002,98.8,0.0,0.0,261.2,0.0,21.8,35.300000000000004,35.300000000000004,36.9,300.0,300.0,30.3,34.300000000000004,34.300000000000004,33.9,35.5,4.95,1.99,4.97,0.16,0.0,0.0,1027.0,8228.0,0.0,0.0,0.0,0.0,0.0,1.0,0.0,0.0,0.0,0.0,0.0,0.9,0.0,2.1,0.0,-0.0001,16.0,25903.0
2026-07-30T18:58:31.834Z,81.317,81.33,0.0,7.4,0.0,0.0,0.0,0.0,0.0,0.0,0.0,0.0,1.0,0.0,0.0,0.0,9.0,4.0,0.0,0.0,0.0,0.0,0.0,0.0,0.0,0.0,4.0,12.0,1.0,12.19,5.01,2.51,1.49,0.0,0.0,0.0,196.6,0.0,0.3,0.0,1.1,98.8,0.0,0.0,261.2,0.0,21.8,35.300000000000004,35.300000000000004,36.9,300.0,300.0,30.3,34.300000000000004,34.300000000000004,33.9,35.5,4.96,1.99,4.97,0.16,0.0,0.0,1027.0,8228.0,0.0,0.0,0.0,0.0,0.0,1.0,0.0,0.0,0.0,0.0,0.0,-0.9,0.0,-0.9,0.0,-0.0001,16.0,25903.0
2026-07-30T18:58:31.847Z,81.33,81.342,0.0,7.4,0.0,0.0,0.0,0.0,0.0,0.0,0.0,0.0,1.0,0.0,0.0,0.0,9.0,4.0,0.0,0.0,0.0,0.0,0.0,0.0,0.0,0.0,5.0,12.0,1.0,12.19,5.01,2.51,1.49,0.0,0.0,0.0,195.4,0.0,0.3,-0.5,-0.6000000000000001,98.8,0.0,0.0,261.2,0.0,21.8,35.300000000000004,35.300000000000004,36.9,300.0,300.0,30.3,34.300000000000004,34.300000000000004,33.9,35.5,4.96,2.0,4.96,0.16,0.0,0.0,1027.0,8228.0,0.0,0.0,0.0,0.0,0.0,1.0,0.0,0.0,0.0,0.0,0.0,0.4,0.0,1.0,0.0,-0.0001,16.0,25903.0
2026-07-30T18:58:31.858Z,81.341,81.354,0.0,7.4,0.0,0.0,0.0,0.0,0.0,0.0,0.0,0.0,1.0,0.0,0.0,0.0,9.0,4.0,0.0,0.0,0.0,0.0,0.0,0.0,0.0,0.0,6.0,12.0,1.0,12.19,5.01,2.51,1.49,0.0,0.0,0.0,194.2,0.0,-0.2,1.2000000000000002,0.0,98.8,0.0,0.0,261.2,0.0,21.8,35.300000000000004,35.300000000000004,36.9,300.0,300.0,30.3,34.300000000000004,34.300000000000004,33.9,35.5,4.95,1.99,4.96,0.16,0.0,0.0,1027.0,8228.0,0.0,0.0,0.0,0.0,0.0,1.0,0.0,0.0,0.0,0.0,0.0,0.3,0.0,-1.3,0.0,-0.0001,16.0,25903.0
2026-07-30T18:58:31.871Z,81.354,81.366,0.0,7.4,0.0,0.0,0.0,0.0,0.0,0.0,0.0,0.0,1.0,0.0,0.0,0.0,9.0,4.0,0.0,0.0,0.0,0.0,0.0,0.0,0.0,0.0,2.0,12.0,1.0,12.19,5.01,2.51,1.49,0.0,0.0,0.0,193.0,0.0,-0.8,-1.1,-1.2000000000000002,98.8,0.0,0.0,261.2,0.0,21.8,35.300000000000004,35.300000000000004,36.9,300.0,300.0,30.3,34.300000000000004,34.300000000000004,33.9,35.5,4.95,1.99,4.96,0.16,0.0,0.0,1027.0,8228.0,0.0,0.0,0.0,0.0,0.0,1.0,0.0,0.0,0.0,0.0,0.0,-0.3,0.0,-1.0,0.0,-0.0001,16.0,25903.0
2026-07-30T18:58:31.883Z,81.366,81.378,0.0,7.4,0.0,0.0,0.0,0.0,0.0,0.0,0.0,0.0,1.0,0.0,0.0,0.0,9.0,4.0,0.0,0.0,0.0,0.0,0.0,0.0,0.0,0.0,3.0,12.0,1.0,12.19,5.01,2.51,1.49,0.0,0.0,0.0,191.9,0.0,0.9,0.0,-1.2000000000000002,98.8,0.0,0.0,261.1,0.0,21.8,35.300000000000004,35.300000000000004,36.9,300.0,300.0,30.3,34.300000000000004,34.300000000000004,33.9,35.5,4.96,2.0,4.96,0.16,0.0,0.0,1027.0,8228.0,0.0,0.0,0.0,0.0,0.0,1.0,0.0,0.0,0.0,0.0,0.0,-0.1,0.0,1.2000000000000002,0.0,-0.0001,16.0,25903.0
2026-07-30T18:58:31.895Z,81.378,81.39,0.0,7.4,0.0,0.0,0.0,0.0,0.0,0.0,0.0,0.0,1.0,0.0,0.0,0.0,9.0,4.0,0.0,0.0,0.0,0.0,0.0,0.0,0.0,0.0,3.0,12.0,1.0,12.19,5.01,2.51,1.49,0.0,0.0,0.0,190.6,0.0,0.3,0.0,0.0,98.8,0.0,0.0,261.2,0.0,21.8,35.300000000000004,35.300000000000004,36.9,300.0,300.0,30.3,34.300000000000004,34.300000000000004,33.9,35.5,4.96,2.0,4.97,0.16,0.0,0.0,1027.0,8228.0,0.0,0.0,0.0,0.0,0.0,1.0,0.0,0.0,0.0,0.0,0.0,-0.8,0.0,-1.4,0.0,0.0,16.0,25903.0
2026-07-30T18:58:31.906Z,81.389,81.402,0.0,7.4,0.0,0.0,0.0,0.0,0.0,0.0,0.0,0.0,1.0,0.0,0.0,0.0,9.0,4.0,0.0,0.0,0.0,0.0,0.0,0.0,0.0,0.0,4.0,12.0,1.0,12.19,5.01,2.5,1.49,0.0,0.0,0.0,189.5,0.0,-0.2,0.0,-0.1,98.8,0.0,0.0,261.2,0.0,21.8,35.300000000000004,35.300000000000004,36.9,300.0,300.0,30.200000000000003,34.300000000000004,34.300000000000004,33.9,35.5,4.95,1.98,4.97,0.16,0.0,0.0,1027.0,8228.0,0.0,0.0,0.0,0.0,0.0,1.0,0.0,0.0,0.0,0.0,0.0,0.0,0.0,0.0,0.0,0.0,16.0,25903.0
2026-07-30T18:58:31.919Z,81.402,81.414,0.0,7.4,0.0,0.0,0.0,0.0,0.0,0.0,0.0,0.0,1.0,0.0,0.0,0.0,9.0,4.0,0.0,0.0,0.0,0.0,0.0,0.0,0.0,0.0,6.0,12.0,1.0,12.19,5.01,2.5,1.49,0.0,0.0,0.0,188.4,0.0,0.3,-0.6000000000000001,0.4,98.8,0.0,0.0,261.2,0.0,21.8,35.300000000000004,35.300000000000004,36.9,300.0,300.0,30.200000000000003,34.300000000000004,34.300000000000004,33.9,35.5,4.96,1.98,4.96,0.16,0.0,0.0,1027.0,8228.0,0.0,0.0,0.0,0.0,0.0,1.0,0.0,0.0,0.0,0.0,0.0,-0.5,0.0,0.3,0.0,0.0,16.0,25903.0
2026-07-30T18:58:31.930Z,81.413,81.426,0.0,7.4,0.0,0.0,0.0,0.0,0.0,0.0,0.0,0.0,1.0,0.0,0.0,0.0,9.0,4.0,0.0,0.0,0.0,0.0,0.0,0.0,0.0,0.0,1.0,12.0,1.0,12.19,5.01,2.5,1.49,0.0,0.1,0.0,187.3,0.0,-0.2,-0.6000000000000001,-1.3,98.8,0.0,0.0,261.2,0.0,21.8,35.300000000000004,35.300000000000004,36.9,300.0,300.0,30.200000000000003,34.300000000000004,34.300000000000004,33.9,35.5,4.96,1.99,4.96,0.16,0.0,0.0,1027.0,8228.0,0.0,0.0,0.0,0.0,0.0,1.0,0.0,0.0,0.0,0.0,0.0,1.0,0.0,1.6,0.0,0.0,16.0,25903.0
2026-07-30T18:58:31.943Z,81.426,81.438,0.0,7.4,0.0,0.0,0.0,0.0,0.0,0.0,0.0,0.0,1.0,0.0,0.0,0.0,9.0,4.0,0.0,0.0,0.0,0.0,0.0,0.0,0.0,0.0,1.0,12.0,1.0,12.19,5.01,2.5,1.49,0.0,0.0,0.0,186.1,0.0,0.8,0.5,-0.1,98.8,0.0,0.0,261.2,0.0,21.8,35.300000000000004,35.300000000000004,36.9,300.0,300.0,30.200000000000003,34.300000000000004,34.300000000000004,33.9,35.5,4.96,1.99,4.97,0.16,0.0,0.0,1027.0,8228.0,0.0,0.0,0.0,0.0,0.0,1.0,0.0,0.0,0.0,0.0,0.0,0.2,0.0,-0.4,0.0,0.0,16.0,25903.0
2026-07-30T18:58:31.954Z,81.437,81.45,0.0,7.4,0.0,0.0,0.0,0.0,0.0,0.0,0.0,0.0,1.0,0.0,0.0,0.0,9.0,4.0,0.0,0.0,0.0,0.0,0.0,0.0,0.0,0.0,3.0,12.0,1.0,12.19,5.01,2.5,1.49,0.0,0.0,0.0,184.9,0.0,0.3,0.5,-0.1,98.8,0.0,0.0,261.2,0.0,21.8,35.300000000000004,35.300000000000004,36.9,300.0,300.0,30.200000000000003,34.300000000000004,34.300000000000004,33.9,35.5,4.95,1.99,4.97,0.16,0.0,0.0,1027.0,8228.0,0.0,0.0,0.0,0.0,0.0,1.0,0.0,0.0,0.0,0.0,0.0,0.2,0.0,-0.5,0.0,0.0,16.0,25903.0
2026-07-30T18:58:31.967Z,81.45,81.462,0.0,7.4,0.0,0.0,0.0,0.0,0.0,0.0,0.0,0.0,1.0,0.0,0.0,0.0,9.0,4.0,0.0,0.0,0.0,0.0,0.0,0.0,0.0,0.0,4.0,12.0,1.0,12.19,5.01,2.5,1.49,0.0,0.0,0.0,183.9,0.0,-0.2,0.5,1.0,98.8,0.0,0.0,261.2,0.0,21.8,35.300000000000004,35.300000000000004,36.9,300.0,300.0,30.200000000000003,34.300000000000004,34.300000000000004,33.9,35.5,4.96,1.99,4.96,0.16,0.0,0.0,1027.0,8228.0,0.0,0.0,0.0,0.0,0.0,1.0,0.0,0.0,0.0,0.0,0.0,-0.8,0.0,-1.4,0.0,0.0,16.0,25903.0
2026-07-30T18:58:31.978Z,81.461,81.474,0.0,7.4,0.0,0.0,0.0,0.0,0.0,0.0,0.0,0.0,1.0,0.0,0.0,0.0,9.0,4.0,0.0,0.0,0.0,0.0,0.0,0.0,0.0,0.0,5.0,12.0,1.0,12.19,5.01,2.5,1.49,0.0,0.0,0.0,182.7,0.0,-0.2,-1.1,-0.1,98.8,0.0,0.0,261.2,0.0,21.8,35.300000000000004,35.300000000000004,36.9,300.0,300.0,30.200000000000003,34.300000000000004,34.300000000000004,33.9,35.5,4.95,1.99,4.97,0.16,0.0,0.0,1027.0,8228.0,0.0,0.0,0.0,0.0,0.0,1.0,0.0,0.0,0.0,0.0,0.0,0.0,0.0,1.4,0.0,0.0,16.0,25903.0
2026-07-30T18:58:31.990Z,81.473,81.486,0.0,7.4,0.0,0.0,0.0,0.0,0.0,0.0,0.0,0.0,1.0,0.0,0.0,0.0,9.0,4.0,0.0,0.0,0.0,0.0,0.0,0.0,0.0,0.0,6.0,12.0,1.0,12.19,5.01,2.5,1.49,0.0,0.0,0.0,181.6,0.0,0.3,0.6000000000000001,-0.1,98.8,0.0,0.0,261.2,0.0,21.8,35.300000000000004,35.300000000000004,36.9,300.0,300.0,30.200000000000003,34.300000000000004,34.300000000000004,33.9,35.5,4.95,2.0,4.96,0.16,0.0,0.0,1027.0,8228.0,0.0,0.0,0.0,0.0,0.0,1.0,0.0,0.0,0.0,0.0,0.0,0.2,0.0,-0.5,0.0,0.0,16.0,25903.0
2026-07-30T18:58:32.015Z,81.498,81.498,0.0,7.4,0.0,0.0,0.0,0.0,0.0,0.0,0.0,0.0,1.0,0.0,0.0,0.0,9.0,4.0,0.0,0.0,0.0,0.0,0.0,0.0,0.0,0.0,1.0,12.0,1.0,12.15,5.01,2.51,1.49,0.0,0.0,0.0,180.4,0.0,0.3,0.0,-0.7000000000000001,98.8,0.0,0.0,261.2,0.0,21.700000000000003,35.300000000000004,35.300000000000004,36.8,300.0,300.0,30.1,34.300000000000004,34.300000000000004,33.9,35.4,4.96,1.99,4.96,0.16,0.0,0.0,1027.0,8228.0,0.0,0.0,0.0,0.0,0.0,1.0,0.0,0.0,0.0,0.0,0.0,0.6000000000000001,0.0,0.5,0.0,0.0,16.0,25903.0
2026-07-30T18:58:32.016Z,81.499,81.51,0.0,7.4,0.0,0.0,0.0,0.0,0.0,0.0,0.0,0.0,1.0,0.0,0.0,0.0,9.0,4.0,0.0,0.0,0.0,0.0,0.0,0.0,0.0,0.0,6.0,12.0,1.0,12.15,5.01,2.51,1.49,0.0,0.0,0.0,179.4,0.0,0.3,-0.6000000000000001,0.3,98.8,0.0,0.0,261.2,0.0,21.700000000000003,35.300000000000004,35.300000000000004,36.8,300.0,300.0,30.1,34.300000000000004,34.300000000000004,33.9,35.4,4.95,1.99,4.96,0.16,0.0,0.0,1027.0,8228.0,0.0,0.0,0.0,0.0,0.0,1.0,0.0,0.0,0.0,0.0,0.0,-0.4,0.0,0.4,0.0,0.0,16.0,25903.0
2026-07-30T18:58:32.026Z,81.509,81.522,0.0,7.4,0.0,0.0,0.0,0.0,0.0,0.0,0.0,0.0,1.0,0.0,0.0,0.0,9.0,4.0,0.0,0.0,0.0,0.0,0.0,0.0,0.0,0.0,6.0,12.0,1.0,12.15,5.01,2.51,1.49,0.0,0.0,0.0,178.20000000000002,0.0,0.3,-0.6000000000000001,-0.7000000000000001,98.8,0.0,0.0,261.2,0.0,21.700000000000003,35.300000000000004,35.300000000000004,36.8,300.0,300.0,30.1,34.300000000000004,34.300000000000004,33.9,35.4,4.95,1.99,4.97,0.16,0.0,0.0,1027.0,8228.0,0.0,0.0,0.0,0.0,0.0,1.0,0.0,0.0,0.0,0.0,0.0,0.5,0.0,1.2000000000000002,0.0,0.0,16.0,25903.0
2026-07-30T18:58:32.038Z,81.521,81.534,0.0,7.4,0.0,0.0,0.0,0.0,0.0,0.0,0.0,0.0,1.0,0.0,0.0,0.0,9.0,4.0,0.0,0.0,0.0,0.0,0.0,0.0,0.0,0.0,1.0,12.0,1.0,12.15,5.01,2.51,1.49,0.0,0.0,0.0,177.10000000000002,0.0,0.3,-0.6000000000000001,-0.1,98.8,0.0,0.0,261.2,0.0,21.700000000000003,35.300000000000004,35.300000000000004,36.8,300.0,300.0,30.1,34.300000000000004,34.300000000000004,33.9,35.4,4.95,1.99,4.96,0.16,0.0,0.0,1027.0,8228.0,0.0,0.0,0.0,0.0,0.0,1.0,0.0,0.0,0.0,0.0,0.0,0.0,0.0,0.8,0.0,0.0,16.0,25903.0
2026-07-30T18:58:32.050Z,81.533,81.546,0.0,7.4,0.0,0.0,0.0,0.0,0.0,0.0,0.0,0.0,1.0,0.0,0.0,0.0,9.0,4.0,0.0,0.0,0.0,0.0,0.0,0.0,0.0,0.0,2.0,12.0,1.0,12.15,5.01,2.51,1.49,0.0,0.0,0.0,176.10000000000002,0.0,0.3,0.0,0.3,98.8,0.0,0.0,261.2,0.0,21.700000000000003,35.300000000000004,35.300000000000004,36.8,300.0,300.0,30.1,34.300000000000004,34.300000000000004,33.9,35.4,4.96,1.99,4.96,0.16,0.0,0.0,1027.0,8228.0,0.0,0.0,0.0,0.0,0.0,1.0,0.0,0.0,0.0,0.0,0.0,-0.3,0.0,-0.2,0.0,0.0,16.0,25903.0
2026-07-30T18:58:32.063Z,81.546,81.558,0.0,7.4,0.0,0.0,0.0,0.0,0.0,0.0,0.0,0.0,1.0,0.0,0.0,0.0,9.0,4.0,0.0,0.0,0.0,0.0,0.0,0.0,0.0,0.0,3.0,12.0,1.0,12.15,5.01,2.51,1.49,0.0,0.0,0.0,175.0,0.0,0.9,0.0,-1.3,98.8,0.0,0.0,261.2,0.0,21.700000000000003,35.300000000000004,35.300000000000004,36.8,300.0,300.0,30.1,34.300000000000004,34.300000000000004,33.9,35.4,4.95,1.99,4.97,0.16,0.0,0.0,1027.0,8228.0,0.0,0.0,0.0,0.0,0.0,1.0,0.0,0.0,0.0,0.0,0.0,1.2000000000000002,0.0,1.0,0.0,0.0,16.0,25903.0
2026-07-30T18:58:32.074Z,81.557,81.57000000000001,0.0,7.4,0.0,0.0,0.0,0.0,0.0,0.0,0.0,0.0,1.0,0.0,0.0,0.0,9.0,4.0,0.0,0.0,0.0,0.0,0.0,0.0,0.0,0.0,5.0,12.0,1.0,12.15,5.01,2.51,1.49,0.0,0.0,0.0,174.0,0.0,-0.1,-0.6000000000000001,-0.7000000000000001,98.8,0.0,0.0,261.2,0.0,21.700000000000003,35.300000000000004,35.300000000000004,36.8,300.0,300.0,30.1,34.300000000000004,34.300000000000004,33.9,35.4,4.95,1.99,4.96,0.16,0.0,0.0,1027.0,8228.0,0.0,0.0,0.0,0.0,0.0,1.0,0.0,0.0,0.0,0.0,0.0,0.5,0.0,1.2000000000000002,0.0,0.0,16.0,25903.0
2026-07-30T18:58:32.086Z,81.569,81.58200000000001,0.0,7.4,0.0,0.0,0.0,0.0,0.0,0.0,0.0,0.0,1.0,0.0,0.0,0.0,9.0,4.0,0.0,0.0,0.0,0.0,0.0,0.0,0.0,0.0,6.0,12.0,1.0,12.15,5.01,2.51,1.49,0.0,0.0,0.0,172.9,0.0,0.3,-0.6000000000000001,-0.7000000000000001,98.8,0.0,0.0,261.2,0.0,21.700000000000003,35.300000000000004,35.300000000000004,36.8,300.0,300.0,30.1,34.300000000000004,34.300000000000004,33.9,35.4,4.95,2.0,4.97,0.16,0.0,0.0,1027.0,8228.0,0.0,0.0,0.0,0.0,0.0,1.0,0.0,0.0,0.0,0.0,0.0,0.5,0.0,1.2000000000000002,0.0,0.0,16.0,25903.0
2026-07-30T18:58:32.098Z,81.581,81.59400000000001,0.0,7.4,0.0,0.0,0.0,0.0,0.0,0.0,0.0,0.0,1.0,0.0,0.0,0.0,9.0,4.0,0.0,0.0,0.0,0.0,0.0,0.0,0.0,0.0,6.0,12.0,1.0,12.15,5.01,2.51,1.49,0.0,0.0,0.0,171.8,0.0,-0.1,0.0,-0.7000000000000001,98.8,0.0,0.0,261.2,0.0,21.700000000000003,35.300000000000004,35.300000000000004,36.8,300.0,300.0,30.1,34.300000000000004,34.300000000000004,33.9,35.4,4.95,1.99,4.97,0.16,0.0,0.0,1027.0,8228.0,0.0,0.0,0.0,0.0,0.0,1.0,0.0,0.0,0.0,0.0,0.0,0.6000000000000001,0.0,0.5,0.0,-0.0001,16.0,25903.0
2026-07-30T18:58:32.110Z,81.593,81.60600000000001,0.0,7.4,0.0,0.0,0.0,0.0,0.0,0.0,0.0,0.0,1.0,0.0,0.0,0.0,9.0,4.0,0.0,0.0,0.0,0.0,0.0,0.0,0.0,0.0,2.0,12.0,1.0,12.17,5.0200000000000005,2.51,1.5,0.0,0.0,0.0,170.8,0.0,0.3,-1.1,-0.7000000000000001,98.8,0.0,0.0,261.2,0.0,21.3,35.300000000000004,35.300000000000004,36.8,300.0,300.0,30.1,34.2,34.300000000000004,33.800000000000004,35.4,4.95,1.99,4.97,0.16,0.0,0.0,1027.0,8228.0,0.0,0.0,0.0,0.0,0.0,1.0,0.0,0.0,0.0,0.0,0.0,0.4,0.0,1.8,0.0,-0.0001,16.0,25903.0
2026-07-30T18:58:32.122Z,81.605,81.618,0.0,7.4,0.0,0.0,0.0,0.0,0.0,0.0,0.0,0.0,1.0,0.0,0.0,0.0,9.0,4.0,0.0,0.0,0.0,0.0,0.0,0.0,0.0,0.0,3.0,12.0,1.0,12.17,5.0200000000000005,2.51,1.5,0.0,0.0,0.0,169.70000000000002,0.0,0.3,0.0,-0.7000000000000001,98.8,0.0,0.0,261.2,0.0,21.3,35.300000000000004,35.300000000000004,36.8,300.0,300.0,30.1,34.2,34.300000000000004,33.800000000000004,35.4,4.96,1.99,4.96,0.16,0.0,0.0,1027.0,8228.0,0.0,0.0,0.0,0.0,0.0,1.0,0.0,0.0,0.0,0.0,0.0,0.6000000000000001,0.0,0.5,0.0,-0.0001,16.0,25903.0
2026-07-30T18:58:32.135Z,81.618,81.63,0.0,7.4,0.0,0.0,0.0,0.0,0.0,0.0,0.0,0.0,1.0,0.0,0.0,0.0,9.0,4.0,0.0,0.0,0.0,0.0,0.0,0.0,0.0,0.0,3.0,12.0,1.0,12.17,5.0200000000000005,2.51,1.5,0.0,0.0,0.0,168.60000000000002,0.0,-0.7000000000000001,0.0,-0.7000000000000001,98.8,0.0,0.0,261.2,0.0,21.3,35.300000000000004,35.300000000000004,36.8,300.0,300.0,30.1,34.2,34.300000000000004,33.800000000000004,35.4,4.96,1.99,4.97,0.15,0.0,0.0,1027.0,8228.0,0.0,0.0,0.0,0.0,0.0,1.0,0.0,0.0,0.0,0.0,0.0,0.6000000000000001,0.0,0.5,0.0,-0.0001,16.0,25903.0
2026-07-30T18:58:32.147Z,81.63,81.642,0.0,7.4,0.0,0.0,0.0,0.0,0.0,0.0,0.0,0.0,1.0,0.0,0.0,0.0,9.0,4.0,0.0,0.0,0.0,0.0,0.0,0.0,0.0,0.0,4.0,12.0,1.0,12.17,5.0200000000000005,2.51,1.5,0.0,0.0,0.0,167.60000000000002,0.0,0.3,0.0,0.3,98.8,0.0,0.0,261.2,0.0,21.3,35.300000000000004,35.300000000000004,36.8,300.0,300.0,30.1,34.2,34.300000000000004,33.800000000000004,35.4,4.95,1.99,4.97,0.16,0.0,0.0,1027.0,8228.0,0.0,0.0,0.0,0.0,0.0,1.0,0.0,0.0,0.0,0.0,0.0,-0.3,0.0,-0.2,0.0,-0.0001,16.0,25903.0
2026-07-30T18:58:32.159Z,81.642,81.654,0.0,7.4,0.0,0.0,0.0,0.0,0.0,0.0,0.0,0.0,1.0,0.0,0.0,0.0,9.0,4.0,0.0,0.0,0.0,0.0,0.0,0.0,0.0,0.0,5.0,12.0,1.0,12.17,5.0200000000000005,2.51,1.5,0.0,0.0,0.0,166.60000000000002,0.0,0.4,0.6000000000000001,0.3,98.8,0.0,0.0,261.2,0.0,21.3,35.300000000000004,35.300000000000004,36.8,300.0,300.0,30.1,34.2,34.300000000000004,33.800000000000004,35.4,4.96,1.99,4.97,0.16,0.0,0.0,1027.0,8228.0,0.0,0.0,0.0,0.0,0.0,1.0,0.0,0.0,0.0,0.0,0.0,-0.2,0.0,-0.9,0.0,-0.0001,16.0,25903.0
2026-07-30T18:58:32.171Z,81.654,81.666,0.0,7.4,0.0,0.0,0.0,0.0,0.0,0.0,0.0,0.0,1.0,0.0,0.0,0.0,9.0,4.0,0.0,0.0,0.0,0.0,0.0,0.0,0.0,0.0,6.0,12.0,1.0,12.17,5.0200000000000005,2.51,1.5,0.0,0.0,0.0,165.60000000000002,0.0,-0.7000000000000001,-1.1,-0.2,98.8,0.0,0.0,261.2,0.0,21.3,35.300000000000004,35.300000000000004,36.8,300.0,300.0,30.1,34.2,34.300000000000004,33.800000000000004,35.4,4.95,2.0,4.97,0.16,0.0,0.0,1027.0,8228.0,0.0,0.0,0.0,0.0,0.0,1.0,0.0,0.0,0.0,0.0,0.0,0.0,0.0,1.4,0.0,-0.0001,16.0,25903.0
2026-07-30T18:58:32.182Z,81.665,81.678,0.0,7.4,0.0,0.0,0.0,0.0,0.0,0.0,0.0,0.0,1.0,0.0,0.0,0.0,9.0,4.0,0.0,0.0,0.0,0.0,0.0,0.0,0.0,0.0,1.0,12.0,1.0,12.17,5.0200000000000005,2.51,1.5,0.0,0.0,0.0,164.60000000000002,0.0,-0.1,0.6000000000000001,-1.3,98.8,0.0,0.0,261.2,0.0,21.3,35.300000000000004,35.300000000000004,36.8,300.0,300.0,30.1,34.2,34.300000000000004,33.800000000000004,35.4,4.95,1.99,4.96,0.16,0.0,0.0,1027.0,8228.0,0.0,0.0,0.0,0.0,0.0,1.0,0.0,0.0,0.0,0.0,0.0,1.3,0.0,0.2,0.0,-0.0001,16.0,25903.0
2026-07-30T18:58:32.194Z,81.677,81.69,0.0,7.4,0.0,0.0,0.0,0.0,0.0,0.0,0.0,0.0,1.0,0.0,0.0,0.0,9.0,4.0,0.0,0.0,0.0,0.0,0.0,0.0,0.0,0.0,2.0,12.0,1.0,12.17,5.0200000000000005,2.51,1.5,0.0,0.0,0.0,163.5,0.0,0.4,0.6000000000000001,0.3,98.8,0.0,0.0,261.2,0.0,21.3,35.300000000000004,35.300000000000004,36.8,300.0,300.0,30.1,34.2,34.300000000000004,33.800000000000004,35.4,4.95,1.99,4.96,0.16,0.0,0.0,1027.0,8228.0,0.0,0.0,0.0,0.0,0.0,1.0,0.0,0.0,0.0,0.0,0.0,-0.2,0.0,-1.0,0.0,-0.0001,16.0,25903.0
2026-07-30T18:58:32.208Z,81.691,81.702,0.0,7.4,0.0,0.0,0.0,0.0,0.0,0.0,0.0,0.0,1.0,0.0,0.0,0.0,9.0,4.0,0.0,0.0,0.0,0.0,0.0,0.0,0.0,0.0,4.0,12.0,1.0,12.15,5.01,2.5,1.49,0.0,0.0,0.0,162.5,0.0,-0.2,-0.4,0.3,98.8,0.0,0.0,261.2,0.0,21.700000000000003,35.300000000000004,35.2,36.8,300.0,300.0,30.1,34.300000000000004,34.2,33.800000000000004,35.4,4.96,1.99,4.96,0.16,0.0,0.0,1027.0,8228.0,0.0,0.0,0.0,0.0,0.0,1.0,0.0,0.0,0.0,0.0,0.0,-0.4,0.0,0.2,0.0,-0.0001,16.0,25903.0
2026-07-30T18:58:32.218Z,81.701,81.714,0.0,7.4,0.0,0.0,0.0,0.0,0.0,0.0,0.0,0.0,1.0,0.0,0.0,0.0,9.0,4.0,0.0,0.0,0.0,0.0,0.0,0.0,0.0,0.0,5.0,12.0,1.0,12.15,5.01,2.5,1.49,0.0,0.0,0.0,161.5,0.0,-0.2,-0.5,-0.8,98.8,0.0,0.0,261.2,0.0,21.700000000000003,35.300000000000004,35.2,36.8,300.0,300.0,30.1,34.300000000000004,34.2,33.800000000000004,35.4,4.95,2.0,4.97,0.16,0.0,0.0,1027.0,8228.0,0.0,0.0,0.0,0.0,0.0,1.0,0.0,0.0,0.0,0.0,0.0,0.6000000000000001,0.0,1.1,0.0,-0.0001,16.0,25903.0
2026-07-30T18:58:32.230Z,81.713,81.726,0.0,7.4,0.0,0.0,0.0,0.0,0.0,0.0,0.0,0.0,1.0,0.0,0.0,0.0,9.0,4.0,0.0,0.0,0.0,0.0,0.0,0.0,0.0,0.0,6.0,12.0,1.0,12.15,5.01,2.5,1.49,0.0,0.0,0.0,160.5,0.0,-0.2,0.0,-0.2,98.8,0.0,0.0,261.2,0.0,21.700000000000003,35.300000000000004,35.2,36.8,300.0,300.0,30.1,34.300000000000004,34.2,33.800000000000004,35.4,4.95,1.99,4.97,0.16,0.0,0.0,1027.0,8228.0,0.0,0.0,0.0,0.0,0.0,1.0,0.0,0.0,0.0,0.0,0.0,0.2,0.0,0.0,0.0,-0.0001,16.0,25903.0
2026-07-30T18:58:32.243Z,81.726,81.738,0.0,7.4,0.0,0.0,0.0,0.0,0.0,0.0,0.0,0.0,1.0,0.0,0.0,0.0,9.0,4.0,0.0,0.0,0.0,0.0,0.0,0.0,0.0,0.0,1.0,12.0,1.0,12.15,5.01,2.5,1.49,0.0,0.0,0.0,159.60000000000002,0.0,0.3,0.1,-0.1,98.8,0.0,0.0,261.2,0.0,21.700000000000003,35.300000000000004,35.2,36.8,300.0,300.0,30.1,34.300000000000004,34.2,33.800000000000004,35.4,4.96,2.0,4.97,0.16,0.0,0.0,1027.0,8228.0,0.0,0.0,0.0,0.0,0.0,1.0,0.0,0.0,0.0,0.0,0.0,0.1,0.0,0.0,0.0,-0.0001,16.0,25903.0
2026-07-30T18:58:32.255Z,81.738,81.75,0.0,7.4,0.0,0.0,0.0,0.0,0.0,0.0,0.0,0.0,1.0,0.0,0.0,0.0,9.0,4.0,0.0,0.0,0.0,0.0,0.0,0.0,0.0,0.0,2.0,12.0,1.0,12.15,5.01,2.5,1.49,-0.1,0.1,0.0,158.60000000000002,0.0,0.3,-1.0,-0.7000000000000001,98.8,0.0,0.0,261.2,0.0,21.700000000000003,35.300000000000004,35.2,36.8,300.0,300.0,30.1,34.300000000000004,34.2,33.800000000000004,35.4,4.96,2.0,4.97,0.16,0.0,0.0,1027.0,8228.0,0.0,0.0,0.0,0.0,0.0,1.0,0.0,0.0,0.0,0.0,0.0,0.5,0.0,1.7000000000000002,0.0,-0.0001,16.0,25903.0
2026-07-30T18:58:32.267Z,81.75,81.762,0.0,7.4,0.0,0.0,0.0,0.0,0.0,0.0,0.0,0.0,1.0,0.0,0.0,0.0,9.0,4.0,0.0,0.0,0.0,0.0,0.0,0.0,0.0,0.0,4.0,12.0,1.0,12.15,5.01,2.5,1.49,0.0,0.0,0.0,157.60000000000002,0.0,-0.7000000000000001,1.3,-0.1,98.8,0.0,0.0,261.2,0.0,21.700000000000003,35.300000000000004,35.2,36.8,300.0,300.0,30.1,34.300000000000004,34.2,33.800000000000004,35.4,4.95,1.99,4.97,0.16,0.0,0.0,1027.0,8228.0,0.0,0.0,0.0,0.0,0.0,1.0,0.0,0.0,0.0,0.0,0.0,0.3,0.0,-1.4,0.0,-0.0001,16.0,25903.0
2026-07-30T18:58:32.278Z,81.761,81.774,0.0,7.4,0.0,0.0,0.0,0.0,0.0,0.0,0.0,0.0,1.0,0.0,0.0,0.0,9.0,4.0,0.0,0.0,0.0,0.0,0.0,0.0,0.0,0.0,5.0,12.0,1.0,12.15,5.01,2.5,1.49,0.0,0.0,0.0,156.60000000000002,0.0,-0.2,-0.4,-0.6000000000000001,98.8,0.0,0.0,261.2,0.0,21.700000000000003,35.300000000000004,35.2,36.8,300.0,300.0,30.1,34.300000000000004,34.2,33.800000000000004,35.4,4.95,1.99,4.96,0.16,0.0,0.0,1027.0,8228.0,0.0,0.0,0.0,0.0,0.0,1.0,0.0,0.0,0.0,0.0,0.0,0.5,0.0,1.0,0.0,-0.0001,16.0,25903.0
2026-07-30T18:58:32.290Z,81.773,81.786,0.0,7.4,0.0,0.0,0.0,0.0,0.0,0.0,0.0,0.0,1.0,0.0,0.0,0.0,9.0,4.0,0.0,0.0,0.0,0.0,0.0,0.0,0.0,0.0,6.0,12.0,1.0,12.15,5.01,2.5,1.49,0.0,0.1,0.0,155.60000000000002,0.0,-0.2,0.7000000000000001,1.0,98.8,0.0,0.0,261.2,0.0,21.700000000000003,35.300000000000004,35.2,36.8,300.0,300.0,30.1,34.300000000000004,34.2,33.800000000000004,35.4,4.95,1.99,4.96,0.16,0.0,0.0,1027.0,8228.0,0.0,0.0,0.0,0.0,0.0,1.0,0.0,0.0,0.0,0.0,0.0,-0.8,0.0,-1.6,0.0,-0.0001,16.0,25903.0
2026-07-30T18:58:32.302Z,81.785,81.798,0.0,7.4,0.0,0.0,0.0,0.0,0.0,0.0,0.0,0.0,1.0,0.0,0.0,0.0,9.0,4.0,0.0,0.0,0.0,0.0,0.0,0.0,0.0,0.0,1.0,12.0,1.0,12.15,5.01,2.5,1.49,0.0,0.1,0.0,154.70000000000002,0.0,0.9,-0.4,1.0,98.8,0.0,0.0,261.2,0.0,21.700000000000003,35.300000000000004,35.2,36.8,300.0,300.0,30.1,34.300000000000004,34.2,33.800000000000004,35.4,4.95,1.99,4.97,0.16,0.0,0.0,1027.0,8228.0,0.0,0.0,0.0,0.0,0.0,1.0,0.0,0.0,0.0,0.0,0.0,-1.0,0.0,-0.2,0.0,0.0,16.0,25903.0
2026-07-30T18:58:32.315Z,81.798,81.81,0.0,7.4,0.0,0.0,0.0,0.0,0.0,0.0,0.0,0.0,1.0,0.0,0.0,0.0,9.0,4.0,0.0,0.0,0.0,0.0,0.0,0.0,0.0,0.0,3.0,12.0,1.0,12.18,5.0200000000000005,2.51,1.49,0.0,0.0,0.0,153.70000000000002,0.0,0.3,-0.4,0.0,98.8,0.0,0.0,261.2,0.0,21.4,35.2,35.2,36.7,300.0,300.0,30.1,34.2,34.2,33.7,35.4,4.95,1.99,4.96,0.16,0.0,0.0,1027.0,8228.0,0.0,0.0,0.0,0.0,0.0,1.0,0.0,0.0,0.0,0.0,0.0,0.0,0.0,0.5,0.0,0.0,16.0,25903.0
2026-07-30T18:58:32.330Z,81.813,81.822,0.0,7.4,0.0,0.0,0.0,0.0,0.0,0.0,0.0,0.0,1.0,0.0,0.0,0.0,9.0,4.0,0.0,0.0,0.0,0.0,0.0,0.0,0.0,0.0,3.0,12.0,1.0,12.18,5.0200000000000005,2.51,1.49,0.0,0.0,0.0,152.8,0.0,0.3,0.6000000000000001,1.0,98.8,0.0,0.0,261.2,0.0,21.4,35.2,35.2,36.7,300.0,300.0,30.1,34.2,34.2,33.7,35.4,4.95,2.0,4.96,0.16,0.0,0.0,1027.0,8228.0,0.0,0.0,0.0,0.0,0.0,1.0,0.0,0.0,0.0,0.0,0.0,-0.8,0.0,-1.5,0.0,0.0,16.0,25903.0
2026-07-30T18:58:32.338Z,81.821,81.834,0.0,7.4,0.0,0.0,0.0,0.0,0.0,0.0,0.0,0.0,1.0,0.0,0.0,0.0,9.0,4.0,0.0,0.0,0.0,0.0,0.0,0.0,0.0,0.0,1.0,12.0,1.0,12.18,5.0200000000000005,2.51,1.49,0.0,0.0,0.0,151.8,0.0,-0.2,0.1,-0.6000000000000001,98.8,0.0,0.0,261.2,0.0,21.4,35.2,35.2,36.7,300.0,300.0,30.1,34.2,34.2,33.7,35.4,4.95,1.99,4.96,0.16,0.0,0.0,1027.0,8228.0,0.0,0.0,0.0,0.0,0.0,1.0,0.0,0.0,0.0,0.0,0.0,0.6000000000000001,0.0,0.3,0.0,0.0,16.0,25903.0
2026-07-30T18:58:32.350Z,81.833,81.846,0.0,7.4,0.0,0.0,0.0,0.0,0.0,0.0,0.0,0.0,1.0,0.0,0.0,0.0,9.0,4.0,0.0,0.0,0.0,0.0,0.0,0.0,0.0,0.0,2.0,12.0,1.0,12.18,5.0200000000000005,2.51,1.49,0.0,0.0,0.0,150.9,0.0,-0.2,-1.0,-0.6000000000000001,98.8,0.0,0.0,261.2,0.0,21.4,35.2,35.2,36.7,300.0,300.0,30.1,34.2,34.2,33.7,35.4,4.95,1.99,4.97,0.16,0.0,0.0,1027.0,8228.0,0.0,0.0,0.0,0.0,0.0,1.0,0.0,0.0,0.0,0.0,0.0,0.4,0.0,1.7000000000000002,0.0,0.0,16.0,25903.0
2026-07-30T18:58:32.362Z,81.845,81.858,0.0,7.4,0.0,0.0,0.0,0.0,0.0,0.0,0.0,0.0,1.0,0.0,0.0,0.0,9.0,4.0,0.0,0.0,0.0,0.0,0.0,0.0,0.0,0.0,4.0,12.0,1.0,12.18,5.0200000000000005,2.51,1.49,0.0,0.0,0.0,150.0,0.0,-0.2,0.0,1.0,98.8,0.0,0.0,261.2,0.0,21.4,35.2,35.2,36.7,300.0,300.0,30.1,34.2,34.2,33.7,35.4,4.96,2.0,4.96,0.16,0.0,0.0,1027.0,8228.0,0.0,0.0,0.0,0.0,0.0,1.0,0.0,0.0,0.0,0.0,0.0,-0.9,0.0,-0.8,0.0,0.0,16.0,25903.0
2026-07-30T18:58:32.374Z,81.857,81.87,0.0,7.4,0.0,0.0,0.0,0.0,0.0,0.0,0.0,0.0,1.0,0.0,0.0,0.0,9.0,4.0,0.0,0.0,0.0,0.0,0.0,0.0,0.0,0.0,5.0,12.0,1.0,12.18,5.0200000000000005,2.51,1.49,0.0,0.0,0.0,149.1,0.0,-0.3,-0.5,-1.3,98.8,0.0,0.0,261.2,0.0,21.4,35.2,35.2,36.7,300.0,300.0,30.1,34.2,34.2,33.7,35.4,4.96,1.99,4.97,0.15,0.0,0.0,1027.0,8228.0,0.0,0.0,0.0,0.0,0.0,1.0,0.0,0.0,0.0,0.0,0.0,1.1,0.0,1.6,0.0,0.0,16.0,25903.0
2026-07-30T18:58:32.386Z,81.869,81.882,0.0,7.4,0.0,0.0,0.0,0.0,0.0,0.0,0.0,0.0,1.0,0.0,0.0,0.0,9.0,4.0,0.0,0.0,0.0,0.0,0.0,0.0,0.0,0.0,6.0,12.0,1.0,12.18,5.0200000000000005,2.51,1.49,0.0,0.0,0.0,148.1,0.0,-0.2,1.2000000000000002,0.4,98.8,0.0,0.0,261.2,0.0,21.4,35.2,35.2,36.7,300.0,300.0,30.1,34.2,34.2,33.7,35.4,4.95,2.0,4.97,0.17,0.0,0.0,1027.0,8228.0,0.0,0.0,0.0,0.0,0.0,1.0,0.0,0.0,0.0,0.0,0.0,0.6000000000000001,0.0,0.4,0.0,0.0,16.0,25903.0
2026-07-30T18:58:32.398Z,81.881,81.894,0.0,7.4,0.0,0.0,0.0,0.0,0.0,0.0,0.0,0.0,1.0,0.0,0.0,0.0,9.0,4.0,0.0,0.0,0.0,0.0,0.0,0.0,0.0,0.0,1.0,12.0,1.0,12.18,5.0200000000000005,2.51,1.49,0.0,0.0,0.0,147.3,0.0,-0.8,-0.5,0.4,98.8,0.0,0.0,261.2,0.0,21.4,35.2,35.2,36.7,300.0,300.0,30.1,34.2,34.2,33.7,35.4,4.95,2.0,4.96,0.16,0.0,0.0,1027.0,8228.0,0.0,0.0,0.0,0.0,0.0,1.0,0.0,0.0,0.0,0.0,0.0,0.1,0.0,0.0,0.0,0.0,16.0,25903.0
2026-07-30T18:58:32.411Z,81.894,81.906,0.0,7.4,0.0,0.0,0.0,0.0,0.0,0.0,0.0,0.0,1.0,0.0,0.0,0.0,9.0,4.0,0.0,0.0,0.0,0.0,0.0,0.0,0.0,0.0,2.0,12.0,1.0,12.15,5.01,2.51,1.49,0.0,0.0,0.0,146.3,0.0,-0.2,-0.5,0.3,98.8,0.0,0.0,261.2,0.0,21.9,35.2,35.2,36.7,300.0,300.0,30.200000000000003,34.300000000000004,34.2,33.7,35.4,4.95,2.0,4.97,0.16,0.0,0.0,1027.0,8228.0,0.0,0.0,0.0,0.0,0.0,1.0,0.0,0.0,0.0,0.0,0.0,-0.8,0.0,-0.7000000000000001,0.0,0.0,16.0,25903.0
2026-07-30T18:58:32.422Z,81.905,81.918,0.0,7.4,0.0,0.0,0.0,0.0,0.0,0.0,0.0,0.0,1.0,0.0,0.0,0.0,9.0,4.0,0.0,0.0,0.0,0.0,0.0,0.0,0.0,0.0,4.0,12.0,1.0,12.15,5.01,2.51,1.49,0.0,0.1,0.0,145.3,0.0,0.2,2.9000000000000004,2.7,98.8,0.0,0.0,261.2,0.0,21.9,35.2,35.2,36.7,300.0,300.0,30.200000000000003,34.300000000000004,34.2,33.7,35.4,4.95,1.99,4.97,0.16,0.0,0.0,1027.0,8228.0,0.0,0.0,0.0,0.0,0.0,1.0,0.0,0.0,0.0,0.0,0.0,-1.9,0.0,-5.300000000000001,0.0,0.0,16.0,25903.0
2026-07-30T18:58:32.435Z,81.918,81.93,0.0,7.4,0.0,0.0,0.0,0.0,0.0,0.0,0.0,0.0,1.0,0.0,0.0,0.0,9.0,4.0,0.0,0.0,0.0,0.0,0.0,0.0,0.0,0.0,5.0,12.0,1.0,12.15,5.01,2.51,1.49,0.0,0.0,0.0,144.4,0.0,-0.3,1.1,-2.0,98.8,0.0,0.0,261.2,0.0,21.9,35.2,35.2,36.7,300.0,300.0,30.200000000000003,34.300000000000004,34.2,33.7,35.4,4.95,2.0,4.97,0.16,0.0,0.0,1027.0,8228.0,0.0,0.0,0.0,0.0,0.0,1.0,0.0,0.0,0.0,0.0,0.0,2.0,0.0,0.1,0.0,0.0,16.0,25903.0
2026-07-30T18:58:32.446Z,81.929,81.94200000000001,0.0,7.4,0.0,0.0,0.0,0.0,0.0,0.0,0.0,0.0,1.0,0.0,0.0,0.0,9.0,4.0,0.0,0.0,0.0,0.0,0.0,0.0,0.0,0.0,1.0,12.0,1.0,12.15,5.01,2.51,1.49,0.0,0.0,0.0,143.6,0.0,0.8,0.5,0.2,98.8,0.0,0.0,261.2,0.0,21.9,35.2,35.2,36.7,300.0,300.0,30.200000000000003,34.300000000000004,34.2,33.7,35.4,4.96,2.0,4.96,0.16,0.0,0.0,1027.0,8228.0,0.0,0.0,0.0,0.0,0.0,1.0,0.0,0.0,0.0,0.0,0.0,-0.1,0.0,-0.8,0.0,0.0,16.0,25903.0
2026-07-30T18:58:32.458Z,81.941,81.95400000000001,0.0,7.4,0.0,0.0,0.0,0.0,0.0,0.0,0.0,0.0,1.0,0.0,0.0,0.0,9.0,4.0,0.0,0.0,0.0,0.0,0.0,0.0,0.0,0.0,2.0,12.0,1.0,12.15,5.01,2.51,1.49,0.0,0.0,0.0,142.6,0.0,-0.3,-1.1,-0.2,98.8,0.0,0.0,261.2,0.0,21.9,35.2,35.2,36.7,300.0,300.0,30.200000000000003,34.300000000000004,34.2,33.7,35.4,4.95,2.0,4.97,0.16,0.0,0.0,1027.0,8228.0,0.0,0.0,0.0,0.0,0.0,1.0,0.0,0.0,0.0,0.0,0.0,0.0,0.0,1.5,0.0,0.0,16.0,25903.0
2026-07-30T18:58:32.470Z,81.953,81.96600000000001,0.0,7.4,0.0,0.0,0.0,0.0,0.0,0.0,0.0,0.0,1.0,0.0,0.0,0.0,9.0,4.0,0.0,0.0,0.0,0.0,0.0,0.0,0.0,0.0,4.0,12.0,1.0,12.15,5.01,2.51,1.49,0.0,0.0,0.0,141.9,0.0,-0.3,1.2000000000000002,-0.2,98.8,0.0,0.0,261.2,0.0,21.9,35.2,35.2,36.7,300.0,300.0,30.200000000000003,34.300000000000004,34.2,33.7,35.4,4.95,1.99,4.96,0.16,0.0,0.0,1027.0,8228.0,0.0,0.0,0.0,0.0,0.0,1.0,0.0,0.0,0.0,0.0,0.0,0.4,0.0,-1.2000000000000002,0.0,0.0,16.0,25903.0
2026-07-30T18:58:32.482Z,81.965,81.97800000000001,0.0,7.4,0.0,0.0,0.0,0.0,0.0,0.0,0.0,0.0,1.0,0.0,0.0,0.0,9.0,4.0,0.0,0.0,0.0,0.0,0.0,0.0,0.0,0.0,5.0,12.0,1.0,12.15,5.01,2.51,1.49,0.0,0.0,0.0,140.9,0.0,-0.3,-0.5,0.3,98.8,0.0,0.0,261.2,0.0,21.9,35.2,35.2,36.7,300.0,300.0,30.200000000000003,34.300000000000004,34.2,33.7,35.4,4.96,2.0,4.96,0.16,0.0,0.0,1027.0,8228.0,0.0,0.0,0.0,0.0,0.0,1.0,0.0,0.0,0.0,0.0,0.0,-0.4,0.0,0.3,0.0,0.0,16.0,25903.0
2026-07-30T18:58:32.494Z,81.977,81.99,0.0,7.4,0.0,0.0,0.0,0.0,0.0,0.0,0.0,0.0,1.0,0.0,0.0,0.0,9.0,4.0,0.0,0.0,0.0,0.0,0.0,0.0,0.0,0.0,1.0,12.0,1.0,12.15,5.01,2.51,1.49,0.0,0.0,0.0,140.1,0.0,-0.3,-0.5,-0.7000000000000001,98.8,0.0,0.0,261.2,0.0,21.9,35.2,35.2,36.7,300.0,300.0,30.200000000000003,34.300000000000004,34.2,33.7,35.4,4.96,2.0,4.96,0.16,0.0,0.0,1027.0,8228.0,0.0,0.0,0.0,0.0,0.0,1.0,0.0,0.0,0.0,0.0,0.0,0.6000000000000001,0.0,1.1,0.0,0.0,16.0,25903.0
2026-07-30T18:58:32.506Z,81.989,82.002,0.0,7.4,0.0,0.0,0.0,0.0,0.0,0.0,0.0,0.0,1.0,0.0,0.0,0.0,9.0,4.0,0.0,0.0,0.0,0.0,0.0,0.0,0.0,0.0,2.0,12.0,1.0,12.15,5.01,2.51,1.49,0.0,0.0,0.0,139.20000000000002,0.0,-0.3,-0.4,0.4,98.8,0.0,0.0,261.2,0.0,21.9,35.2,35.2,36.7,300.0,300.0,30.200000000000003,34.300000000000004,34.2,33.7,35.4,4.96,1.99,4.96,0.16,0.0,0.0,1027.0,8228.0,0.0,0.0,0.0,0.0,0.0,1.0,0.0,0.0,0.0,0.0,0.0,-0.4,0.0,0.1,0.0,0.0,16.0,25903.0
2026-07-30T18:58:32.518Z,82.001,82.014,0.0,7.4,0.0,0.0,0.0,0.0,0.0,0.0,0.0,0.0,1.0,0.0,0.0,0.0,9.0,4.0,0.0,0.0,0.0,0.0,0.0,0.0,0.0,0.0,4.0,12.0,1.0,12.15,5.01,2.51,1.5,0.0,0.0,0.0,138.3,0.0,0.2,0.7000000000000001,1.0,98.8,0.0,0.0,261.2,0.0,21.9,35.2,35.2,36.7,300.0,300.0,30.3,34.300000000000004,34.1,33.7,35.4,4.96,2.0,4.96,0.16,0.0,0.0,1027.0,8228.0,0.0,0.0,0.0,0.0,0.0,1.0,0.0,0.0,0.0,0.0,0.0,-0.8,0.0,-1.6,0.0,0.0,16.0,25903.0
2026-07-30T18:58:32.531Z,82.014,82.026,0.0,7.4,0.0,0.0,0.0,0.0,0.0,0.0,0.0,0.0,1.0,0.0,0.0,0.0,9.0,4.0,0.0,0.0,0.0,0.0,0.0,0.0,0.0,0.0,5.0,12.0,1.0,12.15,5.01,2.51,1.5,0.0,0.0,0.0,137.5,0.0,-0.9,-0.3,-0.7000000000000001,98.8,0.0,0.0,261.2,0.0,21.9,35.2,35.2,36.7,300.0,300.0,30.3,34.300000000000004,34.1,33.7,35.4,4.95,1.99,4.96,0.16,0.0,0.0,1027.0,8228.0,0.0,0.0,0.0,0.0,0.0,1.0,0.0,0.0,0.0,0.0,0.0,0.5,0.0,0.9,0.0,0.0,16.0,25903.0
2026-07-30T18:58:32.542Z,82.025,82.038,0.0,7.4,0.0,0.0,0.0,0.0,0.0,0.0,0.0,0.0,1.0,0.0,0.0,0.0,9.0,4.0,0.0,0.0,0.0,0.0,0.0,0.0,0.0,0.0,6.0,12.0,1.0,12.15,5.01,2.51,1.5,0.0,0.0,0.0,136.6,0.0,0.2,-0.3,-0.1,98.8,0.0,0.0,261.2,0.0,21.9,35.2,35.2,36.7,300.0,300.0,30.3,34.300000000000004,34.1,33.7,35.4,4.95,1.99,4.96,0.16,0.0,0.0,1027.0,8228.0,0.0,0.0,0.0,0.0,0.0,1.0,0.0,0.0,0.0,0.0,0.0,0.0,0.0,0.4,0.0,0.0,16.0,25903.0
2026-07-30T18:58:32.554Z,82.037,82.05,0.0,7.4,0.0,0.0,0.0,0.0,0.0,0.0,0.0,0.0,1.0,0.0,0.0,0.0,9.0,4.0,0.0,0.0,0.0,0.0,0.0,0.0,0.0,0.0,1.0,12.0,1.0,12.15,5.01,2.51,1.5,0.0,0.0,0.0,135.8,0.0,-0.8,-0.3,-1.2000000000000002,98.8,0.0,0.0,261.2,0.0,21.9,35.2,35.2,36.7,300.0,300.0,30.3,34.300000000000004,34.1,33.7,35.4,4.95,2.0,4.96,0.16,0.0,0.0,1027.0,8228.0,0.0,0.0,0.0,0.0,0.0,1.0,0.0,0.0,0.0,0.0,0.0,1.0,0.0,1.3,0.0,0.0,16.0,25903.0
2026-07-30T18:58:32.566Z,82.049,82.062,0.0,7.4,0.0,0.0,0.0,0.0,0.0,0.0,0.0,0.0,1.0,0.0,0.0,0.0,9.0,4.0,0.0,0.0,0.0,0.0,0.0,0.0,0.0,0.0,3.0,12.0,1.0,12.15,5.01,2.51,1.5,0.0,0.0,0.0,134.9,0.0,0.3,0.2,-1.2000000000000002,98.8,0.0,0.0,261.2,0.0,21.9,35.2,35.2,36.7,300.0,300.0,30.3,34.300000000000004,34.1,33.7,35.4,4.95,1.99,4.96,0.16,0.0,0.0,1027.0,8228.0,0.0,0.0,0.0,0.0,0.0,1.0,0.0,0.0,0.0,0.0,0.0,1.1,0.0,0.6000000000000001,0.0,0.0,16.0,25903.0
2026-07-30T18:58:32.579Z,82.062,82.074,0.0,7.4,0.0,0.0,0.0,0.0,0.0,0.0,0.0,0.0,1.0,0.0,0.0,0.0,9.0,4.0,0.0,0.0,0.0,0.0,0.0,0.0,0.0,0.0,4.0,12.0,1.0,12.15,5.01,2.51,1.5,0.0,0.0,0.0,134.1,0.0,0.3,1.3,0.5,98.8,0.0,0.0,261.2,0.0,21.9,35.2,35.2,36.7,300.0,300.0,30.3,34.300000000000004,34.1,33.7,35.4,4.96,1.99,4.96,0.16,0.0,0.0,1027.0,8228.0,0.0,0.0,0.0,0.0,0.0,1.0,0.0,0.0,0.0,0.0,0.0,-0.2,0.0,-1.9,0.0,0.0,16.0,25903.0
2026-07-30T18:58:32.590Z,82.073,82.086,0.0,7.4,0.0,0.0,0.0,0.0,0.0,0.0,0.0,0.0,1.0,0.0,0.0,0.0,9.0,4.0,0.0,0.0,0.0,0.0,0.0,0.0,0.0,0.0,5.0,12.0,1.0,12.15,5.01,2.51,1.5,0.0,0.0,0.0,133.20000000000002,0.0,0.3,-0.3,-0.5,98.8,0.0,0.0,261.2,0.0,21.9,35.2,35.2,36.7,300.0,300.0,30.3,34.300000000000004,34.1,33.7,35.4,4.95,1.99,4.96,0.16,0.0,0.0,1027.0,8228.0,0.0,0.0,0.0,0.0,0.0,1.0,0.0,0.0,0.0,0.0,0.0,0.4,0.0,0.8,0.0,0.0,16.0,25903.0
2026-07-30T18:58:32.602Z,82.085,82.098,-0.1,7.4,0.0,0.0,0.0,0.0,0.0,0.0,0.0,0.0,1.0,0.0,0.0,0.0,9.0,4.0,0.0,0.0,0.0,0.0,0.0,0.0,0.0,0.0,1.0,12.0,1.0,12.15,5.01,2.51,1.5,0.0,0.0,0.0,132.3,0.0,-0.8,-1.0,0.0,98.8,0.0,0.0,261.2,0.0,21.9,35.2,35.2,36.7,300.0,300.0,30.3,34.300000000000004,34.1,33.7,35.4,4.96,2.0,4.96,0.16,0.0,0.0,1027.0,8228.0,0.0,0.0,0.0,0.0,0.0,1.0,0.0,0.0,0.0,0.0,0.0,-0.1,0.0,1.1,0.0,0.0,16.0,25903.0
2026-07-30T18:58:32.616Z,82.099,82.11,-0.1,7.4,0.0,0.0,0.0,0.0,0.0,0.0,0.0,0.0,1.0,0.0,0.0,0.0,9.0,4.0,0.0,0.0,0.0,0.0,0.0,0.0,0.0,0.0,2.0,12.0,1.0,12.11,5.0200000000000005,2.5,1.5,0.0,0.0,0.0,131.5,0.0,0.3,0.1,0.5,98.8,0.0,0.0,261.2,0.0,21.4,35.2,35.2,36.6,300.0,300.0,30.200000000000003,34.300000000000004,34.1,33.7,35.300000000000004,4.96,1.99,4.97,0.16,0.0,0.0,1027.0,8228.0,0.0,0.0,0.0,0.0,0.0,1.0,0.0,0.0,0.0,0.0,0.0,-0.5,0.0,-0.5,0.0,0.0,16.0,25903.0
2026-07-30T18:58:32.626Z,82.109,82.122,-0.1,7.4,0.0,0.0,0.0,0.0,0.0,0.0,0.0,0.0,1.0,0.0,0.0,0.0,9.0,4.0,0.0,0.0,0.0,0.0,0.0,0.0,0.0,0.0,3.0,12.0,1.0,12.11,5.0200000000000005,2.5,1.5,0.0,0.0,0.0,130.8,0.0,0.3,-0.5,0.0,98.8,0.0,0.0,261.2,0.0,21.4,35.2,35.2,36.6,300.0,300.0,30.200000000000003,34.300000000000004,34.1,33.7,35.300000000000004,4.95,1.99,4.97,0.16,0.0,0.0,1027.0,8228.0,0.0,0.0,0.0,0.0,0.0,1.0,0.0,0.0,0.0,0.0,0.0,0.0,0.0,0.6000000000000001,0.0,0.0,16.0,25903.0
2026-07-30T18:58:32.648Z,82.131,82.134,0.0,7.4,0.0,0.0,0.0,0.0,0.0,0.0,0.0,0.0,1.0,0.0,0.0,0.0,9.0,4.0,0.0,0.0,0.0,0.0,0.0,0.0,0.0,0.0,5.0,12.0,1.0,12.11,5.0200000000000005,2.5,1.5,0.0,0.0,0.0,129.9,0.0,-0.2,0.6000000000000001,-0.1,98.8,0.0,0.0,261.2,0.0,21.4,35.2,35.2,36.6,300.0,300.0,30.200000000000003,34.300000000000004,34.1,33.7,35.300000000000004,4.96,1.99,4.96,0.16,0.0,0.0,1027.0,8228.0,0.0,0.0,0.0,0.0,0.0,1.0,0.0,0.0,0.0,0.0,0.0,0.2,0.0,-0.7000000000000001,0.0,0.0,16.0,25903.0
2026-07-30T18:58:32.650Z,82.133,82.146,0.0,7.4,0.0,0.0,0.0,0.0,0.0,0.0,0.0,0.0,1.0,0.0,0.0,0.0,9.0,4.0,0.0,0.0,0.0,0.0,0.0,0.0,0.0,0.0,3.0,12.0,1.0,12.11,5.0200000000000005,2.5,1.5,-0.1,0.1,0.0,129.20000000000002,0.0,-0.8,-0.4,-0.7000000000000001,98.8,0.0,0.0,261.2,0.0,21.4,35.2,35.2,36.6,300.0,300.0,30.200000000000003,34.300000000000004,34.1,33.7,35.300000000000004,4.95,2.0,4.96,0.16,0.0,0.0,1027.0,8228.0,0.0,0.0,0.0,0.0,0.0,1.0,0.0,0.0,0.0,0.0,0.0,0.5,0.0,1.0,0.0,0.0,16.0,25903.0
2026-07-30T18:58:32.662Z,82.145,82.158,-0.1,7.4,0.0,0.0,0.0,0.0,0.0,0.0,0.0,0.0,1.0,0.0,0.0,0.0,9.0,4.0,0.0,0.0,0.0,0.0,0.0,0.0,0.0,0.0,3.0,12.0,1.0,12.11,5.0200000000000005,2.5,1.5,0.0,0.0,0.0,128.3,0.0,0.2,0.7000000000000001,0.4,98.8,0.0,0.0,261.2,0.0,21.4,35.2,35.2,36.6,300.0,300.0,30.200000000000003,34.300000000000004,34.1,33.7,35.300000000000004,4.95,1.99,4.97,0.16,0.0,0.0,1027.0,8228.0,0.0,0.0,0.0,0.0,0.0,1.0,0.0,0.0,0.0,0.0,0.0,-0.2,0.0,-1.1,0.0,0.0,16.0,25903.0
2026-07-30T18:58:32.674Z,82.157,82.17,0.0,7.4,0.0,0.0,0.0,0.0,0.0,0.0,0.0,0.0,1.0,0.0,0.0,0.0,9.0,4.0,0.0,0.0,0.0,0.0,0.0,0.0,0.0,0.0,5.0,12.0,1.0,12.11,5.0200000000000005,2.5,1.5,0.0,0.0,0.0,127.5,0.0,-0.2,1.2000000000000002,-1.3,98.8,0.0,0.0,261.2,0.0,21.4,35.2,35.2,36.6,300.0,300.0,30.200000000000003,34.300000000000004,34.1,33.7,35.300000000000004,4.96,2.0,4.97,0.16,0.0,0.0,1027.0,8228.0,0.0,0.0,0.0,0.0,0.0,1.0,0.0,0.0,0.0,0.0,0.0,1.4,0.0,-0.4,0.0,0.0,16.0,25903.0
2026-07-30T18:58:32.686Z,82.169,82.182,0.0,7.4,0.0,0.0,0.0,0.0,0.0,0.0,0.0,0.0,1.0,0.0,0.0,0.0,9.0,4.0,0.0,0.0,0.0,0.0,0.0,0.0,0.0,0.0,6.0,12.0,1.0,12.11,5.0200000000000005,2.5,1.5,0.0,0.0,0.0,126.7,0.0,-0.2,-0.5,-0.7000000000000001,98.8,0.0,0.0,261.2,0.0,21.4,35.2,35.2,36.6,300.0,300.0,30.200000000000003,34.300000000000004,34.1,33.7,35.300000000000004,4.96,2.0,4.96,0.16,0.0,0.0,1027.0,8228.0,0.0,0.0,0.0,0.0,0.0,1.0,0.0,0.0,0.0,0.0,0.0,0.5,0.0,1.1,0.0,0.0,16.0,25903.0
2026-07-30T18:58:32.698Z,82.181,82.194,0.0,7.4,0.0,0.0,0.0,0.0,0.0,0.0,0.0,0.0,1.0,0.0,0.0,0.0,9.0,4.0,0.0,0.0,0.0,0.0,0.0,0.0,0.0,0.0,1.0,12.0,1.0,12.11,5.0200000000000005,2.5,1.5,0.0,0.0,0.0,126.0,0.0,-0.2,-0.5,-0.1,98.8,0.0,0.0,261.2,0.0,21.4,35.2,35.2,36.6,300.0,300.0,30.200000000000003,34.300000000000004,34.1,33.7,35.300000000000004,4.95,1.99,4.96,0.16,0.0,0.0,1027.0,8228.0,0.0,0.0,0.0,0.0,0.0,1.0,0.0,0.0,0.0,0.0,0.0,0.0,0.0,0.7000000000000001,0.0,0.0,16.0,25903.0
2026-07-30T18:58:32.710Z,82.193,82.206,0.0,7.4,0.0,0.0,0.0,0.0,0.0,0.0,0.0,0.0,1.0,0.0,0.0,0.0,9.0,4.0,0.0,0.0,0.0,0.0,0.0,0.0,0.0,0.0,2.0,12.0,1.0,12.11,5.0200000000000005,2.5,1.5,0.0,0.0,0.0,125.1,0.0,0.3,0.0,-0.7000000000000001,98.8,0.0,0.0,261.2,0.0,21.4,35.2,35.2,36.6,300.0,300.0,30.200000000000003,34.300000000000004,34.1,33.7,35.300000000000004,4.95,2.0,4.96,0.16,0.0,0.0,1027.0,8228.0,0.0,0.0,0.0,0.0,0.0,1.0,0.0,0.0,0.0,0.0,0.0,0.6000000000000001,0.0,0.5,0.0,-0.0001,16.0,25903.0
2026-07-30T18:58:32.723Z,82.206,82.218,0.0,7.4,0.0,0.0,0.0,0.0,0.0,0.0,0.0,0.0,1.0,0.0,0.0,0.0,9.0,4.0,0.0,0.0,0.0,0.0,0.0,0.0,0.0,0.0,3.0,12.0,1.0,12.17,5.0200000000000005,2.51,1.49,0.0,0.0,0.0,124.3,0.0,0.2,1.1,0.9,98.8,0.0,0.0,261.2,0.0,22.1,35.2,35.2,36.6,300.0,300.0,30.200000000000003,34.300000000000004,34.1,33.7,35.300000000000004,4.96,2.0,4.96,0.16,0.0,0.0,1027.0,8228.0,0.0,0.0,0.0,0.0,0.0,1.0,0.0,0.0,0.0,0.0,0.0,-0.6000000000000001,0.0,-2.0,0.0,-0.0001,16.0,25903.0
2026-07-30T18:58:32.734Z,82.217,82.23,0.0,7.4,0.0,0.0,0.0,0.0,0.0,0.0,0.0,0.0,1.0,0.0,0.0,0.0,9.0,4.0,0.0,0.0,0.0,0.0,0.0,0.0,0.0,0.0,5.0,12.0,1.0,12.17,5.0200000000000005,2.51,1.49,0.0,0.0,0.0,123.6,0.0,-0.3,-0.5,-1.8,98.8,0.0,0.0,261.2,0.0,22.1,35.2,35.2,36.6,300.0,300.0,30.200000000000003,34.300000000000004,34.1,33.7,35.300000000000004,4.95,2.0,4.97,0.16,0.0,0.0,1027.0,8228.0,0.0,0.0,0.0,0.0,0.0,1.0,0.0,0.0,0.0,0.0,0.0,1.6,0.0,1.9,0.0,-0.0001,16.0,25903.0
2026-07-30T18:58:32.746Z,82.229,82.242,0.0,7.4,0.0,0.0,0.0,0.0,0.0,0.0,0.0,0.0,1.0,0.0,0.0,0.0,9.0,4.0,0.0,0.0,0.0,0.0,0.0,0.0,0.0,0.0,6.0,12.0,1.0,12.17,5.0200000000000005,2.51,1.49,0.0,0.1,0.0,122.8,0.0,-0.2,-1.6,-1.3,98.8,0.0,0.0,261.2,0.0,22.1,35.2,35.2,36.6,300.0,300.0,30.200000000000003,34.300000000000004,34.1,33.7,35.300000000000004,4.95,1.99,4.97,0.16,0.0,0.0,1027.0,8228.0,0.0,0.0,0.0,0.0,0.0,1.0,0.0,0.0,0.0,0.0,0.0,0.8,0.0,2.8000000000000003,0.0,-0.0001,16.0,25903.0
2026-07-30T18:58:32.758Z,82.241,82.254,0.0,7.4,0.0,0.0,0.0,0.0,0.0,0.0,0.0,0.0,1.0,0.0,0.0,0.0,9.0,4.0,0.0,0.0,0.0,0.0,0.0,0.0,0.0,0.0,1.0,12.0,1.0,12.17,5.0200000000000005,2.51,1.49,0.0,0.0,0.0,122.0,0.0,0.3,0.6000000000000001,1.0,98.8,0.0,0.0,261.2,0.0,22.1,35.2,35.2,36.6,300.0,300.0,30.200000000000003,34.300000000000004,34.1,33.7,35.300000000000004,4.95,1.99,4.96,0.16,0.0,0.0,1027.0,8228.0,0.0,0.0,0.0,0.0,0.0,1.0,0.0,0.0,0.0,0.0,0.0,-0.8,0.0,-1.5,0.0,-0.0001,16.0,25903.0
2026-07-30T18:58:32.770Z,82.253,82.266,0.0,7.4,0.0,0.0,0.0,0.0,0.0,0.0,0.0,0.0,1.0,0.0,0.0,0.0,9.0,4.0,0.0,0.0,0.0,0.0,0.0,0.0,0.0,0.0,2.0,12.0,1.0,12.17,5.0200000000000005,2.51,1.49,0.0,0.0,0.0,121.3,0.0,-0.2,0.0,-0.1,98.8,0.0,0.0,261.2,0.0,22.1,35.2,35.2,36.6,300.0,300.0,30.200000000000003,34.300000000000004,34.1,33.7,35.300000000000004,4.96,1.99,4.96,0.16,0.0,0.0,1027.0,8228.0,0.0,0.0,0.0,0.0,0.0,1.0,0.0,0.0,0.0,0.0,0.0,0.1,0.0,0.0,0.0,-0.0001,16.0,25903.0
2026-07-30T18:58:32.782Z,82.265,82.278,0.0,7.4,0.0,0.0,0.0,0.0,0.0,0.0,0.0,0.0,1.0,0.0,0.0,0.0,9.0,4.0,0.0,0.0,0.0,0.0,0.0,0.0,0.0,0.0,3.0,12.0,1.0,12.17,5.0200000000000005,2.51,1.49,0.0,0.0,0.0,120.5,0.0,-0.8,-0.5,-0.6000000000000001,98.8,0.0,0.0,261.2,0.0,22.1,35.2,35.2,36.6,300.0,300.0,30.200000000000003,34.300000000000004,34.1,33.7,35.300000000000004,4.95,1.99,4.97,0.16,0.0,0.0,1027.0,8228.0,0.0,0.0,0.0,0.0,0.0,1.0,0.0,0.0,0.0,0.0,0.0,0.5,0.0,1.0,0.0,-0.0001,16.0,25903.0
2026-07-30T18:58:32.794Z,82.277,82.29,0.0,7.4,0.0,0.0,0.0,0.0,0.0,0.0,0.0,0.0,1.0,0.0,0.0,0.0,9.0,4.0,0.0,0.0,0.0,0.0,0.0,0.0,0.0,0.0,4.0,12.0,1.0,12.17,5.0200000000000005,2.51,1.49,0.0,0.0,0.0,119.8,0.0,0.3,-0.5,0.4,98.8,0.0,0.0,261.2,0.0,22.1,35.2,35.2,36.6,300.0,300.0,30.200000000000003,34.300000000000004,34.1,33.7,35.300000000000004,4.96,1.99,4.96,0.16,0.0,0.0,1027.0,8228.0,0.0,0.0,0.0,0.0,0.0,1.0,0.0,0.0,0.0,0.0,0.0,-0.5,0.0,0.2,0.0,-0.0001,16.0,25903.0
2026-07-30T18:58:32.806Z,82.289,82.302,0.0,7.4,0.0,0.0,0.0,0.0,0.0,0.0,0.0,0.0,1.0,0.0,0.0,0.0,9.0,4.0,0.0,0.0,0.0,0.0,0.0,0.0,0.0,0.0,5.0,12.0,1.0,12.17,5.0200000000000005,2.51,1.49,0.0,0.0,0.0,119.0,0.0,-0.2,0.0,0.5,98.8,0.0,0.0,261.2,0.0,22.1,35.2,35.2,36.6,300.0,300.0,30.200000000000003,34.300000000000004,34.1,33.7,35.300000000000004,4.96,2.0,4.97,0.16,0.0,0.0,1027.0,8228.0,0.0,0.0,0.0,0.0,0.0,1.0,0.0,0.0,0.0,0.0,0.0,-0.4,0.0,-0.4,0.0,-0.0001,16.0,25903.0
2026-07-30T18:58:32.820Z,82.303,82.31400000000001,0.0,7.4,0.0,0.0,0.0,0.0,0.0,0.0,0.0,0.0,1.0,0.0,0.0,0.0,9.0,4.0,0.0,0.0,0.0,0.0,0.0,0.0,0.0,0.0,1.0,12.0,1.0,12.17,5.0200000000000005,2.51,1.49,0.0,0.0,0.0,118.2,0.0,0.3,0.0,0.5,98.8,0.0,0.0,261.2,0.0,21.3,35.2,35.2,36.6,300.0,300.0,30.3,34.300000000000004,34.0,33.7,35.300000000000004,4.95,1.99,4.97,0.16,0.0,0.0,1027.0,8228.0,0.0,0.0,0.0,0.0,0.0,1.0,0.0,0.0,0.0,0.0,0.0,-0.4,0.0,-0.3,0.0,-0.0001,16.0,25903.0
2026-07-30T18:58:32.830Z,82.313,82.32600000000001,0.0,7.4,0.0,0.0,0.0,0.0,0.0,0.0,0.0,0.0,1.0,0.0,0.0,0.0,9.0,4.0,0.0,0.0,0.0,0.0,0.0,0.0,0.0,0.0,2.0,12.0,1.0,12.17,5.0200000000000005,2.51,1.49,0.0,0.0,0.0,117.5,0.0,0.3,1.2000000000000002,1.0,98.8,0.0,0.0,261.2,0.0,21.3,35.2,35.2,36.6,300.0,300.0,30.3,34.300000000000004,34.0,33.7,35.300000000000004,4.95,1.99,4.96,0.16,0.0,0.0,1027.0,8228.0,0.0,0.0,0.0,0.0,0.0,1.0,0.0,0.0,0.0,0.0,0.0,-0.7000000000000001,0.0,-2.1,0.0,-0.0001,16.0,25903.0
2026-07-30T18:58:32.842Z,82.325,82.33800000000001,0.0,7.4,0.0,0.0,0.0,0.0,0.0,0.0,0.0,0.0,1.0,0.0,0.0,0.0,9.0,4.0,0.0,0.0,0.0,0.0,0.0,0.0,0.0,0.0,3.0,12.0,1.0,12.17,5.0200000000000005,2.51,1.49,0.0,0.0,0.0,116.7,0.0,-0.2,-0.5,-0.1,98.8,0.0,0.0,261.2,0.0,21.3,35.2,35.2,36.6,300.0,300.0,30.3,34.300000000000004,34.0,33.7,35.300000000000004,4.96,2.0,4.96,0.16,0.0,0.0,1027.0,8228.0,0.0,0.0,0.0,0.0,0.0,1.0,0.0,0.0,0.0,0.0,0.0,0.0,0.0,0.7000000000000001,0.0,-0.0001,16.0,25903.0
2026-07-30T18:58:32.854Z,82.337,82.35000000000001,0.0,7.4,0.0,0.0,0.0,0.0,0.0,0.0,0.0,0.0,1.0,0.0,0.0,0.0,9.0,4.0,0.0,0.0,0.0,0.0,0.0,0.0,0.0,0.0,4.0,12.0,1.0,12.17,5.0200000000000005,2.51,1.49,0.0,0.1,0.0,116.0,0.0,-0.2,-0.5,-0.7000000000000001,98.8,0.0,0.0,261.2,0.0,21.3,35.2,35.2,36.6,300.0,300.0,30.3,34.300000000000004,34.0,33.7,35.300000000000004,4.96,1.99,4.97,0.16,0.0,0.0,1027.0,8228.0,0.0,0.0,0.0,0.0,0.0,1.0,0.0,0.0,0.0,0.0,0.0,0.5,0.0,1.2000000000000002,0.0,-0.0001,16.0,25903.0
2026-07-30T18:58:32.866Z,82.349,82.362,0.0,7.4,0.0,0.0,0.0,0.0,0.0,0.0,0.0,0.0,1.0,0.0,0.0,0.0,9.0,4.0,0.0,0.0,0.0,0.0,0.0,0.0,0.0,0.0,5.0,12.0,1.0,12.17,5.0200000000000005,2.51,1.49,0.0,0.0,0.0,115.3,0.0,0.3,-0.5,-0.7000000000000001,98.8,0.0,0.0,261.2,0.0,21.3,35.2,35.2,36.6,300.0,300.0,30.3,34.300000000000004,34.0,33.7,35.300000000000004,4.95,1.99,4.97,0.16,0.0,0.0,1027.0,8228.0,0.0,0.0,0.0,0.0,0.0,1.0,0.0,0.0,0.0,0.0,0.0,0.5,0.0,1.2000000000000002,0.0,-0.0001,16.0,25903.0
2026-07-30T18:58:32.878Z,82.361,82.374,0.0,7.4,0.0,0.0,0.0,0.0,0.0,0.0,0.0,0.0,1.0,0.0,0.0,0.0,9.0,4.0,0.0,0.0,0.0,0.0,0.0,0.0,0.0,0.0,6.0,12.0,1.0,12.17,5.0200000000000005,2.51,1.49,0.0,0.0,0.0,114.6,0.0,-0.2,-0.5,0.3,98.8,0.0,0.0,261.2,0.0,21.3,35.2,35.2,36.6,300.0,300.0,30.3,34.300000000000004,34.0,33.7,35.300000000000004,4.96,1.99,4.96,0.16,0.0,0.0,1027.0,8228.0,0.0,0.0,0.0,0.0,0.0,1.0,0.0,0.0,0.0,0.0,0.0,-0.4,0.0,0.3,0.0,-0.0001,16.0,25903.0
2026-07-30T18:58:32.891Z,82.374,82.386,0.0,7.4,0.0,0.0,0.0,0.0,0.0,0.0,0.0,0.0,1.0,0.0,0.0,0.0,9.0,4.0,0.0,0.0,0.0,0.0,0.0,0.0,0.0,0.0,1.0,12.0,1.0,12.17,5.0200000000000005,2.51,1.49,0.0,0.0,0.0,113.8,0.0,0.3,0.0,1.0,98.8,0.0,0.0,261.2,0.0,21.3,35.2,35.2,36.6,300.0,300.0,30.3,34.300000000000004,34.0,33.7,35.300000000000004,4.95,1.99,4.96,0.16,0.0,0.0,1027.0,8228.0,0.0,0.0,0.0,0.0,0.0,1.0,0.0,0.0,0.0,0.0,0.0,-0.8,0.0,-0.8,0.0,-0.0001,16.0,25903.0
2026-07-30T18:58:32.903Z,82.386,82.398,0.0,7.4,0.0,0.0,0.0,0.0,0.0,0.0,0.0,0.0,1.0,0.0,0.0,0.0,9.0,4.0,0.0,0.0,0.0,0.0,0.0,0.0,0.0,0.0,2.0,12.0,1.0,12.17,5.0200000000000005,2.51,1.49,0.0,0.0,0.0,113.1,0.0,-0.2,0.0,0.3,98.8,0.0,0.0,261.2,0.0,21.3,35.2,35.2,36.6,300.0,300.0,30.3,34.300000000000004,34.0,33.7,35.300000000000004,4.95,1.99,4.97,0.16,0.0,0.0,1027.0,8228.0,0.0,0.0,0.0,0.0,0.0,1.0,0.0,0.0,0.0,0.0,0.0,0.2,0.0,0.0,0.0,-0.0001,16.0,25903.0
2026-07-30T18:58:32.914Z,82.397,82.41,0.0,7.4,0.0,0.0,0.0,0.0,0.0,0.0,0.0,0.0,1.0,0.0,0.0,0.0,9.0,4.0,0.0,0.0,0.0,0.0,0.0,0.0,0.0,0.0,3.0,12.0,1.0,12.17,5.0200000000000005,2.51,1.49,0.0,0.0,0.0,112.4,0.0,0.8,0.0,-0.2,98.8,0.0,0.0,261.2,0.0,21.3,35.2,35.2,36.6,300.0,300.0,30.3,34.300000000000004,34.0,33.7,35.300000000000004,4.95,2.0,4.97,0.16,0.0,0.0,1027.0,8228.0,0.0,0.0,0.0,0.0,0.0,1.0,0.0,0.0,0.0,0.0,0.0,-1.8,0.0,-1.5,0.0,-0.0001,16.0,25903.0
2026-07-30T18:58:32.926Z,82.409,82.422,0.0,7.4,0.0,0.0,0.0,0.0,0.0,0.0,0.0,0.0,1.0,0.0,0.0,0.0,9.0,4.0,0.0,0.0,0.0,0.0,0.0,0.0,0.0,0.0,5.0,12.0,1.0,12.18,5.01,2.51,1.49,0.0,0.0,0.0,111.7,0.0,0.2,-0.4,-0.1,98.8,0.0,0.0,261.2,0.0,21.9,35.2,35.2,36.6,300.0,300.0,30.200000000000003,34.2,34.0,33.6,35.2,4.96,2.0,4.96,0.16,0.0,0.0,1027.0,8228.0,0.0,0.0,0.0,0.0,0.0,1.0,0.0,0.0,0.0,0.0,0.0,0.5,0.0,1.0,0.0,-0.0001,16.0,25903.0
2026-07-30T18:58:32.938Z,82.421,82.434,0.0,7.4,0.0,0.0,0.0,0.0,0.0,0.0,0.0,0.0,1.0,0.0,0.0,0.0,9.0,4.0,0.0,0.0,0.0,0.0,0.0,0.0,0.0,0.0,6.0,12.0,1.0,12.18,5.01,2.51,1.49,0.0,0.0,0.0,111.0,0.0,-0.8,-2.2,0.4,98.8,0.0,0.0,261.2,0.0,21.9,35.2,35.2,36.6,300.0,300.0,30.200000000000003,34.2,34.0,33.6,35.2,4.95,1.99,4.97,0.16,0.0,0.0,1027.0,8228.0,0.0,0.0,0.0,0.0,0.0,1.0,0.0,0.0,0.0,0.0,0.0,-0.2,0.0,2.6,0.0,-0.0001,16.0,25903.0
2026-07-30T18:58:32.952Z,82.435,82.446,0.0,7.4,0.0,0.0,0.0,0.0,0.0,0.0,0.0,0.0,1.0,0.0,0.0,0.0,9.0,4.0,0.0,0.0,0.0,0.0,0.0,0.0,0.0,0.0,1.0,12.0,1.0,12.18,5.01,2.51,1.49,0.0,0.0,0.0,110.3,0.0,-0.3,0.6000000000000001,0.4,98.8,0.0,0.0,261.2,0.0,21.9,35.2,35.2,36.6,300.0,300.0,30.200000000000003,34.2,34.0,33.6,35.2,4.95,1.99,4.96,0.16,0.0,0.0,1027.0,8228.0,0.0,0.0,0.0,0.0,0.0,1.0,0.0,0.0,0.0,0.0,0.0,-0.2,0.0,-1.0,0.0,-0.0001,16.0,25903.0
2026-07-30T18:58:32.963Z,82.446,82.458,0.0,7.4,0.0,0.0,0.0,0.0,0.0,0.0,0.0,0.0,1.0,0.0,0.0,0.0,9.0,4.0,0.0,0.0,0.0,0.0,0.0,0.0,0.0,0.0,6.0,12.0,1.0,12.18,5.01,2.51,1.49,0.0,0.0,0.0,109.5,0.0,0.2,0.0,-0.7000000000000001,98.8,0.0,0.0,261.2,0.0,21.9,35.2,35.2,36.6,300.0,300.0,30.200000000000003,34.2,34.0,33.6,35.2,4.96,1.98,4.96,0.16,0.0,0.0,1027.0,8228.0,0.0,0.0,0.0,0.0,0.0,1.0,0.0,0.0,0.0,0.0,0.0,0.7000000000000001,0.0,0.5,0.0,-0.0001,16.0,25903.0
2026-07-30T18:58:32.974Z,82.457,82.47,0.0,7.4,0.0,0.0,0.0,0.0,0.0,0.0,0.0,0.0,1.0,0.0,0.0,0.0,9.0,4.0,0.0,0.0,0.0,0.0,0.0,0.0,0.0,0.0,6.0,12.0,1.0,12.18,5.01,2.51,1.49,0.0,0.1,0.0,108.8,0.0,-0.9,0.0,0.3,98.8,0.0,0.0,261.2,0.0,21.9,35.2,35.2,36.6,300.0,300.0,30.200000000000003,34.2,34.0,33.6,35.2,4.95,1.98,4.96,0.16,0.0,0.0,1027.0,8228.0,0.0,0.0,0.0,0.0,0.0,1.0,0.0,0.0,0.0,0.0,0.0,-0.3,0.0,-0.3,0.0,-0.0001,16.0,25903.0
2026-07-30T18:58:32.986Z,82.469,82.482,0.0,7.4,0.0,0.0,0.0,0.0,0.0,0.0,0.0,0.0,1.0,0.0,0.0,0.0,9.0,4.0,0.0,0.0,0.0,0.0,0.0,0.0,0.0,0.0,2.0,12.0,1.0,12.18,5.01,2.51,1.49,0.0,0.0,0.0,108.2,0.0,0.2,0.6000000000000001,1.5,98.8,0.0,0.0,261.2,0.0,21.9,35.2,35.2,36.6,300.0,300.0,30.200000000000003,34.2,34.0,33.6,35.2,4.95,1.99,4.97,0.16,0.0,0.0,1027.0,8228.0,0.0,0.0,0.0,0.0,0.0,1.0,0.0,0.0,0.0,0.0,0.0,-1.3,0.0,-1.8,0.0,-0.0001,16.0,25903.0
2026-07-30T18:58:32.999Z,82.482,82.494,0.0,7.4,0.0,0.0,0.0,0.0,0.0,0.0,0.0,0.0,1.0,0.0,0.0,0.0,9.0,4.0,0.0,0.0,0.0,0.0,0.0,0.0,0.0,0.0,3.0,12.0,1.0,12.18,5.01,2.51,1.49,0.0,0.1,0.0,107.5,0.0,-0.3,0.5,-1.9,98.8,0.0,0.0,261.2,0.0,21.9,35.2,35.2,36.6,300.0,300.0,30.200000000000003,34.2,34.0,33.6,35.2,4.95,1.99,4.96,0.16,0.0,0.0,1027.0,8228.0,0.0,0.0,0.0,0.0,0.0,1.0,0.0,0.0,0.0,0.0,0.0,1.8,0.0,0.7000000000000001,0.0,-0.0001,16.0,25903.0
2026-07-30T18:58:33.010Z,82.493,82.506,0.0,7.4,0.0,0.0,0.0,0.0,0.0,0.0,0.0,0.0,1.0,0.0,0.0,0.0,9.0,4.0,0.0,0.0,0.0,0.0,0.0,0.0,0.0,0.0,4.0,12.0,1.0,12.18,5.01,2.51,1.49,0.0,0.0,0.0,106.8,0.0,0.8,1.7000000000000002,-0.1,98.8,0.0,0.0,261.2,0.0,21.9,35.2,35.2,36.6,300.0,300.0,30.200000000000003,34.2,34.0,33.6,35.2,4.96,1.99,4.96,0.16,0.0,0.0,1027.0,8228.0,0.0,0.0,0.0,0.0,0.0,1.0,0.0,0.0,0.0,0.0,0.0,0.4,0.0,-1.9,0.0,-0.0001,16.0,25903.0
2026-07-30T18:58:33.023Z,82.506,82.518,0.0,7.4,0.0,0.0,0.0,0.0,0.0,0.0,0.0,0.0,1.0,0.0,0.0,0.0,9.0,4.0,0.0,0.0,0.0,0.0,0.0,0.0,0.0,0.0,6.0,12.0,1.0,12.15,5.0200000000000005,2.5,1.49,0.0,0.0,0.0,106.1,0.0,0.2,0.0,-0.6000000000000001,98.8,0.0,0.0,261.2,0.0,21.700000000000003,35.2,35.2,36.5,300.0,300.0,30.3,34.300000000000004,34.0,33.6,35.2,4.95,1.99,4.97,0.16,0.0,0.0,1027.0,8228.0,0.0,0.0,0.0,0.0,0.0,1.0,0.0,0.0,0.0,0.0,0.0,0.5,0.0,0.3,0.0,-0.0001,16.0,25903.0
2026-07-30T18:58:33.034Z,82.517,82.53,0.0,7.4,0.0,0.0,0.0,0.0,0.0,0.0,0.0,0.0,1.0,0.0,0.0,0.0,9.0,4.0,0.0,0.0,0.0,0.0,0.0,0.0,0.0,0.0,1.0,12.0,1.0,12.15,5.0200000000000005,2.5,1.49,0.0,0.0,0.0,105.5,0.0,-0.3,-0.5,0.0,98.8,0.0,0.0,261.2,0.0,21.700000000000003,35.2,35.2,36.5,300.0,300.0,30.3,34.300000000000004,34.0,33.6,35.2,4.95,1.99,4.96,0.16,0.0,0.0,1027.0,8228.0,0.0,0.0,0.0,0.0,0.0,1.0,0.0,0.0,0.0,0.0,0.0,0.0,0.0,0.6000000000000001,0.0,-0.0001,16.0,25903.0
2026-07-30T18:58:33.046Z,82.529,82.542,0.0,7.4,0.0,0.0,0.0,0.0,0.0,0.0,0.0,0.0,1.0,0.0,0.0,0.0,9.0,4.0,0.0,0.0,0.0,0.0,0.0,0.0,0.0,0.0,3.0,12.0,1.0,12.15,5.0200000000000005,2.5,1.49,0.0,0.0,0.0,104.8,0.0,0.2,0.0,-0.6000000000000001,98.8,0.0,0.0,261.2,0.0,21.700000000000003,35.2,35.2,36.5,300.0,300.0,30.3,34.300000000000004,34.0,33.6,35.2,4.95,2.0,4.96,0.16,0.0,0.0,1027.0,8228.0,0.0,0.0,0.0,0.0,0.0,1.0,0.0,0.0,0.0,0.0,0.0,0.6000000000000001,0.0,0.3,0.0,-0.0001,16.0,25903.0
2026-07-30T18:58:33.058Z,82.541,82.554,0.0,7.4,0.0,0.0,0.0,0.0,0.0,0.0,0.0,0.0,1.0,0.0,0.0,0.0,9.0,4.0,0.0,0.0,0.0,0.0,0.0,0.0,0.0,0.0,4.0,12.0,1.0,12.15,5.0200000000000005,2.5,1.49,0.0,0.1,0.0,104.1,0.0,0.3,0.1,0.0,98.8,0.0,0.0,261.2,0.0,21.700000000000003,35.2,35.2,36.5,300.0,300.0,30.3,34.300000000000004,34.0,33.6,35.2,4.95,2.0,4.96,0.16,0.0,0.0,1027.0,8228.0,0.0,0.0,0.0,0.0,0.0,1.0,0.0,0.0,0.0,0.0,0.0,0.0,0.0,0.0,0.0,-0.0001,16.0,25903.0
2026-07-30T18:58:33.070Z,82.553,82.566,0.0,7.4,0.0,0.0,0.0,0.0,0.0,0.0,0.0,0.0,1.0,0.0,0.0,0.0,9.0,4.0,0.0,0.0,0.0,0.0,0.0,0.0,0.0,0.0,6.0,12.0,1.0,12.15,5.0200000000000005,2.5,1.49,0.0,0.0,0.0,103.4,0.0,-0.3,0.1,-0.1,98.8,0.0,0.0,261.2,0.0,21.700000000000003,35.2,35.2,36.5,300.0,300.0,30.3,34.300000000000004,34.0,33.6,35.2,4.95,2.0,4.97,0.16,0.0,0.0,1027.0,8228.0,0.0,0.0,0.0,0.0,0.0,1.0,0.0,0.0,0.0,0.0,0.0,0.1,0.0,0.0,0.0,-0.0001,16.0,25903.0
2026-07-30T18:58:33.082Z,82.565,82.578,0.0,7.4,0.0,0.0,0.0,0.0,0.0,0.0,0.0,0.0,1.0,0.0,0.0,0.0,9.0,4.0,0.0,0.0,0.0,0.0,0.0,0.0,0.0,0.0,1.0,12.0,1.0,12.15,5.0200000000000005,2.5,1.49,-0.1,0.1,0.0,102.8,0.0,-0.3,-1.6,-0.6000000000000001,98.8,0.0,0.0,261.2,0.0,21.700000000000003,35.2,35.2,36.5,300.0,300.0,30.3,34.300000000000004,34.0,33.6,35.2,4.96,1.99,4.96,0.16,0.0,0.0,1027.0,8228.0,0.0,0.0,0.0,0.0,0.0,1.0,0.0,0.0,0.0,0.0,0.0,0.3,0.0,2.3000000000000003,0.0,-0.0001,16.0,25903.0
2026-07-30T18:58:33.094Z,82.577,82.59,0.0,7.4,0.0,0.0,0.0,0.0,0.0,0.0,0.0,0.0,1.0,0.0,0.0,0.0,9.0,4.0,0.0,0.0,0.0,0.0,0.0,0.0,0.0,0.0,3.0,12.0,1.0,12.15,5.0200000000000005,2.5,1.49,0.0,0.0,0.0,102.2,0.0,0.2,1.2000000000000002,0.5,98.8,0.0,0.0,261.2,0.0,21.700000000000003,35.2,35.2,36.5,300.0,300.0,30.3,34.300000000000004,34.0,33.6,35.2,4.96,1.99,4.97,0.17,0.0,0.0,1027.0,8228.0,0.0,0.0,0.0,0.0,0.0,1.0,0.0,0.0,0.0,0.0,0.0,-0.2,0.0,-1.7000000000000002,0.0,-0.0001,16.0,25903.0
2026-07-30T18:58:33.106Z,82.589,82.602,0.0,7.4,0.0,0.0,0.0,0.0,0.0,0.0,0.0,0.0,1.0,0.0,0.0,0.0,9.0,4.0,0.0,0.0,0.0,0.0,0.0,0.0,0.0,0.0,5.0,12.0,1.0,12.15,5.0200000000000005,2.5,1.49,0.0,0.0,0.0,101.5,0.0,-0.8,0.6000000000000001,0.0,98.8,0.0,0.0,261.2,0.0,21.700000000000003,35.2,35.2,36.5,300.0,300.0,30.3,34.300000000000004,34.0,33.6,35.2,4.95,1.99,4.97,0.16,0.0,0.0,1027.0,8228.0,0.0,0.0,0.0,0.0,0.0,1.0,0.0,0.0,0.0,0.0,0.0,0.1,0.0,-0.6000000000000001,0.0,-0.0001,16.0,25903.0
2026-07-30T18:58:33.118Z,82.601,82.614,0.0,7.4,0.0,0.0,0.0,0.0,0.0,0.0,0.0,0.0,1.0,0.0,0.0,0.0,9.0,4.0,0.0,0.0,0.0,0.0,0.0,0.0,0.0,0.0,6.0,12.0,1.0,12.15,5.0200000000000005,2.5,1.49,0.0,0.0,0.0,100.8,0.0,-0.2,-1.1,-1.7000000000000002,98.8,0.0,0.0,261.2,0.0,21.700000000000003,35.2,35.2,36.5,300.0,300.0,30.3,34.300000000000004,34.0,33.6,35.2,4.96,1.99,4.97,0.16,0.0,0.0,1027.0,8228.0,0.0,0.0,0.0,0.0,0.0,1.0,0.0,0.0,0.0,0.0,0.0,1.4,0.0,2.5,0.0,-0.0001,16.0,25903.0
2026-07-30T18:58:33.130Z,82.613,82.626,0.0,7.4,0.0,0.0,0.0,0.0,0.0,0.0,0.0,0.0,1.0,0.0,0.0,0.0,9.0,4.0,0.0,0.0,0.0,0.0,0.0,0.0,0.0,0.0,1.0,12.0,1.0,12.17,5.0200000000000005,2.51,1.49,0.0,0.0,0.0,100.2,0.0,-0.2,0.0,0.0,98.8,0.0,0.0,261.2,0.0,21.700000000000003,35.2,35.1,36.5,300.0,300.0,30.200000000000003,34.2,34.0,33.5,35.2,4.95,1.99,4.97,0.16,0.0,0.0,1027.0,8228.0,0.0,0.0,0.0,0.0,0.0,1.0,0.0,0.0,0.0,0.0,0.0,0.0,0.0,0.0,0.0,-0.0001,16.0,25903.0
2026-07-30T18:58:33.142Z,82.625,82.638,0.0,7.4,0.0,0.0,0.0,0.0,0.0,0.0,0.0,0.0,1.0,0.0,0.0,0.0,9.0,4.0,0.0,0.0,0.0,0.0,0.0,0.0,0.0,0.0,2.0,12.0,1.0,12.17,5.0200000000000005,2.51,1.49,0.0,0.0,0.0,99.6,0.0,0.3,0.0,-0.6000000000000001,98.8,0.0,0.0,261.2,0.0,21.700000000000003,35.2,35.1,36.5,300.0,300.0,30.200000000000003,34.2,34.0,33.5,35.2,4.95,1.98,4.97,0.16,0.0,0.0,1027.0,8228.0,0.0,0.0,0.0,0.0,0.0,1.0,0.0,0.0,0.0,0.0,0.0,0.5,0.0,0.3,0.0,-0.0001,16.0,25903.0
2026-07-30T18:58:33.154Z,82.637,82.65,0.0,7.4,0.0,0.0,0.0,0.0,0.0,0.0,0.0,0.0,1.0,0.0,0.0,0.0,9.0,4.0,0.0,0.0,0.0,0.0,0.0,0.0,0.0,0.0,3.0,12.0,1.0,12.17,5.0200000000000005,2.51,1.49,0.0,0.0,0.0,99.0,0.0,1.4,0.6000000000000001,1.0,98.8,0.0,0.0,261.2,0.0,21.700000000000003,35.2,35.1,36.5,300.0,300.0,30.200000000000003,34.2,34.0,33.5,35.2,4.95,2.0,4.97,0.16,0.0,0.0,1027.0,8228.0,0.0,0.0,0.0,0.0,0.0,1.0,0.0,0.0,0.0,0.0,0.0,-0.8,0.0,-1.4,0.0,-0.0001,16.0,25903.0
2026-07-30T18:58:33.166Z,82.649,82.662,0.0,7.4,0.0,0.0,0.0,0.0,0.0,0.0,0.0,0.0,1.0,0.0,0.0,0.0,9.0,4.0,0.0,0.0,0.0,0.0,0.0,0.0,0.0,0.0,4.0,12.0,1.0,12.17,5.0200000000000005,2.51,1.49,0.0,0.0,0.0,98.3,0.0,0.2,0.6000000000000001,-2.4000000000000004,98.8,0.0,0.0,261.2,0.0,21.700000000000003,35.2,35.1,36.5,300.0,300.0,30.200000000000003,34.2,34.0,33.5,35.2,4.96,2.0,4.96,0.16,0.0,0.0,1027.0,8228.0,0.0,0.0,0.0,0.0,0.0,1.0,0.0,0.0,0.0,0.0,0.0,2.2,0.0,1.0,0.0,-0.0001,16.0,25903.0
2026-07-30T18:58:33.179Z,82.662,82.674,0.0,7.4,0.0,0.0,0.0,0.0,0.0,0.0,0.0,0.0,1.0,0.0,0.0,0.0,9.0,4.0,0.0,0.0,0.0,0.0,0.0,0.0,0.0,0.0,5.0,12.0,1.0,12.17,5.0200000000000005,2.51,1.49,0.0,0.0,0.0,97.7,0.0,-0.3,-1.0,0.0,98.8,0.0,0.0,261.2,0.0,21.700000000000003,35.2,35.1,36.5,300.0,300.0,30.200000000000003,34.2,34.0,33.5,35.2,4.95,1.99,4.97,0.16,0.0,0.0,1027.0,8228.0,0.0,0.0,0.0,0.0,0.0,1.0,0.0,0.0,0.0,0.0,0.0,-0.1,0.0,1.3,0.0,-0.0001,16.0,25903.0
2026-07-30T18:58:33.191Z,82.674,82.686,0.0,7.4,0.0,0.0,0.0,0.0,0.0,0.0,0.0,0.0,1.0,0.0,0.0,0.0,9.0,4.0,0.0,0.0,0.0,0.0,0.0,0.0,0.0,0.0,6.0,12.0,1.0,12.17,5.0200000000000005,2.51,1.49,0.0,0.0,0.0,97.0,0.0,-0.3,0.0,0.0,98.8,0.0,0.0,261.2,0.0,21.700000000000003,35.2,35.1,36.5,300.0,300.0,30.200000000000003,34.2,34.0,33.5,35.2,4.95,1.99,4.96,0.16,0.0,0.0,1027.0,8228.0,0.0,0.0,0.0,0.0,0.0,1.0,0.0,0.0,0.0,0.0,0.0,0.0,0.0,0.0,0.0,-0.0001,16.0,25903.0
2026-07-30T18:58:33.203Z,82.686,82.69800000000001,0.0,7.4,0.0,0.0,0.0,0.0,0.0,0.0,0.0,0.0,1.0,0.0,0.0,0.0,9.0,4.0,0.0,0.0,0.0,0.0,0.0,0.0,0.0,0.0,1.0,12.0,1.0,12.17,5.0200000000000005,2.51,1.49,0.0,0.0,0.0,96.4,0.0,0.2,0.6000000000000001,0.5,98.8,0.0,0.0,261.2,0.0,21.700000000000003,35.2,35.1,36.5,300.0,300.0,30.200000000000003,34.2,34.0,33.5,35.2,4.96,2.0,4.96,0.16,0.0,0.0,1027.0,8228.0,0.0,0.0,0.0,0.0,0.0,1.0,0.0,0.0,0.0,0.0,0.0,-0.3,0.0,-1.1,0.0,-0.0001,16.0,25903.0
2026-07-30T18:58:33.215Z,82.698,82.71000000000001,0.0,7.4,0.0,0.0,0.0,0.0,0.0,0.0,0.0,0.0,1.0,0.0,0.0,0.0,9.0,4.0,0.0,0.0,0.0,0.0,0.0,0.0,0.0,0.0,2.0,12.0,1.0,12.17,5.0200000000000005,2.51,1.49,0.0,0.0,0.0,95.8,0.0,0.2,1.2000000000000002,0.5,98.8,0.0,0.0,261.2,0.0,21.700000000000003,35.2,35.1,36.5,300.0,300.0,30.200000000000003,34.2,34.0,33.5,35.2,4.95,2.0,4.97,0.16,0.0,0.0,1027.0,8228.0,0.0,0.0,0.0,0.0,0.0,1.0,0.0,0.0,0.0,0.0,0.0,-0.2,0.0,-1.8,0.0,-0.0001,16.0,25903.0
2026-07-30T18:58:33.228Z,82.711,82.72200000000001,0.0,7.4,0.0,0.0,0.0,0.0,0.0,0.0,0.0,0.0,1.0,0.0,0.0,0.0,9.0,4.0,0.0,0.0,0.0,0.0,0.0,0.0,0.0,0.0,3.0,12.0,1.0,12.18,5.0200000000000005,2.51,1.5,0.0,0.0,0.0,95.2,0.0,-0.3,-0.4,-0.6000000000000001,98.8,0.0,0.0,261.2,0.0,21.0,35.1,35.1,36.5,300.0,300.0,30.3,34.300000000000004,34.0,33.5,35.1,4.95,1.99,4.97,0.16,0.0,0.0,1027.0,8228.0,0.0,0.0,0.0,0.0,0.0,1.0,0.0,0.0,0.0,0.0,0.0,0.4,0.0,0.9,0.0,-0.0001,16.0,25903.0
2026-07-30T18:58:33.238Z,82.721,82.734,0.0,7.4,0.0,0.0,0.0,0.0,0.0,0.0,0.0,0.0,1.0,0.0,0.0,0.0,9.0,4.0,0.0,0.0,0.0,0.0,0.0,0.0,0.0,0.0,5.0,12.0,1.0,12.18,5.0200000000000005,2.51,1.5,0.0,0.0,0.0,94.6,0.0,-0.3,1.2000000000000002,0.5,98.8,0.0,0.0,261.2,0.0,21.0,35.1,35.1,36.5,300.0,300.0,30.3,34.300000000000004,34.0,33.5,35.1,4.95,1.99,4.96,0.16,0.0,0.0,1027.0,8228.0,0.0,0.0,0.0,0.0,0.0,1.0,0.0,0.0,0.0,0.0,0.0,-0.2,0.0,-1.8,0.0,-0.0001,16.0,25903.0
2026-07-30T18:58:33.250Z,82.733,82.746,0.0,7.4,0.0,0.0,0.0,0.0,0.0,0.0,0.0,0.0,1.0,0.0,0.0,0.0,9.0,4.0,0.0,0.0,0.0,0.0,0.0,0.0,0.0,0.0,6.0,12.0,1.0,12.18,5.0200000000000005,2.51,1.5,0.0,0.0,0.0,94.0,0.0,0.2,0.1,0.0,98.8,0.0,0.0,261.2,0.0,21.0,35.1,35.1,36.5,300.0,300.0,30.3,34.300000000000004,34.0,33.5,35.1,4.96,1.99,4.96,0.16,0.0,0.0,1027.0,8228.0,0.0,0.0,0.0,0.0,0.0,1.0,0.0,0.0,0.0,0.0,0.0,0.0,0.0,0.0,0.0,-0.0001,16.0,25903.0
2026-07-30T18:58:33.264Z,82.747,82.758,0.0,7.4,0.0,0.0,0.0,0.0,0.0,0.0,0.0,0.0,1.0,0.0,0.0,0.0,9.0,4.0,0.0,0.0,0.0,0.0,0.0,0.0,0.0,0.0,1.0,12.0,1.0,12.18,5.0200000000000005,2.51,1.5,0.0,0.0,0.0,93.3,0.0,0.3,-0.4,0.5,98.8,0.0,0.0,261.2,0.0,21.0,35.1,35.1,36.5,300.0,300.0,30.3,34.300000000000004,34.0,33.5,35.1,4.95,1.99,4.97,0.16,0.0,0.0,1027.0,8228.0,0.0,0.0,0.0,0.0,0.0,1.0,0.0,0.0,0.0,0.0,0.0,-0.5,0.0,0.1,0.0,-0.0001,16.0,25903.0
2026-07-30T18:58:33.276Z,82.759,82.77,0.0,7.4,0.0,0.0,0.0,0.0,0.0,0.0,0.0,0.0,1.0,0.0,0.0,0.0,9.0,4.0,0.0,0.0,0.0,0.0,0.0,0.0,0.0,0.0,6.0,12.0,1.0,12.18,5.0200000000000005,2.51,1.5,0.0,0.0,0.0,92.7,0.0,-0.8,-1.0,-0.6000000000000001,98.8,0.0,0.0,261.2,0.0,21.0,35.1,35.1,36.5,300.0,300.0,30.3,34.300000000000004,34.0,33.5,35.1,4.96,1.99,4.97,0.16,0.0,0.0,1027.0,8228.0,0.0,0.0,0.0,0.0,0.0,1.0,0.0,0.0,0.0,0.0,0.0,0.4,0.0,1.7000000000000002,0.0,-0.0001,16.0,25903.0
2026-07-30T18:58:33.286Z,82.769,82.782,-0.1,7.4,0.0,0.0,0.0,0.0,0.0,0.0,0.0,0.0,1.0,0.0,0.0,0.0,9.0,4.0,0.0,0.0,0.0,0.0,0.0,0.0,0.0,0.0,5.0,12.0,1.0,12.18,5.0200000000000005,2.51,1.5,0.0,0.0,0.0,92.2,0.0,-0.2,1.2000000000000002,0.4,98.8,0.0,0.0,261.2,0.0,21.0,35.1,35.1,36.5,300.0,300.0,30.3,34.300000000000004,34.0,33.5,35.1,4.96,2.0,4.96,0.16,0.0,0.0,1027.0,8228.0,0.0,0.0,0.0,0.0,0.0,1.0,0.0,0.0,0.0,0.0,0.0,-0.2,0.0,-1.7000000000000002,0.0,-0.0001,16.0,25903.0
2026-07-30T18:58:33.299Z,82.782,82.794,-0.1,7.4,0.0,0.0,0.0,0.0,0.0,0.0,0.0,0.0,1.0,0.0,0.0,0.0,9.0,4.0,0.0,0.0,0.0,0.0,0.0,0.0,0.0,0.0,6.0,12.0,1.0,12.18,5.0200000000000005,2.51,1.5,0.0,0.0,0.0,91.6,0.0,-0.8,-0.4,0.0,98.8,0.0,0.0,261.2,0.0,21.0,35.1,35.1,36.5,300.0,300.0,30.3,34.300000000000004,34.0,33.5,35.1,4.96,1.99,4.96,0.16,0.0,0.0,1027.0,8228.0,0.0,0.0,0.0,0.0,0.0,1.0,0.0,0.0,0.0,0.0,0.0,0.0,0.0,0.6000000000000001,0.0,-0.0001,16.0,25903.0
2026-07-30T18:58:33.310Z,82.793,82.806,0.0,7.4,0.0,0.0,0.0,0.0,0.0,0.0,0.0,0.0,1.0,0.0,0.0,0.0,9.0,4.0,0.0,0.0,0.0,0.0,0.0,0.0,0.0,0.0,1.0,12.0,1.0,12.18,5.0200000000000005,2.51,1.5,0.0,0.0,0.0,90.9,0.0,0.3,-0.4,0.0,98.8,0.0,0.0,261.2,0.0,21.0,35.1,35.1,36.5,300.0,300.0,30.3,34.300000000000004,34.0,33.5,35.1,4.96,1.99,4.97,0.16,0.0,0.0,1027.0,8228.0,0.0,0.0,0.0,0.0,0.0,1.0,0.0,0.0,0.0,0.0,0.0,0.0,0.0,0.5,0.0,-0.0001,16.0,25903.0
2026-07-30T18:58:33.322Z,82.805,82.818,0.0,7.4,0.0,0.0,0.0,0.0,0.0,0.0,0.0,0.0,1.0,0.0,0.0,0.0,9.0,4.0,0.0,0.0,0.0,0.0,0.0,0.0,0.0,0.0,1.0,12.0,1.0,12.18,5.0200000000000005,2.51,1.5,0.0,0.0,0.0,90.4,0.0,0.3,-1.0,0.0,98.8,0.0,0.0,261.2,0.0,21.0,35.1,35.1,36.5,300.0,300.0,30.3,34.300000000000004,34.0,33.5,35.1,4.96,1.99,4.96,0.16,0.0,0.0,1027.0,8228.0,0.0,0.0,0.0,0.0,0.0,1.0,0.0,0.0,0.0,0.0,0.0,-0.1,0.0,1.2000000000000002,0.0,-0.0001,16.0,25903.0
2026-07-30T18:58:33.335Z,82.818,82.83,-0.1,7.4,0.0,0.0,0.0,0.0,0.0,0.0,0.0,0.0,1.0,0.0,0.0,0.0,9.0,4.0,0.0,0.0,0.0,0.0,0.0,0.0,0.0,0.0,2.0,12.0,1.0,12.17,5.01,2.51,1.49,0.0,0.0,0.0,89.80000000000001,0.0,0.3,0.6000000000000001,1.1,98.8,0.0,0.0,261.2,0.0,21.4,35.1,35.1,36.4,300.0,300.0,30.3,34.2,34.0,33.5,35.1,4.96,1.99,4.96,0.16,0.0,0.0,1027.0,8228.0,0.0,0.0,0.0,0.0,0.0,1.0,0.0,0.0,0.0,0.0,0.0,-0.9,0.0,-1.6,0.0,-0.0001,16.0,25903.0
2026-07-30T18:58:33.347Z,82.83,82.842,-0.1,7.4,0.0,0.0,0.0,0.0,0.0,0.0,0.0,0.0,1.0,0.0,0.0,0.0,9.0,4.0,0.0,0.0,0.0,0.0,0.0,0.0,0.0,0.0,3.0,12.0,1.0,12.17,5.01,2.51,1.49,0.0,0.1,0.0,89.2,0.0,0.8,-0.4,-1.8,98.8,0.0,0.0,261.2,0.0,21.4,35.1,35.1,36.4,300.0,300.0,30.3,34.2,34.0,33.5,35.1,4.95,2.0,4.96,0.16,0.0,0.0,1027.0,8228.0,0.0,0.0,0.0,0.0,0.0,1.0,0.0,0.0,0.0,0.0,0.0,1.5,0.0,1.8,0.0,-0.0001,16.0,25903.0
2026-07-30T18:58:33.359Z,82.842,82.854,0.0,7.4,0.0,0.0,0.0,0.0,0.0,0.0,0.0,0.0,1.0,0.0,0.0,0.0,9.0,4.0,0.0,0.0,0.0,0.0,0.0,0.0,0.0,0.0,4.0,12.0,1.0,12.17,5.01,2.51,1.49,0.0,0.1,0.0,88.7,0.0,-0.2,-0.4,-0.6000000000000001,98.8,0.0,0.0,261.2,0.0,21.4,35.1,35.1,36.4,300.0,300.0,30.3,34.2,34.0,33.5,35.1,4.95,2.0,4.96,0.16,0.0,0.0,1027.0,8228.0,0.0,0.0,0.0,0.0,0.0,1.0,0.0,0.0,0.0,0.0,0.0,0.4,0.0,1.0,0.0,-0.0001,16.0,25903.0
2026-07-30T18:58:33.370Z,82.853,82.866,-0.1,7.4,0.0,0.0,0.0,0.0,0.0,0.0,0.0,0.0,1.0,0.0,0.0,0.0,9.0,4.0,0.0,0.0,0.0,0.0,0.0,0.0,0.0,0.0,5.0,12.0,1.0,12.17,5.01,2.51,1.49,0.0,0.0,0.0,88.10000000000001,0.0,0.3,0.0,0.5,98.8,0.0,0.0,261.2,0.0,21.4,35.1,35.1,36.4,300.0,300.0,30.3,34.2,34.0,33.5,35.1,4.96,2.0,4.96,0.16,0.0,0.0,1027.0,8228.0,0.0,0.0,0.0,0.0,0.0,1.0,0.0,0.0,0.0,0.0,0.0,-0.4,0.0,-0.5,0.0,-0.0001,16.0,25903.0
2026-07-30T18:58:33.382Z,82.865,82.878,0.0,7.4,0.0,0.0,0.0,0.0,0.0,0.0,0.0,0.0,1.0,0.0,0.0,0.0,9.0,4.0,0.0,0.0,0.0,0.0,0.0,0.0,0.0,0.0,1.0,12.0,1.0,12.17,5.01,2.51,1.49,0.0,0.0,0.0,87.5,0.0,0.2,0.7000000000000001,0.5,98.8,0.0,0.0,261.2,0.0,21.4,35.1,35.1,36.4,300.0,300.0,30.3,34.2,34.0,33.5,35.1,4.96,1.99,4.97,0.16,0.0,0.0,1027.0,8228.0,0.0,0.0,0.0,0.0,0.0,1.0,0.0,0.0,0.0,0.0,0.0,-0.3,0.0,-1.2000000000000002,0.0,-0.0001,16.0,25903.0
2026-07-30T18:58:33.395Z,82.878,82.89,0.0,7.4,0.0,0.0,0.0,0.0,0.0,0.0,0.0,0.0,1.0,0.0,0.0,0.0,9.0,4.0,0.0,0.0,0.0,0.0,0.0,0.0,0.0,0.0,2.0,12.0,1.0,12.17,5.01,2.51,1.49,0.0,0.1,0.0,86.9,0.0,-1.4,0.7000000000000001,1.1,98.8,0.0,0.0,261.2,0.0,21.4,35.1,35.1,36.4,300.0,300.0,30.3,34.2,34.0,33.5,35.1,4.96,1.99,4.97,0.16,0.0,0.0,1027.0,8228.0,0.0,0.0,0.0,0.0,0.0,1.0,0.0,0.0,0.0,0.0,0.0,-0.9,0.0,-1.6,0.0,-0.0001,16.0,25903.0
2026-07-30T18:58:33.406Z,82.889,82.902,0.0,7.4,0.0,0.0,0.0,0.0,0.0,0.0,0.0,0.0,1.0,0.0,0.0,0.0,9.0,4.0,0.0,0.0,0.0,0.0,0.0,0.0,0.0,0.0,3.0,12.0,1.0,12.17,5.01,2.51,1.49,0.0,0.0,0.0,86.4,0.0,-0.2,-1.6,-0.6000000000000001,98.8,0.0,0.0,261.2,0.0,21.4,35.1,35.1,36.4,300.0,300.0,30.3,34.2,34.0,33.5,35.1,4.96,1.99,4.96,0.16,0.0,0.0,1027.0,8228.0,0.0,0.0,0.0,0.0,0.0,1.0,0.0,0.0,0.0,0.0,0.0,0.3,0.0,2.3000000000000003,0.0,-0.0001,16.0,25903.0
2026-07-30T18:58:33.419Z,82.902,82.914,0.0,7.4,0.0,0.0,0.0,0.0,0.0,0.0,0.0,0.0,1.0,0.0,0.0,0.0,9.0,4.0,0.0,0.0,0.0,0.0,0.0,0.0,0.0,0.0,3.0,12.0,1.0,12.17,5.01,2.51,1.49,0.0,0.0,0.0,85.80000000000001,0.0,0.3,-0.4,2.2,98.8,0.0,0.0,261.2,0.0,21.4,35.1,35.1,36.4,300.0,300.0,30.3,34.2,34.0,33.5,35.1,4.95,1.99,4.97,0.16,0.0,0.0,1027.0,8228.0,0.0,0.0,0.0,0.0,0.0,1.0,0.0,0.0,0.0,0.0,0.0,0.5,0.0,1.0,0.0,-0.0001,16.0,25903.0
2026-07-30T18:58:33.432Z,82.915,82.926,0.0,7.4,0.0,0.0,0.0,0.0,0.0,0.0,0.0,0.0,1.0,0.0,0.0,0.0,9.0,4.0,0.0,0.0,0.0,0.0,0.0,0.0,0.0,0.0,4.0,12.0,1.0,12.18,5.01,2.5,1.49,0.0,0.0,0.0,85.30000000000001,0.0,0.2,0.1,1.0,98.8,0.0,0.0,261.2,0.0,21.4,35.1,35.1,36.4,300.0,300.0,30.1,34.2,33.9,33.5,35.1,4.95,1.99,4.96,0.16,0.0,0.0,1027.0,8228.0,0.0,0.0,0.0,0.0,0.0,1.0,0.0,0.0,0.0,0.0,0.0,0.7000000000000001,0.0,-0.2,0.0,-0.0001,16.0,25903.0
2026-07-30T18:58:33.443Z,82.926,82.938,0.0,7.4,0.0,0.0,0.0,0.0,0.0,0.0,0.0,0.0,1.0,0.0,0.0,0.0,9.0,4.0,0.0,0.0,0.0,0.0,0.0,0.0,0.0,0.0,5.0,12.0,1.0,12.18,5.01,2.5,1.49,0.0,0.0,0.0,84.7,0.0,0.3,-0.4,-0.6000000000000001,98.8,0.0,0.0,261.2,0.0,21.4,35.1,35.1,36.4,300.0,300.0,30.1,34.2,33.9,33.5,35.1,4.96,2.0,4.96,0.16,0.0,0.0,1027.0,8228.0,0.0,0.0,0.0,0.0,0.0,1.0,0.0,0.0,0.0,0.0,0.0,0.3,0.0,-1.3,0.0,-0.0001,16.0,25903.0
2026-07-30T18:58:33.455Z,82.938,82.95,0.0,7.4,0.0,0.0,0.0,0.0,0.0,0.0,0.0,0.0,1.0,0.0,0.0,0.0,9.0,4.0,0.0,0.0,0.0,0.0,0.0,0.0,0.0,0.0,6.0,12.0,1.0,12.18,5.01,2.5,1.49,0.0,0.0,0.0,84.2,0.0,-0.2,0.1,0.4,98.8,0.0,0.0,261.2,0.0,21.4,35.1,35.1,36.4,300.0,300.0,30.1,34.2,33.9,33.5,35.1,4.95,2.0,4.96,0.17,0.0,0.0,1027.0,8228.0,0.0,0.0,0.0,0.0,0.0,1.0,0.0,0.0,0.0,0.0,0.0,0.6000000000000001,0.0,0.3,0.0,-0.0001,16.0,25903.0
2026-07-30T18:58:33.467Z,82.95,82.962,0.0,7.4,0.0,0.0,0.0,0.0,0.0,0.0,0.0,0.0,1.0,0.0,0.0,0.0,9.0,4.0,0.0,0.0,0.0,0.0,0.0,0.0,0.0,0.0,1.0,12.0,1.0,12.18,5.01,2.5,1.49,0.0,0.0,0.0,83.60000000000001,0.0,-0.2,-0.4,0.5,98.8,0.0,0.0,261.2,0.0,21.4,35.1,35.1,36.4,300.0,300.0,30.1,34.2,33.9,33.5,35.1,4.95,1.99,4.97,0.17,0.0,0.0,1027.0,8228.0,0.0,0.0,0.0,0.0,0.0,1.0,0.0,0.0,0.0,0.0,0.0,-0.5,0.0,0.1,0.0,-0.0001,16.0,25903.0
2026-07-30T18:58:33.478Z,82.961,82.974,0.0,7.4,0.0,0.0,0.0,0.0,0.0,0.0,0.0,0.0,1.0,0.0,0.0,0.0,9.0,4.0,0.0,0.0,0.0,0.0,0.0,0.0,0.0,0.0,3.0,12.0,1.0,12.18,5.01,2.5,1.49,0.0,0.0,0.0,83.0,0.0,-0.2,1.3,-0.6000000000000001,98.8,0.0,0.0,261.2,0.0,21.4,35.1,35.1,36.4,300.0,300.0,30.1,34.2,33.9,33.5,35.1,4.95,2.0,4.96,0.16,0.0,0.0,1027.0,8228.0,0.0,0.0,0.0,0.0,0.0,1.0,0.0,0.0,0.0,0.0,0.0,0.8,0.0,-1.0,0.0,-0.0001,16.0,25903.0
2026-07-30T18:58:33.491Z,82.974,82.986,0.0,7.4,0.0,0.0,0.0,0.0,0.0,0.0,0.0,0.0,1.0,0.0,0.0,0.0,9.0,4.0,0.0,0.0,0.0,0.0,0.0,0.0,0.0,0.0,4.0,12.0,1.0,12.18,5.01,2.5,1.49,-0.1,0.0,0.0,82.5,0.0,0.3,1.3,-0.6000000000000001,98.8,0.0,0.0,261.2,0.0,21.4,35.1,35.1,36.4,300.0,300.0,30.1,34.2,33.9,33.5,35.1,4.96,1.99,4.96,0.15,0.0,0.0,1027.0,8228.0,0.0,0.0,0.0,0.0,0.0,1.0,0.0,0.0,0.0,0.0,0.0,0.8,0.0,-1.0,0.0,-0.0001,16.0,25903.0
2026-07-30T18:58:33.502Z,82.985,82.998,0.0,7.4,0.0,0.0,0.0,0.0,0.0,0.0,0.0,0.0,1.0,0.0,0.0,0.0,9.0,4.0,0.0,0.0,0.0,0.0,0.0,0.0,0.0,0.0,5.0,12.0,1.0,12.18,5.01,2.5,1.49,0.0,0.0,0.0,82.0,0.0,0.3,0.2,0.0,98.8,0.0,0.0,261.2,0.0,21.4,35.1,35.1,36.4,300.0,300.0,30.1,34.2,33.9,33.5,35.1,4.95,1.99,4.97,0.16,0.0,0.0,1027.0,8228.0,0.0,0.0,0.0,0.0,0.0,1.0,0.0,0.0,0.0,0.0,0.0,0.0,0.0,-0.2,0.0,-0.0001,16.0,25903.0
2026-07-30T18:58:33.514Z,82.997,83.01,-0.1,7.4,0.0,0.0,0.0,0.0,0.0,0.0,0.0,0.0,1.0,0.0,0.0,0.0,9.0,4.0,0.0,0.0,0.0,0.0,0.0,0.0,0.0,0.0,1.0,12.0,1.0,12.18,5.01,2.5,1.49,0.0,0.0,0.0,81.4,0.0,-0.2,-0.9,0.0,98.8,0.0,0.0,261.2,0.0,21.4,35.1,35.1,36.4,300.0,300.0,30.1,34.2,33.9,33.5,35.1,4.96,2.0,4.96,0.16,0.0,0.0,1027.0,8228.0,0.0,0.0,0.0,0.0,0.0,1.0,0.0,0.0,0.0,0.0,0.0,-0.1,0.0,1.0,0.0,-0.0001,16.0,25903.0
2026-07-30T18:58:33.526Z,83.009,83.022,-0.1,7.4,0.0,0.0,0.0,0.0,0.0,0.0,0.0,0.0,1.0,0.0,0.0,0.0,9.0,4.0,0.0,0.0,0.0,0.0,0.0,0.0,0.0,0.0,2.0,12.0,1.0,12.18,5.01,2.5,1.49,0.0,0.0,0.0,80.80000000000001,0.0,-0.8,0.1,-0.5,98.8,0.0,0.0,261.2,0.0,21.4,35.1,35.1,36.4,300.0,300.0,30.1,34.2,33.9,33.5,35.1,4.96,2.0,4.96,0.16,0.0,0.0,1027.0,8228.0,0.0,0.0,0.0,0.0,0.0,1.0,0.0,0.0,0.0,0.0,0.0,0.5,0.0,0.2,0.0,-0.0001,16.0,25903.0
2026-07-30T18:58:33.539Z,83.022,83.034,-0.1,7.4,0.0,0.0,0.0,0.0,0.0,0.0,0.0,0.0,1.0,0.0,0.0,0.0,9.0,4.0,0.0,0.0,0.0,0.0,0.0,0.0,0.0,0.0,3.0,12.0,1.0,12.15,5.0200000000000005,2.51,1.49,-0.1,0.1,0.0,80.30000000000001,0.0,-0.2,0.7000000000000001,-0.5,98.8,0.0,0.0,261.2,0.0,21.9,35.1,35.1,36.4,300.0,300.0,30.3,34.2,33.9,33.5,35.1,4.95,1.99,4.96,0.16,0.0,0.0,1027.0,8228.0,0.0,0.0,0.0,0.0,0.0,1.0,0.0,0.0,0.0,0.0,0.0,0.6000000000000001,0.0,-0.4,0.0,-0.0001,16.0,25903.0
2026-07-30T18:58:33.551Z,83.034,83.046,-0.1,7.4,0.0,0.0,0.0,0.0,0.0,0.0,0.0,0.0,1.0,0.0,0.0,0.0,9.0,4.0,0.0,0.0,0.0,0.0,0.0,0.0,0.0,0.0,4.0,12.0,1.0,12.15,5.0200000000000005,2.51,1.49,0.0,0.1,0.0,79.80000000000001,0.0,0.3,0.7000000000000001,0.0,98.8,0.0,0.0,261.2,0.0,21.9,35.1,35.1,36.4,300.0,300.0,30.3,34.2,33.9,33.5,35.1,4.95,1.99,4.96,0.16,0.0,0.0,1027.0,8228.0,0.0,0.0,0.0,0.0,0.0,1.0,0.0,0.0,0.0,0.0,0.0,0.1,0.0,-0.8,0.0,-0.0001,16.0,25903.0
2026-07-30T18:58:33.562Z,83.045,83.058,-0.1,7.4,0.0,0.0,0.0,0.0,0.0,0.0,0.0,0.0,1.0,0.0,0.0,0.0,9.0,4.0,0.0,0.0,0.0,0.0,0.0,0.0,0.0,0.0,6.0,12.0,1.0,12.15,5.0200000000000005,2.51,1.49,0.0,0.0,0.0,79.30000000000001,0.0,-0.2,0.7000000000000001,0.5,98.8,0.0,0.0,261.2,0.0,21.9,35.1,35.1,36.4,300.0,300.0,30.3,34.2,33.9,33.5,35.1,4.96,2.0,4.96,0.16,0.0,0.0,1027.0,8228.0,0.0,0.0,0.0,0.0,0.0,1.0,0.0,0.0,0.0,0.0,0.0,-0.3,0.0,-1.2000000000000002,0.0,-0.0001,16.0,25903.0
2026-07-30T18:58:33.579Z,83.062,83.07000000000001,-0.1,7.4,0.0,0.0,0.0,0.0,0.0,0.0,0.0,0.0,1.0,0.0,0.0,0.0,9.0,4.0,0.0,0.0,0.0,0.0,0.0,0.0,0.0,0.0,6.0,12.0,1.0,12.15,5.0200000000000005,2.51,1.49,0.0,0.0,0.0,78.80000000000001,0.0,0.2,-0.4,-0.6000000000000001,98.8,0.0,0.0,261.2,0.0,21.9,35.1,35.1,36.4,300.0,300.0,30.3,34.2,33.9,33.5,35.1,4.96,2.0,4.97,0.16,0.0,0.0,1027.0,8228.0,0.0,0.0,0.0,0.0,0.0,1.0,0.0,0.0,0.0,0.0,0.0,0.4,0.0,0.9,0.0,-0.0001,16.0,25903.0
2026-07-30T18:58:33.587Z,83.07,83.08200000000001,-0.1,7.4,0.0,0.0,0.0,0.0,0.0,0.0,0.0,0.0,1.0,0.0,0.0,0.0,9.0,4.0,0.0,0.0,0.0,0.0,0.0,0.0,0.0,0.0,4.0,12.0,1.0,12.15,5.0200000000000005,2.51,1.49,0.0,0.0,0.0,78.30000000000001,0.0,0.2,0.6000000000000001,-0.1,98.8,0.0,0.0,261.2,0.0,21.9,35.1,35.1,36.4,300.0,300.0,30.3,34.2,33.9,33.5,35.1,4.95,1.99,4.97,0.17,0.0,0.0,1027.0,8228.0,0.0,0.0,0.0,0.0,0.0,1.0,0.0,0.0,0.0,0.0,0.0,0.2,0.0,-0.7000000000000001,0.0,-0.0001,16.0,25903.0
2026-07-30T18:58:33.598Z,83.081,83.09400000000001,-0.1,7.4,0.0,0.0,0.0,0.0,0.0,0.0,0.0,0.0,1.0,0.0,0.0,0.0,9.0,4.0,0.0,0.0,0.0,0.0,0.0,0.0,0.0,0.0,4.0,12.0,1.0,12.15,5.0200000000000005,2.51,1.49,0.0,0.1,0.0,77.80000000000001,0.0,0.2,0.1,-0.7000000000000001,98.8,0.0,0.0,261.2,0.0,21.9,35.1,35.1,36.4,300.0,300.0,30.3,34.2,33.9,33.5,35.1,4.96,1.99,4.97,0.16,0.0,0.0,1027.0,8228.0,0.0,0.0,0.0,0.0,0.0,1.0,0.0,0.0,0.0,0.0,0.0,0.7000000000000001,0.0,0.4,0.0,-0.0001,16.0,25903.0
2026-07-30T18:58:33.610Z,83.093,83.10600000000001,-0.1,7.4,0.0,0.0,0.0,0.0,0.0,0.0,0.0,0.0,1.0,0.0,0.0,0.0,9.0,4.0,0.0,0.0,0.0,0.0,0.0,0.0,0.0,0.0,6.0,12.0,1.0,12.15,5.0200000000000005,2.51,1.49,-0.1,0.0,0.0,77.30000000000001,0.0,0.8,0.0,0.4,98.8,0.0,0.0,261.2,0.0,21.9,35.1,35.1,36.4,300.0,300.0,30.3,34.2,33.9,33.5,35.1,4.96,1.99,4.96,0.16,0.0,0.0,1027.0,8228.0,0.0,0.0,0.0,0.0,0.0,1.0,0.0,0.0,0.0,0.0,0.0,-0.3,0.0,-0.4,0.0,-0.0001,16.0,25903.0
2026-07-30T18:58:33.622Z,83.105,83.118,0.0,7.4,0.0,0.0,0.0,0.0,0.0,0.0,0.0,0.0,1.0,0.0,0.0,0.0,9.0,4.0,0.0,0.0,0.0,0.0,0.0,0.0,0.0,0.0,1.0,12.0,1.0,12.15,5.0200000000000005,2.51,1.49,0.0,0.0,0.0,76.7,0.0,-0.9,0.0,0.4,98.8,0.0,0.0,261.2,0.0,21.9,35.1,35.1,36.4,300.0,300.0,30.3,34.2,33.9,33.5,35.1,4.96,1.99,4.96,0.16,0.0,0.0,1027.0,8228.0,0.0,0.0,0.0,0.0,0.0,1.0,0.0,0.0,0.0,0.0,0.0,-0.3,0.0,-0.4,0.0,-0.0001,16.0,25903.0
2026-07-30T18:58:33.635Z,83.118,83.13,0.0,7.4,0.0,0.0,0.0,0.0,0.0,0.0,0.0,0.0,1.0,0.0,0.0,0.0,9.0,4.0,0.0,0.0,0.0,0.0,0.0,0.0,0.0,0.0,2.0,12.0,1.0,12.17,5.0200000000000005,2.5,1.49,0.0,0.0,0.0,76.3,0.0,-0.9,0.1,-0.6000000000000001,98.8,0.0,0.0,261.2,0.0,22.200000000000003,35.1,35.1,36.4,300.0,300.0,30.200000000000003,34.2,33.9,33.5,35.1,4.95,2.0,4.96,0.16,0.0,0.0,1027.0,8228.0,0.0,0.0,0.0,0.0,0.0,1.0,0.0,0.0,0.0,0.0,0.0,0.6000000000000001,0.0,0.3,0.0,-0.0001,16.0,25903.0
2026-07-30T18:58:33.647Z,83.13,83.142,0.0,7.4,0.0,0.0,0.0,0.0,0.0,0.0,0.0,0.0,1.0,0.0,0.0,0.0,9.0,4.0,0.0,0.0,0.0,0.0,0.0,0.0,0.0,0.0,3.0,12.0,1.0,12.17,5.0200000000000005,2.5,1.49,0.0,0.0,0.0,75.8,0.0,-0.3,0.0,-0.1,98.8,0.0,0.0,261.2,0.0,22.200000000000003,35.1,35.1,36.4,300.0,300.0,30.200000000000003,34.2,33.9,33.5,35.1,4.96,2.0,4.96,0.16,0.0,0.0,1027.0,8228.0,0.0,0.0,0.0,0.0,0.0,1.0,0.0,0.0,0.0,0.0,0.0,0.1,0.0,0.0,0.0,-0.0001,16.0,25903.0
2026-07-30T18:58:33.659Z,83.142,83.154,0.0,7.4,0.0,0.0,0.0,0.0,0.0,0.0,0.0,0.0,1.0,0.0,0.0,0.0,9.0,4.0,0.0,0.0,0.0,0.0,0.0,0.0,0.0,0.0,4.0,12.0,1.0,12.17,5.0200000000000005,2.5,1.49,0.0,0.0,0.0,75.2,0.0,-0.9,-1.6,-0.7000000000000001,98.8,0.0,0.0,261.2,0.0,22.200000000000003,35.1,35.1,36.4,300.0,300.0,30.200000000000003,34.2,33.9,33.5,35.1,4.95,1.99,4.97,0.16,0.0,0.0,1027.0,8228.0,0.0,0.0,0.0,0.0,0.0,1.0,0.0,0.0,0.0,0.0,0.0,0.3,0.0,2.4000000000000004,0.0,-0.0001,16.0,25903.0
2026-07-30T18:58:33.670Z,83.153,83.166,0.0,7.4,0.0,0.0,0.0,0.0,0.0,0.0,0.0,0.0,1.0,0.0,0.0,0.0,9.0,4.0,0.0,0.0,0.0,0.0,0.0,0.0,0.0,0.0,5.0,12.0,1.0,12.17,5.0200000000000005,2.5,1.49,0.0,0.0,0.0,74.7,0.0,-0.9,0.0,-0.6000000000000001,98.8,0.0,0.0,261.2,0.0,22.200000000000003,35.1,35.1,36.4,300.0,300.0,30.200000000000003,34.2,33.9,33.5,35.1,4.95,1.99,4.96,0.16,0.0,0.0,1027.0,8228.0,0.0,0.0,0.0,0.0,0.0,1.0,0.0,0.0,0.0,0.0,0.0,0.6000000000000001,0.0,0.4,0.0,-0.0001,16.0,25903.0
2026-07-30T18:58:33.682Z,83.165,83.178,0.0,7.4,0.0,0.0,0.0,0.0,0.0,0.0,0.0,0.0,1.0,0.0,0.0,0.0,9.0,4.0,0.0,0.0,0.0,0.0,0.0,0.0,0.0,0.0,1.0,12.0,1.0,12.17,5.0200000000000005,2.5,1.49,0.0,0.0,0.0,74.3,0.0,-0.3,0.5,-0.1,98.8,0.0,0.0,261.2,0.0,22.200000000000003,35.1,35.1,36.4,300.0,300.0,30.200000000000003,34.2,33.9,33.5,35.1,4.96,1.99,4.96,0.16,0.0,0.0,1027.0,8228.0,0.0,0.0,0.0,0.0,0.0,1.0,0.0,0.0,0.0,0.0,0.0,0.2,0.0,-0.5,0.0,-0.0001,16.0,25903.0
2026-07-30T18:58:33.694Z,83.177,83.19,0.0,7.4,0.0,0.0,0.0,0.0,0.0,0.0,0.0,0.0,1.0,0.0,0.0,0.0,9.0,4.0,0.0,0.0,0.0,0.0,0.0,0.0,0.0,0.0,2.0,12.0,1.0,12.17,5.0200000000000005,2.5,1.49,0.0,0.0,0.0,73.7,0.0,0.2,0.5,1.0,98.8,0.0,0.0,261.2,0.0,22.200000000000003,35.1,35.1,36.4,300.0,300.0,30.200000000000003,34.2,33.9,33.5,35.1,4.95,1.99,4.97,0.16,0.0,0.0,1027.0,8228.0,0.0,0.0,0.0,0.0,0.0,1.0,0.0,0.0,0.0,0.0,0.0,-0.8,0.0,-1.4,0.0,-0.0001,16.0,25903.0
2026-07-30T18:58:33.706Z,83.189,83.202,0.0,7.4,0.0,0.0,0.0,0.0,0.0,0.0,0.0,0.0,1.0,0.0,0.0,0.0,9.0,4.0,0.0,0.0,0.0,0.0,0.0,0.0,0.0,0.0,3.0,12.0,1.0,12.17,5.0200000000000005,2.5,1.49,0.0,0.0,0.0,73.3,0.0,0.2,0.0,-0.1,98.8,0.0,0.0,261.2,0.0,22.200000000000003,35.1,35.1,36.4,300.0,300.0,30.200000000000003,34.2,33.9,33.5,35.1,4.95,1.99,4.97,0.16,0.0,0.0,1027.0,8228.0,0.0,0.0,0.0,0.0,0.0,1.0,0.0,0.0,0.0,0.0,0.0,0.1,0.0,0.0,0.0,-0.0001,16.0,25903.0
2026-07-30T18:58:33.718Z,83.201,83.214,0.0,7.4,0.0,0.0,0.0,0.0,0.0,0.0,0.0,0.0,1.0,0.0,0.0,0.0,9.0,4.0,0.0,0.0,0.0,0.0,0.0,0.0,0.0,0.0,4.0,12.0,1.0,12.17,5.0200000000000005,2.5,1.49,0.0,0.0,0.0,72.8,0.0,-0.2,0.0,0.0,98.8,0.0,0.0,261.2,0.0,22.200000000000003,35.1,35.1,36.4,300.0,300.0,30.200000000000003,34.2,33.9,33.5,35.1,4.95,2.0,4.96,0.16,0.0,0.0,1027.0,8228.0,0.0,0.0,0.0,0.0,0.0,1.0,0.0,0.0,0.0,0.0,0.0,0.0,0.0,0.0,0.0,-0.0001,16.0,25903.0
2026-07-30T18:58:33.731Z,83.214,83.226,0.0,7.4,0.0,0.0,0.0,0.0,0.0,0.0,0.0,0.0,1.0,0.0,0.0,0.0,9.0,4.0,0.0,0.0,0.0,0.0,0.0,0.0,0.0,0.0,4.0,12.0,1.0,12.17,5.0200000000000005,2.5,1.49,0.0,0.0,0.0,72.3,0.0,1.5,1.2000000000000002,-0.6000000000000001,98.8,0.0,0.0,261.2,0.0,22.200000000000003,35.1,35.1,36.4,300.0,300.0,30.200000000000003,34.2,33.9,33.5,35.1,4.95,1.99,4.96,0.16,0.0,0.0,1027.0,8228.0,0.0,0.0,0.0,0.0,0.0,1.0,0.0,0.0,0.0,0.0,0.0,0.7000000000000001,0.0,-0.9,0.0,-0.0001,16.0,25903.0
2026-07-30T18:58:33.743Z,83.226,83.238,0.0,7.4,0.0,0.0,0.0,0.0,0.0,0.0,0.0,0.0,1.0,0.0,0.0,0.0,9.0,4.0,0.0,0.0,0.0,0.0,0.0,0.0,0.0,0.0,5.0,12.0,1.0,12.11,5.01,2.5,1.49,0.0,0.0,0.0,71.8,0.0,0.3,0.0,2.3000000000000003,98.8,0.0,0.0,261.2,0.0,21.4,35.1,35.1,36.3,300.0,300.0,30.200000000000003,34.2,33.9,33.4,35.1,4.95,1.99,4.97,0.16,0.0,0.0,1027.0,8228.0,0.0,0.0,0.0,0.0,0.0,1.0,0.0,0.0,0.0,0.0,0.0,-2.0,0.0,-1.7000000000000002,0.0,-0.0001,16.0,25903.0
2026-07-30T18:58:33.755Z,83.238,83.25,0.0,7.4,0.0,0.0,0.0,0.0,0.0,0.0,0.0,0.0,1.0,0.0,0.0,0.0,9.0,4.0,0.0,0.0,0.0,0.0,0.0,0.0,0.0,0.0,6.0,12.0,1.0,12.11,5.01,2.5,1.49,0.0,0.0,0.0,71.3,0.0,0.3,-0.5,1.7000000000000002,98.8,0.0,0.0,261.2,0.0,21.4,35.1,35.1,36.3,300.0,300.0,30.200000000000003,34.2,33.9,33.4,35.1,4.96,1.99,4.96,0.16,0.0,0.0,1027.0,8228.0,0.0,0.0,0.0,0.0,0.0,1.0,0.0,0.0,0.0,0.0,0.0,-1.6,0.0,-0.5,0.0,-0.0001,16.0,25903.0
2026-07-30T18:58:33.766Z,83.249,83.262,0.0,7.4,0.0,0.0,0.0,0.0,0.0,0.0,0.0,0.0,1.0,0.0,0.0,0.0,9.0,4.0,0.0,0.0,0.0,0.0,0.0,0.0,0.0,0.0,1.0,12.0,1.0,12.11,5.01,2.5,1.49,0.0,0.0,0.0,70.9,0.0,0.3,1.1,1.6,98.8,0.0,0.0,261.2,0.0,21.4,35.1,35.1,36.3,300.0,300.0,30.200000000000003,34.2,33.9,33.4,35.1,4.96,1.99,4.97,0.16,0.0,0.0,1027.0,8228.0,0.0,0.0,0.0,0.0,0.0,1.0,0.0,0.0,0.0,0.0,0.0,-1.3,0.0,-2.5,0.0,-0.0001,16.0,25903.0
2026-07-30T18:58:33.778Z,83.261,83.274,0.0,7.4,0.0,0.0,0.0,0.0,0.0,0.0,0.0,0.0,1.0,0.0,0.0,0.0,9.0,4.0,0.0,0.0,0.0,0.0,0.0,0.0,0.0,0.0,2.0,12.0,1.0,12.11,5.01,2.5,1.49,0.0,0.0,0.0,70.4,0.0,0.3,0.6000000000000001,-0.6000000000000001,98.8,0.0,0.0,261.2,0.0,21.4,35.1,35.1,36.3,300.0,300.0,30.200000000000003,34.2,33.9,33.4,35.1,4.95,1.99,4.97,0.16,0.0,0.0,1027.0,8228.0,0.0,0.0,0.0,0.0,0.0,1.0,0.0,0.0,0.0,0.0,0.0,0.6000000000000001,0.0,-0.2,0.0,-0.0001,16.0,25903.0
2026-07-30T18:58:33.790Z,83.273,83.286,0.0,7.4,0.0,0.0,0.0,0.0,0.0,0.0,0.0,0.0,1.0,0.0,0.0,0.0,9.0,4.0,0.0,0.0,0.0,0.0,0.0,0.0,0.0,0.0,3.0,12.0,1.0,12.11,5.01,2.5,1.49,0.0,0.0,0.0,69.9,0.0,0.9,0.0,0.5,98.8,0.0,0.0,261.2,0.0,21.4,35.1,35.1,36.3,300.0,300.0,30.200000000000003,34.2,33.9,33.4,35.1,4.95,1.99,4.97,0.17,0.0,0.0,1027.0,8228.0,0.0,0.0,0.0,0.0,0.0,1.0,0.0,0.0,0.0,0.0,0.0,-0.5,0.0,-0.5,0.0,-0.0001,16.0,25903.0
2026-07-30T18:58:33.803Z,83.286,83.298,0.0,7.4,0.0,0.0,0.0,0.0,0.0,0.0,0.0,0.0,1.0,0.0,0.0,0.0,9.0,4.0,0.0,0.0,0.0,0.0,0.0,0.0,0.0,0.0,4.0,12.0,1.0,12.11,5.01,2.5,1.49,0.0,0.0,0.0,69.5,0.0,-0.2,-0.4,1.1,98.8,0.0,0.0,261.2,0.0,21.4,35.1,35.1,36.3,300.0,300.0,30.200000000000003,34.2,33.9,33.4,35.1,4.96,1.99,4.96,0.17,0.0,0.0,1027.0,8228.0,0.0,0.0,0.0,0.0,0.0,1.0,0.0,0.0,0.0,0.0,0.0,-1.1,0.0,-0.2,0.0,-0.0001,16.0,25903.0
2026-07-30T18:58:33.815Z,83.298,83.31,0.0,7.4,0.0,0.0,0.0,0.0,0.0,0.0,0.0,0.0,1.0,0.0,0.0,0.0,9.0,4.0,0.0,0.0,0.0,0.0,0.0,0.0,0.0,0.0,5.0,12.0,1.0,12.11,5.01,2.5,1.49,0.0,0.1,0.0,69.0,0.0,-0.1,0.0,1.2000000000000002,98.8,0.0,0.0,261.2,0.0,21.4,35.1,35.1,36.3,300.0,300.0,30.200000000000003,34.2,33.9,33.4,35.1,4.96,1.99,4.96,0.16,0.0,0.0,1027.0,8228.0,0.0,0.0,0.0,0.0,0.0,1.0,0.0,0.0,0.0,0.0,0.0,-1.0,0.0,-0.9,0.0,-0.0001,16.0,25903.0
2026-07-30T18:58:33.826Z,83.309,83.322,0.0,7.4,0.0,0.0,0.0,0.0,0.0,0.0,0.0,0.0,1.0,0.0,0.0,0.0,9.0,4.0,0.0,0.0,0.0,0.0,0.0,0.0,0.0,0.0,6.0,12.0,1.0,12.11,5.01,2.5,1.49,0.0,0.0,0.0,68.5,0.0,0.3,0.0,1.8,98.8,0.0,0.0,261.2,0.0,21.4,35.1,35.1,36.3,300.0,300.0,30.200000000000003,34.2,33.9,33.4,35.1,4.95,1.99,4.96,0.16,0.0,0.0,1027.0,8228.0,0.0,0.0,0.0,0.0,0.0,1.0,0.0,0.0,0.0,0.0,0.0,-1.6,0.0,-1.4,0.0,-0.0001,16.0,25903.0
2026-07-30T18:58:33.839Z,83.322,83.334,0.0,7.4,0.0,0.0,0.0,0.0,0.0,0.0,0.0,0.0,1.0,0.0,0.0,0.0,9.0,4.0,0.0,0.0,0.0,0.0,0.0,0.0,0.0,0.0,1.0,12.0,1.0,12.18,5.01,2.5,1.49,0.0,0.0,0.0,68.10000000000001,0.0,0.3,0.6000000000000001,-0.5,98.8,0.0,0.0,261.2,0.0,20.8,35.1,35.1,36.3,300.0,300.0,30.1,34.2,33.9,33.4,35.1,4.96,1.99,4.96,0.16,0.0,0.0,1027.0,8228.0,0.0,0.0,0.0,0.0,0.0,1.0,0.0,0.0,0.0,0.0,0.0,0.6000000000000001,0.0,-0.3,0.0,-0.0001,16.0,25903.0
2026-07-30T18:58:33.850Z,83.333,83.346,0.0,7.4,0.0,0.0,0.0,0.0,0.0,0.0,0.0,0.0,1.0,0.0,0.0,0.0,9.0,4.0,0.0,0.0,0.0,0.0,0.0,0.0,0.0,0.0,3.0,12.0,1.0,12.18,5.01,2.5,1.49,0.0,0.1,0.0,67.60000000000001,0.0,0.3,-1.0,0.0,98.8,0.0,0.0,261.2,0.0,20.8,35.1,35.1,36.3,300.0,300.0,30.1,34.2,33.9,33.4,35.1,4.95,1.99,4.97,0.16,0.0,0.0,1027.0,8228.0,0.0,0.0,0.0,0.0,0.0,1.0,0.0,0.0,0.0,0.0,0.0,-0.2,0.0,1.1,0.0,-0.0001,16.0,25903.0
2026-07-30T18:58:33.862Z,83.345,83.358,0.0,7.4,0.0,0.0,0.0,0.0,0.0,0.0,0.0,0.0,1.0,0.0,0.0,0.0,9.0,4.0,0.0,0.0,0.0,0.0,0.0,0.0,0.0,0.0,4.0,12.0,1.0,12.18,5.01,2.5,1.49,0.0,0.1,0.0,67.2,0.0,-0.2,-0.4,0.0,98.8,0.0,0.0,261.2,0.0,20.8,35.1,35.1,36.3,300.0,300.0,30.1,34.2,33.9,33.4,35.1,4.95,1.99,4.97,0.16,0.0,0.0,1027.0,8228.0,0.0,0.0,0.0,0.0,0.0,1.0,0.0,0.0,0.0,0.0,0.0,-0.1,0.0,0.5,0.0,-0.0001,16.0,25903.0
2026-07-30T18:58:33.874Z,83.357,83.37,0.0,7.4,0.0,0.0,0.0,0.0,0.0,0.0,0.0,0.0,1.0,0.0,0.0,0.0,9.0,4.0,0.0,0.0,0.0,0.0,0.0,0.0,0.0,0.0,6.0,12.0,1.0,12.18,5.01,2.5,1.49,0.0,0.0,0.0,66.7,0.0,-0.2,-0.4,-0.4,98.8,0.0,0.0,261.2,0.0,20.8,35.1,35.1,36.3,300.0,300.0,30.1,34.2,33.9,33.4,35.1,4.95,1.99,4.97,0.16,0.0,0.0,1027.0,8228.0,0.0,0.0,0.0,0.0,0.0,1.0,0.0,0.0,0.0,0.0,0.0,0.3,0.0,0.8,0.0,-0.0001,16.0,25903.0
2026-07-30T18:58:33.887Z,83.37,83.382,0.0,7.4,0.0,0.0,0.0,0.0,0.0,0.0,0.0,0.0,1.0,0.0,0.0,0.0,9.0,4.0,0.0,0.0,0.0,0.0,0.0,0.0,0.0,0.0,1.0,12.0,1.0,12.18,5.01,2.5,1.49,0.0,0.0,0.0,66.3,0.0,-0.8,-1.0,-1.0,98.8,0.0,0.0,261.2,0.0,20.8,35.1,35.1,36.3,300.0,300.0,30.1,34.2,33.9,33.4,35.1,4.96,1.99,4.96,0.16,0.0,0.0,1027.0,8228.0,0.0,0.0,0.0,0.0,0.0,1.0,0.0,0.0,0.0,0.0,0.0,0.7000000000000001,0.0,1.9,0.0,-0.0001,16.0,25903.0
2026-07-30T18:58:33.902Z,83.385,83.394,0.0,7.4,0.0,0.0,0.0,0.0,0.0,0.0,0.0,0.0,1.0,0.0,0.0,0.0,9.0,4.0,0.0,0.0,0.0,0.0,0.0,0.0,0.0,0.0,1.0,12.0,1.0,12.18,5.01,2.5,1.49,0.0,0.0,0.0,65.8,0.0,0.9,-0.5,-0.4,98.8,0.0,0.0,261.2,0.0,20.8,35.1,35.1,36.3,300.0,300.0,30.1,34.2,33.9,33.4,35.1,4.95,1.99,4.96,0.16,0.0,0.0,1027.0,8228.0,0.0,0.0,0.0,0.0,0.0,1.0,0.0,0.0,0.0,0.0,0.0,0.3,0.0,0.9,0.0,-0.0001,16.0,25903.0
2026-07-30T18:58:33.910Z,83.393,83.406,-0.1,7.4,0.0,0.0,0.0,0.0,0.0,0.0,0.0,0.0,1.0,0.0,0.0,0.0,9.0,4.0,0.0,0.0,0.0,0.0,0.0,0.0,0.0,0.0,4.0,12.0,1.0,12.18,5.01,2.5,1.49,0.0,0.1,0.0,65.4,0.0,0.9,0.0,1.2000000000000002,98.8,0.0,0.0,261.2,0.0,20.8,35.1,35.1,36.3,300.0,300.0,30.1,34.2,33.9,33.4,35.1,4.95,2.0,4.96,0.17,0.0,0.0,1027.0,8228.0,0.0,0.0,0.0,0.0,0.0,1.0,0.0,0.0,0.0,0.0,0.0,-1.1,0.0,-0.9,0.0,-0.0001,16.0,25903.0
2026-07-30T18:58:33.922Z,83.405,83.418,0.0,7.4,0.0,0.0,0.0,0.0,0.0,0.0,0.0,0.0,1.0,0.0,0.0,0.0,9.0,4.0,0.0,0.0,0.0,0.0,0.0,0.0,0.0,0.0,5.0,12.0,1.0,12.18,5.01,2.5,1.49,0.0,0.0,0.0,64.9,0.0,0.3,0.1,0.6000000000000001,98.8,0.0,0.0,261.2,0.0,20.8,35.1,35.1,36.3,300.0,300.0,30.1,34.2,33.9,33.4,35.1,4.96,1.99,4.96,0.16,0.0,0.0,1027.0,8228.0,0.0,0.0,0.0,0.0,0.0,1.0,0.0,0.0,0.0,0.0,0.0,-0.5,0.0,-0.6000000000000001,0.0,-0.0001,16.0,25903.0
2026-07-30T18:58:33.934Z,83.417,83.43,0.0,7.4,0.0,0.0,0.0,0.0,0.0,0.0,0.0,0.0,1.0,0.0,0.0,0.0,9.0,4.0,0.0,0.0,0.0,0.0,0.0,0.0,0.0,0.0,1.0,12.0,1.0,12.18,5.01,2.5,1.49,0.0,0.0,0.0,64.5,0.0,0.3,0.1,-0.5,98.8,0.0,0.0,261.2,0.0,20.8,35.1,35.1,36.3,300.0,300.0,30.1,34.2,33.9,33.4,35.1,4.95,1.99,4.97,0.16,0.0,0.0,1027.0,8228.0,0.0,0.0,0.0,0.0,0.0,1.0,0.0,0.0,0.0,0.0,0.0,-0.4,0.0,-1.2000000000000002,0.0,-0.0001,16.0,25903.0
2026-07-30T18:58:33.947Z,83.43,83.44200000000001,-0.1,7.4,0.0,0.0,0.0,0.0,0.0,0.0,0.0,0.0,1.0,0.0,0.0,0.0,9.0,4.0,0.0,0.0,0.0,0.0,0.0,0.0,0.0,0.0,3.0,12.0,1.0,12.17,5.0200000000000005,2.51,1.49,0.0,0.0,0.0,64.10000000000001,0.0,0.3,-0.4,0.0,98.8,0.0,0.0,261.2,0.0,21.3,35.1,35.0,36.3,300.0,300.0,30.200000000000003,34.300000000000004,33.800000000000004,33.4,35.0,4.95,1.99,4.97,0.16,0.0,0.0,1027.0,8228.0,0.0,0.0,0.0,0.0,0.0,1.0,0.0,0.0,0.0,0.0,0.0,-0.4,0.0,-1.2000000000000002,0.0,-0.0001,16.0,25903.0
2026-07-30T18:58:33.958Z,83.441,83.45400000000001,-0.1,7.4,0.0,0.0,0.0,0.0,0.0,0.0,0.0,0.0,1.0,0.0,0.0,0.0,9.0,4.0,0.0,0.0,0.0,0.0,0.0,0.0,0.0,0.0,4.0,12.0,1.0,12.17,5.0200000000000005,2.51,1.49,0.0,0.0,0.0,63.6,0.0,0.3,0.1,0.0,98.8,0.0,0.0,261.2,0.0,21.3,35.1,35.0,36.3,300.0,300.0,30.200000000000003,34.300000000000004,33.800000000000004,33.4,35.0,4.95,2.0,4.96,0.16,0.0,0.0,1027.0,8228.0,0.0,0.0,0.0,0.0,0.0,1.0,0.0,0.0,0.0,0.0,0.0,-1.4,0.0,-2.0,0.0,-0.0001,16.0,25903.0
2026-07-30T18:58:33.970Z,83.453,83.46600000000001,-0.1,7.4,0.0,0.0,0.0,0.0,0.0,0.0,0.0,0.0,1.0,0.0,0.0,0.0,9.0,4.0,0.0,0.0,0.0,0.0,0.0,0.0,0.0,0.0,5.0,12.0,1.0,12.17,5.0200000000000005,2.51,1.49,0.0,0.0,0.0,63.2,0.0,0.9,0.0,1.6,98.8,0.0,0.0,261.1,0.0,21.3,35.1,35.0,36.3,300.0,300.0,30.200000000000003,34.300000000000004,33.800000000000004,33.4,35.0,4.96,1.99,4.96,0.16,0.0,0.0,1027.0,8228.0,0.0,0.0,0.0,0.0,0.0,1.0,0.0,0.0,0.0,0.0,0.0,-1.4,0.0,-1.3,0.0,-0.0001,16.0,25903.0
2026-07-30T18:58:33.983Z,83.466,83.47800000000001,0.0,7.4,0.0,0.0,0.0,0.0,0.0,0.0,0.0,0.0,1.0,0.0,0.0,0.0,9.0,4.0,0.0,0.0,0.0,0.0,0.0,0.0,0.0,0.0,6.0,12.0,1.0,12.17,5.0200000000000005,2.51,1.49,0.0,0.0,0.0,62.8,0.0,-0.2,-0.5,-0.6000000000000001,98.8,0.0,0.0,261.2,0.0,21.3,35.1,35.0,36.3,300.0,300.0,30.200000000000003,34.300000000000004,33.800000000000004,33.4,35.0,4.95,1.99,4.97,0.16,0.0,0.0,1027.0,8228.0,0.0,0.0,0.0,0.0,0.0,1.0,0.0,0.0,0.0,0.0,0.0,0.5,0.0,1.1,0.0,0.0001,16.0,25903.0
2026-07-30T18:58:33.994Z,83.477,83.49,0.0,7.4,0.0,0.0,0.0,0.0,0.0,0.0,0.0,0.0,1.0,0.0,0.0,0.0,9.0,4.0,0.0,0.0,0.0,0.0,0.0,0.0,0.0,0.0,1.0,12.0,1.0,12.17,5.0200000000000005,2.51,1.49,0.0,0.0,0.0,62.400000000000006,0.0,-0.8,0.0,-0.1,98.8,0.0,0.0,261.2,0.0,21.3,35.1,35.0,36.3,300.0,300.0,30.200000000000003,34.300000000000004,33.800000000000004,33.4,35.0,4.96,2.0,4.96,0.16,0.0,0.0,1027.0,8228.0,0.0,0.0,0.0,0.0,0.0,1.0,0.0,0.0,0.0,0.0,0.0,0.1,0.0,0.0,0.0,0.0001,16.0,25903.0
2026-07-30T18:58:34.006Z,83.489,83.502,0.0,7.4,0.0,0.0,0.0,0.0,0.0,0.0,0.0,0.0,1.0,0.0,0.0,0.0,9.0,4.0,0.0,0.0,0.0,0.0,0.0,0.0,0.0,0.0,2.0,12.0,1.0,12.17,5.0200000000000005,2.51,1.49,0.0,0.0,0.0,61.900000000000006,0.0,0.3,0.0,0.0,98.8,0.0,0.0,261.2,0.0,21.3,35.1,35.0,36.3,300.0,300.0,30.200000000000003,34.300000000000004,33.800000000000004,33.4,35.0,4.96,2.0,4.96,0.16,0.0,0.0,1027.0,8228.0,0.0,0.0,0.0,0.0,0.0,1.0,0.0,0.0,0.0,0.0,0.0,0.0,0.0,0.0,0.0,0.0,16.0,25903.0
2026-07-30T18:58:34.019Z,83.502,83.514,0.0,7.4,0.0,0.0,0.0,0.0,0.0,0.0,0.0,0.0,1.0,0.0,0.0,0.0,9.0,4.0,0.0,0.0,0.0,0.0,0.0,0.0,0.0,0.0,4.0,12.0,1.0,12.17,5.0200000000000005,2.51,1.49,0.0,0.0,0.0,61.5,0.0,-0.8,0.0,0.0,98.8,0.0,0.0,261.2,0.0,21.3,35.1,35.0,36.3,300.0,300.0,30.200000000000003,34.300000000000004,33.800000000000004,33.4,35.0,4.95,1.99,4.96,0.16,0.0,0.0,1027.0,8228.0,0.0,0.0,0.0,0.0,0.0,1.0,0.0,0.0,0.0,0.0,0.0,0.1,0.0,0.0,0.0,0.0,16.0,25903.0
2026-07-30T18:58:34.030Z,83.513,83.526,0.0,7.4,0.0,0.0,0.0,0.0,0.0,0.0,0.0,0.0,1.0,0.0,0.0,0.0,9.0,4.0,0.0,0.0,0.0,0.0,0.0,0.0,0.0,0.0,5.0,12.0,1.0,12.17,5.0200000000000005,2.51,1.49,0.0,0.0,0.0,61.1,0.0,-0.2,0.1,-0.1,98.8,0.0,0.0,261.2,0.0,21.3,35.1,35.0,36.3,300.0,300.0,30.200000000000003,34.300000000000004,33.800000000000004,33.4,35.0,4.95,1.99,4.97,0.16,0.0,0.0,1027.0,8228.0,0.0,0.0,0.0,0.0,0.0,1.0,0.0,0.0,0.0,0.0,0.0,0.1,0.0,0.0,0.0,0.0,16.0,25903.0
2026-07-30T18:58:34.043Z,83.526,83.538,0.0,7.4,0.0,0.0,0.0,0.0,0.0,0.0,0.0,0.0,1.0,0.0,0.0,0.0,9.0,4.0,0.0,0.0,0.0,0.0,0.0,0.0,0.0,0.0,6.0,12.0,1.0,12.17,5.0200000000000005,2.51,1.49,0.0,0.0,0.0,60.7,0.0,-0.2,-0.4,-1.2000000000000002,98.8,0.0,0.0,261.2,0.0,21.4,35.0,35.0,36.3,300.0,300.0,30.200000000000003,34.300000000000004,33.800000000000004,33.4,35.0,4.96,1.99,4.96,0.16,0.0,0.0,1027.0,8228.0,0.0,0.0,0.0,0.0,0.0,1.0,0.0,0.0,0.0,0.0,0.0,1.0,0.0,1.4,0.0,0.0,16.0,25903.0
2026-07-30T18:58:34.054Z,83.537,83.55,0.0,7.4,0.0,0.0,0.0,0.0,0.0,0.0,0.0,0.0,1.0,0.0,0.0,0.0,9.0,4.0,0.0,0.0,0.0,0.0,0.0,0.0,0.0,0.0,1.0,12.0,1.0,12.17,5.0200000000000005,2.51,1.49,0.0,0.0,0.0,60.3,0.0,0.3,-0.4,0.0,98.8,0.0,0.0,261.2,0.0,21.4,35.0,35.0,36.3,300.0,300.0,30.200000000000003,34.300000000000004,33.800000000000004,33.4,35.0,4.96,1.99,4.97,0.16,0.0,0.0,1027.0,8228.0,0.0,0.0,0.0,0.0,0.0,1.0,0.0,0.0,0.0,0.0,0.0,0.0,0.0,0.6000000000000001,0.0,0.0,16.0,25903.0
2026-07-30T18:58:34.066Z,83.549,83.562,0.0,7.4,0.0,0.0,0.0,0.0,0.0,0.0,0.0,0.0,1.0,0.0,0.0,0.0,9.0,4.0,0.0,0.0,0.0,0.0,0.0,0.0,0.0,0.0,3.0,12.0,1.0,12.17,5.0200000000000005,2.51,1.49,0.0,0.0,0.0,59.900000000000006,0.0,-0.8,0.1,0.0,98.8,0.0,0.0,261.2,0.0,21.4,35.0,35.0,36.3,300.0,300.0,30.200000000000003,34.300000000000004,33.800000000000004,33.4,35.0,4.95,1.99,4.97,0.16,0.0,0.0,1027.0,8228.0,0.0,0.0,0.0,0.0,0.0,1.0,0.0,0.0,0.0,0.0,0.0,0.0,0.0,0.0,0.0,0.0,16.0,25903.0
2026-07-30T18:58:34.078Z,83.561,83.574,0.0,7.4,0.0,0.0,0.0,0.0,0.0,0.0,0.0,0.0,1.0,0.0,0.0,0.0,9.0,4.0,0.0,0.0,0.0,0.0,0.0,0.0,0.0,0.0,4.0,12.0,1.0,12.17,5.0200000000000005,2.51,1.49,0.0,0.0,0.0,59.5,0.0,1.5,0.6000000000000001,2.3000000000000003,98.8,0.0,0.0,261.2,0.0,21.4,35.0,35.0,36.3,300.0,300.0,30.200000000000003,34.300000000000004,33.800000000000004,33.4,35.0,4.96,1.99,4.96,0.16,0.0,0.0,1027.0,8228.0,0.0,0.0,0.0,0.0,0.0,1.0,0.0,0.0,0.0,0.0,0.0,-1.9,0.0,-2.4000000000000004,0.0,0.0,16.0,25903.0
2026-07-30T18:58:34.090Z,83.573,83.586,0.0,7.4,0.0,0.0,0.0,0.0,0.0,0.0,0.0,0.0,1.0,0.0,0.0,0.0,9.0,4.0,0.0,0.0,0.0,0.0,0.0,0.0,0.0,0.0,6.0,12.0,1.0,12.17,5.0200000000000005,2.51,1.49,0.0,0.0,0.0,59.0,0.0,-0.7000000000000001,-0.5,-1.2000000000000002,98.8,0.0,0.0,261.2,0.0,21.4,35.0,35.0,36.3,300.0,300.0,30.200000000000003,34.300000000000004,33.800000000000004,33.4,35.0,4.95,2.0,4.96,0.16,0.0,0.0,1027.0,8228.0,0.0,0.0,0.0,0.0,0.0,1.0,0.0,0.0,0.0,0.0,0.0,1.0,0.0,1.4,0.0,0.0,16.0,25903.0
2026-07-30T18:58:34.102Z,83.585,83.598,0.0,7.4,0.0,0.0,0.0,0.0,0.0,0.0,0.0,0.0,1.0,0.0,0.0,0.0,9.0,4.0,0.0,0.0,0.0,0.0,0.0,0.0,0.0,0.0,1.0,12.0,1.0,12.17,5.0200000000000005,2.51,1.49,0.0,0.0,0.0,58.6,0.0,-0.2,-0.4,-1.2000000000000002,98.8,0.0,0.0,261.2,0.0,21.4,35.0,35.0,36.3,300.0,300.0,30.200000000000003,34.300000000000004,33.800000000000004,33.4,35.0,4.95,2.0,4.97,0.16,0.0,0.0,1027.0,8228.0,0.0,0.0,0.0,0.0,0.0,1.0,0.0,0.0,0.0,0.0,0.0,1.0,0.0,1.4,0.0,0.0,16.0,25903.0
2026-07-30T18:58:34.115Z,83.598,83.61,0.0,7.4,0.0,0.0,0.0,0.0,0.0,0.0,0.0,0.0,1.0,0.0,0.0,0.0,9.0,4.0,0.0,0.0,0.0,0.0,0.0,0.0,0.0,0.0,2.0,12.0,1.0,12.17,5.0200000000000005,2.51,1.49,0.0,0.1,0.0,58.2,0.0,0.3,0.1,0.0,98.8,0.0,0.0,261.2,0.0,21.4,35.0,35.0,36.3,300.0,300.0,30.200000000000003,34.300000000000004,33.800000000000004,33.4,35.0,4.95,2.0,4.97,0.16,0.0,0.0,1027.0,8228.0,0.0,0.0,0.0,0.0,0.0,1.0,0.0,0.0,0.0,0.0,0.0,0.0,0.0,0.0,0.0,0.0,16.0,25903.0
2026-07-30T18:58:34.126Z,83.609,83.622,0.0,7.4,0.0,0.0,0.0,0.0,0.0,0.0,0.0,0.0,1.0,0.0,0.0,0.0,9.0,4.0,0.0,0.0,0.0,0.0,0.0,0.0,0.0,0.0,4.0,12.0,1.0,12.17,5.0200000000000005,2.51,1.49,0.0,0.0,0.0,57.900000000000006,0.0,0.3,-0.4,0.5,98.8,0.0,0.0,261.2,0.0,21.4,35.0,35.0,36.3,300.0,300.0,30.200000000000003,34.300000000000004,33.800000000000004,33.4,35.0,4.96,2.0,4.96,0.16,0.0,0.0,1027.0,8228.0,0.0,0.0,0.0,0.0,0.0,1.0,0.0,0.0,0.0,0.0,0.0,-0.5,0.0,0.1,0.0,0.0,16.0,25903.0
2026-07-30T18:58:34.138Z,83.621,83.634,0.0,7.4,0.0,0.0,0.0,0.0,0.0,0.0,0.0,0.0,1.0,0.0,0.0,0.0,9.0,4.0,0.0,0.0,0.0,0.0,0.0,0.0,0.0,0.0,5.0,12.0,1.0,12.17,5.0200000000000005,2.51,1.49,0.0,0.0,0.0,57.400000000000006,0.0,-0.2,0.0,-1.2000000000000002,98.8,0.0,0.0,261.2,0.0,21.4,35.0,35.0,36.3,300.0,300.0,30.200000000000003,34.300000000000004,33.800000000000004,33.4,35.0,4.95,1.99,4.97,0.16,0.0,0.0,1027.0,8228.0,0.0,0.0,0.0,0.0,0.0,1.0,0.0,0.0,0.0,0.0,0.0,1.1,0.0,0.7000000000000001,0.0,0.0,16.0,25903.0
2026-07-30T18:58:34.150Z,83.633,83.646,0.0,7.4,0.0,0.0,0.0,0.0,0.0,0.0,0.0,0.0,1.0,0.0,0.0,0.0,9.0,4.0,0.0,0.0,0.0,0.0,0.0,0.0,0.0,0.0,5.0,12.0,1.0,12.18,5.01,2.51,1.49,0.0,0.0,0.0,57.1,0.0,0.3,0.0,-1.8,98.8,0.0,0.0,261.2,0.0,21.4,35.0,35.0,36.2,300.0,300.0,30.3,34.2,33.800000000000004,33.4,35.0,4.95,1.99,4.96,0.16,0.0,0.0,1027.0,8228.0,0.0,0.0,0.0,0.0,0.0,1.0,0.0,0.0,0.0,0.0,0.0,1.6,0.0,1.2000000000000002,0.0,0.0,16.0,25903.0
2026-07-30T18:58:34.162Z,83.645,83.658,0.0,7.4,0.0,0.0,0.0,0.0,0.0,0.0,0.0,0.0,1.0,0.0,0.0,0.0,9.0,4.0,0.0,0.0,0.0,0.0,0.0,0.0,0.0,0.0,6.0,12.0,1.0,12.18,5.01,2.51,1.49,0.0,0.0,0.0,56.7,0.0,0.3,0.6000000000000001,1.1,98.8,0.0,0.0,261.2,0.0,21.4,35.0,35.0,36.2,300.0,300.0,30.3,34.2,33.800000000000004,33.4,35.0,4.96,2.0,4.96,0.16,0.0,0.0,1027.0,8228.0,0.0,0.0,0.0,0.0,0.0,1.0,0.0,0.0,0.0,0.0,0.0,-0.9,0.0,-1.5,0.0,0.0,16.0,25903.0
2026-07-30T18:58:34.174Z,83.657,83.67,0.0,7.4,0.0,0.0,0.0,0.0,0.0,0.0,0.0,0.0,1.0,0.0,0.0,0.0,9.0,4.0,0.0,0.0,0.0,0.0,0.0,0.0,0.0,0.0,2.0,12.0,1.0,12.18,5.01,2.51,1.49,0.0,0.0,0.0,56.3,0.0,0.8,0.0,0.5,98.8,0.0,0.0,261.2,0.0,21.4,35.0,35.0,36.2,300.0,300.0,30.3,34.2,33.800000000000004,33.4,35.0,4.95,2.0,4.97,0.16,0.0,0.0,1027.0,8228.0,0.0,0.0,0.0,0.0,0.0,1.0,0.0,0.0,0.0,0.0,0.0,-0.4,0.0,-0.3,0.0,0.0,16.0,25903.0
2026-07-30T18:58:34.186Z,83.669,83.682,0.0,7.4,0.0,0.0,0.0,0.0,0.0,0.0,0.0,0.0,1.0,0.0,0.0,0.0,9.0,4.0,0.0,0.0,0.0,0.0,0.0,0.0,0.0,0.0,3.0,12.0,1.0,12.18,5.01,2.51,1.49,0.0,0.0,0.0,55.900000000000006,0.0,0.2,0.0,0.5,98.8,0.0,0.0,261.2,0.0,21.4,35.0,35.0,36.2,300.0,300.0,30.3,34.2,33.800000000000004,33.4,35.0,4.95,1.99,4.97,0.16,0.0,0.0,1027.0,8228.0,0.0,0.0,0.0,0.0,0.0,1.0,0.0,0.0,0.0,0.0,0.0,-0.4,0.0,-0.3,0.0,0.0,16.0,25903.0
2026-07-30T18:58:34.202Z,83.685,83.694,0.0,7.4,0.0,0.0,0.0,0.0,0.0,0.0,0.0,0.0,1.0,0.0,0.0,0.0,9.0,4.0,0.0,0.0,0.0,0.0,0.0,0.0,0.0,0.0,4.0,12.0,1.0,12.18,5.01,2.51,1.49,0.0,0.0,0.0,55.5,0.0,-0.2,0.5,1.1,98.8,0.0,0.0,261.2,0.0,21.4,35.0,35.0,36.2,300.0,300.0,30.3,34.2,33.800000000000004,33.4,35.0,4.95,2.0,4.96,0.16,0.0,0.0,1027.0,8228.0,0.0,0.0,0.0,0.0,0.0,1.0,0.0,0.0,0.0,0.0,0.0,-0.8,0.0,-1.4,0.0,-0.0001,16.0,25903.0
2026-07-30T18:58:34.219Z,83.702,83.706,0.0,7.4,0.0,0.0,0.0,0.0,0.0,0.0,0.0,0.0,1.0,0.0,0.0,0.0,9.0,4.0,0.0,0.0,0.0,0.0,0.0,0.0,0.0,0.0,3.0,12.0,1.0,12.18,5.01,2.51,1.49,0.0,0.0,0.0,55.1,0.0,0.9,0.0,-1.2000000000000002,98.8,0.0,0.0,261.2,0.0,21.4,35.0,35.0,36.2,300.0,300.0,30.3,34.2,33.800000000000004,33.4,35.0,4.96,1.99,4.96,0.16,0.0,0.0,1027.0,8228.0,0.0,0.0,0.0,0.0,0.0,1.0,0.0,0.0,0.0,0.0,0.0,1.1,0.0,0.8,0.0,-0.0001,16.0,25903.0
2026-07-30T18:58:34.222Z,83.705,83.718,0.0,7.4,0.0,0.0,0.0,0.0,0.0,0.0,0.0,0.0,1.0,0.0,0.0,0.0,9.0,4.0,0.0,0.0,0.0,0.0,0.0,0.0,0.0,0.0,1.0,12.0,1.0,12.18,5.01,2.51,1.49,0.0,0.0,0.0,54.7,0.0,-0.2,-0.5,-0.6000000000000001,98.8,0.0,0.0,261.2,0.0,21.4,35.0,35.0,36.2,300.0,300.0,30.3,34.2,33.800000000000004,33.4,35.0,4.95,1.99,4.97,0.16,0.0,0.0,1027.0,8228.0,0.0,0.0,0.0,0.0,0.0,1.0,0.0,0.0,0.0,0.0,0.0,0.4,0.0,1.0,0.0,-0.0001,16.0,25903.0
2026-07-30T18:58:34.234Z,83.717,83.73,0.0,7.4,0.0,0.0,0.0,0.0,0.0,0.0,0.0,0.0,1.0,0.0,0.0,0.0,9.0,4.0,0.0,0.0,0.0,0.0,0.0,0.0,0.0,0.0,2.0,12.0,1.0,12.18,5.01,2.51,1.49,0.0,0.0,0.0,54.3,0.0,-0.2,0.0,-0.6000000000000001,98.8,0.0,0.0,261.2,0.0,21.4,35.0,35.0,36.2,300.0,300.0,30.3,34.2,33.800000000000004,33.4,35.0,4.96,1.99,4.96,0.16,0.0,0.0,1027.0,8228.0,0.0,0.0,0.0,0.0,0.0,1.0,0.0,0.0,0.0,0.0,0.0,0.5,0.0,0.4,0.0,-0.0001,16.0,25903.0
2026-07-30T18:58:34.248Z,83.731,83.742,0.0,7.4,0.0,0.0,0.0,0.0,0.0,0.0,0.0,0.0,1.0,0.0,0.0,0.0,9.0,4.0,0.0,0.0,0.0,0.0,0.0,0.0,0.0,0.0,3.0,12.0,1.0,12.15,5.01,2.51,1.49,0.0,0.0,0.0,53.900000000000006,0.0,-0.2,0.6000000000000001,-0.6000000000000001,98.8,0.0,0.0,261.2,0.0,21.8,35.0,35.0,36.2,300.0,300.0,30.200000000000003,34.300000000000004,33.7,33.4,35.0,4.96,2.0,4.97,0.16,0.0,0.0,1027.0,8228.0,0.0,0.0,0.0,0.0,0.0,1.0,0.0,0.0,0.0,0.0,0.0,0.6000000000000001,0.0,-0.2,0.0,-0.0001,16.0,25903.0
2026-07-30T18:58:34.259Z,83.742,83.754,0.0,7.4,0.0,0.0,0.0,0.0,0.0,0.0,0.0,0.0,1.0,0.0,0.0,0.0,9.0,4.0,0.0,0.0,0.0,0.0,0.0,0.0,0.0,0.0,5.0,12.0,1.0,12.15,5.01,2.51,1.49,0.0,0.0,0.0,53.6,0.0,-0.2,1.1,1.1,98.8,0.0,0.0,261.2,0.0,21.8,35.0,35.0,36.2,300.0,300.0,30.200000000000003,34.300000000000004,33.7,33.4,35.0,4.95,1.99,4.97,0.16,0.0,0.0,1027.0,8228.0,0.0,0.0,0.0,0.0,0.0,1.0,0.0,0.0,0.0,0.0,0.0,-0.8,0.0,-2.2,0.0,-0.0001,16.0,25903.0
2026-07-30T18:58:34.270Z,83.753,83.766,0.0,7.4,0.0,0.0,0.0,0.0,0.0,0.0,0.0,0.0,1.0,0.0,0.0,0.0,9.0,4.0,0.0,0.0,0.0,0.0,0.0,0.0,0.0,0.0,6.0,12.0,1.0,12.15,5.01,2.51,1.49,0.0,0.1,0.0,53.2,0.0,0.3,-0.5,1.8,98.8,0.0,0.0,261.2,0.0,21.8,35.0,35.0,36.2,300.0,300.0,30.200000000000003,34.300000000000004,33.7,33.4,35.0,4.96,1.99,4.97,0.16,0.0,0.0,1027.0,8228.0,0.0,0.0,0.0,0.0,0.0,1.0,0.0,0.0,0.0,0.0,0.0,-1.7000000000000002,0.0,-0.7000000000000001,0.0,-0.0001,16.0,25903.0
2026-07-30T18:58:34.283Z,83.766,83.778,0.0,7.4,0.0,0.0,0.0,0.0,0.0,0.0,0.0,0.0,1.0,0.0,0.0,0.0,9.0,4.0,0.0,0.0,0.0,0.0,0.0,0.0,0.0,0.0,1.0,12.0,1.0,12.15,5.01,2.51,1.49,0.0,0.0,0.0,52.900000000000006,0.0,0.3,0.0,1.1,98.8,0.0,0.0,261.2,0.0,21.8,35.0,35.0,36.2,300.0,300.0,30.200000000000003,34.300000000000004,33.7,33.4,35.0,4.95,1.99,4.96,0.16,0.0,0.0,1027.0,8228.0,0.0,0.0,0.0,0.0,0.0,1.0,0.0,0.0,0.0,0.0,0.0,-1.0,0.0,-0.9,0.0,-0.0001,16.0,25903.0
2026-07-30T18:58:34.294Z,83.777,83.79,0.0,7.4,0.0,0.0,0.0,0.0,0.0,0.0,0.0,0.0,1.0,0.0,0.0,0.0,9.0,4.0,0.0,0.0,0.0,0.0,0.0,0.0,0.0,0.0,2.0,12.0,1.0,12.15,5.01,2.51,1.49,0.0,0.0,0.0,52.5,0.0,-0.2,1.1,0.0,98.8,0.0,0.0,261.2,0.0,21.8,35.0,35.0,36.2,300.0,300.0,30.200000000000003,34.300000000000004,33.7,33.4,35.0,4.95,1.99,4.97,0.16,0.0,0.0,1027.0,8228.0,0.0,0.0,0.0,0.0,0.0,1.0,0.0,0.0,0.0,0.0,0.0,0.1,0.0,-1.3,0.0,-0.0001,16.0,25903.0
2026-07-30T18:58:34.306Z,83.789,83.802,-0.1,7.4,0.0,0.0,0.0,0.0,0.0,0.0,0.0,0.0,1.0,0.0,0.0,0.0,9.0,4.0,0.0,0.0,0.0,0.0,0.0,0.0,0.0,0.0,4.0,12.0,1.0,12.15,5.01,2.51,1.49,0.0,0.0,0.0,52.0,0.0,-0.2,0.0,-1.0,98.8,0.0,0.0,261.2,0.0,21.8,35.0,35.0,36.2,300.0,300.0,30.200000000000003,34.300000000000004,33.7,33.4,35.0,4.95,1.99,4.97,0.16,0.0,0.0,1027.0,8228.0,0.0,0.0,0.0,0.0,0.0,1.0,0.0,0.0,0.0,0.0,0.0,0.9,0.0,0.7000000000000001,0.0,-0.0001,16.0,25903.0
2026-07-30T18:58:34.318Z,83.801,83.81400000000001,0.0,7.4,0.0,0.0,0.0,0.0,0.0,0.0,0.0,0.0,1.0,0.0,0.0,0.0,9.0,4.0,0.0,0.0,0.0,0.0,0.0,0.0,0.0,0.0,4.0,12.0,1.0,12.15,5.01,2.51,1.49,0.0,0.0,0.0,51.8,0.0,0.9,0.1,1.8,98.8,0.0,0.0,261.2,0.0,21.8,35.0,35.0,36.2,300.0,300.0,30.200000000000003,34.300000000000004,33.7,33.4,35.0,4.96,1.99,4.96,0.15,0.0,0.0,1027.0,8228.0,0.0,0.0,0.0,0.0,0.0,1.0,0.0,0.0,0.0,0.0,0.0,-1.6,0.0,-1.4,0.0,-0.0001,16.0,25903.0
2026-07-30T18:58:34.330Z,83.813,83.82600000000001,-0.1,7.4,0.0,0.0,0.0,0.0,0.0,0.0,0.0,0.0,1.0,0.0,0.0,0.0,9.0,4.0,0.0,0.0,0.0,0.0,0.0,0.0,0.0,0.0,6.0,12.0,1.0,12.15,5.01,2.51,1.49,0.0,0.0,0.0,51.400000000000006,0.0,0.3,-0.4,-0.4,98.8,0.0,0.0,261.2,0.0,21.8,35.0,35.0,36.2,300.0,300.0,30.200000000000003,34.300000000000004,33.7,33.4,35.0,4.95,2.0,4.97,0.15,0.0,0.0,1027.0,8228.0,0.0,0.0,0.0,0.0,0.0,1.0,0.0,0.0,0.0,0.0,0.0,0.3,0.0,0.8,0.0,-0.0001,16.0,25903.0
2026-07-30T18:58:34.343Z,83.826,83.83800000000001,-0.1,7.4,0.0,0.0,0.0,0.0,0.0,0.0,0.0,0.0,1.0,0.0,0.0,0.0,9.0,4.0,0.0,0.0,0.0,0.0,0.0,0.0,0.0,0.0,1.0,12.0,1.0,12.15,5.01,2.51,1.49,0.0,0.0,0.0,51.0,0.0,-0.2,-0.4,-0.5,98.8,0.0,0.0,261.2,0.0,21.8,35.0,35.0,36.2,300.0,300.0,30.200000000000003,34.300000000000004,33.7,33.4,35.0,4.95,1.99,4.96,0.16,0.0,0.0,1027.0,8228.0,0.0,0.0,0.0,0.0,0.0,1.0,0.0,0.0,0.0,0.0,0.0,0.3,0.0,0.9,0.0,-0.0001,16.0,25903.0
2026-07-30T18:58:34.354Z,83.837,83.85000000000001,-0.1,7.4,0.0,0.0,0.0,0.0,0.0,0.0,0.0,0.0,1.0,0.0,0.0,0.0,9.0,4.0,0.0,0.0,0.0,0.0,0.0,0.0,0.0,0.0,3.0,12.0,1.0,12.17,5.0200000000000005,2.51,1.49,0.0,0.0,0.0,50.6,0.0,0.3,0.1,0.6000000000000001,98.8,0.0,0.0,261.2,0.0,21.3,35.0,35.0,36.2,300.0,300.0,30.1,34.300000000000004,33.7,33.300000000000004,34.9,4.95,1.99,4.96,0.16,0.0,0.0,1027.0,8228.0,0.0,0.0,0.0,0.0,0.0,1.0,0.0,0.0,0.0,0.0,0.0,-0.5,0.0,-0.6000000000000001,0.0,-0.0001,16.0,25903.0
2026-07-30T18:58:34.366Z,83.849,83.862,-0.1,7.4,0.0,0.0,0.0,0.0,0.0,0.0,0.0,0.0,1.0,0.0,0.0,0.0,9.0,4.0,0.0,0.0,0.0,0.0,0.0,0.0,0.0,0.0,4.0,12.0,1.0,12.17,5.0200000000000005,2.51,1.49,0.0,0.0,0.0,50.2,0.0,0.3,-0.4,-0.4,98.8,0.0,0.0,261.2,0.0,21.3,35.0,35.0,36.2,300.0,300.0,30.1,34.300000000000004,33.7,33.300000000000004,34.9,4.96,1.99,4.96,0.15,0.0,0.0,1027.0,8228.0,0.0,0.0,0.0,0.0,0.0,1.0,0.0,0.0,0.0,0.0,0.0,0.3,0.0,0.8,0.0,-0.0001,16.0,25903.0
2026-07-30T18:58:34.378Z,83.861,83.874,-0.1,7.4,0.0,0.0,0.0,0.0,0.0,0.0,0.0,0.0,1.0,0.0,0.0,0.0,9.0,4.0,0.0,0.0,0.0,0.0,0.0,0.0,0.0,0.0,5.0,12.0,1.0,12.17,5.0200000000000005,2.51,1.49,0.0,0.1,0.0,49.900000000000006,0.0,-0.1,-0.4,0.0,98.8,0.0,0.0,261.2,0.0,21.3,35.0,35.0,36.2,300.0,300.0,30.1,34.300000000000004,33.7,33.300000000000004,34.9,4.95,1.99,4.97,0.15,0.0,0.0,1027.0,8228.0,0.0,0.0,0.0,0.0,0.0,1.0,0.0,0.0,0.0,0.0,0.0,-0.1,0.0,0.4,0.0,-0.0001,16.0,25903.0
2026-07-30T18:58:34.391Z,83.874,83.886,-0.1,7.4,0.0,0.0,0.0,0.0,0.0,0.0,0.0,0.0,1.0,0.0,0.0,0.0,9.0,4.0,0.0,0.0,0.0,0.0,0.0,0.0,0.0,0.0,6.0,12.0,1.0,12.17,5.0200000000000005,2.51,1.49,0.0,0.0,0.0,49.6,0.0,-0.1,1.2000000000000002,-0.5,98.8,0.0,0.0,261.2,0.0,21.3,35.0,35.0,36.2,300.0,300.0,30.1,34.300000000000004,33.7,33.300000000000004,34.9,4.95,1.99,4.96,0.16,0.0,0.0,1027.0,8228.0,0.0,0.0,0.0,0.0,0.0,1.0,0.0,0.0,0.0,0.0,0.0,0.6000000000000001,0.0,-1.0,0.0,-0.0001,16.0,25903.0
2026-07-30T18:58:34.403Z,83.886,83.898,-0.1,7.4,0.0,0.0,0.0,0.0,0.0,0.0,0.0,0.0,1.0,0.0,0.0,0.0,9.0,4.0,0.0,0.0,0.0,0.0,0.0,0.0,0.0,0.0,2.0,12.0,1.0,12.17,5.0200000000000005,2.51,1.49,0.0,0.0,0.0,49.3,0.0,-0.1,0.6000000000000001,0.0,98.8,0.0,0.0,261.2,0.0,21.3,35.0,35.0,36.2,300.0,300.0,30.1,34.300000000000004,33.7,33.300000000000004,34.9,4.96,1.99,4.96,0.16,0.0,0.0,1027.0,8228.0,0.0,0.0,0.0,0.0,0.0,1.0,0.0,0.0,0.0,0.0,0.0,0.0,0.0,-0.7000000000000001,0.0,-0.0001,16.0,25903.0
2026-07-30T18:58:34.414Z,83.897,83.91,-0.1,7.4,0.0,0.0,0.0,0.0,0.0,0.0,0.0,0.0,1.0,0.0,0.0,0.0,9.0,4.0,0.0,0.0,0.0,0.0,0.0,0.0,0.0,0.0,3.0,12.0,1.0,12.17,5.0200000000000005,2.51,1.49,0.0,0.0,0.0,48.900000000000006,0.0,-0.1,0.0,0.0,98.8,0.0,0.0,261.2,0.0,21.3,35.0,35.0,36.2,300.0,300.0,30.1,34.300000000000004,33.7,33.300000000000004,34.9,4.95,1.99,4.96,0.16,0.0,0.0,1027.0,8228.0,0.0,0.0,0.0,0.0,0.0,1.0,0.0,0.0,0.0,0.0,0.0,0.0,0.0,0.0,0.0,-0.0001,16.0,25903.0
2026-07-30T18:58:34.426Z,83.909,83.922,-0.1,7.4,0.0,0.0,0.0,0.0,0.0,0.0,0.0,0.0,1.0,0.0,0.0,0.0,9.0,4.0,0.0,0.0,0.0,0.0,0.0,0.0,0.0,0.0,3.0,12.0,1.0,12.17,5.0200000000000005,2.51,1.49,0.0,0.0,0.0,48.5,0.0,0.3,-0.5,0.0,98.8,0.0,0.0,261.2,0.0,21.3,35.0,35.0,36.2,300.0,300.0,30.1,34.300000000000004,33.7,33.300000000000004,34.9,4.95,1.99,4.97,0.16,0.0,0.0,1027.0,8228.0,0.0,0.0,0.0,0.0,0.0,1.0,0.0,0.0,0.0,0.0,0.0,-0.1,0.0,0.5,0.0,-0.0001,16.0,25903.0
2026-07-30T18:58:34.438Z,83.921,83.934,-0.1,7.4,0.0,0.0,0.0,0.0,0.0,0.0,0.0,0.0,1.0,0.0,0.0,0.0,9.0,4.0,0.0,0.0,0.0,0.0,0.0,0.0,0.0,0.0,4.0,12.0,1.0,12.17,5.0200000000000005,2.51,1.49,0.0,0.0,0.0,48.2,0.0,-0.8,0.0,0.0,98.8,0.0,0.0,261.2,0.0,21.3,35.0,35.0,36.2,300.0,300.0,30.1,34.300000000000004,33.7,33.300000000000004,34.9,4.95,1.99,4.96,0.16,0.0,0.0,1027.0,8228.0,0.0,0.0,0.0,0.0,0.0,1.0,0.0,0.0,0.0,0.0,0.0,0.0,0.0,0.0,0.0,-0.0001,16.0,25903.0
2026-07-30T18:58:34.451Z,83.934,83.946,-0.1,7.4,0.0,0.0,0.0,0.0,0.0,0.0,0.0,0.0,1.0,0.0,0.0,0.0,9.0,4.0,0.0,0.0,0.0,0.0,0.0,0.0,0.0,0.0,6.0,12.0,1.0,12.15,5.01,2.5,1.49,0.0,0.0,0.0,47.900000000000006,0.0,-0.2,0.0,-1.1,98.8,0.0,0.0,261.2,0.0,21.8,35.0,35.0,36.2,300.0,300.0,30.1,34.2,33.7,33.300000000000004,34.9,4.96,2.0,4.96,0.16,0.0,0.0,1027.0,8228.0,0.0,0.0,0.0,0.0,0.0,1.0,0.0,0.0,0.0,0.0,0.0,-1.4,0.0,-1.8,0.0,-0.0001,16.0,25903.0
2026-07-30T18:58:34.462Z,83.945,83.958,-0.1,7.4,0.0,0.0,0.0,0.0,0.0,0.0,0.0,0.0,1.0,0.0,0.0,0.0,9.0,4.0,0.0,0.0,0.0,0.0,0.0,0.0,0.0,0.0,2.0,12.0,1.0,12.15,5.01,2.5,1.49,0.0,0.0,0.0,47.5,0.0,0.3,0.5,0.6000000000000001,98.8,0.0,0.0,261.2,0.0,21.8,35.0,35.0,36.2,300.0,300.0,30.1,34.2,33.7,33.300000000000004,34.9,4.95,2.0,4.97,0.16,0.0,0.0,1027.0,8228.0,0.0,0.0,0.0,0.0,0.0,1.0,0.0,0.0,0.0,0.0,0.0,0.2,0.0,1.8,0.0,-0.0001,16.0,25903.0
2026-07-30T18:58:34.474Z,83.957,83.97,-0.1,7.4,0.0,0.0,0.0,0.0,0.0,0.0,0.0,0.0,1.0,0.0,0.0,0.0,9.0,4.0,0.0,0.0,0.0,0.0,0.0,0.0,0.0,0.0,3.0,12.0,1.0,12.15,5.01,2.5,1.49,0.0,0.0,0.0,47.2,0.0,-0.8,0.0,-1.1,98.8,0.0,0.0,261.2,0.0,21.8,35.0,35.0,36.2,300.0,300.0,30.1,34.2,33.7,33.300000000000004,34.9,4.95,1.99,4.96,0.16,0.0,0.0,1027.0,8228.0,0.0,0.0,0.0,0.0,0.0,1.0,0.0,0.0,0.0,0.0,0.0,-0.1,0.0,0.6000000000000001,0.0,-0.0001,16.0,25903.0
2026-07-30T18:58:34.486Z,83.969,83.982,-0.1,7.4,0.0,0.0,0.0,0.0,0.0,0.0,0.0,0.0,1.0,0.0,0.0,0.0,9.0,4.0,0.0,0.0,0.0,0.0,0.0,0.0,0.0,0.0,4.0,12.0,1.0,12.15,5.01,2.5,1.49,0.0,0.0,0.0,46.900000000000006,0.0,-0.2,0.0,0.0,98.8,0.0,0.0,261.2,0.0,21.8,35.0,35.0,36.2,300.0,300.0,30.1,34.2,33.7,33.300000000000004,34.9,4.95,2.0,4.96,0.16,0.0,0.0,1027.0,8228.0,0.0,0.0,0.0,0.0,0.0,1.0,0.0,0.0,0.0,0.0,0.0,0.0,0.0,0.0,0.0,-0.0001,16.0,25903.0
2026-07-30T18:58:34.498Z,83.981,83.994,0.0,7.4,0.0,0.0,0.0,0.0,0.0,0.0,0.0,0.0,1.0,0.0,0.0,0.0,9.0,4.0,0.0,0.0,0.0,0.0,0.0,0.0,0.0,0.0,5.0,12.0,1.0,12.15,5.01,2.5,1.49,0.0,0.1,0.0,46.5,0.0,-0.3,0.0,0.0,98.8,0.0,0.0,261.2,0.0,21.8,35.0,35.0,36.2,300.0,300.0,30.1,34.2,33.7,33.300000000000004,34.9,4.95,1.99,4.96,0.16,0.0,0.0,1027.0,8228.0,0.0,0.0,0.0,0.0,0.0,1.0,0.0,0.0,0.0,0.0,0.0,0.0,0.0,0.1,0.0,-0.0001,16.0,25903.0
2026-07-30T18:58:34.515Z,83.998,84.006,0.0,7.4,0.0,0.0,0.0,0.0,0.0,0.0,0.0,0.0,1.0,0.0,0.0,0.0,9.0,4.0,0.0,0.0,0.0,0.0,0.0,0.0,0.0,0.0,6.0,12.0,1.0,12.15,5.01,2.5,1.49,0.0,0.0,0.0,46.2,0.0,-0.2,-1.1,0.4,98.8,0.0,0.0,261.2,0.0,21.8,35.0,35.0,36.2,300.0,300.0,30.1,34.2,33.7,33.300000000000004,34.9,4.95,1.99,4.97,0.16,0.0,0.0,1027.0,8228.0,0.0,0.0,0.0,0.0,0.0,1.0,0.0,0.0,0.0,0.0,0.0,-0.6000000000000001,0.0,1.0,0.0,-0.0001,16.0,25903.0
2026-07-30T18:58:34.528Z,84.011,84.018,0.0,7.4,0.0,0.0,0.0,0.0,0.0,0.0,0.0,0.0,1.0,0.0,0.0,0.0,9.0,4.0,0.0,0.0,0.0,0.0,0.0,0.0,0.0,0.0,6.0,12.0,1.0,12.15,5.01,2.5,1.49,0.0,0.0,0.0,45.8,0.0,-0.8,-0.5,-1.8,98.8,0.0,0.0,261.2,0.0,21.8,35.0,35.0,36.2,300.0,300.0,30.1,34.2,33.7,33.300000000000004,34.9,4.96,2.0,4.96,0.16,0.0,0.0,1027.0,8228.0,0.0,0.0,0.0,0.0,0.0,1.0,0.0,0.0,0.0,0.0,0.0,1.6,0.0,2.0,0.0,-0.0001,16.0,25903.0
2026-07-30T18:58:34.534Z,84.017,84.03,0.0,7.4,0.0,0.0,0.0,0.0,0.0,0.0,0.0,0.0,1.0,0.0,0.0,0.0,9.0,4.0,0.0,0.0,0.0,0.0,0.0,0.0,0.0,0.0,4.0,12.0,1.0,12.15,5.01,2.5,1.49,0.0,0.0,0.0,45.5,0.0,-0.2,1.1,0.4,98.8,0.0,0.0,261.2,0.0,21.8,35.0,35.0,36.2,300.0,300.0,30.1,34.2,33.7,33.300000000000004,34.9,4.96,1.99,4.97,0.16,0.0,0.0,1027.0,8228.0,0.0,0.0,0.0,0.0,0.0,1.0,0.0,0.0,0.0,0.0,0.0,-0.2,0.0,-1.6,0.0,-0.0001,16.0,25903.0
2026-07-30T18:58:34.546Z,84.029,84.042,0.0,7.4,0.0,0.0,0.0,0.0,0.0,0.0,0.0,0.0,1.0,0.0,0.0,0.0,9.0,4.0,0.0,0.0,0.0,0.0,0.0,0.0,0.0,0.0,4.0,12.0,1.0,12.15,5.01,2.5,1.49,0.0,0.0,0.0,45.1,0.0,-0.2,-0.5,0.4,98.8,0.0,0.0,261.2,0.0,21.8,35.0,35.0,36.2,300.0,300.0,30.1,34.2,33.7,33.300000000000004,34.9,4.95,1.99,4.97,0.16,0.0,0.0,1027.0,8228.0,0.0,0.0,0.0,0.0,0.0,1.0,0.0,0.0,0.0,0.0,0.0,-0.5,0.0,0.3,0.0,-0.0001,16.0,25903.0
2026-07-30T18:58:34.558Z,84.041,84.054,0.0,7.4,0.0,0.0,0.0,0.0,0.0,0.0,0.0,0.0,1.0,0.0,0.0,0.0,9.0,4.0,0.0,0.0,0.0,0.0,0.0,0.0,0.0,0.0,6.0,12.0,1.0,12.17,5.01,2.5,1.49,0.0,0.0,0.0,44.8,0.0,-0.2,-0.5,0.5,98.8,0.0,0.0,261.2,0.0,20.9,35.0,35.0,36.1,300.0,300.0,30.3,34.2,33.7,33.300000000000004,34.9,4.96,1.99,4.96,0.16,0.0,0.0,1027.0,8228.0,0.0,0.0,0.0,0.0,0.0,1.0,0.0,0.0,0.0,0.0,0.0,-0.5,0.0,0.2,0.0,-0.0001,16.0,25903.0
2026-07-30T18:58:34.570Z,84.053,84.066,0.0,7.4,0.0,0.0,0.0,0.0,0.0,0.0,0.0,0.0,1.0,0.0,0.0,0.0,9.0,4.0,0.0,0.0,0.0,0.0,0.0,0.0,0.0,0.0,1.0,12.0,1.0,12.17,5.01,2.5,1.49,0.0,0.0,0.0,44.5,0.0,0.3,-1.1,0.0,98.8,0.0,0.0,261.2,0.0,20.9,35.0,35.0,36.1,300.0,300.0,30.3,34.2,33.7,33.300000000000004,34.9,4.95,2.0,4.96,0.16,0.0,0.0,1027.0,8228.0,0.0,0.0,0.0,0.0,0.0,1.0,0.0,0.0,0.0,0.0,0.0,-0.1,0.0,1.3,0.0,-0.0001,16.0,25903.0
2026-07-30T18:58:34.582Z,84.065,84.078,0.0,7.4,0.0,0.0,0.0,0.0,0.0,0.0,0.0,0.0,1.0,0.0,0.0,0.0,9.0,4.0,0.0,0.0,0.0,0.0,0.0,0.0,0.0,0.0,2.0,12.0,1.0,12.17,5.01,2.5,1.49,0.0,0.1,0.0,44.2,0.0,0.9,0.0,0.4,98.8,0.0,0.0,261.2,0.0,20.9,35.0,35.0,36.1,300.0,300.0,30.3,34.2,33.7,33.300000000000004,34.9,4.95,1.99,4.97,0.16,0.0,0.0,1027.0,8228.0,0.0,0.0,0.0,0.0,0.0,1.0,0.0,0.0,0.0,0.0,0.0,-0.4,0.0,-0.3,0.0,-0.0001,16.0,25903.0
2026-07-30T18:58:34.594Z,84.077,84.09,0.0,7.4,0.0,0.0,0.0,0.0,0.0,0.0,0.0,0.0,1.0,0.0,0.0,0.0,9.0,4.0,0.0,0.0,0.0,0.0,0.0,0.0,0.0,0.0,3.0,12.0,1.0,12.17,5.01,2.5,1.49,0.0,0.0,0.0,44.0,0.0,-0.2,0.0,-0.6000000000000001,98.8,0.0,0.0,261.2,0.0,20.9,35.0,35.0,36.1,300.0,300.0,30.3,34.2,33.7,33.300000000000004,34.9,4.96,1.99,4.97,0.16,0.0,0.0,1027.0,8228.0,0.0,0.0,0.0,0.0,0.0,1.0,0.0,0.0,0.0,0.0,0.0,0.6000000000000001,0.0,0.4,0.0,-0.0001,16.0,25903.0
2026-07-30T18:58:34.606Z,84.089,84.102,0.0,7.4,0.0,0.0,0.0,0.0,0.0,0.0,0.0,0.0,1.0,0.0,0.0,0.0,9.0,4.0,0.0,0.0,0.0,0.0,0.0,0.0,0.0,0.0,4.0,12.0,1.0,12.17,5.01,2.5,1.49,0.0,0.0,0.0,43.6,0.0,0.3,-0.5,-0.1,98.8,0.0,0.0,261.2,0.0,20.9,35.0,35.0,36.1,300.0,300.0,30.3,34.2,33.7,33.300000000000004,34.9,4.96,1.99,4.96,0.16,0.0,0.0,1027.0,8228.0,0.0,0.0,0.0,0.0,0.0,1.0,0.0,0.0,0.0,0.0,0.0,0.0,0.0,0.7000000000000001,0.0,-0.0001,16.0,25903.0
2026-07-30T18:58:34.619Z,84.102,84.114,0.0,7.4,0.0,0.0,0.0,0.0,0.0,0.0,0.0,0.0,1.0,0.0,0.0,0.0,9.0,4.0,0.0,0.0,0.0,0.0,0.0,0.0,0.0,0.0,5.0,12.0,1.0,12.17,5.01,2.5,1.49,0.0,0.0,0.0,43.2,0.0,-0.8,-1.1,-0.6000000000000001,98.8,0.0,0.0,261.2,0.0,20.9,35.0,35.0,36.1,300.0,300.0,30.3,34.2,33.7,33.300000000000004,34.9,4.95,1.99,4.97,0.16,0.0,0.0,1027.0,8228.0,0.0,0.0,0.0,0.0,0.0,1.0,0.0,0.0,0.0,0.0,0.0,0.4,0.0,1.8,0.0,-0.0001,16.0,25903.0
2026-07-30T18:58:34.630Z,84.113,84.126,0.0,7.4,0.0,0.0,0.0,0.0,0.0,0.0,0.0,0.0,1.0,0.0,0.0,0.0,9.0,4.0,0.0,0.0,0.0,0.0,0.0,0.0,0.0,0.0,6.0,12.0,1.0,12.17,5.01,2.5,1.49,0.0,0.0,0.0,42.900000000000006,0.0,-0.2,1.7000000000000002,1.6,98.8,0.0,0.0,261.2,0.0,20.9,35.0,35.0,36.1,300.0,300.0,30.3,34.2,33.7,33.300000000000004,34.9,4.95,1.99,4.96,0.16,0.0,0.0,1027.0,8228.0,0.0,0.0,0.0,0.0,0.0,1.0,0.0,0.0,0.0,0.0,0.0,-1.1,0.0,-3.1,0.0,-0.0001,16.0,25903.0
2026-07-30T18:58:34.643Z,84.126,84.138,0.0,7.4,0.0,0.0,0.0,0.0,0.0,0.0,0.0,0.0,1.0,0.0,0.0,0.0,9.0,4.0,0.0,0.0,0.0,0.0,0.0,0.0,0.0,0.0,1.0,12.0,1.0,12.17,5.01,2.5,1.49,0.0,0.0,0.0,42.6,0.0,0.3,0.0,-0.1,98.8,0.0,0.0,261.2,0.0,20.9,35.0,35.0,36.1,300.0,300.0,30.3,34.2,33.7,33.300000000000004,34.9,4.96,2.0,4.96,0.16,0.0,0.0,1027.0,8228.0,0.0,0.0,0.0,0.0,0.0,1.0,0.0,0.0,0.0,0.0,0.0,0.1,0.0,0.1,0.0,-0.0001,16.0,25903.0
2026-07-30T18:58:34.656Z,84.139,84.15,0.0,7.4,0.0,0.0,0.0,0.0,0.0,0.0,0.0,0.0,1.0,0.0,0.0,0.0,9.0,4.0,0.0,0.0,0.0,0.0,0.0,0.0,0.0,0.0,2.0,12.0,1.0,12.17,5.0200000000000005,2.51,1.49,0.0,0.0,0.0,42.3,0.0,0.3,-1.2000000000000002,-1.2000000000000002,98.8,0.0,0.0,261.2,0.0,21.9,35.0,35.0,36.1,300.0,300.0,30.3,34.2,33.7,33.300000000000004,34.800000000000004,4.96,2.0,4.96,0.16,0.0,0.0,1027.0,8228.0,0.0,0.0,0.0,0.0,0.0,1.0,0.0,0.0,0.0,0.0,0.0,0.9,0.0,2.3000000000000003,0.0,-0.0001,16.0,25903.0
2026-07-30T18:58:34.666Z,84.149,84.162,0.0,7.4,0.0,0.0,0.0,0.0,0.0,0.0,0.0,0.0,1.0,0.0,0.0,0.0,9.0,4.0,0.0,0.0,0.0,0.0,0.0,0.0,0.0,0.0,4.0,12.0,1.0,12.17,5.0200000000000005,2.51,1.49,0.0,0.0,0.0,42.0,0.0,-0.8,-0.5,0.0,98.8,0.0,0.0,261.2,0.0,21.9,35.0,35.0,36.1,300.0,300.0,30.3,34.2,33.7,33.300000000000004,34.800000000000004,4.95,1.99,4.97,0.16,0.0,0.0,1027.0,8228.0,0.0,0.0,0.0,0.0,0.0,1.0,0.0,0.0,0.0,0.0,0.0,0.0,0.0,0.7000000000000001,0.0,-0.0001,16.0,25903.0
2026-07-30T18:58:34.678Z,84.161,84.174,0.0,7.4,0.0,0.0,0.0,0.0,0.0,0.0,0.0,0.0,1.0,0.0,0.0,0.0,9.0,4.0,0.0,0.0,0.0,0.0,0.0,0.0,0.0,0.0,5.0,12.0,1.0,12.17,5.0200000000000005,2.51,1.49,0.0,0.0,0.0,41.7,0.0,-0.3,0.5,-0.1,98.8,0.0,0.0,261.2,0.0,21.9,35.0,35.0,36.1,300.0,300.0,30.3,34.2,33.7,33.300000000000004,34.800000000000004,4.95,2.0,4.96,0.16,0.0,0.0,1027.0,8228.0,0.0,0.0,0.0,0.0,0.0,1.0,0.0,0.0,0.0,0.0,0.0,0.1,0.0,-0.5,0.0,-0.0001,16.0,25903.0
2026-07-30T18:58:34.690Z,84.173,84.186,0.0,7.4,0.0,0.0,0.0,0.0,0.0,0.0,0.0,0.0,1.0,0.0,0.0,0.0,9.0,4.0,0.0,0.0,0.0,0.0,0.0,0.0,0.0,0.0,6.0,12.0,1.0,12.17,5.0200000000000005,2.51,1.49,0.0,0.0,0.0,41.400000000000006,0.0,0.8,0.0,-0.1,98.8,0.0,0.0,261.2,0.0,21.9,35.0,35.0,36.1,300.0,300.0,30.3,34.2,33.7,33.300000000000004,34.800000000000004,4.96,1.99,4.96,0.16,0.0,0.0,1027.0,8228.0,0.0,0.0,0.0,0.0,0.0,1.0,0.0,0.0,0.0,0.0,0.0,0.1,0.0,0.1,0.0,-0.0001,16.0,25903.0
2026-07-30T18:58:34.702Z,84.185,84.19800000000001,0.0,7.4,0.0,0.0,0.0,0.0,0.0,0.0,0.0,0.0,1.0,0.0,0.0,0.0,9.0,4.0,0.0,0.0,0.0,0.0,0.0,0.0,0.0,0.0,1.0,12.0,1.0,12.17,5.0200000000000005,2.51,1.49,0.0,0.0,0.0,41.1,0.0,0.8,0.0,0.4,98.8,0.0,0.0,261.2,0.0,21.9,35.0,35.0,36.1,300.0,300.0,30.3,34.2,33.7,33.300000000000004,34.800000000000004,4.95,1.99,4.97,0.16,0.0,0.0,1027.0,8228.0,0.0,0.0,0.0,0.0,0.0,1.0,0.0,0.0,0.0,0.0,0.0,-0.4,0.0,-0.3,0.0,-0.0001,16.0,25903.0
2026-07-30T18:58:34.715Z,84.198,84.21000000000001,0.0,7.4,0.0,0.0,0.0,0.0,0.0,0.0,0.0,0.0,1.0,0.0,0.0,0.0,9.0,4.0,0.0,0.0,0.0,0.0,0.0,0.0,0.0,0.0,2.0,12.0,1.0,12.17,5.0200000000000005,2.51,1.49,0.0,0.0,0.0,40.8,0.0,0.2,-0.5,0.5,98.8,0.0,0.0,261.2,0.0,21.9,35.0,35.0,36.1,300.0,300.0,30.3,34.2,33.7,33.300000000000004,34.800000000000004,4.95,1.99,4.96,0.16,0.0,0.0,1027.0,8228.0,0.0,0.0,0.0,0.0,0.0,1.0,0.0,0.0,0.0,0.0,0.0,-0.5,0.0,0.2,0.0,-0.0001,16.0,25903.0
2026-07-30T18:58:34.726Z,84.209,84.22200000000001,0.0,7.4,0.0,0.0,0.0,0.0,0.0,0.0,0.0,0.0,1.0,0.0,0.0,0.0,9.0,4.0,0.0,0.0,0.0,0.0,0.0,0.0,0.0,0.0,3.0,12.0,1.0,12.17,5.0200000000000005,2.51,1.49,0.0,0.0,0.0,40.6,0.0,0.3,0.0,-1.2000000000000002,98.8,0.0,0.0,261.2,0.0,21.9,35.0,35.0,36.1,300.0,300.0,30.3,34.2,33.7,33.300000000000004,34.800000000000004,4.95,2.0,4.96,0.16,0.0,0.0,1027.0,8228.0,0.0,0.0,0.0,0.0,0.0,1.0,0.0,0.0,0.0,0.0,0.0,1.1,0.0,0.8,0.0,-0.0001,16.0,25903.0
2026-07-30T18:58:34.739Z,84.222,84.234,0.0,7.4,0.0,0.0,0.0,0.0,0.0,0.0,0.0,0.0,1.0,0.0,0.0,0.0,9.0,4.0,0.0,0.0,0.0,0.0,0.0,0.0,0.0,0.0,4.0,12.0,1.0,12.17,5.0200000000000005,2.51,1.49,0.0,0.0,0.0,40.2,0.0,-0.2,0.0,0.5,98.8,0.0,0.0,261.2,0.0,21.9,35.0,35.0,36.1,300.0,300.0,30.3,34.2,33.7,33.300000000000004,34.800000000000004,4.96,1.99,4.96,0.16,0.0,0.0,1027.0,8228.0,0.0,0.0,0.0,0.0,0.0,1.0,0.0,0.0,0.0,0.0,0.0,-0.4,0.0,-0.4,0.0,-0.0001,16.0,25903.0
2026-07-30T18:58:34.751Z,84.234,84.246,0.0,7.4,0.0,0.0,0.0,0.0,0.0,0.0,0.0,0.0,1.0,0.0,0.0,0.0,9.0,4.0,0.0,0.0,0.0,0.0,0.0,0.0,0.0,0.0,5.0,12.0,1.0,12.17,5.0200000000000005,2.51,1.49,0.0,0.0,0.0,39.8,0.0,0.3,0.6000000000000001,0.0,98.8,0.0,0.0,261.2,0.0,21.9,35.0,35.0,36.1,300.0,300.0,30.3,34.2,33.7,33.300000000000004,34.800000000000004,4.96,1.99,4.97,0.16,0.0,0.0,1027.0,8228.0,0.0,0.0,0.0,0.0,0.0,1.0,0.0,0.0,0.0,0.0,0.0,0.1,0.0,-0.6000000000000001,0.0,-0.0001,16.0,25903.0
2026-07-30T18:58:34.762Z,84.245,84.258,0.0,7.4,0.0,0.0,0.0,0.0,0.0,0.0,0.0,0.0,1.0,0.0,0.0,0.0,9.0,4.0,0.0,0.0,0.0,0.0,0.0,0.0,0.0,0.0,6.0,12.0,1.0,12.17,5.0200000000000005,2.51,1.49,0.0,0.0,0.0,39.6,0.0,-0.2,-1.0,-0.5,98.8,0.0,0.0,261.2,0.0,21.8,35.0,34.9,36.1,300.0,300.0,30.3,34.300000000000004,33.7,33.2,34.800000000000004,4.96,2.0,4.96,0.16,0.0,0.0,1027.0,8228.0,0.0,0.0,0.0,0.0,0.0,1.0,0.0,0.0,0.0,0.0,0.0,0.3,0.0,1.6,0.0,-0.0001,16.0,25903.0
2026-07-30T18:58:34.774Z,84.257,84.27,0.0,7.4,0.0,0.0,0.0,0.0,0.0,0.0,0.0,0.0,1.0,0.0,0.0,0.0,9.0,4.0,0.0,0.0,0.0,0.0,0.0,0.0,0.0,0.0,2.0,12.0,1.0,12.17,5.0200000000000005,2.51,1.49,0.0,0.0,0.0,39.3,0.0,0.3,1.2000000000000002,1.1,98.8,0.0,0.0,261.2,0.0,21.8,35.0,34.9,36.1,300.0,300.0,30.3,34.300000000000004,33.7,33.2,34.800000000000004,4.96,2.0,4.97,0.16,0.0,0.0,1027.0,8228.0,0.0,0.0,0.0,0.0,0.0,1.0,0.0,0.0,0.0,0.0,0.0,-0.8,0.0,-2.3000000000000003,0.0,-0.0001,16.0,25903.0
2026-07-30T18:58:34.786Z,84.269,84.282,0.0,7.4,0.0,0.0,0.0,0.0,0.0,0.0,0.0,0.0,1.0,0.0,0.0,0.0,9.0,4.0,0.0,0.0,0.0,0.0,0.0,0.0,0.0,0.0,3.0,12.0,1.0,12.17,5.0200000000000005,2.51,1.49,0.0,0.0,0.0,39.0,0.0,0.3,1.3,0.0,98.8,0.0,0.0,261.2,0.0,21.8,35.0,34.9,36.1,300.0,300.0,30.3,34.300000000000004,33.7,33.2,34.800000000000004,4.95,1.99,4.97,0.16,0.0,0.0,1027.0,8228.0,0.0,0.0,0.0,0.0,0.0,1.0,0.0,0.0,0.0,0.0,0.0,0.2,0.0,-1.5,0.0,-0.0001,16.0,25903.0
2026-07-30T18:58:34.799Z,84.282,84.294,0.0,7.4,0.0,0.0,0.0,0.0,0.0,0.0,0.0,0.0,1.0,0.0,0.0,0.0,9.0,4.0,0.0,0.0,0.0,0.0,0.0,0.0,0.0,0.0,5.0,12.0,1.0,12.17,5.0200000000000005,2.51,1.49,0.0,0.0,0.0,38.8,0.0,-0.1,-0.4,1.1,98.8,0.0,0.0,261.2,0.0,21.8,35.0,34.9,36.1,300.0,300.0,30.3,34.300000000000004,33.7,33.2,34.800000000000004,4.96,1.99,4.96,0.16,0.0,0.0,1027.0,8228.0,0.0,0.0,0.0,0.0,0.0,1.0,0.0,0.0,0.0,0.0,0.0,-1.1,0.0,-0.3,0.0,-0.0001,16.0,25903.0
2026-07-30T18:58:34.810Z,84.293,84.306,-0.1,7.4,0.0,0.0,0.0,0.0,0.0,0.0,0.0,0.0,1.0,0.0,0.0,0.0,9.0,4.0,0.0,0.0,0.0,0.0,0.0,0.0,0.0,0.0,1.0,12.0,1.0,12.17,5.0200000000000005,2.51,1.49,0.0,0.0,0.0,38.5,0.0,0.3,-0.9,0.0,98.8,0.0,0.0,261.2,0.0,21.8,35.0,34.9,36.1,300.0,300.0,30.3,34.300000000000004,33.7,33.2,34.800000000000004,4.95,1.99,4.96,0.16,0.0,0.0,1027.0,8228.0,0.0,0.0,0.0,0.0,0.0,1.0,0.0,0.0,0.0,0.0,0.0,-0.2,0.0,1.1,0.0,-0.0001,16.0,25903.0
2026-07-30T18:58:34.822Z,84.305,84.318,-0.1,7.4,0.0,0.0,0.0,0.0,0.0,0.0,0.0,0.0,1.0,0.0,0.0,0.0,9.0,4.0,0.0,0.0,0.0,0.0,0.0,0.0,0.0,0.0,2.0,12.0,1.0,12.17,5.0200000000000005,2.51,1.49,0.0,0.0,0.0,38.2,0.0,-0.2,0.7000000000000001,-0.5,98.8,0.0,0.0,261.2,0.0,21.8,35.0,34.9,36.1,300.0,300.0,30.3,34.300000000000004,33.7,33.2,34.800000000000004,4.95,1.99,4.96,0.16,0.0,0.0,1027.0,8228.0,0.0,0.0,0.0,0.0,0.0,1.0,0.0,0.0,0.0,0.0,0.0,0.6000000000000001,0.0,-0.5,0.0,-0.0001,16.0,25903.0
2026-07-30T18:58:34.843Z,84.326,84.33,-0.1,7.4,0.0,0.0,0.0,0.0,0.0,0.0,0.0,0.0,1.0,0.0,0.0,0.0,9.0,4.0,0.0,0.0,0.0,0.0,0.0,0.0,0.0,0.0,3.0,12.0,1.0,12.17,5.0200000000000005,2.51,1.49,0.0,0.0,0.0,37.9,0.0,-0.8,0.7000000000000001,-1.1,98.8,0.0,0.0,261.1,0.0,21.8,35.0,34.9,36.1,300.0,300.0,30.3,34.300000000000004,33.7,33.2,34.800000000000004,4.95,1.99,4.96,0.16,0.0,0.0,1027.0,8228.0,0.0,0.0,0.0,0.0,0.0,1.0,0.0,0.0,0.0,0.0,0.0,1.1,0.0,0.0,0.0,-0.0001,16.0,25903.0
2026-07-30T18:58:34.846Z,84.329,84.342,-0.1,7.4,0.0,0.0,0.0,0.0,0.0,0.0,0.0,0.0,1.0,0.0,0.0,0.0,9.0,4.0,0.0,0.0,0.0,0.0,0.0,0.0,0.0,0.0,2.0,12.0,1.0,12.17,5.0200000000000005,2.51,1.49,0.0,0.0,0.0,37.6,0.0,-0.2,1.3,-1.1,98.8,0.0,0.0,261.2,0.0,21.8,35.0,34.9,36.1,300.0,300.0,30.3,34.300000000000004,33.7,33.2,34.800000000000004,4.95,1.99,4.96,0.16,0.0,0.0,1027.0,8228.0,0.0,0.0,0.0,0.0,0.0,1.0,0.0,0.0,0.0,0.0,0.0,1.3,0.0,-0.7000000000000001,0.0,0.0,16.0,25903.0
2026-07-30T18:58:34.859Z,84.342,84.354,-0.1,7.4,0.0,0.0,0.0,0.0,0.0,0.0,0.0,0.0,1.0,0.0,0.0,0.0,9.0,4.0,0.0,0.0,0.0,0.0,0.0,0.0,0.0,0.0,1.0,12.0,1.0,12.19,5.01,2.51,1.5,-0.1,0.1,0.0,37.3,0.0,-0.7000000000000001,0.2,0.0,98.8,0.0,0.0,261.2,0.0,21.4,34.9,34.9,36.1,300.0,300.0,30.3,34.300000000000004,33.7,33.2,34.800000000000004,4.95,1.99,4.96,0.16,0.0,0.0,1027.0,8228.0,0.0,0.0,0.0,0.0,0.0,1.0,0.0,0.0,0.0,0.0,0.0,0.0,0.0,-0.2,0.0,0.0,16.0,25903.0
2026-07-30T18:58:34.870Z,84.353,84.366,-0.1,7.4,0.0,0.0,0.0,0.0,0.0,0.0,0.0,0.0,1.0,0.0,0.0,0.0,9.0,4.0,0.0,0.0,0.0,0.0,0.0,0.0,0.0,0.0,2.0,12.0,1.0,12.19,5.01,2.51,1.5,0.0,0.0,0.0,37.0,0.0,-0.1,1.3,1.2000000000000002,98.8,0.0,0.0,261.2,0.0,21.4,34.9,34.9,36.1,300.0,300.0,30.3,34.300000000000004,33.7,33.2,34.800000000000004,4.95,1.99,4.96,0.16,0.0,0.0,1027.0,8228.0,0.0,0.0,0.0,0.0,0.0,1.0,0.0,0.0,0.0,0.0,0.0,-0.8,0.0,-2.4000000000000004,0.0,0.0,16.0,25903.0
2026-07-30T18:58:34.882Z,84.365,84.378,-0.1,7.4,0.0,0.0,0.0,0.0,0.0,0.0,0.0,0.0,1.0,0.0,0.0,0.0,9.0,4.0,0.0,0.0,0.0,0.0,0.0,0.0,0.0,0.0,3.0,12.0,1.0,12.19,5.01,2.51,1.5,0.0,0.0,0.0,36.8,0.0,0.9,0.7000000000000001,0.0,98.8,0.0,0.0,261.2,0.0,21.4,34.9,34.9,36.1,300.0,300.0,30.3,34.300000000000004,33.7,33.2,34.800000000000004,4.96,2.0,4.96,0.16,0.0,0.0,1027.0,8228.0,0.0,0.0,0.0,0.0,0.0,1.0,0.0,0.0,0.0,0.0,0.0,0.0,0.0,-0.8,0.0,0.0,16.0,25903.0
2026-07-30T18:58:34.894Z,84.377,84.39,-0.1,7.4,0.0,0.0,0.0,0.0,0.0,0.0,0.0,0.0,1.0,0.0,0.0,0.0,9.0,4.0,0.0,0.0,0.0,0.0,0.0,0.0,0.0,0.0,4.0,12.0,1.0,12.19,5.01,2.51,1.5,0.0,0.1,0.0,36.5,0.0,-0.2,-1.0,0.6000000000000001,98.8,0.0,0.0,261.2,0.0,21.4,34.9,34.9,36.1,300.0,300.0,30.3,34.300000000000004,33.7,33.2,34.800000000000004,4.95,2.0,4.96,0.16,0.0,0.0,1027.0,8228.0,0.0,0.0,0.0,0.0,0.0,1.0,0.0,0.0,0.0,0.0,0.0,-0.7000000000000001,0.0,0.7000000000000001,0.0,0.0,16.0,25903.0
2026-07-30T18:58:34.906Z,84.389,84.402,-0.1,7.4,0.0,0.0,0.0,0.0,0.0,0.0,0.0,0.0,1.0,0.0,0.0,0.0,9.0,4.0,0.0,0.0,0.0,0.0,0.0,0.0,0.0,0.0,5.0,12.0,1.0,12.19,5.01,2.51,1.5,0.0,0.0,0.0,36.2,0.0,0.4,-0.4,1.2000000000000002,98.8,0.0,0.0,261.2,0.0,21.4,34.9,34.9,36.1,300.0,300.0,30.3,34.300000000000004,33.7,33.2,34.800000000000004,4.95,1.99,4.97,0.16,0.0,0.0,1027.0,8228.0,0.0,0.0,0.0,0.0,0.0,1.0,0.0,0.0,0.0,0.0,0.0,-1.1,0.0,-0.3,0.0,0.0,16.0,25903.0
2026-07-30T18:58:34.918Z,84.401,84.414,-0.1,7.4,0.0,0.0,0.0,0.0,0.0,0.0,0.0,0.0,1.0,0.0,0.0,0.0,9.0,4.0,0.0,0.0,0.0,0.0,0.0,0.0,0.0,0.0,6.0,12.0,1.0,12.19,5.01,2.51,1.5,0.0,0.0,0.0,35.9,0.0,0.4,0.1,-1.0,98.8,0.0,0.0,261.2,0.0,21.4,34.9,34.9,36.1,300.0,300.0,30.3,34.300000000000004,33.7,33.2,34.800000000000004,4.95,1.99,4.96,0.16,0.0,0.0,1027.0,8228.0,0.0,0.0,0.0,0.0,0.0,1.0,0.0,0.0,0.0,0.0,0.0,1.0,0.0,0.5,0.0,0.0,16.0,25903.0
2026-07-30T18:58:34.930Z,84.413,84.426,-0.1,7.4,0.0,0.0,0.0,0.0,0.0,0.0,0.0,0.0,1.0,0.0,0.0,0.0,9.0,4.0,0.0,0.0,0.0,0.0,0.0,0.0,0.0,0.0,2.0,12.0,1.0,12.19,5.01,2.51,1.5,0.0,0.0,0.0,35.6,0.0,-0.7000000000000001,0.1,0.0,98.8,0.0,0.0,261.2,0.0,21.4,34.9,34.9,36.1,300.0,300.0,30.3,34.300000000000004,33.7,33.2,34.800000000000004,4.95,2.0,4.96,0.16,0.0,0.0,1027.0,8228.0,0.0,0.0,0.0,0.0,0.0,1.0,0.0,0.0,0.0,0.0,0.0,0.0,0.0,-0.2,0.0,0.0,16.0,25903.0
2026-07-30T18:58:34.942Z,84.425,84.438,-0.1,7.4,0.0,0.0,0.0,0.0,0.0,0.0,0.0,0.0,1.0,0.0,0.0,0.0,9.0,4.0,0.0,0.0,0.0,0.0,0.0,0.0,0.0,0.0,1.0,12.0,1.0,12.19,5.01,2.51,1.5,0.0,0.0,0.0,35.4,0.0,-0.1,0.7000000000000001,0.0,98.8,0.0,0.0,261.2,0.0,21.4,34.9,34.9,36.1,300.0,300.0,30.3,34.300000000000004,33.7,33.2,34.800000000000004,4.95,2.0,4.97,0.16,0.0,0.0,1027.0,8228.0,0.0,0.0,0.0,0.0,0.0,1.0,0.0,0.0,0.0,0.0,0.0,0.0,0.0,-0.9,0.0,0.0,16.0,25903.0
2026-07-30T18:58:34.955Z,84.438,84.45,-0.2,7.4,0.0,0.0,0.0,0.0,0.0,0.0,0.0,0.0,1.0,0.0,0.0,0.0,9.0,4.0,0.0,0.0,0.0,0.0,0.0,0.0,0.0,0.0,3.0,12.0,1.0,12.19,5.01,2.51,1.5,0.0,0.0,0.0,35.1,0.0,-0.1,0.1,0.6000000000000001,98.8,0.0,0.0,261.2,0.0,21.4,34.9,34.9,36.1,300.0,300.0,30.3,34.300000000000004,33.7,33.2,34.800000000000004,4.96,1.99,4.96,0.16,0.0,0.0,1027.0,8228.0,0.0,0.0,0.0,0.0,0.0,1.0,0.0,0.0,0.0,0.0,0.0,-0.5,0.0,-0.6000000000000001,0.0,0.0,16.0,25903.0
2026-07-30T18:58:34.966Z,84.449,84.462,-0.1,7.4,0.0,0.0,0.0,0.0,0.0,0.0,0.0,0.0,1.0,0.0,0.0,0.0,9.0,4.0,0.0,0.0,0.0,0.0,0.0,0.0,0.0,0.0,4.0,12.0,1.0,12.17,5.01,2.51,1.49,0.0,0.0,0.0,34.800000000000004,0.0,0.9,0.7000000000000001,0.6000000000000001,98.8,0.0,0.0,261.2,0.0,21.9,34.9,34.9,36.1,300.0,300.0,30.3,34.4,33.7,33.2,34.800000000000004,4.96,2.0,4.96,0.16,0.0,0.0,1027.0,8228.0,0.0,0.0,0.0,0.0,0.0,1.0,0.0,0.0,0.0,0.0,0.0,-0.5,0.0,-0.6000000000000001,0.0,0.0,16.0,25903.0
2026-07-30T18:58:34.978Z,84.461,84.474,-0.1,7.4,0.0,0.0,0.0,0.0,0.0,0.0,0.0,0.0,1.0,0.0,0.0,0.0,9.0,4.0,0.0,0.0,0.0,0.0,0.0,0.0,0.0,0.0,5.0,12.0,1.0,12.17,5.01,2.51,1.49,0.0,0.0,0.0,34.6,0.0,0.3,0.7000000000000001,-0.5,98.8,0.0,0.0,261.2,0.0,21.9,34.9,34.9,36.1,300.0,300.0,30.3,34.4,33.7,33.2,34.800000000000004,4.95,1.99,4.96,0.16,0.0,0.0,1027.0,8228.0,0.0,0.0,0.0,0.0,0.0,1.0,0.0,0.0,0.0,0.0,0.0,0.0,0.0,-0.1,0.0,0.0,16.0,25903.0
2026-07-30T18:58:34.990Z,84.473,84.486,-0.1,7.4,0.0,0.0,0.0,0.0,0.0,0.0,0.0,0.0,1.0,0.0,0.0,0.0,9.0,4.0,0.0,0.0,0.0,0.0,0.0,0.0,0.0,0.0,6.0,12.0,1.0,12.17,5.01,2.51,1.49,0.0,0.0,0.0,34.300000000000004,0.0,-0.2,-0.3,-0.5,98.8,0.0,0.0,261.2,0.0,21.9,34.9,34.9,36.1,300.0,300.0,30.3,34.4,33.7,33.2,34.800000000000004,4.95,1.99,4.97,0.16,0.0,0.0,1027.0,8228.0,0.0,0.0,0.0,0.0,0.0,1.0,0.0,0.0,0.0,0.0,0.0,0.3,0.0,0.8,0.0,0.0,16.0,25903.0
2026-07-30T18:58:35.002Z,84.485,84.498,-0.1,7.4,0.0,0.0,0.0,0.0,0.0,0.0,0.0,0.0,1.0,0.0,0.0,0.0,9.0,4.0,0.0,0.0,0.0,0.0,0.0,0.0,0.0,0.0,1.0,12.0,1.0,12.17,5.01,2.51,1.49,0.0,0.0,0.0,34.0,0.0,-0.2,-1.5,0.6000000000000001,98.8,0.0,0.0,261.2,0.0,21.9,34.9,34.9,36.1,300.0,300.0,30.3,34.4,33.7,33.2,34.800000000000004,4.96,1.99,4.96,0.16,0.0,0.0,1027.0,8228.0,0.0,0.0,0.0,0.0,0.0,1.0,0.0,0.0,0.0,0.0,0.0,-0.8,0.0,1.3,0.0,0.0,16.0,25903.0
2026-07-30T18:58:35.015Z,84.498,84.51,-0.1,7.4,0.0,0.0,0.0,0.0,0.0,0.0,0.0,0.0,1.0,0.0,0.0,0.0,9.0,4.0,0.0,0.0,0.0,0.0,0.0,0.0,0.0,0.0,2.0,12.0,1.0,12.17,5.01,2.51,1.49,0.0,0.1,0.0,33.800000000000004,0.0,-0.8,-1.0,-1.1,98.8,0.0,0.0,261.2,0.0,21.9,34.9,34.9,36.1,300.0,300.0,30.3,34.4,33.7,33.2,34.800000000000004,4.96,2.0,4.97,0.16,0.0,0.0,1027.0,8228.0,0.0,0.0,0.0,0.0,0.0,1.0,0.0,0.0,0.0,0.0,0.0,0.8,0.0,1.9,0.0,0.0,16.0,25903.0
2026-07-30T18:58:35.026Z,84.509,84.522,-0.1,7.4,0.0,0.0,0.0,0.0,0.0,0.0,0.0,0.0,1.0,0.0,0.0,0.0,9.0,4.0,0.0,0.0,0.0,0.0,0.0,0.0,0.0,0.0,3.0,12.0,1.0,12.17,5.01,2.51,1.49,0.0,0.0,0.0,33.5,0.0,-0.2,-0.4,-0.5,98.8,0.0,0.0,261.2,0.0,21.9,34.9,34.9,36.1,300.0,300.0,30.3,34.4,33.7,33.2,34.800000000000004,4.95,1.99,4.97,0.16,0.0,0.0,1027.0,8228.0,0.0,0.0,0.0,0.0,0.0,1.0,0.0,0.0,0.0,0.0,0.0,0.4,0.0,0.8,0.0,0.0,16.0,25903.0
2026-07-30T18:58:35.039Z,84.522,84.534,-0.1,7.4,0.0,0.0,0.0,0.0,0.0,0.0,0.0,0.0,1.0,0.0,0.0,0.0,9.0,4.0,0.0,0.0,0.0,0.0,0.0,0.0,0.0,0.0,4.0,12.0,1.0,12.17,5.01,2.51,1.49,0.0,0.0,0.0,33.300000000000004,0.0,-0.2,-0.4,0.0,98.8,0.0,0.0,261.2,0.0,21.9,34.9,34.9,36.1,300.0,300.0,30.3,34.4,33.7,33.2,34.800000000000004,4.95,1.99,4.96,0.16,0.0,0.0,1027.0,8228.0,0.0,0.0,0.0,0.0,0.0,1.0,0.0,0.0,0.0,0.0,0.0,-0.1,0.0,0.4,0.0,0.0,16.0,25903.0
2026-07-30T18:58:35.050Z,84.533,84.546,-0.1,7.4,0.0,0.0,0.0,0.0,0.0,0.0,0.0,0.0,1.0,0.0,0.0,0.0,9.0,4.0,0.0,0.0,0.0,0.0,0.0,0.0,0.0,0.0,6.0,12.0,1.0,12.17,5.01,2.51,1.49,0.0,0.0,0.0,33.0,0.0,0.3,0.1,0.0,98.8,0.0,0.0,261.2,0.0,21.9,34.9,34.9,36.1,300.0,300.0,30.3,34.4,33.7,33.2,34.800000000000004,4.95,2.0,4.96,0.16,0.0,0.0,1027.0,8228.0,0.0,0.0,0.0,0.0,0.0,1.0,0.0,0.0,0.0,0.0,0.0,0.0,0.0,-0.1,0.0,0.0,16.0,25903.0
2026-07-30T18:58:35.063Z,84.546,84.558,-0.1,7.4,0.0,0.0,0.0,0.0,0.0,0.0,0.0,0.0,1.0,0.0,0.0,0.0,9.0,4.0,0.0,0.0,0.0,0.0,0.0,0.0,0.0,0.0,2.0,12.0,1.0,12.17,5.01,2.51,1.49,0.0,0.0,0.0,32.800000000000004,0.0,-0.2,0.1,1.1,98.8,0.0,0.0,261.2,0.0,21.3,34.9,34.9,36.0,300.0,300.0,30.3,34.300000000000004,33.6,33.2,34.800000000000004,4.95,1.99,4.97,0.16,0.0,0.0,1027.0,8228.0,0.0,0.0,0.0,0.0,0.0,1.0,0.0,0.0,0.0,0.0,0.0,-1.0,0.0,-1.0,0.0,-0.0001,16.0,25903.0
2026-07-30T18:58:35.074Z,84.557,84.57000000000001,-0.1,7.4,0.0,0.0,0.0,0.0,0.0,0.0,0.0,0.0,1.0,0.0,0.0,0.0,9.0,4.0,0.0,0.0,0.0,0.0,0.0,0.0,0.0,0.0,3.0,12.0,1.0,12.17,5.01,2.51,1.49,0.0,0.0,0.0,32.5,0.0,0.3,0.7000000000000001,-1.1,98.8,0.0,0.0,261.2,0.0,21.3,34.9,34.9,36.0,300.0,300.0,30.3,34.300000000000004,33.6,33.2,34.800000000000004,4.95,1.99,4.97,0.16,0.0,0.0,1027.0,8228.0,0.0,0.0,0.0,0.0,0.0,1.0,0.0,0.0,0.0,0.0,0.0,1.1,0.0,0.0,0.0,-0.0001,16.0,25903.0
2026-07-30T18:58:35.086Z,84.569,84.58200000000001,-0.1,7.4,0.0,0.0,0.0,0.0,0.0,0.0,0.0,0.0,1.0,0.0,0.0,0.0,9.0,4.0,0.0,0.0,0.0,0.0,0.0,0.0,0.0,0.0,5.0,12.0,1.0,12.17,5.01,2.51,1.49,0.0,0.0,0.0,32.300000000000004,0.0,-0.2,0.7000000000000001,0.0,98.8,0.0,0.0,261.2,0.0,21.3,34.9,34.9,36.0,300.0,300.0,30.3,34.300000000000004,33.6,33.2,34.800000000000004,4.96,1.99,4.96,0.16,0.0,0.0,1027.0,8228.0,0.0,0.0,0.0,0.0,0.0,1.0,0.0,0.0,0.0,0.0,0.0,0.1,0.0,-0.8,0.0,-0.0001,16.0,25903.0
2026-07-30T18:58:35.098Z,84.581,84.59400000000001,-0.1,7.4,0.0,0.0,0.0,0.0,0.0,0.0,0.0,0.0,1.0,0.0,0.0,0.0,9.0,4.0,0.0,0.0,0.0,0.0,0.0,0.0,0.0,0.0,6.0,12.0,1.0,12.17,5.01,2.51,1.49,0.0,0.0,0.0,32.0,0.0,-0.2,0.7000000000000001,0.0,98.8,0.0,0.0,261.2,0.0,21.3,34.9,34.9,36.0,300.0,300.0,30.3,34.300000000000004,33.6,33.2,34.800000000000004,4.95,1.99,4.97,0.16,0.0,0.0,1027.0,8228.0,0.0,0.0,0.0,0.0,0.0,1.0,0.0,0.0,0.0,0.0,0.0,0.1,0.0,-0.8,0.0,-0.0001,16.0,25903.0
2026-07-30T18:58:35.111Z,84.594,84.60600000000001,-0.1,7.4,0.0,0.0,0.0,0.0,0.0,0.0,0.0,0.0,1.0,0.0,0.0,0.0,9.0,4.0,0.0,0.0,0.0,0.0,0.0,0.0,0.0,0.0,2.0,12.0,1.0,12.17,5.01,2.51,1.49,0.0,0.0,0.0,31.8,0.0,-0.2,0.8,1.1,98.8,0.0,0.0,261.2,0.0,21.3,34.9,34.9,36.0,300.0,300.0,30.3,34.300000000000004,33.6,33.2,34.800000000000004,4.95,1.99,4.96,0.16,0.0,0.0,1027.0,8228.0,0.0,0.0,0.0,0.0,0.0,1.0,0.0,0.0,0.0,0.0,0.0,-0.8,0.0,-1.7000000000000002,0.0,-0.0001,16.0,25903.0
2026-07-30T18:58:35.122Z,84.605,84.618,-0.1,7.4,0.0,0.0,0.0,0.0,0.0,0.0,0.0,0.0,1.0,0.0,0.0,0.0,9.0,4.0,0.0,0.0,0.0,0.0,0.0,0.0,0.0,0.0,3.0,12.0,1.0,12.17,5.01,2.51,1.49,0.0,0.0,0.0,31.5,0.0,0.2,-0.3,0.0,98.8,0.0,0.0,261.2,0.0,21.3,34.9,34.9,36.0,300.0,300.0,30.3,34.300000000000004,33.6,33.2,34.800000000000004,4.96,2.0,4.96,0.16,0.0,0.0,1027.0,8228.0,0.0,0.0,0.0,0.0,0.0,1.0,0.0,0.0,0.0,0.0,0.0,0.0,0.0,0.4,0.0,-0.0001,16.0,25903.0
2026-07-30T18:58:35.137Z,84.62,84.63,-0.1,7.4,0.0,0.0,0.0,0.0,0.0,0.0,0.0,0.0,1.0,0.0,0.0,0.0,9.0,4.0,0.0,0.0,0.0,0.0,0.0,0.0,0.0,0.0,5.0,12.0,1.0,12.17,5.01,2.51,1.49,0.0,0.0,0.0,31.3,0.0,-0.3,1.3,-0.6000000000000001,98.8,0.0,0.0,261.2,0.0,21.3,34.9,34.9,36.0,300.0,300.0,30.3,34.300000000000004,33.6,33.2,34.800000000000004,4.95,2.0,4.96,0.16,0.0,0.0,1027.0,8228.0,0.0,0.0,0.0,0.0,0.0,1.0,0.0,0.0,0.0,0.0,0.0,0.8,0.0,-1.0,0.0,-0.0001,16.0,25903.0
2026-07-30T18:58:35.150Z,84.633,84.642,-0.1,7.4,0.0,0.0,0.0,0.0,0.0,0.0,0.0,0.0,1.0,0.0,0.0,0.0,9.0,4.0,0.0,0.0,0.0,0.0,0.0,0.0,0.0,0.0,5.0,12.0,1.0,12.17,5.01,2.51,1.49,0.0,0.0,0.0,31.0,0.0,0.2,-1.0,-0.7000000000000001,98.8,0.0,0.0,261.2,0.0,21.3,34.9,34.9,36.0,300.0,300.0,30.3,34.300000000000004,33.6,33.2,34.800000000000004,4.95,1.99,4.97,0.16,0.0,0.0,1027.0,8228.0,0.0,0.0,0.0,0.0,0.0,1.0,0.0,0.0,0.0,0.0,0.0,0.4,0.0,1.6,0.0,-0.0001,16.0,25903.0
2026-07-30T18:58:35.158Z,84.641,84.654,-0.1,7.4,0.0,0.0,0.0,0.0,0.0,0.0,0.0,0.0,1.0,0.0,0.0,0.0,9.0,4.0,0.0,0.0,0.0,0.0,0.0,0.0,0.0,0.0,2.0,12.0,1.0,12.17,5.01,2.51,1.49,0.0,0.0,0.0,30.8,0.0,-0.3,1.2000000000000002,1.0,98.8,0.0,0.0,261.2,0.0,21.3,34.9,34.9,36.0,300.0,300.0,30.3,34.300000000000004,33.6,33.2,34.800000000000004,4.95,1.99,4.96,0.16,0.0,0.0,1027.0,8228.0,0.0,0.0,0.0,0.0,0.0,1.0,0.0,0.0,0.0,0.0,0.0,-0.7000000000000001,0.0,-2.2,0.0,-0.0001,16.0,25903.0
2026-07-30T18:58:35.170Z,84.653,84.666,-0.1,7.4,0.0,0.0,0.0,0.0,0.0,0.0,0.0,0.0,1.0,0.0,0.0,0.0,9.0,4.0,0.0,0.0,0.0,0.0,0.0,0.0,0.0,0.0,3.0,12.0,1.0,12.17,5.01,2.5,1.49,0.0,0.0,0.0,30.5,0.0,0.2,1.2000000000000002,1.0,98.8,0.0,0.0,261.2,0.0,21.700000000000003,34.9,34.9,36.0,300.0,300.0,30.3,34.2,33.6,33.2,34.800000000000004,4.96,1.99,4.96,0.16,0.0,0.0,1027.0,8228.0,0.0,0.0,0.0,0.0,0.0,1.0,0.0,0.0,0.0,0.0,0.0,-0.7000000000000001,0.0,-2.2,0.0,-0.0001,16.0,25903.0
2026-07-30T18:58:35.182Z,84.665,84.678,-0.1,7.4,0.0,0.0,0.0,0.0,0.0,0.0,0.0,0.0,1.0,0.0,0.0,0.0,9.0,4.0,0.0,0.0,0.0,0.0,0.0,0.0,0.0,0.0,4.0,12.0,1.0,12.17,5.01,2.5,1.49,0.0,0.0,0.0,30.3,0.0,-0.3,0.0,1.6,98.8,0.0,0.0,261.2,0.0,21.700000000000003,34.9,34.9,36.0,300.0,300.0,30.3,34.2,33.6,33.2,34.800000000000004,4.95,1.99,4.97,0.16,0.0,0.0,1027.0,8228.0,0.0,0.0,0.0,0.0,0.0,1.0,0.0,0.0,0.0,0.0,0.0,-1.5,0.0,-1.3,0.0,-0.0001,16.0,25903.0
2026-07-30T18:58:35.195Z,84.678,84.69,-0.1,7.4,0.0,0.0,0.0,0.0,0.0,0.0,0.0,0.0,1.0,0.0,0.0,0.0,9.0,4.0,0.0,0.0,0.0,0.0,0.0,0.0,0.0,0.0,5.0,12.0,1.0,12.17,5.01,2.5,1.49,0.0,0.0,0.0,30.0,0.0,0.2,0.1,0.0,98.8,0.0,0.0,261.2,0.0,21.700000000000003,34.9,34.9,36.0,300.0,300.0,30.3,34.2,33.6,33.2,34.800000000000004,4.96,1.99,4.97,0.16,0.0,0.0,1027.0,8228.0,0.0,0.0,0.0,0.0,0.0,1.0,0.0,0.0,0.0,0.0,0.0,0.0,0.0,0.0,0.0,-0.0001,16.0,25903.0
2026-07-30T18:58:35.206Z,84.689,84.702,-0.1,7.4,0.0,0.0,0.0,0.0,0.0,0.0,0.0,0.0,1.0,0.0,0.0,0.0,9.0,4.0,0.0,0.0,0.0,0.0,0.0,0.0,0.0,0.0,6.0,12.0,1.0,12.17,5.01,2.5,1.49,0.0,0.0,0.0,29.8,0.0,-0.2,-0.4,0.5,98.8,0.0,0.0,261.2,0.0,21.700000000000003,34.9,34.9,36.0,300.0,300.0,30.3,34.2,33.6,33.2,34.800000000000004,4.96,2.0,4.96,0.16,0.0,0.0,1027.0,8228.0,0.0,0.0,0.0,0.0,0.0,1.0,0.0,0.0,0.0,0.0,0.0,-0.5,0.0,0.1,0.0,-0.0001,16.0,25903.0
2026-07-30T18:58:35.218Z,84.701,84.714,-0.1,7.4,0.0,0.0,0.0,0.0,0.0,0.0,0.0,0.0,1.0,0.0,0.0,0.0,9.0,4.0,0.0,0.0,0.0,0.0,0.0,0.0,0.0,0.0,1.0,12.0,1.0,12.17,5.01,2.5,1.49,0.0,0.0,0.0,29.5,0.0,-0.2,-0.4,0.5,98.8,0.0,0.0,261.2,0.0,21.700000000000003,34.9,34.9,36.0,300.0,300.0,30.3,34.2,33.6,33.2,34.800000000000004,4.95,1.99,4.96,0.16,0.0,0.0,1027.0,8228.0,0.0,0.0,0.0,0.0,0.0,1.0,0.0,0.0,0.0,0.0,0.0,-0.5,0.0,0.1,0.0,-0.0001,16.0,25903.0
2026-07-30T18:58:35.230Z,84.713,84.726,0.0,7.4,0.0,0.0,0.0,0.0,0.0,0.0,0.0,0.0,1.0,0.0,0.0,0.0,9.0,4.0,0.0,0.0,0.0,0.0,0.0,0.0,0.0,0.0,3.0,12.0,1.0,12.17,5.01,2.5,1.49,0.0,0.0,0.0,29.3,0.0,-0.8,-1.0,-0.6000000000000001,98.8,0.0,0.0,261.2,0.0,21.700000000000003,34.9,34.9,36.0,300.0,300.0,30.3,34.2,33.6,33.2,34.800000000000004,4.95,1.99,4.97,0.16,0.0,0.0,1027.0,8228.0,0.0,0.0,0.0,0.0,0.0,1.0,0.0,0.0,0.0,0.0,0.0,0.3,0.0,1.6,0.0,-0.0001,16.0,25903.0
2026-07-30T18:58:35.243Z,84.726,84.738,0.0,7.4,0.0,0.0,0.0,0.0,0.0,0.0,0.0,0.0,1.0,0.0,0.0,0.0,9.0,4.0,0.0,0.0,0.0,0.0,0.0,0.0,0.0,0.0,4.0,12.0,1.0,12.17,5.01,2.5,1.49,0.0,0.0,0.0,29.1,0.0,-0.2,-0.5,0.0,98.8,0.0,0.0,261.2,0.0,21.700000000000003,34.9,34.9,36.0,300.0,300.0,30.3,34.2,33.6,33.2,34.800000000000004,4.96,1.99,4.97,0.16,0.0,0.0,1027.0,8228.0,0.0,0.0,0.0,0.0,0.0,1.0,0.0,0.0,0.0,0.0,0.0,0.0,0.0,0.6000000000000001,0.0,-0.0001,16.0,25903.0
2026-07-30T18:58:35.254Z,84.737,84.75,0.0,7.4,0.0,0.0,0.0,0.0,0.0,0.0,0.0,0.0,1.0,0.0,0.0,0.0,9.0,4.0,0.0,0.0,0.0,0.0,0.0,0.0,0.0,0.0,5.0,12.0,1.0,12.17,5.01,2.5,1.49,0.0,0.0,0.0,28.9,0.0,0.8,-0.5,-1.2000000000000002,98.8,0.0,0.0,261.2,0.0,21.700000000000003,34.9,34.9,36.0,300.0,300.0,30.3,34.2,33.6,33.2,34.800000000000004,4.96,1.99,4.97,0.16,0.0,0.0,1027.0,8228.0,0.0,0.0,0.0,0.0,0.0,1.0,0.0,0.0,0.0,0.0,0.0,1.0,0.0,1.5,0.0,-0.0001,16.0,25903.0
2026-07-30T18:58:35.267Z,84.75,84.762,0.0,7.4,0.0,0.0,0.0,0.0,0.0,0.0,0.0,0.0,1.0,0.0,0.0,0.0,9.0,4.0,0.0,0.0,0.0,0.0,0.0,0.0,0.0,0.0,1.0,12.0,1.0,12.18,5.0200000000000005,2.5,1.5,0.0,0.0,0.0,28.6,0.0,-0.8,0.1,-1.1,98.8,0.0,0.0,261.2,0.0,21.200000000000003,34.9,34.9,36.0,300.0,300.0,30.200000000000003,34.300000000000004,33.5,33.2,34.800000000000004,4.95,1.99,4.97,0.16,0.0,0.0,1027.0,8228.0,0.0,0.0,0.0,0.0,0.0,1.0,0.0,0.0,0.0,0.0,0.0,1.0,0.0,0.7000000000000001,0.0,-0.0001,16.0,25903.0
2026-07-30T18:58:35.278Z,84.761,84.774,0.0,7.4,0.0,0.0,0.0,0.0,0.0,0.0,0.0,0.0,1.0,0.0,0.0,0.0,9.0,4.0,0.0,0.0,0.0,0.0,0.0,0.0,0.0,0.0,2.0,12.0,1.0,12.18,5.0200000000000005,2.5,1.5,0.0,0.1,0.0,28.4,0.0,-0.2,0.1,0.5,98.8,0.0,0.0,261.2,0.0,21.200000000000003,34.9,34.9,36.0,300.0,300.0,30.200000000000003,34.300000000000004,33.5,33.2,34.800000000000004,4.96,1.99,4.96,0.16,0.0,0.0,1027.0,8228.0,0.0,0.0,0.0,0.0,0.0,1.0,0.0,0.0,0.0,0.0,0.0,-0.4,0.0,-0.5,0.0,-0.0001,16.0,25903.0
2026-07-30T18:58:35.290Z,84.773,84.786,0.0,7.4,0.0,0.0,0.0,0.0,0.0,0.0,0.0,0.0,1.0,0.0,0.0,0.0,9.0,4.0,0.0,0.0,0.0,0.0,0.0,0.0,0.0,0.0,3.0,12.0,1.0,12.18,5.0200000000000005,2.5,1.5,0.0,0.1,0.0,28.200000000000003,0.0,-0.2,-0.4,1.1,98.8,0.0,0.0,261.2,0.0,21.200000000000003,34.9,34.9,36.0,300.0,300.0,30.200000000000003,34.300000000000004,33.5,33.2,34.800000000000004,4.96,1.99,4.96,0.16,0.0,0.0,1027.0,8228.0,0.0,0.0,0.0,0.0,0.0,1.0,0.0,0.0,0.0,0.0,0.0,-1.1,0.0,-0.3,0.0,-0.0001,16.0,25903.0
2026-07-30T18:58:35.302Z,84.785,84.798,-0.1,7.4,0.0,0.0,0.0,0.0,0.0,0.0,0.0,0.0,1.0,0.0,0.0,0.0,9.0,4.0,0.0,0.0,0.0,0.0,0.0,0.0,0.0,0.0,5.0,12.0,1.0,12.18,5.0200000000000005,2.5,1.5,0.0,0.0,0.0,27.9,0.0,0.3,1.2000000000000002,0.5,98.8,0.0,0.0,261.2,0.0,21.200000000000003,34.9,34.9,36.0,300.0,300.0,30.200000000000003,34.300000000000004,33.5,33.2,34.800000000000004,4.96,1.99,4.97,0.16,0.0,0.0,1027.0,8228.0,0.0,0.0,0.0,0.0,0.0,1.0,0.0,0.0,0.0,0.0,0.0,-0.2,0.0,-1.8,0.0,-0.0001,16.0,25903.0
2026-07-30T18:58:35.315Z,84.798,84.81,0.0,7.4,0.0,0.0,0.0,0.0,0.0,0.0,0.0,0.0,1.0,0.0,0.0,0.0,9.0,4.0,0.0,0.0,0.0,0.0,0.0,0.0,0.0,0.0,6.0,12.0,1.0,12.18,5.0200000000000005,2.5,1.5,0.0,0.0,0.0,27.8,0.0,-0.1,-0.5,-0.5,98.8,0.0,0.0,261.2,0.0,21.200000000000003,34.9,34.9,36.0,300.0,300.0,30.200000000000003,34.300000000000004,33.5,33.2,34.800000000000004,4.95,1.99,4.97,0.16,0.0,0.0,1027.0,8228.0,0.0,0.0,0.0,0.0,0.0,1.0,0.0,0.0,0.0,0.0,0.0,0.4,0.0,1.0,0.0,-0.0001,16.0,25903.0
2026-07-30T18:58:35.326Z,84.809,84.822,-0.1,7.4,0.0,0.0,0.0,0.0,0.0,0.0,0.0,0.0,1.0,0.0,0.0,0.0,9.0,4.0,0.0,0.0,0.0,0.0,0.0,0.0,0.0,0.0,2.0,12.0,1.0,12.18,5.0200000000000005,2.5,1.5,0.0,0.0,0.0,27.5,0.0,-0.8,-1.6,0.0,98.8,0.0,0.0,261.2,0.0,21.200000000000003,34.9,34.9,36.0,300.0,300.0,30.200000000000003,34.300000000000004,33.5,33.2,34.800000000000004,4.96,1.99,4.97,0.15,0.0,0.0,1027.0,8228.0,0.0,0.0,0.0,0.0,0.0,1.0,0.0,0.0,0.0,0.0,0.0,-0.2,0.0,1.9,0.0,-0.0001,16.0,25903.0
2026-07-30T18:58:35.339Z,84.822,84.834,-0.1,7.4,0.0,0.0,0.0,0.0,0.0,0.0,0.0,0.0,1.0,0.0,0.0,0.0,9.0,4.0,0.0,0.0,0.0,0.0,0.0,0.0,0.0,0.0,3.0,12.0,1.0,12.18,5.0200000000000005,2.5,1.5,0.0,0.0,0.0,27.3,0.0,0.3,-1.0,0.0,98.8,0.0,0.0,261.2,0.0,21.200000000000003,34.9,34.9,36.0,300.0,300.0,30.200000000000003,34.300000000000004,33.5,33.2,34.800000000000004,4.95,1.99,4.97,0.15,0.0,0.0,1027.0,8228.0,0.0,0.0,0.0,0.0,0.0,1.0,0.0,0.0,0.0,0.0,0.0,-0.1,0.0,1.2000000000000002,0.0,-0.0001,16.0,25903.0
2026-07-30T18:58:35.350Z,84.833,84.846,-0.1,7.4,0.0,0.0,0.0,0.0,0.0,0.0,0.0,0.0,1.0,0.0,0.0,0.0,9.0,4.0,0.0,0.0,0.0,0.0,0.0,0.0,0.0,0.0,5.0,12.0,1.0,12.18,5.0200000000000005,2.5,1.5,0.0,0.0,0.0,27.1,0.0,0.3,0.6000000000000001,-0.5,98.8,0.0,0.0,261.2,0.0,21.200000000000003,34.9,34.9,36.0,300.0,300.0,30.200000000000003,34.300000000000004,33.5,33.2,34.800000000000004,4.95,1.99,4.96,0.16,0.0,0.0,1027.0,8228.0,0.0,0.0,0.0,0.0,0.0,1.0,0.0,0.0,0.0,0.0,0.0,0.6000000000000001,0.0,-0.3,0.0,-0.0001,16.0,25903.0
2026-07-30T18:58:35.363Z,84.846,84.858,-0.1,7.4,0.0,0.0,0.0,0.0,0.0,0.0,0.0,0.0,1.0,0.0,0.0,0.0,9.0,4.0,0.0,0.0,0.0,0.0,0.0,0.0,0.0,0.0,6.0,12.0,1.0,12.18,5.0200000000000005,2.5,1.5,0.0,0.0,0.0,26.8,0.0,-0.2,0.0,0.0,98.8,0.0,0.0,261.2,0.0,21.200000000000003,34.9,34.9,36.0,300.0,300.0,30.200000000000003,34.300000000000004,33.5,33.2,34.800000000000004,4.96,1.99,4.96,0.16,0.0,0.0,1027.0,8228.0,0.0,0.0,0.0,0.0,0.0,1.0,0.0,0.0,0.0,0.0,0.0,0.0,0.0,0.0,0.0,-0.0001,16.0,25903.0
2026-07-30T18:58:35.374Z,84.857,84.87,-0.1,7.4,0.0,0.0,0.0,0.0,0.0,0.0,0.0,0.0,1.0,0.0,0.0,0.0,9.0,4.0,0.0,0.0,0.0,0.0,0.0,0.0,0.0,0.0,2.0,12.0,1.0,12.15,5.01,2.51,1.49,0.0,0.0,0.0,26.6,0.0,0.3,-0.4,1.7000000000000002,98.8,0.0,0.0,261.2,0.0,21.700000000000003,34.9,34.9,36.0,300.0,300.0,30.200000000000003,34.300000000000004,33.5,33.1,34.800000000000004,4.95,1.99,4.96,0.16,0.0,0.0,1027.0,8228.0,0.0,0.0,0.0,0.0,0.0,1.0,0.0,0.0,0.0,0.0,0.0,-1.6,0.0,-0.7000000000000001,0.0,-0.0001,16.0,25903.0
2026-07-30T18:58:35.386Z,84.869,84.882,-0.1,7.4,0.0,0.0,0.0,0.0,0.0,0.0,0.0,0.0,1.0,0.0,0.0,0.0,9.0,4.0,0.0,0.0,0.0,0.0,0.0,0.0,0.0,0.0,3.0,12.0,1.0,12.15,5.01,2.51,1.49,0.0,0.0,0.0,26.4,0.0,0.3,-1.0,0.0,98.8,0.0,0.0,261.2,0.0,21.700000000000003,34.9,34.9,36.0,300.0,300.0,30.200000000000003,34.300000000000004,33.5,33.1,34.800000000000004,4.95,1.99,4.97,0.16,0.0,0.0,1027.0,8228.0,0.0,0.0,0.0,0.0,0.0,1.0,0.0,0.0,0.0,0.0,0.0,-0.1,0.0,1.1,0.0,-0.0001,16.0,25903.0
2026-07-30T18:58:35.398Z,84.881,84.894,-0.1,7.4,0.0,0.0,0.0,0.0,0.0,0.0,0.0,0.0,1.0,0.0,0.0,0.0,9.0,4.0,0.0,0.0,0.0,0.0,0.0,0.0,0.0,0.0,4.0,12.0,1.0,12.15,5.01,2.51,1.49,0.0,0.0,0.0,26.200000000000003,0.0,0.3,0.6000000000000001,0.0,98.8,0.0,0.0,261.2,0.0,21.700000000000003,34.9,34.9,36.0,300.0,300.0,30.200000000000003,34.300000000000004,33.5,33.1,34.800000000000004,4.95,1.99,4.96,0.16,0.0,0.0,1027.0,8228.0,0.0,0.0,0.0,0.0,0.0,1.0,0.0,0.0,0.0,0.0,0.0,0.1,0.0,-0.7000000000000001,0.0,-0.0001,16.0,25903.0
2026-07-30T18:58:35.410Z,84.893,84.906,-0.1,7.4,0.0,0.0,0.0,0.0,0.0,0.0,0.0,0.0,1.0,0.0,0.0,0.0,9.0,4.0,0.0,0.0,0.0,0.0,0.0,0.0,0.0,0.0,6.0,12.0,1.0,12.15,5.01,2.51,1.49,0.0,0.0,0.0,26.0,0.0,-0.2,0.7000000000000001,-0.6000000000000001,98.8,0.0,0.0,261.2,0.0,21.700000000000003,34.9,34.9,36.0,300.0,300.0,30.200000000000003,34.300000000000004,33.5,33.1,34.800000000000004,4.95,2.0,4.96,0.16,0.0,0.0,1027.0,8228.0,0.0,0.0,0.0,0.0,0.0,1.0,0.0,0.0,0.0,0.0,0.0,0.6000000000000001,0.0,-0.3,0.0,-0.0001,16.0,25903.0
2026-07-30T18:58:35.422Z,84.905,84.918,-0.1,7.4,0.0,0.0,0.0,0.0,0.0,0.0,0.0,0.0,1.0,0.0,0.0,0.0,9.0,4.0,0.0,0.0,0.0,0.0,0.0,0.0,0.0,0.0,1.0,12.0,1.0,12.15,5.01,2.51,1.49,0.0,0.0,0.0,25.8,0.0,-0.2,-1.0,-0.5,98.8,0.0,0.0,261.2,0.0,21.700000000000003,34.9,34.9,36.0,300.0,300.0,30.200000000000003,34.300000000000004,33.5,33.1,34.800000000000004,4.95,2.0,4.97,0.16,0.0,0.0,1027.0,8228.0,0.0,0.0,0.0,0.0,0.0,1.0,0.0,0.0,0.0,0.0,0.0,0.3,0.0,1.5,0.0,-0.0001,16.0,25903.0
2026-07-30T18:58:35.434Z,84.917,84.93,-0.1,7.4,0.0,0.0,0.0,0.0,0.0,0.0,0.0,0.0,1.0,0.0,0.0,0.0,9.0,4.0,0.0,0.0,0.0,0.0,0.0,0.0,0.0,0.0,3.0,12.0,1.0,12.15,5.01,2.51,1.49,0.0,0.1,0.0,25.6,0.0,-0.8,-1.0,-1.1,98.8,0.0,0.0,261.2,0.0,21.700000000000003,34.9,34.9,36.0,300.0,300.0,30.200000000000003,34.300000000000004,33.5,33.1,34.800000000000004,4.96,1.99,4.97,0.16,0.0,0.0,1027.0,8228.0,0.0,0.0,0.0,0.0,0.0,1.0,0.0,0.0,0.0,0.0,0.0,0.8,0.0,2.0,0.0,-0.0001,16.0,25903.0
2026-07-30T18:58:35.446Z,84.929,84.94200000000001,-0.1,7.4,0.0,0.0,0.0,0.0,0.0,0.0,0.0,0.0,1.0,0.0,0.0,0.0,9.0,4.0,0.0,0.0,0.0,0.0,0.0,0.0,0.0,0.0,4.0,12.0,1.0,12.15,5.01,2.51,1.49,0.0,0.0,0.0,25.4,0.0,-0.2,-0.5,-0.5,98.8,0.0,0.0,261.2,0.0,21.700000000000003,34.9,34.9,36.0,300.0,300.0,30.200000000000003,34.300000000000004,33.5,33.1,34.800000000000004,4.96,2.0,4.97,0.16,0.0,0.0,1027.0,8228.0,0.0,0.0,0.0,0.0,0.0,1.0,0.0,0.0,0.0,0.0,0.0,0.4,0.0,1.0,0.0,-0.0001,16.0,25903.0
2026-07-30T18:58:35.466Z,84.949,84.95400000000001,0.0,7.4,0.0,0.0,0.0,0.0,0.0,0.0,0.0,0.0,1.0,0.0,0.0,0.0,9.0,4.0,0.0,0.0,0.0,0.0,0.0,0.0,0.0,0.0,5.0,12.0,1.0,12.15,5.01,2.51,1.49,0.0,0.0,0.0,25.1,0.0,0.3,0.6000000000000001,0.0,98.8,0.0,0.0,261.2,0.0,21.700000000000003,34.9,34.9,36.0,300.0,300.0,30.200000000000003,34.300000000000004,33.5,33.1,34.800000000000004,4.96,1.99,4.97,0.16,0.0,0.0,1027.0,8228.0,0.0,0.0,0.0,0.0,0.0,1.0,0.0,0.0,0.0,0.0,0.0,0.1,0.0,-0.6000000000000001,0.0,-0.0001,16.0,25903.0
2026-07-30T18:58:35.471Z,84.954,84.96600000000001,0.0,7.4,0.0,0.0,0.0,0.0,0.0,0.0,0.0,0.0,1.0,0.0,0.0,0.0,9.0,4.0,0.0,0.0,0.0,0.0,0.0,0.0,0.0,0.0,3.0,12.0,1.0,12.2,5.0200000000000005,2.51,1.49,0.0,0.1,0.0,24.9,0.0,-0.3,-0.5,-0.6000000000000001,98.8,0.0,0.0,261.2,0.0,21.4,34.9,34.800000000000004,36.0,300.0,300.0,30.200000000000003,34.300000000000004,33.5,33.1,34.7,4.96,1.99,4.97,0.16,0.0,0.0,1027.0,8228.0,0.0,0.0,0.0,0.0,0.0,1.0,0.0,0.0,0.0,0.0,0.0,0.4,0.0,1.1,0.0,-0.0001,16.0,25903.0
2026-07-30T18:58:35.482Z,84.965,84.97800000000001,0.0,7.4,0.0,0.0,0.0,0.0,0.0,0.0,0.0,0.0,1.0,0.0,0.0,0.0,9.0,4.0,0.0,0.0,0.0,0.0,0.0,0.0,0.0,0.0,3.0,12.0,1.0,12.2,5.0200000000000005,2.51,1.49,0.0,0.0,0.0,24.6,0.0,-0.3,-0.5,1.1,98.8,0.0,0.0,261.2,0.0,21.4,34.9,34.800000000000004,36.0,300.0,300.0,30.200000000000003,34.300000000000004,33.5,33.1,34.7,4.96,2.0,4.96,0.16,0.0,0.0,1027.0,8228.0,0.0,0.0,0.0,0.0,0.0,1.0,0.0,0.0,0.0,0.0,0.0,-0.7000000000000001,0.0,0.9,0.0,-0.0001,16.0,25903.0
2026-07-30T18:58:35.494Z,84.977,84.99,0.0,7.4,0.0,0.0,0.0,0.0,0.0,0.0,0.0,0.0,1.0,0.0,0.0,0.0,9.0,4.0,0.0,0.0,0.0,0.0,0.0,0.0,0.0,0.0,4.0,12.0,1.0,12.2,5.0200000000000005,2.51,1.49,0.0,0.1,0.0,24.5,0.0,-0.9,0.0,0.0,98.8,0.0,0.0,261.2,0.0,21.4,34.9,34.800000000000004,36.0,300.0,300.0,30.200000000000003,34.300000000000004,33.5,33.1,34.7,4.96,2.0,4.97,0.16,0.0,0.0,1027.0,8228.0,0.0,0.0,0.0,0.0,0.0,1.0,0.0,0.0,0.0,0.0,0.0,0.0,0.0,0.0,0.0,-0.0001,16.0,25903.0
2026-07-30T18:58:35.506Z,84.989,85.002,0.0,7.4,0.0,0.0,0.0,0.0,0.0,0.0,0.0,0.0,1.0,0.0,0.0,0.0,9.0,4.0,0.0,0.0,0.0,0.0,0.0,0.0,0.0,0.0,6.0,12.0,1.0,12.2,5.0200000000000005,2.51,1.49,0.0,0.0,0.0,24.3,0.0,0.2,0.5,1.0,98.8,0.0,0.0,261.2,0.0,21.4,34.9,34.800000000000004,36.0,300.0,300.0,30.200000000000003,34.300000000000004,33.5,33.1,34.7,4.95,2.0,4.97,0.16,0.0,0.0,1027.0,8228.0,0.0,0.0,0.0,0.0,0.0,1.0,0.0,0.0,0.0,0.0,0.0,0.6000000000000001,0.0,0.5,0.0,-0.0001,16.0,25903.0
2026-07-30T18:58:35.518Z,85.001,85.014,0.0,7.4,0.0,0.0,0.0,0.0,0.0,0.0,0.0,0.0,1.0,0.0,0.0,0.0,9.0,4.0,0.0,0.0,0.0,0.0,0.0,0.0,0.0,0.0,1.0,12.0,1.0,12.2,5.0200000000000005,2.51,1.49,0.0,0.0,0.0,24.1,0.0,-0.3,-1.2000000000000002,-1.8,98.8,0.0,0.0,261.2,0.0,21.4,34.9,34.800000000000004,36.0,300.0,300.0,30.200000000000003,34.300000000000004,33.5,33.1,34.7,4.96,2.0,4.96,0.16,0.0,0.0,1027.0,8228.0,0.0,0.0,0.0,0.0,0.0,1.0,0.0,0.0,0.0,0.0,0.0,1.4,0.0,2.7,0.0,-0.0001,16.0,25903.0
2026-07-30T18:58:35.530Z,85.013,85.026,0.0,7.4,0.0,0.0,0.0,0.0,0.0,0.0,0.0,0.0,1.0,0.0,0.0,0.0,9.0,4.0,0.0,0.0,0.0,0.0,0.0,0.0,0.0,0.0,2.0,12.0,1.0,12.2,5.0200000000000005,2.51,1.49,0.0,0.0,0.0,23.9,0.0,-0.9,-1.2000000000000002,1.0,98.8,0.0,0.0,261.2,0.0,21.4,34.9,34.800000000000004,36.0,300.0,300.0,30.200000000000003,34.300000000000004,33.5,33.1,34.7,4.95,2.0,4.96,0.16,0.0,0.0,1027.0,8228.0,0.0,0.0,0.0,0.0,0.0,1.0,0.0,0.0,0.0,0.0,0.0,-1.1,0.0,0.6000000000000001,0.0,-0.0001,16.0,25903.0
2026-07-30T18:58:35.543Z,85.026,85.038,0.0,7.4,0.0,0.0,0.0,0.0,0.0,0.0,0.0,0.0,1.0,0.0,0.0,0.0,9.0,4.0,0.0,0.0,0.0,0.0,0.0,0.0,0.0,0.0,3.0,12.0,1.0,12.2,5.0200000000000005,2.51,1.49,0.0,0.0,0.0,23.700000000000003,0.0,-0.3,-0.6000000000000001,-1.3,98.8,0.0,0.0,261.2,0.0,21.4,34.9,34.800000000000004,36.0,300.0,300.0,30.200000000000003,34.300000000000004,33.5,33.1,34.7,4.95,1.99,4.97,0.16,0.0,0.0,1027.0,8228.0,0.0,0.0,0.0,0.0,0.0,1.0,0.0,0.0,0.0,0.0,0.0,1.0,0.0,1.6,0.0,-0.0001,16.0,25903.0
2026-07-30T18:58:35.555Z,85.038,85.05,0.0,7.4,0.0,0.0,0.0,0.0,0.0,0.0,0.0,0.0,1.0,0.0,0.0,0.0,9.0,4.0,0.0,0.0,0.0,0.0,0.0,0.0,0.0,0.0,4.0,12.0,1.0,12.2,5.0200000000000005,2.51,1.49,0.0,0.0,0.0,23.5,0.0,-0.9,0.5,1.0,98.8,0.0,0.0,261.2,0.0,21.4,34.9,34.800000000000004,36.0,300.0,300.0,30.200000000000003,34.300000000000004,33.5,33.1,34.7,4.95,1.99,4.97,0.16,0.0,0.0,1027.0,8228.0,0.0,0.0,0.0,0.0,0.0,1.0,0.0,0.0,0.0,0.0,0.0,-0.8,0.0,-1.3,0.0,-0.0001,16.0,25903.0
2026-07-30T18:58:35.566Z,85.049,85.062,0.0,7.4,0.0,0.0,0.0,0.0,0.0,0.0,0.0,0.0,1.0,0.0,0.0,0.0,9.0,4.0,0.0,0.0,0.0,0.0,0.0,0.0,0.0,0.0,6.0,12.0,1.0,12.2,5.0200000000000005,2.51,1.49,0.0,0.0,0.0,23.3,0.0,0.8,-0.6000000000000001,1.0,98.8,0.0,0.0,261.2,0.0,21.4,34.9,34.800000000000004,36.0,300.0,300.0,30.200000000000003,34.300000000000004,33.5,33.1,34.7,4.96,1.99,4.96,0.16,0.0,0.0,1027.0,8228.0,0.0,0.0,0.0,0.0,0.0,1.0,0.0,0.0,0.0,0.0,0.0,-1.0,0.0,0.0,0.0,-0.0001,16.0,25903.0
2026-07-30T18:58:35.578Z,85.061,85.074,0.0,7.4,0.0,0.0,0.0,0.0,0.0,0.0,0.0,0.0,1.0,0.0,0.0,0.0,9.0,4.0,0.0,0.0,0.0,0.0,0.0,0.0,0.0,0.0,1.0,12.0,1.0,12.17,5.0200000000000005,2.51,1.49,0.0,0.0,0.0,23.1,0.0,0.2,-0.6000000000000001,-0.6000000000000001,98.8,0.0,0.0,261.2,0.0,21.700000000000003,34.800000000000004,34.800000000000004,35.9,300.0,300.0,30.200000000000003,34.300000000000004,33.5,33.1,34.7,4.95,1.99,4.97,0.16,0.0,0.0,1027.0,8228.0,0.0,0.0,0.0,0.0,0.0,1.0,0.0,0.0,0.0,0.0,0.0,0.5,0.0,1.1,0.0,-0.0001,16.0,25903.0
2026-07-30T18:58:35.590Z,85.073,85.086,0.0,7.4,0.0,0.0,0.0,0.0,0.0,0.0,0.0,0.0,1.0,0.0,0.0,0.0,9.0,4.0,0.0,0.0,0.0,0.0,0.0,0.0,0.0,0.0,2.0,12.0,1.0,12.17,5.0200000000000005,2.51,1.49,0.0,0.0,0.0,22.9,0.0,0.2,0.5,1.0,98.8,0.0,0.0,261.2,0.0,21.700000000000003,34.800000000000004,34.800000000000004,35.9,300.0,300.0,30.200000000000003,34.300000000000004,33.5,33.1,34.7,4.95,2.0,4.97,0.16,0.0,0.0,1027.0,8228.0,0.0,0.0,0.0,0.0,0.0,1.0,0.0,0.0,0.0,0.0,0.0,-0.8,0.0,-1.3,0.0,-0.0001,16.0,25903.0
2026-07-30T18:58:35.602Z,85.085,85.098,0.0,7.4,0.0,0.0,0.0,0.0,0.0,0.0,0.0,0.0,1.0,0.0,0.0,0.0,9.0,4.0,0.0,0.0,0.0,0.0,0.0,0.0,0.0,0.0,3.0,12.0,1.0,12.17,5.0200000000000005,2.51,1.49,0.0,0.0,0.0,22.700000000000003,0.0,-0.3,-0.1,0.0,98.8,0.0,0.0,261.2,0.0,21.700000000000003,34.800000000000004,34.800000000000004,35.9,300.0,300.0,30.200000000000003,34.300000000000004,33.5,33.1,34.7,4.96,2.0,4.97,0.16,0.0,0.0,1027.0,8228.0,0.0,0.0,0.0,0.0,0.0,1.0,0.0,0.0,0.0,0.0,0.0,0.0,0.0,0.1,0.0,-0.0001,16.0,25903.0
2026-07-30T18:58:35.614Z,85.097,85.11,0.0,7.4,0.0,0.0,0.0,0.0,0.0,0.0,0.0,0.0,1.0,0.0,0.0,0.0,9.0,4.0,0.0,0.0,0.0,0.0,0.0,0.0,0.0,0.0,4.0,12.0,1.0,12.17,5.0200000000000005,2.51,1.49,0.0,0.0,0.0,22.5,0.0,0.2,-1.2000000000000002,-1.2000000000000002,98.8,0.0,0.0,261.2,0.0,21.700000000000003,34.800000000000004,34.800000000000004,35.9,300.0,300.0,30.200000000000003,34.300000000000004,33.5,33.1,34.7,4.95,2.0,4.96,0.16,0.0,0.0,1027.0,8228.0,0.0,0.0,0.0,0.0,0.0,1.0,0.0,0.0,0.0,0.0,0.0,0.8,0.0,2.3000000000000003,0.0,-0.0001,16.0,25903.0
2026-07-30T18:58:35.627Z,85.11,85.122,0.0,7.4,0.0,0.0,0.0,0.0,0.0,0.0,0.0,0.0,1.0,0.0,0.0,0.0,9.0,4.0,0.0,0.0,0.0,0.0,0.0,0.0,0.0,0.0,5.0,12.0,1.0,12.17,5.0200000000000005,2.51,1.49,0.0,0.0,0.0,22.3,0.0,0.2,-0.6000000000000001,-0.6000000000000001,98.8,0.0,0.0,261.2,0.0,21.700000000000003,34.800000000000004,34.800000000000004,35.9,300.0,300.0,30.200000000000003,34.300000000000004,33.5,33.1,34.7,4.95,1.99,4.97,0.16,0.0,0.0,1027.0,8228.0,0.0,0.0,0.0,0.0,0.0,1.0,0.0,0.0,0.0,0.0,0.0,0.4,0.0,1.1,0.0,-0.0001,16.0,25903.0
2026-07-30T18:58:35.638Z,85.121,85.134,0.0,7.4,0.0,0.0,0.0,0.0,0.0,0.0,0.0,0.0,1.0,0.0,0.0,0.0,9.0,4.0,0.0,0.0,0.0,0.0,0.0,0.0,0.0,0.0,1.0,12.0,1.0,12.17,5.0200000000000005,2.51,1.49,0.0,0.0,0.0,22.1,0.0,-0.2,0.0,-0.6000000000000001,98.8,0.0,0.0,261.2,0.0,21.700000000000003,34.800000000000004,34.800000000000004,35.9,300.0,300.0,30.200000000000003,34.300000000000004,33.5,33.1,34.7,4.95,2.0,4.96,0.16,0.0,0.0,1027.0,8228.0,0.0,0.0,0.0,0.0,0.0,1.0,0.0,0.0,0.0,0.0,0.0,0.5,0.0,0.5,0.0,-0.0001,16.0,25903.0
2026-07-30T18:58:35.650Z,85.133,85.146,0.0,7.4,0.0,0.0,0.0,0.0,0.0,0.0,0.0,0.0,1.0,0.0,0.0,0.0,9.0,4.0,0.0,0.0,0.0,0.0,0.0,0.0,0.0,0.0,2.0,12.0,1.0,12.17,5.0200000000000005,2.51,1.49,0.0,0.0,0.0,21.9,0.0,-0.2,0.5,0.0,98.8,0.0,0.0,261.2,0.0,21.700000000000003,34.800000000000004,34.800000000000004,35.9,300.0,300.0,30.200000000000003,34.300000000000004,33.5,33.1,34.7,4.96,1.99,4.96,0.16,0.0,0.0,1027.0,8228.0,0.0,0.0,0.0,0.0,0.0,1.0,0.0,0.0,0.0,0.0,0.0,0.1,0.0,-0.6000000000000001,0.0,-0.0001,16.0,25903.0
2026-07-30T18:58:35.662Z,85.145,85.158,0.0,7.4,0.0,0.0,0.0,0.0,0.0,0.0,0.0,0.0,1.0,0.0,0.0,0.0,9.0,4.0,0.0,0.0,0.0,0.0,0.0,0.0,0.0,0.0,3.0,12.0,1.0,12.17,5.0200000000000005,2.51,1.49,0.0,0.1,0.0,21.700000000000003,0.0,-0.2,-0.5,0.0,98.8,0.0,0.0,261.2,0.0,21.700000000000003,34.800000000000004,34.800000000000004,35.9,300.0,300.0,30.200000000000003,34.300000000000004,33.5,33.1,34.7,4.95,1.99,4.97,0.16,0.0,0.0,1027.0,8228.0,0.0,0.0,0.0,0.0,0.0,1.0,0.0,0.0,0.0,0.0,0.0,0.0,0.0,0.6000000000000001,0.0,-0.0001,16.0,25903.0
2026-07-30T18:58:35.675Z,85.158,85.17,0.0,7.4,0.0,0.0,0.0,0.0,0.0,0.0,0.0,0.0,1.0,0.0,0.0,0.0,9.0,4.0,0.0,0.0,0.0,0.0,0.0,0.0,0.0,0.0,5.0,12.0,1.0,12.18,5.0200000000000005,2.5,1.49,0.0,0.0,0.0,21.6,0.0,-0.8,-1.1,-0.6000000000000001,98.8,0.0,0.0,261.2,0.0,21.3,34.800000000000004,34.800000000000004,35.9,300.0,300.0,30.3,34.300000000000004,33.5,33.1,34.7,4.96,1.99,4.97,0.16,0.0,0.0,1027.0,8228.0,0.0,0.0,0.0,0.0,0.0,1.0,0.0,0.0,0.0,0.0,0.0,0.3,0.0,1.8,0.0,-0.0001,16.0,25903.0
2026-07-30T18:58:35.686Z,85.169,85.182,0.0,7.4,0.0,0.0,0.0,0.0,0.0,0.0,0.0,0.0,1.0,0.0,0.0,0.0,9.0,4.0,0.0,0.0,0.0,0.0,0.0,0.0,0.0,0.0,6.0,12.0,1.0,12.18,5.0200000000000005,2.5,1.49,0.0,0.0,0.0,21.4,0.0,0.8,-0.6000000000000001,0.0,98.8,0.0,0.0,261.2,0.0,21.3,34.800000000000004,34.800000000000004,35.9,300.0,300.0,30.3,34.300000000000004,33.5,33.1,34.7,4.96,1.99,4.96,0.16,0.0,0.0,1027.0,8228.0,0.0,0.0,0.0,0.0,0.0,1.0,0.0,0.0,0.0,0.0,0.0,0.0,0.0,0.7000000000000001,0.0,-0.0001,16.0,25903.0
2026-07-30T18:58:35.698Z,85.181,85.194,0.0,7.4,0.0,0.0,0.0,0.0,0.0,0.0,0.0,0.0,1.0,0.0,0.0,0.0,9.0,4.0,0.0,0.0,0.0,0.0,0.0,0.0,0.0,0.0,2.0,12.0,1.0,12.18,5.0200000000000005,2.5,1.49,0.0,0.0,0.0,21.1,0.0,-0.3,0.4,1.6,98.8,0.0,0.0,261.2,0.0,21.3,34.800000000000004,34.800000000000004,35.9,300.0,300.0,30.3,34.300000000000004,33.5,33.1,34.7,4.96,1.99,4.96,0.16,0.0,0.0,1027.0,8228.0,0.0,0.0,0.0,0.0,0.0,1.0,0.0,0.0,0.0,0.0,0.0,-1.4,0.0,-1.7000000000000002,0.0,-0.0001,16.0,25903.0
2026-07-30T18:58:35.710Z,85.193,85.206,0.0,7.4,0.0,0.0,0.0,0.0,0.0,0.0,0.0,0.0,1.0,0.0,0.0,0.0,9.0,4.0,0.0,0.0,0.0,0.0,0.0,0.0,0.0,0.0,3.0,12.0,1.0,12.18,5.0200000000000005,2.5,1.49,0.0,0.0,0.0,21.0,0.0,-0.8,0.4,0.5,98.8,0.0,0.0,261.2,0.0,21.3,34.800000000000004,34.800000000000004,35.9,300.0,300.0,30.3,34.300000000000004,33.5,33.1,34.7,4.96,1.99,4.97,0.16,0.0,0.0,1027.0,8228.0,0.0,0.0,0.0,0.0,0.0,1.0,0.0,0.0,0.0,0.0,0.0,-0.4,0.0,-0.9,0.0,-0.0001,16.0,25903.0
2026-07-30T18:58:35.722Z,85.205,85.218,0.0,7.4,0.0,0.0,0.0,0.0,0.0,0.0,0.0,0.0,1.0,0.0,0.0,0.0,9.0,4.0,0.0,0.0,0.0,0.0,0.0,0.0,0.0,0.0,4.0,12.0,1.0,12.18,5.0200000000000005,2.5,1.49,0.0,0.0,0.0,20.700000000000003,0.0,-0.2,-1.2000000000000002,0.5,98.8,0.0,0.0,261.2,0.0,21.3,34.800000000000004,34.800000000000004,35.9,300.0,300.0,30.3,34.300000000000004,33.5,33.1,34.7,4.96,2.0,4.96,0.16,0.0,0.0,1027.0,8228.0,0.0,0.0,0.0,0.0,0.0,1.0,0.0,0.0,0.0,0.0,0.0,-0.7000000000000001,0.0,1.0,0.0,-0.0001,16.0,25903.0
2026-07-30T18:58:35.734Z,85.217,85.23,0.0,7.4,0.0,0.0,0.0,0.0,0.0,0.0,0.0,0.0,1.0,0.0,0.0,0.0,9.0,4.0,0.0,0.0,0.0,0.0,0.0,0.0,0.0,0.0,5.0,12.0,1.0,12.18,5.0200000000000005,2.5,1.49,0.0,0.0,0.0,20.6,0.0,0.9,-0.7000000000000001,0.5,98.8,0.0,0.0,261.2,0.0,21.3,34.800000000000004,34.800000000000004,35.9,300.0,300.0,30.3,34.300000000000004,33.5,33.1,34.7,4.96,1.99,4.97,0.16,0.0,0.0,1027.0,8228.0,0.0,0.0,0.0,0.0,0.0,1.0,0.0,0.0,0.0,0.0,0.0,-0.6000000000000001,0.0,0.4,0.0,-0.0001,16.0,25903.0
2026-07-30T18:58:35.746Z,85.229,85.242,0.0,7.4,0.0,0.0,0.0,0.0,0.0,0.0,0.0,0.0,1.0,0.0,0.0,0.0,9.0,4.0,0.0,0.0,0.0,0.0,0.0,0.0,0.0,0.0,6.0,12.0,1.0,12.18,5.0200000000000005,2.5,1.49,0.0,0.0,0.0,20.4,0.0,-0.8,-0.1,-0.6000000000000001,98.8,0.0,0.0,261.2,0.0,21.3,34.800000000000004,34.800000000000004,35.9,300.0,300.0,30.3,34.300000000000004,33.5,33.1,34.7,4.95,2.0,4.97,0.16,0.0,0.0,1027.0,8228.0,0.0,0.0,0.0,0.0,0.0,1.0,0.0,0.0,0.0,0.0,0.0,0.5,0.0,0.5,0.0,-0.0001,16.0,25903.0
2026-07-30T18:58:35.758Z,85.241,85.254,0.0,7.4,0.0,0.0,0.0,0.0,0.0,0.0,0.0,0.0,1.0,0.0,0.0,0.0,9.0,4.0,0.0,0.0,0.0,0.0,0.0,0.0,0.0,0.0,2.0,12.0,1.0,12.18,5.0200000000000005,2.5,1.49,0.0,0.0,0.0,20.200000000000003,0.0,0.3,-0.6000000000000001,0.6000000000000001,98.8,0.0,0.0,261.2,0.0,21.3,34.800000000000004,34.800000000000004,35.9,300.0,300.0,30.3,34.300000000000004,33.5,33.1,34.7,4.96,2.0,4.96,0.16,0.0,0.0,1027.0,8228.0,0.0,0.0,0.0,0.0,0.0,1.0,0.0,0.0,0.0,0.0,0.0,-0.6000000000000001,0.0,0.2,0.0,-0.0001,16.0,25903.0
2026-07-30T18:58:35.779Z,85.262,85.266,0.0,7.4,0.0,0.0,0.0,0.0,0.0,0.0,0.0,0.0,1.0,0.0,0.0,0.0,9.0,4.0,0.0,0.0,0.0,0.0,0.0,0.0,0.0,0.0,3.0,12.0,1.0,12.18,5.0200000000000005,2.5,1.49,0.0,0.0,0.0,20.0,0.0,0.3,0.0,-1.1,98.8,0.0,0.0,261.2,0.0,21.3,34.800000000000004,34.800000000000004,35.9,300.0,300.0,30.3,34.300000000000004,33.5,33.1,34.7,4.95,2.0,4.96,0.16,0.0,0.0,1027.0,8228.0,0.0,0.0,0.0,0.0,0.0,1.0,0.0,0.0,0.0,0.0,0.0,1.0,0.0,0.8,0.0,-0.0001,16.0,25903.0
2026-07-30T18:58:35.782Z,85.265,85.278,0.0,7.4,0.0,0.0,0.0,0.0,0.0,0.0,0.0,0.0,1.0,0.0,0.0,0.0,9.0,4.0,0.0,0.0,0.0,0.0,0.0,0.0,0.0,0.0,1.0,12.0,1.0,12.17,5.0200000000000005,2.51,1.49,0.0,0.0,0.0,19.9,0.0,0.3,0.5,0.6000000000000001,98.8,0.0,0.0,261.2,0.0,21.3,34.800000000000004,34.800000000000004,35.9,300.0,300.0,30.200000000000003,34.2,33.4,33.0,34.7,4.95,1.99,4.97,0.16,0.0,0.0,1027.0,8228.0,0.0,0.0,0.0,0.0,0.0,1.0,0.0,0.0,0.0,0.0,0.0,-0.4,0.0,-1.0,0.0,-0.0001,16.0,25903.0
2026-07-30T18:58:35.794Z,85.277,85.29,0.0,7.4,0.0,0.0,0.0,0.0,0.0,0.0,0.0,0.0,1.0,0.0,0.0,0.0,9.0,4.0,0.0,0.0,0.0,0.0,0.0,0.0,0.0,0.0,1.0,12.0,1.0,12.17,5.0200000000000005,2.51,1.49,0.0,0.0,0.0,19.700000000000003,0.0,0.9,0.5,1.2000000000000002,98.8,0.0,0.0,261.2,0.0,21.3,34.800000000000004,34.800000000000004,35.9,300.0,300.0,30.200000000000003,34.2,33.4,33.0,34.7,4.95,2.0,4.97,0.16,0.0,0.0,1027.0,8228.0,0.0,0.0,0.0,0.0,0.0,1.0,0.0,0.0,0.0,0.0,0.0,-0.9,0.0,-1.4,0.0,-0.0001,16.0,25903.0
2026-07-30T18:58:35.806Z,85.289,85.302,0.0,7.4,0.0,0.0,0.0,0.0,0.0,0.0,0.0,0.0,1.0,0.0,0.0,0.0,9.0,4.0,0.0,0.0,0.0,0.0,0.0,0.0,0.0,0.0,2.0,12.0,1.0,12.17,5.0200000000000005,2.51,1.49,0.0,0.0,0.0,19.5,0.0,0.3,0.0,-0.5,98.8,0.0,0.0,261.2,0.0,21.3,34.800000000000004,34.800000000000004,35.9,300.0,300.0,30.200000000000003,34.2,33.4,33.0,34.7,4.96,2.0,4.96,0.16,0.0,0.0,1027.0,8228.0,0.0,0.0,0.0,0.0,0.0,1.0,0.0,0.0,0.0,0.0,0.0,0.4,0.0,0.4,0.0,-0.0001,16.0,25903.0
2026-07-30T18:58:35.819Z,85.302,85.31400000000001,0.0,7.4,0.0,0.0,0.0,0.0,0.0,0.0,0.0,0.0,1.0,0.0,0.0,0.0,9.0,4.0,0.0,0.0,0.0,0.0,0.0,0.0,0.0,0.0,3.0,12.0,1.0,12.17,5.0200000000000005,2.51,1.49,0.0,0.0,0.0,19.4,0.0,-0.7000000000000001,-1.1,0.0,98.8,0.0,0.0,261.2,0.0,21.3,34.800000000000004,34.800000000000004,35.9,300.0,300.0,30.200000000000003,34.2,33.4,33.0,34.7,4.95,1.99,4.97,0.16,0.0,0.0,1027.0,8228.0,0.0,0.0,0.0,0.0,0.0,1.0,0.0,0.0,0.0,0.0,0.0,-0.2,0.0,1.2000000000000002,0.0,-0.0001,16.0,25903.0
2026-07-30T18:58:35.830Z,85.313,85.32600000000001,0.0,7.4,0.0,0.0,0.0,0.0,0.0,0.0,0.0,0.0,1.0,0.0,0.0,0.0,9.0,4.0,0.0,0.0,0.0,0.0,0.0,0.0,0.0,0.0,5.0,12.0,1.0,12.17,5.0200000000000005,2.51,1.49,0.0,0.0,0.0,19.200000000000003,0.0,0.3,0.5,1.7000000000000002,98.8,0.0,0.0,261.2,0.0,21.3,34.800000000000004,34.800000000000004,35.9,300.0,300.0,30.200000000000003,34.2,33.4,33.0,34.7,4.95,1.99,4.96,0.16,0.0,0.0,1027.0,8228.0,0.0,0.0,0.0,0.0,0.0,1.0,0.0,0.0,0.0,0.0,0.0,-1.5,0.0,-1.9,0.0,-0.0001,16.0,25903.0
2026-07-30T18:58:35.842Z,85.325,85.33800000000001,0.0,7.4,0.0,0.0,0.0,0.0,0.0,0.0,0.0,0.0,1.0,0.0,0.0,0.0,9.0,4.0,0.0,0.0,0.0,0.0,0.0,0.0,0.0,0.0,6.0,12.0,1.0,12.17,5.0200000000000005,2.51,1.49,0.0,0.0,0.0,19.0,0.0,-0.2,0.0,-0.5,98.8,0.0,0.0,261.2,0.0,21.3,34.800000000000004,34.800000000000004,35.9,300.0,300.0,30.200000000000003,34.2,33.4,33.0,34.7,4.96,2.0,4.96,0.16,0.0,0.0,1027.0,8228.0,0.0,0.0,0.0,0.0,0.0,1.0,0.0,0.0,0.0,0.0,0.0,0.4,0.0,0.4,0.0,-0.0001,16.0,25903.0
2026-07-30T18:58:35.854Z,85.337,85.35000000000001,0.0,7.4,0.0,0.0,0.0,0.0,0.0,0.0,0.0,0.0,1.0,0.0,0.0,0.0,9.0,4.0,0.0,0.0,0.0,0.0,0.0,0.0,0.0,0.0,1.0,12.0,1.0,12.17,5.0200000000000005,2.51,1.49,0.0,0.0,0.0,18.8,0.0,-0.2,0.0,0.6000000000000001,98.8,0.0,0.0,261.2,0.0,21.3,34.800000000000004,34.800000000000004,35.9,300.0,300.0,30.200000000000003,34.2,33.4,33.0,34.7,4.95,2.0,4.96,0.16,0.0,0.0,1027.0,8228.0,0.0,0.0,0.0,0.0,0.0,1.0,0.0,0.0,0.0,0.0,0.0,-0.5,0.0,-0.4,0.0,-0.0001,16.0,25903.0
2026-07-30T18:58:35.866Z,85.349,85.362,0.0,7.4,0.0,0.0,0.0,0.0,0.0,0.0,0.0,0.0,1.0,0.0,0.0,0.0,9.0,4.0,0.0,0.0,0.0,0.0,0.0,0.0,0.0,0.0,2.0,12.0,1.0,12.17,5.0200000000000005,2.51,1.49,0.0,0.0,0.0,18.6,0.0,0.3,0.0,0.0,98.8,0.0,0.0,261.2,0.0,21.3,34.800000000000004,34.800000000000004,35.9,300.0,300.0,30.200000000000003,34.2,33.4,33.0,34.7,4.95,1.99,4.97,0.16,0.0,0.0,1027.0,8228.0,0.0,0.0,0.0,0.0,0.0,1.0,0.0,0.0,0.0,0.0,0.0,0.0,0.0,0.0,0.0,-0.0001,16.0,25903.0
2026-07-30T18:58:35.879Z,85.362,85.374,0.0,7.4,0.0,0.0,0.0,0.0,0.0,0.0,0.0,0.0,1.0,0.0,0.0,0.0,9.0,4.0,0.0,0.0,0.0,0.0,0.0,0.0,0.0,0.0,4.0,12.0,1.0,12.17,5.01,2.51,1.49,0.0,0.0,0.0,18.5,0.0,-0.2,0.0,-0.5,98.8,0.0,0.0,261.2,0.0,21.8,34.800000000000004,34.800000000000004,35.9,300.0,300.0,30.200000000000003,34.300000000000004,33.4,33.1,34.6,4.95,2.0,4.96,0.16,0.0,0.0,1027.0,8228.0,0.0,0.0,0.0,0.0,0.0,1.0,0.0,0.0,0.0,0.0,0.0,0.5,0.0,0.4,0.0,-0.0001,16.0,25903.0
2026-07-30T18:58:35.891Z,85.374,85.386,0.0,7.4,0.0,0.0,0.0,0.0,0.0,0.0,0.0,0.0,1.0,0.0,0.0,0.0,9.0,4.0,0.0,0.0,0.0,0.0,0.0,0.0,0.0,0.0,5.0,12.0,1.0,12.17,5.01,2.51,1.49,0.0,0.0,0.0,18.3,0.0,-0.2,0.5,0.0,98.8,0.0,0.0,261.2,0.0,21.8,34.800000000000004,34.800000000000004,35.9,300.0,300.0,30.200000000000003,34.300000000000004,33.4,33.1,34.6,4.96,1.99,4.96,0.16,0.0,0.0,1027.0,8228.0,0.0,0.0,0.0,0.0,0.0,1.0,0.0,0.0,0.0,0.0,0.0,0.1,0.0,-0.6000000000000001,0.0,-0.0001,16.0,25903.0
2026-07-30T18:58:35.902Z,85.385,85.398,0.0,7.4,0.0,0.0,0.0,0.0,0.0,0.0,0.0,0.0,1.0,0.0,0.0,0.0,9.0,4.0,0.0,0.0,0.0,0.0,0.0,0.0,0.0,0.0,1.0,12.0,1.0,12.17,5.01,2.51,1.49,0.0,0.0,0.0,18.1,0.0,-0.2,-0.5,0.5,98.8,0.0,0.0,261.2,0.0,21.8,34.800000000000004,34.800000000000004,35.9,300.0,300.0,30.200000000000003,34.300000000000004,33.4,33.1,34.6,4.95,1.99,4.97,0.16,0.0,0.0,1027.0,8228.0,0.0,0.0,0.0,0.0,0.0,1.0,0.0,0.0,0.0,0.0,0.0,-0.6000000000000001,0.0,0.2,0.0,-0.0001,16.0,25903.0
2026-07-30T18:58:35.914Z,85.397,85.41,0.0,7.4,0.0,0.0,0.0,0.0,0.0,0.0,0.0,0.0,1.0,0.0,0.0,0.0,9.0,4.0,0.0,0.0,0.0,0.0,0.0,0.0,0.0,0.0,2.0,12.0,1.0,12.17,5.01,2.51,1.49,0.0,0.0,0.0,18.0,0.0,-0.8,-1.2000000000000002,1.1,98.8,0.0,0.0,261.2,0.0,21.8,34.800000000000004,34.800000000000004,35.9,300.0,300.0,30.200000000000003,34.300000000000004,33.4,33.1,34.6,4.96,2.0,4.97,0.16,0.0,0.0,1027.0,8228.0,0.0,0.0,0.0,0.0,0.0,1.0,0.0,0.0,0.0,0.0,0.0,-1.2000000000000002,0.0,0.5,0.0,-0.0001,16.0,25903.0
2026-07-30T18:58:35.926Z,85.409,85.422,0.0,7.4,0.0,0.0,0.0,0.0,0.0,0.0,0.0,0.0,1.0,0.0,0.0,0.0,9.0,4.0,0.0,0.0,0.0,0.0,0.0,0.0,0.0,0.0,3.0,12.0,1.0,12.17,5.01,2.51,1.49,0.0,0.0,0.0,17.8,0.0,-0.9,0.0,-0.6000000000000001,98.8,0.0,0.0,261.2,0.0,21.8,34.800000000000004,34.800000000000004,35.9,300.0,300.0,30.200000000000003,34.300000000000004,33.4,33.1,34.6,4.96,2.0,4.96,0.16,0.0,0.0,1027.0,8228.0,0.0,0.0,0.0,0.0,0.0,1.0,0.0,0.0,0.0,0.0,0.0,0.5,0.0,0.5,0.0,-0.0001,16.0,25903.0
2026-07-30T18:58:35.938Z,85.421,85.434,0.0,7.4,0.0,0.0,0.0,0.0,0.0,0.0,0.0,0.0,1.0,0.0,0.0,0.0,9.0,4.0,0.0,0.0,0.0,0.0,0.0,0.0,0.0,0.0,4.0,12.0,1.0,12.17,5.01,2.51,1.49,0.0,0.0,0.0,17.6,0.0,-0.8,0.0,0.5,98.8,0.0,0.0,261.2,0.0,21.8,34.800000000000004,34.800000000000004,35.9,300.0,300.0,30.200000000000003,34.300000000000004,33.4,33.1,34.6,4.95,1.99,4.96,0.16,0.0,0.0,1027.0,8228.0,0.0,0.0,0.0,0.0,0.0,1.0,0.0,0.0,0.0,0.0,0.0,-0.4,0.0,-0.2,0.0,-0.0001,16.0,25903.0
2026-07-30T18:58:35.950Z,85.433,85.446,0.0,7.4,0.0,0.0,0.0,0.0,0.0,0.0,0.0,0.0,1.0,0.0,0.0,0.0,9.0,4.0,0.0,0.0,0.0,0.0,0.0,0.0,0.0,0.0,5.0,12.0,1.0,12.17,5.01,2.51,1.49,0.0,0.0,0.0,17.5,0.0,0.2,-0.6000000000000001,0.5,98.8,0.0,0.0,261.2,0.0,21.8,34.800000000000004,34.800000000000004,35.9,300.0,300.0,30.200000000000003,34.300000000000004,33.4,33.1,34.6,4.95,1.99,4.97,0.16,0.0,0.0,1027.0,8228.0,0.0,0.0,0.0,0.0,0.0,1.0,0.0,0.0,0.0,0.0,0.0,-0.5,0.0,0.3,0.0,-0.0001,16.0,25903.0
2026-07-30T18:58:35.962Z,85.445,85.458,0.0,7.4,0.0,0.0,0.0,0.0,0.0,0.0,0.0,0.0,1.0,0.0,0.0,0.0,9.0,4.0,0.0,0.0,0.0,0.0,0.0,0.0,0.0,0.0,1.0,12.0,1.0,12.17,5.01,2.51,1.49,0.0,0.0,0.0,17.3,0.0,-0.9,-1.2000000000000002,-1.8,98.8,0.0,0.0,261.1,0.0,21.8,34.800000000000004,34.800000000000004,35.9,300.0,300.0,30.200000000000003,34.300000000000004,33.4,33.1,34.6,4.96,2.0,4.96,0.16,0.0,0.0,1027.0,8228.0,0.0,0.0,0.0,0.0,0.0,1.0,0.0,0.0,0.0,0.0,0.0,1.4,0.0,2.6,0.0,-0.0001,16.0,25903.0
2026-07-30T18:58:35.974Z,85.457,85.47,0.0,7.4,0.0,0.0,0.0,0.0,0.0,0.0,0.0,0.0,1.0,0.0,0.0,0.0,9.0,4.0,0.0,0.0,0.0,0.0,0.0,0.0,0.0,0.0,2.0,12.0,1.0,12.17,5.01,2.51,1.49,0.0,0.1,0.0,17.1,0.0,1.4,0.5,0.5,98.8,0.0,0.0,261.2,0.0,21.8,34.800000000000004,34.800000000000004,35.9,300.0,300.0,30.200000000000003,34.300000000000004,33.4,33.1,34.6,4.96,1.99,4.97,0.16,0.0,0.0,1027.0,8228.0,0.0,0.0,0.0,0.0,0.0,1.0,0.0,0.0,0.0,0.0,0.0,-0.3,0.0,-0.9,0.0,0.0001,16.0,25903.0
2026-07-30T18:58:35.986Z,85.469,85.482,0.0,7.4,0.0,0.0,0.0,0.0,0.0,0.0,0.0,0.0,1.0,0.0,0.0,0.0,9.0,4.0,0.0,0.0,0.0,0.0,0.0,0.0,0.0,0.0,3.0,12.0,1.0,12.13,5.0200000000000005,2.5,1.5,0.0,0.0,0.0,17.0,0.0,0.2,1.0,-0.1,98.8,0.0,0.0,261.2,0.0,21.700000000000003,34.800000000000004,34.800000000000004,35.9,300.0,300.0,30.200000000000003,34.300000000000004,33.4,33.0,34.6,4.95,1.99,4.97,0.16,0.0,0.0,1027.0,8228.0,0.0,0.0,0.0,0.0,0.0,1.0,0.0,0.0,0.0,0.0,0.0,0.0,0.0,0.8,0.0,0.0001,16.0,25903.0
2026-07-30T18:58:35.998Z,85.481,85.494,0.0,7.4,0.0,0.0,0.0,0.0,0.0,0.0,0.0,0.0,1.0,0.0,0.0,0.0,9.0,4.0,0.0,0.0,0.0,0.0,0.0,0.0,0.0,0.0,4.0,12.0,1.0,12.13,5.0200000000000005,2.5,1.5,0.0,0.0,0.0,16.8,0.0,-0.2,-0.6000000000000001,-0.6000000000000001,98.8,0.0,0.0,261.2,0.0,21.700000000000003,34.800000000000004,34.800000000000004,35.9,300.0,300.0,30.200000000000003,34.300000000000004,33.4,33.0,34.6,4.95,1.99,4.97,0.16,0.0,0.0,1027.0,8228.0,0.0,0.0,0.0,0.0,0.0,1.0,0.0,0.0,0.0,0.0,0.0,0.5,0.0,1.2000000000000002,0.0,0.0,16.0,25903.0
2026-07-30T18:58:36.010Z,85.493,85.506,0.0,7.4,0.0,0.0,0.0,0.0,0.0,0.0,0.0,0.0,1.0,0.0,0.0,0.0,9.0,4.0,0.0,0.0,0.0,0.0,0.0,0.0,0.0,0.0,6.0,12.0,1.0,12.13,5.0200000000000005,2.5,1.5,0.0,0.0,0.0,16.6,0.0,0.8,-1.2000000000000002,1.6,98.8,0.0,0.0,261.2,0.0,21.700000000000003,34.800000000000004,34.800000000000004,35.9,300.0,300.0,30.200000000000003,34.300000000000004,33.4,33.0,34.6,4.96,1.99,4.96,0.16,0.0,0.0,1027.0,8228.0,0.0,0.0,0.0,0.0,0.0,1.0,0.0,0.0,0.0,0.0,0.0,-1.0,0.0,0.0,0.0,0.0,16.0,25903.0
2026-07-30T18:58:36.023Z,85.506,85.518,0.0,7.4,0.0,0.0,0.0,0.0,0.0,0.0,0.0,0.0,1.0,0.0,0.0,0.0,9.0,4.0,0.0,0.0,0.0,0.0,0.0,0.0,0.0,0.0,1.0,12.0,1.0,12.13,5.0200000000000005,2.5,1.5,-0.1,0.0,0.0,16.5,0.0,0.2,0.5,-0.6000000000000001,98.8,0.0,0.0,261.2,0.0,21.700000000000003,34.800000000000004,34.800000000000004,35.9,300.0,300.0,30.200000000000003,34.300000000000004,33.4,33.0,34.6,4.96,1.99,4.97,0.16,0.0,0.0,1027.0,8228.0,0.0,0.0,0.0,0.0,0.0,1.0,0.0,0.0,0.0,0.0,0.0,0.2,0.0,-1.2000000000000002,0.0,0.0,16.0,25903.0
2026-07-30T18:58:36.034Z,85.517,85.53,0.0,7.4,0.0,0.0,0.0,0.0,0.0,0.0,0.0,0.0,1.0,0.0,0.0,0.0,9.0,4.0,0.0,0.0,0.0,0.0,0.0,0.0,0.0,0.0,3.0,12.0,1.0,12.13,5.0200000000000005,2.5,1.5,0.0,0.0,0.0,16.3,0.0,0.3,0.0,1.0,98.8,0.0,0.0,261.2,0.0,21.700000000000003,34.800000000000004,34.800000000000004,35.9,300.0,300.0,30.200000000000003,34.300000000000004,33.4,33.0,34.6,4.95,2.0,4.97,0.16,0.0,0.0,1027.0,8228.0,0.0,0.0,0.0,0.0,0.0,1.0,0.0,0.0,0.0,0.0,0.0,-0.9,0.0,-0.7000000000000001,0.0,0.0,16.0,25903.0
2026-07-30T18:58:36.046Z,85.529,85.542,0.0,7.4,0.0,0.0,0.0,0.0,0.0,0.0,0.0,0.0,1.0,0.0,0.0,0.0,9.0,4.0,0.0,0.0,0.0,0.0,0.0,0.0,0.0,0.0,4.0,12.0,1.0,12.13,5.0200000000000005,2.5,1.5,0.0,0.1,0.0,16.2,0.0,-0.8,-1.8,-0.7000000000000001,98.8,0.0,0.0,261.2,0.0,21.700000000000003,34.800000000000004,34.800000000000004,35.9,300.0,300.0,30.200000000000003,34.300000000000004,33.4,33.0,34.6,4.95,2.0,4.96,0.16,0.0,0.0,1027.0,8228.0,0.0,0.0,0.0,0.0,0.0,1.0,0.0,0.0,0.0,0.0,0.0,0.3,0.0,2.6,0.0,0.0,16.0,25903.0
2026-07-30T18:58:36.058Z,85.541,85.554,0.0,7.4,0.0,0.0,0.0,0.0,0.0,0.0,0.0,0.0,1.0,0.0,0.0,0.0,9.0,4.0,0.0,0.0,0.0,0.0,0.0,0.0,0.0,0.0,4.0,12.0,1.0,12.13,5.0200000000000005,2.5,1.5,0.0,0.0,0.0,16.0,0.0,-0.2,-0.6000000000000001,-1.3,98.8,0.0,0.0,261.2,0.0,21.700000000000003,34.800000000000004,34.800000000000004,35.9,300.0,300.0,30.200000000000003,34.300000000000004,33.4,33.0,34.6,4.95,1.99,4.97,0.16,0.0,0.0,1027.0,8228.0,0.0,0.0,0.0,0.0,0.0,1.0,0.0,0.0,0.0,0.0,0.0,1.0,0.0,1.7000000000000002,0.0,0.0,16.0,25903.0
2026-07-30T18:58:36.071Z,85.554,85.566,0.0,7.4,0.0,0.0,0.0,0.0,0.0,0.0,0.0,0.0,1.0,0.0,0.0,0.0,9.0,4.0,0.0,0.0,0.0,0.0,0.0,0.0,0.0,0.0,6.0,12.0,1.0,12.13,5.0200000000000005,2.5,1.5,0.0,0.0,0.0,15.9,0.0,-0.8,0.4,-0.1,98.8,0.0,0.0,261.2,0.0,21.700000000000003,34.800000000000004,34.800000000000004,35.9,300.0,300.0,30.200000000000003,34.300000000000004,33.4,33.0,34.6,4.95,1.99,4.96,0.16,0.0,0.0,1027.0,8228.0,0.0,0.0,0.0,0.0,0.0,1.0,0.0,0.0,0.0,0.0,0.0,0.2,0.0,-0.4,0.0,0.0,16.0,25903.0
2026-07-30T18:58:36.091Z,85.574,85.578,0.0,7.4,0.0,0.0,0.0,0.0,0.0,0.0,0.0,0.0,1.0,0.0,0.0,0.0,9.0,4.0,0.0,0.0,0.0,0.0,0.0,0.0,0.0,0.0,6.0,12.0,1.0,12.17,5.01,2.51,1.49,0.0,0.0,0.0,15.7,0.0,-0.2,0.4,-0.1,98.8,0.0,0.0,261.2,0.0,21.700000000000003,34.800000000000004,34.800000000000004,35.800000000000004,300.0,300.0,30.4,34.300000000000004,33.4,33.0,34.6,4.96,1.99,4.96,0.16,0.0,0.0,1027.0,8228.0,0.0,0.0,0.0,0.0,0.0,1.0,0.0,0.0,0.0,0.0,0.0,0.1,0.0,-0.4,0.0,0.0,16.0,25903.0
2026-07-30T18:58:36.094Z,85.577,85.59,0.0,7.4,0.0,0.0,0.0,0.0,0.0,0.0,0.0,0.0,1.0,0.0,0.0,0.0,9.0,4.0,0.0,0.0,0.0,0.0,0.0,0.0,0.0,0.0,3.0,12.0,1.0,12.17,5.01,2.51,1.49,0.0,0.0,0.0,15.6,0.0,-0.8,-0.6000000000000001,-0.1,98.8,0.0,0.0,261.2,0.0,21.700000000000003,34.800000000000004,34.800000000000004,35.800000000000004,300.0,300.0,30.4,34.300000000000004,33.4,33.0,34.6,4.95,1.99,4.96,0.16,0.0,0.0,1027.0,8228.0,0.0,0.0,0.0,0.0,0.0,1.0,0.0,0.0,0.0,0.0,0.0,0.0,0.0,0.8,0.0,0.0,16.0,25903.0
2026-07-30T18:58:36.107Z,85.59,85.602,0.0,7.4,0.0,0.0,0.0,0.0,0.0,0.0,0.0,0.0,1.0,0.0,0.0,0.0,9.0,4.0,0.0,0.0,0.0,0.0,0.0,0.0,0.0,0.0,4.0,12.0,1.0,12.17,5.01,2.51,1.49,0.0,0.0,0.0,15.4,0.0,0.2,0.4,-0.7000000000000001,98.8,0.0,0.0,261.2,0.0,21.700000000000003,34.800000000000004,34.800000000000004,35.800000000000004,300.0,300.0,30.4,34.300000000000004,33.4,33.0,34.6,4.95,1.99,4.97,0.16,0.0,0.0,1027.0,8228.0,0.0,0.0,0.0,0.0,0.0,1.0,0.0,0.0,0.0,0.0,0.0,0.7000000000000001,0.0,0.0,0.0,0.0,16.0,25903.0
2026-07-30T18:58:36.118Z,85.601,85.614,0.0,7.4,0.0,0.0,0.0,0.0,0.0,0.0,0.0,0.0,1.0,0.0,0.0,0.0,9.0,4.0,0.0,0.0,0.0,0.0,0.0,0.0,0.0,0.0,5.0,12.0,1.0,12.17,5.01,2.51,1.49,0.0,0.0,0.0,15.3,0.0,-0.3,0.4,-1.3,98.8,0.0,0.0,261.2,0.0,21.700000000000003,34.800000000000004,34.800000000000004,35.800000000000004,300.0,300.0,30.4,34.300000000000004,33.4,33.0,34.6,4.95,2.0,4.96,0.16,0.0,0.0,1027.0,8228.0,0.0,0.0,0.0,0.0,0.0,1.0,0.0,0.0,0.0,0.0,0.0,1.2000000000000002,0.0,0.4,0.0,0.0,16.0,25903.0
2026-07-30T18:58:36.130Z,85.613,85.626,0.0,7.4,0.0,0.0,0.0,0.0,0.0,0.0,0.0,0.0,1.0,0.0,0.0,0.0,9.0,4.0,0.0,0.0,0.0,0.0,0.0,0.0,0.0,0.0,6.0,12.0,1.0,12.17,5.01,2.51,1.49,0.0,0.0,0.0,15.1,0.0,0.2,-0.7000000000000001,-0.7000000000000001,98.8,0.0,0.0,261.2,0.0,21.700000000000003,34.800000000000004,34.800000000000004,35.800000000000004,300.0,300.0,30.4,34.300000000000004,33.4,33.0,34.6,4.96,1.99,4.96,0.15,0.0,0.0,1027.0,8228.0,0.0,0.0,0.0,0.0,0.0,1.0,0.0,0.0,0.0,0.0,0.0,0.5,0.0,1.3,0.0,0.0,16.0,25903.0
2026-07-30T18:58:36.142Z,85.625,85.638,0.0,7.4,0.0,0.0,0.0,0.0,0.0,0.0,0.0,0.0,1.0,0.0,0.0,0.0,9.0,4.0,0.0,0.0,0.0,0.0,0.0,0.0,0.0,0.0,2.0,12.0,1.0,12.17,5.01,2.51,1.49,0.0,0.0,0.0,15.0,0.0,0.2,-0.1,-0.7000000000000001,98.8,0.0,0.0,261.2,0.0,21.700000000000003,34.800000000000004,34.800000000000004,35.800000000000004,300.0,300.0,30.4,34.300000000000004,33.4,33.0,34.6,4.95,1.99,4.97,0.16,0.0,0.0,1027.0,8228.0,0.0,0.0,0.0,0.0,0.0,1.0,0.0,0.0,0.0,0.0,0.0,0.6000000000000001,0.0,0.7000000000000001,0.0,0.0,16.0,25903.0
2026-07-30T18:58:36.155Z,85.638,85.65,0.0,7.4,0.0,0.0,0.0,0.0,0.0,0.0,0.0,0.0,1.0,0.0,0.0,0.0,9.0,4.0,0.0,0.0,0.0,0.0,0.0,0.0,0.0,0.0,3.0,12.0,1.0,12.17,5.01,2.51,1.49,0.0,0.0,0.0,14.8,0.0,-0.8,-0.7000000000000001,-0.8,98.8,0.0,0.0,261.2,0.0,21.700000000000003,34.800000000000004,34.800000000000004,35.800000000000004,300.0,300.0,30.4,34.300000000000004,33.4,33.0,34.6,4.96,2.0,4.96,0.16,0.0,0.0,1027.0,8228.0,0.0,0.0,0.0,0.0,0.0,1.0,0.0,0.0,0.0,0.0,0.0,0.6000000000000001,0.0,1.4,0.0,0.0,16.0,25903.0
2026-07-30T18:58:36.166Z,85.649,85.662,0.0,7.4,0.0,0.0,0.0,0.0,0.0,0.0,0.0,0.0,1.0,0.0,0.0,0.0,9.0,4.0,0.0,0.0,0.0,0.0,0.0,0.0,0.0,0.0,4.0,12.0,1.0,12.17,5.01,2.51,1.49,0.0,0.0,0.0,14.7,0.0,-0.2,0.3,0.9,98.8,0.0,0.0,261.2,0.0,21.700000000000003,34.800000000000004,34.800000000000004,35.800000000000004,300.0,300.0,30.4,34.300000000000004,33.4,33.0,34.6,4.96,2.0,4.96,0.16,0.0,0.0,1027.0,8228.0,0.0,0.0,0.0,0.0,0.0,1.0,0.0,0.0,0.0,0.0,0.0,-0.7000000000000001,0.0,-1.1,0.0,0.0,16.0,25903.0
2026-07-30T18:58:36.178Z,85.661,85.674,0.0,7.4,0.0,0.0,0.0,0.0,0.0,0.0,0.0,0.0,1.0,0.0,0.0,0.0,9.0,4.0,0.0,0.0,0.0,0.0,0.0,0.0,0.0,0.0,6.0,12.0,1.0,12.17,5.01,2.51,1.49,0.0,0.0,0.0,14.6,0.0,-0.2,0.3,-0.2,98.8,0.0,0.0,261.2,0.0,21.700000000000003,34.800000000000004,34.800000000000004,35.800000000000004,300.0,300.0,30.4,34.300000000000004,33.4,33.0,34.6,4.95,1.99,4.96,0.16,0.0,0.0,1027.0,8228.0,0.0,0.0,0.0,0.0,0.0,1.0,0.0,0.0,0.0,0.0,0.0,0.3,0.0,-0.2,0.0,0.0,16.0,25903.0
2026-07-30T18:58:36.190Z,85.673,85.686,0.1,7.4,0.0,0.0,0.0,0.0,0.0,0.0,0.0,0.0,1.0,0.0,0.0,0.0,9.0,4.0,0.0,0.0,0.0,0.0,0.0,0.0,0.0,0.0,1.0,12.0,1.0,12.17,5.0200000000000005,2.51,1.49,0.0,0.0,0.0,14.4,0.0,0.8,-0.2,-0.2,98.8,0.0,0.0,261.2,0.0,21.3,34.800000000000004,34.7,35.800000000000004,300.0,300.0,30.4,34.300000000000004,33.4,33.0,34.6,4.95,1.99,4.97,0.16,0.0,0.0,1027.0,8228.0,0.0,0.0,0.0,0.0,0.0,1.0,0.0,0.0,0.0,0.0,0.0,0.1,0.0,0.4,0.0,-0.0001,16.0,25903.0
2026-07-30T18:58:36.202Z,85.685,85.69800000000001,0.1,7.4,0.0,0.0,0.0,0.0,0.0,0.0,0.0,0.0,1.0,0.0,0.0,0.0,9.0,4.0,0.0,0.0,0.0,0.0,0.0,0.0,0.0,0.0,2.0,12.0,1.0,12.17,5.0200000000000005,2.51,1.49,0.0,0.0,0.0,14.3,0.0,-0.2,-0.1,-0.2,98.8,0.0,0.0,261.2,0.0,21.3,34.800000000000004,34.7,35.800000000000004,300.0,300.0,30.4,34.300000000000004,33.4,33.0,34.6,4.96,1.99,4.96,0.16,0.0,0.0,1027.0,8228.0,0.0,0.0,0.0,0.0,0.0,1.0,0.0,0.0,0.0,0.0,0.0,0.2,0.0,0.4,0.0,-0.0001,16.0,25903.0
2026-07-30T18:58:36.214Z,85.697,85.71000000000001,0.1,7.4,0.0,0.0,0.0,0.0,0.0,0.0,0.0,0.0,1.0,0.0,0.0,0.0,9.0,4.0,0.0,0.0,0.0,0.0,0.0,0.0,0.0,0.0,3.0,12.0,1.0,12.17,5.0200000000000005,2.51,1.49,0.0,0.0,0.0,14.1,0.0,-0.2,-0.1,-0.7000000000000001,98.8,0.0,0.0,261.2,0.0,21.3,34.800000000000004,34.7,35.800000000000004,300.0,300.0,30.4,34.300000000000004,33.4,33.0,34.6,4.96,1.99,4.97,0.16,0.0,0.0,1027.0,8228.0,0.0,0.0,0.0,0.0,0.0,1.0,0.0,0.0,0.0,0.0,0.0,0.6000000000000001,0.0,0.7000000000000001,0.0,-0.0001,16.0,25903.0
2026-07-30T18:58:36.226Z,85.709,85.72200000000001,0.1,7.4,0.0,0.0,0.0,0.0,0.0,0.0,0.0,0.0,1.0,0.0,0.0,0.0,9.0,4.0,0.0,0.0,0.0,0.0,0.0,0.0,0.0,0.0,4.0,12.0,1.0,12.17,5.0200000000000005,2.51,1.49,0.0,0.0,0.0,14.0,0.0,-0.2,-0.7000000000000001,0.4,98.8,0.0,0.0,261.2,0.0,21.3,34.800000000000004,34.7,35.800000000000004,300.0,300.0,30.4,34.300000000000004,33.4,33.0,34.6,4.95,2.0,4.97,0.16,0.0,0.0,1027.0,8228.0,0.0,0.0,0.0,0.0,0.0,1.0,0.0,0.0,0.0,0.0,0.0,-0.4,0.0,0.5,0.0,-0.0001,16.0,25903.0
2026-07-30T18:58:36.238Z,85.721,85.73400000000001,0.1,7.4,0.0,0.0,0.0,0.0,0.0,0.0,0.0,0.0,1.0,0.0,0.0,0.0,9.0,4.0,0.0,0.0,0.0,0.0,0.0,0.0,0.0,0.0,6.0,12.0,1.0,12.17,5.0200000000000005,2.51,1.49,0.0,0.0,0.0,13.8,0.0,-0.2,-1.2000000000000002,-0.8,98.8,0.0,0.0,261.2,0.0,21.3,34.800000000000004,34.7,35.800000000000004,300.0,300.0,30.4,34.300000000000004,33.4,33.0,34.6,4.96,2.0,4.96,0.16,0.0,0.0,1027.0,8228.0,0.0,0.0,0.0,0.0,0.0,1.0,0.0,0.0,0.0,0.0,0.0,0.4,0.0,2.0,0.0,-0.0001,16.0,25903.0
2026-07-30T18:58:36.250Z,85.733,85.746,0.1,7.4,0.0,0.0,0.0,0.0,0.0,0.0,0.0,0.0,1.0,0.0,0.0,0.0,9.0,4.0,0.0,0.0,0.0,0.0,0.0,0.0,0.0,0.0,1.0,12.0,1.0,12.17,5.0200000000000005,2.51,1.49,0.0,0.0,0.0,13.7,0.0,0.3,-0.1,0.4,98.8,0.0,0.0,261.2,0.0,21.3,34.800000000000004,34.7,35.800000000000004,300.0,300.0,30.4,34.300000000000004,33.4,33.0,34.6,4.96,1.99,4.97,0.16,0.0,0.0,1027.0,8228.0,0.0,0.0,0.0,0.0,0.0,1.0,0.0,0.0,0.0,0.0,0.0,-0.4,0.0,-0.1,0.0,-0.0001,16.0,25903.0
2026-07-30T18:58:36.262Z,85.745,85.758,0.0,7.4,0.0,0.0,0.0,0.0,0.0,0.0,0.0,0.0,1.0,0.0,0.0,0.0,9.0,4.0,0.0,0.0,0.0,0.0,0.0,0.0,0.0,0.0,2.0,12.0,1.0,12.17,5.0200000000000005,2.51,1.49,0.0,0.0,0.0,13.6,0.0,0.3,1.0,1.0,98.8,0.0,0.0,261.2,0.0,21.3,34.800000000000004,34.7,35.800000000000004,300.0,300.0,30.4,34.300000000000004,33.4,33.0,34.6,4.96,1.99,4.97,0.16,0.0,0.0,1027.0,8228.0,0.0,0.0,0.0,0.0,0.0,1.0,0.0,0.0,0.0,0.0,0.0,-0.7000000000000001,0.0,-1.9,0.0,-0.0001,16.0,25903.0
2026-07-30T18:58:36.274Z,85.757,85.77,0.1,7.4,0.0,0.0,0.0,0.0,0.0,0.0,0.0,0.0,1.0,0.0,0.0,0.0,9.0,4.0,0.0,0.0,0.0,0.0,0.0,0.0,0.0,0.0,4.0,12.0,1.0,12.17,5.0200000000000005,2.51,1.49,0.0,0.0,0.0,13.5,0.0,0.3,0.0,-0.7000000000000001,98.8,0.0,0.0,261.2,0.0,21.3,34.800000000000004,34.7,35.800000000000004,300.0,300.0,30.4,34.300000000000004,33.4,33.0,34.6,4.95,1.99,4.97,0.16,0.0,0.0,1027.0,8228.0,0.0,0.0,0.0,0.0,0.0,1.0,0.0,0.0,0.0,0.0,0.0,0.6000000000000001,0.0,0.6000000000000001,0.0,-0.0001,16.0,25903.0
2026-07-30T18:58:36.287Z,85.77,85.782,0.1,7.4,0.0,0.0,0.0,0.0,0.0,0.0,0.0,0.0,1.0,0.0,0.0,0.0,9.0,4.0,0.0,0.0,0.0,0.0,0.0,0.0,0.0,0.0,5.0,12.0,1.0,12.18,5.01,2.5,1.49,-0.1,0.1,0.0,13.4,0.0,-0.2,0.0,-0.7000000000000001,98.8,0.0,0.0,261.2,0.0,21.4,34.7,34.7,35.800000000000004,300.0,300.0,30.3,34.2,33.4,32.9,34.6,4.96,1.99,4.96,0.16,0.0,0.0,1027.0,8228.0,0.0,0.0,0.0,0.0,0.0,1.0,0.0,0.0,0.0,0.0,0.0,0.6000000000000001,0.0,0.5,0.0,-0.0001,16.0,25903.0
2026-07-30T18:58:36.298Z,85.781,85.794,0.1,7.4,0.0,0.0,0.0,0.0,0.0,0.0,0.0,0.0,1.0,0.0,0.0,0.0,9.0,4.0,0.0,0.0,0.0,0.0,0.0,0.0,0.0,0.0,1.0,12.0,1.0,12.18,5.01,2.5,1.49,0.0,0.0,0.0,13.2,0.0,-0.2,-1.2000000000000002,-1.3,98.8,0.0,0.0,261.2,0.0,21.4,34.7,34.7,35.800000000000004,300.0,300.0,30.3,34.2,33.4,32.9,34.6,4.95,1.99,4.96,0.16,0.0,0.0,1027.0,8228.0,0.0,0.0,0.0,0.0,0.0,1.0,0.0,0.0,0.0,0.0,0.0,0.9,0.0,2.3000000000000003,0.0,-0.0001,16.0,25903.0
2026-07-30T18:58:36.310Z,85.793,85.806,0.0,7.4,0.0,0.0,0.0,0.0,0.0,0.0,0.0,0.0,1.0,0.0,0.0,0.0,9.0,4.0,0.0,0.0,0.0,0.0,0.0,0.0,0.0,0.0,2.0,12.0,1.0,12.18,5.01,2.5,1.49,0.0,0.0,0.0,13.1,0.0,0.3,0.5,0.5,98.8,0.0,0.0,261.2,0.0,21.4,34.7,34.7,35.800000000000004,300.0,300.0,30.3,34.2,33.4,32.9,34.6,4.95,2.0,4.96,0.16,0.0,0.0,1027.0,8228.0,0.0,0.0,0.0,0.0,0.0,1.0,0.0,0.0,0.0,0.0,0.0,-0.3,0.0,-0.9,0.0,-0.0001,16.0,25903.0
2026-07-30T18:58:36.322Z,85.805,85.818,0.0,7.4,0.0,0.0,0.0,0.0,0.0,0.0,0.0,0.0,1.0,0.0,0.0,0.0,9.0,4.0,0.0,0.0,0.0,0.0,0.0,0.0,0.0,0.0,3.0,12.0,1.0,12.18,5.01,2.5,1.49,0.0,0.0,0.0,13.0,0.0,-0.2,0.0,1.6,98.8,0.0,0.0,261.2,0.0,21.4,34.7,34.7,35.800000000000004,300.0,300.0,30.3,34.2,33.4,32.9,34.6,4.95,2.0,4.96,0.16,0.0,0.0,1027.0,8228.0,0.0,0.0,0.0,0.0,0.0,1.0,0.0,0.0,0.0,0.0,0.0,-1.5,0.0,-1.1,0.0,-0.0001,16.0,25903.0
2026-07-30T18:58:36.334Z,85.817,85.83,0.0,7.4,0.0,0.0,0.0,0.0,0.0,0.0,0.0,0.0,1.0,0.0,0.0,0.0,9.0,4.0,0.0,0.0,0.0,0.0,0.0,0.0,0.0,0.0,4.0,12.0,1.0,12.18,5.01,2.5,1.49,0.0,0.0,0.0,12.8,0.0,0.3,-0.5,-1.1,98.8,0.0,0.0,261.2,0.0,21.4,34.7,34.7,35.800000000000004,300.0,300.0,30.3,34.2,33.4,32.9,34.6,4.95,2.0,4.96,0.16,0.0,0.0,1027.0,8228.0,0.0,0.0,0.0,0.0,0.0,1.0,0.0,0.0,0.0,0.0,0.0,0.9,0.0,1.5,0.0,-0.0001,16.0,25903.0
2026-07-30T18:58:36.346Z,85.829,85.842,0.0,7.4,0.0,0.0,0.0,0.0,0.0,0.0,0.0,0.0,1.0,0.0,0.0,0.0,9.0,4.0,0.0,0.0,0.0,0.0,0.0,0.0,0.0,0.0,5.0,12.0,1.0,12.18,5.01,2.5,1.49,0.0,0.0,0.0,12.7,0.0,-0.2,0.0,1.1,98.8,0.0,0.0,261.2,0.0,21.4,34.7,34.7,35.800000000000004,300.0,300.0,30.3,34.2,33.4,32.9,34.6,4.95,1.99,4.97,0.16,0.0,0.0,1027.0,8228.0,0.0,0.0,0.0,0.0,0.0,1.0,0.0,0.0,0.0,0.0,0.0,-1.0,0.0,-0.8,0.0,-0.0001,16.0,25903.0
2026-07-30T18:58:36.358Z,85.841,85.854,0.0,7.4,0.0,0.0,0.0,0.0,0.0,0.0,0.0,0.0,1.0,0.0,0.0,0.0,9.0,4.0,0.0,0.0,0.0,0.0,0.0,0.0,0.0,0.0,1.0,12.0,1.0,12.18,5.01,2.5,1.49,0.0,0.0,0.0,12.6,0.0,0.3,0.5,0.5,98.8,0.0,0.0,261.2,0.0,21.4,34.7,34.7,35.800000000000004,300.0,300.0,30.3,34.2,33.4,32.9,34.6,4.95,1.99,4.96,0.16,0.0,0.0,1027.0,8228.0,0.0,0.0,0.0,0.0,0.0,1.0,0.0,0.0,0.0,0.0,0.0,-0.3,0.0,-1.0,0.0,-0.0001,16.0,25903.0
2026-07-30T18:58:36.370Z,85.853,85.866,0.0,7.4,0.0,0.0,0.0,0.0,0.0,0.0,0.0,0.0,1.0,0.0,0.0,0.0,9.0,4.0,0.0,0.0,0.0,0.0,0.0,0.0,0.0,0.0,3.0,12.0,1.0,12.18,5.01,2.5,1.49,0.0,0.0,0.0,12.5,0.0,-0.1,0.0,0.0,98.8,0.0,0.0,261.2,0.0,21.4,34.7,34.7,35.800000000000004,300.0,300.0,30.3,34.2,33.4,32.9,34.6,4.96,1.99,4.96,0.16,0.0,0.0,1027.0,8228.0,0.0,0.0,0.0,0.0,0.0,1.0,0.0,0.0,0.0,0.0,0.0,0.0,0.0,0.0,0.0,-0.0001,16.0,25903.0
2026-07-30T18:58:36.383Z,85.866,85.878,0.0,7.4,0.0,0.0,0.0,0.0,0.0,0.0,0.0,0.0,1.0,0.0,0.0,0.0,9.0,4.0,0.0,0.0,0.0,0.0,0.0,0.0,0.0,0.0,4.0,12.0,1.0,12.18,5.01,2.5,1.49,0.0,0.0,0.0,12.4,0.0,-0.7000000000000001,0.6000000000000001,0.4,98.8,0.0,0.0,261.2,0.0,21.4,34.7,34.7,35.800000000000004,300.0,300.0,30.3,34.2,33.4,32.9,34.6,4.95,1.99,4.96,0.16,0.0,0.0,1027.0,8228.0,0.0,0.0,0.0,0.0,0.0,1.0,0.0,0.0,0.0,0.0,0.0,-0.3,0.0,-1.0,0.0,-0.0001,16.0,25903.0
2026-07-30T18:58:36.395Z,85.878,85.89,0.0,7.4,0.0,0.0,0.0,0.0,0.0,0.0,0.0,0.0,1.0,0.0,0.0,0.0,9.0,4.0,0.0,0.0,0.0,0.0,0.0,0.0,0.0,0.0,5.0,12.0,1.0,12.18,5.01,2.5,1.49,0.0,0.0,0.0,12.2,0.0,0.4,-0.5,0.0,98.8,0.0,0.0,261.2,0.0,21.200000000000003,34.7,34.7,35.800000000000004,300.0,300.0,30.4,34.2,33.4,32.9,34.6,4.96,1.99,4.96,0.16,0.0,0.0,1027.0,8228.0,0.0,0.0,0.0,0.0,0.0,1.0,0.0,0.0,0.0,0.0,0.0,0.0,0.0,0.6000000000000001,0.0,-0.0001,16.0,25903.0
2026-07-30T18:58:36.411Z,85.894,85.902,0.0,7.4,0.0,0.0,0.0,0.0,0.0,0.0,0.0,0.0,1.0,0.0,0.0,0.0,9.0,4.0,0.0,0.0,0.0,0.0,0.0,0.0,0.0,0.0,4.0,12.0,1.0,12.18,5.01,2.5,1.49,0.0,0.0,0.0,12.1,0.0,1.0,0.6000000000000001,0.5,98.8,0.0,0.0,261.2,0.0,21.200000000000003,34.7,34.7,35.800000000000004,300.0,300.0,30.4,34.2,33.4,32.9,34.6,4.96,2.0,4.96,0.16,0.0,0.0,1027.0,8228.0,0.0,0.0,0.0,0.0,0.0,1.0,0.0,0.0,0.0,0.0,0.0,-0.3,0.0,-1.1,0.0,-0.0001,16.0,25903.0
2026-07-30T18:58:36.418Z,85.901,85.914,0.0,7.4,0.0,0.0,0.0,0.0,0.0,0.0,0.0,0.0,1.0,0.0,0.0,0.0,9.0,4.0,0.0,0.0,0.0,0.0,0.0,0.0,0.0,0.0,2.0,12.0,1.0,12.18,5.01,2.5,1.49,0.0,0.0,0.0,12.0,0.0,0.4,0.6000000000000001,-0.6000000000000001,98.8,0.0,0.0,261.2,0.0,21.200000000000003,34.7,34.7,35.800000000000004,300.0,300.0,30.4,34.2,33.4,32.9,34.6,4.95,1.99,4.96,0.16,0.0,0.0,1027.0,8228.0,0.0,0.0,0.0,0.0,0.0,1.0,0.0,0.0,0.0,0.0,0.0,0.7000000000000001,0.0,-0.2,0.0,-0.0001,16.0,25903.0
2026-07-30T18:58:36.430Z,85.913,85.926,0.0,7.4,0.0,0.0,0.0,0.0,0.0,0.0,0.0,0.0,1.0,0.0,0.0,0.0,9.0,4.0,0.0,0.0,0.0,0.0,0.0,0.0,0.0,0.0,3.0,12.0,1.0,12.18,5.01,2.5,1.49,0.0,0.1,0.0,11.9,0.0,0.4,-0.5,0.0,98.8,0.0,0.0,261.2,0.0,21.200000000000003,34.7,34.7,35.800000000000004,300.0,300.0,30.4,34.2,33.4,32.9,34.6,4.95,1.99,4.96,0.16,0.0,0.0,1027.0,8228.0,0.0,0.0,0.0,0.0,0.0,1.0,0.0,0.0,0.0,0.0,0.0,0.0,0.0,0.6000000000000001,0.0,-0.0001,16.0,25903.0
2026-07-30T18:58:36.442Z,85.925,85.938,0.0,7.4,0.0,0.0,0.0,0.0,0.0,0.0,0.0,0.0,1.0,0.0,0.0,0.0,9.0,4.0,0.0,0.0,0.0,0.0,0.0,0.0,0.0,0.0,5.0,12.0,1.0,12.18,5.01,2.5,1.49,0.0,0.0,0.0,11.8,0.0,-0.1,-1.1,0.5,98.8,0.0,0.0,261.2,0.0,21.200000000000003,34.7,34.7,35.800000000000004,300.0,300.0,30.4,34.2,33.4,32.9,34.6,4.96,2.0,4.96,0.16,0.0,0.0,1027.0,8228.0,0.0,0.0,0.0,0.0,0.0,1.0,0.0,0.0,0.0,0.0,0.0,-0.6000000000000001,0.0,0.9,0.0,-0.0001,16.0,25903.0
2026-07-30T18:58:36.454Z,85.937,85.95,0.0,7.4,0.0,0.0,0.0,0.0,0.0,0.0,0.0,0.0,1.0,0.0,0.0,0.0,9.0,4.0,0.0,0.0,0.0,0.0,0.0,0.0,0.0,0.0,6.0,12.0,1.0,12.18,5.01,2.5,1.49,0.0,0.0,0.0,11.7,0.0,-0.1,1.2000000000000002,1.6,98.8,0.0,0.0,261.2,0.0,21.200000000000003,34.7,34.7,35.800000000000004,300.0,300.0,30.4,34.2,33.4,32.9,34.6,4.96,1.99,4.97,0.16,0.0,0.0,1027.0,8228.0,0.0,0.0,0.0,0.0,0.0,1.0,0.0,0.0,0.0,0.0,0.0,-1.2000000000000002,0.0,-2.5,0.0,-0.0001,16.0,25903.0
2026-07-30T18:58:36.467Z,85.95,85.962,0.0,7.4,0.0,0.0,0.0,0.0,0.0,0.0,0.0,0.0,1.0,0.0,0.0,0.0,9.0,4.0,0.0,0.0,0.0,0.0,0.0,0.0,0.0,0.0,1.0,12.0,1.0,12.18,5.01,2.5,1.49,0.0,0.0,0.0,11.6,0.0,-0.7000000000000001,0.0,-0.1,98.8,0.0,0.0,261.2,0.0,21.200000000000003,34.7,34.7,35.800000000000004,300.0,300.0,30.4,34.2,33.4,32.9,34.6,4.95,1.99,4.97,0.16,0.0,0.0,1027.0,8228.0,0.0,0.0,0.0,0.0,0.0,1.0,0.0,0.0,0.0,0.0,0.0,0.1,0.0,0.0,0.0,-0.0001,16.0,25903.0
2026-07-30T18:58:36.478Z,85.961,85.974,0.0,7.4,0.0,0.0,0.0,0.0,0.0,0.0,0.0,0.0,1.0,0.0,0.0,0.0,9.0,4.0,0.0,0.0,0.0,0.0,0.0,0.0,0.0,0.0,3.0,12.0,1.0,12.18,5.01,2.5,1.49,0.0,0.0,0.0,11.4,0.0,0.3,-0.5,-1.8,98.8,0.0,0.0,261.2,0.0,21.200000000000003,34.7,34.7,35.800000000000004,300.0,300.0,30.4,34.2,33.4,32.9,34.6,4.96,1.99,4.96,0.16,0.0,0.0,1027.0,8228.0,0.0,0.0,0.0,0.0,0.0,1.0,0.0,0.0,0.0,0.0,0.0,1.5,0.0,1.9,0.0,-0.0001,16.0,25903.0
2026-07-30T18:58:36.491Z,85.974,85.986,0.0,7.4,0.0,0.0,0.0,0.0,0.0,0.0,0.0,0.0,1.0,0.0,0.0,0.0,9.0,4.0,0.0,0.0,0.0,0.0,0.0,0.0,0.0,0.0,4.0,12.0,1.0,12.17,5.01,2.51,1.49,0.0,0.0,0.0,11.3,0.0,-0.2,-0.6000000000000001,-1.3,98.8,0.0,0.0,261.2,0.0,21.8,34.7,34.7,35.800000000000004,300.0,300.0,30.4,34.300000000000004,33.4,32.9,34.6,4.95,2.0,4.96,0.16,0.0,0.0,1027.0,8228.0,0.0,0.0,0.0,0.0,0.0,1.0,0.0,0.0,0.0,0.0,0.0,1.0,0.0,1.6,0.0,-0.0001,16.0,25903.0
2026-07-30T18:58:36.502Z,85.985,85.998,0.0,7.4,0.0,0.0,0.0,0.0,0.0,0.0,0.0,0.0,1.0,0.0,0.0,0.0,9.0,4.0,0.0,0.0,0.0,0.0,0.0,0.0,0.0,0.0,5.0,12.0,1.0,12.17,5.01,2.51,1.49,0.0,0.0,0.0,11.2,0.0,0.9,-0.6000000000000001,-1.2000000000000002,98.8,0.0,0.0,261.2,0.0,21.8,34.7,34.7,35.800000000000004,300.0,300.0,30.4,34.300000000000004,33.4,32.9,34.6,4.95,1.99,4.96,0.16,0.0,0.0,1027.0,8228.0,0.0,0.0,0.0,0.0,0.0,1.0,0.0,0.0,0.0,0.0,0.0,1.0,0.0,1.6,0.0,-0.0001,16.0,25903.0
2026-07-30T18:58:36.514Z,85.997,86.01,0.0,7.4,0.0,0.0,0.0,0.0,0.0,0.0,0.0,0.0,1.0,0.0,0.0,0.0,9.0,4.0,0.0,0.0,0.0,0.0,0.0,0.0,0.0,0.0,6.0,12.0,1.0,12.17,5.01,2.51,1.49,0.0,0.0,0.0,11.1,0.0,-0.1,0.5,1.0,98.8,0.0,0.0,261.2,0.0,21.8,34.7,34.7,35.800000000000004,300.0,300.0,30.4,34.300000000000004,33.4,32.9,34.6,4.95,2.0,4.96,0.16,0.0,0.0,1027.0,8228.0,0.0,0.0,0.0,0.0,0.0,1.0,0.0,0.0,0.0,0.0,0.0,0.1,0.0,-0.5,0.0,-0.0001,16.0,25903.0
2026-07-30T18:58:36.526Z,86.009,86.022,0.0,7.4,0.0,0.0,0.0,0.0,0.0,0.0,0.0,0.0,1.0,0.0,0.0,0.0,9.0,4.0,0.0,0.0,0.0,0.0,0.0,0.0,0.0,0.0,1.0,12.0,1.0,12.17,5.01,2.51,1.49,0.0,0.0,0.0,11.0,0.0,-0.7000000000000001,-0.6000000000000001,-0.1,98.8,0.0,0.0,261.2,0.0,21.8,34.7,34.7,35.800000000000004,300.0,300.0,30.4,34.300000000000004,33.4,32.9,34.6,4.96,2.0,4.96,0.16,0.0,0.0,1027.0,8228.0,0.0,0.0,0.0,0.0,0.0,1.0,0.0,0.0,0.0,0.0,0.0,0.6000000000000001,0.0,0.5,0.0,-0.0001,16.0,25903.0
2026-07-30T18:58:36.538Z,86.021,86.034,0.0,7.4,0.0,0.0,0.0,0.0,0.0,0.0,0.0,0.0,1.0,0.0,0.0,0.0,9.0,4.0,0.0,0.0,0.0,0.0,0.0,0.0,0.0,0.0,3.0,12.0,1.0,12.17,5.01,2.51,1.49,0.0,0.0,0.0,10.9,0.0,0.9,0.0,-0.7000000000000001,98.8,0.0,0.0,261.2,0.0,21.8,34.7,34.7,35.800000000000004,300.0,300.0,30.4,34.300000000000004,33.4,32.9,34.6,4.95,1.99,4.97,0.16,0.0,0.0,1027.0,8228.0,0.0,0.0,0.0,0.0,0.0,1.0,0.0,0.0,0.0,0.0,0.0,-2.0,0.0,-0.8,0.0,-0.0001,16.0,25903.0
2026-07-30T18:58:36.551Z,86.034,86.046,0.0,7.4,0.0,0.0,0.0,0.0,0.0,0.0,0.0,0.0,1.0,0.0,0.0,0.0,9.0,4.0,0.0,0.0,0.0,0.0,0.0,0.0,0.0,0.0,3.0,12.0,1.0,12.17,5.01,2.51,1.49,0.0,0.0,0.0,10.8,0.0,0.3,0.0,-1.3,98.8,0.0,0.0,261.2,0.0,21.8,34.7,34.7,35.800000000000004,300.0,300.0,30.4,34.300000000000004,33.4,32.9,34.6,4.95,1.99,4.96,0.16,0.0,0.0,1027.0,8228.0,0.0,0.0,0.0,0.0,0.0,1.0,0.0,0.0,0.0,0.0,0.0,1.2000000000000002,0.0,1.0,0.0,-0.0001,16.0,25903.0
2026-07-30T18:58:36.562Z,86.045,86.058,0.0,7.4,0.0,0.0,0.0,0.0,0.0,0.0,0.0,0.0,1.0,0.0,0.0,0.0,9.0,4.0,0.0,0.0,0.0,0.0,0.0,0.0,0.0,0.0,4.0,12.0,1.0,12.17,5.01,2.51,1.49,0.0,0.0,0.0,10.7,0.0,-0.2,-0.6000000000000001,-0.7000000000000001,98.8,0.0,0.0,261.2,0.0,21.8,34.7,34.7,35.800000000000004,300.0,300.0,30.4,34.300000000000004,33.4,32.9,34.6,4.96,1.99,4.96,0.16,0.0,0.0,1027.0,8228.0,0.0,0.0,0.0,0.0,0.0,1.0,0.0,0.0,0.0,0.0,0.0,0.5,0.0,1.3,0.0,-0.0001,16.0,25903.0
2026-07-30T18:58:36.574Z,86.057,86.07000000000001,0.0,7.4,0.0,0.0,0.0,0.0,0.0,0.0,0.0,0.0,1.0,0.0,0.0,0.0,9.0,4.0,0.0,0.0,0.0,0.0,0.0,0.0,0.0,0.0,6.0,12.0,1.0,12.17,5.01,2.51,1.49,0.0,0.0,0.0,10.7,0.0,0.3,0.5,-0.1,98.8,0.0,0.0,261.2,0.0,21.8,34.7,34.7,35.800000000000004,300.0,300.0,30.4,34.300000000000004,33.4,32.9,34.6,4.95,1.99,4.96,0.16,0.0,0.0,1027.0,8228.0,0.0,0.0,0.0,0.0,0.0,1.0,0.0,0.0,0.0,0.0,0.0,0.2,0.0,-0.4,0.0,-0.0001,16.0,25903.0
2026-07-30T18:58:36.586Z,86.069,86.08200000000001,0.0,7.4,0.0,0.0,0.0,0.0,0.0,0.0,0.0,0.0,1.0,0.0,0.0,0.0,9.0,4.0,0.0,0.0,0.0,0.0,0.0,0.0,0.0,0.0,1.0,12.0,1.0,12.17,5.01,2.51,1.49,0.0,0.0,0.0,10.5,0.0,-0.2,-0.6000000000000001,0.9,98.8,0.0,0.0,261.2,0.0,21.8,34.7,34.7,35.800000000000004,300.0,300.0,30.4,34.300000000000004,33.4,32.9,34.6,4.95,1.99,4.97,0.16,0.0,0.0,1027.0,8228.0,0.0,0.0,0.0,0.0,0.0,1.0,0.0,0.0,0.0,0.0,0.0,-1.0,0.0,0.0,0.0,-0.0001,16.0,25903.0
2026-07-30T18:58:36.598Z,86.081,86.09400000000001,0.0,7.4,0.0,0.0,0.0,0.0,0.0,0.0,0.0,0.0,1.0,0.0,0.0,0.0,9.0,4.0,0.0,0.0,0.0,0.0,0.0,0.0,0.0,0.0,2.0,12.0,1.0,12.13,5.0200000000000005,2.51,1.49,0.0,0.0,0.0,10.4,0.0,0.3,0.0,-0.7000000000000001,98.8,0.0,0.0,261.2,0.0,21.8,34.7,34.7,35.7,300.0,300.0,30.3,34.2,33.300000000000004,32.9,34.5,4.95,2.0,4.96,0.16,0.0,0.0,1027.0,8228.0,0.0,0.0,0.0,0.0,0.0,1.0,0.0,0.0,0.0,0.0,0.0,0.6000000000000001,0.0,0.5,0.0,-0.0001,16.0,25903.0
2026-07-30T18:58:36.610Z,86.093,86.10600000000001,0.0,7.4,0.0,0.0,0.0,0.0,0.0,0.0,0.0,0.0,1.0,0.0,0.0,0.0,9.0,4.0,0.0,0.0,0.0,0.0,0.0,0.0,0.0,0.0,3.0,12.0,1.0,12.13,5.0200000000000005,2.51,1.49,0.0,0.0,0.0,10.3,0.0,-0.2,1.1,-1.2000000000000002,98.8,0.0,0.0,261.2,0.0,21.8,34.7,34.7,35.7,300.0,300.0,30.3,34.2,33.300000000000004,32.9,34.5,4.96,1.99,4.96,0.16,0.0,0.0,1027.0,8228.0,0.0,0.0,0.0,0.0,0.0,1.0,0.0,0.0,0.0,0.0,0.0,1.3,0.0,-0.3,0.0,-0.0001,16.0,25903.0
2026-07-30T18:58:36.622Z,86.105,86.118,0.0,7.4,0.0,0.0,0.0,0.0,0.0,0.0,0.0,0.0,1.0,0.0,0.0,0.0,9.0,4.0,0.0,0.0,0.0,0.0,0.0,0.0,0.0,0.0,4.0,12.0,1.0,12.13,5.0200000000000005,2.51,1.49,0.0,0.0,0.0,10.2,0.0,0.3,-0.6000000000000001,-1.2000000000000002,98.8,0.0,0.0,261.2,0.0,21.8,34.7,34.7,35.7,300.0,300.0,30.3,34.2,33.300000000000004,32.9,34.5,4.95,1.99,4.97,0.16,0.0,0.0,1027.0,8228.0,0.0,0.0,0.0,0.0,0.0,1.0,0.0,0.0,0.0,0.0,0.0,1.0,0.0,1.6,0.0,-0.0001,16.0,25903.0
2026-07-30T18:58:36.634Z,86.117,86.13,0.0,7.4,0.0,0.0,0.0,0.0,0.0,0.0,0.0,0.0,1.0,0.0,0.0,0.0,9.0,4.0,0.0,0.0,0.0,0.0,0.0,0.0,0.0,0.0,5.0,12.0,1.0,12.13,5.0200000000000005,2.51,1.49,0.0,0.0,0.0,10.1,0.0,-0.2,0.5,1.1,98.8,0.0,0.0,261.2,0.0,21.8,34.7,34.7,35.7,300.0,300.0,30.3,34.2,33.300000000000004,32.9,34.5,4.96,1.99,4.96,0.16,0.0,0.0,1027.0,8228.0,0.0,0.0,0.0,0.0,0.0,1.0,0.0,0.0,0.0,0.0,0.0,-0.9,0.0,-1.4,0.0,-0.0001,16.0,25903.0
2026-07-30T18:58:36.646Z,86.129,86.142,0.0,7.4,0.0,0.0,0.0,0.0,0.0,0.0,0.0,0.0,1.0,0.0,0.0,0.0,9.0,4.0,0.0,0.0,0.0,0.0,0.0,0.0,0.0,0.0,1.0,12.0,1.0,12.13,5.0200000000000005,2.51,1.49,0.0,0.1,0.0,10.0,0.0,0.9,1.1,0.5,98.8,0.0,0.0,261.2,0.0,21.8,34.7,34.7,35.7,300.0,300.0,30.3,34.2,33.300000000000004,32.9,34.5,4.96,1.99,4.97,0.16,0.0,0.0,1027.0,8228.0,0.0,0.0,0.0,0.0,0.0,1.0,0.0,0.0,0.0,0.0,0.0,-0.3,0.0,-1.7000000000000002,0.0,-0.0001,16.0,25903.0
2026-07-30T18:58:36.658Z,86.141,86.154,0.0,7.4,0.0,0.0,0.0,0.0,0.0,0.0,0.0,0.0,1.0,0.0,0.0,0.0,9.0,4.0,0.0,0.0,0.0,0.0,0.0,0.0,0.0,0.0,2.0,12.0,1.0,12.13,5.0200000000000005,2.51,1.49,0.0,0.0,0.0,9.9,0.0,0.4,0.5,0.5,98.8,0.0,0.0,261.2,0.0,21.8,34.7,34.7,35.7,300.0,300.0,30.3,34.2,33.300000000000004,32.9,34.5,4.95,1.99,4.97,0.16,0.0,0.0,1027.0,8228.0,0.0,0.0,0.0,0.0,0.0,1.0,0.0,0.0,0.0,0.0,0.0,-0.4,0.0,-1.1,0.0,-0.0001,16.0,25903.0
2026-07-30T18:58:36.670Z,86.153,86.166,0.0,7.4,0.0,0.0,0.0,0.0,0.0,0.0,0.0,0.0,1.0,0.0,0.0,0.0,9.0,4.0,0.0,0.0,0.0,0.0,0.0,0.0,0.0,0.0,3.0,12.0,1.0,12.13,5.0200000000000005,2.51,1.49,0.0,0.0,0.0,9.8,0.0,-0.7000000000000001,-0.6000000000000001,1.0,98.8,0.0,0.0,261.2,0.0,21.8,34.7,34.7,35.7,300.0,300.0,30.3,34.2,33.300000000000004,32.9,34.5,4.96,1.99,4.97,0.16,0.0,0.0,1027.0,8228.0,0.0,0.0,0.0,0.0,0.0,1.0,0.0,0.0,0.0,0.0,0.0,-1.0,0.0,0.0,0.0,-0.0001,16.0,25903.0
2026-07-30T18:58:36.683Z,86.166,86.178,0.0,7.4,0.0,0.0,0.0,0.0,0.0,0.0,0.0,0.0,1.0,0.0,0.0,0.0,9.0,4.0,0.0,0.0,0.0,0.0,0.0,0.0,0.0,0.0,4.0,12.0,1.0,12.13,5.0200000000000005,2.51,1.49,0.0,0.0,0.0,9.7,0.0,-0.1,0.0,0.5,98.8,0.0,0.0,261.2,0.0,21.8,34.7,34.7,35.7,300.0,300.0,30.3,34.2,33.300000000000004,32.9,34.5,4.95,1.99,4.96,0.16,0.0,0.0,1027.0,8228.0,0.0,0.0,0.0,0.0,0.0,1.0,0.0,0.0,0.0,0.0,0.0,-0.4,0.0,-0.3,0.0,-0.0001,16.0,25903.0
2026-07-30T18:58:36.696Z,86.179,86.19,0.0,7.4,0.0,0.0,0.0,0.0,0.0,0.0,0.0,0.0,1.0,0.0,0.0,0.0,9.0,4.0,0.0,0.0,0.0,0.0,0.0,0.0,0.0,0.0,5.0,12.0,1.0,12.13,5.01,2.51,1.49,0.0,0.1,0.0,9.7,0.0,0.4,1.2000000000000002,0.0,98.8,0.0,0.0,261.2,0.0,21.700000000000003,34.7,34.7,35.7,300.0,300.0,30.3,34.300000000000004,33.300000000000004,32.9,34.5,4.95,1.99,4.97,0.16,0.0,0.0,1027.0,8228.0,0.0,0.0,0.0,0.0,0.0,1.0,0.0,0.0,0.0,0.0,0.0,0.2,0.0,-1.3,0.0,-0.0001,16.0,25903.0
2026-07-30T18:58:36.706Z,86.189,86.202,0.0,7.4,0.0,0.0,0.0,0.0,0.0,0.0,0.0,0.0,1.0,0.0,0.0,0.0,9.0,4.0,0.0,0.0,0.0,0.0,0.0,0.0,0.0,0.0,6.0,12.0,1.0,12.13,5.01,2.51,1.49,0.0,0.0,0.0,9.6,0.0,-0.1,-0.5,-0.6000000000000001,98.8,0.0,0.0,261.2,0.0,21.700000000000003,34.7,34.7,35.7,300.0,300.0,30.3,34.300000000000004,33.300000000000004,32.9,34.5,4.95,1.99,4.97,0.16,0.0,0.0,1027.0,8228.0,0.0,0.0,0.0,0.0,0.0,1.0,0.0,0.0,0.0,0.0,0.0,0.4,0.0,1.1,0.0,-0.0001,16.0,25903.0
2026-07-30T18:58:36.720Z,86.203,86.214,0.0,7.4,0.0,0.0,0.0,0.0,0.0,0.0,0.0,0.0,1.0,0.0,0.0,0.0,9.0,4.0,0.0,0.0,0.0,0.0,0.0,0.0,0.0,0.0,1.0,12.0,1.0,12.13,5.01,2.51,1.49,0.0,0.0,0.0,9.5,0.0,0.4,0.6000000000000001,2.2,98.8,0.0,0.0,261.2,0.0,21.700000000000003,34.7,34.7,35.7,300.0,300.0,30.3,34.300000000000004,33.300000000000004,32.9,34.5,4.95,1.99,4.96,0.16,0.0,0.0,1027.0,8228.0,0.0,0.0,0.0,0.0,0.0,1.0,0.0,0.0,0.0,0.0,0.0,-1.9,0.0,-2.3000000000000003,0.0,-0.0001,16.0,25903.0
2026-07-30T18:58:36.730Z,86.213,86.226,0.0,7.4,0.0,0.0,0.0,0.0,0.0,0.0,0.0,0.0,1.0,0.0,0.0,0.0,9.0,4.0,0.0,0.0,0.0,0.0,0.0,0.0,0.0,0.0,6.0,12.0,1.0,12.13,5.01,2.51,1.49,0.0,0.0,0.0,9.4,0.0,0.4,-0.5,0.5,98.8,0.0,0.0,261.2,0.0,21.700000000000003,34.7,34.7,35.7,300.0,300.0,30.3,34.300000000000004,33.300000000000004,32.9,34.5,4.95,1.99,4.96,0.16,0.0,0.0,1027.0,8228.0,0.0,0.0,0.0,0.0,0.0,1.0,0.0,0.0,0.0,0.0,0.0,-0.5,0.0,0.2,0.0,-0.0001,16.0,25903.0
2026-07-30T18:58:36.742Z,86.225,86.238,0.0,7.4,0.0,0.0,0.0,0.0,0.0,0.0,0.0,0.0,1.0,0.0,0.0,0.0,9.0,4.0,0.0,0.0,0.0,0.0,0.0,0.0,0.0,0.0,6.0,12.0,1.0,12.13,5.01,2.51,1.49,0.0,0.0,0.0,9.3,0.0,-0.7000000000000001,-0.4,-1.2000000000000002,98.8,0.0,0.0,261.2,0.0,21.700000000000003,34.7,34.7,35.7,300.0,300.0,30.3,34.300000000000004,33.300000000000004,32.9,34.5,4.95,1.98,4.97,0.16,0.0,0.0,1027.0,8228.0,0.0,0.0,0.0,0.0,0.0,1.0,0.0,0.0,0.0,0.0,0.0,1.0,0.0,1.4,0.0,-0.0001,16.0,25903.0
2026-07-30T18:58:36.754Z,86.237,86.25,0.0,7.4,0.0,0.0,0.0,0.0,0.0,0.0,0.0,0.0,1.0,0.0,0.0,0.0,9.0,4.0,0.0,0.0,0.0,0.0,0.0,0.0,0.0,0.0,1.0,12.0,1.0,12.13,5.01,2.51,1.49,0.0,0.0,0.0,9.2,0.0,0.4,-0.4,0.5,98.8,0.0,0.0,261.2,0.0,21.700000000000003,34.7,34.7,35.7,300.0,300.0,30.3,34.300000000000004,33.300000000000004,32.9,34.5,4.95,1.99,4.97,0.16,0.0,0.0,1027.0,8228.0,0.0,0.0,0.0,0.0,0.0,1.0,0.0,0.0,0.0,0.0,0.0,-0.5,0.0,0.1,0.0,-0.0001,16.0,25903.0
2026-07-30T18:58:36.767Z,86.25,86.262,0.0,7.4,0.0,0.0,0.0,0.0,0.0,0.0,0.0,0.0,1.0,0.0,0.0,0.0,9.0,4.0,0.0,0.0,0.0,0.0,0.0,0.0,0.0,0.0,1.0,12.0,1.0,12.13,5.01,2.51,1.49,0.0,0.0,0.0,9.2,0.0,-0.7000000000000001,0.7000000000000001,-0.6000000000000001,98.8,0.0,0.0,261.2,0.0,21.700000000000003,34.7,34.7,35.7,300.0,300.0,30.3,34.300000000000004,33.300000000000004,32.9,34.5,4.96,1.99,4.96,0.16,0.0,0.0,1027.0,8228.0,0.0,0.0,0.0,0.0,0.0,1.0,0.0,0.0,0.0,0.0,0.0,0.7000000000000001,0.0,-0.3,0.0,-0.0001,16.0,25903.0
2026-07-30T18:58:36.778Z,86.261,86.274,0.0,7.4,0.0,0.0,0.0,0.0,0.0,0.0,0.0,0.0,1.0,0.0,0.0,0.0,9.0,4.0,0.0,0.0,0.0,0.0,0.0,0.0,0.0,0.0,2.0,12.0,1.0,12.13,5.01,2.51,1.49,0.0,0.0,0.0,9.0,0.0,-1.3,-1.5,-1.8,98.8,0.0,0.0,261.2,0.0,21.700000000000003,34.7,34.7,35.7,300.0,300.0,30.3,34.300000000000004,33.300000000000004,32.9,34.5,4.95,1.99,4.97,0.16,0.0,0.0,1027.0,8228.0,0.0,0.0,0.0,0.0,0.0,1.0,0.0,0.0,0.0,0.0,0.0,1.3,0.0,3.1,0.0,-0.0001,16.0,25903.0
2026-07-30T18:58:36.790Z,86.273,86.286,0.0,7.4,0.0,0.0,0.0,0.0,0.0,0.0,0.0,0.0,1.0,0.0,0.0,0.0,9.0,4.0,0.0,0.0,0.0,0.0,0.0,0.0,0.0,0.0,3.0,12.0,1.0,12.13,5.01,2.51,1.49,0.0,0.0,0.0,8.9,0.0,0.4,1.3,-1.1,98.8,0.0,0.0,261.2,0.0,21.700000000000003,34.7,34.7,35.7,300.0,300.0,30.3,34.300000000000004,33.300000000000004,32.9,34.5,4.95,1.99,4.96,0.16,0.0,0.0,1027.0,8228.0,0.0,0.0,0.0,0.0,0.0,1.0,0.0,0.0,0.0,0.0,0.0,1.3,0.0,-0.6000000000000001,0.0,-0.0001,16.0,25903.0
2026-07-30T18:58:36.802Z,86.285,86.298,0.0,7.4,0.0,0.0,0.0,0.0,0.0,0.0,0.0,0.0,1.0,0.0,0.0,0.0,9.0,4.0,0.0,0.0,0.0,0.0,0.0,0.0,0.0,0.0,5.0,12.0,1.0,12.17,5.01,2.51,1.49,0.0,0.0,0.0,8.9,0.0,-0.7000000000000001,-0.4,-1.1,98.8,0.0,0.0,261.2,0.0,21.4,34.7,34.7,35.7,300.0,300.0,30.4,34.2,33.300000000000004,32.9,34.5,4.96,2.0,4.96,0.16,0.0,0.0,1027.0,8228.0,0.0,0.0,0.0,0.0,0.0,1.0,0.0,0.0,0.0,0.0,0.0,0.9,0.0,1.3,0.0,-0.0001,16.0,25903.0
2026-07-30T18:58:36.814Z,86.297,86.31,0.0,7.4,0.0,0.0,0.0,0.0,0.0,0.0,0.0,0.0,1.0,0.0,0.0,0.0,9.0,4.0,0.0,0.0,0.0,0.0,0.0,0.0,0.0,0.0,6.0,12.0,1.0,12.17,5.01,2.51,1.49,0.0,0.0,0.0,8.8,0.0,0.4,0.1,0.5,98.8,0.0,0.0,261.2,0.0,21.4,34.7,34.7,35.7,300.0,300.0,30.4,34.2,33.300000000000004,32.9,34.5,4.95,2.0,4.96,0.16,0.0,0.0,1027.0,8228.0,0.0,0.0,0.0,0.0,0.0,1.0,0.0,0.0,0.0,0.0,0.0,-0.4,0.0,-0.6000000000000001,0.0,-0.0001,16.0,25903.0
2026-07-30T18:58:36.826Z,86.309,86.322,0.0,7.4,0.0,0.0,0.0,0.0,0.0,0.0,0.0,0.0,1.0,0.0,0.0,0.0,9.0,4.0,0.0,0.0,0.0,0.0,0.0,0.0,0.0,0.0,1.0,12.0,1.0,12.17,5.01,2.51,1.49,0.0,0.0,0.0,8.700000000000001,0.0,0.4,0.8,-1.2000000000000002,98.8,0.0,0.0,261.2,0.0,21.4,34.7,34.7,35.7,300.0,300.0,30.4,34.2,33.300000000000004,32.9,34.5,4.95,1.99,4.96,0.16,0.0,0.0,1027.0,8228.0,0.0,0.0,0.0,0.0,0.0,1.0,0.0,0.0,0.0,0.0,0.0,1.2000000000000002,0.0,0.0,0.0,-0.0001,16.0,25903.0
2026-07-30T18:58:36.838Z,86.321,86.334,-0.1,7.4,0.0,0.0,0.0,0.0,0.0,0.0,0.0,0.0,1.0,0.0,0.0,0.0,9.0,4.0,0.0,0.0,0.0,0.0,0.0,0.0,0.0,0.0,2.0,12.0,1.0,12.17,5.01,2.51,1.49,0.0,0.0,0.0,8.6,0.0,-0.1,0.7000000000000001,0.5,98.8,0.0,0.0,261.2,0.0,21.4,34.7,34.7,35.7,300.0,300.0,30.4,34.2,33.300000000000004,32.9,34.5,4.95,1.99,4.96,0.16,0.0,0.0,1027.0,8228.0,0.0,0.0,0.0,0.0,0.0,1.0,0.0,0.0,0.0,0.0,0.0,-0.3,0.0,-1.2000000000000002,0.0,-0.0001,16.0,25903.0
2026-07-30T18:58:36.850Z,86.333,86.346,-0.1,7.4,0.0,0.0,0.0,0.0,0.0,0.0,0.0,0.0,1.0,0.0,0.0,0.0,9.0,4.0,0.0,0.0,0.0,0.0,0.0,0.0,0.0,0.0,4.0,12.0,1.0,12.17,5.01,2.51,1.49,0.0,0.0,0.0,8.5,0.0,-0.6000000000000001,0.2,-0.5,98.8,0.0,0.0,261.2,0.0,21.4,34.7,34.7,35.7,300.0,300.0,30.4,34.2,33.300000000000004,32.9,34.5,4.95,1.99,4.96,0.15,0.0,0.0,1027.0,8228.0,0.0,0.0,0.0,0.0,0.0,1.0,0.0,0.0,0.0,0.0,0.0,0.5,0.0,0.1,0.0,-0.0001,16.0,25903.0
2026-07-30T18:58:36.862Z,86.345,86.358,-0.1,7.4,0.0,0.0,0.0,0.0,0.0,0.0,0.0,0.0,1.0,0.0,0.0,0.0,9.0,4.0,0.0,0.0,0.0,0.0,0.0,0.0,0.0,0.0,5.0,12.0,1.0,12.17,5.01,2.51,1.49,0.0,0.0,0.0,8.4,0.0,-0.6000000000000001,-1.5,0.5,98.8,0.0,0.0,261.2,0.0,21.4,34.7,34.7,35.7,300.0,300.0,30.4,34.2,33.300000000000004,32.9,34.5,4.95,1.99,4.96,0.16,0.0,0.0,1027.0,8228.0,0.0,0.0,0.0,0.0,0.0,1.0,0.0,0.0,0.0,0.0,0.0,-0.7000000000000001,0.0,1.3,0.0,-0.0001,16.0,25903.0
2026-07-30T18:58:36.874Z,86.357,86.37,-0.1,7.4,0.0,0.0,0.0,0.0,0.0,0.0,0.0,0.0,1.0,0.0,0.0,0.0,9.0,4.0,0.0,0.0,0.0,0.0,0.0,0.0,0.0,0.0,1.0,12.0,1.0,12.17,5.01,2.51,1.49,0.0,0.0,0.0,8.4,0.0,0.4,-0.4,0.0,98.8,0.0,0.0,261.2,0.0,21.4,34.7,34.7,35.7,300.0,300.0,30.4,34.2,33.300000000000004,32.9,34.5,4.95,1.99,4.96,0.16,0.0,0.0,1027.0,8228.0,0.0,0.0,0.0,0.0,0.0,1.0,0.0,0.0,0.0,0.0,0.0,0.0,0.0,0.4,0.0,-0.0001,16.0,25903.0
2026-07-30T18:58:36.886Z,86.369,86.382,-0.1,7.4,0.0,0.0,0.0,0.0,0.0,0.0,0.0,0.0,1.0,0.0,0.0,0.0,9.0,4.0,0.0,0.0,0.0,0.0,0.0,0.0,0.0,0.0,2.0,12.0,1.0,12.17,5.01,2.51,1.49,0.0,0.0,0.0,8.3,0.0,-0.1,0.7000000000000001,0.5,98.8,0.0,0.0,261.2,0.0,21.4,34.7,34.7,35.7,300.0,300.0,30.4,34.2,33.300000000000004,32.9,34.5,4.95,2.0,4.96,0.16,0.0,0.0,1027.0,8228.0,0.0,0.0,0.0,0.0,0.0,1.0,0.0,0.0,0.0,0.0,0.0,-0.3,0.0,-1.2000000000000002,0.0,-0.0001,16.0,25903.0
2026-07-30T18:58:36.899Z,86.382,86.394,-0.1,7.4,0.0,0.0,0.0,0.0,0.0,0.0,0.0,0.0,1.0,0.0,0.0,0.0,9.0,4.0,0.0,0.0,0.0,0.0,0.0,0.0,0.0,0.0,3.0,12.0,1.0,12.17,5.01,2.51,1.49,0.0,0.0,0.0,8.200000000000001,0.0,1.0,1.3,0.5,98.8,0.0,0.0,261.2,0.0,21.4,34.7,34.6,35.7,300.0,300.0,30.4,34.300000000000004,33.2,32.9,34.4,4.96,1.99,4.96,0.16,0.0,0.0,1027.0,8228.0,0.0,0.0,0.0,0.0,0.0,1.0,0.0,0.0,0.0,0.0,0.0,-0.2,0.0,-1.8,0.0,-0.0001,16.0,25903.0
2026-07-30T18:58:36.910Z,86.393,86.406,-0.1,7.4,0.0,0.0,0.0,0.0,0.0,0.0,0.0,0.0,1.0,0.0,0.0,0.0,9.0,4.0,0.0,0.0,0.0,0.0,0.0,0.0,0.0,0.0,4.0,12.0,1.0,12.17,5.01,2.51,1.49,0.0,0.1,0.0,8.200000000000001,0.0,0.4,-0.4,0.0,98.8,0.0,0.0,261.2,0.0,21.4,34.7,34.6,35.7,300.0,300.0,30.4,34.300000000000004,33.2,32.9,34.4,4.96,1.99,4.97,0.16,0.0,0.0,1027.0,8228.0,0.0,0.0,0.0,0.0,0.0,1.0,0.0,0.0,0.0,0.0,0.0,0.0,0.0,0.5,0.0,-0.0001,16.0,25903.0
2026-07-30T18:58:36.922Z,86.405,86.418,-0.1,7.4,0.0,0.0,0.0,0.0,0.0,0.0,0.0,0.0,1.0,0.0,0.0,0.0,9.0,4.0,0.0,0.0,0.0,0.0,0.0,0.0,0.0,0.0,6.0,12.0,1.0,12.17,5.01,2.51,1.49,0.0,0.0,0.0,8.0,0.0,0.4,-1.0,-0.7000000000000001,98.8,0.0,0.0,261.2,0.0,21.4,34.7,34.6,35.7,300.0,300.0,30.4,34.300000000000004,33.2,32.9,34.4,4.96,2.0,4.96,0.16,0.0,0.0,1027.0,8228.0,0.0,0.0,0.0,0.0,0.0,1.0,0.0,0.0,0.0,0.0,0.0,0.4,0.0,1.6,0.0,-0.0001,16.0,25903.0
2026-07-30T18:58:36.934Z,86.417,86.43,-0.1,7.4,0.0,0.0,0.0,0.0,0.0,0.0,0.0,0.0,1.0,0.0,0.0,0.0,9.0,4.0,0.0,0.0,0.0,0.0,0.0,0.0,0.0,0.0,1.0,12.0,1.0,12.17,5.01,2.51,1.49,0.0,0.0,0.0,8.0,0.0,0.3,0.1,-0.1,98.8,0.0,0.0,261.2,0.0,21.4,34.7,34.6,35.7,300.0,300.0,30.4,34.300000000000004,33.2,32.9,34.4,4.96,1.99,4.97,0.15,0.0,0.0,1027.0,8228.0,0.0,0.0,0.0,0.0,0.0,1.0,0.0,0.0,0.0,0.0,0.0,0.1,0.0,0.0,0.0,-0.0001,16.0,25903.0
2026-07-30T18:58:36.946Z,86.429,86.44200000000001,-0.1,7.4,0.0,0.0,0.0,0.0,0.0,0.0,0.0,0.0,1.0,0.0,0.0,0.0,9.0,4.0,0.0,0.0,0.0,0.0,0.0,0.0,0.0,0.0,3.0,12.0,1.0,12.17,5.01,2.51,1.49,0.0,0.0,0.0,8.0,0.0,0.3,0.7000000000000001,-0.1,98.8,0.0,0.0,261.2,0.0,21.4,34.7,34.6,35.7,300.0,300.0,30.4,34.300000000000004,33.2,32.9,34.4,4.95,1.99,4.97,0.16,0.0,0.0,1027.0,8228.0,0.0,0.0,0.0,0.0,0.0,1.0,0.0,0.0,0.0,0.0,0.0,0.2,0.0,-0.7000000000000001,0.0,-0.0001,16.0,25903.0
2026-07-30T18:58:36.958Z,86.441,86.45400000000001,-0.1,7.4,0.0,0.0,0.0,0.0,0.0,0.0,0.0,0.0,1.0,0.0,0.0,0.0,9.0,4.0,0.0,0.0,0.0,0.0,0.0,0.0,0.0,0.0,4.0,12.0,1.0,12.17,5.01,2.51,1.49,0.0,0.1,0.0,7.800000000000001,0.0,-0.2,1.3,1.0,98.8,0.0,0.0,261.2,0.0,21.4,34.7,34.6,35.7,300.0,300.0,30.4,34.300000000000004,33.2,32.9,34.4,4.96,1.99,4.96,0.16,0.0,0.0,1027.0,8228.0,0.0,0.0,0.0,0.0,0.0,1.0,0.0,0.0,0.0,0.0,0.0,-0.6000000000000001,0.0,-2.2,0.0,-0.0001,16.0,25903.0
2026-07-30T18:58:36.970Z,86.453,86.46600000000001,-0.1,7.4,0.0,0.0,0.0,0.0,0.0,0.0,0.0,0.0,1.0,0.0,0.0,0.0,9.0,4.0,0.0,0.0,0.0,0.0,0.0,0.0,0.0,0.0,5.0,12.0,1.0,12.17,5.01,2.51,1.49,0.0,0.0,0.0,7.800000000000001,0.0,-0.8,-0.4,-0.2,98.8,0.0,0.0,261.2,0.0,21.4,34.7,34.6,35.7,300.0,300.0,30.4,34.300000000000004,33.2,32.9,34.4,4.95,2.0,4.96,0.16,0.0,0.0,1027.0,8228.0,0.0,0.0,0.0,0.0,0.0,1.0,0.0,0.0,0.0,0.0,0.0,0.1,0.0,0.6000000000000001,0.0,-0.0001,16.0,25903.0
2026-07-30T18:58:36.982Z,86.465,86.47800000000001,-0.1,7.4,0.0,0.0,0.0,0.0,0.0,0.0,0.0,0.0,1.0,0.0,0.0,0.0,9.0,4.0,0.0,0.0,0.0,0.0,0.0,0.0,0.0,0.0,6.0,12.0,1.0,12.17,5.01,2.51,1.49,0.0,0.0,0.0,7.7,0.0,-0.8,-0.4,-0.8,98.8,0.0,0.0,261.2,0.0,21.4,34.7,34.6,35.7,300.0,300.0,30.4,34.300000000000004,33.2,32.9,34.4,4.95,1.99,4.97,0.16,0.0,0.0,1027.0,8228.0,0.0,0.0,0.0,0.0,0.0,1.0,0.0,0.0,0.0,0.0,0.0,0.6000000000000001,0.0,1.1,0.0,-0.0001,16.0,25903.0
2026-07-30T18:58:36.994Z,86.477,86.49,-0.1,7.4,0.0,0.0,0.0,0.0,0.0,0.0,0.0,0.0,1.0,0.0,0.0,0.0,9.0,4.0,0.0,0.0,0.0,0.0,0.0,0.0,0.0,0.0,1.0,12.0,1.0,12.17,5.01,2.51,1.49,0.0,0.0,0.0,7.7,0.0,0.2,0.1,0.2,98.8,0.0,0.0,261.2,0.0,21.4,34.7,34.6,35.7,300.0,300.0,30.4,34.300000000000004,33.2,32.9,34.4,4.95,1.99,4.97,0.16,0.0,0.0,1027.0,8228.0,0.0,0.0,0.0,0.0,0.0,1.0,0.0,0.0,0.0,0.0,0.0,-0.2,0.0,-0.3,0.0,-0.0001,16.0,25903.0
2026-07-30T18:58:37.006Z,86.489,86.502,0.0,7.4,0.0,0.0,0.0,0.0,0.0,0.0,0.0,0.0,1.0,0.0,0.0,0.0,9.0,4.0,0.0,0.0,0.0,0.0,0.0,0.0,0.0,0.0,2.0,12.0,1.0,12.18,5.0200000000000005,2.5,1.49,0.0,0.0,0.0,7.6,0.0,0.2,-0.4,-0.2,98.8,0.0,0.0,261.2,0.0,21.700000000000003,34.6,34.6,35.7,300.0,300.0,30.4,34.2,33.2,32.800000000000004,34.4,4.96,1.99,4.96,0.16,0.0,0.0,1027.0,8228.0,0.0,0.0,0.0,0.0,0.0,1.0,0.0,0.0,0.0,0.0,0.0,0.1,0.0,0.7000000000000001,0.0,-0.0001,16.0,25903.0
2026-07-30T18:58:37.018Z,86.501,86.514,0.0,7.4,0.0,0.0,0.0,0.0,0.0,0.0,0.0,0.0,1.0,0.0,0.0,0.0,9.0,4.0,0.0,0.0,0.0,0.0,0.0,0.0,0.0,0.0,3.0,12.0,1.0,12.18,5.0200000000000005,2.5,1.49,0.0,0.0,0.0,7.5,0.0,-0.9,-0.4,1.5,98.8,0.0,0.0,261.2,0.0,21.700000000000003,34.6,34.6,35.7,300.0,300.0,30.4,34.2,33.2,32.800000000000004,34.4,4.95,1.99,4.97,0.16,0.0,0.0,1027.0,8228.0,0.0,0.0,0.0,0.0,0.0,1.0,0.0,0.0,0.0,0.0,0.0,0.6000000000000001,0.0,1.1,0.0,-0.0001,16.0,25903.0
2026-07-30T18:58:37.034Z,86.517,86.526,0.0,7.4,0.0,0.0,0.0,0.0,0.0,0.0,0.0,0.0,1.0,0.0,0.0,0.0,9.0,4.0,0.0,0.0,0.0,0.0,0.0,0.0,0.0,0.0,4.0,12.0,1.0,12.18,5.0200000000000005,2.5,1.49,0.0,0.0,0.0,7.4,0.0,-0.3,1.3,-0.8,98.8,0.0,0.0,261.2,0.0,21.700000000000003,34.6,34.6,35.7,300.0,300.0,30.4,34.2,33.2,32.800000000000004,34.4,4.95,1.99,4.96,0.16,0.0,0.0,1027.0,8228.0,0.0,0.0,0.0,0.0,0.0,1.0,0.0,0.0,0.0,0.0,0.0,0.7000000000000001,0.0,0.4,0.0,-0.0001,16.0,25903.0
2026-07-30T18:58:37.043Z,86.526,86.538,0.0,7.4,0.0,0.0,0.0,0.0,0.0,0.0,0.0,0.0,1.0,0.0,0.0,0.0,9.0,4.0,0.0,0.0,0.0,0.0,0.0,0.0,0.0,0.0,2.0,12.0,1.0,12.18,5.0200000000000005,2.5,1.49,0.0,0.0,0.0,7.4,0.0,0.2,0.1,0.9,98.8,0.0,0.0,261.2,0.0,21.700000000000003,34.6,34.6,35.7,300.0,300.0,30.4,34.2,33.2,32.800000000000004,34.4,4.96,1.99,4.96,0.16,0.0,0.0,1027.0,8228.0,0.0,0.0,0.0,0.0,0.0,1.0,0.0,0.0,0.0,0.0,0.0,1.1,0.0,1.5,0.0,-0.0001,16.0,25903.0
2026-07-30T18:58:37.054Z,86.537,86.55,0.0,7.4,0.0,0.0,0.0,0.0,0.0,0.0,0.0,0.0,1.0,0.0,0.0,0.0,9.0,4.0,0.0,0.0,0.0,0.0,0.0,0.0,0.0,0.0,2.0,12.0,1.0,12.18,5.0200000000000005,2.5,1.49,0.0,0.0,0.0,7.2,0.0,-0.3,-0.4,-0.2,98.8,0.0,0.0,261.2,0.0,21.700000000000003,34.6,34.6,35.7,300.0,300.0,30.4,34.2,33.2,32.800000000000004,34.4,4.95,1.98,4.97,0.16,0.0,0.0,1027.0,8228.0,0.0,0.0,0.0,0.0,0.0,1.0,0.0,0.0,0.0,0.0,0.0,0.1,0.0,0.6000000000000001,0.0,-0.0001,16.0,25903.0
2026-07-30T18:58:37.066Z,86.549,86.562,0.0,7.4,0.0,0.0,0.0,0.0,0.0,0.0,0.0,0.0,1.0,0.0,0.0,0.0,9.0,4.0,0.0,0.0,0.0,0.0,0.0,0.0,0.0,0.0,4.0,12.0,1.0,12.18,5.0200000000000005,2.5,1.49,0.0,0.0,0.0,7.2,0.0,-0.9,-0.4,-0.2,98.8,0.0,0.0,261.2,0.0,21.700000000000003,34.6,34.6,35.7,300.0,300.0,30.4,34.2,33.2,32.800000000000004,34.4,4.95,1.98,4.97,0.16,0.0,0.0,1027.0,8228.0,0.0,0.0,0.0,0.0,0.0,1.0,0.0,0.0,0.0,0.0,0.0,0.1,0.0,0.6000000000000001,0.0,-0.0001,16.0,25903.0
2026-07-30T18:58:37.078Z,86.561,86.574,0.0,7.4,0.0,0.0,0.0,0.0,0.0,0.0,0.0,0.0,1.0,0.0,0.0,0.0,9.0,4.0,0.0,0.0,0.0,0.0,0.0,0.0,0.0,0.0,4.0,12.0,1.0,12.18,5.0200000000000005,2.5,1.49,0.0,0.0,0.0,7.2,0.0,-0.3,-0.4,-0.8,98.8,0.0,0.0,261.2,0.0,21.700000000000003,34.6,34.6,35.7,300.0,300.0,30.4,34.2,33.2,32.800000000000004,34.4,4.95,2.0,4.96,0.16,0.0,0.0,1027.0,8228.0,0.0,0.0,0.0,0.0,0.0,1.0,0.0,0.0,0.0,0.0,0.0,0.6000000000000001,0.0,1.1,0.0,-0.0001,16.0,25903.0
2026-07-30T18:58:37.090Z,86.573,86.586,0.0,7.4,0.0,0.0,0.0,0.0,0.0,0.0,0.0,0.0,1.0,0.0,0.0,0.0,9.0,4.0,0.0,0.0,0.0,0.0,0.0,0.0,0.0,0.0,5.0,12.0,1.0,12.18,5.0200000000000005,2.5,1.49,-0.1,0.1,0.0,7.1000000000000005,0.0,0.8,0.7000000000000001,0.9,98.8,0.0,0.0,261.2,0.0,21.700000000000003,34.6,34.6,35.7,300.0,300.0,30.4,34.2,33.2,32.800000000000004,34.4,4.95,1.99,4.97,0.16,0.0,0.0,1027.0,8228.0,0.0,0.0,0.0,0.0,0.0,1.0,0.0,0.0,0.0,0.0,0.0,-0.7000000000000001,0.0,-1.5,0.0,-0.0001,16.0,25903.0
2026-07-30T18:58:37.103Z,86.586,86.598,0.0,7.4,0.0,0.0,0.0,0.0,0.0,0.0,0.0,0.0,1.0,0.0,0.0,0.0,9.0,4.0,0.0,0.0,0.0,0.0,0.0,0.0,0.0,0.0,1.0,12.0,1.0,12.18,5.0200000000000005,2.5,1.5,0.0,0.0,0.0,7.0,0.0,0.2,-0.4,-0.2,98.8,0.0,0.0,261.2,0.0,21.4,34.6,34.6,35.7,300.0,300.0,30.4,34.1,33.2,32.800000000000004,34.4,4.95,1.99,4.97,0.16,0.0,0.0,1027.0,8228.0,0.0,0.0,0.0,0.0,0.0,1.0,0.0,0.0,0.0,0.0,0.0,0.1,0.0,0.6000000000000001,0.0,-0.0001,16.0,25903.0
2026-07-30T18:58:37.114Z,86.597,86.61,0.0,7.4,0.0,0.0,0.0,0.0,0.0,0.0,0.0,0.0,1.0,0.0,0.0,0.0,9.0,4.0,0.0,0.0,0.0,0.0,0.0,0.0,0.0,0.0,3.0,12.0,1.0,12.18,5.0200000000000005,2.5,1.5,0.0,0.0,0.0,7.0,0.0,-0.2,-0.4,-1.4,98.8,0.0,0.0,261.2,0.0,21.4,34.6,34.6,35.7,300.0,300.0,30.4,34.1,33.2,32.800000000000004,34.4,4.96,1.99,4.96,0.16,0.0,0.0,1027.0,8228.0,0.0,0.0,0.0,0.0,0.0,1.0,0.0,0.0,0.0,0.0,0.0,1.1,0.0,1.5,0.0,-0.0001,16.0,25903.0
2026-07-30T18:58:37.126Z,86.609,86.622,0.0,7.4,0.0,0.0,0.0,0.0,0.0,0.0,0.0,0.0,1.0,0.0,0.0,0.0,9.0,4.0,0.0,0.0,0.0,0.0,0.0,0.0,0.0,0.0,3.0,12.0,1.0,12.18,5.0200000000000005,2.5,1.5,0.0,0.0,0.0,6.9,0.0,-0.8,0.7000000000000001,-0.8,98.8,0.0,0.0,261.2,0.0,21.4,34.6,34.6,35.7,300.0,300.0,30.4,34.1,33.2,32.800000000000004,34.4,4.95,2.0,4.96,0.16,0.0,0.0,1027.0,8228.0,0.0,0.0,0.0,0.0,0.0,1.0,0.0,0.0,0.0,0.0,0.0,0.8,0.0,-0.2,0.0,-0.0001,16.0,25903.0
2026-07-30T18:58:37.138Z,86.621,86.634,0.0,7.4,0.0,0.0,0.0,0.0,0.0,0.0,0.0,0.0,1.0,0.0,0.0,0.0,9.0,4.0,0.0,0.0,0.0,0.0,0.0,0.0,0.0,0.0,5.0,12.0,1.0,12.18,5.0200000000000005,2.5,1.5,0.0,0.0,0.0,6.800000000000001,0.0,0.2,-0.4,-0.7000000000000001,98.8,0.0,0.0,261.2,0.0,21.4,34.6,34.6,35.7,300.0,300.0,30.4,34.1,33.2,32.800000000000004,34.4,4.95,1.99,4.97,0.16,0.0,0.0,1027.0,8228.0,0.0,0.0,0.0,0.0,0.0,1.0,0.0,0.0,0.0,0.0,0.0,0.6000000000000001,0.0,1.1,0.0,-0.0001,16.0,25903.0
2026-07-30T18:58:37.150Z,86.633,86.646,0.0,7.4,0.0,0.0,0.0,0.0,0.0,0.0,0.0,0.0,1.0,0.0,0.0,0.0,9.0,4.0,0.0,0.0,0.0,0.0,0.0,0.0,0.0,0.0,6.0,12.0,1.0,12.18,5.0200000000000005,2.5,1.5,0.0,0.0,0.0,6.800000000000001,0.0,1.4,0.0,0.9,98.8,0.0,0.0,261.2,0.0,21.4,34.6,34.6,35.7,300.0,300.0,30.4,34.1,33.2,32.800000000000004,34.4,4.95,2.0,4.97,0.16,0.0,0.0,1027.0,8228.0,0.0,0.0,0.0,0.0,0.0,1.0,0.0,0.0,0.0,0.0,0.0,-0.8,0.0,-0.8,0.0,-0.0001,16.0,25903.0
2026-07-30T18:58:37.162Z,86.645,86.658,0.0,7.4,0.0,0.0,0.0,0.0,0.0,0.0,0.0,0.0,1.0,0.0,0.0,0.0,9.0,4.0,0.0,0.0,0.0,0.0,0.0,0.0,0.0,0.0,1.0,12.0,1.0,12.18,5.0200000000000005,2.5,1.5,0.0,0.0,0.0,6.7,0.0,-0.3,1.2000000000000002,-0.8,98.8,0.0,0.0,261.2,0.0,21.4,34.6,34.6,35.7,300.0,300.0,30.4,34.1,33.2,32.800000000000004,34.4,4.96,2.0,4.96,0.16,0.0,0.0,1027.0,8228.0,0.0,0.0,0.0,0.0,0.0,1.0,0.0,0.0,0.0,0.0,0.0,0.9,0.0,-0.8,0.0,-0.0001,16.0,25903.0
2026-07-30T18:58:37.174Z,86.657,86.67,0.0,7.4,0.0,0.0,0.0,0.0,0.0,0.0,0.0,0.0,1.0,0.0,0.0,0.0,9.0,4.0,0.0,0.0,0.0,0.0,0.0,0.0,0.0,0.0,3.0,12.0,1.0,12.18,5.0200000000000005,2.5,1.5,0.0,0.1,0.0,6.7,0.0,0.2,1.7000000000000002,0.2,98.8,0.0,0.0,261.2,0.0,21.4,34.6,34.6,35.7,300.0,300.0,30.4,34.1,33.2,32.800000000000004,34.4,4.95,2.0,4.97,0.16,0.0,0.0,1027.0,8228.0,0.0,0.0,0.0,0.0,0.0,1.0,0.0,0.0,0.0,0.0,0.0,0.0,0.0,-2.2,0.0,-0.0001,16.0,25903.0
2026-07-30T18:58:37.186Z,86.669,86.682,0.0,7.4,0.0,0.0,0.0,0.0,0.0,0.0,0.0,0.0,1.0,0.0,0.0,0.0,9.0,4.0,0.0,0.0,0.0,0.0,0.0,0.0,0.0,0.0,4.0,12.0,1.0,12.18,5.0200000000000005,2.5,1.5,0.0,0.0,0.0,6.6000000000000005,0.0,0.2,0.0,0.8,98.8,0.0,0.0,261.2,0.0,21.4,34.6,34.6,35.7,300.0,300.0,30.4,34.1,33.2,32.800000000000004,34.4,4.95,1.99,4.96,0.17,0.0,0.0,1027.0,8228.0,0.0,0.0,0.0,0.0,0.0,1.0,0.0,0.0,0.0,0.0,0.0,-0.8,0.0,-0.6000000000000001,0.0,-0.0001,16.0,25903.0
2026-07-30T18:58:37.198Z,86.681,86.694,0.0,7.4,0.0,0.0,0.0,0.0,0.0,0.0,0.0,0.0,1.0,0.0,0.0,0.0,9.0,4.0,0.0,0.0,0.0,0.0,0.0,0.0,0.0,0.0,5.0,12.0,1.0,12.18,5.0200000000000005,2.5,1.5,0.0,0.0,0.0,6.5,0.0,-0.9,0.5,-0.8,98.8,0.0,0.0,261.2,0.0,21.4,34.6,34.6,35.7,300.0,300.0,30.4,34.1,33.2,32.800000000000004,34.4,4.96,1.99,4.96,0.16,0.0,0.0,1027.0,8228.0,0.0,0.0,0.0,0.0,0.0,1.0,0.0,0.0,0.0,0.0,0.0,0.8,0.0,0.0,0.0,-0.0001,16.0,25903.0
2026-07-30T18:58:37.210Z,86.693,86.706,0.0,7.4,0.0,0.0,0.0,0.0,0.0,0.0,0.0,0.0,1.0,0.0,0.0,0.0,9.0,4.0,0.0,0.0,0.0,0.0,0.0,0.0,0.0,0.0,6.0,12.0,1.0,12.15,5.01,2.5,1.49,0.0,0.0,0.0,6.5,0.0,0.2,-1.1,1.5,98.8,0.0,0.0,261.2,0.0,21.4,34.6,34.6,35.6,300.0,300.0,30.3,34.2,33.2,32.9,34.4,4.95,1.99,4.96,0.16,0.0,0.0,1027.0,8228.0,0.0,0.0,0.0,0.0,0.0,1.0,0.0,0.0,0.0,0.0,0.0,-1.5,0.0,0.2,0.0,-0.0001,16.0,25903.0
2026-07-30T18:58:37.222Z,86.705,86.718,0.0,7.4,0.0,0.0,0.0,0.0,0.0,0.0,0.0,0.0,1.0,0.0,0.0,0.0,9.0,4.0,0.0,0.0,0.0,0.0,0.0,0.0,0.0,0.0,1.0,12.0,1.0,12.15,5.01,2.5,1.49,0.0,0.1,0.0,6.4,0.0,-0.3,0.0,-1.4,98.8,0.0,0.0,261.2,0.0,21.4,34.6,34.6,35.6,300.0,300.0,30.3,34.2,33.2,32.9,34.4,4.95,1.99,4.97,0.16,0.0,0.0,1027.0,8228.0,0.0,0.0,0.0,0.0,0.0,1.0,0.0,0.0,0.0,0.0,0.0,1.3,0.0,1.0,0.0,-0.0001,16.0,25903.0
2026-07-30T18:58:37.234Z,86.717,86.73,0.0,7.4,0.0,0.0,0.0,0.0,0.0,0.0,0.0,0.0,1.0,0.0,0.0,0.0,9.0,4.0,0.0,0.0,0.0,0.0,0.0,0.0,0.0,0.0,2.0,12.0,1.0,12.15,5.01,2.5,1.49,0.0,0.0,0.0,6.4,0.0,-0.2,0.0,0.3,98.8,0.0,0.0,261.2,0.0,21.4,34.6,34.6,35.6,300.0,300.0,30.3,34.2,33.2,32.9,34.4,4.95,2.0,4.96,0.16,0.0,0.0,1027.0,8228.0,0.0,0.0,0.0,0.0,0.0,1.0,0.0,0.0,0.0,0.0,0.0,-0.3,0.0,-0.2,0.0,-0.0001,16.0,25903.0
2026-07-30T18:58:37.246Z,86.729,86.742,0.0,7.4,0.0,0.0,0.0,0.0,0.0,0.0,0.0,0.0,1.0,0.0,0.0,0.0,9.0,4.0,0.0,0.0,0.0,0.0,0.0,0.0,0.0,0.0,3.0,12.0,1.0,12.15,5.01,2.5,1.49,0.0,0.0,0.0,6.300000000000001,0.0,0.2,0.0,0.3,98.8,0.0,0.0,261.2,0.0,21.4,34.6,34.6,35.6,300.0,300.0,30.3,34.2,33.2,32.9,34.4,4.96,1.99,4.96,0.16,0.0,0.0,1027.0,8228.0,0.0,0.0,0.0,0.0,0.0,1.0,0.0,0.0,0.0,0.0,0.0,-0.3,0.0,-0.2,0.0,-0.0001,16.0,25903.0
2026-07-30T18:58:37.258Z,86.741,86.754,0.0,7.4,0.0,0.0,0.0,0.0,0.0,0.0,0.0,0.0,1.0,0.0,0.0,0.0,9.0,4.0,0.0,0.0,0.0,0.0,0.0,0.0,0.0,0.0,5.0,12.0,1.0,12.15,5.01,2.5,1.49,0.0,0.0,0.0,6.2,0.0,-0.3,0.0,0.3,98.8,0.0,0.0,261.2,0.0,21.4,34.6,34.6,35.6,300.0,300.0,30.3,34.2,33.2,32.9,34.4,4.95,1.99,4.97,0.16,0.0,0.0,1027.0,8228.0,0.0,0.0,0.0,0.0,0.0,1.0,0.0,0.0,0.0,0.0,0.0,-0.3,0.0,-0.2,0.0,-0.0001,16.0,25903.0
2026-07-30T18:58:37.270Z,86.753,86.766,0.0,7.4,0.0,0.0,0.0,0.0,0.0,0.0,0.0,0.0,1.0,0.0,0.0,0.0,9.0,4.0,0.0,0.0,0.0,0.0,0.0,0.0,0.0,0.0,6.0,12.0,1.0,12.15,5.01,2.5,1.49,0.0,0.0,0.0,6.2,0.0,0.2,0.5,0.3,98.8,0.0,0.0,261.2,0.0,21.4,34.6,34.6,35.6,300.0,300.0,30.3,34.2,33.2,32.9,34.4,4.96,1.99,4.97,0.16,0.0,0.0,1027.0,8228.0,0.0,0.0,0.0,0.0,0.0,1.0,0.0,0.0,0.0,0.0,0.0,-0.2,0.0,-0.8,0.0,-0.0001,16.0,25903.0
2026-07-30T18:58:37.282Z,86.765,86.778,0.0,7.4,0.0,0.0,0.0,0.0,0.0,0.0,0.0,0.0,1.0,0.0,0.0,0.0,9.0,4.0,0.0,0.0,0.0,0.0,0.0,0.0,0.0,0.0,1.0,12.0,1.0,12.15,5.01,2.5,1.49,0.0,0.0,0.0,6.1000000000000005,0.0,-0.9,0.0,-1.4,98.8,0.0,0.0,261.2,0.0,21.4,34.6,34.6,35.6,300.0,300.0,30.3,34.2,33.2,32.9,34.4,4.96,1.99,4.96,0.16,0.0,0.0,1027.0,8228.0,0.0,0.0,0.0,0.0,0.0,1.0,0.0,0.0,0.0,0.0,0.0,1.2000000000000002,0.0,1.1,0.0,-0.0001,16.0,25903.0
2026-07-30T18:58:37.294Z,86.777,86.79,0.0,7.4,0.0,0.0,0.0,0.0,0.0,0.0,0.0,0.0,1.0,0.0,0.0,0.0,9.0,4.0,0.0,0.0,0.0,0.0,0.0,0.0,0.0,0.0,2.0,12.0,1.0,12.15,5.01,2.5,1.49,0.0,0.1,0.0,6.1000000000000005,0.0,0.2,-0.6000000000000001,-0.2,98.8,0.0,0.0,261.2,0.0,21.4,34.6,34.6,35.6,300.0,300.0,30.3,34.2,33.2,32.9,34.4,4.96,1.99,4.96,0.16,0.0,0.0,1027.0,8228.0,0.0,0.0,0.0,0.0,0.0,1.0,0.0,0.0,0.0,0.0,0.0,0.0,0.0,0.8,0.0,-0.0001,16.0,25903.0
2026-07-30T18:58:37.307Z,86.79,86.802,0.0,7.4,0.0,0.0,0.0,0.0,0.0,0.0,0.0,0.0,1.0,0.0,0.0,0.0,9.0,4.0,0.0,0.0,0.0,0.0,0.0,0.0,0.0,0.0,3.0,12.0,1.0,12.18,5.01,2.5,1.5,0.0,0.0,0.0,6.0,0.0,0.2,0.0,0.3,98.8,0.0,0.0,261.2,0.0,21.3,34.6,34.6,35.6,300.0,300.0,30.1,34.2,33.2,32.800000000000004,34.4,4.95,1.99,4.96,0.16,0.0,0.0,1027.0,8228.0,0.0,0.0,0.0,0.0,0.0,1.0,0.0,0.0,0.0,0.0,0.0,-0.3,0.0,-0.2,0.0,-0.0001,16.0,25903.0
2026-07-30T18:58:37.318Z,86.801,86.81400000000001,0.0,7.4,0.0,0.0,0.0,0.0,0.0,0.0,0.0,0.0,1.0,0.0,0.0,0.0,9.0,4.0,0.0,0.0,0.0,0.0,0.0,0.0,0.0,0.0,4.0,12.0,1.0,12.18,5.01,2.5,1.5,0.0,0.0,0.0,6.0,0.0,-0.8,0.0,0.3,98.8,0.0,0.0,261.40000000000003,0.0,21.3,34.6,34.6,35.6,300.0,300.0,30.1,34.2,33.2,32.800000000000004,34.4,4.96,1.99,4.96,0.16,0.0,0.0,1027.0,8228.0,0.0,0.0,0.0,0.0,0.0,1.0,0.0,0.0,0.0,0.0,0.0,-0.2,0.0,-0.2,0.0,-0.0001,16.0,25903.0
2026-07-30T18:58:37.330Z,86.813,86.82600000000001,0.0,7.4,0.0,0.0,0.0,0.0,0.0,0.0,0.0,0.0,1.0,0.0,0.0,0.0,9.0,4.0,0.0,0.0,0.0,0.0,0.0,0.0,0.0,0.0,5.0,12.0,1.0,12.18,5.01,2.5,1.5,0.0,0.0,0.0,6.0,0.0,0.2,0.6000000000000001,0.8,98.8,0.0,0.0,261.8,0.0,21.3,34.6,34.6,35.6,300.0,300.0,30.1,34.2,33.2,32.800000000000004,34.4,4.96,1.99,4.97,0.15,0.0,0.0,1027.0,8228.0,0.0,0.0,0.0,0.0,0.0,1.0,0.0,0.0,0.0,0.0,0.0,-0.7000000000000001,0.0,-1.3,0.0,0.0003,16.0,25903.0
2026-07-30T18:58:37.350Z,86.833,86.83800000000001,0.0,7.4,0.0,0.0,0.0,0.0,0.0,0.0,0.0,0.0,1.0,0.0,0.0,0.0,9.0,4.0,0.0,0.0,0.0,0.0,0.0,0.0,0.0,0.0,6.0,12.0,1.0,12.18,5.01,2.5,1.5,0.0,0.0,0.0,5.9,0.0,0.2,0.5,-0.2,98.7,0.0,0.0,262.1,0.0,21.3,34.6,34.6,35.6,300.0,300.0,30.1,34.2,33.2,32.800000000000004,34.4,4.95,1.99,4.97,0.16,0.0,0.0,1027.0,8228.0,0.0,0.0,0.0,0.0,0.0,1.0,0.0,0.0,0.0,0.0,0.0,0.3,0.0,-0.4,0.0,0.0009,16.0,25903.0
2026-07-30T18:58:37.359Z,86.842,86.85000000000001,0.0,7.4,0.0,0.0,0.0,0.0,0.0,0.0,0.0,0.0,1.0,0.0,0.0,0.0,9.0,4.0,0.0,0.0,0.0,0.0,0.0,0.0,0.0,0.0,5.0,12.0,1.0,12.18,5.01,2.5,1.5,0.0,0.0,0.0,5.800000000000001,0.0,-0.3,-1.1,-2.0,98.6,0.0,0.0,262.5,0.0,21.3,34.6,34.6,35.6,300.0,300.0,30.1,34.2,33.2,32.800000000000004,34.4,4.96,1.99,4.96,0.16,0.0,0.0,1027.0,8228.0,0.0,0.0,0.0,0.0,0.0,1.0,0.0,0.0,0.0,0.0,0.0,1.7000000000000002,0.0,2.7,0.0,0.0008,16.0,25903.0
2026-07-30T18:58:37.366Z,86.849,86.862,0.0,7.4,0.0,0.0,0.0,0.0,0.0,0.0,0.0,0.0,1.0,0.0,0.0,0.0,9.0,4.0,0.0,0.0,0.0,0.0,0.0,0.0,0.0,0.0,3.0,12.0,1.0,12.18,5.01,2.5,1.5,0.0,0.1,0.0,5.7,0.0,-0.3,0.5,-0.3,98.5,0.0,0.0,262.90000000000003,0.0,21.3,34.6,34.6,35.6,300.0,300.0,30.1,34.2,33.2,32.800000000000004,34.4,4.95,1.99,4.96,0.16,0.0,0.0,1027.0,8228.0,0.0,0.0,0.0,0.0,0.0,1.0,0.0,0.0,0.0,0.0,0.0,0.4,0.0,-0.4,0.0,0.0009,16.0,25903.0
2026-07-30T18:58:37.379Z,86.862,86.874,0.0,7.4,0.0,0.0,0.0,0.0,0.0,0.0,0.0,0.0,1.0,0.0,0.0,0.0,9.0,4.0,0.0,0.0,0.0,0.0,0.0,0.0,0.0,0.0,4.0,12.0,1.0,12.18,5.01,2.5,1.5,0.0,0.0,0.0,5.7,0.0,0.2,1.1,0.2,98.4,0.0,0.0,262.7,0.0,21.3,34.6,34.6,35.6,300.0,300.0,30.1,34.2,33.2,32.800000000000004,34.4,4.95,1.99,4.97,0.16,0.0,0.0,1027.0,8228.0,0.0,0.0,0.0,0.0,0.0,1.0,0.0,0.0,0.0,0.0,0.0,0.0,0.0,-1.5,0.0,0.0008,16.0,25903.0
2026-07-30T18:58:37.390Z,86.873,86.886,0.0,7.4,0.0,0.0,0.0,0.0,0.0,0.0,0.0,0.0,1.0,0.0,0.0,0.0,9.0,4.0,0.0,0.0,0.0,0.0,0.0,0.0,0.0,0.0,6.0,12.0,1.0,12.18,5.01,2.5,1.5,0.0,0.0,0.0,5.7,0.0,-0.2,-0.5,0.8,98.4,0.0,0.0,262.40000000000003,0.0,21.3,34.6,34.6,35.6,300.0,300.0,30.1,34.2,33.2,32.800000000000004,34.4,4.95,2.0,4.97,0.16,0.0,0.0,1027.0,8228.0,0.0,0.0,0.0,0.0,0.0,1.0,0.0,0.0,0.0,0.0,0.0,-0.8,0.0,0.0,0.0,0.0001,16.0,25903.0
2026-07-30T18:58:37.402Z,86.885,86.898,0.0,7.4,0.0,0.0,0.0,0.0,0.0,0.0,0.0,0.0,1.0,0.0,0.0,0.0,9.0,4.0,0.0,0.0,0.0,0.0,0.0,0.0,0.0,0.0,6.0,12.0,1.0,12.18,5.01,2.5,1.5,0.0,0.0,0.0,5.7,0.0,0.3,-0.5,0.2,98.3,0.0,0.0,261.7,0.0,21.3,34.6,34.6,35.6,300.0,300.0,30.1,34.2,33.2,32.800000000000004,34.4,4.96,2.0,4.96,0.15,0.0,0.0,1027.0,8228.0,0.0,0.0,0.0,0.0,0.0,1.0,0.0,0.0,0.0,0.0,0.0,-0.3,0.0,0.4,0.0,0.0005,16.0,25903.0
2026-07-30T18:58:37.414Z,86.897,86.91,0.0,7.4,0.0,0.0,0.0,0.0,0.0,0.0,0.0,0.0,1.0,0.0,0.0,0.0,9.0,4.0,0.0,0.0,0.0,0.0,0.0,0.0,0.0,0.0,1.0,12.0,1.0,12.19,5.01,2.5,1.49,0.1,0.0,0.0,5.5,0.0,0.9,0.6000000000000001,0.2,98.4,0.0,0.0,260.6,0.0,21.4,34.6,34.6,35.6,300.0,300.0,30.3,34.2,33.2,32.800000000000004,34.300000000000004,4.95,1.99,4.97,0.15,0.0,0.0,1027.0,8228.0,0.0,0.0,0.0,0.0,0.0,1.0,0.0,0.0,0.0,0.0,0.0,0.0,0.0,-0.9,0.0,0.0013,16.0,25903.0
2026-07-30T18:58:37.426Z,86.909,86.922,0.0,7.4,0.0,0.0,0.0,0.0,0.0,0.0,0.0,0.0,1.0,0.0,0.0,0.0,9.0,4.0,0.0,0.0,0.0,0.0,0.0,0.0,0.0,0.0,2.0,12.0,1.0,12.19,5.01,2.5,1.49,0.2,0.0,0.0,5.5,0.0,0.3,0.5,0.2,98.5,0.0,0.0,258.90000000000003,0.0,21.4,34.6,34.6,35.6,300.0,300.0,30.3,34.2,33.2,32.800000000000004,34.300000000000004,4.95,1.99,4.96,0.16,0.0,0.0,1027.0,8228.0,0.0,0.0,0.0,0.0,0.0,1.0,0.0,0.0,0.0,0.0,0.0,-0.1,0.0,-0.8,0.0,0.0022,16.0,25903.0
2026-07-30T18:58:37.438Z,86.921,86.934,0.0,7.4,0.0,0.0,0.0,0.0,0.0,0.0,0.0,0.0,1.0,0.0,0.0,0.0,9.0,4.0,0.0,0.0,0.0,0.0,0.0,0.0,0.0,0.0,3.0,12.0,1.0,12.19,5.01,2.5,1.49,0.2,0.0,0.0,5.5,0.0,-0.2,-0.5,-0.2,98.8,0.0,0.0,256.5,0.0,21.4,34.6,34.6,35.6,300.0,300.0,30.3,34.2,33.2,32.800000000000004,34.300000000000004,4.96,2.0,4.96,0.16,0.0,0.0,1027.0,8228.0,0.0,0.0,0.0,0.0,0.0,1.0,0.0,0.0,0.0,-0.001,0.0,0.1,0.0,0.8,0.0,0.0033,16.0,25903.0
2026-07-30T18:58:37.450Z,86.933,86.946,0.0,7.4,0.0,0.0,0.0,0.0,0.0,0.0,0.0,0.0,1.0,0.0,0.0,0.0,9.0,4.0,0.0,0.0,0.0,0.0,0.0,0.0,0.0,0.0,5.0,12.0,1.0,12.19,5.01,2.5,1.49,0.3,0.0,0.0,5.5,0.0,-0.2,0.0,0.2,99.2,0.0,0.0,253.1,0.0,21.4,34.6,34.6,35.6,300.0,300.0,30.3,34.2,33.2,32.800000000000004,34.300000000000004,4.96,2.0,4.96,0.16,0.0,0.0,1027.0,8228.0,0.0,0.0,0.0,0.0,0.0,1.0,0.0,0.0,0.0,-0.001,0.0,-0.1,0.0,-0.2,0.0,0.0048,16.0,25903.0
2026-07-30T18:58:37.462Z,86.945,86.958,0.0,7.4,0.0,0.0,0.0,0.0,0.0,0.0,0.0,0.0,1.0,0.0,0.0,0.0,9.0,4.0,0.0,0.0,0.0,0.0,0.0,0.0,0.0,0.0,6.0,12.0,1.0,12.19,5.01,2.5,1.49,0.4,-0.2,0.0,5.5,0.0,-0.2,1.2000000000000002,-0.8,100.0,0.0,-1.0,248.3,0.0,21.4,34.6,34.6,35.6,300.0,300.0,30.3,34.2,33.2,32.800000000000004,34.300000000000004,4.95,1.99,4.97,0.16,0.0,0.0,1027.0,8228.0,0.0,0.0,0.0,0.0,0.0,1.0,0.0,0.0,0.0,-0.002,0.0,1.1,0.0,-0.5,0.0,0.007,16.0,25903.0
2026-07-30T18:58:37.474Z,86.957,86.97,0.0,7.4,0.0,0.0,0.0,0.0,0.0,0.0,0.0,0.0,1.0,0.0,0.0,0.0,9.0,4.0,0.0,0.0,0.0,0.0,0.0,0.0,0.0,0.0,2.0,12.0,1.0,12.19,5.01,2.5,1.49,0.4,-0.2,0.0,5.300000000000001,0.0,0.9,1.8,0.2,101.1,0.0,-1.0,242.4,0.0,21.4,34.6,34.6,35.6,300.0,300.0,30.3,34.2,33.2,32.800000000000004,34.300000000000004,4.95,1.99,4.96,0.16,0.0,0.0,1027.0,8228.0,0.0,0.0,0.0,0.0,0.0,1.0,0.0,0.0,0.0,-0.003,0.0,0.8,0.0,-2.0,0.0,0.0097,16.0,25903.0
2026-07-30T18:58:37.486Z,86.969,86.982,0.0,7.4,0.0,0.0,0.0,0.0,0.0,0.0,0.0,0.0,1.0,0.0,0.0,0.0,9.0,4.0,0.0,0.0,0.0,0.0,0.0,0.0,0.0,0.0,3.0,12.0,1.0,12.19,5.01,2.5,1.49,0.5,-0.4,0.0,5.300000000000001,0.0,0.3,0.6000000000000001,0.2,102.5,0.0,-2.0,236.0,0.0,21.4,34.6,34.6,35.6,300.0,300.0,30.3,34.2,33.2,32.800000000000004,34.300000000000004,4.96,1.99,4.96,0.16,0.0,0.0,1027.0,8228.0,0.0,0.0,0.0,0.0,0.0,1.0,0.0,0.0,0.0,-0.003,0.0,0.2,0.0,-0.8,0.0,0.0124,16.0,25903.0
2026-07-30T18:58:37.498Z,86.981,86.994,0.0,7.4,0.0,0.0,0.0,0.0,0.0,0.0,0.0,0.0,1.0,0.0,0.0,0.0,9.0,4.0,0.0,0.0,0.0,0.0,0.0,0.0,0.0,0.0,4.0,12.0,1.0,12.19,5.01,2.5,1.49,0.5,-0.4,0.0,5.300000000000001,0.0,0.3,0.0,0.8,104.3,0.0,-2.0,229.1,0.0,21.4,34.6,34.6,35.6,300.0,300.0,30.3,34.2,33.2,32.800000000000004,34.300000000000004,4.95,1.99,4.97,0.16,0.0,0.0,1027.0,8228.0,0.0,0.0,0.0,0.0,0.0,1.0,0.0,0.0,0.0,-0.003,0.0,-0.3,0.0,-1.0,0.0,0.0141,16.0,25903.0
2026-07-30T18:58:37.511Z,86.994,87.006,0.0,7.4,0.0,0.0,0.0,0.0,0.0,0.0,0.0,0.0,1.0,0.0,0.0,0.0,9.0,4.0,0.0,0.0,0.0,0.0,0.0,0.0,0.0,0.0,6.0,12.0,1.0,12.18,5.01,2.5,1.49,0.4,-0.5,0.0,5.2,0.0,-0.1,-0.5,-0.2,106.5,0.0,-3.0,221.8,0.0,21.700000000000003,34.6,34.6,35.6,300.0,300.0,30.3,34.2,33.2,32.800000000000004,34.300000000000004,4.95,1.99,4.96,0.16,0.0,0.0,1027.0,8228.0,0.0,0.0,0.0,0.0,0.0,1.0,0.0,0.0,0.0,-0.004,0.0,-0.8,0.0,1.8,0.0,0.0152,16.0,25903.0
2026-07-30T18:58:37.522Z,87.005,87.018,0.0,7.4,0.0,0.0,0.0,0.0,0.0,0.0,0.0,0.0,1.0,0.0,0.0,0.0,9.0,4.0,0.0,0.0,0.0,0.0,0.0,0.0,0.0,0.0,1.0,12.0,1.0,12.18,5.01,2.5,1.49,0.5,-0.6000000000000001,0.0,5.2,0.0,1.0,0.5,0.3,109.1,0.0,-3.0,214.1,0.0,21.700000000000003,34.6,34.6,35.6,300.0,300.0,30.3,34.2,33.2,32.800000000000004,34.300000000000004,4.95,2.0,4.96,0.16,0.0,0.0,1027.0,8228.0,0.0,0.0,0.0,0.0,0.0,1.0,0.0,0.0,0.0,-0.004,0.0,0.5,0.0,-0.7000000000000001,0.0,0.0162,16.0,25903.0
2026-07-30T18:58:37.534Z,87.017,87.03,0.0,7.4,0.0,0.0,0.0,0.0,0.0,0.0,0.0,0.0,1.0,0.0,0.0,0.0,9.0,4.0,0.0,0.0,0.0,0.0,0.0,0.0,0.0,0.0,2.0,12.0,1.0,12.18,5.01,2.5,1.49,0.6000000000000001,-0.9,0.0,5.1000000000000005,0.0,-0.7000000000000001,-1.1,-0.8,112.1,0.0,-4.0,205.1,0.0,21.700000000000003,34.6,34.6,35.6,300.0,300.0,30.3,34.2,33.2,32.800000000000004,34.300000000000004,4.95,1.99,4.96,0.16,0.0,0.0,1027.0,8228.0,0.0,0.0,0.0,0.0,0.0,1.0,0.0,0.0,0.0,-0.004,0.0,-0.6000000000000001,0.0,1.8,0.0,0.0172,16.0,25903.0
2026-07-30T18:58:37.547Z,87.03,87.042,0.0,7.4,0.0,0.0,0.0,0.0,0.0,0.0,0.0,0.0,1.0,0.0,0.0,0.0,9.0,4.0,0.0,0.0,0.0,0.0,0.0,0.0,0.0,0.0,3.0,12.0,1.0,12.18,5.01,2.5,1.49,0.5,-1.2000000000000002,0.0,5.1000000000000005,0.0,-0.1,-0.5,-0.2,115.7,0.0,-5.0,193.5,0.0,21.700000000000003,34.6,34.6,35.6,300.0,300.0,30.3,34.2,33.2,32.800000000000004,34.300000000000004,4.95,1.99,4.97,0.16,0.0,0.0,1027.0,8228.0,0.0,0.0,0.0,0.0,0.0,1.0,0.0,0.0,0.0,-0.006,0.0,0.0,0.0,0.2,0.0,0.0193,16.0,25903.0
2026-07-30T18:58:37.558Z,87.041,87.054,0.0,7.4,0.0,0.0,0.0,0.0,0.0,0.0,0.0,0.0,1.0,0.0,0.0,0.0,9.0,4.0,0.0,0.0,0.0,0.0,0.0,0.0,0.0,0.0,4.0,12.0,1.0,12.18,5.01,2.5,1.49,0.2,-1.2000000000000002,0.0,5.0,0.0,0.4,-0.5,-0.2,118.2,0.0,-6.0,179.3,0.0,21.700000000000003,34.6,34.6,35.6,300.0,300.0,30.3,34.2,33.2,32.800000000000004,34.300000000000004,4.96,1.99,4.96,0.16,0.0,0.0,1027.0,8228.0,0.0,0.0,0.0,0.0,0.0,1.0,0.0,0.0,0.0,-0.007,0.0,0.0,0.0,0.2,0.0,0.0244,16.0,25903.0
2026-07-30T18:58:37.570Z,87.053,87.066,0.0,7.4,0.0,0.0,0.0,0.0,0.0,0.0,0.0,0.0,1.0,0.0,0.0,0.0,9.0,4.0,0.0,0.0,0.0,0.0,0.0,0.0,0.0,0.0,5.0,12.0,1.0,12.18,5.01,2.5,1.49,0.0,-1.2000000000000002,0.0,5.0,0.0,-0.1,0.6000000000000001,0.3,97.1,0.0,-7.0,164.0,0.0,21.700000000000003,34.6,34.6,35.6,300.0,300.0,30.3,34.2,33.2,32.800000000000004,34.300000000000004,4.96,1.99,4.96,0.16,0.0,0.0,1027.0,8228.0,0.0,0.0,0.0,0.0,0.0,1.0,0.0,0.0,0.0,-0.008,0.0,-1.2000000000000002,0.0,0.4,0.0,0.0301,16.0,25903.0
2026-07-30T18:58:37.582Z,87.065,87.078,0.0,7.4,0.0,0.0,0.0,0.0,0.0,0.0,0.0,0.0,1.0,0.0,0.0,0.0,9.0,4.0,0.0,0.0,0.0,0.0,0.0,0.0,0.0,0.0,1.0,12.0,1.0,12.18,5.01,2.5,1.49,-0.5,-1.0,0.1,4.9,0.0,-0.1,0.6000000000000001,1.4,78.80000000000001,0.0,-8.0,148.0,0.0,21.700000000000003,34.6,34.6,35.6,300.0,300.0,30.3,34.2,33.2,32.800000000000004,34.300000000000004,4.95,1.99,4.96,0.16,0.0,0.0,1027.0,8228.0,0.0,0.0,0.0,0.0,0.0,1.0,0.0,0.0,0.0,-0.008,0.0,2.1,0.0,-0.3,0.0,0.0336,16.0,25903.0
2026-07-30T18:58:37.594Z,87.077,87.09,0.0,7.4,0.0,0.0,0.0,0.0,0.0,0.0,0.0,0.0,1.0,0.0,0.0,0.0,9.0,4.0,0.0,0.0,0.0,0.0,0.0,0.0,0.0,0.0,2.0,12.0,1.0,12.18,5.01,2.5,1.49,-1.0,-0.6000000000000001,0.1,5.0,0.0,-0.1,0.6000000000000001,0.2,62.8,0.0,-9.0,130.20000000000002,0.0,21.700000000000003,34.6,34.6,35.6,300.0,300.0,30.3,34.2,33.2,32.800000000000004,34.300000000000004,4.95,1.99,4.96,0.16,0.0,0.0,1027.0,8228.0,0.0,0.0,0.0,0.0,0.0,1.0,0.0,0.0,0.0,-0.009,0.0,0.8,0.0,0.5,0.0,0.0355,16.0,25903.0
2026-07-30T18:58:37.606Z,87.089,87.102,0.0,7.4,0.0,0.0,0.0,0.0,0.0,0.0,0.0,0.0,1.0,0.0,0.0,0.0,9.0,4.0,0.0,0.0,0.0,0.0,0.0,0.0,0.0,0.0,4.0,12.0,1.0,12.18,5.01,2.5,1.49,-1.6,0.0,0.1,4.9,0.0,1.5,1.2000000000000002,1.4,49.5,0.0,-10.0,110.1,0.0,21.700000000000003,34.6,34.6,35.6,300.0,300.0,30.3,34.2,33.2,32.800000000000004,34.300000000000004,4.95,1.99,4.96,0.16,0.0,0.0,1027.0,8228.0,0.0,0.0,0.0,0.0,0.0,1.0,0.0,0.0,0.0,-0.01,0.0,2.1,0.0,1.6,0.0,0.0389,16.0,25903.0
2026-07-30T18:58:37.618Z,87.101,87.114,0.0,7.4,0.0,0.0,0.0,0.0,0.0,0.0,0.0,0.0,1.0,0.0,0.0,0.0,9.0,4.0,0.0,0.0,0.0,0.0,0.0,0.0,0.0,0.0,5.0,12.0,1.0,12.14,5.01,2.51,1.49,-2.1,0.8,0.1,4.9,0.0,-0.1,0.0,0.9,38.8,0.0,-12.0,87.7,0.0,21.700000000000003,34.6,34.5,35.5,300.0,300.0,30.3,34.2,33.2,32.7,34.300000000000004,4.95,1.99,4.97,0.16,0.0,0.0,1027.0,8228.0,0.0,0.0,0.0,0.0,0.0,1.0,0.0,0.0,0.0,-0.012,0.0,0.9,0.0,0.6000000000000001,0.0,0.0437,16.0,25903.0
2026-07-30T18:58:37.630Z,87.113,87.126,0.0,7.4,0.0,0.0,0.0,0.0,0.0,0.0,0.0,0.0,1.0,0.0,0.0,0.0,9.0,4.0,0.0,0.0,0.0,0.0,0.0,0.0,0.0,0.0,6.0,12.0,1.0,12.14,5.01,2.51,1.49,-2.1,1.7000000000000002,0.1,4.800000000000001,0.0,0.3,0.0,-0.8,30.5,0.0,-13.0,62.5,0.0,21.700000000000003,34.6,34.5,35.5,300.0,300.0,30.3,34.2,33.2,32.7,34.300000000000004,4.95,1.99,4.97,0.16,0.0,0.0,1027.0,8228.0,0.0,0.0,0.0,0.0,0.0,1.0,0.0,0.0,0.0,-0.013,0.0,-0.5,0.0,-0.7000000000000001,0.0,0.0487,16.0,25903.0
2026-07-30T18:58:37.642Z,87.125,87.138,0.0,7.4,0.0,0.0,0.0,0.0,0.0,0.0,0.0,0.0,1.0,0.0,0.0,0.0,9.0,4.0,0.0,0.0,0.0,0.0,0.0,0.0,0.0,0.0,1.0,12.0,1.0,12.14,5.01,2.51,1.49,-1.7000000000000002,2.2,0.1,4.800000000000001,0.0,-0.2,0.0,0.9,24.8,0.0,-15.0,36.0,0.0,21.700000000000003,34.6,34.5,35.5,300.0,300.0,30.3,34.2,33.2,32.7,34.300000000000004,4.96,1.99,4.96,0.16,0.0,0.0,1027.0,8228.0,0.0,0.0,0.0,0.0,0.0,1.0,0.0,0.0,0.0,-0.014,0.0,0.0,0.0,1.1,0.0,0.0549,16.0,25903.0
2026-07-30T18:58:37.655Z,87.138,87.15,0.0,7.4,0.0,0.0,0.0,0.0,0.0,0.0,0.0,0.0,1.0,0.0,0.0,0.0,9.0,4.0,0.0,0.0,0.0,0.0,0.0,0.0,0.0,0.0,3.0,12.0,1.0,12.14,5.01,2.51,1.49,-0.9,2.4000000000000004,0.1,4.800000000000001,0.0,-0.2,-1.1,-1.3,21.3,0.0,-16.0,9.9,0.0,21.700000000000003,34.6,34.5,35.5,300.0,300.0,30.3,34.2,33.2,32.7,34.300000000000004,4.95,1.99,4.97,0.16,0.0,0.0,1027.0,8228.0,0.0,0.0,0.0,0.0,0.0,1.0,0.0,0.0,0.0,-0.014,0.0,1.8,0.0,-1.7000000000000002,0.0,0.0591,16.0,25903.0
2026-07-30T18:58:37.672Z,87.155,87.162,0.0,7.4,0.0,0.0,0.0,0.0,0.0,0.0,0.0,0.0,1.0,0.0,0.0,0.0,9.0,4.0,0.0,0.0,0.0,0.0,0.0,0.0,0.0,0.0,4.0,12.0,1.0,12.14,5.01,2.51,1.49,0.1,2.1,0.1,4.7,0.0,0.3,0.6000000000000001,-0.1,20.0,0.0,-18.0,343.0,0.0,21.700000000000003,34.6,34.5,35.5,300.0,300.0,30.3,34.2,33.2,32.7,34.300000000000004,4.95,1.99,4.96,0.16,0.0,0.0,1027.0,8228.0,0.0,0.0,0.0,0.0,0.0,1.0,0.0,0.0,0.0,-0.015,0.0,-0.5,0.0,-0.3,0.0,0.0591,16.0,25903.0
2026-07-30T18:58:37.681Z,87.164,87.174,0.0,7.4,0.0,0.0,0.0,0.0,0.0,0.0,0.0,0.0,1.0,0.0,0.0,0.0,9.0,4.0,0.0,0.0,0.0,0.0,0.0,0.0,0.0,0.0,3.0,12.0,1.0,12.14,5.01,2.51,1.49,1.1,1.3,0.1,4.6000000000000005,0.0,-0.8,0.6000000000000001,-0.7000000000000001,20.8,0.0,-19.0,316.0,0.0,21.700000000000003,34.6,34.5,35.5,300.0,300.0,30.3,34.2,33.2,32.7,34.300000000000004,4.96,2.0,4.96,0.16,0.0,0.0,1027.0,8228.0,0.0,0.0,0.0,0.0,0.0,1.0,0.0,0.0,0.0,-0.015,0.0,0.2,0.0,-0.7000000000000001,0.0,0.0606,16.0,25903.0
2026-07-30T18:58:37.690Z,87.173,87.186,0.0,7.4,0.0,0.0,0.0,0.0,0.0,0.0,0.0,0.0,1.0,0.0,0.0,0.0,9.0,4.0,0.0,0.0,0.0,0.0,0.0,0.0,0.0,0.0,1.0,12.0,1.0,12.14,5.01,2.51,1.49,2.2,0.0,0.1,4.6000000000000005,0.0,0.3,0.7000000000000001,-0.1,23.6,0.0,-21.0,287.7,0.0,21.700000000000003,34.6,34.5,35.5,300.0,300.0,30.3,34.2,33.2,32.7,34.300000000000004,4.95,2.0,4.97,0.16,0.0,0.0,1027.0,8228.0,0.0,0.0,0.0,0.0,0.0,1.0,0.0,0.0,0.0,-0.015,0.0,0.0,0.0,-0.7000000000000001,0.0,0.0612,16.0,25903.0
2026-07-30T18:58:37.702Z,87.185,87.19800000000001,0.0,7.4,0.0,0.0,0.0,0.0,0.0,0.0,0.0,0.0,1.0,0.0,0.0,0.0,9.0,4.0,0.0,0.0,0.0,0.0,0.0,0.0,0.0,0.0,2.0,12.0,1.0,12.14,5.01,2.51,1.49,2.5,-1.0,0.1,4.5,0.0,-0.2,-0.4,0.0,28.200000000000003,0.0,-22.0,258.7,0.0,21.700000000000003,34.6,34.5,35.5,300.0,300.0,30.3,34.2,33.2,32.7,34.300000000000004,4.95,1.99,4.97,0.16,0.0,0.0,1027.0,8228.0,0.0,0.0,0.0,0.0,0.0,1.0,0.0,0.0,0.0,-0.016,0.0,0.0,0.0,0.5,0.0,0.0632,16.0,25903.0
2026-07-30T18:58:37.715Z,87.198,87.21000000000001,0.0,7.4,0.0,0.0,0.0,0.0,0.0,0.0,0.0,0.0,1.0,0.0,0.0,0.0,9.0,4.0,0.0,0.0,0.0,0.0,0.0,0.0,0.0,0.0,4.0,12.0,1.0,12.15,5.01,2.51,1.49,2.4000000000000004,-2.2,0.1,4.5,0.0,-0.8,-1.0,-2.4000000000000004,34.4,0.0,-23.0,231.4,0.0,21.8,34.5,34.5,35.5,300.0,300.0,30.4,34.300000000000004,33.2,32.7,34.300000000000004,4.95,2.0,4.96,0.16,0.0,0.0,1027.0,8228.0,0.0,0.0,0.0,0.0,0.0,1.0,0.0,0.0,0.0,-0.015,0.0,0.2,0.0,3.5,0.0,0.0655,16.0,25903.0
2026-07-30T18:58:37.726Z,87.209,87.22200000000001,0.0,7.4,0.0,0.0,0.0,0.0,0.0,0.0,0.0,0.0,1.0,0.0,0.0,0.0,9.0,4.0,0.0,0.0,0.0,0.0,0.0,0.0,0.0,0.0,5.0,12.0,1.0,12.15,5.01,2.51,1.49,1.5,-2.8000000000000003,0.1,4.5,0.0,-0.2,0.1,-0.6000000000000001,42.400000000000006,0.0,-25.0,200.7,0.0,21.8,34.5,34.5,35.5,300.0,300.0,30.4,34.300000000000004,33.2,32.7,34.300000000000004,4.96,1.99,4.96,0.16,0.0,0.0,1027.0,8228.0,0.0,0.0,0.0,0.0,0.0,1.0,0.0,0.0,0.0,-0.016,0.0,0.0,0.0,0.7000000000000001,0.0,0.0631,16.0,25903.0
2026-07-30T18:58:37.738Z,87.221,87.23400000000001,0.0,7.4,0.0,0.0,0.0,0.0,0.0,0.0,0.0,0.0,1.0,0.0,0.0,0.0,9.0,4.0,0.0,0.0,0.0,0.0,0.0,0.0,0.0,0.0,6.0,12.0,1.0,12.15,5.01,2.51,1.49,0.0,-2.4000000000000004,0.1,4.5,0.0,0.3,0.2,1.6,43.8,0.0,-26.0,170.8,0.0,21.8,34.5,34.5,35.5,300.0,300.0,30.4,34.300000000000004,33.2,32.7,34.300000000000004,4.95,1.99,4.97,0.16,0.0,0.0,1027.0,8228.0,0.0,0.0,0.0,0.0,0.0,1.0,0.0,0.0,0.0,-0.017,0.0,1.4,0.0,-1.4,0.0,0.0679,16.0,25903.0
2026-07-30T18:58:37.750Z,87.233,87.246,0.0,7.4,0.0,0.0,0.0,0.0,0.0,0.0,0.0,0.0,1.0,0.0,0.0,0.0,9.0,4.0,0.0,0.0,0.0,0.0,0.0,0.0,0.0,0.0,1.0,12.0,1.0,12.15,5.01,2.51,1.49,-1.4,-1.3,0.1,4.5,0.0,-0.2,0.2,0.0,29.4,0.0,-27.0,140.6,0.0,21.8,34.5,34.5,35.5,300.0,300.0,30.4,34.300000000000004,33.2,32.7,34.300000000000004,4.96,1.99,4.96,0.16,0.0,0.0,1027.0,8228.0,0.0,0.0,0.0,0.0,0.0,1.0,0.0,0.0,0.0,-0.017,0.0,0.1,0.0,0.1,0.0,0.068,16.0,25903.0
2026-07-30T18:58:37.762Z,87.245,87.258,0.0,7.4,0.0,0.0,0.0,0.0,0.0,0.0,0.0,0.0,1.0,0.0,0.0,0.0,9.0,4.0,0.0,0.0,0.0,0.0,0.0,0.0,0.0,0.0,3.0,12.0,1.0,12.15,5.01,2.51,1.49,-2.5,0.0,0.1,4.5,0.0,0.3,1.9,1.1,18.2,0.0,-28.0,109.3,0.0,21.8,34.5,34.5,35.5,300.0,300.0,30.4,34.300000000000004,33.2,32.7,34.300000000000004,4.96,2.0,4.96,0.16,0.0,0.0,1027.0,8228.0,0.0,0.0,0.0,0.0,0.0,1.0,0.0,0.0,0.0,-0.017,0.0,2.0,0.0,2.3000000000000003,0.0,0.0684,16.0,25903.0
2026-07-30T18:58:37.774Z,87.257,87.27,0.0,7.4,0.0,0.0,0.0,0.0,0.0,0.0,0.0,0.0,1.0,0.0,0.0,0.0,9.0,4.0,0.0,0.0,0.0,0.0,0.0,0.0,0.0,0.0,4.0,12.0,1.0,12.15,5.01,2.51,1.49,-3.0,1.6,0.1,4.4,0.0,-0.1,-0.3,-1.1,10.1,0.0,-29.0,76.5,0.0,21.8,34.5,34.5,35.5,300.0,300.0,30.4,34.300000000000004,33.2,32.7,34.300000000000004,4.95,1.99,4.96,0.16,0.0,0.0,1027.0,8228.0,0.0,0.0,0.0,0.0,0.0,1.0,0.0,0.0,0.0,-0.018,0.0,-0.8,0.0,-1.2000000000000002,0.0,0.0701,16.0,25903.0
2026-07-30T18:58:37.787Z,87.27,87.282,0.0,7.4,0.0,0.0,0.0,0.0,0.0,0.0,0.0,0.0,1.0,0.0,0.0,0.0,9.0,4.0,0.0,0.0,0.0,0.0,0.0,0.0,0.0,0.0,5.0,12.0,1.0,12.15,5.01,2.51,1.49,-2.5,2.8000000000000003,0.1,4.3,0.0,-0.7000000000000001,0.8,1.2000000000000002,5.1000000000000005,0.0,-30.0,42.1,0.0,21.8,34.5,34.5,35.5,300.0,300.0,30.4,34.300000000000004,33.2,32.7,34.300000000000004,4.95,1.99,4.97,0.16,0.0,0.0,1027.0,8228.0,0.0,0.0,0.0,0.0,0.0,1.0,0.0,0.0,0.0,-0.019,0.0,-0.4,0.0,2.0,0.0,0.0731,16.0,25903.0
2026-07-30T18:58:37.798Z,87.281,87.294,0.0,7.4,0.0,0.0,0.0,0.0,0.0,0.0,0.0,0.0,1.0,0.0,0.0,0.0,9.0,4.0,0.0,0.0,0.0,0.0,0.0,0.0,0.0,0.0,6.0,12.0,1.0,12.15,5.01,2.51,1.49,-1.0,3.1,0.1,4.4,0.0,-0.1,-0.3,0.6000000000000001,2.9000000000000004,0.0,-32.0,7.4,0.0,21.8,34.5,34.5,35.5,300.0,300.0,30.4,34.300000000000004,33.2,32.7,34.300000000000004,4.96,1.99,4.96,0.16,0.0,0.0,1027.0,8228.0,0.0,0.0,0.0,0.0,0.0,1.0,0.0,0.0,0.0,-0.019,0.0,0.1,0.0,0.6000000000000001,0.0,0.0768,16.0,25903.0
2026-07-30T18:58:37.810Z,87.293,87.306,0.0,7.4,0.0,0.0,0.0,0.0,0.0,0.0,0.0,0.0,1.0,0.0,0.0,0.0,9.0,4.0,0.0,0.0,0.0,0.0,0.0,0.0,0.0,0.0,1.0,12.0,1.0,12.15,5.01,2.51,1.49,0.7000000000000001,2.3000000000000003,0.1,4.3,0.0,-0.1,0.2,1.8,3.5,0.0,-33.0,333.3,0.0,21.8,34.5,34.5,35.5,300.0,300.0,30.4,34.300000000000004,33.2,32.7,34.300000000000004,4.96,1.99,4.97,0.16,0.0,0.0,1027.0,8228.0,0.0,0.0,0.0,0.0,0.0,1.0,0.0,0.0,0.0,-0.019,0.0,-2.0,0.0,1.0,0.0,0.0784,16.0,25903.0
2026-07-30T18:58:37.822Z,87.305,87.318,0.0,7.4,0.0,0.0,0.0,0.0,0.0,0.0,0.0,0.0,1.0,0.0,0.0,0.0,9.0,4.0,0.0,0.0,0.0,0.0,0.0,0.0,0.0,0.0,2.0,12.0,1.0,12.17,5.0200000000000005,2.51,1.49,2.3000000000000003,0.6000000000000001,0.1,4.3,0.0,1.0,0.8,1.8,6.4,0.0,-34.0,298.8,0.0,21.3,34.5,34.5,35.5,300.0,300.0,30.4,34.2,33.1,32.7,34.300000000000004,4.95,2.0,4.97,0.16,0.0,0.0,1027.0,8228.0,0.0,0.0,0.0,0.0,0.0,1.0,0.0,0.0,0.0,-0.019,0.0,-2.5,0.0,-0.9,0.0,0.0778,16.0,25903.0
2026-07-30T18:58:37.834Z,87.317,87.33,0.0,7.4,0.0,0.0,0.0,0.0,0.0,0.0,0.0,0.0,1.0,0.0,0.0,0.0,9.0,4.0,0.0,0.0,0.0,0.0,0.0,0.0,0.0,0.0,3.0,12.0,1.0,12.17,5.0200000000000005,2.51,1.49,3.1,-1.1,0.1,4.3,0.0,0.4,-0.3,-0.5,11.7,0.0,-35.0,263.40000000000003,0.0,21.3,34.5,34.5,35.5,300.0,300.0,30.4,34.2,33.1,32.7,34.300000000000004,4.96,2.0,4.97,0.16,0.0,0.0,1027.0,8228.0,0.0,0.0,0.0,0.0,0.0,1.0,0.0,0.0,0.0,-0.019,0.0,0.4,0.0,0.7000000000000001,0.0,0.0779,16.0,25903.0
2026-07-30T18:58:37.846Z,87.329,87.342,0.0,7.4,0.0,0.0,0.0,0.0,0.0,0.0,0.0,0.0,1.0,0.0,0.0,0.0,9.0,4.0,0.0,0.0,0.0,0.0,0.0,0.0,0.0,0.0,4.0,12.0,1.0,12.17,5.0200000000000005,2.51,1.49,2.8000000000000003,-2.6,0.1,4.2,0.0,-0.1,-1.5,0.0,19.200000000000003,0.0,-36.0,227.0,0.0,21.3,34.5,34.5,35.5,300.0,300.0,30.4,34.2,33.1,32.7,34.300000000000004,4.95,1.99,4.96,0.16,0.0,0.0,1027.0,8228.0,0.0,0.0,0.0,0.0,0.0,1.0,0.0,0.0,0.0,-0.02,0.0,-1.2000000000000002,0.0,1.2000000000000002,0.0,0.0796,16.0,25903.0
2026-07-30T18:58:37.858Z,87.341,87.354,0.0,7.4,0.0,0.0,0.0,0.0,0.0,0.0,0.0,0.0,1.0,0.0,0.0,0.0,9.0,4.0,0.0,0.0,0.0,0.0,0.0,0.0,0.0,0.0,5.0,12.0,1.0,12.17,5.0200000000000005,2.51,1.49,1.4,-3.1,0.1,4.1000000000000005,0.0,0.4,1.3,1.1,28.8,0.0,-37.0,192.0,0.0,21.3,34.5,34.5,35.5,300.0,300.0,30.4,34.2,33.1,32.7,34.300000000000004,4.95,1.99,4.97,0.16,0.0,0.0,1027.0,8228.0,0.0,0.0,0.0,0.0,0.0,1.0,0.0,0.0,0.0,-0.02,0.0,1.9,0.0,-1.6,0.0,0.0819,16.0,25903.0
2026-07-30T18:58:37.870Z,87.353,87.366,0.0,7.4,0.0,0.0,0.0,0.0,0.0,0.0,0.0,0.0,1.0,0.0,0.0,0.0,9.0,4.0,0.0,0.0,0.0,0.0,0.0,0.0,0.0,0.0,6.0,12.0,1.0,12.17,5.0200000000000005,2.51,1.49,-0.4,-2.3000000000000003,0.1,4.2,0.0,1.0,1.3,-0.5,23.0,0.0,-38.0,158.4,0.0,21.3,34.5,34.5,35.5,300.0,300.0,30.4,34.2,33.1,32.7,34.300000000000004,4.95,1.99,4.97,0.16,0.0,0.0,1027.0,8228.0,0.0,0.0,0.0,0.0,0.0,1.0,0.0,0.0,0.0,-0.019,0.0,0.8,0.0,0.9,0.0,0.0803,16.0,25903.0
2026-07-30T18:58:37.882Z,87.365,87.378,0.0,7.4,0.0,0.0,0.0,0.0,0.0,0.0,0.0,0.0,1.0,0.0,0.0,0.0,9.0,4.0,0.0,0.0,0.0,0.0,0.0,0.0,0.0,0.0,1.0,12.0,1.0,12.17,5.0200000000000005,2.51,1.49,-1.9,-0.8,0.1,4.2,0.0,0.4,-0.4,1.1,11.0,0.0,-38.0,126.9,0.0,21.3,34.5,34.5,35.5,300.0,300.0,30.4,34.2,33.1,32.7,34.300000000000004,4.96,1.99,4.96,0.16,0.0,0.0,1027.0,8228.0,0.0,0.0,0.0,0.0,0.0,1.0,0.0,0.0,0.0,-0.018,0.0,1.0,0.0,-0.5,0.0,0.0776,16.0,25903.0
2026-07-30T18:58:37.894Z,87.377,87.39,0.0,7.4,0.0,0.0,0.0,0.0,0.0,0.0,0.0,0.0,1.0,0.0,0.0,0.0,9.0,4.0,0.0,0.0,0.0,0.0,0.0,0.0,0.0,0.0,2.0,12.0,1.0,12.17,5.0200000000000005,2.51,1.49,-2.7,0.6000000000000001,0.1,4.1000000000000005,0.0,0.5,-0.4,-0.6000000000000001,2.1,0.0,-39.0,95.8,0.0,21.3,34.5,34.5,35.5,300.0,300.0,30.4,34.2,33.1,32.7,34.300000000000004,4.96,1.99,4.97,0.16,0.0,0.0,1027.0,8228.0,0.0,0.0,0.0,0.0,0.0,1.0,0.0,0.0,0.0,-0.017,0.0,-0.7000000000000001,0.0,-0.8,0.0,0.0731,16.0,25903.0
2026-07-30T18:58:37.906Z,87.389,87.402,0.0,7.4,0.0,0.0,0.0,0.0,0.0,0.0,0.0,0.0,1.0,0.0,0.0,0.0,9.0,4.0,0.0,0.0,0.0,0.0,0.0,0.0,0.0,0.0,3.0,12.0,1.0,12.17,5.0200000000000005,2.51,1.49,-2.6,1.9,0.1,4.1000000000000005,0.0,-0.6000000000000001,0.1,0.0,-3.8,0.0,-39.0,64.7,0.0,21.3,34.5,34.5,35.5,300.0,300.0,30.4,34.2,33.1,32.7,34.300000000000004,4.96,1.99,4.96,0.16,0.0,0.0,1027.0,8228.0,0.0,0.0,0.0,0.0,0.0,1.0,0.0,0.0,0.0,-0.017,0.0,0.0,0.0,0.1,0.0,0.071,16.0,25903.0
2026-07-30T18:58:37.920Z,87.403,87.414,0.0,7.4,0.0,0.0,0.0,0.0,0.0,0.0,0.0,0.0,1.0,0.0,0.0,0.0,9.0,4.0,0.0,0.0,0.0,0.0,0.0,0.0,0.0,0.0,4.0,12.0,1.0,12.15,5.0200000000000005,2.51,1.49,-2.0,2.6,0.1,4.1000000000000005,0.0,0.0,-0.4,0.0,-7.1000000000000005,0.0,-39.0,33.9,0.0,21.700000000000003,34.5,34.5,35.4,300.0,300.0,30.4,34.2,33.1,32.7,34.300000000000004,4.95,1.99,4.96,0.16,0.0,0.0,1027.0,8228.0,0.0,0.0,0.0,0.0,0.0,1.0,0.0,0.0,0.0,-0.017,0.0,0.4,0.0,-0.3,0.0,0.0706,16.0,25903.0
2026-07-30T18:58:37.931Z,87.414,87.426,0.0,7.4,0.0,0.0,0.0,0.0,0.0,0.0,0.0,0.0,1.0,0.0,0.0,0.0,9.0,4.0,0.0,0.0,0.0,0.0,0.0,0.0,0.0,0.0,5.0,12.0,1.0,12.15,5.0200000000000005,2.51,1.49,-0.8,2.8000000000000003,0.1,4.0,0.0,-0.6000000000000001,-0.4,-0.6000000000000001,-7.9,0.0,-39.0,4.0,0.0,21.700000000000003,34.5,34.5,35.4,300.0,300.0,30.4,34.2,33.1,32.7,34.300000000000004,4.96,1.99,4.97,0.16,0.0,0.0,1027.0,8228.0,0.0,0.0,0.0,0.0,0.0,1.0,0.0,0.0,0.0,-0.017,0.0,0.8,0.0,-0.7000000000000001,0.0,0.0702,16.0,25903.0
2026-07-30T18:58:37.942Z,87.425,87.438,0.0,7.4,0.0,0.0,0.0,0.0,0.0,0.0,0.0,0.0,1.0,0.0,0.0,0.0,9.0,4.0,0.0,0.0,0.0,0.0,0.0,0.0,0.0,0.0,6.0,12.0,1.0,12.15,5.0200000000000005,2.51,1.49,0.5,1.9,0.1,4.0,0.0,1.0,1.8,1.0,-6.5,0.0,-39.0,334.5,0.0,21.700000000000003,34.5,34.5,35.4,300.0,300.0,30.4,34.2,33.1,32.7,34.300000000000004,4.95,1.99,4.96,0.16,0.0,0.0,1027.0,8228.0,0.0,0.0,0.0,0.0,0.0,1.0,0.0,0.0,0.0,-0.016,0.0,-2.9000000000000004,0.0,-0.2,0.0,0.0686,16.0,25903.0
2026-07-30T18:58:37.954Z,87.437,87.45,0.0,7.4,0.0,0.0,0.0,0.0,0.0,0.0,0.0,0.0,1.0,0.0,0.0,0.0,9.0,4.0,0.0,0.0,0.0,0.0,0.0,0.0,0.0,0.0,1.0,12.0,1.0,12.15,5.0200000000000005,2.51,1.49,1.5,0.9,0.1,4.0,0.0,-0.7000000000000001,0.1,-0.1,-3.2,0.0,-39.0,306.7,0.0,21.700000000000003,34.5,34.5,35.4,300.0,300.0,30.4,34.2,33.1,32.7,34.300000000000004,4.95,1.99,4.96,0.16,0.0,0.0,1027.0,8228.0,0.0,0.0,0.0,0.0,0.0,1.0,0.0,0.0,0.0,-0.016,0.0,0.0,0.0,-0.1,0.0,0.0675,16.0,25903.0
2026-07-30T18:58:37.966Z,87.449,87.462,0.0,7.4,0.0,0.0,0.0,0.0,0.0,0.0,0.0,0.0,1.0,0.0,0.0,0.0,9.0,4.0,0.0,0.0,0.0,0.0,0.0,0.0,0.0,0.0,2.0,12.0,1.0,12.15,5.0200000000000005,2.51,1.49,2.1,-0.2,0.1,4.0,0.0,1.0,-0.4,0.4,1.9,0.0,-39.0,280.1,0.0,21.700000000000003,34.5,34.5,35.4,300.0,300.0,30.4,34.2,33.1,32.7,34.300000000000004,4.96,1.99,4.96,0.16,0.0,0.0,1027.0,8228.0,0.0,0.0,0.0,0.0,0.0,1.0,0.0,0.0,0.0,-0.015,0.0,-0.4,0.0,0.3,0.0,0.0642,16.0,25903.0
2026-07-30T18:58:37.986Z,87.469,87.474,0.0,7.4,0.0,0.0,0.0,0.0,0.0,0.0,0.0,0.0,1.0,0.0,0.0,0.0,9.0,4.0,0.0,0.0,0.0,0.0,0.0,0.0,0.0,0.0,4.0,12.0,1.0,12.15,5.0200000000000005,2.51,1.49,2.2,-1.0,0.1,3.9,0.0,-0.1,0.1,0.4,8.5,0.0,-39.0,255.9,0.0,21.700000000000003,34.5,34.5,35.4,300.0,300.0,30.4,34.2,33.1,32.7,34.300000000000004,4.95,1.99,4.97,0.16,0.0,0.0,1027.0,8228.0,0.0,0.0,0.0,0.0,0.0,1.0,0.0,0.0,0.0,-0.014,0.0,-0.2,0.0,-0.5,0.0,0.0613,16.0,25903.0
2026-07-30T18:58:37.991Z,87.474,87.486,0.0,7.4,0.0,0.0,0.0,0.0,0.0,0.0,0.0,0.0,1.0,0.0,0.0,0.0,9.0,4.0,0.0,0.0,0.0,0.0,0.0,0.0,0.0,0.0,4.0,12.0,1.0,12.15,5.0200000000000005,2.51,1.49,1.9,-1.6,0.1,3.9,0.0,0.4,0.1,0.0,16.2,0.0,-38.0,232.7,0.0,21.700000000000003,34.5,34.5,35.4,300.0,300.0,30.4,34.2,33.1,32.7,34.300000000000004,4.96,1.99,4.97,0.16,0.0,0.0,1027.0,8228.0,0.0,0.0,0.0,0.0,0.0,1.0,0.0,0.0,0.0,-0.013,0.0,0.1,0.0,0.0,0.0,0.0574,16.0,25903.0
2026-07-30T18:58:38.002Z,87.485,87.498,0.0,7.4,0.0,0.0,0.0,0.0,0.0,0.0,0.0,0.0,1.0,0.0,0.0,0.0,9.0,4.0,0.0,0.0,0.0,0.0,0.0,0.0,0.0,0.0,3.0,12.0,1.0,12.15,5.0200000000000005,2.51,1.49,1.4,-1.9,0.1,3.9,0.0,-0.1,-0.4,0.4,25.200000000000003,0.0,-38.0,209.8,0.0,21.700000000000003,34.5,34.5,35.4,300.0,300.0,30.4,34.2,33.1,32.7,34.300000000000004,4.96,2.0,4.97,0.16,0.0,0.0,1027.0,8228.0,0.0,0.0,0.0,0.0,0.0,1.0,0.0,0.0,0.0,-0.013,0.0,-0.4,0.0,-0.2,0.0,0.0535,16.0,25903.0
2026-07-30T18:58:38.015Z,87.498,87.51,0.0,7.4,0.0,0.0,0.0,0.0,0.0,0.0,0.0,0.0,1.0,0.0,0.0,0.0,9.0,4.0,0.0,0.0,0.0,0.0,0.0,0.0,0.0,0.0,4.0,12.0,1.0,12.15,5.0200000000000005,2.51,1.49,0.7000000000000001,-2.1,0.1,3.9,0.0,-0.7000000000000001,0.1,0.0,35.1,0.0,-37.0,187.7,0.0,21.700000000000003,34.5,34.5,35.4,300.0,300.0,30.4,34.2,33.1,32.7,34.300000000000004,4.95,1.99,4.97,0.16,0.0,0.0,1027.0,8228.0,0.0,0.0,0.0,0.0,0.0,1.0,0.0,0.0,0.0,-0.012,0.0,0.1,0.0,0.0,0.0,0.0527,16.0,25903.0
2026-07-30T18:58:38.026Z,87.509,87.522,0.0,7.4,0.0,0.0,0.0,0.0,0.0,0.0,0.0,0.0,1.0,0.0,0.0,0.0,9.0,4.0,0.0,0.0,0.0,0.0,0.0,0.0,0.0,0.0,4.0,12.0,1.0,12.18,5.0200000000000005,2.51,1.49,-0.1,-1.6,0.1,3.8,0.0,-0.1,-1.0,-1.2000000000000002,28.6,0.0,-37.0,165.4,0.0,21.3,34.5,34.5,35.4,300.0,300.0,30.3,34.2,33.1,32.6,34.300000000000004,4.95,1.99,4.97,0.16,0.0,0.0,1027.0,8228.0,0.0,0.0,0.0,0.0,0.0,1.0,0.0,0.0,0.0,-0.012,0.0,-2.1,0.0,0.7000000000000001,0.0,0.0509,16.0,25903.0
2026-07-30T18:58:38.038Z,87.521,87.534,0.0,7.4,0.0,0.0,0.0,0.0,0.0,0.0,0.0,0.0,1.0,0.0,0.0,0.0,9.0,4.0,0.0,0.0,0.0,0.0,0.0,0.0,0.0,0.0,6.0,12.0,1.0,12.18,5.0200000000000005,2.51,1.49,-0.8,-0.9,0.1,3.8,0.0,-0.1,-0.4,-0.1,15.3,0.0,-36.0,143.8,0.0,21.3,34.5,34.5,35.4,300.0,300.0,30.3,34.2,33.1,32.6,34.300000000000004,4.96,1.99,4.96,0.16,0.0,0.0,1027.0,8228.0,0.0,0.0,0.0,0.0,0.0,1.0,0.0,0.0,0.0,-0.012,0.0,-0.5,0.0,-0.2,0.0,0.0506,16.0,25903.0
2026-07-30T18:58:38.050Z,87.533,87.546,0.0,7.4,0.0,0.0,0.0,0.0,0.0,0.0,0.0,0.0,1.0,0.0,0.0,0.0,9.0,4.0,0.0,0.0,0.0,0.0,0.0,0.0,0.0,0.0,1.0,12.0,1.0,12.18,5.0200000000000005,2.51,1.49,-1.3,-0.4,0.0,3.8,0.0,0.4,0.7000000000000001,1.0,4.5,0.0,-36.0,123.4,0.0,21.3,34.5,34.5,35.4,300.0,300.0,30.3,34.2,33.1,32.6,34.300000000000004,4.96,1.99,4.96,0.16,0.0,0.0,1027.0,8228.0,0.0,0.0,0.0,0.0,0.0,1.0,0.0,0.0,0.0,-0.011,0.0,0.0,0.0,0.1,0.0,0.0495,16.0,25903.0
2026-07-30T18:58:38.062Z,87.545,87.558,0.0,7.4,0.0,0.0,0.0,0.0,0.0,0.0,0.0,0.0,1.0,0.0,0.0,0.0,9.0,4.0,0.0,0.0,0.0,0.0,0.0,0.0,0.0,0.0,2.0,12.0,1.0,12.18,5.0200000000000005,2.51,1.49,-1.4,0.1,0.0,3.8,0.0,-0.1,0.2,0.0,-4.1000000000000005,0.0,-35.0,104.3,0.0,21.3,34.5,34.5,35.4,300.0,300.0,30.3,34.2,33.1,32.6,34.300000000000004,4.95,2.0,4.96,0.16,0.0,0.0,1027.0,8228.0,0.0,0.0,0.0,0.0,0.0,1.0,0.0,0.0,0.0,-0.011,0.0,0.0,0.0,0.2,0.0,0.0472,16.0,25903.0
2026-07-30T18:58:38.074Z,87.557,87.57000000000001,0.0,7.4,0.0,0.0,0.0,0.0,0.0,0.0,0.0,0.0,1.0,0.0,0.0,0.0,9.0,4.0,0.0,0.0,0.0,0.0,0.0,0.0,0.0,0.0,3.0,12.0,1.0,12.18,5.0200000000000005,2.51,1.49,-1.4,0.6000000000000001,0.0,3.8,0.0,-0.7000000000000001,0.8,0.0,-10.7,0.0,-34.0,86.80000000000001,0.0,21.3,34.5,34.5,35.4,300.0,300.0,30.3,34.2,33.1,32.6,34.300000000000004,4.96,2.0,4.96,0.16,0.0,0.0,1027.0,8228.0,0.0,0.0,0.0,0.0,0.0,1.0,0.0,0.0,0.0,-0.01,0.0,-0.5,0.0,-1.4,0.0,0.0444,16.0,25903.0
2026-07-30T18:58:38.086Z,87.569,87.58200000000001,0.0,7.4,0.0,0.0,0.0,0.0,0.0,0.0,0.0,0.0,1.0,0.0,0.0,0.0,9.0,4.0,0.0,0.0,0.0,0.0,0.0,0.0,0.0,0.0,4.0,12.0,1.0,12.18,5.0200000000000005,2.51,1.49,-1.4,0.9,0.0,3.8,0.0,-0.1,-0.3,-1.2000000000000002,-15.6,0.0,-33.0,69.2,0.0,21.3,34.5,34.5,35.4,300.0,300.0,30.3,34.2,33.1,32.6,34.300000000000004,4.95,2.0,4.96,0.16,0.0,0.0,1027.0,8228.0,0.0,0.0,0.0,0.0,0.0,1.0,0.0,0.0,0.0,-0.009,0.0,0.1,0.0,-0.3,0.0,0.041,16.0,25903.0
2026-07-30T18:58:38.098Z,87.581,87.59400000000001,0.0,7.4,0.0,0.0,0.0,0.0,0.0,0.0,0.0,0.0,1.0,0.0,0.0,0.0,9.0,4.0,0.0,0.0,0.0,0.0,0.0,0.0,0.0,0.0,5.0,12.0,1.0,12.18,5.0200000000000005,2.51,1.49,-1.3,1.2000000000000002,0.0,3.8,0.0,-0.1,-0.3,-0.6000000000000001,-18.9,0.0,-33.0,52.5,0.0,21.3,34.5,34.5,35.4,300.0,300.0,30.3,34.2,33.1,32.6,34.300000000000004,4.95,1.99,4.97,0.16,0.0,0.0,1027.0,8228.0,0.0,0.0,0.0,0.0,0.0,1.0,0.0,0.0,0.0,-0.009,0.0,0.0,0.0,-1.0,0.0,0.0399,16.0,25903.0
2026-07-30T18:58:38.110Z,87.593,87.60600000000001,0.1,7.4,0.0,0.0,0.0,0.0,0.0,0.0,0.0,0.0,1.0,0.0,0.0,0.0,9.0,4.0,0.0,0.0,0.0,0.0,0.0,0.0,0.0,0.0,6.0,12.0,1.0,12.18,5.0200000000000005,2.51,1.49,-0.9,1.2000000000000002,0.0,3.7,0.0,0.4,0.7000000000000001,1.1,-20.8,0.0,-32.0,37.6,0.0,21.3,34.5,34.5,35.4,300.0,300.0,30.3,34.2,33.1,32.6,34.300000000000004,4.95,1.99,4.97,0.16,0.0,0.0,1027.0,8228.0,0.0,0.0,0.0,0.0,0.0,1.0,0.0,0.0,0.0,-0.008,0.0,-0.5,0.0,1.8,0.0,0.0386,16.0,25903.0
2026-07-30T18:58:38.123Z,87.606,87.618,0.1,7.4,0.0,0.0,0.0,0.0,0.0,0.0,0.0,0.0,1.0,0.0,0.0,0.0,9.0,4.0,0.0,0.0,0.0,0.0,0.0,0.0,0.0,0.0,1.0,12.0,1.0,12.22,5.01,2.51,1.49,-0.7000000000000001,1.2000000000000002,0.0,3.7,0.0,-0.1,-0.3,-0.6000000000000001,-21.5,0.0,-31.0,24.200000000000003,0.0,21.700000000000003,34.5,34.5,35.4,300.0,300.0,30.4,34.2,33.1,32.6,34.300000000000004,4.96,1.99,4.97,0.16,0.0,0.0,1027.0,8228.0,0.0,0.0,0.0,0.0,0.0,1.0,0.0,0.0,0.0,-0.007,0.0,0.4,0.0,-0.8,0.0,0.0351,16.0,25903.0
2026-07-30T18:58:38.134Z,87.617,87.63,0.1,7.4,0.0,0.0,0.0,0.0,0.0,0.0,0.0,0.0,1.0,0.0,0.0,0.0,9.0,4.0,0.0,0.0,0.0,0.0,0.0,0.0,0.0,0.0,2.0,12.0,1.0,12.22,5.01,2.51,1.49,-0.4,1.3,0.0,3.7,0.0,0.4,-0.9,0.0,-21.200000000000003,0.0,-30.0,10.6,0.0,21.700000000000003,34.5,34.5,35.4,300.0,300.0,30.4,34.2,33.1,32.6,34.300000000000004,4.95,1.99,4.96,0.16,0.0,0.0,1027.0,8228.0,0.0,0.0,0.0,0.0,0.0,1.0,0.0,0.0,0.0,-0.007,0.0,1.1,0.0,-0.2,0.0,0.0316,16.0,25903.0
2026-07-30T18:58:38.146Z,87.629,87.642,0.1,7.4,0.0,0.0,0.0,0.0,0.0,0.0,0.0,0.0,1.0,0.0,0.0,0.0,9.0,4.0,0.0,0.0,0.0,0.0,0.0,0.0,0.0,0.0,3.0,12.0,1.0,12.22,5.01,2.51,1.49,-0.1,1.1,0.0,3.6,0.0,-0.7000000000000001,0.7000000000000001,-0.6000000000000001,-19.9,0.0,-29.0,356.8,0.0,21.700000000000003,34.5,34.5,35.4,300.0,300.0,30.4,34.2,33.1,32.6,34.300000000000004,4.95,1.99,4.96,0.16,0.0,0.0,1027.0,8228.0,0.0,0.0,0.0,0.0,0.0,1.0,0.0,0.0,0.0,-0.007,0.0,-0.4,0.0,-0.6000000000000001,0.0,0.0309,16.0,25903.0
2026-07-30T18:58:38.158Z,87.641,87.654,0.0,7.4,0.0,0.0,0.0,0.0,0.0,0.0,0.0,0.0,1.0,0.0,0.0,0.0,9.0,4.0,0.0,0.0,0.0,0.0,0.0,0.0,0.0,0.0,5.0,12.0,1.0,12.22,5.01,2.51,1.49,0.0,0.9,0.0,3.6,0.0,0.4,0.2,-0.6000000000000001,-17.8,0.0,-28.0,344.0,0.0,21.700000000000003,34.5,34.5,35.4,300.0,300.0,30.4,34.2,33.1,32.6,34.300000000000004,4.96,2.0,4.96,0.16,0.0,0.0,1027.0,8228.0,0.0,0.0,0.0,0.0,0.0,1.0,0.0,0.0,0.0,-0.007,0.0,0.3,0.0,-0.6000000000000001,0.0,0.0313,16.0,25903.0
2026-07-30T18:58:38.170Z,87.653,87.666,0.0,7.4,0.0,0.0,0.0,0.0,0.0,0.0,0.0,0.0,1.0,0.0,0.0,0.0,9.0,4.0,0.0,0.0,0.0,0.0,0.0,0.0,0.0,0.0,6.0,12.0,1.0,12.22,5.01,2.51,1.49,0.2,0.8,0.0,3.6,0.0,0.4,0.1,1.6,-14.9,0.0,-27.0,332.1,0.0,21.700000000000003,34.5,34.5,35.4,300.0,300.0,30.4,34.2,33.1,32.6,34.300000000000004,4.95,2.0,4.96,0.16,0.0,0.0,1027.0,8228.0,0.0,0.0,0.0,0.0,0.0,1.0,0.0,0.0,0.0,-0.006,0.0,-1.7000000000000002,0.0,0.8,0.0,0.0297,16.0,25903.0
2026-07-30T18:58:38.183Z,87.666,87.678,0.0,7.4,0.0,0.0,0.0,0.0,0.0,0.0,0.0,0.0,1.0,0.0,0.0,0.0,9.0,4.0,0.0,0.0,0.0,0.0,0.0,0.0,0.0,0.0,1.0,12.0,1.0,12.22,5.01,2.51,1.49,0.4,0.5,0.0,3.6,0.0,-0.1,-1.0,-0.7000000000000001,-11.3,0.0,-27.0,320.40000000000003,0.0,21.700000000000003,34.5,34.5,35.4,300.0,300.0,30.4,34.2,33.1,32.6,34.300000000000004,4.95,1.99,4.97,0.16,0.0,0.0,1027.0,8228.0,0.0,0.0,0.0,0.0,0.0,1.0,0.0,0.0,0.0,-0.006,0.0,1.6,0.0,0.4,0.0,0.0278,16.0,25903.0
2026-07-30T18:58:38.195Z,87.678,87.69,0.0,7.4,0.0,0.0,0.0,0.0,0.0,0.0,0.0,0.0,1.0,0.0,0.0,0.0,9.0,4.0,0.0,0.0,0.0,0.0,0.0,0.0,0.0,0.0,2.0,12.0,1.0,12.22,5.01,2.51,1.49,0.5,0.3,0.0,3.6,0.0,0.9,0.7000000000000001,1.0,-7.2,0.0,-26.0,309.6,0.0,21.700000000000003,34.5,34.5,35.4,300.0,300.0,30.4,34.2,33.1,32.6,34.300000000000004,4.95,2.0,4.96,0.16,0.0,0.0,1027.0,8228.0,0.0,0.0,0.0,0.0,0.0,1.0,0.0,0.0,0.0,-0.006,0.0,-1.6,0.0,-0.4,0.0,0.0268,16.0,25903.0
2026-07-30T18:58:38.206Z,87.689,87.702,0.0,7.4,0.0,0.0,0.0,0.0,0.0,0.0,0.0,0.0,1.0,0.0,0.0,0.0,9.0,4.0,0.0,0.0,0.0,0.0,0.0,0.0,0.0,0.0,3.0,12.0,1.0,12.22,5.01,2.51,1.49,0.5,0.2,0.0,3.5,0.0,-0.1,-0.4,-1.3,-2.7,0.0,-25.0,300.1,0.0,21.700000000000003,34.5,34.5,35.4,300.0,300.0,30.4,34.2,33.1,32.6,34.300000000000004,4.95,1.99,4.96,0.16,0.0,0.0,1027.0,8228.0,0.0,0.0,0.0,0.0,0.0,1.0,0.0,0.0,0.0,-0.005,0.0,1.8,0.0,0.4,0.0,0.0252,16.0,25903.0
2026-07-30T18:58:38.218Z,87.701,87.714,0.0,7.4,0.0,0.0,0.0,0.0,0.0,0.0,0.0,0.0,1.0,0.0,0.0,0.0,9.0,4.0,0.0,0.0,0.0,0.0,0.0,0.0,0.0,0.0,5.0,12.0,1.0,12.22,5.01,2.51,1.49,0.4,0.1,0.0,3.6,0.0,0.3,-0.4,0.9,2.1,0.0,-24.0,292.8,0.0,21.700000000000003,34.5,34.5,35.4,300.0,300.0,30.4,34.2,33.1,32.6,34.300000000000004,4.95,1.99,4.97,0.16,0.0,0.0,1027.0,8228.0,0.0,0.0,0.0,0.0,0.0,1.0,0.0,0.0,0.0,-0.004,0.0,-0.9,0.0,0.3,0.0,0.0226,16.0,25903.0
2026-07-30T18:58:38.230Z,87.713,87.726,0.0,7.4,0.0,0.0,0.0,0.0,0.0,0.0,0.0,0.0,1.0,0.0,0.0,0.0,9.0,4.0,0.0,0.0,0.0,0.0,0.0,0.0,0.0,0.0,6.0,12.0,1.0,12.17,5.01,2.5,1.49,0.3,0.0,0.0,3.5,0.0,0.4,-1.0,-0.7000000000000001,7.0,0.0,-23.0,287.1,0.0,21.4,34.5,34.4,35.4,300.0,300.0,30.200000000000003,34.300000000000004,33.1,32.6,34.300000000000004,4.96,1.99,4.97,0.16,0.0,0.0,1027.0,8228.0,0.0,0.0,0.0,0.0,0.0,1.0,0.0,0.0,0.0,-0.003,0.0,1.1,0.0,1.3,0.0,0.0184,16.0,25903.0
2026-07-30T18:58:38.242Z,87.725,87.738,0.0,7.4,0.0,0.0,0.0,0.0,0.0,0.0,0.0,0.0,1.0,0.0,0.0,0.0,9.0,4.0,0.0,0.0,0.0,0.0,0.0,0.0,0.0,0.0,1.0,12.0,1.0,12.17,5.01,2.5,1.49,0.3,0.0,0.0,3.5,0.0,-0.7000000000000001,0.7000000000000001,-0.7000000000000001,12.0,0.0,-21.0,282.7,0.0,21.4,34.5,34.4,35.4,300.0,300.0,30.200000000000003,34.300000000000004,33.1,32.6,34.300000000000004,4.96,2.0,4.96,0.16,0.0,0.0,1027.0,8228.0,0.0,0.0,0.0,0.0,0.0,1.0,0.0,0.0,0.0,-0.002,0.0,0.6000000000000001,0.0,-0.5,0.0,0.0144,16.0,25903.0
2026-07-30T18:58:38.254Z,87.737,87.75,0.0,7.4,0.0,0.0,0.0,0.0,0.0,0.0,0.0,0.0,1.0,0.0,0.0,0.0,9.0,4.0,0.0,0.0,0.0,0.0,0.0,0.0,0.0,0.0,2.0,12.0,1.0,12.17,5.01,2.5,1.49,0.2,0.0,0.0,3.5,0.0,0.9,0.7000000000000001,0.4,16.900000000000002,0.0,-20.0,278.7,0.0,21.4,34.5,34.4,35.4,300.0,300.0,30.200000000000003,34.300000000000004,33.1,32.6,34.300000000000004,4.95,1.99,4.96,0.16,0.0,0.0,1027.0,8228.0,0.0,0.0,0.0,0.0,0.0,1.0,0.0,0.0,0.0,-0.002,0.0,-0.6000000000000001,0.0,-1.0,0.0,0.0111,16.0,25903.0
2026-07-30T18:58:38.266Z,87.749,87.762,0.0,7.4,0.0,0.0,0.0,0.0,0.0,0.0,0.0,0.0,1.0,0.0,0.0,0.0,9.0,4.0,0.0,0.0,0.0,0.0,0.0,0.0,0.0,0.0,3.0,12.0,1.0,12.17,5.01,2.5,1.49,0.4,0.0,0.0,3.5,0.0,0.9,0.7000000000000001,-0.7000000000000001,21.700000000000003,0.0,-19.0,274.0,0.0,21.4,34.5,34.4,35.4,300.0,300.0,30.200000000000003,34.300000000000004,33.1,32.6,34.300000000000004,4.95,1.99,4.97,0.16,0.0,0.0,1027.0,8228.0,0.0,0.0,0.0,0.0,0.0,1.0,0.0,0.0,0.0,-0.002,0.0,0.6000000000000001,0.0,-0.4,0.0,0.0094,16.0,25903.0
2026-07-30T18:58:38.278Z,87.761,87.774,0.0,7.4,0.0,0.0,0.0,0.0,0.0,0.0,0.0,0.0,1.0,0.0,0.0,0.0,9.0,4.0,0.0,0.0,0.0,0.0,0.0,0.0,0.0,0.0,4.0,12.0,1.0,12.17,5.01,2.5,1.49,0.7000000000000001,-0.2,0.0,3.5,0.0,-0.7000000000000001,-0.4,0.0,26.700000000000003,0.0,-18.0,267.0,0.0,21.4,34.5,34.4,35.4,300.0,300.0,30.200000000000003,34.300000000000004,33.1,32.6,34.300000000000004,4.96,1.99,4.96,0.16,0.0,0.0,1027.0,8228.0,0.0,0.0,0.0,0.0,0.0,1.0,0.0,0.0,0.0,-0.003,0.0,0.0,0.0,0.5,0.0,0.01,16.0,25903.0
2026-07-30T18:58:38.290Z,87.773,87.786,0.0,7.4,0.0,0.0,0.0,0.0,0.0,0.0,0.0,0.0,1.0,0.0,0.0,0.0,9.0,4.0,0.0,0.0,0.0,0.0,0.0,0.0,0.0,0.0,5.0,12.0,1.0,12.17,5.01,2.5,1.49,1.0,-0.4,0.0,3.4000000000000004,0.0,0.3,0.7000000000000001,0.0,31.9,0.0,-18.0,256.8,0.0,21.4,34.5,34.4,35.4,300.0,300.0,30.200000000000003,34.300000000000004,33.1,32.6,34.300000000000004,4.96,1.99,4.97,0.16,0.0,0.0,1027.0,8228.0,0.0,0.0,0.0,0.0,0.0,1.0,0.0,0.0,0.0,-0.005,0.0,0.2,0.0,-0.8,0.0,0.0141,16.0,25903.0
2026-07-30T18:58:38.311Z,87.794,87.798,0.0,7.4,0.0,0.0,0.0,0.0,0.0,0.0,0.0,0.0,1.0,0.0,0.0,0.0,9.0,4.0,0.0,0.0,0.0,0.0,0.0,0.0,0.0,0.0,4.0,12.0,1.0,12.17,5.01,2.5,1.49,1.3,-0.8,0.0,3.4000000000000004,0.0,-0.2,0.2,0.5,37.6,0.0,-18.0,243.1,0.0,21.4,34.5,34.4,35.4,300.0,300.0,30.200000000000003,34.300000000000004,33.1,32.6,34.300000000000004,4.95,1.99,4.97,0.16,0.0,0.0,1027.0,8228.0,0.0,0.0,0.0,0.0,0.0,1.0,0.0,0.0,0.0,-0.007,0.0,-0.2,0.0,-0.7000000000000001,0.0,0.0206,16.0,25903.0
2026-07-30T18:58:38.314Z,87.797,87.81,0.0,7.4,0.0,0.0,0.0,0.0,0.0,0.0,0.0,0.0,1.0,0.0,0.0,0.0,9.0,4.0,0.0,0.0,0.0,0.0,0.0,0.0,0.0,0.0,1.0,12.0,1.0,12.17,5.01,2.5,1.49,1.2000000000000002,-1.2000000000000002,0.0,3.4000000000000004,0.0,-0.1,-0.9,-0.5,43.900000000000006,0.0,-18.0,226.6,0.0,21.4,34.5,34.4,35.4,300.0,300.0,30.200000000000003,34.300000000000004,33.1,32.6,34.300000000000004,4.96,1.99,4.96,0.16,0.0,0.0,1027.0,8228.0,0.0,0.0,0.0,0.0,0.0,1.0,0.0,0.0,0.0,-0.008,0.0,-0.5,0.0,1.4,0.0,0.0282,16.0,25903.0
2026-07-30T18:58:38.327Z,87.81,87.822,-0.1,7.4,0.0,0.0,0.0,0.0,0.0,0.0,0.0,0.0,1.0,0.0,0.0,0.0,9.0,4.0,0.0,0.0,0.0,0.0,0.0,0.0,0.0,0.0,2.0,12.0,1.0,12.13,5.01,2.51,1.5,1.0,-1.4,0.0,3.4000000000000004,0.0,0.3,0.1,-0.6000000000000001,51.1,0.0,-18.0,209.2,0.0,21.700000000000003,34.5,34.4,35.4,300.0,300.0,30.200000000000003,34.300000000000004,33.1,32.6,34.300000000000004,4.95,1.99,4.96,0.16,0.0,0.0,1027.0,8228.0,0.0,0.0,0.0,0.0,0.0,1.0,0.0,0.0,0.0,-0.009,0.0,0.1,0.0,0.6000000000000001,0.0,0.0351,16.0,25903.0
2026-07-30T18:58:38.338Z,87.821,87.834,-0.1,7.4,0.0,0.0,0.0,0.0,0.0,0.0,0.0,0.0,1.0,0.0,0.0,0.0,9.0,4.0,0.0,0.0,0.0,0.0,0.0,0.0,0.0,0.0,3.0,12.0,1.0,12.13,5.01,2.51,1.5,0.7000000000000001,-1.7000000000000002,0.0,3.4000000000000004,0.0,-0.8,-0.4,-0.6000000000000001,59.0,0.0,-19.0,190.7,0.0,21.700000000000003,34.5,34.4,35.4,300.0,300.0,30.200000000000003,34.300000000000004,33.1,32.6,34.300000000000004,4.95,1.99,4.96,0.16,0.0,0.0,1027.0,8228.0,0.0,0.0,0.0,0.0,0.0,1.0,0.0,0.0,0.0,-0.01,0.0,-0.6000000000000001,0.0,0.7000000000000001,0.0,0.0386,16.0,25903.0
2026-07-30T18:58:38.350Z,87.833,87.846,-0.1,7.4,0.0,0.0,0.0,0.0,0.0,0.0,0.0,0.0,1.0,0.0,0.0,0.0,9.0,4.0,0.0,0.0,0.0,0.0,0.0,0.0,0.0,0.0,4.0,12.0,1.0,12.13,5.01,2.51,1.5,0.1,-1.7000000000000002,0.0,3.3000000000000003,0.0,-0.2,0.7000000000000001,1.7000000000000002,55.0,0.0,-20.0,170.20000000000002,0.0,21.700000000000003,34.5,34.4,35.4,300.0,300.0,30.200000000000003,34.300000000000004,33.1,32.6,34.300000000000004,4.95,1.99,4.96,0.16,0.0,0.0,1027.0,8228.0,0.0,0.0,0.0,0.0,0.0,1.0,0.0,0.0,0.0,-0.011,0.0,2.1,0.0,-1.3,0.0,0.041,16.0,25903.0
2026-07-30T18:58:38.362Z,87.845,87.858,0.0,7.4,0.0,0.0,0.0,0.0,0.0,0.0,0.0,0.0,1.0,0.0,0.0,0.0,9.0,4.0,0.0,0.0,0.0,0.0,0.0,0.0,0.0,0.0,5.0,12.0,1.0,12.13,5.01,2.51,1.5,-0.5,-1.4,0.0,3.3000000000000003,0.0,-1.4,-0.9,-1.1,39.400000000000006,0.0,-20.0,149.1,0.0,21.700000000000003,34.5,34.4,35.4,300.0,300.0,30.200000000000003,34.300000000000004,33.1,32.6,34.300000000000004,4.96,1.99,4.96,0.16,0.0,0.0,1027.0,8228.0,0.0,0.0,0.0,0.0,0.0,1.0,0.0,0.0,0.0,-0.011,0.0,-2.1,0.0,0.0,0.0,0.0449,16.0,25903.0
2026-07-30T18:58:38.374Z,87.857,87.87,0.0,7.4,0.0,0.0,0.0,0.0,0.0,0.0,0.0,0.0,1.0,0.0,0.0,0.0,9.0,4.0,0.0,0.0,0.0,0.0,0.0,0.0,0.0,0.0,6.0,12.0,1.0,12.13,5.01,2.51,1.5,-1.4,-0.7000000000000001,0.0,3.3000000000000003,0.0,0.9,1.3,1.6,26.6,0.0,-21.0,126.6,0.0,21.700000000000003,34.5,34.4,35.4,300.0,300.0,30.200000000000003,34.300000000000004,33.1,32.6,34.300000000000004,4.95,1.99,4.97,0.16,0.0,0.0,1027.0,8228.0,0.0,0.0,0.0,0.0,0.0,1.0,0.0,0.0,0.0,-0.012,0.0,2.8000000000000003,0.0,1.0,0.0,0.0473,16.0,25903.0
2026-07-30T18:58:38.386Z,87.869,87.882,0.0,7.4,0.0,0.0,0.0,0.0,0.0,0.0,0.0,0.0,1.0,0.0,0.0,0.0,9.0,4.0,0.0,0.0,0.0,0.0,0.0,0.0,0.0,0.0,1.0,12.0,1.0,12.13,5.01,2.51,1.5,-2.1,0.3,0.0,3.3000000000000003,0.0,-0.2,0.7000000000000001,1.6,16.400000000000002,0.0,-22.0,101.8,0.0,21.700000000000003,34.5,34.4,35.4,300.0,300.0,30.200000000000003,34.300000000000004,33.1,32.6,34.300000000000004,4.95,1.99,4.96,0.16,0.0,0.0,1027.0,8228.0,0.0,0.0,0.0,0.0,0.0,1.0,0.0,0.0,0.0,-0.013,0.0,2.0,0.0,1.4,0.0,0.0498,16.0,25903.0
2026-07-30T18:58:38.398Z,87.881,87.894,0.0,7.4,0.0,0.0,0.0,0.0,0.0,0.0,0.0,0.0,1.0,0.0,0.0,0.0,9.0,4.0,0.0,0.0,0.0,0.0,0.0,0.0,0.0,0.0,2.0,12.0,1.0,12.13,5.01,2.51,1.5,-2.3000000000000003,1.2000000000000002,0.1,3.2,0.0,-0.2,-0.3,1.1,8.700000000000001,0.0,-23.0,76.0,0.0,21.700000000000003,34.5,34.4,35.4,300.0,300.0,30.200000000000003,34.300000000000004,33.1,32.6,34.300000000000004,4.96,1.99,4.96,0.16,0.0,0.0,1027.0,8228.0,0.0,0.0,0.0,0.0,0.0,1.0,0.0,0.0,0.0,-0.014,0.0,1.0,0.0,0.4,0.0,0.0546,16.0,25903.0
2026-07-30T18:58:38.410Z,87.893,87.906,0.0,7.4,0.0,0.0,0.0,0.0,0.0,0.0,0.0,0.0,1.0,0.0,0.0,0.0,9.0,4.0,0.0,0.0,0.0,0.0,0.0,0.0,0.0,0.0,3.0,12.0,1.0,12.13,5.01,2.51,1.5,-2.2,2.1,0.1,3.3000000000000003,0.0,-0.7000000000000001,-0.3,0.0,3.6,0.0,-24.0,49.2,0.0,21.700000000000003,34.5,34.4,35.4,300.0,300.0,30.200000000000003,34.300000000000004,33.1,32.6,34.300000000000004,4.95,1.99,4.96,0.16,0.0,0.0,1027.0,8228.0,0.0,0.0,0.0,0.0,0.0,1.0,0.0,0.0,0.0,-0.014,0.0,0.2,0.0,-0.3,0.0,0.0576,16.0,25903.0
2026-07-30T18:58:38.422Z,87.905,87.918,0.0,7.4,0.0,0.0,0.0,0.0,0.0,0.0,0.0,0.0,1.0,0.0,0.0,0.0,9.0,4.0,0.0,0.0,0.0,0.0,0.0,0.0,0.0,0.0,5.0,12.0,1.0,12.13,5.01,2.51,1.5,-1.4,2.6,0.1,3.2,0.0,0.9,-0.3,0.0,0.7000000000000001,0.0,-25.0,21.9,0.0,21.700000000000003,34.5,34.4,35.4,300.0,300.0,30.200000000000003,34.300000000000004,33.1,32.6,34.300000000000004,4.95,1.99,4.97,0.16,0.0,0.0,1027.0,8228.0,0.0,0.0,0.0,0.0,0.0,1.0,0.0,0.0,0.0,-0.015,0.0,0.4,0.0,-0.1,0.0,0.0599,16.0,25903.0
2026-07-30T18:58:38.435Z,87.918,87.93,0.0,7.4,0.0,0.0,0.0,0.0,0.0,0.0,0.0,0.0,1.0,0.0,0.0,0.0,9.0,4.0,0.0,0.0,0.0,0.0,0.0,0.0,0.0,0.0,5.0,12.0,1.0,12.17,5.0200000000000005,2.51,1.49,-0.3,2.6,0.1,3.2,0.0,-0.2,0.1,0.5,0.2,0.0,-26.0,352.8,0.0,21.3,34.4,34.4,35.4,300.0,300.0,30.3,34.300000000000004,33.0,32.6,34.2,4.95,1.99,4.96,0.16,0.0,0.0,1027.0,8228.0,0.0,0.0,0.0,0.0,0.0,1.0,0.0,0.0,0.0,-0.016,0.0,-0.6000000000000001,0.0,0.4,0.0,0.0613,16.0,25903.0
2026-07-30T18:58:38.446Z,87.929,87.94200000000001,0.0,7.4,0.0,0.0,0.0,0.0,0.0,0.0,0.0,0.0,1.0,0.0,0.0,0.0,9.0,4.0,0.0,0.0,0.0,0.0,0.0,0.0,0.0,0.0,6.0,12.0,1.0,12.17,5.0200000000000005,2.51,1.49,1.2000000000000002,1.6,0.1,3.2,0.0,-0.1,0.2,-0.6000000000000001,1.8,0.0,-27.0,322.20000000000005,0.0,21.3,34.4,34.4,35.4,300.0,300.0,30.3,34.300000000000004,33.0,32.6,34.2,4.96,1.99,4.96,0.16,0.0,0.0,1027.0,8228.0,0.0,0.0,0.0,0.0,0.0,1.0,0.0,0.0,0.0,-0.017,0.0,0.4,0.0,-0.4,0.0,0.0646,16.0,25903.0
2026-07-30T18:58:38.458Z,87.941,87.95400000000001,0.0,7.4,0.0,0.0,0.0,0.0,0.0,0.0,0.0,0.0,1.0,0.0,0.0,0.0,9.0,4.0,0.0,0.0,0.0,0.0,0.0,0.0,0.0,0.0,1.0,12.0,1.0,12.17,5.0200000000000005,2.51,1.49,2.6,0.2,0.1,3.2,0.0,-0.7000000000000001,-0.9,-2.3000000000000003,5.7,0.0,-28.0,287.2,0.0,21.3,34.4,34.4,35.4,300.0,300.0,30.3,34.300000000000004,33.0,32.6,34.2,4.95,1.99,4.97,0.16,0.0,0.0,1027.0,8228.0,0.0,0.0,0.0,0.0,0.0,1.0,0.0,0.0,0.0,-0.019,0.0,2.9000000000000004,0.0,1.6,0.0,0.068,16.0,25903.0
2026-07-30T18:58:38.470Z,87.953,87.96600000000001,0.0,7.4,0.0,0.0,0.0,0.0,0.0,0.0,0.0,0.0,1.0,0.0,0.0,0.0,9.0,4.0,0.0,0.0,0.0,0.0,0.0,0.0,0.0,0.0,2.0,12.0,1.0,12.17,5.0200000000000005,2.51,1.49,3.2,-1.7000000000000002,0.1,3.2,0.0,0.4,1.3,0.0,12.0,0.0,-30.0,250.5,0.0,21.3,34.4,34.4,35.4,300.0,300.0,30.3,34.300000000000004,33.0,32.6,34.2,4.96,1.99,4.96,0.16,0.0,0.0,1027.0,8228.0,0.0,0.0,0.0,0.0,0.0,1.0,0.0,0.0,0.0,-0.02,0.0,0.5,0.0,-1.4,0.0,0.076,16.0,25903.0
2026-07-30T18:58:38.482Z,87.965,87.97800000000001,0.0,7.4,0.0,0.0,0.0,0.0,0.0,0.0,0.0,0.0,1.0,0.0,0.0,0.0,9.0,4.0,0.0,0.0,0.0,0.0,0.0,0.0,0.0,0.0,3.0,12.0,1.0,12.17,5.0200000000000005,2.51,1.49,2.5,-3.1,0.1,3.1,0.0,0.4,0.1,0.5,20.5,0.0,-31.0,213.0,0.0,21.3,34.4,34.4,35.4,300.0,300.0,30.3,34.300000000000004,33.0,32.6,34.2,4.96,2.0,4.96,0.16,0.0,0.0,1027.0,8228.0,0.0,0.0,0.0,0.0,0.0,1.0,0.0,0.0,0.0,-0.021,0.0,0.1,0.0,-0.7000000000000001,0.0,0.0825,16.0,25903.0
2026-07-30T18:58:38.494Z,87.977,87.99,0.0,7.4,0.0,0.0,0.0,0.0,0.0,0.0,0.0,0.0,1.0,0.0,0.0,0.0,9.0,4.0,0.0,0.0,0.0,0.0,0.0,0.0,0.0,0.0,3.0,12.0,1.0,12.17,5.0200000000000005,2.51,1.49,0.6000000000000001,-3.3000000000000003,0.1,3.1,0.0,-0.7000000000000001,0.1,0.0,29.700000000000003,0.0,-33.0,178.20000000000002,0.0,21.3,34.4,34.4,35.4,300.0,300.0,30.3,34.300000000000004,33.0,32.6,34.2,4.96,1.99,4.96,0.16,0.0,0.0,1027.0,8228.0,0.0,0.0,0.0,0.0,0.0,1.0,0.0,0.0,0.0,-0.02,0.0,0.1,0.0,0.0,0.0,0.0845,16.0,25903.0
2026-07-30T18:58:38.506Z,87.989,88.002,0.0,7.4,0.0,0.0,0.0,0.0,0.0,0.0,0.0,0.0,1.0,0.0,0.0,0.0,9.0,4.0,0.0,0.0,0.0,0.0,0.0,0.0,0.0,0.0,5.0,12.0,1.0,12.17,5.0200000000000005,2.51,1.49,-1.6,-1.9,0.1,3.3000000000000003,0.0,0.4,-0.4,-0.6000000000000001,15.9,0.0,-34.0,140.9,0.0,21.3,34.4,34.4,35.4,300.0,300.0,30.3,34.300000000000004,33.0,32.6,34.2,4.95,1.99,4.97,0.16,0.0,0.0,1027.0,8228.0,0.0,0.0,0.0,0.0,0.0,1.0,0.0,0.0,0.0,-0.02,0.0,-1.0,0.0,0.0,0.0,0.0806,16.0,25903.0
2026-07-30T18:58:38.518Z,88.001,88.014,0.0,7.4,0.0,0.0,0.0,0.0,0.0,0.0,0.0,0.0,1.0,0.0,0.0,0.0,9.0,4.0,0.0,0.0,0.0,0.0,0.0,0.0,0.0,0.0,6.0,12.0,1.0,12.17,5.0200000000000005,2.51,1.49,-3.5,0.6000000000000001,0.1,3.3000000000000003,0.0,-0.1,-0.4,-0.7000000000000001,6.1000000000000005,0.0,-36.0,98.3,0.0,21.3,34.4,34.4,35.4,300.0,300.0,30.3,34.300000000000004,33.0,32.6,34.2,4.96,1.99,4.96,0.16,0.0,0.0,1027.0,8228.0,0.0,0.0,0.0,0.0,0.0,1.0,0.0,0.0,0.0,-0.023,0.0,-1.5,0.0,-1.7000000000000002,0.0,0.0827,16.0,25903.0
2026-07-30T18:58:38.531Z,88.014,88.026,0.0,7.4,0.0,0.0,0.0,0.0,0.0,0.0,0.0,0.0,1.0,0.0,0.0,0.0,9.0,4.0,0.0,0.0,0.0,0.0,0.0,0.0,0.0,0.0,2.0,12.0,1.0,12.19,5.01,2.51,1.5,-3.6,3.1,0.1,3.5,0.0,0.4,1.3,-0.1,0.2,0.0,-37.0,54.1,0.0,21.700000000000003,34.4,34.4,35.300000000000004,300.0,300.0,30.3,34.2,33.0,32.6,34.2,4.96,1.99,4.97,0.16,0.0,0.0,1027.0,8228.0,0.0,0.0,0.0,0.0,0.0,1.0,0.0,0.0,0.0,-0.024,0.0,-0.9,0.0,1.0,0.0,0.0929,16.0,25903.0
2026-07-30T18:58:38.542Z,88.025,88.038,0.0,7.4,0.0,0.0,0.0,0.0,0.0,0.0,0.0,0.0,1.0,0.0,0.0,0.0,9.0,4.0,0.0,0.0,0.0,0.0,0.0,0.0,0.0,0.0,2.0,12.0,1.0,12.19,5.01,2.51,1.5,-1.7000000000000002,4.0,0.1,3.6,0.0,-0.1,-0.4,1.0,-2.2,0.0,-39.0,12.4,0.0,21.700000000000003,34.4,34.4,35.300000000000004,300.0,300.0,30.3,34.2,33.0,32.6,34.2,4.95,1.99,4.97,0.16,0.0,0.0,1027.0,8228.0,0.0,0.0,0.0,0.0,0.0,1.0,0.0,0.0,0.0,-0.024,0.0,0.1,0.0,1.0,0.0,0.0989,16.0,25903.0
2026-07-30T18:58:38.554Z,88.037,88.05,0.0,7.4,0.0,0.0,0.0,0.0,0.0,0.0,0.0,0.0,1.0,0.0,0.0,0.0,9.0,4.0,0.0,0.0,0.0,0.0,0.0,0.0,0.0,0.0,3.0,12.0,1.0,12.19,5.01,2.51,1.5,1.2000000000000002,2.8000000000000003,0.1,3.7,0.0,0.4,-0.9,-0.6000000000000001,-1.5,0.0,-40.0,331.90000000000003,0.0,21.700000000000003,34.4,34.4,35.300000000000004,300.0,300.0,30.3,34.2,33.0,32.6,34.2,4.96,1.99,4.97,0.16,0.0,0.0,1027.0,8228.0,0.0,0.0,0.0,0.0,0.0,1.0,0.0,0.0,0.0,-0.023,0.0,1.6,0.0,0.1,0.0,0.0963,16.0,25903.0
2026-07-30T18:58:38.566Z,88.049,88.062,0.0,7.4,0.0,0.0,0.0,0.0,0.0,0.0,0.0,0.0,1.0,0.0,0.0,0.0,9.0,4.0,0.0,0.0,0.0,0.0,0.0,0.0,0.0,0.0,5.0,12.0,1.0,12.19,5.01,2.51,1.5,3.7,-0.2,0.1,3.8,0.0,0.4,-0.4,-1.2000000000000002,2.5,0.0,-42.0,283.2,0.0,21.700000000000003,34.4,34.4,35.300000000000004,300.0,300.0,30.3,34.2,33.0,32.6,34.2,4.96,1.99,4.96,0.16,0.0,0.0,1027.0,8228.0,0.0,0.0,0.0,0.0,0.0,1.0,0.0,0.0,0.0,-0.026,0.0,1.0,0.0,1.3,0.0,0.0924,16.0,25903.0
2026-07-30T18:58:38.579Z,88.062,88.074,0.0,7.4,0.0,0.0,0.0,0.0,0.0,0.0,0.0,0.0,1.0,0.0,0.0,0.0,9.0,4.0,0.0,0.0,0.0,0.0,0.0,0.0,0.0,0.0,5.0,12.0,1.0,12.19,5.01,2.51,1.5,4.1000000000000005,-3.4000000000000004,0.2,4.0,0.0,0.4,0.1,0.0,9.9,0.0,-44.0,229.6,0.0,21.700000000000003,34.4,34.4,35.300000000000004,300.0,300.0,30.3,34.2,33.0,32.6,34.2,4.96,1.99,4.97,0.16,0.0,0.0,1027.0,8228.0,0.0,0.0,0.0,0.0,0.0,1.0,0.0,0.0,0.0,-0.029,0.0,-0.5,0.0,-0.1,0.0,0.1049,16.0,25903.0
2026-07-30T18:58:38.590Z,88.073,88.086,0.0,7.4,0.0,0.0,0.0,0.0,0.0,0.0,0.0,0.0,1.0,0.0,0.0,0.0,9.0,4.0,0.0,0.0,0.0,0.0,0.0,0.0,0.0,0.0,1.0,12.0,1.0,12.19,5.01,2.51,1.5,1.4,-4.3,0.2,4.2,0.0,-0.1,1.3,-0.6000000000000001,20.5,0.0,-46.0,180.8,0.0,21.700000000000003,34.4,34.4,35.300000000000004,300.0,300.0,30.3,34.2,33.0,32.6,34.2,4.95,2.0,4.97,0.16,0.0,0.0,1027.0,8228.0,0.0,0.0,0.0,0.0,0.0,1.0,0.0,0.0,0.0,-0.028,0.0,-0.5,0.0,0.0,0.0,0.1173,16.0,25903.0
2026-07-30T18:58:38.602Z,88.085,88.098,0.0,7.4,0.0,0.0,0.0,0.0,0.0,0.0,0.0,0.0,1.0,0.0,0.0,0.0,9.0,4.0,0.0,0.0,0.0,0.0,0.0,0.0,0.0,0.0,2.0,12.0,1.0,12.19,5.01,2.51,1.5,-2.2,-2.2,0.1,4.1000000000000005,0.0,0.3,-0.4,0.4,8.1,0.0,-47.0,137.9,0.0,21.700000000000003,34.4,34.4,35.300000000000004,300.0,300.0,30.3,34.2,33.0,32.6,34.2,4.95,2.0,4.96,0.16,0.0,0.0,1027.0,8228.0,0.0,0.0,0.0,0.0,0.0,1.0,0.0,0.0,0.0,-0.025,0.0,0.2,0.0,-1.1,0.0,0.114,16.0,25903.0
2026-07-30T18:58:38.626Z,88.109,88.11,0.0,7.4,0.0,0.0,0.0,0.0,0.0,0.0,0.0,0.0,1.0,0.0,0.0,0.0,9.0,4.0,0.0,0.0,0.0,0.0,0.0,0.0,0.0,0.0,3.0,12.0,1.0,12.19,5.01,2.51,1.5,-4.5,1.5,0.1,4.2,0.0,0.3,-1.0,-0.7000000000000001,-0.7000000000000001,0.0,-48.0,90.2,0.0,21.700000000000003,34.4,34.4,35.300000000000004,300.0,300.0,30.3,34.2,33.0,32.6,34.2,4.95,1.99,4.97,0.16,0.0,0.0,1027.0,8228.0,0.0,0.0,0.0,0.0,0.0,1.0,0.0,0.0,0.0,-0.026,0.0,-0.7000000000000001,0.0,-1.6,0.0,0.1014,16.0,25903.0
2026-07-30T18:58:38.630Z,88.113,88.122,0.0,7.4,0.0,0.0,0.0,0.0,0.0,0.0,0.0,0.0,1.0,0.0,0.0,0.0,9.0,4.0,0.0,0.0,0.0,0.0,0.0,0.0,0.0,0.0,5.0,12.0,1.0,12.19,5.01,2.51,1.5,-3.5,4.3,0.2,4.3,0.0,-0.1,-0.4,-0.1,-5.2,0.0,-50.0,37.3,0.0,21.700000000000003,34.4,34.4,35.300000000000004,300.0,300.0,30.3,34.2,33.0,32.6,34.2,4.95,1.99,4.96,0.16,0.0,0.0,1027.0,8228.0,0.0,0.0,0.0,0.0,0.0,1.0,0.0,0.0,0.0,-0.029,0.0,0.4,0.0,-0.5,0.0,0.1047,16.0,25903.0
2026-07-30T18:58:38.638Z,88.121,88.134,0.0,7.4,0.0,0.0,0.0,0.0,0.0,0.0,0.0,0.0,1.0,0.0,0.0,0.0,9.0,4.0,0.0,0.0,0.0,0.0,0.0,0.0,0.0,0.0,5.0,12.0,1.0,12.18,5.0200000000000005,2.5,1.49,-0.1,3.9,0.2,4.3,0.0,-0.1,1.2000000000000002,-1.3,-5.7,0.0,-51.0,347.5,0.0,21.4,34.4,34.4,35.300000000000004,300.0,300.0,30.4,34.300000000000004,33.0,32.6,34.2,4.95,1.99,4.96,0.16,0.0,0.0,1027.0,8228.0,0.0,0.0,0.0,0.0,0.0,1.0,0.0,0.0,0.0,-0.028,0.0,-0.3,0.0,-1.4,0.0,0.1165,16.0,25903.0
2026-07-30T18:58:38.650Z,88.133,88.146,0.0,7.4,0.0,0.0,0.0,0.0,0.0,0.0,0.0,0.0,1.0,0.0,0.0,0.0,9.0,4.0,0.0,0.0,0.0,0.0,0.0,0.0,0.0,0.0,6.0,12.0,1.0,12.18,5.0200000000000005,2.5,1.49,3.1,0.9,0.2,4.2,0.0,-0.1,0.1,-0.2,-2.4000000000000004,0.0,-53.0,297.1,0.0,21.4,34.4,34.4,35.300000000000004,300.0,300.0,30.4,34.300000000000004,33.0,32.6,34.2,4.95,1.99,4.96,0.16,0.0,0.0,1027.0,8228.0,0.0,0.0,0.0,0.0,0.0,1.0,0.0,0.0,0.0,-0.028,0.0,0.1,0.0,-0.1,0.0,0.1143,16.0,25903.0
2026-07-30T18:58:38.662Z,88.145,88.158,0.0,7.4,0.0,0.0,0.0,0.0,0.0,0.0,0.0,0.0,1.0,0.0,0.0,0.0,9.0,4.0,0.0,0.0,0.0,0.0,0.0,0.0,0.0,0.0,6.0,12.0,1.0,12.18,5.0200000000000005,2.5,1.49,4.2,-2.2,0.2,4.2,0.0,-0.7000000000000001,0.1,0.9,4.0,0.0,-54.0,249.2,0.0,21.4,34.4,34.4,35.300000000000004,300.0,300.0,30.4,34.300000000000004,33.0,32.6,34.2,4.95,1.99,4.97,0.16,0.0,0.0,1027.0,8228.0,0.0,0.0,0.0,0.0,0.0,1.0,0.0,0.0,0.0,-0.027,0.0,-0.6000000000000001,0.0,-1.0,0.0,0.1132,16.0,25903.0
2026-07-30T18:58:38.674Z,88.157,88.17,0.0,7.4,0.0,0.0,0.0,0.0,0.0,0.0,0.0,0.0,1.0,0.0,0.0,0.0,9.0,4.0,0.0,0.0,0.0,0.0,0.0,0.0,0.0,0.0,2.0,12.0,1.0,12.18,5.0200000000000005,2.5,1.49,2.7,-4.1000000000000005,0.2,4.1000000000000005,0.0,-0.1,0.1,-0.7000000000000001,13.6,0.0,-55.0,201.2,0.0,21.4,34.4,34.4,35.300000000000004,300.0,300.0,30.4,34.300000000000004,33.0,32.6,34.2,4.95,2.0,4.96,0.16,0.0,0.0,1027.0,8228.0,0.0,0.0,0.0,0.0,0.0,1.0,0.0,0.0,0.0,-0.027,0.0,0.0,0.0,0.7000000000000001,0.0,0.1091,16.0,25903.0
2026-07-30T18:58:38.686Z,88.169,88.182,0.0,7.4,0.0,0.0,0.0,0.0,0.0,0.0,0.0,0.0,1.0,0.0,0.0,0.0,9.0,4.0,0.0,0.0,0.0,0.0,0.0,0.0,0.0,0.0,3.0,12.0,1.0,12.18,5.0200000000000005,2.5,1.49,-0.3,-3.2,0.1,4.1000000000000005,0.0,-0.1,0.1,-0.1,12.9,0.0,-55.0,160.70000000000002,0.0,21.4,34.4,34.4,35.300000000000004,300.0,300.0,30.4,34.300000000000004,33.0,32.6,34.2,4.95,1.99,4.96,0.16,0.0,0.0,1027.0,8228.0,0.0,0.0,0.0,0.0,0.0,1.0,0.0,0.0,0.0,-0.024,0.0,0.0,0.0,0.1,0.0,0.1098,16.0,25903.0
2026-07-30T18:58:38.698Z,88.181,88.194,0.0,7.4,0.0,0.0,0.0,0.0,0.0,0.0,0.0,0.0,1.0,0.0,0.0,0.0,9.0,4.0,0.0,0.0,0.0,0.0,0.0,0.0,0.0,0.0,4.0,12.0,1.0,12.18,5.0200000000000005,2.5,1.49,-2.9000000000000004,-0.7000000000000001,0.1,4.1000000000000005,0.0,-0.1,0.7000000000000001,-0.7000000000000001,1.6,0.0,-55.0,123.0,0.0,21.4,34.4,34.4,35.300000000000004,300.0,300.0,30.4,34.300000000000004,33.0,32.6,34.2,4.95,1.99,4.97,0.16,0.0,0.0,1027.0,8228.0,0.0,0.0,0.0,0.0,0.0,1.0,0.0,0.0,0.0,-0.021,0.0,-0.3,0.0,0.7000000000000001,0.0,0.0974,16.0,25903.0
2026-07-30T18:58:38.710Z,88.193,88.206,0.0,7.4,0.0,0.0,0.0,0.0,0.0,0.0,0.0,0.0,1.0,0.0,0.0,0.0,9.0,4.0,0.0,0.0,0.0,0.0,0.0,0.0,0.0,0.0,5.0,12.0,1.0,12.18,5.0200000000000005,2.5,1.49,-3.8,1.9,0.1,4.1000000000000005,0.0,-0.1,-1.0,-0.6000000000000001,-5.800000000000001,0.0,-55.0,79.5,0.0,21.4,34.4,34.4,35.300000000000004,300.0,300.0,30.4,34.300000000000004,33.0,32.6,34.2,4.95,1.99,4.96,0.16,0.0,0.0,1027.0,8228.0,0.0,0.0,0.0,0.0,0.0,1.0,0.0,0.0,0.0,-0.023,0.0,-0.3,0.0,-1.6,0.0,0.0878,16.0,25903.0
2026-07-30T18:58:38.722Z,88.205,88.218,0.0,7.4,0.0,0.0,0.0,0.0,0.0,0.0,0.0,0.0,1.0,0.0,0.0,0.0,9.0,4.0,0.0,0.0,0.0,0.0,0.0,0.0,0.0,0.0,6.0,12.0,1.0,12.18,5.0200000000000005,2.5,1.49,-2.8000000000000003,3.5,0.1,4.0,0.0,-0.1,0.7000000000000001,1.0,-9.5,0.0,-55.0,35.800000000000004,0.0,21.4,34.4,34.4,35.300000000000004,300.0,300.0,30.4,34.300000000000004,33.0,32.6,34.2,4.95,2.0,4.97,0.16,0.0,0.0,1027.0,8228.0,0.0,0.0,0.0,0.0,0.0,1.0,0.0,0.0,0.0,-0.024,0.0,-0.5,0.0,1.7000000000000002,0.0,0.0944,16.0,25903.0
2026-07-30T18:58:38.735Z,88.218,88.23,0.0,7.4,0.0,0.0,0.0,0.0,0.0,0.0,0.0,0.0,1.0,0.0,0.0,0.0,9.0,4.0,0.0,0.0,0.0,0.0,0.0,0.0,0.0,0.0,1.0,12.0,1.0,12.17,5.0200000000000005,2.51,1.49,-0.5,3.5,0.1,4.0,0.0,-0.2,0.1,-0.6000000000000001,-9.9,0.0,-56.0,355.70000000000005,0.0,21.0,34.4,34.4,35.300000000000004,300.0,300.0,30.3,34.2,33.0,32.6,34.2,4.95,1.99,4.97,0.16,0.0,0.0,1027.0,8228.0,0.0,0.0,0.0,0.0,0.0,1.0,0.0,0.0,0.0,-0.023,0.0,0.2,0.0,-0.6000000000000001,0.0,0.099,16.0,25903.0
2026-07-30T18:58:38.746Z,88.229,88.242,0.0,7.4,0.0,0.0,0.0,0.0,0.0,0.0,0.0,0.0,1.0,0.0,0.0,0.0,9.0,4.0,0.0,0.0,0.0,0.0,0.0,0.0,0.0,0.0,2.0,12.0,1.0,12.17,5.0200000000000005,2.51,1.49,1.8,1.7000000000000002,0.1,4.0,0.0,-0.1,0.2,1.1,-7.4,0.0,-55.0,316.3,0.0,21.0,34.4,34.4,35.300000000000004,300.0,300.0,30.3,34.2,33.0,32.6,34.2,4.95,1.99,4.97,0.16,0.0,0.0,1027.0,8228.0,0.0,0.0,0.0,0.0,0.0,1.0,0.0,0.0,0.0,-0.022,0.0,-1.4,0.0,0.1,0.0,0.0934,16.0,25903.0
2026-07-30T18:58:38.758Z,88.241,88.254,0.0,7.4,0.0,0.0,0.0,0.0,0.0,0.0,0.0,0.0,1.0,0.0,0.0,0.0,9.0,4.0,0.0,0.0,0.0,0.0,0.0,0.0,0.0,0.0,3.0,12.0,1.0,12.17,5.0200000000000005,2.51,1.49,3.1,-0.5,0.1,4.0,0.0,0.4,0.2,-0.5,-2.2,0.0,-55.0,276.0,0.0,21.0,34.4,34.4,35.300000000000004,300.0,300.0,30.3,34.2,33.0,32.6,34.2,4.96,1.99,4.96,0.16,0.0,0.0,1027.0,8228.0,0.0,0.0,0.0,0.0,0.0,1.0,0.0,0.0,0.0,-0.022,0.0,0.5,0.0,0.0,0.0,0.0895,16.0,25903.0
2026-07-30T18:58:38.770Z,88.253,88.266,0.0,7.4,0.0,0.0,0.0,0.0,0.0,0.0,0.0,0.0,1.0,0.0,0.0,0.0,9.0,4.0,0.0,0.0,0.0,0.0,0.0,0.0,0.0,0.0,5.0,12.0,1.0,12.17,5.0200000000000005,2.51,1.49,3.2,-2.3000000000000003,0.1,4.0,0.0,-0.1,0.8,0.0,5.5,0.0,-55.0,235.5,0.0,21.0,34.4,34.4,35.300000000000004,300.0,300.0,30.3,34.2,33.0,32.6,34.2,4.96,1.99,4.97,0.16,0.0,0.0,1027.0,8228.0,0.0,0.0,0.0,0.0,0.0,1.0,0.0,0.0,0.0,-0.022,0.0,0.5,0.0,-0.7000000000000001,0.0,0.0914,16.0,25903.0
2026-07-30T18:58:38.782Z,88.265,88.278,0.0,7.4,0.0,0.0,0.0,0.0,0.0,0.0,0.0,0.0,1.0,0.0,0.0,0.0,9.0,4.0,0.0,0.0,0.0,0.0,0.0,0.0,0.0,0.0,6.0,12.0,1.0,12.17,5.0200000000000005,2.51,1.49,2.0,-3.1,0.1,3.9,0.0,0.4,1.3,0.0,15.5,0.0,-55.0,199.6,0.0,21.0,34.4,34.4,35.300000000000004,300.0,300.0,30.3,34.2,33.0,32.6,34.2,4.95,1.99,4.97,0.16,0.0,0.0,1027.0,8228.0,0.0,0.0,0.0,0.0,0.0,1.0,0.0,0.0,0.0,-0.021,0.0,1.4,0.0,-0.5,0.0,0.0915,16.0,25903.0
2026-07-30T18:58:38.794Z,88.277,88.29,0.0,7.4,0.0,0.0,0.0,0.0,0.0,0.0,0.0,0.0,1.0,0.0,0.0,0.0,9.0,4.0,0.0,0.0,0.0,0.0,0.0,0.0,0.0,0.0,1.0,12.0,1.0,12.17,5.0200000000000005,2.51,1.49,0.2,-2.7,0.1,4.0,0.0,-0.1,-0.4,-1.1,17.2,0.0,-54.0,167.9,0.0,21.0,34.4,34.4,35.300000000000004,300.0,300.0,30.3,34.2,33.0,32.6,34.2,4.96,1.99,4.96,0.16,0.0,0.0,1027.0,8228.0,0.0,0.0,0.0,0.0,0.0,1.0,0.0,0.0,0.0,-0.018,0.0,-1.3,0.0,0.8,0.0,0.0849,16.0,25903.0
2026-07-30T18:58:38.806Z,88.289,88.302,0.0,7.4,0.0,0.0,0.0,0.0,0.0,0.0,0.0,0.0,1.0,0.0,0.0,0.0,9.0,4.0,0.0,0.0,0.0,0.0,0.0,0.0,0.0,0.0,2.0,12.0,1.0,12.17,5.0200000000000005,2.51,1.49,-1.5,-1.4,0.1,3.9,0.0,-0.7000000000000001,-1.0,0.5,4.800000000000001,0.0,-54.0,138.0,0.0,21.0,34.4,34.4,35.300000000000004,300.0,300.0,30.3,34.2,33.0,32.6,34.2,4.95,2.0,4.96,0.16,0.0,0.0,1027.0,8228.0,0.0,0.0,0.0,0.0,0.0,1.0,0.0,0.0,0.0,-0.017,0.0,-0.2,0.0,-1.0,0.0,0.0752,16.0,25903.0
2026-07-30T18:58:38.818Z,88.301,88.31400000000001,0.0,7.4,0.0,0.0,0.0,0.0,0.0,0.0,0.0,0.0,1.0,0.0,0.0,0.0,9.0,4.0,0.0,0.0,0.0,0.0,0.0,0.0,0.0,0.0,3.0,12.0,1.0,12.17,5.0200000000000005,2.51,1.49,-2.5,0.1,0.1,3.9,0.0,0.4,0.1,-1.1,-4.4,0.0,-53.0,107.7,0.0,21.0,34.4,34.4,35.300000000000004,300.0,300.0,30.3,34.2,33.0,32.6,34.2,4.95,1.99,4.97,0.16,0.0,0.0,1027.0,8228.0,0.0,0.0,0.0,0.0,0.0,1.0,0.0,0.0,0.0,-0.017,0.0,-1.2000000000000002,0.0,-0.1,0.0,0.0694,16.0,25903.0
2026-07-30T18:58:38.830Z,88.313,88.32600000000001,0.0,7.4,0.0,0.0,0.0,0.0,0.0,0.0,0.0,0.0,1.0,0.0,0.0,0.0,9.0,4.0,0.0,0.0,0.0,0.0,0.0,0.0,0.0,0.0,4.0,12.0,1.0,12.17,5.0200000000000005,2.51,1.49,-2.8000000000000003,1.5,0.1,3.9,0.0,-0.1,0.1,-1.2000000000000002,-10.7,0.0,-52.0,75.60000000000001,0.0,21.0,34.4,34.4,35.300000000000004,300.0,300.0,30.3,34.2,33.0,32.6,34.2,4.95,1.99,4.97,0.16,0.0,0.0,1027.0,8228.0,0.0,0.0,0.0,0.0,0.0,1.0,0.0,0.0,0.0,-0.017,0.0,-1.0,0.0,-0.8,0.0,0.0687,16.0,25903.0
2026-07-30T18:58:38.842Z,88.325,88.33800000000001,0.0,7.4,0.0,0.0,0.0,0.0,0.0,0.0,0.0,0.0,1.0,0.0,0.0,0.0,9.0,4.0,0.0,0.0,0.0,0.0,0.0,0.0,0.0,0.0,5.0,12.0,1.0,12.17,5.01,2.5,1.49,-2.2,2.4000000000000004,0.1,3.9,0.0,0.3,0.1,0.0,-14.2,0.0,-51.0,43.2,0.0,21.700000000000003,34.4,34.4,35.300000000000004,300.0,300.0,30.1,34.2,32.9,32.6,34.2,4.96,1.99,4.96,0.16,0.0,0.0,1027.0,8228.0,0.0,0.0,0.0,0.0,0.0,1.0,0.0,0.0,0.0,-0.018,0.0,-0.1,0.0,0.0,0.0,0.0715,16.0,25903.0
2026-07-30T18:58:38.854Z,88.337,88.35000000000001,0.0,7.4,0.0,0.0,0.0,0.0,0.0,0.0,0.0,0.0,1.0,0.0,0.0,0.0,9.0,4.0,0.0,0.0,0.0,0.0,0.0,0.0,0.0,0.0,6.0,12.0,1.0,12.17,5.01,2.5,1.49,-1.2000000000000002,2.7,0.1,3.8,0.0,-0.2,-0.3,0.0,-15.2,0.0,-51.0,12.9,0.0,21.700000000000003,34.4,34.4,35.300000000000004,300.0,300.0,30.1,34.2,32.9,32.6,34.2,4.95,1.99,4.96,0.16,0.0,0.0,1027.0,8228.0,0.0,0.0,0.0,0.0,0.0,1.0,0.0,0.0,0.0,-0.017,0.0,0.4,0.0,-0.1,0.0,0.0733,16.0,25903.0
2026-07-30T18:58:38.866Z,88.349,88.362,0.0,7.4,0.0,0.0,0.0,0.0,0.0,0.0,0.0,0.0,1.0,0.0,0.0,0.0,9.0,4.0,0.0,0.0,0.0,0.0,0.0,0.0,0.0,0.0,6.0,12.0,1.0,12.17,5.01,2.5,1.49,0.0,2.2,0.1,3.8,0.0,0.3,-0.9,-0.6000000000000001,-13.9,0.0,-50.0,343.70000000000005,0.0,21.700000000000003,34.4,34.4,35.300000000000004,300.0,300.0,30.1,34.2,32.9,32.6,34.2,4.95,1.99,4.96,0.16,0.0,0.0,1027.0,8228.0,0.0,0.0,0.0,0.0,0.0,1.0,0.0,0.0,0.0,-0.016,0.0,1.6,0.0,-0.2,0.0,0.0703,16.0,25903.0
2026-07-30T18:58:38.878Z,88.361,88.374,0.0,7.4,0.0,0.0,0.0,0.0,0.0,0.0,0.0,0.0,1.0,0.0,0.0,0.0,9.0,4.0,0.0,0.0,0.0,0.0,0.0,0.0,0.0,0.0,2.0,12.0,1.0,12.17,5.01,2.5,1.49,1.2000000000000002,1.3,0.1,3.9,0.0,-0.2,-0.4,-1.2000000000000002,-10.7,0.0,-49.0,316.3,0.0,21.700000000000003,34.4,34.4,35.300000000000004,300.0,300.0,30.1,34.2,32.9,32.6,34.2,4.96,2.0,4.96,0.16,0.0,0.0,1027.0,8228.0,0.0,0.0,0.0,0.0,0.0,1.0,0.0,0.0,0.0,-0.015,0.0,1.6,0.0,0.0,0.0,0.0674,16.0,25903.0
2026-07-30T18:58:38.890Z,88.373,88.386,0.0,7.4,0.0,0.0,0.0,0.0,0.0,0.0,0.0,0.0,1.0,0.0,0.0,0.0,9.0,4.0,0.0,0.0,0.0,0.0,0.0,0.0,0.0,0.0,3.0,12.0,1.0,12.17,5.01,2.5,1.49,2.0,0.2,0.1,3.8,0.0,-0.7000000000000001,-0.3,0.0,-5.7,0.0,-48.0,288.2,0.0,21.700000000000003,34.4,34.4,35.300000000000004,300.0,300.0,30.1,34.2,32.9,32.6,34.2,4.95,2.0,4.96,0.16,0.0,0.0,1027.0,8228.0,0.0,0.0,0.0,0.0,0.0,1.0,0.0,0.0,0.0,-0.015,0.0,0.0,0.0,0.3,0.0,0.0635,16.0,25903.0
2026-07-30T18:58:38.902Z,88.385,88.398,0.0,7.4,0.0,0.0,0.0,0.0,0.0,0.0,0.0,0.0,1.0,0.0,0.0,0.0,9.0,4.0,0.0,0.0,0.0,0.0,0.0,0.0,0.0,0.0,4.0,12.0,1.0,12.17,5.01,2.5,1.49,2.2,-0.7000000000000001,0.1,3.7,0.0,0.3,-0.9,0.0,0.9,0.0,-48.0,261.40000000000003,0.0,21.700000000000003,34.4,34.4,35.300000000000004,300.0,300.0,30.1,34.2,32.9,32.6,34.2,4.95,1.99,4.97,0.16,0.0,0.0,1027.0,8228.0,0.0,0.0,0.0,0.0,0.0,1.0,0.0,0.0,0.0,-0.015,0.0,-0.1,0.0,1.0,0.0,0.0633,16.0,25903.0
2026-07-30T18:58:38.914Z,88.397,88.41,0.0,7.4,0.0,0.0,0.0,0.0,0.0,0.0,0.0,0.0,1.0,0.0,0.0,0.0,9.0,4.0,0.0,0.0,0.0,0.0,0.0,0.0,0.0,0.0,5.0,12.0,1.0,12.17,5.01,2.5,1.49,2.1,-1.6,0.1,3.7,0.0,-0.7000000000000001,0.8,0.0,8.8,0.0,-46.0,237.7,0.0,21.700000000000003,34.4,34.4,35.300000000000004,300.0,300.0,30.1,34.2,32.9,32.6,34.2,4.95,1.99,4.96,0.16,0.0,0.0,1027.0,8228.0,0.0,0.0,0.0,0.0,0.0,1.0,0.0,0.0,0.0,-0.013,0.0,0.5,0.0,-0.8,0.0,0.0619,16.0,25903.0
2026-07-30T18:58:38.938Z,88.421,88.422,0.0,7.4,0.0,0.0,0.0,0.0,0.0,0.0,0.0,0.0,1.0,0.0,0.0,0.0,9.0,4.0,0.0,0.0,0.0,0.0,0.0,0.0,0.0,0.0,6.0,12.0,1.0,12.17,5.01,2.5,1.49,1.4,-1.8,0.1,3.7,0.0,-0.7000000000000001,-0.3,1.1,17.900000000000002,0.0,-45.0,214.2,0.0,21.700000000000003,34.4,34.4,35.300000000000004,300.0,300.0,30.1,34.2,32.9,32.6,34.2,4.96,2.0,4.96,0.16,0.0,0.0,1027.0,8228.0,0.0,0.0,0.0,0.0,0.0,1.0,0.0,0.0,0.0,-0.013,0.0,-0.4,0.0,-1.1,0.0,0.0558,16.0,25903.0
2026-07-30T18:58:38.942Z,88.425,88.434,0.0,7.4,0.0,0.0,0.0,0.0,0.0,0.0,0.0,0.0,1.0,0.0,0.0,0.0,9.0,4.0,0.0,0.0,0.0,0.0,0.0,0.0,0.0,0.0,5.0,12.0,1.0,12.15,5.0200000000000005,2.5,1.5,0.9,-1.9,0.0,3.7,0.0,-0.7000000000000001,-0.3,-0.5,28.0,0.0,-44.0,193.1,0.0,21.8,34.4,34.300000000000004,35.2,300.0,300.0,30.200000000000003,34.2,32.9,32.5,34.1,4.95,2.0,4.97,0.16,0.0,0.0,1027.0,8228.0,0.0,0.0,0.0,0.0,0.0,1.0,0.0,0.0,0.0,-0.012,0.0,-0.6000000000000001,0.0,0.7000000000000001,0.0,0.0547,16.0,25903.0
2026-07-30T18:58:38.950Z,88.433,88.446,0.0,7.4,0.0,0.0,0.0,0.0,0.0,0.0,0.0,0.0,1.0,0.0,0.0,0.0,9.0,4.0,0.0,0.0,0.0,0.0,0.0,0.0,0.0,0.0,4.0,12.0,1.0,12.15,5.0200000000000005,2.5,1.5,0.2,-1.7000000000000002,0.0,3.6,0.0,-0.1,-0.9,0.5,29.200000000000003,0.0,-43.0,172.8,0.0,21.8,34.4,34.300000000000004,35.2,300.0,300.0,30.200000000000003,34.2,32.9,32.5,34.1,4.96,1.99,4.96,0.16,0.0,0.0,1027.0,8228.0,0.0,0.0,0.0,0.0,0.0,1.0,0.0,0.0,0.0,-0.011,0.0,-0.7000000000000001,0.0,-0.6000000000000001,0.0,0.0494,16.0,25903.0
2026-07-30T18:58:38.962Z,88.445,88.458,0.0,7.4,0.0,0.0,0.0,0.0,0.0,0.0,0.0,0.0,1.0,0.0,0.0,0.0,9.0,4.0,0.0,0.0,0.0,0.0,0.0,0.0,0.0,0.0,5.0,12.0,1.0,12.15,5.0200000000000005,2.5,1.5,-0.4,-1.3,0.0,3.7,0.0,-0.1,-0.3,0.0,15.2,0.0,-42.0,153.1,0.0,21.8,34.4,34.300000000000004,35.2,300.0,300.0,30.200000000000003,34.2,32.9,32.5,34.1,4.96,1.99,4.97,0.16,0.0,0.0,1027.0,8228.0,0.0,0.0,0.0,0.0,0.0,1.0,0.0,0.0,0.0,-0.011,0.0,-0.3,0.0,-0.1,0.0,0.0463,16.0,25903.0
2026-07-30T18:58:38.974Z,88.457,88.47,0.0,7.4,0.0,0.0,0.0,0.0,0.0,0.0,0.0,0.0,1.0,0.0,0.0,0.0,9.0,4.0,0.0,0.0,0.0,0.0,0.0,0.0,0.0,0.0,5.0,12.0,1.0,12.15,5.0200000000000005,2.5,1.5,-1.0,-0.7000000000000001,0.0,3.6,0.0,-0.1,0.2,0.0,3.7,0.0,-41.0,133.9,0.0,21.8,34.4,34.300000000000004,35.2,300.0,300.0,30.200000000000003,34.2,32.9,32.5,34.1,4.96,1.99,4.97,0.16,0.0,0.0,1027.0,8228.0,0.0,0.0,0.0,0.0,0.0,1.0,0.0,0.0,0.0,-0.011,0.0,0.2,0.0,0.1,0.0,0.0452,16.0,25903.0
2026-07-30T18:58:38.986Z,88.469,88.482,0.0,7.4,0.0,0.0,0.0,0.0,0.0,0.0,0.0,0.0,1.0,0.0,0.0,0.0,9.0,4.0,0.0,0.0,0.0,0.0,0.0,0.0,0.0,0.0,1.0,12.0,1.0,12.15,5.0200000000000005,2.5,1.5,-1.4,-0.1,0.0,3.6,0.0,-0.1,0.1,0.6000000000000001,-5.6000000000000005,0.0,-40.0,115.0,0.0,21.8,34.4,34.300000000000004,35.2,300.0,300.0,30.200000000000003,34.2,32.9,32.5,34.1,4.95,1.99,4.97,0.16,0.0,0.0,1027.0,8228.0,0.0,0.0,0.0,0.0,0.0,1.0,0.0,0.0,0.0,-0.01,0.0,0.8,0.0,0.2,0.0,0.044,16.0,25903.0
2026-07-30T18:58:38.998Z,88.481,88.494,0.0,7.4,0.0,0.0,0.0,0.0,0.0,0.0,0.0,0.0,1.0,0.0,0.0,0.0,9.0,4.0,0.0,0.0,0.0,0.0,0.0,0.0,0.0,0.0,2.0,12.0,1.0,12.15,5.0200000000000005,2.5,1.5,-1.4,0.3,0.0,3.5,0.0,0.4,0.1,-0.5,-12.9,0.0,-39.0,97.2,0.0,21.8,34.4,34.300000000000004,35.2,300.0,300.0,30.200000000000003,34.2,32.9,32.5,34.1,4.95,1.99,4.96,0.16,0.0,0.0,1027.0,8228.0,0.0,0.0,0.0,0.0,0.0,1.0,0.0,0.0,0.0,-0.01,0.0,-0.5,0.0,0.0,0.0,0.0432,16.0,25903.0
2026-07-30T18:58:39.010Z,88.493,88.506,0.0,7.4,0.0,0.0,0.0,0.0,0.0,0.0,0.0,0.0,1.0,0.0,0.0,0.0,9.0,4.0,0.0,0.0,0.0,0.0,0.0,0.0,0.0,0.0,3.0,12.0,1.0,12.15,5.0200000000000005,2.5,1.5,-1.3,0.6000000000000001,0.0,3.6,0.0,1.0,0.7000000000000001,0.6000000000000001,-18.4,0.0,-37.0,81.30000000000001,0.0,21.8,34.4,34.300000000000004,35.2,300.0,300.0,30.200000000000003,34.2,32.9,32.5,34.1,4.95,1.99,4.97,0.16,0.0,0.0,1027.0,8228.0,0.0,0.0,0.0,0.0,0.0,1.0,0.0,0.0,0.0,-0.009,0.0,0.4,0.0,1.3,0.0,0.0414,16.0,25903.0
2026-07-30T18:58:39.022Z,88.505,88.518,0.0,7.4,0.0,0.0,0.0,0.0,0.0,0.0,0.0,0.0,1.0,0.0,0.0,0.0,9.0,4.0,0.0,0.0,0.0,0.0,0.0,0.0,0.0,0.0,4.0,12.0,1.0,12.15,5.0200000000000005,2.5,1.5,-1.1,0.8,0.0,3.6,0.0,0.9,0.1,0.0,-22.5,0.0,-36.0,67.4,0.0,21.8,34.4,34.300000000000004,35.2,300.0,300.0,30.200000000000003,34.2,32.9,32.5,34.1,4.95,1.99,4.97,0.16,0.0,0.0,1027.0,8228.0,0.0,0.0,0.0,0.0,0.0,1.0,0.0,0.0,0.0,-0.008,0.0,-0.6000000000000001,0.0,-1.5,0.0,0.0375,16.0,25903.0
2026-07-30T18:58:39.034Z,88.517,88.53,0.0,7.4,0.0,0.0,0.0,0.0,0.0,0.0,0.0,0.0,1.0,0.0,0.0,0.0,9.0,4.0,0.0,0.0,0.0,0.0,0.0,0.0,0.0,0.0,5.0,12.0,1.0,12.15,5.0200000000000005,2.5,1.5,-0.9,0.9,0.0,3.5,0.0,-0.1,-0.9,-1.7000000000000002,-25.3,0.0,-35.0,54.900000000000006,0.0,21.8,34.4,34.300000000000004,35.2,300.0,300.0,30.200000000000003,34.2,32.9,32.5,34.1,4.96,1.99,4.96,0.16,0.0,0.0,1027.0,8228.0,0.0,0.0,0.0,0.0,0.0,1.0,0.0,0.0,0.0,-0.007,0.0,-0.2,0.0,-2.7,0.0,0.0332,16.0,25903.0
2026-07-30T18:58:39.046Z,88.529,88.542,0.1,7.4,0.0,0.0,0.0,0.0,0.0,0.0,0.0,0.0,1.0,0.0,0.0,0.0,9.0,4.0,0.0,0.0,0.0,0.0,0.0,0.0,0.0,0.0,6.0,12.0,1.0,12.15,5.0200000000000005,2.51,1.49,-0.8,1.0,0.0,3.5,0.0,0.4,0.1,1.6,-27.0,0.0,-33.0,43.0,0.0,21.700000000000003,34.300000000000004,34.300000000000004,35.300000000000004,300.0,300.0,30.3,34.2,32.9,32.5,34.1,4.95,1.99,4.96,0.16,0.0,0.0,1027.0,8228.0,0.0,0.0,0.0,0.0,0.0,1.0,0.0,0.0,0.0,-0.006,0.0,0.2,0.0,2.0,0.0,0.0296,16.0,25903.0
2026-07-30T18:58:39.058Z,88.541,88.554,0.1,7.4,0.0,0.0,0.0,0.0,0.0,0.0,0.0,0.0,1.0,0.0,0.0,0.0,9.0,4.0,0.0,0.0,0.0,0.0,0.0,0.0,0.0,0.0,1.0,12.0,1.0,12.15,5.0200000000000005,2.51,1.49,-0.7000000000000001,1.1,0.0,3.5,0.0,-0.7000000000000001,0.2,-0.7000000000000001,-27.700000000000003,0.0,-32.0,31.200000000000003,0.0,21.700000000000003,34.300000000000004,34.300000000000004,35.300000000000004,300.0,300.0,30.3,34.2,32.9,32.5,34.1,4.95,1.99,4.97,0.16,0.0,0.0,1027.0,8228.0,0.0,0.0,0.0,0.0,0.0,1.0,0.0,0.0,0.0,-0.006,0.0,-0.2,0.0,-0.6000000000000001,0.0,0.0274,16.0,25903.0
2026-07-30T18:58:39.071Z,88.554,88.566,0.0,7.4,0.0,0.0,0.0,0.0,0.0,0.0,0.0,0.0,1.0,0.0,0.0,0.0,9.0,4.0,0.0,0.0,0.0,0.0,0.0,0.0,0.0,0.0,2.0,12.0,1.0,12.15,5.0200000000000005,2.51,1.49,-0.7000000000000001,1.3,0.0,3.5,0.0,-0.6000000000000001,0.2,0.0,-27.5,0.0,-31.0,17.5,0.0,21.700000000000003,34.300000000000004,34.300000000000004,35.300000000000004,300.0,300.0,30.3,34.2,32.9,32.5,34.1,4.96,2.0,4.97,0.16,0.0,0.0,1027.0,8228.0,0.0,0.0,0.0,0.0,0.0,1.0,0.0,0.0,0.0,-0.007,0.0,-0.2,0.0,0.0,0.0,0.027,16.0,25903.0
2026-07-30T18:58:39.082Z,88.565,88.578,0.1,7.4,0.0,0.0,0.0,0.0,0.0,0.0,0.0,0.0,1.0,0.0,0.0,0.0,9.0,4.0,0.0,0.0,0.0,0.0,0.0,0.0,0.0,0.0,3.0,12.0,1.0,12.15,5.0200000000000005,2.51,1.49,-0.4,1.5,0.0,3.4000000000000004,0.0,0.0,0.7000000000000001,0.5,-26.200000000000003,0.0,-30.0,2.0,0.0,21.700000000000003,34.300000000000004,34.300000000000004,35.300000000000004,300.0,300.0,30.3,34.2,32.9,32.5,34.1,4.96,2.0,4.96,0.16,0.0,0.0,1027.0,8228.0,0.0,0.0,0.0,0.0,0.0,1.0,0.0,0.0,0.0,-0.008,0.0,-1.2000000000000002,0.0,0.5,0.0,0.0296,16.0,25903.0
2026-07-30T18:58:39.094Z,88.577,88.59,0.0,7.4,0.0,0.0,0.0,0.0,0.0,0.0,0.0,0.0,1.0,0.0,0.0,0.0,9.0,4.0,0.0,0.0,0.0,0.0,0.0,0.0,0.0,0.0,5.0,12.0,1.0,12.15,5.0200000000000005,2.51,1.49,0.1,1.4,0.0,3.4000000000000004,0.0,0.5,-1.0,-0.6000000000000001,-23.700000000000003,0.0,-30.0,344.3,0.0,21.700000000000003,34.300000000000004,34.300000000000004,35.300000000000004,300.0,300.0,30.3,34.2,32.9,32.5,34.1,4.95,1.99,4.97,0.16,0.0,0.0,1027.0,8228.0,0.0,0.0,0.0,0.0,0.0,1.0,0.0,0.0,0.0,-0.009,0.0,-0.1,0.0,0.0,0.0,0.0337,16.0,25903.0
2026-07-30T18:58:39.106Z,88.589,88.602,0.0,7.4,0.0,0.0,0.0,0.0,0.0,0.0,0.0,0.0,1.0,0.0,0.0,0.0,9.0,4.0,0.0,0.0,0.0,0.0,0.0,0.0,0.0,0.0,6.0,12.0,1.0,12.15,5.0200000000000005,2.51,1.49,0.7000000000000001,1.2000000000000002,0.0,3.4000000000000004,0.0,0.0,0.1,0.0,-20.1,0.0,-29.0,324.3,0.0,21.700000000000003,34.300000000000004,34.300000000000004,35.300000000000004,300.0,300.0,30.3,34.2,32.9,32.5,34.1,4.95,1.99,4.96,0.16,0.0,0.0,1027.0,8228.0,0.0,0.0,0.0,0.0,0.0,1.0,0.0,0.0,0.0,-0.01,0.0,0.0,0.0,-0.8,0.0,0.0383,16.0,25903.0
2026-07-30T18:58:39.118Z,88.601,88.614,0.0,7.4,0.0,0.0,0.0,0.0,0.0,0.0,0.0,0.0,1.0,0.0,0.0,0.0,9.0,4.0,0.0,0.0,0.0,0.0,0.0,0.0,0.0,0.0,1.0,12.0,1.0,12.15,5.0200000000000005,2.51,1.49,1.6,0.5,0.0,3.4000000000000004,0.0,0.5,1.2000000000000002,1.1,-15.2,0.0,-30.0,301.0,0.0,21.700000000000003,34.300000000000004,34.300000000000004,35.300000000000004,300.0,300.0,30.3,34.2,32.9,32.5,34.1,4.96,2.0,4.96,0.16,0.0,0.0,1027.0,8228.0,0.0,0.0,0.0,0.0,0.0,1.0,0.0,0.0,0.0,-0.012,0.0,-2.3000000000000003,0.0,-0.6000000000000001,0.0,0.0434,16.0,25903.0
2026-07-30T18:58:39.130Z,88.613,88.626,0.0,7.4,0.0,0.0,0.0,0.0,0.0,0.0,0.0,0.0,1.0,0.0,0.0,0.0,9.0,4.0,0.0,0.0,0.0,0.0,0.0,0.0,0.0,0.0,2.0,12.0,1.0,12.15,5.0200000000000005,2.51,1.49,2.4000000000000004,-0.5,0.1,3.4000000000000004,0.0,-0.6000000000000001,-0.4,-0.6000000000000001,-8.8,0.0,-30.0,273.90000000000003,0.0,21.700000000000003,34.300000000000004,34.300000000000004,35.300000000000004,300.0,300.0,30.3,34.2,32.9,32.5,34.1,4.95,2.0,4.96,0.16,0.0,0.0,1027.0,8228.0,0.0,0.0,0.0,0.0,0.0,1.0,0.0,0.0,0.0,-0.014,0.0,0.7000000000000001,0.0,0.8,0.0,0.0502,16.0,25903.0
2026-07-30T18:58:39.143Z,88.626,88.638,0.0,7.4,0.0,0.0,0.0,0.0,0.0,0.0,0.0,0.0,1.0,0.0,0.0,0.0,9.0,4.0,0.0,0.0,0.0,0.0,0.0,0.0,0.0,0.0,3.0,12.0,1.0,12.17,5.01,2.5,1.49,2.6,-1.7000000000000002,0.1,3.4000000000000004,0.0,-0.1,-0.4,0.4,-0.7000000000000001,0.0,-31.0,243.5,0.0,21.3,34.300000000000004,34.300000000000004,35.2,300.0,300.0,30.200000000000003,34.2,32.9,32.5,34.1,4.95,1.99,4.97,0.16,0.0,0.0,1027.0,8228.0,0.0,0.0,0.0,0.0,0.0,1.0,0.0,0.0,0.0,-0.016,0.0,-0.5,0.0,0.0,0.0,0.0585,16.0,25903.0
2026-07-30T18:58:39.155Z,88.638,88.65,0.0,7.4,0.0,0.0,0.0,0.0,0.0,0.0,0.0,0.0,1.0,0.0,0.0,0.0,9.0,4.0,0.0,0.0,0.0,0.0,0.0,0.0,0.0,0.0,4.0,12.0,1.0,12.17,5.01,2.5,1.49,2.0,-2.4000000000000004,0.1,3.3000000000000003,0.0,0.4,0.7000000000000001,0.0,8.9,0.0,-32.0,213.3,0.0,21.3,34.300000000000004,34.300000000000004,35.2,300.0,300.0,30.200000000000003,34.2,32.9,32.5,34.1,4.95,1.99,4.96,0.16,0.0,0.0,1027.0,8228.0,0.0,0.0,0.0,0.0,0.0,1.0,0.0,0.0,0.0,-0.017,0.0,0.6000000000000001,0.0,-0.3,0.0,0.0659,16.0,25903.0
2026-07-30T18:58:39.166Z,88.649,88.662,0.0,7.4,0.0,0.0,0.0,0.0,0.0,0.0,0.0,0.0,1.0,0.0,0.0,0.0,9.0,4.0,0.0,0.0,0.0,0.0,0.0,0.0,0.0,0.0,5.0,12.0,1.0,12.17,5.01,2.5,1.49,0.8,-2.7,0.1,3.4000000000000004,0.0,-0.1,0.0,0.5,20.0,0.0,-32.0,184.0,0.0,21.3,34.300000000000004,34.300000000000004,35.2,300.0,300.0,30.200000000000003,34.2,32.9,32.5,34.1,4.96,1.99,4.96,0.16,0.0,0.0,1027.0,8228.0,0.0,0.0,0.0,0.0,0.0,1.0,0.0,0.0,0.0,-0.016,0.0,0.3,0.0,-0.5,0.0,0.0683,16.0,25903.0
2026-07-30T18:58:39.178Z,88.661,88.674,0.0,7.4,0.0,0.0,0.0,0.0,0.0,0.0,0.0,0.0,1.0,0.0,0.0,0.0,9.0,4.0,0.0,0.0,0.0,0.0,0.0,0.0,0.0,0.0,6.0,12.0,1.0,12.17,5.01,2.5,1.49,-0.6000000000000001,-2.1,0.1,3.3000000000000003,0.0,-0.1,0.0,0.4,9.6,0.0,-33.0,154.10000000000002,0.0,21.3,34.300000000000004,34.300000000000004,35.2,300.0,300.0,30.200000000000003,34.2,32.9,32.5,34.1,4.95,1.99,4.97,0.16,0.0,0.0,1027.0,8228.0,0.0,0.0,0.0,0.0,0.0,1.0,0.0,0.0,0.0,-0.016,0.0,0.5,0.0,-0.2,0.0,0.067,16.0,25903.0
2026-07-30T18:58:39.191Z,88.674,88.686,0.0,7.4,0.0,0.0,0.0,0.0,0.0,0.0,0.0,0.0,1.0,0.0,0.0,0.0,9.0,4.0,0.0,0.0,0.0,0.0,0.0,0.0,0.0,0.0,1.0,12.0,1.0,12.17,5.01,2.5,1.49,-2.2,-0.7000000000000001,0.1,3.3000000000000003,0.0,-0.1,-1.0,-1.2000000000000002,-1.1,0.0,-33.0,123.0,0.0,21.3,34.300000000000004,34.300000000000004,35.2,300.0,300.0,30.200000000000003,34.2,32.9,32.5,34.1,4.96,1.99,4.96,0.16,0.0,0.0,1027.0,8228.0,0.0,0.0,0.0,0.0,0.0,1.0,0.0,0.0,0.0,-0.017,0.0,-2.1,0.0,-0.9,0.0,0.0675,16.0,25903.0
2026-07-30T18:58:39.203Z,88.686,88.69800000000001,0.0,7.4,0.0,0.0,0.0,0.0,0.0,0.0,0.0,0.0,1.0,0.0,0.0,0.0,9.0,4.0,0.0,0.0,0.0,0.0,0.0,0.0,0.0,0.0,2.0,12.0,1.0,12.17,5.01,2.5,1.49,-3.3000000000000003,1.2000000000000002,0.1,3.3000000000000003,0.0,-0.1,1.2000000000000002,-0.6000000000000001,-8.700000000000001,0.0,-34.0,88.7,0.0,21.3,34.300000000000004,34.300000000000004,35.2,300.0,300.0,30.200000000000003,34.2,32.9,32.5,34.1,4.96,1.99,4.96,0.17,0.0,0.0,1027.0,8228.0,0.0,0.0,0.0,0.0,0.0,1.0,0.0,0.0,0.0,-0.018,0.0,-0.6000000000000001,0.0,1.0,0.0,0.0695,16.0,25903.0
2026-07-30T18:58:39.214Z,88.697,88.71000000000001,0.0,7.4,0.0,0.0,0.0,0.0,0.0,0.0,0.0,0.0,1.0,0.0,0.0,0.0,9.0,4.0,0.0,0.0,0.0,0.0,0.0,0.0,0.0,0.0,3.0,12.0,1.0,12.17,5.01,2.5,1.49,-3.1,3.0,0.1,3.3000000000000003,0.0,0.4,0.6000000000000001,0.0,-13.1,0.0,-36.0,50.400000000000006,0.0,21.3,34.300000000000004,34.300000000000004,35.2,300.0,300.0,30.200000000000003,34.2,32.9,32.5,34.1,4.96,1.99,4.96,0.16,0.0,0.0,1027.0,8228.0,0.0,0.0,0.0,0.0,0.0,1.0,0.0,0.0,0.0,-0.02,0.0,-0.4,0.0,0.5,0.0,0.0753,16.0,25903.0
2026-07-30T18:58:39.226Z,88.709,88.72200000000001,0.0,7.4,0.0,0.0,0.0,0.0,0.0,0.0,0.0,0.0,1.0,0.0,0.0,0.0,9.0,4.0,0.0,0.0,0.0,0.0,0.0,0.0,0.0,0.0,5.0,12.0,1.0,12.17,5.01,2.5,1.49,-1.5,3.6,0.1,3.3000000000000003,0.0,-0.7000000000000001,-1.0,-0.6000000000000001,-14.3,0.0,-37.0,10.6,0.0,21.3,34.300000000000004,34.300000000000004,35.2,300.0,300.0,30.200000000000003,34.2,32.9,32.5,34.1,4.95,1.99,4.97,0.16,0.0,0.0,1027.0,8228.0,0.0,0.0,0.0,0.0,0.0,1.0,0.0,0.0,0.0,-0.022,0.0,1.4,0.0,-0.9,0.0,0.0837,16.0,25903.0
2026-07-30T18:58:39.240Z,88.723,88.73400000000001,0.0,7.4,0.0,0.0,0.0,0.0,0.0,0.0,0.0,0.0,1.0,0.0,0.0,0.0,9.0,4.0,0.0,0.0,0.0,0.0,0.0,0.0,0.0,0.0,6.0,12.0,1.0,12.17,5.01,2.5,1.49,0.9,2.6,0.1,3.3000000000000003,0.0,-0.1,-1.0,-0.6000000000000001,-12.5,0.0,-38.0,330.3,0.0,21.3,34.300000000000004,34.300000000000004,35.2,300.0,300.0,30.200000000000003,34.2,32.9,32.5,34.1,4.96,1.99,4.96,0.16,0.0,0.0,1027.0,8228.0,0.0,0.0,0.0,0.0,0.0,1.0,0.0,0.0,0.0,-0.022,0.0,1.7000000000000002,0.0,0.2,0.0,0.0889,16.0,25903.0
2026-07-30T18:58:39.253Z,88.736,88.746,0.0,7.4,0.0,0.0,0.0,0.0,0.0,0.0,0.0,0.0,1.0,0.0,0.0,0.0,9.0,4.0,0.0,0.0,0.0,0.0,0.0,0.0,0.0,0.0,5.0,12.0,1.0,12.15,5.0200000000000005,2.51,1.49,3.3000000000000003,0.2,0.1,3.4000000000000004,0.0,0.9,0.0,-0.6000000000000001,-7.9,0.0,-40.0,287.90000000000003,0.0,21.700000000000003,34.300000000000004,34.300000000000004,35.2,300.0,300.0,30.200000000000003,34.300000000000004,32.9,32.5,34.1,4.96,1.99,4.97,0.16,0.0,0.0,1027.0,8228.0,0.0,0.0,0.0,0.0,0.0,1.0,0.0,0.0,0.0,-0.023,0.0,0.7000000000000001,0.0,0.0,0.0,0.0909,16.0,25903.0
2026-07-30T18:58:39.262Z,88.745,88.758,0.0,7.4,0.0,0.0,0.0,0.0,0.0,0.0,0.0,0.0,1.0,0.0,0.0,0.0,9.0,4.0,0.0,0.0,0.0,0.0,0.0,0.0,0.0,0.0,3.0,12.0,1.0,12.15,5.0200000000000005,2.51,1.49,4.0,-2.7,0.1,3.7,0.0,-0.7000000000000001,0.6000000000000001,0.0,-0.4,0.0,-41.0,245.1,0.0,21.700000000000003,34.300000000000004,34.300000000000004,35.2,300.0,300.0,30.200000000000003,34.300000000000004,32.9,32.5,34.1,4.95,2.0,4.97,0.16,0.0,0.0,1027.0,8228.0,0.0,0.0,0.0,0.0,0.0,1.0,0.0,0.0,0.0,-0.024,0.0,0.3,0.0,-0.6000000000000001,0.0,0.0943,16.0,25903.0
2026-07-30T18:58:39.274Z,88.757,88.77,0.0,7.4,0.0,0.0,0.0,0.0,0.0,0.0,0.0,0.0,1.0,0.0,0.0,0.0,9.0,4.0,0.0,0.0,0.0,0.0,0.0,0.0,0.0,0.0,4.0,12.0,1.0,12.15,5.0200000000000005,2.51,1.49,2.2,-4.1000000000000005,0.1,3.8,0.0,0.3,0.0,1.0,9.5,0.0,-42.0,201.0,0.0,21.700000000000003,34.300000000000004,34.300000000000004,35.2,300.0,300.0,30.200000000000003,34.300000000000004,32.9,32.5,34.1,4.95,2.0,4.96,0.16,0.0,0.0,1027.0,8228.0,0.0,0.0,0.0,0.0,0.0,1.0,0.0,0.0,0.0,-0.024,0.0,0.2,0.0,-1.2000000000000002,0.0,0.0976,16.0,25903.0
2026-07-30T18:58:39.286Z,88.769,88.782,0.0,7.4,0.0,0.0,0.0,0.0,0.0,0.0,0.0,0.0,1.0,0.0,0.0,0.0,9.0,4.0,0.0,0.0,0.0,0.0,0.0,0.0,0.0,0.0,5.0,12.0,1.0,12.15,5.0200000000000005,2.51,1.49,-0.9,-3.0,0.1,3.8,0.0,-0.2,-1.7000000000000002,0.0,7.800000000000001,0.0,-44.0,156.3,0.0,21.700000000000003,34.300000000000004,34.300000000000004,35.2,300.0,300.0,30.200000000000003,34.300000000000004,32.9,32.5,34.1,4.96,1.99,4.96,0.16,0.0,0.0,1027.0,8228.0,0.0,0.0,0.0,0.0,0.0,1.0,0.0,0.0,0.0,-0.025,0.0,-1.9,0.0,-0.7000000000000001,0.0,0.0987,16.0,25903.0
2026-07-30T18:58:39.298Z,88.781,88.794,0.0,7.4,0.0,0.0,0.0,0.0,0.0,0.0,0.0,0.0,1.0,0.0,0.0,0.0,9.0,4.0,0.0,0.0,0.0,0.0,0.0,0.0,0.0,0.0,5.0,12.0,1.0,12.15,5.0200000000000005,2.51,1.49,-3.5,0.0,0.1,3.9,0.0,0.3,0.5,0.5,-2.4000000000000004,0.0,-45.0,110.8,0.0,21.700000000000003,34.300000000000004,34.300000000000004,35.2,300.0,300.0,30.200000000000003,34.300000000000004,32.9,32.5,34.1,4.96,1.99,4.97,0.16,0.0,0.0,1027.0,8228.0,0.0,0.0,0.0,0.0,0.0,1.0,0.0,0.0,0.0,-0.025,0.0,0.8,0.0,0.7000000000000001,0.0,0.1011,16.0,25903.0
2026-07-30T18:58:39.310Z,88.793,88.806,0.0,7.4,0.0,0.0,0.0,0.0,0.0,0.0,0.0,0.0,1.0,0.0,0.0,0.0,9.0,4.0,0.0,0.0,0.0,0.0,0.0,0.0,0.0,0.0,6.0,12.0,1.0,12.15,5.0200000000000005,2.51,1.49,-4.0,3.0,0.1,3.9,0.0,0.3,-0.5,-0.6000000000000001,-8.5,0.0,-47.0,63.8,0.0,21.700000000000003,34.300000000000004,34.300000000000004,35.2,300.0,300.0,30.200000000000003,34.300000000000004,32.9,32.5,34.1,4.96,1.99,4.97,0.16,0.0,0.0,1027.0,8228.0,0.0,0.0,0.0,0.0,0.0,1.0,0.0,0.0,0.0,-0.026,0.0,-0.1,0.0,-1.1,0.0,0.1025,16.0,25903.0
2026-07-30T18:58:39.322Z,88.805,88.818,0.0,7.4,0.0,0.0,0.0,0.0,0.0,0.0,0.0,0.0,1.0,0.0,0.0,0.0,9.0,4.0,0.0,0.0,0.0,0.0,0.0,0.0,0.0,0.0,1.0,12.0,1.0,12.15,5.0200000000000005,2.51,1.49,-2.0,4.1000000000000005,0.1,3.8,0.0,0.9,-1.0,1.1,-10.8,0.0,-48.0,17.5,0.0,21.700000000000003,34.300000000000004,34.300000000000004,35.2,300.0,300.0,30.200000000000003,34.300000000000004,32.9,32.5,34.1,4.96,1.99,4.97,0.16,0.0,0.0,1027.0,8228.0,0.0,0.0,0.0,0.0,0.0,1.0,0.0,0.0,0.0,-0.026,0.0,0.8,0.0,0.9,0.0,0.1057,16.0,25903.0
2026-07-30T18:58:39.335Z,88.818,88.83,0.0,7.4,0.0,0.0,0.0,0.0,0.0,0.0,0.0,0.0,1.0,0.0,0.0,0.0,9.0,4.0,0.0,0.0,0.0,0.0,0.0,0.0,0.0,0.0,3.0,12.0,1.0,12.15,5.0200000000000005,2.51,1.49,0.9,2.8000000000000003,0.1,3.8,0.0,0.3,-1.0,1.1,-9.6,0.0,-49.0,333.40000000000003,0.0,21.700000000000003,34.300000000000004,34.300000000000004,35.2,300.0,300.0,30.200000000000003,34.300000000000004,32.9,32.5,34.1,4.95,1.99,4.97,0.16,0.0,0.0,1027.0,8228.0,0.0,0.0,0.0,0.0,0.0,1.0,0.0,0.0,0.0,-0.025,0.0,0.0,0.0,1.2000000000000002,0.0,0.1055,16.0,25903.0
2026-07-30T18:58:39.347Z,88.83,88.842,0.0,7.4,0.0,0.0,0.0,0.0,0.0,0.0,0.0,0.0,1.0,0.0,0.0,0.0,9.0,4.0,0.0,0.0,0.0,0.0,0.0,0.0,0.0,0.0,4.0,12.0,1.0,12.18,5.0200000000000005,2.5,1.49,3.2,0.2,0.1,3.8,0.0,0.3,0.0,-0.6000000000000001,-5.4,0.0,-50.0,289.8,0.0,21.4,34.300000000000004,34.300000000000004,35.2,300.0,300.0,30.3,34.300000000000004,32.9,32.5,34.1,4.95,1.99,4.97,0.16,0.0,0.0,1027.0,8228.0,0.0,0.0,0.0,0.0,0.0,1.0,0.0,0.0,0.0,-0.024,0.0,0.6000000000000001,0.0,0.0,0.0,0.1017,16.0,25903.0
2026-07-30T18:58:39.358Z,88.841,88.854,0.0,7.4,0.0,0.0,0.0,0.0,0.0,0.0,0.0,0.0,1.0,0.0,0.0,0.0,9.0,4.0,0.0,0.0,0.0,0.0,0.0,0.0,0.0,0.0,5.0,12.0,1.0,12.18,5.0200000000000005,2.5,1.49,3.7,-2.4000000000000004,0.1,3.8,0.0,0.3,0.6000000000000001,0.5,1.7000000000000002,0.0,-51.0,245.8,0.0,21.4,34.300000000000004,34.300000000000004,35.2,300.0,300.0,30.3,34.300000000000004,32.9,32.5,34.1,4.96,2.0,4.97,0.16,0.0,0.0,1027.0,8228.0,0.0,0.0,0.0,0.0,0.0,1.0,0.0,0.0,0.0,-0.024,0.0,0.0,0.0,-1.2000000000000002,0.0,0.0995,16.0,25903.0
2026-07-30T18:58:39.370Z,88.853,88.866,0.0,7.4,0.0,0.0,0.0,0.0,0.0,0.0,0.0,0.0,1.0,0.0,0.0,0.0,9.0,4.0,0.0,0.0,0.0,0.0,0.0,0.0,0.0,0.0,1.0,12.0,1.0,12.18,5.0200000000000005,2.5,1.49,2.3000000000000003,-3.6,0.1,3.8,0.0,0.9,-0.5,-0.6000000000000001,11.4,0.0,-51.0,203.4,0.0,21.4,34.300000000000004,34.300000000000004,35.2,300.0,300.0,30.3,34.300000000000004,32.9,32.5,34.1,4.96,2.0,4.96,0.16,0.0,0.0,1027.0,8228.0,0.0,0.0,0.0,0.0,0.0,1.0,0.0,0.0,0.0,-0.024,0.0,-0.6000000000000001,0.0,0.9,0.0,0.0995,16.0,25903.0
2026-07-30T18:58:39.382Z,88.865,88.878,0.0,7.4,0.0,0.0,0.0,0.0,0.0,0.0,0.0,0.0,1.0,0.0,0.0,0.0,9.0,4.0,0.0,0.0,0.0,0.0,0.0,0.0,0.0,0.0,2.0,12.0,1.0,12.18,5.0200000000000005,2.5,1.49,-0.2,-2.9000000000000004,0.1,3.8,0.0,-0.2,-0.4,-1.2000000000000002,12.3,0.0,-52.0,163.5,0.0,21.4,34.300000000000004,34.300000000000004,35.2,300.0,300.0,30.3,34.300000000000004,32.9,32.5,34.1,4.95,1.99,4.97,0.16,0.0,0.0,1027.0,8228.0,0.0,0.0,0.0,0.0,0.0,1.0,0.0,0.0,0.0,-0.023,0.0,-1.5,0.0,0.8,0.0,0.0974,16.0,25903.0
2026-07-30T18:58:39.394Z,88.877,88.89,0.0,7.4,0.0,0.0,0.0,0.0,0.0,0.0,0.0,0.0,1.0,0.0,0.0,0.0,9.0,4.0,0.0,0.0,0.0,0.0,0.0,0.0,0.0,0.0,3.0,12.0,1.0,12.18,5.0200000000000005,2.5,1.49,-2.3000000000000003,-1.0,0.1,3.8,0.0,-0.2,1.2000000000000002,-0.1,0.9,0.0,-52.0,125.9,0.0,21.4,34.300000000000004,34.300000000000004,35.2,300.0,300.0,30.3,34.300000000000004,32.9,32.5,34.1,4.95,1.99,4.96,0.16,0.0,0.0,1027.0,8228.0,0.0,0.0,0.0,0.0,0.0,1.0,0.0,0.0,0.0,-0.021,0.0,0.7000000000000001,0.0,1.2000000000000002,0.0,0.0926,16.0,25903.0
2026-07-30T18:58:39.406Z,88.889,88.902,0.0,7.4,0.0,0.0,0.0,0.0,0.0,0.0,0.0,0.0,1.0,0.0,0.0,0.0,9.0,4.0,0.0,0.0,0.0,0.0,0.0,0.0,0.0,0.0,5.0,12.0,1.0,12.18,5.0200000000000005,2.5,1.49,-3.4000000000000004,1.1,0.1,3.8,0.0,0.3,0.0,1.6,-6.9,0.0,-52.0,88.60000000000001,0.0,21.4,34.300000000000004,34.300000000000004,35.2,300.0,300.0,30.3,34.300000000000004,32.9,32.5,34.1,4.96,1.99,4.96,0.16,0.0,0.0,1027.0,8228.0,0.0,0.0,0.0,0.0,0.0,1.0,0.0,0.0,0.0,-0.021,0.0,1.5,0.0,1.0,0.0,0.0871,16.0,25903.0
2026-07-30T18:58:39.418Z,88.901,88.914,0.0,7.4,0.0,0.0,0.0,0.0,0.0,0.0,0.0,0.0,1.0,0.0,0.0,0.0,9.0,4.0,0.0,0.0,0.0,0.0,0.0,0.0,0.0,0.0,6.0,12.0,1.0,12.18,5.0200000000000005,2.5,1.49,-3.0,2.8000000000000003,0.1,3.8,0.0,-0.8,-0.5,-0.1,-11.4,0.0,-52.0,50.7,0.0,21.4,34.300000000000004,34.300000000000004,35.2,300.0,300.0,30.3,34.300000000000004,32.9,32.5,34.1,4.95,1.99,4.97,0.16,0.0,0.0,1027.0,8228.0,0.0,0.0,0.0,0.0,0.0,1.0,0.0,0.0,0.0,-0.021,0.0,0.3,0.0,-0.6000000000000001,0.0,0.0851,16.0,25903.0
2026-07-30T18:58:39.430Z,88.913,88.926,0.0,7.4,0.0,0.0,0.0,0.0,0.0,0.0,0.0,0.0,1.0,0.0,0.0,0.0,9.0,4.0,0.0,0.0,0.0,0.0,0.0,0.0,0.0,0.0,2.0,12.0,1.0,12.18,5.0200000000000005,2.5,1.49,-1.5,3.3000000000000003,0.1,3.7,0.0,-0.2,-1.1,-1.3,-12.9,0.0,-52.0,13.7,0.0,21.4,34.300000000000004,34.300000000000004,35.2,300.0,300.0,30.3,34.300000000000004,32.9,32.5,34.1,4.95,1.99,4.96,0.16,0.0,0.0,1027.0,8228.0,0.0,0.0,0.0,0.0,0.0,1.0,0.0,0.0,0.0,-0.021,0.0,1.6,0.0,-1.7000000000000002,0.0,0.0857,16.0,25903.0
2026-07-30T18:58:39.442Z,88.925,88.938,0.0,7.4,0.0,0.0,0.0,0.0,0.0,0.0,0.0,0.0,1.0,0.0,0.0,0.0,9.0,4.0,0.0,0.0,0.0,0.0,0.0,0.0,0.0,0.0,3.0,12.0,1.0,12.18,5.0200000000000005,2.5,1.49,0.4,2.6,0.1,3.6,0.0,0.9,0.0,-0.7000000000000001,-11.6,0.0,-52.0,337.0,0.0,21.4,34.300000000000004,34.300000000000004,35.2,300.0,300.0,30.3,34.300000000000004,32.9,32.5,34.1,4.95,2.0,4.96,0.16,0.0,0.0,1027.0,8228.0,0.0,0.0,0.0,0.0,0.0,1.0,0.0,0.0,0.0,-0.02,0.0,0.6000000000000001,0.0,-0.5,0.0,0.0845,16.0,25903.0
2026-07-30T18:58:39.454Z,88.937,88.95,0.0,7.4,0.0,0.0,0.0,0.0,0.0,0.0,0.0,0.0,1.0,0.0,0.0,0.0,9.0,4.0,0.0,0.0,0.0,0.0,0.0,0.0,0.0,0.0,4.0,12.0,1.0,12.15,5.03,2.51,1.49,2.1,0.8,0.1,3.7,0.0,-0.2,0.6000000000000001,1.6,-7.800000000000001,0.0,-51.0,302.1,0.0,21.8,34.300000000000004,34.300000000000004,35.2,300.0,300.0,30.3,34.300000000000004,32.9,32.4,34.0,4.95,1.99,4.96,0.16,0.0,0.0,1027.0,8228.0,0.0,0.0,0.0,0.0,0.0,1.0,0.0,0.0,0.0,-0.02,0.0,-2.2,0.0,-0.6000000000000001,0.0,0.0838,16.0,25903.0
2026-07-30T18:58:39.466Z,88.949,88.962,0.0,7.4,0.0,0.0,0.0,0.0,0.0,0.0,0.0,0.0,1.0,0.0,0.0,0.0,9.0,4.0,0.0,0.0,0.0,0.0,0.0,0.0,0.0,0.0,5.0,12.0,1.0,12.15,5.03,2.51,1.49,2.9000000000000004,-0.8,0.1,3.6,0.0,-0.8,-0.4,-0.7000000000000001,-1.7000000000000002,0.0,-51.0,267.6,0.0,21.8,34.300000000000004,34.300000000000004,35.2,300.0,300.0,30.3,34.300000000000004,32.9,32.4,34.0,4.95,1.99,4.97,0.16,0.0,0.0,1027.0,8228.0,0.0,0.0,0.0,0.0,0.0,1.0,0.0,0.0,0.0,-0.019,0.0,0.6000000000000001,0.0,1.0,0.0,0.0807,16.0,25903.0
2026-07-30T18:58:39.478Z,88.961,88.974,0.0,7.4,0.0,0.0,0.0,0.0,0.0,0.0,0.0,0.0,1.0,0.0,0.0,0.0,9.0,4.0,0.0,0.0,0.0,0.0,0.0,0.0,0.0,0.0,6.0,12.0,1.0,12.15,5.03,2.51,1.49,2.7,-2.1,0.1,3.6,0.0,0.3,-1.0,-0.1,6.2,0.0,-50.0,237.6,0.0,21.8,34.300000000000004,34.300000000000004,35.2,300.0,300.0,30.3,34.300000000000004,32.9,32.4,34.0,4.96,1.99,4.96,0.16,0.0,0.0,1027.0,8228.0,0.0,0.0,0.0,0.0,0.0,1.0,0.0,0.0,0.0,-0.017,0.0,-0.6000000000000001,0.0,1.1,0.0,0.0786,16.0,25903.0
2026-07-30T18:58:39.491Z,88.974,88.986,0.0,7.4,0.0,0.0,0.0,0.0,0.0,0.0,0.0,0.0,1.0,0.0,0.0,0.0,9.0,4.0,0.0,0.0,0.0,0.0,0.0,0.0,0.0,0.0,1.0,12.0,1.0,12.15,5.03,2.51,1.49,1.8,-2.7,0.1,3.6,0.0,0.3,-0.5,-0.7000000000000001,15.8,0.0,-50.0,206.5,0.0,21.8,34.300000000000004,34.300000000000004,35.2,300.0,300.0,30.3,34.300000000000004,32.9,32.4,34.0,4.96,1.99,4.97,0.16,0.0,0.0,1027.0,8228.0,0.0,0.0,0.0,0.0,0.0,1.0,0.0,0.0,0.0,-0.017,0.0,-0.5,0.0,1.0,0.0,0.0707,16.0,25903.0
2026-07-30T18:58:39.503Z,88.986,88.998,0.0,7.4,0.0,0.0,0.0,0.0,0.0,0.0,0.0,0.0,1.0,0.0,0.0,0.0,9.0,4.0,0.0,0.0,0.0,0.0,0.0,0.0,0.0,0.0,2.0,12.0,1.0,12.15,5.03,2.51,1.49,0.3,-2.5,0.1,3.6,0.0,0.3,0.6000000000000001,0.0,23.700000000000003,0.0,-49.0,176.4,0.0,21.8,34.300000000000004,34.300000000000004,35.2,300.0,300.0,30.3,34.300000000000004,32.9,32.4,34.0,4.95,1.99,4.97,0.16,0.0,0.0,1027.0,8228.0,0.0,0.0,0.0,0.0,0.0,1.0,0.0,0.0,0.0,-0.017,0.0,0.7000000000000001,0.0,0.1,0.0,0.0701,16.0,25903.0
2026-07-30T18:58:39.515Z,88.998,89.01,0.0,7.4,0.0,0.0,0.0,0.0,0.0,0.0,0.0,0.0,1.0,0.0,0.0,0.0,9.0,4.0,0.0,0.0,0.0,0.0,0.0,0.0,0.0,0.0,3.0,12.0,1.0,12.15,5.03,2.51,1.49,-1.0,-1.6,0.1,3.6,0.0,-0.2,-0.5,-0.1,10.3,0.0,-49.0,146.5,0.0,21.8,34.300000000000004,34.300000000000004,35.2,300.0,300.0,30.3,34.300000000000004,32.9,32.4,34.0,4.96,1.99,4.96,0.16,0.0,0.0,1027.0,8228.0,0.0,0.0,0.0,0.0,0.0,1.0,0.0,0.0,0.0,-0.017,0.0,-0.6000000000000001,0.0,-0.2,0.0,0.0688,16.0,25903.0
2026-07-30T18:58:39.526Z,89.009,89.022,0.0,7.4,0.0,0.0,0.0,0.0,0.0,0.0,0.0,0.0,1.0,0.0,0.0,0.0,9.0,4.0,0.0,0.0,0.0,0.0,0.0,0.0,0.0,0.0,4.0,12.0,1.0,12.15,5.03,2.51,1.49,-2.0,-0.3,0.1,3.5,0.0,-0.2,-0.5,-0.6000000000000001,0.0,0.0,-48.0,117.4,0.0,21.8,34.300000000000004,34.300000000000004,35.2,300.0,300.0,30.3,34.300000000000004,32.9,32.4,34.0,4.95,2.0,4.96,0.16,0.0,0.0,1027.0,8228.0,0.0,0.0,0.0,0.0,0.0,1.0,0.0,0.0,0.0,-0.016,0.0,-1.0,0.0,-0.5,0.0,0.0682,16.0,25903.0
2026-07-30T18:58:39.538Z,89.021,89.034,0.0,7.4,0.0,0.0,0.0,0.0,0.0,0.0,0.0,0.0,1.0,0.0,0.0,0.0,9.0,4.0,0.0,0.0,0.0,0.0,0.0,0.0,0.0,0.0,6.0,12.0,1.0,12.15,5.03,2.51,1.49,-2.3000000000000003,0.8,0.1,3.5,0.0,0.3,1.2000000000000002,1.1,-7.5,0.0,-47.0,89.60000000000001,0.0,21.8,34.300000000000004,34.300000000000004,35.2,300.0,300.0,30.3,34.300000000000004,32.9,32.4,34.0,4.95,1.99,4.97,0.16,0.0,0.0,1027.0,8228.0,0.0,0.0,0.0,0.0,0.0,1.0,0.0,0.0,0.0,-0.016,0.0,1.0,0.0,2.0,0.0,0.0667,16.0,25903.0
2026-07-30T18:58:39.551Z,89.034,89.046,0.0,7.4,0.0,0.0,0.0,0.0,0.0,0.0,0.0,0.0,1.0,0.0,0.0,0.0,9.0,4.0,0.0,0.0,0.0,0.0,0.0,0.0,0.0,0.0,1.0,12.0,1.0,12.17,5.01,2.51,1.49,-2.3000000000000003,1.7000000000000002,0.1,3.5,0.0,-0.2,0.6000000000000001,-0.6000000000000001,-12.4,0.0,-47.0,62.1,0.0,21.9,34.300000000000004,34.300000000000004,35.1,300.0,300.0,30.200000000000003,34.300000000000004,32.9,32.4,34.0,4.95,2.0,4.97,0.16,0.0,0.0,1027.0,8228.0,0.0,0.0,0.0,0.0,0.0,1.0,0.0,0.0,0.0,-0.015,0.0,-0.7000000000000001,0.0,0.0,0.0,0.064,16.0,25903.0
2026-07-30T18:58:39.569Z,89.052,89.058,0.0,7.4,0.0,0.0,0.0,0.0,0.0,0.0,0.0,0.0,1.0,0.0,0.0,0.0,9.0,4.0,0.0,0.0,0.0,0.0,0.0,0.0,0.0,0.0,1.0,12.0,1.0,12.17,5.01,2.51,1.49,-1.7000000000000002,2.1,0.1,3.5,0.0,-0.1,-0.5,-1.7000000000000002,-15.1,0.0,-46.0,36.6,0.0,21.9,34.300000000000004,34.300000000000004,35.1,300.0,300.0,30.200000000000003,34.300000000000004,32.9,32.4,34.0,4.96,2.0,4.96,0.15,0.0,0.0,1027.0,8228.0,0.0,0.0,0.0,0.0,0.0,1.0,0.0,0.0,0.0,-0.014,0.0,0.2,0.0,-2.3000000000000003,0.0,0.0628,16.0,25903.0
2026-07-30T18:58:39.574Z,89.057,89.07000000000001,0.0,7.4,0.0,0.0,0.0,0.0,0.0,0.0,0.0,0.0,1.0,0.0,0.0,0.0,9.0,4.0,0.0,0.0,0.0,0.0,0.0,0.0,0.0,0.0,5.0,12.0,1.0,12.17,5.01,2.51,1.49,-0.9,2.3000000000000003,0.1,3.5,0.0,0.3,-0.4,1.2000000000000002,-15.8,0.0,-45.0,12.9,0.0,21.9,34.300000000000004,34.300000000000004,35.1,300.0,300.0,30.200000000000003,34.300000000000004,32.9,32.4,34.0,4.95,1.99,4.97,0.15,0.0,0.0,1027.0,8228.0,0.0,0.0,0.0,0.0,0.0,1.0,0.0,0.0,0.0,-0.013,0.0,0.1,0.0,1.2000000000000002,0.0,0.0592,16.0,25903.0
2026-07-30T18:58:39.586Z,89.069,89.08200000000001,0.0,7.4,0.0,0.0,0.0,0.0,0.0,0.0,0.0,0.0,1.0,0.0,0.0,0.0,9.0,4.0,0.0,0.0,0.0,0.0,0.0,0.0,0.0,0.0,6.0,12.0,1.0,12.17,5.01,2.51,1.49,0.0,2.0,0.0,3.4000000000000004,0.0,0.3,0.0,-1.1,-14.7,0.0,-44.0,349.3,0.0,21.9,34.300000000000004,34.300000000000004,35.1,300.0,300.0,30.200000000000003,34.300000000000004,32.9,32.4,34.0,4.95,1.99,4.97,0.16,0.0,0.0,1027.0,8228.0,0.0,0.0,0.0,0.0,0.0,1.0,0.0,0.0,0.0,-0.013,0.0,0.7000000000000001,0.0,-1.0,0.0,0.0552,16.0,25903.0
2026-07-30T18:58:39.598Z,89.081,89.09400000000001,0.0,7.4,0.0,0.0,0.0,0.0,0.0,0.0,0.0,0.0,1.0,0.0,0.0,0.0,9.0,4.0,0.0,0.0,0.0,0.0,0.0,0.0,0.0,0.0,1.0,12.0,1.0,12.17,5.01,2.51,1.49,0.7000000000000001,1.4,0.0,3.4000000000000004,0.0,-0.2,1.8,1.7000000000000002,-12.0,0.0,-43.0,326.20000000000005,0.0,21.9,34.300000000000004,34.300000000000004,35.1,300.0,300.0,30.200000000000003,34.300000000000004,32.9,32.4,34.0,4.96,2.0,4.97,0.16,0.0,0.0,1027.0,8228.0,0.0,0.0,0.0,0.0,0.0,1.0,0.0,0.0,0.0,-0.013,0.0,-1.7000000000000002,0.0,-0.5,0.0,0.0539,16.0,25903.0
2026-07-30T18:58:39.610Z,89.093,89.10600000000001,0.0,7.4,0.0,0.0,0.0,0.0,0.0,0.0,0.0,0.0,1.0,0.0,0.0,0.0,9.0,4.0,0.0,0.0,0.0,0.0,0.0,0.0,0.0,0.0,2.0,12.0,1.0,12.17,5.01,2.51,1.49,1.4,0.4,0.0,3.5,0.0,0.3,0.0,-1.2000000000000002,-7.800000000000001,0.0,-42.0,302.8,0.0,21.9,34.300000000000004,34.300000000000004,35.1,300.0,300.0,30.200000000000003,34.300000000000004,32.9,32.4,34.0,4.96,2.0,4.96,0.16,0.0,0.0,1027.0,8228.0,0.0,0.0,0.0,0.0,0.0,1.0,0.0,0.0,0.0,-0.013,0.0,0.3,0.0,-0.6000000000000001,0.0,0.0528,16.0,25903.0
2026-07-30T18:58:39.622Z,89.105,89.118,0.0,7.4,0.0,0.0,0.0,0.0,0.0,0.0,0.0,0.0,1.0,0.0,0.0,0.0,9.0,4.0,0.0,0.0,0.0,0.0,0.0,0.0,0.0,0.0,3.0,12.0,1.0,12.17,5.01,2.51,1.49,1.7000000000000002,-0.2,0.0,3.4000000000000004,0.0,0.3,-0.4,0.5,-2.2,0.0,-42.0,280.0,0.0,21.9,34.300000000000004,34.300000000000004,35.1,300.0,300.0,30.200000000000003,34.300000000000004,32.9,32.4,34.0,4.95,1.99,4.97,0.16,0.0,0.0,1027.0,8228.0,0.0,0.0,0.0,0.0,0.0,1.0,0.0,0.0,0.0,-0.013,0.0,0.6000000000000001,0.0,0.1,0.0,0.053,16.0,25903.0
2026-07-30T18:58:39.634Z,89.117,89.13,0.0,7.4,0.0,0.0,0.0,0.0,0.0,0.0,0.0,0.0,1.0,0.0,0.0,0.0,9.0,4.0,0.0,0.0,0.0,0.0,0.0,0.0,0.0,0.0,5.0,12.0,1.0,12.17,5.01,2.51,1.49,1.7000000000000002,-0.7000000000000001,0.0,3.4000000000000004,0.0,-0.2,0.0,-0.1,4.5,0.0,-41.0,258.90000000000003,0.0,21.9,34.300000000000004,34.300000000000004,35.1,300.0,300.0,30.200000000000003,34.300000000000004,32.9,32.4,34.0,4.95,1.99,4.97,0.16,0.0,0.0,1027.0,8228.0,0.0,0.0,0.0,0.0,0.0,1.0,0.0,0.0,0.0,-0.012,0.0,0.1,0.0,0.0,0.0,0.0523,16.0,25903.0
2026-07-30T18:58:39.646Z,89.129,89.142,0.0,7.4,0.0,0.0,0.0,0.0,0.0,0.0,0.0,0.0,1.0,0.0,0.0,0.0,9.0,4.0,0.0,0.0,0.0,0.0,0.0,0.0,0.0,0.0,6.0,12.0,1.0,12.17,5.01,2.51,1.49,1.5,-1.1,0.0,3.4000000000000004,0.0,-0.2,0.1,-0.1,12.3,0.0,-40.0,239.2,0.0,21.9,34.300000000000004,34.300000000000004,35.1,300.0,300.0,30.200000000000003,34.300000000000004,32.9,32.4,34.0,4.96,1.99,4.97,0.16,0.0,0.0,1027.0,8228.0,0.0,0.0,0.0,0.0,0.0,1.0,0.0,0.0,0.0,-0.011,0.0,0.1,0.0,0.0,0.0,0.049,16.0,25903.0
2026-07-30T18:58:39.658Z,89.141,89.154,0.0,7.4,0.0,0.0,0.0,0.0,0.0,0.0,0.0,0.0,1.0,0.0,0.0,0.0,9.0,4.0,0.0,0.0,0.0,0.0,0.0,0.0,0.0,0.0,1.0,12.0,1.0,12.18,5.01,2.5,1.49,1.2000000000000002,-1.2000000000000002,0.0,3.3000000000000003,0.0,-0.2,-0.5,-0.2,20.9,0.0,-39.0,220.9,0.0,21.700000000000003,34.300000000000004,34.2,35.1,300.0,300.0,30.3,34.300000000000004,32.9,32.4,34.0,4.96,1.99,4.97,0.16,0.0,0.0,1027.0,8228.0,0.0,0.0,0.0,0.0,0.0,1.0,0.0,0.0,0.0,-0.01,0.0,-0.4,0.0,0.6000000000000001,0.0,0.046,16.0,25903.0
2026-07-30T18:58:39.670Z,89.153,89.166,0.0,7.4,0.0,0.0,0.0,0.0,0.0,0.0,0.0,0.0,1.0,0.0,0.0,0.0,9.0,4.0,0.0,0.0,0.0,0.0,0.0,0.0,0.0,0.0,3.0,12.0,1.0,12.18,5.01,2.5,1.49,0.8,-1.2000000000000002,0.0,3.3000000000000003,0.0,-0.2,0.6000000000000001,0.3,30.0,0.0,-37.0,205.8,0.0,21.700000000000003,34.300000000000004,34.2,35.1,300.0,300.0,30.3,34.300000000000004,32.9,32.4,34.0,4.96,1.99,4.96,0.16,0.0,0.0,1027.0,8228.0,0.0,0.0,0.0,0.0,0.0,1.0,0.0,0.0,0.0,-0.009,0.0,0.6000000000000001,0.0,-0.6000000000000001,0.0,0.0426,16.0,25903.0
2026-07-30T18:58:39.682Z,89.165,89.178,0.0,7.4,0.0,0.0,0.0,0.0,0.0,0.0,0.0,0.0,1.0,0.0,0.0,0.0,9.0,4.0,0.0,0.0,0.0,0.0,0.0,0.0,0.0,0.0,4.0,12.0,1.0,12.18,5.01,2.5,1.49,0.4,-1.0,0.0,3.4000000000000004,0.0,0.3,0.6000000000000001,-0.8,39.6,0.0,-36.0,192.6,0.0,21.700000000000003,34.300000000000004,34.2,35.1,300.0,300.0,30.3,34.300000000000004,32.9,32.4,34.0,4.96,2.0,4.96,0.16,0.0,0.0,1027.0,8228.0,0.0,0.0,0.0,0.0,0.0,1.0,0.0,0.0,0.0,-0.007,0.0,0.4,0.0,0.7000000000000001,0.0,0.0367,16.0,25903.0
2026-07-30T18:58:39.694Z,89.177,89.19,0.0,7.4,0.0,0.0,0.0,0.0,0.0,0.0,0.0,0.0,1.0,0.0,0.0,0.0,9.0,4.0,0.0,0.0,0.0,0.0,0.0,0.0,0.0,0.0,5.0,12.0,1.0,12.18,5.01,2.5,1.49,0.2,-0.9,0.0,3.3000000000000003,0.0,-0.2,-0.5,-0.8,49.3,0.0,-35.0,180.6,0.0,21.700000000000003,34.300000000000004,34.2,35.1,300.0,300.0,30.3,34.300000000000004,32.9,32.4,34.0,4.95,1.99,4.96,0.16,0.0,0.0,1027.0,8228.0,0.0,0.0,0.0,0.0,0.0,1.0,0.0,0.0,0.0,-0.007,0.0,-1.1,0.0,0.8,0.0,0.0315,16.0,25903.0
2026-07-30T18:58:39.706Z,89.189,89.202,0.0,7.4,0.0,0.0,0.0,0.0,0.0,0.0,0.0,0.0,1.0,0.0,0.0,0.0,9.0,4.0,0.0,0.0,0.0,0.0,0.0,0.0,0.0,0.0,6.0,12.0,1.0,12.18,5.01,2.5,1.49,0.0,-0.8,0.0,3.2,0.0,-0.8,-1.1,-0.3,35.1,0.0,-33.0,170.0,0.0,21.700000000000003,34.300000000000004,34.2,35.1,300.0,300.0,30.3,34.300000000000004,32.9,32.4,34.0,4.95,1.99,4.97,0.16,0.0,0.0,1027.0,8228.0,0.0,0.0,0.0,0.0,0.0,1.0,0.0,0.0,0.0,-0.006,0.0,-1.5,0.0,0.0,0.0,0.0282,16.0,25903.0
2026-07-30T18:58:39.718Z,89.201,89.214,0.0,7.4,0.0,0.0,0.0,0.0,0.0,0.0,0.0,0.0,1.0,0.0,0.0,0.0,9.0,4.0,0.0,0.0,0.0,0.0,0.0,0.0,0.0,0.0,1.0,12.0,1.0,12.18,5.01,2.5,1.49,-0.1,-0.6000000000000001,0.0,3.3000000000000003,0.0,-0.2,-0.5,-0.8,20.5,0.0,-32.0,160.10000000000002,0.0,21.700000000000003,34.300000000000004,34.2,35.1,300.0,300.0,30.3,34.300000000000004,32.9,32.4,34.0,4.96,1.99,4.96,0.16,0.0,0.0,1027.0,8228.0,0.0,0.0,0.0,0.0,0.0,1.0,0.0,0.0,0.0,-0.005,0.0,-1.3,0.0,0.4,0.0,0.0252,16.0,25903.0
2026-07-30T18:58:39.731Z,89.214,89.226,0.0,7.4,0.0,0.0,0.0,0.0,0.0,0.0,0.0,0.0,1.0,0.0,0.0,0.0,9.0,4.0,0.0,0.0,0.0,0.0,0.0,0.0,0.0,0.0,2.0,12.0,1.0,12.18,5.01,2.5,1.49,-0.3,-0.7000000000000001,0.0,3.3000000000000003,0.0,-0.2,0.6000000000000001,1.4,7.800000000000001,0.0,-30.0,150.0,0.0,21.700000000000003,34.300000000000004,34.2,35.1,300.0,300.0,30.3,34.300000000000004,32.9,32.4,34.0,4.96,1.99,4.97,0.16,0.0,0.0,1027.0,8228.0,0.0,0.0,0.0,0.0,0.0,1.0,0.0,0.0,0.0,-0.005,0.0,2.0,0.0,-0.4,0.0,0.0231,16.0,25903.0
2026-07-30T18:58:39.743Z,89.226,89.238,0.0,7.4,0.0,0.0,0.0,0.0,0.0,0.0,0.0,0.0,1.0,0.0,0.0,0.0,9.0,4.0,0.0,0.0,0.0,0.0,0.0,0.0,0.0,0.0,3.0,12.0,1.0,12.18,5.01,2.5,1.49,-0.6000000000000001,-0.6000000000000001,0.0,3.2,0.0,-0.7000000000000001,0.0,0.2,-3.2,0.0,-29.0,137.8,0.0,21.700000000000003,34.300000000000004,34.2,35.1,300.0,300.0,30.3,34.300000000000004,32.9,32.4,34.0,4.95,1.99,4.97,0.16,0.0,0.0,1027.0,8228.0,0.0,0.0,0.0,0.0,0.0,1.0,0.0,0.0,0.0,-0.006,0.0,0.3,0.0,0.0,0.0,0.0228,16.0,25903.0
2026-07-30T18:58:39.755Z,89.238,89.25,0.0,7.4,0.0,0.0,0.0,0.0,0.0,0.0,0.0,0.0,1.0,0.0,0.0,0.0,9.0,4.0,0.0,0.0,0.0,0.0,0.0,0.0,0.0,0.0,4.0,12.0,1.0,12.18,5.0200000000000005,2.5,1.49,-1.2000000000000002,-0.2,0.0,3.2,0.0,-0.1,-0.5,-1.4,-12.4,0.0,-29.0,121.8,0.0,21.4,34.2,34.2,35.2,300.0,300.0,30.3,34.300000000000004,32.9,32.4,34.0,4.96,1.99,4.97,0.16,0.0,0.0,1027.0,8228.0,0.0,0.0,0.0,0.0,0.0,1.0,0.0,0.0,0.0,-0.008,0.0,-1.9,0.0,-0.4,0.0,0.0261,16.0,25903.0
2026-07-30T18:58:39.766Z,89.249,89.262,0.0,7.4,0.0,0.0,0.0,0.0,0.0,0.0,0.0,0.0,1.0,0.0,0.0,0.0,9.0,4.0,0.0,0.0,0.0,0.0,0.0,0.0,0.0,0.0,5.0,12.0,1.0,12.18,5.0200000000000005,2.5,1.49,-1.7000000000000002,0.2,0.0,3.2,0.0,-0.7000000000000001,-0.4,0.3,-19.6,0.0,-28.0,102.1,0.0,21.4,34.2,34.2,35.2,300.0,300.0,30.3,34.300000000000004,32.9,32.4,34.0,4.95,1.99,4.96,0.16,0.0,0.0,1027.0,8228.0,0.0,0.0,0.0,0.0,0.0,1.0,0.0,0.0,0.0,-0.01,0.0,0.2,0.0,-0.4,0.0,0.0332,16.0,25903.0
2026-07-30T18:58:39.778Z,89.261,89.274,0.0,7.4,0.0,0.0,0.0,0.0,0.0,0.0,0.0,0.0,1.0,0.0,0.0,0.0,9.0,4.0,0.0,0.0,0.0,0.0,0.0,0.0,0.0,0.0,6.0,12.0,1.0,12.18,5.0200000000000005,2.5,1.49,-2.1,1.0,0.0,3.2,0.0,0.4,0.6000000000000001,-0.7000000000000001,-24.8,0.0,-28.0,79.7,0.0,21.4,34.2,34.2,35.2,300.0,300.0,30.3,34.300000000000004,32.9,32.4,34.0,4.95,1.99,4.97,0.16,0.0,0.0,1027.0,8228.0,0.0,0.0,0.0,0.0,0.0,1.0,0.0,0.0,0.0,-0.012,0.0,-0.8,0.0,0.1,0.0,0.0417,16.0,25903.0
2026-07-30T18:58:39.790Z,89.273,89.286,0.0,7.4,0.0,0.0,0.0,0.0,0.0,0.0,0.0,0.0,1.0,0.0,0.0,0.0,9.0,4.0,0.0,0.0,0.0,0.0,0.0,0.0,0.0,0.0,1.0,12.0,1.0,12.18,5.0200000000000005,2.5,1.49,-2.1,1.9,0.0,3.1,0.0,0.0,0.0,-0.1,-27.8,0.0,-29.0,54.8,0.0,21.4,34.2,34.2,35.2,300.0,300.0,30.3,34.300000000000004,32.9,32.4,34.0,4.96,1.99,4.97,0.16,0.0,0.0,1027.0,8228.0,0.0,0.0,0.0,0.0,0.0,1.0,0.0,0.0,0.0,-0.013,0.0,-0.1,0.0,-0.1,0.0,0.0484,16.0,25903.0
2026-07-30T18:58:39.802Z,89.285,89.298,0.0,7.4,0.0,0.0,0.0,0.0,0.0,0.0,0.0,0.0,1.0,0.0,0.0,0.0,9.0,4.0,0.0,0.0,0.0,0.0,0.0,0.0,0.0,0.0,2.0,12.0,1.0,12.18,5.0200000000000005,2.5,1.49,-1.6,2.5,0.0,3.2,0.0,0.5,-0.4,-0.7000000000000001,-28.8,0.0,-29.0,28.6,0.0,21.4,34.2,34.2,35.2,300.0,300.0,30.3,34.300000000000004,32.9,32.4,34.0,4.96,1.99,4.96,0.16,0.0,0.0,1027.0,8228.0,0.0,0.0,0.0,0.0,0.0,1.0,0.0,0.0,0.0,-0.014,0.0,0.5,0.0,-1.1,0.0,0.0543,16.0,25903.0
2026-07-30T18:58:39.814Z,89.297,89.31,0.0,7.4,0.0,0.0,0.0,0.0,0.0,0.0,0.0,0.0,1.0,0.0,0.0,0.0,9.0,4.0,0.0,0.0,0.0,0.0,0.0,0.0,0.0,0.0,3.0,12.0,1.0,12.18,5.0200000000000005,2.5,1.49,-0.5,2.4000000000000004,0.1,3.1,0.0,0.5,0.6000000000000001,0.4,-27.8,0.0,-30.0,1.0,0.0,21.4,34.2,34.2,35.2,300.0,300.0,30.3,34.300000000000004,32.9,32.4,34.0,4.95,1.99,4.96,0.16,0.0,0.0,1027.0,8228.0,0.0,0.0,0.0,0.0,0.0,1.0,0.0,0.0,0.0,-0.015,0.0,-1.0,0.0,0.4,0.0,0.0583,16.0,25903.0
2026-07-30T18:58:39.827Z,89.31,89.322,0.0,7.4,0.0,0.0,0.0,0.0,0.0,0.0,0.0,0.0,1.0,0.0,0.0,0.0,9.0,4.0,0.0,0.0,0.0,0.0,0.0,0.0,0.0,0.0,4.0,12.0,1.0,12.18,5.0200000000000005,2.5,1.49,0.6000000000000001,1.9,0.1,3.2,0.0,0.5,0.0,1.0,-24.8,0.0,-30.0,332.90000000000003,0.0,21.4,34.2,34.2,35.2,300.0,300.0,30.3,34.300000000000004,32.9,32.4,34.0,4.95,1.99,4.96,0.16,0.0,0.0,1027.0,8228.0,0.0,0.0,0.0,0.0,0.0,1.0,0.0,0.0,0.0,-0.015,0.0,-1.1,0.0,0.6000000000000001,0.0,0.0614,16.0,25903.0
2026-07-30T18:58:39.839Z,89.322,89.334,0.0,7.4,0.0,0.0,0.0,0.0,0.0,0.0,0.0,0.0,1.0,0.0,0.0,0.0,9.0,4.0,0.0,0.0,0.0,0.0,0.0,0.0,0.0,0.0,5.0,12.0,1.0,12.18,5.0200000000000005,2.5,1.49,1.9,0.8,0.1,3.1,0.0,0.4,0.0,-0.1,-19.9,0.0,-31.0,302.8,0.0,21.4,34.2,34.2,35.2,300.0,300.0,30.3,34.300000000000004,32.9,32.4,34.0,4.95,2.0,4.96,0.16,0.0,0.0,1027.0,8228.0,0.0,0.0,0.0,0.0,0.0,1.0,0.0,0.0,0.0,-0.016,0.0,0.0,0.0,0.0,0.0,0.0632,16.0,25903.0
2026-07-30T18:58:39.851Z,89.334,89.346,0.0,7.4,0.0,0.0,0.0,0.0,0.0,0.0,0.0,0.0,1.0,0.0,0.0,0.0,9.0,4.0,0.0,0.0,0.0,0.0,0.0,0.0,0.0,0.0,6.0,12.0,1.0,12.18,5.0200000000000005,2.5,1.49,2.7,-0.6000000000000001,0.1,3.0,0.0,-0.6000000000000001,0.0,-0.1,-13.0,0.0,-32.0,269.7,0.0,21.4,34.2,34.2,35.2,300.0,300.0,30.3,34.300000000000004,32.9,32.4,34.0,4.95,2.0,4.96,0.16,0.0,0.0,1027.0,8228.0,0.0,0.0,0.0,0.0,0.0,1.0,0.0,0.0,0.0,-0.018,0.0,0.1,0.0,0.0,0.0,0.0669,16.0,25903.0
2026-07-30T18:58:39.863Z,89.346,89.358,0.0,7.4,0.0,0.0,0.0,0.0,0.0,0.0,0.0,0.0,1.0,0.0,0.0,0.0,9.0,4.0,0.0,0.0,0.0,0.0,0.0,0.0,0.0,0.0,1.0,12.0,1.0,12.15,5.01,2.51,1.5,2.7,-2.1,0.1,3.1,0.0,-0.6000000000000001,-1.6,-0.7000000000000001,-4.3,0.0,-33.0,237.3,0.0,21.0,34.2,34.2,35.1,300.0,300.0,30.3,34.4,32.800000000000004,32.4,34.0,4.95,1.99,4.97,0.16,0.0,0.0,1027.0,8228.0,0.0,0.0,0.0,0.0,0.0,1.0,0.0,0.0,0.0,-0.018,0.0,-0.6000000000000001,0.0,2.3000000000000003,0.0,0.0727,16.0,25903.0
2026-07-30T18:58:39.880Z,89.363,89.37,0.0,7.4,0.0,0.0,0.0,0.0,0.0,0.0,0.0,0.0,1.0,0.0,0.0,0.0,9.0,4.0,0.0,0.0,0.0,0.0,0.0,0.0,0.0,0.0,1.0,12.0,1.0,12.15,5.01,2.51,1.5,1.9,-2.8000000000000003,0.1,3.0,0.0,0.4,0.0,0.4,6.0,0.0,-34.0,205.9,0.0,21.0,34.2,34.2,35.1,300.0,300.0,30.3,34.4,32.800000000000004,32.4,34.0,4.95,1.99,4.96,0.16,0.0,0.0,1027.0,8228.0,0.0,0.0,0.0,0.0,0.0,1.0,0.0,0.0,0.0,-0.018,0.0,0.1,0.0,-0.5,0.0,0.0735,16.0,25903.0
2026-07-30T18:58:39.887Z,89.37,89.382,0.0,7.4,0.0,0.0,0.0,0.0,0.0,0.0,0.0,0.0,1.0,0.0,0.0,0.0,9.0,4.0,0.0,0.0,0.0,0.0,0.0,0.0,0.0,0.0,4.0,12.0,1.0,12.15,5.01,2.51,1.5,0.4,-2.7,0.1,3.0,0.0,0.5,1.2000000000000002,-0.1,14.3,0.0,-34.0,175.9,0.0,21.0,34.2,34.2,35.1,300.0,300.0,30.3,34.4,32.800000000000004,32.4,34.0,4.96,1.99,4.96,0.16,0.0,0.0,1027.0,8228.0,0.0,0.0,0.0,0.0,0.0,1.0,0.0,0.0,0.0,-0.017,0.0,1.3,0.0,0.2,0.0,0.0726,16.0,25903.0
2026-07-30T18:58:39.898Z,89.381,89.394,0.0,7.4,0.0,0.0,0.0,0.0,0.0,0.0,0.0,0.0,1.0,0.0,0.0,0.0,9.0,4.0,0.0,0.0,0.0,0.0,0.0,0.0,0.0,0.0,5.0,12.0,1.0,12.15,5.01,2.51,1.5,-1.2000000000000002,-1.8,0.1,3.0,0.0,0.0,0.6000000000000001,-0.1,1.7000000000000002,0.0,-35.0,143.70000000000002,0.0,21.0,34.2,34.2,35.1,300.0,300.0,30.3,34.4,32.800000000000004,32.4,34.0,4.95,1.99,4.97,0.16,0.0,0.0,1027.0,8228.0,0.0,0.0,0.0,0.0,0.0,1.0,0.0,0.0,0.0,-0.017,0.0,0.4,0.0,0.4,0.0,0.0691,16.0,25903.0
2026-07-30T18:58:39.911Z,89.394,89.406,0.0,7.4,0.0,0.0,0.0,0.0,0.0,0.0,0.0,0.0,1.0,0.0,0.0,0.0,9.0,4.0,0.0,0.0,0.0,0.0,0.0,0.0,0.0,0.0,6.0,12.0,1.0,12.15,5.01,2.51,1.5,-2.8000000000000003,0.0,0.1,3.0,0.0,0.0,-1.6,-0.1,-7.5,0.0,-36.0,107.2,0.0,21.0,34.2,34.2,35.1,300.0,300.0,30.3,34.4,32.800000000000004,32.4,34.0,4.96,1.99,4.96,0.16,0.0,0.0,1027.0,8228.0,0.0,0.0,0.0,0.0,0.0,1.0,0.0,0.0,0.0,-0.019,0.0,-0.6000000000000001,0.0,-1.8,0.0,0.0712,16.0,25903.0
2026-07-30T18:58:39.923Z,89.406,89.418,0.0,7.4,0.0,0.0,0.0,0.0,0.0,0.0,0.0,0.0,1.0,0.0,0.0,0.0,9.0,4.0,0.0,0.0,0.0,0.0,0.0,0.0,0.0,0.0,1.0,12.0,1.0,12.15,5.01,2.51,1.5,-3.4000000000000004,2.1,0.1,3.1,0.0,1.0,0.0,2.2,-13.3,0.0,-37.0,68.60000000000001,0.0,21.0,34.2,34.2,35.1,300.0,300.0,30.3,34.4,32.800000000000004,32.4,34.0,4.96,2.0,4.96,0.16,0.0,0.0,1027.0,8228.0,0.0,0.0,0.0,0.0,0.0,1.0,0.0,0.0,0.0,-0.021,0.0,1.5,0.0,2.1,0.0,0.0796,16.0,25903.0
2026-07-30T18:58:39.934Z,89.417,89.43,0.0,7.4,0.0,0.0,0.0,0.0,0.0,0.0,0.0,0.0,1.0,0.0,0.0,0.0,9.0,4.0,0.0,0.0,0.0,0.0,0.0,0.0,0.0,0.0,3.0,12.0,1.0,12.15,5.01,2.51,1.5,-2.4000000000000004,3.3000000000000003,0.1,3.1,0.0,-0.1,0.1,0.0,-15.9,0.0,-38.0,30.9,0.0,21.0,34.2,34.2,35.1,300.0,300.0,30.3,34.4,32.800000000000004,32.4,34.0,4.95,1.99,4.96,0.16,0.0,0.0,1027.0,8228.0,0.0,0.0,0.0,0.0,0.0,1.0,0.0,0.0,0.0,-0.021,0.0,-0.1,0.0,0.0,0.0,0.0857,16.0,25903.0
2026-07-30T18:58:39.946Z,89.429,89.44200000000001,0.0,7.4,0.0,0.0,0.0,0.0,0.0,0.0,0.0,0.0,1.0,0.0,0.0,0.0,9.0,4.0,0.0,0.0,0.0,0.0,0.0,0.0,0.0,0.0,4.0,12.0,1.0,12.15,5.01,2.51,1.5,-0.4,3.1,0.1,3.1,0.0,-0.1,0.6000000000000001,0.0,-15.7,0.0,-39.0,356.40000000000003,0.0,21.0,34.2,34.2,35.1,300.0,300.0,30.3,34.4,32.800000000000004,32.4,34.0,4.95,1.99,4.97,0.16,0.0,0.0,1027.0,8228.0,0.0,0.0,0.0,0.0,0.0,1.0,0.0,0.0,0.0,-0.02,0.0,-0.7000000000000001,0.0,-0.1,0.0,0.0863,16.0,25903.0
2026-07-30T18:58:39.959Z,89.442,89.45400000000001,0.0,7.4,0.0,0.0,0.0,0.0,0.0,0.0,0.0,0.0,1.0,0.0,0.0,0.0,9.0,4.0,0.0,0.0,0.0,0.0,0.0,0.0,0.0,0.0,5.0,12.0,1.0,12.15,5.0200000000000005,2.51,1.49,1.5,1.7000000000000002,0.1,3.1,0.0,0.4,0.1,0.0,-13.0,0.0,-40.0,320.8,0.0,21.8,34.2,34.2,35.1,300.0,300.0,30.200000000000003,34.300000000000004,32.800000000000004,32.4,34.0,4.96,2.0,4.96,0.16,0.0,0.0,1027.0,8228.0,0.0,0.0,0.0,0.0,0.0,1.0,0.0,0.0,0.0,-0.019,0.0,0.0,0.0,-0.1,0.0,0.0807,16.0,25903.0
2026-07-30T18:58:39.971Z,89.454,89.46600000000001,0.0,7.4,0.0,0.0,0.0,0.0,0.0,0.0,0.0,0.0,1.0,0.0,0.0,0.0,9.0,4.0,0.0,0.0,0.0,0.0,0.0,0.0,0.0,0.0,6.0,12.0,1.0,12.15,5.0200000000000005,2.51,1.49,2.9000000000000004,-0.2,0.1,3.0,0.0,1.0,1.2000000000000002,1.1,-7.7,0.0,-41.0,281.5,0.0,21.8,34.2,34.2,35.1,300.0,300.0,30.200000000000003,34.300000000000004,32.800000000000004,32.4,34.0,4.96,2.0,4.97,0.16,0.0,0.0,1027.0,8228.0,0.0,0.0,0.0,0.0,0.0,1.0,0.0,0.0,0.0,-0.021,0.0,-1.5,0.0,-1.8,0.0,0.0799,16.0,25903.0
2026-07-30T18:58:39.983Z,89.466,89.47800000000001,0.0,7.4,0.0,0.0,0.0,0.0,0.0,0.0,0.0,0.0,1.0,0.0,0.0,0.0,9.0,4.0,0.0,0.0,0.0,0.0,0.0,0.0,0.0,0.0,1.0,12.0,1.0,12.15,5.0200000000000005,2.51,1.49,3.2,-2.1,0.1,3.1,0.0,1.0,1.3,-1.2000000000000002,0.0,0.0,-42.0,241.1,0.0,21.8,34.2,34.2,35.1,300.0,300.0,30.200000000000003,34.300000000000004,32.800000000000004,32.4,34.0,4.95,1.99,4.97,0.16,0.0,0.0,1027.0,8228.0,0.0,0.0,0.0,0.0,0.0,1.0,0.0,0.0,0.0,-0.022,0.0,1.4,0.0,-0.1,0.0,0.0866,16.0,25903.0
2026-07-30T18:58:39.994Z,89.477,89.49,0.0,7.4,0.0,0.0,0.0,0.0,0.0,0.0,0.0,0.0,1.0,0.0,0.0,0.0,9.0,4.0,0.0,0.0,0.0,0.0,0.0,0.0,0.0,0.0,3.0,12.0,1.0,12.15,5.0200000000000005,2.51,1.49,2.2,-3.0,0.1,3.0,0.0,0.5,1.2000000000000002,1.7000000000000002,10.1,0.0,-43.0,203.2,0.0,21.8,34.2,34.2,35.1,300.0,300.0,30.200000000000003,34.300000000000004,32.800000000000004,32.4,34.0,4.96,1.99,4.96,0.16,0.0,0.0,1027.0,8228.0,0.0,0.0,0.0,0.0,0.0,1.0,0.0,0.0,0.0,-0.022,0.0,1.6,0.0,-2.5,0.0,0.0904,16.0,25903.0
2026-07-30T18:58:40.006Z,89.489,89.502,0.0,7.4,0.0,0.0,0.0,0.0,0.0,0.0,0.0,0.0,1.0,0.0,0.0,0.0,9.0,4.0,0.0,0.0,0.0,0.0,0.0,0.0,0.0,0.0,4.0,12.0,1.0,12.15,5.0200000000000005,2.51,1.49,0.4,-2.8000000000000003,0.1,3.1,0.0,-0.6000000000000001,0.6000000000000001,-1.1,15.1,0.0,-43.0,172.0,0.0,21.8,34.2,34.2,35.1,300.0,300.0,30.200000000000003,34.300000000000004,32.800000000000004,32.4,34.0,4.96,1.99,4.96,0.16,0.0,0.0,1027.0,8228.0,0.0,0.0,0.0,0.0,0.0,1.0,0.0,0.0,0.0,-0.018,0.0,0.0,0.0,1.1,0.0,0.0886,16.0,25903.0
2026-07-30T18:58:40.018Z,89.501,89.514,0.0,7.4,0.0,0.0,0.0,0.0,0.0,0.0,0.0,0.0,1.0,0.0,0.0,0.0,9.0,4.0,0.0,0.0,0.0,0.0,0.0,0.0,0.0,0.0,5.0,12.0,1.0,12.15,5.0200000000000005,2.51,1.49,-1.1,-1.6,0.1,3.1,0.0,-0.6000000000000001,1.2000000000000002,-0.5,2.6,0.0,-43.0,144.20000000000002,0.0,21.8,34.2,34.2,35.1,300.0,300.0,30.200000000000003,34.300000000000004,32.800000000000004,32.4,34.0,4.96,1.99,4.96,0.16,0.0,0.0,1027.0,8228.0,0.0,0.0,0.0,0.0,0.0,1.0,0.0,0.0,0.0,-0.016,0.0,0.6000000000000001,0.0,1.1,0.0,0.0754,16.0,25903.0
2026-07-30T18:58:40.030Z,89.513,89.526,0.0,7.4,0.0,0.0,0.0,0.0,0.0,0.0,0.0,0.0,1.0,0.0,0.0,0.0,9.0,4.0,0.0,0.0,0.0,0.0,0.0,0.0,0.0,0.0,6.0,12.0,1.0,12.15,5.0200000000000005,2.51,1.49,-2.2,-0.2,0.1,3.1,0.0,-0.6000000000000001,1.2000000000000002,1.1,-7.0,0.0,-42.0,116.1,0.0,21.8,34.2,34.2,35.1,300.0,300.0,30.200000000000003,34.300000000000004,32.800000000000004,32.4,34.0,4.96,2.0,4.96,0.16,0.0,0.0,1027.0,8228.0,0.0,0.0,0.0,0.0,0.0,1.0,0.0,0.0,0.0,-0.015,0.0,1.9,0.0,1.4,0.0,0.0665,16.0,25903.0
2026-07-30T18:58:40.042Z,89.525,89.538,0.0,7.4,0.0,0.0,0.0,0.0,0.0,0.0,0.0,0.0,1.0,0.0,0.0,0.0,9.0,4.0,0.0,0.0,0.0,0.0,0.0,0.0,0.0,0.0,1.0,12.0,1.0,12.15,5.0200000000000005,2.51,1.49,-2.6,1.0,0.1,3.0,0.0,0.5,0.7000000000000001,-0.6000000000000001,-13.8,0.0,-42.0,85.4,0.0,21.8,34.2,34.2,35.1,300.0,300.0,30.200000000000003,34.300000000000004,32.800000000000004,32.4,34.0,4.96,2.0,4.96,0.16,0.0,0.0,1027.0,8228.0,0.0,0.0,0.0,0.0,0.0,1.0,0.0,0.0,0.0,-0.016,0.0,-0.6000000000000001,0.0,0.4,0.0,0.0636,16.0,25903.0
2026-07-30T18:58:40.054Z,89.537,89.55,0.0,7.4,0.0,0.0,0.0,0.0,0.0,0.0,0.0,0.0,1.0,0.0,0.0,0.0,9.0,4.0,0.0,0.0,0.0,0.0,0.0,0.0,0.0,0.0,3.0,12.0,1.0,12.15,5.0200000000000005,2.51,1.49,-2.5,2.2,0.1,3.0,0.0,0.5,-2.1,-0.5,-17.8,0.0,-42.0,54.3,0.0,21.8,34.2,34.2,35.1,300.0,300.0,30.200000000000003,34.300000000000004,32.800000000000004,32.4,34.0,4.95,2.0,4.97,0.16,0.0,0.0,1027.0,8228.0,0.0,0.0,0.0,0.0,0.0,1.0,0.0,0.0,0.0,-0.017,0.0,1.1,0.0,-2.6,0.0,0.0676,16.0,25903.0
2026-07-30T18:58:40.066Z,89.549,89.562,0.0,7.4,0.0,0.0,0.0,0.0,0.0,0.0,0.0,0.0,1.0,0.0,0.0,0.0,9.0,4.0,0.0,0.0,0.0,0.0,0.0,0.0,0.0,0.0,4.0,12.0,1.0,12.15,5.01,2.51,1.49,-1.6,2.6,0.1,2.9000000000000004,0.0,0.0,0.7000000000000001,-1.2000000000000002,-19.4,0.0,-42.0,25.200000000000003,0.0,21.8,34.2,34.2,35.1,300.0,300.0,30.4,34.300000000000004,32.800000000000004,32.4,34.0,4.95,2.0,4.97,0.16,0.0,0.0,1027.0,8228.0,0.0,0.0,0.0,0.0,0.0,1.0,0.0,0.0,0.0,-0.016,0.0,-0.6000000000000001,0.0,-1.0,0.0,0.0701,16.0,25903.0
2026-07-30T18:58:40.078Z,89.561,89.574,0.0,7.4,0.0,0.0,0.0,0.0,0.0,0.0,0.0,0.0,1.0,0.0,0.0,0.0,9.0,4.0,0.0,0.0,0.0,0.0,0.0,0.0,0.0,0.0,5.0,12.0,1.0,12.15,5.01,2.51,1.49,-0.5,2.4000000000000004,0.1,3.0,0.0,0.0,0.1,-0.6000000000000001,-18.8,0.0,-42.0,357.20000000000005,0.0,21.8,34.2,34.2,35.1,300.0,300.0,30.4,34.300000000000004,32.800000000000004,32.4,34.0,4.96,2.0,4.97,0.16,0.0,0.0,1027.0,8228.0,0.0,0.0,0.0,0.0,0.0,1.0,0.0,0.0,0.0,-0.016,0.0,0.2,0.0,-0.6000000000000001,0.0,0.0673,16.0,25903.0
2026-07-30T18:58:40.090Z,89.573,89.586,0.0,7.4,0.0,0.0,0.0,0.0,0.0,0.0,0.0,0.0,1.0,0.0,0.0,0.0,9.0,4.0,0.0,0.0,0.0,0.0,0.0,0.0,0.0,0.0,6.0,12.0,1.0,12.15,5.01,2.51,1.49,0.5,1.6,0.0,2.9000000000000004,0.0,0.0,-1.0,1.1,-16.2,0.0,-42.0,330.1,0.0,21.8,34.2,34.2,35.1,300.0,300.0,30.4,34.300000000000004,32.800000000000004,32.4,34.0,4.95,2.0,4.96,0.16,0.0,0.0,1027.0,8228.0,0.0,0.0,0.0,0.0,0.0,1.0,0.0,0.0,0.0,-0.015,0.0,-0.1,0.0,1.2000000000000002,0.0,0.0647,16.0,25903.0
2026-07-30T18:58:40.102Z,89.585,89.598,0.0,7.4,0.0,0.0,0.0,0.0,0.0,0.0,0.0,0.0,1.0,0.0,0.0,0.0,9.0,4.0,0.0,0.0,0.0,0.0,0.0,0.0,0.0,0.0,1.0,12.0,1.0,12.15,5.01,2.51,1.49,1.3,0.8,0.0,3.0,0.0,0.0,-0.4,0.0,-12.0,0.0,-41.0,304.3,0.0,21.8,34.2,34.2,35.1,300.0,300.0,30.4,34.300000000000004,32.800000000000004,32.4,34.0,4.95,1.99,4.97,0.16,0.0,0.0,1027.0,8228.0,0.0,0.0,0.0,0.0,0.0,1.0,0.0,0.0,0.0,-0.014,0.0,0.2,0.0,0.4,0.0,0.0628,16.0,25903.0
2026-07-30T18:58:40.114Z,89.597,89.61,0.0,7.4,0.0,0.0,0.0,0.0,0.0,0.0,0.0,0.0,1.0,0.0,0.0,0.0,9.0,4.0,0.0,0.0,0.0,0.0,0.0,0.0,0.0,0.0,2.0,12.0,1.0,12.15,5.01,2.51,1.49,1.9,0.0,0.0,2.9000000000000004,0.0,0.0,0.7000000000000001,0.5,-6.2,0.0,-41.0,280.5,0.0,21.8,34.2,34.2,35.1,300.0,300.0,30.4,34.300000000000004,32.800000000000004,32.4,34.0,4.95,2.0,4.96,0.16,0.0,0.0,1027.0,8228.0,0.0,0.0,0.0,0.0,0.0,1.0,0.0,0.0,0.0,-0.014,0.0,0.0,0.0,-0.1,0.0,0.0599,16.0,25903.0
2026-07-30T18:58:40.126Z,89.609,89.622,0.0,7.4,0.0,0.0,0.0,0.0,0.0,0.0,0.0,0.0,1.0,0.0,0.0,0.0,9.0,4.0,0.0,0.0,0.0,0.0,0.0,0.0,0.0,0.0,3.0,12.0,1.0,12.15,5.01,2.51,1.49,1.9,-0.7000000000000001,0.0,3.0,0.0,0.0,0.7000000000000001,0.0,0.8,0.0,-40.0,259.40000000000003,0.0,21.8,34.2,34.2,35.1,300.0,300.0,30.4,34.300000000000004,32.800000000000004,32.4,34.0,4.96,1.99,4.96,0.16,0.0,0.0,1027.0,8228.0,0.0,0.0,0.0,0.0,0.0,1.0,0.0,0.0,0.0,-0.012,0.0,-0.8,0.0,-1.7000000000000002,0.0,0.0568,16.0,25903.0
2026-07-30T18:58:40.138Z,89.621,89.634,0.0,7.4,0.0,0.0,0.0,0.0,0.0,0.0,0.0,0.0,1.0,0.0,0.0,0.0,9.0,4.0,0.0,0.0,0.0,0.0,0.0,0.0,0.0,0.0,4.0,12.0,1.0,12.15,5.01,2.51,1.49,1.9,-1.4,0.0,2.9000000000000004,0.0,-0.6000000000000001,-0.4,-0.7000000000000001,8.9,0.0,-39.0,235.4,0.0,21.8,34.2,34.2,35.1,300.0,300.0,30.4,34.300000000000004,32.800000000000004,32.4,34.0,4.95,1.99,4.97,0.16,0.0,0.0,1027.0,8228.0,0.0,0.0,0.0,0.0,0.0,1.0,0.0,0.0,0.0,-0.013,0.0,0.0,0.0,1.1,0.0,0.0497,16.0,25903.0
2026-07-30T18:58:40.151Z,89.634,89.646,0.0,7.4,0.0,0.0,0.0,0.0,0.0,0.0,0.0,0.0,1.0,0.0,0.0,0.0,9.0,4.0,0.0,0.0,0.0,0.0,0.0,0.0,0.0,0.0,5.0,12.0,1.0,12.15,5.01,2.51,1.49,1.4,-1.6,0.0,3.0,0.0,0.4,-1.0,-0.7000000000000001,18.3,0.0,-39.0,212.1,0.0,21.8,34.2,34.2,35.1,300.0,300.0,30.4,34.300000000000004,32.800000000000004,32.4,34.0,4.96,2.0,4.97,0.16,0.0,0.0,1027.0,8228.0,0.0,0.0,0.0,0.0,0.0,1.0,0.0,0.0,0.0,-0.013,0.0,-1.0,0.0,0.1,0.0,0.0526,16.0,25903.0
2026-07-30T18:58:40.164Z,89.647,89.658,0.0,7.4,0.0,0.0,0.0,0.0,0.0,0.0,0.0,0.0,1.0,0.0,0.0,0.0,9.0,4.0,0.0,0.0,0.0,0.0,0.0,0.0,0.0,0.0,6.0,12.0,1.0,12.17,5.01,2.51,1.49,0.9,-1.9,0.0,2.8000000000000003,0.0,0.5,0.1,0.4,28.4,0.0,-38.0,193.0,0.0,21.700000000000003,34.2,34.2,35.1,300.0,300.0,30.4,34.300000000000004,32.800000000000004,32.4,34.0,4.96,1.99,4.96,0.16,0.0,0.0,1027.0,8228.0,0.0,0.0,0.0,0.0,0.0,1.0,0.0,0.0,0.0,-0.011,0.0,0.3,0.0,-0.4,0.0,0.0531,16.0,25903.0
2026-07-30T18:58:40.175Z,89.658,89.67,0.0,7.4,0.0,0.0,0.0,0.0,0.0,0.0,0.0,0.0,1.0,0.0,0.0,0.0,9.0,4.0,0.0,0.0,0.0,0.0,0.0,0.0,0.0,0.0,1.0,12.0,1.0,12.17,5.01,2.51,1.49,0.2,-1.6,0.0,2.8000000000000003,0.0,0.4,0.1,1.0,30.5,0.0,-37.0,173.8,0.0,21.700000000000003,34.2,34.2,35.1,300.0,300.0,30.4,34.300000000000004,32.800000000000004,32.4,34.0,4.95,1.99,4.96,0.16,0.0,0.0,1027.0,8228.0,0.0,0.0,0.0,0.0,0.0,1.0,0.0,0.0,0.0,-0.01,0.0,0.8,0.0,-0.9,0.0,0.0458,16.0,25903.0
2026-07-30T18:58:40.194Z,89.677,89.682,0.0,7.4,0.0,0.0,0.0,0.0,0.0,0.0,0.0,0.0,1.0,0.0,0.0,0.0,9.0,4.0,0.0,0.0,0.0,0.0,0.0,0.0,0.0,0.0,2.0,12.0,1.0,12.17,5.01,2.51,1.49,-0.3,-1.1,0.0,2.8000000000000003,0.0,1.0,0.7000000000000001,-0.7000000000000001,16.2,0.0,-36.0,158.0,0.0,21.700000000000003,34.2,34.2,35.1,300.0,300.0,30.4,34.300000000000004,32.800000000000004,32.4,34.0,4.96,1.99,4.97,0.16,0.0,0.0,1027.0,8228.0,0.0,0.0,0.0,0.0,0.0,1.0,0.0,0.0,0.0,-0.009,0.0,0.1,0.0,0.8,0.0,0.0438,16.0,25903.0
2026-07-30T18:58:40.198Z,89.681,89.694,0.0,7.4,0.0,0.0,0.0,0.0,0.0,0.0,0.0,0.0,1.0,0.0,0.0,0.0,9.0,4.0,0.0,0.0,0.0,0.0,0.0,0.0,0.0,0.0,1.0,12.0,1.0,12.17,5.01,2.51,1.49,-0.6000000000000001,-0.7000000000000001,0.0,2.8000000000000003,0.0,0.5,-0.4,1.0,4.1000000000000005,0.0,-35.0,144.1,0.0,21.700000000000003,34.2,34.2,35.1,300.0,300.0,30.4,34.300000000000004,32.800000000000004,32.4,34.0,4.96,1.99,4.96,0.16,0.0,0.0,1027.0,8228.0,0.0,0.0,0.0,0.0,0.0,1.0,0.0,0.0,0.0,-0.008,0.0,0.6000000000000001,0.0,-0.7000000000000001,0.0,0.0383,16.0,25903.0
2026-07-30T18:58:40.210Z,89.693,89.706,0.0,7.4,0.0,0.0,0.0,0.0,0.0,0.0,0.0,0.0,1.0,0.0,0.0,0.0,9.0,4.0,0.0,0.0,0.0,0.0,0.0,0.0,0.0,0.0,2.0,12.0,1.0,12.17,5.01,2.51,1.49,-0.8,-0.3,0.0,2.8000000000000003,0.0,0.4,1.3,1.0,-6.2,0.0,-33.0,132.20000000000002,0.0,21.700000000000003,34.2,34.2,35.1,300.0,300.0,30.4,34.300000000000004,32.800000000000004,32.4,34.0,4.96,1.99,4.96,0.16,0.0,0.0,1027.0,8228.0,0.0,0.0,0.0,0.0,0.0,1.0,0.0,0.0,0.0,-0.007,0.0,2.1,0.0,0.8,0.0,0.0334,16.0,25903.0
2026-07-30T18:58:40.222Z,89.705,89.718,0.0,7.4,0.0,0.0,0.0,0.0,0.0,0.0,0.0,0.0,1.0,0.0,0.0,0.0,9.0,4.0,0.0,0.0,0.0,0.0,0.0,0.0,0.0,0.0,3.0,12.0,1.0,12.17,5.01,2.51,1.49,-0.9,-0.1,0.0,2.8000000000000003,0.0,0.4,0.7000000000000001,0.4,-14.9,0.0,-32.0,119.3,0.0,21.700000000000003,34.2,34.2,35.1,300.0,300.0,30.4,34.300000000000004,32.800000000000004,32.4,34.0,4.95,1.99,4.96,0.16,0.0,0.0,1027.0,8228.0,0.0,0.0,0.0,0.0,0.0,1.0,0.0,0.0,0.0,-0.007,0.0,0.9,0.0,0.7000000000000001,0.0,0.0284,16.0,25903.0
2026-07-30T18:58:40.234Z,89.717,89.73,0.0,7.4,0.0,0.0,0.0,0.0,0.0,0.0,0.0,0.0,1.0,0.0,0.0,0.0,9.0,4.0,0.0,0.0,0.0,0.0,0.0,0.0,0.0,0.0,4.0,12.0,1.0,12.17,5.01,2.51,1.49,-0.9,0.2,0.0,2.8000000000000003,0.0,-0.1,-1.0,-1.3,-22.0,0.0,-31.0,106.8,0.0,21.700000000000003,34.2,34.2,35.1,300.0,300.0,30.4,34.300000000000004,32.800000000000004,32.4,34.0,4.96,1.99,4.96,0.16,0.0,0.0,1027.0,8228.0,0.0,0.0,0.0,0.0,0.0,1.0,0.0,0.0,0.0,-0.007,0.0,-1.8,0.0,-1.5,0.0,0.0287,16.0,25903.0
2026-07-30T18:58:40.246Z,89.729,89.742,0.0,7.4,0.0,0.0,0.0,0.0,0.0,0.0,0.0,0.0,1.0,0.0,0.0,0.0,9.0,4.0,0.0,0.0,0.0,0.0,0.0,0.0,0.0,0.0,5.0,12.0,1.0,12.17,5.01,2.51,1.49,-0.9,0.3,0.0,2.8000000000000003,0.0,1.0,0.1,1.0,-27.8,0.0,-30.0,95.6,0.0,21.700000000000003,34.2,34.2,35.1,300.0,300.0,30.4,34.300000000000004,32.800000000000004,32.4,34.0,4.95,2.0,4.96,0.16,0.0,0.0,1027.0,8228.0,0.0,0.0,0.0,0.0,0.0,1.0,0.0,0.0,0.0,-0.006,0.0,1.0,0.0,0.6000000000000001,0.0,0.0287,16.0,25903.0
2026-07-30T18:58:40.258Z,89.741,89.754,0.0,7.4,0.0,0.0,0.0,0.0,0.0,0.0,0.0,0.0,1.0,0.0,0.0,0.0,9.0,4.0,0.0,0.0,0.0,0.0,0.0,0.0,0.0,0.0,6.0,12.0,1.0,12.17,5.01,2.51,1.49,-0.9,0.4,0.0,2.8000000000000003,0.0,-0.7000000000000001,0.1,-1.3,-32.300000000000004,0.0,-29.0,84.2,0.0,21.700000000000003,34.2,34.2,35.1,300.0,300.0,30.4,34.300000000000004,32.800000000000004,32.4,34.0,4.95,1.99,4.97,0.16,0.0,0.0,1027.0,8228.0,0.0,0.0,0.0,0.0,0.0,1.0,0.0,0.0,0.0,-0.006,0.0,-1.2000000000000002,0.0,-0.7000000000000001,0.0,0.0265,16.0,25903.0
2026-07-30T18:58:40.270Z,89.753,89.766,0.0,7.4,0.0,0.0,0.0,0.0,0.0,0.0,0.0,0.0,1.0,0.0,0.0,0.0,9.0,4.0,0.0,0.0,0.0,0.0,0.0,0.0,0.0,0.0,1.0,12.0,1.0,12.17,5.0200000000000005,2.51,1.49,-0.9,0.5,0.0,2.7,0.0,1.0,1.3,0.9,-35.6,0.0,-28.0,73.10000000000001,0.0,21.3,34.2,34.1,35.1,300.0,300.0,30.4,34.2,32.800000000000004,32.4,34.0,4.96,1.99,4.97,0.16,0.0,0.0,1027.0,8228.0,0.0,0.0,0.0,0.0,0.0,1.0,0.0,0.0,0.0,-0.006,0.0,0.3,0.0,2.2,0.0,0.0256,16.0,25903.0
2026-07-30T18:58:40.282Z,89.765,89.778,0.0,7.4,0.0,0.0,0.0,0.0,0.0,0.0,0.0,0.0,1.0,0.0,0.0,0.0,9.0,4.0,0.0,0.0,0.0,0.0,0.0,0.0,0.0,0.0,2.0,12.0,1.0,12.17,5.0200000000000005,2.51,1.49,-0.9,0.7000000000000001,0.0,2.7,0.0,1.0,0.1,1.5,-37.9,0.0,-27.0,61.900000000000006,0.0,21.3,34.2,34.1,35.1,300.0,300.0,30.4,34.2,32.800000000000004,32.4,34.0,4.96,1.99,4.96,0.16,0.0,0.0,1027.0,8228.0,0.0,0.0,0.0,0.0,0.0,1.0,0.0,0.0,0.0,-0.006,0.0,0.8,0.0,1.6,0.0,0.0255,16.0,25903.0
2026-07-30T18:58:40.294Z,89.777,89.79,0.0,7.4,0.0,0.0,0.0,0.0,0.0,0.0,0.0,0.0,1.0,0.0,0.0,0.0,9.0,4.0,0.0,0.0,0.0,0.0,0.0,0.0,0.0,0.0,3.0,12.0,1.0,12.17,5.0200000000000005,2.51,1.49,-0.7000000000000001,0.6000000000000001,0.0,2.7,0.0,1.0,-0.4,-0.2,-39.3,0.0,-26.0,52.2,0.0,21.3,34.2,34.1,35.1,300.0,300.0,30.4,34.2,32.800000000000004,32.4,34.0,4.95,1.99,4.96,0.16,0.0,0.0,1027.0,8228.0,0.0,0.0,0.0,0.0,0.0,1.0,0.0,0.0,0.0,-0.005,0.0,0.2,0.0,-0.6000000000000001,0.0,0.0254,16.0,25903.0
2026-07-30T18:58:40.306Z,89.789,89.802,0.0,7.4,0.0,0.0,0.0,0.0,0.0,0.0,0.0,0.0,1.0,0.0,0.0,0.0,9.0,4.0,0.0,0.0,0.0,0.0,0.0,0.0,0.0,0.0,4.0,12.0,1.0,12.17,5.0200000000000005,2.51,1.49,-0.5,0.7000000000000001,0.0,2.7,0.0,-0.1,0.1,0.3,-39.900000000000006,0.0,-25.0,43.1,0.0,21.3,34.2,34.1,35.1,300.0,300.0,30.4,34.2,32.800000000000004,32.4,34.0,4.95,2.0,4.96,0.16,0.0,0.0,1027.0,8228.0,0.0,0.0,0.0,0.0,0.0,1.0,0.0,0.0,0.0,-0.005,0.0,0.0,0.0,0.5,0.0,0.0233,16.0,25903.0
2026-07-30T18:58:40.318Z,89.801,89.81400000000001,0.0,7.4,0.0,0.0,0.0,0.0,0.0,0.0,0.0,0.0,1.0,0.0,0.0,0.0,9.0,4.0,0.0,0.0,0.0,0.0,0.0,0.0,0.0,0.0,5.0,12.0,1.0,12.17,5.0200000000000005,2.51,1.49,-0.4,0.6000000000000001,0.0,2.6,0.0,0.3,1.3,1.5,-39.900000000000006,0.0,-24.0,35.4,0.0,21.3,34.2,34.1,35.1,300.0,300.0,30.4,34.2,32.800000000000004,32.4,34.0,4.95,2.0,4.96,0.16,0.0,0.0,1027.0,8228.0,0.0,0.0,0.0,0.0,0.0,1.0,0.0,0.0,0.0,-0.004,0.0,-1.1,0.0,2.6,0.0,0.0213,16.0,25903.0
2026-07-30T18:58:40.330Z,89.813,89.82600000000001,0.0,7.4,0.0,0.0,0.0,0.0,0.0,0.0,0.0,0.0,1.0,0.0,0.0,0.0,9.0,4.0,0.0,0.0,0.0,0.0,0.0,0.0,0.0,0.0,6.0,12.0,1.0,12.17,5.0200000000000005,2.51,1.49,-0.4,0.6000000000000001,0.0,2.7,0.0,0.3,-0.3,-0.7000000000000001,-39.3,0.0,-23.0,28.700000000000003,0.0,21.3,34.2,34.1,35.1,300.0,300.0,30.4,34.2,32.800000000000004,32.4,34.0,4.95,2.0,4.96,0.16,0.0,0.0,1027.0,8228.0,0.0,0.0,0.0,0.0,0.0,1.0,0.0,0.0,0.0,-0.004,0.0,0.4,0.0,-1.0,0.0,0.0186,16.0,25903.0
2026-07-30T18:58:40.342Z,89.825,89.83800000000001,0.0,7.4,0.0,0.0,0.0,0.0,0.0,0.0,0.0,0.0,1.0,0.0,0.0,0.0,9.0,4.0,0.0,0.0,0.0,0.0,0.0,0.0,0.0,0.0,1.0,12.0,1.0,12.17,5.0200000000000005,2.51,1.49,-0.4,0.7000000000000001,0.0,2.7,0.0,-0.7000000000000001,-0.3,-0.1,-38.3,0.0,-22.0,21.6,0.0,21.3,34.2,34.1,35.1,300.0,300.0,30.4,34.2,32.800000000000004,32.4,34.0,4.95,1.99,4.97,0.16,0.0,0.0,1027.0,8228.0,0.0,0.0,0.0,0.0,0.0,1.0,0.0,0.0,0.0,-0.003,0.0,0.4,0.0,-0.3,0.0,0.0161,16.0,25903.0
2026-07-30T18:58:40.354Z,89.837,89.85000000000001,0.0,7.4,0.0,0.0,0.0,0.0,0.0,0.0,0.0,0.0,1.0,0.0,0.0,0.0,9.0,4.0,0.0,0.0,0.0,0.0,0.0,0.0,0.0,0.0,2.0,12.0,1.0,12.17,5.0200000000000005,2.51,1.49,-0.3,0.7000000000000001,0.0,2.7,0.0,-0.1,0.7000000000000001,-0.7000000000000001,-36.8,0.0,-21.0,14.0,0.0,21.3,34.2,34.1,35.1,300.0,300.0,30.4,34.2,32.800000000000004,32.4,34.0,4.95,1.99,4.96,0.16,0.0,0.0,1027.0,8228.0,0.0,0.0,0.0,0.0,0.0,1.0,0.0,0.0,0.0,-0.004,0.0,-0.5,0.0,-0.5,0.0,0.0159,16.0,25903.0
2026-07-30T18:58:40.368Z,89.851,89.862,0.0,7.4,0.0,0.0,0.0,0.0,0.0,0.0,0.0,0.0,1.0,0.0,0.0,0.0,9.0,4.0,0.0,0.0,0.0,0.0,0.0,0.0,0.0,0.0,3.0,12.0,1.0,12.11,5.01,2.51,1.49,-0.2,0.7000000000000001,0.0,2.6,0.0,-0.2,0.1,-1.2000000000000002,-34.800000000000004,0.0,-20.0,5.4,0.0,21.4,34.2,34.1,35.1,300.0,300.0,30.3,34.300000000000004,32.800000000000004,32.4,34.0,4.95,1.99,4.96,0.16,0.0,0.0,1027.0,8228.0,0.0,0.0,0.0,0.0,0.0,1.0,0.0,0.0,0.0,-0.004,0.0,0.4,0.0,-1.3,0.0,0.0167,16.0,25903.0
2026-07-30T18:58:40.378Z,89.861,89.874,0.0,7.4,0.0,0.0,0.0,0.0,0.0,0.0,0.0,0.0,1.0,0.0,0.0,0.0,9.0,4.0,0.0,0.0,0.0,0.0,0.0,0.0,0.0,0.0,4.0,12.0,1.0,12.11,5.01,2.51,1.49,-0.2,0.7000000000000001,0.0,2.6,0.0,-0.2,0.1,0.0,-32.4,0.0,-20.0,357.70000000000005,0.0,21.4,34.2,34.1,35.1,300.0,300.0,30.3,34.300000000000004,32.800000000000004,32.4,34.0,4.96,1.99,4.97,0.16,0.0,0.0,1027.0,8228.0,0.0,0.0,0.0,0.0,0.0,1.0,0.0,0.0,0.0,-0.004,0.0,0.0,0.0,-0.1,0.0,0.0188,16.0,25903.0
2026-07-30T18:58:40.390Z,89.873,89.886,0.0,7.4,0.0,0.0,0.0,0.0,0.0,0.0,0.0,0.0,1.0,0.0,0.0,0.0,9.0,4.0,0.0,0.0,0.0,0.0,0.0,0.0,0.0,0.0,5.0,12.0,1.0,12.11,5.01,2.51,1.49,0.0,0.6000000000000001,0.0,2.6,0.0,-0.7000000000000001,0.1,-0.6000000000000001,-29.6,0.0,-19.0,350.90000000000003,0.0,21.4,34.2,34.1,35.1,300.0,300.0,30.3,34.300000000000004,32.800000000000004,32.4,34.0,4.96,1.99,4.96,0.16,0.0,0.0,1027.0,8228.0,0.0,0.0,0.0,0.0,0.0,1.0,0.0,0.0,0.0,-0.004,0.0,0.2,0.0,-0.6000000000000001,0.0,0.018,16.0,25903.0
2026-07-30T18:58:40.402Z,89.885,89.898,0.0,7.4,0.0,0.0,0.0,0.0,0.0,0.0,0.0,0.0,1.0,0.0,0.0,0.0,9.0,4.0,0.0,0.0,0.0,0.0,0.0,0.0,0.0,0.0,1.0,12.0,1.0,12.11,5.01,2.51,1.49,0.0,0.4,0.0,2.6,0.0,0.3,0.1,0.0,-26.6,0.0,-18.0,345.5,0.0,21.4,34.2,34.1,35.1,300.0,300.0,30.3,34.300000000000004,32.800000000000004,32.4,34.0,4.96,2.0,4.97,0.16,0.0,0.0,1027.0,8228.0,0.0,0.0,0.0,0.0,0.0,1.0,0.0,0.0,0.0,-0.003,0.0,0.0,0.0,-0.1,0.0,0.0161,16.0,25903.0
2026-07-30T18:58:40.414Z,89.897,89.91,0.0,7.4,0.0,0.0,0.0,0.0,0.0,0.0,0.0,0.0,1.0,0.0,0.0,0.0,9.0,4.0,0.0,0.0,0.0,0.0,0.0,0.0,0.0,0.0,2.0,12.0,1.0,12.11,5.01,2.51,1.49,0.0,0.1,0.0,2.6,0.0,0.9,1.2000000000000002,-0.1,-23.5,0.0,-17.0,342.20000000000005,0.0,21.4,34.2,34.1,35.1,300.0,300.0,30.3,34.300000000000004,32.800000000000004,32.4,34.0,4.95,1.99,4.97,0.16,0.0,0.0,1027.0,8228.0,0.0,0.0,0.0,0.0,0.0,1.0,0.0,0.0,0.0,-0.002,0.0,-1.2000000000000002,0.0,-0.5,0.0,0.0134,16.0,25903.0
2026-07-30T18:58:40.426Z,89.909,89.922,0.0,7.4,0.0,0.0,0.0,0.0,0.0,0.0,0.0,0.0,1.0,0.0,0.0,0.0,9.0,4.0,0.0,0.0,0.0,0.0,0.0,0.0,0.0,0.0,3.0,12.0,1.0,12.11,5.01,2.51,1.49,0.0,0.0,0.0,2.6,0.0,0.3,0.0,-0.7000000000000001,-20.4,0.0,-16.0,341.1,0.0,21.4,34.2,34.1,35.1,300.0,300.0,30.3,34.300000000000004,32.800000000000004,32.4,34.0,4.95,1.99,4.96,0.16,0.0,0.0,1027.0,8228.0,0.0,0.0,0.0,0.0,0.0,1.0,0.0,0.0,0.0,-0.001,0.0,0.5,0.0,-0.5,0.0,0.0093,16.0,25903.0
2026-07-30T18:58:40.438Z,89.921,89.934,0.0,7.4,0.0,0.0,0.0,0.0,0.0,0.0,0.0,0.0,1.0,0.0,0.0,0.0,9.0,4.0,0.0,0.0,0.0,0.0,0.0,0.0,0.0,0.0,4.0,12.0,1.0,12.11,5.01,2.51,1.49,0.0,0.0,0.0,2.6,0.0,0.9,0.0,0.4,-17.6,0.0,-15.0,342.5,0.0,21.4,34.2,34.1,35.1,300.0,300.0,30.3,34.300000000000004,32.800000000000004,32.4,34.0,4.96,1.99,4.96,0.16,0.0,0.0,1027.0,8228.0,0.0,0.0,0.0,0.0,0.0,1.0,0.0,0.0,0.0,0.0,0.0,-0.4,0.0,0.3,0.0,0.0043,16.0,25903.0
2026-07-30T18:58:40.450Z,89.933,89.946,0.0,7.4,0.0,0.0,0.0,0.0,0.0,0.0,0.0,0.0,1.0,0.0,0.0,0.0,9.0,4.0,0.0,0.0,0.0,0.0,0.0,0.0,0.0,0.0,5.0,12.0,1.0,12.11,5.01,2.51,1.49,0.0,-0.2,0.0,2.6,0.0,-0.8,-0.5,-0.7000000000000001,-15.2,0.0,-13.0,345.5,0.0,21.4,34.2,34.1,35.1,300.0,300.0,30.3,34.300000000000004,32.800000000000004,32.4,34.0,4.96,1.99,4.97,0.16,0.0,0.0,1027.0,8228.0,0.0,0.0,0.0,0.0,0.0,1.0,0.0,0.0,0.0,0.001,0.0,1.1,0.0,-0.4,0.0,0.001,16.0,25903.0
2026-07-30T18:58:40.462Z,89.945,89.958,0.0,7.4,0.0,0.0,0.0,0.0,0.0,0.0,0.0,0.0,1.0,0.0,0.0,0.0,9.0,4.0,0.0,0.0,0.0,0.0,0.0,0.0,0.0,0.0,6.0,12.0,1.0,12.11,5.01,2.51,1.49,0.0,-0.2,0.0,2.6,0.0,0.3,0.6000000000000001,1.0,-13.2,0.0,-12.0,349.5,0.0,21.4,34.2,34.1,35.1,300.0,300.0,30.3,34.300000000000004,32.800000000000004,32.4,34.0,4.95,1.99,4.97,0.16,0.0,0.0,1027.0,8228.0,0.0,0.0,0.0,0.0,0.0,1.0,0.0,0.0,0.0,0.002,0.0,-1.4,0.0,0.7000000000000001,0.0,0.0054,16.0,25903.0
2026-07-30T18:58:40.474Z,89.957,89.97,0.0,7.4,0.0,0.0,0.0,0.0,0.0,0.0,0.0,0.0,1.0,0.0,0.0,0.0,9.0,4.0,0.0,0.0,0.0,0.0,0.0,0.0,0.0,0.0,2.0,12.0,1.0,12.17,5.0200000000000005,2.5,1.49,0.0,-0.2,0.0,2.5,0.0,-0.2,0.6000000000000001,-0.7000000000000001,-11.6,0.0,-11.0,354.0,0.0,21.0,34.1,34.1,35.1,300.0,300.0,30.3,34.2,32.7,32.4,34.0,4.96,1.99,4.96,0.16,0.0,0.0,1027.0,8228.0,0.0,0.0,0.0,0.0,0.0,1.0,0.0,0.0,0.0,0.002,0.0,-0.1,0.0,-0.7000000000000001,0.0,0.0084,16.0,25903.0
2026-07-30T18:58:40.486Z,89.969,89.982,0.0,7.4,0.0,0.0,0.0,0.0,0.0,0.0,0.0,0.0,1.0,0.0,0.0,0.0,9.0,4.0,0.0,0.0,0.0,0.0,0.0,0.0,0.0,0.0,3.0,12.0,1.0,12.17,5.0200000000000005,2.5,1.49,0.0,-0.3,0.0,2.5,0.0,0.3,-0.5,1.0,-10.5,0.0,-9.0,358.20000000000005,0.0,21.0,34.1,34.1,35.1,300.0,300.0,30.3,34.2,32.7,32.4,34.0,4.95,2.0,4.96,0.16,0.0,0.0,1027.0,8228.0,0.0,0.0,0.0,0.0,0.0,1.0,0.0,0.0,0.0,0.002,0.0,0.0,0.0,1.0,0.0,0.0098,16.0,25903.0
2026-07-30T18:58:40.507Z,89.99,89.994,0.0,7.4,0.0,0.0,0.0,0.0,0.0,0.0,0.0,0.0,1.0,0.0,0.0,0.0,9.0,4.0,0.0,0.0,0.0,0.0,0.0,0.0,0.0,0.0,4.0,12.0,1.0,12.17,5.0200000000000005,2.5,1.49,0.0,-0.2,0.0,2.6,0.0,0.3,1.2000000000000002,-0.1,-9.7,0.0,-8.0,2.0,0.0,21.0,34.1,34.1,35.1,300.0,300.0,30.3,34.2,32.7,32.4,34.0,4.95,1.99,4.97,0.16,0.0,0.0,1027.0,8228.0,0.0,0.0,0.0,0.0,0.0,1.0,0.0,0.0,0.0,0.002,0.0,-1.3,0.0,0.0,0.0,0.0097,16.0,25903.0
2026-07-30T18:58:40.511Z,89.994,90.006,0.0,7.4,0.0,0.0,0.0,0.0,0.0,0.0,0.0,0.0,1.0,0.0,0.0,0.0,9.0,4.0,0.0,0.0,0.0,0.0,0.0,0.0,0.0,0.0,2.0,12.0,1.0,12.17,5.0200000000000005,2.5,1.49,0.0,-0.1,0.0,2.5,0.0,-0.1,-0.5,-0.6000000000000001,-9.3,0.0,-7.0,5.2,0.0,21.0,34.1,34.1,35.1,300.0,300.0,30.3,34.2,32.7,32.4,34.0,4.95,2.0,4.97,0.16,0.0,0.0,1027.0,8228.0,0.0,0.0,0.0,0.0,0.0,1.0,0.0,0.0,0.0,0.001,0.0,0.9,0.0,-0.7000000000000001,0.0,0.0088,16.0,25903.0
2026-07-30T18:58:40.522Z,90.005,90.018,0.0,7.4,0.0,0.0,0.0,0.0,0.0,0.0,0.0,0.0,1.0,0.0,0.0,0.0,9.0,4.0,0.0,0.0,0.0,0.0,0.0,0.0,0.0,0.0,2.0,12.0,1.0,12.17,5.0200000000000005,2.5,1.49,0.0,-0.1,0.0,2.5,0.0,0.3,0.0,1.0,-9.1,0.0,-6.0,7.6,0.0,21.0,34.1,34.1,35.1,300.0,300.0,30.3,34.2,32.7,32.4,34.0,4.96,2.0,4.96,0.16,0.0,0.0,1027.0,8228.0,0.0,0.0,0.0,0.0,0.0,1.0,0.0,0.0,0.0,0.001,0.0,-0.5,0.0,1.1,0.0,0.0078,16.0,25903.0
2026-07-30T18:58:40.534Z,90.017,90.03,0.0,7.4,0.0,0.0,0.0,0.0,0.0,0.0,0.0,0.0,1.0,0.0,0.0,0.0,9.0,4.0,0.0,0.0,0.0,0.0,0.0,0.0,0.0,0.0,4.0,12.0,1.0,12.17,5.0200000000000005,2.5,1.49,0.0,0.0,0.0,2.5,0.0,-0.1,0.0,-0.7000000000000001,-9.0,0.0,-6.0,8.5,0.0,21.0,34.1,34.1,35.1,300.0,300.0,30.3,34.2,32.7,32.4,34.0,4.95,1.99,4.97,0.16,0.0,0.0,1027.0,8228.0,0.0,0.0,0.0,0.0,0.0,1.0,0.0,0.0,0.0,0.0,0.0,0.2,0.0,-0.7000000000000001,0.0,0.0062,16.0,25903.0
2026-07-30T18:58:40.546Z,90.029,90.042,0.0,7.4,0.0,0.0,0.0,0.0,0.0,0.0,0.0,0.0,1.0,0.0,0.0,0.0,9.0,4.0,0.0,0.0,0.0,0.0,0.0,0.0,0.0,0.0,4.0,12.0,1.0,12.17,5.0200000000000005,2.5,1.49,0.0,0.2,0.0,2.5,0.0,-0.1,0.0,-1.2000000000000002,-8.9,0.0,-5.0,7.5,0.0,21.0,34.1,34.1,35.1,300.0,300.0,30.3,34.2,32.7,32.4,34.0,4.95,1.99,4.96,0.16,0.0,0.0,1027.0,8228.0,0.0,0.0,0.0,0.0,0.0,1.0,0.0,0.0,0.0,0.0,0.0,0.5,0.0,-1.3,0.0,0.0032,16.0,25903.0
2026-07-30T18:58:40.559Z,90.042,90.054,0.0,7.4,0.0,0.0,0.0,0.0,0.0,0.0,0.0,0.0,1.0,0.0,0.0,0.0,9.0,4.0,0.0,0.0,0.0,0.0,0.0,0.0,0.0,0.0,5.0,12.0,1.0,12.17,5.0200000000000005,2.5,1.49,-0.1,0.2,0.0,2.4000000000000004,0.0,-0.1,0.6000000000000001,0.5,-8.700000000000001,0.0,-5.0,5.5,0.0,21.0,34.1,34.1,35.1,300.0,300.0,30.3,34.2,32.7,32.4,34.0,4.96,1.99,4.96,0.16,0.0,0.0,1027.0,8228.0,0.0,0.0,0.0,0.0,0.0,1.0,0.0,0.0,0.0,0.0,0.0,-0.9,0.0,0.5,0.0,0.0007,16.0,25903.0
2026-07-30T18:58:40.572Z,90.055,90.066,0.0,7.4,0.0,0.0,0.0,0.0,0.0,0.0,0.0,0.0,1.0,0.0,0.0,0.0,9.0,4.0,0.0,0.0,0.0,0.0,0.0,0.0,0.0,0.0,6.0,12.0,1.0,12.19,5.01,2.51,1.49,0.0,0.2,0.0,2.5,0.0,0.9,1.1,-0.6000000000000001,-8.4,0.0,-5.0,3.6,0.0,21.700000000000003,34.1,34.1,35.1,300.0,300.0,30.4,34.2,32.7,32.300000000000004,33.9,4.96,1.99,4.96,0.16,0.0,0.0,1027.0,8228.0,0.0,0.0,0.0,0.0,0.0,1.0,0.0,0.0,0.0,-0.001,0.0,-1.0,0.0,-0.5,0.0,0.0038,16.0,25903.0
2026-07-30T18:58:40.582Z,90.065,90.078,0.0,7.4,0.0,0.0,0.0,0.0,0.0,0.0,0.0,0.0,1.0,0.0,0.0,0.0,9.0,4.0,0.0,0.0,0.0,0.0,0.0,0.0,0.0,0.0,1.0,12.0,1.0,12.19,5.01,2.51,1.49,0.0,0.1,0.0,2.4000000000000004,0.0,-0.8,0.0,0.4,-8.0,0.0,-5.0,2.0,0.0,21.700000000000003,34.1,34.1,35.1,300.0,300.0,30.4,34.2,32.7,32.300000000000004,33.9,4.95,1.99,4.96,0.16,0.0,0.0,1027.0,8228.0,0.0,0.0,0.0,0.0,0.0,1.0,0.0,0.0,0.0,0.0,0.0,-0.2,0.0,0.4,0.0,0.0044,16.0,25903.0
2026-07-30T18:58:40.594Z,90.077,90.09,0.0,7.4,0.0,0.0,0.0,0.0,0.0,0.0,0.0,0.0,1.0,0.0,0.0,0.0,9.0,4.0,0.0,0.0,0.0,0.0,0.0,0.0,0.0,0.0,3.0,12.0,1.0,12.19,5.01,2.51,1.49,0.0,0.1,0.0,2.3000000000000003,0.0,0.3,0.0,-0.6000000000000001,-7.5,0.0,-4.0,1.3,0.0,21.700000000000003,34.1,34.1,35.1,300.0,300.0,30.4,34.2,32.7,32.300000000000004,33.9,4.95,2.0,4.96,0.16,0.0,0.0,1027.0,8228.0,0.0,0.0,0.0,0.0,0.0,1.0,0.0,0.0,0.0,0.0,0.0,0.3,0.0,-0.6000000000000001,0.0,0.0038,16.0,25903.0
2026-07-30T18:58:40.606Z,90.089,90.102,0.0,7.4,0.0,0.0,0.0,0.0,0.0,0.0,0.0,0.0,1.0,0.0,0.0,0.0,9.0,4.0,0.0,0.0,0.0,0.0,0.0,0.0,0.0,0.0,4.0,12.0,1.0,12.19,5.01,2.51,1.49,0.0,0.0,0.0,2.4000000000000004,0.0,-0.2,0.5,-0.6000000000000001,-7.1000000000000005,0.0,-4.0,1.2000000000000002,0.0,21.700000000000003,34.1,34.1,35.1,300.0,300.0,30.4,34.2,32.7,32.300000000000004,33.9,4.96,1.99,4.96,0.16,0.0,0.0,1027.0,8228.0,0.0,0.0,0.0,0.0,0.0,1.0,0.0,0.0,0.0,0.0,0.0,-0.2,0.0,-0.6000000000000001,0.0,0.0023,16.0,25903.0
2026-07-30T18:58:40.618Z,90.101,90.114,0.0,7.4,0.0,0.0,0.0,0.0,0.0,0.0,0.0,0.0,1.0,0.0,0.0,0.0,9.0,4.0,0.0,0.0,0.0,0.0,0.0,0.0,0.0,0.0,5.0,12.0,1.0,12.19,5.01,2.51,1.49,0.0,0.0,0.0,2.4000000000000004,0.0,0.2,0.0,1.5,-6.7,0.0,-4.0,1.9,0.0,21.700000000000003,34.1,34.1,35.1,300.0,300.0,30.4,34.2,32.7,32.300000000000004,33.9,4.95,1.99,4.97,0.16,0.0,0.0,1027.0,8228.0,0.0,0.0,0.0,0.0,0.0,1.0,0.0,0.0,0.0,0.0,0.0,-0.8,0.0,1.6,0.0,0.0008,16.0,25903.0
2026-07-30T18:58:40.630Z,90.113,90.126,0.0,7.4,0.0,0.0,0.0,0.0,0.0,0.0,0.0,0.0,1.0,0.0,0.0,0.0,9.0,4.0,0.0,0.0,0.0,0.0,0.0,0.0,0.0,0.0,6.0,12.0,1.0,12.19,5.01,2.51,1.49,0.0,0.0,0.0,2.4000000000000004,0.0,-0.3,-1.2000000000000002,0.4,-6.4,0.0,-3.0,2.8000000000000003,0.0,21.700000000000003,34.1,34.1,35.1,300.0,300.0,30.4,34.2,32.7,32.300000000000004,33.9,4.96,2.0,4.96,0.16,0.0,0.0,1027.0,8228.0,0.0,0.0,0.0,0.0,0.0,1.0,0.0,0.0,0.0,0.0,0.0,-0.5,0.0,1.0,0.0,0.0011,16.0,25903.0
2026-07-30T18:58:40.642Z,90.125,90.138,0.0,7.4,0.0,0.0,0.0,0.0,0.0,0.0,0.0,0.0,1.0,0.0,0.0,0.0,9.0,4.0,0.0,0.0,0.0,0.0,0.0,0.0,0.0,0.0,1.0,12.0,1.0,12.19,5.01,2.51,1.49,0.0,0.0,0.0,2.4000000000000004,0.0,-0.2,1.1,1.0,-6.1000000000000005,0.0,-3.0,3.6,0.0,21.700000000000003,34.1,34.1,35.1,300.0,300.0,30.4,34.2,32.7,32.300000000000004,33.9,4.96,1.99,4.97,0.16,0.0,0.0,1027.0,8228.0,0.0,0.0,0.0,0.0,0.0,1.0,0.0,0.0,0.0,0.0,0.0,0.3,0.0,-0.7000000000000001,0.0,0.0018,16.0,25903.0
2026-07-30T18:58:40.654Z,90.137,90.15,0.0,7.4,0.0,0.0,0.0,0.0,0.0,0.0,0.0,0.0,1.0,0.0,0.0,0.0,9.0,4.0,0.0,0.0,0.0,0.0,0.0,0.0,0.0,0.0,2.0,12.0,1.0,12.19,5.01,2.51,1.49,0.0,0.0,0.0,2.4000000000000004,0.0,0.2,0.6000000000000001,-0.7000000000000001,-6.0,0.0,-3.0,4.1000000000000005,0.0,21.700000000000003,34.1,34.1,35.1,300.0,300.0,30.4,34.2,32.7,32.300000000000004,33.9,4.95,1.99,4.97,0.16,0.0,0.0,1027.0,8228.0,0.0,0.0,0.0,0.0,0.0,1.0,0.0,0.0,0.0,0.0,0.0,-2.5,0.0,1.1,0.0,0.0019,16.0,25903.0
2026-07-30T18:58:40.666Z,90.149,90.162,0.0,7.4,0.0,0.0,0.0,0.0,0.0,0.0,0.0,0.0,1.0,0.0,0.0,0.0,9.0,4.0,0.0,0.0,0.0,0.0,0.0,0.0,0.0,0.0,3.0,12.0,1.0,12.19,5.01,2.51,1.49,0.0,0.0,0.0,2.3000000000000003,0.0,-0.2,0.0,-0.1,-5.800000000000001,0.0,-2.0,4.1000000000000005,0.0,21.700000000000003,34.1,34.1,35.1,300.0,300.0,30.4,34.2,32.7,32.300000000000004,33.9,4.95,1.99,4.97,0.16,0.0,0.0,1027.0,8228.0,0.0,0.0,0.0,0.0,0.0,1.0,0.0,0.0,0.0,0.0,0.0,0.0,0.0,-0.1,0.0,0.0013,16.0,25903.0
2026-07-30T18:58:40.678Z,90.161,90.174,0.0,7.4,0.0,0.0,0.0,0.0,0.0,0.0,0.0,0.0,1.0,0.0,0.0,0.0,9.0,4.0,0.0,0.0,0.0,0.0,0.0,0.0,0.0,0.0,4.0,12.0,1.0,12.15,5.0200000000000005,2.51,1.49,0.0,0.1,0.0,2.3000000000000003,0.0,0.3,-0.5,-0.2,-5.7,0.0,-2.0,3.9,0.0,21.9,34.1,34.1,35.1,300.0,300.0,30.4,34.2,32.7,32.300000000000004,33.9,4.96,2.0,4.96,0.16,0.0,0.0,1027.0,8228.0,0.0,0.0,0.0,0.0,0.0,1.0,0.0,0.0,0.0,0.0,0.0,0.7000000000000001,0.0,-0.2,0.0,0.0003,16.0,25903.0
2026-07-30T18:58:40.691Z,90.174,90.186,0.0,7.4,0.0,0.0,0.0,0.0,0.0,0.0,0.0,0.0,1.0,0.0,0.0,0.0,9.0,4.0,0.0,0.0,0.0,0.0,0.0,0.0,0.0,0.0,5.0,12.0,1.0,12.15,5.0200000000000005,2.51,1.49,0.0,0.1,0.0,2.3000000000000003,0.0,0.3,0.0,-0.2,-5.5,0.0,-2.0,3.3000000000000003,0.0,21.9,34.1,34.1,35.1,300.0,300.0,30.4,34.2,32.7,32.300000000000004,33.9,4.96,1.99,4.96,0.16,0.0,0.0,1027.0,8228.0,0.0,0.0,0.0,0.0,0.0,1.0,0.0,0.0,0.0,0.0,0.0,0.0,0.0,-0.2,0.0,0.0003,16.0,25903.0
2026-07-30T18:58:40.702Z,90.185,90.198,0.0,7.4,0.0,0.0,0.0,0.0,0.0,0.0,0.0,0.0,1.0,0.0,0.0,0.0,9.0,4.0,0.0,0.0,0.0,0.0,0.0,0.0,0.0,0.0,6.0,12.0,1.0,12.15,5.0200000000000005,2.51,1.49,0.0,0.0,0.0,2.3000000000000003,0.0,-0.7000000000000001,0.0,-0.1,-5.300000000000001,0.0,-2.0,3.1,0.0,21.9,34.1,34.1,35.1,300.0,300.0,30.4,34.2,32.7,32.300000000000004,33.9,4.95,1.99,4.96,0.16,0.0,0.0,1027.0,8228.0,0.0,0.0,0.0,0.0,0.0,1.0,0.0,0.0,0.0,0.0,0.0,0.0,0.0,-0.1,0.0,0.001,16.0,25903.0
2026-07-30T18:58:40.714Z,90.197,90.21,0.0,7.4,0.0,0.0,0.0,0.0,0.0,0.0,0.0,0.0,1.0,0.0,0.0,0.0,9.0,4.0,0.0,0.0,0.0,0.0,0.0,0.0,0.0,0.0,1.0,12.0,1.0,12.15,5.0200000000000005,2.51,1.49,0.0,0.0,0.0,2.3000000000000003,0.0,0.3,0.5,-0.2,-5.2,0.0,-2.0,3.1,0.0,21.9,34.1,34.1,35.1,300.0,300.0,30.4,34.2,32.7,32.300000000000004,33.9,4.96,1.99,4.96,0.16,0.0,0.0,1027.0,8228.0,0.0,0.0,0.0,0.0,0.0,1.0,0.0,0.0,0.0,0.0,0.0,-0.5,0.0,-0.2,0.0,0.0006,16.0,25903.0
2026-07-30T18:58:40.726Z,90.209,90.222,0.0,7.4,0.0,0.0,0.0,0.0,0.0,0.0,0.0,0.0,1.0,0.0,0.0,0.0,9.0,4.0,0.0,0.0,0.0,0.0,0.0,0.0,0.0,0.0,2.0,12.0,1.0,12.15,5.0200000000000005,2.51,1.49,0.0,0.0,0.0,2.3000000000000003,0.0,-0.8,-1.1,-0.8,-5.0,0.0,-2.0,3.3000000000000003,0.0,21.9,34.1,34.1,35.1,300.0,300.0,30.4,34.2,32.7,32.300000000000004,33.9,4.95,1.99,4.96,0.16,0.0,0.0,1027.0,8228.0,0.0,0.0,0.0,0.0,0.0,1.0,0.0,0.0,0.0,0.0,0.0,1.7000000000000002,0.0,-0.9,0.0,0.0002,16.0,25903.0
2026-07-30T18:58:40.739Z,90.222,90.234,0.0,7.4,0.0,0.0,0.0,0.0,0.0,0.0,0.0,0.0,1.0,0.0,0.0,0.0,9.0,4.0,0.0,0.0,0.0,0.0,0.0,0.0,0.0,0.0,3.0,12.0,1.0,12.15,5.0200000000000005,2.51,1.49,0.0,0.1,0.0,2.3000000000000003,0.0,-0.8,0.0,-1.3,-4.9,0.0,-1.0,3.5,0.0,21.9,34.1,34.1,35.1,300.0,300.0,30.4,34.2,32.7,32.300000000000004,33.9,4.95,1.99,4.96,0.16,0.0,0.0,1027.0,8228.0,0.0,0.0,0.0,0.0,0.0,1.0,0.0,0.0,0.0,0.0,0.0,0.6000000000000001,0.0,-1.4,0.0,0.0004,16.0,25903.0
2026-07-30T18:58:40.751Z,90.234,90.246,0.0,7.4,0.0,0.0,0.0,0.0,0.0,0.0,0.0,0.0,1.0,0.0,0.0,0.0,9.0,4.0,0.0,0.0,0.0,0.0,0.0,0.0,0.0,0.0,4.0,12.0,1.0,12.15,5.0200000000000005,2.51,1.49,0.0,0.0,0.0,2.3000000000000003,0.0,-0.8,0.6000000000000001,-0.1,-4.800000000000001,0.0,-1.0,3.7,0.0,21.9,34.1,34.1,35.1,300.0,300.0,30.4,34.2,32.7,32.300000000000004,33.9,4.95,1.99,4.96,0.16,0.0,0.0,1027.0,8228.0,0.0,0.0,0.0,0.0,0.0,1.0,0.0,0.0,0.0,0.0,0.0,-0.6000000000000001,0.0,-0.1,0.0,0.0004,16.0,25903.0
2026-07-30T18:58:40.762Z,90.245,90.258,0.0,7.4,0.0,0.0,0.0,0.0,0.0,0.0,0.0,0.0,1.0,0.0,0.0,0.0,9.0,4.0,0.0,0.0,0.0,0.0,0.0,0.0,0.0,0.0,6.0,12.0,1.0,12.15,5.0200000000000005,2.51,1.49,0.0,0.0,0.0,2.3000000000000003,0.0,-0.2,0.0,0.4,-4.7,0.0,-1.0,3.5,0.0,21.9,34.1,34.1,35.1,300.0,300.0,30.4,34.2,32.7,32.300000000000004,33.9,4.96,1.99,4.96,0.16,0.0,0.0,1027.0,8228.0,0.0,0.0,0.0,0.0,0.0,1.0,0.0,0.0,0.0,0.0,0.0,-0.2,0.0,0.4,0.0,0.0005,16.0,25903.0
2026-07-30T18:58:40.775Z,90.258,90.27,0.0,7.4,0.0,0.0,0.0,0.0,0.0,0.0,0.0,0.0,1.0,0.0,0.0,0.0,9.0,4.0,0.0,0.0,0.0,0.0,0.0,0.0,0.0,0.0,1.0,12.0,1.0,12.14,5.01,2.5,1.5,0.0,0.1,0.0,2.3000000000000003,0.0,-0.2,0.6000000000000001,0.4,-4.6000000000000005,0.0,-1.0,3.3000000000000003,0.0,21.4,34.1,34.1,35.0,300.0,300.0,30.4,34.2,32.7,32.300000000000004,33.9,4.95,1.99,4.96,0.16,0.0,0.0,1027.0,8228.0,0.0,0.0,0.0,0.0,0.0,1.0,0.0,0.0,0.0,0.0,0.0,-1.0,0.0,0.5,0.0,0.0002,16.0,25903.0
2026-07-30T18:58:40.786Z,90.269,90.282,0.0,7.4,0.0,0.0,0.0,0.0,0.0,0.0,0.0,0.0,1.0,0.0,0.0,0.0,9.0,4.0,0.0,0.0,0.0,0.0,0.0,0.0,0.0,0.0,2.0,12.0,1.0,12.14,5.01,2.5,1.5,0.0,0.0,0.0,2.2,0.0,-0.2,-1.1,-1.2000000000000002,-4.5,0.0,-1.0,3.3000000000000003,0.0,21.4,34.1,34.1,35.0,300.0,300.0,30.4,34.2,32.7,32.300000000000004,33.9,4.95,2.0,4.96,0.16,0.0,0.0,1027.0,8228.0,0.0,0.0,0.0,0.0,0.0,1.0,0.0,0.0,0.0,0.0,0.0,1.9,0.0,-1.3,0.0,0.0003,16.0,25903.0
2026-07-30T18:58:40.798Z,90.281,90.294,0.0,7.4,0.0,0.0,0.0,0.0,0.0,0.0,0.0,0.0,1.0,0.0,0.0,0.0,9.0,4.0,0.0,0.0,0.0,0.0,0.0,0.0,0.0,0.0,3.0,12.0,1.0,12.14,5.01,2.5,1.5,0.0,0.0,0.0,2.2,0.0,0.2,1.7000000000000002,0.0,-4.4,0.0,-1.0,3.4000000000000004,0.0,21.4,34.1,34.1,35.0,300.0,300.0,30.4,34.2,32.7,32.300000000000004,33.9,4.95,1.99,4.96,0.16,0.0,0.0,1027.0,8228.0,0.0,0.0,0.0,0.0,0.0,1.0,0.0,0.0,0.0,0.0,0.0,-1.9,0.0,0.0,0.0,0.0001,16.0,25903.0
2026-07-30T18:58:40.810Z,90.293,90.306,0.0,7.4,0.0,0.0,0.0,0.0,0.0,0.0,0.0,0.0,1.0,0.0,0.0,0.0,9.0,4.0,0.0,0.0,0.0,0.0,0.0,0.0,0.0,0.0,4.0,12.0,1.0,12.14,5.01,2.5,1.5,0.0,0.0,0.0,2.2,0.0,0.3,0.0,0.5,-4.3,0.0,-1.0,3.4000000000000004,0.0,21.4,34.1,34.1,35.0,300.0,300.0,30.4,34.2,32.7,32.300000000000004,33.9,4.95,1.99,4.96,0.16,0.0,0.0,1027.0,8228.0,0.0,0.0,0.0,0.0,0.0,1.0,0.0,0.0,0.0,0.0,0.0,-0.3,0.0,0.5,0.0,0.0,16.0,25903.0
2026-07-30T18:58:40.824Z,90.307,90.318,0.0,7.4,0.0,0.0,0.0,0.0,0.0,0.0,0.0,0.0,1.0,0.0,0.0,0.0,9.0,4.0,0.0,0.0,0.0,0.0,0.0,0.0,0.0,0.0,5.0,12.0,1.0,12.14,5.01,2.5,1.5,0.0,0.0,0.0,2.2,0.0,0.3,0.0,1.0,-4.3,0.0,-1.0,3.4000000000000004,0.0,21.4,34.1,34.1,35.0,300.0,300.0,30.4,34.2,32.7,32.300000000000004,33.9,4.95,1.99,4.97,0.16,0.0,0.0,1027.0,8228.0,0.0,0.0,0.0,0.0,0.0,1.0,0.0,0.0,0.0,0.0,0.0,-0.6000000000000001,0.0,1.1,0.0,0.0,16.0,25903.0
2026-07-30T18:58:40.835Z,90.318,90.33,0.0,7.4,0.0,0.0,0.0,0.0,0.0,0.0,0.0,0.0,1.0,0.0,0.0,0.0,9.0,4.0,0.0,0.0,0.0,0.0,0.0,0.0,0.0,0.0,4.0,12.0,1.0,12.14,5.01,2.5,1.5,0.0,0.0,0.0,2.2,0.0,-0.2,-1.1,-0.1,-4.2,0.0,-1.0,3.4000000000000004,0.0,21.4,34.1,34.1,35.0,300.0,300.0,30.4,34.2,32.7,32.300000000000004,33.9,4.95,1.99,4.96,0.16,0.0,0.0,1027.0,8228.0,0.0,0.0,0.0,0.0,0.0,1.0,0.0,0.0,0.0,0.0,0.0,1.3,0.0,-0.2,0.0,0.0,16.0,25903.0
2026-07-30T18:58:40.846Z,90.329,90.342,0.0,7.4,0.0,0.0,0.0,0.0,0.0,0.0,0.0,0.0,1.0,0.0,0.0,0.0,9.0,4.0,0.0,0.0,0.0,0.0,0.0,0.0,0.0,0.0,5.0,12.0,1.0,12.14,5.01,2.5,1.5,0.0,0.0,0.0,2.2,0.0,0.3,0.0,-0.1,-4.1000000000000005,0.0,0.0,3.3000000000000003,0.0,21.4,34.1,34.1,35.0,300.0,300.0,30.4,34.2,32.7,32.300000000000004,33.9,4.96,1.99,4.96,0.16,0.0,0.0,1027.0,8228.0,0.0,0.0,0.0,0.0,0.0,1.0,0.0,0.0,0.0,0.0,0.0,0.0,0.0,-0.1,0.0,0.0,16.0,25903.0
2026-07-30T18:58:40.858Z,90.341,90.354,0.0,7.4,0.0,0.0,0.0,0.0,0.0,0.0,0.0,0.0,1.0,0.0,0.0,0.0,9.0,4.0,0.0,0.0,0.0,0.0,0.0,0.0,0.0,0.0,1.0,12.0,1.0,12.14,5.01,2.5,1.5,0.0,0.0,0.0,2.2,0.0,-0.2,0.0,-0.1,-4.1000000000000005,0.0,0.0,3.4000000000000004,0.0,21.4,34.1,34.1,35.0,300.0,300.0,30.4,34.2,32.7,32.300000000000004,33.9,4.95,1.99,4.97,0.16,0.0,0.0,1027.0,8228.0,0.0,0.0,0.0,0.0,0.0,1.0,0.0,0.0,0.0,0.0,0.0,0.0,0.0,-0.1,0.0,0.0,16.0,25903.0
2026-07-30T18:58:40.871Z,90.354,90.366,0.0,7.4,0.0,0.0,0.0,0.0,0.0,0.0,0.0,0.0,1.0,0.0,0.0,0.0,9.0,4.0,0.0,0.0,0.0,0.0,0.0,0.0,0.0,0.0,2.0,12.0,1.0,12.14,5.01,2.5,1.5,0.0,0.1,0.0,2.2,0.0,-0.2,0.0,-1.2000000000000002,-4.0,0.0,0.0,3.4000000000000004,0.0,21.4,34.1,34.1,35.0,300.0,300.0,30.4,34.2,32.7,32.300000000000004,33.9,4.95,1.99,4.96,0.16,0.0,0.0,1027.0,8228.0,0.0,0.0,0.0,0.0,0.0,1.0,0.0,0.0,0.0,0.0,0.0,0.5,0.0,-1.3,0.0,0.0001,16.0,25903.0
2026-07-30T18:58:40.883Z,90.366,90.378,0.0,7.4,0.0,0.0,0.0,0.0,0.0,0.0,0.0,0.0,1.0,0.0,0.0,0.0,9.0,4.0,0.0,0.0,0.0,0.0,0.0,0.0,0.0,0.0,3.0,12.0,1.0,12.15,5.01,2.51,1.49,0.0,0.0,0.0,2.1,0.0,0.3,0.0,-0.1,-4.0,0.0,0.0,3.3000000000000003,0.0,21.700000000000003,34.1,34.1,35.0,300.0,300.0,30.4,34.300000000000004,32.6,32.300000000000004,33.9,4.95,1.99,4.96,0.16,0.0,0.0,1027.0,8228.0,0.0,0.0,0.0,0.0,0.0,1.0,0.0,0.0,0.0,0.0,0.0,0.0,0.0,-0.1,0.0,0.0,16.0,25903.0
2026-07-30T18:58:40.894Z,90.377,90.39,0.0,7.4,0.0,0.0,0.0,0.0,0.0,0.0,0.0,0.0,1.0,0.0,0.0,0.0,9.0,4.0,0.0,0.0,0.0,0.0,0.0,0.0,0.0,0.0,4.0,12.0,1.0,12.15,5.01,2.51,1.49,0.0,0.0,0.0,2.1,0.0,0.3,0.0,-1.3,-3.9,0.0,0.0,3.4000000000000004,0.0,21.700000000000003,34.1,34.1,35.0,300.0,300.0,30.4,34.300000000000004,32.6,32.300000000000004,33.9,4.96,1.99,4.96,0.16,0.0,0.0,1027.0,8228.0,0.0,0.0,0.0,0.0,0.0,1.0,0.0,0.0,0.0,0.0,0.0,0.6000000000000001,0.0,-1.3,0.0,0.0,16.0,25903.0
2026-07-30T18:58:40.906Z,90.389,90.402,0.0,7.4,0.0,0.0,0.0,0.0,0.0,0.0,0.0,0.0,1.0,0.0,0.0,0.0,9.0,4.0,0.0,0.0,0.0,0.0,0.0,0.0,0.0,0.0,5.0,12.0,1.0,12.15,5.01,2.51,1.49,0.0,0.0,0.0,2.1,0.0,-0.2,1.1,-1.2000000000000002,-3.9,0.0,0.0,3.4000000000000004,0.0,21.700000000000003,34.1,34.1,35.0,300.0,300.0,30.4,34.300000000000004,32.6,32.300000000000004,33.9,4.95,1.99,4.97,0.16,0.0,0.0,1027.0,8228.0,0.0,0.0,0.0,0.0,0.0,1.0,0.0,0.0,0.0,0.0,0.0,-0.6000000000000001,0.0,-1.2000000000000002,0.0,0.0,16.0,25903.0
2026-07-30T18:58:40.918Z,90.401,90.414,0.0,7.4,0.0,0.0,0.0,0.0,0.0,0.0,0.0,0.0,1.0,0.0,0.0,0.0,9.0,4.0,0.0,0.0,0.0,0.0,0.0,0.0,0.0,0.0,6.0,12.0,1.0,12.15,5.01,2.51,1.49,0.0,0.0,0.0,2.1,0.0,0.3,-0.5,1.0,-3.8,0.0,0.0,3.4000000000000004,0.0,21.700000000000003,34.1,34.1,35.0,300.0,300.0,30.4,34.300000000000004,32.6,32.300000000000004,33.9,4.96,1.99,4.96,0.16,0.0,0.0,1027.0,8228.0,0.0,0.0,0.0,0.0,0.0,1.0,0.0,0.0,0.0,0.0,0.0,0.0,0.0,1.0,0.0,0.0,16.0,25903.0
2026-07-30T18:58:40.930Z,90.413,90.426,0.0,7.4,0.0,0.0,0.0,0.0,0.0,0.0,0.0,0.0,1.0,0.0,0.0,0.0,9.0,4.0,0.0,0.0,0.0,0.0,0.0,0.0,0.0,0.0,1.0,12.0,1.0,12.15,5.01,2.51,1.49,0.1,0.0,0.0,2.1,0.0,-0.2,1.2000000000000002,-1.2000000000000002,-3.8,0.0,0.0,3.4000000000000004,0.0,21.700000000000003,34.1,34.1,35.0,300.0,300.0,30.4,34.300000000000004,32.6,32.300000000000004,33.9,4.96,1.99,4.97,0.16,0.0,0.0,1027.0,8228.0,0.0,0.0,0.0,0.0,0.0,1.0,0.0,0.0,0.0,0.0,0.0,-0.7000000000000001,0.0,-1.2000000000000002,0.0,0.0,16.0,25903.0
2026-07-30T18:58:40.942Z,90.425,90.438,0.0,7.4,0.0,0.0,0.0,0.0,0.0,0.0,0.0,0.0,1.0,0.0,0.0,0.0,9.0,4.0,0.0,0.0,0.0,0.0,0.0,0.0,0.0,0.0,3.0,12.0,1.0,12.15,5.01,2.51,1.49,0.0,0.0,0.0,2.1,0.0,-0.2,0.6000000000000001,0.5,-3.8,0.0,0.0,3.3000000000000003,0.0,21.700000000000003,34.1,34.1,35.0,300.0,300.0,30.4,34.300000000000004,32.6,32.300000000000004,33.9,4.95,1.99,4.97,0.16,0.0,0.0,1027.0,8228.0,0.0,0.0,0.0,0.0,0.0,1.0,0.0,0.0,0.0,0.0,0.0,-1.0,0.0,0.6000000000000001,0.0,0.0001,16.0,25903.0
2026-07-30T18:58:40.954Z,90.437,90.45,0.0,7.4,0.0,0.0,0.0,0.0,0.0,0.0,0.0,0.0,1.0,0.0,0.0,0.0,9.0,4.0,0.0,0.0,0.0,0.0,0.0,0.0,0.0,0.0,3.0,12.0,1.0,12.15,5.01,2.51,1.49,0.0,0.0,0.0,2.1,0.0,1.4,1.2000000000000002,1.7000000000000002,-3.7,0.0,0.0,3.4000000000000004,0.0,21.700000000000003,34.1,34.1,35.0,300.0,300.0,30.4,34.300000000000004,32.6,32.300000000000004,33.9,4.95,1.99,4.96,0.16,0.0,0.0,1027.0,8228.0,0.0,0.0,0.0,0.0,0.0,1.0,0.0,0.0,0.0,0.0,0.0,-2.3000000000000003,0.0,1.9,0.0,0.0,16.0,25903.0
2026-07-30T18:58:40.967Z,90.45,90.462,0.0,7.4,0.0,0.0,0.0,0.0,0.0,0.0,0.0,0.0,1.0,0.0,0.0,0.0,9.0,4.0,0.0,0.0,0.0,0.0,0.0,0.0,0.0,0.0,4.0,12.0,1.0,12.15,5.01,2.51,1.49,0.0,0.0,0.0,2.1,0.0,-0.2,-0.5,-0.5,-3.7,0.0,0.0,3.4000000000000004,0.0,21.700000000000003,34.1,34.1,35.0,300.0,300.0,30.4,34.300000000000004,32.6,32.300000000000004,33.9,4.95,1.99,4.96,0.16,0.0,0.0,1027.0,8228.0,0.0,0.0,0.0,0.0,0.0,1.0,0.0,0.0,0.0,0.0,0.0,0.9,0.0,-0.6000000000000001,0.0,0.0,16.0,25903.0
2026-07-30T18:58:40.980Z,90.463,90.474,0.0,7.4,0.0,0.0,0.0,0.0,0.0,0.0,0.0,0.0,1.0,0.0,0.0,0.0,9.0,4.0,0.0,0.0,0.0,0.0,0.0,0.0,0.0,0.0,5.0,12.0,1.0,12.17,5.0200000000000005,2.51,1.49,0.0,0.0,0.0,2.1,0.0,0.9,0.6000000000000001,-0.5,-3.7,0.0,0.0,3.3000000000000003,0.0,21.0,34.1,34.0,35.0,300.0,300.0,30.4,34.300000000000004,32.7,32.2,33.9,4.95,1.99,4.97,0.16,0.0,0.0,1027.0,8228.0,0.0,0.0,0.0,0.0,0.0,1.0,0.0,0.0,0.0,0.0,0.0,-0.4,0.0,-0.5,0.0,0.0,16.0,25903.0
2026-07-30T18:58:40.990Z,90.473,90.486,0.0,7.4,0.0,0.0,0.0,0.0,0.0,0.0,0.0,0.0,1.0,0.0,0.0,0.0,9.0,4.0,0.0,0.0,0.0,0.0,0.0,0.0,0.0,0.0,1.0,12.0,1.0,12.17,5.0200000000000005,2.51,1.49,0.0,0.1,0.0,2.1,0.0,0.3,0.6000000000000001,1.8,-3.6,0.0,0.0,3.4000000000000004,0.0,21.0,34.1,34.0,35.0,300.0,300.0,30.4,34.300000000000004,32.7,32.2,33.9,4.95,1.99,4.97,0.16,0.0,0.0,1027.0,8228.0,0.0,0.0,0.0,0.0,0.0,1.0,0.0,0.0,0.0,0.0,0.0,-1.7000000000000002,0.0,1.9,0.0,0.0,16.0,25903.0
2026-07-30T18:58:41.002Z,90.485,90.498,0.0,7.4,0.0,0.0,0.0,0.0,0.0,0.0,0.0,0.0,1.0,0.0,0.0,0.0,9.0,4.0,0.0,0.0,0.0,0.0,0.0,0.0,0.0,0.0,2.0,12.0,1.0,12.17,5.0200000000000005,2.51,1.49,0.0,0.0,0.0,2.1,0.0,-0.2,-1.1,-0.5,-3.6,0.0,0.0,3.4000000000000004,0.0,21.0,34.1,34.0,35.0,300.0,300.0,30.4,34.300000000000004,32.7,32.2,33.9,4.96,1.99,4.96,0.16,0.0,0.0,1027.0,8228.0,0.0,0.0,0.0,0.0,0.0,1.0,0.0,0.0,0.0,0.0,0.0,1.5,0.0,-0.6000000000000001,0.0,0.0,16.0,25903.0
2026-07-30T18:58:41.014Z,90.497,90.51,0.0,7.4,0.0,0.0,0.0,0.0,0.0,0.0,0.0,0.0,1.0,0.0,0.0,0.0,9.0,4.0,0.0,0.0,0.0,0.0,0.0,0.0,0.0,0.0,3.0,12.0,1.0,12.17,5.0200000000000005,2.51,1.49,0.0,0.0,0.0,2.0,0.0,-0.8,-0.4,0.0,-3.6,0.0,0.0,3.4000000000000004,0.0,21.0,34.1,34.0,35.0,300.0,300.0,30.4,34.300000000000004,32.7,32.2,33.9,4.95,1.99,4.97,0.16,0.0,0.0,1027.0,8228.0,0.0,0.0,0.0,0.0,0.0,1.0,0.0,0.0,0.0,0.0,0.0,0.5,0.0,0.0,0.0,0.0,16.0,25903.0
2026-07-30T18:58:41.026Z,90.509,90.522,0.1,7.4,0.0,0.0,0.0,0.0,0.0,0.0,0.0,0.0,1.0,0.0,0.0,0.0,9.0,4.0,0.0,0.0,0.0,0.0,0.0,0.0,0.0,0.0,4.0,12.0,1.0,12.17,5.0200000000000005,2.51,1.49,0.0,0.1,0.0,2.1,0.0,0.8,0.7000000000000001,1.2000000000000002,-3.6,0.0,0.0,3.4000000000000004,0.0,21.0,34.1,34.0,35.0,300.0,300.0,30.4,34.300000000000004,32.7,32.2,33.9,4.95,1.99,4.97,0.16,0.0,0.0,1027.0,8228.0,0.0,0.0,0.0,0.0,0.0,1.0,0.0,0.0,0.0,0.0,0.0,-1.4,0.0,1.3,0.0,0.0,16.0,25903.0
2026-07-30T18:58:41.038Z,90.521,90.534,0.1,7.4,0.0,0.0,0.0,0.0,0.0,0.0,0.0,0.0,1.0,0.0,0.0,0.0,9.0,4.0,0.0,0.0,0.0,0.0,0.0,0.0,0.0,0.0,5.0,12.0,1.0,12.17,5.0200000000000005,2.51,1.49,0.0,0.0,0.0,2.1,0.0,-0.2,-0.4,-0.5,-3.6,0.0,0.0,3.4000000000000004,0.0,21.0,34.1,34.0,35.0,300.0,300.0,30.4,34.300000000000004,32.7,32.2,33.9,4.96,1.99,4.97,0.16,0.0,0.0,1027.0,8228.0,0.0,0.0,0.0,0.0,0.0,1.0,0.0,0.0,0.0,0.0,0.0,0.8,0.0,-0.6000000000000001,0.0,0.0,16.0,25903.0
2026-07-30T18:58:41.050Z,90.533,90.546,0.1,7.4,0.0,0.0,0.0,0.0,0.0,0.0,0.0,0.0,1.0,0.0,0.0,0.0,9.0,4.0,0.0,0.0,0.0,0.0,0.0,0.0,0.0,0.0,5.0,12.0,1.0,12.17,5.0200000000000005,2.51,1.49,0.0,0.0,0.0,2.0,0.0,0.3,0.1,1.1,-3.5,0.0,0.0,3.4000000000000004,0.0,21.0,34.1,34.0,35.0,300.0,300.0,30.4,34.300000000000004,32.7,32.2,33.9,4.95,1.99,4.96,0.16,0.0,0.0,1027.0,8228.0,0.0,0.0,0.0,0.0,0.0,1.0,0.0,0.0,0.0,0.0,0.0,-0.8,0.0,1.2000000000000002,0.0,0.0,16.0,25903.0
2026-07-30T18:58:41.062Z,90.545,90.558,0.1,7.4,0.0,0.0,0.0,0.0,0.0,0.0,0.0,0.0,1.0,0.0,0.0,0.0,9.0,4.0,0.0,0.0,0.0,0.0,0.0,0.0,0.0,0.0,1.0,12.0,1.0,12.17,5.0200000000000005,2.51,1.49,0.0,0.0,0.0,2.0,0.0,0.8,0.1,-0.5,-3.5,0.0,0.0,3.4000000000000004,0.0,21.0,34.1,34.0,35.0,300.0,300.0,30.4,34.300000000000004,32.7,32.2,33.9,4.95,1.99,4.97,0.16,0.0,0.0,1027.0,8228.0,0.0,0.0,0.0,0.0,0.0,1.0,0.0,0.0,0.0,0.0,0.0,0.1,0.0,-0.5,0.0,0.0,16.0,25903.0
2026-07-30T18:58:41.074Z,90.557,90.57,0.1,7.4,0.0,0.0,0.0,0.0,0.0,0.0,0.0,0.0,1.0,0.0,0.0,0.0,9.0,4.0,0.0,0.0,0.0,0.0,0.0,0.0,0.0,0.0,2.0,12.0,1.0,12.17,5.0200000000000005,2.51,1.49,0.0,0.0,0.0,2.0,0.0,-0.2,0.1,1.7000000000000002,-3.5,0.0,0.0,3.4000000000000004,0.0,21.0,34.1,34.0,35.0,300.0,300.0,30.4,34.300000000000004,32.7,32.2,33.9,4.95,1.99,4.97,0.16,0.0,0.0,1027.0,8228.0,0.0,0.0,0.0,0.0,0.0,1.0,0.0,0.0,0.0,0.0,0.0,-1.0,0.0,1.8,0.0,0.0,16.0,25903.0
2026-07-30T18:58:41.086Z,90.569,90.582,0.1,7.4,0.0,0.0,0.0,0.0,0.0,0.0,0.0,0.0,1.0,0.0,0.0,0.0,9.0,4.0,0.0,0.0,0.0,0.0,0.0,0.0,0.0,0.0,3.0,12.0,1.0,12.15,5.0200000000000005,2.51,1.49,0.0,0.0,0.0,2.1,0.0,-0.8,1.2000000000000002,-0.5,-3.5,0.0,0.0,3.4000000000000004,0.0,21.4,34.0,34.0,35.0,300.0,300.0,30.5,34.300000000000004,32.6,32.2,33.800000000000004,4.96,1.99,4.97,0.16,0.0,0.0,1027.0,8228.0,0.0,0.0,0.0,0.0,0.0,1.0,0.0,0.0,0.0,0.0,0.0,-1.1,0.0,-0.5,0.0,0.0,16.0,25903.0
2026-07-30T18:58:41.098Z,90.581,90.594,0.1,7.4,0.0,0.0,0.0,0.0,0.0,0.0,0.0,0.0,1.0,0.0,0.0,0.0,9.0,4.0,0.0,0.0,0.0,0.0,0.0,0.0,0.0,0.0,4.0,12.0,1.0,12.15,5.0200000000000005,2.51,1.49,0.0,0.0,0.0,1.9,0.0,-0.2,-1.0,-0.5,-3.5,0.0,0.0,3.4000000000000004,0.0,21.4,34.0,34.0,35.0,300.0,300.0,30.5,34.300000000000004,32.6,32.2,33.800000000000004,4.95,1.99,4.97,0.16,0.0,0.0,1027.0,8228.0,0.0,0.0,0.0,0.0,0.0,1.0,0.0,0.0,0.0,0.0,0.0,1.4,0.0,-0.6000000000000001,0.0,0.0,16.0,25903.0
2026-07-30T18:58:41.110Z,90.593,90.606,0.1,7.4,0.0,0.0,0.0,0.0,0.0,0.0,0.0,0.0,1.0,0.0,0.0,0.0,9.0,4.0,0.0,0.0,0.0,0.0,0.0,0.0,0.0,0.0,5.0,12.0,1.0,12.15,5.0200000000000005,2.51,1.49,0.0,0.0,0.0,2.0,0.0,0.3,-0.5,0.5,-3.5,0.0,0.0,3.4000000000000004,0.0,21.4,34.0,34.0,35.0,300.0,300.0,30.5,34.300000000000004,32.6,32.2,33.800000000000004,4.96,1.99,4.97,0.16,0.0,0.0,1027.0,8228.0,0.0,0.0,0.0,0.0,0.0,1.0,0.0,0.0,0.0,0.0,0.0,0.2,0.0,0.5,0.0,0.0,16.0,25903.0
2026-07-30T18:58:41.122Z,90.605,90.618,0.1,7.4,0.0,0.0,0.0,0.0,0.0,0.0,0.0,0.0,1.0,0.0,0.0,0.0,9.0,4.0,0.0,0.0,0.0,0.0,0.0,0.0,0.0,0.0,6.0,12.0,1.0,12.15,5.0200000000000005,2.51,1.49,0.0,0.1,0.0,2.0,0.0,-1.4,0.0,-1.7000000000000002,-3.5,0.0,0.0,3.3000000000000003,0.0,21.4,34.0,34.0,35.0,300.0,300.0,30.5,34.300000000000004,32.6,32.2,33.800000000000004,4.96,1.99,4.97,0.16,0.0,0.0,1027.0,8228.0,0.0,0.0,0.0,0.0,0.0,1.0,0.0,0.0,0.0,0.0,0.0,0.7000000000000001,0.0,-1.8,0.0,0.0,16.0,25903.0
2026-07-30T18:58:41.142Z,90.625,90.63,0.0,7.4,0.0,0.0,0.0,0.0,0.0,0.0,0.0,0.0,1.0,0.0,0.0,0.0,9.0,4.0,0.0,0.0,0.0,0.0,0.0,0.0,0.0,0.0,1.0,12.0,1.0,12.15,5.0200000000000005,2.51,1.49,0.0,0.1,0.0,1.9,0.0,0.3,0.1,0.0,-3.5,0.0,0.0,3.4000000000000004,0.0,21.4,34.0,34.0,35.0,300.0,300.0,30.5,34.300000000000004,32.6,32.2,33.800000000000004,4.95,1.99,4.97,0.16,0.0,0.0,1027.0,8228.0,0.0,0.0,0.0,0.0,0.0,1.0,0.0,0.0,0.0,0.0,0.0,-0.1,0.0,0.0,0.0,0.0001,16.0,25903.0
2026-07-30T18:58:41.146Z,90.629,90.642,0.0,7.4,0.0,0.0,0.0,0.0,0.0,0.0,0.0,0.0,1.0,0.0,0.0,0.0,9.0,4.0,0.0,0.0,0.0,0.0,0.0,0.0,0.0,0.0,6.0,12.0,1.0,12.15,5.0200000000000005,2.51,1.49,0.0,0.0,0.0,2.0,0.0,0.3,-0.5,-1.1,-3.4000000000000004,0.0,0.0,3.4000000000000004,0.0,21.4,34.0,34.0,35.0,300.0,300.0,30.5,34.300000000000004,32.6,32.2,33.800000000000004,4.96,1.99,4.97,0.16,0.0,0.0,1027.0,8228.0,0.0,0.0,0.0,0.0,0.0,1.0,0.0,0.0,0.0,0.0,0.0,0.0,0.0,0.0,0.0,0.0,16.0,25903.0
2026-07-30T18:58:41.158Z,90.641,90.654,0.0,7.4,0.0,0.0,0.0,0.0,0.0,0.0,0.0,0.0,1.0,0.0,0.0,0.0,9.0,4.0,0.0,0.0,0.0,0.0,0.0,0.0,0.0,0.0,6.0,12.0,1.0,12.15,5.0200000000000005,2.51,1.49,0.0,0.0,0.0,1.9,0.0,0.2,-0.5,0.0,-3.4000000000000004,0.0,0.0,3.4000000000000004,0.0,21.4,34.0,34.0,35.0,300.0,300.0,30.5,34.300000000000004,32.6,32.2,33.800000000000004,4.95,1.99,4.96,0.16,0.0,0.0,1027.0,8228.0,0.0,0.0,0.0,0.0,0.0,1.0,0.0,0.0,0.0,0.0,0.0,1.2000000000000002,0.0,0.0,0.0,0.0001,16.0,25903.0
2026-07-30T18:58:41.170Z,90.653,90.666,0.0,7.4,0.0,0.0,0.0,0.0,0.0,0.0,0.0,0.0,1.0,0.0,0.0,0.0,9.0,4.0,0.0,0.0,0.0,0.0,0.0,0.0,0.0,0.0,1.0,12.0,1.0,12.15,5.0200000000000005,2.51,1.49,0.0,0.0,0.0,1.9,0.0,-0.2,1.8,1.2000000000000002,-3.4000000000000004,0.0,0.0,3.4000000000000004,0.0,21.4,34.0,34.0,35.0,300.0,300.0,30.5,34.300000000000004,32.6,32.2,33.800000000000004,4.95,1.99,4.97,0.16,0.0,0.0,1027.0,8228.0,0.0,0.0,0.0,0.0,0.0,1.0,0.0,0.0,0.0,0.0,0.0,-0.7000000000000001,0.0,0.0,0.0,0.0,16.0,25903.0
2026-07-30T18:58:41.183Z,90.666,90.678,0.0,7.4,0.0,0.0,0.0,0.0,0.0,0.0,0.0,0.0,1.0,0.0,0.0,0.0,9.0,4.0,0.0,0.0,0.0,0.0,0.0,0.0,0.0,0.0,2.0,12.0,1.0,12.18,5.0200000000000005,2.5,1.5,0.0,0.0,0.0,1.9,0.0,0.3,1.2000000000000002,0.0,-3.4000000000000004,0.0,0.0,3.4000000000000004,0.0,21.0,34.0,34.0,35.0,300.0,300.0,30.4,34.300000000000004,32.6,32.2,33.800000000000004,4.96,1.99,4.97,0.16,0.0,0.0,1027.0,8228.0,0.0,0.0,0.0,0.0,0.0,1.0,0.0,0.0,0.0,0.0,0.0,-2.3000000000000003,0.0,1.8,0.0,0.0,16.0,25903.0
2026-07-30T18:58:41.194Z,90.677,90.69,0.0,7.4,0.0,0.0,0.0,0.0,0.0,0.0,0.0,0.0,1.0,0.0,0.0,0.0,9.0,4.0,0.0,0.0,0.0,0.0,0.0,0.0,0.0,0.0,3.0,12.0,1.0,12.18,5.0200000000000005,2.5,1.5,0.0,0.0,0.0,1.9,0.0,-0.9,-1.1,1.1,-3.4000000000000004,0.0,0.0,3.4000000000000004,0.0,21.0,34.0,34.0,35.0,300.0,300.0,30.4,34.300000000000004,32.6,32.2,33.800000000000004,4.96,1.99,4.96,0.16,0.0,0.0,1027.0,8228.0,0.0,0.0,0.0,0.0,0.0,1.0,0.0,0.0,0.0,0.0,0.0,0.7000000000000001,0.0,1.1,0.0,0.0,16.0,25903.0
2026-07-30T18:58:41.206Z,90.689,90.702,0.0,7.4,0.0,0.0,0.0,0.0,0.0,0.0,0.0,0.0,1.0,0.0,0.0,0.0,9.0,4.0,0.0,0.0,0.0,0.0,0.0,0.0,0.0,0.0,4.0,12.0,1.0,12.18,5.0200000000000005,2.5,1.5,0.0,0.0,0.0,1.9,0.0,0.2,0.0,1.7000000000000002,-3.4000000000000004,0.0,0.0,3.4000000000000004,0.0,21.0,34.0,34.0,35.0,300.0,300.0,30.4,34.300000000000004,32.6,32.2,33.800000000000004,4.95,2.0,4.96,0.16,0.0,0.0,1027.0,8228.0,0.0,0.0,0.0,0.0,0.0,1.0,0.0,0.0,0.0,0.0,0.0,-0.9,0.0,1.8,0.0,0.0001,16.0,25903.0
2026-07-30T18:58:41.218Z,90.701,90.714,0.0,7.4,0.0,0.0,0.0,0.0,0.0,0.0,0.0,0.0,1.0,0.0,0.0,0.0,9.0,4.0,0.0,0.0,0.0,0.0,0.0,0.0,0.0,0.0,5.0,12.0,1.0,12.18,5.0200000000000005,2.5,1.5,0.0,0.0,0.0,1.8,0.0,0.2,0.0,0.0,-3.4000000000000004,0.0,0.0,3.3000000000000003,0.0,21.0,34.0,34.0,35.0,300.0,300.0,30.4,34.300000000000004,32.6,32.2,33.800000000000004,4.95,2.0,4.97,0.16,0.0,0.0,1027.0,8228.0,0.0,0.0,0.0,0.0,0.0,1.0,0.0,0.0,0.0,0.0,0.0,0.0,0.0,0.0,0.0,0.0,16.0,25903.0
2026-07-30T18:58:41.230Z,90.713,90.726,0.0,7.4,0.0,0.0,0.0,0.0,0.0,0.0,0.0,0.0,1.0,0.0,0.0,0.0,9.0,4.0,0.0,0.0,0.0,0.0,0.0,0.0,0.0,0.0,6.0,12.0,1.0,12.18,5.0200000000000005,2.5,1.5,0.0,0.0,0.0,1.9,0.0,0.2,0.6000000000000001,1.1,-3.4000000000000004,0.0,0.0,3.4000000000000004,0.0,21.0,34.0,34.0,35.0,300.0,300.0,30.4,34.300000000000004,32.6,32.2,33.800000000000004,4.95,1.99,4.97,0.16,0.0,0.0,1027.0,8228.0,0.0,0.0,0.0,0.0,0.0,1.0,0.0,0.0,0.0,0.0,0.0,-1.3,0.0,1.2000000000000002,0.0,0.0001,16.0,25903.0
2026-07-30T18:58:41.243Z,90.726,90.738,0.0,7.4,0.0,0.0,0.0,0.0,0.0,0.0,0.0,0.0,1.0,0.0,0.0,0.0,9.0,4.0,0.0,0.0,0.0,0.0,0.0,0.0,0.0,0.0,1.0,12.0,1.0,12.18,5.0200000000000005,2.5,1.5,0.0,0.0,0.0,1.9,0.0,0.3,0.0,0.0,-3.4000000000000004,0.0,0.0,3.4000000000000004,0.0,21.0,34.0,34.0,35.0,300.0,300.0,30.4,34.300000000000004,32.6,32.2,33.800000000000004,4.96,1.99,4.97,0.16,0.0,0.0,1027.0,8228.0,0.0,0.0,0.0,0.0,0.0,1.0,0.0,0.0,0.0,0.0,0.0,0.0,0.0,0.0,0.0,0.0,16.0,25903.0
2026-07-30T18:58:41.255Z,90.738,90.75,0.0,7.4,0.0,0.0,0.0,0.0,0.0,0.0,0.0,0.0,1.0,0.0,0.0,0.0,9.0,4.0,0.0,0.0,0.0,0.0,0.0,0.0,0.0,0.0,2.0,12.0,1.0,12.18,5.0200000000000005,2.5,1.5,0.0,0.0,0.0,1.9,0.0,-0.2,-1.0,-1.1,-3.4000000000000004,0.0,0.0,3.4000000000000004,0.0,21.0,34.0,34.0,35.0,300.0,300.0,30.4,34.300000000000004,32.6,32.2,33.800000000000004,4.95,1.99,4.97,0.16,0.0,0.0,1027.0,8228.0,0.0,0.0,0.0,0.0,0.0,1.0,0.0,0.0,0.0,0.0,0.0,1.8,0.0,-1.2000000000000002,0.0,0.0,16.0,25903.0
2026-07-30T18:58:41.266Z,90.749,90.762,0.0,7.4,0.0,0.0,0.0,0.0,0.0,0.0,0.0,0.0,1.0,0.0,0.0,0.0,9.0,4.0,0.0,0.0,0.0,0.0,0.0,0.0,0.0,0.0,3.0,12.0,1.0,12.18,5.0200000000000005,2.5,1.5,0.0,0.1,0.0,1.8,0.0,-0.8,0.1,0.5,-3.4000000000000004,0.0,0.0,3.4000000000000004,0.0,21.0,34.0,34.0,35.0,300.0,300.0,30.4,34.300000000000004,32.6,32.2,33.800000000000004,4.95,1.98,4.96,0.16,0.0,0.0,1027.0,8228.0,0.0,0.0,0.0,0.0,0.0,1.0,0.0,0.0,0.0,0.0,0.0,-0.4,0.0,0.6000000000000001,0.0,0.0,16.0,25903.0
2026-07-30T18:58:41.278Z,90.761,90.774,0.0,7.4,0.0,0.0,0.0,0.0,0.0,0.0,0.0,0.0,1.0,0.0,0.0,0.0,9.0,4.0,0.0,0.0,0.0,0.0,0.0,0.0,0.0,0.0,4.0,12.0,1.0,12.18,5.0200000000000005,2.5,1.5,0.0,0.0,0.0,1.9,0.0,-0.1,1.2000000000000002,0.0,-3.4000000000000004,0.0,0.0,3.4000000000000004,0.0,21.0,34.0,34.0,35.0,300.0,300.0,30.4,34.300000000000004,32.6,32.2,33.800000000000004,4.96,2.0,4.96,0.16,0.0,0.0,1027.0,8228.0,0.0,0.0,0.0,0.0,0.0,1.0,0.0,0.0,0.0,0.0,0.0,-1.4,0.0,0.0,0.0,0.0,16.0,25903.0
2026-07-30T18:58:41.290Z,90.773,90.786,0.0,7.4,0.0,0.0,0.0,0.0,0.0,0.0,0.0,0.0,1.0,0.0,0.0,0.0,9.0,4.0,0.0,0.0,0.0,0.0,0.0,0.0,0.0,0.0,5.0,12.0,1.0,12.17,5.01,2.5,1.49,0.0,0.0,0.0,1.8,0.0,0.9,-0.4,1.2000000000000002,-3.4000000000000004,0.0,0.0,3.4000000000000004,0.0,21.9,34.0,34.0,35.0,300.0,300.0,30.4,34.300000000000004,32.6,32.2,33.800000000000004,4.95,2.0,4.96,0.16,0.0,0.0,1027.0,8228.0,0.0,0.0,0.0,0.0,0.0,1.0,0.0,0.0,0.0,0.0,0.0,-0.1,0.0,1.2000000000000002,0.0,0.0,16.0,25903.0
2026-07-30T18:58:41.302Z,90.785,90.798,0.0,7.4,0.0,0.0,0.0,0.0,0.0,0.0,0.0,0.0,1.0,0.0,0.0,0.0,9.0,4.0,0.0,0.0,0.0,0.0,0.0,0.0,0.0,0.0,1.0,12.0,1.0,12.17,5.01,2.5,1.49,0.0,0.0,0.0,1.9,0.0,-0.1,0.7000000000000001,1.2000000000000002,-3.4000000000000004,0.0,0.0,3.4000000000000004,0.0,21.9,34.0,34.0,35.0,300.0,300.0,30.4,34.300000000000004,32.6,32.2,33.800000000000004,4.95,1.99,4.97,0.16,0.0,0.0,1027.0,8228.0,0.0,0.0,0.0,0.0,0.0,1.0,0.0,0.0,0.0,0.0,0.0,-1.4,0.0,1.3,0.0,0.0,16.0,25903.0
2026-07-30T18:58:41.314Z,90.797,90.81,0.1,7.4,0.0,0.0,0.0,0.0,0.0,0.0,0.0,0.0,1.0,0.0,0.0,0.0,9.0,4.0,0.0,0.0,0.0,0.0,0.0,0.0,0.0,0.0,2.0,12.0,1.0,12.17,5.01,2.5,1.49,0.0,0.0,0.0,1.8,0.0,-0.2,0.1,1.2000000000000002,-3.4000000000000004,0.0,0.0,3.4000000000000004,0.0,21.9,34.0,34.0,35.0,300.0,300.0,30.4,34.300000000000004,32.6,32.2,33.800000000000004,4.95,2.0,4.96,0.16,0.0,0.0,1027.0,8228.0,0.0,0.0,0.0,0.0,0.0,1.0,0.0,0.0,0.0,0.0,0.0,-0.7000000000000001,0.0,1.2000000000000002,0.0,0.0,16.0,25903.0
2026-07-30T18:58:41.326Z,90.809,90.822,0.1,7.4,0.0,0.0,0.0,0.0,0.0,0.0,0.0,0.0,1.0,0.0,0.0,0.0,9.0,4.0,0.0,0.0,0.0,0.0,0.0,0.0,0.0,0.0,3.0,12.0,1.0,12.17,5.01,2.5,1.49,0.0,0.0,0.0,1.8,0.0,0.3,1.2000000000000002,0.6000000000000001,-3.4000000000000004,0.0,0.0,3.4000000000000004,0.0,21.9,34.0,34.0,35.0,300.0,300.0,30.4,34.300000000000004,32.6,32.2,33.800000000000004,4.96,1.99,4.96,0.16,0.0,0.0,1027.0,8228.0,0.0,0.0,0.0,0.0,0.0,1.0,0.0,0.0,0.0,0.0,0.0,-1.8,0.0,0.7000000000000001,0.0,0.0,16.0,25903.0
2026-07-30T18:58:41.338Z,90.821,90.834,0.1,7.4,0.0,0.0,0.0,0.0,0.0,0.0,0.0,0.0,1.0,0.0,0.0,0.0,9.0,4.0,0.0,0.0,0.0,0.0,0.0,0.0,0.0,0.0,4.0,12.0,1.0,12.17,5.01,2.5,1.49,0.0,0.0,0.0,1.8,0.0,-0.1,1.2000000000000002,0.0,-3.4000000000000004,0.0,0.0,3.4000000000000004,0.0,21.9,34.0,34.0,35.0,300.0,300.0,30.4,34.300000000000004,32.6,32.2,33.800000000000004,4.95,1.99,4.97,0.16,0.0,0.0,1027.0,8228.0,0.0,0.0,0.0,0.0,0.0,1.0,0.0,0.0,0.0,0.0,0.0,-1.4,0.0,0.1,0.0,0.0,16.0,25903.0
2026-07-30T18:58:41.351Z,90.834,90.846,0.1,7.4,0.0,0.0,0.0,0.0,0.0,0.0,0.0,0.0,1.0,0.0,0.0,0.0,9.0,4.0,0.0,0.0,0.0,0.0,0.0,0.0,0.0,0.0,5.0,12.0,1.0,12.17,5.01,2.5,1.49,0.0,0.0,0.0,1.8,0.0,0.9,0.6000000000000001,0.6000000000000001,-3.3000000000000003,0.0,0.0,3.3000000000000003,0.0,21.9,34.0,34.0,35.0,300.0,300.0,30.4,34.300000000000004,32.6,32.2,33.800000000000004,4.96,1.99,4.97,0.16,0.0,0.0,1027.0,8228.0,0.0,0.0,0.0,0.0,0.0,1.0,0.0,0.0,0.0,0.0,0.0,-1.1,0.0,0.7000000000000001,0.0,0.0001,16.0,25903.0
2026-07-30T18:58:41.362Z,90.845,90.858,0.1,7.4,0.0,0.0,0.0,0.0,0.0,0.0,0.0,0.0,1.0,0.0,0.0,0.0,9.0,4.0,0.0,0.0,0.0,0.0,0.0,0.0,0.0,0.0,6.0,12.0,1.0,12.17,5.01,2.5,1.49,0.0,0.0,0.0,1.8,0.0,-0.2,0.0,-0.5,-3.3000000000000003,0.0,0.0,3.4000000000000004,0.0,21.9,34.0,34.0,35.0,300.0,300.0,30.4,34.300000000000004,32.6,32.2,33.800000000000004,4.96,2.0,4.96,0.16,0.0,0.0,1027.0,8228.0,0.0,0.0,0.0,0.0,0.0,1.0,0.0,0.0,0.0,0.0,0.0,0.2,0.0,-0.5,0.0,0.0,16.0,25903.0
2026-07-30T18:58:41.374Z,90.857,90.87,0.1,7.4,0.0,0.0,0.0,0.0,0.0,0.0,0.0,0.0,1.0,0.0,0.0,0.0,9.0,4.0,0.0,0.0,0.0,0.0,0.0,0.0,0.0,0.0,1.0,12.0,1.0,12.17,5.01,2.5,1.49,0.0,0.0,0.0,1.8,0.0,0.3,1.2000000000000002,0.0,-3.3000000000000003,0.0,0.0,3.4000000000000004,0.0,21.9,34.0,34.0,35.0,300.0,300.0,30.4,34.300000000000004,32.6,32.2,33.800000000000004,4.96,1.99,4.96,0.16,0.0,0.0,1027.0,8228.0,0.0,0.0,0.0,0.0,0.0,1.0,0.0,0.0,0.0,0.0,0.0,-1.3,0.0,0.0,0.0,0.0,16.0,25903.0
2026-07-30T18:58:41.388Z,90.871,90.882,0.1,7.4,0.0,0.0,0.0,0.0,0.0,0.0,0.0,0.0,1.0,0.0,0.0,0.0,9.0,4.0,0.0,0.0,0.0,0.0,0.0,0.0,0.0,0.0,2.0,12.0,1.0,12.17,5.01,2.5,1.49,0.0,0.0,0.0,1.8,0.0,0.8,0.6000000000000001,1.6,-3.3000000000000003,0.0,0.0,3.4000000000000004,0.0,21.3,34.0,34.0,34.9,300.0,300.0,30.4,34.300000000000004,32.6,32.2,33.800000000000004,4.95,1.99,4.97,0.16,0.0,0.0,1027.0,8228.0,0.0,0.0,0.0,0.0,0.0,1.0,0.0,0.0,0.0,0.0,0.0,-1.5,0.0,1.7000000000000002,0.0,0.0001,16.0,25903.0
2026-07-30T18:58:41.398Z,90.881,90.894,0.1,7.4,0.0,0.0,0.0,0.0,0.0,0.0,0.0,0.0,1.0,0.0,0.0,0.0,9.0,4.0,0.0,0.0,0.0,0.0,0.0,0.0,0.0,0.0,4.0,12.0,1.0,12.17,5.01,2.5,1.49,0.0,0.0,0.0,1.8,0.0,-0.2,0.0,-0.6000000000000001,-3.3000000000000003,0.0,0.0,3.4000000000000004,0.0,21.3,34.0,34.0,34.9,300.0,300.0,30.4,34.300000000000004,32.6,32.2,33.800000000000004,4.96,2.0,4.96,0.16,0.0,0.0,1027.0,8228.0,0.0,0.0,0.0,0.0,0.0,1.0,0.0,0.0,0.0,0.0,0.0,0.3,0.0,-0.7000000000000001,0.0,0.0,16.0,25903.0
2026-07-30T18:58:41.410Z,90.893,90.906,0.0,7.4,0.0,0.0,0.0,0.0,0.0,0.0,0.0,0.0,1.0,0.0,0.0,0.0,9.0,4.0,0.0,0.0,0.0,0.0,0.0,0.0,0.0,0.0,5.0,12.0,1.0,12.17,5.01,2.5,1.49,0.0,0.0,0.0,1.8,0.0,-0.2,0.0,-0.6000000000000001,-3.3000000000000003,0.0,0.0,3.4000000000000004,0.0,21.3,34.0,34.0,34.9,300.0,300.0,30.4,34.300000000000004,32.6,32.2,33.800000000000004,4.96,1.99,4.97,0.16,0.0,0.0,1027.0,8228.0,0.0,0.0,0.0,0.0,0.0,1.0,0.0,0.0,0.0,0.0,0.0,0.3,0.0,-0.6000000000000001,0.0,0.0001,16.0,25903.0
2026-07-30T18:58:41.422Z,90.905,90.918,0.0,7.4,0.0,0.0,0.0,0.0,0.0,0.0,0.0,0.0,1.0,0.0,0.0,0.0,9.0,4.0,0.0,0.0,0.0,0.0,0.0,0.0,0.0,0.0,6.0,12.0,1.0,12.17,5.01,2.5,1.49,0.0,0.0,0.0,1.8,0.0,-0.3,0.5,0.0,-3.3000000000000003,0.0,0.0,3.3000000000000003,0.0,21.3,34.0,34.0,34.9,300.0,300.0,30.4,34.300000000000004,32.6,32.2,33.800000000000004,4.95,1.99,4.97,0.16,0.0,0.0,1027.0,8228.0,0.0,0.0,0.0,0.0,0.0,1.0,0.0,0.0,0.0,0.0,0.0,-0.6000000000000001,0.0,0.0,0.0,0.0001,16.0,25903.0
2026-07-30T18:58:41.434Z,90.917,90.93,0.0,7.4,0.0,0.0,0.0,0.0,0.0,0.0,0.0,0.0,1.0,0.0,0.0,0.0,9.0,4.0,0.0,0.0,0.0,0.0,0.0,0.0,0.0,0.0,1.0,12.0,1.0,12.17,5.01,2.5,1.49,0.0,0.0,0.0,1.8,0.0,0.2,-0.5,-0.6000000000000001,-3.3000000000000003,0.0,0.0,3.4000000000000004,0.0,21.3,34.0,34.0,34.9,300.0,300.0,30.4,34.300000000000004,32.6,32.2,33.800000000000004,4.96,1.99,4.97,0.16,0.0,0.0,1027.0,8228.0,0.0,0.0,0.0,0.0,0.0,1.0,0.0,0.0,0.0,0.0,0.0,1.0,0.0,-0.7000000000000001,0.0,0.0001,16.0,25903.0
2026-07-30T18:58:41.446Z,90.929,90.942,0.0,7.4,0.0,0.0,0.0,0.0,0.0,0.0,0.0,0.0,1.0,0.0,0.0,0.0,9.0,4.0,0.0,0.0,0.0,0.0,0.0,0.0,0.0,0.0,2.0,12.0,1.0,12.17,5.01,2.5,1.49,0.0,0.0,0.0,1.8,0.0,0.2,0.0,0.4,-3.3000000000000003,0.0,0.0,3.4000000000000004,0.0,21.3,34.0,34.0,34.9,300.0,300.0,30.4,34.300000000000004,32.6,32.2,33.800000000000004,4.96,1.99,4.96,0.16,0.0,0.0,1027.0,8228.0,0.0,0.0,0.0,0.0,0.0,1.0,0.0,0.0,0.0,0.0,0.0,-0.2,0.0,0.4,0.0,0.0,16.0,25903.0
2026-07-30T18:58:41.465Z,90.948,90.954,0.0,7.4,0.0,0.0,0.0,0.0,0.0,0.0,0.0,0.0,1.0,0.0,0.0,0.0,9.0,4.0,0.0,0.0,0.0,0.0,0.0,0.0,0.0,0.0,3.0,12.0,1.0,12.17,5.01,2.5,1.49,0.0,0.0,0.0,1.7000000000000002,0.0,-0.2,1.2000000000000002,-0.1,-3.3000000000000003,0.0,0.0,3.4000000000000004,0.0,21.3,34.0,34.0,34.9,300.0,300.0,30.4,34.300000000000004,32.6,32.2,33.800000000000004,4.96,1.99,4.96,0.16,0.0,0.0,1027.0,8228.0,0.0,0.0,0.0,0.0,0.0,1.0,0.0,0.0,0.0,0.0,0.0,-1.3,0.0,0.0,0.0,0.0,16.0,25903.0
2026-07-30T18:58:41.470Z,90.953,90.966,0.0,7.4,0.0,0.0,0.0,0.0,0.0,0.0,0.0,0.0,1.0,0.0,0.0,0.0,9.0,4.0,0.0,0.0,0.0,0.0,0.0,0.0,0.0,0.0,6.0,12.0,1.0,12.17,5.01,2.5,1.49,0.0,0.0,0.0,1.7000000000000002,0.0,0.3,1.2000000000000002,1.1,-3.3000000000000003,0.0,0.0,3.4000000000000004,0.0,21.3,34.0,34.0,34.9,300.0,300.0,30.4,34.300000000000004,32.6,32.2,33.800000000000004,4.96,1.99,4.96,0.16,0.0,0.0,1027.0,8228.0,0.0,0.0,0.0,0.0,0.0,1.0,0.0,0.0,0.0,0.0,0.0,-2.0,0.0,1.2000000000000002,0.0,0.0,16.0,25903.0
2026-07-30T18:58:41.482Z,90.965,90.978,0.0,7.4,0.0,0.0,0.0,0.0,0.0,0.0,0.0,0.0,1.0,0.0,0.0,0.0,9.0,4.0,0.0,0.0,0.0,0.0,0.0,0.0,0.0,0.0,6.0,12.0,1.0,12.17,5.01,2.5,1.49,0.0,0.0,0.0,1.7000000000000002,0.0,-0.1,0.1,0.0,-3.3000000000000003,0.0,0.0,3.4000000000000004,0.0,21.3,34.0,34.0,34.9,300.0,300.0,30.4,34.300000000000004,32.6,32.2,33.800000000000004,4.95,1.99,4.96,0.16,0.0,0.0,1027.0,8228.0,0.0,0.0,0.0,0.0,0.0,1.0,0.0,0.0,0.0,0.0,0.0,-0.1,0.0,0.0,0.0,0.0,16.0,25903.0
2026-07-30T18:58:41.494Z,90.977,90.99,0.0,7.4,0.0,0.0,0.0,0.0,0.0,0.0,0.0,0.0,1.0,0.0,0.0,0.0,9.0,4.0,0.0,0.0,0.0,0.0,0.0,0.0,0.0,0.0,1.0,12.0,1.0,12.09,5.0200000000000005,2.5,1.49,0.0,0.0,0.0,1.7000000000000002,0.0,0.3,0.6000000000000001,0.0,-3.3000000000000003,0.0,0.0,3.3000000000000003,0.0,21.700000000000003,34.0,34.0,34.9,300.0,300.0,30.4,34.300000000000004,32.6,32.1,33.800000000000004,4.95,1.99,4.97,0.16,0.0,0.0,1027.0,8228.0,0.0,0.0,0.0,0.0,0.0,1.0,0.0,0.0,0.0,0.0,0.0,-0.7000000000000001,0.0,0.0,0.0,0.0,16.0,25903.0
2026-07-30T18:58:41.506Z,90.989,91.002,0.0,7.4,0.0,0.0,0.0,0.0,0.0,0.0,0.0,0.0,1.0,0.0,0.0,0.0,9.0,4.0,0.0,0.0,0.0,0.0,0.0,0.0,0.0,0.0,3.0,12.0,1.0,12.09,5.0200000000000005,2.5,1.49,0.0,0.0,0.0,1.7000000000000002,0.0,0.4,0.1,0.5,-3.3000000000000003,0.0,0.0,3.3000000000000003,0.0,21.700000000000003,34.0,34.0,34.9,300.0,300.0,30.4,34.300000000000004,32.6,32.1,33.800000000000004,4.95,2.0,4.96,0.16,0.0,0.0,1027.0,8228.0,0.0,0.0,0.0,0.0,0.0,1.0,0.0,0.0,0.0,0.0,0.0,-0.4,0.0,0.5,0.0,0.0001,16.0,25903.0
2026-07-30T18:58:41.518Z,91.001,91.014,0.0,7.4,0.0,0.0,0.0,0.0,0.0,0.0,0.0,0.0,1.0,0.0,0.0,0.0,9.0,4.0,0.0,0.0,0.0,0.0,0.0,0.0,0.0,0.0,4.0,12.0,1.0,12.09,5.0200000000000005,2.5,1.49,0.0,0.1,0.0,1.7000000000000002,0.0,0.4,1.3,-0.6000000000000001,-3.3000000000000003,0.0,0.0,3.4000000000000004,0.0,21.700000000000003,34.0,34.0,34.9,300.0,300.0,30.4,34.300000000000004,32.6,32.1,33.800000000000004,4.96,1.99,4.96,0.16,0.0,0.0,1027.0,8228.0,0.0,0.0,0.0,0.0,0.0,1.0,0.0,0.0,0.0,0.0,0.0,-1.2000000000000002,0.0,-0.5,0.0,0.0,16.0,25903.0
2026-07-30T18:58:41.530Z,91.013,91.026,0.0,7.4,0.0,0.0,0.0,0.0,0.0,0.0,0.0,0.0,1.0,0.0,0.0,0.0,9.0,4.0,0.0,0.0,0.0,0.0,0.0,0.0,0.0,0.0,5.0,12.0,1.0,12.09,5.0200000000000005,2.5,1.49,0.0,0.0,0.0,1.7000000000000002,0.0,-0.1,0.1,-0.6000000000000001,-3.3000000000000003,0.0,0.0,3.4000000000000004,0.0,21.700000000000003,34.0,34.0,34.9,300.0,300.0,30.4,34.300000000000004,32.6,32.1,33.800000000000004,4.95,1.99,4.96,0.16,0.0,0.0,1027.0,8228.0,0.0,0.0,0.0,0.0,0.0,1.0,0.0,0.0,0.0,0.0,0.0,0.1,0.0,-0.6000000000000001,0.0,0.0001,16.0,25903.0
2026-07-30T18:58:41.542Z,91.025,91.038,0.0,7.4,0.0,0.0,0.0,0.0,0.0,0.0,0.0,0.0,1.0,0.0,0.0,0.0,9.0,4.0,0.0,0.0,0.0,0.0,0.0,0.0,0.0,0.0,6.0,12.0,1.0,12.09,5.0200000000000005,2.5,1.49,0.0,0.0,0.0,1.7000000000000002,0.0,-0.1,0.1,0.5,-3.3000000000000003,0.0,0.0,3.4000000000000004,0.0,21.700000000000003,34.0,34.0,34.9,300.0,300.0,30.4,34.300000000000004,32.6,32.1,33.800000000000004,4.95,1.99,4.97,0.16,0.0,0.0,1027.0,8228.0,0.0,0.0,0.0,0.0,0.0,1.0,0.0,0.0,0.0,0.0,0.0,-0.4,0.0,0.5,0.0,0.0,16.0,25903.0
2026-07-30T18:58:41.554Z,91.037,91.05,0.0,7.4,0.0,0.0,0.0,0.0,0.0,0.0,0.0,0.0,1.0,0.0,0.0,0.0,9.0,4.0,0.0,0.0,0.0,0.0,0.0,0.0,0.0,0.0,1.0,12.0,1.0,12.09,5.0200000000000005,2.5,1.49,0.0,0.0,0.0,1.7000000000000002,0.0,-0.1,1.3,0.5,-3.3000000000000003,0.0,0.0,3.4000000000000004,0.0,21.700000000000003,34.0,34.0,34.9,300.0,300.0,30.4,34.300000000000004,32.6,32.1,33.800000000000004,4.95,2.0,4.96,0.16,0.0,0.0,1027.0,8228.0,0.0,0.0,0.0,0.0,0.0,1.0,0.0,0.0,0.0,0.0,0.0,-1.7000000000000002,0.0,0.6000000000000001,0.0,0.0,16.0,25903.0
2026-07-30T18:58:41.566Z,91.049,91.062,0.0,7.4,0.0,0.0,0.0,0.0,0.0,0.0,0.0,0.0,1.0,0.0,0.0,0.0,9.0,4.0,0.0,0.0,0.0,0.0,0.0,0.0,0.0,0.0,2.0,12.0,1.0,12.09,5.0200000000000005,2.5,1.49,0.0,0.0,0.0,1.7000000000000002,0.0,1.0,1.3,1.0,-3.3000000000000003,0.0,0.0,3.4000000000000004,0.0,21.700000000000003,34.0,34.0,34.9,300.0,300.0,30.4,34.300000000000004,32.6,32.1,33.800000000000004,4.95,1.99,4.96,0.16,0.0,0.0,1027.0,8228.0,0.0,0.0,0.0,0.0,0.0,1.0,0.0,0.0,0.0,0.0,0.0,-2.0,0.0,1.2000000000000002,0.0,0.0,16.0,25903.0
2026-07-30T18:58:41.578Z,91.061,91.074,0.0,7.4,0.0,0.0,0.0,0.0,0.0,0.0,0.0,0.0,1.0,0.0,0.0,0.0,9.0,4.0,0.0,0.0,0.0,0.0,0.0,0.0,0.0,0.0,3.0,12.0,1.0,12.09,5.0200000000000005,2.5,1.49,0.0,0.0,0.0,1.6,0.0,0.4,-0.4,-0.6000000000000001,-3.3000000000000003,0.0,0.0,3.4000000000000004,0.0,21.700000000000003,34.0,34.0,34.9,300.0,300.0,30.4,34.300000000000004,32.6,32.1,33.800000000000004,4.95,1.99,4.97,0.16,0.0,0.0,1027.0,8228.0,0.0,0.0,0.0,0.0,0.0,1.0,0.0,0.0,0.0,0.0,0.0,0.9,0.0,-0.7000000000000001,0.0,0.0,16.0,25903.0
2026-07-30T18:58:41.591Z,91.074,91.086,0.0,7.4,0.0,0.0,0.0,0.0,0.0,0.0,0.0,0.0,1.0,0.0,0.0,0.0,9.0,4.0,0.0,0.0,0.0,0.0,0.0,0.0,0.0,0.0,4.0,12.0,1.0,12.18,5.01,2.51,1.49,0.0,0.0,0.0,1.6,0.0,-0.1,-1.6,-0.6000000000000001,-3.3000000000000003,0.0,0.0,3.4000000000000004,0.0,21.0,34.0,34.0,34.9,300.0,300.0,30.4,34.300000000000004,32.6,32.1,33.800000000000004,4.96,1.99,4.96,0.16,0.0,0.0,1027.0,8228.0,0.0,0.0,0.0,0.0,0.0,1.0,0.0,0.0,0.0,0.0,0.0,2.2,0.0,-0.7000000000000001,0.0,0.0,16.0,25903.0
2026-07-30T18:58:41.602Z,91.085,91.098,0.0,7.4,0.0,0.0,0.0,0.0,0.0,0.0,0.0,0.0,1.0,0.0,0.0,0.0,9.0,4.0,0.0,0.0,0.0,0.0,0.0,0.0,0.0,0.0,5.0,12.0,1.0,12.18,5.01,2.51,1.49,0.0,0.0,0.0,1.6,0.0,0.4,0.7000000000000001,0.5,-3.3000000000000003,0.0,0.0,3.4000000000000004,0.0,21.0,34.0,34.0,34.9,300.0,300.0,30.4,34.300000000000004,32.6,32.1,33.800000000000004,4.96,2.0,4.96,0.16,0.0,0.0,1027.0,8228.0,0.0,0.0,0.0,0.0,0.0,1.0,0.0,0.0,0.0,0.0,0.0,-1.1,0.0,0.5,0.0,0.0,16.0,25903.0
2026-07-30T18:58:41.614Z,91.097,91.11,0.0,7.4,0.0,0.0,0.0,0.0,0.0,0.0,0.0,0.0,1.0,0.0,0.0,0.0,9.0,4.0,0.0,0.0,0.0,0.0,0.0,0.0,0.0,0.0,6.0,12.0,1.0,12.18,5.01,2.51,1.49,0.0,0.0,0.0,1.6,0.0,-0.1,0.1,0.0,-3.3000000000000003,0.0,0.0,3.4000000000000004,0.0,21.0,34.0,34.0,34.9,300.0,300.0,30.4,34.300000000000004,32.6,32.1,33.800000000000004,4.95,1.99,4.96,0.16,0.0,0.0,1027.0,8228.0,0.0,0.0,0.0,0.0,0.0,1.0,0.0,0.0,0.0,0.0,0.0,-0.1,0.0,0.0,0.0,0.0,16.0,25903.0
2026-07-30T18:58:41.626Z,91.109,91.122,0.0,7.4,0.0,0.0,0.0,0.0,0.0,0.0,0.0,0.0,1.0,0.0,0.0,0.0,9.0,4.0,0.0,0.0,0.0,0.0,0.0,0.0,0.0,0.0,1.0,12.0,1.0,12.18,5.01,2.51,1.49,0.0,0.0,0.0,1.6,0.0,-0.7000000000000001,0.0,0.5,-3.3000000000000003,0.0,0.0,3.4000000000000004,0.0,21.0,34.0,34.0,34.9,300.0,300.0,30.4,34.300000000000004,32.6,32.1,33.800000000000004,4.95,1.99,4.97,0.16,0.0,0.0,1027.0,8228.0,0.0,0.0,0.0,0.0,0.0,1.0,0.0,0.0,0.0,0.0,0.0,-0.3,0.0,0.5,0.0,0.0001,16.0,25903.0
2026-07-30T18:58:41.638Z,91.121,91.134,0.0,7.4,0.0,0.0,0.0,0.0,0.0,0.0,0.0,0.0,1.0,0.0,0.0,0.0,9.0,4.0,0.0,0.0,0.0,0.0,0.0,0.0,0.0,0.0,2.0,12.0,1.0,12.18,5.01,2.51,1.49,0.0,0.0,0.0,1.7000000000000002,0.0,-0.1,0.0,0.4,-3.3000000000000003,0.0,0.0,3.4000000000000004,0.0,21.0,34.0,34.0,34.9,300.0,300.0,30.4,34.300000000000004,32.6,32.1,33.800000000000004,4.96,1.99,4.96,0.16,0.0,0.0,1027.0,8228.0,0.0,0.0,0.0,0.0,0.0,1.0,0.0,0.0,0.0,0.0,0.0,-0.3,0.0,0.5,0.0,0.0,16.0,25903.0
2026-07-30T18:58:41.651Z,91.134,91.146,0.0,7.4,0.0,0.0,0.0,0.0,0.0,0.0,0.0,0.0,1.0,0.0,0.0,0.0,9.0,4.0,0.0,0.0,0.0,0.0,0.0,0.0,0.0,0.0,3.0,12.0,1.0,12.18,5.01,2.51,1.49,0.0,0.0,0.0,1.6,0.0,-0.1,0.6000000000000001,-0.7000000000000001,-3.3000000000000003,0.0,0.0,3.4000000000000004,0.0,21.0,34.0,34.0,34.9,300.0,300.0,30.4,34.300000000000004,32.6,32.1,33.800000000000004,4.96,1.99,4.97,0.16,0.0,0.0,1027.0,8228.0,0.0,0.0,0.0,0.0,0.0,1.0,0.0,0.0,0.0,0.0,0.0,-0.3,0.0,-0.6000000000000001,0.0,0.0,16.0,25903.0
2026-07-30T18:58:41.662Z,91.145,91.158,0.0,7.4,0.0,0.0,0.0,0.0,0.0,0.0,0.0,0.0,1.0,0.0,0.0,0.0,9.0,4.0,0.0,0.0,0.0,0.0,0.0,0.0,0.0,0.0,4.0,12.0,1.0,12.18,5.01,2.51,1.49,0.0,0.0,0.0,1.6,0.0,-0.2,0.5,1.6,-3.3000000000000003,0.0,0.0,3.4000000000000004,0.0,21.0,34.0,34.0,34.9,300.0,300.0,30.4,34.300000000000004,32.6,32.1,33.800000000000004,4.95,2.0,4.97,0.16,0.0,0.0,1027.0,8228.0,0.0,0.0,0.0,0.0,0.0,1.0,0.0,0.0,0.0,0.0,0.0,0.7000000000000001,0.0,-0.1,0.0,0.0001,16.0,25903.0
2026-07-30T18:58:41.675Z,91.158,91.17,0.0,7.4,0.0,0.0,0.0,0.0,0.0,0.0,0.0,0.0,1.0,0.0,0.0,0.0,9.0,4.0,0.0,0.0,0.0,0.0,0.0,0.0,0.0,0.0,5.0,12.0,1.0,12.18,5.01,2.51,1.49,0.0,0.0,0.0,1.6,0.0,-0.2,-0.5,1.0,-3.3000000000000003,0.0,0.0,3.4000000000000004,0.0,21.0,34.0,34.0,34.9,300.0,300.0,30.4,34.300000000000004,32.6,32.1,33.800000000000004,4.96,2.0,4.96,0.16,0.0,0.0,1027.0,8228.0,0.0,0.0,0.0,0.0,0.0,1.0,0.0,0.0,0.0,0.0,0.0,-0.5,0.0,1.1,0.0,0.0001,16.0,25903.0
2026-07-30T18:58:41.686Z,91.169,91.182,0.0,7.4,0.0,0.0,0.0,0.0,0.0,0.0,0.0,0.0,1.0,0.0,0.0,0.0,9.0,4.0,0.0,0.0,0.0,0.0,0.0,0.0,0.0,0.0,6.0,12.0,1.0,12.18,5.01,2.51,1.49,0.0,0.1,0.0,1.7000000000000002,0.0,0.3,-1.1,-0.1,-3.3000000000000003,0.0,0.0,3.3000000000000003,0.0,21.0,34.0,34.0,34.9,300.0,300.0,30.4,34.300000000000004,32.6,32.1,33.800000000000004,4.95,2.0,4.96,0.16,0.0,0.0,1027.0,8228.0,0.0,0.0,0.0,0.0,0.0,1.0,0.0,0.0,0.0,0.0,0.0,-0.4,0.0,1.0,0.0,0.0001,16.0,25903.0
2026-07-30T18:58:41.699Z,91.182,91.194,0.0,7.4,0.0,0.0,0.0,0.0,0.0,0.0,0.0,0.0,1.0,0.0,0.0,0.0,9.0,4.0,0.0,0.0,0.0,0.0,0.0,0.0,0.0,0.0,2.0,12.0,1.0,12.17,5.01,2.51,1.49,0.0,0.0,0.0,1.6,0.0,0.3,0.0,-0.7000000000000001,-3.3000000000000003,0.0,0.0,3.4000000000000004,0.0,21.8,34.0,33.9,34.9,300.0,300.0,30.4,34.4,32.6,32.1,33.7,4.95,1.99,4.97,0.16,0.0,0.0,1027.0,8228.0,0.0,0.0,0.0,0.0,0.0,1.0,0.0,0.0,0.0,0.0,0.0,-0.7000000000000001,0.0,1.6,0.0,0.0001,16.0,25903.0
2026-07-30T18:58:41.710Z,91.193,91.206,0.0,7.4,0.0,0.0,0.0,0.0,0.0,0.0,0.0,0.0,1.0,0.0,0.0,0.0,9.0,4.0,0.0,0.0,0.0,0.0,0.0,0.0,0.0,0.0,3.0,12.0,1.0,12.17,5.01,2.51,1.49,0.0,0.0,0.0,1.6,0.0,-0.3,-0.1,-0.2,-3.3000000000000003,0.0,0.0,3.4000000000000004,0.0,21.8,34.0,33.9,34.9,300.0,300.0,30.4,34.4,32.6,32.1,33.7,4.96,1.99,4.97,0.16,0.0,0.0,1027.0,8228.0,0.0,0.0,0.0,0.0,0.0,1.0,0.0,0.0,0.0,0.0,0.0,0.2,0.0,-0.2,0.0,0.0,16.0,25903.0
2026-07-30T18:58:41.722Z,91.205,91.218,0.0,7.4,0.0,0.0,0.0,0.0,0.0,0.0,0.0,0.0,1.0,0.0,0.0,0.0,9.0,4.0,0.0,0.0,0.0,0.0,0.0,0.0,0.0,0.0,4.0,12.0,1.0,12.17,5.01,2.51,1.49,0.0,0.0,0.0,1.6,0.0,0.2,-1.2000000000000002,-0.8,-3.3000000000000003,0.0,0.0,3.4000000000000004,0.0,21.8,34.0,33.9,34.9,300.0,300.0,30.4,34.4,32.6,32.1,33.7,4.96,1.99,4.96,0.16,0.0,0.0,1027.0,8228.0,0.0,0.0,0.0,0.0,0.0,1.0,0.0,0.0,0.0,0.0,0.0,1.8,0.0,-0.9,0.0,0.0,16.0,25903.0
2026-07-30T18:58:41.734Z,91.217,91.23,0.0,7.4,0.0,0.0,0.0,0.0,0.0,0.0,0.0,0.0,1.0,0.0,0.0,0.0,9.0,4.0,0.0,0.0,0.0,0.0,0.0,0.0,0.0,0.0,5.0,12.0,1.0,12.17,5.01,2.51,1.49,0.0,0.1,0.0,1.6,0.0,-0.8,0.4,1.5,-3.3000000000000003,0.0,0.0,3.4000000000000004,0.0,21.8,34.0,33.9,34.9,300.0,300.0,30.4,34.4,32.6,32.1,33.7,4.96,1.99,4.97,0.16,0.0,0.0,1027.0,8228.0,0.0,0.0,0.0,0.0,0.0,1.0,0.0,0.0,0.0,0.0,0.0,-1.3,0.0,1.6,0.0,0.0,16.0,25903.0
2026-07-30T18:58:41.746Z,91.229,91.242,0.0,7.4,0.0,0.0,0.0,0.0,0.0,0.0,0.0,0.0,1.0,0.0,0.0,0.0,9.0,4.0,0.0,0.0,0.0,0.0,0.0,0.0,0.0,0.0,6.0,12.0,1.0,12.17,5.01,2.51,1.49,0.0,0.0,0.0,1.6,0.0,-0.2,-0.6000000000000001,-0.7000000000000001,-3.3000000000000003,0.0,0.0,3.4000000000000004,0.0,21.8,34.0,33.9,34.9,300.0,300.0,30.4,34.4,32.6,32.1,33.7,4.96,1.99,4.96,0.16,0.0,0.0,1027.0,8228.0,0.0,0.0,0.0,0.0,0.0,1.0,0.0,0.0,0.0,0.0,0.0,1.1,0.0,-0.7000000000000001,0.0,0.0,16.0,25903.0
2026-07-30T18:58:41.758Z,91.241,91.254,0.0,7.4,0.0,0.0,0.0,0.0,0.0,0.0,0.0,0.0,1.0,0.0,0.0,0.0,9.0,4.0,0.0,0.0,0.0,0.0,0.0,0.0,0.0,0.0,1.0,12.0,1.0,12.17,5.01,2.51,1.49,0.0,0.0,0.0,1.6,0.0,0.3,0.5,-0.1,-3.3000000000000003,0.0,0.0,3.3000000000000003,0.0,21.8,34.0,33.9,34.9,300.0,300.0,30.4,34.4,32.6,32.1,33.7,4.96,2.0,4.96,0.16,0.0,0.0,1027.0,8228.0,0.0,0.0,0.0,0.0,0.0,1.0,0.0,0.0,0.0,0.0,0.0,-0.5,0.0,-0.1,0.0,0.0,16.0,25903.0
2026-07-30T18:58:41.776Z,91.259,91.266,0.0,7.4,0.0,0.0,0.0,0.0,0.0,0.0,0.0,0.0,1.0,0.0,0.0,0.0,9.0,4.0,0.0,0.0,0.0,0.0,0.0,0.0,0.0,0.0,1.0,12.0,1.0,12.17,5.01,2.51,1.49,0.0,0.0,0.0,1.6,0.0,-0.2,0.5,-0.1,-3.3000000000000003,0.0,0.0,3.4000000000000004,0.0,21.8,34.0,33.9,34.9,300.0,300.0,30.4,34.4,32.6,32.1,33.7,4.95,2.0,4.96,0.16,0.0,0.0,1027.0,8228.0,0.0,0.0,0.0,0.0,0.0,1.0,0.0,0.0,0.0,0.0,0.0,-0.4,0.0,-0.1,0.0,0.0001,16.0,25903.0
2026-07-30T18:58:41.782Z,91.265,91.278,0.0,7.4,0.0,0.0,0.0,0.0,0.0,0.0,0.0,0.0,1.0,0.0,0.0,0.0,9.0,4.0,0.0,0.0,0.0,0.0,0.0,0.0,0.0,0.0,6.0,12.0,1.0,12.17,5.01,2.51,1.49,0.0,0.0,0.0,1.5,0.0,0.3,-0.6000000000000001,-0.1,-3.3000000000000003,0.0,0.0,3.4000000000000004,0.0,21.8,34.0,33.9,34.9,300.0,300.0,30.4,34.4,32.6,32.1,33.7,4.95,1.99,4.97,0.16,0.0,0.0,1027.0,8228.0,0.0,0.0,0.0,0.0,0.0,1.0,0.0,0.0,0.0,0.0,0.0,0.8,0.0,-0.2,0.0,0.0,16.0,25903.0
2026-07-30T18:58:41.795Z,91.278,91.29,0.0,7.4,0.0,0.0,0.0,0.0,0.0,0.0,0.0,0.0,1.0,0.0,0.0,0.0,9.0,4.0,0.0,0.0,0.0,0.0,0.0,0.0,0.0,0.0,1.0,12.0,1.0,12.18,5.01,2.51,1.49,0.0,0.1,0.0,1.5,0.0,-0.2,-0.6000000000000001,-0.1,-3.3000000000000003,0.0,0.0,3.4000000000000004,0.0,21.4,33.9,33.9,34.9,300.0,300.0,30.4,34.300000000000004,32.6,32.1,33.7,4.95,1.99,4.96,0.16,0.0,0.0,1027.0,8228.0,0.0,0.0,0.0,0.0,0.0,1.0,0.0,0.0,0.0,0.0,0.0,0.8,0.0,-0.1,0.0,0.0,16.0,25903.0
2026-07-30T18:58:41.806Z,91.289,91.302,0.0,7.4,0.0,0.0,0.0,0.0,0.0,0.0,0.0,0.0,1.0,0.0,0.0,0.0,9.0,4.0,0.0,0.0,0.0,0.0,0.0,0.0,0.0,0.0,2.0,12.0,1.0,12.18,5.01,2.51,1.49,0.0,0.1,0.0,1.6,0.0,-0.2,0.5,0.0,-3.3000000000000003,0.0,0.0,3.4000000000000004,0.0,21.4,33.9,33.9,34.9,300.0,300.0,30.4,34.300000000000004,32.6,32.1,33.7,4.96,1.99,4.96,0.16,0.0,0.0,1027.0,8228.0,0.0,0.0,0.0,0.0,0.0,1.0,0.0,0.0,0.0,0.0,0.0,-0.5,0.0,0.0,0.0,0.0,16.0,25903.0
2026-07-30T18:58:41.818Z,91.301,91.314,0.0,7.4,0.0,0.0,0.0,0.0,0.0,0.0,0.0,0.0,1.0,0.0,0.0,0.0,9.0,4.0,0.0,0.0,0.0,0.0,0.0,0.0,0.0,0.0,3.0,12.0,1.0,12.18,5.01,2.51,1.49,0.0,0.0,0.0,1.6,0.0,0.9,0.0,0.5,-3.3000000000000003,0.0,0.0,3.4000000000000004,0.0,21.4,33.9,33.9,34.9,300.0,300.0,30.4,34.300000000000004,32.6,32.1,33.7,4.95,1.99,4.96,0.16,0.0,0.0,1027.0,8228.0,0.0,0.0,0.0,0.0,0.0,1.0,0.0,0.0,0.0,0.0,0.0,-0.2,0.0,0.5,0.0,0.0,16.0,25903.0
2026-07-30T18:58:41.830Z,91.313,91.326,0.0,7.4,0.0,0.0,0.0,0.0,0.0,0.0,0.0,0.0,1.0,0.0,0.0,0.0,9.0,4.0,0.0,0.0,0.0,0.0,0.0,0.0,0.0,0.0,4.0,12.0,1.0,12.18,5.01,2.51,1.49,0.0,0.0,0.0,1.5,0.0,-0.2,-0.5,-0.6000000000000001,-3.3000000000000003,0.0,0.0,3.3000000000000003,0.0,21.4,33.9,33.9,34.9,300.0,300.0,30.4,34.300000000000004,32.6,32.1,33.7,4.96,1.98,4.96,0.16,0.0,0.0,1027.0,8228.0,0.0,0.0,0.0,0.0,0.0,1.0,0.0,0.0,0.0,0.0,0.0,0.9,0.0,-0.6000000000000001,0.0,0.0001,16.0,25903.0
2026-07-30T18:58:41.842Z,91.325,91.338,0.0,7.4,0.0,0.0,0.0,0.0,0.0,0.0,0.0,0.0,1.0,0.0,0.0,0.0,9.0,4.0,0.0,0.0,0.0,0.0,0.0,0.0,0.0,0.0,5.0,12.0,1.0,12.18,5.01,2.51,1.49,0.0,0.0,0.0,1.6,0.0,0.4,0.0,-0.5,-3.3000000000000003,0.0,0.0,3.4000000000000004,0.0,21.4,33.9,33.9,34.9,300.0,300.0,30.4,34.300000000000004,32.6,32.1,33.7,4.96,1.99,4.96,0.16,0.0,0.0,1027.0,8228.0,0.0,0.0,0.0,0.0,0.0,1.0,0.0,0.0,0.0,0.0,0.0,0.2,0.0,-0.5,0.0,0.0,16.0,25903.0
2026-07-30T18:58:41.855Z,91.338,91.35,0.0,7.4,0.0,0.0,0.0,0.0,0.0,0.0,0.0,0.0,1.0,0.0,0.0,0.0,9.0,4.0,0.0,0.0,0.0,0.0,0.0,0.0,0.0,0.0,6.0,12.0,1.0,12.18,5.01,2.51,1.49,0.0,0.1,0.0,1.5,0.0,-0.1,0.0,0.0,-3.3000000000000003,0.0,0.0,3.4000000000000004,0.0,21.4,33.9,33.9,34.9,300.0,300.0,30.4,34.300000000000004,32.6,32.1,33.7,4.95,1.99,4.96,0.16,0.0,0.0,1027.0,8228.0,0.0,0.0,0.0,0.0,0.0,1.0,0.0,0.0,0.0,0.0,0.0,0.0,0.0,0.0,0.0,0.0,16.0,25903.0
2026-07-30T18:58:41.867Z,91.35,91.362,0.0,7.4,0.0,0.0,0.0,0.0,0.0,0.0,0.0,0.0,1.0,0.0,0.0,0.0,9.0,4.0,0.0,0.0,0.0,0.0,0.0,0.0,0.0,0.0,1.0,12.0,1.0,12.18,5.01,2.51,1.49,0.0,0.0,0.0,1.6,0.0,-0.1,0.0,-0.6000000000000001,-3.3000000000000003,0.0,0.0,3.4000000000000004,0.0,21.4,33.9,33.9,34.9,300.0,300.0,30.4,34.300000000000004,32.6,32.1,33.7,4.95,1.99,4.97,0.16,0.0,0.0,1027.0,8228.0,0.0,0.0,0.0,0.0,0.0,1.0,0.0,0.0,0.0,0.0,0.0,0.2,0.0,-0.6000000000000001,0.0,0.0001,16.0,25903.0
2026-07-30T18:58:41.878Z,91.361,91.374,0.0,7.4,0.0,0.0,0.0,0.0,0.0,0.0,0.0,0.0,1.0,0.0,0.0,0.0,9.0,4.0,0.0,0.0,0.0,0.0,0.0,0.0,0.0,0.0,2.0,12.0,1.0,12.18,5.01,2.51,1.49,0.0,0.1,0.0,1.5,0.0,-0.7000000000000001,-0.5,0.5,-3.3000000000000003,0.0,0.0,3.4000000000000004,0.0,21.4,33.9,33.9,34.9,300.0,300.0,30.4,34.300000000000004,32.6,32.1,33.7,4.95,1.99,4.96,0.16,0.0,0.0,1027.0,8228.0,0.0,0.0,0.0,0.0,0.0,1.0,0.0,0.0,0.0,0.0,0.0,0.3,0.0,0.5,0.0,0.0,16.0,25903.0
2026-07-30T18:58:41.890Z,91.373,91.386,0.0,7.4,0.0,0.0,0.0,0.0,0.0,0.0,0.0,0.0,1.0,0.0,0.0,0.0,9.0,4.0,0.0,0.0,0.0,0.0,0.0,0.0,0.0,0.0,4.0,12.0,1.0,12.18,5.01,2.51,1.49,0.0,0.0,0.0,1.4,0.0,0.3,0.0,0.0,-3.3000000000000003,0.0,0.0,3.4000000000000004,0.0,21.4,33.9,33.9,34.9,300.0,300.0,30.4,34.300000000000004,32.6,32.1,33.7,4.95,1.99,4.96,0.16,0.0,0.0,1027.0,8228.0,0.0,0.0,0.0,0.0,0.0,1.0,0.0,0.0,0.0,0.0,0.0,0.0,0.0,0.0,0.0,0.0,16.0,25903.0
2026-07-30T18:58:41.902Z,91.385,91.398,0.0,7.4,0.0,0.0,0.0,0.0,0.0,0.0,0.0,0.0,1.0,0.0,0.0,0.0,9.0,4.0,0.0,0.0,0.0,0.0,0.0,0.0,0.0,0.0,5.0,12.0,1.0,12.11,5.01,2.51,1.49,0.0,0.0,0.0,1.5,0.0,-0.8,-0.5,-0.5,-3.3000000000000003,0.0,0.0,3.4000000000000004,0.0,21.4,33.9,33.9,34.9,300.0,300.0,30.5,34.300000000000004,32.6,32.1,33.7,4.95,1.99,4.96,0.16,0.0,0.0,1027.0,8228.0,0.0,0.0,0.0,0.0,0.0,1.0,0.0,0.0,0.0,0.0,0.0,0.9,0.0,-0.6000000000000001,0.0,0.0001,16.0,25903.0
2026-07-30T18:58:41.915Z,91.398,91.41,0.0,7.4,0.0,0.0,0.0,0.0,0.0,0.0,0.0,0.0,1.0,0.0,0.0,0.0,9.0,4.0,0.0,0.0,0.0,0.0,0.0,0.0,0.0,0.0,6.0,12.0,1.0,12.11,5.01,2.51,1.49,0.0,0.0,0.0,1.5,0.0,-0.1,0.6000000000000001,1.1,-3.3000000000000003,0.0,0.0,3.4000000000000004,0.0,21.4,33.9,33.9,34.9,300.0,300.0,30.5,34.300000000000004,32.6,32.1,33.7,4.96,1.99,4.96,0.16,0.0,0.0,1027.0,8228.0,0.0,0.0,0.0,0.0,0.0,1.0,0.0,0.0,0.0,0.0,0.0,-1.3,0.0,1.2000000000000002,0.0,0.0,16.0,25903.0
2026-07-30T18:58:41.926Z,91.409,91.422,0.0,7.4,0.0,0.0,0.0,0.0,0.0,0.0,0.0,0.0,1.0,0.0,0.0,0.0,9.0,4.0,0.0,0.0,0.0,0.0,0.0,0.0,0.0,0.0,1.0,12.0,1.0,12.11,5.01,2.51,1.49,0.0,0.0,0.0,1.4,0.0,-0.7000000000000001,-1.1,-0.5,-3.3000000000000003,0.0,0.0,3.4000000000000004,0.0,21.4,33.9,33.9,34.9,300.0,300.0,30.5,34.300000000000004,32.6,32.1,33.7,4.96,1.99,4.97,0.16,0.0,0.0,1027.0,8228.0,0.0,0.0,0.0,0.0,0.0,1.0,0.0,0.0,0.0,0.0,0.0,1.6,0.0,-0.6000000000000001,0.0,0.0001,16.0,25903.0
2026-07-30T18:58:41.938Z,91.421,91.434,0.0,7.4,0.0,0.0,0.0,0.0,0.0,0.0,0.0,0.0,1.0,0.0,0.0,0.0,9.0,4.0,0.0,0.0,0.0,0.0,0.0,0.0,0.0,0.0,3.0,12.0,1.0,12.11,5.01,2.51,1.49,0.0,0.0,0.0,1.5,0.0,-1.3,0.0,1.1,-3.3000000000000003,0.0,0.0,3.4000000000000004,0.0,21.4,33.9,33.9,34.9,300.0,300.0,30.5,34.300000000000004,32.6,32.1,33.7,4.96,1.99,4.96,0.16,0.0,0.0,1027.0,8228.0,0.0,0.0,0.0,0.0,0.0,1.0,0.0,0.0,0.0,0.0,0.0,-0.6000000000000001,0.0,1.1,0.0,0.0001,16.0,25903.0
2026-07-30T18:58:41.950Z,91.433,91.446,0.0,7.4,0.0,0.0,0.0,0.0,0.0,0.0,0.0,0.0,1.0,0.0,0.0,0.0,9.0,4.0,0.0,0.0,0.0,0.0,0.0,0.0,0.0,0.0,4.0,12.0,1.0,12.11,5.01,2.51,1.49,0.0,0.0,0.0,1.5,0.0,-0.1,0.0,-1.1,-3.3000000000000003,0.0,0.0,3.5,0.0,21.4,33.9,33.9,34.9,300.0,300.0,30.5,34.300000000000004,32.6,32.1,33.7,4.95,1.99,4.96,0.16,0.0,0.0,1027.0,8228.0,0.0,0.0,0.0,0.0,0.0,1.0,0.0,0.0,0.0,0.0,0.0,0.6000000000000001,0.0,-1.2000000000000002,0.0,0.0,16.0,25903.0
2026-07-30T18:58:41.963Z,91.446,91.458,0.0,7.4,0.0,0.0,0.0,0.0,0.0,0.0,0.0,0.0,1.0,0.0,0.0,0.0,9.0,4.0,0.0,0.0,0.0,0.0,0.0,0.0,0.0,0.0,5.0,12.0,1.0,12.11,5.01,2.51,1.49,0.0,0.0,0.0,1.5,0.0,0.3,-1.2000000000000002,0.0,-3.3000000000000003,0.0,0.0,3.4000000000000004,0.0,21.4,33.9,33.9,34.9,300.0,300.0,30.5,34.300000000000004,32.6,32.1,33.7,4.96,1.99,4.96,0.16,0.0,0.0,1027.0,8228.0,0.0,0.0,0.0,0.0,0.0,1.0,0.0,0.0,0.0,0.0,0.0,1.4,0.0,-0.1,0.0,0.0,16.0,25903.0
2026-07-30T18:58:41.975Z,91.458,91.47,0.0,7.4,0.0,0.0,0.0,0.0,0.0,0.0,0.0,0.0,1.0,0.0,0.0,0.0,9.0,4.0,0.0,0.0,0.0,0.0,0.0,0.0,0.0,0.0,6.0,12.0,1.0,12.11,5.01,2.51,1.49,0.0,0.0,0.0,1.4,0.0,-0.2,-0.6000000000000001,1.7000000000000002,-3.3000000000000003,0.0,0.0,3.4000000000000004,0.0,21.4,33.9,33.9,34.9,300.0,300.0,30.5,34.300000000000004,32.6,32.1,33.7,4.95,1.99,4.97,0.16,0.0,0.0,1027.0,8228.0,0.0,0.0,0.0,0.0,0.0,1.0,0.0,0.0,0.0,0.0,0.0,-0.1,0.0,1.7000000000000002,0.0,0.0,16.0,25903.0
2026-07-30T18:58:41.986Z,91.469,91.482,0.1,7.4,0.0,0.0,0.0,0.0,0.0,0.0,0.0,0.0,1.0,0.0,0.0,0.0,9.0,4.0,0.0,0.0,0.0,0.0,0.0,0.0,0.0,0.0,1.0,12.0,1.0,12.11,5.01,2.51,1.49,0.0,0.0,0.0,1.5,0.0,0.9,1.1,1.0,-3.3000000000000003,0.0,0.0,3.3000000000000003,0.0,21.4,33.9,33.9,34.9,300.0,300.0,30.5,34.300000000000004,32.6,32.1,33.7,4.95,2.0,4.96,0.16,0.0,0.0,1027.0,8228.0,0.0,0.0,0.0,0.0,0.0,1.0,0.0,0.0,0.0,0.0,0.0,-1.8,0.0,1.1,0.0,0.0001,16.0,25903.0
2026-07-30T18:58:42.000Z,91.483,91.494,0.0,7.4,0.0,0.0,0.0,0.0,0.0,0.0,0.0,0.0,1.0,0.0,0.0,0.0,9.0,4.0,0.0,0.0,0.0,0.0,0.0,0.0,0.0,0.0,3.0,12.0,1.0,12.15,5.01,2.51,1.49,0.0,0.0,0.0,1.4,0.0,-0.1,1.1,1.0,-3.3000000000000003,0.0,0.0,3.4000000000000004,0.0,21.8,33.9,33.9,34.9,300.0,300.0,30.5,34.4,32.6,32.1,33.7,4.96,2.0,4.96,0.16,0.0,0.0,1027.0,8228.0,0.0,0.0,0.0,0.0,0.0,1.0,0.0,0.0,0.0,0.0,0.0,-1.8,0.0,1.2000000000000002,0.0,0.0,16.0,25903.0
2026-07-30T18:58:42.010Z,91.493,91.506,0.0,7.4,0.0,0.0,0.0,0.0,0.0,0.0,0.0,0.0,1.0,0.0,0.0,0.0,9.0,4.0,0.0,0.0,0.0,0.0,0.0,0.0,0.0,0.0,4.0,12.0,1.0,12.15,5.01,2.51,1.49,0.0,0.0,0.0,1.4,0.0,-0.1,0.0,-3.0,-3.3000000000000003,0.0,0.0,3.4000000000000004,0.0,21.8,33.9,33.9,34.9,300.0,300.0,30.5,34.4,32.6,32.1,33.7,4.95,2.0,4.96,0.16,0.0,0.0,1027.0,8228.0,0.0,0.0,0.0,0.0,0.0,1.0,0.0,0.0,0.0,0.0,0.0,1.6,0.0,-3.1,0.0,0.0,16.0,25903.0
2026-07-30T18:58:42.022Z,91.505,91.518,0.0,7.4,0.0,0.0,0.0,0.0,0.0,0.0,0.0,0.0,1.0,0.0,0.0,0.0,9.0,4.0,0.0,0.0,0.0,0.0,0.0,0.0,0.0,0.0,5.0,12.0,1.0,12.15,5.01,2.51,1.49,0.0,0.0,0.0,1.4,0.0,-0.1,0.5,-0.6000000000000001,-3.3000000000000003,0.0,0.0,3.4000000000000004,0.0,21.8,33.9,33.9,34.9,300.0,300.0,30.5,34.4,32.6,32.1,33.7,4.95,1.99,4.97,0.16,0.0,0.0,1027.0,8228.0,0.0,0.0,0.0,0.0,0.0,1.0,0.0,0.0,0.0,0.0,0.0,-0.2,0.0,-0.6000000000000001,0.0,0.0,16.0,25903.0
2026-07-30T18:58:42.034Z,91.517,91.53,0.0,7.4,0.0,0.0,0.0,0.0,0.0,0.0,0.0,0.0,1.0,0.0,0.0,0.0,9.0,4.0,0.0,0.0,0.0,0.0,0.0,0.0,0.0,0.0,6.0,12.0,1.0,12.15,5.01,2.51,1.49,0.0,0.0,0.0,1.4,0.0,-0.1,0.0,0.4,-3.3000000000000003,0.0,0.0,3.4000000000000004,0.0,21.8,33.9,33.9,34.9,300.0,300.0,30.5,34.4,32.6,32.1,33.7,4.95,2.0,4.96,0.16,0.0,0.0,1027.0,8228.0,0.0,0.0,0.0,0.0,0.0,1.0,0.0,0.0,0.0,0.0,0.0,-0.1,0.0,0.4,0.0,0.0,16.0,25903.0
2026-07-30T18:58:42.046Z,91.529,91.542,0.0,7.4,0.0,0.0,0.0,0.0,0.0,0.0,0.0,0.0,1.0,0.0,0.0,0.0,9.0,4.0,0.0,0.0,0.0,0.0,0.0,0.0,0.0,0.0,2.0,12.0,1.0,12.15,5.01,2.51,1.49,0.0,0.0,0.0,1.4,0.0,-0.8,1.1,0.0,-3.3000000000000003,0.0,0.0,3.4000000000000004,0.0,21.8,33.9,33.9,34.9,300.0,300.0,30.5,34.4,32.6,32.1,33.7,4.96,1.99,4.96,0.16,0.0,0.0,1027.0,8228.0,0.0,0.0,0.0,0.0,0.0,1.0,0.0,0.0,0.0,0.0,0.0,-1.2000000000000002,0.0,0.0,0.0,0.0,16.0,25903.0
2026-07-30T18:58:42.058Z,91.541,91.554,0.0,7.4,0.0,0.0,0.0,0.0,0.0,0.0,0.0,0.0,1.0,0.0,0.0,0.0,9.0,4.0,0.0,0.0,0.0,0.0,0.0,0.0,0.0,0.0,3.0,12.0,1.0,12.15,5.01,2.51,1.49,0.0,0.0,0.0,1.4,0.0,-0.1,-0.6000000000000001,0.4,-3.3000000000000003,0.0,0.0,3.4000000000000004,0.0,21.8,33.9,33.9,34.9,300.0,300.0,30.5,34.4,32.6,32.1,33.7,4.95,1.99,4.97,0.16,0.0,0.0,1027.0,8228.0,0.0,0.0,0.0,0.0,0.0,1.0,0.0,0.0,0.0,0.0,0.0,0.5,0.0,0.3,0.0,0.0001,16.0,25903.0
2026-07-30T18:58:42.071Z,91.554,91.566,0.0,7.4,0.0,0.0,0.0,0.0,0.0,0.0,0.0,0.0,1.0,0.0,0.0,0.0,9.0,4.0,0.0,0.0,0.0,0.0,0.0,0.0,0.0,0.0,4.0,12.0,1.0,12.15,5.01,2.51,1.49,0.0,0.0,0.0,1.4,0.0,-0.8,-0.6000000000000001,-0.7000000000000001,-3.3000000000000003,0.0,0.0,3.4000000000000004,0.0,21.8,33.9,33.9,34.9,300.0,300.0,30.5,34.4,32.6,32.1,33.7,4.96,1.99,4.96,0.16,0.0,0.0,1027.0,8228.0,0.0,0.0,0.0,0.0,0.0,1.0,0.0,0.0,0.0,0.0,0.0,1.1,0.0,-0.8,0.0,0.0001,16.0,25903.0
2026-07-30T18:58:42.082Z,91.565,91.578,0.0,7.4,0.0,0.0,0.0,0.0,0.0,0.0,0.0,0.0,1.0,0.0,0.0,0.0,9.0,4.0,0.0,0.0,0.0,0.0,0.0,0.0,0.0,0.0,5.0,12.0,1.0,12.15,5.01,2.51,1.49,0.0,0.0,0.0,1.4,0.0,-0.2,0.0,-1.3,-3.3000000000000003,0.0,0.0,3.4000000000000004,0.0,21.8,33.9,33.9,34.9,300.0,300.0,30.5,34.4,32.6,32.1,33.7,4.96,2.0,4.96,0.16,0.0,0.0,1027.0,8228.0,0.0,0.0,0.0,0.0,0.0,1.0,0.0,0.0,0.0,0.0,0.0,0.7000000000000001,0.0,-1.3,0.0,0.0,16.0,25903.0
2026-07-30T18:58:42.094Z,91.577,91.59,0.0,7.4,0.0,0.0,0.0,0.0,0.0,0.0,0.0,0.0,1.0,0.0,0.0,0.0,9.0,4.0,0.0,0.0,0.0,0.0,0.0,0.0,0.0,0.0,3.0,12.0,1.0,12.15,5.01,2.51,1.49,0.0,0.0,0.0,1.3,0.0,-0.2,1.1,0.3,-3.3000000000000003,0.0,0.0,3.4000000000000004,0.0,21.8,33.9,33.9,34.9,300.0,300.0,30.5,34.4,32.6,32.1,33.7,4.95,1.99,4.96,0.16,0.0,0.0,1027.0,8228.0,0.0,0.0,0.0,0.0,0.0,1.0,0.0,0.0,0.0,0.0,0.0,-1.5,0.0,0.4,0.0,0.0001,16.0,25903.0
2026-07-30T18:58:42.106Z,91.589,91.602,0.0,7.4,0.0,0.0,0.0,0.0,0.0,0.0,0.0,0.0,1.0,0.0,0.0,0.0,9.0,4.0,0.0,0.0,0.0,0.0,0.0,0.0,0.0,0.0,4.0,12.0,1.0,12.17,5.0200000000000005,2.51,1.49,0.0,0.0,0.0,1.4,0.0,0.4,0.5,-0.1,-3.3000000000000003,0.0,0.0,3.4000000000000004,0.0,21.3,33.9,33.9,34.800000000000004,300.0,300.0,30.4,34.300000000000004,32.5,32.1,33.7,4.95,1.99,4.97,0.16,0.0,0.0,1027.0,8228.0,0.0,0.0,0.0,0.0,0.0,1.0,0.0,0.0,0.0,0.0,0.0,-0.5,0.0,-0.1,0.0,0.0001,16.0,25903.0
2026-07-30T18:58:42.118Z,91.601,91.614,0.0,7.4,0.0,0.0,0.0,0.0,0.0,0.0,0.0,0.0,1.0,0.0,0.0,0.0,9.0,4.0,0.0,0.0,0.0,0.0,0.0,0.0,0.0,0.0,4.0,12.0,1.0,12.17,5.0200000000000005,2.51,1.49,0.0,0.0,0.0,1.3,0.0,-0.7000000000000001,0.5,0.4,-3.3000000000000003,0.0,0.0,3.4000000000000004,0.0,21.3,33.9,33.9,34.800000000000004,300.0,300.0,30.4,34.300000000000004,32.5,32.1,33.7,4.95,1.99,4.96,0.16,0.0,0.0,1027.0,8228.0,0.0,0.0,0.0,0.0,0.0,1.0,0.0,0.0,0.0,0.0,0.0,-0.8,0.0,0.4,0.0,0.0,16.0,25903.0
2026-07-30T18:58:42.130Z,91.613,91.626,0.0,7.4,0.0,0.0,0.0,0.0,0.0,0.0,0.0,0.0,1.0,0.0,0.0,0.0,9.0,4.0,0.0,0.0,0.0,0.0,0.0,0.0,0.0,0.0,5.0,12.0,1.0,12.17,5.0200000000000005,2.51,1.49,0.0,0.0,0.0,1.4,0.0,-0.1,1.1,-0.7000000000000001,-3.3000000000000003,0.0,0.0,3.4000000000000004,0.0,21.3,33.9,33.9,34.800000000000004,300.0,300.0,30.4,34.300000000000004,32.5,32.1,33.7,4.95,1.99,4.97,0.15,0.0,0.0,1027.0,8228.0,0.0,0.0,0.0,0.0,0.0,1.0,0.0,0.0,0.0,0.0,0.0,-0.9,0.0,-0.6000000000000001,0.0,0.0,16.0,25903.0
2026-07-30T18:58:42.143Z,91.626,91.638,0.0,7.4,0.0,0.0,0.0,0.0,0.0,0.0,0.0,0.0,1.0,0.0,0.0,0.0,9.0,4.0,0.0,0.0,0.0,0.0,0.0,0.0,0.0,0.0,6.0,12.0,1.0,12.17,5.0200000000000005,2.51,1.49,0.0,0.0,0.0,1.4,0.0,0.4,0.0,0.0,-3.3000000000000003,0.0,0.0,3.4000000000000004,0.0,21.3,33.9,33.9,34.800000000000004,300.0,300.0,30.4,34.300000000000004,32.5,32.1,33.7,4.95,1.99,4.97,0.16,0.0,0.0,1027.0,8228.0,0.0,0.0,0.0,0.0,0.0,1.0,0.0,0.0,0.0,0.0,0.0,0.0,0.0,0.0,0.0,0.0,16.0,25903.0
2026-07-30T18:58:42.154Z,91.637,91.65,0.0,7.4,0.0,0.0,0.0,0.0,0.0,0.0,0.0,0.0,1.0,0.0,0.0,0.0,9.0,4.0,0.0,0.0,0.0,0.0,0.0,0.0,0.0,0.0,1.0,12.0,1.0,12.17,5.0200000000000005,2.51,1.49,0.0,0.1,0.0,1.3,0.0,0.4,-0.5,0.0,-3.3000000000000003,0.0,0.0,3.4000000000000004,0.0,21.3,33.9,33.9,34.800000000000004,300.0,300.0,30.4,34.300000000000004,32.5,32.1,33.7,4.96,1.99,4.96,0.16,0.0,0.0,1027.0,8228.0,0.0,0.0,0.0,0.0,0.0,1.0,0.0,0.0,0.0,0.0,0.0,0.7000000000000001,0.0,-0.1,0.0,0.0,16.0,25903.0
2026-07-30T18:58:42.166Z,91.649,91.662,0.0,7.4,0.0,0.0,0.0,0.0,0.0,0.0,0.0,0.0,1.0,0.0,0.0,0.0,9.0,4.0,0.0,0.0,0.0,0.0,0.0,0.0,0.0,0.0,3.0,12.0,1.0,12.17,5.0200000000000005,2.51,1.49,0.0,0.0,0.0,1.4,0.0,0.3,-1.1,1.0,-3.3000000000000003,0.0,0.0,3.4000000000000004,0.0,21.3,33.9,33.9,34.800000000000004,300.0,300.0,30.4,34.300000000000004,32.5,32.1,33.7,4.95,1.99,4.97,0.16,0.0,0.0,1027.0,8228.0,0.0,0.0,0.0,0.0,0.0,1.0,0.0,0.0,0.0,0.0,0.0,0.8,0.0,1.0,0.0,0.0,16.0,25903.0
2026-07-30T18:58:42.178Z,91.661,91.674,0.0,7.4,0.0,0.0,0.0,0.0,0.0,0.0,0.0,0.0,1.0,0.0,0.0,0.0,9.0,4.0,0.0,0.0,0.0,0.0,0.0,0.0,0.0,0.0,4.0,12.0,1.0,12.17,5.0200000000000005,2.51,1.49,0.0,0.1,0.0,1.3,0.0,-0.2,1.1,0.4,-3.3000000000000003,0.0,0.0,3.4000000000000004,0.0,21.3,33.9,33.9,34.800000000000004,300.0,300.0,30.4,34.300000000000004,32.5,32.1,33.7,4.95,1.99,4.97,0.16,0.0,0.0,1027.0,8228.0,0.0,0.0,0.0,0.0,0.0,1.0,0.0,0.0,0.0,0.0,0.0,-0.5,0.0,-0.1,0.0,0.0,16.0,25903.0
2026-07-30T18:58:42.191Z,91.674,91.686,0.0,7.4,0.0,0.0,0.0,0.0,0.0,0.0,0.0,0.0,1.0,0.0,0.0,0.0,9.0,4.0,0.0,0.0,0.0,0.0,0.0,0.0,0.0,0.0,5.0,12.0,1.0,12.17,5.0200000000000005,2.51,1.49,0.0,0.0,0.0,1.3,0.0,-0.2,-0.6000000000000001,-1.3,-3.3000000000000003,0.0,0.0,3.4000000000000004,0.0,21.3,33.9,33.9,34.800000000000004,300.0,300.0,30.4,34.300000000000004,32.5,32.1,33.7,4.96,1.99,4.97,0.16,0.0,0.0,1027.0,8228.0,0.0,0.0,0.0,0.0,0.0,1.0,0.0,0.0,0.0,0.0,0.0,0.1,0.0,-0.1,0.0,0.0001,16.0,25903.0
2026-07-30T18:58:42.203Z,91.686,91.698,0.0,7.4,0.0,0.0,0.0,0.0,0.0,0.0,0.0,0.0,1.0,0.0,0.0,0.0,9.0,4.0,0.0,0.0,0.0,0.0,0.0,0.0,0.0,0.0,6.0,12.0,1.0,12.15,5.0200000000000005,2.5,1.49,0.0,0.0,0.0,1.3,0.0,-0.2,-1.1,-1.9,-3.3000000000000003,0.0,0.0,3.3000000000000003,0.0,21.4,33.9,33.9,34.800000000000004,300.0,300.0,30.5,34.4,32.5,32.1,33.7,4.95,1.99,4.96,0.16,0.0,0.0,1027.0,8228.0,0.0,0.0,0.0,0.0,0.0,1.0,0.0,0.0,0.0,0.0,0.0,0.7000000000000001,0.0,-1.3,0.0,0.0001,16.0,25903.0
2026-07-30T18:58:42.214Z,91.697,91.71,0.0,7.4,0.0,0.0,0.0,0.0,0.0,0.0,0.0,0.0,1.0,0.0,0.0,0.0,9.0,4.0,0.0,0.0,0.0,0.0,0.0,0.0,0.0,0.0,2.0,12.0,1.0,12.15,5.0200000000000005,2.5,1.49,0.0,0.0,0.0,1.3,0.0,0.3,-0.5,-0.6000000000000001,-3.3000000000000003,0.0,0.0,3.4000000000000004,0.0,21.4,33.9,33.9,34.800000000000004,300.0,300.0,30.5,34.4,32.5,32.1,33.7,4.95,1.99,4.97,0.16,0.0,0.0,1027.0,8228.0,0.0,0.0,0.0,0.0,0.0,1.0,0.0,0.0,0.0,0.0,0.0,0.7000000000000001,0.0,-0.1,0.0,0.0001,16.0,25903.0
2026-07-30T18:58:42.226Z,91.709,91.722,0.0,7.4,0.0,0.0,0.0,0.0,0.0,0.0,0.0,0.0,1.0,0.0,0.0,0.0,9.0,4.0,0.0,0.0,0.0,0.0,0.0,0.0,0.0,0.0,3.0,12.0,1.0,12.15,5.0200000000000005,2.5,1.49,0.0,0.0,0.0,1.4,0.0,0.3,1.7000000000000002,-0.1,-3.3000000000000003,0.0,0.0,3.4000000000000004,0.0,21.4,33.9,33.9,34.800000000000004,300.0,300.0,30.5,34.4,32.5,32.1,33.7,4.95,1.99,4.96,0.16,0.0,0.0,1027.0,8228.0,0.0,0.0,0.0,0.0,0.0,1.0,0.0,0.0,0.0,0.0,0.0,-1.9,0.0,0.0,0.0,0.0001,16.0,25903.0
2026-07-30T18:58:42.238Z,91.721,91.734,0.0,7.4,0.0,0.0,0.0,0.0,0.0,0.0,0.0,0.0,1.0,0.0,0.0,0.0,9.0,4.0,0.0,0.0,0.0,0.0,0.0,0.0,0.0,0.0,4.0,12.0,1.0,12.15,5.0200000000000005,2.5,1.49,0.0,0.0,0.0,1.3,0.0,-0.2,0.0,-0.6000000000000001,-3.3000000000000003,0.0,0.0,3.4000000000000004,0.0,21.4,33.9,33.9,34.800000000000004,300.0,300.0,30.5,34.4,32.5,32.1,33.7,4.96,1.99,4.96,0.16,0.0,0.0,1027.0,8228.0,0.0,0.0,0.0,0.0,0.0,1.0,0.0,0.0,0.0,0.0,0.0,0.3,0.0,-0.6000000000000001,0.0,0.0,16.0,25903.0
2026-07-30T18:58:42.250Z,91.733,91.746,0.0,7.4,0.0,0.0,0.0,0.0,0.0,0.0,0.0,0.0,1.0,0.0,0.0,0.0,9.0,4.0,0.0,0.0,0.0,0.0,0.0,0.0,0.0,0.0,5.0,12.0,1.0,12.15,5.0200000000000005,2.5,1.49,0.0,0.0,0.0,1.3,0.0,0.3,-0.5,0.4,-3.3000000000000003,0.0,0.0,3.4000000000000004,0.0,21.4,33.9,33.9,34.800000000000004,300.0,300.0,30.5,34.4,32.5,32.1,33.7,4.96,1.99,4.97,0.16,0.0,0.0,1027.0,8228.0,0.0,0.0,0.0,0.0,0.0,1.0,0.0,0.0,0.0,0.0,0.0,0.4,0.0,0.4,0.0,0.0001,16.0,25903.0
2026-07-30T18:58:42.262Z,91.745,91.758,0.0,7.4,0.0,0.0,0.0,0.0,0.0,0.0,0.0,0.0,1.0,0.0,0.0,0.0,9.0,4.0,0.0,0.0,0.0,0.0,0.0,0.0,0.0,0.0,6.0,12.0,1.0,12.15,5.0200000000000005,2.5,1.49,0.0,0.0,0.0,1.3,0.0,-0.7000000000000001,-0.5,-0.7000000000000001,-3.3000000000000003,0.0,0.0,3.4000000000000004,0.0,21.4,33.9,33.9,34.800000000000004,300.0,300.0,30.5,34.4,32.5,32.1,33.7,4.96,1.99,4.97,0.16,0.0,0.0,1027.0,8228.0,0.0,0.0,0.0,0.0,0.0,1.0,0.0,0.0,0.0,0.0,0.0,1.0,0.0,-0.7000000000000001,0.0,0.0,16.0,25903.0
2026-07-30T18:58:42.275Z,91.758,91.77,0.0,7.4,0.0,0.0,0.0,0.0,0.0,0.0,0.0,0.0,1.0,0.0,0.0,0.0,9.0,4.0,0.0,0.0,0.0,0.0,0.0,0.0,0.0,0.0,1.0,12.0,1.0,12.15,5.0200000000000005,2.5,1.49,0.0,0.1,0.0,1.3,0.0,0.4,0.0,0.4,-3.3000000000000003,0.0,0.0,3.4000000000000004,0.0,21.4,33.9,33.9,34.800000000000004,300.0,300.0,30.5,34.4,32.5,32.1,33.7,4.96,2.0,4.96,0.15,0.0,0.0,1027.0,8228.0,0.0,0.0,0.0,0.0,0.0,1.0,0.0,0.0,0.0,0.0,0.0,-0.3,0.0,0.4,0.0,0.0,16.0,25903.0
2026-07-30T18:58:42.286Z,91.769,91.782,0.0,7.4,0.0,0.0,0.0,0.0,0.0,0.0,0.0,0.0,1.0,0.0,0.0,0.0,9.0,4.0,0.0,0.0,0.0,0.0,0.0,0.0,0.0,0.0,3.0,12.0,1.0,12.15,5.0200000000000005,2.5,1.49,0.0,0.1,0.0,1.3,0.0,0.3,-0.5,-0.1,-3.3000000000000003,0.0,0.0,3.4000000000000004,0.0,21.4,33.9,33.9,34.800000000000004,300.0,300.0,30.5,34.4,32.5,32.1,33.7,4.96,1.99,4.96,0.16,0.0,0.0,1027.0,8228.0,0.0,0.0,0.0,0.0,0.0,1.0,0.0,0.0,0.0,0.0,0.0,0.7000000000000001,0.0,-0.2,0.0,0.0001,16.0,25903.0
2026-07-30T18:58:42.298Z,91.781,91.794,0.0,7.4,0.0,0.0,0.0,0.0,0.0,0.0,0.0,0.0,1.0,0.0,0.0,0.0,9.0,4.0,0.0,0.0,0.0,0.0,0.0,0.0,0.0,0.0,4.0,12.0,1.0,12.15,5.0200000000000005,2.5,1.49,0.0,0.0,0.0,1.3,0.0,0.3,-0.5,-0.7000000000000001,-3.3000000000000003,0.0,0.0,3.4000000000000004,0.0,21.4,33.9,33.9,34.800000000000004,300.0,300.0,30.5,34.4,32.5,32.1,33.7,4.95,1.99,4.97,0.16,0.0,0.0,1027.0,8228.0,0.0,0.0,0.0,0.0,0.0,1.0,0.0,0.0,0.0,0.0,0.0,1.0,0.0,-0.8,0.0,0.0,16.0,25903.0
2026-07-30T18:58:42.310Z,91.793,91.806,0.0,7.4,0.0,0.0,0.0,0.0,0.0,0.0,0.0,0.0,1.0,0.0,0.0,0.0,9.0,4.0,0.0,0.0,0.0,0.0,0.0,0.0,0.0,0.0,5.0,12.0,1.0,12.15,5.01,2.5,1.5,0.0,0.0,0.0,1.2000000000000002,0.0,0.3,-1.1,0.9,-3.3000000000000003,0.0,0.0,3.4000000000000004,0.0,21.4,33.9,33.9,34.800000000000004,300.0,300.0,30.5,34.4,32.5,32.1,33.7,4.95,1.99,4.96,0.16,0.0,0.0,1027.0,8228.0,0.0,0.0,0.0,0.0,0.0,1.0,0.0,0.0,0.0,0.0,0.0,0.7000000000000001,0.0,0.9,0.0,0.0,16.0,25903.0
2026-07-30T18:58:42.323Z,91.806,91.818,0.0,7.4,0.0,0.0,0.0,0.0,0.0,0.0,0.0,0.0,1.0,0.0,0.0,0.0,9.0,4.0,0.0,0.0,0.0,0.0,0.0,0.0,0.0,0.0,6.0,12.0,1.0,12.15,5.01,2.5,1.5,0.0,0.0,0.0,1.3,0.0,-0.1,0.6000000000000001,-0.7000000000000001,-3.3000000000000003,0.0,0.0,3.3000000000000003,0.0,21.4,33.9,33.9,34.800000000000004,300.0,300.0,30.5,34.4,32.5,32.1,33.7,4.95,2.0,4.96,0.16,0.0,0.0,1027.0,8228.0,0.0,0.0,0.0,0.0,0.0,1.0,0.0,0.0,0.0,0.0,0.0,-0.3,0.0,-0.7000000000000001,0.0,0.0001,16.0,25903.0
2026-07-30T18:58:42.334Z,91.817,91.83,0.0,7.4,0.0,0.0,0.0,0.0,0.0,0.0,0.0,0.0,1.0,0.0,0.0,0.0,9.0,4.0,0.0,0.0,0.0,0.0,0.0,0.0,0.0,0.0,1.0,12.0,1.0,12.15,5.01,2.5,1.5,0.0,0.0,0.0,1.3,0.0,-0.1,-0.5,-0.7000000000000001,-3.3000000000000003,0.0,0.0,3.4000000000000004,0.0,21.4,33.9,33.9,34.800000000000004,300.0,300.0,30.5,34.4,32.5,32.1,33.7,4.95,1.99,4.96,0.16,0.0,0.0,1027.0,8228.0,0.0,0.0,0.0,0.0,0.0,1.0,0.0,0.0,0.0,0.0,0.0,1.0,0.0,-0.8,0.0,0.0001,16.0,25903.0
2026-07-30T18:58:42.346Z,91.829,91.842,0.0,7.4,0.0,0.0,0.0,0.0,0.0,0.0,0.0,0.0,1.0,0.0,0.0,0.0,9.0,4.0,0.0,0.0,0.0,0.0,0.0,0.0,0.0,0.0,2.0,12.0,1.0,12.15,5.01,2.5,1.5,0.0,0.0,0.0,1.3,0.0,0.3,-0.5,0.3,-3.3000000000000003,0.0,0.0,3.4000000000000004,0.0,21.4,33.9,33.9,34.800000000000004,300.0,300.0,30.5,34.4,32.5,32.1,33.7,4.95,1.99,4.97,0.16,0.0,0.0,1027.0,8228.0,0.0,0.0,0.0,0.0,0.0,1.0,0.0,0.0,0.0,0.0,0.0,0.4,0.0,0.3,0.0,0.0,16.0,25903.0
2026-07-30T18:58:42.359Z,91.842,91.854,0.0,7.4,0.0,0.0,0.0,0.0,0.0,0.0,0.0,0.0,1.0,0.0,0.0,0.0,9.0,4.0,0.0,0.0,0.0,0.0,0.0,0.0,0.0,0.0,3.0,12.0,1.0,12.15,5.01,2.5,1.5,0.0,0.0,0.0,1.3,0.0,0.3,-1.1,-0.7000000000000001,-3.3000000000000003,0.0,0.0,3.3000000000000003,0.0,21.4,33.9,33.9,34.800000000000004,300.0,300.0,30.5,34.4,32.5,32.1,33.7,4.95,1.99,4.96,0.16,0.0,0.0,1027.0,8228.0,0.0,0.0,0.0,0.0,0.0,1.0,0.0,0.0,0.0,0.0,0.0,1.7000000000000002,0.0,-0.8,0.0,0.0001,16.0,25903.0
2026-07-30T18:58:42.370Z,91.853,91.866,0.0,7.4,0.0,0.0,0.0,0.0,0.0,0.0,0.0,0.0,1.0,0.0,0.0,0.0,9.0,4.0,0.0,0.0,0.0,0.0,0.0,0.0,0.0,0.0,5.0,12.0,1.0,12.15,5.01,2.5,1.5,0.0,0.0,0.0,1.3,0.0,0.9,1.7000000000000002,2.1,-3.3000000000000003,0.0,0.0,3.4000000000000004,0.0,21.4,33.9,33.9,34.800000000000004,300.0,300.0,30.5,34.4,32.5,32.1,33.7,4.95,1.99,4.97,0.16,0.0,0.0,1027.0,8228.0,0.0,0.0,0.0,0.0,0.0,1.0,0.0,0.0,0.0,0.0,0.0,-3.1,0.0,2.3000000000000003,0.0,0.0001,16.0,25903.0
2026-07-30T18:58:42.382Z,91.865,91.878,0.0,7.4,0.0,0.0,0.0,0.0,0.0,0.0,0.0,0.0,1.0,0.0,0.0,0.0,9.0,4.0,0.0,0.0,0.0,0.0,0.0,0.0,0.0,0.0,6.0,12.0,1.0,12.15,5.01,2.5,1.5,0.0,0.0,0.0,1.3,0.0,1.0,0.6000000000000001,0.4,-3.3000000000000003,0.0,0.0,3.4000000000000004,0.0,21.4,33.9,33.9,34.800000000000004,300.0,300.0,30.5,34.4,32.5,32.1,33.7,4.95,1.99,4.97,0.16,0.0,0.0,1027.0,8228.0,0.0,0.0,0.0,0.0,0.0,1.0,0.0,0.0,0.0,0.0,0.0,-0.9,0.0,0.4,0.0,0.0001,16.0,25903.0
2026-07-30T18:58:42.394Z,91.877,91.89,0.0,7.4,0.0,0.0,0.0,0.0,0.0,0.0,0.0,0.0,1.0,0.0,0.0,0.0,9.0,4.0,0.0,0.0,0.0,0.0,0.0,0.0,0.0,0.0,1.0,12.0,1.0,12.15,5.01,2.5,1.5,0.0,0.1,0.0,1.3,0.0,-0.1,0.0,-1.3,-3.3000000000000003,0.0,0.0,3.4000000000000004,0.0,21.4,33.9,33.9,34.800000000000004,300.0,300.0,30.5,34.4,32.5,32.1,33.7,4.96,1.99,4.96,0.16,0.0,0.0,1027.0,8228.0,0.0,0.0,0.0,0.0,0.0,1.0,0.0,0.0,0.0,0.0,0.0,0.6000000000000001,0.0,-1.3,0.0,0.0,16.0,25903.0
2026-07-30T18:58:42.410Z,91.893,91.902,0.0,7.4,0.0,0.0,0.0,0.0,0.0,0.0,0.0,0.0,1.0,0.0,0.0,0.0,9.0,4.0,0.0,0.0,0.0,0.0,0.0,0.0,0.0,0.0,1.0,12.0,1.0,12.15,5.0200000000000005,2.51,1.49,0.0,0.0,0.0,1.2000000000000002,0.0,-0.8,-0.5,0.4,-3.3000000000000003,0.0,0.0,3.4000000000000004,0.0,21.700000000000003,33.9,33.800000000000004,34.800000000000004,300.0,300.0,30.5,34.300000000000004,32.5,32.1,33.7,4.95,1.99,4.97,0.16,0.0,0.0,1027.0,8228.0,0.0,0.0,0.0,0.0,0.0,1.0,0.0,0.0,0.0,0.0,0.0,0.4,0.0,0.3,0.0,0.0,16.0,25903.0
2026-07-30T18:58:42.418Z,91.901,91.914,0.0,7.4,0.0,0.0,0.0,0.0,0.0,0.0,0.0,0.0,1.0,0.0,0.0,0.0,9.0,4.0,0.0,0.0,0.0,0.0,0.0,0.0,0.0,0.0,4.0,12.0,1.0,12.15,5.0200000000000005,2.51,1.49,0.0,0.0,0.0,1.3,0.0,-0.2,0.5,1.5,-3.3000000000000003,0.0,0.0,3.3000000000000003,0.0,21.700000000000003,33.9,33.800000000000004,34.800000000000004,300.0,300.0,30.5,34.300000000000004,32.5,32.1,33.7,4.95,1.99,4.97,0.16,0.0,0.0,1027.0,8228.0,0.0,0.0,0.0,0.0,0.0,1.0,0.0,0.0,0.0,0.0,0.0,-1.4,0.0,1.6,0.0,0.0001,16.0,25903.0
2026-07-30T18:58:42.430Z,91.913,91.926,0.0,7.4,0.0,0.0,0.0,0.0,0.0,0.0,0.0,0.0,1.0,0.0,0.0,0.0,9.0,4.0,0.0,0.0,0.0,0.0,0.0,0.0,0.0,0.0,5.0,12.0,1.0,12.15,5.0200000000000005,2.51,1.49,0.0,0.0,0.0,1.3,0.0,0.9,1.7000000000000002,0.3,-3.3000000000000003,0.0,0.0,3.4000000000000004,0.0,21.700000000000003,33.9,33.800000000000004,34.800000000000004,300.0,300.0,30.5,34.300000000000004,32.5,32.1,33.7,4.95,1.99,4.97,0.16,0.0,0.0,1027.0,8228.0,0.0,0.0,0.0,0.0,0.0,1.0,0.0,0.0,0.0,0.0,0.0,-2.1,0.0,0.5,0.0,0.0001,16.0,25903.0
2026-07-30T18:58:42.443Z,91.926,91.938,0.0,7.4,0.0,0.0,0.0,0.0,0.0,0.0,0.0,0.0,1.0,0.0,0.0,0.0,9.0,4.0,0.0,0.0,0.0,0.0,0.0,0.0,0.0,0.0,6.0,12.0,1.0,12.15,5.0200000000000005,2.51,1.49,0.0,0.1,0.0,1.3,0.0,-0.2,-0.6000000000000001,-0.7000000000000001,-3.3000000000000003,0.0,0.0,3.3000000000000003,0.0,21.700000000000003,33.9,33.800000000000004,34.800000000000004,300.0,300.0,30.5,34.300000000000004,32.5,32.1,33.7,4.95,1.99,4.96,0.16,0.0,0.0,1027.0,8228.0,0.0,0.0,0.0,0.0,0.0,1.0,0.0,0.0,0.0,0.0,0.0,1.1,0.0,-0.8,0.0,0.0,16.0,25903.0
2026-07-30T18:58:42.454Z,91.937,91.95,0.0,7.4,0.0,0.0,0.0,0.0,0.0,0.0,0.0,0.0,1.0,0.0,0.0,0.0,9.0,4.0,0.0,0.0,0.0,0.0,0.0,0.0,0.0,0.0,2.0,12.0,1.0,12.15,5.0200000000000005,2.51,1.49,0.0,0.0,0.0,1.3,0.0,0.3,-0.6000000000000001,0.9,-3.3000000000000003,0.0,0.0,3.4000000000000004,0.0,21.700000000000003,33.9,33.800000000000004,34.800000000000004,300.0,300.0,30.5,34.300000000000004,32.5,32.1,33.7,4.95,1.99,4.97,0.16,0.0,0.0,1027.0,8228.0,0.0,0.0,0.0,0.0,0.0,1.0,0.0,0.0,0.0,0.0,0.0,0.2,0.0,0.9,0.0,0.0,16.0,25903.0
2026-07-30T18:58:42.466Z,91.949,91.962,0.0,7.4,0.0,0.0,0.0,0.0,0.0,0.0,0.0,0.0,1.0,0.0,0.0,0.0,9.0,4.0,0.0,0.0,0.0,0.0,0.0,0.0,0.0,0.0,3.0,12.0,1.0,12.15,5.0200000000000005,2.51,1.49,0.0,0.0,0.0,1.3,0.0,-0.2,1.7000000000000002,0.9,-3.3000000000000003,0.0,0.0,3.4000000000000004,0.0,21.700000000000003,33.9,33.800000000000004,34.800000000000004,300.0,300.0,30.5,34.300000000000004,32.5,32.1,33.7,4.95,1.98,4.97,0.16,0.0,0.0,1027.0,8228.0,0.0,0.0,0.0,0.0,0.0,1.0,0.0,0.0,0.0,0.0,0.0,-2.4000000000000004,0.0,1.0,0.0,0.0,16.0,25903.0
2026-07-30T18:58:42.478Z,91.961,91.974,0.0,7.4,0.0,0.0,0.0,0.0,0.0,0.0,0.0,0.0,1.0,0.0,0.0,0.0,9.0,4.0,0.0,0.0,0.0,0.0,0.0,0.0,0.0,0.0,5.0,12.0,1.0,12.15,5.0200000000000005,2.51,1.49,0.0,0.0,0.0,1.2000000000000002,0.0,-0.1,1.7000000000000002,1.5,-3.3000000000000003,0.0,0.0,3.4000000000000004,0.0,21.700000000000003,33.9,33.800000000000004,34.800000000000004,300.0,300.0,30.5,34.300000000000004,32.5,32.1,33.7,4.95,2.0,4.97,0.16,0.0,0.0,1027.0,8228.0,0.0,0.0,0.0,0.0,0.0,1.0,0.0,0.0,0.0,0.0,0.0,-2.8000000000000003,0.0,1.7000000000000002,0.0,0.0,16.0,25903.0
2026-07-30T18:58:42.490Z,91.973,91.986,0.0,7.4,0.0,0.0,0.0,0.0,0.0,0.0,0.0,0.0,1.0,0.0,0.0,0.0,9.0,4.0,0.0,0.0,0.0,0.0,0.0,0.0,0.0,0.0,6.0,12.0,1.0,12.15,5.0200000000000005,2.51,1.49,0.0,0.1,0.0,1.2000000000000002,0.0,-0.2,0.5,0.9,-3.3000000000000003,0.0,0.0,3.4000000000000004,0.0,21.700000000000003,33.9,33.800000000000004,34.800000000000004,300.0,300.0,30.5,34.300000000000004,32.5,32.1,33.7,4.95,2.0,4.96,0.16,0.0,0.0,1027.0,8228.0,0.0,0.0,0.0,0.0,0.0,1.0,0.0,0.0,0.0,0.0,0.0,-1.1,0.0,1.0,0.0,0.0,16.0,25903.0
2026-07-30T18:58:42.502Z,91.985,91.998,0.0,7.4,0.0,0.0,0.0,0.0,0.0,0.0,0.0,0.0,1.0,0.0,0.0,0.0,9.0,4.0,0.0,0.0,0.0,0.0,0.0,0.0,0.0,0.0,1.0,12.0,1.0,12.15,5.0200000000000005,2.51,1.49,0.0,0.0,0.0,1.3,0.0,0.3,0.0,-0.1,-3.3000000000000003,0.0,0.0,3.4000000000000004,0.0,21.700000000000003,33.9,33.800000000000004,34.800000000000004,300.0,300.0,30.5,34.300000000000004,32.5,32.1,33.7,4.95,1.99,4.97,0.16,0.0,0.0,1027.0,8228.0,0.0,0.0,0.0,0.0,0.0,1.0,0.0,0.0,0.0,0.0,0.0,0.1,0.0,-0.2,0.0,0.0,16.0,25903.0
2026-07-30T18:58:42.514Z,91.997,92.01,0.0,7.4,0.0,0.0,0.0,0.0,0.0,0.0,0.0,0.0,1.0,0.0,0.0,0.0,9.0,4.0,0.0,0.0,0.0,0.0,0.0,0.0,0.0,0.0,3.0,12.0,1.0,12.17,5.0200000000000005,2.51,1.49,0.0,0.1,0.0,1.2000000000000002,0.0,-0.2,1.1,-0.2,-3.3000000000000003,0.0,0.0,3.4000000000000004,0.0,21.4,33.800000000000004,33.800000000000004,34.800000000000004,300.0,300.0,30.4,34.300000000000004,32.5,32.0,33.7,4.95,1.99,4.96,0.16,0.0,0.0,1027.0,8228.0,0.0,0.0,0.0,0.0,0.0,1.0,0.0,0.0,0.0,0.0,0.0,-1.2000000000000002,0.0,-0.1,0.0,0.0,16.0,25903.0
2026-07-30T18:58:42.526Z,92.009,92.022,0.0,7.4,0.0,0.0,0.0,0.0,0.0,0.0,0.0,0.0,1.0,0.0,0.0,0.0,9.0,4.0,0.0,0.0,0.0,0.0,0.0,0.0,0.0,0.0,4.0,12.0,1.0,12.17,5.0200000000000005,2.51,1.49,0.0,0.0,0.0,1.2000000000000002,0.0,-0.2,0.6000000000000001,0.3,-3.3000000000000003,0.0,0.0,3.4000000000000004,0.0,21.4,33.800000000000004,33.800000000000004,34.800000000000004,300.0,300.0,30.4,34.300000000000004,32.5,32.0,33.7,4.96,2.0,4.96,0.16,0.0,0.0,1027.0,8228.0,0.0,0.0,0.0,0.0,0.0,1.0,0.0,0.0,0.0,0.0,0.0,-0.8,0.0,0.4,0.0,0.0,16.0,25903.0
2026-07-30T18:58:42.538Z,92.021,92.034,0.0,7.4,0.0,0.0,0.0,0.0,0.0,0.0,0.0,0.0,1.0,0.0,0.0,0.0,9.0,4.0,0.0,0.0,0.0,0.0,0.0,0.0,0.0,0.0,5.0,12.0,1.0,12.17,5.0200000000000005,2.51,1.49,0.0,0.0,0.0,1.2000000000000002,0.0,-0.2,0.0,0.9,-3.3000000000000003,0.0,0.0,3.4000000000000004,0.0,21.4,33.800000000000004,33.800000000000004,34.800000000000004,300.0,300.0,30.4,34.300000000000004,32.5,32.0,33.7,4.96,2.0,4.96,0.16,0.0,0.0,1027.0,8228.0,0.0,0.0,0.0,0.0,0.0,1.0,0.0,0.0,0.0,0.0,0.0,-0.5,0.0,1.0,0.0,0.0,16.0,25903.0
2026-07-30T18:58:42.550Z,92.033,92.046,0.0,7.4,0.0,0.0,0.0,0.0,0.0,0.0,0.0,0.0,1.0,0.0,0.0,0.0,9.0,4.0,0.0,0.0,0.0,0.0,0.0,0.0,0.0,0.0,6.0,12.0,1.0,12.17,5.0200000000000005,2.51,1.49,0.0,0.0,0.0,1.2000000000000002,0.0,0.9,-1.1,1.0,-3.3000000000000003,0.0,0.0,3.4000000000000004,0.0,21.4,33.800000000000004,33.800000000000004,34.800000000000004,300.0,300.0,30.4,34.300000000000004,32.5,32.0,33.7,4.96,1.99,4.96,0.16,0.0,0.0,1027.0,8228.0,0.0,0.0,0.0,0.0,0.0,1.0,0.0,0.0,0.0,0.0,0.0,0.8,0.0,0.9,0.0,0.0,16.0,25903.0
2026-07-30T18:58:42.562Z,92.045,92.058,0.0,7.4,0.0,0.0,0.0,0.0,0.0,0.0,0.0,0.0,1.0,0.0,0.0,0.0,9.0,4.0,0.0,0.0,0.0,0.0,0.0,0.0,0.0,0.0,1.0,12.0,1.0,12.17,5.0200000000000005,2.51,1.49,0.0,0.0,0.0,1.2000000000000002,0.0,-0.2,0.6000000000000001,0.4,-3.3000000000000003,0.0,0.0,3.4000000000000004,0.0,21.4,33.800000000000004,33.800000000000004,34.800000000000004,300.0,300.0,30.4,34.300000000000004,32.5,32.0,33.7,4.96,2.0,4.97,0.16,0.0,0.0,1027.0,8228.0,0.0,0.0,0.0,0.0,0.0,1.0,0.0,0.0,0.0,0.0,0.0,-0.9,0.0,0.4,0.0,0.0,16.0,25903.0
2026-07-30T18:58:42.574Z,92.057,92.07,0.0,7.4,0.0,0.0,0.0,0.0,0.0,0.0,0.0,0.0,1.0,0.0,0.0,0.0,9.0,4.0,0.0,0.0,0.0,0.0,0.0,0.0,0.0,0.0,2.0,12.0,1.0,12.17,5.0200000000000005,2.51,1.49,0.0,0.0,0.0,1.2000000000000002,0.0,0.3,-0.5,-0.7000000000000001,-3.3000000000000003,0.0,0.0,3.4000000000000004,0.0,21.4,33.800000000000004,33.800000000000004,34.800000000000004,300.0,300.0,30.4,34.300000000000004,32.5,32.0,33.7,4.96,1.99,4.97,0.16,0.0,0.0,1027.0,8228.0,0.0,0.0,0.0,0.0,0.0,1.0,0.0,0.0,0.0,0.0,0.0,1.0,0.0,-0.8,0.0,0.0,16.0,25903.0
2026-07-30T18:58:42.586Z,92.069,92.082,0.0,7.4,0.0,0.0,0.0,0.0,0.0,0.0,0.0,0.0,1.0,0.0,0.0,0.0,9.0,4.0,0.0,0.0,0.0,0.0,0.0,0.0,0.0,0.0,3.0,12.0,1.0,12.17,5.0200000000000005,2.51,1.49,0.0,0.0,0.0,1.2000000000000002,0.0,0.3,0.0,-0.2,-3.3000000000000003,0.0,0.0,3.4000000000000004,0.0,21.4,33.800000000000004,33.800000000000004,34.800000000000004,300.0,300.0,30.4,34.300000000000004,32.5,32.0,33.7,4.95,1.99,4.97,0.16,0.0,0.0,1027.0,8228.0,0.0,0.0,0.0,0.0,0.0,1.0,0.0,0.0,0.0,0.0,0.0,0.0,0.0,-0.2,0.0,0.0,16.0,25903.0
2026-07-30T18:58:42.598Z,92.081,92.094,0.0,7.4,0.0,0.0,0.0,0.0,0.0,0.0,0.0,0.0,1.0,0.0,0.0,0.0,9.0,4.0,0.0,0.0,0.0,0.0,0.0,0.0,0.0,0.0,4.0,12.0,1.0,12.17,5.0200000000000005,2.51,1.49,0.0,0.0,0.0,1.2000000000000002,0.0,-0.2,-1.1,-0.7000000000000001,-3.3000000000000003,0.0,0.0,3.3000000000000003,0.0,21.4,33.800000000000004,33.800000000000004,34.800000000000004,300.0,300.0,30.4,34.300000000000004,32.5,32.0,33.7,4.96,1.99,4.96,0.16,0.0,0.0,1027.0,8228.0,0.0,0.0,0.0,0.0,0.0,1.0,0.0,0.0,0.0,0.0,0.0,1.7000000000000002,0.0,-0.8,0.0,0.0001,16.0,25903.0
2026-07-30T18:58:42.611Z,92.094,92.106,0.0,7.4,0.0,0.0,0.0,0.0,0.0,0.0,0.0,0.0,1.0,0.0,0.0,0.0,9.0,4.0,0.0,0.0,0.0,0.0,0.0,0.0,0.0,0.0,5.0,12.0,1.0,12.15,5.01,2.5,1.5,0.0,0.0,0.0,1.2000000000000002,0.0,-0.2,0.6000000000000001,0.9,-3.3000000000000003,0.0,0.0,3.4000000000000004,0.0,21.4,33.800000000000004,33.800000000000004,34.800000000000004,300.0,300.0,30.4,34.300000000000004,32.4,32.1,33.7,4.96,1.99,4.97,0.16,0.0,0.0,1027.0,8228.0,0.0,0.0,0.0,0.0,0.0,1.0,0.0,0.0,0.0,0.0,0.0,-1.2000000000000002,0.0,1.0,0.0,0.0,16.0,25903.0
2026-07-30T18:58:42.622Z,92.105,92.118,0.0,7.4,0.0,0.0,0.0,0.0,0.0,0.0,0.0,0.0,1.0,0.0,0.0,0.0,9.0,4.0,0.0,0.0,0.0,0.0,0.0,0.0,0.0,0.0,1.0,12.0,1.0,12.15,5.01,2.5,1.5,0.0,0.0,0.0,1.2000000000000002,0.0,0.3,0.0,0.3,-3.3000000000000003,0.0,0.0,3.4000000000000004,0.0,21.4,33.800000000000004,33.800000000000004,34.800000000000004,300.0,300.0,30.4,34.300000000000004,32.4,32.1,33.7,4.95,1.99,4.97,0.16,0.0,0.0,1027.0,8228.0,0.0,0.0,0.0,0.0,0.0,1.0,0.0,0.0,0.0,0.0,0.0,-0.2,0.0,0.3,0.0,0.0,16.0,25903.0
2026-07-30T18:58:42.634Z,92.117,92.13,0.0,7.4,0.0,0.0,0.0,0.0,0.0,0.0,0.0,0.0,1.0,0.0,0.0,0.0,9.0,4.0,0.0,0.0,0.0,0.0,0.0,0.0,0.0,0.0,2.0,12.0,1.0,12.15,5.01,2.5,1.5,0.0,0.0,0.0,1.2000000000000002,0.0,0.9,-1.1,-0.8,-3.3000000000000003,0.0,0.0,3.4000000000000004,0.0,21.4,33.800000000000004,33.800000000000004,34.800000000000004,300.0,300.0,30.4,34.300000000000004,32.4,32.1,33.7,4.96,1.99,4.96,0.16,0.0,0.0,1027.0,8228.0,0.0,0.0,0.0,0.0,0.0,1.0,0.0,0.0,0.0,0.0,0.0,1.7000000000000002,0.0,-0.9,0.0,0.0,16.0,25903.0
2026-07-30T18:58:42.646Z,92.129,92.142,0.0,7.4,0.0,0.0,0.0,0.0,0.0,0.0,0.0,0.0,1.0,0.0,0.0,0.0,9.0,4.0,0.0,0.0,0.0,0.0,0.0,0.0,0.0,0.0,2.0,12.0,1.0,12.15,5.01,2.5,1.5,0.0,0.0,0.0,1.3,0.0,-0.2,0.0,-0.2,-3.3000000000000003,0.0,0.0,3.3000000000000003,0.0,21.4,33.800000000000004,33.800000000000004,34.800000000000004,300.0,300.0,30.4,34.300000000000004,32.4,32.1,33.7,4.95,2.0,4.97,0.16,0.0,0.0,1027.0,8228.0,0.0,0.0,0.0,0.0,0.0,1.0,0.0,0.0,0.0,0.0,0.0,0.1,0.0,-0.2,0.0,0.0,16.0,25903.0
2026-07-30T18:58:42.658Z,92.141,92.154,0.0,7.4,0.0,0.0,0.0,0.0,0.0,0.0,0.0,0.0,1.0,0.0,0.0,0.0,9.0,4.0,0.0,0.0,0.0,0.0,0.0,0.0,0.0,0.0,4.0,12.0,1.0,12.15,5.01,2.5,1.5,0.0,0.0,0.0,1.2000000000000002,0.0,0.3,0.0,-0.2,-3.3000000000000003,0.0,0.0,3.4000000000000004,0.0,21.4,33.800000000000004,33.800000000000004,34.800000000000004,300.0,300.0,30.4,34.300000000000004,32.4,32.1,33.7,4.95,1.99,4.97,0.16,0.0,0.0,1027.0,8228.0,0.0,0.0,0.0,0.0,0.0,1.0,0.0,0.0,0.0,0.0,0.0,0.1,0.0,-0.2,0.0,0.0,16.0,25903.0
2026-07-30T18:58:42.670Z,92.153,92.166,0.0,7.4,0.0,0.0,0.0,0.0,0.0,0.0,0.0,0.0,1.0,0.0,0.0,0.0,9.0,4.0,0.0,0.0,0.0,0.0,0.0,0.0,0.0,0.0,5.0,12.0,1.0,12.15,5.01,2.5,1.5,0.0,0.0,0.0,1.2000000000000002,0.0,-0.8,0.5,0.8,-3.3000000000000003,0.0,0.0,3.4000000000000004,0.0,21.4,33.800000000000004,33.800000000000004,34.800000000000004,300.0,300.0,30.4,34.300000000000004,32.4,32.1,33.7,4.95,1.99,4.97,0.16,0.0,0.0,1027.0,8228.0,0.0,0.0,0.0,0.0,0.0,1.0,0.0,0.0,0.0,0.0,0.0,-1.1,0.0,0.9,0.0,0.0,16.0,25903.0
2026-07-30T18:58:42.682Z,92.165,92.178,0.0,7.4,0.0,0.0,0.0,0.0,0.0,0.0,0.0,0.0,1.0,0.0,0.0,0.0,9.0,4.0,0.0,0.0,0.0,0.0,0.0,0.0,0.0,0.0,6.0,12.0,1.0,12.15,5.01,2.5,1.5,0.0,0.0,0.0,1.2000000000000002,0.0,0.2,-1.1,-0.2,-3.3000000000000003,0.0,0.0,3.4000000000000004,0.0,21.4,33.800000000000004,33.800000000000004,34.800000000000004,300.0,300.0,30.4,34.300000000000004,32.4,32.1,33.7,4.96,1.99,4.96,0.16,0.0,0.0,1027.0,8228.0,0.0,0.0,0.0,0.0,0.0,1.0,0.0,0.0,0.0,0.0,0.0,1.5,0.0,-0.3,0.0,0.0,16.0,25903.0
2026-07-30T18:58:42.694Z,92.177,92.19,0.0,7.4,0.0,0.0,0.0,0.0,0.0,0.0,0.0,0.0,1.0,0.0,0.0,0.0,9.0,4.0,0.0,0.0,0.0,0.0,0.0,0.0,0.0,0.0,1.0,12.0,1.0,12.15,5.01,2.5,1.5,0.0,0.0,0.0,1.2000000000000002,0.0,0.3,-0.6000000000000001,-0.2,-3.3000000000000003,0.0,0.0,3.4000000000000004,0.0,21.4,33.800000000000004,33.800000000000004,34.800000000000004,300.0,300.0,30.4,34.300000000000004,32.4,32.1,33.7,4.95,1.99,4.97,0.16,0.0,0.0,1027.0,8228.0,0.0,0.0,0.0,0.0,0.0,1.0,0.0,0.0,0.0,0.0,0.0,0.8,0.0,-0.3,0.0,0.0,16.0,25903.0
2026-07-30T18:58:42.706Z,92.189,92.202,0.0,7.4,0.0,0.0,0.0,0.0,0.0,0.0,0.0,0.0,1.0,0.0,0.0,0.0,9.0,4.0,0.0,0.0,0.0,0.0,0.0,0.0,0.0,0.0,3.0,12.0,1.0,12.15,5.01,2.5,1.5,0.0,0.1,0.0,1.1,0.0,-0.2,0.0,-0.2,-3.3000000000000003,0.0,0.0,3.4000000000000004,0.0,21.4,33.800000000000004,33.800000000000004,34.800000000000004,300.0,300.0,30.4,34.300000000000004,32.4,32.1,33.7,4.95,1.99,4.96,0.16,0.0,0.0,1027.0,8228.0,0.0,0.0,0.0,0.0,0.0,1.0,0.0,0.0,0.0,0.0,0.0,0.2,0.0,-0.3,0.0,0.0,16.0,25903.0
2026-07-30T18:58:42.725Z,92.208,92.214,0.0,7.4,0.0,0.0,0.0,0.0,0.0,0.0,0.0,0.0,1.0,0.0,0.0,0.0,9.0,4.0,0.0,0.0,0.0,0.0,0.0,0.0,0.0,0.0,4.0,12.0,1.0,12.17,5.0200000000000005,2.51,1.49,0.0,0.0,0.0,1.1,0.0,-0.3,-0.6000000000000001,-0.2,-3.3000000000000003,0.0,0.0,3.4000000000000004,0.0,20.9,33.800000000000004,33.800000000000004,34.800000000000004,300.0,300.0,30.4,34.300000000000004,32.4,32.0,33.7,4.96,2.0,4.96,0.16,0.0,0.0,1027.0,8228.0,0.0,0.0,0.0,0.0,0.0,1.0,0.0,0.0,0.0,0.0,0.0,-1.3,0.0,1.5,0.0,0.0,16.0,25903.0
2026-07-30T18:58:42.730Z,92.213,92.226,0.0,7.4,0.0,0.0,0.0,0.0,0.0,0.0,0.0,0.0,1.0,0.0,0.0,0.0,9.0,4.0,0.0,0.0,0.0,0.0,0.0,0.0,0.0,0.0,2.0,12.0,1.0,12.17,5.0200000000000005,2.51,1.49,0.0,0.0,0.0,1.1,0.0,-0.2,-1.2000000000000002,0.3,-3.3000000000000003,0.0,0.0,3.4000000000000004,0.0,20.9,33.800000000000004,33.800000000000004,34.800000000000004,300.0,300.0,30.4,34.300000000000004,32.4,32.0,33.7,4.95,2.0,4.96,0.16,0.0,0.0,1027.0,8228.0,0.0,0.0,0.0,0.0,0.0,1.0,0.0,0.0,0.0,0.0,0.0,0.9,0.0,-0.3,0.0,0.0,16.0,25903.0
2026-07-30T18:58:42.742Z,92.225,92.238,0.0,7.4,0.0,0.0,0.0,0.0,0.0,0.0,0.0,0.0,1.0,0.0,0.0,0.0,9.0,4.0,0.0,0.0,0.0,0.0,0.0,0.0,0.0,0.0,3.0,12.0,1.0,12.17,5.0200000000000005,2.51,1.49,0.0,0.0,0.0,1.1,0.0,0.3,0.0,-0.2,-3.3000000000000003,0.0,0.0,3.4000000000000004,0.0,20.9,33.800000000000004,33.800000000000004,34.800000000000004,300.0,300.0,30.4,34.300000000000004,32.4,32.0,33.7,4.95,1.99,4.97,0.16,0.0,0.0,1027.0,8228.0,0.0,0.0,0.0,0.0,0.0,1.0,0.0,0.0,0.0,0.0,0.0,0.9,0.0,0.9,0.0,0.0,16.0,25903.0
2026-07-30T18:58:42.754Z,92.237,92.25,0.0,7.4,0.0,0.0,0.0,0.0,0.0,0.0,0.0,0.0,1.0,0.0,0.0,0.0,9.0,4.0,0.0,0.0,0.0,0.0,0.0,0.0,0.0,0.0,4.0,12.0,1.0,12.17,5.0200000000000005,2.51,1.49,0.0,0.0,0.0,1.1,0.0,0.3,0.5,-1.3,-3.3000000000000003,0.0,0.0,3.4000000000000004,0.0,20.9,33.800000000000004,33.800000000000004,34.800000000000004,300.0,300.0,30.4,34.300000000000004,32.4,32.0,33.7,4.95,2.0,4.96,0.16,0.0,0.0,1027.0,8228.0,0.0,0.0,0.0,0.0,0.0,1.0,0.0,0.0,0.0,0.0,0.0,0.1,0.0,-1.3,0.0,0.0,16.0,25903.0
2026-07-30T18:58:42.766Z,92.249,92.262,0.0,7.4,0.0,0.0,0.0,0.0,0.0,0.0,0.0,0.0,1.0,0.0,0.0,0.0,9.0,4.0,0.0,0.0,0.0,0.0,0.0,0.0,0.0,0.0,5.0,12.0,1.0,12.17,5.0200000000000005,2.51,1.49,0.0,0.0,0.0,1.1,0.0,0.3,0.5,0.4,-3.3000000000000003,0.0,0.0,3.3000000000000003,0.0,20.9,33.800000000000004,33.800000000000004,34.800000000000004,300.0,300.0,30.4,34.300000000000004,32.4,32.0,33.7,4.96,1.99,4.96,0.16,0.0,0.0,1027.0,8228.0,0.0,0.0,0.0,0.0,0.0,1.0,0.0,0.0,0.0,0.0,0.0,-0.2,0.0,-0.7000000000000001,0.0,0.0,16.0,25903.0
2026-07-30T18:58:42.778Z,92.261,92.274,0.0,7.4,0.0,0.0,0.0,0.0,0.0,0.0,0.0,0.0,1.0,0.0,0.0,0.0,9.0,4.0,0.0,0.0,0.0,0.0,0.0,0.0,0.0,0.0,6.0,12.0,1.0,12.17,5.0200000000000005,2.51,1.49,0.0,0.0,0.0,1.1,0.0,0.9,0.0,0.4,-3.3000000000000003,0.0,0.0,3.4000000000000004,0.0,20.9,33.800000000000004,33.800000000000004,34.800000000000004,300.0,300.0,30.4,34.300000000000004,32.4,32.0,33.7,4.95,1.99,4.97,0.16,0.0,0.0,1027.0,8228.0,0.0,0.0,0.0,0.0,0.0,1.0,0.0,0.0,0.0,0.0,0.0,-0.2,0.0,0.4,0.0,0.0,16.0,25903.0
2026-07-30T18:58:42.790Z,92.273,92.286,0.0,7.4,0.0,0.0,0.0,0.0,0.0,0.0,0.0,0.0,1.0,0.0,0.0,0.0,9.0,4.0,0.0,0.0,0.0,0.0,0.0,0.0,0.0,0.0,1.0,12.0,1.0,12.17,5.0200000000000005,2.51,1.49,0.0,0.0,0.0,1.2000000000000002,0.0,-0.2,1.1,1.0,-3.3000000000000003,0.0,0.0,3.4000000000000004,0.0,20.9,33.800000000000004,33.800000000000004,34.800000000000004,300.0,300.0,30.4,34.300000000000004,32.4,32.0,33.7,4.96,1.99,4.96,0.16,0.0,0.0,1027.0,8228.0,0.0,0.0,0.0,0.0,0.0,1.0,0.0,0.0,0.0,0.0,0.0,1.7000000000000002,0.0,-0.7000000000000001,0.0,0.0,16.0,25903.0
2026-07-30T18:58:42.802Z,92.285,92.298,0.0,7.4,0.0,0.0,0.0,0.0,0.0,0.0,0.0,0.0,1.0,0.0,0.0,0.0,9.0,4.0,0.0,0.0,0.0,0.0,0.0,0.0,0.0,0.0,3.0,12.0,1.0,12.17,5.0200000000000005,2.51,1.49,0.0,0.0,0.0,1.1,0.0,0.9,0.5,2.7,-3.3000000000000003,0.0,0.0,3.4000000000000004,0.0,20.9,33.800000000000004,33.800000000000004,34.800000000000004,300.0,300.0,30.4,34.300000000000004,32.4,32.0,33.7,4.96,1.99,4.96,0.16,0.0,0.0,1027.0,8228.0,0.0,0.0,0.0,0.0,0.0,1.0,0.0,0.0,0.0,0.0,0.0,-2.1,0.0,2.9000000000000004,0.0,0.0,16.0,25903.0
2026-07-30T18:58:42.815Z,92.298,92.31,0.0,7.4,0.0,0.0,0.0,0.0,0.0,0.0,0.0,0.0,1.0,0.0,0.0,0.0,9.0,4.0,0.0,0.0,0.0,0.0,0.0,0.0,0.0,0.0,4.0,12.0,1.0,12.17,5.0200000000000005,2.51,1.49,0.0,0.0,0.0,1.1,0.0,-0.1,0.0,-0.1,-3.3000000000000003,0.0,0.0,3.4000000000000004,0.0,21.3,33.800000000000004,33.800000000000004,34.7,300.0,300.0,30.3,34.4,32.4,32.0,33.6,4.96,1.99,4.96,0.16,0.0,0.0,1027.0,8228.0,0.0,0.0,0.0,0.0,0.0,1.0,0.0,0.0,0.0,0.0,0.0,0.3,0.0,-0.7000000000000001,0.0,0.0,16.0,25903.0
2026-07-30T18:58:42.826Z,92.309,92.322,0.0,7.4,0.0,0.0,0.0,0.0,0.0,0.0,0.0,0.0,1.0,0.0,0.0,0.0,9.0,4.0,0.0,0.0,0.0,0.0,0.0,0.0,0.0,0.0,5.0,12.0,1.0,12.17,5.0200000000000005,2.51,1.49,0.0,0.0,0.0,1.1,0.0,-0.1,-1.1,-0.1,-3.3000000000000003,0.0,0.0,3.4000000000000004,0.0,21.3,33.800000000000004,33.800000000000004,34.7,300.0,300.0,30.3,34.4,32.4,32.0,33.6,4.95,1.99,4.97,0.16,0.0,0.0,1027.0,8228.0,0.0,0.0,0.0,0.0,0.0,1.0,0.0,0.0,0.0,0.0,0.0,1.4,0.0,-0.1,0.0,0.0,16.0,25903.0
2026-07-30T18:58:42.838Z,92.321,92.334,0.0,7.4,0.0,0.0,0.0,0.0,0.0,0.0,0.0,0.0,1.0,0.0,0.0,0.0,9.0,4.0,0.0,0.0,0.0,0.0,0.0,0.0,0.0,0.0,6.0,12.0,1.0,12.17,5.0200000000000005,2.51,1.49,0.0,0.0,0.0,1.1,0.0,0.9,0.0,1.0,-3.3000000000000003,0.0,0.0,3.4000000000000004,0.0,21.3,33.800000000000004,33.800000000000004,34.7,300.0,300.0,30.3,34.4,32.4,32.0,33.6,4.96,1.99,4.96,0.16,0.0,0.0,1027.0,8228.0,0.0,0.0,0.0,0.0,0.0,1.0,0.0,0.0,0.0,0.0,0.0,1.3,0.0,-0.1,0.0,0.0,16.0,25903.0
2026-07-30T18:58:42.850Z,92.333,92.346,0.0,7.4,0.0,0.0,0.0,0.0,0.0,0.0,0.0,0.0,1.0,0.0,0.0,0.0,9.0,4.0,0.0,0.0,0.0,0.0,0.0,0.0,0.0,0.0,1.0,12.0,1.0,12.17,5.0200000000000005,2.51,1.49,0.0,0.0,0.0,1.1,0.0,0.3,1.7000000000000002,2.7,-3.3000000000000003,0.0,0.0,3.4000000000000004,0.0,21.3,33.800000000000004,33.800000000000004,34.7,300.0,300.0,30.3,34.4,32.4,32.0,33.6,4.96,2.0,4.97,0.15,0.0,0.0,1027.0,8228.0,0.0,0.0,0.0,0.0,0.0,1.0,0.0,0.0,0.0,0.0,0.0,-1.5,0.0,0.5,0.0,0.0,16.0,25903.0
2026-07-30T18:58:42.862Z,92.345,92.358,0.0,7.4,0.0,0.0,0.0,0.0,0.0,0.0,0.0,0.0,1.0,0.0,0.0,0.0,9.0,4.0,0.0,0.0,0.0,0.0,0.0,0.0,0.0,0.0,2.0,12.0,1.0,12.17,5.0200000000000005,2.51,1.49,0.0,0.0,0.0,1.1,0.0,-0.7000000000000001,0.0,-1.3,-3.3000000000000003,0.0,0.0,3.3000000000000003,0.0,21.3,33.800000000000004,33.800000000000004,34.7,300.0,300.0,30.3,34.4,32.4,32.0,33.6,4.95,1.99,4.97,0.16,0.0,0.0,1027.0,8228.0,0.0,0.0,0.0,0.0,0.0,1.0,0.0,0.0,0.0,0.0,0.0,-1.9,0.0,1.1,0.0,0.0,16.0,25903.0
2026-07-30T18:58:42.874Z,92.357,92.37,0.0,7.4,0.0,0.0,0.0,0.0,0.0,0.0,0.0,0.0,1.0,0.0,0.0,0.0,9.0,4.0,0.0,0.0,0.0,0.0,0.0,0.0,0.0,0.0,3.0,12.0,1.0,12.17,5.0200000000000005,2.51,1.49,0.0,0.0,0.0,1.1,0.0,0.3,0.0,-1.3,-3.3000000000000003,0.0,0.0,3.5,0.0,21.3,33.800000000000004,33.800000000000004,34.7,300.0,300.0,30.3,34.4,32.4,32.0,33.6,4.96,1.99,4.97,0.16,0.0,0.0,1027.0,8228.0,0.0,0.0,0.0,0.0,0.0,1.0,0.0,0.0,0.0,0.0,0.0,0.3,0.0,0.4,0.0,0.0001,16.0,25903.0
2026-07-30T18:58:42.886Z,92.369,92.382,0.0,7.4,0.0,0.0,0.0,0.0,0.0,0.0,0.0,0.0,1.0,0.0,0.0,0.0,9.0,4.0,0.0,0.0,0.0,0.0,0.0,0.0,0.0,0.0,5.0,12.0,1.0,12.17,5.0200000000000005,2.51,1.49,0.0,0.0,0.0,1.1,0.0,-0.2,0.0,-0.2,-3.3000000000000003,0.0,0.0,3.3000000000000003,0.0,21.3,33.800000000000004,33.800000000000004,34.7,300.0,300.0,30.3,34.4,32.4,32.0,33.6,4.96,2.0,4.96,0.16,0.0,0.0,1027.0,8228.0,0.0,0.0,0.0,0.0,0.0,1.0,0.0,0.0,0.0,0.0,0.0,1.0,0.0,-0.8,0.0,0.0001,16.0,25903.0
2026-07-30T18:58:42.898Z,92.381,92.394,0.0,7.4,0.0,0.0,0.0,0.0,0.0,0.0,0.0,0.0,1.0,0.0,0.0,0.0,9.0,4.0,0.0,0.0,0.0,0.0,0.0,0.0,0.0,0.0,6.0,12.0,1.0,12.17,5.0200000000000005,2.51,1.49,0.0,0.0,0.0,1.1,0.0,0.3,-0.5,0.4,-3.3000000000000003,0.0,0.0,3.5,0.0,21.3,33.800000000000004,33.800000000000004,34.7,300.0,300.0,30.3,34.4,32.4,32.0,33.6,4.96,1.99,4.96,0.16,0.0,0.0,1027.0,8228.0,0.0,0.0,0.0,0.0,0.0,1.0,0.0,0.0,0.0,0.0,0.0,-0.2,0.0,0.4,0.0,0.0001,16.0,25903.0
2026-07-30T18:58:42.910Z,92.393,92.406,0.0,7.4,0.0,0.0,0.0,0.0,0.0,0.0,0.0,0.0,1.0,0.0,0.0,0.0,9.0,4.0,0.0,0.0,0.0,0.0,0.0,0.0,0.0,0.0,1.0,12.0,1.0,12.17,5.0200000000000005,2.51,1.49,0.0,0.0,0.0,1.1,0.0,-0.2,1.2000000000000002,-0.1,-3.3000000000000003,0.0,0.0,3.3000000000000003,0.0,21.3,33.800000000000004,33.800000000000004,34.7,300.0,300.0,30.3,34.4,32.4,32.0,33.6,4.95,1.99,4.96,0.16,0.0,0.0,1027.0,8228.0,0.0,0.0,0.0,0.0,0.0,1.0,0.0,0.0,0.0,0.0,0.0,0.2,0.0,-0.7000000000000001,0.0,0.0002,16.0,25903.0
2026-07-30T18:58:42.922Z,92.405,92.418,0.0,7.4,0.0,0.0,0.0,0.0,0.0,0.0,0.0,0.0,1.0,0.0,0.0,0.0,9.0,4.0,0.0,0.0,0.0,0.0,0.0,0.0,0.0,0.0,2.0,12.0,1.0,12.18,5.0200000000000005,2.51,1.49,0.0,0.0,0.0,1.1,0.0,0.3,0.0,-0.7000000000000001,-3.3000000000000003,0.0,0.0,3.4000000000000004,0.0,21.700000000000003,33.800000000000004,33.800000000000004,34.7,300.0,300.0,30.4,34.4,32.4,32.0,33.6,4.95,1.99,4.96,0.16,0.0,0.0,1027.0,8228.0,0.0,0.0,0.0,0.0,0.0,1.0,0.0,0.0,0.0,0.0,0.0,-0.5,0.0,1.0,0.0,0.0001,16.0,25903.0
2026-07-30T18:58:42.934Z,92.417,92.43,0.0,7.4,0.0,0.0,0.0,0.0,0.0,0.0,0.0,0.0,1.0,0.0,0.0,0.0,9.0,4.0,0.0,0.0,0.0,0.0,0.0,0.0,0.0,0.0,3.0,12.0,1.0,12.18,5.0200000000000005,2.51,1.49,0.0,0.0,0.0,1.1,0.0,-0.2,-1.6,-0.7000000000000001,-3.3000000000000003,0.0,0.0,3.4000000000000004,0.0,21.700000000000003,33.800000000000004,33.800000000000004,34.7,300.0,300.0,30.4,34.4,32.4,32.0,33.6,4.95,1.99,4.97,0.16,0.0,0.0,1027.0,8228.0,0.0,0.0,0.0,0.0,0.0,1.0,0.0,0.0,0.0,0.0,0.0,2.3000000000000003,0.0,-0.8,0.0,0.0,16.0,25903.0
2026-07-30T18:58:42.946Z,92.429,92.442,0.0,7.4,0.0,0.0,0.0,0.0,0.0,0.0,0.0,0.0,1.0,0.0,0.0,0.0,9.0,4.0,0.0,0.0,0.0,0.0,0.0,0.0,0.0,0.0,5.0,12.0,1.0,12.18,5.0200000000000005,2.51,1.49,0.0,0.0,0.0,1.1,0.0,0.3,-1.1,-1.3,-3.3000000000000003,0.0,0.0,3.3000000000000003,0.0,21.700000000000003,33.800000000000004,33.800000000000004,34.7,300.0,300.0,30.4,34.4,32.4,32.0,33.6,4.95,1.99,4.97,0.16,0.0,0.0,1027.0,8228.0,0.0,0.0,0.0,0.0,0.0,1.0,0.0,0.0,0.0,0.0,0.0,1.9,0.0,-1.4,0.0,0.0,16.0,25903.0
2026-07-30T18:58:42.958Z,92.441,92.454,0.0,7.4,0.0,0.0,0.0,0.0,0.0,0.0,0.0,0.0,1.0,0.0,0.0,0.0,9.0,4.0,0.0,0.0,0.0,0.0,0.0,0.0,0.0,0.0,6.0,12.0,1.0,12.18,5.0200000000000005,2.51,1.49,0.0,0.0,0.0,1.1,0.0,0.3,1.2000000000000002,-0.1,-3.3000000000000003,0.0,0.0,3.4000000000000004,0.0,21.700000000000003,33.800000000000004,33.800000000000004,34.7,300.0,300.0,30.4,34.4,32.4,32.0,33.6,4.95,1.99,4.97,0.16,0.0,0.0,1027.0,8228.0,0.0,0.0,0.0,0.0,0.0,1.0,0.0,0.0,0.0,0.0,0.0,-1.3,0.0,0.0,0.0,0.0001,16.0,25903.0
2026-07-30T18:58:42.970Z,92.453,92.466,0.0,7.4,0.0,0.0,0.0,0.0,0.0,0.0,0.0,0.0,1.0,0.0,0.0,0.0,9.0,4.0,0.0,0.0,0.0,0.0,0.0,0.0,0.0,0.0,1.0,12.0,1.0,12.18,5.0200000000000005,2.51,1.49,0.0,0.0,0.0,1.0,0.0,0.9,0.6000000000000001,0.4,-3.3000000000000003,0.0,0.0,3.4000000000000004,0.0,21.700000000000003,33.800000000000004,33.800000000000004,34.7,300.0,300.0,30.4,34.4,32.4,32.0,33.6,4.96,1.99,4.96,0.16,0.0,0.0,1027.0,8228.0,0.0,0.0,0.0,0.0,0.0,1.0,0.0,0.0,0.0,0.0,0.0,-0.9,0.0,0.5,0.0,0.0,16.0,25903.0
2026-07-30T18:58:42.982Z,92.465,92.478,0.0,7.4,0.0,0.0,0.0,0.0,0.0,0.0,0.0,0.0,1.0,0.0,0.0,0.0,9.0,4.0,0.0,0.0,0.0,0.0,0.0,0.0,0.0,0.0,2.0,12.0,1.0,12.18,5.0200000000000005,2.51,1.49,0.0,0.0,0.0,1.1,0.0,0.4,0.0,1.6,-3.3000000000000003,0.0,0.0,3.4000000000000004,0.0,21.700000000000003,33.800000000000004,33.800000000000004,34.7,300.0,300.0,30.4,34.4,32.4,32.0,33.6,4.95,1.99,4.96,0.16,0.0,0.0,1027.0,8228.0,0.0,0.0,0.0,0.0,0.0,1.0,0.0,0.0,0.0,0.0,0.0,-0.9,0.0,1.7000000000000002,0.0,0.0,16.0,25903.0
2026-07-30T18:58:42.994Z,92.477,92.49,0.0,7.4,0.0,0.0,0.0,0.0,0.0,0.0,0.0,0.0,1.0,0.0,0.0,0.0,9.0,4.0,0.0,0.0,0.0,0.0,0.0,0.0,0.0,0.0,4.0,12.0,1.0,12.18,5.0200000000000005,2.51,1.49,0.0,0.1,0.0,1.1,0.0,0.9,1.1,-1.2000000000000002,-3.3000000000000003,0.0,0.0,3.4000000000000004,0.0,21.700000000000003,33.800000000000004,33.800000000000004,34.7,300.0,300.0,30.4,34.4,32.4,32.0,33.6,4.95,1.99,4.96,0.16,0.0,0.0,1027.0,8228.0,0.0,0.0,0.0,0.0,0.0,1.0,0.0,0.0,0.0,0.0,0.0,-0.6000000000000001,0.0,-1.2000000000000002,0.0,0.0,16.0,25903.0
2026-07-30T18:58:43.006Z,92.489,92.502,0.0,7.4,0.0,0.0,0.0,0.0,0.0,0.0,0.0,0.0,1.0,0.0,0.0,0.0,9.0,4.0,0.0,0.0,0.0,0.0,0.0,0.0,0.0,0.0,5.0,12.0,1.0,12.18,5.0200000000000005,2.51,1.49,0.0,0.0,0.0,1.1,0.0,0.3,-0.5,-0.6000000000000001,-3.3000000000000003,0.0,0.0,3.4000000000000004,0.0,21.700000000000003,33.800000000000004,33.800000000000004,34.7,300.0,300.0,30.4,34.4,32.4,32.0,33.6,4.95,1.99,4.96,0.16,0.0,0.0,1027.0,8228.0,0.0,0.0,0.0,0.0,0.0,1.0,0.0,0.0,0.0,0.0,0.0,1.0,0.0,-0.7000000000000001,0.0,0.0,16.0,25903.0
2026-07-30T18:58:43.019Z,92.502,92.514,0.0,7.4,0.0,0.0,0.0,0.0,0.0,0.0,0.0,0.0,1.0,0.0,0.0,0.0,9.0,4.0,0.0,0.0,0.0,0.0,0.0,0.0,0.0,0.0,6.0,12.0,1.0,12.14,5.0200000000000005,2.5,1.5,0.0,0.0,0.0,1.1,0.0,-0.1,-0.5,1.6,-3.3000000000000003,0.0,0.0,3.4000000000000004,0.0,21.700000000000003,33.800000000000004,33.800000000000004,34.7,300.0,300.0,30.4,34.4,32.4,32.0,33.6,4.95,1.99,4.96,0.16,0.0,0.0,1027.0,8228.0,0.0,0.0,0.0,0.0,0.0,1.0,0.0,0.0,0.0,0.0,0.0,-0.2,0.0,1.6,0.0,0.0,16.0,25903.0
2026-07-30T18:58:43.030Z,92.513,92.526,0.0,7.4,0.0,0.0,0.0,0.0,0.0,0.0,0.0,0.0,1.0,0.0,0.0,0.0,9.0,4.0,0.0,0.0,0.0,0.0,0.0,0.0,0.0,0.0,1.0,12.0,1.0,12.14,5.0200000000000005,2.5,1.5,0.0,0.0,0.0,1.0,0.0,0.3,-0.5,0.0,-3.3000000000000003,0.0,0.0,3.4000000000000004,0.0,21.700000000000003,33.800000000000004,33.800000000000004,34.7,300.0,300.0,30.4,34.4,32.4,32.0,33.6,4.96,1.99,4.97,0.16,0.0,0.0,1027.0,8228.0,0.0,0.0,0.0,0.0,0.0,1.0,0.0,0.0,0.0,0.0,0.0,0.7000000000000001,0.0,-0.1,0.0,0.0,16.0,25903.0
2026-07-30T18:58:43.047Z,92.53,92.538,0.0,7.4,0.0,0.0,0.0,0.0,0.0,0.0,0.0,0.0,1.0,0.0,0.0,0.0,9.0,4.0,0.0,0.0,0.0,0.0,0.0,0.0,0.0,0.0,1.0,12.0,1.0,12.14,5.0200000000000005,2.5,1.5,0.0,0.0,0.0,1.1,0.0,-0.1,-0.5,-0.1,-3.3000000000000003,0.0,0.0,3.4000000000000004,0.0,21.700000000000003,33.800000000000004,33.800000000000004,34.7,300.0,300.0,30.4,34.4,32.4,32.0,33.6,4.96,1.99,4.96,0.16,0.0,0.0,1027.0,8228.0,0.0,0.0,0.0,0.0,0.0,1.0,0.0,0.0,0.0,0.0,0.0,0.6000000000000001,0.0,-0.1,0.0,0.0,16.0,25903.0
2026-07-30T18:58:43.054Z,92.537,92.55,0.0,7.4,0.0,0.0,0.0,0.0,0.0,0.0,0.0,0.0,1.0,0.0,0.0,0.0,9.0,4.0,0.0,0.0,0.0,0.0,0.0,0.0,0.0,0.0,5.0,12.0,1.0,12.14,5.0200000000000005,2.5,1.5,0.0,0.0,0.0,1.1,0.0,-0.2,0.6000000000000001,-0.7000000000000001,-3.3000000000000003,0.0,0.0,3.4000000000000004,0.0,21.700000000000003,33.800000000000004,33.800000000000004,34.7,300.0,300.0,30.4,34.4,32.4,32.0,33.6,4.95,1.99,4.96,0.16,0.0,0.0,1027.0,8228.0,0.0,0.0,0.0,0.0,0.0,1.0,0.0,0.0,0.0,0.0,0.0,-0.3,0.0,-0.6000000000000001,0.0,0.0,16.0,25903.0
2026-07-30T18:58:43.066Z,92.549,92.562,0.0,7.4,0.0,0.0,0.0,0.0,0.0,0.0,0.0,0.0,1.0,0.0,0.0,0.0,9.0,4.0,0.0,0.0,0.0,0.0,0.0,0.0,0.0,0.0,1.0,12.0,1.0,12.14,5.0200000000000005,2.5,1.5,0.0,0.0,0.0,1.1,0.0,0.9,-0.4,0.3,-3.3000000000000003,0.0,0.0,3.4000000000000004,0.0,21.700000000000003,33.800000000000004,33.800000000000004,34.7,300.0,300.0,30.4,34.4,32.4,32.0,33.6,4.95,1.99,4.96,0.16,0.0,0.0,1027.0,8228.0,0.0,0.0,0.0,0.0,0.0,1.0,0.0,0.0,0.0,0.0,0.0,0.3,0.0,0.3,0.0,0.0,16.0,25903.0
2026-07-30T18:58:43.078Z,92.561,92.574,0.0,7.4,0.0,0.0,0.0,0.0,0.0,0.0,0.0,0.0,1.0,0.0,0.0,0.0,9.0,4.0,0.0,0.0,0.0,0.0,0.0,0.0,0.0,0.0,2.0,12.0,1.0,12.14,5.0200000000000005,2.5,1.5,0.0,0.1,0.0,1.0,0.0,-0.2,0.1,1.5,-3.3000000000000003,0.0,0.0,3.4000000000000004,0.0,21.700000000000003,33.800000000000004,33.800000000000004,34.7,300.0,300.0,30.4,34.4,32.4,32.0,33.6,4.96,1.99,4.96,0.16,0.0,0.0,1027.0,8228.0,0.0,0.0,0.0,0.0,0.0,1.0,0.0,0.0,0.0,0.0,0.0,-0.9,0.0,1.6,0.0,0.0,16.0,25903.0
2026-07-30T18:58:43.090Z,92.573,92.586,0.0,7.4,0.0,0.0,0.0,0.0,0.0,0.0,0.0,0.0,1.0,0.0,0.0,0.0,9.0,4.0,0.0,0.0,0.0,0.0,0.0,0.0,0.0,0.0,3.0,12.0,1.0,12.14,5.0200000000000005,2.5,1.5,0.0,0.1,0.0,1.0,0.0,0.3,-0.4,1.0,-3.3000000000000003,0.0,0.0,3.3000000000000003,0.0,21.700000000000003,33.800000000000004,33.800000000000004,34.7,300.0,300.0,30.4,34.4,32.4,32.0,33.6,4.96,1.99,4.97,0.16,0.0,0.0,1027.0,8228.0,0.0,0.0,0.0,0.0,0.0,1.0,0.0,0.0,0.0,0.0,0.0,0.0,0.0,1.0,0.0,0.0,16.0,25903.0
2026-07-30T18:58:43.102Z,92.585,92.598,0.0,7.4,0.0,0.0,0.0,0.0,0.0,0.0,0.0,0.0,1.0,0.0,0.0,0.0,9.0,4.0,0.0,0.0,0.0,0.0,0.0,0.0,0.0,0.0,4.0,12.0,1.0,12.14,5.0200000000000005,2.5,1.5,0.0,0.0,0.0,1.0,0.0,0.3,1.3,1.5,-3.3000000000000003,0.0,0.0,3.4000000000000004,0.0,21.700000000000003,33.800000000000004,33.800000000000004,34.7,300.0,300.0,30.4,34.4,32.4,32.0,33.6,4.95,1.99,4.97,0.16,0.0,0.0,1027.0,8228.0,0.0,0.0,0.0,0.0,0.0,1.0,0.0,0.0,0.0,0.0,0.0,-2.3000000000000003,0.0,1.7000000000000002,0.0,0.0,16.0,25903.0
2026-07-30T18:58:43.114Z,92.597,92.61,0.0,7.4,0.0,0.0,0.0,0.0,0.0,0.0,0.0,0.0,1.0,0.0,0.0,0.0,9.0,4.0,0.0,0.0,0.0,0.0,0.0,0.0,0.0,0.0,5.0,12.0,1.0,12.14,5.0200000000000005,2.5,1.5,0.0,0.0,0.0,1.1,0.0,0.8,-0.4,1.0,-3.3000000000000003,0.0,0.0,3.4000000000000004,0.0,21.700000000000003,33.800000000000004,33.800000000000004,34.7,300.0,300.0,30.4,34.4,32.4,32.0,33.6,4.96,1.99,4.96,0.16,0.0,0.0,1027.0,8228.0,0.0,0.0,0.0,0.0,0.0,1.0,0.0,0.0,0.0,0.0,0.0,0.0,0.0,1.0,0.0,0.0,16.0,25903.0
2026-07-30T18:58:43.126Z,92.609,92.622,0.0,7.4,0.0,0.0,0.0,0.0,0.0,0.0,0.0,0.0,1.0,0.0,0.0,0.0,9.0,4.0,0.0,0.0,0.0,0.0,0.0,0.0,0.0,0.0,1.0,12.0,1.0,12.18,5.01,2.51,1.49,0.0,0.0,0.0,1.0,0.0,-0.2,-1.6,-1.3,-3.3000000000000003,0.0,0.0,3.4000000000000004,0.0,21.700000000000003,33.800000000000004,33.7,34.7,300.0,300.0,30.4,34.4,32.4,32.0,33.6,4.95,1.99,4.96,0.16,0.0,0.0,1027.0,8228.0,0.0,0.0,0.0,0.0,0.0,1.0,0.0,0.0,0.0,0.0,0.0,2.6,0.0,-1.4,0.0,0.0,16.0,25903.0
2026-07-30T18:58:43.138Z,92.621,92.634,0.0,7.4,0.0,0.0,0.0,0.0,0.0,0.0,0.0,0.0,1.0,0.0,0.0,0.0,9.0,4.0,0.0,0.0,0.0,0.0,0.0,0.0,0.0,0.0,2.0,12.0,1.0,12.18,5.01,2.51,1.49,0.0,0.0,0.0,1.0,0.0,0.2,1.2000000000000002,-1.3,-3.3000000000000003,0.0,0.0,3.4000000000000004,0.0,21.700000000000003,33.800000000000004,33.7,34.7,300.0,300.0,30.4,34.4,32.4,32.0,33.6,4.95,1.99,4.97,0.16,0.0,0.0,1027.0,8228.0,0.0,0.0,0.0,0.0,0.0,1.0,0.0,0.0,0.0,0.0,0.0,-0.7000000000000001,0.0,-1.2000000000000002,0.0,0.0,16.0,25903.0
2026-07-30T18:58:43.150Z,92.633,92.646,0.0,7.4,0.0,0.0,0.0,0.0,0.0,0.0,0.0,0.0,1.0,0.0,0.0,0.0,9.0,4.0,0.0,0.0,0.0,0.0,0.0,0.0,0.0,0.0,3.0,12.0,1.0,12.18,5.01,2.51,1.49,0.0,0.0,0.0,1.0,0.0,-0.3,0.0,0.3,-3.3000000000000003,0.0,0.0,3.4000000000000004,0.0,21.700000000000003,33.800000000000004,33.7,34.7,300.0,300.0,30.4,34.4,32.4,32.0,33.6,4.95,2.0,4.97,0.16,0.0,0.0,1027.0,8228.0,0.0,0.0,0.0,0.0,0.0,1.0,0.0,0.0,0.0,0.0,0.0,-0.2,0.0,0.3,0.0,0.0,16.0,25903.0
2026-07-30T18:58:43.162Z,92.645,92.658,0.0,7.4,0.0,0.0,0.0,0.0,0.0,0.0,0.0,0.0,1.0,0.0,0.0,0.0,9.0,4.0,0.0,0.0,0.0,0.0,0.0,0.0,0.0,0.0,4.0,12.0,1.0,12.18,5.01,2.51,1.49,0.0,0.0,0.0,1.0,0.0,-0.9,0.0,0.3,-3.3000000000000003,0.0,0.0,3.4000000000000004,0.0,21.700000000000003,33.800000000000004,33.7,34.7,300.0,300.0,30.4,34.4,32.4,32.0,33.6,4.96,2.0,4.96,0.16,0.0,0.0,1027.0,8228.0,0.0,0.0,0.0,0.0,0.0,1.0,0.0,0.0,0.0,0.0,0.0,-0.2,0.0,0.3,0.0,0.0001,16.0,25903.0
2026-07-30T18:58:43.174Z,92.657,92.67,0.0,7.4,0.0,0.0,0.0,0.0,0.0,0.0,0.0,0.0,1.0,0.0,0.0,0.0,9.0,4.0,0.0,0.0,0.0,0.0,0.0,0.0,0.0,0.0,5.0,12.0,1.0,12.18,5.01,2.51,1.49,0.0,0.0,0.0,1.0,0.0,0.1,-0.6000000000000001,-1.4,-3.3000000000000003,0.0,0.0,3.4000000000000004,0.0,21.700000000000003,33.800000000000004,33.7,34.7,300.0,300.0,30.4,34.4,32.4,32.0,33.6,4.95,1.99,4.97,0.16,0.0,0.0,1027.0,8228.0,0.0,0.0,0.0,0.0,0.0,1.0,0.0,0.0,0.0,0.0,0.0,1.4,0.0,-1.4,0.0,0.0,16.0,25903.0
2026-07-30T18:58:43.185Z,92.668,92.682,0.0,7.4,0.0,0.0,0.0,0.0,0.0,0.0,0.0,0.0,1.0,0.0,0.0,0.0,9.0,4.0,0.0,0.0,0.0,0.0,0.0,0.0,0.0,0.0,6.0,12.0,1.0,12.18,5.01,2.51,1.49,0.0,0.0,0.0,1.0,0.0,-1.0,1.0,-0.2,-3.3000000000000003,0.0,0.0,3.4000000000000004,0.0,21.700000000000003,33.800000000000004,33.7,34.7,300.0,300.0,30.4,34.4,32.4,32.0,33.6,4.95,1.99,4.96,0.16,0.0,0.0,1027.0,8228.0,0.0,0.0,0.0,0.0,0.0,1.0,0.0,0.0,0.0,0.0,0.0,-1.1,0.0,-0.2,0.0,0.0,16.0,25903.0
2026-07-30T18:58:43.198Z,92.681,92.694,0.0,7.4,0.0,0.0,0.0,0.0,0.0,0.0,0.0,0.0,1.0,0.0,0.0,0.0,9.0,4.0,0.0,0.0,0.0,0.0,0.0,0.0,0.0,0.0,2.0,12.0,1.0,12.18,5.01,2.51,1.49,0.0,0.0,0.0,1.1,0.0,0.7000000000000001,0.0,0.2,-3.3000000000000003,0.0,0.0,3.4000000000000004,0.0,21.700000000000003,33.800000000000004,33.7,34.7,300.0,300.0,30.4,34.4,32.4,32.0,33.6,4.96,2.0,4.96,0.16,0.0,0.0,1027.0,8228.0,0.0,0.0,0.0,0.0,0.0,1.0,0.0,0.0,0.0,0.0,0.0,0.0,0.0,0.2,0.0,0.0,16.0,25903.0
2026-07-30T18:58:43.210Z,92.693,92.706,0.0,7.4,0.0,0.0,0.0,0.0,0.0,0.0,0.0,0.0,1.0,0.0,0.0,0.0,9.0,4.0,0.0,0.0,0.0,0.0,0.0,0.0,0.0,0.0,3.0,12.0,1.0,12.18,5.01,2.51,1.49,0.0,0.0,0.0,1.0,0.0,0.1,-0.6000000000000001,0.2,-3.3000000000000003,0.0,0.0,3.4000000000000004,0.0,21.700000000000003,33.800000000000004,33.7,34.7,300.0,300.0,30.4,34.4,32.4,32.0,33.6,4.95,2.0,4.96,0.16,0.0,0.0,1027.0,8228.0,0.0,0.0,0.0,0.0,0.0,1.0,0.0,0.0,0.0,0.0,0.0,0.6000000000000001,0.0,0.2,0.0,0.0,16.0,25903.0
2026-07-30T18:58:43.223Z,92.706,92.718,0.0,7.4,0.0,0.0,0.0,0.0,0.0,0.0,0.0,0.0,1.0,0.0,0.0,0.0,9.0,4.0,0.0,0.0,0.0,0.0,0.0,0.0,0.0,0.0,4.0,12.0,1.0,12.17,5.0200000000000005,2.51,1.49,0.0,0.0,0.0,1.0,0.0,0.1,-0.6000000000000001,0.2,-3.3000000000000003,0.0,0.0,3.4000000000000004,0.0,21.3,33.7,33.7,34.7,300.0,300.0,30.4,34.4,32.4,32.0,33.6,4.95,1.99,4.97,0.16,0.0,0.0,1027.0,8228.0,0.0,0.0,0.0,0.0,0.0,1.0,0.0,0.0,0.0,0.0,0.0,0.6000000000000001,0.0,0.1,0.0,0.0,16.0,25903.0
2026-07-30T18:58:43.234Z,92.717,92.73,0.0,7.4,0.0,0.0,0.0,0.0,0.0,0.0,0.0,0.0,1.0,0.0,0.0,0.0,9.0,4.0,0.0,0.0,0.0,0.0,0.0,0.0,0.0,0.0,6.0,12.0,1.0,12.17,5.0200000000000005,2.51,1.49,0.0,0.0,0.0,1.0,0.0,0.1,0.0,-0.3,-3.3000000000000003,0.0,0.0,3.4000000000000004,0.0,21.3,33.7,33.7,34.7,300.0,300.0,30.4,34.4,32.4,32.0,33.6,4.95,1.99,4.96,0.16,0.0,0.0,1027.0,8228.0,0.0,0.0,0.0,0.0,0.0,1.0,0.0,0.0,0.0,0.0,0.0,-1.9,0.0,1.5,0.0,0.0,16.0,25903.0
2026-07-30T18:58:43.246Z,92.729,92.742,0.0,7.4,0.0,0.0,0.0,0.0,0.0,0.0,0.0,0.0,1.0,0.0,0.0,0.0,9.0,4.0,0.0,0.0,0.0,0.0,0.0,0.0,0.0,0.0,1.0,12.0,1.0,12.17,5.0200000000000005,2.51,1.49,0.0,0.0,0.0,1.0,0.0,-0.9,0.5,-0.3,-3.3000000000000003,0.0,0.0,3.4000000000000004,0.0,21.3,33.7,33.7,34.7,300.0,300.0,30.4,34.4,32.4,32.0,33.6,4.96,1.99,4.96,0.16,0.0,0.0,1027.0,8228.0,0.0,0.0,0.0,0.0,0.0,1.0,0.0,0.0,0.0,0.0,0.0,0.1,0.0,-1.5,0.0,0.0,16.0,25903.0
2026-07-30T18:58:43.258Z,92.741,92.754,0.0,7.4,0.0,0.0,0.0,0.0,0.0,0.0,0.0,0.0,1.0,0.0,0.0,0.0,9.0,4.0,0.0,0.0,0.0,0.0,0.0,0.0,0.0,0.0,2.0,12.0,1.0,12.17,5.0200000000000005,2.51,1.49,0.0,0.0,0.0,1.0,0.0,0.1,0.0,-0.3,-3.3000000000000003,0.0,0.0,3.4000000000000004,0.0,21.3,33.7,33.7,34.7,300.0,300.0,30.4,34.4,32.4,32.0,33.6,4.95,1.99,4.97,0.16,0.0,0.0,1027.0,8228.0,0.0,0.0,0.0,0.0,0.0,1.0,0.0,0.0,0.0,0.0,0.0,0.8,0.0,-1.5,0.0,0.0,16.0,25903.0
2026-07-30T18:58:43.270Z,92.753,92.766,0.0,7.4,0.0,0.0,0.0,0.0,0.0,0.0,0.0,0.0,1.0,0.0,0.0,0.0,9.0,4.0,0.0,0.0,0.0,0.0,0.0,0.0,0.0,0.0,3.0,12.0,1.0,12.17,5.0200000000000005,2.51,1.49,0.0,0.0,0.0,1.0,0.0,0.7000000000000001,-0.6000000000000001,-0.9,-3.3000000000000003,0.0,0.0,3.5,0.0,21.3,33.7,33.7,34.7,300.0,300.0,30.4,34.4,32.4,32.0,33.6,4.96,1.99,4.96,0.16,0.0,0.0,1027.0,8228.0,0.0,0.0,0.0,0.0,0.0,1.0,0.0,0.0,0.0,0.0,0.0,0.8,0.0,-0.4,0.0,0.0,16.0,25903.0
2026-07-30T18:58:43.282Z,92.765,92.778,0.0,7.4,0.0,0.0,0.0,0.0,0.0,0.0,0.0,0.0,1.0,0.0,0.0,0.0,9.0,4.0,0.0,0.0,0.0,0.0,0.0,0.0,0.0,0.0,4.0,12.0,1.0,12.17,5.0200000000000005,2.51,1.49,0.0,0.1,0.0,1.0,0.0,0.1,0.5,1.4,-3.3000000000000003,0.0,0.0,3.4000000000000004,0.0,21.3,33.7,33.7,34.7,300.0,300.0,30.4,34.4,32.4,32.0,33.6,4.96,2.0,4.96,0.16,0.0,0.0,1027.0,8228.0,0.0,0.0,0.0,0.0,0.0,1.0,0.0,0.0,0.0,0.0,0.0,1.1,0.0,-0.9,0.0,0.0001,16.0,25903.0
2026-07-30T18:58:43.294Z,92.777,92.79,0.0,7.4,0.0,0.0,0.0,0.0,0.0,0.0,0.0,0.0,1.0,0.0,0.0,0.0,9.0,4.0,0.0,0.0,0.0,0.0,0.0,0.0,0.0,0.0,5.0,12.0,1.0,12.17,5.0200000000000005,2.51,1.49,0.0,0.0,0.0,1.0,0.0,-0.4,0.5,-0.9,-3.3000000000000003,0.0,0.0,3.4000000000000004,0.0,21.3,33.7,33.7,34.7,300.0,300.0,30.4,34.4,32.4,32.0,33.6,4.95,1.99,4.96,0.16,0.0,0.0,1027.0,8228.0,0.0,0.0,0.0,0.0,0.0,1.0,0.0,0.0,0.0,0.0,0.0,-0.1,0.0,-0.9,0.0,0.0001,16.0,25903.0
2026-07-30T18:58:43.306Z,92.789,92.802,0.0,7.4,0.0,0.0,0.0,0.0,0.0,0.0,0.0,0.0,1.0,0.0,0.0,0.0,9.0,4.0,0.0,0.0,0.0,0.0,0.0,0.0,0.0,0.0,6.0,12.0,1.0,12.17,5.0200000000000005,2.51,1.49,0.0,0.0,0.0,1.0,0.0,-0.3,-0.6000000000000001,-1.4,-3.3000000000000003,0.0,0.0,3.4000000000000004,0.0,21.3,33.7,33.7,34.7,300.0,300.0,30.4,34.4,32.4,32.0,33.6,4.95,1.99,4.97,0.16,0.0,0.0,1027.0,8228.0,0.0,0.0,0.0,0.0,0.0,1.0,0.0,0.0,0.0,0.0,0.0,1.4,0.0,-1.5,0.0,0.0001,16.0,25903.0
2026-07-30T18:58:43.318Z,92.801,92.814,0.0,7.4,0.0,0.0,0.0,0.0,0.0,0.0,0.0,0.0,1.0,0.0,0.0,0.0,9.0,4.0,0.0,0.0,0.0,0.0,0.0,0.0,0.0,0.0,1.0,12.0,1.0,12.17,5.0200000000000005,2.51,1.49,0.0,0.0,0.0,0.9,0.0,-0.3,0.0,-0.2,-3.3000000000000003,0.0,0.0,3.4000000000000004,0.0,21.3,33.7,33.7,34.7,300.0,300.0,30.4,34.4,32.4,32.0,33.6,4.96,1.99,4.96,0.16,0.0,0.0,1027.0,8228.0,0.0,0.0,0.0,0.0,0.0,1.0,0.0,0.0,0.0,0.0,0.0,1.1,0.0,-0.9,0.0,0.0001,16.0,25903.0
2026-07-30T18:58:43.330Z,92.813,92.826,0.0,7.4,0.0,0.0,0.0,0.0,0.0,0.0,0.0,0.0,1.0,0.0,0.0,0.0,9.0,4.0,0.0,0.0,0.0,0.0,0.0,0.0,0.0,0.0,2.0,12.0,1.0,12.17,5.01,2.5,1.49,0.0,0.0,0.0,1.0,0.0,-0.3,1.1,-0.2,-3.3000000000000003,0.0,0.0,3.4000000000000004,0.0,21.200000000000003,33.7,33.7,34.7,300.0,300.0,30.5,34.300000000000004,32.4,32.0,33.6,4.96,1.99,4.97,0.16,0.0,0.0,1027.0,8228.0,0.0,0.0,0.0,0.0,0.0,1.0,0.0,0.0,0.0,0.0,0.0,-1.1,0.0,-0.2,0.0,0.0001,16.0,25903.0
2026-07-30T18:58:43.342Z,92.825,92.838,0.0,7.4,0.0,0.0,0.0,0.0,0.0,0.0,0.0,0.0,1.0,0.0,0.0,0.0,9.0,4.0,0.0,0.0,0.0,0.0,0.0,0.0,0.0,0.0,3.0,12.0,1.0,12.17,5.01,2.5,1.49,0.0,0.0,0.0,1.0,0.0,0.2,0.0,-0.2,-3.3000000000000003,0.0,0.0,3.4000000000000004,0.0,21.200000000000003,33.7,33.7,34.7,300.0,300.0,30.5,34.300000000000004,32.4,32.0,33.6,4.95,1.99,4.97,0.16,0.0,0.0,1027.0,8228.0,0.0,0.0,0.0,0.0,0.0,1.0,0.0,0.0,0.0,0.0,0.0,0.1,0.0,-0.2,0.0,0.0,16.0,25903.0
2026-07-30T18:58:43.364Z,92.847,92.85,0.0,7.4,0.0,0.0,0.0,0.0,0.0,0.0,0.0,0.0,1.0,0.0,0.0,0.0,9.0,4.0,0.0,0.0,0.0,0.0,0.0,0.0,0.0,0.0,4.0,12.0,1.0,12.17,5.01,2.5,1.49,0.0,0.0,0.0,0.9,0.0,0.2,-0.6000000000000001,-0.2,-3.3000000000000003,0.0,0.0,3.4000000000000004,0.0,21.200000000000003,33.7,33.7,34.7,300.0,300.0,30.5,34.300000000000004,32.4,32.0,33.6,4.95,1.99,4.97,0.16,0.0,0.0,1027.0,8228.0,0.0,0.0,0.0,0.0,0.0,1.0,0.0,0.0,0.0,0.0,0.0,0.8,0.0,-0.3,0.0,0.0,16.0,25903.0
2026-07-30T18:58:43.366Z,92.849,92.862,0.0,7.4,0.0,0.0,0.0,0.0,0.0,0.0,0.0,0.0,1.0,0.0,0.0,0.0,9.0,4.0,0.0,0.0,0.0,0.0,0.0,0.0,0.0,0.0,4.0,12.0,1.0,12.17,5.01,2.5,1.49,0.0,0.0,0.0,1.0,0.0,0.1,-0.6000000000000001,-0.8,-3.3000000000000003,0.0,0.0,3.4000000000000004,0.0,21.200000000000003,33.7,33.7,34.7,300.0,300.0,30.5,34.300000000000004,32.4,32.0,33.6,4.95,1.99,4.96,0.16,0.0,0.0,1027.0,8228.0,0.0,0.0,0.0,0.0,0.0,1.0,0.0,0.0,0.0,0.0,0.0,1.2000000000000002,0.0,-0.9,0.0,0.0,16.0,25903.0
2026-07-30T18:58:43.378Z,92.861,92.874,0.0,7.4,0.0,0.0,0.0,0.0,0.0,0.0,0.0,0.0,1.0,0.0,0.0,0.0,9.0,4.0,0.0,0.0,0.0,0.0,0.0,0.0,0.0,0.0,3.0,12.0,1.0,12.17,5.01,2.5,1.49,0.0,0.0,0.0,0.9,0.0,-0.3,0.0,-1.4,-3.3000000000000003,0.0,0.0,3.4000000000000004,0.0,21.200000000000003,33.7,33.7,34.7,300.0,300.0,30.5,34.300000000000004,32.4,32.0,33.6,4.95,1.99,4.97,0.16,0.0,0.0,1027.0,8228.0,0.0,0.0,0.0,0.0,0.0,1.0,0.0,0.0,0.0,0.0,0.0,0.8,0.0,-1.4,0.0,0.0,16.0,25903.0
2026-07-30T18:58:43.390Z,92.873,92.886,0.0,7.4,0.0,0.0,0.0,0.0,0.0,0.0,0.0,0.0,1.0,0.0,0.0,0.0,9.0,4.0,0.0,0.0,0.0,0.0,0.0,0.0,0.0,0.0,4.0,12.0,1.0,12.17,5.01,2.5,1.49,0.0,0.0,0.0,0.9,0.0,0.7000000000000001,0.4,-0.2,-3.3000000000000003,0.0,0.0,3.4000000000000004,0.0,21.200000000000003,33.7,33.7,34.7,300.0,300.0,30.5,34.300000000000004,32.4,32.0,33.6,4.95,1.99,4.97,0.16,0.0,0.0,1027.0,8228.0,0.0,0.0,0.0,0.0,0.0,1.0,0.0,0.0,0.0,0.0,0.0,-0.4,0.0,-0.2,0.0,0.0,16.0,25903.0
2026-07-30T18:58:43.402Z,92.885,92.898,0.0,7.4,0.0,0.0,0.0,0.0,0.0,0.0,0.0,0.0,1.0,0.0,0.0,0.0,9.0,4.0,0.0,0.0,0.0,0.0,0.0,0.0,0.0,0.0,5.0,12.0,1.0,12.17,5.01,2.5,1.49,0.0,0.0,0.0,1.0,0.0,-0.9,-1.2000000000000002,0.9,-3.3000000000000003,0.0,0.0,3.4000000000000004,0.0,21.200000000000003,33.7,33.7,34.7,300.0,300.0,30.5,34.300000000000004,32.4,32.0,33.6,4.96,1.99,4.96,0.16,0.0,0.0,1027.0,8228.0,0.0,0.0,0.0,0.0,0.0,1.0,0.0,0.0,0.0,0.0,0.0,0.9,0.0,0.8,0.0,0.0,16.0,25903.0
2026-07-30T18:58:43.414Z,92.897,92.91,0.0,7.4,0.0,0.0,0.0,0.0,0.0,0.0,0.0,0.0,1.0,0.0,0.0,0.0,9.0,4.0,0.0,0.0,0.0,0.0,0.0,0.0,0.0,0.0,6.0,12.0,1.0,12.17,5.01,2.5,1.49,0.1,0.0,0.0,1.0,0.0,-0.3,-1.2000000000000002,-0.8,-3.3000000000000003,0.0,0.0,3.4000000000000004,0.0,21.200000000000003,33.7,33.7,34.7,300.0,300.0,30.5,34.300000000000004,32.4,32.0,33.6,4.95,2.0,4.97,0.16,0.0,0.0,1027.0,8228.0,0.0,0.0,0.0,0.0,0.0,1.0,0.0,0.0,0.0,0.0,0.0,1.8,0.0,-0.9,0.0,0.0,16.0,25903.0
2026-07-30T18:58:43.427Z,92.91,92.922,0.0,7.4,0.0,0.0,0.0,0.0,0.0,0.0,0.0,0.0,1.0,0.0,0.0,0.0,9.0,4.0,0.0,0.0,0.0,0.0,0.0,0.0,0.0,0.0,2.0,12.0,1.0,12.17,5.01,2.5,1.49,0.0,0.0,0.0,1.0,0.0,-0.3,0.5,-0.1,-3.3000000000000003,0.0,0.0,3.4000000000000004,0.0,21.4,33.7,33.7,34.6,300.0,300.0,30.700000000000003,34.300000000000004,32.4,32.0,33.5,4.95,1.99,4.96,0.16,0.0,0.0,1027.0,8228.0,0.0,0.0,0.0,0.0,0.0,1.0,0.0,0.0,0.0,0.0,0.0,-0.5,0.0,-0.1,0.0,0.0,16.0,25903.0
2026-07-30T18:58:43.438Z,92.921,92.934,0.0,7.4,0.0,0.0,0.0,0.0,0.0,0.0,0.0,0.0,1.0,0.0,0.0,0.0,9.0,4.0,0.0,0.0,0.0,0.0,0.0,0.0,0.0,0.0,3.0,12.0,1.0,12.17,5.01,2.5,1.49,0.0,0.1,0.0,1.0,0.0,-0.9,-0.6000000000000001,-0.1,-3.3000000000000003,0.0,0.0,3.4000000000000004,0.0,21.4,33.7,33.7,34.6,300.0,300.0,30.700000000000003,34.300000000000004,32.4,32.0,33.5,4.95,2.0,4.96,0.16,0.0,0.0,1027.0,8228.0,0.0,0.0,0.0,0.0,0.0,1.0,0.0,0.0,0.0,0.0,0.0,0.8,0.0,-0.2,0.0,0.0,16.0,25903.0
2026-07-30T18:58:43.450Z,92.933,92.946,0.0,7.4,0.0,0.0,0.0,0.0,0.0,0.0,0.0,0.0,1.0,0.0,0.0,0.0,9.0,4.0,0.0,0.0,0.0,0.0,0.0,0.0,0.0,0.0,3.0,12.0,1.0,12.17,5.01,2.5,1.49,0.0,0.0,0.0,1.0,0.0,0.2,-0.6000000000000001,0.4,-3.3000000000000003,0.0,0.0,3.4000000000000004,0.0,21.4,33.7,33.7,34.6,300.0,300.0,30.700000000000003,34.300000000000004,32.4,32.0,33.5,4.95,2.0,4.97,0.16,0.0,0.0,1027.0,8228.0,0.0,0.0,0.0,0.0,0.0,1.0,0.0,0.0,0.0,0.0,0.0,0.5,0.0,0.3,0.0,0.0,16.0,25903.0
2026-07-30T18:58:43.461Z,92.944,92.958,0.0,7.4,0.0,0.0,0.0,0.0,0.0,0.0,0.0,0.0,1.0,0.0,0.0,0.0,9.0,4.0,0.0,0.0,0.0,0.0,0.0,0.0,0.0,0.0,4.0,12.0,1.0,12.17,5.01,2.5,1.49,0.0,0.0,0.0,1.0,0.0,0.2,-1.2000000000000002,0.4,-3.3000000000000003,0.0,0.0,3.4000000000000004,0.0,21.4,33.7,33.7,34.6,300.0,300.0,30.700000000000003,34.300000000000004,32.4,32.0,33.5,4.95,1.99,4.97,0.16,0.0,0.0,1027.0,8228.0,0.0,0.0,0.0,0.0,0.0,1.0,0.0,0.0,0.0,0.0,0.0,1.2000000000000002,0.0,0.3,0.0,0.0,16.0,25903.0
2026-07-30T18:58:43.474Z,92.957,92.97,0.0,7.4,0.0,0.0,0.0,0.0,0.0,0.0,0.0,0.0,1.0,0.0,0.0,0.0,9.0,4.0,0.0,0.0,0.0,0.0,0.0,0.0,0.0,0.0,5.0,12.0,1.0,12.17,5.01,2.5,1.49,0.0,0.0,0.0,0.9,0.0,0.8,1.6,1.0,-3.3000000000000003,0.0,0.0,3.4000000000000004,0.0,21.4,33.7,33.7,34.6,300.0,300.0,30.700000000000003,34.300000000000004,32.4,32.0,33.5,4.95,2.0,4.96,0.16,0.0,0.0,1027.0,8228.0,0.0,0.0,0.0,0.0,0.0,1.0,0.0,0.0,0.0,0.0,0.0,-2.4000000000000004,0.0,1.1,0.0,0.0,16.0,25903.0
2026-07-30T18:58:43.486Z,92.969,92.982,0.0,7.4,0.0,0.0,0.0,0.0,0.0,0.0,0.0,0.0,1.0,0.0,0.0,0.0,9.0,4.0,0.0,0.0,0.0,0.0,0.0,0.0,0.0,0.0,1.0,12.0,1.0,12.17,5.01,2.5,1.49,0.0,0.0,0.0,0.9,0.0,0.2,0.0,0.4,-3.3000000000000003,0.0,0.0,3.4000000000000004,0.0,21.4,33.7,33.7,34.6,300.0,300.0,30.700000000000003,34.300000000000004,32.4,32.0,33.5,4.96,1.99,4.96,0.16,0.0,0.0,1027.0,8228.0,0.0,0.0,0.0,0.0,0.0,1.0,0.0,0.0,0.0,0.0,0.0,-0.1,0.0,0.4,0.0,0.0,16.0,25903.0
2026-07-30T18:58:43.498Z,92.981,92.994,0.0,7.4,0.0,0.0,0.0,0.0,0.0,0.0,0.0,0.0,1.0,0.0,0.0,0.0,9.0,4.0,0.0,0.0,0.0,0.0,0.0,0.0,0.0,0.0,2.0,12.0,1.0,12.17,5.01,2.5,1.49,0.0,0.0,0.0,0.8,0.0,-0.2,-0.6000000000000001,0.4,-3.3000000000000003,0.0,0.0,3.4000000000000004,0.0,21.4,33.7,33.7,34.6,300.0,300.0,30.700000000000003,34.300000000000004,32.4,32.0,33.5,4.95,1.99,4.97,0.16,0.0,0.0,1027.0,8228.0,0.0,0.0,0.0,0.0,0.0,1.0,0.0,0.0,0.0,0.0,0.0,0.5,0.0,0.4,0.0,0.0,16.0,25903.0
2026-07-30T18:58:43.510Z,92.993,93.006,0.0,7.4,0.0,0.0,0.0,0.0,0.0,0.0,0.0,0.0,1.0,0.0,0.0,0.0,9.0,4.0,0.0,0.0,0.0,0.0,0.0,0.0,0.0,0.0,3.0,12.0,1.0,12.17,5.01,2.5,1.49,0.0,0.1,0.0,0.9,0.0,-0.8,-0.6000000000000001,0.5,-3.3000000000000003,0.0,0.0,3.4000000000000004,0.0,21.4,33.7,33.7,34.6,300.0,300.0,30.700000000000003,34.300000000000004,32.4,32.0,33.5,4.96,1.99,4.96,0.16,0.0,0.0,1027.0,8228.0,0.0,0.0,0.0,0.0,0.0,1.0,0.0,0.0,0.0,0.0,0.0,0.4,0.0,0.5,0.0,0.0,16.0,25903.0
2026-07-30T18:58:43.522Z,93.005,93.018,0.0,7.4,0.0,0.0,0.0,0.0,0.0,0.0,0.0,0.0,1.0,0.0,0.0,0.0,9.0,4.0,0.0,0.0,0.0,0.0,0.0,0.0,0.0,0.0,4.0,12.0,1.0,12.17,5.01,2.5,1.49,0.0,0.0,0.0,0.9,0.0,0.3,1.6,1.0,-3.3000000000000003,0.0,0.0,3.4000000000000004,0.0,21.4,33.7,33.7,34.6,300.0,300.0,30.700000000000003,34.300000000000004,32.4,32.0,33.5,4.96,1.99,4.96,0.16,0.0,0.0,1027.0,8228.0,0.0,0.0,0.0,0.0,0.0,1.0,0.0,0.0,0.0,0.0,0.0,-2.5,0.0,1.2000000000000002,0.0,0.0,16.0,25903.0
2026-07-30T18:58:43.534Z,93.017,93.03,0.0,7.4,0.0,0.0,0.0,0.0,0.0,0.0,0.0,0.0,1.0,0.0,0.0,0.0,9.0,4.0,0.0,0.0,0.0,0.0,0.0,0.0,0.0,0.0,5.0,12.0,1.0,12.17,5.01,2.51,1.49,0.0,0.0,0.0,1.0,0.0,0.9,0.5,1.0,-3.3000000000000003,0.0,0.0,3.4000000000000004,0.0,21.700000000000003,33.7,33.7,34.6,300.0,300.0,30.6,34.300000000000004,32.4,31.9,33.5,4.95,1.99,4.96,0.16,0.0,0.0,1027.0,8228.0,0.0,0.0,0.0,0.0,0.0,1.0,0.0,0.0,0.0,0.0,0.0,-1.1,0.0,1.1,0.0,0.0,16.0,25903.0
2026-07-30T18:58:43.546Z,93.029,93.042,0.0,7.4,0.0,0.0,0.0,0.0,0.0,0.0,0.0,0.0,1.0,0.0,0.0,0.0,9.0,4.0,0.0,0.0,0.0,0.0,0.0,0.0,0.0,0.0,6.0,12.0,1.0,12.17,5.01,2.51,1.49,0.0,0.0,0.0,0.9,0.0,-0.8,-1.2000000000000002,-1.2000000000000002,-3.3000000000000003,0.0,0.0,3.4000000000000004,0.0,21.700000000000003,33.7,33.7,34.6,300.0,300.0,30.6,34.300000000000004,32.4,31.9,33.5,4.95,1.99,4.97,0.16,0.0,0.0,1027.0,8228.0,0.0,0.0,0.0,0.0,0.0,1.0,0.0,0.0,0.0,0.0,0.0,2.0,0.0,-1.3,0.0,0.0,16.0,25903.0
2026-07-30T18:58:43.557Z,93.04,93.054,0.0,7.4,0.0,0.0,0.0,0.0,0.0,0.0,0.0,0.0,1.0,0.0,0.0,0.0,9.0,4.0,0.0,0.0,0.0,0.0,0.0,0.0,0.0,0.0,1.0,12.0,1.0,12.17,5.01,2.51,1.49,0.0,0.0,0.0,0.9,0.0,-0.2,0.0,-0.6000000000000001,-3.3000000000000003,0.0,0.0,3.4000000000000004,0.0,21.700000000000003,33.7,33.7,34.6,300.0,300.0,30.6,34.300000000000004,32.4,31.9,33.5,4.96,2.0,4.97,0.16,0.0,0.0,1027.0,8228.0,0.0,0.0,0.0,0.0,0.0,1.0,0.0,0.0,0.0,0.0,0.0,0.3,0.0,-0.6000000000000001,0.0,0.0,16.0,25903.0
2026-07-30T18:58:43.570Z,93.053,93.066,0.0,7.4,0.0,0.0,0.0,0.0,0.0,0.0,0.0,0.0,1.0,0.0,0.0,0.0,9.0,4.0,0.0,0.0,0.0,0.0,0.0,0.0,0.0,0.0,3.0,12.0,1.0,12.17,5.01,2.51,1.49,0.0,0.0,0.0,0.9,0.0,-0.8,0.5,0.5,-3.3000000000000003,0.0,0.0,3.4000000000000004,0.0,21.700000000000003,33.7,33.7,34.6,300.0,300.0,30.6,34.300000000000004,32.4,31.9,33.5,4.96,1.99,4.97,0.16,0.0,0.0,1027.0,8228.0,0.0,0.0,0.0,0.0,0.0,1.0,0.0,0.0,0.0,0.0,0.0,-0.9,0.0,0.5,0.0,0.0,16.0,25903.0
2026-07-30T18:58:43.581Z,93.064,93.078,0.0,7.4,0.0,0.0,0.0,0.0,0.0,0.0,0.0,0.0,1.0,0.0,0.0,0.0,9.0,4.0,0.0,0.0,0.0,0.0,0.0,0.0,0.0,0.0,4.0,12.0,1.0,12.17,5.01,2.51,1.49,0.0,0.0,0.0,0.9,0.0,0.8,0.0,0.0,-3.3000000000000003,0.0,0.0,3.4000000000000004,0.0,21.700000000000003,33.7,33.7,34.6,300.0,300.0,30.6,34.300000000000004,32.4,31.9,33.5,4.95,1.99,4.97,0.16,0.0,0.0,1027.0,8228.0,0.0,0.0,0.0,0.0,0.0,1.0,0.0,0.0,0.0,0.0,0.0,0.0,0.0,0.0,0.0,0.0,16.0,25903.0
2026-07-30T18:58:43.594Z,93.077,93.09,0.0,7.4,0.0,0.0,0.0,0.0,0.0,0.0,0.0,0.0,1.0,0.0,0.0,0.0,9.0,4.0,0.0,0.0,0.0,0.0,0.0,0.0,0.0,0.0,6.0,12.0,1.0,12.17,5.01,2.51,1.49,0.0,0.0,0.0,0.9,0.0,0.2,0.0,1.6,-3.3000000000000003,0.0,0.0,3.4000000000000004,0.0,21.700000000000003,33.7,33.7,34.6,300.0,300.0,30.6,34.300000000000004,32.4,31.9,33.5,4.96,1.99,4.96,0.16,0.0,0.0,1027.0,8228.0,0.0,0.0,0.0,0.0,0.0,1.0,0.0,0.0,0.0,0.0,0.0,-0.7000000000000001,0.0,1.6,0.0,0.0,16.0,25903.0
2026-07-30T18:58:43.606Z,93.089,93.102,0.0,7.4,0.0,0.0,0.0,0.0,0.0,0.0,0.0,0.0,1.0,0.0,0.0,0.0,9.0,4.0,0.0,0.0,0.0,0.0,0.0,0.0,0.0,0.0,1.0,12.0,1.0,12.17,5.01,2.51,1.49,0.0,0.0,0.0,0.9,0.0,0.8,-0.6000000000000001,-0.7000000000000001,-3.3000000000000003,0.0,0.0,3.4000000000000004,0.0,21.700000000000003,33.7,33.7,34.6,300.0,300.0,30.6,34.300000000000004,32.4,31.9,33.5,4.95,1.99,4.96,0.16,0.0,0.0,1027.0,8228.0,0.0,0.0,0.0,0.0,0.0,1.0,0.0,0.0,0.0,0.0,0.0,1.1,0.0,-0.8,0.0,0.0,16.0,25903.0
2026-07-30T18:58:43.618Z,93.101,93.114,0.0,7.4,0.0,0.0,0.0,0.0,0.0,0.0,0.0,0.0,1.0,0.0,0.0,0.0,9.0,4.0,0.0,0.0,0.0,0.0,0.0,0.0,0.0,0.0,2.0,12.0,1.0,12.17,5.01,2.51,1.49,0.0,0.0,0.0,0.9,0.0,-0.9,-0.6000000000000001,-1.3,-3.3000000000000003,0.0,0.0,3.4000000000000004,0.0,21.700000000000003,33.7,33.7,34.6,300.0,300.0,30.6,34.300000000000004,32.4,31.9,33.5,4.95,1.99,4.97,0.16,0.0,0.0,1027.0,8228.0,0.0,0.0,0.0,0.0,0.0,1.0,0.0,0.0,0.0,0.0,0.0,1.4,0.0,-1.4,0.0,0.0,16.0,25903.0
2026-07-30T18:58:43.631Z,93.114,93.126,0.0,7.4,0.0,0.0,0.0,0.0,0.0,0.0,0.0,0.0,1.0,0.0,0.0,0.0,9.0,4.0,0.0,0.0,0.0,0.0,0.0,0.0,0.0,0.0,4.0,12.0,1.0,12.17,5.0200000000000005,2.51,1.49,0.0,0.0,0.0,0.9,0.0,-0.3,0.0,-0.2,-3.3000000000000003,0.0,0.0,3.4000000000000004,0.0,21.700000000000003,33.7,33.7,34.6,300.0,300.0,30.6,34.300000000000004,32.4,31.9,33.5,4.95,1.99,4.97,0.16,0.0,0.0,1027.0,8228.0,0.0,0.0,0.0,0.0,0.0,1.0,0.0,0.0,0.0,0.0,0.0,0.2,0.0,-0.2,0.0,0.0,16.0,25903.0
2026-07-30T18:58:43.642Z,93.125,93.138,0.0,7.4,0.0,0.0,0.0,0.0,0.0,0.0,0.0,0.0,1.0,0.0,0.0,0.0,9.0,4.0,0.0,0.0,0.0,0.0,0.0,0.0,0.0,0.0,5.0,12.0,1.0,12.17,5.0200000000000005,2.51,1.49,0.0,0.0,0.0,0.9,0.0,0.2,-0.6000000000000001,-0.2,-3.3000000000000003,0.0,0.0,3.4000000000000004,0.0,21.700000000000003,33.7,33.7,34.6,300.0,300.0,30.6,34.300000000000004,32.4,31.9,33.5,4.96,1.99,4.96,0.16,0.0,0.0,1027.0,8228.0,0.0,0.0,0.0,0.0,0.0,1.0,0.0,0.0,0.0,0.0,0.0,0.8,0.0,-0.3,0.0,0.0,16.0,25903.0
2026-07-30T18:58:43.654Z,93.137,93.15,0.0,7.4,0.0,0.0,0.0,0.0,0.0,0.0,0.0,0.0,1.0,0.0,0.0,0.0,9.0,4.0,0.0,0.0,0.0,0.0,0.0,0.0,0.0,0.0,6.0,12.0,1.0,12.17,5.0200000000000005,2.51,1.49,0.0,0.0,0.0,0.9,0.0,-0.9,-0.6000000000000001,-0.2,-3.3000000000000003,0.0,0.0,3.4000000000000004,0.0,21.700000000000003,33.7,33.7,34.6,300.0,300.0,30.6,34.300000000000004,32.4,31.9,33.5,4.95,1.99,4.96,0.16,0.0,0.0,1027.0,8228.0,0.0,0.0,0.0,0.0,0.0,1.0,0.0,0.0,0.0,0.0,0.0,0.9,0.0,-0.3,0.0,0.0,16.0,25903.0
2026-07-30T18:58:43.675Z,93.158,93.162,0.0,7.4,0.0,0.0,0.0,0.0,0.0,0.0,0.0,0.0,1.0,0.0,0.0,0.0,9.0,4.0,0.0,0.0,0.0,0.0,0.0,0.0,0.0,0.0,1.0,12.0,1.0,12.17,5.0200000000000005,2.51,1.49,0.0,0.0,0.0,0.9,0.0,0.2,0.0,-0.9,-3.3000000000000003,0.0,0.0,3.4000000000000004,0.0,21.700000000000003,33.7,33.7,34.6,300.0,300.0,30.6,34.300000000000004,32.4,31.9,33.5,4.95,1.99,4.97,0.16,0.0,0.0,1027.0,8228.0,0.0,0.0,0.0,0.0,0.0,1.0,0.0,0.0,0.0,0.0,0.0,0.5,0.0,-0.9,0.0,0.0,16.0,25903.0
2026-07-30T18:58:43.678Z,93.161,93.174,0.0,7.4,0.0,0.0,0.0,0.0,0.0,0.0,0.0,0.0,1.0,0.0,0.0,0.0,9.0,4.0,0.0,0.0,0.0,0.0,0.0,0.0,0.0,0.0,6.0,12.0,1.0,12.17,5.0200000000000005,2.51,1.49,0.0,0.0,0.0,0.9,0.0,-0.9,-0.6000000000000001,-0.9,-3.3000000000000003,0.0,0.0,3.4000000000000004,0.0,21.700000000000003,33.7,33.7,34.6,300.0,300.0,30.6,34.300000000000004,32.4,31.9,33.5,4.96,2.0,4.97,0.16,0.0,0.0,1027.0,8228.0,0.0,0.0,0.0,0.0,0.0,1.0,0.0,0.0,0.0,0.0,0.0,1.2000000000000002,0.0,-0.9,0.0,0.0,16.0,25903.0
2026-07-30T18:58:43.690Z,93.173,93.186,0.0,7.4,0.0,0.0,0.0,0.0,0.0,0.0,0.0,0.0,1.0,0.0,0.0,0.0,9.0,4.0,0.0,0.0,0.0,0.0,0.0,0.0,0.0,0.0,5.0,12.0,1.0,12.17,5.0200000000000005,2.51,1.49,0.0,0.0,0.0,0.8,0.0,0.2,-0.1,-0.3,-3.3000000000000003,0.0,0.0,3.4000000000000004,0.0,21.700000000000003,33.7,33.7,34.6,300.0,300.0,30.6,34.300000000000004,32.4,31.9,33.5,4.95,2.0,4.96,0.16,0.0,0.0,1027.0,8228.0,0.0,0.0,0.0,0.0,0.0,1.0,0.0,0.0,0.0,0.0,0.0,0.2,0.0,-0.3,0.0,0.0,16.0,25903.0
2026-07-30T18:58:43.702Z,93.185,93.198,0.0,7.4,0.0,0.0,0.0,0.0,0.0,0.0,0.0,0.0,1.0,0.0,0.0,0.0,9.0,4.0,0.0,0.0,0.0,0.0,0.0,0.0,0.0,0.0,1.0,12.0,1.0,12.17,5.0200000000000005,2.51,1.49,0.0,0.0,0.0,0.9,0.0,-0.3,-1.3,-1.4,-3.3000000000000003,0.0,0.0,3.4000000000000004,0.0,21.700000000000003,33.7,33.7,34.6,300.0,300.0,30.6,34.300000000000004,32.4,31.9,33.5,4.95,1.99,4.97,0.16,0.0,0.0,1027.0,8228.0,0.0,0.0,0.0,0.0,0.0,1.0,0.0,0.0,0.0,0.0,0.0,2.3000000000000003,0.0,-1.6,0.0,0.0,16.0,25903.0
2026-07-30T18:58:43.713Z,93.196,93.21,0.0,7.4,0.0,0.0,0.0,0.0,0.0,0.0,0.0,0.0,1.0,0.0,0.0,0.0,9.0,4.0,0.0,0.0,0.0,0.0,0.0,0.0,0.0,0.0,2.0,12.0,1.0,12.17,5.0200000000000005,2.51,1.49,0.0,0.1,0.0,0.9,0.0,0.1,1.0,0.8,-3.3000000000000003,0.0,0.0,3.4000000000000004,0.0,21.700000000000003,33.7,33.7,34.6,300.0,300.0,30.6,34.300000000000004,32.4,31.9,33.5,4.95,1.99,4.96,0.16,0.0,0.0,1027.0,8228.0,0.0,0.0,0.0,0.0,0.0,1.0,0.0,0.0,0.0,0.0,0.0,-1.5,0.0,0.9,0.0,0.0,16.0,25903.0
2026-07-30T18:58:43.726Z,93.209,93.222,0.0,7.4,0.0,0.0,0.0,0.0,0.0,0.0,0.0,0.0,1.0,0.0,0.0,0.0,9.0,4.0,0.0,0.0,0.0,0.0,0.0,0.0,0.0,0.0,3.0,12.0,1.0,12.17,5.0200000000000005,2.51,1.49,0.0,0.1,0.0,0.8,0.0,0.1,-0.1,-0.3,-3.3000000000000003,0.0,0.0,3.4000000000000004,0.0,21.700000000000003,33.7,33.7,34.6,300.0,300.0,30.6,34.300000000000004,32.4,31.9,33.5,4.96,1.99,4.96,0.16,0.0,0.0,1027.0,8228.0,0.0,0.0,0.0,0.0,0.0,1.0,0.0,0.0,0.0,0.0,0.0,0.3,0.0,-0.3,0.0,0.0,16.0,25903.0
2026-07-30T18:58:43.738Z,93.221,93.234,0.0,7.4,0.0,0.0,0.0,0.0,0.0,0.0,0.0,0.0,1.0,0.0,0.0,0.0,9.0,4.0,0.0,0.0,0.0,0.0,0.0,0.0,0.0,0.0,4.0,12.0,1.0,12.17,5.0200000000000005,2.5,1.5,0.0,0.0,0.0,0.8,0.0,0.1,-1.3,-0.9,-3.3000000000000003,0.0,0.0,3.4000000000000004,0.0,21.4,33.7,33.7,34.6,300.0,300.0,30.6,34.300000000000004,32.4,31.9,33.5,4.95,1.99,4.97,0.16,0.0,0.0,1027.0,8228.0,0.0,0.0,0.0,0.0,0.0,1.0,0.0,0.0,0.0,0.0,0.0,2.0,0.0,-1.1,0.0,0.0,16.0,25903.0
2026-07-30T18:58:43.751Z,93.234,93.246,0.0,7.4,0.0,0.0,0.0,0.0,0.0,0.0,0.0,0.0,1.0,0.0,0.0,0.0,9.0,4.0,0.0,0.0,0.0,0.0,0.0,0.0,0.0,0.0,5.0,12.0,1.0,12.17,5.0200000000000005,2.5,1.5,0.0,0.0,0.0,0.9,0.0,-0.3,0.4,0.7000000000000001,-3.3000000000000003,0.0,0.0,3.4000000000000004,0.0,21.4,33.7,33.7,34.6,300.0,300.0,30.6,34.300000000000004,32.4,31.9,33.5,4.95,1.99,4.96,0.16,0.0,0.0,1027.0,8228.0,0.0,0.0,0.0,0.0,0.0,1.0,0.0,0.0,0.0,0.0,0.0,2.0,0.0,-1.1,0.0,0.0,16.0,25903.0
2026-07-30T18:58:43.762Z,93.245,93.258,0.0,7.4,0.0,0.0,0.0,0.0,0.0,0.0,0.0,0.0,1.0,0.0,0.0,0.0,9.0,4.0,0.0,0.0,0.0,0.0,0.0,0.0,0.0,0.0,6.0,12.0,1.0,12.17,5.0200000000000005,2.5,1.5,0.0,0.0,0.0,0.9,0.0,0.1,0.4,-0.4,-3.3000000000000003,0.0,0.0,3.4000000000000004,0.0,21.4,33.7,33.7,34.6,300.0,300.0,30.6,34.300000000000004,32.4,31.9,33.5,4.95,1.99,4.96,0.16,0.0,0.0,1027.0,8228.0,0.0,0.0,0.0,0.0,0.0,1.0,0.0,0.0,0.0,0.0,0.0,-0.3,0.0,-0.4,0.0,0.0001,16.0,25903.0
2026-07-30T18:58:43.774Z,93.257,93.27,0.0,7.4,0.0,0.0,0.0,0.0,0.0,0.0,0.0,0.0,1.0,0.0,0.0,0.0,9.0,4.0,0.0,0.0,0.0,0.0,0.0,0.0,0.0,0.0,1.0,12.0,1.0,12.17,5.0200000000000005,2.5,1.5,0.0,0.0,0.0,0.9,0.0,0.7000000000000001,-0.1,1.3,-3.3000000000000003,0.0,0.0,3.4000000000000004,0.0,21.4,33.7,33.7,34.6,300.0,300.0,30.6,34.300000000000004,32.4,31.9,33.5,4.95,1.99,4.96,0.16,0.0,0.0,1027.0,8228.0,0.0,0.0,0.0,0.0,0.0,1.0,0.0,0.0,0.0,0.0,0.0,0.0,0.0,-1.0,0.0,0.0001,16.0,25903.0
2026-07-30T18:58:43.786Z,93.269,93.282,-0.1,7.4,0.0,0.0,0.0,0.0,0.0,0.0,0.0,0.0,1.0,0.0,0.0,0.0,9.0,4.0,0.0,0.0,0.0,0.0,0.0,0.0,0.0,0.0,2.0,12.0,1.0,12.17,5.0200000000000005,2.5,1.5,0.0,0.0,0.0,0.8,0.0,-0.4,-0.7000000000000001,-0.4,-3.3000000000000003,0.0,0.0,3.4000000000000004,0.0,21.4,33.7,33.7,34.6,300.0,300.0,30.6,34.300000000000004,32.4,31.9,33.5,4.95,1.99,4.97,0.16,0.0,0.0,1027.0,8228.0,0.0,0.0,0.0,0.0,0.0,1.0,0.0,0.0,0.0,0.0,0.0,1.0,0.0,-0.5,0.0,0.0001,16.0,25903.0
2026-07-30T18:58:43.798Z,93.281,93.294,-0.1,7.4,0.0,0.0,0.0,0.0,0.0,0.0,0.0,0.0,1.0,0.0,0.0,0.0,9.0,4.0,0.0,0.0,0.0,0.0,0.0,0.0,0.0,0.0,3.0,12.0,1.0,12.17,5.0200000000000005,2.5,1.5,0.0,0.0,0.0,0.8,0.0,0.7000000000000001,-1.3,-2.2,-3.3000000000000003,0.0,0.0,3.4000000000000004,0.0,21.4,33.7,33.7,34.6,300.0,300.0,30.6,34.300000000000004,32.4,31.9,33.5,4.96,1.99,4.96,0.16,0.0,0.0,1027.0,8228.0,0.0,0.0,0.0,0.0,0.0,1.0,0.0,0.0,0.0,0.0,0.0,1.0,0.0,-0.5,0.0,0.0,16.0,25903.0
2026-07-30T18:58:43.810Z,93.293,93.306,-0.1,7.4,0.0,0.0,0.0,0.0,0.0,0.0,0.0,0.0,1.0,0.0,0.0,0.0,9.0,4.0,0.0,0.0,0.0,0.0,0.0,0.0,0.0,0.0,5.0,12.0,1.0,12.17,5.0200000000000005,2.5,1.5,0.0,0.0,0.0,0.8,0.0,-1.5,0.4,-0.3,-3.3000000000000003,0.0,0.0,3.4000000000000004,0.0,21.4,33.7,33.7,34.6,300.0,300.0,30.6,34.300000000000004,32.4,31.9,33.5,4.96,1.99,4.96,0.16,0.0,0.0,1027.0,8228.0,0.0,0.0,0.0,0.0,0.0,1.0,0.0,0.0,0.0,0.0,0.0,-0.3,0.0,-0.3,0.0,0.0001,16.0,25903.0
2026-07-30T18:58:43.822Z,93.305,93.318,0.0,7.4,0.0,0.0,0.0,0.0,0.0,0.0,0.0,0.0,1.0,0.0,0.0,0.0,9.0,4.0,0.0,0.0,0.0,0.0,0.0,0.0,0.0,0.0,6.0,12.0,1.0,12.17,5.0200000000000005,2.5,1.5,0.0,0.0,0.0,0.8,0.0,0.1,0.0,-0.3,-3.3000000000000003,0.0,0.0,3.4000000000000004,0.0,21.4,33.7,33.7,34.6,300.0,300.0,30.6,34.300000000000004,32.4,31.9,33.5,4.95,1.99,4.96,0.17,0.0,0.0,1027.0,8228.0,0.0,0.0,0.0,0.0,0.0,1.0,0.0,0.0,0.0,0.0,0.0,0.2,0.0,-0.4,0.0,0.0,16.0,25903.0
2026-07-30T18:58:43.834Z,93.317,93.33,0.0,7.4,0.0,0.0,0.0,0.0,0.0,0.0,0.0,0.0,1.0,0.0,0.0,0.0,9.0,4.0,0.0,0.0,0.0,0.0,0.0,0.0,0.0,0.0,1.0,12.0,1.0,12.18,5.0200000000000005,2.51,1.49,0.0,0.1,0.0,0.8,0.0,-0.3,-0.6000000000000001,0.8,-3.3000000000000003,0.0,0.0,3.4000000000000004,0.0,21.200000000000003,33.7,33.6,34.6,300.0,300.0,30.5,34.300000000000004,32.4,31.9,33.5,4.96,1.99,4.96,0.16,0.0,0.0,1027.0,8228.0,0.0,0.0,0.0,0.0,0.0,1.0,0.0,0.0,0.0,0.0,0.0,0.2,0.0,0.8,0.0,0.0,16.0,25903.0
2026-07-30T18:58:43.845Z,93.328,93.342,0.0,7.4,0.0,0.0,0.0,0.0,0.0,0.0,0.0,0.0,1.0,0.0,0.0,0.0,9.0,4.0,0.0,0.0,0.0,0.0,0.0,0.0,0.0,0.0,2.0,12.0,1.0,12.18,5.0200000000000005,2.51,1.49,0.0,0.0,0.0,0.9,0.0,0.2,-0.6000000000000001,-1.4,-3.3000000000000003,0.0,0.0,3.4000000000000004,0.0,21.200000000000003,33.7,33.6,34.6,300.0,300.0,30.5,34.300000000000004,32.4,31.9,33.5,4.95,1.99,4.96,0.16,0.0,0.0,1027.0,8228.0,0.0,0.0,0.0,0.0,0.0,1.0,0.0,0.0,0.0,0.0,0.0,0.0,0.0,1.4,0.0,0.0,16.0,25903.0
2026-07-30T18:58:43.858Z,93.341,93.354,0.0,7.4,0.0,0.0,0.0,0.0,0.0,0.0,0.0,0.0,1.0,0.0,0.0,0.0,9.0,4.0,0.0,0.0,0.0,0.0,0.0,0.0,0.0,0.0,3.0,12.0,1.0,12.18,5.0200000000000005,2.51,1.49,0.0,0.0,0.0,0.8,0.0,-0.8,1.1,0.2,-3.3000000000000003,0.0,0.0,3.4000000000000004,0.0,21.200000000000003,33.7,33.6,34.6,300.0,300.0,30.5,34.300000000000004,32.4,31.9,33.5,4.95,1.99,4.97,0.16,0.0,0.0,1027.0,8228.0,0.0,0.0,0.0,0.0,0.0,1.0,0.0,0.0,0.0,0.0,0.0,1.1,0.0,-1.0,0.0,0.0,16.0,25903.0
2026-07-30T18:58:43.870Z,93.353,93.366,0.0,7.4,0.0,0.0,0.0,0.0,0.0,0.0,0.0,0.0,1.0,0.0,0.0,0.0,9.0,4.0,0.0,0.0,0.0,0.0,0.0,0.0,0.0,0.0,3.0,12.0,1.0,12.18,5.0200000000000005,2.51,1.49,0.0,0.0,0.0,0.8,0.0,-0.3,0.5,-0.3,-3.3000000000000003,0.0,0.0,3.4000000000000004,0.0,21.200000000000003,33.7,33.6,34.6,300.0,300.0,30.5,34.300000000000004,32.4,31.9,33.5,4.95,1.99,4.97,0.16,0.0,0.0,1027.0,8228.0,0.0,0.0,0.0,0.0,0.0,1.0,0.0,0.0,0.0,0.0,0.0,-0.8,0.0,-0.8,0.0,0.0,16.0,25903.0
2026-07-30T18:58:43.882Z,93.365,93.378,0.0,7.4,0.0,0.0,0.0,0.0,0.0,0.0,0.0,0.0,1.0,0.0,0.0,0.0,9.0,4.0,0.0,0.0,0.0,0.0,0.0,0.0,0.0,0.0,4.0,12.0,1.0,12.18,5.0200000000000005,2.51,1.49,0.0,0.0,0.0,0.8,0.0,0.8,0.0,0.2,-3.3000000000000003,0.0,0.0,3.3000000000000003,0.0,21.200000000000003,33.7,33.6,34.6,300.0,300.0,30.5,34.300000000000004,32.4,31.9,33.5,4.96,1.99,4.96,0.16,0.0,0.0,1027.0,8228.0,0.0,0.0,0.0,0.0,0.0,1.0,0.0,0.0,0.0,0.0,0.0,-0.4,0.0,-0.3,0.0,0.0,16.0,25903.0
2026-07-30T18:58:43.894Z,93.377,93.39,0.0,7.4,0.0,0.0,0.0,0.0,0.0,0.0,0.0,0.0,1.0,0.0,0.0,0.0,9.0,4.0,0.0,0.0,0.0,0.0,0.0,0.0,0.0,0.0,6.0,12.0,1.0,12.18,5.0200000000000005,2.51,1.49,0.0,0.0,0.0,0.9,0.0,-0.3,-1.2000000000000002,-0.3,-3.3000000000000003,0.0,0.0,3.4000000000000004,0.0,21.200000000000003,33.7,33.6,34.6,300.0,300.0,30.5,34.300000000000004,32.4,31.9,33.5,4.95,2.0,4.97,0.16,0.0,0.0,1027.0,8228.0,0.0,0.0,0.0,0.0,0.0,1.0,0.0,0.0,0.0,0.0,0.0,-0.3,0.0,0.8,0.0,0.0001,16.0,25903.0
2026-07-30T18:58:43.906Z,93.389,93.402,0.0,7.4,0.0,0.0,0.0,0.0,0.0,0.0,0.0,0.0,1.0,0.0,0.0,0.0,9.0,4.0,0.0,0.0,0.0,0.0,0.0,0.0,0.0,0.0,1.0,12.0,1.0,12.18,5.0200000000000005,2.51,1.49,0.0,0.0,0.0,0.8,0.0,-0.2,0.5,-1.5,-3.3000000000000003,0.0,0.0,3.4000000000000004,0.0,21.200000000000003,33.7,33.6,34.6,300.0,300.0,30.5,34.300000000000004,32.4,31.9,33.5,4.95,1.99,4.96,0.16,0.0,0.0,1027.0,8228.0,0.0,0.0,0.0,0.0,0.0,1.0,0.0,0.0,0.0,0.0,0.0,-0.6000000000000001,0.0,1.4,0.0,0.0,16.0,25903.0
2026-07-30T18:58:43.918Z,93.401,93.414,0.0,7.4,0.0,0.0,0.0,0.0,0.0,0.0,0.0,0.0,1.0,0.0,0.0,0.0,9.0,4.0,0.0,0.0,0.0,0.0,0.0,0.0,0.0,0.0,2.0,12.0,1.0,12.18,5.0200000000000005,2.51,1.49,0.0,0.0,0.0,0.9,0.0,-0.2,1.1,-0.9,-3.3000000000000003,0.0,0.0,3.4000000000000004,0.0,21.200000000000003,33.7,33.6,34.6,300.0,300.0,30.5,34.300000000000004,32.4,31.9,33.5,4.95,2.0,4.96,0.16,0.0,0.0,1027.0,8228.0,0.0,0.0,0.0,0.0,0.0,1.0,0.0,0.0,0.0,0.0,0.0,-1.0,0.0,-0.3,0.0,0.0,16.0,25903.0
2026-07-30T18:58:43.930Z,93.413,93.426,0.0,7.4,0.0,0.0,0.0,0.0,0.0,0.0,0.0,0.0,1.0,0.0,0.0,0.0,9.0,4.0,0.0,0.0,0.0,0.0,0.0,0.0,0.0,0.0,3.0,12.0,1.0,12.18,5.0200000000000005,2.51,1.49,0.0,0.0,0.0,0.8,0.0,-0.8,-0.6000000000000001,-0.3,-3.3000000000000003,0.0,0.0,3.4000000000000004,0.0,21.200000000000003,33.7,33.6,34.6,300.0,300.0,30.5,34.300000000000004,32.4,31.9,33.5,4.95,2.0,4.96,0.16,0.0,0.0,1027.0,8228.0,0.0,0.0,0.0,0.0,0.0,1.0,0.0,0.0,0.0,0.0,0.0,0.2,0.0,-0.3,0.0,0.0,16.0,25903.0
2026-07-30T18:58:43.942Z,93.425,93.438,0.0,7.4,0.0,0.0,0.0,0.0,0.0,0.0,0.0,0.0,1.0,0.0,0.0,0.0,9.0,4.0,0.0,0.0,0.0,0.0,0.0,0.0,0.0,0.0,4.0,12.0,1.0,12.15,5.01,2.51,1.49,0.0,0.0,0.0,0.8,0.0,-0.2,-0.1,-0.3,-3.3000000000000003,0.0,0.0,3.4000000000000004,0.0,21.0,33.6,33.6,34.6,300.0,300.0,30.4,34.300000000000004,32.4,31.9,33.5,4.96,1.99,4.96,0.16,0.0,0.0,1027.0,8228.0,0.0,0.0,0.0,0.0,0.0,1.0,0.0,0.0,0.0,0.0,0.0,0.3,0.0,-0.3,0.0,0.0,16.0,25903.0
2026-07-30T18:58:43.954Z,93.437,93.45,0.0,7.4,0.0,0.0,0.0,0.0,0.0,0.0,0.0,0.0,1.0,0.0,0.0,0.0,9.0,4.0,0.0,0.0,0.0,0.0,0.0,0.0,0.0,0.0,5.0,12.0,1.0,12.15,5.01,2.51,1.49,0.0,0.0,0.0,0.8,0.0,0.3,-0.1,0.9,-3.3000000000000003,0.0,0.0,3.4000000000000004,0.0,21.0,33.6,33.6,34.6,300.0,300.0,30.4,34.300000000000004,32.4,31.9,33.5,4.96,1.99,4.96,0.16,0.0,0.0,1027.0,8228.0,0.0,0.0,0.0,0.0,0.0,1.0,0.0,0.0,0.0,0.0,0.0,-0.7000000000000001,0.0,-0.8,0.0,0.0,16.0,25903.0
2026-07-30T18:58:43.966Z,93.449,93.462,0.0,7.4,0.0,0.0,0.0,0.0,0.0,0.0,0.0,0.0,1.0,0.0,0.0,0.0,9.0,4.0,0.0,0.0,0.0,0.0,0.0,0.0,0.0,0.0,6.0,12.0,1.0,12.15,5.01,2.51,1.49,0.0,0.0,0.0,0.8,0.0,-0.2,0.0,-0.8,-3.3000000000000003,0.0,0.0,3.4000000000000004,0.0,21.0,33.6,33.6,34.6,300.0,300.0,30.4,34.300000000000004,32.4,31.9,33.5,4.96,1.99,4.96,0.16,0.0,0.0,1027.0,8228.0,0.0,0.0,0.0,0.0,0.0,1.0,0.0,0.0,0.0,0.0,0.0,0.2,0.0,-0.2,0.0,0.0,16.0,25903.0
2026-07-30T18:58:43.978Z,93.461,93.474,0.0,7.4,0.0,0.0,0.0,0.0,0.0,0.0,0.0,0.0,1.0,0.0,0.0,0.0,9.0,4.0,0.0,0.0,0.0,0.0,0.0,0.0,0.0,0.0,1.0,12.0,1.0,12.15,5.01,2.51,1.49,0.0,0.0,0.0,0.8,0.0,-0.8,-0.6000000000000001,-1.3,-3.3000000000000003,0.0,0.0,3.4000000000000004,0.0,21.0,33.6,33.6,34.6,300.0,300.0,30.4,34.300000000000004,32.4,31.9,33.5,4.95,1.99,4.97,0.16,0.0,0.0,1027.0,8228.0,0.0,0.0,0.0,0.0,0.0,1.0,0.0,0.0,0.0,0.0,0.0,1.4,0.0,-1.4,0.0,0.0001,16.0,25903.0
2026-07-30T18:58:43.996Z,93.479,93.486,0.0,7.4,0.0,0.0,0.0,0.0,0.0,0.0,0.0,0.0,1.0,0.0,0.0,0.0,9.0,4.0,0.0,0.0,0.0,0.0,0.0,0.0,0.0,0.0,2.0,12.0,1.0,12.15,5.01,2.51,1.49,0.0,0.0,0.0,0.8,0.0,0.3,-1.2000000000000002,-0.1,-3.3000000000000003,0.0,0.0,3.4000000000000004,0.0,21.0,33.6,33.6,34.6,300.0,300.0,30.4,34.300000000000004,32.4,31.9,33.5,4.96,2.0,4.96,0.16,0.0,0.0,1027.0,8228.0,0.0,0.0,0.0,0.0,0.0,1.0,0.0,0.0,0.0,0.0,0.0,1.5,0.0,-0.2,0.0,0.0,16.0,25903.0
2026-07-30T18:58:44.002Z,93.485,93.498,0.0,7.4,0.0,0.0,0.0,0.0,0.0,0.0,0.0,0.0,1.0,0.0,0.0,0.0,9.0,4.0,0.0,0.0,0.0,0.0,0.0,0.0,0.0,0.0,5.0,12.0,1.0,12.15,5.01,2.51,1.49,0.0,0.1,0.0,0.8,0.0,-0.7000000000000001,0.5,-0.1,-3.3000000000000003,0.0,0.0,3.4000000000000004,0.0,21.0,33.6,33.6,34.6,300.0,300.0,30.4,34.300000000000004,32.4,31.9,33.5,4.96,1.99,4.96,0.16,0.0,0.0,1027.0,8228.0,0.0,0.0,0.0,0.0,0.0,1.0,0.0,0.0,0.0,0.0,0.0,-0.5,0.0,-0.1,0.0,0.0,16.0,25903.0
2026-07-30T18:58:44.014Z,93.497,93.51,0.0,7.4,0.0,0.0,0.0,0.0,0.0,0.0,0.0,0.0,1.0,0.0,0.0,0.0,9.0,4.0,0.0,0.0,0.0,0.0,0.0,0.0,0.0,0.0,5.0,12.0,1.0,12.15,5.01,2.51,1.49,0.0,0.0,0.0,0.8,0.0,-0.1,1.1,0.4,-3.3000000000000003,0.0,0.0,3.4000000000000004,0.0,21.0,33.6,33.6,34.6,300.0,300.0,30.4,34.300000000000004,32.4,31.9,33.5,4.95,1.99,4.96,0.16,0.0,0.0,1027.0,8228.0,0.0,0.0,0.0,0.0,0.0,1.0,0.0,0.0,0.0,0.0,0.0,-1.5,0.0,0.4,0.0,0.0,16.0,25903.0
2026-07-30T18:58:44.026Z,93.509,93.522,0.0,7.4,0.0,0.0,0.0,0.0,0.0,0.0,0.0,0.0,1.0,0.0,0.0,0.0,9.0,4.0,0.0,0.0,0.0,0.0,0.0,0.0,0.0,0.0,6.0,12.0,1.0,12.15,5.01,2.51,1.49,0.0,0.0,0.0,0.8,0.0,-0.7000000000000001,-0.6000000000000001,0.3,-3.3000000000000003,0.0,0.0,3.4000000000000004,0.0,21.0,33.6,33.6,34.6,300.0,300.0,30.4,34.300000000000004,32.4,31.9,33.5,4.95,1.99,4.97,0.16,0.0,0.0,1027.0,8228.0,0.0,0.0,0.0,0.0,0.0,1.0,0.0,0.0,0.0,0.0,0.0,0.5,0.0,0.3,0.0,0.0,16.0,25903.0
2026-07-30T18:58:44.039Z,93.522,93.534,0.0,7.4,0.0,0.0,0.0,0.0,0.0,0.0,0.0,0.0,1.0,0.0,0.0,0.0,9.0,4.0,0.0,0.0,0.0,0.0,0.0,0.0,0.0,0.0,1.0,12.0,1.0,12.17,5.01,2.51,1.49,0.0,0.0,0.0,0.8,0.0,0.4,-1.7000000000000002,-1.3,-3.3000000000000003,0.0,0.0,3.4000000000000004,0.0,21.4,33.6,33.6,34.5,300.0,300.0,30.4,34.300000000000004,32.300000000000004,31.8,33.5,4.96,1.99,4.96,0.16,0.0,0.0,1027.0,8228.0,0.0,0.0,0.0,0.0,0.0,1.0,0.0,0.0,0.0,0.0,0.0,2.7,0.0,-1.5,0.0,0.0,16.0,25903.0
2026-07-30T18:58:44.050Z,93.533,93.546,0.0,7.4,0.0,0.0,0.0,0.0,0.0,0.0,0.0,0.0,1.0,0.0,0.0,0.0,9.0,4.0,0.0,0.0,0.0,0.0,0.0,0.0,0.0,0.0,2.0,12.0,1.0,12.17,5.01,2.51,1.49,0.0,0.0,0.0,0.8,0.0,0.4,0.5,0.9,-3.3000000000000003,0.0,0.0,3.4000000000000004,0.0,21.4,33.6,33.6,34.5,300.0,300.0,30.4,34.300000000000004,32.300000000000004,31.8,33.5,4.96,1.99,4.96,0.16,0.0,0.0,1027.0,8228.0,0.0,0.0,0.0,0.0,0.0,1.0,0.0,0.0,0.0,0.0,0.0,-1.1,0.0,0.9,0.0,0.0,16.0,25903.0
2026-07-30T18:58:44.062Z,93.545,93.558,0.0,7.4,0.0,0.0,0.0,0.0,0.0,0.0,0.0,0.0,1.0,0.0,0.0,0.0,9.0,4.0,0.0,0.0,0.0,0.0,0.0,0.0,0.0,0.0,4.0,12.0,1.0,12.17,5.01,2.51,1.49,0.0,0.0,0.0,0.8,0.0,-0.1,0.5,0.9,-3.3000000000000003,0.0,0.0,3.4000000000000004,0.0,21.4,33.6,33.6,34.5,300.0,300.0,30.4,34.300000000000004,32.300000000000004,31.8,33.5,4.95,1.99,4.96,0.16,0.0,0.0,1027.0,8228.0,0.0,0.0,0.0,0.0,0.0,1.0,0.0,0.0,0.0,0.0,0.0,-1.1,0.0,0.9,0.0,0.0,16.0,25903.0
2026-07-30T18:58:44.074Z,93.557,93.57,0.0,7.4,0.0,0.0,0.0,0.0,0.0,0.0,0.0,0.0,1.0,0.0,0.0,0.0,9.0,4.0,0.0,0.0,0.0,0.0,0.0,0.0,0.0,0.0,5.0,12.0,1.0,12.17,5.01,2.51,1.49,0.0,0.0,0.0,0.8,0.0,0.4,-0.5,-0.1,-3.3000000000000003,0.0,0.0,3.4000000000000004,0.0,21.4,33.6,33.6,34.5,300.0,300.0,30.4,34.300000000000004,32.300000000000004,31.8,33.5,4.96,1.99,4.96,0.16,0.0,0.0,1027.0,8228.0,0.0,0.0,0.0,0.0,0.0,1.0,0.0,0.0,0.0,0.0,0.0,0.7000000000000001,0.0,-0.2,0.0,0.0001,16.0,25903.0
2026-07-30T18:58:44.086Z,93.569,93.582,0.0,7.4,0.0,0.0,0.0,0.0,0.0,0.0,0.0,0.0,1.0,0.0,0.0,0.0,9.0,4.0,0.0,0.0,0.0,0.0,0.0,0.0,0.0,0.0,6.0,12.0,1.0,12.17,5.01,2.51,1.49,0.0,0.0,0.0,0.8,0.0,-0.1,0.0,0.3,-3.3000000000000003,0.0,0.0,3.4000000000000004,0.0,21.4,33.6,33.6,34.5,300.0,300.0,30.4,34.300000000000004,32.300000000000004,31.8,33.5,4.95,2.0,4.96,0.16,0.0,0.0,1027.0,8228.0,0.0,0.0,0.0,0.0,0.0,1.0,0.0,0.0,0.0,0.0,0.0,-0.1,0.0,0.4,0.0,0.0,16.0,25903.0
2026-07-30T18:58:44.098Z,93.581,93.594,0.0,7.4,0.0,0.0,0.0,0.0,0.0,0.0,0.0,0.0,1.0,0.0,0.0,0.0,9.0,4.0,0.0,0.0,0.0,0.0,0.0,0.0,0.0,0.0,1.0,12.0,1.0,12.17,5.01,2.51,1.49,0.0,0.0,0.0,0.8,0.0,0.4,0.5,0.9,-3.3000000000000003,0.0,0.0,3.4000000000000004,0.0,21.4,33.6,33.6,34.5,300.0,300.0,30.4,34.300000000000004,32.300000000000004,31.8,33.5,4.95,1.99,4.97,0.16,0.0,0.0,1027.0,8228.0,0.0,0.0,0.0,0.0,0.0,1.0,0.0,0.0,0.0,0.0,0.0,-1.2000000000000002,0.0,1.0,0.0,0.0,16.0,25903.0
2026-07-30T18:58:44.110Z,93.593,93.606,0.0,7.4,0.0,0.0,0.0,0.0,0.0,0.0,0.0,0.0,1.0,0.0,0.0,0.0,9.0,4.0,0.0,0.0,0.0,0.0,0.0,0.0,0.0,0.0,2.0,12.0,1.0,12.17,5.01,2.51,1.49,0.0,0.0,0.0,0.8,0.0,-1.3,-0.5,-1.3,-3.3000000000000003,0.0,0.0,3.3000000000000003,0.0,21.4,33.6,33.6,34.5,300.0,300.0,30.4,34.300000000000004,32.300000000000004,31.8,33.5,4.95,1.99,4.97,0.16,0.0,0.0,1027.0,8228.0,0.0,0.0,0.0,0.0,0.0,1.0,0.0,0.0,0.0,0.0,0.0,1.3,0.0,-1.4,0.0,0.0,16.0,25903.0
2026-07-30T18:58:44.122Z,93.605,93.618,0.0,7.4,0.0,0.0,0.0,0.0,0.0,0.0,0.0,0.0,1.0,0.0,0.0,0.0,9.0,4.0,0.0,0.0,0.0,0.0,0.0,0.0,0.0,0.0,4.0,12.0,1.0,12.17,5.01,2.51,1.49,0.0,0.1,0.0,0.8,0.0,0.4,-0.5,0.9,-3.3000000000000003,0.0,0.0,3.4000000000000004,0.0,21.4,33.6,33.6,34.5,300.0,300.0,30.4,34.300000000000004,32.300000000000004,31.8,33.5,4.96,1.99,4.96,0.16,0.0,0.0,1027.0,8228.0,0.0,0.0,0.0,0.0,0.0,1.0,0.0,0.0,0.0,0.0,0.0,0.1,0.0,0.9,0.0,0.0001,16.0,25903.0
2026-07-30T18:58:44.134Z,93.617,93.63,0.0,7.4,0.0,0.0,0.0,0.0,0.0,0.0,0.0,0.0,1.0,0.0,0.0,0.0,9.0,4.0,0.0,0.0,0.0,0.0,0.0,0.0,0.0,0.0,5.0,12.0,1.0,12.17,5.01,2.51,1.49,0.0,0.0,0.0,0.8,0.0,-0.1,-0.5,-0.1,-3.3000000000000003,0.0,0.0,3.4000000000000004,0.0,21.4,33.6,33.6,34.5,300.0,300.0,30.4,34.300000000000004,32.300000000000004,31.8,33.5,4.95,1.99,4.97,0.16,0.0,0.0,1027.0,8228.0,0.0,0.0,0.0,0.0,0.0,1.0,0.0,0.0,0.0,0.0,0.0,0.7000000000000001,0.0,-0.2,0.0,0.0,16.0,25903.0
2026-07-30T18:58:44.146Z,93.629,93.642,0.0,7.4,0.0,0.0,0.0,0.0,0.0,0.0,0.0,0.0,1.0,0.0,0.0,0.0,9.0,4.0,0.0,0.0,0.0,0.0,0.0,0.0,0.0,0.0,6.0,12.0,1.0,12.1,5.0,2.51,1.5,0.0,0.0,0.0,0.8,0.0,-0.1,0.6000000000000001,-1.3,-3.3000000000000003,0.0,0.0,3.4000000000000004,0.0,21.4,33.6,33.6,34.5,300.0,300.0,30.3,34.300000000000004,32.300000000000004,31.8,33.5,4.95,1.98,4.97,0.16,0.0,0.0,1027.0,8228.0,0.0,0.0,0.0,0.0,0.0,1.0,0.0,0.0,0.0,0.0,0.0,0.0,0.0,-1.3,0.0,0.0,16.0,25903.0
2026-07-30T18:58:44.158Z,93.641,93.654,0.0,7.4,0.0,0.0,0.0,0.0,0.0,0.0,0.0,0.0,1.0,0.0,0.0,0.0,9.0,4.0,0.0,0.0,0.0,0.0,0.0,0.0,0.0,0.0,2.0,12.0,1.0,12.1,5.0,2.51,1.5,0.0,0.0,0.0,0.8,0.0,0.4,1.2000000000000002,1.5,-3.3000000000000003,0.0,0.0,3.4000000000000004,0.0,21.4,33.6,33.6,34.5,300.0,300.0,30.3,34.300000000000004,32.300000000000004,31.8,33.5,4.96,2.0,4.97,0.16,0.0,0.0,1027.0,8228.0,0.0,0.0,0.0,0.0,0.0,1.0,0.0,0.0,0.0,0.0,0.0,-2.1,0.0,1.6,0.0,0.0,16.0,25903.0
2026-07-30T18:58:44.170Z,93.653,93.666,0.0,7.4,0.0,0.0,0.0,0.0,0.0,0.0,0.0,0.0,1.0,0.0,0.0,0.0,9.0,4.0,0.0,0.0,0.0,0.0,0.0,0.0,0.0,0.0,3.0,12.0,1.0,12.1,5.0,2.51,1.5,0.0,0.0,0.0,0.8,0.0,-0.1,0.6000000000000001,-0.2,-3.3000000000000003,0.0,0.0,3.4000000000000004,0.0,21.4,33.6,33.6,34.5,300.0,300.0,30.3,34.300000000000004,32.300000000000004,31.8,33.5,4.95,2.0,4.96,0.16,0.0,0.0,1027.0,8228.0,0.0,0.0,0.0,0.0,0.0,1.0,0.0,0.0,0.0,0.0,0.0,-0.6000000000000001,0.0,-0.2,0.0,0.0,16.0,25903.0
2026-07-30T18:58:44.182Z,93.665,93.678,0.0,7.4,0.0,0.0,0.0,0.0,0.0,0.0,0.0,0.0,1.0,0.0,0.0,0.0,9.0,4.0,0.0,0.0,0.0,0.0,0.0,0.0,0.0,0.0,4.0,12.0,1.0,12.1,5.0,2.51,1.5,0.0,0.0,0.0,0.7000000000000001,0.0,-0.1,-1.1,0.3,-3.3000000000000003,0.0,0.0,3.3000000000000003,0.0,21.4,33.6,33.6,34.5,300.0,300.0,30.3,34.300000000000004,32.300000000000004,31.8,33.5,4.95,2.0,4.97,0.16,0.0,0.0,1027.0,8228.0,0.0,0.0,0.0,0.0,0.0,1.0,0.0,0.0,0.0,0.0,0.0,1.1,0.0,0.3,0.0,0.0,16.0,25903.0
2026-07-30T18:58:44.194Z,93.677,93.69,0.0,7.4,0.0,0.0,0.0,0.0,0.0,0.0,0.0,0.0,1.0,0.0,0.0,0.0,9.0,4.0,0.0,0.0,0.0,0.0,0.0,0.0,0.0,0.0,5.0,12.0,1.0,12.1,5.0,2.51,1.5,0.0,0.0,0.0,0.8,0.0,0.4,1.1,1.5,-3.3000000000000003,0.0,0.0,3.4000000000000004,0.0,21.4,33.6,33.6,34.5,300.0,300.0,30.3,34.300000000000004,32.300000000000004,31.8,33.5,4.95,1.99,4.96,0.16,0.0,0.0,1027.0,8228.0,0.0,0.0,0.0,0.0,0.0,1.0,0.0,0.0,0.0,0.0,0.0,-2.1,0.0,1.6,0.0,0.0,16.0,25903.0
2026-07-30T18:58:44.206Z,93.689,93.702,0.0,7.4,0.0,0.0,0.0,0.0,0.0,0.0,0.0,0.0,1.0,0.0,0.0,0.0,9.0,4.0,0.0,0.0,0.0,0.0,0.0,0.0,0.0,0.0,6.0,12.0,1.0,12.1,5.0,2.51,1.5,0.0,0.0,0.0,0.8,0.0,-0.1,0.0,0.4,-3.3000000000000003,0.0,0.0,3.4000000000000004,0.0,21.4,33.6,33.6,34.5,300.0,300.0,30.3,34.300000000000004,32.300000000000004,31.8,33.5,4.96,1.99,4.96,0.16,0.0,0.0,1027.0,8228.0,0.0,0.0,0.0,0.0,0.0,1.0,0.0,0.0,0.0,0.0,0.0,-0.2,0.0,0.4,0.0,0.0,16.0,25903.0
2026-07-30T18:58:44.218Z,93.701,93.714,0.0,7.4,0.0,0.0,0.0,0.0,0.0,0.0,0.0,0.0,1.0,0.0,0.0,0.0,9.0,4.0,0.0,0.0,0.0,0.0,0.0,0.0,0.0,0.0,1.0,12.0,1.0,12.1,5.0,2.51,1.5,0.0,0.0,0.0,0.8,0.0,-0.1,-0.6000000000000001,-0.1,-3.3000000000000003,0.0,0.0,3.4000000000000004,0.0,21.4,33.6,33.6,34.5,300.0,300.0,30.3,34.300000000000004,32.300000000000004,31.8,33.5,4.95,1.99,4.97,0.16,0.0,0.0,1027.0,8228.0,0.0,0.0,0.0,0.0,0.0,1.0,0.0,0.0,0.0,0.0,0.0,0.8,0.0,-0.2,0.0,0.0,16.0,25903.0
2026-07-30T18:58:44.230Z,93.713,93.726,0.0,7.4,0.0,0.0,0.0,0.0,0.0,0.0,0.0,0.0,1.0,0.0,0.0,0.0,9.0,4.0,0.0,0.0,0.0,0.0,0.0,0.0,0.0,0.0,2.0,12.0,1.0,12.1,5.0,2.51,1.5,0.0,0.0,0.0,0.7000000000000001,0.0,-0.1,0.0,-1.3,-3.3000000000000003,0.0,0.0,3.4000000000000004,0.0,21.4,33.6,33.6,34.5,300.0,300.0,30.3,34.300000000000004,32.300000000000004,31.8,33.5,4.96,1.99,4.96,0.16,0.0,0.0,1027.0,8228.0,0.0,0.0,0.0,0.0,0.0,1.0,0.0,0.0,0.0,0.0,0.0,0.7000000000000001,0.0,-1.3,0.0,0.0,16.0,25903.0
2026-07-30T18:58:44.242Z,93.725,93.738,0.0,7.4,0.0,0.0,0.0,0.0,0.0,0.0,0.0,0.0,1.0,0.0,0.0,0.0,9.0,4.0,0.0,0.0,0.0,0.0,0.0,0.0,0.0,0.0,3.0,12.0,1.0,12.15,5.0200000000000005,2.51,1.49,0.0,0.1,0.0,0.8,0.0,-0.2,-0.6000000000000001,0.4,-3.3000000000000003,0.0,0.0,3.4000000000000004,0.0,21.700000000000003,33.6,33.6,34.5,300.0,300.0,30.3,34.300000000000004,32.300000000000004,31.8,33.5,4.96,1.99,4.97,0.16,0.0,0.0,1027.0,8228.0,0.0,0.0,0.0,0.0,0.0,1.0,0.0,0.0,0.0,0.0,0.0,0.4,0.0,0.4,0.0,0.0,16.0,25903.0
2026-07-30T18:58:44.254Z,93.737,93.75,0.0,7.4,0.0,0.0,0.0,0.0,0.0,0.0,0.0,0.0,1.0,0.0,0.0,0.0,9.0,4.0,0.0,0.0,0.0,0.0,0.0,0.0,0.0,0.0,5.0,12.0,1.0,12.15,5.0200000000000005,2.51,1.49,0.0,0.0,0.0,0.8,0.0,0.3,-0.6000000000000001,-0.7000000000000001,-3.3000000000000003,0.0,0.0,3.4000000000000004,0.0,21.700000000000003,33.6,33.6,34.5,300.0,300.0,30.3,34.300000000000004,32.300000000000004,31.8,33.5,4.95,1.99,4.97,0.16,0.0,0.0,1027.0,8228.0,0.0,0.0,0.0,0.0,0.0,1.0,0.0,0.0,0.0,0.0,0.0,1.0,0.0,-0.7000000000000001,0.0,0.0,16.0,25903.0
2026-07-30T18:58:44.266Z,93.749,93.762,0.0,7.4,0.0,0.0,0.0,0.0,0.0,0.0,0.0,0.0,1.0,0.0,0.0,0.0,9.0,4.0,0.0,0.0,0.0,0.0,0.0,0.0,0.0,0.0,6.0,12.0,1.0,12.15,5.0200000000000005,2.51,1.49,0.0,0.0,0.0,0.8,0.0,0.4,1.1,1.0,-3.3000000000000003,0.0,0.0,3.4000000000000004,0.0,21.700000000000003,33.6,33.6,34.5,300.0,300.0,30.3,34.300000000000004,32.300000000000004,31.8,33.5,4.95,1.99,4.97,0.16,0.0,0.0,1027.0,8228.0,0.0,0.0,0.0,0.0,0.0,1.0,0.0,0.0,0.0,0.0,0.0,-0.6000000000000001,0.0,-0.1,0.0,0.0,16.0,25903.0
2026-07-30T18:58:44.278Z,93.761,93.774,0.0,7.4,0.0,0.0,0.0,0.0,0.0,0.0,0.0,0.0,1.0,0.0,0.0,0.0,9.0,4.0,0.0,0.0,0.0,0.0,0.0,0.0,0.0,0.0,1.0,12.0,1.0,12.15,5.0200000000000005,2.51,1.49,0.0,0.0,0.0,0.8,0.0,0.3,-0.5,-0.7000000000000001,-3.3000000000000003,0.0,0.0,3.4000000000000004,0.0,21.700000000000003,33.6,33.6,34.5,300.0,300.0,30.3,34.300000000000004,32.300000000000004,31.8,33.5,4.96,1.99,4.96,0.16,0.0,0.0,1027.0,8228.0,0.0,0.0,0.0,0.0,0.0,1.0,0.0,0.0,0.0,0.0,0.0,1.3,0.0,-0.2,0.0,0.0,16.0,25903.0
2026-07-30T18:58:44.290Z,93.773,93.786,0.0,7.4,0.0,0.0,0.0,0.0,0.0,0.0,0.0,0.0,1.0,0.0,0.0,0.0,9.0,4.0,0.0,0.0,0.0,0.0,0.0,0.0,0.0,0.0,1.0,12.0,1.0,12.15,5.0200000000000005,2.51,1.49,0.0,0.0,0.0,0.8,0.0,-0.2,0.0,-0.1,-3.3000000000000003,0.0,0.0,3.4000000000000004,0.0,21.700000000000003,33.6,33.6,34.5,300.0,300.0,30.3,34.300000000000004,32.300000000000004,31.8,33.5,4.96,1.99,4.97,0.16,0.0,0.0,1027.0,8228.0,0.0,0.0,0.0,0.0,0.0,1.0,0.0,0.0,0.0,0.0,0.0,0.3,0.0,-0.7000000000000001,0.0,0.0,16.0,25903.0
2026-07-30T18:58:44.312Z,93.795,93.798,0.0,7.4,0.0,0.0,0.0,0.0,0.0,0.0,0.0,0.0,1.0,0.0,0.0,0.0,9.0,4.0,0.0,0.0,0.0,0.0,0.0,0.0,0.0,0.0,2.0,12.0,1.0,12.15,5.0200000000000005,2.51,1.49,0.0,0.0,0.0,0.8,0.0,-0.1,0.0,-0.1,-3.3000000000000003,0.0,0.0,3.4000000000000004,0.0,21.700000000000003,33.6,33.6,34.5,300.0,300.0,30.3,34.300000000000004,32.300000000000004,31.8,33.5,4.95,1.99,4.97,0.16,0.0,0.0,1027.0,8228.0,0.0,0.0,0.0,0.0,0.0,1.0,0.0,0.0,0.0,0.0,0.0,0.0,0.0,-0.1,0.0,0.0,16.0,25903.0
2026-07-30T18:58:44.316Z,93.799,93.81,0.0,7.4,0.0,0.0,0.0,0.0,0.0,0.0,0.0,0.0,1.0,0.0,0.0,0.0,9.0,4.0,0.0,0.0,0.0,0.0,0.0,0.0,0.0,0.0,2.0,12.0,1.0,12.15,5.0200000000000005,2.51,1.49,0.0,0.0,0.0,0.7000000000000001,0.0,0.4,-0.5,1.0,-3.3000000000000003,0.0,0.0,3.4000000000000004,0.0,21.700000000000003,33.6,33.6,34.5,300.0,300.0,30.3,34.300000000000004,32.300000000000004,31.8,33.5,4.96,1.99,4.96,0.16,0.0,0.0,1027.0,8228.0,0.0,0.0,0.0,0.0,0.0,1.0,0.0,0.0,0.0,0.0,0.0,0.0,0.0,1.0,0.0,0.0,16.0,25903.0
2026-07-30T18:58:44.326Z,93.809,93.822,0.0,7.4,0.0,0.0,0.0,0.0,0.0,0.0,0.0,0.0,1.0,0.0,0.0,0.0,9.0,4.0,0.0,0.0,0.0,0.0,0.0,0.0,0.0,0.0,1.0,12.0,1.0,12.15,5.0200000000000005,2.51,1.49,0.0,0.0,0.0,0.7000000000000001,0.0,-0.1,-1.1,-0.1,-3.3000000000000003,0.0,0.0,3.4000000000000004,0.0,21.700000000000003,33.6,33.6,34.5,300.0,300.0,30.3,34.300000000000004,32.300000000000004,31.8,33.5,4.95,2.0,4.96,0.16,0.0,0.0,1027.0,8228.0,0.0,0.0,0.0,0.0,0.0,1.0,0.0,0.0,0.0,0.0,0.0,1.3,0.0,-0.2,0.0,0.0,16.0,25903.0
2026-07-30T18:58:44.338Z,93.821,93.834,0.0,7.4,0.0,0.0,0.0,0.0,0.0,0.0,0.0,0.0,1.0,0.0,0.0,0.0,9.0,4.0,0.0,0.0,0.0,0.0,0.0,0.0,0.0,0.0,2.0,12.0,1.0,12.15,5.0200000000000005,2.51,1.49,0.0,0.0,0.0,0.7000000000000001,0.0,-0.2,0.6000000000000001,-1.3,-3.3000000000000003,0.0,0.0,3.4000000000000004,0.0,21.700000000000003,33.6,33.6,34.5,300.0,300.0,30.3,34.300000000000004,32.300000000000004,31.8,33.5,4.95,1.99,4.97,0.16,0.0,0.0,1027.0,8228.0,0.0,0.0,0.0,0.0,0.0,1.0,0.0,0.0,0.0,0.0,0.0,-1.2000000000000002,0.0,1.0,0.0,0.0,16.0,25903.0
2026-07-30T18:58:44.350Z,93.833,93.846,0.0,7.4,0.0,0.0,0.0,0.0,0.0,0.0,0.0,0.0,1.0,0.0,0.0,0.0,9.0,4.0,0.0,0.0,0.0,0.0,0.0,0.0,0.0,0.0,3.0,12.0,1.0,12.17,5.0200000000000005,2.51,1.49,0.0,0.0,0.0,0.8,0.0,-0.2,-0.5,-1.2000000000000002,-3.3000000000000003,0.0,0.0,3.4000000000000004,0.0,21.200000000000003,33.6,33.6,34.5,300.0,300.0,30.4,34.300000000000004,32.300000000000004,31.8,33.5,4.95,1.99,4.97,0.16,0.0,0.0,1027.0,8228.0,0.0,0.0,0.0,0.0,0.0,1.0,0.0,0.0,0.0,0.0,0.0,1.3,0.0,-1.3,0.0,0.0,16.0,25903.0
2026-07-30T18:58:44.362Z,93.845,93.858,0.0,7.4,0.0,0.0,0.0,0.0,0.0,0.0,0.0,0.0,1.0,0.0,0.0,0.0,9.0,4.0,0.0,0.0,0.0,0.0,0.0,0.0,0.0,0.0,4.0,12.0,1.0,12.17,5.0200000000000005,2.51,1.49,0.0,0.1,0.0,0.8,0.0,-0.2,-0.5,0.4,-3.3000000000000003,0.0,0.0,3.4000000000000004,0.0,21.200000000000003,33.6,33.6,34.5,300.0,300.0,30.4,34.300000000000004,32.300000000000004,31.8,33.5,4.96,1.99,4.96,0.16,0.0,0.0,1027.0,8228.0,0.0,0.0,0.0,0.0,0.0,1.0,0.0,0.0,0.0,0.0,0.0,0.4,0.0,0.4,0.0,0.0,16.0,25903.0
2026-07-30T18:58:44.374Z,93.857,93.87,0.0,7.4,0.0,0.0,0.0,0.0,0.0,0.0,0.0,0.0,1.0,0.0,0.0,0.0,9.0,4.0,0.0,0.0,0.0,0.0,0.0,0.0,0.0,0.0,5.0,12.0,1.0,12.17,5.0200000000000005,2.51,1.49,0.0,0.0,0.0,0.8,0.0,0.3,-1.1,-0.7000000000000001,-3.3000000000000003,0.0,0.0,3.4000000000000004,0.0,21.200000000000003,33.6,33.6,34.5,300.0,300.0,30.4,34.300000000000004,32.300000000000004,31.8,33.5,4.95,1.99,4.97,0.16,0.0,0.0,1027.0,8228.0,0.0,0.0,0.0,0.0,0.0,1.0,0.0,0.0,0.0,0.0,0.0,0.1,0.0,1.0,0.0,0.0,16.0,25903.0
2026-07-30T18:58:44.386Z,93.869,93.882,0.0,7.4,0.0,0.0,0.0,0.0,0.0,0.0,0.0,0.0,1.0,0.0,0.0,0.0,9.0,4.0,0.0,0.0,0.0,0.0,0.0,0.0,0.0,0.0,6.0,12.0,1.0,12.17,5.0200000000000005,2.51,1.49,0.0,0.1,0.0,0.7000000000000001,0.0,-0.2,0.0,-0.1,-3.3000000000000003,0.0,0.0,3.4000000000000004,0.0,21.200000000000003,33.6,33.6,34.5,300.0,300.0,30.4,34.300000000000004,32.300000000000004,31.8,33.5,4.95,1.99,4.97,0.16,0.0,0.0,1027.0,8228.0,0.0,0.0,0.0,0.0,0.0,1.0,0.0,0.0,0.0,0.0,0.0,0.0,0.0,-0.1,0.0,0.0,16.0,25903.0
2026-07-30T18:58:44.398Z,93.881,93.894,0.0,7.4,0.0,0.0,0.0,0.0,0.0,0.0,0.0,0.0,1.0,0.0,0.0,0.0,9.0,4.0,0.0,0.0,0.0,0.0,0.0,0.0,0.0,0.0,2.0,12.0,1.0,12.17,5.0200000000000005,2.51,1.49,0.0,0.0,0.0,0.8,0.0,-0.8,0.5,-0.1,-3.3000000000000003,0.0,0.0,3.4000000000000004,0.0,21.200000000000003,33.6,33.6,34.5,300.0,300.0,30.4,34.300000000000004,32.300000000000004,31.8,33.5,4.96,2.0,4.97,0.16,0.0,0.0,1027.0,8228.0,0.0,0.0,0.0,0.0,0.0,1.0,0.0,0.0,0.0,0.0,0.0,-0.5,0.0,-0.1,0.0,0.0,16.0,25903.0
2026-07-30T18:58:44.410Z,93.893,93.906,0.0,7.4,0.0,0.0,0.0,0.0,0.0,0.0,0.0,0.0,1.0,0.0,0.0,0.0,9.0,4.0,0.0,0.0,0.0,0.0,0.0,0.0,0.0,0.0,3.0,12.0,1.0,12.17,5.0200000000000005,2.51,1.49,0.0,0.0,0.0,0.8,0.0,-0.8,-1.2000000000000002,-1.3,-3.3000000000000003,0.0,0.0,3.4000000000000004,0.0,21.200000000000003,33.6,33.6,34.5,300.0,300.0,30.4,34.300000000000004,32.300000000000004,31.8,33.5,4.95,2.0,4.97,0.16,0.0,0.0,1027.0,8228.0,0.0,0.0,0.0,0.0,0.0,1.0,0.0,0.0,0.0,0.0,0.0,2.1,0.0,-1.4,0.0,0.0,16.0,25903.0
2026-07-30T18:58:44.422Z,93.905,93.918,0.0,7.4,0.0,0.0,0.0,0.0,0.0,0.0,0.0,0.0,1.0,0.0,0.0,0.0,9.0,4.0,0.0,0.0,0.0,0.0,0.0,0.0,0.0,0.0,4.0,12.0,1.0,12.17,5.0200000000000005,2.51,1.49,0.0,0.0,0.0,0.7000000000000001,0.0,-0.2,-0.6000000000000001,-0.7000000000000001,-3.3000000000000003,0.0,0.0,3.4000000000000004,0.0,21.200000000000003,33.6,33.6,34.5,300.0,300.0,30.4,34.300000000000004,32.300000000000004,31.8,33.5,4.95,1.99,4.97,0.16,0.0,0.0,1027.0,8228.0,0.0,0.0,0.0,0.0,0.0,1.0,0.0,0.0,0.0,0.0,0.0,1.1,0.0,-0.8,0.0,0.0,16.0,25903.0
2026-07-30T18:58:44.434Z,93.917,93.93,0.0,7.4,0.0,0.0,0.0,0.0,0.0,0.0,0.0,0.0,1.0,0.0,0.0,0.0,9.0,4.0,0.0,0.0,0.0,0.0,0.0,0.0,0.0,0.0,5.0,12.0,1.0,12.17,5.0200000000000005,2.51,1.49,0.0,0.0,0.0,0.8,0.0,-0.1,1.7000000000000002,2.2,-3.3000000000000003,0.0,0.0,3.4000000000000004,0.0,21.200000000000003,33.6,33.6,34.5,300.0,300.0,30.4,34.300000000000004,32.300000000000004,31.8,33.5,4.95,1.99,4.96,0.16,0.0,0.0,1027.0,8228.0,0.0,0.0,0.0,0.0,0.0,1.0,0.0,0.0,0.0,0.0,0.0,-3.1,0.0,2.4000000000000004,0.0,0.0,16.0,25903.0
2026-07-30T18:58:44.446Z,93.929,93.942,0.0,7.4,0.0,0.0,0.0,0.0,0.0,0.0,0.0,0.0,1.0,0.0,0.0,0.0,9.0,4.0,0.0,0.0,0.0,0.0,0.0,0.0,0.0,0.0,6.0,12.0,1.0,12.14,5.01,2.51,1.49,0.0,0.0,0.0,0.7000000000000001,0.0,1.0,0.5,1.0,-3.3000000000000003,0.0,0.0,3.4000000000000004,0.0,21.700000000000003,33.6,33.6,34.5,300.0,300.0,30.5,34.300000000000004,32.300000000000004,31.8,33.5,4.95,1.99,4.96,0.16,0.0,0.0,1027.0,8228.0,0.0,0.0,0.0,0.0,0.0,1.0,0.0,0.0,0.0,0.0,0.0,-1.1,0.0,1.0,0.0,0.0,16.0,25903.0
2026-07-30T18:58:44.458Z,93.941,93.954,0.0,7.4,0.0,0.0,0.0,0.0,0.0,0.0,0.0,0.0,1.0,0.0,0.0,0.0,9.0,4.0,0.0,0.0,0.0,0.0,0.0,0.0,0.0,0.0,1.0,12.0,1.0,12.14,5.01,2.51,1.49,0.0,0.0,0.0,0.7000000000000001,0.0,-0.1,0.5,-0.7000000000000001,-3.3000000000000003,0.0,0.0,3.4000000000000004,0.0,21.700000000000003,33.6,33.6,34.5,300.0,300.0,30.5,34.300000000000004,32.300000000000004,31.8,33.5,4.95,1.99,4.97,0.16,0.0,0.0,1027.0,8228.0,0.0,0.0,0.0,0.0,0.0,1.0,0.0,0.0,0.0,0.0,0.0,-0.4,0.0,1.0,0.0,0.0,16.0,25903.0
2026-07-30T18:58:44.470Z,93.953,93.966,0.0,7.4,0.0,0.0,0.0,0.0,0.0,0.0,0.0,0.0,1.0,0.0,0.0,0.0,9.0,4.0,0.0,0.0,0.0,0.0,0.0,0.0,0.0,0.0,2.0,12.0,1.0,12.14,5.01,2.51,1.49,0.0,0.0,0.0,0.7000000000000001,0.0,-0.1,0.0,-0.1,-3.3000000000000003,0.0,0.0,3.3000000000000003,0.0,21.700000000000003,33.6,33.6,34.5,300.0,300.0,30.5,34.300000000000004,32.300000000000004,31.8,33.5,4.95,1.99,4.97,0.16,0.0,0.0,1027.0,8228.0,0.0,0.0,0.0,0.0,0.0,1.0,0.0,0.0,0.0,0.0,0.0,-1.5,0.0,0.5,0.0,0.0,16.0,25903.0
2026-07-30T18:58:44.481Z,93.964,93.978,0.0,7.4,0.0,0.0,0.0,0.0,0.0,0.0,0.0,0.0,1.0,0.0,0.0,0.0,9.0,4.0,0.0,0.0,0.0,0.0,0.0,0.0,0.0,0.0,3.0,12.0,1.0,12.14,5.01,2.51,1.49,0.0,0.0,0.0,0.7000000000000001,0.0,0.9,1.7000000000000002,0.4,-3.3000000000000003,0.0,0.0,3.4000000000000004,0.0,21.700000000000003,33.6,33.6,34.5,300.0,300.0,30.5,34.300000000000004,32.300000000000004,31.8,33.5,4.95,1.99,4.96,0.16,0.0,0.0,1027.0,8228.0,0.0,0.0,0.0,0.0,0.0,1.0,0.0,0.0,0.0,0.0,0.0,-2.1,0.0,0.5,0.0,0.0,16.0,25903.0
2026-07-30T18:58:44.493Z,93.976,93.99,0.0,7.4,0.0,0.0,0.0,0.0,0.0,0.0,0.0,0.0,1.0,0.0,0.0,0.0,9.0,4.0,0.0,0.0,0.0,0.0,0.0,0.0,0.0,0.0,5.0,12.0,1.0,12.14,5.01,2.51,1.49,0.0,0.1,0.0,0.8,0.0,0.4,0.0,0.4,-3.3000000000000003,0.0,0.0,3.4000000000000004,0.0,21.700000000000003,33.6,33.6,34.5,300.0,300.0,30.5,34.300000000000004,32.300000000000004,31.8,33.5,4.95,1.99,4.96,0.16,0.0,0.0,1027.0,8228.0,0.0,0.0,0.0,0.0,0.0,1.0,0.0,0.0,0.0,0.0,0.0,-0.2,0.0,0.4,0.0,0.0,16.0,25903.0
2026-07-30T18:58:44.506Z,93.989,94.002,0.0,7.4,0.0,0.0,0.0,0.0,0.0,0.0,0.0,0.0,1.0,0.0,0.0,0.0,9.0,4.0,0.0,0.0,0.0,0.0,0.0,0.0,0.0,0.0,6.0,12.0,1.0,12.14,5.01,2.51,1.49,0.0,0.1,0.0,0.7000000000000001,0.0,0.4,0.0,0.0,-3.3000000000000003,0.0,0.0,3.4000000000000004,0.0,21.700000000000003,33.6,33.6,34.5,300.0,300.0,30.5,34.300000000000004,32.300000000000004,31.8,33.5,4.95,1.99,4.97,0.16,0.0,0.0,1027.0,8228.0,0.0,0.0,0.0,0.0,0.0,1.0,0.0,0.0,0.0,0.0,0.0,0.0,0.0,0.0,0.0,0.0,16.0,25903.0
2026-07-30T18:58:44.517Z,94.0,94.014,0.0,7.4,0.0,0.0,0.0,0.0,0.0,0.0,0.0,0.0,1.0,0.0,0.0,0.0,9.0,4.0,0.0,0.0,0.0,0.0,0.0,0.0,0.0,0.0,1.0,12.0,1.0,12.14,5.01,2.51,1.49,0.0,0.0,0.0,0.7000000000000001,0.0,0.3,-0.5,-0.6000000000000001,-3.3000000000000003,0.0,0.0,3.4000000000000004,0.0,21.700000000000003,33.6,33.6,34.5,300.0,300.0,30.5,34.300000000000004,32.300000000000004,31.8,33.5,4.95,1.99,4.96,0.16,0.0,0.0,1027.0,8228.0,0.0,0.0,0.0,0.0,0.0,1.0,0.0,0.0,0.0,0.0,0.0,1.0,0.0,-0.7000000000000001,0.0,0.0,16.0,25903.0
2026-07-30T18:58:44.530Z,94.013,94.026,0.0,7.4,0.0,0.0,0.0,0.0,0.0,0.0,0.0,0.0,1.0,0.0,0.0,0.0,9.0,4.0,0.0,0.0,0.0,0.0,0.0,0.0,0.0,0.0,2.0,12.0,1.0,12.14,5.01,2.51,1.49,0.0,0.0,0.0,0.7000000000000001,0.0,-0.2,0.6000000000000001,-0.1,-3.3000000000000003,0.0,0.0,3.4000000000000004,0.0,21.700000000000003,33.6,33.6,34.5,300.0,300.0,30.5,34.300000000000004,32.300000000000004,31.8,33.5,4.95,2.0,4.97,0.16,0.0,0.0,1027.0,8228.0,0.0,0.0,0.0,0.0,0.0,1.0,0.0,0.0,0.0,0.0,0.0,-0.6000000000000001,0.0,0.0,0.0,0.0,16.0,25903.0
2026-07-30T18:58:44.542Z,94.025,94.038,0.0,7.4,0.0,0.0,0.0,0.0,0.0,0.0,0.0,0.0,1.0,0.0,0.0,0.0,9.0,4.0,0.0,0.0,0.0,0.0,0.0,0.0,0.0,0.0,4.0,12.0,1.0,12.14,5.01,2.51,1.49,0.0,0.0,0.0,0.7000000000000001,0.0,-0.2,0.0,-0.6000000000000001,-3.3000000000000003,0.0,0.0,3.4000000000000004,0.0,21.700000000000003,33.6,33.6,34.5,300.0,300.0,30.5,34.300000000000004,32.300000000000004,31.8,33.5,4.95,1.99,4.97,0.16,0.0,0.0,1027.0,8228.0,0.0,0.0,0.0,0.0,0.0,1.0,0.0,0.0,0.0,0.0,0.0,0.3,0.0,-0.7000000000000001,0.0,0.0,16.0,25903.0
2026-07-30T18:58:44.554Z,94.037,94.05,0.0,7.4,0.0,0.0,0.0,0.0,0.0,0.0,0.0,0.0,1.0,0.0,0.0,0.0,9.0,4.0,0.0,0.0,0.0,0.0,0.0,0.0,0.0,0.0,5.0,12.0,1.0,12.17,5.0200000000000005,2.51,1.49,0.0,0.0,0.0,0.8,0.0,-0.2,0.0,0.0,-3.3000000000000003,0.0,0.0,3.4000000000000004,0.0,21.200000000000003,33.6,33.5,34.5,300.0,300.0,30.4,34.4,32.300000000000004,31.8,33.4,4.96,1.99,4.97,0.16,0.0,0.0,1027.0,8228.0,0.0,0.0,0.0,0.0,0.0,1.0,0.0,0.0,0.0,0.0,0.0,0.0,0.0,0.0,0.0,0.0,16.0,25903.0
2026-07-30T18:58:44.566Z,94.049,94.062,0.0,7.4,0.0,0.0,0.0,0.0,0.0,0.0,0.0,0.0,1.0,0.0,0.0,0.0,9.0,4.0,0.0,0.0,0.0,0.0,0.0,0.0,0.0,0.0,6.0,12.0,1.0,12.17,5.0200000000000005,2.51,1.49,0.0,0.0,0.0,0.7000000000000001,0.0,-0.2,-1.1,0.4,-3.3000000000000003,0.0,0.0,3.4000000000000004,0.0,21.200000000000003,33.6,33.5,34.5,300.0,300.0,30.4,34.4,32.300000000000004,31.8,33.4,4.95,1.99,4.96,0.16,0.0,0.0,1027.0,8228.0,0.0,0.0,0.0,0.0,0.0,1.0,0.0,0.0,0.0,0.0,0.0,1.0,0.0,0.4,0.0,0.0,16.0,25903.0
2026-07-30T18:58:44.578Z,94.061,94.074,0.0,7.4,0.0,0.0,0.0,0.0,0.0,0.0,0.0,0.0,1.0,0.0,0.0,0.0,9.0,4.0,0.0,0.0,0.0,0.0,0.0,0.0,0.0,0.0,2.0,12.0,1.0,12.17,5.0200000000000005,2.51,1.49,0.0,0.0,0.0,0.7000000000000001,0.0,0.3,-0.5,-0.6000000000000001,-3.3000000000000003,0.0,0.0,3.3000000000000003,0.0,21.200000000000003,33.6,33.5,34.5,300.0,300.0,30.4,34.4,32.300000000000004,31.8,33.4,4.95,1.99,4.96,0.16,0.0,0.0,1027.0,8228.0,0.0,0.0,0.0,0.0,0.0,1.0,0.0,0.0,0.0,0.0,0.0,0.9,0.0,-0.7000000000000001,0.0,0.0,16.0,25903.0
2026-07-30T18:58:44.590Z,94.073,94.086,0.0,7.4,0.0,0.0,0.0,0.0,0.0,0.0,0.0,0.0,1.0,0.0,0.0,0.0,9.0,4.0,0.0,0.0,0.0,0.0,0.0,0.0,0.0,0.0,3.0,12.0,1.0,12.17,5.0200000000000005,2.51,1.49,0.0,0.0,0.0,0.7000000000000001,0.0,-0.2,1.2000000000000002,-0.1,-3.3000000000000003,0.0,0.0,3.4000000000000004,0.0,21.200000000000003,33.6,33.5,34.5,300.0,300.0,30.4,34.4,32.300000000000004,31.8,33.4,4.95,1.99,4.96,0.16,0.0,0.0,1027.0,8228.0,0.0,0.0,0.0,0.0,0.0,1.0,0.0,0.0,0.0,0.0,0.0,-1.3,0.0,0.0,0.0,0.0,16.0,25903.0
2026-07-30T18:58:44.602Z,94.085,94.098,0.0,7.4,0.0,0.0,0.0,0.0,0.0,0.0,0.0,0.0,1.0,0.0,0.0,0.0,9.0,4.0,0.0,0.0,0.0,0.0,0.0,0.0,0.0,0.0,4.0,12.0,1.0,12.17,5.0200000000000005,2.51,1.49,0.0,0.0,0.0,0.7000000000000001,0.0,0.2,0.0,-0.1,-3.3000000000000003,0.0,0.0,3.4000000000000004,0.0,21.200000000000003,33.6,33.5,34.5,300.0,300.0,30.4,34.4,32.300000000000004,31.8,33.4,4.95,1.99,4.96,0.16,0.0,0.0,1027.0,8228.0,0.0,0.0,0.0,0.0,0.0,1.0,0.0,0.0,0.0,0.0,0.0,0.0,0.0,-0.1,0.0,0.0,16.0,25903.0
2026-07-30T18:58:44.619Z,94.102,94.11,0.0,7.4,0.0,0.0,0.0,0.0,0.0,0.0,0.0,0.0,1.0,0.0,0.0,0.0,9.0,4.0,0.0,0.0,0.0,0.0,0.0,0.0,0.0,0.0,5.0,12.0,1.0,12.17,5.0200000000000005,2.51,1.49,0.0,0.0,0.0,0.7000000000000001,0.0,-0.2,-0.5,-0.1,-3.3000000000000003,0.0,0.0,3.4000000000000004,0.0,21.200000000000003,33.6,33.5,34.5,300.0,300.0,30.4,34.4,32.300000000000004,31.8,33.4,4.95,1.99,4.97,0.16,0.0,0.0,1027.0,8228.0,0.0,0.0,0.0,0.0,0.0,1.0,0.0,0.0,0.0,0.0,0.0,0.7000000000000001,0.0,-0.1,0.0,0.0,16.0,25903.0
2026-07-30T18:58:44.632Z,94.115,94.122,0.0,7.4,0.0,0.0,0.0,0.0,0.0,0.0,0.0,0.0,1.0,0.0,0.0,0.0,9.0,4.0,0.0,0.0,0.0,0.0,0.0,0.0,0.0,0.0,4.0,12.0,1.0,12.17,5.0200000000000005,2.51,1.49,0.0,0.0,0.0,0.7000000000000001,0.0,0.3,-0.5,-0.1,-3.3000000000000003,0.0,0.0,3.4000000000000004,0.0,21.200000000000003,33.6,33.5,34.5,300.0,300.0,30.4,34.4,32.300000000000004,31.8,33.4,4.95,1.99,4.96,0.16,0.0,0.0,1027.0,8228.0,0.0,0.0,0.0,0.0,0.0,1.0,0.0,0.0,0.0,0.0,0.0,0.7000000000000001,0.0,-0.1,0.0,0.0,16.0,25903.0
2026-07-30T18:58:44.638Z,94.121,94.134,0.0,7.4,0.0,0.0,0.0,0.0,0.0,0.0,0.0,0.0,1.0,0.0,0.0,0.0,9.0,4.0,0.0,0.0,0.0,0.0,0.0,0.0,0.0,0.0,2.0,12.0,1.0,12.17,5.0200000000000005,2.51,1.49,0.0,0.1,0.0,0.7000000000000001,0.0,-0.2,0.0,-0.1,-3.3000000000000003,0.0,0.0,3.4000000000000004,0.0,21.200000000000003,33.6,33.5,34.5,300.0,300.0,30.4,34.4,32.300000000000004,31.8,33.4,4.96,1.99,4.96,0.16,0.0,0.0,1027.0,8228.0,0.0,0.0,0.0,0.0,0.0,1.0,0.0,0.0,0.0,0.0,0.0,0.0,0.0,-0.1,0.0,0.0,16.0,25903.0
2026-07-30T18:58:44.651Z,94.134,94.146,0.0,7.4,0.0,0.0,0.0,0.0,0.0,0.0,0.0,0.0,1.0,0.0,0.0,0.0,9.0,4.0,0.0,0.0,0.0,0.0,0.0,0.0,0.0,0.0,3.0,12.0,1.0,12.15,5.0200000000000005,2.51,1.49,0.0,0.0,0.0,0.7000000000000001,0.0,-0.3,0.0,-1.3,-3.3000000000000003,0.0,0.0,3.4000000000000004,0.0,21.4,33.5,33.5,34.4,300.0,300.0,30.5,34.300000000000004,32.2,31.8,33.4,4.95,1.99,4.96,0.16,0.0,0.0,1027.0,8228.0,0.0,0.0,0.0,0.0,0.0,1.0,0.0,0.0,0.0,0.0,0.0,0.6000000000000001,0.0,-1.3,0.0,0.0,16.0,25903.0
2026-07-30T18:58:44.662Z,94.145,94.158,0.0,7.4,0.0,0.0,0.0,0.0,0.0,0.0,0.0,0.0,1.0,0.0,0.0,0.0,9.0,4.0,0.0,0.0,0.0,0.0,0.0,0.0,0.0,0.0,4.0,12.0,1.0,12.15,5.0200000000000005,2.51,1.49,0.0,0.0,0.0,0.7000000000000001,0.0,-0.3,0.0,-0.1,-3.3000000000000003,0.0,0.0,3.4000000000000004,0.0,21.4,33.5,33.5,34.4,300.0,300.0,30.5,34.300000000000004,32.2,31.8,33.4,4.95,1.99,4.97,0.16,0.0,0.0,1027.0,8228.0,0.0,0.0,0.0,0.0,0.0,1.0,0.0,0.0,0.0,0.0,0.0,0.0,0.0,-0.1,0.0,0.0,16.0,25903.0
2026-07-30T18:58:44.674Z,94.157,94.17,0.0,7.4,0.0,0.0,0.0,0.0,0.0,0.0,0.0,0.0,1.0,0.0,0.0,0.0,9.0,4.0,0.0,0.0,0.0,0.0,0.0,0.0,0.0,0.0,6.0,12.0,1.0,12.15,5.0200000000000005,2.51,1.49,0.0,0.0,0.0,0.8,0.0,-0.3,1.7000000000000002,0.4,-3.3000000000000003,0.0,0.0,3.4000000000000004,0.0,21.4,33.5,33.5,34.4,300.0,300.0,30.5,34.300000000000004,32.2,31.8,33.4,4.95,1.99,4.96,0.16,0.0,0.0,1027.0,8228.0,0.0,0.0,0.0,0.0,0.0,1.0,0.0,0.0,0.0,0.0,0.0,-2.2,0.0,0.5,0.0,0.0,16.0,25903.0
2026-07-30T18:58:44.686Z,94.169,94.182,0.0,7.4,0.0,0.0,0.0,0.0,0.0,0.0,0.0,0.0,1.0,0.0,0.0,0.0,9.0,4.0,0.0,0.0,0.0,0.0,0.0,0.0,0.0,0.0,1.0,12.0,1.0,12.15,5.0200000000000005,2.51,1.49,0.0,0.0,0.0,0.7000000000000001,0.0,0.2,1.1,-0.2,-3.3000000000000003,0.0,0.0,3.4000000000000004,0.0,21.4,33.5,33.5,34.4,300.0,300.0,30.5,34.300000000000004,32.2,31.8,33.4,4.96,1.99,4.96,0.16,0.0,0.0,1027.0,8228.0,0.0,0.0,0.0,0.0,0.0,1.0,0.0,0.0,0.0,0.0,0.0,-1.2000000000000002,0.0,-0.1,0.0,0.0,16.0,25903.0
2026-07-30T18:58:44.698Z,94.181,94.194,0.0,7.4,0.0,0.0,0.0,0.0,0.0,0.0,0.0,0.0,1.0,0.0,0.0,0.0,9.0,4.0,0.0,0.0,0.0,0.0,0.0,0.0,0.0,0.0,2.0,12.0,1.0,12.15,5.0200000000000005,2.51,1.49,0.0,0.0,0.0,0.7000000000000001,0.0,0.8,-0.5,0.3,-3.3000000000000003,0.0,0.0,3.4000000000000004,0.0,21.4,33.5,33.5,34.4,300.0,300.0,30.5,34.300000000000004,32.2,31.8,33.4,4.95,1.99,4.97,0.16,0.0,0.0,1027.0,8228.0,0.0,0.0,0.0,0.0,0.0,1.0,0.0,0.0,0.0,0.0,0.0,0.4,0.0,0.3,0.0,0.0,16.0,25903.0
2026-07-30T18:58:44.710Z,94.193,94.206,0.0,7.4,0.0,0.0,0.0,0.0,0.0,0.0,0.0,0.0,1.0,0.0,0.0,0.0,9.0,4.0,0.0,0.0,0.0,0.0,0.0,0.0,0.0,0.0,3.0,12.0,1.0,12.15,5.0200000000000005,2.51,1.49,0.0,0.1,0.0,0.7000000000000001,0.0,-0.4,-1.1,0.4,-3.3000000000000003,0.0,0.0,3.4000000000000004,0.0,21.4,33.5,33.5,34.4,300.0,300.0,30.5,34.300000000000004,32.2,31.8,33.4,4.96,2.0,4.96,0.16,0.0,0.0,1027.0,8228.0,0.0,0.0,0.0,0.0,0.0,1.0,0.0,0.0,0.0,0.0,0.0,1.1,0.0,0.3,0.0,0.0,16.0,25903.0
2026-07-30T18:58:44.722Z,94.205,94.218,0.0,7.4,0.0,0.0,0.0,0.0,0.0,0.0,0.0,0.0,1.0,0.0,0.0,0.0,9.0,4.0,0.0,0.0,0.0,0.0,0.0,0.0,0.0,0.0,4.0,12.0,1.0,12.15,5.0200000000000005,2.51,1.49,0.0,0.0,0.0,0.7000000000000001,0.0,0.1,0.6000000000000001,0.9,-3.3000000000000003,0.0,0.0,3.4000000000000004,0.0,21.4,33.5,33.5,34.4,300.0,300.0,30.5,34.300000000000004,32.2,31.8,33.4,4.96,2.0,4.96,0.16,0.0,0.0,1027.0,8228.0,0.0,0.0,0.0,0.0,0.0,1.0,0.0,0.0,0.0,0.0,0.0,-1.2000000000000002,0.0,1.0,0.0,0.0,16.0,25903.0
2026-07-30T18:58:44.734Z,94.217,94.23,0.0,7.4,0.0,0.0,0.0,0.0,0.0,0.0,0.0,0.0,1.0,0.0,0.0,0.0,9.0,4.0,0.0,0.0,0.0,0.0,0.0,0.0,0.0,0.0,6.0,12.0,1.0,12.15,5.0200000000000005,2.51,1.49,0.0,0.1,0.0,0.7000000000000001,0.0,-0.4,0.0,0.9,-3.3000000000000003,0.0,0.0,3.4000000000000004,0.0,21.4,33.5,33.5,34.4,300.0,300.0,30.5,34.300000000000004,32.2,31.8,33.4,4.95,1.99,4.96,0.16,0.0,0.0,1027.0,8228.0,0.0,0.0,0.0,0.0,0.0,1.0,0.0,0.0,0.0,0.0,0.0,-0.4,0.0,0.9,0.0,0.0,16.0,25903.0
2026-07-30T18:58:44.746Z,94.229,94.242,0.0,7.4,0.0,0.0,0.0,0.0,0.0,0.0,0.0,0.0,1.0,0.0,0.0,0.0,9.0,4.0,0.0,0.0,0.0,0.0,0.0,0.0,0.0,0.0,1.0,12.0,1.0,12.15,5.0200000000000005,2.51,1.49,0.0,0.0,0.0,0.7000000000000001,0.0,-0.4,-0.5,-0.1,-3.3000000000000003,0.0,0.0,3.4000000000000004,0.0,21.4,33.5,33.5,34.4,300.0,300.0,30.5,34.300000000000004,32.2,31.8,33.4,4.95,1.99,4.97,0.16,0.0,0.0,1027.0,8228.0,0.0,0.0,0.0,0.0,0.0,1.0,0.0,0.0,0.0,0.0,0.0,0.7000000000000001,0.0,-0.2,0.0,0.0,16.0,25903.0
2026-07-30T18:58:44.758Z,94.241,94.254,0.0,7.4,0.0,0.0,0.0,0.0,0.0,0.0,0.0,0.0,1.0,0.0,0.0,0.0,9.0,4.0,0.0,0.0,0.0,0.0,0.0,0.0,0.0,0.0,2.0,12.0,1.0,12.14,5.0200000000000005,2.51,1.5,0.0,0.0,0.0,0.6000000000000001,0.0,-0.4,-0.6000000000000001,0.9,-3.3000000000000003,0.0,0.0,3.3000000000000003,0.0,21.3,33.5,33.5,34.4,300.0,300.0,30.5,34.300000000000004,32.2,31.8,33.4,4.96,1.99,4.96,0.16,0.0,0.0,1027.0,8228.0,0.0,0.0,0.0,0.0,0.0,1.0,0.0,0.0,0.0,0.0,0.0,0.1,0.0,0.9,0.0,0.0,16.0,25903.0
2026-07-30T18:58:44.770Z,94.253,94.266,0.0,7.4,0.0,0.0,0.0,0.0,0.0,0.0,0.0,0.0,1.0,0.0,0.0,0.0,9.0,4.0,0.0,0.0,0.0,0.0,0.0,0.0,0.0,0.0,4.0,12.0,1.0,12.14,5.0200000000000005,2.51,1.5,0.0,0.0,0.0,0.7000000000000001,0.0,0.2,0.5,-0.1,-3.3000000000000003,0.0,0.0,3.4000000000000004,0.0,21.3,33.5,33.5,34.4,300.0,300.0,30.5,34.300000000000004,32.2,31.8,33.4,4.96,1.99,4.97,0.16,0.0,0.0,1027.0,8228.0,0.0,0.0,0.0,0.0,0.0,1.0,0.0,0.0,0.0,0.0,0.0,-0.5,0.0,-1.4,0.0,0.0,16.0,25903.0
2026-07-30T18:58:44.782Z,94.265,94.278,0.0,7.4,0.0,0.0,0.0,0.0,0.0,0.0,0.0,0.0,1.0,0.0,0.0,0.0,9.0,4.0,0.0,0.0,0.0,0.0,0.0,0.0,0.0,0.0,5.0,12.0,1.0,12.14,5.0200000000000005,2.51,1.5,0.0,0.0,0.0,0.6000000000000001,0.0,-0.3,0.0,1.0,-3.3000000000000003,0.0,0.0,3.4000000000000004,0.0,21.3,33.5,33.5,34.4,300.0,300.0,30.5,34.300000000000004,32.2,31.8,33.4,4.95,1.99,4.97,0.16,0.0,0.0,1027.0,8228.0,0.0,0.0,0.0,0.0,0.0,1.0,0.0,0.0,0.0,0.0,0.0,0.7000000000000001,0.0,-1.3,0.0,0.0,16.0,25903.0
2026-07-30T18:58:44.794Z,94.277,94.29,0.0,7.4,0.0,0.0,0.0,0.0,0.0,0.0,0.0,0.0,1.0,0.0,0.0,0.0,9.0,4.0,0.0,0.0,0.0,0.0,0.0,0.0,0.0,0.0,6.0,12.0,1.0,12.14,5.0200000000000005,2.51,1.5,0.0,0.1,0.0,0.7000000000000001,0.0,0.7000000000000001,0.0,-0.2,-3.3000000000000003,0.0,0.0,3.4000000000000004,0.0,21.3,33.5,33.5,34.4,300.0,300.0,30.5,34.300000000000004,32.2,31.8,33.4,4.96,1.99,4.96,0.16,0.0,0.0,1027.0,8228.0,0.0,0.0,0.0,0.0,0.0,1.0,0.0,0.0,0.0,0.0,0.0,0.2,0.0,0.9,0.0,0.0,16.0,25903.0
2026-07-30T18:58:44.806Z,94.289,94.302,0.0,7.4,0.0,0.0,0.0,0.0,0.0,0.0,0.0,0.0,1.0,0.0,0.0,0.0,9.0,4.0,0.0,0.0,0.0,0.0,0.0,0.0,0.0,0.0,1.0,12.0,1.0,12.14,5.0200000000000005,2.51,1.5,0.0,0.0,0.0,0.7000000000000001,0.0,0.7000000000000001,-0.6000000000000001,1.0,-3.3000000000000003,0.0,0.0,3.4000000000000004,0.0,21.3,33.5,33.5,34.4,300.0,300.0,30.5,34.300000000000004,32.2,31.8,33.4,4.95,2.0,4.96,0.16,0.0,0.0,1027.0,8228.0,0.0,0.0,0.0,0.0,0.0,1.0,0.0,0.0,0.0,0.0,0.0,-0.5,0.0,-0.1,0.0,0.0,16.0,25903.0
2026-07-30T18:58:44.818Z,94.301,94.314,0.0,7.4,0.0,0.0,0.0,0.0,0.0,0.0,0.0,0.0,1.0,0.0,0.0,0.0,9.0,4.0,0.0,0.0,0.0,0.0,0.0,0.0,0.0,0.0,2.0,12.0,1.0,12.14,5.0200000000000005,2.51,1.5,0.0,0.0,0.0,0.7000000000000001,0.0,-0.3,0.0,-0.1,-3.3000000000000003,0.0,0.0,3.4000000000000004,0.0,21.3,33.5,33.5,34.4,300.0,300.0,30.5,34.300000000000004,32.2,31.8,33.4,4.95,1.99,4.97,0.16,0.0,0.0,1027.0,8228.0,0.0,0.0,0.0,0.0,0.0,1.0,0.0,0.0,0.0,0.0,0.0,0.0,0.0,-0.1,0.0,0.0,16.0,25903.0
2026-07-30T18:58:44.830Z,94.313,94.326,0.0,7.4,0.0,0.0,0.0,0.0,0.0,0.0,0.0,0.0,1.0,0.0,0.0,0.0,9.0,4.0,0.0,0.0,0.0,0.0,0.0,0.0,0.0,0.0,3.0,12.0,1.0,12.14,5.0200000000000005,2.51,1.5,0.0,0.0,0.0,0.7000000000000001,0.0,0.7000000000000001,0.5,0.3,-3.3000000000000003,0.0,0.0,3.4000000000000004,0.0,21.3,33.5,33.5,34.4,300.0,300.0,30.5,34.300000000000004,32.2,31.8,33.4,4.95,1.99,4.97,0.16,0.0,0.0,1027.0,8228.0,0.0,0.0,0.0,0.0,0.0,1.0,0.0,0.0,0.0,0.0,0.0,-1.1,0.0,1.0,0.0,0.0,16.0,25903.0
2026-07-30T18:58:44.842Z,94.325,94.338,0.0,7.4,0.0,0.0,0.0,0.0,0.0,0.0,0.0,0.0,1.0,0.0,0.0,0.0,9.0,4.0,0.0,0.0,0.0,0.0,0.0,0.0,0.0,0.0,5.0,12.0,1.0,12.14,5.0200000000000005,2.51,1.5,0.0,0.0,0.0,0.7000000000000001,0.0,-0.3,0.5,-0.7000000000000001,-3.3000000000000003,0.0,0.0,3.4000000000000004,0.0,21.3,33.5,33.5,34.4,300.0,300.0,30.5,34.300000000000004,32.2,31.8,33.4,4.96,1.99,4.96,0.16,0.0,0.0,1027.0,8228.0,0.0,0.0,0.0,0.0,0.0,1.0,0.0,0.0,0.0,0.0,0.0,-0.2,0.0,-0.7000000000000001,0.0,0.0,16.0,25903.0
2026-07-30T18:58:44.855Z,94.338,94.35,0.0,7.4,0.0,0.0,0.0,0.0,0.0,0.0,0.0,0.0,1.0,0.0,0.0,0.0,9.0,4.0,0.0,0.0,0.0,0.0,0.0,0.0,0.0,0.0,6.0,12.0,1.0,12.15,5.01,2.51,1.49,0.0,0.0,0.0,0.7000000000000001,0.0,-0.3,-1.2000000000000002,-0.1,-3.3000000000000003,0.0,0.0,3.4000000000000004,0.0,21.700000000000003,33.5,33.5,34.4,300.0,300.0,30.5,34.300000000000004,32.2,31.8,33.4,4.95,1.99,4.97,0.16,0.0,0.0,1027.0,8228.0,0.0,0.0,0.0,0.0,0.0,1.0,0.0,0.0,0.0,0.0,0.0,1.4,0.0,-0.2,0.0,0.0,16.0,25903.0
2026-07-30T18:58:44.866Z,94.349,94.362,0.0,7.4,0.0,0.0,0.0,0.0,0.0,0.0,0.0,0.0,1.0,0.0,0.0,0.0,9.0,4.0,0.0,0.0,0.0,0.0,0.0,0.0,0.0,0.0,1.0,12.0,1.0,12.15,5.01,2.51,1.49,0.0,0.0,0.0,0.7000000000000001,0.0,0.2,0.0,0.4,-3.3000000000000003,0.0,0.0,3.4000000000000004,0.0,21.700000000000003,33.5,33.5,34.4,300.0,300.0,30.5,34.300000000000004,32.2,31.8,33.4,4.95,2.0,4.96,0.16,0.0,0.0,1027.0,8228.0,0.0,0.0,0.0,0.0,0.0,1.0,0.0,0.0,0.0,0.0,0.0,-0.1,0.0,0.4,0.0,0.0,16.0,25903.0
2026-07-30T18:58:44.878Z,94.361,94.374,0.0,7.4,0.0,0.0,0.0,0.0,0.0,0.0,0.0,0.0,1.0,0.0,0.0,0.0,9.0,4.0,0.0,0.0,0.0,0.0,0.0,0.0,0.0,0.0,3.0,12.0,1.0,12.15,5.01,2.51,1.49,0.0,0.0,0.0,0.7000000000000001,0.0,1.4,0.5,2.1,-3.3000000000000003,0.0,0.0,3.4000000000000004,0.0,21.700000000000003,33.5,33.5,34.4,300.0,300.0,30.5,34.300000000000004,32.2,31.8,33.4,4.96,2.0,4.96,0.16,0.0,0.0,1027.0,8228.0,0.0,0.0,0.0,0.0,0.0,1.0,0.0,0.0,0.0,0.0,0.0,0.1,0.0,-0.1,0.0,0.0,16.0,25903.0
2026-07-30T18:58:44.889Z,94.372,94.386,0.0,7.4,0.0,0.0,0.0,0.0,0.0,0.0,0.0,0.0,1.0,0.0,0.0,0.0,9.0,4.0,0.0,0.0,0.0,0.0,0.0,0.0,0.0,0.0,3.0,12.0,1.0,12.15,5.01,2.51,1.49,0.0,0.0,0.0,0.7000000000000001,0.0,-0.3,-0.6000000000000001,0.4,-3.3000000000000003,0.0,0.0,3.4000000000000004,0.0,21.700000000000003,33.5,33.5,34.4,300.0,300.0,30.5,34.300000000000004,32.2,31.8,33.4,4.95,2.0,4.97,0.16,0.0,0.0,1027.0,8228.0,0.0,0.0,0.0,0.0,0.0,1.0,0.0,0.0,0.0,0.0,0.0,0.5,0.0,0.4,0.0,0.0,16.0,25903.0
2026-07-30T18:58:44.902Z,94.385,94.398,0.0,7.4,0.0,0.0,0.0,0.0,0.0,0.0,0.0,0.0,1.0,0.0,0.0,0.0,9.0,4.0,0.0,0.0,0.0,0.0,0.0,0.0,0.0,0.0,5.0,12.0,1.0,12.15,5.01,2.51,1.49,0.0,0.0,0.0,0.6000000000000001,0.0,0.2,-1.2000000000000002,-0.1,-3.3000000000000003,0.0,0.0,3.4000000000000004,0.0,21.700000000000003,33.5,33.5,34.4,300.0,300.0,30.5,34.300000000000004,32.2,31.8,33.4,4.96,1.99,4.97,0.16,0.0,0.0,1027.0,8228.0,0.0,0.0,0.0,0.0,0.0,1.0,0.0,0.0,0.0,0.0,0.0,1.4,0.0,-0.2,0.0,0.0,16.0,25903.0
2026-07-30T18:58:44.914Z,94.397,94.41,0.0,7.4,0.0,0.0,0.0,0.0,0.0,0.0,0.0,0.0,1.0,0.0,0.0,0.0,9.0,4.0,0.0,0.0,0.0,0.0,0.0,0.0,0.0,0.0,6.0,12.0,1.0,12.15,5.01,2.51,1.49,0.0,0.0,0.0,0.7000000000000001,0.0,0.8,0.5,1.6,-3.3000000000000003,0.0,0.0,3.4000000000000004,0.0,21.700000000000003,33.5,33.5,34.4,300.0,300.0,30.5,34.300000000000004,32.2,31.8,33.4,4.96,1.99,4.96,0.16,0.0,0.0,1027.0,8228.0,0.0,0.0,0.0,0.0,0.0,1.0,0.0,0.0,0.0,0.0,0.0,-1.4,0.0,1.7000000000000002,0.0,0.0,16.0,25903.0
2026-07-30T18:58:44.926Z,94.409,94.422,0.0,7.4,0.0,0.0,0.0,0.0,0.0,0.0,0.0,0.0,1.0,0.0,0.0,0.0,9.0,4.0,0.0,0.0,0.0,0.0,0.0,0.0,0.0,0.0,1.0,12.0,1.0,12.15,5.01,2.51,1.49,0.0,0.0,0.0,0.6000000000000001,0.0,-0.9,0.0,-0.7000000000000001,-3.3000000000000003,0.0,0.0,3.4000000000000004,0.0,21.700000000000003,33.5,33.5,34.4,300.0,300.0,30.5,34.300000000000004,32.2,31.8,33.4,4.96,1.99,4.96,0.16,0.0,0.0,1027.0,8228.0,0.0,0.0,0.0,0.0,0.0,1.0,0.0,0.0,0.0,0.0,0.0,-2.2,0.0,0.5,0.0,0.0,16.0,25903.0
2026-07-30T18:58:44.944Z,94.427,94.434,0.0,7.4,0.0,0.0,0.0,0.0,0.0,0.0,0.0,0.0,1.0,0.0,0.0,0.0,9.0,4.0,0.0,0.0,0.0,0.0,0.0,0.0,0.0,0.0,2.0,12.0,1.0,12.15,5.01,2.51,1.49,0.0,0.0,0.0,0.7000000000000001,0.0,0.2,-1.1,-0.7000000000000001,-3.3000000000000003,0.0,0.0,3.4000000000000004,0.0,21.700000000000003,33.5,33.5,34.4,300.0,300.0,30.5,34.300000000000004,32.2,31.8,33.4,4.95,1.99,4.96,0.16,0.0,0.0,1027.0,8228.0,0.0,0.0,0.0,0.0,0.0,1.0,0.0,0.0,0.0,0.0,0.0,1.6,0.0,-0.8,0.0,0.0,16.0,25903.0
2026-07-30T18:58:44.950Z,94.433,94.446,0.0,7.4,0.0,0.0,0.0,0.0,0.0,0.0,0.0,0.0,1.0,0.0,0.0,0.0,9.0,4.0,0.0,0.0,0.0,0.0,0.0,0.0,0.0,0.0,1.0,12.0,1.0,12.15,5.01,2.51,1.49,0.0,0.1,0.0,0.7000000000000001,0.0,-0.9,-1.1,-0.1,-3.3000000000000003,0.0,0.0,3.4000000000000004,0.0,21.700000000000003,33.5,33.5,34.4,300.0,300.0,30.5,34.300000000000004,32.2,31.8,33.4,4.96,1.99,4.96,0.16,0.0,0.0,1027.0,8228.0,0.0,0.0,0.0,0.0,0.0,1.0,0.0,0.0,0.0,0.0,0.0,1.4,0.0,-0.2,0.0,0.0,16.0,25903.0
2026-07-30T18:58:44.962Z,94.445,94.458,0.0,7.4,0.0,0.0,0.0,0.0,0.0,0.0,0.0,0.0,1.0,0.0,0.0,0.0,9.0,4.0,0.0,0.0,0.0,0.0,0.0,0.0,0.0,0.0,5.0,12.0,1.0,12.17,5.01,2.51,1.49,0.0,0.0,0.0,0.6000000000000001,0.0,0.2,0.5,-0.6000000000000001,-3.3000000000000003,0.0,0.0,3.4000000000000004,0.0,21.3,33.5,33.5,34.4,300.0,300.0,30.4,34.300000000000004,32.2,31.8,33.4,4.96,2.0,4.96,0.16,0.0,0.0,1027.0,8228.0,0.0,0.0,0.0,0.0,0.0,1.0,0.0,0.0,0.0,0.0,0.0,-0.9,0.0,0.5,0.0,0.0,16.0,25903.0
2026-07-30T18:58:44.974Z,94.457,94.47,0.0,7.4,0.0,0.0,0.0,0.0,0.0,0.0,0.0,0.0,1.0,0.0,0.0,0.0,9.0,4.0,0.0,0.0,0.0,0.0,0.0,0.0,0.0,0.0,1.0,12.0,1.0,12.17,5.01,2.51,1.49,0.0,0.0,0.0,0.7000000000000001,0.0,-0.3,1.2000000000000002,0.5,-3.3000000000000003,0.0,0.0,3.4000000000000004,0.0,21.3,33.5,33.5,34.4,300.0,300.0,30.4,34.300000000000004,32.2,31.8,33.4,4.95,1.99,4.96,0.16,0.0,0.0,1027.0,8228.0,0.0,0.0,0.0,0.0,0.0,1.0,0.0,0.0,0.0,0.0,0.0,-1.6,0.0,0.6000000000000001,0.0,0.0,16.0,25903.0
2026-07-30T18:58:44.986Z,94.469,94.482,0.0,7.4,0.0,0.0,0.0,0.0,0.0,0.0,0.0,0.0,1.0,0.0,0.0,0.0,9.0,4.0,0.0,0.0,0.0,0.0,0.0,0.0,0.0,0.0,2.0,12.0,1.0,12.17,5.01,2.51,1.49,-0.1,0.0,0.0,0.6000000000000001,0.0,0.3,-0.5,-0.6000000000000001,-3.3000000000000003,0.0,0.0,3.4000000000000004,0.0,21.3,33.5,33.5,34.4,300.0,300.0,30.4,34.300000000000004,32.2,31.8,33.4,4.96,1.99,4.97,0.16,0.0,0.0,1027.0,8228.0,0.0,0.0,0.0,0.0,0.0,1.0,0.0,0.0,0.0,0.0,0.0,0.0,0.0,0.0,0.0,0.0,16.0,25903.0
2026-07-30T18:58:44.998Z,94.481,94.494,0.0,7.4,0.0,0.0,0.0,0.0,0.0,0.0,0.0,0.0,1.0,0.0,0.0,0.0,9.0,4.0,0.0,0.0,0.0,0.0,0.0,0.0,0.0,0.0,2.0,12.0,1.0,12.17,5.01,2.51,1.49,0.0,0.0,0.0,0.7000000000000001,0.0,0.3,0.0,-0.6000000000000001,-3.3000000000000003,0.0,0.0,3.4000000000000004,0.0,21.3,33.5,33.5,34.4,300.0,300.0,30.4,34.300000000000004,32.2,31.8,33.4,4.96,1.99,4.96,0.16,0.0,0.0,1027.0,8228.0,0.0,0.0,0.0,0.0,0.0,1.0,0.0,0.0,0.0,0.0,0.0,0.2,0.0,-0.6000000000000001,0.0,0.0,16.0,25903.0
2026-07-30T18:58:45.010Z,94.493,94.506,0.0,7.4,0.0,0.0,0.0,0.0,0.0,0.0,0.0,0.0,1.0,0.0,0.0,0.0,9.0,4.0,0.0,0.0,0.0,0.0,0.0,0.0,0.0,0.0,4.0,12.0,1.0,12.17,5.01,2.51,1.49,-0.1,0.1,0.0,0.6000000000000001,0.0,-0.2,1.2000000000000002,0.4,-3.3000000000000003,0.0,0.0,3.4000000000000004,0.0,21.3,33.5,33.5,34.4,300.0,300.0,30.4,34.300000000000004,32.2,31.8,33.4,4.96,1.99,4.97,0.16,0.0,0.0,1027.0,8228.0,0.0,0.0,0.0,0.0,0.0,1.0,0.0,0.0,0.0,0.0,0.0,-1.6,0.0,0.5,0.0,0.0,16.0,25903.0
2026-07-30T18:58:45.022Z,94.505,94.518,0.0,7.4,0.0,0.0,0.0,0.0,0.0,0.0,0.0,0.0,1.0,0.0,0.0,0.0,9.0,4.0,0.0,0.0,0.0,0.0,0.0,0.0,0.0,0.0,5.0,12.0,1.0,12.17,5.01,2.51,1.49,0.0,0.0,0.0,0.6000000000000001,0.0,-0.2,1.2000000000000002,0.0,-3.3000000000000003,0.0,0.0,3.4000000000000004,0.0,21.3,33.5,33.5,34.4,300.0,300.0,30.4,34.300000000000004,32.2,31.8,33.4,4.95,1.99,4.97,0.16,0.0,0.0,1027.0,8228.0,0.0,0.0,0.0,0.0,0.0,1.0,0.0,0.0,0.0,0.0,0.0,-1.3,0.0,0.0,0.0,0.0,16.0,25903.0
2026-07-30T18:58:45.034Z,94.517,94.53,0.0,7.4,0.0,0.0,0.0,0.0,0.0,0.0,0.0,0.0,1.0,0.0,0.0,0.0,9.0,4.0,0.0,0.0,0.0,0.0,0.0,0.0,0.0,0.0,6.0,12.0,1.0,12.17,5.01,2.51,1.49,0.0,0.1,0.0,0.6000000000000001,0.0,0.3,0.6000000000000001,0.5,-3.3000000000000003,0.0,0.0,3.4000000000000004,0.0,21.3,33.5,33.5,34.4,300.0,300.0,30.4,34.300000000000004,32.2,31.8,33.4,4.96,1.99,4.97,0.16,0.0,0.0,1027.0,8228.0,0.0,0.0,0.0,0.0,0.0,1.0,0.0,0.0,0.0,0.0,0.0,-1.0,0.0,0.6000000000000001,0.0,0.0,16.0,25903.0
2026-07-30T18:58:45.045Z,94.528,94.542,0.0,7.4,0.0,0.0,0.0,0.0,0.0,0.0,0.0,0.0,1.0,0.0,0.0,0.0,9.0,4.0,0.0,0.0,0.0,0.0,0.0,0.0,0.0,0.0,6.0,12.0,1.0,12.17,5.01,2.51,1.49,0.0,0.0,0.0,0.8,0.0,-0.8,-1.0,1.0,-3.3000000000000003,0.0,0.0,3.3000000000000003,0.0,21.3,33.5,33.5,34.4,300.0,300.0,30.4,34.300000000000004,32.2,31.8,33.4,4.95,1.99,4.97,0.16,0.0,0.0,1027.0,8228.0,0.0,0.0,0.0,0.0,0.0,1.0,0.0,0.0,0.0,0.0,0.0,0.7000000000000001,0.0,1.0,0.0,0.0,16.0,25903.0
2026-07-30T18:58:45.059Z,94.542,94.554,0.0,7.4,0.0,0.0,0.0,0.0,0.0,0.0,0.0,0.0,1.0,0.0,0.0,0.0,9.0,4.0,0.0,0.0,0.0,0.0,0.0,0.0,0.0,0.0,2.0,12.0,1.0,12.19,5.01,2.51,1.49,0.0,0.0,0.0,0.7000000000000001,0.0,-0.1,1.2000000000000002,0.0,-3.3000000000000003,0.0,0.0,3.4000000000000004,0.0,21.3,33.5,33.5,34.4,300.0,300.0,30.6,34.300000000000004,32.2,31.8,33.4,4.95,1.99,4.97,0.16,0.0,0.0,1027.0,8228.0,0.0,0.0,0.0,0.0,0.0,1.0,0.0,0.0,0.0,0.0,0.0,-1.3,0.0,0.0,0.0,0.0,16.0,25903.0
2026-07-30T18:58:45.070Z,94.553,94.566,0.0,7.4,0.0,0.0,0.0,0.0,0.0,0.0,0.0,0.0,1.0,0.0,0.0,0.0,9.0,4.0,0.0,0.0,0.0,0.0,0.0,0.0,0.0,0.0,3.0,12.0,1.0,12.19,5.01,2.51,1.49,0.0,0.0,0.0,0.7000000000000001,0.0,-1.3,-0.4,0.0,-3.3000000000000003,0.0,0.0,3.4000000000000004,0.0,21.3,33.5,33.5,34.4,300.0,300.0,30.6,34.300000000000004,32.2,31.8,33.4,4.95,1.99,4.97,0.16,0.0,0.0,1027.0,8228.0,0.0,0.0,0.0,0.0,0.0,1.0,0.0,0.0,0.0,0.0,0.0,0.5,0.0,0.0,0.0,0.0,16.0,25903.0
2026-07-30T18:58:45.082Z,94.565,94.578,0.0,7.4,0.0,0.0,0.0,0.0,0.0,0.0,0.0,0.0,1.0,0.0,0.0,0.0,9.0,4.0,0.0,0.0,0.0,0.0,0.0,0.0,0.0,0.0,4.0,12.0,1.0,12.19,5.01,2.51,1.49,0.0,0.0,0.0,0.6000000000000001,0.0,0.4,0.6000000000000001,0.4,-3.3000000000000003,0.0,0.0,3.4000000000000004,0.0,21.3,33.5,33.5,34.4,300.0,300.0,30.6,34.300000000000004,32.2,31.8,33.4,4.96,1.99,4.96,0.16,0.0,0.0,1027.0,8228.0,0.0,0.0,0.0,0.0,0.0,1.0,0.0,0.0,0.0,0.0,0.0,-1.0,0.0,0.5,0.0,0.0,16.0,25903.0
2026-07-30T18:58:45.094Z,94.577,94.59,0.0,7.4,0.0,0.0,0.0,0.0,0.0,0.0,0.0,0.0,1.0,0.0,0.0,0.0,9.0,4.0,0.0,0.0,0.0,0.0,0.0,0.0,0.0,0.0,5.0,12.0,1.0,12.19,5.01,2.51,1.49,0.0,0.0,0.0,0.7000000000000001,0.0,0.4,-0.4,1.0,-3.3000000000000003,0.0,0.0,3.4000000000000004,0.0,21.3,33.5,33.5,34.4,300.0,300.0,30.6,34.300000000000004,32.2,31.8,33.4,4.95,1.99,4.97,0.16,0.0,0.0,1027.0,8228.0,0.0,0.0,0.0,0.0,0.0,1.0,0.0,0.0,0.0,0.0,0.0,0.0,0.0,1.0,0.0,0.0,16.0,25903.0
2026-07-30T18:58:45.106Z,94.589,94.602,0.0,7.4,0.0,0.0,0.0,0.0,0.0,0.0,0.0,0.0,1.0,0.0,0.0,0.0,9.0,4.0,0.0,0.0,0.0,0.0,0.0,0.0,0.0,0.0,6.0,12.0,1.0,12.19,5.01,2.51,1.49,0.0,0.0,0.0,0.6000000000000001,0.0,-0.2,0.0,0.9,-3.3000000000000003,0.0,0.0,3.4000000000000004,0.0,21.3,33.5,33.5,34.4,300.0,300.0,30.6,34.300000000000004,32.2,31.8,33.4,4.95,1.99,4.97,0.16,0.0,0.0,1027.0,8228.0,0.0,0.0,0.0,0.0,0.0,1.0,0.0,0.0,0.0,0.0,0.0,-0.5,0.0,0.9,0.0,0.0,16.0,25903.0
2026-07-30T18:58:45.118Z,94.601,94.614,0.0,7.4,0.0,0.0,0.0,0.0,0.0,0.0,0.0,0.0,1.0,0.0,0.0,0.0,9.0,4.0,0.0,0.0,0.0,0.0,0.0,0.0,0.0,0.0,1.0,12.0,1.0,12.19,5.01,2.51,1.49,0.0,0.0,0.0,0.7000000000000001,0.0,0.3,1.1,0.3,-3.3000000000000003,0.0,0.0,3.4000000000000004,0.0,21.3,33.5,33.5,34.4,300.0,300.0,30.6,34.300000000000004,32.2,31.8,33.4,4.96,2.0,4.97,0.16,0.0,0.0,1027.0,8228.0,0.0,0.0,0.0,0.0,0.0,1.0,0.0,0.0,0.0,0.0,0.0,-1.5,0.0,0.4,0.0,0.0,16.0,25903.0
2026-07-30T18:58:45.130Z,94.613,94.626,0.0,7.4,0.0,0.0,0.0,0.0,0.0,0.0,0.0,0.0,1.0,0.0,0.0,0.0,9.0,4.0,0.0,0.0,0.0,0.0,0.0,0.0,0.0,0.0,2.0,12.0,1.0,12.19,5.01,2.51,1.49,0.0,0.0,0.0,0.6000000000000001,0.0,0.3,-0.5,0.3,-3.3000000000000003,0.0,0.0,3.4000000000000004,0.0,21.3,33.5,33.5,34.4,300.0,300.0,30.6,34.300000000000004,32.2,31.8,33.4,4.95,2.0,4.96,0.16,0.0,0.0,1027.0,8228.0,0.0,0.0,0.0,0.0,0.0,1.0,0.0,0.0,0.0,0.0,0.0,0.4,0.0,0.3,0.0,0.0,16.0,25903.0
2026-07-30T18:58:45.142Z,94.625,94.638,0.0,7.4,0.0,0.0,0.0,0.0,0.0,0.0,0.0,0.0,1.0,0.0,0.0,0.0,9.0,4.0,0.0,0.0,0.0,0.0,0.0,0.0,0.0,0.0,2.0,12.0,1.0,12.19,5.01,2.51,1.49,0.0,0.1,0.0,0.6000000000000001,0.0,-0.2,-0.6000000000000001,1.5,-3.3000000000000003,0.0,0.0,3.4000000000000004,0.0,21.3,33.5,33.5,34.4,300.0,300.0,30.6,34.300000000000004,32.2,31.8,33.4,4.95,1.99,4.97,0.16,0.0,0.0,1027.0,8228.0,0.0,0.0,0.0,0.0,0.0,1.0,0.0,0.0,0.0,0.0,0.0,0.0,0.0,1.5,0.0,0.0,16.0,25903.0
2026-07-30T18:58:45.154Z,94.637,94.65,0.0,7.4,0.0,0.0,0.0,0.0,0.0,0.0,0.0,0.0,1.0,0.0,0.0,0.0,9.0,4.0,0.0,0.0,0.0,0.0,0.0,0.0,0.0,0.0,3.0,12.0,1.0,12.19,5.01,2.51,1.49,0.0,0.1,0.0,0.7000000000000001,0.0,0.3,0.0,-0.2,-3.3000000000000003,0.0,0.0,3.4000000000000004,0.0,21.3,33.5,33.5,34.4,300.0,300.0,30.6,34.300000000000004,32.2,31.8,33.4,4.95,2.0,4.96,0.16,0.0,0.0,1027.0,8228.0,0.0,0.0,0.0,0.0,0.0,1.0,0.0,0.0,0.0,0.0,0.0,0.1,0.0,-0.2,0.0,0.0,16.0,25903.0
2026-07-30T18:58:45.166Z,94.649,94.662,0.0,7.4,0.0,0.0,0.0,0.0,0.0,0.0,0.0,0.0,1.0,0.0,0.0,0.0,9.0,4.0,0.0,0.0,0.0,0.0,0.0,0.0,0.0,0.0,4.0,12.0,1.0,12.14,5.01,2.51,1.49,0.0,0.1,0.0,0.7000000000000001,0.0,-0.8,0.0,-0.2,-3.3000000000000003,0.0,0.0,3.4000000000000004,0.0,21.8,33.5,33.5,34.4,300.0,300.0,30.6,34.300000000000004,32.2,31.8,33.4,4.95,1.99,4.96,0.16,0.0,0.0,1027.0,8228.0,0.0,0.0,0.0,0.0,0.0,1.0,0.0,0.0,0.0,0.0,0.0,0.1,0.0,-0.2,0.0,0.0,16.0,25903.0
2026-07-30T18:58:45.178Z,94.661,94.674,0.0,7.4,0.0,0.0,0.0,0.0,0.0,0.0,0.0,0.0,1.0,0.0,0.0,0.0,9.0,4.0,0.0,0.0,0.0,0.0,0.0,0.0,0.0,0.0,5.0,12.0,1.0,12.14,5.01,2.51,1.49,-0.1,0.1,0.0,0.6000000000000001,0.0,0.3,-0.6000000000000001,-0.2,-3.3000000000000003,0.0,0.0,3.4000000000000004,0.0,21.8,33.5,33.5,34.4,300.0,300.0,30.6,34.300000000000004,32.2,31.8,33.4,4.95,1.99,4.97,0.16,0.0,0.0,1027.0,8228.0,0.0,0.0,0.0,0.0,0.0,1.0,0.0,0.0,0.0,0.0,0.0,0.8,0.0,-0.3,0.0,0.0,16.0,25903.0
2026-07-30T18:58:45.190Z,94.673,94.686,0.0,7.4,0.0,0.0,0.0,0.0,0.0,0.0,0.0,0.0,1.0,0.0,0.0,0.0,9.0,4.0,0.0,0.0,0.0,0.0,0.0,0.0,0.0,0.0,1.0,12.0,1.0,12.14,5.01,2.51,1.49,0.0,0.0,0.0,0.6000000000000001,0.0,-0.8,-2.4000000000000004,-2.0,-3.3000000000000003,0.0,0.0,3.4000000000000004,0.0,21.8,33.5,33.5,34.4,300.0,300.0,30.6,34.300000000000004,32.2,31.8,33.4,4.96,1.99,4.97,0.16,0.0,0.0,1027.0,8228.0,0.0,0.0,0.0,0.0,0.0,1.0,0.0,0.0,0.0,0.0,0.0,3.8,0.0,-2.2,0.0,0.0,16.0,25903.0
2026-07-30T18:58:45.202Z,94.685,94.698,0.0,7.4,0.0,0.0,0.0,0.0,0.0,0.0,0.0,0.0,1.0,0.0,0.0,0.0,9.0,4.0,0.0,0.0,0.0,0.0,0.0,0.0,0.0,0.0,2.0,12.0,1.0,12.14,5.01,2.51,1.49,0.0,0.0,0.0,0.7000000000000001,0.0,0.3,0.5,0.8,-3.3000000000000003,0.0,0.0,3.4000000000000004,0.0,21.8,33.5,33.5,34.4,300.0,300.0,30.6,34.300000000000004,32.2,31.8,33.4,4.96,2.0,4.96,0.16,0.0,0.0,1027.0,8228.0,0.0,0.0,0.0,0.0,0.0,1.0,0.0,0.0,0.0,0.0,0.0,-1.0,0.0,0.9,0.0,0.0,16.0,25903.0
2026-07-30T18:58:45.214Z,94.697,94.71,0.0,7.4,0.0,0.0,0.0,0.0,0.0,0.0,0.0,0.0,1.0,0.0,0.0,0.0,9.0,4.0,0.0,0.0,0.0,0.0,0.0,0.0,0.0,0.0,3.0,12.0,1.0,12.14,5.01,2.51,1.49,0.0,0.0,0.0,0.7000000000000001,0.0,-0.2,0.0,-1.4,-3.3000000000000003,0.0,0.0,3.4000000000000004,0.0,21.8,33.5,33.5,34.4,300.0,300.0,30.6,34.300000000000004,32.2,31.8,33.4,4.96,1.99,4.96,0.16,0.0,0.0,1027.0,8228.0,0.0,0.0,0.0,0.0,0.0,1.0,0.0,0.0,0.0,0.0,0.0,0.8,0.0,-1.4,0.0,0.0,16.0,25903.0
2026-07-30T18:58:45.226Z,94.709,94.722,0.0,7.4,0.0,0.0,0.0,0.0,0.0,0.0,0.0,0.0,1.0,0.0,0.0,0.0,9.0,4.0,0.0,0.0,0.0,0.0,0.0,0.0,0.0,0.0,4.0,12.0,1.0,12.14,5.01,2.51,1.49,0.0,0.0,0.0,0.6000000000000001,0.0,-0.2,0.0,0.3,-3.3000000000000003,0.0,0.0,3.4000000000000004,0.0,21.8,33.5,33.5,34.4,300.0,300.0,30.6,34.300000000000004,32.2,31.8,33.4,4.95,1.99,4.96,0.16,0.0,0.0,1027.0,8228.0,0.0,0.0,0.0,0.0,0.0,1.0,0.0,0.0,0.0,0.0,0.0,0.0,0.0,0.3,0.0,0.0,16.0,25903.0
2026-07-30T18:58:45.238Z,94.721,94.734,0.0,7.4,0.0,0.0,0.0,0.0,0.0,0.0,0.0,0.0,1.0,0.0,0.0,0.0,9.0,4.0,0.0,0.0,0.0,0.0,0.0,0.0,0.0,0.0,5.0,12.0,1.0,12.14,5.01,2.51,1.49,0.0,0.0,0.0,0.6000000000000001,0.0,-0.2,-0.6000000000000001,-0.2,-3.3000000000000003,0.0,0.0,3.4000000000000004,0.0,21.8,33.5,33.5,34.4,300.0,300.0,30.6,34.300000000000004,32.2,31.8,33.4,4.96,1.99,4.96,0.16,0.0,0.0,1027.0,8228.0,0.0,0.0,0.0,0.0,0.0,1.0,0.0,0.0,0.0,0.0,0.0,0.9,0.0,-0.3,0.0,0.0,16.0,25903.0
2026-07-30T18:58:45.261Z,94.744,94.746,0.0,7.4,0.0,0.0,0.0,0.0,0.0,0.0,0.0,0.0,1.0,0.0,0.0,0.0,9.0,4.0,0.0,0.0,0.0,0.0,0.0,0.0,0.0,0.0,6.0,12.0,1.0,12.14,5.01,2.51,1.49,0.0,0.0,0.0,0.6000000000000001,0.0,-0.8,0.0,-0.3,-3.3000000000000003,0.0,0.0,3.4000000000000004,0.0,21.8,33.5,33.5,34.4,300.0,300.0,30.6,34.300000000000004,32.2,31.8,33.4,4.96,1.99,4.96,0.15,0.0,0.0,1027.0,8228.0,0.0,0.0,0.0,0.0,0.0,1.0,0.0,0.0,0.0,0.0,0.0,0.2,0.0,-0.3,0.0,0.0,16.0,25903.0
2026-07-30T18:58:45.264Z,94.747,94.758,0.0,7.4,0.0,0.0,0.0,0.0,0.0,0.0,0.0,0.0,1.0,0.0,0.0,0.0,9.0,4.0,0.0,0.0,0.0,0.0,0.0,0.0,0.0,0.0,4.0,12.0,1.0,12.18,5.0,2.5,1.5,0.0,0.0,0.0,0.6000000000000001,0.0,-0.2,0.5,-0.9,-3.3000000000000003,0.0,0.0,3.4000000000000004,0.0,20.9,33.5,33.4,34.4,300.0,300.0,30.6,34.300000000000004,32.2,31.700000000000003,33.4,4.95,1.99,4.96,0.16,0.0,0.0,1027.0,8228.0,0.0,0.0,0.0,0.0,0.0,1.0,0.0,0.0,0.0,0.0,0.0,-0.1,0.0,-0.9,0.0,0.0,16.0,25903.0
2026-07-30T18:58:45.274Z,94.757,94.77,0.0,7.4,0.0,0.0,0.0,0.0,0.0,0.0,0.0,0.0,1.0,0.0,0.0,0.0,9.0,4.0,0.0,0.0,0.0,0.0,0.0,0.0,0.0,0.0,2.0,12.0,1.0,12.18,5.0,2.5,1.5,0.0,0.1,0.0,0.7000000000000001,0.0,-0.2,-0.5,-0.8,-3.3000000000000003,0.0,0.0,3.4000000000000004,0.0,20.9,33.5,33.4,34.4,300.0,300.0,30.6,34.300000000000004,32.2,31.700000000000003,33.4,4.95,1.99,4.96,0.16,0.0,0.0,1027.0,8228.0,0.0,0.0,0.0,0.0,0.0,1.0,0.0,0.0,0.0,0.0,0.0,1.1,0.0,-0.9,0.0,0.0,16.0,25903.0
2026-07-30T18:58:45.286Z,94.769,94.782,0.0,7.4,0.0,0.0,0.0,0.0,0.0,0.0,0.0,0.0,1.0,0.0,0.0,0.0,9.0,4.0,0.0,0.0,0.0,0.0,0.0,0.0,0.0,0.0,3.0,12.0,1.0,12.18,5.0,2.5,1.5,0.0,0.0,0.0,0.7000000000000001,0.0,0.3,0.5,1.4,-3.3000000000000003,0.0,0.0,3.4000000000000004,0.0,20.9,33.5,33.4,34.4,300.0,300.0,30.6,34.300000000000004,32.2,31.700000000000003,33.4,4.95,1.99,4.96,0.16,0.0,0.0,1027.0,8228.0,0.0,0.0,0.0,0.0,0.0,1.0,0.0,0.0,0.0,0.0,0.0,1.1,0.0,-0.9,0.0,0.0,16.0,25903.0
2026-07-30T18:58:45.298Z,94.781,94.794,0.0,7.4,0.0,0.0,0.0,0.0,0.0,0.0,0.0,0.0,1.0,0.0,0.0,0.0,9.0,4.0,0.0,0.0,0.0,0.0,0.0,0.0,0.0,0.0,4.0,12.0,1.0,12.18,5.0,2.5,1.5,0.0,0.0,0.0,0.6000000000000001,0.0,0.3,0.4,-0.8,-3.3000000000000003,0.0,0.0,3.4000000000000004,0.0,20.9,33.5,33.4,34.4,300.0,300.0,30.6,34.300000000000004,32.2,31.700000000000003,33.4,4.95,1.99,4.96,0.16,0.0,0.0,1027.0,8228.0,0.0,0.0,0.0,0.0,0.0,1.0,0.0,0.0,0.0,0.0,0.0,-0.3,0.0,0.9,0.0,0.0,16.0,25903.0
2026-07-30T18:58:45.310Z,94.793,94.806,0.0,7.4,0.0,0.0,0.0,0.0,0.0,0.0,0.0,0.0,1.0,0.0,0.0,0.0,9.0,4.0,0.0,0.0,0.0,0.0,0.0,0.0,0.0,0.0,5.0,12.0,1.0,12.18,5.0,2.5,1.5,0.0,0.0,0.0,0.7000000000000001,0.0,-0.2,1.6,0.9,-3.3000000000000003,0.0,0.0,3.4000000000000004,0.0,20.9,33.5,33.4,34.4,300.0,300.0,30.6,34.300000000000004,32.2,31.700000000000003,33.4,4.95,1.99,4.96,0.16,0.0,0.0,1027.0,8228.0,0.0,0.0,0.0,0.0,0.0,1.0,0.0,0.0,0.0,0.0,0.0,-0.8,0.0,-0.8,0.0,0.0,16.0,25903.0
2026-07-30T18:58:45.322Z,94.805,94.818,0.0,7.4,0.0,0.0,0.0,0.0,0.0,0.0,0.0,0.0,1.0,0.0,0.0,0.0,9.0,4.0,0.0,0.0,0.0,0.0,0.0,0.0,0.0,0.0,6.0,12.0,1.0,12.18,5.0,2.5,1.5,0.0,0.0,0.0,0.6000000000000001,0.0,0.3,0.4,-0.3,-3.3000000000000003,0.0,0.0,3.4000000000000004,0.0,20.9,33.5,33.4,34.4,300.0,300.0,30.6,34.300000000000004,32.2,31.700000000000003,33.4,4.96,1.99,4.96,0.16,0.0,0.0,1027.0,8228.0,0.0,0.0,0.0,0.0,0.0,1.0,0.0,0.0,0.0,0.0,0.0,-0.4,0.0,-0.2,0.0,0.0,16.0,25903.0
2026-07-30T18:58:45.334Z,94.817,94.83,0.0,7.4,0.0,0.0,0.0,0.0,0.0,0.0,0.0,0.0,1.0,0.0,0.0,0.0,9.0,4.0,0.0,0.0,0.0,0.0,0.0,0.0,0.0,0.0,1.0,12.0,1.0,12.18,5.0,2.5,1.5,0.0,0.0,0.0,0.6000000000000001,0.0,-0.2,0.4,0.2,-3.3000000000000003,0.0,0.0,3.4000000000000004,0.0,20.9,33.5,33.4,34.4,300.0,300.0,30.6,34.300000000000004,32.2,31.700000000000003,33.4,4.95,2.0,4.97,0.16,0.0,0.0,1027.0,8228.0,0.0,0.0,0.0,0.0,0.0,1.0,0.0,0.0,0.0,0.0,0.0,0.0,0.0,-0.9,0.0,0.0,16.0,25903.0
2026-07-30T18:58:45.346Z,94.829,94.842,0.0,7.4,0.0,0.0,0.0,0.0,0.0,0.0,0.0,0.0,1.0,0.0,0.0,0.0,9.0,4.0,0.0,0.0,0.0,0.0,0.0,0.0,0.0,0.0,2.0,12.0,1.0,12.18,5.0,2.5,1.5,0.0,0.0,0.0,0.7000000000000001,0.0,0.3,-0.7000000000000001,0.2,-3.3000000000000003,0.0,0.0,3.4000000000000004,0.0,20.9,33.5,33.4,34.4,300.0,300.0,30.6,34.300000000000004,32.2,31.700000000000003,33.4,4.95,1.99,4.96,0.16,0.0,0.0,1027.0,8228.0,0.0,0.0,0.0,0.0,0.0,1.0,0.0,0.0,0.0,0.0,0.0,0.6000000000000001,0.0,0.2,0.0,0.0,16.0,25903.0
2026-07-30T18:58:45.358Z,94.841,94.854,0.0,7.4,0.0,0.0,0.0,0.0,0.0,0.0,0.0,0.0,1.0,0.0,0.0,0.0,9.0,4.0,0.0,0.0,0.0,0.0,0.0,0.0,0.0,0.0,3.0,12.0,1.0,12.18,5.0,2.5,1.5,0.0,0.0,0.0,0.6000000000000001,0.0,0.3,1.6,0.8,-3.3000000000000003,0.0,0.0,3.4000000000000004,0.0,20.9,33.5,33.4,34.4,300.0,300.0,30.6,34.300000000000004,32.2,31.700000000000003,33.4,4.96,1.99,4.96,0.16,0.0,0.0,1027.0,8228.0,0.0,0.0,0.0,0.0,0.0,1.0,0.0,0.0,0.0,0.0,0.0,-2.0,0.0,0.3,0.0,0.0,16.0,25903.0
2026-07-30T18:58:45.370Z,94.853,94.866,0.0,7.4,0.0,0.0,0.0,0.0,0.0,0.0,0.0,0.0,1.0,0.0,0.0,0.0,9.0,4.0,0.0,0.0,0.0,0.0,0.0,0.0,0.0,0.0,5.0,12.0,1.0,12.15,5.0200000000000005,2.5,1.49,0.0,0.0,0.0,0.6000000000000001,0.0,-0.1,0.4,0.2,-3.3000000000000003,0.0,0.0,3.4000000000000004,0.0,21.700000000000003,33.5,33.4,34.4,300.0,300.0,30.5,34.4,32.1,31.700000000000003,33.300000000000004,4.95,1.99,4.96,0.16,0.0,0.0,1027.0,8228.0,0.0,0.0,0.0,0.0,0.0,1.0,0.0,0.0,0.0,0.0,0.0,-0.9,0.0,0.8,0.0,0.0,16.0,25903.0
2026-07-30T18:58:45.381Z,94.864,94.878,-0.1,7.4,0.0,0.0,0.0,0.0,0.0,0.0,0.0,0.0,1.0,0.0,0.0,0.0,9.0,4.0,0.0,0.0,0.0,0.0,0.0,0.0,0.0,0.0,6.0,12.0,1.0,12.15,5.0200000000000005,2.5,1.49,0.0,0.1,0.0,0.6000000000000001,0.0,0.3,0.0,-0.9,-3.3000000000000003,0.0,0.0,3.4000000000000004,0.0,21.700000000000003,33.5,33.4,34.4,300.0,300.0,30.5,34.4,32.1,31.700000000000003,33.300000000000004,4.96,1.99,4.97,0.16,0.0,0.0,1027.0,8228.0,0.0,0.0,0.0,0.0,0.0,1.0,0.0,0.0,0.0,0.0,0.0,1.6,0.0,-0.4,0.0,0.0,16.0,25903.0
2026-07-30T18:58:45.394Z,94.877,94.89,0.0,7.4,0.0,0.0,0.0,0.0,0.0,0.0,0.0,0.0,1.0,0.0,0.0,0.0,9.0,4.0,0.0,0.0,0.0,0.0,0.0,0.0,0.0,0.0,2.0,12.0,1.0,12.15,5.0200000000000005,2.5,1.49,0.0,0.0,0.0,0.6000000000000001,0.0,-0.2,0.4,0.2,-3.3000000000000003,0.0,0.0,3.4000000000000004,0.0,21.700000000000003,33.5,33.4,34.4,300.0,300.0,30.5,34.4,32.1,31.700000000000003,33.300000000000004,4.96,2.0,4.96,0.16,0.0,0.0,1027.0,8228.0,0.0,0.0,0.0,0.0,0.0,1.0,0.0,0.0,0.0,0.0,0.0,-0.6000000000000001,0.0,0.2,0.0,0.0,16.0,25903.0
2026-07-30T18:58:45.406Z,94.889,94.902,0.0,7.4,0.0,0.0,0.0,0.0,0.0,0.0,0.0,0.0,1.0,0.0,0.0,0.0,9.0,4.0,0.0,0.0,0.0,0.0,0.0,0.0,0.0,0.0,3.0,12.0,1.0,12.15,5.0200000000000005,2.5,1.49,0.0,0.0,0.0,0.6000000000000001,0.0,-0.2,-0.6000000000000001,-0.9,-3.3000000000000003,0.0,0.0,3.4000000000000004,0.0,21.700000000000003,33.5,33.4,34.4,300.0,300.0,30.5,34.4,32.1,31.700000000000003,33.300000000000004,4.96,1.99,4.96,0.16,0.0,0.0,1027.0,8228.0,0.0,0.0,0.0,0.0,0.0,1.0,0.0,0.0,0.0,0.0,0.0,1.2000000000000002,0.0,-1.0,0.0,0.0,16.0,25903.0
2026-07-30T18:58:45.418Z,94.901,94.914,0.0,7.4,0.0,0.0,0.0,0.0,0.0,0.0,0.0,0.0,1.0,0.0,0.0,0.0,9.0,4.0,0.0,0.0,0.0,0.0,0.0,0.0,0.0,0.0,4.0,12.0,1.0,12.15,5.0200000000000005,2.5,1.49,0.0,0.0,0.0,0.6000000000000001,0.0,0.3,1.0,1.4,-3.3000000000000003,0.0,0.0,3.4000000000000004,0.0,21.700000000000003,33.5,33.4,34.4,300.0,300.0,30.5,34.4,32.1,31.700000000000003,33.300000000000004,4.95,1.99,4.96,0.16,0.0,0.0,1027.0,8228.0,0.0,0.0,0.0,0.0,0.0,1.0,0.0,0.0,0.0,0.0,0.0,-1.9,0.0,1.5,0.0,0.0,16.0,25903.0
2026-07-30T18:58:45.430Z,94.913,94.926,0.0,7.4,0.0,0.0,0.0,0.0,0.0,0.0,0.0,0.0,1.0,0.0,0.0,0.0,9.0,4.0,0.0,0.0,0.0,0.0,0.0,0.0,0.0,0.0,6.0,12.0,1.0,12.15,5.0200000000000005,2.5,1.49,0.0,0.0,0.0,0.6000000000000001,0.0,0.3,1.1,0.8,-3.3000000000000003,0.0,0.0,3.4000000000000004,0.0,21.700000000000003,33.5,33.4,34.4,300.0,300.0,30.5,34.4,32.1,31.700000000000003,33.300000000000004,4.96,1.99,4.97,0.16,0.0,0.0,1027.0,8228.0,0.0,0.0,0.0,0.0,0.0,1.0,0.0,0.0,0.0,0.0,0.0,0.8,0.0,-0.3,0.0,0.0,16.0,25903.0
2026-07-30T18:58:45.442Z,94.925,94.938,0.0,7.4,0.0,0.0,0.0,0.0,0.0,0.0,0.0,0.0,1.0,0.0,0.0,0.0,9.0,4.0,0.0,0.0,0.0,0.0,0.0,0.0,0.0,0.0,1.0,12.0,1.0,12.15,5.0200000000000005,2.5,1.49,0.0,0.1,0.0,0.6000000000000001,0.0,-0.8,0.5,0.3,-3.3000000000000003,0.0,0.0,3.4000000000000004,0.0,21.700000000000003,33.5,33.4,34.4,300.0,300.0,30.5,34.4,32.1,31.700000000000003,33.300000000000004,4.96,2.0,4.96,0.16,0.0,0.0,1027.0,8228.0,0.0,0.0,0.0,0.0,0.0,1.0,0.0,0.0,0.0,0.0,0.0,-0.4,0.0,-0.2,0.0,0.0,16.0,25903.0
2026-07-30T18:58:45.454Z,94.937,94.95,0.0,7.4,0.0,0.0,0.0,0.0,0.0,0.0,0.0,0.0,1.0,0.0,0.0,0.0,9.0,4.0,0.0,0.0,0.0,0.0,0.0,0.0,0.0,0.0,2.0,12.0,1.0,12.15,5.0200000000000005,2.5,1.49,0.0,0.0,0.0,0.6000000000000001,0.0,0.3,1.1,-0.2,-3.3000000000000003,0.0,0.0,3.4000000000000004,0.0,21.700000000000003,33.5,33.4,34.4,300.0,300.0,30.5,34.4,32.1,31.700000000000003,33.300000000000004,4.95,1.99,4.96,0.16,0.0,0.0,1027.0,8228.0,0.0,0.0,0.0,0.0,0.0,1.0,0.0,0.0,0.0,0.0,0.0,-1.1,0.0,-0.1,0.0,0.0,16.0,25903.0
2026-07-30T18:58:45.467Z,94.95,94.962,0.0,7.4,0.0,0.0,0.0,0.0,0.0,0.0,0.0,0.0,1.0,0.0,0.0,0.0,9.0,4.0,0.0,0.0,0.0,0.0,0.0,0.0,0.0,0.0,3.0,12.0,1.0,12.17,5.0200000000000005,2.51,1.49,0.0,0.0,0.0,0.6000000000000001,0.0,0.3,0.0,0.3,-3.3000000000000003,0.0,0.0,3.4000000000000004,0.0,21.200000000000003,33.4,33.4,34.300000000000004,300.0,300.0,30.4,34.4,32.1,31.8,33.300000000000004,4.95,1.99,4.97,0.16,0.0,0.0,1027.0,8228.0,0.0,0.0,0.0,0.0,0.0,1.0,0.0,0.0,0.0,0.0,0.0,-0.4,0.0,0.9,0.0,0.0,16.0,25903.0
2026-07-30T18:58:45.478Z,94.961,94.974,0.0,7.4,0.0,0.0,0.0,0.0,0.0,0.0,0.0,0.0,1.0,0.0,0.0,0.0,9.0,4.0,0.0,0.0,0.0,0.0,0.0,0.0,0.0,0.0,5.0,12.0,1.0,12.17,5.0200000000000005,2.51,1.49,0.0,0.0,0.0,0.6000000000000001,0.0,-0.2,0.0,-0.8,-3.3000000000000003,0.0,0.0,3.4000000000000004,0.0,21.200000000000003,33.4,33.4,34.300000000000004,300.0,300.0,30.4,34.4,32.1,31.8,33.300000000000004,4.96,1.99,4.96,0.16,0.0,0.0,1027.0,8228.0,0.0,0.0,0.0,0.0,0.0,1.0,0.0,0.0,0.0,0.0,0.0,-0.3,0.0,2.1,0.0,0.0,16.0,25903.0
2026-07-30T18:58:45.490Z,94.973,94.986,0.0,7.4,0.0,0.0,0.0,0.0,0.0,0.0,0.0,0.0,1.0,0.0,0.0,0.0,9.0,4.0,0.0,0.0,0.0,0.0,0.0,0.0,0.0,0.0,6.0,12.0,1.0,12.17,5.0200000000000005,2.51,1.49,0.0,0.0,0.0,0.6000000000000001,0.0,0.3,0.0,-0.1,-3.3000000000000003,0.0,0.0,3.4000000000000004,0.0,21.200000000000003,33.4,33.4,34.300000000000004,300.0,300.0,30.4,34.4,32.1,31.8,33.300000000000004,4.96,1.99,4.97,0.16,0.0,0.0,1027.0,8228.0,0.0,0.0,0.0,0.0,0.0,1.0,0.0,0.0,0.0,0.0,0.0,-1.2000000000000002,0.0,-0.1,0.0,0.0,16.0,25903.0
2026-07-30T18:58:45.502Z,94.985,94.998,0.0,7.4,0.0,0.0,0.0,0.0,0.0,0.0,0.0,0.0,1.0,0.0,0.0,0.0,9.0,4.0,0.0,0.0,0.0,0.0,0.0,0.0,0.0,0.0,1.0,12.0,1.0,12.17,5.0200000000000005,2.51,1.49,0.0,0.0,0.0,0.6000000000000001,0.0,-0.3,1.1,-1.3,-3.3000000000000003,0.0,0.0,3.4000000000000004,0.0,21.200000000000003,33.4,33.4,34.300000000000004,300.0,300.0,30.4,34.4,32.1,31.8,33.300000000000004,4.95,1.99,4.97,0.16,0.0,0.0,1027.0,8228.0,0.0,0.0,0.0,0.0,0.0,1.0,0.0,0.0,0.0,0.0,0.0,0.0,0.0,-0.1,0.0,0.0,16.0,25903.0
2026-07-30T18:58:45.514Z,94.997,95.01,0.0,7.4,0.0,0.0,0.0,0.0,0.0,0.0,0.0,0.0,1.0,0.0,0.0,0.0,9.0,4.0,0.0,0.0,0.0,0.0,0.0,0.0,0.0,0.0,3.0,12.0,1.0,12.17,5.0200000000000005,2.51,1.49,0.0,0.0,0.0,0.6000000000000001,0.0,0.2,-1.1,-1.9,-3.3000000000000003,0.0,0.0,3.4000000000000004,0.0,21.200000000000003,33.4,33.4,34.300000000000004,300.0,300.0,30.4,34.4,32.1,31.8,33.300000000000004,4.95,1.99,4.97,0.15,0.0,0.0,1027.0,8228.0,0.0,0.0,0.0,0.0,0.0,1.0,0.0,0.0,0.0,0.0,0.0,2.3000000000000003,0.0,-2.0,0.0,0.0,16.0,25903.0
2026-07-30T18:58:45.525Z,95.008,95.022,0.0,7.4,0.0,0.0,0.0,0.0,0.0,0.0,0.0,0.0,1.0,0.0,0.0,0.0,9.0,4.0,0.0,0.0,0.0,0.0,0.0,0.0,0.0,0.0,4.0,12.0,1.0,12.17,5.0200000000000005,2.51,1.49,0.0,0.0,0.0,0.6000000000000001,0.0,-0.8,-1.7000000000000002,-1.3,-3.3000000000000003,0.0,0.0,3.4000000000000004,0.0,21.200000000000003,33.4,33.4,34.300000000000004,300.0,300.0,30.4,34.4,32.1,31.8,33.300000000000004,4.95,2.0,4.96,0.15,0.0,0.0,1027.0,8228.0,0.0,0.0,0.0,0.0,0.0,1.0,0.0,0.0,0.0,0.0,0.0,2.6,0.0,-1.4,0.0,0.0,16.0,25903.0
2026-07-30T18:58:45.538Z,95.021,95.034,0.0,7.4,0.0,0.0,0.0,0.0,0.0,0.0,0.0,0.0,1.0,0.0,0.0,0.0,9.0,4.0,0.0,0.0,0.0,0.0,0.0,0.0,0.0,0.0,6.0,12.0,1.0,12.17,5.0200000000000005,2.51,1.49,0.0,0.0,0.0,0.6000000000000001,0.0,-0.2,0.1,0.4,-3.3000000000000003,0.0,0.0,3.4000000000000004,0.0,21.200000000000003,33.4,33.4,34.300000000000004,300.0,300.0,30.4,34.4,32.1,31.8,33.300000000000004,4.95,1.99,4.97,0.16,0.0,0.0,1027.0,8228.0,0.0,0.0,0.0,0.0,0.0,1.0,0.0,0.0,0.0,0.0,0.0,-0.3,0.0,0.4,0.0,0.0,16.0,25903.0
2026-07-30T18:58:45.550Z,95.033,95.046,0.0,7.4,0.0,0.0,0.0,0.0,0.0,0.0,0.0,0.0,1.0,0.0,0.0,0.0,9.0,4.0,0.0,0.0,0.0,0.0,0.0,0.0,0.0,0.0,1.0,12.0,1.0,12.17,5.0200000000000005,2.51,1.49,0.0,0.0,0.0,0.6000000000000001,0.0,-0.2,0.1,0.0,-3.3000000000000003,0.0,0.0,3.4000000000000004,0.0,21.200000000000003,33.4,33.4,34.300000000000004,300.0,300.0,30.4,34.4,32.1,31.8,33.300000000000004,4.95,1.99,4.97,0.16,0.0,0.0,1027.0,8228.0,0.0,0.0,0.0,0.0,0.0,1.0,0.0,0.0,0.0,0.0,0.0,-0.1,0.0,0.0,0.0,0.0,16.0,25903.0
2026-07-30T18:58:45.568Z,95.051,95.058,0.0,7.4,0.0,0.0,0.0,0.0,0.0,0.0,0.0,0.0,1.0,0.0,0.0,0.0,9.0,4.0,0.0,0.0,0.0,0.0,0.0,0.0,0.0,0.0,2.0,12.0,1.0,12.17,5.0200000000000005,2.51,1.49,0.0,0.0,0.0,0.6000000000000001,0.0,-0.8,-1.0,0.0,-3.3000000000000003,0.0,0.0,3.4000000000000004,0.0,21.200000000000003,33.4,33.4,34.300000000000004,300.0,300.0,30.4,34.4,32.1,31.8,33.300000000000004,4.96,1.99,4.96,0.16,0.0,0.0,1027.0,8228.0,0.0,0.0,0.0,0.0,0.0,1.0,0.0,0.0,0.0,0.0,0.0,1.2000000000000002,0.0,-0.1,0.0,0.0,16.0,25903.0
2026-07-30T18:58:45.578Z,95.061,95.07,0.0,7.4,0.0,0.0,0.0,0.0,0.0,0.0,0.0,0.0,1.0,0.0,0.0,0.0,9.0,4.0,0.0,0.0,0.0,0.0,0.0,0.0,0.0,0.0,2.0,12.0,1.0,12.14,5.01,2.5,1.49,0.0,0.0,0.0,0.6000000000000001,0.0,-0.8,0.1,-0.6000000000000001,-3.3000000000000003,0.0,0.0,3.4000000000000004,0.0,21.4,33.4,33.4,34.300000000000004,300.0,300.0,30.5,34.4,32.1,31.700000000000003,33.300000000000004,4.95,1.99,4.97,0.16,0.0,0.0,1027.0,8228.0,0.0,0.0,0.0,0.0,0.0,1.0,0.0,0.0,0.0,0.0,0.0,0.1,0.0,-0.6000000000000001,0.0,0.0,16.0,25903.0
2026-07-30T18:58:45.586Z,95.069,95.082,0.0,7.4,0.0,0.0,0.0,0.0,0.0,0.0,0.0,0.0,1.0,0.0,0.0,0.0,9.0,4.0,0.0,0.0,0.0,0.0,0.0,0.0,0.0,0.0,6.0,12.0,1.0,12.14,5.01,2.5,1.49,0.0,0.0,0.0,0.6000000000000001,0.0,0.9,1.8,-0.6000000000000001,-3.3000000000000003,0.0,0.0,3.4000000000000004,0.0,21.4,33.4,33.4,34.300000000000004,300.0,300.0,30.5,34.4,32.1,31.700000000000003,33.300000000000004,4.95,1.99,4.96,0.16,0.0,0.0,1027.0,8228.0,0.0,0.0,0.0,0.0,0.0,1.0,0.0,0.0,0.0,0.0,0.0,-1.8,0.0,-0.5,0.0,0.0,16.0,25903.0
2026-07-30T18:58:45.598Z,95.081,95.094,0.0,7.4,0.0,0.0,0.0,0.0,0.0,0.0,0.0,0.0,1.0,0.0,0.0,0.0,9.0,4.0,0.0,0.0,0.0,0.0,0.0,0.0,0.0,0.0,2.0,12.0,1.0,12.14,5.01,2.5,1.49,0.0,0.0,0.0,0.6000000000000001,0.0,0.3,0.6000000000000001,0.0,-3.3000000000000003,0.0,0.0,3.4000000000000004,0.0,21.4,33.4,33.4,34.300000000000004,300.0,300.0,30.5,34.4,32.1,31.700000000000003,33.300000000000004,4.95,2.0,4.96,0.16,0.0,0.0,1027.0,8228.0,0.0,0.0,0.0,0.0,0.0,1.0,0.0,0.0,0.0,0.0,0.0,-0.7000000000000001,0.0,0.0,0.0,0.0,16.0,25903.0
2026-07-30T18:58:45.610Z,95.093,95.106,0.0,7.4,0.0,0.0,0.0,0.0,0.0,0.0,0.0,0.0,1.0,0.0,0.0,0.0,9.0,4.0,0.0,0.0,0.0,0.0,0.0,0.0,0.0,0.0,3.0,12.0,1.0,12.14,5.01,2.5,1.49,0.0,0.0,0.0,0.6000000000000001,0.0,-0.2,-0.4,-0.6000000000000001,-3.3000000000000003,0.0,0.0,3.4000000000000004,0.0,21.4,33.4,33.4,34.300000000000004,300.0,300.0,30.5,34.4,32.1,31.700000000000003,33.300000000000004,4.96,2.0,4.97,0.16,0.0,0.0,1027.0,8228.0,0.0,0.0,0.0,0.0,0.0,1.0,0.0,0.0,0.0,0.0,0.0,0.8,0.0,-0.7000000000000001,0.0,0.0,16.0,25903.0
2026-07-30T18:58:45.622Z,95.105,95.118,0.0,7.4,0.0,0.0,0.0,0.0,0.0,0.0,0.0,0.0,1.0,0.0,0.0,0.0,9.0,4.0,0.0,0.0,0.0,0.0,0.0,0.0,0.0,0.0,4.0,12.0,1.0,12.14,5.01,2.5,1.49,0.0,0.1,0.0,0.6000000000000001,0.0,0.3,0.1,0.0,-3.3000000000000003,0.0,0.0,3.4000000000000004,0.0,21.4,33.4,33.4,34.300000000000004,300.0,300.0,30.5,34.4,32.1,31.700000000000003,33.300000000000004,4.96,1.99,4.97,0.16,0.0,0.0,1027.0,8228.0,0.0,0.0,0.0,0.0,0.0,1.0,0.0,0.0,0.0,0.0,0.0,-0.1,0.0,0.0,0.0,0.0,16.0,25903.0
2026-07-30T18:58:45.634Z,95.117,95.13,0.0,7.4,0.0,0.0,0.0,0.0,0.0,0.0,0.0,0.0,1.0,0.0,0.0,0.0,9.0,4.0,0.0,0.0,0.0,0.0,0.0,0.0,0.0,0.0,5.0,12.0,1.0,12.14,5.01,2.5,1.49,0.0,0.0,0.0,0.6000000000000001,0.0,-0.2,1.2000000000000002,0.0,-3.3000000000000003,0.0,0.0,3.4000000000000004,0.0,21.4,33.4,33.4,34.300000000000004,300.0,300.0,30.5,34.4,32.1,31.700000000000003,33.300000000000004,4.96,1.99,4.96,0.16,0.0,0.0,1027.0,8228.0,0.0,0.0,0.0,0.0,0.0,1.0,0.0,0.0,0.0,0.0,0.0,-1.4,0.0,0.0,0.0,0.0,16.0,25903.0
2026-07-30T18:58:45.646Z,95.129,95.142,0.0,7.4,0.0,0.0,0.0,0.0,0.0,0.0,0.0,0.0,1.0,0.0,0.0,0.0,9.0,4.0,0.0,0.0,0.0,0.0,0.0,0.0,0.0,0.0,1.0,12.0,1.0,12.14,5.01,2.5,1.49,0.0,0.0,0.0,0.6000000000000001,0.0,0.2,0.1,-0.6000000000000001,-3.3000000000000003,0.0,0.0,3.4000000000000004,0.0,21.4,33.4,33.4,34.300000000000004,300.0,300.0,30.5,34.4,32.1,31.700000000000003,33.300000000000004,4.96,2.0,4.96,0.16,0.0,0.0,1027.0,8228.0,0.0,0.0,0.0,0.0,0.0,1.0,0.0,0.0,0.0,0.0,0.0,0.2,0.0,-0.6000000000000001,0.0,0.0,16.0,25903.0
2026-07-30T18:58:45.658Z,95.141,95.154,0.0,7.4,0.0,0.0,0.0,0.0,0.0,0.0,0.0,0.0,1.0,0.0,0.0,0.0,9.0,4.0,0.0,0.0,0.0,0.0,0.0,0.0,0.0,0.0,2.0,12.0,1.0,12.14,5.01,2.5,1.49,0.0,0.0,0.0,0.6000000000000001,0.0,-0.2,0.6000000000000001,0.5,-3.3000000000000003,0.0,0.0,3.4000000000000004,0.0,21.4,33.4,33.4,34.300000000000004,300.0,300.0,30.5,34.4,32.1,31.700000000000003,33.300000000000004,4.95,2.0,4.97,0.16,0.0,0.0,1027.0,8228.0,0.0,0.0,0.0,0.0,0.0,1.0,0.0,0.0,0.0,0.0,0.0,-1.0,0.0,0.5,0.0,0.0,16.0,25903.0
2026-07-30T18:58:45.671Z,95.154,95.166,0.0,7.4,0.0,0.0,0.0,0.0,0.0,0.0,0.0,0.0,1.0,0.0,0.0,0.0,9.0,4.0,0.0,0.0,0.0,0.0,0.0,0.0,0.0,0.0,4.0,12.0,1.0,12.17,5.0200000000000005,2.5,1.49,0.0,0.0,0.0,0.6000000000000001,0.0,-0.3,-1.1,-0.6000000000000001,-3.3000000000000003,0.0,0.0,3.4000000000000004,0.0,21.200000000000003,33.4,33.4,34.300000000000004,300.0,300.0,30.4,34.300000000000004,32.1,31.700000000000003,33.300000000000004,4.96,1.99,4.96,0.16,0.0,0.0,1027.0,8228.0,0.0,0.0,0.0,0.0,0.0,1.0,0.0,0.0,0.0,0.0,0.0,1.6,0.0,-0.7000000000000001,0.0,0.0,16.0,25903.0
2026-07-30T18:58:45.682Z,95.165,95.178,0.0,7.4,0.0,0.0,0.0,0.0,0.0,0.0,0.0,0.0,1.0,0.0,0.0,0.0,9.0,4.0,0.0,0.0,0.0,0.0,0.0,0.0,0.0,0.0,6.0,12.0,1.0,12.17,5.0200000000000005,2.5,1.49,0.0,0.0,0.0,0.6000000000000001,0.0,-0.8,0.0,0.5,-3.3000000000000003,0.0,0.0,3.4000000000000004,0.0,21.200000000000003,33.4,33.4,34.300000000000004,300.0,300.0,30.4,34.300000000000004,32.1,31.700000000000003,33.300000000000004,4.96,2.0,4.96,0.16,0.0,0.0,1027.0,8228.0,0.0,0.0,0.0,0.0,0.0,1.0,0.0,0.0,0.0,0.0,0.0,-0.3,0.0,0.5,0.0,0.0,16.0,25903.0
2026-07-30T18:58:45.694Z,95.177,95.19,0.0,7.4,0.0,0.0,0.0,0.0,0.0,0.0,0.0,0.0,1.0,0.0,0.0,0.0,9.0,4.0,0.0,0.0,0.0,0.0,0.0,0.0,0.0,0.0,1.0,12.0,1.0,12.17,5.0200000000000005,2.5,1.49,0.0,0.0,0.0,0.6000000000000001,0.0,-0.2,1.2000000000000002,0.0,-3.3000000000000003,0.0,0.0,3.4000000000000004,0.0,21.200000000000003,33.4,33.4,34.300000000000004,300.0,300.0,30.4,34.300000000000004,32.1,31.700000000000003,33.300000000000004,4.95,1.99,4.96,0.16,0.0,0.0,1027.0,8228.0,0.0,0.0,0.0,0.0,0.0,1.0,0.0,0.0,0.0,0.0,0.0,-1.3,0.0,0.0,0.0,0.0,16.0,25903.0
2026-07-30T18:58:45.706Z,95.189,95.202,0.0,7.4,0.0,0.0,0.0,0.0,0.0,0.0,0.0,0.0,1.0,0.0,0.0,0.0,9.0,4.0,0.0,0.0,0.0,0.0,0.0,0.0,0.0,0.0,2.0,12.0,1.0,12.17,5.0200000000000005,2.5,1.49,0.0,0.0,0.0,0.6000000000000001,0.0,-0.2,-0.5,-1.8,-3.3000000000000003,0.0,0.0,3.4000000000000004,0.0,21.200000000000003,33.4,33.4,34.300000000000004,300.0,300.0,30.4,34.300000000000004,32.1,31.700000000000003,33.300000000000004,4.95,1.99,4.97,0.16,0.0,0.0,1027.0,8228.0,0.0,0.0,0.0,0.0,0.0,1.0,0.0,0.0,0.0,0.0,0.0,1.5,0.0,-1.9,0.0,0.0,16.0,25903.0
2026-07-30T18:58:45.718Z,95.201,95.214,0.0,7.4,0.0,0.0,0.0,0.0,0.0,0.0,0.0,0.0,1.0,0.0,0.0,0.0,9.0,4.0,0.0,0.0,0.0,0.0,0.0,0.0,0.0,0.0,4.0,12.0,1.0,12.17,5.0200000000000005,2.5,1.49,0.0,0.0,0.0,0.6000000000000001,0.0,-0.8,0.5,-0.1,-3.3000000000000003,0.0,0.0,3.4000000000000004,0.0,21.200000000000003,33.4,33.4,34.300000000000004,300.0,300.0,30.4,34.300000000000004,32.1,31.700000000000003,33.300000000000004,4.96,1.99,4.96,0.16,0.0,0.0,1027.0,8228.0,0.0,0.0,0.0,0.0,0.0,1.0,0.0,0.0,0.0,0.0,0.0,-0.6000000000000001,0.0,0.0,0.0,0.0,16.0,25903.0
2026-07-30T18:58:45.730Z,95.213,95.226,0.0,7.4,0.0,0.0,0.0,0.0,0.0,0.0,0.0,0.0,1.0,0.0,0.0,0.0,9.0,4.0,0.0,0.0,0.0,0.0,0.0,0.0,0.0,0.0,5.0,12.0,1.0,12.17,5.0200000000000005,2.5,1.49,0.0,0.0,0.0,0.6000000000000001,0.0,0.2,0.5,1.0,-3.3000000000000003,0.0,0.0,3.4000000000000004,0.0,21.200000000000003,33.4,33.4,34.300000000000004,300.0,300.0,30.4,34.300000000000004,32.1,31.700000000000003,33.300000000000004,4.96,1.99,4.97,0.16,0.0,0.0,1027.0,8228.0,0.0,0.0,0.0,0.0,0.0,1.0,0.0,0.0,0.0,0.0,0.0,-1.2000000000000002,0.0,1.1,0.0,0.0,16.0,25903.0
2026-07-30T18:58:45.742Z,95.225,95.238,0.0,7.4,0.0,0.0,0.0,0.0,0.0,0.0,0.0,0.0,1.0,0.0,0.0,0.0,9.0,4.0,0.0,0.0,0.0,0.0,0.0,0.0,0.0,0.0,6.0,12.0,1.0,12.17,5.0200000000000005,2.5,1.49,0.0,0.0,0.0,0.6000000000000001,0.0,-0.9,0.0,0.9,-3.3000000000000003,0.0,0.0,3.4000000000000004,0.0,21.200000000000003,33.4,33.4,34.300000000000004,300.0,300.0,30.4,34.300000000000004,32.1,31.700000000000003,33.300000000000004,4.95,1.99,4.97,0.16,0.0,0.0,1027.0,8228.0,0.0,0.0,0.0,0.0,0.0,1.0,0.0,0.0,0.0,0.0,0.0,-0.4,0.0,1.0,0.0,0.0,16.0,25903.0
2026-07-30T18:58:45.754Z,95.237,95.25,0.0,7.4,0.0,0.0,0.0,0.0,0.0,0.0,0.0,0.0,1.0,0.0,0.0,0.0,9.0,4.0,0.0,0.0,0.0,0.0,0.0,0.0,0.0,0.0,1.0,12.0,1.0,12.17,5.0200000000000005,2.5,1.49,0.0,0.0,0.0,0.6000000000000001,0.0,0.7000000000000001,-0.6000000000000001,-0.7000000000000001,-3.3000000000000003,0.0,0.0,3.4000000000000004,0.0,21.200000000000003,33.4,33.4,34.300000000000004,300.0,300.0,30.4,34.300000000000004,32.1,31.700000000000003,33.300000000000004,4.96,1.99,4.96,0.16,0.0,0.0,1027.0,8228.0,0.0,0.0,0.0,0.0,0.0,1.0,0.0,0.0,0.0,0.0,0.0,1.1,0.0,-0.7000000000000001,0.0,0.0,16.0,25903.0
2026-07-30T18:58:45.766Z,95.249,95.262,0.0,7.4,0.0,0.0,0.0,0.0,0.0,0.0,0.0,0.0,1.0,0.0,0.0,0.0,9.0,4.0,0.0,0.0,0.0,0.0,0.0,0.0,0.0,0.0,2.0,12.0,1.0,12.17,5.0200000000000005,2.5,1.49,0.0,0.0,0.0,0.6000000000000001,0.0,-0.3,-1.2000000000000002,-0.7000000000000001,-3.3000000000000003,0.0,0.0,3.4000000000000004,0.0,21.200000000000003,33.4,33.4,34.300000000000004,300.0,300.0,30.4,34.300000000000004,32.1,31.700000000000003,33.300000000000004,4.95,2.0,4.96,0.16,0.0,0.0,1027.0,8228.0,0.0,0.0,0.0,0.0,0.0,1.0,0.0,0.0,0.0,0.0,0.0,1.8,0.0,-0.9,0.0,0.0,16.0,25903.0
2026-07-30T18:58:45.778Z,95.261,95.274,0.0,7.4,0.0,0.0,0.0,0.0,0.0,0.0,0.0,0.0,1.0,0.0,0.0,0.0,9.0,4.0,0.0,0.0,0.0,0.0,0.0,0.0,0.0,0.0,3.0,12.0,1.0,12.15,5.01,2.5,1.49,0.0,0.0,0.0,0.6000000000000001,0.0,-0.3,0.0,-0.2,-3.3000000000000003,0.0,0.0,3.4000000000000004,0.0,21.9,33.4,33.4,34.300000000000004,300.0,300.0,30.5,34.300000000000004,32.1,31.700000000000003,33.300000000000004,4.95,1.99,4.97,0.16,0.0,0.0,1027.0,8228.0,0.0,0.0,0.0,0.0,0.0,1.0,0.0,0.0,0.0,0.0,0.0,0.2,0.0,-0.2,0.0,0.0,16.0,25903.0
2026-07-30T18:58:45.790Z,95.273,95.286,0.0,7.4,0.0,0.0,0.0,0.0,0.0,0.0,0.0,0.0,1.0,0.0,0.0,0.0,9.0,4.0,0.0,0.0,0.0,0.0,0.0,0.0,0.0,0.0,4.0,12.0,1.0,12.15,5.01,2.5,1.49,0.0,0.0,0.0,0.6000000000000001,0.0,-0.3,0.4,0.9,-3.3000000000000003,0.0,0.0,3.4000000000000004,0.0,21.9,33.4,33.4,34.300000000000004,300.0,300.0,30.5,34.300000000000004,32.1,31.700000000000003,33.300000000000004,4.96,1.99,4.97,0.16,0.0,0.0,1027.0,8228.0,0.0,0.0,0.0,0.0,0.0,1.0,0.0,0.0,0.0,0.0,0.0,-1.0,0.0,1.0,0.0,0.0,16.0,25903.0
2026-07-30T18:58:45.802Z,95.285,95.298,0.0,7.4,0.0,0.0,0.0,0.0,0.0,0.0,0.0,0.0,1.0,0.0,0.0,0.0,9.0,4.0,0.0,0.0,0.0,0.0,0.0,0.0,0.0,0.0,5.0,12.0,1.0,12.15,5.01,2.5,1.49,0.0,0.0,0.0,0.6000000000000001,0.0,0.7000000000000001,1.0,1.5,-3.3000000000000003,0.0,0.0,3.4000000000000004,0.0,21.9,33.4,33.4,34.300000000000004,300.0,300.0,30.5,34.300000000000004,32.1,31.700000000000003,33.300000000000004,4.96,1.99,4.96,0.16,0.0,0.0,1027.0,8228.0,0.0,0.0,0.0,0.0,0.0,1.0,0.0,0.0,0.0,0.0,0.0,-2.0,0.0,1.6,0.0,0.0,16.0,25903.0
2026-07-30T18:58:45.814Z,95.297,95.31,0.0,7.4,0.0,0.0,0.0,0.0,0.0,0.0,0.0,0.0,1.0,0.0,0.0,0.0,9.0,4.0,0.0,0.0,0.0,0.0,0.0,0.0,0.0,0.0,6.0,12.0,1.0,12.15,5.01,2.5,1.49,0.0,0.0,0.0,0.6000000000000001,0.0,0.2,-0.1,-0.8,-3.3000000000000003,0.0,0.0,3.4000000000000004,0.0,21.9,33.4,33.4,34.300000000000004,300.0,300.0,30.5,34.300000000000004,32.1,31.700000000000003,33.300000000000004,4.95,1.99,4.97,0.16,0.0,0.0,1027.0,8228.0,0.0,0.0,0.0,0.0,0.0,1.0,0.0,0.0,0.0,0.0,0.0,0.3,0.0,0.8,0.0,0.0,16.0,25903.0
2026-07-30T18:58:45.826Z,95.309,95.322,0.0,7.4,0.0,0.0,0.0,0.0,0.0,0.0,0.0,0.0,1.0,0.0,0.0,0.0,9.0,4.0,0.0,0.0,0.0,0.0,0.0,0.0,0.0,0.0,2.0,12.0,1.0,12.15,5.01,2.5,1.49,0.0,0.1,0.0,0.6000000000000001,0.0,-0.3,-0.1,-1.4,-3.3000000000000003,0.0,0.0,3.4000000000000004,0.0,21.9,33.4,33.4,34.300000000000004,300.0,300.0,30.5,34.300000000000004,32.1,31.700000000000003,33.300000000000004,4.95,1.99,4.96,0.16,0.0,0.0,1027.0,8228.0,0.0,0.0,0.0,0.0,0.0,1.0,0.0,0.0,0.0,0.0,0.0,0.8,0.0,-1.4,0.0,0.0,16.0,25903.0
2026-07-30T18:58:45.838Z,95.321,95.334,0.0,7.4,0.0,0.0,0.0,0.0,0.0,0.0,0.0,0.0,1.0,0.0,0.0,0.0,9.0,4.0,0.0,0.0,0.0,0.0,0.0,0.0,0.0,0.0,2.0,12.0,1.0,12.15,5.01,2.5,1.49,0.0,0.0,0.0,0.6000000000000001,0.0,0.2,-0.1,-0.3,-3.3000000000000003,0.0,0.0,3.4000000000000004,0.0,21.9,33.4,33.4,34.300000000000004,300.0,300.0,30.5,34.300000000000004,32.1,31.700000000000003,33.300000000000004,4.96,1.99,4.96,0.16,0.0,0.0,1027.0,8228.0,0.0,0.0,0.0,0.0,0.0,1.0,0.0,0.0,0.0,0.0,0.0,0.9,0.0,-0.3,0.0,0.0,16.0,25903.0
2026-07-30T18:58:45.850Z,95.333,95.346,0.0,7.4,0.0,0.0,0.0,0.0,0.0,0.0,0.0,0.0,1.0,0.0,0.0,0.0,9.0,4.0,0.0,0.0,0.0,0.0,0.0,0.0,0.0,0.0,4.0,12.0,1.0,12.15,5.01,2.5,1.49,0.0,0.1,0.0,0.6000000000000001,0.0,-0.3,0.4,0.3,-3.3000000000000003,0.0,0.0,3.4000000000000004,0.0,21.9,33.4,33.4,34.300000000000004,300.0,300.0,30.5,34.300000000000004,32.1,31.700000000000003,33.300000000000004,4.95,1.99,4.96,0.16,0.0,0.0,1027.0,8228.0,0.0,0.0,0.0,0.0,0.0,1.0,0.0,0.0,0.0,0.0,0.0,0.2,0.0,-0.2,0.0,0.0001,16.0,25903.0
2026-07-30T18:58:45.862Z,95.345,95.358,0.0,7.4,0.0,0.0,0.0,0.0,0.0,0.0,0.0,0.0,1.0,0.0,0.0,0.0,9.0,4.0,0.0,0.0,0.0,0.0,0.0,0.0,0.0,0.0,5.0,12.0,1.0,12.15,5.01,2.5,1.49,0.0,0.0,0.0,0.6000000000000001,0.0,0.7000000000000001,-0.6000000000000001,0.8,-3.3000000000000003,0.0,0.0,3.4000000000000004,0.0,21.9,33.4,33.4,34.300000000000004,300.0,300.0,30.5,34.300000000000004,32.1,31.700000000000003,33.300000000000004,4.95,1.99,4.97,0.16,0.0,0.0,1027.0,8228.0,0.0,0.0,0.0,0.0,0.0,1.0,0.0,0.0,0.0,0.0,0.0,-0.7000000000000001,0.0,0.3,0.0,0.0,16.0,25903.0
2026-07-30T18:58:45.875Z,95.358,95.37,0.0,7.4,0.0,0.0,0.0,0.0,0.0,0.0,0.0,0.0,1.0,0.0,0.0,0.0,9.0,4.0,0.0,0.0,0.0,0.0,0.0,0.0,0.0,0.0,6.0,12.0,1.0,12.18,5.01,2.5,1.49,0.0,0.0,0.0,0.6000000000000001,0.0,-0.9,-0.6000000000000001,-0.8,-3.3000000000000003,0.0,0.0,3.3000000000000003,0.0,21.700000000000003,33.4,33.4,34.300000000000004,300.0,300.0,30.5,34.4,32.1,31.700000000000003,33.300000000000004,4.95,1.99,4.96,0.16,0.0,0.0,1027.0,8228.0,0.0,0.0,0.0,0.0,0.0,1.0,0.0,0.0,0.0,0.0,0.0,1.2000000000000002,0.0,-0.9,0.0,0.0,16.0,25903.0
2026-07-30T18:58:45.892Z,95.375,95.382,0.0,7.4,0.0,0.0,0.0,0.0,0.0,0.0,0.0,0.0,1.0,0.0,0.0,0.0,9.0,4.0,0.0,0.0,0.0,0.0,0.0,0.0,0.0,0.0,1.0,12.0,1.0,12.18,5.01,2.5,1.49,0.0,0.0,0.0,0.6000000000000001,0.0,-0.9,-0.6000000000000001,-0.2,-3.3000000000000003,0.0,0.0,3.4000000000000004,0.0,21.700000000000003,33.4,33.4,34.300000000000004,300.0,300.0,30.5,34.4,32.1,31.700000000000003,33.300000000000004,4.96,1.99,4.96,0.16,0.0,0.0,1027.0,8228.0,0.0,0.0,0.0,0.0,0.0,1.0,0.0,0.0,0.0,0.0,0.0,-0.3,0.0,0.8,0.0,0.0,16.0,25903.0
2026-07-30T18:58:45.898Z,95.381,95.394,0.0,7.4,0.0,0.0,0.0,0.0,0.0,0.0,0.0,0.0,1.0,0.0,0.0,0.0,9.0,4.0,0.0,0.0,0.0,0.0,0.0,0.0,0.0,0.0,6.0,12.0,1.0,12.18,5.01,2.5,1.49,0.0,0.1,0.0,0.6000000000000001,0.0,0.8,-1.2000000000000002,-0.8,-3.3000000000000003,0.0,0.0,3.4000000000000004,0.0,21.700000000000003,33.4,33.4,34.300000000000004,300.0,300.0,30.5,34.4,32.1,31.700000000000003,33.300000000000004,4.95,1.99,4.96,0.16,0.0,0.0,1027.0,8228.0,0.0,0.0,0.0,0.0,0.0,1.0,0.0,0.0,0.0,0.0,0.0,1.8,0.0,-0.9,0.0,0.0,16.0,25903.0
2026-07-30T18:58:45.910Z,95.393,95.406,0.0,7.4,0.0,0.0,0.0,0.0,0.0,0.0,0.0,0.0,1.0,0.0,0.0,0.0,9.0,4.0,0.0,0.0,0.0,0.0,0.0,0.0,0.0,0.0,5.0,12.0,1.0,12.18,5.01,2.5,1.49,0.0,0.0,0.0,0.6000000000000001,0.0,0.2,0.0,0.8,-3.3000000000000003,0.0,0.0,3.4000000000000004,0.0,21.700000000000003,33.4,33.4,34.300000000000004,300.0,300.0,30.5,34.4,32.1,31.700000000000003,33.300000000000004,4.95,1.99,4.96,0.16,0.0,0.0,1027.0,8228.0,0.0,0.0,0.0,0.0,0.0,1.0,0.0,0.0,0.0,0.0,0.0,-0.4,0.0,0.9,0.0,0.0,16.0,25903.0
2026-07-30T18:58:45.922Z,95.405,95.418,0.0,7.4,0.0,0.0,0.0,0.0,0.0,0.0,0.0,0.0,1.0,0.0,0.0,0.0,9.0,4.0,0.0,0.0,0.0,0.0,0.0,0.0,0.0,0.0,6.0,12.0,1.0,12.18,5.01,2.5,1.49,0.0,0.0,0.0,0.6000000000000001,0.0,-0.2,0.0,0.8,-3.3000000000000003,0.0,0.0,3.4000000000000004,0.0,21.700000000000003,33.4,33.4,34.300000000000004,300.0,300.0,30.5,34.4,32.1,31.700000000000003,33.300000000000004,4.95,2.0,4.96,0.16,0.0,0.0,1027.0,8228.0,0.0,0.0,0.0,0.0,0.0,1.0,0.0,0.0,0.0,0.0,0.0,-0.4,0.0,0.9,0.0,0.0,16.0,25903.0
2026-07-30T18:58:45.934Z,95.417,95.43,0.0,7.4,0.0,0.0,0.0,0.0,0.0,0.0,0.0,0.0,1.0,0.0,0.0,0.0,9.0,4.0,0.0,0.0,0.0,0.0,0.0,0.0,0.0,0.0,2.0,12.0,1.0,12.18,5.01,2.5,1.49,0.0,0.0,0.0,0.6000000000000001,0.0,-0.2,0.0,0.2,-3.3000000000000003,0.0,0.0,3.4000000000000004,0.0,21.700000000000003,33.4,33.4,34.300000000000004,300.0,300.0,30.5,34.4,32.1,31.700000000000003,33.300000000000004,4.95,1.99,4.96,0.16,0.0,0.0,1027.0,8228.0,0.0,0.0,0.0,0.0,0.0,1.0,0.0,0.0,0.0,0.0,0.0,-0.1,0.0,0.3,0.0,0.0,16.0,25903.0
2026-07-30T18:58:45.946Z,95.429,95.442,0.0,7.4,0.0,0.0,0.0,0.0,0.0,0.0,0.0,0.0,1.0,0.0,0.0,0.0,9.0,4.0,0.0,0.0,0.0,0.0,0.0,0.0,0.0,0.0,3.0,12.0,1.0,12.18,5.01,2.5,1.49,0.0,0.1,0.0,0.6000000000000001,0.0,0.3,-0.5,-1.4,-3.3000000000000003,0.0,0.0,3.4000000000000004,0.0,21.700000000000003,33.4,33.4,34.300000000000004,300.0,300.0,30.5,34.4,32.1,31.700000000000003,33.300000000000004,4.95,1.99,4.97,0.16,0.0,0.0,1027.0,8228.0,0.0,0.0,0.0,0.0,0.0,1.0,0.0,0.0,0.0,0.0,0.0,1.3,0.0,-1.4,0.0,0.0,16.0,25903.0
2026-07-30T18:58:45.958Z,95.441,95.454,0.0,7.4,0.0,0.0,0.0,0.0,0.0,0.0,0.0,0.0,1.0,0.0,0.0,0.0,9.0,4.0,0.0,0.0,0.0,0.0,0.0,0.0,0.0,0.0,5.0,12.0,1.0,12.18,5.01,2.5,1.49,0.0,0.0,0.0,0.6000000000000001,0.0,-0.8,-1.1,-0.2,-3.3000000000000003,0.0,0.0,3.4000000000000004,0.0,21.700000000000003,33.4,33.4,34.300000000000004,300.0,300.0,30.5,34.4,32.1,31.700000000000003,33.300000000000004,4.96,1.99,4.96,0.16,0.0,0.0,1027.0,8228.0,0.0,0.0,0.0,0.0,0.0,1.0,0.0,0.0,0.0,0.0,0.0,1.4,0.0,-0.3,0.0,0.0,16.0,25903.0
2026-07-30T18:58:45.970Z,95.453,95.466,0.0,7.4,0.0,0.0,0.0,0.0,0.0,0.0,0.0,0.0,1.0,0.0,0.0,0.0,9.0,4.0,0.0,0.0,0.0,0.0,0.0,0.0,0.0,0.0,6.0,12.0,1.0,12.18,5.01,2.5,1.49,0.0,0.0,0.0,0.6000000000000001,0.0,0.3,0.0,-0.2,-3.3000000000000003,0.0,0.0,3.4000000000000004,0.0,21.700000000000003,33.4,33.4,34.300000000000004,300.0,300.0,30.5,34.4,32.1,31.700000000000003,33.300000000000004,4.96,1.99,4.97,0.16,0.0,0.0,1027.0,8228.0,0.0,0.0,0.0,0.0,0.0,1.0,0.0,0.0,0.0,0.0,0.0,0.0,0.0,-0.2,0.0,0.0,16.0,25903.0
2026-07-30T18:58:45.982Z,95.465,95.478,0.0,7.4,0.0,0.0,0.0,0.0,0.0,0.0,0.0,0.0,1.0,0.0,0.0,0.0,9.0,4.0,0.0,0.0,0.0,0.0,0.0,0.0,0.0,0.0,1.0,12.0,1.0,12.11,5.01,2.51,1.5,0.0,0.0,0.0,0.6000000000000001,0.0,0.3,0.1,0.9,-3.3000000000000003,0.0,0.0,3.4000000000000004,0.0,21.700000000000003,33.4,33.4,34.300000000000004,300.0,300.0,30.5,34.4,32.1,31.700000000000003,33.300000000000004,4.95,1.99,4.97,0.16,0.0,0.0,1027.0,8228.0,0.0,0.0,0.0,0.0,0.0,1.0,0.0,0.0,0.0,0.0,0.0,0.2,0.0,-0.8,0.0,0.0,16.0,25903.0
2026-07-30T18:58:45.994Z,95.477,95.49,0.0,7.4,0.0,0.0,0.0,0.0,0.0,0.0,0.0,0.0,1.0,0.0,0.0,0.0,9.0,4.0,0.0,0.0,0.0,0.0,0.0,0.0,0.0,0.0,3.0,12.0,1.0,12.11,5.01,2.51,1.5,0.0,0.0,0.0,0.6000000000000001,0.0,0.3,-1.0,-0.7000000000000001,-3.3000000000000003,0.0,0.0,3.4000000000000004,0.0,21.700000000000003,33.4,33.4,34.300000000000004,300.0,300.0,30.5,34.4,32.1,31.700000000000003,33.300000000000004,4.96,1.99,4.97,0.16,0.0,0.0,1027.0,8228.0,0.0,0.0,0.0,0.0,0.0,1.0,0.0,0.0,0.0,0.0,0.0,1.0,0.0,0.3,0.0,0.0,16.0,25903.0
2026-07-30T18:58:46.005Z,95.488,95.502,0.0,7.4,0.0,0.0,0.0,0.0,0.0,0.0,0.0,0.0,1.0,0.0,0.0,0.0,9.0,4.0,0.0,0.0,0.0,0.0,0.0,0.0,0.0,0.0,4.0,12.0,1.0,12.11,5.01,2.51,1.5,0.0,0.0,0.0,0.5,0.0,-0.1,-1.0,-0.1,-3.3000000000000003,0.0,0.0,3.4000000000000004,0.0,21.700000000000003,33.4,33.4,34.300000000000004,300.0,300.0,30.5,34.4,32.1,31.700000000000003,33.300000000000004,4.96,1.99,4.96,0.16,0.0,0.0,1027.0,8228.0,0.0,0.0,0.0,0.0,0.0,1.0,0.0,0.0,0.0,0.0,0.0,1.3,0.0,-0.2,0.0,0.0,16.0,25903.0
2026-07-30T18:58:46.017Z,95.5,95.514,0.0,7.4,0.0,0.0,0.0,0.0,0.0,0.0,0.0,0.0,1.0,0.0,0.0,0.0,9.0,4.0,0.0,0.0,0.0,0.0,0.0,0.0,0.0,0.0,5.0,12.0,1.0,12.11,5.01,2.51,1.5,0.0,0.0,0.0,0.6000000000000001,0.0,0.4,1.2000000000000002,0.9,-3.3000000000000003,0.0,0.0,3.4000000000000004,0.0,21.700000000000003,33.4,33.4,34.300000000000004,300.0,300.0,30.5,34.4,32.1,31.700000000000003,33.300000000000004,4.96,1.99,4.97,0.16,0.0,0.0,1027.0,8228.0,0.0,0.0,0.0,0.0,0.0,1.0,0.0,0.0,0.0,0.0,0.0,-1.9,0.0,1.1,0.0,0.0,16.0,25903.0
2026-07-30T18:58:46.030Z,95.513,95.526,0.0,7.4,0.0,0.0,0.0,0.0,0.0,0.0,0.0,0.0,1.0,0.0,0.0,0.0,9.0,4.0,0.0,0.0,0.0,0.0,0.0,0.0,0.0,0.0,1.0,12.0,1.0,12.11,5.01,2.51,1.5,0.0,0.0,0.0,0.6000000000000001,0.0,1.0,0.1,1.6,-3.3000000000000003,0.0,0.0,3.4000000000000004,0.0,21.700000000000003,33.4,33.4,34.300000000000004,300.0,300.0,30.5,34.4,32.1,31.700000000000003,33.300000000000004,4.95,2.0,4.97,0.16,0.0,0.0,1027.0,8228.0,0.0,0.0,0.0,0.0,0.0,1.0,0.0,0.0,0.0,0.0,0.0,-0.9,0.0,1.6,0.0,0.0,16.0,25903.0
2026-07-30T18:58:46.042Z,95.525,95.538,0.0,7.4,0.0,0.0,0.0,0.0,0.0,0.0,0.0,0.0,1.0,0.0,0.0,0.0,9.0,4.0,0.0,0.0,0.0,0.0,0.0,0.0,0.0,0.0,2.0,12.0,1.0,12.11,5.01,2.51,1.5,0.0,0.1,0.0,0.6000000000000001,0.0,-0.1,-0.4,0.4,-3.3000000000000003,0.0,0.0,3.4000000000000004,0.0,21.700000000000003,33.4,33.4,34.300000000000004,300.0,300.0,30.5,34.4,32.1,31.700000000000003,33.300000000000004,4.96,2.0,4.96,0.16,0.0,0.0,1027.0,8228.0,0.0,0.0,0.0,0.0,0.0,1.0,0.0,0.0,0.0,0.0,0.0,0.2,0.0,0.4,0.0,0.0,16.0,25903.0
2026-07-30T18:58:46.054Z,95.537,95.55,0.0,7.4,0.0,0.0,0.0,0.0,0.0,0.0,0.0,0.0,1.0,0.0,0.0,0.0,9.0,4.0,0.0,0.0,0.0,0.0,0.0,0.0,0.0,0.0,4.0,12.0,1.0,12.11,5.01,2.51,1.5,0.0,0.0,0.0,0.6000000000000001,0.0,1.6,-0.4,1.0,-3.3000000000000003,0.0,0.0,3.4000000000000004,0.0,21.700000000000003,33.4,33.4,34.300000000000004,300.0,300.0,30.5,34.4,32.1,31.700000000000003,33.300000000000004,4.95,1.99,4.97,0.16,0.0,0.0,1027.0,8228.0,0.0,0.0,0.0,0.0,0.0,1.0,0.0,0.0,0.0,0.0,0.0,0.0,0.0,1.0,0.0,0.0,16.0,25903.0
2026-07-30T18:58:46.066Z,95.549,95.562,0.0,7.4,0.0,0.0,0.0,0.0,0.0,0.0,0.0,0.0,1.0,0.0,0.0,0.0,9.0,4.0,0.0,0.0,0.0,0.0,0.0,0.0,0.0,0.0,5.0,12.0,1.0,12.11,5.01,2.51,1.5,0.0,0.1,0.0,0.6000000000000001,0.0,0.4,0.7000000000000001,1.5,-3.3000000000000003,0.0,0.0,3.4000000000000004,0.0,21.700000000000003,33.4,33.4,34.300000000000004,300.0,300.0,30.5,34.4,32.1,31.700000000000003,33.300000000000004,4.95,1.99,4.96,0.16,0.0,0.0,1027.0,8228.0,0.0,0.0,0.0,0.0,0.0,1.0,0.0,0.0,0.0,0.0,0.0,-1.6,0.0,1.6,0.0,0.0,16.0,25903.0
2026-07-30T18:58:46.079Z,95.562,95.574,0.0,7.4,0.0,0.0,0.0,0.0,0.0,0.0,0.0,0.0,1.0,0.0,0.0,0.0,9.0,4.0,0.0,0.0,0.0,0.0,0.0,0.0,0.0,0.0,6.0,12.0,1.0,12.15,5.0200000000000005,2.5,1.49,0.0,0.1,0.0,0.6000000000000001,0.0,1.0,0.1,1.0,-3.3000000000000003,0.0,0.0,3.4000000000000004,0.0,21.700000000000003,33.4,33.300000000000004,34.300000000000004,300.0,300.0,30.4,34.4,32.1,31.700000000000003,33.300000000000004,4.96,1.99,4.96,0.16,0.0,0.0,1027.0,8228.0,0.0,0.0,0.0,0.0,0.0,1.0,0.0,0.0,0.0,0.0,0.0,-0.7000000000000001,0.0,1.0,0.0,0.0,16.0,25903.0
2026-07-30T18:58:46.090Z,95.573,95.586,0.0,7.4,0.0,0.0,0.0,0.0,0.0,0.0,0.0,0.0,1.0,0.0,0.0,0.0,9.0,4.0,0.0,0.0,0.0,0.0,0.0,0.0,0.0,0.0,1.0,12.0,1.0,12.15,5.0200000000000005,2.5,1.49,-0.1,0.1,0.0,0.5,0.0,-0.1,0.7000000000000001,0.4,-3.3000000000000003,0.0,0.0,3.3000000000000003,0.0,21.700000000000003,33.4,33.300000000000004,34.300000000000004,300.0,300.0,30.4,34.4,32.1,31.700000000000003,33.300000000000004,4.96,1.99,4.96,0.16,0.0,0.0,1027.0,8228.0,0.0,0.0,0.0,0.0,0.0,1.0,0.0,0.0,0.0,0.0,0.0,-1.0,0.0,0.5,0.0,0.0,16.0,25903.0
2026-07-30T18:58:46.102Z,95.585,95.598,0.0,7.4,0.0,0.0,0.0,0.0,0.0,0.0,0.0,0.0,1.0,0.0,0.0,0.0,9.0,4.0,0.0,0.0,0.0,0.0,0.0,0.0,0.0,0.0,3.0,12.0,1.0,12.15,5.0200000000000005,2.5,1.49,0.0,0.0,0.0,0.6000000000000001,0.0,-0.1,-0.9,-1.8,-3.3000000000000003,0.0,0.0,3.4000000000000004,0.0,21.700000000000003,33.4,33.300000000000004,34.300000000000004,300.0,300.0,30.4,34.4,32.1,31.700000000000003,33.300000000000004,4.96,1.99,4.96,0.16,0.0,0.0,1027.0,8228.0,0.0,0.0,0.0,0.0,0.0,1.0,0.0,0.0,0.0,0.0,0.0,2.1,0.0,-1.9,0.0,0.0,16.0,25903.0
2026-07-30T18:58:46.113Z,95.596,95.61,0.0,7.4,0.0,0.0,0.0,0.0,0.0,0.0,0.0,0.0,1.0,0.0,0.0,0.0,9.0,4.0,0.0,0.0,0.0,0.0,0.0,0.0,0.0,0.0,4.0,12.0,1.0,12.15,5.0200000000000005,2.5,1.49,0.0,0.1,0.0,0.6000000000000001,0.0,0.4,0.7000000000000001,-0.1,-3.3000000000000003,0.0,0.0,3.4000000000000004,0.0,21.700000000000003,33.4,33.300000000000004,34.300000000000004,300.0,300.0,30.4,34.4,32.1,31.700000000000003,33.300000000000004,4.96,1.99,4.96,0.16,0.0,0.0,1027.0,8228.0,0.0,0.0,0.0,0.0,0.0,1.0,0.0,0.0,0.0,0.0,0.0,-0.7000000000000001,0.0,0.0,0.0,0.0,16.0,25903.0
2026-07-30T18:58:46.125Z,95.608,95.622,0.0,7.4,0.0,0.0,0.0,0.0,0.0,0.0,0.0,0.0,1.0,0.0,0.0,0.0,9.0,4.0,0.0,0.0,0.0,0.0,0.0,0.0,0.0,0.0,5.0,12.0,1.0,12.15,5.0200000000000005,2.5,1.49,0.0,0.0,0.0,0.6000000000000001,0.0,0.4,0.1,-0.1,-3.3000000000000003,0.0,0.0,3.4000000000000004,0.0,21.700000000000003,33.4,33.300000000000004,34.300000000000004,300.0,300.0,30.4,34.4,32.1,31.700000000000003,33.300000000000004,4.95,1.99,4.96,0.16,0.0,0.0,1027.0,8228.0,0.0,0.0,0.0,0.0,0.0,1.0,0.0,0.0,0.0,0.0,0.0,-0.1,0.0,-0.1,0.0,0.0,16.0,25903.0
2026-07-30T18:58:46.138Z,95.621,95.634,0.0,7.4,0.0,0.0,0.0,0.0,0.0,0.0,0.0,0.0,1.0,0.0,0.0,0.0,9.0,4.0,0.0,0.0,0.0,0.0,0.0,0.0,0.0,0.0,1.0,12.0,1.0,12.15,5.0200000000000005,2.5,1.49,0.0,0.0,0.0,0.6000000000000001,0.0,0.4,0.1,0.9,-3.3000000000000003,0.0,0.0,3.4000000000000004,0.0,21.700000000000003,33.4,33.300000000000004,34.300000000000004,300.0,300.0,30.4,34.4,32.1,31.700000000000003,33.300000000000004,4.95,1.99,4.97,0.16,0.0,0.0,1027.0,8228.0,0.0,0.0,0.0,0.0,0.0,1.0,0.0,0.0,0.0,0.0,0.0,-0.6000000000000001,0.0,1.0,0.0,0.0,16.0,25903.0
2026-07-30T18:58:46.150Z,95.633,95.646,0.0,7.4,0.0,0.0,0.0,0.0,0.0,0.0,0.0,0.0,1.0,0.0,0.0,0.0,9.0,4.0,0.0,0.0,0.0,0.0,0.0,0.0,0.0,0.0,2.0,12.0,1.0,12.15,5.0200000000000005,2.5,1.49,0.0,0.0,0.0,0.6000000000000001,0.0,-0.7000000000000001,0.1,-0.1,-3.3000000000000003,0.0,0.0,3.4000000000000004,0.0,21.700000000000003,33.4,33.300000000000004,34.300000000000004,300.0,300.0,30.4,34.4,32.1,31.700000000000003,33.300000000000004,4.96,1.99,4.97,0.16,0.0,0.0,1027.0,8228.0,0.0,0.0,0.0,0.0,0.0,1.0,0.0,0.0,0.0,0.0,0.0,0.0,0.0,-0.1,0.0,0.0,16.0,25903.0
2026-07-30T18:58:46.162Z,95.645,95.658,0.0,7.4,0.0,0.0,0.0,0.0,0.0,0.0,0.0,0.0,1.0,0.0,0.0,0.0,9.0,4.0,0.0,0.0,0.0,0.0,0.0,0.0,0.0,0.0,4.0,12.0,1.0,12.15,5.0200000000000005,2.5,1.49,0.0,0.0,0.0,0.6000000000000001,0.0,-0.1,0.6000000000000001,1.0,-3.3000000000000003,0.0,0.0,3.4000000000000004,0.0,21.700000000000003,33.4,33.300000000000004,34.300000000000004,300.0,300.0,30.4,34.4,32.1,31.700000000000003,33.300000000000004,4.96,1.99,4.96,0.16,0.0,0.0,1027.0,8228.0,0.0,0.0,0.0,0.0,0.0,1.0,0.0,0.0,0.0,0.0,0.0,-1.3,0.0,1.1,0.0,0.0,16.0,25903.0
2026-07-30T18:58:46.174Z,95.657,95.67,0.0,7.4,0.0,0.0,0.0,0.0,0.0,0.0,0.0,0.0,1.0,0.0,0.0,0.0,9.0,4.0,0.0,0.0,0.0,0.0,0.0,0.0,0.0,0.0,5.0,12.0,1.0,12.15,5.0200000000000005,2.5,1.49,-0.1,0.1,0.0,0.6000000000000001,0.0,-0.1,-1.6,-0.7000000000000001,-3.3000000000000003,0.0,0.0,3.4000000000000004,0.0,21.700000000000003,33.4,33.300000000000004,34.300000000000004,300.0,300.0,30.4,34.4,32.1,31.700000000000003,33.300000000000004,4.95,1.99,4.96,0.16,0.0,0.0,1027.0,8228.0,0.0,0.0,0.0,0.0,0.0,1.0,0.0,0.0,0.0,0.0,0.0,2.2,0.0,-0.8,0.0,0.0,16.0,25903.0
2026-07-30T18:58:46.185Z,95.668,95.682,0.0,7.4,0.0,0.0,0.0,0.0,0.0,0.0,0.0,0.0,1.0,0.0,0.0,0.0,9.0,4.0,0.0,0.0,0.0,0.0,0.0,0.0,0.0,0.0,6.0,12.0,1.0,12.17,5.0200000000000005,2.51,1.49,0.0,0.0,0.0,0.6000000000000001,0.0,-0.7000000000000001,-0.5,-0.7000000000000001,-3.3000000000000003,0.0,0.0,3.4000000000000004,0.0,21.3,33.300000000000004,33.300000000000004,34.2,300.0,300.0,30.4,34.300000000000004,32.1,31.700000000000003,33.300000000000004,4.95,1.99,4.96,0.16,0.0,0.0,1027.0,8228.0,0.0,0.0,0.0,0.0,0.0,1.0,0.0,0.0,0.0,0.0,0.0,1.0,0.0,-0.8,0.0,0.0001,16.0,25903.0
2026-07-30T18:58:46.198Z,95.681,95.694,0.0,7.4,0.0,0.0,0.0,0.0,0.0,0.0,0.0,0.0,1.0,0.0,0.0,0.0,9.0,4.0,0.0,0.0,0.0,0.0,0.0,0.0,0.0,0.0,1.0,12.0,1.0,12.17,5.0200000000000005,2.51,1.49,0.0,0.0,0.0,0.6000000000000001,0.0,-0.1,-1.0,-0.1,-3.3000000000000003,0.0,0.0,3.4000000000000004,0.0,21.3,33.300000000000004,33.300000000000004,34.2,300.0,300.0,30.4,34.300000000000004,32.1,31.700000000000003,33.300000000000004,4.96,1.99,4.96,0.16,0.0,0.0,1027.0,8228.0,0.0,0.0,0.0,0.0,0.0,1.0,0.0,0.0,0.0,0.0,0.0,1.3,0.0,-0.2,0.0,0.0001,16.0,25903.0
2026-07-30T18:58:46.214Z,95.697,95.706,0.0,7.4,0.0,0.0,0.0,0.0,0.0,0.0,0.0,0.0,1.0,0.0,0.0,0.0,9.0,4.0,0.0,0.0,0.0,0.0,0.0,0.0,0.0,0.0,2.0,12.0,1.0,12.17,5.0200000000000005,2.51,1.49,0.0,0.0,0.0,0.6000000000000001,0.0,0.3,1.7000000000000002,1.5,-3.3000000000000003,0.0,0.0,3.4000000000000004,0.0,21.3,33.300000000000004,33.300000000000004,34.2,300.0,300.0,30.4,34.300000000000004,32.1,31.700000000000003,33.300000000000004,4.96,2.0,4.97,0.16,0.0,0.0,1027.0,8228.0,0.0,0.0,0.0,0.0,0.0,1.0,0.0,0.0,0.0,0.0,0.0,-2.8000000000000003,0.0,1.7000000000000002,0.0,0.0,16.0,25903.0
2026-07-30T18:58:46.222Z,95.705,95.718,0.0,7.4,0.0,0.0,0.0,0.0,0.0,0.0,0.0,0.0,1.0,0.0,0.0,0.0,9.0,4.0,0.0,0.0,0.0,0.0,0.0,0.0,0.0,0.0,5.0,12.0,1.0,12.17,5.0200000000000005,2.51,1.49,0.0,0.0,0.0,0.6000000000000001,0.0,-0.2,0.6000000000000001,0.3,-3.3000000000000003,0.0,0.0,3.4000000000000004,0.0,21.3,33.300000000000004,33.300000000000004,34.2,300.0,300.0,30.4,34.300000000000004,32.1,31.700000000000003,33.300000000000004,4.95,2.0,4.97,0.16,0.0,0.0,1027.0,8228.0,0.0,0.0,0.0,0.0,0.0,1.0,0.0,0.0,0.0,0.0,0.0,-0.9,0.0,0.4,0.0,0.0,16.0,25903.0
2026-07-30T18:58:46.234Z,95.717,95.73,0.0,7.4,0.0,0.0,0.0,0.0,0.0,0.0,0.0,0.0,1.0,0.0,0.0,0.0,9.0,4.0,0.0,0.0,0.0,0.0,0.0,0.0,0.0,0.0,1.0,12.0,1.0,12.17,5.0200000000000005,2.51,1.49,0.0,0.0,0.0,0.6000000000000001,0.0,-0.2,0.0,0.3,-3.3000000000000003,0.0,0.0,3.4000000000000004,0.0,21.3,33.300000000000004,33.300000000000004,34.2,300.0,300.0,30.4,34.300000000000004,32.1,31.700000000000003,33.300000000000004,4.96,2.0,4.96,0.16,0.0,0.0,1027.0,8228.0,0.0,0.0,0.0,0.0,0.0,1.0,0.0,0.0,0.0,0.0,0.0,-0.1,0.0,0.3,0.0,0.0,16.0,25903.0
2026-07-30T18:58:46.246Z,95.729,95.742,0.0,7.4,0.0,0.0,0.0,0.0,0.0,0.0,0.0,0.0,1.0,0.0,0.0,0.0,9.0,4.0,0.0,0.0,0.0,0.0,0.0,0.0,0.0,0.0,2.0,12.0,1.0,12.17,5.0200000000000005,2.51,1.49,0.0,0.0,0.0,0.6000000000000001,0.0,0.2,0.5,-0.2,-3.3000000000000003,0.0,0.0,3.4000000000000004,0.0,21.3,33.300000000000004,33.300000000000004,34.2,300.0,300.0,30.4,34.300000000000004,32.1,31.700000000000003,33.300000000000004,4.95,2.0,4.96,0.16,0.0,0.0,1027.0,8228.0,0.0,0.0,0.0,0.0,0.0,1.0,0.0,0.0,0.0,0.0,0.0,-0.5,0.0,-0.2,0.0,0.0,16.0,25903.0
2026-07-30T18:58:46.258Z,95.741,95.754,0.0,7.4,0.0,0.0,0.0,0.0,0.0,0.0,0.0,0.0,1.0,0.0,0.0,0.0,9.0,4.0,0.0,0.0,0.0,0.0,0.0,0.0,0.0,0.0,3.0,12.0,1.0,12.17,5.0200000000000005,2.51,1.49,0.0,0.1,0.0,0.6000000000000001,0.0,0.2,0.0,-0.2,-3.3000000000000003,0.0,0.0,3.3000000000000003,0.0,21.3,33.300000000000004,33.300000000000004,34.2,300.0,300.0,30.4,34.300000000000004,32.1,31.700000000000003,33.300000000000004,4.95,1.98,4.97,0.16,0.0,0.0,1027.0,8228.0,0.0,0.0,0.0,0.0,0.0,1.0,0.0,0.0,0.0,0.0,0.0,0.1,0.0,-0.2,0.0,0.0,16.0,25903.0
2026-07-30T18:58:46.270Z,95.753,95.766,0.0,7.4,0.0,0.0,0.0,0.0,0.0,0.0,0.0,0.0,1.0,0.0,0.0,0.0,9.0,4.0,0.0,0.0,0.0,0.0,0.0,0.0,0.0,0.0,4.0,12.0,1.0,12.17,5.0200000000000005,2.51,1.49,0.0,0.0,0.0,0.6000000000000001,0.0,0.2,0.5,-0.8,-3.3000000000000003,0.0,0.0,3.4000000000000004,0.0,21.3,33.300000000000004,33.300000000000004,34.2,300.0,300.0,30.4,34.300000000000004,32.1,31.700000000000003,33.300000000000004,4.95,1.99,4.97,0.16,0.0,0.0,1027.0,8228.0,0.0,0.0,0.0,0.0,0.0,1.0,0.0,0.0,0.0,0.0,0.0,-0.2,0.0,-0.8,0.0,0.0,16.0,25903.0
2026-07-30T18:58:46.283Z,95.766,95.778,0.0,7.4,0.0,0.0,0.0,0.0,0.0,0.0,0.0,0.0,1.0,0.0,0.0,0.0,9.0,4.0,0.0,0.0,0.0,0.0,0.0,0.0,0.0,0.0,5.0,12.0,1.0,12.17,5.0200000000000005,2.51,1.5,0.0,0.0,0.0,0.6000000000000001,0.0,0.8,0.0,0.9,-3.3000000000000003,0.0,0.0,3.4000000000000004,0.0,21.4,33.300000000000004,33.300000000000004,34.2,300.0,300.0,30.5,34.300000000000004,32.1,31.6,33.300000000000004,4.96,1.99,4.96,0.16,0.0,0.0,1027.0,8228.0,0.0,0.0,0.0,0.0,0.0,1.0,0.0,0.0,0.0,0.0,0.0,-0.4,0.0,1.0,0.0,0.0,16.0,25903.0
2026-07-30T18:58:46.294Z,95.777,95.79,0.0,7.4,0.0,0.0,0.0,0.0,0.0,0.0,0.0,0.0,1.0,0.0,0.0,0.0,9.0,4.0,0.0,0.0,0.0,0.0,0.0,0.0,0.0,0.0,6.0,12.0,1.0,12.17,5.0200000000000005,2.51,1.5,0.0,0.0,0.0,0.6000000000000001,0.0,-0.3,0.0,-0.8,-3.3000000000000003,0.0,0.0,3.4000000000000004,0.0,21.4,33.300000000000004,33.300000000000004,34.2,300.0,300.0,30.5,34.300000000000004,32.1,31.6,33.300000000000004,4.95,2.0,4.96,0.16,0.0,0.0,1027.0,8228.0,0.0,0.0,0.0,0.0,0.0,1.0,0.0,0.0,0.0,0.0,0.0,0.4,0.0,-0.8,0.0,0.0,16.0,25903.0
2026-07-30T18:58:46.306Z,95.789,95.802,0.0,7.4,0.0,0.0,0.0,0.0,0.0,0.0,0.0,0.0,1.0,0.0,0.0,0.0,9.0,4.0,0.0,0.0,0.0,0.0,0.0,0.0,0.0,0.0,1.0,12.0,1.0,12.17,5.0200000000000005,2.51,1.5,0.0,0.0,0.0,0.5,0.0,0.8,0.0,-0.8,-3.3000000000000003,0.0,0.0,3.4000000000000004,0.0,21.4,33.300000000000004,33.300000000000004,34.2,300.0,300.0,30.5,34.300000000000004,32.1,31.6,33.300000000000004,4.95,2.0,4.96,0.16,0.0,0.0,1027.0,8228.0,0.0,0.0,0.0,0.0,0.0,1.0,0.0,0.0,0.0,0.0,0.0,0.4,0.0,-0.8,0.0,0.0,16.0,25903.0
2026-07-30T18:58:46.318Z,95.801,95.814,0.0,7.4,0.0,0.0,0.0,0.0,0.0,0.0,0.0,0.0,1.0,0.0,0.0,0.0,9.0,4.0,0.0,0.0,0.0,0.0,0.0,0.0,0.0,0.0,2.0,12.0,1.0,12.17,5.0200000000000005,2.51,1.5,0.0,0.0,0.0,0.5,0.0,0.9,1.2000000000000002,0.3,-3.3000000000000003,0.0,0.0,3.4000000000000004,0.0,21.4,33.300000000000004,33.300000000000004,34.2,300.0,300.0,30.5,34.300000000000004,32.1,31.6,33.300000000000004,4.96,2.0,4.96,0.16,0.0,0.0,1027.0,8228.0,0.0,0.0,0.0,0.0,0.0,1.0,0.0,0.0,0.0,0.0,0.0,-1.5,0.0,0.4,0.0,0.0,16.0,25903.0
2026-07-30T18:58:46.330Z,95.813,95.826,0.0,7.4,0.0,0.0,0.0,0.0,0.0,0.0,0.0,0.0,1.0,0.0,0.0,0.0,9.0,4.0,0.0,0.0,0.0,0.0,0.0,0.0,0.0,0.0,3.0,12.0,1.0,12.17,5.0200000000000005,2.51,1.5,0.0,0.0,0.0,0.6000000000000001,0.0,0.3,-0.5,-0.2,-3.3000000000000003,0.0,0.0,3.4000000000000004,0.0,21.4,33.300000000000004,33.300000000000004,34.2,300.0,300.0,30.5,34.300000000000004,32.1,31.6,33.300000000000004,4.94,2.0,4.96,0.16,0.0,0.0,1027.0,8228.0,0.0,0.0,0.0,0.0,0.0,1.0,0.0,0.0,0.0,0.0,0.0,0.7000000000000001,0.0,-0.2,0.0,0.0,16.0,25903.0
2026-07-30T18:58:46.342Z,95.825,95.838,0.0,7.4,0.0,0.0,0.0,0.0,0.0,0.0,0.0,0.0,1.0,0.0,0.0,0.0,9.0,4.0,0.0,0.0,0.0,0.0,0.0,0.0,0.0,0.0,4.0,12.0,1.0,12.17,5.0200000000000005,2.51,1.5,0.0,0.0,0.0,0.6000000000000001,0.0,0.3,0.0,-0.2,-3.3000000000000003,0.0,0.0,3.4000000000000004,0.0,21.4,33.300000000000004,33.300000000000004,34.2,300.0,300.0,30.5,34.300000000000004,32.1,31.6,33.300000000000004,4.95,1.99,4.97,0.16,0.0,0.0,1027.0,8228.0,0.0,0.0,0.0,0.0,0.0,1.0,0.0,0.0,0.0,0.0,0.0,1.7000000000000002,0.0,-0.9,0.0,0.0,16.0,25903.0
2026-07-30T18:58:46.354Z,95.837,95.85,0.0,7.4,0.0,0.0,0.0,0.0,0.0,0.0,0.0,0.0,1.0,0.0,0.0,0.0,9.0,4.0,0.0,0.0,0.0,0.0,0.0,0.0,0.0,0.0,5.0,12.0,1.0,12.17,5.0200000000000005,2.51,1.5,0.0,0.0,0.0,0.6000000000000001,0.0,0.2,0.0,0.9,-3.3000000000000003,0.0,0.0,3.4000000000000004,0.0,21.4,33.300000000000004,33.300000000000004,34.2,300.0,300.0,30.5,34.300000000000004,32.1,31.6,33.300000000000004,4.95,2.0,4.96,0.16,0.0,0.0,1027.0,8228.0,0.0,0.0,0.0,0.0,0.0,1.0,0.0,0.0,0.0,0.0,0.0,-0.5,0.0,-0.1,0.0,0.0,16.0,25903.0
2026-07-30T18:58:46.365Z,95.848,95.862,0.0,7.4,0.0,0.0,0.0,0.0,0.0,0.0,0.0,0.0,1.0,0.0,0.0,0.0,9.0,4.0,0.0,0.0,0.0,0.0,0.0,0.0,0.0,0.0,6.0,12.0,1.0,12.17,5.0200000000000005,2.51,1.5,0.0,0.0,0.0,0.6000000000000001,0.0,0.3,1.2000000000000002,-0.7000000000000001,-3.3000000000000003,0.0,0.0,3.4000000000000004,0.0,21.4,33.300000000000004,33.300000000000004,34.2,300.0,300.0,30.5,34.300000000000004,32.1,31.6,33.300000000000004,4.96,1.99,4.96,0.16,0.0,0.0,1027.0,8228.0,0.0,0.0,0.0,0.0,0.0,1.0,0.0,0.0,0.0,0.0,0.0,0.0,0.0,-0.1,0.0,0.0,16.0,25903.0
2026-07-30T18:58:46.378Z,95.861,95.874,0.0,7.4,0.0,0.0,0.0,0.0,0.0,0.0,0.0,0.0,1.0,0.0,0.0,0.0,9.0,4.0,0.0,0.0,0.0,0.0,0.0,0.0,0.0,0.0,2.0,12.0,1.0,12.17,5.0200000000000005,2.51,1.5,0.0,0.1,0.0,0.5,0.0,0.3,0.6000000000000001,-0.1,-3.3000000000000003,0.0,0.0,3.4000000000000004,0.0,21.4,33.300000000000004,33.300000000000004,34.2,300.0,300.0,30.5,34.300000000000004,32.1,31.6,33.300000000000004,4.95,1.99,4.96,0.16,0.0,0.0,1027.0,8228.0,0.0,0.0,0.0,0.0,0.0,1.0,0.0,0.0,0.0,0.0,0.0,0.9,0.0,-0.7000000000000001,0.0,0.0,16.0,25903.0
2026-07-30T18:58:46.390Z,95.873,95.886,0.0,7.4,0.0,0.0,0.0,0.0,0.0,0.0,0.0,0.0,1.0,0.0,0.0,0.0,9.0,4.0,0.0,0.0,0.0,0.0,0.0,0.0,0.0,0.0,3.0,12.0,1.0,12.13,5.0200000000000005,2.51,1.49,0.0,0.0,0.0,0.5,0.0,0.2,0.0,-0.1,-3.3000000000000003,0.0,0.0,3.4000000000000004,0.0,21.4,33.300000000000004,33.300000000000004,34.2,300.0,300.0,30.3,34.300000000000004,32.1,31.6,33.2,4.96,1.99,4.96,0.16,0.0,0.0,1027.0,8228.0,0.0,0.0,0.0,0.0,0.0,1.0,0.0,0.0,0.0,0.0,0.0,1.3,0.0,-1.3,0.0,0.0,16.0,25903.0
2026-07-30T18:58:46.402Z,95.885,95.898,0.0,7.4,0.0,0.0,0.0,0.0,0.0,0.0,0.0,0.0,1.0,0.0,0.0,0.0,9.0,4.0,0.0,0.0,0.0,0.0,0.0,0.0,0.0,0.0,3.0,12.0,1.0,12.13,5.0200000000000005,2.51,1.49,0.0,0.0,0.0,0.6000000000000001,0.0,-0.2,1.2000000000000002,0.4,-3.3000000000000003,0.0,0.0,3.3000000000000003,0.0,21.4,33.300000000000004,33.300000000000004,34.2,300.0,300.0,30.3,34.300000000000004,32.1,31.6,33.2,4.96,2.0,4.96,0.16,0.0,0.0,1027.0,8228.0,0.0,0.0,0.0,0.0,0.0,1.0,0.0,0.0,0.0,0.0,0.0,-0.6000000000000001,0.0,-0.1,0.0,0.0,16.0,25903.0
2026-07-30T18:58:46.414Z,95.897,95.91,0.0,7.4,0.0,0.0,0.0,0.0,0.0,0.0,0.0,0.0,1.0,0.0,0.0,0.0,9.0,4.0,0.0,0.0,0.0,0.0,0.0,0.0,0.0,0.0,4.0,12.0,1.0,12.13,5.0200000000000005,2.51,1.49,0.0,0.0,0.0,0.6000000000000001,0.0,-0.3,0.6000000000000001,0.4,-3.3000000000000003,0.0,0.0,3.4000000000000004,0.0,21.4,33.300000000000004,33.300000000000004,34.2,300.0,300.0,30.3,34.300000000000004,32.1,31.6,33.2,4.95,1.99,4.96,0.16,0.0,0.0,1027.0,8228.0,0.0,0.0,0.0,0.0,0.0,1.0,0.0,0.0,0.0,0.0,0.0,0.0,0.0,-0.1,0.0,0.0,16.0,25903.0
2026-07-30T18:58:46.426Z,95.909,95.922,0.0,7.4,0.0,0.0,0.0,0.0,0.0,0.0,0.0,0.0,1.0,0.0,0.0,0.0,9.0,4.0,0.0,0.0,0.0,0.0,0.0,0.0,0.0,0.0,5.0,12.0,1.0,12.13,5.0200000000000005,2.51,1.49,0.0,0.0,0.0,0.5,0.0,-0.8,0.0,0.4,-3.3000000000000003,0.0,0.0,3.4000000000000004,0.0,21.4,33.300000000000004,33.300000000000004,34.2,300.0,300.0,30.3,34.300000000000004,32.1,31.6,33.2,4.95,1.99,4.97,0.16,0.0,0.0,1027.0,8228.0,0.0,0.0,0.0,0.0,0.0,1.0,0.0,0.0,0.0,0.0,0.0,0.0,0.0,-0.1,0.0,0.0,16.0,25903.0
2026-07-30T18:58:46.437Z,95.92,95.934,0.0,7.4,0.0,0.0,0.0,0.0,0.0,0.0,0.0,0.0,1.0,0.0,0.0,0.0,9.0,4.0,0.0,0.0,0.0,0.0,0.0,0.0,0.0,0.0,5.0,12.0,1.0,12.13,5.0200000000000005,2.51,1.49,0.0,0.0,0.0,0.6000000000000001,0.0,0.3,-2.3000000000000003,-0.1,-3.3000000000000003,0.0,0.0,3.4000000000000004,0.0,21.4,33.300000000000004,33.300000000000004,34.2,300.0,300.0,30.3,34.300000000000004,32.1,31.6,33.2,4.96,1.99,4.96,0.16,0.0,0.0,1027.0,8228.0,0.0,0.0,0.0,0.0,0.0,1.0,0.0,0.0,0.0,0.0,0.0,0.1,0.0,1.0,0.0,0.0,16.0,25903.0
2026-07-30T18:58:46.450Z,95.933,95.946,0.0,7.4,0.0,0.0,0.0,0.0,0.0,0.0,0.0,0.0,1.0,0.0,0.0,0.0,9.0,4.0,0.0,0.0,0.0,0.0,0.0,0.0,0.0,0.0,1.0,12.0,1.0,12.13,5.0200000000000005,2.51,1.49,0.0,0.0,0.0,0.5,0.0,-0.8,0.0,0.4,-3.3000000000000003,0.0,0.0,3.3000000000000003,0.0,21.4,33.300000000000004,33.300000000000004,34.2,300.0,300.0,30.3,34.300000000000004,32.1,31.6,33.2,4.96,1.99,4.97,0.16,0.0,0.0,1027.0,8228.0,0.0,0.0,0.0,0.0,0.0,1.0,0.0,0.0,0.0,0.0,0.0,0.0,0.0,-0.1,0.0,0.0,16.0,25903.0
2026-07-30T18:58:46.462Z,95.945,95.958,0.0,7.4,0.0,0.0,0.0,0.0,0.0,0.0,0.0,0.0,1.0,0.0,0.0,0.0,9.0,4.0,0.0,0.0,0.0,0.0,0.0,0.0,0.0,0.0,2.0,12.0,1.0,12.13,5.0200000000000005,2.51,1.49,0.0,0.0,0.0,0.6000000000000001,0.0,0.3,0.6000000000000001,1.0,-3.3000000000000003,0.0,0.0,3.4000000000000004,0.0,21.4,33.300000000000004,33.300000000000004,34.2,300.0,300.0,30.3,34.300000000000004,32.1,31.6,33.2,4.95,1.99,4.97,0.16,0.0,0.0,1027.0,8228.0,0.0,0.0,0.0,0.0,0.0,1.0,0.0,0.0,0.0,0.0,0.0,-1.2000000000000002,0.0,1.1,0.0,0.0,16.0,25903.0
2026-07-30T18:58:46.474Z,95.957,95.97,0.0,7.4,0.0,0.0,0.0,0.0,0.0,0.0,0.0,0.0,1.0,0.0,0.0,0.0,9.0,4.0,0.0,0.0,0.0,0.0,0.0,0.0,0.0,0.0,3.0,12.0,1.0,12.13,5.0200000000000005,2.51,1.49,0.0,0.0,0.0,0.5,0.0,-0.2,-0.5,1.0,-3.3000000000000003,0.0,0.0,3.4000000000000004,0.0,21.4,33.300000000000004,33.300000000000004,34.2,300.0,300.0,30.3,34.300000000000004,32.1,31.6,33.2,4.95,1.99,4.96,0.16,0.0,0.0,1027.0,8228.0,0.0,0.0,0.0,0.0,0.0,1.0,0.0,0.0,0.0,0.0,0.0,0.0,0.0,1.0,0.0,0.0,16.0,25903.0
2026-07-30T18:58:46.487Z,95.97,95.982,0.0,7.4,0.0,0.0,0.0,0.0,0.0,0.0,0.0,0.0,1.0,0.0,0.0,0.0,9.0,4.0,0.0,0.0,0.0,0.0,0.0,0.0,0.0,0.0,4.0,12.0,1.0,12.14,5.01,2.51,1.49,0.0,0.0,0.0,0.5,0.0,0.3,0.1,-1.2000000000000002,-3.3000000000000003,0.0,0.0,3.4000000000000004,0.0,21.8,33.300000000000004,33.300000000000004,34.2,300.0,300.0,30.5,34.4,32.1,31.6,33.2,4.95,2.0,4.97,0.16,0.0,0.0,1027.0,8228.0,0.0,0.0,0.0,0.0,0.0,1.0,0.0,0.0,0.0,0.0,0.0,0.2,0.0,0.4,0.0,0.0,16.0,25903.0
2026-07-30T18:58:46.498Z,95.981,95.994,0.0,7.4,0.0,0.0,0.0,0.0,0.0,0.0,0.0,0.0,1.0,0.0,0.0,0.0,9.0,4.0,0.0,0.0,0.0,0.0,0.0,0.0,0.0,0.0,5.0,12.0,1.0,12.14,5.01,2.51,1.49,0.0,0.0,0.0,0.6000000000000001,0.0,0.3,0.6000000000000001,0.4,-3.3000000000000003,0.0,0.0,3.3000000000000003,0.0,21.8,33.300000000000004,33.300000000000004,34.2,300.0,300.0,30.5,34.4,32.1,31.6,33.2,4.95,1.99,4.97,0.16,0.0,0.0,1027.0,8228.0,0.0,0.0,0.0,0.0,0.0,1.0,0.0,0.0,0.0,0.0,0.0,-0.6000000000000001,0.0,1.0,0.0,0.0001,16.0,25903.0
2026-07-30T18:58:46.510Z,95.993,96.006,0.0,7.4,0.0,0.0,0.0,0.0,0.0,0.0,0.0,0.0,1.0,0.0,0.0,0.0,9.0,4.0,0.0,0.0,0.0,0.0,0.0,0.0,0.0,0.0,6.0,12.0,1.0,12.14,5.01,2.51,1.49,0.0,0.0,0.0,0.6000000000000001,0.0,-0.2,0.7000000000000001,-0.1,-3.3000000000000003,0.0,0.0,3.4000000000000004,0.0,21.8,33.300000000000004,33.300000000000004,34.2,300.0,300.0,30.5,34.4,32.1,31.6,33.2,4.95,1.99,4.97,0.16,0.0,0.0,1027.0,8228.0,0.0,0.0,0.0,0.0,0.0,1.0,0.0,0.0,0.0,0.0,0.0,-0.3,0.0,0.4,0.0,0.0,16.0,25903.0
2026-07-30T18:58:46.529Z,96.012,96.018,0.0,7.4,0.0,0.0,0.0,0.0,0.0,0.0,0.0,0.0,1.0,0.0,0.0,0.0,9.0,4.0,0.0,0.0,0.0,0.0,0.0,0.0,0.0,0.0,6.0,12.0,1.0,12.14,5.01,2.51,1.49,0.0,0.0,0.0,0.5,0.0,-0.1,0.1,-0.6000000000000001,-3.3000000000000003,0.0,0.0,3.4000000000000004,0.0,21.8,33.300000000000004,33.300000000000004,34.2,300.0,300.0,30.5,34.4,32.1,31.6,33.2,4.96,1.99,4.96,0.16,0.0,0.0,1027.0,8228.0,0.0,0.0,0.0,0.0,0.0,1.0,0.0,0.0,0.0,0.0,0.0,-1.3,0.0,1.1,0.0,0.0,16.0,25903.0
2026-07-30T18:58:46.534Z,96.017,96.03,0.0,7.4,0.0,0.0,0.0,0.0,0.0,0.0,0.0,0.0,1.0,0.0,0.0,0.0,9.0,4.0,0.0,0.0,0.0,0.0,0.0,0.0,0.0,0.0,2.0,12.0,1.0,12.14,5.01,2.51,1.49,0.0,0.0,0.0,0.6000000000000001,0.0,-0.1,-0.5,1.6,-3.3000000000000003,0.0,0.0,3.4000000000000004,0.0,21.8,33.300000000000004,33.300000000000004,34.2,300.0,300.0,30.5,34.4,32.1,31.6,33.2,4.95,1.99,4.97,0.16,0.0,0.0,1027.0,8228.0,0.0,0.0,0.0,0.0,0.0,1.0,0.0,0.0,0.0,0.0,0.0,1.0,0.0,0.4,0.0,0.0,16.0,25903.0
2026-07-30T18:58:46.546Z,96.029,96.042,0.0,7.4,0.0,0.0,0.0,0.0,0.0,0.0,0.0,0.0,1.0,0.0,0.0,0.0,9.0,4.0,0.0,0.0,0.0,0.0,0.0,0.0,0.0,0.0,3.0,12.0,1.0,12.14,5.01,2.51,1.49,0.0,0.0,0.0,0.6000000000000001,0.0,-0.1,0.0,-0.1,-3.3000000000000003,0.0,0.0,3.5,0.0,21.8,33.300000000000004,33.300000000000004,34.2,300.0,300.0,30.5,34.4,32.1,31.6,33.2,4.95,1.99,4.96,0.16,0.0,0.0,1027.0,8228.0,0.0,0.0,0.0,0.0,0.0,1.0,0.0,0.0,0.0,0.0,0.0,0.0,0.0,-0.1,0.0,0.0,16.0,25903.0
2026-07-30T18:58:46.558Z,96.041,96.054,0.0,7.4,0.0,0.0,0.0,0.0,0.0,0.0,0.0,0.0,1.0,0.0,0.0,0.0,9.0,4.0,0.0,0.0,0.0,0.0,0.0,0.0,0.0,0.0,3.0,12.0,1.0,12.14,5.01,2.51,1.49,0.0,0.0,0.0,0.6000000000000001,0.0,0.3,0.1,-0.6000000000000001,-3.3000000000000003,0.0,0.0,3.3000000000000003,0.0,21.8,33.300000000000004,33.300000000000004,34.2,300.0,300.0,30.5,34.4,32.1,31.6,33.2,4.95,1.99,4.96,0.16,0.0,0.0,1027.0,8228.0,0.0,0.0,0.0,0.0,0.0,1.0,0.0,0.0,0.0,0.0,0.0,0.2,0.0,-0.6000000000000001,0.0,0.0002,16.0,25903.0
2026-07-30T18:58:46.570Z,96.053,96.066,0.0,7.4,0.0,0.0,0.0,0.0,0.0,0.0,0.0,0.0,1.0,0.0,0.0,0.0,9.0,4.0,0.0,0.0,0.0,0.0,0.0,0.0,0.0,0.0,4.0,12.0,1.0,12.14,5.01,2.51,1.49,0.0,0.1,0.0,0.6000000000000001,0.0,-0.2,0.0,-0.1,-3.3000000000000003,0.0,0.0,3.4000000000000004,0.0,21.8,33.300000000000004,33.300000000000004,34.2,300.0,300.0,30.5,34.4,32.1,31.6,33.2,4.95,1.99,4.96,0.16,0.0,0.0,1027.0,8228.0,0.0,0.0,0.0,0.0,0.0,1.0,0.0,0.0,0.0,0.0,0.0,0.0,0.0,-0.1,0.0,0.0001,16.0,25903.0
2026-07-30T18:58:46.582Z,96.065,96.078,0.0,7.4,0.0,0.0,0.0,0.0,0.0,0.0,0.0,0.0,1.0,0.0,0.0,0.0,9.0,4.0,0.0,0.0,0.0,0.0,0.0,0.0,0.0,0.0,5.0,12.0,1.0,12.14,5.01,2.51,1.49,0.0,0.0,0.0,0.5,0.0,-0.2,-1.6,-0.1,-3.3000000000000003,0.0,0.0,3.4000000000000004,0.0,21.8,33.300000000000004,33.300000000000004,34.2,300.0,300.0,30.5,34.4,32.1,31.6,33.2,4.95,1.99,4.96,0.16,0.0,0.0,1027.0,8228.0,0.0,0.0,0.0,0.0,0.0,1.0,0.0,0.0,0.0,0.0,0.0,1.9,0.0,-0.2,0.0,0.0001,16.0,25903.0
2026-07-30T18:58:46.594Z,96.077,96.09,0.0,7.4,0.0,0.0,0.0,0.0,0.0,0.0,0.0,0.0,1.0,0.0,0.0,0.0,9.0,4.0,0.0,0.0,0.0,0.0,0.0,0.0,0.0,0.0,6.0,12.0,1.0,12.15,5.01,2.5,1.49,0.0,0.1,0.0,0.5,0.0,-0.2,1.3,-0.7000000000000001,-3.3000000000000003,0.0,0.0,3.3000000000000003,0.0,21.3,33.300000000000004,33.300000000000004,34.2,300.0,300.0,30.6,34.4,32.0,31.6,33.2,4.95,1.99,4.96,0.16,0.0,0.0,1027.0,8228.0,0.0,0.0,0.0,0.0,0.0,1.0,0.0,0.0,0.0,0.0,0.0,-1.1,0.0,-0.6000000000000001,0.0,0.0,16.0,25903.0
2026-07-30T18:58:46.606Z,96.089,96.102,0.0,7.4,0.0,0.0,0.0,0.0,0.0,0.0,0.0,0.0,1.0,0.0,0.0,0.0,9.0,4.0,0.0,0.0,0.0,0.0,0.0,0.0,0.0,0.0,1.0,12.0,1.0,12.15,5.01,2.5,1.49,0.0,0.0,0.0,0.6000000000000001,0.0,0.3,1.8,1.0,-3.3000000000000003,0.0,0.0,3.4000000000000004,0.0,21.3,33.300000000000004,33.300000000000004,34.2,300.0,300.0,30.6,34.4,32.0,31.6,33.2,4.96,1.99,4.96,0.16,0.0,0.0,1027.0,8228.0,0.0,0.0,0.0,0.0,0.0,1.0,0.0,0.0,0.0,0.0,0.0,-2.6,0.0,1.1,0.0,0.0001,16.0,25903.0
2026-07-30T18:58:46.618Z,96.101,96.114,0.0,7.4,0.0,0.0,0.0,0.0,0.0,0.0,0.0,0.0,1.0,0.0,0.0,0.0,9.0,4.0,0.0,0.0,0.0,0.0,0.0,0.0,0.0,0.0,3.0,12.0,1.0,12.15,5.01,2.5,1.49,0.0,0.1,0.0,0.5,0.0,-0.1,0.1,1.5,-3.3000000000000003,0.0,0.0,3.4000000000000004,0.0,21.3,33.300000000000004,33.300000000000004,34.2,300.0,300.0,30.6,34.4,32.0,31.6,33.2,4.95,1.99,4.97,0.16,0.0,0.0,1027.0,8228.0,0.0,0.0,0.0,0.0,0.0,1.0,0.0,0.0,0.0,0.0,0.0,-0.9,0.0,1.6,0.0,0.0,16.0,25903.0
2026-07-30T18:58:46.629Z,96.112,96.126,0.0,7.4,0.0,0.0,0.0,0.0,0.0,0.0,0.0,0.0,1.0,0.0,0.0,0.0,9.0,4.0,0.0,0.0,0.0,0.0,0.0,0.0,0.0,0.0,4.0,12.0,1.0,12.15,5.01,2.5,1.49,0.0,0.0,0.0,0.6000000000000001,0.0,0.9,-0.4,0.4,-3.3000000000000003,0.0,0.0,3.4000000000000004,0.0,21.3,33.300000000000004,33.300000000000004,34.2,300.0,300.0,30.6,34.4,32.0,31.6,33.2,4.96,1.99,4.96,0.16,0.0,0.0,1027.0,8228.0,0.0,0.0,0.0,0.0,0.0,1.0,0.0,0.0,0.0,0.0,0.0,0.2,0.0,0.4,0.0,0.0,16.0,25903.0
2026-07-30T18:58:46.641Z,96.124,96.138,0.0,7.4,0.0,0.0,0.0,0.0,0.0,0.0,0.0,0.0,1.0,0.0,0.0,0.0,9.0,4.0,0.0,0.0,0.0,0.0,0.0,0.0,0.0,0.0,5.0,12.0,1.0,12.15,5.01,2.5,1.49,0.0,0.0,0.0,0.5,0.0,0.9,1.3,0.0,-3.3000000000000003,0.0,0.0,3.3000000000000003,0.0,21.3,33.300000000000004,33.300000000000004,34.2,300.0,300.0,30.6,34.4,32.0,31.6,33.2,4.96,2.0,4.96,0.16,0.0,0.0,1027.0,8228.0,0.0,0.0,0.0,0.0,0.0,1.0,0.0,0.0,0.0,0.0,0.0,-1.4,0.0,0.0,0.0,0.0001,16.0,25903.0
2026-07-30T18:58:46.654Z,96.137,96.15,0.0,7.4,0.0,0.0,0.0,0.0,0.0,0.0,0.0,0.0,1.0,0.0,0.0,0.0,9.0,4.0,0.0,0.0,0.0,0.0,0.0,0.0,0.0,0.0,6.0,12.0,1.0,12.15,5.01,2.5,1.49,0.0,0.1,0.0,0.6000000000000001,0.0,-0.7000000000000001,0.1,-1.2000000000000002,-3.3000000000000003,0.0,0.0,3.4000000000000004,0.0,21.3,33.300000000000004,33.300000000000004,34.2,300.0,300.0,30.6,34.4,32.0,31.6,33.2,4.95,1.99,4.96,0.16,0.0,0.0,1027.0,8228.0,0.0,0.0,0.0,0.0,0.0,1.0,0.0,0.0,0.0,0.0,0.0,0.4,0.0,-1.2000000000000002,0.0,0.0001,16.0,25903.0
2026-07-30T18:58:46.666Z,96.149,96.162,0.0,7.4,0.0,0.0,0.0,0.0,0.0,0.0,0.0,0.0,1.0,0.0,0.0,0.0,9.0,4.0,0.0,0.0,0.0,0.0,0.0,0.0,0.0,0.0,1.0,12.0,1.0,12.15,5.01,2.5,1.49,0.0,0.0,0.0,0.6000000000000001,0.0,-0.1,-1.0,-0.6000000000000001,-3.3000000000000003,0.0,0.0,3.4000000000000004,0.0,21.3,33.300000000000004,33.300000000000004,34.2,300.0,300.0,30.6,34.4,32.0,31.6,33.2,4.95,1.99,4.97,0.17,0.0,0.0,1027.0,8228.0,0.0,0.0,0.0,0.0,0.0,1.0,0.0,0.0,0.0,0.0,0.0,1.5,0.0,-0.7000000000000001,0.0,0.0,16.0,25903.0
2026-07-30T18:58:46.677Z,96.16,96.174,0.0,7.4,0.0,0.0,0.0,0.0,0.0,0.0,0.0,0.0,1.0,0.0,0.0,0.0,9.0,4.0,0.0,0.0,0.0,0.0,0.0,0.0,0.0,0.0,2.0,12.0,1.0,12.15,5.01,2.5,1.49,0.0,0.0,0.0,0.6000000000000001,0.0,0.3,0.6000000000000001,-0.6000000000000001,-3.3000000000000003,0.0,0.0,3.4000000000000004,0.0,21.3,33.300000000000004,33.300000000000004,34.2,300.0,300.0,30.6,34.4,32.0,31.6,33.2,4.96,2.0,4.96,0.17,0.0,0.0,1027.0,8228.0,0.0,0.0,0.0,0.0,0.0,1.0,0.0,0.0,0.0,0.0,0.0,-0.4,0.0,-0.5,0.0,0.0,16.0,25903.0
2026-07-30T18:58:46.691Z,96.174,96.186,0.0,7.4,0.0,0.0,0.0,0.0,0.0,0.0,0.0,0.0,1.0,0.0,0.0,0.0,9.0,4.0,0.0,0.0,0.0,0.0,0.0,0.0,0.0,0.0,4.0,12.0,1.0,12.17,5.0200000000000005,2.51,1.49,0.0,0.0,0.0,0.5,0.0,-0.8,0.1,0.0,-3.3000000000000003,0.0,0.0,3.3000000000000003,0.0,21.700000000000003,33.300000000000004,33.300000000000004,34.2,300.0,300.0,30.4,34.4,32.0,31.6,33.2,4.96,1.99,4.97,0.15,0.0,0.0,1027.0,8228.0,0.0,0.0,0.0,0.0,0.0,1.0,0.0,0.0,0.0,0.0,0.0,-0.1,0.0,0.0,0.0,0.0,16.0,25903.0
2026-07-30T18:58:46.702Z,96.185,96.198,0.0,7.4,0.0,0.0,0.0,0.0,0.0,0.0,0.0,0.0,1.0,0.0,0.0,0.0,9.0,4.0,0.0,0.0,0.0,0.0,0.0,0.0,0.0,0.0,5.0,12.0,1.0,12.17,5.0200000000000005,2.51,1.49,0.0,0.0,0.0,0.5,0.0,-0.2,-0.4,0.5,-3.3000000000000003,0.0,0.0,3.4000000000000004,0.0,21.700000000000003,33.300000000000004,33.300000000000004,34.2,300.0,300.0,30.4,34.4,32.0,31.6,33.2,4.95,2.0,4.97,0.16,0.0,0.0,1027.0,8228.0,0.0,0.0,0.0,0.0,0.0,1.0,0.0,0.0,0.0,0.0,0.0,0.2,0.0,0.5,0.0,0.0001,16.0,25903.0
2026-07-30T18:58:46.714Z,96.197,96.21,0.0,7.4,0.0,0.0,0.0,0.0,0.0,0.0,0.0,0.0,1.0,0.0,0.0,0.0,9.0,4.0,0.0,0.0,0.0,0.0,0.0,0.0,0.0,0.0,6.0,12.0,1.0,12.17,5.0200000000000005,2.51,1.49,0.0,0.0,0.0,0.6000000000000001,0.0,0.9,0.0,-0.5,-3.3000000000000003,0.0,0.0,3.4000000000000004,0.0,21.700000000000003,33.300000000000004,33.300000000000004,34.2,300.0,300.0,30.4,34.4,32.0,31.6,33.2,4.96,2.0,4.97,0.16,0.0,0.0,1027.0,8228.0,0.0,0.0,0.0,0.0,0.0,1.0,0.0,0.0,0.0,0.0,0.0,0.2,0.0,-0.6000000000000001,0.0,0.0,16.0,25903.0
2026-07-30T18:58:46.726Z,96.209,96.222,0.0,7.4,0.0,0.0,0.0,0.0,0.0,0.0,0.0,0.0,1.0,0.0,0.0,0.0,9.0,4.0,0.0,0.0,0.0,0.0,0.0,0.0,0.0,0.0,1.0,12.0,1.0,12.17,5.0200000000000005,2.51,1.49,0.0,0.0,0.0,0.5,0.0,0.3,1.2000000000000002,3.4000000000000004,-3.3000000000000003,0.0,0.0,3.4000000000000004,0.0,21.700000000000003,33.300000000000004,33.300000000000004,34.2,300.0,300.0,30.4,34.4,32.0,31.6,33.2,4.95,1.99,4.96,0.16,0.0,0.0,1027.0,8228.0,0.0,0.0,0.0,0.0,0.0,1.0,0.0,0.0,0.0,0.0,0.0,-3.2,0.0,3.6,0.0,0.0,16.0,25903.0
2026-07-30T18:58:46.738Z,96.221,96.234,0.0,7.4,0.0,0.0,0.0,0.0,0.0,0.0,0.0,0.0,1.0,0.0,0.0,0.0,9.0,4.0,0.0,0.0,0.0,0.0,0.0,0.0,0.0,0.0,2.0,12.0,1.0,12.17,5.0200000000000005,2.51,1.49,0.0,0.0,0.0,0.6000000000000001,0.0,0.3,0.0,0.0,-3.3000000000000003,0.0,0.0,3.4000000000000004,0.0,21.700000000000003,33.300000000000004,33.300000000000004,34.2,300.0,300.0,30.4,34.4,32.0,31.6,33.2,4.95,1.99,4.96,0.16,0.0,0.0,1027.0,8228.0,0.0,0.0,0.0,0.0,0.0,1.0,0.0,0.0,0.0,0.0,0.0,0.0,0.0,0.0,0.0,0.0001,16.0,25903.0
2026-07-30T18:58:46.750Z,96.233,96.246,0.0,7.4,0.0,0.0,0.0,0.0,0.0,0.0,0.0,0.0,1.0,0.0,0.0,0.0,9.0,4.0,0.0,0.0,0.0,0.0,0.0,0.0,0.0,0.0,4.0,12.0,1.0,12.17,5.0200000000000005,2.51,1.49,0.0,0.0,0.0,0.5,0.0,0.3,0.0,0.0,-3.3000000000000003,0.0,0.0,3.4000000000000004,0.0,21.700000000000003,33.300000000000004,33.300000000000004,34.2,300.0,300.0,30.4,34.4,32.0,31.6,33.2,4.95,2.0,4.96,0.16,0.0,0.0,1027.0,8228.0,0.0,0.0,0.0,0.0,0.0,1.0,0.0,0.0,0.0,0.0,0.0,0.0,0.0,0.0,0.0,0.0,16.0,25903.0
2026-07-30T18:58:46.762Z,96.245,96.258,0.0,7.4,0.0,0.0,0.0,0.0,0.0,0.0,0.0,0.0,1.0,0.0,0.0,0.0,9.0,4.0,0.0,0.0,0.0,0.0,0.0,0.0,0.0,0.0,5.0,12.0,1.0,12.17,5.0200000000000005,2.51,1.49,0.0,0.0,0.0,0.6000000000000001,0.0,0.9,-0.5,0.0,-3.3000000000000003,0.0,0.0,3.3000000000000003,0.0,21.700000000000003,33.300000000000004,33.300000000000004,34.2,300.0,300.0,30.4,34.4,32.0,31.6,33.2,4.96,2.0,4.97,0.16,0.0,0.0,1027.0,8228.0,0.0,0.0,0.0,0.0,0.0,1.0,0.0,0.0,0.0,0.0,0.0,0.6000000000000001,0.0,0.0,0.0,0.0,16.0,25903.0
2026-07-30T18:58:46.774Z,96.257,96.27,0.0,7.4,0.0,0.0,0.0,0.0,0.0,0.0,0.0,0.0,1.0,0.0,0.0,0.0,9.0,4.0,0.0,0.0,0.0,0.0,0.0,0.0,0.0,0.0,6.0,12.0,1.0,12.17,5.0200000000000005,2.51,1.49,0.0,0.0,0.0,0.6000000000000001,0.0,-0.2,0.6000000000000001,1.7000000000000002,-3.3000000000000003,0.0,0.0,3.4000000000000004,0.0,21.700000000000003,33.300000000000004,33.300000000000004,34.2,300.0,300.0,30.4,34.4,32.0,31.6,33.2,4.95,1.99,4.97,0.16,0.0,0.0,1027.0,8228.0,0.0,0.0,0.0,0.0,0.0,1.0,0.0,0.0,0.0,0.0,0.0,-1.6,0.0,1.8,0.0,0.0001,16.0,25903.0
2026-07-30T18:58:46.786Z,96.269,96.282,0.0,7.4,0.0,0.0,0.0,0.0,0.0,0.0,0.0,0.0,1.0,0.0,0.0,0.0,9.0,4.0,0.0,0.0,0.0,0.0,0.0,0.0,0.0,0.0,1.0,12.0,1.0,12.17,5.0200000000000005,2.51,1.49,0.0,0.0,0.0,0.4,0.0,0.3,0.6000000000000001,1.1,-3.3000000000000003,0.0,0.0,3.4000000000000004,0.0,21.700000000000003,33.300000000000004,33.300000000000004,34.2,300.0,300.0,30.4,34.4,32.0,31.6,33.2,4.95,2.0,4.96,0.16,0.0,0.0,1027.0,8228.0,0.0,0.0,0.0,0.0,0.0,1.0,0.0,0.0,0.0,0.0,0.0,-1.2000000000000002,0.0,1.1,0.0,0.0,16.0,25903.0
2026-07-30T18:58:46.798Z,96.281,96.294,0.0,7.4,0.0,0.0,0.0,0.0,0.0,0.0,0.0,0.0,1.0,0.0,0.0,0.0,9.0,4.0,0.0,0.0,0.0,0.0,0.0,0.0,0.0,0.0,2.0,12.0,1.0,12.17,5.0200000000000005,2.5,1.49,0.0,0.0,0.0,0.6000000000000001,0.0,0.3,1.2000000000000002,0.0,-3.3000000000000003,0.0,0.0,3.4000000000000004,0.0,21.8,33.300000000000004,33.2,34.1,300.0,300.0,30.6,34.4,32.0,31.6,33.2,4.96,1.99,4.96,0.16,0.0,0.0,1027.0,8228.0,0.0,0.0,0.0,0.0,0.0,1.0,0.0,0.0,0.0,0.0,0.0,-1.3,0.0,0.0,0.0,0.0,16.0,25903.0
2026-07-30T18:58:46.810Z,96.293,96.306,0.0,7.4,0.0,0.0,0.0,0.0,0.0,0.0,0.0,0.0,1.0,0.0,0.0,0.0,9.0,4.0,0.0,0.0,0.0,0.0,0.0,0.0,0.0,0.0,3.0,12.0,1.0,12.17,5.0200000000000005,2.5,1.49,-0.1,0.1,0.0,0.6000000000000001,0.0,0.3,-0.5,0.5,-3.3000000000000003,0.0,0.0,3.3000000000000003,0.0,21.8,33.300000000000004,33.2,34.1,300.0,300.0,30.6,34.4,32.0,31.6,33.2,4.95,1.99,4.96,0.16,0.0,0.0,1027.0,8228.0,0.0,0.0,0.0,0.0,0.0,1.0,0.0,0.0,0.0,0.0,0.0,0.3,0.0,0.5,0.0,0.0001,16.0,25903.0
2026-07-30T18:58:46.822Z,96.305,96.318,0.0,7.4,0.0,0.0,0.0,0.0,0.0,0.0,0.0,0.0,1.0,0.0,0.0,0.0,9.0,4.0,0.0,0.0,0.0,0.0,0.0,0.0,0.0,0.0,4.0,12.0,1.0,12.17,5.0200000000000005,2.5,1.49,0.0,0.0,0.0,0.5,0.0,0.3,0.6000000000000001,1.1,-3.3000000000000003,0.0,0.0,3.4000000000000004,0.0,21.8,33.300000000000004,33.2,34.1,300.0,300.0,30.6,34.4,32.0,31.6,33.2,4.95,1.99,4.97,0.16,0.0,0.0,1027.0,8228.0,0.0,0.0,0.0,0.0,0.0,1.0,0.0,0.0,0.0,0.0,0.0,-1.3,0.0,1.2000000000000002,0.0,0.0001,16.0,25903.0
2026-07-30T18:58:46.840Z,96.323,96.33,0.0,7.4,0.0,0.0,0.0,0.0,0.0,0.0,0.0,0.0,1.0,0.0,0.0,0.0,9.0,4.0,0.0,0.0,0.0,0.0,0.0,0.0,0.0,0.0,5.0,12.0,1.0,12.17,5.0200000000000005,2.5,1.49,0.0,0.1,0.0,0.5,0.0,0.3,0.6000000000000001,0.0,-3.3000000000000003,0.0,0.0,3.4000000000000004,0.0,21.8,33.300000000000004,33.2,34.1,300.0,300.0,30.6,34.4,32.0,31.6,33.2,4.95,1.99,4.96,0.16,0.0,0.0,1027.0,8228.0,0.0,0.0,0.0,0.0,0.0,1.0,0.0,0.0,0.0,0.0,0.0,-0.7000000000000001,0.0,0.0,0.0,0.0,16.0,25903.0
2026-07-30T18:58:46.846Z,96.329,96.342,0.0,7.4,0.0,0.0,0.0,0.0,0.0,0.0,0.0,0.0,1.0,0.0,0.0,0.0,9.0,4.0,0.0,0.0,0.0,0.0,0.0,0.0,0.0,0.0,4.0,12.0,1.0,12.17,5.0200000000000005,2.5,1.49,0.0,0.0,0.0,0.6000000000000001,0.0,-0.2,-1.1,-0.6000000000000001,-3.3000000000000003,0.0,0.0,3.4000000000000004,0.0,21.8,33.300000000000004,33.2,34.1,300.0,300.0,30.6,34.4,32.0,31.6,33.2,4.96,1.99,4.96,0.16,0.0,0.0,1027.0,8228.0,0.0,0.0,0.0,0.0,0.0,1.0,0.0,0.0,0.0,0.0,0.0,0.6000000000000001,0.0,0.0,0.0,0.0,16.0,25903.0
2026-07-30T18:58:46.858Z,96.341,96.354,0.0,7.4,0.0,0.0,0.0,0.0,0.0,0.0,0.0,0.0,1.0,0.0,0.0,0.0,9.0,4.0,0.0,0.0,0.0,0.0,0.0,0.0,0.0,0.0,4.0,12.0,1.0,12.17,5.0200000000000005,2.5,1.49,0.0,0.0,0.0,0.5,0.0,0.9,-0.5,-0.6000000000000001,-3.3000000000000003,0.0,0.0,3.4000000000000004,0.0,21.8,33.300000000000004,33.2,34.1,300.0,300.0,30.6,34.4,32.0,31.6,33.2,4.95,1.99,4.97,0.16,0.0,0.0,1027.0,8228.0,0.0,0.0,0.0,0.0,0.0,1.0,0.0,0.0,0.0,0.0,0.0,-0.6000000000000001,0.0,1.1,0.0,0.0,16.0,25903.0
2026-07-30T18:58:46.870Z,96.353,96.366,0.0,7.4,0.0,0.0,0.0,0.0,0.0,0.0,0.0,0.0,1.0,0.0,0.0,0.0,9.0,4.0,0.0,0.0,0.0,0.0,0.0,0.0,0.0,0.0,6.0,12.0,1.0,12.17,5.0200000000000005,2.5,1.49,0.0,0.0,0.0,0.5,0.0,0.3,0.6000000000000001,1.1,-3.3000000000000003,0.0,0.0,3.4000000000000004,0.0,21.8,33.300000000000004,33.2,34.1,300.0,300.0,30.6,34.4,32.0,31.6,33.2,4.95,1.99,4.96,0.16,0.0,0.0,1027.0,8228.0,0.0,0.0,0.0,0.0,0.0,1.0,0.0,0.0,0.0,0.0,0.0,0.9,0.0,-0.6000000000000001,0.0,0.0,16.0,25903.0
2026-07-30T18:58:46.882Z,96.365,96.378,0.0,7.4,0.0,0.0,0.0,0.0,0.0,0.0,0.0,0.0,1.0,0.0,0.0,0.0,9.0,4.0,0.0,0.0,0.0,0.0,0.0,0.0,0.0,0.0,1.0,12.0,1.0,12.17,5.0200000000000005,2.5,1.49,0.0,0.0,0.0,0.5,0.0,0.3,-0.4,0.0,-3.3000000000000003,0.0,0.0,3.4000000000000004,0.0,21.8,33.300000000000004,33.2,34.1,300.0,300.0,30.6,34.4,32.0,31.6,33.2,4.95,1.99,4.96,0.16,0.0,0.0,1027.0,8228.0,0.0,0.0,0.0,0.0,0.0,1.0,0.0,0.0,0.0,0.0,0.0,0.0,0.0,1.1,0.0,0.0,16.0,25903.0
2026-07-30T18:58:46.895Z,96.378,96.39,0.0,7.4,0.0,0.0,0.0,0.0,0.0,0.0,0.0,0.0,1.0,0.0,0.0,0.0,9.0,4.0,0.0,0.0,0.0,0.0,0.0,0.0,0.0,0.0,1.0,12.0,1.0,12.17,5.01,2.51,1.49,0.0,0.0,0.0,0.6000000000000001,0.0,-0.2,0.1,1.1,-3.3000000000000003,0.0,0.0,3.3000000000000003,0.0,21.3,33.300000000000004,33.2,34.1,300.0,300.0,30.5,34.300000000000004,32.0,31.6,33.2,4.95,1.99,4.96,0.16,0.0,0.0,1027.0,8228.0,0.0,0.0,0.0,0.0,0.0,1.0,0.0,0.0,0.0,0.0,0.0,-1.4,0.0,0.0,0.0,0.0,16.0,25903.0
2026-07-30T18:58:46.906Z,96.389,96.402,0.0,7.4,0.0,0.0,0.0,0.0,0.0,0.0,0.0,0.0,1.0,0.0,0.0,0.0,9.0,4.0,0.0,0.0,0.0,0.0,0.0,0.0,0.0,0.0,3.0,12.0,1.0,12.17,5.01,2.51,1.49,0.0,0.1,0.0,0.5,0.0,0.3,-0.4,0.0,-3.3000000000000003,0.0,0.0,3.4000000000000004,0.0,21.3,33.300000000000004,33.2,34.1,300.0,300.0,30.5,34.300000000000004,32.0,31.6,33.2,4.95,1.99,4.96,0.16,0.0,0.0,1027.0,8228.0,0.0,0.0,0.0,0.0,0.0,1.0,0.0,0.0,0.0,0.0,0.0,0.5,0.0,0.0,0.0,0.0,16.0,25903.0
2026-07-30T18:58:46.918Z,96.401,96.414,0.0,7.4,0.0,0.0,0.0,0.0,0.0,0.0,0.0,0.0,1.0,0.0,0.0,0.0,9.0,4.0,0.0,0.0,0.0,0.0,0.0,0.0,0.0,0.0,4.0,12.0,1.0,12.17,5.01,2.51,1.49,0.0,0.0,0.0,0.5,0.0,-0.7000000000000001,-1.0,0.5,-3.3000000000000003,0.0,0.0,3.4000000000000004,0.0,21.3,33.300000000000004,33.2,34.1,300.0,300.0,30.5,34.300000000000004,32.0,31.6,33.2,4.96,1.99,4.96,0.16,0.0,0.0,1027.0,8228.0,0.0,0.0,0.0,0.0,0.0,1.0,0.0,0.0,0.0,0.0,0.0,0.9,0.0,0.5,0.0,0.0,16.0,25903.0
2026-07-30T18:58:46.930Z,96.413,96.426,0.0,7.4,0.0,0.0,0.0,0.0,0.0,0.0,0.0,0.0,1.0,0.0,0.0,0.0,9.0,4.0,0.0,0.0,0.0,0.0,0.0,0.0,0.0,0.0,5.0,12.0,1.0,12.17,5.01,2.51,1.49,0.0,0.0,0.0,0.5,0.0,0.9,1.3,0.5,-3.3000000000000003,0.0,0.0,3.4000000000000004,0.0,21.3,33.300000000000004,33.2,34.1,300.0,300.0,30.5,34.300000000000004,32.0,31.6,33.2,4.96,1.99,4.97,0.16,0.0,0.0,1027.0,8228.0,0.0,0.0,0.0,0.0,0.0,1.0,0.0,0.0,0.0,0.0,0.0,-1.4,0.0,0.0,0.0,0.0,16.0,25903.0
2026-07-30T18:58:46.942Z,96.425,96.438,0.0,7.4,0.0,0.0,0.0,0.0,0.0,0.0,0.0,0.0,1.0,0.0,0.0,0.0,9.0,4.0,0.0,0.0,0.0,0.0,0.0,0.0,0.0,0.0,6.0,12.0,1.0,12.17,5.01,2.51,1.49,0.0,0.0,0.0,0.5,0.0,-0.2,0.7000000000000001,0.4,-3.3000000000000003,0.0,0.0,3.3000000000000003,0.0,21.3,33.300000000000004,33.2,34.1,300.0,300.0,30.5,34.300000000000004,32.0,31.6,33.2,4.95,1.99,4.97,0.16,0.0,0.0,1027.0,8228.0,0.0,0.0,0.0,0.0,0.0,1.0,0.0,0.0,0.0,0.0,0.0,-1.1,0.0,0.5,0.0,0.0,16.0,25903.0
2026-07-30T18:58:46.954Z,96.437,96.45,0.0,7.4,0.0,0.0,0.0,0.0,0.0,0.0,0.0,0.0,1.0,0.0,0.0,0.0,9.0,4.0,0.0,0.0,0.0,0.0,0.0,0.0,0.0,0.0,1.0,12.0,1.0,12.17,5.01,2.51,1.49,0.0,0.0,0.0,0.5,0.0,-0.8,-0.4,0.4,-3.3000000000000003,0.0,0.0,3.4000000000000004,0.0,21.3,33.300000000000004,33.2,34.1,300.0,300.0,30.5,34.300000000000004,32.0,31.6,33.2,4.95,1.99,4.96,0.16,0.0,0.0,1027.0,8228.0,0.0,0.0,0.0,0.0,0.0,1.0,0.0,0.0,0.0,0.0,0.0,0.2,0.0,0.4,0.0,0.0,16.0,25903.0
2026-07-30T18:58:46.966Z,96.449,96.462,0.0,7.4,0.0,0.0,0.0,0.0,0.0,0.0,0.0,0.0,1.0,0.0,0.0,0.0,9.0,4.0,0.0,0.0,0.0,0.0,0.0,0.0,0.0,0.0,2.0,12.0,1.0,12.17,5.01,2.51,1.49,0.0,0.0,0.0,0.5,0.0,-0.2,-0.3,0.0,-3.3000000000000003,0.0,0.0,3.4000000000000004,0.0,21.3,33.300000000000004,33.2,34.1,300.0,300.0,30.5,34.300000000000004,32.0,31.6,33.2,4.95,2.0,4.96,0.16,0.0,0.0,1027.0,8228.0,0.0,0.0,0.0,0.0,0.0,1.0,0.0,0.0,0.0,0.0,0.0,0.4,0.0,0.0,0.0,0.0,16.0,25903.0
2026-07-30T18:58:46.978Z,96.461,96.474,0.0,7.4,0.0,0.0,0.0,0.0,0.0,0.0,0.0,0.0,1.0,0.0,0.0,0.0,9.0,4.0,0.0,0.0,0.0,0.0,0.0,0.0,0.0,0.0,3.0,12.0,1.0,12.17,5.01,2.51,1.49,-0.1,0.0,0.0,0.6000000000000001,0.0,-0.8,-0.4,0.0,-3.3000000000000003,0.0,0.0,3.4000000000000004,0.0,21.3,33.300000000000004,33.2,34.1,300.0,300.0,30.5,34.300000000000004,32.0,31.6,33.2,4.95,1.99,4.96,0.16,0.0,0.0,1027.0,8228.0,0.0,0.0,0.0,0.0,0.0,1.0,0.0,0.0,0.0,0.0,0.0,0.5,0.0,-0.1,0.0,0.0,16.0,25903.0
2026-07-30T18:58:46.989Z,96.472,96.486,0.0,7.4,0.0,0.0,0.0,0.0,0.0,0.0,0.0,0.0,1.0,0.0,0.0,0.0,9.0,4.0,0.0,0.0,0.0,0.0,0.0,0.0,0.0,0.0,4.0,12.0,1.0,12.17,5.01,2.51,1.49,0.0,0.1,0.0,0.5,0.0,-0.8,0.2,1.0,-3.3000000000000003,0.0,0.0,3.4000000000000004,0.0,21.3,33.300000000000004,33.2,34.1,300.0,300.0,30.5,34.300000000000004,32.0,31.6,33.2,4.95,1.99,4.96,0.16,0.0,0.0,1027.0,8228.0,0.0,0.0,0.0,0.0,0.0,1.0,0.0,0.0,0.0,0.0,0.0,0.1,0.0,-0.7000000000000001,0.0,0.0,16.0,25903.0
2026-07-30T18:58:47.001Z,96.484,96.498,0.0,7.4,0.0,0.0,0.0,0.0,0.0,0.0,0.0,0.0,1.0,0.0,0.0,0.0,9.0,4.0,0.0,0.0,0.0,0.0,0.0,0.0,0.0,0.0,5.0,12.0,1.0,12.18,5.01,2.51,1.49,0.0,0.0,0.0,0.5,0.0,-0.2,0.8,0.0,-3.3000000000000003,0.0,0.0,3.4000000000000004,0.0,21.700000000000003,33.2,33.2,34.1,300.0,300.0,30.5,34.300000000000004,32.0,31.5,33.2,4.96,1.99,4.96,0.16,0.0,0.0,1027.0,8228.0,0.0,0.0,0.0,0.0,0.0,1.0,0.0,0.0,0.0,0.0,0.0,-2.2,0.0,1.2000000000000002,0.0,0.0,16.0,25903.0
2026-07-30T18:58:47.013Z,96.496,96.51,0.0,7.4,0.0,0.0,0.0,0.0,0.0,0.0,0.0,0.0,1.0,0.0,0.0,0.0,9.0,4.0,0.0,0.0,0.0,0.0,0.0,0.0,0.0,0.0,6.0,12.0,1.0,12.18,5.01,2.51,1.49,0.0,0.0,0.0,0.6000000000000001,0.0,-0.2,-0.9,1.0,-3.3000000000000003,0.0,0.0,3.4000000000000004,0.0,21.700000000000003,33.2,33.2,34.1,300.0,300.0,30.5,34.300000000000004,32.0,31.5,33.2,4.95,1.99,4.97,0.16,0.0,0.0,1027.0,8228.0,0.0,0.0,0.0,0.0,0.0,1.0,0.0,0.0,0.0,0.0,0.0,0.4,0.0,1.0,0.0,0.0,16.0,25903.0
2026-07-30T18:58:47.026Z,96.509,96.522,0.0,7.4,0.0,0.0,0.0,0.0,0.0,0.0,0.0,0.0,1.0,0.0,0.0,0.0,9.0,4.0,0.0,0.0,0.0,0.0,0.0,0.0,0.0,0.0,1.0,12.0,1.0,12.18,5.01,2.51,1.49,0.0,0.0,0.0,0.5,0.0,0.3,0.8,0.5,-3.3000000000000003,0.0,0.0,3.4000000000000004,0.0,21.700000000000003,33.2,33.2,34.1,300.0,300.0,30.5,34.300000000000004,32.0,31.5,33.2,4.95,1.99,4.96,0.16,0.0,0.0,1027.0,8228.0,0.0,0.0,0.0,0.0,0.0,1.0,0.0,0.0,0.0,0.0,0.0,-2.2,0.0,1.3,0.0,0.0,16.0,25903.0
2026-07-30T18:58:47.038Z,96.521,96.534,0.0,7.4,0.0,0.0,0.0,0.0,0.0,0.0,0.0,0.0,1.0,0.0,0.0,0.0,9.0,4.0,0.0,0.0,0.0,0.0,0.0,0.0,0.0,0.0,3.0,12.0,1.0,12.18,5.01,2.51,1.49,0.0,0.0,0.0,0.6000000000000001,0.0,-0.2,0.8,1.1,-3.3000000000000003,0.0,0.0,3.4000000000000004,0.0,21.700000000000003,33.2,33.2,34.1,300.0,300.0,30.5,34.300000000000004,32.0,31.5,33.2,4.96,1.99,4.96,0.16,0.0,0.0,1027.0,8228.0,0.0,0.0,0.0,0.0,0.0,1.0,0.0,0.0,0.0,0.0,0.0,0.6000000000000001,0.0,-0.6000000000000001,0.0,0.0,16.0,25903.0
2026-07-30T18:58:47.050Z,96.533,96.546,0.0,7.4,0.0,0.0,0.0,0.0,0.0,0.0,0.0,0.0,1.0,0.0,0.0,0.0,9.0,4.0,0.0,0.0,0.0,0.0,0.0,0.0,0.0,0.0,4.0,12.0,1.0,12.18,5.01,2.51,1.49,0.0,0.0,0.0,0.5,0.0,0.9,0.2,0.5,-3.3000000000000003,0.0,0.0,3.4000000000000004,0.0,21.700000000000003,33.2,33.2,34.1,300.0,300.0,30.5,34.300000000000004,32.0,31.5,33.2,4.95,1.99,4.96,0.16,0.0,0.0,1027.0,8228.0,0.0,0.0,0.0,0.0,0.0,1.0,0.0,0.0,0.0,0.0,0.0,0.1,0.0,0.5,0.0,0.0,16.0,25903.0
2026-07-30T18:58:47.062Z,96.545,96.558,0.0,7.4,0.0,0.0,0.0,0.0,0.0,0.0,0.0,0.0,1.0,0.0,0.0,0.0,9.0,4.0,0.0,0.0,0.0,0.0,0.0,0.0,0.0,0.0,5.0,12.0,1.0,12.18,5.01,2.51,1.49,0.0,0.0,0.0,0.5,0.0,-0.1,-0.9,-0.5,-3.3000000000000003,0.0,0.0,3.3000000000000003,0.0,21.700000000000003,33.2,33.2,34.1,300.0,300.0,30.5,34.300000000000004,32.0,31.5,33.2,4.95,1.99,4.96,0.16,0.0,0.0,1027.0,8228.0,0.0,0.0,0.0,0.0,0.0,1.0,0.0,0.0,0.0,0.0,0.0,1.3,0.0,-0.6000000000000001,0.0,0.0,16.0,25903.0
2026-07-30T18:58:47.074Z,96.557,96.57,0.0,7.4,0.0,0.0,0.0,0.0,0.0,0.0,0.0,0.0,1.0,0.0,0.0,0.0,9.0,4.0,0.0,0.0,0.0,0.0,0.0,0.0,0.0,0.0,6.0,12.0,1.0,12.18,5.01,2.51,1.49,0.0,0.0,0.0,0.5,0.0,-0.1,0.2,0.6000000000000001,-3.3000000000000003,0.0,0.0,3.4000000000000004,0.0,21.700000000000003,33.2,33.2,34.1,300.0,300.0,30.5,34.300000000000004,32.0,31.5,33.2,4.95,1.99,4.96,0.16,0.0,0.0,1027.0,8228.0,0.0,0.0,0.0,0.0,0.0,1.0,0.0,0.0,0.0,0.0,0.0,-0.6000000000000001,0.0,0.6000000000000001,0.0,0.0,16.0,25903.0
2026-07-30T18:58:47.086Z,96.569,96.582,0.1,7.4,0.0,0.0,0.0,0.0,0.0,0.0,0.0,0.0,1.0,0.0,0.0,0.0,9.0,4.0,0.0,0.0,0.0,0.0,0.0,0.0,0.0,0.0,1.0,12.0,1.0,12.18,5.01,2.51,1.49,0.0,0.0,0.0,0.5,0.0,-0.1,0.8,0.0,-3.3000000000000003,0.0,0.0,3.3000000000000003,0.0,21.700000000000003,33.2,33.2,34.1,300.0,300.0,30.5,34.300000000000004,32.0,31.5,33.2,4.96,1.99,4.96,0.16,0.0,0.0,1027.0,8228.0,0.0,0.0,0.0,0.0,0.0,1.0,0.0,0.0,0.0,0.0,0.0,-0.9,0.0,0.0,0.0,0.0001,16.0,25903.0
2026-07-30T18:58:47.099Z,96.582,96.594,0.1,7.4,0.0,0.0,0.0,0.0,0.0,0.0,0.0,0.0,1.0,0.0,0.0,0.0,9.0,4.0,0.0,0.0,0.0,0.0,0.0,0.0,0.0,0.0,2.0,12.0,1.0,12.13,5.01,2.51,1.5,0.0,0.0,0.0,0.5,0.0,-0.1,-0.3,0.5,-3.3000000000000003,0.0,0.0,3.4000000000000004,0.0,21.4,33.2,33.2,34.1,300.0,300.0,30.5,34.300000000000004,32.0,31.5,33.2,4.95,1.99,4.96,0.16,0.0,0.0,1027.0,8228.0,0.0,0.0,0.0,0.0,0.0,1.0,0.0,0.0,0.0,0.0,0.0,0.1,0.0,0.5,0.0,0.0001,16.0,25903.0
2026-07-30T18:58:47.109Z,96.592,96.606,0.1,7.4,0.0,0.0,0.0,0.0,0.0,0.0,0.0,0.0,1.0,0.0,0.0,0.0,9.0,4.0,0.0,0.0,0.0,0.0,0.0,0.0,0.0,0.0,3.0,12.0,1.0,12.13,5.01,2.51,1.5,0.0,0.0,0.0,0.5,0.0,0.4,-0.4,0.0,-3.3000000000000003,0.0,0.0,3.4000000000000004,0.0,21.4,33.2,33.2,34.1,300.0,300.0,30.5,34.300000000000004,32.0,31.5,33.2,4.96,1.99,4.96,0.16,0.0,0.0,1027.0,8228.0,0.0,0.0,0.0,0.0,0.0,1.0,0.0,0.0,0.0,0.0,0.0,0.4,0.0,0.0,0.0,0.0,16.0,25903.0
2026-07-30T18:58:47.122Z,96.605,96.618,0.1,7.4,0.0,0.0,0.0,0.0,0.0,0.0,0.0,0.0,1.0,0.0,0.0,0.0,9.0,4.0,0.0,0.0,0.0,0.0,0.0,0.0,0.0,0.0,5.0,12.0,1.0,12.13,5.01,2.51,1.5,0.0,0.0,0.0,0.5,0.0,-0.1,-0.4,0.5,-3.3000000000000003,0.0,0.0,3.4000000000000004,0.0,21.4,33.2,33.2,34.1,300.0,300.0,30.5,34.300000000000004,32.0,31.5,33.2,4.96,1.99,4.97,0.16,0.0,0.0,1027.0,8228.0,0.0,0.0,0.0,0.0,0.0,1.0,0.0,0.0,0.0,0.0,0.0,0.2,0.0,0.5,0.0,0.0,16.0,25903.0
2026-07-30T18:58:47.134Z,96.617,96.63,0.1,7.4,0.0,0.0,0.0,0.0,0.0,0.0,0.0,0.0,1.0,0.0,0.0,0.0,9.0,4.0,0.0,0.0,0.0,0.0,0.0,0.0,0.0,0.0,6.0,12.0,1.0,12.13,5.01,2.51,1.5,0.0,0.0,0.0,0.6000000000000001,0.0,0.3,-0.4,0.5,-3.3000000000000003,0.0,0.0,3.4000000000000004,0.0,21.4,33.2,33.2,34.1,300.0,300.0,30.5,34.300000000000004,32.0,31.5,33.2,4.95,1.99,4.97,0.16,0.0,0.0,1027.0,8228.0,0.0,0.0,0.0,0.0,0.0,1.0,0.0,0.0,0.0,0.0,0.0,0.1,0.0,0.5,0.0,0.0,16.0,25903.0
2026-07-30T18:58:47.146Z,96.629,96.642,0.0,7.4,0.0,0.0,0.0,0.0,0.0,0.0,0.0,0.0,1.0,0.0,0.0,0.0,9.0,4.0,0.0,0.0,0.0,0.0,0.0,0.0,0.0,0.0,1.0,12.0,1.0,12.13,5.01,2.51,1.5,0.0,0.0,0.0,0.5,0.0,-0.8,-0.4,1.1,-3.3000000000000003,0.0,0.0,3.3000000000000003,0.0,21.4,33.2,33.2,34.1,300.0,300.0,30.5,34.300000000000004,32.0,31.5,33.2,4.95,1.99,4.97,0.16,0.0,0.0,1027.0,8228.0,0.0,0.0,0.0,0.0,0.0,1.0,0.0,0.0,0.0,0.0,0.0,0.0,0.0,1.1,0.0,0.0001,16.0,25903.0
2026-07-30T18:58:47.162Z,96.645,96.654,0.0,7.4,0.0,0.0,0.0,0.0,0.0,0.0,0.0,0.0,1.0,0.0,0.0,0.0,9.0,4.0,0.0,0.0,0.0,0.0,0.0,0.0,0.0,0.0,1.0,12.0,1.0,12.13,5.01,2.51,1.5,0.0,0.0,0.0,0.5,0.0,-0.2,-1.1,0.0,-3.3000000000000003,0.0,0.0,3.4000000000000004,0.0,21.4,33.2,33.2,34.1,300.0,300.0,30.5,34.300000000000004,32.0,31.5,33.2,4.96,1.99,4.96,0.16,0.0,0.0,1027.0,8228.0,0.0,0.0,0.0,0.0,0.0,1.0,0.0,0.0,0.0,0.0,0.0,1.3,0.0,-0.1,0.0,0.0001,16.0,25903.0
2026-07-30T18:58:47.169Z,96.652,96.666,0.0,7.4,0.0,0.0,0.0,0.0,0.0,0.0,0.0,0.0,1.0,0.0,0.0,0.0,9.0,4.0,0.0,0.0,0.0,0.0,0.0,0.0,0.0,0.0,6.0,12.0,1.0,12.13,5.01,2.51,1.5,0.0,0.0,0.0,0.5,0.0,0.2,0.0,2.2,-3.3000000000000003,0.0,0.0,3.4000000000000004,0.0,21.4,33.2,33.2,34.1,300.0,300.0,30.5,34.300000000000004,32.0,31.5,33.2,4.96,1.99,4.97,0.16,0.0,0.0,1027.0,8228.0,0.0,0.0,0.0,0.0,0.0,1.0,0.0,0.0,0.0,0.0,0.0,-1.2000000000000002,0.0,2.3000000000000003,0.0,0.0,16.0,25903.0
2026-07-30T18:58:47.182Z,96.665,96.678,0.0,7.4,0.0,0.0,0.0,0.0,0.0,0.0,0.0,0.0,1.0,0.0,0.0,0.0,9.0,4.0,0.0,0.0,0.0,0.0,0.0,0.0,0.0,0.0,1.0,12.0,1.0,12.13,5.01,2.51,1.5,0.0,0.0,0.0,0.5,0.0,-0.2,0.0,-0.6000000000000001,-3.3000000000000003,0.0,0.0,3.4000000000000004,0.0,21.4,33.2,33.2,34.1,300.0,300.0,30.5,34.300000000000004,32.0,31.5,33.2,4.95,1.99,4.97,0.16,0.0,0.0,1027.0,8228.0,0.0,0.0,0.0,0.0,0.0,1.0,0.0,0.0,0.0,0.0,0.0,0.2,0.0,-0.7000000000000001,0.0,0.0,16.0,25903.0
2026-07-30T18:58:47.194Z,96.677,96.69,0.0,7.4,0.0,0.0,0.0,0.0,0.0,0.0,0.0,0.0,1.0,0.0,0.0,0.0,9.0,4.0,0.0,0.0,0.0,0.0,0.0,0.0,0.0,0.0,2.0,12.0,1.0,12.13,5.01,2.51,1.5,0.0,0.0,0.0,0.5,0.0,-0.2,-0.4,1.6,-3.3000000000000003,0.0,0.0,3.4000000000000004,0.0,21.4,33.2,33.2,34.1,300.0,300.0,30.5,34.300000000000004,32.0,31.5,33.2,4.96,1.99,4.96,0.16,0.0,0.0,1027.0,8228.0,0.0,0.0,0.0,0.0,0.0,1.0,0.0,0.0,0.0,0.0,0.0,-0.3,0.0,1.7000000000000002,0.0,0.0,16.0,25903.0
2026-07-30T18:58:47.206Z,96.689,96.702,0.0,7.4,0.0,0.0,0.0,0.0,0.0,0.0,0.0,0.0,1.0,0.0,0.0,0.0,9.0,4.0,0.0,0.0,0.0,0.0,0.0,0.0,0.0,0.0,4.0,12.0,1.0,12.15,5.0200000000000005,2.5,1.49,0.0,0.0,0.0,0.5,0.0,0.3,0.1,-0.6000000000000001,-3.3000000000000003,0.0,0.0,3.4000000000000004,0.0,21.8,33.2,33.2,34.1,300.0,300.0,30.6,34.300000000000004,32.0,31.5,33.2,4.95,2.0,4.97,0.16,0.0,0.0,1027.0,8228.0,0.0,0.0,0.0,0.0,0.0,1.0,0.0,0.0,0.0,0.0,0.0,0.1,0.0,-0.6000000000000001,0.0,0.0,16.0,25903.0
2026-07-30T18:58:47.218Z,96.701,96.714,0.0,7.4,0.0,0.0,0.0,0.0,0.0,0.0,0.0,0.0,1.0,0.0,0.0,0.0,9.0,4.0,0.0,0.0,0.0,0.0,0.0,0.0,0.0,0.0,5.0,12.0,1.0,12.15,5.0200000000000005,2.5,1.49,0.0,0.0,0.0,0.5,0.0,0.3,1.2000000000000002,1.6,-3.3000000000000003,0.0,0.0,3.4000000000000004,0.0,21.8,33.2,33.2,34.1,300.0,300.0,30.6,34.300000000000004,32.0,31.5,33.2,4.95,1.99,4.97,0.16,0.0,0.0,1027.0,8228.0,0.0,0.0,0.0,0.0,0.0,1.0,0.0,0.0,0.0,0.0,0.0,-2.3000000000000003,0.0,1.8,0.0,0.0,16.0,25903.0
2026-07-30T18:58:47.230Z,96.713,96.726,0.0,7.4,0.0,0.0,0.0,0.0,0.0,0.0,0.0,0.0,1.0,0.0,0.0,0.0,9.0,4.0,0.0,0.0,0.0,0.0,0.0,0.0,0.0,0.0,6.0,12.0,1.0,12.15,5.0200000000000005,2.5,1.49,0.0,0.0,0.0,0.5,0.0,0.3,1.2000000000000002,-0.6000000000000001,-3.3000000000000003,0.0,0.0,3.4000000000000004,0.0,21.8,33.2,33.2,34.1,300.0,300.0,30.6,34.300000000000004,32.0,31.5,33.2,4.95,1.99,4.97,0.16,0.0,0.0,1027.0,8228.0,0.0,0.0,0.0,0.0,0.0,1.0,0.0,0.0,0.0,0.0,0.0,-1.1,0.0,-0.5,0.0,0.0,16.0,25903.0
2026-07-30T18:58:47.242Z,96.725,96.738,0.0,7.4,0.0,0.0,0.0,0.0,0.0,0.0,0.0,0.0,1.0,0.0,0.0,0.0,9.0,4.0,0.0,0.0,0.0,0.0,0.0,0.0,0.0,0.0,1.0,12.0,1.0,12.15,5.0200000000000005,2.5,1.49,0.0,0.0,0.0,0.6000000000000001,0.0,-0.8,-1.0,-1.2000000000000002,-3.3000000000000003,0.0,0.0,3.4000000000000004,0.0,21.8,33.2,33.2,34.1,300.0,300.0,30.6,34.300000000000004,32.0,31.5,33.2,4.96,1.99,4.96,0.16,0.0,0.0,1027.0,8228.0,0.0,0.0,0.0,0.0,0.0,1.0,0.0,0.0,0.0,0.0,0.0,1.8,0.0,-1.3,0.0,0.0,16.0,25903.0
2026-07-30T18:58:47.254Z,96.737,96.75,0.0,7.4,0.0,0.0,0.0,0.0,0.0,0.0,0.0,0.0,1.0,0.0,0.0,0.0,9.0,4.0,0.0,0.0,0.0,0.0,0.0,0.0,0.0,0.0,3.0,12.0,1.0,12.15,5.0200000000000005,2.5,1.49,0.0,0.0,0.0,0.5,0.0,-0.2,-0.5,0.4,-3.3000000000000003,0.0,0.0,3.4000000000000004,0.0,21.8,33.2,33.2,34.1,300.0,300.0,30.6,34.300000000000004,32.0,31.5,33.2,4.95,1.99,4.97,0.16,0.0,0.0,1027.0,8228.0,0.0,0.0,0.0,0.0,0.0,1.0,0.0,0.0,0.0,0.0,0.0,0.3,0.0,0.4,0.0,0.0,16.0,25903.0
2026-07-30T18:58:47.266Z,96.749,96.762,0.0,7.4,0.0,0.0,0.0,0.0,0.0,0.0,0.0,0.0,1.0,0.0,0.0,0.0,9.0,4.0,0.0,0.0,0.0,0.0,0.0,0.0,0.0,0.0,4.0,12.0,1.0,12.15,5.0200000000000005,2.5,1.49,0.0,0.0,0.0,0.5,0.0,0.3,0.6000000000000001,1.0,-3.3000000000000003,0.0,0.0,3.4000000000000004,0.0,21.8,33.2,33.2,34.1,300.0,300.0,30.6,34.300000000000004,32.0,31.5,33.2,4.95,1.99,4.97,0.16,0.0,0.0,1027.0,8228.0,0.0,0.0,0.0,0.0,0.0,1.0,0.0,0.0,0.0,0.0,0.0,-1.3,0.0,1.1,0.0,0.0,16.0,25903.0
2026-07-30T18:58:47.278Z,96.761,96.774,0.0,7.4,0.0,0.0,0.0,0.0,0.0,0.0,0.0,0.0,1.0,0.0,0.0,0.0,9.0,4.0,0.0,0.0,0.0,0.0,0.0,0.0,0.0,0.0,4.0,12.0,1.0,12.15,5.0200000000000005,2.5,1.49,0.0,0.0,0.0,0.6000000000000001,0.0,0.3,0.6000000000000001,0.9,-3.3000000000000003,0.0,0.0,3.4000000000000004,0.0,21.8,33.2,33.2,34.1,300.0,300.0,30.6,34.300000000000004,32.0,31.5,33.2,4.96,1.99,4.97,0.16,0.0,0.0,1027.0,8228.0,0.0,0.0,0.0,0.0,0.0,1.0,0.0,0.0,0.0,0.0,0.0,-1.2000000000000002,0.0,1.0,0.0,0.0,16.0,25903.0
2026-07-30T18:58:47.290Z,96.773,96.786,0.0,7.4,0.0,0.0,0.0,0.0,0.0,0.0,0.0,0.0,1.0,0.0,0.0,0.0,9.0,4.0,0.0,0.0,0.0,0.0,0.0,0.0,0.0,0.0,6.0,12.0,1.0,12.15,5.0200000000000005,2.5,1.49,0.0,0.0,0.0,0.6000000000000001,0.0,-0.2,-0.5,-1.3,-3.3000000000000003,0.0,0.0,3.4000000000000004,0.0,21.8,33.2,33.2,34.1,300.0,300.0,30.6,34.300000000000004,32.0,31.5,33.2,4.95,1.99,4.96,0.16,0.0,0.0,1027.0,8228.0,0.0,0.0,0.0,0.0,0.0,1.0,0.0,0.0,0.0,0.0,0.0,1.3,0.0,-1.4,0.0,0.0,16.0,25903.0
2026-07-30T18:58:47.303Z,96.786,96.798,0.0,7.4,0.0,0.0,0.0,0.0,0.0,0.0,0.0,0.0,1.0,0.0,0.0,0.0,9.0,4.0,0.0,0.0,0.0,0.0,0.0,0.0,0.0,0.0,1.0,12.0,1.0,12.17,5.0200000000000005,2.51,1.5,0.0,0.0,0.0,0.5,0.0,0.3,-1.1,-1.3,-3.3000000000000003,0.0,0.0,3.4000000000000004,0.0,21.4,33.2,33.2,34.1,300.0,300.0,30.5,34.4,32.0,31.5,33.2,4.95,1.99,4.97,0.16,0.0,0.0,1027.0,8228.0,0.0,0.0,0.0,0.0,0.0,1.0,0.0,0.0,0.0,0.0,0.0,2.0,0.0,-1.4,0.0,0.0,16.0,25903.0
2026-07-30T18:58:47.314Z,96.797,96.81,0.0,7.4,0.0,0.0,0.0,0.0,0.0,0.0,0.0,0.0,1.0,0.0,0.0,0.0,9.0,4.0,0.0,0.0,0.0,0.0,0.0,0.0,0.0,0.0,2.0,12.0,1.0,12.17,5.0200000000000005,2.51,1.5,0.0,0.1,0.0,0.5,0.0,0.3,0.6000000000000001,-0.1,-3.3000000000000003,0.0,0.0,3.4000000000000004,0.0,21.4,33.2,33.2,34.1,300.0,300.0,30.5,34.4,32.0,31.5,33.2,4.95,2.0,4.96,0.16,0.0,0.0,1027.0,8228.0,0.0,0.0,0.0,0.0,0.0,1.0,0.0,0.0,0.0,0.0,0.0,-0.6000000000000001,0.0,-0.1,0.0,0.0,16.0,25903.0
2026-07-30T18:58:47.325Z,96.808,96.822,0.0,7.4,0.0,0.0,0.0,0.0,0.0,0.0,0.0,0.0,1.0,0.0,0.0,0.0,9.0,4.0,0.0,0.0,0.0,0.0,0.0,0.0,0.0,0.0,4.0,12.0,1.0,12.17,5.0200000000000005,2.51,1.5,0.0,0.0,0.0,0.5,0.0,0.3,1.8,1.0,-3.3000000000000003,0.0,0.0,3.4000000000000004,0.0,21.4,33.2,33.2,34.1,300.0,300.0,30.5,34.4,32.0,31.5,33.2,4.95,1.99,4.96,0.16,0.0,0.0,1027.0,8228.0,0.0,0.0,0.0,0.0,0.0,1.0,0.0,0.0,0.0,0.0,0.0,-2.6,0.0,1.1,0.0,0.0,16.0,25903.0
2026-07-30T18:58:47.338Z,96.821,96.834,0.0,7.4,0.0,0.0,0.0,0.0,0.0,0.0,0.0,0.0,1.0,0.0,0.0,0.0,9.0,4.0,0.0,0.0,0.0,0.0,0.0,0.0,0.0,0.0,4.0,12.0,1.0,12.17,5.0200000000000005,2.51,1.5,0.0,0.0,0.0,0.5,0.0,-0.7000000000000001,0.6000000000000001,-0.7000000000000001,-3.3000000000000003,0.0,0.0,3.4000000000000004,0.0,21.4,33.2,33.2,34.1,300.0,300.0,30.5,34.4,32.0,31.5,33.2,4.95,1.99,4.96,0.16,0.0,0.0,1027.0,8228.0,0.0,0.0,0.0,0.0,0.0,1.0,0.0,0.0,0.0,0.0,0.0,-0.3,0.0,-0.7000000000000001,0.0,0.0,16.0,25903.0
2026-07-30T18:58:47.350Z,96.833,96.846,0.0,7.4,0.0,0.0,0.0,0.0,0.0,0.0,0.0,0.0,1.0,0.0,0.0,0.0,9.0,4.0,0.0,0.0,0.0,0.0,0.0,0.0,0.0,0.0,5.0,12.0,1.0,12.17,5.0200000000000005,2.51,1.5,0.0,0.0,0.0,0.5,0.0,0.3,-0.6000000000000001,-0.8,-3.3000000000000003,0.0,0.0,3.4000000000000004,0.0,21.4,33.2,33.2,34.1,300.0,300.0,30.5,34.4,32.0,31.5,33.2,4.96,1.99,4.96,0.16,0.0,0.0,1027.0,8228.0,0.0,0.0,0.0,0.0,0.0,1.0,0.0,0.0,0.0,0.0,0.0,1.4,0.0,-0.3,0.0,0.0,16.0,25903.0
2026-07-30T18:58:47.361Z,96.844,96.858,0.0,7.4,0.0,0.0,0.0,0.0,0.0,0.0,0.0,0.0,1.0,0.0,0.0,0.0,9.0,4.0,0.0,0.0,0.0,0.0,0.0,0.0,0.0,0.0,6.0,12.0,1.0,12.17,5.0200000000000005,2.51,1.5,0.0,0.0,0.0,0.5,0.0,0.3,0.0,-0.8,-3.3000000000000003,0.0,0.0,3.4000000000000004,0.0,21.4,33.2,33.2,34.1,300.0,300.0,30.5,34.4,32.0,31.5,33.2,4.96,2.0,4.97,0.16,0.0,0.0,1027.0,8228.0,0.0,0.0,0.0,0.0,0.0,1.0,0.0,0.0,0.0,0.0,0.0,0.7000000000000001,0.0,-1.4,0.0,0.0,16.0,25903.0
2026-07-30T18:58:47.374Z,96.857,96.87,0.0,7.4,0.0,0.0,0.0,0.0,0.0,0.0,0.0,0.0,1.0,0.0,0.0,0.0,9.0,4.0,0.0,0.0,0.0,0.0,0.0,0.0,0.0,0.0,1.0,12.0,1.0,12.17,5.0200000000000005,2.51,1.5,0.0,0.0,0.0,0.5,0.0,0.3,1.7000000000000002,1.5,-3.3000000000000003,0.0,0.0,3.4000000000000004,0.0,21.4,33.2,33.2,34.1,300.0,300.0,30.5,34.4,32.0,31.5,33.2,4.94,1.99,4.97,0.16,0.0,0.0,1027.0,8228.0,0.0,0.0,0.0,0.0,0.0,1.0,0.0,0.0,0.0,0.0,0.0,0.4,0.0,-0.8,0.0,0.0,16.0,25903.0
2026-07-30T18:58:47.386Z,96.869,96.882,0.0,7.4,0.0,0.0,0.0,0.0,0.0,0.0,0.0,0.0,1.0,0.0,0.0,0.0,9.0,4.0,0.0,0.0,0.0,0.0,0.0,0.0,0.0,0.0,3.0,12.0,1.0,12.17,5.0200000000000005,2.51,1.5,0.0,0.0,0.0,0.5,0.0,0.8,0.0,0.4,-3.3000000000000003,0.0,0.0,3.4000000000000004,0.0,21.4,33.2,33.2,34.1,300.0,300.0,30.5,34.4,32.0,31.5,33.2,4.96,1.99,4.97,0.16,0.0,0.0,1027.0,8228.0,0.0,0.0,0.0,0.0,0.0,1.0,0.0,0.0,0.0,0.0,0.0,-0.4,0.0,1.0,0.0,0.0,16.0,25903.0
2026-07-30T18:58:47.398Z,96.881,96.894,0.0,7.4,0.0,0.0,0.0,0.0,0.0,0.0,0.0,0.0,1.0,0.0,0.0,0.0,9.0,4.0,0.0,0.0,0.0,0.0,0.0,0.0,0.0,0.0,4.0,12.0,1.0,12.17,5.0200000000000005,2.51,1.5,0.0,0.0,0.0,0.5,0.0,-0.3,0.0,-0.1,-3.3000000000000003,0.0,0.0,3.4000000000000004,0.0,21.4,33.2,33.2,34.1,300.0,300.0,30.5,34.4,32.0,31.5,33.2,4.96,1.99,4.96,0.16,0.0,0.0,1027.0,8228.0,0.0,0.0,0.0,0.0,0.0,1.0,0.0,0.0,0.0,0.0,0.0,-0.1,0.0,0.4,0.0,0.0,16.0,25903.0
2026-07-30T18:58:47.410Z,96.893,96.906,0.0,7.4,0.0,0.0,0.0,0.0,0.0,0.0,0.0,0.0,1.0,0.0,0.0,0.0,9.0,4.0,0.0,0.0,0.0,0.0,0.0,0.0,0.0,0.0,5.0,12.0,1.0,12.15,5.01,2.5,1.49,0.0,0.0,0.0,0.5,0.0,0.2,0.5,-0.1,-3.3000000000000003,0.0,0.0,3.4000000000000004,0.0,21.700000000000003,33.2,33.2,34.1,300.0,300.0,30.5,34.300000000000004,31.9,31.5,33.2,4.96,1.99,4.96,0.16,0.0,0.0,1027.0,8228.0,0.0,0.0,0.0,0.0,0.0,1.0,0.0,0.0,0.0,0.0,0.0,-0.2,0.0,-0.7000000000000001,0.0,0.0,16.0,25903.0
2026-07-30T18:58:47.422Z,96.905,96.918,0.0,7.4,0.0,0.0,0.0,0.0,0.0,0.0,0.0,0.0,1.0,0.0,0.0,0.0,9.0,4.0,0.0,0.0,0.0,0.0,0.0,0.0,0.0,0.0,1.0,12.0,1.0,12.15,5.01,2.5,1.49,0.0,0.1,0.0,0.5,0.0,0.2,0.0,-0.1,-3.3000000000000003,0.0,0.0,3.4000000000000004,0.0,21.700000000000003,33.2,33.2,34.1,300.0,300.0,30.5,34.300000000000004,31.9,31.5,33.2,4.95,1.99,4.96,0.16,0.0,0.0,1027.0,8228.0,0.0,0.0,0.0,0.0,0.0,1.0,0.0,0.0,0.0,0.0,0.0,0.1,0.0,-0.1,0.0,0.0,16.0,25903.0
2026-07-30T18:58:47.434Z,96.917,96.93,0.0,7.4,0.0,0.0,0.0,0.0,0.0,0.0,0.0,0.0,1.0,0.0,0.0,0.0,9.0,4.0,0.0,0.0,0.0,0.0,0.0,0.0,0.0,0.0,2.0,12.0,1.0,12.15,5.01,2.5,1.49,0.0,0.0,0.0,0.6000000000000001,0.0,0.2,-0.6000000000000001,0.4,-3.3000000000000003,0.0,0.0,3.4000000000000004,0.0,21.700000000000003,33.2,33.2,34.1,300.0,300.0,30.5,34.300000000000004,31.9,31.5,33.2,4.95,1.99,4.96,0.16,0.0,0.0,1027.0,8228.0,0.0,0.0,0.0,0.0,0.0,1.0,0.0,0.0,0.0,0.0,0.0,0.5,0.0,0.4,0.0,0.0,16.0,25903.0
2026-07-30T18:58:47.446Z,96.929,96.942,0.0,7.4,0.0,0.0,0.0,0.0,0.0,0.0,0.0,0.0,1.0,0.0,0.0,0.0,9.0,4.0,0.0,0.0,0.0,0.0,0.0,0.0,0.0,0.0,3.0,12.0,1.0,12.15,5.01,2.5,1.49,0.0,0.0,0.0,0.5,0.0,0.2,0.5,1.5,-3.3000000000000003,0.0,0.0,3.4000000000000004,0.0,21.700000000000003,33.2,33.2,34.1,300.0,300.0,30.5,34.300000000000004,31.9,31.5,33.2,4.95,1.99,4.97,0.16,0.0,0.0,1027.0,8228.0,0.0,0.0,0.0,0.0,0.0,1.0,0.0,0.0,0.0,0.0,0.0,-1.4,0.0,1.6,0.0,0.0,16.0,25903.0
2026-07-30T18:58:47.458Z,96.941,96.954,0.0,7.4,0.0,0.0,0.0,0.0,0.0,0.0,0.0,0.0,1.0,0.0,0.0,0.0,9.0,4.0,0.0,0.0,0.0,0.0,0.0,0.0,0.0,0.0,4.0,12.0,1.0,12.15,5.01,2.5,1.49,0.0,0.0,0.0,0.5,0.0,0.2,0.0,0.3,-3.3000000000000003,0.0,0.0,3.4000000000000004,0.0,21.700000000000003,33.2,33.2,34.1,300.0,300.0,30.5,34.300000000000004,31.9,31.5,33.2,4.95,1.99,4.97,0.17,0.0,0.0,1027.0,8228.0,0.0,0.0,0.0,0.0,0.0,1.0,0.0,0.0,0.0,0.0,0.0,0.4,0.0,-0.7000000000000001,0.0,0.0,16.0,25903.0
2026-07-30T18:58:47.478Z,96.961,96.966,0.0,7.4,0.0,0.0,0.0,0.0,0.0,0.0,0.0,0.0,1.0,0.0,0.0,0.0,9.0,4.0,0.0,0.0,0.0,0.0,0.0,0.0,0.0,0.0,5.0,12.0,1.0,12.15,5.01,2.5,1.49,0.0,0.0,0.0,0.5,0.0,-0.9,0.5,-0.7000000000000001,-3.3000000000000003,0.0,0.0,3.4000000000000004,0.0,21.700000000000003,33.2,33.2,34.1,300.0,300.0,30.5,34.300000000000004,31.9,31.5,33.2,4.95,2.0,4.97,0.16,0.0,0.0,1027.0,8228.0,0.0,0.0,0.0,0.0,0.0,1.0,0.0,0.0,0.0,0.0,0.0,0.7000000000000001,0.0,-0.2,0.0,0.0,16.0,25903.0
2026-07-30T18:58:47.482Z,96.965,96.978,0.0,7.4,0.0,0.0,0.0,0.0,0.0,0.0,0.0,0.0,1.0,0.0,0.0,0.0,9.0,4.0,0.0,0.0,0.0,0.0,0.0,0.0,0.0,0.0,1.0,12.0,1.0,12.15,5.01,2.5,1.49,0.0,0.0,0.0,0.5,0.0,-0.9,-0.5,0.4,-3.3000000000000003,0.0,0.0,3.4000000000000004,0.0,21.700000000000003,33.2,33.2,34.1,300.0,300.0,30.5,34.300000000000004,31.9,31.5,33.2,4.96,2.0,4.96,0.16,0.0,0.0,1027.0,8228.0,0.0,0.0,0.0,0.0,0.0,1.0,0.0,0.0,0.0,0.0,0.0,0.0,0.0,-1.3,0.0,0.0,16.0,25903.0
2026-07-30T18:58:47.494Z,96.977,96.99,0.0,7.4,0.0,0.0,0.0,0.0,0.0,0.0,0.0,0.0,1.0,0.0,0.0,0.0,9.0,4.0,0.0,0.0,0.0,0.0,0.0,0.0,0.0,0.0,2.0,12.0,1.0,12.15,5.01,2.5,1.49,0.0,0.0,0.0,0.5,0.0,-0.2,-0.5,-0.1,-3.3000000000000003,0.0,0.0,3.4000000000000004,0.0,21.700000000000003,33.2,33.2,34.1,300.0,300.0,30.5,34.300000000000004,31.9,31.5,33.2,4.95,1.99,4.97,0.16,0.0,0.0,1027.0,8228.0,0.0,0.0,0.0,0.0,0.0,1.0,0.0,0.0,0.0,0.0,0.0,1.7000000000000002,0.0,-0.8,0.0,0.0,16.0,25903.0
2026-07-30T18:58:47.507Z,96.99,97.002,0.0,7.4,0.0,0.0,0.0,0.0,0.0,0.0,0.0,0.0,1.0,0.0,0.0,0.0,9.0,4.0,0.0,0.0,0.0,0.0,0.0,0.0,0.0,0.0,3.0,12.0,1.0,12.17,5.01,2.5,1.49,0.0,0.1,0.0,0.5,0.0,0.2,0.0,-0.7000000000000001,-3.3000000000000003,0.0,0.0,3.4000000000000004,0.0,21.8,33.2,33.2,34.1,300.0,300.0,30.5,34.300000000000004,31.9,31.5,33.2,4.95,2.0,4.96,0.17,0.0,0.0,1027.0,8228.0,0.0,0.0,0.0,0.0,0.0,1.0,0.0,0.0,0.0,0.0,0.0,-2.6,0.0,1.2000000000000002,0.0,0.0,16.0,25903.0
2026-07-30T18:58:47.518Z,97.001,97.014,0.0,7.4,0.0,0.0,0.0,0.0,0.0,0.0,0.0,0.0,1.0,0.0,0.0,0.0,9.0,4.0,0.0,0.0,0.0,0.0,0.0,0.0,0.0,0.0,4.0,12.0,1.0,12.17,5.01,2.5,1.49,0.0,0.0,0.0,0.5,0.0,-0.3,0.0,0.4,-3.3000000000000003,0.0,0.0,3.4000000000000004,0.0,21.8,33.2,33.2,34.1,300.0,300.0,30.5,34.300000000000004,31.9,31.5,33.2,4.95,2.0,4.96,0.16,0.0,0.0,1027.0,8228.0,0.0,0.0,0.0,0.0,0.0,1.0,0.0,0.0,0.0,0.0,0.0,0.7000000000000001,0.0,-0.1,0.0,0.0,16.0,25903.0
2026-07-30T18:58:47.530Z,97.013,97.026,0.0,7.4,0.0,0.0,0.0,0.0,0.0,0.0,0.0,0.0,1.0,0.0,0.0,0.0,9.0,4.0,0.0,0.0,0.0,0.0,0.0,0.0,0.0,0.0,6.0,12.0,1.0,12.17,5.01,2.5,1.49,0.0,0.0,0.0,0.6000000000000001,0.0,-1.4,-1.1,-0.7000000000000001,-3.3000000000000003,0.0,0.0,3.4000000000000004,0.0,21.8,33.2,33.2,34.1,300.0,300.0,30.5,34.300000000000004,31.9,31.5,33.2,4.95,2.0,4.96,0.16,0.0,0.0,1027.0,8228.0,0.0,0.0,0.0,0.0,0.0,1.0,0.0,0.0,0.0,0.0,0.0,1.7000000000000002,0.0,-0.8,0.0,0.0,16.0,25903.0
2026-07-30T18:58:47.542Z,97.025,97.038,0.0,7.4,0.0,0.0,0.0,0.0,0.0,0.0,0.0,0.0,1.0,0.0,0.0,0.0,9.0,4.0,0.0,0.0,0.0,0.0,0.0,0.0,0.0,0.0,1.0,12.0,1.0,12.17,5.01,2.5,1.49,0.0,0.0,0.0,0.5,0.0,-0.2,-0.6000000000000001,-0.7000000000000001,-3.3000000000000003,0.0,0.0,3.4000000000000004,0.0,21.8,33.2,33.2,34.1,300.0,300.0,30.5,34.300000000000004,31.9,31.5,33.2,4.96,1.99,4.97,0.16,0.0,0.0,1027.0,8228.0,0.0,0.0,0.0,0.0,0.0,1.0,0.0,0.0,0.0,0.0,0.0,1.1,0.0,-0.8,0.0,0.0,16.0,25903.0
2026-07-30T18:58:47.554Z,97.037,97.05,0.0,7.4,0.0,0.0,0.0,0.0,0.0,0.0,0.0,0.0,1.0,0.0,0.0,0.0,9.0,4.0,0.0,0.0,0.0,0.0,0.0,0.0,0.0,0.0,2.0,12.0,1.0,12.17,5.01,2.5,1.49,0.0,0.0,0.0,0.5,0.0,-0.8,1.1,-0.2,-3.3000000000000003,0.0,0.0,3.4000000000000004,0.0,21.8,33.2,33.2,34.1,300.0,300.0,30.5,34.300000000000004,31.9,31.5,33.2,4.96,1.99,4.96,0.16,0.0,0.0,1027.0,8228.0,0.0,0.0,0.0,0.0,0.0,1.0,0.0,0.0,0.0,0.0,0.0,1.0,0.0,-0.8,0.0,0.0,16.0,25903.0
2026-07-30T18:58:47.566Z,97.049,97.062,0.0,7.4,0.0,0.0,0.0,0.0,0.0,0.0,0.0,0.0,1.0,0.0,0.0,0.0,9.0,4.0,0.0,0.0,0.0,0.0,0.0,0.0,0.0,0.0,3.0,12.0,1.0,12.17,5.01,2.5,1.49,0.0,0.0,0.0,0.5,0.0,-0.2,0.0,-0.8,-3.3000000000000003,0.0,0.0,3.4000000000000004,0.0,21.8,33.2,33.2,34.1,300.0,300.0,30.5,34.300000000000004,31.9,31.5,33.2,4.96,1.99,4.96,0.16,0.0,0.0,1027.0,8228.0,0.0,0.0,0.0,0.0,0.0,1.0,0.0,0.0,0.0,0.0,0.0,-0.5,0.0,-0.1,0.0,0.0,16.0,25903.0
2026-07-30T18:58:47.578Z,97.061,97.074,0.0,7.4,0.0,0.0,0.0,0.0,0.0,0.0,0.0,0.0,1.0,0.0,0.0,0.0,9.0,4.0,0.0,0.0,0.0,0.0,0.0,0.0,0.0,0.0,4.0,12.0,1.0,12.17,5.01,2.5,1.49,0.0,0.1,0.0,0.4,0.0,-0.2,0.0,1.5,-3.3000000000000003,0.0,0.0,3.4000000000000004,0.0,21.8,33.2,33.2,34.1,300.0,300.0,30.5,34.300000000000004,31.9,31.5,33.2,4.95,1.99,4.97,0.16,0.0,0.0,1027.0,8228.0,0.0,0.0,0.0,0.0,0.0,1.0,0.0,0.0,0.0,0.0,0.0,-0.8,0.0,1.6,0.0,0.0,16.0,25903.0
2026-07-30T18:58:47.590Z,97.073,97.086,0.0,7.4,0.0,0.0,0.0,0.0,0.0,0.0,0.0,0.0,1.0,0.0,0.0,0.0,9.0,4.0,0.0,0.0,0.0,0.0,0.0,0.0,0.0,0.0,5.0,12.0,1.0,12.17,5.01,2.5,1.49,0.0,0.0,0.0,0.4,0.0,-0.8,-1.1,-0.1,-3.3000000000000003,0.0,0.0,3.4000000000000004,0.0,21.8,33.2,33.2,34.1,300.0,300.0,30.5,34.300000000000004,31.9,31.5,33.2,4.96,1.98,4.96,0.16,0.0,0.0,1027.0,8228.0,0.0,0.0,0.0,0.0,0.0,1.0,0.0,0.0,0.0,0.0,0.0,1.4,0.0,-0.2,0.0,0.0,16.0,25903.0
2026-07-30T18:58:47.602Z,97.085,97.098,0.0,7.4,0.0,0.0,0.0,0.0,0.0,0.0,0.0,0.0,1.0,0.0,0.0,0.0,9.0,4.0,0.0,0.0,0.0,0.0,0.0,0.0,0.0,0.0,1.0,12.0,1.0,12.17,5.01,2.5,1.49,0.0,0.0,0.0,0.5,0.0,0.9,1.1,0.9,-3.3000000000000003,0.0,0.0,3.4000000000000004,0.0,21.8,33.2,33.2,34.1,300.0,300.0,30.5,34.300000000000004,31.9,31.5,33.2,4.96,2.0,4.96,0.16,0.0,0.0,1027.0,8228.0,0.0,0.0,0.0,0.0,0.0,1.0,0.0,0.0,0.0,0.0,0.0,-1.8,0.0,1.0,0.0,0.0,16.0,25903.0
2026-07-30T18:58:47.614Z,97.097,97.11,0.0,7.4,0.0,0.0,0.0,0.0,0.0,0.0,0.0,0.0,1.0,0.0,0.0,0.0,9.0,4.0,0.0,0.0,0.0,0.0,0.0,0.0,0.0,0.0,2.0,12.0,1.0,12.15,5.0200000000000005,2.5,1.49,0.0,0.0,0.0,0.5,0.0,0.3,0.6000000000000001,0.3,-3.3000000000000003,0.0,0.0,3.4000000000000004,0.0,21.9,33.2,33.1,34.0,300.0,300.0,30.4,34.300000000000004,31.9,31.5,33.2,4.95,1.99,4.96,0.16,0.0,0.0,1027.0,8228.0,0.0,0.0,0.0,0.0,0.0,1.0,0.0,0.0,0.0,0.0,0.0,-0.9,0.0,0.4,0.0,0.0,16.0,25903.0
2026-07-30T18:58:47.626Z,97.109,97.122,0.0,7.4,0.0,0.0,0.0,0.0,0.0,0.0,0.0,0.0,1.0,0.0,0.0,0.0,9.0,4.0,0.0,0.0,0.0,0.0,0.0,0.0,0.0,0.0,3.0,12.0,1.0,12.15,5.0200000000000005,2.5,1.49,0.0,0.0,0.0,0.5,0.0,-0.8,-0.5,-0.2,-3.3000000000000003,0.0,0.0,3.4000000000000004,0.0,21.9,33.2,33.1,34.0,300.0,300.0,30.4,34.300000000000004,31.9,31.5,33.2,4.95,1.99,4.97,0.16,0.0,0.0,1027.0,8228.0,0.0,0.0,0.0,0.0,0.0,1.0,0.0,0.0,0.0,0.0,0.0,0.7000000000000001,0.0,-0.2,0.0,0.0,16.0,25903.0
2026-07-30T18:58:47.637Z,97.12,97.134,0.0,7.4,0.0,0.0,0.0,0.0,0.0,0.0,0.0,0.0,1.0,0.0,0.0,0.0,9.0,4.0,0.0,0.0,0.0,0.0,0.0,0.0,0.0,0.0,4.0,12.0,1.0,12.15,5.0200000000000005,2.5,1.49,0.0,0.0,0.0,0.5,0.0,-0.2,-1.1,-0.7000000000000001,-3.3000000000000003,0.0,0.0,3.4000000000000004,0.0,21.9,33.2,33.1,34.0,300.0,300.0,30.4,34.300000000000004,31.9,31.5,33.2,4.96,1.99,4.96,0.16,0.0,0.0,1027.0,8228.0,0.0,0.0,0.0,0.0,0.0,1.0,0.0,0.0,0.0,0.0,0.0,1.7000000000000002,0.0,-0.8,0.0,0.0,16.0,25903.0
2026-07-30T18:58:47.650Z,97.133,97.146,0.0,7.4,0.0,0.0,0.0,0.0,0.0,0.0,0.0,0.0,1.0,0.0,0.0,0.0,9.0,4.0,0.0,0.0,0.0,0.0,0.0,0.0,0.0,0.0,5.0,12.0,1.0,12.15,5.0200000000000005,2.5,1.49,0.0,0.0,0.0,0.5,0.0,0.2,0.0,-0.8,-3.3000000000000003,0.0,0.0,3.4000000000000004,0.0,21.9,33.2,33.1,34.0,300.0,300.0,30.4,34.300000000000004,31.9,31.5,33.2,4.96,1.99,4.96,0.16,0.0,0.0,1027.0,8228.0,0.0,0.0,0.0,0.0,0.0,1.0,0.0,0.0,0.0,0.0,0.0,0.3,0.0,-0.8,0.0,0.0,16.0,25903.0
2026-07-30T18:58:47.662Z,97.145,97.158,0.0,7.4,0.0,0.0,0.0,0.0,0.0,0.0,0.0,0.0,1.0,0.0,0.0,0.0,9.0,4.0,0.0,0.0,0.0,0.0,0.0,0.0,0.0,0.0,1.0,12.0,1.0,12.15,5.0200000000000005,2.5,1.49,0.0,0.0,0.0,0.5,0.0,-0.3,0.0,-0.7000000000000001,-3.3000000000000003,0.0,0.0,3.4000000000000004,0.0,21.9,33.2,33.1,34.0,300.0,300.0,30.4,34.300000000000004,31.9,31.5,33.2,4.95,1.99,4.96,0.16,0.0,0.0,1027.0,8228.0,0.0,0.0,0.0,0.0,0.0,1.0,0.0,0.0,0.0,0.0,0.0,0.3,0.0,-0.7000000000000001,0.0,0.0,16.0,25903.0
2026-07-30T18:58:47.674Z,97.157,97.17,0.0,7.4,0.0,0.0,0.0,0.0,0.0,0.0,0.0,0.0,1.0,0.0,0.0,0.0,9.0,4.0,0.0,0.0,0.0,0.0,0.0,0.0,0.0,0.0,2.0,12.0,1.0,12.15,5.0200000000000005,2.5,1.49,0.0,0.0,0.0,0.5,0.0,0.3,-0.4,-0.1,-3.3000000000000003,0.0,0.0,3.4000000000000004,0.0,21.9,33.2,33.1,34.0,300.0,300.0,30.4,34.300000000000004,31.9,31.5,33.2,4.94,1.99,4.97,0.16,0.0,0.0,1027.0,8228.0,0.0,0.0,0.0,0.0,0.0,1.0,0.0,0.0,0.0,0.0,0.0,0.6000000000000001,0.0,-0.2,0.0,0.0,16.0,25903.0
2026-07-30T18:58:47.686Z,97.169,97.182,0.0,7.4,0.0,0.0,0.0,0.0,0.0,0.0,0.0,0.0,1.0,0.0,0.0,0.0,9.0,4.0,0.0,0.0,0.0,0.0,0.0,0.0,0.0,0.0,3.0,12.0,1.0,12.15,5.0200000000000005,2.5,1.49,0.0,0.0,0.0,0.5,0.0,-0.8,-0.5,0.9,-3.3000000000000003,0.0,0.0,3.4000000000000004,0.0,21.9,33.2,33.1,34.0,300.0,300.0,30.4,34.300000000000004,31.9,31.5,33.2,4.95,2.0,4.96,0.16,0.0,0.0,1027.0,8228.0,0.0,0.0,0.0,0.0,0.0,1.0,0.0,0.0,0.0,0.0,0.0,0.1,0.0,0.9,0.0,0.0,16.0,25903.0
2026-07-30T18:58:47.698Z,97.181,97.194,0.0,7.4,0.0,0.0,0.0,0.0,0.0,0.0,0.0,0.0,1.0,0.0,0.0,0.0,9.0,4.0,0.0,0.0,0.0,0.0,0.0,0.0,0.0,0.0,4.0,12.0,1.0,12.15,5.0200000000000005,2.5,1.49,0.0,0.0,0.0,0.5,0.0,-0.3,0.0,-0.2,-3.3000000000000003,0.0,0.0,3.4000000000000004,0.0,21.9,33.2,33.1,34.0,300.0,300.0,30.4,34.300000000000004,31.9,31.5,33.2,4.95,1.99,4.97,0.16,0.0,0.0,1027.0,8228.0,0.0,0.0,0.0,0.0,0.0,1.0,0.0,0.0,0.0,0.0,0.0,0.0,0.0,-0.2,0.0,0.0,16.0,25903.0
2026-07-30T18:58:47.711Z,97.194,97.206,0.0,7.4,0.0,0.0,0.0,0.0,0.0,0.0,0.0,0.0,1.0,0.0,0.0,0.0,9.0,4.0,0.0,0.0,0.0,0.0,0.0,0.0,0.0,0.0,5.0,12.0,1.0,12.17,5.01,2.51,1.49,0.0,0.0,0.0,0.5,0.0,-0.9,-0.5,-0.7000000000000001,-3.3000000000000003,0.0,0.0,3.4000000000000004,0.0,21.4,33.2,33.1,34.0,300.0,300.0,30.5,34.4,31.9,31.5,33.2,4.95,1.99,4.97,0.16,0.0,0.0,1027.0,8228.0,0.0,0.0,0.0,0.0,0.0,1.0,0.0,0.0,0.0,0.0,0.0,1.0,0.0,-0.8,0.0,0.0,16.0,25903.0
2026-07-30T18:58:47.721Z,97.204,97.218,0.0,7.4,0.0,0.0,0.0,0.0,0.0,0.0,0.0,0.0,1.0,0.0,0.0,0.0,9.0,4.0,0.0,0.0,0.0,0.0,0.0,0.0,0.0,0.0,6.0,12.0,1.0,12.17,5.01,2.51,1.49,0.0,0.0,0.0,0.5,0.0,-0.3,0.0,0.3,-3.3000000000000003,0.0,0.0,3.3000000000000003,0.0,21.4,33.2,33.1,34.0,300.0,300.0,30.5,34.4,31.9,31.5,33.2,4.95,1.99,4.96,0.16,0.0,0.0,1027.0,8228.0,0.0,0.0,0.0,0.0,0.0,1.0,0.0,0.0,0.0,0.0,0.0,-0.2,0.0,0.3,0.0,0.0,16.0,25903.0
2026-07-30T18:58:47.734Z,97.217,97.23,0.0,7.4,0.0,0.0,0.0,0.0,0.0,0.0,0.0,0.0,1.0,0.0,0.0,0.0,9.0,4.0,0.0,0.0,0.0,0.0,0.0,0.0,0.0,0.0,1.0,12.0,1.0,12.17,5.01,2.51,1.49,0.0,0.1,0.0,0.5,0.0,-0.3,-1.1,-0.8,-3.3000000000000003,0.0,0.0,3.4000000000000004,0.0,21.4,33.2,33.1,34.0,300.0,300.0,30.5,34.4,31.9,31.5,33.2,4.95,1.99,4.97,0.16,0.0,0.0,1027.0,8228.0,0.0,0.0,0.0,0.0,0.0,1.0,0.0,0.0,0.0,0.0,0.0,1.7000000000000002,0.0,-0.9,0.0,0.0,16.0,25903.0
2026-07-30T18:58:47.746Z,97.229,97.242,0.0,7.4,0.0,0.0,0.0,0.0,0.0,0.0,0.0,0.0,1.0,0.0,0.0,0.0,9.0,4.0,0.0,0.0,0.0,0.0,0.0,0.0,0.0,0.0,3.0,12.0,1.0,12.17,5.01,2.51,1.49,0.0,0.0,0.0,0.5,0.0,0.2,1.2000000000000002,-0.2,-3.3000000000000003,0.0,0.0,3.4000000000000004,0.0,21.4,33.2,33.1,34.0,300.0,300.0,30.5,34.4,31.9,31.5,33.2,4.95,1.99,4.96,0.16,0.0,0.0,1027.0,8228.0,0.0,0.0,0.0,0.0,0.0,1.0,0.0,0.0,0.0,0.0,0.0,-1.2000000000000002,0.0,-0.2,0.0,0.0,16.0,25903.0
2026-07-30T18:58:47.758Z,97.241,97.254,0.0,7.4,0.0,0.0,0.0,0.0,0.0,0.0,0.0,0.0,1.0,0.0,0.0,0.0,9.0,4.0,0.0,0.0,0.0,0.0,0.0,0.0,0.0,0.0,4.0,12.0,1.0,12.17,5.01,2.51,1.49,0.0,0.0,0.0,0.5,0.0,0.7000000000000001,0.6000000000000001,0.2,-3.3000000000000003,0.0,0.0,3.4000000000000004,0.0,21.4,33.2,33.1,34.0,300.0,300.0,30.5,34.4,31.9,31.5,33.2,4.95,1.99,4.96,0.16,0.0,0.0,1027.0,8228.0,0.0,0.0,0.0,0.0,0.0,1.0,0.0,0.0,0.0,0.0,0.0,-0.9,0.0,0.3,0.0,0.0,16.0,25903.0
2026-07-30T18:58:47.770Z,97.253,97.266,0.0,7.4,0.0,0.0,0.0,0.0,0.0,0.0,0.0,0.0,1.0,0.0,0.0,0.0,9.0,4.0,0.0,0.0,0.0,0.0,0.0,0.0,0.0,0.0,5.0,12.0,1.0,12.17,5.01,2.51,1.49,0.0,0.0,0.0,0.5,0.0,-0.3,0.0,2.0,-3.3000000000000003,0.0,0.0,3.4000000000000004,0.0,21.4,33.2,33.1,34.0,300.0,300.0,30.5,34.4,31.9,31.5,33.2,4.95,1.99,4.96,0.16,0.0,0.0,1027.0,8228.0,0.0,0.0,0.0,0.0,0.0,1.0,0.0,0.0,0.0,0.0,0.0,-1.1,0.0,2.1,0.0,0.0,16.0,25903.0
2026-07-30T18:58:47.785Z,97.268,97.278,0.0,7.4,0.0,0.0,0.0,0.0,0.0,0.0,0.0,0.0,1.0,0.0,0.0,0.0,9.0,4.0,0.0,0.0,0.0,0.0,0.0,0.0,0.0,0.0,6.0,12.0,1.0,12.17,5.01,2.51,1.49,0.0,0.0,0.0,0.5,0.0,0.2,-1.1,-1.4,-3.3000000000000003,0.0,0.0,3.4000000000000004,0.0,21.4,33.2,33.1,34.0,300.0,300.0,30.5,34.4,31.9,31.5,33.2,4.95,1.99,4.96,0.16,0.0,0.0,1027.0,8228.0,0.0,0.0,0.0,0.0,0.0,1.0,0.0,0.0,0.0,0.0,0.0,2.0,0.0,-1.5,0.0,0.0,16.0,25903.0
2026-07-30T18:58:47.796Z,97.279,97.29,0.0,7.4,0.0,0.0,0.0,0.0,0.0,0.0,0.0,0.0,1.0,0.0,0.0,0.0,9.0,4.0,0.0,0.0,0.0,0.0,0.0,0.0,0.0,0.0,5.0,12.0,1.0,12.17,5.01,2.51,1.49,0.0,0.0,0.0,0.5,0.0,0.8,0.0,-0.2,-3.3000000000000003,0.0,0.0,3.4000000000000004,0.0,21.4,33.2,33.1,34.0,300.0,300.0,30.5,34.4,31.9,31.5,33.2,4.95,1.99,4.96,0.16,0.0,0.0,1027.0,8228.0,0.0,0.0,0.0,0.0,0.0,1.0,0.0,0.0,0.0,0.0,0.0,0.0,0.0,-0.2,0.0,0.0,16.0,25903.0
2026-07-30T18:58:47.806Z,97.289,97.302,0.0,7.4,0.0,0.0,0.0,0.0,0.0,0.0,0.0,0.0,1.0,0.0,0.0,0.0,9.0,4.0,0.0,0.0,0.0,0.0,0.0,0.0,0.0,0.0,4.0,12.0,1.0,12.17,5.01,2.51,1.49,0.0,0.1,0.0,0.5,0.0,0.2,0.0,-0.2,-3.3000000000000003,0.0,0.0,3.4000000000000004,0.0,21.4,33.2,33.1,34.0,300.0,300.0,30.5,34.4,31.9,31.5,33.2,4.95,1.99,4.96,0.15,0.0,0.0,1027.0,8228.0,0.0,0.0,0.0,0.0,0.0,1.0,0.0,0.0,0.0,0.0,0.0,0.0,0.0,-0.2,0.0,0.0,16.0,25903.0
2026-07-30T18:58:47.818Z,97.301,97.314,0.0,7.4,0.0,0.0,0.0,0.0,0.0,0.0,0.0,0.0,1.0,0.0,0.0,0.0,9.0,4.0,0.0,0.0,0.0,0.0,0.0,0.0,0.0,0.0,5.0,12.0,1.0,12.17,5.0200000000000005,2.51,1.49,0.0,0.0,0.0,0.4,0.0,0.8,1.2000000000000002,-0.2,-3.3000000000000003,0.0,0.0,3.4000000000000004,0.0,21.700000000000003,33.1,33.1,34.0,300.0,300.0,30.5,34.4,31.9,31.5,33.2,4.95,1.99,4.97,0.16,0.0,0.0,1027.0,8228.0,0.0,0.0,0.0,0.0,0.0,1.0,0.0,0.0,0.0,0.0,0.0,-1.2000000000000002,0.0,-0.1,0.0,0.0,16.0,25903.0
2026-07-30T18:58:47.830Z,97.313,97.326,0.0,7.4,0.0,0.0,0.0,0.0,0.0,0.0,0.0,0.0,1.0,0.0,0.0,0.0,9.0,4.0,0.0,0.0,0.0,0.0,0.0,0.0,0.0,0.0,6.0,12.0,1.0,12.17,5.0200000000000005,2.51,1.49,0.0,0.0,0.0,0.4,0.0,0.2,-1.1,0.4,-3.3000000000000003,0.0,0.0,3.4000000000000004,0.0,21.700000000000003,33.1,33.1,34.0,300.0,300.0,30.5,34.4,31.9,31.5,33.2,4.96,1.99,4.96,0.16,0.0,0.0,1027.0,8228.0,0.0,0.0,0.0,0.0,0.0,1.0,0.0,0.0,0.0,0.0,0.0,1.0,0.0,0.3,0.0,0.0,16.0,25903.0
2026-07-30T18:58:47.842Z,97.325,97.338,0.0,7.4,0.0,0.0,0.0,0.0,0.0,0.0,0.0,0.0,1.0,0.0,0.0,0.0,9.0,4.0,0.0,0.0,0.0,0.0,0.0,0.0,0.0,0.0,1.0,12.0,1.0,12.17,5.0200000000000005,2.51,1.49,0.0,0.0,0.0,0.5,0.0,0.2,0.6000000000000001,0.3,-3.3000000000000003,0.0,0.0,3.4000000000000004,0.0,21.700000000000003,33.1,33.1,34.0,300.0,300.0,30.5,34.4,31.9,31.5,33.2,4.96,1.99,4.97,0.16,0.0,0.0,1027.0,8228.0,0.0,0.0,0.0,0.0,0.0,1.0,0.0,0.0,0.0,0.0,0.0,-0.6000000000000001,0.0,-0.1,0.0,0.0,16.0,25903.0
2026-07-30T18:58:47.854Z,97.337,97.35,0.0,7.4,0.0,0.0,0.0,0.0,0.0,0.0,0.0,0.0,1.0,0.0,0.0,0.0,9.0,4.0,0.0,0.0,0.0,0.0,0.0,0.0,0.0,0.0,3.0,12.0,1.0,12.17,5.0200000000000005,2.51,1.49,0.0,0.0,0.0,0.5,0.0,0.8,0.5,0.3,-3.3000000000000003,0.0,0.0,3.4000000000000004,0.0,21.700000000000003,33.1,33.1,34.0,300.0,300.0,30.5,34.4,31.9,31.5,33.2,4.95,1.99,4.97,0.16,0.0,0.0,1027.0,8228.0,0.0,0.0,0.0,0.0,0.0,1.0,0.0,0.0,0.0,0.0,0.0,-0.8,0.0,0.4,0.0,0.0,16.0,25903.0
2026-07-30T18:58:47.866Z,97.349,97.362,0.0,7.4,0.0,0.0,0.0,0.0,0.0,0.0,0.0,0.0,1.0,0.0,0.0,0.0,9.0,4.0,0.0,0.0,0.0,0.0,0.0,0.0,0.0,0.0,4.0,12.0,1.0,12.17,5.0200000000000005,2.51,1.49,0.0,0.0,0.0,0.5,0.0,0.2,0.5,0.3,-3.3000000000000003,0.0,0.0,3.4000000000000004,0.0,21.700000000000003,33.1,33.1,34.0,300.0,300.0,30.5,34.4,31.9,31.5,33.2,4.95,1.99,4.97,0.16,0.0,0.0,1027.0,8228.0,0.0,0.0,0.0,0.0,0.0,1.0,0.0,0.0,0.0,0.0,0.0,1.0,0.0,-0.8,0.0,0.0,16.0,25903.0
2026-07-30T18:58:47.878Z,97.361,97.374,0.0,7.4,0.0,0.0,0.0,0.0,0.0,0.0,0.0,0.0,1.0,0.0,0.0,0.0,9.0,4.0,0.0,0.0,0.0,0.0,0.0,0.0,0.0,0.0,5.0,12.0,1.0,12.17,5.0200000000000005,2.51,1.49,0.0,0.1,0.0,0.5,0.0,-0.3,-0.6000000000000001,-1.3,-3.3000000000000003,0.0,0.0,3.4000000000000004,0.0,21.700000000000003,33.1,33.1,34.0,300.0,300.0,30.5,34.4,31.9,31.5,33.2,4.95,1.99,4.96,0.16,0.0,0.0,1027.0,8228.0,0.0,0.0,0.0,0.0,0.0,1.0,0.0,0.0,0.0,0.0,0.0,0.8,0.0,-0.2,0.0,0.0001,16.0,25903.0
2026-07-30T18:58:47.890Z,97.373,97.386,0.0,7.4,0.0,0.0,0.0,0.0,0.0,0.0,0.0,0.0,1.0,0.0,0.0,0.0,9.0,4.0,0.0,0.0,0.0,0.0,0.0,0.0,0.0,0.0,6.0,12.0,1.0,12.17,5.0200000000000005,2.51,1.49,0.0,0.0,0.0,0.5,0.0,-0.3,0.0,-1.9,-3.3000000000000003,0.0,0.0,3.4000000000000004,0.0,21.700000000000003,33.1,33.1,34.0,300.0,300.0,30.5,34.4,31.9,31.5,33.2,4.95,1.99,4.97,0.16,0.0,0.0,1027.0,8228.0,0.0,0.0,0.0,0.0,0.0,1.0,0.0,0.0,0.0,0.0,0.0,-0.4,0.0,-0.1,0.0,0.0,16.0,25903.0
2026-07-30T18:58:47.902Z,97.385,97.398,0.0,7.4,0.0,0.0,0.0,0.0,0.0,0.0,0.0,0.0,1.0,0.0,0.0,0.0,9.0,4.0,0.0,0.0,0.0,0.0,0.0,0.0,0.0,0.0,1.0,12.0,1.0,12.17,5.0200000000000005,2.51,1.49,0.0,0.0,0.0,0.5,0.0,0.1,0.0,-0.2,-3.3000000000000003,0.0,0.0,3.4000000000000004,0.0,21.700000000000003,33.1,33.1,34.0,300.0,300.0,30.5,34.4,31.9,31.5,33.2,4.95,1.99,4.97,0.16,0.0,0.0,1027.0,8228.0,0.0,0.0,0.0,0.0,0.0,1.0,0.0,0.0,0.0,0.0,0.0,0.8,0.0,-0.2,0.0,0.0,16.0,25903.0
2026-07-30T18:58:47.915Z,97.398,97.41,0.0,7.4,0.0,0.0,0.0,0.0,0.0,0.0,0.0,0.0,1.0,0.0,0.0,0.0,9.0,4.0,0.0,0.0,0.0,0.0,0.0,0.0,0.0,0.0,2.0,12.0,1.0,12.18,5.01,2.51,1.49,0.0,0.0,0.0,0.5,0.0,0.8,0.0,-0.2,-3.3000000000000003,0.0,0.0,3.4000000000000004,0.0,20.9,33.1,33.1,34.0,300.0,300.0,30.4,34.4,31.9,31.5,33.2,4.96,1.99,4.96,0.16,0.0,0.0,1027.0,8228.0,0.0,0.0,0.0,0.0,0.0,1.0,0.0,0.0,0.0,0.0,0.0,1.8,0.0,-0.9,0.0,0.0,16.0,25903.0
2026-07-30T18:58:47.926Z,97.409,97.422,0.0,7.4,0.0,0.0,0.0,0.0,0.0,0.0,0.0,0.0,1.0,0.0,0.0,0.0,9.0,4.0,0.0,0.0,0.0,0.0,0.0,0.0,0.0,0.0,3.0,12.0,1.0,12.18,5.01,2.51,1.49,0.0,0.0,0.0,0.5,0.0,0.8,-0.7000000000000001,0.9,-3.3000000000000003,0.0,0.0,3.4000000000000004,0.0,20.9,33.1,33.1,34.0,300.0,300.0,30.4,34.4,31.9,31.5,33.2,4.95,2.0,4.96,0.16,0.0,0.0,1027.0,8228.0,0.0,0.0,0.0,0.0,0.0,1.0,0.0,0.0,0.0,0.0,0.0,1.9,0.0,-0.9,0.0,0.0,16.0,25903.0
2026-07-30T18:58:47.938Z,97.421,97.434,0.0,7.4,0.0,0.0,0.0,0.0,0.0,0.0,0.0,0.0,1.0,0.0,0.0,0.0,9.0,4.0,0.0,0.0,0.0,0.0,0.0,0.0,0.0,0.0,4.0,12.0,1.0,12.18,5.01,2.51,1.49,0.0,0.0,0.0,0.5,0.0,0.8,-0.1,-0.2,-3.3000000000000003,0.0,0.0,3.4000000000000004,0.0,20.9,33.1,33.1,34.0,300.0,300.0,30.4,34.4,31.9,31.5,33.2,4.95,1.99,4.97,0.16,0.0,0.0,1027.0,8228.0,0.0,0.0,0.0,0.0,0.0,1.0,0.0,0.0,0.0,0.0,0.0,-3.3000000000000003,0.0,1.7000000000000002,0.0,0.0,16.0,25903.0
2026-07-30T18:58:47.950Z,97.433,97.446,0.0,7.4,0.0,0.0,0.0,0.0,0.0,0.0,0.0,0.0,1.0,0.0,0.0,0.0,9.0,4.0,0.0,0.0,0.0,0.0,0.0,0.0,0.0,0.0,5.0,12.0,1.0,12.18,5.01,2.51,1.49,0.0,0.0,0.0,0.5,0.0,-0.2,-1.2000000000000002,-1.3,-3.3000000000000003,0.0,0.0,3.4000000000000004,0.0,20.9,33.1,33.1,34.0,300.0,300.0,30.4,34.4,31.9,31.5,33.2,4.95,1.99,4.97,0.16,0.0,0.0,1027.0,8228.0,0.0,0.0,0.0,0.0,0.0,1.0,0.0,0.0,0.0,0.0,0.0,1.5,0.0,-0.3,0.0,0.0,16.0,25903.0
2026-07-30T18:58:47.962Z,97.445,97.458,0.0,7.4,0.0,0.0,0.0,0.0,0.0,0.0,0.0,0.0,1.0,0.0,0.0,0.0,9.0,4.0,0.0,0.0,0.0,0.0,0.0,0.0,0.0,0.0,6.0,12.0,1.0,12.18,5.01,2.51,1.49,0.0,0.0,0.0,0.4,0.0,-0.2,0.0,-1.4,-3.3000000000000003,0.0,0.0,3.4000000000000004,0.0,20.9,33.1,33.1,34.0,300.0,300.0,30.4,34.4,31.9,31.5,33.2,4.96,1.99,4.96,0.16,0.0,0.0,1027.0,8228.0,0.0,0.0,0.0,0.0,0.0,1.0,0.0,0.0,0.0,0.0,0.0,-0.1,0.0,0.3,0.0,0.0,16.0,25903.0
2026-07-30T18:58:47.974Z,97.457,97.47,0.0,7.4,0.0,0.0,0.0,0.0,0.0,0.0,0.0,0.0,1.0,0.0,0.0,0.0,9.0,4.0,0.0,0.0,0.0,0.0,0.0,0.0,0.0,0.0,1.0,12.0,1.0,12.18,5.01,2.51,1.49,0.0,0.1,0.0,0.5,0.0,-0.2,0.0,1.0,-3.3000000000000003,0.0,0.0,3.4000000000000004,0.0,20.9,33.1,33.1,34.0,300.0,300.0,30.4,34.4,31.9,31.5,33.2,4.95,1.99,4.97,0.16,0.0,0.0,1027.0,8228.0,0.0,0.0,0.0,0.0,0.0,1.0,0.0,0.0,0.0,0.0,0.0,1.7000000000000002,0.0,-0.8,0.0,0.0,16.0,25903.0
2026-07-30T18:58:47.985Z,97.468,97.482,0.0,7.4,0.0,0.0,0.0,0.0,0.0,0.0,0.0,0.0,1.0,0.0,0.0,0.0,9.0,4.0,0.0,0.0,0.0,0.0,0.0,0.0,0.0,0.0,2.0,12.0,1.0,12.18,5.01,2.51,1.49,0.0,0.0,0.0,0.5,0.0,-0.2,1.1,1.0,-3.3000000000000003,0.0,0.0,3.4000000000000004,0.0,20.9,33.1,33.1,34.0,300.0,300.0,30.4,34.4,31.9,31.5,33.2,4.95,1.99,4.96,0.16,0.0,0.0,1027.0,8228.0,0.0,0.0,0.0,0.0,0.0,1.0,0.0,0.0,0.0,0.0,0.0,1.0,0.0,-0.7000000000000001,0.0,0.0,16.0,25903.0
2026-07-30T18:58:47.998Z,97.481,97.494,0.0,7.4,0.0,0.0,0.0,0.0,0.0,0.0,0.0,0.0,1.0,0.0,0.0,0.0,9.0,4.0,0.0,0.0,0.0,0.0,0.0,0.0,0.0,0.0,3.0,12.0,1.0,12.18,5.01,2.51,1.49,0.0,0.0,0.0,0.5,0.0,-0.2,0.0,-1.2000000000000002,-3.3000000000000003,0.0,0.0,3.4000000000000004,0.0,20.9,33.1,33.1,34.0,300.0,300.0,30.4,34.4,31.9,31.5,33.2,4.95,2.0,4.96,0.16,0.0,0.0,1027.0,8228.0,0.0,0.0,0.0,0.0,0.0,1.0,0.0,0.0,0.0,0.0,0.0,-0.6000000000000001,0.0,0.0,0.0,0.0,16.0,25903.0
2026-07-30T18:58:48.010Z,97.493,97.506,0.0,7.4,0.0,0.0,0.0,0.0,0.0,0.0,0.0,0.0,1.0,0.0,0.0,0.0,9.0,4.0,0.0,0.0,0.0,0.0,0.0,0.0,0.0,0.0,5.0,12.0,1.0,12.18,5.01,2.51,1.49,0.0,0.0,0.0,0.4,0.0,0.8,0.0,1.6,-3.3000000000000003,0.0,0.0,3.4000000000000004,0.0,20.9,33.1,33.1,34.0,300.0,300.0,30.4,34.4,31.9,31.5,33.2,4.96,2.0,4.96,0.16,0.0,0.0,1027.0,8228.0,0.0,0.0,0.0,0.0,0.0,1.0,0.0,0.0,0.0,0.0,0.0,-1.6,0.0,0.5,0.0,0.0,16.0,25903.0
2026-07-30T18:58:48.022Z,97.505,97.518,0.0,7.4,0.0,0.0,0.0,0.0,0.0,0.0,0.0,0.0,1.0,0.0,0.0,0.0,9.0,4.0,0.0,0.0,0.0,0.0,0.0,0.0,0.0,0.0,6.0,12.0,1.0,12.17,5.01,2.51,1.49,-0.1,0.0,0.0,0.5,0.0,-0.2,0.0,-0.6000000000000001,-3.3000000000000003,0.0,0.0,3.4000000000000004,0.0,21.700000000000003,33.1,33.1,34.0,300.0,300.0,30.5,34.4,31.9,31.5,33.2,4.95,1.99,4.97,0.16,0.0,0.0,1027.0,8228.0,0.0,0.0,0.0,0.0,0.0,1.0,0.0,0.0,0.0,0.0,0.0,2.0,0.0,-0.1,0.0,0.0,16.0,25903.0
2026-07-30T18:58:48.034Z,97.517,97.53,0.0,7.4,0.0,0.0,0.0,0.0,0.0,0.0,0.0,0.0,1.0,0.0,0.0,0.0,9.0,4.0,0.0,0.0,0.0,0.0,0.0,0.0,0.0,0.0,1.0,12.0,1.0,12.17,5.01,2.51,1.49,0.0,0.0,0.0,0.5,0.0,-0.2,0.0,0.0,-3.3000000000000003,0.0,0.0,3.4000000000000004,0.0,21.700000000000003,33.1,33.1,34.0,300.0,300.0,30.5,34.4,31.9,31.5,33.2,4.95,1.99,4.96,0.16,0.0,0.0,1027.0,8228.0,0.0,0.0,0.0,0.0,0.0,1.0,0.0,0.0,0.0,0.0,0.0,-0.7000000000000001,0.0,-1.2000000000000002,0.0,0.0,16.0,25903.0
2026-07-30T18:58:48.047Z,97.53,97.542,0.0,7.4,0.0,0.0,0.0,0.0,0.0,0.0,0.0,0.0,1.0,0.0,0.0,0.0,9.0,4.0,0.0,0.0,0.0,0.0,0.0,0.0,0.0,0.0,2.0,12.0,1.0,12.17,5.01,2.51,1.49,0.0,0.0,0.0,0.5,0.0,-0.2,1.2000000000000002,0.5,-3.3000000000000003,0.0,0.0,3.4000000000000004,0.0,21.700000000000003,33.1,33.1,34.0,300.0,300.0,30.5,34.4,31.9,31.5,33.2,4.96,1.99,4.96,0.16,0.0,0.0,1027.0,8228.0,0.0,0.0,0.0,0.0,0.0,1.0,0.0,0.0,0.0,0.0,0.0,0.8,0.0,-0.6000000000000001,0.0,0.0,16.0,25903.0
2026-07-30T18:58:48.058Z,97.541,97.554,0.0,7.4,0.0,0.0,0.0,0.0,0.0,0.0,0.0,0.0,1.0,0.0,0.0,0.0,9.0,4.0,0.0,0.0,0.0,0.0,0.0,0.0,0.0,0.0,3.0,12.0,1.0,12.17,5.01,2.51,1.49,0.0,0.0,0.0,0.5,0.0,-0.1,1.2000000000000002,0.0,-3.3000000000000003,0.0,0.0,3.4000000000000004,0.0,21.700000000000003,33.1,33.1,34.0,300.0,300.0,30.5,34.4,31.9,31.5,33.2,4.95,1.99,4.96,0.16,0.0,0.0,1027.0,8228.0,0.0,0.0,0.0,0.0,0.0,1.0,0.0,0.0,0.0,0.0,0.0,-1.4,0.0,0.0,0.0,0.0,16.0,25903.0
2026-07-30T18:58:48.070Z,97.553,97.566,0.0,7.4,0.0,0.0,0.0,0.0,0.0,0.0,0.0,0.0,1.0,0.0,0.0,0.0,9.0,4.0,0.0,0.0,0.0,0.0,0.0,0.0,0.0,0.0,5.0,12.0,1.0,12.17,5.01,2.51,1.49,0.0,0.0,0.0,0.5,0.0,-0.1,0.1,0.6000000000000001,-3.3000000000000003,0.0,0.0,3.4000000000000004,0.0,21.700000000000003,33.1,33.1,34.0,300.0,300.0,30.5,34.4,31.9,31.5,33.2,4.95,1.99,4.96,0.16,0.0,0.0,1027.0,8228.0,0.0,0.0,0.0,0.0,0.0,1.0,0.0,0.0,0.0,0.0,0.0,0.1,0.0,-0.5,0.0,0.0,16.0,25903.0
2026-07-30T18:58:48.082Z,97.565,97.578,0.0,7.4,0.0,0.0,0.0,0.0,0.0,0.0,0.0,0.0,1.0,0.0,0.0,0.0,9.0,4.0,0.0,0.0,0.0,0.0,0.0,0.0,0.0,0.0,6.0,12.0,1.0,12.17,5.01,2.51,1.49,0.0,0.0,0.0,0.4,0.0,1.0,0.7000000000000001,-1.1,-3.3000000000000003,0.0,0.0,3.4000000000000004,0.0,21.700000000000003,33.1,33.1,34.0,300.0,300.0,30.5,34.4,31.9,31.5,33.2,4.95,2.0,4.96,0.16,0.0,0.0,1027.0,8228.0,0.0,0.0,0.0,0.0,0.0,1.0,0.0,0.0,0.0,0.0,0.0,-1.1,0.0,0.6000000000000001,0.0,0.0,16.0,25903.0
2026-07-30T18:58:48.098Z,97.581,97.59,0.0,7.4,0.0,0.0,0.0,0.0,0.0,0.0,0.0,0.0,1.0,0.0,0.0,0.0,9.0,4.0,0.0,0.0,0.0,0.0,0.0,0.0,0.0,0.0,1.0,12.0,1.0,12.17,5.01,2.51,1.49,0.0,0.1,0.0,0.5,0.0,-0.7000000000000001,0.7000000000000001,0.5,-3.3000000000000003,0.0,0.0,3.4000000000000004,0.0,21.700000000000003,33.1,33.1,34.0,300.0,300.0,30.5,34.4,31.9,31.5,33.2,4.95,1.99,4.96,0.16,0.0,0.0,1027.0,8228.0,0.0,0.0,0.0,0.0,0.0,1.0,0.0,0.0,0.0,0.0,0.0,-1.1,0.0,0.6000000000000001,0.0,0.0,16.0,25903.0
2026-07-30T18:58:48.108Z,97.591,97.602,0.0,7.4,0.0,0.0,0.0,0.0,0.0,0.0,0.0,0.0,1.0,0.0,0.0,0.0,9.0,4.0,0.0,0.0,0.0,0.0,0.0,0.0,0.0,0.0,1.0,12.0,1.0,12.17,5.01,2.51,1.49,0.0,0.0,0.0,0.5,0.0,-0.1,-0.4,0.0,-3.3000000000000003,0.0,0.0,3.4000000000000004,0.0,21.700000000000003,33.1,33.1,34.0,300.0,300.0,30.5,34.4,31.9,31.5,33.2,4.96,1.99,4.97,0.16,0.0,0.0,1027.0,8228.0,0.0,0.0,0.0,0.0,0.0,1.0,0.0,0.0,0.0,0.0,0.0,0.4,0.0,0.0,0.0,0.0,16.0,25903.0
2026-07-30T18:58:48.118Z,97.601,97.614,0.0,7.4,0.0,0.0,0.0,0.0,0.0,0.0,0.0,0.0,1.0,0.0,0.0,0.0,9.0,4.0,0.0,0.0,0.0,0.0,0.0,0.0,0.0,0.0,5.0,12.0,1.0,12.18,5.01,2.5,1.49,0.0,0.0,0.0,0.5,0.0,-0.1,-0.4,-0.5,-3.3000000000000003,0.0,0.0,3.4000000000000004,0.0,21.4,33.1,33.1,34.0,300.0,300.0,30.4,34.5,31.9,31.5,33.2,4.96,1.99,4.96,0.16,0.0,0.0,1027.0,8228.0,0.0,0.0,0.0,0.0,0.0,1.0,0.0,0.0,0.0,0.0,0.0,0.7000000000000001,0.0,-0.5,0.0,0.0,16.0,25903.0
2026-07-30T18:58:48.130Z,97.613,97.626,0.0,7.4,0.0,0.0,0.0,0.0,0.0,0.0,0.0,0.0,1.0,0.0,0.0,0.0,9.0,4.0,0.0,0.0,0.0,0.0,0.0,0.0,0.0,0.0,1.0,12.0,1.0,12.18,5.01,2.5,1.49,0.0,0.1,0.0,0.5,0.0,-0.1,0.1,0.6000000000000001,-3.3000000000000003,0.0,0.0,3.4000000000000004,0.0,21.4,33.1,33.1,34.0,300.0,300.0,30.4,34.5,31.9,31.5,33.2,4.96,1.99,4.96,0.16,0.0,0.0,1027.0,8228.0,0.0,0.0,0.0,0.0,0.0,1.0,0.0,0.0,0.0,0.0,0.0,-0.4,0.0,0.6000000000000001,0.0,0.0,16.0,25903.0
2026-07-30T18:58:48.142Z,97.625,97.638,0.1,7.4,0.0,0.0,0.0,0.0,0.0,0.0,0.0,0.0,1.0,0.0,0.0,0.0,9.0,4.0,0.0,0.0,0.0,0.0,0.0,0.0,0.0,0.0,2.0,12.0,1.0,12.18,5.01,2.5,1.49,0.0,0.0,0.0,0.5,0.0,-0.1,0.7000000000000001,0.5,-3.3000000000000003,0.0,0.0,3.4000000000000004,0.0,21.4,33.1,33.1,34.0,300.0,300.0,30.4,34.5,31.9,31.5,33.2,4.95,1.99,4.96,0.16,0.0,0.0,1027.0,8228.0,0.0,0.0,0.0,0.0,0.0,1.0,0.0,0.0,0.0,0.0,0.0,-1.1,0.0,0.6000000000000001,0.0,0.0,16.0,25903.0
2026-07-30T18:58:48.154Z,97.637,97.65,0.0,7.4,0.0,0.0,0.0,0.0,0.0,0.0,0.0,0.0,1.0,0.0,0.0,0.0,9.0,4.0,0.0,0.0,0.0,0.0,0.0,0.0,0.0,0.0,3.0,12.0,1.0,12.18,5.01,2.5,1.49,0.0,0.1,0.0,0.5,0.0,-0.2,0.6000000000000001,0.0,-3.3000000000000003,0.0,0.0,3.4000000000000004,0.0,21.4,33.1,33.1,34.0,300.0,300.0,30.4,34.5,31.9,31.5,33.2,4.96,1.99,4.96,0.16,0.0,0.0,1027.0,8228.0,0.0,0.0,0.0,0.0,0.0,1.0,0.0,0.0,0.0,0.0,0.0,-0.7000000000000001,0.0,0.0,0.0,0.0001,16.0,25903.0
2026-07-30T18:58:48.166Z,97.649,97.662,0.0,7.4,0.0,0.0,0.0,0.0,0.0,0.0,0.0,0.0,1.0,0.0,0.0,0.0,9.0,4.0,0.0,0.0,0.0,0.0,0.0,0.0,0.0,0.0,5.0,12.0,1.0,12.18,5.01,2.5,1.49,0.0,0.0,0.0,0.6000000000000001,0.0,-0.1,-0.4,0.0,-3.3000000000000003,0.0,0.0,3.4000000000000004,0.0,21.4,33.1,33.1,34.0,300.0,300.0,30.4,34.5,31.9,31.5,33.2,4.95,1.99,4.97,0.16,0.0,0.0,1027.0,8228.0,0.0,0.0,0.0,0.0,0.0,1.0,0.0,0.0,0.0,0.0,0.0,0.5,0.0,0.0,0.0,0.0,16.0,25903.0
2026-07-30T18:58:48.178Z,97.661,97.674,0.0,7.4,0.0,0.0,0.0,0.0,0.0,0.0,0.0,0.0,1.0,0.0,0.0,0.0,9.0,4.0,0.0,0.0,0.0,0.0,0.0,0.0,0.0,0.0,6.0,12.0,1.0,12.18,5.01,2.5,1.49,0.0,0.1,0.0,0.5,0.0,0.3,0.6000000000000001,0.0,-3.3000000000000003,0.0,0.0,3.3000000000000003,0.0,21.4,33.1,33.1,34.0,300.0,300.0,30.4,34.5,31.9,31.5,33.2,4.95,1.99,4.97,0.16,0.0,0.0,1027.0,8228.0,0.0,0.0,0.0,0.0,0.0,1.0,0.0,0.0,0.0,0.0,0.0,-0.7000000000000001,0.0,0.0,0.0,0.0001,16.0,25903.0
2026-07-30T18:58:48.190Z,97.673,97.686,0.0,7.4,0.0,0.0,0.0,0.0,0.0,0.0,0.0,0.0,1.0,0.0,0.0,0.0,9.0,4.0,0.0,0.0,0.0,0.0,0.0,0.0,0.0,0.0,1.0,12.0,1.0,12.18,5.01,2.5,1.49,0.0,0.0,0.0,0.5,0.0,-0.2,0.0,0.5,-3.3000000000000003,0.0,0.0,3.4000000000000004,0.0,21.4,33.1,33.1,34.0,300.0,300.0,30.4,34.5,31.9,31.5,33.2,4.96,1.99,4.97,0.16,0.0,0.0,1027.0,8228.0,0.0,0.0,0.0,0.0,0.0,1.0,0.0,0.0,0.0,0.0,0.0,-0.3,0.0,0.5,0.0,0.0001,16.0,25903.0
2026-07-30T18:58:48.202Z,97.685,97.698,0.0,7.4,0.0,0.0,0.0,0.0,0.0,0.0,0.0,0.0,1.0,0.0,0.0,0.0,9.0,4.0,0.0,0.0,0.0,0.0,0.0,0.0,0.0,0.0,2.0,12.0,1.0,12.18,5.01,2.5,1.49,0.0,0.0,0.0,0.5,0.0,0.3,-0.5,0.4,-3.3000000000000003,0.0,0.0,3.4000000000000004,0.0,21.4,33.1,33.1,34.0,300.0,300.0,30.4,34.5,31.9,31.5,33.2,4.95,1.99,4.96,0.16,0.0,0.0,1027.0,8228.0,0.0,0.0,0.0,0.0,0.0,1.0,0.0,0.0,0.0,0.0,0.0,0.3,0.0,0.4,0.0,0.0,16.0,25903.0
2026-07-30T18:58:48.214Z,97.697,97.71,0.0,7.4,0.0,0.0,0.0,0.0,0.0,0.0,0.0,0.0,1.0,0.0,0.0,0.0,9.0,4.0,0.0,0.0,0.0,0.0,0.0,0.0,0.0,0.0,4.0,12.0,1.0,12.18,5.01,2.5,1.49,0.0,0.0,0.0,0.5,0.0,0.8,0.0,0.4,-3.3000000000000003,0.0,0.0,3.4000000000000004,0.0,21.4,33.1,33.1,34.0,300.0,300.0,30.4,34.5,31.9,31.5,33.2,4.95,1.99,4.97,0.16,0.0,0.0,1027.0,8228.0,0.0,0.0,0.0,0.0,0.0,1.0,0.0,0.0,0.0,0.0,0.0,-0.2,0.0,0.4,0.0,0.0,16.0,25903.0
2026-07-30T18:58:48.226Z,97.709,97.722,0.0,7.4,0.0,0.0,0.0,0.0,0.0,0.0,0.0,0.0,1.0,0.0,0.0,0.0,9.0,4.0,0.0,0.0,0.0,0.0,0.0,0.0,0.0,0.0,5.0,12.0,1.0,12.14,5.01,2.5,1.49,0.0,0.0,0.0,0.5,0.0,0.2,0.0,0.4,-3.3000000000000003,0.0,0.0,3.4000000000000004,0.0,21.4,33.1,33.1,34.0,300.0,300.0,30.3,34.4,31.8,31.4,33.1,4.95,1.99,4.96,0.16,0.0,0.0,1027.0,8228.0,0.0,0.0,0.0,0.0,0.0,1.0,0.0,0.0,0.0,0.0,0.0,-0.2,0.0,0.4,0.0,0.0001,16.0,25903.0
2026-07-30T18:58:48.237Z,97.72,97.734,0.0,7.4,0.0,0.0,0.0,0.0,0.0,0.0,0.0,0.0,1.0,0.0,0.0,0.0,9.0,4.0,0.0,0.0,0.0,0.0,0.0,0.0,0.0,0.0,6.0,12.0,1.0,12.14,5.01,2.5,1.49,0.0,0.0,0.0,0.5,0.0,-0.8,0.0,-0.7000000000000001,-3.3000000000000003,0.0,0.0,3.4000000000000004,0.0,21.4,33.1,33.1,34.0,300.0,300.0,30.3,34.4,31.8,31.4,33.1,4.96,1.99,4.96,0.16,0.0,0.0,1027.0,8228.0,0.0,0.0,0.0,0.0,0.0,1.0,0.0,0.0,0.0,0.0,0.0,0.3,0.0,-0.7000000000000001,0.0,0.0,16.0,25903.0
2026-07-30T18:58:48.250Z,97.733,97.746,0.0,7.4,0.0,0.0,0.0,0.0,0.0,0.0,0.0,0.0,1.0,0.0,0.0,0.0,9.0,4.0,0.0,0.0,0.0,0.0,0.0,0.0,0.0,0.0,2.0,12.0,1.0,12.14,5.01,2.5,1.49,0.0,0.0,0.0,0.5,0.0,-0.2,0.0,-0.7000000000000001,-3.3000000000000003,0.0,0.0,3.6,0.0,21.4,33.1,33.1,34.0,300.0,300.0,30.3,34.4,31.8,31.4,33.1,4.95,1.99,4.97,0.16,0.0,0.0,1027.0,8228.0,0.0,0.0,0.0,0.0,0.0,1.0,0.0,0.0,0.0,0.0,0.0,0.4,0.0,-0.7000000000000001,0.0,0.0,16.0,25903.0
2026-07-30T18:58:48.262Z,97.745,97.758,0.0,7.4,0.0,0.0,0.0,0.0,0.0,0.0,0.0,0.0,1.0,0.0,0.0,0.0,9.0,4.0,0.0,0.0,0.0,0.0,0.0,0.0,0.0,0.0,4.0,12.0,1.0,12.14,5.01,2.5,1.49,0.0,0.0,0.0,0.5,0.0,0.8,0.5,1.0,-3.3000000000000003,0.0,0.0,3.7,0.0,21.4,33.1,33.1,34.0,300.0,300.0,30.3,34.4,31.8,31.4,33.1,4.95,1.99,4.97,0.16,0.0,0.0,1027.0,8228.0,0.0,0.0,0.0,0.0,0.0,1.0,0.0,0.0,0.0,0.0,0.0,-1.1,0.0,1.1,0.0,0.0003,16.0,25903.0
2026-07-30T18:58:48.274Z,97.757,97.77,0.0,7.4,0.0,0.0,0.0,0.0,0.0,0.0,0.0,0.0,1.0,0.0,0.0,0.0,9.0,4.0,0.0,0.0,0.0,0.0,0.0,0.0,0.0,0.0,5.0,12.0,1.0,12.14,5.01,2.5,1.49,0.0,0.0,0.0,0.5,0.0,0.3,0.0,-0.7000000000000001,-3.4000000000000004,0.0,0.0,3.9,0.0,21.4,33.1,33.1,34.0,300.0,300.0,30.3,34.4,31.8,31.4,33.1,4.95,2.0,4.96,0.16,0.0,0.0,1027.0,8228.0,0.0,0.0,0.0,0.0,0.0,1.0,0.0,0.0,0.0,0.0,0.0,0.3,0.0,-0.7000000000000001,0.0,0.0005,16.0,25903.0
2026-07-30T18:58:48.285Z,97.768,97.782,0.0,7.4,0.0,0.0,0.0,0.0,0.0,0.0,0.0,0.0,1.0,0.0,0.0,0.0,9.0,4.0,0.0,0.0,0.0,0.0,0.0,0.0,0.0,0.0,6.0,12.0,1.0,12.14,5.01,2.5,1.49,0.0,0.0,0.0,0.5,0.0,0.2,0.0,-0.1,-3.4000000000000004,0.0,0.0,4.1000000000000005,0.0,21.4,33.1,33.1,34.0,300.0,300.0,30.3,34.4,31.8,31.4,33.1,4.96,1.99,4.96,0.16,0.0,0.0,1027.0,8228.0,0.0,0.0,0.0,0.0,0.0,1.0,0.0,0.0,0.0,0.0,0.0,0.0,0.0,-0.1,0.0,0.0004,16.0,25903.0
2026-07-30T18:58:48.297Z,97.78,97.794,0.0,7.4,0.0,0.0,0.0,0.0,0.0,0.0,0.0,0.0,1.0,0.0,0.0,0.0,9.0,4.0,0.0,0.0,0.0,0.0,0.0,0.0,0.0,0.0,1.0,12.0,1.0,12.14,5.01,2.5,1.49,0.0,0.0,0.0,0.5,0.0,-0.2,-0.5,1.0,-3.5,0.0,0.0,4.5,0.0,21.4,33.1,33.1,34.0,300.0,300.0,30.3,34.4,31.8,31.4,33.1,4.95,1.99,4.97,0.16,0.0,0.0,1027.0,8228.0,0.0,0.0,0.0,0.0,0.0,1.0,0.0,0.0,0.0,0.0,0.0,0.0,0.0,1.0,0.0,0.0004,16.0,25903.0
2026-07-30T18:58:48.310Z,97.793,97.806,0.0,7.4,0.0,0.0,0.0,0.0,0.0,0.0,0.0,0.0,1.0,0.0,0.0,0.0,9.0,4.0,0.0,0.0,0.0,0.0,0.0,0.0,0.0,0.0,3.0,12.0,1.0,12.14,5.01,2.5,1.49,0.0,0.0,0.0,0.5,0.0,-0.2,-0.5,0.4,-3.6,0.0,0.0,5.0,0.0,21.4,33.1,33.1,34.0,300.0,300.0,30.3,34.4,31.8,31.4,33.1,4.96,1.99,4.97,0.16,0.0,0.0,1027.0,8228.0,0.0,0.0,0.0,0.0,0.0,1.0,0.0,0.0,0.0,0.0,0.0,0.3,0.0,0.3,0.0,0.0008,16.0,25903.0
2026-07-30T18:58:48.322Z,97.805,97.818,0.0,7.4,0.0,0.0,0.0,0.0,0.0,0.0,0.0,0.0,1.0,0.0,0.0,0.0,9.0,4.0,0.0,0.0,0.0,0.0,0.0,0.0,0.0,0.0,4.0,12.0,1.0,12.15,5.01,2.51,1.49,0.0,0.0,0.0,0.4,0.0,0.3,0.6000000000000001,1.0,-3.7,0.0,0.0,5.7,0.0,21.700000000000003,33.1,33.1,33.9,300.0,300.0,30.4,34.4,31.8,31.5,33.1,4.96,1.99,4.96,0.16,0.0,0.0,1027.0,8228.0,0.0,0.0,0.0,0.0,0.0,1.0,0.0,0.0,0.0,0.0,0.0,-1.2000000000000002,0.0,1.1,0.0,0.0011,16.0,25903.0
2026-07-30T18:58:48.334Z,97.817,97.83,0.0,7.4,0.0,0.0,0.0,0.0,0.0,0.0,0.0,0.0,1.0,0.0,0.0,0.0,9.0,4.0,0.0,0.0,0.0,0.0,0.0,0.0,0.0,0.0,6.0,12.0,1.0,12.15,5.01,2.51,1.49,0.0,0.0,0.0,0.4,0.0,-0.2,0.0,-1.9,-3.9,0.0,0.0,6.7,0.0,21.700000000000003,33.1,33.1,33.9,300.0,300.0,30.4,34.4,31.8,31.5,33.1,4.95,1.99,4.96,0.16,0.0,0.0,1027.0,8228.0,0.0,0.0,0.0,0.0,0.0,1.0,0.0,0.0,0.0,0.0,0.0,0.7000000000000001,0.0,-2.0,0.0,0.0013,16.0,25903.0
2026-07-30T18:58:48.346Z,97.829,97.842,0.0,7.4,0.0,0.0,0.0,0.0,0.0,0.0,0.0,0.0,1.0,0.0,0.0,0.0,9.0,4.0,0.0,0.0,0.0,0.0,0.0,0.0,0.0,0.0,2.0,12.0,1.0,12.15,5.01,2.51,1.49,0.0,-0.1,0.0,0.5,0.0,0.3,0.0,-0.6000000000000001,-4.1000000000000005,0.0,0.0,8.3,0.0,21.700000000000003,33.1,33.1,33.9,300.0,300.0,30.4,34.4,31.8,31.5,33.1,4.95,1.99,4.97,0.16,0.0,0.0,1027.0,8228.0,0.0,0.0,0.0,0.0,0.0,1.0,0.0,0.0,0.0,0.0,0.0,0.8,0.0,-0.8,0.0,0.0021,16.0,25903.0
2026-07-30T18:58:48.358Z,97.841,97.854,0.0,7.4,0.0,0.0,0.0,0.0,0.0,0.0,0.0,0.0,1.0,0.0,0.0,0.0,9.0,4.0,0.0,0.0,0.0,0.0,0.0,0.0,0.0,0.0,3.0,12.0,1.0,12.15,5.01,2.51,1.49,0.0,-0.1,0.0,0.4,0.0,-0.2,0.0,0.4,-4.5,0.0,1.0,10.2,0.0,21.700000000000003,33.1,33.1,33.9,300.0,300.0,30.4,34.4,31.8,31.5,33.1,4.96,1.99,4.96,0.16,0.0,0.0,1027.0,8228.0,0.0,0.0,0.0,0.0,0.0,1.0,0.0,0.0,0.0,0.001,0.0,-0.2,0.0,0.5,0.0,0.0031,16.0,25903.0
2026-07-30T18:58:48.370Z,97.853,97.866,0.0,7.4,0.0,0.0,0.0,0.0,0.0,0.0,0.0,0.0,1.0,0.0,0.0,0.0,9.0,4.0,0.0,0.0,0.0,0.0,0.0,0.0,0.0,0.0,4.0,12.0,1.0,12.15,5.01,2.51,1.49,0.0,-0.1,0.0,0.5,0.0,-0.2,0.0,-0.1,-5.0,0.0,1.0,12.4,0.0,21.700000000000003,33.1,33.1,33.9,300.0,300.0,30.4,34.4,31.8,31.5,33.1,4.96,1.99,4.97,0.15,0.0,0.0,1027.0,8228.0,0.0,0.0,0.0,0.0,0.0,1.0,0.0,0.0,0.0,0.001,0.0,0.0,0.0,-0.1,0.0,0.004,16.0,25903.0
2026-07-30T18:58:48.382Z,97.865,97.878,0.0,7.4,0.0,0.0,0.0,0.0,0.0,0.0,0.0,0.0,1.0,0.0,0.0,0.0,9.0,4.0,0.0,0.0,0.0,0.0,0.0,0.0,0.0,0.0,5.0,12.0,1.0,12.15,5.01,2.51,1.49,0.0,-0.1,0.0,0.4,0.0,-0.2,0.0,0.4,-5.6000000000000005,0.0,1.0,14.6,0.0,21.700000000000003,33.1,33.1,33.9,300.0,300.0,30.4,34.4,31.8,31.5,33.1,4.95,1.99,4.97,0.16,0.0,0.0,1027.0,8228.0,0.0,0.0,0.0,0.0,0.0,1.0,0.0,0.0,0.0,0.001,0.0,-0.2,0.0,-0.9,0.0,0.0047,16.0,25903.0
2026-07-30T18:58:48.394Z,97.877,97.89,0.0,7.4,0.0,0.0,0.0,0.0,0.0,0.0,0.0,0.0,1.0,0.0,0.0,0.0,9.0,4.0,0.0,0.0,0.0,0.0,0.0,0.0,0.0,0.0,1.0,12.0,1.0,12.15,5.01,2.51,1.49,0.1,-0.1,0.0,0.5,0.0,-0.2,-0.5,-1.9,-6.4,0.0,1.0,17.0,0.0,21.700000000000003,33.1,33.1,33.9,300.0,300.0,30.4,34.4,31.8,31.5,33.1,4.96,1.99,4.96,0.16,0.0,0.0,1027.0,8228.0,0.0,0.0,0.0,0.0,0.0,1.0,0.0,0.0,0.0,0.001,0.0,-1.8,0.0,2.8000000000000003,0.0,0.005,16.0,25903.0
2026-07-30T18:58:48.408Z,97.891,97.902,0.0,7.4,0.0,0.0,0.0,0.0,0.0,0.0,0.0,0.0,1.0,0.0,0.0,0.0,9.0,4.0,0.0,0.0,0.0,0.0,0.0,0.0,0.0,0.0,2.0,12.0,1.0,12.15,5.01,2.51,1.49,0.0,-0.1,0.0,0.5,0.0,0.4,-1.1,0.4,-7.2,0.0,1.0,19.8,0.0,21.700000000000003,33.1,33.1,33.9,300.0,300.0,30.4,34.4,31.8,31.5,33.1,4.95,1.99,4.96,0.16,0.0,0.0,1027.0,8228.0,0.0,0.0,0.0,0.0,0.0,1.0,0.0,0.0,0.0,0.001,0.0,0.9,0.0,-2.3000000000000003,0.0,0.0053,16.0,25903.0
2026-07-30T18:58:48.418Z,97.901,97.914,0.0,7.4,0.0,0.0,0.0,0.0,0.0,0.0,0.0,0.0,1.0,0.0,0.0,0.0,9.0,4.0,0.0,0.0,0.0,0.0,0.0,0.0,0.0,0.0,1.0,12.0,1.0,12.15,5.01,2.51,1.49,0.2,-0.3,0.0,0.5,0.0,-0.1,0.5,0.4,-8.3,0.0,2.0,23.700000000000003,0.0,21.700000000000003,33.1,33.1,33.9,300.0,300.0,30.4,34.4,31.8,31.5,33.1,4.95,1.99,4.97,0.16,0.0,0.0,1027.0,8228.0,0.0,0.0,0.0,0.0,0.0,1.0,0.0,0.0,0.0,0.002,0.0,-0.6000000000000001,0.0,0.7000000000000001,0.0,0.0061,16.0,25903.0
2026-07-30T18:58:48.430Z,97.913,97.926,0.0,7.4,0.0,0.0,0.0,0.0,0.0,0.0,0.0,0.0,1.0,0.0,0.0,0.0,9.0,4.0,0.0,0.0,0.0,0.0,0.0,0.0,0.0,0.0,6.0,12.0,1.0,12.17,5.0200000000000005,2.51,1.49,0.2,-0.4,0.0,0.4,0.0,-0.1,0.6000000000000001,-0.1,-9.6,0.0,2.0,28.8,0.0,21.3,33.1,33.0,33.9,300.0,300.0,30.5,34.300000000000004,31.8,31.5,33.1,4.95,1.99,4.97,0.16,0.0,0.0,1027.0,8228.0,0.0,0.0,0.0,0.0,0.0,1.0,0.0,0.0,0.0,0.002,0.0,0.0,0.0,1.2000000000000002,0.0,0.008,16.0,25903.0
2026-07-30T18:58:48.442Z,97.925,97.938,0.0,7.4,0.0,0.0,0.0,0.0,0.0,0.0,0.0,0.0,1.0,0.0,0.0,0.0,9.0,4.0,0.0,0.0,0.0,0.0,0.0,0.0,0.0,0.0,1.0,12.0,1.0,12.17,5.0200000000000005,2.51,1.49,0.4,-0.4,0.0,0.5,0.0,-0.1,-0.5,1.5,-11.2,0.0,2.0,35.2,0.0,21.3,33.1,33.0,33.9,300.0,300.0,30.5,34.300000000000004,31.8,31.5,33.1,4.96,1.99,4.96,0.16,0.0,0.0,1027.0,8228.0,0.0,0.0,0.0,0.0,0.0,1.0,0.0,0.0,0.0,0.003,0.0,0.5,0.0,-0.5,0.0,0.0106,16.0,25903.0
2026-07-30T18:58:48.454Z,97.937,97.95,0.0,7.4,0.0,0.0,0.0,0.0,0.0,0.0,0.0,0.0,1.0,0.0,0.0,0.0,9.0,4.0,0.0,0.0,0.0,0.0,0.0,0.0,0.0,0.0,2.0,12.0,1.0,12.17,5.0200000000000005,2.51,1.49,0.7000000000000001,-0.7000000000000001,0.0,0.5,0.0,-0.1,-0.5,-1.3,-13.3,0.0,3.0,43.5,0.0,21.3,33.1,33.0,33.9,300.0,300.0,30.5,34.300000000000004,31.8,31.5,33.1,4.95,1.99,4.97,0.16,0.0,0.0,1027.0,8228.0,0.0,0.0,0.0,0.0,0.0,1.0,0.0,0.0,0.0,0.004,0.0,0.2,0.0,1.1,0.0,0.0135,16.0,25903.0
2026-07-30T18:58:48.466Z,97.949,97.962,0.0,7.4,0.0,0.0,0.0,0.0,0.0,0.0,0.0,0.0,1.0,0.0,0.0,0.0,9.0,4.0,0.0,0.0,0.0,0.0,0.0,0.0,0.0,0.0,3.0,12.0,1.0,12.17,5.0200000000000005,2.51,1.49,0.9,-0.7000000000000001,0.0,0.6000000000000001,0.0,0.4,0.6000000000000001,-0.1,-15.9,0.0,4.0,54.1,0.0,21.3,33.1,33.0,33.9,300.0,300.0,30.5,34.300000000000004,31.8,31.5,33.1,4.95,1.98,4.97,0.16,0.0,0.0,1027.0,8228.0,0.0,0.0,0.0,0.0,0.0,1.0,0.0,0.0,0.0,0.005,0.0,-1.4,0.0,-0.2,0.0,0.0173,16.0,25903.0
2026-07-30T18:58:48.478Z,97.961,97.974,0.0,7.4,0.0,0.0,0.0,0.0,0.0,0.0,0.0,0.0,1.0,0.0,0.0,0.0,9.0,4.0,0.0,0.0,0.0,0.0,0.0,0.0,0.0,0.0,4.0,12.0,1.0,12.17,5.0200000000000005,2.51,1.49,1.0,-0.6000000000000001,0.0,0.7000000000000001,0.0,0.4,0.6000000000000001,0.4,-19.1,0.0,5.0,66.9,0.0,21.3,33.1,33.0,33.9,300.0,300.0,30.5,34.300000000000004,31.8,31.5,33.1,4.96,2.0,4.97,0.16,0.0,0.0,1027.0,8228.0,0.0,0.0,0.0,0.0,0.0,1.0,0.0,0.0,0.0,0.005,0.0,0.2,0.0,0.4,0.0,0.0207,16.0,25903.0
2026-07-30T18:58:48.490Z,97.973,97.986,0.0,7.4,0.0,0.0,0.0,0.0,0.0,0.0,0.0,0.0,1.0,0.0,0.0,0.0,9.0,4.0,0.0,0.0,0.0,0.0,0.0,0.0,0.0,0.0,5.0,12.0,1.0,12.17,5.0200000000000005,2.51,1.49,1.0,-0.4,0.0,0.8,0.0,-0.7000000000000001,-0.5,-0.7000000000000001,-23.1,0.0,6.0,80.30000000000001,0.0,21.3,33.1,33.0,33.9,300.0,300.0,30.5,34.300000000000004,31.8,31.5,33.1,4.95,2.0,4.96,0.16,0.0,0.0,1027.0,8228.0,0.0,0.0,0.0,0.0,0.0,1.0,0.0,0.0,0.0,0.005,0.0,0.9,0.0,0.8,0.0,0.0216,16.0,25903.0
2026-07-30T18:58:48.501Z,97.984,97.998,0.0,7.4,0.0,0.0,0.0,0.0,0.0,0.0,0.0,0.0,1.0,0.0,0.0,0.0,9.0,4.0,0.0,0.0,0.0,0.0,0.0,0.0,0.0,0.0,6.0,12.0,1.0,12.17,5.0200000000000005,2.51,1.49,1.1,-0.2,0.0,0.9,0.0,-0.7000000000000001,-0.5,0.0,-27.8,0.0,7.0,94.3,0.0,21.3,33.1,33.0,33.9,300.0,300.0,30.5,34.300000000000004,31.8,31.5,33.1,4.95,1.99,4.97,0.16,0.0,0.0,1027.0,8228.0,0.0,0.0,0.0,0.0,0.0,1.0,0.0,0.0,0.0,0.005,0.0,0.4,0.0,-0.3,0.0,0.0224,16.0,25903.0
2026-07-30T18:58:48.514Z,97.997,98.01,0.0,7.4,0.0,0.0,0.0,0.0,0.0,0.0,0.0,0.0,1.0,0.0,0.0,0.0,9.0,4.0,0.0,0.0,0.0,0.0,0.0,0.0,0.0,0.0,2.0,12.0,1.0,12.17,5.0200000000000005,2.51,1.49,1.1,0.0,0.0,0.9,0.0,-1.3,0.6000000000000001,-0.6000000000000001,-33.1,0.0,8.0,108.1,0.0,21.3,33.1,33.0,33.9,300.0,300.0,30.5,34.300000000000004,31.8,31.5,33.1,4.95,1.99,4.96,0.16,0.0,0.0,1027.0,8228.0,0.0,0.0,0.0,0.0,0.0,1.0,0.0,0.0,0.0,0.006,0.0,-0.9,0.0,-0.7000000000000001,0.0,0.0233,16.0,25903.0
2026-07-30T18:58:48.527Z,98.01,98.022,0.0,7.4,0.0,0.0,0.0,0.0,0.0,0.0,0.0,0.0,1.0,0.0,0.0,0.0,9.0,4.0,0.0,0.0,0.0,0.0,0.0,0.0,0.0,0.0,3.0,12.0,1.0,12.15,5.01,2.5,1.49,1.0,0.3,0.0,1.0,0.0,0.4,0.0,1.6,-39.1,0.0,9.0,122.9,0.0,21.700000000000003,33.1,33.0,33.9,300.0,300.0,30.5,34.4,31.8,31.5,33.1,4.95,1.99,4.96,0.16,0.0,0.0,1027.0,8228.0,0.0,0.0,0.0,0.0,0.0,1.0,0.0,0.0,0.0,0.006,0.0,1.3,0.0,1.1,0.0,0.0243,16.0,25903.0
2026-07-30T18:58:48.537Z,98.02,98.034,0.0,7.4,0.0,0.0,0.0,0.0,0.0,0.0,0.0,0.0,1.0,0.0,0.0,0.0,9.0,4.0,0.0,0.0,0.0,0.0,0.0,0.0,0.0,0.0,5.0,12.0,1.0,12.15,5.01,2.5,1.49,0.7000000000000001,0.7000000000000001,0.0,1.1,0.0,-1.3,-0.5,0.5,-45.7,0.0,9.0,137.5,0.0,21.700000000000003,33.1,33.0,33.9,300.0,300.0,30.5,34.4,31.8,31.5,33.1,4.95,1.99,4.96,0.16,0.0,0.0,1027.0,8228.0,0.0,0.0,0.0,0.0,0.0,1.0,0.0,0.0,0.0,0.006,0.0,0.6000000000000001,0.0,-0.1,0.0,0.0253,16.0,25903.0
2026-07-30T18:58:48.550Z,98.033,98.046,0.0,7.4,0.0,0.0,0.0,0.0,0.0,0.0,0.0,0.0,1.0,0.0,0.0,0.0,9.0,4.0,0.0,0.0,0.0,0.0,0.0,0.0,0.0,0.0,6.0,12.0,1.0,12.15,5.01,2.5,1.49,0.4,1.2000000000000002,0.0,1.3,0.0,-0.1,-1.0,-0.6000000000000001,-52.900000000000006,0.0,10.0,151.1,0.0,21.700000000000003,33.1,33.0,33.9,300.0,300.0,30.5,34.4,31.8,31.5,33.1,4.96,1.99,4.96,0.16,0.0,0.0,1027.0,8228.0,0.0,0.0,0.0,0.0,0.0,1.0,0.0,0.0,0.0,0.006,0.0,-1.1,0.0,0.1,0.0,0.0265,16.0,25903.0
2026-07-30T18:58:48.562Z,98.045,98.058,0.0,7.4,0.0,0.0,0.0,0.0,0.0,0.0,0.0,0.0,1.0,0.0,0.0,0.0,9.0,4.0,0.0,0.0,0.0,0.0,0.0,0.0,0.0,0.0,1.0,12.0,1.0,12.15,5.01,2.5,1.49,-0.1,1.6,0.0,1.3,0.0,-0.7000000000000001,0.0,0.5,-60.6,0.0,11.0,167.60000000000002,0.0,21.700000000000003,33.1,33.0,33.9,300.0,300.0,30.5,34.4,31.8,31.5,33.1,4.96,2.0,4.96,0.16,0.0,0.0,1027.0,8228.0,0.0,0.0,0.0,0.0,0.0,1.0,0.0,0.0,0.0,0.007,0.0,-0.8,0.0,1.0,0.0,0.0279,16.0,25903.0
2026-07-30T18:58:48.573Z,98.056,98.07,0.0,7.4,0.0,0.0,0.0,0.0,0.0,0.0,0.0,0.0,1.0,0.0,0.0,0.0,9.0,4.0,0.0,0.0,0.0,0.0,0.0,0.0,0.0,0.0,2.0,12.0,1.0,12.15,5.01,2.5,1.49,-0.8,2.0,0.0,1.7000000000000002,0.0,-0.1,0.1,-0.6000000000000001,-59.8,0.0,12.0,186.4,0.0,21.700000000000003,33.1,33.0,33.9,300.0,300.0,30.5,34.4,31.8,31.5,33.1,4.95,1.99,4.96,0.16,0.0,0.0,1027.0,8228.0,0.0,0.0,0.0,0.0,0.0,1.0,0.0,0.0,0.0,0.007,0.0,1.3,0.0,-1.2000000000000002,0.0,0.0296,16.0,25903.0
2026-07-30T18:58:48.586Z,98.069,98.082,0.0,7.4,0.0,0.0,0.0,0.0,0.0,0.0,0.0,0.0,1.0,0.0,0.0,0.0,9.0,4.0,0.0,0.0,0.0,0.0,0.0,0.0,0.0,0.0,3.0,12.0,1.0,12.15,5.01,2.5,1.49,-1.5,2.0,0.0,1.8,0.0,-0.1,-0.4,-0.6000000000000001,-43.6,0.0,13.0,207.7,0.0,21.700000000000003,33.1,33.0,33.9,300.0,300.0,30.5,34.4,31.8,31.5,33.1,4.95,1.99,4.96,0.16,0.0,0.0,1027.0,8228.0,0.0,0.0,0.0,0.0,0.0,1.0,0.0,0.0,0.0,0.008,0.0,0.1,0.0,-0.6000000000000001,0.0,0.0316,16.0,25903.0
2026-07-30T18:58:48.598Z,98.081,98.094,0.0,7.4,0.0,0.0,0.0,0.0,0.0,0.0,0.0,0.0,1.0,0.0,0.0,0.0,9.0,4.0,0.0,0.0,0.0,0.0,0.0,0.0,0.0,0.0,4.0,12.0,1.0,12.15,5.01,2.5,1.49,-2.0,1.7000000000000002,0.0,1.7000000000000002,0.0,-0.7000000000000001,-1.0,0.5,-30.1,0.0,14.0,230.1,0.0,21.700000000000003,33.1,33.0,33.9,300.0,300.0,30.5,34.4,31.8,31.5,33.1,4.96,1.99,4.97,0.16,0.0,0.0,1027.0,8228.0,0.0,0.0,0.0,0.0,0.0,1.0,0.0,0.0,0.0,0.009,0.0,-1.0,0.0,0.3,0.0,0.0342,16.0,25903.0
2026-07-30T18:58:48.609Z,98.092,98.106,0.0,7.4,0.0,0.0,0.0,0.0,0.0,0.0,0.0,0.0,1.0,0.0,0.0,0.0,9.0,4.0,0.0,0.0,0.0,0.0,0.0,0.0,0.0,0.0,5.0,12.0,1.0,12.15,5.01,2.5,1.49,-2.1,1.0,0.0,1.8,0.0,-0.1,1.2000000000000002,0.0,-19.6,0.0,16.0,256.7,0.0,21.700000000000003,33.1,33.0,33.9,300.0,300.0,30.5,34.4,31.8,31.5,33.1,4.96,2.0,4.97,0.16,0.0,0.0,1027.0,8228.0,0.0,0.0,0.0,0.0,0.0,1.0,0.0,0.0,0.0,0.009,0.0,0.3,0.0,-1.4,0.0,0.0369,16.0,25903.0
2026-07-30T18:58:48.622Z,98.105,98.118,0.0,7.4,0.0,0.0,0.0,0.0,0.0,0.0,0.0,0.0,1.0,0.0,0.0,0.0,9.0,4.0,0.0,0.0,0.0,0.0,0.0,0.0,0.0,0.0,1.0,12.0,1.0,12.15,5.01,2.5,1.49,-1.9,0.0,0.0,1.9,0.0,-0.7000000000000001,-1.0,-0.6000000000000001,-11.5,0.0,17.0,280.3,0.0,21.700000000000003,33.1,33.0,33.9,300.0,300.0,30.5,34.4,31.8,31.5,33.1,4.95,2.0,4.97,0.16,0.0,0.0,1027.0,8228.0,0.0,0.0,0.0,0.0,0.0,1.0,0.0,0.0,0.0,0.01,0.0,0.9,0.0,1.4,0.0,0.0395,16.0,25903.0
2026-07-30T18:58:48.634Z,98.117,98.13,0.0,7.4,0.0,0.0,0.0,0.0,0.0,0.0,0.0,0.0,1.0,0.0,0.0,0.0,9.0,4.0,0.0,0.0,0.0,0.0,0.0,0.0,0.0,0.0,2.0,12.0,1.0,12.18,5.01,2.5,1.49,-1.4,-0.7000000000000001,0.0,1.9,0.0,-1.3,-1.0,-1.2000000000000002,-5.800000000000001,0.0,19.0,305.3,0.0,21.8,33.0,33.0,33.9,300.0,300.0,30.6,34.4,31.8,31.4,33.1,4.96,2.0,4.96,0.16,0.0,0.0,1027.0,8228.0,0.0,0.0,0.0,0.0,0.0,1.0,0.0,0.0,0.0,0.011,0.0,2.1,0.0,0.8,0.0,0.0421,16.0,25903.0
2026-07-30T18:58:48.646Z,98.129,98.142,0.0,7.4,0.0,0.0,0.0,0.0,0.0,0.0,0.0,0.0,1.0,0.0,0.0,0.0,9.0,4.0,0.0,0.0,0.0,0.0,0.0,0.0,0.0,0.0,3.0,12.0,1.0,12.18,5.01,2.5,1.49,-0.5,-1.6,0.0,2.1,0.0,-0.2,0.1,0.0,-2.5,0.0,20.0,333.1,0.0,21.8,33.0,33.0,33.9,300.0,300.0,30.6,34.4,31.8,31.4,33.1,4.95,1.99,4.96,0.16,0.0,0.0,1027.0,8228.0,0.0,0.0,0.0,0.0,0.0,1.0,0.0,0.0,0.0,0.011,0.0,0.0,0.0,-0.1,0.0,0.0446,16.0,25903.0
2026-07-30T18:58:48.658Z,98.141,98.154,0.0,7.4,0.0,0.0,0.0,0.0,0.0,0.0,0.0,0.0,1.0,0.0,0.0,0.0,9.0,4.0,0.0,0.0,0.0,0.0,0.0,0.0,0.0,0.0,4.0,12.0,1.0,12.18,5.01,2.5,1.49,0.6000000000000001,-2.4000000000000004,0.0,2.1,0.0,0.9,0.0,-0.7000000000000001,-1.4,0.0,21.0,1.9,0.0,21.8,33.0,33.0,33.9,300.0,300.0,30.6,34.4,31.8,31.4,33.1,4.95,1.99,4.97,0.17,0.0,0.0,1027.0,8228.0,0.0,0.0,0.0,0.0,0.0,1.0,0.0,0.0,0.0,0.012,0.0,0.3,0.0,-0.7000000000000001,0.0,0.0471,16.0,25903.0
2026-07-30T18:58:48.669Z,98.152,98.166,0.0,7.4,0.0,0.0,0.0,0.0,0.0,0.0,0.0,0.0,1.0,0.0,0.0,0.0,9.0,4.0,0.0,0.0,0.0,0.0,0.0,0.0,0.0,0.0,5.0,12.0,1.0,12.18,5.01,2.5,1.49,1.8,-2.5,0.0,2.3000000000000003,0.0,-1.3,0.0,-0.6000000000000001,-2.4000000000000004,0.0,23.0,30.1,0.0,21.8,33.0,33.0,33.9,300.0,300.0,30.6,34.4,31.8,31.4,33.1,4.95,1.99,4.97,0.16,0.0,0.0,1027.0,8228.0,0.0,0.0,0.0,0.0,0.0,1.0,0.0,0.0,0.0,0.013,0.0,0.0,0.0,-0.7000000000000001,0.0,0.0497,16.0,25903.0
2026-07-30T18:58:48.682Z,98.165,98.178,0.0,7.4,0.0,0.0,0.0,0.0,0.0,0.0,0.0,0.0,1.0,0.0,0.0,0.0,9.0,4.0,0.0,0.0,0.0,0.0,0.0,0.0,0.0,0.0,6.0,12.0,1.0,12.18,5.01,2.5,1.49,2.6,-1.9,0.0,2.3000000000000003,0.0,0.3,-0.5,-2.4000000000000004,-5.6000000000000005,0.0,24.0,59.7,0.0,21.8,33.0,33.0,33.9,300.0,300.0,30.6,34.4,31.8,31.4,33.1,4.96,1.99,4.96,0.16,0.0,0.0,1027.0,8228.0,0.0,0.0,0.0,0.0,0.0,1.0,0.0,0.0,0.0,0.013,0.0,-1.0,0.0,-2.9000000000000004,0.0,0.0524,16.0,25903.0
2026-07-30T18:58:48.694Z,98.177,98.19,0.0,7.4,0.0,0.0,0.0,0.0,0.0,0.0,0.0,0.0,1.0,0.0,0.0,0.0,9.0,4.0,0.0,0.0,0.0,0.0,0.0,0.0,0.0,0.0,2.0,12.0,1.0,12.18,5.01,2.5,1.49,2.6,-0.6000000000000001,0.0,2.4000000000000004,0.0,-0.2,0.0,1.5,-10.6,0.0,25.0,90.2,0.0,21.8,33.0,33.0,33.9,300.0,300.0,30.6,34.4,31.8,31.4,33.1,4.95,1.99,4.97,0.16,0.0,0.0,1027.0,8228.0,0.0,0.0,0.0,0.0,0.0,1.0,0.0,0.0,0.0,0.014,0.0,1.5,0.0,0.9,0.0,0.0555,16.0,25903.0
2026-07-30T18:58:48.706Z,98.189,98.202,0.0,7.4,0.0,0.0,0.0,0.0,0.0,0.0,0.0,0.0,1.0,0.0,0.0,0.0,9.0,4.0,0.0,0.0,0.0,0.0,0.0,0.0,0.0,0.0,3.0,12.0,1.0,12.18,5.01,2.5,1.49,1.9,0.5,0.0,2.3000000000000003,0.0,-0.2,0.0,0.9,-17.5,0.0,27.0,119.8,0.0,21.8,33.0,33.0,33.9,300.0,300.0,30.6,34.4,31.8,31.4,33.1,4.95,1.99,4.96,0.16,0.0,0.0,1027.0,8228.0,0.0,0.0,0.0,0.0,0.0,1.0,0.0,0.0,0.0,0.015,0.0,1.1,0.0,0.0,0.0,0.0584,16.0,25903.0
2026-07-30T18:58:48.721Z,98.204,98.214,0.0,7.4,0.0,0.0,0.0,0.0,0.0,0.0,0.0,0.0,1.0,0.0,0.0,0.0,9.0,4.0,0.0,0.0,0.0,0.0,0.0,0.0,0.0,0.0,4.0,12.0,1.0,12.18,5.01,2.5,1.49,0.8,1.6,0.0,2.3000000000000003,0.0,-0.3,-0.6000000000000001,-0.8,-25.9,0.0,27.0,145.9,0.0,21.8,33.0,33.0,33.9,300.0,300.0,30.6,34.4,31.8,31.4,33.1,4.96,2.0,4.96,0.16,0.0,0.0,1027.0,8228.0,0.0,0.0,0.0,0.0,0.0,1.0,0.0,0.0,0.0,0.015,0.0,-1.4,0.0,0.0,0.0,0.0612,16.0,25903.0
2026-07-30T18:58:48.732Z,98.215,98.226,0.0,7.4,0.0,0.0,0.0,0.0,0.0,0.0,0.0,0.0,1.0,0.0,0.0,0.0,9.0,4.0,0.0,0.0,0.0,0.0,0.0,0.0,0.0,0.0,3.0,12.0,1.0,12.15,5.01,2.51,1.49,-0.3,2.4000000000000004,0.0,2.3000000000000003,0.0,-0.2,0.0,-0.2,-35.5,0.0,28.0,169.3,0.0,21.9,33.0,33.0,33.800000000000004,300.0,300.0,30.700000000000003,34.4,31.8,31.4,33.1,4.95,2.0,4.96,0.16,0.0,0.0,1027.0,8228.0,0.0,0.0,0.0,0.0,0.0,1.0,0.0,0.0,0.0,0.013,0.0,-0.2,0.0,0.2,0.0,0.0609,16.0,25903.0
2026-07-30T18:58:48.742Z,98.225,98.238,0.0,7.4,0.0,0.0,0.0,0.0,0.0,0.0,0.0,0.0,1.0,0.0,0.0,0.0,9.0,4.0,0.0,0.0,0.0,0.0,0.0,0.0,0.0,0.0,1.0,12.0,1.0,12.15,5.01,2.51,1.49,-1.3,2.4000000000000004,0.0,2.3000000000000003,0.0,-0.8,0.0,0.3,-30.8,0.0,28.0,194.7,0.0,21.9,33.0,33.0,33.800000000000004,300.0,300.0,30.700000000000003,34.4,31.8,31.4,33.1,4.96,1.99,4.97,0.16,0.0,0.0,1027.0,8228.0,0.0,0.0,0.0,0.0,0.0,1.0,0.0,0.0,0.0,0.014,0.0,0.0,0.0,-0.3,0.0,0.0549,16.0,25903.0
2026-07-30T18:58:48.754Z,98.237,98.25,0.0,7.4,0.0,0.0,0.0,0.0,0.0,0.0,0.0,0.0,1.0,0.0,0.0,0.0,9.0,4.0,0.0,0.0,0.0,0.0,0.0,0.0,0.0,0.0,2.0,12.0,1.0,12.15,5.01,2.51,1.49,-2.1,2.2,0.0,2.3000000000000003,0.0,0.3,0.0,-0.2,-17.5,0.0,29.0,220.6,0.0,21.9,33.0,33.0,33.800000000000004,300.0,300.0,30.700000000000003,34.4,31.8,31.4,33.1,4.96,2.0,4.96,0.16,0.0,0.0,1027.0,8228.0,0.0,0.0,0.0,0.0,0.0,1.0,0.0,0.0,0.0,0.014,0.0,0.0,0.0,0.2,0.0,0.0565,16.0,25903.0
2026-07-30T18:58:48.766Z,98.249,98.262,0.0,7.4,0.0,0.0,0.0,0.0,0.0,0.0,0.0,0.0,1.0,0.0,0.0,0.0,9.0,4.0,0.0,0.0,0.0,0.0,0.0,0.0,0.0,0.0,3.0,12.0,1.0,12.15,5.01,2.51,1.49,-2.3000000000000003,1.2000000000000002,0.0,2.3000000000000003,0.0,0.3,1.1,-0.1,-7.2,0.0,30.0,250.3,0.0,21.9,33.0,33.0,33.800000000000004,300.0,300.0,30.700000000000003,34.4,31.8,31.4,33.1,4.95,1.99,4.96,0.16,0.0,0.0,1027.0,8228.0,0.0,0.0,0.0,0.0,0.0,1.0,0.0,0.0,0.0,0.016,0.0,0.5,0.0,-1.1,0.0,0.0581,16.0,25903.0
2026-07-30T18:58:48.778Z,98.261,98.274,0.0,7.4,0.0,0.0,0.0,0.0,0.0,0.0,0.0,0.0,1.0,0.0,0.0,0.0,9.0,4.0,0.0,0.0,0.0,0.0,0.0,0.0,0.0,0.0,5.0,12.0,1.0,12.15,5.01,2.51,1.49,-2.0,0.4,0.0,2.3000000000000003,0.0,1.5,-0.5,-0.1,0.2,0.0,30.0,278.40000000000003,0.0,21.9,33.0,33.0,33.800000000000004,300.0,300.0,30.700000000000003,34.4,31.8,31.4,33.1,4.95,1.99,4.97,0.16,0.0,0.0,1027.0,8228.0,0.0,0.0,0.0,0.0,0.0,1.0,0.0,0.0,0.0,0.016,0.0,0.2,0.0,0.6000000000000001,0.0,0.0649,16.0,25903.0
2026-07-30T18:58:48.790Z,98.273,98.286,0.0,7.4,0.0,0.0,0.0,0.0,0.0,0.0,0.0,0.0,1.0,0.0,0.0,0.0,9.0,4.0,0.0,0.0,0.0,0.0,0.0,0.0,0.0,0.0,6.0,12.0,1.0,12.15,5.01,2.51,1.49,-1.5,-0.3,0.0,2.3000000000000003,0.0,-0.2,1.2000000000000002,1.0,5.2,0.0,31.0,303.1,0.0,21.9,33.0,33.0,33.800000000000004,300.0,300.0,30.700000000000003,34.4,31.8,31.4,33.1,4.95,1.99,4.96,0.16,0.0,0.0,1027.0,8228.0,0.0,0.0,0.0,0.0,0.0,1.0,0.0,0.0,0.0,0.014,0.0,-1.9,0.0,-1.1,0.0,0.0649,16.0,25903.0
2026-07-30T18:58:48.802Z,98.285,98.298,0.0,7.4,0.0,0.0,0.0,0.0,0.0,0.0,0.0,0.0,1.0,0.0,0.0,0.0,9.0,4.0,0.0,0.0,0.0,0.0,0.0,0.0,0.0,0.0,1.0,12.0,1.0,12.15,5.01,2.51,1.49,-0.7000000000000001,-1.1,0.0,2.3000000000000003,0.0,-0.1,0.0,1.6,8.1,0.0,31.0,326.3,0.0,21.9,33.0,33.0,33.800000000000004,300.0,300.0,30.700000000000003,34.4,31.8,31.4,33.1,4.95,2.0,4.97,0.16,0.0,0.0,1027.0,8228.0,0.0,0.0,0.0,0.0,0.0,1.0,0.0,0.0,0.0,0.013,0.0,-1.7000000000000002,0.0,0.7000000000000001,0.0,0.0585,16.0,25903.0
2026-07-30T18:58:48.814Z,98.297,98.31,0.0,7.4,0.0,0.0,0.0,0.0,0.0,0.0,0.0,0.0,1.0,0.0,0.0,0.0,9.0,4.0,0.0,0.0,0.0,0.0,0.0,0.0,0.0,0.0,2.0,12.0,1.0,12.15,5.01,2.51,1.49,-0.2,-1.4,0.0,2.3000000000000003,0.0,0.3,0.6000000000000001,0.9,9.2,0.0,31.0,347.1,0.0,21.9,33.0,33.0,33.800000000000004,300.0,300.0,30.700000000000003,34.4,31.8,31.4,33.1,4.95,1.99,4.97,0.16,0.0,0.0,1027.0,8228.0,0.0,0.0,0.0,0.0,0.0,1.0,0.0,0.0,0.0,0.012,0.0,-1.4,0.0,0.6000000000000001,0.0,0.054,16.0,25903.0
2026-07-30T18:58:48.826Z,98.309,98.322,0.0,7.4,0.0,0.0,0.0,0.0,0.0,0.0,0.0,0.0,1.0,0.0,0.0,0.0,9.0,4.0,0.0,0.0,0.0,0.0,0.0,0.0,0.0,0.0,4.0,12.0,1.0,12.15,5.01,2.51,1.49,0.5,-1.7000000000000002,0.0,2.3000000000000003,0.0,0.3,-0.5,-0.2,8.8,0.0,31.0,5.9,0.0,21.9,33.0,33.0,33.800000000000004,300.0,300.0,30.700000000000003,34.4,31.8,31.4,33.1,4.95,1.99,4.97,0.16,0.0,0.0,1027.0,8228.0,0.0,0.0,0.0,0.0,0.0,1.0,0.0,0.0,0.0,0.011,0.0,0.7000000000000001,0.0,-0.2,0.0,0.0493,16.0,25903.0
2026-07-30T18:58:48.838Z,98.321,98.334,0.0,7.4,0.0,0.0,0.0,0.0,0.0,0.0,0.0,0.0,1.0,0.0,0.0,0.0,9.0,4.0,0.0,0.0,0.0,0.0,0.0,0.0,0.0,0.0,5.0,12.0,1.0,12.15,5.0200000000000005,2.51,1.49,1.0,-1.7000000000000002,0.0,2.3000000000000003,0.0,-0.2,-1.1,0.4,7.0,0.0,30.0,24.1,0.0,21.700000000000003,33.0,33.0,33.800000000000004,300.0,300.0,30.5,34.5,31.8,31.4,33.1,4.96,1.99,4.96,0.16,0.0,0.0,1027.0,8228.0,0.0,0.0,0.0,0.0,0.0,1.0,0.0,0.0,0.0,0.01,0.0,1.1,0.0,0.0,0.0,0.0442,16.0,25903.0
2026-07-30T18:58:48.850Z,98.333,98.346,0.0,7.4,0.0,0.0,0.0,0.0,0.0,0.0,0.0,0.0,1.0,0.0,0.0,0.0,9.0,4.0,0.0,0.0,0.0,0.0,0.0,0.0,0.0,0.0,6.0,12.0,1.0,12.15,5.0200000000000005,2.51,1.49,1.5,-1.5,0.0,2.3000000000000003,0.0,-1.3,-0.6000000000000001,-0.7000000000000001,4.1000000000000005,0.0,30.0,42.6,0.0,21.700000000000003,33.0,33.0,33.800000000000004,300.0,300.0,30.5,34.5,31.8,31.4,33.1,4.96,1.99,4.97,0.16,0.0,0.0,1027.0,8228.0,0.0,0.0,0.0,0.0,0.0,1.0,0.0,0.0,0.0,0.01,0.0,-0.1,0.0,-0.8,0.0,0.0419,16.0,25903.0
2026-07-30T18:58:48.862Z,98.345,98.358,0.0,7.4,0.0,0.0,0.0,0.0,0.0,0.0,0.0,0.0,1.0,0.0,0.0,0.0,9.0,4.0,0.0,0.0,0.0,0.0,0.0,0.0,0.0,0.0,1.0,12.0,1.0,12.15,5.0200000000000005,2.51,1.49,1.7000000000000002,-1.2000000000000002,0.0,2.2,0.0,-0.7000000000000001,0.0,-0.7000000000000001,0.0,0.0,30.0,62.1,0.0,21.700000000000003,33.0,33.0,33.800000000000004,300.0,300.0,30.5,34.5,31.8,31.4,33.1,4.95,1.99,4.97,0.16,0.0,0.0,1027.0,8228.0,0.0,0.0,0.0,0.0,0.0,1.0,0.0,0.0,0.0,0.01,0.0,-0.4,0.0,-0.7000000000000001,0.0,0.0417,16.0,25903.0
2026-07-30T18:58:48.874Z,98.357,98.37,0.0,7.4,0.0,0.0,0.0,0.0,0.0,0.0,0.0,0.0,1.0,0.0,0.0,0.0,9.0,4.0,0.0,0.0,0.0,0.0,0.0,0.0,0.0,0.0,3.0,12.0,1.0,12.15,5.0200000000000005,2.51,1.49,1.6,-0.6000000000000001,0.0,2.2,0.0,-0.2,-0.5,0.4,-5.2,0.0,29.0,81.9,0.0,21.700000000000003,33.0,33.0,33.800000000000004,300.0,300.0,30.5,34.5,31.8,31.4,33.1,4.95,1.99,4.97,0.16,0.0,0.0,1027.0,8228.0,0.0,0.0,0.0,0.0,0.0,1.0,0.0,0.0,0.0,0.011,0.0,-1.0,0.0,-2.2,0.0,0.0435,16.0,25903.0
2026-07-30T18:58:48.887Z,98.37,98.382,0.0,7.4,0.0,0.0,0.0,0.0,0.0,0.0,0.0,0.0,1.0,0.0,0.0,0.0,9.0,4.0,0.0,0.0,0.0,0.0,0.0,0.0,0.0,0.0,4.0,12.0,1.0,12.15,5.0200000000000005,2.51,1.49,1.3,0.0,0.0,2.3000000000000003,0.0,0.3,-1.1,-0.1,-11.5,0.0,29.0,100.0,0.0,21.700000000000003,33.0,33.0,33.800000000000004,300.0,300.0,30.5,34.5,31.8,31.4,33.1,4.96,2.0,4.96,0.16,0.0,0.0,1027.0,8228.0,0.0,0.0,0.0,0.0,0.0,1.0,0.0,0.0,0.0,0.01,0.0,2.2,0.0,0.2,0.0,0.0448,16.0,25903.0
2026-07-30T18:58:48.898Z,98.381,98.394,0.0,7.4,0.0,0.0,0.0,0.0,0.0,0.0,0.0,0.0,1.0,0.0,0.0,0.0,9.0,4.0,0.0,0.0,0.0,0.0,0.0,0.0,0.0,0.0,5.0,12.0,1.0,12.15,5.0200000000000005,2.51,1.49,1.0,0.2,0.0,2.2,0.0,-0.2,-0.6000000000000001,-0.7000000000000001,-18.5,0.0,29.0,116.1,0.0,21.700000000000003,33.0,33.0,33.800000000000004,300.0,300.0,30.5,34.5,31.8,31.4,33.1,4.96,1.99,4.97,0.16,0.0,0.0,1027.0,8228.0,0.0,0.0,0.0,0.0,0.0,1.0,0.0,0.0,0.0,0.009,0.0,1.0,0.0,0.0,0.0,0.0424,16.0,25903.0
2026-07-30T18:58:48.910Z,98.393,98.406,0.0,7.4,0.0,0.0,0.0,0.0,0.0,0.0,0.0,0.0,1.0,0.0,0.0,0.0,9.0,4.0,0.0,0.0,0.0,0.0,0.0,0.0,0.0,0.0,6.0,12.0,1.0,12.15,5.0200000000000005,2.51,1.49,0.7000000000000001,0.5,0.0,2.1,0.0,-0.2,0.5,-0.2,-26.1,0.0,28.0,131.3,0.0,21.700000000000003,33.0,33.0,33.800000000000004,300.0,300.0,30.5,34.5,31.8,31.4,33.1,4.95,1.99,4.97,0.16,0.0,0.0,1027.0,8228.0,0.0,0.0,0.0,0.0,0.0,1.0,0.0,0.0,0.0,0.008,0.0,0.6000000000000001,0.0,1.0,0.0,0.0381,16.0,25903.0
2026-07-30T18:58:48.922Z,98.405,98.418,0.0,7.4,0.0,0.0,0.0,0.0,0.0,0.0,0.0,0.0,1.0,0.0,0.0,0.0,9.0,4.0,0.0,0.0,0.0,0.0,0.0,0.0,0.0,0.0,2.0,12.0,1.0,12.15,5.0200000000000005,2.51,1.49,0.4,0.7000000000000001,0.0,2.2,0.0,-0.8,0.0,0.4,-34.300000000000004,0.0,28.0,144.4,0.0,21.700000000000003,33.0,33.0,33.800000000000004,300.0,300.0,30.5,34.5,31.8,31.4,33.1,4.96,1.99,4.96,0.16,0.0,0.0,1027.0,8228.0,0.0,0.0,0.0,0.0,0.0,1.0,0.0,0.0,0.0,0.007,0.0,0.4,0.0,-0.1,0.0,0.0353,16.0,25903.0
2026-07-30T18:58:48.936Z,98.419,98.43,0.0,7.4,0.0,0.0,0.0,0.0,0.0,0.0,0.0,0.0,1.0,0.0,0.0,0.0,9.0,4.0,0.0,0.0,0.0,0.0,0.0,0.0,0.0,0.0,2.0,12.0,1.0,12.15,5.01,2.5,1.5,0.2,0.7000000000000001,0.0,2.2,0.0,0.2,-0.5,-0.1,-42.7,0.0,27.0,155.70000000000002,0.0,21.700000000000003,33.0,33.0,33.800000000000004,300.0,300.0,30.5,34.4,31.8,31.4,33.0,4.95,1.99,4.96,0.16,0.0,0.0,1027.0,8228.0,0.0,0.0,0.0,0.0,0.0,1.0,0.0,0.0,0.0,0.006,0.0,-0.8,0.0,-0.1,0.0,0.0314,16.0,25903.0
2026-07-30T18:58:48.946Z,98.429,98.442,0.0,7.4,0.0,0.0,0.0,0.0,0.0,0.0,0.0,0.0,1.0,0.0,0.0,0.0,9.0,4.0,0.0,0.0,0.0,0.0,0.0,0.0,0.0,0.0,4.0,12.0,1.0,12.15,5.01,2.5,1.5,0.0,0.9,0.0,2.1,0.0,-0.2,0.0,0.3,-51.3,0.0,26.0,166.20000000000002,0.0,21.700000000000003,33.0,33.0,33.800000000000004,300.0,300.0,30.5,34.4,31.8,31.4,33.0,4.95,1.99,4.96,0.16,0.0,0.0,1027.0,8228.0,0.0,0.0,0.0,0.0,0.0,1.0,0.0,0.0,0.0,0.006,0.0,0.2,0.0,-0.3,0.0,0.0271,16.0,25903.0
2026-07-30T18:58:48.958Z,98.441,98.454,0.0,7.4,0.0,0.0,0.0,0.0,0.0,0.0,0.0,0.0,1.0,0.0,0.0,0.0,9.0,4.0,0.0,0.0,0.0,0.0,0.0,0.0,0.0,0.0,5.0,12.0,1.0,12.15,5.01,2.5,1.5,-0.2,0.9,0.0,2.1,0.0,0.3,-0.5,-1.9,-60.1,0.0,25.0,176.60000000000002,0.0,21.700000000000003,33.0,33.0,33.800000000000004,300.0,300.0,30.5,34.4,31.8,31.4,33.0,4.96,1.99,4.96,0.16,0.0,0.0,1027.0,8228.0,0.0,0.0,0.0,0.0,0.0,1.0,0.0,0.0,0.0,0.005,0.0,-1.8,0.0,1.7000000000000002,0.0,0.0245,16.0,25903.0
2026-07-30T18:58:48.970Z,98.453,98.466,0.0,7.4,0.0,0.0,0.0,0.0,0.0,0.0,0.0,0.0,1.0,0.0,0.0,0.0,9.0,4.0,0.0,0.0,0.0,0.0,0.0,0.0,0.0,0.0,6.0,12.0,1.0,12.15,5.01,2.5,1.5,-0.4,1.0,0.0,2.1,0.0,-0.2,-0.5,-0.7000000000000001,-50.900000000000006,0.0,24.0,186.6,0.0,21.700000000000003,33.0,33.0,33.800000000000004,300.0,300.0,30.5,34.4,31.8,31.4,33.0,4.96,1.99,4.96,0.16,0.0,0.0,1027.0,8228.0,0.0,0.0,0.0,0.0,0.0,1.0,0.0,0.0,0.0,0.005,0.0,-0.9,0.0,0.8,0.0,0.0237,16.0,25903.0
2026-07-30T18:58:48.983Z,98.466,98.478,0.0,7.4,0.0,0.0,0.0,0.0,0.0,0.0,0.0,0.0,1.0,0.0,0.0,0.0,9.0,4.0,0.0,0.0,0.0,0.0,0.0,0.0,0.0,0.0,1.0,12.0,1.0,12.15,5.01,2.5,1.5,-0.4,0.8,0.0,2.1,0.0,-0.8,-0.5,0.5,-34.9,0.0,23.0,195.4,0.0,21.700000000000003,33.0,33.0,33.800000000000004,300.0,300.0,30.5,34.4,31.8,31.4,33.0,4.95,1.99,4.97,0.16,0.0,0.0,1027.0,8228.0,0.0,0.0,0.0,0.0,0.0,1.0,0.0,0.0,0.0,0.005,0.0,-0.4,0.0,-0.4,0.0,0.0229,16.0,25903.0
2026-07-30T18:58:48.994Z,98.477,98.49,0.0,7.4,0.0,0.0,0.0,0.0,0.0,0.0,0.0,0.0,1.0,0.0,0.0,0.0,9.0,4.0,0.0,0.0,0.0,0.0,0.0,0.0,0.0,0.0,2.0,12.0,1.0,12.15,5.01,2.5,1.5,-0.4,0.7000000000000001,0.0,2.1,0.0,0.9,1.2000000000000002,1.0,-20.700000000000003,0.0,23.0,203.3,0.0,21.700000000000003,33.0,33.0,33.800000000000004,300.0,300.0,30.5,34.4,31.8,31.4,33.0,4.95,1.99,4.96,0.16,0.0,0.0,1027.0,8228.0,0.0,0.0,0.0,0.0,0.0,1.0,0.0,0.0,0.0,0.004,0.0,1.4,0.0,-1.8,0.0,0.0209,16.0,25903.0
2026-07-30T18:58:49.006Z,98.489,98.502,0.0,7.4,0.0,0.0,0.0,0.0,0.0,0.0,0.0,0.0,1.0,0.0,0.0,0.0,9.0,4.0,0.0,0.0,0.0,0.0,0.0,0.0,0.0,0.0,3.0,12.0,1.0,12.15,5.01,2.5,1.5,-0.4,0.6000000000000001,0.0,2.1,0.0,-0.8,-0.4,-1.2000000000000002,-8.0,0.0,22.0,210.2,0.0,21.700000000000003,33.0,33.0,33.800000000000004,300.0,300.0,30.5,34.4,31.8,31.4,33.0,4.96,1.99,4.96,0.16,0.0,0.0,1027.0,8228.0,0.0,0.0,0.0,0.0,0.0,1.0,0.0,0.0,0.0,0.004,0.0,-0.4,0.0,1.7000000000000002,0.0,0.0188,16.0,25903.0
2026-07-30T18:58:49.019Z,98.502,98.514,0.0,7.4,0.0,0.0,0.0,0.0,0.0,0.0,0.0,0.0,1.0,0.0,0.0,0.0,9.0,4.0,0.0,0.0,0.0,0.0,0.0,0.0,0.0,0.0,4.0,12.0,1.0,12.15,5.01,2.5,1.5,-0.4,0.5,0.0,2.1,0.0,0.9,0.6000000000000001,-0.6000000000000001,3.2,0.0,21.0,216.1,0.0,21.700000000000003,33.0,33.0,33.800000000000004,300.0,300.0,30.5,34.4,31.8,31.4,33.0,4.95,1.99,4.97,0.16,0.0,0.0,1027.0,8228.0,0.0,0.0,0.0,0.0,0.0,1.0,0.0,0.0,0.0,0.003,0.0,0.7000000000000001,0.0,0.2,0.0,0.0164,16.0,25903.0
2026-07-30T18:58:49.030Z,98.513,98.526,0.0,7.4,0.0,0.0,0.0,0.0,0.0,0.0,0.0,0.0,1.0,0.0,0.0,0.0,9.0,4.0,0.0,0.0,0.0,0.0,0.0,0.0,0.0,0.0,5.0,12.0,1.0,12.15,5.01,2.5,1.5,-0.6000000000000001,0.6000000000000001,0.0,2.1,0.0,-0.1,-0.4,0.0,13.1,0.0,20.0,223.1,0.0,21.700000000000003,33.0,33.0,33.800000000000004,300.0,300.0,30.5,34.4,31.8,31.4,33.0,4.96,2.0,4.96,0.16,0.0,0.0,1027.0,8228.0,0.0,0.0,0.0,0.0,0.0,1.0,0.0,0.0,0.0,0.003,0.0,-0.4,0.0,0.3,0.0,0.0142,16.0,25903.0
2026-07-30T18:58:49.043Z,98.526,98.538,-0.1,7.4,0.0,0.0,0.0,0.0,0.0,0.0,0.0,0.0,1.0,0.0,0.0,0.0,9.0,4.0,0.0,0.0,0.0,0.0,0.0,0.0,0.0,0.0,5.0,12.0,1.0,12.17,5.0200000000000005,2.5,1.49,-0.7000000000000001,0.7000000000000001,0.0,2.1,0.0,-0.1,0.6000000000000001,1.1,21.8,0.0,19.0,230.9,0.0,21.8,33.0,33.0,33.800000000000004,300.0,300.0,30.5,34.4,31.8,31.4,33.0,4.96,2.0,4.97,0.16,0.0,0.0,1027.0,8228.0,0.0,0.0,0.0,0.0,0.0,1.0,0.0,0.0,0.0,0.004,0.0,0.0,0.0,-1.8,0.0,0.0151,16.0,25903.0
2026-07-30T18:58:49.054Z,98.537,98.55,-0.1,7.4,0.0,0.0,0.0,0.0,0.0,0.0,0.0,0.0,1.0,0.0,0.0,0.0,9.0,4.0,0.0,0.0,0.0,0.0,0.0,0.0,0.0,0.0,5.0,12.0,1.0,12.17,5.0200000000000005,2.5,1.49,-0.7000000000000001,0.5,0.0,2.1,0.0,0.3,0.1,0.6000000000000001,29.3,0.0,19.0,239.2,0.0,21.8,33.0,33.0,33.800000000000004,300.0,300.0,30.5,34.4,31.8,31.4,33.0,4.95,1.99,4.97,0.16,0.0,0.0,1027.0,8228.0,0.0,0.0,0.0,0.0,0.0,1.0,0.0,0.0,0.0,0.004,0.0,-0.2,0.0,-0.7000000000000001,0.0,0.0171,16.0,25903.0
2026-07-30T18:58:49.066Z,98.549,98.562,-0.1,7.4,0.0,0.0,0.0,0.0,0.0,0.0,0.0,0.0,1.0,0.0,0.0,0.0,9.0,4.0,0.0,0.0,0.0,0.0,0.0,0.0,0.0,0.0,6.0,12.0,1.0,12.17,5.0200000000000005,2.5,1.49,-0.7000000000000001,0.4,0.0,2.1,0.0,-0.7000000000000001,-0.4,-1.1,35.6,0.0,18.0,247.9,0.0,21.8,33.0,33.0,33.800000000000004,300.0,300.0,30.5,34.4,31.8,31.4,33.0,4.95,1.99,4.97,0.16,0.0,0.0,1027.0,8228.0,0.0,0.0,0.0,0.0,0.0,1.0,0.0,0.0,0.0,0.004,0.0,0.6000000000000001,0.0,1.5,0.0,0.0185,16.0,25903.0
2026-07-30T18:58:49.078Z,98.561,98.574,-0.1,7.4,0.0,0.0,0.0,0.0,0.0,0.0,0.0,0.0,1.0,0.0,0.0,0.0,9.0,4.0,0.0,0.0,0.0,0.0,0.0,0.0,0.0,0.0,1.0,12.0,1.0,12.17,5.0200000000000005,2.5,1.49,-0.6000000000000001,0.3,0.0,2.1,0.0,0.3,-1.0,-1.1,40.900000000000006,0.0,18.0,256.40000000000003,0.0,21.8,33.0,33.0,33.800000000000004,300.0,300.0,30.5,34.4,31.8,31.4,33.0,4.96,2.0,4.96,0.16,0.0,0.0,1027.0,8228.0,0.0,0.0,0.0,0.0,0.0,1.0,0.0,0.0,0.0,0.004,0.0,0.6000000000000001,0.0,2.1,0.0,0.0194,16.0,25903.0
2026-07-30T18:58:49.091Z,98.574,98.586,-0.1,7.4,0.0,0.0,0.0,0.0,0.0,0.0,0.0,0.0,1.0,0.0,0.0,0.0,9.0,4.0,0.0,0.0,0.0,0.0,0.0,0.0,0.0,0.0,2.0,12.0,1.0,12.17,5.0200000000000005,2.5,1.49,-0.5,0.2,0.0,2.0,0.0,0.9,-0.5,-0.6000000000000001,45.1,0.0,17.0,264.2,0.0,21.8,33.0,33.0,33.800000000000004,300.0,300.0,30.5,34.4,31.8,31.4,33.0,4.96,1.99,4.97,0.16,0.0,0.0,1027.0,8228.0,0.0,0.0,0.0,0.0,0.0,1.0,0.0,0.0,0.0,0.004,0.0,0.5,0.0,1.0,0.0,0.0195,16.0,25903.0
2026-07-30T18:58:49.102Z,98.585,98.598,-0.1,7.4,0.0,0.0,0.0,0.0,0.0,0.0,0.0,0.0,1.0,0.0,0.0,0.0,9.0,4.0,0.0,0.0,0.0,0.0,0.0,0.0,0.0,0.0,4.0,12.0,1.0,12.17,5.0200000000000005,2.5,1.49,-0.4,0.1,0.0,2.0,0.0,-0.7000000000000001,1.2000000000000002,0.5,48.6,0.0,16.0,268.7,0.0,21.8,33.0,33.0,33.800000000000004,300.0,300.0,30.5,34.4,31.8,31.4,33.0,4.95,1.99,4.97,0.16,0.0,0.0,1027.0,8228.0,0.0,0.0,0.0,0.0,0.0,1.0,0.0,0.0,0.0,0.003,0.0,-0.5,0.0,-1.7000000000000002,0.0,0.0181,16.0,25903.0
2026-07-30T18:58:49.114Z,98.597,98.61,0.0,7.4,0.0,0.0,0.0,0.0,0.0,0.0,0.0,0.0,1.0,0.0,0.0,0.0,9.0,4.0,0.0,0.0,0.0,0.0,0.0,0.0,0.0,0.0,5.0,12.0,1.0,12.17,5.0200000000000005,2.5,1.49,-0.3,0.1,0.0,2.0,0.0,-0.1,0.6000000000000001,-0.6000000000000001,51.6,0.0,16.0,273.5,0.0,21.8,33.0,33.0,33.800000000000004,300.0,300.0,30.5,34.4,31.8,31.4,33.0,4.96,1.99,4.96,0.16,0.0,0.0,1027.0,8228.0,0.0,0.0,0.0,0.0,0.0,1.0,0.0,0.0,0.0,0.002,0.0,0.5,0.0,-0.4,0.0,0.0133,16.0,25903.0
2026-07-30T18:58:49.126Z,98.609,98.622,0.0,7.4,0.0,0.0,0.0,0.0,0.0,0.0,0.0,0.0,1.0,0.0,0.0,0.0,9.0,4.0,0.0,0.0,0.0,0.0,0.0,0.0,0.0,0.0,6.0,12.0,1.0,12.17,5.0200000000000005,2.5,1.49,-0.2,0.0,0.0,2.0,0.0,0.3,0.6000000000000001,0.5,54.0,0.0,15.0,277.40000000000003,0.0,21.8,33.0,33.0,33.800000000000004,300.0,300.0,30.5,34.4,31.8,31.4,33.0,4.95,1.99,4.96,0.16,0.0,0.0,1027.0,8228.0,0.0,0.0,0.0,0.0,0.0,1.0,0.0,0.0,0.0,0.002,0.0,-0.6000000000000001,0.0,-0.9,0.0,0.0102,16.0,25903.0
2026-07-30T18:58:49.140Z,98.623,98.634,0.0,7.4,0.0,0.0,0.0,0.0,0.0,0.0,0.0,0.0,1.0,0.0,0.0,0.0,9.0,4.0,0.0,0.0,0.0,0.0,0.0,0.0,0.0,0.0,1.0,12.0,1.0,12.17,5.0200000000000005,2.51,1.49,-0.2,0.0,0.0,2.0,0.0,-0.2,0.0,-0.6000000000000001,55.900000000000006,0.0,14.0,280.90000000000003,0.0,21.4,33.0,33.0,33.800000000000004,300.0,300.0,30.6,34.300000000000004,31.8,31.4,33.0,4.95,1.99,4.97,0.16,0.0,0.0,1027.0,8228.0,0.0,0.0,0.0,0.0,0.0,1.0,0.0,0.0,0.0,0.002,0.0,0.6000000000000001,0.0,0.2,0.0,0.0096,16.0,25903.0
2026-07-30T18:58:49.150Z,98.633,98.646,0.0,7.4,0.0,0.0,0.0,0.0,0.0,0.0,0.0,0.0,1.0,0.0,0.0,0.0,9.0,4.0,0.0,0.0,0.0,0.0,0.0,0.0,0.0,0.0,2.0,12.0,1.0,12.17,5.0200000000000005,2.51,1.49,-0.1,0.0,0.0,2.0,0.0,-0.1,0.0,-0.5,57.5,0.0,14.0,284.3,0.0,21.4,33.0,33.0,33.800000000000004,300.0,300.0,30.6,34.300000000000004,31.8,31.4,33.0,4.95,2.0,4.97,0.16,0.0,0.0,1027.0,8228.0,0.0,0.0,0.0,0.0,0.0,1.0,0.0,0.0,0.0,0.001,0.0,0.5,0.0,0.1,0.0,0.0083,16.0,25903.0
2026-07-30T18:58:49.162Z,98.645,98.658,0.0,7.4,0.0,0.0,0.0,0.0,0.0,0.0,0.0,0.0,1.0,0.0,0.0,0.0,9.0,4.0,0.0,0.0,0.0,0.0,0.0,0.0,0.0,0.0,3.0,12.0,1.0,12.17,5.0200000000000005,2.51,1.49,-0.1,0.0,0.0,2.0,0.0,0.4,0.6000000000000001,0.0,58.7,0.0,13.0,286.0,0.0,21.4,33.0,33.0,33.800000000000004,300.0,300.0,30.6,34.300000000000004,31.8,31.4,33.0,4.96,2.0,4.96,0.15,0.0,0.0,1027.0,8228.0,0.0,0.0,0.0,0.0,0.0,1.0,0.0,0.0,0.0,0.001,0.0,-0.2,0.0,-0.6000000000000001,0.0,0.0075,16.0,25903.0
2026-07-30T18:58:49.174Z,98.657,98.67,0.0,7.4,0.0,0.0,0.0,0.0,0.0,0.0,0.0,0.0,1.0,0.0,0.0,0.0,9.0,4.0,0.0,0.0,0.0,0.0,0.0,0.0,0.0,0.0,4.0,12.0,1.0,12.17,5.0200000000000005,2.51,1.49,0.0,0.0,0.0,2.0,0.0,0.9,-0.5,1.1,59.8,0.0,12.0,286.6,0.0,21.4,33.0,33.0,33.800000000000004,300.0,300.0,30.6,34.300000000000004,31.8,31.4,33.0,4.95,1.99,4.97,0.15,0.0,0.0,1027.0,8228.0,0.0,0.0,0.0,0.0,0.0,1.0,0.0,0.0,0.0,0.0,0.0,-1.0,0.0,0.3,0.0,0.005,16.0,25903.0
2026-07-30T18:58:49.186Z,98.669,98.682,0.0,7.4,0.0,0.0,0.0,0.0,0.0,0.0,0.0,0.0,1.0,0.0,0.0,0.0,9.0,4.0,0.0,0.0,0.0,0.0,0.0,0.0,0.0,0.0,5.0,12.0,1.0,12.17,5.0200000000000005,2.51,1.49,0.0,0.0,0.0,2.0,0.0,-0.7000000000000001,-0.6000000000000001,0.4,60.8,0.0,11.0,286.2,0.0,21.4,33.0,33.0,33.800000000000004,300.0,300.0,30.6,34.300000000000004,31.8,31.4,33.0,4.95,1.99,4.96,0.16,0.0,0.0,1027.0,8228.0,0.0,0.0,0.0,0.0,0.0,1.0,0.0,0.0,0.0,0.0,0.0,-0.3,0.0,0.5,0.0,0.0023,16.0,25903.0
2026-07-30T18:58:49.198Z,98.681,98.694,0.0,7.4,0.0,0.0,0.0,0.0,0.0,0.0,0.0,0.0,1.0,0.0,0.0,0.0,9.0,4.0,0.0,0.0,0.0,0.0,0.0,0.0,0.0,0.0,6.0,12.0,1.0,12.17,5.0200000000000005,2.51,1.49,0.0,0.0,0.0,1.9,0.0,0.9,1.1,-0.6000000000000001,61.8,0.0,10.0,285.6,0.0,21.4,33.0,33.0,33.800000000000004,300.0,300.0,30.6,34.300000000000004,31.8,31.4,33.0,4.96,2.0,4.96,0.16,0.0,0.0,1027.0,8228.0,0.0,0.0,0.0,0.0,0.0,1.0,0.0,0.0,0.0,0.0,0.0,0.3,0.0,-1.1,0.0,0.0,16.0,25903.0
2026-07-30T18:58:49.210Z,98.693,98.706,0.0,7.4,0.0,0.0,0.0,0.0,0.0,0.0,0.0,0.0,1.0,0.0,0.0,0.0,9.0,4.0,0.0,0.0,0.0,0.0,0.0,0.0,0.0,0.0,1.0,12.0,1.0,12.17,5.0200000000000005,2.51,1.49,0.0,0.0,0.0,2.0,0.0,1.5,0.5,0.4,62.7,0.0,9.0,286.2,0.0,21.4,33.0,33.0,33.800000000000004,300.0,300.0,30.6,34.300000000000004,31.8,31.4,33.0,4.95,2.0,4.96,0.16,0.0,0.0,1027.0,8228.0,0.0,0.0,0.0,0.0,0.0,1.0,0.0,0.0,0.0,0.0,0.0,-0.6000000000000001,0.0,-0.7000000000000001,0.0,0.0012,16.0,25903.0
2026-07-30T18:58:49.222Z,98.705,98.718,0.0,7.4,0.0,0.0,0.0,0.0,0.0,0.0,0.0,0.0,1.0,0.0,0.0,0.0,9.0,4.0,0.0,0.0,0.0,0.0,0.0,0.0,0.0,0.0,3.0,12.0,1.0,12.17,5.0200000000000005,2.51,1.49,-0.1,0.0,0.0,1.9,0.0,0.3,0.5,0.4,63.400000000000006,0.0,9.0,287.5,0.0,21.4,33.0,33.0,33.800000000000004,300.0,300.0,30.6,34.300000000000004,31.8,31.4,33.0,4.95,1.99,4.97,0.16,0.0,0.0,1027.0,8228.0,0.0,0.0,0.0,0.0,0.0,1.0,0.0,0.0,0.0,0.0,0.0,-0.7000000000000001,0.0,-0.7000000000000001,0.0,0.0004,16.0,25903.0
2026-07-30T18:58:49.234Z,98.717,98.73,0.0,7.4,0.0,0.0,0.0,0.0,0.0,0.0,0.0,0.0,1.0,0.0,0.0,0.0,9.0,4.0,0.0,0.0,0.0,0.0,0.0,0.0,0.0,0.0,4.0,12.0,1.0,12.17,5.0200000000000005,2.51,1.49,-0.2,0.1,0.0,1.9,0.0,0.3,1.2000000000000002,-0.1,64.0,0.0,8.0,289.7,0.0,21.4,33.0,33.0,33.800000000000004,300.0,300.0,30.6,34.300000000000004,31.8,31.4,33.0,4.95,1.99,4.96,0.16,0.0,0.0,1027.0,8228.0,0.0,0.0,0.0,0.0,0.0,1.0,0.0,0.0,0.0,0.001,0.0,-0.3,0.0,-1.2000000000000002,0.0,0.0024,16.0,25903.0
2026-07-30T18:58:49.246Z,98.729,98.742,0.0,7.4,0.0,0.0,0.0,0.0,0.0,0.0,0.0,0.0,1.0,0.0,0.0,0.0,9.0,4.0,0.0,0.0,0.0,0.0,0.0,0.0,0.0,0.0,5.0,12.0,1.0,12.15,5.01,2.51,1.49,-0.2,0.0,0.0,1.9,0.0,-0.7000000000000001,1.2000000000000002,0.3,64.4,0.0,8.0,292.40000000000003,0.0,21.700000000000003,33.0,33.0,33.800000000000004,300.0,300.0,30.700000000000003,34.5,31.8,31.4,33.0,4.96,1.99,4.96,0.16,0.0,0.0,1027.0,8228.0,0.0,0.0,0.0,0.0,0.0,1.0,0.0,0.0,0.0,0.001,0.0,-0.9,0.0,-1.3,0.0,0.0045,16.0,25903.0
2026-07-30T18:58:49.258Z,98.741,98.754,0.0,7.4,0.0,0.0,0.0,0.0,0.0,0.0,0.0,0.0,1.0,0.0,0.0,0.0,9.0,4.0,0.0,0.0,0.0,0.0,0.0,0.0,0.0,0.0,6.0,12.0,1.0,12.15,5.01,2.51,1.49,-0.2,0.0,0.0,2.0,0.0,1.0,0.6000000000000001,0.3,64.5,0.0,8.0,295.6,0.0,21.700000000000003,33.0,33.0,33.800000000000004,300.0,300.0,30.700000000000003,34.5,31.8,31.4,33.0,4.95,1.99,4.97,0.16,0.0,0.0,1027.0,8228.0,0.0,0.0,0.0,0.0,0.0,1.0,0.0,0.0,0.0,0.001,0.0,-0.7000000000000001,0.0,-0.6000000000000001,0.0,0.0055,16.0,25903.0
2026-07-30T18:58:49.270Z,98.753,98.766,0.0,7.4,0.0,0.0,0.0,0.0,0.0,0.0,0.0,0.0,1.0,0.0,0.0,0.0,9.0,4.0,0.0,0.0,0.0,0.0,0.0,0.0,0.0,0.0,1.0,12.0,1.0,12.15,5.01,2.51,1.49,-0.3,0.0,0.0,1.9,0.0,-0.1,0.6000000000000001,-0.1,64.3,0.0,8.0,300.40000000000003,0.0,21.700000000000003,33.0,33.0,33.800000000000004,300.0,300.0,30.700000000000003,34.5,31.8,31.4,33.0,4.96,2.0,4.96,0.16,0.0,0.0,1027.0,8228.0,0.0,0.0,0.0,0.0,0.0,1.0,0.0,0.0,0.0,0.002,0.0,-0.1,0.0,-0.6000000000000001,0.0,0.0071,16.0,25903.0
2026-07-30T18:58:49.282Z,98.765,98.778,0.0,7.4,0.0,0.0,0.0,0.0,0.0,0.0,0.0,0.0,1.0,0.0,0.0,0.0,9.0,4.0,0.0,0.0,0.0,0.0,0.0,0.0,0.0,0.0,2.0,12.0,1.0,12.15,5.01,2.51,1.49,-0.4,0.0,0.0,1.8,0.0,-0.1,0.0,0.4,63.7,0.0,8.0,307.0,0.0,21.700000000000003,33.0,33.0,33.800000000000004,300.0,300.0,30.700000000000003,34.5,31.8,31.4,33.0,4.96,2.0,4.96,0.16,0.0,0.0,1027.0,8228.0,0.0,0.0,0.0,0.0,0.0,1.0,0.0,0.0,0.0,0.003,0.0,-0.4,0.0,0.0,0.0,0.0098,16.0,25903.0
2026-07-30T18:58:49.294Z,98.777,98.79,0.0,7.4,0.0,0.0,0.0,0.0,0.0,0.0,0.0,0.0,1.0,0.0,0.0,0.0,9.0,4.0,0.0,0.0,0.0,0.0,0.0,0.0,0.0,0.0,3.0,12.0,1.0,12.15,5.01,2.51,1.49,-0.3,-0.3,0.0,1.9,0.0,0.4,1.7000000000000002,0.9,62.6,0.0,8.0,315.3,0.0,21.700000000000003,33.0,33.0,33.800000000000004,300.0,300.0,30.700000000000003,34.5,31.8,31.4,33.0,4.95,1.99,4.96,0.16,0.0,0.0,1027.0,8228.0,0.0,0.0,0.0,0.0,0.0,1.0,0.0,0.0,0.0,0.004,0.0,-2.5,0.0,-1.1,0.0,0.0136,16.0,25903.0
2026-07-30T18:58:49.307Z,98.79,98.802,0.0,7.4,0.0,0.0,0.0,0.0,0.0,0.0,0.0,0.0,1.0,0.0,0.0,0.0,9.0,4.0,0.0,0.0,0.0,0.0,0.0,0.0,0.0,0.0,4.0,12.0,1.0,12.15,5.01,2.51,1.49,-0.4,-0.4,0.0,1.9,0.0,0.4,0.5,0.3,61.0,0.0,8.0,325.40000000000003,0.0,21.700000000000003,33.0,33.0,33.800000000000004,300.0,300.0,30.700000000000003,34.5,31.8,31.4,33.0,4.95,1.99,4.97,0.16,0.0,0.0,1027.0,8228.0,0.0,0.0,0.0,0.0,0.0,1.0,0.0,0.0,0.0,0.005,0.0,-0.9,0.0,-0.1,0.0,0.0172,16.0,25903.0
2026-07-30T18:58:49.318Z,98.801,98.814,0.0,7.4,0.0,0.0,0.0,0.0,0.0,0.0,0.0,0.0,1.0,0.0,0.0,0.0,9.0,4.0,0.0,0.0,0.0,0.0,0.0,0.0,0.0,0.0,5.0,12.0,1.0,12.15,5.01,2.51,1.49,-0.2,-0.8,0.0,1.9,0.0,-0.1,-0.6000000000000001,-0.1,58.6,0.0,9.0,337.0,0.0,21.700000000000003,33.0,33.0,33.800000000000004,300.0,300.0,30.700000000000003,34.5,31.8,31.4,33.0,4.96,1.99,4.96,0.16,0.0,0.0,1027.0,8228.0,0.0,0.0,0.0,0.0,0.0,1.0,0.0,0.0,0.0,0.006,0.0,0.8,0.0,0.1,0.0,0.0215,16.0,25903.0
2026-07-30T18:58:49.330Z,98.813,98.826,0.0,7.4,0.0,0.0,0.0,0.0,0.0,0.0,0.0,0.0,1.0,0.0,0.0,0.0,9.0,4.0,0.0,0.0,0.0,0.0,0.0,0.0,0.0,0.0,1.0,12.0,1.0,12.15,5.01,2.51,1.49,0.0,-1.1,0.0,1.9,0.0,0.3,-0.5,-1.3,55.5,0.0,9.0,350.1,0.0,21.700000000000003,33.0,33.0,33.800000000000004,300.0,300.0,30.700000000000003,34.5,31.8,31.4,33.0,4.96,2.0,4.97,0.16,0.0,0.0,1027.0,8228.0,0.0,0.0,0.0,0.0,0.0,1.0,0.0,0.0,0.0,0.007,0.0,1.6,0.0,-1.0,0.0,0.0249,16.0,25903.0
2026-07-30T18:58:49.351Z,98.834,98.838,0.0,7.4,0.0,0.0,0.0,0.0,0.0,0.0,0.0,0.0,1.0,0.0,0.0,0.0,9.0,4.0,0.0,0.0,0.0,0.0,0.0,0.0,0.0,0.0,1.0,12.0,1.0,12.18,5.0200000000000005,2.51,1.49,0.4,-1.4,0.0,1.8,0.0,0.3,1.1,2.1,51.6,0.0,10.0,5.6000000000000005,0.0,20.9,33.0,32.9,33.800000000000004,300.0,300.0,30.700000000000003,34.5,31.8,31.3,33.0,4.95,1.99,4.97,0.16,0.0,0.0,1027.0,8228.0,0.0,0.0,0.0,0.0,0.0,1.0,0.0,0.0,0.0,0.008,0.0,-2.3000000000000003,0.0,2.4000000000000004,0.0,0.0284,16.0,25903.0
2026-07-30T18:58:49.354Z,98.837,98.85,0.0,7.4,0.0,0.0,0.0,0.0,0.0,0.0,0.0,0.0,1.0,0.0,0.0,0.0,9.0,4.0,0.0,0.0,0.0,0.0,0.0,0.0,0.0,0.0,6.0,12.0,1.0,12.18,5.0200000000000005,2.51,1.49,0.9,-1.6,0.0,1.8,0.0,-0.1,-0.5,-0.1,46.8,0.0,11.0,23.0,0.0,20.9,33.0,32.9,33.800000000000004,300.0,300.0,30.700000000000003,34.5,31.8,31.3,33.0,4.96,1.99,4.96,0.16,0.0,0.0,1027.0,8228.0,0.0,0.0,0.0,0.0,0.0,1.0,0.0,0.0,0.0,0.009,0.0,0.6000000000000001,0.0,-0.4,0.0,0.0334,16.0,25903.0
2026-07-30T18:58:49.366Z,98.849,98.862,0.0,7.4,0.0,0.0,0.0,0.0,0.0,0.0,0.0,0.0,1.0,0.0,0.0,0.0,9.0,4.0,0.0,0.0,0.0,0.0,0.0,0.0,0.0,0.0,1.0,12.0,1.0,12.18,5.0200000000000005,2.51,1.49,1.4,-1.5,0.0,1.8,0.0,-0.1,-0.5,-0.1,41.1,0.0,12.0,41.3,0.0,20.9,33.0,32.9,33.800000000000004,300.0,300.0,30.700000000000003,34.5,31.8,31.3,33.0,4.96,1.99,4.96,0.16,0.0,0.0,1027.0,8228.0,0.0,0.0,0.0,0.0,0.0,1.0,0.0,0.0,0.0,0.01,0.0,0.4,0.0,-0.6000000000000001,0.0,0.0378,16.0,25903.0
2026-07-30T18:58:49.378Z,98.861,98.874,0.0,7.4,0.0,0.0,0.0,0.0,0.0,0.0,0.0,0.0,1.0,0.0,0.0,0.0,9.0,4.0,0.0,0.0,0.0,0.0,0.0,0.0,0.0,0.0,2.0,12.0,1.0,12.18,5.0200000000000005,2.51,1.49,1.9,-1.3,0.0,1.8,0.0,-0.2,-0.6000000000000001,-0.7000000000000001,34.300000000000004,0.0,13.0,61.8,0.0,20.9,33.0,32.9,33.800000000000004,300.0,300.0,30.700000000000003,34.5,31.8,31.3,33.0,4.96,1.99,4.96,0.16,0.0,0.0,1027.0,8228.0,0.0,0.0,0.0,0.0,0.0,1.0,0.0,0.0,0.0,0.011,0.0,-0.1,0.0,-1.3,0.0,0.0406,16.0,25903.0
2026-07-30T18:58:49.390Z,98.873,98.886,0.0,7.4,0.0,0.0,0.0,0.0,0.0,0.0,0.0,0.0,1.0,0.0,0.0,0.0,9.0,4.0,0.0,0.0,0.0,0.0,0.0,0.0,0.0,0.0,2.0,12.0,1.0,12.18,5.0200000000000005,2.51,1.49,1.9,-0.6000000000000001,0.0,1.8,0.0,0.3,0.0,-0.1,26.5,0.0,15.0,84.2,0.0,20.9,33.0,32.9,33.800000000000004,300.0,300.0,30.700000000000003,34.5,31.8,31.3,33.0,4.95,1.99,4.96,0.16,0.0,0.0,1027.0,8228.0,0.0,0.0,0.0,0.0,0.0,1.0,0.0,0.0,0.0,0.012,0.0,-0.1,0.0,1.2000000000000002,0.0,0.0447,16.0,25903.0
2026-07-30T18:58:49.402Z,98.885,98.898,0.0,7.4,0.0,0.0,0.0,0.0,0.0,0.0,0.0,0.0,1.0,0.0,0.0,0.0,9.0,4.0,0.0,0.0,0.0,0.0,0.0,0.0,0.0,0.0,3.0,12.0,1.0,12.18,5.0200000000000005,2.51,1.49,1.9,0.1,0.0,1.9,0.0,-0.2,0.0,0.3,17.6,0.0,16.0,108.1,0.0,20.9,33.0,32.9,33.800000000000004,300.0,300.0,30.700000000000003,34.5,31.8,31.3,33.0,4.96,1.99,4.96,0.16,0.0,0.0,1027.0,8228.0,0.0,0.0,0.0,0.0,0.0,1.0,0.0,0.0,0.0,0.013,0.0,-0.4,0.0,-0.6000000000000001,0.0,0.0493,16.0,25903.0
2026-07-30T18:58:49.414Z,98.897,98.91,0.0,7.4,0.0,0.0,0.0,0.0,0.0,0.0,0.0,0.0,1.0,0.0,0.0,0.0,9.0,4.0,0.0,0.0,0.0,0.0,0.0,0.0,0.0,0.0,5.0,12.0,1.0,12.18,5.0200000000000005,2.51,1.49,1.2000000000000002,1.0,0.0,1.9,0.0,-0.2,0.0,-0.7000000000000001,7.5,0.0,17.0,133.1,0.0,20.9,33.0,32.9,33.800000000000004,300.0,300.0,30.700000000000003,34.5,31.8,31.3,33.0,4.95,2.0,4.97,0.16,0.0,0.0,1027.0,8228.0,0.0,0.0,0.0,0.0,0.0,1.0,0.0,0.0,0.0,0.013,0.0,-0.6000000000000001,0.0,-0.4,0.0,0.0529,16.0,25903.0
2026-07-30T18:58:49.426Z,98.909,98.922,0.0,7.4,0.0,0.0,0.0,0.0,0.0,0.0,0.0,0.0,1.0,0.0,0.0,0.0,9.0,4.0,0.0,0.0,0.0,0.0,0.0,0.0,0.0,0.0,6.0,12.0,1.0,12.18,5.0200000000000005,2.51,1.49,0.2,1.9,0.0,2.1,0.0,0.3,0.0,0.4,-3.6,0.0,19.0,157.8,0.0,20.9,33.0,32.9,33.800000000000004,300.0,300.0,30.700000000000003,34.5,31.8,31.3,33.0,4.95,1.99,4.97,0.16,0.0,0.0,1027.0,8228.0,0.0,0.0,0.0,0.0,0.0,1.0,0.0,0.0,0.0,0.014,0.0,0.3,0.0,-1.0,0.0,0.0559,16.0,25903.0
2026-07-30T18:58:49.438Z,98.921,98.934,0.0,7.4,0.0,0.0,0.0,0.0,0.0,0.0,0.0,0.0,1.0,0.0,0.0,0.0,9.0,4.0,0.0,0.0,0.0,0.0,0.0,0.0,0.0,0.0,1.0,12.0,1.0,12.18,5.0200000000000005,2.51,1.49,-0.9,2.6,0.0,2.1,0.0,0.3,0.5,-0.1,-11.4,0.0,20.0,183.9,0.0,20.9,33.0,32.9,33.800000000000004,300.0,300.0,30.700000000000003,34.5,31.8,31.3,33.0,4.95,1.99,4.97,0.16,0.0,0.0,1027.0,8228.0,0.0,0.0,0.0,0.0,0.0,1.0,0.0,0.0,0.0,0.014,0.0,0.5,0.0,0.0,0.0,0.0561,16.0,25903.0
2026-07-30T18:58:49.450Z,98.933,98.946,0.0,7.4,0.0,0.0,0.0,0.0,0.0,0.0,0.0,0.0,1.0,0.0,0.0,0.0,9.0,4.0,0.0,0.0,0.0,0.0,0.0,0.0,0.0,0.0,2.0,12.0,1.0,12.15,5.0200000000000005,2.51,1.5,-2.0,2.5,0.0,2.2,0.0,-0.2,-0.6000000000000001,-0.2,1.2000000000000002,0.0,21.0,211.9,0.0,21.700000000000003,32.9,32.9,33.7,300.0,300.0,30.6,34.4,31.8,31.3,33.0,4.96,1.99,4.96,0.16,0.0,0.0,1027.0,8228.0,0.0,0.0,0.0,0.0,0.0,1.0,0.0,0.0,0.0,0.015,0.0,-0.6000000000000001,0.0,0.6000000000000001,0.0,0.0582,16.0,25903.0
2026-07-30T18:58:49.462Z,98.945,98.958,0.0,7.4,0.0,0.0,0.0,0.0,0.0,0.0,0.0,0.0,1.0,0.0,0.0,0.0,9.0,4.0,0.0,0.0,0.0,0.0,0.0,0.0,0.0,0.0,4.0,12.0,1.0,12.15,5.0200000000000005,2.51,1.5,-2.8000000000000003,2.0,0.0,2.3000000000000003,0.0,-0.2,-1.2000000000000002,-0.2,10.7,0.0,23.0,242.5,0.0,21.700000000000003,32.9,32.9,33.7,300.0,300.0,30.6,34.4,31.8,31.3,33.0,4.95,1.99,4.96,0.16,0.0,0.0,1027.0,8228.0,0.0,0.0,0.0,0.0,0.0,1.0,0.0,0.0,0.0,0.016,0.0,-0.5,0.0,1.4,0.0,0.062,16.0,25903.0
2026-07-30T18:58:49.474Z,98.957,98.97,0.0,7.4,0.0,0.0,0.0,0.0,0.0,0.0,0.0,0.0,1.0,0.0,0.0,0.0,9.0,4.0,0.0,0.0,0.0,0.0,0.0,0.0,0.0,0.0,5.0,12.0,1.0,12.15,5.0200000000000005,2.51,1.5,-2.8000000000000003,0.6000000000000001,0.0,2.6,0.0,-0.2,1.1,0.4,17.2,0.0,24.0,276.3,0.0,21.700000000000003,32.9,32.9,33.7,300.0,300.0,30.6,34.4,31.8,31.3,33.0,4.95,2.0,4.96,0.16,0.0,0.0,1027.0,8228.0,0.0,0.0,0.0,0.0,0.0,1.0,0.0,0.0,0.0,0.018,0.0,-0.5,0.0,-1.4,0.0,0.0672,16.0,25903.0
2026-07-30T18:58:49.486Z,98.969,98.982,0.0,7.4,0.0,0.0,0.0,0.0,0.0,0.0,0.0,0.0,1.0,0.0,0.0,0.0,9.0,4.0,0.0,0.0,0.0,0.0,0.0,0.0,0.0,0.0,6.0,12.0,1.0,12.15,5.0200000000000005,2.51,1.5,-1.9,-1.1,0.0,2.6,0.0,-0.2,0.5,-0.1,20.700000000000003,0.0,26.0,311.1,0.0,21.700000000000003,32.9,32.9,33.7,300.0,300.0,30.6,34.4,31.8,31.3,33.0,4.96,1.99,4.96,0.16,0.0,0.0,1027.0,8228.0,0.0,0.0,0.0,0.0,0.0,1.0,0.0,0.0,0.0,0.019,0.0,-0.1,0.0,-0.5,0.0,0.0743,16.0,25903.0
2026-07-30T18:58:49.499Z,98.982,98.994,0.0,7.4,0.0,0.0,0.0,0.0,0.0,0.0,0.0,0.0,1.0,0.0,0.0,0.0,9.0,4.0,0.0,0.0,0.0,0.0,0.0,0.0,0.0,0.0,1.0,12.0,1.0,12.15,5.0200000000000005,2.51,1.5,-0.2,-2.4000000000000004,0.0,2.7,0.0,0.8,0.5,0.9,21.5,0.0,28.0,344.8,0.0,21.700000000000003,32.9,32.9,33.7,300.0,300.0,30.6,34.4,31.8,31.3,33.0,4.95,1.99,4.96,0.16,0.0,0.0,1027.0,8228.0,0.0,0.0,0.0,0.0,0.0,1.0,0.0,0.0,0.0,0.019,0.0,-1.4,0.0,0.6000000000000001,0.0,0.0777,16.0,25903.0
2026-07-30T18:58:49.510Z,98.993,99.006,0.0,7.4,0.0,0.0,0.0,0.0,0.0,0.0,0.0,0.0,1.0,0.0,0.0,0.0,9.0,4.0,0.0,0.0,0.0,0.0,0.0,0.0,0.0,0.0,2.0,12.0,1.0,12.15,5.0200000000000005,2.51,1.5,1.5,-2.9000000000000004,0.0,2.8000000000000003,0.0,0.3,-0.5,1.6,19.8,0.0,29.0,17.1,0.0,21.700000000000003,32.9,32.9,33.7,300.0,300.0,30.6,34.4,31.8,31.3,33.0,4.96,1.99,4.96,0.16,0.0,0.0,1027.0,8228.0,0.0,0.0,0.0,0.0,0.0,1.0,0.0,0.0,0.0,0.018,0.0,0.2,0.0,1.6,0.0,0.0775,16.0,25903.0
2026-07-30T18:58:49.523Z,99.006,99.018,0.0,7.4,0.0,0.0,0.0,0.0,0.0,0.0,0.0,0.0,1.0,0.0,0.0,0.0,9.0,4.0,0.0,0.0,0.0,0.0,0.0,0.0,0.0,0.0,3.0,12.0,1.0,12.15,5.0200000000000005,2.51,1.5,2.5,-2.4000000000000004,0.0,2.8000000000000003,0.0,-0.8,-0.6000000000000001,-1.3,16.0,0.0,30.0,48.6,0.0,21.700000000000003,32.9,32.9,33.7,300.0,300.0,30.6,34.4,31.8,31.3,33.0,4.96,1.99,4.96,0.16,0.0,0.0,1027.0,8228.0,0.0,0.0,0.0,0.0,0.0,1.0,0.0,0.0,0.0,0.018,0.0,0.0,0.0,-2.0,0.0,0.0744,16.0,25903.0
2026-07-30T18:58:49.534Z,99.017,99.03,0.0,7.4,0.0,0.0,0.0,0.0,0.0,0.0,0.0,0.0,1.0,0.0,0.0,0.0,9.0,4.0,0.0,0.0,0.0,0.0,0.0,0.0,0.0,0.0,4.0,12.0,1.0,12.15,5.0200000000000005,2.51,1.5,2.7,-1.1,0.0,2.7,0.0,-0.8,1.1,1.0,10.1,0.0,31.0,81.0,0.0,21.700000000000003,32.9,32.9,33.7,300.0,300.0,30.6,34.4,31.8,31.3,33.0,4.95,1.99,4.96,0.16,0.0,0.0,1027.0,8228.0,0.0,0.0,0.0,0.0,0.0,1.0,0.0,0.0,0.0,0.018,0.0,0.7000000000000001,0.0,2.0,0.0,0.0721,16.0,25903.0
2026-07-30T18:58:49.547Z,99.03,99.042,0.0,7.4,0.0,0.0,0.0,0.0,0.0,0.0,0.0,0.0,1.0,0.0,0.0,0.0,9.0,4.0,0.0,0.0,0.0,0.0,0.0,0.0,0.0,0.0,6.0,12.0,1.0,12.18,5.0200000000000005,2.51,1.49,2.3000000000000003,0.2,0.0,2.7,0.0,0.3,0.5,0.4,2.3000000000000003,0.0,32.0,112.4,0.0,21.3,32.9,32.9,33.7,300.0,300.0,30.5,34.4,31.8,31.3,33.0,4.95,1.99,4.96,0.16,0.0,0.0,1027.0,8228.0,0.0,0.0,0.0,0.0,0.0,1.0,0.0,0.0,0.0,0.018,0.0,0.7000000000000001,0.0,0.6000000000000001,0.0,0.0731,16.0,25903.0
2026-07-30T18:58:49.558Z,99.041,99.054,0.0,7.4,0.0,0.0,0.0,0.0,0.0,0.0,0.0,0.0,1.0,0.0,0.0,0.0,9.0,4.0,0.0,0.0,0.0,0.0,0.0,0.0,0.0,0.0,1.0,12.0,1.0,12.18,5.0200000000000005,2.51,1.49,1.2000000000000002,1.6,0.0,2.7,0.0,0.3,-0.6000000000000001,-0.2,-7.2,0.0,33.0,142.8,0.0,21.3,32.9,32.9,33.7,300.0,300.0,30.5,34.4,31.8,31.3,33.0,4.96,2.0,4.96,0.16,0.0,0.0,1027.0,8228.0,0.0,0.0,0.0,0.0,0.0,1.0,0.0,0.0,0.0,0.017,0.0,-0.8,0.0,-0.3,0.0,0.072,16.0,25903.0
2026-07-30T18:58:49.570Z,99.053,99.066,0.0,7.4,0.0,0.0,0.0,0.0,0.0,0.0,0.0,0.0,1.0,0.0,0.0,0.0,9.0,4.0,0.0,0.0,0.0,0.0,0.0,0.0,0.0,0.0,2.0,12.0,1.0,12.18,5.0200000000000005,2.51,1.49,-0.1,2.5,0.0,2.7,0.0,0.3,0.0,-1.3,-18.1,0.0,33.0,172.10000000000002,0.0,21.3,32.9,32.9,33.7,300.0,300.0,30.5,34.4,31.8,31.3,33.0,4.96,1.99,4.97,0.16,0.0,0.0,1027.0,8228.0,0.0,0.0,0.0,0.0,0.0,1.0,0.0,0.0,0.0,0.016,0.0,-1.0,0.0,1.2000000000000002,0.0,0.0697,16.0,25903.0
2026-07-30T18:58:49.582Z,99.065,99.078,0.0,7.4,0.0,0.0,0.0,0.0,0.0,0.0,0.0,0.0,1.0,0.0,0.0,0.0,9.0,4.0,0.0,0.0,0.0,0.0,0.0,0.0,0.0,0.0,4.0,12.0,1.0,12.18,5.0200000000000005,2.51,1.49,-1.4,2.6,0.0,2.7,0.0,-0.8,-1.2000000000000002,-0.1,-11.1,0.0,34.0,200.0,0.0,21.3,32.9,32.9,33.7,300.0,300.0,30.5,34.4,31.8,31.3,33.0,4.95,1.99,4.97,0.16,0.0,0.0,1027.0,8228.0,0.0,0.0,0.0,0.0,0.0,1.0,0.0,0.0,0.0,0.016,0.0,-1.4,0.0,0.7000000000000001,0.0,0.0675,16.0,25903.0
2026-07-30T18:58:49.594Z,99.077,99.09,0.0,7.4,0.0,0.0,0.0,0.0,0.0,0.0,0.0,0.0,1.0,0.0,0.0,0.0,9.0,4.0,0.0,0.0,0.0,0.0,0.0,0.0,0.0,0.0,5.0,12.0,1.0,12.18,5.0200000000000005,2.51,1.49,-2.1,2.1,0.0,2.7,0.0,0.2,0.5,-0.2,0.3,0.0,34.0,226.5,0.0,21.3,32.9,32.9,33.7,300.0,300.0,30.5,34.4,31.8,31.3,33.0,4.96,1.99,4.96,0.16,0.0,0.0,1027.0,8228.0,0.0,0.0,0.0,0.0,0.0,1.0,0.0,0.0,0.0,0.015,0.0,0.4,0.0,-0.1,0.0,0.0646,16.0,25903.0
2026-07-30T18:58:49.606Z,99.089,99.102,0.0,7.4,0.0,0.0,0.0,0.0,0.0,0.0,0.0,0.0,1.0,0.0,0.0,0.0,9.0,4.0,0.0,0.0,0.0,0.0,0.0,0.0,0.0,0.0,6.0,12.0,1.0,12.18,5.0200000000000005,2.51,1.49,-2.3000000000000003,1.3,0.0,2.7,0.0,-0.8,-1.2000000000000002,0.3,9.0,0.0,34.0,253.0,0.0,21.3,32.9,32.9,33.7,300.0,300.0,30.5,34.4,31.8,31.3,33.0,4.95,2.0,4.96,0.16,0.0,0.0,1027.0,8228.0,0.0,0.0,0.0,0.0,0.0,1.0,0.0,0.0,0.0,0.014,0.0,-0.6000000000000001,0.0,1.1,0.0,0.061,16.0,25903.0
2026-07-30T18:58:49.618Z,99.101,99.114,0.0,7.4,0.0,0.0,0.0,0.0,0.0,0.0,0.0,0.0,1.0,0.0,0.0,0.0,9.0,4.0,0.0,0.0,0.0,0.0,0.0,0.0,0.0,0.0,1.0,12.0,1.0,12.18,5.0200000000000005,2.51,1.49,-2.1,0.4,0.0,2.6,0.0,-0.2,-0.1,-0.2,15.3,0.0,34.0,275.6,0.0,21.3,32.9,32.9,33.7,300.0,300.0,30.5,34.4,31.8,31.3,33.0,4.95,1.99,4.97,0.16,0.0,0.0,1027.0,8228.0,0.0,0.0,0.0,0.0,0.0,1.0,0.0,0.0,0.0,0.013,0.0,0.2,0.0,0.2,0.0,0.0599,16.0,25903.0
2026-07-30T18:58:49.631Z,99.114,99.126,0.0,7.4,0.0,0.0,0.0,0.0,0.0,0.0,0.0,0.0,1.0,0.0,0.0,0.0,9.0,4.0,0.0,0.0,0.0,0.0,0.0,0.0,0.0,0.0,2.0,12.0,1.0,12.18,5.0200000000000005,2.51,1.49,-1.5,-0.4,0.0,2.7,0.0,0.8,0.0,-0.2,19.4,0.0,34.0,300.3,0.0,21.3,32.9,32.9,33.7,300.0,300.0,30.5,34.4,31.8,31.3,33.0,4.95,2.0,4.97,0.16,0.0,0.0,1027.0,8228.0,0.0,0.0,0.0,0.0,0.0,1.0,0.0,0.0,0.0,0.013,0.0,0.3,0.0,0.0,0.0,0.0549,16.0,25903.0
2026-07-30T18:58:49.642Z,99.125,99.138,0.0,7.4,0.0,0.0,0.0,0.0,0.0,0.0,0.0,0.0,1.0,0.0,0.0,0.0,9.0,4.0,0.0,0.0,0.0,0.0,0.0,0.0,0.0,0.0,3.0,12.0,1.0,12.18,5.0200000000000005,2.51,1.49,-0.8,-1.2000000000000002,0.0,2.6,0.0,-0.9,-1.2000000000000002,-0.2,21.4,0.0,34.0,324.5,0.0,21.3,32.9,32.9,33.7,300.0,300.0,30.5,34.4,31.8,31.3,33.0,4.96,2.0,4.96,0.16,0.0,0.0,1027.0,8228.0,0.0,0.0,0.0,0.0,0.0,1.0,0.0,0.0,0.0,0.013,0.0,1.4,0.0,0.7000000000000001,0.0,0.0542,16.0,25903.0
2026-07-30T18:58:49.656Z,99.139,99.15,0.0,7.4,0.0,0.0,0.0,0.0,0.0,0.0,0.0,0.0,1.0,0.0,0.0,0.0,9.0,4.0,0.0,0.0,0.0,0.0,0.0,0.0,0.0,0.0,5.0,12.0,1.0,12.18,5.01,2.5,1.5,0.0,-1.8,0.0,2.6,0.0,0.8,0.4,0.9,21.6,0.0,34.0,347.8,0.0,21.4,32.9,32.9,33.7,300.0,300.0,30.5,34.5,31.8,31.3,32.9,4.95,1.99,4.96,0.16,0.0,0.0,1027.0,8228.0,0.0,0.0,0.0,0.0,0.0,1.0,0.0,0.0,0.0,0.013,0.0,-1.3,0.0,0.7000000000000001,0.0,0.0549,16.0,25903.0
2026-07-30T18:58:49.671Z,99.154,99.162,0.0,7.4,0.0,0.0,0.0,0.0,0.0,0.0,0.0,0.0,1.0,0.0,0.0,0.0,9.0,4.0,0.0,0.0,0.0,0.0,0.0,0.0,0.0,0.0,5.0,12.0,1.0,12.18,5.01,2.5,1.5,0.8,-1.9,0.0,2.6,0.0,-0.3,-0.6000000000000001,0.9,20.0,0.0,34.0,11.5,0.0,21.4,32.9,32.9,33.7,300.0,300.0,30.5,34.5,31.8,31.3,32.9,4.95,1.99,4.96,0.16,0.0,0.0,1027.0,8228.0,0.0,0.0,0.0,0.0,0.0,1.0,0.0,0.0,0.0,0.013,0.0,0.4,0.0,0.9,0.0,0.0536,16.0,25903.0
2026-07-30T18:58:49.678Z,99.161,99.174,0.0,7.4,0.0,0.0,0.0,0.0,0.0,0.0,0.0,0.0,1.0,0.0,0.0,0.0,9.0,4.0,0.0,0.0,0.0,0.0,0.0,0.0,0.0,0.0,3.0,12.0,1.0,12.18,5.01,2.5,1.5,1.2000000000000002,-1.6,0.0,2.6,0.0,-0.3,-1.2000000000000002,0.4,16.900000000000002,0.0,34.0,33.300000000000004,0.0,21.4,32.9,32.9,33.7,300.0,300.0,30.5,34.5,31.8,31.3,32.9,4.96,2.0,4.96,0.16,0.0,0.0,1027.0,8228.0,0.0,0.0,0.0,0.0,0.0,1.0,0.0,0.0,0.0,0.012,0.0,1.2000000000000002,0.0,-0.3,0.0,0.0535,16.0,25903.0
2026-07-30T18:58:49.690Z,99.173,99.186,0.0,7.4,0.0,0.0,0.0,0.0,0.0,0.0,0.0,0.0,1.0,0.0,0.0,0.0,9.0,4.0,0.0,0.0,0.0,0.0,0.0,0.0,0.0,0.0,5.0,12.0,1.0,12.18,5.01,2.5,1.5,1.5,-1.4,0.0,2.6,0.0,0.2,-0.6000000000000001,-0.7000000000000001,12.5,0.0,33.0,53.5,0.0,21.4,32.9,32.9,33.7,300.0,300.0,30.5,34.5,31.8,31.3,32.9,4.95,2.0,4.96,0.16,0.0,0.0,1027.0,8228.0,0.0,0.0,0.0,0.0,0.0,1.0,0.0,0.0,0.0,0.011,0.0,0.0,0.0,-1.4,0.0,0.0509,16.0,25903.0
2026-07-30T18:58:49.702Z,99.185,99.198,0.0,7.4,0.0,0.0,0.0,0.0,0.0,0.0,0.0,0.0,1.0,0.0,0.0,0.0,9.0,4.0,0.0,0.0,0.0,0.0,0.0,0.0,0.0,0.0,6.0,12.0,1.0,12.18,5.01,2.5,1.5,1.6,-0.9,0.0,2.6,0.0,-0.3,-1.7000000000000002,-1.3,7.0,0.0,33.0,72.7,0.0,21.4,32.9,32.9,33.7,300.0,300.0,30.5,34.5,31.8,31.3,32.9,4.96,1.99,4.97,0.16,0.0,0.0,1027.0,8228.0,0.0,0.0,0.0,0.0,0.0,1.0,0.0,0.0,0.0,0.011,0.0,-0.4,0.0,-3.1,0.0,0.047,16.0,25903.0
2026-07-30T18:58:49.714Z,99.197,99.21,0.0,7.4,0.0,0.0,0.0,0.0,0.0,0.0,0.0,0.0,1.0,0.0,0.0,0.0,9.0,4.0,0.0,0.0,0.0,0.0,0.0,0.0,0.0,0.0,1.0,12.0,1.0,12.18,5.01,2.5,1.5,1.4,-0.3,0.0,2.6,0.0,-0.3,0.5,0.4,0.5,0.0,32.0,90.2,0.0,21.4,32.9,32.9,33.7,300.0,300.0,30.5,34.5,31.8,31.3,32.9,4.96,1.99,4.96,0.16,0.0,0.0,1027.0,8228.0,0.0,0.0,0.0,0.0,0.0,1.0,0.0,0.0,0.0,0.01,0.0,0.4,0.0,0.8,0.0,0.0446,16.0,25903.0
2026-07-30T18:58:49.726Z,99.209,99.222,0.0,7.4,0.0,0.0,0.0,0.0,0.0,0.0,0.0,0.0,1.0,0.0,0.0,0.0,9.0,4.0,0.0,0.0,0.0,0.0,0.0,0.0,0.0,0.0,2.0,12.0,1.0,12.18,5.01,2.5,1.5,1.2000000000000002,0.0,0.0,2.5,0.0,-0.3,-0.5,-0.1,-6.6000000000000005,0.0,32.0,105.9,0.0,21.4,32.9,32.9,33.7,300.0,300.0,30.5,34.5,31.8,31.3,32.9,4.96,1.99,4.96,0.16,0.0,0.0,1027.0,8228.0,0.0,0.0,0.0,0.0,0.0,1.0,0.0,0.0,0.0,0.009,0.0,-0.3,0.0,-0.6000000000000001,0.0,0.041,16.0,25903.0
2026-07-30T18:58:49.738Z,99.221,99.234,0.0,7.4,0.0,0.0,0.0,0.0,0.0,0.0,0.0,0.0,1.0,0.0,0.0,0.0,9.0,4.0,0.0,0.0,0.0,0.0,0.0,0.0,0.0,0.0,3.0,12.0,1.0,12.18,5.01,2.5,1.5,0.9,0.3,0.0,2.5,0.0,0.2,0.0,0.4,-14.4,0.0,31.0,121.0,0.0,21.4,32.9,32.9,33.7,300.0,300.0,30.5,34.5,31.8,31.3,32.9,4.95,1.99,4.97,0.16,0.0,0.0,1027.0,8228.0,0.0,0.0,0.0,0.0,0.0,1.0,0.0,0.0,0.0,0.008,0.0,0.4,0.0,0.0,0.0,0.0371,16.0,25903.0
2026-07-30T18:58:49.751Z,99.234,99.246,0.0,7.4,0.0,0.0,0.0,0.0,0.0,0.0,0.0,0.0,1.0,0.0,0.0,0.0,9.0,4.0,0.0,0.0,0.0,0.0,0.0,0.0,0.0,0.0,4.0,12.0,1.0,12.18,5.01,2.5,1.49,0.6000000000000001,0.6000000000000001,0.0,2.5,0.0,0.2,-0.6000000000000001,-1.3,-22.6,0.0,30.0,134.9,0.0,21.0,32.9,32.9,33.7,300.0,300.0,30.5,34.4,31.8,31.3,32.9,4.96,1.99,4.96,0.16,0.0,0.0,1027.0,8228.0,0.0,0.0,0.0,0.0,0.0,1.0,0.0,0.0,0.0,0.008,0.0,-1.9,0.0,-0.1,0.0,0.0349,16.0,25903.0
2026-07-30T18:58:49.762Z,99.245,99.258,0.0,7.4,0.0,0.0,0.0,0.0,0.0,0.0,0.0,0.0,1.0,0.0,0.0,0.0,9.0,4.0,0.0,0.0,0.0,0.0,0.0,0.0,0.0,0.0,5.0,12.0,1.0,12.18,5.01,2.5,1.49,0.3,0.8,0.0,2.5,0.0,0.2,0.0,0.4,-31.3,0.0,29.0,148.0,0.0,21.0,32.9,32.9,33.7,300.0,300.0,30.5,34.4,31.8,31.3,32.9,4.96,2.0,4.96,0.16,0.0,0.0,1027.0,8228.0,0.0,0.0,0.0,0.0,0.0,1.0,0.0,0.0,0.0,0.007,0.0,0.4,0.0,-0.2,0.0,0.0326,16.0,25903.0
2026-07-30T18:58:49.774Z,99.257,99.27,0.0,7.4,0.0,0.0,0.0,0.0,0.0,0.0,0.0,0.0,1.0,0.0,0.0,0.0,9.0,4.0,0.0,0.0,0.0,0.0,0.0,0.0,0.0,0.0,6.0,12.0,1.0,12.18,5.01,2.5,1.49,0.1,1.0,0.0,2.4000000000000004,0.0,0.2,0.0,0.0,-40.2,0.0,28.0,160.9,0.0,21.0,32.9,32.9,33.7,300.0,300.0,30.5,34.4,31.8,31.3,32.9,4.95,1.98,4.96,0.16,0.0,0.0,1027.0,8228.0,0.0,0.0,0.0,0.0,0.0,1.0,0.0,0.0,0.0,0.007,0.0,0.0,0.0,0.0,0.0,0.0303,16.0,25903.0
2026-07-30T18:58:49.787Z,99.27,99.282,0.0,7.4,0.0,0.0,0.0,0.0,0.0,0.0,0.0,0.0,1.0,0.0,0.0,0.0,9.0,4.0,0.0,0.0,0.0,0.0,0.0,0.0,0.0,0.0,1.0,12.0,1.0,12.18,5.01,2.5,1.49,-0.2,1.3,0.0,2.4000000000000004,0.0,-0.3,-1.1,0.0,-49.5,0.0,28.0,174.8,0.0,21.0,32.9,32.9,33.7,300.0,300.0,30.5,34.4,31.8,31.3,32.9,4.95,1.98,4.97,0.16,0.0,0.0,1027.0,8228.0,0.0,0.0,0.0,0.0,0.0,1.0,0.0,0.0,0.0,0.007,0.0,-1.3,0.0,0.0,0.0,0.0295,16.0,25903.0
2026-07-30T18:58:49.798Z,99.281,99.294,0.0,7.4,0.0,0.0,0.0,0.0,0.0,0.0,0.0,0.0,1.0,0.0,0.0,0.0,9.0,4.0,0.0,0.0,0.0,0.0,0.0,0.0,0.0,0.0,3.0,12.0,1.0,12.18,5.01,2.5,1.49,-0.5,1.3,0.0,2.5,0.0,0.2,0.0,2.8000000000000003,-42.0,0.0,27.0,189.2,0.0,21.0,32.9,32.9,33.7,300.0,300.0,30.5,34.4,31.8,31.3,32.9,4.96,1.99,4.96,0.16,0.0,0.0,1027.0,8228.0,0.0,0.0,0.0,0.0,0.0,1.0,0.0,0.0,0.0,0.008,0.0,1.2000000000000002,0.0,-3.1,0.0,0.0308,16.0,25903.0
2026-07-30T18:58:49.810Z,99.293,99.306,0.0,7.4,0.0,0.0,0.0,0.0,0.0,0.0,0.0,0.0,1.0,0.0,0.0,0.0,9.0,4.0,0.0,0.0,0.0,0.0,0.0,0.0,0.0,0.0,4.0,12.0,1.0,12.18,5.01,2.5,1.49,-0.7000000000000001,1.2000000000000002,0.0,2.5,0.0,-0.3,1.2000000000000002,0.0,-27.0,0.0,27.0,202.5,0.0,21.0,32.9,32.9,33.7,300.0,300.0,30.5,34.4,31.8,31.3,32.9,4.96,1.99,4.97,0.15,0.0,0.0,1027.0,8228.0,0.0,0.0,0.0,0.0,0.0,1.0,0.0,0.0,0.0,0.007,0.0,1.3,0.0,-0.4,0.0,0.0323,16.0,25903.0
2026-07-30T18:58:49.822Z,99.305,99.318,0.0,7.4,0.0,0.0,0.0,0.0,0.0,0.0,0.0,0.0,1.0,0.0,0.0,0.0,9.0,4.0,0.0,0.0,0.0,0.0,0.0,0.0,0.0,0.0,5.0,12.0,1.0,12.18,5.01,2.5,1.49,-0.7000000000000001,0.9,0.0,2.4000000000000004,0.0,-0.2,-0.5,-0.6000000000000001,-14.0,0.0,26.0,214.1,0.0,21.0,32.9,32.9,33.7,300.0,300.0,30.5,34.4,31.8,31.3,32.9,4.95,2.0,4.97,0.16,0.0,0.0,1027.0,8228.0,0.0,0.0,0.0,0.0,0.0,1.0,0.0,0.0,0.0,0.006,0.0,-0.4,0.0,1.0,0.0,0.031,16.0,25903.0
2026-07-30T18:58:49.835Z,99.318,99.33,0.0,7.4,0.0,0.0,0.0,0.0,0.0,0.0,0.0,0.0,1.0,0.0,0.0,0.0,9.0,4.0,0.0,0.0,0.0,0.0,0.0,0.0,0.0,0.0,6.0,12.0,1.0,12.18,5.01,2.5,1.49,-0.7000000000000001,0.8,0.0,2.4000000000000004,0.0,0.8,0.0,0.5,-2.8000000000000003,0.0,25.0,224.3,0.0,21.0,32.9,32.9,33.7,300.0,300.0,30.5,34.4,31.8,31.3,32.9,4.95,2.0,4.96,0.16,0.0,0.0,1027.0,8228.0,0.0,0.0,0.0,0.0,0.0,1.0,0.0,0.0,0.0,0.006,0.0,-0.1,0.0,-0.6000000000000001,0.0,0.0277,16.0,25903.0
2026-07-30T18:58:49.846Z,99.329,99.342,0.0,7.4,0.0,0.0,0.0,0.0,0.0,0.0,0.0,0.0,1.0,0.0,0.0,0.0,9.0,4.0,0.0,0.0,0.0,0.0,0.0,0.0,0.0,0.0,1.0,12.0,1.0,12.18,5.01,2.5,1.49,-0.8,0.6000000000000001,0.0,2.4000000000000004,0.0,0.3,0.6000000000000001,0.5,6.9,0.0,24.0,233.7,0.0,21.0,32.9,32.9,33.7,300.0,300.0,30.5,34.4,31.8,31.3,32.9,4.95,2.0,4.97,0.16,0.0,0.0,1027.0,8228.0,0.0,0.0,0.0,0.0,0.0,1.0,0.0,0.0,0.0,0.005,0.0,0.1,0.0,-1.1,0.0,0.0242,16.0,25903.0
2026-07-30T18:58:49.858Z,99.341,99.354,0.0,7.4,0.0,0.0,0.0,0.0,0.0,0.0,0.0,0.0,1.0,0.0,0.0,0.0,9.0,4.0,0.0,0.0,0.0,0.0,0.0,0.0,0.0,0.0,3.0,12.0,1.0,12.17,5.0200000000000005,2.51,1.49,-0.7000000000000001,0.6000000000000001,0.0,2.4000000000000004,0.0,0.2,-0.5,-0.1,15.3,0.0,23.0,242.4,0.0,21.4,32.9,32.9,33.7,300.0,300.0,30.5,34.4,31.8,31.3,32.9,4.95,1.99,4.97,0.16,0.0,0.0,1027.0,8228.0,0.0,0.0,0.0,0.0,0.0,1.0,0.0,0.0,0.0,0.005,0.0,-0.3,0.0,-1.6,0.0,0.0221,16.0,25903.0
2026-07-30T18:58:49.870Z,99.353,99.366,0.0,7.4,0.0,0.0,0.0,0.0,0.0,0.0,0.0,0.0,1.0,0.0,0.0,0.0,9.0,4.0,0.0,0.0,0.0,0.0,0.0,0.0,0.0,0.0,4.0,12.0,1.0,12.17,5.0200000000000005,2.51,1.49,-0.5,0.3,0.0,2.3000000000000003,0.0,0.3,0.0,-0.1,22.4,0.0,22.0,249.8,0.0,21.4,32.9,32.9,33.7,300.0,300.0,30.5,34.4,31.8,31.3,32.9,4.95,1.99,4.97,0.16,0.0,0.0,1027.0,8228.0,0.0,0.0,0.0,0.0,0.0,1.0,0.0,0.0,0.0,0.004,0.0,0.1,0.0,0.0,0.0,0.0203,16.0,25903.0
2026-07-30T18:58:49.882Z,99.365,99.378,0.0,7.4,0.0,0.0,0.0,0.0,0.0,0.0,0.0,0.0,1.0,0.0,0.0,0.0,9.0,4.0,0.0,0.0,0.0,0.0,0.0,0.0,0.0,0.0,5.0,12.0,1.0,12.17,5.0200000000000005,2.51,1.49,-0.2,0.2,0.0,2.4000000000000004,0.0,0.3,0.0,-0.6000000000000001,28.6,0.0,21.0,254.9,0.0,21.4,32.9,32.9,33.7,300.0,300.0,30.5,34.4,31.8,31.3,32.9,4.96,1.99,4.96,0.16,0.0,0.0,1027.0,8228.0,0.0,0.0,0.0,0.0,0.0,1.0,0.0,0.0,0.0,0.003,0.0,0.5,0.0,0.4,0.0,0.0179,16.0,25903.0
2026-07-30T18:58:49.894Z,99.377,99.39,0.0,7.4,0.0,0.0,0.0,0.0,0.0,0.0,0.0,0.0,1.0,0.0,0.0,0.0,9.0,4.0,0.0,0.0,0.0,0.0,0.0,0.0,0.0,0.0,6.0,12.0,1.0,12.17,5.0200000000000005,2.51,1.49,-0.1,0.1,0.0,2.3000000000000003,0.0,0.8,-0.6000000000000001,-0.1,34.1,0.0,20.0,257.5,0.0,21.4,32.9,32.9,33.7,300.0,300.0,30.5,34.4,31.8,31.3,32.9,4.95,2.0,4.97,0.16,0.0,0.0,1027.0,8228.0,0.0,0.0,0.0,0.0,0.0,1.0,0.0,0.0,0.0,0.001,0.0,0.0,0.0,0.7000000000000001,0.0,0.0134,16.0,25903.0
2026-07-30T18:58:49.906Z,99.389,99.402,0.0,7.4,0.0,0.0,0.0,0.0,0.0,0.0,0.0,0.0,1.0,0.0,0.0,0.0,9.0,4.0,0.0,0.0,0.0,0.0,0.0,0.0,0.0,0.0,1.0,12.0,1.0,12.17,5.0200000000000005,2.51,1.49,0.0,0.0,0.0,2.3000000000000003,0.0,0.2,1.2000000000000002,0.5,39.0,0.0,19.0,258.1,0.0,21.4,32.9,32.9,33.7,300.0,300.0,30.5,34.4,31.8,31.3,32.9,4.95,1.99,4.97,0.16,0.0,0.0,1027.0,8228.0,0.0,0.0,0.0,0.0,0.0,1.0,0.0,0.0,0.0,0.0,0.0,0.5,0.0,0.4,0.0,0.0079,16.0,25903.0
2026-07-30T18:58:49.919Z,99.402,99.414,0.0,7.4,0.0,0.0,0.0,0.0,0.0,0.0,0.0,0.0,1.0,0.0,0.0,0.0,9.0,4.0,0.0,0.0,0.0,0.0,0.0,0.0,0.0,0.0,2.0,12.0,1.0,12.17,5.0200000000000005,2.51,1.49,0.1,0.0,0.0,2.3000000000000003,0.0,0.2,0.0,1.6,43.7,0.0,17.0,256.7,0.0,21.4,32.9,32.9,33.7,300.0,300.0,30.5,34.4,31.8,31.3,32.9,4.96,2.0,4.97,0.16,0.0,0.0,1027.0,8228.0,0.0,0.0,0.0,0.0,0.0,1.0,0.0,0.0,0.0,0.0,0.0,0.0,0.0,-1.7000000000000002,0.0,0.0031,16.0,25903.0
2026-07-30T18:58:49.931Z,99.414,99.426,0.0,7.4,0.0,0.0,0.0,0.0,0.0,0.0,0.0,0.0,1.0,0.0,0.0,0.0,9.0,4.0,0.0,0.0,0.0,0.0,0.0,0.0,0.0,0.0,3.0,12.0,1.0,12.17,5.0200000000000005,2.51,1.49,0.3,-0.1,0.0,2.3000000000000003,0.0,0.2,0.0,-0.6000000000000001,48.1,0.0,16.0,253.9,0.0,21.4,32.9,32.9,33.7,300.0,300.0,30.5,34.4,31.8,31.3,32.9,4.95,2.0,4.97,0.16,0.0,0.0,1027.0,8228.0,0.0,0.0,0.0,0.0,0.0,1.0,0.0,0.0,0.0,-0.001,0.0,-0.5,0.0,0.1,0.0,0.0015,16.0,25903.0
2026-07-30T18:58:49.942Z,99.425,99.438,0.0,7.4,0.0,0.0,0.0,0.0,0.0,0.0,0.0,0.0,1.0,0.0,0.0,0.0,9.0,4.0,0.0,0.0,0.0,0.0,0.0,0.0,0.0,0.0,4.0,12.0,1.0,12.17,5.0200000000000005,2.51,1.49,0.3,-0.1,0.0,2.3000000000000003,0.0,0.2,-0.5,0.0,52.5,0.0,14.0,249.6,0.0,21.4,32.9,32.9,33.7,300.0,300.0,30.5,34.4,31.8,31.3,32.9,4.95,1.99,4.96,0.16,0.0,0.0,1027.0,8228.0,0.0,0.0,0.0,0.0,0.0,1.0,0.0,0.0,0.0,-0.002,0.0,0.0,0.0,1.8,0.0,0.0052,16.0,25903.0
2026-07-30T18:58:49.955Z,99.438,99.45,0.0,7.4,0.0,0.0,0.0,0.0,0.0,0.0,0.0,0.0,1.0,0.0,0.0,0.0,9.0,4.0,0.0,0.0,0.0,0.0,0.0,0.0,0.0,0.0,6.0,12.0,1.0,12.17,5.01,2.51,1.49,0.3,-0.2,0.0,2.3000000000000003,0.0,-0.2,0.0,0.4,56.900000000000006,0.0,13.0,244.4,0.0,21.9,32.9,32.9,33.7,300.0,300.0,30.5,34.4,31.700000000000003,31.3,33.0,4.95,2.0,4.96,0.16,0.0,0.0,1027.0,8228.0,0.0,0.0,0.0,0.0,0.0,1.0,0.0,0.0,0.0,-0.002,0.0,-0.2,0.0,-0.5,0.0,0.0085,16.0,25903.0
2026-07-30T18:58:49.973Z,99.456,99.462,0.0,7.4,0.0,0.0,0.0,0.0,0.0,0.0,0.0,0.0,1.0,0.0,0.0,0.0,9.0,4.0,0.0,0.0,0.0,0.0,0.0,0.0,0.0,0.0,1.0,12.0,1.0,12.17,5.01,2.51,1.49,0.2,-0.2,0.0,2.3000000000000003,0.0,0.2,0.0,0.0,61.400000000000006,0.0,11.0,240.0,0.0,21.9,32.9,32.9,33.7,300.0,300.0,30.5,34.4,31.700000000000003,31.3,33.0,4.96,1.99,4.96,0.16,0.0,0.0,1027.0,8228.0,0.0,0.0,0.0,0.0,0.0,1.0,0.0,0.0,0.0,-0.002,0.0,0.0,0.0,0.0,0.0,0.011,16.0,25903.0
2026-07-30T18:58:49.979Z,99.462,99.474,0.0,7.4,0.0,0.0,0.0,0.0,0.0,0.0,0.0,0.0,1.0,0.0,0.0,0.0,9.0,4.0,0.0,0.0,0.0,0.0,0.0,0.0,0.0,0.0,5.0,12.0,1.0,12.17,5.01,2.51,1.49,0.2,-0.1,0.0,2.3000000000000003,0.0,0.8,-0.5,1.1,65.7,0.0,10.0,237.2,0.0,21.9,32.9,32.9,33.7,300.0,300.0,30.5,34.4,31.700000000000003,31.3,33.0,4.95,1.99,4.97,0.16,0.0,0.0,1027.0,8228.0,0.0,0.0,0.0,0.0,0.0,1.0,0.0,0.0,0.0,-0.001,0.0,-0.8,0.0,-0.6000000000000001,0.0,0.0105,16.0,25903.0
2026-07-30T18:58:49.990Z,99.473,99.486,0.0,7.4,0.0,0.0,0.0,0.0,0.0,0.0,0.0,0.0,1.0,0.0,0.0,0.0,9.0,4.0,0.0,0.0,0.0,0.0,0.0,0.0,0.0,0.0,5.0,12.0,1.0,12.17,5.01,2.51,1.49,0.0,0.0,0.0,2.3000000000000003,0.0,0.3,-1.1,0.0,69.9,0.0,9.0,236.0,0.0,21.9,32.9,32.9,33.7,300.0,300.0,30.5,34.4,31.700000000000003,31.3,33.0,4.96,1.99,4.96,0.16,0.0,0.0,1027.0,8228.0,0.0,0.0,0.0,0.0,0.0,1.0,0.0,0.0,0.0,0.0,0.0,-0.6000000000000001,0.0,1.1,0.0,0.0077,16.0,25903.0
2026-07-30T18:58:50.002Z,99.485,99.498,0.0,7.4,0.0,0.0,0.0,0.0,0.0,0.0,0.0,0.0,1.0,0.0,0.0,0.0,9.0,4.0,0.0,0.0,0.0,0.0,0.0,0.0,0.0,0.0,6.0,12.0,1.0,12.17,5.01,2.51,1.49,-0.2,0.1,0.0,2.2,0.0,-0.2,0.6000000000000001,-0.6000000000000001,73.8,0.0,9.0,236.9,0.0,21.9,32.9,32.9,33.7,300.0,300.0,30.5,34.4,31.700000000000003,31.3,33.0,4.96,2.0,4.96,0.16,0.0,0.0,1027.0,8228.0,0.0,0.0,0.0,0.0,0.0,1.0,0.0,0.0,0.0,0.0,0.0,0.7000000000000001,0.0,0.0,0.0,0.004,16.0,25903.0
2026-07-30T18:58:50.014Z,99.497,99.51,0.0,7.4,0.0,0.0,0.0,0.0,0.0,0.0,0.0,0.0,1.0,0.0,0.0,0.0,9.0,4.0,0.0,0.0,0.0,0.0,0.0,0.0,0.0,0.0,1.0,12.0,1.0,12.17,5.01,2.51,1.49,-0.3,0.3,0.0,2.2,0.0,-0.2,0.0,0.5,77.30000000000001,0.0,8.0,239.5,0.0,21.9,32.9,32.9,33.7,300.0,300.0,30.5,34.4,31.700000000000003,31.3,33.0,4.95,1.99,4.96,0.16,0.0,0.0,1027.0,8228.0,0.0,0.0,0.0,0.0,0.0,1.0,0.0,0.0,0.0,0.001,0.0,-0.2,0.0,-0.5,0.0,0.0004,16.0,25903.0
2026-07-30T18:58:50.026Z,99.509,99.522,0.0,7.4,0.0,0.0,0.0,0.0,0.0,0.0,0.0,0.0,1.0,0.0,0.0,0.0,9.0,4.0,0.0,0.0,0.0,0.0,0.0,0.0,0.0,0.0,2.0,12.0,1.0,12.17,5.01,2.51,1.49,-0.4,0.3,0.0,2.2,0.0,0.3,0.0,0.5,80.30000000000001,0.0,8.0,243.7,0.0,21.9,32.9,32.9,33.7,300.0,300.0,30.5,34.4,31.700000000000003,31.3,33.0,4.95,1.99,4.97,0.16,0.0,0.0,1027.0,8228.0,0.0,0.0,0.0,0.0,0.0,1.0,0.0,0.0,0.0,0.002,0.0,-0.3,0.0,-0.5,0.0,0.0044,16.0,25903.0
2026-07-30T18:58:50.038Z,99.521,99.534,0.0,7.4,0.0,0.0,0.0,0.0,0.0,0.0,0.0,0.0,1.0,0.0,0.0,0.0,9.0,4.0,0.0,0.0,0.0,0.0,0.0,0.0,0.0,0.0,3.0,12.0,1.0,12.17,5.01,2.51,1.49,-0.4,0.3,0.0,2.2,0.0,-0.2,-0.5,0.0,82.7,0.0,8.0,248.8,0.0,21.9,32.9,32.9,33.7,300.0,300.0,30.5,34.4,31.700000000000003,31.3,33.0,4.96,2.0,4.96,0.16,0.0,0.0,1027.0,8228.0,0.0,0.0,0.0,0.0,0.0,1.0,0.0,0.0,0.0,0.002,0.0,-0.2,0.0,0.6000000000000001,0.0,0.0082,16.0,25903.0
2026-07-30T18:58:50.050Z,99.533,99.546,0.0,7.4,0.0,0.0,0.0,0.0,0.0,0.0,0.0,0.0,1.0,0.0,0.0,0.0,9.0,4.0,0.0,0.0,0.0,0.0,0.0,0.0,0.0,0.0,4.0,12.0,1.0,12.17,5.01,2.51,1.49,-0.4,0.3,0.0,2.2,0.0,-0.2,0.5,0.5,84.60000000000001,0.0,8.0,254.0,0.0,21.9,32.9,32.9,33.7,300.0,300.0,30.5,34.4,31.700000000000003,31.3,33.0,4.96,1.99,4.97,0.16,0.0,0.0,1027.0,8228.0,0.0,0.0,0.0,0.0,0.0,1.0,0.0,0.0,0.0,0.002,0.0,-0.2,0.0,-1.1,0.0,0.0107,16.0,25903.0
2026-07-30T18:58:50.062Z,99.545,99.558,0.0,7.4,0.0,0.0,0.0,0.0,0.0,0.0,0.0,0.0,1.0,0.0,0.0,0.0,9.0,4.0,0.0,0.0,0.0,0.0,0.0,0.0,0.0,0.0,6.0,12.0,1.0,12.2,5.0200000000000005,2.5,1.49,-0.4,0.2,0.0,2.2,0.0,0.3,0.5,-1.2000000000000002,85.9,0.0,8.0,259.5,0.0,21.700000000000003,32.9,32.9,33.7,300.0,300.0,30.5,34.4,31.700000000000003,31.3,32.9,4.95,1.99,4.97,0.16,0.0,0.0,1027.0,8228.0,0.0,0.0,0.0,0.0,0.0,1.0,0.0,0.0,0.0,0.003,0.0,1.1,0.0,0.2,0.0,0.0117,16.0,25903.0
2026-07-30T18:58:50.074Z,99.557,99.57,0.0,7.4,0.0,0.0,0.0,0.0,0.0,0.0,0.0,0.0,1.0,0.0,0.0,0.0,9.0,4.0,0.0,0.0,0.0,0.0,0.0,0.0,0.0,0.0,1.0,12.0,1.0,12.2,5.0200000000000005,2.5,1.49,-0.5,0.2,0.0,2.2,0.0,-0.2,-1.1,-1.7000000000000002,86.80000000000001,0.0,8.0,265.7,0.0,21.700000000000003,32.9,32.9,33.7,300.0,300.0,30.5,34.4,31.700000000000003,31.3,32.9,4.96,1.99,4.96,0.16,0.0,0.0,1027.0,8228.0,0.0,0.0,0.0,0.0,0.0,1.0,0.0,0.0,0.0,0.003,0.0,1.6,0.0,2.4000000000000004,0.0,0.0121,16.0,25903.0
2026-07-30T18:58:50.086Z,99.569,99.582,-0.1,7.4,0.0,0.0,0.0,0.0,0.0,0.0,0.0,0.0,1.0,0.0,0.0,0.0,9.0,4.0,0.0,0.0,0.0,0.0,0.0,0.0,0.0,0.0,3.0,12.0,1.0,12.2,5.0200000000000005,2.5,1.49,-0.5,0.1,0.0,2.2,0.0,-0.2,0.0,0.0,87.0,0.0,8.0,272.5,0.0,21.700000000000003,32.9,32.9,33.7,300.0,300.0,30.5,34.4,31.700000000000003,31.3,32.9,4.95,1.99,4.96,0.16,0.0,0.0,1027.0,8228.0,0.0,0.0,0.0,0.0,0.0,1.0,0.0,0.0,0.0,0.003,0.0,0.0,0.0,0.0,0.0,0.0136,16.0,25903.0
2026-07-30T18:58:50.098Z,99.581,99.594,0.0,7.4,0.0,0.0,0.0,0.0,0.0,0.0,0.0,0.0,1.0,0.0,0.0,0.0,9.0,4.0,0.0,0.0,0.0,0.0,0.0,0.0,0.0,0.0,4.0,12.0,1.0,12.2,5.0200000000000005,2.5,1.49,-0.7000000000000001,0.2,0.0,2.2,0.0,-0.8,-0.6000000000000001,-0.6000000000000001,86.80000000000001,0.0,8.0,280.0,0.0,21.700000000000003,32.9,32.9,33.7,300.0,300.0,30.5,34.4,31.700000000000003,31.3,32.9,4.95,1.99,4.97,0.17,0.0,0.0,1027.0,8228.0,0.0,0.0,0.0,0.0,0.0,1.0,0.0,0.0,0.0,0.004,0.0,0.8,0.0,0.9,0.0,0.015,16.0,25903.0
2026-07-30T18:58:50.110Z,99.593,99.606,0.0,7.4,0.0,0.0,0.0,0.0,0.0,0.0,0.0,0.0,1.0,0.0,0.0,0.0,9.0,4.0,0.0,0.0,0.0,0.0,0.0,0.0,0.0,0.0,5.0,12.0,1.0,12.2,5.0200000000000005,2.5,1.49,-0.7000000000000001,0.0,0.0,2.2,0.0,-0.2,0.5,-1.2000000000000002,86.0,0.0,8.0,289.2,0.0,21.700000000000003,32.9,32.9,33.7,300.0,300.0,30.5,34.4,31.700000000000003,31.3,32.9,4.95,2.0,4.97,0.16,0.0,0.0,1027.0,8228.0,0.0,0.0,0.0,0.0,0.0,1.0,0.0,0.0,0.0,0.004,0.0,1.2000000000000002,0.0,-0.3,0.0,0.0163,16.0,25903.0
2026-07-30T18:58:50.122Z,99.605,99.618,0.0,7.4,0.0,0.0,0.0,0.0,0.0,0.0,0.0,0.0,1.0,0.0,0.0,0.0,9.0,4.0,0.0,0.0,0.0,0.0,0.0,0.0,0.0,0.0,6.0,12.0,1.0,12.2,5.0200000000000005,2.5,1.49,-0.7000000000000001,-0.1,0.0,2.1,0.0,0.3,-0.5,-0.1,84.4,0.0,9.0,300.1,0.0,21.700000000000003,32.9,32.9,33.7,300.0,300.0,30.5,34.4,31.700000000000003,31.3,32.9,4.96,2.0,4.96,0.16,0.0,0.0,1027.0,8228.0,0.0,0.0,0.0,0.0,0.0,1.0,0.0,0.0,0.0,0.005,0.0,0.4,0.0,0.5,0.0,0.0194,16.0,25903.0
2026-07-30T18:58:50.134Z,99.617,99.63,0.0,7.4,0.0,0.0,0.0,0.0,0.0,0.0,0.0,0.0,1.0,0.0,0.0,0.0,9.0,4.0,0.0,0.0,0.0,0.0,0.0,0.0,0.0,0.0,1.0,12.0,1.0,12.2,5.0200000000000005,2.5,1.49,-0.6000000000000001,-0.4,0.0,2.1,0.0,-0.8,-1.1,-0.1,82.2,0.0,9.0,312.8,0.0,21.700000000000003,32.9,32.9,33.7,300.0,300.0,30.5,34.4,31.700000000000003,31.3,32.9,4.95,1.99,4.96,0.16,0.0,0.0,1027.0,8228.0,0.0,0.0,0.0,0.0,0.0,1.0,0.0,0.0,0.0,0.006,0.0,1.0,0.0,0.9,0.0,0.0235,16.0,25903.0
2026-07-30T18:58:50.146Z,99.629,99.642,0.0,7.4,0.0,0.0,0.0,0.0,0.0,0.0,0.0,0.0,1.0,0.0,0.0,0.0,9.0,4.0,0.0,0.0,0.0,0.0,0.0,0.0,0.0,0.0,2.0,12.0,1.0,12.2,5.0200000000000005,2.5,1.49,-0.4,-0.7000000000000001,0.0,2.1,0.0,-0.2,0.0,-0.1,79.10000000000001,0.0,10.0,326.20000000000005,0.0,21.700000000000003,32.9,32.9,33.7,300.0,300.0,30.5,34.4,31.700000000000003,31.3,32.9,4.95,1.99,4.96,0.16,0.0,0.0,1027.0,8228.0,0.0,0.0,0.0,0.0,0.0,1.0,0.0,0.0,0.0,0.007,0.0,0.1,0.0,0.0,0.0,0.0273,16.0,25903.0
2026-07-30T18:58:50.159Z,99.642,99.654,0.0,7.4,0.0,0.0,0.0,0.0,0.0,0.0,0.0,0.0,1.0,0.0,0.0,0.0,9.0,4.0,0.0,0.0,0.0,0.0,0.0,0.0,0.0,0.0,3.0,12.0,1.0,12.17,5.01,2.51,1.49,-0.2,-0.9,0.0,2.1,0.0,0.9,0.0,-0.1,75.3,0.0,11.0,340.90000000000003,0.0,21.8,32.9,32.800000000000004,33.7,300.0,300.0,30.5,34.4,31.700000000000003,31.3,32.9,4.96,2.0,4.96,0.16,0.0,0.0,1027.0,8228.0,0.0,0.0,0.0,0.0,0.0,1.0,0.0,0.0,0.0,0.008,0.0,0.1,0.0,-0.1,0.0,0.0297,16.0,25903.0
2026-07-30T18:58:50.170Z,99.653,99.666,0.0,7.4,0.0,0.0,0.0,0.0,0.0,0.0,0.0,0.0,1.0,0.0,0.0,0.0,9.0,4.0,0.0,0.0,0.0,0.0,0.0,0.0,0.0,0.0,4.0,12.0,1.0,12.17,5.01,2.51,1.49,0.2,-1.4,0.0,2.1,0.0,-0.8,0.5,0.3,70.60000000000001,0.0,12.0,357.3,0.0,21.8,32.9,32.800000000000004,33.7,300.0,300.0,30.5,34.4,31.700000000000003,31.3,32.9,4.95,2.0,4.96,0.16,0.0,0.0,1027.0,8228.0,0.0,0.0,0.0,0.0,0.0,1.0,0.0,0.0,0.0,0.008,0.0,-0.8,0.0,0.3,0.0,0.0322,16.0,25903.0
2026-07-30T18:58:50.182Z,99.665,99.678,0.0,7.4,0.0,0.0,0.0,0.0,0.0,0.0,0.0,0.0,1.0,0.0,0.0,0.0,9.0,4.0,0.0,0.0,0.0,0.0,0.0,0.0,0.0,0.0,5.0,12.0,1.0,12.17,5.01,2.51,1.49,0.8,-1.7000000000000002,0.0,2.1,0.0,0.2,0.0,-1.4,65.0,0.0,13.0,16.0,0.0,21.8,32.9,32.800000000000004,33.7,300.0,300.0,30.5,34.4,31.700000000000003,31.3,32.9,4.96,1.99,4.96,0.16,0.0,0.0,1027.0,8228.0,0.0,0.0,0.0,0.0,0.0,1.0,0.0,0.0,0.0,0.01,0.0,0.4,0.0,-1.6,0.0,0.0357,16.0,25903.0
2026-07-30T18:58:50.194Z,99.677,99.69,0.0,7.4,0.0,0.0,0.0,0.0,0.0,0.0,0.0,0.0,1.0,0.0,0.0,0.0,9.0,4.0,0.0,0.0,0.0,0.0,0.0,0.0,0.0,0.0,5.0,12.0,1.0,12.17,5.01,2.51,1.49,1.3,-1.6,0.0,2.0,0.0,0.8,0.4,0.9,58.3,0.0,14.0,36.1,0.0,21.8,32.9,32.800000000000004,33.7,300.0,300.0,30.5,34.4,31.700000000000003,31.3,32.9,4.96,1.99,4.96,0.16,0.0,0.0,1027.0,8228.0,0.0,0.0,0.0,0.0,0.0,1.0,0.0,0.0,0.0,0.011,0.0,-0.3,0.0,1.3,0.0,0.0407,16.0,25903.0
2026-07-30T18:58:50.206Z,99.689,99.702,0.0,7.4,0.0,0.0,0.0,0.0,0.0,0.0,0.0,0.0,1.0,0.0,0.0,0.0,9.0,4.0,0.0,0.0,0.0,0.0,0.0,0.0,0.0,0.0,1.0,12.0,1.0,12.17,5.01,2.51,1.49,1.7000000000000002,-1.4,0.0,2.1,0.0,-0.2,0.4,0.8,50.7,0.0,15.0,57.1,0.0,21.8,32.9,32.800000000000004,33.7,300.0,300.0,30.5,34.4,31.700000000000003,31.3,32.9,4.95,1.99,4.96,0.16,0.0,0.0,1027.0,8228.0,0.0,0.0,0.0,0.0,0.0,1.0,0.0,0.0,0.0,0.011,0.0,0.1,0.0,1.3,0.0,0.0444,16.0,25903.0
2026-07-30T18:58:50.218Z,99.701,99.714,0.0,7.4,0.0,0.0,0.0,0.0,0.0,0.0,0.0,0.0,1.0,0.0,0.0,0.0,9.0,4.0,0.0,0.0,0.0,0.0,0.0,0.0,0.0,0.0,2.0,12.0,1.0,12.17,5.01,2.51,1.49,1.9,-0.9,0.0,2.1,0.0,-0.3,0.0,-0.8,42.0,0.0,16.0,79.0,0.0,21.8,32.9,32.800000000000004,33.7,300.0,300.0,30.5,34.4,31.700000000000003,31.3,32.9,4.95,1.99,4.96,0.16,0.0,0.0,1027.0,8228.0,0.0,0.0,0.0,0.0,0.0,1.0,0.0,0.0,0.0,0.012,0.0,-0.7000000000000001,0.0,-0.7000000000000001,0.0,0.0467,16.0,25903.0
2026-07-30T18:58:50.230Z,99.713,99.726,0.0,7.4,0.0,0.0,0.0,0.0,0.0,0.0,0.0,0.0,1.0,0.0,0.0,0.0,9.0,4.0,0.0,0.0,0.0,0.0,0.0,0.0,0.0,0.0,3.0,12.0,1.0,12.17,5.01,2.51,1.49,1.8,-0.2,0.0,2.1,0.0,-0.8,-0.7000000000000001,0.8,32.4,0.0,17.0,101.1,0.0,21.8,32.9,32.800000000000004,33.7,300.0,300.0,30.5,34.4,31.700000000000003,31.3,32.9,4.96,1.99,4.96,0.16,0.0,0.0,1027.0,8228.0,0.0,0.0,0.0,0.0,0.0,1.0,0.0,0.0,0.0,0.012,0.0,0.8,0.0,-0.4,0.0,0.049,16.0,25903.0
2026-07-30T18:58:50.242Z,99.725,99.738,0.0,7.4,0.0,0.0,0.0,0.0,0.0,0.0,0.0,0.0,1.0,0.0,0.0,0.0,9.0,4.0,0.0,0.0,0.0,0.0,0.0,0.0,0.0,0.0,4.0,12.0,1.0,12.17,5.01,2.51,1.49,1.4,0.5,0.0,2.1,0.0,0.2,1.6,-0.8,21.9,0.0,18.0,123.9,0.0,21.8,32.9,32.800000000000004,33.7,300.0,300.0,30.5,34.4,31.700000000000003,31.3,32.9,4.96,2.0,4.97,0.16,0.0,0.0,1027.0,8228.0,0.0,0.0,0.0,0.0,0.0,1.0,0.0,0.0,0.0,0.012,0.0,0.0,0.0,1.6,0.0,0.0499,16.0,25903.0
2026-07-30T18:58:50.254Z,99.737,99.75,0.0,7.4,0.0,0.0,0.0,0.0,0.0,0.0,0.0,0.0,1.0,0.0,0.0,0.0,9.0,4.0,0.0,0.0,0.0,0.0,0.0,0.0,0.0,0.0,5.0,12.0,1.0,12.17,5.01,2.51,1.49,0.7000000000000001,1.5,0.0,2.0,0.0,0.2,-1.3,-0.2,10.4,0.0,19.0,147.70000000000002,0.0,21.8,32.9,32.800000000000004,33.7,300.0,300.0,30.5,34.4,31.700000000000003,31.3,32.9,4.95,1.99,4.97,0.15,0.0,0.0,1027.0,8228.0,0.0,0.0,0.0,0.0,0.0,1.0,0.0,0.0,0.0,0.013,0.0,-1.5,0.0,-0.6000000000000001,0.0,0.051,16.0,25903.0
2026-07-30T18:58:50.266Z,99.749,99.762,0.0,7.4,0.0,0.0,0.0,0.0,0.0,0.0,0.0,0.0,1.0,0.0,0.0,0.0,9.0,4.0,0.0,0.0,0.0,0.0,0.0,0.0,0.0,0.0,6.0,12.0,1.0,12.18,5.0200000000000005,2.51,1.49,-0.1,2.2,0.0,2.0,0.0,0.3,0.4,1.5,-2.0,0.0,20.0,172.5,0.0,21.4,32.9,32.800000000000004,33.7,300.0,300.0,30.5,34.4,31.700000000000003,31.3,32.9,4.95,1.99,4.96,0.16,0.0,0.0,1027.0,8228.0,0.0,0.0,0.0,0.0,0.0,1.0,0.0,0.0,0.0,0.013,0.0,1.6,0.0,-1.3,0.0,0.0532,16.0,25903.0
2026-07-30T18:58:50.278Z,99.761,99.774,0.0,7.4,0.0,0.0,0.0,0.0,0.0,0.0,0.0,0.0,1.0,0.0,0.0,0.0,9.0,4.0,0.0,0.0,0.0,0.0,0.0,0.0,0.0,0.0,1.0,12.0,1.0,12.18,5.0200000000000005,2.51,1.49,-1.3,2.6,0.0,2.2,0.0,0.3,0.5,1.0,3.9,0.0,21.0,199.2,0.0,21.4,32.9,32.800000000000004,33.7,300.0,300.0,30.5,34.4,31.700000000000003,31.3,32.9,4.96,1.99,4.96,0.16,0.0,0.0,1027.0,8228.0,0.0,0.0,0.0,0.0,0.0,1.0,0.0,0.0,0.0,0.014,0.0,0.7000000000000001,0.0,-1.3,0.0,0.0555,16.0,25903.0
2026-07-30T18:58:50.296Z,99.779,99.786,0.0,7.4,0.0,0.0,0.0,0.0,0.0,0.0,0.0,0.0,1.0,0.0,0.0,0.0,9.0,4.0,0.0,0.0,0.0,0.0,0.0,0.0,0.0,0.0,1.0,12.0,1.0,12.18,5.0200000000000005,2.51,1.49,-2.3000000000000003,2.4000000000000004,0.0,2.2,0.0,0.3,0.5,-0.6000000000000001,14.2,0.0,23.0,227.3,0.0,21.4,32.9,32.800000000000004,33.7,300.0,300.0,30.5,34.4,31.700000000000003,31.3,32.9,4.96,1.99,4.97,0.16,0.0,0.0,1027.0,8228.0,0.0,0.0,0.0,0.0,0.0,1.0,0.0,0.0,0.0,0.015,0.0,0.6000000000000001,0.0,0.2,0.0,0.0592,16.0,25903.0
2026-07-30T18:58:50.302Z,99.785,99.798,0.0,7.4,0.0,0.0,0.0,0.0,0.0,0.0,0.0,0.0,1.0,0.0,0.0,0.0,9.0,4.0,0.0,0.0,0.0,0.0,0.0,0.0,0.0,0.0,4.0,12.0,1.0,12.18,5.0200000000000005,2.51,1.49,-2.6,1.4,0.0,2.3000000000000003,0.0,0.9,1.7000000000000002,1.0,21.700000000000003,0.0,24.0,256.8,0.0,21.4,32.9,32.800000000000004,33.7,300.0,300.0,30.5,34.4,31.700000000000003,31.3,32.9,4.95,2.0,4.97,0.16,0.0,0.0,1027.0,8228.0,0.0,0.0,0.0,0.0,0.0,1.0,0.0,0.0,0.0,0.016,0.0,-0.4,0.0,-2.7,0.0,0.0625,16.0,25903.0
2026-07-30T18:58:50.314Z,99.797,99.81,0.0,7.4,0.0,0.0,0.0,0.0,0.0,0.0,0.0,0.0,1.0,0.0,0.0,0.0,9.0,4.0,0.0,0.0,0.0,0.0,0.0,0.0,0.0,0.0,5.0,12.0,1.0,12.18,5.0200000000000005,2.51,1.49,-2.3000000000000003,0.2,0.0,2.3000000000000003,0.0,0.4,0.0,-0.1,26.700000000000003,0.0,25.0,282.90000000000003,0.0,21.4,32.9,32.800000000000004,33.7,300.0,300.0,30.5,34.4,31.700000000000003,31.3,32.9,4.96,2.0,4.96,0.16,0.0,0.0,1027.0,8228.0,0.0,0.0,0.0,0.0,0.0,1.0,0.0,0.0,0.0,0.015,0.0,0.1,0.0,0.0,0.0,0.0659,16.0,25903.0
2026-07-30T18:58:50.326Z,99.809,99.822,0.0,7.4,0.0,0.0,0.0,0.0,0.0,0.0,0.0,0.0,1.0,0.0,0.0,0.0,9.0,4.0,0.0,0.0,0.0,0.0,0.0,0.0,0.0,0.0,6.0,12.0,1.0,12.18,5.0200000000000005,2.51,1.49,-1.3,-0.9,0.0,2.3000000000000003,0.0,-0.1,-0.5,1.6,29.3,0.0,26.0,310.3,0.0,21.4,32.9,32.800000000000004,33.7,300.0,300.0,30.5,34.4,31.700000000000003,31.3,32.9,4.95,2.0,4.97,0.16,0.0,0.0,1027.0,8228.0,0.0,0.0,0.0,0.0,0.0,1.0,0.0,0.0,0.0,0.015,0.0,-1.4,0.0,0.8,0.0,0.0606,16.0,25903.0
2026-07-30T18:58:50.338Z,99.821,99.834,0.0,7.4,0.0,0.0,0.0,0.0,0.0,0.0,0.0,0.0,1.0,0.0,0.0,0.0,9.0,4.0,0.0,0.0,0.0,0.0,0.0,0.0,0.0,0.0,2.0,12.0,1.0,12.18,5.0200000000000005,2.51,1.49,-0.4,-1.7000000000000002,0.0,2.3000000000000003,0.0,0.4,0.0,-0.6000000000000001,29.8,0.0,27.0,336.70000000000005,0.0,21.4,32.9,32.800000000000004,33.7,300.0,300.0,30.5,34.4,31.700000000000003,31.3,32.9,4.95,1.99,4.97,0.16,0.0,0.0,1027.0,8228.0,0.0,0.0,0.0,0.0,0.0,1.0,0.0,0.0,0.0,0.015,0.0,0.6000000000000001,0.0,-0.4,0.0,0.0616,16.0,25903.0
2026-07-30T18:58:50.350Z,99.833,99.846,0.0,7.4,0.0,0.0,0.0,0.0,0.0,0.0,0.0,0.0,1.0,0.0,0.0,0.0,9.0,4.0,0.0,0.0,0.0,0.0,0.0,0.0,0.0,0.0,3.0,12.0,1.0,12.18,5.0200000000000005,2.51,1.49,0.5,-2.1,0.0,2.3000000000000003,0.0,0.4,1.1,1.0,28.4,0.0,27.0,2.2,0.0,21.4,32.9,32.800000000000004,33.7,300.0,300.0,30.5,34.4,31.700000000000003,31.3,32.9,4.95,1.99,4.97,0.16,0.0,0.0,1027.0,8228.0,0.0,0.0,0.0,0.0,0.0,1.0,0.0,0.0,0.0,0.014,0.0,-1.9,0.0,1.1,0.0,0.0605,16.0,25903.0
2026-07-30T18:58:50.363Z,99.846,99.858,0.0,7.4,0.0,0.0,0.0,0.0,0.0,0.0,0.0,0.0,1.0,0.0,0.0,0.0,9.0,4.0,0.0,0.0,0.0,0.0,0.0,0.0,0.0,0.0,4.0,12.0,1.0,12.18,5.01,2.51,1.49,1.4,-2.1,0.0,2.3000000000000003,0.0,0.4,0.0,-0.7000000000000001,25.200000000000003,0.0,28.0,27.8,0.0,21.700000000000003,32.800000000000004,32.800000000000004,33.6,300.0,300.0,30.5,34.5,31.700000000000003,31.3,32.9,4.96,1.99,4.96,0.16,0.0,0.0,1027.0,8228.0,0.0,0.0,0.0,0.0,0.0,1.0,0.0,0.0,0.0,0.014,0.0,0.0,0.0,-0.8,0.0,0.0586,16.0,25903.0
2026-07-30T18:58:50.374Z,99.857,99.87,0.0,7.4,0.0,0.0,0.0,0.0,0.0,0.0,0.0,0.0,1.0,0.0,0.0,0.0,9.0,4.0,0.0,0.0,0.0,0.0,0.0,0.0,0.0,0.0,5.0,12.0,1.0,12.18,5.01,2.51,1.49,2.0,-1.8,0.0,2.3000000000000003,0.0,-0.7000000000000001,-0.6000000000000001,-0.1,20.5,0.0,28.0,52.400000000000006,0.0,21.700000000000003,32.800000000000004,32.800000000000004,33.6,300.0,300.0,30.5,34.5,31.700000000000003,31.3,32.9,4.95,1.99,4.97,0.16,0.0,0.0,1027.0,8228.0,0.0,0.0,0.0,0.0,0.0,1.0,0.0,0.0,0.0,0.014,0.0,0.3,0.0,-0.7000000000000001,0.0,0.058,16.0,25903.0
2026-07-30T18:58:50.386Z,99.869,99.882,0.0,7.4,0.0,0.0,0.0,0.0,0.0,0.0,0.0,0.0,1.0,0.0,0.0,0.0,9.0,4.0,0.0,0.0,0.0,0.0,0.0,0.0,0.0,0.0,6.0,12.0,1.0,12.18,5.01,2.51,1.49,2.1,-1.0,0.0,2.3000000000000003,0.0,-0.7000000000000001,0.0,-0.1,14.2,0.0,29.0,77.5,0.0,21.700000000000003,32.800000000000004,32.800000000000004,33.6,300.0,300.0,30.5,34.5,31.700000000000003,31.3,32.9,4.95,1.99,4.97,0.16,0.0,0.0,1027.0,8228.0,0.0,0.0,0.0,0.0,0.0,1.0,0.0,0.0,0.0,0.014,0.0,-0.1,0.0,-0.1,0.0,0.0564,16.0,25903.0
2026-07-30T18:58:50.398Z,99.881,99.894,0.0,7.4,0.0,0.0,0.0,0.0,0.0,0.0,0.0,0.0,1.0,0.0,0.0,0.0,9.0,4.0,0.0,0.0,0.0,0.0,0.0,0.0,0.0,0.0,2.0,12.0,1.0,12.18,5.01,2.51,1.49,1.8,-0.3,0.0,2.2,0.0,0.3,0.5,1.0,6.7,0.0,29.0,100.5,0.0,21.700000000000003,32.800000000000004,32.800000000000004,33.6,300.0,300.0,30.5,34.5,31.700000000000003,31.3,32.9,4.96,2.0,4.97,0.16,0.0,0.0,1027.0,8228.0,0.0,0.0,0.0,0.0,0.0,1.0,0.0,0.0,0.0,0.013,0.0,1.2000000000000002,0.0,0.9,0.0,0.0568,16.0,25903.0
2026-07-30T18:58:50.410Z,99.893,99.906,0.0,7.4,0.0,0.0,0.0,0.0,0.0,0.0,0.0,0.0,1.0,0.0,0.0,0.0,9.0,4.0,0.0,0.0,0.0,0.0,0.0,0.0,0.0,0.0,3.0,12.0,1.0,12.18,5.01,2.51,1.49,1.4,0.4,0.0,2.3000000000000003,0.0,-0.1,0.0,0.9,-1.8,0.0,29.0,120.9,0.0,21.700000000000003,32.800000000000004,32.800000000000004,33.6,300.0,300.0,30.5,34.5,31.700000000000003,31.3,32.9,4.95,2.0,4.97,0.16,0.0,0.0,1027.0,8228.0,0.0,0.0,0.0,0.0,0.0,1.0,0.0,0.0,0.0,0.012,0.0,1.1,0.0,0.0,0.0,0.0537,16.0,25903.0
2026-07-30T18:58:50.422Z,99.905,99.918,0.0,7.4,0.0,0.0,0.0,0.0,0.0,0.0,0.0,0.0,1.0,0.0,0.0,0.0,9.0,4.0,0.0,0.0,0.0,0.0,0.0,0.0,0.0,0.0,4.0,12.0,1.0,12.18,5.01,2.51,1.49,0.8,0.9,0.0,2.2,0.0,-0.1,0.0,-0.1,-11.1,0.0,29.0,139.5,0.0,21.700000000000003,32.800000000000004,32.800000000000004,33.6,300.0,300.0,30.5,34.5,31.700000000000003,31.3,32.9,4.96,1.99,4.97,0.16,0.0,0.0,1027.0,8228.0,0.0,0.0,0.0,0.0,0.0,1.0,0.0,0.0,0.0,0.01,0.0,-0.2,0.0,0.0,0.0,0.0483,16.0,25903.0
2026-07-30T18:58:50.434Z,99.917,99.93,0.0,7.4,0.0,0.0,0.0,0.0,0.0,0.0,0.0,0.0,1.0,0.0,0.0,0.0,9.0,4.0,0.0,0.0,0.0,0.0,0.0,0.0,0.0,0.0,5.0,12.0,1.0,12.18,5.01,2.51,1.49,0.2,1.2000000000000002,0.0,2.1,0.0,-0.2,-0.6000000000000001,-0.2,-21.1,0.0,29.0,156.60000000000002,0.0,21.700000000000003,32.800000000000004,32.800000000000004,33.6,300.0,300.0,30.5,34.5,31.700000000000003,31.3,32.9,4.96,1.99,4.96,0.16,0.0,0.0,1027.0,8228.0,0.0,0.0,0.0,0.0,0.0,1.0,0.0,0.0,0.0,0.01,0.0,0.4,0.0,1.0,0.0,0.0438,16.0,25903.0
2026-07-30T18:58:50.446Z,99.929,99.942,0.0,7.4,0.0,0.0,0.0,0.0,0.0,0.0,0.0,0.0,1.0,0.0,0.0,0.0,9.0,4.0,0.0,0.0,0.0,0.0,0.0,0.0,0.0,0.0,1.0,12.0,1.0,12.18,5.01,2.51,1.49,-0.2,1.5,0.0,2.2,0.0,-0.7000000000000001,1.1,-0.8,-31.5,0.0,28.0,172.9,0.0,21.700000000000003,32.800000000000004,32.800000000000004,33.6,300.0,300.0,30.5,34.5,31.700000000000003,31.3,32.9,4.95,1.99,4.96,0.16,0.0,0.0,1027.0,8228.0,0.0,0.0,0.0,0.0,0.0,1.0,0.0,0.0,0.0,0.009,0.0,1.6,0.0,-1.3,0.0,0.04,16.0,25903.0
2026-07-30T18:58:50.458Z,99.941,99.954,0.0,7.4,0.0,0.0,0.0,0.0,0.0,0.0,0.0,0.0,1.0,0.0,0.0,0.0,9.0,4.0,0.0,0.0,0.0,0.0,0.0,0.0,0.0,0.0,2.0,12.0,1.0,12.18,5.01,2.51,1.49,-0.7000000000000001,1.6,0.0,2.2,0.0,0.3,-0.6000000000000001,-0.2,-27.3,0.0,28.0,189.3,0.0,21.700000000000003,32.800000000000004,32.800000000000004,33.6,300.0,300.0,30.5,34.5,31.700000000000003,31.3,32.9,4.95,1.99,4.97,0.16,0.0,0.0,1027.0,8228.0,0.0,0.0,0.0,0.0,0.0,1.0,0.0,0.0,0.0,0.009,0.0,0.1,0.0,-0.3,0.0,0.0377,16.0,25903.0
2026-07-30T18:58:50.470Z,99.953,99.966,0.0,7.4,0.0,0.0,0.0,0.0,0.0,0.0,0.0,0.0,1.0,0.0,0.0,0.0,9.0,4.0,0.0,0.0,0.0,0.0,0.0,0.0,0.0,0.0,3.0,12.0,1.0,12.15,5.01,2.51,1.49,-0.9,1.4,0.0,2.2,0.0,-0.2,-0.6000000000000001,-1.9,-13.4,0.0,27.0,204.8,0.0,21.700000000000003,32.800000000000004,32.800000000000004,33.6,300.0,300.0,30.4,34.5,31.700000000000003,31.3,32.9,4.96,1.99,4.96,0.16,0.0,0.0,1027.0,8228.0,0.0,0.0,0.0,0.0,0.0,1.0,0.0,0.0,0.0,0.008,0.0,-0.8,0.0,2.5,0.0,0.0373,16.0,25903.0
2026-07-30T18:58:50.482Z,99.965,99.978,0.0,7.4,0.0,0.0,0.0,0.0,0.0,0.0,0.0,0.0,1.0,0.0,0.0,0.0,9.0,4.0,0.0,0.0,0.0,0.0,0.0,0.0,0.0,0.0,3.0,12.0,1.0,12.15,5.01,2.51,1.49,-1.0,1.2000000000000002,0.0,2.2,0.0,0.9,0.5,1.5,-1.6,0.0,27.0,219.3,0.0,21.700000000000003,32.800000000000004,32.800000000000004,33.6,300.0,300.0,30.4,34.5,31.700000000000003,31.3,32.9,4.96,1.99,4.97,0.16,0.0,0.0,1027.0,8228.0,0.0,0.0,0.0,0.0,0.0,1.0,0.0,0.0,0.0,0.008,0.0,0.1,0.0,-2.1,0.0,0.0358,16.0,25903.0
2026-07-30T18:58:50.494Z,99.977,99.99,0.0,7.4,0.0,0.0,0.0,0.0,0.0,0.0,0.0,0.0,1.0,0.0,0.0,0.0,9.0,4.0,0.0,0.0,0.0,0.0,0.0,0.0,0.0,0.0,5.0,12.0,1.0,12.15,5.01,2.51,1.49,-1.4,1.1,0.0,2.1,0.0,0.9,0.0,0.3,8.1,0.0,26.0,234.4,0.0,21.700000000000003,32.800000000000004,32.800000000000004,33.6,300.0,300.0,30.4,34.5,31.700000000000003,31.3,32.9,4.95,1.99,4.97,0.17,0.0,0.0,1027.0,8228.0,0.0,0.0,0.0,0.0,0.0,1.0,0.0,0.0,0.0,0.008,0.0,-0.2,0.0,-0.2,0.0,0.0336,16.0,25903.0
2026-07-30T18:58:50.506Z,99.989,100.002,0.0,7.4,0.0,0.0,0.0,0.0,0.0,0.0,0.0,0.0,1.0,0.0,0.0,0.0,9.0,4.0,0.0,0.0,0.0,0.0,0.0,0.0,0.0,0.0,6.0,12.0,1.0,12.15,5.01,2.51,1.49,-1.3,0.7000000000000001,0.0,2.1,0.0,0.3,0.0,-0.2,16.1,0.0,26.0,250.3,0.0,21.700000000000003,32.800000000000004,32.800000000000004,33.6,300.0,300.0,30.4,34.5,31.700000000000003,31.3,32.9,4.96,1.99,4.97,0.16,0.0,0.0,1027.0,8228.0,0.0,0.0,0.0,0.0,0.0,1.0,0.0,0.0,0.0,0.008,0.0,0.1,0.0,0.3,0.0,0.0339,16.0,25903.0
2026-07-30T18:58:50.518Z,100.001,100.014,0.0,7.4,0.0,0.0,0.0,0.0,0.0,0.0,0.0,0.0,1.0,0.0,0.0,0.0,9.0,4.0,0.0,0.0,0.0,0.0,0.0,0.0,0.0,0.0,2.0,12.0,1.0,12.15,5.01,2.51,1.49,-1.3,0.5,0.0,2.2,0.0,-0.2,-1.2000000000000002,0.3,22.3,0.0,26.0,265.7,0.0,21.700000000000003,32.800000000000004,32.800000000000004,33.6,300.0,300.0,30.4,34.5,31.700000000000003,31.3,32.9,4.96,1.99,4.96,0.16,0.0,0.0,1027.0,8228.0,0.0,0.0,0.0,0.0,0.0,1.0,0.0,0.0,0.0,0.008,0.0,-0.4,0.0,1.2000000000000002,0.0,0.0355,16.0,25903.0
2026-07-30T18:58:50.530Z,100.013,100.026,0.0,7.4,0.0,0.0,0.0,0.0,0.0,0.0,0.0,0.0,1.0,0.0,0.0,0.0,9.0,4.0,0.0,0.0,0.0,0.0,0.0,0.0,0.0,0.0,3.0,12.0,1.0,12.15,5.01,2.51,1.49,-1.1,0.2,0.0,2.1,0.0,-0.2,0.0,-0.2,27.0,0.0,25.0,279.8,0.0,21.700000000000003,32.800000000000004,32.800000000000004,33.6,300.0,300.0,30.4,34.5,31.700000000000003,31.3,32.9,4.96,1.99,4.97,0.16,0.0,0.0,1027.0,8228.0,0.0,0.0,0.0,0.0,0.0,1.0,0.0,0.0,0.0,0.008,0.0,0.3,0.0,0.2,0.0,0.0353,16.0,25903.0
2026-07-30T18:58:50.542Z,100.025,100.038,0.0,7.4,0.0,0.0,0.0,0.0,0.0,0.0,0.0,0.0,1.0,0.0,0.0,0.0,9.0,4.0,0.0,0.0,0.0,0.0,0.0,0.0,0.0,0.0,4.0,12.0,1.0,12.15,5.01,2.51,1.49,-0.9,0.0,0.0,2.1,0.0,-0.2,1.1,0.2,30.4,0.0,25.0,292.5,0.0,21.700000000000003,32.800000000000004,32.800000000000004,33.6,300.0,300.0,30.4,34.5,31.700000000000003,31.3,32.9,4.95,1.99,4.97,0.16,0.0,0.0,1027.0,8228.0,0.0,0.0,0.0,0.0,0.0,1.0,0.0,0.0,0.0,0.007,0.0,-0.8,0.0,-1.2000000000000002,0.0,0.033,16.0,25903.0
2026-07-30T18:58:50.554Z,100.037,100.05,0.0,7.4,0.0,0.0,0.0,0.0,0.0,0.0,0.0,0.0,1.0,0.0,0.0,0.0,9.0,4.0,0.0,0.0,0.0,0.0,0.0,0.0,0.0,0.0,5.0,12.0,1.0,12.15,5.01,2.51,1.49,-0.6000000000000001,-0.1,0.0,2.1,0.0,-0.2,-1.2000000000000002,-1.4,32.7,0.0,24.0,303.40000000000003,0.0,21.700000000000003,32.800000000000004,32.800000000000004,33.6,300.0,300.0,30.4,34.5,31.700000000000003,31.3,32.9,4.96,1.99,4.96,0.16,0.0,0.0,1027.0,8228.0,0.0,0.0,0.0,0.0,0.0,1.0,0.0,0.0,0.0,0.006,0.0,2.5,0.0,1.0,0.0,0.0299,16.0,25903.0
2026-07-30T18:58:50.567Z,100.05,100.062,0.0,7.4,0.0,0.0,0.0,0.0,0.0,0.0,0.0,0.0,1.0,0.0,0.0,0.0,9.0,4.0,0.0,0.0,0.0,0.0,0.0,0.0,0.0,0.0,6.0,12.0,1.0,12.15,5.01,2.5,1.49,-0.4,-0.2,0.0,2.1,0.0,-2.0,-1.8,-1.5,34.1,0.0,23.0,312.3,0.0,21.700000000000003,32.800000000000004,32.800000000000004,33.6,300.0,300.0,30.5,34.5,31.700000000000003,31.3,32.9,4.96,1.99,4.96,0.16,0.0,0.0,1027.0,8228.0,0.0,0.0,0.0,0.0,0.0,1.0,0.0,0.0,0.0,0.005,0.0,3.1,0.0,1.1,0.0,0.0263,16.0,25903.0
2026-07-30T18:58:50.578Z,100.061,100.074,0.0,7.4,0.0,0.0,0.0,0.0,0.0,0.0,0.0,0.0,1.0,0.0,0.0,0.0,9.0,4.0,0.0,0.0,0.0,0.0,0.0,0.0,0.0,0.0,1.0,12.0,1.0,12.15,5.01,2.5,1.49,-0.2,-0.2,0.0,2.1,0.0,-1.4,0.0,-0.3,34.800000000000004,0.0,22.0,319.0,0.0,21.700000000000003,32.800000000000004,32.800000000000004,33.6,300.0,300.0,30.5,34.5,31.700000000000003,31.3,32.9,4.96,1.99,4.97,0.16,0.0,0.0,1027.0,8228.0,0.0,0.0,0.0,0.0,0.0,1.0,0.0,0.0,0.0,0.004,0.0,0.4,0.0,0.0,0.0,0.0218,16.0,25903.0
2026-07-30T18:58:50.590Z,100.073,100.086,0.0,7.4,0.0,0.0,0.0,0.0,0.0,0.0,0.0,0.0,1.0,0.0,0.0,0.0,9.0,4.0,0.0,0.0,0.0,0.0,0.0,0.0,0.0,0.0,2.0,12.0,1.0,12.15,5.01,2.5,1.49,-0.2,-0.2,0.0,2.1,0.0,0.3,0.5,0.8,35.1,0.0,21.0,324.70000000000005,0.0,21.700000000000003,32.800000000000004,32.800000000000004,33.6,300.0,300.0,30.5,34.5,31.700000000000003,31.3,32.9,4.95,1.99,4.97,0.16,0.0,0.0,1027.0,8228.0,0.0,0.0,0.0,0.0,0.0,1.0,0.0,0.0,0.0,0.003,0.0,-1.3,0.0,0.0,0.0,0.017,16.0,25903.0
2026-07-30T18:58:50.612Z,100.095,100.098,0.0,7.4,0.0,0.0,0.0,0.0,0.0,0.0,0.0,0.0,1.0,0.0,0.0,0.0,9.0,4.0,0.0,0.0,0.0,0.0,0.0,0.0,0.0,0.0,3.0,12.0,1.0,12.15,5.01,2.5,1.49,0.0,-0.2,0.0,2.1,0.0,1.5,0.6000000000000001,0.8,34.9,0.0,20.0,329.3,0.0,21.700000000000003,32.800000000000004,32.800000000000004,33.6,300.0,300.0,30.5,34.5,31.700000000000003,31.3,32.9,4.96,1.99,4.96,0.16,0.0,0.0,1027.0,8228.0,0.0,0.0,0.0,0.0,0.0,1.0,0.0,0.0,0.0,0.002,0.0,-1.4,0.0,0.1,0.0,0.0138,16.0,25903.0
2026-07-30T18:58:50.614Z,100.097,100.11,0.0,7.4,0.0,0.0,0.0,0.0,0.0,0.0,0.0,0.0,1.0,0.0,0.0,0.0,9.0,4.0,0.0,0.0,0.0,0.0,0.0,0.0,0.0,0.0,1.0,12.0,1.0,12.15,5.01,2.5,1.49,0.0,0.0,0.0,2.1,0.0,-0.2,-0.5,-0.9,34.5,0.0,19.0,332.6,0.0,21.700000000000003,32.800000000000004,32.800000000000004,33.6,300.0,300.0,30.5,34.5,31.700000000000003,31.3,32.9,4.95,1.99,4.97,0.16,0.0,0.0,1027.0,8228.0,0.0,0.0,0.0,0.0,0.0,1.0,0.0,0.0,0.0,0.002,0.0,1.5,0.0,-0.2,0.0,0.0113,16.0,25903.0
2026-07-30T18:58:50.626Z,100.109,100.122,0.0,7.4,0.0,0.0,0.0,0.0,0.0,0.0,0.0,0.0,1.0,0.0,0.0,0.0,9.0,4.0,0.0,0.0,0.0,0.0,0.0,0.0,0.0,0.0,1.0,12.0,1.0,12.15,5.01,2.5,1.49,0.0,0.0,0.0,2.0,0.0,0.3,0.0,0.8,33.9,0.0,18.0,334.40000000000003,0.0,21.700000000000003,32.800000000000004,32.800000000000004,33.6,300.0,300.0,30.5,34.5,31.700000000000003,31.3,32.9,4.95,1.99,4.97,0.16,0.0,0.0,1027.0,8228.0,0.0,0.0,0.0,0.0,0.0,1.0,0.0,0.0,0.0,0.001,0.0,-0.8,0.0,0.5,0.0,0.0085,16.0,25903.0
2026-07-30T18:58:50.638Z,100.121,100.134,0.0,7.4,0.0,0.0,0.0,0.0,0.0,0.0,0.0,0.0,1.0,0.0,0.0,0.0,9.0,4.0,0.0,0.0,0.0,0.0,0.0,0.0,0.0,0.0,2.0,12.0,1.0,12.15,5.01,2.5,1.49,0.0,0.0,0.0,2.1,0.0,-0.2,0.6000000000000001,-0.2,33.300000000000004,0.0,17.0,334.5,0.0,21.700000000000003,32.800000000000004,32.800000000000004,33.6,300.0,300.0,30.5,34.5,31.700000000000003,31.3,32.9,4.96,2.0,4.97,0.16,0.0,0.0,1027.0,8228.0,0.0,0.0,0.0,0.0,0.0,1.0,0.0,0.0,0.0,0.0,0.0,-0.3,0.0,-0.5,0.0,0.0052,16.0,25903.0
2026-07-30T18:58:50.651Z,100.134,100.146,0.0,7.4,0.0,0.0,0.0,0.0,0.0,0.0,0.0,0.0,1.0,0.0,0.0,0.0,9.0,4.0,0.0,0.0,0.0,0.0,0.0,0.0,0.0,0.0,3.0,12.0,1.0,12.15,5.01,2.5,1.49,0.0,0.0,0.0,2.0,0.0,-0.2,-0.5,0.2,32.800000000000004,0.0,16.0,333.6,0.0,21.700000000000003,32.800000000000004,32.800000000000004,33.6,300.0,300.0,30.5,34.5,31.700000000000003,31.3,32.9,4.95,2.0,4.96,0.16,0.0,0.0,1027.0,8228.0,0.0,0.0,0.0,0.0,0.0,1.0,0.0,0.0,0.0,0.0,0.0,0.3,0.0,0.4,0.0,0.0017,16.0,25903.0
2026-07-30T18:58:50.662Z,100.145,100.158,0.0,7.4,0.0,0.0,0.0,0.0,0.0,0.0,0.0,0.0,1.0,0.0,0.0,0.0,9.0,4.0,0.0,0.0,0.0,0.0,0.0,0.0,0.0,0.0,4.0,12.0,1.0,12.15,5.01,2.5,1.49,0.0,0.2,0.0,2.0,0.0,-0.2,0.0,-0.3,32.4,0.0,14.0,331.6,0.0,21.700000000000003,32.800000000000004,32.800000000000004,33.6,300.0,300.0,30.5,34.5,31.700000000000003,31.3,32.9,4.95,1.99,4.97,0.16,0.0,0.0,1027.0,8228.0,0.0,0.0,0.0,0.0,0.0,1.0,0.0,0.0,0.0,0.0,0.0,0.3,0.0,-0.2,0.0,0.0011,16.0,25903.0
2026-07-30T18:58:50.674Z,100.157,100.17,0.0,7.4,0.0,0.0,0.0,0.0,0.0,0.0,0.0,0.0,1.0,0.0,0.0,0.0,9.0,4.0,0.0,0.0,0.0,0.0,0.0,0.0,0.0,0.0,6.0,12.0,1.0,12.17,5.0200000000000005,2.5,1.49,0.1,0.2,0.0,2.0,0.0,0.3,0.5,-0.9,32.2,0.0,13.0,329.1,0.0,21.8,32.800000000000004,32.800000000000004,33.6,300.0,300.0,30.5,34.5,31.700000000000003,31.3,32.9,4.95,2.0,4.96,0.16,0.0,0.0,1027.0,8228.0,0.0,0.0,0.0,0.0,0.0,1.0,0.0,0.0,0.0,-0.001,0.0,0.3,0.0,-0.8,0.0,0.0037,16.0,25903.0
2026-07-30T18:58:50.686Z,100.169,100.182,0.0,7.4,0.0,0.0,0.0,0.0,0.0,0.0,0.0,0.0,1.0,0.0,0.0,0.0,9.0,4.0,0.0,0.0,0.0,0.0,0.0,0.0,0.0,0.0,1.0,12.0,1.0,12.17,5.0200000000000005,2.5,1.49,0.0,0.2,0.0,2.0,0.0,0.3,0.0,-0.9,32.2,0.0,12.0,326.40000000000003,0.0,21.8,32.800000000000004,32.800000000000004,33.6,300.0,300.0,30.5,34.5,31.700000000000003,31.3,32.9,4.96,1.99,4.96,0.15,0.0,0.0,1027.0,8228.0,0.0,0.0,0.0,0.0,0.0,1.0,0.0,0.0,0.0,-0.001,0.0,0.9,0.0,-0.4,0.0,0.0052,16.0,25903.0
2026-07-30T18:58:50.698Z,100.181,100.194,0.0,7.4,0.0,0.0,0.0,0.0,0.0,0.0,0.0,0.0,1.0,0.0,0.0,0.0,9.0,4.0,0.0,0.0,0.0,0.0,0.0,0.0,0.0,0.0,2.0,12.0,1.0,12.17,5.0200000000000005,2.5,1.49,0.1,0.1,0.0,2.0,0.0,-0.8,0.5,-0.3,32.4,0.0,11.0,324.1,0.0,21.8,32.800000000000004,32.800000000000004,33.6,300.0,300.0,30.5,34.5,31.700000000000003,31.3,32.9,4.95,1.99,4.97,0.16,0.0,0.0,1027.0,8228.0,0.0,0.0,0.0,0.0,0.0,1.0,0.0,0.0,0.0,-0.001,0.0,0.0,0.0,-0.5,0.0,0.0059,16.0,25903.0
2026-07-30T18:58:50.710Z,100.193,100.206,0.0,7.4,0.0,0.0,0.0,0.0,0.0,0.0,0.0,0.0,1.0,0.0,0.0,0.0,9.0,4.0,0.0,0.0,0.0,0.0,0.0,0.0,0.0,0.0,3.0,12.0,1.0,12.17,5.0200000000000005,2.5,1.49,0.0,0.1,0.0,2.0,0.0,-0.8,-1.2000000000000002,0.2,32.7,0.0,10.0,322.1,0.0,21.8,32.800000000000004,32.800000000000004,33.6,300.0,300.0,30.5,34.5,31.700000000000003,31.3,32.9,4.96,1.99,4.97,0.16,0.0,0.0,1027.0,8228.0,0.0,0.0,0.0,0.0,0.0,1.0,0.0,0.0,0.0,-0.001,0.0,0.8,0.0,0.9,0.0,0.0056,16.0,25903.0
2026-07-30T18:58:50.722Z,100.205,100.218,0.0,7.4,0.0,0.0,0.0,0.0,0.0,0.0,0.0,0.0,1.0,0.0,0.0,0.0,9.0,4.0,0.0,0.0,0.0,0.0,0.0,0.0,0.0,0.0,4.0,12.0,1.0,12.17,5.0200000000000005,2.5,1.49,0.0,0.0,0.0,2.0,0.0,-0.2,-1.2000000000000002,-0.9,33.1,0.0,9.0,321.0,0.0,21.8,32.800000000000004,32.800000000000004,33.6,300.0,300.0,30.5,34.5,31.700000000000003,31.3,32.9,4.96,2.0,4.97,0.16,0.0,0.0,1027.0,8228.0,0.0,0.0,0.0,0.0,0.0,1.0,0.0,0.0,0.0,0.0,0.0,2.0,0.0,0.5,0.0,0.0046,16.0,25903.0
2026-07-30T18:58:50.735Z,100.218,100.23,0.0,7.4,0.0,0.0,0.0,0.0,0.0,0.0,0.0,0.0,1.0,0.0,0.0,0.0,9.0,4.0,0.0,0.0,0.0,0.0,0.0,0.0,0.0,0.0,5.0,12.0,1.0,12.17,5.0200000000000005,2.5,1.49,0.0,0.0,0.0,1.9,0.0,0.3,1.1,-0.8,33.6,0.0,8.0,320.20000000000005,0.0,21.8,32.800000000000004,32.800000000000004,33.6,300.0,300.0,30.5,34.5,31.700000000000003,31.3,32.9,4.95,1.99,4.97,0.16,0.0,0.0,1027.0,8228.0,0.0,0.0,0.0,0.0,0.0,1.0,0.0,0.0,0.0,0.0,0.0,-0.1,0.0,-1.2000000000000002,0.0,0.0033,16.0,25903.0
2026-07-30T18:58:50.747Z,100.23,100.242,0.0,7.4,0.0,0.0,0.0,0.0,0.0,0.0,0.0,0.0,1.0,0.0,0.0,0.0,9.0,4.0,0.0,0.0,0.0,0.0,0.0,0.0,0.0,0.0,6.0,12.0,1.0,12.17,5.0200000000000005,2.5,1.49,0.0,0.0,0.0,2.0,0.0,-0.7000000000000001,-1.1,-1.3,34.1,0.0,7.0,319.8,0.0,21.8,32.800000000000004,32.800000000000004,33.6,300.0,300.0,30.5,34.5,31.700000000000003,31.3,32.9,4.95,1.99,4.97,0.16,0.0,0.0,1027.0,8228.0,0.0,0.0,0.0,0.0,0.0,1.0,0.0,0.0,0.0,0.0,0.0,2.4000000000000004,0.0,0.3,0.0,0.0021,16.0,25903.0
2026-07-30T18:58:50.758Z,100.241,100.254,0.0,7.4,0.0,0.0,0.0,0.0,0.0,0.0,0.0,0.0,1.0,0.0,0.0,0.0,9.0,4.0,0.0,0.0,0.0,0.0,0.0,0.0,0.0,0.0,1.0,12.0,1.0,12.17,5.0200000000000005,2.5,1.49,0.0,0.0,0.0,1.9,0.0,0.3,-0.5,-0.1,34.5,0.0,7.0,319.70000000000005,0.0,21.8,32.800000000000004,32.800000000000004,33.6,300.0,300.0,30.5,34.5,31.700000000000003,31.3,32.9,4.96,1.99,4.96,0.16,0.0,0.0,1027.0,8228.0,0.0,0.0,0.0,0.0,0.0,1.0,0.0,0.0,0.0,0.0,0.0,0.6000000000000001,0.0,0.3,0.0,0.0012,16.0,25903.0
2026-07-30T18:58:50.771Z,100.254,100.266,0.0,7.4,0.0,0.0,0.0,0.0,0.0,0.0,0.0,0.0,1.0,0.0,0.0,0.0,9.0,4.0,0.0,0.0,0.0,0.0,0.0,0.0,0.0,0.0,3.0,12.0,1.0,12.18,5.01,2.51,1.5,0.0,0.0,0.0,2.0,0.0,0.3,0.0,-0.1,34.9,0.0,6.0,320.6,0.0,21.3,32.800000000000004,32.800000000000004,33.6,300.0,300.0,30.6,34.5,31.700000000000003,31.3,32.9,4.96,1.99,4.97,0.16,0.0,0.0,1027.0,8228.0,0.0,0.0,0.0,0.0,0.0,1.0,0.0,0.0,0.0,0.0,0.0,0.1,0.0,0.0,0.0,0.0004,16.0,25903.0
2026-07-30T18:58:50.782Z,100.265,100.278,0.0,7.4,0.0,0.0,0.0,0.0,0.0,0.0,0.0,0.0,1.0,0.0,0.0,0.0,9.0,4.0,0.0,0.0,0.0,0.0,0.0,0.0,0.0,0.0,4.0,12.0,1.0,12.18,5.01,2.51,1.5,-0.1,0.0,0.0,1.9,0.0,-0.8,-0.5,-0.1,35.2,0.0,6.0,322.3,0.0,21.3,32.800000000000004,32.800000000000004,33.6,300.0,300.0,30.6,34.5,31.700000000000003,31.3,32.9,4.95,2.0,4.97,0.16,0.0,0.0,1027.0,8228.0,0.0,0.0,0.0,0.0,0.0,1.0,0.0,0.0,0.0,0.0,0.0,0.6000000000000001,0.0,0.2,0.0,0.0013,16.0,25903.0
2026-07-30T18:58:50.794Z,100.277,100.29,0.0,7.4,0.0,0.0,0.0,0.0,0.0,0.0,0.0,0.0,1.0,0.0,0.0,0.0,9.0,4.0,0.0,0.0,0.0,0.0,0.0,0.0,0.0,0.0,5.0,12.0,1.0,12.18,5.01,2.51,1.5,-0.1,-0.1,0.0,2.0,0.0,-0.7000000000000001,0.6000000000000001,-0.7000000000000001,35.2,0.0,6.0,325.1,0.0,21.3,32.800000000000004,32.800000000000004,33.6,300.0,300.0,30.6,34.5,31.700000000000003,31.3,32.9,4.95,2.0,4.96,0.16,0.0,0.0,1027.0,8228.0,0.0,0.0,0.0,0.0,0.0,1.0,0.0,0.0,0.0,0.001,0.0,0.2,0.0,-0.8,0.0,0.0032,16.0,25903.0
2026-07-30T18:58:50.806Z,100.289,100.302,0.0,7.4,0.0,0.0,0.0,0.0,0.0,0.0,0.0,0.0,1.0,0.0,0.0,0.0,9.0,4.0,0.0,0.0,0.0,0.0,0.0,0.0,0.0,0.0,5.0,12.0,1.0,12.18,5.01,2.51,1.5,-0.1,-0.2,0.0,1.9,0.0,-0.1,-1.1,0.4,35.1,0.0,6.0,329.1,0.0,21.3,32.800000000000004,32.800000000000004,33.6,300.0,300.0,30.6,34.5,31.700000000000003,31.3,32.9,4.95,2.0,4.97,0.16,0.0,0.0,1027.0,8228.0,0.0,0.0,0.0,0.0,0.0,1.0,0.0,0.0,0.0,0.001,0.0,0.7000000000000001,0.0,0.9,0.0,0.0054,16.0,25903.0
2026-07-30T18:58:50.818Z,100.301,100.314,0.0,7.4,0.0,0.0,0.0,0.0,0.0,0.0,0.0,0.0,1.0,0.0,0.0,0.0,9.0,4.0,0.0,0.0,0.0,0.0,0.0,0.0,0.0,0.0,6.0,12.0,1.0,12.18,5.01,2.51,1.5,-0.2,-0.2,0.0,2.0,0.0,-0.1,0.0,0.4,34.6,0.0,6.0,334.0,0.0,21.3,32.800000000000004,32.800000000000004,33.6,300.0,300.0,30.6,34.5,31.700000000000003,31.3,32.9,4.95,1.99,4.97,0.16,0.0,0.0,1027.0,8228.0,0.0,0.0,0.0,0.0,0.0,1.0,0.0,0.0,0.0,0.002,0.0,-0.3,0.0,0.2,0.0,0.008,16.0,25903.0
2026-07-30T18:58:50.830Z,100.313,100.326,0.0,7.4,0.0,0.0,0.0,0.0,0.0,0.0,0.0,0.0,1.0,0.0,0.0,0.0,9.0,4.0,0.0,0.0,0.0,0.0,0.0,0.0,0.0,0.0,1.0,12.0,1.0,12.18,5.01,2.51,1.5,0.0,-0.4,0.0,1.9,0.0,-0.1,1.7000000000000002,-0.1,33.7,0.0,6.0,340.0,0.0,21.3,32.800000000000004,32.800000000000004,33.6,300.0,300.0,30.6,34.5,31.700000000000003,31.3,32.9,4.95,1.99,4.97,0.16,0.0,0.0,1027.0,8228.0,0.0,0.0,0.0,0.0,0.0,1.0,0.0,0.0,0.0,0.003,0.0,-1.8,0.0,-0.7000000000000001,0.0,0.0103,16.0,25903.0
2026-07-30T18:58:50.842Z,100.325,100.338,0.0,7.4,0.0,0.0,0.0,0.0,0.0,0.0,0.0,0.0,1.0,0.0,0.0,0.0,9.0,4.0,0.0,0.0,0.0,0.0,0.0,0.0,0.0,0.0,2.0,12.0,1.0,12.18,5.01,2.51,1.5,0.0,-0.7000000000000001,0.0,2.0,0.0,-0.1,-0.5,0.4,32.4,0.0,6.0,347.70000000000005,0.0,21.3,32.800000000000004,32.800000000000004,33.6,300.0,300.0,30.6,34.5,31.700000000000003,31.3,32.9,4.96,1.99,4.96,0.16,0.0,0.0,1027.0,8228.0,0.0,0.0,0.0,0.0,0.0,1.0,0.0,0.0,0.0,0.004,0.0,0.3,0.0,0.4,0.0,0.0127,16.0,25903.0
2026-07-30T18:58:50.854Z,100.337,100.35,0.0,7.4,0.0,0.0,0.0,0.0,0.0,0.0,0.0,0.0,1.0,0.0,0.0,0.0,9.0,4.0,0.0,0.0,0.0,0.0,0.0,0.0,0.0,0.0,4.0,12.0,1.0,12.18,5.01,2.51,1.5,0.1,-0.8,0.0,1.8,0.0,0.3,-0.6000000000000001,0.4,30.6,0.0,7.0,357.3,0.0,21.3,32.800000000000004,32.800000000000004,33.6,300.0,300.0,30.6,34.5,31.700000000000003,31.3,32.9,4.95,1.99,4.97,0.16,0.0,0.0,1027.0,8228.0,0.0,0.0,0.0,0.0,0.0,1.0,0.0,0.0,0.0,0.005,0.0,0.4,0.0,0.4,0.0,0.016,16.0,25903.0
2026-07-30T18:58:50.866Z,100.349,100.362,0.0,7.4,0.0,0.0,0.0,0.0,0.0,0.0,0.0,0.0,1.0,0.0,0.0,0.0,9.0,4.0,0.0,0.0,0.0,0.0,0.0,0.0,0.0,0.0,5.0,12.0,1.0,12.18,5.01,2.51,1.5,0.3,-0.9,0.0,1.9,0.0,-0.2,-0.5,-1.8,28.200000000000003,0.0,7.0,7.9,0.0,21.3,32.800000000000004,32.800000000000004,33.6,300.0,300.0,30.6,34.5,31.700000000000003,31.3,32.9,4.95,1.99,4.96,0.16,0.0,0.0,1027.0,8228.0,0.0,0.0,0.0,0.0,0.0,1.0,0.0,0.0,0.0,0.005,0.0,1.4,0.0,-2.1,0.0,0.0203,16.0,25903.0
2026-07-30T18:58:50.878Z,100.361,100.374,0.0,7.4,0.0,0.0,0.0,0.0,0.0,0.0,0.0,0.0,1.0,0.0,0.0,0.0,9.0,4.0,0.0,0.0,0.0,0.0,0.0,0.0,0.0,0.0,6.0,12.0,1.0,12.18,5.01,2.5,1.49,0.4,-0.9,0.0,1.9,0.0,-0.1,0.6000000000000001,-0.1,25.200000000000003,0.0,8.0,18.2,0.0,21.4,32.800000000000004,32.800000000000004,33.6,300.0,300.0,30.6,34.4,31.700000000000003,31.3,32.9,4.96,2.0,4.96,0.16,0.0,0.0,1027.0,8228.0,0.0,0.0,0.0,0.0,0.0,1.0,0.0,0.0,0.0,0.005,0.0,-0.6000000000000001,0.0,0.0,0.0,0.0231,16.0,25903.0
2026-07-30T18:58:50.890Z,100.373,100.386,0.0,7.4,0.0,0.0,0.0,0.0,0.0,0.0,0.0,0.0,1.0,0.0,0.0,0.0,9.0,4.0,0.0,0.0,0.0,0.0,0.0,0.0,0.0,0.0,1.0,12.0,1.0,12.18,5.01,2.5,1.49,0.6000000000000001,-0.9,0.0,1.8,0.0,-0.2,0.0,1.0,21.6,0.0,8.0,28.6,0.0,21.4,32.800000000000004,32.800000000000004,33.6,300.0,300.0,30.6,34.4,31.700000000000003,31.3,32.9,4.95,2.0,4.96,0.16,0.0,0.0,1027.0,8228.0,0.0,0.0,0.0,0.0,0.0,1.0,0.0,0.0,0.0,0.005,0.0,0.0,0.0,1.2000000000000002,0.0,0.0236,16.0,25903.0
2026-07-30T18:58:50.902Z,100.385,100.398,0.0,7.4,0.0,0.0,0.0,0.0,0.0,0.0,0.0,0.0,1.0,0.0,0.0,0.0,9.0,4.0,0.0,0.0,0.0,0.0,0.0,0.0,0.0,0.0,2.0,12.0,1.0,12.18,5.01,2.5,1.49,0.7000000000000001,-0.9,0.0,1.8,0.0,0.3,0.0,-0.1,17.6,0.0,9.0,39.6,0.0,21.4,32.800000000000004,32.800000000000004,33.6,300.0,300.0,30.6,34.4,31.700000000000003,31.3,32.9,4.95,1.99,4.97,0.16,0.0,0.0,1027.0,8228.0,0.0,0.0,0.0,0.0,0.0,1.0,0.0,0.0,0.0,0.006,0.0,0.0,0.0,-0.1,0.0,0.0233,16.0,25903.0
2026-07-30T18:58:50.920Z,100.403,100.41,0.0,7.4,0.0,0.0,0.0,0.0,0.0,0.0,0.0,0.0,1.0,0.0,0.0,0.0,9.0,4.0,0.0,0.0,0.0,0.0,0.0,0.0,0.0,0.0,3.0,12.0,1.0,12.18,5.01,2.5,1.49,1.0,-0.9,0.0,1.8,0.0,-0.2,0.0,-1.3,13.0,0.0,9.0,51.8,0.0,21.4,32.800000000000004,32.800000000000004,33.6,300.0,300.0,30.6,34.4,31.700000000000003,31.3,32.9,4.95,2.0,4.96,0.16,0.0,0.0,1027.0,8228.0,0.0,0.0,0.0,0.0,0.0,1.0,0.0,0.0,0.0,0.006,0.0,-0.5,0.0,-1.4,0.0,0.0245,16.0,25903.0
2026-07-30T18:58:50.926Z,100.409,100.422,0.0,7.4,0.0,0.0,0.0,0.0,0.0,0.0,0.0,0.0,1.0,0.0,0.0,0.0,9.0,4.0,0.0,0.0,0.0,0.0,0.0,0.0,0.0,0.0,1.0,12.0,1.0,12.18,5.01,2.5,1.49,1.2000000000000002,-0.8,0.0,1.9,0.0,-0.2,1.2000000000000002,0.4,7.800000000000001,0.0,10.0,65.4,0.0,21.4,32.800000000000004,32.800000000000004,33.6,300.0,300.0,30.6,34.4,31.700000000000003,31.3,32.9,4.96,1.99,4.96,0.16,0.0,0.0,1027.0,8228.0,0.0,0.0,0.0,0.0,0.0,1.0,0.0,0.0,0.0,0.007,0.0,-0.2,0.0,1.6,0.0,0.0267,16.0,25903.0
2026-07-30T18:58:50.938Z,100.421,100.434,0.0,7.4,0.0,0.0,0.0,0.0,0.0,0.0,0.0,0.0,1.0,0.0,0.0,0.0,9.0,4.0,0.0,0.0,0.0,0.0,0.0,0.0,0.0,0.0,1.0,12.0,1.0,12.18,5.01,2.5,1.49,1.3,-0.5,0.0,1.8,0.0,-0.2,0.0,-0.7000000000000001,1.9,0.0,11.0,80.2,0.0,21.4,32.800000000000004,32.800000000000004,33.6,300.0,300.0,30.6,34.4,31.700000000000003,31.3,32.9,4.95,1.99,4.97,0.16,0.0,0.0,1027.0,8228.0,0.0,0.0,0.0,0.0,0.0,1.0,0.0,0.0,0.0,0.008,0.0,-1.4,0.0,-2.7,0.0,0.0296,16.0,25903.0
2026-07-30T18:58:50.950Z,100.433,100.446,0.0,7.4,0.0,0.0,0.0,0.0,0.0,0.0,0.0,0.0,1.0,0.0,0.0,0.0,9.0,4.0,0.0,0.0,0.0,0.0,0.0,0.0,0.0,0.0,2.0,12.0,1.0,12.18,5.01,2.5,1.49,1.4,-0.2,0.0,1.8,0.0,0.9,-0.6000000000000001,-0.6000000000000001,-4.6000000000000005,0.0,12.0,96.1,0.0,21.4,32.800000000000004,32.800000000000004,33.6,300.0,300.0,30.6,34.4,31.700000000000003,31.3,32.9,4.96,1.99,4.96,0.16,0.0,0.0,1027.0,8228.0,0.0,0.0,0.0,0.0,0.0,1.0,0.0,0.0,0.0,0.008,0.0,1.6,0.0,0.0,0.0,0.0327,16.0,25903.0
2026-07-30T18:58:50.962Z,100.445,100.458,0.0,7.4,0.0,0.0,0.0,0.0,0.0,0.0,0.0,0.0,1.0,0.0,0.0,0.0,9.0,4.0,0.0,0.0,0.0,0.0,0.0,0.0,0.0,0.0,3.0,12.0,1.0,12.18,5.01,2.5,1.49,1.3,0.1,0.0,1.8,0.0,0.3,1.1,1.6,-11.9,0.0,12.0,112.9,0.0,21.4,32.800000000000004,32.800000000000004,33.6,300.0,300.0,30.6,34.4,31.700000000000003,31.3,32.9,4.96,2.0,4.96,0.16,0.0,0.0,1027.0,8228.0,0.0,0.0,0.0,0.0,0.0,1.0,0.0,0.0,0.0,0.009,0.0,-0.5,0.0,0.5,0.0,0.0351,16.0,25903.0
2026-07-30T18:58:50.976Z,100.459,100.47,0.0,7.4,0.0,0.0,0.0,0.0,0.0,0.0,0.0,0.0,1.0,0.0,0.0,0.0,9.0,4.0,0.0,0.0,0.0,0.0,0.0,0.0,0.0,0.0,4.0,12.0,1.0,12.15,5.0200000000000005,2.51,1.5,1.0,0.6000000000000001,0.0,1.8,0.0,-0.2,0.0,-0.7000000000000001,-19.9,0.0,13.0,130.6,0.0,21.4,32.800000000000004,32.800000000000004,33.6,300.0,300.0,30.5,34.4,31.700000000000003,31.3,32.9,4.96,1.99,4.96,0.16,0.0,0.0,1027.0,8228.0,0.0,0.0,0.0,0.0,0.0,1.0,0.0,0.0,0.0,0.009,0.0,1.1,0.0,-0.2,0.0,0.0373,16.0,25903.0
2026-07-30T18:58:50.986Z,100.469,100.482,0.0,7.4,0.0,0.0,0.0,0.0,0.0,0.0,0.0,0.0,1.0,0.0,0.0,0.0,9.0,4.0,0.0,0.0,0.0,0.0,0.0,0.0,0.0,0.0,4.0,12.0,1.0,12.15,5.0200000000000005,2.51,1.5,0.6000000000000001,1.1,0.0,1.8,0.0,-0.2,-0.5,-0.6000000000000001,-28.6,0.0,14.0,147.9,0.0,21.4,32.800000000000004,32.800000000000004,33.6,300.0,300.0,30.5,34.4,31.700000000000003,31.3,32.9,4.95,1.99,4.97,0.16,0.0,0.0,1027.0,8228.0,0.0,0.0,0.0,0.0,0.0,1.0,0.0,0.0,0.0,0.009,0.0,-1.2000000000000002,0.0,0.0,0.0,0.0394,16.0,25903.0
2026-07-30T18:58:50.998Z,100.481,100.494,0.0,7.4,0.0,0.0,0.0,0.0,0.0,0.0,0.0,0.0,1.0,0.0,0.0,0.0,9.0,4.0,0.0,0.0,0.0,0.0,0.0,0.0,0.0,0.0,5.0,12.0,1.0,12.15,5.0200000000000005,2.51,1.5,0.0,1.6,0.0,1.8,0.0,0.3,0.6000000000000001,0.0,-38.0,0.0,15.0,165.5,0.0,21.4,32.800000000000004,32.800000000000004,33.6,300.0,300.0,30.5,34.4,31.700000000000003,31.3,32.9,4.96,1.99,4.96,0.16,0.0,0.0,1027.0,8228.0,0.0,0.0,0.0,0.0,0.0,1.0,0.0,0.0,0.0,0.009,0.0,0.6000000000000001,0.0,0.2,0.0,0.0394,16.0,25903.0
2026-07-30T18:58:51.010Z,100.493,100.506,0.0,7.4,0.0,0.0,0.0,0.0,0.0,0.0,0.0,0.0,1.0,0.0,0.0,0.0,9.0,4.0,0.0,0.0,0.0,0.0,0.0,0.0,0.0,0.0,6.0,12.0,1.0,12.15,5.0200000000000005,2.51,1.5,-0.5,1.9,0.0,1.8,0.0,-0.2,0.5,0.0,-41.2,0.0,16.0,184.4,0.0,21.4,32.800000000000004,32.800000000000004,33.6,300.0,300.0,30.5,34.4,31.700000000000003,31.3,32.9,4.96,1.99,4.97,0.16,0.0,0.0,1027.0,8228.0,0.0,0.0,0.0,0.0,0.0,1.0,0.0,0.0,0.0,0.01,0.0,0.6000000000000001,0.0,0.0,0.0,0.0396,16.0,25903.0
2026-07-30T18:58:51.023Z,100.506,100.518,0.0,7.4,0.0,0.0,0.0,0.0,0.0,0.0,0.0,0.0,1.0,0.0,0.0,0.0,9.0,4.0,0.0,0.0,0.0,0.0,0.0,0.0,0.0,0.0,1.0,12.0,1.0,12.15,5.0200000000000005,2.51,1.5,-1.2000000000000002,2.0,0.0,1.8,0.0,-0.2,1.7000000000000002,0.0,-26.200000000000003,0.0,16.0,203.6,0.0,21.4,32.800000000000004,32.800000000000004,33.6,300.0,300.0,30.5,34.4,31.700000000000003,31.3,32.9,4.95,2.0,4.97,0.16,0.0,0.0,1027.0,8228.0,0.0,0.0,0.0,0.0,0.0,1.0,0.0,0.0,0.0,0.01,0.0,1.8,0.0,-0.7000000000000001,0.0,0.0419,16.0,25903.0
2026-07-30T18:58:51.034Z,100.517,100.53,0.0,7.4,0.0,0.0,0.0,0.0,0.0,0.0,0.0,0.0,1.0,0.0,0.0,0.0,9.0,4.0,0.0,0.0,0.0,0.0,0.0,0.0,0.0,0.0,2.0,12.0,1.0,12.15,5.0200000000000005,2.51,1.5,-1.8,1.9,0.0,1.8,0.0,0.3,1.7000000000000002,1.0,-13.7,0.0,17.0,224.8,0.0,21.4,32.800000000000004,32.800000000000004,33.6,300.0,300.0,30.5,34.4,31.700000000000003,31.3,32.9,4.95,2.0,4.97,0.16,0.0,0.0,1027.0,8228.0,0.0,0.0,0.0,0.0,0.0,1.0,0.0,0.0,0.0,0.011,0.0,1.1,0.0,-2.6,0.0,0.0432,16.0,25903.0
2026-07-30T18:58:51.046Z,100.529,100.542,0.0,7.4,0.0,0.0,0.0,0.0,0.0,0.0,0.0,0.0,1.0,0.0,0.0,0.0,9.0,4.0,0.0,0.0,0.0,0.0,0.0,0.0,0.0,0.0,4.0,12.0,1.0,12.15,5.0200000000000005,2.51,1.5,-2.1,1.3,0.0,1.8,0.0,0.4,-1.1,-1.2000000000000002,-3.8,0.0,18.0,249.3,0.0,21.4,32.800000000000004,32.800000000000004,33.6,300.0,300.0,30.5,34.4,31.700000000000003,31.3,32.9,4.96,1.99,4.96,0.16,0.0,0.0,1027.0,8228.0,0.0,0.0,0.0,0.0,0.0,1.0,0.0,0.0,0.0,0.013,0.0,0.4,0.0,2.3000000000000003,0.0,0.0464,16.0,25903.0
2026-07-30T18:58:51.058Z,100.541,100.554,0.0,7.4,0.0,0.0,0.0,0.0,0.0,0.0,0.0,0.0,1.0,0.0,0.0,0.0,9.0,4.0,0.0,0.0,0.0,0.0,0.0,0.0,0.0,0.0,5.0,12.0,1.0,12.15,5.0200000000000005,2.51,1.5,-2.1,0.5,0.0,1.8,0.0,-0.1,1.1,-0.6000000000000001,3.6,0.0,20.0,274.5,0.0,21.4,32.800000000000004,32.800000000000004,33.6,300.0,300.0,30.5,34.4,31.700000000000003,31.3,32.9,4.96,1.99,4.97,0.16,0.0,0.0,1027.0,8228.0,0.0,0.0,0.0,0.0,0.0,1.0,0.0,0.0,0.0,0.014,0.0,0.5,0.0,-1.0,0.0,0.0526,16.0,25903.0
2026-07-30T18:58:51.070Z,100.553,100.566,0.0,7.4,0.0,0.0,0.0,0.0,0.0,0.0,0.0,0.0,1.0,0.0,0.0,0.0,9.0,4.0,0.0,0.0,0.0,0.0,0.0,0.0,0.0,0.0,6.0,12.0,1.0,12.15,5.0200000000000005,2.51,1.5,-1.7000000000000002,-0.4,0.0,1.9,0.0,0.4,0.6000000000000001,1.1,8.6,0.0,21.0,299.2,0.0,21.4,32.800000000000004,32.800000000000004,33.6,300.0,300.0,30.5,34.4,31.700000000000003,31.3,32.9,4.95,1.99,4.97,0.16,0.0,0.0,1027.0,8228.0,0.0,0.0,0.0,0.0,0.0,1.0,0.0,0.0,0.0,0.014,0.0,-1.6,0.0,-0.6000000000000001,0.0,0.0573,16.0,25903.0
2026-07-30T18:58:51.082Z,100.565,100.578,0.0,7.4,0.0,0.0,0.0,0.0,0.0,0.0,0.0,0.0,1.0,0.0,0.0,0.0,9.0,4.0,0.0,0.0,0.0,0.0,0.0,0.0,0.0,0.0,1.0,12.0,1.0,12.18,5.0200000000000005,2.5,1.49,-0.7000000000000001,-1.5,0.0,2.1,0.0,-0.7000000000000001,-1.1,-0.5,11.4,0.0,22.0,326.6,0.0,21.4,32.800000000000004,32.7,33.6,300.0,300.0,30.6,34.5,31.700000000000003,31.200000000000003,32.9,4.96,1.99,4.96,0.16,0.0,0.0,1027.0,8228.0,0.0,0.0,0.0,0.0,0.0,1.0,0.0,0.0,0.0,0.015,0.0,1.7000000000000002,0.0,0.4,0.0,0.0564,16.0,25903.0
2026-07-30T18:58:51.094Z,100.577,100.59,0.0,7.4,0.0,0.0,0.0,0.0,0.0,0.0,0.0,0.0,1.0,0.0,0.0,0.0,9.0,4.0,0.0,0.0,0.0,0.0,0.0,0.0,0.0,0.0,3.0,12.0,1.0,12.18,5.0200000000000005,2.5,1.49,0.4,-2.2,0.0,2.1,0.0,0.3,-0.5,1.7000000000000002,12.0,0.0,23.0,353.0,0.0,21.4,32.800000000000004,32.7,33.6,300.0,300.0,30.6,34.5,31.700000000000003,31.200000000000003,32.9,4.95,1.99,4.96,0.16,0.0,0.0,1027.0,8228.0,0.0,0.0,0.0,0.0,0.0,1.0,0.0,0.0,0.0,0.015,0.0,-0.5,0.0,1.6,0.0,0.0608,16.0,25903.0
2026-07-30T18:58:51.106Z,100.589,100.602,0.0,7.4,0.0,0.0,0.0,0.0,0.0,0.0,0.0,0.0,1.0,0.0,0.0,0.0,9.0,4.0,0.0,0.0,0.0,0.0,0.0,0.0,0.0,0.0,4.0,12.0,1.0,12.18,5.0200000000000005,2.5,1.49,1.3,-2.3000000000000003,0.0,2.1,0.0,-0.2,1.1,-1.2000000000000002,10.6,0.0,24.0,20.700000000000003,0.0,21.4,32.800000000000004,32.7,33.6,300.0,300.0,30.6,34.5,31.700000000000003,31.200000000000003,32.9,4.95,1.99,4.96,0.16,0.0,0.0,1027.0,8228.0,0.0,0.0,0.0,0.0,0.0,1.0,0.0,0.0,0.0,0.015,0.0,-0.9,0.0,-0.9,0.0,0.0606,16.0,25903.0
2026-07-30T18:58:51.118Z,100.601,100.614,0.0,7.4,0.0,0.0,0.0,0.0,0.0,0.0,0.0,0.0,1.0,0.0,0.0,0.0,9.0,4.0,0.0,0.0,0.0,0.0,0.0,0.0,0.0,0.0,5.0,12.0,1.0,12.18,5.0200000000000005,2.5,1.49,2.1,-2.0,0.0,2.2,0.0,0.3,1.1,0.0,7.300000000000001,0.0,25.0,48.900000000000006,0.0,21.4,32.800000000000004,32.7,33.6,300.0,300.0,30.6,34.5,31.700000000000003,31.200000000000003,32.9,4.96,1.99,4.96,0.16,0.0,0.0,1027.0,8228.0,0.0,0.0,0.0,0.0,0.0,1.0,0.0,0.0,0.0,0.015,0.0,-0.8,0.0,0.9,0.0,0.0619,16.0,25903.0
2026-07-30T18:58:51.130Z,100.613,100.626,0.0,7.4,0.0,0.0,0.0,0.0,0.0,0.0,0.0,0.0,1.0,0.0,0.0,0.0,9.0,4.0,0.0,0.0,0.0,0.0,0.0,0.0,0.0,0.0,6.0,12.0,1.0,12.18,5.0200000000000005,2.5,1.49,2.4000000000000004,-1.1,0.0,2.1,0.0,0.3,0.0,1.0,2.1,0.0,26.0,77.60000000000001,0.0,21.4,32.800000000000004,32.7,33.6,300.0,300.0,30.6,34.5,31.700000000000003,31.200000000000003,32.9,4.95,1.99,4.96,0.16,0.0,0.0,1027.0,8228.0,0.0,0.0,0.0,0.0,0.0,1.0,0.0,0.0,0.0,0.016,0.0,0.9,0.0,0.8,0.0,0.0633,16.0,25903.0
2026-07-30T18:58:51.142Z,100.625,100.638,0.0,7.4,0.0,0.0,0.0,0.0,0.0,0.0,0.0,0.0,1.0,0.0,0.0,0.0,9.0,4.0,0.0,0.0,0.0,0.0,0.0,0.0,0.0,0.0,1.0,12.0,1.0,12.18,5.0200000000000005,2.5,1.49,2.2,-0.1,0.0,2.3000000000000003,0.0,-0.2,-0.6000000000000001,-0.7000000000000001,-4.7,0.0,27.0,105.4,0.0,21.4,32.800000000000004,32.7,33.6,300.0,300.0,30.6,34.5,31.700000000000003,31.200000000000003,32.9,4.95,1.99,4.97,0.16,0.0,0.0,1027.0,8228.0,0.0,0.0,0.0,0.0,0.0,1.0,0.0,0.0,0.0,0.015,0.0,-0.9,0.0,-0.8,0.0,0.0648,16.0,25903.0
2026-07-30T18:58:51.154Z,100.637,100.65,0.0,7.4,0.0,0.0,0.0,0.0,0.0,0.0,0.0,0.0,1.0,0.0,0.0,0.0,9.0,4.0,0.0,0.0,0.0,0.0,0.0,0.0,0.0,0.0,2.0,12.0,1.0,12.18,5.0200000000000005,2.5,1.49,1.4,1.0,0.0,2.2,0.0,-0.2,0.0,-0.1,-13.0,0.0,28.0,130.6,0.0,21.4,32.800000000000004,32.7,33.6,300.0,300.0,30.6,34.5,31.700000000000003,31.200000000000003,32.9,4.95,1.99,4.96,0.16,0.0,0.0,1027.0,8228.0,0.0,0.0,0.0,0.0,0.0,1.0,0.0,0.0,0.0,0.014,0.0,-0.1,0.0,0.0,0.0,0.0639,16.0,25903.0
2026-07-30T18:58:51.166Z,100.649,100.662,0.0,7.4,0.0,0.0,0.0,0.0,0.0,0.0,0.0,0.0,1.0,0.0,0.0,0.0,9.0,4.0,0.0,0.0,0.0,0.0,0.0,0.0,0.0,0.0,3.0,12.0,1.0,12.18,5.0200000000000005,2.5,1.49,0.4,1.9,0.0,2.2,0.0,-0.2,0.0,0.4,-22.4,0.0,28.0,154.3,0.0,21.4,32.800000000000004,32.7,33.6,300.0,300.0,30.6,34.5,31.700000000000003,31.200000000000003,32.9,4.95,1.99,4.96,0.16,0.0,0.0,1027.0,8228.0,0.0,0.0,0.0,0.0,0.0,1.0,0.0,0.0,0.0,0.013,0.0,0.4,0.0,-0.3,0.0,0.0591,16.0,25903.0
2026-07-30T18:58:51.180Z,100.663,100.674,0.0,7.4,0.0,0.0,0.0,0.0,0.0,0.0,0.0,0.0,1.0,0.0,0.0,0.0,9.0,4.0,0.0,0.0,0.0,0.0,0.0,0.0,0.0,0.0,4.0,12.0,1.0,12.13,5.0200000000000005,2.5,1.5,-0.6000000000000001,2.3000000000000003,0.0,2.1,0.0,0.3,-0.5,-0.6000000000000001,-32.7,0.0,28.0,176.70000000000002,0.0,21.700000000000003,32.800000000000004,32.7,33.5,300.0,300.0,30.6,34.4,31.6,31.200000000000003,32.9,4.95,1.99,4.97,0.16,0.0,0.0,1027.0,8228.0,0.0,0.0,0.0,0.0,0.0,1.0,0.0,0.0,0.0,0.012,0.0,-1.0,0.0,0.6000000000000001,0.0,0.0552,16.0,25903.0
2026-07-30T18:58:51.190Z,100.673,100.686,0.0,7.4,0.0,0.0,0.0,0.0,0.0,0.0,0.0,0.0,1.0,0.0,0.0,0.0,9.0,4.0,0.0,0.0,0.0,0.0,0.0,0.0,0.0,0.0,5.0,12.0,1.0,12.13,5.0200000000000005,2.5,1.5,-1.3,2.1,0.0,2.1,0.0,0.3,0.0,0.5,-21.3,0.0,29.0,199.1,0.0,21.700000000000003,32.800000000000004,32.7,33.5,300.0,300.0,30.6,34.4,31.6,31.200000000000003,32.9,4.95,1.99,4.97,0.16,0.0,0.0,1027.0,8228.0,0.0,0.0,0.0,0.0,0.0,1.0,0.0,0.0,0.0,0.012,0.0,0.0,0.0,-0.5,0.0,0.0519,16.0,25903.0
2026-07-30T18:58:51.202Z,100.685,100.698,0.0,7.4,0.0,0.0,0.0,0.0,0.0,0.0,0.0,0.0,1.0,0.0,0.0,0.0,9.0,4.0,0.0,0.0,0.0,0.0,0.0,0.0,0.0,0.0,6.0,12.0,1.0,12.13,5.0200000000000005,2.5,1.5,-1.8,1.8,0.0,2.2,0.0,-0.8,0.5,-0.1,-8.8,0.0,29.0,220.9,0.0,21.700000000000003,32.800000000000004,32.7,33.5,300.0,300.0,30.6,34.4,31.6,31.200000000000003,32.9,4.95,1.99,4.96,0.16,0.0,0.0,1027.0,8228.0,0.0,0.0,0.0,0.0,0.0,1.0,0.0,0.0,0.0,0.012,0.0,0.4,0.0,-0.2,0.0,0.0509,16.0,25903.0
2026-07-30T18:58:51.214Z,100.697,100.71,0.0,7.4,0.0,0.0,0.0,0.0,0.0,0.0,0.0,0.0,1.0,0.0,0.0,0.0,9.0,4.0,0.0,0.0,0.0,0.0,0.0,0.0,0.0,0.0,1.0,12.0,1.0,12.13,5.0200000000000005,2.5,1.5,-1.9,1.3,0.0,2.1,0.0,-0.2,-1.1,-0.1,1.0,0.0,29.0,243.6,0.0,21.700000000000003,32.800000000000004,32.7,33.5,300.0,300.0,30.6,34.4,31.6,31.200000000000003,32.9,4.95,1.99,4.96,0.16,0.0,0.0,1027.0,8228.0,0.0,0.0,0.0,0.0,0.0,1.0,0.0,0.0,0.0,0.012,0.0,-0.5,0.0,1.3,0.0,0.0497,16.0,25903.0
2026-07-30T18:58:51.231Z,100.714,100.722,0.0,7.4,0.0,0.0,0.0,0.0,0.0,0.0,0.0,0.0,1.0,0.0,0.0,0.0,9.0,4.0,0.0,0.0,0.0,0.0,0.0,0.0,0.0,0.0,2.0,12.0,1.0,12.13,5.0200000000000005,2.5,1.5,-1.7000000000000002,0.5,0.0,2.2,0.0,-0.2,-0.5,-0.6000000000000001,8.6,0.0,29.0,266.5,0.0,21.700000000000003,32.800000000000004,32.7,33.5,300.0,300.0,30.6,34.4,31.6,31.200000000000003,32.9,4.95,1.99,4.97,0.16,0.0,0.0,1027.0,8228.0,0.0,0.0,0.0,0.0,0.0,1.0,0.0,0.0,0.0,0.012,0.0,0.6000000000000001,0.0,1.0,0.0,0.0509,16.0,25903.0
2026-07-30T18:58:51.239Z,100.722,100.734,0.0,7.4,0.0,0.0,0.0,0.0,0.0,0.0,0.0,0.0,1.0,0.0,0.0,0.0,9.0,4.0,0.0,0.0,0.0,0.0,0.0,0.0,0.0,0.0,1.0,12.0,1.0,12.13,5.0200000000000005,2.5,1.5,-1.4,0.0,0.0,2.1,0.0,-0.2,-0.5,-0.6000000000000001,13.9,0.0,29.0,287.7,0.0,21.700000000000003,32.800000000000004,32.7,33.5,300.0,300.0,30.6,34.4,31.6,31.200000000000003,32.9,4.96,1.99,4.96,0.16,0.0,0.0,1027.0,8228.0,0.0,0.0,0.0,0.0,0.0,1.0,0.0,0.0,0.0,0.012,0.0,0.9,0.0,0.8,0.0,0.0518,16.0,25903.0
2026-07-30T18:58:51.250Z,100.733,100.746,0.0,7.4,0.0,0.0,0.0,0.0,0.0,0.0,0.0,0.0,1.0,0.0,0.0,0.0,9.0,4.0,0.0,0.0,0.0,0.0,0.0,0.0,0.0,0.0,1.0,12.0,1.0,12.13,5.0200000000000005,2.5,1.5,-1.1,-0.4,0.0,2.1,0.0,0.3,0.6000000000000001,1.0,17.5,0.0,29.0,307.1,0.0,21.700000000000003,32.800000000000004,32.7,33.5,300.0,300.0,30.6,34.4,31.6,31.200000000000003,32.9,4.96,1.99,4.97,0.16,0.0,0.0,1027.0,8228.0,0.0,0.0,0.0,0.0,0.0,1.0,0.0,0.0,0.0,0.011,0.0,-1.6,0.0,-0.3,0.0,0.0495,16.0,25903.0
2026-07-30T18:58:51.262Z,100.745,100.758,0.0,7.4,0.0,0.0,0.0,0.0,0.0,0.0,0.0,0.0,1.0,0.0,0.0,0.0,9.0,4.0,0.0,0.0,0.0,0.0,0.0,0.0,0.0,0.0,2.0,12.0,1.0,12.13,5.0200000000000005,2.5,1.5,-0.6000000000000001,-0.9,0.0,2.1,0.0,-0.1,0.0,-0.1,19.3,0.0,29.0,327.3,0.0,21.700000000000003,32.800000000000004,32.7,33.5,300.0,300.0,30.6,34.4,31.6,31.200000000000003,32.9,4.95,2.0,4.97,0.15,0.0,0.0,1027.0,8228.0,0.0,0.0,0.0,0.0,0.0,1.0,0.0,0.0,0.0,0.011,0.0,0.1,0.0,0.0,0.0,0.0452,16.0,25903.0
2026-07-30T18:58:51.274Z,100.757,100.77,0.0,7.4,0.0,0.0,0.0,0.0,0.0,0.0,0.0,0.0,1.0,0.0,0.0,0.0,9.0,4.0,0.0,0.0,0.0,0.0,0.0,0.0,0.0,0.0,3.0,12.0,1.0,12.13,5.0200000000000005,2.5,1.5,0.0,-1.4,0.0,2.1,0.0,0.4,0.5,0.4,19.6,0.0,29.0,346.20000000000005,0.0,21.700000000000003,32.800000000000004,32.7,33.5,300.0,300.0,30.6,34.4,31.6,31.200000000000003,32.9,4.95,2.0,4.96,0.16,0.0,0.0,1027.0,8228.0,0.0,0.0,0.0,0.0,0.0,1.0,0.0,0.0,0.0,0.01,0.0,-1.0,0.0,0.2,0.0,0.0454,16.0,25903.0
2026-07-30T18:58:51.287Z,100.77,100.782,0.0,7.4,0.0,0.0,0.0,0.0,0.0,0.0,0.0,0.0,1.0,0.0,0.0,0.0,9.0,4.0,0.0,0.0,0.0,0.0,0.0,0.0,0.0,0.0,4.0,12.0,1.0,12.17,5.0200000000000005,2.51,1.49,0.4,-1.6,0.0,2.1,0.0,1.0,-0.5,-0.6000000000000001,18.5,0.0,29.0,3.5,0.0,21.700000000000003,32.7,32.7,33.5,300.0,300.0,30.6,34.5,31.6,31.200000000000003,32.9,4.95,1.99,4.96,0.16,0.0,0.0,1027.0,8228.0,0.0,0.0,0.0,0.0,0.0,1.0,0.0,0.0,0.0,0.01,0.0,1.0,0.0,-0.7000000000000001,0.0,0.0439,16.0,25903.0
2026-07-30T18:58:51.298Z,100.781,100.794,0.0,7.4,0.0,0.0,0.0,0.0,0.0,0.0,0.0,0.0,1.0,0.0,0.0,0.0,9.0,4.0,0.0,0.0,0.0,0.0,0.0,0.0,0.0,0.0,5.0,12.0,1.0,12.17,5.0200000000000005,2.51,1.49,0.8,-1.3,0.0,2.1,0.0,-0.1,1.1,-0.1,16.3,0.0,28.0,20.3,0.0,21.700000000000003,32.7,32.7,33.5,300.0,300.0,30.6,34.5,31.6,31.200000000000003,32.9,4.95,1.98,4.97,0.16,0.0,0.0,1027.0,8228.0,0.0,0.0,0.0,0.0,0.0,1.0,0.0,0.0,0.0,0.009,0.0,-1.2000000000000002,0.0,0.3,0.0,0.0405,16.0,25903.0
2026-07-30T18:58:51.310Z,100.793,100.806,0.0,7.4,0.0,0.0,0.0,0.0,0.0,0.0,0.0,0.0,1.0,0.0,0.0,0.0,9.0,4.0,0.0,0.0,0.0,0.0,0.0,0.0,0.0,0.0,1.0,12.0,1.0,12.17,5.0200000000000005,2.51,1.49,0.9,-1.2000000000000002,0.0,2.1,0.0,-0.7000000000000001,0.0,-0.7000000000000001,13.1,0.0,28.0,35.4,0.0,21.700000000000003,32.7,32.7,33.5,300.0,300.0,30.6,34.5,31.6,31.200000000000003,32.9,4.95,1.99,4.97,0.16,0.0,0.0,1027.0,8228.0,0.0,0.0,0.0,0.0,0.0,1.0,0.0,0.0,0.0,0.008,0.0,0.0,0.0,-0.8,0.0,0.0388,16.0,25903.0
2026-07-30T18:58:51.322Z,100.805,100.818,0.0,7.4,0.0,0.0,0.0,0.0,0.0,0.0,0.0,0.0,1.0,0.0,0.0,0.0,9.0,4.0,0.0,0.0,0.0,0.0,0.0,0.0,0.0,0.0,2.0,12.0,1.0,12.17,5.0200000000000005,2.51,1.49,1.0,-0.9,0.0,2.1,0.0,-0.7000000000000001,0.0,-0.1,9.0,0.0,27.0,49.3,0.0,21.700000000000003,32.7,32.7,33.5,300.0,300.0,30.6,34.5,31.6,31.200000000000003,32.9,4.96,1.99,4.96,0.16,0.0,0.0,1027.0,8228.0,0.0,0.0,0.0,0.0,0.0,1.0,0.0,0.0,0.0,0.008,0.0,0.0,0.0,0.0,0.0,0.0357,16.0,25903.0
2026-07-30T18:58:51.334Z,100.817,100.83,0.0,7.4,0.0,0.0,0.0,0.0,0.0,0.0,0.0,0.0,1.0,0.0,0.0,0.0,9.0,4.0,0.0,0.0,0.0,0.0,0.0,0.0,0.0,0.0,2.0,12.0,1.0,12.17,5.0200000000000005,2.51,1.49,1.0,-0.7000000000000001,0.0,2.1,0.0,0.4,-0.5,0.0,4.3,0.0,27.0,62.5,0.0,21.700000000000003,32.7,32.7,33.5,300.0,300.0,30.6,34.5,31.6,31.200000000000003,32.9,4.95,1.99,4.97,0.16,0.0,0.0,1027.0,8228.0,0.0,0.0,0.0,0.0,0.0,1.0,0.0,0.0,0.0,0.007,0.0,0.2,0.0,-0.6000000000000001,0.0,0.0324,16.0,25903.0
2026-07-30T18:58:51.346Z,100.829,100.842,0.0,7.4,0.0,0.0,0.0,0.0,0.0,0.0,0.0,0.0,1.0,0.0,0.0,0.0,9.0,4.0,0.0,0.0,0.0,0.0,0.0,0.0,0.0,0.0,3.0,12.0,1.0,12.17,5.0200000000000005,2.51,1.49,0.9,-0.4,0.0,2.1,0.0,0.4,1.2000000000000002,-0.6000000000000001,-1.0,0.0,26.0,75.2,0.0,21.700000000000003,32.7,32.7,33.5,300.0,300.0,30.6,34.5,31.6,31.200000000000003,32.9,4.95,2.0,4.96,0.16,0.0,0.0,1027.0,8228.0,0.0,0.0,0.0,0.0,0.0,1.0,0.0,0.0,0.0,0.007,0.0,-0.8,0.0,0.8,0.0,0.0307,16.0,25903.0
2026-07-30T18:58:51.358Z,100.841,100.854,0.0,7.4,0.0,0.0,0.0,0.0,0.0,0.0,0.0,0.0,1.0,0.0,0.0,0.0,9.0,4.0,0.0,0.0,0.0,0.0,0.0,0.0,0.0,0.0,4.0,12.0,1.0,12.17,5.0200000000000005,2.51,1.49,0.7000000000000001,-0.2,0.0,2.1,0.0,-0.1,0.0,1.1,-6.7,0.0,25.0,86.0,0.0,21.700000000000003,32.7,32.7,33.5,300.0,300.0,30.6,34.5,31.6,31.200000000000003,32.9,4.96,2.0,4.96,0.16,0.0,0.0,1027.0,8228.0,0.0,0.0,0.0,0.0,0.0,1.0,0.0,0.0,0.0,0.006,0.0,1.1,0.0,0.8,0.0,0.0293,16.0,25903.0
2026-07-30T18:58:51.370Z,100.853,100.866,0.0,7.4,0.0,0.0,0.0,0.0,0.0,0.0,0.0,0.0,1.0,0.0,0.0,0.0,9.0,4.0,0.0,0.0,0.0,0.0,0.0,0.0,0.0,0.0,6.0,12.0,1.0,12.17,5.0200000000000005,2.51,1.49,0.6000000000000001,-0.1,0.0,2.0,0.0,0.4,0.0,-0.6000000000000001,-12.8,0.0,24.0,95.1,0.0,21.700000000000003,32.7,32.7,33.5,300.0,300.0,30.6,34.5,31.6,31.200000000000003,32.9,4.95,2.0,4.96,0.16,0.0,0.0,1027.0,8228.0,0.0,0.0,0.0,0.0,0.0,1.0,0.0,0.0,0.0,0.005,0.0,-0.6000000000000001,0.0,-0.2,0.0,0.0259,16.0,25903.0
2026-07-30T18:58:51.383Z,100.866,100.878,0.0,7.4,0.0,0.0,0.0,0.0,0.0,0.0,0.0,0.0,1.0,0.0,0.0,0.0,9.0,4.0,0.0,0.0,0.0,0.0,0.0,0.0,0.0,0.0,1.0,12.0,1.0,12.17,5.0200000000000005,2.51,1.49,0.5,0.0,0.0,2.0,0.0,-0.1,-0.5,0.5,-19.1,0.0,23.0,102.5,0.0,21.3,32.7,32.7,33.5,300.0,300.0,30.6,34.5,31.6,31.200000000000003,32.9,4.95,1.99,4.97,0.16,0.0,0.0,1027.0,8228.0,0.0,0.0,0.0,0.0,0.0,1.0,0.0,0.0,0.0,0.004,0.0,0.4,0.0,-0.4,0.0,0.0222,16.0,25903.0
2026-07-30T18:58:51.394Z,100.877,100.89,0.0,7.4,0.0,0.0,0.0,0.0,0.0,0.0,0.0,0.0,1.0,0.0,0.0,0.0,9.0,4.0,0.0,0.0,0.0,0.0,0.0,0.0,0.0,0.0,2.0,12.0,1.0,12.17,5.0200000000000005,2.51,1.49,0.5,0.0,0.0,2.0,0.0,-0.1,0.0,1.1,-25.4,0.0,22.0,109.4,0.0,21.3,32.7,32.7,33.5,300.0,300.0,30.6,34.5,31.6,31.200000000000003,32.9,4.95,1.99,4.96,0.16,0.0,0.0,1027.0,8228.0,0.0,0.0,0.0,0.0,0.0,1.0,0.0,0.0,0.0,0.004,0.0,1.3,0.0,0.2,0.0,0.0182,16.0,25903.0
2026-07-30T18:58:51.406Z,100.889,100.902,0.0,7.4,0.0,0.0,0.0,0.0,0.0,0.0,0.0,0.0,1.0,0.0,0.0,0.0,9.0,4.0,0.0,0.0,0.0,0.0,0.0,0.0,0.0,0.0,4.0,12.0,1.0,12.17,5.0200000000000005,2.51,1.49,0.4,0.1,0.0,2.0,0.0,0.4,0.6000000000000001,0.0,-31.8,0.0,21.0,116.1,0.0,21.3,32.7,32.7,33.5,300.0,300.0,30.6,34.5,31.6,31.200000000000003,32.9,4.96,1.99,4.96,0.17,0.0,0.0,1027.0,8228.0,0.0,0.0,0.0,0.0,0.0,1.0,0.0,0.0,0.0,0.003,0.0,0.2,0.0,0.6000000000000001,0.0,0.016,16.0,25903.0
2026-07-30T18:58:51.418Z,100.901,100.914,0.0,7.4,0.0,0.0,0.0,0.0,0.0,0.0,0.0,0.0,1.0,0.0,0.0,0.0,9.0,4.0,0.0,0.0,0.0,0.0,0.0,0.0,0.0,0.0,5.0,12.0,1.0,12.17,5.0200000000000005,2.51,1.49,0.3,0.0,0.0,2.0,0.0,1.0,-0.5,0.0,-38.1,0.0,20.0,121.9,0.0,21.3,32.7,32.7,33.5,300.0,300.0,30.6,34.5,31.6,31.200000000000003,32.9,4.95,1.99,4.97,0.16,0.0,0.0,1027.0,8228.0,0.0,0.0,0.0,0.0,0.0,1.0,0.0,0.0,0.0,0.003,0.0,-0.3,0.0,-0.5,0.0,0.0154,16.0,25903.0
2026-07-30T18:58:51.430Z,100.913,100.926,0.0,7.4,0.0,0.0,0.0,0.0,0.0,0.0,0.0,0.0,1.0,0.0,0.0,0.0,9.0,4.0,0.0,0.0,0.0,0.0,0.0,0.0,0.0,0.0,6.0,12.0,1.0,12.17,5.0200000000000005,2.51,1.49,0.2,0.2,0.0,2.0,0.0,-0.1,0.0,0.0,-44.400000000000006,0.0,19.0,126.7,0.0,21.3,32.7,32.7,33.5,300.0,300.0,30.6,34.5,31.6,31.200000000000003,32.9,4.95,1.99,4.96,0.16,0.0,0.0,1027.0,8228.0,0.0,0.0,0.0,0.0,0.0,1.0,0.0,0.0,0.0,0.002,0.0,0.0,0.0,0.0,0.0,0.0139,16.0,25903.0
2026-07-30T18:58:51.442Z,100.925,100.938,0.0,7.4,0.0,0.0,0.0,0.0,0.0,0.0,0.0,0.0,1.0,0.0,0.0,0.0,9.0,4.0,0.0,0.0,0.0,0.0,0.0,0.0,0.0,0.0,1.0,12.0,1.0,12.17,5.0200000000000005,2.51,1.49,0.1,0.1,0.0,1.9,0.0,-0.1,-0.6000000000000001,0.0,-50.5,0.0,18.0,130.70000000000002,0.0,21.3,32.7,32.7,33.5,300.0,300.0,30.6,34.5,31.6,31.200000000000003,32.9,4.95,1.99,4.96,0.16,0.0,0.0,1027.0,8228.0,0.0,0.0,0.0,0.0,0.0,1.0,0.0,0.0,0.0,0.002,0.0,-0.5,0.0,-0.5,0.0,0.0117,16.0,25903.0
2026-07-30T18:58:51.454Z,100.937,100.95,0.0,7.4,0.0,0.0,0.0,0.0,0.0,0.0,0.0,0.0,1.0,0.0,0.0,0.0,9.0,4.0,0.0,0.0,0.0,0.0,0.0,0.0,0.0,0.0,2.0,12.0,1.0,12.17,5.0200000000000005,2.51,1.49,0.1,0.1,0.0,2.0,0.0,0.4,1.1,1.0,-56.400000000000006,0.0,17.0,133.6,0.0,21.3,32.7,32.7,33.5,300.0,300.0,30.6,34.5,31.6,31.200000000000003,32.9,4.95,1.99,4.96,0.16,0.0,0.0,1027.0,8228.0,0.0,0.0,0.0,0.0,0.0,1.0,0.0,0.0,0.0,0.001,0.0,1.2000000000000002,0.0,-0.2,0.0,0.0097,16.0,25903.0
2026-07-30T18:58:51.466Z,100.949,100.962,0.0,7.4,0.0,0.0,0.0,0.0,0.0,0.0,0.0,0.0,1.0,0.0,0.0,0.0,9.0,4.0,0.0,0.0,0.0,0.0,0.0,0.0,0.0,0.0,3.0,12.0,1.0,12.17,5.0200000000000005,2.51,1.49,0.0,0.1,0.0,1.9,0.0,0.4,-1.1,-0.7000000000000001,-62.1,0.0,16.0,135.5,0.0,21.3,32.7,32.7,33.5,300.0,300.0,30.6,34.5,31.6,31.200000000000003,32.9,4.96,1.99,4.97,0.16,0.0,0.0,1027.0,8228.0,0.0,0.0,0.0,0.0,0.0,1.0,0.0,0.0,0.0,0.001,0.0,1.6,0.0,0.1,0.0,0.0075,16.0,25903.0
2026-07-30T18:58:51.478Z,100.961,100.974,0.0,7.4,0.0,0.0,0.0,0.0,0.0,0.0,0.0,0.0,1.0,0.0,0.0,0.0,9.0,4.0,0.0,0.0,0.0,0.0,0.0,0.0,0.0,0.0,4.0,12.0,1.0,12.17,5.0200000000000005,2.51,1.49,0.0,0.0,0.0,1.9,0.0,-0.7000000000000001,-1.7000000000000002,-0.7000000000000001,-67.4,0.0,15.0,135.8,0.0,21.3,32.7,32.7,33.5,300.0,300.0,30.6,34.5,31.6,31.200000000000003,32.9,4.95,1.99,4.96,0.16,0.0,0.0,1027.0,8228.0,0.0,0.0,0.0,0.0,0.0,1.0,0.0,0.0,0.0,0.0,0.0,-4.0,0.0,-1.2000000000000002,0.0,0.005,16.0,25903.0
2026-07-30T18:58:51.490Z,100.973,100.986,0.0,7.4,0.0,0.0,0.0,0.0,0.0,0.0,0.0,0.0,1.0,0.0,0.0,0.0,9.0,4.0,0.0,0.0,0.0,0.0,0.0,0.0,0.0,0.0,5.0,12.0,1.0,12.15,5.0200000000000005,2.51,1.49,-0.1,0.0,0.0,1.9,0.0,0.9,0.0,0.3,-72.4,0.0,14.0,135.6,0.0,21.4,32.7,32.7,33.5,300.0,300.0,30.4,34.5,31.6,31.200000000000003,32.9,4.95,1.99,4.96,0.16,0.0,0.0,1027.0,8228.0,0.0,0.0,0.0,0.0,0.0,1.0,0.0,0.0,0.0,0.0,0.0,0.4,0.0,-0.1,0.0,0.002,16.0,25903.0
2026-07-30T18:58:51.503Z,100.986,100.998,0.0,7.4,0.0,0.0,0.0,0.0,0.0,0.0,0.0,0.0,1.0,0.0,0.0,0.0,9.0,4.0,0.0,0.0,0.0,0.0,0.0,0.0,0.0,0.0,6.0,12.0,1.0,12.15,5.0200000000000005,2.51,1.49,-0.1,0.0,0.0,1.9,0.0,-0.2,0.0,0.4,-76.9,0.0,13.0,134.5,0.0,21.4,32.7,32.7,33.5,300.0,300.0,30.4,34.5,31.6,31.200000000000003,32.9,4.95,1.99,4.96,0.16,0.0,0.0,1027.0,8228.0,0.0,0.0,0.0,0.0,0.0,1.0,0.0,0.0,0.0,0.0,0.0,0.4,0.0,0.0,0.0,0.0,16.0,25903.0
2026-07-30T18:58:51.514Z,100.997,101.01,0.0,7.4,0.0,0.0,0.0,0.0,0.0,0.0,0.0,0.0,1.0,0.0,0.0,0.0,9.0,4.0,0.0,0.0,0.0,0.0,0.0,0.0,0.0,0.0,1.0,12.0,1.0,12.15,5.0200000000000005,2.51,1.49,0.0,-0.1,0.0,2.0,0.0,0.9,-0.5,-0.7000000000000001,-81.10000000000001,0.0,12.0,133.0,0.0,21.4,32.7,32.7,33.5,300.0,300.0,30.4,34.5,31.6,31.200000000000003,32.9,4.96,1.99,4.96,0.16,0.0,0.0,1027.0,8228.0,0.0,0.0,0.0,0.0,0.0,1.0,0.0,0.0,0.0,0.0,0.0,-1.2000000000000002,0.0,-0.2,0.0,0.0019,16.0,25903.0
2026-07-30T18:58:51.526Z,101.009,101.022,0.0,7.4,0.0,0.0,0.0,0.0,0.0,0.0,0.0,0.0,1.0,0.0,0.0,0.0,9.0,4.0,0.0,0.0,0.0,0.0,0.0,0.0,0.0,0.0,2.0,12.0,1.0,12.15,5.0200000000000005,2.51,1.49,-0.1,0.0,0.0,1.9,0.0,-0.1,-1.1,1.0,-84.80000000000001,0.0,11.0,131.5,0.0,21.4,32.7,32.7,33.5,300.0,300.0,30.4,34.5,31.6,31.200000000000003,32.9,4.95,1.99,4.96,0.16,0.0,0.0,1027.0,8228.0,0.0,0.0,0.0,0.0,0.0,1.0,0.0,0.0,0.0,0.0,0.0,0.2,0.0,-1.2000000000000002,0.0,0.0029,16.0,25903.0
2026-07-30T18:58:51.538Z,101.021,101.034,0.0,7.4,0.0,0.0,0.0,0.0,0.0,0.0,0.0,0.0,1.0,0.0,0.0,0.0,9.0,4.0,0.0,0.0,0.0,0.0,0.0,0.0,0.0,0.0,4.0,12.0,1.0,12.15,5.0200000000000005,2.51,1.49,-0.1,0.0,0.0,1.9,0.0,-0.2,0.0,-0.7000000000000001,-88.10000000000001,0.0,10.0,130.20000000000002,0.0,21.4,32.7,32.7,33.5,300.0,300.0,30.4,34.5,31.6,31.200000000000003,32.9,4.95,1.99,4.96,0.16,0.0,0.0,1027.0,8228.0,0.0,0.0,0.0,0.0,0.0,1.0,0.0,0.0,0.0,0.0,0.0,-0.8,0.0,0.1,0.0,0.0033,16.0,25903.0
2026-07-30T18:58:51.555Z,101.038,101.046,0.0,7.4,0.0,0.0,0.0,0.0,0.0,0.0,0.0,0.0,1.0,0.0,0.0,0.0,9.0,4.0,0.0,0.0,0.0,0.0,0.0,0.0,0.0,0.0,5.0,12.0,1.0,12.15,5.0200000000000005,2.51,1.49,0.0,0.0,0.0,1.9,0.0,0.3,1.1,0.4,-91.2,0.0,9.0,129.1,0.0,21.4,32.7,32.7,33.5,300.0,300.0,30.4,34.5,31.6,31.200000000000003,32.9,4.95,1.99,4.96,0.16,0.0,0.0,1027.0,8228.0,0.0,0.0,0.0,0.0,0.0,1.0,0.0,0.0,0.0,0.0,0.0,1.3,0.0,0.9,0.0,0.0032,16.0,25903.0
2026-07-30T18:58:51.562Z,101.045,101.058,0.0,7.4,0.0,0.0,0.0,0.0,0.0,0.0,0.0,0.0,1.0,0.0,0.0,0.0,9.0,4.0,0.0,0.0,0.0,0.0,0.0,0.0,0.0,0.0,3.0,12.0,1.0,12.15,5.0200000000000005,2.51,1.49,0.0,0.0,0.0,1.9,0.0,0.9,0.5,0.4,-93.9,0.0,8.0,129.20000000000002,0.0,21.4,32.7,32.7,33.5,300.0,300.0,30.4,34.5,31.6,31.200000000000003,32.9,4.96,1.99,4.96,0.16,0.0,0.0,1027.0,8228.0,0.0,0.0,0.0,0.0,0.0,1.0,0.0,0.0,0.0,0.0,0.0,0.8,0.0,0.4,0.0,0.0025,16.0,25903.0
2026-07-30T18:58:51.574Z,101.057,101.07,0.0,7.4,0.0,0.0,0.0,0.0,0.0,0.0,0.0,0.0,1.0,0.0,0.0,0.0,9.0,4.0,0.0,0.0,0.0,0.0,0.0,0.0,0.0,0.0,3.0,12.0,1.0,12.15,5.0200000000000005,2.51,1.49,0.1,0.0,0.0,1.9,0.0,-0.8,0.0,-0.7000000000000001,-96.5,0.0,8.0,130.20000000000002,0.0,21.4,32.7,32.7,33.5,300.0,300.0,30.4,34.5,31.6,31.200000000000003,32.9,4.95,1.99,4.97,0.16,0.0,0.0,1027.0,8228.0,0.0,0.0,0.0,0.0,0.0,1.0,0.0,0.0,0.0,0.0,0.0,-0.8,0.0,0.1,0.0,0.0008,16.0,25903.0
2026-07-30T18:58:51.587Z,101.07,101.082,0.0,7.4,0.0,0.0,0.0,0.0,0.0,0.0,0.0,0.0,1.0,0.0,0.0,0.0,9.0,4.0,0.0,0.0,0.0,0.0,0.0,0.0,0.0,0.0,4.0,12.0,1.0,12.18,5.01,2.51,1.49,0.0,0.1,0.0,1.8,0.0,0.3,-0.5,-0.1,-99.1,0.0,7.0,132.5,0.0,21.3,32.7,32.7,33.5,300.0,300.0,30.6,34.6,31.6,31.200000000000003,32.9,4.95,1.99,4.96,0.16,0.0,0.0,1027.0,8228.0,0.0,0.0,0.0,0.0,0.0,1.0,0.0,0.0,0.0,0.001,0.0,-0.6000000000000001,0.0,-0.4,0.0,0.0016,16.0,25903.0
2026-07-30T18:58:51.598Z,101.081,101.094,0.0,7.4,0.0,0.0,0.0,0.0,0.0,0.0,0.0,0.0,1.0,0.0,0.0,0.0,9.0,4.0,0.0,0.0,0.0,0.0,0.0,0.0,0.0,0.0,5.0,12.0,1.0,12.18,5.01,2.51,1.49,0.1,0.2,0.0,1.8,0.0,0.3,0.0,-1.9,-101.6,0.0,7.0,135.6,0.0,21.3,32.7,32.7,33.5,300.0,300.0,30.6,34.6,31.6,31.200000000000003,32.9,4.96,1.99,4.96,0.16,0.0,0.0,1027.0,8228.0,0.0,0.0,0.0,0.0,0.0,1.0,0.0,0.0,0.0,0.001,0.0,-2.1,0.0,0.5,0.0,0.004,16.0,25903.0
2026-07-30T18:58:51.610Z,101.093,101.106,0.0,7.4,0.0,0.0,0.0,0.0,0.0,0.0,0.0,0.0,1.0,0.0,0.0,0.0,9.0,4.0,0.0,0.0,0.0,0.0,0.0,0.0,0.0,0.0,1.0,12.0,1.0,12.18,5.01,2.51,1.49,0.2,0.3,0.0,1.8,0.0,-0.2,0.0,0.4,-104.2,0.0,7.0,139.8,0.0,21.3,32.7,32.7,33.5,300.0,300.0,30.6,34.6,31.6,31.200000000000003,32.9,4.95,1.99,4.96,0.16,0.0,0.0,1027.0,8228.0,0.0,0.0,0.0,0.0,0.0,1.0,0.0,0.0,0.0,0.002,0.0,0.4,0.0,-0.1,0.0,0.0062,16.0,25903.0
2026-07-30T18:58:51.623Z,101.106,101.118,0.0,7.4,0.0,0.0,0.0,0.0,0.0,0.0,0.0,0.0,1.0,0.0,0.0,0.0,9.0,4.0,0.0,0.0,0.0,0.0,0.0,0.0,0.0,0.0,1.0,12.0,1.0,12.18,5.01,2.51,1.49,0.2,0.5,0.0,1.8,0.0,-0.8,-1.7000000000000002,-0.2,-107.0,0.0,7.0,145.5,0.0,21.3,32.7,32.7,33.5,300.0,300.0,30.6,34.6,31.6,31.200000000000003,32.9,4.96,1.99,4.97,0.16,0.0,0.0,1027.0,8228.0,0.0,0.0,0.0,0.0,0.0,1.0,0.0,0.0,0.0,0.002,0.0,-1.9,0.0,-1.0,0.0,0.0086,16.0,25903.0
2026-07-30T18:58:51.634Z,101.117,101.13,0.0,7.4,0.0,0.0,0.0,0.0,0.0,0.0,0.0,0.0,1.0,0.0,0.0,0.0,9.0,4.0,0.0,0.0,0.0,0.0,0.0,0.0,0.0,0.0,2.0,12.0,1.0,12.18,5.01,2.51,1.49,0.2,0.7000000000000001,0.0,1.8,0.0,0.9,0.5,0.9,-110.1,0.0,7.0,153.9,0.0,21.3,32.7,32.7,33.5,300.0,300.0,30.6,34.6,31.6,31.200000000000003,32.9,4.96,1.99,4.96,0.16,0.0,0.0,1027.0,8228.0,0.0,0.0,0.0,0.0,0.0,1.0,0.0,0.0,0.0,0.004,0.0,1.5,0.0,-0.3,0.0,0.0116,16.0,25903.0
2026-07-30T18:58:51.646Z,101.129,101.142,0.0,7.4,0.0,0.0,0.0,0.0,0.0,0.0,0.0,0.0,1.0,0.0,0.0,0.0,9.0,4.0,0.0,0.0,0.0,0.0,0.0,0.0,0.0,0.0,3.0,12.0,1.0,12.18,5.01,2.51,1.49,0.0,1.1,0.0,1.8,0.0,-0.2,0.6000000000000001,0.3,-113.7,0.0,8.0,164.20000000000002,0.0,21.3,32.7,32.7,33.5,300.0,300.0,30.6,34.6,31.6,31.200000000000003,32.9,4.95,1.99,4.96,0.16,0.0,0.0,1027.0,8228.0,0.0,0.0,0.0,0.0,0.0,1.0,0.0,0.0,0.0,0.005,0.0,0.9,0.0,0.0,0.0,0.0172,16.0,25903.0
2026-07-30T18:58:51.658Z,101.141,101.154,0.0,7.4,0.0,0.0,0.0,0.0,0.0,0.0,0.0,0.0,1.0,0.0,0.0,0.0,9.0,4.0,0.0,0.0,0.0,0.0,0.0,0.0,0.0,0.0,4.0,12.0,1.0,12.18,5.01,2.51,1.49,-0.3,1.4,0.0,1.8,0.0,0.3,-0.5,0.9,-117.8,0.0,8.0,176.4,0.0,21.3,32.7,32.7,33.5,300.0,300.0,30.6,34.6,31.6,31.200000000000003,32.9,4.95,1.99,4.97,0.16,0.0,0.0,1027.0,8228.0,0.0,0.0,0.0,0.0,0.0,1.0,0.0,0.0,0.0,0.006,0.0,0.0,0.0,-0.9,0.0,0.0218,16.0,25903.0
2026-07-30T18:58:51.670Z,101.153,101.166,0.0,7.4,0.0,0.0,0.0,0.0,0.0,0.0,0.0,0.0,1.0,0.0,0.0,0.0,9.0,4.0,0.0,0.0,0.0,0.0,0.0,0.0,0.0,0.0,6.0,12.0,1.0,12.18,5.01,2.51,1.49,-0.7000000000000001,1.5,0.0,1.8,0.0,0.3,-1.1,-1.3,-102.1,0.0,9.0,191.3,0.0,21.3,32.7,32.7,33.5,300.0,300.0,30.6,34.6,31.6,31.200000000000003,32.9,4.96,1.99,4.97,0.16,0.0,0.0,1027.0,8228.0,0.0,0.0,0.0,0.0,0.0,1.0,0.0,0.0,0.0,0.007,0.0,-1.8,0.0,1.7000000000000002,0.0,0.0258,16.0,25903.0
2026-07-30T18:58:51.682Z,101.165,101.178,0.0,7.4,0.0,0.0,0.0,0.0,0.0,0.0,0.0,0.0,1.0,0.0,0.0,0.0,9.0,4.0,0.0,0.0,0.0,0.0,0.0,0.0,0.0,0.0,1.0,12.0,1.0,12.18,5.01,2.51,1.49,-1.0,1.4,0.0,1.8,0.0,0.3,0.0,0.9,-83.10000000000001,0.0,10.0,206.0,0.0,21.3,32.7,32.7,33.5,300.0,300.0,30.6,34.6,31.6,31.200000000000003,32.9,4.96,1.99,4.96,0.15,0.0,0.0,1027.0,8228.0,0.0,0.0,0.0,0.0,0.0,1.0,0.0,0.0,0.0,0.008,0.0,0.0,0.0,-1.1,0.0,0.0318,16.0,25903.0
2026-07-30T18:58:51.694Z,101.177,101.19,0.0,7.4,0.0,0.0,0.0,0.0,0.0,0.0,0.0,0.0,1.0,0.0,0.0,0.0,9.0,4.0,0.0,0.0,0.0,0.0,0.0,0.0,0.0,0.0,2.0,12.0,1.0,12.15,5.01,2.51,1.49,-1.3,1.3,0.0,1.8,0.0,-0.2,-0.6000000000000001,-0.1,-66.3,0.0,11.0,220.8,0.0,21.700000000000003,32.7,32.7,33.5,300.0,300.0,30.5,34.5,31.6,31.200000000000003,32.9,4.95,1.99,4.96,0.16,0.0,0.0,1027.0,8228.0,0.0,0.0,0.0,0.0,0.0,1.0,0.0,0.0,0.0,0.008,0.0,-0.4,0.0,0.6000000000000001,0.0,0.0335,16.0,25903.0
2026-07-30T18:58:51.706Z,101.189,101.202,0.0,7.4,0.0,0.0,0.0,0.0,0.0,0.0,0.0,0.0,1.0,0.0,0.0,0.0,9.0,4.0,0.0,0.0,0.0,0.0,0.0,0.0,0.0,0.0,3.0,12.0,1.0,12.15,5.01,2.51,1.49,-1.5,1.1,0.0,1.8,0.0,0.3,-1.2000000000000002,0.3,-52.0,0.0,12.0,238.5,0.0,21.700000000000003,32.7,32.7,33.5,300.0,300.0,30.5,34.5,31.6,31.200000000000003,32.9,4.96,1.99,4.97,0.16,0.0,0.0,1027.0,8228.0,0.0,0.0,0.0,0.0,0.0,1.0,0.0,0.0,0.0,0.009,0.0,-0.9,0.0,0.8,0.0,0.0333,16.0,25903.0
2026-07-30T18:58:51.719Z,101.202,101.214,0.0,7.4,0.0,0.0,0.0,0.0,0.0,0.0,0.0,0.0,1.0,0.0,0.0,0.0,9.0,4.0,0.0,0.0,0.0,0.0,0.0,0.0,0.0,0.0,4.0,12.0,1.0,12.15,5.01,2.51,1.49,-1.5,0.7000000000000001,0.0,1.8,0.0,0.3,-0.6000000000000001,0.9,-40.1,0.0,13.0,256.40000000000003,0.0,21.700000000000003,32.7,32.7,33.5,300.0,300.0,30.5,34.5,31.6,31.200000000000003,32.9,4.95,2.0,4.96,0.16,0.0,0.0,1027.0,8228.0,0.0,0.0,0.0,0.0,0.0,1.0,0.0,0.0,0.0,0.01,0.0,-1.0,0.0,0.0,0.0,0.0378,16.0,25903.0
2026-07-30T18:58:51.730Z,101.213,101.226,0.0,7.4,0.0,0.0,0.0,0.0,0.0,0.0,0.0,0.0,1.0,0.0,0.0,0.0,9.0,4.0,0.0,0.0,0.0,0.0,0.0,0.0,0.0,0.0,5.0,12.0,1.0,12.15,5.01,2.51,1.49,-1.4,0.3,0.0,1.8,0.0,0.3,1.1,0.3,-30.3,0.0,14.0,274.0,0.0,21.700000000000003,32.7,32.7,33.5,300.0,300.0,30.5,34.5,31.6,31.200000000000003,32.9,4.95,2.0,4.97,0.16,0.0,0.0,1027.0,8228.0,0.0,0.0,0.0,0.0,0.0,1.0,0.0,0.0,0.0,0.01,0.0,-0.4,0.0,-1.4,0.0,0.0404,16.0,25903.0
2026-07-30T18:58:51.742Z,101.225,101.238,0.0,7.4,0.0,0.0,0.0,0.0,0.0,0.0,0.0,0.0,1.0,0.0,0.0,0.0,9.0,4.0,0.0,0.0,0.0,0.0,0.0,0.0,0.0,0.0,6.0,12.0,1.0,12.15,5.01,2.51,1.49,-1.3,-0.1,0.0,1.7000000000000002,0.0,0.3,1.1,2.1,-22.4,0.0,14.0,290.3,0.0,21.700000000000003,32.7,32.7,33.5,300.0,300.0,30.5,34.5,31.6,31.200000000000003,32.9,4.95,1.99,4.97,0.16,0.0,0.0,1027.0,8228.0,0.0,0.0,0.0,0.0,0.0,1.0,0.0,0.0,0.0,0.009,0.0,-2.8000000000000003,0.0,-1.6,0.0,0.0403,16.0,25903.0
2026-07-30T18:58:51.754Z,101.237,101.25,0.0,7.4,0.0,0.0,0.0,0.0,0.0,0.0,0.0,0.0,1.0,0.0,0.0,0.0,9.0,4.0,0.0,0.0,0.0,0.0,0.0,0.0,0.0,0.0,2.0,12.0,1.0,12.15,5.01,2.51,1.49,-0.9,-0.7000000000000001,0.0,1.7000000000000002,0.0,0.3,0.5,-0.1,-16.400000000000002,0.0,15.0,309.8,0.0,21.700000000000003,32.7,32.7,33.5,300.0,300.0,30.5,34.5,31.6,31.200000000000003,32.9,4.96,1.99,4.96,0.16,0.0,0.0,1027.0,8228.0,0.0,0.0,0.0,0.0,0.0,1.0,0.0,0.0,0.0,0.01,0.0,-0.2,0.0,-0.5,0.0,0.0376,16.0,25903.0
2026-07-30T18:58:51.766Z,101.249,101.262,0.0,7.4,0.0,0.0,0.0,0.0,0.0,0.0,0.0,0.0,1.0,0.0,0.0,0.0,9.0,4.0,0.0,0.0,0.0,0.0,0.0,0.0,0.0,0.0,3.0,12.0,1.0,12.15,5.01,2.51,1.49,-0.4,-1.3,0.0,1.8,0.0,0.3,-1.2000000000000002,-0.1,-12.4,0.0,16.0,330.5,0.0,21.700000000000003,32.7,32.7,33.5,300.0,300.0,30.5,34.5,31.6,31.200000000000003,32.9,4.95,2.0,4.96,0.16,0.0,0.0,1027.0,8228.0,0.0,0.0,0.0,0.0,0.0,1.0,0.0,0.0,0.0,0.011,0.0,1.3,0.0,0.6000000000000001,0.0,0.0423,16.0,25903.0
2026-07-30T18:58:51.778Z,101.261,101.274,0.0,7.4,0.0,0.0,0.0,0.0,0.0,0.0,0.0,0.0,1.0,0.0,0.0,0.0,9.0,4.0,0.0,0.0,0.0,0.0,0.0,0.0,0.0,0.0,4.0,12.0,1.0,12.15,5.01,2.51,1.49,0.2,-1.9,0.0,1.8,0.0,0.9,1.1,1.6,-10.2,0.0,17.0,354.1,0.0,21.700000000000003,32.7,32.7,33.5,300.0,300.0,30.5,34.5,31.6,31.200000000000003,32.9,4.95,1.99,4.97,0.16,0.0,0.0,1027.0,8228.0,0.0,0.0,0.0,0.0,0.0,1.0,0.0,0.0,0.0,0.012,0.0,-2.3000000000000003,0.0,1.3,0.0,0.0464,16.0,25903.0
2026-07-30T18:58:51.791Z,101.274,101.286,0.0,7.4,0.0,0.0,0.0,0.0,0.0,0.0,0.0,0.0,1.0,0.0,0.0,0.0,9.0,4.0,0.0,0.0,0.0,0.0,0.0,0.0,0.0,0.0,5.0,12.0,1.0,12.15,5.0200000000000005,2.51,1.49,1.1,-2.1,0.0,1.8,0.0,-0.8,0.0,1.0,-9.8,0.0,18.0,16.7,0.0,21.9,32.7,32.7,33.5,300.0,300.0,30.6,34.4,31.6,31.200000000000003,32.800000000000004,4.95,2.0,4.97,0.16,0.0,0.0,1027.0,8228.0,0.0,0.0,0.0,0.0,0.0,1.0,0.0,0.0,0.0,0.012,0.0,-0.2,0.0,1.1,0.0,0.0509,16.0,25903.0
2026-07-30T18:58:51.802Z,101.285,101.298,0.0,7.4,0.0,0.0,0.0,0.0,0.0,0.0,0.0,0.0,1.0,0.0,0.0,0.0,9.0,4.0,0.0,0.0,0.0,0.0,0.0,0.0,0.0,0.0,6.0,12.0,1.0,12.15,5.0200000000000005,2.51,1.49,1.7000000000000002,-2.0,0.0,1.9,0.0,-0.2,0.0,-0.1,-11.2,0.0,19.0,41.0,0.0,21.9,32.7,32.7,33.5,300.0,300.0,30.6,34.4,31.6,31.200000000000003,32.800000000000004,4.95,2.0,4.96,0.16,0.0,0.0,1027.0,8228.0,0.0,0.0,0.0,0.0,0.0,1.0,0.0,0.0,0.0,0.013,0.0,0.0,0.0,-0.1,0.0,0.0518,16.0,25903.0
2026-07-30T18:58:51.814Z,101.297,101.31,0.0,7.4,0.0,0.0,0.0,0.0,0.0,0.0,0.0,0.0,1.0,0.0,0.0,0.0,9.0,4.0,0.0,0.0,0.0,0.0,0.0,0.0,0.0,0.0,2.0,12.0,1.0,12.15,5.0200000000000005,2.51,1.49,2.1,-1.4,0.0,1.9,0.0,-0.8,-1.2000000000000002,-0.7000000000000001,-14.3,0.0,20.0,65.8,0.0,21.9,32.7,32.7,33.5,300.0,300.0,30.6,34.4,31.6,31.200000000000003,32.800000000000004,4.95,1.99,4.97,0.16,0.0,0.0,1027.0,8228.0,0.0,0.0,0.0,0.0,0.0,1.0,0.0,0.0,0.0,0.013,0.0,0.0,0.0,-1.9,0.0,0.0544,16.0,25903.0
2026-07-30T18:58:51.826Z,101.309,101.322,0.0,7.4,0.0,0.0,0.0,0.0,0.0,0.0,0.0,0.0,1.0,0.0,0.0,0.0,9.0,4.0,0.0,0.0,0.0,0.0,0.0,0.0,0.0,0.0,3.0,12.0,1.0,12.15,5.0200000000000005,2.51,1.49,2.0,-0.6000000000000001,0.0,2.0,0.0,-0.2,0.5,0.0,-19.0,0.0,21.0,90.9,0.0,21.9,32.7,32.7,33.5,300.0,300.0,30.6,34.4,31.6,31.200000000000003,32.800000000000004,4.95,1.99,4.96,0.16,0.0,0.0,1027.0,8228.0,0.0,0.0,0.0,0.0,0.0,1.0,0.0,0.0,0.0,0.014,0.0,0.0,0.0,0.5,0.0,0.0558,16.0,25903.0
2026-07-30T18:58:51.838Z,101.321,101.334,0.0,7.4,0.0,0.0,0.0,0.0,0.0,0.0,0.0,0.0,1.0,0.0,0.0,0.0,9.0,4.0,0.0,0.0,0.0,0.0,0.0,0.0,0.0,0.0,4.0,12.0,1.0,12.15,5.0200000000000005,2.51,1.49,1.7000000000000002,0.2,0.0,1.9,0.0,-0.2,0.5,-0.1,-25.1,0.0,22.0,114.6,0.0,21.9,32.7,32.7,33.5,300.0,300.0,30.6,34.4,31.6,31.200000000000003,32.800000000000004,4.96,2.0,4.96,0.16,0.0,0.0,1027.0,8228.0,0.0,0.0,0.0,0.0,0.0,1.0,0.0,0.0,0.0,0.013,0.0,0.1,0.0,0.5,0.0,0.0566,16.0,25903.0
2026-07-30T18:58:51.850Z,101.333,101.346,0.0,7.4,0.0,0.0,0.0,0.0,0.0,0.0,0.0,0.0,1.0,0.0,0.0,0.0,9.0,4.0,0.0,0.0,0.0,0.0,0.0,0.0,0.0,0.0,5.0,12.0,1.0,12.15,5.0200000000000005,2.51,1.49,0.9,1.0,0.0,1.9,0.0,0.9,-0.5,-0.6000000000000001,-32.4,0.0,23.0,136.1,0.0,21.9,32.7,32.7,33.5,300.0,300.0,30.6,34.4,31.6,31.200000000000003,32.800000000000004,4.95,2.0,4.96,0.16,0.0,0.0,1027.0,8228.0,0.0,0.0,0.0,0.0,0.0,1.0,0.0,0.0,0.0,0.012,0.0,-1.2000000000000002,0.0,-0.2,0.0,0.0549,16.0,25903.0
2026-07-30T18:58:51.862Z,101.345,101.358,0.0,7.4,0.0,0.0,0.0,0.0,0.0,0.0,0.0,0.0,1.0,0.0,0.0,0.0,9.0,4.0,0.0,0.0,0.0,0.0,0.0,0.0,0.0,0.0,1.0,12.0,1.0,12.15,5.0200000000000005,2.51,1.49,0.3,1.6,0.0,1.8,0.0,-0.1,0.0,0.0,-40.6,0.0,23.0,155.4,0.0,21.9,32.7,32.7,33.5,300.0,300.0,30.6,34.4,31.6,31.200000000000003,32.800000000000004,4.95,1.99,4.97,0.16,0.0,0.0,1027.0,8228.0,0.0,0.0,0.0,0.0,0.0,1.0,0.0,0.0,0.0,0.011,0.0,0.0,0.0,0.0,0.0,0.0506,16.0,25903.0
2026-07-30T18:58:51.879Z,101.362,101.37,0.0,7.4,0.0,0.0,0.0,0.0,0.0,0.0,0.0,0.0,1.0,0.0,0.0,0.0,9.0,4.0,0.0,0.0,0.0,0.0,0.0,0.0,0.0,0.0,1.0,12.0,1.0,12.15,5.0200000000000005,2.51,1.49,-0.4,2.0,0.0,1.9,0.0,0.3,0.6000000000000001,1.1,-49.7,0.0,24.0,175.20000000000002,0.0,21.9,32.7,32.7,33.5,300.0,300.0,30.6,34.4,31.6,31.200000000000003,32.800000000000004,4.95,1.99,4.96,0.16,0.0,0.0,1027.0,8228.0,0.0,0.0,0.0,0.0,0.0,1.0,0.0,0.0,0.0,0.011,0.0,1.4,0.0,-1.0,0.0,0.0458,16.0,25903.0
2026-07-30T18:58:51.886Z,101.369,101.382,0.0,7.4,0.0,0.0,0.0,0.0,0.0,0.0,0.0,0.0,1.0,0.0,0.0,0.0,9.0,4.0,0.0,0.0,0.0,0.0,0.0,0.0,0.0,0.0,6.0,12.0,1.0,12.15,5.0200000000000005,2.51,1.49,-1.2000000000000002,2.1,0.0,1.9,0.0,0.4,-0.5,-0.6000000000000001,-38.7,0.0,24.0,196.7,0.0,21.9,32.7,32.7,33.5,300.0,300.0,30.6,34.4,31.6,31.200000000000003,32.800000000000004,4.95,1.99,4.96,0.16,0.0,0.0,1027.0,8228.0,0.0,0.0,0.0,0.0,0.0,1.0,0.0,0.0,0.0,0.011,0.0,-0.7000000000000001,0.0,0.9,0.0,0.0444,16.0,25903.0
2026-07-30T18:58:51.898Z,101.381,101.394,0.0,7.4,0.0,0.0,0.0,0.0,0.0,0.0,0.0,0.0,1.0,0.0,0.0,0.0,9.0,4.0,0.0,0.0,0.0,0.0,0.0,0.0,0.0,0.0,1.0,12.0,1.0,12.1,5.0200000000000005,2.51,1.5,-1.8,1.8,0.0,1.8,0.0,-0.1,0.0,-0.6000000000000001,-24.9,0.0,24.0,218.6,0.0,21.4,32.7,32.7,33.4,300.0,300.0,30.700000000000003,34.5,31.6,31.1,32.800000000000004,4.95,1.99,4.97,0.16,0.0,0.0,1027.0,8228.0,0.0,0.0,0.0,0.0,0.0,1.0,0.0,0.0,0.0,0.012,0.0,0.1,0.0,0.6000000000000001,0.0,0.0478,16.0,25903.0
2026-07-30T18:58:51.910Z,101.393,101.406,0.0,7.4,0.0,0.0,0.0,0.0,0.0,0.0,0.0,0.0,1.0,0.0,0.0,0.0,9.0,4.0,0.0,0.0,0.0,0.0,0.0,0.0,0.0,0.0,3.0,12.0,1.0,12.1,5.0200000000000005,2.51,1.5,-2.0,1.3,0.0,1.9,0.0,-0.1,-0.5,0.0,-13.7,0.0,25.0,244.0,0.0,21.4,32.7,32.7,33.4,300.0,300.0,30.700000000000003,34.5,31.6,31.1,32.800000000000004,4.96,1.99,4.96,0.16,0.0,0.0,1027.0,8228.0,0.0,0.0,0.0,0.0,0.0,1.0,0.0,0.0,0.0,0.013,0.0,-0.2,0.0,0.6000000000000001,0.0,0.049,16.0,25903.0
2026-07-30T18:58:51.922Z,101.405,101.418,0.0,7.4,0.0,0.0,0.0,0.0,0.0,0.0,0.0,0.0,1.0,0.0,0.0,0.0,9.0,4.0,0.0,0.0,0.0,0.0,0.0,0.0,0.0,0.0,3.0,12.0,1.0,12.1,5.0200000000000005,2.51,1.5,-1.7000000000000002,0.5,0.0,1.8,0.0,0.3,0.0,0.4,-5.2,0.0,26.0,268.2,0.0,21.4,32.7,32.7,33.4,300.0,300.0,30.700000000000003,34.5,31.6,31.1,32.800000000000004,4.96,2.0,4.96,0.16,0.0,0.0,1027.0,8228.0,0.0,0.0,0.0,0.0,0.0,1.0,0.0,0.0,0.0,0.013,0.0,-0.4,0.0,-0.2,0.0,0.0553,16.0,25903.0
2026-07-30T18:58:51.934Z,101.417,101.43,0.0,7.4,0.0,0.0,0.0,0.0,0.0,0.0,0.0,0.0,1.0,0.0,0.0,0.0,9.0,4.0,0.0,0.0,0.0,0.0,0.0,0.0,0.0,0.0,4.0,12.0,1.0,12.1,5.0200000000000005,2.51,1.5,-1.4,0.0,0.0,1.8,0.0,-0.2,0.0,0.4,1.1,0.0,26.0,288.90000000000003,0.0,21.4,32.7,32.7,33.4,300.0,300.0,30.700000000000003,34.5,31.6,31.1,32.800000000000004,4.95,1.99,4.96,0.16,0.0,0.0,1027.0,8228.0,0.0,0.0,0.0,0.0,0.0,1.0,0.0,0.0,0.0,0.012,0.0,-0.5,0.0,-0.1,0.0,0.0556,16.0,25903.0
2026-07-30T18:58:51.946Z,101.429,101.442,0.0,7.4,0.0,0.0,0.0,0.0,0.0,0.0,0.0,0.0,1.0,0.0,0.0,0.0,9.0,4.0,0.0,0.0,0.0,0.0,0.0,0.0,0.0,0.0,5.0,12.0,1.0,12.1,5.0200000000000005,2.51,1.5,-0.9,-0.4,0.0,1.9,0.0,1.5,0.6000000000000001,2.1,5.5,0.0,26.0,307.8,0.0,21.4,32.7,32.7,33.4,300.0,300.0,30.700000000000003,34.5,31.6,31.1,32.800000000000004,4.95,1.99,4.96,0.16,0.0,0.0,1027.0,8228.0,0.0,0.0,0.0,0.0,0.0,1.0,0.0,0.0,0.0,0.011,0.0,-2.9000000000000004,0.0,-0.2,0.0,0.0496,16.0,25903.0
2026-07-30T18:58:51.958Z,101.441,101.454,0.0,7.4,0.0,0.0,0.0,0.0,0.0,0.0,0.0,0.0,1.0,0.0,0.0,0.0,9.0,4.0,0.0,0.0,0.0,0.0,0.0,0.0,0.0,0.0,1.0,12.0,1.0,12.1,5.0200000000000005,2.51,1.5,-0.5,-0.7000000000000001,0.0,1.8,0.0,-0.8,-0.5,-0.1,8.200000000000001,0.0,26.0,324.8,0.0,21.4,32.7,32.7,33.4,300.0,300.0,30.700000000000003,34.5,31.6,31.1,32.800000000000004,4.96,1.99,4.96,0.16,0.0,0.0,1027.0,8228.0,0.0,0.0,0.0,0.0,0.0,1.0,0.0,0.0,0.0,0.01,0.0,0.6000000000000001,0.0,0.2,0.0,0.0445,16.0,25903.0
2026-07-30T18:58:51.970Z,101.453,101.466,0.0,7.4,0.0,0.0,0.0,0.0,0.0,0.0,0.0,0.0,1.0,0.0,0.0,0.0,9.0,4.0,0.0,0.0,0.0,0.0,0.0,0.0,0.0,0.0,2.0,12.0,1.0,12.1,5.0200000000000005,2.51,1.5,-0.3,-0.8,0.0,1.8,0.0,0.9,0.0,-0.1,9.6,0.0,26.0,339.70000000000005,0.0,21.4,32.7,32.7,33.4,300.0,300.0,30.700000000000003,34.5,31.6,31.1,32.800000000000004,4.96,1.99,4.97,0.16,0.0,0.0,1027.0,8228.0,0.0,0.0,0.0,0.0,0.0,1.0,0.0,0.0,0.0,0.008,0.0,-0.4,0.0,-0.3,0.0,0.0402,16.0,25903.0
2026-07-30T18:58:51.982Z,101.465,101.478,0.0,7.4,0.0,0.0,0.0,0.0,0.0,0.0,0.0,0.0,1.0,0.0,0.0,0.0,9.0,4.0,0.0,0.0,0.0,0.0,0.0,0.0,0.0,0.0,3.0,12.0,1.0,12.1,5.0200000000000005,2.51,1.5,0.0,-1.0,0.0,1.9,0.0,-0.2,0.5,-0.1,9.9,0.0,25.0,352.90000000000003,0.0,21.4,32.7,32.7,33.4,300.0,300.0,30.700000000000003,34.5,31.6,31.1,32.800000000000004,4.95,2.0,4.97,0.16,0.0,0.0,1027.0,8228.0,0.0,0.0,0.0,0.0,0.0,1.0,0.0,0.0,0.0,0.007,0.0,-1.2000000000000002,0.0,-0.2,0.0,0.0354,16.0,25903.0
2026-07-30T18:58:51.996Z,101.479,101.49,0.0,7.4,0.0,0.0,0.0,0.0,0.0,0.0,0.0,0.0,1.0,0.0,0.0,0.0,9.0,4.0,0.0,0.0,0.0,0.0,0.0,0.0,0.0,0.0,4.0,12.0,1.0,12.17,5.01,2.5,1.49,0.3,-1.0,0.0,1.8,0.0,0.9,0.0,1.0,9.3,0.0,25.0,5.2,0.0,21.8,32.7,32.6,33.5,300.0,300.0,30.6,34.4,31.5,31.1,32.800000000000004,4.95,2.0,4.96,0.16,0.0,0.0,1027.0,8228.0,0.0,0.0,0.0,0.0,0.0,1.0,0.0,0.0,0.0,0.007,0.0,0.6000000000000001,0.0,-0.1,0.0,0.0314,16.0,25903.0
2026-07-30T18:58:52.006Z,101.489,101.502,0.0,7.4,0.0,0.0,0.0,0.0,0.0,0.0,0.0,0.0,1.0,0.0,0.0,0.0,9.0,4.0,0.0,0.0,0.0,0.0,0.0,0.0,0.0,0.0,6.0,12.0,1.0,12.17,5.01,2.5,1.49,0.5,-0.9,0.0,1.8,0.0,0.2,0.0,0.4,7.800000000000001,0.0,24.0,16.400000000000002,0.0,21.8,32.7,32.6,33.5,300.0,300.0,30.6,34.4,31.5,31.1,32.800000000000004,4.95,2.0,4.96,0.16,0.0,0.0,1027.0,8228.0,0.0,0.0,0.0,0.0,0.0,1.0,0.0,0.0,0.0,0.006,0.0,0.8,0.0,-1.0,0.0,0.0286,16.0,25903.0
2026-07-30T18:58:52.018Z,101.501,101.514,0.0,7.4,0.0,0.0,0.0,0.0,0.0,0.0,0.0,0.0,1.0,0.0,0.0,0.0,9.0,4.0,0.0,0.0,0.0,0.0,0.0,0.0,0.0,0.0,1.0,12.0,1.0,12.17,5.01,2.5,1.49,0.5,-0.8,0.0,1.8,0.0,-0.9,0.0,0.4,5.7,0.0,23.0,26.6,0.0,21.8,32.7,32.6,33.5,300.0,300.0,30.6,34.4,31.5,31.1,32.800000000000004,4.95,2.0,4.97,0.16,0.0,0.0,1027.0,8228.0,0.0,0.0,0.0,0.0,0.0,1.0,0.0,0.0,0.0,0.005,0.0,0.0,0.0,0.5,0.0,0.0263,16.0,25903.0
2026-07-30T18:58:52.030Z,101.513,101.526,0.0,7.4,0.0,0.0,0.0,0.0,0.0,0.0,0.0,0.0,1.0,0.0,0.0,0.0,9.0,4.0,0.0,0.0,0.0,0.0,0.0,0.0,0.0,0.0,3.0,12.0,1.0,12.17,5.01,2.5,1.49,0.6000000000000001,-0.7000000000000001,0.0,1.8,0.0,0.2,1.2000000000000002,-0.1,3.0,0.0,23.0,36.1,0.0,21.8,32.7,32.6,33.5,300.0,300.0,30.6,34.4,31.5,31.1,32.800000000000004,4.96,1.99,4.97,0.16,0.0,0.0,1027.0,8228.0,0.0,0.0,0.0,0.0,0.0,1.0,0.0,0.0,0.0,0.005,0.0,-1.1,0.0,0.6000000000000001,0.0,0.0239,16.0,25903.0
2026-07-30T18:58:52.042Z,101.525,101.538,0.0,7.4,0.0,0.0,0.0,0.0,0.0,0.0,0.0,0.0,1.0,0.0,0.0,0.0,9.0,4.0,0.0,0.0,0.0,0.0,0.0,0.0,0.0,0.0,4.0,12.0,1.0,12.17,5.01,2.5,1.49,0.9,-0.8,0.0,1.8,0.0,1.4,1.8,1.6,-0.2,0.0,22.0,46.1,0.0,21.8,32.7,32.6,33.5,300.0,300.0,30.6,34.4,31.5,31.1,32.800000000000004,4.95,1.99,4.97,0.16,0.0,0.0,1027.0,8228.0,0.0,0.0,0.0,0.0,0.0,1.0,0.0,0.0,0.0,0.005,0.0,-0.9,0.0,3.4000000000000004,0.0,0.0222,16.0,25903.0
2026-07-30T18:58:52.054Z,101.537,101.55,0.0,7.4,0.0,0.0,0.0,0.0,0.0,0.0,0.0,0.0,1.0,0.0,0.0,0.0,9.0,4.0,0.0,0.0,0.0,0.0,0.0,0.0,0.0,0.0,5.0,12.0,1.0,12.17,5.01,2.5,1.49,0.8,-0.6000000000000001,0.0,1.8,0.0,-0.2,-0.4,0.4,-3.9,0.0,21.0,56.5,0.0,21.8,32.7,32.6,33.5,300.0,300.0,30.6,34.4,31.5,31.1,32.800000000000004,4.95,1.99,4.96,0.16,0.0,0.0,1027.0,8228.0,0.0,0.0,0.0,0.0,0.0,1.0,0.0,0.0,0.0,0.005,0.0,0.5,0.0,0.0,0.0,0.0223,16.0,25903.0
2026-07-30T18:58:52.066Z,101.549,101.562,0.0,7.4,0.0,0.0,0.0,0.0,0.0,0.0,0.0,0.0,1.0,0.0,0.0,0.0,9.0,4.0,0.0,0.0,0.0,0.0,0.0,0.0,0.0,0.0,6.0,12.0,1.0,12.17,5.01,2.5,1.49,0.8,-0.4,0.0,1.8,0.0,-0.2,0.0,-0.7000000000000001,-8.1,0.0,21.0,66.5,0.0,21.8,32.7,32.6,33.5,300.0,300.0,30.6,34.4,31.5,31.1,32.800000000000004,4.95,1.99,4.96,0.16,0.0,0.0,1027.0,8228.0,0.0,0.0,0.0,0.0,0.0,1.0,0.0,0.0,0.0,0.005,0.0,-0.5,0.0,-0.6000000000000001,0.0,0.0233,16.0,25903.0
2026-07-30T18:58:52.078Z,101.561,101.574,0.0,7.4,0.0,0.0,0.0,0.0,0.0,0.0,0.0,0.0,1.0,0.0,0.0,0.0,9.0,4.0,0.0,0.0,0.0,0.0,0.0,0.0,0.0,0.0,1.0,12.0,1.0,12.17,5.01,2.5,1.49,0.5,-0.2,0.0,1.8,0.0,0.3,0.6000000000000001,0.9,-12.7,0.0,20.0,74.9,0.0,21.8,32.7,32.6,33.5,300.0,300.0,30.6,34.4,31.5,31.1,32.800000000000004,4.96,2.0,4.96,0.16,0.0,0.0,1027.0,8228.0,0.0,0.0,0.0,0.0,0.0,1.0,0.0,0.0,0.0,0.005,0.0,0.6000000000000001,0.0,1.5,0.0,0.023,16.0,25903.0
2026-07-30T18:58:52.090Z,101.573,101.586,0.0,7.4,0.0,0.0,0.0,0.0,0.0,0.0,0.0,0.0,1.0,0.0,0.0,0.0,9.0,4.0,0.0,0.0,0.0,0.0,0.0,0.0,0.0,0.0,3.0,12.0,1.0,12.17,5.01,2.5,1.49,0.3,0.0,0.0,1.8,0.0,-0.8,-0.5,-0.7000000000000001,-17.400000000000002,0.0,19.0,80.80000000000001,0.0,21.8,32.7,32.6,33.5,300.0,300.0,30.6,34.4,31.5,31.1,32.800000000000004,4.95,2.0,4.96,0.16,0.0,0.0,1027.0,8228.0,0.0,0.0,0.0,0.0,0.0,1.0,0.0,0.0,0.0,0.003,0.0,-0.5,0.0,-1.1,0.0,0.0204,16.0,25903.0
2026-07-30T18:58:52.102Z,101.585,101.598,0.0,7.4,0.0,0.0,0.0,0.0,0.0,0.0,0.0,0.0,1.0,0.0,0.0,0.0,9.0,4.0,0.0,0.0,0.0,0.0,0.0,0.0,0.0,0.0,4.0,12.0,1.0,12.17,5.01,2.51,1.49,0.1,0.1,0.0,1.7000000000000002,0.0,-0.8,-1.0,-1.9,-22.200000000000003,0.0,18.0,84.2,0.0,21.3,32.7,32.6,33.4,300.0,300.0,30.5,34.4,31.5,31.1,32.800000000000004,4.95,1.99,4.97,0.16,0.0,0.0,1027.0,8228.0,0.0,0.0,0.0,0.0,0.0,1.0,0.0,0.0,0.0,0.002,0.0,-1.6,0.0,-2.5,0.0,0.0153,16.0,25903.0
2026-07-30T18:58:52.114Z,101.597,101.61,0.0,7.4,0.0,0.0,0.0,0.0,0.0,0.0,0.0,0.0,1.0,0.0,0.0,0.0,9.0,4.0,0.0,0.0,0.0,0.0,0.0,0.0,0.0,0.0,5.0,12.0,1.0,12.17,5.01,2.51,1.49,0.0,0.1,0.0,1.7000000000000002,0.0,-0.2,0.6000000000000001,0.4,-26.700000000000003,0.0,17.0,84.80000000000001,0.0,21.3,32.7,32.6,33.4,300.0,300.0,30.5,34.4,31.5,31.1,32.800000000000004,4.95,2.0,4.96,0.16,0.0,0.0,1027.0,8228.0,0.0,0.0,0.0,0.0,0.0,1.0,0.0,0.0,0.0,0.0,0.0,0.3,0.0,1.0,0.0,0.0096,16.0,25903.0
2026-07-30T18:58:52.126Z,101.609,101.622,0.0,7.4,0.0,0.0,0.0,0.0,0.0,0.0,0.0,0.0,1.0,0.0,0.0,0.0,9.0,4.0,0.0,0.0,0.0,0.0,0.0,0.0,0.0,0.0,6.0,12.0,1.0,12.17,5.01,2.51,1.49,-0.2,0.1,0.0,1.7000000000000002,0.0,-0.2,0.6000000000000001,1.0,-30.8,0.0,16.0,82.60000000000001,0.0,21.3,32.7,32.6,33.4,300.0,300.0,30.5,34.4,31.5,31.1,32.800000000000004,4.96,1.99,4.96,0.16,0.0,0.0,1027.0,8228.0,0.0,0.0,0.0,0.0,0.0,1.0,0.0,0.0,0.0,0.0,0.0,0.8,0.0,1.5,0.0,0.0037,16.0,25903.0
2026-07-30T18:58:52.138Z,101.621,101.634,0.0,7.4,0.0,0.0,0.0,0.0,0.0,0.0,0.0,0.0,1.0,0.0,0.0,0.0,9.0,4.0,0.0,0.0,0.0,0.0,0.0,0.0,0.0,0.0,1.0,12.0,1.0,12.17,5.01,2.51,1.49,-0.4,0.2,0.0,1.7000000000000002,0.0,0.3,-0.4,0.4,-34.4,0.0,14.0,78.5,0.0,21.3,32.7,32.6,33.4,300.0,300.0,30.5,34.4,31.5,31.1,32.800000000000004,4.95,1.99,4.97,0.16,0.0,0.0,1027.0,8228.0,0.0,0.0,0.0,0.0,0.0,1.0,0.0,0.0,0.0,-0.001,0.0,0.5,0.0,-0.1,0.0,0.0025,16.0,25903.0
2026-07-30T18:58:52.150Z,101.633,101.646,0.0,7.4,0.0,0.0,0.0,0.0,0.0,0.0,0.0,0.0,1.0,0.0,0.0,0.0,9.0,4.0,0.0,0.0,0.0,0.0,0.0,0.0,0.0,0.0,2.0,12.0,1.0,12.17,5.01,2.51,1.49,-0.5,0.3,0.0,1.7000000000000002,0.0,0.3,-1.0,-0.1,-37.4,0.0,13.0,72.60000000000001,0.0,21.3,32.7,32.6,33.4,300.0,300.0,30.5,34.4,31.5,31.1,32.800000000000004,4.96,1.99,4.96,0.16,0.0,0.0,1027.0,8228.0,0.0,0.0,0.0,0.0,0.0,1.0,0.0,0.0,0.0,-0.002,0.0,0.2,0.0,-1.2000000000000002,0.0,0.0078,16.0,25903.0
2026-07-30T18:58:52.162Z,101.645,101.658,0.0,7.4,0.0,0.0,0.0,0.0,0.0,0.0,0.0,0.0,1.0,0.0,0.0,0.0,9.0,4.0,0.0,0.0,0.0,0.0,0.0,0.0,0.0,0.0,3.0,12.0,1.0,12.17,5.01,2.51,1.49,-0.7000000000000001,0.5,0.0,1.7000000000000002,0.0,-0.2,0.0,-0.6000000000000001,-39.7,0.0,11.0,65.10000000000001,0.0,21.3,32.7,32.6,33.4,300.0,300.0,30.5,34.4,31.5,31.1,32.800000000000004,4.96,1.99,4.96,0.16,0.0,0.0,1027.0,8228.0,0.0,0.0,0.0,0.0,0.0,1.0,0.0,0.0,0.0,-0.003,0.0,-0.5,0.0,-0.5,0.0,0.0119,16.0,25903.0
2026-07-30T18:58:52.174Z,101.657,101.67,0.0,7.4,0.0,0.0,0.0,0.0,0.0,0.0,0.0,0.0,1.0,0.0,0.0,0.0,9.0,4.0,0.0,0.0,0.0,0.0,0.0,0.0,0.0,0.0,4.0,12.0,1.0,12.17,5.01,2.51,1.49,-0.7000000000000001,0.6000000000000001,0.0,1.7000000000000002,0.0,-0.2,1.2000000000000002,0.4,-41.2,0.0,9.0,56.8,0.0,21.3,32.7,32.6,33.4,300.0,300.0,30.5,34.4,31.5,31.1,32.800000000000004,4.96,1.99,4.96,0.16,0.0,0.0,1027.0,8228.0,0.0,0.0,0.0,0.0,0.0,1.0,0.0,0.0,0.0,-0.004,0.0,-0.5,0.0,1.7000000000000002,0.0,0.0158,16.0,25903.0
2026-07-30T18:58:52.196Z,101.679,101.682,0.0,7.4,0.0,0.0,0.0,0.0,0.0,0.0,0.0,0.0,1.0,0.0,0.0,0.0,9.0,4.0,0.0,0.0,0.0,0.0,0.0,0.0,0.0,0.0,4.0,12.0,1.0,12.17,5.01,2.51,1.49,-0.6000000000000001,0.6000000000000001,0.0,1.7000000000000002,0.0,0.3,0.1,-0.6000000000000001,-42.0,0.0,8.0,48.6,0.0,21.3,32.7,32.6,33.4,300.0,300.0,30.5,34.4,31.5,31.1,32.800000000000004,4.95,1.99,4.97,0.16,0.0,0.0,1027.0,8228.0,0.0,0.0,0.0,0.0,0.0,1.0,0.0,0.0,0.0,-0.004,0.0,-0.3,0.0,-0.6000000000000001,0.0,0.0182,16.0,25903.0
2026-07-30T18:58:52.200Z,101.683,101.694,0.0,7.4,0.0,0.0,0.0,0.0,0.0,0.0,0.0,0.0,1.0,0.0,0.0,0.0,9.0,4.0,0.0,0.0,0.0,0.0,0.0,0.0,0.0,0.0,3.0,12.0,1.0,12.18,5.01,2.5,1.5,-0.5,0.6000000000000001,0.0,1.7000000000000002,0.0,0.3,0.1,0.4,-42.2,0.0,7.0,41.3,0.0,21.700000000000003,32.6,32.6,33.4,300.0,300.0,30.3,34.4,31.5,31.1,32.800000000000004,4.96,1.99,4.96,0.16,0.0,0.0,1027.0,8228.0,0.0,0.0,0.0,0.0,0.0,1.0,0.0,0.0,0.0,-0.004,0.0,0.0,0.0,0.6000000000000001,0.0,0.0184,16.0,25903.0
2026-07-30T18:58:52.210Z,101.693,101.706,0.0,7.4,0.0,0.0,0.0,0.0,0.0,0.0,0.0,0.0,1.0,0.0,0.0,0.0,9.0,4.0,0.0,0.0,0.0,0.0,0.0,0.0,0.0,0.0,2.0,12.0,1.0,12.18,5.01,2.5,1.5,-0.3,0.4,0.0,1.7000000000000002,0.0,-0.2,-0.5,-1.2000000000000002,-41.900000000000006,0.0,5.0,35.2,0.0,21.700000000000003,32.6,32.6,33.4,300.0,300.0,30.3,34.4,31.5,31.1,32.800000000000004,4.96,1.99,4.97,0.16,0.0,0.0,1027.0,8228.0,0.0,0.0,0.0,0.0,0.0,1.0,0.0,0.0,0.0,-0.003,0.0,0.3,0.0,-1.7000000000000002,0.0,0.0171,16.0,25903.0
2026-07-30T18:58:52.222Z,101.705,101.718,0.0,7.4,0.0,0.0,0.0,0.0,0.0,0.0,0.0,0.0,1.0,0.0,0.0,0.0,9.0,4.0,0.0,0.0,0.0,0.0,0.0,0.0,0.0,0.0,3.0,12.0,1.0,12.18,5.01,2.5,1.5,-0.4,0.5,0.0,1.6,0.0,0.9,1.8,0.4,-41.2,0.0,4.0,30.0,0.0,21.700000000000003,32.6,32.6,33.4,300.0,300.0,30.3,34.4,31.5,31.1,32.800000000000004,4.95,1.99,4.97,0.16,0.0,0.0,1027.0,8228.0,0.0,0.0,0.0,0.0,0.0,1.0,0.0,0.0,0.0,-0.003,0.0,-1.8,0.0,1.6,0.0,0.0148,16.0,25903.0
2026-07-30T18:58:52.234Z,101.717,101.73,0.0,7.4,0.0,0.0,0.0,0.0,0.0,0.0,0.0,0.0,1.0,0.0,0.0,0.0,9.0,4.0,0.0,0.0,0.0,0.0,0.0,0.0,0.0,0.0,5.0,12.0,1.0,12.18,5.01,2.5,1.5,-0.2,0.5,0.0,1.7000000000000002,0.0,0.3,-0.4,0.4,-40.2,0.0,4.0,24.5,0.0,21.700000000000003,32.6,32.6,33.4,300.0,300.0,30.3,34.4,31.5,31.1,32.800000000000004,4.96,1.99,4.96,0.16,0.0,0.0,1027.0,8228.0,0.0,0.0,0.0,0.0,0.0,1.0,0.0,0.0,0.0,-0.003,0.0,0.4,0.0,0.3,0.0,0.0125,16.0,25903.0
2026-07-30T18:58:52.246Z,101.729,101.742,0.0,7.4,0.0,0.0,0.0,0.0,0.0,0.0,0.0,0.0,1.0,0.0,0.0,0.0,9.0,4.0,0.0,0.0,0.0,0.0,0.0,0.0,0.0,0.0,6.0,12.0,1.0,12.18,5.01,2.5,1.5,-0.3,0.6000000000000001,0.0,1.6,0.0,0.3,-0.5,-0.7000000000000001,-38.8,0.0,3.0,18.4,0.0,21.700000000000003,32.6,32.6,33.4,300.0,300.0,30.3,34.4,31.5,31.1,32.800000000000004,4.96,1.99,4.96,0.16,0.0,0.0,1027.0,8228.0,0.0,0.0,0.0,0.0,0.0,1.0,0.0,0.0,0.0,-0.003,0.0,0.7000000000000001,0.0,-1.0,0.0,0.0124,16.0,25903.0
2026-07-30T18:58:52.258Z,101.741,101.754,0.0,7.4,0.0,0.0,0.0,0.0,0.0,0.0,0.0,0.0,1.0,0.0,0.0,0.0,9.0,4.0,0.0,0.0,0.0,0.0,0.0,0.0,0.0,0.0,1.0,12.0,1.0,12.18,5.01,2.5,1.5,-0.3,0.7000000000000001,0.0,1.6,0.0,0.3,0.5,1.5,-37.1,0.0,2.0,11.5,0.0,21.700000000000003,32.6,32.6,33.4,300.0,300.0,30.3,34.4,31.5,31.1,32.800000000000004,4.96,1.99,4.97,0.17,0.0,0.0,1027.0,8228.0,0.0,0.0,0.0,0.0,0.0,1.0,0.0,0.0,0.0,-0.003,0.0,-1.2000000000000002,0.0,1.8,0.0,0.0134,16.0,25903.0
2026-07-30T18:58:52.270Z,101.753,101.766,0.0,7.4,0.0,0.0,0.0,0.0,0.0,0.0,0.0,0.0,1.0,0.0,0.0,0.0,9.0,4.0,0.0,0.0,0.0,0.0,0.0,0.0,0.0,0.0,2.0,12.0,1.0,12.18,5.01,2.5,1.5,-0.2,0.8,0.0,1.6,0.0,0.2,0.0,0.3,-34.9,0.0,1.0,3.6,0.0,21.700000000000003,32.6,32.6,33.4,300.0,300.0,30.3,34.4,31.5,31.1,32.800000000000004,4.95,1.99,4.97,0.16,0.0,0.0,1027.0,8228.0,0.0,0.0,0.0,0.0,0.0,1.0,0.0,0.0,0.0,-0.004,0.0,-0.2,0.0,0.3,0.0,0.015,16.0,25903.0
2026-07-30T18:58:52.282Z,101.765,101.778,0.0,7.4,0.0,0.0,0.0,0.0,0.0,0.0,0.0,0.0,1.0,0.0,0.0,0.0,9.0,4.0,0.0,0.0,0.0,0.0,0.0,0.0,0.0,0.0,3.0,12.0,1.0,12.18,5.01,2.5,1.5,0.0,0.9,0.0,1.6,0.0,1.4,1.7000000000000002,0.3,-32.300000000000004,0.0,0.0,355.20000000000005,0.0,21.700000000000003,32.6,32.6,33.4,300.0,300.0,30.3,34.4,31.5,31.1,32.800000000000004,4.96,1.99,4.96,0.16,0.0,0.0,1027.0,8228.0,0.0,0.0,0.0,0.0,0.0,1.0,0.0,0.0,0.0,-0.004,0.0,-2.2,0.0,0.1,0.0,0.017,16.0,25903.0
2026-07-30T18:58:52.294Z,101.777,101.79,0.0,7.4,0.0,0.0,0.0,0.0,0.0,0.0,0.0,0.0,1.0,0.0,0.0,0.0,9.0,4.0,0.0,0.0,0.0,0.0,0.0,0.0,0.0,0.0,4.0,12.0,1.0,12.18,5.01,2.5,1.5,0.0,0.7000000000000001,0.0,1.6,0.0,0.2,0.6000000000000001,0.3,-29.3,0.0,0.0,346.20000000000005,0.0,21.700000000000003,32.6,32.6,33.4,300.0,300.0,30.3,34.4,31.5,31.1,32.800000000000004,4.96,1.99,4.97,0.16,0.0,0.0,1027.0,8228.0,0.0,0.0,0.0,0.0,0.0,1.0,0.0,0.0,0.0,-0.004,0.0,-0.9,0.0,0.1,0.0,0.0186,16.0,25903.0
2026-07-30T18:58:52.306Z,101.789,101.802,0.0,7.4,0.0,0.0,0.0,0.0,0.0,0.0,0.0,0.0,1.0,0.0,0.0,0.0,9.0,4.0,0.0,0.0,0.0,0.0,0.0,0.0,0.0,0.0,5.0,12.0,1.0,12.18,5.01,2.5,1.5,0.1,0.7000000000000001,0.0,1.6,0.0,-0.3,0.0,-0.7000000000000001,-25.8,0.0,-1.0,337.0,0.0,21.0,32.6,32.6,33.5,300.0,300.0,30.4,34.5,31.5,31.1,32.800000000000004,4.96,1.99,4.96,0.16,0.0,0.0,1027.0,8228.0,0.0,0.0,0.0,0.0,0.0,1.0,0.0,0.0,0.0,-0.005,0.0,0.6000000000000001,0.0,-0.5,0.0,0.0198,16.0,25903.0
2026-07-30T18:58:52.318Z,101.801,101.814,0.0,7.4,0.0,0.0,0.0,0.0,0.0,0.0,0.0,0.0,1.0,0.0,0.0,0.0,9.0,4.0,0.0,0.0,0.0,0.0,0.0,0.0,0.0,0.0,6.0,12.0,1.0,12.18,5.01,2.5,1.5,0.4,0.6000000000000001,0.0,1.6,0.0,0.2,1.8,1.5,-21.9,0.0,-2.0,326.90000000000003,0.0,21.0,32.6,32.6,33.5,300.0,300.0,30.4,34.5,31.5,31.1,32.800000000000004,4.96,2.0,4.96,0.16,0.0,0.0,1027.0,8228.0,0.0,0.0,0.0,0.0,0.0,1.0,0.0,0.0,0.0,-0.005,0.0,-3.4000000000000004,0.0,-0.3,0.0,0.0205,16.0,25903.0
2026-07-30T18:58:52.330Z,101.813,101.826,0.0,7.4,0.0,0.0,0.0,0.0,0.0,0.0,0.0,0.0,1.0,0.0,0.0,0.0,9.0,4.0,0.0,0.0,0.0,0.0,0.0,0.0,0.0,0.0,1.0,12.0,1.0,12.18,5.01,2.5,1.5,0.4,0.5,0.0,1.6,0.0,-0.2,-0.4,-0.1,-17.5,0.0,-3.0,315.40000000000003,0.0,21.0,32.6,32.6,33.5,300.0,300.0,30.4,34.5,31.5,31.1,32.800000000000004,4.96,2.0,4.96,0.16,0.0,0.0,1027.0,8228.0,0.0,0.0,0.0,0.0,0.0,1.0,0.0,0.0,0.0,-0.006,0.0,0.5,0.0,0.3,0.0,0.0223,16.0,25903.0
2026-07-30T18:58:52.342Z,101.825,101.838,0.0,7.4,0.0,0.0,0.0,0.0,0.0,0.0,0.0,0.0,1.0,0.0,0.0,0.0,9.0,4.0,0.0,0.0,0.0,0.0,0.0,0.0,0.0,0.0,2.0,12.0,1.0,12.18,5.01,2.5,1.5,0.8,0.3,0.0,1.6,0.0,0.3,0.6000000000000001,-0.7000000000000001,-12.5,0.0,-4.0,302.2,0.0,21.0,32.6,32.6,33.5,300.0,300.0,30.4,34.5,31.5,31.1,32.800000000000004,4.96,1.99,4.97,0.16,0.0,0.0,1027.0,8228.0,0.0,0.0,0.0,0.0,0.0,1.0,0.0,0.0,0.0,-0.007,0.0,0.4,0.0,-0.6000000000000001,0.0,0.025,16.0,25903.0
2026-07-30T18:58:52.354Z,101.837,101.85,0.0,7.4,0.0,0.0,0.0,0.0,0.0,0.0,0.0,0.0,1.0,0.0,0.0,0.0,9.0,4.0,0.0,0.0,0.0,0.0,0.0,0.0,0.0,0.0,3.0,12.0,1.0,12.18,5.01,2.5,1.5,1.1,0.0,0.0,1.6,0.0,-0.8,1.2000000000000002,0.4,-6.800000000000001,0.0,-5.0,287.3,0.0,21.0,32.6,32.6,33.5,300.0,300.0,30.4,34.5,31.5,31.1,32.800000000000004,4.96,1.99,4.96,0.16,0.0,0.0,1027.0,8228.0,0.0,0.0,0.0,0.0,0.0,1.0,0.0,0.0,0.0,-0.008,0.0,-0.9,0.0,-1.4,0.0,0.0285,16.0,25903.0
2026-07-30T18:58:52.366Z,101.849,101.862,0.0,7.4,0.0,0.0,0.0,0.0,0.0,0.0,0.0,0.0,1.0,0.0,0.0,0.0,9.0,4.0,0.0,0.0,0.0,0.0,0.0,0.0,0.0,0.0,4.0,12.0,1.0,12.18,5.01,2.5,1.5,1.3,-0.2,0.0,1.6,0.0,0.3,0.0,0.4,-0.4,0.0,-6.0,271.1,0.0,21.0,32.6,32.6,33.5,300.0,300.0,30.4,34.5,31.5,31.1,32.800000000000004,4.96,2.0,4.96,0.16,0.0,0.0,1027.0,8228.0,0.0,0.0,0.0,0.0,0.0,1.0,0.0,0.0,0.0,-0.008,0.0,-0.5,0.0,-0.3,0.0,0.0323,16.0,25903.0
2026-07-30T18:58:52.378Z,101.861,101.874,0.0,7.4,0.0,0.0,0.0,0.0,0.0,0.0,0.0,0.0,1.0,0.0,0.0,0.0,9.0,4.0,0.0,0.0,0.0,0.0,0.0,0.0,0.0,0.0,5.0,12.0,1.0,12.18,5.01,2.5,1.5,1.6,-0.8,0.0,1.6,0.0,-0.8,-1.1,-1.2000000000000002,6.7,0.0,-8.0,252.3,0.0,21.0,32.6,32.6,33.5,300.0,300.0,30.4,34.5,31.5,31.1,32.800000000000004,4.95,2.0,4.97,0.16,0.0,0.0,1027.0,8228.0,0.0,0.0,0.0,0.0,0.0,1.0,0.0,0.0,0.0,-0.01,0.0,0.6000000000000001,0.0,2.3000000000000003,0.0,0.0357,16.0,25903.0
2026-07-30T18:58:52.390Z,101.873,101.886,0.0,7.4,0.0,0.0,0.0,0.0,0.0,0.0,0.0,0.0,1.0,0.0,0.0,0.0,9.0,4.0,0.0,0.0,0.0,0.0,0.0,0.0,0.0,0.0,6.0,12.0,1.0,12.18,5.01,2.5,1.5,1.6,-1.2000000000000002,0.0,1.6,0.0,0.3,0.6000000000000001,-0.1,14.9,0.0,-9.0,230.7,0.0,21.0,32.6,32.6,33.5,300.0,300.0,30.4,34.5,31.5,31.1,32.800000000000004,4.96,1.99,4.97,0.16,0.0,0.0,1027.0,8228.0,0.0,0.0,0.0,0.0,0.0,1.0,0.0,0.0,0.0,-0.011,0.0,0.5,0.0,-0.3,0.0,0.0406,16.0,25903.0
2026-07-30T18:58:52.403Z,101.886,101.898,0.0,7.4,0.0,0.0,0.0,0.0,0.0,0.0,0.0,0.0,1.0,0.0,0.0,0.0,9.0,4.0,0.0,0.0,0.0,0.0,0.0,0.0,0.0,0.0,1.0,12.0,1.0,12.15,5.01,2.5,1.49,1.3,-1.5,0.0,1.6,0.0,-0.3,1.7000000000000002,-0.7000000000000001,24.0,0.0,-11.0,209.7,0.0,21.8,32.6,32.6,33.4,300.0,300.0,30.4,34.5,31.5,31.1,32.800000000000004,4.96,2.0,4.96,0.16,0.0,0.0,1027.0,8228.0,0.0,0.0,0.0,0.0,0.0,1.0,0.0,0.0,0.0,-0.011,0.0,1.7000000000000002,0.0,-0.1,0.0,0.0466,16.0,25903.0
2026-07-30T18:58:52.414Z,101.897,101.91,0.0,7.4,0.0,0.0,0.0,0.0,0.0,0.0,0.0,0.0,1.0,0.0,0.0,0.0,9.0,4.0,0.0,0.0,0.0,0.0,0.0,0.0,0.0,0.0,3.0,12.0,1.0,12.15,5.01,2.5,1.49,0.9,-1.6,0.0,1.6,0.0,-0.3,0.5,-0.1,33.9,0.0,-12.0,191.6,0.0,21.8,32.6,32.6,33.4,300.0,300.0,30.4,34.5,31.5,31.1,32.800000000000004,4.96,1.99,4.96,0.16,0.0,0.0,1027.0,8228.0,0.0,0.0,0.0,0.0,0.0,1.0,0.0,0.0,0.0,-0.01,0.0,0.5,0.0,0.0,0.0,0.0479,16.0,25903.0
2026-07-30T18:58:52.426Z,101.909,101.922,0.0,7.4,0.0,0.0,0.0,0.0,0.0,0.0,0.0,0.0,1.0,0.0,0.0,0.0,9.0,4.0,0.0,0.0,0.0,0.0,0.0,0.0,0.0,0.0,4.0,12.0,1.0,12.15,5.01,2.5,1.49,0.2,-1.6,0.0,1.5,0.0,-0.3,0.0,-0.7000000000000001,34.800000000000004,0.0,-13.0,173.60000000000002,0.0,21.8,32.6,32.6,33.4,300.0,300.0,30.4,34.5,31.5,31.1,32.800000000000004,4.96,1.99,4.97,0.16,0.0,0.0,1027.0,8228.0,0.0,0.0,0.0,0.0,0.0,1.0,0.0,0.0,0.0,-0.01,0.0,-0.5,0.0,0.7000000000000001,0.0,0.0429,16.0,25903.0
2026-07-30T18:58:52.438Z,101.921,101.934,0.0,7.4,0.0,0.0,0.0,0.0,0.0,0.0,0.0,0.0,1.0,0.0,0.0,0.0,9.0,4.0,0.0,0.0,0.0,0.0,0.0,0.0,0.0,0.0,4.0,12.0,1.0,12.15,5.01,2.5,1.49,-0.2,-1.3,0.0,1.6,0.0,-0.2,-0.5,-0.1,20.3,0.0,-14.0,156.5,0.0,21.8,32.6,32.6,33.4,300.0,300.0,30.4,34.5,31.5,31.1,32.800000000000004,4.96,1.99,4.96,0.16,0.0,0.0,1027.0,8228.0,0.0,0.0,0.0,0.0,0.0,1.0,0.0,0.0,0.0,-0.009,0.0,-0.7000000000000001,0.0,-0.1,0.0,0.0412,16.0,25903.0
2026-07-30T18:58:52.451Z,101.934,101.946,0.0,7.4,0.0,0.0,0.0,0.0,0.0,0.0,0.0,0.0,1.0,0.0,0.0,0.0,9.0,4.0,0.0,0.0,0.0,0.0,0.0,0.0,0.0,0.0,5.0,12.0,1.0,12.15,5.01,2.5,1.49,-0.8,-0.8,0.0,1.6,0.0,0.2,0.5,-0.1,8.0,0.0,-14.0,140.20000000000002,0.0,21.8,32.6,32.6,33.4,300.0,300.0,30.4,34.5,31.5,31.1,32.800000000000004,4.96,1.99,4.97,0.16,0.0,0.0,1027.0,8228.0,0.0,0.0,0.0,0.0,0.0,1.0,0.0,0.0,0.0,-0.009,0.0,0.3,0.0,0.4,0.0,0.0397,16.0,25903.0
2026-07-30T18:58:52.462Z,101.945,101.958,0.0,7.4,0.0,0.0,0.0,0.0,0.0,0.0,0.0,0.0,1.0,0.0,0.0,0.0,9.0,4.0,0.0,0.0,0.0,0.0,0.0,0.0,0.0,0.0,6.0,12.0,1.0,12.15,5.01,2.5,1.49,-1.3,-0.3,0.0,1.6,0.0,-0.2,0.6000000000000001,-0.1,-2.0,0.0,-15.0,122.3,0.0,21.8,32.6,32.6,33.4,300.0,300.0,30.4,34.5,31.5,31.1,32.800000000000004,4.95,1.99,4.97,0.16,0.0,0.0,1027.0,8228.0,0.0,0.0,0.0,0.0,0.0,1.0,0.0,0.0,0.0,-0.009,0.0,0.1,0.0,0.6000000000000001,0.0,0.0373,16.0,25903.0
2026-07-30T18:58:52.474Z,101.957,101.97,0.0,7.4,0.0,0.0,0.0,0.0,0.0,0.0,0.0,0.0,1.0,0.0,0.0,0.0,9.0,4.0,0.0,0.0,0.0,0.0,0.0,0.0,0.0,0.0,1.0,12.0,1.0,12.15,5.01,2.5,1.49,-1.8,0.3,0.0,1.6,0.0,0.3,-0.5,0.9,-10.0,0.0,-16.0,101.7,0.0,21.8,32.6,32.6,33.4,300.0,300.0,30.4,34.5,31.5,31.1,32.800000000000004,4.96,1.99,4.96,0.16,0.0,0.0,1027.0,8228.0,0.0,0.0,0.0,0.0,0.0,1.0,0.0,0.0,0.0,-0.011,0.0,0.9,0.0,-0.2,0.0,0.0396,16.0,25903.0
2026-07-30T18:58:52.486Z,101.969,101.982,0.0,7.4,0.0,0.0,0.0,0.0,0.0,0.0,0.0,0.0,1.0,0.0,0.0,0.0,9.0,4.0,0.0,0.0,0.0,0.0,0.0,0.0,0.0,0.0,2.0,12.0,1.0,12.15,5.01,2.5,1.49,-2.0,1.0,0.0,1.7000000000000002,0.0,-0.2,0.0,0.4,-15.8,0.0,-17.0,78.5,0.0,21.8,32.6,32.6,33.4,300.0,300.0,30.4,34.5,31.5,31.1,32.800000000000004,4.95,2.0,4.96,0.16,0.0,0.0,1027.0,8228.0,0.0,0.0,0.0,0.0,0.0,1.0,0.0,0.0,0.0,-0.012,0.0,0.1,0.0,-1.3,0.0,0.0446,16.0,25903.0
2026-07-30T18:58:52.510Z,101.993,101.994,0.0,7.4,0.0,0.0,0.0,0.0,0.0,0.0,0.0,0.0,1.0,0.0,0.0,0.0,9.0,4.0,0.0,0.0,0.0,0.0,0.0,0.0,0.0,0.0,3.0,12.0,1.0,12.15,5.01,2.5,1.49,-2.0,1.8,0.0,1.8,0.0,0.3,0.5,1.0,-19.5,0.0,-18.0,53.900000000000006,0.0,21.8,32.6,32.6,33.4,300.0,300.0,30.4,34.5,31.5,31.1,32.800000000000004,4.95,1.99,4.97,0.16,0.0,0.0,1027.0,8228.0,0.0,0.0,0.0,0.0,0.0,1.0,0.0,0.0,0.0,-0.013,0.0,-0.6000000000000001,0.0,-0.1,0.0,0.0505,16.0,25903.0
2026-07-30T18:58:52.513Z,101.996,102.006,0.0,7.4,0.0,0.0,0.0,0.0,0.0,0.0,0.0,0.0,1.0,0.0,0.0,0.0,9.0,4.0,0.0,0.0,0.0,0.0,0.0,0.0,0.0,0.0,1.0,12.0,1.0,12.17,5.0200000000000005,2.51,1.49,-1.5,2.3000000000000003,0.0,1.9,0.0,-0.7000000000000001,0.0,-0.1,-21.0,0.0,-19.0,28.5,0.0,21.4,32.6,32.6,33.4,300.0,300.0,30.3,34.5,31.5,31.1,32.800000000000004,4.95,2.0,4.97,0.16,0.0,0.0,1027.0,8228.0,0.0,0.0,0.0,0.0,0.0,1.0,0.0,0.0,0.0,-0.014,0.0,0.0,0.0,0.5,0.0,0.0547,16.0,25903.0
2026-07-30T18:58:52.522Z,102.005,102.018,0.0,7.4,0.0,0.0,0.0,0.0,0.0,0.0,0.0,0.0,1.0,0.0,0.0,0.0,9.0,4.0,0.0,0.0,0.0,0.0,0.0,0.0,0.0,0.0,5.0,12.0,1.0,12.17,5.0200000000000005,2.51,1.49,-0.7000000000000001,2.4000000000000004,0.0,2.1,0.0,0.3,-0.5,0.4,-20.6,0.0,-20.0,1.9,0.0,21.4,32.6,32.6,33.4,300.0,300.0,30.3,34.5,31.5,31.1,32.800000000000004,4.96,2.0,4.96,0.16,0.0,0.0,1027.0,8228.0,0.0,0.0,0.0,0.0,0.0,1.0,0.0,0.0,0.0,-0.014,0.0,0.4,0.0,0.4,0.0,0.0569,16.0,25903.0
2026-07-30T18:58:52.534Z,102.017,102.03,0.0,7.4,0.0,0.0,0.0,0.0,0.0,0.0,0.0,0.0,1.0,0.0,0.0,0.0,9.0,4.0,0.0,0.0,0.0,0.0,0.0,0.0,0.0,0.0,1.0,12.0,1.0,12.17,5.0200000000000005,2.51,1.49,0.4,1.8,0.0,2.1,0.0,0.3,0.6000000000000001,1.0,-18.2,0.0,-22.0,334.20000000000005,0.0,21.4,32.6,32.6,33.4,300.0,300.0,30.3,34.5,31.5,31.1,32.800000000000004,4.95,1.99,4.97,0.16,0.0,0.0,1027.0,8228.0,0.0,0.0,0.0,0.0,0.0,1.0,0.0,0.0,0.0,-0.015,0.0,-1.6,0.0,0.3,0.0,0.0592,16.0,25903.0
2026-07-30T18:58:52.546Z,102.029,102.042,0.0,7.4,0.0,0.0,0.0,0.0,0.0,0.0,0.0,0.0,1.0,0.0,0.0,0.0,9.0,4.0,0.0,0.0,0.0,0.0,0.0,0.0,0.0,0.0,2.0,12.0,1.0,12.17,5.0200000000000005,2.51,1.49,1.4,0.9,0.0,2.1,0.0,-0.2,0.0,-0.1,-14.0,0.0,-23.0,306.2,0.0,21.4,32.6,32.6,33.4,300.0,300.0,30.3,34.5,31.5,31.1,32.800000000000004,4.95,1.99,4.96,0.16,0.0,0.0,1027.0,8228.0,0.0,0.0,0.0,0.0,0.0,1.0,0.0,0.0,0.0,-0.015,0.0,0.1,0.0,0.0,0.0,0.0616,16.0,25903.0
2026-07-30T18:58:52.558Z,102.041,102.054,0.0,7.4,0.0,0.0,0.0,0.0,0.0,0.0,0.0,0.0,1.0,0.0,0.0,0.0,9.0,4.0,0.0,0.0,0.0,0.0,0.0,0.0,0.0,0.0,3.0,12.0,1.0,12.17,5.0200000000000005,2.51,1.49,2.3000000000000003,-0.2,0.0,2.2,0.0,0.3,-0.5,-0.6000000000000001,-7.9,0.0,-24.0,277.2,0.0,21.4,32.6,32.6,33.4,300.0,300.0,30.3,34.5,31.5,31.1,32.800000000000004,4.96,1.99,4.96,0.16,0.0,0.0,1027.0,8228.0,0.0,0.0,0.0,0.0,0.0,1.0,0.0,0.0,0.0,-0.016,0.0,0.8,0.0,0.9,0.0,0.0626,16.0,25903.0
2026-07-30T18:58:52.570Z,102.053,102.066,0.0,7.4,0.0,0.0,0.0,0.0,0.0,0.0,0.0,0.0,1.0,0.0,0.0,0.0,9.0,4.0,0.0,0.0,0.0,0.0,0.0,0.0,0.0,0.0,5.0,12.0,1.0,12.17,5.0200000000000005,2.51,1.49,2.7,-1.4,0.0,2.3000000000000003,0.0,-0.7000000000000001,-0.5,1.1,-0.2,0.0,-25.0,247.0,0.0,21.4,32.6,32.6,33.4,300.0,300.0,30.3,34.5,31.5,31.1,32.800000000000004,4.95,1.99,4.96,0.16,0.0,0.0,1027.0,8228.0,0.0,0.0,0.0,0.0,0.0,1.0,0.0,0.0,0.0,-0.016,0.0,-1.0,0.0,-0.4,0.0,0.0655,16.0,25903.0
2026-07-30T18:58:52.582Z,102.065,102.078,0.0,7.4,0.0,0.0,0.0,0.0,0.0,0.0,0.0,0.0,1.0,0.0,0.0,0.0,9.0,4.0,0.0,0.0,0.0,0.0,0.0,0.0,0.0,0.0,6.0,12.0,1.0,12.17,5.0200000000000005,2.51,1.49,2.3000000000000003,-2.6,0.0,2.5,0.0,-0.1,0.0,0.0,9.2,0.0,-27.0,213.3,0.0,21.4,32.6,32.6,33.4,300.0,300.0,30.3,34.5,31.5,31.1,32.800000000000004,4.95,1.99,4.97,0.16,0.0,0.0,1027.0,8228.0,0.0,0.0,0.0,0.0,0.0,1.0,0.0,0.0,0.0,-0.018,0.0,0.0,0.0,0.0,0.0,0.0669,16.0,25903.0
2026-07-30T18:58:52.594Z,102.077,102.09,0.0,7.4,0.0,0.0,0.0,0.0,0.0,0.0,0.0,0.0,1.0,0.0,0.0,0.0,9.0,4.0,0.0,0.0,0.0,0.0,0.0,0.0,0.0,0.0,2.0,12.0,1.0,12.17,5.0200000000000005,2.51,1.49,0.9,-2.9000000000000004,0.0,2.7,0.0,-0.8,0.0,-0.6000000000000001,20.3,0.0,-28.0,182.7,0.0,21.4,32.6,32.6,33.4,300.0,300.0,30.3,34.5,31.5,31.1,32.800000000000004,4.95,1.99,4.96,0.16,0.0,0.0,1027.0,8228.0,0.0,0.0,0.0,0.0,0.0,1.0,0.0,0.0,0.0,-0.017,0.0,-0.2,0.0,0.6000000000000001,0.0,0.0741,16.0,25903.0
2026-07-30T18:58:52.607Z,102.09,102.102,0.0,7.4,0.0,0.0,0.0,0.0,0.0,0.0,0.0,0.0,1.0,0.0,0.0,0.0,9.0,4.0,0.0,0.0,0.0,0.0,0.0,0.0,0.0,0.0,3.0,12.0,1.0,12.17,5.01,2.5,1.49,-0.6000000000000001,-2.2,0.0,2.7,0.0,-0.8,0.5,-0.6000000000000001,8.8,0.0,-29.0,152.9,0.0,21.3,32.6,32.6,33.4,300.0,300.0,30.5,34.5,31.5,31.1,32.800000000000004,4.96,1.99,4.96,0.16,0.0,0.0,1027.0,8228.0,0.0,0.0,0.0,0.0,0.0,1.0,0.0,0.0,0.0,-0.017,0.0,0.0,0.0,0.6000000000000001,0.0,0.071,16.0,25903.0
2026-07-30T18:58:52.618Z,102.101,102.114,0.0,7.4,0.0,0.0,0.0,0.0,0.0,0.0,0.0,0.0,1.0,0.0,0.0,0.0,9.0,4.0,0.0,0.0,0.0,0.0,0.0,0.0,0.0,0.0,4.0,12.0,1.0,12.17,5.01,2.5,1.49,-2.3000000000000003,-0.4,0.0,2.8000000000000003,0.0,-0.2,-0.6000000000000001,-0.6000000000000001,-1.8,0.0,-30.0,123.1,0.0,21.3,32.6,32.6,33.4,300.0,300.0,30.5,34.5,31.5,31.1,32.800000000000004,4.95,1.99,4.97,0.16,0.0,0.0,1027.0,8228.0,0.0,0.0,0.0,0.0,0.0,1.0,0.0,0.0,0.0,-0.016,0.0,-1.1,0.0,-0.5,0.0,0.0686,16.0,25903.0
2026-07-30T18:58:52.630Z,102.113,102.126,0.0,7.4,0.0,0.0,0.0,0.0,0.0,0.0,0.0,0.0,1.0,0.0,0.0,0.0,9.0,4.0,0.0,0.0,0.0,0.0,0.0,0.0,0.0,0.0,5.0,12.0,1.0,12.17,5.01,2.5,1.49,-3.1,1.2000000000000002,0.0,2.8000000000000003,0.0,-0.2,-1.1,1.1,-9.3,0.0,-31.0,87.80000000000001,0.0,21.3,32.6,32.6,33.4,300.0,300.0,30.5,34.5,31.5,31.1,32.800000000000004,4.96,1.99,4.96,0.16,0.0,0.0,1027.0,8228.0,0.0,0.0,0.0,0.0,0.0,1.0,0.0,0.0,0.0,-0.018,0.0,1.1,0.0,-0.7000000000000001,0.0,0.0673,16.0,25903.0
2026-07-30T18:58:52.642Z,102.125,102.138,0.0,7.4,0.0,0.0,0.0,0.0,0.0,0.0,0.0,0.0,1.0,0.0,0.0,0.0,9.0,4.0,0.0,0.0,0.0,0.0,0.0,0.0,0.0,0.0,6.0,12.0,1.0,12.17,5.01,2.5,1.49,-2.9000000000000004,2.8000000000000003,0.0,2.9000000000000004,0.0,-0.2,-0.6000000000000001,-1.8,-13.5,0.0,-33.0,49.0,0.0,21.3,32.6,32.6,33.4,300.0,300.0,30.5,34.5,31.5,31.1,32.800000000000004,4.96,2.0,4.96,0.16,0.0,0.0,1027.0,8228.0,0.0,0.0,0.0,0.0,0.0,1.0,0.0,0.0,0.0,-0.021,0.0,-0.2,0.0,-2.5,0.0,0.0758,16.0,25903.0
2026-07-30T18:58:52.654Z,102.137,102.15,0.0,7.4,0.0,0.0,0.0,0.0,0.0,0.0,0.0,0.0,1.0,0.0,0.0,0.0,9.0,4.0,0.0,0.0,0.0,0.0,0.0,0.0,0.0,0.0,2.0,12.0,1.0,12.17,5.01,2.5,1.49,-1.4,3.4000000000000004,0.0,3.0,0.0,0.3,0.0,0.0,-14.8,0.0,-34.0,12.3,0.0,21.3,32.6,32.6,33.4,300.0,300.0,30.5,34.5,31.5,31.1,32.800000000000004,4.95,1.99,4.96,0.16,0.0,0.0,1027.0,8228.0,0.0,0.0,0.0,0.0,0.0,1.0,0.0,0.0,0.0,-0.02,0.0,0.0,0.0,-0.1,0.0,0.0849,16.0,25903.0
2026-07-30T18:58:52.666Z,102.149,102.162,0.0,7.4,0.0,0.0,0.0,0.0,0.0,0.0,0.0,0.0,1.0,0.0,0.0,0.0,9.0,4.0,0.0,0.0,0.0,0.0,0.0,0.0,0.0,0.0,3.0,12.0,1.0,12.17,5.01,2.5,1.49,0.5,2.5,0.0,3.0,0.0,-0.8,0.0,-1.2000000000000002,-13.3,0.0,-35.0,337.1,0.0,21.3,32.6,32.6,33.4,300.0,300.0,30.5,34.5,31.5,31.1,32.800000000000004,4.95,1.99,4.97,0.16,0.0,0.0,1027.0,8228.0,0.0,0.0,0.0,0.0,0.0,1.0,0.0,0.0,0.0,-0.02,0.0,1.1,0.0,-0.8,0.0,0.0839,16.0,25903.0
2026-07-30T18:58:52.678Z,102.161,102.174,0.0,7.4,0.0,0.0,0.0,0.0,0.0,0.0,0.0,0.0,1.0,0.0,0.0,0.0,9.0,4.0,0.0,0.0,0.0,0.0,0.0,0.0,0.0,0.0,5.0,12.0,1.0,12.17,5.01,2.5,1.49,2.3000000000000003,0.7000000000000001,0.1,3.0,0.0,-0.8,-0.5,0.5,-9.2,0.0,-36.0,298.5,0.0,21.3,32.6,32.6,33.4,300.0,300.0,30.5,34.5,31.5,31.1,32.800000000000004,4.96,1.99,4.96,0.16,0.0,0.0,1027.0,8228.0,0.0,0.0,0.0,0.0,0.0,1.0,0.0,0.0,0.0,-0.021,0.0,-0.2,0.0,0.5,0.0,0.0811,16.0,25903.0
2026-07-30T18:58:52.690Z,102.173,102.186,0.0,7.4,0.0,0.0,0.0,0.0,0.0,0.0,0.0,0.0,1.0,0.0,0.0,0.0,9.0,4.0,0.0,0.0,0.0,0.0,0.0,0.0,0.0,0.0,6.0,12.0,1.0,12.17,5.01,2.5,1.49,3.0,-1.0,0.1,3.0,0.0,-0.2,1.7000000000000002,1.0,-2.8000000000000003,0.0,-37.0,262.2,0.0,21.3,32.6,32.6,33.4,300.0,300.0,30.5,34.5,31.5,31.1,32.800000000000004,4.96,1.99,4.97,0.16,0.0,0.0,1027.0,8228.0,0.0,0.0,0.0,0.0,0.0,1.0,0.0,0.0,0.0,-0.02,0.0,-0.7000000000000001,0.0,-2.7,0.0,0.0852,16.0,25903.0
2026-07-30T18:58:52.702Z,102.185,102.198,0.0,7.4,0.0,0.0,0.0,0.0,0.0,0.0,0.0,0.0,1.0,0.0,0.0,0.0,9.0,4.0,0.0,0.0,0.0,0.0,0.0,0.0,0.0,0.0,1.0,12.0,1.0,12.17,5.01,2.5,1.49,2.7,-2.3000000000000003,0.1,3.0,0.0,0.3,0.0,-1.2000000000000002,5.9,0.0,-38.0,225.4,0.0,21.3,32.6,32.6,33.4,300.0,300.0,30.5,34.5,31.5,31.1,32.800000000000004,4.95,1.99,4.97,0.16,0.0,0.0,1027.0,8228.0,0.0,0.0,0.0,0.0,0.0,1.0,0.0,0.0,0.0,-0.02,0.0,0.3,0.0,1.4,0.0,0.0839,16.0,25903.0
2026-07-30T18:58:52.714Z,102.197,102.21,0.0,7.4,0.0,0.0,0.0,0.0,0.0,0.0,0.0,0.0,1.0,0.0,0.0,0.0,9.0,4.0,0.0,0.0,0.0,0.0,0.0,0.0,0.0,0.0,3.0,12.0,1.0,12.17,5.01,2.5,1.49,1.5,-2.9000000000000004,0.0,3.0,0.0,-0.2,-0.6000000000000001,0.4,16.400000000000002,0.0,-39.0,193.9,0.0,21.3,32.6,32.6,33.4,300.0,300.0,30.5,34.5,31.5,31.1,32.800000000000004,4.96,1.99,4.96,0.16,0.0,0.0,1027.0,8228.0,0.0,0.0,0.0,0.0,0.0,1.0,0.0,0.0,0.0,-0.018,0.0,-0.5,0.0,-0.3,0.0,0.0835,16.0,25903.0
2026-07-30T18:58:52.726Z,102.209,102.222,0.0,7.4,0.0,0.0,0.0,0.0,0.0,0.0,0.0,0.0,1.0,0.0,0.0,0.0,9.0,4.0,0.0,0.0,0.0,0.0,0.0,0.0,0.0,0.0,4.0,12.0,1.0,12.17,5.01,2.5,1.49,0.0,-2.4000000000000004,0.0,2.9000000000000004,0.0,-0.2,0.5,1.0,14.9,0.0,-39.0,165.20000000000002,0.0,21.3,32.6,32.6,33.4,300.0,300.0,30.5,34.5,31.5,31.1,32.800000000000004,4.96,2.0,4.96,0.16,0.0,0.0,1027.0,8228.0,0.0,0.0,0.0,0.0,0.0,1.0,0.0,0.0,0.0,-0.016,0.0,1.4,0.0,-0.6000000000000001,0.0,0.0753,16.0,25903.0
2026-07-30T18:58:52.738Z,102.221,102.234,0.0,7.4,0.0,0.0,0.0,0.0,0.0,0.0,0.0,0.0,1.0,0.0,0.0,0.0,9.0,4.0,0.0,0.0,0.0,0.0,0.0,0.0,0.0,0.0,5.0,12.0,1.0,12.17,5.01,2.5,1.49,-1.3,-1.3,0.0,2.9000000000000004,0.0,0.3,0.0,-0.7000000000000001,2.8000000000000003,0.0,-39.0,138.1,0.0,21.3,32.6,32.6,33.4,300.0,300.0,30.5,34.5,31.5,31.1,32.800000000000004,4.96,1.99,4.97,0.16,0.0,0.0,1027.0,8228.0,0.0,0.0,0.0,0.0,0.0,1.0,0.0,0.0,0.0,-0.015,0.0,-0.8,0.0,0.2,0.0,0.0675,16.0,25903.0
2026-07-30T18:58:52.750Z,102.233,102.246,0.0,7.4,0.0,0.0,0.0,0.0,0.0,0.0,0.0,0.0,1.0,0.0,0.0,0.0,9.0,4.0,0.0,0.0,0.0,0.0,0.0,0.0,0.0,0.0,6.0,12.0,1.0,12.17,5.01,2.5,1.49,-2.2,0.0,0.0,2.9000000000000004,0.0,-0.2,-0.6000000000000001,1.0,-6.4,0.0,-39.0,110.7,0.0,21.3,32.6,32.6,33.4,300.0,300.0,30.5,34.5,31.5,31.1,32.800000000000004,4.95,2.0,4.97,0.16,0.0,0.0,1027.0,8228.0,0.0,0.0,0.0,0.0,0.0,1.0,0.0,0.0,0.0,-0.015,0.0,0.9,0.0,-0.4,0.0,0.063,16.0,25903.0
2026-07-30T18:58:52.762Z,102.245,102.258,0.0,7.4,0.0,0.0,0.0,0.0,0.0,0.0,0.0,0.0,1.0,0.0,0.0,0.0,9.0,4.0,0.0,0.0,0.0,0.0,0.0,0.0,0.0,0.0,1.0,12.0,1.0,12.17,5.01,2.5,1.49,-2.5,1.2000000000000002,0.0,2.9000000000000004,0.0,0.3,-0.5,-0.1,-12.9,0.0,-39.0,82.30000000000001,0.0,21.3,32.6,32.6,33.4,300.0,300.0,30.5,34.5,31.5,31.1,32.800000000000004,4.96,2.0,4.96,0.16,0.0,0.0,1027.0,8228.0,0.0,0.0,0.0,0.0,0.0,1.0,0.0,0.0,0.0,-0.015,0.0,0.0,0.0,-0.7000000000000001,0.0,0.0621,16.0,25903.0
2026-07-30T18:58:52.774Z,102.257,102.27,0.0,7.4,0.0,0.0,0.0,0.0,0.0,0.0,0.0,0.0,1.0,0.0,0.0,0.0,9.0,4.0,0.0,0.0,0.0,0.0,0.0,0.0,0.0,0.0,2.0,12.0,1.0,12.17,5.01,2.5,1.49,-2.2,2.0,0.0,2.9000000000000004,0.0,-0.1,0.0,-0.1,-16.900000000000002,0.0,-39.0,53.1,0.0,21.3,32.6,32.6,33.4,300.0,300.0,30.5,34.5,31.5,31.1,32.800000000000004,4.96,2.0,4.97,0.16,0.0,0.0,1027.0,8228.0,0.0,0.0,0.0,0.0,0.0,1.0,0.0,0.0,0.0,-0.016,0.0,0.0,0.0,-0.1,0.0,0.0636,16.0,25903.0
2026-07-30T18:58:52.786Z,102.269,102.282,0.0,7.4,0.0,0.0,0.0,0.0,0.0,0.0,0.0,0.0,1.0,0.0,0.0,0.0,9.0,4.0,0.0,0.0,0.0,0.0,0.0,0.0,0.0,0.0,2.0,12.0,1.0,12.17,5.01,2.5,1.49,-1.5,2.3000000000000003,0.0,2.8000000000000003,0.0,-0.2,0.0,-0.1,-18.5,0.0,-39.0,25.8,0.0,21.3,32.6,32.6,33.4,300.0,300.0,30.5,34.5,31.5,31.1,32.800000000000004,4.96,1.99,4.96,0.16,0.0,0.0,1027.0,8228.0,0.0,0.0,0.0,0.0,0.0,1.0,0.0,0.0,0.0,-0.015,0.0,0.0,0.0,-0.1,0.0,0.0657,16.0,25903.0
2026-07-30T18:58:52.798Z,102.281,102.294,0.0,7.4,0.0,0.0,0.0,0.0,0.0,0.0,0.0,0.0,1.0,0.0,0.0,0.0,9.0,4.0,0.0,0.0,0.0,0.0,0.0,0.0,0.0,0.0,4.0,12.0,1.0,12.17,5.01,2.5,1.49,-0.5,2.3000000000000003,0.0,2.9000000000000004,0.0,0.3,0.6000000000000001,-0.1,-18.1,0.0,-39.0,359.5,0.0,21.3,32.6,32.6,33.4,300.0,300.0,30.5,34.5,31.5,31.1,32.800000000000004,4.96,2.0,4.96,0.16,0.0,0.0,1027.0,8228.0,0.0,0.0,0.0,0.0,0.0,1.0,0.0,0.0,0.0,-0.015,0.0,-0.6000000000000001,0.0,-0.1,0.0,0.0633,16.0,25903.0
2026-07-30T18:58:52.811Z,102.294,102.306,0.0,7.4,0.0,0.0,0.0,0.0,0.0,0.0,0.0,0.0,1.0,0.0,0.0,0.0,9.0,4.0,0.0,0.0,0.0,0.0,0.0,0.0,0.0,0.0,5.0,12.0,1.0,12.15,5.0200000000000005,2.51,1.49,0.4,1.7000000000000002,0.0,2.9000000000000004,0.0,-0.2,-0.5,0.4,-15.8,0.0,-38.0,335.0,0.0,21.8,32.6,32.6,33.300000000000004,300.0,300.0,30.4,34.5,31.5,31.1,32.800000000000004,4.96,2.0,4.96,0.16,0.0,0.0,1027.0,8228.0,0.0,0.0,0.0,0.0,0.0,1.0,0.0,0.0,0.0,-0.014,0.0,0.1,0.0,0.5,0.0,0.0604,16.0,25903.0
2026-07-30T18:58:52.829Z,102.312,102.318,0.0,7.4,0.0,0.0,0.0,0.0,0.0,0.0,0.0,0.0,1.0,0.0,0.0,0.0,9.0,4.0,0.0,0.0,0.0,0.0,0.0,0.0,0.0,0.0,5.0,12.0,1.0,12.15,5.0200000000000005,2.51,1.49,1.2000000000000002,0.9,0.0,2.8000000000000003,0.0,-0.2,0.6000000000000001,-0.8,-12.0,0.0,-38.0,311.1,0.0,21.8,32.6,32.6,33.300000000000004,300.0,300.0,30.4,34.5,31.5,31.1,32.800000000000004,4.95,1.99,4.96,0.16,0.0,0.0,1027.0,8228.0,0.0,0.0,0.0,0.0,0.0,1.0,0.0,0.0,0.0,-0.013,0.0,0.4,0.0,-0.7000000000000001,0.0,0.0571,16.0,25903.0
2026-07-30T18:58:52.834Z,102.317,102.33,0.0,7.4,0.0,0.0,0.0,0.0,0.0,0.0,0.0,0.0,1.0,0.0,0.0,0.0,9.0,4.0,0.0,0.0,0.0,0.0,0.0,0.0,0.0,0.0,4.0,12.0,1.0,12.15,5.0200000000000005,2.51,1.49,1.6,0.1,0.0,2.8000000000000003,0.0,-0.2,0.1,0.9,-6.6000000000000005,0.0,-38.0,286.7,0.0,21.8,32.6,32.6,33.300000000000004,300.0,300.0,30.4,34.5,31.5,31.1,32.800000000000004,4.95,2.0,4.96,0.16,0.0,0.0,1027.0,8228.0,0.0,0.0,0.0,0.0,0.0,1.0,0.0,0.0,0.0,-0.013,0.0,-1.0,0.0,-0.3,0.0,0.0546,16.0,25903.0
2026-07-30T18:58:52.846Z,102.329,102.342,0.0,7.4,0.0,0.0,0.0,0.0,0.0,0.0,0.0,0.0,1.0,0.0,0.0,0.0,9.0,4.0,0.0,0.0,0.0,0.0,0.0,0.0,0.0,0.0,5.0,12.0,1.0,12.15,5.0200000000000005,2.51,1.49,1.8,-0.6000000000000001,0.0,2.9000000000000004,0.0,-0.2,1.2000000000000002,2.7,0.0,0.0,-37.0,264.0,0.0,21.8,32.6,32.6,33.300000000000004,300.0,300.0,30.4,34.5,31.5,31.1,32.800000000000004,4.96,1.99,4.96,0.16,0.0,0.0,1027.0,8228.0,0.0,0.0,0.0,0.0,0.0,1.0,0.0,0.0,0.0,-0.013,0.0,-2.4000000000000004,0.0,-3.3000000000000003,0.0,0.055,16.0,25903.0
2026-07-30T18:58:52.858Z,102.341,102.354,0.0,7.4,0.0,0.0,0.0,0.0,0.0,0.0,0.0,0.0,1.0,0.0,0.0,0.0,9.0,4.0,0.0,0.0,0.0,0.0,0.0,0.0,0.0,0.0,6.0,12.0,1.0,12.15,5.0200000000000005,2.51,1.49,1.7000000000000002,-1.1,0.0,2.8000000000000003,0.0,0.3,-0.3,1.6,7.6,0.0,-36.0,244.9,0.0,21.8,32.6,32.6,33.300000000000004,300.0,300.0,30.4,34.5,31.5,31.1,32.800000000000004,4.95,1.99,4.97,0.16,0.0,0.0,1027.0,8228.0,0.0,0.0,0.0,0.0,0.0,1.0,0.0,0.0,0.0,-0.011,0.0,-1.2000000000000002,0.0,-1.1,0.0,0.0526,16.0,25903.0
2026-07-30T18:58:52.870Z,102.353,102.366,0.0,7.4,0.0,0.0,0.0,0.0,0.0,0.0,0.0,0.0,1.0,0.0,0.0,0.0,9.0,4.0,0.0,0.0,0.0,0.0,0.0,0.0,0.0,0.0,1.0,12.0,1.0,12.15,5.0200000000000005,2.51,1.49,1.4,-1.4,0.0,2.8000000000000003,0.0,-0.7000000000000001,-0.9,-0.1,16.2,0.0,-36.0,224.2,0.0,21.8,32.6,32.6,33.300000000000004,300.0,300.0,30.4,34.5,31.5,31.1,32.800000000000004,4.95,1.99,4.97,0.16,0.0,0.0,1027.0,8228.0,0.0,0.0,0.0,0.0,0.0,1.0,0.0,0.0,0.0,-0.011,0.0,-0.7000000000000001,0.0,0.9,0.0,0.0453,16.0,25903.0
2026-07-30T18:58:52.882Z,102.365,102.378,0.0,7.4,0.0,0.0,0.0,0.0,0.0,0.0,0.0,0.0,1.0,0.0,0.0,0.0,9.0,4.0,0.0,0.0,0.0,0.0,0.0,0.0,0.0,0.0,2.0,12.0,1.0,12.15,5.0200000000000005,2.51,1.49,1.0,-1.5,0.0,2.7,0.0,-0.2,0.1,-0.6000000000000001,25.6,0.0,-35.0,206.0,0.0,21.8,32.6,32.6,33.300000000000004,300.0,300.0,30.4,34.5,31.5,31.1,32.800000000000004,4.95,1.99,4.96,0.16,0.0,0.0,1027.0,8228.0,0.0,0.0,0.0,0.0,0.0,1.0,0.0,0.0,0.0,-0.01,0.0,0.1,0.0,0.7000000000000001,0.0,0.0464,16.0,25903.0
2026-07-30T18:58:52.894Z,102.377,102.39,0.0,7.4,0.0,0.0,0.0,0.0,0.0,0.0,0.0,0.0,1.0,0.0,0.0,0.0,9.0,4.0,0.0,0.0,0.0,0.0,0.0,0.0,0.0,0.0,3.0,12.0,1.0,12.15,5.0200000000000005,2.51,1.49,0.6000000000000001,-1.5,0.0,2.7,0.0,-0.2,0.7000000000000001,1.0,35.5,0.0,-34.0,189.6,0.0,21.8,32.6,32.6,33.300000000000004,300.0,300.0,30.4,34.5,31.5,31.1,32.800000000000004,4.96,1.99,4.96,0.16,0.0,0.0,1027.0,8228.0,0.0,0.0,0.0,0.0,0.0,1.0,0.0,0.0,0.0,-0.009,0.0,1.2000000000000002,0.0,-1.2000000000000002,0.0,0.043,16.0,25903.0
2026-07-30T18:58:52.906Z,102.389,102.402,0.0,7.4,0.0,0.0,0.0,0.0,0.0,0.0,0.0,0.0,1.0,0.0,0.0,0.0,9.0,4.0,0.0,0.0,0.0,0.0,0.0,0.0,0.0,0.0,4.0,12.0,1.0,12.15,5.0200000000000005,2.51,1.49,0.0,-1.3,0.0,2.8000000000000003,0.0,-0.2,1.3,2.1,35.0,0.0,-33.0,173.20000000000002,0.0,21.8,32.6,32.6,33.300000000000004,300.0,300.0,30.4,34.5,31.5,31.1,32.800000000000004,4.96,1.99,4.96,0.16,0.0,0.0,1027.0,8228.0,0.0,0.0,0.0,0.0,0.0,1.0,0.0,0.0,0.0,-0.009,0.0,3.0,0.0,-1.8,0.0,0.0385,16.0,25903.0
2026-07-30T18:58:52.918Z,102.401,102.414,0.0,7.4,0.0,0.0,0.0,0.0,0.0,0.0,0.0,0.0,1.0,0.0,0.0,0.0,9.0,4.0,0.0,0.0,0.0,0.0,0.0,0.0,0.0,0.0,5.0,12.0,1.0,12.17,5.01,2.51,1.49,-0.2,-1.0,0.0,2.7,0.0,-0.8,0.1,0.0,20.4,0.0,-32.0,157.70000000000002,0.0,21.4,32.6,32.6,33.300000000000004,300.0,300.0,30.6,34.4,31.5,31.0,32.800000000000004,4.96,1.99,4.96,0.16,0.0,0.0,1027.0,8228.0,0.0,0.0,0.0,0.0,0.0,1.0,0.0,0.0,0.0,-0.009,0.0,0.0,0.0,0.1,0.0,0.0374,16.0,25903.0
2026-07-30T18:58:52.930Z,102.413,102.426,0.0,7.4,0.0,0.0,0.0,0.0,0.0,0.0,0.0,0.0,1.0,0.0,0.0,0.0,9.0,4.0,0.0,0.0,0.0,0.0,0.0,0.0,0.0,0.0,6.0,12.0,1.0,12.17,5.01,2.51,1.49,-0.6000000000000001,-0.7000000000000001,0.0,2.8000000000000003,0.0,-0.2,-1.0,0.4,8.0,0.0,-32.0,142.9,0.0,21.4,32.6,32.6,33.300000000000004,300.0,300.0,30.6,34.4,31.5,31.0,32.800000000000004,4.96,1.99,4.96,0.16,0.0,0.0,1027.0,8228.0,0.0,0.0,0.0,0.0,0.0,1.0,0.0,0.0,0.0,-0.008,0.0,-0.5,0.0,-0.9,0.0,0.036,16.0,25903.0
2026-07-30T18:58:52.942Z,102.425,102.438,0.0,7.4,0.0,0.0,0.0,0.0,0.0,0.0,0.0,0.0,1.0,0.0,0.0,0.0,9.0,4.0,0.0,0.0,0.0,0.0,0.0,0.0,0.0,0.0,1.0,12.0,1.0,12.17,5.01,2.51,1.49,-1.0,-0.3,0.0,2.7,0.0,0.9,0.6000000000000001,-0.1,-2.3000000000000003,0.0,-31.0,127.7,0.0,21.4,32.6,32.6,33.300000000000004,300.0,300.0,30.6,34.4,31.5,31.0,32.800000000000004,4.95,2.0,4.96,0.16,0.0,0.0,1027.0,8228.0,0.0,0.0,0.0,0.0,0.0,1.0,0.0,0.0,0.0,-0.008,0.0,0.3,0.0,0.6000000000000001,0.0,0.0342,16.0,25903.0
2026-07-30T18:58:52.954Z,102.437,102.45,0.0,7.4,0.0,0.0,0.0,0.0,0.0,0.0,0.0,0.0,1.0,0.0,0.0,0.0,9.0,4.0,0.0,0.0,0.0,0.0,0.0,0.0,0.0,0.0,3.0,12.0,1.0,12.17,5.01,2.51,1.49,-1.1,0.0,0.0,2.7,0.0,0.3,0.1,0.0,-10.9,0.0,-30.0,112.3,0.0,21.4,32.6,32.6,33.300000000000004,300.0,300.0,30.6,34.4,31.5,31.0,32.800000000000004,4.96,2.0,4.96,0.16,0.0,0.0,1027.0,8228.0,0.0,0.0,0.0,0.0,0.0,1.0,0.0,0.0,0.0,-0.008,0.0,0.0,0.0,0.1,0.0,0.0342,16.0,25903.0
2026-07-30T18:58:52.966Z,102.449,102.462,0.0,7.4,0.0,0.0,0.0,0.0,0.0,0.0,0.0,0.0,1.0,0.0,0.0,0.0,9.0,4.0,0.0,0.0,0.0,0.0,0.0,0.0,0.0,0.0,4.0,12.0,1.0,12.17,5.01,2.51,1.49,-1.2000000000000002,0.2,0.0,2.7,0.0,-1.4,-1.0,0.0,-17.7,0.0,-29.0,97.6,0.0,21.4,32.6,32.6,33.300000000000004,300.0,300.0,30.6,34.4,31.5,31.0,32.800000000000004,4.96,1.99,4.96,0.16,0.0,0.0,1027.0,8228.0,0.0,0.0,0.0,0.0,0.0,1.0,0.0,0.0,0.0,-0.008,0.0,-0.2,0.0,-1.2000000000000002,0.0,0.0349,16.0,25903.0
2026-07-30T18:58:52.978Z,102.461,102.474,0.0,7.4,0.0,0.0,0.0,0.0,0.0,0.0,0.0,0.0,1.0,0.0,0.0,0.0,9.0,4.0,0.0,0.0,0.0,0.0,0.0,0.0,0.0,0.0,5.0,12.0,1.0,12.17,5.01,2.51,1.49,-1.1,0.5,0.0,2.6,0.0,-0.8,0.1,0.0,-23.0,0.0,-29.0,84.2,0.0,21.4,32.6,32.6,33.300000000000004,300.0,300.0,30.6,34.4,31.5,31.0,32.800000000000004,4.96,1.99,4.96,0.16,0.0,0.0,1027.0,8228.0,0.0,0.0,0.0,0.0,0.0,1.0,0.0,0.0,0.0,-0.007,0.0,-0.1,0.0,0.1,0.0,0.0338,16.0,25903.0
2026-07-30T18:58:52.990Z,102.473,102.486,0.0,7.4,0.0,0.0,0.0,0.0,0.0,0.0,0.0,0.0,1.0,0.0,0.0,0.0,9.0,4.0,0.0,0.0,0.0,0.0,0.0,0.0,0.0,0.0,6.0,12.0,1.0,12.17,5.01,2.51,1.49,-0.9,0.6000000000000001,0.0,2.7,0.0,0.8,1.3,0.4,-27.0,0.0,-28.0,71.9,0.0,21.4,32.6,32.6,33.300000000000004,300.0,300.0,30.6,34.4,31.5,31.0,32.800000000000004,4.95,2.0,4.96,0.16,0.0,0.0,1027.0,8228.0,0.0,0.0,0.0,0.0,0.0,1.0,0.0,0.0,0.0,-0.007,0.0,0.0,0.0,1.8,0.0,0.0314,16.0,25903.0
2026-07-30T18:58:53.002Z,102.485,102.498,0.0,7.4,0.0,0.0,0.0,0.0,0.0,0.0,0.0,0.0,1.0,0.0,0.0,0.0,9.0,4.0,0.0,0.0,0.0,0.0,0.0,0.0,0.0,0.0,1.0,12.0,1.0,12.17,5.01,2.51,1.49,-0.8,0.7000000000000001,0.0,2.7,0.0,0.2,0.6000000000000001,0.4,-29.8,0.0,-27.0,60.900000000000006,0.0,21.4,32.6,32.6,33.300000000000004,300.0,300.0,30.6,34.4,31.5,31.0,32.800000000000004,4.96,2.0,4.96,0.16,0.0,0.0,1027.0,8228.0,0.0,0.0,0.0,0.0,0.0,1.0,0.0,0.0,0.0,-0.006,0.0,0.1,0.0,0.5,0.0,0.0288,16.0,25903.0
2026-07-30T18:58:53.015Z,102.498,102.51,0.0,7.4,0.0,0.0,0.0,0.0,0.0,0.0,0.0,0.0,1.0,0.0,0.0,0.0,9.0,4.0,0.0,0.0,0.0,0.0,0.0,0.0,0.0,0.0,2.0,12.0,1.0,12.17,5.0200000000000005,2.51,1.5,-0.7000000000000001,0.7000000000000001,0.0,2.7,0.0,1.3,0.0,1.5,-31.700000000000003,0.0,-26.0,51.2,0.0,21.4,32.6,32.5,33.300000000000004,300.0,300.0,30.5,34.4,31.5,31.0,32.7,4.95,1.99,4.97,0.16,0.0,0.0,1027.0,8228.0,0.0,0.0,0.0,0.0,0.0,1.0,0.0,0.0,0.0,-0.005,0.0,0.2,0.0,-2.4000000000000004,0.0,0.0261,16.0,25903.0
2026-07-30T18:58:53.026Z,102.509,102.522,0.0,7.4,0.0,0.0,0.0,0.0,0.0,0.0,0.0,0.0,1.0,0.0,0.0,0.0,9.0,4.0,0.0,0.0,0.0,0.0,0.0,0.0,0.0,0.0,3.0,12.0,1.0,12.17,5.0200000000000005,2.51,1.5,-0.5,0.5,0.0,2.6,0.0,-0.9,0.0,0.3,-32.9,0.0,-25.0,43.3,0.0,21.4,32.6,32.5,33.300000000000004,300.0,300.0,30.5,34.4,31.5,31.0,32.7,4.95,2.0,4.96,0.16,0.0,0.0,1027.0,8228.0,0.0,0.0,0.0,0.0,0.0,1.0,0.0,0.0,0.0,-0.004,0.0,-0.1,0.0,-0.1,0.0,0.023,16.0,25903.0
2026-07-30T18:58:53.038Z,102.521,102.534,0.0,7.4,0.0,0.0,0.0,0.0,0.0,0.0,0.0,0.0,1.0,0.0,0.0,0.0,9.0,4.0,0.0,0.0,0.0,0.0,0.0,0.0,0.0,0.0,5.0,12.0,1.0,12.17,5.0200000000000005,2.51,1.5,-0.3,0.4,0.0,2.6,0.0,-0.3,0.6000000000000001,-0.2,-33.4,0.0,-24.0,37.4,0.0,21.4,32.6,32.5,33.300000000000004,300.0,300.0,30.5,34.4,31.5,31.0,32.7,4.96,1.99,4.96,0.16,0.0,0.0,1027.0,8228.0,0.0,0.0,0.0,0.0,0.0,1.0,0.0,0.0,0.0,-0.003,0.0,-0.6000000000000001,0.0,0.1,0.0,0.0194,16.0,25903.0
2026-07-30T18:58:53.050Z,102.533,102.546,0.0,7.4,0.0,0.0,0.0,0.0,0.0,0.0,0.0,0.0,1.0,0.0,0.0,0.0,9.0,4.0,0.0,0.0,0.0,0.0,0.0,0.0,0.0,0.0,5.0,12.0,1.0,12.17,5.0200000000000005,2.51,1.5,-0.2,0.4,0.0,2.6,0.0,-0.9,-0.5,0.3,-33.5,0.0,-22.0,33.0,0.0,21.4,32.6,32.5,33.300000000000004,300.0,300.0,30.5,34.4,31.5,31.0,32.7,4.95,1.99,4.96,0.16,0.0,0.0,1027.0,8228.0,0.0,0.0,0.0,0.0,0.0,1.0,0.0,0.0,0.0,-0.002,0.0,0.5,0.0,0.0,0.0,0.0149,16.0,25903.0
2026-07-30T18:58:53.062Z,102.545,102.558,0.0,7.4,0.0,0.0,0.0,0.0,0.0,0.0,0.0,0.0,1.0,0.0,0.0,0.0,9.0,4.0,0.0,0.0,0.0,0.0,0.0,0.0,0.0,0.0,1.0,12.0,1.0,12.17,5.0200000000000005,2.51,1.5,-0.2,0.4,0.0,2.6,0.0,-0.3,0.0,0.3,-33.4,0.0,-21.0,29.1,0.0,21.4,32.6,32.5,33.300000000000004,300.0,300.0,30.5,34.4,31.5,31.0,32.7,4.95,1.99,4.97,0.16,0.0,0.0,1027.0,8228.0,0.0,0.0,0.0,0.0,0.0,1.0,0.0,0.0,0.0,-0.002,0.0,0.0,0.0,0.3,0.0,0.0112,16.0,25903.0
2026-07-30T18:58:53.074Z,102.557,102.57,0.0,7.4,0.0,0.0,0.0,0.0,0.0,0.0,0.0,0.0,1.0,0.0,0.0,0.0,9.0,4.0,0.0,0.0,0.0,0.0,0.0,0.0,0.0,0.0,1.0,12.0,1.0,12.17,5.0200000000000005,2.51,1.5,-0.2,0.4,0.0,2.6,0.0,-0.9,0.0,-1.4,-32.9,0.0,-20.0,25.200000000000003,0.0,21.4,32.6,32.5,33.300000000000004,300.0,300.0,30.5,34.4,31.5,31.0,32.7,4.95,2.0,4.96,0.16,0.0,0.0,1027.0,8228.0,0.0,0.0,0.0,0.0,0.0,1.0,0.0,0.0,0.0,-0.002,0.0,0.1,0.0,-1.6,0.0,0.0094,16.0,25903.0
2026-07-30T18:58:53.086Z,102.569,102.582,0.0,7.4,0.0,0.0,0.0,0.0,0.0,0.0,0.0,0.0,1.0,0.0,0.0,0.0,9.0,4.0,0.0,0.0,0.0,0.0,0.0,0.0,0.0,0.0,2.0,12.0,1.0,12.17,5.0200000000000005,2.51,1.5,-0.2,0.3,0.0,2.6,0.0,-0.8,0.0,-0.2,-32.2,0.0,-19.0,21.700000000000003,0.0,21.4,32.6,32.5,33.300000000000004,300.0,300.0,30.5,34.4,31.5,31.0,32.7,4.95,1.99,4.96,0.16,0.0,0.0,1027.0,8228.0,0.0,0.0,0.0,0.0,0.0,1.0,0.0,0.0,0.0,-0.002,0.0,0.0,0.0,-0.2,0.0,0.0088,16.0,25903.0
2026-07-30T18:58:53.098Z,102.581,102.594,0.0,7.4,0.0,0.0,0.0,0.0,0.0,0.0,0.0,0.0,1.0,0.0,0.0,0.0,9.0,4.0,0.0,0.0,0.0,0.0,0.0,0.0,0.0,0.0,3.0,12.0,1.0,12.17,5.0200000000000005,2.51,1.5,-0.2,0.4,0.0,2.6,0.0,0.2,0.5,1.5,-31.3,0.0,-18.0,18.4,0.0,21.4,32.6,32.5,33.300000000000004,300.0,300.0,30.5,34.4,31.5,31.0,32.7,4.95,1.99,4.97,0.16,0.0,0.0,1027.0,8228.0,0.0,0.0,0.0,0.0,0.0,1.0,0.0,0.0,0.0,-0.001,0.0,-0.9,0.0,1.9,0.0,0.0082,16.0,25903.0
2026-07-30T18:58:53.110Z,102.593,102.606,0.0,7.4,0.0,0.0,0.0,0.0,0.0,0.0,0.0,0.0,1.0,0.0,0.0,0.0,9.0,4.0,0.0,0.0,0.0,0.0,0.0,0.0,0.0,0.0,4.0,12.0,1.0,12.17,5.0200000000000005,2.51,1.5,-0.2,0.4,0.0,2.6,0.0,-0.9,-0.6000000000000001,-0.1,-30.200000000000003,0.0,-17.0,14.6,0.0,21.4,32.6,32.5,33.300000000000004,300.0,300.0,30.5,34.4,31.5,31.0,32.7,4.96,1.99,4.96,0.16,0.0,0.0,1027.0,8228.0,0.0,0.0,0.0,0.0,0.0,1.0,0.0,0.0,0.0,-0.002,0.0,0.7000000000000001,0.0,-0.3,0.0,0.0077,16.0,25903.0
2026-07-30T18:58:53.122Z,102.605,102.618,0.0,7.4,0.0,0.0,0.0,0.0,0.0,0.0,0.0,0.0,1.0,0.0,0.0,0.0,9.0,4.0,0.0,0.0,0.0,0.0,0.0,0.0,0.0,0.0,5.0,12.0,1.0,12.15,5.01,2.51,1.49,-0.2,0.5,0.0,2.5,0.0,-0.9,0.5,-0.7000000000000001,-28.9,0.0,-16.0,9.4,0.0,21.8,32.5,32.5,33.300000000000004,300.0,300.0,30.6,34.300000000000004,31.5,31.0,32.7,4.96,2.0,4.96,0.16,0.0,0.0,1027.0,8228.0,0.0,0.0,0.0,0.0,0.0,1.0,0.0,0.0,0.0,-0.002,0.0,-0.3,0.0,-0.7000000000000001,0.0,0.0083,16.0,25903.0
2026-07-30T18:58:53.138Z,102.621,102.63,0.0,7.4,0.0,0.0,0.0,0.0,0.0,0.0,0.0,0.0,1.0,0.0,0.0,0.0,9.0,4.0,0.0,0.0,0.0,0.0,0.0,0.0,0.0,0.0,6.0,12.0,1.0,12.15,5.01,2.51,1.49,-0.2,0.6000000000000001,0.0,2.5,0.0,-0.9,1.1,-0.7000000000000001,-27.200000000000003,0.0,-15.0,2.9000000000000004,0.0,21.8,32.5,32.5,33.300000000000004,300.0,300.0,30.6,34.300000000000004,31.5,31.0,32.7,4.95,1.99,4.96,0.16,0.0,0.0,1027.0,8228.0,0.0,0.0,0.0,0.0,0.0,1.0,0.0,0.0,0.0,-0.003,0.0,-0.9,0.0,-0.6000000000000001,0.0,0.0108,16.0,25903.0
2026-07-30T18:58:53.149Z,102.632,102.642,0.0,7.4,0.0,0.0,0.0,0.0,0.0,0.0,0.0,0.0,1.0,0.0,0.0,0.0,9.0,4.0,0.0,0.0,0.0,0.0,0.0,0.0,0.0,0.0,5.0,12.0,1.0,12.15,5.01,2.51,1.49,-0.1,0.7000000000000001,0.0,2.5,0.0,-0.3,-0.6000000000000001,-0.7000000000000001,-25.200000000000003,0.0,-15.0,356.0,0.0,21.8,32.5,32.5,33.300000000000004,300.0,300.0,30.6,34.300000000000004,31.5,31.0,32.7,4.95,1.99,4.97,0.16,0.0,0.0,1027.0,8228.0,0.0,0.0,0.0,0.0,0.0,1.0,0.0,0.0,0.0,-0.003,0.0,1.2000000000000002,0.0,-0.6000000000000001,0.0,0.0136,16.0,25903.0
2026-07-30T18:58:53.158Z,102.641,102.654,0.0,7.4,0.0,0.0,0.0,0.0,0.0,0.0,0.0,0.0,1.0,0.0,0.0,0.0,9.0,4.0,0.0,0.0,0.0,0.0,0.0,0.0,0.0,0.0,3.0,12.0,1.0,12.15,5.01,2.51,1.49,0.0,0.7000000000000001,0.0,2.5,0.0,0.2,0.0,-0.1,-22.8,0.0,-15.0,347.70000000000005,0.0,21.8,32.5,32.5,33.300000000000004,300.0,300.0,30.6,34.300000000000004,31.5,31.0,32.7,4.96,1.99,4.96,0.16,0.0,0.0,1027.0,8228.0,0.0,0.0,0.0,0.0,0.0,1.0,0.0,0.0,0.0,-0.004,0.0,0.1,0.0,-0.1,0.0,0.0153,16.0,25903.0
2026-07-30T18:58:53.170Z,102.653,102.666,0.0,7.4,0.0,0.0,0.0,0.0,0.0,0.0,0.0,0.0,1.0,0.0,0.0,0.0,9.0,4.0,0.0,0.0,0.0,0.0,0.0,0.0,0.0,0.0,4.0,12.0,1.0,12.15,5.01,2.51,1.49,0.1,0.7000000000000001,0.0,2.5,0.0,0.8,1.1,-0.1,-19.9,0.0,-14.0,338.40000000000003,0.0,21.8,32.5,32.5,33.300000000000004,300.0,300.0,30.6,34.300000000000004,31.5,31.0,32.7,4.96,1.99,4.97,0.16,0.0,0.0,1027.0,8228.0,0.0,0.0,0.0,0.0,0.0,1.0,0.0,0.0,0.0,-0.005,0.0,-1.1,0.0,-0.5,0.0,0.0176,16.0,25903.0
2026-07-30T18:58:53.182Z,102.665,102.678,0.0,7.4,0.0,0.0,0.0,0.0,0.0,0.0,0.0,0.0,1.0,0.0,0.0,0.0,9.0,4.0,0.0,0.0,0.0,0.0,0.0,0.0,0.0,0.0,5.0,12.0,1.0,12.15,5.01,2.51,1.49,0.3,0.7000000000000001,0.0,2.5,0.0,0.8,0.0,1.0,-16.400000000000002,0.0,-14.0,327.3,0.0,21.8,32.5,32.5,33.300000000000004,300.0,300.0,30.6,34.300000000000004,31.5,31.0,32.7,4.95,1.99,4.97,0.16,0.0,0.0,1027.0,8228.0,0.0,0.0,0.0,0.0,0.0,1.0,0.0,0.0,0.0,-0.005,0.0,-1.0,0.0,0.5,0.0,0.0202,16.0,25903.0
2026-07-30T18:58:53.194Z,102.677,102.69,0.0,7.4,0.0,0.0,0.0,0.0,0.0,0.0,0.0,0.0,1.0,0.0,0.0,0.0,9.0,4.0,0.0,0.0,0.0,0.0,0.0,0.0,0.0,0.0,6.0,12.0,1.0,12.15,5.01,2.51,1.49,0.8,0.6000000000000001,0.0,2.4000000000000004,0.0,-0.2,0.5,-0.1,-12.3,0.0,-15.0,313.40000000000003,0.0,21.8,32.5,32.5,33.300000000000004,300.0,300.0,30.6,34.300000000000004,31.5,31.0,32.7,4.95,1.99,4.96,0.16,0.0,0.0,1027.0,8228.0,0.0,0.0,0.0,0.0,0.0,1.0,0.0,0.0,0.0,-0.007,0.0,-0.2,0.0,-0.4,0.0,0.0238,16.0,25903.0
2026-07-30T18:58:53.206Z,102.689,102.702,0.0,7.4,0.0,0.0,0.0,0.0,0.0,0.0,0.0,0.0,1.0,0.0,0.0,0.0,9.0,4.0,0.0,0.0,0.0,0.0,0.0,0.0,0.0,0.0,1.0,12.0,1.0,12.15,5.01,2.51,1.49,1.3,0.2,0.0,2.4000000000000004,0.0,-0.3,-0.6000000000000001,-1.3,-7.4,0.0,-15.0,296.2,0.0,21.8,32.5,32.5,33.300000000000004,300.0,300.0,30.6,34.300000000000004,31.5,31.0,32.7,4.96,2.0,4.96,0.16,0.0,0.0,1027.0,8228.0,0.0,0.0,0.0,0.0,0.0,1.0,0.0,0.0,0.0,-0.009,0.0,1.8,0.0,0.7000000000000001,0.0,0.0294,16.0,25903.0
2026-07-30T18:58:53.219Z,102.702,102.714,0.0,7.4,0.0,0.0,0.0,0.0,0.0,0.0,0.0,0.0,1.0,0.0,0.0,0.0,9.0,4.0,0.0,0.0,0.0,0.0,0.0,0.0,0.0,0.0,2.0,12.0,1.0,12.17,5.0200000000000005,2.5,1.49,1.7000000000000002,-0.3,0.0,2.4000000000000004,0.0,-0.9,-0.6000000000000001,1.0,-1.5,0.0,-16.0,275.5,0.0,21.4,32.5,32.5,33.300000000000004,300.0,300.0,30.5,34.4,31.5,31.0,32.7,4.96,1.99,4.97,0.16,0.0,0.0,1027.0,8228.0,0.0,0.0,0.0,0.0,0.0,1.0,0.0,0.0,0.0,-0.011,0.0,-0.9,0.0,0.2,0.0,0.0362,16.0,25903.0
2026-07-30T18:58:53.230Z,102.713,102.726,0.0,7.4,0.0,0.0,0.0,0.0,0.0,0.0,0.0,0.0,1.0,0.0,0.0,0.0,9.0,4.0,0.0,0.0,0.0,0.0,0.0,0.0,0.0,0.0,3.0,12.0,1.0,12.17,5.0200000000000005,2.5,1.49,2.1,-1.1,0.0,2.4000000000000004,0.0,-0.3,1.1,-0.1,5.6000000000000005,0.0,-17.0,251.7,0.0,21.4,32.5,32.5,33.300000000000004,300.0,300.0,30.5,34.4,31.5,31.0,32.7,4.95,1.99,4.97,0.16,0.0,0.0,1027.0,8228.0,0.0,0.0,0.0,0.0,0.0,1.0,0.0,0.0,0.0,-0.012,0.0,0.5,0.0,-1.1,0.0,0.044,16.0,25903.0
2026-07-30T18:58:53.242Z,102.725,102.738,0.0,7.4,0.0,0.0,0.0,0.0,0.0,0.0,0.0,0.0,1.0,0.0,0.0,0.0,9.0,4.0,0.0,0.0,0.0,0.0,0.0,0.0,0.0,0.0,4.0,12.0,1.0,12.17,5.0200000000000005,2.5,1.49,1.9,-1.8,0.0,2.4000000000000004,0.0,0.2,-0.5,-0.1,14.0,0.0,-18.0,226.3,0.0,21.4,32.5,32.5,33.300000000000004,300.0,300.0,30.5,34.4,31.5,31.0,32.7,4.96,1.99,4.96,0.16,0.0,0.0,1027.0,8228.0,0.0,0.0,0.0,0.0,0.0,1.0,0.0,0.0,0.0,-0.014,0.0,-0.3,0.0,0.6000000000000001,0.0,0.0515,16.0,25903.0
2026-07-30T18:58:53.254Z,102.737,102.75,0.0,7.4,0.0,0.0,0.0,0.0,0.0,0.0,0.0,0.0,1.0,0.0,0.0,0.0,9.0,4.0,0.0,0.0,0.0,0.0,0.0,0.0,0.0,0.0,5.0,12.0,1.0,12.17,5.0200000000000005,2.5,1.49,1.4,-2.2,0.0,2.3000000000000003,0.0,0.2,-0.5,-1.3,23.700000000000003,0.0,-19.0,201.4,0.0,21.4,32.5,32.5,33.300000000000004,300.0,300.0,30.5,34.4,31.5,31.0,32.7,4.95,1.99,4.96,0.16,0.0,0.0,1027.0,8228.0,0.0,0.0,0.0,0.0,0.0,1.0,0.0,0.0,0.0,-0.014,0.0,-0.8,0.0,1.7000000000000002,0.0,0.0562,16.0,25903.0
2026-07-30T18:58:53.266Z,102.749,102.762,0.0,7.4,0.0,0.0,0.0,0.0,0.0,0.0,0.0,0.0,1.0,0.0,0.0,0.0,9.0,4.0,0.0,0.0,0.0,0.0,0.0,0.0,0.0,0.0,6.0,12.0,1.0,12.17,5.0200000000000005,2.5,1.49,0.3,-2.3000000000000003,0.0,2.4000000000000004,0.0,-0.9,0.0,-0.7000000000000001,29.6,0.0,-21.0,175.4,0.0,21.4,32.5,32.5,33.300000000000004,300.0,300.0,30.5,34.4,31.5,31.0,32.7,4.95,1.99,4.96,0.16,0.0,0.0,1027.0,8228.0,0.0,0.0,0.0,0.0,0.0,1.0,0.0,0.0,0.0,-0.014,0.0,-0.5,0.0,0.7000000000000001,0.0,0.0567,16.0,25903.0
2026-07-30T18:58:53.278Z,102.761,102.774,0.0,7.4,0.0,0.0,0.0,0.0,0.0,0.0,0.0,0.0,1.0,0.0,0.0,0.0,9.0,4.0,0.0,0.0,0.0,0.0,0.0,0.0,0.0,0.0,1.0,12.0,1.0,12.17,5.0200000000000005,2.5,1.49,-0.8,-1.7000000000000002,0.0,2.4000000000000004,0.0,-0.3,1.1,0.9,15.7,0.0,-22.0,148.5,0.0,21.4,32.5,32.5,33.300000000000004,300.0,300.0,30.5,34.4,31.5,31.0,32.7,4.95,2.0,4.96,0.16,0.0,0.0,1027.0,8228.0,0.0,0.0,0.0,0.0,0.0,1.0,0.0,0.0,0.0,-0.015,0.0,2.0,0.0,0.1,0.0,0.0581,16.0,25903.0
2026-07-30T18:58:53.291Z,102.774,102.786,0.0,7.4,0.0,0.0,0.0,0.0,0.0,0.0,0.0,0.0,1.0,0.0,0.0,0.0,9.0,4.0,0.0,0.0,0.0,0.0,0.0,0.0,0.0,0.0,2.0,12.0,1.0,12.17,5.0200000000000005,2.5,1.49,-2.2,-0.4,0.0,2.5,0.0,-0.3,0.0,-0.2,4.800000000000001,0.0,-23.0,119.6,0.0,21.4,32.5,32.5,33.300000000000004,300.0,300.0,30.5,34.4,31.5,31.0,32.7,4.96,2.0,4.96,0.16,0.0,0.0,1027.0,8228.0,0.0,0.0,0.0,0.0,0.0,1.0,0.0,0.0,0.0,-0.015,0.0,-0.2,0.0,0.0,0.0,0.0603,16.0,25903.0
2026-07-30T18:58:53.303Z,102.786,102.798,0.0,7.4,0.0,0.0,0.0,0.0,0.0,0.0,0.0,0.0,1.0,0.0,0.0,0.0,9.0,4.0,0.0,0.0,0.0,0.0,0.0,0.0,0.0,0.0,3.0,12.0,1.0,12.17,5.0200000000000005,2.5,1.49,-3.0,1.2000000000000002,0.0,2.6,0.0,-0.3,0.0,0.3,-3.0,0.0,-24.0,87.2,0.0,21.4,32.5,32.5,33.300000000000004,300.0,300.0,30.5,34.4,31.5,31.0,32.7,4.96,1.99,4.97,0.16,0.0,0.0,1027.0,8228.0,0.0,0.0,0.0,0.0,0.0,1.0,0.0,0.0,0.0,-0.017,0.0,0.2,0.0,0.1,0.0,0.0639,16.0,25903.0
2026-07-30T18:58:53.314Z,102.797,102.81,0.0,7.4,0.0,0.0,0.0,0.0,0.0,0.0,0.0,0.0,1.0,0.0,0.0,0.0,9.0,4.0,0.0,0.0,0.0,0.0,0.0,0.0,0.0,0.0,4.0,12.0,1.0,12.17,5.0200000000000005,2.5,1.49,-2.9000000000000004,2.8000000000000003,0.1,2.9000000000000004,0.0,-0.3,1.1,-1.4,-7.800000000000001,0.0,-26.0,50.900000000000006,0.0,21.4,32.5,32.5,33.300000000000004,300.0,300.0,30.5,34.4,31.5,31.0,32.7,4.96,1.99,4.96,0.16,0.0,0.0,1027.0,8228.0,0.0,0.0,0.0,0.0,0.0,1.0,0.0,0.0,0.0,-0.019,0.0,-1.4,0.0,-0.5,0.0,0.0705,16.0,25903.0
2026-07-30T18:58:53.326Z,102.809,102.822,0.0,7.4,0.0,0.0,0.0,0.0,0.0,0.0,0.0,0.0,1.0,0.0,0.0,0.0,9.0,4.0,0.0,0.0,0.0,0.0,0.0,0.0,0.0,0.0,6.0,12.0,1.0,12.22,5.01,2.51,1.49,-1.5,3.4000000000000004,0.1,3.0,0.0,-0.2,0.0,-0.2,-9.5,0.0,-28.0,13.1,0.0,21.3,32.5,32.5,33.300000000000004,300.0,300.0,30.700000000000003,34.4,31.5,31.0,32.7,4.95,1.99,4.96,0.16,0.0,0.0,1027.0,8228.0,0.0,0.0,0.0,0.0,0.0,1.0,0.0,0.0,0.0,-0.021,0.0,0.0,0.0,-0.2,0.0,0.0791,16.0,25903.0
2026-07-30T18:58:53.338Z,102.821,102.834,0.0,7.4,0.0,0.0,0.0,0.0,0.0,0.0,0.0,0.0,1.0,0.0,0.0,0.0,9.0,4.0,0.0,0.0,0.0,0.0,0.0,0.0,0.0,0.0,1.0,12.0,1.0,12.22,5.01,2.51,1.49,0.7000000000000001,2.6,0.1,3.0,0.0,-0.2,0.6000000000000001,0.3,-8.3,0.0,-30.0,334.6,0.0,21.3,32.5,32.5,33.300000000000004,300.0,300.0,30.700000000000003,34.4,31.5,31.0,32.7,4.95,1.99,4.97,0.16,0.0,0.0,1027.0,8228.0,0.0,0.0,0.0,0.0,0.0,1.0,0.0,0.0,0.0,-0.021,0.0,-0.9,0.0,0.0,0.0,0.0845,16.0,25903.0
2026-07-30T18:58:53.350Z,102.833,102.846,0.0,7.4,0.0,0.0,0.0,0.0,0.0,0.0,0.0,0.0,1.0,0.0,0.0,0.0,9.0,4.0,0.0,0.0,0.0,0.0,0.0,0.0,0.0,0.0,2.0,12.0,1.0,12.22,5.01,2.51,1.49,2.8000000000000003,0.5,0.1,3.3000000000000003,0.0,-0.8,-1.0,-0.8,-4.4,0.0,-32.0,295.40000000000003,0.0,21.3,32.5,32.5,33.300000000000004,300.0,300.0,30.700000000000003,34.4,31.5,31.0,32.7,4.96,1.99,4.96,0.16,0.0,0.0,1027.0,8228.0,0.0,0.0,0.0,0.0,0.0,1.0,0.0,0.0,0.0,-0.022,0.0,1.4,0.0,1.2000000000000002,0.0,0.0869,16.0,25903.0
2026-07-30T18:58:53.362Z,102.845,102.858,0.0,7.4,0.0,0.0,0.0,0.0,0.0,0.0,0.0,0.0,1.0,0.0,0.0,0.0,9.0,4.0,0.0,0.0,0.0,0.0,0.0,0.0,0.0,0.0,3.0,12.0,1.0,12.22,5.01,2.51,1.49,3.7,-1.8,0.1,3.3000000000000003,0.0,-0.3,0.6000000000000001,-0.2,2.1,0.0,-33.0,254.6,0.0,21.3,32.5,32.5,33.300000000000004,300.0,300.0,30.700000000000003,34.4,31.5,31.0,32.7,4.96,1.99,4.96,0.16,0.0,0.0,1027.0,8228.0,0.0,0.0,0.0,0.0,0.0,1.0,0.0,0.0,0.0,-0.022,0.0,0.3,0.0,-0.5,0.0,0.0882,16.0,25903.0
2026-07-30T18:58:53.374Z,102.857,102.87,0.0,7.4,0.0,0.0,0.0,0.0,0.0,0.0,0.0,0.0,1.0,0.0,0.0,0.0,9.0,4.0,0.0,0.0,0.0,0.0,0.0,0.0,0.0,0.0,4.0,12.0,1.0,12.22,5.01,2.51,1.49,2.8000000000000003,-3.4000000000000004,0.1,3.4000000000000004,0.0,-0.8,0.1,-0.7000000000000001,11.0,0.0,-35.0,216.0,0.0,21.3,32.5,32.5,33.300000000000004,300.0,300.0,30.700000000000003,34.4,31.5,31.0,32.7,4.95,1.99,4.96,0.16,0.0,0.0,1027.0,8228.0,0.0,0.0,0.0,0.0,0.0,1.0,0.0,0.0,0.0,-0.022,0.0,0.2,0.0,0.7000000000000001,0.0,0.0918,16.0,25903.0
2026-07-30T18:58:53.386Z,102.869,102.882,0.0,7.4,0.0,0.0,0.0,0.0,0.0,0.0,0.0,0.0,1.0,0.0,0.0,0.0,9.0,4.0,0.0,0.0,0.0,0.0,0.0,0.0,0.0,0.0,5.0,12.0,1.0,12.22,5.01,2.51,1.49,0.5,-3.2,0.1,3.4000000000000004,0.0,0.2,-1.0,-0.7000000000000001,20.0,0.0,-36.0,176.9,0.0,21.3,32.5,32.5,33.300000000000004,300.0,300.0,30.700000000000003,34.4,31.5,31.0,32.7,4.95,1.99,4.96,0.16,0.0,0.0,1027.0,8228.0,0.0,0.0,0.0,0.0,0.0,1.0,0.0,0.0,0.0,-0.022,0.0,-1.6,0.0,0.6000000000000001,0.0,0.089,16.0,25903.0
2026-07-30T18:58:53.398Z,102.881,102.894,0.0,7.4,0.0,0.0,0.0,0.0,0.0,0.0,0.0,0.0,1.0,0.0,0.0,0.0,9.0,4.0,0.0,0.0,0.0,0.0,0.0,0.0,0.0,0.0,1.0,12.0,1.0,12.22,5.01,2.51,1.49,-1.7000000000000002,-1.6,0.1,3.3000000000000003,0.0,-0.2,-0.4,1.0,7.1000000000000005,0.0,-37.0,139.6,0.0,21.3,32.5,32.5,33.300000000000004,300.0,300.0,30.700000000000003,34.4,31.5,31.0,32.7,4.96,2.0,4.96,0.16,0.0,0.0,1027.0,8228.0,0.0,0.0,0.0,0.0,0.0,1.0,0.0,0.0,0.0,-0.021,0.0,0.7000000000000001,0.0,-0.7000000000000001,0.0,0.0892,16.0,25903.0
2026-07-30T18:58:53.410Z,102.893,102.906,0.0,7.4,0.0,0.0,0.0,0.0,0.0,0.0,0.0,0.0,1.0,0.0,0.0,0.0,9.0,4.0,0.0,0.0,0.0,0.0,0.0,0.0,0.0,0.0,2.0,12.0,1.0,12.22,5.01,2.51,1.49,-3.0,0.3,0.1,3.3000000000000003,0.0,-0.2,1.2000000000000002,1.0,-2.1,0.0,-38.0,102.7,0.0,21.3,32.5,32.5,33.300000000000004,300.0,300.0,30.700000000000003,34.4,31.5,31.0,32.7,4.96,1.99,4.97,0.16,0.0,0.0,1027.0,8228.0,0.0,0.0,0.0,0.0,0.0,1.0,0.0,0.0,0.0,-0.021,0.0,1.4,0.0,1.7000000000000002,0.0,0.0859,16.0,25903.0
2026-07-30T18:58:53.423Z,102.906,102.918,0.0,7.4,0.0,0.0,0.0,0.0,0.0,0.0,0.0,0.0,1.0,0.0,0.0,0.0,9.0,4.0,0.0,0.0,0.0,0.0,0.0,0.0,0.0,0.0,3.0,12.0,1.0,12.18,5.0200000000000005,2.51,1.49,-3.2,2.3000000000000003,0.1,3.3000000000000003,0.0,-0.8,0.1,-0.6000000000000001,-8.1,0.0,-39.0,65.60000000000001,0.0,21.3,32.5,32.5,33.300000000000004,300.0,300.0,30.6,34.5,31.5,31.0,32.7,4.95,1.99,4.97,0.16,0.0,0.0,1027.0,8228.0,0.0,0.0,0.0,0.0,0.0,1.0,0.0,0.0,0.0,-0.021,0.0,-0.5,0.0,-0.4,0.0,0.0841,16.0,25903.0
2026-07-30T18:58:53.435Z,102.918,102.93,0.0,7.4,0.0,0.0,0.0,0.0,0.0,0.0,0.0,0.0,1.0,0.0,0.0,0.0,9.0,4.0,0.0,0.0,0.0,0.0,0.0,0.0,0.0,0.0,4.0,12.0,1.0,12.18,5.0200000000000005,2.51,1.49,-2.1,3.2,0.1,3.3000000000000003,0.0,-0.2,-1.0,-1.8,-10.9,0.0,-40.0,28.9,0.0,21.3,32.5,32.5,33.300000000000004,300.0,300.0,30.6,34.5,31.5,31.0,32.7,4.96,1.99,4.96,0.16,0.0,0.0,1027.0,8228.0,0.0,0.0,0.0,0.0,0.0,1.0,0.0,0.0,0.0,-0.02,0.0,1.0,0.0,-2.6,0.0,0.0841,16.0,25903.0
2026-07-30T18:58:53.451Z,102.934,102.942,0.0,7.4,0.0,0.0,0.0,0.0,0.0,0.0,0.0,0.0,1.0,0.0,0.0,0.0,9.0,4.0,0.0,0.0,0.0,0.0,0.0,0.0,0.0,0.0,5.0,12.0,1.0,12.18,5.0200000000000005,2.51,1.49,-0.3,2.8000000000000003,0.1,3.3000000000000003,0.0,-0.3,0.1,-0.6000000000000001,-10.9,0.0,-41.0,353.8,0.0,21.3,32.5,32.5,33.300000000000004,300.0,300.0,30.6,34.5,31.5,31.0,32.7,4.95,1.99,4.96,0.16,0.0,0.0,1027.0,8228.0,0.0,0.0,0.0,0.0,0.0,1.0,0.0,0.0,0.0,-0.02,0.0,0.3,0.0,-0.6000000000000001,0.0,0.0836,16.0,25903.0
2026-07-30T18:58:53.460Z,102.943,102.954,0.0,7.4,0.0,0.0,0.0,0.0,0.0,0.0,0.0,0.0,1.0,0.0,0.0,0.0,9.0,4.0,0.0,0.0,0.0,0.0,0.0,0.0,0.0,0.0,5.0,12.0,1.0,12.18,5.0200000000000005,2.51,1.49,1.3,1.6,0.1,3.3000000000000003,0.0,0.8,0.1,1.7000000000000002,-8.4,0.0,-41.0,320.5,0.0,21.3,32.5,32.5,33.300000000000004,300.0,300.0,30.6,34.5,31.5,31.0,32.7,4.95,1.99,4.97,0.16,0.0,0.0,1027.0,8228.0,0.0,0.0,0.0,0.0,0.0,1.0,0.0,0.0,0.0,-0.019,0.0,-1.9,0.0,0.6000000000000001,0.0,0.0809,16.0,25903.0
2026-07-30T18:58:53.470Z,102.953,102.966,0.0,7.4,0.0,0.0,0.0,0.0,0.0,0.0,0.0,0.0,1.0,0.0,0.0,0.0,9.0,4.0,0.0,0.0,0.0,0.0,0.0,0.0,0.0,0.0,3.0,12.0,1.0,12.18,5.0200000000000005,2.51,1.49,2.4000000000000004,0.0,0.1,3.3000000000000003,0.0,-0.2,0.7000000000000001,-1.1,-3.7,0.0,-42.0,287.40000000000003,0.0,21.3,32.5,32.5,33.300000000000004,300.0,300.0,30.6,34.5,31.5,31.0,32.7,4.95,2.0,4.97,0.16,0.0,0.0,1027.0,8228.0,0.0,0.0,0.0,0.0,0.0,1.0,0.0,0.0,0.0,-0.018,0.0,1.0,0.0,-0.5,0.0,0.0769,16.0,25903.0
2026-07-30T18:58:53.482Z,102.965,102.978,0.0,7.4,0.0,0.0,0.0,0.0,0.0,0.0,0.0,0.0,1.0,0.0,0.0,0.0,9.0,4.0,0.0,0.0,0.0,0.0,0.0,0.0,0.0,0.0,4.0,12.0,1.0,12.18,5.0200000000000005,2.51,1.49,2.9000000000000004,-1.4,0.1,3.3000000000000003,0.0,-0.8,-0.4,0.0,3.0,0.0,-42.0,254.7,0.0,21.3,32.5,32.5,33.300000000000004,300.0,300.0,30.6,34.5,31.5,31.0,32.7,4.96,2.0,4.96,0.16,0.0,0.0,1027.0,8228.0,0.0,0.0,0.0,0.0,0.0,1.0,0.0,0.0,0.0,-0.018,0.0,0.0,0.0,0.5,0.0,0.0753,16.0,25903.0
2026-07-30T18:58:53.494Z,102.977,102.99,0.0,7.4,0.0,0.0,0.0,0.0,0.0,0.0,0.0,0.0,1.0,0.0,0.0,0.0,9.0,4.0,0.0,0.0,0.0,0.0,0.0,0.0,0.0,0.0,6.0,12.0,1.0,12.18,5.0200000000000005,2.51,1.49,2.3000000000000003,-2.4000000000000004,0.1,3.3000000000000003,0.0,0.3,-1.0,-1.2000000000000002,11.6,0.0,-42.0,222.4,0.0,21.3,32.5,32.5,33.300000000000004,300.0,300.0,30.6,34.5,31.5,31.0,32.7,4.95,1.99,4.97,0.16,0.0,0.0,1027.0,8228.0,0.0,0.0,0.0,0.0,0.0,1.0,0.0,0.0,0.0,-0.018,0.0,-0.5,0.0,2.2,0.0,0.0744,16.0,25903.0
2026-07-30T18:58:53.507Z,102.99,103.002,0.0,7.4,0.0,0.0,0.0,0.0,0.0,0.0,0.0,0.0,1.0,0.0,0.0,0.0,9.0,4.0,0.0,0.0,0.0,0.0,0.0,0.0,0.0,0.0,1.0,12.0,1.0,12.18,5.0200000000000005,2.51,1.49,1.2000000000000002,-2.7,0.1,3.2,0.0,0.3,0.0,0.0,21.9,0.0,-42.0,191.9,0.0,21.3,32.5,32.5,33.300000000000004,300.0,300.0,30.6,34.5,31.5,31.0,32.7,4.95,1.99,4.96,0.16,0.0,0.0,1027.0,8228.0,0.0,0.0,0.0,0.0,0.0,1.0,0.0,0.0,0.0,-0.017,0.0,0.0,0.0,0.0,0.0,0.0739,16.0,25903.0
2026-07-30T18:58:53.519Z,103.002,103.014,0.0,7.4,0.0,0.0,0.0,0.0,0.0,0.0,0.0,0.0,1.0,0.0,0.0,0.0,9.0,4.0,0.0,0.0,0.0,0.0,0.0,0.0,0.0,0.0,2.0,12.0,1.0,12.18,5.0200000000000005,2.51,1.49,-0.2,-2.1,0.1,3.2,0.0,-0.2,1.2000000000000002,0.4,17.8,0.0,-42.0,162.70000000000002,0.0,21.3,32.5,32.5,33.300000000000004,300.0,300.0,30.6,34.5,31.5,31.0,32.7,4.96,1.99,4.96,0.16,0.0,0.0,1027.0,8228.0,0.0,0.0,0.0,0.0,0.0,1.0,0.0,0.0,0.0,-0.016,0.0,1.8,0.0,0.0,0.0,0.0706,16.0,25903.0
2026-07-30T18:58:53.530Z,103.013,103.026,0.0,7.4,0.0,0.0,0.0,0.0,0.0,0.0,0.0,0.0,1.0,0.0,0.0,0.0,9.0,4.0,0.0,0.0,0.0,0.0,0.0,0.0,0.0,0.0,3.0,12.0,1.0,12.18,5.01,2.51,1.49,-1.2000000000000002,-1.1,0.0,3.2,0.0,-0.2,0.1,-0.1,5.6000000000000005,0.0,-42.0,135.9,0.0,21.700000000000003,32.5,32.5,33.300000000000004,300.0,300.0,30.8,34.5,31.5,31.0,32.7,4.95,1.99,4.96,0.16,0.0,0.0,1027.0,8228.0,0.0,0.0,0.0,0.0,0.0,1.0,0.0,0.0,0.0,-0.015,0.0,-1.8,0.0,0.0,0.0,0.0674,16.0,25903.0
2026-07-30T18:58:53.542Z,103.025,103.038,0.0,7.4,0.0,0.0,0.0,0.0,0.0,0.0,0.0,0.0,1.0,0.0,0.0,0.0,9.0,4.0,0.0,0.0,0.0,0.0,0.0,0.0,0.0,0.0,4.0,12.0,1.0,12.18,5.01,2.51,1.49,-2.1,0.0,0.0,3.2,0.0,0.3,0.0,2.2,-3.6,0.0,-41.0,110.0,0.0,21.700000000000003,32.5,32.5,33.300000000000004,300.0,300.0,30.8,34.5,31.5,31.0,32.7,4.95,1.99,4.97,0.16,0.0,0.0,1027.0,8228.0,0.0,0.0,0.0,0.0,0.0,1.0,0.0,0.0,0.0,-0.014,0.0,0.1,0.0,-1.0,0.0,0.0626,16.0,25903.0
2026-07-30T18:58:53.554Z,103.037,103.05,0.0,7.4,0.0,0.0,0.0,0.0,0.0,0.0,0.0,0.0,1.0,0.0,0.0,0.0,9.0,4.0,0.0,0.0,0.0,0.0,0.0,0.0,0.0,0.0,5.0,12.0,1.0,12.18,5.01,2.51,1.49,-2.3000000000000003,0.9,0.0,3.2,0.0,-0.2,0.0,0.0,-10.4,0.0,-41.0,84.5,0.0,21.700000000000003,32.5,32.5,33.300000000000004,300.0,300.0,30.8,34.5,31.5,31.0,32.7,4.95,2.0,4.96,0.16,0.0,0.0,1027.0,8228.0,0.0,0.0,0.0,0.0,0.0,1.0,0.0,0.0,0.0,-0.014,0.0,0.0,0.0,0.0,0.0,0.0595,16.0,25903.0
2026-07-30T18:58:53.567Z,103.05,103.062,0.0,7.4,0.0,0.0,0.0,0.0,0.0,0.0,0.0,0.0,1.0,0.0,0.0,0.0,9.0,4.0,0.0,0.0,0.0,0.0,0.0,0.0,0.0,0.0,6.0,12.0,1.0,12.18,5.01,2.51,1.49,-2.1,1.7000000000000002,0.0,3.2,0.0,-0.8,0.0,-1.8,-14.9,0.0,-40.0,58.7,0.0,21.700000000000003,32.5,32.5,33.300000000000004,300.0,300.0,30.8,34.5,31.5,31.0,32.7,4.95,1.99,4.96,0.16,0.0,0.0,1027.0,8228.0,0.0,0.0,0.0,0.0,0.0,1.0,0.0,0.0,0.0,-0.014,0.0,-1.0,0.0,-1.7000000000000002,0.0,0.0583,16.0,25903.0
2026-07-30T18:58:53.578Z,103.061,103.074,0.0,7.4,0.0,0.0,0.0,0.0,0.0,0.0,0.0,0.0,1.0,0.0,0.0,0.0,9.0,4.0,0.0,0.0,0.0,0.0,0.0,0.0,0.0,0.0,2.0,12.0,1.0,12.18,5.01,2.51,1.49,-1.6,2.1,0.0,3.1,0.0,0.3,-0.5,-0.6000000000000001,-17.1,0.0,-40.0,33.4,0.0,21.700000000000003,32.5,32.5,33.300000000000004,300.0,300.0,30.8,34.5,31.5,31.0,32.7,4.95,1.99,4.97,0.16,0.0,0.0,1027.0,8228.0,0.0,0.0,0.0,0.0,0.0,1.0,0.0,0.0,0.0,-0.014,0.0,0.4,0.0,-1.0,0.0,0.0584,16.0,25903.0
2026-07-30T18:58:53.590Z,103.073,103.086,0.0,7.4,0.0,0.0,0.0,0.0,0.0,0.0,0.0,0.0,1.0,0.0,0.0,0.0,9.0,4.0,0.0,0.0,0.0,0.0,0.0,0.0,0.0,0.0,3.0,12.0,1.0,12.18,5.01,2.51,1.49,-0.8,2.2,0.0,3.1,0.0,-0.8,-1.0,0.0,-17.400000000000002,0.0,-39.0,8.8,0.0,21.700000000000003,32.5,32.5,33.300000000000004,300.0,300.0,30.8,34.5,31.5,31.0,32.7,4.96,1.99,4.97,0.16,0.0,0.0,1027.0,8228.0,0.0,0.0,0.0,0.0,0.0,1.0,0.0,0.0,0.0,-0.014,0.0,1.2000000000000002,0.0,-0.2,0.0,0.0577,16.0,25903.0
2026-07-30T18:58:53.602Z,103.085,103.098,0.0,7.4,0.0,0.0,0.0,0.0,0.0,0.0,0.0,0.0,1.0,0.0,0.0,0.0,9.0,4.0,0.0,0.0,0.0,0.0,0.0,0.0,0.0,0.0,4.0,12.0,1.0,12.18,5.01,2.51,1.49,0.1,1.8,0.0,3.0,0.0,0.3,0.0,-0.5,-15.9,0.0,-39.0,344.3,0.0,21.700000000000003,32.5,32.5,33.300000000000004,300.0,300.0,30.8,34.5,31.5,31.0,32.7,4.96,1.99,4.96,0.16,0.0,0.0,1027.0,8228.0,0.0,0.0,0.0,0.0,0.0,1.0,0.0,0.0,0.0,-0.013,0.0,0.3,0.0,-0.4,0.0,0.0562,16.0,25903.0
2026-07-30T18:58:53.614Z,103.097,103.11,0.0,7.4,0.0,0.0,0.0,0.0,0.0,0.0,0.0,0.0,1.0,0.0,0.0,0.0,9.0,4.0,0.0,0.0,0.0,0.0,0.0,0.0,0.0,0.0,5.0,12.0,1.0,12.18,5.01,2.51,1.49,0.8,1.2000000000000002,0.0,3.1,0.0,-0.9,0.0,0.0,-12.7,0.0,-39.0,321.6,0.0,21.700000000000003,32.5,32.5,33.300000000000004,300.0,300.0,30.8,34.5,31.5,31.0,32.7,4.95,1.99,4.96,0.16,0.0,0.0,1027.0,8228.0,0.0,0.0,0.0,0.0,0.0,1.0,0.0,0.0,0.0,-0.013,0.0,0.0,0.0,0.0,0.0,0.0558,16.0,25903.0
2026-07-30T18:58:53.627Z,103.11,103.122,0.0,7.4,0.0,0.0,0.0,0.0,0.0,0.0,0.0,0.0,1.0,0.0,0.0,0.0,9.0,4.0,0.0,0.0,0.0,0.0,0.0,0.0,0.0,0.0,5.0,12.0,1.0,12.17,5.0200000000000005,2.51,1.5,1.3,0.4,0.0,3.0,0.0,-0.3,0.0,-0.5,-8.200000000000001,0.0,-38.0,300.5,0.0,21.3,32.5,32.5,33.300000000000004,300.0,300.0,30.6,34.5,31.5,31.0,32.7,4.95,1.99,4.97,0.16,0.0,0.0,1027.0,8228.0,0.0,0.0,0.0,0.0,0.0,1.0,0.0,0.0,0.0,-0.012,0.0,0.6000000000000001,0.0,0.0,0.0,0.0529,16.0,25903.0
2026-07-30T18:58:53.638Z,103.121,103.134,0.0,7.4,0.0,0.0,0.0,0.0,0.0,0.0,0.0,0.0,1.0,0.0,0.0,0.0,9.0,4.0,0.0,0.0,0.0,0.0,0.0,0.0,0.0,0.0,1.0,12.0,1.0,12.17,5.0200000000000005,2.51,1.5,1.6,-0.1,0.0,3.0,0.0,0.2,-0.5,1.1,-2.6,0.0,-37.0,280.5,0.0,21.3,32.5,32.5,33.300000000000004,300.0,300.0,30.6,34.5,31.5,31.0,32.7,4.96,1.99,4.96,0.16,0.0,0.0,1027.0,8228.0,0.0,0.0,0.0,0.0,0.0,1.0,0.0,0.0,0.0,-0.011,0.0,-1.1,0.0,0.1,0.0,0.0492,16.0,25903.0
2026-07-30T18:58:53.650Z,103.133,103.146,0.0,7.4,0.0,0.0,0.0,0.0,0.0,0.0,0.0,0.0,1.0,0.0,0.0,0.0,9.0,4.0,0.0,0.0,0.0,0.0,0.0,0.0,0.0,0.0,2.0,12.0,1.0,12.17,5.0200000000000005,2.51,1.5,1.6,-0.6000000000000001,0.0,3.0,0.0,0.2,-0.5,0.0,4.1000000000000005,0.0,-36.0,261.40000000000003,0.0,21.3,32.5,32.5,33.300000000000004,300.0,300.0,30.6,34.5,31.5,31.0,32.7,4.96,1.99,4.97,0.16,0.0,0.0,1027.0,8228.0,0.0,0.0,0.0,0.0,0.0,1.0,0.0,0.0,0.0,-0.011,0.0,-0.1,0.0,0.6000000000000001,0.0,0.0465,16.0,25903.0
2026-07-30T18:58:53.662Z,103.145,103.158,0.0,7.4,0.0,0.0,0.0,0.0,0.0,0.0,0.0,0.0,1.0,0.0,0.0,0.0,9.0,4.0,0.0,0.0,0.0,0.0,0.0,0.0,0.0,0.0,3.0,12.0,1.0,12.17,5.0200000000000005,2.51,1.5,1.5,-0.9,0.0,3.0,0.0,0.2,0.0,-0.5,11.4,0.0,-35.0,246.2,0.0,21.3,32.5,32.5,33.300000000000004,300.0,300.0,30.6,34.5,31.5,31.0,32.7,4.95,1.99,4.97,0.16,0.0,0.0,1027.0,8228.0,0.0,0.0,0.0,0.0,0.0,1.0,0.0,0.0,0.0,-0.009,0.0,0.4,0.0,0.5,0.0,0.0441,16.0,25903.0
2026-07-30T18:58:53.674Z,103.157,103.17,0.0,7.4,0.0,0.0,0.0,0.0,0.0,0.0,0.0,0.0,1.0,0.0,0.0,0.0,9.0,4.0,0.0,0.0,0.0,0.0,0.0,0.0,0.0,0.0,4.0,12.0,1.0,12.17,5.0200000000000005,2.51,1.5,1.3,-1.2000000000000002,0.0,3.0,0.0,0.2,0.6000000000000001,0.5,19.5,0.0,-34.0,228.8,0.0,21.3,32.5,32.5,33.300000000000004,300.0,300.0,30.6,34.5,31.5,31.0,32.7,4.96,1.99,4.96,0.16,0.0,0.0,1027.0,8228.0,0.0,0.0,0.0,0.0,0.0,1.0,0.0,0.0,0.0,-0.009,0.0,0.2,0.0,-1.2000000000000002,0.0,0.0372,16.0,25903.0
2026-07-30T18:58:53.687Z,103.17,103.182,0.0,7.4,0.0,0.0,0.0,0.0,0.0,0.0,0.0,0.0,1.0,0.0,0.0,0.0,9.0,4.0,0.0,0.0,0.0,0.0,0.0,0.0,0.0,0.0,5.0,12.0,1.0,12.17,5.0200000000000005,2.51,1.5,1.0,-1.3,0.0,2.9000000000000004,0.0,-0.4,0.0,-1.1,28.200000000000003,0.0,-34.0,212.7,0.0,21.3,32.5,32.5,33.300000000000004,300.0,300.0,30.6,34.5,31.5,31.0,32.7,4.96,2.0,4.96,0.16,0.0,0.0,1027.0,8228.0,0.0,0.0,0.0,0.0,0.0,1.0,0.0,0.0,0.0,-0.009,0.0,0.0,0.0,1.3,0.0,0.0391,16.0,25903.0
2026-07-30T18:58:53.698Z,103.181,103.194,0.0,7.4,0.0,0.0,0.0,0.0,0.0,0.0,0.0,0.0,1.0,0.0,0.0,0.0,9.0,4.0,0.0,0.0,0.0,0.0,0.0,0.0,0.0,0.0,6.0,12.0,1.0,12.17,5.0200000000000005,2.51,1.5,0.7000000000000001,-1.4,0.0,3.0,0.0,0.8,-0.5,0.0,37.4,0.0,-33.0,197.4,0.0,21.3,32.5,32.5,33.300000000000004,300.0,300.0,30.6,34.5,31.5,31.0,32.7,4.96,1.99,4.97,0.16,0.0,0.0,1027.0,8228.0,0.0,0.0,0.0,0.0,0.0,1.0,0.0,0.0,0.0,-0.008,0.0,-0.6000000000000001,0.0,0.1,0.0,0.0375,16.0,25903.0
2026-07-30T18:58:53.710Z,103.193,103.206,0.0,7.4,0.0,0.0,0.0,0.0,0.0,0.0,0.0,0.0,1.0,0.0,0.0,0.0,9.0,4.0,0.0,0.0,0.0,0.0,0.0,0.0,0.0,0.0,1.0,12.0,1.0,12.17,5.0200000000000005,2.51,1.5,0.2,-1.3,0.0,3.0,0.0,0.8,1.2000000000000002,0.5,47.1,0.0,-32.0,181.8,0.0,21.3,32.5,32.5,33.300000000000004,300.0,300.0,30.6,34.5,31.5,31.0,32.7,4.95,1.99,4.97,0.16,0.0,0.0,1027.0,8228.0,0.0,0.0,0.0,0.0,0.0,1.0,0.0,0.0,0.0,-0.008,0.0,1.7000000000000002,0.0,-0.6000000000000001,0.0,0.0355,16.0,25903.0
2026-07-30T18:58:53.723Z,103.206,103.218,0.0,7.4,0.0,0.0,0.0,0.0,0.0,0.0,0.0,0.0,1.0,0.0,0.0,0.0,9.0,4.0,0.0,0.0,0.0,0.0,0.0,0.0,0.0,0.0,2.0,12.0,1.0,12.17,5.0200000000000005,2.51,1.5,0.0,-1.1,0.0,2.9000000000000004,0.0,-0.3,-1.6,-1.7000000000000002,34.1,0.0,-31.0,166.60000000000002,0.0,21.3,32.5,32.5,33.300000000000004,300.0,300.0,30.6,34.5,31.5,31.0,32.7,4.96,1.99,4.96,0.16,0.0,0.0,1027.0,8228.0,0.0,0.0,0.0,0.0,0.0,1.0,0.0,0.0,0.0,-0.008,0.0,-3.3000000000000003,0.0,1.0,0.0,0.035,16.0,25903.0
2026-07-30T18:58:53.734Z,103.217,103.23,0.0,7.4,0.0,0.0,0.0,0.0,0.0,0.0,0.0,0.0,1.0,0.0,0.0,0.0,9.0,4.0,0.0,0.0,0.0,0.0,0.0,0.0,0.0,0.0,3.0,12.0,1.0,12.17,5.0200000000000005,2.51,1.49,-0.3,-0.8,0.0,2.9000000000000004,0.0,1.4,0.1,2.3000000000000003,20.0,0.0,-30.0,152.20000000000002,0.0,21.4,32.5,32.5,33.300000000000004,300.0,300.0,30.6,34.5,31.5,31.0,32.7,4.95,1.99,4.97,0.16,0.0,0.0,1027.0,8228.0,0.0,0.0,0.0,0.0,0.0,1.0,0.0,0.0,0.0,-0.008,0.0,2.3000000000000003,0.0,-1.3,0.0,0.0349,16.0,25903.0
2026-07-30T18:58:53.746Z,103.229,103.242,0.0,7.4,0.0,0.0,0.0,0.0,0.0,0.0,0.0,0.0,1.0,0.0,0.0,0.0,9.0,4.0,0.0,0.0,0.0,0.0,0.0,0.0,0.0,0.0,5.0,12.0,1.0,12.17,5.0200000000000005,2.51,1.49,-0.5,-0.4,0.0,2.9000000000000004,0.0,0.2,1.2000000000000002,-1.1,8.0,0.0,-29.0,138.9,0.0,21.4,32.5,32.5,33.300000000000004,300.0,300.0,30.6,34.5,31.5,31.0,32.7,4.95,1.99,4.96,0.16,0.0,0.0,1027.0,8228.0,0.0,0.0,0.0,0.0,0.0,1.0,0.0,0.0,0.0,-0.007,0.0,-0.1,0.0,1.3,0.0,0.0332,16.0,25903.0
2026-07-30T18:58:53.758Z,103.241,103.254,0.0,7.4,0.0,0.0,0.0,0.0,0.0,0.0,0.0,0.0,1.0,0.0,0.0,0.0,9.0,4.0,0.0,0.0,0.0,0.0,0.0,0.0,0.0,0.0,6.0,12.0,1.0,12.17,5.0200000000000005,2.51,1.49,-0.6000000000000001,-0.3,0.0,2.9000000000000004,0.0,0.2,-0.4,-1.1,-2.2,0.0,-28.0,127.0,0.0,21.4,32.5,32.5,33.300000000000004,300.0,300.0,30.6,34.5,31.5,31.0,32.7,4.96,1.99,4.96,0.16,0.0,0.0,1027.0,8228.0,0.0,0.0,0.0,0.0,0.0,1.0,0.0,0.0,0.0,-0.007,0.0,-1.6,0.0,-0.2,0.0,0.0309,16.0,25903.0
2026-07-30T18:58:53.773Z,103.256,103.266,0.0,7.4,0.0,0.0,0.0,0.0,0.0,0.0,0.0,0.0,1.0,0.0,0.0,0.0,9.0,4.0,0.0,0.0,0.0,0.0,0.0,0.0,0.0,0.0,6.0,12.0,1.0,12.17,5.0200000000000005,2.51,1.49,-0.7000000000000001,-0.1,0.0,2.8000000000000003,0.0,0.3,-0.4,0.0,-10.9,0.0,-27.0,116.3,0.0,21.4,32.5,32.5,33.300000000000004,300.0,300.0,30.6,34.5,31.5,31.0,32.7,4.95,1.99,4.96,0.16,0.0,0.0,1027.0,8228.0,0.0,0.0,0.0,0.0,0.0,1.0,0.0,0.0,0.0,-0.006,0.0,-0.1,0.0,-0.4,0.0,0.0282,16.0,25903.0
2026-07-30T18:58:53.782Z,103.265,103.278,0.0,7.4,0.0,0.0,0.0,0.0,0.0,0.0,0.0,0.0,1.0,0.0,0.0,0.0,9.0,4.0,0.0,0.0,0.0,0.0,0.0,0.0,0.0,0.0,4.0,12.0,1.0,12.17,5.0200000000000005,2.51,1.49,-0.7000000000000001,0.0,0.0,2.9000000000000004,0.0,-0.2,-1.0,-0.6000000000000001,-18.2,0.0,-26.0,106.8,0.0,21.4,32.5,32.5,33.300000000000004,300.0,300.0,30.6,34.5,31.5,31.0,32.7,4.95,1.99,4.97,0.16,0.0,0.0,1027.0,8228.0,0.0,0.0,0.0,0.0,0.0,1.0,0.0,0.0,0.0,-0.005,0.0,-1.0,0.0,-1.3,0.0,0.0254,16.0,25903.0
2026-07-30T18:58:53.794Z,103.277,103.29,0.0,7.4,0.0,0.0,0.0,0.0,0.0,0.0,0.0,0.0,1.0,0.0,0.0,0.0,9.0,4.0,0.0,0.0,0.0,0.0,0.0,0.0,0.0,0.0,5.0,12.0,1.0,12.17,5.0200000000000005,2.51,1.49,-0.7000000000000001,0.2,0.0,2.8000000000000003,0.0,0.8,0.0,0.5,-24.3,0.0,-25.0,98.4,0.0,21.4,32.5,32.5,33.300000000000004,300.0,300.0,30.6,34.5,31.5,31.0,32.7,4.95,1.99,4.96,0.16,0.0,0.0,1027.0,8228.0,0.0,0.0,0.0,0.0,0.0,1.0,0.0,0.0,0.0,-0.005,0.0,0.6000000000000001,0.0,0.3,0.0,0.0225,16.0,25903.0
2026-07-30T18:58:53.806Z,103.289,103.302,0.0,7.4,0.0,0.0,0.0,0.0,0.0,0.0,0.0,0.0,1.0,0.0,0.0,0.0,9.0,4.0,0.0,0.0,0.0,0.0,0.0,0.0,0.0,0.0,6.0,12.0,1.0,12.17,5.0200000000000005,2.51,1.49,-0.7000000000000001,0.2,0.0,2.8000000000000003,0.0,-0.2,1.2000000000000002,-1.1,-29.4,0.0,-24.0,90.3,0.0,21.4,32.5,32.5,33.300000000000004,300.0,300.0,30.6,34.5,31.5,31.0,32.7,4.96,1.99,4.96,0.17,0.0,0.0,1027.0,8228.0,0.0,0.0,0.0,0.0,0.0,1.0,0.0,0.0,0.0,-0.004,0.0,-1.1,0.0,0.8,0.0,0.02,16.0,25903.0
2026-07-30T18:58:53.819Z,103.302,103.314,0.0,7.4,0.0,0.0,0.0,0.0,0.0,0.0,0.0,0.0,1.0,0.0,0.0,0.0,9.0,4.0,0.0,0.0,0.0,0.0,0.0,0.0,0.0,0.0,1.0,12.0,1.0,12.17,5.0200000000000005,2.51,1.49,-0.9,0.4,0.0,2.8000000000000003,0.0,0.3,-0.4,-0.6000000000000001,-33.5,0.0,-23.0,80.5,0.0,21.4,32.5,32.5,33.300000000000004,300.0,300.0,30.6,34.5,31.5,31.0,32.7,4.95,1.99,4.97,0.16,0.0,0.0,1027.0,8228.0,0.0,0.0,0.0,0.0,0.0,1.0,0.0,0.0,0.0,-0.005,0.0,-0.4,0.0,-0.9,0.0,0.0187,16.0,25903.0
2026-07-30T18:58:53.831Z,103.314,103.326,0.0,7.4,0.0,0.0,0.0,0.0,0.0,0.0,0.0,0.0,1.0,0.0,0.0,0.0,9.0,4.0,0.0,0.0,0.0,0.0,0.0,0.0,0.0,0.0,2.0,12.0,1.0,12.18,5.0200000000000005,2.5,1.49,-1.1,0.7000000000000001,0.0,2.8000000000000003,0.0,0.3,-0.4,-0.6000000000000001,-36.5,0.0,-23.0,68.5,0.0,21.8,32.5,32.5,33.300000000000004,300.0,300.0,30.6,34.6,31.5,31.0,32.6,4.96,2.0,4.96,0.16,0.0,0.0,1027.0,8228.0,0.0,0.0,0.0,0.0,0.0,1.0,0.0,0.0,0.0,-0.006,0.0,-0.2,0.0,-1.0,0.0,0.021,16.0,25903.0
2026-07-30T18:58:53.842Z,103.325,103.338,0.0,7.4,0.0,0.0,0.0,0.0,0.0,0.0,0.0,0.0,1.0,0.0,0.0,0.0,9.0,4.0,0.0,0.0,0.0,0.0,0.0,0.0,0.0,0.0,3.0,12.0,1.0,12.18,5.0200000000000005,2.5,1.49,-1.1,0.9,0.0,2.8000000000000003,0.0,-0.2,0.6000000000000001,1.7000000000000002,-38.3,0.0,-22.0,54.900000000000006,0.0,21.8,32.5,32.5,33.300000000000004,300.0,300.0,30.6,34.6,31.5,31.0,32.6,4.96,1.99,4.97,0.16,0.0,0.0,1027.0,8228.0,0.0,0.0,0.0,0.0,0.0,1.0,0.0,0.0,0.0,-0.007,0.0,0.3,0.0,2.4000000000000004,0.0,0.0251,16.0,25903.0
2026-07-30T18:58:53.854Z,103.337,103.35,0.0,7.4,0.0,0.0,0.0,0.0,0.0,0.0,0.0,0.0,1.0,0.0,0.0,0.0,9.0,4.0,0.0,0.0,0.0,0.0,0.0,0.0,0.0,0.0,4.0,12.0,1.0,12.18,5.0200000000000005,2.5,1.49,-1.1,1.3,0.0,2.8000000000000003,0.0,-0.2,-0.4,0.0,-38.900000000000006,0.0,-22.0,40.400000000000006,0.0,21.8,32.5,32.5,33.300000000000004,300.0,300.0,30.6,34.6,31.5,31.0,32.6,4.95,1.99,4.97,0.16,0.0,0.0,1027.0,8228.0,0.0,0.0,0.0,0.0,0.0,1.0,0.0,0.0,0.0,-0.008,0.0,0.4,0.0,-0.4,0.0,0.0296,16.0,25903.0
2026-07-30T18:58:53.866Z,103.349,103.362,0.0,7.4,0.0,0.0,0.0,0.0,0.0,0.0,0.0,0.0,1.0,0.0,0.0,0.0,9.0,4.0,0.0,0.0,0.0,0.0,0.0,0.0,0.0,0.0,5.0,12.0,1.0,12.18,5.0200000000000005,2.5,1.49,-0.9,1.6,0.0,2.8000000000000003,0.0,0.3,-0.5,-0.6000000000000001,-38.5,0.0,-22.0,25.1,0.0,21.8,32.5,32.5,33.300000000000004,300.0,300.0,30.6,34.6,31.5,31.0,32.6,4.95,1.99,4.97,0.16,0.0,0.0,1027.0,8228.0,0.0,0.0,0.0,0.0,0.0,1.0,0.0,0.0,0.0,-0.008,0.0,0.6000000000000001,0.0,-0.9,0.0,0.0322,16.0,25903.0
2026-07-30T18:58:53.878Z,103.361,103.374,0.0,7.4,0.0,0.0,0.0,0.0,0.0,0.0,0.0,0.0,1.0,0.0,0.0,0.0,9.0,4.0,0.0,0.0,0.0,0.0,0.0,0.0,0.0,0.0,6.0,12.0,1.0,12.18,5.0200000000000005,2.5,1.49,-0.6000000000000001,1.7000000000000002,0.0,2.7,0.0,-0.2,-0.5,0.4,-36.9,0.0,-22.0,7.6,0.0,21.8,32.5,32.5,33.300000000000004,300.0,300.0,30.6,34.6,31.5,31.0,32.6,4.96,1.99,4.96,0.16,0.0,0.0,1027.0,8228.0,0.0,0.0,0.0,0.0,0.0,1.0,0.0,0.0,0.0,-0.009,0.0,0.4,0.0,0.4,0.0,0.034,16.0,25903.0
2026-07-30T18:58:53.890Z,103.373,103.386,0.0,7.4,0.0,0.0,0.0,0.0,0.0,0.0,0.0,0.0,1.0,0.0,0.0,0.0,9.0,4.0,0.0,0.0,0.0,0.0,0.0,0.0,0.0,0.0,1.0,12.0,1.0,12.18,5.0200000000000005,2.5,1.49,0.0,1.6,0.0,2.7,0.0,0.3,0.0,0.5,-34.0,0.0,-22.0,347.70000000000005,0.0,21.8,32.5,32.5,33.300000000000004,300.0,300.0,30.6,34.6,31.5,31.0,32.6,4.96,1.99,4.97,0.16,0.0,0.0,1027.0,8228.0,0.0,0.0,0.0,0.0,0.0,1.0,0.0,0.0,0.0,-0.01,0.0,-0.4,0.0,0.4,0.0,0.0378,16.0,25903.0
2026-07-30T18:58:53.903Z,103.386,103.398,0.0,7.4,0.0,0.0,0.0,0.0,0.0,0.0,0.0,0.0,1.0,0.0,0.0,0.0,9.0,4.0,0.0,0.0,0.0,0.0,0.0,0.0,0.0,0.0,2.0,12.0,1.0,12.18,5.0200000000000005,2.5,1.49,0.7000000000000001,1.3,0.0,2.8000000000000003,0.0,-0.2,0.6000000000000001,0.0,-29.8,0.0,-23.0,326.1,0.0,21.8,32.5,32.5,33.300000000000004,300.0,300.0,30.6,34.6,31.5,31.0,32.6,4.95,1.99,4.97,0.16,0.0,0.0,1027.0,8228.0,0.0,0.0,0.0,0.0,0.0,1.0,0.0,0.0,0.0,-0.011,0.0,-0.5,0.0,-0.4,0.0,0.0433,16.0,25903.0
2026-07-30T18:58:53.914Z,103.397,103.41,0.0,7.4,0.0,0.0,0.0,0.0,0.0,0.0,0.0,0.0,1.0,0.0,0.0,0.0,9.0,4.0,0.0,0.0,0.0,0.0,0.0,0.0,0.0,0.0,3.0,12.0,1.0,12.18,5.0200000000000005,2.5,1.49,1.6,0.5,0.0,2.7,0.0,0.3,-0.5,-0.1,-24.3,0.0,-24.0,301.7,0.0,21.8,32.5,32.5,33.300000000000004,300.0,300.0,30.6,34.6,31.5,31.0,32.6,4.95,1.99,4.96,0.16,0.0,0.0,1027.0,8228.0,0.0,0.0,0.0,0.0,0.0,1.0,0.0,0.0,0.0,-0.013,0.0,0.4,0.0,0.5,0.0,0.0475,16.0,25903.0
2026-07-30T18:58:53.926Z,103.409,103.422,0.0,7.4,0.0,0.0,0.0,0.0,0.0,0.0,0.0,0.0,1.0,0.0,0.0,0.0,9.0,4.0,0.0,0.0,0.0,0.0,0.0,0.0,0.0,0.0,5.0,12.0,1.0,12.18,5.0200000000000005,2.5,1.49,2.1,-0.3,0.0,2.7,0.0,0.3,0.6000000000000001,0.0,-17.3,0.0,-24.0,275.7,0.0,21.8,32.5,32.5,33.300000000000004,300.0,300.0,30.6,34.6,31.5,31.0,32.6,4.96,2.0,4.96,0.16,0.0,0.0,1027.0,8228.0,0.0,0.0,0.0,0.0,0.0,1.0,0.0,0.0,0.0,-0.014,0.0,0.0,0.0,-0.7000000000000001,0.0,0.0531,16.0,25903.0
2026-07-30T18:58:53.938Z,103.421,103.434,0.0,7.4,0.0,0.0,0.0,0.0,0.0,0.0,0.0,0.0,1.0,0.0,0.0,0.0,9.0,4.0,0.0,0.0,0.0,0.0,0.0,0.0,0.0,0.0,6.0,12.0,1.0,12.17,5.01,2.51,1.49,2.3000000000000003,-1.3,0.0,2.7,0.0,0.3,-0.5,-0.6000000000000001,-8.9,0.0,-25.0,248.4,0.0,21.200000000000003,32.5,32.5,33.2,300.0,300.0,30.6,34.6,31.5,31.0,32.6,4.96,1.99,4.97,0.16,0.0,0.0,1027.0,8228.0,0.0,0.0,0.0,0.0,0.0,1.0,0.0,0.0,0.0,-0.015,0.0,0.2,0.0,1.1,0.0,0.0576,16.0,25903.0
2026-07-30T18:58:53.950Z,103.433,103.446,0.0,7.4,0.0,0.0,0.0,0.0,0.0,0.0,0.0,0.0,1.0,0.0,0.0,0.0,9.0,4.0,0.0,0.0,0.0,0.0,0.0,0.0,0.0,0.0,1.0,12.0,1.0,12.17,5.01,2.51,1.49,2.1,-2.2,0.0,2.7,0.0,-0.2,-0.5,1.1,0.9,0.0,-26.0,220.0,0.0,21.200000000000003,32.5,32.5,33.2,300.0,300.0,30.6,34.6,31.5,31.0,32.6,4.95,1.99,4.97,0.16,0.0,0.0,1027.0,8228.0,0.0,0.0,0.0,0.0,0.0,1.0,0.0,0.0,0.0,-0.015,0.0,-0.6000000000000001,0.0,-0.8,0.0,0.0607,16.0,25903.0
2026-07-30T18:58:53.962Z,103.445,103.458,0.0,7.4,0.0,0.0,0.0,0.0,0.0,0.0,0.0,0.0,1.0,0.0,0.0,0.0,9.0,4.0,0.0,0.0,0.0,0.0,0.0,0.0,0.0,0.0,2.0,12.0,1.0,12.17,5.01,2.51,1.49,1.2000000000000002,-2.6,0.0,2.6,0.0,-0.2,-0.5,-0.6000000000000001,12.1,0.0,-27.0,191.6,0.0,21.200000000000003,32.5,32.5,33.2,300.0,300.0,30.6,34.6,31.5,31.0,32.6,4.96,1.99,4.96,0.16,0.0,0.0,1027.0,8228.0,0.0,0.0,0.0,0.0,0.0,1.0,0.0,0.0,0.0,-0.016,0.0,-0.8,0.0,0.8,0.0,0.0636,16.0,25903.0
2026-07-30T18:58:53.974Z,103.457,103.47,0.0,7.4,0.0,0.0,0.0,0.0,0.0,0.0,0.0,0.0,1.0,0.0,0.0,0.0,9.0,4.0,0.0,0.0,0.0,0.0,0.0,0.0,0.0,0.0,3.0,12.0,1.0,12.17,5.01,2.51,1.49,-0.2,-2.3000000000000003,0.0,2.6,0.0,-0.2,-1.1,-0.6000000000000001,8.1,0.0,-28.0,161.60000000000002,0.0,21.200000000000003,32.5,32.5,33.2,300.0,300.0,30.6,34.6,31.5,31.0,32.6,4.95,1.99,4.96,0.16,0.0,0.0,1027.0,8228.0,0.0,0.0,0.0,0.0,0.0,1.0,0.0,0.0,0.0,-0.016,0.0,-1.8,0.0,0.0,0.0,0.0641,16.0,25903.0
2026-07-30T18:58:53.986Z,103.469,103.482,0.0,7.4,0.0,0.0,0.0,0.0,0.0,0.0,0.0,0.0,1.0,0.0,0.0,0.0,9.0,4.0,0.0,0.0,0.0,0.0,0.0,0.0,0.0,0.0,4.0,12.0,1.0,12.17,5.01,2.51,1.49,-1.9,-1.1,0.1,2.8000000000000003,0.0,-0.2,1.1,-0.6000000000000001,-3.0,0.0,-29.0,129.9,0.0,21.200000000000003,32.5,32.5,33.2,300.0,300.0,30.6,34.6,31.5,31.0,32.6,4.95,1.99,4.96,0.16,0.0,0.0,1027.0,8228.0,0.0,0.0,0.0,0.0,0.0,1.0,0.0,0.0,0.0,-0.017,0.0,0.1,0.0,1.1,0.0,0.067,16.0,25903.0
2026-07-30T18:58:53.998Z,103.481,103.494,0.0,7.4,0.0,0.0,0.0,0.0,0.0,0.0,0.0,0.0,1.0,0.0,0.0,0.0,9.0,4.0,0.0,0.0,0.0,0.0,0.0,0.0,0.0,0.0,6.0,12.0,1.0,12.17,5.01,2.51,1.49,-3.1,0.7000000000000001,0.1,2.8000000000000003,0.0,-0.2,0.5,-0.6000000000000001,-10.9,0.0,-31.0,94.7,0.0,21.200000000000003,32.5,32.5,33.2,300.0,300.0,30.6,34.6,31.5,31.0,32.6,4.95,2.0,4.96,0.16,0.0,0.0,1027.0,8228.0,0.0,0.0,0.0,0.0,0.0,1.0,0.0,0.0,0.0,-0.019,0.0,-0.6000000000000001,0.0,0.3,0.0,0.0704,16.0,25903.0
2026-07-30T18:58:54.010Z,103.493,103.506,0.0,7.4,0.0,0.0,0.0,0.0,0.0,0.0,0.0,0.0,1.0,0.0,0.0,0.0,9.0,4.0,0.0,0.0,0.0,0.0,0.0,0.0,0.0,0.0,1.0,12.0,1.0,12.17,5.01,2.51,1.49,-3.2,2.6,0.1,3.0,0.0,-0.2,0.0,0.5,-15.6,0.0,-32.0,57.400000000000006,0.0,21.200000000000003,32.5,32.5,33.2,300.0,300.0,30.6,34.6,31.5,31.0,32.6,4.95,2.0,4.97,0.16,0.0,0.0,1027.0,8228.0,0.0,0.0,0.0,0.0,0.0,1.0,0.0,0.0,0.0,-0.02,0.0,0.2,0.0,0.5,0.0,0.0771,16.0,25903.0
2026-07-30T18:58:54.022Z,103.505,103.518,0.0,7.4,0.0,0.0,0.0,0.0,0.0,0.0,0.0,0.0,1.0,0.0,0.0,0.0,9.0,4.0,0.0,0.0,0.0,0.0,0.0,0.0,0.0,0.0,3.0,12.0,1.0,12.17,5.01,2.51,1.49,-1.8,3.5,0.1,3.0,0.0,-0.2,-1.1,-1.7000000000000002,-17.2,0.0,-33.0,20.0,0.0,21.200000000000003,32.5,32.5,33.2,300.0,300.0,30.6,34.6,31.5,31.0,32.6,4.95,1.98,4.97,0.16,0.0,0.0,1027.0,8228.0,0.0,0.0,0.0,0.0,0.0,1.0,0.0,0.0,0.0,-0.021,0.0,1.5,0.0,-2.4000000000000004,0.0,0.0828,16.0,25903.0
2026-07-30T18:58:54.035Z,103.518,103.53,0.0,7.4,0.0,0.0,0.0,0.0,0.0,0.0,0.0,0.0,1.0,0.0,0.0,0.0,9.0,4.0,0.0,0.0,0.0,0.0,0.0,0.0,0.0,0.0,4.0,12.0,1.0,12.15,5.01,2.51,1.49,0.3,2.8000000000000003,0.1,3.1,0.0,0.2,0.0,0.5,-16.0,0.0,-35.0,342.0,0.0,21.700000000000003,32.5,32.4,33.2,300.0,300.0,30.5,34.6,31.5,31.0,32.6,4.95,1.99,4.96,0.16,0.0,0.0,1027.0,8228.0,0.0,0.0,0.0,0.0,0.0,1.0,0.0,0.0,0.0,-0.021,0.0,-1.4,0.0,1.3,0.0,0.0847,16.0,25903.0
2026-07-30T18:58:54.046Z,103.529,103.542,0.0,7.4,0.0,0.0,0.0,0.0,0.0,0.0,0.0,0.0,1.0,0.0,0.0,0.0,9.0,4.0,0.0,0.0,0.0,0.0,0.0,0.0,0.0,0.0,5.0,12.0,1.0,12.15,5.01,2.51,1.49,2.4000000000000004,0.9,0.1,3.3000000000000003,0.0,0.8,0.0,-0.6000000000000001,-12.1,0.0,-36.0,303.0,0.0,21.700000000000003,32.5,32.4,33.2,300.0,300.0,30.5,34.6,31.5,31.0,32.6,4.95,1.99,4.96,0.15,0.0,0.0,1027.0,8228.0,0.0,0.0,0.0,0.0,0.0,1.0,0.0,0.0,0.0,-0.021,0.0,0.3,0.0,0.5,0.0,0.0858,16.0,25903.0
2026-07-30T18:58:54.058Z,103.541,103.554,0.0,7.4,0.0,0.0,0.0,0.0,0.0,0.0,0.0,0.0,1.0,0.0,0.0,0.0,9.0,4.0,0.0,0.0,0.0,0.0,0.0,0.0,0.0,0.0,6.0,12.0,1.0,12.15,5.01,2.51,1.49,3.4000000000000004,-1.2000000000000002,0.1,3.1,0.0,0.3,0.0,0.0,-5.5,0.0,-38.0,261.6,0.0,21.700000000000003,32.5,32.4,33.2,300.0,300.0,30.5,34.6,31.5,31.0,32.6,4.95,1.99,4.97,0.16,0.0,0.0,1027.0,8228.0,0.0,0.0,0.0,0.0,0.0,1.0,0.0,0.0,0.0,-0.023,0.0,0.0,0.0,0.0,0.0,0.0872,16.0,25903.0
2026-07-30T18:58:54.070Z,103.553,103.566,0.0,7.4,0.0,0.0,0.0,0.0,0.0,0.0,0.0,0.0,1.0,0.0,0.0,0.0,9.0,4.0,0.0,0.0,0.0,0.0,0.0,0.0,0.0,0.0,1.0,12.0,1.0,12.15,5.01,2.51,1.49,2.8000000000000003,-2.8000000000000003,0.1,3.2,0.0,-0.2,0.0,-0.5,3.4000000000000004,0.0,-39.0,223.3,0.0,21.700000000000003,32.5,32.4,33.2,300.0,300.0,30.5,34.6,31.5,31.0,32.6,4.95,1.99,4.97,0.16,0.0,0.0,1027.0,8228.0,0.0,0.0,0.0,0.0,0.0,1.0,0.0,0.0,0.0,-0.022,0.0,0.1,0.0,0.6000000000000001,0.0,0.0926,16.0,25903.0
2026-07-30T18:58:54.089Z,103.572,103.578,0.0,7.4,0.0,0.0,0.0,0.0,0.0,0.0,0.0,0.0,1.0,0.0,0.0,0.0,9.0,4.0,0.0,0.0,0.0,0.0,0.0,0.0,0.0,0.0,2.0,12.0,1.0,12.15,5.01,2.51,1.49,1.2000000000000002,-3.1,0.1,3.1,0.0,-0.2,1.2000000000000002,0.0,14.3,0.0,-40.0,189.1,0.0,21.700000000000003,32.5,32.4,33.2,300.0,300.0,30.5,34.6,31.5,31.0,32.6,4.95,2.0,4.96,0.16,0.0,0.0,1027.0,8228.0,0.0,0.0,0.0,0.0,0.0,1.0,0.0,0.0,0.0,-0.02,0.0,1.4,0.0,-0.2,0.0,0.0892,16.0,25903.0
2026-07-30T18:58:54.094Z,103.577,103.59,0.0,7.4,0.0,0.0,0.0,0.0,0.0,0.0,0.0,0.0,1.0,0.0,0.0,0.0,9.0,4.0,0.0,0.0,0.0,0.0,0.0,0.0,0.0,0.0,6.0,12.0,1.0,12.15,5.01,2.51,1.49,-0.5,-2.2,0.1,3.2,0.0,0.2,0.6000000000000001,-0.5,8.6,0.0,-40.0,157.20000000000002,0.0,21.700000000000003,32.5,32.4,33.2,300.0,300.0,30.5,34.6,31.5,31.0,32.6,4.96,1.99,4.96,0.16,0.0,0.0,1027.0,8228.0,0.0,0.0,0.0,0.0,0.0,1.0,0.0,0.0,0.0,-0.018,0.0,0.1,0.0,0.6000000000000001,0.0,0.0808,16.0,25903.0
2026-07-30T18:58:54.106Z,103.589,103.602,0.0,7.4,0.0,0.0,0.0,0.0,0.0,0.0,0.0,0.0,1.0,0.0,0.0,0.0,9.0,4.0,0.0,0.0,0.0,0.0,0.0,0.0,0.0,0.0,6.0,12.0,1.0,12.15,5.01,2.51,1.49,-2.1,-0.7000000000000001,0.1,3.1,0.0,-0.3,0.0,1.1,-2.2,0.0,-40.0,123.9,0.0,21.700000000000003,32.5,32.4,33.2,300.0,300.0,30.5,34.6,31.5,31.0,32.6,4.95,1.99,4.97,0.16,0.0,0.0,1027.0,8228.0,0.0,0.0,0.0,0.0,0.0,1.0,0.0,0.0,0.0,-0.018,0.0,1.3,0.0,0.0,0.0,0.0739,16.0,25903.0
2026-07-30T18:58:54.118Z,103.601,103.614,0.0,7.4,0.0,0.0,0.0,0.0,0.0,0.0,0.0,0.0,1.0,0.0,0.0,0.0,9.0,4.0,0.0,0.0,0.0,0.0,0.0,0.0,0.0,0.0,2.0,12.0,1.0,12.15,5.01,2.51,1.49,-3.0,0.9,0.1,3.1,0.0,0.2,-0.5,-1.1,-9.8,0.0,-41.0,89.60000000000001,0.0,21.700000000000003,32.5,32.4,33.2,300.0,300.0,30.5,34.6,31.5,31.0,32.6,4.95,1.99,4.96,0.16,0.0,0.0,1027.0,8228.0,0.0,0.0,0.0,0.0,0.0,1.0,0.0,0.0,0.0,-0.019,0.0,-1.1,0.0,-1.3,0.0,0.0744,16.0,25903.0
2026-07-30T18:58:54.130Z,103.613,103.626,0.0,7.4,0.0,0.0,0.0,0.0,0.0,0.0,0.0,0.0,1.0,0.0,0.0,0.0,9.0,4.0,0.0,0.0,0.0,0.0,0.0,0.0,0.0,0.0,3.0,12.0,1.0,12.15,5.01,2.51,1.49,-2.8000000000000003,2.4000000000000004,0.1,3.1,0.0,-0.9,0.5,-0.6000000000000001,-14.3,0.0,-41.0,55.6,0.0,21.700000000000003,32.5,32.4,33.2,300.0,300.0,30.5,34.6,31.5,31.0,32.6,4.95,1.99,4.96,0.16,0.0,0.0,1027.0,8228.0,0.0,0.0,0.0,0.0,0.0,1.0,0.0,0.0,0.0,-0.019,0.0,-0.6000000000000001,0.0,-0.1,0.0,0.0771,16.0,25903.0
2026-07-30T18:58:54.142Z,103.625,103.638,0.0,7.4,0.0,0.0,0.0,0.0,0.0,0.0,0.0,0.0,1.0,0.0,0.0,0.0,9.0,4.0,0.0,0.0,0.0,0.0,0.0,0.0,0.0,0.0,4.0,12.0,1.0,12.14,5.01,2.5,1.5,-1.8,2.8000000000000003,0.1,3.1,0.0,0.2,1.1,1.1,-16.2,0.0,-41.0,25.1,0.0,21.4,32.4,32.4,33.2,300.0,300.0,30.6,34.5,31.5,31.0,32.6,4.96,1.99,4.96,0.16,0.0,0.0,1027.0,8228.0,0.0,0.0,0.0,0.0,0.0,1.0,0.0,0.0,0.0,-0.017,0.0,-1.3,0.0,1.8,0.0,0.0774,16.0,25903.0
2026-07-30T18:58:54.154Z,103.637,103.65,0.0,7.4,0.0,0.0,0.0,0.0,0.0,0.0,0.0,0.0,1.0,0.0,0.0,0.0,9.0,4.0,0.0,0.0,0.0,0.0,0.0,0.0,0.0,0.0,6.0,12.0,1.0,12.14,5.01,2.5,1.5,-0.4,2.5,0.0,3.0,0.0,-0.3,-1.1,-0.5,-15.8,0.0,-41.0,357.90000000000003,0.0,21.4,32.4,32.4,33.2,300.0,300.0,30.6,34.5,31.5,31.0,32.6,4.96,1.99,4.97,0.16,0.0,0.0,1027.0,8228.0,0.0,0.0,0.0,0.0,0.0,1.0,0.0,0.0,0.0,-0.016,0.0,1.6,0.0,-0.5,0.0,0.0718,16.0,25903.0
2026-07-30T18:58:54.166Z,103.649,103.662,0.0,7.4,0.0,0.0,0.0,0.0,0.0,0.0,0.0,0.0,1.0,0.0,0.0,0.0,9.0,4.0,0.0,0.0,0.0,0.0,0.0,0.0,0.0,0.0,6.0,12.0,1.0,12.14,5.01,2.5,1.5,0.7000000000000001,1.7000000000000002,0.0,3.0,0.0,-0.3,-1.1,-0.6000000000000001,-13.5,0.0,-41.0,331.1,0.0,21.4,32.4,32.4,33.2,300.0,300.0,30.6,34.5,31.5,31.0,32.6,4.95,1.99,4.96,0.16,0.0,0.0,1027.0,8228.0,0.0,0.0,0.0,0.0,0.0,1.0,0.0,0.0,0.0,-0.015,0.0,1.7000000000000002,0.0,0.2,0.0,0.0644,16.0,25903.0
2026-07-30T18:58:54.178Z,103.661,103.674,0.0,7.4,0.0,0.0,0.0,0.0,0.0,0.0,0.0,0.0,1.0,0.0,0.0,0.0,9.0,4.0,0.0,0.0,0.0,0.0,0.0,0.0,0.0,0.0,2.0,12.0,1.0,12.14,5.01,2.5,1.5,1.7000000000000002,0.6000000000000001,0.0,3.0,0.0,-0.9,0.5,0.5,-9.4,0.0,-41.0,302.3,0.0,21.4,32.4,32.4,33.2,300.0,300.0,30.6,34.5,31.5,31.0,32.6,4.95,1.99,4.97,0.16,0.0,0.0,1027.0,8228.0,0.0,0.0,0.0,0.0,0.0,1.0,0.0,0.0,0.0,-0.016,0.0,-0.9,0.0,-0.5,0.0,0.061,16.0,25903.0
2026-07-30T18:58:54.190Z,103.673,103.686,0.0,7.4,0.0,0.0,0.0,0.0,0.0,0.0,0.0,0.0,1.0,0.0,0.0,0.0,9.0,4.0,0.0,0.0,0.0,0.0,0.0,0.0,0.0,0.0,3.0,12.0,1.0,12.14,5.01,2.5,1.5,2.2,-0.4,0.0,3.1,0.0,-0.3,0.6000000000000001,0.5,-3.4000000000000004,0.0,-41.0,273.5,0.0,21.4,32.4,32.4,33.2,300.0,300.0,30.6,34.5,31.5,31.0,32.6,4.95,1.99,4.97,0.16,0.0,0.0,1027.0,8228.0,0.0,0.0,0.0,0.0,0.0,1.0,0.0,0.0,0.0,-0.016,0.0,-0.6000000000000001,0.0,-0.9,0.0,0.0642,16.0,25903.0
2026-07-30T18:58:54.202Z,103.685,103.698,0.0,7.4,0.0,0.0,0.0,0.0,0.0,0.0,0.0,0.0,1.0,0.0,0.0,0.0,9.0,4.0,0.0,0.0,0.0,0.0,0.0,0.0,0.0,0.0,4.0,12.0,1.0,12.14,5.01,2.5,1.5,2.3000000000000003,-1.4,0.1,3.0,0.0,0.2,0.6000000000000001,0.0,4.2,0.0,-41.0,243.7,0.0,21.4,32.4,32.4,33.2,300.0,300.0,30.6,34.5,31.5,31.0,32.6,4.96,1.99,4.96,0.16,0.0,0.0,1027.0,8228.0,0.0,0.0,0.0,0.0,0.0,1.0,0.0,0.0,0.0,-0.016,0.0,0.3,0.0,-0.6000000000000001,0.0,0.0653,16.0,25903.0
2026-07-30T18:58:54.214Z,103.697,103.71,0.0,7.4,0.0,0.0,0.0,0.0,0.0,0.0,0.0,0.0,1.0,0.0,0.0,0.0,9.0,4.0,0.0,0.0,0.0,0.0,0.0,0.0,0.0,0.0,5.0,12.0,1.0,12.14,5.01,2.5,1.5,1.8,-2.0,0.1,3.0,0.0,0.2,-0.5,-0.5,13.5,0.0,-41.0,214.2,0.0,21.4,32.4,32.4,33.2,300.0,300.0,30.6,34.5,31.5,31.0,32.6,4.96,1.99,4.96,0.16,0.0,0.0,1027.0,8228.0,0.0,0.0,0.0,0.0,0.0,1.0,0.0,0.0,0.0,-0.016,0.0,-0.4,0.0,1.0,0.0,0.0671,16.0,25903.0
2026-07-30T18:58:54.226Z,103.709,103.722,0.0,7.4,0.0,0.0,0.0,0.0,0.0,0.0,0.0,0.0,1.0,0.0,0.0,0.0,9.0,4.0,0.0,0.0,0.0,0.0,0.0,0.0,0.0,0.0,6.0,12.0,1.0,12.14,5.01,2.5,1.5,1.1,-2.1,0.0,3.0,0.0,-0.8,0.0,0.0,23.9,0.0,-40.0,191.0,0.0,21.4,32.4,32.4,33.2,300.0,300.0,30.6,34.5,31.5,31.0,32.6,4.96,1.99,4.97,0.16,0.0,0.0,1027.0,8228.0,0.0,0.0,0.0,0.0,0.0,1.0,0.0,0.0,0.0,-0.014,0.0,0.0,0.0,0.0,0.0,0.0674,16.0,25903.0
2026-07-30T18:58:54.239Z,103.722,103.734,0.0,7.4,0.0,0.0,0.0,0.0,0.0,0.0,0.0,0.0,1.0,0.0,0.0,0.0,9.0,4.0,0.0,0.0,0.0,0.0,0.0,0.0,0.0,0.0,1.0,12.0,1.0,12.15,5.01,2.51,1.49,0.1,-1.7000000000000002,0.0,3.0,0.0,0.2,0.6000000000000001,-0.5,22.3,0.0,-39.0,169.60000000000002,0.0,21.700000000000003,32.4,32.4,33.2,300.0,300.0,30.5,34.4,31.4,31.0,32.6,4.96,1.99,4.97,0.16,0.0,0.0,1027.0,8228.0,0.0,0.0,0.0,0.0,0.0,1.0,0.0,0.0,0.0,-0.012,0.0,0.3,0.0,0.5,0.0,0.0571,16.0,25903.0
2026-07-30T18:58:54.250Z,103.733,103.746,0.0,7.4,0.0,0.0,0.0,0.0,0.0,0.0,0.0,0.0,1.0,0.0,0.0,0.0,9.0,4.0,0.0,0.0,0.0,0.0,0.0,0.0,0.0,0.0,2.0,12.0,1.0,12.15,5.01,2.51,1.49,-0.4,-1.3,0.0,3.0,0.0,-0.2,-1.1,0.0,9.0,0.0,-38.0,150.8,0.0,21.700000000000003,32.4,32.4,33.2,300.0,300.0,30.5,34.4,31.4,31.0,32.6,4.95,1.99,4.97,0.17,0.0,0.0,1027.0,8228.0,0.0,0.0,0.0,0.0,0.0,1.0,0.0,0.0,0.0,-0.011,0.0,-1.0,0.0,-0.6000000000000001,0.0,0.0505,16.0,25903.0
2026-07-30T18:58:54.262Z,103.745,103.758,0.0,7.4,0.0,0.0,0.0,0.0,0.0,0.0,0.0,0.0,1.0,0.0,0.0,0.0,9.0,4.0,0.0,0.0,0.0,0.0,0.0,0.0,0.0,0.0,3.0,12.0,1.0,12.15,5.01,2.51,1.49,-0.9,-0.6000000000000001,0.0,2.9000000000000004,0.0,0.3,0.0,1.1,-1.9,0.0,-37.0,133.6,0.0,21.700000000000003,32.4,32.4,33.2,300.0,300.0,30.5,34.4,31.4,31.0,32.6,4.95,1.99,4.97,0.17,0.0,0.0,1027.0,8228.0,0.0,0.0,0.0,0.0,0.0,1.0,0.0,0.0,0.0,-0.01,0.0,1.3,0.0,-0.3,0.0,0.0448,16.0,25903.0
2026-07-30T18:58:54.274Z,103.757,103.77,0.0,7.4,0.0,0.0,0.0,0.0,0.0,0.0,0.0,0.0,1.0,0.0,0.0,0.0,9.0,4.0,0.0,0.0,0.0,0.0,0.0,0.0,0.0,0.0,4.0,12.0,1.0,12.15,5.01,2.51,1.49,-1.3,-0.2,0.0,2.9000000000000004,0.0,0.8,0.6000000000000001,-0.6000000000000001,-10.8,0.0,-36.0,115.7,0.0,21.700000000000003,32.4,32.4,33.2,300.0,300.0,30.5,34.4,31.4,31.0,32.6,4.95,2.0,4.96,0.16,0.0,0.0,1027.0,8228.0,0.0,0.0,0.0,0.0,0.0,1.0,0.0,0.0,0.0,-0.01,0.0,-0.3,0.0,0.5,0.0,0.0403,16.0,25903.0
2026-07-30T18:58:54.286Z,103.769,103.782,0.0,7.4,0.0,0.0,0.0,0.0,0.0,0.0,0.0,0.0,1.0,0.0,0.0,0.0,9.0,4.0,0.0,0.0,0.0,0.0,0.0,0.0,0.0,0.0,5.0,12.0,1.0,12.15,5.01,2.51,1.49,-1.5,0.3,0.0,2.9000000000000004,0.0,-0.2,0.0,0.5,-17.8,0.0,-36.0,97.3,0.0,21.700000000000003,32.4,32.4,33.2,300.0,300.0,30.5,34.4,31.4,31.0,32.6,4.96,1.99,4.96,0.16,0.0,0.0,1027.0,8228.0,0.0,0.0,0.0,0.0,0.0,1.0,0.0,0.0,0.0,-0.01,0.0,0.6000000000000001,0.0,0.3,0.0,0.0404,16.0,25903.0
2026-07-30T18:58:54.298Z,103.781,103.794,0.0,7.4,0.0,0.0,0.0,0.0,0.0,0.0,0.0,0.0,1.0,0.0,0.0,0.0,9.0,4.0,0.0,0.0,0.0,0.0,0.0,0.0,0.0,0.0,1.0,12.0,1.0,12.15,5.01,2.51,1.49,-1.5,0.7000000000000001,0.0,2.9000000000000004,0.0,-0.2,0.0,-0.6000000000000001,-22.8,0.0,-35.0,78.2,0.0,21.700000000000003,32.4,32.4,33.2,300.0,300.0,30.5,34.4,31.4,31.0,32.6,4.95,1.99,4.97,0.16,0.0,0.0,1027.0,8228.0,0.0,0.0,0.0,0.0,0.0,1.0,0.0,0.0,0.0,-0.01,0.0,-0.5,0.0,-0.4,0.0,0.0416,16.0,25903.0
2026-07-30T18:58:54.310Z,103.793,103.806,0.0,7.4,0.0,0.0,0.0,0.0,0.0,0.0,0.0,0.0,1.0,0.0,0.0,0.0,9.0,4.0,0.0,0.0,0.0,0.0,0.0,0.0,0.0,0.0,2.0,12.0,1.0,12.15,5.01,2.51,1.49,-1.6,1.2000000000000002,0.0,2.8000000000000003,0.0,0.3,-0.4,0.5,-26.200000000000003,0.0,-34.0,59.7,0.0,21.700000000000003,32.4,32.4,33.2,300.0,300.0,30.5,34.4,31.4,31.0,32.6,4.96,2.0,4.96,0.16,0.0,0.0,1027.0,8228.0,0.0,0.0,0.0,0.0,0.0,1.0,0.0,0.0,0.0,-0.01,0.0,0.6000000000000001,0.0,0.1,0.0,0.0428,16.0,25903.0
2026-07-30T18:58:54.322Z,103.805,103.818,0.0,7.4,0.0,0.0,0.0,0.0,0.0,0.0,0.0,0.0,1.0,0.0,0.0,0.0,9.0,4.0,0.0,0.0,0.0,0.0,0.0,0.0,0.0,0.0,3.0,12.0,1.0,12.15,5.01,2.51,1.49,-1.3,1.4,0.0,2.8000000000000003,0.0,0.9,1.2000000000000002,0.0,-27.9,0.0,-33.0,41.8,0.0,21.700000000000003,32.4,32.4,33.2,300.0,300.0,30.5,34.4,31.4,31.0,32.6,4.96,2.0,4.96,0.16,0.0,0.0,1027.0,8228.0,0.0,0.0,0.0,0.0,0.0,1.0,0.0,0.0,0.0,-0.01,0.0,-1.0,0.0,1.0,0.0,0.0424,16.0,25903.0
2026-07-30T18:58:54.334Z,103.817,103.83,0.0,7.4,0.0,0.0,0.0,0.0,0.0,0.0,0.0,0.0,1.0,0.0,0.0,0.0,9.0,4.0,0.0,0.0,0.0,0.0,0.0,0.0,0.0,0.0,5.0,12.0,1.0,12.15,5.01,2.51,1.49,-0.9,1.5,0.0,2.9000000000000004,0.0,0.3,-0.5,-1.7000000000000002,-28.3,0.0,-33.0,24.9,0.0,21.700000000000003,32.4,32.4,33.2,300.0,300.0,30.5,34.4,31.4,31.0,32.6,4.95,1.99,4.96,0.16,0.0,0.0,1027.0,8228.0,0.0,0.0,0.0,0.0,0.0,1.0,0.0,0.0,0.0,-0.009,0.0,0.7000000000000001,0.0,-2.3000000000000003,0.0,0.0412,16.0,25903.0
2026-07-30T18:58:54.346Z,103.829,103.842,0.0,7.4,0.0,0.0,0.0,0.0,0.0,0.0,0.0,0.0,1.0,0.0,0.0,0.0,9.0,4.0,0.0,0.0,0.0,0.0,0.0,0.0,0.0,0.0,6.0,12.0,1.0,12.17,5.0200000000000005,2.51,1.49,-0.5,1.4,0.0,2.8000000000000003,0.0,0.3,0.6000000000000001,0.0,-27.5,0.0,-32.0,9.1,0.0,21.3,32.4,32.4,33.2,300.0,300.0,30.700000000000003,34.5,31.4,31.0,32.6,4.95,1.99,4.97,0.16,0.0,0.0,1027.0,8228.0,0.0,0.0,0.0,0.0,0.0,1.0,0.0,0.0,0.0,-0.009,0.0,-0.7000000000000001,0.0,0.0,0.0,0.039,16.0,25903.0
2026-07-30T18:58:54.358Z,103.841,103.854,0.0,7.4,0.0,0.0,0.0,0.0,0.0,0.0,0.0,0.0,1.0,0.0,0.0,0.0,9.0,4.0,0.0,0.0,0.0,0.0,0.0,0.0,0.0,0.0,1.0,12.0,1.0,12.17,5.0200000000000005,2.51,1.49,-0.1,1.1,0.0,2.8000000000000003,0.0,-0.2,-1.0,-0.6000000000000001,-25.6,0.0,-31.0,354.90000000000003,0.0,21.3,32.4,32.4,33.2,300.0,300.0,30.700000000000003,34.5,31.4,31.0,32.6,4.96,1.99,4.96,0.16,0.0,0.0,1027.0,8228.0,0.0,0.0,0.0,0.0,0.0,1.0,0.0,0.0,0.0,-0.008,0.0,1.6,0.0,-0.4,0.0,0.0367,16.0,25903.0
2026-07-30T18:58:54.370Z,103.853,103.866,0.0,7.4,0.0,0.0,0.0,0.0,0.0,0.0,0.0,0.0,1.0,0.0,0.0,0.0,9.0,4.0,0.0,0.0,0.0,0.0,0.0,0.0,0.0,0.0,2.0,12.0,1.0,12.17,5.0200000000000005,2.51,1.49,0.0,0.8,0.0,2.8000000000000003,0.0,0.4,0.7000000000000001,0.0,-22.9,0.0,-30.0,342.0,0.0,21.3,32.4,32.4,33.2,300.0,300.0,30.700000000000003,34.5,31.4,31.0,32.6,4.96,1.99,4.97,0.16,0.0,0.0,1027.0,8228.0,0.0,0.0,0.0,0.0,0.0,1.0,0.0,0.0,0.0,-0.007,0.0,-0.7000000000000001,0.0,-0.2,0.0,0.0338,16.0,25903.0
2026-07-30T18:58:54.382Z,103.865,103.878,0.0,7.4,0.0,0.0,0.0,0.0,0.0,0.0,0.0,0.0,1.0,0.0,0.0,0.0,9.0,4.0,0.0,0.0,0.0,0.0,0.0,0.0,0.0,0.0,3.0,12.0,1.0,12.17,5.0200000000000005,2.51,1.49,0.1,0.7000000000000001,0.0,2.8000000000000003,0.0,0.4,0.1,1.1,-19.5,0.0,-29.0,331.40000000000003,0.0,21.3,32.4,32.4,33.2,300.0,300.0,30.700000000000003,34.5,31.4,31.0,32.6,4.95,1.99,4.97,0.16,0.0,0.0,1027.0,8228.0,0.0,0.0,0.0,0.0,0.0,1.0,0.0,0.0,0.0,-0.006,0.0,-1.2000000000000002,0.0,0.6000000000000001,0.0,0.0298,16.0,25903.0
2026-07-30T18:58:54.404Z,103.887,103.89,0.0,7.4,0.0,0.0,0.0,0.0,0.0,0.0,0.0,0.0,1.0,0.0,0.0,0.0,9.0,4.0,0.0,0.0,0.0,0.0,0.0,0.0,0.0,0.0,4.0,12.0,1.0,12.17,5.0200000000000005,2.51,1.49,0.2,0.4,0.0,2.8000000000000003,0.0,-0.1,-0.4,-0.6000000000000001,-15.7,0.0,-28.0,323.3,0.0,21.3,32.4,32.4,33.2,300.0,300.0,30.700000000000003,34.5,31.4,31.0,32.6,4.96,1.99,4.96,0.16,0.0,0.0,1027.0,8228.0,0.0,0.0,0.0,0.0,0.0,1.0,0.0,0.0,0.0,-0.005,0.0,1.0,0.0,0.0,0.0,0.0266,16.0,25903.0
2026-07-30T18:58:54.407Z,103.89,103.902,0.0,7.4,0.0,0.0,0.0,0.0,0.0,0.0,0.0,0.0,1.0,0.0,0.0,0.0,9.0,4.0,0.0,0.0,0.0,0.0,0.0,0.0,0.0,0.0,2.0,12.0,1.0,12.17,5.0200000000000005,2.51,1.49,0.2,0.4,0.0,2.7,0.0,-0.1,0.1,1.1,-11.6,0.0,-26.0,315.8,0.0,21.3,32.4,32.4,33.2,300.0,300.0,30.700000000000003,34.5,31.4,31.0,32.6,4.95,2.0,4.96,0.16,0.0,0.0,1027.0,8228.0,0.0,0.0,0.0,0.0,0.0,1.0,0.0,0.0,0.0,-0.004,0.0,-1.4,0.0,0.2,0.0,0.0203,16.0,25903.0
2026-07-30T18:58:54.418Z,103.901,103.914,0.0,7.4,0.0,0.0,0.0,0.0,0.0,0.0,0.0,0.0,1.0,0.0,0.0,0.0,9.0,4.0,0.0,0.0,0.0,0.0,0.0,0.0,0.0,0.0,1.0,12.0,1.0,12.17,5.0200000000000005,2.51,1.49,0.3,0.3,0.0,2.8000000000000003,0.0,0.3,0.1,-1.2000000000000002,-7.300000000000001,0.0,-25.0,307.6,0.0,21.3,32.4,32.4,33.2,300.0,300.0,30.700000000000003,34.5,31.4,31.0,32.6,4.95,1.99,4.97,0.16,0.0,0.0,1027.0,8228.0,0.0,0.0,0.0,0.0,0.0,1.0,0.0,0.0,0.0,-0.004,0.0,1.2000000000000002,0.0,-0.2,0.0,0.0173,16.0,25903.0
2026-07-30T18:58:54.430Z,103.913,103.926,0.0,7.4,0.0,0.0,0.0,0.0,0.0,0.0,0.0,0.0,1.0,0.0,0.0,0.0,9.0,4.0,0.0,0.0,0.0,0.0,0.0,0.0,0.0,0.0,3.0,12.0,1.0,12.17,5.0200000000000005,2.51,1.49,0.3,0.2,0.0,2.7,0.0,-0.2,0.1,0.0,-2.7,0.0,-24.0,301.40000000000003,0.0,21.3,32.4,32.4,33.2,300.0,300.0,30.700000000000003,34.5,31.4,31.0,32.6,4.95,2.0,4.97,0.16,0.0,0.0,1027.0,8228.0,0.0,0.0,0.0,0.0,0.0,1.0,0.0,0.0,0.0,-0.003,0.0,0.0,0.0,-0.1,0.0,0.0183,16.0,25903.0
2026-07-30T18:58:54.443Z,103.926,103.938,0.0,7.4,0.0,0.0,0.0,0.0,0.0,0.0,0.0,0.0,1.0,0.0,0.0,0.0,9.0,4.0,0.0,0.0,0.0,0.0,0.0,0.0,0.0,0.0,3.0,12.0,1.0,12.17,5.01,2.5,1.49,0.3,0.2,0.0,2.6,0.0,0.3,0.1,0.5,1.9,0.0,-23.0,295.8,0.0,21.8,32.4,32.4,33.2,300.0,300.0,30.6,34.5,31.4,31.0,32.6,4.96,2.0,4.96,0.15,0.0,0.0,1027.0,8228.0,0.0,0.0,0.0,0.0,0.0,1.0,0.0,0.0,0.0,-0.003,0.0,-0.7000000000000001,0.0,-0.2,0.0,0.0154,16.0,25903.0
2026-07-30T18:58:54.454Z,103.937,103.95,0.0,7.4,0.0,0.0,0.0,0.0,0.0,0.0,0.0,0.0,1.0,0.0,0.0,0.0,9.0,4.0,0.0,0.0,0.0,0.0,0.0,0.0,0.0,0.0,4.0,12.0,1.0,12.17,5.01,2.5,1.49,0.3,0.1,0.0,2.7,0.0,-0.2,-1.5,-1.7000000000000002,6.6000000000000005,0.0,-22.0,290.90000000000003,0.0,21.8,32.4,32.4,33.2,300.0,300.0,30.6,34.5,31.4,31.0,32.6,4.95,1.99,4.97,0.15,0.0,0.0,1027.0,8228.0,0.0,0.0,0.0,0.0,0.0,1.0,0.0,0.0,0.0,-0.002,0.0,2.6,0.0,2.0,0.0,0.0136,16.0,25903.0
2026-07-30T18:58:54.466Z,103.949,103.962,0.0,7.4,0.0,0.0,0.0,0.0,0.0,0.0,0.0,0.0,1.0,0.0,0.0,0.0,9.0,4.0,0.0,0.0,0.0,0.0,0.0,0.0,0.0,0.0,5.0,12.0,1.0,12.17,5.01,2.5,1.49,0.3,0.0,0.0,2.7,0.0,-0.2,-0.4,-0.6000000000000001,11.3,0.0,-21.0,286.8,0.0,21.8,32.4,32.4,33.2,300.0,300.0,30.6,34.5,31.4,31.0,32.6,4.95,2.0,4.97,0.16,0.0,0.0,1027.0,8228.0,0.0,0.0,0.0,0.0,0.0,1.0,0.0,0.0,0.0,-0.002,0.0,0.8,0.0,0.6000000000000001,0.0,0.0118,16.0,25903.0
2026-07-30T18:58:54.478Z,103.961,103.974,0.0,7.4,0.0,0.0,0.0,0.0,0.0,0.0,0.0,0.0,1.0,0.0,0.0,0.0,9.0,4.0,0.0,0.0,0.0,0.0,0.0,0.0,0.0,0.0,6.0,12.0,1.0,12.17,5.01,2.5,1.49,0.2,0.0,0.0,2.7,0.0,0.9,0.1,-0.6000000000000001,16.0,0.0,-19.0,282.40000000000003,0.0,21.8,32.4,32.4,33.2,300.0,300.0,30.6,34.5,31.4,31.0,32.6,4.96,2.0,4.97,0.16,0.0,0.0,1027.0,8228.0,0.0,0.0,0.0,0.0,0.0,1.0,0.0,0.0,0.0,-0.002,0.0,0.6000000000000001,0.0,0.0,0.0,0.0098,16.0,25903.0
2026-07-30T18:58:54.490Z,103.973,103.986,0.0,7.4,0.0,0.0,0.0,0.0,0.0,0.0,0.0,0.0,1.0,0.0,0.0,0.0,9.0,4.0,0.0,0.0,0.0,0.0,0.0,0.0,0.0,0.0,1.0,12.0,1.0,12.17,5.01,2.5,1.49,0.3,0.0,0.0,2.7,0.0,0.2,-0.3,-0.6000000000000001,20.6,0.0,-18.0,278.40000000000003,0.0,21.8,32.4,32.4,33.2,300.0,300.0,30.6,34.5,31.4,31.0,32.6,4.95,2.0,4.96,0.16,0.0,0.0,1027.0,8228.0,0.0,0.0,0.0,0.0,0.0,1.0,0.0,0.0,0.0,-0.002,0.0,0.7000000000000001,0.0,0.7000000000000001,0.0,0.0097,16.0,25903.0
2026-07-30T18:58:54.502Z,103.985,103.998,0.0,7.4,0.0,0.0,0.0,0.0,0.0,0.0,0.0,0.0,1.0,0.0,0.0,0.0,9.0,4.0,0.0,0.0,0.0,0.0,0.0,0.0,0.0,0.0,2.0,12.0,1.0,12.17,5.01,2.5,1.49,0.3,0.0,0.0,2.7,0.0,0.2,0.1,1.1,25.200000000000003,0.0,-17.0,274.6,0.0,21.8,32.4,32.4,33.2,300.0,300.0,30.6,34.5,31.4,31.0,32.6,4.95,1.99,4.97,0.16,0.0,0.0,1027.0,8228.0,0.0,0.0,0.0,0.0,0.0,1.0,0.0,0.0,0.0,-0.002,0.0,-1.1,0.0,-0.7000000000000001,0.0,0.0096,16.0,25903.0
2026-07-30T18:58:54.514Z,103.997,104.01,-0.1,7.4,0.0,0.0,0.0,0.0,0.0,0.0,0.0,0.0,1.0,0.0,0.0,0.0,9.0,4.0,0.0,0.0,0.0,0.0,0.0,0.0,0.0,0.0,3.0,12.0,1.0,12.17,5.01,2.5,1.49,0.5,0.0,0.0,2.6,0.0,-0.3,0.6000000000000001,-0.6000000000000001,29.700000000000003,0.0,-17.0,270.1,0.0,21.8,32.4,32.4,33.2,300.0,300.0,30.6,34.5,31.4,31.0,32.6,4.95,2.0,4.96,0.16,0.0,0.0,1027.0,8228.0,0.0,0.0,0.0,0.0,0.0,1.0,0.0,0.0,0.0,-0.002,0.0,0.6000000000000001,0.0,-0.4,0.0,0.0086,16.0,25903.0
2026-07-30T18:58:54.526Z,104.009,104.022,0.0,7.4,0.0,0.0,0.0,0.0,0.0,0.0,0.0,0.0,1.0,0.0,0.0,0.0,9.0,4.0,0.0,0.0,0.0,0.0,0.0,0.0,0.0,0.0,4.0,12.0,1.0,12.17,5.01,2.5,1.49,0.7000000000000001,-0.2,0.0,2.6,0.0,0.8,1.2000000000000002,1.7000000000000002,34.300000000000004,0.0,-16.0,263.5,0.0,21.8,32.4,32.4,33.2,300.0,300.0,30.6,34.5,31.4,31.0,32.6,4.96,2.0,4.96,0.16,0.0,0.0,1027.0,8228.0,0.0,0.0,0.0,0.0,0.0,1.0,0.0,0.0,0.0,-0.003,0.0,-1.4,0.0,-2.6,0.0,0.0098,16.0,25903.0
2026-07-30T18:58:54.538Z,104.021,104.034,0.0,7.4,0.0,0.0,0.0,0.0,0.0,0.0,0.0,0.0,1.0,0.0,0.0,0.0,9.0,4.0,0.0,0.0,0.0,0.0,0.0,0.0,0.0,0.0,5.0,12.0,1.0,12.17,5.01,2.5,1.49,0.9,-0.3,0.0,2.6,0.0,-0.2,-0.5,-1.2000000000000002,39.2,0.0,-16.0,253.1,0.0,21.8,32.4,32.4,33.2,300.0,300.0,30.6,34.5,31.4,31.0,32.6,4.95,2.0,4.97,0.16,0.0,0.0,1027.0,8228.0,0.0,0.0,0.0,0.0,0.0,1.0,0.0,0.0,0.0,-0.005,0.0,0.7000000000000001,0.0,1.6,0.0,0.0134,16.0,25903.0
2026-07-30T18:58:54.550Z,104.033,104.046,-0.1,7.4,0.0,0.0,0.0,0.0,0.0,0.0,0.0,0.0,1.0,0.0,0.0,0.0,9.0,4.0,0.0,0.0,0.0,0.0,0.0,0.0,0.0,0.0,6.0,12.0,1.0,12.18,5.01,2.51,1.49,1.1,-0.7000000000000001,0.0,2.6,0.0,-0.8,-0.5,-1.2000000000000002,44.6,0.0,-16.0,240.8,0.0,21.200000000000003,32.4,32.4,33.2,300.0,300.0,30.5,34.5,31.4,31.0,32.6,4.96,1.99,4.97,0.16,0.0,0.0,1027.0,8228.0,0.0,0.0,0.0,0.0,0.0,1.0,0.0,0.0,0.0,-0.006,0.0,0.0,0.0,0.0,0.0,0.0206,16.0,25903.0
2026-07-30T18:58:54.562Z,104.045,104.058,-0.1,7.4,0.0,0.0,0.0,0.0,0.0,0.0,0.0,0.0,1.0,0.0,0.0,0.0,9.0,4.0,0.0,0.0,0.0,0.0,0.0,0.0,0.0,0.0,1.0,12.0,1.0,12.18,5.01,2.51,1.49,1.1,-1.0,0.0,2.6,0.0,-0.8,1.2000000000000002,1.1,50.6,0.0,-16.0,224.5,0.0,21.200000000000003,32.4,32.4,33.2,300.0,300.0,30.5,34.5,31.4,31.0,32.6,4.96,2.0,4.96,0.16,0.0,0.0,1027.0,8228.0,0.0,0.0,0.0,0.0,0.0,1.0,0.0,0.0,0.0,-0.008,0.0,0.3,0.0,-1.1,0.0,0.0263,16.0,25903.0
2026-07-30T18:58:54.574Z,104.057,104.07,-0.1,7.4,0.0,0.0,0.0,0.0,0.0,0.0,0.0,0.0,1.0,0.0,0.0,0.0,9.0,4.0,0.0,0.0,0.0,0.0,0.0,0.0,0.0,0.0,2.0,12.0,1.0,12.18,5.01,2.51,1.49,1.1,-1.3,0.0,2.6,0.0,0.3,1.8,0.6000000000000001,57.400000000000006,0.0,-16.0,209.8,0.0,21.200000000000003,32.4,32.4,33.2,300.0,300.0,30.5,34.5,31.4,31.0,32.6,4.96,1.99,4.96,0.16,0.0,0.0,1027.0,8228.0,0.0,0.0,0.0,0.0,0.0,1.0,0.0,0.0,0.0,-0.008,0.0,0.6000000000000001,0.0,-0.4,0.0,0.0342,16.0,25903.0
2026-07-30T18:58:54.586Z,104.069,104.082,-0.1,7.4,0.0,0.0,0.0,0.0,0.0,0.0,0.0,0.0,1.0,0.0,0.0,0.0,9.0,4.0,0.0,0.0,0.0,0.0,0.0,0.0,0.0,0.0,4.0,12.0,1.0,12.18,5.01,2.51,1.49,0.8,-1.6,0.0,2.6,0.0,0.3,0.1,0.6000000000000001,64.7,0.0,-17.0,193.9,0.0,21.200000000000003,32.4,32.4,33.2,300.0,300.0,30.5,34.5,31.4,31.0,32.6,4.95,1.99,4.97,0.16,0.0,0.0,1027.0,8228.0,0.0,0.0,0.0,0.0,0.0,1.0,0.0,0.0,0.0,-0.008,0.0,0.3,0.0,-0.7000000000000001,0.0,0.0343,16.0,25903.0
2026-07-30T18:58:54.598Z,104.081,104.094,-0.1,7.4,0.0,0.0,0.0,0.0,0.0,0.0,0.0,0.0,1.0,0.0,0.0,0.0,9.0,4.0,0.0,0.0,0.0,0.0,0.0,0.0,0.0,0.0,4.0,12.0,1.0,12.18,5.01,2.51,1.49,0.3,-1.6,0.0,2.5,0.0,0.9,-0.4,0.0,65.9,0.0,-17.0,175.60000000000002,0.0,21.200000000000003,32.4,32.4,33.2,300.0,300.0,30.5,34.5,31.4,31.0,32.6,4.96,1.99,4.96,0.16,0.0,0.0,1027.0,8228.0,0.0,0.0,0.0,0.0,0.0,1.0,0.0,0.0,0.0,-0.009,0.0,-0.5,0.0,0.0,0.0,0.0353,16.0,25903.0
2026-07-30T18:58:54.610Z,104.093,104.106,-0.1,7.4,0.0,0.0,0.0,0.0,0.0,0.0,0.0,0.0,1.0,0.0,0.0,0.0,9.0,4.0,0.0,0.0,0.0,0.0,0.0,0.0,0.0,0.0,5.0,12.0,1.0,12.18,5.01,2.51,1.49,-0.3,-1.3,0.0,2.5,0.0,0.3,-0.5,-0.6000000000000001,49.0,0.0,-18.0,157.9,0.0,21.200000000000003,32.4,32.4,33.2,300.0,300.0,30.5,34.5,31.4,31.0,32.6,4.96,1.99,4.96,0.16,0.0,0.0,1027.0,8228.0,0.0,0.0,0.0,0.0,0.0,1.0,0.0,0.0,0.0,-0.009,0.0,-1.0,0.0,0.2,0.0,0.0399,16.0,25903.0
2026-07-30T18:58:54.622Z,104.105,104.118,0.0,7.4,0.0,0.0,0.0,0.0,0.0,0.0,0.0,0.0,1.0,0.0,0.0,0.0,9.0,4.0,0.0,0.0,0.0,0.0,0.0,0.0,0.0,0.0,6.0,12.0,1.0,12.18,5.01,2.51,1.49,-0.9,-0.9,0.0,2.6,0.0,0.9,1.2000000000000002,-0.6000000000000001,34.6,0.0,-18.0,140.4,0.0,21.200000000000003,32.4,32.4,33.2,300.0,300.0,30.5,34.5,31.4,31.0,32.6,4.95,1.99,4.96,0.16,0.0,0.0,1027.0,8228.0,0.0,0.0,0.0,0.0,0.0,1.0,0.0,0.0,0.0,-0.01,0.0,0.4,0.0,1.1,0.0,0.0399,16.0,25903.0
2026-07-30T18:58:54.634Z,104.117,104.13,0.0,7.4,0.0,0.0,0.0,0.0,0.0,0.0,0.0,0.0,1.0,0.0,0.0,0.0,9.0,4.0,0.0,0.0,0.0,0.0,0.0,0.0,0.0,0.0,1.0,12.0,1.0,12.18,5.01,2.51,1.49,-1.6,-0.2,0.0,2.5,0.0,0.9,0.0,0.5,22.6,0.0,-19.0,120.7,0.0,21.200000000000003,32.4,32.4,33.2,300.0,300.0,30.5,34.5,31.4,31.0,32.6,4.96,1.99,4.97,0.16,0.0,0.0,1027.0,8228.0,0.0,0.0,0.0,0.0,0.0,1.0,0.0,0.0,0.0,-0.01,0.0,0.6000000000000001,0.0,0.0,0.0,0.04,16.0,25903.0
2026-07-30T18:58:54.647Z,104.13,104.142,0.0,7.4,0.0,0.0,0.0,0.0,0.0,0.0,0.0,0.0,1.0,0.0,0.0,0.0,9.0,4.0,0.0,0.0,0.0,0.0,0.0,0.0,0.0,0.0,2.0,12.0,1.0,12.19,5.0200000000000005,2.51,1.49,-2.2,0.6000000000000001,0.0,2.5,0.0,0.3,0.6000000000000001,0.0,13.1,0.0,-20.0,96.0,0.0,21.4,32.4,32.4,33.2,300.0,300.0,30.4,34.5,31.4,31.0,32.6,4.95,1.99,4.97,0.16,0.0,0.0,1027.0,8228.0,0.0,0.0,0.0,0.0,0.0,1.0,0.0,0.0,0.0,-0.013,0.0,0.0,0.0,0.7000000000000001,0.0,0.0427,16.0,25903.0
2026-07-30T18:58:54.658Z,104.141,104.154,0.0,7.4,0.0,0.0,0.0,0.0,0.0,0.0,0.0,0.0,1.0,0.0,0.0,0.0,9.0,4.0,0.0,0.0,0.0,0.0,0.0,0.0,0.0,0.0,4.0,12.0,1.0,12.19,5.0200000000000005,2.51,1.49,-2.5,1.8,0.0,2.5,0.0,0.3,0.0,0.5,6.300000000000001,0.0,-21.0,67.0,0.0,21.4,32.4,32.4,33.2,300.0,300.0,30.4,34.5,31.4,31.0,32.6,4.95,1.99,4.97,0.16,0.0,0.0,1027.0,8228.0,0.0,0.0,0.0,0.0,0.0,1.0,0.0,0.0,0.0,-0.015,0.0,0.3,0.0,0.5,0.0,0.0524,16.0,25903.0
2026-07-30T18:58:54.670Z,104.153,104.166,0.0,7.4,0.0,0.0,0.0,0.0,0.0,0.0,0.0,0.0,1.0,0.0,0.0,0.0,9.0,4.0,0.0,0.0,0.0,0.0,0.0,0.0,0.0,0.0,4.0,12.0,1.0,12.19,5.0200000000000005,2.51,1.49,-2.1,2.6,0.0,2.5,0.0,-0.2,0.6000000000000001,-0.6000000000000001,2.1,0.0,-22.0,37.2,0.0,21.4,32.4,32.4,33.2,300.0,300.0,30.4,34.5,31.4,31.0,32.6,4.95,1.99,4.97,0.16,0.0,0.0,1027.0,8228.0,0.0,0.0,0.0,0.0,0.0,1.0,0.0,0.0,0.0,-0.016,0.0,-0.6000000000000001,0.0,-0.2,0.0,0.0622,16.0,25903.0
2026-07-30T18:58:54.682Z,104.165,104.178,0.0,7.4,0.0,0.0,0.0,0.0,0.0,0.0,0.0,0.0,1.0,0.0,0.0,0.0,9.0,4.0,0.0,0.0,0.0,0.0,0.0,0.0,0.0,0.0,5.0,12.0,1.0,12.19,5.0200000000000005,2.51,1.49,-0.9,3.0,0.0,2.6,0.0,0.8,1.2000000000000002,0.5,0.4,0.0,-24.0,5.4,0.0,21.4,32.4,32.4,33.2,300.0,300.0,30.4,34.5,31.4,31.0,32.6,4.95,1.99,4.96,0.16,0.0,0.0,1027.0,8228.0,0.0,0.0,0.0,0.0,0.0,1.0,0.0,0.0,0.0,-0.017,0.0,-1.6,0.0,0.6000000000000001,0.0,0.0667,16.0,25903.0
2026-07-30T18:58:54.694Z,104.177,104.19,0.0,7.4,0.0,0.0,0.0,0.0,0.0,0.0,0.0,0.0,1.0,0.0,0.0,0.0,9.0,4.0,0.0,0.0,0.0,0.0,0.0,0.0,0.0,0.0,6.0,12.0,1.0,12.19,5.0200000000000005,2.51,1.49,0.8,2.2,0.0,2.6,0.0,0.2,-1.1,-0.6000000000000001,1.2000000000000002,0.0,-25.0,332.40000000000003,0.0,21.4,32.4,32.4,33.2,300.0,300.0,30.4,34.5,31.4,31.0,32.6,4.95,1.99,4.97,0.16,0.0,0.0,1027.0,8228.0,0.0,0.0,0.0,0.0,0.0,1.0,0.0,0.0,0.0,-0.018,0.0,1.8,0.0,0.1,0.0,0.0706,16.0,25903.0
2026-07-30T18:58:54.711Z,104.194,104.202,0.0,7.4,0.0,0.0,0.0,0.0,0.0,0.0,0.0,0.0,1.0,0.0,0.0,0.0,9.0,4.0,0.0,0.0,0.0,0.0,0.0,0.0,0.0,0.0,1.0,12.0,1.0,12.19,5.0200000000000005,2.51,1.49,2.6,0.4,0.1,2.9000000000000004,0.0,-0.3,0.0,-1.2000000000000002,4.6000000000000005,0.0,-27.0,292.90000000000003,0.0,21.4,32.4,32.4,33.2,300.0,300.0,30.4,34.5,31.4,31.0,32.6,4.95,1.99,4.96,0.16,0.0,0.0,1027.0,8228.0,0.0,0.0,0.0,0.0,0.0,1.0,0.0,0.0,0.0,-0.021,0.0,1.4,0.0,0.1,0.0,0.0733,16.0,25903.0
2026-07-30T18:58:54.719Z,104.202,104.214,0.0,7.4,0.0,0.0,0.0,0.0,0.0,0.0,0.0,0.0,1.0,0.0,0.0,0.0,9.0,4.0,0.0,0.0,0.0,0.0,0.0,0.0,0.0,0.0,6.0,12.0,1.0,12.19,5.0200000000000005,2.51,1.49,3.4000000000000004,-1.5,0.1,3.0,0.0,-0.8,-0.6000000000000001,0.4,10.6,0.0,-29.0,253.0,0.0,21.4,32.4,32.4,33.2,300.0,300.0,30.4,34.5,31.4,31.0,32.6,4.96,1.99,4.96,0.17,0.0,0.0,1027.0,8228.0,0.0,0.0,0.0,0.0,0.0,1.0,0.0,0.0,0.0,-0.022,0.0,-0.5,0.0,0.2,0.0,0.0855,16.0,25903.0
2026-07-30T18:58:54.730Z,104.213,104.226,0.0,7.4,0.0,0.0,0.0,0.0,0.0,0.0,0.0,0.0,1.0,0.0,0.0,0.0,9.0,4.0,0.0,0.0,0.0,0.0,0.0,0.0,0.0,0.0,5.0,12.0,1.0,12.19,5.0200000000000005,2.51,1.49,2.8000000000000003,-3.1,0.1,3.1,0.0,-0.8,0.0,-0.6000000000000001,19.200000000000003,0.0,-31.0,212.1,0.0,21.4,32.4,32.4,33.2,300.0,300.0,30.4,34.5,31.4,31.0,32.6,4.95,1.99,4.96,0.16,0.0,0.0,1027.0,8228.0,0.0,0.0,0.0,0.0,0.0,1.0,0.0,0.0,0.0,-0.023,0.0,0.0,0.0,0.7000000000000001,0.0,0.0888,16.0,25903.0
2026-07-30T18:58:54.742Z,104.225,104.238,0.0,7.4,0.0,0.0,0.0,0.0,0.0,0.0,0.0,0.0,1.0,0.0,0.0,0.0,9.0,4.0,0.0,0.0,0.0,0.0,0.0,0.0,0.0,0.0,1.0,12.0,1.0,12.19,5.0200000000000005,2.51,1.49,0.7000000000000001,-3.3000000000000003,0.1,3.2,0.0,0.2,0.0,0.0,27.0,0.0,-33.0,176.10000000000002,0.0,21.4,32.4,32.4,33.2,300.0,300.0,30.4,34.5,31.4,31.0,32.6,4.95,1.99,4.97,0.16,0.0,0.0,1027.0,8228.0,0.0,0.0,0.0,0.0,0.0,1.0,0.0,0.0,0.0,-0.021,0.0,0.0,0.0,0.0,0.0,0.0927,16.0,25903.0
2026-07-30T18:58:54.754Z,104.237,104.25,0.0,7.4,0.0,0.0,0.0,0.0,0.0,0.0,0.0,0.0,1.0,0.0,0.0,0.0,9.0,4.0,0.0,0.0,0.0,0.0,0.0,0.0,0.0,0.0,2.0,12.0,1.0,12.18,5.0200000000000005,2.5,1.49,-1.4,-1.9,0.1,3.2,0.0,-0.8,-0.6000000000000001,-0.1,13.5,0.0,-34.0,142.5,0.0,21.4,32.4,32.4,33.1,300.0,300.0,30.4,34.6,31.4,31.0,32.6,4.95,1.99,4.96,0.16,0.0,0.0,1027.0,8228.0,0.0,0.0,0.0,0.0,0.0,1.0,0.0,0.0,0.0,-0.019,0.0,-0.7000000000000001,0.0,-0.3,0.0,0.085,16.0,25903.0
2026-07-30T18:58:54.766Z,104.249,104.262,0.0,7.4,0.0,0.0,0.0,0.0,0.0,0.0,0.0,0.0,1.0,0.0,0.0,0.0,9.0,4.0,0.0,0.0,0.0,0.0,0.0,0.0,0.0,0.0,3.0,12.0,1.0,12.18,5.0200000000000005,2.5,1.49,-2.9000000000000004,0.2,0.1,3.2,0.0,0.3,0.0,-1.2000000000000002,3.4000000000000004,0.0,-35.0,108.3,0.0,21.4,32.4,32.4,33.1,300.0,300.0,30.4,34.6,31.4,31.0,32.6,4.96,1.99,4.96,0.16,0.0,0.0,1027.0,8228.0,0.0,0.0,0.0,0.0,0.0,1.0,0.0,0.0,0.0,-0.019,0.0,-1.4,0.0,-0.3,0.0,0.0786,16.0,25903.0
2026-07-30T18:58:54.778Z,104.261,104.274,0.0,7.4,0.0,0.0,0.0,0.0,0.0,0.0,0.0,0.0,1.0,0.0,0.0,0.0,9.0,4.0,0.0,0.0,0.0,0.0,0.0,0.0,0.0,0.0,4.0,12.0,1.0,12.18,5.0200000000000005,2.5,1.49,-3.1,1.9,0.1,3.1,0.0,-0.8,0.0,0.5,-3.3000000000000003,0.0,-36.0,71.4,0.0,21.4,32.4,32.4,33.1,300.0,300.0,30.4,34.6,31.4,31.0,32.6,4.95,1.99,4.97,0.16,0.0,0.0,1027.0,8228.0,0.0,0.0,0.0,0.0,0.0,1.0,0.0,0.0,0.0,-0.02,0.0,0.3,0.0,0.4,0.0,0.0771,16.0,25903.0
2026-07-30T18:58:54.790Z,104.273,104.286,0.0,7.4,0.0,0.0,0.0,0.0,0.0,0.0,0.0,0.0,1.0,0.0,0.0,0.0,9.0,4.0,0.0,0.0,0.0,0.0,0.0,0.0,0.0,0.0,6.0,12.0,1.0,12.18,5.0200000000000005,2.5,1.49,-2.3000000000000003,3.0,0.1,3.1,0.0,0.3,0.5,0.0,-6.800000000000001,0.0,-37.0,34.300000000000004,0.0,21.4,32.4,32.4,33.1,300.0,300.0,30.4,34.6,31.4,31.0,32.6,4.96,1.99,4.96,0.16,0.0,0.0,1027.0,8228.0,0.0,0.0,0.0,0.0,0.0,1.0,0.0,0.0,0.0,-0.021,0.0,-0.5,0.0,0.3,0.0,0.0818,16.0,25903.0
2026-07-30T18:58:54.802Z,104.285,104.298,0.0,7.4,0.0,0.0,0.0,0.0,0.0,0.0,0.0,0.0,1.0,0.0,0.0,0.0,9.0,4.0,0.0,0.0,0.0,0.0,0.0,0.0,0.0,0.0,1.0,12.0,1.0,12.18,5.0200000000000005,2.5,1.49,-0.7000000000000001,3.0,0.1,3.1,0.0,-0.8,-1.1,0.0,-7.5,0.0,-38.0,359.20000000000005,0.0,21.4,32.4,32.4,33.1,300.0,300.0,30.4,34.6,31.4,31.0,32.6,4.96,2.0,4.97,0.16,0.0,0.0,1027.0,8228.0,0.0,0.0,0.0,0.0,0.0,1.0,0.0,0.0,0.0,-0.02,0.0,1.3,0.0,0.0,0.0,0.0841,16.0,25903.0
2026-07-30T18:58:54.814Z,104.297,104.31,0.0,7.4,0.0,0.0,0.0,0.0,0.0,0.0,0.0,0.0,1.0,0.0,0.0,0.0,9.0,4.0,0.0,0.0,0.0,0.0,0.0,0.0,0.0,0.0,2.0,12.0,1.0,12.18,5.0200000000000005,2.5,1.49,0.9,2.0,0.1,3.1,0.0,0.3,0.0,0.0,-5.7,0.0,-38.0,326.6,0.0,21.4,32.4,32.4,33.1,300.0,300.0,30.4,34.6,31.4,31.0,32.6,4.95,1.99,4.97,0.16,0.0,0.0,1027.0,8228.0,0.0,0.0,0.0,0.0,0.0,1.0,0.0,0.0,0.0,-0.018,0.0,0.1,0.0,0.0,0.0,0.0809,16.0,25903.0
2026-07-30T18:58:54.826Z,104.309,104.322,0.0,7.4,0.0,0.0,0.0,0.0,0.0,0.0,0.0,0.0,1.0,0.0,0.0,0.0,9.0,4.0,0.0,0.0,0.0,0.0,0.0,0.0,0.0,0.0,3.0,12.0,1.0,12.18,5.0200000000000005,2.5,1.49,2.1,0.5,0.1,3.0,0.0,0.3,0.0,-0.6000000000000001,-1.7000000000000002,0.0,-39.0,294.0,0.0,21.4,32.4,32.4,33.1,300.0,300.0,30.4,34.6,31.4,31.0,32.6,4.95,1.99,4.97,0.16,0.0,0.0,1027.0,8228.0,0.0,0.0,0.0,0.0,0.0,1.0,0.0,0.0,0.0,-0.018,0.0,0.7000000000000001,0.0,0.0,0.0,0.0759,16.0,25903.0
2026-07-30T18:58:54.835Z,104.318,104.331,0.0,7.4,0.0,0.0,0.0,0.0,0.0,0.0,0.0,0.0,1.0,0.0,0.0,0.0,9.0,4.0,0.0,0.0,0.0,0.0,0.0,0.0,0.0,0.0,2.0,12.0,1.0,12.18,5.0200000000000005,2.5,1.49,2.6,-0.6000000000000001,0.1,3.1,0.0,-0.2,0.6000000000000001,0.0,2.7,0.0,-39.0,269.8,0.0,21.4,32.4,32.4,33.1,300.0,300.0,30.4,34.6,31.4,31.0,32.6,4.95,2.0,4.96,0.16,0.0,0.0,1027.0,8228.0,0.0,0.0,0.0,0.0,0.0,1.0,0.0,0.0,0.0,-0.018,0.0,0.0,0.0,-0.6000000000000001,0.0,0.0743,16.0,25903.0
2026-07-30T18:58:54.848Z,104.331,104.343,0.0,7.4,0.0,0.0,0.0,0.0,0.0,0.0,0.0,0.0,1.0,0.0,0.0,0.0,9.0,4.0,0.0,0.0,0.0,0.0,0.0,0.0,0.0,0.0,3.0,12.0,1.0,12.17,5.01,2.5,1.49,2.5,-1.9,0.1,3.0,0.0,0.9,0.6000000000000001,0.0,10.1,0.0,-39.0,241.0,0.0,21.700000000000003,32.4,32.4,33.1,300.0,300.0,30.5,34.5,31.4,31.0,32.6,4.96,1.99,4.96,0.16,0.0,0.0,1027.0,8228.0,0.0,0.0,0.0,0.0,0.0,1.0,0.0,0.0,0.0,-0.016,0.0,0.4,0.0,-0.5,0.0,0.074,16.0,25903.0
2026-07-30T18:58:54.859Z,104.342,104.355,0.0,7.4,0.0,0.0,0.0,0.0,0.0,0.0,0.0,0.0,1.0,0.0,0.0,0.0,9.0,4.0,0.0,0.0,0.0,0.0,0.0,0.0,0.0,0.0,4.0,12.0,1.0,12.17,5.01,2.5,1.49,1.8,-2.4000000000000004,0.1,3.1,0.0,-0.2,0.0,0.4,19.200000000000003,0.0,-39.0,211.4,0.0,21.700000000000003,32.4,32.4,33.1,300.0,300.0,30.5,34.5,31.4,31.0,32.6,4.95,1.99,4.97,0.16,0.0,0.0,1027.0,8228.0,0.0,0.0,0.0,0.0,0.0,1.0,0.0,0.0,0.0,-0.016,0.0,0.0,0.0,-0.5,0.0,0.0671,16.0,25903.0
2026-07-30T18:58:54.868Z,104.351,104.364,0.0,7.4,0.0,0.0,0.0,0.0,0.0,0.0,0.0,0.0,1.0,0.0,0.0,0.0,9.0,4.0,0.0,0.0,0.0,0.0,0.0,0.0,0.0,0.0,4.0,12.0,1.0,12.17,5.01,2.5,1.49,1.1,-2.5,0.0,3.0,0.0,0.8,0.0,1.6,26.8,0.0,-39.0,191.6,0.0,21.700000000000003,32.4,32.4,33.1,300.0,300.0,30.5,34.5,31.4,31.0,32.6,4.95,1.99,4.96,0.16,0.0,0.0,1027.0,8228.0,0.0,0.0,0.0,0.0,0.0,1.0,0.0,0.0,0.0,-0.015,0.0,0.6000000000000001,0.0,-1.8,0.0,0.0669,16.0,25903.0
2026-07-30T18:58:54.880Z,104.363,104.376,0.0,7.4,0.0,0.0,0.0,0.0,0.0,0.0,0.0,0.0,1.0,0.0,0.0,0.0,9.0,4.0,0.0,0.0,0.0,0.0,0.0,0.0,0.0,0.0,5.0,12.0,1.0,12.17,5.01,2.5,1.49,-0.1,-2.0,0.0,3.1,0.0,0.8,0.6000000000000001,-1.3,23.8,0.0,-39.0,166.3,0.0,21.700000000000003,32.4,32.4,33.1,300.0,300.0,30.5,34.5,31.4,31.0,32.6,4.95,2.0,4.96,0.16,0.0,0.0,1027.0,8228.0,0.0,0.0,0.0,0.0,0.0,1.0,0.0,0.0,0.0,-0.014,0.0,-0.3,0.0,1.2000000000000002,0.0,0.0627,16.0,25903.0
2026-07-30T18:58:54.892Z,104.375,104.388,0.0,7.4,0.0,0.0,0.0,0.0,0.0,0.0,0.0,0.0,1.0,0.0,0.0,0.0,9.0,4.0,0.0,0.0,0.0,0.0,0.0,0.0,0.0,0.0,6.0,12.0,1.0,12.17,5.01,2.5,1.49,-1.1,-1.2000000000000002,0.0,3.0,0.0,0.2,0.6000000000000001,0.4,10.9,0.0,-39.0,141.4,0.0,21.700000000000003,32.4,32.4,33.1,300.0,300.0,30.5,34.5,31.4,31.0,32.6,4.95,1.99,4.96,0.16,0.0,0.0,1027.0,8228.0,0.0,0.0,0.0,0.0,0.0,1.0,0.0,0.0,0.0,-0.014,0.0,1.0,0.0,0.2,0.0,0.0587,16.0,25903.0
2026-07-30T18:58:54.904Z,104.387,104.4,0.0,7.4,0.0,0.0,0.0,0.0,0.0,0.0,0.0,0.0,1.0,0.0,0.0,0.0,9.0,4.0,0.0,0.0,0.0,0.0,0.0,0.0,0.0,0.0,1.0,12.0,1.0,12.17,5.01,2.5,1.49,-1.9,-0.2,0.0,3.0,0.0,0.3,-0.5,1.0,0.8,0.0,-38.0,116.0,0.0,21.700000000000003,32.4,32.4,33.1,300.0,300.0,30.5,34.5,31.4,31.0,32.6,4.95,1.99,4.97,0.16,0.0,0.0,1027.0,8228.0,0.0,0.0,0.0,0.0,0.0,1.0,0.0,0.0,0.0,-0.014,0.0,0.9,0.0,-0.4,0.0,0.057,16.0,25903.0
2026-07-30T18:58:54.916Z,104.399,104.412,0.0,7.4,0.0,0.0,0.0,0.0,0.0,0.0,0.0,0.0,1.0,0.0,0.0,0.0,9.0,4.0,0.0,0.0,0.0,0.0,0.0,0.0,0.0,0.0,2.0,12.0,1.0,12.17,5.01,2.5,1.49,-2.1,0.8,0.0,3.0,0.0,-0.2,-1.7000000000000002,-0.6000000000000001,-6.7,0.0,-38.0,90.6,0.0,21.700000000000003,32.4,32.4,33.1,300.0,300.0,30.5,34.5,31.4,31.0,32.6,4.96,1.99,4.96,0.16,0.0,0.0,1027.0,8228.0,0.0,0.0,0.0,0.0,0.0,1.0,0.0,0.0,0.0,-0.014,0.0,-0.6000000000000001,0.0,-2.3000000000000003,0.0,0.0572,16.0,25903.0
2026-07-30T18:58:54.928Z,104.411,104.424,0.0,7.4,0.0,0.0,0.0,0.0,0.0,0.0,0.0,0.0,1.0,0.0,0.0,0.0,9.0,4.0,0.0,0.0,0.0,0.0,0.0,0.0,0.0,0.0,3.0,12.0,1.0,12.17,5.01,2.5,1.49,-2.1,1.5,0.0,3.0,0.0,-0.2,0.6000000000000001,0.0,-11.9,0.0,-38.0,66.0,0.0,21.700000000000003,32.4,32.4,33.1,300.0,300.0,30.5,34.5,31.4,31.0,32.6,4.96,1.99,4.97,0.16,0.0,0.0,1027.0,8228.0,0.0,0.0,0.0,0.0,0.0,1.0,0.0,0.0,0.0,-0.014,0.0,-0.3,0.0,0.5,0.0,0.0576,16.0,25903.0
2026-07-30T18:58:54.940Z,104.423,104.436,0.0,7.4,0.0,0.0,0.0,0.0,0.0,0.0,0.0,0.0,1.0,0.0,0.0,0.0,9.0,4.0,0.0,0.0,0.0,0.0,0.0,0.0,0.0,0.0,4.0,12.0,1.0,12.17,5.01,2.5,1.49,-1.5,1.8,0.0,3.0,0.0,-0.9,-1.1,-0.1,-15.0,0.0,-37.0,43.2,0.0,21.700000000000003,32.4,32.4,33.1,300.0,300.0,30.5,34.5,31.4,31.0,32.6,4.95,1.99,4.97,0.16,0.0,0.0,1027.0,8228.0,0.0,0.0,0.0,0.0,0.0,1.0,0.0,0.0,0.0,-0.013,0.0,0.9,0.0,-1.0,0.0,0.0564,16.0,25903.0
2026-07-30T18:58:54.953Z,104.436,104.448,0.0,7.4,0.0,0.0,0.0,0.0,0.0,0.0,0.0,0.0,1.0,0.0,0.0,0.0,9.0,4.0,0.0,0.0,0.0,0.0,0.0,0.0,0.0,0.0,5.0,12.0,1.0,12.18,5.01,2.5,1.49,-1.0,1.9,0.0,3.0,0.0,0.8,0.0,1.0,-16.2,0.0,-37.0,21.9,0.0,21.700000000000003,32.4,32.4,33.1,300.0,300.0,30.6,34.4,31.4,30.9,32.6,4.96,1.99,4.96,0.16,0.0,0.0,1027.0,8228.0,0.0,0.0,0.0,0.0,0.0,1.0,0.0,0.0,0.0,-0.012,0.0,-0.1,0.0,1.2000000000000002,0.0,0.0532,16.0,25903.0
2026-07-30T18:58:54.965Z,104.448,104.46,0.0,7.4,0.0,0.0,0.0,0.0,0.0,0.0,0.0,0.0,1.0,0.0,0.0,0.0,9.0,4.0,0.0,0.0,0.0,0.0,0.0,0.0,0.0,0.0,6.0,12.0,1.0,12.18,5.01,2.5,1.49,-0.4,1.8,0.0,3.0,0.0,0.2,-0.5,1.0,-15.9,0.0,-36.0,1.8,0.0,21.700000000000003,32.4,32.4,33.1,300.0,300.0,30.6,34.4,31.4,30.9,32.6,4.95,2.0,4.97,0.16,0.0,0.0,1027.0,8228.0,0.0,0.0,0.0,0.0,0.0,1.0,0.0,0.0,0.0,-0.011,0.0,0.1,0.0,1.0,0.0,0.0495,16.0,25903.0
2026-07-30T18:58:54.976Z,104.459,104.472,0.0,7.4,0.0,0.0,0.0,0.0,0.0,0.0,0.0,0.0,1.0,0.0,0.0,0.0,9.0,4.0,0.0,0.0,0.0,0.0,0.0,0.0,0.0,0.0,1.0,12.0,1.0,12.18,5.01,2.5,1.49,0.1,1.4,0.0,2.9000000000000004,0.0,-0.3,0.0,0.4,-14.2,0.0,-35.0,342.90000000000003,0.0,21.700000000000003,32.4,32.4,33.1,300.0,300.0,30.6,34.4,31.4,30.9,32.6,4.95,1.99,4.96,0.16,0.0,0.0,1027.0,8228.0,0.0,0.0,0.0,0.0,0.0,1.0,0.0,0.0,0.0,-0.01,0.0,-0.3,0.0,0.3,0.0,0.0466,16.0,25903.0
2026-07-30T18:58:54.988Z,104.471,104.484,0.0,7.4,0.0,0.0,0.0,0.0,0.0,0.0,0.0,0.0,1.0,0.0,0.0,0.0,9.0,4.0,0.0,0.0,0.0,0.0,0.0,0.0,0.0,0.0,2.0,12.0,1.0,12.18,5.01,2.5,1.49,0.6000000000000001,0.9,0.0,2.9000000000000004,0.0,0.2,0.5,1.0,-11.2,0.0,-35.0,324.90000000000003,0.0,21.700000000000003,32.4,32.4,33.1,300.0,300.0,30.6,34.4,31.4,30.9,32.6,4.95,1.99,4.96,0.16,0.0,0.0,1027.0,8228.0,0.0,0.0,0.0,0.0,0.0,1.0,0.0,0.0,0.0,-0.01,0.0,-1.6,0.0,0.1,0.0,0.0438,16.0,25903.0
2026-07-30T18:58:55.000Z,104.483,104.496,0.0,7.4,0.0,0.0,0.0,0.0,0.0,0.0,0.0,0.0,1.0,0.0,0.0,0.0,9.0,4.0,0.0,0.0,0.0,0.0,0.0,0.0,0.0,0.0,3.0,12.0,1.0,12.18,5.01,2.5,1.49,1.0,0.6000000000000001,0.0,2.9000000000000004,0.0,0.2,0.5,0.4,-7.2,0.0,-34.0,307.1,0.0,21.700000000000003,32.4,32.4,33.1,300.0,300.0,30.6,34.4,31.4,30.9,32.6,4.96,1.99,4.96,0.16,0.0,0.0,1027.0,8228.0,0.0,0.0,0.0,0.0,0.0,1.0,0.0,0.0,0.0,-0.01,0.0,-0.9,0.0,-0.4,0.0,0.0416,16.0,25903.0
2026-07-30T18:58:55.015Z,104.498,104.508,0.0,7.4,0.0,0.0,0.0,0.0,0.0,0.0,0.0,0.0,1.0,0.0,0.0,0.0,9.0,4.0,0.0,0.0,0.0,0.0,0.0,0.0,0.0,0.0,4.0,12.0,1.0,12.18,5.01,2.5,1.49,1.3,0.1,0.0,2.9000000000000004,0.0,1.3,0.0,0.4,-2.2,0.0,-33.0,289.1,0.0,21.700000000000003,32.4,32.4,33.1,300.0,300.0,30.6,34.4,31.4,30.9,32.6,4.95,1.99,4.96,0.16,0.0,0.0,1027.0,8228.0,0.0,0.0,0.0,0.0,0.0,1.0,0.0,0.0,0.0,-0.01,0.0,-0.5,0.0,0.0,0.0,0.0406,16.0,25903.0
2026-07-30T18:58:55.027Z,104.51,104.52,0.0,7.4,0.0,0.0,0.0,0.0,0.0,0.0,0.0,0.0,1.0,0.0,0.0,0.0,9.0,4.0,0.0,0.0,0.0,0.0,0.0,0.0,0.0,0.0,4.0,12.0,1.0,12.18,5.01,2.5,1.49,1.5,-0.3,0.0,2.8000000000000003,0.0,0.2,0.0,-0.1,3.8,0.0,-33.0,270.90000000000003,0.0,21.700000000000003,32.4,32.4,33.1,300.0,300.0,30.6,34.4,31.4,30.9,32.6,4.95,2.0,4.96,0.16,0.0,0.0,1027.0,8228.0,0.0,0.0,0.0,0.0,0.0,1.0,0.0,0.0,0.0,-0.01,0.0,0.1,0.0,0.7000000000000001,0.0,0.0408,16.0,25903.0
2026-07-30T18:58:55.036Z,104.519,104.532,0.0,7.4,0.0,0.0,0.0,0.0,0.0,0.0,0.0,0.0,1.0,0.0,0.0,0.0,9.0,4.0,0.0,0.0,0.0,0.0,0.0,0.0,0.0,0.0,2.0,12.0,1.0,12.18,5.01,2.5,1.49,1.4,-0.7000000000000001,0.0,2.9000000000000004,0.0,-0.9,0.5,-0.1,10.6,0.0,-32.0,253.0,0.0,21.700000000000003,32.4,32.4,33.1,300.0,300.0,30.6,34.4,31.4,30.9,32.6,4.95,2.0,4.96,0.16,0.0,0.0,1027.0,8228.0,0.0,0.0,0.0,0.0,0.0,1.0,0.0,0.0,0.0,-0.01,0.0,0.2,0.0,-0.5,0.0,0.0412,16.0,25903.0
2026-07-30T18:58:55.048Z,104.531,104.544,0.0,7.4,0.0,0.0,0.0,0.0,0.0,0.0,0.0,0.0,1.0,0.0,0.0,0.0,9.0,4.0,0.0,0.0,0.0,0.0,0.0,0.0,0.0,0.0,4.0,12.0,1.0,12.18,5.01,2.5,1.49,1.2000000000000002,-0.9,0.0,2.9000000000000004,0.0,0.2,-1.2000000000000002,-1.3,18.3,0.0,-31.0,236.5,0.0,21.700000000000003,32.4,32.4,33.1,300.0,300.0,30.6,34.4,31.4,30.9,32.6,4.95,2.0,4.96,0.16,0.0,0.0,1027.0,8228.0,0.0,0.0,0.0,0.0,0.0,1.0,0.0,0.0,0.0,-0.009,0.0,0.0,0.0,2.5,0.0,0.0408,16.0,25903.0
2026-07-30T18:58:55.060Z,104.543,104.556,0.0,7.4,0.0,0.0,0.0,0.0,0.0,0.0,0.0,0.0,1.0,0.0,0.0,0.0,9.0,4.0,0.0,0.0,0.0,0.0,0.0,0.0,0.0,0.0,4.0,12.0,1.0,12.15,5.0200000000000005,2.51,1.49,0.9,-0.9,0.0,2.8000000000000003,0.0,-0.3,0.0,0.4,26.4,0.0,-31.0,222.2,0.0,21.8,32.4,32.300000000000004,33.1,300.0,300.0,30.6,34.4,31.4,30.9,32.6,4.96,1.99,4.97,0.16,0.0,0.0,1027.0,8228.0,0.0,0.0,0.0,0.0,0.0,1.0,0.0,0.0,0.0,-0.008,0.0,-0.4,0.0,-1.8,0.0,0.0385,16.0,25903.0
2026-07-30T18:58:55.072Z,104.555,104.568,0.0,7.4,0.0,0.0,0.0,0.0,0.0,0.0,0.0,0.0,1.0,0.0,0.0,0.0,9.0,4.0,0.0,0.0,0.0,0.0,0.0,0.0,0.0,0.0,5.0,12.0,1.0,12.15,5.0200000000000005,2.51,1.49,0.6000000000000001,-0.8,0.0,2.8000000000000003,0.0,0.1,1.1,-0.1,35.0,0.0,-30.0,210.8,0.0,21.8,32.4,32.300000000000004,33.1,300.0,300.0,30.6,34.4,31.4,30.9,32.6,4.96,1.99,4.96,0.16,0.0,0.0,1027.0,8228.0,0.0,0.0,0.0,0.0,0.0,1.0,0.0,0.0,0.0,-0.007,0.0,1.1,0.0,0.8,0.0,0.0341,16.0,25903.0
2026-07-30T18:58:55.084Z,104.567,104.58,0.0,7.4,0.0,0.0,0.0,0.0,0.0,0.0,0.0,0.0,1.0,0.0,0.0,0.0,9.0,4.0,0.0,0.0,0.0,0.0,0.0,0.0,0.0,0.0,6.0,12.0,1.0,12.15,5.0200000000000005,2.51,1.49,0.5,-0.7000000000000001,0.0,2.8000000000000003,0.0,-0.4,1.1,0.4,43.6,0.0,-28.0,201.0,0.0,21.8,32.4,32.300000000000004,33.1,300.0,300.0,30.6,34.4,31.4,30.9,32.6,4.96,1.99,4.96,0.16,0.0,0.0,1027.0,8228.0,0.0,0.0,0.0,0.0,0.0,1.0,0.0,0.0,0.0,-0.005,0.0,1.1,0.0,-0.3,0.0,0.0282,16.0,25903.0
2026-07-30T18:58:55.096Z,104.579,104.592,0.0,7.4,0.0,0.0,0.0,0.0,0.0,0.0,0.0,0.0,1.0,0.0,0.0,0.0,9.0,4.0,0.0,0.0,0.0,0.0,0.0,0.0,0.0,0.0,2.0,12.0,1.0,12.15,5.0200000000000005,2.51,1.49,0.4,-0.8,0.0,2.7,0.0,-0.3,-0.6000000000000001,-0.1,52.3,0.0,-27.0,191.9,0.0,21.8,32.4,32.300000000000004,33.1,300.0,300.0,30.6,34.4,31.4,30.9,32.6,4.95,1.99,4.96,0.16,0.0,0.0,1027.0,8228.0,0.0,0.0,0.0,0.0,0.0,1.0,0.0,0.0,0.0,-0.005,0.0,-0.3,0.0,-0.9,0.0,0.0235,16.0,25903.0
2026-07-30T18:58:55.108Z,104.591,104.604,0.0,7.4,0.0,0.0,0.0,0.0,0.0,0.0,0.0,0.0,1.0,0.0,0.0,0.0,9.0,4.0,0.0,0.0,0.0,0.0,0.0,0.0,0.0,0.0,3.0,12.0,1.0,12.15,5.0200000000000005,2.51,1.49,0.2,-0.7000000000000001,0.0,2.8000000000000003,0.0,0.2,-0.5,-0.7000000000000001,61.1,0.0,-26.0,183.0,0.0,21.8,32.4,32.300000000000004,33.1,300.0,300.0,30.6,34.4,31.4,30.9,32.6,4.96,1.99,4.96,0.16,0.0,0.0,1027.0,8228.0,0.0,0.0,0.0,0.0,0.0,1.0,0.0,0.0,0.0,-0.005,0.0,-1.0,0.0,0.8,0.0,0.0214,16.0,25903.0
2026-07-30T18:58:55.120Z,104.603,104.616,0.0,7.4,0.0,0.0,0.0,0.0,0.0,0.0,0.0,0.0,1.0,0.0,0.0,0.0,9.0,4.0,0.0,0.0,0.0,0.0,0.0,0.0,0.0,0.0,4.0,12.0,1.0,12.15,5.0200000000000005,2.51,1.49,0.0,-0.5,0.0,2.8000000000000003,0.0,-0.3,0.6000000000000001,0.4,52.900000000000006,0.0,-25.0,174.9,0.0,21.8,32.4,32.300000000000004,33.1,300.0,300.0,30.6,34.4,31.4,30.9,32.6,4.96,2.0,4.96,0.16,0.0,0.0,1027.0,8228.0,0.0,0.0,0.0,0.0,0.0,1.0,0.0,0.0,0.0,-0.004,0.0,0.9,0.0,-0.3,0.0,0.0205,16.0,25903.0
2026-07-30T18:58:55.132Z,104.615,104.628,0.0,7.4,0.0,0.0,0.0,0.0,0.0,0.0,0.0,0.0,1.0,0.0,0.0,0.0,9.0,4.0,0.0,0.0,0.0,0.0,0.0,0.0,0.0,0.0,5.0,12.0,1.0,12.15,5.0200000000000005,2.51,1.49,0.0,-0.5,0.0,2.8000000000000003,0.0,0.2,1.1,-1.2000000000000002,36.6,0.0,-24.0,168.20000000000002,0.0,21.8,32.4,32.300000000000004,33.1,300.0,300.0,30.6,34.4,31.4,30.9,32.6,4.95,1.99,4.96,0.16,0.0,0.0,1027.0,8228.0,0.0,0.0,0.0,0.0,0.0,1.0,0.0,0.0,0.0,-0.004,0.0,0.3,0.0,1.4,0.0,0.019,16.0,25903.0
2026-07-30T18:58:55.144Z,104.627,104.64,0.0,7.4,0.0,0.0,0.0,0.0,0.0,0.0,0.0,0.0,1.0,0.0,0.0,0.0,9.0,4.0,0.0,0.0,0.0,0.0,0.0,0.0,0.0,0.0,6.0,12.0,1.0,12.15,5.0200000000000005,2.51,1.49,0.0,-0.4,0.0,2.8000000000000003,0.0,-0.9,-0.5,-0.7000000000000001,21.9,0.0,-23.0,162.5,0.0,21.8,32.4,32.300000000000004,33.1,300.0,300.0,30.6,34.4,31.4,30.9,32.6,4.96,1.99,4.96,0.16,0.0,0.0,1027.0,8228.0,0.0,0.0,0.0,0.0,0.0,1.0,0.0,0.0,0.0,-0.003,0.0,-1.2000000000000002,0.0,0.3,0.0,0.0162,16.0,25903.0
2026-07-30T18:58:55.156Z,104.639,104.652,0.0,7.4,0.0,0.0,0.0,0.0,0.0,0.0,0.0,0.0,1.0,0.0,0.0,0.0,9.0,4.0,0.0,0.0,0.0,0.0,0.0,0.0,0.0,0.0,2.0,12.0,1.0,12.18,5.01,2.51,1.49,-0.1,-0.2,0.0,2.7,0.0,-0.3,-0.5,-0.7000000000000001,8.700000000000001,0.0,-21.0,157.60000000000002,0.0,21.3,32.4,32.300000000000004,33.1,300.0,300.0,30.6,34.4,31.4,30.9,32.6,4.96,1.99,4.96,0.16,0.0,0.0,1027.0,8228.0,0.0,0.0,0.0,0.0,0.0,1.0,0.0,0.0,0.0,-0.002,0.0,-1.2000000000000002,0.0,0.2,0.0,0.0137,16.0,25903.0
2026-07-30T18:58:55.168Z,104.651,104.664,0.0,7.4,0.0,0.0,0.0,0.0,0.0,0.0,0.0,0.0,1.0,0.0,0.0,0.0,9.0,4.0,0.0,0.0,0.0,0.0,0.0,0.0,0.0,0.0,3.0,12.0,1.0,12.18,5.01,2.51,1.49,-0.1,-0.3,0.0,2.7,0.0,0.8,0.6000000000000001,0.0,-3.2,0.0,-20.0,152.5,0.0,21.3,32.4,32.300000000000004,33.1,300.0,300.0,30.6,34.4,31.4,30.9,32.6,4.96,1.99,4.97,0.16,0.0,0.0,1027.0,8228.0,0.0,0.0,0.0,0.0,0.0,1.0,0.0,0.0,0.0,-0.002,0.0,0.5,0.0,0.3,0.0,0.0118,16.0,25903.0
2026-07-30T18:58:55.180Z,104.663,104.676,0.0,7.4,0.0,0.0,0.0,0.0,0.0,0.0,0.0,0.0,1.0,0.0,0.0,0.0,9.0,4.0,0.0,0.0,0.0,0.0,0.0,0.0,0.0,0.0,4.0,12.0,1.0,12.18,5.01,2.51,1.49,-0.2,-0.3,0.0,2.7,0.0,-0.9,0.0,-1.8,-13.8,0.0,-19.0,146.0,0.0,21.3,32.4,32.300000000000004,33.1,300.0,300.0,30.6,34.4,31.4,30.9,32.6,4.95,1.99,4.97,0.16,0.0,0.0,1027.0,8228.0,0.0,0.0,0.0,0.0,0.0,1.0,0.0,0.0,0.0,-0.003,0.0,-1.8,0.0,0.9,0.0,0.0114,16.0,25903.0
2026-07-30T18:58:55.192Z,104.675,104.688,0.0,7.4,0.0,0.0,0.0,0.0,0.0,0.0,0.0,0.0,1.0,0.0,0.0,0.0,9.0,4.0,0.0,0.0,0.0,0.0,0.0,0.0,0.0,0.0,5.0,12.0,1.0,12.18,5.01,2.51,1.49,-0.3,-0.3,0.0,2.6,0.0,-0.3,0.6000000000000001,-0.6000000000000001,-23.1,0.0,-19.0,137.8,0.0,21.3,32.4,32.300000000000004,33.1,300.0,300.0,30.6,34.4,31.4,30.9,32.6,4.96,1.99,4.96,0.16,0.0,0.0,1027.0,8228.0,0.0,0.0,0.0,0.0,0.0,1.0,0.0,0.0,0.0,-0.004,0.0,-0.2,0.0,0.7000000000000001,0.0,0.0137,16.0,25903.0
2026-07-30T18:58:55.204Z,104.687,104.7,0.0,7.4,0.0,0.0,0.0,0.0,0.0,0.0,0.0,0.0,1.0,0.0,0.0,0.0,9.0,4.0,0.0,0.0,0.0,0.0,0.0,0.0,0.0,0.0,6.0,12.0,1.0,12.18,5.01,2.51,1.49,-0.7000000000000001,-0.3,0.0,2.7,0.0,0.8,-0.5,-0.1,-31.0,0.0,-18.0,127.4,0.0,21.3,32.4,32.300000000000004,33.1,300.0,300.0,30.6,34.4,31.4,30.9,32.6,4.95,1.99,4.96,0.16,0.0,0.0,1027.0,8228.0,0.0,0.0,0.0,0.0,0.0,1.0,0.0,0.0,0.0,-0.005,0.0,-0.5,0.0,-0.4,0.0,0.0172,16.0,25903.0
2026-07-30T18:58:55.216Z,104.699,104.712,0.0,7.4,0.0,0.0,0.0,0.0,0.0,0.0,0.0,0.0,1.0,0.0,0.0,0.0,9.0,4.0,0.0,0.0,0.0,0.0,0.0,0.0,0.0,0.0,1.0,12.0,1.0,12.18,5.01,2.51,1.49,-1.1,0.0,0.0,2.6,0.0,-0.9,0.0,0.4,-37.5,0.0,-18.0,114.2,0.0,21.3,32.4,32.300000000000004,33.1,300.0,300.0,30.6,34.4,31.4,30.9,32.6,4.95,1.99,4.97,0.16,0.0,0.0,1027.0,8228.0,0.0,0.0,0.0,0.0,0.0,1.0,0.0,0.0,0.0,-0.006,0.0,0.4,0.0,0.0,0.0,0.0218,16.0,25903.0
2026-07-30T18:58:55.228Z,104.711,104.724,0.0,7.4,0.0,0.0,0.0,0.0,0.0,0.0,0.0,0.0,1.0,0.0,0.0,0.0,9.0,4.0,0.0,0.0,0.0,0.0,0.0,0.0,0.0,0.0,3.0,12.0,1.0,12.18,5.01,2.51,1.49,-1.5,0.3,0.0,2.6,0.0,0.2,0.0,-0.7000000000000001,-42.5,0.0,-18.0,98.4,0.0,21.3,32.4,32.300000000000004,33.1,300.0,300.0,30.6,34.4,31.4,30.9,32.6,4.95,1.99,4.97,0.16,0.0,0.0,1027.0,8228.0,0.0,0.0,0.0,0.0,0.0,1.0,0.0,0.0,0.0,-0.008,0.0,-0.7000000000000001,0.0,-0.2,0.0,0.0278,16.0,25903.0
2026-07-30T18:58:55.240Z,104.723,104.736,0.0,7.4,0.0,0.0,0.0,0.0,0.0,0.0,0.0,0.0,1.0,0.0,0.0,0.0,9.0,4.0,0.0,0.0,0.0,0.0,0.0,0.0,0.0,0.0,4.0,12.0,1.0,12.18,5.01,2.51,1.49,-1.7000000000000002,0.9,0.0,2.6,0.0,-0.3,0.0,0.4,-45.900000000000006,0.0,-19.0,79.5,0.0,21.3,32.4,32.300000000000004,33.1,300.0,300.0,30.6,34.4,31.4,30.9,32.6,4.96,1.99,4.96,0.16,0.0,0.0,1027.0,8228.0,0.0,0.0,0.0,0.0,0.0,1.0,0.0,0.0,0.0,-0.01,0.0,0.3,0.0,0.3,0.0,0.0335,16.0,25903.0
2026-07-30T18:58:55.252Z,104.735,104.748,0.0,7.4,0.0,0.0,0.0,0.0,0.0,0.0,0.0,0.0,1.0,0.0,0.0,0.0,9.0,4.0,0.0,0.0,0.0,0.0,0.0,0.0,0.0,0.0,5.0,12.0,1.0,12.18,5.01,2.51,1.49,-1.8,1.6,0.0,2.6,0.0,0.2,-0.5,-0.1,-47.5,0.0,-20.0,57.5,0.0,21.3,32.4,32.300000000000004,33.1,300.0,300.0,30.6,34.4,31.4,30.9,32.6,4.95,1.99,4.97,0.16,0.0,0.0,1027.0,8228.0,0.0,0.0,0.0,0.0,0.0,1.0,0.0,0.0,0.0,-0.011,0.0,0.2,0.0,-0.6000000000000001,0.0,0.0402,16.0,25903.0
2026-07-30T18:58:55.264Z,104.747,104.76,0.0,7.4,0.0,0.0,0.0,0.0,0.0,0.0,0.0,0.0,1.0,0.0,0.0,0.0,9.0,4.0,0.0,0.0,0.0,0.0,0.0,0.0,0.0,0.0,6.0,12.0,1.0,12.14,5.0200000000000005,2.51,1.49,-1.5,2.0,0.0,2.6,0.0,-0.3,0.5,-0.6000000000000001,-47.3,0.0,-20.0,34.1,0.0,21.700000000000003,32.300000000000004,32.300000000000004,33.1,300.0,300.0,30.700000000000003,34.4,31.4,30.9,32.6,4.95,1.99,4.97,0.16,0.0,0.0,1027.0,8228.0,0.0,0.0,0.0,0.0,0.0,1.0,0.0,0.0,0.0,-0.012,0.0,-0.6000000000000001,0.0,-0.4,0.0,0.0474,16.0,25903.0
2026-07-30T18:58:55.276Z,104.759,104.772,0.0,7.4,0.0,0.0,0.0,0.0,0.0,0.0,0.0,0.0,1.0,0.0,0.0,0.0,9.0,4.0,0.0,0.0,0.0,0.0,0.0,0.0,0.0,0.0,2.0,12.0,1.0,12.14,5.0200000000000005,2.51,1.49,-0.9,2.2,0.0,2.6,0.0,-0.2,1.1,0.4,-45.5,0.0,-21.0,10.2,0.0,21.700000000000003,32.300000000000004,32.300000000000004,33.1,300.0,300.0,30.700000000000003,34.4,31.4,30.9,32.6,4.96,1.99,4.97,0.16,0.0,0.0,1027.0,8228.0,0.0,0.0,0.0,0.0,0.0,1.0,0.0,0.0,0.0,-0.013,0.0,-1.5,0.0,0.7000000000000001,0.0,0.0518,16.0,25903.0
2026-07-30T18:58:55.288Z,104.771,104.784,0.0,7.4,0.0,0.0,0.0,0.0,0.0,0.0,0.0,0.0,1.0,0.0,0.0,0.0,9.0,4.0,0.0,0.0,0.0,0.0,0.0,0.0,0.0,0.0,3.0,12.0,1.0,12.14,5.0200000000000005,2.51,1.49,0.1,2.0,0.0,2.6,0.0,0.3,-0.5,-0.6000000000000001,-42.0,0.0,-22.0,344.40000000000003,0.0,21.700000000000003,32.300000000000004,32.300000000000004,33.1,300.0,300.0,30.700000000000003,34.4,31.4,30.9,32.6,4.96,1.99,4.96,0.16,0.0,0.0,1027.0,8228.0,0.0,0.0,0.0,0.0,0.0,1.0,0.0,0.0,0.0,-0.014,0.0,1.1,0.0,-0.3,0.0,0.0538,16.0,25903.0
2026-07-30T18:58:55.300Z,104.783,104.796,0.0,7.4,0.0,0.0,0.0,0.0,0.0,0.0,0.0,0.0,1.0,0.0,0.0,0.0,9.0,4.0,0.0,0.0,0.0,0.0,0.0,0.0,0.0,0.0,4.0,12.0,1.0,12.14,5.0200000000000005,2.51,1.49,1.1,1.4,0.0,2.6,0.0,-0.2,-1.6,0.0,-36.8,0.0,-23.0,317.70000000000005,0.0,21.700000000000003,32.300000000000004,32.300000000000004,33.1,300.0,300.0,30.700000000000003,34.4,31.4,30.9,32.6,4.95,2.0,4.97,0.16,0.0,0.0,1027.0,8228.0,0.0,0.0,0.0,0.0,0.0,1.0,0.0,0.0,0.0,-0.014,0.0,1.4,0.0,1.2000000000000002,0.0,0.057,16.0,25903.0
2026-07-30T18:58:55.312Z,104.795,104.808,0.0,7.4,0.0,0.0,0.0,0.0,0.0,0.0,0.0,0.0,1.0,0.0,0.0,0.0,9.0,4.0,0.0,0.0,0.0,0.0,0.0,0.0,0.0,0.0,5.0,12.0,1.0,12.14,5.0200000000000005,2.51,1.49,2.3000000000000003,0.1,0.0,2.6,0.0,-0.2,0.0,-1.2000000000000002,-29.9,0.0,-24.0,288.3,0.0,21.700000000000003,32.300000000000004,32.300000000000004,33.1,300.0,300.0,30.700000000000003,34.4,31.4,30.9,32.6,4.95,2.0,4.96,0.16,0.0,0.0,1027.0,8228.0,0.0,0.0,0.0,0.0,0.0,1.0,0.0,0.0,0.0,-0.016,0.0,1.4,0.0,0.2,0.0,0.0596,16.0,25903.0
2026-07-30T18:58:55.328Z,104.811,104.82,0.0,7.4,0.0,0.0,0.0,0.0,0.0,0.0,0.0,0.0,1.0,0.0,0.0,0.0,9.0,4.0,0.0,0.0,0.0,0.0,0.0,0.0,0.0,0.0,6.0,12.0,1.0,12.14,5.0200000000000005,2.51,1.49,3.1,-1.4,0.0,2.6,0.0,-0.2,1.1,1.0,-21.3,0.0,-26.0,256.6,0.0,21.700000000000003,32.300000000000004,32.300000000000004,33.1,300.0,300.0,30.700000000000003,34.4,31.4,30.9,32.6,4.96,1.99,4.96,0.16,0.0,0.0,1027.0,8228.0,0.0,0.0,0.0,0.0,0.0,1.0,0.0,0.0,0.0,-0.017,0.0,-0.5,0.0,-2.1,0.0,0.0646,16.0,25903.0
2026-07-30T18:58:55.337Z,104.82,104.832,0.0,7.4,0.0,0.0,0.0,0.0,0.0,0.0,0.0,0.0,1.0,0.0,0.0,0.0,9.0,4.0,0.0,0.0,0.0,0.0,0.0,0.0,0.0,0.0,5.0,12.0,1.0,12.14,5.0200000000000005,2.51,1.49,2.6,-2.9000000000000004,0.1,2.7,0.0,-0.2,-0.6000000000000001,-0.7000000000000001,-11.1,0.0,-27.0,224.0,0.0,21.700000000000003,32.300000000000004,32.300000000000004,33.1,300.0,300.0,30.700000000000003,34.4,31.4,30.9,32.6,4.95,1.99,4.97,0.16,0.0,0.0,1027.0,8228.0,0.0,0.0,0.0,0.0,0.0,1.0,0.0,0.0,0.0,-0.018,0.0,-0.3,0.0,1.3,0.0,0.0706,16.0,25903.0
2026-07-30T18:58:55.348Z,104.831,104.844,0.0,7.4,0.0,0.0,0.0,0.0,0.0,0.0,0.0,0.0,1.0,0.0,0.0,0.0,9.0,4.0,0.0,0.0,0.0,0.0,0.0,0.0,0.0,0.0,6.0,12.0,1.0,12.14,5.0200000000000005,2.51,1.49,1.0,-3.3000000000000003,0.1,3.0,0.0,-0.2,0.0,-0.7000000000000001,0.9,0.0,-29.0,187.7,0.0,21.700000000000003,32.300000000000004,32.300000000000004,33.1,300.0,300.0,30.700000000000003,34.4,31.4,30.9,32.6,4.96,1.99,4.96,0.16,0.0,0.0,1027.0,8228.0,0.0,0.0,0.0,0.0,0.0,1.0,0.0,0.0,0.0,-0.02,0.0,-0.3,0.0,0.8,0.0,0.0729,16.0,25903.0
2026-07-30T18:58:55.360Z,104.843,104.856,0.0,7.4,0.0,0.0,0.0,0.0,0.0,0.0,0.0,0.0,1.0,0.0,0.0,0.0,9.0,4.0,0.0,0.0,0.0,0.0,0.0,0.0,0.0,0.0,1.0,12.0,1.0,12.17,5.01,2.51,1.49,-1.2000000000000002,-2.3000000000000003,0.1,3.2,0.0,0.9,1.7000000000000002,1.0,-6.300000000000001,0.0,-30.0,149.6,0.0,21.700000000000003,32.300000000000004,32.300000000000004,33.1,300.0,300.0,30.6,34.5,31.4,30.9,32.6,4.96,1.99,4.97,0.16,0.0,0.0,1027.0,8228.0,0.0,0.0,0.0,0.0,0.0,1.0,0.0,0.0,0.0,-0.021,0.0,2.7,0.0,0.4,0.0,0.0805,16.0,25903.0
2026-07-30T18:58:55.373Z,104.856,104.868,0.0,7.4,0.0,0.0,0.0,0.0,0.0,0.0,0.0,0.0,1.0,0.0,0.0,0.0,9.0,4.0,0.0,0.0,0.0,0.0,0.0,0.0,0.0,0.0,2.0,12.0,1.0,12.17,5.01,2.51,1.49,-3.3000000000000003,0.1,0.1,3.3000000000000003,0.0,0.3,0.0,-0.7000000000000001,-15.2,0.0,-32.0,109.0,0.0,21.700000000000003,32.300000000000004,32.300000000000004,33.1,300.0,300.0,30.6,34.5,31.4,30.9,32.6,4.95,1.99,4.97,0.16,0.0,0.0,1027.0,8228.0,0.0,0.0,0.0,0.0,0.0,1.0,0.0,0.0,0.0,-0.022,0.0,-0.7000000000000001,0.0,-0.1,0.0,0.0848,16.0,25903.0
2026-07-30T18:58:55.384Z,104.867,104.88,0.0,7.4,0.0,0.0,0.0,0.0,0.0,0.0,0.0,0.0,1.0,0.0,0.0,0.0,9.0,4.0,0.0,0.0,0.0,0.0,0.0,0.0,0.0,0.0,4.0,12.0,1.0,12.17,5.01,2.51,1.49,-3.8,2.7,0.1,3.5,0.0,-0.3,-1.0,0.4,-20.4,0.0,-34.0,66.0,0.0,21.700000000000003,32.300000000000004,32.300000000000004,33.1,300.0,300.0,30.6,34.5,31.4,30.9,32.6,4.95,1.99,4.96,0.15,0.0,0.0,1027.0,8228.0,0.0,0.0,0.0,0.0,0.0,1.0,0.0,0.0,0.0,-0.023,0.0,0.8,0.0,-0.7000000000000001,0.0,0.0901,16.0,25903.0
2026-07-30T18:58:55.396Z,104.879,104.892,0.0,7.4,0.0,0.0,0.0,0.0,0.0,0.0,0.0,0.0,1.0,0.0,0.0,0.0,9.0,4.0,0.0,0.0,0.0,0.0,0.0,0.0,0.0,0.0,5.0,12.0,1.0,12.17,5.01,2.51,1.49,-2.1,3.8,0.1,3.5,0.0,0.2,0.0,0.4,-22.1,0.0,-36.0,23.200000000000003,0.0,21.700000000000003,32.300000000000004,32.300000000000004,33.1,300.0,300.0,30.6,34.5,31.4,30.9,32.6,4.95,2.0,4.97,0.15,0.0,0.0,1027.0,8228.0,0.0,0.0,0.0,0.0,0.0,1.0,0.0,0.0,0.0,-0.024,0.0,-0.1,0.0,0.5,0.0,0.0957,16.0,25903.0
2026-07-30T18:58:55.408Z,104.891,104.904,0.0,7.4,0.0,0.0,0.0,0.0,0.0,0.0,0.0,0.0,1.0,0.0,0.0,0.0,9.0,4.0,0.0,0.0,0.0,0.0,0.0,0.0,0.0,0.0,6.0,12.0,1.0,12.17,5.01,2.51,1.49,0.3,3.0,0.1,3.5,0.0,0.2,0.0,-0.6000000000000001,-20.6,0.0,-37.0,342.3,0.0,21.700000000000003,32.300000000000004,32.300000000000004,33.1,300.0,300.0,30.6,34.5,31.4,30.9,32.6,4.95,1.99,4.97,0.16,0.0,0.0,1027.0,8228.0,0.0,0.0,0.0,0.0,0.0,1.0,0.0,0.0,0.0,-0.023,0.0,0.4,0.0,-0.5,0.0,0.0972,16.0,25903.0
2026-07-30T18:58:55.420Z,104.903,104.916,0.0,7.4,0.0,0.0,0.0,0.0,0.0,0.0,0.0,0.0,1.0,0.0,0.0,0.0,9.0,4.0,0.0,0.0,0.0,0.0,0.0,0.0,0.0,0.0,1.0,12.0,1.0,12.17,5.01,2.51,1.49,2.5,0.8,0.1,3.5,0.0,0.2,1.2000000000000002,1.6,-16.400000000000002,0.0,-39.0,302.7,0.0,21.700000000000003,32.300000000000004,32.300000000000004,33.1,300.0,300.0,30.6,34.5,31.4,30.9,32.6,4.95,1.99,4.97,0.16,0.0,0.0,1027.0,8228.0,0.0,0.0,0.0,0.0,0.0,1.0,0.0,0.0,0.0,-0.022,0.0,-2.7,0.0,-1.1,0.0,0.0942,16.0,25903.0
2026-07-30T18:58:55.432Z,104.915,104.928,0.0,7.4,0.0,0.0,0.0,0.0,0.0,0.0,0.0,0.0,1.0,0.0,0.0,0.0,9.0,4.0,0.0,0.0,0.0,0.0,0.0,0.0,0.0,0.0,2.0,12.0,1.0,12.17,5.01,2.51,1.49,3.4000000000000004,-1.3,0.1,3.4000000000000004,0.0,-0.2,0.6000000000000001,-0.6000000000000001,-9.6,0.0,-40.0,263.1,0.0,21.700000000000003,32.300000000000004,32.300000000000004,33.1,300.0,300.0,30.6,34.5,31.4,30.9,32.6,4.96,1.99,4.96,0.16,0.0,0.0,1027.0,8228.0,0.0,0.0,0.0,0.0,0.0,1.0,0.0,0.0,0.0,-0.022,0.0,0.6000000000000001,0.0,-0.3,0.0,0.0908,16.0,25903.0
2026-07-30T18:58:55.444Z,104.927,104.94,0.0,7.4,0.0,0.0,0.0,0.0,0.0,0.0,0.0,0.0,1.0,0.0,0.0,0.0,9.0,4.0,0.0,0.0,0.0,0.0,0.0,0.0,0.0,0.0,3.0,12.0,1.0,12.17,5.01,2.51,1.49,2.9000000000000004,-2.9000000000000004,0.1,3.5,0.0,0.2,-1.0,-0.6000000000000001,-0.4,0.0,-41.0,223.6,0.0,21.700000000000003,32.300000000000004,32.300000000000004,33.1,300.0,300.0,30.6,34.5,31.4,30.9,32.6,4.95,2.0,4.96,0.16,0.0,0.0,1027.0,8228.0,0.0,0.0,0.0,0.0,0.0,1.0,0.0,0.0,0.0,-0.022,0.0,-0.6000000000000001,0.0,1.5,0.0,0.0899,16.0,25903.0
2026-07-30T18:58:55.456Z,104.939,104.952,0.0,7.4,0.0,0.0,0.0,0.0,0.0,0.0,0.0,0.0,1.0,0.0,0.0,0.0,9.0,4.0,0.0,0.0,0.0,0.0,0.0,0.0,0.0,0.0,4.0,12.0,1.0,12.17,5.01,2.51,1.49,1.2000000000000002,-3.3000000000000003,0.1,3.5,0.0,0.2,0.7000000000000001,0.0,10.9,0.0,-42.0,186.6,0.0,21.700000000000003,32.300000000000004,32.300000000000004,33.1,300.0,300.0,30.6,34.5,31.4,30.9,32.6,4.95,1.99,4.97,0.16,0.0,0.0,1027.0,8228.0,0.0,0.0,0.0,0.0,0.0,1.0,0.0,0.0,0.0,-0.021,0.0,0.7000000000000001,0.0,0.0,0.0,0.0899,16.0,25903.0
2026-07-30T18:58:55.468Z,104.951,104.964,0.0,7.4,0.0,0.0,0.0,0.0,0.0,0.0,0.0,0.0,1.0,0.0,0.0,0.0,9.0,4.0,0.0,0.0,0.0,0.0,0.0,0.0,0.0,0.0,6.0,12.0,1.0,12.17,5.0200000000000005,2.51,1.49,-0.8,-2.2,0.1,3.4000000000000004,0.0,0.2,1.2000000000000002,2.3000000000000003,2.6,0.0,-42.0,151.5,0.0,21.4,32.300000000000004,32.300000000000004,33.1,300.0,300.0,30.6,34.6,31.3,30.9,32.6,4.95,1.99,4.97,0.16,0.0,0.0,1027.0,8228.0,0.0,0.0,0.0,0.0,0.0,1.0,0.0,0.0,0.0,-0.02,0.0,3.5,0.0,-0.6000000000000001,0.0,0.0858,16.0,25903.0
2026-07-30T18:58:55.480Z,104.963,104.976,0.0,7.4,0.0,0.0,0.0,0.0,0.0,0.0,0.0,0.0,1.0,0.0,0.0,0.0,9.0,4.0,0.0,0.0,0.0,0.0,0.0,0.0,0.0,0.0,1.0,12.0,1.0,12.17,5.0200000000000005,2.51,1.49,-2.3000000000000003,-0.4,0.1,3.4000000000000004,0.0,0.8,0.1,0.5,-7.300000000000001,0.0,-43.0,118.4,0.0,21.4,32.300000000000004,32.300000000000004,33.1,300.0,300.0,30.6,34.6,31.3,30.9,32.6,4.96,1.99,4.96,0.16,0.0,0.0,1027.0,8228.0,0.0,0.0,0.0,0.0,0.0,1.0,0.0,0.0,0.0,-0.019,0.0,0.7000000000000001,0.0,0.1,0.0,0.0813,16.0,25903.0
2026-07-30T18:58:55.492Z,104.975,104.988,0.0,7.4,0.0,0.0,0.0,0.0,0.0,0.0,0.0,0.0,1.0,0.0,0.0,0.0,9.0,4.0,0.0,0.0,0.0,0.0,0.0,0.0,0.0,0.0,2.0,12.0,1.0,12.17,5.0200000000000005,2.51,1.49,-2.9000000000000004,1.2000000000000002,0.1,3.4000000000000004,0.0,0.2,-0.4,0.0,-14.2,0.0,-43.0,85.30000000000001,0.0,21.4,32.300000000000004,32.300000000000004,33.1,300.0,300.0,30.6,34.6,31.3,30.9,32.6,4.95,1.99,4.96,0.16,0.0,0.0,1027.0,8228.0,0.0,0.0,0.0,0.0,0.0,1.0,0.0,0.0,0.0,-0.018,0.0,0.0,0.0,-0.5,0.0,0.0766,16.0,25903.0
2026-07-30T18:58:55.504Z,104.987,105.0,0.0,7.4,0.0,0.0,0.0,0.0,0.0,0.0,0.0,0.0,1.0,0.0,0.0,0.0,9.0,4.0,0.0,0.0,0.0,0.0,0.0,0.0,0.0,0.0,4.0,12.0,1.0,12.17,5.0200000000000005,2.51,1.49,-2.6,2.5,0.1,3.4000000000000004,0.0,-0.2,1.2000000000000002,0.0,-18.1,0.0,-43.0,51.8,0.0,21.4,32.300000000000004,32.300000000000004,33.1,300.0,300.0,30.6,34.6,31.3,30.9,32.6,4.95,1.99,4.96,0.16,0.0,0.0,1027.0,8228.0,0.0,0.0,0.0,0.0,0.0,1.0,0.0,0.0,0.0,-0.018,0.0,-0.8,0.0,1.1,0.0,0.0753,16.0,25903.0
2026-07-30T18:58:55.516Z,104.999,105.012,0.0,7.4,0.0,0.0,0.0,0.0,0.0,0.0,0.0,0.0,1.0,0.0,0.0,0.0,9.0,4.0,0.0,0.0,0.0,0.0,0.0,0.0,0.0,0.0,5.0,12.0,1.0,12.17,5.0200000000000005,2.51,1.49,-1.6,3.0,0.1,3.3000000000000003,0.0,0.3,1.2000000000000002,0.5,-19.3,0.0,-43.0,19.200000000000003,0.0,21.4,32.300000000000004,32.300000000000004,33.1,300.0,300.0,30.6,34.6,31.3,30.9,32.6,4.95,1.99,4.96,0.16,0.0,0.0,1027.0,8228.0,0.0,0.0,0.0,0.0,0.0,1.0,0.0,0.0,0.0,-0.018,0.0,-1.5,0.0,1.1,0.0,0.0759,16.0,25903.0
2026-07-30T18:58:55.528Z,105.011,105.024,0.0,7.4,0.0,0.0,0.0,0.0,0.0,0.0,0.0,0.0,1.0,0.0,0.0,0.0,9.0,4.0,0.0,0.0,0.0,0.0,0.0,0.0,0.0,0.0,6.0,12.0,1.0,12.17,5.0200000000000005,2.51,1.49,0.0,2.5,0.1,3.3000000000000003,0.0,-0.2,0.6000000000000001,0.0,-18.1,0.0,-43.0,346.70000000000005,0.0,21.4,32.300000000000004,32.300000000000004,33.1,300.0,300.0,30.6,34.6,31.3,30.9,32.6,4.95,1.99,4.96,0.16,0.0,0.0,1027.0,8228.0,0.0,0.0,0.0,0.0,0.0,1.0,0.0,0.0,0.0,-0.018,0.0,-1.5,0.0,1.4,0.0,0.0746,16.0,25903.0
2026-07-30T18:58:55.540Z,105.023,105.036,0.0,7.4,0.0,0.0,0.0,0.0,0.0,0.0,0.0,0.0,1.0,0.0,0.0,0.0,9.0,4.0,0.0,0.0,0.0,0.0,0.0,0.0,0.0,0.0,1.0,12.0,1.0,12.17,5.0200000000000005,2.51,1.49,1.3,1.4,0.1,3.3000000000000003,0.0,-0.2,0.1,1.1,-14.7,0.0,-43.0,316.40000000000003,0.0,21.4,32.300000000000004,32.300000000000004,33.1,300.0,300.0,30.6,34.6,31.3,30.9,32.6,4.96,1.99,4.97,0.16,0.0,0.0,1027.0,8228.0,0.0,0.0,0.0,0.0,0.0,1.0,0.0,0.0,0.0,-0.017,0.0,-1.4,0.0,0.2,0.0,0.0737,16.0,25903.0
2026-07-30T18:58:55.552Z,105.035,105.048,0.0,7.4,0.0,0.0,0.0,0.0,0.0,0.0,0.0,0.0,1.0,0.0,0.0,0.0,9.0,4.0,0.0,0.0,0.0,0.0,0.0,0.0,0.0,0.0,2.0,12.0,1.0,12.17,5.0200000000000005,2.51,1.49,2.1,0.1,0.1,3.3000000000000003,0.0,-0.2,0.1,-0.5,-9.4,0.0,-43.0,286.3,0.0,21.4,32.300000000000004,32.300000000000004,33.1,300.0,300.0,30.6,34.6,31.3,30.9,32.6,4.96,2.0,4.97,0.16,0.0,0.0,1027.0,8228.0,0.0,0.0,0.0,0.0,0.0,1.0,0.0,0.0,0.0,-0.017,0.0,0.5,0.0,0.0,0.0,0.0708,16.0,25903.0
2026-07-30T18:58:55.564Z,105.047,105.06,0.0,7.4,0.0,0.0,0.0,0.0,0.0,0.0,0.0,0.0,1.0,0.0,0.0,0.0,9.0,4.0,0.0,0.0,0.0,0.0,0.0,0.0,0.0,0.0,3.0,12.0,1.0,12.15,5.01,2.51,1.49,2.5,-1.1,0.1,3.3000000000000003,0.0,-0.2,1.3,-1.7000000000000002,-2.3000000000000003,0.0,-43.0,258.0,0.0,21.8,32.300000000000004,32.300000000000004,33.0,300.0,300.0,30.5,34.6,31.3,30.9,32.6,4.96,1.99,4.97,0.16,0.0,0.0,1027.0,8228.0,0.0,0.0,0.0,0.0,0.0,1.0,0.0,0.0,0.0,-0.016,0.0,1.7000000000000002,0.0,-0.1,0.0,0.0688,16.0,25903.0
2026-07-30T18:58:55.576Z,105.059,105.072,0.0,7.4,0.0,0.0,0.0,0.0,0.0,0.0,0.0,0.0,1.0,0.0,0.0,0.0,9.0,4.0,0.0,0.0,0.0,0.0,0.0,0.0,0.0,0.0,4.0,12.0,1.0,12.15,5.01,2.51,1.49,2.2,-1.9,0.0,3.3000000000000003,0.0,-0.2,-0.4,0.6000000000000001,6.1000000000000005,0.0,-42.0,232.6,0.0,21.8,32.300000000000004,32.300000000000004,33.0,300.0,300.0,30.5,34.6,31.3,30.9,32.6,4.95,1.99,4.97,0.16,0.0,0.0,1027.0,8228.0,0.0,0.0,0.0,0.0,0.0,1.0,0.0,0.0,0.0,-0.015,0.0,0.0,0.0,0.9,0.0,0.0659,16.0,25903.0
2026-07-30T18:58:55.588Z,105.071,105.084,0.0,7.4,0.0,0.0,0.0,0.0,0.0,0.0,0.0,0.0,1.0,0.0,0.0,0.0,9.0,4.0,0.0,0.0,0.0,0.0,0.0,0.0,0.0,0.0,5.0,12.0,1.0,12.15,5.01,2.51,1.49,1.5,-2.2,0.0,3.3000000000000003,0.0,0.2,-0.4,-0.5,15.9,0.0,-42.0,206.8,0.0,21.8,32.300000000000004,32.300000000000004,33.0,300.0,300.0,30.5,34.6,31.3,30.9,32.6,4.95,1.99,4.96,0.16,0.0,0.0,1027.0,8228.0,0.0,0.0,0.0,0.0,0.0,1.0,0.0,0.0,0.0,-0.014,0.0,0.0,0.0,1.9,0.0,0.06,16.0,25903.0
2026-07-30T18:58:55.600Z,105.083,105.096,0.0,7.4,0.0,0.0,0.0,0.0,0.0,0.0,0.0,0.0,1.0,0.0,0.0,0.0,9.0,4.0,0.0,0.0,0.0,0.0,0.0,0.0,0.0,0.0,6.0,12.0,1.0,12.15,5.01,2.51,1.49,0.5,-2.2,0.0,3.3000000000000003,0.0,-0.2,-1.0,0.6000000000000001,26.8,0.0,-41.0,181.7,0.0,21.8,32.300000000000004,32.300000000000004,33.0,300.0,300.0,30.5,34.6,31.3,30.9,32.6,4.95,2.0,4.97,0.16,0.0,0.0,1027.0,8228.0,0.0,0.0,0.0,0.0,0.0,1.0,0.0,0.0,0.0,-0.014,0.0,1.5,0.0,-1.2000000000000002,0.0,0.0593,16.0,25903.0
2026-07-30T18:58:55.612Z,105.095,105.108,0.0,7.4,0.0,0.0,0.0,0.0,0.0,0.0,0.0,0.0,1.0,0.0,0.0,0.0,9.0,4.0,0.0,0.0,0.0,0.0,0.0,0.0,0.0,0.0,1.0,12.0,1.0,12.15,5.01,2.51,1.49,-0.4,-1.6,0.0,3.2,0.0,0.3,-0.4,1.7000000000000002,14.2,0.0,-41.0,156.70000000000002,0.0,21.8,32.300000000000004,32.300000000000004,33.0,300.0,300.0,30.5,34.6,31.3,30.9,32.6,4.96,1.99,4.97,0.16,0.0,0.0,1027.0,8228.0,0.0,0.0,0.0,0.0,0.0,1.0,0.0,0.0,0.0,-0.014,0.0,1.1,0.0,-1.4,0.0,0.0574,16.0,25903.0
2026-07-30T18:58:55.625Z,105.108,105.12,0.0,7.4,0.0,0.0,0.0,0.0,0.0,0.0,0.0,0.0,1.0,0.0,0.0,0.0,9.0,4.0,0.0,0.0,0.0,0.0,0.0,0.0,0.0,0.0,3.0,12.0,1.0,12.15,5.01,2.51,1.49,-1.2000000000000002,-0.8,0.0,3.2,0.0,-0.8,-1.0,-0.6000000000000001,2.6,0.0,-40.0,132.5,0.0,21.8,32.300000000000004,32.300000000000004,33.0,300.0,300.0,30.5,34.6,31.3,30.9,32.6,4.95,1.99,4.97,0.16,0.0,0.0,1027.0,8228.0,0.0,0.0,0.0,0.0,0.0,1.0,0.0,0.0,0.0,-0.013,0.0,-1.5,0.0,-0.7000000000000001,0.0,0.0571,16.0,25903.0
2026-07-30T18:58:55.636Z,105.119,105.132,0.0,7.4,0.0,0.0,0.0,0.0,0.0,0.0,0.0,0.0,1.0,0.0,0.0,0.0,9.0,4.0,0.0,0.0,0.0,0.0,0.0,0.0,0.0,0.0,2.0,12.0,1.0,12.15,5.01,2.51,1.49,-1.7000000000000002,0.0,0.0,3.3000000000000003,0.0,0.2,-1.0,0.0,-6.300000000000001,0.0,-40.0,109.3,0.0,21.8,32.300000000000004,32.300000000000004,33.0,300.0,300.0,30.5,34.6,31.3,30.9,32.6,4.95,2.0,4.96,0.16,0.0,0.0,1027.0,8228.0,0.0,0.0,0.0,0.0,0.0,1.0,0.0,0.0,0.0,-0.013,0.0,-0.4,0.0,-1.1,0.0,0.0554,16.0,25903.0
2026-07-30T18:58:55.648Z,105.131,105.144,0.0,7.4,0.0,0.0,0.0,0.0,0.0,0.0,0.0,0.0,1.0,0.0,0.0,0.0,9.0,4.0,0.0,0.0,0.0,0.0,0.0,0.0,0.0,0.0,1.0,12.0,1.0,12.15,5.01,2.51,1.49,-1.9,0.7000000000000001,0.0,3.2,0.0,0.2,0.6000000000000001,1.1,-13.0,0.0,-39.0,87.9,0.0,21.8,32.300000000000004,32.300000000000004,33.0,300.0,300.0,30.5,34.6,31.3,30.9,32.6,4.95,1.99,4.97,0.16,0.0,0.0,1027.0,8228.0,0.0,0.0,0.0,0.0,0.0,1.0,0.0,0.0,0.0,-0.012,0.0,1.0,0.0,1.4,0.0,0.0534,16.0,25903.0
2026-07-30T18:58:55.662Z,105.145,105.156,0.0,7.4,0.0,0.0,0.0,0.0,0.0,0.0,0.0,0.0,1.0,0.0,0.0,0.0,9.0,4.0,0.0,0.0,0.0,0.0,0.0,0.0,0.0,0.0,1.0,12.0,1.0,12.15,5.01,2.51,1.49,-1.8,1.3,0.0,3.2,0.0,0.2,0.0,0.0,-17.7,0.0,-38.0,66.3,0.0,21.8,32.300000000000004,32.300000000000004,33.0,300.0,300.0,30.5,34.6,31.3,30.9,32.6,4.95,2.0,4.97,0.16,0.0,0.0,1027.0,8228.0,0.0,0.0,0.0,0.0,0.0,1.0,0.0,0.0,0.0,-0.012,0.0,0.0,0.0,0.0,0.0,0.05,16.0,25903.0
2026-07-30T18:58:55.672Z,105.155,105.168,0.0,7.4,0.0,0.0,0.0,0.0,0.0,0.0,0.0,0.0,1.0,0.0,0.0,0.0,9.0,4.0,0.0,0.0,0.0,0.0,0.0,0.0,0.0,0.0,1.0,12.0,1.0,12.17,5.01,2.5,1.49,-1.5,1.5,0.0,3.1,0.0,-0.9,0.0,0.0,-20.4,0.0,-38.0,46.0,0.0,21.8,32.300000000000004,32.300000000000004,33.0,300.0,300.0,30.5,34.6,31.3,30.9,32.6,4.95,2.0,4.96,0.16,0.0,0.0,1027.0,8228.0,0.0,0.0,0.0,0.0,0.0,1.0,0.0,0.0,0.0,-0.011,0.0,0.0,0.0,0.0,0.0,0.0489,16.0,25903.0
2026-07-30T18:58:55.684Z,105.167,105.18,0.0,7.4,0.0,0.0,0.0,0.0,0.0,0.0,0.0,0.0,1.0,0.0,0.0,0.0,9.0,4.0,0.0,0.0,0.0,0.0,0.0,0.0,0.0,0.0,3.0,12.0,1.0,12.17,5.01,2.5,1.49,-1.1,1.7000000000000002,0.0,3.2,0.0,-0.3,0.0,-0.6000000000000001,-21.6,0.0,-37.0,27.8,0.0,21.8,32.300000000000004,32.300000000000004,33.0,300.0,300.0,30.5,34.6,31.3,30.9,32.6,4.95,2.0,4.96,0.16,0.0,0.0,1027.0,8228.0,0.0,0.0,0.0,0.0,0.0,1.0,0.0,0.0,0.0,-0.01,0.0,0.0,0.0,-0.7000000000000001,0.0,0.0471,16.0,25903.0
2026-07-30T18:58:55.696Z,105.179,105.192,0.0,7.4,0.0,0.0,0.0,0.0,0.0,0.0,0.0,0.0,1.0,0.0,0.0,0.0,9.0,4.0,0.0,0.0,0.0,0.0,0.0,0.0,0.0,0.0,4.0,12.0,1.0,12.17,5.01,2.5,1.49,-0.7000000000000001,1.6,0.0,3.1,0.0,0.2,0.0,-0.6000000000000001,-21.4,0.0,-36.0,10.1,0.0,21.8,32.300000000000004,32.300000000000004,33.0,300.0,300.0,30.5,34.6,31.3,30.9,32.6,4.95,1.99,4.97,0.16,0.0,0.0,1027.0,8228.0,0.0,0.0,0.0,0.0,0.0,1.0,0.0,0.0,0.0,-0.01,0.0,0.2,0.0,-0.7000000000000001,0.0,0.0429,16.0,25903.0
2026-07-30T18:58:55.708Z,105.191,105.204,0.0,7.4,0.0,0.0,0.0,0.0,0.0,0.0,0.0,0.0,1.0,0.0,0.0,0.0,9.0,4.0,0.0,0.0,0.0,0.0,0.0,0.0,0.0,0.0,5.0,12.0,1.0,12.17,5.01,2.5,1.49,-0.1,1.5,0.0,3.1,0.0,-0.3,0.6000000000000001,0.0,-19.9,0.0,-35.0,352.40000000000003,0.0,21.8,32.300000000000004,32.300000000000004,33.0,300.0,300.0,30.5,34.6,31.3,30.9,32.6,4.95,1.99,4.97,0.16,0.0,0.0,1027.0,8228.0,0.0,0.0,0.0,0.0,0.0,1.0,0.0,0.0,0.0,-0.01,0.0,-0.7000000000000001,0.0,-0.1,0.0,0.0406,16.0,25903.0
2026-07-30T18:58:55.720Z,105.203,105.216,0.0,7.4,0.0,0.0,0.0,0.0,0.0,0.0,0.0,0.0,1.0,0.0,0.0,0.0,9.0,4.0,0.0,0.0,0.0,0.0,0.0,0.0,0.0,0.0,6.0,12.0,1.0,12.17,5.01,2.5,1.49,0.3,1.1,0.0,3.0,0.0,0.2,-0.5,0.5,-17.3,0.0,-34.0,335.6,0.0,21.8,32.300000000000004,32.300000000000004,33.0,300.0,300.0,30.5,34.6,31.3,30.9,32.6,4.96,1.99,4.96,0.16,0.0,0.0,1027.0,8228.0,0.0,0.0,0.0,0.0,0.0,1.0,0.0,0.0,0.0,-0.009,0.0,0.0,0.0,0.6000000000000001,0.0,0.0402,16.0,25903.0
2026-07-30T18:58:55.732Z,105.215,105.228,0.0,7.4,0.0,0.0,0.0,0.0,0.0,0.0,0.0,0.0,1.0,0.0,0.0,0.0,9.0,4.0,0.0,0.0,0.0,0.0,0.0,0.0,0.0,0.0,2.0,12.0,1.0,12.17,5.01,2.5,1.49,0.7000000000000001,0.9,0.0,3.1,0.0,0.8,0.0,1.1,-13.7,0.0,-33.0,318.70000000000005,0.0,21.8,32.300000000000004,32.300000000000004,33.0,300.0,300.0,30.5,34.6,31.3,30.9,32.6,4.95,1.99,4.97,0.16,0.0,0.0,1027.0,8228.0,0.0,0.0,0.0,0.0,0.0,1.0,0.0,0.0,0.0,-0.009,0.0,-1.2000000000000002,0.0,0.4,0.0,0.0388,16.0,25903.0
2026-07-30T18:58:55.744Z,105.227,105.24,0.0,7.4,0.0,0.0,0.0,0.0,0.0,0.0,0.0,0.0,1.0,0.0,0.0,0.0,9.0,4.0,0.0,0.0,0.0,0.0,0.0,0.0,0.0,0.0,3.0,12.0,1.0,12.17,5.01,2.5,1.49,1.0,0.3,0.0,3.0,0.0,0.2,0.6000000000000001,1.1,-9.0,0.0,-32.0,302.0,0.0,21.8,32.300000000000004,32.300000000000004,33.0,300.0,300.0,30.5,34.6,31.3,30.9,32.6,4.95,1.99,4.96,0.16,0.0,0.0,1027.0,8228.0,0.0,0.0,0.0,0.0,0.0,1.0,0.0,0.0,0.0,-0.009,0.0,-1.7000000000000002,0.0,-0.5,0.0,0.0383,16.0,25903.0
2026-07-30T18:58:55.756Z,105.239,105.252,0.0,7.4,0.0,0.0,0.0,0.0,0.0,0.0,0.0,0.0,1.0,0.0,0.0,0.0,9.0,4.0,0.0,0.0,0.0,0.0,0.0,0.0,0.0,0.0,4.0,12.0,1.0,12.17,5.01,2.5,1.49,1.1,0.0,0.0,3.0,0.0,-0.3,-0.5,-1.1,-3.6,0.0,-32.0,286.2,0.0,21.8,32.300000000000004,32.300000000000004,33.0,300.0,300.0,30.5,34.6,31.3,30.9,32.6,4.96,1.99,4.96,0.16,0.0,0.0,1027.0,8228.0,0.0,0.0,0.0,0.0,0.0,1.0,0.0,0.0,0.0,-0.009,0.0,1.4,0.0,0.8,0.0,0.0382,16.0,25903.0
2026-07-30T18:58:55.768Z,105.251,105.264,0.0,7.4,0.0,0.0,0.0,0.0,0.0,0.0,0.0,0.0,1.0,0.0,0.0,0.0,9.0,4.0,0.0,0.0,0.0,0.0,0.0,0.0,0.0,0.0,5.0,12.0,1.0,12.15,5.01,2.51,1.49,0.9,0.0,0.0,3.0,0.0,0.2,0.0,-1.1,2.5,0.0,-31.0,272.6,0.0,21.700000000000003,32.300000000000004,32.300000000000004,33.0,300.0,300.0,30.6,34.6,31.3,30.9,32.6,4.95,1.99,4.96,0.16,0.0,0.0,1027.0,8228.0,0.0,0.0,0.0,0.0,0.0,1.0,0.0,0.0,0.0,-0.008,0.0,1.2000000000000002,0.0,0.5,0.0,0.0366,16.0,25903.0
2026-07-30T18:58:55.780Z,105.263,105.276,0.0,7.4,0.0,0.0,0.0,0.0,0.0,0.0,0.0,0.0,1.0,0.0,0.0,0.0,9.0,4.0,0.0,0.0,0.0,0.0,0.0,0.0,0.0,0.0,6.0,12.0,1.0,12.15,5.01,2.51,1.49,0.9,-0.3,0.0,3.0,0.0,0.2,0.0,0.5,9.1,0.0,-30.0,260.5,0.0,21.700000000000003,32.300000000000004,32.300000000000004,33.0,300.0,300.0,30.6,34.6,31.3,30.9,32.6,4.95,1.99,4.97,0.16,0.0,0.0,1027.0,8228.0,0.0,0.0,0.0,0.0,0.0,1.0,0.0,0.0,0.0,-0.007,0.0,-0.4,0.0,-0.4,0.0,0.0326,16.0,25903.0
2026-07-30T18:58:55.792Z,105.275,105.288,0.0,7.4,0.0,0.0,0.0,0.0,0.0,0.0,0.0,0.0,1.0,0.0,0.0,0.0,9.0,4.0,0.0,0.0,0.0,0.0,0.0,0.0,0.0,0.0,1.0,12.0,1.0,12.15,5.01,2.51,1.49,0.9,-0.4,0.0,3.0,0.0,-1.4,-1.0,-1.7000000000000002,16.1,0.0,-29.0,249.4,0.0,21.700000000000003,32.300000000000004,32.300000000000004,33.0,300.0,300.0,30.6,34.6,31.3,30.9,32.6,4.95,1.99,4.96,0.16,0.0,0.0,1027.0,8228.0,0.0,0.0,0.0,0.0,0.0,1.0,0.0,0.0,0.0,-0.006,0.0,0.8,0.0,2.7,0.0,0.0287,16.0,25903.0
2026-07-30T18:58:55.804Z,105.287,105.3,0.0,7.4,0.0,0.0,0.0,0.0,0.0,0.0,0.0,0.0,1.0,0.0,0.0,0.0,9.0,4.0,0.0,0.0,0.0,0.0,0.0,0.0,0.0,0.0,2.0,12.0,1.0,12.15,5.01,2.51,1.49,0.9,-0.6000000000000001,0.0,3.0,0.0,-0.2,0.0,-1.2000000000000002,23.4,0.0,-28.0,238.6,0.0,21.700000000000003,32.300000000000004,32.300000000000004,33.0,300.0,300.0,30.6,34.6,31.3,30.9,32.6,4.96,1.99,4.96,0.16,0.0,0.0,1027.0,8228.0,0.0,0.0,0.0,0.0,0.0,1.0,0.0,0.0,0.0,-0.006,0.0,0.7000000000000001,0.0,1.1,0.0,0.0261,16.0,25903.0
2026-07-30T18:58:55.816Z,105.299,105.312,0.0,7.4,0.0,0.0,0.0,0.0,0.0,0.0,0.0,0.0,1.0,0.0,0.0,0.0,9.0,4.0,0.0,0.0,0.0,0.0,0.0,0.0,0.0,0.0,4.0,12.0,1.0,12.15,5.01,2.51,1.49,0.7000000000000001,-0.6000000000000001,0.0,3.0,0.0,-0.2,-0.4,-0.6000000000000001,30.9,0.0,-27.0,228.4,0.0,21.700000000000003,32.300000000000004,32.300000000000004,33.0,300.0,300.0,30.6,34.6,31.3,30.9,32.6,4.95,1.99,4.97,0.17,0.0,0.0,1027.0,8228.0,0.0,0.0,0.0,0.0,0.0,1.0,0.0,0.0,0.0,-0.005,0.0,-0.1,0.0,1.1,0.0,0.0249,16.0,25903.0
2026-07-30T18:58:55.828Z,105.311,105.324,0.0,7.4,0.0,0.0,0.0,0.0,0.0,0.0,0.0,0.0,1.0,0.0,0.0,0.0,9.0,4.0,0.0,0.0,0.0,0.0,0.0,0.0,0.0,0.0,5.0,12.0,1.0,12.15,5.01,2.51,1.49,0.5,-0.6000000000000001,0.0,3.0,0.0,0.2,0.6000000000000001,0.4,38.5,0.0,-26.0,219.4,0.0,21.700000000000003,32.300000000000004,32.300000000000004,33.0,300.0,300.0,30.6,34.6,31.3,30.9,32.6,4.95,1.99,4.97,0.17,0.0,0.0,1027.0,8228.0,0.0,0.0,0.0,0.0,0.0,1.0,0.0,0.0,0.0,-0.005,0.0,0.5,0.0,-1.0,0.0,0.0236,16.0,25903.0
2026-07-30T18:58:55.840Z,105.323,105.336,0.0,7.4,0.0,0.0,0.0,0.0,0.0,0.0,0.0,0.0,1.0,0.0,0.0,0.0,9.0,4.0,0.0,0.0,0.0,0.0,0.0,0.0,0.0,0.0,1.0,12.0,1.0,12.15,5.01,2.51,1.49,0.4,-0.5,0.0,2.9000000000000004,0.0,0.2,-0.5,-0.6000000000000001,46.2,0.0,-25.0,212.0,0.0,21.700000000000003,32.300000000000004,32.300000000000004,33.0,300.0,300.0,30.6,34.6,31.3,30.9,32.6,4.95,2.0,4.96,0.16,0.0,0.0,1027.0,8228.0,0.0,0.0,0.0,0.0,0.0,1.0,0.0,0.0,0.0,-0.004,0.0,-0.5,0.0,1.1,0.0,0.0214,16.0,25903.0
2026-07-30T18:58:55.852Z,105.335,105.348,0.0,7.4,0.0,0.0,0.0,0.0,0.0,0.0,0.0,0.0,1.0,0.0,0.0,0.0,9.0,4.0,0.0,0.0,0.0,0.0,0.0,0.0,0.0,0.0,2.0,12.0,1.0,12.15,5.01,2.51,1.49,0.4,-0.6000000000000001,0.0,2.9000000000000004,0.0,-0.2,0.0,0.4,53.900000000000006,0.0,-23.0,205.2,0.0,21.700000000000003,32.300000000000004,32.300000000000004,33.0,300.0,300.0,30.6,34.6,31.3,30.9,32.6,4.95,1.99,4.96,0.16,0.0,0.0,1027.0,8228.0,0.0,0.0,0.0,0.0,0.0,1.0,0.0,0.0,0.0,-0.003,0.0,0.1,0.0,-0.5,0.0,0.0182,16.0,25903.0
2026-07-30T18:58:55.864Z,105.347,105.36,0.0,7.4,0.0,0.0,0.0,0.0,0.0,0.0,0.0,0.0,1.0,0.0,0.0,0.0,9.0,4.0,0.0,0.0,0.0,0.0,0.0,0.0,0.0,0.0,3.0,12.0,1.0,12.15,5.01,2.51,1.49,0.3,-0.7000000000000001,0.0,3.0,0.0,-0.2,0.6000000000000001,0.4,61.5,0.0,-22.0,197.5,0.0,21.700000000000003,32.300000000000004,32.300000000000004,33.0,300.0,300.0,30.6,34.6,31.3,30.9,32.6,4.95,1.99,4.97,0.16,0.0,0.0,1027.0,8228.0,0.0,0.0,0.0,0.0,0.0,1.0,0.0,0.0,0.0,-0.004,0.0,0.8,0.0,-0.7000000000000001,0.0,0.0159,16.0,25903.0
2026-07-30T18:58:55.876Z,105.359,105.372,0.0,7.4,0.0,0.0,0.0,0.0,0.0,0.0,0.0,0.0,1.0,0.0,0.0,0.0,9.0,4.0,0.0,0.0,0.0,0.0,0.0,0.0,0.0,0.0,5.0,12.0,1.0,12.15,5.0200000000000005,2.51,1.5,0.4,-0.9,0.0,2.9000000000000004,0.0,0.2,-0.4,-0.1,69.10000000000001,0.0,-22.0,188.7,0.0,21.700000000000003,32.300000000000004,32.300000000000004,33.1,300.0,300.0,30.5,34.5,31.3,30.9,32.6,4.96,1.99,4.96,0.16,0.0,0.0,1027.0,8228.0,0.0,0.0,0.0,0.0,0.0,1.0,0.0,0.0,0.0,-0.004,0.0,-0.6000000000000001,0.0,0.2,0.0,0.0168,16.0,25903.0
2026-07-30T18:58:55.888Z,105.371,105.384,0.0,7.4,0.0,0.0,0.0,0.0,0.0,0.0,0.0,0.0,1.0,0.0,0.0,0.0,9.0,4.0,0.0,0.0,0.0,0.0,0.0,0.0,0.0,0.0,6.0,12.0,1.0,12.15,5.0200000000000005,2.51,1.5,0.2,-0.9,0.0,2.9000000000000004,0.0,0.3,1.2000000000000002,0.0,71.5,0.0,-21.0,177.8,0.0,21.700000000000003,32.300000000000004,32.300000000000004,33.1,300.0,300.0,30.5,34.5,31.3,30.9,32.6,4.96,1.99,4.97,0.16,0.0,0.0,1027.0,8228.0,0.0,0.0,0.0,0.0,0.0,1.0,0.0,0.0,0.0,-0.005,0.0,1.4,0.0,0.1,0.0,0.019,16.0,25903.0
2026-07-30T18:58:55.901Z,105.384,105.396,0.0,7.4,0.0,0.0,0.0,0.0,0.0,0.0,0.0,0.0,1.0,0.0,0.0,0.0,9.0,4.0,0.0,0.0,0.0,0.0,0.0,0.0,0.0,0.0,1.0,12.0,1.0,12.15,5.0200000000000005,2.51,1.5,0.0,-1.0,0.0,2.9000000000000004,0.0,-0.2,1.2000000000000002,1.1,53.900000000000006,0.0,-21.0,165.4,0.0,21.700000000000003,32.300000000000004,32.300000000000004,33.1,300.0,300.0,30.5,34.5,31.3,30.9,32.6,4.95,1.99,4.97,0.16,0.0,0.0,1027.0,8228.0,0.0,0.0,0.0,0.0,0.0,1.0,0.0,0.0,0.0,-0.006,0.0,2.3000000000000003,0.0,-0.5,0.0,0.0233,16.0,25903.0
2026-07-30T18:58:55.913Z,105.396,105.408,0.0,7.4,0.0,0.0,0.0,0.0,0.0,0.0,0.0,0.0,1.0,0.0,0.0,0.0,9.0,4.0,0.0,0.0,0.0,0.0,0.0,0.0,0.0,0.0,2.0,12.0,1.0,12.15,5.0200000000000005,2.51,1.5,-0.4,-0.8,0.0,2.8000000000000003,0.0,-0.8,-0.4,1.1,38.400000000000006,0.0,-20.0,151.8,0.0,21.700000000000003,32.300000000000004,32.300000000000004,33.1,300.0,300.0,30.5,34.5,31.3,30.9,32.6,4.95,1.99,4.96,0.16,0.0,0.0,1027.0,8228.0,0.0,0.0,0.0,0.0,0.0,1.0,0.0,0.0,0.0,-0.007,0.0,0.6000000000000001,0.0,-0.9,0.0,0.0268,16.0,25903.0
2026-07-30T18:58:55.924Z,105.407,105.42,0.0,7.4,0.0,0.0,0.0,0.0,0.0,0.0,0.0,0.0,1.0,0.0,0.0,0.0,9.0,4.0,0.0,0.0,0.0,0.0,0.0,0.0,0.0,0.0,3.0,12.0,1.0,12.15,5.0200000000000005,2.51,1.5,-0.8,-0.7000000000000001,0.0,2.8000000000000003,0.0,0.3,-0.5,-0.6000000000000001,25.200000000000003,0.0,-20.0,136.5,0.0,21.700000000000003,32.300000000000004,32.300000000000004,33.1,300.0,300.0,30.5,34.5,31.3,30.9,32.6,4.96,2.0,4.96,0.16,0.0,0.0,1027.0,8228.0,0.0,0.0,0.0,0.0,0.0,1.0,0.0,0.0,0.0,-0.008,0.0,-1.1,0.0,-0.2,0.0,0.0297,16.0,25903.0
2026-07-30T18:58:55.937Z,105.42,105.432,0.0,7.4,0.0,0.0,0.0,0.0,0.0,0.0,0.0,0.0,1.0,0.0,0.0,0.0,9.0,4.0,0.0,0.0,0.0,0.0,0.0,0.0,0.0,0.0,4.0,12.0,1.0,12.15,5.0200000000000005,2.51,1.5,-1.4,-0.3,0.0,2.9000000000000004,0.0,0.3,-0.5,-0.5,14.1,0.0,-21.0,117.9,0.0,21.700000000000003,32.300000000000004,32.300000000000004,33.1,300.0,300.0,30.5,34.5,31.3,30.9,32.6,4.96,1.99,4.97,0.16,0.0,0.0,1027.0,8228.0,0.0,0.0,0.0,0.0,0.0,1.0,0.0,0.0,0.0,-0.009,0.0,-0.9,0.0,-0.5,0.0,0.0332,16.0,25903.0
2026-07-30T18:58:55.949Z,105.432,105.444,0.0,7.4,0.0,0.0,0.0,0.0,0.0,0.0,0.0,0.0,1.0,0.0,0.0,0.0,9.0,4.0,0.0,0.0,0.0,0.0,0.0,0.0,0.0,0.0,5.0,12.0,1.0,12.15,5.0200000000000005,2.51,1.5,-1.9,0.4,0.0,2.8000000000000003,0.0,0.3,0.0,0.0,5.300000000000001,0.0,-21.0,96.6,0.0,21.700000000000003,32.300000000000004,32.300000000000004,33.1,300.0,300.0,30.5,34.5,31.3,30.9,32.6,4.95,1.99,4.97,0.16,0.0,0.0,1027.0,8228.0,0.0,0.0,0.0,0.0,0.0,1.0,0.0,0.0,0.0,-0.011,0.0,0.0,0.0,0.0,0.0,0.0396,16.0,25903.0
2026-07-30T18:58:55.960Z,105.443,105.456,0.0,7.4,0.0,0.0,0.0,0.0,0.0,0.0,0.0,0.0,1.0,0.0,0.0,0.0,9.0,4.0,0.0,0.0,0.0,0.0,0.0,0.0,0.0,0.0,5.0,12.0,1.0,12.15,5.0200000000000005,2.51,1.5,-2.1,1.2000000000000002,0.0,2.8000000000000003,0.0,-0.2,0.0,-0.5,-1.2000000000000002,0.0,-22.0,73.60000000000001,0.0,21.700000000000003,32.300000000000004,32.300000000000004,33.1,300.0,300.0,30.5,34.5,31.3,30.9,32.6,4.95,1.99,4.96,0.16,0.0,0.0,1027.0,8228.0,0.0,0.0,0.0,0.0,0.0,1.0,0.0,0.0,0.0,-0.012,0.0,-0.4,0.0,-0.3,0.0,0.0461,16.0,25903.0
2026-07-30T18:58:55.972Z,105.455,105.468,0.0,7.4,0.0,0.0,0.0,0.0,0.0,0.0,0.0,0.0,1.0,0.0,0.0,0.0,9.0,4.0,0.0,0.0,0.0,0.0,0.0,0.0,0.0,0.0,6.0,12.0,1.0,12.14,5.01,2.51,1.5,-2.1,2.0,0.0,2.8000000000000003,0.0,0.9,-0.5,1.8,-5.5,0.0,-23.0,48.6,0.0,21.8,32.300000000000004,32.300000000000004,33.0,300.0,300.0,30.6,34.6,31.3,30.9,32.5,4.95,2.0,4.97,0.16,0.0,0.0,1027.0,8228.0,0.0,0.0,0.0,0.0,0.0,1.0,0.0,0.0,0.0,-0.013,0.0,1.0,0.0,1.5,0.0,0.0507,16.0,25903.0
2026-07-30T18:58:55.984Z,105.467,105.48,0.0,7.4,0.0,0.0,0.0,0.0,0.0,0.0,0.0,0.0,1.0,0.0,0.0,0.0,9.0,4.0,0.0,0.0,0.0,0.0,0.0,0.0,0.0,0.0,1.0,12.0,1.0,12.14,5.01,2.51,1.5,-1.4,2.5,0.0,2.7,0.0,-0.2,0.0,-0.5,-7.7,0.0,-24.0,22.0,0.0,21.8,32.300000000000004,32.300000000000004,33.0,300.0,300.0,30.6,34.6,31.3,30.9,32.5,4.95,1.99,4.96,0.16,0.0,0.0,1027.0,8228.0,0.0,0.0,0.0,0.0,0.0,1.0,0.0,0.0,0.0,-0.014,0.0,0.0,0.0,-0.5,0.0,0.0551,16.0,25903.0
2026-07-30T18:58:55.996Z,105.479,105.492,0.0,7.4,0.0,0.0,0.0,0.0,0.0,0.0,0.0,0.0,1.0,0.0,0.0,0.0,9.0,4.0,0.0,0.0,0.0,0.0,0.0,0.0,0.0,0.0,2.0,12.0,1.0,12.14,5.01,2.51,1.5,-0.3,2.6,0.0,2.8000000000000003,0.0,0.3,0.0,-0.5,-7.6,0.0,-25.0,352.8,0.0,21.8,32.300000000000004,32.300000000000004,33.0,300.0,300.0,30.6,34.6,31.3,30.9,32.5,4.96,1.99,4.96,0.16,0.0,0.0,1027.0,8228.0,0.0,0.0,0.0,0.0,0.0,1.0,0.0,0.0,0.0,-0.016,0.0,0.3,0.0,-0.4,0.0,0.0589,16.0,25903.0
2026-07-30T18:58:56.008Z,105.491,105.504,0.0,7.4,0.0,0.0,0.0,0.0,0.0,0.0,0.0,0.0,1.0,0.0,0.0,0.0,9.0,4.0,0.0,0.0,0.0,0.0,0.0,0.0,0.0,0.0,3.0,12.0,1.0,12.14,5.01,2.51,1.5,1.3,1.7000000000000002,0.1,2.8000000000000003,0.0,0.3,0.0,0.0,-5.4,0.0,-26.0,321.5,0.0,21.8,32.300000000000004,32.300000000000004,33.0,300.0,300.0,30.6,34.6,31.3,30.9,32.5,4.95,1.99,4.96,0.16,0.0,0.0,1027.0,8228.0,0.0,0.0,0.0,0.0,0.0,1.0,0.0,0.0,0.0,-0.017,0.0,0.0,0.0,0.0,0.0,0.0641,16.0,25903.0
2026-07-30T18:58:56.020Z,105.503,105.516,0.0,7.4,0.0,0.0,0.0,0.0,0.0,0.0,0.0,0.0,1.0,0.0,0.0,0.0,9.0,4.0,0.0,0.0,0.0,0.0,0.0,0.0,0.0,0.0,4.0,12.0,1.0,12.14,5.01,2.51,1.5,2.8000000000000003,0.0,0.1,2.8000000000000003,0.0,0.3,0.0,0.6000000000000001,-0.8,0.0,-28.0,284.40000000000003,0.0,21.8,32.300000000000004,32.300000000000004,33.0,300.0,300.0,30.6,34.6,31.3,30.9,32.5,4.95,1.99,4.97,0.16,0.0,0.0,1027.0,8228.0,0.0,0.0,0.0,0.0,0.0,1.0,0.0,0.0,0.0,-0.019,0.0,-0.7000000000000001,0.0,-0.1,0.0,0.0689,16.0,25903.0
2026-07-30T18:58:56.032Z,105.515,105.528,0.0,7.4,0.0,0.0,0.0,0.0,0.0,0.0,0.0,0.0,1.0,0.0,0.0,0.0,9.0,4.0,0.0,0.0,0.0,0.0,0.0,0.0,0.0,0.0,5.0,12.0,1.0,12.14,5.01,2.51,1.5,3.4000000000000004,-2.1,0.1,3.1,0.0,0.2,0.5,1.7000000000000002,6.2,0.0,-30.0,245.9,0.0,21.8,32.300000000000004,32.300000000000004,33.0,300.0,300.0,30.6,34.6,31.3,30.9,32.5,4.95,1.99,4.96,0.16,0.0,0.0,1027.0,8228.0,0.0,0.0,0.0,0.0,0.0,1.0,0.0,0.0,0.0,-0.021,0.0,1.7000000000000002,0.0,0.3,0.0,0.0797,16.0,25903.0
2026-07-30T18:58:56.044Z,105.527,105.54,0.0,7.4,0.0,0.0,0.0,0.0,0.0,0.0,0.0,0.0,1.0,0.0,0.0,0.0,9.0,4.0,0.0,0.0,0.0,0.0,0.0,0.0,0.0,0.0,5.0,12.0,1.0,12.14,5.01,2.51,1.5,2.4000000000000004,-3.3000000000000003,0.1,3.1,0.0,-0.3,1.1,0.0,15.5,0.0,-31.0,206.5,0.0,21.8,32.300000000000004,32.300000000000004,33.0,300.0,300.0,30.6,34.6,31.3,30.9,32.5,4.96,1.99,4.96,0.16,0.0,0.0,1027.0,8228.0,0.0,0.0,0.0,0.0,0.0,1.0,0.0,0.0,0.0,-0.022,0.0,1.2000000000000002,0.0,-0.6000000000000001,0.0,0.0861,16.0,25903.0
2026-07-30T18:58:56.056Z,105.539,105.552,0.0,7.4,0.0,0.0,0.0,0.0,0.0,0.0,0.0,0.0,1.0,0.0,0.0,0.0,9.0,4.0,0.0,0.0,0.0,0.0,0.0,0.0,0.0,0.0,6.0,12.0,1.0,12.14,5.01,2.51,1.5,0.2,-3.1,0.1,3.2,0.0,-0.9,-0.5,-1.0,20.3,0.0,-33.0,170.70000000000002,0.0,21.8,32.300000000000004,32.300000000000004,33.0,300.0,300.0,30.6,34.6,31.3,30.9,32.5,4.96,1.99,4.97,0.16,0.0,0.0,1027.0,8228.0,0.0,0.0,0.0,0.0,0.0,1.0,0.0,0.0,0.0,-0.02,0.0,-1.3,0.0,0.8,0.0,0.0882,16.0,25903.0
2026-07-30T18:58:56.068Z,105.551,105.564,0.0,7.4,0.0,0.0,0.0,0.0,0.0,0.0,0.0,0.0,1.0,0.0,0.0,0.0,9.0,4.0,0.0,0.0,0.0,0.0,0.0,0.0,0.0,0.0,2.0,12.0,1.0,12.14,5.01,2.51,1.5,-2.0,-1.4,0.1,3.2,0.0,-0.2,-1.1,-0.4,7.800000000000001,0.0,-34.0,133.0,0.0,21.8,32.300000000000004,32.300000000000004,33.0,300.0,300.0,30.6,34.6,31.3,30.9,32.5,4.96,1.99,4.96,0.16,0.0,0.0,1027.0,8228.0,0.0,0.0,0.0,0.0,0.0,1.0,0.0,0.0,0.0,-0.02,0.0,-1.4,0.0,-0.8,0.0,0.0832,16.0,25903.0
2026-07-30T18:58:56.080Z,105.563,105.576,0.0,7.4,0.0,0.0,0.0,0.0,0.0,0.0,0.0,0.0,1.0,0.0,0.0,0.0,9.0,4.0,0.0,0.0,0.0,0.0,0.0,0.0,0.0,0.0,3.0,12.0,1.0,12.18,5.0200000000000005,2.5,1.49,-3.3000000000000003,0.9,0.1,3.3000000000000003,0.0,-0.3,0.0,0.0,-0.8,0.0,-36.0,91.9,0.0,20.9,32.300000000000004,32.300000000000004,33.0,300.0,300.0,30.5,34.6,31.3,30.9,32.5,4.96,1.99,4.96,0.16,0.0,0.0,1027.0,8228.0,0.0,0.0,0.0,0.0,0.0,1.0,0.0,0.0,0.0,-0.022,0.0,0.1,0.0,0.1,0.0,0.084,16.0,25903.0
2026-07-30T18:58:56.092Z,105.575,105.588,0.0,7.4,0.0,0.0,0.0,0.0,0.0,0.0,0.0,0.0,1.0,0.0,0.0,0.0,9.0,4.0,0.0,0.0,0.0,0.0,0.0,0.0,0.0,0.0,4.0,12.0,1.0,12.18,5.0200000000000005,2.5,1.49,-3.2,2.8000000000000003,0.1,3.3000000000000003,0.0,-0.8,1.2000000000000002,0.6000000000000001,-5.9,0.0,-37.0,51.3,0.0,20.9,32.300000000000004,32.300000000000004,33.0,300.0,300.0,30.5,34.6,31.3,30.9,32.5,4.95,1.99,4.96,0.16,0.0,0.0,1027.0,8228.0,0.0,0.0,0.0,0.0,0.0,1.0,0.0,0.0,0.0,-0.023,0.0,-0.6000000000000001,0.0,1.8,0.0,0.0907,16.0,25903.0
2026-07-30T18:58:56.104Z,105.587,105.6,0.0,7.4,0.0,0.0,0.0,0.0,0.0,0.0,0.0,0.0,1.0,0.0,0.0,0.0,9.0,4.0,0.0,0.0,0.0,0.0,0.0,0.0,0.0,0.0,5.0,12.0,1.0,12.18,5.0200000000000005,2.5,1.49,-1.6,3.3000000000000003,0.1,3.3000000000000003,0.0,-0.3,-0.4,0.0,-7.800000000000001,0.0,-38.0,15.2,0.0,20.9,32.300000000000004,32.300000000000004,33.0,300.0,300.0,30.5,34.6,31.3,30.9,32.5,4.96,1.99,4.97,0.16,0.0,0.0,1027.0,8228.0,0.0,0.0,0.0,0.0,0.0,1.0,0.0,0.0,0.0,-0.021,0.0,-1.3,0.0,2.2,0.0,0.0923,16.0,25903.0
2026-07-30T18:58:56.116Z,105.599,105.612,0.0,7.4,0.0,0.0,0.0,0.0,0.0,0.0,0.0,0.0,1.0,0.0,0.0,0.0,9.0,4.0,0.0,0.0,0.0,0.0,0.0,0.0,0.0,0.0,1.0,12.0,1.0,12.18,5.0200000000000005,2.5,1.49,0.3,2.6,0.1,3.3000000000000003,0.0,0.3,-1.6,-1.1,-7.2,0.0,-39.0,342.6,0.0,20.9,32.300000000000004,32.300000000000004,33.0,300.0,300.0,30.5,34.6,31.3,30.9,32.5,4.96,1.99,4.96,0.16,0.0,0.0,1027.0,8228.0,0.0,0.0,0.0,0.0,0.0,1.0,0.0,0.0,0.0,-0.019,0.0,-0.3,0.0,-0.6000000000000001,0.0,0.0851,16.0,25903.0
2026-07-30T18:58:56.128Z,105.611,105.624,0.0,7.4,0.0,0.0,0.0,0.0,0.0,0.0,0.0,0.0,1.0,0.0,0.0,0.0,9.0,4.0,0.0,0.0,0.0,0.0,0.0,0.0,0.0,0.0,2.0,12.0,1.0,12.18,5.0200000000000005,2.5,1.49,2.1,0.9,0.1,3.2,0.0,-0.2,-1.1,-1.1,-4.1000000000000005,0.0,-39.0,306.5,0.0,20.9,32.300000000000004,32.300000000000004,33.0,300.0,300.0,30.5,34.6,31.3,30.9,32.5,4.96,1.99,4.97,0.16,0.0,0.0,1027.0,8228.0,0.0,0.0,0.0,0.0,0.0,1.0,0.0,0.0,0.0,-0.019,0.0,2.0,0.0,0.9,0.0,0.0766,16.0,25903.0
2026-07-30T18:58:56.140Z,105.623,105.636,0.0,7.4,0.0,0.0,0.0,0.0,0.0,0.0,0.0,0.0,1.0,0.0,0.0,0.0,9.0,4.0,0.0,0.0,0.0,0.0,0.0,0.0,0.0,0.0,3.0,12.0,1.0,12.18,5.0200000000000005,2.5,1.49,3.0,-0.7000000000000001,0.1,3.2,0.0,0.3,1.2000000000000002,0.0,1.5,0.0,-40.0,269.40000000000003,0.0,20.9,32.300000000000004,32.300000000000004,33.0,300.0,300.0,30.5,34.6,31.3,30.9,32.5,4.95,1.99,4.97,0.16,0.0,0.0,1027.0,8228.0,0.0,0.0,0.0,0.0,0.0,1.0,0.0,0.0,0.0,-0.02,0.0,0.0,0.0,-1.4,0.0,0.0798,16.0,25903.0
2026-07-30T18:58:56.152Z,105.635,105.648,0.0,7.4,0.0,0.0,0.0,0.0,0.0,0.0,0.0,0.0,1.0,0.0,0.0,0.0,9.0,4.0,0.0,0.0,0.0,0.0,0.0,0.0,0.0,0.0,4.0,12.0,1.0,12.18,5.0200000000000005,2.5,1.49,2.9000000000000004,-2.4000000000000004,0.1,3.2,0.0,-0.2,-1.1,-0.5,9.4,0.0,-41.0,230.5,0.0,20.9,32.300000000000004,32.300000000000004,33.0,300.0,300.0,30.5,34.6,31.3,30.9,32.5,4.95,1.99,4.96,0.16,0.0,0.0,1027.0,8228.0,0.0,0.0,0.0,0.0,0.0,1.0,0.0,0.0,0.0,-0.021,0.0,-0.6000000000000001,0.0,1.5,0.0,0.0834,16.0,25903.0
2026-07-30T18:58:56.164Z,105.647,105.66,0.0,7.4,0.0,0.0,0.0,0.0,0.0,0.0,0.0,0.0,1.0,0.0,0.0,0.0,9.0,4.0,0.0,0.0,0.0,0.0,0.0,0.0,0.0,0.0,5.0,12.0,1.0,12.18,5.0200000000000005,2.5,1.49,1.7000000000000002,-2.8000000000000003,0.1,3.2,0.0,0.8,0.0,1.8,19.5,0.0,-42.0,196.5,0.0,20.9,32.300000000000004,32.300000000000004,33.0,300.0,300.0,30.5,34.6,31.3,30.9,32.5,4.95,2.0,4.96,0.16,0.0,0.0,1027.0,8228.0,0.0,0.0,0.0,0.0,0.0,1.0,0.0,0.0,0.0,-0.02,0.0,0.5,0.0,-2.0,0.0,0.0863,16.0,25903.0
2026-07-30T18:58:56.176Z,105.659,105.672,0.0,7.4,0.0,0.0,0.0,0.0,0.0,0.0,0.0,0.0,1.0,0.0,0.0,0.0,9.0,4.0,0.0,0.0,0.0,0.0,0.0,0.0,0.0,0.0,1.0,12.0,1.0,12.15,5.0200000000000005,2.51,1.49,0.2,-2.4000000000000004,0.1,3.2,0.0,0.2,0.0,0.0,19.6,0.0,-42.0,167.70000000000002,0.0,21.700000000000003,32.300000000000004,32.2,33.0,300.0,300.0,30.6,34.5,31.3,30.9,32.5,4.95,1.99,4.97,0.16,0.0,0.0,1027.0,8228.0,0.0,0.0,0.0,0.0,0.0,1.0,0.0,0.0,0.0,-0.017,0.0,0.0,0.0,0.0,0.0,0.0806,16.0,25903.0
2026-07-30T18:58:56.188Z,105.671,105.684,0.0,7.4,0.0,0.0,0.0,0.0,0.0,0.0,0.0,0.0,1.0,0.0,0.0,0.0,9.0,4.0,0.0,0.0,0.0,0.0,0.0,0.0,0.0,0.0,2.0,12.0,1.0,12.15,5.0200000000000005,2.51,1.49,-1.1,-1.4,0.0,3.1,0.0,-0.2,-0.5,0.0,7.0,0.0,-41.0,142.4,0.0,21.700000000000003,32.300000000000004,32.2,33.0,300.0,300.0,30.6,34.5,31.3,30.9,32.5,4.96,1.99,4.97,0.16,0.0,0.0,1027.0,8228.0,0.0,0.0,0.0,0.0,0.0,1.0,0.0,0.0,0.0,-0.015,0.0,-0.4,0.0,-0.4,0.0,0.069,16.0,25903.0
2026-07-30T18:58:56.200Z,105.683,105.696,0.0,7.4,0.0,0.0,0.0,0.0,0.0,0.0,0.0,0.0,1.0,0.0,0.0,0.0,9.0,4.0,0.0,0.0,0.0,0.0,0.0,0.0,0.0,0.0,4.0,12.0,1.0,12.15,5.0200000000000005,2.51,1.49,-2.1,-0.2,0.0,3.1,0.0,0.8,0.5,0.0,-2.9000000000000004,0.0,-41.0,116.3,0.0,21.700000000000003,32.300000000000004,32.2,33.0,300.0,300.0,30.6,34.5,31.3,30.9,32.5,4.96,1.99,4.96,0.16,0.0,0.0,1027.0,8228.0,0.0,0.0,0.0,0.0,0.0,1.0,0.0,0.0,0.0,-0.014,0.0,0.3,0.0,0.6000000000000001,0.0,0.0606,16.0,25903.0
2026-07-30T18:58:56.212Z,105.695,105.708,0.0,7.4,0.0,0.0,0.0,0.0,0.0,0.0,0.0,0.0,1.0,0.0,0.0,0.0,9.0,4.0,0.0,0.0,0.0,0.0,0.0,0.0,0.0,0.0,5.0,12.0,1.0,12.15,5.0200000000000005,2.51,1.49,-2.5,0.9,0.0,3.1,0.0,0.3,-1.1,-0.5,-10.1,0.0,-41.0,88.10000000000001,0.0,21.700000000000003,32.300000000000004,32.2,33.0,300.0,300.0,30.6,34.5,31.3,30.9,32.5,4.95,1.99,4.97,0.16,0.0,0.0,1027.0,8228.0,0.0,0.0,0.0,0.0,0.0,1.0,0.0,0.0,0.0,-0.015,0.0,-0.4,0.0,-1.6,0.0,0.0587,16.0,25903.0
2026-07-30T18:58:56.224Z,105.707,105.72,0.0,7.4,0.0,0.0,0.0,0.0,0.0,0.0,0.0,0.0,1.0,0.0,0.0,0.0,9.0,4.0,0.0,0.0,0.0,0.0,0.0,0.0,0.0,0.0,6.0,12.0,1.0,12.15,5.0200000000000005,2.51,1.49,-2.4000000000000004,1.9,0.1,3.0,0.0,-0.2,0.0,0.6000000000000001,-14.6,0.0,-41.0,58.8,0.0,21.700000000000003,32.300000000000004,32.2,33.0,300.0,300.0,30.6,34.5,31.3,30.9,32.5,4.95,2.0,4.96,0.16,0.0,0.0,1027.0,8228.0,0.0,0.0,0.0,0.0,0.0,1.0,0.0,0.0,0.0,-0.016,0.0,0.3,0.0,0.6000000000000001,0.0,0.0623,16.0,25903.0
2026-07-30T18:58:56.236Z,105.719,105.732,0.0,7.4,0.0,0.0,0.0,0.0,0.0,0.0,0.0,0.0,1.0,0.0,0.0,0.0,9.0,4.0,0.0,0.0,0.0,0.0,0.0,0.0,0.0,0.0,2.0,12.0,1.0,12.15,5.0200000000000005,2.51,1.49,-1.7000000000000002,2.4000000000000004,0.0,3.0,0.0,0.3,0.0,-1.7000000000000002,-16.8,0.0,-40.0,31.4,0.0,21.700000000000003,32.300000000000004,32.2,33.0,300.0,300.0,30.6,34.5,31.3,30.9,32.5,4.96,2.0,4.96,0.16,0.0,0.0,1027.0,8228.0,0.0,0.0,0.0,0.0,0.0,1.0,0.0,0.0,0.0,-0.015,0.0,0.0,0.0,-2.0,0.0,0.0656,16.0,25903.0
2026-07-30T18:58:56.248Z,105.731,105.744,0.0,7.4,0.0,0.0,0.0,0.0,0.0,0.0,0.0,0.0,1.0,0.0,0.0,0.0,9.0,4.0,0.0,0.0,0.0,0.0,0.0,0.0,0.0,0.0,3.0,12.0,1.0,12.15,5.0200000000000005,2.51,1.49,-0.7000000000000001,2.4000000000000004,0.0,3.0,0.0,-0.2,0.0,0.0,-16.900000000000002,0.0,-40.0,5.1000000000000005,0.0,21.700000000000003,32.300000000000004,32.2,33.0,300.0,300.0,30.6,34.5,31.3,30.9,32.5,4.95,2.0,4.97,0.16,0.0,0.0,1027.0,8228.0,0.0,0.0,0.0,0.0,0.0,1.0,0.0,0.0,0.0,-0.015,0.0,0.0,0.0,0.0,0.0,0.0633,16.0,25903.0
2026-07-30T18:58:56.264Z,105.747,105.756,0.0,7.4,0.0,0.0,0.0,0.0,0.0,0.0,0.0,0.0,1.0,0.0,0.0,0.0,9.0,4.0,0.0,0.0,0.0,0.0,0.0,0.0,0.0,0.0,4.0,12.0,1.0,12.15,5.0200000000000005,2.51,1.49,0.2,1.7000000000000002,0.0,3.1,0.0,-0.2,-0.5,1.1,-15.1,0.0,-40.0,340.0,0.0,21.700000000000003,32.300000000000004,32.2,33.0,300.0,300.0,30.6,34.5,31.3,30.9,32.5,4.95,1.99,4.97,0.16,0.0,0.0,1027.0,8228.0,0.0,0.0,0.0,0.0,0.0,1.0,0.0,0.0,0.0,-0.014,0.0,-0.4,0.0,1.1,0.0,0.0606,16.0,25903.0
2026-07-30T18:58:56.273Z,105.756,105.768,0.0,7.4,0.0,0.0,0.0,0.0,0.0,0.0,0.0,0.0,1.0,0.0,0.0,0.0,9.0,4.0,0.0,0.0,0.0,0.0,0.0,0.0,0.0,0.0,2.0,12.0,1.0,12.15,5.0200000000000005,2.51,1.49,0.8,1.1,0.0,3.0,0.0,-0.2,0.0,0.0,-11.7,0.0,-39.0,317.3,0.0,21.700000000000003,32.300000000000004,32.2,33.0,300.0,300.0,30.6,34.5,31.3,30.9,32.5,4.95,2.0,4.96,0.16,0.0,0.0,1027.0,8228.0,0.0,0.0,0.0,0.0,0.0,1.0,0.0,0.0,0.0,-0.013,0.0,0.0,0.0,0.0,0.0,0.0571,16.0,25903.0
2026-07-30T18:58:56.284Z,105.767,105.78,0.0,7.4,0.0,0.0,0.0,0.0,0.0,0.0,0.0,0.0,1.0,0.0,0.0,0.0,9.0,4.0,0.0,0.0,0.0,0.0,0.0,0.0,0.0,0.0,2.0,12.0,1.0,12.18,5.0200000000000005,2.51,1.49,1.4,0.4,0.0,3.0,0.0,0.3,0.0,0.5,-6.9,0.0,-39.0,293.7,0.0,21.8,32.2,32.2,33.0,300.0,300.0,30.700000000000003,34.6,31.3,30.8,32.5,4.96,2.0,4.96,0.16,0.0,0.0,1027.0,8228.0,0.0,0.0,0.0,0.0,0.0,1.0,0.0,0.0,0.0,-0.013,0.0,-0.6000000000000001,0.0,0.0,0.0,0.0543,16.0,25903.0
2026-07-30T18:58:56.296Z,105.779,105.792,0.0,7.4,0.0,0.0,0.0,0.0,0.0,0.0,0.0,0.0,1.0,0.0,0.0,0.0,9.0,4.0,0.0,0.0,0.0,0.0,0.0,0.0,0.0,0.0,3.0,12.0,1.0,12.18,5.0200000000000005,2.51,1.49,1.5,-0.2,0.0,3.0,0.0,0.3,-0.5,-0.5,-0.8,0.0,-38.0,273.90000000000003,0.0,21.8,32.2,32.2,33.0,300.0,300.0,30.700000000000003,34.6,31.3,30.8,32.5,4.95,2.0,4.97,0.16,0.0,0.0,1027.0,8228.0,0.0,0.0,0.0,0.0,0.0,1.0,0.0,0.0,0.0,-0.011,0.0,0.6000000000000001,0.0,0.9,0.0,0.053,16.0,25903.0
2026-07-30T18:58:56.308Z,105.791,105.804,0.0,7.4,0.0,0.0,0.0,0.0,0.0,0.0,0.0,0.0,1.0,0.0,0.0,0.0,9.0,4.0,0.0,0.0,0.0,0.0,0.0,0.0,0.0,0.0,4.0,12.0,1.0,12.18,5.0200000000000005,2.51,1.49,1.7000000000000002,-0.8,0.0,3.0,0.0,0.3,0.0,1.2000000000000002,6.1000000000000005,0.0,-37.0,254.5,0.0,21.8,32.2,32.2,33.0,300.0,300.0,30.700000000000003,34.6,31.3,30.8,32.5,4.96,1.99,4.96,0.16,0.0,0.0,1027.0,8228.0,0.0,0.0,0.0,0.0,0.0,1.0,0.0,0.0,0.0,-0.011,0.0,-0.9,0.0,-0.9,0.0,0.0475,16.0,25903.0
2026-07-30T18:58:56.320Z,105.803,105.816,0.0,7.4,0.0,0.0,0.0,0.0,0.0,0.0,0.0,0.0,1.0,0.0,0.0,0.0,9.0,4.0,0.0,0.0,0.0,0.0,0.0,0.0,0.0,0.0,5.0,12.0,1.0,12.18,5.0200000000000005,2.51,1.49,1.6,-1.2000000000000002,0.0,3.0,0.0,-0.2,0.0,-1.1,14.2,0.0,-36.0,233.4,0.0,21.8,32.2,32.2,33.0,300.0,300.0,30.700000000000003,34.6,31.3,30.8,32.5,4.96,1.99,4.97,0.16,0.0,0.0,1027.0,8228.0,0.0,0.0,0.0,0.0,0.0,1.0,0.0,0.0,0.0,-0.011,0.0,0.5,0.0,1.2000000000000002,0.0,0.0442,16.0,25903.0
2026-07-30T18:58:56.332Z,105.815,105.828,0.0,7.4,0.0,0.0,0.0,0.0,0.0,0.0,0.0,0.0,1.0,0.0,0.0,0.0,9.0,4.0,0.0,0.0,0.0,0.0,0.0,0.0,0.0,0.0,6.0,12.0,1.0,12.18,5.0200000000000005,2.51,1.49,1.3,-1.4,0.0,2.9000000000000004,0.0,0.3,1.1,0.6000000000000001,23.1,0.0,-36.0,213.3,0.0,21.8,32.2,32.2,33.0,300.0,300.0,30.700000000000003,34.6,31.3,30.8,32.5,4.96,1.99,4.97,0.16,0.0,0.0,1027.0,8228.0,0.0,0.0,0.0,0.0,0.0,1.0,0.0,0.0,0.0,-0.011,0.0,1.0,0.0,-1.4,0.0,0.047,16.0,25903.0
2026-07-30T18:58:56.344Z,105.827,105.84,0.0,7.4,0.0,0.0,0.0,0.0,0.0,0.0,0.0,0.0,1.0,0.0,0.0,0.0,9.0,4.0,0.0,0.0,0.0,0.0,0.0,0.0,0.0,0.0,1.0,12.0,1.0,12.18,5.0200000000000005,2.51,1.49,0.9,-1.6,0.0,2.9000000000000004,0.0,0.3,-0.5,0.6000000000000001,32.7,0.0,-35.0,196.8,0.0,21.8,32.2,32.2,33.0,300.0,300.0,30.700000000000003,34.6,31.3,30.8,32.5,4.95,1.99,4.97,0.16,0.0,0.0,1027.0,8228.0,0.0,0.0,0.0,0.0,0.0,1.0,0.0,0.0,0.0,-0.009,0.0,-0.4,0.0,-0.5,0.0,0.0461,16.0,25903.0
2026-07-30T18:58:56.356Z,105.839,105.852,0.0,7.4,0.0,0.0,0.0,0.0,0.0,0.0,0.0,0.0,1.0,0.0,0.0,0.0,9.0,4.0,0.0,0.0,0.0,0.0,0.0,0.0,0.0,0.0,2.0,12.0,1.0,12.18,5.0200000000000005,2.51,1.49,0.4,-1.4,0.0,2.9000000000000004,0.0,-0.2,-0.5,-0.5,42.8,0.0,-34.0,180.0,0.0,21.8,32.2,32.2,33.0,300.0,300.0,30.700000000000003,34.6,31.3,30.8,32.5,4.96,1.99,4.96,0.16,0.0,0.0,1027.0,8228.0,0.0,0.0,0.0,0.0,0.0,1.0,0.0,0.0,0.0,-0.009,0.0,-0.8,0.0,0.5,0.0,0.0397,16.0,25903.0
2026-07-30T18:58:56.368Z,105.851,105.864,0.0,7.4,0.0,0.0,0.0,0.0,0.0,0.0,0.0,0.0,1.0,0.0,0.0,0.0,9.0,4.0,0.0,0.0,0.0,0.0,0.0,0.0,0.0,0.0,3.0,12.0,1.0,12.18,5.0200000000000005,2.51,1.49,0.0,-1.1,0.0,2.9000000000000004,0.0,0.3,0.0,1.2000000000000002,27.3,0.0,-33.0,165.3,0.0,21.8,32.2,32.2,33.0,300.0,300.0,30.700000000000003,34.6,31.3,30.8,32.5,4.96,1.99,4.97,0.16,0.0,0.0,1027.0,8228.0,0.0,0.0,0.0,0.0,0.0,1.0,0.0,0.0,0.0,-0.008,0.0,1.1,0.0,-1.0,0.0,0.0384,16.0,25903.0
2026-07-30T18:58:56.380Z,105.863,105.876,0.0,7.4,0.0,0.0,0.0,0.0,0.0,0.0,0.0,0.0,1.0,0.0,0.0,0.0,9.0,4.0,0.0,0.0,0.0,0.0,0.0,0.0,0.0,0.0,4.0,12.0,1.0,12.17,5.01,2.5,1.5,-0.2,-0.8,0.0,2.9000000000000004,0.0,-0.3,-0.4,0.1,13.8,0.0,-32.0,153.20000000000002,0.0,21.4,32.2,32.2,33.0,300.0,300.0,30.700000000000003,34.5,31.3,30.8,32.5,4.95,1.99,4.97,0.16,0.0,0.0,1027.0,8228.0,0.0,0.0,0.0,0.0,0.0,1.0,0.0,0.0,0.0,-0.007,0.0,-0.3,0.0,-0.3,0.0,0.0355,16.0,25903.0
2026-07-30T18:58:56.392Z,105.875,105.888,0.0,7.4,0.0,0.0,0.0,0.0,0.0,0.0,0.0,0.0,1.0,0.0,0.0,0.0,9.0,4.0,0.0,0.0,0.0,0.0,0.0,0.0,0.0,0.0,5.0,12.0,1.0,12.17,5.01,2.5,1.5,-0.4,-0.4,0.0,2.9000000000000004,0.0,0.3,0.1,-0.4,2.0,0.0,-31.0,142.70000000000002,0.0,21.4,32.2,32.2,33.0,300.0,300.0,30.700000000000003,34.5,31.3,30.8,32.5,4.96,1.99,4.97,0.16,0.0,0.0,1027.0,8228.0,0.0,0.0,0.0,0.0,0.0,1.0,0.0,0.0,0.0,-0.006,0.0,-0.3,0.0,0.3,0.0,0.0293,16.0,25903.0
2026-07-30T18:58:56.404Z,105.887,105.9,0.0,7.4,0.0,0.0,0.0,0.0,0.0,0.0,0.0,0.0,1.0,0.0,0.0,0.0,9.0,4.0,0.0,0.0,0.0,0.0,0.0,0.0,0.0,0.0,6.0,12.0,1.0,12.17,5.01,2.5,1.5,-0.5,-0.2,0.0,2.9000000000000004,0.0,-0.2,-0.4,1.2000000000000002,-8.200000000000001,0.0,-29.0,134.20000000000002,0.0,21.4,32.2,32.2,33.0,300.0,300.0,30.700000000000003,34.5,31.3,30.8,32.5,4.96,1.99,4.97,0.16,0.0,0.0,1027.0,8228.0,0.0,0.0,0.0,0.0,0.0,1.0,0.0,0.0,0.0,-0.005,0.0,1.0,0.0,-0.7000000000000001,0.0,0.0253,16.0,25903.0
2026-07-30T18:58:56.416Z,105.899,105.912,0.0,7.4,0.0,0.0,0.0,0.0,0.0,0.0,0.0,0.0,1.0,0.0,0.0,0.0,9.0,4.0,0.0,0.0,0.0,0.0,0.0,0.0,0.0,0.0,1.0,12.0,1.0,12.17,5.01,2.5,1.5,-0.5,-0.1,0.0,2.9000000000000004,0.0,0.2,1.3,-0.5,-17.0,0.0,-28.0,125.5,0.0,21.4,32.2,32.2,33.0,300.0,300.0,30.700000000000003,34.5,31.3,30.8,32.5,4.96,1.99,4.97,0.16,0.0,0.0,1027.0,8228.0,0.0,0.0,0.0,0.0,0.0,1.0,0.0,0.0,0.0,-0.004,0.0,0.2,0.0,1.2000000000000002,0.0,0.0208,16.0,25903.0
2026-07-30T18:58:56.428Z,105.911,105.924,0.0,7.4,0.0,0.0,0.0,0.0,0.0,0.0,0.0,0.0,1.0,0.0,0.0,0.0,9.0,4.0,0.0,0.0,0.0,0.0,0.0,0.0,0.0,0.0,3.0,12.0,1.0,12.17,5.01,2.5,1.5,-0.6000000000000001,0.0,0.0,2.8000000000000003,0.0,0.8,0.1,0.0,-24.6,0.0,-27.0,116.9,0.0,21.4,32.2,32.2,33.0,300.0,300.0,30.700000000000003,34.5,31.3,30.8,32.5,4.96,1.99,4.97,0.16,0.0,0.0,1027.0,8228.0,0.0,0.0,0.0,0.0,0.0,1.0,0.0,0.0,0.0,-0.004,0.0,0.1,0.0,0.1,0.0,0.0199,16.0,25903.0
2026-07-30T18:58:56.440Z,105.923,105.936,0.0,7.4,0.0,0.0,0.0,0.0,0.0,0.0,0.0,0.0,1.0,0.0,0.0,0.0,9.0,4.0,0.0,0.0,0.0,0.0,0.0,0.0,0.0,0.0,4.0,12.0,1.0,12.17,5.01,2.5,1.5,-0.5,0.1,0.0,2.8000000000000003,0.0,-0.2,0.1,0.6000000000000001,-31.0,0.0,-26.0,109.1,0.0,21.4,32.2,32.2,33.0,300.0,300.0,30.700000000000003,34.5,31.3,30.8,32.5,4.96,1.99,4.96,0.16,0.0,0.0,1027.0,8228.0,0.0,0.0,0.0,0.0,0.0,1.0,0.0,0.0,0.0,-0.004,0.0,0.7000000000000001,0.0,0.3,0.0,0.0197,16.0,25903.0
2026-07-30T18:58:56.452Z,105.935,105.948,0.0,7.4,0.0,0.0,0.0,0.0,0.0,0.0,0.0,0.0,1.0,0.0,0.0,0.0,9.0,4.0,0.0,0.0,0.0,0.0,0.0,0.0,0.0,0.0,5.0,12.0,1.0,12.17,5.01,2.5,1.5,-0.4,0.0,0.0,2.8000000000000003,0.0,0.3,-0.4,0.0,-36.4,0.0,-24.0,102.7,0.0,21.4,32.2,32.2,33.0,300.0,300.0,30.700000000000003,34.5,31.3,30.8,32.5,4.94,2.0,4.97,0.16,0.0,0.0,1027.0,8228.0,0.0,0.0,0.0,0.0,0.0,1.0,0.0,0.0,0.0,-0.003,0.0,0.0,0.0,-0.4,0.0,0.0183,16.0,25903.0
2026-07-30T18:58:56.464Z,105.947,105.96,0.0,7.4,0.0,0.0,0.0,0.0,0.0,0.0,0.0,0.0,1.0,0.0,0.0,0.0,9.0,4.0,0.0,0.0,0.0,0.0,0.0,0.0,0.0,0.0,6.0,12.0,1.0,12.17,5.01,2.5,1.5,-0.4,0.1,0.0,2.8000000000000003,0.0,-0.3,0.7000000000000001,0.5,-41.1,0.0,-23.0,97.9,0.0,21.4,32.2,32.2,33.0,300.0,300.0,30.700000000000003,34.5,31.3,30.8,32.5,4.94,1.99,4.96,0.16,0.0,0.0,1027.0,8228.0,0.0,0.0,0.0,0.0,0.0,1.0,0.0,0.0,0.0,-0.003,0.0,0.7000000000000001,0.0,1.0,0.0,0.0158,16.0,25903.0
2026-07-30T18:58:56.476Z,105.959,105.972,0.0,7.4,0.0,0.0,0.0,0.0,0.0,0.0,0.0,0.0,1.0,0.0,0.0,0.0,9.0,4.0,0.0,0.0,0.0,0.0,0.0,0.0,0.0,0.0,1.0,12.0,1.0,12.17,5.01,2.5,1.5,-0.3,0.1,0.0,2.8000000000000003,0.0,0.8,1.3,-1.1,-45.0,0.0,-22.0,93.5,0.0,21.4,32.2,32.2,33.0,300.0,300.0,30.700000000000003,34.5,31.3,30.8,32.5,4.96,1.99,4.96,0.16,0.0,0.0,1027.0,8228.0,0.0,0.0,0.0,0.0,0.0,1.0,0.0,0.0,0.0,-0.002,0.0,-1.0,0.0,0.9,0.0,0.0122,16.0,25903.0
2026-07-30T18:58:56.488Z,105.971,105.984,0.0,7.4,0.0,0.0,0.0,0.0,0.0,0.0,0.0,0.0,1.0,0.0,0.0,0.0,9.0,4.0,0.0,0.0,0.0,0.0,0.0,0.0,0.0,0.0,2.0,12.0,1.0,12.15,5.0200000000000005,2.51,1.49,-0.3,0.1,0.0,2.8000000000000003,0.0,0.2,0.1,0.0,-48.400000000000006,0.0,-21.0,89.2,0.0,21.700000000000003,32.2,32.2,33.0,300.0,300.0,30.700000000000003,34.5,31.3,30.8,32.5,4.96,1.99,4.96,0.16,0.0,0.0,1027.0,8228.0,0.0,0.0,0.0,0.0,0.0,1.0,0.0,0.0,0.0,-0.002,0.0,0.0,0.0,0.2,0.0,0.0104,16.0,25903.0
2026-07-30T18:58:56.501Z,105.984,105.996,0.0,7.4,0.0,0.0,0.0,0.0,0.0,0.0,0.0,0.0,1.0,0.0,0.0,0.0,9.0,4.0,0.0,0.0,0.0,0.0,0.0,0.0,0.0,0.0,3.0,12.0,1.0,12.15,5.0200000000000005,2.51,1.49,-0.3,0.2,0.0,2.8000000000000003,0.0,0.2,-0.9,-0.5,-51.2,0.0,-20.0,84.5,0.0,21.700000000000003,32.2,32.2,33.0,300.0,300.0,30.700000000000003,34.5,31.3,30.8,32.5,4.95,1.99,4.96,0.16,0.0,0.0,1027.0,8228.0,0.0,0.0,0.0,0.0,0.0,1.0,0.0,0.0,0.0,-0.002,0.0,-0.4,0.0,-1.5,0.0,0.01,16.0,25903.0
2026-07-30T18:58:56.512Z,105.995,106.008,0.0,7.4,0.0,0.0,0.0,0.0,0.0,0.0,0.0,0.0,1.0,0.0,0.0,0.0,9.0,4.0,0.0,0.0,0.0,0.0,0.0,0.0,0.0,0.0,4.0,12.0,1.0,12.15,5.0200000000000005,2.51,1.49,-0.3,0.2,0.0,2.8000000000000003,0.0,-0.3,0.7000000000000001,0.6000000000000001,-53.400000000000006,0.0,-19.0,79.9,0.0,21.700000000000003,32.2,32.2,33.0,300.0,300.0,30.700000000000003,34.5,31.3,30.8,32.5,4.95,2.0,4.96,0.16,0.0,0.0,1027.0,8228.0,0.0,0.0,0.0,0.0,0.0,1.0,0.0,0.0,0.0,-0.002,0.0,0.4,0.0,1.3,0.0,0.0103,16.0,25903.0
2026-07-30T18:58:56.524Z,106.007,106.02,0.0,7.4,0.0,0.0,0.0,0.0,0.0,0.0,0.0,0.0,1.0,0.0,0.0,0.0,9.0,4.0,0.0,0.0,0.0,0.0,0.0,0.0,0.0,0.0,5.0,12.0,1.0,12.15,5.0200000000000005,2.51,1.49,-0.4,0.3,0.0,2.8000000000000003,0.0,0.2,0.7000000000000001,1.8,-55.2,0.0,-18.0,74.7,0.0,21.700000000000003,32.2,32.2,33.0,300.0,300.0,30.700000000000003,34.5,31.3,30.8,32.5,4.96,1.99,4.96,0.15,0.0,0.0,1027.0,8228.0,0.0,0.0,0.0,0.0,0.0,1.0,0.0,0.0,0.0,-0.002,0.0,1.2000000000000002,0.0,2.2,0.0,0.0103,16.0,25903.0
2026-07-30T18:58:56.536Z,106.019,106.032,0.0,7.4,0.0,0.0,0.0,0.0,0.0,0.0,0.0,0.0,1.0,0.0,0.0,0.0,9.0,4.0,0.0,0.0,0.0,0.0,0.0,0.0,0.0,0.0,1.0,12.0,1.0,12.15,5.0200000000000005,2.51,1.49,-0.6000000000000001,0.4,0.0,2.7,0.0,-0.3,-0.4,-1.1,-56.400000000000006,0.0,-17.0,68.5,0.0,21.700000000000003,32.2,32.2,33.0,300.0,300.0,30.700000000000003,34.5,31.3,30.8,32.5,4.95,1.99,4.97,0.16,0.0,0.0,1027.0,8228.0,0.0,0.0,0.0,0.0,0.0,1.0,0.0,0.0,0.0,-0.003,0.0,-0.5,0.0,-1.4,0.0,0.0114,16.0,25903.0
2026-07-30T18:58:56.548Z,106.031,106.044,0.1,7.4,0.0,0.0,0.0,0.0,0.0,0.0,0.0,0.0,1.0,0.0,0.0,0.0,9.0,4.0,0.0,0.0,0.0,0.0,0.0,0.0,0.0,0.0,2.0,12.0,1.0,12.15,5.0200000000000005,2.51,1.49,-0.7000000000000001,0.5,0.0,2.7,0.0,0.2,-0.4,-0.5,-57.0,0.0,-16.0,61.400000000000006,0.0,21.700000000000003,32.2,32.2,33.0,300.0,300.0,30.700000000000003,34.5,31.3,30.8,32.5,4.96,1.99,4.96,0.16,0.0,0.0,1027.0,8228.0,0.0,0.0,0.0,0.0,0.0,1.0,0.0,0.0,0.0,-0.003,0.0,0.0,0.0,-0.9,0.0,0.0135,16.0,25903.0
2026-07-30T18:58:56.560Z,106.043,106.056,0.1,7.4,0.0,0.0,0.0,0.0,0.0,0.0,0.0,0.0,1.0,0.0,0.0,0.0,9.0,4.0,0.0,0.0,0.0,0.0,0.0,0.0,0.0,0.0,3.0,12.0,1.0,12.15,5.0200000000000005,2.51,1.49,-0.7000000000000001,0.7000000000000001,0.0,2.7,0.0,0.2,0.1,0.0,-57.0,0.0,-16.0,53.5,0.0,21.700000000000003,32.2,32.2,33.0,300.0,300.0,30.700000000000003,34.5,31.3,30.8,32.5,4.96,1.99,4.96,0.16,0.0,0.0,1027.0,8228.0,0.0,0.0,0.0,0.0,0.0,1.0,0.0,0.0,0.0,-0.004,0.0,-0.1,0.0,0.1,0.0,0.0154,16.0,25903.0
2026-07-30T18:58:56.574Z,106.057,106.068,0.1,7.4,0.0,0.0,0.0,0.0,0.0,0.0,0.0,0.0,1.0,0.0,0.0,0.0,9.0,4.0,0.0,0.0,0.0,0.0,0.0,0.0,0.0,0.0,5.0,12.0,1.0,12.15,5.0200000000000005,2.51,1.49,-0.7000000000000001,0.8,0.0,2.7,0.0,-0.3,0.7000000000000001,-0.5,-56.400000000000006,0.0,-16.0,44.8,0.0,21.700000000000003,32.2,32.2,33.0,300.0,300.0,30.700000000000003,34.5,31.3,30.8,32.5,4.95,1.99,4.96,0.16,0.0,0.0,1027.0,8228.0,0.0,0.0,0.0,0.0,0.0,1.0,0.0,0.0,0.0,-0.004,0.0,-0.7000000000000001,0.0,0.0,0.0,0.0171,16.0,25903.0
2026-07-30T18:58:56.589Z,106.072,106.08,0.1,7.4,0.0,0.0,0.0,0.0,0.0,0.0,0.0,0.0,1.0,0.0,0.0,0.0,9.0,4.0,0.0,0.0,0.0,0.0,0.0,0.0,0.0,0.0,5.0,12.0,1.0,12.17,5.01,2.51,1.5,-0.7000000000000001,0.9,0.0,2.7,0.0,-0.3,0.1,1.7000000000000002,-55.2,0.0,-15.0,35.800000000000004,0.0,21.3,32.2,32.2,33.0,300.0,300.0,30.6,34.5,31.3,30.8,32.5,4.96,1.99,4.96,0.16,0.0,0.0,1027.0,8228.0,0.0,0.0,0.0,0.0,0.0,1.0,0.0,0.0,0.0,-0.005,0.0,0.0,0.0,2.1,0.0,0.019,16.0,25903.0
2026-07-30T18:58:56.596Z,106.079,106.092,0.1,7.4,0.0,0.0,0.0,0.0,0.0,0.0,0.0,0.0,1.0,0.0,0.0,0.0,9.0,4.0,0.0,0.0,0.0,0.0,0.0,0.0,0.0,0.0,3.0,12.0,1.0,12.17,5.01,2.51,1.5,-0.7000000000000001,1.1,0.0,2.7,0.0,0.2,-0.4,0.0,-53.400000000000006,0.0,-15.0,25.700000000000003,0.0,21.3,32.2,32.2,33.0,300.0,300.0,30.6,34.5,31.3,30.8,32.5,4.96,2.0,4.96,0.16,0.0,0.0,1027.0,8228.0,0.0,0.0,0.0,0.0,0.0,1.0,0.0,0.0,0.0,-0.005,0.0,0.4,0.0,-0.2,0.0,0.0202,16.0,25903.0
2026-07-30T18:58:56.608Z,106.091,106.104,0.0,7.4,0.0,0.0,0.0,0.0,0.0,0.0,0.0,0.0,1.0,0.0,0.0,0.0,9.0,4.0,0.0,0.0,0.0,0.0,0.0,0.0,0.0,0.0,3.0,12.0,1.0,12.17,5.01,2.51,1.5,-0.6000000000000001,1.3,0.0,2.6,0.0,-0.3,0.0,0.0,-50.900000000000006,0.0,-15.0,13.0,0.0,21.3,32.2,32.2,33.0,300.0,300.0,30.6,34.5,31.3,30.8,32.5,4.96,1.99,4.97,0.16,0.0,0.0,1027.0,8228.0,0.0,0.0,0.0,0.0,0.0,1.0,0.0,0.0,0.0,-0.006,0.0,0.2,0.0,-1.2000000000000002,0.0,0.022,16.0,25903.0
2026-07-30T18:58:56.620Z,106.103,106.116,0.0,7.4,0.0,0.0,0.0,0.0,0.0,0.0,0.0,0.0,1.0,0.0,0.0,0.0,9.0,4.0,0.0,0.0,0.0,0.0,0.0,0.0,0.0,0.0,5.0,12.0,1.0,12.17,5.01,2.51,1.5,-0.2,1.4,0.0,2.6,0.0,-1.5,0.0,0.0,-47.6,0.0,-15.0,358.40000000000003,0.0,21.3,32.2,32.2,33.0,300.0,300.0,30.6,34.5,31.3,30.8,32.5,4.96,1.99,4.97,0.16,0.0,0.0,1027.0,8228.0,0.0,0.0,0.0,0.0,0.0,1.0,0.0,0.0,0.0,-0.007,0.0,0.5,0.0,0.0,0.0,0.0267,16.0,25903.0
2026-07-30T18:58:56.632Z,106.115,106.128,0.0,7.4,0.0,0.0,0.0,0.0,0.0,0.0,0.0,0.0,1.0,0.0,0.0,0.0,9.0,4.0,0.0,0.0,0.0,0.0,0.0,0.0,0.0,0.0,6.0,12.0,1.0,12.17,5.01,2.51,1.5,0.2,1.2000000000000002,0.0,2.6,0.0,0.7000000000000001,-0.4,0.0,-43.5,0.0,-16.0,342.8,0.0,21.3,32.2,32.2,33.0,300.0,300.0,30.6,34.5,31.3,30.8,32.5,4.96,1.99,4.96,0.16,0.0,0.0,1027.0,8228.0,0.0,0.0,0.0,0.0,0.0,1.0,0.0,0.0,0.0,-0.008,0.0,-1.0,0.0,0.8,0.0,0.0317,16.0,25903.0
2026-07-30T18:58:56.644Z,106.127,106.14,0.0,7.4,0.0,0.0,0.0,0.0,0.0,0.0,0.0,0.0,1.0,0.0,0.0,0.0,9.0,4.0,0.0,0.0,0.0,0.0,0.0,0.0,0.0,0.0,1.0,12.0,1.0,12.17,5.01,2.51,1.5,0.5,0.9,0.0,2.6,0.0,-0.4,-0.4,-0.6000000000000001,-38.400000000000006,0.0,-16.0,325.1,0.0,21.3,32.2,32.2,33.0,300.0,300.0,30.6,34.5,31.3,30.8,32.5,4.95,1.99,4.97,0.16,0.0,0.0,1027.0,8228.0,0.0,0.0,0.0,0.0,0.0,1.0,0.0,0.0,0.0,-0.009,0.0,1.1,0.0,0.0,0.0,0.0344,16.0,25903.0
2026-07-30T18:58:56.656Z,106.139,106.152,0.0,7.4,0.0,0.0,0.0,0.0,0.0,0.0,0.0,0.0,1.0,0.0,0.0,0.0,9.0,4.0,0.0,0.0,0.0,0.0,0.0,0.0,0.0,0.0,2.0,12.0,1.0,12.17,5.01,2.51,1.5,0.9,0.7000000000000001,0.0,2.6,0.0,0.2,0.1,1.1,-32.300000000000004,0.0,-17.0,305.2,0.0,21.3,32.2,32.2,33.0,300.0,300.0,30.6,34.5,31.3,30.8,32.5,4.95,1.99,4.97,0.16,0.0,0.0,1027.0,8228.0,0.0,0.0,0.0,0.0,0.0,1.0,0.0,0.0,0.0,-0.01,0.0,-1.4,0.0,0.0,0.0,0.0383,16.0,25903.0
2026-07-30T18:58:56.668Z,106.151,106.164,0.0,7.4,0.0,0.0,0.0,0.0,0.0,0.0,0.0,0.0,1.0,0.0,0.0,0.0,9.0,4.0,0.0,0.0,0.0,0.0,0.0,0.0,0.0,0.0,3.0,12.0,1.0,12.17,5.01,2.51,1.5,1.5,0.0,0.0,2.6,0.0,-0.3,0.1,-0.6000000000000001,-25.200000000000003,0.0,-18.0,285.3,0.0,21.3,32.2,32.2,33.0,300.0,300.0,30.6,34.5,31.3,30.8,32.5,4.95,2.0,4.97,0.16,0.0,0.0,1027.0,8228.0,0.0,0.0,0.0,0.0,0.0,1.0,0.0,0.0,0.0,-0.011,0.0,0.6000000000000001,0.0,0.0,0.0,0.0437,16.0,25903.0
2026-07-30T18:58:56.680Z,106.163,106.176,0.0,7.4,0.0,0.0,0.0,0.0,0.0,0.0,0.0,0.0,1.0,0.0,0.0,0.0,9.0,4.0,0.0,0.0,0.0,0.0,0.0,0.0,0.0,0.0,4.0,12.0,1.0,12.17,5.01,2.51,1.5,1.9,-0.6000000000000001,0.0,2.6,0.0,0.2,0.7000000000000001,-1.1,-17.1,0.0,-19.0,262.3,0.0,21.3,32.2,32.2,33.0,300.0,300.0,30.6,34.5,31.3,30.8,32.5,4.96,2.0,4.96,0.16,0.0,0.0,1027.0,8228.0,0.0,0.0,0.0,0.0,0.0,1.0,0.0,0.0,0.0,-0.012,0.0,1.1,0.0,0.0,0.0,0.0444,16.0,25903.0
2026-07-30T18:58:56.692Z,106.175,106.188,0.0,7.4,0.0,0.0,0.0,0.0,0.0,0.0,0.0,0.0,1.0,0.0,0.0,0.0,9.0,4.0,0.0,0.0,0.0,0.0,0.0,0.0,0.0,0.0,5.0,12.0,1.0,12.13,5.01,2.51,1.5,2.1,-1.5,0.0,2.6,0.0,-0.3,0.1,0.6000000000000001,-7.800000000000001,0.0,-20.0,236.5,0.0,21.700000000000003,32.2,32.2,33.0,300.0,300.0,30.6,34.5,31.3,30.8,32.5,4.95,1.99,4.96,0.16,0.0,0.0,1027.0,8228.0,0.0,0.0,0.0,0.0,0.0,1.0,0.0,0.0,0.0,-0.014,0.0,-0.2,0.0,-0.8,0.0,0.0495,16.0,25903.0
2026-07-30T18:58:56.704Z,106.187,106.2,0.0,7.4,0.0,0.0,0.0,0.0,0.0,0.0,0.0,0.0,1.0,0.0,0.0,0.0,9.0,4.0,0.0,0.0,0.0,0.0,0.0,0.0,0.0,0.0,6.0,12.0,1.0,12.13,5.01,2.51,1.5,1.8,-2.1,0.0,2.6,0.0,-0.2,-0.3,0.6000000000000001,2.7,0.0,-21.0,210.3,0.0,21.700000000000003,32.2,32.2,33.0,300.0,300.0,30.6,34.5,31.3,30.8,32.5,4.95,2.0,4.96,0.16,0.0,0.0,1027.0,8228.0,0.0,0.0,0.0,0.0,0.0,1.0,0.0,0.0,0.0,-0.014,0.0,-0.3,0.0,-0.5,0.0,0.0563,16.0,25903.0
2026-07-30T18:58:56.716Z,106.199,106.212,0.0,7.4,0.0,0.0,0.0,0.0,0.0,0.0,0.0,0.0,1.0,0.0,0.0,0.0,9.0,4.0,0.0,0.0,0.0,0.0,0.0,0.0,0.0,0.0,1.0,12.0,1.0,12.13,5.01,2.51,1.5,1.0,-2.4000000000000004,0.0,2.5,0.0,0.8,0.7000000000000001,1.1,14.3,0.0,-22.0,184.8,0.0,21.700000000000003,32.2,32.2,33.0,300.0,300.0,30.6,34.5,31.3,30.8,32.5,4.95,2.0,4.96,0.16,0.0,0.0,1027.0,8228.0,0.0,0.0,0.0,0.0,0.0,1.0,0.0,0.0,0.0,-0.014,0.0,1.4,0.0,-1.3,0.0,0.0592,16.0,25903.0
2026-07-30T18:58:56.728Z,106.211,106.224,0.0,7.4,0.0,0.0,0.0,0.0,0.0,0.0,0.0,0.0,1.0,0.0,0.0,0.0,9.0,4.0,0.0,0.0,0.0,0.0,0.0,0.0,0.0,0.0,2.0,12.0,1.0,12.13,5.01,2.51,1.5,-0.3,-2.1,0.0,2.5,0.0,0.2,-0.4,-0.6000000000000001,5.4,0.0,-23.0,158.5,0.0,21.700000000000003,32.2,32.2,33.0,300.0,300.0,30.6,34.5,31.3,30.8,32.5,4.95,2.0,4.96,0.16,0.0,0.0,1027.0,8228.0,0.0,0.0,0.0,0.0,0.0,1.0,0.0,0.0,0.0,-0.014,0.0,-1.0,0.0,0.2,0.0,0.0581,16.0,25903.0
2026-07-30T18:58:56.740Z,106.223,106.236,0.0,7.4,0.0,0.0,0.0,0.0,0.0,0.0,0.0,0.0,1.0,0.0,0.0,0.0,9.0,4.0,0.0,0.0,0.0,0.0,0.0,0.0,0.0,0.0,4.0,12.0,1.0,12.13,5.01,2.51,1.5,-1.6,-0.9,0.0,2.6,0.0,0.8,-0.4,0.0,-5.5,0.0,-24.0,132.0,0.0,21.700000000000003,32.2,32.2,33.0,300.0,300.0,30.6,34.5,31.3,30.8,32.5,4.95,1.99,4.97,0.16,0.0,0.0,1027.0,8228.0,0.0,0.0,0.0,0.0,0.0,1.0,0.0,0.0,0.0,-0.014,0.0,-0.3,0.0,-0.3,0.0,0.0592,16.0,25903.0
2026-07-30T18:58:56.752Z,106.235,106.248,0.0,7.4,0.0,0.0,0.0,0.0,0.0,0.0,0.0,0.0,1.0,0.0,0.0,0.0,9.0,4.0,0.0,0.0,0.0,0.0,0.0,0.0,0.0,0.0,5.0,12.0,1.0,12.13,5.01,2.51,1.5,-2.4000000000000004,0.3,0.0,2.6,0.0,0.2,0.1,0.5,-13.6,0.0,-25.0,103.9,0.0,21.700000000000003,32.2,32.2,33.0,300.0,300.0,30.6,34.5,31.3,30.8,32.5,4.95,1.99,4.96,0.16,0.0,0.0,1027.0,8228.0,0.0,0.0,0.0,0.0,0.0,1.0,0.0,0.0,0.0,-0.015,0.0,0.6000000000000001,0.0,0.3,0.0,0.0597,16.0,25903.0
2026-07-30T18:58:56.764Z,106.247,106.26,0.0,7.4,0.0,0.0,0.0,0.0,0.0,0.0,0.0,0.0,1.0,0.0,0.0,0.0,9.0,4.0,0.0,0.0,0.0,0.0,0.0,0.0,0.0,0.0,6.0,12.0,1.0,12.13,5.01,2.51,1.5,-2.6,1.5,0.0,2.5,0.0,-0.9,0.1,0.0,-19.0,0.0,-26.0,73.4,0.0,21.700000000000003,32.2,32.2,33.0,300.0,300.0,30.6,34.5,31.3,30.8,32.5,4.96,1.99,4.96,0.16,0.0,0.0,1027.0,8228.0,0.0,0.0,0.0,0.0,0.0,1.0,0.0,0.0,0.0,-0.016,0.0,0.0,0.0,0.1,0.0,0.0626,16.0,25903.0
2026-07-30T18:58:56.776Z,106.259,106.272,0.0,7.4,0.0,0.0,0.0,0.0,0.0,0.0,0.0,0.0,1.0,0.0,0.0,0.0,9.0,4.0,0.0,0.0,0.0,0.0,0.0,0.0,0.0,0.0,2.0,12.0,1.0,12.13,5.01,2.51,1.5,-2.0,2.3000000000000003,0.0,2.5,0.0,-0.2,-1.0,-1.1,-21.9,0.0,-27.0,43.0,0.0,21.700000000000003,32.2,32.2,33.0,300.0,300.0,30.6,34.5,31.3,30.8,32.5,4.95,1.99,4.96,0.16,0.0,0.0,1027.0,8228.0,0.0,0.0,0.0,0.0,0.0,1.0,0.0,0.0,0.0,-0.017,0.0,0.5,0.0,-2.1,0.0,0.0673,16.0,25903.0
2026-07-30T18:58:56.789Z,106.272,106.284,0.0,7.4,0.0,0.0,0.0,0.0,0.0,0.0,0.0,0.0,1.0,0.0,0.0,0.0,9.0,4.0,0.0,0.0,0.0,0.0,0.0,0.0,0.0,0.0,3.0,12.0,1.0,12.18,5.0200000000000005,2.5,1.49,-1.1,2.4000000000000004,0.0,2.5,0.0,-0.3,-1.0,1.1,-22.3,0.0,-28.0,14.5,0.0,21.3,32.2,32.2,32.9,300.0,300.0,30.5,34.5,31.3,30.8,32.5,4.95,1.99,4.96,0.16,0.0,0.0,1027.0,8228.0,0.0,0.0,0.0,0.0,0.0,1.0,0.0,0.0,0.0,-0.016,0.0,0.8,0.0,0.9,0.0,0.069,16.0,25903.0
2026-07-30T18:58:56.800Z,106.283,106.296,0.0,7.4,0.0,0.0,0.0,0.0,0.0,0.0,0.0,0.0,1.0,0.0,0.0,0.0,9.0,4.0,0.0,0.0,0.0,0.0,0.0,0.0,0.0,0.0,4.0,12.0,1.0,12.18,5.0200000000000005,2.5,1.49,-0.1,2.2,0.0,2.5,0.0,-0.2,0.1,0.6000000000000001,-20.8,0.0,-29.0,347.5,0.0,21.3,32.2,32.2,32.9,300.0,300.0,30.5,34.5,31.3,30.8,32.5,4.95,1.99,4.96,0.16,0.0,0.0,1027.0,8228.0,0.0,0.0,0.0,0.0,0.0,1.0,0.0,0.0,0.0,-0.015,0.0,-0.6000000000000001,0.0,0.4,0.0,0.066,16.0,25903.0
2026-07-30T18:58:56.813Z,106.296,106.308,0.0,7.4,0.0,0.0,0.0,0.0,0.0,0.0,0.0,0.0,1.0,0.0,0.0,0.0,9.0,4.0,0.0,0.0,0.0,0.0,0.0,0.0,0.0,0.0,5.0,12.0,1.0,12.18,5.0200000000000005,2.5,1.49,0.9,1.4,0.0,2.4000000000000004,0.0,-0.2,1.2000000000000002,0.0,-17.400000000000002,0.0,-29.0,322.1,0.0,21.3,32.2,32.2,32.9,300.0,300.0,30.5,34.5,31.3,30.8,32.5,4.95,1.99,4.96,0.16,0.0,0.0,1027.0,8228.0,0.0,0.0,0.0,0.0,0.0,1.0,0.0,0.0,0.0,-0.014,0.0,-1.2000000000000002,0.0,-0.8,0.0,0.0628,16.0,25903.0
2026-07-30T18:58:56.824Z,106.307,106.32,0.0,7.4,0.0,0.0,0.0,0.0,0.0,0.0,0.0,0.0,1.0,0.0,0.0,0.0,9.0,4.0,0.0,0.0,0.0,0.0,0.0,0.0,0.0,0.0,6.0,12.0,1.0,12.18,5.0200000000000005,2.5,1.49,1.6,0.5,0.0,2.4000000000000004,0.0,-0.8,-1.0,-0.5,-12.5,0.0,-30.0,296.5,0.0,21.3,32.2,32.2,32.9,300.0,300.0,30.5,34.5,31.3,30.8,32.5,4.95,1.99,4.97,0.16,0.0,0.0,1027.0,8228.0,0.0,0.0,0.0,0.0,0.0,1.0,0.0,0.0,0.0,-0.014,0.0,1.1,0.0,1.1,0.0,0.0589,16.0,25903.0
2026-07-30T18:58:56.837Z,106.32,106.332,0.0,7.4,0.0,0.0,0.0,0.0,0.0,0.0,0.0,0.0,1.0,0.0,0.0,0.0,9.0,4.0,0.0,0.0,0.0,0.0,0.0,0.0,0.0,0.0,1.0,12.0,1.0,12.18,5.0200000000000005,2.5,1.49,1.9,-0.3,0.0,2.4000000000000004,0.0,0.3,-1.6,0.0,-6.0,0.0,-30.0,272.1,0.0,21.3,32.2,32.2,32.9,300.0,300.0,30.5,34.5,31.3,30.8,32.5,4.96,1.99,4.96,0.16,0.0,0.0,1027.0,8228.0,0.0,0.0,0.0,0.0,0.0,1.0,0.0,0.0,0.0,-0.014,0.0,0.0,0.0,1.7000000000000002,0.0,0.0583,16.0,25903.0
2026-07-30T18:58:56.848Z,106.331,106.344,0.0,7.4,0.0,0.0,0.0,0.0,0.0,0.0,0.0,0.0,1.0,0.0,0.0,0.0,9.0,4.0,0.0,0.0,0.0,0.0,0.0,0.0,0.0,0.0,2.0,12.0,1.0,12.18,5.0200000000000005,2.5,1.49,1.9,-1.0,0.0,2.4000000000000004,0.0,0.3,-0.4,-1.0,1.5,0.0,-30.0,251.4,0.0,21.3,32.2,32.2,32.9,300.0,300.0,30.5,34.5,31.3,30.8,32.5,4.96,1.99,4.97,0.15,0.0,0.0,1027.0,8228.0,0.0,0.0,0.0,0.0,0.0,1.0,0.0,0.0,0.0,-0.012,0.0,0.6000000000000001,0.0,1.4,0.0,0.0566,16.0,25903.0
2026-07-30T18:58:56.860Z,106.343,106.356,0.0,7.4,0.0,0.0,0.0,0.0,0.0,0.0,0.0,0.0,1.0,0.0,0.0,0.0,9.0,4.0,0.0,0.0,0.0,0.0,0.0,0.0,0.0,0.0,3.0,12.0,1.0,12.18,5.0200000000000005,2.5,1.49,1.6,-1.5,0.0,2.4000000000000004,0.0,-0.2,0.1,0.1,10.2,0.0,-30.0,228.2,0.0,21.3,32.2,32.2,32.9,300.0,300.0,30.5,34.5,31.3,30.8,32.5,4.95,1.99,4.97,0.16,0.0,0.0,1027.0,8228.0,0.0,0.0,0.0,0.0,0.0,1.0,0.0,0.0,0.0,-0.012,0.0,0.0,0.0,-0.2,0.0,0.0496,16.0,25903.0
2026-07-30T18:58:56.873Z,106.356,106.368,0.0,7.4,0.0,0.0,0.0,0.0,0.0,0.0,0.0,0.0,1.0,0.0,0.0,0.0,9.0,4.0,0.0,0.0,0.0,0.0,0.0,0.0,0.0,0.0,4.0,12.0,1.0,12.18,5.0200000000000005,2.5,1.49,1.2000000000000002,-1.6,0.0,2.4000000000000004,0.0,-0.2,-1.1,1.2000000000000002,19.8,0.0,-30.0,207.7,0.0,21.3,32.2,32.2,32.9,300.0,300.0,30.5,34.5,31.3,30.8,32.5,4.95,1.99,4.97,0.16,0.0,0.0,1027.0,8228.0,0.0,0.0,0.0,0.0,0.0,1.0,0.0,0.0,0.0,-0.011,0.0,-1.0,0.0,-0.8,0.0,0.0501,16.0,25903.0
2026-07-30T18:58:56.886Z,106.369,106.38,0.0,7.4,0.0,0.0,0.0,0.0,0.0,0.0,0.0,0.0,1.0,0.0,0.0,0.0,9.0,4.0,0.0,0.0,0.0,0.0,0.0,0.0,0.0,0.0,5.0,12.0,1.0,12.18,5.0200000000000005,2.5,1.49,0.7000000000000001,-1.6,0.0,2.3000000000000003,0.0,-0.2,-1.1,0.1,30.1,0.0,-30.0,190.0,0.0,21.3,32.2,32.2,32.9,300.0,300.0,30.5,34.5,31.3,30.8,32.5,4.96,1.99,4.96,0.16,0.0,0.0,1027.0,8228.0,0.0,0.0,0.0,0.0,0.0,1.0,0.0,0.0,0.0,-0.01,0.0,-1.2000000000000002,0.0,0.1,0.0,0.0479,16.0,25903.0
2026-07-30T18:58:56.902Z,106.385,106.392,0.0,7.4,0.0,0.0,0.0,0.0,0.0,0.0,0.0,0.0,1.0,0.0,0.0,0.0,9.0,4.0,0.0,0.0,0.0,0.0,0.0,0.0,0.0,0.0,5.0,12.0,1.0,12.13,5.01,2.51,1.49,0.1,-1.4,0.0,2.4000000000000004,0.0,-0.3,-1.1,0.0,29.6,0.0,-29.0,172.60000000000002,0.0,21.700000000000003,32.2,32.2,32.9,300.0,300.0,30.5,34.5,31.3,30.8,32.5,4.96,1.99,4.97,0.16,0.0,0.0,1027.0,8228.0,0.0,0.0,0.0,0.0,0.0,1.0,0.0,0.0,0.0,-0.009,0.0,-1.3,0.0,-0.1,0.0,0.0424,16.0,25903.0
2026-07-30T18:58:56.908Z,106.391,106.404,0.0,7.4,0.0,0.0,0.0,0.0,0.0,0.0,0.0,0.0,1.0,0.0,0.0,0.0,9.0,4.0,0.0,0.0,0.0,0.0,0.0,0.0,0.0,0.0,4.0,12.0,1.0,12.13,5.01,2.51,1.49,-0.3,-1.1,0.0,2.4000000000000004,0.0,-0.9,-0.5,-1.1,15.5,0.0,-29.0,155.60000000000002,0.0,21.700000000000003,32.2,32.2,32.9,300.0,300.0,30.5,34.5,31.3,30.8,32.5,4.95,1.99,4.97,0.16,0.0,0.0,1027.0,8228.0,0.0,0.0,0.0,0.0,0.0,1.0,0.0,0.0,0.0,-0.009,0.0,-1.6,0.0,0.5,0.0,0.0397,16.0,25903.0
2026-07-30T18:58:56.920Z,106.403,106.416,0.0,7.4,0.0,0.0,0.0,0.0,0.0,0.0,0.0,0.0,1.0,0.0,0.0,0.0,9.0,4.0,0.0,0.0,0.0,0.0,0.0,0.0,0.0,0.0,5.0,12.0,1.0,12.13,5.01,2.51,1.49,-0.7000000000000001,-0.7000000000000001,0.0,2.3000000000000003,0.0,0.2,0.5,1.2000000000000002,3.7,0.0,-28.0,139.4,0.0,21.700000000000003,32.2,32.2,32.9,300.0,300.0,30.5,34.5,31.3,30.8,32.5,4.96,1.99,4.96,0.16,0.0,0.0,1027.0,8228.0,0.0,0.0,0.0,0.0,0.0,1.0,0.0,0.0,0.0,-0.009,0.0,1.8,0.0,0.0,0.0,0.039,16.0,25903.0
2026-07-30T18:58:56.932Z,106.415,106.428,0.0,7.4,0.0,0.0,0.0,0.0,0.0,0.0,0.0,0.0,1.0,0.0,0.0,0.0,9.0,4.0,0.0,0.0,0.0,0.0,0.0,0.0,0.0,0.0,6.0,12.0,1.0,12.13,5.01,2.51,1.49,-1.1,-0.2,0.0,2.3000000000000003,0.0,0.2,-0.6000000000000001,-1.2000000000000002,-6.1000000000000005,0.0,-28.0,122.6,0.0,21.700000000000003,32.2,32.2,32.9,300.0,300.0,30.5,34.5,31.3,30.8,32.5,4.95,1.99,4.97,0.16,0.0,0.0,1027.0,8228.0,0.0,0.0,0.0,0.0,0.0,1.0,0.0,0.0,0.0,-0.009,0.0,-1.7000000000000002,0.0,-0.5,0.0,0.0373,16.0,25903.0
2026-07-30T18:58:56.944Z,106.427,106.44,0.0,7.4,0.0,0.0,0.0,0.0,0.0,0.0,0.0,0.0,1.0,0.0,0.0,0.0,9.0,4.0,0.0,0.0,0.0,0.0,0.0,0.0,0.0,0.0,1.0,12.0,1.0,12.13,5.01,2.51,1.49,-1.3,0.2,0.0,2.4000000000000004,0.0,-0.9,0.0,-0.6000000000000001,-13.9,0.0,-28.0,105.9,0.0,21.700000000000003,32.2,32.2,32.9,300.0,300.0,30.5,34.5,31.3,30.8,32.5,4.95,2.0,4.96,0.16,0.0,0.0,1027.0,8228.0,0.0,0.0,0.0,0.0,0.0,1.0,0.0,0.0,0.0,-0.009,0.0,-0.7000000000000001,0.0,-0.2,0.0,0.0377,16.0,25903.0
2026-07-30T18:58:56.956Z,106.439,106.452,0.0,7.4,0.0,0.0,0.0,0.0,0.0,0.0,0.0,0.0,1.0,0.0,0.0,0.0,9.0,4.0,0.0,0.0,0.0,0.0,0.0,0.0,0.0,0.0,2.0,12.0,1.0,12.13,5.01,2.51,1.49,-1.4,0.5,0.0,2.3000000000000003,0.0,-0.3,-0.6000000000000001,-1.3,-20.0,0.0,-27.0,90.2,0.0,21.700000000000003,32.2,32.2,32.9,300.0,300.0,30.5,34.5,31.3,30.8,32.5,4.96,1.99,4.96,0.16,0.0,0.0,1027.0,8228.0,0.0,0.0,0.0,0.0,0.0,1.0,0.0,0.0,0.0,-0.009,0.0,-1.3,0.0,-1.5,0.0,0.0381,16.0,25903.0
2026-07-30T18:58:56.968Z,106.451,106.464,0.0,7.4,0.0,0.0,0.0,0.0,0.0,0.0,0.0,0.0,1.0,0.0,0.0,0.0,9.0,4.0,0.0,0.0,0.0,0.0,0.0,0.0,0.0,0.0,3.0,12.0,1.0,12.13,5.01,2.51,1.49,-1.2000000000000002,0.6000000000000001,0.0,2.3000000000000003,0.0,-0.3,0.5,-0.1,-24.6,0.0,-27.0,75.7,0.0,21.700000000000003,32.2,32.2,32.9,300.0,300.0,30.5,34.5,31.3,30.8,32.5,4.95,1.99,4.96,0.16,0.0,0.0,1027.0,8228.0,0.0,0.0,0.0,0.0,0.0,1.0,0.0,0.0,0.0,-0.008,0.0,-0.2,0.0,0.4,0.0,0.0363,16.0,25903.0
2026-07-30T18:58:56.980Z,106.463,106.476,0.0,7.4,0.0,0.0,0.0,0.0,0.0,0.0,0.0,0.0,1.0,0.0,0.0,0.0,9.0,4.0,0.0,0.0,0.0,0.0,0.0,0.0,0.0,0.0,4.0,12.0,1.0,12.13,5.01,2.51,1.49,-1.1,0.8,0.0,2.3000000000000003,0.0,0.8,0.5,-0.1,-27.8,0.0,-26.0,62.400000000000006,0.0,21.700000000000003,32.2,32.2,32.9,300.0,300.0,30.5,34.5,31.3,30.8,32.5,4.95,1.99,4.97,0.16,0.0,0.0,1027.0,8228.0,0.0,0.0,0.0,0.0,0.0,1.0,0.0,0.0,0.0,-0.007,0.0,-0.4,0.0,0.4,0.0,0.0339,16.0,25903.0
2026-07-30T18:58:56.992Z,106.475,106.488,0.0,7.4,0.0,0.0,0.0,0.0,0.0,0.0,0.0,0.0,1.0,0.0,0.0,0.0,9.0,4.0,0.0,0.0,0.0,0.0,0.0,0.0,0.0,0.0,5.0,12.0,1.0,12.18,5.01,2.5,1.49,-0.9,0.9,0.0,2.3000000000000003,0.0,0.2,1.1,-0.1,-29.9,0.0,-25.0,50.6,0.0,21.8,32.2,32.2,32.9,300.0,300.0,30.700000000000003,34.6,31.3,30.8,32.5,4.95,2.0,4.96,0.16,0.0,0.0,1027.0,8228.0,0.0,0.0,0.0,0.0,0.0,1.0,0.0,0.0,0.0,-0.007,0.0,-0.8,0.0,0.8,0.0,0.0313,16.0,25903.0
2026-07-30T18:58:57.004Z,106.487,106.5,0.0,7.4,0.0,0.0,0.0,0.0,0.0,0.0,0.0,0.0,1.0,0.0,0.0,0.0,9.0,4.0,0.0,0.0,0.0,0.0,0.0,0.0,0.0,0.0,6.0,12.0,1.0,12.18,5.01,2.5,1.49,-0.6000000000000001,0.7000000000000001,0.0,2.2,0.0,1.4,0.5,-0.6000000000000001,-31.0,0.0,-25.0,40.5,0.0,21.8,32.2,32.2,32.9,300.0,300.0,30.700000000000003,34.6,31.3,30.8,32.5,4.95,1.99,4.96,0.16,0.0,0.0,1027.0,8228.0,0.0,0.0,0.0,0.0,0.0,1.0,0.0,0.0,0.0,-0.006,0.0,-0.6000000000000001,0.0,-0.3,0.0,0.0281,16.0,25903.0
2026-07-30T18:58:57.016Z,106.499,106.512,0.0,7.4,0.0,0.0,0.0,0.0,0.0,0.0,0.0,0.0,1.0,0.0,0.0,0.0,9.0,4.0,0.0,0.0,0.0,0.0,0.0,0.0,0.0,0.0,2.0,12.0,1.0,12.18,5.01,2.5,1.49,-0.5,0.8,0.0,2.3000000000000003,0.0,-0.8,-0.6000000000000001,0.5,-31.4,0.0,-24.0,32.0,0.0,21.8,32.2,32.2,32.9,300.0,300.0,30.700000000000003,34.6,31.3,30.8,32.5,4.95,1.99,4.97,0.16,0.0,0.0,1027.0,8228.0,0.0,0.0,0.0,0.0,0.0,1.0,0.0,0.0,0.0,-0.005,0.0,0.6000000000000001,0.0,0.2,0.0,0.0244,16.0,25903.0
2026-07-30T18:58:57.028Z,106.511,106.524,0.0,7.4,0.0,0.0,0.0,0.0,0.0,0.0,0.0,0.0,1.0,0.0,0.0,0.0,9.0,4.0,0.0,0.0,0.0,0.0,0.0,0.0,0.0,0.0,3.0,12.0,1.0,12.18,5.01,2.5,1.49,-0.4,0.7000000000000001,0.0,2.3000000000000003,0.0,-0.3,0.5,0.4,-31.1,0.0,-23.0,24.200000000000003,0.0,21.8,32.2,32.2,32.9,300.0,300.0,30.700000000000003,34.6,31.3,30.8,32.5,4.96,2.0,4.96,0.16,0.0,0.0,1027.0,8228.0,0.0,0.0,0.0,0.0,0.0,1.0,0.0,0.0,0.0,-0.004,0.0,-0.6000000000000001,0.0,0.8,0.0,0.0206,16.0,25903.0
2026-07-30T18:58:57.040Z,106.523,106.536,0.0,7.4,0.0,0.0,0.0,0.0,0.0,0.0,0.0,0.0,1.0,0.0,0.0,0.0,9.0,4.0,0.0,0.0,0.0,0.0,0.0,0.0,0.0,0.0,5.0,12.0,1.0,12.18,5.01,2.5,1.49,-0.3,0.7000000000000001,0.0,2.2,0.0,-0.2,0.0,0.0,-30.4,0.0,-22.0,17.1,0.0,21.8,32.2,32.2,32.9,300.0,300.0,30.700000000000003,34.6,31.3,30.8,32.5,4.96,2.0,4.96,0.16,0.0,0.0,1027.0,8228.0,0.0,0.0,0.0,0.0,0.0,1.0,0.0,0.0,0.0,-0.004,0.0,0.0,0.0,0.0,0.0,0.0183,16.0,25903.0
2026-07-30T18:58:57.052Z,106.535,106.548,0.0,7.4,0.0,0.0,0.0,0.0,0.0,0.0,0.0,0.0,1.0,0.0,0.0,0.0,9.0,4.0,0.0,0.0,0.0,0.0,0.0,0.0,0.0,0.0,6.0,12.0,1.0,12.18,5.01,2.5,1.49,-0.1,0.6000000000000001,0.0,2.2,0.0,0.2,0.5,1.0,-29.1,0.0,-21.0,10.4,0.0,21.8,32.2,32.2,32.9,300.0,300.0,30.700000000000003,34.6,31.3,30.8,32.5,4.95,1.99,4.96,0.16,0.0,0.0,1027.0,8228.0,0.0,0.0,0.0,0.0,0.0,1.0,0.0,0.0,0.0,-0.003,0.0,-1.0,0.0,1.2000000000000002,0.0,0.0167,16.0,25903.0
2026-07-30T18:58:57.064Z,106.547,106.56,0.0,7.4,0.0,0.0,0.0,0.0,0.0,0.0,0.0,0.0,1.0,0.0,0.0,0.0,9.0,4.0,0.0,0.0,0.0,0.0,0.0,0.0,0.0,0.0,1.0,12.0,1.0,12.18,5.01,2.5,1.49,-0.2,0.6000000000000001,0.0,2.2,0.0,0.2,-0.6000000000000001,-1.2000000000000002,-27.5,0.0,-20.0,4.0,0.0,21.8,32.2,32.2,32.9,300.0,300.0,30.700000000000003,34.6,31.3,30.8,32.5,4.95,1.99,4.97,0.16,0.0,0.0,1027.0,8228.0,0.0,0.0,0.0,0.0,0.0,1.0,0.0,0.0,0.0,-0.003,0.0,1.3,0.0,-1.3,0.0,0.0155,16.0,25903.0
2026-07-30T18:58:57.076Z,106.559,106.572,0.0,7.4,0.0,0.0,0.0,0.0,0.0,0.0,0.0,0.0,1.0,0.0,0.0,0.0,9.0,4.0,0.0,0.0,0.0,0.0,0.0,0.0,0.0,0.0,2.0,12.0,1.0,12.18,5.01,2.5,1.49,-0.1,0.4,0.0,2.2,0.0,0.2,-0.6000000000000001,1.6,-25.6,0.0,-19.0,358.6,0.0,21.8,32.2,32.2,32.9,300.0,300.0,30.700000000000003,34.6,31.3,30.8,32.5,4.96,2.0,4.96,0.16,0.0,0.0,1027.0,8228.0,0.0,0.0,0.0,0.0,0.0,1.0,0.0,0.0,0.0,-0.003,0.0,-0.2,0.0,1.6,0.0,0.0148,16.0,25903.0
2026-07-30T18:58:57.088Z,106.571,106.584,0.0,7.4,0.0,0.0,0.0,0.0,0.0,0.0,0.0,0.0,1.0,0.0,0.0,0.0,9.0,4.0,0.0,0.0,0.0,0.0,0.0,0.0,0.0,0.0,3.0,12.0,1.0,12.18,5.01,2.5,1.49,0.0,0.3,0.0,2.2,0.0,0.2,0.0,-0.7000000000000001,-23.5,0.0,-18.0,354.1,0.0,21.8,32.2,32.2,32.9,300.0,300.0,30.700000000000003,34.6,31.3,30.8,32.5,4.96,1.99,4.97,0.16,0.0,0.0,1027.0,8228.0,0.0,0.0,0.0,0.0,0.0,1.0,0.0,0.0,0.0,-0.002,0.0,0.5,0.0,-0.6000000000000001,0.0,0.0131,16.0,25903.0
2026-07-30T18:58:57.100Z,106.583,106.596,0.0,7.4,0.0,0.0,0.0,0.0,0.0,0.0,0.0,0.0,1.0,0.0,0.0,0.0,9.0,4.0,0.0,0.0,0.0,0.0,0.0,0.0,0.0,0.0,4.0,12.0,1.0,12.17,5.0200000000000005,2.5,1.49,0.0,0.4,0.0,2.2,0.0,0.2,1.7000000000000002,-0.1,-21.200000000000003,0.0,-17.0,350.3,0.0,21.4,32.2,32.2,32.9,300.0,300.0,30.6,34.6,31.3,30.8,32.5,4.95,1.99,4.97,0.16,0.0,0.0,1027.0,8228.0,0.0,0.0,0.0,0.0,0.0,1.0,0.0,0.0,0.0,-0.002,0.0,-1.8,0.0,-0.4,0.0,0.0108,16.0,25903.0
2026-07-30T18:58:57.113Z,106.596,106.608,0.0,7.4,0.0,0.0,0.0,0.0,0.0,0.0,0.0,0.0,1.0,0.0,0.0,0.0,9.0,4.0,0.0,0.0,0.0,0.0,0.0,0.0,0.0,0.0,5.0,12.0,1.0,12.17,5.0200000000000005,2.5,1.49,0.0,0.2,0.0,2.1,0.0,0.8,-0.5,-0.1,-18.9,0.0,-16.0,347.5,0.0,21.4,32.2,32.2,32.9,300.0,300.0,30.6,34.6,31.3,30.8,32.5,4.96,1.99,4.97,0.16,0.0,0.0,1027.0,8228.0,0.0,0.0,0.0,0.0,0.0,1.0,0.0,0.0,0.0,-0.001,0.0,0.8,0.0,0.0,0.0,0.0092,16.0,25903.0
2026-07-30T18:58:57.124Z,106.607,106.62,0.0,7.4,0.0,0.0,0.0,0.0,0.0,0.0,0.0,0.0,1.0,0.0,0.0,0.0,9.0,4.0,0.0,0.0,0.0,0.0,0.0,0.0,0.0,0.0,6.0,12.0,1.0,12.17,5.0200000000000005,2.5,1.49,0.0,0.0,0.0,2.2,0.0,0.2,-1.1,-0.7000000000000001,-16.5,0.0,-15.0,345.90000000000003,0.0,21.4,32.2,32.2,32.9,300.0,300.0,30.6,34.6,31.3,30.8,32.5,4.95,1.99,4.96,0.16,0.0,0.0,1027.0,8228.0,0.0,0.0,0.0,0.0,0.0,1.0,0.0,0.0,0.0,-0.001,0.0,0.4,0.0,1.1,0.0,0.0073,16.0,25903.0
2026-07-30T18:58:57.136Z,106.619,106.632,0.0,7.4,0.0,0.0,0.0,0.0,0.0,0.0,0.0,0.0,1.0,0.0,0.0,0.0,9.0,4.0,0.0,0.0,0.0,0.0,0.0,0.0,0.0,0.0,2.0,12.0,1.0,12.17,5.0200000000000005,2.5,1.49,0.0,0.0,0.0,2.1,0.0,0.2,0.0,-0.7000000000000001,-14.3,0.0,-14.0,345.70000000000005,0.0,21.4,32.2,32.2,32.9,300.0,300.0,30.6,34.6,31.3,30.8,32.5,4.95,1.99,4.97,0.16,0.0,0.0,1027.0,8228.0,0.0,0.0,0.0,0.0,0.0,1.0,0.0,0.0,0.0,0.0,0.0,-2.1,0.0,0.4,0.0,0.0046,16.0,25903.0
2026-07-30T18:58:57.148Z,106.631,106.644,0.0,7.4,0.0,0.0,0.0,0.0,0.0,0.0,0.0,0.0,1.0,0.0,0.0,0.0,9.0,4.0,0.0,0.0,0.0,0.0,0.0,0.0,0.0,0.0,3.0,12.0,1.0,12.17,5.0200000000000005,2.5,1.49,0.0,0.0,0.0,2.1,0.0,-0.3,-0.5,-0.7000000000000001,-12.3,0.0,-13.0,346.90000000000003,0.0,21.4,32.2,32.2,32.9,300.0,300.0,30.6,34.6,31.3,30.8,32.5,4.95,2.0,4.97,0.16,0.0,0.0,1027.0,8228.0,0.0,0.0,0.0,0.0,0.0,1.0,0.0,0.0,0.0,0.0,0.0,-1.4,0.0,0.6000000000000001,0.0,0.0016,16.0,25903.0
2026-07-30T18:58:57.160Z,106.643,106.656,0.0,7.4,0.0,0.0,0.0,0.0,0.0,0.0,0.0,0.0,1.0,0.0,0.0,0.0,9.0,4.0,0.0,0.0,0.0,0.0,0.0,0.0,0.0,0.0,4.0,12.0,1.0,12.17,5.0200000000000005,2.5,1.49,0.0,0.0,0.0,2.1,0.0,0.8,-0.5,-0.7000000000000001,-10.5,0.0,-12.0,348.5,0.0,21.4,32.2,32.2,32.9,300.0,300.0,30.6,34.6,31.3,30.8,32.5,4.96,2.0,4.96,0.16,0.0,0.0,1027.0,8228.0,0.0,0.0,0.0,0.0,0.0,1.0,0.0,0.0,0.0,0.0,0.0,1.1,0.0,-0.4,0.0,0.0015,16.0,25903.0
2026-07-30T18:58:57.172Z,106.655,106.668,0.0,7.4,0.0,0.0,0.0,0.0,0.0,0.0,0.0,0.0,1.0,0.0,0.0,0.0,9.0,4.0,0.0,0.0,0.0,0.0,0.0,0.0,0.0,0.0,5.0,12.0,1.0,12.17,5.0200000000000005,2.5,1.49,0.0,0.0,0.0,2.1,0.0,-0.9,-0.5,-1.2000000000000002,-8.9,0.0,-11.0,349.70000000000005,0.0,21.4,32.2,32.2,32.9,300.0,300.0,30.6,34.6,31.3,30.8,32.5,4.95,1.99,4.97,0.16,0.0,0.0,1027.0,8228.0,0.0,0.0,0.0,0.0,0.0,1.0,0.0,0.0,0.0,0.0,0.0,1.5,0.0,-0.9,0.0,0.0031,16.0,25903.0
2026-07-30T18:58:57.184Z,106.667,106.68,0.0,7.4,0.0,0.0,0.0,0.0,0.0,0.0,0.0,0.0,1.0,0.0,0.0,0.0,9.0,4.0,0.0,0.0,0.0,0.0,0.0,0.0,0.0,0.0,6.0,12.0,1.0,12.17,5.0200000000000005,2.5,1.49,0.0,0.0,0.0,2.1,0.0,-0.3,0.6000000000000001,1.1,-7.5,0.0,-10.0,350.6,0.0,21.4,32.2,32.2,32.9,300.0,300.0,30.6,34.6,31.3,30.8,32.5,4.95,1.99,4.96,0.16,0.0,0.0,1027.0,8228.0,0.0,0.0,0.0,0.0,0.0,1.0,0.0,0.0,0.0,0.0,0.0,-1.5,0.0,0.9,0.0,0.0031,16.0,25903.0
2026-07-30T18:58:57.197Z,106.68,106.692,0.0,7.4,0.0,0.0,0.0,0.0,0.0,0.0,0.0,0.0,1.0,0.0,0.0,0.0,9.0,4.0,0.0,0.0,0.0,0.0,0.0,0.0,0.0,0.0,1.0,12.0,1.0,12.18,5.0200000000000005,2.51,1.49,0.0,0.0,0.0,2.1,0.0,-0.3,0.0,0.0,-6.300000000000001,0.0,-9.0,350.6,0.0,21.4,32.2,32.2,32.9,300.0,300.0,30.5,34.6,31.3,30.8,32.5,4.96,1.99,4.96,0.16,0.0,0.0,1027.0,8228.0,0.0,0.0,0.0,0.0,0.0,1.0,0.0,0.0,0.0,0.0,0.0,0.0,0.0,0.0,0.0,0.0023,16.0,25903.0
2026-07-30T18:58:57.213Z,106.696,106.704,0.0,7.4,0.0,0.0,0.0,0.0,0.0,0.0,0.0,0.0,1.0,0.0,0.0,0.0,9.0,4.0,0.0,0.0,0.0,0.0,0.0,0.0,0.0,0.0,1.0,12.0,1.0,12.18,5.0200000000000005,2.51,1.49,0.0,0.2,0.0,2.1,0.0,-0.3,-1.1,0.5,-5.1000000000000005,0.0,-8.0,349.5,0.0,21.4,32.2,32.2,32.9,300.0,300.0,30.5,34.6,31.3,30.8,32.5,4.95,1.99,4.96,0.16,0.0,0.0,1027.0,8228.0,0.0,0.0,0.0,0.0,0.0,1.0,0.0,0.0,0.0,0.0,0.0,0.8,0.0,0.7000000000000001,0.0,0.0006,16.0,25903.0
2026-07-30T18:58:57.220Z,106.703,106.716,0.0,7.4,0.0,0.0,0.0,0.0,0.0,0.0,0.0,0.0,1.0,0.0,0.0,0.0,9.0,4.0,0.0,0.0,0.0,0.0,0.0,0.0,0.0,0.0,6.0,12.0,1.0,12.18,5.0200000000000005,2.51,1.49,0.0,0.0,0.0,2.1,0.0,0.8,-0.5,1.6,-3.9,0.0,-8.0,348.20000000000005,0.0,21.4,32.2,32.2,32.9,300.0,300.0,30.5,34.6,31.3,30.8,32.5,4.95,1.99,4.97,0.16,0.0,0.0,1027.0,8228.0,0.0,0.0,0.0,0.0,0.0,1.0,0.0,0.0,0.0,0.0,0.0,-0.6000000000000001,0.0,1.5,0.0,0.0014,16.0,25903.0
2026-07-30T18:58:57.232Z,106.715,106.728,0.0,7.4,0.0,0.0,0.0,0.0,0.0,0.0,0.0,0.0,1.0,0.0,0.0,0.0,9.0,4.0,0.0,0.0,0.0,0.0,0.0,0.0,0.0,0.0,1.0,12.0,1.0,12.18,5.0200000000000005,2.51,1.49,0.0,0.1,0.0,2.1,0.0,0.8,-0.5,-0.5,-2.7,0.0,-7.0,346.90000000000003,0.0,21.4,32.2,32.2,32.9,300.0,300.0,30.5,34.6,31.3,30.8,32.5,4.95,2.0,4.96,0.16,0.0,0.0,1027.0,8228.0,0.0,0.0,0.0,0.0,0.0,1.0,0.0,0.0,0.0,0.0,0.0,1.1,0.0,-0.3,0.0,0.0026,16.0,25903.0
2026-07-30T18:58:57.244Z,106.727,106.74,0.0,7.4,0.0,0.0,0.0,0.0,0.0,0.0,0.0,0.0,1.0,0.0,0.0,0.0,9.0,4.0,0.0,0.0,0.0,0.0,0.0,0.0,0.0,0.0,3.0,12.0,1.0,12.18,5.0200000000000005,2.51,1.49,0.0,0.1,0.0,2.1,0.0,-2.0,-0.5,-0.5,-1.5,0.0,-7.0,345.8,0.0,21.4,32.2,32.2,32.9,300.0,300.0,30.5,34.6,31.3,30.8,32.5,4.96,1.99,4.96,0.15,0.0,0.0,1027.0,8228.0,0.0,0.0,0.0,0.0,0.0,1.0,0.0,0.0,0.0,0.0,0.0,1.0,0.0,-0.2,0.0,0.003,16.0,25903.0
2026-07-30T18:58:57.256Z,106.739,106.752,0.0,7.4,0.0,0.0,0.0,0.0,0.0,0.0,0.0,0.0,1.0,0.0,0.0,0.0,9.0,4.0,0.0,0.0,0.0,0.0,0.0,0.0,0.0,0.0,4.0,12.0,1.0,12.18,5.0200000000000005,2.51,1.49,0.0,0.1,0.0,2.1,0.0,-0.2,0.0,-0.5,-0.4,0.0,-6.0,345.0,0.0,21.4,32.2,32.2,32.9,300.0,300.0,30.5,34.6,31.3,30.8,32.5,4.95,1.99,4.97,0.16,0.0,0.0,1027.0,8228.0,0.0,0.0,0.0,0.0,0.0,1.0,0.0,0.0,0.0,0.0,0.0,0.4,0.0,-0.4,0.0,0.0025,16.0,25903.0
2026-07-30T18:58:57.268Z,106.751,106.764,0.0,7.4,0.0,0.0,0.0,0.0,0.0,0.0,0.0,0.0,1.0,0.0,0.0,0.0,9.0,4.0,0.0,0.0,0.0,0.0,0.0,0.0,0.0,0.0,5.0,12.0,1.0,12.18,5.0200000000000005,2.51,1.49,0.0,0.0,0.0,2.1,0.0,0.9,-0.5,1.1,0.7000000000000001,0.0,-6.0,344.3,0.0,21.4,32.2,32.2,32.9,300.0,300.0,30.5,34.6,31.3,30.8,32.5,4.96,1.99,4.97,0.16,0.0,0.0,1027.0,8228.0,0.0,0.0,0.0,0.0,0.0,1.0,0.0,0.0,0.0,0.0,0.0,-0.3,0.0,1.1,0.0,0.0021,16.0,25903.0
2026-07-30T18:58:57.280Z,106.763,106.776,0.0,7.4,0.0,0.0,0.0,0.0,0.0,0.0,0.0,0.0,1.0,0.0,0.0,0.0,9.0,4.0,0.0,0.0,0.0,0.0,0.0,0.0,0.0,0.0,6.0,12.0,1.0,12.18,5.0200000000000005,2.51,1.49,0.0,0.1,0.0,2.1,0.0,-0.2,1.1,-0.5,1.8,0.0,-6.0,343.8,0.0,21.4,32.2,32.2,32.9,300.0,300.0,30.5,34.6,31.3,30.8,32.5,4.96,1.99,4.96,0.16,0.0,0.0,1027.0,8228.0,0.0,0.0,0.0,0.0,0.0,1.0,0.0,0.0,0.0,0.0,0.0,-0.8,0.0,-0.8,0.0,0.0017,16.0,25903.0
2026-07-30T18:58:57.292Z,106.775,106.788,0.0,7.4,0.0,0.0,0.0,0.0,0.0,0.0,0.0,0.0,1.0,0.0,0.0,0.0,9.0,4.0,0.0,0.0,0.0,0.0,0.0,0.0,0.0,0.0,1.0,12.0,1.0,12.18,5.0200000000000005,2.51,1.49,0.0,0.0,0.0,2.1,0.0,-0.2,-0.5,-1.1,2.9000000000000004,0.0,-5.0,343.1,0.0,21.4,32.2,32.2,32.9,300.0,300.0,30.5,34.6,31.3,30.8,32.5,4.95,1.99,4.96,0.16,0.0,0.0,1027.0,8228.0,0.0,0.0,0.0,0.0,0.0,1.0,0.0,0.0,0.0,0.0,0.0,1.5,0.0,-0.7000000000000001,0.0,0.0013,16.0,25903.0
2026-07-30T18:58:57.304Z,106.787,106.8,0.0,7.4,0.0,0.0,0.0,0.0,0.0,0.0,0.0,0.0,1.0,0.0,0.0,0.0,9.0,4.0,0.0,0.0,0.0,0.0,0.0,0.0,0.0,0.0,2.0,12.0,1.0,12.17,5.0200000000000005,2.5,1.5,0.0,0.1,0.0,2.0,0.0,-0.2,-0.4,-0.5,4.0,0.0,-5.0,342.0,0.0,21.3,32.2,32.1,32.9,300.0,300.0,30.5,34.5,31.3,30.700000000000003,32.5,4.95,1.99,4.96,0.16,0.0,0.0,1027.0,8228.0,0.0,0.0,0.0,0.0,0.0,1.0,0.0,0.0,0.0,0.0,0.0,1.0,0.0,-0.2,0.0,0.0015,16.0,25903.0
2026-07-30T18:58:57.316Z,106.799,106.812,0.0,7.4,0.0,0.0,0.0,0.0,0.0,0.0,0.0,0.0,1.0,0.0,0.0,0.0,9.0,4.0,0.0,0.0,0.0,0.0,0.0,0.0,0.0,0.0,4.0,12.0,1.0,12.17,5.0200000000000005,2.5,1.5,0.0,0.2,0.0,2.0,0.0,-0.2,-1.0,1.7000000000000002,5.0,0.0,-5.0,340.5,0.0,21.3,32.2,32.1,32.9,300.0,300.0,30.5,34.5,31.3,30.700000000000003,32.5,4.96,1.99,4.96,0.16,0.0,0.0,1027.0,8228.0,0.0,0.0,0.0,0.0,0.0,1.0,0.0,0.0,0.0,0.0,0.0,-0.3,0.0,1.7000000000000002,0.0,0.0021,16.0,25903.0
2026-07-30T18:58:57.328Z,106.811,106.824,0.0,7.4,0.0,0.0,0.0,0.0,0.0,0.0,0.0,0.0,1.0,0.0,0.0,0.0,9.0,4.0,0.0,0.0,0.0,0.0,0.0,0.0,0.0,0.0,5.0,12.0,1.0,12.17,5.0200000000000005,2.5,1.5,0.0,0.2,0.0,2.0,0.0,-0.1,0.0,1.7000000000000002,6.2,0.0,-4.0,338.40000000000003,0.0,21.3,32.2,32.1,32.9,300.0,300.0,30.5,34.5,31.3,30.700000000000003,32.5,4.96,1.99,4.97,0.16,0.0,0.0,1027.0,8228.0,0.0,0.0,0.0,0.0,0.0,1.0,0.0,0.0,0.0,-0.001,0.0,-1.6,0.0,1.2000000000000002,0.0,0.0029,16.0,25903.0
2026-07-30T18:58:57.340Z,106.823,106.836,0.0,7.4,0.0,0.0,0.0,0.0,0.0,0.0,0.0,0.0,1.0,0.0,0.0,0.0,9.0,4.0,0.0,0.0,0.0,0.0,0.0,0.0,0.0,0.0,6.0,12.0,1.0,12.17,5.0200000000000005,2.5,1.5,0.0,0.3,0.0,2.0,0.0,-0.7000000000000001,0.0,0.0,7.4,0.0,-4.0,335.1,0.0,21.3,32.2,32.1,32.9,300.0,300.0,30.5,34.5,31.3,30.700000000000003,32.5,4.95,1.99,4.97,0.16,0.0,0.0,1027.0,8228.0,0.0,0.0,0.0,0.0,0.0,1.0,0.0,0.0,0.0,-0.001,0.0,0.0,0.0,0.0,0.0,0.0043,16.0,25903.0
2026-07-30T18:58:57.352Z,106.835,106.848,0.0,7.4,0.0,0.0,0.0,0.0,0.0,0.0,0.0,0.0,1.0,0.0,0.0,0.0,9.0,4.0,0.0,0.0,0.0,0.0,0.0,0.0,0.0,0.0,1.0,12.0,1.0,12.17,5.0200000000000005,2.5,1.5,0.2,0.4,0.0,2.0,0.0,-0.2,-1.0,-1.1,8.9,0.0,-4.0,330.1,0.0,21.3,32.2,32.1,32.9,300.0,300.0,30.5,34.5,31.3,30.700000000000003,32.5,4.96,1.99,4.96,0.16,0.0,0.0,1027.0,8228.0,0.0,0.0,0.0,0.0,0.0,1.0,0.0,0.0,0.0,-0.002,0.0,2.2,0.0,0.0,0.0,0.0065,16.0,25903.0
2026-07-30T18:58:57.364Z,106.847,106.86,0.0,7.4,0.0,0.0,0.0,0.0,0.0,0.0,0.0,0.0,1.0,0.0,0.0,0.0,9.0,4.0,0.0,0.0,0.0,0.0,0.0,0.0,0.0,0.0,2.0,12.0,1.0,12.17,5.0200000000000005,2.5,1.5,0.3,0.4,0.0,2.0,0.0,-0.7000000000000001,-0.4,2.8000000000000003,10.7,0.0,-5.0,323.20000000000005,0.0,21.3,32.2,32.1,32.9,300.0,300.0,30.5,34.5,31.3,30.700000000000003,32.5,4.95,2.0,4.96,0.16,0.0,0.0,1027.0,8228.0,0.0,0.0,0.0,0.0,0.0,1.0,0.0,0.0,0.0,-0.003,0.0,-2.6,0.0,1.6,0.0,0.01,16.0,25903.0
2026-07-30T18:58:57.376Z,106.859,106.872,0.0,7.4,0.0,0.0,0.0,0.0,0.0,0.0,0.0,0.0,1.0,0.0,0.0,0.0,9.0,4.0,0.0,0.0,0.0,0.0,0.0,0.0,0.0,0.0,3.0,12.0,1.0,12.17,5.0200000000000005,2.5,1.5,0.4,0.3,0.0,2.0,0.0,-0.2,0.6000000000000001,1.1,12.9,0.0,-5.0,314.90000000000003,0.0,21.3,32.2,32.1,32.9,300.0,300.0,30.5,34.5,31.3,30.700000000000003,32.5,4.95,1.99,4.97,0.16,0.0,0.0,1027.0,8228.0,0.0,0.0,0.0,0.0,0.0,1.0,0.0,0.0,0.0,-0.004,0.0,-1.7000000000000002,0.0,-0.2,0.0,0.0141,16.0,25903.0
2026-07-30T18:58:57.389Z,106.872,106.884,0.0,7.4,0.0,0.0,0.0,0.0,0.0,0.0,0.0,0.0,1.0,0.0,0.0,0.0,9.0,4.0,0.0,0.0,0.0,0.0,0.0,0.0,0.0,0.0,4.0,12.0,1.0,12.17,5.0200000000000005,2.5,1.5,0.7000000000000001,0.3,0.0,2.0,0.0,-0.2,-0.5,0.4,15.6,0.0,-6.0,304.8,0.0,21.3,32.2,32.1,32.9,300.0,300.0,30.5,34.5,31.3,30.700000000000003,32.5,4.95,1.99,4.97,0.16,0.0,0.0,1027.0,8228.0,0.0,0.0,0.0,0.0,0.0,1.0,0.0,0.0,0.0,-0.005,0.0,-0.2,0.0,0.5,0.0,0.0176,16.0,25903.0
2026-07-30T18:58:57.400Z,106.883,106.896,0.0,7.4,0.0,0.0,0.0,0.0,0.0,0.0,0.0,0.0,1.0,0.0,0.0,0.0,9.0,4.0,0.0,0.0,0.0,0.0,0.0,0.0,0.0,0.0,6.0,12.0,1.0,12.18,5.01,2.51,1.49,0.9,0.2,0.0,1.9,0.0,-0.8,-0.5,-0.6000000000000001,18.9,0.0,-6.0,292.90000000000003,0.0,21.700000000000003,32.1,32.1,32.9,300.0,300.0,30.5,34.6,31.3,30.700000000000003,32.4,4.96,1.99,4.96,0.16,0.0,0.0,1027.0,8228.0,0.0,0.0,0.0,0.0,0.0,1.0,0.0,0.0,0.0,-0.006,0.0,1.0,0.0,0.6000000000000001,0.0,0.0213,16.0,25903.0
2026-07-30T18:58:57.412Z,106.895,106.908,0.0,7.4,0.0,0.0,0.0,0.0,0.0,0.0,0.0,0.0,1.0,0.0,0.0,0.0,9.0,4.0,0.0,0.0,0.0,0.0,0.0,0.0,0.0,0.0,1.0,12.0,1.0,12.18,5.01,2.51,1.49,1.1,0.0,0.0,2.0,0.0,0.9,0.6000000000000001,-0.1,22.9,0.0,-7.0,279.2,0.0,21.700000000000003,32.1,32.1,32.9,300.0,300.0,30.5,34.6,31.3,30.700000000000003,32.4,4.95,1.99,4.97,0.16,0.0,0.0,1027.0,8228.0,0.0,0.0,0.0,0.0,0.0,1.0,0.0,0.0,0.0,-0.007,0.0,0.0,0.0,-0.6000000000000001,0.0,0.0255,16.0,25903.0
2026-07-30T18:58:57.424Z,106.907,106.92,0.0,7.4,0.0,0.0,0.0,0.0,0.0,0.0,0.0,0.0,1.0,0.0,0.0,0.0,9.0,4.0,0.0,0.0,0.0,0.0,0.0,0.0,0.0,0.0,2.0,12.0,1.0,12.18,5.01,2.51,1.49,1.3,-0.4,0.0,1.9,0.0,0.3,1.2000000000000002,-0.1,27.700000000000003,0.0,-8.0,264.6,0.0,21.700000000000003,32.1,32.1,32.9,300.0,300.0,30.5,34.6,31.3,30.700000000000003,32.4,4.95,2.0,4.97,0.16,0.0,0.0,1027.0,8228.0,0.0,0.0,0.0,0.0,0.0,1.0,0.0,0.0,0.0,-0.008,0.0,0.2,0.0,-1.3,0.0,0.0295,16.0,25903.0
2026-07-30T18:58:57.437Z,106.92,106.932,0.0,7.4,0.0,0.0,0.0,0.0,0.0,0.0,0.0,0.0,1.0,0.0,0.0,0.0,9.0,4.0,0.0,0.0,0.0,0.0,0.0,0.0,0.0,0.0,3.0,12.0,1.0,12.18,5.01,2.51,1.49,1.3,-0.7000000000000001,0.0,1.9,0.0,0.3,0.0,1.0,33.2,0.0,-9.0,248.9,0.0,21.700000000000003,32.1,32.1,32.9,300.0,300.0,30.5,34.6,31.3,30.700000000000003,32.4,4.96,2.0,4.97,0.16,0.0,0.0,1027.0,8228.0,0.0,0.0,0.0,0.0,0.0,1.0,0.0,0.0,0.0,-0.008,0.0,-0.7000000000000001,0.0,-0.9,0.0,0.0323,16.0,25903.0
2026-07-30T18:58:57.449Z,106.932,106.944,0.0,7.4,0.0,0.0,0.0,0.0,0.0,0.0,0.0,0.0,1.0,0.0,0.0,0.0,9.0,4.0,0.0,0.0,0.0,0.0,0.0,0.0,0.0,0.0,4.0,12.0,1.0,12.18,5.01,2.51,1.49,1.2000000000000002,-1.0,0.0,1.9,0.0,0.9,0.6000000000000001,0.4,39.400000000000006,0.0,-10.0,233.1,0.0,21.700000000000003,32.1,32.1,32.9,300.0,300.0,30.5,34.6,31.3,30.700000000000003,32.4,4.95,2.0,4.96,0.16,0.0,0.0,1027.0,8228.0,0.0,0.0,0.0,0.0,0.0,1.0,0.0,0.0,0.0,-0.008,0.0,0.2,0.0,-1.0,0.0,0.0348,16.0,25903.0
2026-07-30T18:58:57.460Z,106.943,106.956,0.0,7.4,0.0,0.0,0.0,0.0,0.0,0.0,0.0,0.0,1.0,0.0,0.0,0.0,9.0,4.0,0.0,0.0,0.0,0.0,0.0,0.0,0.0,0.0,5.0,12.0,1.0,12.18,5.01,2.51,1.49,0.9,-1.0,0.0,1.9,0.0,0.3,0.0,-0.6000000000000001,46.3,0.0,-11.0,218.3,0.0,21.700000000000003,32.1,32.1,32.9,300.0,300.0,30.5,34.6,31.3,30.700000000000003,32.4,4.95,1.99,4.97,0.16,0.0,0.0,1027.0,8228.0,0.0,0.0,0.0,0.0,0.0,1.0,0.0,0.0,0.0,-0.008,0.0,0.0,0.0,0.8,0.0,0.0356,16.0,25903.0
2026-07-30T18:58:57.472Z,106.955,106.968,0.0,7.4,0.0,0.0,0.0,0.0,0.0,0.0,0.0,0.0,1.0,0.0,0.0,0.0,9.0,4.0,0.0,0.0,0.0,0.0,0.0,0.0,0.0,0.0,6.0,12.0,1.0,12.18,5.01,2.51,1.49,0.8,-1.3,0.0,1.9,0.0,1.5,1.7000000000000002,1.0,53.8,0.0,-11.0,204.3,0.0,21.700000000000003,32.1,32.1,32.9,300.0,300.0,30.5,34.6,31.3,30.700000000000003,32.4,4.95,2.0,4.96,0.16,0.0,0.0,1027.0,8228.0,0.0,0.0,0.0,0.0,0.0,1.0,0.0,0.0,0.0,-0.008,0.0,1.9,0.0,-2.0,0.0,0.0343,16.0,25903.0
2026-07-30T18:58:57.484Z,106.967,106.98,0.0,7.4,0.0,0.0,0.0,0.0,0.0,0.0,0.0,0.0,1.0,0.0,0.0,0.0,9.0,4.0,0.0,0.0,0.0,0.0,0.0,0.0,0.0,0.0,1.0,12.0,1.0,12.18,5.01,2.51,1.49,0.6000000000000001,-1.4,0.0,1.9,0.0,-0.2,0.0,-0.6000000000000001,61.8,0.0,-12.0,189.5,0.0,21.700000000000003,32.1,32.1,32.9,300.0,300.0,30.5,34.6,31.3,30.700000000000003,32.4,4.96,1.99,4.96,0.16,0.0,0.0,1027.0,8228.0,0.0,0.0,0.0,0.0,0.0,1.0,0.0,0.0,0.0,-0.008,0.0,-0.2,0.0,0.7000000000000001,0.0,0.0325,16.0,25903.0
2026-07-30T18:58:57.496Z,106.979,106.992,0.0,7.4,0.0,0.0,0.0,0.0,0.0,0.0,0.0,0.0,1.0,0.0,0.0,0.0,9.0,4.0,0.0,0.0,0.0,0.0,0.0,0.0,0.0,0.0,3.0,12.0,1.0,12.18,5.01,2.51,1.49,0.1,-1.3,0.0,1.9,0.0,0.3,-0.5,0.0,59.1,0.0,-13.0,173.4,0.0,21.700000000000003,32.1,32.1,32.9,300.0,300.0,30.5,34.6,31.3,30.700000000000003,32.4,4.95,1.99,4.97,0.16,0.0,0.0,1027.0,8228.0,0.0,0.0,0.0,0.0,0.0,1.0,0.0,0.0,0.0,-0.008,0.0,-0.6000000000000001,0.0,0.0,0.0,0.0331,16.0,25903.0
2026-07-30T18:58:57.508Z,106.991,107.004,0.0,7.4,0.0,0.0,0.0,0.0,0.0,0.0,0.0,0.0,1.0,0.0,0.0,0.0,9.0,4.0,0.0,0.0,0.0,0.0,0.0,0.0,0.0,0.0,4.0,12.0,1.0,12.18,5.01,2.5,1.49,-0.2,-1.2000000000000002,0.0,1.9,0.0,0.3,-1.1,1.1,42.8,0.0,-13.0,157.3,0.0,21.200000000000003,32.1,32.1,32.9,300.0,300.0,30.5,34.6,31.3,30.700000000000003,32.5,4.96,1.99,4.96,0.16,0.0,0.0,1027.0,8228.0,0.0,0.0,0.0,0.0,0.0,1.0,0.0,0.0,0.0,-0.009,0.0,-0.1,0.0,-1.2000000000000002,0.0,0.0355,16.0,25903.0
2026-07-30T18:58:57.525Z,107.008,107.016,0.0,7.4,0.0,0.0,0.0,0.0,0.0,0.0,0.0,0.0,1.0,0.0,0.0,0.0,9.0,4.0,0.0,0.0,0.0,0.0,0.0,0.0,0.0,0.0,4.0,12.0,1.0,12.18,5.01,2.5,1.49,-0.7000000000000001,-0.8,0.0,1.9,0.0,0.3,1.2000000000000002,1.0,28.9,0.0,-14.0,140.8,0.0,21.200000000000003,32.1,32.1,32.9,300.0,300.0,30.5,34.6,31.3,30.700000000000003,32.5,4.96,2.0,4.97,0.16,0.0,0.0,1027.0,8228.0,0.0,0.0,0.0,0.0,0.0,1.0,0.0,0.0,0.0,-0.009,0.0,2.2,0.0,0.4,0.0,0.0364,16.0,25903.0
2026-07-30T18:58:57.532Z,107.015,107.028,0.0,7.4,0.0,0.0,0.0,0.0,0.0,0.0,0.0,0.0,1.0,0.0,0.0,0.0,9.0,4.0,0.0,0.0,0.0,0.0,0.0,0.0,0.0,0.0,2.0,12.0,1.0,12.18,5.01,2.5,1.49,-1.2000000000000002,-0.3,0.0,1.9,0.0,0.9,0.0,0.5,17.2,0.0,-15.0,122.9,0.0,21.200000000000003,32.1,32.1,32.9,300.0,300.0,30.5,34.6,31.3,30.700000000000003,32.5,4.95,1.99,4.97,0.16,0.0,0.0,1027.0,8228.0,0.0,0.0,0.0,0.0,0.0,1.0,0.0,0.0,0.0,-0.009,0.0,0.6000000000000001,0.0,0.0,0.0,0.0371,16.0,25903.0
2026-07-30T18:58:57.544Z,107.027,107.04,0.0,7.4,0.0,0.0,0.0,0.0,0.0,0.0,0.0,0.0,1.0,0.0,0.0,0.0,9.0,4.0,0.0,0.0,0.0,0.0,0.0,0.0,0.0,0.0,4.0,12.0,1.0,12.18,5.01,2.5,1.49,-1.7000000000000002,0.2,0.0,1.8,0.0,-0.2,-0.5,0.5,7.7,0.0,-16.0,103.5,0.0,21.200000000000003,32.1,32.1,32.9,300.0,300.0,30.5,34.6,31.3,30.700000000000003,32.5,4.96,1.99,4.97,0.16,0.0,0.0,1027.0,8228.0,0.0,0.0,0.0,0.0,0.0,1.0,0.0,0.0,0.0,-0.01,0.0,0.4,0.0,-0.4,0.0,0.0394,16.0,25903.0
2026-07-30T18:58:57.556Z,107.039,107.052,0.0,7.4,0.0,0.0,0.0,0.0,0.0,0.0,0.0,0.0,1.0,0.0,0.0,0.0,9.0,4.0,0.0,0.0,0.0,0.0,0.0,0.0,0.0,0.0,5.0,12.0,1.0,12.18,5.01,2.5,1.49,-2.0,0.9,0.0,1.8,0.0,0.3,0.1,2.3000000000000003,0.4,0.0,-16.0,82.5,0.0,21.200000000000003,32.1,32.1,32.9,300.0,300.0,30.5,34.6,31.3,30.700000000000003,32.5,4.96,2.0,4.96,0.16,0.0,0.0,1027.0,8228.0,0.0,0.0,0.0,0.0,0.0,1.0,0.0,0.0,0.0,-0.011,0.0,2.1,0.0,1.7000000000000002,0.0,0.0428,16.0,25903.0
2026-07-30T18:58:57.568Z,107.051,107.064,0.0,7.4,0.0,0.0,0.0,0.0,0.0,0.0,0.0,0.0,1.0,0.0,0.0,0.0,9.0,4.0,0.0,0.0,0.0,0.0,0.0,0.0,0.0,0.0,6.0,12.0,1.0,12.18,5.01,2.5,1.49,-1.9,1.6,0.0,1.8,0.0,0.3,0.0,2.2,-4.7,0.0,-17.0,59.8,0.0,21.200000000000003,32.1,32.1,32.9,300.0,300.0,30.5,34.6,31.3,30.700000000000003,32.5,4.96,2.0,4.96,0.16,0.0,0.0,1027.0,8228.0,0.0,0.0,0.0,0.0,0.0,1.0,0.0,0.0,0.0,-0.012,0.0,1.2000000000000002,0.0,2.3000000000000003,0.0,0.0463,16.0,25903.0
2026-07-30T18:58:57.580Z,107.063,107.076,0.0,7.4,0.0,0.0,0.0,0.0,0.0,0.0,0.0,0.0,1.0,0.0,0.0,0.0,9.0,4.0,0.0,0.0,0.0,0.0,0.0,0.0,0.0,0.0,6.0,12.0,1.0,12.18,5.01,2.5,1.49,-1.4,1.8,0.0,1.9,0.0,-0.1,0.0,-1.2000000000000002,-7.800000000000001,0.0,-18.0,37.2,0.0,21.200000000000003,32.1,32.1,32.9,300.0,300.0,30.5,34.6,31.3,30.700000000000003,32.5,4.95,1.99,4.96,0.16,0.0,0.0,1027.0,8228.0,0.0,0.0,0.0,0.0,0.0,1.0,0.0,0.0,0.0,-0.012,0.0,-0.2,0.0,-1.3,0.0,0.0502,16.0,25903.0
2026-07-30T18:58:57.592Z,107.075,107.088,0.0,7.4,0.0,0.0,0.0,0.0,0.0,0.0,0.0,0.0,1.0,0.0,0.0,0.0,9.0,4.0,0.0,0.0,0.0,0.0,0.0,0.0,0.0,0.0,1.0,12.0,1.0,12.18,5.01,2.5,1.49,-0.9,1.8,0.0,1.8,0.0,0.3,-1.0,0.0,-9.2,0.0,-19.0,17.1,0.0,21.200000000000003,32.1,32.1,32.9,300.0,300.0,30.5,34.6,31.3,30.700000000000003,32.5,4.96,1.99,4.96,0.16,0.0,0.0,1027.0,8228.0,0.0,0.0,0.0,0.0,0.0,1.0,0.0,0.0,0.0,-0.011,0.0,1.1,0.0,-0.3,0.0,0.0511,16.0,25903.0
2026-07-30T18:58:57.605Z,107.088,107.1,0.0,7.4,0.0,0.0,0.0,0.0,0.0,0.0,0.0,0.0,1.0,0.0,0.0,0.0,9.0,4.0,0.0,0.0,0.0,0.0,0.0,0.0,0.0,0.0,2.0,12.0,1.0,12.17,5.0200000000000005,2.51,1.49,-0.3,1.6,0.0,1.9,0.0,0.4,-0.4,0.0,-9.1,0.0,-20.0,357.70000000000005,0.0,21.8,32.1,32.1,32.9,300.0,300.0,30.6,34.6,31.3,30.700000000000003,32.4,4.95,2.0,4.96,0.16,0.0,0.0,1027.0,8228.0,0.0,0.0,0.0,0.0,0.0,1.0,0.0,0.0,0.0,-0.011,0.0,0.5,0.0,0.0,0.0,0.0474,16.0,25903.0
2026-07-30T18:58:57.616Z,107.099,107.112,0.0,7.4,0.0,0.0,0.0,0.0,0.0,0.0,0.0,0.0,1.0,0.0,0.0,0.0,9.0,4.0,0.0,0.0,0.0,0.0,0.0,0.0,0.0,0.0,3.0,12.0,1.0,12.17,5.0200000000000005,2.51,1.49,0.1,1.3,0.0,1.8,0.0,0.4,0.0,-0.6000000000000001,-7.6,0.0,-20.0,339.70000000000005,0.0,21.8,32.1,32.1,32.9,300.0,300.0,30.6,34.6,31.3,30.700000000000003,32.4,4.95,1.99,4.97,0.16,0.0,0.0,1027.0,8228.0,0.0,0.0,0.0,0.0,0.0,1.0,0.0,0.0,0.0,-0.01,0.0,0.4,0.0,-0.5,0.0,0.0448,16.0,25903.0
2026-07-30T18:58:57.628Z,107.111,107.124,0.0,7.4,0.0,0.0,0.0,0.0,0.0,0.0,0.0,0.0,1.0,0.0,0.0,0.0,9.0,4.0,0.0,0.0,0.0,0.0,0.0,0.0,0.0,0.0,4.0,12.0,1.0,12.17,5.0200000000000005,2.51,1.49,0.4,0.9,0.0,1.8,0.0,-0.1,1.2000000000000002,1.7000000000000002,-5.0,0.0,-20.0,323.90000000000003,0.0,21.8,32.1,32.1,32.9,300.0,300.0,30.6,34.6,31.3,30.700000000000003,32.4,4.95,1.99,4.97,0.16,0.0,0.0,1027.0,8228.0,0.0,0.0,0.0,0.0,0.0,1.0,0.0,0.0,0.0,-0.009,0.0,-3.0,0.0,0.0,0.0,0.0419,16.0,25903.0
2026-07-30T18:58:57.640Z,107.123,107.136,0.0,7.4,0.0,0.0,0.0,0.0,0.0,0.0,0.0,0.0,1.0,0.0,0.0,0.0,9.0,4.0,0.0,0.0,0.0,0.0,0.0,0.0,0.0,0.0,5.0,12.0,1.0,12.17,5.0200000000000005,2.51,1.49,0.7000000000000001,0.6000000000000001,0.0,1.8,0.0,-0.1,-1.0,0.0,-1.4,0.0,-20.0,308.5,0.0,21.8,32.1,32.1,32.9,300.0,300.0,30.6,34.6,31.3,30.700000000000003,32.4,4.96,1.99,4.96,0.16,0.0,0.0,1027.0,8228.0,0.0,0.0,0.0,0.0,0.0,1.0,0.0,0.0,0.0,-0.008,0.0,-0.6000000000000001,0.0,0.0,0.0,0.0379,16.0,25903.0
2026-07-30T18:58:57.652Z,107.135,107.148,0.0,7.4,0.0,0.0,0.0,0.0,0.0,0.0,0.0,0.0,1.0,0.0,0.0,0.0,9.0,4.0,0.0,0.0,0.0,0.0,0.0,0.0,0.0,0.0,6.0,12.0,1.0,12.17,5.0200000000000005,2.51,1.49,1.0,0.2,0.0,1.8,0.0,-0.1,-1.6,0.5,2.9000000000000004,0.0,-20.0,293.40000000000003,0.0,21.8,32.1,32.1,32.9,300.0,300.0,30.6,34.6,31.3,30.700000000000003,32.4,4.95,1.99,4.97,0.16,0.0,0.0,1027.0,8228.0,0.0,0.0,0.0,0.0,0.0,1.0,0.0,0.0,0.0,-0.008,0.0,0.9,0.0,0.5,0.0,0.0356,16.0,25903.0
2026-07-30T18:58:57.664Z,107.147,107.16,0.0,7.4,0.0,0.0,0.0,0.0,0.0,0.0,0.0,0.0,1.0,0.0,0.0,0.0,9.0,4.0,0.0,0.0,0.0,0.0,0.0,0.0,0.0,0.0,2.0,12.0,1.0,12.17,5.0200000000000005,2.51,1.49,1.1,0.0,0.0,1.7000000000000002,0.0,0.9,0.6000000000000001,0.0,8.1,0.0,-20.0,278.90000000000003,0.0,21.8,32.1,32.1,32.9,300.0,300.0,30.6,34.6,31.3,30.700000000000003,32.4,4.95,1.99,4.97,0.16,0.0,0.0,1027.0,8228.0,0.0,0.0,0.0,0.0,0.0,1.0,0.0,0.0,0.0,-0.008,0.0,-0.6000000000000001,0.0,-0.9,0.0,0.0345,16.0,25903.0
2026-07-30T18:58:57.676Z,107.159,107.172,0.0,7.4,0.0,0.0,0.0,0.0,0.0,0.0,0.0,0.0,1.0,0.0,0.0,0.0,9.0,4.0,0.0,0.0,0.0,0.0,0.0,0.0,0.0,0.0,3.0,12.0,1.0,12.17,5.0200000000000005,2.51,1.49,1.2000000000000002,-0.3,0.0,1.8,0.0,0.3,1.2000000000000002,0.0,13.9,0.0,-20.0,264.8,0.0,21.8,32.1,32.1,32.9,300.0,300.0,30.6,34.6,31.3,30.700000000000003,32.4,4.96,2.0,4.97,0.16,0.0,0.0,1027.0,8228.0,0.0,0.0,0.0,0.0,0.0,1.0,0.0,0.0,0.0,-0.007,0.0,0.2,0.0,-1.3,0.0,0.0335,16.0,25903.0
2026-07-30T18:58:57.688Z,107.171,107.184,0.0,7.4,0.0,0.0,0.0,0.0,0.0,0.0,0.0,0.0,1.0,0.0,0.0,0.0,9.0,4.0,0.0,0.0,0.0,0.0,0.0,0.0,0.0,0.0,4.0,12.0,1.0,12.17,5.0200000000000005,2.51,1.49,1.3,-0.6000000000000001,0.0,1.8,0.0,-0.2,-0.5,-0.1,20.200000000000003,0.0,-20.0,253.7,0.0,21.8,32.1,32.1,32.9,300.0,300.0,30.6,34.6,31.3,30.700000000000003,32.4,4.95,2.0,4.97,0.16,0.0,0.0,1027.0,8228.0,0.0,0.0,0.0,0.0,0.0,1.0,0.0,0.0,0.0,-0.006,0.0,-0.1,0.0,0.7000000000000001,0.0,0.0317,16.0,25903.0
2026-07-30T18:58:57.700Z,107.183,107.196,0.0,7.4,0.0,0.0,0.0,0.0,0.0,0.0,0.0,0.0,1.0,0.0,0.0,0.0,9.0,4.0,0.0,0.0,0.0,0.0,0.0,0.0,0.0,0.0,5.0,12.0,1.0,12.17,5.0200000000000005,2.51,1.49,1.2000000000000002,-0.9,0.0,1.7000000000000002,0.0,-0.2,0.0,0.4,27.1,0.0,-20.0,238.4,0.0,21.8,32.1,32.1,32.9,300.0,300.0,30.6,34.6,31.3,30.700000000000003,32.4,4.95,1.99,4.97,0.16,0.0,0.0,1027.0,8228.0,0.0,0.0,0.0,0.0,0.0,1.0,0.0,0.0,0.0,-0.007,0.0,-0.2,0.0,-0.4,0.0,0.0265,16.0,25903.0
2026-07-30T18:58:57.712Z,107.195,107.208,0.0,7.4,0.0,0.0,0.0,0.0,0.0,0.0,0.0,0.0,1.0,0.0,0.0,0.0,9.0,4.0,0.0,0.0,0.0,0.0,0.0,0.0,0.0,0.0,6.0,12.0,1.0,12.17,5.0200000000000005,2.51,1.49,1.0,-0.9,0.0,1.7000000000000002,0.0,0.8,1.1,-0.7000000000000001,34.5,0.0,-20.0,224.1,0.0,21.200000000000003,32.1,32.1,32.9,300.0,300.0,30.5,34.5,31.3,30.700000000000003,32.5,4.95,1.99,4.96,0.16,0.0,0.0,1027.0,8228.0,0.0,0.0,0.0,0.0,0.0,1.0,0.0,0.0,0.0,-0.008,0.0,1.2000000000000002,0.0,-0.1,0.0,0.0319,16.0,25903.0
2026-07-30T18:58:57.724Z,107.207,107.22,0.0,7.4,0.0,0.0,0.0,0.0,0.0,0.0,0.0,0.0,1.0,0.0,0.0,0.0,9.0,4.0,0.0,0.0,0.0,0.0,0.0,0.0,0.0,0.0,1.0,12.0,1.0,12.17,5.0200000000000005,2.51,1.49,0.6000000000000001,-0.9,0.0,1.7000000000000002,0.0,0.8,0.5,0.4,42.400000000000006,0.0,-20.0,211.5,0.0,21.200000000000003,32.1,32.1,32.9,300.0,300.0,30.5,34.5,31.3,30.700000000000003,32.5,4.96,1.99,4.96,0.16,0.0,0.0,1027.0,8228.0,0.0,0.0,0.0,0.0,0.0,1.0,0.0,0.0,0.0,-0.007,0.0,0.5,0.0,-0.8,0.0,0.0328,16.0,25903.0
2026-07-30T18:58:57.736Z,107.219,107.232,0.0,7.4,0.0,0.0,0.0,0.0,0.0,0.0,0.0,0.0,1.0,0.0,0.0,0.0,9.0,4.0,0.0,0.0,0.0,0.0,0.0,0.0,0.0,0.0,3.0,12.0,1.0,12.17,5.0200000000000005,2.51,1.49,0.4,-0.8,0.0,1.6,0.0,0.3,-0.5,0.3,50.400000000000006,0.0,-19.0,201.8,0.0,21.200000000000003,32.1,32.1,32.9,300.0,300.0,30.5,34.5,31.3,30.700000000000003,32.5,4.95,1.99,4.97,0.16,0.0,0.0,1027.0,8228.0,0.0,0.0,0.0,0.0,0.0,1.0,0.0,0.0,0.0,-0.006,0.0,-0.5,0.0,-0.1,0.0,0.0299,16.0,25903.0
2026-07-30T18:58:57.748Z,107.231,107.244,0.0,7.4,0.0,0.0,0.0,0.0,0.0,0.0,0.0,0.0,1.0,0.0,0.0,0.0,9.0,4.0,0.0,0.0,0.0,0.0,0.0,0.0,0.0,0.0,4.0,12.0,1.0,12.17,5.0200000000000005,2.51,1.49,0.3,-0.7000000000000001,0.0,1.7000000000000002,0.0,0.3,-0.6000000000000001,-0.2,58.6,0.0,-19.0,192.9,0.0,21.200000000000003,32.1,32.1,32.9,300.0,300.0,30.5,34.5,31.3,30.700000000000003,32.5,4.95,1.99,4.97,0.16,0.0,0.0,1027.0,8228.0,0.0,0.0,0.0,0.0,0.0,1.0,0.0,0.0,0.0,-0.005,0.0,-0.7000000000000001,0.0,0.3,0.0,0.0244,16.0,25903.0
2026-07-30T18:58:57.760Z,107.243,107.256,0.0,7.4,0.0,0.0,0.0,0.0,0.0,0.0,0.0,0.0,1.0,0.0,0.0,0.0,9.0,4.0,0.0,0.0,0.0,0.0,0.0,0.0,0.0,0.0,5.0,12.0,1.0,12.17,5.0200000000000005,2.51,1.49,0.1,-0.6000000000000001,0.0,1.7000000000000002,0.0,-0.2,-0.6000000000000001,-0.8,66.8,0.0,-18.0,184.6,0.0,21.200000000000003,32.1,32.1,32.9,300.0,300.0,30.5,34.5,31.3,30.700000000000003,32.5,4.95,2.0,4.97,0.16,0.0,0.0,1027.0,8228.0,0.0,0.0,0.0,0.0,0.0,1.0,0.0,0.0,0.0,-0.004,0.0,-1.1,0.0,0.9,0.0,0.0214,16.0,25903.0
2026-07-30T18:58:57.772Z,107.255,107.268,0.0,7.4,0.0,0.0,0.0,0.0,0.0,0.0,0.0,0.0,1.0,0.0,0.0,0.0,9.0,4.0,0.0,0.0,0.0,0.0,0.0,0.0,0.0,0.0,6.0,12.0,1.0,12.17,5.0200000000000005,2.51,1.49,0.0,-0.4,0.0,1.7000000000000002,0.0,0.3,1.1,-0.2,66.0,0.0,-18.0,177.8,0.0,21.200000000000003,32.1,32.1,32.9,300.0,300.0,30.5,34.5,31.3,30.700000000000003,32.5,4.95,1.99,4.97,0.16,0.0,0.0,1027.0,8228.0,0.0,0.0,0.0,0.0,0.0,1.0,0.0,0.0,0.0,-0.004,0.0,1.2000000000000002,0.0,0.2,0.0,0.0195,16.0,25903.0
2026-07-30T18:58:57.784Z,107.267,107.28,0.0,7.4,0.0,0.0,0.0,0.0,0.0,0.0,0.0,0.0,1.0,0.0,0.0,0.0,9.0,4.0,0.0,0.0,0.0,0.0,0.0,0.0,0.0,0.0,1.0,12.0,1.0,12.17,5.0200000000000005,2.51,1.49,0.0,-0.3,0.0,1.7000000000000002,0.0,0.3,-0.5,-0.7000000000000001,48.400000000000006,0.0,-17.0,172.5,0.0,21.200000000000003,32.1,32.1,32.9,300.0,300.0,30.5,34.5,31.3,30.700000000000003,32.5,4.95,1.99,4.97,0.16,0.0,0.0,1027.0,8228.0,0.0,0.0,0.0,0.0,0.0,1.0,0.0,0.0,0.0,-0.003,0.0,-1.1,0.0,0.6000000000000001,0.0,0.0167,16.0,25903.0
2026-07-30T18:58:57.796Z,107.279,107.292,0.0,7.4,0.0,0.0,0.0,0.0,0.0,0.0,0.0,0.0,1.0,0.0,0.0,0.0,9.0,4.0,0.0,0.0,0.0,0.0,0.0,0.0,0.0,0.0,2.0,12.0,1.0,12.17,5.0200000000000005,2.51,1.49,0.0,-0.2,0.0,1.7000000000000002,0.0,-0.2,-0.5,-0.7000000000000001,32.5,0.0,-16.0,168.70000000000002,0.0,21.200000000000003,32.1,32.1,32.9,300.0,300.0,30.5,34.5,31.3,30.700000000000003,32.5,4.96,1.99,4.96,0.16,0.0,0.0,1027.0,8228.0,0.0,0.0,0.0,0.0,0.0,1.0,0.0,0.0,0.0,-0.002,0.0,-1.1,0.0,0.5,0.0,0.0132,16.0,25903.0
2026-07-30T18:58:57.809Z,107.292,107.304,0.0,7.4,0.0,0.0,0.0,0.0,0.0,0.0,0.0,0.0,1.0,0.0,0.0,0.0,9.0,4.0,0.0,0.0,0.0,0.0,0.0,0.0,0.0,0.0,3.0,12.0,1.0,12.15,5.0200000000000005,2.51,1.5,0.0,0.0,0.0,1.7000000000000002,0.0,0.3,0.6000000000000001,0.4,18.0,0.0,-15.0,166.5,0.0,21.4,32.1,32.1,32.9,300.0,300.0,30.5,34.6,31.200000000000003,30.700000000000003,32.4,4.96,1.99,4.97,0.16,0.0,0.0,1027.0,8228.0,0.0,0.0,0.0,0.0,0.0,1.0,0.0,0.0,0.0,-0.001,0.0,1.0,0.0,-0.2,0.0,0.0099,16.0,25903.0
2026-07-30T18:58:57.820Z,107.303,107.316,0.0,7.4,0.0,0.0,0.0,0.0,0.0,0.0,0.0,0.0,1.0,0.0,0.0,0.0,9.0,4.0,0.0,0.0,0.0,0.0,0.0,0.0,0.0,0.0,4.0,12.0,1.0,12.15,5.0200000000000005,2.51,1.5,0.0,0.0,0.0,1.7000000000000002,0.0,0.9,2.3000000000000003,2.2,4.6000000000000005,0.0,-14.0,166.0,0.0,21.4,32.1,32.1,32.9,300.0,300.0,30.5,34.6,31.200000000000003,30.700000000000003,32.4,4.95,1.99,4.97,0.16,0.0,0.0,1027.0,8228.0,0.0,0.0,0.0,0.0,0.0,1.0,0.0,0.0,0.0,0.0,0.0,4.4,0.0,-1.1,0.0,0.0065,16.0,25903.0
2026-07-30T18:58:57.837Z,107.32,107.328,0.0,7.4,0.0,0.0,0.0,0.0,0.0,0.0,0.0,0.0,1.0,0.0,0.0,0.0,9.0,4.0,0.0,0.0,0.0,0.0,0.0,0.0,0.0,0.0,3.0,12.0,1.0,12.15,5.0200000000000005,2.51,1.5,0.0,0.2,0.0,1.7000000000000002,0.0,-0.8,-1.1,-1.2000000000000002,-7.800000000000001,0.0,-13.0,167.3,0.0,21.4,32.1,32.1,32.9,300.0,300.0,30.5,34.6,31.200000000000003,30.700000000000003,32.4,4.96,1.99,4.96,0.16,0.0,0.0,1027.0,8228.0,0.0,0.0,0.0,0.0,0.0,1.0,0.0,0.0,0.0,0.0,0.0,-2.2,0.0,0.8,0.0,0.0027,16.0,25903.0
2026-07-30T18:58:57.844Z,107.327,107.34,0.0,7.4,0.0,0.0,0.0,0.0,0.0,0.0,0.0,0.0,1.0,0.0,0.0,0.0,9.0,4.0,0.0,0.0,0.0,0.0,0.0,0.0,0.0,0.0,1.0,12.0,1.0,12.15,5.0200000000000005,2.51,1.5,0.0,0.2,0.0,1.7000000000000002,0.0,-0.2,-0.5,1.0,-19.5,0.0,-12.0,169.70000000000002,0.0,21.4,32.1,32.1,32.9,300.0,300.0,30.5,34.6,31.200000000000003,30.700000000000003,32.4,4.95,2.0,4.96,0.16,0.0,0.0,1027.0,8228.0,0.0,0.0,0.0,0.0,0.0,1.0,0.0,0.0,0.0,0.001,0.0,0.1,0.0,-1.0,0.0,0.0015,16.0,25903.0
2026-07-30T18:58:57.856Z,107.339,107.352,0.0,7.4,0.0,0.0,0.0,0.0,0.0,0.0,0.0,0.0,1.0,0.0,0.0,0.0,9.0,4.0,0.0,0.0,0.0,0.0,0.0,0.0,0.0,0.0,3.0,12.0,1.0,12.15,5.0200000000000005,2.51,1.5,0.0,0.2,0.0,1.6,0.0,0.2,0.6000000000000001,-0.1,-30.5,0.0,-11.0,172.4,0.0,21.4,32.1,32.1,32.9,300.0,300.0,30.5,34.6,31.200000000000003,30.700000000000003,32.4,4.95,1.99,4.97,0.16,0.0,0.0,1027.0,8228.0,0.0,0.0,0.0,0.0,0.0,1.0,0.0,0.0,0.0,0.001,0.0,0.5,0.0,0.2,0.0,0.0044,16.0,25903.0
2026-07-30T18:58:57.868Z,107.351,107.364,0.0,7.4,0.0,0.0,0.0,0.0,0.0,0.0,0.0,0.0,1.0,0.0,0.0,0.0,9.0,4.0,0.0,0.0,0.0,0.0,0.0,0.0,0.0,0.0,5.0,12.0,1.0,12.15,5.0200000000000005,2.51,1.5,0.0,0.3,0.0,1.6,0.0,0.2,1.1,-0.1,-40.900000000000006,0.0,-9.0,175.3,0.0,21.4,32.1,32.1,32.9,300.0,300.0,30.5,34.6,31.200000000000003,30.700000000000003,32.4,4.95,1.99,4.97,0.16,0.0,0.0,1027.0,8228.0,0.0,0.0,0.0,0.0,0.0,1.0,0.0,0.0,0.0,0.001,0.0,1.2000000000000002,0.0,0.2,0.0,0.0059,16.0,25903.0
2026-07-30T18:58:57.880Z,107.363,107.376,0.0,7.4,0.0,0.0,0.0,0.0,0.0,0.0,0.0,0.0,1.0,0.0,0.0,0.0,9.0,4.0,0.0,0.0,0.0,0.0,0.0,0.0,0.0,0.0,6.0,12.0,1.0,12.15,5.0200000000000005,2.51,1.5,-0.1,0.2,0.0,1.6,0.0,0.3,-1.1,-0.7000000000000001,-50.8,0.0,-8.0,178.20000000000002,0.0,21.4,32.1,32.1,32.9,300.0,300.0,30.5,34.6,31.200000000000003,30.700000000000003,32.4,4.96,1.99,4.96,0.16,0.0,0.0,1027.0,8228.0,0.0,0.0,0.0,0.0,0.0,1.0,0.0,0.0,0.0,0.001,0.0,-1.7000000000000002,0.0,0.6000000000000001,0.0,0.0064,16.0,25903.0
2026-07-30T18:58:57.892Z,107.375,107.388,0.0,7.4,0.0,0.0,0.0,0.0,0.0,0.0,0.0,0.0,1.0,0.0,0.0,0.0,9.0,4.0,0.0,0.0,0.0,0.0,0.0,0.0,0.0,0.0,1.0,12.0,1.0,12.15,5.0200000000000005,2.51,1.5,-0.1,0.3,0.0,1.6,0.0,0.2,-1.1,-0.7000000000000001,-49.6,0.0,-7.0,181.0,0.0,21.4,32.1,32.1,32.9,300.0,300.0,30.5,34.6,31.200000000000003,30.700000000000003,32.4,4.95,1.99,4.97,0.16,0.0,0.0,1027.0,8228.0,0.0,0.0,0.0,0.0,0.0,1.0,0.0,0.0,0.0,0.001,0.0,-1.7000000000000002,0.0,0.7000000000000001,0.0,0.0066,16.0,25903.0
2026-07-30T18:58:57.904Z,107.387,107.4,0.0,7.4,0.0,0.0,0.0,0.0,0.0,0.0,0.0,0.0,1.0,0.0,0.0,0.0,9.0,4.0,0.0,0.0,0.0,0.0,0.0,0.0,0.0,0.0,2.0,12.0,1.0,12.15,5.0200000000000005,2.51,1.5,0.0,0.3,0.0,1.6,0.0,-0.2,1.1,-0.7000000000000001,-33.1,0.0,-7.0,184.0,0.0,21.4,32.1,32.1,32.9,300.0,300.0,30.5,34.6,31.200000000000003,30.700000000000003,32.4,4.95,1.99,4.96,0.16,0.0,0.0,1027.0,8228.0,0.0,0.0,0.0,0.0,0.0,1.0,0.0,0.0,0.0,0.001,0.0,0.9,0.0,0.6000000000000001,0.0,0.0064,16.0,25903.0
2026-07-30T18:58:57.916Z,107.399,107.412,0.0,7.4,0.0,0.0,0.0,0.0,0.0,0.0,0.0,0.0,1.0,0.0,0.0,0.0,9.0,4.0,0.0,0.0,0.0,0.0,0.0,0.0,0.0,0.0,3.0,12.0,1.0,12.18,5.01,2.51,1.49,0.0,0.2,0.0,1.6,0.0,0.2,1.1,-0.1,-18.0,0.0,-6.0,186.8,0.0,21.0,32.1,32.1,32.9,300.0,300.0,30.5,34.6,31.200000000000003,30.700000000000003,32.4,4.96,2.0,4.96,0.16,0.0,0.0,1027.0,8228.0,0.0,0.0,0.0,0.0,0.0,1.0,0.0,0.0,0.0,0.001,0.0,1.2000000000000002,0.0,0.0,0.0,0.0066,16.0,25903.0
2026-07-30T18:58:57.928Z,107.411,107.424,0.0,7.4,0.0,0.0,0.0,0.0,0.0,0.0,0.0,0.0,1.0,0.0,0.0,0.0,9.0,4.0,0.0,0.0,0.0,0.0,0.0,0.0,0.0,0.0,4.0,12.0,1.0,12.18,5.01,2.51,1.49,0.0,0.2,0.0,1.6,0.0,-0.2,-0.5,0.4,-4.2,0.0,-5.0,189.1,0.0,21.0,32.1,32.1,32.9,300.0,300.0,30.5,34.6,31.200000000000003,30.700000000000003,32.4,4.95,2.0,4.97,0.17,0.0,0.0,1027.0,8228.0,0.0,0.0,0.0,0.0,0.0,1.0,0.0,0.0,0.0,0.001,0.0,-0.4,0.0,-0.3,0.0,0.0066,16.0,25903.0
2026-07-30T18:58:57.940Z,107.423,107.436,0.0,7.4,0.0,0.0,0.0,0.0,0.0,0.0,0.0,0.0,1.0,0.0,0.0,0.0,9.0,4.0,0.0,0.0,0.0,0.0,0.0,0.0,0.0,0.0,6.0,12.0,1.0,12.18,5.01,2.51,1.49,0.0,0.0,0.0,1.6,0.0,0.2,-1.1,1.0,8.5,0.0,-5.0,190.0,0.0,21.0,32.1,32.1,32.9,300.0,300.0,30.5,34.6,31.200000000000003,30.700000000000003,32.4,4.95,1.99,4.97,0.17,0.0,0.0,1027.0,8228.0,0.0,0.0,0.0,0.0,0.0,1.0,0.0,0.0,0.0,0.0,0.0,-0.8,0.0,-0.8,0.0,0.0056,16.0,25903.0
2026-07-30T18:58:57.952Z,107.435,107.448,0.0,7.4,0.0,0.0,0.0,0.0,0.0,0.0,0.0,0.0,1.0,0.0,0.0,0.0,9.0,4.0,0.0,0.0,0.0,0.0,0.0,0.0,0.0,0.0,1.0,12.0,1.0,12.18,5.01,2.51,1.49,0.0,0.0,0.0,1.6,0.0,0.2,1.2000000000000002,-0.1,20.3,0.0,-4.0,189.4,0.0,21.0,32.1,32.1,32.9,300.0,300.0,30.5,34.6,31.200000000000003,30.700000000000003,32.4,4.95,1.99,4.96,0.16,0.0,0.0,1027.0,8228.0,0.0,0.0,0.0,0.0,0.0,1.0,0.0,0.0,0.0,0.0,0.0,1.3,0.0,0.0,0.0,0.0032,16.0,25903.0
2026-07-30T18:58:57.964Z,107.447,107.46,0.0,7.4,0.0,0.0,0.0,0.0,0.0,0.0,0.0,0.0,1.0,0.0,0.0,0.0,9.0,4.0,0.0,0.0,0.0,0.0,0.0,0.0,0.0,0.0,2.0,12.0,1.0,12.18,5.01,2.51,1.49,0.0,-0.2,0.0,1.6,0.0,-0.8,-0.5,-0.7000000000000001,31.3,0.0,-4.0,187.4,0.0,21.0,32.1,32.1,32.9,300.0,300.0,30.5,34.6,31.200000000000003,30.700000000000003,32.4,4.96,1.99,4.96,0.16,0.0,0.0,1027.0,8228.0,0.0,0.0,0.0,0.0,0.0,1.0,0.0,0.0,0.0,0.0,0.0,-0.9,0.0,0.9,0.0,0.0003,16.0,25903.0
2026-07-30T18:58:57.976Z,107.459,107.472,0.0,7.4,0.0,0.0,0.0,0.0,0.0,0.0,0.0,0.0,1.0,0.0,0.0,0.0,9.0,4.0,0.0,0.0,0.0,0.0,0.0,0.0,0.0,0.0,4.0,12.0,1.0,12.18,5.01,2.51,1.49,0.0,-0.2,0.0,1.6,0.0,0.2,1.2000000000000002,0.9,41.6,0.0,-4.0,184.8,0.0,21.0,32.1,32.1,32.9,300.0,300.0,30.5,34.6,31.200000000000003,30.700000000000003,32.4,4.95,1.99,4.97,0.16,0.0,0.0,1027.0,8228.0,0.0,0.0,0.0,0.0,0.0,1.0,0.0,0.0,0.0,-0.001,0.0,1.8,0.0,-1.1,0.0,0.0034,16.0,25903.0
2026-07-30T18:58:57.988Z,107.471,107.484,0.0,7.4,0.0,0.0,0.0,0.0,0.0,0.0,0.0,0.0,1.0,0.0,0.0,0.0,9.0,4.0,0.0,0.0,0.0,0.0,0.0,0.0,0.0,0.0,5.0,12.0,1.0,12.18,5.01,2.51,1.49,0.0,-0.1,0.0,1.6,0.0,-0.3,0.6000000000000001,-0.7000000000000001,51.400000000000006,0.0,-4.0,182.1,0.0,21.0,32.1,32.1,32.9,300.0,300.0,30.5,34.6,31.200000000000003,30.700000000000003,32.4,4.96,1.99,4.96,0.16,0.0,0.0,1027.0,8228.0,0.0,0.0,0.0,0.0,0.0,1.0,0.0,0.0,0.0,-0.001,0.0,0.3,0.0,0.7000000000000001,0.0,0.0054,16.0,25903.0
2026-07-30T18:58:58.000Z,107.483,107.496,0.0,7.4,0.0,0.0,0.0,0.0,0.0,0.0,0.0,0.0,1.0,0.0,0.0,0.0,9.0,4.0,0.0,0.0,0.0,0.0,0.0,0.0,0.0,0.0,1.0,12.0,1.0,12.18,5.01,2.51,1.49,0.0,-0.1,0.0,1.6,0.0,-0.3,0.0,0.9,56.6,0.0,-4.0,179.4,0.0,21.0,32.1,32.1,32.9,300.0,300.0,30.5,34.6,31.200000000000003,30.700000000000003,32.4,4.96,1.99,4.97,0.16,0.0,0.0,1027.0,8228.0,0.0,0.0,0.0,0.0,0.0,1.0,0.0,0.0,0.0,-0.001,0.0,0.6000000000000001,0.0,-0.9,0.0,0.0059,16.0,25903.0
2026-07-30T18:58:58.013Z,107.496,107.508,0.0,7.4,0.0,0.0,0.0,0.0,0.0,0.0,0.0,0.0,1.0,0.0,0.0,0.0,9.0,4.0,0.0,0.0,0.0,0.0,0.0,0.0,0.0,0.0,2.0,12.0,1.0,12.17,5.01,2.51,1.49,0.0,-0.2,0.0,1.6,0.0,0.3,0.6000000000000001,0.3,39.6,0.0,-4.0,176.60000000000002,0.0,21.3,32.1,32.1,32.9,300.0,300.0,30.5,34.6,31.200000000000003,30.700000000000003,32.4,4.95,1.99,4.97,0.16,0.0,0.0,1027.0,8228.0,0.0,0.0,0.0,0.0,0.0,1.0,0.0,0.0,0.0,-0.001,0.0,1.0,0.0,-0.3,0.0,0.0061,16.0,25903.0
2026-07-30T18:58:58.024Z,107.507,107.52,0.0,7.4,0.0,0.0,0.0,0.0,0.0,0.0,0.0,0.0,1.0,0.0,0.0,0.0,9.0,4.0,0.0,0.0,0.0,0.0,0.0,0.0,0.0,0.0,4.0,12.0,1.0,12.17,5.01,2.51,1.49,0.0,-0.2,0.0,1.6,0.0,-0.8,-0.4,-0.1,24.0,0.0,-4.0,173.0,0.0,21.3,32.1,32.1,32.9,300.0,300.0,30.5,34.6,31.200000000000003,30.700000000000003,32.4,4.95,1.99,4.97,0.16,0.0,0.0,1027.0,8228.0,0.0,0.0,0.0,0.0,0.0,1.0,0.0,0.0,0.0,-0.001,0.0,-0.6000000000000001,0.0,0.0,0.0,0.0062,16.0,25903.0
2026-07-30T18:58:58.036Z,107.519,107.532,0.0,7.4,0.0,0.0,0.0,0.0,0.0,0.0,0.0,0.0,1.0,0.0,0.0,0.0,9.0,4.0,0.0,0.0,0.0,0.0,0.0,0.0,0.0,0.0,5.0,12.0,1.0,12.17,5.01,2.51,1.49,0.0,-0.3,0.0,1.6,0.0,0.3,-0.4,1.6,9.8,0.0,-4.0,168.4,0.0,21.3,32.1,32.1,32.9,300.0,300.0,30.5,34.6,31.200000000000003,30.700000000000003,32.4,4.96,1.99,4.96,0.16,0.0,0.0,1027.0,8228.0,0.0,0.0,0.0,0.0,0.0,1.0,0.0,0.0,0.0,-0.002,0.0,0.7000000000000001,0.0,-1.5,0.0,0.0076,16.0,25903.0
2026-07-30T18:58:58.048Z,107.531,107.544,0.0,7.4,0.0,0.0,0.0,0.0,0.0,0.0,0.0,0.0,1.0,0.0,0.0,0.0,9.0,4.0,0.0,0.0,0.0,0.0,0.0,0.0,0.0,0.0,6.0,12.0,1.0,12.17,5.01,2.51,1.49,0.0,-0.3,0.0,1.6,0.0,0.3,-1.0,0.0,-2.9000000000000004,0.0,-4.0,163.3,0.0,21.3,32.1,32.1,32.9,300.0,300.0,30.5,34.6,31.200000000000003,30.700000000000003,32.4,4.96,1.99,4.97,0.16,0.0,0.0,1027.0,8228.0,0.0,0.0,0.0,0.0,0.0,1.0,0.0,0.0,0.0,-0.002,0.0,-1.1,0.0,-0.2,0.0,0.0095,16.0,25903.0
2026-07-30T18:58:58.060Z,107.543,107.556,0.0,7.4,0.0,0.0,0.0,0.0,0.0,0.0,0.0,0.0,1.0,0.0,0.0,0.0,9.0,4.0,0.0,0.0,0.0,0.0,0.0,0.0,0.0,0.0,1.0,12.0,1.0,12.17,5.01,2.51,1.49,0.0,-0.3,0.0,1.5,0.0,-0.2,-0.4,0.4,-14.3,0.0,-4.0,157.60000000000002,0.0,21.3,32.1,32.1,32.9,300.0,300.0,30.5,34.6,31.200000000000003,30.700000000000003,32.4,4.95,1.99,4.97,0.16,0.0,0.0,1027.0,8228.0,0.0,0.0,0.0,0.0,0.0,1.0,0.0,0.0,0.0,-0.003,0.0,0.0,0.0,-0.5,0.0,0.0112,16.0,25903.0
2026-07-30T18:58:58.073Z,107.556,107.568,0.0,7.4,0.0,0.0,0.0,0.0,0.0,0.0,0.0,0.0,1.0,0.0,0.0,0.0,9.0,4.0,0.0,0.0,0.0,0.0,0.0,0.0,0.0,0.0,2.0,12.0,1.0,12.17,5.01,2.51,1.49,-0.2,-0.4,0.0,1.6,0.0,-0.2,-0.3,-0.7000000000000001,-24.5,0.0,-5.0,150.20000000000002,0.0,21.3,32.1,32.1,32.9,300.0,300.0,30.5,34.6,31.200000000000003,30.700000000000003,32.4,4.96,1.99,4.96,0.16,0.0,0.0,1027.0,8228.0,0.0,0.0,0.0,0.0,0.0,1.0,0.0,0.0,0.0,-0.003,0.0,-1.1,0.0,0.1,0.0,0.0125,16.0,25903.0
2026-07-30T18:58:58.084Z,107.567,107.58,0.0,7.4,0.0,0.0,0.0,0.0,0.0,0.0,0.0,0.0,1.0,0.0,0.0,0.0,9.0,4.0,0.0,0.0,0.0,0.0,0.0,0.0,0.0,0.0,3.0,12.0,1.0,12.17,5.01,2.51,1.49,-0.4,-0.4,0.0,1.6,0.0,0.3,-1.5,-0.6000000000000001,-33.300000000000004,0.0,-5.0,141.20000000000002,0.0,21.3,32.1,32.1,32.9,300.0,300.0,30.5,34.6,31.200000000000003,30.700000000000003,32.4,4.95,1.99,4.96,0.16,0.0,0.0,1027.0,8228.0,0.0,0.0,0.0,0.0,0.0,1.0,0.0,0.0,0.0,-0.004,0.0,-2.1,0.0,-0.8,0.0,0.0153,16.0,25903.0
2026-07-30T18:58:58.096Z,107.579,107.592,0.0,7.4,0.0,0.0,0.0,0.0,0.0,0.0,0.0,0.0,1.0,0.0,0.0,0.0,9.0,4.0,0.0,0.0,0.0,0.0,0.0,0.0,0.0,0.0,5.0,12.0,1.0,12.17,5.01,2.51,1.49,-0.7000000000000001,-0.2,0.0,1.6,0.0,-0.2,0.1,0.5,-40.7,0.0,-6.0,130.6,0.0,21.3,32.1,32.1,32.9,300.0,300.0,30.5,34.6,31.200000000000003,30.700000000000003,32.4,4.95,1.99,4.96,0.16,0.0,0.0,1027.0,8228.0,0.0,0.0,0.0,0.0,0.0,1.0,0.0,0.0,0.0,-0.005,0.0,0.7000000000000001,0.0,0.0,0.0,0.0192,16.0,25903.0
2026-07-30T18:58:58.108Z,107.591,107.604,0.0,7.4,0.0,0.0,0.0,0.0,0.0,0.0,0.0,0.0,1.0,0.0,0.0,0.0,9.0,4.0,0.0,0.0,0.0,0.0,0.0,0.0,0.0,0.0,6.0,12.0,1.0,12.17,5.01,2.51,1.49,-0.9,-0.1,0.0,1.5,0.0,0.3,0.7000000000000001,-0.6000000000000001,-46.8,0.0,-7.0,117.9,0.0,21.3,32.1,32.1,32.9,300.0,300.0,30.5,34.6,31.200000000000003,30.700000000000003,32.4,4.95,2.0,4.96,0.16,0.0,0.0,1027.0,8228.0,0.0,0.0,0.0,0.0,0.0,1.0,0.0,0.0,0.0,-0.006,0.0,-0.3,0.0,0.7000000000000001,0.0,0.0226,16.0,25903.0
2026-07-30T18:58:58.120Z,107.603,107.616,0.0,7.4,0.0,0.0,0.0,0.0,0.0,0.0,0.0,0.0,1.0,0.0,0.0,0.0,9.0,4.0,0.0,0.0,0.0,0.0,0.0,0.0,0.0,0.0,1.0,12.0,1.0,12.17,5.01,2.51,1.49,-1.3,0.2,0.0,1.5,0.0,-0.2,-0.4,1.1,-51.400000000000006,0.0,-7.0,103.0,0.0,21.8,32.1,32.1,32.9,300.0,300.0,30.4,34.6,31.200000000000003,30.700000000000003,32.4,4.96,2.0,4.96,0.16,0.0,0.0,1027.0,8228.0,0.0,0.0,0.0,0.0,0.0,1.0,0.0,0.0,0.0,-0.008,0.0,1.1,0.0,-0.1,0.0,0.0271,16.0,25903.0
2026-07-30T18:58:58.132Z,107.615,107.628,0.0,7.4,0.0,0.0,0.0,0.0,0.0,0.0,0.0,0.0,1.0,0.0,0.0,0.0,9.0,4.0,0.0,0.0,0.0,0.0,0.0,0.0,0.0,0.0,2.0,12.0,1.0,12.17,5.01,2.51,1.49,-1.6,0.7000000000000001,0.0,1.5,0.0,-0.2,-0.4,1.7000000000000002,-54.5,0.0,-9.0,85.7,0.0,21.8,32.1,32.1,32.9,300.0,300.0,30.4,34.6,31.200000000000003,30.700000000000003,32.4,4.95,1.99,4.97,0.16,0.0,0.0,1027.0,8228.0,0.0,0.0,0.0,0.0,0.0,1.0,0.0,0.0,0.0,-0.009,0.0,1.6,0.0,0.5,0.0,0.0321,16.0,25903.0
2026-07-30T18:58:58.147Z,107.63,107.64,0.0,7.4,0.0,0.0,0.0,0.0,0.0,0.0,0.0,0.0,1.0,0.0,0.0,0.0,9.0,4.0,0.0,0.0,0.0,0.0,0.0,0.0,0.0,0.0,2.0,12.0,1.0,12.17,5.01,2.51,1.49,-1.9,1.4,0.0,1.5,0.0,0.3,1.2000000000000002,0.5,-56.0,0.0,-10.0,65.8,0.0,21.8,32.1,32.1,32.9,300.0,300.0,30.4,34.6,31.200000000000003,30.700000000000003,32.4,4.95,1.99,4.97,0.16,0.0,0.0,1027.0,8228.0,0.0,0.0,0.0,0.0,0.0,1.0,0.0,0.0,0.0,-0.01,0.0,-0.2,0.0,1.8,0.0,0.0372,16.0,25903.0
2026-07-30T18:58:58.156Z,107.639,107.652,0.0,7.4,0.0,0.0,0.0,0.0,0.0,0.0,0.0,0.0,1.0,0.0,0.0,0.0,9.0,4.0,0.0,0.0,0.0,0.0,0.0,0.0,0.0,0.0,6.0,12.0,1.0,12.17,5.01,2.51,1.49,-1.6,1.9,0.0,1.6,0.0,-0.2,0.1,0.0,-55.900000000000006,0.0,-11.0,43.6,0.0,21.8,32.1,32.1,32.9,300.0,300.0,30.4,34.6,31.200000000000003,30.700000000000003,32.4,4.96,2.0,4.97,0.16,0.0,0.0,1027.0,8228.0,0.0,0.0,0.0,0.0,0.0,1.0,0.0,0.0,0.0,-0.012,0.0,0.0,0.0,0.6000000000000001,0.0,0.0431,16.0,25903.0
2026-07-30T18:58:58.168Z,107.651,107.664,0.0,7.4,0.0,0.0,0.0,0.0,0.0,0.0,0.0,0.0,1.0,0.0,0.0,0.0,9.0,4.0,0.0,0.0,0.0,0.0,0.0,0.0,0.0,0.0,1.0,12.0,1.0,12.17,5.01,2.51,1.49,-1.1,2.2,0.0,1.8,0.0,-0.8,-1.6,0.0,-54.1,0.0,-13.0,20.1,0.0,21.8,32.1,32.1,32.9,300.0,300.0,30.4,34.6,31.200000000000003,30.700000000000003,32.4,4.95,2.0,4.96,0.16,0.0,0.0,1027.0,8228.0,0.0,0.0,0.0,0.0,0.0,1.0,0.0,0.0,0.0,-0.013,0.0,-0.1,0.0,0.0,0.0,0.0485,16.0,25903.0
2026-07-30T18:58:58.180Z,107.663,107.676,0.0,7.4,0.0,0.0,0.0,0.0,0.0,0.0,0.0,0.0,1.0,0.0,0.0,0.0,9.0,4.0,0.0,0.0,0.0,0.0,0.0,0.0,0.0,0.0,2.0,12.0,1.0,12.17,5.01,2.51,1.49,-0.3,2.1,0.0,1.9,0.0,-0.1,0.7000000000000001,1.1,-50.7,0.0,-14.0,355.6,0.0,21.8,32.1,32.1,32.9,300.0,300.0,30.4,34.6,31.200000000000003,30.700000000000003,32.4,4.95,1.99,4.97,0.16,0.0,0.0,1027.0,8228.0,0.0,0.0,0.0,0.0,0.0,1.0,0.0,0.0,0.0,-0.013,0.0,0.1,0.0,0.6000000000000001,0.0,0.0521,16.0,25903.0
2026-07-30T18:58:58.192Z,107.675,107.688,0.0,7.4,0.0,0.0,0.0,0.0,0.0,0.0,0.0,0.0,1.0,0.0,0.0,0.0,9.0,4.0,0.0,0.0,0.0,0.0,0.0,0.0,0.0,0.0,4.0,12.0,1.0,12.17,5.01,2.51,1.49,0.6000000000000001,1.6,0.0,1.9,0.0,-0.7000000000000001,-0.4,0.0,-45.8,0.0,-16.0,331.0,0.0,21.8,32.1,32.1,32.9,300.0,300.0,30.4,34.6,31.200000000000003,30.700000000000003,32.4,4.95,1.99,4.96,0.16,0.0,0.0,1027.0,8228.0,0.0,0.0,0.0,0.0,0.0,1.0,0.0,0.0,0.0,-0.013,0.0,0.5,0.0,0.2,0.0,0.0548,16.0,25903.0
2026-07-30T18:58:58.204Z,107.687,107.7,0.0,7.4,0.0,0.0,0.0,0.0,0.0,0.0,0.0,0.0,1.0,0.0,0.0,0.0,9.0,4.0,0.0,0.0,0.0,0.0,0.0,0.0,0.0,0.0,5.0,12.0,1.0,12.17,5.01,2.51,1.49,1.6,0.6000000000000001,0.0,2.0,0.0,0.3,0.1,0.0,-39.400000000000006,0.0,-17.0,305.3,0.0,21.8,32.1,32.1,32.9,300.0,300.0,30.4,34.6,31.200000000000003,30.700000000000003,32.4,4.96,1.99,4.96,0.16,0.0,0.0,1027.0,8228.0,0.0,0.0,0.0,0.0,0.0,1.0,0.0,0.0,0.0,-0.014,0.0,0.0,0.0,-0.1,0.0,0.0555,16.0,25903.0
2026-07-30T18:58:58.217Z,107.7,107.712,0.0,7.4,0.0,0.0,0.0,0.0,0.0,0.0,0.0,0.0,1.0,0.0,0.0,0.0,9.0,4.0,0.0,0.0,0.0,0.0,0.0,0.0,0.0,0.0,6.0,12.0,1.0,12.13,5.01,2.5,1.49,2.3000000000000003,-0.3,0.0,2.0,0.0,-0.2,-1.0,0.5,-31.5,0.0,-18.0,278.0,0.0,21.700000000000003,32.1,32.1,32.800000000000004,300.0,300.0,30.5,34.5,31.200000000000003,30.700000000000003,32.4,4.95,1.99,4.97,0.16,0.0,0.0,1027.0,8228.0,0.0,0.0,0.0,0.0,0.0,1.0,0.0,0.0,0.0,-0.015,0.0,-0.4,0.0,0.9,0.0,0.0574,16.0,25903.0
2026-07-30T18:58:58.228Z,107.711,107.724,0.0,7.4,0.0,0.0,0.0,0.0,0.0,0.0,0.0,0.0,1.0,0.0,0.0,0.0,9.0,4.0,0.0,0.0,0.0,0.0,0.0,0.0,0.0,0.0,1.0,12.0,1.0,12.13,5.01,2.5,1.49,2.5,-1.4,0.0,2.1,0.0,-0.2,-0.4,1.1,-22.200000000000003,0.0,-20.0,249.4,0.0,21.700000000000003,32.1,32.1,32.800000000000004,300.0,300.0,30.5,34.5,31.200000000000003,30.700000000000003,32.4,4.96,1.99,4.97,0.16,0.0,0.0,1027.0,8228.0,0.0,0.0,0.0,0.0,0.0,1.0,0.0,0.0,0.0,-0.015,0.0,-1.0,0.0,-0.5,0.0,0.0604,16.0,25903.0
2026-07-30T18:58:58.240Z,107.723,107.736,0.0,7.4,0.0,0.0,0.0,0.0,0.0,0.0,0.0,0.0,1.0,0.0,0.0,0.0,9.0,4.0,0.0,0.0,0.0,0.0,0.0,0.0,0.0,0.0,2.0,12.0,1.0,12.13,5.01,2.5,1.49,2.1,-2.3000000000000003,0.0,2.3000000000000003,0.0,-0.2,1.3,1.1,-11.4,0.0,-21.0,220.4,0.0,21.700000000000003,32.1,32.1,32.800000000000004,300.0,300.0,30.5,34.5,31.200000000000003,30.700000000000003,32.4,4.96,1.99,4.97,0.16,0.0,0.0,1027.0,8228.0,0.0,0.0,0.0,0.0,0.0,1.0,0.0,0.0,0.0,-0.016,0.0,0.9,0.0,-2.2,0.0,0.0637,16.0,25903.0
2026-07-30T18:58:58.252Z,107.735,107.748,0.0,7.4,0.0,0.0,0.0,0.0,0.0,0.0,0.0,0.0,1.0,0.0,0.0,0.0,9.0,4.0,0.0,0.0,0.0,0.0,0.0,0.0,0.0,0.0,3.0,12.0,1.0,12.13,5.01,2.5,1.49,1.1,-2.4000000000000004,0.0,2.3000000000000003,0.0,-0.2,1.8,0.5,0.5,0.0,-23.0,192.7,0.0,21.700000000000003,32.1,32.1,32.800000000000004,300.0,300.0,30.5,34.5,31.200000000000003,30.700000000000003,32.4,4.96,1.99,4.97,0.16,0.0,0.0,1027.0,8228.0,0.0,0.0,0.0,0.0,0.0,1.0,0.0,0.0,0.0,-0.015,0.0,2.3000000000000003,0.0,-1.0,0.0,0.0656,16.0,25903.0
2026-07-30T18:58:58.264Z,107.747,107.76,0.0,7.4,0.0,0.0,0.0,0.0,0.0,0.0,0.0,0.0,1.0,0.0,0.0,0.0,9.0,4.0,0.0,0.0,0.0,0.0,0.0,0.0,0.0,0.0,4.0,12.0,1.0,12.13,5.01,2.5,1.49,0.0,-2.0,0.0,2.2,0.0,-0.2,-1.0,-0.6000000000000001,-0.4,0.0,-24.0,166.0,0.0,21.700000000000003,32.1,32.1,32.800000000000004,300.0,300.0,30.5,34.5,31.200000000000003,30.700000000000003,32.4,4.95,1.99,4.96,0.16,0.0,0.0,1027.0,8228.0,0.0,0.0,0.0,0.0,0.0,1.0,0.0,0.0,0.0,-0.015,0.0,-1.6,0.0,0.2,0.0,0.0637,16.0,25903.0
2026-07-30T18:58:58.276Z,107.759,107.772,0.0,7.4,0.0,0.0,0.0,0.0,0.0,0.0,0.0,0.0,1.0,0.0,0.0,0.0,9.0,4.0,0.0,0.0,0.0,0.0,0.0,0.0,0.0,0.0,5.0,12.0,1.0,12.13,5.01,2.5,1.49,-0.9,-1.2000000000000002,0.0,2.3000000000000003,0.0,-0.8,-1.0,-0.7000000000000001,-11.5,0.0,-24.0,142.0,0.0,21.700000000000003,32.1,32.1,32.800000000000004,300.0,300.0,30.5,34.5,31.200000000000003,30.700000000000003,32.4,4.95,1.99,4.96,0.16,0.0,0.0,1027.0,8228.0,0.0,0.0,0.0,0.0,0.0,1.0,0.0,0.0,0.0,-0.014,0.0,-1.6,0.0,-0.4,0.0,0.0613,16.0,25903.0
2026-07-30T18:58:58.288Z,107.771,107.784,0.0,7.4,0.0,0.0,0.0,0.0,0.0,0.0,0.0,0.0,1.0,0.0,0.0,0.0,9.0,4.0,0.0,0.0,0.0,0.0,0.0,0.0,0.0,0.0,6.0,12.0,1.0,12.13,5.01,2.5,1.49,-1.6,-0.3,0.0,2.3000000000000003,0.0,-0.2,-0.4,1.0,-20.200000000000003,0.0,-25.0,119.2,0.0,21.700000000000003,32.1,32.1,32.800000000000004,300.0,300.0,30.5,34.5,31.200000000000003,30.700000000000003,32.4,4.95,1.99,4.97,0.16,0.0,0.0,1027.0,8228.0,0.0,0.0,0.0,0.0,0.0,1.0,0.0,0.0,0.0,-0.013,0.0,0.9,0.0,-0.4,0.0,0.0566,16.0,25903.0
2026-07-30T18:58:58.300Z,107.783,107.796,0.0,7.4,0.0,0.0,0.0,0.0,0.0,0.0,0.0,0.0,1.0,0.0,0.0,0.0,9.0,4.0,0.0,0.0,0.0,0.0,0.0,0.0,0.0,0.0,1.0,12.0,1.0,12.13,5.01,2.5,1.49,-1.9,0.4,0.0,2.3000000000000003,0.0,-0.7000000000000001,1.3,-0.1,-26.5,0.0,-25.0,96.9,0.0,21.700000000000003,32.1,32.1,32.800000000000004,300.0,300.0,30.5,34.5,31.200000000000003,30.700000000000003,32.4,4.95,1.99,4.97,0.16,0.0,0.0,1027.0,8228.0,0.0,0.0,0.0,0.0,0.0,1.0,0.0,0.0,0.0,-0.012,0.0,0.0,0.0,1.4,0.0,0.0527,16.0,25903.0
2026-07-30T18:58:58.312Z,107.795,107.808,0.0,7.4,0.0,0.0,0.0,0.0,0.0,0.0,0.0,0.0,1.0,0.0,0.0,0.0,9.0,4.0,0.0,0.0,0.0,0.0,0.0,0.0,0.0,0.0,2.0,12.0,1.0,12.13,5.01,2.5,1.49,-2.0,1.1,0.0,2.2,0.0,-0.7000000000000001,-0.4,-0.1,-30.8,0.0,-26.0,74.9,0.0,21.700000000000003,32.1,32.1,32.800000000000004,300.0,300.0,30.5,34.5,31.200000000000003,30.700000000000003,32.4,4.96,1.99,4.97,0.15,0.0,0.0,1027.0,8228.0,0.0,0.0,0.0,0.0,0.0,1.0,0.0,0.0,0.0,-0.012,0.0,0.0,0.0,-0.6000000000000001,0.0,0.0512,16.0,25903.0
2026-07-30T18:58:58.324Z,107.807,107.82,0.0,7.4,0.0,0.0,0.0,0.0,0.0,0.0,0.0,0.0,1.0,0.0,0.0,0.0,9.0,4.0,0.0,0.0,0.0,0.0,0.0,0.0,0.0,0.0,3.0,12.0,1.0,12.18,5.0200000000000005,2.5,1.49,-1.8,1.6,0.0,2.2,0.0,-0.7000000000000001,0.1,1.0,-33.2,0.0,-26.0,52.8,0.0,21.3,32.1,32.1,32.800000000000004,300.0,300.0,30.6,34.6,31.200000000000003,30.700000000000003,32.4,4.96,1.99,4.96,0.15,0.0,0.0,1027.0,8228.0,0.0,0.0,0.0,0.0,0.0,1.0,0.0,0.0,0.0,-0.012,0.0,0.3,0.0,1.2000000000000002,0.0,0.05,16.0,25903.0
2026-07-30T18:58:58.336Z,107.819,107.832,0.0,7.4,0.0,0.0,0.0,0.0,0.0,0.0,0.0,0.0,1.0,0.0,0.0,0.0,9.0,4.0,0.0,0.0,0.0,0.0,0.0,0.0,0.0,0.0,5.0,12.0,1.0,12.18,5.0200000000000005,2.5,1.49,-1.3,1.8,0.0,2.2,0.0,0.4,-0.4,0.4,-33.800000000000004,0.0,-26.0,31.4,0.0,21.3,32.1,32.1,32.800000000000004,300.0,300.0,30.6,34.6,31.200000000000003,30.700000000000003,32.4,4.96,1.99,4.96,0.16,0.0,0.0,1027.0,8228.0,0.0,0.0,0.0,0.0,0.0,1.0,0.0,0.0,0.0,-0.012,0.0,0.4,0.0,0.2,0.0,0.0502,16.0,25903.0
2026-07-30T18:58:58.348Z,107.831,107.844,0.0,7.4,0.0,0.0,0.0,0.0,0.0,0.0,0.0,0.0,1.0,0.0,0.0,0.0,9.0,4.0,0.0,0.0,0.0,0.0,0.0,0.0,0.0,0.0,6.0,12.0,1.0,12.18,5.0200000000000005,2.5,1.49,-0.7000000000000001,1.9,0.0,2.2,0.0,0.3,1.3,-0.1,-32.9,0.0,-27.0,10.5,0.0,21.3,32.1,32.1,32.800000000000004,300.0,300.0,30.6,34.6,31.200000000000003,30.700000000000003,32.4,4.95,2.0,4.96,0.16,0.0,0.0,1027.0,8228.0,0.0,0.0,0.0,0.0,0.0,1.0,0.0,0.0,0.0,-0.011,0.0,-1.5,0.0,0.1,0.0,0.0491,16.0,25903.0
2026-07-30T18:58:58.360Z,107.843,107.856,0.0,7.4,0.0,0.0,0.0,0.0,0.0,0.0,0.0,0.0,1.0,0.0,0.0,0.0,9.0,4.0,0.0,0.0,0.0,0.0,0.0,0.0,0.0,0.0,6.0,12.0,1.0,12.18,5.0200000000000005,2.5,1.49,-0.1,1.7000000000000002,0.0,2.2,0.0,-0.2,1.3,-0.1,-30.5,0.0,-27.0,349.90000000000003,0.0,21.3,32.1,32.1,32.800000000000004,300.0,300.0,30.6,34.6,31.200000000000003,30.700000000000003,32.4,4.95,2.0,4.96,0.16,0.0,0.0,1027.0,8228.0,0.0,0.0,0.0,0.0,0.0,1.0,0.0,0.0,0.0,-0.011,0.0,-1.4,0.0,-0.4,0.0,0.0477,16.0,25903.0
2026-07-30T18:58:58.372Z,107.855,107.868,0.0,7.4,0.0,0.0,0.0,0.0,0.0,0.0,0.0,0.0,1.0,0.0,0.0,0.0,9.0,4.0,0.0,0.0,0.0,0.0,0.0,0.0,0.0,0.0,2.0,12.0,1.0,12.18,5.0200000000000005,2.5,1.49,0.4,1.2000000000000002,0.0,2.1,0.0,-0.2,-0.9,0.4,-26.8,0.0,-27.0,330.3,0.0,21.3,32.1,32.1,32.800000000000004,300.0,300.0,30.6,34.6,31.200000000000003,30.700000000000003,32.4,4.95,1.99,4.97,0.16,0.0,0.0,1027.0,8228.0,0.0,0.0,0.0,0.0,0.0,1.0,0.0,0.0,0.0,-0.011,0.0,0.5,0.0,0.8,0.0,0.0476,16.0,25903.0
2026-07-30T18:58:58.384Z,107.867,107.88,0.0,7.4,0.0,0.0,0.0,0.0,0.0,0.0,0.0,0.0,1.0,0.0,0.0,0.0,9.0,4.0,0.0,0.0,0.0,0.0,0.0,0.0,0.0,0.0,2.0,12.0,1.0,12.18,5.0200000000000005,2.5,1.49,0.7000000000000001,0.7000000000000001,0.0,2.1,0.0,0.9,1.3,-0.1,-22.1,0.0,-27.0,312.90000000000003,0.0,21.3,32.1,32.1,32.800000000000004,300.0,300.0,30.6,34.6,31.200000000000003,30.700000000000003,32.4,4.95,1.98,4.96,0.16,0.0,0.0,1027.0,8228.0,0.0,0.0,0.0,0.0,0.0,1.0,0.0,0.0,0.0,-0.01,0.0,-0.8,0.0,-1.1,0.0,0.0453,16.0,25903.0
2026-07-30T18:58:58.396Z,107.879,107.892,0.0,7.4,0.0,0.0,0.0,0.0,0.0,0.0,0.0,0.0,1.0,0.0,0.0,0.0,9.0,4.0,0.0,0.0,0.0,0.0,0.0,0.0,0.0,0.0,4.0,12.0,1.0,12.18,5.0200000000000005,2.5,1.49,1.0,0.2,0.0,2.2,0.0,0.9,0.7000000000000001,1.5,-16.400000000000002,0.0,-26.0,296.90000000000003,0.0,21.3,32.1,32.1,32.800000000000004,300.0,300.0,30.6,34.6,31.200000000000003,30.700000000000003,32.4,4.96,1.99,4.96,0.16,0.0,0.0,1027.0,8228.0,0.0,0.0,0.0,0.0,0.0,1.0,0.0,0.0,0.0,-0.009,0.0,-2.1,0.0,-0.8,0.0,0.0408,16.0,25903.0
2026-07-30T18:58:58.408Z,107.891,107.904,0.0,7.4,0.0,0.0,0.0,0.0,0.0,0.0,0.0,0.0,1.0,0.0,0.0,0.0,9.0,4.0,0.0,0.0,0.0,0.0,0.0,0.0,0.0,0.0,5.0,12.0,1.0,12.18,5.0200000000000005,2.5,1.49,1.0,0.0,0.0,2.1,0.0,-0.2,-1.0,0.3,-10.1,0.0,-26.0,282.0,0.0,21.3,32.1,32.1,32.800000000000004,300.0,300.0,30.6,34.6,31.200000000000003,30.700000000000003,32.4,4.95,1.99,4.97,0.16,0.0,0.0,1027.0,8228.0,0.0,0.0,0.0,0.0,0.0,1.0,0.0,0.0,0.0,-0.008,0.0,-0.1,0.0,1.0,0.0,0.0376,16.0,25903.0
2026-07-30T18:58:58.421Z,107.904,107.916,0.0,7.4,0.0,0.0,0.0,0.0,0.0,0.0,0.0,0.0,1.0,0.0,0.0,0.0,9.0,4.0,0.0,0.0,0.0,0.0,0.0,0.0,0.0,0.0,6.0,12.0,1.0,12.17,5.01,2.51,1.5,1.1,-0.2,0.0,2.1,0.0,-0.2,-0.5,0.9,-3.2,0.0,-25.0,268.40000000000003,0.0,21.700000000000003,32.1,32.0,32.800000000000004,300.0,300.0,30.700000000000003,34.6,31.200000000000003,30.700000000000003,32.4,4.96,1.99,4.97,0.16,0.0,0.0,1027.0,8228.0,0.0,0.0,0.0,0.0,0.0,1.0,0.0,0.0,0.0,-0.007,0.0,-0.9,0.0,0.0,0.0,0.0347,16.0,25903.0
2026-07-30T18:58:58.432Z,107.915,107.928,0.0,7.4,0.0,0.0,0.0,0.0,0.0,0.0,0.0,0.0,1.0,0.0,0.0,0.0,9.0,4.0,0.0,0.0,0.0,0.0,0.0,0.0,0.0,0.0,1.0,12.0,1.0,12.17,5.01,2.51,1.5,1.1,-0.4,0.0,2.1,0.0,-0.9,0.0,-0.3,4.1000000000000005,0.0,-25.0,258.1,0.0,21.700000000000003,32.1,32.0,32.800000000000004,300.0,300.0,30.700000000000003,34.6,31.200000000000003,30.700000000000003,32.4,4.96,2.0,4.96,0.16,0.0,0.0,1027.0,8228.0,0.0,0.0,0.0,0.0,0.0,1.0,0.0,0.0,0.0,-0.006,0.0,0.3,0.0,0.2,0.0,0.032,16.0,25903.0
2026-07-30T18:58:58.444Z,107.927,107.94,0.0,7.4,0.0,0.0,0.0,0.0,0.0,0.0,0.0,0.0,1.0,0.0,0.0,0.0,9.0,4.0,0.0,0.0,0.0,0.0,0.0,0.0,0.0,0.0,2.0,12.0,1.0,12.17,5.01,2.51,1.5,1.0,-0.6000000000000001,0.0,2.1,0.0,0.8,1.2000000000000002,-0.9,11.6,0.0,-24.0,246.1,0.0,21.700000000000003,32.1,32.0,32.800000000000004,300.0,300.0,30.700000000000003,34.6,31.200000000000003,30.700000000000003,32.4,4.96,1.99,4.96,0.16,0.0,0.0,1027.0,8228.0,0.0,0.0,0.0,0.0,0.0,1.0,0.0,0.0,0.0,-0.006,0.0,1.2000000000000002,0.0,-0.4,0.0,0.0269,16.0,25903.0
2026-07-30T18:58:58.461Z,107.944,107.952,0.0,7.4,0.0,0.0,0.0,0.0,0.0,0.0,0.0,0.0,1.0,0.0,0.0,0.0,9.0,4.0,0.0,0.0,0.0,0.0,0.0,0.0,0.0,0.0,2.0,12.0,1.0,12.17,5.01,2.51,1.5,0.9,-0.7000000000000001,0.0,2.1,0.0,0.2,-0.4,-0.3,19.5,0.0,-23.0,234.0,0.0,21.700000000000003,32.1,32.0,32.800000000000004,300.0,300.0,30.700000000000003,34.6,31.200000000000003,30.700000000000003,32.4,4.95,1.99,4.97,0.16,0.0,0.0,1027.0,8228.0,0.0,0.0,0.0,0.0,0.0,1.0,0.0,0.0,0.0,-0.006,0.0,-0.1,0.0,0.8,0.0,0.0256,16.0,25903.0
2026-07-30T18:58:58.468Z,107.951,107.964,0.0,7.4,0.0,0.0,0.0,0.0,0.0,0.0,0.0,0.0,1.0,0.0,0.0,0.0,9.0,4.0,0.0,0.0,0.0,0.0,0.0,0.0,0.0,0.0,6.0,12.0,1.0,12.17,5.01,2.51,1.5,0.8,-0.8,0.0,2.1,0.0,0.2,0.1,-0.3,27.6,0.0,-23.0,223.3,0.0,21.700000000000003,32.1,32.0,32.800000000000004,300.0,300.0,30.700000000000003,34.6,31.200000000000003,30.700000000000003,32.4,4.96,1.99,4.96,0.16,0.0,0.0,1027.0,8228.0,0.0,0.0,0.0,0.0,0.0,1.0,0.0,0.0,0.0,-0.006,0.0,0.1,0.0,0.2,0.0,0.0274,16.0,25903.0
2026-07-30T18:58:58.480Z,107.963,107.976,0.0,7.4,0.0,0.0,0.0,0.0,0.0,0.0,0.0,0.0,1.0,0.0,0.0,0.0,9.0,4.0,0.0,0.0,0.0,0.0,0.0,0.0,0.0,0.0,6.0,12.0,1.0,12.17,5.01,2.51,1.5,0.6000000000000001,-0.7000000000000001,0.0,2.1,0.0,-0.3,0.1,-1.4,35.9,0.0,-22.0,213.3,0.0,21.700000000000003,32.1,32.0,32.800000000000004,300.0,300.0,30.700000000000003,34.6,31.200000000000003,30.700000000000003,32.4,4.96,2.0,4.97,0.16,0.0,0.0,1027.0,8228.0,0.0,0.0,0.0,0.0,0.0,1.0,0.0,0.0,0.0,-0.005,0.0,0.2,0.0,1.6,0.0,0.0254,16.0,25903.0
2026-07-30T18:58:58.492Z,107.975,107.988,0.0,7.4,0.0,0.0,0.0,0.0,0.0,0.0,0.0,0.0,1.0,0.0,0.0,0.0,9.0,4.0,0.0,0.0,0.0,0.0,0.0,0.0,0.0,0.0,1.0,12.0,1.0,12.17,5.01,2.51,1.5,0.4,-0.7000000000000001,0.0,2.1,0.0,0.2,1.9,0.3,44.3,0.0,-21.0,204.2,0.0,21.700000000000003,32.1,32.0,32.800000000000004,300.0,300.0,30.700000000000003,34.6,31.200000000000003,30.700000000000003,32.4,4.95,1.99,4.97,0.16,0.0,0.0,1027.0,8228.0,0.0,0.0,0.0,0.0,0.0,1.0,0.0,0.0,0.0,-0.005,0.0,2.0,0.0,-1.2000000000000002,0.0,0.0232,16.0,25903.0
2026-07-30T18:58:58.504Z,107.987,108.0,0.0,7.4,0.0,0.0,0.0,0.0,0.0,0.0,0.0,0.0,1.0,0.0,0.0,0.0,9.0,4.0,0.0,0.0,0.0,0.0,0.0,0.0,0.0,0.0,2.0,12.0,1.0,12.17,5.01,2.51,1.5,0.4,-0.8,0.0,2.1,0.0,0.8,-0.5,-0.8,52.7,0.0,-21.0,195.0,0.0,21.700000000000003,32.1,32.0,32.800000000000004,300.0,300.0,30.700000000000003,34.6,31.200000000000003,30.700000000000003,32.4,4.95,1.99,4.97,0.16,0.0,0.0,1027.0,8228.0,0.0,0.0,0.0,0.0,0.0,1.0,0.0,0.0,0.0,-0.005,0.0,-0.8,0.0,1.1,0.0,0.0214,16.0,25903.0
2026-07-30T18:58:58.516Z,107.999,108.012,0.0,7.4,0.0,0.0,0.0,0.0,0.0,0.0,0.0,0.0,1.0,0.0,0.0,0.0,9.0,4.0,0.0,0.0,0.0,0.0,0.0,0.0,0.0,0.0,4.0,12.0,1.0,12.17,5.01,2.51,1.5,0.2,-0.8,0.0,2.1,0.0,-0.9,-1.0,-0.3,61.3,0.0,-20.0,185.3,0.0,21.700000000000003,32.1,32.0,32.800000000000004,300.0,300.0,30.700000000000003,34.6,31.200000000000003,30.700000000000003,32.4,4.96,2.0,4.96,0.16,0.0,0.0,1027.0,8228.0,0.0,0.0,0.0,0.0,0.0,1.0,0.0,0.0,0.0,-0.005,0.0,-1.3,0.0,0.4,0.0,0.0212,16.0,25903.0
2026-07-30T18:58:58.528Z,108.011,108.024,0.0,7.4,0.0,0.0,0.0,0.0,0.0,0.0,0.0,0.0,1.0,0.0,0.0,0.0,9.0,4.0,0.0,0.0,0.0,0.0,0.0,0.0,0.0,0.0,5.0,12.0,1.0,12.18,5.01,2.51,1.49,0.1,-0.7000000000000001,0.0,2.0,0.0,0.2,0.1,-0.3,57.6,0.0,-20.0,175.60000000000002,0.0,21.8,32.1,32.0,32.800000000000004,300.0,300.0,30.6,34.5,31.200000000000003,30.700000000000003,32.4,4.96,1.99,4.97,0.16,0.0,0.0,1027.0,8228.0,0.0,0.0,0.0,0.0,0.0,1.0,0.0,0.0,0.0,-0.005,0.0,-0.1,0.0,0.3,0.0,0.0216,16.0,25903.0
2026-07-30T18:58:58.540Z,108.023,108.036,0.0,7.4,0.0,0.0,0.0,0.0,0.0,0.0,0.0,0.0,1.0,0.0,0.0,0.0,9.0,4.0,0.0,0.0,0.0,0.0,0.0,0.0,0.0,0.0,6.0,12.0,1.0,12.18,5.01,2.51,1.49,0.0,-0.6000000000000001,0.0,2.0,0.0,0.8,1.3,-0.3,41.0,0.0,-19.0,166.20000000000002,0.0,21.8,32.1,32.0,32.800000000000004,300.0,300.0,30.6,34.5,31.200000000000003,30.700000000000003,32.4,4.95,1.99,4.97,0.16,0.0,0.0,1027.0,8228.0,0.0,0.0,0.0,0.0,0.0,1.0,0.0,0.0,0.0,-0.005,0.0,1.1,0.0,0.6000000000000001,0.0,0.022,16.0,25903.0
2026-07-30T18:58:58.552Z,108.035,108.048,0.0,7.4,0.0,0.0,0.0,0.0,0.0,0.0,0.0,0.0,1.0,0.0,0.0,0.0,9.0,4.0,0.0,0.0,0.0,0.0,0.0,0.0,0.0,0.0,1.0,12.0,1.0,12.18,5.01,2.51,1.49,-0.1,-0.4,0.0,2.0,0.0,0.3,-0.4,-0.8,26.3,0.0,-19.0,158.0,0.0,21.8,32.1,32.0,32.800000000000004,300.0,300.0,30.6,34.5,31.200000000000003,30.700000000000003,32.4,4.96,1.99,4.96,0.16,0.0,0.0,1027.0,8228.0,0.0,0.0,0.0,0.0,0.0,1.0,0.0,0.0,0.0,-0.004,0.0,-1.2000000000000002,0.0,0.4,0.0,0.0215,16.0,25903.0
2026-07-30T18:58:58.564Z,108.047,108.06,0.0,7.4,0.0,0.0,0.0,0.0,0.0,0.0,0.0,0.0,1.0,0.0,0.0,0.0,9.0,4.0,0.0,0.0,0.0,0.0,0.0,0.0,0.0,0.0,3.0,12.0,1.0,12.18,5.01,2.51,1.49,-0.2,-0.3,0.0,2.0,0.0,-0.2,0.1,-0.8,13.1,0.0,-18.0,150.9,0.0,21.8,32.1,32.0,32.800000000000004,300.0,300.0,30.6,34.5,31.200000000000003,30.700000000000003,32.4,4.95,2.0,4.96,0.16,0.0,0.0,1027.0,8228.0,0.0,0.0,0.0,0.0,0.0,1.0,0.0,0.0,0.0,-0.004,0.0,-0.6000000000000001,0.0,0.5,0.0,0.0197,16.0,25903.0
2026-07-30T18:58:58.576Z,108.059,108.072,0.0,7.4,0.0,0.0,0.0,0.0,0.0,0.0,0.0,0.0,1.0,0.0,0.0,0.0,9.0,4.0,0.0,0.0,0.0,0.0,0.0,0.0,0.0,0.0,4.0,12.0,1.0,12.18,5.01,2.51,1.49,-0.2,-0.2,0.0,2.0,0.0,1.4,1.3,2.1,1.4,0.0,-17.0,144.5,0.0,21.8,32.1,32.0,32.800000000000004,300.0,300.0,30.6,34.5,31.200000000000003,30.700000000000003,32.4,4.95,1.99,4.97,0.16,0.0,0.0,1027.0,8228.0,0.0,0.0,0.0,0.0,0.0,1.0,0.0,0.0,0.0,-0.003,0.0,3.5,0.0,0.0,0.0,0.017,16.0,25903.0
2026-07-30T18:58:58.588Z,108.071,108.084,0.0,7.4,0.0,0.0,0.0,0.0,0.0,0.0,0.0,0.0,1.0,0.0,0.0,0.0,9.0,4.0,0.0,0.0,0.0,0.0,0.0,0.0,0.0,0.0,5.0,12.0,1.0,12.18,5.01,2.51,1.49,-0.2,-0.1,0.0,2.0,0.0,-0.3,1.3,-0.2,-8.9,0.0,-16.0,139.3,0.0,21.8,32.1,32.0,32.800000000000004,300.0,300.0,30.6,34.5,31.200000000000003,30.700000000000003,32.4,4.96,1.99,4.97,0.16,0.0,0.0,1027.0,8228.0,0.0,0.0,0.0,0.0,0.0,1.0,0.0,0.0,0.0,-0.003,0.0,0.9,0.0,1.1,0.0,0.0151,16.0,25903.0
2026-07-30T18:58:58.601Z,108.084,108.096,0.0,7.4,0.0,0.0,0.0,0.0,0.0,0.0,0.0,0.0,1.0,0.0,0.0,0.0,9.0,4.0,0.0,0.0,0.0,0.0,0.0,0.0,0.0,0.0,6.0,12.0,1.0,12.18,5.01,2.51,1.49,-0.2,-0.1,0.0,2.0,0.0,0.2,0.1,-0.8,-18.3,0.0,-16.0,135.3,0.0,21.8,32.1,32.0,32.800000000000004,300.0,300.0,30.6,34.5,31.200000000000003,30.700000000000003,32.4,4.96,1.99,4.96,0.16,0.0,0.0,1027.0,8228.0,0.0,0.0,0.0,0.0,0.0,1.0,0.0,0.0,0.0,-0.002,0.0,-0.7000000000000001,0.0,0.3,0.0,0.0128,16.0,25903.0
2026-07-30T18:58:58.612Z,108.095,108.108,0.0,7.4,0.0,0.0,0.0,0.0,0.0,0.0,0.0,0.0,1.0,0.0,0.0,0.0,9.0,4.0,0.0,0.0,0.0,0.0,0.0,0.0,0.0,0.0,2.0,12.0,1.0,12.18,5.01,2.51,1.49,-0.2,0.0,0.0,2.0,0.0,-0.2,-0.4,0.9,-26.6,0.0,-15.0,131.8,0.0,21.8,32.1,32.0,32.800000000000004,300.0,300.0,30.6,34.5,31.200000000000003,30.700000000000003,32.4,4.95,1.99,4.96,0.16,0.0,0.0,1027.0,8228.0,0.0,0.0,0.0,0.0,0.0,1.0,0.0,0.0,0.0,-0.002,0.0,0.7000000000000001,0.0,-0.5,0.0,0.0102,16.0,25903.0
2026-07-30T18:58:58.625Z,108.108,108.12,0.0,7.4,0.0,0.0,0.0,0.0,0.0,0.0,0.0,0.0,1.0,0.0,0.0,0.0,9.0,4.0,0.0,0.0,0.0,0.0,0.0,0.0,0.0,0.0,3.0,12.0,1.0,12.17,5.01,2.5,1.49,-0.2,0.0,0.0,1.9,0.0,0.8,0.1,-1.3,-34.2,0.0,-14.0,128.8,0.0,21.4,32.0,32.0,32.800000000000004,300.0,300.0,30.6,34.5,31.200000000000003,30.700000000000003,32.4,4.95,1.99,4.97,0.16,0.0,0.0,1027.0,8228.0,0.0,0.0,0.0,0.0,0.0,1.0,0.0,0.0,0.0,-0.001,0.0,-1.4,0.0,0.3,0.0,0.0084,16.0,25903.0
2026-07-30T18:58:58.636Z,108.119,108.132,0.0,7.4,0.0,0.0,0.0,0.0,0.0,0.0,0.0,0.0,1.0,0.0,0.0,0.0,9.0,4.0,0.0,0.0,0.0,0.0,0.0,0.0,0.0,0.0,4.0,12.0,1.0,12.17,5.01,2.5,1.49,-0.2,0.0,0.0,2.0,0.0,0.3,0.1,1.0,-41.0,0.0,-13.0,126.3,0.0,21.4,32.0,32.0,32.800000000000004,300.0,300.0,30.6,34.5,31.200000000000003,30.700000000000003,32.4,4.95,2.0,4.97,0.16,0.0,0.0,1027.0,8228.0,0.0,0.0,0.0,0.0,0.0,1.0,0.0,0.0,0.0,-0.001,0.0,1.2000000000000002,0.0,0.0,0.0,0.0073,16.0,25903.0
2026-07-30T18:58:58.648Z,108.131,108.144,0.0,7.4,0.0,0.0,0.0,0.0,0.0,0.0,0.0,0.0,1.0,0.0,0.0,0.0,9.0,4.0,0.0,0.0,0.0,0.0,0.0,0.0,0.0,0.0,4.0,12.0,1.0,12.17,5.01,2.5,1.49,0.0,0.0,0.0,2.0,0.0,-0.2,-0.4,-0.1,-47.1,0.0,-12.0,124.4,0.0,21.4,32.0,32.0,32.800000000000004,300.0,300.0,30.6,34.5,31.200000000000003,30.700000000000003,32.4,4.96,2.0,4.96,0.16,0.0,0.0,1027.0,8228.0,0.0,0.0,0.0,0.0,0.0,1.0,0.0,0.0,0.0,-0.001,0.0,-0.4,0.0,-0.4,0.0,0.0062,16.0,25903.0
2026-07-30T18:58:58.660Z,108.143,108.156,0.0,7.4,0.0,0.0,0.0,0.0,0.0,0.0,0.0,0.0,1.0,0.0,0.0,0.0,9.0,4.0,0.0,0.0,0.0,0.0,0.0,0.0,0.0,0.0,6.0,12.0,1.0,12.17,5.01,2.5,1.49,-0.1,0.0,0.0,1.9,0.0,-0.2,0.1,-0.6000000000000001,-52.7,0.0,-12.0,122.9,0.0,21.4,32.0,32.0,32.800000000000004,300.0,300.0,30.6,34.5,31.200000000000003,30.700000000000003,32.4,4.95,1.99,4.97,0.16,0.0,0.0,1027.0,8228.0,0.0,0.0,0.0,0.0,0.0,1.0,0.0,0.0,0.0,0.0,0.0,-0.6000000000000001,0.0,0.1,0.0,0.0047,16.0,25903.0
2026-07-30T18:58:58.672Z,108.155,108.168,0.0,7.4,0.0,0.0,0.0,0.0,0.0,0.0,0.0,0.0,1.0,0.0,0.0,0.0,9.0,4.0,0.0,0.0,0.0,0.0,0.0,0.0,0.0,0.0,1.0,12.0,1.0,12.17,5.01,2.5,1.49,-0.1,0.0,0.0,1.9,0.0,0.2,1.3,0.4,-57.7,0.0,-11.0,121.3,0.0,21.4,32.0,32.0,32.800000000000004,300.0,300.0,30.6,34.5,31.200000000000003,30.700000000000003,32.4,4.95,1.99,4.96,0.16,0.0,0.0,1027.0,8228.0,0.0,0.0,0.0,0.0,0.0,1.0,0.0,0.0,0.0,0.0,0.0,0.6000000000000001,0.0,1.2000000000000002,0.0,0.0038,16.0,25903.0
2026-07-30T18:58:58.684Z,108.167,108.18,0.0,7.4,0.0,0.0,0.0,0.0,0.0,0.0,0.0,0.0,1.0,0.0,0.0,0.0,9.0,4.0,0.0,0.0,0.0,0.0,0.0,0.0,0.0,0.0,2.0,12.0,1.0,12.17,5.01,2.5,1.49,-0.1,0.0,0.0,1.9,0.0,0.3,1.3,0.4,-62.3,0.0,-10.0,119.4,0.0,21.4,32.0,32.0,32.800000000000004,300.0,300.0,30.6,34.5,31.200000000000003,30.700000000000003,32.4,4.96,1.99,4.96,0.16,0.0,0.0,1027.0,8228.0,0.0,0.0,0.0,0.0,0.0,1.0,0.0,0.0,0.0,-0.001,0.0,-1.0,0.0,0.7000000000000001,0.0,0.0034,16.0,25903.0
2026-07-30T18:58:58.696Z,108.179,108.192,0.0,7.4,0.0,0.0,0.0,0.0,0.0,0.0,0.0,0.0,1.0,0.0,0.0,0.0,9.0,4.0,0.0,0.0,0.0,0.0,0.0,0.0,0.0,0.0,3.0,12.0,1.0,12.17,5.01,2.5,1.49,-0.2,0.0,0.0,1.9,0.0,-0.3,-0.4,-0.1,-66.3,0.0,-10.0,117.0,0.0,21.4,32.0,32.0,32.800000000000004,300.0,300.0,30.6,34.5,31.200000000000003,30.700000000000003,32.4,4.95,1.99,4.96,0.16,0.0,0.0,1027.0,8228.0,0.0,0.0,0.0,0.0,0.0,1.0,0.0,0.0,0.0,-0.001,0.0,-0.3,0.0,-0.4,0.0,0.0041,16.0,25903.0
2026-07-30T18:58:58.708Z,108.191,108.204,0.0,7.4,0.0,0.0,0.0,0.0,0.0,0.0,0.0,0.0,1.0,0.0,0.0,0.0,9.0,4.0,0.0,0.0,0.0,0.0,0.0,0.0,0.0,0.0,4.0,12.0,1.0,12.17,5.01,2.5,1.49,-0.3,0.0,0.0,1.9,0.0,-0.8,-0.3,-1.3,-69.9,0.0,-9.0,113.5,0.0,21.4,32.0,32.0,32.800000000000004,300.0,300.0,30.6,34.5,31.200000000000003,30.700000000000003,32.4,4.95,1.99,4.96,0.16,0.0,0.0,1027.0,8228.0,0.0,0.0,0.0,0.0,0.0,1.0,0.0,0.0,0.0,-0.001,0.0,-1.7000000000000002,0.0,-0.5,0.0,0.0052,16.0,25903.0
2026-07-30T18:58:58.720Z,108.203,108.216,0.0,7.4,0.0,0.0,0.0,0.0,0.0,0.0,0.0,0.0,1.0,0.0,0.0,0.0,9.0,4.0,0.0,0.0,0.0,0.0,0.0,0.0,0.0,0.0,6.0,12.0,1.0,12.17,5.01,2.5,1.49,-0.3,0.0,0.0,1.9,0.0,-0.3,1.3,0.4,-72.9,0.0,-9.0,108.9,0.0,21.4,32.0,32.0,32.800000000000004,300.0,300.0,30.6,34.5,31.200000000000003,30.700000000000003,32.4,4.95,2.0,4.97,0.16,0.0,0.0,1027.0,8228.0,0.0,0.0,0.0,0.0,0.0,1.0,0.0,0.0,0.0,-0.002,0.0,0.9,0.0,1.5,0.0,0.0071,16.0,25903.0
2026-07-30T18:58:58.732Z,108.215,108.228,0.0,7.4,0.0,0.0,0.0,0.0,0.0,0.0,0.0,0.0,1.0,0.0,0.0,0.0,9.0,4.0,0.0,0.0,0.0,0.0,0.0,0.0,0.0,0.0,1.0,12.0,1.0,12.14,5.0200000000000005,2.5,1.49,-0.4,0.0,0.0,1.8,0.0,-0.3,0.1,1.0,-75.3,0.0,-9.0,103.7,0.0,21.8,32.0,32.0,32.800000000000004,300.0,300.0,30.6,34.5,31.200000000000003,30.700000000000003,32.4,4.95,1.99,4.97,0.16,0.0,0.0,1027.0,8228.0,0.0,0.0,0.0,0.0,0.0,1.0,0.0,0.0,0.0,-0.002,0.0,1.1,0.0,0.5,0.0,0.0095,16.0,25903.0
2026-07-30T18:58:58.744Z,108.227,108.24,0.0,7.4,0.0,0.0,0.0,0.0,0.0,0.0,0.0,0.0,1.0,0.0,0.0,0.0,9.0,4.0,0.0,0.0,0.0,0.0,0.0,0.0,0.0,0.0,2.0,12.0,1.0,12.14,5.0200000000000005,2.5,1.49,-0.5,0.2,0.0,1.8,0.0,0.2,-0.3,-0.1,-77.2,0.0,-9.0,98.1,0.0,21.8,32.0,32.0,32.800000000000004,300.0,300.0,30.6,34.5,31.200000000000003,30.700000000000003,32.4,4.95,1.99,4.97,0.16,0.0,0.0,1027.0,8228.0,0.0,0.0,0.0,0.0,0.0,1.0,0.0,0.0,0.0,-0.003,0.0,-0.1,0.0,-0.4,0.0,0.0111,16.0,25903.0
2026-07-30T18:58:58.756Z,108.239,108.252,0.0,7.4,0.0,0.0,0.0,0.0,0.0,0.0,0.0,0.0,1.0,0.0,0.0,0.0,9.0,4.0,0.0,0.0,0.0,0.0,0.0,0.0,0.0,0.0,3.0,12.0,1.0,12.14,5.0200000000000005,2.5,1.49,-0.7000000000000001,0.2,0.0,1.8,0.0,0.2,0.2,-0.1,-78.4,0.0,-9.0,90.6,0.0,21.8,32.0,32.0,32.800000000000004,300.0,300.0,30.6,34.5,31.200000000000003,30.700000000000003,32.4,4.96,1.99,4.96,0.16,0.0,0.0,1027.0,8228.0,0.0,0.0,0.0,0.0,0.0,1.0,0.0,0.0,0.0,-0.003,0.0,-0.1,0.0,0.1,0.0,0.0125,16.0,25903.0
2026-07-30T18:58:58.773Z,108.256,108.264,0.1,7.4,0.0,0.0,0.0,0.0,0.0,0.0,0.0,0.0,1.0,0.0,0.0,0.0,9.0,4.0,0.0,0.0,0.0,0.0,0.0,0.0,0.0,0.0,3.0,12.0,1.0,12.14,5.0200000000000005,2.5,1.49,-1.0,0.4,0.0,1.8,0.0,-0.3,0.7000000000000001,0.4,-78.9,0.0,-9.0,80.60000000000001,0.0,21.8,32.0,32.0,32.800000000000004,300.0,300.0,30.6,34.5,31.200000000000003,30.700000000000003,32.4,4.96,1.99,4.96,0.16,0.0,0.0,1027.0,8228.0,0.0,0.0,0.0,0.0,0.0,1.0,0.0,0.0,0.0,-0.005,0.0,0.2,0.0,1.2000000000000002,0.0,0.0154,16.0,25903.0
2026-07-30T18:58:58.780Z,108.263,108.276,0.1,7.4,0.0,0.0,0.0,0.0,0.0,0.0,0.0,0.0,1.0,0.0,0.0,0.0,9.0,4.0,0.0,0.0,0.0,0.0,0.0,0.0,0.0,0.0,6.0,12.0,1.0,12.14,5.0200000000000005,2.5,1.49,-1.2000000000000002,0.7000000000000001,0.0,1.8,0.0,0.2,1.4,-0.1,-78.60000000000001,0.0,-9.0,68.10000000000001,0.0,21.8,32.0,32.0,32.800000000000004,300.0,300.0,30.6,34.5,31.200000000000003,30.700000000000003,32.4,4.95,1.99,4.96,0.16,0.0,0.0,1027.0,8228.0,0.0,0.0,0.0,0.0,0.0,1.0,0.0,0.0,0.0,-0.006,0.0,-0.6000000000000001,0.0,1.4,0.0,0.0206,16.0,25903.0
2026-07-30T18:58:58.792Z,108.275,108.288,0.1,7.4,0.0,0.0,0.0,0.0,0.0,0.0,0.0,0.0,1.0,0.0,0.0,0.0,9.0,4.0,0.0,0.0,0.0,0.0,0.0,0.0,0.0,0.0,6.0,12.0,1.0,12.14,5.0200000000000005,2.5,1.49,-1.3,1.1,0.0,1.8,0.0,-0.2,0.2,0.4,-77.2,0.0,-10.0,53.2,0.0,21.8,32.0,32.0,32.800000000000004,300.0,300.0,30.6,34.5,31.200000000000003,30.700000000000003,32.4,4.96,1.99,4.96,0.16,0.0,0.0,1027.0,8228.0,0.0,0.0,0.0,0.0,0.0,1.0,0.0,0.0,0.0,-0.007,0.0,0.0,0.0,0.6000000000000001,0.0,0.0263,16.0,25903.0
2026-07-30T18:58:58.804Z,108.287,108.3,0.1,7.4,0.0,0.0,0.0,0.0,0.0,0.0,0.0,0.0,1.0,0.0,0.0,0.0,9.0,4.0,0.0,0.0,0.0,0.0,0.0,0.0,0.0,0.0,1.0,12.0,1.0,12.14,5.0200000000000005,2.5,1.49,-1.2000000000000002,1.4,0.0,1.8,0.0,0.2,-0.9,-0.7000000000000001,-74.9,0.0,-11.0,37.6,0.0,21.8,32.0,32.0,32.800000000000004,300.0,300.0,30.6,34.5,31.200000000000003,30.700000000000003,32.4,4.95,2.0,4.96,0.16,0.0,0.0,1027.0,8228.0,0.0,0.0,0.0,0.0,0.0,1.0,0.0,0.0,0.0,-0.008,0.0,0.7000000000000001,0.0,-1.4,0.0,0.0318,16.0,25903.0
2026-07-30T18:58:58.816Z,108.299,108.312,0.1,7.4,0.0,0.0,0.0,0.0,0.0,0.0,0.0,0.0,1.0,0.0,0.0,0.0,9.0,4.0,0.0,0.0,0.0,0.0,0.0,0.0,0.0,0.0,2.0,12.0,1.0,12.14,5.0200000000000005,2.5,1.49,-0.9,1.6,0.0,1.8,0.0,0.2,0.1,-0.1,-71.60000000000001,0.0,-12.0,21.0,0.0,21.8,32.0,32.0,32.800000000000004,300.0,300.0,30.6,34.5,31.200000000000003,30.700000000000003,32.4,4.95,1.99,4.97,0.16,0.0,0.0,1027.0,8228.0,0.0,0.0,0.0,0.0,0.0,1.0,0.0,0.0,0.0,-0.009,0.0,-0.1,0.0,0.0,0.0,0.0345,16.0,25903.0
2026-07-30T18:58:58.829Z,108.312,108.324,0.1,7.4,0.0,0.0,0.0,0.0,0.0,0.0,0.0,0.0,1.0,0.0,0.0,0.0,9.0,4.0,0.0,0.0,0.0,0.0,0.0,0.0,0.0,0.0,3.0,12.0,1.0,12.15,5.0200000000000005,2.51,1.49,-0.4,1.8,0.0,1.8,0.0,0.2,0.1,-0.7000000000000001,-67.2,0.0,-13.0,1.9,0.0,21.700000000000003,32.0,32.0,32.800000000000004,300.0,300.0,30.6,34.5,31.200000000000003,30.700000000000003,32.4,4.96,1.99,4.97,0.16,0.0,0.0,1027.0,8228.0,0.0,0.0,0.0,0.0,0.0,1.0,0.0,0.0,0.0,-0.01,0.0,0.1,0.0,-0.7000000000000001,0.0,0.0369,16.0,25903.0
2026-07-30T18:58:58.840Z,108.323,108.336,0.0,7.4,0.0,0.0,0.0,0.0,0.0,0.0,0.0,0.0,1.0,0.0,0.0,0.0,9.0,4.0,0.0,0.0,0.0,0.0,0.0,0.0,0.0,0.0,5.0,12.0,1.0,12.15,5.0200000000000005,2.51,1.49,0.2,1.6,0.0,1.8,0.0,-0.2,-0.3,-0.1,-61.7,0.0,-14.0,341.0,0.0,21.700000000000003,32.0,32.0,32.800000000000004,300.0,300.0,30.6,34.5,31.200000000000003,30.700000000000003,32.4,4.95,1.99,4.96,0.16,0.0,0.0,1027.0,8228.0,0.0,0.0,0.0,0.0,0.0,1.0,0.0,0.0,0.0,-0.011,0.0,0.5,0.0,0.0,0.0,0.0414,16.0,25903.0
2026-07-30T18:58:58.852Z,108.335,108.348,0.0,7.4,0.0,0.0,0.0,0.0,0.0,0.0,0.0,0.0,1.0,0.0,0.0,0.0,9.0,4.0,0.0,0.0,0.0,0.0,0.0,0.0,0.0,0.0,6.0,12.0,1.0,12.15,5.0200000000000005,2.51,1.49,1.0,1.1,0.0,1.8,0.0,0.2,0.1,-0.7000000000000001,-54.900000000000006,0.0,-15.0,318.1,0.0,21.700000000000003,32.0,32.0,32.800000000000004,300.0,300.0,30.6,34.5,31.200000000000003,30.700000000000003,32.4,4.95,1.99,4.97,0.16,0.0,0.0,1027.0,8228.0,0.0,0.0,0.0,0.0,0.0,1.0,0.0,0.0,0.0,-0.012,0.0,0.6000000000000001,0.0,-0.3,0.0,0.0458,16.0,25903.0
2026-07-30T18:58:58.864Z,108.347,108.36,0.0,7.4,0.0,0.0,0.0,0.0,0.0,0.0,0.0,0.0,1.0,0.0,0.0,0.0,9.0,4.0,0.0,0.0,0.0,0.0,0.0,0.0,0.0,0.0,1.0,12.0,1.0,12.15,5.0200000000000005,2.51,1.49,1.9,0.1,0.0,1.8,0.0,0.2,0.6000000000000001,0.9,-46.900000000000006,0.0,-16.0,292.7,0.0,21.700000000000003,32.0,32.0,32.800000000000004,300.0,300.0,30.6,34.5,31.200000000000003,30.700000000000003,32.4,4.95,1.99,4.96,0.16,0.0,0.0,1027.0,8228.0,0.0,0.0,0.0,0.0,0.0,1.0,0.0,0.0,0.0,-0.013,0.0,-1.4,0.0,-0.8,0.0,0.0502,16.0,25903.0
2026-07-30T18:58:58.876Z,108.359,108.372,0.0,7.4,0.0,0.0,0.0,0.0,0.0,0.0,0.0,0.0,1.0,0.0,0.0,0.0,9.0,4.0,0.0,0.0,0.0,0.0,0.0,0.0,0.0,0.0,2.0,12.0,1.0,12.15,5.0200000000000005,2.51,1.49,2.2,-0.7000000000000001,0.0,1.9,0.0,0.2,1.2000000000000002,-0.8,-37.6,0.0,-18.0,266.2,0.0,21.700000000000003,32.0,32.0,32.800000000000004,300.0,300.0,30.6,34.5,31.200000000000003,30.700000000000003,32.4,4.96,1.99,4.96,0.16,0.0,0.0,1027.0,8228.0,0.0,0.0,0.0,0.0,0.0,1.0,0.0,0.0,0.0,-0.014,0.0,0.9,0.0,-0.8,0.0,0.0559,16.0,25903.0
2026-07-30T18:58:58.888Z,108.371,108.384,0.0,7.4,0.0,0.0,0.0,0.0,0.0,0.0,0.0,0.0,1.0,0.0,0.0,0.0,9.0,4.0,0.0,0.0,0.0,0.0,0.0,0.0,0.0,0.0,3.0,12.0,1.0,12.15,5.0200000000000005,2.51,1.49,2.1,-1.6,0.0,2.0,0.0,0.2,-1.1,-0.2,-27.1,0.0,-19.0,239.1,0.0,21.700000000000003,32.0,32.0,32.800000000000004,300.0,300.0,30.6,34.5,31.200000000000003,30.700000000000003,32.4,4.96,1.99,4.96,0.16,0.0,0.0,1027.0,8228.0,0.0,0.0,0.0,0.0,0.0,1.0,0.0,0.0,0.0,-0.015,0.0,-0.5,0.0,1.3,0.0,0.059,16.0,25903.0
2026-07-30T18:58:58.900Z,108.383,108.396,0.0,7.4,0.0,0.0,0.0,0.0,0.0,0.0,0.0,0.0,1.0,0.0,0.0,0.0,9.0,4.0,0.0,0.0,0.0,0.0,0.0,0.0,0.0,0.0,4.0,12.0,1.0,12.15,5.0200000000000005,2.51,1.49,1.7000000000000002,-2.1,0.0,2.0,0.0,0.2,0.0,0.9,-15.3,0.0,-21.0,212.7,0.0,21.700000000000003,32.0,32.0,32.800000000000004,300.0,300.0,30.6,34.5,31.200000000000003,30.700000000000003,32.4,4.96,1.99,4.97,0.16,0.0,0.0,1027.0,8228.0,0.0,0.0,0.0,0.0,0.0,1.0,0.0,0.0,0.0,-0.015,0.0,0.0,0.0,-1.0,0.0,0.0609,16.0,25903.0
2026-07-30T18:58:58.912Z,108.395,108.408,0.0,7.4,0.0,0.0,0.0,0.0,0.0,0.0,0.0,0.0,1.0,0.0,0.0,0.0,9.0,4.0,0.0,0.0,0.0,0.0,0.0,0.0,0.0,0.0,6.0,12.0,1.0,12.15,5.0200000000000005,2.51,1.49,0.9,-2.3000000000000003,0.0,2.0,0.0,0.8,0.6000000000000001,-0.8,-2.6,0.0,-22.0,188.0,0.0,21.700000000000003,32.0,32.0,32.800000000000004,300.0,300.0,30.6,34.5,31.200000000000003,30.700000000000003,32.4,4.96,2.0,4.96,0.16,0.0,0.0,1027.0,8228.0,0.0,0.0,0.0,0.0,0.0,1.0,0.0,0.0,0.0,-0.014,0.0,0.3,0.0,0.7000000000000001,0.0,0.0604,16.0,25903.0
2026-07-30T18:58:58.924Z,108.407,108.42,0.0,7.4,0.0,0.0,0.0,0.0,0.0,0.0,0.0,0.0,1.0,0.0,0.0,0.0,9.0,4.0,0.0,0.0,0.0,0.0,0.0,0.0,0.0,0.0,1.0,12.0,1.0,12.15,5.0200000000000005,2.51,1.49,0.0,-1.8,0.0,2.0,0.0,0.2,1.2000000000000002,-0.8,-6.800000000000001,0.0,-22.0,163.70000000000002,0.0,21.700000000000003,32.0,32.0,32.800000000000004,300.0,300.0,30.6,34.5,31.200000000000003,30.700000000000003,32.4,4.96,1.99,4.96,0.16,0.0,0.0,1027.0,8228.0,0.0,0.0,0.0,0.0,0.0,1.0,0.0,0.0,0.0,-0.013,0.0,0.6000000000000001,0.0,1.0,0.0,0.0572,16.0,25903.0
2026-07-30T18:58:58.936Z,108.419,108.432,0.0,7.4,0.0,0.0,0.0,0.0,0.0,0.0,0.0,0.0,1.0,0.0,0.0,0.0,9.0,4.0,0.0,0.0,0.0,0.0,0.0,0.0,0.0,0.0,2.0,12.0,1.0,12.15,5.0,2.5,1.49,-0.9,-1.1,0.0,2.1,0.0,-0.3,0.6000000000000001,-0.7000000000000001,-17.400000000000002,0.0,-23.0,140.9,0.0,21.4,32.0,32.0,32.800000000000004,300.0,300.0,30.5,34.6,31.200000000000003,30.700000000000003,32.4,4.95,1.99,4.97,0.16,0.0,0.0,1027.0,8228.0,0.0,0.0,0.0,0.0,0.0,1.0,0.0,0.0,0.0,-0.013,0.0,-0.2,0.0,0.8,0.0,0.0555,16.0,25903.0
2026-07-30T18:58:58.948Z,108.431,108.444,0.0,7.4,0.0,0.0,0.0,0.0,0.0,0.0,0.0,0.0,1.0,0.0,0.0,0.0,9.0,4.0,0.0,0.0,0.0,0.0,0.0,0.0,0.0,0.0,3.0,12.0,1.0,12.15,5.0,2.5,1.49,-1.6,-0.3,0.0,2.0,0.0,-0.3,-1.0,-1.9,-25.5,0.0,-24.0,117.8,0.0,21.4,32.0,32.0,32.800000000000004,300.0,300.0,30.5,34.6,31.200000000000003,30.700000000000003,32.4,4.96,1.99,4.96,0.16,0.0,0.0,1027.0,8228.0,0.0,0.0,0.0,0.0,0.0,1.0,0.0,0.0,0.0,-0.013,0.0,-2.8000000000000003,0.0,-1.2000000000000002,0.0,0.0529,16.0,25903.0
2026-07-30T18:58:58.960Z,108.443,108.456,0.0,7.4,0.0,0.0,0.0,0.0,0.0,0.0,0.0,0.0,1.0,0.0,0.0,0.0,9.0,4.0,0.0,0.0,0.0,0.0,0.0,0.0,0.0,0.0,4.0,12.0,1.0,12.15,5.0,2.5,1.49,-1.9,0.5,0.0,2.0,0.0,0.2,0.6000000000000001,0.9,-31.4,0.0,-24.0,94.7,0.0,21.4,32.0,32.0,32.800000000000004,300.0,300.0,30.5,34.6,31.200000000000003,30.700000000000003,32.4,4.96,2.0,4.97,0.16,0.0,0.0,1027.0,8228.0,0.0,0.0,0.0,0.0,0.0,1.0,0.0,0.0,0.0,-0.013,0.0,1.0,0.0,1.1,0.0,0.0523,16.0,25903.0
2026-07-30T18:58:58.972Z,108.455,108.468,0.0,7.4,0.0,0.0,0.0,0.0,0.0,0.0,0.0,0.0,1.0,0.0,0.0,0.0,9.0,4.0,0.0,0.0,0.0,0.0,0.0,0.0,0.0,0.0,6.0,12.0,1.0,12.15,5.0,2.5,1.49,-1.9,1.1,0.0,2.0,0.0,-0.3,0.0,-0.2,-35.1,0.0,-25.0,72.7,0.0,21.4,32.0,32.0,32.800000000000004,300.0,300.0,30.5,34.6,31.200000000000003,30.700000000000003,32.4,4.95,1.99,4.97,0.16,0.0,0.0,1027.0,8228.0,0.0,0.0,0.0,0.0,0.0,1.0,0.0,0.0,0.0,-0.012,0.0,-0.1,0.0,-0.1,0.0,0.0525,16.0,25903.0
2026-07-30T18:58:58.984Z,108.467,108.48,0.0,7.4,0.0,0.0,0.0,0.0,0.0,0.0,0.0,0.0,1.0,0.0,0.0,0.0,9.0,4.0,0.0,0.0,0.0,0.0,0.0,0.0,0.0,0.0,1.0,12.0,1.0,12.15,5.0,2.5,1.49,-1.6,1.5,0.0,2.1,0.0,-0.3,0.6000000000000001,0.9,-37.1,0.0,-25.0,52.2,0.0,21.4,32.0,32.0,32.800000000000004,300.0,300.0,30.5,34.6,31.200000000000003,30.700000000000003,32.4,4.95,1.99,4.97,0.16,0.0,0.0,1027.0,8228.0,0.0,0.0,0.0,0.0,0.0,1.0,0.0,0.0,0.0,-0.011,0.0,0.0,0.0,1.6,0.0,0.0506,16.0,25903.0
2026-07-30T18:58:58.996Z,108.479,108.492,0.0,7.4,0.0,0.0,0.0,0.0,0.0,0.0,0.0,0.0,1.0,0.0,0.0,0.0,9.0,4.0,0.0,0.0,0.0,0.0,0.0,0.0,0.0,0.0,2.0,12.0,1.0,12.15,5.0,2.5,1.49,-1.2000000000000002,1.6,0.0,2.0,0.0,0.2,-0.5,-0.7000000000000001,-37.5,0.0,-25.0,33.2,0.0,21.4,32.0,32.0,32.800000000000004,300.0,300.0,30.5,34.6,31.200000000000003,30.700000000000003,32.4,4.96,2.0,4.96,0.16,0.0,0.0,1027.0,8228.0,0.0,0.0,0.0,0.0,0.0,1.0,0.0,0.0,0.0,-0.011,0.0,0.4,0.0,-1.2000000000000002,0.0,0.0479,16.0,25903.0
2026-07-30T18:58:59.008Z,108.491,108.504,0.0,7.4,0.0,0.0,0.0,0.0,0.0,0.0,0.0,0.0,1.0,0.0,0.0,0.0,9.0,4.0,0.0,0.0,0.0,0.0,0.0,0.0,0.0,0.0,4.0,12.0,1.0,12.15,5.0,2.5,1.49,-0.8,1.6,0.0,1.9,0.0,-0.3,0.0,0.4,-36.5,0.0,-25.0,15.5,0.0,21.4,32.0,32.0,32.800000000000004,300.0,300.0,30.5,34.6,31.200000000000003,30.700000000000003,32.4,4.96,1.99,4.97,0.16,0.0,0.0,1027.0,8228.0,0.0,0.0,0.0,0.0,0.0,1.0,0.0,0.0,0.0,-0.01,0.0,-0.2,0.0,0.5,0.0,0.0443,16.0,25903.0
2026-07-30T18:58:59.020Z,108.503,108.516,0.0,7.4,0.0,0.0,0.0,0.0,0.0,0.0,0.0,0.0,1.0,0.0,0.0,0.0,9.0,4.0,0.0,0.0,0.0,0.0,0.0,0.0,0.0,0.0,5.0,12.0,1.0,12.15,5.0,2.5,1.49,-0.2,1.4,0.0,2.0,0.0,0.8,0.6000000000000001,0.4,-34.4,0.0,-25.0,358.40000000000003,0.0,21.4,32.0,32.0,32.800000000000004,300.0,300.0,30.5,34.6,31.200000000000003,30.700000000000003,32.4,4.95,1.99,4.97,0.16,0.0,0.0,1027.0,8228.0,0.0,0.0,0.0,0.0,0.0,1.0,0.0,0.0,0.0,-0.009,0.0,-1.0,0.0,0.4,0.0,0.0412,16.0,25903.0
2026-07-30T18:58:59.033Z,108.516,108.528,0.0,7.4,0.0,0.0,0.0,0.0,0.0,0.0,0.0,0.0,1.0,0.0,0.0,0.0,9.0,4.0,0.0,0.0,0.0,0.0,0.0,0.0,0.0,0.0,6.0,12.0,1.0,12.18,5.0200000000000005,2.51,1.49,0.1,1.2000000000000002,0.0,1.9,0.0,1.3,0.0,1.0,-31.200000000000003,0.0,-25.0,342.20000000000005,0.0,21.200000000000003,32.0,32.0,32.800000000000004,300.0,300.0,30.5,34.6,31.200000000000003,30.700000000000003,32.4,4.96,1.99,4.96,0.16,0.0,0.0,1027.0,8228.0,0.0,0.0,0.0,0.0,0.0,1.0,0.0,0.0,0.0,-0.009,0.0,-0.9,0.0,0.7000000000000001,0.0,0.0395,16.0,25903.0
2026-07-30T18:58:59.044Z,108.527,108.54,0.0,7.4,0.0,0.0,0.0,0.0,0.0,0.0,0.0,0.0,1.0,0.0,0.0,0.0,9.0,4.0,0.0,0.0,0.0,0.0,0.0,0.0,0.0,0.0,1.0,12.0,1.0,12.18,5.0200000000000005,2.51,1.49,0.4,0.9,0.0,1.9,0.0,0.2,0.0,2.2,-27.0,0.0,-25.0,327.1,0.0,21.200000000000003,32.0,32.0,32.800000000000004,300.0,300.0,30.5,34.6,31.200000000000003,30.700000000000003,32.4,4.95,1.99,4.96,0.16,0.0,0.0,1027.0,8228.0,0.0,0.0,0.0,0.0,0.0,1.0,0.0,0.0,0.0,-0.008,0.0,-2.3000000000000003,0.0,1.1,0.0,0.0375,16.0,25903.0
2026-07-30T18:58:59.056Z,108.539,108.552,0.0,7.4,0.0,0.0,0.0,0.0,0.0,0.0,0.0,0.0,1.0,0.0,0.0,0.0,9.0,4.0,0.0,0.0,0.0,0.0,0.0,0.0,0.0,0.0,2.0,12.0,1.0,12.18,5.0200000000000005,2.51,1.49,0.7000000000000001,0.6000000000000001,0.0,1.9,0.0,0.2,0.6000000000000001,-0.1,-22.1,0.0,-24.0,312.20000000000005,0.0,21.200000000000003,32.0,32.0,32.800000000000004,300.0,300.0,30.5,34.6,31.200000000000003,30.700000000000003,32.4,4.95,1.99,4.97,0.16,0.0,0.0,1027.0,8228.0,0.0,0.0,0.0,0.0,0.0,1.0,0.0,0.0,0.0,-0.008,0.0,-0.3,0.0,-0.6000000000000001,0.0,0.0352,16.0,25903.0
2026-07-30T18:58:59.069Z,108.552,108.564,0.0,7.4,0.0,0.0,0.0,0.0,0.0,0.0,0.0,0.0,1.0,0.0,0.0,0.0,9.0,4.0,0.0,0.0,0.0,0.0,0.0,0.0,0.0,0.0,4.0,12.0,1.0,12.18,5.0200000000000005,2.51,1.49,1.0,0.2,0.0,1.9,0.0,0.3,-0.4,-1.2000000000000002,-16.5,0.0,-24.0,296.1,0.0,21.200000000000003,32.0,32.0,32.800000000000004,300.0,300.0,30.5,34.6,31.200000000000003,30.700000000000003,32.4,4.95,1.99,4.97,0.16,0.0,0.0,1027.0,8228.0,0.0,0.0,0.0,0.0,0.0,1.0,0.0,0.0,0.0,-0.008,0.0,1.7000000000000002,0.0,0.5,0.0,0.0338,16.0,25903.0
2026-07-30T18:58:59.083Z,108.566,108.576,0.0,7.4,0.0,0.0,0.0,0.0,0.0,0.0,0.0,0.0,1.0,0.0,0.0,0.0,9.0,4.0,0.0,0.0,0.0,0.0,0.0,0.0,0.0,0.0,4.0,12.0,1.0,12.18,5.0200000000000005,2.51,1.49,1.1,0.0,0.0,1.9,0.0,0.3,-0.4,-0.1,-10.0,0.0,-24.0,280.8,0.0,21.200000000000003,32.0,32.0,32.800000000000004,300.0,300.0,30.5,34.6,31.200000000000003,30.700000000000003,32.4,4.96,1.99,4.96,0.16,0.0,0.0,1027.0,8228.0,0.0,0.0,0.0,0.0,0.0,1.0,0.0,0.0,0.0,-0.008,0.0,0.2,0.0,0.5,0.0,0.0356,16.0,25903.0
2026-07-30T18:58:59.092Z,108.575,108.588,0.0,7.4,0.0,0.0,0.0,0.0,0.0,0.0,0.0,0.0,1.0,0.0,0.0,0.0,9.0,4.0,0.0,0.0,0.0,0.0,0.0,0.0,0.0,0.0,2.0,12.0,1.0,12.18,5.0200000000000005,2.51,1.49,1.2000000000000002,-0.3,0.0,1.9,0.0,-0.2,-0.4,1.0,-3.0,0.0,-24.0,265.7,0.0,21.200000000000003,32.0,32.0,32.800000000000004,300.0,300.0,30.5,34.6,31.200000000000003,30.700000000000003,32.4,4.95,1.99,4.97,0.16,0.0,0.0,1027.0,8228.0,0.0,0.0,0.0,0.0,0.0,1.0,0.0,0.0,0.0,-0.008,0.0,-1.0,0.0,-0.1,0.0,0.0357,16.0,25903.0
2026-07-30T18:58:59.104Z,108.587,108.6,0.0,7.4,0.0,0.0,0.0,0.0,0.0,0.0,0.0,0.0,1.0,0.0,0.0,0.0,9.0,4.0,0.0,0.0,0.0,0.0,0.0,0.0,0.0,0.0,4.0,12.0,1.0,12.18,5.0200000000000005,2.51,1.49,1.1,-0.4,0.0,1.9,0.0,0.8,0.0,0.4,4.5,0.0,-23.0,253.2,0.0,21.200000000000003,32.0,32.0,32.800000000000004,300.0,300.0,30.5,34.6,31.200000000000003,30.700000000000003,32.4,4.95,1.99,4.96,0.16,0.0,0.0,1027.0,8228.0,0.0,0.0,0.0,0.0,0.0,1.0,0.0,0.0,0.0,-0.007,0.0,-0.3,0.0,-0.4,0.0,0.035,16.0,25903.0
2026-07-30T18:58:59.116Z,108.599,108.612,0.0,7.4,0.0,0.0,0.0,0.0,0.0,0.0,0.0,0.0,1.0,0.0,0.0,0.0,9.0,4.0,0.0,0.0,0.0,0.0,0.0,0.0,0.0,0.0,5.0,12.0,1.0,12.18,5.0200000000000005,2.51,1.49,0.9,-0.7000000000000001,0.0,1.9,0.0,0.3,0.1,-1.2000000000000002,12.5,0.0,-23.0,239.3,0.0,21.200000000000003,32.0,32.0,32.800000000000004,300.0,300.0,30.5,34.6,31.200000000000003,30.700000000000003,32.4,4.96,1.99,4.96,0.16,0.0,0.0,1027.0,8228.0,0.0,0.0,0.0,0.0,0.0,1.0,0.0,0.0,0.0,-0.007,0.0,0.7000000000000001,0.0,1.2000000000000002,0.0,0.0292,16.0,25903.0
2026-07-30T18:58:59.128Z,108.611,108.624,0.0,7.4,0.0,0.0,0.0,0.0,0.0,0.0,0.0,0.0,1.0,0.0,0.0,0.0,9.0,4.0,0.0,0.0,0.0,0.0,0.0,0.0,0.0,0.0,6.0,12.0,1.0,12.18,5.0200000000000005,2.51,1.49,0.7000000000000001,-0.6000000000000001,0.0,1.9,0.0,-0.2,-1.0,-0.6000000000000001,20.8,0.0,-22.0,227.9,0.0,21.200000000000003,32.0,32.0,32.800000000000004,300.0,300.0,30.5,34.6,31.200000000000003,30.700000000000003,32.4,4.96,1.99,4.96,0.16,0.0,0.0,1027.0,8228.0,0.0,0.0,0.0,0.0,0.0,1.0,0.0,0.0,0.0,-0.006,0.0,-0.5,0.0,1.6,0.0,0.0305,16.0,25903.0
2026-07-30T18:58:59.140Z,108.623,108.636,0.0,7.4,0.0,0.0,0.0,0.0,0.0,0.0,0.0,0.0,1.0,0.0,0.0,0.0,9.0,4.0,0.0,0.0,0.0,0.0,0.0,0.0,0.0,0.0,2.0,12.0,1.0,12.15,5.01,2.51,1.49,0.5,-0.5,0.0,1.9,0.0,-0.2,-0.5,-0.1,29.200000000000003,0.0,-22.0,219.2,0.0,21.4,32.0,32.0,32.7,300.0,300.0,30.5,34.6,31.200000000000003,30.700000000000003,32.4,4.95,1.99,4.97,0.16,0.0,0.0,1027.0,8228.0,0.0,0.0,0.0,0.0,0.0,1.0,0.0,0.0,0.0,-0.005,0.0,-0.4,0.0,0.5,0.0,0.0272,16.0,25903.0
2026-07-30T18:58:59.152Z,108.635,108.648,0.0,7.4,0.0,0.0,0.0,0.0,0.0,0.0,0.0,0.0,1.0,0.0,0.0,0.0,9.0,4.0,0.0,0.0,0.0,0.0,0.0,0.0,0.0,0.0,3.0,12.0,1.0,12.15,5.01,2.51,1.49,0.3,-0.3,0.0,1.9,0.0,-0.1,0.0,0.0,37.5,0.0,-21.0,213.0,0.0,21.4,32.0,32.0,32.7,300.0,300.0,30.5,34.6,31.200000000000003,30.700000000000003,32.4,4.95,2.0,4.96,0.16,0.0,0.0,1027.0,8228.0,0.0,0.0,0.0,0.0,0.0,1.0,0.0,0.0,0.0,-0.004,0.0,0.0,0.0,0.0,0.0,0.0218,16.0,25903.0
2026-07-30T18:58:59.164Z,108.647,108.66,0.0,7.4,0.0,0.0,0.0,0.0,0.0,0.0,0.0,0.0,1.0,0.0,0.0,0.0,9.0,4.0,0.0,0.0,0.0,0.0,0.0,0.0,0.0,0.0,4.0,12.0,1.0,12.15,5.01,2.51,1.49,0.2,-0.3,0.0,1.9,0.0,-0.2,0.6000000000000001,2.8000000000000003,45.6,0.0,-20.0,208.7,0.0,21.4,32.0,32.0,32.7,300.0,300.0,30.5,34.6,31.200000000000003,30.700000000000003,32.4,4.96,1.99,4.96,0.16,0.0,0.0,1027.0,8228.0,0.0,0.0,0.0,0.0,0.0,1.0,0.0,0.0,0.0,-0.002,0.0,0.7000000000000001,0.0,-3.7,0.0,0.016,16.0,25903.0
2026-07-30T18:58:59.176Z,108.659,108.672,0.0,7.4,0.0,0.0,0.0,0.0,0.0,0.0,0.0,0.0,1.0,0.0,0.0,0.0,9.0,4.0,0.0,0.0,0.0,0.0,0.0,0.0,0.0,0.0,5.0,12.0,1.0,12.15,5.01,2.51,1.49,0.2,-0.2,0.0,1.8,0.0,-0.7000000000000001,-1.0,-1.8,53.5,0.0,-19.0,204.6,0.0,21.4,32.0,32.0,32.7,300.0,300.0,30.5,34.6,31.200000000000003,30.700000000000003,32.4,4.95,1.99,4.96,0.16,0.0,0.0,1027.0,8228.0,0.0,0.0,0.0,0.0,0.0,1.0,0.0,0.0,0.0,-0.002,0.0,-1.2000000000000002,0.0,2.6,0.0,0.0114,16.0,25903.0
2026-07-30T18:58:59.188Z,108.671,108.684,0.0,7.4,0.0,0.0,0.0,0.0,0.0,0.0,0.0,0.0,1.0,0.0,0.0,0.0,9.0,4.0,0.0,0.0,0.0,0.0,0.0,0.0,0.0,0.0,6.0,12.0,1.0,12.15,5.01,2.51,1.49,0.2,-0.2,0.0,1.8,0.0,0.3,-1.0,-0.7000000000000001,61.0,0.0,-18.0,201.0,0.0,21.4,32.0,32.0,32.7,300.0,300.0,30.5,34.6,31.200000000000003,30.700000000000003,32.4,4.96,1.99,4.96,0.16,0.0,0.0,1027.0,8228.0,0.0,0.0,0.0,0.0,0.0,1.0,0.0,0.0,0.0,-0.002,0.0,0.0,0.0,0.7000000000000001,0.0,0.0096,16.0,25903.0
2026-07-30T18:58:59.201Z,108.684,108.696,0.0,7.4,0.0,0.0,0.0,0.0,0.0,0.0,0.0,0.0,1.0,0.0,0.0,0.0,9.0,4.0,0.0,0.0,0.0,0.0,0.0,0.0,0.0,0.0,1.0,12.0,1.0,12.15,5.01,2.51,1.49,0.1,-0.2,0.0,1.8,0.0,-0.2,0.0,0.0,68.2,0.0,-17.0,198.0,0.0,21.4,32.0,32.0,32.7,300.0,300.0,30.5,34.6,31.200000000000003,30.700000000000003,32.4,4.96,2.0,4.96,0.16,0.0,0.0,1027.0,8228.0,0.0,0.0,0.0,0.0,0.0,1.0,0.0,0.0,0.0,-0.001,0.0,0.0,0.0,0.0,0.0,0.0086,16.0,25903.0
2026-07-30T18:58:59.212Z,108.695,108.708,0.0,7.4,0.0,0.0,0.0,0.0,0.0,0.0,0.0,0.0,1.0,0.0,0.0,0.0,9.0,4.0,0.0,0.0,0.0,0.0,0.0,0.0,0.0,0.0,2.0,12.0,1.0,12.15,5.01,2.51,1.49,0.1,-0.2,0.0,1.8,0.0,-0.2,0.0,-0.6000000000000001,75.2,0.0,-16.0,195.4,0.0,21.4,32.0,32.0,32.7,300.0,300.0,30.5,34.6,31.200000000000003,30.700000000000003,32.4,4.95,1.99,4.96,0.16,0.0,0.0,1027.0,8228.0,0.0,0.0,0.0,0.0,0.0,1.0,0.0,0.0,0.0,-0.001,0.0,1.5,0.0,-0.9,0.0,0.0074,16.0,25903.0
2026-07-30T18:58:59.224Z,108.707,108.72,0.0,7.4,0.0,0.0,0.0,0.0,0.0,0.0,0.0,0.0,1.0,0.0,0.0,0.0,9.0,4.0,0.0,0.0,0.0,0.0,0.0,0.0,0.0,0.0,3.0,12.0,1.0,12.15,5.01,2.51,1.49,0.1,-0.2,0.0,1.8,0.0,0.2,0.0,1.0,81.80000000000001,0.0,-15.0,192.5,0.0,21.4,32.0,32.0,32.7,300.0,300.0,30.5,34.6,31.200000000000003,30.700000000000003,32.4,4.95,1.99,4.97,0.16,0.0,0.0,1027.0,8228.0,0.0,0.0,0.0,0.0,0.0,1.0,0.0,0.0,0.0,-0.001,0.0,0.4,0.0,-1.2000000000000002,0.0,0.0064,16.0,25903.0
2026-07-30T18:58:59.238Z,108.721,108.732,0.0,7.4,0.0,0.0,0.0,0.0,0.0,0.0,0.0,0.0,1.0,0.0,0.0,0.0,9.0,4.0,0.0,0.0,0.0,0.0,0.0,0.0,0.0,0.0,5.0,12.0,1.0,12.18,5.0200000000000005,2.51,1.49,0.0,-0.2,0.0,1.8,0.0,0.2,-0.5,1.0,88.2,0.0,-14.0,189.5,0.0,21.9,32.0,32.0,32.7,300.0,300.0,30.700000000000003,34.6,31.200000000000003,30.700000000000003,32.4,4.96,2.0,4.96,0.16,0.0,0.0,1027.0,8228.0,0.0,0.0,0.0,0.0,0.0,1.0,0.0,0.0,0.0,-0.001,0.0,-0.1,0.0,-1.0,0.0,0.006,16.0,25903.0
2026-07-30T18:58:59.248Z,108.731,108.744,0.0,7.4,0.0,0.0,0.0,0.0,0.0,0.0,0.0,0.0,1.0,0.0,0.0,0.0,9.0,4.0,0.0,0.0,0.0,0.0,0.0,0.0,0.0,0.0,6.0,12.0,1.0,12.18,5.0200000000000005,2.51,1.49,0.0,-0.2,0.0,1.8,0.0,0.2,1.2000000000000002,-0.6000000000000001,94.3,0.0,-13.0,186.2,0.0,21.9,32.0,32.0,32.7,300.0,300.0,30.700000000000003,34.6,31.200000000000003,30.700000000000003,32.4,4.96,1.99,4.97,0.16,0.0,0.0,1027.0,8228.0,0.0,0.0,0.0,0.0,0.0,1.0,0.0,0.0,0.0,-0.001,0.0,1.0,0.0,0.5,0.0,0.0068,16.0,25903.0
2026-07-30T18:58:59.260Z,108.743,108.756,0.0,7.4,0.0,0.0,0.0,0.0,0.0,0.0,0.0,0.0,1.0,0.0,0.0,0.0,9.0,4.0,0.0,0.0,0.0,0.0,0.0,0.0,0.0,0.0,1.0,12.0,1.0,12.18,5.0200000000000005,2.51,1.49,0.0,-0.1,0.0,1.8,0.0,-0.2,0.6000000000000001,1.1,100.2,0.0,-12.0,183.3,0.0,21.9,32.0,32.0,32.7,300.0,300.0,30.700000000000003,34.6,31.200000000000003,30.700000000000003,32.4,4.95,1.99,4.97,0.17,0.0,0.0,1027.0,8228.0,0.0,0.0,0.0,0.0,0.0,1.0,0.0,0.0,0.0,-0.001,0.0,1.3,0.0,-1.2000000000000002,0.0,0.0072,16.0,25903.0
2026-07-30T18:58:59.272Z,108.755,108.768,0.0,7.4,0.0,0.0,0.0,0.0,0.0,0.0,0.0,0.0,1.0,0.0,0.0,0.0,9.0,4.0,0.0,0.0,0.0,0.0,0.0,0.0,0.0,0.0,2.0,12.0,1.0,12.18,5.0200000000000005,2.51,1.49,0.0,0.0,0.0,1.8,0.0,-0.2,0.6000000000000001,0.4,105.8,0.0,-12.0,181.6,0.0,21.9,32.0,32.0,32.7,300.0,300.0,30.700000000000003,34.6,31.200000000000003,30.700000000000003,32.4,4.96,1.99,4.96,0.16,0.0,0.0,1027.0,8228.0,0.0,0.0,0.0,0.0,0.0,1.0,0.0,0.0,0.0,-0.001,0.0,1.0,0.0,-0.5,0.0,0.0069,16.0,25903.0
2026-07-30T18:58:59.284Z,108.767,108.78,0.0,7.4,0.0,0.0,0.0,0.0,0.0,0.0,0.0,0.0,1.0,0.0,0.0,0.0,9.0,4.0,0.0,0.0,0.0,0.0,0.0,0.0,0.0,0.0,3.0,12.0,1.0,12.18,5.0200000000000005,2.51,1.49,0.0,0.1,0.0,1.8,0.0,0.2,-0.5,-0.7000000000000001,111.1,0.0,-11.0,181.3,0.0,21.9,32.0,32.0,32.7,300.0,300.0,30.700000000000003,34.6,31.200000000000003,30.700000000000003,32.4,4.96,2.0,4.97,0.16,0.0,0.0,1027.0,8228.0,0.0,0.0,0.0,0.0,0.0,1.0,0.0,0.0,0.0,0.0,0.0,-1.0,0.0,0.7000000000000001,0.0,0.0046,16.0,25903.0
2026-07-30T18:58:59.296Z,108.779,108.792,0.0,7.4,0.0,0.0,0.0,0.0,0.0,0.0,0.0,0.0,1.0,0.0,0.0,0.0,9.0,4.0,0.0,0.0,0.0,0.0,0.0,0.0,0.0,0.0,4.0,12.0,1.0,12.18,5.0200000000000005,2.51,1.49,0.0,0.2,0.0,1.8,0.0,-0.3,0.0,0.4,116.0,0.0,-10.0,182.1,0.0,21.9,32.0,32.0,32.7,300.0,300.0,30.700000000000003,34.6,31.200000000000003,30.700000000000003,32.4,4.96,1.99,4.97,0.16,0.0,0.0,1027.0,8228.0,0.0,0.0,0.0,0.0,0.0,1.0,0.0,0.0,0.0,0.0,0.0,0.2,0.0,-0.4,0.0,0.0019,16.0,25903.0
2026-07-30T18:58:59.308Z,108.791,108.804,0.0,7.4,0.0,0.0,0.0,0.0,0.0,0.0,0.0,0.0,1.0,0.0,0.0,0.0,9.0,4.0,0.0,0.0,0.0,0.0,0.0,0.0,0.0,0.0,5.0,12.0,1.0,12.18,5.0200000000000005,2.51,1.49,-0.1,0.2,0.0,1.8,0.0,-0.3,0.0,-0.7000000000000001,120.4,0.0,-9.0,183.9,0.0,21.9,32.0,32.0,32.7,300.0,300.0,30.700000000000003,34.6,31.200000000000003,30.700000000000003,32.4,4.96,1.99,4.97,0.16,0.0,0.0,1027.0,8228.0,0.0,0.0,0.0,0.0,0.0,1.0,0.0,0.0,0.0,0.0,0.0,-0.2,0.0,0.7000000000000001,0.0,0.001,16.0,25903.0
2026-07-30T18:58:59.320Z,108.803,108.816,0.0,7.4,0.0,0.0,0.0,0.0,0.0,0.0,0.0,0.0,1.0,0.0,0.0,0.0,9.0,4.0,0.0,0.0,0.0,0.0,0.0,0.0,0.0,0.0,6.0,12.0,1.0,12.18,5.0200000000000005,2.51,1.49,-0.1,0.2,0.0,1.7000000000000002,0.0,-0.3,-1.6,-1.2000000000000002,124.4,0.0,-8.0,185.9,0.0,21.9,32.0,32.0,32.7,300.0,300.0,30.700000000000003,34.6,31.200000000000003,30.700000000000003,32.4,4.96,1.99,4.96,0.16,0.0,0.0,1027.0,8228.0,0.0,0.0,0.0,0.0,0.0,1.0,0.0,0.0,0.0,0.001,0.0,-2.5,0.0,1.5,0.0,0.0033,16.0,25903.0
2026-07-30T18:58:59.332Z,108.815,108.828,0.0,7.4,0.0,0.0,0.0,0.0,0.0,0.0,0.0,0.0,1.0,0.0,0.0,0.0,9.0,4.0,0.0,0.0,0.0,0.0,0.0,0.0,0.0,0.0,1.0,12.0,1.0,12.18,5.0200000000000005,2.51,1.49,0.0,0.1,0.0,1.8,0.0,0.2,0.0,-0.1,127.9,0.0,-7.0,187.6,0.0,21.9,32.0,32.0,32.7,300.0,300.0,30.700000000000003,34.6,31.200000000000003,30.700000000000003,32.4,4.95,1.99,4.97,0.16,0.0,0.0,1027.0,8228.0,0.0,0.0,0.0,0.0,0.0,1.0,0.0,0.0,0.0,0.001,0.0,0.0,0.0,0.1,0.0,0.0043,16.0,25903.0
2026-07-30T18:58:59.344Z,108.827,108.84,0.0,7.4,0.0,0.0,0.0,0.0,0.0,0.0,0.0,0.0,1.0,0.0,0.0,0.0,9.0,4.0,0.0,0.0,0.0,0.0,0.0,0.0,0.0,0.0,2.0,12.0,1.0,12.15,5.0200000000000005,2.5,1.5,0.0,0.0,0.0,1.7000000000000002,0.0,-0.2,1.2000000000000002,-0.6000000000000001,131.1,0.0,-7.0,188.4,0.0,21.4,32.0,32.0,32.7,300.0,300.0,30.700000000000003,34.5,31.1,30.700000000000003,32.4,4.95,1.99,4.96,0.16,0.0,0.0,1027.0,8228.0,0.0,0.0,0.0,0.0,0.0,1.0,0.0,0.0,0.0,0.0,0.0,1.1,0.0,0.5,0.0,0.0041,16.0,25903.0
2026-07-30T18:58:59.356Z,108.839,108.852,0.0,7.4,0.0,0.0,0.0,0.0,0.0,0.0,0.0,0.0,1.0,0.0,0.0,0.0,9.0,4.0,0.0,0.0,0.0,0.0,0.0,0.0,0.0,0.0,4.0,12.0,1.0,12.15,5.0200000000000005,2.5,1.5,0.0,0.0,0.0,1.7000000000000002,0.0,0.3,1.1,1.6,134.1,0.0,-6.0,188.3,0.0,21.4,32.0,32.0,32.7,300.0,300.0,30.700000000000003,34.5,31.1,30.700000000000003,32.4,4.96,1.99,4.96,0.16,0.0,0.0,1027.0,8228.0,0.0,0.0,0.0,0.0,0.0,1.0,0.0,0.0,0.0,0.0,0.0,2.0,0.0,-1.9,0.0,0.0026,16.0,25903.0
2026-07-30T18:58:59.368Z,108.851,108.864,0.0,7.4,0.0,0.0,0.0,0.0,0.0,0.0,0.0,0.0,1.0,0.0,0.0,0.0,9.0,4.0,0.0,0.0,0.0,0.0,0.0,0.0,0.0,0.0,5.0,12.0,1.0,12.15,5.0200000000000005,2.5,1.5,0.0,0.0,0.0,1.7000000000000002,0.0,-0.2,0.5,-1.2000000000000002,136.8,0.0,-6.0,187.7,0.0,21.4,32.0,32.0,32.7,300.0,300.0,30.700000000000003,34.5,31.1,30.700000000000003,32.4,4.96,1.99,4.96,0.16,0.0,0.0,1027.0,8228.0,0.0,0.0,0.0,0.0,0.0,1.0,0.0,0.0,0.0,0.0,0.0,0.0,0.0,1.2000000000000002,0.0,0.0006,16.0,25903.0
2026-07-30T18:58:59.380Z,108.863,108.876,0.0,7.4,0.0,0.0,0.0,0.0,0.0,0.0,0.0,0.0,1.0,0.0,0.0,0.0,9.0,4.0,0.0,0.0,0.0,0.0,0.0,0.0,0.0,0.0,6.0,12.0,1.0,12.15,5.0200000000000005,2.5,1.5,0.1,-0.1,0.0,1.7000000000000002,0.0,0.8,0.0,1.0,139.5,0.0,-5.0,186.4,0.0,21.4,32.0,32.0,32.7,300.0,300.0,30.700000000000003,34.5,31.1,30.700000000000003,32.4,4.95,1.99,4.97,0.16,0.0,0.0,1027.0,8228.0,0.0,0.0,0.0,0.0,0.0,1.0,0.0,0.0,0.0,0.0,0.0,0.4,0.0,-1.1,0.0,0.0009,16.0,25903.0
2026-07-30T18:58:59.402Z,108.885,108.888,0.0,7.4,0.0,0.0,0.0,0.0,0.0,0.0,0.0,0.0,1.0,0.0,0.0,0.0,9.0,4.0,0.0,0.0,0.0,0.0,0.0,0.0,0.0,0.0,1.0,12.0,1.0,12.15,5.0200000000000005,2.5,1.5,0.0,-0.2,0.0,1.7000000000000002,0.0,-0.3,0.5,-0.1,142.0,0.0,-5.0,184.4,0.0,21.4,32.0,32.0,32.7,300.0,300.0,30.700000000000003,34.5,31.1,30.700000000000003,32.4,4.95,1.99,4.96,0.16,0.0,0.0,1027.0,8228.0,0.0,0.0,0.0,0.0,0.0,1.0,0.0,0.0,0.0,0.0,0.0,0.5,0.0,0.0,0.0,0.0023,16.0,25903.0
2026-07-30T18:58:59.404Z,108.887,108.9,0.0,7.4,0.0,0.0,0.0,0.0,0.0,0.0,0.0,0.0,1.0,0.0,0.0,0.0,9.0,4.0,0.0,0.0,0.0,0.0,0.0,0.0,0.0,0.0,5.0,12.0,1.0,12.15,5.0200000000000005,2.5,1.5,0.0,-0.4,0.0,1.7000000000000002,0.0,-0.3,0.5,0.4,144.6,0.0,-5.0,180.5,0.0,21.4,32.0,32.0,32.7,300.0,300.0,30.700000000000003,34.5,31.1,30.700000000000003,32.4,4.96,1.99,4.96,0.16,0.0,0.0,1027.0,8228.0,0.0,0.0,0.0,0.0,0.0,1.0,0.0,0.0,0.0,-0.001,0.0,0.8,0.0,-0.4,0.0,0.004,16.0,25903.0
2026-07-30T18:58:59.416Z,108.899,108.912,0.0,7.4,0.0,0.0,0.0,0.0,0.0,0.0,0.0,0.0,1.0,0.0,0.0,0.0,9.0,4.0,0.0,0.0,0.0,0.0,0.0,0.0,0.0,0.0,5.0,12.0,1.0,12.15,5.0200000000000005,2.5,1.5,0.0,-0.8,0.0,1.7000000000000002,0.0,0.2,-0.6000000000000001,0.0,123.0,0.0,-5.0,173.20000000000002,0.0,21.4,32.0,32.0,32.7,300.0,300.0,30.700000000000003,34.5,31.1,30.700000000000003,32.4,4.95,1.99,4.97,0.16,0.0,0.0,1027.0,8228.0,0.0,0.0,0.0,0.0,0.0,1.0,0.0,0.0,0.0,-0.003,0.0,-0.8,0.0,0.0,0.0,0.0073,16.0,25903.0
2026-07-30T18:58:59.428Z,108.911,108.924,0.0,7.4,0.0,0.0,0.0,0.0,0.0,0.0,0.0,0.0,1.0,0.0,0.0,0.0,9.0,4.0,0.0,0.0,0.0,0.0,0.0,0.0,0.0,0.0,6.0,12.0,1.0,12.15,5.0200000000000005,2.5,1.5,-0.2,-1.1,0.0,1.7000000000000002,0.0,-0.2,-0.6000000000000001,0.0,101.9,0.0,-6.0,160.4,0.0,21.4,32.0,32.0,32.7,300.0,300.0,30.700000000000003,34.5,31.1,30.700000000000003,32.4,4.96,1.99,4.96,0.16,0.0,0.0,1027.0,8228.0,0.0,0.0,0.0,0.0,0.0,1.0,0.0,0.0,0.0,-0.006,0.0,-0.7000000000000001,0.0,-0.2,0.0,0.0137,16.0,25903.0
2026-07-30T18:58:59.441Z,108.924,108.936,0.0,7.4,0.0,0.0,0.0,0.0,0.0,0.0,0.0,0.0,1.0,0.0,0.0,0.0,9.0,4.0,0.0,0.0,0.0,0.0,0.0,0.0,0.0,0.0,1.0,12.0,1.0,12.15,5.0200000000000005,2.51,1.49,-1.0,-1.0,0.0,1.8,0.0,0.3,1.0,1.7000000000000002,83.60000000000001,0.0,-7.0,140.4,0.0,21.700000000000003,32.0,32.0,32.7,300.0,300.0,30.700000000000003,34.6,31.1,30.700000000000003,32.4,4.96,1.99,4.97,0.16,0.0,0.0,1027.0,8228.0,0.0,0.0,0.0,0.0,0.0,1.0,0.0,0.0,0.0,-0.009,0.0,2.8000000000000003,0.0,0.0,0.0,0.0246,16.0,25903.0
2026-07-30T18:58:59.452Z,108.935,108.948,0.0,7.4,0.0,0.0,0.0,0.0,0.0,0.0,0.0,0.0,1.0,0.0,0.0,0.0,9.0,4.0,0.0,0.0,0.0,0.0,0.0,0.0,0.0,0.0,2.0,12.0,1.0,12.15,5.0200000000000005,2.51,1.49,-2.3000000000000003,-0.1,0.0,2.2,0.0,-0.2,1.0,0.5,68.4,0.0,-9.0,111.2,0.0,21.700000000000003,32.0,32.0,32.7,300.0,300.0,30.700000000000003,34.6,31.1,30.700000000000003,32.4,4.95,1.99,4.97,0.16,0.0,0.0,1027.0,8228.0,0.0,0.0,0.0,0.0,0.0,1.0,0.0,0.0,0.0,-0.014,0.0,1.0,0.0,1.2000000000000002,0.0,0.0392,16.0,25903.0
2026-07-30T18:58:59.465Z,108.948,108.96,0.0,7.4,0.0,0.0,0.0,0.0,0.0,0.0,0.0,0.0,1.0,0.0,0.0,0.0,9.0,4.0,0.0,0.0,0.0,0.0,0.0,0.0,0.0,0.0,3.0,12.0,1.0,12.15,5.0200000000000005,2.51,1.49,-3.3000000000000003,1.7000000000000002,0.0,2.9000000000000004,0.0,-0.2,-0.6000000000000001,0.0,56.7,0.0,-12.0,75.7,0.0,21.700000000000003,32.0,32.0,32.7,300.0,300.0,30.700000000000003,34.6,31.1,30.700000000000003,32.4,4.95,1.99,4.97,0.16,0.0,0.0,1027.0,8228.0,0.0,0.0,0.0,0.0,0.0,1.0,0.0,0.0,0.0,-0.018,0.0,0.1,0.0,-0.7000000000000001,0.0,0.0589,16.0,25903.0
2026-07-30T18:58:59.476Z,108.959,108.972,0.0,7.4,0.0,0.0,0.0,0.0,0.0,0.0,0.0,0.0,1.0,0.0,0.0,0.0,9.0,4.0,0.0,0.0,0.0,0.0,0.0,0.0,0.0,0.0,4.0,12.0,1.0,12.15,5.0200000000000005,2.51,1.49,-2.8000000000000003,3.5,0.0,3.1,0.0,-0.2,0.0,1.0,48.6,0.0,-15.0,36.3,0.0,21.700000000000003,32.0,32.0,32.7,300.0,300.0,30.700000000000003,34.6,31.1,30.700000000000003,32.4,4.96,1.99,4.96,0.16,0.0,0.0,1027.0,8228.0,0.0,0.0,0.0,0.0,0.0,1.0,0.0,0.0,0.0,-0.019,0.0,0.2,0.0,1.1,0.0,0.0726,16.0,25903.0
2026-07-30T18:58:59.488Z,108.971,108.984,0.0,7.4,0.0,0.0,0.0,0.0,0.0,0.0,0.0,0.0,1.0,0.0,0.0,0.0,9.0,4.0,0.0,0.0,0.0,0.0,0.0,0.0,0.0,0.0,5.0,12.0,1.0,12.15,5.0200000000000005,2.51,1.49,-0.5,3.7,0.0,3.5,0.0,0.9,0.0,-0.6000000000000001,43.8,0.0,-18.0,357.3,0.0,21.700000000000003,32.0,32.0,32.7,300.0,300.0,30.700000000000003,34.6,31.1,30.700000000000003,32.4,4.96,1.99,4.97,0.16,0.0,0.0,1027.0,8228.0,0.0,0.0,0.0,0.0,0.0,1.0,0.0,0.0,0.0,-0.02,0.0,0.4,0.0,-0.6000000000000001,0.0,0.0774,16.0,25903.0
2026-07-30T18:58:59.500Z,108.983,108.996,0.0,7.4,0.0,0.0,0.0,0.0,0.0,0.0,0.0,0.0,1.0,0.0,0.0,0.0,9.0,4.0,0.0,0.0,0.0,0.0,0.0,0.0,0.0,0.0,6.0,12.0,1.0,12.15,5.0200000000000005,2.51,1.49,2.4000000000000004,1.7000000000000002,0.0,3.8,0.0,-0.7000000000000001,-0.6000000000000001,-0.6000000000000001,42.400000000000006,0.0,-21.0,314.0,0.0,21.700000000000003,32.0,32.0,32.7,300.0,300.0,30.700000000000003,34.6,31.1,30.700000000000003,32.4,4.95,1.99,4.97,0.16,0.0,0.0,1027.0,8228.0,0.0,0.0,0.0,0.0,0.0,1.0,0.0,0.0,0.0,-0.021,0.0,1.2000000000000002,0.0,0.3,0.0,0.0814,16.0,25903.0
2026-07-30T18:58:59.512Z,108.995,109.008,0.0,7.4,0.0,0.0,0.0,0.0,0.0,0.0,0.0,0.0,1.0,0.0,0.0,0.0,9.0,4.0,0.0,0.0,0.0,0.0,0.0,0.0,0.0,0.0,2.0,12.0,1.0,12.15,5.0200000000000005,2.51,1.49,4.3,-1.5,0.1,3.9,0.0,-0.2,-0.6000000000000001,0.4,44.6,0.0,-24.0,263.40000000000003,0.0,21.700000000000003,32.0,32.0,32.7,300.0,300.0,30.700000000000003,34.6,31.1,30.700000000000003,32.4,4.96,1.99,4.97,0.16,0.0,0.0,1027.0,8228.0,0.0,0.0,0.0,0.0,0.0,1.0,0.0,0.0,0.0,-0.022,0.0,-0.5,0.0,0.3,0.0,0.0858,16.0,25903.0
2026-07-30T18:58:59.524Z,109.007,109.02,0.0,7.4,0.0,0.0,0.0,0.0,0.0,0.0,0.0,0.0,1.0,0.0,0.0,0.0,9.0,4.0,0.0,0.0,0.0,0.0,0.0,0.0,0.0,0.0,3.0,12.0,1.0,12.15,5.0200000000000005,2.51,1.49,3.3000000000000003,-4.1000000000000005,0.1,4.0,0.0,-0.1,-1.1,-0.7000000000000001,50.5,0.0,-28.0,208.8,0.0,21.700000000000003,32.0,32.0,32.7,300.0,300.0,30.700000000000003,34.6,31.1,30.700000000000003,32.4,4.95,2.0,4.96,0.16,0.0,0.0,1027.0,8228.0,0.0,0.0,0.0,0.0,0.0,1.0,0.0,0.0,0.0,-0.023,0.0,-1.2000000000000002,0.0,1.4,0.0,0.0905,16.0,25903.0
2026-07-30T18:58:59.536Z,109.019,109.032,0.0,7.4,0.0,0.0,0.0,0.0,0.0,0.0,0.0,0.0,1.0,0.0,0.0,0.0,9.0,4.0,0.0,0.0,0.0,0.0,0.0,0.0,0.0,0.0,4.0,12.0,1.0,12.15,5.0200000000000005,2.51,1.49,0.0,-3.8,0.1,4.1000000000000005,0.0,-0.1,0.0,0.4,49.6,0.0,-31.0,163.20000000000002,0.0,21.700000000000003,32.0,32.0,32.7,300.0,300.0,30.700000000000003,34.6,31.1,30.700000000000003,32.4,4.95,1.99,4.97,0.16,0.0,0.0,1027.0,8228.0,0.0,0.0,0.0,0.0,0.0,1.0,0.0,0.0,0.0,-0.025,0.0,0.3,0.0,-0.3,0.0,0.0954,16.0,25903.0
2026-07-30T18:58:59.548Z,109.031,109.044,0.0,7.4,0.0,0.0,0.0,0.0,0.0,0.0,0.0,0.0,1.0,0.0,0.0,0.0,9.0,4.0,0.0,0.0,0.0,0.0,0.0,0.0,0.0,0.0,5.0,12.0,1.0,12.17,5.0200000000000005,2.51,1.49,-3.3000000000000003,-0.8,0.1,4.1000000000000005,0.0,0.3,1.1,-0.6000000000000001,35.7,0.0,-33.0,120.4,0.0,21.200000000000003,32.0,32.0,32.7,300.0,300.0,30.700000000000003,34.5,31.1,30.700000000000003,32.4,4.95,2.0,4.97,0.16,0.0,0.0,1027.0,8228.0,0.0,0.0,0.0,0.0,0.0,1.0,0.0,0.0,0.0,-0.024,0.0,-0.1,0.0,1.1,0.0,0.1004,16.0,25903.0
2026-07-30T18:58:59.560Z,109.043,109.056,0.0,7.4,0.0,0.0,0.0,0.0,0.0,0.0,0.0,0.0,1.0,0.0,0.0,0.0,9.0,4.0,0.0,0.0,0.0,0.0,0.0,0.0,0.0,0.0,1.0,12.0,1.0,12.17,5.0200000000000005,2.51,1.49,-4.4,2.7,0.1,4.2,0.0,-0.7000000000000001,-1.1,-1.2000000000000002,26.200000000000003,0.0,-35.0,70.0,0.0,21.200000000000003,32.0,32.0,32.7,300.0,300.0,30.700000000000003,34.5,31.1,30.700000000000003,32.4,4.96,2.0,4.96,0.16,0.0,0.0,1027.0,8228.0,0.0,0.0,0.0,0.0,0.0,1.0,0.0,0.0,0.0,-0.026,0.0,-0.4,0.0,-2.4000000000000004,0.0,0.0985,16.0,25903.0
2026-07-30T18:58:59.572Z,109.055,109.068,0.0,7.4,0.0,0.0,0.0,0.0,0.0,0.0,0.0,0.0,1.0,0.0,0.0,0.0,9.0,4.0,0.0,0.0,0.0,0.0,0.0,0.0,0.0,0.0,2.0,12.0,1.0,12.17,5.0200000000000005,2.51,1.49,-2.4000000000000004,4.5,0.1,4.1000000000000005,0.0,-0.1,-0.6000000000000001,1.0,21.0,0.0,-38.0,20.3,0.0,21.200000000000003,32.0,32.0,32.7,300.0,300.0,30.700000000000003,34.5,31.1,30.700000000000003,32.4,4.95,2.0,4.97,0.16,0.0,0.0,1027.0,8228.0,0.0,0.0,0.0,0.0,0.0,1.0,0.0,0.0,0.0,-0.028,0.0,0.4,0.0,0.9,0.0,0.1079,16.0,25903.0
2026-07-30T18:58:59.584Z,109.067,109.08,0.0,7.4,0.0,0.0,0.0,0.0,0.0,0.0,0.0,0.0,1.0,0.0,0.0,0.0,9.0,4.0,0.0,0.0,0.0,0.0,0.0,0.0,0.0,0.0,3.0,12.0,1.0,12.17,5.0200000000000005,2.51,1.49,0.9,3.1,0.1,4.2,0.0,-0.1,1.7000000000000002,1.0,19.8,0.0,-40.0,331.5,0.0,21.200000000000003,32.0,32.0,32.7,300.0,300.0,30.700000000000003,34.5,31.1,30.700000000000003,32.4,4.95,1.99,4.96,0.16,0.0,0.0,1027.0,8228.0,0.0,0.0,0.0,0.0,0.0,1.0,0.0,0.0,0.0,-0.027,0.0,-2.8000000000000003,0.0,-0.3,0.0,0.1124,16.0,25903.0
2026-07-30T18:58:59.596Z,109.079,109.092,0.0,7.4,0.0,0.0,0.0,0.0,0.0,0.0,0.0,0.0,1.0,0.0,0.0,0.0,9.0,4.0,0.0,0.0,0.0,0.0,0.0,0.0,0.0,0.0,5.0,12.0,1.0,12.17,5.0200000000000005,2.51,1.49,3.6,0.0,0.1,4.0,0.0,1.0,0.6000000000000001,0.4,22.200000000000003,0.0,-42.0,282.8,0.0,21.200000000000003,32.0,32.0,32.7,300.0,300.0,30.700000000000003,34.5,31.1,30.700000000000003,32.4,4.96,2.0,4.96,0.17,0.0,0.0,1027.0,8228.0,0.0,0.0,0.0,0.0,0.0,1.0,0.0,0.0,0.0,-0.027,0.0,-0.7000000000000001,0.0,-0.9,0.0,0.1103,16.0,25903.0
2026-07-30T18:58:59.608Z,109.091,109.104,0.0,7.4,0.0,0.0,0.0,0.0,0.0,0.0,0.0,0.0,1.0,0.0,0.0,0.0,9.0,4.0,0.0,0.0,0.0,0.0,0.0,0.0,0.0,0.0,6.0,12.0,1.0,12.17,5.0200000000000005,2.51,1.49,3.9,-2.9000000000000004,0.1,4.1000000000000005,0.0,-1.3,-1.0,-0.6000000000000001,27.9,0.0,-43.0,237.4,0.0,21.200000000000003,32.0,32.0,32.7,300.0,300.0,30.700000000000003,34.5,31.1,30.700000000000003,32.4,4.96,2.0,4.97,0.16,0.0,0.0,1027.0,8228.0,0.0,0.0,0.0,0.0,0.0,1.0,0.0,0.0,0.0,-0.026,0.0,-0.3,0.0,1.7000000000000002,0.0,0.1115,16.0,25903.0
2026-07-30T18:58:59.621Z,109.104,109.116,0.0,7.4,0.0,0.0,0.0,0.0,0.0,0.0,0.0,0.0,1.0,0.0,0.0,0.0,9.0,4.0,0.0,0.0,0.0,0.0,0.0,0.0,0.0,0.0,1.0,12.0,1.0,12.17,5.0200000000000005,2.51,1.49,2.0,-3.9,0.1,4.0,0.0,-0.1,-1.6,-0.6000000000000001,36.5,0.0,-45.0,192.5,0.0,21.200000000000003,32.0,32.0,32.7,300.0,300.0,30.700000000000003,34.5,31.1,30.700000000000003,32.4,4.95,1.99,4.97,0.16,0.0,0.0,1027.0,8228.0,0.0,0.0,0.0,0.0,0.0,1.0,0.0,0.0,0.0,-0.025,0.0,-2.0,0.0,1.1,0.0,0.1055,16.0,25903.0
2026-07-30T18:58:59.632Z,109.115,109.128,0.0,7.4,0.0,0.0,0.0,0.0,0.0,0.0,0.0,0.0,1.0,0.0,0.0,0.0,9.0,4.0,0.0,0.0,0.0,0.0,0.0,0.0,0.0,0.0,2.0,12.0,1.0,12.17,5.0200000000000005,2.51,1.49,-0.7000000000000001,-2.9000000000000004,0.1,4.0,0.0,0.4,0.6000000000000001,1.0,29.4,0.0,-46.0,154.20000000000002,0.0,21.200000000000003,32.0,32.0,32.7,300.0,300.0,30.700000000000003,34.5,31.1,30.700000000000003,32.4,4.95,1.99,4.96,0.16,0.0,0.0,1027.0,8228.0,0.0,0.0,0.0,0.0,0.0,1.0,0.0,0.0,0.0,-0.022,0.0,1.7000000000000002,0.0,-0.3,0.0,0.1036,16.0,25903.0
2026-07-30T18:58:59.645Z,109.128,109.14,0.0,7.4,0.0,0.0,0.0,0.0,0.0,0.0,0.0,0.0,1.0,0.0,0.0,0.0,9.0,4.0,0.0,0.0,0.0,0.0,0.0,0.0,0.0,0.0,4.0,12.0,1.0,12.18,5.0200000000000005,2.5,1.49,-2.9000000000000004,-0.4,0.1,4.0,0.0,0.4,1.2000000000000002,0.5,17.400000000000002,0.0,-46.0,117.8,0.0,21.8,32.0,32.0,32.7,300.0,300.0,30.6,34.6,31.1,30.700000000000003,32.4,4.96,2.0,4.96,0.16,0.0,0.0,1027.0,8228.0,0.0,0.0,0.0,0.0,0.0,1.0,0.0,0.0,0.0,-0.02,0.0,1.2000000000000002,0.0,1.3,0.0,0.0912,16.0,25903.0
2026-07-30T18:58:59.656Z,109.139,109.152,0.0,7.4,0.0,0.0,0.0,0.0,0.0,0.0,0.0,0.0,1.0,0.0,0.0,0.0,9.0,4.0,0.0,0.0,0.0,0.0,0.0,0.0,0.0,0.0,5.0,12.0,1.0,12.18,5.0200000000000005,2.5,1.49,-3.6,1.9,0.1,4.0,0.0,0.4,0.1,2.3000000000000003,9.1,0.0,-47.0,75.10000000000001,0.0,21.8,32.0,32.0,32.7,300.0,300.0,30.6,34.6,31.1,30.700000000000003,32.4,4.95,2.0,4.97,0.16,0.0,0.0,1027.0,8228.0,0.0,0.0,0.0,0.0,0.0,1.0,0.0,0.0,0.0,-0.023,0.0,1.8,0.0,2.0,0.0,0.0836,16.0,25903.0
2026-07-30T18:58:59.668Z,109.151,109.164,0.0,7.4,0.0,0.0,0.0,0.0,0.0,0.0,0.0,0.0,1.0,0.0,0.0,0.0,9.0,4.0,0.0,0.0,0.0,0.0,0.0,0.0,0.0,0.0,6.0,12.0,1.0,12.18,5.0200000000000005,2.5,1.49,-2.7,3.4000000000000004,0.1,4.0,0.0,0.5,-0.4,-0.6000000000000001,4.5,0.0,-48.0,33.9,0.0,21.8,32.0,32.0,32.7,300.0,300.0,30.6,34.6,31.1,30.700000000000003,32.4,4.95,2.0,4.96,0.16,0.0,0.0,1027.0,8228.0,0.0,0.0,0.0,0.0,0.0,1.0,0.0,0.0,0.0,-0.023,0.0,0.4,0.0,-1.0,0.0,0.0923,16.0,25903.0
2026-07-30T18:58:59.680Z,109.163,109.176,0.0,7.4,0.0,0.0,0.0,0.0,0.0,0.0,0.0,0.0,1.0,0.0,0.0,0.0,9.0,4.0,0.0,0.0,0.0,0.0,0.0,0.0,0.0,0.0,1.0,12.0,1.0,12.18,5.0200000000000005,2.5,1.49,-0.5,3.3000000000000003,0.1,3.9,0.0,0.4,-1.0,-1.2000000000000002,3.2,0.0,-48.0,355.70000000000005,0.0,21.8,32.0,32.0,32.7,300.0,300.0,30.6,34.6,31.1,30.700000000000003,32.4,4.95,2.0,4.97,0.16,0.0,0.0,1027.0,8228.0,0.0,0.0,0.0,0.0,0.0,1.0,0.0,0.0,0.0,-0.022,0.0,2.0,0.0,-1.1,0.0,0.0944,16.0,25903.0
2026-07-30T18:58:59.692Z,109.175,109.188,0.0,7.4,0.0,0.0,0.0,0.0,0.0,0.0,0.0,0.0,1.0,0.0,0.0,0.0,9.0,4.0,0.0,0.0,0.0,0.0,0.0,0.0,0.0,0.0,3.0,12.0,1.0,12.18,5.0200000000000005,2.5,1.49,1.6,1.6,0.1,4.0,0.0,0.4,0.1,-0.1,4.6000000000000005,0.0,-48.0,318.0,0.0,21.8,32.0,32.0,32.7,300.0,300.0,30.6,34.6,31.1,30.700000000000003,32.4,4.95,1.99,4.97,0.16,0.0,0.0,1027.0,8228.0,0.0,0.0,0.0,0.0,0.0,1.0,0.0,0.0,0.0,-0.021,0.0,0.0,0.0,-0.1,0.0,0.089,16.0,25903.0
2026-07-30T18:58:59.704Z,109.187,109.2,0.0,7.4,0.0,0.0,0.0,0.0,0.0,0.0,0.0,0.0,1.0,0.0,0.0,0.0,9.0,4.0,0.0,0.0,0.0,0.0,0.0,0.0,0.0,0.0,4.0,12.0,1.0,12.18,5.0200000000000005,2.5,1.49,2.8000000000000003,-0.2,0.1,3.9,0.0,0.5,-0.4,-0.1,8.8,0.0,-49.0,279.6,0.0,21.8,32.0,32.0,32.7,300.0,300.0,30.6,34.6,31.1,30.700000000000003,32.4,4.95,1.99,4.97,0.16,0.0,0.0,1027.0,8228.0,0.0,0.0,0.0,0.0,0.0,1.0,0.0,0.0,0.0,-0.021,0.0,0.2,0.0,0.5,0.0,0.0854,16.0,25903.0
2026-07-30T18:58:59.724Z,109.207,109.212,0.0,7.4,0.0,0.0,0.0,0.0,0.0,0.0,0.0,0.0,1.0,0.0,0.0,0.0,9.0,4.0,0.0,0.0,0.0,0.0,0.0,0.0,0.0,0.0,5.0,12.0,1.0,12.18,5.0200000000000005,2.5,1.49,3.0,-1.9,0.1,3.9,0.0,0.0,-1.6,-0.2,15.4,0.0,-49.0,241.3,0.0,21.8,32.0,32.0,32.7,300.0,300.0,30.6,34.6,31.1,30.700000000000003,32.4,4.96,2.0,4.96,0.16,0.0,0.0,1027.0,8228.0,0.0,0.0,0.0,0.0,0.0,1.0,0.0,0.0,0.0,-0.021,0.0,0.2,0.0,1.2000000000000002,0.0,0.0873,16.0,25903.0
2026-07-30T18:58:59.729Z,109.212,109.224,0.0,7.4,0.0,0.0,0.0,0.0,0.0,0.0,0.0,0.0,1.0,0.0,0.0,0.0,9.0,4.0,0.0,0.0,0.0,0.0,0.0,0.0,0.0,0.0,2.0,12.0,1.0,12.18,5.0200000000000005,2.5,1.49,2.2,-2.9000000000000004,0.1,3.8,0.0,-0.1,0.1,-0.8,24.200000000000003,0.0,-49.0,206.4,0.0,21.8,32.0,32.0,32.7,300.0,300.0,30.6,34.6,31.1,30.700000000000003,32.4,4.96,1.99,4.96,0.16,0.0,0.0,1027.0,8228.0,0.0,0.0,0.0,0.0,0.0,1.0,0.0,0.0,0.0,-0.02,0.0,-0.4,0.0,-0.1,0.0,0.0865,16.0,25903.0
2026-07-30T18:58:59.741Z,109.224,109.236,0.0,7.4,0.0,0.0,0.0,0.0,0.0,0.0,0.0,0.0,1.0,0.0,0.0,0.0,9.0,4.0,0.0,0.0,0.0,0.0,0.0,0.0,0.0,0.0,1.0,12.0,1.0,12.18,5.0200000000000005,2.5,1.49,0.7000000000000001,-2.8000000000000003,0.1,3.8,0.0,0.4,0.1,-0.8,31.4,0.0,-49.0,176.0,0.0,21.8,32.0,32.0,32.7,300.0,300.0,30.6,34.6,31.1,30.700000000000003,32.4,4.95,1.99,4.96,0.16,0.0,0.0,1027.0,8228.0,0.0,0.0,0.0,0.0,0.0,1.0,0.0,0.0,0.0,-0.018,0.0,-0.3,0.0,0.8,0.0,0.0819,16.0,25903.0
2026-07-30T18:58:59.752Z,109.235,109.248,0.0,7.4,0.0,0.0,0.0,0.0,0.0,0.0,0.0,0.0,1.0,0.0,0.0,0.0,9.0,4.0,0.0,0.0,0.0,0.0,0.0,0.0,0.0,0.0,2.0,12.0,1.0,12.17,5.01,2.51,1.49,-0.9,-1.9,0.1,3.8,0.0,-0.1,-1.1,-0.7000000000000001,17.3,0.0,-48.0,147.5,0.0,21.200000000000003,32.0,31.9,32.7,300.0,300.0,30.700000000000003,34.6,31.1,30.700000000000003,32.4,4.95,1.99,4.96,0.16,0.0,0.0,1027.0,8228.0,0.0,0.0,0.0,0.0,0.0,1.0,0.0,0.0,0.0,-0.016,0.0,-1.9,0.0,-0.2,0.0,0.0723,16.0,25903.0
2026-07-30T18:58:59.764Z,109.247,109.26,0.0,7.4,0.0,0.0,0.0,0.0,0.0,0.0,0.0,0.0,1.0,0.0,0.0,0.0,9.0,4.0,0.0,0.0,0.0,0.0,0.0,0.0,0.0,0.0,3.0,12.0,1.0,12.17,5.01,2.51,1.49,-2.1,-0.3,0.1,3.8,0.0,-0.7000000000000001,0.0,-0.2,6.300000000000001,0.0,-47.0,119.2,0.0,21.200000000000003,32.0,31.9,32.7,300.0,300.0,30.700000000000003,34.6,31.1,30.700000000000003,32.4,4.95,2.0,4.96,0.16,0.0,0.0,1027.0,8228.0,0.0,0.0,0.0,0.0,0.0,1.0,0.0,0.0,0.0,-0.016,0.0,-0.2,0.0,0.0,0.0,0.0666,16.0,25903.0
2026-07-30T18:58:59.776Z,109.259,109.272,0.0,7.4,0.0,0.0,0.0,0.0,0.0,0.0,0.0,0.0,1.0,0.0,0.0,0.0,9.0,4.0,0.0,0.0,0.0,0.0,0.0,0.0,0.0,0.0,5.0,12.0,1.0,12.17,5.01,2.51,1.49,-2.6,0.9,0.1,3.8,0.0,0.4,0.6000000000000001,-0.1,-1.7000000000000002,0.0,-47.0,90.3,0.0,21.200000000000003,32.0,31.9,32.7,300.0,300.0,30.700000000000003,34.6,31.1,30.700000000000003,32.4,4.95,1.99,4.97,0.16,0.0,0.0,1027.0,8228.0,0.0,0.0,0.0,0.0,0.0,1.0,0.0,0.0,0.0,-0.016,0.0,-0.1,0.0,0.6000000000000001,0.0,0.0641,16.0,25903.0
2026-07-30T18:58:59.788Z,109.271,109.284,0.0,7.4,0.0,0.0,0.0,0.0,0.0,0.0,0.0,0.0,1.0,0.0,0.0,0.0,9.0,4.0,0.0,0.0,0.0,0.0,0.0,0.0,0.0,0.0,6.0,12.0,1.0,12.17,5.01,2.51,1.49,-2.3000000000000003,1.9,0.1,3.7,0.0,-0.1,1.2000000000000002,-0.1,-7.0,0.0,-46.0,60.2,0.0,21.200000000000003,32.0,31.9,32.7,300.0,300.0,30.700000000000003,34.6,31.1,30.700000000000003,32.4,4.95,1.99,4.97,0.16,0.0,0.0,1027.0,8228.0,0.0,0.0,0.0,0.0,0.0,1.0,0.0,0.0,0.0,-0.016,0.0,-0.8,0.0,1.0,0.0,0.065,16.0,25903.0
2026-07-30T18:58:59.800Z,109.283,109.296,0.0,7.4,0.0,0.0,0.0,0.0,0.0,0.0,0.0,0.0,1.0,0.0,0.0,0.0,9.0,4.0,0.0,0.0,0.0,0.0,0.0,0.0,0.0,0.0,1.0,12.0,1.0,12.17,5.01,2.51,1.49,-1.6,2.3000000000000003,0.1,3.8,0.0,1.0,0.1,-0.1,-9.8,0.0,-46.0,31.8,0.0,21.200000000000003,32.0,31.9,32.7,300.0,300.0,30.700000000000003,34.6,31.1,30.700000000000003,32.4,4.96,1.99,4.96,0.16,0.0,0.0,1027.0,8228.0,0.0,0.0,0.0,0.0,0.0,1.0,0.0,0.0,0.0,-0.016,0.0,-0.1,0.0,0.0,0.0,0.0675,16.0,25903.0
2026-07-30T18:58:59.812Z,109.295,109.308,0.0,7.4,0.0,0.0,0.0,0.0,0.0,0.0,0.0,0.0,1.0,0.0,0.0,0.0,9.0,4.0,0.0,0.0,0.0,0.0,0.0,0.0,0.0,0.0,3.0,12.0,1.0,12.17,5.01,2.51,1.49,-0.8,2.2,0.1,3.7,0.0,0.4,0.1,-0.6000000000000001,-10.4,0.0,-45.0,5.9,0.0,21.200000000000003,32.0,31.9,32.7,300.0,300.0,30.700000000000003,34.6,31.1,30.700000000000003,32.4,4.95,1.99,4.97,0.16,0.0,0.0,1027.0,8228.0,0.0,0.0,0.0,0.0,0.0,1.0,0.0,0.0,0.0,-0.015,0.0,0.1,0.0,-0.7000000000000001,0.0,0.0656,16.0,25903.0
2026-07-30T18:58:59.824Z,109.307,109.32,0.0,7.4,0.0,0.0,0.0,0.0,0.0,0.0,0.0,0.0,1.0,0.0,0.0,0.0,9.0,4.0,0.0,0.0,0.0,0.0,0.0,0.0,0.0,0.0,4.0,12.0,1.0,12.17,5.01,2.51,1.49,0.1,1.8,0.1,3.7,0.0,0.5,1.3,-0.1,-9.2,0.0,-44.0,341.90000000000003,0.0,21.200000000000003,32.0,31.9,32.7,300.0,300.0,30.700000000000003,34.6,31.1,30.700000000000003,32.4,4.95,1.99,4.96,0.16,0.0,0.0,1027.0,8228.0,0.0,0.0,0.0,0.0,0.0,1.0,0.0,0.0,0.0,-0.014,0.0,-1.3,0.0,-0.5,0.0,0.0607,16.0,25903.0
2026-07-30T18:58:59.836Z,109.319,109.332,0.0,7.4,0.0,0.0,0.0,0.0,0.0,0.0,0.0,0.0,1.0,0.0,0.0,0.0,9.0,4.0,0.0,0.0,0.0,0.0,0.0,0.0,0.0,0.0,6.0,12.0,1.0,12.17,5.01,2.51,1.49,1.0,1.2000000000000002,0.0,3.7,0.0,0.0,-0.4,0.0,-6.4,0.0,-43.0,318.6,0.0,21.200000000000003,32.0,31.9,32.7,300.0,300.0,30.700000000000003,34.6,31.1,30.700000000000003,32.4,4.96,2.0,4.96,0.16,0.0,0.0,1027.0,8228.0,0.0,0.0,0.0,0.0,0.0,1.0,0.0,0.0,0.0,-0.013,0.0,0.4,0.0,0.2,0.0,0.0561,16.0,25903.0
2026-07-30T18:58:59.849Z,109.332,109.344,0.0,7.4,0.0,0.0,0.0,0.0,0.0,0.0,0.0,0.0,1.0,0.0,0.0,0.0,9.0,4.0,0.0,0.0,0.0,0.0,0.0,0.0,0.0,0.0,1.0,12.0,1.0,12.15,5.0200000000000005,2.51,1.49,1.8,0.3,0.1,3.7,0.0,0.0,-0.4,0.4,-2.0,0.0,-43.0,293.2,0.0,21.8,32.0,31.9,32.7,300.0,300.0,30.700000000000003,34.5,31.1,30.700000000000003,32.300000000000004,4.95,2.0,4.96,0.16,0.0,0.0,1027.0,8228.0,0.0,0.0,0.0,0.0,0.0,1.0,0.0,0.0,0.0,-0.013,0.0,-0.3,0.0,0.3,0.0,0.0533,16.0,25903.0
2026-07-30T18:58:59.860Z,109.343,109.356,0.0,7.4,0.0,0.0,0.0,0.0,0.0,0.0,0.0,0.0,1.0,0.0,0.0,0.0,9.0,4.0,0.0,0.0,0.0,0.0,0.0,0.0,0.0,0.0,2.0,12.0,1.0,12.15,5.0200000000000005,2.51,1.49,2.5,-0.8,0.1,3.6,0.0,-0.6000000000000001,-0.4,-1.3,4.1000000000000005,0.0,-42.0,264.90000000000003,0.0,21.8,32.0,31.9,32.7,300.0,300.0,30.700000000000003,34.5,31.1,30.700000000000003,32.300000000000004,4.95,1.99,4.97,0.16,0.0,0.0,1027.0,8228.0,0.0,0.0,0.0,0.0,0.0,1.0,0.0,0.0,0.0,-0.015,0.0,1.1,0.0,1.3,0.0,0.056,16.0,25903.0
2026-07-30T18:58:59.872Z,109.355,109.368,0.0,7.4,0.0,0.0,0.0,0.0,0.0,0.0,0.0,0.0,1.0,0.0,0.0,0.0,9.0,4.0,0.0,0.0,0.0,0.0,0.0,0.0,0.0,0.0,3.0,12.0,1.0,12.15,5.0200000000000005,2.51,1.49,2.6,-2.0,0.1,3.6,0.0,0.4,1.2000000000000002,-0.1,11.6,0.0,-42.0,236.5,0.0,21.8,32.0,31.9,32.7,300.0,300.0,30.700000000000003,34.5,31.1,30.700000000000003,32.300000000000004,4.95,2.0,4.96,0.16,0.0,0.0,1027.0,8228.0,0.0,0.0,0.0,0.0,0.0,1.0,0.0,0.0,0.0,-0.015,0.0,0.8,0.0,-1.0,0.0,0.0617,16.0,25903.0
2026-07-30T18:58:59.884Z,109.367,109.38,0.0,7.4,0.0,0.0,0.0,0.0,0.0,0.0,0.0,0.0,1.0,0.0,0.0,0.0,9.0,4.0,0.0,0.0,0.0,0.0,0.0,0.0,0.0,0.0,4.0,12.0,1.0,12.15,5.0200000000000005,2.51,1.49,1.9,-3.1,0.1,3.5,0.0,-0.1,0.0,0.5,21.1,0.0,-42.0,203.8,0.0,21.8,32.0,31.9,32.7,300.0,300.0,30.700000000000003,34.5,31.1,30.700000000000003,32.300000000000004,4.96,1.99,4.96,0.16,0.0,0.0,1027.0,8228.0,0.0,0.0,0.0,0.0,0.0,1.0,0.0,0.0,0.0,-0.017,0.0,0.1,0.0,-0.6000000000000001,0.0,0.0634,16.0,25903.0
2026-07-30T18:58:59.896Z,109.379,109.392,0.0,7.4,0.0,0.0,0.0,0.0,0.0,0.0,0.0,0.0,1.0,0.0,0.0,0.0,9.0,4.0,0.0,0.0,0.0,0.0,0.0,0.0,0.0,0.0,5.0,12.0,1.0,12.15,5.0200000000000005,2.51,1.49,0.1,-3.1,0.1,3.6,0.0,-0.2,-1.1,-0.6000000000000001,24.1,0.0,-42.0,169.9,0.0,21.8,32.0,31.9,32.7,300.0,300.0,30.700000000000003,34.5,31.1,30.700000000000003,32.300000000000004,4.95,1.99,4.97,0.16,0.0,0.0,1027.0,8228.0,0.0,0.0,0.0,0.0,0.0,1.0,0.0,0.0,0.0,-0.018,0.0,-1.8,0.0,0.3,0.0,0.0714,16.0,25903.0
2026-07-30T18:58:59.908Z,109.391,109.404,0.0,7.4,0.0,0.0,0.0,0.0,0.0,0.0,0.0,0.0,1.0,0.0,0.0,0.0,9.0,4.0,0.0,0.0,0.0,0.0,0.0,0.0,0.0,0.0,6.0,12.0,1.0,12.15,5.0200000000000005,2.51,1.49,-2.4000000000000004,-1.4,0.1,3.6,0.0,0.3,0.5,-0.1,11.5,0.0,-43.0,131.0,0.0,21.8,32.0,31.9,32.7,300.0,300.0,30.700000000000003,34.5,31.1,30.700000000000003,32.300000000000004,4.95,1.99,4.96,0.16,0.0,0.0,1027.0,8228.0,0.0,0.0,0.0,0.0,0.0,1.0,0.0,0.0,0.0,-0.021,0.0,0.2,0.0,0.5,0.0,0.0749,16.0,25903.0
2026-07-30T18:58:59.920Z,109.403,109.416,0.0,7.4,0.0,0.0,0.0,0.0,0.0,0.0,0.0,0.0,1.0,0.0,0.0,0.0,9.0,4.0,0.0,0.0,0.0,0.0,0.0,0.0,0.0,0.0,1.0,12.0,1.0,12.15,5.0200000000000005,2.51,1.49,-4.2,1.8,0.1,3.8,0.0,-0.1,0.0,-1.9,2.8000000000000003,0.0,-44.0,85.7,0.0,21.8,32.0,31.9,32.7,300.0,300.0,30.700000000000003,34.5,31.1,30.700000000000003,32.300000000000004,4.95,2.0,4.96,0.16,0.0,0.0,1027.0,8228.0,0.0,0.0,0.0,0.0,0.0,1.0,0.0,0.0,0.0,-0.024,0.0,-1.8,0.0,-1.2000000000000002,0.0,0.0842,16.0,25903.0
2026-07-30T18:58:59.932Z,109.415,109.428,0.0,7.4,0.0,0.0,0.0,0.0,0.0,0.0,0.0,0.0,1.0,0.0,0.0,0.0,9.0,4.0,0.0,0.0,0.0,0.0,0.0,0.0,0.0,0.0,2.0,12.0,1.0,12.15,5.0200000000000005,2.51,1.49,-3.3000000000000003,4.2,0.2,3.9,0.0,0.4,1.1,0.4,-1.7000000000000002,0.0,-46.0,36.3,0.0,21.8,32.0,31.9,32.7,300.0,300.0,30.700000000000003,34.5,31.1,30.700000000000003,32.300000000000004,4.95,1.99,4.96,0.16,0.0,0.0,1027.0,8228.0,0.0,0.0,0.0,0.0,0.0,1.0,0.0,0.0,0.0,-0.027,0.0,-1.0,0.0,1.2000000000000002,0.0,0.0975,16.0,25903.0
2026-07-30T18:58:59.944Z,109.427,109.44,0.0,7.4,0.0,0.0,0.0,0.0,0.0,0.0,0.0,0.0,1.0,0.0,0.0,0.0,9.0,4.0,0.0,0.0,0.0,0.0,0.0,0.0,0.0,0.0,3.0,12.0,1.0,12.15,5.0200000000000005,2.51,1.49,0.0,3.9,0.2,4.1000000000000005,0.0,0.4,1.1,-0.1,-2.4000000000000004,0.0,-48.0,346.90000000000003,0.0,21.8,32.0,31.9,32.7,300.0,300.0,30.700000000000003,34.5,31.1,30.700000000000003,32.300000000000004,4.96,1.99,4.97,0.16,0.0,0.0,1027.0,8228.0,0.0,0.0,0.0,0.0,0.0,1.0,0.0,0.0,0.0,-0.027,0.0,-1.2000000000000002,0.0,-0.4,0.0,0.1088,16.0,25903.0
2026-07-30T18:58:59.956Z,109.439,109.452,0.0,7.4,0.0,0.0,0.0,0.0,0.0,0.0,0.0,0.0,1.0,0.0,0.0,0.0,9.0,4.0,0.0,0.0,0.0,0.0,0.0,0.0,0.0,0.0,5.0,12.0,1.0,12.13,5.0200000000000005,2.5,1.49,3.6,0.8,0.2,4.3,0.0,-0.1,-0.6000000000000001,0.9,0.5,0.0,-49.0,296.7,0.0,21.8,31.9,31.9,32.6,300.0,300.0,30.700000000000003,34.4,31.1,30.6,32.300000000000004,4.96,2.0,4.96,0.16,0.0,0.0,1027.0,8228.0,0.0,0.0,0.0,0.0,0.0,1.0,0.0,0.0,0.0,-0.028,0.0,-0.8,0.0,0.5,0.0,0.1117,16.0,25903.0
2026-07-30T18:58:59.968Z,109.451,109.464,0.0,7.4,0.0,0.0,0.0,0.0,0.0,0.0,0.0,0.0,1.0,0.0,0.0,0.0,9.0,4.0,0.0,0.0,0.0,0.0,0.0,0.0,0.0,0.0,6.0,12.0,1.0,12.13,5.0200000000000005,2.5,1.49,4.5,-3.1,0.2,4.4,0.0,0.9,0.0,0.4,7.1000000000000005,0.0,-51.0,242.7,0.0,21.8,31.9,31.9,32.6,300.0,300.0,30.700000000000003,34.4,31.1,30.6,32.300000000000004,4.96,1.99,4.97,0.16,0.0,0.0,1027.0,8228.0,0.0,0.0,0.0,0.0,0.0,1.0,0.0,0.0,0.0,-0.029,0.0,-0.2,0.0,-0.3,0.0,0.113,16.0,25903.0
2026-07-30T18:58:59.980Z,109.463,109.476,0.0,7.4,0.0,0.0,0.0,0.0,0.0,0.0,0.0,0.0,1.0,0.0,0.0,0.0,9.0,4.0,0.0,0.0,0.0,0.0,0.0,0.0,0.0,0.0,1.0,12.0,1.0,12.13,5.0200000000000005,2.5,1.49,2.1,-4.6000000000000005,0.2,4.3,0.0,0.3,0.5,-0.1,17.1,0.0,-52.0,190.4,0.0,21.8,31.9,31.9,32.6,300.0,300.0,30.700000000000003,34.4,31.1,30.6,32.300000000000004,4.95,1.99,4.97,0.16,0.0,0.0,1027.0,8228.0,0.0,0.0,0.0,0.0,0.0,1.0,0.0,0.0,0.0,-0.029,0.0,0.5,0.0,0.0,0.0,0.1198,16.0,25903.0
2026-07-30T18:58:59.992Z,109.475,109.488,0.0,7.4,0.0,0.0,0.0,0.0,0.0,0.0,0.0,0.0,1.0,0.0,0.0,0.0,9.0,4.0,0.0,0.0,0.0,0.0,0.0,0.0,0.0,0.0,2.0,12.0,1.0,12.13,5.0200000000000005,2.5,1.49,-1.9,-2.6,0.2,4.3,0.0,-0.2,-1.7000000000000002,-1.2000000000000002,9.2,0.0,-54.0,142.1,0.0,21.8,31.9,31.9,32.6,300.0,300.0,30.700000000000003,34.4,31.1,30.6,32.300000000000004,4.96,1.99,4.96,0.16,0.0,0.0,1027.0,8228.0,0.0,0.0,0.0,0.0,0.0,1.0,0.0,0.0,0.0,-0.028,0.0,-3.0,0.0,-0.7000000000000001,0.0,0.1199,16.0,25903.0
2026-07-30T18:59:00.004Z,109.487,109.5,0.0,7.4,0.0,0.0,0.0,0.0,0.0,0.0,0.0,0.0,1.0,0.0,0.0,0.0,9.0,4.0,0.0,0.0,0.0,0.0,0.0,0.0,0.0,0.0,3.0,12.0,1.0,12.13,5.0200000000000005,2.5,1.49,-4.5,1.2000000000000002,0.2,4.3,0.0,0.3,-0.6000000000000001,0.4,0.0,0.0,-55.0,93.0,0.0,21.8,31.9,31.9,32.6,300.0,300.0,30.700000000000003,34.4,31.1,30.6,32.300000000000004,4.96,1.99,4.97,0.16,0.0,0.0,1027.0,8228.0,0.0,0.0,0.0,0.0,0.0,1.0,0.0,0.0,0.0,-0.027,0.0,0.4,0.0,-0.4,0.0,0.1124,16.0,25903.0
2026-07-30T18:59:00.016Z,109.499,109.512,0.0,7.4,0.0,0.0,0.0,0.0,0.0,0.0,0.0,0.0,1.0,0.0,0.0,0.0,9.0,4.0,0.0,0.0,0.0,0.0,0.0,0.0,0.0,0.0,4.0,12.0,1.0,12.13,5.0200000000000005,2.5,1.49,-3.7,4.3,0.2,4.4,0.0,0.9,0.5,0.0,-4.7,0.0,-56.0,40.1,0.0,21.8,31.9,31.9,32.6,300.0,300.0,30.700000000000003,34.4,31.1,30.6,32.300000000000004,4.96,1.99,4.97,0.16,0.0,0.0,1027.0,8228.0,0.0,0.0,0.0,0.0,0.0,1.0,0.0,0.0,0.0,-0.029,0.0,-0.4,0.0,0.2,0.0,0.1109,16.0,25903.0
2026-07-30T18:59:00.028Z,109.511,109.524,0.0,7.4,0.0,0.0,0.0,0.0,0.0,0.0,0.0,0.0,1.0,0.0,0.0,0.0,9.0,4.0,0.0,0.0,0.0,0.0,0.0,0.0,0.0,0.0,6.0,12.0,1.0,12.13,5.0200000000000005,2.5,1.49,-0.2,4.1000000000000005,0.2,4.3,0.0,0.3,0.6000000000000001,0.5,-5.4,0.0,-57.0,348.5,0.0,21.8,31.9,31.9,32.6,300.0,300.0,30.700000000000003,34.4,31.1,30.6,32.300000000000004,4.95,2.0,4.97,0.16,0.0,0.0,1027.0,8228.0,0.0,0.0,0.0,0.0,0.0,1.0,0.0,0.0,0.0,-0.029,0.0,-1.0,0.0,0.3,0.0,0.1172,16.0,25903.0
2026-07-30T18:59:00.044Z,109.527,109.536,0.0,7.4,0.0,0.0,0.0,0.0,0.0,0.0,0.0,0.0,1.0,0.0,0.0,0.0,9.0,4.0,0.0,0.0,0.0,0.0,0.0,0.0,0.0,0.0,6.0,12.0,1.0,12.13,5.0200000000000005,2.5,1.49,3.2,1.0,0.2,4.3,0.0,0.4,-0.5,-1.2000000000000002,-2.3000000000000003,0.0,-58.0,299.40000000000003,0.0,21.8,31.9,31.9,32.6,300.0,300.0,30.700000000000003,34.4,31.1,30.6,32.300000000000004,4.95,2.0,4.96,0.16,0.0,0.0,1027.0,8228.0,0.0,0.0,0.0,0.0,0.0,1.0,0.0,0.0,0.0,-0.028,0.0,1.7000000000000002,0.0,0.5,0.0,0.118,16.0,25903.0
2026-07-30T18:59:00.053Z,109.536,109.548,0.0,7.4,0.0,0.0,0.0,0.0,0.0,0.0,0.0,0.0,1.0,0.0,0.0,0.0,9.0,4.0,0.0,0.0,0.0,0.0,0.0,0.0,0.0,0.0,2.0,12.0,1.0,12.17,5.01,2.5,1.49,4.3,-2.3000000000000003,0.2,4.3,0.0,0.4,-0.5,0.0,4.0,0.0,-59.0,250.7,0.0,21.9,31.9,31.9,32.6,300.0,300.0,30.8,34.5,31.1,30.6,32.300000000000004,4.95,2.0,4.97,0.16,0.0,0.0,1027.0,8228.0,0.0,0.0,0.0,0.0,0.0,1.0,0.0,0.0,0.0,-0.027,0.0,-0.2,0.0,0.6000000000000001,0.0,0.1132,16.0,25903.0
2026-07-30T18:59:00.064Z,109.547,109.56,0.0,7.4,0.0,0.0,0.0,0.0,0.0,0.0,0.0,0.0,1.0,0.0,0.0,0.0,9.0,4.0,0.0,0.0,0.0,0.0,0.0,0.0,0.0,0.0,3.0,12.0,1.0,12.17,5.01,2.5,1.49,2.6,-4.2,0.2,4.3,0.0,-0.7000000000000001,0.0,0.5,13.3,0.0,-59.0,205.7,0.0,21.9,31.9,31.9,32.6,300.0,300.0,30.8,34.5,31.1,30.6,32.300000000000004,4.95,1.99,4.96,0.16,0.0,0.0,1027.0,8228.0,0.0,0.0,0.0,0.0,0.0,1.0,0.0,0.0,0.0,-0.026,0.0,0.0,0.0,-0.6000000000000001,0.0,0.1116,16.0,25903.0
2026-07-30T18:59:00.076Z,109.559,109.572,0.0,7.4,0.0,0.0,0.0,0.0,0.0,0.0,0.0,0.0,1.0,0.0,0.0,0.0,9.0,4.0,0.0,0.0,0.0,0.0,0.0,0.0,0.0,0.0,5.0,12.0,1.0,12.17,5.01,2.5,1.49,-0.6000000000000001,-3.2,0.2,4.2,0.0,0.4,-0.5,0.5,13.7,0.0,-59.0,160.8,0.0,21.9,31.9,31.9,32.6,300.0,300.0,30.8,34.5,31.1,30.6,32.300000000000004,4.96,1.99,4.96,0.16,0.0,0.0,1027.0,8228.0,0.0,0.0,0.0,0.0,0.0,1.0,0.0,0.0,0.0,-0.025,0.0,0.0,0.0,-0.6000000000000001,0.0,0.1053,16.0,25903.0
2026-07-30T18:59:00.088Z,109.571,109.584,0.0,7.4,0.0,0.0,0.0,0.0,0.0,0.0,0.0,0.0,1.0,0.0,0.0,0.0,9.0,4.0,0.0,0.0,0.0,0.0,0.0,0.0,0.0,0.0,5.0,12.0,1.0,12.17,5.01,2.5,1.49,-3.1,-0.4,0.2,4.2,0.0,0.4,0.6000000000000001,1.8,2.6,0.0,-59.0,117.1,0.0,21.9,31.9,31.9,32.6,300.0,300.0,30.8,34.5,31.1,30.6,32.300000000000004,4.96,1.99,4.96,0.16,0.0,0.0,1027.0,8228.0,0.0,0.0,0.0,0.0,0.0,1.0,0.0,0.0,0.0,-0.025,0.0,2.4000000000000004,0.0,0.8,0.0,0.1027,16.0,25903.0
2026-07-30T18:59:00.100Z,109.583,109.596,0.0,7.4,0.0,0.0,0.0,0.0,0.0,0.0,0.0,0.0,1.0,0.0,0.0,0.0,9.0,4.0,0.0,0.0,0.0,0.0,0.0,0.0,0.0,0.0,6.0,12.0,1.0,12.17,5.01,2.5,1.49,-3.9,2.2,0.2,4.2,0.0,-0.1,-1.0,-1.1,-4.4,0.0,-59.0,73.3,0.0,21.9,31.9,31.9,32.6,300.0,300.0,30.8,34.5,31.1,30.6,32.300000000000004,4.95,1.99,4.96,0.16,0.0,0.0,1027.0,8228.0,0.0,0.0,0.0,0.0,0.0,1.0,0.0,0.0,0.0,-0.024,0.0,-0.5,0.0,-2.1,0.0,0.1,16.0,25903.0
2026-07-30T18:59:00.112Z,109.595,109.608,0.0,7.4,0.0,0.0,0.0,0.0,0.0,0.0,0.0,0.0,1.0,0.0,0.0,0.0,9.0,4.0,0.0,0.0,0.0,0.0,0.0,0.0,0.0,0.0,1.0,12.0,1.0,12.17,5.01,2.5,1.49,-2.6,3.8,0.2,4.1000000000000005,0.0,-0.6000000000000001,-1.1,-1.6,-7.800000000000001,0.0,-59.0,30.200000000000003,0.0,21.9,31.9,31.9,32.6,300.0,300.0,30.8,34.5,31.1,30.6,32.300000000000004,4.95,1.99,4.96,0.16,0.0,0.0,1027.0,8228.0,0.0,0.0,0.0,0.0,0.0,1.0,0.0,0.0,0.0,-0.024,0.0,1.1,0.0,-2.6,0.0,0.0993,16.0,25903.0
2026-07-30T18:59:00.124Z,109.607,109.62,0.0,7.4,0.0,0.0,0.0,0.0,0.0,0.0,0.0,0.0,1.0,0.0,0.0,0.0,9.0,4.0,0.0,0.0,0.0,0.0,0.0,0.0,0.0,0.0,2.0,12.0,1.0,12.17,5.01,2.5,1.49,0.0,3.2,0.1,4.1000000000000005,0.0,1.0,0.0,1.2000000000000002,-7.9,0.0,-59.0,349.40000000000003,0.0,21.9,31.9,31.9,32.6,300.0,300.0,30.8,34.5,31.1,30.6,32.300000000000004,4.96,1.99,4.96,0.16,0.0,0.0,1027.0,8228.0,0.0,0.0,0.0,0.0,0.0,1.0,0.0,0.0,0.0,-0.023,0.0,-0.9,0.0,1.0,0.0,0.0985,16.0,25903.0
2026-07-30T18:59:00.136Z,109.619,109.632,0.0,7.4,0.0,0.0,0.0,0.0,0.0,0.0,0.0,0.0,1.0,0.0,0.0,0.0,9.0,4.0,0.0,0.0,0.0,0.0,0.0,0.0,0.0,0.0,3.0,12.0,1.0,12.17,5.01,2.5,1.49,2.1,1.3,0.1,4.1000000000000005,0.0,0.3,-0.5,0.6000000000000001,-5.1000000000000005,0.0,-59.0,310.40000000000003,0.0,21.9,31.9,31.9,32.6,300.0,300.0,30.8,34.5,31.1,30.6,32.300000000000004,4.95,1.99,4.97,0.16,0.0,0.0,1027.0,8228.0,0.0,0.0,0.0,0.0,0.0,1.0,0.0,0.0,0.0,-0.022,0.0,-0.2,0.0,0.5,0.0,0.0944,16.0,25903.0
2026-07-30T18:59:00.148Z,109.631,109.644,0.0,7.4,0.0,0.0,0.0,0.0,0.0,0.0,0.0,0.0,1.0,0.0,0.0,0.0,9.0,4.0,0.0,0.0,0.0,0.0,0.0,0.0,0.0,0.0,4.0,12.0,1.0,12.17,5.01,2.5,1.49,3.3000000000000003,-0.7000000000000001,0.1,4.0,0.0,0.9,-0.5,0.0,0.2,0.0,-58.0,271.7,0.0,21.9,31.9,31.9,32.6,300.0,300.0,30.8,34.5,31.1,30.6,32.300000000000004,4.96,1.98,4.96,0.16,0.0,0.0,1027.0,8228.0,0.0,0.0,0.0,0.0,0.0,1.0,0.0,0.0,0.0,-0.022,0.0,0.0,0.0,0.6000000000000001,0.0,0.0899,16.0,25903.0
2026-07-30T18:59:00.160Z,109.643,109.656,0.0,7.4,0.0,0.0,0.0,0.0,0.0,0.0,0.0,0.0,1.0,0.0,0.0,0.0,9.0,4.0,0.0,0.0,0.0,0.0,0.0,0.0,0.0,0.0,5.0,12.0,1.0,12.15,5.0200000000000005,2.51,1.49,3.1,-2.5,0.1,4.1000000000000005,0.0,1.5,1.7000000000000002,2.3000000000000003,8.1,0.0,-58.0,232.9,0.0,20.6,31.9,31.9,32.6,300.0,300.0,30.700000000000003,34.5,31.1,30.6,32.300000000000004,4.96,1.99,4.96,0.16,0.0,0.0,1027.0,8228.0,0.0,0.0,0.0,0.0,0.0,1.0,0.0,0.0,0.0,-0.022,0.0,0.2,0.0,-4.1000000000000005,0.0,0.0882,16.0,25903.0
2026-07-30T18:59:00.172Z,109.655,109.668,0.0,7.4,0.0,0.0,0.0,0.0,0.0,0.0,0.0,0.0,1.0,0.0,0.0,0.0,9.0,4.0,0.0,0.0,0.0,0.0,0.0,0.0,0.0,0.0,1.0,12.0,1.0,12.15,5.0200000000000005,2.51,1.49,1.7000000000000002,-3.3000000000000003,0.1,4.0,0.0,0.3,-0.5,-1.1,18.1,0.0,-58.0,196.3,0.0,20.6,31.9,31.9,32.6,300.0,300.0,30.700000000000003,34.5,31.1,30.6,32.300000000000004,4.95,1.99,4.96,0.16,0.0,0.0,1027.0,8228.0,0.0,0.0,0.0,0.0,0.0,1.0,0.0,0.0,0.0,-0.021,0.0,-0.8,0.0,1.4,0.0,0.0881,16.0,25903.0
2026-07-30T18:59:00.184Z,109.667,109.68,0.0,7.4,0.0,0.0,0.0,0.0,0.0,0.0,0.0,0.0,1.0,0.0,0.0,0.0,9.0,4.0,0.0,0.0,0.0,0.0,0.0,0.0,0.0,0.0,2.0,12.0,1.0,12.15,5.0200000000000005,2.51,1.49,-0.3,-2.4000000000000004,0.1,4.0,0.0,-0.8,0.0,0.0,15.7,0.0,-57.0,161.4,0.0,20.6,31.9,31.9,32.6,300.0,300.0,30.700000000000003,34.5,31.1,30.6,32.300000000000004,4.95,1.99,4.96,0.16,0.0,0.0,1027.0,8228.0,0.0,0.0,0.0,0.0,0.0,1.0,0.0,0.0,0.0,-0.02,0.0,0.1,0.0,0.0,0.0,0.0847,16.0,25903.0
2026-07-30T18:59:00.196Z,109.679,109.692,0.0,7.4,0.0,0.0,0.0,0.0,0.0,0.0,0.0,0.0,1.0,0.0,0.0,0.0,9.0,4.0,0.0,0.0,0.0,0.0,0.0,0.0,0.0,0.0,3.0,12.0,1.0,12.15,5.0200000000000005,2.51,1.49,-1.9,-1.0,0.1,4.0,0.0,0.3,-0.5,-0.5,4.0,0.0,-56.0,128.9,0.0,20.6,31.9,31.9,32.6,300.0,300.0,30.700000000000003,34.5,31.1,30.6,32.300000000000004,4.95,1.99,4.96,0.16,0.0,0.0,1027.0,8228.0,0.0,0.0,0.0,0.0,0.0,1.0,0.0,0.0,0.0,-0.018,0.0,-0.9,0.0,-0.3,0.0,0.0807,16.0,25903.0
2026-07-30T18:59:00.208Z,109.691,109.704,0.0,7.4,0.0,0.0,0.0,0.0,0.0,0.0,0.0,0.0,1.0,0.0,0.0,0.0,9.0,4.0,0.0,0.0,0.0,0.0,0.0,0.0,0.0,0.0,5.0,12.0,1.0,12.15,5.0200000000000005,2.51,1.49,-2.7,0.6000000000000001,0.1,3.9,0.0,0.3,0.6000000000000001,1.8,-4.4,0.0,-55.0,96.8,0.0,20.6,31.9,31.9,32.6,300.0,300.0,30.700000000000003,34.5,31.1,30.6,32.300000000000004,4.95,1.99,4.96,0.16,0.0,0.0,1027.0,8228.0,0.0,0.0,0.0,0.0,0.0,1.0,0.0,0.0,0.0,-0.018,0.0,2.0,0.0,1.5,0.0,0.0756,16.0,25903.0
2026-07-30T18:59:00.220Z,109.703,109.716,0.0,7.4,0.0,0.0,0.0,0.0,0.0,0.0,0.0,0.0,1.0,0.0,0.0,0.0,9.0,4.0,0.0,0.0,0.0,0.0,0.0,0.0,0.0,0.0,6.0,12.0,1.0,12.15,5.0200000000000005,2.51,1.49,-2.8000000000000003,2.1,0.1,3.9,0.0,-0.2,-0.5,-1.1,-9.9,0.0,-54.0,64.4,0.0,20.6,31.9,31.9,32.6,300.0,300.0,30.700000000000003,34.5,31.1,30.6,32.300000000000004,4.95,1.99,4.96,0.16,0.0,0.0,1027.0,8228.0,0.0,0.0,0.0,0.0,0.0,1.0,0.0,0.0,0.0,-0.018,0.0,0.3,0.0,0.6000000000000001,0.0,0.0733,16.0,25903.0
2026-07-30T18:59:00.232Z,109.715,109.728,0.0,7.4,0.0,0.0,0.0,0.0,0.0,0.0,0.0,0.0,1.0,0.0,0.0,0.0,9.0,4.0,0.0,0.0,0.0,0.0,0.0,0.0,0.0,0.0,1.0,12.0,1.0,12.15,5.0200000000000005,2.51,1.49,-2.0,2.7,0.1,3.9,0.0,0.2,-0.5,-0.5,-12.7,0.0,-54.0,32.5,0.0,20.6,31.9,31.9,32.6,300.0,300.0,30.700000000000003,34.5,31.1,30.6,32.300000000000004,4.96,1.99,4.97,0.16,0.0,0.0,1027.0,8228.0,0.0,0.0,0.0,0.0,0.0,1.0,0.0,0.0,0.0,-0.018,0.0,-0.6000000000000001,0.0,0.4,0.0,0.0733,16.0,25903.0
2026-07-30T18:59:00.244Z,109.727,109.74,0.0,7.4,0.0,0.0,0.0,0.0,0.0,0.0,0.0,0.0,1.0,0.0,0.0,0.0,9.0,4.0,0.0,0.0,0.0,0.0,0.0,0.0,0.0,0.0,2.0,12.0,1.0,12.15,5.0200000000000005,2.51,1.49,-0.7000000000000001,2.8000000000000003,0.1,3.8,0.0,0.2,-0.5,-0.5,-13.0,0.0,-53.0,1.2000000000000002,0.0,20.6,31.9,31.9,32.6,300.0,300.0,30.700000000000003,34.5,31.1,30.6,32.300000000000004,4.95,1.99,4.96,0.16,0.0,0.0,1027.0,8228.0,0.0,0.0,0.0,0.0,0.0,1.0,0.0,0.0,0.0,-0.017,0.0,0.2,0.0,-0.5,0.0,0.0729,16.0,25903.0
2026-07-30T18:59:00.257Z,109.74,109.752,0.0,7.4,0.0,0.0,0.0,0.0,0.0,0.0,0.0,0.0,1.0,0.0,0.0,0.0,9.0,4.0,0.0,0.0,0.0,0.0,0.0,0.0,0.0,0.0,4.0,12.0,1.0,12.17,5.0200000000000005,2.51,1.5,0.6000000000000001,1.9,0.1,3.9,0.0,-0.3,1.1,0.0,-11.0,0.0,-52.0,330.70000000000005,0.0,21.200000000000003,31.9,31.9,32.6,300.0,300.0,30.700000000000003,34.6,31.1,30.6,32.300000000000004,4.95,1.99,4.97,0.16,0.0,0.0,1027.0,8228.0,0.0,0.0,0.0,0.0,0.0,1.0,0.0,0.0,0.0,-0.017,0.0,-1.1,0.0,-0.6000000000000001,0.0,0.0715,16.0,25903.0
2026-07-30T18:59:00.268Z,109.751,109.764,0.0,7.4,0.0,0.0,0.0,0.0,0.0,0.0,0.0,0.0,1.0,0.0,0.0,0.0,9.0,4.0,0.0,0.0,0.0,0.0,0.0,0.0,0.0,0.0,5.0,12.0,1.0,12.17,5.0200000000000005,2.51,1.5,1.7000000000000002,0.7000000000000001,0.1,3.9,0.0,0.8,1.7000000000000002,1.1,-7.0,0.0,-51.0,301.7,0.0,21.200000000000003,31.9,31.9,32.6,300.0,300.0,30.700000000000003,34.6,31.1,30.6,32.300000000000004,4.95,2.0,4.97,0.16,0.0,0.0,1027.0,8228.0,0.0,0.0,0.0,0.0,0.0,1.0,0.0,0.0,0.0,-0.016,0.0,-2.3000000000000003,0.0,-1.7000000000000002,0.0,0.07,16.0,25903.0
2026-07-30T18:59:00.280Z,109.763,109.776,0.0,7.4,0.0,0.0,0.0,0.0,0.0,0.0,0.0,0.0,1.0,0.0,0.0,0.0,9.0,4.0,0.0,0.0,0.0,0.0,0.0,0.0,0.0,0.0,6.0,12.0,1.0,12.17,5.0200000000000005,2.51,1.5,2.2,-0.4,0.1,3.9,0.0,0.8,1.7000000000000002,0.5,-1.2000000000000002,0.0,-50.0,273.6,0.0,21.200000000000003,31.9,31.9,32.6,300.0,300.0,30.700000000000003,34.6,31.1,30.6,32.300000000000004,4.95,2.0,4.96,0.16,0.0,0.0,1027.0,8228.0,0.0,0.0,0.0,0.0,0.0,1.0,0.0,0.0,0.0,-0.016,0.0,-0.6000000000000001,0.0,-2.2,0.0,0.0671,16.0,25903.0
2026-07-30T18:59:00.292Z,109.775,109.788,0.0,7.4,0.0,0.0,0.0,0.0,0.0,0.0,0.0,0.0,1.0,0.0,0.0,0.0,9.0,4.0,0.0,0.0,0.0,0.0,0.0,0.0,0.0,0.0,1.0,12.0,1.0,12.17,5.0200000000000005,2.51,1.5,2.2,-1.3,0.1,3.8,0.0,0.2,0.0,0.5,6.1000000000000005,0.0,-49.0,249.8,0.0,21.200000000000003,31.9,31.9,32.6,300.0,300.0,30.700000000000003,34.6,31.1,30.6,32.300000000000004,4.95,1.99,4.97,0.16,0.0,0.0,1027.0,8228.0,0.0,0.0,0.0,0.0,0.0,1.0,0.0,0.0,0.0,-0.014,0.0,-0.4,0.0,-0.5,0.0,0.0643,16.0,25903.0
2026-07-30T18:59:00.304Z,109.787,109.8,0.0,7.4,0.0,0.0,0.0,0.0,0.0,0.0,0.0,0.0,1.0,0.0,0.0,0.0,9.0,4.0,0.0,0.0,0.0,0.0,0.0,0.0,0.0,0.0,2.0,12.0,1.0,12.17,5.0200000000000005,2.51,1.5,1.7000000000000002,-1.8,0.1,3.8,0.0,0.8,0.5,0.5,14.6,0.0,-48.0,225.8,0.0,21.200000000000003,31.9,31.9,32.6,300.0,300.0,30.700000000000003,34.6,31.1,30.6,32.300000000000004,4.95,1.99,4.96,0.16,0.0,0.0,1027.0,8228.0,0.0,0.0,0.0,0.0,0.0,1.0,0.0,0.0,0.0,-0.013,0.0,0.2,0.0,-1.0,0.0,0.0577,16.0,25903.0
2026-07-30T18:59:00.316Z,109.799,109.812,0.0,7.4,0.0,0.0,0.0,0.0,0.0,0.0,0.0,0.0,1.0,0.0,0.0,0.0,9.0,4.0,0.0,0.0,0.0,0.0,0.0,0.0,0.0,0.0,3.0,12.0,1.0,12.17,5.0200000000000005,2.51,1.5,1.1,-1.9,0.1,3.8,0.0,-0.3,1.1,0.0,24.1,0.0,-47.0,203.7,0.0,21.200000000000003,31.9,31.9,32.6,300.0,300.0,30.700000000000003,34.6,31.1,30.6,32.300000000000004,4.96,1.99,4.96,0.16,0.0,0.0,1027.0,8228.0,0.0,0.0,0.0,0.0,0.0,1.0,0.0,0.0,0.0,-0.012,0.0,1.2000000000000002,0.0,-0.4,0.0,0.054,16.0,25903.0
2026-07-30T18:59:00.328Z,109.811,109.824,0.0,7.4,0.0,0.0,0.0,0.0,0.0,0.0,0.0,0.0,1.0,0.0,0.0,0.0,9.0,4.0,0.0,0.0,0.0,0.0,0.0,0.0,0.0,0.0,4.0,12.0,1.0,12.17,5.0200000000000005,2.51,1.5,0.4,-2.1,0.1,3.8,0.0,-0.9,-1.2000000000000002,2.2,34.5,0.0,-46.0,181.1,0.0,21.200000000000003,31.9,31.9,32.6,300.0,300.0,30.700000000000003,34.6,31.1,30.6,32.300000000000004,4.95,1.99,4.96,0.16,0.0,0.0,1027.0,8228.0,0.0,0.0,0.0,0.0,0.0,1.0,0.0,0.0,0.0,-0.012,0.0,-0.1,0.0,-2.2,0.0,0.0511,16.0,25903.0
2026-07-30T18:59:00.340Z,109.823,109.836,0.0,7.4,0.0,0.0,0.0,0.0,0.0,0.0,0.0,0.0,1.0,0.0,0.0,0.0,9.0,4.0,0.0,0.0,0.0,0.0,0.0,0.0,0.0,0.0,5.0,12.0,1.0,12.17,5.0200000000000005,2.51,1.5,-0.5,-1.7000000000000002,0.1,3.8,0.0,-0.3,0.0,0.5,20.5,0.0,-45.0,155.60000000000002,0.0,21.200000000000003,31.9,31.9,32.6,300.0,300.0,30.700000000000003,34.6,31.1,30.6,32.300000000000004,4.96,1.99,4.97,0.16,0.0,0.0,1027.0,8228.0,0.0,0.0,0.0,0.0,0.0,1.0,0.0,0.0,0.0,-0.013,0.0,0.4,0.0,-0.3,0.0,0.0511,16.0,25903.0
2026-07-30T18:59:00.362Z,109.845,109.848,0.0,7.4,0.0,0.0,0.0,0.0,0.0,0.0,0.0,0.0,1.0,0.0,0.0,0.0,9.0,4.0,0.0,0.0,0.0,0.0,0.0,0.0,0.0,0.0,6.0,12.0,1.0,12.17,5.0200000000000005,2.51,1.5,-1.8,-0.7000000000000001,0.1,3.7,0.0,0.2,-0.6000000000000001,-0.1,8.700000000000001,0.0,-44.0,127.7,0.0,21.200000000000003,31.9,31.9,32.6,300.0,300.0,30.700000000000003,34.6,31.1,30.6,32.300000000000004,4.96,2.0,4.96,0.16,0.0,0.0,1027.0,8228.0,0.0,0.0,0.0,0.0,0.0,1.0,0.0,0.0,0.0,-0.015,0.0,-0.5,0.0,-0.5,0.0,0.0557,16.0,25903.0
2026-07-30T18:59:00.366Z,109.849,109.86,0.0,7.4,0.0,0.0,0.0,0.0,0.0,0.0,0.0,0.0,1.0,0.0,0.0,0.0,9.0,4.0,0.0,0.0,0.0,0.0,0.0,0.0,0.0,0.0,4.0,12.0,1.0,12.18,5.01,2.5,1.5,-2.8000000000000003,0.6000000000000001,0.1,3.7,0.0,0.2,0.0,-0.1,0.0,0.0,-44.0,96.6,0.0,21.9,31.9,31.9,32.6,300.0,300.0,30.6,34.6,31.1,30.6,32.300000000000004,4.96,1.99,4.96,0.16,0.0,0.0,1027.0,8228.0,0.0,0.0,0.0,0.0,0.0,1.0,0.0,0.0,0.0,-0.016,0.0,-0.1,0.0,0.0,0.0,0.0612,16.0,25903.0
2026-07-30T18:59:00.376Z,109.859,109.872,0.0,7.4,0.0,0.0,0.0,0.0,0.0,0.0,0.0,0.0,1.0,0.0,0.0,0.0,9.0,4.0,0.0,0.0,0.0,0.0,0.0,0.0,0.0,0.0,3.0,12.0,1.0,12.18,5.01,2.5,1.5,-3.1,2.4000000000000004,0.1,3.6,0.0,-0.9,0.0,1.0,-5.7,0.0,-44.0,62.2,0.0,21.9,31.9,31.9,32.6,300.0,300.0,30.6,34.6,31.1,30.6,32.300000000000004,4.95,1.99,4.97,0.16,0.0,0.0,1027.0,8228.0,0.0,0.0,0.0,0.0,0.0,1.0,0.0,0.0,0.0,-0.018,0.0,0.6000000000000001,0.0,1.0,0.0,0.0678,16.0,25903.0
2026-07-30T18:59:00.388Z,109.871,109.884,0.0,7.4,0.0,0.0,0.0,0.0,0.0,0.0,0.0,0.0,1.0,0.0,0.0,0.0,9.0,4.0,0.0,0.0,0.0,0.0,0.0,0.0,0.0,0.0,4.0,12.0,1.0,12.18,5.01,2.5,1.5,-2.1,3.6,0.1,3.6,0.0,-0.9,-0.5,-0.7000000000000001,-8.4,0.0,-45.0,24.5,0.0,21.9,31.9,31.9,32.6,300.0,300.0,30.6,34.6,31.1,30.6,32.300000000000004,4.96,1.99,4.96,0.16,0.0,0.0,1027.0,8228.0,0.0,0.0,0.0,0.0,0.0,1.0,0.0,0.0,0.0,-0.02,0.0,0.7000000000000001,0.0,-1.0,0.0,0.0757,16.0,25903.0
2026-07-30T18:59:00.400Z,109.883,109.896,0.0,7.4,0.0,0.0,0.0,0.0,0.0,0.0,0.0,0.0,1.0,0.0,0.0,0.0,9.0,4.0,0.0,0.0,0.0,0.0,0.0,0.0,0.0,0.0,5.0,12.0,1.0,12.18,5.01,2.5,1.5,0.2,3.2,0.1,3.7,0.0,-1.5,-0.6000000000000001,0.4,-8.1,0.0,-45.0,344.70000000000005,0.0,21.9,31.9,31.9,32.6,300.0,300.0,30.6,34.6,31.1,30.6,32.300000000000004,4.96,2.0,4.96,0.16,0.0,0.0,1027.0,8228.0,0.0,0.0,0.0,0.0,0.0,1.0,0.0,0.0,0.0,-0.022,0.0,0.3,0.0,0.5,0.0,0.0828,16.0,25903.0
2026-07-30T18:59:00.412Z,109.895,109.908,0.0,7.4,0.0,0.0,0.0,0.0,0.0,0.0,0.0,0.0,1.0,0.0,0.0,0.0,9.0,4.0,0.0,0.0,0.0,0.0,0.0,0.0,0.0,0.0,6.0,12.0,1.0,12.18,5.01,2.5,1.5,3.0,0.8,0.1,3.7,0.0,-0.3,-0.6000000000000001,-1.2000000000000002,-4.800000000000001,0.0,-46.0,300.3,0.0,21.9,31.9,31.9,32.6,300.0,300.0,30.6,34.6,31.1,30.6,32.300000000000004,4.95,1.99,4.96,0.16,0.0,0.0,1027.0,8228.0,0.0,0.0,0.0,0.0,0.0,1.0,0.0,0.0,0.0,-0.024,0.0,1.8,0.0,0.6000000000000001,0.0,0.0883,16.0,25903.0
2026-07-30T18:59:00.424Z,109.907,109.92,0.0,7.4,0.0,0.0,0.0,0.0,0.0,0.0,0.0,0.0,1.0,0.0,0.0,0.0,9.0,4.0,0.0,0.0,0.0,0.0,0.0,0.0,0.0,0.0,1.0,12.0,1.0,12.18,5.01,2.5,1.5,4.1000000000000005,-2.2,0.2,3.8,0.0,0.2,0.0,0.4,1.7000000000000002,0.0,-48.0,251.5,0.0,21.9,31.9,31.9,32.6,300.0,300.0,30.6,34.6,31.1,30.6,32.300000000000004,4.95,1.99,4.97,0.16,0.0,0.0,1027.0,8228.0,0.0,0.0,0.0,0.0,0.0,1.0,0.0,0.0,0.0,-0.026,0.0,-0.3,0.0,-0.3,0.0,0.097,16.0,25903.0
2026-07-30T18:59:00.436Z,109.919,109.932,0.0,7.4,0.0,0.0,0.0,0.0,0.0,0.0,0.0,0.0,1.0,0.0,0.0,0.0,9.0,4.0,0.0,0.0,0.0,0.0,0.0,0.0,0.0,0.0,2.0,12.0,1.0,12.18,5.01,2.5,1.5,2.7,-4.1000000000000005,0.2,3.9,0.0,-0.3,-0.5,1.0,11.3,0.0,-49.0,203.2,0.0,21.9,31.9,31.9,32.6,300.0,300.0,30.6,34.6,31.1,30.6,32.300000000000004,4.96,1.99,4.96,0.16,0.0,0.0,1027.0,8228.0,0.0,0.0,0.0,0.0,0.0,1.0,0.0,0.0,0.0,-0.027,0.0,-0.4,0.0,-0.9,0.0,0.1072,16.0,25903.0
2026-07-30T18:59:00.448Z,109.931,109.944,0.0,7.4,0.0,0.0,0.0,0.0,0.0,0.0,0.0,0.0,1.0,0.0,0.0,0.0,9.0,4.0,0.0,0.0,0.0,0.0,0.0,0.0,0.0,0.0,3.0,12.0,1.0,12.18,5.01,2.5,1.5,-0.5,-3.3000000000000003,0.2,4.0,0.0,-0.3,1.1,1.0,10.4,0.0,-50.0,157.8,0.0,21.9,31.9,31.9,32.6,300.0,300.0,30.6,34.6,31.1,30.6,32.300000000000004,4.96,1.99,4.96,0.16,0.0,0.0,1027.0,8228.0,0.0,0.0,0.0,0.0,0.0,1.0,0.0,0.0,0.0,-0.026,0.0,2.2,0.0,-0.2,0.0,0.1098,16.0,25903.0
2026-07-30T18:59:00.461Z,109.944,109.956,0.0,7.4,0.0,0.0,0.0,0.0,0.0,0.0,0.0,0.0,1.0,0.0,0.0,0.0,9.0,4.0,0.0,0.0,0.0,0.0,0.0,0.0,0.0,0.0,4.0,12.0,1.0,12.17,5.0200000000000005,2.5,1.49,-3.5,-0.2,0.2,4.0,0.0,0.2,1.1,1.0,-0.1,0.0,-51.0,112.4,0.0,21.700000000000003,31.9,31.9,32.6,300.0,300.0,30.6,34.6,31.1,30.6,32.300000000000004,4.95,1.99,4.96,0.16,0.0,0.0,1027.0,8228.0,0.0,0.0,0.0,0.0,0.0,1.0,0.0,0.0,0.0,-0.025,0.0,1.7000000000000002,0.0,1.4,0.0,0.1049,16.0,25903.0
2026-07-30T18:59:00.472Z,109.955,109.968,0.0,7.4,0.0,0.0,0.0,0.0,0.0,0.0,0.0,0.0,1.0,0.0,0.0,0.0,9.0,4.0,0.0,0.0,0.0,0.0,0.0,0.0,0.0,0.0,5.0,12.0,1.0,12.17,5.0200000000000005,2.5,1.49,-4.1000000000000005,2.8000000000000003,0.2,4.0,0.0,0.1,-0.5,-1.2000000000000002,-6.5,0.0,-52.0,65.60000000000001,0.0,21.700000000000003,31.9,31.9,32.6,300.0,300.0,30.6,34.6,31.1,30.6,32.300000000000004,4.96,1.99,4.96,0.16,0.0,0.0,1027.0,8228.0,0.0,0.0,0.0,0.0,0.0,1.0,0.0,0.0,0.0,-0.026,0.0,-0.5,0.0,-1.8,0.0,0.103,16.0,25903.0
2026-07-30T18:59:00.484Z,109.967,109.98,0.0,7.4,0.0,0.0,0.0,0.0,0.0,0.0,0.0,0.0,1.0,0.0,0.0,0.0,9.0,4.0,0.0,0.0,0.0,0.0,0.0,0.0,0.0,0.0,5.0,12.0,1.0,12.17,5.0200000000000005,2.5,1.49,-2.2,4.1000000000000005,0.2,4.0,0.0,0.7000000000000001,0.5,1.0,-9.2,0.0,-53.0,20.700000000000003,0.0,21.700000000000003,31.9,31.9,32.6,300.0,300.0,30.6,34.6,31.1,30.6,32.300000000000004,4.95,2.0,4.96,0.16,0.0,0.0,1027.0,8228.0,0.0,0.0,0.0,0.0,0.0,1.0,0.0,0.0,0.0,-0.025,0.0,-0.8,0.0,1.4,0.0,0.1054,16.0,25903.0
2026-07-30T18:59:00.496Z,109.979,109.992,0.0,7.4,0.0,0.0,0.0,0.0,0.0,0.0,0.0,0.0,1.0,0.0,0.0,0.0,9.0,4.0,0.0,0.0,0.0,0.0,0.0,0.0,0.0,0.0,6.0,12.0,1.0,12.17,5.0200000000000005,2.5,1.49,0.6000000000000001,3.1,0.1,3.9,0.0,0.1,0.5,0.0,-8.4,0.0,-53.0,337.5,0.0,21.700000000000003,31.9,31.9,32.6,300.0,300.0,30.6,34.6,31.1,30.6,32.300000000000004,4.95,1.99,4.97,0.16,0.0,0.0,1027.0,8228.0,0.0,0.0,0.0,0.0,0.0,1.0,0.0,0.0,0.0,-0.024,0.0,-0.5,0.0,-0.2,0.0,0.1033,16.0,25903.0
2026-07-30T18:59:00.508Z,109.991,110.004,0.0,7.4,0.0,0.0,0.0,0.0,0.0,0.0,0.0,0.0,1.0,0.0,0.0,0.0,9.0,4.0,0.0,0.0,0.0,0.0,0.0,0.0,0.0,0.0,1.0,12.0,1.0,12.17,5.0200000000000005,2.5,1.49,3.1,0.4,0.1,3.9,0.0,-0.3,0.5,0.0,-4.5,0.0,-54.0,293.1,0.0,21.700000000000003,31.9,31.9,32.6,300.0,300.0,30.6,34.6,31.1,30.6,32.300000000000004,4.95,1.99,4.97,0.16,0.0,0.0,1027.0,8228.0,0.0,0.0,0.0,0.0,0.0,1.0,0.0,0.0,0.0,-0.024,0.0,-0.1,0.0,-0.5,0.0,0.0994,16.0,25903.0
2026-07-30T18:59:00.520Z,110.003,110.016,0.0,7.4,0.0,0.0,0.0,0.0,0.0,0.0,0.0,0.0,1.0,0.0,0.0,0.0,9.0,4.0,0.0,0.0,0.0,0.0,0.0,0.0,0.0,0.0,2.0,12.0,1.0,12.17,5.0200000000000005,2.5,1.49,3.8,-2.1,0.1,3.9,0.0,0.8,0.5,1.0,2.3000000000000003,0.0,-54.0,248.4,0.0,21.700000000000003,31.9,31.9,32.6,300.0,300.0,30.6,34.6,31.1,30.6,32.300000000000004,4.96,1.99,4.96,0.16,0.0,0.0,1027.0,8228.0,0.0,0.0,0.0,0.0,0.0,1.0,0.0,0.0,0.0,-0.025,0.0,-0.5,0.0,-1.5,0.0,0.0993,16.0,25903.0
2026-07-30T18:59:00.532Z,110.015,110.028,0.0,7.4,0.0,0.0,0.0,0.0,0.0,0.0,0.0,0.0,1.0,0.0,0.0,0.0,9.0,4.0,0.0,0.0,0.0,0.0,0.0,0.0,0.0,0.0,3.0,12.0,1.0,12.17,5.0200000000000005,2.5,1.49,2.6,-3.5,0.1,3.8,0.0,-0.3,0.5,1.1,11.8,0.0,-55.0,206.8,0.0,21.700000000000003,31.9,31.9,32.6,300.0,300.0,30.6,34.6,31.1,30.6,32.300000000000004,4.95,1.99,4.96,0.16,0.0,0.0,1027.0,8228.0,0.0,0.0,0.0,0.0,0.0,1.0,0.0,0.0,0.0,-0.024,0.0,0.6000000000000001,0.0,-1.6,0.0,0.1022,16.0,25903.0
2026-07-30T18:59:00.544Z,110.027,110.04,0.0,7.4,0.0,0.0,0.0,0.0,0.0,0.0,0.0,0.0,1.0,0.0,0.0,0.0,9.0,4.0,0.0,0.0,0.0,0.0,0.0,0.0,0.0,0.0,4.0,12.0,1.0,12.17,5.0200000000000005,2.5,1.49,0.2,-3.1,0.1,3.8,0.0,0.2,0.5,0.0,16.900000000000002,0.0,-55.0,170.60000000000002,0.0,21.700000000000003,31.9,31.9,32.6,300.0,300.0,30.6,34.6,31.1,30.6,32.300000000000004,4.95,1.99,4.96,0.16,0.0,0.0,1027.0,8228.0,0.0,0.0,0.0,0.0,0.0,1.0,0.0,0.0,0.0,-0.021,0.0,0.5,0.0,0.1,0.0,0.0968,16.0,25903.0
2026-07-30T18:59:00.556Z,110.039,110.052,0.0,7.4,0.0,0.0,0.0,0.0,0.0,0.0,0.0,0.0,1.0,0.0,0.0,0.0,9.0,4.0,0.0,0.0,0.0,0.0,0.0,0.0,0.0,0.0,5.0,12.0,1.0,12.17,5.0200000000000005,2.5,1.49,-1.9,-1.4,0.1,3.8,0.0,0.2,0.6000000000000001,2.9000000000000004,4.6000000000000005,0.0,-54.0,133.9,0.0,21.700000000000003,31.9,31.9,32.6,300.0,300.0,30.6,34.6,31.1,30.6,32.300000000000004,4.95,2.0,4.96,0.16,0.0,0.0,1027.0,8228.0,0.0,0.0,0.0,0.0,0.0,1.0,0.0,0.0,0.0,-0.02,0.0,3.7,0.0,-0.2,0.0,0.0861,16.0,25903.0
2026-07-30T18:59:00.568Z,110.051,110.064,0.0,7.4,0.0,0.0,0.0,0.0,0.0,0.0,0.0,0.0,1.0,0.0,0.0,0.0,9.0,4.0,0.0,0.0,0.0,0.0,0.0,0.0,0.0,0.0,6.0,12.0,1.0,12.14,5.01,2.51,1.49,-3.3000000000000003,0.7000000000000001,0.1,3.8,0.0,-0.2,-1.1,0.5,-3.9,0.0,-54.0,94.2,0.0,21.8,31.9,31.9,32.6,300.0,300.0,30.700000000000003,34.6,31.0,30.6,32.300000000000004,4.95,2.0,4.96,0.16,0.0,0.0,1027.0,8228.0,0.0,0.0,0.0,0.0,0.0,1.0,0.0,0.0,0.0,-0.021,0.0,0.5,0.0,-1.0,0.0,0.0831,16.0,25903.0
2026-07-30T18:59:00.580Z,110.063,110.076,0.0,7.4,0.0,0.0,0.0,0.0,0.0,0.0,0.0,0.0,1.0,0.0,0.0,0.0,9.0,4.0,0.0,0.0,0.0,0.0,0.0,0.0,0.0,0.0,2.0,12.0,1.0,12.14,5.01,2.51,1.49,-3.2,2.7,0.1,3.8,0.0,1.4,0.0,0.6000000000000001,-9.0,0.0,-54.0,55.3,0.0,21.8,31.9,31.9,32.6,300.0,300.0,30.700000000000003,34.6,31.0,30.6,32.300000000000004,4.95,1.99,4.97,0.16,0.0,0.0,1027.0,8228.0,0.0,0.0,0.0,0.0,0.0,1.0,0.0,0.0,0.0,-0.022,0.0,0.3,0.0,0.6000000000000001,0.0,0.088,16.0,25903.0
2026-07-30T18:59:00.592Z,110.075,110.088,0.0,7.4,0.0,0.0,0.0,0.0,0.0,0.0,0.0,0.0,1.0,0.0,0.0,0.0,9.0,4.0,0.0,0.0,0.0,0.0,0.0,0.0,0.0,0.0,3.0,12.0,1.0,12.14,5.01,2.51,1.49,-1.8,3.2,0.1,3.7,0.0,0.2,0.0,0.0,-11.1,0.0,-54.0,20.5,0.0,21.8,31.9,31.9,32.6,300.0,300.0,30.700000000000003,34.6,31.0,30.6,32.300000000000004,4.95,1.99,4.96,0.16,0.0,0.0,1027.0,8228.0,0.0,0.0,0.0,0.0,0.0,1.0,0.0,0.0,0.0,-0.02,0.0,0.0,0.0,0.0,0.0,0.0886,16.0,25903.0
2026-07-30T18:59:00.604Z,110.087,110.1,0.0,7.4,0.0,0.0,0.0,0.0,0.0,0.0,0.0,0.0,1.0,0.0,0.0,0.0,9.0,4.0,0.0,0.0,0.0,0.0,0.0,0.0,0.0,0.0,4.0,12.0,1.0,12.14,5.01,2.51,1.49,0.0,2.7,0.1,3.7,0.0,0.3,0.0,0.0,-10.7,0.0,-53.0,349.40000000000003,0.0,21.8,31.9,31.9,32.6,300.0,300.0,30.700000000000003,34.6,31.0,30.6,32.300000000000004,4.96,1.99,4.96,0.16,0.0,0.0,1027.0,8228.0,0.0,0.0,0.0,0.0,0.0,1.0,0.0,0.0,0.0,-0.018,0.0,0.0,0.0,0.0,0.0,0.0821,16.0,25903.0
2026-07-30T18:59:00.616Z,110.099,110.112,0.0,7.4,0.0,0.0,0.0,0.0,0.0,0.0,0.0,0.0,1.0,0.0,0.0,0.0,9.0,4.0,0.0,0.0,0.0,0.0,0.0,0.0,0.0,0.0,5.0,12.0,1.0,12.14,5.01,2.51,1.49,1.5,1.4,0.1,3.8,0.0,-0.8,-0.6000000000000001,0.0,-7.9,0.0,-52.0,316.3,0.0,21.8,31.9,31.9,32.6,300.0,300.0,30.700000000000003,34.6,31.0,30.6,32.300000000000004,4.95,1.99,4.97,0.16,0.0,0.0,1027.0,8228.0,0.0,0.0,0.0,0.0,0.0,1.0,0.0,0.0,0.0,-0.018,0.0,0.4,0.0,0.4,0.0,0.0736,16.0,25903.0
2026-07-30T18:59:00.628Z,110.111,110.124,0.0,7.4,0.0,0.0,0.0,0.0,0.0,0.0,0.0,0.0,1.0,0.0,0.0,0.0,9.0,4.0,0.0,0.0,0.0,0.0,0.0,0.0,0.0,0.0,6.0,12.0,1.0,12.14,5.01,2.51,1.49,2.6,-0.2,0.1,3.7,0.0,-0.2,0.5,1.1,-2.8000000000000003,0.0,-52.0,281.40000000000003,0.0,21.8,31.9,31.9,32.6,300.0,300.0,30.700000000000003,34.6,31.0,30.6,32.300000000000004,4.96,1.99,4.96,0.16,0.0,0.0,1027.0,8228.0,0.0,0.0,0.0,0.0,0.0,1.0,0.0,0.0,0.0,-0.019,0.0,-1.4,0.0,-1.1,0.0,0.0737,16.0,25903.0
2026-07-30T18:59:00.640Z,110.123,110.136,0.0,7.4,0.0,0.0,0.0,0.0,0.0,0.0,0.0,0.0,1.0,0.0,0.0,0.0,9.0,4.0,0.0,0.0,0.0,0.0,0.0,0.0,0.0,0.0,1.0,12.0,1.0,12.14,5.01,2.51,1.49,2.9000000000000004,-1.6,0.1,3.7,0.0,0.3,0.5,1.2000000000000002,4.3,0.0,-52.0,245.8,0.0,21.8,31.9,31.9,32.6,300.0,300.0,30.700000000000003,34.6,31.0,30.6,32.300000000000004,4.96,1.99,4.96,0.16,0.0,0.0,1027.0,8228.0,0.0,0.0,0.0,0.0,0.0,1.0,0.0,0.0,0.0,-0.019,0.0,-0.5,0.0,-1.7000000000000002,0.0,0.0781,16.0,25903.0
2026-07-30T18:59:00.652Z,110.135,110.148,0.0,7.4,0.0,0.0,0.0,0.0,0.0,0.0,0.0,0.0,1.0,0.0,0.0,0.0,9.0,4.0,0.0,0.0,0.0,0.0,0.0,0.0,0.0,0.0,1.0,12.0,1.0,12.14,5.01,2.51,1.49,2.1,-2.5,0.1,3.6,0.0,-0.2,0.0,-0.5,13.7,0.0,-52.0,210.7,0.0,21.8,31.9,31.9,32.6,300.0,300.0,30.700000000000003,34.6,31.0,30.6,32.300000000000004,4.95,1.99,4.96,0.16,0.0,0.0,1027.0,8228.0,0.0,0.0,0.0,0.0,0.0,1.0,0.0,0.0,0.0,-0.02,0.0,0.0,0.0,0.6000000000000001,0.0,0.0799,16.0,25903.0
2026-07-30T18:59:00.677Z,110.16,110.16,0.0,7.4,0.0,0.0,0.0,0.0,0.0,0.0,0.0,0.0,1.0,0.0,0.0,0.0,9.0,4.0,0.0,0.0,0.0,0.0,0.0,0.0,0.0,0.0,2.0,12.0,1.0,12.17,5.0200000000000005,2.51,1.5,0.9,-2.6,0.1,3.6,0.0,-0.8,-0.6000000000000001,-1.0,24.5,0.0,-51.0,182.7,0.0,21.3,31.9,31.9,32.6,300.0,300.0,30.700000000000003,34.6,31.0,30.6,32.300000000000004,4.95,1.99,4.96,0.16,0.0,0.0,1027.0,8228.0,0.0,0.0,0.0,0.0,0.0,1.0,0.0,0.0,0.0,-0.017,0.0,-1.2000000000000002,0.0,1.1,0.0,0.0807,16.0,25903.0
2026-07-30T18:59:00.681Z,110.164,110.172,0.0,7.4,0.0,0.0,0.0,0.0,0.0,0.0,0.0,0.0,1.0,0.0,0.0,0.0,9.0,4.0,0.0,0.0,0.0,0.0,0.0,0.0,0.0,0.0,2.0,12.0,1.0,12.17,5.0200000000000005,2.51,1.5,-0.3,-1.9,0.1,3.6,0.0,-0.2,-1.2000000000000002,0.0,13.2,0.0,-50.0,157.10000000000002,0.0,21.3,31.9,31.9,32.6,300.0,300.0,30.700000000000003,34.6,31.0,30.6,32.300000000000004,4.96,1.99,4.96,0.16,0.0,0.0,1027.0,8228.0,0.0,0.0,0.0,0.0,0.0,1.0,0.0,0.0,0.0,-0.015,0.0,-1.2000000000000002,0.0,-0.5,0.0,0.0683,16.0,25903.0
2026-07-30T18:59:00.688Z,110.171,110.184,0.0,7.4,0.0,0.0,0.0,0.0,0.0,0.0,0.0,0.0,1.0,0.0,0.0,0.0,9.0,4.0,0.0,0.0,0.0,0.0,0.0,0.0,0.0,0.0,6.0,12.0,1.0,12.17,5.0200000000000005,2.51,1.5,-1.3,-0.9,0.1,3.5,0.0,0.8,-0.6000000000000001,0.0,1.7000000000000002,0.0,-48.0,134.3,0.0,21.3,31.9,31.9,32.6,300.0,300.0,30.700000000000003,34.6,31.0,30.6,32.300000000000004,4.96,2.0,4.97,0.16,0.0,0.0,1027.0,8228.0,0.0,0.0,0.0,0.0,0.0,1.0,0.0,0.0,0.0,-0.013,0.0,-0.5,0.0,-0.5,0.0,0.0606,16.0,25903.0
2026-07-30T18:59:00.700Z,110.183,110.196,0.0,7.4,0.0,0.0,0.0,0.0,0.0,0.0,0.0,0.0,1.0,0.0,0.0,0.0,9.0,4.0,0.0,0.0,0.0,0.0,0.0,0.0,0.0,0.0,1.0,12.0,1.0,12.17,5.0200000000000005,2.51,1.5,-1.9,0.0,0.1,3.6,0.0,0.3,0.5,0.6000000000000001,-7.300000000000001,0.0,-47.0,109.9,0.0,21.3,31.9,31.9,32.6,300.0,300.0,30.700000000000003,34.6,31.0,30.6,32.300000000000004,4.95,1.99,4.97,0.16,0.0,0.0,1027.0,8228.0,0.0,0.0,0.0,0.0,0.0,1.0,0.0,0.0,0.0,-0.013,0.0,0.8,0.0,0.6000000000000001,0.0,0.0538,16.0,25903.0
2026-07-30T18:59:00.712Z,110.195,110.208,0.0,7.4,0.0,0.0,0.0,0.0,0.0,0.0,0.0,0.0,1.0,0.0,0.0,0.0,9.0,4.0,0.0,0.0,0.0,0.0,0.0,0.0,0.0,0.0,2.0,12.0,1.0,12.17,5.0200000000000005,2.51,1.5,-2.3000000000000003,0.9,0.1,3.5,0.0,-0.2,-1.2000000000000002,0.0,-13.8,0.0,-46.0,83.9,0.0,21.3,31.9,31.9,32.6,300.0,300.0,30.700000000000003,34.6,31.0,30.6,32.300000000000004,4.96,1.99,4.96,0.16,0.0,0.0,1027.0,8228.0,0.0,0.0,0.0,0.0,0.0,1.0,0.0,0.0,0.0,-0.014,0.0,0.1,0.0,-1.4,0.0,0.0546,16.0,25903.0
2026-07-30T18:59:00.724Z,110.207,110.22,0.0,7.4,0.0,0.0,0.0,0.0,0.0,0.0,0.0,0.0,1.0,0.0,0.0,0.0,9.0,4.0,0.0,0.0,0.0,0.0,0.0,0.0,0.0,0.0,3.0,12.0,1.0,12.17,5.0200000000000005,2.51,1.5,-2.1,1.7000000000000002,0.1,3.5,0.0,-0.2,-0.6000000000000001,1.1,-17.900000000000002,0.0,-46.0,57.8,0.0,21.3,31.9,31.9,32.6,300.0,300.0,30.700000000000003,34.6,31.0,30.6,32.300000000000004,4.95,1.99,4.96,0.16,0.0,0.0,1027.0,8228.0,0.0,0.0,0.0,0.0,0.0,1.0,0.0,0.0,0.0,-0.014,0.0,1.0,0.0,0.5,0.0,0.0577,16.0,25903.0
2026-07-30T18:59:00.736Z,110.219,110.232,0.0,7.4,0.0,0.0,0.0,0.0,0.0,0.0,0.0,0.0,1.0,0.0,0.0,0.0,9.0,4.0,0.0,0.0,0.0,0.0,0.0,0.0,0.0,0.0,4.0,12.0,1.0,12.17,5.0200000000000005,2.51,1.5,-1.6,2.1,0.1,3.5,0.0,-0.2,-0.1,0.4,-19.9,0.0,-45.0,33.5,0.0,21.3,31.9,31.9,32.6,300.0,300.0,30.700000000000003,34.6,31.0,30.6,32.300000000000004,4.95,1.99,4.97,0.16,0.0,0.0,1027.0,8228.0,0.0,0.0,0.0,0.0,0.0,1.0,0.0,0.0,0.0,-0.014,0.0,0.6000000000000001,0.0,-1.9,0.0,0.0591,16.0,25903.0
2026-07-30T18:59:00.748Z,110.231,110.244,0.0,7.4,0.0,0.0,0.0,0.0,0.0,0.0,0.0,0.0,1.0,0.0,0.0,0.0,9.0,4.0,0.0,0.0,0.0,0.0,0.0,0.0,0.0,0.0,4.0,12.0,1.0,12.17,5.0200000000000005,2.51,1.5,-0.7000000000000001,1.9,0.0,3.5,0.0,0.2,0.4,1.6,-20.0,0.0,-44.0,11.3,0.0,21.3,31.9,31.9,32.6,300.0,300.0,30.700000000000003,34.6,31.0,30.6,32.300000000000004,4.96,2.0,4.97,0.16,0.0,0.0,1027.0,8228.0,0.0,0.0,0.0,0.0,0.0,1.0,0.0,0.0,0.0,-0.013,0.0,0.1,0.0,-0.1,0.0,0.0564,16.0,25903.0
2026-07-30T18:59:00.760Z,110.243,110.256,0.0,7.4,0.0,0.0,0.0,0.0,0.0,0.0,0.0,0.0,1.0,0.0,0.0,0.0,9.0,4.0,0.0,0.0,0.0,0.0,0.0,0.0,0.0,0.0,5.0,12.0,1.0,12.17,5.0200000000000005,2.51,1.5,-0.2,1.6,0.0,3.5,0.0,-0.2,-0.6000000000000001,0.4,-18.7,0.0,-43.0,352.0,0.0,21.3,31.9,31.9,32.6,300.0,300.0,30.700000000000003,34.6,31.0,30.6,32.300000000000004,4.96,2.0,4.96,0.16,0.0,0.0,1027.0,8228.0,0.0,0.0,0.0,0.0,0.0,1.0,0.0,0.0,0.0,-0.011,0.0,1.6,0.0,-1.0,0.0,0.0521,16.0,25903.0
2026-07-30T18:59:00.772Z,110.255,110.268,0.0,7.4,0.0,0.0,0.0,0.0,0.0,0.0,0.0,0.0,1.0,0.0,0.0,0.0,9.0,4.0,0.0,0.0,0.0,0.0,0.0,0.0,0.0,0.0,6.0,12.0,1.0,12.11,5.0200000000000005,2.51,1.49,0.2,1.2000000000000002,0.0,3.4000000000000004,0.0,0.2,-1.2000000000000002,0.4,-16.0,0.0,-41.0,332.90000000000003,0.0,21.4,31.9,31.9,32.6,300.0,300.0,30.700000000000003,34.6,31.0,30.6,32.300000000000004,4.95,1.99,4.97,0.16,0.0,0.0,1027.0,8228.0,0.0,0.0,0.0,0.0,0.0,1.0,0.0,0.0,0.0,-0.01,0.0,0.7000000000000001,0.0,0.9,0.0,0.0463,16.0,25903.0
2026-07-30T18:59:00.784Z,110.267,110.28,0.0,7.4,0.0,0.0,0.0,0.0,0.0,0.0,0.0,0.0,1.0,0.0,0.0,0.0,9.0,4.0,0.0,0.0,0.0,0.0,0.0,0.0,0.0,0.0,1.0,12.0,1.0,12.11,5.0200000000000005,2.51,1.49,0.8,0.8,0.0,3.4000000000000004,0.0,0.2,0.5,0.4,-12.3,0.0,-40.0,316.0,0.0,21.4,31.9,31.9,32.6,300.0,300.0,30.700000000000003,34.6,31.0,30.6,32.300000000000004,4.95,1.99,4.97,0.16,0.0,0.0,1027.0,8228.0,0.0,0.0,0.0,0.0,0.0,1.0,0.0,0.0,0.0,-0.009,0.0,-0.9,0.0,-0.2,0.0,0.0438,16.0,25903.0
2026-07-30T18:59:00.796Z,110.279,110.292,0.0,7.4,0.0,0.0,0.0,0.0,0.0,0.0,0.0,0.0,1.0,0.0,0.0,0.0,9.0,4.0,0.0,0.0,0.0,0.0,0.0,0.0,0.0,0.0,2.0,12.0,1.0,12.11,5.0200000000000005,2.51,1.49,1.2000000000000002,0.4,0.0,3.4000000000000004,0.0,-0.8,0.5,0.0,-7.300000000000001,0.0,-39.0,294.40000000000003,0.0,21.4,31.9,31.9,32.6,300.0,300.0,30.700000000000003,34.6,31.0,30.6,32.300000000000004,4.96,2.0,4.97,0.16,0.0,0.0,1027.0,8228.0,0.0,0.0,0.0,0.0,0.0,1.0,0.0,0.0,0.0,-0.011,0.0,-0.1,0.0,-0.5,0.0,0.0399,16.0,25903.0
2026-07-30T18:59:00.808Z,110.291,110.304,0.0,7.4,0.0,0.0,0.0,0.0,0.0,0.0,0.0,0.0,1.0,0.0,0.0,0.0,9.0,4.0,0.0,0.0,0.0,0.0,0.0,0.0,0.0,0.0,3.0,12.0,1.0,12.11,5.0200000000000005,2.51,1.49,1.6,-0.1,0.0,3.4000000000000004,0.0,-0.8,-1.2000000000000002,0.0,-1.3,0.0,-38.0,274.5,0.0,21.4,31.9,31.9,32.6,300.0,300.0,30.700000000000003,34.6,31.0,30.6,32.300000000000004,4.95,2.0,4.96,0.16,0.0,0.0,1027.0,8228.0,0.0,0.0,0.0,0.0,0.0,1.0,0.0,0.0,0.0,-0.011,0.0,0.2,0.0,1.4,0.0,0.0451,16.0,25903.0
2026-07-30T18:59:00.820Z,110.303,110.316,0.0,7.4,0.0,0.0,0.0,0.0,0.0,0.0,0.0,0.0,1.0,0.0,0.0,0.0,9.0,4.0,0.0,0.0,0.0,0.0,0.0,0.0,0.0,0.0,4.0,12.0,1.0,12.11,5.0200000000000005,2.51,1.49,2.0,-0.9,0.0,3.4000000000000004,0.0,-0.3,-0.6000000000000001,-0.1,5.800000000000001,0.0,-38.0,253.2,0.0,21.4,31.9,31.9,32.6,300.0,300.0,30.700000000000003,34.6,31.0,30.6,32.300000000000004,4.96,1.99,4.97,0.16,0.0,0.0,1027.0,8228.0,0.0,0.0,0.0,0.0,0.0,1.0,0.0,0.0,0.0,-0.011,0.0,-0.1,0.0,0.7000000000000001,0.0,0.0454,16.0,25903.0
2026-07-30T18:59:00.832Z,110.315,110.328,0.0,7.4,0.0,0.0,0.0,0.0,0.0,0.0,0.0,0.0,1.0,0.0,0.0,0.0,9.0,4.0,0.0,0.0,0.0,0.0,0.0,0.0,0.0,0.0,5.0,12.0,1.0,12.11,5.0200000000000005,2.51,1.49,2.1,-1.8,0.1,3.4000000000000004,0.0,-0.2,-1.2000000000000002,0.4,14.1,0.0,-37.0,225.9,0.0,21.4,31.9,31.9,32.6,300.0,300.0,30.700000000000003,34.6,31.0,30.6,32.300000000000004,4.96,2.0,4.96,0.16,0.0,0.0,1027.0,8228.0,0.0,0.0,0.0,0.0,0.0,1.0,0.0,0.0,0.0,-0.014,0.0,-1.1,0.0,0.4,0.0,0.0467,16.0,25903.0
2026-07-30T18:59:00.844Z,110.327,110.34,0.0,7.4,0.0,0.0,0.0,0.0,0.0,0.0,0.0,0.0,1.0,0.0,0.0,0.0,9.0,4.0,0.0,0.0,0.0,0.0,0.0,0.0,0.0,0.0,6.0,12.0,1.0,12.11,5.0200000000000005,2.51,1.49,1.6,-2.4000000000000004,0.1,3.3000000000000003,0.0,-0.8,-0.6000000000000001,-1.2000000000000002,23.8,0.0,-37.0,200.3,0.0,21.4,31.9,31.9,32.6,300.0,300.0,30.700000000000003,34.6,31.0,30.6,32.300000000000004,4.96,1.99,4.96,0.16,0.0,0.0,1027.0,8228.0,0.0,0.0,0.0,0.0,0.0,1.0,0.0,0.0,0.0,-0.014,0.0,-0.9,0.0,1.7000000000000002,0.0,0.0574,16.0,25903.0
2026-07-30T18:59:00.856Z,110.339,110.352,0.0,7.4,0.0,0.0,0.0,0.0,0.0,0.0,0.0,0.0,1.0,0.0,0.0,0.0,9.0,4.0,0.0,0.0,0.0,0.0,0.0,0.0,0.0,0.0,2.0,12.0,1.0,12.11,5.0200000000000005,2.51,1.49,0.4,-2.5,0.1,3.3000000000000003,0.0,0.3,0.5,0.4,27.8,0.0,-37.0,173.20000000000002,0.0,21.4,31.9,31.9,32.6,300.0,300.0,30.700000000000003,34.6,31.0,30.6,32.300000000000004,4.95,1.99,4.97,0.16,0.0,0.0,1027.0,8228.0,0.0,0.0,0.0,0.0,0.0,1.0,0.0,0.0,0.0,-0.015,0.0,1.0,0.0,-0.3,0.0,0.0592,16.0,25903.0
2026-07-30T18:59:00.869Z,110.352,110.364,0.0,7.4,0.0,0.0,0.0,0.0,0.0,0.0,0.0,0.0,1.0,0.0,0.0,0.0,9.0,4.0,0.0,0.0,0.0,0.0,0.0,0.0,0.0,0.0,3.0,12.0,1.0,12.15,5.0200000000000005,2.51,1.49,-1.0,-1.6,0.1,3.3000000000000003,0.0,-0.8,0.0,0.0,14.1,0.0,-37.0,147.0,0.0,21.0,31.9,31.9,32.6,300.0,300.0,30.6,34.6,31.0,30.6,32.300000000000004,4.96,1.99,4.97,0.16,0.0,0.0,1027.0,8228.0,0.0,0.0,0.0,0.0,0.0,1.0,0.0,0.0,0.0,-0.014,0.0,-0.1,0.0,0.0,0.0,0.0606,16.0,25903.0
2026-07-30T18:59:00.880Z,110.363,110.376,0.0,7.4,0.0,0.0,0.0,0.0,0.0,0.0,0.0,0.0,1.0,0.0,0.0,0.0,9.0,4.0,0.0,0.0,0.0,0.0,0.0,0.0,0.0,0.0,4.0,12.0,1.0,12.15,5.0200000000000005,2.51,1.49,-2.3000000000000003,-0.3,0.1,3.3000000000000003,0.0,-0.8,1.1,0.4,3.4000000000000004,0.0,-37.0,119.9,0.0,21.0,31.9,31.9,32.6,300.0,300.0,30.6,34.6,31.0,30.6,32.300000000000004,4.96,2.0,4.96,0.16,0.0,0.0,1027.0,8228.0,0.0,0.0,0.0,0.0,0.0,1.0,0.0,0.0,0.0,-0.015,0.0,1.2000000000000002,0.0,1.1,0.0,0.0598,16.0,25903.0
2026-07-30T18:59:00.892Z,110.375,110.388,0.0,7.4,0.0,0.0,0.0,0.0,0.0,0.0,0.0,0.0,1.0,0.0,0.0,0.0,9.0,4.0,0.0,0.0,0.0,0.0,0.0,0.0,0.0,0.0,5.0,12.0,1.0,12.15,5.0200000000000005,2.51,1.49,-3.0,1.2000000000000002,0.1,3.3000000000000003,0.0,0.3,0.0,0.5,-4.3,0.0,-38.0,86.4,0.0,21.0,31.9,31.9,32.6,300.0,300.0,30.6,34.6,31.0,30.6,32.300000000000004,4.96,1.99,4.96,0.17,0.0,0.0,1027.0,8228.0,0.0,0.0,0.0,0.0,0.0,1.0,0.0,0.0,0.0,-0.017,0.0,0.4,0.0,0.3,0.0,0.0609,16.0,25903.0
2026-07-30T18:59:00.904Z,110.387,110.4,0.0,7.4,0.0,0.0,0.0,0.0,0.0,0.0,0.0,0.0,1.0,0.0,0.0,0.0,9.0,4.0,0.0,0.0,0.0,0.0,0.0,0.0,0.0,0.0,6.0,12.0,1.0,12.15,5.0200000000000005,2.51,1.49,-2.8000000000000003,2.6,0.1,3.3000000000000003,0.0,0.2,-0.5,-0.6000000000000001,-8.9,0.0,-38.0,50.5,0.0,21.0,31.9,31.9,32.6,300.0,300.0,30.6,34.6,31.0,30.6,32.300000000000004,4.95,1.99,4.97,0.16,0.0,0.0,1027.0,8228.0,0.0,0.0,0.0,0.0,0.0,1.0,0.0,0.0,0.0,-0.019,0.0,0.1,0.0,-1.2000000000000002,0.0,0.0709,16.0,25903.0
2026-07-30T18:59:00.916Z,110.399,110.412,0.0,7.4,0.0,0.0,0.0,0.0,0.0,0.0,0.0,0.0,1.0,0.0,0.0,0.0,9.0,4.0,0.0,0.0,0.0,0.0,0.0,0.0,0.0,0.0,1.0,12.0,1.0,12.15,5.0200000000000005,2.51,1.49,-1.4,3.0,0.1,3.3000000000000003,0.0,0.8,-0.6000000000000001,-0.1,-10.7,0.0,-39.0,17.400000000000002,0.0,21.0,31.9,31.9,32.6,300.0,300.0,30.6,34.6,31.0,30.6,32.300000000000004,4.96,2.0,4.96,0.16,0.0,0.0,1027.0,8228.0,0.0,0.0,0.0,0.0,0.0,1.0,0.0,0.0,0.0,-0.019,0.0,0.7000000000000001,0.0,-0.3,0.0,0.0795,16.0,25903.0
2026-07-30T18:59:00.928Z,110.411,110.424,0.0,7.4,0.0,0.0,0.0,0.0,0.0,0.0,0.0,0.0,1.0,0.0,0.0,0.0,9.0,4.0,0.0,0.0,0.0,0.0,0.0,0.0,0.0,0.0,2.0,12.0,1.0,12.15,5.0200000000000005,2.51,1.49,0.1,2.5,0.1,3.3000000000000003,0.0,0.2,0.0,0.0,-10.0,0.0,-39.0,345.6,0.0,21.0,31.9,31.9,32.6,300.0,300.0,30.6,34.6,31.0,30.6,32.300000000000004,4.96,1.99,4.96,0.15,0.0,0.0,1027.0,8228.0,0.0,0.0,0.0,0.0,0.0,1.0,0.0,0.0,0.0,-0.018,0.0,0.1,0.0,0.0,0.0,0.0765,16.0,25903.0
2026-07-30T18:59:00.940Z,110.423,110.436,0.0,7.4,0.0,0.0,0.0,0.0,0.0,0.0,0.0,0.0,1.0,0.0,0.0,0.0,9.0,4.0,0.0,0.0,0.0,0.0,0.0,0.0,0.0,0.0,3.0,12.0,1.0,12.15,5.0200000000000005,2.51,1.49,1.4,1.2000000000000002,0.1,3.2,0.0,-0.9,0.0,-1.8,-6.9,0.0,-40.0,311.40000000000003,0.0,21.0,31.9,31.9,32.6,300.0,300.0,30.6,34.6,31.0,30.6,32.300000000000004,4.95,1.99,4.96,0.16,0.0,0.0,1027.0,8228.0,0.0,0.0,0.0,0.0,0.0,1.0,0.0,0.0,0.0,-0.018,0.0,2.1,0.0,-0.3,0.0,0.0735,16.0,25903.0
2026-07-30T18:59:00.952Z,110.435,110.448,0.0,7.4,0.0,0.0,0.0,0.0,0.0,0.0,0.0,0.0,1.0,0.0,0.0,0.0,9.0,4.0,0.0,0.0,0.0,0.0,0.0,0.0,0.0,0.0,3.0,12.0,1.0,12.15,5.0200000000000005,2.51,1.49,2.4000000000000004,-0.2,0.1,3.2,0.0,-0.2,0.5,0.0,-1.7000000000000002,0.0,-40.0,279.5,0.0,21.0,31.9,31.9,32.6,300.0,300.0,30.6,34.6,31.0,30.6,32.300000000000004,4.95,1.99,4.96,0.16,0.0,0.0,1027.0,8228.0,0.0,0.0,0.0,0.0,0.0,1.0,0.0,0.0,0.0,-0.018,0.0,0.0,0.0,-0.5,0.0,0.0759,16.0,25903.0
2026-07-30T18:59:00.964Z,110.447,110.46,0.0,7.4,0.0,0.0,0.0,0.0,0.0,0.0,0.0,0.0,1.0,0.0,0.0,0.0,9.0,4.0,0.0,0.0,0.0,0.0,0.0,0.0,0.0,0.0,5.0,12.0,1.0,12.15,5.0200000000000005,2.51,1.49,2.5,-1.3,0.1,3.2,0.0,0.3,-0.6000000000000001,0.4,5.4,0.0,-40.0,247.9,0.0,21.0,31.9,31.9,32.6,300.0,300.0,30.6,34.6,31.0,30.6,32.300000000000004,4.95,2.0,4.96,0.16,0.0,0.0,1027.0,8228.0,0.0,0.0,0.0,0.0,0.0,1.0,0.0,0.0,0.0,-0.018,0.0,-0.6000000000000001,0.0,0.2,0.0,0.0741,16.0,25903.0
2026-07-30T18:59:00.976Z,110.459,110.472,0.0,7.4,0.0,0.0,0.0,0.0,0.0,0.0,0.0,0.0,1.0,0.0,0.0,0.0,9.0,4.0,0.0,0.0,0.0,0.0,0.0,0.0,0.0,0.0,6.0,12.0,1.0,12.15,5.01,2.51,1.49,2.1,-2.1,0.1,3.2,0.0,0.2,0.4,0.4,14.3,0.0,-41.0,217.7,0.0,21.8,31.9,31.9,32.6,300.0,300.0,30.700000000000003,34.6,31.0,30.6,32.300000000000004,4.95,1.99,4.97,0.16,0.0,0.0,1027.0,8228.0,0.0,0.0,0.0,0.0,0.0,1.0,0.0,0.0,0.0,-0.017,0.0,0.3,0.0,-0.8,0.0,0.0722,16.0,25903.0
2026-07-30T18:59:00.992Z,110.475,110.484,0.0,7.4,0.0,0.0,0.0,0.0,0.0,0.0,0.0,0.0,1.0,0.0,0.0,0.0,9.0,4.0,0.0,0.0,0.0,0.0,0.0,0.0,0.0,0.0,6.0,12.0,1.0,12.15,5.01,2.51,1.49,1.2000000000000002,-2.3000000000000003,0.1,3.1,0.0,-0.3,1.6,0.4,24.5,0.0,-40.0,192.0,0.0,21.8,31.9,31.9,32.6,300.0,300.0,30.700000000000003,34.6,31.0,30.6,32.300000000000004,4.95,1.99,4.97,0.16,0.0,0.0,1027.0,8228.0,0.0,0.0,0.0,0.0,0.0,1.0,0.0,0.0,0.0,-0.015,0.0,2.0,0.0,-0.9,0.0,0.0699,16.0,25903.0
2026-07-30T18:59:01.000Z,110.483,110.496,0.0,7.4,0.0,0.0,0.0,0.0,0.0,0.0,0.0,0.0,1.0,0.0,0.0,0.0,9.0,4.0,0.0,0.0,0.0,0.0,0.0,0.0,0.0,0.0,3.0,12.0,1.0,12.15,5.01,2.51,1.49,0.1,-2.1,0.0,3.2,0.0,0.2,-1.2000000000000002,-1.2000000000000002,22.5,0.0,-40.0,167.9,0.0,21.8,31.9,31.9,32.6,300.0,300.0,30.700000000000003,34.6,31.0,30.6,32.300000000000004,4.96,1.99,4.96,0.16,0.0,0.0,1027.0,8228.0,0.0,0.0,0.0,0.0,0.0,1.0,0.0,0.0,0.0,-0.014,0.0,-2.4000000000000004,0.0,0.7000000000000001,0.0,0.0617,16.0,25903.0
2026-07-30T18:59:01.012Z,110.495,110.508,0.0,7.4,0.0,0.0,0.0,0.0,0.0,0.0,0.0,0.0,1.0,0.0,0.0,0.0,9.0,4.0,0.0,0.0,0.0,0.0,0.0,0.0,0.0,0.0,4.0,12.0,1.0,12.15,5.01,2.51,1.49,-0.8,-1.4,0.0,3.2,0.0,-0.8,-1.2000000000000002,0.0,9.5,0.0,-39.0,145.20000000000002,0.0,21.8,31.9,31.9,32.6,300.0,300.0,30.700000000000003,34.6,31.0,30.6,32.300000000000004,4.95,1.99,4.97,0.16,0.0,0.0,1027.0,8228.0,0.0,0.0,0.0,0.0,0.0,1.0,0.0,0.0,0.0,-0.013,0.0,-1.2000000000000002,0.0,-0.7000000000000001,0.0,0.0561,16.0,25903.0
2026-07-30T18:59:01.024Z,110.507,110.52,0.0,7.4,0.0,0.0,0.0,0.0,0.0,0.0,0.0,0.0,1.0,0.0,0.0,0.0,9.0,4.0,0.0,0.0,0.0,0.0,0.0,0.0,0.0,0.0,6.0,12.0,1.0,12.15,5.01,2.51,1.49,-1.6,-0.4,0.0,3.1,0.0,-0.2,-0.1,-0.6000000000000001,-0.9,0.0,-39.0,123.0,0.0,21.8,31.9,31.9,32.6,300.0,300.0,30.700000000000003,34.6,31.0,30.6,32.300000000000004,4.95,1.99,4.96,0.16,0.0,0.0,1027.0,8228.0,0.0,0.0,0.0,0.0,0.0,1.0,0.0,0.0,0.0,-0.012,0.0,-0.8,0.0,0.0,0.0,0.0528,16.0,25903.0
2026-07-30T18:59:01.036Z,110.519,110.532,0.0,7.4,0.0,0.0,0.0,0.0,0.0,0.0,0.0,0.0,1.0,0.0,0.0,0.0,9.0,4.0,0.0,0.0,0.0,0.0,0.0,0.0,0.0,0.0,1.0,12.0,1.0,12.15,5.01,2.51,1.49,-1.9,0.4,0.0,3.1,0.0,0.8,-0.1,1.0,-8.9,0.0,-38.0,100.8,0.0,21.8,31.9,31.9,32.6,300.0,300.0,30.700000000000003,34.6,31.0,30.6,32.300000000000004,4.96,2.0,4.96,0.16,0.0,0.0,1027.0,8228.0,0.0,0.0,0.0,0.0,0.0,1.0,0.0,0.0,0.0,-0.012,0.0,1.1,0.0,0.2,0.0,0.0508,16.0,25903.0
2026-07-30T18:59:01.048Z,110.531,110.544,0.0,7.4,0.0,0.0,0.0,0.0,0.0,0.0,0.0,0.0,1.0,0.0,0.0,0.0,9.0,4.0,0.0,0.0,0.0,0.0,0.0,0.0,0.0,0.0,2.0,12.0,1.0,12.15,5.01,2.51,1.49,-2.0,1.0,0.0,3.0,0.0,0.2,0.0,0.4,-14.8,0.0,-37.0,78.0,0.0,21.8,31.9,31.9,32.6,300.0,300.0,30.700000000000003,34.6,31.0,30.6,32.300000000000004,4.95,2.0,4.97,0.16,0.0,0.0,1027.0,8228.0,0.0,0.0,0.0,0.0,0.0,1.0,0.0,0.0,0.0,-0.012,0.0,0.4,0.0,0.2,0.0,0.0505,16.0,25903.0
2026-07-30T18:59:01.060Z,110.543,110.556,0.0,7.4,0.0,0.0,0.0,0.0,0.0,0.0,0.0,0.0,1.0,0.0,0.0,0.0,9.0,4.0,0.0,0.0,0.0,0.0,0.0,0.0,0.0,0.0,4.0,12.0,1.0,12.15,5.01,2.51,1.49,-1.7000000000000002,1.4,0.0,3.0,0.0,0.2,-1.2000000000000002,-0.7000000000000001,-18.5,0.0,-37.0,55.3,0.0,21.8,31.9,31.9,32.6,300.0,300.0,30.700000000000003,34.6,31.0,30.6,32.300000000000004,4.95,1.99,4.97,0.16,0.0,0.0,1027.0,8228.0,0.0,0.0,0.0,0.0,0.0,1.0,0.0,0.0,0.0,-0.012,0.0,0.4,0.0,-1.9,0.0,0.0514,16.0,25903.0
2026-07-30T18:59:01.073Z,110.556,110.568,0.0,7.4,0.0,0.0,0.0,0.0,0.0,0.0,0.0,0.0,1.0,0.0,0.0,0.0,9.0,4.0,0.0,0.0,0.0,0.0,0.0,0.0,0.0,0.0,5.0,12.0,1.0,12.18,5.0200000000000005,2.51,1.49,-1.2000000000000002,1.6,0.0,3.0,0.0,-2.1,0.0,-0.6000000000000001,-20.4,0.0,-36.0,34.1,0.0,21.700000000000003,31.9,31.8,32.6,300.0,300.0,30.700000000000003,34.6,31.0,30.6,32.300000000000004,4.95,1.99,4.96,0.16,0.0,0.0,1027.0,8228.0,0.0,0.0,0.0,0.0,0.0,1.0,0.0,0.0,0.0,-0.012,0.0,0.0,0.0,-0.8,0.0,0.0516,16.0,25903.0
2026-07-30T18:59:01.084Z,110.567,110.58,0.0,7.4,0.0,0.0,0.0,0.0,0.0,0.0,0.0,0.0,1.0,0.0,0.0,0.0,9.0,4.0,0.0,0.0,0.0,0.0,0.0,0.0,0.0,0.0,6.0,12.0,1.0,12.18,5.0200000000000005,2.51,1.49,-0.8,1.7000000000000002,0.0,3.0,0.0,-0.3,0.0,-0.1,-20.700000000000003,0.0,-36.0,14.5,0.0,21.700000000000003,31.9,31.8,32.6,300.0,300.0,30.700000000000003,34.6,31.0,30.6,32.300000000000004,4.96,1.99,4.96,0.16,0.0,0.0,1027.0,8228.0,0.0,0.0,0.0,0.0,0.0,1.0,0.0,0.0,0.0,-0.011,0.0,0.1,0.0,-0.1,0.0,0.0492,16.0,25903.0
2026-07-30T18:59:01.096Z,110.579,110.592,0.0,7.4,0.0,0.0,0.0,0.0,0.0,0.0,0.0,0.0,1.0,0.0,0.0,0.0,9.0,4.0,0.0,0.0,0.0,0.0,0.0,0.0,0.0,0.0,1.0,12.0,1.0,12.18,5.0200000000000005,2.51,1.49,-0.3,1.6,0.0,3.0,0.0,0.2,0.0,0.0,-19.5,0.0,-35.0,355.0,0.0,21.700000000000003,31.9,31.8,32.6,300.0,300.0,30.700000000000003,34.6,31.0,30.6,32.300000000000004,4.95,1.99,4.97,0.16,0.0,0.0,1027.0,8228.0,0.0,0.0,0.0,0.0,0.0,1.0,0.0,0.0,0.0,-0.011,0.0,0.0,0.0,0.0,0.0,0.0458,16.0,25903.0
2026-07-30T18:59:01.108Z,110.591,110.604,0.0,7.4,0.0,0.0,0.0,0.0,0.0,0.0,0.0,0.0,1.0,0.0,0.0,0.0,9.0,4.0,0.0,0.0,0.0,0.0,0.0,0.0,0.0,0.0,2.0,12.0,1.0,12.18,5.0200000000000005,2.51,1.49,0.1,1.3,0.0,3.0,0.0,-0.2,-1.2000000000000002,0.0,-17.0,0.0,-34.0,337.20000000000005,0.0,21.700000000000003,31.9,31.8,32.6,300.0,300.0,30.700000000000003,34.6,31.0,30.6,32.300000000000004,4.96,1.99,4.96,0.16,0.0,0.0,1027.0,8228.0,0.0,0.0,0.0,0.0,0.0,1.0,0.0,0.0,0.0,-0.01,0.0,1.3,0.0,0.4,0.0,0.0445,16.0,25903.0
2026-07-30T18:59:01.120Z,110.603,110.616,0.0,7.4,0.0,0.0,0.0,0.0,0.0,0.0,0.0,0.0,1.0,0.0,0.0,0.0,9.0,4.0,0.0,0.0,0.0,0.0,0.0,0.0,0.0,0.0,3.0,12.0,1.0,12.18,5.0200000000000005,2.51,1.49,0.6000000000000001,0.9,0.0,3.0,0.0,0.8,0.0,0.0,-13.5,0.0,-34.0,320.1,0.0,21.700000000000003,31.9,31.8,32.6,300.0,300.0,30.700000000000003,34.6,31.0,30.6,32.300000000000004,4.96,1.99,4.96,0.16,0.0,0.0,1027.0,8228.0,0.0,0.0,0.0,0.0,0.0,1.0,0.0,0.0,0.0,-0.009,0.0,0.1,0.0,0.0,0.0,0.0416,16.0,25903.0
2026-07-30T18:59:01.132Z,110.615,110.628,0.0,7.4,0.0,0.0,0.0,0.0,0.0,0.0,0.0,0.0,1.0,0.0,0.0,0.0,9.0,4.0,0.0,0.0,0.0,0.0,0.0,0.0,0.0,0.0,4.0,12.0,1.0,12.18,5.0200000000000005,2.51,1.49,1.0,0.5,0.0,3.0,0.0,-0.2,0.5,0.0,-9.0,0.0,-33.0,302.90000000000003,0.0,21.700000000000003,31.9,31.8,32.6,300.0,300.0,30.700000000000003,34.6,31.0,30.6,32.300000000000004,4.95,1.99,4.96,0.16,0.0,0.0,1027.0,8228.0,0.0,0.0,0.0,0.0,0.0,1.0,0.0,0.0,0.0,-0.009,0.0,-0.3,0.0,-0.5,0.0,0.0396,16.0,25903.0
2026-07-30T18:59:01.144Z,110.627,110.64,0.0,7.4,0.0,0.0,0.0,0.0,0.0,0.0,0.0,0.0,1.0,0.0,0.0,0.0,9.0,4.0,0.0,0.0,0.0,0.0,0.0,0.0,0.0,0.0,6.0,12.0,1.0,12.18,5.0200000000000005,2.51,1.49,1.1,0.0,0.0,3.0,0.0,0.3,0.0,-0.6000000000000001,-3.6,0.0,-32.0,286.40000000000003,0.0,21.700000000000003,31.9,31.8,32.6,300.0,300.0,30.700000000000003,34.6,31.0,30.6,32.300000000000004,4.94,1.99,4.97,0.16,0.0,0.0,1027.0,8228.0,0.0,0.0,0.0,0.0,0.0,1.0,0.0,0.0,0.0,-0.009,0.0,0.7000000000000001,0.0,0.1,0.0,0.0389,16.0,25903.0
2026-07-30T18:59:01.156Z,110.639,110.652,0.0,7.4,0.0,0.0,0.0,0.0,0.0,0.0,0.0,0.0,1.0,0.0,0.0,0.0,9.0,4.0,0.0,0.0,0.0,0.0,0.0,0.0,0.0,0.0,1.0,12.0,1.0,12.18,5.0200000000000005,2.51,1.49,1.1,-0.2,0.0,3.0,0.0,-0.2,-1.1,-1.2000000000000002,2.5,0.0,-31.0,272.0,0.0,21.700000000000003,31.9,31.8,32.6,300.0,300.0,30.700000000000003,34.6,31.0,30.6,32.300000000000004,4.96,2.0,4.96,0.16,0.0,0.0,1027.0,8228.0,0.0,0.0,0.0,0.0,0.0,1.0,0.0,0.0,0.0,-0.008,0.0,1.3,0.0,2.0,0.0,0.0378,16.0,25903.0
2026-07-30T18:59:01.168Z,110.651,110.664,0.0,7.4,0.0,0.0,0.0,0.0,0.0,0.0,0.0,0.0,1.0,0.0,0.0,0.0,9.0,4.0,0.0,0.0,0.0,0.0,0.0,0.0,0.0,0.0,2.0,12.0,1.0,12.18,5.0200000000000005,2.51,1.49,1.0,-0.4,0.0,2.9000000000000004,0.0,0.3,0.5,0.0,9.2,0.0,-30.0,259.6,0.0,21.700000000000003,31.9,31.8,32.6,300.0,300.0,30.700000000000003,34.6,31.0,30.6,32.300000000000004,4.96,1.99,4.97,0.16,0.0,0.0,1027.0,8228.0,0.0,0.0,0.0,0.0,0.0,1.0,0.0,0.0,0.0,-0.007,0.0,0.1,0.0,-0.5,0.0,0.0342,16.0,25903.0
2026-07-30T18:59:01.180Z,110.663,110.676,0.0,7.4,0.0,0.0,0.0,0.0,0.0,0.0,0.0,0.0,1.0,0.0,0.0,0.0,9.0,4.0,0.0,0.0,0.0,0.0,0.0,0.0,0.0,0.0,3.0,12.0,1.0,12.18,5.01,2.51,1.49,1.0,-0.4,0.0,2.9000000000000004,0.0,-0.2,0.0,-0.6000000000000001,16.2,0.0,-29.0,248.7,0.0,21.700000000000003,31.9,31.8,32.6,300.0,300.0,30.700000000000003,34.6,31.0,30.5,32.2,4.95,1.99,4.97,0.16,0.0,0.0,1027.0,8228.0,0.0,0.0,0.0,0.0,0.0,1.0,0.0,0.0,0.0,-0.006,0.0,0.4,0.0,0.5,0.0,0.03,16.0,25903.0
2026-07-30T18:59:01.192Z,110.675,110.688,0.0,7.4,0.0,0.0,0.0,0.0,0.0,0.0,0.0,0.0,1.0,0.0,0.0,0.0,9.0,4.0,0.0,0.0,0.0,0.0,0.0,0.0,0.0,0.0,4.0,12.0,1.0,12.18,5.01,2.51,1.49,0.9,-0.6000000000000001,0.0,2.9000000000000004,0.0,0.2,-0.5,0.0,23.4,0.0,-28.0,238.6,0.0,21.700000000000003,31.9,31.8,32.6,300.0,300.0,30.700000000000003,34.6,31.0,30.5,32.2,4.96,1.99,4.96,0.16,0.0,0.0,1027.0,8228.0,0.0,0.0,0.0,0.0,0.0,1.0,0.0,0.0,0.0,-0.005,0.0,-0.3,0.0,0.6000000000000001,0.0,0.0256,16.0,25903.0
2026-07-30T18:59:01.204Z,110.687,110.7,0.0,7.4,0.0,0.0,0.0,0.0,0.0,0.0,0.0,0.0,1.0,0.0,0.0,0.0,9.0,4.0,0.0,0.0,0.0,0.0,0.0,0.0,0.0,0.0,5.0,12.0,1.0,12.18,5.01,2.51,1.49,0.7000000000000001,-0.6000000000000001,0.0,2.9000000000000004,0.0,-0.3,-0.6000000000000001,-0.6000000000000001,31.0,0.0,-27.0,228.3,0.0,21.700000000000003,31.9,31.8,32.6,300.0,300.0,30.700000000000003,34.6,31.0,30.5,32.2,4.95,2.0,4.96,0.16,0.0,0.0,1027.0,8228.0,0.0,0.0,0.0,0.0,0.0,1.0,0.0,0.0,0.0,-0.005,0.0,-0.2,0.0,1.2000000000000002,0.0,0.0239,16.0,25903.0
2026-07-30T18:59:01.216Z,110.699,110.712,0.0,7.4,0.0,0.0,0.0,0.0,0.0,0.0,0.0,0.0,1.0,0.0,0.0,0.0,9.0,4.0,0.0,0.0,0.0,0.0,0.0,0.0,0.0,0.0,6.0,12.0,1.0,12.18,5.01,2.51,1.49,0.4,-0.4,0.0,2.9000000000000004,0.0,-0.3,-0.6000000000000001,-0.6000000000000001,38.6,0.0,-26.0,219.9,0.0,21.700000000000003,31.9,31.8,32.6,300.0,300.0,30.700000000000003,34.6,31.0,30.5,32.2,4.95,1.99,4.96,0.16,0.0,0.0,1027.0,8228.0,0.0,0.0,0.0,0.0,0.0,1.0,0.0,0.0,0.0,-0.004,0.0,-0.4,0.0,1.2000000000000002,0.0,0.0233,16.0,25903.0
2026-07-30T18:59:01.228Z,110.711,110.724,0.0,7.4,0.0,0.0,0.0,0.0,0.0,0.0,0.0,0.0,1.0,0.0,0.0,0.0,9.0,4.0,0.0,0.0,0.0,0.0,0.0,0.0,0.0,0.0,1.0,12.0,1.0,12.18,5.01,2.51,1.49,0.2,-0.2,0.0,2.9000000000000004,0.0,-0.2,1.1,-1.2000000000000002,46.2,0.0,-25.0,215.2,0.0,21.700000000000003,31.9,31.8,32.6,300.0,300.0,30.700000000000003,34.6,31.0,30.5,32.2,4.95,1.99,4.96,0.16,0.0,0.0,1027.0,8228.0,0.0,0.0,0.0,0.0,0.0,1.0,0.0,0.0,0.0,-0.003,0.0,1.2000000000000002,0.0,0.7000000000000001,0.0,0.0198,16.0,25903.0
2026-07-30T18:59:01.240Z,110.723,110.736,0.0,7.4,0.0,0.0,0.0,0.0,0.0,0.0,0.0,0.0,1.0,0.0,0.0,0.0,9.0,4.0,0.0,0.0,0.0,0.0,0.0,0.0,0.0,0.0,3.0,12.0,1.0,12.18,5.01,2.51,1.49,0.1,-0.2,0.0,2.8000000000000003,0.0,-0.2,0.0,0.0,53.5,0.0,-23.0,212.0,0.0,21.700000000000003,31.9,31.8,32.6,300.0,300.0,30.700000000000003,34.6,31.0,30.5,32.2,4.95,1.99,4.96,0.16,0.0,0.0,1027.0,8228.0,0.0,0.0,0.0,0.0,0.0,1.0,0.0,0.0,0.0,-0.002,0.0,0.0,0.0,0.1,0.0,0.0137,16.0,25903.0
2026-07-30T18:59:01.252Z,110.735,110.748,0.0,7.4,0.0,0.0,0.0,0.0,0.0,0.0,0.0,0.0,1.0,0.0,0.0,0.0,9.0,4.0,0.0,0.0,0.0,0.0,0.0,0.0,0.0,0.0,3.0,12.0,1.0,12.18,5.01,2.51,1.49,0.3,-0.4,0.0,2.9000000000000004,0.0,0.2,1.6,0.4,60.5,0.0,-22.0,207.7,0.0,21.700000000000003,31.9,31.8,32.6,300.0,300.0,30.700000000000003,34.6,31.0,30.5,32.2,4.95,1.99,4.96,0.16,0.0,0.0,1027.0,8228.0,0.0,0.0,0.0,0.0,0.0,1.0,0.0,0.0,0.0,-0.002,0.0,-0.6000000000000001,0.0,-0.8,0.0,0.0087,16.0,25903.0
2026-07-30T18:59:01.264Z,110.747,110.76,0.0,7.4,0.0,0.0,0.0,0.0,0.0,0.0,0.0,0.0,1.0,0.0,0.0,0.0,9.0,4.0,0.0,0.0,0.0,0.0,0.0,0.0,0.0,0.0,5.0,12.0,1.0,12.18,5.01,2.51,1.49,0.3,-0.6000000000000001,0.0,2.8000000000000003,0.0,-0.2,0.4,0.0,67.4,0.0,-21.0,201.8,0.0,21.700000000000003,31.9,31.8,32.6,300.0,300.0,30.700000000000003,34.6,31.0,30.5,32.2,4.95,1.99,4.96,0.16,0.0,0.0,1027.0,8228.0,0.0,0.0,0.0,0.0,0.0,1.0,0.0,0.0,0.0,-0.002,0.0,0.6000000000000001,0.0,-0.8,0.0,0.0087,16.0,25903.0
2026-07-30T18:59:01.277Z,110.76,110.772,0.0,7.4,0.0,0.0,0.0,0.0,0.0,0.0,0.0,0.0,1.0,0.0,0.0,0.0,9.0,4.0,0.0,0.0,0.0,0.0,0.0,0.0,0.0,0.0,6.0,12.0,1.0,12.15,5.0200000000000005,2.51,1.49,0.4,-0.8,0.0,2.8000000000000003,0.0,1.4,0.5,1.1,74.3,0.0,-20.0,194.2,0.0,21.700000000000003,31.8,31.8,32.6,300.0,300.0,30.8,34.6,31.0,30.5,32.300000000000004,4.96,1.99,4.96,0.16,0.0,0.0,1027.0,8228.0,0.0,0.0,0.0,0.0,0.0,1.0,0.0,0.0,0.0,-0.004,0.0,1.0,0.0,0.3,0.0,0.0116,16.0,25903.0
2026-07-30T18:59:01.288Z,110.771,110.784,0.0,7.4,0.0,0.0,0.0,0.0,0.0,0.0,0.0,0.0,1.0,0.0,0.0,0.0,9.0,4.0,0.0,0.0,0.0,0.0,0.0,0.0,0.0,0.0,1.0,12.0,1.0,12.15,5.0200000000000005,2.51,1.49,0.2,-1.2000000000000002,0.0,2.8000000000000003,0.0,1.4,-0.6000000000000001,0.5,81.30000000000001,0.0,-19.0,182.8,0.0,21.700000000000003,31.8,31.8,32.6,300.0,300.0,30.8,34.6,31.0,30.5,32.300000000000004,4.95,1.99,4.96,0.16,0.0,0.0,1027.0,8228.0,0.0,0.0,0.0,0.0,0.0,1.0,0.0,0.0,0.0,-0.005,0.0,-0.4,0.0,-0.5,0.0,0.0166,16.0,25903.0
2026-07-30T18:59:01.306Z,110.789,110.796,0.0,7.4,0.0,0.0,0.0,0.0,0.0,0.0,0.0,0.0,1.0,0.0,0.0,0.0,9.0,4.0,0.0,0.0,0.0,0.0,0.0,0.0,0.0,0.0,3.0,12.0,1.0,12.15,5.0200000000000005,2.51,1.49,0.0,-1.3,0.0,2.8000000000000003,0.0,-0.3,0.0,0.0,66.8,0.0,-19.0,167.70000000000002,0.0,21.700000000000003,31.8,31.8,32.6,300.0,300.0,30.8,34.6,31.0,30.5,32.300000000000004,4.96,1.99,4.97,0.16,0.0,0.0,1027.0,8228.0,0.0,0.0,0.0,0.0,0.0,1.0,0.0,0.0,0.0,-0.007,0.0,0.0,0.0,0.0,0.0,0.0227,16.0,25903.0
2026-07-30T18:59:01.313Z,110.796,110.808,0.0,7.4,0.0,0.0,0.0,0.0,0.0,0.0,0.0,0.0,1.0,0.0,0.0,0.0,9.0,4.0,0.0,0.0,0.0,0.0,0.0,0.0,0.0,0.0,1.0,12.0,1.0,12.15,5.0200000000000005,2.51,1.49,-0.6000000000000001,-1.1,0.0,2.8000000000000003,0.0,0.2,0.5,1.1,50.400000000000006,0.0,-20.0,149.70000000000002,0.0,21.700000000000003,31.8,31.8,32.6,300.0,300.0,30.8,34.6,31.0,30.5,32.300000000000004,4.96,1.99,4.96,0.16,0.0,0.0,1027.0,8228.0,0.0,0.0,0.0,0.0,0.0,1.0,0.0,0.0,0.0,-0.009,0.0,1.7000000000000002,0.0,-0.3,0.0,0.0312,16.0,25903.0
2026-07-30T18:59:01.324Z,110.807,110.82,0.0,7.4,0.0,0.0,0.0,0.0,0.0,0.0,0.0,0.0,1.0,0.0,0.0,0.0,9.0,4.0,0.0,0.0,0.0,0.0,0.0,0.0,0.0,0.0,6.0,12.0,1.0,12.15,5.0200000000000005,2.51,1.49,-1.5,-0.6000000000000001,0.0,2.8000000000000003,0.0,0.8,0.5,1.1,36.7,0.0,-20.0,128.0,0.0,21.700000000000003,31.8,31.8,32.6,300.0,300.0,30.8,34.6,31.0,30.5,32.300000000000004,4.96,1.99,4.96,0.16,0.0,0.0,1027.0,8228.0,0.0,0.0,0.0,0.0,0.0,1.0,0.0,0.0,0.0,-0.011,0.0,1.6,0.0,0.3,0.0,0.0381,16.0,25903.0
2026-07-30T18:59:01.336Z,110.819,110.832,0.0,7.4,0.0,0.0,0.0,0.0,0.0,0.0,0.0,0.0,1.0,0.0,0.0,0.0,9.0,4.0,0.0,0.0,0.0,0.0,0.0,0.0,0.0,0.0,1.0,12.0,1.0,12.15,5.0200000000000005,2.51,1.49,-2.2,0.3,0.0,2.8000000000000003,0.0,-0.2,-0.6000000000000001,-1.2000000000000002,25.700000000000003,0.0,-21.0,102.4,0.0,21.700000000000003,31.8,31.8,32.6,300.0,300.0,30.8,34.6,31.0,30.5,32.300000000000004,4.95,1.99,4.97,0.16,0.0,0.0,1027.0,8228.0,0.0,0.0,0.0,0.0,0.0,1.0,0.0,0.0,0.0,-0.013,0.0,-1.5,0.0,-1.1,0.0,0.0461,16.0,25903.0
2026-07-30T18:59:01.348Z,110.831,110.844,0.0,7.4,0.0,0.0,0.0,0.0,0.0,0.0,0.0,0.0,1.0,0.0,0.0,0.0,9.0,4.0,0.0,0.0,0.0,0.0,0.0,0.0,0.0,0.0,3.0,12.0,1.0,12.15,5.0200000000000005,2.51,1.49,-2.6,1.5,0.0,2.7,0.0,0.2,-0.6000000000000001,0.5,17.400000000000002,0.0,-22.0,74.10000000000001,0.0,21.700000000000003,31.8,31.8,32.6,300.0,300.0,30.8,34.6,31.0,30.5,32.300000000000004,4.96,1.99,4.96,0.16,0.0,0.0,1027.0,8228.0,0.0,0.0,0.0,0.0,0.0,1.0,0.0,0.0,0.0,-0.015,0.0,0.6000000000000001,0.0,-0.2,0.0,0.055,16.0,25903.0
2026-07-30T18:59:01.360Z,110.843,110.856,0.0,7.4,0.0,0.0,0.0,0.0,0.0,0.0,0.0,0.0,1.0,0.0,0.0,0.0,9.0,4.0,0.0,0.0,0.0,0.0,0.0,0.0,0.0,0.0,4.0,12.0,1.0,12.15,5.0200000000000005,2.51,1.49,-2.1,2.4000000000000004,0.0,2.7,0.0,0.2,1.1,0.0,11.9,0.0,-24.0,44.8,0.0,21.700000000000003,31.8,31.8,32.6,300.0,300.0,30.8,34.6,31.0,30.5,32.300000000000004,4.96,2.0,4.96,0.16,0.0,0.0,1027.0,8228.0,0.0,0.0,0.0,0.0,0.0,1.0,0.0,0.0,0.0,-0.016,0.0,-0.9,0.0,0.9,0.0,0.0618,16.0,25903.0
2026-07-30T18:59:01.372Z,110.855,110.868,0.0,7.4,0.0,0.0,0.0,0.0,0.0,0.0,0.0,0.0,1.0,0.0,0.0,0.0,9.0,4.0,0.0,0.0,0.0,0.0,0.0,0.0,0.0,0.0,5.0,12.0,1.0,12.15,5.0200000000000005,2.51,1.49,-1.3,2.8000000000000003,0.0,2.7,0.0,-0.3,0.0,1.7000000000000002,8.9,0.0,-25.0,14.7,0.0,21.700000000000003,31.8,31.8,32.6,300.0,300.0,30.8,34.6,31.0,30.5,32.300000000000004,4.95,1.99,4.96,0.16,0.0,0.0,1027.0,8228.0,0.0,0.0,0.0,0.0,0.0,1.0,0.0,0.0,0.0,-0.016,0.0,-0.5,0.0,1.9,0.0,0.0656,16.0,25903.0
2026-07-30T18:59:01.384Z,110.867,110.88,0.0,7.4,0.0,0.0,0.0,0.0,0.0,0.0,0.0,0.0,1.0,0.0,0.0,0.0,9.0,4.0,0.0,0.0,0.0,0.0,0.0,0.0,0.0,0.0,6.0,12.0,1.0,12.18,5.01,2.51,1.49,0.2,2.4000000000000004,0.1,2.7,0.0,-0.2,0.0,1.7000000000000002,8.3,0.0,-26.0,344.0,0.0,21.3,31.8,31.8,32.5,300.0,300.0,30.700000000000003,34.6,31.0,30.5,32.2,4.95,1.99,4.97,0.16,0.0,0.0,1027.0,8228.0,0.0,0.0,0.0,0.0,0.0,1.0,0.0,0.0,0.0,-0.017,0.0,-1.4,0.0,1.4,0.0,0.0674,16.0,25903.0
2026-07-30T18:59:01.397Z,110.88,110.892,0.0,7.4,0.0,0.0,0.0,0.0,0.0,0.0,0.0,0.0,1.0,0.0,0.0,0.0,9.0,4.0,0.0,0.0,0.0,0.0,0.0,0.0,0.0,0.0,1.0,12.0,1.0,12.18,5.01,2.51,1.49,1.7000000000000002,1.2000000000000002,0.1,2.7,0.0,-0.2,-0.5,-0.6000000000000001,10.1,0.0,-27.0,311.3,0.0,21.3,31.8,31.8,32.5,300.0,300.0,30.700000000000003,34.6,31.0,30.5,32.2,4.96,1.99,4.96,0.16,0.0,0.0,1027.0,8228.0,0.0,0.0,0.0,0.0,0.0,1.0,0.0,0.0,0.0,-0.018,0.0,1.1,0.0,0.3,0.0,0.0695,16.0,25903.0
2026-07-30T18:59:01.408Z,110.891,110.904,0.0,7.4,0.0,0.0,0.0,0.0,0.0,0.0,0.0,0.0,1.0,0.0,0.0,0.0,9.0,4.0,0.0,0.0,0.0,0.0,0.0,0.0,0.0,0.0,2.0,12.0,1.0,12.18,5.01,2.51,1.49,3.0,-0.6000000000000001,0.1,2.7,0.0,-0.3,-0.5,-1.1,14.2,0.0,-29.0,275.90000000000003,0.0,21.3,31.8,31.8,32.5,300.0,300.0,30.700000000000003,34.6,31.0,30.5,32.2,4.96,1.99,4.97,0.16,0.0,0.0,1027.0,8228.0,0.0,0.0,0.0,0.0,0.0,1.0,0.0,0.0,0.0,-0.019,0.0,1.2000000000000002,0.0,1.1,0.0,0.0723,16.0,25903.0
2026-07-30T18:59:01.420Z,110.903,110.916,0.0,7.4,0.0,0.0,0.0,0.0,0.0,0.0,0.0,0.0,1.0,0.0,0.0,0.0,9.0,4.0,0.0,0.0,0.0,0.0,0.0,0.0,0.0,0.0,3.0,12.0,1.0,12.18,5.01,2.51,1.49,3.0,-2.3000000000000003,0.1,2.9000000000000004,0.0,-0.9,0.0,0.0,20.700000000000003,0.0,-31.0,238.0,0.0,21.3,31.8,31.8,32.5,300.0,300.0,30.700000000000003,34.6,31.0,30.5,32.2,4.95,1.99,4.97,0.16,0.0,0.0,1027.0,8228.0,0.0,0.0,0.0,0.0,0.0,1.0,0.0,0.0,0.0,-0.021,0.0,0.0,0.0,0.0,0.0,0.078,16.0,25903.0
2026-07-30T18:59:01.432Z,110.915,110.928,0.0,7.4,0.0,0.0,0.0,0.0,0.0,0.0,0.0,0.0,1.0,0.0,0.0,0.0,9.0,4.0,0.0,0.0,0.0,0.0,0.0,0.0,0.0,0.0,4.0,12.0,1.0,12.18,5.01,2.51,1.49,1.9,-3.1,0.1,2.8000000000000003,0.0,-0.3,-0.6000000000000001,0.5,29.4,0.0,-32.0,202.1,0.0,21.3,31.8,31.8,32.5,300.0,300.0,30.700000000000003,34.6,31.0,30.5,32.2,4.96,1.99,4.97,0.16,0.0,0.0,1027.0,8228.0,0.0,0.0,0.0,0.0,0.0,1.0,0.0,0.0,0.0,-0.02,0.0,-0.5,0.0,-0.3,0.0,0.0841,16.0,25903.0
2026-07-30T18:59:01.445Z,110.928,110.94,0.0,7.4,0.0,0.0,0.0,0.0,0.0,0.0,0.0,0.0,1.0,0.0,0.0,0.0,9.0,4.0,0.0,0.0,0.0,0.0,0.0,0.0,0.0,0.0,5.0,12.0,1.0,12.18,5.01,2.51,1.49,0.2,-2.8000000000000003,0.1,2.9000000000000004,0.0,-0.3,-0.5,1.0,30.9,0.0,-33.0,168.5,0.0,21.3,31.8,31.8,32.5,300.0,300.0,30.700000000000003,34.6,31.0,30.5,32.2,4.96,2.0,4.96,0.16,0.0,0.0,1027.0,8228.0,0.0,0.0,0.0,0.0,0.0,1.0,0.0,0.0,0.0,-0.019,0.0,0.1,0.0,-1.0,0.0,0.0827,16.0,25903.0
2026-07-30T18:59:01.456Z,110.939,110.952,0.0,7.4,0.0,0.0,0.0,0.0,0.0,0.0,0.0,0.0,1.0,0.0,0.0,0.0,9.0,4.0,0.0,0.0,0.0,0.0,0.0,0.0,0.0,0.0,6.0,12.0,1.0,12.18,5.01,2.51,1.49,-1.6,-1.4,0.1,2.9000000000000004,0.0,-0.8,0.0,-0.6000000000000001,17.6,0.0,-34.0,136.0,0.0,21.3,31.8,31.8,32.5,300.0,300.0,30.700000000000003,34.6,31.0,30.5,32.2,4.96,1.99,4.97,0.16,0.0,0.0,1027.0,8228.0,0.0,0.0,0.0,0.0,0.0,1.0,0.0,0.0,0.0,-0.018,0.0,-0.7000000000000001,0.0,0.2,0.0,0.078,16.0,25903.0
2026-07-30T18:59:01.468Z,110.951,110.964,0.0,7.4,0.0,0.0,0.0,0.0,0.0,0.0,0.0,0.0,1.0,0.0,0.0,0.0,9.0,4.0,0.0,0.0,0.0,0.0,0.0,0.0,0.0,0.0,2.0,12.0,1.0,12.18,5.01,2.51,1.49,-2.9000000000000004,0.4,0.1,2.9000000000000004,0.0,-0.2,0.0,-1.2000000000000002,7.6,0.0,-35.0,103.1,0.0,21.3,31.8,31.8,32.5,300.0,300.0,30.700000000000003,34.6,31.0,30.5,32.2,4.95,2.0,4.97,0.16,0.0,0.0,1027.0,8228.0,0.0,0.0,0.0,0.0,0.0,1.0,0.0,0.0,0.0,-0.018,0.0,-1.3,0.0,-0.4,0.0,0.0747,16.0,25903.0
2026-07-30T18:59:01.481Z,110.964,110.976,0.0,7.4,0.0,0.0,0.0,0.0,0.0,0.0,0.0,0.0,1.0,0.0,0.0,0.0,9.0,4.0,0.0,0.0,0.0,0.0,0.0,0.0,0.0,0.0,3.0,12.0,1.0,12.17,5.0200000000000005,2.5,1.49,-3.1,2.0,0.1,2.9000000000000004,0.0,-0.3,1.1,1.0,0.8,0.0,-36.0,68.8,0.0,21.9,31.8,31.8,32.5,300.0,300.0,30.8,34.6,31.0,30.5,32.2,4.96,2.0,4.96,0.16,0.0,0.0,1027.0,8228.0,0.0,0.0,0.0,0.0,0.0,1.0,0.0,0.0,0.0,-0.019,0.0,0.3,0.0,2.2,0.0,0.0745,16.0,25903.0
2026-07-30T18:59:01.492Z,110.975,110.988,0.0,7.4,0.0,0.0,0.0,0.0,0.0,0.0,0.0,0.0,1.0,0.0,0.0,0.0,9.0,4.0,0.0,0.0,0.0,0.0,0.0,0.0,0.0,0.0,3.0,12.0,1.0,12.17,5.0200000000000005,2.5,1.49,-2.2,2.8000000000000003,0.1,2.8000000000000003,0.0,0.8,0.5,0.0,-2.9000000000000004,0.0,-37.0,34.300000000000004,0.0,21.9,31.8,31.8,32.5,300.0,300.0,30.8,34.6,31.0,30.5,32.2,4.95,1.99,4.97,0.16,0.0,0.0,1027.0,8228.0,0.0,0.0,0.0,0.0,0.0,1.0,0.0,0.0,0.0,-0.019,0.0,-0.5,0.0,0.2,0.0,0.0768,16.0,25903.0
2026-07-30T18:59:01.504Z,110.987,111.0,0.0,7.4,0.0,0.0,0.0,0.0,0.0,0.0,0.0,0.0,1.0,0.0,0.0,0.0,9.0,4.0,0.0,0.0,0.0,0.0,0.0,0.0,0.0,0.0,5.0,12.0,1.0,12.17,5.0200000000000005,2.5,1.49,-0.7000000000000001,2.8000000000000003,0.1,2.9000000000000004,0.0,0.2,-0.6000000000000001,0.4,-4.0,0.0,-37.0,2.2,0.0,21.9,31.8,31.8,32.5,300.0,300.0,30.8,34.6,31.0,30.5,32.2,4.95,2.0,4.97,0.16,0.0,0.0,1027.0,8228.0,0.0,0.0,0.0,0.0,0.0,1.0,0.0,0.0,0.0,-0.018,0.0,0.4,0.0,0.4,0.0,0.0782,16.0,25903.0
2026-07-30T18:59:01.516Z,110.999,111.012,0.0,7.4,0.0,0.0,0.0,0.0,0.0,0.0,0.0,0.0,1.0,0.0,0.0,0.0,9.0,4.0,0.0,0.0,0.0,0.0,0.0,0.0,0.0,0.0,5.0,12.0,1.0,12.17,5.0200000000000005,2.5,1.49,0.6000000000000001,2.0,0.1,2.8000000000000003,0.0,0.3,0.5,0.0,-2.7,0.0,-38.0,331.6,0.0,21.9,31.8,31.8,32.5,300.0,300.0,30.8,34.6,31.0,30.5,32.2,4.96,2.0,4.97,0.16,0.0,0.0,1027.0,8228.0,0.0,0.0,0.0,0.0,0.0,1.0,0.0,0.0,0.0,-0.017,0.0,-0.5,0.0,-0.3,0.0,0.0745,16.0,25903.0
2026-07-30T18:59:01.528Z,111.011,111.024,0.0,7.4,0.0,0.0,0.0,0.0,0.0,0.0,0.0,0.0,1.0,0.0,0.0,0.0,9.0,4.0,0.0,0.0,0.0,0.0,0.0,0.0,0.0,0.0,1.0,12.0,1.0,12.17,5.0200000000000005,2.5,1.49,1.8,0.8,0.0,2.8000000000000003,0.0,-0.8,-1.1,0.5,0.5,0.0,-38.0,302.7,0.0,21.9,31.8,31.8,32.5,300.0,300.0,30.8,34.6,31.0,30.5,32.2,4.95,2.0,4.96,0.16,0.0,0.0,1027.0,8228.0,0.0,0.0,0.0,0.0,0.0,1.0,0.0,0.0,0.0,-0.016,0.0,0.1,0.0,1.1,0.0,0.0707,16.0,25903.0
2026-07-30T18:59:01.540Z,111.023,111.036,0.0,7.4,0.0,0.0,0.0,0.0,0.0,0.0,0.0,0.0,1.0,0.0,0.0,0.0,9.0,4.0,0.0,0.0,0.0,0.0,0.0,0.0,0.0,0.0,2.0,12.0,1.0,12.17,5.0200000000000005,2.5,1.49,2.4000000000000004,-0.4,0.0,2.8000000000000003,0.0,-0.2,-0.5,0.6000000000000001,5.7,0.0,-38.0,273.8,0.0,21.9,31.8,31.8,32.5,300.0,300.0,30.8,34.6,31.0,30.5,32.2,4.95,1.99,4.97,0.16,0.0,0.0,1027.0,8228.0,0.0,0.0,0.0,0.0,0.0,1.0,0.0,0.0,0.0,-0.016,0.0,-0.5,0.0,0.3,0.0,0.0668,16.0,25903.0
2026-07-30T18:59:01.552Z,111.035,111.048,0.0,7.4,0.0,0.0,0.0,0.0,0.0,0.0,0.0,0.0,1.0,0.0,0.0,0.0,9.0,4.0,0.0,0.0,0.0,0.0,0.0,0.0,0.0,0.0,3.0,12.0,1.0,12.17,5.0200000000000005,2.5,1.49,2.5,-1.6,0.0,2.8000000000000003,0.0,-0.7000000000000001,0.0,0.6000000000000001,12.6,0.0,-38.0,248.2,0.0,21.9,31.8,31.8,32.5,300.0,300.0,30.8,34.6,31.0,30.5,32.2,4.95,2.0,4.96,0.16,0.0,0.0,1027.0,8228.0,0.0,0.0,0.0,0.0,0.0,1.0,0.0,0.0,0.0,-0.015,0.0,-0.4,0.0,-0.5,0.0,0.066,16.0,25903.0
2026-07-30T18:59:01.564Z,111.047,111.06,0.0,7.4,0.0,0.0,0.0,0.0,0.0,0.0,0.0,0.0,1.0,0.0,0.0,0.0,9.0,4.0,0.0,0.0,0.0,0.0,0.0,0.0,0.0,0.0,4.0,12.0,1.0,12.17,5.0200000000000005,2.5,1.49,1.9,-2.2,0.0,2.8000000000000003,0.0,-0.1,0.6000000000000001,0.6000000000000001,20.8,0.0,-38.0,220.0,0.0,21.9,31.8,31.8,32.5,300.0,300.0,30.8,34.6,31.0,30.5,32.2,4.96,1.99,4.96,0.16,0.0,0.0,1027.0,8228.0,0.0,0.0,0.0,0.0,0.0,1.0,0.0,0.0,0.0,-0.015,0.0,0.4,0.0,-1.1,0.0,0.0609,16.0,25903.0
2026-07-30T18:59:01.576Z,111.059,111.072,0.0,7.4,0.0,0.0,0.0,0.0,0.0,0.0,0.0,0.0,1.0,0.0,0.0,0.0,9.0,4.0,0.0,0.0,0.0,0.0,0.0,0.0,0.0,0.0,5.0,12.0,1.0,12.17,5.0200000000000005,2.5,1.49,1.1,-2.3000000000000003,0.0,2.8000000000000003,0.0,-0.7000000000000001,0.6000000000000001,-1.1,30.5,0.0,-38.0,194.0,0.0,21.9,31.8,31.8,32.5,300.0,300.0,30.8,34.6,31.0,30.5,32.2,4.95,1.99,4.97,0.16,0.0,0.0,1027.0,8228.0,0.0,0.0,0.0,0.0,0.0,1.0,0.0,0.0,0.0,-0.015,0.0,0.3,0.0,1.0,0.0,0.0618,16.0,25903.0
2026-07-30T18:59:01.588Z,111.071,111.084,0.0,7.4,0.0,0.0,0.0,0.0,0.0,0.0,0.0,0.0,1.0,0.0,0.0,0.0,9.0,4.0,0.0,0.0,0.0,0.0,0.0,0.0,0.0,0.0,6.0,12.0,1.0,12.2,5.0200000000000005,2.51,1.49,0.0,-1.9,0.0,2.8000000000000003,0.0,-0.1,0.6000000000000001,0.0,29.9,0.0,-37.0,169.70000000000002,0.0,21.4,31.8,31.8,32.5,300.0,300.0,30.700000000000003,34.6,31.0,30.5,32.2,4.96,1.99,4.96,0.16,0.0,0.0,1027.0,8228.0,0.0,0.0,0.0,0.0,0.0,1.0,0.0,0.0,0.0,-0.014,0.0,0.7000000000000001,0.0,0.1,0.0,0.0602,16.0,25903.0
2026-07-30T18:59:01.600Z,111.083,111.096,0.0,7.4,0.0,0.0,0.0,0.0,0.0,0.0,0.0,0.0,1.0,0.0,0.0,0.0,9.0,4.0,0.0,0.0,0.0,0.0,0.0,0.0,0.0,0.0,2.0,12.0,1.0,12.2,5.0200000000000005,2.51,1.49,-0.7000000000000001,-1.2000000000000002,0.0,2.8000000000000003,0.0,-0.1,0.0,1.7000000000000002,16.2,0.0,-37.0,147.0,0.0,21.4,31.8,31.8,32.5,300.0,300.0,30.700000000000003,34.6,31.0,30.5,32.2,4.96,1.99,4.97,0.16,0.0,0.0,1027.0,8228.0,0.0,0.0,0.0,0.0,0.0,1.0,0.0,0.0,0.0,-0.013,0.0,1.8,0.0,-0.9,0.0,0.0565,16.0,25903.0
2026-07-30T18:59:01.621Z,111.104,111.108,0.0,7.4,0.0,0.0,0.0,0.0,0.0,0.0,0.0,0.0,1.0,0.0,0.0,0.0,9.0,4.0,0.0,0.0,0.0,0.0,0.0,0.0,0.0,0.0,3.0,12.0,1.0,12.2,5.0200000000000005,2.51,1.49,-1.4,-0.4,0.0,2.7,0.0,-0.1,0.0,-0.5,5.2,0.0,-37.0,125.0,0.0,21.4,31.8,31.8,32.5,300.0,300.0,30.700000000000003,34.6,31.0,30.5,32.2,4.95,1.99,4.97,0.16,0.0,0.0,1027.0,8228.0,0.0,0.0,0.0,0.0,0.0,1.0,0.0,0.0,0.0,-0.012,0.0,-0.6000000000000001,0.0,0.0,0.0,0.0529,16.0,25903.0
2026-07-30T18:59:01.626Z,111.109,111.12,0.0,7.4,0.0,0.0,0.0,0.0,0.0,0.0,0.0,0.0,1.0,0.0,0.0,0.0,9.0,4.0,0.0,0.0,0.0,0.0,0.0,0.0,0.0,0.0,2.0,12.0,1.0,12.2,5.0200000000000005,2.51,1.49,-1.9,0.3,0.0,2.8000000000000003,0.0,0.4,0.0,0.0,-3.5,0.0,-36.0,103.5,0.0,21.4,31.8,31.8,32.5,300.0,300.0,30.700000000000003,34.6,31.0,30.5,32.2,4.95,1.99,4.97,0.16,0.0,0.0,1027.0,8228.0,0.0,0.0,0.0,0.0,0.0,1.0,0.0,0.0,0.0,-0.012,0.0,0.0,0.0,0.0,0.0,0.0507,16.0,25903.0
2026-07-30T18:59:01.636Z,111.119,111.132,0.0,7.4,0.0,0.0,0.0,0.0,0.0,0.0,0.0,0.0,1.0,0.0,0.0,0.0,9.0,4.0,0.0,0.0,0.0,0.0,0.0,0.0,0.0,0.0,1.0,12.0,1.0,12.2,5.0200000000000005,2.51,1.49,-1.9,0.8,0.0,2.7,0.0,-0.1,0.0,-1.1,-9.9,0.0,-35.0,82.4,0.0,21.4,31.8,31.8,32.5,300.0,300.0,30.700000000000003,34.6,31.0,30.5,32.2,4.96,1.99,4.96,0.16,0.0,0.0,1027.0,8228.0,0.0,0.0,0.0,0.0,0.0,1.0,0.0,0.0,0.0,-0.012,0.0,-1.0,0.0,-0.7000000000000001,0.0,0.0493,16.0,25903.0
2026-07-30T18:59:01.648Z,111.131,111.144,0.0,7.4,0.0,0.0,0.0,0.0,0.0,0.0,0.0,0.0,1.0,0.0,0.0,0.0,9.0,4.0,0.0,0.0,0.0,0.0,0.0,0.0,0.0,0.0,2.0,12.0,1.0,12.2,5.0200000000000005,2.51,1.49,-1.9,1.4,0.0,2.6,0.0,-0.1,-0.5,-1.0,-14.4,0.0,-35.0,60.7,0.0,21.4,31.8,31.8,32.5,300.0,300.0,30.700000000000003,34.6,31.0,30.5,32.2,4.96,1.99,4.96,0.16,0.0,0.0,1027.0,8228.0,0.0,0.0,0.0,0.0,0.0,1.0,0.0,0.0,0.0,-0.012,0.0,-0.3,0.0,-1.6,0.0,0.0482,16.0,25903.0
2026-07-30T18:59:01.660Z,111.143,111.156,0.0,7.4,0.0,0.0,0.0,0.0,0.0,0.0,0.0,0.0,1.0,0.0,0.0,0.0,9.0,4.0,0.0,0.0,0.0,0.0,0.0,0.0,0.0,0.0,3.0,12.0,1.0,12.2,5.0200000000000005,2.51,1.49,-1.4,1.7000000000000002,0.0,2.6,0.0,-0.1,0.6000000000000001,0.6000000000000001,-17.0,0.0,-35.0,39.400000000000006,0.0,21.4,31.8,31.8,32.5,300.0,300.0,30.700000000000003,34.6,31.0,30.5,32.2,4.95,1.99,4.96,0.16,0.0,0.0,1027.0,8228.0,0.0,0.0,0.0,0.0,0.0,1.0,0.0,0.0,0.0,-0.012,0.0,-0.4,0.0,1.2000000000000002,0.0,0.0488,16.0,25903.0
2026-07-30T18:59:01.672Z,111.155,111.168,0.0,7.4,0.0,0.0,0.0,0.0,0.0,0.0,0.0,0.0,1.0,0.0,0.0,0.0,9.0,4.0,0.0,0.0,0.0,0.0,0.0,0.0,0.0,0.0,4.0,12.0,1.0,12.2,5.0200000000000005,2.51,1.49,-0.9,1.8,0.0,2.7,0.0,-0.1,-1.0,0.7000000000000001,-17.900000000000002,0.0,-34.0,19.4,0.0,21.4,31.8,31.8,32.5,300.0,300.0,30.700000000000003,34.6,31.0,30.5,32.2,4.96,1.99,4.96,0.16,0.0,0.0,1027.0,8228.0,0.0,0.0,0.0,0.0,0.0,1.0,0.0,0.0,0.0,-0.011,0.0,1.0,0.0,0.3,0.0,0.0486,16.0,25903.0
2026-07-30T18:59:01.685Z,111.168,111.18,0.0,7.4,0.0,0.0,0.0,0.0,0.0,0.0,0.0,0.0,1.0,0.0,0.0,0.0,9.0,4.0,0.0,0.0,0.0,0.0,0.0,0.0,0.0,0.0,5.0,12.0,1.0,12.17,5.01,2.51,1.5,-0.3,1.6,0.0,2.7,0.0,-0.7000000000000001,-1.0,-0.5,-17.3,0.0,-34.0,0.2,0.0,21.3,31.8,31.8,32.5,300.0,300.0,30.6,34.6,31.0,30.5,32.2,4.95,1.99,4.96,0.16,0.0,0.0,1027.0,8228.0,0.0,0.0,0.0,0.0,0.0,1.0,0.0,0.0,0.0,-0.011,0.0,1.5,0.0,-0.5,0.0,0.0463,16.0,25903.0
2026-07-30T18:59:01.696Z,111.179,111.192,0.0,7.4,0.0,0.0,0.0,0.0,0.0,0.0,0.0,0.0,1.0,0.0,0.0,0.0,9.0,4.0,0.0,0.0,0.0,0.0,0.0,0.0,0.0,0.0,6.0,12.0,1.0,12.17,5.01,2.51,1.5,0.2,1.2000000000000002,0.0,2.6,0.0,0.4,0.1,-0.4,-15.4,0.0,-33.0,343.3,0.0,21.3,31.8,31.8,32.5,300.0,300.0,30.6,34.6,31.0,30.5,32.2,4.95,1.99,4.97,0.16,0.0,0.0,1027.0,8228.0,0.0,0.0,0.0,0.0,0.0,1.0,0.0,0.0,0.0,-0.01,0.0,0.2,0.0,-0.4,0.0,0.0443,16.0,25903.0
2026-07-30T18:59:01.708Z,111.191,111.204,0.0,7.4,0.0,0.0,0.0,0.0,0.0,0.0,0.0,0.0,1.0,0.0,0.0,0.0,9.0,4.0,0.0,0.0,0.0,0.0,0.0,0.0,0.0,0.0,1.0,12.0,1.0,12.17,5.01,2.51,1.5,0.4,0.8,0.0,2.6,0.0,-0.1,1.3,-0.4,-12.5,0.0,-32.0,328.3,0.0,21.3,31.8,31.8,32.5,300.0,300.0,30.6,34.6,31.0,30.5,32.2,4.95,1.99,4.97,0.16,0.0,0.0,1027.0,8228.0,0.0,0.0,0.0,0.0,0.0,1.0,0.0,0.0,0.0,-0.008,0.0,-0.8,0.0,-1.0,0.0,0.0402,16.0,25903.0
2026-07-30T18:59:01.721Z,111.204,111.216,0.0,7.4,0.0,0.0,0.0,0.0,0.0,0.0,0.0,0.0,1.0,0.0,0.0,0.0,9.0,4.0,0.0,0.0,0.0,0.0,0.0,0.0,0.0,0.0,3.0,12.0,1.0,12.17,5.01,2.51,1.5,0.6000000000000001,0.6000000000000001,0.0,2.6,0.0,0.3,0.1,-1.0,-8.8,0.0,-31.0,314.1,0.0,21.3,31.8,31.8,32.5,300.0,300.0,30.6,34.6,31.0,30.5,32.2,4.96,1.99,4.96,0.16,0.0,0.0,1027.0,8228.0,0.0,0.0,0.0,0.0,0.0,1.0,0.0,0.0,0.0,-0.008,0.0,1.0,0.0,-0.4,0.0,0.0356,16.0,25903.0
2026-07-30T18:59:01.732Z,111.215,111.228,0.0,7.4,0.0,0.0,0.0,0.0,0.0,0.0,0.0,0.0,1.0,0.0,0.0,0.0,9.0,4.0,0.0,0.0,0.0,0.0,0.0,0.0,0.0,0.0,3.0,12.0,1.0,12.17,5.01,2.51,1.5,0.9,0.3,0.0,2.6,0.0,0.4,-0.4,0.1,-4.3,0.0,-30.0,300.40000000000003,0.0,21.3,31.8,31.8,32.5,300.0,300.0,30.6,34.6,31.0,30.5,32.2,4.95,1.99,4.97,0.16,0.0,0.0,1027.0,8228.0,0.0,0.0,0.0,0.0,0.0,1.0,0.0,0.0,0.0,-0.007,0.0,0.1,0.0,0.4,0.0,0.033,16.0,25903.0
2026-07-30T18:59:01.744Z,111.227,111.24,0.0,7.4,0.0,0.0,0.0,0.0,0.0,0.0,0.0,0.0,1.0,0.0,0.0,0.0,9.0,4.0,0.0,0.0,0.0,0.0,0.0,0.0,0.0,0.0,5.0,12.0,1.0,12.17,5.01,2.51,1.5,0.9,0.0,0.0,2.6,0.0,0.9,1.3,1.2000000000000002,0.8,0.0,-29.0,287.6,0.0,21.3,31.8,31.8,32.5,300.0,300.0,30.6,34.6,31.0,30.5,32.2,4.95,1.99,4.96,0.16,0.0,0.0,1027.0,8228.0,0.0,0.0,0.0,0.0,0.0,1.0,0.0,0.0,0.0,-0.007,0.0,-1.8,0.0,-1.7000000000000002,0.0,0.0315,16.0,25903.0
2026-07-30T18:59:01.756Z,111.239,111.252,0.0,7.4,0.0,0.0,0.0,0.0,0.0,0.0,0.0,0.0,1.0,0.0,0.0,0.0,9.0,4.0,0.0,0.0,0.0,0.0,0.0,0.0,0.0,0.0,6.0,12.0,1.0,12.17,5.01,2.51,1.5,0.8,-0.1,0.0,2.6,0.0,0.4,0.7000000000000001,-0.5,6.4,0.0,-28.0,276.40000000000003,0.0,21.3,31.8,31.8,32.5,300.0,300.0,30.6,34.6,31.0,30.5,32.2,4.96,2.0,4.96,0.16,0.0,0.0,1027.0,8228.0,0.0,0.0,0.0,0.0,0.0,1.0,0.0,0.0,0.0,-0.006,0.0,0.4,0.0,-0.5,0.0,0.0297,16.0,25903.0
2026-07-30T18:59:01.768Z,111.251,111.264,0.0,7.4,0.0,0.0,0.0,0.0,0.0,0.0,0.0,0.0,1.0,0.0,0.0,0.0,9.0,4.0,0.0,0.0,0.0,0.0,0.0,0.0,0.0,0.0,1.0,12.0,1.0,12.17,5.01,2.51,1.5,0.8,-0.2,0.0,2.6,0.0,0.4,-1.0,-0.5,12.4,0.0,-27.0,266.2,0.0,21.3,31.8,31.8,32.5,300.0,300.0,30.6,34.6,31.0,30.5,32.2,4.95,2.0,4.96,0.16,0.0,0.0,1027.0,8228.0,0.0,0.0,0.0,0.0,0.0,1.0,0.0,0.0,0.0,-0.005,0.0,1.0,0.0,1.2000000000000002,0.0,0.0268,16.0,25903.0
2026-07-30T18:59:01.780Z,111.263,111.276,0.0,7.4,0.0,0.0,0.0,0.0,0.0,0.0,0.0,0.0,1.0,0.0,0.0,0.0,9.0,4.0,0.0,0.0,0.0,0.0,0.0,0.0,0.0,0.0,2.0,12.0,1.0,12.17,5.01,2.51,1.5,0.8,-0.3,0.0,2.6,0.0,-0.1,-0.5,0.6000000000000001,18.7,0.0,-26.0,256.1,0.0,21.3,31.8,31.8,32.5,300.0,300.0,30.6,34.6,31.0,30.5,32.2,4.96,1.99,4.97,0.16,0.0,0.0,1027.0,8228.0,0.0,0.0,0.0,0.0,0.0,1.0,0.0,0.0,0.0,-0.005,0.0,1.4,0.0,1.3,0.0,0.024,16.0,25903.0
2026-07-30T18:59:01.792Z,111.275,111.288,0.0,7.4,0.0,0.0,0.0,0.0,0.0,0.0,0.0,0.0,1.0,0.0,0.0,0.0,9.0,4.0,0.0,0.0,0.0,0.0,0.0,0.0,0.0,0.0,3.0,12.0,1.0,12.15,5.0200000000000005,2.5,1.5,1.1,-0.7000000000000001,0.0,2.5,0.0,-0.7000000000000001,0.6000000000000001,0.0,25.3,0.0,-25.0,244.9,0.0,21.700000000000003,31.8,31.8,32.5,300.0,300.0,30.6,34.7,31.0,30.5,32.2,4.96,1.99,4.97,0.16,0.0,0.0,1027.0,8228.0,0.0,0.0,0.0,0.0,0.0,1.0,0.0,0.0,0.0,-0.006,0.0,-0.4,0.0,-0.6000000000000001,0.0,0.0231,16.0,25903.0
2026-07-30T18:59:01.805Z,111.288,111.3,0.0,7.4,0.0,0.0,0.0,0.0,0.0,0.0,0.0,0.0,1.0,0.0,0.0,0.0,9.0,4.0,0.0,0.0,0.0,0.0,0.0,0.0,0.0,0.0,4.0,12.0,1.0,12.15,5.0200000000000005,2.5,1.5,1.2000000000000002,-1.0,0.0,2.5,0.0,-0.7000000000000001,-0.5,-0.5,32.300000000000004,0.0,-25.0,231.5,0.0,21.700000000000003,31.8,31.8,32.5,300.0,300.0,30.6,34.7,31.0,30.5,32.2,4.96,1.99,4.97,0.16,0.0,0.0,1027.0,8228.0,0.0,0.0,0.0,0.0,0.0,1.0,0.0,0.0,0.0,-0.007,0.0,-0.1,0.0,1.0,0.0,0.0245,16.0,25903.0
2026-07-30T18:59:01.817Z,111.3,111.312,0.0,7.4,0.0,0.0,0.0,0.0,0.0,0.0,0.0,0.0,1.0,0.0,0.0,0.0,9.0,4.0,0.0,0.0,0.0,0.0,0.0,0.0,0.0,0.0,5.0,12.0,1.0,12.15,5.0200000000000005,2.5,1.5,1.2000000000000002,-1.4,0.0,2.6,0.0,1.0,0.5,1.2000000000000002,39.900000000000006,0.0,-24.0,215.5,0.0,21.700000000000003,31.8,31.8,32.5,300.0,300.0,30.6,34.7,31.0,30.5,32.2,4.95,1.99,4.97,0.16,0.0,0.0,1027.0,8228.0,0.0,0.0,0.0,0.0,0.0,1.0,0.0,0.0,0.0,-0.008,0.0,0.4,0.0,-1.8,0.0,0.0288,16.0,25903.0
2026-07-30T18:59:01.828Z,111.311,111.324,0.0,7.4,0.0,0.0,0.0,0.0,0.0,0.0,0.0,0.0,1.0,0.0,0.0,0.0,9.0,4.0,0.0,0.0,0.0,0.0,0.0,0.0,0.0,0.0,6.0,12.0,1.0,12.15,5.0200000000000005,2.5,1.5,0.9,-1.8,0.0,2.5,0.0,0.4,-1.1,-1.7000000000000002,48.3,0.0,-25.0,196.1,0.0,21.700000000000003,31.8,31.8,32.5,300.0,300.0,30.6,34.7,31.0,30.5,32.2,4.96,1.98,4.96,0.16,0.0,0.0,1027.0,8228.0,0.0,0.0,0.0,0.0,0.0,1.0,0.0,0.0,0.0,-0.01,0.0,-1.7000000000000002,0.0,2.3000000000000003,0.0,0.0341,16.0,25903.0
2026-07-30T18:59:01.840Z,111.323,111.336,0.0,7.4,0.0,0.0,0.0,0.0,0.0,0.0,0.0,0.0,1.0,0.0,0.0,0.0,9.0,4.0,0.0,0.0,0.0,0.0,0.0,0.0,0.0,0.0,2.0,12.0,1.0,12.15,5.0200000000000005,2.5,1.5,0.2,-1.9,0.0,2.5,0.0,-0.1,1.2000000000000002,-0.5,49.900000000000006,0.0,-25.0,173.8,0.0,21.700000000000003,31.8,31.8,32.5,300.0,300.0,30.6,34.7,31.0,30.5,32.2,4.96,2.0,4.96,0.16,0.0,0.0,1027.0,8228.0,0.0,0.0,0.0,0.0,0.0,1.0,0.0,0.0,0.0,-0.012,0.0,1.0,0.0,0.6000000000000001,0.0,0.041,16.0,25903.0
2026-07-30T18:59:01.852Z,111.335,111.348,0.0,7.4,0.0,0.0,0.0,0.0,0.0,0.0,0.0,0.0,1.0,0.0,0.0,0.0,9.0,4.0,0.0,0.0,0.0,0.0,0.0,0.0,0.0,0.0,3.0,12.0,1.0,12.15,5.0200000000000005,2.5,1.5,-0.5,-1.4,0.0,2.5,0.0,-0.7000000000000001,0.0,0.5,34.5,0.0,-25.0,150.70000000000002,0.0,21.700000000000003,31.8,31.8,32.5,300.0,300.0,30.6,34.7,31.0,30.5,32.2,4.95,1.99,4.96,0.16,0.0,0.0,1027.0,8228.0,0.0,0.0,0.0,0.0,0.0,1.0,0.0,0.0,0.0,-0.012,0.0,0.6000000000000001,0.0,-0.3,0.0,0.0482,16.0,25903.0
2026-07-30T18:59:01.864Z,111.347,111.36,0.0,7.4,0.0,0.0,0.0,0.0,0.0,0.0,0.0,0.0,1.0,0.0,0.0,0.0,9.0,4.0,0.0,0.0,0.0,0.0,0.0,0.0,0.0,0.0,5.0,12.0,1.0,12.15,5.0200000000000005,2.5,1.5,-1.6,-0.5,0.0,2.5,0.0,0.4,-0.5,0.0,21.9,0.0,-26.0,126.7,0.0,21.700000000000003,31.8,31.8,32.5,300.0,300.0,30.6,34.7,31.0,30.5,32.2,4.95,1.99,4.97,0.16,0.0,0.0,1027.0,8228.0,0.0,0.0,0.0,0.0,0.0,1.0,0.0,0.0,0.0,-0.013,0.0,-0.3,0.0,-0.5,0.0,0.0517,16.0,25903.0
2026-07-30T18:59:01.876Z,111.359,111.372,0.0,7.4,0.0,0.0,0.0,0.0,0.0,0.0,0.0,0.0,1.0,0.0,0.0,0.0,9.0,4.0,0.0,0.0,0.0,0.0,0.0,0.0,0.0,0.0,6.0,12.0,1.0,12.15,5.0200000000000005,2.5,1.5,-2.3000000000000003,0.4,0.0,2.4000000000000004,0.0,0.4,-0.5,1.7000000000000002,12.1,0.0,-26.0,100.6,0.0,21.700000000000003,31.8,31.8,32.5,300.0,300.0,30.6,34.7,31.0,30.5,32.2,4.96,1.99,4.96,0.16,0.0,0.0,1027.0,8228.0,0.0,0.0,0.0,0.0,0.0,1.0,0.0,0.0,0.0,-0.014,0.0,1.7000000000000002,0.0,0.0,0.0,0.0535,16.0,25903.0
2026-07-30T18:59:01.889Z,111.372,111.384,0.0,7.4,0.0,0.0,0.0,0.0,0.0,0.0,0.0,0.0,1.0,0.0,0.0,0.0,9.0,4.0,0.0,0.0,0.0,0.0,0.0,0.0,0.0,0.0,1.0,12.0,1.0,12.17,5.0200000000000005,2.5,1.49,-2.7,1.6,0.0,2.4000000000000004,0.0,-0.1,0.0,-1.2000000000000002,4.9,0.0,-27.0,72.10000000000001,0.0,21.700000000000003,31.8,31.8,32.5,300.0,300.0,30.6,34.6,31.0,30.5,32.2,4.96,1.99,4.96,0.16,0.0,0.0,1027.0,8228.0,0.0,0.0,0.0,0.0,0.0,1.0,0.0,0.0,0.0,-0.015,0.0,-0.9,0.0,-1.0,0.0,0.0576,16.0,25903.0
2026-07-30T18:59:01.900Z,111.383,111.396,0.0,7.4,0.0,0.0,0.0,0.0,0.0,0.0,0.0,0.0,1.0,0.0,0.0,0.0,9.0,4.0,0.0,0.0,0.0,0.0,0.0,0.0,0.0,0.0,2.0,12.0,1.0,12.17,5.0200000000000005,2.5,1.49,-2.3000000000000003,2.7,0.0,2.5,0.0,0.4,0.0,0.5,0.5,0.0,-28.0,40.900000000000006,0.0,21.700000000000003,31.8,31.8,32.5,300.0,300.0,30.6,34.6,31.0,30.5,32.2,4.95,1.99,4.96,0.16,0.0,0.0,1027.0,8228.0,0.0,0.0,0.0,0.0,0.0,1.0,0.0,0.0,0.0,-0.017,0.0,0.0,0.0,0.6000000000000001,0.0,0.0628,16.0,25903.0
2026-07-30T18:59:01.913Z,111.396,111.408,0.0,7.4,0.0,0.0,0.0,0.0,0.0,0.0,0.0,0.0,1.0,0.0,0.0,0.0,9.0,4.0,0.0,0.0,0.0,0.0,0.0,0.0,0.0,0.0,3.0,12.0,1.0,12.17,5.0200000000000005,2.5,1.49,-1.1,3.1,0.0,2.6,0.0,-0.1,-0.5,1.1,-1.2000000000000002,0.0,-30.0,8.3,0.0,21.700000000000003,31.8,31.8,32.5,300.0,300.0,30.6,34.6,31.0,30.5,32.2,4.96,1.99,4.97,0.16,0.0,0.0,1027.0,8228.0,0.0,0.0,0.0,0.0,0.0,1.0,0.0,0.0,0.0,-0.018,0.0,0.1,0.0,1.1,0.0,0.0688,16.0,25903.0
2026-07-30T18:59:01.924Z,111.407,111.42,0.0,7.4,0.0,0.0,0.0,0.0,0.0,0.0,0.0,0.0,1.0,0.0,0.0,0.0,9.0,4.0,0.0,0.0,0.0,0.0,0.0,0.0,0.0,0.0,4.0,12.0,1.0,12.17,5.0200000000000005,2.5,1.49,0.6000000000000001,2.4000000000000004,0.1,2.7,0.0,-0.7000000000000001,-1.1,-0.5,-0.5,0.0,-31.0,334.1,0.0,21.700000000000003,31.8,31.8,32.5,300.0,300.0,30.6,34.6,31.0,30.5,32.2,4.95,1.99,4.96,0.16,0.0,0.0,1027.0,8228.0,0.0,0.0,0.0,0.0,0.0,1.0,0.0,0.0,0.0,-0.019,0.0,1.7000000000000002,0.0,0.2,0.0,0.0724,16.0,25903.0
2026-07-30T18:59:01.943Z,111.426,111.432,0.0,7.4,0.0,0.0,0.0,0.0,0.0,0.0,0.0,0.0,1.0,0.0,0.0,0.0,9.0,4.0,0.0,0.0,0.0,0.0,0.0,0.0,0.0,0.0,6.0,12.0,1.0,12.17,5.0200000000000005,2.5,1.49,2.3000000000000003,0.7000000000000001,0.1,2.8000000000000003,0.0,0.4,0.6000000000000001,0.6000000000000001,2.7,0.0,-32.0,299.0,0.0,21.700000000000003,31.8,31.8,32.5,300.0,300.0,30.6,34.6,31.0,30.5,32.2,4.95,2.0,4.97,0.16,0.0,0.0,1027.0,8228.0,0.0,0.0,0.0,0.0,0.0,1.0,0.0,0.0,0.0,-0.019,0.0,-1.1,0.0,-0.6000000000000001,0.0,0.0763,16.0,25903.0
2026-07-30T18:59:01.948Z,111.431,111.444,0.0,7.4,0.0,0.0,0.0,0.0,0.0,0.0,0.0,0.0,1.0,0.0,0.0,0.0,9.0,4.0,0.0,0.0,0.0,0.0,0.0,0.0,0.0,0.0,2.0,12.0,1.0,12.17,5.0200000000000005,2.5,1.49,3.2,-1.1,0.1,2.8000000000000003,0.0,-0.7000000000000001,0.6000000000000001,-0.5,8.3,0.0,-33.0,262.7,0.0,21.700000000000003,31.8,31.8,32.5,300.0,300.0,30.6,34.6,31.0,30.5,32.2,4.95,1.99,4.97,0.16,0.0,0.0,1027.0,8228.0,0.0,0.0,0.0,0.0,0.0,1.0,0.0,0.0,0.0,-0.02,0.0,0.5,0.0,-0.3,0.0,0.0786,16.0,25903.0
2026-07-30T18:59:01.960Z,111.443,111.456,0.0,7.4,0.0,0.0,0.0,0.0,0.0,0.0,0.0,0.0,1.0,0.0,0.0,0.0,9.0,4.0,0.0,0.0,0.0,0.0,0.0,0.0,0.0,0.0,3.0,12.0,1.0,12.17,5.0200000000000005,2.5,1.49,2.9000000000000004,-2.7,0.1,2.9000000000000004,0.0,0.4,0.0,0.6000000000000001,16.0,0.0,-34.0,229.1,0.0,21.700000000000003,31.8,31.8,32.5,300.0,300.0,30.6,34.6,31.0,30.5,32.2,4.96,1.99,4.96,0.16,0.0,0.0,1027.0,8228.0,0.0,0.0,0.0,0.0,0.0,1.0,0.0,0.0,0.0,-0.019,0.0,-0.2,0.0,-0.6000000000000001,0.0,0.0812,16.0,25903.0
2026-07-30T18:59:01.972Z,111.455,111.468,0.0,7.4,0.0,0.0,0.0,0.0,0.0,0.0,0.0,0.0,1.0,0.0,0.0,0.0,9.0,4.0,0.0,0.0,0.0,0.0,0.0,0.0,0.0,0.0,4.0,12.0,1.0,12.17,5.0200000000000005,2.5,1.49,1.4,-3.2,0.1,2.9000000000000004,0.0,0.4,-0.5,0.5,25.700000000000003,0.0,-35.0,193.2,0.0,21.700000000000003,31.8,31.8,32.5,300.0,300.0,30.6,34.6,31.0,30.5,32.2,4.95,1.99,4.97,0.16,0.0,0.0,1027.0,8228.0,0.0,0.0,0.0,0.0,0.0,1.0,0.0,0.0,0.0,-0.02,0.0,-0.4,0.0,-0.4,0.0,0.0774,16.0,25903.0
2026-07-30T18:59:01.984Z,111.467,111.48,0.0,7.4,0.0,0.0,0.0,0.0,0.0,0.0,0.0,0.0,1.0,0.0,0.0,0.0,9.0,4.0,0.0,0.0,0.0,0.0,0.0,0.0,0.0,0.0,4.0,12.0,1.0,12.17,5.0200000000000005,2.5,1.49,-0.6000000000000001,-2.4000000000000004,0.1,3.0,0.0,0.9,0.0,0.0,20.5,0.0,-36.0,157.20000000000002,0.0,21.700000000000003,31.8,31.8,32.5,300.0,300.0,30.6,34.6,31.0,30.5,32.2,4.95,1.99,4.97,0.16,0.0,0.0,1027.0,8228.0,0.0,0.0,0.0,0.0,0.0,1.0,0.0,0.0,0.0,-0.02,0.0,0.0,0.0,0.0,0.0,0.0806,16.0,25903.0
2026-07-30T18:59:01.996Z,111.479,111.492,0.0,7.4,0.0,0.0,0.0,0.0,0.0,0.0,0.0,0.0,1.0,0.0,0.0,0.0,9.0,4.0,0.0,0.0,0.0,0.0,0.0,0.0,0.0,0.0,5.0,12.0,1.0,12.17,5.01,2.5,1.49,-2.4000000000000004,-0.5,0.1,3.0,0.0,-0.1,0.5,0.0,8.9,0.0,-37.0,120.9,0.0,20.9,31.8,31.8,32.5,300.0,300.0,30.6,34.6,31.0,30.5,32.2,4.96,1.99,4.97,0.16,0.0,0.0,1027.0,8228.0,0.0,0.0,0.0,0.0,0.0,1.0,0.0,0.0,0.0,-0.02,0.0,0.3,0.0,0.5,0.0,0.0815,16.0,25903.0
2026-07-30T18:59:02.008Z,111.491,111.504,0.0,7.4,0.0,0.0,0.0,0.0,0.0,0.0,0.0,0.0,1.0,0.0,0.0,0.0,9.0,4.0,0.0,0.0,0.0,0.0,0.0,0.0,0.0,0.0,1.0,12.0,1.0,12.17,5.01,2.5,1.49,-3.1,1.2000000000000002,0.1,3.0,0.0,0.4,0.0,-1.1,0.8,0.0,-38.0,85.10000000000001,0.0,20.9,31.8,31.8,32.5,300.0,300.0,30.6,34.6,31.0,30.5,32.2,4.96,1.99,4.96,0.16,0.0,0.0,1027.0,8228.0,0.0,0.0,0.0,0.0,0.0,1.0,0.0,0.0,0.0,-0.02,0.0,-1.1,0.0,-0.7000000000000001,0.0,0.0821,16.0,25903.0
2026-07-30T18:59:02.020Z,111.503,111.516,0.0,7.4,0.0,0.0,0.0,0.0,0.0,0.0,0.0,0.0,1.0,0.0,0.0,0.0,9.0,4.0,0.0,0.0,0.0,0.0,0.0,0.0,0.0,0.0,2.0,12.0,1.0,12.17,5.01,2.5,1.49,-2.8000000000000003,2.6,0.1,3.0,0.0,-0.1,-1.1,0.0,-4.1000000000000005,0.0,-39.0,49.8,0.0,20.9,31.8,31.8,32.5,300.0,300.0,30.6,34.6,31.0,30.5,32.2,4.95,1.99,4.97,0.16,0.0,0.0,1027.0,8228.0,0.0,0.0,0.0,0.0,0.0,1.0,0.0,0.0,0.0,-0.02,0.0,0.8,0.0,-1.1,0.0,0.0815,16.0,25903.0
2026-07-30T18:59:02.033Z,111.516,111.528,0.0,7.4,0.0,0.0,0.0,0.0,0.0,0.0,0.0,0.0,1.0,0.0,0.0,0.0,9.0,4.0,0.0,0.0,0.0,0.0,0.0,0.0,0.0,0.0,3.0,12.0,1.0,12.17,5.01,2.5,1.49,-1.4,3.0,0.1,3.0,0.0,-0.2,0.0,0.0,-6.2,0.0,-39.0,17.7,0.0,20.9,31.8,31.8,32.5,300.0,300.0,30.6,34.6,31.0,30.5,32.2,4.95,2.0,4.96,0.16,0.0,0.0,1027.0,8228.0,0.0,0.0,0.0,0.0,0.0,1.0,0.0,0.0,0.0,-0.018,0.0,0.0,0.0,0.0,0.0,0.0805,16.0,25903.0
2026-07-30T18:59:02.044Z,111.527,111.54,0.0,7.4,0.0,0.0,0.0,0.0,0.0,0.0,0.0,0.0,1.0,0.0,0.0,0.0,9.0,4.0,0.0,0.0,0.0,0.0,0.0,0.0,0.0,0.0,4.0,12.0,1.0,12.17,5.01,2.5,1.49,0.1,2.5,0.1,2.9000000000000004,0.0,-0.7000000000000001,0.0,-1.1,-5.9,0.0,-40.0,346.0,0.0,20.9,31.8,31.8,32.5,300.0,300.0,30.6,34.6,31.0,30.5,32.2,4.95,1.99,4.96,0.16,0.0,0.0,1027.0,8228.0,0.0,0.0,0.0,0.0,0.0,1.0,0.0,0.0,0.0,-0.018,0.0,0.9,0.0,-0.9,0.0,0.0754,16.0,25903.0
2026-07-30T18:59:02.056Z,111.539,111.552,0.0,7.4,0.0,0.0,0.0,0.0,0.0,0.0,0.0,0.0,1.0,0.0,0.0,0.0,9.0,4.0,0.0,0.0,0.0,0.0,0.0,0.0,0.0,0.0,5.0,12.0,1.0,12.17,5.01,2.5,1.49,1.6,1.3,0.1,3.0,0.0,-0.8,0.0,1.6,-3.3000000000000003,0.0,-40.0,314.3,0.0,20.9,31.8,31.8,32.5,300.0,300.0,30.6,34.6,31.0,30.5,32.2,4.95,1.99,4.97,0.16,0.0,0.0,1027.0,8228.0,0.0,0.0,0.0,0.0,0.0,1.0,0.0,0.0,0.0,-0.017,0.0,-1.8,0.0,0.4,0.0,0.0725,16.0,25903.0
2026-07-30T18:59:02.068Z,111.551,111.564,0.0,7.4,0.0,0.0,0.0,0.0,0.0,0.0,0.0,0.0,1.0,0.0,0.0,0.0,9.0,4.0,0.0,0.0,0.0,0.0,0.0,0.0,0.0,0.0,1.0,12.0,1.0,12.17,5.01,2.5,1.49,2.4000000000000004,-0.1,0.1,2.9000000000000004,0.0,0.3,-0.6000000000000001,0.5,1.5,0.0,-40.0,281.90000000000003,0.0,20.9,31.8,31.8,32.5,300.0,300.0,30.6,34.6,31.0,30.5,32.2,4.96,2.0,4.97,0.16,0.0,0.0,1027.0,8228.0,0.0,0.0,0.0,0.0,0.0,1.0,0.0,0.0,0.0,-0.018,0.0,-0.4,0.0,0.4,0.0,0.0719,16.0,25903.0
2026-07-30T18:59:02.080Z,111.563,111.576,0.0,7.4,0.0,0.0,0.0,0.0,0.0,0.0,0.0,0.0,1.0,0.0,0.0,0.0,9.0,4.0,0.0,0.0,0.0,0.0,0.0,0.0,0.0,0.0,2.0,12.0,1.0,12.17,5.01,2.5,1.49,2.6,-1.4,0.1,2.9000000000000004,0.0,0.9,1.7000000000000002,1.7000000000000002,8.200000000000001,0.0,-41.0,250.5,0.0,20.9,31.8,31.8,32.5,300.0,300.0,30.6,34.6,31.0,30.5,32.2,4.96,1.99,4.97,0.16,0.0,0.0,1027.0,8228.0,0.0,0.0,0.0,0.0,0.0,1.0,0.0,0.0,0.0,-0.017,0.0,-0.6000000000000001,0.0,-3.4000000000000004,0.0,0.0732,16.0,25903.0
2026-07-30T18:59:02.093Z,111.576,111.588,0.0,7.4,0.0,0.0,0.0,0.0,0.0,0.0,0.0,0.0,1.0,0.0,0.0,0.0,9.0,4.0,0.0,0.0,0.0,0.0,0.0,0.0,0.0,0.0,3.0,12.0,1.0,12.17,5.0200000000000005,2.51,1.5,2.0,-2.2,0.0,2.9000000000000004,0.0,0.3,1.7000000000000002,0.0,16.7,0.0,-41.0,220.8,0.0,21.200000000000003,31.8,31.8,32.5,300.0,300.0,30.6,34.7,31.0,30.5,32.2,4.95,1.99,4.97,0.16,0.0,0.0,1027.0,8228.0,0.0,0.0,0.0,0.0,0.0,1.0,0.0,0.0,0.0,-0.017,0.0,1.5,0.0,-1.2000000000000002,0.0,0.0719,16.0,25903.0
2026-07-30T18:59:02.105Z,111.588,111.6,0.0,7.4,0.0,0.0,0.0,0.0,0.0,0.0,0.0,0.0,1.0,0.0,0.0,0.0,9.0,4.0,0.0,0.0,0.0,0.0,0.0,0.0,0.0,0.0,4.0,12.0,1.0,12.17,5.0200000000000005,2.51,1.5,1.2000000000000002,-2.4000000000000004,0.0,2.9000000000000004,0.0,-0.8,-0.6000000000000001,-0.1,26.6,0.0,-40.0,193.9,0.0,21.200000000000003,31.8,31.8,32.5,300.0,300.0,30.6,34.7,31.0,30.5,32.2,4.95,1.99,4.97,0.16,0.0,0.0,1027.0,8228.0,0.0,0.0,0.0,0.0,0.0,1.0,0.0,0.0,0.0,-0.015,0.0,-0.7000000000000001,0.0,0.2,0.0,0.0689,16.0,25903.0
2026-07-30T18:59:02.117Z,111.6,111.612,0.0,7.4,0.0,0.0,0.0,0.0,0.0,0.0,0.0,0.0,1.0,0.0,0.0,0.0,9.0,4.0,0.0,0.0,0.0,0.0,0.0,0.0,0.0,0.0,5.0,12.0,1.0,12.17,5.0200000000000005,2.51,1.5,0.1,-2.0,0.0,2.9000000000000004,0.0,0.3,-1.1,0.5,25.4,0.0,-40.0,168.3,0.0,21.200000000000003,31.8,31.8,32.5,300.0,300.0,30.6,34.7,31.0,30.5,32.2,4.96,1.99,4.96,0.16,0.0,0.0,1027.0,8228.0,0.0,0.0,0.0,0.0,0.0,1.0,0.0,0.0,0.0,-0.014,0.0,-0.9,0.0,-0.7000000000000001,0.0,0.0631,16.0,25903.0
2026-07-30T18:59:02.128Z,111.611,111.624,0.0,7.4,0.0,0.0,0.0,0.0,0.0,0.0,0.0,0.0,1.0,0.0,0.0,0.0,9.0,4.0,0.0,0.0,0.0,0.0,0.0,0.0,0.0,0.0,6.0,12.0,1.0,12.17,5.0200000000000005,2.51,1.5,-0.9,-1.3,0.0,2.9000000000000004,0.0,0.3,0.6000000000000001,-0.6000000000000001,12.2,0.0,-40.0,143.9,0.0,21.200000000000003,31.8,31.8,32.5,300.0,300.0,30.6,34.7,31.0,30.5,32.2,4.96,1.99,4.97,0.16,0.0,0.0,1027.0,8228.0,0.0,0.0,0.0,0.0,0.0,1.0,0.0,0.0,0.0,-0.014,0.0,-0.1,0.0,0.7000000000000001,0.0,0.0594,16.0,25903.0
2026-07-30T18:59:02.140Z,111.623,111.636,0.0,7.4,0.0,0.0,0.0,0.0,0.0,0.0,0.0,0.0,1.0,0.0,0.0,0.0,9.0,4.0,0.0,0.0,0.0,0.0,0.0,0.0,0.0,0.0,1.0,12.0,1.0,12.17,5.0200000000000005,2.51,1.5,-1.6,-0.4,0.0,2.8000000000000003,0.0,0.9,1.1,0.5,1.8,0.0,-39.0,119.5,0.0,21.200000000000003,31.8,31.8,32.5,300.0,300.0,30.6,34.7,31.0,30.5,32.2,4.95,2.0,4.97,0.16,0.0,0.0,1027.0,8228.0,0.0,0.0,0.0,0.0,0.0,1.0,0.0,0.0,0.0,-0.013,0.0,1.3,0.0,1.2000000000000002,0.0,0.0565,16.0,25903.0
2026-07-30T18:59:02.152Z,111.635,111.648,0.0,7.4,0.0,0.0,0.0,0.0,0.0,0.0,0.0,0.0,1.0,0.0,0.0,0.0,9.0,4.0,0.0,0.0,0.0,0.0,0.0,0.0,0.0,0.0,3.0,12.0,1.0,12.17,5.0200000000000005,2.51,1.5,-2.1,0.4,0.0,2.8000000000000003,0.0,0.3,0.0,0.5,-6.1000000000000005,0.0,-39.0,94.9,0.0,21.200000000000003,31.8,31.8,32.5,300.0,300.0,30.6,34.7,31.0,30.5,32.2,4.96,2.0,4.96,0.16,0.0,0.0,1027.0,8228.0,0.0,0.0,0.0,0.0,0.0,1.0,0.0,0.0,0.0,-0.013,0.0,0.6000000000000001,0.0,0.3,0.0,0.0553,16.0,25903.0
2026-07-30T18:59:02.164Z,111.647,111.66,0.0,7.4,0.0,0.0,0.0,0.0,0.0,0.0,0.0,0.0,1.0,0.0,0.0,0.0,9.0,4.0,0.0,0.0,0.0,0.0,0.0,0.0,0.0,0.0,5.0,12.0,1.0,12.17,5.0200000000000005,2.51,1.5,-2.0,1.2000000000000002,0.0,2.8000000000000003,0.0,-0.2,0.6000000000000001,-0.5,-11.7,0.0,-38.0,71.5,0.0,21.200000000000003,31.8,31.8,32.5,300.0,300.0,30.6,34.7,31.0,30.5,32.2,4.95,1.99,4.96,0.16,0.0,0.0,1027.0,8228.0,0.0,0.0,0.0,0.0,0.0,1.0,0.0,0.0,0.0,-0.013,0.0,-0.6000000000000001,0.0,0.2,0.0,0.0558,16.0,25903.0
2026-07-30T18:59:02.176Z,111.659,111.672,0.0,7.4,0.0,0.0,0.0,0.0,0.0,0.0,0.0,0.0,1.0,0.0,0.0,0.0,9.0,4.0,0.0,0.0,0.0,0.0,0.0,0.0,0.0,0.0,6.0,12.0,1.0,12.17,5.0200000000000005,2.51,1.5,-1.7000000000000002,1.6,0.0,2.8000000000000003,0.0,-0.2,-0.5,-0.5,-15.2,0.0,-38.0,49.3,0.0,21.200000000000003,31.8,31.8,32.5,300.0,300.0,30.6,34.7,31.0,30.5,32.2,4.95,1.99,4.96,0.16,0.0,0.0,1027.0,8228.0,0.0,0.0,0.0,0.0,0.0,1.0,0.0,0.0,0.0,-0.012,0.0,0.1,0.0,-1.0,0.0,0.054,16.0,25903.0
2026-07-30T18:59:02.188Z,111.671,111.684,0.0,7.4,0.0,0.0,0.0,0.0,0.0,0.0,0.0,0.0,1.0,0.0,0.0,0.0,9.0,4.0,0.0,0.0,0.0,0.0,0.0,0.0,0.0,0.0,1.0,12.0,1.0,12.17,5.0200000000000005,2.51,1.5,-1.1,1.9,0.0,2.8000000000000003,0.0,0.3,0.6000000000000001,-1.1,-16.900000000000002,0.0,-37.0,29.1,0.0,21.200000000000003,31.8,31.8,32.5,300.0,300.0,30.6,34.7,31.0,30.5,32.2,4.95,2.0,4.96,0.16,0.0,0.0,1027.0,8228.0,0.0,0.0,0.0,0.0,0.0,1.0,0.0,0.0,0.0,-0.011,0.0,-0.6000000000000001,0.0,-0.9,0.0,0.0514,16.0,25903.0
2026-07-30T18:59:02.200Z,111.683,111.696,0.0,7.4,0.0,0.0,0.0,0.0,0.0,0.0,0.0,0.0,1.0,0.0,0.0,0.0,9.0,4.0,0.0,0.0,0.0,0.0,0.0,0.0,0.0,0.0,2.0,12.0,1.0,12.17,5.0200000000000005,2.51,1.49,-0.7000000000000001,1.8,0.0,2.8000000000000003,0.0,0.4,-1.0,-1.1,-17.1,0.0,-36.0,9.7,0.0,21.8,31.8,31.8,32.5,300.0,300.0,30.5,34.7,31.0,30.5,32.2,4.96,2.0,4.96,0.16,0.0,0.0,1027.0,8228.0,0.0,0.0,0.0,0.0,0.0,1.0,0.0,0.0,0.0,-0.011,0.0,1.6,0.0,-1.4,0.0,0.0474,16.0,25903.0
2026-07-30T18:59:02.212Z,111.695,111.708,0.0,7.4,0.0,0.0,0.0,0.0,0.0,0.0,0.0,0.0,1.0,0.0,0.0,0.0,9.0,4.0,0.0,0.0,0.0,0.0,0.0,0.0,0.0,0.0,3.0,12.0,1.0,12.17,5.0200000000000005,2.51,1.49,-0.1,1.5,0.0,2.8000000000000003,0.0,0.4,-0.4,2.3000000000000003,-15.8,0.0,-36.0,351.0,0.0,21.8,31.8,31.8,32.5,300.0,300.0,30.5,34.7,31.0,30.5,32.2,4.95,1.99,4.97,0.16,0.0,0.0,1027.0,8228.0,0.0,0.0,0.0,0.0,0.0,1.0,0.0,0.0,0.0,-0.01,0.0,-1.1,0.0,2.2,0.0,0.0449,16.0,25903.0
2026-07-30T18:59:02.224Z,111.707,111.72,0.0,7.4,0.0,0.0,0.0,0.0,0.0,0.0,0.0,0.0,1.0,0.0,0.0,0.0,9.0,4.0,0.0,0.0,0.0,0.0,0.0,0.0,0.0,0.0,4.0,12.0,1.0,12.17,5.0200000000000005,2.51,1.49,0.2,1.2000000000000002,0.0,2.8000000000000003,0.0,-0.1,-0.4,0.0,-13.4,0.0,-35.0,333.90000000000003,0.0,21.8,31.8,31.8,32.5,300.0,300.0,30.5,34.7,31.0,30.5,32.2,4.95,1.99,4.96,0.16,0.0,0.0,1027.0,8228.0,0.0,0.0,0.0,0.0,0.0,1.0,0.0,0.0,0.0,-0.009,0.0,0.4,0.0,0.2,0.0,0.0433,16.0,25903.0
2026-07-30T18:59:02.236Z,111.719,111.732,0.0,7.4,0.0,0.0,0.0,0.0,0.0,0.0,0.0,0.0,1.0,0.0,0.0,0.0,9.0,4.0,0.0,0.0,0.0,0.0,0.0,0.0,0.0,0.0,6.0,12.0,1.0,12.17,5.0200000000000005,2.51,1.49,0.7000000000000001,0.7000000000000001,0.0,2.8000000000000003,0.0,-0.1,-0.5,-1.7000000000000002,-9.9,0.0,-34.0,317.3,0.0,21.8,31.8,31.8,32.5,300.0,300.0,30.5,34.7,31.0,30.5,32.2,4.96,2.0,4.96,0.16,0.0,0.0,1027.0,8228.0,0.0,0.0,0.0,0.0,0.0,1.0,0.0,0.0,0.0,-0.009,0.0,2.3000000000000003,0.0,-0.2,0.0,0.04,16.0,25903.0
2026-07-30T18:59:02.250Z,111.733,111.744,0.0,7.4,0.0,0.0,0.0,0.0,0.0,0.0,0.0,0.0,1.0,0.0,0.0,0.0,9.0,4.0,0.0,0.0,0.0,0.0,0.0,0.0,0.0,0.0,1.0,12.0,1.0,12.17,5.0200000000000005,2.51,1.49,1.0,0.3,0.0,2.7,0.0,1.5,0.0,-0.6000000000000001,-5.5,0.0,-33.0,299.90000000000003,0.0,21.8,31.8,31.8,32.5,300.0,300.0,30.5,34.7,31.0,30.5,32.2,4.95,2.0,4.97,0.16,0.0,0.0,1027.0,8228.0,0.0,0.0,0.0,0.0,0.0,1.0,0.0,0.0,0.0,-0.009,0.0,0.6000000000000001,0.0,0.0,0.0,0.0381,16.0,25903.0
2026-07-30T18:59:02.264Z,111.747,111.756,0.0,7.4,0.0,0.0,0.0,0.0,0.0,0.0,0.0,0.0,1.0,0.0,0.0,0.0,9.0,4.0,0.0,0.0,0.0,0.0,0.0,0.0,0.0,0.0,1.0,12.0,1.0,12.17,5.0200000000000005,2.51,1.49,1.3,0.0,0.0,2.7,0.0,0.9,0.6000000000000001,-0.1,0.0,0.0,-32.0,282.1,0.0,21.8,31.8,31.8,32.5,300.0,300.0,30.5,34.7,31.0,30.5,32.2,4.96,1.99,4.97,0.16,0.0,0.0,1027.0,8228.0,0.0,0.0,0.0,0.0,0.0,1.0,0.0,0.0,0.0,-0.01,0.0,0.0,0.0,-0.6000000000000001,0.0,0.0389,16.0,25903.0
2026-07-30T18:59:02.272Z,111.755,111.768,0.0,7.4,0.0,0.0,0.0,0.0,0.0,0.0,0.0,0.0,1.0,0.0,0.0,0.0,9.0,4.0,0.0,0.0,0.0,0.0,0.0,0.0,0.0,0.0,4.0,12.0,1.0,12.17,5.0200000000000005,2.51,1.49,1.3,-0.3,0.0,2.8000000000000003,0.0,-0.8,0.6000000000000001,-0.1,6.2,0.0,-32.0,265.2,0.0,21.8,31.8,31.8,32.5,300.0,300.0,30.5,34.7,31.0,30.5,32.2,4.96,2.0,4.96,0.16,0.0,0.0,1027.0,8228.0,0.0,0.0,0.0,0.0,0.0,1.0,0.0,0.0,0.0,-0.009,0.0,-0.8,0.0,-2.1,0.0,0.04,16.0,25903.0
2026-07-30T18:59:02.284Z,111.767,111.78,0.0,7.4,0.0,0.0,0.0,0.0,0.0,0.0,0.0,0.0,1.0,0.0,0.0,0.0,9.0,4.0,0.0,0.0,0.0,0.0,0.0,0.0,0.0,0.0,5.0,12.0,1.0,12.17,5.0200000000000005,2.51,1.49,1.2000000000000002,-0.6000000000000001,0.0,2.7,0.0,0.9,1.2000000000000002,0.4,13.1,0.0,-31.0,250.9,0.0,21.8,31.8,31.8,32.5,300.0,300.0,30.5,34.7,31.0,30.5,32.2,4.96,1.99,4.96,0.16,0.0,0.0,1027.0,8228.0,0.0,0.0,0.0,0.0,0.0,1.0,0.0,0.0,0.0,-0.008,0.0,-1.2000000000000002,0.0,-3.3000000000000003,0.0,0.039,16.0,25903.0
2026-07-30T18:59:02.297Z,111.78,111.792,0.0,7.4,0.0,0.0,0.0,0.0,0.0,0.0,0.0,0.0,1.0,0.0,0.0,0.0,9.0,4.0,0.0,0.0,0.0,0.0,0.0,0.0,0.0,0.0,6.0,12.0,1.0,12.15,5.0200000000000005,2.51,1.49,1.1,-0.7000000000000001,0.0,2.7,0.0,-0.8,0.6000000000000001,0.0,20.6,0.0,-30.0,236.9,0.0,21.4,31.8,31.8,32.5,300.0,300.0,30.6,34.7,31.0,30.5,32.2,4.95,1.99,4.97,0.16,0.0,0.0,1027.0,8228.0,0.0,0.0,0.0,0.0,0.0,1.0,0.0,0.0,0.0,-0.008,0.0,-0.2,0.0,-0.5,0.0,0.0337,16.0,25903.0
2026-07-30T18:59:02.308Z,111.791,111.804,0.0,7.4,0.0,0.0,0.0,0.0,0.0,0.0,0.0,0.0,1.0,0.0,0.0,0.0,9.0,4.0,0.0,0.0,0.0,0.0,0.0,0.0,0.0,0.0,2.0,12.0,1.0,12.15,5.0200000000000005,2.51,1.49,0.7000000000000001,-0.6000000000000001,0.0,2.7,0.0,-0.2,-0.5,-0.6000000000000001,28.5,0.0,-29.0,225.7,0.0,21.4,31.8,31.8,32.5,300.0,300.0,30.6,34.7,31.0,30.5,32.2,4.96,2.0,4.96,0.16,0.0,0.0,1027.0,8228.0,0.0,0.0,0.0,0.0,0.0,1.0,0.0,0.0,0.0,-0.006,0.0,-1.0,0.0,0.3,0.0,0.033,16.0,25903.0
2026-07-30T18:59:02.320Z,111.803,111.816,0.0,7.4,0.0,0.0,0.0,0.0,0.0,0.0,0.0,0.0,1.0,0.0,0.0,0.0,9.0,4.0,0.0,0.0,0.0,0.0,0.0,0.0,0.0,0.0,3.0,12.0,1.0,12.15,5.0200000000000005,2.51,1.49,0.5,-0.6000000000000001,0.0,2.6,0.0,0.9,0.0,-1.8,36.5,0.0,-28.0,217.0,0.0,21.4,31.8,31.8,32.5,300.0,300.0,30.6,34.7,31.0,30.5,32.2,4.96,2.0,4.97,0.16,0.0,0.0,1027.0,8228.0,0.0,0.0,0.0,0.0,0.0,1.0,0.0,0.0,0.0,-0.005,0.0,0.3,0.0,2.0,0.0,0.0275,16.0,25903.0
2026-07-30T18:59:02.332Z,111.815,111.828,0.0,7.4,0.0,0.0,0.0,0.0,0.0,0.0,0.0,0.0,1.0,0.0,0.0,0.0,9.0,4.0,0.0,0.0,0.0,0.0,0.0,0.0,0.0,0.0,3.0,12.0,1.0,12.15,5.0200000000000005,2.51,1.49,0.5,-0.6000000000000001,0.0,2.7,0.0,0.3,0.0,0.4,44.6,0.0,-27.0,209.9,0.0,21.4,31.8,31.8,32.5,300.0,300.0,30.6,34.7,31.0,30.5,32.2,4.95,1.99,4.97,0.16,0.0,0.0,1027.0,8228.0,0.0,0.0,0.0,0.0,0.0,1.0,0.0,0.0,0.0,-0.004,0.0,0.0,0.0,-0.5,0.0,0.0218,16.0,25903.0
2026-07-30T18:59:02.344Z,111.827,111.84,0.0,7.4,0.0,0.0,0.0,0.0,0.0,0.0,0.0,0.0,1.0,0.0,0.0,0.0,9.0,4.0,0.0,0.0,0.0,0.0,0.0,0.0,0.0,0.0,4.0,12.0,1.0,12.15,5.0200000000000005,2.51,1.49,0.4,-0.7000000000000001,0.0,2.7,0.0,-0.1,0.0,0.4,52.5,0.0,-25.0,202.2,0.0,21.4,31.8,31.8,32.5,300.0,300.0,30.6,34.7,31.0,30.5,32.2,4.95,1.99,4.97,0.16,0.0,0.0,1027.0,8228.0,0.0,0.0,0.0,0.0,0.0,1.0,0.0,0.0,0.0,-0.004,0.0,0.1,0.0,-0.5,0.0,0.0174,16.0,25903.0
2026-07-30T18:59:02.356Z,111.839,111.852,0.0,7.4,0.0,0.0,0.0,0.0,0.0,0.0,0.0,0.0,1.0,0.0,0.0,0.0,9.0,4.0,0.0,0.0,0.0,0.0,0.0,0.0,0.0,0.0,5.0,12.0,1.0,12.15,5.0200000000000005,2.51,1.49,0.4,-0.9,0.0,2.6,0.0,-0.1,0.6000000000000001,2.2,60.5,0.0,-24.0,192.7,0.0,21.4,31.8,31.8,32.5,300.0,300.0,30.6,34.7,31.0,30.5,32.2,4.96,1.99,4.96,0.16,0.0,0.0,1027.0,8228.0,0.0,0.0,0.0,0.0,0.0,1.0,0.0,0.0,0.0,-0.004,0.0,1.4,0.0,-2.6,0.0,0.0171,16.0,25903.0
2026-07-30T18:59:02.368Z,111.851,111.864,0.0,7.4,0.0,0.0,0.0,0.0,0.0,0.0,0.0,0.0,1.0,0.0,0.0,0.0,9.0,4.0,0.0,0.0,0.0,0.0,0.0,0.0,0.0,0.0,6.0,12.0,1.0,12.15,5.0200000000000005,2.51,1.49,0.3,-1.0,0.0,2.6,0.0,0.3,0.0,1.0,68.60000000000001,0.0,-23.0,182.8,0.0,21.4,31.8,31.8,32.5,300.0,300.0,30.6,34.7,31.0,30.5,32.2,4.96,1.99,4.97,0.16,0.0,0.0,1027.0,8228.0,0.0,0.0,0.0,0.0,0.0,1.0,0.0,0.0,0.0,-0.005,0.0,0.6000000000000001,0.0,-1.1,0.0,0.0198,16.0,25903.0
2026-07-30T18:59:02.380Z,111.863,111.876,0.0,7.4,0.0,0.0,0.0,0.0,0.0,0.0,0.0,0.0,1.0,0.0,0.0,0.0,9.0,4.0,0.0,0.0,0.0,0.0,0.0,0.0,0.0,0.0,1.0,12.0,1.0,12.15,5.0200000000000005,2.51,1.49,0.0,-1.1,0.0,2.6,0.0,-0.2,0.0,0.4,56.1,0.0,-23.0,169.9,0.0,21.4,31.8,31.8,32.5,300.0,300.0,30.6,34.7,31.0,30.5,32.2,4.95,1.99,4.97,0.16,0.0,0.0,1027.0,8228.0,0.0,0.0,0.0,0.0,0.0,1.0,0.0,0.0,0.0,-0.006,0.0,0.3,0.0,-0.4,0.0,0.022,16.0,25903.0
2026-07-30T18:59:02.392Z,111.875,111.888,0.0,7.4,0.0,0.0,0.0,0.0,0.0,0.0,0.0,0.0,1.0,0.0,0.0,0.0,9.0,4.0,0.0,0.0,0.0,0.0,0.0,0.0,0.0,0.0,2.0,12.0,1.0,12.15,5.0200000000000005,2.51,1.49,-0.2,-1.0,0.0,2.6,0.0,0.3,0.5,-0.6000000000000001,40.2,0.0,-23.0,155.9,0.0,21.4,31.8,31.8,32.5,300.0,300.0,30.6,34.7,31.0,30.5,32.2,4.95,1.99,4.96,0.16,0.0,0.0,1027.0,8228.0,0.0,0.0,0.0,0.0,0.0,1.0,0.0,0.0,0.0,-0.007,0.0,0.0,0.0,0.7000000000000001,0.0,0.0275,16.0,25903.0
2026-07-30T18:59:02.404Z,111.887,111.9,0.0,7.4,0.0,0.0,0.0,0.0,0.0,0.0,0.0,0.0,1.0,0.0,0.0,0.0,9.0,4.0,0.0,0.0,0.0,0.0,0.0,0.0,0.0,0.0,3.0,12.0,1.0,12.15,5.03,2.5,1.49,-0.7000000000000001,-0.7000000000000001,0.0,2.6,0.0,0.3,0.0,-0.1,26.5,0.0,-23.0,140.0,0.0,21.8,31.8,31.700000000000003,32.5,300.0,300.0,30.700000000000003,34.7,31.0,30.5,32.2,4.95,2.0,4.97,0.16,0.0,0.0,1027.0,8228.0,0.0,0.0,0.0,0.0,0.0,1.0,0.0,0.0,0.0,-0.008,0.0,-0.1,0.0,0.0,0.0,0.0309,16.0,25903.0
2026-07-30T18:59:02.416Z,111.899,111.912,0.0,7.4,0.0,0.0,0.0,0.0,0.0,0.0,0.0,0.0,1.0,0.0,0.0,0.0,9.0,4.0,0.0,0.0,0.0,0.0,0.0,0.0,0.0,0.0,4.0,12.0,1.0,12.15,5.03,2.5,1.49,-1.2000000000000002,-0.3,0.0,2.6,0.0,0.3,0.5,0.0,15.1,0.0,-23.0,121.2,0.0,21.8,31.8,31.700000000000003,32.5,300.0,300.0,30.700000000000003,34.7,31.0,30.5,32.2,4.95,1.99,4.97,0.16,0.0,0.0,1027.0,8228.0,0.0,0.0,0.0,0.0,0.0,1.0,0.0,0.0,0.0,-0.01,0.0,0.2,0.0,0.5,0.0,0.0343,16.0,25903.0
2026-07-30T18:59:02.428Z,111.911,111.924,0.0,7.4,0.0,0.0,0.0,0.0,0.0,0.0,0.0,0.0,1.0,0.0,0.0,0.0,9.0,4.0,0.0,0.0,0.0,0.0,0.0,0.0,0.0,0.0,6.0,12.0,1.0,12.15,5.03,2.5,1.49,-1.6,0.2,0.0,2.6,0.0,-0.8,0.0,-0.6000000000000001,6.0,0.0,-23.0,100.9,0.0,21.8,31.8,31.700000000000003,32.5,300.0,300.0,30.700000000000003,34.7,31.0,30.5,32.2,4.95,2.0,4.97,0.16,0.0,0.0,1027.0,8228.0,0.0,0.0,0.0,0.0,0.0,1.0,0.0,0.0,0.0,-0.011,0.0,-0.7000000000000001,0.0,-0.2,0.0,0.0403,16.0,25903.0
2026-07-30T18:59:02.440Z,111.923,111.936,0.0,7.4,0.0,0.0,0.0,0.0,0.0,0.0,0.0,0.0,1.0,0.0,0.0,0.0,9.0,4.0,0.0,0.0,0.0,0.0,0.0,0.0,0.0,0.0,1.0,12.0,1.0,12.15,5.03,2.5,1.49,-2.0,0.9,0.0,2.5,0.0,-0.3,0.0,0.0,-0.9,0.0,-23.0,79.10000000000001,0.0,21.8,31.8,31.700000000000003,32.5,300.0,300.0,30.700000000000003,34.7,31.0,30.5,32.2,4.96,2.0,4.96,0.16,0.0,0.0,1027.0,8228.0,0.0,0.0,0.0,0.0,0.0,1.0,0.0,0.0,0.0,-0.012,0.0,0.0,0.0,-0.1,0.0,0.0448,16.0,25903.0
2026-07-30T18:59:02.452Z,111.935,111.948,0.0,7.4,0.0,0.0,0.0,0.0,0.0,0.0,0.0,0.0,1.0,0.0,0.0,0.0,9.0,4.0,0.0,0.0,0.0,0.0,0.0,0.0,0.0,0.0,2.0,12.0,1.0,12.15,5.03,2.5,1.49,-1.9,1.6,0.0,2.6,0.0,-0.3,-1.2000000000000002,-0.6000000000000001,-5.800000000000001,0.0,-24.0,56.1,0.0,21.8,31.8,31.700000000000003,32.5,300.0,300.0,30.700000000000003,34.7,31.0,30.5,32.2,4.95,1.99,4.96,0.16,0.0,0.0,1027.0,8228.0,0.0,0.0,0.0,0.0,0.0,1.0,0.0,0.0,0.0,-0.012,0.0,0.4,0.0,-1.8,0.0,0.0481,16.0,25903.0
2026-07-30T18:59:02.464Z,111.947,111.96,0.0,7.4,0.0,0.0,0.0,0.0,0.0,0.0,0.0,0.0,1.0,0.0,0.0,0.0,9.0,4.0,0.0,0.0,0.0,0.0,0.0,0.0,0.0,0.0,3.0,12.0,1.0,12.15,5.03,2.5,1.49,-1.4,1.9,0.0,2.5,0.0,0.2,0.5,0.0,-8.6,0.0,-24.0,34.6,0.0,21.8,31.8,31.700000000000003,32.5,300.0,300.0,30.700000000000003,34.7,31.0,30.5,32.2,4.95,1.99,4.96,0.16,0.0,0.0,1027.0,8228.0,0.0,0.0,0.0,0.0,0.0,1.0,0.0,0.0,0.0,-0.012,0.0,-0.4,0.0,0.2,0.0,0.0512,16.0,25903.0
2026-07-30T18:59:02.476Z,111.959,111.972,0.0,7.4,0.0,0.0,0.0,0.0,0.0,0.0,0.0,0.0,1.0,0.0,0.0,0.0,9.0,4.0,0.0,0.0,0.0,0.0,0.0,0.0,0.0,0.0,5.0,12.0,1.0,12.15,5.03,2.5,1.49,-0.9,1.9,0.0,2.5,0.0,1.4,1.0,1.1,-9.8,0.0,-25.0,14.7,0.0,21.8,31.8,31.700000000000003,32.5,300.0,300.0,30.700000000000003,34.7,31.0,30.5,32.2,4.96,2.0,4.96,0.16,0.0,0.0,1027.0,8228.0,0.0,0.0,0.0,0.0,0.0,1.0,0.0,0.0,0.0,-0.011,0.0,-1.5,0.0,1.5,0.0,0.0498,16.0,25903.0
2026-07-30T18:59:02.488Z,111.971,111.984,0.0,7.4,0.0,0.0,0.0,0.0,0.0,0.0,0.0,0.0,1.0,0.0,0.0,0.0,9.0,4.0,0.0,0.0,0.0,0.0,0.0,0.0,0.0,0.0,6.0,12.0,1.0,12.15,5.03,2.5,1.49,-0.2,1.8,0.0,2.4000000000000004,0.0,-0.3,0.4,0.4,-9.4,0.0,-25.0,355.6,0.0,21.8,31.8,31.700000000000003,32.5,300.0,300.0,30.700000000000003,34.7,31.0,30.5,32.2,4.95,2.0,4.97,0.16,0.0,0.0,1027.0,8228.0,0.0,0.0,0.0,0.0,0.0,1.0,0.0,0.0,0.0,-0.011,0.0,-0.8,0.0,0.4,0.0,0.0464,16.0,25903.0
2026-07-30T18:59:02.501Z,111.984,111.996,0.0,7.4,0.0,0.0,0.0,0.0,0.0,0.0,0.0,0.0,1.0,0.0,0.0,0.0,9.0,4.0,0.0,0.0,0.0,0.0,0.0,0.0,0.0,0.0,6.0,12.0,1.0,12.17,5.01,2.5,1.49,0.3,1.4,0.0,2.5,0.0,0.2,-0.7000000000000001,-0.1,-7.7,0.0,-25.0,336.0,0.0,21.3,31.8,31.700000000000003,32.5,300.0,300.0,30.6,34.7,31.0,30.5,32.2,4.96,1.99,4.97,0.16,0.0,0.0,1027.0,8228.0,0.0,0.0,0.0,0.0,0.0,1.0,0.0,0.0,0.0,-0.011,0.0,0.8,0.0,0.2,0.0,0.0441,16.0,25903.0
2026-07-30T18:59:02.512Z,111.995,112.008,0.0,7.4,0.0,0.0,0.0,0.0,0.0,0.0,0.0,0.0,1.0,0.0,0.0,0.0,9.0,4.0,0.0,0.0,0.0,0.0,0.0,0.0,0.0,0.0,1.0,12.0,1.0,12.17,5.01,2.5,1.49,1.0,0.9,0.0,2.4000000000000004,0.0,0.3,0.4,-0.7000000000000001,-4.6000000000000005,0.0,-25.0,314.3,0.0,21.3,31.8,31.700000000000003,32.5,300.0,300.0,30.6,34.7,31.0,30.5,32.2,4.96,1.99,4.97,0.16,0.0,0.0,1027.0,8228.0,0.0,0.0,0.0,0.0,0.0,1.0,0.0,0.0,0.0,-0.011,0.0,0.4,0.0,-0.5,0.0,0.044,16.0,25903.0
2026-07-30T18:59:02.524Z,112.007,112.02,0.0,7.4,0.0,0.0,0.0,0.0,0.0,0.0,0.0,0.0,1.0,0.0,0.0,0.0,9.0,4.0,0.0,0.0,0.0,0.0,0.0,0.0,0.0,0.0,2.0,12.0,1.0,12.17,5.01,2.5,1.49,1.6,0.2,0.0,2.4000000000000004,0.0,0.3,0.4,-0.1,-0.1,0.0,-26.0,291.8,0.0,21.3,31.8,31.700000000000003,32.5,300.0,300.0,30.6,34.7,31.0,30.5,32.2,4.96,1.99,4.97,0.16,0.0,0.0,1027.0,8228.0,0.0,0.0,0.0,0.0,0.0,1.0,0.0,0.0,0.0,-0.012,0.0,0.0,0.0,-0.4,0.0,0.0476,16.0,25903.0
2026-07-30T18:59:02.536Z,112.019,112.032,0.0,7.4,0.0,0.0,0.0,0.0,0.0,0.0,0.0,0.0,1.0,0.0,0.0,0.0,9.0,4.0,0.0,0.0,0.0,0.0,0.0,0.0,0.0,0.0,3.0,12.0,1.0,12.17,5.01,2.5,1.49,1.8,-0.4,0.0,2.5,0.0,-0.2,-0.1,-0.1,5.7,0.0,-26.0,268.7,0.0,21.3,31.8,31.700000000000003,32.5,300.0,300.0,30.6,34.7,31.0,30.5,32.2,4.95,1.99,4.96,0.16,0.0,0.0,1027.0,8228.0,0.0,0.0,0.0,0.0,0.0,1.0,0.0,0.0,0.0,-0.012,0.0,0.1,0.0,0.1,0.0,0.0503,16.0,25903.0
2026-07-30T18:59:02.548Z,112.031,112.044,0.0,7.4,0.0,0.0,0.0,0.0,0.0,0.0,0.0,0.0,1.0,0.0,0.0,0.0,9.0,4.0,0.0,0.0,0.0,0.0,0.0,0.0,0.0,0.0,4.0,12.0,1.0,12.17,5.01,2.5,1.49,1.9,-1.1,0.0,2.4000000000000004,0.0,0.9,-0.6000000000000001,1.6,12.9,0.0,-27.0,243.7,0.0,21.3,31.8,31.700000000000003,32.5,300.0,300.0,30.6,34.7,31.0,30.5,32.2,4.96,1.99,4.96,0.16,0.0,0.0,1027.0,8228.0,0.0,0.0,0.0,0.0,0.0,1.0,0.0,0.0,0.0,-0.013,0.0,-1.3,0.0,-0.8,0.0,0.0518,16.0,25903.0
2026-07-30T18:59:02.560Z,112.043,112.056,0.0,7.4,0.0,0.0,0.0,0.0,0.0,0.0,0.0,0.0,1.0,0.0,0.0,0.0,9.0,4.0,0.0,0.0,0.0,0.0,0.0,0.0,0.0,0.0,5.0,12.0,1.0,12.17,5.01,2.5,1.49,1.6,-1.6,0.0,2.4000000000000004,0.0,0.3,0.5,1.0,21.3,0.0,-27.0,218.5,0.0,21.3,31.8,31.700000000000003,32.5,300.0,300.0,30.6,34.7,31.0,30.5,32.2,4.96,1.99,4.96,0.16,0.0,0.0,1027.0,8228.0,0.0,0.0,0.0,0.0,0.0,1.0,0.0,0.0,0.0,-0.014,0.0,0.2,0.0,-1.5,0.0,0.0552,16.0,25903.0
2026-07-30T18:59:02.575Z,112.058,112.068,0.0,7.4,0.0,0.0,0.0,0.0,0.0,0.0,0.0,0.0,1.0,0.0,0.0,0.0,9.0,4.0,0.0,0.0,0.0,0.0,0.0,0.0,0.0,0.0,5.0,12.0,1.0,12.17,5.01,2.5,1.49,1.1,-1.7000000000000002,0.0,2.4000000000000004,0.0,-0.8,0.0,0.4,30.8,0.0,-27.0,198.6,0.0,21.3,31.8,31.700000000000003,32.5,300.0,300.0,30.6,34.7,31.0,30.5,32.2,4.95,1.99,4.96,0.16,0.0,0.0,1027.0,8228.0,0.0,0.0,0.0,0.0,0.0,1.0,0.0,0.0,0.0,-0.012,0.0,0.0,0.0,-0.5,0.0,0.0575,16.0,25903.0
2026-07-30T18:59:02.584Z,112.067,112.08,0.0,7.4,0.0,0.0,0.0,0.0,0.0,0.0,0.0,0.0,1.0,0.0,0.0,0.0,9.0,4.0,0.0,0.0,0.0,0.0,0.0,0.0,0.0,0.0,4.0,12.0,1.0,12.17,5.01,2.5,1.49,0.6000000000000001,-1.6,0.0,2.4000000000000004,0.0,-0.2,-0.6000000000000001,-0.1,40.900000000000006,0.0,-27.0,180.8,0.0,21.3,31.8,31.700000000000003,32.5,300.0,300.0,30.6,34.7,31.0,30.5,32.2,4.95,1.99,4.97,0.16,0.0,0.0,1027.0,8228.0,0.0,0.0,0.0,0.0,0.0,1.0,0.0,0.0,0.0,-0.01,0.0,-0.7000000000000001,0.0,0.1,0.0,0.049,16.0,25903.0
2026-07-30T18:59:02.596Z,112.079,112.092,0.0,7.4,0.0,0.0,0.0,0.0,0.0,0.0,0.0,0.0,1.0,0.0,0.0,0.0,9.0,4.0,0.0,0.0,0.0,0.0,0.0,0.0,0.0,0.0,5.0,12.0,1.0,12.17,5.01,2.5,1.49,0.0,-1.3,0.0,2.3000000000000003,0.0,0.3,-0.6000000000000001,-1.2000000000000002,27.0,0.0,-27.0,164.70000000000002,0.0,21.3,31.8,31.700000000000003,32.5,300.0,300.0,30.6,34.7,31.0,30.5,32.2,4.96,2.0,4.96,0.16,0.0,0.0,1027.0,8228.0,0.0,0.0,0.0,0.0,0.0,1.0,0.0,0.0,0.0,-0.009,0.0,-1.7000000000000002,0.0,0.8,0.0,0.0421,16.0,25903.0
2026-07-30T18:59:02.608Z,112.091,112.104,0.0,7.4,0.0,0.0,0.0,0.0,0.0,0.0,0.0,0.0,1.0,0.0,0.0,0.0,9.0,4.0,0.0,0.0,0.0,0.0,0.0,0.0,0.0,0.0,1.0,12.0,1.0,12.13,5.0200000000000005,2.51,1.49,-0.2,-0.9,0.0,2.4000000000000004,0.0,0.3,1.1,1.0,13.5,0.0,-26.0,151.1,0.0,21.4,31.700000000000003,31.700000000000003,32.5,300.0,300.0,30.6,34.6,31.0,30.5,32.2,4.96,1.99,4.97,0.16,0.0,0.0,1027.0,8228.0,0.0,0.0,0.0,0.0,0.0,1.0,0.0,0.0,0.0,-0.008,0.0,2.1,0.0,0.0,0.0,0.0382,16.0,25903.0
2026-07-30T18:59:02.620Z,112.103,112.116,0.0,7.4,0.0,0.0,0.0,0.0,0.0,0.0,0.0,0.0,1.0,0.0,0.0,0.0,9.0,4.0,0.0,0.0,0.0,0.0,0.0,0.0,0.0,0.0,1.0,12.0,1.0,12.13,5.0200000000000005,2.51,1.49,-0.6000000000000001,-0.6000000000000001,0.0,2.4000000000000004,0.0,-0.2,1.1,-1.2000000000000002,2.0,0.0,-26.0,139.0,0.0,21.4,31.700000000000003,31.700000000000003,32.5,300.0,300.0,30.6,34.6,31.0,30.5,32.2,4.96,2.0,4.97,0.17,0.0,0.0,1027.0,8228.0,0.0,0.0,0.0,0.0,0.0,1.0,0.0,0.0,0.0,-0.007,0.0,-0.3,0.0,1.3,0.0,0.0328,16.0,25903.0
2026-07-30T18:59:02.632Z,112.115,112.128,0.0,7.4,0.0,0.0,0.0,0.0,0.0,0.0,0.0,0.0,1.0,0.0,0.0,0.0,9.0,4.0,0.0,0.0,0.0,0.0,0.0,0.0,0.0,0.0,2.0,12.0,1.0,12.13,5.0200000000000005,2.51,1.49,-0.8,-0.3,0.0,2.3000000000000003,0.0,-0.2,-1.2000000000000002,-1.2000000000000002,-7.800000000000001,0.0,-25.0,127.0,0.0,21.4,31.700000000000003,31.700000000000003,32.5,300.0,300.0,30.6,34.6,31.0,30.5,32.2,4.96,2.0,4.96,0.16,0.0,0.0,1027.0,8228.0,0.0,0.0,0.0,0.0,0.0,1.0,0.0,0.0,0.0,-0.006,0.0,-2.3000000000000003,0.0,-0.9,0.0,0.0288,16.0,25903.0
2026-07-30T18:59:02.644Z,112.127,112.14,0.0,7.4,0.0,0.0,0.0,0.0,0.0,0.0,0.0,0.0,1.0,0.0,0.0,0.0,9.0,4.0,0.0,0.0,0.0,0.0,0.0,0.0,0.0,0.0,3.0,12.0,1.0,12.13,5.0200000000000005,2.51,1.49,-0.9,0.0,0.0,2.3000000000000003,0.0,-0.2,-0.6000000000000001,0.4,-16.0,0.0,-24.0,114.9,0.0,21.4,31.700000000000003,31.700000000000003,32.5,300.0,300.0,30.6,34.6,31.0,30.5,32.2,4.96,2.0,4.97,0.16,0.0,0.0,1027.0,8228.0,0.0,0.0,0.0,0.0,0.0,1.0,0.0,0.0,0.0,-0.006,0.0,0.2,0.0,-0.6000000000000001,0.0,0.0276,16.0,25903.0
2026-07-30T18:59:02.656Z,112.139,112.152,0.0,7.4,0.0,0.0,0.0,0.0,0.0,0.0,0.0,0.0,1.0,0.0,0.0,0.0,9.0,4.0,0.0,0.0,0.0,0.0,0.0,0.0,0.0,0.0,4.0,12.0,1.0,12.13,5.0200000000000005,2.51,1.49,-1.0,0.2,0.0,2.3000000000000003,0.0,-0.8,0.0,0.4,-22.700000000000003,0.0,-24.0,102.7,0.0,21.4,31.700000000000003,31.700000000000003,32.5,300.0,300.0,30.6,34.6,31.0,30.5,32.2,4.96,1.99,4.97,0.16,0.0,0.0,1027.0,8228.0,0.0,0.0,0.0,0.0,0.0,1.0,0.0,0.0,0.0,-0.006,0.0,0.4,0.0,0.0,0.0,0.0274,16.0,25903.0
2026-07-30T18:59:02.668Z,112.151,112.164,0.0,7.4,0.0,0.0,0.0,0.0,0.0,0.0,0.0,0.0,1.0,0.0,0.0,0.0,9.0,4.0,0.0,0.0,0.0,0.0,0.0,0.0,0.0,0.0,4.0,12.0,1.0,12.13,5.0200000000000005,2.51,1.49,-0.9,0.3,0.0,2.3000000000000003,0.0,0.3,1.1,2.8000000000000003,-28.1,0.0,-23.0,91.3,0.0,21.4,31.700000000000003,31.700000000000003,32.5,300.0,300.0,30.6,34.6,31.0,30.5,32.2,4.95,2.0,4.97,0.16,0.0,0.0,1027.0,8228.0,0.0,0.0,0.0,0.0,0.0,1.0,0.0,0.0,0.0,-0.006,0.0,2.8000000000000003,0.0,2.8000000000000003,0.0,0.0276,16.0,25903.0
2026-07-30T18:59:02.680Z,112.163,112.176,0.0,7.4,0.0,0.0,0.0,0.0,0.0,0.0,0.0,0.0,1.0,0.0,0.0,0.0,9.0,4.0,0.0,0.0,0.0,0.0,0.0,0.0,0.0,0.0,6.0,12.0,1.0,12.13,5.0200000000000005,2.51,1.49,-1.0,0.5,0.0,2.3000000000000003,0.0,0.3,0.0,-0.1,-32.2,0.0,-23.0,78.7,0.0,21.4,31.700000000000003,31.700000000000003,32.5,300.0,300.0,30.6,34.6,31.0,30.5,32.2,4.96,2.0,4.96,0.16,0.0,0.0,1027.0,8228.0,0.0,0.0,0.0,0.0,0.0,1.0,0.0,0.0,0.0,-0.006,0.0,0.0,0.0,-0.1,0.0,0.0264,16.0,25903.0
2026-07-30T18:59:02.692Z,112.175,112.188,0.0,7.4,0.0,0.0,0.0,0.0,0.0,0.0,0.0,0.0,1.0,0.0,0.0,0.0,9.0,4.0,0.0,0.0,0.0,0.0,0.0,0.0,0.0,0.0,1.0,12.0,1.0,12.13,5.0200000000000005,2.51,1.49,-1.1,0.7000000000000001,0.0,2.3000000000000003,0.0,0.3,-1.7000000000000002,-0.6000000000000001,-35.2,0.0,-22.0,66.8,0.0,21.4,31.700000000000003,31.700000000000003,32.5,300.0,300.0,30.6,34.6,31.0,30.5,32.2,4.95,1.99,4.97,0.16,0.0,0.0,1027.0,8228.0,0.0,0.0,0.0,0.0,0.0,1.0,0.0,0.0,0.0,-0.006,0.0,0.3,0.0,-2.5,0.0,0.0278,16.0,25903.0
2026-07-30T18:59:02.705Z,112.188,112.2,0.0,7.4,0.0,0.0,0.0,0.0,0.0,0.0,0.0,0.0,1.0,0.0,0.0,0.0,9.0,4.0,0.0,0.0,0.0,0.0,0.0,0.0,0.0,0.0,2.0,12.0,1.0,12.18,5.0200000000000005,2.5,1.49,-1.0,0.8,0.0,2.3000000000000003,0.0,-0.2,0.5,0.4,-37.0,0.0,-22.0,54.8,0.0,21.8,31.700000000000003,31.700000000000003,32.5,300.0,300.0,30.6,34.5,31.0,30.5,32.1,4.95,2.0,4.96,0.16,0.0,0.0,1027.0,8228.0,0.0,0.0,0.0,0.0,0.0,1.0,0.0,0.0,0.0,-0.006,0.0,-0.1,0.0,0.9,0.0,0.0275,16.0,25903.0
2026-07-30T18:59:02.716Z,112.199,112.212,0.0,7.4,0.0,0.0,0.0,0.0,0.0,0.0,0.0,0.0,1.0,0.0,0.0,0.0,9.0,4.0,0.0,0.0,0.0,0.0,0.0,0.0,0.0,0.0,3.0,12.0,1.0,12.18,5.0200000000000005,2.5,1.49,-0.8,0.9,0.0,2.2,0.0,-0.2,1.6,1.0,-37.8,0.0,-21.0,42.900000000000006,0.0,21.8,31.700000000000003,31.700000000000003,32.5,300.0,300.0,30.6,34.5,31.0,30.5,32.1,4.96,2.0,4.96,0.16,0.0,0.0,1027.0,8228.0,0.0,0.0,0.0,0.0,0.0,1.0,0.0,0.0,0.0,-0.006,0.0,-1.1,0.0,2.4000000000000004,0.0,0.0272,16.0,25903.0
2026-07-30T18:59:02.728Z,112.211,112.224,0.0,7.4,0.0,0.0,0.0,0.0,0.0,0.0,0.0,0.0,1.0,0.0,0.0,0.0,9.0,4.0,0.0,0.0,0.0,0.0,0.0,0.0,0.0,0.0,4.0,12.0,1.0,12.18,5.0200000000000005,2.5,1.49,-0.6000000000000001,0.9,0.0,2.3000000000000003,0.0,0.3,0.5,1.5,-37.8,0.0,-21.0,32.2,0.0,21.8,31.700000000000003,31.700000000000003,32.5,300.0,300.0,30.6,34.5,31.0,30.5,32.1,4.95,2.0,4.96,0.16,0.0,0.0,1027.0,8228.0,0.0,0.0,0.0,0.0,0.0,1.0,0.0,0.0,0.0,-0.006,0.0,-0.4,0.0,2.1,0.0,0.0271,16.0,25903.0
2026-07-30T18:59:02.740Z,112.223,112.236,0.0,7.4,0.0,0.0,0.0,0.0,0.0,0.0,0.0,0.0,1.0,0.0,0.0,0.0,9.0,4.0,0.0,0.0,0.0,0.0,0.0,0.0,0.0,0.0,5.0,12.0,1.0,12.18,5.0200000000000005,2.5,1.49,-0.4,0.8,0.0,2.3000000000000003,0.0,-0.2,-1.2000000000000002,-0.7000000000000001,-37.0,0.0,-20.0,22.5,0.0,21.8,31.700000000000003,31.700000000000003,32.5,300.0,300.0,30.6,34.5,31.0,30.5,32.1,4.95,1.99,4.97,0.16,0.0,0.0,1027.0,8228.0,0.0,0.0,0.0,0.0,0.0,1.0,0.0,0.0,0.0,-0.005,0.0,1.4,0.0,-1.4,0.0,0.0251,16.0,25903.0
2026-07-30T18:59:02.751Z,112.234,112.248,0.0,7.4,0.0,0.0,0.0,0.0,0.0,0.0,0.0,0.0,1.0,0.0,0.0,0.0,9.0,4.0,0.0,0.0,0.0,0.0,0.0,0.0,0.0,0.0,6.0,12.0,1.0,12.18,5.0200000000000005,2.5,1.49,-0.3,0.7000000000000001,0.0,2.2,0.0,0.3,-0.6000000000000001,0.9,-35.7,0.0,-20.0,13.7,0.0,21.8,31.700000000000003,31.700000000000003,32.5,300.0,300.0,30.6,34.5,31.0,30.5,32.1,4.95,2.0,4.96,0.16,0.0,0.0,1027.0,8228.0,0.0,0.0,0.0,0.0,0.0,1.0,0.0,0.0,0.0,-0.005,0.0,0.4,0.0,0.9,0.0,0.0228,16.0,25903.0
2026-07-30T18:59:02.764Z,112.247,112.26,0.0,7.4,0.0,0.0,0.0,0.0,0.0,0.0,0.0,0.0,1.0,0.0,0.0,0.0,9.0,4.0,0.0,0.0,0.0,0.0,0.0,0.0,0.0,0.0,1.0,12.0,1.0,12.18,5.0200000000000005,2.5,1.49,-0.2,0.7000000000000001,0.0,2.2,0.0,0.3,1.1,-0.1,-33.800000000000004,0.0,-19.0,5.4,0.0,21.8,31.700000000000003,31.700000000000003,32.5,300.0,300.0,30.6,34.5,31.0,30.5,32.1,4.96,1.99,4.96,0.15,0.0,0.0,1027.0,8228.0,0.0,0.0,0.0,0.0,0.0,1.0,0.0,0.0,0.0,-0.004,0.0,-1.2000000000000002,0.0,0.0,0.0,0.0207,16.0,25903.0
2026-07-30T18:59:02.776Z,112.259,112.272,0.0,7.4,0.0,0.0,0.0,0.0,0.0,0.0,0.0,0.0,1.0,0.0,0.0,0.0,9.0,4.0,0.0,0.0,0.0,0.0,0.0,0.0,0.0,0.0,2.0,12.0,1.0,12.18,5.0200000000000005,2.5,1.49,0.0,0.4,0.0,2.3000000000000003,0.0,0.8,-0.6000000000000001,-0.7000000000000001,-31.4,0.0,-18.0,359.0,0.0,21.8,31.700000000000003,31.700000000000003,32.5,300.0,300.0,30.6,34.5,31.0,30.5,32.1,4.95,1.99,4.97,0.16,0.0,0.0,1027.0,8228.0,0.0,0.0,0.0,0.0,0.0,1.0,0.0,0.0,0.0,-0.004,0.0,1.1,0.0,-0.7000000000000001,0.0,0.0194,16.0,25903.0
2026-07-30T18:59:02.788Z,112.271,112.284,0.0,7.4,0.0,0.0,0.0,0.0,0.0,0.0,0.0,0.0,1.0,0.0,0.0,0.0,9.0,4.0,0.0,0.0,0.0,0.0,0.0,0.0,0.0,0.0,3.0,12.0,1.0,12.18,5.0200000000000005,2.5,1.49,0.0,0.2,0.0,2.2,0.0,0.2,0.5,1.5,-29.0,0.0,-17.0,355.3,0.0,21.8,31.700000000000003,31.700000000000003,32.5,300.0,300.0,30.6,34.5,31.0,30.5,32.1,4.96,1.99,4.97,0.16,0.0,0.0,1027.0,8228.0,0.0,0.0,0.0,0.0,0.0,1.0,0.0,0.0,0.0,-0.002,0.0,0.8,0.0,-0.1,0.0,0.0161,16.0,25903.0
2026-07-30T18:59:02.800Z,112.283,112.296,0.0,7.4,0.0,0.0,0.0,0.0,0.0,0.0,0.0,0.0,1.0,0.0,0.0,0.0,9.0,4.0,0.0,0.0,0.0,0.0,0.0,0.0,0.0,0.0,4.0,12.0,1.0,12.18,5.0200000000000005,2.5,1.49,0.0,0.1,0.0,2.2,0.0,-0.2,-0.6000000000000001,-1.4,-26.4,0.0,-16.0,353.70000000000005,0.0,21.8,31.700000000000003,31.700000000000003,32.5,300.0,300.0,30.6,34.5,31.0,30.5,32.1,4.96,1.99,4.97,0.16,0.0,0.0,1027.0,8228.0,0.0,0.0,0.0,0.0,0.0,1.0,0.0,0.0,0.0,-0.001,0.0,-0.4,0.0,-0.2,0.0,0.0105,16.0,25903.0
2026-07-30T18:59:02.812Z,112.295,112.308,0.0,7.4,0.0,0.0,0.0,0.0,0.0,0.0,0.0,0.0,1.0,0.0,0.0,0.0,9.0,4.0,0.0,0.0,0.0,0.0,0.0,0.0,0.0,0.0,6.0,12.0,1.0,12.15,5.0200000000000005,2.51,1.49,0.0,0.0,0.0,2.2,0.0,0.8,0.0,-0.2,-24.1,0.0,-15.0,353.6,0.0,21.700000000000003,31.700000000000003,31.700000000000003,32.4,300.0,300.0,30.6,34.5,31.0,30.5,32.2,4.95,1.99,4.97,0.16,0.0,0.0,1027.0,8228.0,0.0,0.0,0.0,0.0,0.0,1.0,0.0,0.0,0.0,0.0,0.0,0.8,0.0,-0.1,0.0,0.0054,16.0,25903.0
2026-07-30T18:59:02.824Z,112.307,112.32,0.0,7.4,0.0,0.0,0.0,0.0,0.0,0.0,0.0,0.0,1.0,0.0,0.0,0.0,9.0,4.0,0.0,0.0,0.0,0.0,0.0,0.0,0.0,0.0,1.0,12.0,1.0,12.15,5.0200000000000005,2.51,1.49,0.0,-0.2,0.0,2.2,0.0,-0.2,1.1,-0.1,-21.9,0.0,-14.0,355.6,0.0,21.700000000000003,31.700000000000003,31.700000000000003,32.4,300.0,300.0,30.6,34.5,31.0,30.5,32.2,4.95,1.99,4.97,0.16,0.0,0.0,1027.0,8228.0,0.0,0.0,0.0,0.0,0.0,1.0,0.0,0.0,0.0,0.0,0.0,0.8,0.0,-0.1,0.0,0.0016,16.0,25903.0
2026-07-30T18:59:02.836Z,112.319,112.332,0.0,7.4,0.0,0.0,0.0,0.0,0.0,0.0,0.0,0.0,1.0,0.0,0.0,0.0,9.0,4.0,0.0,0.0,0.0,0.0,0.0,0.0,0.0,0.0,1.0,12.0,1.0,12.15,5.0200000000000005,2.51,1.49,0.0,-0.2,0.0,2.2,0.0,-0.8,0.5,1.5,-20.1,0.0,-13.0,358.5,0.0,21.700000000000003,31.700000000000003,31.700000000000003,32.4,300.0,300.0,30.6,34.5,31.0,30.5,32.2,4.96,1.99,4.96,0.16,0.0,0.0,1027.0,8228.0,0.0,0.0,0.0,0.0,0.0,1.0,0.0,0.0,0.0,0.001,0.0,-1.6,0.0,1.5,0.0,0.003,16.0,25903.0
2026-07-30T18:59:02.848Z,112.331,112.344,0.0,7.4,0.0,0.0,0.0,0.0,0.0,0.0,0.0,0.0,1.0,0.0,0.0,0.0,9.0,4.0,0.0,0.0,0.0,0.0,0.0,0.0,0.0,0.0,2.0,12.0,1.0,12.15,5.0200000000000005,2.51,1.49,0.0,-0.3,0.0,2.1,0.0,0.3,1.1,0.4,-18.7,0.0,-11.0,2.7,0.0,21.700000000000003,31.700000000000003,31.700000000000003,32.4,300.0,300.0,30.6,34.5,31.0,30.5,32.2,4.96,1.99,4.97,0.15,0.0,0.0,1027.0,8228.0,0.0,0.0,0.0,0.0,0.0,1.0,0.0,0.0,0.0,0.002,0.0,-1.5,0.0,0.4,0.0,0.0058,16.0,25903.0
2026-07-30T18:59:02.860Z,112.343,112.356,0.0,7.4,0.0,0.0,0.0,0.0,0.0,0.0,0.0,0.0,1.0,0.0,0.0,0.0,9.0,4.0,0.0,0.0,0.0,0.0,0.0,0.0,0.0,0.0,4.0,12.0,1.0,12.15,5.0200000000000005,2.51,1.49,0.0,-0.4,0.0,2.2,0.0,-0.2,0.0,0.4,-17.7,0.0,-10.0,8.0,0.0,21.700000000000003,31.700000000000003,31.700000000000003,32.4,300.0,300.0,30.6,34.5,31.0,30.5,32.2,4.95,1.99,4.97,0.16,0.0,0.0,1027.0,8228.0,0.0,0.0,0.0,0.0,0.0,1.0,0.0,0.0,0.0,0.002,0.0,-0.1,0.0,0.4,0.0,0.0083,16.0,25903.0
2026-07-30T18:59:02.872Z,112.355,112.368,0.0,7.4,0.0,0.0,0.0,0.0,0.0,0.0,0.0,0.0,1.0,0.0,0.0,0.0,9.0,4.0,0.0,0.0,0.0,0.0,0.0,0.0,0.0,0.0,5.0,12.0,1.0,12.15,5.0200000000000005,2.51,1.49,0.2,-0.4,0.0,2.1,0.0,-0.2,-0.5,-1.3,-17.2,0.0,-9.0,13.0,0.0,21.700000000000003,31.700000000000003,31.700000000000003,32.4,300.0,300.0,30.6,34.5,31.0,30.5,32.2,4.96,1.99,4.96,0.16,0.0,0.0,1027.0,8228.0,0.0,0.0,0.0,0.0,0.0,1.0,0.0,0.0,0.0,0.002,0.0,1.1,0.0,-1.6,0.0,0.0111,16.0,25903.0
2026-07-30T18:59:02.884Z,112.367,112.38,0.0,7.4,0.0,0.0,0.0,0.0,0.0,0.0,0.0,0.0,1.0,0.0,0.0,0.0,9.0,4.0,0.0,0.0,0.0,0.0,0.0,0.0,0.0,0.0,5.0,12.0,1.0,12.15,5.0200000000000005,2.51,1.49,0.0,-0.2,0.0,2.1,0.0,-0.8,-1.1,-1.2000000000000002,-17.1,0.0,-7.0,16.900000000000002,0.0,21.700000000000003,31.700000000000003,31.700000000000003,32.4,300.0,300.0,30.6,34.5,31.0,30.5,32.2,4.95,1.99,4.97,0.16,0.0,0.0,1027.0,8228.0,0.0,0.0,0.0,0.0,0.0,1.0,0.0,0.0,0.0,0.002,0.0,1.6,0.0,-1.8,0.0,0.0116,16.0,25903.0
2026-07-30T18:59:02.896Z,112.379,112.392,0.0,7.4,0.0,0.0,0.0,0.0,0.0,0.0,0.0,0.0,1.0,0.0,0.0,0.0,9.0,4.0,0.0,0.0,0.0,0.0,0.0,0.0,0.0,0.0,3.0,12.0,1.0,12.15,5.0200000000000005,2.51,1.49,0.1,-0.2,0.0,2.1,0.0,0.2,0.5,-0.1,-17.1,0.0,-7.0,19.700000000000003,0.0,21.700000000000003,31.700000000000003,31.700000000000003,32.4,300.0,300.0,30.6,34.5,31.0,30.5,32.2,4.95,1.99,4.97,0.16,0.0,0.0,1027.0,8228.0,0.0,0.0,0.0,0.0,0.0,1.0,0.0,0.0,0.0,0.001,0.0,-0.5,0.0,0.0,0.0,0.0095,16.0,25903.0
2026-07-30T18:59:02.909Z,112.392,112.404,0.0,7.4,0.0,0.0,0.0,0.0,0.0,0.0,0.0,0.0,1.0,0.0,0.0,0.0,9.0,4.0,0.0,0.0,0.0,0.0,0.0,0.0,0.0,0.0,3.0,12.0,1.0,12.15,5.0200000000000005,2.5,1.49,0.1,-0.1,0.0,2.1,0.0,-0.2,1.1,0.4,-17.400000000000002,0.0,-6.0,22.0,0.0,21.700000000000003,31.700000000000003,31.700000000000003,32.5,300.0,300.0,30.6,34.6,31.0,30.5,32.2,4.95,1.99,4.97,0.16,0.0,0.0,1027.0,8228.0,0.0,0.0,0.0,0.0,0.0,1.0,0.0,0.0,0.0,0.001,0.0,-1.3,0.0,1.0,0.0,0.0073,16.0,25903.0
2026-07-30T18:59:02.920Z,112.403,112.416,0.0,7.4,0.0,0.0,0.0,0.0,0.0,0.0,0.0,0.0,1.0,0.0,0.0,0.0,9.0,4.0,0.0,0.0,0.0,0.0,0.0,0.0,0.0,0.0,4.0,12.0,1.0,12.15,5.0200000000000005,2.5,1.49,0.1,-0.1,0.0,2.1,0.0,0.3,-1.1,0.4,-17.8,0.0,-5.0,23.6,0.0,21.700000000000003,31.700000000000003,31.700000000000003,32.5,300.0,300.0,30.6,34.6,31.0,30.5,32.2,4.96,1.99,4.96,0.16,0.0,0.0,1027.0,8228.0,0.0,0.0,0.0,0.0,0.0,1.0,0.0,0.0,0.0,0.001,0.0,1.1,0.0,0.0,0.0,0.0057,16.0,25903.0
2026-07-30T18:59:02.932Z,112.415,112.428,0.0,7.4,0.0,0.0,0.0,0.0,0.0,0.0,0.0,0.0,1.0,0.0,0.0,0.0,9.0,4.0,0.0,0.0,0.0,0.0,0.0,0.0,0.0,0.0,6.0,12.0,1.0,12.15,5.0200000000000005,2.5,1.49,0.0,0.0,0.0,2.1,0.0,-0.8,0.0,-1.2000000000000002,-18.2,0.0,-5.0,24.4,0.0,21.700000000000003,31.700000000000003,31.700000000000003,32.5,300.0,300.0,30.6,34.6,31.0,30.5,32.2,4.96,1.99,4.96,0.16,0.0,0.0,1027.0,8228.0,0.0,0.0,0.0,0.0,0.0,1.0,0.0,0.0,0.0,0.0,0.0,0.1,0.0,-1.4,0.0,0.0042,16.0,25903.0
2026-07-30T18:59:02.944Z,112.427,112.44,0.0,7.4,0.0,0.0,0.0,0.0,0.0,0.0,0.0,0.0,1.0,0.0,0.0,0.0,9.0,4.0,0.0,0.0,0.0,0.0,0.0,0.0,0.0,0.0,1.0,12.0,1.0,12.15,5.0200000000000005,2.5,1.49,0.0,0.0,0.0,2.1,0.0,0.3,0.0,-0.6000000000000001,-18.7,0.0,-4.0,24.9,0.0,21.700000000000003,31.700000000000003,31.700000000000003,32.5,300.0,300.0,30.6,34.6,31.0,30.5,32.2,4.96,1.99,4.97,0.16,0.0,0.0,1027.0,8228.0,0.0,0.0,0.0,0.0,0.0,1.0,0.0,0.0,0.0,0.0,0.0,0.0,0.0,-0.7000000000000001,0.0,0.0026,16.0,25903.0
2026-07-30T18:59:02.956Z,112.439,112.452,0.0,7.4,0.0,0.0,0.0,0.0,0.0,0.0,0.0,0.0,1.0,0.0,0.0,0.0,9.0,4.0,0.0,0.0,0.0,0.0,0.0,0.0,0.0,0.0,2.0,12.0,1.0,12.15,5.0200000000000005,2.5,1.49,0.0,0.0,0.0,2.0,0.0,-0.2,0.0,1.0,-19.1,0.0,-4.0,24.200000000000003,0.0,21.700000000000003,31.700000000000003,31.700000000000003,32.5,300.0,300.0,30.6,34.6,31.0,30.5,32.2,4.96,1.99,4.97,0.16,0.0,0.0,1027.0,8228.0,0.0,0.0,0.0,0.0,0.0,1.0,0.0,0.0,0.0,0.0,0.0,-0.1,0.0,1.1,0.0,0.0014,16.0,25903.0
2026-07-30T18:59:02.968Z,112.451,112.464,0.0,7.4,0.0,0.0,0.0,0.0,0.0,0.0,0.0,0.0,1.0,0.0,0.0,0.0,9.0,4.0,0.0,0.0,0.0,0.0,0.0,0.0,0.0,0.0,3.0,12.0,1.0,12.15,5.0200000000000005,2.5,1.49,0.0,0.1,0.0,2.0,0.0,0.3,-1.1,-1.2000000000000002,-19.5,0.0,-4.0,23.6,0.0,21.700000000000003,31.700000000000003,31.700000000000003,32.5,300.0,300.0,30.6,34.6,31.0,30.5,32.2,4.96,1.99,4.96,0.16,0.0,0.0,1027.0,8228.0,0.0,0.0,0.0,0.0,0.0,1.0,0.0,0.0,0.0,0.0,0.0,1.3,0.0,-1.9,0.0,0.0007,16.0,25903.0
2026-07-30T18:59:02.980Z,112.463,112.476,0.0,7.4,0.0,0.0,0.0,0.0,0.0,0.0,0.0,0.0,1.0,0.0,0.0,0.0,9.0,4.0,0.0,0.0,0.0,0.0,0.0,0.0,0.0,0.0,4.0,12.0,1.0,12.15,5.0200000000000005,2.5,1.49,0.0,0.0,0.0,2.1,0.0,-0.2,-1.1,0.0,-19.700000000000003,0.0,-3.0,23.1,0.0,21.700000000000003,31.700000000000003,31.700000000000003,32.5,300.0,300.0,30.6,34.6,31.0,30.5,32.2,4.96,1.99,4.96,0.16,0.0,0.0,1027.0,8228.0,0.0,0.0,0.0,0.0,0.0,1.0,0.0,0.0,0.0,0.0,0.0,1.2000000000000002,0.0,-0.6000000000000001,0.0,0.0012,16.0,25903.0
2026-07-30T18:59:02.992Z,112.475,112.488,0.0,7.4,0.0,0.0,0.0,0.0,0.0,0.0,0.0,0.0,1.0,0.0,0.0,0.0,9.0,4.0,0.0,0.0,0.0,0.0,0.0,0.0,0.0,0.0,5.0,12.0,1.0,12.15,5.0200000000000005,2.5,1.49,0.0,0.0,0.0,2.1,0.0,0.3,0.5,0.0,-20.0,0.0,-3.0,22.8,0.0,21.700000000000003,31.700000000000003,31.700000000000003,32.5,300.0,300.0,30.6,34.6,31.0,30.5,32.2,4.96,2.0,4.96,0.16,0.0,0.0,1027.0,8228.0,0.0,0.0,0.0,0.0,0.0,1.0,0.0,0.0,0.0,0.0,0.0,-0.5,0.0,0.1,0.0,0.0013,16.0,25903.0
2026-07-30T18:59:03.004Z,112.487,112.5,0.0,7.4,0.0,0.0,0.0,0.0,0.0,0.0,0.0,0.0,1.0,0.0,0.0,0.0,9.0,4.0,0.0,0.0,0.0,0.0,0.0,0.0,0.0,0.0,6.0,12.0,1.0,12.15,5.0200000000000005,2.5,1.49,0.0,0.0,0.0,2.1,0.0,0.9,1.7000000000000002,0.0,-20.200000000000003,0.0,-3.0,22.9,0.0,21.700000000000003,31.700000000000003,31.700000000000003,32.5,300.0,300.0,30.6,34.6,31.0,30.5,32.2,4.96,1.99,4.96,0.16,0.0,0.0,1027.0,8228.0,0.0,0.0,0.0,0.0,0.0,1.0,0.0,0.0,0.0,0.0,0.0,-1.8,0.0,0.7000000000000001,0.0,0.0008,16.0,25903.0
2026-07-30T18:59:03.016Z,112.499,112.512,0.0,7.4,0.0,0.0,0.0,0.0,0.0,0.0,0.0,0.0,1.0,0.0,0.0,0.0,9.0,4.0,0.0,0.0,0.0,0.0,0.0,0.0,0.0,0.0,1.0,12.0,1.0,12.13,5.0200000000000005,2.5,1.5,0.0,0.0,0.0,2.1,0.0,-0.2,0.0,0.5,-20.4,0.0,-3.0,23.1,0.0,21.700000000000003,31.700000000000003,31.700000000000003,32.5,300.0,300.0,30.700000000000003,34.7,31.0,30.5,32.2,4.95,1.99,4.96,0.16,0.0,0.0,1027.0,8228.0,0.0,0.0,0.0,0.0,0.0,1.0,0.0,0.0,0.0,0.0,0.0,0.0,0.0,0.6000000000000001,0.0,0.0001,16.0,25903.0
2026-07-30T18:59:03.028Z,112.511,112.524,0.0,7.4,0.0,0.0,0.0,0.0,0.0,0.0,0.0,0.0,1.0,0.0,0.0,0.0,9.0,4.0,0.0,0.0,0.0,0.0,0.0,0.0,0.0,0.0,2.0,12.0,1.0,12.13,5.0200000000000005,2.5,1.5,0.0,0.0,0.0,2.1,0.0,-0.2,0.0,-0.5,-20.6,0.0,-2.0,23.0,0.0,21.700000000000003,31.700000000000003,31.700000000000003,32.5,300.0,300.0,30.700000000000003,34.7,31.0,30.5,32.2,4.96,1.99,4.97,0.16,0.0,0.0,1027.0,8228.0,0.0,0.0,0.0,0.0,0.0,1.0,0.0,0.0,0.0,0.0,0.0,0.1,0.0,-0.6000000000000001,0.0,0.0003,16.0,25903.0
2026-07-30T18:59:03.040Z,112.523,112.536,0.0,7.4,0.0,0.0,0.0,0.0,0.0,0.0,0.0,0.0,1.0,0.0,0.0,0.0,9.0,4.0,0.0,0.0,0.0,0.0,0.0,0.0,0.0,0.0,4.0,12.0,1.0,12.13,5.0200000000000005,2.5,1.5,0.0,0.0,0.0,2.0,0.0,1.5,0.5,2.3000000000000003,-20.700000000000003,0.0,-2.0,23.0,0.0,21.700000000000003,31.700000000000003,31.700000000000003,32.5,300.0,300.0,30.700000000000003,34.7,31.0,30.5,32.2,4.96,2.0,4.97,0.16,0.0,0.0,1027.0,8228.0,0.0,0.0,0.0,0.0,0.0,1.0,0.0,0.0,0.0,0.0,0.0,-0.9,0.0,2.9000000000000004,0.0,0.0001,16.0,25903.0
2026-07-30T18:59:03.052Z,112.535,112.548,0.0,7.4,0.0,0.0,0.0,0.0,0.0,0.0,0.0,0.0,1.0,0.0,0.0,0.0,9.0,4.0,0.0,0.0,0.0,0.0,0.0,0.0,0.0,0.0,5.0,12.0,1.0,12.13,5.0200000000000005,2.5,1.5,0.0,0.0,0.0,2.0,0.0,0.3,0.5,-0.6000000000000001,-20.9,0.0,-2.0,23.0,0.0,21.700000000000003,31.700000000000003,31.700000000000003,32.5,300.0,300.0,30.700000000000003,34.7,31.0,30.5,32.2,4.95,1.99,4.97,0.16,0.0,0.0,1027.0,8228.0,0.0,0.0,0.0,0.0,0.0,1.0,0.0,0.0,0.0,0.0,0.0,-0.5,0.0,-0.4,0.0,0.0,16.0,25903.0
2026-07-30T18:59:03.064Z,112.547,112.56,0.0,7.4,0.0,0.0,0.0,0.0,0.0,0.0,0.0,0.0,1.0,0.0,0.0,0.0,9.0,4.0,0.0,0.0,0.0,0.0,0.0,0.0,0.0,0.0,6.0,12.0,1.0,12.13,5.0200000000000005,2.5,1.5,0.0,0.1,0.0,2.0,0.0,0.4,-0.5,0.0,-21.0,0.0,-2.0,22.9,0.0,21.700000000000003,31.700000000000003,31.700000000000003,32.5,300.0,300.0,30.700000000000003,34.7,31.0,30.5,32.2,4.96,1.99,4.97,0.16,0.0,0.0,1027.0,8228.0,0.0,0.0,0.0,0.0,0.0,1.0,0.0,0.0,0.0,0.0,0.0,0.5,0.0,-0.3,0.0,0.0,16.0,25903.0
2026-07-30T18:59:03.075Z,112.558,112.572,0.0,7.4,0.0,0.0,0.0,0.0,0.0,0.0,0.0,0.0,1.0,0.0,0.0,0.0,9.0,4.0,0.0,0.0,0.0,0.0,0.0,0.0,0.0,0.0,1.0,12.0,1.0,12.13,5.0200000000000005,2.5,1.5,0.0,0.0,0.0,2.0,0.0,0.4,-0.5,1.0,-21.200000000000003,0.0,-2.0,23.0,0.0,21.700000000000003,31.700000000000003,31.700000000000003,32.5,300.0,300.0,30.700000000000003,34.7,31.0,30.5,32.2,4.96,1.99,4.96,0.16,0.0,0.0,1027.0,8228.0,0.0,0.0,0.0,0.0,0.0,1.0,0.0,0.0,0.0,0.0,0.0,0.4,0.0,0.9,0.0,0.0001,16.0,25903.0
2026-07-30T18:59:03.088Z,112.571,112.584,0.0,7.4,0.0,0.0,0.0,0.0,0.0,0.0,0.0,0.0,1.0,0.0,0.0,0.0,9.0,4.0,0.0,0.0,0.0,0.0,0.0,0.0,0.0,0.0,2.0,12.0,1.0,12.13,5.0200000000000005,2.5,1.5,0.0,0.0,0.0,2.0,0.0,-0.7000000000000001,0.0,0.0,-21.3,0.0,-1.0,23.0,0.0,21.700000000000003,31.700000000000003,31.700000000000003,32.5,300.0,300.0,30.700000000000003,34.7,31.0,30.5,32.2,4.96,1.99,4.97,0.16,0.0,0.0,1027.0,8228.0,0.0,0.0,0.0,0.0,0.0,1.0,0.0,0.0,0.0,0.0,0.0,0.0,0.0,0.0,0.0,0.0001,16.0,25903.0
2026-07-30T18:59:03.100Z,112.583,112.596,0.0,7.4,0.0,0.0,0.0,0.0,0.0,0.0,0.0,0.0,1.0,0.0,0.0,0.0,9.0,4.0,0.0,0.0,0.0,0.0,0.0,0.0,0.0,0.0,3.0,12.0,1.0,12.13,5.0200000000000005,2.5,1.5,0.0,0.0,0.0,2.0,0.0,0.4,1.2000000000000002,1.7000000000000002,-21.4,0.0,-1.0,23.0,0.0,21.700000000000003,31.700000000000003,31.700000000000003,32.5,300.0,300.0,30.700000000000003,34.7,31.0,30.5,32.2,4.95,1.99,4.97,0.16,0.0,0.0,1027.0,8228.0,0.0,0.0,0.0,0.0,0.0,1.0,0.0,0.0,0.0,0.0,0.0,-1.5,0.0,2.5,0.0,0.0001,16.0,25903.0
2026-07-30T18:59:03.113Z,112.596,112.608,0.0,7.4,0.0,0.0,0.0,0.0,0.0,0.0,0.0,0.0,1.0,0.0,0.0,0.0,9.0,4.0,0.0,0.0,0.0,0.0,0.0,0.0,0.0,0.0,4.0,12.0,1.0,12.17,5.01,2.51,1.49,0.0,0.0,0.0,2.0,0.0,-0.1,-0.5,-0.5,-21.5,0.0,-1.0,23.0,0.0,21.700000000000003,31.700000000000003,31.700000000000003,32.5,300.0,300.0,30.9,34.6,31.0,30.5,32.2,4.96,1.99,4.97,0.16,0.0,0.0,1027.0,8228.0,0.0,0.0,0.0,0.0,0.0,1.0,0.0,0.0,0.0,0.0,0.0,0.6000000000000001,0.0,-0.9,0.0,0.0,16.0,25903.0
2026-07-30T18:59:03.124Z,112.607,112.62,0.0,7.4,0.0,0.0,0.0,0.0,0.0,0.0,0.0,0.0,1.0,0.0,0.0,0.0,9.0,4.0,0.0,0.0,0.0,0.0,0.0,0.0,0.0,0.0,5.0,12.0,1.0,12.17,5.01,2.51,1.49,0.0,0.0,0.0,2.0,0.0,-0.1,0.0,0.5,-21.700000000000003,0.0,-1.0,23.0,0.0,21.700000000000003,31.700000000000003,31.700000000000003,32.5,300.0,300.0,30.9,34.6,31.0,30.5,32.2,4.95,1.99,4.96,0.16,0.0,0.0,1027.0,8228.0,0.0,0.0,0.0,0.0,0.0,1.0,0.0,0.0,0.0,0.0,0.0,0.0,0.0,0.6000000000000001,0.0,0.0,16.0,25903.0
2026-07-30T18:59:03.136Z,112.619,112.632,0.0,7.4,0.0,0.0,0.0,0.0,0.0,0.0,0.0,0.0,1.0,0.0,0.0,0.0,9.0,4.0,0.0,0.0,0.0,0.0,0.0,0.0,0.0,0.0,6.0,12.0,1.0,12.17,5.01,2.51,1.49,0.0,0.0,0.0,1.9,0.0,-0.1,1.1,0.0,-21.700000000000003,0.0,-1.0,23.0,0.0,21.700000000000003,31.700000000000003,31.700000000000003,32.5,300.0,300.0,30.9,34.6,31.0,30.5,32.2,4.95,1.99,4.97,0.16,0.0,0.0,1027.0,8228.0,0.0,0.0,0.0,0.0,0.0,1.0,0.0,0.0,0.0,0.0,0.0,-1.2000000000000002,0.0,0.5,0.0,0.0,16.0,25903.0
2026-07-30T18:59:03.148Z,112.631,112.644,0.0,7.4,0.0,0.0,0.0,0.0,0.0,0.0,0.0,0.0,1.0,0.0,0.0,0.0,9.0,4.0,0.0,0.0,0.0,0.0,0.0,0.0,0.0,0.0,1.0,12.0,1.0,12.17,5.01,2.51,1.49,0.0,0.0,0.0,1.9,0.0,-0.1,0.5,-0.5,-21.8,0.0,-1.0,22.9,0.0,21.700000000000003,31.700000000000003,31.700000000000003,32.5,300.0,300.0,30.9,34.6,31.0,30.5,32.2,4.96,1.99,4.97,0.16,0.0,0.0,1027.0,8228.0,0.0,0.0,0.0,0.0,0.0,1.0,0.0,0.0,0.0,0.0,0.0,-0.5,0.0,-0.4,0.0,0.0,16.0,25903.0
2026-07-30T18:59:03.160Z,112.643,112.656,0.0,7.4,0.0,0.0,0.0,0.0,0.0,0.0,0.0,0.0,1.0,0.0,0.0,0.0,9.0,4.0,0.0,0.0,0.0,0.0,0.0,0.0,0.0,0.0,2.0,12.0,1.0,12.17,5.01,2.51,1.49,0.0,0.0,0.0,1.9,0.0,0.3,-0.6000000000000001,1.7000000000000002,-21.9,0.0,-1.0,23.0,0.0,21.700000000000003,31.700000000000003,31.700000000000003,32.5,300.0,300.0,30.9,34.6,31.0,30.5,32.2,4.96,1.99,4.96,0.16,0.0,0.0,1027.0,8228.0,0.0,0.0,0.0,0.0,0.0,1.0,0.0,0.0,0.0,0.0,0.0,0.4,0.0,1.6,0.0,0.0001,16.0,25903.0
2026-07-30T18:59:03.172Z,112.655,112.668,0.0,7.4,0.0,0.0,0.0,0.0,0.0,0.0,0.0,0.0,1.0,0.0,0.0,0.0,9.0,4.0,0.0,0.0,0.0,0.0,0.0,0.0,0.0,0.0,4.0,12.0,1.0,12.17,5.01,2.51,1.49,0.0,0.0,0.0,1.9,0.0,-0.2,-1.1,-1.8,-22.0,0.0,-1.0,23.0,0.0,21.700000000000003,31.700000000000003,31.700000000000003,32.5,300.0,300.0,30.9,34.6,31.0,30.5,32.2,4.95,1.99,4.97,0.16,0.0,0.0,1027.0,8228.0,0.0,0.0,0.0,0.0,0.0,1.0,0.0,0.0,0.0,0.0,0.0,1.5,0.0,-2.6,0.0,0.0,16.0,25903.0
2026-07-30T18:59:03.184Z,112.667,112.68,0.0,7.4,0.0,0.0,0.0,0.0,0.0,0.0,0.0,0.0,1.0,0.0,0.0,0.0,9.0,4.0,0.0,0.0,0.0,0.0,0.0,0.0,0.0,0.0,5.0,12.0,1.0,12.17,5.01,2.51,1.49,0.0,0.0,0.0,1.9,0.0,0.9,1.1,0.0,-22.1,0.0,-1.0,23.0,0.0,21.700000000000003,31.700000000000003,31.700000000000003,32.5,300.0,300.0,30.9,34.6,31.0,30.5,32.2,4.95,2.0,4.96,0.16,0.0,0.0,1027.0,8228.0,0.0,0.0,0.0,0.0,0.0,1.0,0.0,0.0,0.0,0.0,0.0,-1.2000000000000002,0.0,0.4,0.0,0.0001,16.0,25903.0
2026-07-30T18:59:03.199Z,112.682,112.692,0.0,7.4,0.0,0.0,0.0,0.0,0.0,0.0,0.0,0.0,1.0,0.0,0.0,0.0,9.0,4.0,0.0,0.0,0.0,0.0,0.0,0.0,0.0,0.0,6.0,12.0,1.0,12.17,5.01,2.51,1.49,0.0,0.0,0.0,1.9,0.0,-0.1,-0.5,0.0,-22.1,0.0,0.0,23.0,0.0,21.700000000000003,31.700000000000003,31.700000000000003,32.5,300.0,300.0,30.9,34.6,31.0,30.5,32.2,4.96,1.99,4.96,0.16,0.0,0.0,1027.0,8228.0,0.0,0.0,0.0,0.0,0.0,1.0,0.0,0.0,0.0,0.0,0.0,0.6000000000000001,0.0,-0.3,0.0,0.0,16.0,25903.0
2026-07-30T18:59:03.211Z,112.694,112.704,0.0,7.4,0.0,0.0,0.0,0.0,0.0,0.0,0.0,0.0,1.0,0.0,0.0,0.0,9.0,4.0,0.0,0.0,0.0,0.0,0.0,0.0,0.0,0.0,5.0,12.0,1.0,12.17,5.01,2.51,1.49,0.0,0.0,0.0,1.9,0.0,-0.2,-0.5,1.0,-22.200000000000003,0.0,0.0,23.0,0.0,21.700000000000003,31.700000000000003,31.700000000000003,32.5,300.0,300.0,30.9,34.6,31.0,30.5,32.2,4.95,1.99,4.96,0.16,0.0,0.0,1027.0,8228.0,0.0,0.0,0.0,0.0,0.0,1.0,0.0,0.0,0.0,0.0,0.0,0.4,0.0,0.9,0.0,0.0,16.0,25903.0
2026-07-30T18:59:03.220Z,112.703,112.716,0.0,7.4,0.0,0.0,0.0,0.0,0.0,0.0,0.0,0.0,1.0,0.0,0.0,0.0,9.0,4.0,0.0,0.0,0.0,0.0,0.0,0.0,0.0,0.0,2.0,12.0,1.0,12.15,5.01,2.51,1.49,0.0,0.0,0.0,1.9,0.0,-0.2,1.1,1.0,-22.3,0.0,0.0,23.0,0.0,21.3,31.700000000000003,31.700000000000003,32.5,300.0,300.0,30.700000000000003,34.6,31.0,30.5,32.2,4.96,1.99,4.97,0.16,0.0,0.0,1027.0,8228.0,0.0,0.0,0.0,0.0,0.0,1.0,0.0,0.0,0.0,0.0,0.0,-1.3,0.0,1.7000000000000002,0.0,0.0,16.0,25903.0
2026-07-30T18:59:03.232Z,112.715,112.728,0.0,7.4,0.0,0.0,0.0,0.0,0.0,0.0,0.0,0.0,1.0,0.0,0.0,0.0,9.0,4.0,0.0,0.0,0.0,0.0,0.0,0.0,0.0,0.0,3.0,12.0,1.0,12.15,5.01,2.51,1.49,0.0,0.1,0.0,1.8,0.0,-0.2,0.5,-0.7000000000000001,-22.3,0.0,0.0,23.0,0.0,21.3,31.700000000000003,31.700000000000003,32.5,300.0,300.0,30.700000000000003,34.6,31.0,30.5,32.2,4.96,1.99,4.96,0.16,0.0,0.0,1027.0,8228.0,0.0,0.0,0.0,0.0,0.0,1.0,0.0,0.0,0.0,0.0,0.0,-0.5,0.0,-0.5,0.0,0.0,16.0,25903.0
2026-07-30T18:59:03.244Z,112.727,112.74,0.0,7.4,0.0,0.0,0.0,0.0,0.0,0.0,0.0,0.0,1.0,0.0,0.0,0.0,9.0,4.0,0.0,0.0,0.0,0.0,0.0,0.0,0.0,0.0,5.0,12.0,1.0,12.15,5.01,2.51,1.49,0.0,0.0,0.0,1.8,0.0,0.9,0.6000000000000001,-0.1,-22.3,0.0,0.0,22.9,0.0,21.3,31.700000000000003,31.700000000000003,32.5,300.0,300.0,30.700000000000003,34.6,31.0,30.5,32.2,4.96,1.99,4.96,0.16,0.0,0.0,1027.0,8228.0,0.0,0.0,0.0,0.0,0.0,1.0,0.0,0.0,0.0,0.0,0.0,-0.6000000000000001,0.0,0.1,0.0,0.0001,16.0,25903.0
2026-07-30T18:59:03.256Z,112.739,112.752,0.0,7.4,0.0,0.0,0.0,0.0,0.0,0.0,0.0,0.0,1.0,0.0,0.0,0.0,9.0,4.0,0.0,0.0,0.0,0.0,0.0,0.0,0.0,0.0,6.0,12.0,1.0,12.15,5.01,2.51,1.49,0.0,0.0,0.0,1.8,0.0,-0.2,0.0,-0.7000000000000001,-22.4,0.0,0.0,22.9,0.0,21.3,31.700000000000003,31.700000000000003,32.5,300.0,300.0,30.700000000000003,34.6,31.0,30.5,32.2,4.95,1.99,4.97,0.16,0.0,0.0,1027.0,8228.0,0.0,0.0,0.0,0.0,0.0,1.0,0.0,0.0,0.0,0.0,0.0,0.0,0.0,-0.8,0.0,0.0002,16.0,25903.0
2026-07-30T18:59:03.268Z,112.751,112.764,0.0,7.4,0.0,0.0,0.0,0.0,0.0,0.0,0.0,0.0,1.0,0.0,0.0,0.0,9.0,4.0,0.0,0.0,0.0,0.0,0.0,0.0,0.0,0.0,1.0,12.0,1.0,12.15,5.01,2.51,1.49,0.0,0.0,0.0,1.8,0.0,0.9,0.5,1.5,-22.4,0.0,0.0,23.0,0.0,21.3,31.700000000000003,31.700000000000003,32.5,300.0,300.0,30.700000000000003,34.6,31.0,30.5,32.2,4.96,2.0,4.97,0.16,0.0,0.0,1027.0,8228.0,0.0,0.0,0.0,0.0,0.0,1.0,0.0,0.0,0.0,0.0,0.0,-0.8,0.0,2.0,0.0,0.0,16.0,25903.0
2026-07-30T18:59:03.280Z,112.763,112.776,0.0,7.4,0.0,0.0,0.0,0.0,0.0,0.0,0.0,0.0,1.0,0.0,0.0,0.0,9.0,4.0,0.0,0.0,0.0,0.0,0.0,0.0,0.0,0.0,3.0,12.0,1.0,12.15,5.01,2.51,1.49,0.0,0.1,0.0,1.8,0.0,-0.2,0.0,-0.1,-22.5,0.0,0.0,23.0,0.0,21.3,31.700000000000003,31.700000000000003,32.5,300.0,300.0,30.700000000000003,34.6,31.0,30.5,32.2,4.96,1.99,4.96,0.16,0.0,0.0,1027.0,8228.0,0.0,0.0,0.0,0.0,0.0,1.0,0.0,0.0,0.0,0.0,0.0,0.0,0.0,-0.2,0.0,0.0002,16.0,25903.0
2026-07-30T18:59:03.292Z,112.775,112.788,0.0,7.4,0.0,0.0,0.0,0.0,0.0,0.0,0.0,0.0,1.0,0.0,0.0,0.0,9.0,4.0,0.0,0.0,0.0,0.0,0.0,0.0,0.0,0.0,4.0,12.0,1.0,12.15,5.01,2.51,1.49,0.0,0.0,0.0,1.8,0.0,0.3,1.7000000000000002,0.9,-22.5,0.0,0.0,23.0,0.0,21.3,31.700000000000003,31.700000000000003,32.5,300.0,300.0,30.700000000000003,34.6,31.0,30.5,32.2,4.96,1.99,4.96,0.16,0.0,0.0,1027.0,8228.0,0.0,0.0,0.0,0.0,0.0,1.0,0.0,0.0,0.0,0.0,0.0,-1.9,0.0,1.9,0.0,0.0,16.0,25903.0
2026-07-30T18:59:03.304Z,112.787,112.8,0.0,7.4,0.0,0.0,0.0,0.0,0.0,0.0,0.0,0.0,1.0,0.0,0.0,0.0,9.0,4.0,0.0,0.0,0.0,0.0,0.0,0.0,0.0,0.0,5.0,12.0,1.0,12.15,5.01,2.51,1.49,0.0,0.0,0.0,1.8,0.0,0.3,0.0,0.9,-22.5,0.0,0.0,23.0,0.0,21.3,31.700000000000003,31.700000000000003,32.5,300.0,300.0,30.700000000000003,34.6,31.0,30.5,32.2,4.95,1.99,4.97,0.16,0.0,0.0,1027.0,8228.0,0.0,0.0,0.0,0.0,0.0,1.0,0.0,0.0,0.0,0.0,0.0,0.7000000000000001,0.0,-1.1,0.0,0.0,16.0,25903.0
2026-07-30T18:59:03.317Z,112.8,112.812,0.0,7.4,0.0,0.0,0.0,0.0,0.0,0.0,0.0,0.0,1.0,0.0,0.0,0.0,9.0,4.0,0.0,0.0,0.0,0.0,0.0,0.0,0.0,0.0,6.0,12.0,1.0,12.17,5.01,2.51,1.49,0.0,0.0,0.0,1.8,0.0,-0.2,-0.6000000000000001,0.4,-22.6,0.0,0.0,23.0,0.0,21.700000000000003,31.700000000000003,31.700000000000003,32.5,300.0,300.0,30.700000000000003,34.6,31.0,30.5,32.1,4.96,1.99,4.96,0.16,0.0,0.0,1027.0,8228.0,0.0,0.0,0.0,0.0,0.0,1.0,0.0,0.0,0.0,0.0,0.0,0.5,0.0,0.2,0.0,0.0,16.0,25903.0
2026-07-30T18:59:03.329Z,112.812,112.824,0.0,7.4,0.0,0.0,0.0,0.0,0.0,0.0,0.0,0.0,1.0,0.0,0.0,0.0,9.0,4.0,0.0,0.0,0.0,0.0,0.0,0.0,0.0,0.0,1.0,12.0,1.0,12.17,5.01,2.51,1.49,0.0,0.0,0.0,1.8,0.0,0.9,1.1,0.4,-22.6,0.0,0.0,23.0,0.0,21.700000000000003,31.700000000000003,31.700000000000003,32.5,300.0,300.0,30.700000000000003,34.6,31.0,30.5,32.1,4.96,2.0,4.97,0.16,0.0,0.0,1027.0,8228.0,0.0,0.0,0.0,0.0,0.0,1.0,0.0,0.0,0.0,0.0,0.0,0.5,0.0,0.2,0.0,0.0,16.0,25903.0
2026-07-30T18:59:03.340Z,112.823,112.836,0.0,7.4,0.0,0.0,0.0,0.0,0.0,0.0,0.0,0.0,1.0,0.0,0.0,0.0,9.0,4.0,0.0,0.0,0.0,0.0,0.0,0.0,0.0,0.0,2.0,12.0,1.0,12.17,5.01,2.51,1.49,0.0,0.0,0.0,1.8,0.0,-0.7000000000000001,0.5,-0.7000000000000001,-22.6,0.0,0.0,23.0,0.0,21.700000000000003,31.700000000000003,31.700000000000003,32.5,300.0,300.0,30.700000000000003,34.6,31.0,30.5,32.1,4.95,1.99,4.97,0.16,0.0,0.0,1027.0,8228.0,0.0,0.0,0.0,0.0,0.0,1.0,0.0,0.0,0.0,0.0,0.0,-0.5,0.0,-0.5,0.0,0.0,16.0,25903.0
2026-07-30T18:59:03.353Z,112.836,112.848,0.0,7.4,0.0,0.0,0.0,0.0,0.0,0.0,0.0,0.0,1.0,0.0,0.0,0.0,9.0,4.0,0.0,0.0,0.0,0.0,0.0,0.0,0.0,0.0,3.0,12.0,1.0,12.17,5.01,2.51,1.49,0.0,0.0,0.0,1.8,0.0,-0.2,0.0,1.0,-22.6,0.0,0.0,23.0,0.0,21.700000000000003,31.700000000000003,31.700000000000003,32.5,300.0,300.0,30.700000000000003,34.6,31.0,30.5,32.1,4.96,1.99,4.96,0.16,0.0,0.0,1027.0,8228.0,0.0,0.0,0.0,0.0,0.0,1.0,0.0,0.0,0.0,0.0,0.0,-0.1,0.0,1.1,0.0,0.0001,16.0,25903.0
2026-07-30T18:59:03.365Z,112.848,112.86,0.0,7.4,0.0,0.0,0.0,0.0,0.0,0.0,0.0,0.0,1.0,0.0,0.0,0.0,9.0,4.0,0.0,0.0,0.0,0.0,0.0,0.0,0.0,0.0,4.0,12.0,1.0,12.17,5.01,2.51,1.49,0.0,0.1,0.0,1.8,0.0,-0.2,-0.6000000000000001,-0.1,-22.700000000000003,0.0,0.0,22.9,0.0,21.700000000000003,31.700000000000003,31.700000000000003,32.5,300.0,300.0,30.700000000000003,34.6,31.0,30.5,32.1,4.96,1.99,4.96,0.16,0.0,0.0,1027.0,8228.0,0.0,0.0,0.0,0.0,0.0,1.0,0.0,0.0,0.0,0.0,0.0,0.6000000000000001,0.0,-0.4,0.0,0.0,16.0,25903.0
2026-07-30T18:59:03.376Z,112.859,112.872,0.0,7.4,0.0,0.0,0.0,0.0,0.0,0.0,0.0,0.0,1.0,0.0,0.0,0.0,9.0,4.0,0.0,0.0,0.0,0.0,0.0,0.0,0.0,0.0,5.0,12.0,1.0,12.17,5.01,2.51,1.49,0.0,0.0,0.0,1.8,0.0,0.3,0.0,0.3,-22.700000000000003,0.0,0.0,23.0,0.0,21.700000000000003,31.700000000000003,31.700000000000003,32.5,300.0,300.0,30.700000000000003,34.6,31.0,30.5,32.1,4.96,1.99,4.97,0.16,0.0,0.0,1027.0,8228.0,0.0,0.0,0.0,0.0,0.0,1.0,0.0,0.0,0.0,0.0,0.0,0.0,0.0,0.3,0.0,0.0001,16.0,25903.0
2026-07-30T18:59:03.388Z,112.871,112.884,0.0,7.4,0.0,0.0,0.0,0.0,0.0,0.0,0.0,0.0,1.0,0.0,0.0,0.0,9.0,4.0,0.0,0.0,0.0,0.0,0.0,0.0,0.0,0.0,1.0,12.0,1.0,12.17,5.01,2.51,1.49,0.0,0.0,0.0,1.8,0.0,0.8,0.0,-0.2,-22.700000000000003,0.0,0.0,23.0,0.0,21.700000000000003,31.700000000000003,31.700000000000003,32.5,300.0,300.0,30.700000000000003,34.6,31.0,30.5,32.1,4.95,1.99,4.97,0.16,0.0,0.0,1027.0,8228.0,0.0,0.0,0.0,0.0,0.0,1.0,0.0,0.0,0.0,0.0,0.0,0.0,0.0,-0.2,0.0,0.0001,16.0,25903.0
2026-07-30T18:59:03.400Z,112.883,112.896,0.0,7.4,0.0,0.0,0.0,0.0,0.0,0.0,0.0,0.0,1.0,0.0,0.0,0.0,9.0,4.0,0.0,0.0,0.0,0.0,0.0,0.0,0.0,0.0,2.0,12.0,1.0,12.17,5.01,2.51,1.49,0.0,0.0,0.0,1.8,0.0,-0.2,0.5,-0.7000000000000001,-22.700000000000003,0.0,0.0,23.0,0.0,21.700000000000003,31.700000000000003,31.700000000000003,32.5,300.0,300.0,30.700000000000003,34.6,31.0,30.5,32.1,4.96,1.99,4.96,0.16,0.0,0.0,1027.0,8228.0,0.0,0.0,0.0,0.0,0.0,1.0,0.0,0.0,0.0,0.0,0.0,-0.4,0.0,-0.6000000000000001,0.0,0.0,16.0,25903.0
2026-07-30T18:59:03.412Z,112.895,112.908,0.0,7.4,0.0,0.0,0.0,0.0,0.0,0.0,0.0,0.0,1.0,0.0,0.0,0.0,9.0,4.0,0.0,0.0,0.0,0.0,0.0,0.0,0.0,0.0,3.0,12.0,1.0,12.17,5.01,2.51,1.49,0.0,0.0,0.0,1.7000000000000002,0.0,-0.2,-1.2000000000000002,0.4,-22.700000000000003,0.0,0.0,23.0,0.0,21.700000000000003,31.700000000000003,31.700000000000003,32.5,300.0,300.0,30.700000000000003,34.6,31.0,30.5,32.1,4.95,1.99,4.97,0.16,0.0,0.0,1027.0,8228.0,0.0,0.0,0.0,0.0,0.0,1.0,0.0,0.0,0.0,0.0,0.0,1.2000000000000002,0.0,0.0,0.0,0.0,16.0,25903.0
2026-07-30T18:59:03.424Z,112.907,112.92,0.0,7.4,0.0,0.0,0.0,0.0,0.0,0.0,0.0,0.0,1.0,0.0,0.0,0.0,9.0,4.0,0.0,0.0,0.0,0.0,0.0,0.0,0.0,0.0,4.0,12.0,1.0,12.18,5.01,2.5,1.49,0.0,0.0,0.0,1.7000000000000002,0.0,-0.3,-0.6000000000000001,-0.1,-22.8,0.0,0.0,23.0,0.0,21.700000000000003,31.700000000000003,31.700000000000003,32.5,300.0,300.0,30.700000000000003,34.5,31.0,30.5,32.1,4.95,1.99,4.96,0.16,0.0,0.0,1027.0,8228.0,0.0,0.0,0.0,0.0,0.0,1.0,0.0,0.0,0.0,0.0,0.0,0.7000000000000001,0.0,-0.4,0.0,0.0,16.0,25903.0
2026-07-30T18:59:03.436Z,112.919,112.932,0.0,7.4,0.0,0.0,0.0,0.0,0.0,0.0,0.0,0.0,1.0,0.0,0.0,0.0,9.0,4.0,0.0,0.0,0.0,0.0,0.0,0.0,0.0,0.0,5.0,12.0,1.0,12.18,5.01,2.5,1.49,0.0,0.0,0.0,1.8,0.0,-0.3,0.0,-0.7000000000000001,-22.8,0.0,0.0,22.9,0.0,21.700000000000003,31.700000000000003,31.700000000000003,32.5,300.0,300.0,30.700000000000003,34.5,31.0,30.5,32.1,4.96,2.0,4.96,0.16,0.0,0.0,1027.0,8228.0,0.0,0.0,0.0,0.0,0.0,1.0,0.0,0.0,0.0,0.0,0.0,0.1,0.0,-0.8,0.0,0.0,16.0,25903.0
2026-07-30T18:59:03.448Z,112.931,112.944,0.0,7.4,0.0,0.0,0.0,0.0,0.0,0.0,0.0,0.0,1.0,0.0,0.0,0.0,9.0,4.0,0.0,0.0,0.0,0.0,0.0,0.0,0.0,0.0,6.0,12.0,1.0,12.18,5.01,2.5,1.49,0.0,0.0,0.0,1.8,0.0,-0.3,0.0,0.4,-22.8,0.0,0.0,23.0,0.0,21.700000000000003,31.700000000000003,31.700000000000003,32.5,300.0,300.0,30.700000000000003,34.5,31.0,30.5,32.1,4.95,2.0,4.97,0.16,0.0,0.0,1027.0,8228.0,0.0,0.0,0.0,0.0,0.0,1.0,0.0,0.0,0.0,0.0,0.0,0.0,0.0,0.5,0.0,0.0002,16.0,25903.0
2026-07-30T18:59:03.460Z,112.943,112.956,0.0,7.4,0.0,0.0,0.0,0.0,0.0,0.0,0.0,0.0,1.0,0.0,0.0,0.0,9.0,4.0,0.0,0.0,0.0,0.0,0.0,0.0,0.0,0.0,1.0,12.0,1.0,12.18,5.01,2.5,1.49,0.0,0.0,0.0,1.7000000000000002,0.0,1.4,-0.1,0.4,-22.8,0.0,0.0,23.0,0.0,21.700000000000003,31.700000000000003,31.700000000000003,32.5,300.0,300.0,30.700000000000003,34.5,31.0,30.5,32.1,4.95,1.98,4.96,0.16,0.0,0.0,1027.0,8228.0,0.0,0.0,0.0,0.0,0.0,1.0,0.0,0.0,0.0,0.0,0.0,0.0,0.0,0.5,0.0,0.0,16.0,25903.0
2026-07-30T18:59:03.472Z,112.955,112.968,0.0,7.4,0.0,0.0,0.0,0.0,0.0,0.0,0.0,0.0,1.0,0.0,0.0,0.0,9.0,4.0,0.0,0.0,0.0,0.0,0.0,0.0,0.0,0.0,2.0,12.0,1.0,12.18,5.01,2.5,1.49,0.0,0.0,0.0,1.7000000000000002,0.0,-0.3,1.0,0.4,-22.8,0.0,0.0,23.0,0.0,21.700000000000003,31.700000000000003,31.700000000000003,32.5,300.0,300.0,30.700000000000003,34.5,31.0,30.5,32.1,4.95,1.99,4.96,0.16,0.0,0.0,1027.0,8228.0,0.0,0.0,0.0,0.0,0.0,1.0,0.0,0.0,0.0,0.0,0.0,-1.2000000000000002,0.0,1.0,0.0,0.0001,16.0,25903.0
2026-07-30T18:59:03.484Z,112.967,112.98,0.0,7.4,0.0,0.0,0.0,0.0,0.0,0.0,0.0,0.0,1.0,0.0,0.0,0.0,9.0,4.0,0.0,0.0,0.0,0.0,0.0,0.0,0.0,0.0,3.0,12.0,1.0,12.18,5.01,2.5,1.49,0.0,0.0,0.0,1.7000000000000002,0.0,-0.9,0.5,-1.2000000000000002,-22.8,0.0,0.0,23.0,0.0,21.700000000000003,31.700000000000003,31.700000000000003,32.5,300.0,300.0,30.700000000000003,34.5,31.0,30.5,32.1,4.95,1.99,4.96,0.16,0.0,0.0,1027.0,8228.0,0.0,0.0,0.0,0.0,0.0,1.0,0.0,0.0,0.0,0.0,0.0,-0.3,0.0,-1.2000000000000002,0.0,0.0001,16.0,25903.0
2026-07-30T18:59:03.496Z,112.979,112.992,0.0,7.4,0.0,0.0,0.0,0.0,0.0,0.0,0.0,0.0,1.0,0.0,0.0,0.0,9.0,4.0,0.0,0.0,0.0,0.0,0.0,0.0,0.0,0.0,4.0,12.0,1.0,12.18,5.01,2.5,1.49,0.0,0.0,0.0,1.7000000000000002,0.0,0.8,0.0,0.4,-22.8,0.0,0.0,23.0,0.0,21.700000000000003,31.700000000000003,31.700000000000003,32.5,300.0,300.0,30.700000000000003,34.5,31.0,30.5,32.1,4.95,1.99,4.97,0.16,0.0,0.0,1027.0,8228.0,0.0,0.0,0.0,0.0,0.0,1.0,0.0,0.0,0.0,0.0,0.0,0.0,0.0,0.5,0.0,0.0,16.0,25903.0
2026-07-30T18:59:03.508Z,112.991,113.004,0.0,7.4,0.0,0.0,0.0,0.0,0.0,0.0,0.0,0.0,1.0,0.0,0.0,0.0,9.0,4.0,0.0,0.0,0.0,0.0,0.0,0.0,0.0,0.0,6.0,12.0,1.0,12.18,5.01,2.5,1.49,0.0,0.0,0.0,1.7000000000000002,0.0,-0.3,0.5,1.1,-22.8,0.0,0.0,23.0,0.0,21.700000000000003,31.700000000000003,31.700000000000003,32.5,300.0,300.0,30.700000000000003,34.5,31.0,30.5,32.1,4.95,1.99,4.96,0.16,0.0,0.0,1027.0,8228.0,0.0,0.0,0.0,0.0,0.0,1.0,0.0,0.0,0.0,0.0,0.0,-0.7000000000000001,0.0,1.5,0.0,0.0,16.0,25903.0
2026-07-30T18:59:03.525Z,113.008,113.016,0.0,7.4,0.0,0.0,0.0,0.0,0.0,0.0,0.0,0.0,1.0,0.0,0.0,0.0,9.0,4.0,0.0,0.0,0.0,0.0,0.0,0.0,0.0,0.0,6.0,12.0,1.0,12.15,5.0200000000000005,2.51,1.49,0.0,0.0,0.0,1.6,0.0,-0.2,0.0,0.0,-22.9,0.0,0.0,23.0,0.0,21.8,31.700000000000003,31.700000000000003,32.4,300.0,300.0,30.700000000000003,34.6,31.0,30.5,32.1,4.95,2.0,4.97,0.16,0.0,0.0,1027.0,8228.0,0.0,0.0,0.0,0.0,0.0,1.0,0.0,0.0,0.0,0.0,0.0,0.0,0.0,0.0,0.0,0.0,16.0,25903.0
2026-07-30T18:59:03.532Z,113.015,113.028,0.0,7.4,0.0,0.0,0.0,0.0,0.0,0.0,0.0,0.0,1.0,0.0,0.0,0.0,9.0,4.0,0.0,0.0,0.0,0.0,0.0,0.0,0.0,0.0,4.0,12.0,1.0,12.15,5.0200000000000005,2.51,1.49,0.0,0.0,0.0,1.6,0.0,-0.3,0.5,0.0,-22.9,0.0,0.0,23.0,0.0,21.8,31.700000000000003,31.700000000000003,32.4,300.0,300.0,30.700000000000003,34.6,31.0,30.5,32.1,4.95,1.99,4.97,0.16,0.0,0.0,1027.0,8228.0,0.0,0.0,0.0,0.0,0.0,1.0,0.0,0.0,0.0,0.0,0.0,-0.6000000000000001,0.0,0.1,0.0,0.0,16.0,25903.0
2026-07-30T18:59:03.544Z,113.027,113.04,0.0,7.4,0.0,0.0,0.0,0.0,0.0,0.0,0.0,0.0,1.0,0.0,0.0,0.0,9.0,4.0,0.0,0.0,0.0,0.0,0.0,0.0,0.0,0.0,6.0,12.0,1.0,12.15,5.0200000000000005,2.51,1.49,0.0,0.0,0.0,1.6,0.0,-0.3,-0.5,-0.7000000000000001,-22.9,0.0,0.0,22.9,0.0,21.8,31.700000000000003,31.700000000000003,32.4,300.0,300.0,30.700000000000003,34.6,31.0,30.5,32.1,4.95,1.99,4.97,0.16,0.0,0.0,1027.0,8228.0,0.0,0.0,0.0,0.0,0.0,1.0,0.0,0.0,0.0,0.0,0.0,0.6000000000000001,0.0,-1.0,0.0,0.0001,16.0,25903.0
2026-07-30T18:59:03.556Z,113.039,113.052,0.0,7.4,0.0,0.0,0.0,0.0,0.0,0.0,0.0,0.0,1.0,0.0,0.0,0.0,9.0,4.0,0.0,0.0,0.0,0.0,0.0,0.0,0.0,0.0,6.0,12.0,1.0,12.15,5.0200000000000005,2.51,1.49,0.0,0.0,0.0,1.6,0.0,-0.9,-1.1,-1.3,-22.9,0.0,0.0,23.0,0.0,21.8,31.700000000000003,31.700000000000003,32.4,300.0,300.0,30.700000000000003,34.6,31.0,30.5,32.1,4.96,1.99,4.96,0.16,0.0,0.0,1027.0,8228.0,0.0,0.0,0.0,0.0,0.0,1.0,0.0,0.0,0.0,0.0,0.0,1.3,0.0,-2.0,0.0,0.0001,16.0,25903.0
2026-07-30T18:59:03.568Z,113.051,113.064,0.0,7.4,0.0,0.0,0.0,0.0,0.0,0.0,0.0,0.0,1.0,0.0,0.0,0.0,9.0,4.0,0.0,0.0,0.0,0.0,0.0,0.0,0.0,0.0,2.0,12.0,1.0,12.15,5.0200000000000005,2.51,1.49,0.0,0.0,0.0,1.6,0.0,0.2,0.0,-0.1,-22.9,0.0,0.0,22.9,0.0,21.8,31.700000000000003,31.700000000000003,32.4,300.0,300.0,30.700000000000003,34.6,31.0,30.5,32.1,4.96,1.99,4.97,0.16,0.0,0.0,1027.0,8228.0,0.0,0.0,0.0,0.0,0.0,1.0,0.0,0.0,0.0,0.0,0.0,0.0,0.0,-0.1,0.0,0.0001,16.0,25903.0
2026-07-30T18:59:03.580Z,113.063,113.076,0.0,7.4,0.0,0.0,0.0,0.0,0.0,0.0,0.0,0.0,1.0,0.0,0.0,0.0,9.0,4.0,0.0,0.0,0.0,0.0,0.0,0.0,0.0,0.0,2.0,12.0,1.0,12.15,5.0200000000000005,2.51,1.49,0.0,0.0,0.0,1.6,0.0,0.2,0.6000000000000001,-0.7000000000000001,-22.9,0.0,0.0,23.0,0.0,21.8,31.700000000000003,31.700000000000003,32.4,300.0,300.0,30.700000000000003,34.6,31.0,30.5,32.1,4.95,1.99,4.97,0.16,0.0,0.0,1027.0,8228.0,0.0,0.0,0.0,0.0,0.0,1.0,0.0,0.0,0.0,0.0,0.0,-0.5,0.0,-0.5,0.0,0.0001,16.0,25903.0
2026-07-30T18:59:03.592Z,113.075,113.088,0.0,7.4,0.0,0.0,0.0,0.0,0.0,0.0,0.0,0.0,1.0,0.0,0.0,0.0,9.0,4.0,0.0,0.0,0.0,0.0,0.0,0.0,0.0,0.0,4.0,12.0,1.0,12.15,5.0200000000000005,2.51,1.49,0.0,0.0,0.0,1.6,0.0,-0.3,1.2000000000000002,1.0,-22.9,0.0,0.0,23.0,0.0,21.8,31.700000000000003,31.700000000000003,32.4,300.0,300.0,30.700000000000003,34.6,31.0,30.5,32.1,4.96,1.99,4.96,0.16,0.0,0.0,1027.0,8228.0,0.0,0.0,0.0,0.0,0.0,1.0,0.0,0.0,0.0,0.0,0.0,-1.4,0.0,1.7000000000000002,0.0,0.0001,16.0,25903.0
2026-07-30T18:59:03.604Z,113.087,113.1,0.0,7.4,0.0,0.0,0.0,0.0,0.0,0.0,0.0,0.0,1.0,0.0,0.0,0.0,9.0,4.0,0.0,0.0,0.0,0.0,0.0,0.0,0.0,0.0,5.0,12.0,1.0,12.15,5.0200000000000005,2.51,1.49,0.0,0.0,0.0,1.6,0.0,-0.3,0.6000000000000001,-0.7000000000000001,-22.9,0.0,0.0,23.0,0.0,21.8,31.700000000000003,31.700000000000003,32.4,300.0,300.0,30.700000000000003,34.6,31.0,30.5,32.1,4.95,2.0,4.97,0.16,0.0,0.0,1027.0,8228.0,0.0,0.0,0.0,0.0,0.0,1.0,0.0,0.0,0.0,0.0,0.0,-0.5,0.0,-0.6000000000000001,0.0,0.0,16.0,25903.0
2026-07-30T18:59:03.616Z,113.099,113.112,0.0,7.4,0.0,0.0,0.0,0.0,0.0,0.0,0.0,0.0,1.0,0.0,0.0,0.0,9.0,4.0,0.0,0.0,0.0,0.0,0.0,0.0,0.0,0.0,6.0,12.0,1.0,12.15,5.0200000000000005,2.51,1.49,0.0,0.0,0.0,1.6,0.0,0.8,0.6000000000000001,0.4,-22.9,0.0,0.0,23.0,0.0,21.8,31.700000000000003,31.700000000000003,32.4,300.0,300.0,30.700000000000003,34.6,31.0,30.5,32.1,4.95,1.99,4.97,0.16,0.0,0.0,1027.0,8228.0,0.0,0.0,0.0,0.0,0.0,1.0,0.0,0.0,0.0,0.0,0.0,-0.8,0.0,0.8,0.0,0.0,16.0,25903.0
2026-07-30T18:59:03.628Z,113.111,113.124,0.0,7.4,0.0,0.0,0.0,0.0,0.0,0.0,0.0,0.0,1.0,0.0,0.0,0.0,9.0,4.0,0.0,0.0,0.0,0.0,0.0,0.0,0.0,0.0,1.0,12.0,1.0,12.14,5.0200000000000005,2.51,1.49,0.0,0.0,0.0,1.6,0.0,-0.2,1.2000000000000002,-0.1,-22.9,0.0,0.0,22.9,0.0,21.3,31.700000000000003,31.700000000000003,32.4,300.0,300.0,30.700000000000003,34.6,30.9,30.5,32.1,4.95,2.0,4.97,0.16,0.0,0.0,1027.0,8228.0,0.0,0.0,0.0,0.0,0.0,1.0,0.0,0.0,0.0,0.0,0.0,-1.3,0.0,0.4,0.0,0.0,16.0,25903.0
2026-07-30T18:59:03.640Z,113.123,113.136,0.0,7.4,0.0,0.0,0.0,0.0,0.0,0.0,0.0,0.0,1.0,0.0,0.0,0.0,9.0,4.0,0.0,0.0,0.0,0.0,0.0,0.0,0.0,0.0,2.0,12.0,1.0,12.14,5.0200000000000005,2.51,1.49,0.0,0.1,0.0,1.6,0.0,-0.8,-1.0,-0.1,-22.9,0.0,0.0,22.9,0.0,21.3,31.700000000000003,31.700000000000003,32.4,300.0,300.0,30.700000000000003,34.6,30.9,30.5,32.1,4.96,2.0,4.96,0.16,0.0,0.0,1027.0,8228.0,0.0,0.0,0.0,0.0,0.0,1.0,0.0,0.0,0.0,0.0,0.0,1.1,0.0,-0.6000000000000001,0.0,0.0001,16.0,25903.0
2026-07-30T18:59:03.652Z,113.135,113.148,0.0,7.4,0.0,0.0,0.0,0.0,0.0,0.0,0.0,0.0,1.0,0.0,0.0,0.0,9.0,4.0,0.0,0.0,0.0,0.0,0.0,0.0,0.0,0.0,4.0,12.0,1.0,12.14,5.0200000000000005,2.51,1.49,0.0,0.0,0.0,1.6,0.0,-0.8,-1.0,0.4,-22.9,0.0,0.0,22.9,0.0,21.3,31.700000000000003,31.700000000000003,32.4,300.0,300.0,30.700000000000003,34.6,30.9,30.5,32.1,4.95,1.99,4.97,0.16,0.0,0.0,1027.0,8228.0,0.0,0.0,0.0,0.0,0.0,1.0,0.0,0.0,0.0,0.0,0.0,1.1,0.0,0.0,0.0,0.0,16.0,25903.0
2026-07-30T18:59:03.664Z,113.147,113.16,0.0,7.4,0.0,0.0,0.0,0.0,0.0,0.0,0.0,0.0,1.0,0.0,0.0,0.0,9.0,4.0,0.0,0.0,0.0,0.0,0.0,0.0,0.0,0.0,4.0,12.0,1.0,12.14,5.0200000000000005,2.51,1.49,0.0,0.0,0.0,1.6,0.0,0.9,0.6000000000000001,-0.1,-22.9,0.0,0.0,23.0,0.0,21.3,31.700000000000003,31.700000000000003,32.4,300.0,300.0,30.700000000000003,34.6,30.9,30.5,32.1,4.95,1.99,4.97,0.16,0.0,0.0,1027.0,8228.0,0.0,0.0,0.0,0.0,0.0,1.0,0.0,0.0,0.0,0.0,0.0,-0.6000000000000001,0.0,0.1,0.0,0.0001,16.0,25903.0
2026-07-30T18:59:03.676Z,113.159,113.172,0.0,7.4,0.0,0.0,0.0,0.0,0.0,0.0,0.0,0.0,1.0,0.0,0.0,0.0,9.0,4.0,0.0,0.0,0.0,0.0,0.0,0.0,0.0,0.0,6.0,12.0,1.0,12.14,5.0200000000000005,2.51,1.49,0.0,0.0,0.0,1.6,0.0,0.3,0.0,0.4,-22.9,0.0,0.0,23.0,0.0,21.3,31.700000000000003,31.700000000000003,32.4,300.0,300.0,30.700000000000003,34.6,30.9,30.5,32.1,4.96,2.0,4.97,0.16,0.0,0.0,1027.0,8228.0,0.0,0.0,0.0,0.0,0.0,1.0,0.0,0.0,0.0,0.0,0.0,-0.1,0.0,0.5,0.0,0.0001,16.0,25903.0
2026-07-30T18:59:03.688Z,113.171,113.184,0.0,7.4,0.0,0.0,0.0,0.0,0.0,0.0,0.0,0.0,1.0,0.0,0.0,0.0,9.0,4.0,0.0,0.0,0.0,0.0,0.0,0.0,0.0,0.0,1.0,12.0,1.0,12.14,5.0200000000000005,2.51,1.49,0.0,0.0,0.0,1.6,0.0,0.3,0.6000000000000001,0.4,-22.9,0.0,0.0,23.0,0.0,21.3,31.700000000000003,31.700000000000003,32.4,300.0,300.0,30.700000000000003,34.6,30.9,30.5,32.1,4.95,2.0,4.97,0.16,0.0,0.0,1027.0,8228.0,0.0,0.0,0.0,0.0,0.0,1.0,0.0,0.0,0.0,0.0,0.0,-0.7000000000000001,0.0,0.7000000000000001,0.0,0.0,16.0,25903.0
2026-07-30T18:59:03.700Z,113.183,113.196,0.0,7.4,0.0,0.0,0.0,0.0,0.0,0.0,0.0,0.0,1.0,0.0,0.0,0.0,9.0,4.0,0.0,0.0,0.0,0.0,0.0,0.0,0.0,0.0,2.0,12.0,1.0,12.14,5.0200000000000005,2.51,1.49,0.0,0.0,0.0,1.6,0.0,0.3,-0.5,-0.1,-22.9,0.0,0.0,23.0,0.0,21.3,31.700000000000003,31.700000000000003,32.4,300.0,300.0,30.700000000000003,34.6,30.9,30.5,32.1,4.95,1.99,4.97,0.16,0.0,0.0,1027.0,8228.0,0.0,0.0,0.0,0.0,0.0,1.0,0.0,0.0,0.0,0.0,0.0,0.6000000000000001,0.0,-0.4,0.0,0.0,16.0,25903.0
2026-07-30T18:59:03.712Z,113.195,113.208,0.0,7.4,0.0,0.0,0.0,0.0,0.0,0.0,0.0,0.0,1.0,0.0,0.0,0.0,9.0,4.0,0.0,0.0,0.0,0.0,0.0,0.0,0.0,0.0,3.0,12.0,1.0,12.14,5.0200000000000005,2.51,1.49,0.0,0.0,0.0,1.6,0.0,-0.8,0.0,0.3,-22.9,0.0,0.0,23.0,0.0,21.3,31.700000000000003,31.700000000000003,32.4,300.0,300.0,30.700000000000003,34.6,30.9,30.5,32.1,4.95,2.0,4.96,0.16,0.0,0.0,1027.0,8228.0,0.0,0.0,0.0,0.0,0.0,1.0,0.0,0.0,0.0,0.0,0.0,0.0,0.0,0.3,0.0,0.0,16.0,25903.0
2026-07-30T18:59:03.725Z,113.208,113.22,0.0,7.4,0.0,0.0,0.0,0.0,0.0,0.0,0.0,0.0,1.0,0.0,0.0,0.0,9.0,4.0,0.0,0.0,0.0,0.0,0.0,0.0,0.0,0.0,4.0,12.0,1.0,12.17,5.01,2.51,1.49,0.0,0.0,0.0,1.6,0.0,0.3,0.0,-0.7000000000000001,-22.9,0.0,0.0,23.0,0.0,21.700000000000003,31.700000000000003,31.700000000000003,32.4,300.0,300.0,30.700000000000003,34.6,31.0,30.4,32.1,4.96,1.99,4.96,0.16,0.0,0.0,1027.0,8228.0,0.0,0.0,0.0,0.0,0.0,1.0,0.0,0.0,0.0,0.0,0.0,0.1,0.0,-0.9,0.0,0.0,16.0,25903.0
2026-07-30T18:59:03.736Z,113.219,113.232,0.0,7.4,0.0,0.0,0.0,0.0,0.0,0.0,0.0,0.0,1.0,0.0,0.0,0.0,9.0,4.0,0.0,0.0,0.0,0.0,0.0,0.0,0.0,0.0,5.0,12.0,1.0,12.17,5.01,2.51,1.49,0.0,0.0,0.0,1.6,0.0,0.2,0.0,-0.1,-22.9,0.0,0.0,23.0,0.0,21.700000000000003,31.700000000000003,31.700000000000003,32.4,300.0,300.0,30.700000000000003,34.6,31.0,30.4,32.1,4.95,1.99,4.97,0.16,0.0,0.0,1027.0,8228.0,0.0,0.0,0.0,0.0,0.0,1.0,0.0,0.0,0.0,0.0,0.0,0.0,0.0,-0.1,0.0,0.0,16.0,25903.0
2026-07-30T18:59:03.748Z,113.231,113.244,0.0,7.4,0.0,0.0,0.0,0.0,0.0,0.0,0.0,0.0,1.0,0.0,0.0,0.0,9.0,4.0,0.0,0.0,0.0,0.0,0.0,0.0,0.0,0.0,1.0,12.0,1.0,12.17,5.01,2.51,1.49,0.0,0.0,0.0,1.6,0.0,0.2,0.5,-0.2,-22.9,0.0,0.0,23.0,0.0,21.700000000000003,31.700000000000003,31.700000000000003,32.4,300.0,300.0,30.700000000000003,34.6,31.0,30.4,32.1,4.96,1.99,4.97,0.16,0.0,0.0,1027.0,8228.0,0.0,0.0,0.0,0.0,0.0,1.0,0.0,0.0,0.0,0.0,0.0,-0.5,0.0,0.0,0.0,0.0001,16.0,25903.0
2026-07-30T18:59:03.760Z,113.243,113.256,0.0,7.4,0.0,0.0,0.0,0.0,0.0,0.0,0.0,0.0,1.0,0.0,0.0,0.0,9.0,4.0,0.0,0.0,0.0,0.0,0.0,0.0,0.0,0.0,2.0,12.0,1.0,12.17,5.01,2.51,1.49,0.0,0.0,0.0,1.6,0.0,-0.3,0.5,0.9,-22.9,0.0,0.0,23.0,0.0,21.700000000000003,31.700000000000003,31.700000000000003,32.4,300.0,300.0,30.700000000000003,34.6,31.0,30.4,32.1,4.96,2.0,4.96,0.16,0.0,0.0,1027.0,8228.0,0.0,0.0,0.0,0.0,0.0,1.0,0.0,0.0,0.0,0.0,0.0,-0.7000000000000001,0.0,1.3,0.0,0.0002,16.0,25903.0
2026-07-30T18:59:03.772Z,113.255,113.268,0.0,7.4,0.0,0.0,0.0,0.0,0.0,0.0,0.0,0.0,1.0,0.0,0.0,0.0,9.0,4.0,0.0,0.0,0.0,0.0,0.0,0.0,0.0,0.0,4.0,12.0,1.0,12.17,5.01,2.51,1.49,0.0,0.0,0.0,1.6,0.0,0.8,1.2000000000000002,0.9,-22.9,0.0,0.0,23.0,0.0,21.700000000000003,31.700000000000003,31.700000000000003,32.4,300.0,300.0,30.700000000000003,34.6,31.0,30.4,32.1,4.96,1.99,4.96,0.16,0.0,0.0,1027.0,8228.0,0.0,0.0,0.0,0.0,0.0,1.0,0.0,0.0,0.0,0.0,0.0,-1.4,0.0,1.6,0.0,0.0001,16.0,25903.0
2026-07-30T18:59:03.784Z,113.267,113.28,0.0,7.4,0.0,0.0,0.0,0.0,0.0,0.0,0.0,0.0,1.0,0.0,0.0,0.0,9.0,4.0,0.0,0.0,0.0,0.0,0.0,0.0,0.0,0.0,4.0,12.0,1.0,12.17,5.01,2.51,1.49,0.0,0.0,0.0,1.5,0.0,-0.9,0.0,-1.9,-22.9,0.0,0.0,23.0,0.0,21.700000000000003,31.700000000000003,31.700000000000003,32.4,300.0,300.0,30.700000000000003,34.6,31.0,30.4,32.1,4.95,1.99,4.96,0.16,0.0,0.0,1027.0,8228.0,0.0,0.0,0.0,0.0,0.0,1.0,0.0,0.0,0.0,0.0,0.0,0.2,0.0,-2.1,0.0,0.0,16.0,25903.0
2026-07-30T18:59:03.796Z,113.279,113.292,0.0,7.4,0.0,0.0,0.0,0.0,0.0,0.0,0.0,0.0,1.0,0.0,0.0,0.0,9.0,4.0,0.0,0.0,0.0,0.0,0.0,0.0,0.0,0.0,5.0,12.0,1.0,12.17,5.01,2.51,1.49,0.0,0.0,0.0,1.5,0.0,0.2,-0.5,-0.1,-22.9,0.0,0.0,23.0,0.0,21.700000000000003,31.700000000000003,31.700000000000003,32.4,300.0,300.0,30.700000000000003,34.6,31.0,30.4,32.1,4.96,2.0,4.96,0.16,0.0,0.0,1027.0,8228.0,0.0,0.0,0.0,0.0,0.0,1.0,0.0,0.0,0.0,0.0,0.0,0.6000000000000001,0.0,-0.4,0.0,0.0,16.0,25903.0
2026-07-30T18:59:03.808Z,113.291,113.304,0.0,7.4,0.0,0.0,0.0,0.0,0.0,0.0,0.0,0.0,1.0,0.0,0.0,0.0,9.0,4.0,0.0,0.0,0.0,0.0,0.0,0.0,0.0,0.0,1.0,12.0,1.0,12.17,5.01,2.51,1.49,0.0,0.0,0.0,1.5,0.0,0.2,0.0,0.0,-22.9,0.0,0.0,23.0,0.0,21.700000000000003,31.700000000000003,31.700000000000003,32.4,300.0,300.0,30.700000000000003,34.6,31.0,30.4,32.1,4.96,2.0,4.97,0.16,0.0,0.0,1027.0,8228.0,0.0,0.0,0.0,0.0,0.0,1.0,0.0,0.0,0.0,0.0,0.0,0.0,0.0,0.0,0.0,0.0001,16.0,25903.0
2026-07-30T18:59:03.820Z,113.303,113.316,0.0,7.4,0.0,0.0,0.0,0.0,0.0,0.0,0.0,0.0,1.0,0.0,0.0,0.0,9.0,4.0,0.0,0.0,0.0,0.0,0.0,0.0,0.0,0.0,1.0,12.0,1.0,12.17,5.01,2.51,1.49,0.0,0.0,0.0,1.5,0.0,-0.3,0.0,-0.7000000000000001,-22.9,0.0,0.0,23.0,0.0,21.700000000000003,31.700000000000003,31.700000000000003,32.4,300.0,300.0,30.700000000000003,34.6,31.0,30.4,32.1,4.95,1.99,4.97,0.16,0.0,0.0,1027.0,8228.0,0.0,0.0,0.0,0.0,0.0,1.0,0.0,0.0,0.0,0.0,0.0,-0.6000000000000001,0.0,0.1,0.0,0.0,16.0,25903.0
2026-07-30T18:59:03.838Z,113.321,113.328,0.0,7.4,0.0,0.0,0.0,0.0,0.0,0.0,0.0,0.0,1.0,0.0,0.0,0.0,9.0,4.0,0.0,0.0,0.0,0.0,0.0,0.0,0.0,0.0,2.0,12.0,1.0,12.18,5.01,2.5,1.49,0.0,0.0,0.0,1.5,0.0,0.2,-0.5,0.4,-22.9,0.0,0.0,23.0,0.0,21.3,31.700000000000003,31.700000000000003,32.4,300.0,300.0,30.6,34.7,30.9,30.4,32.1,4.95,1.99,4.96,0.16,0.0,0.0,1027.0,8228.0,0.0,0.0,0.0,0.0,0.0,1.0,0.0,0.0,0.0,0.0,0.0,0.5,0.0,-0.4,0.0,0.0,16.0,25903.0
2026-07-30T18:59:03.844Z,113.327,113.34,0.0,7.4,0.0,0.0,0.0,0.0,0.0,0.0,0.0,0.0,1.0,0.0,0.0,0.0,9.0,4.0,0.0,0.0,0.0,0.0,0.0,0.0,0.0,0.0,6.0,12.0,1.0,12.18,5.01,2.5,1.49,0.0,0.0,0.0,1.5,0.0,-0.3,-0.5,-0.7000000000000001,-22.9,0.0,0.0,23.0,0.0,21.3,31.700000000000003,31.700000000000003,32.4,300.0,300.0,30.6,34.7,30.9,30.4,32.1,4.96,1.99,4.96,0.16,0.0,0.0,1027.0,8228.0,0.0,0.0,0.0,0.0,0.0,1.0,0.0,0.0,0.0,0.0,0.0,0.7000000000000001,0.0,-1.1,0.0,0.0001,16.0,25903.0
2026-07-30T18:59:03.856Z,113.339,113.352,0.0,7.4,0.0,0.0,0.0,0.0,0.0,0.0,0.0,0.0,1.0,0.0,0.0,0.0,9.0,4.0,0.0,0.0,0.0,0.0,0.0,0.0,0.0,0.0,5.0,12.0,1.0,12.18,5.01,2.5,1.49,0.0,0.0,0.0,1.5,0.0,-0.3,-1.1,-2.5,-23.0,0.0,0.0,23.0,0.0,21.3,31.700000000000003,31.700000000000003,32.4,300.0,300.0,30.6,34.7,30.9,30.4,32.1,4.96,1.99,4.96,0.16,0.0,0.0,1027.0,8228.0,0.0,0.0,0.0,0.0,0.0,1.0,0.0,0.0,0.0,0.0,0.0,0.0,0.0,-0.2,0.0,0.0,16.0,25903.0
2026-07-30T18:59:03.868Z,113.351,113.364,0.0,7.4,0.0,0.0,0.0,0.0,0.0,0.0,0.0,0.0,1.0,0.0,0.0,0.0,9.0,4.0,0.0,0.0,0.0,0.0,0.0,0.0,0.0,0.0,1.0,12.0,1.0,12.18,5.01,2.5,1.49,0.0,0.0,0.0,1.5,0.0,-0.3,0.0,-0.1,-23.0,0.0,0.0,23.0,0.0,21.3,31.700000000000003,31.700000000000003,32.4,300.0,300.0,30.6,34.7,30.9,30.4,32.1,4.95,2.0,4.96,0.16,0.0,0.0,1027.0,8228.0,0.0,0.0,0.0,0.0,0.0,1.0,0.0,0.0,0.0,0.0,0.0,0.0,0.0,-0.1,0.0,0.0001,16.0,25903.0
2026-07-30T18:59:03.880Z,113.363,113.376,0.0,7.4,0.0,0.0,0.0,0.0,0.0,0.0,0.0,0.0,1.0,0.0,0.0,0.0,9.0,4.0,0.0,0.0,0.0,0.0,0.0,0.0,0.0,0.0,1.0,12.0,1.0,12.18,5.01,2.5,1.49,0.0,0.0,0.0,1.5,0.0,-0.9,0.6000000000000001,-0.1,-23.0,0.0,0.0,23.0,0.0,21.3,31.700000000000003,31.700000000000003,32.4,300.0,300.0,30.6,34.7,30.9,30.4,32.1,4.95,2.0,4.96,0.15,0.0,0.0,1027.0,8228.0,0.0,0.0,0.0,0.0,0.0,1.0,0.0,0.0,0.0,0.0,0.0,-0.6000000000000001,0.0,0.1,0.0,0.0,16.0,25903.0
2026-07-30T18:59:03.892Z,113.375,113.388,0.0,7.4,0.0,0.0,0.0,0.0,0.0,0.0,0.0,0.0,1.0,0.0,0.0,0.0,9.0,4.0,0.0,0.0,0.0,0.0,0.0,0.0,0.0,0.0,3.0,12.0,1.0,12.18,5.01,2.5,1.49,0.0,0.0,0.0,1.5,0.0,-0.3,0.0,1.6,-23.0,0.0,0.0,23.0,0.0,21.3,31.700000000000003,31.700000000000003,32.4,300.0,300.0,30.6,34.7,30.9,30.4,32.1,4.95,2.0,4.97,0.15,0.0,0.0,1027.0,8228.0,0.0,0.0,0.0,0.0,0.0,1.0,0.0,0.0,0.0,0.0,0.0,-0.2,0.0,1.8,0.0,0.0,16.0,25903.0
2026-07-30T18:59:03.904Z,113.387,113.4,0.0,7.4,0.0,0.0,0.0,0.0,0.0,0.0,0.0,0.0,1.0,0.0,0.0,0.0,9.0,4.0,0.0,0.0,0.0,0.0,0.0,0.0,0.0,0.0,4.0,12.0,1.0,12.18,5.01,2.5,1.49,0.0,0.0,0.0,1.5,0.0,-0.9,0.5,-1.3,-23.0,0.0,0.0,23.0,0.0,21.3,31.700000000000003,31.700000000000003,32.4,300.0,300.0,30.6,34.7,30.9,30.4,32.1,4.95,1.99,4.97,0.16,0.0,0.0,1027.0,8228.0,0.0,0.0,0.0,0.0,0.0,1.0,0.0,0.0,0.0,0.0,0.0,-0.3,0.0,-1.2000000000000002,0.0,0.0,16.0,25903.0
2026-07-30T18:59:03.916Z,113.399,113.412,0.0,7.4,0.0,0.0,0.0,0.0,0.0,0.0,0.0,0.0,1.0,0.0,0.0,0.0,9.0,4.0,0.0,0.0,0.0,0.0,0.0,0.0,0.0,0.0,5.0,12.0,1.0,12.18,5.01,2.5,1.49,0.0,0.0,0.0,1.5,0.0,0.8,1.1,-0.1,-23.0,0.0,0.0,23.0,0.0,21.3,31.700000000000003,31.700000000000003,32.4,300.0,300.0,30.6,34.7,30.9,30.4,32.1,4.96,1.99,4.97,0.16,0.0,0.0,1027.0,8228.0,0.0,0.0,0.0,0.0,0.0,1.0,0.0,0.0,0.0,0.0,0.0,-1.1,0.0,0.3,0.0,0.0,16.0,25903.0
2026-07-30T18:59:03.929Z,113.412,113.424,0.0,7.4,0.0,0.0,0.0,0.0,0.0,0.0,0.0,0.0,1.0,0.0,0.0,0.0,9.0,4.0,0.0,0.0,0.0,0.0,0.0,0.0,0.0,0.0,6.0,12.0,1.0,12.15,5.01,2.51,1.49,0.0,0.0,0.0,1.5,0.0,-0.3,0.0,-1.3,-23.0,0.0,0.0,23.0,0.0,21.700000000000003,31.700000000000003,31.6,32.4,300.0,300.0,30.8,34.7,30.9,30.4,32.1,4.96,1.99,4.96,0.16,0.0,0.0,1027.0,8228.0,0.0,0.0,0.0,0.0,0.0,1.0,0.0,0.0,0.0,0.0,0.0,0.2,0.0,-1.5,0.0,0.0,16.0,25903.0
2026-07-30T18:59:03.940Z,113.423,113.436,0.0,7.4,0.0,0.0,0.0,0.0,0.0,0.0,0.0,0.0,1.0,0.0,0.0,0.0,9.0,4.0,0.0,0.0,0.0,0.0,0.0,0.0,0.0,0.0,1.0,12.0,1.0,12.15,5.01,2.51,1.49,0.0,0.0,0.0,1.4,0.0,0.1,0.5,0.9,-23.0,0.0,0.0,22.9,0.0,21.700000000000003,31.700000000000003,31.6,32.4,300.0,300.0,30.8,34.7,30.9,30.4,32.1,4.95,1.99,4.96,0.16,0.0,0.0,1027.0,8228.0,0.0,0.0,0.0,0.0,0.0,1.0,0.0,0.0,0.0,0.0,0.0,-0.6000000000000001,0.0,1.2000000000000002,0.0,0.0002,16.0,25903.0
2026-07-30T18:59:03.952Z,113.435,113.448,0.0,7.4,0.0,0.0,0.0,0.0,0.0,0.0,0.0,0.0,1.0,0.0,0.0,0.0,9.0,4.0,0.0,0.0,0.0,0.0,0.0,0.0,0.0,0.0,2.0,12.0,1.0,12.15,5.01,2.51,1.49,0.0,0.0,0.0,1.4,0.0,-0.4,1.0,0.9,-23.0,0.0,0.0,23.0,0.0,21.700000000000003,31.700000000000003,31.6,32.4,300.0,300.0,30.8,34.7,30.9,30.4,32.1,4.95,2.0,4.96,0.16,0.0,0.0,1027.0,8228.0,0.0,0.0,0.0,0.0,0.0,1.0,0.0,0.0,0.0,0.0,0.0,-1.2000000000000002,0.0,1.5,0.0,0.0001,16.0,25903.0
2026-07-30T18:59:03.964Z,113.447,113.46,0.0,7.4,0.0,0.0,0.0,0.0,0.0,0.0,0.0,0.0,1.0,0.0,0.0,0.0,9.0,4.0,0.0,0.0,0.0,0.0,0.0,0.0,0.0,0.0,4.0,12.0,1.0,12.15,5.01,2.51,1.49,0.0,0.0,0.0,1.4,0.0,-0.3,1.1,-0.2,-23.0,0.0,0.0,23.0,0.0,21.700000000000003,31.700000000000003,31.6,32.4,300.0,300.0,30.8,34.7,30.9,30.4,32.1,4.96,1.99,4.96,0.16,0.0,0.0,1027.0,8228.0,0.0,0.0,0.0,0.0,0.0,1.0,0.0,0.0,0.0,0.0,0.0,-1.1,0.0,0.2,0.0,0.0,16.0,25903.0
2026-07-30T18:59:03.976Z,113.459,113.472,0.0,7.4,0.0,0.0,0.0,0.0,0.0,0.0,0.0,0.0,1.0,0.0,0.0,0.0,9.0,4.0,0.0,0.0,0.0,0.0,0.0,0.0,0.0,0.0,6.0,12.0,1.0,12.15,5.01,2.51,1.49,0.0,0.0,0.0,1.4,0.0,-0.3,0.0,-0.7000000000000001,-23.0,0.0,0.0,23.0,0.0,21.700000000000003,31.700000000000003,31.6,32.4,300.0,300.0,30.8,34.7,30.9,30.4,32.1,4.95,1.99,4.97,0.16,0.0,0.0,1027.0,8228.0,0.0,0.0,0.0,0.0,0.0,1.0,0.0,0.0,0.0,0.0,0.0,0.1,0.0,-0.9,0.0,0.0001,16.0,25903.0
2026-07-30T18:59:03.988Z,113.471,113.484,0.0,7.4,0.0,0.0,0.0,0.0,0.0,0.0,0.0,0.0,1.0,0.0,0.0,0.0,9.0,4.0,0.0,0.0,0.0,0.0,0.0,0.0,0.0,0.0,1.0,12.0,1.0,12.15,5.01,2.51,1.49,0.0,0.0,0.0,1.4,0.0,-0.3,0.0,-1.3,-23.0,0.0,0.0,23.0,0.0,21.700000000000003,31.700000000000003,31.6,32.4,300.0,300.0,30.8,34.7,30.9,30.4,32.1,4.96,1.99,4.97,0.16,0.0,0.0,1027.0,8228.0,0.0,0.0,0.0,0.0,0.0,1.0,0.0,0.0,0.0,0.0,0.0,0.2,0.0,-1.6,0.0,0.0,16.0,25903.0
2026-07-30T18:59:04.000Z,113.483,113.496,0.0,7.4,0.0,0.0,0.0,0.0,0.0,0.0,0.0,0.0,1.0,0.0,0.0,0.0,9.0,4.0,0.0,0.0,0.0,0.0,0.0,0.0,0.0,0.0,2.0,12.0,1.0,12.15,5.01,2.51,1.49,0.0,0.0,0.0,1.5,0.0,-0.3,-0.1,-0.2,-23.0,0.0,0.0,23.0,0.0,21.700000000000003,31.700000000000003,31.6,32.4,300.0,300.0,30.8,34.7,30.9,30.4,32.1,4.96,1.99,4.96,0.16,0.0,0.0,1027.0,8228.0,0.0,0.0,0.0,0.0,0.0,1.0,0.0,0.0,0.0,0.0,0.0,0.1,0.0,-0.3,0.0,0.0001,16.0,25903.0
2026-07-30T18:59:04.012Z,113.495,113.508,0.0,7.4,0.0,0.0,0.0,0.0,0.0,0.0,0.0,0.0,1.0,0.0,0.0,0.0,9.0,4.0,0.0,0.0,0.0,0.0,0.0,0.0,0.0,0.0,4.0,12.0,1.0,12.15,5.01,2.51,1.49,0.0,0.0,0.0,1.4,0.0,0.2,-0.1,-0.2,-23.0,0.0,0.0,23.0,0.0,21.700000000000003,31.700000000000003,31.6,32.4,300.0,300.0,30.8,34.7,30.9,30.4,32.1,4.95,1.99,4.96,0.16,0.0,0.0,1027.0,8228.0,0.0,0.0,0.0,0.0,0.0,1.0,0.0,0.0,0.0,0.0,0.0,0.1,0.0,-0.3,0.0,0.0,16.0,25903.0
2026-07-30T18:59:04.024Z,113.507,113.52,0.0,7.4,0.0,0.0,0.0,0.0,0.0,0.0,0.0,0.0,1.0,0.0,0.0,0.0,9.0,4.0,0.0,0.0,0.0,0.0,0.0,0.0,0.0,0.0,5.0,12.0,1.0,12.15,5.01,2.51,1.49,0.0,0.0,0.0,1.3,0.0,-0.3,-0.6000000000000001,-0.7000000000000001,-23.0,0.0,0.0,23.0,0.0,21.700000000000003,31.700000000000003,31.6,32.4,300.0,300.0,30.8,34.7,30.9,30.4,32.1,4.95,1.99,4.97,0.16,0.0,0.0,1027.0,8228.0,0.0,0.0,0.0,0.0,0.0,1.0,0.0,0.0,0.0,0.0,0.0,0.7000000000000001,0.0,-1.1,0.0,0.0,16.0,25903.0
2026-07-30T18:59:04.035Z,113.518,113.532,0.0,7.4,0.0,0.0,0.0,0.0,0.0,0.0,0.0,0.0,1.0,0.0,0.0,0.0,9.0,4.0,0.0,0.0,0.0,0.0,0.0,0.0,0.0,0.0,6.0,12.0,1.0,12.15,5.01,2.5,1.49,-0.1,0.0,0.0,1.4,0.0,-0.3,-1.2000000000000002,-1.3,-23.0,0.0,0.0,23.0,0.0,21.8,31.700000000000003,31.6,32.4,300.0,300.0,30.9,34.6,30.9,30.4,32.1,4.96,2.0,4.96,0.16,0.0,0.0,1027.0,8228.0,0.0,0.0,0.0,0.0,0.0,1.0,0.0,0.0,0.0,0.0,0.0,1.5,0.0,-2.1,0.0,0.0,16.0,25903.0
2026-07-30T18:59:04.048Z,113.531,113.544,0.0,7.4,0.0,0.0,0.0,0.0,0.0,0.0,0.0,0.0,1.0,0.0,0.0,0.0,9.0,4.0,0.0,0.0,0.0,0.0,0.0,0.0,0.0,0.0,1.0,12.0,1.0,12.15,5.01,2.5,1.49,0.0,0.1,0.0,1.3,0.0,0.2,-0.6000000000000001,-0.7000000000000001,-23.0,0.0,0.0,23.0,0.0,21.8,31.700000000000003,31.6,32.4,300.0,300.0,30.9,34.6,30.9,30.4,32.1,4.96,1.99,4.97,0.16,0.0,0.0,1027.0,8228.0,0.0,0.0,0.0,0.0,0.0,1.0,0.0,0.0,0.0,0.0,0.0,0.7000000000000001,0.0,-1.1,0.0,0.0,16.0,25903.0
2026-07-30T18:59:04.060Z,113.543,113.556,0.0,7.4,0.0,0.0,0.0,0.0,0.0,0.0,0.0,0.0,1.0,0.0,0.0,0.0,9.0,4.0,0.0,0.0,0.0,0.0,0.0,0.0,0.0,0.0,2.0,12.0,1.0,12.15,5.01,2.5,1.49,0.0,0.0,0.0,1.4,0.0,-0.3,0.5,1.6,-23.0,0.0,0.0,23.0,0.0,21.8,31.700000000000003,31.6,32.4,300.0,300.0,30.9,34.6,30.9,30.4,32.1,4.95,1.99,4.97,0.16,0.0,0.0,1027.0,8228.0,0.0,0.0,0.0,0.0,0.0,1.0,0.0,0.0,0.0,0.0,0.0,-0.8,0.0,2.0,0.0,0.0,16.0,25903.0
2026-07-30T18:59:04.072Z,113.555,113.568,0.0,7.4,0.0,0.0,0.0,0.0,0.0,0.0,0.0,0.0,1.0,0.0,0.0,0.0,9.0,4.0,0.0,0.0,0.0,0.0,0.0,0.0,0.0,0.0,4.0,12.0,1.0,12.15,5.01,2.5,1.49,0.0,0.0,0.0,1.4,0.0,-0.3,-0.5,-0.6000000000000001,-23.0,0.0,0.0,23.0,0.0,21.8,31.700000000000003,31.6,32.4,300.0,300.0,30.9,34.6,30.9,30.4,32.1,4.96,1.99,4.96,0.16,0.0,0.0,1027.0,8228.0,0.0,0.0,0.0,0.0,0.0,1.0,0.0,0.0,0.0,0.0,0.0,0.7000000000000001,0.0,-1.0,0.0,0.0,16.0,25903.0
2026-07-30T18:59:04.084Z,113.567,113.58,0.0,7.4,0.0,0.0,0.0,0.0,0.0,0.0,0.0,0.0,1.0,0.0,0.0,0.0,9.0,4.0,0.0,0.0,0.0,0.0,0.0,0.0,0.0,0.0,5.0,12.0,1.0,12.15,5.01,2.5,1.49,0.0,0.1,0.0,1.4,0.0,0.2,-1.1,0.9,-23.0,0.0,0.0,23.0,0.0,21.8,31.700000000000003,31.6,32.4,300.0,300.0,30.9,34.6,30.9,30.4,32.1,4.95,2.0,4.97,0.16,0.0,0.0,1027.0,8228.0,0.0,0.0,0.0,0.0,0.0,1.0,0.0,0.0,0.0,0.0,0.0,1.1,0.0,0.6000000000000001,0.0,0.0,16.0,25903.0
2026-07-30T18:59:04.096Z,113.579,113.592,0.0,7.4,0.0,0.0,0.0,0.0,0.0,0.0,0.0,0.0,1.0,0.0,0.0,0.0,9.0,4.0,0.0,0.0,0.0,0.0,0.0,0.0,0.0,0.0,6.0,12.0,1.0,12.15,5.01,2.5,1.49,0.0,0.0,0.0,1.4,0.0,0.8,0.0,-1.3,-23.0,0.0,0.0,23.0,0.0,21.8,31.700000000000003,31.6,32.4,300.0,300.0,30.9,34.6,30.9,30.4,32.1,4.95,1.99,4.97,0.16,0.0,0.0,1027.0,8228.0,0.0,0.0,0.0,0.0,0.0,1.0,0.0,0.0,0.0,0.0,0.0,0.1,0.0,-1.5,0.0,0.0,16.0,25903.0
2026-07-30T18:59:04.108Z,113.591,113.604,0.0,7.4,0.0,0.0,0.0,0.0,0.0,0.0,0.0,0.0,1.0,0.0,0.0,0.0,9.0,4.0,0.0,0.0,0.0,0.0,0.0,0.0,0.0,0.0,2.0,12.0,1.0,12.15,5.01,2.5,1.49,0.0,0.0,0.0,1.4,0.0,-0.3,-0.5,-1.9,-23.0,0.0,0.0,23.0,0.0,21.8,31.700000000000003,31.6,32.4,300.0,300.0,30.9,34.6,30.9,30.4,32.1,4.96,2.0,4.97,0.16,0.0,0.0,1027.0,8228.0,0.0,0.0,0.0,0.0,0.0,1.0,0.0,0.0,0.0,0.0,0.0,0.8,0.0,-2.4000000000000004,0.0,0.0,16.0,25903.0
2026-07-30T18:59:04.120Z,113.603,113.616,0.0,7.4,0.0,0.0,0.0,0.0,0.0,0.0,0.0,0.0,1.0,0.0,0.0,0.0,9.0,4.0,0.0,0.0,0.0,0.0,0.0,0.0,0.0,0.0,3.0,12.0,1.0,12.15,5.01,2.5,1.49,0.0,0.0,0.0,1.3,0.0,-0.3,0.6000000000000001,-0.1,-23.0,0.0,0.0,23.0,0.0,21.8,31.700000000000003,31.6,32.4,300.0,300.0,30.9,34.6,30.9,30.4,32.1,4.96,2.0,4.96,0.16,0.0,0.0,1027.0,8228.0,0.0,0.0,0.0,0.0,0.0,1.0,0.0,0.0,0.0,0.0,0.0,-0.6000000000000001,0.0,0.0,0.0,0.0,16.0,25903.0
2026-07-30T18:59:04.133Z,113.616,113.628,0.0,7.4,0.0,0.0,0.0,0.0,0.0,0.0,0.0,0.0,1.0,0.0,0.0,0.0,9.0,4.0,0.0,0.0,0.0,0.0,0.0,0.0,0.0,0.0,5.0,12.0,1.0,12.18,5.01,2.5,1.5,0.0,0.1,0.0,1.3,0.0,-0.2,-1.1,0.4,-23.0,0.0,0.0,23.0,0.0,21.4,31.6,31.6,32.4,300.0,300.0,30.700000000000003,34.7,30.9,30.4,32.1,4.96,1.99,4.97,0.16,0.0,0.0,1027.0,8228.0,0.0,0.0,0.0,0.0,0.0,1.0,0.0,0.0,0.0,0.0,0.0,1.1,0.0,0.0,0.0,0.0,16.0,25903.0
2026-07-30T18:59:04.153Z,113.636,113.64,0.0,7.4,0.0,0.0,0.0,0.0,0.0,0.0,0.0,0.0,1.0,0.0,0.0,0.0,9.0,4.0,0.0,0.0,0.0,0.0,0.0,0.0,0.0,0.0,6.0,12.0,1.0,12.18,5.01,2.5,1.5,0.0,0.0,0.0,1.3,0.0,0.3,0.0,0.4,-23.0,0.0,0.0,23.0,0.0,21.4,31.6,31.6,32.4,300.0,300.0,30.700000000000003,34.7,30.9,30.4,32.1,4.96,1.99,4.96,0.16,0.0,0.0,1027.0,8228.0,0.0,0.0,0.0,0.0,0.0,1.0,0.0,0.0,0.0,0.0,0.0,0.0,0.0,0.5,0.0,0.0,16.0,25903.0
2026-07-30T18:59:04.160Z,113.643,113.652,0.0,7.4,0.0,0.0,0.0,0.0,0.0,0.0,0.0,0.0,1.0,0.0,0.0,0.0,9.0,4.0,0.0,0.0,0.0,0.0,0.0,0.0,0.0,0.0,5.0,12.0,1.0,12.18,5.01,2.5,1.5,0.0,0.0,0.0,1.3,0.0,-0.2,0.0,-0.7000000000000001,-23.0,0.0,0.0,23.0,0.0,21.4,31.6,31.6,32.4,300.0,300.0,30.700000000000003,34.7,30.9,30.4,32.1,4.96,2.0,4.96,0.17,0.0,0.0,1027.0,8228.0,0.0,0.0,0.0,0.0,0.0,1.0,0.0,0.0,0.0,0.0,0.0,0.0,0.0,-0.8,0.0,0.0,16.0,25903.0
2026-07-30T18:59:04.168Z,113.651,113.664,0.0,7.4,0.0,0.0,0.0,0.0,0.0,0.0,0.0,0.0,1.0,0.0,0.0,0.0,9.0,4.0,0.0,0.0,0.0,0.0,0.0,0.0,0.0,0.0,4.0,12.0,1.0,12.18,5.01,2.5,1.5,0.0,0.0,0.0,1.3,0.0,-0.8,-1.1,-1.9,-23.0,0.0,0.0,23.0,0.0,21.4,31.6,31.6,32.4,300.0,300.0,30.700000000000003,34.7,30.9,30.4,32.1,4.96,2.0,4.97,0.16,0.0,0.0,1027.0,8228.0,0.0,0.0,0.0,0.0,0.0,1.0,0.0,0.0,0.0,0.0,0.0,1.4,0.0,-2.7,0.0,0.0,16.0,25903.0
2026-07-30T18:59:04.180Z,113.663,113.676,0.0,7.4,0.0,0.0,0.0,0.0,0.0,0.0,0.0,0.0,1.0,0.0,0.0,0.0,9.0,4.0,0.0,0.0,0.0,0.0,0.0,0.0,0.0,0.0,5.0,12.0,1.0,12.18,5.01,2.5,1.5,0.0,0.1,0.0,1.4,0.0,-0.2,-1.1,-0.8,-23.0,0.0,0.0,23.0,0.0,21.4,31.6,31.6,32.4,300.0,300.0,30.700000000000003,34.7,30.9,30.4,32.1,4.96,1.99,4.97,0.16,0.0,0.0,1027.0,8228.0,0.0,0.0,0.0,0.0,0.0,1.0,0.0,0.0,0.0,0.0,0.0,1.3,0.0,-1.4,0.0,0.0,16.0,25903.0
2026-07-30T18:59:04.192Z,113.675,113.688,0.0,7.4,0.0,0.0,0.0,0.0,0.0,0.0,0.0,0.0,1.0,0.0,0.0,0.0,9.0,4.0,0.0,0.0,0.0,0.0,0.0,0.0,0.0,0.0,1.0,12.0,1.0,12.18,5.01,2.5,1.5,0.0,0.0,0.0,1.3,0.0,0.3,0.5,-0.2,-23.0,0.0,0.0,23.0,0.0,21.4,31.6,31.6,32.4,300.0,300.0,30.700000000000003,34.7,30.9,30.4,32.1,4.96,1.99,4.96,0.16,0.0,0.0,1027.0,8228.0,0.0,0.0,0.0,0.0,0.0,1.0,0.0,0.0,0.0,0.0,0.0,-0.5,0.0,0.0,0.0,0.0,16.0,25903.0
2026-07-30T18:59:04.204Z,113.687,113.7,0.0,7.4,0.0,0.0,0.0,0.0,0.0,0.0,0.0,0.0,1.0,0.0,0.0,0.0,9.0,4.0,0.0,0.0,0.0,0.0,0.0,0.0,0.0,0.0,2.0,12.0,1.0,12.18,5.01,2.5,1.5,0.0,0.0,0.0,1.3,0.0,-0.2,0.0,0.4,-23.0,0.0,0.0,23.0,0.0,21.4,31.6,31.6,32.4,300.0,300.0,30.700000000000003,34.7,30.9,30.4,32.1,4.96,2.0,4.96,0.16,0.0,0.0,1027.0,8228.0,0.0,0.0,0.0,0.0,0.0,1.0,0.0,0.0,0.0,0.0,0.0,0.0,0.0,0.4,0.0,0.0001,16.0,25903.0
2026-07-30T18:59:04.216Z,113.699,113.712,0.0,7.4,0.0,0.0,0.0,0.0,0.0,0.0,0.0,0.0,1.0,0.0,0.0,0.0,9.0,4.0,0.0,0.0,0.0,0.0,0.0,0.0,0.0,0.0,3.0,12.0,1.0,12.18,5.01,2.5,1.5,0.0,0.1,0.0,1.3,0.0,0.3,-0.5,-0.1,-23.0,0.0,0.0,23.0,0.0,21.4,31.6,31.6,32.4,300.0,300.0,30.700000000000003,34.7,30.9,30.4,32.1,4.95,2.0,4.96,0.16,0.0,0.0,1027.0,8228.0,0.0,0.0,0.0,0.0,0.0,1.0,0.0,0.0,0.0,0.0,0.0,0.6000000000000001,0.0,-0.4,0.0,0.0001,16.0,25903.0
2026-07-30T18:59:04.228Z,113.711,113.724,0.0,7.4,0.0,0.0,0.0,0.0,0.0,0.0,0.0,0.0,1.0,0.0,0.0,0.0,9.0,4.0,0.0,0.0,0.0,0.0,0.0,0.0,0.0,0.0,5.0,12.0,1.0,12.18,5.01,2.5,1.5,0.0,0.0,0.0,1.3,0.0,0.2,-1.1,0.4,-23.0,0.0,0.0,23.0,0.0,21.4,31.6,31.6,32.4,300.0,300.0,30.700000000000003,34.7,30.9,30.4,32.1,4.96,1.99,4.96,0.16,0.0,0.0,1027.0,8228.0,0.0,0.0,0.0,0.0,0.0,1.0,0.0,0.0,0.0,0.0,0.0,1.1,0.0,0.0,0.0,0.0001,16.0,25903.0
2026-07-30T18:59:04.240Z,113.723,113.736,0.0,7.4,0.0,0.0,0.0,0.0,0.0,0.0,0.0,0.0,1.0,0.0,0.0,0.0,9.0,4.0,0.0,0.0,0.0,0.0,0.0,0.0,0.0,0.0,1.0,12.0,1.0,12.19,5.0200000000000005,2.5,1.49,0.0,0.0,0.0,1.3,0.0,0.2,0.5,-0.2,-23.0,0.0,0.0,23.0,0.0,21.4,31.6,31.6,32.4,300.0,300.0,30.700000000000003,34.6,30.9,30.4,32.1,4.96,1.99,4.97,0.16,0.0,0.0,1027.0,8228.0,0.0,0.0,0.0,0.0,0.0,1.0,0.0,0.0,0.0,0.0,0.0,-0.5,0.0,0.0,0.0,0.0001,16.0,25903.0
2026-07-30T18:59:04.252Z,113.735,113.748,0.0,7.4,0.0,0.0,0.0,0.0,0.0,0.0,0.0,0.0,1.0,0.0,0.0,0.0,9.0,4.0,0.0,0.0,0.0,0.0,0.0,0.0,0.0,0.0,2.0,12.0,1.0,12.19,5.0200000000000005,2.5,1.49,0.0,0.0,0.0,1.3,0.0,0.2,0.5,-0.8,-23.0,0.0,0.0,23.0,0.0,21.4,31.6,31.6,32.4,300.0,300.0,30.700000000000003,34.6,30.9,30.4,32.1,4.95,1.99,4.97,0.16,0.0,0.0,1027.0,8228.0,0.0,0.0,0.0,0.0,0.0,1.0,0.0,0.0,0.0,0.0,0.0,-0.5,0.0,-0.6000000000000001,0.0,0.0001,16.0,25903.0
2026-07-30T18:59:04.264Z,113.747,113.76,0.0,7.4,0.0,0.0,0.0,0.0,0.0,0.0,0.0,0.0,1.0,0.0,0.0,0.0,9.0,4.0,0.0,0.0,0.0,0.0,0.0,0.0,0.0,0.0,3.0,12.0,1.0,12.19,5.0200000000000005,2.5,1.49,0.0,0.0,0.0,1.2000000000000002,0.0,0.2,0.0,0.3,-23.0,0.0,0.0,23.0,0.0,21.4,31.6,31.6,32.4,300.0,300.0,30.700000000000003,34.6,30.9,30.4,32.1,4.95,1.99,4.97,0.16,0.0,0.0,1027.0,8228.0,0.0,0.0,0.0,0.0,0.0,1.0,0.0,0.0,0.0,0.0,0.0,0.0,0.0,0.4,0.0,0.0001,16.0,25903.0
2026-07-30T18:59:04.276Z,113.759,113.772,0.0,7.4,0.0,0.0,0.0,0.0,0.0,0.0,0.0,0.0,1.0,0.0,0.0,0.0,9.0,4.0,0.0,0.0,0.0,0.0,0.0,0.0,0.0,0.0,5.0,12.0,1.0,12.19,5.0200000000000005,2.5,1.49,0.0,0.0,0.0,1.3,0.0,-0.2,-0.5,-0.8,-23.0,0.0,0.0,23.0,0.0,21.4,31.6,31.6,32.4,300.0,300.0,30.700000000000003,34.6,30.9,30.4,32.1,4.96,1.99,4.96,0.16,0.0,0.0,1027.0,8228.0,0.0,0.0,0.0,0.0,0.0,1.0,0.0,0.0,0.0,0.0,0.0,0.6000000000000001,0.0,-1.1,0.0,0.0,16.0,25903.0
2026-07-30T18:59:04.288Z,113.771,113.784,0.0,7.4,0.0,0.0,0.0,0.0,0.0,0.0,0.0,0.0,1.0,0.0,0.0,0.0,9.0,4.0,0.0,0.0,0.0,0.0,0.0,0.0,0.0,0.0,6.0,12.0,1.0,12.19,5.0200000000000005,2.5,1.49,0.0,0.0,0.0,1.3,0.0,-0.2,-0.5,-0.2,-23.0,0.0,0.0,23.0,0.0,21.4,31.6,31.6,32.4,300.0,300.0,30.700000000000003,34.6,30.9,30.4,32.1,4.96,1.99,4.97,0.16,0.0,0.0,1027.0,8228.0,0.0,0.0,0.0,0.0,0.0,1.0,0.0,0.0,0.0,0.0,0.0,0.5,0.0,-0.4,0.0,0.0,16.0,25903.0
2026-07-30T18:59:04.300Z,113.783,113.796,0.0,7.4,0.0,0.0,0.0,0.0,0.0,0.0,0.0,0.0,1.0,0.0,0.0,0.0,9.0,4.0,0.0,0.0,0.0,0.0,0.0,0.0,0.0,0.0,2.0,12.0,1.0,12.19,5.0200000000000005,2.5,1.49,0.0,0.0,0.0,1.3,0.0,0.3,0.6000000000000001,-0.2,-23.0,0.0,0.0,23.0,0.0,21.4,31.6,31.6,32.4,300.0,300.0,30.700000000000003,34.6,30.9,30.4,32.1,4.95,1.99,4.97,0.16,0.0,0.0,1027.0,8228.0,0.0,0.0,0.0,0.0,0.0,1.0,0.0,0.0,0.0,0.0,0.0,-0.6000000000000001,0.0,0.0,0.0,0.0,16.0,25903.0
2026-07-30T18:59:04.312Z,113.795,113.808,0.0,7.4,0.0,0.0,0.0,0.0,0.0,0.0,0.0,0.0,1.0,0.0,0.0,0.0,9.0,4.0,0.0,0.0,0.0,0.0,0.0,0.0,0.0,0.0,3.0,12.0,1.0,12.19,5.0200000000000005,2.5,1.49,0.0,0.0,0.0,1.3,0.0,0.8,0.0,-0.2,-23.0,0.0,0.0,23.0,0.0,21.4,31.6,31.6,32.4,300.0,300.0,30.700000000000003,34.6,30.9,30.4,32.1,4.95,1.99,4.96,0.16,0.0,0.0,1027.0,8228.0,0.0,0.0,0.0,0.0,0.0,1.0,0.0,0.0,0.0,0.0,0.0,0.0,0.0,-0.2,0.0,0.0001,16.0,25903.0
2026-07-30T18:59:04.324Z,113.807,113.82,0.0,7.4,0.0,0.0,0.0,0.0,0.0,0.0,0.0,0.0,1.0,0.0,0.0,0.0,9.0,4.0,0.0,0.0,0.0,0.0,0.0,0.0,0.0,0.0,4.0,12.0,1.0,12.19,5.0200000000000005,2.5,1.49,0.0,0.0,0.0,1.3,0.0,0.2,-0.5,1.5,-23.0,0.0,0.0,23.0,0.0,21.4,31.6,31.6,32.4,300.0,300.0,30.700000000000003,34.6,30.9,30.4,32.1,4.95,1.99,4.97,0.16,0.0,0.0,1027.0,8228.0,0.0,0.0,0.0,0.0,0.0,1.0,0.0,0.0,0.0,0.0,0.0,0.3,0.0,1.4,0.0,0.0001,16.0,25903.0
2026-07-30T18:59:04.337Z,113.82,113.832,0.0,7.4,0.0,0.0,0.0,0.0,0.0,0.0,0.0,0.0,1.0,0.0,0.0,0.0,9.0,4.0,0.0,0.0,0.0,0.0,0.0,0.0,0.0,0.0,5.0,12.0,1.0,12.15,5.0200000000000005,2.51,1.49,0.0,0.0,0.0,1.3,0.0,-0.2,0.0,-0.2,-23.0,0.0,0.0,23.0,0.0,21.3,31.6,31.6,32.4,300.0,300.0,30.8,34.7,30.9,30.4,32.1,4.95,1.99,4.97,0.16,0.0,0.0,1027.0,8228.0,0.0,0.0,0.0,0.0,0.0,1.0,0.0,0.0,0.0,0.0,0.0,0.0,0.0,-0.9,0.0,0.0001,16.0,25903.0
2026-07-30T18:59:04.348Z,113.831,113.844,0.0,7.4,0.0,0.0,0.0,0.0,0.0,0.0,0.0,0.0,1.0,0.0,0.0,0.0,9.0,4.0,0.0,0.0,0.0,0.0,0.0,0.0,0.0,0.0,1.0,12.0,1.0,12.15,5.0200000000000005,2.51,1.49,0.0,0.0,0.0,1.3,0.0,0.9,1.2000000000000002,0.9,-23.0,0.0,0.0,23.0,0.0,21.3,31.6,31.6,32.4,300.0,300.0,30.8,34.7,30.9,30.4,32.1,4.95,1.99,4.97,0.16,0.0,0.0,1027.0,8228.0,0.0,0.0,0.0,0.0,0.0,1.0,0.0,0.0,0.0,0.0,0.0,-1.4,0.0,1.6,0.0,0.0,16.0,25903.0
2026-07-30T18:59:04.360Z,113.843,113.856,0.0,7.4,0.0,0.0,0.0,0.0,0.0,0.0,0.0,0.0,1.0,0.0,0.0,0.0,9.0,4.0,0.0,0.0,0.0,0.0,0.0,0.0,0.0,0.0,2.0,12.0,1.0,12.15,5.0200000000000005,2.51,1.49,0.0,0.0,0.0,1.3,0.0,0.3,0.0,-0.7000000000000001,-23.0,0.0,0.0,23.0,0.0,21.3,31.6,31.6,32.4,300.0,300.0,30.8,34.7,30.9,30.4,32.1,4.96,1.99,4.96,0.16,0.0,0.0,1027.0,8228.0,0.0,0.0,0.0,0.0,0.0,1.0,0.0,0.0,0.0,0.0,0.0,0.7000000000000001,0.0,-1.8,0.0,0.0,16.0,25903.0
2026-07-30T18:59:04.372Z,113.855,113.868,0.0,7.4,0.0,0.0,0.0,0.0,0.0,0.0,0.0,0.0,1.0,0.0,0.0,0.0,9.0,4.0,0.0,0.0,0.0,0.0,0.0,0.0,0.0,0.0,3.0,12.0,1.0,12.15,5.0200000000000005,2.51,1.49,0.0,0.0,0.0,1.2000000000000002,0.0,0.2,0.0,-0.1,-23.0,0.0,0.0,22.9,0.0,21.3,31.6,31.6,32.4,300.0,300.0,30.8,34.7,30.9,30.4,32.1,4.95,1.99,4.97,0.16,0.0,0.0,1027.0,8228.0,0.0,0.0,0.0,0.0,0.0,1.0,0.0,0.0,0.0,0.0,0.0,-0.6000000000000001,0.0,0.0,0.0,0.0,16.0,25903.0
2026-07-30T18:59:04.385Z,113.868,113.88,0.0,7.4,0.0,0.0,0.0,0.0,0.0,0.0,0.0,0.0,1.0,0.0,0.0,0.0,9.0,4.0,0.0,0.0,0.0,0.0,0.0,0.0,0.0,0.0,4.0,12.0,1.0,12.15,5.0200000000000005,2.51,1.49,0.0,0.0,0.0,1.2000000000000002,0.0,0.2,1.2000000000000002,-0.2,-23.0,0.0,0.0,23.0,0.0,21.3,31.6,31.6,32.4,300.0,300.0,30.8,34.7,30.9,30.4,32.1,4.95,2.0,4.96,0.17,0.0,0.0,1027.0,8228.0,0.0,0.0,0.0,0.0,0.0,1.0,0.0,0.0,0.0,0.0,0.0,-1.2000000000000002,0.0,0.3,0.0,0.0001,16.0,25903.0
2026-07-30T18:59:04.396Z,113.879,113.892,0.0,7.4,0.0,0.0,0.0,0.0,0.0,0.0,0.0,0.0,1.0,0.0,0.0,0.0,9.0,4.0,0.0,0.0,0.0,0.0,0.0,0.0,0.0,0.0,5.0,12.0,1.0,12.15,5.0200000000000005,2.51,1.49,0.0,0.0,0.0,1.3,0.0,0.2,-0.5,1.5,-23.0,0.0,0.0,23.0,0.0,21.3,31.6,31.6,32.4,300.0,300.0,30.8,34.7,30.9,30.4,32.1,4.95,1.99,4.96,0.16,0.0,0.0,1027.0,8228.0,0.0,0.0,0.0,0.0,0.0,1.0,0.0,0.0,0.0,0.0,0.0,0.3,0.0,1.5,0.0,0.0001,16.0,25903.0
2026-07-30T18:59:04.407Z,113.89,113.904,0.0,7.4,0.0,0.0,0.0,0.0,0.0,0.0,0.0,0.0,1.0,0.0,0.0,0.0,9.0,4.0,0.0,0.0,0.0,0.0,0.0,0.0,0.0,0.0,6.0,12.0,1.0,12.15,5.0200000000000005,2.51,1.49,0.0,0.1,0.0,1.3,0.0,-0.3,0.6000000000000001,-0.2,-23.0,0.0,0.0,23.0,0.0,21.3,31.6,31.6,32.4,300.0,300.0,30.8,34.7,30.9,30.4,32.1,4.95,1.99,4.96,0.16,0.0,0.0,1027.0,8228.0,0.0,0.0,0.0,0.0,0.0,1.0,0.0,0.0,0.0,0.0,0.0,-0.6000000000000001,0.0,0.0,0.0,0.0,16.0,25903.0
2026-07-30T18:59:04.420Z,113.903,113.916,0.0,7.4,0.0,0.0,0.0,0.0,0.0,0.0,0.0,0.0,1.0,0.0,0.0,0.0,9.0,4.0,0.0,0.0,0.0,0.0,0.0,0.0,0.0,0.0,1.0,12.0,1.0,12.15,5.0200000000000005,2.51,1.49,0.0,0.1,0.0,1.2000000000000002,0.0,-0.3,0.0,-0.2,-23.0,0.0,0.0,23.0,0.0,21.3,31.6,31.6,32.4,300.0,300.0,30.8,34.7,30.9,30.4,32.1,4.95,1.99,4.97,0.16,0.0,0.0,1027.0,8228.0,0.0,0.0,0.0,0.0,0.0,1.0,0.0,0.0,0.0,0.0,0.0,0.0,0.0,-0.2,0.0,0.0001,16.0,25903.0
2026-07-30T18:59:04.432Z,113.915,113.928,0.0,7.4,0.0,0.0,0.0,0.0,0.0,0.0,0.0,0.0,1.0,0.0,0.0,0.0,9.0,4.0,0.0,0.0,0.0,0.0,0.0,0.0,0.0,0.0,2.0,12.0,1.0,12.15,5.0200000000000005,2.51,1.49,0.0,0.0,0.0,1.2000000000000002,0.0,-0.2,-0.5,-0.2,-23.0,0.0,0.0,23.0,0.0,21.3,31.6,31.6,32.4,300.0,300.0,30.8,34.7,30.9,30.4,32.1,4.95,2.0,4.96,0.16,0.0,0.0,1027.0,8228.0,0.0,0.0,0.0,0.0,0.0,1.0,0.0,0.0,0.0,0.0,0.0,0.6000000000000001,0.0,-0.4,0.0,0.0001,16.0,25903.0
2026-07-30T18:59:04.444Z,113.927,113.94,0.0,7.4,0.0,0.0,0.0,0.0,0.0,0.0,0.0,0.0,1.0,0.0,0.0,0.0,9.0,4.0,0.0,0.0,0.0,0.0,0.0,0.0,0.0,0.0,3.0,12.0,1.0,12.17,5.01,2.5,1.49,0.0,0.0,0.0,1.3,0.0,0.2,1.2000000000000002,-0.1,-23.0,0.0,0.0,23.0,0.0,21.8,31.6,31.6,32.4,300.0,300.0,30.700000000000003,34.7,30.9,30.4,32.1,4.96,1.99,4.96,0.15,0.0,0.0,1027.0,8228.0,0.0,0.0,0.0,0.0,0.0,1.0,0.0,0.0,0.0,0.0,0.0,-1.3,0.0,0.3,0.0,0.0,16.0,25903.0
2026-07-30T18:59:04.456Z,113.939,113.952,0.0,7.4,0.0,0.0,0.0,0.0,0.0,0.0,0.0,0.0,1.0,0.0,0.0,0.0,9.0,4.0,0.0,0.0,0.0,0.0,0.0,0.0,0.0,0.0,4.0,12.0,1.0,12.17,5.01,2.5,1.49,0.0,0.0,0.0,1.3,0.0,0.8,0.0,0.9,-23.0,0.0,0.0,23.0,0.0,21.8,31.6,31.6,32.4,300.0,300.0,30.700000000000003,34.7,30.9,30.4,32.1,4.95,1.99,4.97,0.16,0.0,0.0,1027.0,8228.0,0.0,0.0,0.0,0.0,0.0,1.0,0.0,0.0,0.0,0.0,0.0,-0.2,0.0,1.1,0.0,0.0,16.0,25903.0
2026-07-30T18:59:04.470Z,113.953,113.964,0.0,7.4,0.0,0.0,0.0,0.0,0.0,0.0,0.0,0.0,1.0,0.0,0.0,0.0,9.0,4.0,0.0,0.0,0.0,0.0,0.0,0.0,0.0,0.0,5.0,12.0,1.0,12.17,5.01,2.5,1.49,0.0,0.0,0.0,1.2000000000000002,0.0,-0.3,0.1,-1.3,-23.0,0.0,0.0,23.0,0.0,21.8,31.6,31.6,32.4,300.0,300.0,30.700000000000003,34.7,30.9,30.4,32.1,4.96,1.99,4.96,0.16,0.0,0.0,1027.0,8228.0,0.0,0.0,0.0,0.0,0.0,1.0,0.0,0.0,0.0,0.0,0.0,0.0,0.0,-1.4,0.0,0.0,16.0,25903.0
2026-07-30T18:59:04.480Z,113.963,113.976,0.0,7.4,0.0,0.0,0.0,0.0,0.0,0.0,0.0,0.0,1.0,0.0,0.0,0.0,9.0,4.0,0.0,0.0,0.0,0.0,0.0,0.0,0.0,0.0,2.0,12.0,1.0,12.17,5.01,2.5,1.49,0.0,0.0,0.0,1.2000000000000002,0.0,-0.9,-0.4,-1.9,-23.0,0.0,0.0,23.0,0.0,21.8,31.6,31.6,32.4,300.0,300.0,30.700000000000003,34.7,30.9,30.4,32.1,4.96,2.0,4.96,0.16,0.0,0.0,1027.0,8228.0,0.0,0.0,0.0,0.0,0.0,1.0,0.0,0.0,0.0,0.0,0.0,0.7000000000000001,0.0,-2.3000000000000003,0.0,0.0,16.0,25903.0
2026-07-30T18:59:04.492Z,113.975,113.988,0.0,7.4,0.0,0.0,0.0,0.0,0.0,0.0,0.0,0.0,1.0,0.0,0.0,0.0,9.0,4.0,0.0,0.0,0.0,0.0,0.0,0.0,0.0,0.0,4.0,12.0,1.0,12.17,5.01,2.5,1.49,0.0,0.0,0.0,1.3,0.0,0.2,0.7000000000000001,0.4,-23.0,0.0,0.0,23.0,0.0,21.8,31.6,31.6,32.4,300.0,300.0,30.700000000000003,34.7,30.9,30.4,32.1,4.96,1.99,4.96,0.16,0.0,0.0,1027.0,8228.0,0.0,0.0,0.0,0.0,0.0,1.0,0.0,0.0,0.0,0.0,0.0,-0.8,0.0,0.8,0.0,0.0,16.0,25903.0
2026-07-30T18:59:04.504Z,113.987,114.0,0.0,7.4,0.0,0.0,0.0,0.0,0.0,0.0,0.0,0.0,1.0,0.0,0.0,0.0,9.0,4.0,0.0,0.0,0.0,0.0,0.0,0.0,0.0,0.0,5.0,12.0,1.0,12.17,5.01,2.5,1.49,0.0,0.0,0.0,1.2000000000000002,0.0,0.8,1.3,-0.7000000000000001,-23.0,0.0,0.0,23.0,0.0,21.8,31.6,31.6,32.4,300.0,300.0,30.700000000000003,34.7,30.9,30.4,32.1,4.95,1.99,4.97,0.16,0.0,0.0,1027.0,8228.0,0.0,0.0,0.0,0.0,0.0,1.0,0.0,0.0,0.0,0.0,0.0,-1.3,0.0,-0.2,0.0,0.0,16.0,25903.0
2026-07-30T18:59:04.516Z,113.999,114.012,0.0,7.4,0.0,0.0,0.0,0.0,0.0,0.0,0.0,0.0,1.0,0.0,0.0,0.0,9.0,4.0,0.0,0.0,0.0,0.0,0.0,0.0,0.0,0.0,6.0,12.0,1.0,12.17,5.01,2.5,1.49,0.0,0.0,0.0,1.2000000000000002,0.0,0.8,0.1,1.6,-23.0,0.0,0.0,23.0,0.0,21.8,31.6,31.6,32.4,300.0,300.0,30.700000000000003,34.7,30.9,30.4,32.1,4.96,2.0,4.96,0.16,0.0,0.0,1027.0,8228.0,0.0,0.0,0.0,0.0,0.0,1.0,0.0,0.0,0.0,0.0,0.0,-0.3,0.0,1.8,0.0,0.0,16.0,25903.0
2026-07-30T18:59:04.528Z,114.011,114.024,0.0,7.4,0.0,0.0,0.0,0.0,0.0,0.0,0.0,0.0,1.0,0.0,0.0,0.0,9.0,4.0,0.0,0.0,0.0,0.0,0.0,0.0,0.0,0.0,2.0,12.0,1.0,12.17,5.01,2.5,1.49,0.0,0.0,0.0,1.2000000000000002,0.0,-0.2,-0.4,-0.1,-23.0,0.0,0.0,22.9,0.0,21.8,31.6,31.6,32.4,300.0,300.0,30.700000000000003,34.7,30.9,30.4,32.1,4.96,1.99,4.97,0.16,0.0,0.0,1027.0,8228.0,0.0,0.0,0.0,0.0,0.0,1.0,0.0,0.0,0.0,0.0,0.0,0.4,0.0,-0.3,0.0,0.0001,16.0,25903.0
2026-07-30T18:59:04.541Z,114.024,114.036,0.0,7.4,0.0,0.0,0.0,0.0,0.0,0.0,0.0,0.0,1.0,0.0,0.0,0.0,9.0,4.0,0.0,0.0,0.0,0.0,0.0,0.0,0.0,0.0,3.0,12.0,1.0,12.18,5.0200000000000005,2.5,1.5,0.0,0.0,0.0,1.1,0.0,-0.2,0.7000000000000001,-0.6000000000000001,-23.0,0.0,0.0,23.0,0.0,21.0,31.6,31.6,32.4,300.0,300.0,30.6,34.6,30.9,30.4,32.1,4.95,1.99,4.97,0.16,0.0,0.0,1027.0,8228.0,0.0,0.0,0.0,0.0,0.0,1.0,0.0,0.0,0.0,0.0,0.0,-0.7000000000000001,0.0,-0.4,0.0,0.0001,16.0,25903.0
2026-07-30T18:59:04.552Z,114.035,114.048,0.0,7.4,0.0,0.0,0.0,0.0,0.0,0.0,0.0,0.0,1.0,0.0,0.0,0.0,9.0,4.0,0.0,0.0,0.0,0.0,0.0,0.0,0.0,0.0,5.0,12.0,1.0,12.18,5.0200000000000005,2.5,1.5,0.0,0.0,0.0,1.2000000000000002,0.0,0.3,1.3,2.2,-23.0,0.0,0.0,23.0,0.0,21.0,31.6,31.6,32.4,300.0,300.0,30.6,34.6,30.9,30.4,32.1,4.96,1.99,4.96,0.16,0.0,0.0,1027.0,8228.0,0.0,0.0,0.0,0.0,0.0,1.0,0.0,0.0,0.0,0.0,0.0,-1.7000000000000002,0.0,3.1,0.0,0.0001,16.0,25903.0
2026-07-30T18:59:04.563Z,114.046,114.06,0.0,7.4,0.0,0.0,0.0,0.0,0.0,0.0,0.0,0.0,1.0,0.0,0.0,0.0,9.0,4.0,0.0,0.0,0.0,0.0,0.0,0.0,0.0,0.0,6.0,12.0,1.0,12.18,5.0200000000000005,2.5,1.5,0.0,0.0,0.0,1.2000000000000002,0.0,0.3,-0.4,1.1,-23.0,0.0,0.0,23.0,0.0,21.0,31.6,31.6,32.4,300.0,300.0,30.6,34.6,30.9,30.4,32.1,4.95,1.99,4.96,0.16,0.0,0.0,1027.0,8228.0,0.0,0.0,0.0,0.0,0.0,1.0,0.0,0.0,0.0,0.0,0.0,0.3,0.0,1.0,0.0,0.0,16.0,25903.0
2026-07-30T18:59:04.576Z,114.059,114.072,0.0,7.4,0.0,0.0,0.0,0.0,0.0,0.0,0.0,0.0,1.0,0.0,0.0,0.0,9.0,4.0,0.0,0.0,0.0,0.0,0.0,0.0,0.0,0.0,1.0,12.0,1.0,12.18,5.0200000000000005,2.5,1.5,0.0,0.0,0.0,1.1,0.0,0.3,0.0,1.1,-23.0,0.0,0.0,23.0,0.0,21.0,31.6,31.6,32.4,300.0,300.0,30.6,34.6,30.9,30.4,32.1,4.95,1.99,4.97,0.16,0.0,0.0,1027.0,8228.0,0.0,0.0,0.0,0.0,0.0,1.0,0.0,0.0,0.0,0.0,0.0,-0.2,0.0,1.3,0.0,0.0001,16.0,25903.0
2026-07-30T18:59:04.588Z,114.071,114.084,0.0,7.4,0.0,0.0,0.0,0.0,0.0,0.0,0.0,0.0,1.0,0.0,0.0,0.0,9.0,4.0,0.0,0.0,0.0,0.0,0.0,0.0,0.0,0.0,3.0,12.0,1.0,12.18,5.0200000000000005,2.5,1.5,0.0,0.0,0.0,1.2000000000000002,0.0,-0.3,0.0,-1.2000000000000002,-23.0,0.0,0.0,23.0,0.0,21.0,31.6,31.6,32.4,300.0,300.0,30.6,34.6,30.9,30.4,32.1,4.95,2.0,4.97,0.16,0.0,0.0,1027.0,8228.0,0.0,0.0,0.0,0.0,0.0,1.0,0.0,0.0,0.0,0.0,0.0,0.0,0.0,-1.3,0.0,0.0,16.0,25903.0
2026-07-30T18:59:04.600Z,114.083,114.096,0.0,7.4,0.0,0.0,0.0,0.0,0.0,0.0,0.0,0.0,1.0,0.0,0.0,0.0,9.0,4.0,0.0,0.0,0.0,0.0,0.0,0.0,0.0,0.0,5.0,12.0,1.0,12.18,5.0200000000000005,2.5,1.5,0.0,0.0,0.0,1.1,0.0,-0.2,-1.0,-0.6000000000000001,-23.0,0.0,0.0,23.0,0.0,21.0,31.6,31.6,32.4,300.0,300.0,30.6,34.6,30.9,30.4,32.1,4.96,2.0,4.96,0.15,0.0,0.0,1027.0,8228.0,0.0,0.0,0.0,0.0,0.0,1.0,0.0,0.0,0.0,0.0,0.0,1.2000000000000002,0.0,-1.1,0.0,0.0,16.0,25903.0
2026-07-30T18:59:04.611Z,114.094,114.108,0.0,7.4,0.0,0.0,0.0,0.0,0.0,0.0,0.0,0.0,1.0,0.0,0.0,0.0,9.0,4.0,0.0,0.0,0.0,0.0,0.0,0.0,0.0,0.0,6.0,12.0,1.0,12.18,5.0200000000000005,2.5,1.5,0.0,0.0,0.0,1.2000000000000002,0.0,0.2,-0.5,1.7000000000000002,-23.0,0.0,0.0,23.0,0.0,21.0,31.6,31.6,32.4,300.0,300.0,30.6,34.6,30.9,30.4,32.1,4.95,1.99,4.97,0.15,0.0,0.0,1027.0,8228.0,0.0,0.0,0.0,0.0,0.0,1.0,0.0,0.0,0.0,0.0,0.0,0.3,0.0,1.7000000000000002,0.0,0.0,16.0,25903.0
2026-07-30T18:59:04.624Z,114.107,114.12,0.0,7.4,0.0,0.0,0.0,0.0,0.0,0.0,0.0,0.0,1.0,0.0,0.0,0.0,9.0,4.0,0.0,0.0,0.0,0.0,0.0,0.0,0.0,0.0,1.0,12.0,1.0,12.18,5.0200000000000005,2.5,1.5,0.0,0.1,0.0,1.1,0.0,-0.2,1.1,-0.6000000000000001,-23.0,0.0,0.0,23.0,0.0,21.0,31.6,31.6,32.4,300.0,300.0,30.6,34.6,30.9,30.4,32.1,4.95,1.99,4.96,0.16,0.0,0.0,1027.0,8228.0,0.0,0.0,0.0,0.0,0.0,1.0,0.0,0.0,0.0,0.0,0.0,-1.1,0.0,-0.2,0.0,0.0,16.0,25903.0
2026-07-30T18:59:04.636Z,114.119,114.132,0.0,7.4,0.0,0.0,0.0,0.0,0.0,0.0,0.0,0.0,1.0,0.0,0.0,0.0,9.0,4.0,0.0,0.0,0.0,0.0,0.0,0.0,0.0,0.0,3.0,12.0,1.0,12.18,5.0200000000000005,2.5,1.5,0.0,0.0,0.0,1.1,0.0,0.8,0.5,1.7000000000000002,-23.0,0.0,0.0,23.0,0.0,21.0,31.6,31.6,32.4,300.0,300.0,30.6,34.6,30.9,30.4,32.1,4.96,2.0,4.96,0.16,0.0,0.0,1027.0,8228.0,0.0,0.0,0.0,0.0,0.0,1.0,0.0,0.0,0.0,0.0,0.0,-0.8,0.0,2.2,0.0,0.0,16.0,25903.0
2026-07-30T18:59:04.648Z,114.131,114.144,0.0,7.4,0.0,0.0,0.0,0.0,0.0,0.0,0.0,0.0,1.0,0.0,0.0,0.0,9.0,4.0,0.0,0.0,0.0,0.0,0.0,0.0,0.0,0.0,4.0,12.0,1.0,12.17,5.01,2.51,1.49,0.0,0.0,0.0,1.1,0.0,-0.8,-0.6000000000000001,-1.2000000000000002,-23.0,0.0,0.0,23.0,0.0,21.8,31.6,31.6,32.4,300.0,300.0,30.700000000000003,34.6,30.9,30.4,32.1,4.95,2.0,4.96,0.16,0.0,0.0,1027.0,8228.0,0.0,0.0,0.0,0.0,0.0,1.0,0.0,0.0,0.0,0.0,0.0,0.8,0.0,-1.6,0.0,0.0002,16.0,25903.0
2026-07-30T18:59:04.660Z,114.143,114.156,0.0,7.4,0.0,0.0,0.0,0.0,0.0,0.0,0.0,0.0,1.0,0.0,0.0,0.0,9.0,4.0,0.0,0.0,0.0,0.0,0.0,0.0,0.0,0.0,6.0,12.0,1.0,12.17,5.01,2.51,1.49,0.0,0.0,0.0,1.2000000000000002,0.0,1.4,1.1,0.0,-23.0,0.0,0.0,23.0,0.0,21.8,31.6,31.6,32.4,300.0,300.0,30.700000000000003,34.6,30.9,30.4,32.1,4.95,1.99,4.97,0.16,0.0,0.0,1027.0,8228.0,0.0,0.0,0.0,0.0,0.0,1.0,0.0,0.0,0.0,0.0,0.0,-1.1,0.0,0.4,0.0,0.0001,16.0,25903.0
2026-07-30T18:59:04.672Z,114.155,114.168,0.0,7.4,0.0,0.0,0.0,0.0,0.0,0.0,0.0,0.0,1.0,0.0,0.0,0.0,9.0,4.0,0.0,0.0,0.0,0.0,0.0,0.0,0.0,0.0,1.0,12.0,1.0,12.17,5.01,2.51,1.49,0.0,0.0,0.0,1.2000000000000002,0.0,0.3,0.0,0.0,-23.0,0.0,0.0,23.0,0.0,21.8,31.6,31.6,32.4,300.0,300.0,30.700000000000003,34.6,30.9,30.4,32.1,4.95,1.99,4.96,0.16,0.0,0.0,1027.0,8228.0,0.0,0.0,0.0,0.0,0.0,1.0,0.0,0.0,0.0,0.0,0.0,0.0,0.0,-0.1,0.0,0.0,16.0,25903.0
2026-07-30T18:59:04.684Z,114.167,114.18,0.0,7.4,0.0,0.0,0.0,0.0,0.0,0.0,0.0,0.0,1.0,0.0,0.0,0.0,9.0,4.0,0.0,0.0,0.0,0.0,0.0,0.0,0.0,0.0,3.0,12.0,1.0,12.17,5.01,2.51,1.49,0.0,0.0,0.0,1.1,0.0,-0.2,0.0,-0.6000000000000001,-23.0,0.0,0.0,23.0,0.0,21.8,31.6,31.6,32.4,300.0,300.0,30.700000000000003,34.6,30.9,30.4,32.1,4.96,1.99,4.96,0.16,0.0,0.0,1027.0,8228.0,0.0,0.0,0.0,0.0,0.0,1.0,0.0,0.0,0.0,0.0,0.0,0.1,0.0,-0.7000000000000001,0.0,0.0,16.0,25903.0
2026-07-30T18:59:04.696Z,114.179,114.192,0.0,7.4,0.0,0.0,0.0,0.0,0.0,0.0,0.0,0.0,1.0,0.0,0.0,0.0,9.0,4.0,0.0,0.0,0.0,0.0,0.0,0.0,0.0,0.0,4.0,12.0,1.0,12.17,5.01,2.51,1.49,0.0,0.0,0.0,1.1,0.0,0.8,0.0,1.6,-23.0,0.0,0.0,23.0,0.0,21.8,31.6,31.6,32.4,300.0,300.0,30.700000000000003,34.6,30.9,30.4,32.1,4.95,1.99,4.97,0.16,0.0,0.0,1027.0,8228.0,0.0,0.0,0.0,0.0,0.0,1.0,0.0,0.0,0.0,0.0,0.0,-0.1,0.0,1.8,0.0,0.0,16.0,25903.0
2026-07-30T18:59:04.708Z,114.191,114.204,0.0,7.4,0.0,0.0,0.0,0.0,0.0,0.0,0.0,0.0,1.0,0.0,0.0,0.0,9.0,4.0,0.0,0.0,0.0,0.0,0.0,0.0,0.0,0.0,6.0,12.0,1.0,12.17,5.01,2.51,1.49,0.0,0.0,0.0,1.2000000000000002,0.0,0.2,-0.6000000000000001,-0.7000000000000001,-23.0,0.0,0.0,23.1,0.0,21.8,31.6,31.6,32.4,300.0,300.0,30.700000000000003,34.6,30.9,30.4,32.1,4.96,1.99,4.96,0.16,0.0,0.0,1027.0,8228.0,0.0,0.0,0.0,0.0,0.0,1.0,0.0,0.0,0.0,0.0,0.0,0.8,0.0,-1.1,0.0,0.0,16.0,25903.0
2026-07-30T18:59:04.720Z,114.203,114.216,0.0,7.4,0.0,0.0,0.0,0.0,0.0,0.0,0.0,0.0,1.0,0.0,0.0,0.0,9.0,4.0,0.0,0.0,0.0,0.0,0.0,0.0,0.0,0.0,1.0,12.0,1.0,12.17,5.01,2.51,1.49,0.0,0.0,0.0,1.1,0.0,0.2,0.0,-0.2,-23.0,0.0,0.0,23.200000000000003,0.0,21.8,31.6,31.6,32.4,300.0,300.0,30.700000000000003,34.6,30.9,30.4,32.1,4.96,1.99,4.96,0.16,0.0,0.0,1027.0,8228.0,0.0,0.0,0.0,0.0,0.0,1.0,0.0,0.0,0.0,0.0,0.0,0.1,0.0,-0.2,0.0,0.0001,16.0,25903.0
2026-07-30T18:59:04.732Z,114.215,114.228,0.0,7.4,0.0,0.0,0.0,0.0,0.0,0.0,0.0,0.0,1.0,0.0,0.0,0.0,9.0,4.0,0.0,0.0,0.0,0.0,0.0,0.0,0.0,0.0,2.0,12.0,1.0,12.17,5.01,2.51,1.49,0.0,0.0,0.0,1.1,0.0,-0.2,0.5,0.3,-23.0,0.0,0.0,23.3,0.0,21.8,31.6,31.6,32.4,300.0,300.0,30.700000000000003,34.6,30.9,30.4,32.1,4.95,1.99,4.96,0.16,0.0,0.0,1027.0,8228.0,0.0,0.0,0.0,0.0,0.0,1.0,0.0,0.0,0.0,0.0,0.0,-0.5,0.0,0.6000000000000001,0.0,0.0002,16.0,25903.0
2026-07-30T18:59:04.745Z,114.228,114.24,0.0,7.4,0.0,0.0,0.0,0.0,0.0,0.0,0.0,0.0,1.0,0.0,0.0,0.0,9.0,4.0,0.0,0.0,0.0,0.0,0.0,0.0,0.0,0.0,3.0,12.0,1.0,12.17,5.01,2.51,1.49,0.0,0.0,0.0,1.1,0.0,0.3,-0.5,-0.1,-23.0,0.0,0.0,24.0,0.0,21.3,31.6,31.6,32.4,300.0,300.0,30.6,34.7,30.9,30.4,32.1,4.95,1.99,4.97,0.16,0.0,0.0,1027.0,8228.0,0.0,0.0,0.0,0.0,0.0,1.0,0.0,0.0,0.0,0.0,0.0,0.6000000000000001,0.0,-0.4,0.0,0.0002,16.0,25903.0
2026-07-30T18:59:04.756Z,114.239,114.252,0.0,7.4,0.0,0.0,0.0,0.0,0.0,0.0,0.0,0.0,1.0,0.0,0.0,0.0,9.0,4.0,0.0,0.0,0.0,0.0,0.0,0.0,0.0,0.0,4.0,12.0,1.0,12.17,5.01,2.51,1.49,0.0,-0.1,0.0,1.1,0.0,-0.2,-0.6000000000000001,-0.2,-23.200000000000003,0.0,0.0,25.5,0.0,21.3,31.6,31.6,32.4,300.0,300.0,30.6,34.7,30.9,30.4,32.1,4.96,1.99,4.96,0.16,0.0,0.0,1027.0,8228.0,0.0,0.0,0.0,0.0,0.0,1.0,0.0,0.0,0.0,0.0,0.0,0.6000000000000001,0.0,-0.5,0.0,0.0011,16.0,25903.0
2026-07-30T18:59:04.769Z,114.252,114.264,0.0,7.4,0.0,0.0,0.0,0.0,0.0,0.0,0.0,0.0,1.0,0.0,0.0,0.0,9.0,4.0,0.0,0.0,0.0,0.0,0.0,0.0,0.0,0.0,5.0,12.0,1.0,12.17,5.01,2.51,1.49,0.2,-0.2,0.0,1.1,0.0,-0.2,1.1,-1.3,-23.4,0.0,0.0,28.200000000000003,0.0,21.3,31.6,31.6,32.4,300.0,300.0,30.6,34.7,30.9,30.4,32.1,4.96,2.0,4.97,0.16,0.0,0.0,1027.0,8228.0,0.0,0.0,0.0,0.0,0.0,1.0,0.0,0.0,0.0,0.001,0.0,-1.1,0.0,-0.9,0.0,0.0027,16.0,25903.0
2026-07-30T18:59:04.788Z,114.271,114.276,0.0,7.4,0.0,0.0,0.0,0.0,0.0,0.0,0.0,0.0,1.0,0.0,0.0,0.0,9.0,4.0,0.0,0.0,0.0,0.0,0.0,0.0,0.0,0.0,6.0,12.0,1.0,12.17,5.01,2.51,1.49,0.2,-0.3,0.0,1.1,0.0,-0.2,-1.1,-1.9,-23.9,0.0,1.0,32.1,0.0,21.3,31.6,31.6,32.4,300.0,300.0,30.6,34.7,30.9,30.4,32.1,4.96,1.99,4.97,0.16,0.0,0.0,1027.0,8228.0,0.0,0.0,0.0,0.0,0.0,1.0,0.0,0.0,0.0,0.001,0.0,1.0,0.0,-2.9000000000000004,0.0,0.0052,16.0,25903.0
2026-07-30T18:59:04.793Z,114.276,114.288,0.0,7.4,0.0,0.0,0.0,0.0,0.0,0.0,0.0,0.0,1.0,0.0,0.0,0.0,9.0,4.0,0.0,0.0,0.0,0.0,0.0,0.0,0.0,0.0,5.0,12.0,1.0,12.17,5.01,2.51,1.49,0.3,-0.3,0.0,1.1,0.0,-0.2,-1.1,0.4,-24.700000000000003,0.0,1.0,37.3,0.0,21.3,31.6,31.6,32.4,300.0,300.0,30.6,34.7,30.9,30.4,32.1,4.96,1.99,4.97,0.16,0.0,0.0,1027.0,8228.0,0.0,0.0,0.0,0.0,0.0,1.0,0.0,0.0,0.0,0.002,0.0,1.1,0.0,-0.3,0.0,0.0079,16.0,25903.0
2026-07-30T18:59:04.804Z,114.287,114.3,0.0,7.4,0.0,0.0,0.0,0.0,0.0,0.0,0.0,0.0,1.0,0.0,0.0,0.0,9.0,4.0,0.0,0.0,0.0,0.0,0.0,0.0,0.0,0.0,4.0,12.0,1.0,12.17,5.01,2.51,1.49,0.6000000000000001,-0.5,0.0,1.1,0.0,-0.7000000000000001,-0.5,-0.7000000000000001,-25.9,0.0,2.0,44.2,0.0,21.3,31.6,31.6,32.4,300.0,300.0,30.6,34.7,30.9,30.4,32.1,4.96,1.99,4.96,0.16,0.0,0.0,1027.0,8228.0,0.0,0.0,0.0,0.0,0.0,1.0,0.0,0.0,0.0,0.003,0.0,0.2,0.0,-1.2000000000000002,0.0,0.0107,16.0,25903.0
2026-07-30T18:59:04.816Z,114.299,114.312,0.0,7.4,0.0,0.0,0.0,0.0,0.0,0.0,0.0,0.0,1.0,0.0,0.0,0.0,9.0,4.0,0.0,0.0,0.0,0.0,0.0,0.0,0.0,0.0,6.0,12.0,1.0,12.17,5.01,2.51,1.49,0.7000000000000001,-0.5,0.0,1.1,0.0,0.3,0.5,0.4,-27.5,0.0,2.0,52.6,0.0,21.3,31.6,31.6,32.4,300.0,300.0,30.6,34.7,30.9,30.4,32.1,4.96,1.99,4.97,0.16,0.0,0.0,1027.0,8228.0,0.0,0.0,0.0,0.0,0.0,1.0,0.0,0.0,0.0,0.004,0.0,-0.2,0.0,0.9,0.0,0.0143,16.0,25903.0
2026-07-30T18:59:04.828Z,114.311,114.324,0.0,7.4,0.0,0.0,0.0,0.0,0.0,0.0,0.0,0.0,1.0,0.0,0.0,0.0,9.0,4.0,0.0,0.0,0.0,0.0,0.0,0.0,0.0,0.0,1.0,12.0,1.0,12.17,5.01,2.51,1.49,0.7000000000000001,-0.5,0.0,1.1,0.0,1.0,1.1,-0.1,-29.700000000000003,0.0,3.0,61.7,0.0,21.3,31.6,31.6,32.4,300.0,300.0,30.6,34.7,30.9,30.4,32.1,4.95,2.0,4.97,0.16,0.0,0.0,1027.0,8228.0,0.0,0.0,0.0,0.0,0.0,1.0,0.0,0.0,0.0,0.004,0.0,-0.7000000000000001,0.0,1.0,0.0,0.0179,16.0,25903.0
2026-07-30T18:59:04.840Z,114.323,114.336,0.0,7.4,0.0,0.0,0.0,0.0,0.0,0.0,0.0,0.0,1.0,0.0,0.0,0.0,9.0,4.0,0.0,0.0,0.0,0.0,0.0,0.0,0.0,0.0,2.0,12.0,1.0,12.17,5.01,2.51,1.49,0.8,-0.4,0.0,1.1,0.0,-0.7000000000000001,-0.5,0.4,-32.4,0.0,4.0,71.4,0.0,21.3,31.6,31.6,32.4,300.0,300.0,30.6,34.7,30.9,30.4,32.1,4.96,2.0,4.96,0.16,0.0,0.0,1027.0,8228.0,0.0,0.0,0.0,0.0,0.0,1.0,0.0,0.0,0.0,0.005,0.0,0.5,0.0,-0.2,0.0,0.0199,16.0,25903.0
2026-07-30T18:59:04.852Z,114.335,114.348,0.0,7.4,0.0,0.0,0.0,0.0,0.0,0.0,0.0,0.0,1.0,0.0,0.0,0.0,9.0,4.0,0.0,0.0,0.0,0.0,0.0,0.0,0.0,0.0,3.0,12.0,1.0,12.17,5.01,2.5,1.5,1.0,-0.3,0.0,1.1,0.0,-0.7000000000000001,-1.1,-0.7000000000000001,-35.6,0.0,5.0,82.7,0.0,21.4,31.6,31.6,32.300000000000004,300.0,300.0,30.700000000000003,34.7,30.9,30.4,32.1,4.96,1.99,4.97,0.16,0.0,0.0,1027.0,8228.0,0.0,0.0,0.0,0.0,0.0,1.0,0.0,0.0,0.0,0.006,0.0,-0.5,0.0,-1.7000000000000002,0.0,0.0216,16.0,25903.0
2026-07-30T18:59:04.865Z,114.348,114.36,0.0,7.4,0.0,0.0,0.0,0.0,0.0,0.0,0.0,0.0,1.0,0.0,0.0,0.0,9.0,4.0,0.0,0.0,0.0,0.0,0.0,0.0,0.0,0.0,4.0,12.0,1.0,12.17,5.01,2.5,1.5,1.0,-0.1,0.0,1.1,0.0,0.3,0.0,-0.1,-39.6,0.0,6.0,96.6,0.0,21.4,31.6,31.6,32.300000000000004,300.0,300.0,30.700000000000003,34.7,30.9,30.4,32.1,4.96,1.99,4.96,0.16,0.0,0.0,1027.0,8228.0,0.0,0.0,0.0,0.0,0.0,1.0,0.0,0.0,0.0,0.007,0.0,0.3,0.0,-0.4,0.0,0.0244,16.0,25903.0
2026-07-30T18:59:04.876Z,114.359,114.372,0.0,7.4,0.0,0.0,0.0,0.0,0.0,0.0,0.0,0.0,1.0,0.0,0.0,0.0,9.0,4.0,0.0,0.0,0.0,0.0,0.0,0.0,0.0,0.0,5.0,12.0,1.0,12.17,5.01,2.5,1.5,1.2000000000000002,0.2,0.0,1.1,0.0,0.4,0.0,-0.7000000000000001,-44.2,0.0,7.0,111.7,0.0,21.4,31.6,31.6,32.300000000000004,300.0,300.0,30.700000000000003,34.7,30.9,30.4,32.1,4.96,2.0,4.96,0.16,0.0,0.0,1027.0,8228.0,0.0,0.0,0.0,0.0,0.0,1.0,0.0,0.0,0.0,0.008,0.0,-0.4,0.0,-0.6000000000000001,0.0,0.0295,16.0,25903.0
2026-07-30T18:59:04.888Z,114.371,114.384,0.0,7.4,0.0,0.0,0.0,0.0,0.0,0.0,0.0,0.0,1.0,0.0,0.0,0.0,9.0,4.0,0.0,0.0,0.0,0.0,0.0,0.0,0.0,0.0,6.0,12.0,1.0,12.17,5.01,2.5,1.5,1.0,0.7000000000000001,0.0,1.3,0.0,-0.1,0.6000000000000001,-0.1,-49.8,0.0,8.0,129.0,0.0,21.4,31.6,31.6,32.300000000000004,300.0,300.0,30.700000000000003,34.7,30.9,30.4,32.1,4.95,2.0,4.96,0.16,0.0,0.0,1027.0,8228.0,0.0,0.0,0.0,0.0,0.0,1.0,0.0,0.0,0.0,0.009,0.0,0.7000000000000001,0.0,-0.6000000000000001,0.0,0.033,16.0,25903.0
2026-07-30T18:59:04.901Z,114.384,114.396,0.0,7.4,0.0,0.0,0.0,0.0,0.0,0.0,0.0,0.0,1.0,0.0,0.0,0.0,9.0,4.0,0.0,0.0,0.0,0.0,0.0,0.0,0.0,0.0,1.0,12.0,1.0,12.17,5.01,2.5,1.5,0.6000000000000001,1.4,0.0,1.6,0.0,-0.1,-1.1,-0.7000000000000001,-56.2,0.0,9.0,147.6,0.0,21.4,31.6,31.6,32.300000000000004,300.0,300.0,30.700000000000003,34.7,30.9,30.4,32.1,4.96,1.99,4.97,0.16,0.0,0.0,1027.0,8228.0,0.0,0.0,0.0,0.0,0.0,1.0,0.0,0.0,0.0,0.01,0.0,-1.8,0.0,-0.3,0.0,0.0376,16.0,25903.0
2026-07-30T18:59:04.912Z,114.395,114.408,0.0,7.4,0.0,0.0,0.0,0.0,0.0,0.0,0.0,0.0,1.0,0.0,0.0,0.0,9.0,4.0,0.0,0.0,0.0,0.0,0.0,0.0,0.0,0.0,3.0,12.0,1.0,12.17,5.01,2.5,1.5,-0.2,2.1,0.0,1.7000000000000002,0.0,-0.7000000000000001,0.0,-1.3,-63.6,0.0,11.0,167.60000000000002,0.0,21.4,31.6,31.6,32.300000000000004,300.0,300.0,30.700000000000003,34.7,30.9,30.4,32.1,4.96,2.0,4.96,0.16,0.0,0.0,1027.0,8228.0,0.0,0.0,0.0,0.0,0.0,1.0,0.0,0.0,0.0,0.011,0.0,-1.0,0.0,1.1,0.0,0.041,16.0,25903.0
2026-07-30T18:59:04.924Z,114.407,114.42,0.0,7.4,0.0,0.0,0.0,0.0,0.0,0.0,0.0,0.0,1.0,0.0,0.0,0.0,9.0,4.0,0.0,0.0,0.0,0.0,0.0,0.0,0.0,0.0,4.0,12.0,1.0,12.17,5.01,2.5,1.5,-1.4,2.6,0.0,2.2,0.0,-0.2,1.1,-0.1,-58.5,0.0,12.0,192.8,0.0,21.4,31.6,31.6,32.300000000000004,300.0,300.0,30.700000000000003,34.7,30.9,30.4,32.1,4.96,1.99,4.96,0.16,0.0,0.0,1027.0,8228.0,0.0,0.0,0.0,0.0,0.0,1.0,0.0,0.0,0.0,0.012,0.0,1.2000000000000002,0.0,-0.1,0.0,0.0441,16.0,25903.0
2026-07-30T18:59:04.936Z,114.419,114.432,0.0,7.4,0.0,0.0,0.0,0.0,0.0,0.0,0.0,0.0,1.0,0.0,0.0,0.0,9.0,4.0,0.0,0.0,0.0,0.0,0.0,0.0,0.0,0.0,5.0,12.0,1.0,12.17,5.01,2.5,1.5,-2.6,2.5,0.0,2.3000000000000003,0.0,-0.2,1.1,1.0,-43.2,0.0,14.0,221.9,0.0,21.4,31.6,31.6,32.300000000000004,300.0,300.0,30.700000000000003,34.7,30.9,30.4,32.1,4.95,1.99,4.97,0.16,0.0,0.0,1027.0,8228.0,0.0,0.0,0.0,0.0,0.0,1.0,0.0,0.0,0.0,0.013,0.0,0.7000000000000001,0.0,-2.0,0.0,0.0504,16.0,25903.0
2026-07-30T18:59:04.949Z,114.432,114.444,0.0,7.4,0.0,0.0,0.0,0.0,0.0,0.0,0.0,0.0,1.0,0.0,0.0,0.0,9.0,4.0,0.0,0.0,0.0,0.0,0.0,0.0,0.0,0.0,6.0,12.0,1.0,12.17,5.0200000000000005,2.51,1.49,-3.1,1.3,0.0,2.7,0.0,0.3,-0.6000000000000001,0.4,-31.4,0.0,17.0,259.5,0.0,21.200000000000003,31.6,31.6,32.300000000000004,300.0,300.0,30.700000000000003,34.7,30.9,30.4,32.1,4.95,1.99,4.97,0.16,0.0,0.0,1027.0,8228.0,0.0,0.0,0.0,0.0,0.0,1.0,0.0,0.0,0.0,0.014,0.0,-0.5,0.0,0.3,0.0,0.0538,16.0,25903.0
2026-07-30T18:59:04.960Z,114.443,114.456,0.0,7.4,0.0,0.0,0.0,0.0,0.0,0.0,0.0,0.0,1.0,0.0,0.0,0.0,9.0,4.0,0.0,0.0,0.0,0.0,0.0,0.0,0.0,0.0,1.0,12.0,1.0,12.17,5.0200000000000005,2.51,1.49,-2.5,-0.4,0.0,2.7,0.0,0.4,0.0,-0.1,-23.3,0.0,19.0,297.40000000000003,0.0,21.200000000000003,31.6,31.6,32.300000000000004,300.0,300.0,30.700000000000003,34.7,30.9,30.4,32.1,4.95,2.0,4.96,0.16,0.0,0.0,1027.0,8228.0,0.0,0.0,0.0,0.0,0.0,1.0,0.0,0.0,0.0,0.015,0.0,0.2,0.0,0.0,0.0,0.057,16.0,25903.0
2026-07-30T18:59:04.972Z,114.455,114.468,0.0,7.4,0.0,0.0,0.0,0.0,0.0,0.0,0.0,0.0,1.0,0.0,0.0,0.0,9.0,4.0,0.0,0.0,0.0,0.0,0.0,0.0,0.0,0.0,2.0,12.0,1.0,12.17,5.0200000000000005,2.51,1.49,-0.7000000000000001,-2.4000000000000004,0.0,3.0,0.0,-0.7000000000000001,-0.6000000000000001,-1.3,-18.5,0.0,22.0,336.3,0.0,21.200000000000003,31.6,31.6,32.300000000000004,300.0,300.0,30.700000000000003,34.7,30.9,30.4,32.1,4.95,1.99,4.96,0.16,0.0,0.0,1027.0,8228.0,0.0,0.0,0.0,0.0,0.0,1.0,0.0,0.0,0.0,0.016,0.0,1.8,0.0,-0.6000000000000001,0.0,0.0607,16.0,25903.0
2026-07-30T18:59:04.985Z,114.468,114.48,0.0,7.4,0.0,0.0,0.0,0.0,0.0,0.0,0.0,0.0,1.0,0.0,0.0,0.0,9.0,4.0,0.0,0.0,0.0,0.0,0.0,0.0,0.0,0.0,3.0,12.0,1.0,12.17,5.0200000000000005,2.51,1.49,1.5,-3.6,0.0,3.3000000000000003,0.0,0.3,-0.6000000000000001,0.9,-16.8,0.0,24.0,12.9,0.0,21.200000000000003,31.6,31.6,32.300000000000004,300.0,300.0,30.700000000000003,34.7,30.9,30.4,32.1,4.96,1.99,4.97,0.16,0.0,0.0,1027.0,8228.0,0.0,0.0,0.0,0.0,0.0,1.0,0.0,0.0,0.0,0.017,0.0,0.3,0.0,0.9,0.0,0.0645,16.0,25903.0
2026-07-30T18:59:04.996Z,114.479,114.492,0.0,7.4,0.0,0.0,0.0,0.0,0.0,0.0,0.0,0.0,1.0,0.0,0.0,0.0,9.0,4.0,0.0,0.0,0.0,0.0,0.0,0.0,0.0,0.0,4.0,12.0,1.0,12.17,5.0200000000000005,2.51,1.49,3.7,-3.1,0.0,3.4000000000000004,0.0,-0.1,-0.5,-0.1,-18.0,0.0,26.0,52.7,0.0,21.200000000000003,31.6,31.6,32.300000000000004,300.0,300.0,30.700000000000003,34.7,30.9,30.4,32.1,4.95,1.99,4.96,0.16,0.0,0.0,1027.0,8228.0,0.0,0.0,0.0,0.0,0.0,1.0,0.0,0.0,0.0,0.018,0.0,0.3,0.0,-0.7000000000000001,0.0,0.0687,16.0,25903.0
2026-07-30T18:59:05.008Z,114.491,114.504,0.0,7.4,0.0,0.0,0.0,0.0,0.0,0.0,0.0,0.0,1.0,0.0,0.0,0.0,9.0,4.0,0.0,0.0,0.0,0.0,0.0,0.0,0.0,0.0,5.0,12.0,1.0,12.17,5.0200000000000005,2.51,1.49,3.8,-0.4,0.0,3.8,0.0,0.4,0.0,-0.1,-22.3,0.0,29.0,99.4,0.0,21.200000000000003,31.6,31.6,32.300000000000004,300.0,300.0,30.700000000000003,34.7,30.9,30.4,32.1,4.95,1.99,4.97,0.16,0.0,0.0,1027.0,8228.0,0.0,0.0,0.0,0.0,0.0,1.0,0.0,0.0,0.0,0.019,0.0,-0.1,0.0,0.0,0.0,0.0734,16.0,25903.0
2026-07-30T18:59:05.019Z,114.502,114.516,0.0,7.4,0.0,0.0,0.0,0.0,0.0,0.0,0.0,0.0,1.0,0.0,0.0,0.0,9.0,4.0,0.0,0.0,0.0,0.0,0.0,0.0,0.0,0.0,6.0,12.0,1.0,12.17,5.0200000000000005,2.51,1.49,1.4,2.9000000000000004,0.0,3.9,0.0,-0.1,1.8,-0.8,-29.700000000000003,0.0,32.0,148.20000000000002,0.0,21.200000000000003,31.6,31.6,32.300000000000004,300.0,300.0,30.700000000000003,34.7,30.9,30.4,32.1,4.95,1.99,4.97,0.16,0.0,0.0,1027.0,8228.0,0.0,0.0,0.0,0.0,0.0,1.0,0.0,0.0,0.0,0.02,0.0,0.9,0.0,1.5,0.0,0.0785,16.0,25903.0
2026-07-30T18:59:05.032Z,114.515,114.528,0.0,7.4,0.0,0.0,0.0,0.0,0.0,0.0,0.0,0.0,1.0,0.0,0.0,0.0,9.0,4.0,0.0,0.0,0.0,0.0,0.0,0.0,0.0,0.0,1.0,12.0,1.0,12.17,5.0200000000000005,2.51,1.49,-2.2,4.5,0.1,4.2,0.0,0.4,0.6000000000000001,-0.1,-31.3,0.0,34.0,194.6,0.0,21.200000000000003,31.6,31.6,32.300000000000004,300.0,300.0,30.700000000000003,34.7,30.9,30.4,32.1,4.96,1.99,4.96,0.16,0.0,0.0,1027.0,8228.0,0.0,0.0,0.0,0.0,0.0,1.0,0.0,0.0,0.0,0.022,0.0,0.6000000000000001,0.0,0.0,0.0,0.0839,16.0,25903.0
2026-07-30T18:59:05.044Z,114.527,114.54,0.0,7.4,0.0,0.0,0.0,0.0,0.0,0.0,0.0,0.0,1.0,0.0,0.0,0.0,9.0,4.0,0.0,0.0,0.0,0.0,0.0,0.0,0.0,0.0,2.0,12.0,1.0,12.17,5.0200000000000005,2.51,1.49,-4.800000000000001,3.1,0.1,4.3,0.0,0.3,-0.5,1.5,-18.8,0.0,36.0,243.8,0.0,21.200000000000003,31.6,31.6,32.300000000000004,300.0,300.0,30.700000000000003,34.7,30.9,30.4,32.1,4.95,2.0,4.96,0.16,0.0,0.0,1027.0,8228.0,0.0,0.0,0.0,0.0,0.0,1.0,0.0,0.0,0.0,0.023,0.0,-1.2000000000000002,0.0,-0.9,0.0,0.0894,16.0,25903.0
2026-07-30T18:59:05.056Z,114.539,114.552,0.0,7.4,0.0,0.0,0.0,0.0,0.0,0.0,0.0,0.0,1.0,0.0,0.0,0.0,9.0,4.0,0.0,0.0,0.0,0.0,0.0,0.0,0.0,0.0,3.0,12.0,1.0,12.19,5.0200000000000005,2.51,1.49,-3.5,-1.1,0.1,4.5,0.0,-0.2,0.0,1.0,-11.2,0.0,39.0,301.1,0.0,21.200000000000003,31.6,31.6,32.300000000000004,300.0,300.0,30.700000000000003,34.7,30.9,30.4,32.1,4.95,1.99,4.97,0.16,0.0,0.0,1027.0,8228.0,0.0,0.0,0.0,0.0,0.0,1.0,0.0,0.0,0.0,0.025,0.0,-1.2000000000000002,0.0,0.0,0.0,0.0951,16.0,25903.0
2026-07-30T18:59:05.068Z,114.551,114.564,0.0,7.4,0.0,0.0,0.0,0.0,0.0,0.0,0.0,0.0,1.0,0.0,0.0,0.0,9.0,4.0,0.0,0.0,0.0,0.0,0.0,0.0,0.0,0.0,4.0,12.0,1.0,12.19,5.0200000000000005,2.51,1.49,0.8,-4.7,0.1,4.7,0.0,0.9,0.0,0.4,-8.200000000000001,0.0,42.0,357.70000000000005,0.0,21.200000000000003,31.6,31.6,32.300000000000004,300.0,300.0,30.700000000000003,34.7,30.9,30.4,32.1,4.95,1.99,4.97,0.16,0.0,0.0,1027.0,8228.0,0.0,0.0,0.0,0.0,0.0,1.0,0.0,0.0,0.0,0.026,0.0,-0.3,0.0,0.4,0.0,0.1011,16.0,25903.0
2026-07-30T18:59:05.080Z,114.563,114.576,0.0,7.4,0.0,0.0,0.0,0.0,0.0,0.0,0.0,0.0,1.0,0.0,0.0,0.0,9.0,4.0,0.0,0.0,0.0,0.0,0.0,0.0,0.0,0.0,5.0,12.0,1.0,12.19,5.0200000000000005,2.51,1.49,4.7,-4.1000000000000005,0.1,4.800000000000001,0.0,-0.2,0.0,0.5,-9.5,0.0,45.0,53.1,0.0,21.200000000000003,31.6,31.6,32.300000000000004,300.0,300.0,30.700000000000003,34.7,30.9,30.4,32.1,4.96,1.99,4.96,0.16,0.0,0.0,1027.0,8228.0,0.0,0.0,0.0,0.0,0.0,1.0,0.0,0.0,0.0,0.028,0.0,0.1,0.0,0.6000000000000001,0.0,0.1071,16.0,25903.0
2026-07-30T18:59:05.092Z,114.575,114.588,0.0,7.4,0.0,0.0,0.0,0.0,0.0,0.0,0.0,0.0,1.0,0.0,0.0,0.0,9.0,4.0,0.0,0.0,0.0,0.0,0.0,0.0,0.0,0.0,1.0,12.0,1.0,12.19,5.0200000000000005,2.51,1.49,4.3,0.4,0.1,4.800000000000001,0.0,-0.2,-1.0,-1.1,-14.8,0.0,47.0,110.7,0.0,21.200000000000003,31.6,31.6,32.300000000000004,300.0,300.0,30.700000000000003,34.7,30.9,30.4,32.1,4.95,1.99,4.97,0.16,0.0,0.0,1027.0,8228.0,0.0,0.0,0.0,0.0,0.0,1.0,0.0,0.0,0.0,0.029,0.0,-1.7000000000000002,0.0,-1.3,0.0,0.1131,16.0,25903.0
2026-07-30T18:59:05.105Z,114.588,114.6,0.0,7.4,0.0,0.0,0.0,0.0,0.0,0.0,0.0,0.0,1.0,0.0,0.0,0.0,9.0,4.0,0.0,0.0,0.0,0.0,0.0,0.0,0.0,0.0,6.0,12.0,1.0,12.19,5.0200000000000005,2.51,1.49,0.0,4.6000000000000005,0.1,4.9,0.0,-0.2,0.6000000000000001,1.1,-23.9,0.0,50.0,166.60000000000002,0.0,21.200000000000003,31.6,31.6,32.300000000000004,300.0,300.0,30.700000000000003,34.7,30.9,30.4,32.1,4.95,2.0,4.97,0.16,0.0,0.0,1027.0,8228.0,0.0,0.0,0.0,0.0,0.0,1.0,0.0,0.0,0.0,0.031,0.0,1.6,0.0,-0.7000000000000001,0.0,0.119,16.0,25903.0
2026-07-30T18:59:05.116Z,114.599,114.612,0.0,7.4,0.0,0.0,0.0,0.0,0.0,0.0,0.0,0.0,1.0,0.0,0.0,0.0,9.0,4.0,0.0,0.0,0.0,0.0,0.0,0.0,0.0,0.0,4.0,12.0,1.0,12.19,5.0200000000000005,2.51,1.49,-4.2,4.5,0.2,4.800000000000001,0.0,0.3,0.7000000000000001,-0.6000000000000001,-16.5,0.0,52.0,220.9,0.0,21.200000000000003,31.6,31.6,32.300000000000004,300.0,300.0,30.700000000000003,34.7,30.9,30.4,32.1,4.96,2.0,4.97,0.16,0.0,0.0,1027.0,8228.0,0.0,0.0,0.0,0.0,0.0,1.0,0.0,0.0,0.0,0.03,0.0,0.7000000000000001,0.0,0.1,0.0,0.1243,16.0,25903.0
2026-07-30T18:59:05.128Z,114.611,114.624,0.0,7.4,0.0,0.0,0.0,0.0,0.0,0.0,0.0,0.0,1.0,0.0,0.0,0.0,9.0,4.0,0.0,0.0,0.0,0.0,0.0,0.0,0.0,0.0,6.0,12.0,1.0,12.19,5.0200000000000005,2.51,1.49,-4.5,0.7000000000000001,0.2,4.800000000000001,0.0,0.3,0.7000000000000001,1.7000000000000002,-7.300000000000001,0.0,54.0,278.7,0.0,21.200000000000003,31.6,31.6,32.300000000000004,300.0,300.0,30.700000000000003,34.7,30.9,30.4,32.1,4.96,2.0,4.96,0.16,0.0,0.0,1027.0,8228.0,0.0,0.0,0.0,0.0,0.0,1.0,0.0,0.0,0.0,0.032,0.0,-1.9,0.0,-1.5,0.0,0.1237,16.0,25903.0
2026-07-30T18:59:05.141Z,114.624,114.636,0.0,7.4,0.0,0.0,0.0,0.0,0.0,0.0,0.0,0.0,1.0,0.0,0.0,0.0,9.0,4.0,0.0,0.0,0.0,0.0,0.0,0.0,0.0,0.0,1.0,12.0,1.0,12.19,5.0200000000000005,2.51,1.49,-1.1,-3.4000000000000004,0.2,4.800000000000001,0.0,0.3,-1.1,-1.2000000000000002,-3.0,0.0,55.0,335.0,0.0,21.200000000000003,31.6,31.6,32.300000000000004,300.0,300.0,30.700000000000003,34.7,30.9,30.4,32.1,4.95,1.99,4.97,0.16,0.0,0.0,1027.0,8228.0,0.0,0.0,0.0,0.0,0.0,1.0,0.0,0.0,0.0,0.032,0.0,2.4000000000000004,0.0,-0.2,0.0,0.1287,16.0,25903.0
2026-07-30T18:59:05.153Z,114.636,114.648,0.0,7.4,0.0,0.0,0.0,0.0,0.0,0.0,0.0,0.0,1.0,0.0,0.0,0.0,9.0,4.0,0.0,0.0,0.0,0.0,0.0,0.0,0.0,0.0,2.0,12.0,1.0,12.17,5.0200000000000005,2.5,1.49,2.9000000000000004,-4.5,0.2,4.7,0.0,0.9,-0.5,0.0,-2.8000000000000003,0.0,57.0,26.5,0.0,21.4,31.6,31.6,32.300000000000004,300.0,300.0,30.700000000000003,34.7,30.9,30.4,32.1,4.95,1.99,4.96,0.16,0.0,0.0,1027.0,8228.0,0.0,0.0,0.0,0.0,0.0,1.0,0.0,0.0,0.0,0.03,0.0,0.6000000000000001,0.0,-0.3,0.0,0.1289,16.0,25903.0
2026-07-30T18:59:05.164Z,114.647,114.66,0.0,7.4,0.0,0.0,0.0,0.0,0.0,0.0,0.0,0.0,1.0,0.0,0.0,0.0,9.0,4.0,0.0,0.0,0.0,0.0,0.0,0.0,0.0,0.0,3.0,12.0,1.0,12.17,5.0200000000000005,2.5,1.49,4.5,-2.2,0.2,4.7,0.0,-0.7000000000000001,1.2000000000000002,0.0,-6.4,0.0,58.0,77.7,0.0,21.4,31.6,31.6,32.300000000000004,300.0,300.0,30.700000000000003,34.7,30.9,30.4,32.1,4.96,1.99,4.96,0.16,0.0,0.0,1027.0,8228.0,0.0,0.0,0.0,0.0,0.0,1.0,0.0,0.0,0.0,0.029,0.0,-0.3,0.0,1.3,0.0,0.1202,16.0,25903.0
2026-07-30T18:59:05.176Z,114.659,114.672,0.0,7.4,0.0,0.0,0.0,0.0,0.0,0.0,0.0,0.0,1.0,0.0,0.0,0.0,9.0,4.0,0.0,0.0,0.0,0.0,0.0,0.0,0.0,0.0,5.0,12.0,1.0,12.17,5.0200000000000005,2.5,1.49,2.9000000000000004,1.5,0.2,4.7,0.0,1.5,0.0,1.1,-13.5,0.0,59.0,129.4,0.0,21.4,31.6,31.6,32.300000000000004,300.0,300.0,30.700000000000003,34.7,30.9,30.4,32.1,4.95,1.99,4.97,0.16,0.0,0.0,1027.0,8228.0,0.0,0.0,0.0,0.0,0.0,1.0,0.0,0.0,0.0,0.029,0.0,1.3,0.0,-0.1,0.0,0.1167,16.0,25903.0
2026-07-30T18:59:05.187Z,114.67,114.684,0.0,7.4,0.0,0.0,0.0,0.0,0.0,0.0,0.0,0.0,1.0,0.0,0.0,0.0,9.0,4.0,0.0,0.0,0.0,0.0,0.0,0.0,0.0,0.0,6.0,12.0,1.0,12.17,5.0200000000000005,2.5,1.49,-0.8,4.2,0.2,4.6000000000000005,0.0,-0.7000000000000001,-1.0,-0.6000000000000001,-23.8,0.0,60.0,178.5,0.0,21.4,31.6,31.6,32.300000000000004,300.0,300.0,30.700000000000003,34.7,30.9,30.4,32.1,4.95,1.99,4.97,0.16,0.0,0.0,1027.0,8228.0,0.0,0.0,0.0,0.0,0.0,1.0,0.0,0.0,0.0,0.028,0.0,-1.6,0.0,0.5,0.0,0.1173,16.0,25903.0
2026-07-30T18:59:05.200Z,114.683,114.696,0.0,7.4,0.0,0.0,0.0,0.0,0.0,0.0,0.0,0.0,1.0,0.0,0.0,0.0,9.0,4.0,0.0,0.0,0.0,0.0,0.0,0.0,0.0,0.0,1.0,12.0,1.0,12.17,5.0200000000000005,2.5,1.49,-3.7,3.8,0.2,4.5,0.0,-0.1,0.0,-1.1,-11.3,0.0,60.0,225.5,0.0,21.4,31.6,31.6,32.300000000000004,300.0,300.0,30.700000000000003,34.7,30.9,30.4,32.1,4.95,2.0,4.96,0.16,0.0,0.0,1027.0,8228.0,0.0,0.0,0.0,0.0,0.0,1.0,0.0,0.0,0.0,0.027,0.0,0.4,0.0,1.2000000000000002,0.0,0.1132,16.0,25903.0
2026-07-30T18:59:05.211Z,114.694,114.708,0.0,7.4,0.0,0.0,0.0,0.0,0.0,0.0,0.0,0.0,1.0,0.0,0.0,0.0,9.0,4.0,0.0,0.0,0.0,0.0,0.0,0.0,0.0,0.0,3.0,12.0,1.0,12.17,5.0200000000000005,2.5,1.49,-4.1000000000000005,1.0,0.2,4.5,0.0,1.0,1.2000000000000002,1.1,-2.4000000000000004,0.0,60.0,273.0,0.0,21.4,31.6,31.6,32.300000000000004,300.0,300.0,30.700000000000003,34.7,30.9,30.4,32.1,4.95,1.99,4.96,0.16,0.0,0.0,1027.0,8228.0,0.0,0.0,0.0,0.0,0.0,1.0,0.0,0.0,0.0,0.026,0.0,-1.2000000000000002,0.0,-2.0,0.0,0.1083,16.0,25903.0
2026-07-30T18:59:05.224Z,114.707,114.72,0.0,7.4,0.0,0.0,0.0,0.0,0.0,0.0,0.0,0.0,1.0,0.0,0.0,0.0,9.0,4.0,0.0,0.0,0.0,0.0,0.0,0.0,0.0,0.0,4.0,12.0,1.0,12.17,5.0200000000000005,2.5,1.49,-2.1,-2.0,0.2,4.5,0.0,0.4,0.1,1.1,2.4000000000000004,0.0,61.0,317.40000000000003,0.0,21.4,31.6,31.6,32.300000000000004,300.0,300.0,30.700000000000003,34.7,30.9,30.4,32.1,4.95,1.99,4.97,0.16,0.0,0.0,1027.0,8228.0,0.0,0.0,0.0,0.0,0.0,1.0,0.0,0.0,0.0,0.025,0.0,-1.3,0.0,0.2,0.0,0.1076,16.0,25903.0
2026-07-30T18:59:05.236Z,114.719,114.732,0.0,7.4,0.0,0.0,0.0,0.0,0.0,0.0,0.0,0.0,1.0,0.0,0.0,0.0,9.0,4.0,0.0,0.0,0.0,0.0,0.0,0.0,0.0,0.0,6.0,12.0,1.0,12.17,5.0200000000000005,2.5,1.49,1.0,-3.9,0.2,4.5,0.0,-0.1,0.1,0.0,3.6,0.0,61.0,3.6,0.0,21.4,31.6,31.6,32.300000000000004,300.0,300.0,30.700000000000003,34.7,30.9,30.4,32.1,4.96,1.99,4.96,0.16,0.0,0.0,1027.0,8228.0,0.0,0.0,0.0,0.0,0.0,1.0,0.0,0.0,0.0,0.026,0.0,-0.1,0.0,0.0,0.0,0.1031,16.0,25903.0
2026-07-30T18:59:05.247Z,114.73,114.744,0.0,7.4,0.0,0.0,0.0,0.0,0.0,0.0,0.0,0.0,1.0,0.0,0.0,0.0,9.0,4.0,0.0,0.0,0.0,0.0,0.0,0.0,0.0,0.0,1.0,12.0,1.0,12.17,5.0200000000000005,2.5,1.49,3.4000000000000004,-3.3000000000000003,0.2,4.5,0.0,0.4,1.3,0.5,1.5,0.0,61.0,48.2,0.0,21.4,31.6,31.6,32.300000000000004,300.0,300.0,30.700000000000003,34.7,30.9,30.4,32.1,4.96,2.0,4.97,0.16,0.0,0.0,1027.0,8228.0,0.0,0.0,0.0,0.0,0.0,1.0,0.0,0.0,0.0,0.025,0.0,-0.8,0.0,1.7000000000000002,0.0,0.1044,16.0,25903.0
2026-07-30T18:59:05.260Z,114.743,114.756,0.0,7.4,0.0,0.0,0.0,0.0,0.0,0.0,0.0,0.0,1.0,0.0,0.0,0.0,9.0,4.0,0.0,0.0,0.0,0.0,0.0,0.0,0.0,0.0,2.0,12.0,1.0,12.17,5.0200000000000005,2.51,1.5,3.6,-1.0,0.2,4.3,0.0,-0.6000000000000001,0.1,-1.1,-3.7,0.0,61.0,91.7,0.0,21.8,31.6,31.6,32.2,300.0,300.0,30.700000000000003,34.7,30.9,30.4,32.1,4.95,1.99,4.97,0.16,0.0,0.0,1027.0,8228.0,0.0,0.0,0.0,0.0,0.0,1.0,0.0,0.0,0.0,0.024,0.0,-1.1,0.0,-0.4,0.0,0.1023,16.0,25903.0
2026-07-30T18:59:05.272Z,114.755,114.768,0.0,7.4,0.0,0.0,0.0,0.0,0.0,0.0,0.0,0.0,1.0,0.0,0.0,0.0,9.0,4.0,0.0,0.0,0.0,0.0,0.0,0.0,0.0,0.0,4.0,12.0,1.0,12.17,5.0200000000000005,2.51,1.5,2.1,1.6,0.1,4.4,0.0,0.4,-0.4,1.7000000000000002,-11.6,0.0,61.0,132.6,0.0,21.8,31.6,31.6,32.2,300.0,300.0,30.700000000000003,34.7,30.9,30.4,32.1,4.96,1.99,4.97,0.16,0.0,0.0,1027.0,8228.0,0.0,0.0,0.0,0.0,0.0,1.0,0.0,0.0,0.0,0.023,0.0,1.6,0.0,-0.8,0.0,0.0998,16.0,25903.0
2026-07-30T18:59:05.284Z,114.767,114.78,0.0,7.4,0.0,0.0,0.0,0.0,0.0,0.0,0.0,0.0,1.0,0.0,0.0,0.0,9.0,4.0,0.0,0.0,0.0,0.0,0.0,0.0,0.0,0.0,5.0,12.0,1.0,12.17,5.0200000000000005,2.51,1.5,-0.3,3.4000000000000004,0.1,4.3,0.0,0.4,0.7000000000000001,0.0,-21.8,0.0,60.0,171.70000000000002,0.0,21.8,31.6,31.6,32.2,300.0,300.0,30.700000000000003,34.7,30.9,30.4,32.1,4.95,1.99,4.96,0.16,0.0,0.0,1027.0,8228.0,0.0,0.0,0.0,0.0,0.0,1.0,0.0,0.0,0.0,0.022,0.0,0.8,0.0,0.0,0.0,0.0948,16.0,25903.0
2026-07-30T18:59:05.296Z,114.779,114.792,0.0,7.4,0.0,0.0,0.0,0.0,0.0,0.0,0.0,0.0,1.0,0.0,0.0,0.0,9.0,4.0,0.0,0.0,0.0,0.0,0.0,0.0,0.0,0.0,1.0,12.0,1.0,12.17,5.0200000000000005,2.51,1.5,-2.7,3.6,0.1,4.4,0.0,0.0,0.1,-0.4,-13.3,0.0,60.0,211.2,0.0,21.8,31.6,31.6,32.2,300.0,300.0,30.700000000000003,34.7,30.9,30.4,32.1,4.95,1.99,4.97,0.16,0.0,0.0,1027.0,8228.0,0.0,0.0,0.0,0.0,0.0,1.0,0.0,0.0,0.0,0.022,0.0,0.1,0.0,0.4,0.0,0.0902,16.0,25903.0
2026-07-30T18:59:05.308Z,114.791,114.804,0.0,7.4,0.0,0.0,0.0,0.0,0.0,0.0,0.0,0.0,1.0,0.0,0.0,0.0,9.0,4.0,0.0,0.0,0.0,0.0,0.0,0.0,0.0,0.0,2.0,12.0,1.0,12.17,5.0200000000000005,2.51,1.5,-3.5,1.9,0.1,4.3,0.0,0.4,0.1,1.8,-3.0,0.0,60.0,251.0,0.0,21.8,31.6,31.6,32.2,300.0,300.0,30.700000000000003,34.7,30.9,30.4,32.1,4.96,1.99,4.97,0.16,0.0,0.0,1027.0,8228.0,0.0,0.0,0.0,0.0,0.0,1.0,0.0,0.0,0.0,0.022,0.0,-1.3,0.0,-1.7000000000000002,0.0,0.0895,16.0,25903.0
2026-07-30T18:59:05.320Z,114.803,114.816,0.0,7.4,0.0,0.0,0.0,0.0,0.0,0.0,0.0,0.0,1.0,0.0,0.0,0.0,9.0,4.0,0.0,0.0,0.0,0.0,0.0,0.0,0.0,0.0,4.0,12.0,1.0,12.17,5.0200000000000005,2.51,1.5,-2.8000000000000003,0.0,0.1,4.3,0.0,-0.1,-0.4,-1.1,3.6,0.0,59.0,290.2,0.0,21.8,31.6,31.6,32.2,300.0,300.0,30.700000000000003,34.7,30.9,30.4,32.1,4.96,1.99,4.96,0.16,0.0,0.0,1027.0,8228.0,0.0,0.0,0.0,0.0,0.0,1.0,0.0,0.0,0.0,0.022,0.0,1.4,0.0,0.6000000000000001,0.0,0.0901,16.0,25903.0
2026-07-30T18:59:05.332Z,114.815,114.828,0.0,7.4,0.0,0.0,0.0,0.0,0.0,0.0,0.0,0.0,1.0,0.0,0.0,0.0,9.0,4.0,0.0,0.0,0.0,0.0,0.0,0.0,0.0,0.0,5.0,12.0,1.0,12.17,5.0200000000000005,2.51,1.5,-1.2000000000000002,-1.9,0.1,4.3,0.0,1.0,-0.4,0.6000000000000001,7.1000000000000005,0.0,59.0,327.20000000000005,0.0,21.8,31.6,31.6,32.2,300.0,300.0,30.700000000000003,34.7,30.9,30.4,32.1,4.95,1.99,4.97,0.16,0.0,0.0,1027.0,8228.0,0.0,0.0,0.0,0.0,0.0,1.0,0.0,0.0,0.0,0.021,0.0,-0.2,0.0,0.6000000000000001,0.0,0.0897,16.0,25903.0
2026-07-30T18:59:05.344Z,114.827,114.84,0.0,7.4,0.0,0.0,0.0,0.0,0.0,0.0,0.0,0.0,1.0,0.0,0.0,0.0,9.0,4.0,0.0,0.0,0.0,0.0,0.0,0.0,0.0,0.0,6.0,12.0,1.0,12.17,5.0200000000000005,2.51,1.5,0.7000000000000001,-3.0,0.1,4.2,0.0,0.0,0.7000000000000001,0.6000000000000001,7.7,0.0,58.0,2.4000000000000004,0.0,21.8,31.6,31.6,32.2,300.0,300.0,30.700000000000003,34.7,30.9,30.4,32.1,4.95,1.99,4.97,0.16,0.0,0.0,1027.0,8228.0,0.0,0.0,0.0,0.0,0.0,1.0,0.0,0.0,0.0,0.02,0.0,-1.2000000000000002,0.0,0.7000000000000001,0.0,0.0854,16.0,25903.0
2026-07-30T18:59:05.357Z,114.84,114.852,0.0,7.4,0.0,0.0,0.0,0.0,0.0,0.0,0.0,0.0,1.0,0.0,0.0,0.0,9.0,4.0,0.0,0.0,0.0,0.0,0.0,0.0,0.0,0.0,2.0,12.0,1.0,12.15,5.0200000000000005,2.51,1.49,2.4000000000000004,-2.9000000000000004,0.1,4.2,0.0,-0.6000000000000001,0.1,0.7000000000000001,5.6000000000000005,0.0,57.0,37.5,0.0,21.700000000000003,31.6,31.6,32.2,300.0,300.0,30.700000000000003,34.7,30.9,30.4,32.1,4.96,1.99,4.97,0.16,0.0,0.0,1027.0,8228.0,0.0,0.0,0.0,0.0,0.0,1.0,0.0,0.0,0.0,0.02,0.0,0.0,0.0,0.9,0.0,0.0815,16.0,25903.0
2026-07-30T18:59:05.368Z,114.851,114.864,0.0,7.4,0.0,0.0,0.0,0.0,0.0,0.0,0.0,0.0,1.0,0.0,0.0,0.0,9.0,4.0,0.0,0.0,0.0,0.0,0.0,0.0,0.0,0.0,3.0,12.0,1.0,12.15,5.0200000000000005,2.51,1.49,3.0,-1.6,0.1,4.2,0.0,1.1,1.3,2.4000000000000004,1.2000000000000002,0.0,57.0,72.10000000000001,0.0,21.700000000000003,31.6,31.6,32.2,300.0,300.0,30.700000000000003,34.7,30.9,30.4,32.1,4.95,1.99,4.96,0.16,0.0,0.0,1027.0,8228.0,0.0,0.0,0.0,0.0,0.0,1.0,0.0,0.0,0.0,0.019,0.0,1.4,0.0,-0.1,0.0,0.0801,16.0,25903.0
2026-07-30T18:59:05.381Z,114.864,114.876,0.1,7.4,0.0,0.0,0.0,0.0,0.0,0.0,0.0,0.0,1.0,0.0,0.0,0.0,9.0,4.0,0.0,0.0,0.0,0.0,0.0,0.0,0.0,0.0,4.0,12.0,1.0,12.15,5.0200000000000005,2.51,1.49,2.6,-0.1,0.1,4.2,0.0,0.0,-0.9,-1.0,-5.300000000000001,0.0,56.0,105.1,0.0,21.700000000000003,31.6,31.6,32.2,300.0,300.0,30.700000000000003,34.7,30.9,30.4,32.1,4.95,1.99,4.97,0.16,0.0,0.0,1027.0,8228.0,0.0,0.0,0.0,0.0,0.0,1.0,0.0,0.0,0.0,0.019,0.0,-0.1,0.0,-1.0,0.0,0.0789,16.0,25903.0
2026-07-30T18:59:05.392Z,114.875,114.888,0.1,7.4,0.0,0.0,0.0,0.0,0.0,0.0,0.0,0.0,1.0,0.0,0.0,0.0,9.0,4.0,0.0,0.0,0.0,0.0,0.0,0.0,0.0,0.0,5.0,12.0,1.0,12.15,5.0200000000000005,2.51,1.49,1.4,1.3,0.1,4.1000000000000005,0.0,0.5,1.3,-1.0,-13.7,0.0,55.0,135.70000000000002,0.0,21.700000000000003,31.6,31.6,32.2,300.0,300.0,30.700000000000003,34.7,30.9,30.4,32.1,4.95,1.99,4.96,0.16,0.0,0.0,1027.0,8228.0,0.0,0.0,0.0,0.0,0.0,1.0,0.0,0.0,0.0,0.017,0.0,1.9,0.0,0.1,0.0,0.0761,16.0,25903.0
2026-07-30T18:59:05.414Z,114.897,114.9,0.0,7.4,0.0,0.0,0.0,0.0,0.0,0.0,0.0,0.0,1.0,0.0,0.0,0.0,9.0,4.0,0.0,0.0,0.0,0.0,0.0,0.0,0.0,0.0,6.0,12.0,1.0,12.15,5.0200000000000005,2.51,1.49,0.2,2.3000000000000003,0.1,4.1000000000000005,0.0,0.0,0.7000000000000001,-0.5,-23.6,0.0,54.0,164.9,0.0,21.700000000000003,31.6,31.6,32.2,300.0,300.0,30.700000000000003,34.7,30.9,30.4,32.1,4.95,1.99,4.96,0.16,0.0,0.0,1027.0,8228.0,0.0,0.0,0.0,0.0,0.0,1.0,0.0,0.0,0.0,0.016,0.0,0.6000000000000001,0.0,-0.4,0.0,0.0714,16.0,25903.0
2026-07-30T18:59:05.418Z,114.901,114.912,0.0,7.4,0.0,0.0,0.0,0.0,0.0,0.0,0.0,0.0,1.0,0.0,0.0,0.0,9.0,4.0,0.0,0.0,0.0,0.0,0.0,0.0,0.0,0.0,4.0,12.0,1.0,12.15,5.0200000000000005,2.51,1.49,-1.1,2.6,0.1,4.0,0.0,-0.1,0.1,1.1,-22.3,0.0,53.0,193.4,0.0,21.700000000000003,31.6,31.6,32.2,300.0,300.0,30.700000000000003,34.7,30.9,30.4,32.1,4.94,1.99,4.97,0.16,0.0,0.0,1027.0,8228.0,0.0,0.0,0.0,0.0,0.0,1.0,0.0,0.0,0.0,0.016,0.0,0.5,0.0,-1.3,0.0,0.0674,16.0,25903.0
2026-07-30T18:59:05.428Z,114.911,114.924,0.0,7.4,0.0,0.0,0.0,0.0,0.0,0.0,0.0,0.0,1.0,0.0,0.0,0.0,9.0,4.0,0.0,0.0,0.0,0.0,0.0,0.0,0.0,0.0,3.0,12.0,1.0,12.15,5.0200000000000005,2.51,1.49,-2.1,2.4000000000000004,0.1,4.0,0.0,1.0,-0.4,1.1,-9.6,0.0,52.0,221.5,0.0,21.700000000000003,31.6,31.6,32.2,300.0,300.0,30.700000000000003,34.7,30.9,30.4,32.1,4.96,1.99,4.96,0.16,0.0,0.0,1027.0,8228.0,0.0,0.0,0.0,0.0,0.0,1.0,0.0,0.0,0.0,0.016,0.0,-0.6000000000000001,0.0,-0.9,0.0,0.0653,16.0,25903.0
2026-07-30T18:59:05.440Z,114.923,114.936,0.0,7.4,0.0,0.0,0.0,0.0,0.0,0.0,0.0,0.0,1.0,0.0,0.0,0.0,9.0,4.0,0.0,0.0,0.0,0.0,0.0,0.0,0.0,0.0,4.0,12.0,1.0,12.15,5.0200000000000005,2.51,1.49,-2.5,1.6,0.1,4.0,0.0,-0.1,0.6000000000000001,1.1,0.1,0.0,51.0,250.1,0.0,21.700000000000003,31.6,31.6,32.2,300.0,300.0,30.700000000000003,34.7,30.9,30.4,32.1,4.96,2.0,4.97,0.16,0.0,0.0,1027.0,8228.0,0.0,0.0,0.0,0.0,0.0,1.0,0.0,0.0,0.0,0.016,0.0,-0.6000000000000001,0.0,-1.7000000000000002,0.0,0.0642,16.0,25903.0
2026-07-30T18:59:05.452Z,114.935,114.948,0.0,7.4,0.0,0.0,0.0,0.0,0.0,0.0,0.0,0.0,1.0,0.0,0.0,0.0,9.0,4.0,0.0,0.0,0.0,0.0,0.0,0.0,0.0,0.0,6.0,12.0,1.0,12.15,5.0200000000000005,2.51,1.49,-2.1,0.4,0.1,4.0,0.0,0.9,1.2000000000000002,-1.2000000000000002,7.1000000000000005,0.0,50.0,274.3,0.0,21.700000000000003,31.6,31.6,32.2,300.0,300.0,30.700000000000003,34.7,30.9,30.4,32.1,4.95,1.99,4.97,0.16,0.0,0.0,1027.0,8228.0,0.0,0.0,0.0,0.0,0.0,1.0,0.0,0.0,0.0,0.014,0.0,1.1,0.0,-0.7000000000000001,0.0,0.0647,16.0,25903.0
2026-07-30T18:59:05.464Z,114.947,114.96,0.0,7.4,0.0,0.0,0.0,0.0,0.0,0.0,0.0,0.0,1.0,0.0,0.0,0.0,9.0,4.0,0.0,0.0,0.0,0.0,0.0,0.0,0.0,0.0,1.0,12.0,1.0,12.17,5.0200000000000005,2.51,1.49,-1.6,-0.4,0.1,4.0,0.0,0.3,-0.4,0.0,11.9,0.0,49.0,299.5,0.0,21.3,31.6,31.5,32.2,300.0,300.0,30.700000000000003,34.7,30.9,30.4,32.1,4.95,1.99,4.97,0.16,0.0,0.0,1027.0,8228.0,0.0,0.0,0.0,0.0,0.0,1.0,0.0,0.0,0.0,0.014,0.0,0.3,0.0,0.4,0.0,0.0589,16.0,25903.0
2026-07-30T18:59:05.475Z,114.958,114.972,0.0,7.4,0.0,0.0,0.0,0.0,0.0,0.0,0.0,0.0,1.0,0.0,0.0,0.0,9.0,4.0,0.0,0.0,0.0,0.0,0.0,0.0,0.0,0.0,2.0,12.0,1.0,12.17,5.0200000000000005,2.51,1.49,-0.7000000000000001,-1.2000000000000002,0.1,4.0,0.0,0.9,-0.5,-1.2000000000000002,14.5,0.0,48.0,323.20000000000005,0.0,21.3,31.6,31.5,32.2,300.0,300.0,30.700000000000003,34.7,30.9,30.4,32.1,4.96,1.99,4.96,0.16,0.0,0.0,1027.0,8228.0,0.0,0.0,0.0,0.0,0.0,1.0,0.0,0.0,0.0,0.013,0.0,1.7000000000000002,0.0,-0.2,0.0,0.0561,16.0,25903.0
2026-07-30T18:59:05.488Z,114.971,114.984,0.0,7.4,0.0,0.0,0.0,0.0,0.0,0.0,0.0,0.0,1.0,0.0,0.0,0.0,9.0,4.0,0.0,0.0,0.0,0.0,0.0,0.0,0.0,0.0,3.0,12.0,1.0,12.17,5.0200000000000005,2.51,1.49,0.0,-1.6,0.1,3.9,0.0,0.9,0.6000000000000001,-0.6000000000000001,15.3,0.0,47.0,345.6,0.0,21.3,31.6,31.5,32.2,300.0,300.0,30.700000000000003,34.7,30.9,30.4,32.1,4.96,1.99,4.97,0.16,0.0,0.0,1027.0,8228.0,0.0,0.0,0.0,0.0,0.0,1.0,0.0,0.0,0.0,0.012,0.0,-0.2,0.0,-0.7000000000000001,0.0,0.0548,16.0,25903.0
2026-07-30T18:59:05.501Z,114.984,114.996,0.0,7.4,0.0,0.0,0.0,0.0,0.0,0.0,0.0,0.0,1.0,0.0,0.0,0.0,9.0,4.0,0.0,0.0,0.0,0.0,0.0,0.0,0.0,0.0,4.0,12.0,1.0,12.17,5.0200000000000005,2.51,1.49,0.7000000000000001,-1.9,0.1,3.8,0.0,0.3,0.0,0.5,14.4,0.0,45.0,8.200000000000001,0.0,21.3,31.6,31.5,32.2,300.0,300.0,30.700000000000003,34.7,30.9,30.4,32.1,4.95,1.99,4.97,0.16,0.0,0.0,1027.0,8228.0,0.0,0.0,0.0,0.0,0.0,1.0,0.0,0.0,0.0,0.012,0.0,-0.3,0.0,0.6000000000000001,0.0,0.0515,16.0,25903.0
2026-07-30T18:59:05.512Z,114.995,115.008,0.0,7.4,0.0,0.0,0.0,0.0,0.0,0.0,0.0,0.0,1.0,0.0,0.0,0.0,9.0,4.0,0.0,0.0,0.0,0.0,0.0,0.0,0.0,0.0,5.0,12.0,1.0,12.17,5.0200000000000005,2.51,1.49,1.1,-1.6,0.1,3.9,0.0,0.9,1.2000000000000002,1.2000000000000002,12.0,0.0,44.0,29.1,0.0,21.3,31.6,31.5,32.2,300.0,300.0,30.700000000000003,34.7,30.9,30.4,32.1,4.96,1.99,4.96,0.16,0.0,0.0,1027.0,8228.0,0.0,0.0,0.0,0.0,0.0,1.0,0.0,0.0,0.0,0.012,0.0,-1.2000000000000002,0.0,2.0,0.0,0.0512,16.0,25903.0
2026-07-30T18:59:05.524Z,115.007,115.02,0.0,7.4,0.0,0.0,0.0,0.0,0.0,0.0,0.0,0.0,1.0,0.0,0.0,0.0,9.0,4.0,0.0,0.0,0.0,0.0,0.0,0.0,0.0,0.0,6.0,12.0,1.0,12.17,5.0200000000000005,2.51,1.49,1.6,-1.4,0.0,3.8,0.0,-0.2,0.0,-0.5,8.200000000000001,0.0,43.0,49.7,0.0,21.3,31.6,31.5,32.2,300.0,300.0,30.700000000000003,34.7,30.9,30.4,32.1,4.95,2.0,4.96,0.16,0.0,0.0,1027.0,8228.0,0.0,0.0,0.0,0.0,0.0,1.0,0.0,0.0,0.0,0.011,0.0,-0.2,0.0,-0.5,0.0,0.0488,16.0,25903.0
2026-07-30T18:59:05.536Z,115.019,115.032,0.0,7.4,0.0,0.0,0.0,0.0,0.0,0.0,0.0,0.0,1.0,0.0,0.0,0.0,9.0,4.0,0.0,0.0,0.0,0.0,0.0,0.0,0.0,0.0,2.0,12.0,1.0,12.17,5.0200000000000005,2.51,1.49,1.7000000000000002,-1.0,0.0,3.8,0.0,-0.2,0.0,0.6000000000000001,3.2,0.0,42.0,70.0,0.0,21.3,31.6,31.5,32.2,300.0,300.0,30.700000000000003,34.7,30.9,30.4,32.1,4.95,1.99,4.97,0.16,0.0,0.0,1027.0,8228.0,0.0,0.0,0.0,0.0,0.0,1.0,0.0,0.0,0.0,0.011,0.0,0.4,0.0,0.5,0.0,0.0468,16.0,25903.0
2026-07-30T18:59:05.548Z,115.031,115.044,0.0,7.4,0.0,0.0,0.0,0.0,0.0,0.0,0.0,0.0,1.0,0.0,0.0,0.0,9.0,4.0,0.0,0.0,0.0,0.0,0.0,0.0,0.0,0.0,3.0,12.0,1.0,12.17,5.0200000000000005,2.51,1.49,1.6,-0.4,0.0,3.8,0.0,0.9,0.0,0.0,-2.8000000000000003,0.0,41.0,89.10000000000001,0.0,21.3,31.6,31.5,32.2,300.0,300.0,30.700000000000003,34.7,30.9,30.4,32.1,4.95,2.0,4.97,0.16,0.0,0.0,1027.0,8228.0,0.0,0.0,0.0,0.0,0.0,1.0,0.0,0.0,0.0,0.011,0.0,0.0,0.0,0.0,0.0,0.0463,16.0,25903.0
2026-07-30T18:59:05.562Z,115.045,115.056,0.0,7.4,0.0,0.0,0.0,0.0,0.0,0.0,0.0,0.0,1.0,0.0,0.0,0.0,9.0,4.0,0.0,0.0,0.0,0.0,0.0,0.0,0.0,0.0,3.0,12.0,1.0,12.18,5.0200000000000005,2.5,1.49,1.4,0.0,0.0,3.8,0.0,-0.2,-0.5,0.0,-9.7,0.0,40.0,107.2,0.0,21.9,31.6,31.5,32.2,300.0,300.0,30.700000000000003,34.7,30.9,30.4,32.1,4.96,2.0,4.96,0.16,0.0,0.0,1027.0,8228.0,0.0,0.0,0.0,0.0,0.0,1.0,0.0,0.0,0.0,0.01,0.0,-0.1,0.0,-0.5,0.0,0.0442,16.0,25903.0
2026-07-30T18:59:05.572Z,115.055,115.068,0.0,7.4,0.0,0.0,0.0,0.0,0.0,0.0,0.0,0.0,1.0,0.0,0.0,0.0,9.0,4.0,0.0,0.0,0.0,0.0,0.0,0.0,0.0,0.0,5.0,12.0,1.0,12.18,5.0200000000000005,2.5,1.49,1.1,0.6000000000000001,0.0,3.8,0.0,-0.2,-0.5,-1.0,-17.5,0.0,39.0,125.5,0.0,21.9,31.6,31.5,32.2,300.0,300.0,30.700000000000003,34.7,30.9,30.4,32.1,4.95,1.99,4.97,0.16,0.0,0.0,1027.0,8228.0,0.0,0.0,0.0,0.0,0.0,1.0,0.0,0.0,0.0,0.01,0.0,-1.6,0.0,-0.3,0.0,0.0419,16.0,25903.0
2026-07-30T18:59:05.584Z,115.067,115.08,0.0,7.4,0.0,0.0,0.0,0.0,0.0,0.0,0.0,0.0,1.0,0.0,0.0,0.0,9.0,4.0,0.0,0.0,0.0,0.0,0.0,0.0,0.0,0.0,5.0,12.0,1.0,12.18,5.0200000000000005,2.5,1.49,0.7000000000000001,1.2000000000000002,0.0,3.7,0.0,0.3,1.2000000000000002,0.1,-26.1,0.0,38.0,145.1,0.0,21.9,31.6,31.5,32.2,300.0,300.0,30.700000000000003,34.7,30.9,30.4,32.1,4.95,1.99,4.97,0.16,0.0,0.0,1027.0,8228.0,0.0,0.0,0.0,0.0,0.0,1.0,0.0,0.0,0.0,0.01,0.0,1.2000000000000002,0.0,0.7000000000000001,0.0,0.0413,16.0,25903.0
2026-07-30T18:59:05.596Z,115.079,115.092,0.0,7.4,0.0,0.0,0.0,0.0,0.0,0.0,0.0,0.0,1.0,0.0,0.0,0.0,9.0,4.0,0.0,0.0,0.0,0.0,0.0,0.0,0.0,0.0,1.0,12.0,1.0,12.18,5.0200000000000005,2.5,1.49,0.0,2.0,0.0,3.8,0.0,-0.2,0.0,0.0,-35.5,0.0,37.0,166.60000000000002,0.0,21.9,31.6,31.5,32.2,300.0,300.0,30.700000000000003,34.7,30.9,30.4,32.1,4.96,2.0,4.97,0.16,0.0,0.0,1027.0,8228.0,0.0,0.0,0.0,0.0,0.0,1.0,0.0,0.0,0.0,0.011,0.0,0.1,0.0,0.0,0.0,0.0435,16.0,25903.0
2026-07-30T18:59:05.608Z,115.091,115.104,0.0,7.4,0.0,0.0,0.0,0.0,0.0,0.0,0.0,0.0,1.0,0.0,0.0,0.0,9.0,4.0,0.0,0.0,0.0,0.0,0.0,0.0,0.0,0.0,2.0,12.0,1.0,12.18,5.0200000000000005,2.5,1.49,-1.2000000000000002,2.5,0.1,3.8,0.0,0.3,-0.5,1.2000000000000002,-33.4,0.0,37.0,191.7,0.0,21.9,31.6,31.5,32.2,300.0,300.0,30.700000000000003,34.7,30.9,30.4,32.1,4.95,2.0,4.96,0.16,0.0,0.0,1027.0,8228.0,0.0,0.0,0.0,0.0,0.0,1.0,0.0,0.0,0.0,0.013,0.0,-0.1,0.0,-1.2000000000000002,0.0,0.0472,16.0,25903.0
2026-07-30T18:59:05.620Z,115.103,115.116,0.0,7.4,0.0,0.0,0.0,0.0,0.0,0.0,0.0,0.0,1.0,0.0,0.0,0.0,9.0,4.0,0.0,0.0,0.0,0.0,0.0,0.0,0.0,0.0,3.0,12.0,1.0,12.18,5.0200000000000005,2.5,1.49,-2.3000000000000003,2.6,0.1,3.8,0.0,0.3,0.6000000000000001,2.4000000000000004,-19.8,0.0,37.0,220.2,0.0,21.9,31.6,31.5,32.2,300.0,300.0,30.700000000000003,34.7,30.9,30.4,32.1,4.96,1.99,4.96,0.16,0.0,0.0,1027.0,8228.0,0.0,0.0,0.0,0.0,0.0,1.0,0.0,0.0,0.0,0.015,0.0,0.0,0.0,-3.2,0.0,0.0539,16.0,25903.0
2026-07-30T18:59:05.632Z,115.115,115.128,0.0,7.4,0.0,0.0,0.0,0.0,0.0,0.0,0.0,0.0,1.0,0.0,0.0,0.0,9.0,4.0,0.0,0.0,0.0,0.0,0.0,0.0,0.0,0.0,4.0,12.0,1.0,12.18,5.0200000000000005,2.5,1.49,-3.1,1.6,0.1,3.6,0.0,-0.2,0.6000000000000001,-1.1,-9.4,0.0,38.0,254.2,0.0,21.9,31.6,31.5,32.2,300.0,300.0,30.700000000000003,34.7,30.9,30.4,32.1,4.96,1.99,4.96,0.16,0.0,0.0,1027.0,8228.0,0.0,0.0,0.0,0.0,0.0,1.0,0.0,0.0,0.0,0.018,0.0,1.0,0.0,0.2,0.0,0.0616,16.0,25903.0
2026-07-30T18:59:05.644Z,115.127,115.14,0.0,7.4,0.0,0.0,0.0,0.0,0.0,0.0,0.0,0.0,1.0,0.0,0.0,0.0,9.0,4.0,0.0,0.0,0.0,0.0,0.0,0.0,0.0,0.0,5.0,12.0,1.0,12.18,5.0200000000000005,2.5,1.49,-2.8000000000000003,-0.3,0.1,3.7,0.0,-0.2,0.0,-0.5,-2.5,0.0,39.0,293.3,0.0,21.9,31.6,31.5,32.2,300.0,300.0,30.700000000000003,34.7,30.9,30.4,32.1,4.96,1.99,4.96,0.15,0.0,0.0,1027.0,8228.0,0.0,0.0,0.0,0.0,0.0,1.0,0.0,0.0,0.0,0.021,0.0,0.6000000000000001,0.0,0.0,0.0,0.0727,16.0,25903.0
2026-07-30T18:59:05.656Z,115.139,115.152,0.0,7.4,0.0,0.0,0.0,0.0,0.0,0.0,0.0,0.0,1.0,0.0,0.0,0.0,9.0,4.0,0.0,0.0,0.0,0.0,0.0,0.0,0.0,0.0,1.0,12.0,1.0,12.18,5.0200000000000005,2.5,1.49,-0.8,-2.8000000000000003,0.1,3.6,0.0,-0.2,-0.5,-0.5,0.9,0.0,40.0,334.70000000000005,0.0,21.9,31.6,31.5,32.2,300.0,300.0,30.700000000000003,34.7,30.9,30.4,32.1,4.95,1.99,4.97,0.16,0.0,0.0,1027.0,8228.0,0.0,0.0,0.0,0.0,0.0,1.0,0.0,0.0,0.0,0.022,0.0,1.1,0.0,-0.1,0.0,0.0846,16.0,25903.0
2026-07-30T18:59:05.668Z,115.151,115.164,0.0,7.4,0.0,0.0,0.0,0.0,0.0,0.0,0.0,0.0,1.0,0.0,0.0,0.0,9.0,4.0,0.0,0.0,0.0,0.0,0.0,0.0,0.0,0.0,2.0,12.0,1.0,12.18,5.0200000000000005,2.5,1.49,2.2,-4.3,0.1,4.0,0.0,0.3,-0.6000000000000001,-0.5,1.0,0.0,41.0,19.700000000000003,0.0,21.0,31.6,31.5,32.2,300.0,300.0,30.9,34.7,30.9,30.4,32.1,4.95,1.99,4.97,0.16,0.0,0.0,1027.0,8228.0,0.0,0.0,0.0,0.0,0.0,1.0,0.0,0.0,0.0,0.024,0.0,0.7000000000000001,0.0,-0.9,0.0,0.0916,16.0,25903.0
2026-07-30T18:59:05.681Z,115.164,115.176,0.0,7.4,0.0,0.0,0.0,0.0,0.0,0.0,0.0,0.0,1.0,0.0,0.0,0.0,9.0,4.0,0.0,0.0,0.0,0.0,0.0,0.0,0.0,0.0,2.0,12.0,1.0,12.18,5.0200000000000005,2.5,1.49,4.9,-2.8000000000000003,0.2,4.4,0.0,0.8,0.5,1.7000000000000002,-2.4000000000000004,0.0,44.0,72.10000000000001,0.0,21.0,31.6,31.5,32.2,300.0,300.0,30.9,34.7,30.9,30.4,32.1,4.95,2.0,4.97,0.16,0.0,0.0,1027.0,8228.0,0.0,0.0,0.0,0.0,0.0,1.0,0.0,0.0,0.0,0.028,0.0,1.1,0.0,2.0,0.0,0.0991,16.0,25903.0
2026-07-30T18:59:05.692Z,115.175,115.188,0.0,7.4,0.0,0.0,0.0,0.0,0.0,0.0,0.0,0.0,1.0,0.0,0.0,0.0,9.0,4.0,0.0,0.0,0.0,0.0,0.0,0.0,0.0,0.0,3.0,12.0,1.0,12.18,5.0200000000000005,2.5,1.49,3.4000000000000004,1.8,0.2,4.800000000000001,0.0,-0.2,1.1,0.0,-9.6,0.0,46.0,129.6,0.0,21.0,31.6,31.5,32.2,300.0,300.0,30.9,34.7,30.9,30.4,32.1,4.96,1.99,4.97,0.16,0.0,0.0,1027.0,8228.0,0.0,0.0,0.0,0.0,0.0,1.0,0.0,0.0,0.0,0.031,0.0,0.8,0.0,1.0,0.0,0.113,16.0,25903.0
2026-07-30T18:59:05.704Z,115.187,115.2,0.0,7.4,0.0,0.0,0.0,0.0,0.0,0.0,0.0,0.0,1.0,0.0,0.0,0.0,9.0,4.0,0.0,0.0,0.0,0.0,0.0,0.0,0.0,0.0,5.0,12.0,1.0,12.18,5.0200000000000005,2.5,1.49,-2.0,5.7,0.2,5.1000000000000005,0.0,-0.2,0.0,0.5,-16.900000000000002,0.0,49.0,187.2,0.0,21.0,31.6,31.5,32.2,300.0,300.0,30.9,34.7,30.9,30.4,32.1,4.95,1.99,4.96,0.16,0.0,0.0,1027.0,8228.0,0.0,0.0,0.0,0.0,0.0,1.0,0.0,0.0,0.0,0.032,0.0,0.2,0.0,-0.5,0.0,0.1263,16.0,25903.0
2026-07-30T18:59:05.728Z,115.211,115.212,0.0,7.4,0.0,0.0,0.0,0.0,0.0,0.0,0.0,0.0,1.0,0.0,0.0,0.0,9.0,4.0,0.0,0.0,0.0,0.0,0.0,0.0,0.0,0.0,6.0,12.0,1.0,12.18,5.0200000000000005,2.5,1.49,-6.0,3.5,0.2,5.6000000000000005,0.0,-0.3,-0.6000000000000001,0.0,-5.4,0.0,51.0,249.8,0.0,21.0,31.6,31.5,32.2,300.0,300.0,30.9,34.7,30.9,30.4,32.1,4.96,1.99,4.96,0.16,0.0,0.0,1027.0,8228.0,0.0,0.0,0.0,0.0,0.0,1.0,0.0,0.0,0.0,0.034,0.0,-0.2,0.0,0.7000000000000001,0.0,0.1299,16.0,25903.0
2026-07-30T18:59:05.730Z,115.213,115.224,0.0,7.4,0.0,0.0,0.0,0.0,0.0,0.0,0.0,0.0,1.0,0.0,0.0,0.0,9.0,4.0,0.0,0.0,0.0,0.0,0.0,0.0,0.0,0.0,4.0,12.0,1.0,12.18,5.0200000000000005,2.5,1.49,-2.9000000000000004,-3.3000000000000003,0.3,5.9,0.0,0.8,0.5,0.0,0.4,0.0,54.0,318.5,0.0,21.0,31.6,31.5,32.2,300.0,300.0,30.9,34.7,30.9,30.4,32.1,4.96,1.99,4.97,0.16,0.0,0.0,1027.0,8228.0,0.0,0.0,0.0,0.0,0.0,1.0,0.0,0.0,0.0,0.037,0.0,-0.4,0.0,-0.3,0.0,0.1375,16.0,25903.0
2026-07-30T18:59:05.740Z,115.223,115.236,0.0,7.4,0.0,0.0,0.0,0.0,0.0,0.0,0.0,0.0,1.0,0.0,0.0,0.0,9.0,4.0,0.0,0.0,0.0,0.0,0.0,0.0,0.0,0.0,4.0,12.0,1.0,12.18,5.0200000000000005,2.5,1.49,4.5,-6.2,0.3,6.0,0.0,-0.8,-1.2000000000000002,-1.1,0.8,0.0,57.0,28.8,0.0,21.0,31.6,31.5,32.2,300.0,300.0,30.9,34.7,30.9,30.4,32.1,4.95,2.0,4.97,0.16,0.0,0.0,1027.0,8228.0,0.0,0.0,0.0,0.0,0.0,1.0,0.0,0.0,0.0,0.039,0.0,1.2000000000000002,0.0,-2.0,0.0,0.1511,16.0,25903.0
2026-07-30T18:59:05.752Z,115.235,115.248,0.0,7.4,0.0,0.0,0.0,0.0,0.0,0.0,0.0,0.0,1.0,0.0,0.0,0.0,9.0,4.0,0.0,0.0,0.0,0.0,0.0,0.0,0.0,0.0,5.0,12.0,1.0,12.18,5.0200000000000005,2.5,1.49,5.9,-0.6000000000000001,0.3,6.2,0.0,-0.2,0.5,0.0,-4.2,0.0,61.0,104.7,0.0,21.0,31.6,31.5,32.2,300.0,300.0,30.9,34.7,30.9,30.4,32.1,4.96,2.0,4.97,0.16,0.0,0.0,1027.0,8228.0,0.0,0.0,0.0,0.0,0.0,1.0,0.0,0.0,0.0,0.042,0.0,0.1,0.0,0.6000000000000001,0.0,0.1565,16.0,25903.0
2026-07-30T18:59:05.765Z,115.248,115.26,0.0,7.4,0.0,0.0,0.0,0.0,0.0,0.0,0.0,0.0,1.0,0.0,0.0,0.0,9.0,4.0,0.0,0.0,0.0,0.0,0.0,0.0,0.0,0.0,6.0,12.0,1.0,12.17,5.0200000000000005,2.51,1.49,-0.5,5.9,0.3,6.1000000000000005,0.0,0.3,-1.1,-0.5,-13.9,0.0,63.0,169.5,0.0,21.3,31.5,31.5,32.2,300.0,300.0,30.700000000000003,34.7,30.9,30.4,32.0,4.96,1.99,4.96,0.16,0.0,0.0,1027.0,8228.0,0.0,0.0,0.0,0.0,0.0,1.0,0.0,0.0,0.0,0.038,0.0,-1.7000000000000002,0.0,0.2,0.0,0.1681,16.0,25903.0
2026-07-30T18:59:05.776Z,115.259,115.272,0.0,7.4,0.0,0.0,0.0,0.0,0.0,0.0,0.0,0.0,1.0,0.0,0.0,0.0,9.0,4.0,0.0,0.0,0.0,0.0,0.0,0.0,0.0,0.0,1.0,12.0,1.0,12.17,5.0200000000000005,2.51,1.49,-6.1000000000000005,4.5,0.3,6.0,0.0,0.3,0.0,-0.5,-5.9,0.0,65.0,233.6,0.0,21.3,31.5,31.5,32.2,300.0,300.0,30.700000000000003,34.7,30.9,30.4,32.0,4.96,1.99,4.96,0.16,0.0,0.0,1027.0,8228.0,0.0,0.0,0.0,0.0,0.0,1.0,0.0,0.0,0.0,0.036,0.0,0.2,0.0,0.5,0.0,0.1549,16.0,25903.0
2026-07-30T18:59:05.788Z,115.271,115.284,0.0,7.4,0.0,0.0,0.0,0.0,0.0,0.0,0.0,0.0,1.0,0.0,0.0,0.0,9.0,4.0,0.0,0.0,0.0,0.0,0.0,0.0,0.0,0.0,2.0,12.0,1.0,12.17,5.0200000000000005,2.51,1.49,-3.7,-2.3000000000000003,0.3,6.0,0.0,-0.2,0.0,-0.4,0.8,0.0,68.0,308.1,0.0,21.3,31.5,31.5,32.2,300.0,300.0,30.700000000000003,34.7,30.9,30.4,32.0,4.96,1.99,4.96,0.16,0.0,0.0,1027.0,8228.0,0.0,0.0,0.0,0.0,0.0,1.0,0.0,0.0,0.0,0.04,0.0,0.4,0.0,-0.1,0.0,0.1455,16.0,25903.0
2026-07-30T18:59:05.800Z,115.283,115.296,0.0,7.4,0.0,0.0,0.0,0.0,0.0,0.0,0.0,0.0,1.0,0.0,0.0,0.0,9.0,4.0,0.0,0.0,0.0,0.0,0.0,0.0,0.0,0.0,4.0,12.0,1.0,12.17,5.0200000000000005,2.51,1.49,3.0,-6.0,0.3,6.0,0.0,-0.2,-0.4,1.8,1.9,0.0,70.0,17.8,0.0,21.3,31.5,31.5,32.2,300.0,300.0,30.700000000000003,34.7,30.9,30.4,32.0,4.95,1.99,4.96,0.16,0.0,0.0,1027.0,8228.0,0.0,0.0,0.0,0.0,0.0,1.0,0.0,0.0,0.0,0.04,0.0,0.0,0.0,1.9,0.0,0.1628,16.0,25903.0
2026-07-30T18:59:05.812Z,115.295,115.308,0.0,7.4,0.0,0.0,0.0,0.0,0.0,0.0,0.0,0.0,1.0,0.0,0.0,0.0,9.0,4.0,0.0,0.0,0.0,0.0,0.0,0.0,0.0,0.0,5.0,12.0,1.0,12.17,5.0200000000000005,2.51,1.49,5.800000000000001,-2.3000000000000003,0.3,5.9,0.0,0.8,-0.5,-0.4,-2.0,0.0,72.0,85.4,0.0,21.3,31.5,31.5,32.2,300.0,300.0,30.700000000000003,34.7,30.9,30.4,32.0,4.95,1.99,4.97,0.16,0.0,0.0,1027.0,8228.0,0.0,0.0,0.0,0.0,0.0,1.0,0.0,0.0,0.0,0.038,0.0,-0.4,0.0,-0.9,0.0,0.161,16.0,25903.0
2026-07-30T18:59:05.824Z,115.307,115.32,0.0,7.4,0.0,0.0,0.0,0.0,0.0,0.0,0.0,0.0,1.0,0.0,0.0,0.0,9.0,4.0,0.0,0.0,0.0,0.0,0.0,0.0,0.0,0.0,6.0,12.0,1.0,12.17,5.0200000000000005,2.51,1.49,1.9,3.8,0.3,5.9,0.0,0.3,0.0,1.8,-10.5,0.0,73.0,150.3,0.0,21.3,31.5,31.5,32.2,300.0,300.0,30.700000000000003,34.7,30.9,30.4,32.0,4.95,1.99,4.96,0.16,0.0,0.0,1027.0,8228.0,0.0,0.0,0.0,0.0,0.0,1.0,0.0,0.0,0.0,0.037,0.0,1.8,0.0,-1.0,0.0,0.1534,16.0,25903.0
2026-07-30T18:59:05.836Z,115.319,115.332,0.0,7.4,0.0,0.0,0.0,0.0,0.0,0.0,0.0,0.0,1.0,0.0,0.0,0.0,9.0,4.0,0.0,0.0,0.0,0.0,0.0,0.0,0.0,0.0,1.0,12.0,1.0,12.17,5.0200000000000005,2.51,1.49,-4.1000000000000005,5.7,0.3,5.800000000000001,0.0,0.8,1.2000000000000002,0.0,-11.1,0.0,74.0,205.1,0.0,21.3,31.5,31.5,32.2,300.0,300.0,30.700000000000003,34.7,30.9,30.4,32.0,4.96,1.99,4.96,0.16,0.0,0.0,1027.0,8228.0,0.0,0.0,0.0,0.0,0.0,1.0,0.0,0.0,0.0,0.032,0.0,1.3,0.0,-0.7000000000000001,0.0,0.1507,16.0,25903.0
2026-07-30T18:59:05.848Z,115.331,115.344,0.0,7.4,0.0,0.0,0.0,0.0,0.0,0.0,0.0,0.0,1.0,0.0,0.0,0.0,9.0,4.0,0.0,0.0,0.0,0.0,0.0,0.0,0.0,0.0,3.0,12.0,1.0,12.17,5.0200000000000005,2.51,1.49,-5.4,1.3,0.3,5.7,0.0,-0.8,0.1,-0.5,-1.4,0.0,75.0,270.6,0.0,21.3,31.5,31.5,32.2,300.0,300.0,30.700000000000003,34.7,30.9,30.4,32.0,4.95,1.99,4.96,0.16,0.0,0.0,1027.0,8228.0,0.0,0.0,0.0,0.0,0.0,1.0,0.0,0.0,0.0,0.035,0.0,0.5,0.0,0.1,0.0,0.1305,16.0,25903.0
2026-07-30T18:59:05.860Z,115.343,115.356,0.0,7.4,0.0,0.0,0.0,0.0,0.0,0.0,0.0,0.0,1.0,0.0,0.0,0.0,9.0,4.0,0.0,0.0,0.0,0.0,0.0,0.0,0.0,0.0,4.0,12.0,1.0,12.17,5.0200000000000005,2.51,1.49,-1.1,-4.0,0.3,5.7,0.0,-0.2,-1.6,0.6000000000000001,2.9000000000000004,0.0,76.0,333.40000000000003,0.0,21.3,31.5,31.5,32.2,300.0,300.0,30.700000000000003,34.7,30.9,30.4,32.0,4.96,1.99,4.97,0.16,0.0,0.0,1027.0,8228.0,0.0,0.0,0.0,0.0,0.0,1.0,0.0,0.0,0.0,0.036,0.0,1.6,0.0,0.1,0.0,0.1428,16.0,25903.0
2026-07-30T18:59:05.872Z,115.355,115.368,0.0,7.4,0.0,0.0,0.0,0.0,0.0,0.0,0.0,0.0,1.0,0.0,0.0,0.0,9.0,4.0,0.0,0.0,0.0,0.0,0.0,0.0,0.0,0.0,5.0,12.0,1.0,12.18,5.0200000000000005,2.51,1.49,4.0,-5.2,0.3,5.7,0.0,0.3,1.2000000000000002,-0.5,2.3000000000000003,0.0,76.0,34.0,0.0,21.9,31.5,31.5,32.2,300.0,300.0,30.700000000000003,34.7,30.9,30.3,32.1,4.96,2.0,4.96,0.16,0.0,0.0,1027.0,8228.0,0.0,0.0,0.0,0.0,0.0,1.0,0.0,0.0,0.0,0.035,0.0,-1.2000000000000002,0.0,0.1,0.0,0.144,16.0,25903.0
2026-07-30T18:59:05.884Z,115.367,115.38,0.0,7.4,0.0,0.0,0.0,0.0,0.0,0.0,0.0,0.0,1.0,0.0,0.0,0.0,9.0,4.0,0.0,0.0,0.0,0.0,0.0,0.0,0.0,0.0,6.0,12.0,1.0,12.18,5.0200000000000005,2.51,1.49,5.0,-1.1,0.3,5.6000000000000005,0.0,-0.2,0.7000000000000001,0.6000000000000001,-2.5,0.0,77.0,94.2,0.0,21.9,31.5,31.5,32.2,300.0,300.0,30.700000000000003,34.7,30.9,30.3,32.1,4.95,1.99,4.96,0.16,0.0,0.0,1027.0,8228.0,0.0,0.0,0.0,0.0,0.0,1.0,0.0,0.0,0.0,0.034,0.0,-1.2000000000000002,0.0,-1.7000000000000002,0.0,0.1406,16.0,25903.0
2026-07-30T18:59:05.896Z,115.379,115.392,0.0,7.4,0.0,0.0,0.0,0.0,0.0,0.0,0.0,0.0,1.0,0.0,0.0,0.0,9.0,4.0,0.0,0.0,0.0,0.0,0.0,0.0,0.0,0.0,1.0,12.0,1.0,12.18,5.0200000000000005,2.51,1.49,1.4,3.6,0.3,5.6000000000000005,0.0,-0.2,0.7000000000000001,0.6000000000000001,-11.2,0.0,77.0,150.1,0.0,21.9,31.5,31.5,32.2,300.0,300.0,30.700000000000003,34.7,30.9,30.3,32.1,4.95,1.99,4.97,0.16,0.0,0.0,1027.0,8228.0,0.0,0.0,0.0,0.0,0.0,1.0,0.0,0.0,0.0,0.032,0.0,1.4,0.0,0.0,0.0,0.1366,16.0,25903.0
2026-07-30T18:59:05.908Z,115.391,115.404,0.0,7.4,0.0,0.0,0.0,0.0,0.0,0.0,0.0,0.0,1.0,0.0,0.0,0.0,9.0,4.0,0.0,0.0,0.0,0.0,0.0,0.0,0.0,0.0,2.0,12.0,1.0,12.18,5.0200000000000005,2.51,1.49,-3.3000000000000003,5.1000000000000005,0.3,5.5,0.0,1.5,0.7000000000000001,1.2000000000000002,-12.9,0.0,77.0,199.6,0.0,21.9,31.5,31.5,32.2,300.0,300.0,30.700000000000003,34.7,30.9,30.3,32.1,4.96,1.99,4.96,0.16,0.0,0.0,1027.0,8228.0,0.0,0.0,0.0,0.0,0.0,1.0,0.0,0.0,0.0,0.029,0.0,0.2,0.0,-0.1,0.0,0.1308,16.0,25903.0
2026-07-30T18:59:05.920Z,115.403,115.416,0.0,7.4,0.0,0.0,0.0,0.0,0.0,0.0,0.0,0.0,1.0,0.0,0.0,0.0,9.0,4.0,0.0,0.0,0.0,0.0,0.0,0.0,0.0,0.0,3.0,12.0,1.0,12.18,5.0200000000000005,2.51,1.49,-5.0,2.1,0.3,5.5,0.0,-0.7000000000000001,0.1,0.6000000000000001,-2.4000000000000004,0.0,77.0,258.5,0.0,21.9,31.5,31.5,32.2,300.0,300.0,30.700000000000003,34.7,30.9,30.3,32.1,4.96,2.0,4.96,0.16,0.0,0.0,1027.0,8228.0,0.0,0.0,0.0,0.0,0.0,1.0,0.0,0.0,0.0,0.031,0.0,0.6000000000000001,0.0,-0.4,0.0,0.1166,16.0,25903.0
2026-07-30T18:59:05.932Z,115.415,115.428,0.0,7.4,0.0,0.0,0.0,0.0,0.0,0.0,0.0,0.0,1.0,0.0,0.0,0.0,9.0,4.0,0.0,0.0,0.0,0.0,0.0,0.0,0.0,0.0,4.0,12.0,1.0,12.18,5.0200000000000005,2.51,1.49,-2.3000000000000003,-2.4000000000000004,0.3,5.4,0.0,0.3,1.9,2.4000000000000004,2.8000000000000003,0.0,77.0,318.6,0.0,21.9,31.5,31.5,32.2,300.0,300.0,30.700000000000003,34.7,30.9,30.3,32.1,4.95,1.99,4.96,0.17,0.0,0.0,1027.0,8228.0,0.0,0.0,0.0,0.0,0.0,1.0,0.0,0.0,0.0,0.033,0.0,-4.3,0.0,-0.5,0.0,0.1275,16.0,25903.0
2026-07-30T18:59:05.944Z,115.427,115.44,0.0,7.4,0.0,0.0,0.0,0.0,0.0,0.0,0.0,0.0,1.0,0.0,0.0,0.0,9.0,4.0,0.0,0.0,0.0,0.0,0.0,0.0,0.0,0.0,5.0,12.0,1.0,12.18,5.0200000000000005,2.51,1.49,1.8,-4.7,0.3,5.4,0.0,-0.1,0.1,-1.1,3.7,0.0,77.0,10.6,0.0,21.9,31.5,31.5,32.2,300.0,300.0,30.700000000000003,34.7,30.9,30.3,32.1,4.96,1.99,4.97,0.16,0.0,0.0,1027.0,8228.0,0.0,0.0,0.0,0.0,0.0,1.0,0.0,0.0,0.0,0.03,0.0,0.2,0.0,-1.2000000000000002,0.0,0.1358,16.0,25903.0
2026-07-30T18:59:05.956Z,115.439,115.452,0.0,7.4,0.0,0.0,0.0,0.0,0.0,0.0,0.0,0.0,1.0,0.0,0.0,0.0,9.0,4.0,0.0,0.0,0.0,0.0,0.0,0.0,0.0,0.0,6.0,12.0,1.0,12.18,5.0200000000000005,2.51,1.49,4.5,-3.3000000000000003,0.3,5.300000000000001,0.0,0.9,0.1,0.6000000000000001,0.9,0.0,76.0,59.3,0.0,21.9,31.5,31.5,32.2,300.0,300.0,30.700000000000003,34.7,30.9,30.3,32.1,4.95,1.99,4.96,0.16,0.0,0.0,1027.0,8228.0,0.0,0.0,0.0,0.0,0.0,1.0,0.0,0.0,0.0,0.028,0.0,0.2,0.0,0.7000000000000001,0.0,0.1236,16.0,25903.0
2026-07-30T18:59:05.969Z,115.452,115.464,0.0,7.4,0.0,0.0,0.0,0.0,0.0,0.0,0.0,0.0,1.0,0.0,0.0,0.0,9.0,4.0,0.0,0.0,0.0,0.0,0.0,0.0,0.0,0.0,1.0,12.0,1.0,12.17,5.0200000000000005,2.51,1.49,3.6,0.5,0.3,5.300000000000001,0.0,0.3,1.3,2.4000000000000004,-5.5,0.0,76.0,112.6,0.0,21.3,31.5,31.5,32.2,300.0,300.0,30.6,34.6,30.8,30.3,32.1,4.95,1.99,4.97,0.16,0.0,0.0,1027.0,8228.0,0.0,0.0,0.0,0.0,0.0,1.0,0.0,0.0,0.0,0.029,0.0,3.3000000000000003,0.0,1.7000000000000002,0.0,0.1128,16.0,25903.0
2026-07-30T18:59:05.980Z,115.463,115.476,0.0,7.4,0.0,0.0,0.0,0.0,0.0,0.0,0.0,0.0,1.0,0.0,0.0,0.0,9.0,4.0,0.0,0.0,0.0,0.0,0.0,0.0,0.0,0.0,2.0,12.0,1.0,12.17,5.0200000000000005,2.51,1.49,0.3,3.7,0.3,5.300000000000001,0.0,-0.2,0.1,0.6000000000000001,-15.2,0.0,76.0,163.20000000000002,0.0,21.3,31.5,31.5,32.2,300.0,300.0,30.6,34.6,30.8,30.3,32.1,4.95,1.99,4.97,0.16,0.0,0.0,1027.0,8228.0,0.0,0.0,0.0,0.0,0.0,1.0,0.0,0.0,0.0,0.029,0.0,0.7000000000000001,0.0,-0.4,0.0,0.1186,16.0,25903.0
2026-07-30T18:59:05.992Z,115.475,115.488,0.0,7.4,0.0,0.0,0.0,0.0,0.0,0.0,0.0,0.0,1.0,0.0,0.0,0.0,9.0,4.0,0.0,0.0,0.0,0.0,0.0,0.0,0.0,0.0,3.0,12.0,1.0,12.17,5.0200000000000005,2.51,1.49,-3.1,4.3,0.2,5.2,0.0,-0.7000000000000001,0.1,1.7000000000000002,-10.7,0.0,75.0,208.1,0.0,21.3,31.5,31.5,32.2,300.0,300.0,30.6,34.6,30.8,30.3,32.1,4.96,1.99,4.96,0.16,0.0,0.0,1027.0,8228.0,0.0,0.0,0.0,0.0,0.0,1.0,0.0,0.0,0.0,0.026,0.0,0.2,0.0,-2.1,0.0,0.117,16.0,25903.0
2026-07-30T18:59:06.004Z,115.487,115.5,0.0,7.4,0.0,0.0,0.0,0.0,0.0,0.0,0.0,0.0,1.0,0.0,0.0,0.0,9.0,4.0,0.0,0.0,0.0,0.0,0.0,0.0,0.0,0.0,4.0,12.0,1.0,12.17,5.0200000000000005,2.51,1.49,-4.4,2.0,0.2,5.2,0.0,-0.2,0.1,0.0,-0.6000000000000001,0.0,74.0,256.2,0.0,21.3,31.5,31.5,32.2,300.0,300.0,30.6,34.6,30.8,30.3,32.1,4.95,2.0,4.96,0.16,0.0,0.0,1027.0,8228.0,0.0,0.0,0.0,0.0,0.0,1.0,0.0,0.0,0.0,0.026,0.0,0.0,0.0,-0.1,0.0,0.1057,16.0,25903.0
2026-07-30T18:59:06.016Z,115.499,115.512,0.0,7.4,0.0,0.0,0.0,0.0,0.0,0.0,0.0,0.0,1.0,0.0,0.0,0.0,9.0,4.0,0.0,0.0,0.0,0.0,0.0,0.0,0.0,0.0,5.0,12.0,1.0,12.17,5.0200000000000005,2.51,1.49,-2.7,-1.2000000000000002,0.2,5.1000000000000005,0.0,0.3,0.1,-1.1,5.0,0.0,74.0,305.90000000000003,0.0,21.3,31.5,31.5,32.2,300.0,300.0,30.6,34.6,30.8,30.3,32.1,4.95,2.0,4.97,0.16,0.0,0.0,1027.0,8228.0,0.0,0.0,0.0,0.0,0.0,1.0,0.0,0.0,0.0,0.027,0.0,1.2000000000000002,0.0,-0.2,0.0,0.1067,16.0,25903.0
2026-07-30T18:59:06.028Z,115.511,115.524,0.0,7.4,0.0,0.0,0.0,0.0,0.0,0.0,0.0,0.0,1.0,0.0,0.0,0.0,9.0,4.0,0.0,0.0,0.0,0.0,0.0,0.0,0.0,0.0,6.0,12.0,1.0,12.17,5.0200000000000005,2.51,1.49,0.3,-3.6,0.2,5.1000000000000005,0.0,-0.1,0.7000000000000001,0.6000000000000001,6.7,0.0,73.0,352.8,0.0,21.3,31.5,31.5,32.2,300.0,300.0,30.6,34.6,30.8,30.3,32.1,4.95,1.99,4.97,0.16,0.0,0.0,1027.0,8228.0,0.0,0.0,0.0,0.0,0.0,1.0,0.0,0.0,0.0,0.026,0.0,-1.2000000000000002,0.0,0.4,0.0,0.1117,16.0,25903.0
2026-07-30T18:59:06.043Z,115.526,115.536,0.0,7.4,0.0,0.0,0.0,0.0,0.0,0.0,0.0,0.0,1.0,0.0,0.0,0.0,9.0,4.0,0.0,0.0,0.0,0.0,0.0,0.0,0.0,0.0,6.0,12.0,1.0,12.17,5.0200000000000005,2.51,1.49,3.0,-3.7,0.2,5.0,0.0,0.4,0.2,0.0,5.2,0.0,72.0,36.2,0.0,21.3,31.5,31.5,32.2,300.0,300.0,30.6,34.6,30.8,30.3,32.1,4.96,1.99,4.96,0.16,0.0,0.0,1027.0,8228.0,0.0,0.0,0.0,0.0,0.0,1.0,0.0,0.0,0.0,0.025,0.0,-0.1,0.0,0.2,0.0,0.1076,16.0,25903.0
2026-07-30T18:59:06.052Z,115.535,115.548,0.0,7.4,0.0,0.0,0.0,0.0,0.0,0.0,0.0,0.0,1.0,0.0,0.0,0.0,9.0,4.0,0.0,0.0,0.0,0.0,0.0,0.0,0.0,0.0,6.0,12.0,1.0,12.17,5.0200000000000005,2.51,1.49,3.9,-1.7000000000000002,0.2,5.0,0.0,1.5,1.9,1.8,0.5,0.0,72.0,79.80000000000001,0.0,21.3,31.5,31.5,32.2,300.0,300.0,30.6,34.6,30.8,30.3,32.1,4.95,2.0,4.96,0.16,0.0,0.0,1027.0,8228.0,0.0,0.0,0.0,0.0,0.0,1.0,0.0,0.0,0.0,0.024,0.0,1.2000000000000002,0.0,3.5,0.0,0.1005,16.0,25903.0
2026-07-30T18:59:06.064Z,115.547,115.56,0.0,7.4,0.0,0.0,0.0,0.0,0.0,0.0,0.0,0.0,1.0,0.0,0.0,0.0,9.0,4.0,0.0,0.0,0.0,0.0,0.0,0.0,0.0,0.0,1.0,12.0,1.0,12.17,5.0200000000000005,2.51,1.49,2.6,1.1,0.2,4.9,0.0,1.0,0.1,0.0,-6.9,0.0,71.0,122.8,0.0,21.3,31.5,31.5,32.2,300.0,300.0,30.6,34.6,30.8,30.3,32.1,4.95,1.99,4.97,0.16,0.0,0.0,1027.0,8228.0,0.0,0.0,0.0,0.0,0.0,1.0,0.0,0.0,0.0,0.024,0.0,0.1,0.0,0.1,0.0,0.0993,16.0,25903.0
2026-07-30T18:59:06.076Z,115.559,115.572,0.0,7.4,0.0,0.0,0.0,0.0,0.0,0.0,0.0,0.0,1.0,0.0,0.0,0.0,9.0,4.0,0.0,0.0,0.0,0.0,0.0,0.0,0.0,0.0,2.0,12.0,1.0,12.18,5.01,2.5,1.49,0.1,3.2,0.2,5.0,0.0,0.4,1.2000000000000002,-0.5,-16.8,0.0,70.0,163.3,0.0,21.4,31.5,31.5,32.2,300.0,300.0,30.6,34.6,30.9,30.3,32.1,4.95,2.0,4.97,0.16,0.0,0.0,1027.0,8228.0,0.0,0.0,0.0,0.0,0.0,1.0,0.0,0.0,0.0,0.023,0.0,0.9,0.0,0.8,0.0,0.0983,16.0,25903.0
2026-07-30T18:59:06.088Z,115.571,115.584,0.0,7.4,0.0,0.0,0.0,0.0,0.0,0.0,0.0,0.0,1.0,0.0,0.0,0.0,9.0,4.0,0.0,0.0,0.0,0.0,0.0,0.0,0.0,0.0,4.0,12.0,1.0,12.18,5.01,2.5,1.49,-2.3000000000000003,3.6,0.2,4.9,0.0,-0.1,0.7000000000000001,0.0,-13.4,0.0,69.0,202.5,0.0,21.4,31.5,31.5,32.2,300.0,300.0,30.6,34.6,30.9,30.3,32.1,4.95,2.0,4.96,0.16,0.0,0.0,1027.0,8228.0,0.0,0.0,0.0,0.0,0.0,1.0,0.0,0.0,0.0,0.022,0.0,0.7000000000000001,0.0,-0.3,0.0,0.0937,16.0,25903.0
2026-07-30T18:59:06.100Z,115.583,115.596,0.0,7.4,0.0,0.0,0.0,0.0,0.0,0.0,0.0,0.0,1.0,0.0,0.0,0.0,9.0,4.0,0.0,0.0,0.0,0.0,0.0,0.0,0.0,0.0,5.0,12.0,1.0,12.18,5.01,2.5,1.49,-3.5,2.4000000000000004,0.2,4.9,0.0,1.5,0.1,0.6000000000000001,-2.5,0.0,68.0,242.4,0.0,21.4,31.5,31.5,32.2,300.0,300.0,30.6,34.6,30.9,30.3,32.1,4.96,1.99,4.97,0.16,0.0,0.0,1027.0,8228.0,0.0,0.0,0.0,0.0,0.0,1.0,0.0,0.0,0.0,0.022,0.0,-0.3,0.0,-0.7000000000000001,0.0,0.09,16.0,25903.0
2026-07-30T18:59:06.112Z,115.595,115.608,0.0,7.4,0.0,0.0,0.0,0.0,0.0,0.0,0.0,0.0,1.0,0.0,0.0,0.0,9.0,4.0,0.0,0.0,0.0,0.0,0.0,0.0,0.0,0.0,6.0,12.0,1.0,12.18,5.01,2.5,1.49,-3.2,0.3,0.2,4.800000000000001,0.0,-0.7000000000000001,-0.4,0.0,4.6000000000000005,0.0,67.0,284.1,0.0,21.4,31.5,31.5,32.2,300.0,300.0,30.6,34.6,30.9,30.3,32.1,4.96,1.99,4.96,0.16,0.0,0.0,1027.0,8228.0,0.0,0.0,0.0,0.0,0.0,1.0,0.0,0.0,0.0,0.023,0.0,0.0,0.0,0.5,0.0,0.0901,16.0,25903.0
2026-07-30T18:59:06.124Z,115.607,115.62,0.0,7.4,0.0,0.0,0.0,0.0,0.0,0.0,0.0,0.0,1.0,0.0,0.0,0.0,9.0,4.0,0.0,0.0,0.0,0.0,0.0,0.0,0.0,0.0,2.0,12.0,1.0,12.18,5.01,2.5,1.49,-1.5,-1.9,0.2,4.800000000000001,0.0,-0.1,0.1,0.6000000000000001,8.3,0.0,66.0,323.5,0.0,21.4,31.5,31.5,32.2,300.0,300.0,30.6,34.6,30.9,30.3,32.1,4.96,1.99,4.96,0.16,0.0,0.0,1027.0,8228.0,0.0,0.0,0.0,0.0,0.0,1.0,0.0,0.0,0.0,0.022,0.0,-0.8,0.0,0.2,0.0,0.0931,16.0,25903.0
2026-07-30T18:59:06.136Z,115.619,115.632,0.0,7.4,0.0,0.0,0.0,0.0,0.0,0.0,0.0,0.0,1.0,0.0,0.0,0.0,9.0,4.0,0.0,0.0,0.0,0.0,0.0,0.0,0.0,0.0,3.0,12.0,1.0,12.18,5.01,2.5,1.49,0.5,-3.0,0.2,4.7,0.0,-0.2,-1.6,-1.1,9.0,0.0,65.0,0.3,0.0,21.4,31.5,31.5,32.2,300.0,300.0,30.6,34.6,30.9,30.3,32.1,4.95,1.99,4.96,0.16,0.0,0.0,1027.0,8228.0,0.0,0.0,0.0,0.0,0.0,1.0,0.0,0.0,0.0,0.021,0.0,2.5,0.0,-1.1,0.0,0.0913,16.0,25903.0
2026-07-30T18:59:06.147Z,115.63,115.644,0.0,7.4,0.0,0.0,0.0,0.0,0.0,0.0,0.0,0.0,1.0,0.0,0.0,0.0,9.0,4.0,0.0,0.0,0.0,0.0,0.0,0.0,0.0,0.0,4.0,12.0,1.0,12.18,5.01,2.5,1.49,2.2,-2.9000000000000004,0.2,4.7,0.0,-0.2,-0.5,0.0,7.1000000000000005,0.0,64.0,34.5,0.0,21.4,31.5,31.5,32.2,300.0,300.0,30.6,34.6,30.9,30.3,32.1,4.95,1.99,4.96,0.16,0.0,0.0,1027.0,8228.0,0.0,0.0,0.0,0.0,0.0,1.0,0.0,0.0,0.0,0.019,0.0,0.4,0.0,-0.3,0.0,0.0854,16.0,25903.0
2026-07-30T18:59:06.160Z,115.643,115.656,0.0,7.4,0.0,0.0,0.0,0.0,0.0,0.0,0.0,0.0,1.0,0.0,0.0,0.0,9.0,4.0,0.0,0.0,0.0,0.0,0.0,0.0,0.0,0.0,5.0,12.0,1.0,12.18,5.01,2.5,1.49,2.9000000000000004,-1.9,0.1,4.6000000000000005,0.0,0.9,1.8,1.1,2.9000000000000004,0.0,63.0,67.2,0.0,21.4,31.5,31.5,32.2,300.0,300.0,30.6,34.6,30.9,30.3,32.1,4.95,2.0,4.96,0.16,0.0,0.0,1027.0,8228.0,0.0,0.0,0.0,0.0,0.0,1.0,0.0,0.0,0.0,0.018,0.0,0.0,0.0,3.0,0.0,0.0796,16.0,25903.0
2026-07-30T18:59:06.173Z,115.656,115.668,0.0,7.4,0.0,0.0,0.0,0.0,0.0,0.0,0.0,0.0,1.0,0.0,0.0,0.0,9.0,4.0,0.0,0.0,0.0,0.0,0.0,0.0,0.0,0.0,6.0,12.0,1.0,12.17,5.01,2.51,1.49,2.6,-0.3,0.1,4.5,0.0,0.3,0.1,1.1,-3.4000000000000004,0.0,61.0,100.1,0.0,21.3,31.5,31.5,32.2,300.0,300.0,30.700000000000003,34.7,30.8,30.3,32.1,4.95,1.99,4.96,0.16,0.0,0.0,1027.0,8228.0,0.0,0.0,0.0,0.0,0.0,1.0,0.0,0.0,0.0,0.018,0.0,1.2000000000000002,0.0,0.5,0.0,0.0755,16.0,25903.0
2026-07-30T18:59:06.184Z,115.667,115.68,0.0,7.4,0.0,0.0,0.0,0.0,0.0,0.0,0.0,0.0,1.0,0.0,0.0,0.0,9.0,4.0,0.0,0.0,0.0,0.0,0.0,0.0,0.0,0.0,1.0,12.0,1.0,12.17,5.01,2.51,1.49,1.7000000000000002,1.3,0.1,4.5,0.0,0.3,-0.4,1.1,-11.6,0.0,60.0,132.5,0.0,21.3,31.5,31.5,32.2,300.0,300.0,30.700000000000003,34.7,30.8,30.3,32.1,4.95,1.99,4.97,0.16,0.0,0.0,1027.0,8228.0,0.0,0.0,0.0,0.0,0.0,1.0,0.0,0.0,0.0,0.018,0.0,0.9,0.0,-0.7000000000000001,0.0,0.0747,16.0,25903.0
2026-07-30T18:59:06.196Z,115.679,115.692,0.0,7.4,0.0,0.0,0.0,0.0,0.0,0.0,0.0,0.0,1.0,0.0,0.0,0.0,9.0,4.0,0.0,0.0,0.0,0.0,0.0,0.0,0.0,0.0,2.0,12.0,1.0,12.17,5.01,2.51,1.49,0.0,2.8000000000000003,0.1,4.5,0.0,0.8,-1.0,-1.1,-21.700000000000003,0.0,59.0,166.70000000000002,0.0,21.3,31.5,31.5,32.2,300.0,300.0,30.700000000000003,34.7,30.8,30.3,32.1,4.96,2.0,4.96,0.16,0.0,0.0,1027.0,8228.0,0.0,0.0,0.0,0.0,0.0,1.0,0.0,0.0,0.0,0.019,0.0,-2.0,0.0,0.6000000000000001,0.0,0.0737,16.0,25903.0
2026-07-30T18:59:06.208Z,115.691,115.704,0.0,7.4,0.0,0.0,0.0,0.0,0.0,0.0,0.0,0.0,1.0,0.0,0.0,0.0,9.0,4.0,0.0,0.0,0.0,0.0,0.0,0.0,0.0,0.0,3.0,12.0,1.0,12.17,5.01,2.51,1.49,-2.1,3.6,0.2,4.5,0.0,-0.2,0.6000000000000001,-0.4,-16.5,0.0,58.0,203.3,0.0,21.3,31.5,31.5,32.2,300.0,300.0,30.700000000000003,34.7,30.8,30.3,32.1,4.96,1.99,4.96,0.16,0.0,0.0,1027.0,8228.0,0.0,0.0,0.0,0.0,0.0,1.0,0.0,0.0,0.0,0.02,0.0,0.6000000000000001,0.0,0.2,0.0,0.0764,16.0,25903.0
2026-07-30T18:59:06.220Z,115.703,115.716,0.0,7.4,0.0,0.0,0.0,0.0,0.0,0.0,0.0,0.0,1.0,0.0,0.0,0.0,9.0,4.0,0.0,0.0,0.0,0.0,0.0,0.0,0.0,0.0,5.0,12.0,1.0,12.17,5.01,2.51,1.49,-3.8,2.8000000000000003,0.2,4.5,0.0,-0.2,1.2000000000000002,0.7000000000000001,-5.300000000000001,0.0,58.0,243.5,0.0,21.3,31.5,31.5,32.2,300.0,300.0,30.700000000000003,34.7,30.8,30.3,32.1,4.95,1.99,4.96,0.16,0.0,0.0,1027.0,8228.0,0.0,0.0,0.0,0.0,0.0,1.0,0.0,0.0,0.0,0.021,0.0,0.1,0.0,-2.0,0.0,0.0811,16.0,25903.0
2026-07-30T18:59:06.232Z,115.715,115.728,0.0,7.4,0.0,0.0,0.0,0.0,0.0,0.0,0.0,0.0,1.0,0.0,0.0,0.0,9.0,4.0,0.0,0.0,0.0,0.0,0.0,0.0,0.0,0.0,6.0,12.0,1.0,12.17,5.01,2.51,1.49,-3.6,0.0,0.2,4.5,0.0,-0.2,-1.0,-0.9,1.8,0.0,58.0,286.5,0.0,21.3,31.5,31.5,32.2,300.0,300.0,30.700000000000003,34.7,30.8,30.3,32.1,4.96,1.99,4.96,0.16,0.0,0.0,1027.0,8228.0,0.0,0.0,0.0,0.0,0.0,1.0,0.0,0.0,0.0,0.023,0.0,1.4,0.0,1.4,0.0,0.0878,16.0,25903.0
2026-07-30T18:59:06.244Z,115.727,115.74,0.0,7.4,0.0,0.0,0.0,0.0,0.0,0.0,0.0,0.0,1.0,0.0,0.0,0.0,9.0,4.0,0.0,0.0,0.0,0.0,0.0,0.0,0.0,0.0,2.0,12.0,1.0,12.17,5.01,2.51,1.49,-0.8,-3.5,0.2,4.4,0.0,0.3,-1.0,-0.4,5.1000000000000005,0.0,59.0,337.40000000000003,0.0,21.3,31.5,31.5,32.2,300.0,300.0,30.700000000000003,34.7,30.8,30.3,32.1,4.95,1.99,4.97,0.16,0.0,0.0,1027.0,8228.0,0.0,0.0,0.0,0.0,0.0,1.0,0.0,0.0,0.0,0.027,0.0,1.5,0.0,0.1,0.0,0.0956,16.0,25903.0
2026-07-30T18:59:06.256Z,115.739,115.752,0.0,7.4,0.0,0.0,0.0,0.0,0.0,0.0,0.0,0.0,1.0,0.0,0.0,0.0,9.0,4.0,0.0,0.0,0.0,0.0,0.0,0.0,0.0,0.0,3.0,12.0,1.0,12.17,5.01,2.51,1.49,3.7,-4.9,0.2,4.800000000000001,0.0,-0.2,-0.5,-0.4,4.4,0.0,60.0,32.4,0.0,21.3,31.5,31.5,32.2,300.0,300.0,30.700000000000003,34.7,30.8,30.3,32.1,4.95,1.99,4.97,0.16,0.0,0.0,1027.0,8228.0,0.0,0.0,0.0,0.0,0.0,1.0,0.0,0.0,0.0,0.03,0.0,0.4,0.0,-0.8,0.0,0.1087,16.0,25903.0
2026-07-30T18:59:06.268Z,115.751,115.764,0.0,7.4,0.0,0.0,0.0,0.0,0.0,0.0,0.0,0.0,1.0,0.0,0.0,0.0,9.0,4.0,0.0,0.0,0.0,0.0,0.0,0.0,0.0,0.0,4.0,12.0,1.0,12.17,5.01,2.51,1.49,5.4,-1.3,0.3,5.300000000000001,0.0,0.9,1.8,3.0,-0.5,0.0,62.0,93.1,0.0,21.3,31.5,31.5,32.2,300.0,300.0,30.700000000000003,34.7,30.8,30.3,32.1,4.96,2.0,4.97,0.16,0.0,0.0,1027.0,8228.0,0.0,0.0,0.0,0.0,0.0,1.0,0.0,0.0,0.0,0.033,0.0,3.2,0.0,3.6,0.0,0.1208,16.0,25903.0
2026-07-30T18:59:06.280Z,115.763,115.776,0.0,7.4,0.0,0.0,0.0,0.0,0.0,0.0,0.0,0.0,1.0,0.0,0.0,0.0,9.0,4.0,0.0,0.0,0.0,0.0,0.0,0.0,0.0,0.0,5.0,12.0,1.0,12.18,5.01,2.51,1.49,0.9,4.800000000000001,0.3,5.6000000000000005,0.0,0.3,0.0,0.0,-9.6,0.0,63.0,156.70000000000002,0.0,21.8,31.5,31.5,32.2,300.0,300.0,30.700000000000003,34.7,30.8,30.3,32.1,4.96,2.0,4.96,0.16,0.0,0.0,1027.0,8228.0,0.0,0.0,0.0,0.0,0.0,1.0,0.0,0.0,0.0,0.035,0.0,0.1,0.0,0.0,0.0,0.1333,16.0,25903.0
2026-07-30T18:59:06.292Z,115.775,115.788,0.0,7.4,0.0,0.0,0.0,0.0,0.0,0.0,0.0,0.0,1.0,0.0,0.0,0.0,9.0,4.0,0.0,0.0,0.0,0.0,0.0,0.0,0.0,0.0,6.0,12.0,1.0,12.18,5.01,2.51,1.49,-5.7,5.7,0.3,6.1000000000000005,0.0,-0.2,-0.5,0.6000000000000001,-5.5,0.0,66.0,224.8,0.0,21.8,31.5,31.5,32.2,300.0,300.0,30.700000000000003,34.7,30.8,30.3,32.1,4.95,1.99,4.97,0.16,0.0,0.0,1027.0,8228.0,0.0,0.0,0.0,0.0,0.0,1.0,0.0,0.0,0.0,0.037,0.0,-0.6000000000000001,0.0,-0.2,0.0,0.1417,16.0,25903.0
2026-07-30T18:59:06.304Z,115.787,115.8,0.0,7.4,0.0,0.0,0.0,0.0,0.0,0.0,0.0,0.0,1.0,0.0,0.0,0.0,9.0,4.0,0.0,0.0,0.0,0.0,0.0,0.0,0.0,0.0,1.0,12.0,1.0,12.18,5.01,2.51,1.49,-5.0,-1.5,0.4,6.300000000000001,0.0,0.4,0.6000000000000001,0.6000000000000001,1.8,0.0,68.0,301.6,0.0,21.8,31.5,31.5,32.2,300.0,300.0,30.700000000000003,34.7,30.8,30.3,32.1,4.95,2.0,4.96,0.16,0.0,0.0,1027.0,8228.0,0.0,0.0,0.0,0.0,0.0,1.0,0.0,0.0,0.0,0.041,0.0,-1.1,0.0,-0.6000000000000001,0.0,0.1504,16.0,25903.0
2026-07-30T18:59:06.316Z,115.799,115.812,0.0,7.4,0.0,0.0,0.0,0.0,0.0,0.0,0.0,0.0,1.0,0.0,0.0,0.0,9.0,4.0,0.0,0.0,0.0,0.0,0.0,0.0,0.0,0.0,3.0,12.0,1.0,12.18,5.01,2.51,1.49,3.6,-7.1000000000000005,0.4,6.7,0.0,0.9,0.7000000000000001,0.0,3.0,0.0,71.0,19.1,0.0,21.8,31.5,31.5,32.2,300.0,300.0,30.700000000000003,34.7,30.8,30.3,32.1,4.96,1.99,4.96,0.16,0.0,0.0,1027.0,8228.0,0.0,0.0,0.0,0.0,0.0,1.0,0.0,0.0,0.0,0.043,0.0,-0.7000000000000001,0.0,0.3,0.0,0.1679,16.0,25903.0
2026-07-30T18:59:06.328Z,115.811,115.824,0.0,7.4,0.0,0.0,0.0,0.0,0.0,0.0,0.0,0.0,1.0,0.0,0.0,0.0,9.0,4.0,0.0,0.0,0.0,0.0,0.0,0.0,0.0,0.0,4.0,12.0,1.0,12.18,5.01,2.51,1.49,6.800000000000001,-1.2000000000000002,0.4,6.9,0.0,0.3,1.2000000000000002,1.7000000000000002,-1.5,0.0,74.0,99.3,0.0,21.8,31.5,31.5,32.2,300.0,300.0,30.700000000000003,34.7,30.8,30.3,32.1,4.95,1.99,4.96,0.16,0.0,0.0,1027.0,8228.0,0.0,0.0,0.0,0.0,0.0,1.0,0.0,0.0,0.0,0.044,0.0,2.1,0.0,2.1,0.0,0.1746,16.0,25903.0
2026-07-30T18:59:06.349Z,115.832,115.836,0.0,7.4,0.0,0.0,0.0,0.0,0.0,0.0,0.0,0.0,1.0,0.0,0.0,0.0,9.0,4.0,0.0,0.0,0.0,0.0,0.0,0.0,0.0,0.0,5.0,12.0,1.0,12.18,5.01,2.51,1.49,-1.1,6.800000000000001,0.4,6.9,0.0,-0.1,-0.4,0.5,-11.6,0.0,77.0,178.20000000000002,0.0,21.8,31.5,31.5,32.2,300.0,300.0,30.700000000000003,34.7,30.8,30.3,32.1,4.96,1.99,4.97,0.16,0.0,0.0,1027.0,8228.0,0.0,0.0,0.0,0.0,0.0,1.0,0.0,0.0,0.0,0.045,0.0,-0.2,0.0,-0.5,0.0,0.1796,16.0,25903.0
2026-07-30T18:59:06.353Z,115.836,115.848,0.0,7.4,0.0,0.0,0.0,0.0,0.0,0.0,0.0,0.0,1.0,0.0,0.0,0.0,9.0,4.0,0.0,0.0,0.0,0.0,0.0,0.0,0.0,0.0,4.0,12.0,1.0,12.18,5.01,2.51,1.49,-7.1000000000000005,3.8,0.4,6.800000000000001,0.0,0.3,0.0,0.0,-0.9,0.0,79.0,255.5,0.0,21.8,31.5,31.5,32.2,300.0,300.0,30.700000000000003,34.7,30.8,30.3,32.1,4.96,1.99,4.96,0.16,0.0,0.0,1027.0,8228.0,0.0,0.0,0.0,0.0,0.0,1.0,0.0,0.0,0.0,0.044,0.0,0.0,0.0,-0.1,0.0,0.18,16.0,25903.0
2026-07-30T18:59:06.364Z,115.847,115.86,0.0,7.4,0.0,0.0,0.0,0.0,0.0,0.0,0.0,0.0,1.0,0.0,0.0,0.0,9.0,4.0,0.0,0.0,0.0,0.0,0.0,0.0,0.0,0.0,4.0,12.0,1.0,12.18,5.01,2.51,1.49,-1.7000000000000002,-5.0,0.4,6.800000000000001,0.0,0.9,0.7000000000000001,0.6000000000000001,4.0,0.0,81.0,331.1,0.0,21.8,31.5,31.5,32.2,300.0,300.0,30.700000000000003,34.7,30.8,30.3,32.1,4.95,1.99,4.96,0.16,0.0,0.0,1027.0,8228.0,0.0,0.0,0.0,0.0,0.0,1.0,0.0,0.0,0.0,0.043,0.0,-0.1,0.0,0.6000000000000001,0.0,0.1761,16.0,25903.0
2026-07-30T18:59:06.377Z,115.86,115.872,0.0,7.4,0.0,0.0,0.0,0.0,0.0,0.0,0.0,0.0,1.0,0.0,0.0,0.0,9.0,4.0,0.0,0.0,0.0,0.0,0.0,0.0,0.0,0.0,6.0,12.0,1.0,12.18,5.0200000000000005,2.51,1.49,5.9,-5.9,0.4,6.7,0.0,0.9,0.1,0.0,2.9000000000000004,0.0,83.0,48.1,0.0,21.700000000000003,31.5,31.5,32.1,300.0,300.0,30.6,34.6,30.8,30.3,32.1,4.95,1.99,4.97,0.16,0.0,0.0,1027.0,8228.0,0.0,0.0,0.0,0.0,0.0,1.0,0.0,0.0,0.0,0.043,0.0,0.0,0.0,0.1,0.0,0.1724,16.0,25903.0
2026-07-30T18:59:06.388Z,115.871,115.884,0.0,7.4,0.0,0.0,0.0,0.0,0.0,0.0,0.0,0.0,1.0,0.0,0.0,0.0,9.0,4.0,0.0,0.0,0.0,0.0,0.0,0.0,0.0,0.0,1.0,12.0,1.0,12.18,5.0200000000000005,2.51,1.49,4.800000000000001,1.8,0.5,6.6000000000000005,0.0,0.3,-0.4,2.3000000000000003,-3.6,0.0,85.0,124.0,0.0,21.700000000000003,31.5,31.5,32.1,300.0,300.0,30.6,34.6,30.8,30.3,32.1,4.96,1.99,4.96,0.16,0.0,0.0,1027.0,8228.0,0.0,0.0,0.0,0.0,0.0,1.0,0.0,0.0,0.0,0.043,0.0,2.4000000000000004,0.0,-0.6000000000000001,0.0,0.174,16.0,25903.0
2026-07-30T18:59:06.400Z,115.883,115.896,0.0,7.4,0.0,0.0,0.0,0.0,0.0,0.0,0.0,0.0,1.0,0.0,0.0,0.0,9.0,4.0,0.0,0.0,0.0,0.0,0.0,0.0,0.0,0.0,2.0,12.0,1.0,12.18,5.0200000000000005,2.51,1.49,-3.2,6.7,0.4,6.6000000000000005,0.0,-0.2,0.7000000000000001,-1.1,-9.6,0.0,86.0,193.4,0.0,21.700000000000003,31.5,31.5,32.1,300.0,300.0,30.6,34.6,30.8,30.3,32.1,4.96,2.0,4.96,0.16,0.0,0.0,1027.0,8228.0,0.0,0.0,0.0,0.0,0.0,1.0,0.0,0.0,0.0,0.04,0.0,1.8,0.0,-1.7000000000000002,0.0,0.1735,16.0,25903.0
2026-07-30T18:59:06.412Z,115.895,115.908,0.0,7.4,0.0,0.0,0.0,0.0,0.0,0.0,0.0,0.0,1.0,0.0,0.0,0.0,9.0,4.0,0.0,0.0,0.0,0.0,0.0,0.0,0.0,0.0,4.0,12.0,1.0,12.18,5.0200000000000005,2.51,1.49,-6.4,2.2,0.4,6.5,0.0,-0.1,0.1,0.6000000000000001,0.4,0.0,87.0,266.8,0.0,21.700000000000003,31.5,31.5,32.1,300.0,300.0,30.6,34.6,30.8,30.3,32.1,4.96,1.99,4.96,0.16,0.0,0.0,1027.0,8228.0,0.0,0.0,0.0,0.0,0.0,1.0,0.0,0.0,0.0,0.04,0.0,-0.6000000000000001,0.0,-1.2000000000000002,0.0,0.1618,16.0,25903.0
2026-07-30T18:59:06.424Z,115.907,115.92,0.0,7.4,0.0,0.0,0.0,0.0,0.0,0.0,0.0,0.0,1.0,0.0,0.0,0.0,9.0,4.0,0.0,0.0,0.0,0.0,0.0,0.0,0.0,0.0,5.0,12.0,1.0,12.18,5.0200000000000005,2.51,1.49,-0.8,-5.0,0.4,6.5,0.0,-0.2,-1.0,-1.1,4.4,0.0,88.0,340.3,0.0,21.700000000000003,31.5,31.5,32.1,300.0,300.0,30.6,34.6,30.8,30.3,32.1,4.95,1.99,4.97,0.16,0.0,0.0,1027.0,8228.0,0.0,0.0,0.0,0.0,0.0,1.0,0.0,0.0,0.0,0.041,0.0,0.5,0.0,0.2,0.0,0.164,16.0,25903.0
2026-07-30T18:59:06.436Z,115.919,115.932,0.0,7.4,0.0,0.0,0.0,0.0,0.0,0.0,0.0,0.0,1.0,0.0,0.0,0.0,9.0,4.0,0.0,0.0,0.0,0.0,0.0,0.0,0.0,0.0,1.0,12.0,1.0,12.18,5.0200000000000005,2.51,1.49,5.6000000000000005,-5.4,0.4,6.4,0.0,0.9,-0.5,0.6000000000000001,3.0,0.0,89.0,49.7,0.0,21.700000000000003,31.5,31.5,32.1,300.0,300.0,30.6,34.6,30.8,30.3,32.1,4.96,1.99,4.96,0.16,0.0,0.0,1027.0,8228.0,0.0,0.0,0.0,0.0,0.0,1.0,0.0,0.0,0.0,0.039,0.0,0.3,0.0,-2.2,0.0,0.167,16.0,25903.0
2026-07-30T18:59:06.447Z,115.93,115.944,0.0,7.4,0.0,0.0,0.0,0.0,0.0,0.0,0.0,0.0,1.0,0.0,0.0,0.0,9.0,4.0,0.0,0.0,0.0,0.0,0.0,0.0,0.0,0.0,2.0,12.0,1.0,12.18,5.0200000000000005,2.51,1.49,4.7,1.1,0.4,6.4,0.0,0.3,1.1,-0.5,-3.4000000000000004,0.0,89.0,120.3,0.0,21.700000000000003,31.5,31.5,32.1,300.0,300.0,30.6,34.6,30.8,30.3,32.1,4.96,2.0,4.97,0.16,0.0,0.0,1027.0,8228.0,0.0,0.0,0.0,0.0,0.0,1.0,0.0,0.0,0.0,0.04,0.0,0.0,0.0,1.1,0.0,0.1597,16.0,25903.0
2026-07-30T18:59:06.460Z,115.943,115.956,0.0,7.4,0.0,0.0,0.0,0.0,0.0,0.0,0.0,0.0,1.0,0.0,0.0,0.0,9.0,4.0,0.0,0.0,0.0,0.0,0.0,0.0,0.0,0.0,3.0,12.0,1.0,12.18,5.0200000000000005,2.51,1.49,-1.7000000000000002,6.0,0.4,6.300000000000001,0.0,0.3,0.6000000000000001,0.0,-12.3,0.0,89.0,184.6,0.0,21.700000000000003,31.5,31.5,32.1,300.0,300.0,30.6,34.6,30.8,30.3,32.1,4.95,1.99,4.97,0.16,0.0,0.0,1027.0,8228.0,0.0,0.0,0.0,0.0,0.0,1.0,0.0,0.0,0.0,0.037,0.0,0.7000000000000001,0.0,0.0,0.0,0.1602,16.0,25903.0
2026-07-30T18:59:06.472Z,115.955,115.968,0.0,7.4,0.0,0.0,0.0,0.0,0.0,0.0,0.0,0.0,1.0,0.0,0.0,0.0,9.0,4.0,0.0,0.0,0.0,0.0,0.0,0.0,0.0,0.0,5.0,12.0,1.0,12.18,5.0200000000000005,2.51,1.49,-5.9,3.5,0.4,6.2,0.0,-0.2,-0.5,-0.5,-1.0,0.0,89.0,247.9,0.0,21.700000000000003,31.5,31.5,32.1,300.0,300.0,30.6,34.6,30.8,30.3,32.1,4.96,1.99,4.96,0.16,0.0,0.0,1027.0,8228.0,0.0,0.0,0.0,0.0,0.0,1.0,0.0,0.0,0.0,0.035,0.0,0.1,0.0,1.0,0.0,0.1506,16.0,25903.0
2026-07-30T18:59:06.484Z,115.967,115.98,0.0,7.4,0.0,0.0,0.0,0.0,0.0,0.0,0.0,0.0,1.0,0.0,0.0,0.0,9.0,4.0,0.0,0.0,0.0,0.0,0.0,0.0,0.0,0.0,6.0,12.0,1.0,12.15,5.01,2.5,1.49,-3.0,-2.7,0.4,6.2,0.0,-0.8,0.0,0.5,4.6000000000000005,0.0,90.0,314.40000000000003,0.0,21.9,31.5,31.5,32.1,300.0,300.0,30.700000000000003,34.6,30.8,30.3,32.0,4.95,2.0,4.96,0.16,0.0,0.0,1027.0,8228.0,0.0,0.0,0.0,0.0,0.0,1.0,0.0,0.0,0.0,0.037,0.0,-0.6000000000000001,0.0,0.1,0.0,0.1437,16.0,25903.0
2026-07-30T18:59:06.496Z,115.979,115.992,0.0,7.4,0.0,0.0,0.0,0.0,0.0,0.0,0.0,0.0,1.0,0.0,0.0,0.0,9.0,4.0,0.0,0.0,0.0,0.0,0.0,0.0,0.0,0.0,1.0,12.0,1.0,12.15,5.01,2.5,1.49,3.1,-5.7,0.4,6.1000000000000005,0.0,-0.2,0.0,0.0,5.2,0.0,89.0,17.900000000000002,0.0,21.9,31.5,31.5,32.1,300.0,300.0,30.700000000000003,34.6,30.8,30.3,32.0,4.95,1.99,4.97,0.16,0.0,0.0,1027.0,8228.0,0.0,0.0,0.0,0.0,0.0,1.0,0.0,0.0,0.0,0.036,0.0,0.0,0.0,0.0,0.0,0.1489,16.0,25903.0
2026-07-30T18:59:06.508Z,115.991,116.004,0.0,7.4,0.0,0.0,0.0,0.0,0.0,0.0,0.0,0.0,1.0,0.0,0.0,0.0,9.0,4.0,0.0,0.0,0.0,0.0,0.0,0.0,0.0,0.0,3.0,12.0,1.0,12.15,5.01,2.5,1.49,5.6000000000000005,-2.4000000000000004,0.4,6.1000000000000005,0.0,-0.2,0.0,-0.6000000000000001,1.1,0.0,90.0,83.60000000000001,0.0,21.9,31.5,31.5,32.1,300.0,300.0,30.700000000000003,34.6,30.8,30.3,32.0,4.95,1.99,4.97,0.16,0.0,0.0,1027.0,8228.0,0.0,0.0,0.0,0.0,0.0,1.0,0.0,0.0,0.0,0.036,0.0,-0.5,0.0,-0.3,0.0,0.145,16.0,25903.0
2026-07-30T18:59:06.520Z,116.003,116.016,0.0,7.4,0.0,0.0,0.0,0.0,0.0,0.0,0.0,0.0,1.0,0.0,0.0,0.0,9.0,4.0,0.0,0.0,0.0,0.0,0.0,0.0,0.0,0.0,4.0,12.0,1.0,12.15,5.01,2.5,1.49,2.2,3.3000000000000003,0.4,6.0,0.0,0.3,1.2000000000000002,0.5,-7.300000000000001,0.0,89.0,143.9,0.0,21.9,31.5,31.5,32.1,300.0,300.0,30.700000000000003,34.6,30.8,30.3,32.0,4.96,1.99,4.96,0.16,0.0,0.0,1027.0,8228.0,0.0,0.0,0.0,0.0,0.0,1.0,0.0,0.0,0.0,0.035,0.0,1.7000000000000002,0.0,0.5,0.0,0.1476,16.0,25903.0
2026-07-30T18:59:06.532Z,116.015,116.028,0.0,7.4,0.0,0.0,0.0,0.0,0.0,0.0,0.0,0.0,1.0,0.0,0.0,0.0,9.0,4.0,0.0,0.0,0.0,0.0,0.0,0.0,0.0,0.0,5.0,12.0,1.0,12.15,5.01,2.5,1.49,-3.3000000000000003,5.5,0.3,6.0,0.0,-0.2,0.0,0.0,-10.6,0.0,88.0,197.1,0.0,21.9,31.5,31.5,32.1,300.0,300.0,30.700000000000003,34.6,30.8,30.3,32.0,4.95,1.99,4.97,0.16,0.0,0.0,1027.0,8228.0,0.0,0.0,0.0,0.0,0.0,1.0,0.0,0.0,0.0,0.031,0.0,0.0,0.0,0.0,0.0,0.141,16.0,25903.0
2026-07-30T18:59:06.545Z,116.028,116.04,0.0,7.4,0.0,0.0,0.0,0.0,0.0,0.0,0.0,0.0,1.0,0.0,0.0,0.0,9.0,4.0,0.0,0.0,0.0,0.0,0.0,0.0,0.0,0.0,6.0,12.0,1.0,12.15,5.01,2.5,1.49,-5.300000000000001,2.2,0.3,5.9,0.0,-0.2,1.2000000000000002,0.0,-0.2,0.0,88.0,257.0,0.0,21.9,31.5,31.5,32.1,300.0,300.0,30.700000000000003,34.6,30.8,30.3,32.0,4.95,1.99,4.96,0.16,0.0,0.0,1027.0,8228.0,0.0,0.0,0.0,0.0,0.0,1.0,0.0,0.0,0.0,0.032,0.0,0.2,0.0,-1.3,0.0,0.1254,16.0,25903.0
2026-07-30T18:59:06.556Z,116.039,116.052,0.0,7.4,0.0,0.0,0.0,0.0,0.0,0.0,0.0,0.0,1.0,0.0,0.0,0.0,9.0,4.0,0.0,0.0,0.0,0.0,0.0,0.0,0.0,0.0,1.0,12.0,1.0,12.15,5.01,2.5,1.49,-2.4000000000000004,-2.8000000000000003,0.4,5.9,0.0,-0.2,0.0,-0.5,4.800000000000001,0.0,88.0,320.1,0.0,21.9,31.5,31.5,32.1,300.0,300.0,30.700000000000003,34.6,30.8,30.3,32.0,4.96,1.99,4.96,0.16,0.0,0.0,1027.0,8228.0,0.0,0.0,0.0,0.0,0.0,1.0,0.0,0.0,0.0,0.035,0.0,0.6000000000000001,0.0,-0.2,0.0,0.1314,16.0,25903.0
2026-07-30T18:59:06.568Z,116.051,116.064,0.0,7.4,0.0,0.0,0.0,0.0,0.0,0.0,0.0,0.0,1.0,0.0,0.0,0.0,9.0,4.0,0.0,0.0,0.0,0.0,0.0,0.0,0.0,0.0,2.0,12.0,1.0,12.15,5.01,2.5,1.49,2.6,-5.1000000000000005,0.4,5.9,0.0,-0.2,0.0,0.5,5.1000000000000005,0.0,87.0,17.6,0.0,21.9,31.5,31.5,32.1,300.0,300.0,30.700000000000003,34.6,30.8,30.3,32.0,4.95,1.99,4.97,0.16,0.0,0.0,1027.0,8228.0,0.0,0.0,0.0,0.0,0.0,1.0,0.0,0.0,0.0,0.033,0.0,-0.1,0.0,0.6000000000000001,0.0,0.141,16.0,25903.0
2026-07-30T18:59:06.581Z,116.064,116.076,0.0,7.4,0.0,0.0,0.0,0.0,0.0,0.0,0.0,0.0,1.0,0.0,0.0,0.0,9.0,4.0,0.0,0.0,0.0,0.0,0.0,0.0,0.0,0.0,4.0,12.0,1.0,12.17,5.01,2.51,1.49,5.0,-2.7,0.3,5.800000000000001,0.0,0.2,0.0,0.5,1.4,0.0,87.0,74.4,0.0,21.3,31.5,31.5,32.1,300.0,300.0,30.700000000000003,34.7,30.8,30.3,32.0,4.95,1.99,4.97,0.16,0.0,0.0,1027.0,8228.0,0.0,0.0,0.0,0.0,0.0,1.0,0.0,0.0,0.0,0.032,0.0,0.4,0.0,0.4,0.0,0.1339,16.0,25903.0
2026-07-30T18:59:06.592Z,116.075,116.088,0.0,7.4,0.0,0.0,0.0,0.0,0.0,0.0,0.0,0.0,1.0,0.0,0.0,0.0,9.0,4.0,0.0,0.0,0.0,0.0,0.0,0.0,0.0,0.0,5.0,12.0,1.0,12.17,5.01,2.51,1.49,3.1,1.8,0.3,5.7,0.0,0.3,0.5,0.6000000000000001,-6.300000000000001,0.0,86.0,132.1,0.0,21.3,31.5,31.5,32.1,300.0,300.0,30.700000000000003,34.7,30.8,30.3,32.0,4.95,1.99,4.96,0.16,0.0,0.0,1027.0,8228.0,0.0,0.0,0.0,0.0,0.0,1.0,0.0,0.0,0.0,0.032,0.0,1.1,0.0,0.3,0.0,0.1285,16.0,25903.0
2026-07-30T18:59:06.604Z,116.087,116.1,0.0,7.4,0.0,0.0,0.0,0.0,0.0,0.0,0.0,0.0,1.0,0.0,0.0,0.0,9.0,4.0,0.0,0.0,0.0,0.0,0.0,0.0,0.0,0.0,1.0,12.0,1.0,12.17,5.01,2.51,1.49,-1.1,4.800000000000001,0.3,5.7,0.0,-0.3,0.5,0.5,-17.1,0.0,85.0,177.70000000000002,0.0,21.3,31.5,31.5,32.1,300.0,300.0,30.700000000000003,34.7,30.8,30.3,32.0,4.96,2.0,4.96,0.16,0.0,0.0,1027.0,8228.0,0.0,0.0,0.0,0.0,0.0,1.0,0.0,0.0,0.0,0.027,0.0,1.0,0.0,-0.5,0.0,0.1309,16.0,25903.0
2026-07-30T18:59:06.616Z,116.099,116.112,0.0,7.4,0.0,0.0,0.0,0.0,0.0,0.0,0.0,0.0,1.0,0.0,0.0,0.0,9.0,4.0,0.0,0.0,0.0,0.0,0.0,0.0,0.0,0.0,2.0,12.0,1.0,12.17,5.01,2.51,1.49,-4.4,3.8,0.3,5.6000000000000005,0.0,0.2,-0.5,0.0,-5.300000000000001,0.0,84.0,227.3,0.0,21.3,31.5,31.5,32.1,300.0,300.0,30.700000000000003,34.7,30.8,30.3,32.0,4.95,2.0,4.97,0.16,0.0,0.0,1027.0,8228.0,0.0,0.0,0.0,0.0,0.0,1.0,0.0,0.0,0.0,0.027,0.0,-0.4,0.0,0.5,0.0,0.1114,16.0,25903.0
2026-07-30T18:59:06.628Z,116.111,116.124,0.0,7.4,0.0,0.0,0.0,0.0,0.0,0.0,0.0,0.0,1.0,0.0,0.0,0.0,9.0,4.0,0.0,0.0,0.0,0.0,0.0,0.0,0.0,0.0,3.0,12.0,1.0,12.17,5.01,2.51,1.49,-4.1000000000000005,0.2,0.3,5.5,0.0,-0.2,-2.3000000000000003,-1.1,2.5,0.0,83.0,281.90000000000003,0.0,21.3,31.5,31.5,32.1,300.0,300.0,30.700000000000003,34.7,30.8,30.3,32.0,4.96,1.99,4.96,0.16,0.0,0.0,1027.0,8228.0,0.0,0.0,0.0,0.0,0.0,1.0,0.0,0.0,0.0,0.03,0.0,1.8,0.0,3.0,0.0,0.1098,16.0,25903.0
2026-07-30T18:59:06.643Z,116.126,116.136,0.0,7.4,0.0,0.0,0.0,0.0,0.0,0.0,0.0,0.0,1.0,0.0,0.0,0.0,9.0,4.0,0.0,0.0,0.0,0.0,0.0,0.0,0.0,0.0,5.0,12.0,1.0,12.17,5.01,2.51,1.49,-0.9,-3.3000000000000003,0.3,5.5,0.0,0.3,1.1,0.0,6.1000000000000005,0.0,82.0,334.1,0.0,21.3,31.5,31.5,32.1,300.0,300.0,30.700000000000003,34.7,30.8,30.3,32.0,4.96,2.0,4.97,0.16,0.0,0.0,1027.0,8228.0,0.0,0.0,0.0,0.0,0.0,1.0,0.0,0.0,0.0,0.029,0.0,-1.1,0.0,-0.5,0.0,0.1216,16.0,25903.0
2026-07-30T18:59:06.654Z,116.137,116.148,0.0,7.4,0.0,0.0,0.0,0.0,0.0,0.0,0.0,0.0,1.0,0.0,0.0,0.0,9.0,4.0,0.0,0.0,0.0,0.0,0.0,0.0,0.0,0.0,5.0,12.0,1.0,12.17,5.01,2.51,1.49,2.7,-4.3,0.3,5.5,0.0,0.3,0.0,0.0,5.6000000000000005,0.0,81.0,24.3,0.0,21.3,31.5,31.5,32.1,300.0,300.0,30.700000000000003,34.7,30.8,30.3,32.0,4.96,1.99,4.97,0.16,0.0,0.0,1027.0,8228.0,0.0,0.0,0.0,0.0,0.0,1.0,0.0,0.0,0.0,0.028,0.0,0.0,0.0,0.0,0.0,0.1195,16.0,25903.0
2026-07-30T18:59:06.664Z,116.147,116.16,0.0,7.4,0.0,0.0,0.0,0.0,0.0,0.0,0.0,0.0,1.0,0.0,0.0,0.0,9.0,4.0,0.0,0.0,0.0,0.0,0.0,0.0,0.0,0.0,6.0,12.0,1.0,12.17,5.01,2.51,1.49,4.2,-2.3000000000000003,0.3,5.5,0.0,-0.8,0.5,0.5,1.7000000000000002,0.0,80.0,72.7,0.0,21.3,31.5,31.5,32.1,300.0,300.0,30.700000000000003,34.7,30.8,30.3,32.0,4.95,1.99,4.97,0.16,0.0,0.0,1027.0,8228.0,0.0,0.0,0.0,0.0,0.0,1.0,0.0,0.0,0.0,0.027,0.0,0.2,0.0,1.1,0.0,0.1157,16.0,25903.0
2026-07-30T18:59:06.676Z,116.159,116.172,0.0,7.4,0.0,0.0,0.0,0.0,0.0,0.0,0.0,0.0,1.0,0.0,0.0,0.0,9.0,4.0,0.0,0.0,0.0,0.0,0.0,0.0,0.0,0.0,1.0,12.0,1.0,12.17,5.01,2.51,1.49,3.1,0.9,0.3,5.4,0.0,0.8,0.0,1.1,-5.5,0.0,79.0,121.0,0.0,21.3,31.5,31.5,32.1,300.0,300.0,30.700000000000003,34.7,30.8,30.3,32.0,4.96,1.99,4.96,0.16,0.0,0.0,1027.0,8228.0,0.0,0.0,0.0,0.0,0.0,1.0,0.0,0.0,0.0,0.027,0.0,1.2000000000000002,0.0,0.0,0.0,0.1108,16.0,25903.0
2026-07-30T18:59:06.688Z,116.171,116.184,0.0,7.4,0.0,0.0,0.0,0.0,0.0,0.0,0.0,0.0,1.0,0.0,0.0,0.0,9.0,4.0,0.0,0.0,0.0,0.0,0.0,0.0,0.0,0.0,2.0,12.0,1.0,12.14,5.0200000000000005,2.51,1.49,0.2,3.4000000000000004,0.2,5.4,0.0,-0.3,-0.6000000000000001,-0.6000000000000001,-15.4,0.0,78.0,161.60000000000002,0.0,21.4,31.5,31.5,32.1,300.0,300.0,30.700000000000003,34.6,30.8,30.3,32.0,4.96,1.99,4.97,0.16,0.0,0.0,1027.0,8228.0,0.0,0.0,0.0,0.0,0.0,1.0,0.0,0.0,0.0,0.024,0.0,-1.2000000000000002,0.0,0.2,0.0,0.1103,16.0,25903.0
2026-07-30T18:59:06.700Z,116.183,116.196,0.0,7.4,0.0,0.0,0.0,0.0,0.0,0.0,0.0,0.0,1.0,0.0,0.0,0.0,9.0,4.0,0.0,0.0,0.0,0.0,0.0,0.0,0.0,0.0,4.0,12.0,1.0,12.14,5.0200000000000005,2.51,1.49,-2.8000000000000003,4.0,0.2,5.300000000000001,0.0,-0.2,-0.6000000000000001,0.0,-13.1,0.0,76.0,202.2,0.0,21.4,31.5,31.5,32.1,300.0,300.0,30.700000000000003,34.6,30.8,30.3,32.0,4.95,1.99,4.97,0.16,0.0,0.0,1027.0,8228.0,0.0,0.0,0.0,0.0,0.0,1.0,0.0,0.0,0.0,0.023,0.0,-0.6000000000000001,0.0,0.3,0.0,0.0978,16.0,25903.0
2026-07-30T18:59:06.712Z,116.195,116.208,0.0,7.4,0.0,0.0,0.0,0.0,0.0,0.0,0.0,0.0,1.0,0.0,0.0,0.0,9.0,4.0,0.0,0.0,0.0,0.0,0.0,0.0,0.0,0.0,5.0,12.0,1.0,12.14,5.0200000000000005,2.51,1.49,-4.0,2.2,0.2,5.300000000000001,0.0,0.3,-0.5,1.1,-2.3000000000000003,0.0,75.0,248.4,0.0,21.4,31.5,31.5,32.1,300.0,300.0,30.700000000000003,34.6,30.8,30.3,32.0,4.96,1.99,4.96,0.16,0.0,0.0,1027.0,8228.0,0.0,0.0,0.0,0.0,0.0,1.0,0.0,0.0,0.0,0.025,0.0,-1.0,0.0,-0.4,0.0,0.0923,16.0,25903.0
2026-07-30T18:59:06.724Z,116.207,116.22,0.0,7.4,0.0,0.0,0.0,0.0,0.0,0.0,0.0,0.0,1.0,0.0,0.0,0.0,9.0,4.0,0.0,0.0,0.0,0.0,0.0,0.0,0.0,0.0,6.0,12.0,1.0,12.14,5.0200000000000005,2.51,1.49,-3.0,-0.4,0.3,5.300000000000001,0.0,0.3,0.5,1.1,4.1000000000000005,0.0,75.0,296.6,0.0,21.4,31.5,31.5,32.1,300.0,300.0,30.700000000000003,34.6,30.8,30.3,32.0,4.95,2.0,4.96,0.16,0.0,0.0,1027.0,8228.0,0.0,0.0,0.0,0.0,0.0,1.0,0.0,0.0,0.0,0.027,0.0,-1.6,0.0,-0.6000000000000001,0.0,0.1005,16.0,25903.0
2026-07-30T18:59:06.736Z,116.219,116.232,0.0,7.4,0.0,0.0,0.0,0.0,0.0,0.0,0.0,0.0,1.0,0.0,0.0,0.0,9.0,4.0,0.0,0.0,0.0,0.0,0.0,0.0,0.0,0.0,1.0,12.0,1.0,12.14,5.0200000000000005,2.51,1.49,-0.7000000000000001,-2.7,0.2,5.2,0.0,0.3,0.5,-0.5,6.800000000000001,0.0,74.0,339.70000000000005,0.0,21.4,31.5,31.5,32.1,300.0,300.0,30.700000000000003,34.6,30.8,30.3,32.0,4.95,1.99,4.97,0.16,0.0,0.0,1027.0,8228.0,0.0,0.0,0.0,0.0,0.0,1.0,0.0,0.0,0.0,0.025,0.0,-0.1,0.0,-0.6000000000000001,0.0,0.1083,16.0,25903.0
2026-07-30T18:59:06.748Z,116.231,116.244,0.0,7.4,0.0,0.0,0.0,0.0,0.0,0.0,0.0,0.0,1.0,0.0,0.0,0.0,9.0,4.0,0.0,0.0,0.0,0.0,0.0,0.0,0.0,0.0,1.0,12.0,1.0,12.14,5.0200000000000005,2.51,1.49,1.7000000000000002,-3.5,0.2,5.1000000000000005,0.0,1.5,1.1,2.3000000000000003,6.4,0.0,72.0,16.0,0.0,21.4,31.5,31.5,32.1,300.0,300.0,30.700000000000003,34.6,30.8,30.3,32.0,4.95,1.99,4.97,0.16,0.0,0.0,1027.0,8228.0,0.0,0.0,0.0,0.0,0.0,1.0,0.0,0.0,0.0,0.021,0.0,-1.9,0.0,3.0,0.0,0.1012,16.0,25903.0
2026-07-30T18:59:06.760Z,116.243,116.256,0.0,7.4,0.0,0.0,0.0,0.0,0.0,0.0,0.0,0.0,1.0,0.0,0.0,0.0,9.0,4.0,0.0,0.0,0.0,0.0,0.0,0.0,0.0,0.0,2.0,12.0,1.0,12.14,5.0200000000000005,2.51,1.49,3.1,-2.7,0.2,5.0,0.0,0.3,0.6000000000000001,1.2000000000000002,3.5,0.0,71.0,52.0,0.0,21.4,31.5,31.5,32.1,300.0,300.0,30.700000000000003,34.6,30.8,30.3,32.0,4.96,1.99,4.96,0.16,0.0,0.0,1027.0,8228.0,0.0,0.0,0.0,0.0,0.0,1.0,0.0,0.0,0.0,0.02,0.0,0.0,0.0,1.8,0.0,0.0877,16.0,25903.0
2026-07-30T18:59:06.772Z,116.255,116.268,0.0,7.4,0.0,0.0,0.0,0.0,0.0,0.0,0.0,0.0,1.0,0.0,0.0,0.0,9.0,4.0,0.0,0.0,0.0,0.0,0.0,0.0,0.0,0.0,3.0,12.0,1.0,12.14,5.0200000000000005,2.51,1.49,3.3000000000000003,-0.7000000000000001,0.2,5.1000000000000005,0.0,0.3,-1.1,-0.5,-2.0,0.0,69.0,91.8,0.0,21.4,31.5,31.5,32.1,300.0,300.0,30.700000000000003,34.6,30.8,30.3,32.0,4.95,1.99,4.97,0.16,0.0,0.0,1027.0,8228.0,0.0,0.0,0.0,0.0,0.0,1.0,0.0,0.0,0.0,0.021,0.0,-0.6000000000000001,0.0,-1.6,0.0,0.0823,16.0,25903.0
2026-07-30T18:59:06.785Z,116.268,116.28,0.0,7.4,0.0,0.0,0.0,0.0,0.0,0.0,0.0,0.0,1.0,0.0,0.0,0.0,9.0,4.0,0.0,0.0,0.0,0.0,0.0,0.0,0.0,0.0,4.0,12.0,1.0,12.17,5.01,2.5,1.49,2.0,1.7000000000000002,0.2,5.0,0.0,0.9,1.7000000000000002,1.7000000000000002,-10.0,0.0,68.0,133.20000000000002,0.0,21.3,31.5,31.5,32.1,300.0,300.0,30.6,34.6,30.8,30.3,32.0,4.95,1.99,4.97,0.16,0.0,0.0,1027.0,8228.0,0.0,0.0,0.0,0.0,0.0,1.0,0.0,0.0,0.0,0.023,0.0,3.3000000000000003,0.0,1.0,0.0,0.0876,16.0,25903.0
2026-07-30T18:59:06.796Z,116.279,116.292,0.0,7.4,0.0,0.0,0.0,0.0,0.0,0.0,0.0,0.0,1.0,0.0,0.0,0.0,9.0,4.0,0.0,0.0,0.0,0.0,0.0,0.0,0.0,0.0,5.0,12.0,1.0,12.17,5.01,2.5,1.49,-0.6000000000000001,3.8,0.2,5.0,0.0,0.9,0.0,-1.1,-20.5,0.0,68.0,174.3,0.0,21.3,31.5,31.5,32.1,300.0,300.0,30.6,34.6,30.8,30.3,32.0,4.96,2.0,4.97,0.16,0.0,0.0,1027.0,8228.0,0.0,0.0,0.0,0.0,0.0,1.0,0.0,0.0,0.0,0.023,0.0,-0.7000000000000001,0.0,1.0,0.0,0.0924,16.0,25903.0
2026-07-30T18:59:06.808Z,116.291,116.304,0.0,7.4,0.0,0.0,0.0,0.0,0.0,0.0,0.0,0.0,1.0,0.0,0.0,0.0,9.0,4.0,0.0,0.0,0.0,0.0,0.0,0.0,0.0,0.0,6.0,12.0,1.0,12.17,5.01,2.5,1.49,-3.5,4.1000000000000005,0.2,4.800000000000001,0.0,-0.1,-0.4,-0.4,-10.4,0.0,67.0,216.7,0.0,21.3,31.5,31.5,32.1,300.0,300.0,30.6,34.6,30.8,30.3,32.0,4.95,2.0,4.96,0.16,0.0,0.0,1027.0,8228.0,0.0,0.0,0.0,0.0,0.0,1.0,0.0,0.0,0.0,0.023,0.0,-0.3,0.0,0.9,0.0,0.0935,16.0,25903.0
2026-07-30T18:59:06.820Z,116.303,116.316,0.0,7.4,0.0,0.0,0.0,0.0,0.0,0.0,0.0,0.0,1.0,0.0,0.0,0.0,9.0,4.0,0.0,0.0,0.0,0.0,0.0,0.0,0.0,0.0,2.0,12.0,1.0,12.17,5.01,2.5,1.49,-4.7,1.3,0.2,4.9,0.0,0.4,1.2000000000000002,0.0,-1.1,0.0,67.0,268.5,0.0,21.3,31.5,31.5,32.1,300.0,300.0,30.6,34.6,30.8,30.3,32.0,4.95,1.99,4.97,0.16,0.0,0.0,1027.0,8228.0,0.0,0.0,0.0,0.0,0.0,1.0,0.0,0.0,0.0,0.027,0.0,0.0,0.0,-1.4,0.0,0.0947,16.0,25903.0
2026-07-30T18:59:06.832Z,116.315,116.328,0.0,7.4,0.0,0.0,0.0,0.0,0.0,0.0,0.0,0.0,1.0,0.0,0.0,0.0,9.0,4.0,0.0,0.0,0.0,0.0,0.0,0.0,0.0,0.0,3.0,12.0,1.0,12.17,5.01,2.5,1.49,-1.7000000000000002,-3.5,0.3,5.0,0.0,0.3,0.0,0.0,3.3000000000000003,0.0,68.0,328.90000000000003,0.0,21.3,31.5,31.5,32.1,300.0,300.0,30.6,34.6,30.8,30.3,32.0,4.95,1.99,4.96,0.16,0.0,0.0,1027.0,8228.0,0.0,0.0,0.0,0.0,0.0,1.0,0.0,0.0,0.0,0.032,0.0,0.0,0.0,0.0,0.0,0.1105,16.0,25903.0
2026-07-30T18:59:06.844Z,116.327,116.34,0.0,7.4,0.0,0.0,0.0,0.0,0.0,0.0,0.0,0.0,1.0,0.0,0.0,0.0,9.0,4.0,0.0,0.0,0.0,0.0,0.0,0.0,0.0,0.0,5.0,12.0,1.0,12.17,5.01,2.5,1.49,4.2,-5.800000000000001,0.3,5.5,0.0,-0.1,0.5,0.6000000000000001,3.0,0.0,69.0,30.1,0.0,21.3,31.5,31.5,32.1,300.0,300.0,30.6,34.6,30.8,30.3,32.0,4.96,1.99,4.96,0.16,0.0,0.0,1027.0,8228.0,0.0,0.0,0.0,0.0,0.0,1.0,0.0,0.0,0.0,0.034,0.0,-0.5,0.0,1.0,0.0,0.13,16.0,25903.0
2026-07-30T18:59:06.856Z,116.339,116.352,0.0,7.4,0.0,0.0,0.0,0.0,0.0,0.0,0.0,0.0,1.0,0.0,0.0,0.0,9.0,4.0,0.0,0.0,0.0,0.0,0.0,0.0,0.0,0.0,6.0,12.0,1.0,12.17,5.01,2.5,1.49,6.0,-0.7000000000000001,0.4,6.0,0.0,0.3,-0.5,-0.5,-1.9,0.0,71.0,99.1,0.0,21.3,31.5,31.5,32.1,300.0,300.0,30.6,34.6,30.8,30.3,32.0,4.95,1.99,4.97,0.16,0.0,0.0,1027.0,8228.0,0.0,0.0,0.0,0.0,0.0,1.0,0.0,0.0,0.0,0.037,0.0,-0.7000000000000001,0.0,-0.8,0.0,0.1369,16.0,25903.0
2026-07-30T18:59:06.868Z,116.351,116.364,0.0,7.4,0.0,0.0,0.0,0.0,0.0,0.0,0.0,0.0,1.0,0.0,0.0,0.0,9.0,4.0,0.0,0.0,0.0,0.0,0.0,0.0,0.0,0.0,2.0,12.0,1.0,12.17,5.01,2.5,1.49,-0.9,6.6000000000000005,0.4,6.5,0.0,0.3,-0.5,0.0,-11.7,0.0,73.0,172.4,0.0,21.3,31.5,31.5,32.1,300.0,300.0,30.6,34.6,30.8,30.3,32.0,4.95,1.99,4.97,0.16,0.0,0.0,1027.0,8228.0,0.0,0.0,0.0,0.0,0.0,1.0,0.0,0.0,0.0,0.04,0.0,-0.6000000000000001,0.0,0.0,0.0,0.1508,16.0,25903.0
2026-07-30T18:59:06.879Z,116.362,116.376,0.0,7.4,0.0,0.0,0.0,0.0,0.0,0.0,0.0,0.0,1.0,0.0,0.0,0.0,9.0,4.0,0.0,0.0,0.0,0.0,0.0,0.0,0.0,0.0,3.0,12.0,1.0,12.17,5.01,2.5,1.49,-7.5,4.1000000000000005,0.4,7.1000000000000005,0.0,-0.2,0.0,1.7000000000000002,-2.4000000000000004,0.0,76.0,252.3,0.0,21.3,31.5,31.5,32.1,300.0,300.0,30.6,34.6,30.8,30.3,32.0,4.95,2.0,4.96,0.16,0.0,0.0,1027.0,8228.0,0.0,0.0,0.0,0.0,0.0,1.0,0.0,0.0,0.0,0.043,0.0,-1.3,0.0,-1.5,0.0,0.1627,16.0,25903.0
2026-07-30T18:59:06.892Z,116.375,116.388,0.0,7.4,0.0,0.0,0.0,0.0,0.0,0.0,0.0,0.0,1.0,0.0,0.0,0.0,9.0,4.0,0.0,0.0,0.0,0.0,0.0,0.0,0.0,0.0,4.0,12.0,1.0,12.15,5.0200000000000005,2.51,1.49,-1.0,-6.2,0.5,7.4,0.0,0.3,1.2000000000000002,1.7000000000000002,2.2,0.0,79.0,341.6,0.0,21.9,31.5,31.5,32.1,300.0,300.0,30.700000000000003,34.7,30.8,30.3,32.0,4.95,1.99,4.96,0.16,0.0,0.0,1027.0,8228.0,0.0,0.0,0.0,0.0,0.0,1.0,0.0,0.0,0.0,0.049,0.0,-2.8000000000000003,0.0,0.8,0.0,0.1752,16.0,25903.0
2026-07-30T18:59:06.904Z,116.387,116.4,0.0,7.4,0.0,0.0,0.0,0.0,0.0,0.0,0.0,0.0,1.0,0.0,0.0,0.0,9.0,4.0,0.0,0.0,0.0,0.0,0.0,0.0,0.0,0.0,6.0,12.0,1.0,12.15,5.0200000000000005,2.51,1.49,7.800000000000001,-5.1000000000000005,0.5,7.6,0.0,0.3,-1.0,-0.6000000000000001,0.2,0.0,82.0,67.4,0.0,21.9,31.5,31.5,32.1,300.0,300.0,30.700000000000003,34.7,30.8,30.3,32.0,4.96,1.99,4.97,0.16,0.0,0.0,1027.0,8228.0,0.0,0.0,0.0,0.0,0.0,1.0,0.0,0.0,0.0,0.048,0.0,0.0,0.0,-1.7000000000000002,0.0,0.1961,16.0,25903.0
2026-07-30T18:59:06.916Z,116.399,116.412,0.0,7.4,0.0,0.0,0.0,0.0,0.0,0.0,0.0,0.0,1.0,0.0,0.0,0.0,9.0,4.0,0.0,0.0,0.0,0.0,0.0,0.0,0.0,0.0,2.0,12.0,1.0,12.15,5.0200000000000005,2.51,1.49,1.6,6.0,0.6000000000000001,7.6,0.0,-0.1,0.0,-1.1,-8.1,0.0,85.0,157.3,0.0,21.9,31.5,31.5,32.1,300.0,300.0,30.700000000000003,34.7,30.8,30.3,32.0,4.96,1.99,4.96,0.16,0.0,0.0,1027.0,8228.0,0.0,0.0,0.0,0.0,0.0,1.0,0.0,0.0,0.0,0.05,0.0,1.6,0.0,-1.8,0.0,0.1955,16.0,25903.0
2026-07-30T18:59:06.928Z,116.411,116.424,0.0,7.4,0.0,0.0,0.0,0.0,0.0,0.0,0.0,0.0,1.0,0.0,0.0,0.0,9.0,4.0,0.0,0.0,0.0,0.0,0.0,0.0,0.0,0.0,3.0,12.0,1.0,12.15,5.0200000000000005,2.51,1.49,-7.6,5.7,0.5,7.7,0.0,-0.1,-0.5,-0.5,-2.6,0.0,87.0,242.2,0.0,21.9,31.5,31.5,32.1,300.0,300.0,30.700000000000003,34.7,30.8,30.3,32.0,4.96,1.99,4.97,0.16,0.0,0.0,1027.0,8228.0,0.0,0.0,0.0,0.0,0.0,1.0,0.0,0.0,0.0,0.048,0.0,0.6000000000000001,0.0,0.0,0.0,0.2018,16.0,25903.0
2026-07-30T18:59:06.940Z,116.423,116.436,0.0,7.4,0.0,0.0,0.0,0.0,0.0,0.0,0.0,0.0,1.0,0.0,0.0,0.0,9.0,4.0,0.0,0.0,0.0,0.0,0.0,0.0,0.0,0.0,5.0,12.0,1.0,12.15,5.0200000000000005,2.51,1.49,-2.5,-5.0,0.5,7.5,0.0,-0.2,1.2000000000000002,0.6000000000000001,3.0,0.0,90.0,327.70000000000005,0.0,21.9,31.5,31.5,32.1,300.0,300.0,30.700000000000003,34.7,30.8,30.3,32.0,4.95,1.99,4.97,0.16,0.0,0.0,1027.0,8228.0,0.0,0.0,0.0,0.0,0.0,1.0,0.0,0.0,0.0,0.048,0.0,0.4,0.0,-0.3,0.0,0.1955,16.0,25903.0
2026-07-30T18:59:06.952Z,116.435,116.448,0.0,7.4,0.0,0.0,0.0,0.0,0.0,0.0,0.0,0.0,1.0,0.0,0.0,0.0,9.0,4.0,0.0,0.0,0.0,0.0,0.0,0.0,0.0,0.0,6.0,12.0,1.0,12.15,5.0200000000000005,2.51,1.49,7.0,-6.2,0.6000000000000001,7.5,0.0,0.3,-0.4,0.0,1.9,0.0,92.0,52.5,0.0,21.9,31.5,31.5,32.1,300.0,300.0,30.700000000000003,34.7,30.8,30.3,32.0,4.96,1.99,4.96,0.16,0.0,0.0,1027.0,8228.0,0.0,0.0,0.0,0.0,0.0,1.0,0.0,0.0,0.0,0.048,0.0,0.7000000000000001,0.0,2.0,0.0,0.1931,16.0,25903.0
2026-07-30T18:59:06.970Z,116.453,116.46,0.0,7.4,0.0,0.0,0.0,0.0,0.0,0.0,0.0,0.0,1.0,0.0,0.0,0.0,9.0,4.0,0.0,0.0,0.0,0.0,0.0,0.0,0.0,0.0,6.0,12.0,1.0,12.15,5.0200000000000005,2.51,1.49,3.8,3.6,0.6000000000000001,7.4,0.0,-0.8,0.0,0.0,-5.1000000000000005,0.0,94.0,136.1,0.0,21.9,31.5,31.5,32.1,300.0,300.0,30.700000000000003,34.7,30.8,30.3,32.0,4.95,2.0,4.96,0.16,0.0,0.0,1027.0,8228.0,0.0,0.0,0.0,0.0,0.0,1.0,0.0,0.0,0.0,0.047,0.0,0.0,0.0,0.0,0.0,0.1926,16.0,25903.0
2026-07-30T18:59:06.976Z,116.459,116.472,0.0,7.4,0.0,0.0,0.0,0.0,0.0,0.0,0.0,0.0,1.0,0.0,0.0,0.0,9.0,4.0,0.0,0.0,0.0,0.0,0.0,0.0,0.0,0.0,5.0,12.0,1.0,12.15,5.0200000000000005,2.51,1.49,-5.800000000000001,7.0,0.5,7.300000000000001,0.0,0.3,0.0,-1.2000000000000002,-5.6000000000000005,0.0,95.0,215.5,0.0,21.9,31.5,31.5,32.1,300.0,300.0,30.700000000000003,34.7,30.8,30.3,32.0,4.95,1.99,4.97,0.16,0.0,0.0,1027.0,8228.0,0.0,0.0,0.0,0.0,0.0,1.0,0.0,0.0,0.0,0.045,0.0,0.2,0.0,1.3,0.0,0.1909,16.0,25903.0
2026-07-30T18:59:06.989Z,116.472,116.484,0.0,7.4,0.0,0.0,0.0,0.0,0.0,0.0,0.0,0.0,1.0,0.0,0.0,0.0,9.0,4.0,0.0,0.0,0.0,0.0,0.0,0.0,0.0,0.0,6.0,12.0,1.0,12.17,5.0200000000000005,2.5,1.5,-5.5,-1.3,0.6000000000000001,7.300000000000001,0.0,0.9,1.8,0.0,2.1,0.0,96.0,299.1,0.0,22.4,31.5,31.5,32.1,300.0,300.0,30.6,34.7,30.8,30.200000000000003,32.0,4.95,2.0,4.97,0.16,0.0,0.0,1027.0,8228.0,0.0,0.0,0.0,0.0,0.0,1.0,0.0,0.0,0.0,0.046,0.0,-1.0,0.0,-1.8,0.0,0.1826,16.0,25903.0
2026-07-30T18:59:07.000Z,116.483,116.496,0.0,7.4,0.0,0.0,0.0,0.0,0.0,0.0,0.0,0.0,1.0,0.0,0.0,0.0,9.0,4.0,0.0,0.0,0.0,0.0,0.0,0.0,0.0,0.0,1.0,12.0,1.0,12.17,5.0200000000000005,2.5,1.5,3.6,-7.1000000000000005,0.6000000000000001,7.2,0.0,-0.8,-0.4,-0.5,3.4000000000000004,0.0,98.0,19.4,0.0,22.4,31.5,31.5,32.1,300.0,300.0,30.6,34.7,30.8,30.200000000000003,32.0,4.96,2.0,4.96,0.16,0.0,0.0,1027.0,8228.0,0.0,0.0,0.0,0.0,0.0,1.0,0.0,0.0,0.0,0.046,0.0,0.6000000000000001,0.0,-0.8,0.0,0.1874,16.0,25903.0
2026-07-30T18:59:07.012Z,116.495,116.508,0.0,7.4,0.0,0.0,0.0,0.0,0.0,0.0,0.0,0.0,1.0,0.0,0.0,0.0,9.0,4.0,0.0,0.0,0.0,0.0,0.0,0.0,0.0,0.0,3.0,12.0,1.0,12.17,5.0200000000000005,2.5,1.5,6.6000000000000005,-1.1,0.5,7.2,0.0,0.3,0.1,0.6000000000000001,-1.2000000000000002,0.0,99.0,98.8,0.0,22.4,31.5,31.5,32.1,300.0,300.0,30.6,34.7,30.8,30.200000000000003,32.0,4.95,1.99,4.97,0.16,0.0,0.0,1027.0,8228.0,0.0,0.0,0.0,0.0,0.0,1.0,0.0,0.0,0.0,0.045,0.0,0.7000000000000001,0.0,0.4,0.0,0.1845,16.0,25903.0
2026-07-30T18:59:07.024Z,116.507,116.52,0.0,7.4,0.0,0.0,0.0,0.0,0.0,0.0,0.0,0.0,1.0,0.0,0.0,0.0,9.0,4.0,0.0,0.0,0.0,0.0,0.0,0.0,0.0,0.0,4.0,12.0,1.0,12.17,5.0200000000000005,2.5,1.5,-0.7000000000000001,6.5,0.5,7.1000000000000005,0.0,0.3,1.2000000000000002,0.0,-11.2,0.0,99.0,175.4,0.0,22.4,31.5,31.5,32.1,300.0,300.0,30.6,34.7,30.8,30.200000000000003,32.0,4.95,1.99,4.97,0.16,0.0,0.0,1027.0,8228.0,0.0,0.0,0.0,0.0,0.0,1.0,0.0,0.0,0.0,0.044,0.0,1.5,0.0,0.0,0.0,0.1806,16.0,25903.0
2026-07-30T18:59:07.036Z,116.519,116.532,0.0,7.4,0.0,0.0,0.0,0.0,0.0,0.0,0.0,0.0,1.0,0.0,0.0,0.0,9.0,4.0,0.0,0.0,0.0,0.0,0.0,0.0,0.0,0.0,5.0,12.0,1.0,12.17,5.0200000000000005,2.5,1.5,-6.800000000000001,4.1000000000000005,0.5,7.0,0.0,0.9,0.7000000000000001,0.0,-1.1,0.0,100.0,250.2,0.0,22.4,31.5,31.5,32.1,300.0,300.0,30.6,34.7,30.8,30.200000000000003,32.0,4.96,1.99,4.97,0.16,0.0,0.0,1027.0,8228.0,0.0,0.0,0.0,0.0,0.0,1.0,0.0,0.0,0.0,0.042,0.0,0.2,0.0,-0.8,0.0,0.1763,16.0,25903.0
2026-07-30T18:59:07.048Z,116.531,116.544,0.0,7.4,0.0,0.0,0.0,0.0,0.0,0.0,0.0,0.0,1.0,0.0,0.0,0.0,9.0,4.0,0.0,0.0,0.0,0.0,0.0,0.0,0.0,0.0,1.0,12.0,1.0,12.17,5.0200000000000005,2.5,1.5,-2.6,-4.0,0.5,6.9,0.0,0.3,0.7000000000000001,0.0,4.1000000000000005,0.0,100.0,323.40000000000003,0.0,22.4,31.5,31.5,32.1,300.0,300.0,30.6,34.7,30.8,30.200000000000003,32.0,4.96,1.99,4.96,0.16,0.0,0.0,1027.0,8228.0,0.0,0.0,0.0,0.0,0.0,1.0,0.0,0.0,0.0,0.041,0.0,-0.7000000000000001,0.0,-0.4,0.0,0.1709,16.0,25903.0
2026-07-30T18:59:07.060Z,116.543,116.556,0.0,7.4,0.0,0.0,0.0,0.0,0.0,0.0,0.0,0.0,1.0,0.0,0.0,0.0,9.0,4.0,0.0,0.0,0.0,0.0,0.0,0.0,0.0,0.0,2.0,12.0,1.0,12.17,5.0200000000000005,2.5,1.5,5.1000000000000005,-6.2,0.5,6.9,0.0,0.9,-0.9,-0.5,3.7,0.0,100.0,37.9,0.0,22.4,31.5,31.5,32.1,300.0,300.0,30.6,34.7,30.8,30.200000000000003,32.0,4.95,1.99,4.97,0.16,0.0,0.0,1027.0,8228.0,0.0,0.0,0.0,0.0,0.0,1.0,0.0,0.0,0.0,0.042,0.0,0.7000000000000001,0.0,-1.3,0.0,0.1667,16.0,25903.0
2026-07-30T18:59:07.072Z,116.555,116.568,0.0,7.4,0.0,0.0,0.0,0.0,0.0,0.0,0.0,0.0,1.0,0.0,0.0,0.0,9.0,4.0,0.0,0.0,0.0,0.0,0.0,0.0,0.0,0.0,3.0,12.0,1.0,12.17,5.0200000000000005,2.5,1.5,5.5,0.3,0.5,6.800000000000001,0.0,0.3,-0.3,1.2000000000000002,-2.1,0.0,100.0,112.0,0.0,22.4,31.5,31.5,32.1,300.0,300.0,30.6,34.7,30.8,30.200000000000003,32.0,4.95,1.99,4.96,0.16,0.0,0.0,1027.0,8228.0,0.0,0.0,0.0,0.0,0.0,1.0,0.0,0.0,0.0,0.042,0.0,1.2000000000000002,0.0,-0.2,0.0,0.1681,16.0,25903.0
2026-07-30T18:59:07.084Z,116.567,116.58,0.0,7.4,0.0,0.0,0.0,0.0,0.0,0.0,0.0,0.0,1.0,0.0,0.0,0.0,9.0,4.0,0.0,0.0,0.0,0.0,0.0,0.0,0.0,0.0,4.0,12.0,1.0,12.17,5.0200000000000005,2.5,1.5,-1.5,6.2,0.5,6.7,0.0,-0.1,1.3,1.2000000000000002,-12.6,0.0,100.0,179.5,0.0,22.4,31.5,31.5,32.1,300.0,300.0,30.6,34.7,30.8,30.200000000000003,32.0,4.96,1.99,4.96,0.16,0.0,0.0,1027.0,8228.0,0.0,0.0,0.0,0.0,0.0,1.0,0.0,0.0,0.0,0.039,0.0,2.2,0.0,-1.2000000000000002,0.0,0.1687,16.0,25903.0
2026-07-30T18:59:07.096Z,116.579,116.592,0.0,7.4,0.0,0.0,0.0,0.0,0.0,0.0,0.0,0.0,1.0,0.0,0.0,0.0,9.0,4.0,0.0,0.0,0.0,0.0,0.0,0.0,0.0,0.0,5.0,12.0,1.0,12.15,5.01,2.5,1.49,-6.300000000000001,3.7,0.5,6.7,0.0,0.3,0.1,1.2000000000000002,-1.1,0.0,100.0,248.9,0.0,21.700000000000003,31.5,31.5,32.1,300.0,300.0,30.6,34.7,30.8,30.200000000000003,32.0,4.95,1.99,4.97,0.16,0.0,0.0,1027.0,8228.0,0.0,0.0,0.0,0.0,0.0,1.0,0.0,0.0,0.0,0.039,0.0,-0.8,0.0,-1.3,0.0,0.1578,16.0,25903.0
2026-07-30T18:59:07.108Z,116.591,116.604,0.0,7.4,0.0,0.0,0.0,0.0,0.0,0.0,0.0,0.0,1.0,0.0,0.0,0.0,9.0,4.0,0.0,0.0,0.0,0.0,0.0,0.0,0.0,0.0,6.0,12.0,1.0,12.15,5.01,2.5,1.49,-2.8000000000000003,-3.3000000000000003,0.5,6.6000000000000005,0.0,-0.7000000000000001,-0.3,-2.9000000000000004,4.2,0.0,100.0,321.1,0.0,21.700000000000003,31.5,31.5,32.1,300.0,300.0,30.6,34.7,30.8,30.200000000000003,32.0,4.96,1.99,4.96,0.16,0.0,0.0,1027.0,8228.0,0.0,0.0,0.0,0.0,0.0,1.0,0.0,0.0,0.0,0.04,0.0,3.4000000000000004,0.0,-0.9,0.0,0.1561,16.0,25903.0
2026-07-30T18:59:07.121Z,116.604,116.616,0.0,7.4,0.0,0.0,0.0,0.0,0.0,0.0,0.0,0.0,1.0,0.0,0.0,0.0,9.0,4.0,0.0,0.0,0.0,0.0,0.0,0.0,0.0,0.0,1.0,12.0,1.0,12.15,5.01,2.5,1.49,3.9,-6.0,0.5,6.6000000000000005,0.0,-0.2,0.1,0.0,4.3,0.0,99.0,28.200000000000003,0.0,21.700000000000003,31.5,31.5,32.1,300.0,300.0,30.6,34.7,30.8,30.200000000000003,32.0,4.96,1.99,4.97,0.16,0.0,0.0,1027.0,8228.0,0.0,0.0,0.0,0.0,0.0,1.0,0.0,0.0,0.0,0.038,0.0,-0.1,0.0,0.1,0.0,0.1624,16.0,25903.0
2026-07-30T18:59:07.132Z,116.615,116.628,0.0,7.4,0.0,0.0,0.0,0.0,0.0,0.0,0.0,0.0,1.0,0.0,0.0,0.0,9.0,4.0,0.0,0.0,0.0,0.0,0.0,0.0,0.0,0.0,2.0,12.0,1.0,12.15,5.01,2.5,1.49,5.800000000000001,-1.3,0.5,6.5,0.0,-0.2,1.3,0.0,-0.6000000000000001,0.0,99.0,95.9,0.0,21.700000000000003,31.5,31.5,32.1,300.0,300.0,30.6,34.7,30.8,30.200000000000003,32.0,4.96,1.99,4.97,0.16,0.0,0.0,1027.0,8228.0,0.0,0.0,0.0,0.0,0.0,1.0,0.0,0.0,0.0,0.038,0.0,0.1,0.0,1.5,0.0,0.1545,16.0,25903.0
2026-07-30T18:59:07.144Z,116.627,116.64,0.0,7.4,0.0,0.0,0.0,0.0,0.0,0.0,0.0,0.0,1.0,0.0,0.0,0.0,9.0,4.0,0.0,0.0,0.0,0.0,0.0,0.0,0.0,0.0,4.0,12.0,1.0,12.15,5.01,2.5,1.49,0.8,4.7,0.5,6.5,0.0,0.3,-0.3,0.0,-9.9,0.0,98.0,160.3,0.0,21.700000000000003,31.5,31.5,32.1,300.0,300.0,30.6,34.7,30.8,30.200000000000003,32.0,4.95,1.99,4.97,0.16,0.0,0.0,1027.0,8228.0,0.0,0.0,0.0,0.0,0.0,1.0,0.0,0.0,0.0,0.037,0.0,-0.3,0.0,-0.2,0.0,0.154,16.0,25903.0
2026-07-30T18:59:07.156Z,116.639,116.652,0.0,7.4,0.0,0.0,0.0,0.0,0.0,0.0,0.0,0.0,1.0,0.0,0.0,0.0,9.0,4.0,0.0,0.0,0.0,0.0,0.0,0.0,0.0,0.0,4.0,12.0,1.0,12.15,5.01,2.5,1.49,-4.7,5.300000000000001,0.4,6.4,0.0,0.3,0.1,1.8,-5.0,0.0,97.0,219.5,0.0,21.700000000000003,31.5,31.5,32.1,300.0,300.0,30.6,34.7,30.8,30.200000000000003,32.0,4.96,1.99,4.96,0.16,0.0,0.0,1027.0,8228.0,0.0,0.0,0.0,0.0,0.0,1.0,0.0,0.0,0.0,0.034,0.0,-0.2,0.0,-2.2,0.0,0.1491,16.0,25903.0
2026-07-30T18:59:07.168Z,116.651,116.664,0.0,7.4,0.0,0.0,0.0,0.0,0.0,0.0,0.0,0.0,1.0,0.0,0.0,0.0,9.0,4.0,0.0,0.0,0.0,0.0,0.0,0.0,0.0,0.0,5.0,12.0,1.0,12.15,5.01,2.5,1.49,-5.0,0.2,0.4,6.300000000000001,0.0,0.9,0.7000000000000001,0.6000000000000001,3.0,0.0,97.0,285.90000000000003,0.0,21.700000000000003,31.5,31.5,32.1,300.0,300.0,30.6,34.7,30.8,30.200000000000003,32.0,4.96,1.99,4.96,0.16,0.0,0.0,1027.0,8228.0,0.0,0.0,0.0,0.0,0.0,1.0,0.0,0.0,0.0,0.036,0.0,-1.0,0.0,-1.0,0.0,0.1381,16.0,25903.0
2026-07-30T18:59:07.180Z,116.663,116.676,0.0,7.4,0.0,0.0,0.0,0.0,0.0,0.0,0.0,0.0,1.0,0.0,0.0,0.0,9.0,4.0,0.0,0.0,0.0,0.0,0.0,0.0,0.0,0.0,6.0,12.0,1.0,12.15,5.01,2.5,1.49,0.0,-4.800000000000001,0.4,6.4,0.0,0.3,0.7000000000000001,0.0,6.0,0.0,96.0,346.1,0.0,21.700000000000003,31.5,31.5,32.1,300.0,300.0,30.6,34.7,30.8,30.200000000000003,32.0,4.95,2.0,4.96,0.16,0.0,0.0,1027.0,8228.0,0.0,0.0,0.0,0.0,0.0,1.0,0.0,0.0,0.0,0.035,0.0,-0.9,0.0,-0.1,0.0,0.1458,16.0,25903.0
2026-07-30T18:59:07.193Z,116.676,116.688,0.0,7.4,0.0,0.0,0.0,0.0,0.0,0.0,0.0,0.0,1.0,0.0,0.0,0.0,9.0,4.0,0.0,0.0,0.0,0.0,0.0,0.0,0.0,0.0,1.0,12.0,1.0,12.19,5.01,2.5,1.49,4.7,-4.7,0.4,6.2,0.0,0.3,0.1,-0.5,4.3,0.0,95.0,47.7,0.0,21.8,31.5,31.4,32.1,300.0,300.0,30.700000000000003,34.7,30.700000000000003,30.200000000000003,32.0,4.96,2.0,4.96,0.16,0.0,0.0,1027.0,8228.0,0.0,0.0,0.0,0.0,0.0,1.0,0.0,0.0,0.0,0.034,0.0,-0.3,0.0,-0.4,0.0,0.1413,16.0,25903.0
2026-07-30T18:59:07.204Z,116.687,116.7,0.0,7.4,0.0,0.0,0.0,0.0,0.0,0.0,0.0,0.0,1.0,0.0,0.0,0.0,9.0,4.0,0.0,0.0,0.0,0.0,0.0,0.0,0.0,0.0,2.0,12.0,1.0,12.19,5.01,2.5,1.49,4.6000000000000005,0.0,0.4,6.2,0.0,-0.2,-0.4,-0.5,-1.8,0.0,94.0,110.2,0.0,21.8,31.5,31.4,32.1,300.0,300.0,30.700000000000003,34.7,30.700000000000003,30.200000000000003,32.0,4.95,1.99,4.97,0.16,0.0,0.0,1027.0,8228.0,0.0,0.0,0.0,0.0,0.0,1.0,0.0,0.0,0.0,0.035,0.0,-0.7000000000000001,0.0,-0.5,0.0,0.1392,16.0,25903.0
2026-07-30T18:59:07.216Z,116.699,116.712,0.0,7.4,0.0,0.0,0.0,0.0,0.0,0.0,0.0,0.0,1.0,0.0,0.0,0.0,9.0,4.0,0.0,0.0,0.0,0.0,0.0,0.0,0.0,0.0,3.0,12.0,1.0,12.19,5.01,2.5,1.49,0.2,4.4,0.4,6.2,0.0,-0.2,0.1,0.6000000000000001,-11.6,0.0,93.0,163.10000000000002,0.0,21.8,31.5,31.4,32.1,300.0,300.0,30.700000000000003,34.7,30.700000000000003,30.200000000000003,32.0,4.95,1.99,4.97,0.16,0.0,0.0,1027.0,8228.0,0.0,0.0,0.0,0.0,0.0,1.0,0.0,0.0,0.0,0.031,0.0,0.6000000000000001,0.0,-0.4,0.0,0.1419,16.0,25903.0
2026-07-30T18:59:07.228Z,116.711,116.724,0.0,7.4,0.0,0.0,0.0,0.0,0.0,0.0,0.0,0.0,1.0,0.0,0.0,0.0,9.0,4.0,0.0,0.0,0.0,0.0,0.0,0.0,0.0,0.0,4.0,12.0,1.0,12.19,5.01,2.5,1.49,-4.3,4.800000000000001,0.3,6.1000000000000005,0.0,-0.2,0.7000000000000001,-1.1,-7.0,0.0,92.0,214.5,0.0,21.8,31.5,31.4,32.1,300.0,300.0,30.700000000000003,34.7,30.700000000000003,30.200000000000003,32.0,4.95,1.99,4.97,0.16,0.0,0.0,1027.0,8228.0,0.0,0.0,0.0,0.0,0.0,1.0,0.0,0.0,0.0,0.029,0.0,0.7000000000000001,0.0,0.8,0.0,0.1273,16.0,25903.0
2026-07-30T18:59:07.240Z,116.723,116.736,0.0,7.4,0.0,0.0,0.0,0.0,0.0,0.0,0.0,0.0,1.0,0.0,0.0,0.0,9.0,4.0,0.0,0.0,0.0,0.0,0.0,0.0,0.0,0.0,5.0,12.0,1.0,12.19,5.01,2.5,1.49,-4.7,0.8,0.4,6.0,0.0,-0.2,0.1,0.0,1.9,0.0,91.0,274.0,0.0,21.8,31.5,31.4,32.1,300.0,300.0,30.700000000000003,34.7,30.700000000000003,30.200000000000003,32.0,4.96,1.99,4.96,0.16,0.0,0.0,1027.0,8228.0,0.0,0.0,0.0,0.0,0.0,1.0,0.0,0.0,0.0,0.032,0.0,0.0,0.0,-0.1,0.0,0.1179,16.0,25903.0
2026-07-30T18:59:07.252Z,116.735,116.748,0.0,7.4,0.0,0.0,0.0,0.0,0.0,0.0,0.0,0.0,1.0,0.0,0.0,0.0,9.0,4.0,0.0,0.0,0.0,0.0,0.0,0.0,0.0,0.0,1.0,12.0,1.0,12.19,5.01,2.5,1.49,-1.2000000000000002,-3.5,0.4,6.0,0.0,-0.1,-0.3,0.6000000000000001,5.800000000000001,0.0,90.0,333.70000000000005,0.0,21.8,31.5,31.4,32.1,300.0,300.0,30.700000000000003,34.7,30.700000000000003,30.200000000000003,32.0,4.95,1.99,4.97,0.16,0.0,0.0,1027.0,8228.0,0.0,0.0,0.0,0.0,0.0,1.0,0.0,0.0,0.0,0.033,0.0,-0.2,0.0,0.6000000000000001,0.0,0.1297,16.0,25903.0
2026-07-30T18:59:07.264Z,116.747,116.76,0.0,7.4,0.0,0.0,0.0,0.0,0.0,0.0,0.0,0.0,1.0,0.0,0.0,0.0,9.0,4.0,0.0,0.0,0.0,0.0,0.0,0.0,0.0,0.0,2.0,12.0,1.0,12.19,5.01,2.5,1.49,3.1,-4.7,0.4,6.0,0.0,0.4,-0.4,0.6000000000000001,5.300000000000001,0.0,89.0,26.4,0.0,21.8,31.5,31.4,32.1,300.0,300.0,30.700000000000003,34.7,30.700000000000003,30.200000000000003,32.0,4.95,1.99,4.96,0.16,0.0,0.0,1027.0,8228.0,0.0,0.0,0.0,0.0,0.0,1.0,0.0,0.0,0.0,0.031,0.0,0.3,0.0,0.5,0.0,0.1344,16.0,25903.0
2026-07-30T18:59:07.284Z,116.767,116.772,0.0,7.4,0.0,0.0,0.0,0.0,0.0,0.0,0.0,0.0,1.0,0.0,0.0,0.0,9.0,4.0,0.0,0.0,0.0,0.0,0.0,0.0,0.0,0.0,3.0,12.0,1.0,12.19,5.01,2.5,1.49,4.6000000000000005,-2.1,0.3,5.800000000000001,0.0,-0.7000000000000001,0.7000000000000001,0.6000000000000001,1.0,0.0,88.0,80.10000000000001,0.0,21.8,31.5,31.4,32.1,300.0,300.0,30.700000000000003,34.7,30.700000000000003,30.200000000000003,32.0,4.95,2.0,4.96,0.16,0.0,0.0,1027.0,8228.0,0.0,0.0,0.0,0.0,0.0,1.0,0.0,0.0,0.0,0.03,0.0,0.4,0.0,1.3,0.0,0.1244,16.0,25903.0
2026-07-30T18:59:07.288Z,116.771,116.784,0.0,7.4,0.0,0.0,0.0,0.0,0.0,0.0,0.0,0.0,1.0,0.0,0.0,0.0,9.0,4.0,0.0,0.0,0.0,0.0,0.0,0.0,0.0,0.0,6.0,12.0,1.0,12.19,5.01,2.5,1.49,2.7,1.8,0.3,5.800000000000001,0.0,0.4,0.1,2.3000000000000003,-6.9,0.0,87.0,133.8,0.0,21.8,31.5,31.4,32.1,300.0,300.0,30.700000000000003,34.7,30.700000000000003,30.200000000000003,32.0,4.95,2.0,4.96,0.16,0.0,0.0,1027.0,8228.0,0.0,0.0,0.0,0.0,0.0,1.0,0.0,0.0,0.0,0.03,0.0,2.7,0.0,-0.5,0.0,0.1211,16.0,25903.0
2026-07-30T18:59:07.300Z,116.783,116.796,0.0,7.4,0.0,0.0,0.0,0.0,0.0,0.0,0.0,0.0,1.0,0.0,0.0,0.0,9.0,4.0,0.0,0.0,0.0,0.0,0.0,0.0,0.0,0.0,1.0,12.0,1.0,12.15,5.0200000000000005,2.5,1.49,-0.9,4.4,0.3,5.800000000000001,0.0,0.4,0.1,1.8,-17.7,0.0,85.0,176.70000000000002,0.0,21.3,31.5,31.4,32.1,300.0,300.0,30.8,34.6,30.700000000000003,30.200000000000003,32.0,4.95,1.99,4.97,0.16,0.0,0.0,1027.0,8228.0,0.0,0.0,0.0,0.0,0.0,1.0,0.0,0.0,0.0,0.026,0.0,1.3,0.0,-1.7000000000000002,0.0,0.1224,16.0,25903.0
2026-07-30T18:59:07.312Z,116.795,116.808,0.0,7.4,0.0,0.0,0.0,0.0,0.0,0.0,0.0,0.0,1.0,0.0,0.0,0.0,9.0,4.0,0.0,0.0,0.0,0.0,0.0,0.0,0.0,0.0,2.0,12.0,1.0,12.15,5.0200000000000005,2.5,1.49,-4.0,3.8,0.3,5.7,0.0,-0.1,1.3,1.2000000000000002,-6.5,0.0,84.0,222.7,0.0,21.3,31.5,31.4,32.1,300.0,300.0,30.8,34.6,30.700000000000003,30.200000000000003,32.0,4.95,2.0,4.96,0.16,0.0,0.0,1027.0,8228.0,0.0,0.0,0.0,0.0,0.0,1.0,0.0,0.0,0.0,0.025,0.0,0.8,0.0,-2.4000000000000004,0.0,0.1047,16.0,25903.0
2026-07-30T18:59:07.324Z,116.807,116.82,0.0,7.4,0.0,0.0,0.0,0.0,0.0,0.0,0.0,0.0,1.0,0.0,0.0,0.0,9.0,4.0,0.0,0.0,0.0,0.0,0.0,0.0,0.0,0.0,4.0,12.0,1.0,12.15,5.0200000000000005,2.5,1.49,-4.0,0.7000000000000001,0.3,5.7,0.0,0.4,0.7000000000000001,-0.5,1.9,0.0,83.0,274.7,0.0,21.3,31.5,31.4,32.1,300.0,300.0,30.8,34.6,30.700000000000003,30.200000000000003,32.0,4.96,1.99,4.96,0.15,0.0,0.0,1027.0,8228.0,0.0,0.0,0.0,0.0,0.0,1.0,0.0,0.0,0.0,0.028,0.0,0.4,0.0,-0.6000000000000001,0.0,0.1029,16.0,25903.0
2026-07-30T18:59:07.336Z,116.819,116.832,0.0,7.4,0.0,0.0,0.0,0.0,0.0,0.0,0.0,0.0,1.0,0.0,0.0,0.0,9.0,4.0,0.0,0.0,0.0,0.0,0.0,0.0,0.0,0.0,5.0,12.0,1.0,12.15,5.0200000000000005,2.5,1.49,-1.7000000000000002,-2.3000000000000003,0.3,5.6000000000000005,0.0,0.4,-0.3,0.0,6.300000000000001,0.0,82.0,321.6,0.0,21.3,31.5,31.4,32.1,300.0,300.0,30.8,34.6,30.700000000000003,30.200000000000003,32.0,4.95,1.99,4.97,0.16,0.0,0.0,1027.0,8228.0,0.0,0.0,0.0,0.0,0.0,1.0,0.0,0.0,0.0,0.027,0.0,0.2,0.0,0.2,0.0,0.1139,16.0,25903.0
2026-07-30T18:59:07.348Z,116.831,116.844,0.0,7.4,0.0,0.0,0.0,0.0,0.0,0.0,0.0,0.0,1.0,0.0,0.0,0.0,9.0,4.0,0.0,0.0,0.0,0.0,0.0,0.0,0.0,0.0,6.0,12.0,1.0,12.15,5.0200000000000005,2.5,1.49,1.5,-4.1000000000000005,0.3,5.5,0.0,0.4,-1.0,-1.1,6.9,0.0,80.0,9.0,0.0,21.3,31.5,31.4,32.1,300.0,300.0,30.8,34.6,30.700000000000003,30.200000000000003,32.0,4.96,1.98,4.96,0.16,0.0,0.0,1027.0,8228.0,0.0,0.0,0.0,0.0,0.0,1.0,0.0,0.0,0.0,0.027,0.0,1.6,0.0,-1.4,0.0,0.1087,16.0,25903.0
2026-07-30T18:59:07.360Z,116.843,116.856,0.0,7.4,0.0,0.0,0.0,0.0,0.0,0.0,0.0,0.0,1.0,0.0,0.0,0.0,9.0,4.0,0.0,0.0,0.0,0.0,0.0,0.0,0.0,0.0,1.0,12.0,1.0,12.15,5.0200000000000005,2.5,1.49,4.0,-3.3000000000000003,0.3,5.6000000000000005,0.0,0.4,0.1,0.0,4.0,0.0,79.0,55.400000000000006,0.0,21.3,31.5,31.4,32.1,300.0,300.0,30.8,34.6,30.700000000000003,30.200000000000003,32.0,4.96,2.0,4.97,0.16,0.0,0.0,1027.0,8228.0,0.0,0.0,0.0,0.0,0.0,1.0,0.0,0.0,0.0,0.026,0.0,0.0,0.0,0.1,0.0,0.1093,16.0,25903.0
2026-07-30T18:59:07.372Z,116.855,116.868,0.0,7.4,0.0,0.0,0.0,0.0,0.0,0.0,0.0,0.0,1.0,0.0,0.0,0.0,9.0,4.0,0.0,0.0,0.0,0.0,0.0,0.0,0.0,0.0,2.0,12.0,1.0,12.15,5.0200000000000005,2.5,1.49,4.0,-0.1,0.3,5.5,0.0,0.4,-0.3,0.5,-2.1,0.0,78.0,105.8,0.0,21.3,31.5,31.4,32.1,300.0,300.0,30.8,34.6,30.700000000000003,30.200000000000003,32.0,4.95,1.99,4.97,0.16,0.0,0.0,1027.0,8228.0,0.0,0.0,0.0,0.0,0.0,1.0,0.0,0.0,0.0,0.027,0.0,2.2,0.0,1.3,0.0,0.1059,16.0,25903.0
2026-07-30T18:59:07.384Z,116.867,116.88,0.0,7.4,0.0,0.0,0.0,0.0,0.0,0.0,0.0,0.0,1.0,0.0,0.0,0.0,9.0,4.0,0.0,0.0,0.0,0.0,0.0,0.0,0.0,0.0,3.0,12.0,1.0,12.15,5.0200000000000005,2.5,1.49,0.9,3.7,0.3,5.4,0.0,0.0,0.2,-0.5,-11.4,0.0,78.0,153.9,0.0,21.3,31.5,31.4,32.1,300.0,300.0,30.8,34.6,30.700000000000003,30.200000000000003,32.0,4.95,1.99,4.97,0.16,0.0,0.0,1027.0,8228.0,0.0,0.0,0.0,0.0,0.0,1.0,0.0,0.0,0.0,0.027,0.0,-0.3,0.0,0.4,0.0,0.1118,16.0,25903.0
2026-07-30T18:59:07.397Z,116.88,116.892,0.0,7.4,0.0,0.0,0.0,0.0,0.0,0.0,0.0,0.0,1.0,0.0,0.0,0.0,9.0,4.0,0.0,0.0,0.0,0.0,0.0,0.0,0.0,0.0,4.0,12.0,1.0,12.18,5.01,2.51,1.49,-3.9,5.300000000000001,0.3,5.300000000000001,0.0,0.0,-1.5,0.0,-11.4,0.0,77.0,203.9,0.0,21.700000000000003,31.4,31.4,32.1,300.0,300.0,30.700000000000003,34.7,30.700000000000003,30.200000000000003,32.0,4.96,1.99,4.96,0.16,0.0,0.0,1027.0,8228.0,0.0,0.0,0.0,0.0,0.0,1.0,0.0,0.0,0.0,0.027,0.0,-1.6,0.0,0.7000000000000001,0.0,0.1111,16.0,25903.0
2026-07-30T18:59:07.408Z,116.891,116.904,0.0,7.4,0.0,0.0,0.0,0.0,0.0,0.0,0.0,0.0,1.0,0.0,0.0,0.0,9.0,4.0,0.0,0.0,0.0,0.0,0.0,0.0,0.0,0.0,5.0,12.0,1.0,12.18,5.01,2.51,1.49,-5.6000000000000005,1.3,0.4,5.5,0.0,0.0,-0.9,-0.5,-1.6,0.0,78.0,271.3,0.0,21.700000000000003,31.4,31.4,32.1,300.0,300.0,30.700000000000003,34.7,30.700000000000003,30.200000000000003,32.0,4.96,1.99,4.97,0.16,0.0,0.0,1027.0,8228.0,0.0,0.0,0.0,0.0,0.0,1.0,0.0,0.0,0.0,0.035,0.0,0.5,0.0,1.4,0.0,0.1115,16.0,25903.0
2026-07-30T18:59:07.420Z,116.903,116.916,0.0,7.4,0.0,0.0,0.0,0.0,0.0,0.0,0.0,0.0,1.0,0.0,0.0,0.0,9.0,4.0,0.0,0.0,0.0,0.0,0.0,0.0,0.0,0.0,6.0,12.0,1.0,12.18,5.01,2.51,1.49,-0.6000000000000001,-5.1000000000000005,0.4,5.9,0.0,0.5,0.7000000000000001,1.1,2.1,0.0,79.0,344.3,0.0,21.700000000000003,31.4,31.4,32.1,300.0,300.0,30.700000000000003,34.7,30.700000000000003,30.200000000000003,32.0,4.95,1.99,4.97,0.16,0.0,0.0,1027.0,8228.0,0.0,0.0,0.0,0.0,0.0,1.0,0.0,0.0,0.0,0.04,0.0,-1.8,0.0,0.6000000000000001,0.0,0.1404,16.0,25903.0
2026-07-30T18:59:07.432Z,116.915,116.928,0.0,7.4,0.0,0.0,0.0,0.0,0.0,0.0,0.0,0.0,1.0,0.0,0.0,0.0,9.0,4.0,0.0,0.0,0.0,0.0,0.0,0.0,0.0,0.0,1.0,12.0,1.0,12.18,5.01,2.51,1.49,6.4,-5.5,0.4,6.300000000000001,0.0,0.4,0.7000000000000001,0.5,0.6000000000000001,0.0,80.0,52.2,0.0,21.700000000000003,31.4,31.4,32.1,300.0,300.0,30.700000000000003,34.7,30.700000000000003,30.200000000000003,32.0,4.96,1.99,4.96,0.16,0.0,0.0,1027.0,8228.0,0.0,0.0,0.0,0.0,0.0,1.0,0.0,0.0,0.0,0.039,0.0,-0.2,0.0,1.3,0.0,0.1612,16.0,25903.0
2026-07-30T18:59:07.444Z,116.927,116.94,0.0,7.4,0.0,0.0,0.0,0.0,0.0,0.0,0.0,0.0,1.0,0.0,0.0,0.0,9.0,4.0,0.0,0.0,0.0,0.0,0.0,0.0,0.0,0.0,2.0,12.0,1.0,12.18,5.01,2.51,1.49,4.0,3.4000000000000004,0.5,6.9,0.0,0.4,-0.4,-0.5,-6.2,0.0,82.0,133.20000000000002,0.0,21.700000000000003,31.4,31.4,32.1,300.0,300.0,30.700000000000003,34.7,30.700000000000003,30.200000000000003,32.0,4.95,2.0,4.96,0.16,0.0,0.0,1027.0,8228.0,0.0,0.0,0.0,0.0,0.0,1.0,0.0,0.0,0.0,0.043,0.0,0.7000000000000001,0.0,0.0,0.0,0.1563,16.0,25903.0
2026-07-30T18:59:07.456Z,116.939,116.952,0.0,7.4,0.0,0.0,0.0,0.0,0.0,0.0,0.0,0.0,1.0,0.0,0.0,0.0,9.0,4.0,0.0,0.0,0.0,0.0,0.0,0.0,0.0,0.0,3.0,12.0,1.0,12.18,5.01,2.51,1.49,-5.9,7.4,0.5,7.300000000000001,0.0,1.0,1.3,1.7000000000000002,-6.9,0.0,85.0,213.4,0.0,21.700000000000003,31.4,31.4,32.1,300.0,300.0,30.700000000000003,34.7,30.700000000000003,30.200000000000003,32.0,4.95,1.99,4.97,0.16,0.0,0.0,1027.0,8228.0,0.0,0.0,0.0,0.0,0.0,1.0,0.0,0.0,0.0,0.045,0.0,0.7000000000000001,0.0,0.2,0.0,0.1754,16.0,25903.0
2026-07-30T18:59:07.468Z,116.951,116.964,0.0,7.4,0.0,0.0,0.0,0.0,0.0,0.0,0.0,0.0,1.0,0.0,0.0,0.0,9.0,4.0,0.0,0.0,0.0,0.0,0.0,0.0,0.0,0.0,4.0,12.0,1.0,12.18,5.01,2.51,1.49,-5.5,-2.0,0.6000000000000001,7.4,0.0,-0.1,0.1,-1.2000000000000002,0.9,0.0,87.0,301.6,0.0,21.700000000000003,31.4,31.4,32.1,300.0,300.0,30.700000000000003,34.7,30.700000000000003,30.200000000000003,32.0,4.95,2.0,4.97,0.16,0.0,0.0,1027.0,8228.0,0.0,0.0,0.0,0.0,0.0,1.0,0.0,0.0,0.0,0.048,0.0,-1.3,0.0,0.0,0.0,0.1813,16.0,25903.0
2026-07-30T18:59:07.480Z,116.963,116.976,0.0,7.4,0.0,0.0,0.0,0.0,0.0,0.0,0.0,0.0,1.0,0.0,0.0,0.0,9.0,4.0,0.0,0.0,0.0,0.0,0.0,0.0,0.0,0.0,5.0,12.0,1.0,12.18,5.01,2.51,1.49,5.300000000000001,-7.6,0.6000000000000001,7.5,0.0,0.4,-0.4,-1.2000000000000002,1.8,0.0,90.0,29.3,0.0,21.700000000000003,31.4,31.4,32.1,300.0,300.0,30.700000000000003,34.7,30.700000000000003,30.200000000000003,32.0,4.95,2.0,4.96,0.16,0.0,0.0,1027.0,8228.0,0.0,0.0,0.0,0.0,0.0,1.0,0.0,0.0,0.0,0.049,0.0,0.4,0.0,-1.7000000000000002,0.0,0.1938,16.0,25903.0
2026-07-30T18:59:07.492Z,116.975,116.988,0.0,7.4,0.0,0.0,0.0,0.0,0.0,0.0,0.0,0.0,1.0,0.0,0.0,0.0,9.0,4.0,0.0,0.0,0.0,0.0,0.0,0.0,0.0,0.0,6.0,12.0,1.0,12.18,5.01,2.51,1.49,6.2,1.0,0.6000000000000001,7.5,0.0,1.0,-1.0,-0.1,-3.6,0.0,92.0,114.3,0.0,21.700000000000003,31.4,31.4,32.1,300.0,300.0,30.700000000000003,34.7,30.700000000000003,30.200000000000003,32.0,4.95,2.0,4.97,0.16,0.0,0.0,1027.0,8228.0,0.0,0.0,0.0,0.0,0.0,1.0,0.0,0.0,0.0,0.048,0.0,-0.6000000000000001,0.0,-1.0,0.0,0.1988,16.0,25903.0
2026-07-30T18:59:07.505Z,116.988,117.0,0.0,7.4,0.0,0.0,0.0,0.0,0.0,0.0,0.0,0.0,1.0,0.0,0.0,0.0,9.0,4.0,0.0,0.0,0.0,0.0,0.0,0.0,0.0,0.0,1.0,12.0,1.0,12.2,5.01,2.5,1.49,-4.0,7.6,0.6000000000000001,7.4,0.0,-0.7000000000000001,0.1,0.4,-9.3,0.0,93.0,195.7,0.0,21.4,31.4,31.4,32.1,300.0,300.0,30.8,34.6,30.700000000000003,30.3,32.0,4.95,1.99,4.96,0.16,0.0,0.0,1027.0,8228.0,0.0,0.0,0.0,0.0,0.0,1.0,0.0,0.0,0.0,0.046,0.0,0.3,0.0,-0.5,0.0,0.1941,16.0,25903.0
2026-07-30T18:59:07.516Z,116.999,117.012,0.0,7.4,0.0,0.0,0.0,0.0,0.0,0.0,0.0,0.0,1.0,0.0,0.0,0.0,9.0,4.0,0.0,0.0,0.0,0.0,0.0,0.0,0.0,0.0,3.0,12.0,1.0,12.2,5.01,2.5,1.49,-6.9,0.8,0.6000000000000001,7.300000000000001,0.0,0.4,0.7000000000000001,-0.6000000000000001,0.1,0.0,95.0,280.7,0.0,21.4,31.4,31.4,32.1,300.0,300.0,30.8,34.6,30.700000000000003,30.3,32.0,4.96,1.99,4.96,0.16,0.0,0.0,1027.0,8228.0,0.0,0.0,0.0,0.0,0.0,1.0,0.0,0.0,0.0,0.047,0.0,0.5,0.0,-0.5,0.0,0.1874,16.0,25903.0
2026-07-30T18:59:07.528Z,117.011,117.024,0.0,7.4,0.0,0.0,0.0,0.0,0.0,0.0,0.0,0.0,1.0,0.0,0.0,0.0,9.0,4.0,0.0,0.0,0.0,0.0,0.0,0.0,0.0,0.0,3.0,12.0,1.0,12.2,5.01,2.5,1.49,1.9,-7.1000000000000005,0.6000000000000001,7.2,0.0,1.0,0.7000000000000001,0.5,2.7,0.0,97.0,4.5,0.0,21.4,31.4,31.4,32.1,300.0,300.0,30.8,34.6,30.700000000000003,30.3,32.0,4.95,1.99,4.97,0.16,0.0,0.0,1027.0,8228.0,0.0,0.0,0.0,0.0,0.0,1.0,0.0,0.0,0.0,0.047,0.0,-1.1,0.0,0.6000000000000001,0.0,0.1902,16.0,25903.0
2026-07-30T18:59:07.540Z,117.023,117.036,0.0,7.4,0.0,0.0,0.0,0.0,0.0,0.0,0.0,0.0,1.0,0.0,0.0,0.0,9.0,4.0,0.0,0.0,0.0,0.0,0.0,0.0,0.0,0.0,5.0,12.0,1.0,12.2,5.01,2.5,1.49,7.2,-2.9000000000000004,0.6000000000000001,7.2,0.0,0.4,-0.4,1.0,-0.7000000000000001,0.0,98.0,83.9,0.0,21.4,31.4,31.4,32.1,300.0,300.0,30.8,34.6,30.700000000000003,30.3,32.0,4.95,1.99,4.97,0.16,0.0,0.0,1027.0,8228.0,0.0,0.0,0.0,0.0,0.0,1.0,0.0,0.0,0.0,0.045,0.0,1.0,0.0,0.2,0.0,0.1917,16.0,25903.0
2026-07-30T18:59:07.552Z,117.035,117.048,0.0,7.4,0.0,0.0,0.0,0.0,0.0,0.0,0.0,0.0,1.0,0.0,0.0,0.0,9.0,4.0,0.0,0.0,0.0,0.0,0.0,0.0,0.0,0.0,6.0,12.0,1.0,12.2,5.01,2.5,1.49,0.5,5.9,0.6000000000000001,7.2,0.0,1.0,0.1,0.4,-9.8,0.0,99.0,164.3,0.0,21.4,31.4,31.4,32.1,300.0,300.0,30.8,34.6,30.700000000000003,30.3,32.0,4.95,2.0,4.96,0.16,0.0,0.0,1027.0,8228.0,0.0,0.0,0.0,0.0,0.0,1.0,0.0,0.0,0.0,0.045,0.0,0.5,0.0,-0.3,0.0,0.1823,16.0,25903.0
2026-07-30T18:59:07.564Z,117.047,117.06,0.0,7.4,0.0,0.0,0.0,0.0,0.0,0.0,0.0,0.0,1.0,0.0,0.0,0.0,9.0,4.0,0.0,0.0,0.0,0.0,0.0,0.0,0.0,0.0,1.0,12.0,1.0,12.2,5.01,2.5,1.49,-6.7,5.1000000000000005,0.5,7.0,0.0,0.4,0.7000000000000001,1.1,-2.6,0.0,99.0,240.5,0.0,21.4,31.4,31.4,32.1,300.0,300.0,30.8,34.6,30.700000000000003,30.3,32.0,4.96,1.99,4.96,0.16,0.0,0.0,1027.0,8228.0,0.0,0.0,0.0,0.0,0.0,1.0,0.0,0.0,0.0,0.043,0.0,-0.2,0.0,-1.8,0.0,0.1828,16.0,25903.0
2026-07-30T18:59:07.576Z,117.059,117.072,0.0,7.4,0.0,0.0,0.0,0.0,0.0,0.0,0.0,0.0,1.0,0.0,0.0,0.0,9.0,4.0,0.0,0.0,0.0,0.0,0.0,0.0,0.0,0.0,3.0,12.0,1.0,12.2,5.01,2.5,1.49,-3.4000000000000004,-3.4000000000000004,0.5,7.0,0.0,0.3,0.1,0.0,3.3000000000000003,0.0,100.0,316.70000000000005,0.0,21.4,31.4,31.4,32.1,300.0,300.0,30.8,34.6,30.700000000000003,30.3,32.0,4.95,1.99,4.97,0.16,0.0,0.0,1027.0,8228.0,0.0,0.0,0.0,0.0,0.0,1.0,0.0,0.0,0.0,0.043,0.0,0.0,0.0,-0.1,0.0,0.1754,16.0,25903.0
2026-07-30T18:59:07.592Z,117.075,117.084,0.0,7.4,0.0,0.0,0.0,0.0,0.0,0.0,0.0,0.0,1.0,0.0,0.0,0.0,9.0,4.0,0.0,0.0,0.0,0.0,0.0,0.0,0.0,0.0,5.0,12.0,1.0,12.2,5.01,2.5,1.49,5.0,-6.5,0.5,6.9,0.0,-0.1,-1.0,-0.6000000000000001,3.3000000000000003,0.0,100.0,33.4,0.0,21.4,31.4,31.4,32.1,300.0,300.0,30.8,34.6,30.700000000000003,30.3,32.0,4.96,1.99,4.97,0.16,0.0,0.0,1027.0,8228.0,0.0,0.0,0.0,0.0,0.0,1.0,0.0,0.0,0.0,0.043,0.0,0.9,0.0,-1.4,0.0,0.1727,16.0,25903.0
2026-07-30T18:59:07.604Z,117.087,117.096,0.0,7.4,0.0,0.0,0.0,0.0,0.0,0.0,0.0,0.0,1.0,0.0,0.0,0.0,9.0,4.0,0.0,0.0,0.0,0.0,0.0,0.0,0.0,0.0,4.0,12.0,1.0,12.17,5.0200000000000005,2.5,1.49,5.800000000000001,0.0,0.5,6.9,0.0,-0.1,0.1,0.0,-2.1,0.0,101.0,108.8,0.0,21.8,31.4,31.4,32.1,300.0,300.0,30.8,34.7,30.8,30.200000000000003,32.0,4.96,2.0,4.97,0.16,0.0,0.0,1027.0,8228.0,0.0,0.0,0.0,0.0,0.0,1.0,0.0,0.0,0.0,0.043,0.0,0.0,0.0,0.1,0.0,0.1733,16.0,25903.0
2026-07-30T18:59:07.612Z,117.095,117.108,0.0,7.4,0.0,0.0,0.0,0.0,0.0,0.0,0.0,0.0,1.0,0.0,0.0,0.0,9.0,4.0,0.0,0.0,0.0,0.0,0.0,0.0,0.0,0.0,3.0,12.0,1.0,12.17,5.0200000000000005,2.5,1.49,-1.6,6.4,0.5,6.800000000000001,0.0,-0.2,0.1,-0.1,-12.4,0.0,101.0,179.8,0.0,21.8,31.4,31.4,32.1,300.0,300.0,30.8,34.7,30.8,30.200000000000003,32.0,4.96,1.99,4.97,0.16,0.0,0.0,1027.0,8228.0,0.0,0.0,0.0,0.0,0.0,1.0,0.0,0.0,0.0,0.041,0.0,0.0,0.0,0.1,0.0,0.172,16.0,25903.0
2026-07-30T18:59:07.624Z,117.107,117.12,0.0,7.4,0.0,0.0,0.0,0.0,0.0,0.0,0.0,0.0,1.0,0.0,0.0,0.0,9.0,4.0,0.0,0.0,0.0,0.0,0.0,0.0,0.0,0.0,4.0,12.0,1.0,12.17,5.0200000000000005,2.5,1.49,-6.5,3.6,0.5,6.7,0.0,-0.2,0.1,1.0,-1.0,0.0,101.0,252.3,0.0,21.8,31.4,31.4,32.1,300.0,300.0,30.8,34.7,30.8,30.200000000000003,32.0,4.95,1.99,4.96,0.16,0.0,0.0,1027.0,8228.0,0.0,0.0,0.0,0.0,0.0,1.0,0.0,0.0,0.0,0.04,0.0,-0.7000000000000001,0.0,-1.0,0.0,0.1642,16.0,25903.0
2026-07-30T18:59:07.636Z,117.119,117.132,0.0,7.4,0.0,0.0,0.0,0.0,0.0,0.0,0.0,0.0,1.0,0.0,0.0,0.0,9.0,4.0,0.0,0.0,0.0,0.0,0.0,0.0,0.0,0.0,6.0,12.0,1.0,12.17,5.0200000000000005,2.5,1.49,-2.5,-3.8,0.5,6.7,0.0,-0.1,-1.0,-0.6000000000000001,4.1000000000000005,0.0,101.0,325.70000000000005,0.0,21.8,31.4,31.4,32.1,300.0,300.0,30.8,34.7,30.8,30.200000000000003,32.0,4.95,2.0,4.96,0.16,0.0,0.0,1027.0,8228.0,0.0,0.0,0.0,0.0,0.0,1.0,0.0,0.0,0.0,0.041,0.0,1.6,0.0,0.3,0.0,0.1627,16.0,25903.0
2026-07-30T18:59:07.648Z,117.131,117.144,0.0,7.4,0.0,0.0,0.0,0.0,0.0,0.0,0.0,0.0,1.0,0.0,0.0,0.0,9.0,4.0,0.0,0.0,0.0,0.0,0.0,0.0,0.0,0.0,6.0,12.0,1.0,12.17,5.0200000000000005,2.5,1.49,4.7,-6.0,0.5,6.6000000000000005,0.0,0.9,1.8,1.0,3.6,0.0,101.0,35.4,0.0,21.8,31.4,31.4,32.1,300.0,300.0,30.8,34.7,30.8,30.200000000000003,32.0,4.95,1.99,4.97,0.16,0.0,0.0,1027.0,8228.0,0.0,0.0,0.0,0.0,0.0,1.0,0.0,0.0,0.0,0.04,0.0,-1.5,0.0,2.4000000000000004,0.0,0.1666,16.0,25903.0
2026-07-30T18:59:07.660Z,117.143,117.156,0.0,7.4,0.0,0.0,0.0,0.0,0.0,0.0,0.0,0.0,1.0,0.0,0.0,0.0,9.0,4.0,0.0,0.0,0.0,0.0,0.0,0.0,0.0,0.0,2.0,12.0,1.0,12.17,5.0200000000000005,2.5,1.49,5.6000000000000005,-0.4,0.5,6.6000000000000005,0.0,-0.1,0.0,-0.7000000000000001,-1.8,0.0,100.0,105.2,0.0,21.8,31.4,31.4,32.1,300.0,300.0,30.8,34.7,30.8,30.200000000000003,32.0,4.95,1.99,4.97,0.16,0.0,0.0,1027.0,8228.0,0.0,0.0,0.0,0.0,0.0,1.0,0.0,0.0,0.0,0.039,0.0,-0.7000000000000001,0.0,-0.1,0.0,0.1606,16.0,25903.0
2026-07-30T18:59:07.672Z,117.155,117.168,0.0,7.4,0.0,0.0,0.0,0.0,0.0,0.0,0.0,0.0,1.0,0.0,0.0,0.0,9.0,4.0,0.0,0.0,0.0,0.0,0.0,0.0,0.0,0.0,3.0,12.0,1.0,12.17,5.0200000000000005,2.5,1.49,-0.3,5.5,0.5,6.5,0.0,0.3,0.0,-1.3,-11.8,0.0,100.0,172.0,0.0,21.8,31.4,31.4,32.1,300.0,300.0,30.8,34.7,30.8,30.200000000000003,32.0,4.96,1.99,4.97,0.16,0.0,0.0,1027.0,8228.0,0.0,0.0,0.0,0.0,0.0,1.0,0.0,0.0,0.0,0.038,0.0,-0.8,0.0,1.2000000000000002,0.0,0.1587,16.0,25903.0
2026-07-30T18:59:07.684Z,117.167,117.18,0.0,7.4,0.0,0.0,0.0,0.0,0.0,0.0,0.0,0.0,1.0,0.0,0.0,0.0,9.0,4.0,0.0,0.0,0.0,0.0,0.0,0.0,0.0,0.0,5.0,12.0,1.0,12.17,5.0200000000000005,2.5,1.49,-5.7,4.800000000000001,0.5,6.5,0.0,-0.2,-0.5,0.9,-2.5,0.0,99.0,237.6,0.0,21.8,31.4,31.4,32.1,300.0,300.0,30.8,34.7,30.8,30.200000000000003,32.0,4.96,1.99,4.96,0.16,0.0,0.0,1027.0,8228.0,0.0,0.0,0.0,0.0,0.0,1.0,0.0,0.0,0.0,0.037,0.0,-0.8,0.0,-0.4,0.0,0.154,16.0,25903.0
2026-07-30T18:59:07.696Z,117.179,117.192,0.0,7.4,0.0,0.0,0.0,0.0,0.0,0.0,0.0,0.0,1.0,0.0,0.0,0.0,9.0,4.0,0.0,0.0,0.0,0.0,0.0,0.0,0.0,0.0,6.0,12.0,1.0,12.17,5.0200000000000005,2.5,1.49,-4.2,-1.4,0.4,6.4,0.0,-0.2,1.1,0.9,4.1000000000000005,0.0,99.0,301.1,0.0,21.8,31.4,31.4,32.1,300.0,300.0,30.8,34.7,30.8,30.200000000000003,32.0,4.96,1.99,4.96,0.16,0.0,0.0,1027.0,8228.0,0.0,0.0,0.0,0.0,0.0,1.0,0.0,0.0,0.0,0.036,0.0,-1.8,0.0,-1.1,0.0,0.149,16.0,25903.0
2026-07-30T18:59:07.708Z,117.191,117.204,0.0,7.4,0.0,0.0,0.0,0.0,0.0,0.0,0.0,0.0,1.0,0.0,0.0,0.0,9.0,4.0,0.0,0.0,0.0,0.0,0.0,0.0,0.0,0.0,2.0,12.0,1.0,12.17,5.0200000000000005,2.5,1.5,1.7000000000000002,-5.5,0.4,6.300000000000001,0.0,0.3,1.2000000000000002,1.0,5.7,0.0,98.0,5.5,0.0,21.4,31.4,31.4,32.1,300.0,300.0,30.700000000000003,34.7,30.8,30.200000000000003,32.0,4.95,1.99,4.96,0.16,0.0,0.0,1027.0,8228.0,0.0,0.0,0.0,0.0,0.0,1.0,0.0,0.0,0.0,0.036,0.0,-1.8,0.0,1.1,0.0,0.1459,16.0,25903.0
2026-07-30T18:59:07.720Z,117.203,117.216,0.0,7.4,0.0,0.0,0.0,0.0,0.0,0.0,0.0,0.0,1.0,0.0,0.0,0.0,9.0,4.0,0.0,0.0,0.0,0.0,0.0,0.0,0.0,0.0,3.0,12.0,1.0,12.17,5.0200000000000005,2.5,1.5,5.6000000000000005,-3.4000000000000004,0.4,6.300000000000001,0.0,-0.2,0.0,2.1,2.5,0.0,97.0,70.5,0.0,21.4,31.4,31.4,32.1,300.0,300.0,30.700000000000003,34.7,30.8,30.200000000000003,32.0,4.96,1.99,4.96,0.16,0.0,0.0,1027.0,8228.0,0.0,0.0,0.0,0.0,0.0,1.0,0.0,0.0,0.0,0.036,0.0,1.5,0.0,1.9,0.0,0.145,16.0,25903.0
2026-07-30T18:59:07.732Z,117.215,117.228,0.0,7.4,0.0,0.0,0.0,0.0,0.0,0.0,0.0,0.0,1.0,0.0,0.0,0.0,9.0,4.0,0.0,0.0,0.0,0.0,0.0,0.0,0.0,0.0,5.0,12.0,1.0,12.17,5.0200000000000005,2.5,1.5,3.2,2.2,0.4,6.2,0.0,0.3,0.0,2.2,-5.1000000000000005,0.0,96.0,132.20000000000002,0.0,21.4,31.4,31.4,32.1,300.0,300.0,30.700000000000003,34.7,30.8,30.200000000000003,32.0,4.95,1.99,4.97,0.16,0.0,0.0,1027.0,8228.0,0.0,0.0,0.0,0.0,0.0,1.0,0.0,0.0,0.0,0.035,0.0,2.5,0.0,-0.4,0.0,0.1467,16.0,25903.0
2026-07-30T18:59:07.744Z,117.227,117.24,0.0,7.4,0.0,0.0,0.0,0.0,0.0,0.0,0.0,0.0,1.0,0.0,0.0,0.0,9.0,4.0,0.0,0.0,0.0,0.0,0.0,0.0,0.0,0.0,6.0,12.0,1.0,12.17,5.0200000000000005,2.5,1.5,-2.2,5.5,0.4,6.2,0.0,0.3,0.6000000000000001,1.0,-12.1,0.0,95.0,189.1,0.0,21.4,31.4,31.4,32.1,300.0,300.0,30.700000000000003,34.7,30.8,30.200000000000003,32.0,4.95,1.99,4.96,0.16,0.0,0.0,1027.0,8228.0,0.0,0.0,0.0,0.0,0.0,1.0,0.0,0.0,0.0,0.033,0.0,1.1,0.0,-1.2000000000000002,0.0,0.1426,16.0,25903.0
2026-07-30T18:59:07.756Z,117.239,117.252,0.0,7.4,0.0,0.0,0.0,0.0,0.0,0.0,0.0,0.0,1.0,0.0,0.0,0.0,9.0,4.0,0.0,0.0,0.0,0.0,0.0,0.0,0.0,0.0,2.0,12.0,1.0,12.17,5.0200000000000005,2.5,1.5,-5.300000000000001,3.2,0.4,6.1000000000000005,0.0,0.3,1.2000000000000002,1.0,-1.0,0.0,94.0,248.5,0.0,21.4,31.4,31.4,32.1,300.0,300.0,30.700000000000003,34.7,30.8,30.200000000000003,32.0,4.96,1.99,4.96,0.16,0.0,0.0,1027.0,8228.0,0.0,0.0,0.0,0.0,0.0,1.0,0.0,0.0,0.0,0.033,0.0,-0.2,0.0,-2.3000000000000003,0.0,0.1325,16.0,25903.0
2026-07-30T18:59:07.768Z,117.251,117.264,0.0,7.4,0.0,0.0,0.0,0.0,0.0,0.0,0.0,0.0,1.0,0.0,0.0,0.0,9.0,4.0,0.0,0.0,0.0,0.0,0.0,0.0,0.0,0.0,3.0,12.0,1.0,12.17,5.0200000000000005,2.5,1.5,-3.2,-1.8,0.4,6.1000000000000005,0.0,-0.7000000000000001,0.1,0.5,4.800000000000001,0.0,94.0,310.20000000000005,0.0,21.4,31.4,31.4,32.1,300.0,300.0,30.700000000000003,34.7,30.8,30.200000000000003,32.0,4.95,1.99,4.96,0.16,0.0,0.0,1027.0,8228.0,0.0,0.0,0.0,0.0,0.0,1.0,0.0,0.0,0.0,0.034,0.0,-0.6000000000000001,0.0,0.0,0.0,0.1332,16.0,25903.0
2026-07-30T18:59:07.780Z,117.263,117.276,0.0,7.4,0.0,0.0,0.0,0.0,0.0,0.0,0.0,0.0,1.0,0.0,0.0,0.0,9.0,4.0,0.0,0.0,0.0,0.0,0.0,0.0,0.0,0.0,4.0,12.0,1.0,12.17,5.0200000000000005,2.5,1.5,1.5,-5.0,0.4,6.0,0.0,0.4,0.6000000000000001,-1.2000000000000002,6.0,0.0,93.0,6.6000000000000005,0.0,21.4,31.4,31.4,32.1,300.0,300.0,30.700000000000003,34.7,30.8,30.200000000000003,32.0,4.95,1.99,4.97,0.16,0.0,0.0,1027.0,8228.0,0.0,0.0,0.0,0.0,0.0,1.0,0.0,0.0,0.0,0.032,0.0,-0.2,0.0,-1.2000000000000002,0.0,0.1387,16.0,25903.0
2026-07-30T18:59:07.792Z,117.275,117.288,0.0,7.4,0.0,0.0,0.0,0.0,0.0,0.0,0.0,0.0,1.0,0.0,0.0,0.0,9.0,4.0,0.0,0.0,0.0,0.0,0.0,0.0,0.0,0.0,5.0,12.0,1.0,12.17,5.0200000000000005,2.5,1.5,4.800000000000001,-3.6,0.4,6.0,0.0,1.6,0.7000000000000001,0.5,3.0,0.0,92.0,62.7,0.0,21.4,31.4,31.4,32.1,300.0,300.0,30.700000000000003,34.7,30.8,30.200000000000003,32.0,4.95,2.0,4.96,0.16,0.0,0.0,1027.0,8228.0,0.0,0.0,0.0,0.0,0.0,1.0,0.0,0.0,0.0,0.031,0.0,0.0,0.0,1.2000000000000002,0.0,0.1314,16.0,25903.0
2026-07-30T18:59:07.804Z,117.287,117.3,0.0,7.4,0.0,0.0,0.0,0.0,0.0,0.0,0.0,0.0,1.0,0.0,0.0,0.0,9.0,4.0,0.0,0.0,0.0,0.0,0.0,0.0,0.0,0.0,1.0,12.0,1.0,12.14,5.01,2.5,1.49,3.8,0.8,0.4,5.9,0.0,0.4,0.7000000000000001,0.0,-3.8,0.0,91.0,119.2,0.0,21.4,31.4,31.4,32.0,300.0,300.0,30.700000000000003,34.7,30.8,30.200000000000003,32.0,4.96,1.99,4.96,0.16,0.0,0.0,1027.0,8228.0,0.0,0.0,0.0,0.0,0.0,1.0,0.0,0.0,0.0,0.032,0.0,0.3,0.0,0.7000000000000001,0.0,0.1279,16.0,25903.0
2026-07-30T18:59:07.816Z,117.299,117.312,0.0,7.4,0.0,0.0,0.0,0.0,0.0,0.0,0.0,0.0,1.0,0.0,0.0,0.0,9.0,4.0,0.0,0.0,0.0,0.0,0.0,0.0,0.0,0.0,2.0,12.0,1.0,12.14,5.01,2.5,1.49,-0.2,4.3,0.3,5.9,0.0,-0.1,-0.9,0.0,-14.1,0.0,89.0,170.8,0.0,21.4,31.4,31.4,32.0,300.0,300.0,30.700000000000003,34.7,30.8,30.200000000000003,32.0,4.95,1.99,4.97,0.16,0.0,0.0,1027.0,8228.0,0.0,0.0,0.0,0.0,0.0,1.0,0.0,0.0,0.0,0.03,0.0,-1.0,0.0,-0.1,0.0,0.1284,16.0,25903.0
2026-07-30T18:59:07.828Z,117.311,117.324,0.0,7.4,0.0,0.0,0.0,0.0,0.0,0.0,0.0,0.0,1.0,0.0,0.0,0.0,9.0,4.0,0.0,0.0,0.0,0.0,0.0,0.0,0.0,0.0,4.0,12.0,1.0,12.14,5.01,2.5,1.49,-3.8,4.3,0.3,5.800000000000001,0.0,0.4,-0.9,0.0,-5.800000000000001,0.0,88.0,219.0,0.0,21.4,31.4,31.4,32.0,300.0,300.0,30.700000000000003,34.7,30.8,30.200000000000003,32.0,4.96,1.99,4.96,0.16,0.0,0.0,1027.0,8228.0,0.0,0.0,0.0,0.0,0.0,1.0,0.0,0.0,0.0,0.028,0.0,-0.8,0.0,0.7000000000000001,0.0,0.1206,16.0,25903.0
2026-07-30T18:59:07.840Z,117.323,117.336,0.0,7.4,0.0,0.0,0.0,0.0,0.0,0.0,0.0,0.0,1.0,0.0,0.0,0.0,9.0,4.0,0.0,0.0,0.0,0.0,0.0,0.0,0.0,0.0,5.0,12.0,1.0,12.14,5.01,2.5,1.49,-4.5,1.1,0.3,5.7,0.0,-0.1,-0.4,-0.6000000000000001,2.8000000000000003,0.0,87.0,273.5,0.0,21.4,31.4,31.4,32.0,300.0,300.0,30.700000000000003,34.7,30.8,30.200000000000003,32.0,4.96,2.0,4.96,0.16,0.0,0.0,1027.0,8228.0,0.0,0.0,0.0,0.0,0.0,1.0,0.0,0.0,0.0,0.029,0.0,0.6000000000000001,0.0,0.7000000000000001,0.0,0.1121,16.0,25903.0
2026-07-30T18:59:07.852Z,117.335,117.348,0.0,7.4,0.0,0.0,0.0,0.0,0.0,0.0,0.0,0.0,1.0,0.0,0.0,0.0,9.0,4.0,0.0,0.0,0.0,0.0,0.0,0.0,0.0,0.0,6.0,12.0,1.0,12.14,5.01,2.5,1.49,-1.8,-2.6,0.3,5.7,0.0,-1.2000000000000002,-0.3,-1.1,7.1000000000000005,0.0,86.0,322.90000000000003,0.0,21.4,31.4,31.4,32.0,300.0,300.0,30.700000000000003,34.7,30.8,30.200000000000003,32.0,4.96,1.99,4.96,0.16,0.0,0.0,1027.0,8228.0,0.0,0.0,0.0,0.0,0.0,1.0,0.0,0.0,0.0,0.028,0.0,1.6,0.0,-0.2,0.0,0.1194,16.0,25903.0
2026-07-30T18:59:07.864Z,117.347,117.36,0.0,7.4,0.0,0.0,0.0,0.0,0.0,0.0,0.0,0.0,1.0,0.0,0.0,0.0,9.0,4.0,0.0,0.0,0.0,0.0,0.0,0.0,0.0,0.0,1.0,12.0,1.0,12.14,5.01,2.5,1.49,1.9,-4.3,0.3,5.6000000000000005,0.0,-0.1,0.2,1.0,7.5,0.0,84.0,11.2,0.0,21.4,31.4,31.4,32.0,300.0,300.0,30.700000000000003,34.7,30.8,30.200000000000003,32.0,4.95,1.99,4.97,0.16,0.0,0.0,1027.0,8228.0,0.0,0.0,0.0,0.0,0.0,1.0,0.0,0.0,0.0,0.027,0.0,-0.6000000000000001,0.0,1.2000000000000002,0.0,0.1154,16.0,25903.0
2026-07-30T18:59:07.876Z,117.359,117.372,0.0,7.4,0.0,0.0,0.0,0.0,0.0,0.0,0.0,0.0,1.0,0.0,0.0,0.0,9.0,4.0,0.0,0.0,0.0,0.0,0.0,0.0,0.0,0.0,2.0,12.0,1.0,12.14,5.01,2.5,1.49,4.1000000000000005,-3.1,0.3,5.6000000000000005,0.0,-0.7000000000000001,0.1,-0.6000000000000001,4.3,0.0,83.0,61.400000000000006,0.0,21.4,31.4,31.4,32.0,300.0,300.0,30.700000000000003,34.7,30.8,30.200000000000003,32.0,4.96,1.99,4.96,0.16,0.0,0.0,1027.0,8228.0,0.0,0.0,0.0,0.0,0.0,1.0,0.0,0.0,0.0,0.028,0.0,-0.4,0.0,-0.4,0.0,0.1115,16.0,25903.0
2026-07-30T18:59:07.888Z,117.371,117.384,0.0,7.4,0.0,0.0,0.0,0.0,0.0,0.0,0.0,0.0,1.0,0.0,0.0,0.0,9.0,4.0,0.0,0.0,0.0,0.0,0.0,0.0,0.0,0.0,3.0,12.0,1.0,12.14,5.01,2.5,1.49,3.7,0.0,0.3,5.6000000000000005,0.0,-0.1,0.1,0.4,-2.3000000000000003,0.0,82.0,110.4,0.0,21.4,31.4,31.4,32.0,300.0,300.0,30.700000000000003,34.7,30.8,30.200000000000003,32.0,4.96,1.99,4.97,0.16,0.0,0.0,1027.0,8228.0,0.0,0.0,0.0,0.0,0.0,1.0,0.0,0.0,0.0,0.028,0.0,0.6000000000000001,0.0,0.2,0.0,0.1128,16.0,25903.0
2026-07-30T18:59:07.900Z,117.383,117.396,0.0,7.4,0.0,0.0,0.0,0.0,0.0,0.0,0.0,0.0,1.0,0.0,0.0,0.0,9.0,4.0,0.0,0.0,0.0,0.0,0.0,0.0,0.0,0.0,4.0,12.0,1.0,12.14,5.01,2.5,1.49,1.0,2.8000000000000003,0.3,5.5,0.0,-0.1,0.7000000000000001,0.0,-11.7,0.0,81.0,151.8,0.0,21.4,31.4,31.4,32.0,300.0,300.0,30.700000000000003,34.7,30.8,30.200000000000003,32.0,4.95,1.99,4.97,0.16,0.0,0.0,1027.0,8228.0,0.0,0.0,0.0,0.0,0.0,1.0,0.0,0.0,0.0,0.024,0.0,0.7000000000000001,0.0,0.4,0.0,0.1123,16.0,25903.0
2026-07-30T18:59:07.918Z,117.401,117.408,0.0,7.4,0.0,0.0,0.0,0.0,0.0,0.0,0.0,0.0,1.0,0.0,0.0,0.0,9.0,4.0,0.0,0.0,0.0,0.0,0.0,0.0,0.0,0.0,4.0,12.0,1.0,12.18,5.01,2.5,1.49,-1.8,3.8,0.2,5.5,0.0,0.3,-0.3,-0.6000000000000001,-16.8,0.0,79.0,189.1,0.0,21.4,31.4,31.4,32.0,300.0,300.0,30.700000000000003,34.7,30.700000000000003,30.200000000000003,32.0,4.96,1.99,4.96,0.16,0.0,0.0,1027.0,8228.0,0.0,0.0,0.0,0.0,0.0,1.0,0.0,0.0,0.0,0.022,0.0,-0.6000000000000001,0.0,0.7000000000000001,0.0,0.0995,16.0,25903.0
2026-07-30T18:59:07.924Z,117.407,117.42,0.0,7.4,0.0,0.0,0.0,0.0,0.0,0.0,0.0,0.0,1.0,0.0,0.0,0.0,9.0,4.0,0.0,0.0,0.0,0.0,0.0,0.0,0.0,0.0,2.0,12.0,1.0,12.18,5.01,2.5,1.49,-3.5,2.9000000000000004,0.2,5.4,0.0,0.3,-0.3,-0.6000000000000001,-4.6000000000000005,0.0,77.0,228.8,0.0,21.4,31.4,31.4,32.0,300.0,300.0,30.700000000000003,34.7,30.700000000000003,30.200000000000003,32.0,4.95,2.0,4.97,0.16,0.0,0.0,1027.0,8228.0,0.0,0.0,0.0,0.0,0.0,1.0,0.0,0.0,0.0,0.022,0.0,0.0,0.0,1.0,0.0,0.088,16.0,25903.0
2026-07-30T18:59:07.936Z,117.419,117.432,0.0,7.4,0.0,0.0,0.0,0.0,0.0,0.0,0.0,0.0,1.0,0.0,0.0,0.0,9.0,4.0,0.0,0.0,0.0,0.0,0.0,0.0,0.0,0.0,3.0,12.0,1.0,12.18,5.01,2.5,1.49,-3.8,0.6000000000000001,0.3,5.4,0.0,0.3,0.2,-0.6000000000000001,3.5,0.0,76.0,275.7,0.0,21.4,31.4,31.4,32.0,300.0,300.0,30.700000000000003,34.7,30.700000000000003,30.200000000000003,32.0,4.95,1.99,4.97,0.16,0.0,0.0,1027.0,8228.0,0.0,0.0,0.0,0.0,0.0,1.0,0.0,0.0,0.0,0.025,0.0,0.6000000000000001,0.0,0.0,0.0,0.0887,16.0,25903.0
2026-07-30T18:59:07.948Z,117.431,117.444,0.0,7.4,0.0,0.0,0.0,0.0,0.0,0.0,0.0,0.0,1.0,0.0,0.0,0.0,9.0,4.0,0.0,0.0,0.0,0.0,0.0,0.0,0.0,0.0,4.0,12.0,1.0,12.18,5.01,2.5,1.49,-1.6,-2.6,0.3,5.4,0.0,0.3,0.1,-0.1,7.5,0.0,75.0,325.0,0.0,21.4,31.4,31.4,32.0,300.0,300.0,30.700000000000003,34.7,30.700000000000003,30.200000000000003,32.0,4.95,1.99,4.97,0.16,0.0,0.0,1027.0,8228.0,0.0,0.0,0.0,0.0,0.0,1.0,0.0,0.0,0.0,0.027,0.0,0.0,0.0,-0.1,0.0,0.1011,16.0,25903.0
2026-07-30T18:59:07.960Z,117.443,117.456,0.0,7.4,0.0,0.0,0.0,0.0,0.0,0.0,0.0,0.0,1.0,0.0,0.0,0.0,9.0,4.0,0.0,0.0,0.0,0.0,0.0,0.0,0.0,0.0,5.0,12.0,1.0,12.18,5.01,2.5,1.49,2.4000000000000004,-4.800000000000001,0.3,5.300000000000001,0.0,0.3,0.7000000000000001,0.5,7.5,0.0,75.0,16.5,0.0,21.4,31.4,31.4,32.0,300.0,300.0,30.700000000000003,34.7,30.700000000000003,30.200000000000003,32.0,4.96,1.99,4.96,0.16,0.0,0.0,1027.0,8228.0,0.0,0.0,0.0,0.0,0.0,1.0,0.0,0.0,0.0,0.028,0.0,1.0,0.0,-0.4,0.0,0.1087,16.0,25903.0
2026-07-30T18:59:07.972Z,117.455,117.468,0.0,7.4,0.0,0.0,0.0,0.0,0.0,0.0,0.0,0.0,1.0,0.0,0.0,0.0,9.0,4.0,0.0,0.0,0.0,0.0,0.0,0.0,0.0,0.0,6.0,12.0,1.0,12.18,5.01,2.5,1.49,5.300000000000001,-2.9000000000000004,0.3,5.300000000000001,0.0,1.5,0.2,0.5,3.7,0.0,75.0,73.7,0.0,21.4,31.4,31.4,32.0,300.0,300.0,30.700000000000003,34.7,30.700000000000003,30.200000000000003,32.0,4.95,1.99,4.97,0.16,0.0,0.0,1027.0,8228.0,0.0,0.0,0.0,0.0,0.0,1.0,0.0,0.0,0.0,0.031,0.0,-0.4,0.0,-0.9,0.0,0.115,16.0,25903.0
2026-07-30T18:59:07.984Z,117.467,117.48,0.0,7.4,0.0,0.0,0.0,0.0,0.0,0.0,0.0,0.0,1.0,0.0,0.0,0.0,9.0,4.0,0.0,0.0,0.0,0.0,0.0,0.0,0.0,0.0,1.0,12.0,1.0,12.18,5.01,2.5,1.49,3.1,2.6,0.4,5.300000000000001,0.0,1.5,1.3,0.5,-4.3,0.0,76.0,136.9,0.0,21.4,31.4,31.4,32.0,300.0,300.0,30.700000000000003,34.7,30.700000000000003,30.200000000000003,32.0,4.95,2.0,4.96,0.16,0.0,0.0,1027.0,8228.0,0.0,0.0,0.0,0.0,0.0,1.0,0.0,0.0,0.0,0.034,0.0,-0.2,0.0,1.4,0.0,0.1242,16.0,25903.0
2026-07-30T18:59:07.996Z,117.479,117.492,0.0,7.4,0.0,0.0,0.0,0.0,0.0,0.0,0.0,0.0,1.0,0.0,0.0,0.0,9.0,4.0,0.0,0.0,0.0,0.0,0.0,0.0,0.0,0.0,3.0,12.0,1.0,12.18,5.01,2.5,1.49,-3.4000000000000004,6.5,0.3,5.9,0.0,0.3,-0.3,0.0,-9.8,0.0,76.0,193.4,0.0,21.4,31.4,31.4,32.0,300.0,300.0,30.700000000000003,34.7,30.700000000000003,30.200000000000003,32.0,4.95,1.99,4.96,0.16,0.0,0.0,1027.0,8228.0,0.0,0.0,0.0,0.0,0.0,1.0,0.0,0.0,0.0,0.032,0.0,-0.4,0.0,0.1,0.0,0.1392,16.0,25903.0
2026-07-30T18:59:08.009Z,117.492,117.504,0.0,7.4,0.0,0.0,0.0,0.0,0.0,0.0,0.0,0.0,1.0,0.0,0.0,0.0,9.0,4.0,0.0,0.0,0.0,0.0,0.0,0.0,0.0,0.0,4.0,12.0,1.0,12.14,5.01,2.51,1.49,-6.6000000000000005,1.7000000000000002,0.4,6.4,0.0,0.3,-0.9,1.1,0.3,0.0,77.0,267.5,0.0,21.700000000000003,31.4,31.4,32.0,300.0,300.0,30.700000000000003,34.800000000000004,30.700000000000003,30.200000000000003,32.0,4.96,1.99,4.96,0.16,0.0,0.0,1027.0,8228.0,0.0,0.0,0.0,0.0,0.0,1.0,0.0,0.0,0.0,0.038,0.0,-1.1,0.0,0.4,0.0,0.1311,16.0,25903.0
2026-07-30T18:59:08.020Z,117.503,117.516,0.0,7.4,0.0,0.0,0.0,0.0,0.0,0.0,0.0,0.0,1.0,0.0,0.0,0.0,9.0,4.0,0.0,0.0,0.0,0.0,0.0,0.0,0.0,0.0,6.0,12.0,1.0,12.14,5.01,2.51,1.49,0.3,-6.5,0.5,6.800000000000001,0.0,0.9,0.1,1.6,4.0,0.0,80.0,348.70000000000005,0.0,21.700000000000003,31.4,31.4,32.0,300.0,300.0,30.700000000000003,34.800000000000004,30.700000000000003,30.200000000000003,32.0,4.95,1.99,4.97,0.16,0.0,0.0,1027.0,8228.0,0.0,0.0,0.0,0.0,0.0,1.0,0.0,0.0,0.0,0.044,0.0,-1.4,0.0,1.4,0.0,0.1559,16.0,25903.0
2026-07-30T18:59:08.032Z,117.515,117.528,0.0,7.4,0.0,0.0,0.0,0.0,0.0,0.0,0.0,0.0,1.0,0.0,0.0,0.0,9.0,4.0,0.0,0.0,0.0,0.0,0.0,0.0,0.0,0.0,6.0,12.0,1.0,12.14,5.01,2.51,1.49,7.9,-4.2,0.5,7.5,0.0,-0.8,-0.4,-1.2000000000000002,1.3,0.0,83.0,73.5,0.0,21.700000000000003,31.4,31.4,32.0,300.0,300.0,30.700000000000003,34.800000000000004,30.700000000000003,30.200000000000003,32.0,4.95,1.99,4.96,0.16,0.0,0.0,1027.0,8228.0,0.0,0.0,0.0,0.0,0.0,1.0,0.0,0.0,0.0,0.047,0.0,-0.8,0.0,-1.5,0.0,0.1785,16.0,25903.0
2026-07-30T18:59:08.044Z,117.527,117.54,0.0,7.4,0.0,0.0,0.0,0.0,0.0,0.0,0.0,0.0,1.0,0.0,0.0,0.0,9.0,4.0,0.0,0.0,0.0,0.0,0.0,0.0,0.0,0.0,2.0,12.0,1.0,12.14,5.01,2.51,1.49,0.4,7.0,0.6000000000000001,7.800000000000001,0.0,-0.8,-0.4,0.0,-7.5,0.0,85.0,161.5,0.0,21.700000000000003,31.4,31.4,32.0,300.0,300.0,30.700000000000003,34.800000000000004,30.700000000000003,30.200000000000003,32.0,4.96,1.99,4.96,0.16,0.0,0.0,1027.0,8228.0,0.0,0.0,0.0,0.0,0.0,1.0,0.0,0.0,0.0,0.049,0.0,-0.4,0.0,-0.1,0.0,0.1894,16.0,25903.0
2026-07-30T18:59:08.056Z,117.539,117.552,0.0,7.4,0.0,0.0,0.0,0.0,0.0,0.0,0.0,0.0,1.0,0.0,0.0,0.0,9.0,4.0,0.0,0.0,0.0,0.0,0.0,0.0,0.0,0.0,4.0,12.0,1.0,12.14,5.01,2.51,1.49,-8.6,4.3,0.6000000000000001,8.200000000000001,0.0,-0.7000000000000001,-0.4,1.1,-1.5,0.0,88.0,250.5,0.0,21.700000000000003,31.4,31.4,32.0,300.0,300.0,30.700000000000003,34.800000000000004,30.700000000000003,30.200000000000003,32.0,4.95,1.99,4.97,0.16,0.0,0.0,1027.0,8228.0,0.0,0.0,0.0,0.0,0.0,1.0,0.0,0.0,0.0,0.049,0.0,-1.0,0.0,-0.5,0.0,0.1983,16.0,25903.0
2026-07-30T18:59:08.068Z,117.551,117.564,0.0,7.4,0.0,0.0,0.0,0.0,0.0,0.0,0.0,0.0,1.0,0.0,0.0,0.0,9.0,4.0,0.0,0.0,0.0,0.0,0.0,0.0,0.0,0.0,5.0,12.0,1.0,12.14,5.01,2.51,1.49,0.6000000000000001,-7.7,0.7000000000000001,8.200000000000001,0.0,-0.2,0.1,-0.6000000000000001,2.4000000000000004,0.0,92.0,354.40000000000003,0.0,21.700000000000003,31.4,31.4,32.0,300.0,300.0,30.700000000000003,34.800000000000004,30.700000000000003,30.200000000000003,32.0,4.95,1.99,4.96,0.16,0.0,0.0,1027.0,8228.0,0.0,0.0,0.0,0.0,0.0,1.0,0.0,0.0,0.0,0.056,0.0,0.2,0.0,-0.6000000000000001,0.0,0.1978,16.0,25903.0
2026-07-30T18:59:08.080Z,117.563,117.576,0.0,7.4,0.0,0.0,0.0,0.0,0.0,0.0,0.0,0.0,1.0,0.0,0.0,0.0,9.0,4.0,0.0,0.0,0.0,0.0,0.0,0.0,0.0,0.0,6.0,12.0,1.0,12.14,5.01,2.51,1.49,8.5,-3.2,0.6000000000000001,8.200000000000001,0.0,0.3,0.1,1.0,-0.5,0.0,94.0,82.7,0.0,21.700000000000003,31.4,31.4,32.0,300.0,300.0,30.700000000000003,34.800000000000004,30.700000000000003,30.200000000000003,32.0,4.95,1.99,4.96,0.16,0.0,0.0,1027.0,8228.0,0.0,0.0,0.0,0.0,0.0,1.0,0.0,0.0,0.0,0.052,0.0,0.9,0.0,0.9,0.0,0.2275,16.0,25903.0
2026-07-30T18:59:08.092Z,117.575,117.588,0.0,7.4,0.0,0.0,0.0,0.0,0.0,0.0,0.0,0.0,1.0,0.0,0.0,0.0,9.0,4.0,0.0,0.0,0.0,0.0,0.0,0.0,0.0,0.0,1.0,12.0,1.0,12.14,5.01,2.51,1.49,-1.3,7.9,0.7000000000000001,8.1,0.0,-1.3,0.1,0.0,-10.1,0.0,97.0,176.9,0.0,21.700000000000003,31.4,31.4,32.0,300.0,300.0,30.700000000000003,34.800000000000004,30.700000000000003,30.200000000000003,32.0,4.95,1.99,4.96,0.16,0.0,0.0,1027.0,8228.0,0.0,0.0,0.0,0.0,0.0,1.0,0.0,0.0,0.0,0.053,0.0,0.0,0.0,0.0,0.0,0.2083,16.0,25903.0
2026-07-30T18:59:08.104Z,117.587,117.6,0.0,7.4,0.0,0.0,0.0,0.0,0.0,0.0,0.0,0.0,1.0,0.0,0.0,0.0,9.0,4.0,0.0,0.0,0.0,0.0,0.0,0.0,0.0,0.0,2.0,12.0,1.0,12.14,5.01,2.51,1.49,-8.200000000000001,2.8000000000000003,0.6000000000000001,8.0,0.0,0.3,0.1,0.0,-0.1,0.0,99.0,264.3,0.0,21.700000000000003,31.4,31.4,32.0,300.0,300.0,30.700000000000003,34.800000000000004,30.700000000000003,30.200000000000003,32.0,4.95,1.99,4.97,0.16,0.0,0.0,1027.0,8228.0,0.0,0.0,0.0,0.0,0.0,1.0,0.0,0.0,0.0,0.05,0.0,0.0,0.0,-0.1,0.0,0.2125,16.0,25903.0
2026-07-30T18:59:08.115Z,117.598,117.612,0.0,7.4,0.0,0.0,0.0,0.0,0.0,0.0,0.0,0.0,1.0,0.0,0.0,0.0,9.0,4.0,0.0,0.0,0.0,0.0,0.0,0.0,0.0,0.0,3.0,12.0,1.0,12.18,5.01,2.51,1.49,1.4,-7.6,0.7000000000000001,8.0,0.0,-0.2,0.1,0.0,3.2,0.0,101.0,358.6,0.0,21.4,31.4,31.4,32.0,300.0,300.0,30.700000000000003,34.800000000000004,30.700000000000003,30.200000000000003,31.9,4.96,1.99,4.96,0.16,0.0,0.0,1027.0,8228.0,0.0,0.0,0.0,0.0,0.0,1.0,0.0,0.0,0.0,0.052,0.0,-0.1,0.0,0.0,0.0,0.2012,16.0,25903.0
2026-07-30T18:59:08.128Z,117.611,117.624,0.0,7.4,0.0,0.0,0.0,0.0,0.0,0.0,0.0,0.0,1.0,0.0,0.0,0.0,9.0,4.0,0.0,0.0,0.0,0.0,0.0,0.0,0.0,0.0,4.0,12.0,1.0,12.18,5.01,2.51,1.49,7.9,-2.8000000000000003,0.6000000000000001,7.9,0.0,-0.7000000000000001,0.1,0.0,0.0,0.0,103.0,85.7,0.0,21.4,31.4,31.4,32.0,300.0,300.0,30.700000000000003,34.800000000000004,30.700000000000003,30.200000000000003,31.9,4.96,1.99,4.97,0.16,0.0,0.0,1027.0,8228.0,0.0,0.0,0.0,0.0,0.0,1.0,0.0,0.0,0.0,0.05,0.0,0.0,0.0,0.1,0.0,0.2117,16.0,25903.0
2026-07-30T18:59:08.140Z,117.623,117.636,0.0,7.4,0.0,0.0,0.0,0.0,0.0,0.0,0.0,0.0,1.0,0.0,0.0,0.0,9.0,4.0,0.0,0.0,0.0,0.0,0.0,0.0,0.0,0.0,5.0,12.0,1.0,12.18,5.01,2.51,1.49,-0.8,7.300000000000001,0.6000000000000001,7.7,0.0,-0.7000000000000001,1.9,1.7000000000000002,-9.4,0.0,104.0,170.8,0.0,21.4,31.4,31.4,32.0,300.0,300.0,30.700000000000003,34.800000000000004,30.700000000000003,30.200000000000003,31.9,4.95,1.99,4.97,0.16,0.0,0.0,1027.0,8228.0,0.0,0.0,0.0,0.0,0.0,1.0,0.0,0.0,0.0,0.049,0.0,3.4000000000000004,0.0,-1.2000000000000002,0.0,0.2009,16.0,25903.0
2026-07-30T18:59:08.152Z,117.635,117.648,0.0,7.4,0.0,0.0,0.0,0.0,0.0,0.0,0.0,0.0,1.0,0.0,0.0,0.0,9.0,4.0,0.0,0.0,0.0,0.0,0.0,0.0,0.0,0.0,6.0,12.0,1.0,12.18,5.01,2.51,1.49,-7.800000000000001,3.8,0.6000000000000001,7.7,0.0,-0.1,0.7000000000000001,0.0,-0.8,0.0,105.0,256.3,0.0,21.4,31.4,31.4,32.0,300.0,300.0,30.700000000000003,34.800000000000004,30.700000000000003,30.200000000000003,31.9,4.96,1.99,4.96,0.16,0.0,0.0,1027.0,8228.0,0.0,0.0,0.0,0.0,0.0,1.0,0.0,0.0,0.0,0.048,0.0,0.2,0.0,-0.8,0.0,0.1966,16.0,25903.0
2026-07-30T18:59:08.164Z,117.647,117.66,0.0,7.4,0.0,0.0,0.0,0.0,0.0,0.0,0.0,0.0,1.0,0.0,0.0,0.0,9.0,4.0,0.0,0.0,0.0,0.0,0.0,0.0,0.0,0.0,2.0,12.0,1.0,12.18,5.01,2.51,1.49,-0.5,-6.2,0.7000000000000001,7.6,0.0,-0.7000000000000001,-1.6,-1.7000000000000002,3.3000000000000003,0.0,106.0,345.40000000000003,0.0,21.4,31.4,31.4,32.0,300.0,300.0,30.700000000000003,34.800000000000004,30.700000000000003,30.200000000000003,31.9,4.95,2.0,4.96,0.16,0.0,0.0,1027.0,8228.0,0.0,0.0,0.0,0.0,0.0,1.0,0.0,0.0,0.0,0.05,0.0,3.2,0.0,-1.0,0.0,0.1933,16.0,25903.0
2026-07-30T18:59:08.176Z,117.659,117.672,0.0,7.4,0.0,0.0,0.0,0.0,0.0,0.0,0.0,0.0,1.0,0.0,0.0,0.0,9.0,4.0,0.0,0.0,0.0,0.0,0.0,0.0,0.0,0.0,3.0,12.0,1.0,12.18,5.01,2.51,1.49,7.4,-4.9,0.6000000000000001,7.6,0.0,0.3,1.3,0.5,1.1,0.0,107.0,66.60000000000001,0.0,21.4,31.4,31.4,32.0,300.0,300.0,30.700000000000003,34.800000000000004,30.700000000000003,30.200000000000003,31.9,4.95,1.99,4.97,0.16,0.0,0.0,1027.0,8228.0,0.0,0.0,0.0,0.0,0.0,1.0,0.0,0.0,0.0,0.047,0.0,-0.2,0.0,1.8,0.0,0.2006,16.0,25903.0
2026-07-30T18:59:08.188Z,117.671,117.684,0.0,7.4,0.0,0.0,0.0,0.0,0.0,0.0,0.0,0.0,1.0,0.0,0.0,0.0,9.0,4.0,0.0,0.0,0.0,0.0,0.0,0.0,0.0,0.0,4.0,12.0,1.0,12.18,5.01,2.51,1.49,2.2,5.1000000000000005,0.6000000000000001,7.6,0.0,0.3,-0.4,0.4,-6.800000000000001,0.0,108.0,151.0,0.0,21.4,31.4,31.4,32.0,300.0,300.0,30.700000000000003,34.800000000000004,30.700000000000003,30.200000000000003,31.9,4.96,1.99,4.97,0.17,0.0,0.0,1027.0,8228.0,0.0,0.0,0.0,0.0,0.0,1.0,0.0,0.0,0.0,0.047,0.0,0.0,0.0,-0.5,0.0,0.1889,16.0,25903.0
2026-07-30T18:59:08.200Z,117.683,117.696,0.0,7.4,0.0,0.0,0.0,0.0,0.0,0.0,0.0,0.0,1.0,0.0,0.0,0.0,9.0,4.0,0.0,0.0,0.0,0.0,0.0,0.0,0.0,0.0,5.0,12.0,1.0,12.18,5.01,2.51,1.49,-6.5,6.1000000000000005,0.6000000000000001,7.5,0.0,-0.2,0.1,0.4,-3.2,0.0,108.0,230.8,0.0,21.4,31.4,31.4,32.0,300.0,300.0,30.700000000000003,34.800000000000004,30.700000000000003,30.200000000000003,31.9,4.96,1.99,4.96,0.16,0.0,0.0,1027.0,8228.0,0.0,0.0,0.0,0.0,0.0,1.0,0.0,0.0,0.0,0.045,0.0,-0.1,0.0,-0.6000000000000001,0.0,0.1902,16.0,25903.0
2026-07-30T18:59:08.225Z,117.708,117.708,0.0,7.4,0.0,0.0,0.0,0.0,0.0,0.0,0.0,0.0,1.0,0.0,0.0,0.0,9.0,4.0,0.0,0.0,0.0,0.0,0.0,0.0,0.0,0.0,6.0,12.0,1.0,12.14,5.0200000000000005,2.51,1.49,-4.3,-2.8000000000000003,0.6000000000000001,7.4,0.0,-0.2,-0.4,-0.6000000000000001,3.4000000000000004,0.0,108.0,309.6,0.0,21.4,31.4,31.4,32.0,300.0,300.0,30.700000000000003,34.800000000000004,30.700000000000003,30.200000000000003,32.0,4.95,1.99,4.97,0.16,0.0,0.0,1027.0,8228.0,0.0,0.0,0.0,0.0,0.0,1.0,0.0,0.0,0.0,0.044,0.0,1.1,0.0,0.2,0.0,0.1829,16.0,25903.0
2026-07-30T18:59:08.231Z,117.714,117.72,0.0,7.4,0.0,0.0,0.0,0.0,0.0,0.0,0.0,0.0,1.0,0.0,0.0,0.0,9.0,4.0,0.0,0.0,0.0,0.0,0.0,0.0,0.0,0.0,5.0,12.0,1.0,12.14,5.0200000000000005,2.51,1.49,4.800000000000001,-7.0,0.6000000000000001,7.4,0.0,-0.2,-0.4,-1.2000000000000002,3.8,0.0,108.0,29.5,0.0,21.4,31.4,31.4,32.0,300.0,300.0,30.700000000000003,34.800000000000004,30.700000000000003,30.200000000000003,32.0,4.95,1.99,4.96,0.16,0.0,0.0,1027.0,8228.0,0.0,0.0,0.0,0.0,0.0,1.0,0.0,0.0,0.0,0.044,0.0,0.4,0.0,-1.7000000000000002,0.0,0.1797,16.0,25903.0
2026-07-30T18:59:08.236Z,117.719,117.732,0.0,7.4,0.0,0.0,0.0,0.0,0.0,0.0,0.0,0.0,1.0,0.0,0.0,0.0,9.0,4.0,0.0,0.0,0.0,0.0,0.0,0.0,0.0,0.0,3.0,12.0,1.0,12.14,5.0200000000000005,2.51,1.49,6.1000000000000005,0.0,0.6000000000000001,7.2,0.0,0.2,0.0,0.4,-1.5,0.0,108.0,108.1,0.0,21.4,31.4,31.4,32.0,300.0,300.0,30.700000000000003,34.800000000000004,30.700000000000003,30.200000000000003,32.0,4.96,2.0,4.96,0.16,0.0,0.0,1027.0,8228.0,0.0,0.0,0.0,0.0,0.0,1.0,0.0,0.0,0.0,0.044,0.0,0.5,0.0,0.1,0.0,0.18,16.0,25903.0
2026-07-30T18:59:08.248Z,117.731,117.744,0.0,7.4,0.0,0.0,0.0,0.0,0.0,0.0,0.0,0.0,1.0,0.0,0.0,0.0,9.0,4.0,0.0,0.0,0.0,0.0,0.0,0.0,0.0,0.0,4.0,12.0,1.0,12.14,5.0200000000000005,2.51,1.49,-1.8,6.800000000000001,0.6000000000000001,7.2,0.0,0.2,-0.5,-0.6000000000000001,-11.2,0.0,108.0,182.0,0.0,21.4,31.4,31.4,32.0,300.0,300.0,30.700000000000003,34.800000000000004,30.700000000000003,30.200000000000003,32.0,4.95,2.0,4.96,0.16,0.0,0.0,1027.0,8228.0,0.0,0.0,0.0,0.0,0.0,1.0,0.0,0.0,0.0,0.042,0.0,-0.9,0.0,0.7000000000000001,0.0,0.1792,16.0,25903.0
2026-07-30T18:59:08.260Z,117.743,117.756,0.0,7.4,0.0,0.0,0.0,0.0,0.0,0.0,0.0,0.0,1.0,0.0,0.0,0.0,9.0,4.0,0.0,0.0,0.0,0.0,0.0,0.0,0.0,0.0,5.0,12.0,1.0,12.14,5.0200000000000005,2.51,1.49,-6.9,3.3000000000000003,0.6000000000000001,7.2,0.0,0.2,-0.5,0.4,-0.2,0.0,108.0,257.3,0.0,21.4,31.4,31.4,32.0,300.0,300.0,30.700000000000003,34.800000000000004,30.700000000000003,30.200000000000003,32.0,4.95,1.99,4.97,0.16,0.0,0.0,1027.0,8228.0,0.0,0.0,0.0,0.0,0.0,1.0,0.0,0.0,0.0,0.042,0.0,-0.5,0.0,0.2,0.0,0.1711,16.0,25903.0
2026-07-30T18:59:08.272Z,117.755,117.768,0.0,7.4,0.0,0.0,0.0,0.0,0.0,0.0,0.0,0.0,1.0,0.0,0.0,0.0,9.0,4.0,0.0,0.0,0.0,0.0,0.0,0.0,0.0,0.0,6.0,12.0,1.0,12.14,5.0200000000000005,2.51,1.49,-1.6,-4.7,0.6000000000000001,7.1000000000000005,0.0,-0.8,1.2000000000000002,-1.3,4.4,0.0,108.0,334.1,0.0,21.4,31.4,31.4,32.0,300.0,300.0,30.700000000000003,34.800000000000004,30.700000000000003,30.200000000000003,32.0,4.95,2.0,4.96,0.16,0.0,0.0,1027.0,8228.0,0.0,0.0,0.0,0.0,0.0,1.0,0.0,0.0,0.0,0.043,0.0,0.0,0.0,-1.4,0.0,0.1698,16.0,25903.0
2026-07-30T18:59:08.284Z,117.767,117.78,0.0,7.4,0.0,0.0,0.0,0.0,0.0,0.0,0.0,0.0,1.0,0.0,0.0,0.0,9.0,4.0,0.0,0.0,0.0,0.0,0.0,0.0,0.0,0.0,1.0,12.0,1.0,12.14,5.0200000000000005,2.51,1.49,5.5,-5.7,0.6000000000000001,7.0,0.0,0.8,0.6000000000000001,0.4,3.2,0.0,107.0,46.7,0.0,21.4,31.4,31.4,32.0,300.0,300.0,30.700000000000003,34.800000000000004,30.700000000000003,30.200000000000003,32.0,4.96,1.99,4.96,0.16,0.0,0.0,1027.0,8228.0,0.0,0.0,0.0,0.0,0.0,1.0,0.0,0.0,0.0,0.041,0.0,-0.4,0.0,1.0,0.0,0.1735,16.0,25903.0
2026-07-30T18:59:08.296Z,117.779,117.792,0.0,7.4,0.0,0.0,0.0,0.0,0.0,0.0,0.0,0.0,1.0,0.0,0.0,0.0,9.0,4.0,0.0,0.0,0.0,0.0,0.0,0.0,0.0,0.0,2.0,12.0,1.0,12.14,5.0200000000000005,2.51,1.49,5.0,1.1,0.5,6.9,0.0,-0.2,1.2000000000000002,0.4,-3.0,0.0,107.0,119.5,0.0,21.4,31.4,31.4,32.0,300.0,300.0,30.700000000000003,34.800000000000004,30.700000000000003,30.200000000000003,32.0,4.95,1.99,4.97,0.16,0.0,0.0,1027.0,8228.0,0.0,0.0,0.0,0.0,0.0,1.0,0.0,0.0,0.0,0.041,0.0,1.2000000000000002,0.0,1.3,0.0,0.1672,16.0,25903.0
2026-07-30T18:59:08.308Z,117.791,117.804,0.0,7.4,0.0,0.0,0.0,0.0,0.0,0.0,0.0,0.0,1.0,0.0,0.0,0.0,9.0,4.0,0.0,0.0,0.0,0.0,0.0,0.0,0.0,0.0,4.0,12.0,1.0,12.14,5.0200000000000005,2.51,1.49,-2.1,6.300000000000001,0.5,6.9,0.0,0.9,0.6000000000000001,1.6,-10.7,0.0,106.0,188.7,0.0,21.4,31.4,31.4,32.0,300.0,300.0,30.700000000000003,34.800000000000004,30.700000000000003,30.200000000000003,32.0,4.96,1.99,4.97,0.16,0.0,0.0,1027.0,8228.0,0.0,0.0,0.0,0.0,0.0,1.0,0.0,0.0,0.0,0.039,0.0,1.4,0.0,-1.9,0.0,0.1656,16.0,25903.0
2026-07-30T18:59:08.320Z,117.803,117.816,0.0,7.4,0.0,0.0,0.0,0.0,0.0,0.0,0.0,0.0,1.0,0.0,0.0,0.0,9.0,4.0,0.0,0.0,0.0,0.0,0.0,0.0,0.0,0.0,5.0,12.0,1.0,12.17,5.0200000000000005,2.51,1.49,-6.300000000000001,3.2,0.5,6.800000000000001,0.0,0.3,0.0,-0.1,0.0,0.0,105.0,257.40000000000003,0.0,21.8,31.4,31.4,32.0,300.0,300.0,30.6,34.800000000000004,30.700000000000003,30.200000000000003,32.0,4.96,2.0,4.96,0.16,0.0,0.0,1027.0,8228.0,0.0,0.0,0.0,0.0,0.0,1.0,0.0,0.0,0.0,0.039,0.0,0.1,0.0,0.0,0.0,0.1596,16.0,25903.0
2026-07-30T18:59:08.332Z,117.815,117.828,0.0,7.4,0.0,0.0,0.0,0.0,0.0,0.0,0.0,0.0,1.0,0.0,0.0,0.0,9.0,4.0,0.0,0.0,0.0,0.0,0.0,0.0,0.0,0.0,6.0,12.0,1.0,12.17,5.0200000000000005,2.51,1.49,-2.4000000000000004,-3.6,0.5,6.800000000000001,0.0,-0.2,1.2000000000000002,0.4,5.0,0.0,105.0,323.8,0.0,21.8,31.4,31.4,32.0,300.0,300.0,30.6,34.800000000000004,30.700000000000003,30.200000000000003,32.0,4.96,1.99,4.96,0.16,0.0,0.0,1027.0,8228.0,0.0,0.0,0.0,0.0,0.0,1.0,0.0,0.0,0.0,0.037,0.0,-1.6,0.0,-0.6000000000000001,0.0,0.1563,16.0,25903.0
2026-07-30T18:59:08.344Z,117.827,117.84,0.0,7.4,0.0,0.0,0.0,0.0,0.0,0.0,0.0,0.0,1.0,0.0,0.0,0.0,9.0,4.0,0.0,0.0,0.0,0.0,0.0,0.0,0.0,0.0,2.0,12.0,1.0,12.17,5.0200000000000005,2.51,1.49,4.3,-5.800000000000001,0.5,6.7,0.0,0.8,0.0,-0.1,4.800000000000001,0.0,104.0,31.1,0.0,21.8,31.4,31.4,32.0,300.0,300.0,30.6,34.800000000000004,30.700000000000003,30.200000000000003,32.0,4.95,1.99,4.97,0.16,0.0,0.0,1027.0,8228.0,0.0,0.0,0.0,0.0,0.0,1.0,0.0,0.0,0.0,0.038,0.0,0.0,0.0,0.0,0.0,0.1517,16.0,25903.0
2026-07-30T18:59:08.356Z,117.839,117.852,0.0,7.4,0.0,0.0,0.0,0.0,0.0,0.0,0.0,0.0,1.0,0.0,0.0,0.0,9.0,4.0,0.0,0.0,0.0,0.0,0.0,0.0,0.0,0.0,3.0,12.0,1.0,12.17,5.0200000000000005,2.51,1.49,5.5,-0.9,0.5,6.7,0.0,0.3,-0.4,1.0,-0.3,0.0,103.0,98.9,0.0,21.8,31.4,31.4,32.0,300.0,300.0,30.6,34.800000000000004,30.700000000000003,30.200000000000003,32.0,4.96,2.0,4.96,0.16,0.0,0.0,1027.0,8228.0,0.0,0.0,0.0,0.0,0.0,1.0,0.0,0.0,0.0,0.038,0.0,1.0,0.0,0.0,0.0,0.1525,16.0,25903.0
2026-07-30T18:59:08.368Z,117.851,117.864,0.0,7.4,0.0,0.0,0.0,0.0,0.0,0.0,0.0,0.0,1.0,0.0,0.0,0.0,9.0,4.0,0.0,0.0,0.0,0.0,0.0,0.0,0.0,0.0,4.0,12.0,1.0,12.17,5.0200000000000005,2.51,1.49,0.5,4.7,0.5,6.5,0.0,0.3,0.1,0.5,-9.8,0.0,102.0,161.0,0.0,21.8,31.4,31.4,32.0,300.0,300.0,30.6,34.800000000000004,30.700000000000003,30.200000000000003,32.0,4.96,1.99,4.97,0.16,0.0,0.0,1027.0,8228.0,0.0,0.0,0.0,0.0,0.0,1.0,0.0,0.0,0.0,0.036,0.0,0.6000000000000001,0.0,-0.3,0.0,0.1539,16.0,25903.0
2026-07-30T18:59:08.380Z,117.863,117.876,0.0,7.4,0.0,0.0,0.0,0.0,0.0,0.0,0.0,0.0,1.0,0.0,0.0,0.0,9.0,4.0,0.0,0.0,0.0,0.0,0.0,0.0,0.0,0.0,5.0,12.0,1.0,12.17,5.0200000000000005,2.51,1.49,-4.7,5.2,0.4,6.5,0.0,-0.2,1.2000000000000002,1.6,-4.9,0.0,101.0,221.7,0.0,21.8,31.4,31.4,32.0,300.0,300.0,30.6,34.800000000000004,30.700000000000003,30.200000000000003,32.0,4.95,1.99,4.97,0.16,0.0,0.0,1027.0,8228.0,0.0,0.0,0.0,0.0,0.0,1.0,0.0,0.0,0.0,0.034,0.0,0.7000000000000001,0.0,-2.8000000000000003,0.0,0.145,16.0,25903.0
2026-07-30T18:59:08.392Z,117.875,117.888,0.0,7.4,0.0,0.0,0.0,0.0,0.0,0.0,0.0,0.0,1.0,0.0,0.0,0.0,9.0,4.0,0.0,0.0,0.0,0.0,0.0,0.0,0.0,0.0,6.0,12.0,1.0,12.17,5.0200000000000005,2.51,1.49,-4.800000000000001,0.1,0.5,6.5,0.0,-0.2,-0.4,0.4,3.0,0.0,100.0,287.1,0.0,21.8,31.4,31.4,32.0,300.0,300.0,30.6,34.800000000000004,30.700000000000003,30.200000000000003,32.0,4.96,1.99,4.96,0.16,0.0,0.0,1027.0,8228.0,0.0,0.0,0.0,0.0,0.0,1.0,0.0,0.0,0.0,0.036,0.0,-0.3,0.0,0.4,0.0,0.1388,16.0,25903.0
2026-07-30T18:59:08.404Z,117.887,117.9,0.0,7.4,0.0,0.0,0.0,0.0,0.0,0.0,0.0,0.0,1.0,0.0,0.0,0.0,9.0,4.0,0.0,0.0,0.0,0.0,0.0,0.0,0.0,0.0,2.0,12.0,1.0,12.17,5.0200000000000005,2.51,1.49,0.0,-4.6000000000000005,0.4,6.4,0.0,-0.2,0.0,0.5,5.800000000000001,0.0,99.0,348.90000000000003,0.0,21.8,31.4,31.4,32.0,300.0,300.0,30.6,34.800000000000004,30.700000000000003,30.200000000000003,32.0,4.95,2.0,4.96,0.16,0.0,0.0,1027.0,8228.0,0.0,0.0,0.0,0.0,0.0,1.0,0.0,0.0,0.0,0.035,0.0,-0.5,0.0,0.4,0.0,0.1456,16.0,25903.0
2026-07-30T18:59:08.417Z,117.9,117.912,0.0,7.4,0.0,0.0,0.0,0.0,0.0,0.0,0.0,0.0,1.0,0.0,0.0,0.0,9.0,4.0,0.0,0.0,0.0,0.0,0.0,0.0,0.0,0.0,3.0,12.0,1.0,12.17,5.0200000000000005,2.51,1.5,4.6000000000000005,-4.6000000000000005,0.4,6.300000000000001,0.0,-0.8,0.0,0.0,4.0,0.0,98.0,48.400000000000006,0.0,21.3,31.4,31.4,32.0,300.0,300.0,30.700000000000003,34.800000000000004,30.700000000000003,30.200000000000003,31.9,4.95,1.99,4.97,0.16,0.0,0.0,1027.0,8228.0,0.0,0.0,0.0,0.0,0.0,1.0,0.0,0.0,0.0,0.034,0.0,0.0,0.0,0.0,0.0,0.1427,16.0,25903.0
2026-07-30T18:59:08.428Z,117.911,117.924,0.0,7.4,0.0,0.0,0.0,0.0,0.0,0.0,0.0,0.0,1.0,0.0,0.0,0.0,9.0,4.0,0.0,0.0,0.0,0.0,0.0,0.0,0.0,0.0,4.0,12.0,1.0,12.17,5.0200000000000005,2.51,1.5,4.6000000000000005,0.0,0.4,6.300000000000001,0.0,-0.2,0.0,1.1,-2.0,0.0,97.0,109.1,0.0,21.3,31.4,31.4,32.0,300.0,300.0,30.700000000000003,34.800000000000004,30.700000000000003,30.200000000000003,31.9,4.95,1.99,4.97,0.16,0.0,0.0,1027.0,8228.0,0.0,0.0,0.0,0.0,0.0,1.0,0.0,0.0,0.0,0.034,0.0,1.3,0.0,0.3,0.0,0.1367,16.0,25903.0
2026-07-30T18:59:08.440Z,117.923,117.936,0.0,7.4,0.0,0.0,0.0,0.0,0.0,0.0,0.0,0.0,1.0,0.0,0.0,0.0,9.0,4.0,0.0,0.0,0.0,0.0,0.0,0.0,0.0,0.0,5.0,12.0,1.0,12.17,5.0200000000000005,2.51,1.5,0.2,4.4,0.4,6.2,0.0,-0.2,-0.5,0.5,-11.9,0.0,96.0,165.10000000000002,0.0,21.3,31.4,31.4,32.0,300.0,300.0,30.700000000000003,34.800000000000004,30.700000000000003,30.200000000000003,31.9,4.96,1.99,4.97,0.16,0.0,0.0,1027.0,8228.0,0.0,0.0,0.0,0.0,0.0,1.0,0.0,0.0,0.0,0.032,0.0,-0.1,0.0,-0.5,0.0,0.1374,16.0,25903.0
2026-07-30T18:59:08.452Z,117.935,117.948,0.0,7.4,0.0,0.0,0.0,0.0,0.0,0.0,0.0,0.0,1.0,0.0,0.0,0.0,9.0,4.0,0.0,0.0,0.0,0.0,0.0,0.0,0.0,0.0,1.0,12.0,1.0,12.17,5.0200000000000005,2.51,1.5,-4.0,4.7,0.4,6.2,0.0,1.4,-0.5,-1.2000000000000002,-6.0,0.0,94.0,217.1,0.0,21.3,31.4,31.4,32.0,300.0,300.0,30.700000000000003,34.800000000000004,30.700000000000003,30.200000000000003,31.9,4.95,2.0,4.97,0.16,0.0,0.0,1027.0,8228.0,0.0,0.0,0.0,0.0,0.0,1.0,0.0,0.0,0.0,0.03,0.0,-0.3,0.0,1.8,0.0,0.1305,16.0,25903.0
2026-07-30T18:59:08.464Z,117.947,117.96,0.0,7.4,0.0,0.0,0.0,0.0,0.0,0.0,0.0,0.0,1.0,0.0,0.0,0.0,9.0,4.0,0.0,0.0,0.0,0.0,0.0,0.0,0.0,0.0,2.0,12.0,1.0,12.17,5.0200000000000005,2.51,1.5,-4.7,1.1,0.4,6.1000000000000005,0.0,0.2,1.1,0.0,2.6,0.0,93.0,275.0,0.0,21.3,31.4,31.4,32.0,300.0,300.0,30.700000000000003,34.800000000000004,30.700000000000003,30.200000000000003,31.9,4.95,1.99,4.96,0.16,0.0,0.0,1027.0,8228.0,0.0,0.0,0.0,0.0,0.0,1.0,0.0,0.0,0.0,0.032,0.0,-0.5,0.0,-0.8,0.0,0.1213,16.0,25903.0
2026-07-30T18:59:08.476Z,117.959,117.972,0.0,7.4,0.0,0.0,0.0,0.0,0.0,0.0,0.0,0.0,1.0,0.0,0.0,0.0,9.0,4.0,0.0,0.0,0.0,0.0,0.0,0.0,0.0,0.0,2.0,12.0,1.0,12.17,5.0200000000000005,2.51,1.5,-1.5,-3.1,0.4,6.1000000000000005,0.0,0.2,1.1,0.0,6.7,0.0,91.0,328.0,0.0,21.3,31.4,31.4,32.0,300.0,300.0,30.700000000000003,34.800000000000004,30.700000000000003,30.200000000000003,31.9,4.96,2.0,4.96,0.16,0.0,0.0,1027.0,8228.0,0.0,0.0,0.0,0.0,0.0,1.0,0.0,0.0,0.0,0.03,0.0,0.6000000000000001,0.0,-0.3,0.0,0.1281,16.0,25903.0
2026-07-30T18:59:08.488Z,117.971,117.984,0.0,7.4,0.0,0.0,0.0,0.0,0.0,0.0,0.0,0.0,1.0,0.0,0.0,0.0,9.0,4.0,0.0,0.0,0.0,0.0,0.0,0.0,0.0,0.0,3.0,12.0,1.0,12.17,5.0200000000000005,2.51,1.5,2.5,-4.5,0.3,6.0,0.0,-0.2,-0.5,0.0,6.6000000000000005,0.0,90.0,19.4,0.0,21.3,31.4,31.4,32.0,300.0,300.0,30.700000000000003,34.800000000000004,30.700000000000003,30.200000000000003,31.9,4.95,2.0,4.96,0.16,0.0,0.0,1027.0,8228.0,0.0,0.0,0.0,0.0,0.0,1.0,0.0,0.0,0.0,0.029,0.0,-0.1,0.0,0.5,0.0,0.1237,16.0,25903.0
2026-07-30T18:59:08.500Z,117.983,117.996,0.0,7.4,0.0,0.0,0.0,0.0,0.0,0.0,0.0,0.0,1.0,0.0,0.0,0.0,9.0,4.0,0.0,0.0,0.0,0.0,0.0,0.0,0.0,0.0,4.0,12.0,1.0,12.17,5.0200000000000005,2.51,1.5,4.4,-2.6,0.3,5.9,0.0,0.3,-1.1,-0.1,2.8000000000000003,0.0,89.0,71.5,0.0,21.3,31.4,31.4,32.0,300.0,300.0,30.700000000000003,34.800000000000004,30.700000000000003,30.200000000000003,31.9,4.95,1.99,4.97,0.16,0.0,0.0,1027.0,8228.0,0.0,0.0,0.0,0.0,0.0,1.0,0.0,0.0,0.0,0.029,0.0,-0.1,0.0,-1.8,0.0,0.1181,16.0,25903.0
2026-07-30T18:59:08.512Z,117.995,118.008,0.0,7.4,0.0,0.0,0.0,0.0,0.0,0.0,0.0,0.0,1.0,0.0,0.0,0.0,9.0,4.0,0.0,0.0,0.0,0.0,0.0,0.0,0.0,0.0,5.0,12.0,1.0,12.17,5.0200000000000005,2.51,1.5,3.3000000000000003,1.0,0.3,5.9,0.0,-0.8,-0.5,0.0,-4.5,0.0,88.0,122.3,0.0,21.3,31.4,31.4,32.0,300.0,300.0,30.700000000000003,34.800000000000004,30.700000000000003,30.200000000000003,31.9,4.95,2.0,4.96,0.16,0.0,0.0,1027.0,8228.0,0.0,0.0,0.0,0.0,0.0,1.0,0.0,0.0,0.0,0.029,0.0,-0.4,0.0,-0.5,0.0,0.1179,16.0,25903.0
2026-07-30T18:59:08.527Z,118.01,118.02,0.0,7.4,0.0,0.0,0.0,0.0,0.0,0.0,0.0,0.0,1.0,0.0,0.0,0.0,9.0,4.0,0.0,0.0,0.0,0.0,0.0,0.0,0.0,0.0,6.0,12.0,1.0,12.18,5.01,2.51,1.49,-0.4,4.5,0.3,5.9,0.0,0.8,0.0,-0.7000000000000001,-14.8,0.0,86.0,168.60000000000002,0.0,21.8,31.4,31.4,32.0,300.0,300.0,30.700000000000003,34.800000000000004,30.700000000000003,30.200000000000003,31.9,4.96,2.0,4.96,0.16,0.0,0.0,1027.0,8228.0,0.0,0.0,0.0,0.0,0.0,1.0,0.0,0.0,0.0,0.027,0.0,-0.5,0.0,0.6000000000000001,0.0,0.1166,16.0,25903.0
2026-07-30T18:59:08.538Z,118.021,118.032,0.0,7.4,0.0,0.0,0.0,0.0,0.0,0.0,0.0,0.0,1.0,0.0,0.0,0.0,9.0,4.0,0.0,0.0,0.0,0.0,0.0,0.0,0.0,0.0,5.0,12.0,1.0,12.18,5.01,2.51,1.49,-4.7,4.6000000000000005,0.3,5.800000000000001,0.0,-0.2,0.0,-0.7000000000000001,-7.4,0.0,85.0,220.2,0.0,21.8,31.4,31.4,32.0,300.0,300.0,30.700000000000003,34.800000000000004,30.700000000000003,30.200000000000003,31.9,4.95,2.0,4.97,0.16,0.0,0.0,1027.0,8228.0,0.0,0.0,0.0,0.0,0.0,1.0,0.0,0.0,0.0,0.028,0.0,0.1,0.0,0.8,0.0,0.108,16.0,25903.0
2026-07-30T18:59:08.548Z,118.031,118.044,0.0,7.4,0.0,0.0,0.0,0.0,0.0,0.0,0.0,0.0,1.0,0.0,0.0,0.0,9.0,4.0,0.0,0.0,0.0,0.0,0.0,0.0,0.0,0.0,4.0,12.0,1.0,12.18,5.01,2.51,1.49,-5.0,-0.2,0.4,5.7,0.0,-0.2,0.6000000000000001,0.4,0.8,0.0,85.0,287.1,0.0,21.8,31.4,31.4,32.0,300.0,300.0,30.700000000000003,34.800000000000004,30.700000000000003,30.200000000000003,31.9,4.96,1.99,4.97,0.16,0.0,0.0,1027.0,8228.0,0.0,0.0,0.0,0.0,0.0,1.0,0.0,0.0,0.0,0.035,0.0,-0.7000000000000001,0.0,-0.8,0.0,0.113,16.0,25903.0
2026-07-30T18:59:08.560Z,118.043,118.056,0.0,7.4,0.0,0.0,0.0,0.0,0.0,0.0,0.0,0.0,1.0,0.0,0.0,0.0,9.0,4.0,0.0,0.0,0.0,0.0,0.0,0.0,0.0,0.0,5.0,12.0,1.0,12.18,5.01,2.51,1.49,1.1,-6.1000000000000005,0.5,5.800000000000001,0.0,-0.2,0.0,-1.3,3.3000000000000003,0.0,86.0,358.6,0.0,21.8,31.4,31.4,32.0,300.0,300.0,30.700000000000003,34.800000000000004,30.700000000000003,30.200000000000003,31.9,4.96,2.0,4.97,0.16,0.0,0.0,1027.0,8228.0,0.0,0.0,0.0,0.0,0.0,1.0,0.0,0.0,0.0,0.039,0.0,0.7000000000000001,0.0,-1.3,0.0,0.1405,16.0,25903.0
2026-07-30T18:59:08.572Z,118.055,118.068,0.0,7.4,0.0,0.0,0.0,0.0,0.0,0.0,0.0,0.0,1.0,0.0,0.0,0.0,9.0,4.0,0.0,0.0,0.0,0.0,0.0,0.0,0.0,0.0,1.0,12.0,1.0,12.18,5.01,2.51,1.49,7.1000000000000005,-3.9,0.5,6.6000000000000005,0.0,-0.2,0.6000000000000001,0.9,0.4,0.0,87.0,72.4,0.0,21.8,31.4,31.4,32.0,300.0,300.0,30.700000000000003,34.800000000000004,30.700000000000003,30.200000000000003,31.9,4.95,1.99,4.97,0.16,0.0,0.0,1027.0,8228.0,0.0,0.0,0.0,0.0,0.0,1.0,0.0,0.0,0.0,0.041,0.0,0.5,0.0,1.5,0.0,0.1588,16.0,25903.0
2026-07-30T18:59:08.584Z,118.067,118.08,0.0,7.4,0.0,0.0,0.0,0.0,0.0,0.0,0.0,0.0,1.0,0.0,0.0,0.0,9.0,4.0,0.0,0.0,0.0,0.0,0.0,0.0,0.0,0.0,2.0,12.0,1.0,12.18,5.01,2.51,1.49,1.6,5.800000000000001,0.5,7.300000000000001,0.0,-0.8,-0.5,-1.3,-8.1,0.0,89.0,155.10000000000002,0.0,21.8,31.4,31.4,32.0,300.0,300.0,30.700000000000003,34.800000000000004,30.700000000000003,30.200000000000003,31.9,4.95,1.99,4.97,0.16,0.0,0.0,1027.0,8228.0,0.0,0.0,0.0,0.0,0.0,1.0,0.0,0.0,0.0,0.045,0.0,-1.8,0.0,0.6000000000000001,0.0,0.1647,16.0,25903.0
2026-07-30T18:59:08.596Z,118.079,118.092,0.0,7.4,0.0,0.0,0.0,0.0,0.0,0.0,0.0,0.0,1.0,0.0,0.0,0.0,9.0,4.0,0.0,0.0,0.0,0.0,0.0,0.0,0.0,0.0,3.0,12.0,1.0,12.18,5.01,2.51,1.49,-8.1,5.9,0.5,7.7,0.0,-0.8,-1.7000000000000002,-1.3,-4.0,0.0,90.0,235.0,0.0,21.8,31.4,31.4,32.0,300.0,300.0,30.700000000000003,34.800000000000004,30.700000000000003,30.200000000000003,31.9,4.96,1.99,4.96,0.16,0.0,0.0,1027.0,8228.0,0.0,0.0,0.0,0.0,0.0,1.0,0.0,0.0,0.0,0.045,0.0,-0.4,0.0,3.0,0.0,0.1829,16.0,25903.0
2026-07-30T18:59:08.608Z,118.091,118.104,0.0,7.4,0.0,0.0,0.0,0.0,0.0,0.0,0.0,0.0,1.0,0.0,0.0,0.0,9.0,4.0,0.0,0.0,0.0,0.0,0.0,0.0,0.0,0.0,5.0,12.0,1.0,12.18,5.01,2.51,1.49,-1.5,-6.7,0.7000000000000001,8.3,0.0,-0.8,0.6000000000000001,0.3,1.5,0.0,93.0,335.1,0.0,21.8,31.4,31.4,32.0,300.0,300.0,30.700000000000003,34.800000000000004,30.700000000000003,30.200000000000003,31.9,4.96,1.99,4.97,0.16,0.0,0.0,1027.0,8228.0,0.0,0.0,0.0,0.0,0.0,1.0,0.0,0.0,0.0,0.053,0.0,-0.9,0.0,0.0,0.0,0.1801,16.0,25903.0
2026-07-30T18:59:08.621Z,118.104,118.116,0.0,7.4,0.0,0.0,0.0,0.0,0.0,0.0,0.0,0.0,1.0,0.0,0.0,0.0,9.0,4.0,0.0,0.0,0.0,0.0,0.0,0.0,0.0,0.0,1.0,12.0,1.0,12.18,5.01,2.5,1.5,8.8,-4.5,0.7000000000000001,8.5,0.0,-0.2,1.1,-0.7000000000000001,-0.5,0.0,97.0,74.3,0.0,21.200000000000003,31.4,31.4,32.0,300.0,300.0,30.9,34.800000000000004,30.700000000000003,30.200000000000003,31.9,4.95,1.99,4.97,0.16,0.0,0.0,1027.0,8228.0,0.0,0.0,0.0,0.0,0.0,1.0,0.0,0.0,0.0,0.055,0.0,-0.9,0.0,0.6000000000000001,0.0,0.2123,16.0,25903.0
2026-07-30T18:59:08.632Z,118.115,118.128,0.0,7.4,0.0,0.0,0.0,0.0,0.0,0.0,0.0,0.0,1.0,0.0,0.0,0.0,9.0,4.0,0.0,0.0,0.0,0.0,0.0,0.0,0.0,0.0,2.0,12.0,1.0,12.18,5.01,2.5,1.5,-0.6000000000000001,7.9,0.7000000000000001,8.4,0.0,0.3,-0.5,1.0,-9.5,0.0,99.0,169.0,0.0,21.200000000000003,31.4,31.4,32.0,300.0,300.0,30.9,34.800000000000004,30.700000000000003,30.200000000000003,31.9,4.96,1.99,4.96,0.16,0.0,0.0,1027.0,8228.0,0.0,0.0,0.0,0.0,0.0,1.0,0.0,0.0,0.0,0.054,0.0,0.1,0.0,-0.9,0.0,0.2234,16.0,25903.0
2026-07-30T18:59:08.644Z,118.127,118.14,0.0,7.4,0.0,0.0,0.0,0.0,0.0,0.0,0.0,0.0,1.0,0.0,0.0,0.0,9.0,4.0,0.0,0.0,0.0,0.0,0.0,0.0,0.0,0.0,3.0,12.0,1.0,12.18,5.01,2.5,1.5,-8.6,3.0,0.7000000000000001,8.4,0.0,0.4,-0.5,-0.1,-1.8,0.0,101.0,262.1,0.0,21.200000000000003,31.4,31.4,32.0,300.0,300.0,30.9,34.800000000000004,30.700000000000003,30.200000000000003,31.9,4.95,1.99,4.98,0.16,0.0,0.0,1027.0,8228.0,0.0,0.0,0.0,0.0,0.0,1.0,0.0,0.0,0.0,0.052,0.0,0.0,0.0,0.7000000000000001,0.0,0.2182,16.0,25903.0
2026-07-30T18:59:08.656Z,118.139,118.152,0.0,7.4,0.0,0.0,0.0,0.0,0.0,0.0,0.0,0.0,1.0,0.0,0.0,0.0,9.0,4.0,0.0,0.0,0.0,0.0,0.0,0.0,0.0,0.0,4.0,12.0,1.0,12.18,5.01,2.5,1.5,1.9,-8.200000000000001,0.8,8.3,0.0,-0.2,-0.5,-1.3,1.4,0.0,104.0,3.6,0.0,21.200000000000003,31.4,31.4,32.0,300.0,300.0,30.9,34.800000000000004,30.700000000000003,30.200000000000003,31.9,4.95,1.99,4.97,0.16,0.0,0.0,1027.0,8228.0,0.0,0.0,0.0,0.0,0.0,1.0,0.0,0.0,0.0,0.057,0.0,1.3,0.0,-1.4,0.0,0.2096,16.0,25903.0
2026-07-30T18:59:08.668Z,118.151,118.164,0.0,7.4,0.0,0.0,0.0,0.0,0.0,0.0,0.0,0.0,1.0,0.0,0.0,0.0,9.0,4.0,0.0,0.0,0.0,0.0,0.0,0.0,0.0,0.0,6.0,12.0,1.0,12.18,5.01,2.5,1.5,8.1,-1.7000000000000002,0.7000000000000001,8.3,0.0,0.3,-0.5,-0.1,-2.1,0.0,106.0,92.2,0.0,21.200000000000003,31.4,31.4,32.0,300.0,300.0,30.9,34.800000000000004,30.700000000000003,30.200000000000003,31.9,4.96,2.0,4.97,0.16,0.0,0.0,1027.0,8228.0,0.0,0.0,0.0,0.0,0.0,1.0,0.0,0.0,0.0,0.051,0.0,-0.1,0.0,-0.7000000000000001,0.0,0.228,16.0,25903.0
2026-07-30T18:59:08.680Z,118.163,118.176,0.0,7.4,0.0,0.0,0.0,0.0,0.0,0.0,0.0,0.0,1.0,0.0,0.0,0.0,9.0,4.0,0.0,0.0,0.0,0.0,0.0,0.0,0.0,0.0,1.0,12.0,1.0,12.18,5.01,2.5,1.5,-2.6,8.200000000000001,0.7000000000000001,8.200000000000001,0.0,-0.8,-1.1,-1.2000000000000002,-10.5,0.0,108.0,185.2,0.0,21.200000000000003,31.4,31.4,32.0,300.0,300.0,30.9,34.800000000000004,30.700000000000003,30.200000000000003,31.9,4.96,2.0,4.96,0.16,0.0,0.0,1027.0,8228.0,0.0,0.0,0.0,0.0,0.0,1.0,0.0,0.0,0.0,0.052,0.0,-1.9,0.0,1.4,0.0,0.2075,16.0,25903.0
2026-07-30T18:59:08.692Z,118.175,118.188,0.0,7.4,0.0,0.0,0.0,0.0,0.0,0.0,0.0,0.0,1.0,0.0,0.0,0.0,9.0,4.0,0.0,0.0,0.0,0.0,0.0,0.0,0.0,0.0,2.0,12.0,1.0,12.18,5.01,2.5,1.5,-7.800000000000001,1.6,0.7000000000000001,8.1,0.0,0.3,0.0,0.4,-0.2,0.0,109.0,273.6,0.0,21.200000000000003,31.4,31.4,32.0,300.0,300.0,30.9,34.800000000000004,30.700000000000003,30.200000000000003,31.9,4.95,1.99,4.96,0.16,0.0,0.0,1027.0,8228.0,0.0,0.0,0.0,0.0,0.0,1.0,0.0,0.0,0.0,0.05,0.0,-0.5,0.0,-0.2,0.0,0.2108,16.0,25903.0
2026-07-30T18:59:08.704Z,118.187,118.2,0.0,7.4,0.0,0.0,0.0,0.0,0.0,0.0,0.0,0.0,1.0,0.0,0.0,0.0,9.0,4.0,0.0,0.0,0.0,0.0,0.0,0.0,0.0,0.0,3.0,12.0,1.0,12.18,5.01,2.5,1.5,2.4000000000000004,-7.800000000000001,0.7000000000000001,8.0,0.0,0.3,-0.5,0.0,2.5,0.0,110.0,6.0,0.0,21.200000000000003,31.4,31.4,32.0,300.0,300.0,30.9,34.800000000000004,30.700000000000003,30.200000000000003,31.9,4.95,1.99,4.96,0.16,0.0,0.0,1027.0,8228.0,0.0,0.0,0.0,0.0,0.0,1.0,0.0,0.0,0.0,0.052,0.0,0.6000000000000001,0.0,-0.1,0.0,0.2019,16.0,25903.0
2026-07-30T18:59:08.716Z,118.199,118.212,0.0,7.4,0.0,0.0,0.0,0.0,0.0,0.0,0.0,0.0,1.0,0.0,0.0,0.0,9.0,4.0,0.0,0.0,0.0,0.0,0.0,0.0,0.0,0.0,4.0,12.0,1.0,12.18,5.01,2.5,1.5,7.7,-1.7000000000000002,0.7000000000000001,7.9,0.0,0.3,0.0,0.0,-1.3,0.0,111.0,93.4,0.0,21.200000000000003,31.4,31.4,32.0,300.0,300.0,30.9,34.800000000000004,30.700000000000003,30.200000000000003,31.9,4.96,2.0,4.96,0.16,0.0,0.0,1027.0,8228.0,0.0,0.0,0.0,0.0,0.0,1.0,0.0,0.0,0.0,0.05,0.0,0.0,0.0,0.0,0.0,0.2096,16.0,25903.0
2026-07-30T18:59:08.728Z,118.211,118.224,0.0,7.4,0.0,0.0,0.0,0.0,0.0,0.0,0.0,0.0,1.0,0.0,0.0,0.0,9.0,4.0,0.0,0.0,0.0,0.0,0.0,0.0,0.0,0.0,6.0,12.0,1.0,12.15,5.0200000000000005,2.51,1.49,-1.7000000000000002,7.6,0.7000000000000001,7.9,0.0,0.2,0.6000000000000001,0.0,-11.1,0.0,112.0,178.4,0.0,21.8,31.4,31.4,32.0,300.0,300.0,30.9,34.800000000000004,30.700000000000003,30.200000000000003,31.9,4.95,2.0,4.97,0.16,0.0,0.0,1027.0,8228.0,0.0,0.0,0.0,0.0,0.0,1.0,0.0,0.0,0.0,0.048,0.0,0.7000000000000001,0.0,0.0,0.0,0.2001,16.0,25903.0
2026-07-30T18:59:08.740Z,118.223,118.236,0.0,7.4,0.0,0.0,0.0,0.0,0.0,0.0,0.0,0.0,1.0,0.0,0.0,0.0,9.0,4.0,0.0,0.0,0.0,0.0,0.0,0.0,0.0,0.0,1.0,12.0,1.0,12.15,5.0200000000000005,2.51,1.49,-7.7,2.9000000000000004,0.7000000000000001,7.800000000000001,0.0,-0.8,-0.5,-0.6000000000000001,-0.8,0.0,112.0,264.40000000000003,0.0,21.8,31.4,31.4,32.0,300.0,300.0,30.9,34.800000000000004,30.700000000000003,30.200000000000003,31.9,4.95,1.99,4.97,0.16,0.0,0.0,1027.0,8228.0,0.0,0.0,0.0,0.0,0.0,1.0,0.0,0.0,0.0,0.048,0.0,0.4,0.0,1.0,0.0,0.1952,16.0,25903.0
2026-07-30T18:59:08.752Z,118.235,118.248,0.0,7.4,0.0,0.0,0.0,0.0,0.0,0.0,0.0,0.0,1.0,0.0,0.0,0.0,9.0,4.0,0.0,0.0,0.0,0.0,0.0,0.0,0.0,0.0,3.0,12.0,1.0,12.15,5.0200000000000005,2.51,1.49,0.4,-6.7,0.7000000000000001,7.7,0.0,-0.3,1.1,1.7000000000000002,2.8000000000000003,0.0,113.0,352.6,0.0,21.8,31.4,31.4,32.0,300.0,300.0,30.9,34.800000000000004,30.700000000000003,30.200000000000003,31.9,4.95,1.99,4.96,0.16,0.0,0.0,1027.0,8228.0,0.0,0.0,0.0,0.0,0.0,1.0,0.0,0.0,0.0,0.049,0.0,-2.5,0.0,1.4,0.0,0.1936,16.0,25903.0
2026-07-30T18:59:08.764Z,118.247,118.26,0.0,7.4,0.0,0.0,0.0,0.0,0.0,0.0,0.0,0.0,1.0,0.0,0.0,0.0,9.0,4.0,0.0,0.0,0.0,0.0,0.0,0.0,0.0,0.0,3.0,12.0,1.0,12.15,5.0200000000000005,2.51,1.49,7.5,-4.1000000000000005,0.7000000000000001,7.7,0.0,-0.3,0.0,-1.1,0.2,0.0,113.0,74.0,0.0,21.8,31.4,31.4,32.0,300.0,300.0,30.9,34.800000000000004,30.700000000000003,30.200000000000003,31.9,4.96,1.99,4.96,0.16,0.0,0.0,1027.0,8228.0,0.0,0.0,0.0,0.0,0.0,1.0,0.0,0.0,0.0,0.047,0.0,-0.9,0.0,-0.9,0.0,0.1995,16.0,25903.0
2026-07-30T18:59:08.776Z,118.259,118.272,0.0,7.4,0.0,0.0,0.0,0.0,0.0,0.0,0.0,0.0,1.0,0.0,0.0,0.0,9.0,4.0,0.0,0.0,0.0,0.0,0.0,0.0,0.0,0.0,4.0,12.0,1.0,12.15,5.0200000000000005,2.51,1.49,1.3,5.7,0.7000000000000001,7.7,0.0,-0.3,0.5,0.0,-8.3,0.0,113.0,157.70000000000002,0.0,21.8,31.4,31.4,32.0,300.0,300.0,30.9,34.800000000000004,30.700000000000003,30.200000000000003,31.9,4.95,1.99,4.97,0.16,0.0,0.0,1027.0,8228.0,0.0,0.0,0.0,0.0,0.0,1.0,0.0,0.0,0.0,0.047,0.0,0.5,0.0,0.2,0.0,0.1885,16.0,25903.0
2026-07-30T18:59:08.788Z,118.271,118.284,0.0,7.4,0.0,0.0,0.0,0.0,0.0,0.0,0.0,0.0,1.0,0.0,0.0,0.0,9.0,4.0,0.0,0.0,0.0,0.0,0.0,0.0,0.0,0.0,5.0,12.0,1.0,12.15,5.0200000000000005,2.51,1.49,-6.9,5.7,0.6000000000000001,7.5,0.0,-0.3,-0.6000000000000001,0.0,-2.9000000000000004,0.0,113.0,235.5,0.0,21.8,31.4,31.4,32.0,300.0,300.0,30.9,34.800000000000004,30.700000000000003,30.200000000000003,31.9,4.96,2.0,4.96,0.16,0.0,0.0,1027.0,8228.0,0.0,0.0,0.0,0.0,0.0,1.0,0.0,0.0,0.0,0.045,0.0,-0.4,0.0,0.6000000000000001,0.0,0.1894,16.0,25903.0
2026-07-30T18:59:08.800Z,118.283,118.296,0.0,7.4,0.0,0.0,0.0,0.0,0.0,0.0,0.0,0.0,1.0,0.0,0.0,0.0,9.0,4.0,0.0,0.0,0.0,0.0,0.0,0.0,0.0,0.0,6.0,12.0,1.0,12.15,5.0200000000000005,2.51,1.49,-3.8,-3.3000000000000003,0.6000000000000001,7.5,0.0,-0.8,0.0,1.2000000000000002,3.4000000000000004,0.0,113.0,315.5,0.0,21.8,31.4,31.4,32.0,300.0,300.0,30.9,34.800000000000004,30.700000000000003,30.200000000000003,31.9,4.96,2.0,4.97,0.16,0.0,0.0,1027.0,8228.0,0.0,0.0,0.0,0.0,0.0,1.0,0.0,0.0,0.0,0.045,0.0,-1.3,0.0,0.3,0.0,0.1809,16.0,25903.0
2026-07-30T18:59:08.812Z,118.295,118.308,0.0,7.4,0.0,0.0,0.0,0.0,0.0,0.0,0.0,0.0,1.0,0.0,0.0,0.0,9.0,4.0,0.0,0.0,0.0,0.0,0.0,0.0,0.0,0.0,1.0,12.0,1.0,12.15,5.0200000000000005,2.51,1.49,5.300000000000001,-6.800000000000001,0.6000000000000001,7.4,0.0,-0.2,0.6000000000000001,0.5,3.4000000000000004,0.0,113.0,34.9,0.0,21.8,31.4,31.4,32.0,300.0,300.0,30.9,34.800000000000004,30.700000000000003,30.200000000000003,31.9,4.95,1.99,4.97,0.16,0.0,0.0,1027.0,8228.0,0.0,0.0,0.0,0.0,0.0,1.0,0.0,0.0,0.0,0.045,0.0,-0.5,0.0,1.0,0.0,0.1802,16.0,25903.0
2026-07-30T18:59:08.825Z,118.308,118.32,0.0,7.4,0.0,0.0,0.0,0.0,0.0,0.0,0.0,0.0,1.0,0.0,0.0,0.0,9.0,4.0,0.0,0.0,0.0,0.0,0.0,0.0,0.0,0.0,2.0,12.0,1.0,12.17,5.0200000000000005,2.51,1.49,5.800000000000001,0.5,0.6000000000000001,7.300000000000001,0.0,-0.2,0.6000000000000001,0.0,-2.2,0.0,112.0,112.9,0.0,21.0,31.4,31.4,32.0,300.0,300.0,30.700000000000003,34.7,30.700000000000003,30.200000000000003,31.9,4.96,1.99,4.97,0.16,0.0,0.0,1027.0,8228.0,0.0,0.0,0.0,0.0,0.0,1.0,0.0,0.0,0.0,0.044,0.0,0.3,0.0,0.6000000000000001,0.0,0.1806,16.0,25903.0
2026-07-30T18:59:08.844Z,118.327,118.332,0.0,7.4,0.0,0.0,0.0,0.0,0.0,0.0,0.0,0.0,1.0,0.0,0.0,0.0,9.0,4.0,0.0,0.0,0.0,0.0,0.0,0.0,0.0,0.0,3.0,12.0,1.0,12.17,5.0200000000000005,2.51,1.49,-2.4000000000000004,6.9,0.6000000000000001,7.2,0.0,0.3,-1.0,-0.5,-10.6,0.0,112.0,186.4,0.0,21.0,31.4,31.4,32.0,300.0,300.0,30.700000000000003,34.7,30.700000000000003,30.200000000000003,31.9,4.96,2.0,4.96,0.16,0.0,0.0,1027.0,8228.0,0.0,0.0,0.0,0.0,0.0,1.0,0.0,0.0,0.0,0.042,0.0,-1.5,0.0,0.7000000000000001,0.0,0.178,16.0,25903.0
2026-07-30T18:59:08.852Z,118.335,118.344,0.0,7.4,0.0,0.0,0.0,0.0,0.0,0.0,0.0,0.0,1.0,0.0,0.0,0.0,9.0,4.0,0.0,0.0,0.0,0.0,0.0,0.0,0.0,0.0,3.0,12.0,1.0,12.17,5.0200000000000005,2.51,1.49,-6.800000000000001,2.9000000000000004,0.6000000000000001,7.2,0.0,0.3,1.2000000000000002,1.2000000000000002,0.0,0.0,111.0,261.7,0.0,21.0,31.4,31.4,32.0,300.0,300.0,30.700000000000003,34.7,30.700000000000003,30.200000000000003,31.9,4.96,2.0,4.97,0.15,0.0,0.0,1027.0,8228.0,0.0,0.0,0.0,0.0,0.0,1.0,0.0,0.0,0.0,0.042,0.0,-0.9,0.0,-2.3000000000000003,0.0,0.17,16.0,25903.0
2026-07-30T18:59:08.860Z,118.343,118.356,0.0,7.4,0.0,0.0,0.0,0.0,0.0,0.0,0.0,0.0,1.0,0.0,0.0,0.0,9.0,4.0,0.0,0.0,0.0,0.0,0.0,0.0,0.0,0.0,1.0,12.0,1.0,12.17,5.0200000000000005,2.51,1.49,-1.3,-4.9,0.6000000000000001,7.1000000000000005,0.0,-0.2,-0.5,-0.5,4.3,0.0,111.0,338.0,0.0,21.0,31.4,31.4,32.0,300.0,300.0,30.700000000000003,34.7,30.700000000000003,30.200000000000003,31.9,4.95,1.99,4.97,0.16,0.0,0.0,1027.0,8228.0,0.0,0.0,0.0,0.0,0.0,1.0,0.0,0.0,0.0,0.043,0.0,1.0,0.0,-0.1,0.0,0.1696,16.0,25903.0
2026-07-30T18:59:08.872Z,118.355,118.368,0.0,7.4,0.0,0.0,0.0,0.0,0.0,0.0,0.0,0.0,1.0,0.0,0.0,0.0,9.0,4.0,0.0,0.0,0.0,0.0,0.0,0.0,0.0,0.0,2.0,12.0,1.0,12.17,5.0200000000000005,2.51,1.49,5.800000000000001,-5.5,0.6000000000000001,7.0,0.0,-0.1,0.0,1.8,2.9000000000000004,0.0,110.0,50.400000000000006,0.0,21.0,31.4,31.4,32.0,300.0,300.0,30.700000000000003,34.7,30.700000000000003,30.200000000000003,31.9,4.96,1.99,4.97,0.16,0.0,0.0,1027.0,8228.0,0.0,0.0,0.0,0.0,0.0,1.0,0.0,0.0,0.0,0.041,0.0,0.6000000000000001,0.0,2.0,0.0,0.1727,16.0,25903.0
2026-07-30T18:59:08.884Z,118.367,118.38,0.0,7.4,0.0,0.0,0.0,0.0,0.0,0.0,0.0,0.0,1.0,0.0,0.0,0.0,9.0,4.0,0.0,0.0,0.0,0.0,0.0,0.0,0.0,0.0,3.0,12.0,1.0,12.17,5.0200000000000005,2.51,1.49,4.7,1.4,0.6000000000000001,7.0,0.0,1.0,-0.5,0.7000000000000001,-3.6,0.0,109.0,122.8,0.0,21.0,31.4,31.4,32.0,300.0,300.0,30.700000000000003,34.7,30.700000000000003,30.200000000000003,31.9,4.96,1.99,4.96,0.16,0.0,0.0,1027.0,8228.0,0.0,0.0,0.0,0.0,0.0,1.0,0.0,0.0,0.0,0.041,0.0,0.5,0.0,-0.5,0.0,0.1665,16.0,25903.0
2026-07-30T18:59:08.896Z,118.379,118.392,0.0,7.4,0.0,0.0,0.0,0.0,0.0,0.0,0.0,0.0,1.0,0.0,0.0,0.0,9.0,4.0,0.0,0.0,0.0,0.0,0.0,0.0,0.0,0.0,3.0,12.0,1.0,12.17,5.0200000000000005,2.51,1.49,-2.5,6.4,0.5,6.9,0.0,0.4,0.6000000000000001,0.1,-10.3,0.0,109.0,191.6,0.0,21.0,31.4,31.4,32.0,300.0,300.0,30.700000000000003,34.7,30.700000000000003,30.200000000000003,31.9,4.96,1.99,4.97,0.16,0.0,0.0,1027.0,8228.0,0.0,0.0,0.0,0.0,0.0,1.0,0.0,0.0,0.0,0.039,0.0,0.8,0.0,-0.3,0.0,0.165,16.0,25903.0
2026-07-30T18:59:08.908Z,118.391,118.404,0.0,7.4,0.0,0.0,0.0,0.0,0.0,0.0,0.0,0.0,1.0,0.0,0.0,0.0,9.0,4.0,0.0,0.0,0.0,0.0,0.0,0.0,0.0,0.0,4.0,12.0,1.0,12.17,5.0200000000000005,2.51,1.49,-6.300000000000001,2.9000000000000004,0.5,6.9,0.0,-0.1,0.6000000000000001,0.7000000000000001,0.1,0.0,108.0,260.1,0.0,21.0,31.4,31.4,32.0,300.0,300.0,30.700000000000003,34.7,30.700000000000003,30.200000000000003,31.9,4.95,1.99,4.97,0.16,0.0,0.0,1027.0,8228.0,0.0,0.0,0.0,0.0,0.0,1.0,0.0,0.0,0.0,0.038,0.0,-0.5,0.0,-1.3,0.0,0.1588,16.0,25903.0
2026-07-30T18:59:08.920Z,118.403,118.416,0.0,7.4,0.0,0.0,0.0,0.0,0.0,0.0,0.0,0.0,1.0,0.0,0.0,0.0,9.0,4.0,0.0,0.0,0.0,0.0,0.0,0.0,0.0,0.0,5.0,12.0,1.0,12.17,5.0200000000000005,2.51,1.49,-2.1,-3.8,0.5,6.800000000000001,0.0,-0.1,-1.0,-1.6,4.9,0.0,106.0,326.5,0.0,21.0,31.4,31.4,32.0,300.0,300.0,30.700000000000003,34.7,30.700000000000003,30.200000000000003,31.9,4.96,1.99,4.96,0.16,0.0,0.0,1027.0,8228.0,0.0,0.0,0.0,0.0,0.0,1.0,0.0,0.0,0.0,0.037,0.0,2.6,0.0,-0.1,0.0,0.1558,16.0,25903.0
2026-07-30T18:59:08.932Z,118.415,118.428,0.0,7.4,0.0,0.0,0.0,0.0,0.0,0.0,0.0,0.0,1.0,0.0,0.0,0.0,9.0,4.0,0.0,0.0,0.0,0.0,0.0,0.0,0.0,0.0,1.0,12.0,1.0,12.14,5.01,2.5,1.5,4.4,-5.800000000000001,0.5,6.7,0.0,-0.1,-1.6,0.2,4.5,0.0,106.0,33.7,0.0,21.700000000000003,31.4,31.3,32.0,300.0,300.0,30.700000000000003,34.7,30.700000000000003,30.200000000000003,31.9,4.95,1.99,4.97,0.16,0.0,0.0,1027.0,8228.0,0.0,0.0,0.0,0.0,0.0,1.0,0.0,0.0,0.0,0.038,0.0,1.6,0.0,-0.8,0.0,0.1518,16.0,25903.0
2026-07-30T18:59:08.944Z,118.427,118.44,0.0,7.4,0.0,0.0,0.0,0.0,0.0,0.0,0.0,0.0,1.0,0.0,0.0,0.0,9.0,4.0,0.0,0.0,0.0,0.0,0.0,0.0,0.0,0.0,2.0,12.0,1.0,12.14,5.01,2.5,1.5,5.4,-0.7000000000000001,0.5,6.7,0.0,0.4,0.0,0.7000000000000001,-0.7000000000000001,0.0,105.0,101.3,0.0,21.700000000000003,31.4,31.3,32.0,300.0,300.0,30.700000000000003,34.7,30.700000000000003,30.200000000000003,31.9,4.95,1.99,4.97,0.17,0.0,0.0,1027.0,8228.0,0.0,0.0,0.0,0.0,0.0,1.0,0.0,0.0,0.0,0.038,0.0,0.8,0.0,0.3,0.0,0.1524,16.0,25903.0
2026-07-30T18:59:08.956Z,118.439,118.452,0.0,7.4,0.0,0.0,0.0,0.0,0.0,0.0,0.0,0.0,1.0,0.0,0.0,0.0,9.0,4.0,0.0,0.0,0.0,0.0,0.0,0.0,0.0,0.0,3.0,12.0,1.0,12.14,5.01,2.5,1.5,0.4,4.800000000000001,0.5,6.6000000000000005,0.0,1.0,1.2000000000000002,0.7000000000000001,-10.3,0.0,103.0,162.9,0.0,21.700000000000003,31.4,31.3,32.0,300.0,300.0,30.700000000000003,34.7,30.700000000000003,30.200000000000003,31.9,4.96,2.0,4.97,0.16,0.0,0.0,1027.0,8228.0,0.0,0.0,0.0,0.0,0.0,1.0,0.0,0.0,0.0,0.036,0.0,2.0,0.0,-0.1,0.0,0.1533,16.0,25903.0
2026-07-30T18:59:08.968Z,118.451,118.464,0.0,7.4,0.0,0.0,0.0,0.0,0.0,0.0,0.0,0.0,1.0,0.0,0.0,0.0,9.0,4.0,0.0,0.0,0.0,0.0,0.0,0.0,0.0,0.0,3.0,12.0,1.0,12.14,5.01,2.5,1.5,-4.9,5.1000000000000005,0.4,6.5,0.0,0.4,0.1,0.1,-4.7,0.0,102.0,223.6,0.0,21.700000000000003,31.4,31.3,32.0,300.0,300.0,30.700000000000003,34.7,30.700000000000003,30.200000000000003,31.9,4.95,2.0,4.96,0.16,0.0,0.0,1027.0,8228.0,0.0,0.0,0.0,0.0,0.0,1.0,0.0,0.0,0.0,0.034,0.0,0.0,0.0,-0.2,0.0,0.1441,16.0,25903.0
2026-07-30T18:59:08.979Z,118.462,118.476,0.0,7.4,0.0,0.0,0.0,0.0,0.0,0.0,0.0,0.0,1.0,0.0,0.0,0.0,9.0,4.0,0.0,0.0,0.0,0.0,0.0,0.0,0.0,0.0,4.0,12.0,1.0,12.14,5.01,2.5,1.5,-4.800000000000001,0.0,0.5,6.5,0.0,-0.1,0.0,0.1,3.1,0.0,101.0,289.0,0.0,21.700000000000003,31.4,31.3,32.0,300.0,300.0,30.700000000000003,34.7,30.700000000000003,30.200000000000003,31.9,4.95,1.99,4.97,0.16,0.0,0.0,1027.0,8228.0,0.0,0.0,0.0,0.0,0.0,1.0,0.0,0.0,0.0,0.036,0.0,-0.6000000000000001,0.0,0.3,0.0,0.1385,16.0,25903.0
2026-07-30T18:59:08.992Z,118.475,118.488,0.0,7.4,0.0,0.0,0.0,0.0,0.0,0.0,0.0,0.0,1.0,0.0,0.0,0.0,9.0,4.0,0.0,0.0,0.0,0.0,0.0,0.0,0.0,0.0,5.0,12.0,1.0,12.14,5.01,2.5,1.5,0.2,-4.800000000000001,0.5,6.4,0.0,-0.2,0.0,0.0,5.7,0.0,100.0,350.40000000000003,0.0,21.700000000000003,31.4,31.3,32.0,300.0,300.0,30.700000000000003,34.7,30.700000000000003,30.200000000000003,31.9,4.95,1.99,4.96,0.16,0.0,0.0,1027.0,8228.0,0.0,0.0,0.0,0.0,0.0,1.0,0.0,0.0,0.0,0.035,0.0,0.2,0.0,-0.4,0.0,0.1455,16.0,25903.0
2026-07-30T18:59:09.004Z,118.487,118.5,0.0,7.4,0.0,0.0,0.0,0.0,0.0,0.0,0.0,0.0,1.0,0.0,0.0,0.0,9.0,4.0,0.0,0.0,0.0,0.0,0.0,0.0,0.0,0.0,6.0,12.0,1.0,12.14,5.01,2.5,1.5,4.7,-4.5,0.4,6.4,0.0,1.5,1.8,1.7000000000000002,3.8,0.0,99.0,49.6,0.0,21.700000000000003,31.4,31.3,32.0,300.0,300.0,30.700000000000003,34.7,30.700000000000003,30.200000000000003,31.9,4.96,1.99,4.96,0.16,0.0,0.0,1027.0,8228.0,0.0,0.0,0.0,0.0,0.0,1.0,0.0,0.0,0.0,0.033,0.0,0.4,0.0,1.3,0.0,0.142,16.0,25903.0
2026-07-30T18:59:09.016Z,118.499,118.512,0.0,7.4,0.0,0.0,0.0,0.0,0.0,0.0,0.0,0.0,1.0,0.0,0.0,0.0,9.0,4.0,0.0,0.0,0.0,0.0,0.0,0.0,0.0,0.0,1.0,12.0,1.0,12.14,5.01,2.5,1.5,4.4,0.0,0.4,6.300000000000001,0.0,0.3,0.1,-0.5,-2.2,0.0,98.0,109.6,0.0,21.700000000000003,31.4,31.3,32.0,300.0,300.0,30.700000000000003,34.7,30.700000000000003,30.200000000000003,31.9,4.95,1.99,4.97,0.16,0.0,0.0,1027.0,8228.0,0.0,0.0,0.0,0.0,0.0,1.0,0.0,0.0,0.0,0.034,0.0,-0.5,0.0,0.0,0.0,0.1359,16.0,25903.0
2026-07-30T18:59:09.029Z,118.512,118.524,0.0,7.4,0.0,0.0,0.0,0.0,0.0,0.0,0.0,0.0,1.0,0.0,0.0,0.0,9.0,4.0,0.0,0.0,0.0,0.0,0.0,0.0,0.0,0.0,2.0,12.0,1.0,12.18,5.0200000000000005,2.5,1.49,0.4,4.1000000000000005,0.4,6.2,0.0,0.3,-0.4,-1.1,-12.0,0.0,96.0,163.8,0.0,21.0,31.4,31.3,32.0,300.0,300.0,30.700000000000003,34.7,30.700000000000003,30.200000000000003,31.9,4.95,1.99,4.97,0.16,0.0,0.0,1027.0,8228.0,0.0,0.0,0.0,0.0,0.0,1.0,0.0,0.0,0.0,0.031,0.0,-1.5,0.0,0.7000000000000001,0.0,0.1362,16.0,25903.0
2026-07-30T18:59:09.040Z,118.523,118.536,0.0,7.4,0.0,0.0,0.0,0.0,0.0,0.0,0.0,0.0,1.0,0.0,0.0,0.0,9.0,4.0,0.0,0.0,0.0,0.0,0.0,0.0,0.0,0.0,3.0,12.0,1.0,12.18,5.0200000000000005,2.5,1.49,-3.8,4.800000000000001,0.4,6.2,0.0,-0.2,0.6000000000000001,0.5,-7.0,0.0,94.0,214.0,0.0,21.0,31.4,31.3,32.0,300.0,300.0,30.700000000000003,34.7,30.700000000000003,30.200000000000003,31.9,4.95,2.0,4.97,0.16,0.0,0.0,1027.0,8228.0,0.0,0.0,0.0,0.0,0.0,1.0,0.0,0.0,0.0,0.029,0.0,0.5,0.0,-1.0,0.0,0.1272,16.0,25903.0
2026-07-30T18:59:09.052Z,118.535,118.548,0.0,7.4,0.0,0.0,0.0,0.0,0.0,0.0,0.0,0.0,1.0,0.0,0.0,0.0,9.0,4.0,0.0,0.0,0.0,0.0,0.0,0.0,0.0,0.0,5.0,12.0,1.0,12.18,5.0200000000000005,2.5,1.49,-5.1000000000000005,1.3,0.4,6.2,0.0,0.3,0.1,0.0,1.9,0.0,93.0,272.1,0.0,21.0,31.4,31.3,32.0,300.0,300.0,30.700000000000003,34.7,30.700000000000003,30.200000000000003,31.9,4.95,1.99,4.97,0.16,0.0,0.0,1027.0,8228.0,0.0,0.0,0.0,0.0,0.0,1.0,0.0,0.0,0.0,0.031,0.0,0.0,0.0,-0.1,0.0,0.1173,16.0,25903.0
2026-07-30T18:59:09.064Z,118.547,118.56,0.0,7.4,0.0,0.0,0.0,0.0,0.0,0.0,0.0,0.0,1.0,0.0,0.0,0.0,9.0,4.0,0.0,0.0,0.0,0.0,0.0,0.0,0.0,0.0,6.0,12.0,1.0,12.18,5.0200000000000005,2.5,1.49,-1.4,-3.9,0.4,6.1000000000000005,0.0,-0.2,-0.4,-0.6000000000000001,6.0,0.0,92.0,330.90000000000003,0.0,21.0,31.4,31.3,32.0,300.0,300.0,30.700000000000003,34.7,30.700000000000003,30.200000000000003,31.9,4.96,1.99,4.97,0.16,0.0,0.0,1027.0,8228.0,0.0,0.0,0.0,0.0,0.0,1.0,0.0,0.0,0.0,0.033,0.0,1.0,0.0,-0.1,0.0,0.1264,16.0,25903.0
2026-07-30T18:59:09.076Z,118.559,118.572,0.0,7.4,0.0,0.0,0.0,0.0,0.0,0.0,0.0,0.0,1.0,0.0,0.0,0.0,9.0,4.0,0.0,0.0,0.0,0.0,0.0,0.0,0.0,0.0,1.0,12.0,1.0,12.18,5.0200000000000005,2.5,1.49,4.7,-5.7,0.4,6.1000000000000005,0.0,0.3,-1.0,0.5,5.300000000000001,0.0,92.0,35.1,0.0,21.0,31.4,31.3,32.0,300.0,300.0,30.700000000000003,34.7,30.700000000000003,30.200000000000003,31.9,4.96,1.99,4.96,0.16,0.0,0.0,1027.0,8228.0,0.0,0.0,0.0,0.0,0.0,1.0,0.0,0.0,0.0,0.035,0.0,1.0,0.0,-0.1,0.0,0.1325,16.0,25903.0
2026-07-30T18:59:09.088Z,118.571,118.584,0.0,7.4,0.0,0.0,0.0,0.0,0.0,0.0,0.0,0.0,1.0,0.0,0.0,0.0,9.0,4.0,0.0,0.0,0.0,0.0,0.0,0.0,0.0,0.0,2.0,12.0,1.0,12.18,5.0200000000000005,2.5,1.49,5.800000000000001,0.0,0.5,6.0,0.0,-0.2,0.0,-0.6000000000000001,-0.4,0.0,92.0,109.1,0.0,21.0,31.4,31.3,32.0,300.0,300.0,30.700000000000003,34.7,30.700000000000003,30.200000000000003,31.9,4.96,1.99,4.97,0.17,0.0,0.0,1027.0,8228.0,0.0,0.0,0.0,0.0,0.0,1.0,0.0,0.0,0.0,0.04,0.0,-0.6000000000000001,0.0,0.0,0.0,0.1417,16.0,25903.0
2026-07-30T18:59:09.100Z,118.583,118.596,0.0,7.4,0.0,0.0,0.0,0.0,0.0,0.0,0.0,0.0,1.0,0.0,0.0,0.0,9.0,4.0,0.0,0.0,0.0,0.0,0.0,0.0,0.0,0.0,3.0,12.0,1.0,12.18,5.0200000000000005,2.5,1.49,-1.9,7.0,0.5,6.5,0.0,-0.2,0.6000000000000001,1.1,-10.9,0.0,93.0,177.60000000000002,0.0,21.0,31.4,31.3,32.0,300.0,300.0,30.700000000000003,34.7,30.700000000000003,30.200000000000003,31.9,4.95,2.0,4.97,0.16,0.0,0.0,1027.0,8228.0,0.0,0.0,0.0,0.0,0.0,1.0,0.0,0.0,0.0,0.039,0.0,1.4,0.0,-1.1,0.0,0.1609,16.0,25903.0
2026-07-30T18:59:09.112Z,118.595,118.608,0.0,7.4,0.0,0.0,0.0,0.0,0.0,0.0,0.0,0.0,1.0,0.0,0.0,0.0,9.0,4.0,0.0,0.0,0.0,0.0,0.0,0.0,0.0,0.0,4.0,12.0,1.0,12.18,5.0200000000000005,2.5,1.49,-7.800000000000001,3.0,0.5,7.300000000000001,0.0,-0.2,-0.4,-0.5,-0.3,0.0,94.0,257.5,0.0,21.0,31.4,31.3,32.0,300.0,300.0,30.700000000000003,34.7,30.700000000000003,30.200000000000003,31.9,4.95,2.0,4.96,0.16,0.0,0.0,1027.0,8228.0,0.0,0.0,0.0,0.0,0.0,1.0,0.0,0.0,0.0,0.042,0.0,0.3,0.0,0.9,0.0,0.1585,16.0,25903.0
2026-07-30T18:59:09.124Z,118.607,118.62,0.0,7.4,0.0,0.0,0.0,0.0,0.0,0.0,0.0,0.0,1.0,0.0,0.0,0.0,9.0,4.0,0.0,0.0,0.0,0.0,0.0,0.0,0.0,0.0,5.0,12.0,1.0,12.18,5.0200000000000005,2.5,1.49,0.8,-7.5,0.7000000000000001,7.6,0.0,0.2,-0.4,0.0,3.5,0.0,96.0,353.6,0.0,21.0,31.4,31.3,32.0,300.0,300.0,30.700000000000003,34.7,30.700000000000003,30.200000000000003,31.9,4.95,1.99,4.96,0.16,0.0,0.0,1027.0,8228.0,0.0,0.0,0.0,0.0,0.0,1.0,0.0,0.0,0.0,0.051,0.0,0.6000000000000001,0.0,0.0,0.0,0.1717,16.0,25903.0
2026-07-30T18:59:09.136Z,118.619,118.632,0.0,7.4,0.0,0.0,0.0,0.0,0.0,0.0,0.0,0.0,1.0,0.0,0.0,0.0,9.0,4.0,0.0,0.0,0.0,0.0,0.0,0.0,0.0,0.0,1.0,12.0,1.0,12.17,5.0200000000000005,2.51,1.5,8.3,-3.2,0.7000000000000001,8.0,0.0,-0.8,0.0,1.7000000000000002,0.3,0.0,98.0,86.10000000000001,0.0,21.3,31.3,31.3,32.0,300.0,300.0,30.6,34.7,30.700000000000003,30.200000000000003,31.9,4.95,1.99,4.97,0.16,0.0,0.0,1027.0,8228.0,0.0,0.0,0.0,0.0,0.0,1.0,0.0,0.0,0.0,0.052,0.0,1.6,0.0,1.1,0.0,0.207,16.0,25903.0
2026-07-30T18:59:09.148Z,118.631,118.644,0.0,7.4,0.0,0.0,0.0,0.0,0.0,0.0,0.0,0.0,1.0,0.0,0.0,0.0,9.0,4.0,0.0,0.0,0.0,0.0,0.0,0.0,0.0,0.0,2.0,12.0,1.0,12.17,5.0200000000000005,2.51,1.5,-1.2000000000000002,7.800000000000001,0.7000000000000001,7.9,0.0,0.2,0.6000000000000001,1.1,-9.3,0.0,101.0,173.3,0.0,21.3,31.3,31.3,32.0,300.0,300.0,30.6,34.7,30.700000000000003,30.200000000000003,31.9,4.95,2.0,4.97,0.16,0.0,0.0,1027.0,8228.0,0.0,0.0,0.0,0.0,0.0,1.0,0.0,0.0,0.0,0.051,0.0,1.5,0.0,-0.9,0.0,0.2091,16.0,25903.0
2026-07-30T18:59:09.168Z,118.651,118.656,0.0,7.4,0.0,0.0,0.0,0.0,0.0,0.0,0.0,0.0,1.0,0.0,0.0,0.0,9.0,4.0,0.0,0.0,0.0,0.0,0.0,0.0,0.0,0.0,3.0,12.0,1.0,12.17,5.0200000000000005,2.51,1.5,-8.1,3.2,0.6000000000000001,7.9,0.0,-0.3,0.6000000000000001,0.4,-0.6000000000000001,0.0,102.0,259.7,0.0,21.3,31.3,31.3,32.0,300.0,300.0,30.6,34.7,30.700000000000003,30.200000000000003,31.9,4.96,2.0,4.96,0.16,0.0,0.0,1027.0,8228.0,0.0,0.0,0.0,0.0,0.0,1.0,0.0,0.0,0.0,0.048,0.0,-0.3,0.0,-1.1,0.0,0.2045,16.0,25903.0
2026-07-30T18:59:09.172Z,118.655,118.668,0.0,7.4,0.0,0.0,0.0,0.0,0.0,0.0,0.0,0.0,1.0,0.0,0.0,0.0,9.0,4.0,0.0,0.0,0.0,0.0,0.0,0.0,0.0,0.0,1.0,12.0,1.0,12.17,5.0200000000000005,2.51,1.5,0.8,-7.2,0.7000000000000001,7.800000000000001,0.0,0.2,0.6000000000000001,-0.7000000000000001,3.2,0.0,104.0,352.40000000000003,0.0,21.3,31.3,31.3,32.0,300.0,300.0,30.6,34.7,30.700000000000003,30.200000000000003,31.9,4.95,1.99,4.97,0.16,0.0,0.0,1027.0,8228.0,0.0,0.0,0.0,0.0,0.0,1.0,0.0,0.0,0.0,0.051,0.0,-0.1,0.0,-0.7000000000000001,0.0,0.1942,16.0,25903.0
2026-07-30T18:59:09.183Z,118.666,118.68,0.0,7.4,0.0,0.0,0.0,0.0,0.0,0.0,0.0,0.0,1.0,0.0,0.0,0.0,9.0,4.0,0.0,0.0,0.0,0.0,0.0,0.0,0.0,0.0,1.0,12.0,1.0,12.17,5.0200000000000005,2.51,1.5,7.9,-3.4000000000000004,0.7000000000000001,7.800000000000001,0.0,0.2,1.1,0.4,0.2,0.0,105.0,80.2,0.0,21.3,31.3,31.3,32.0,300.0,300.0,30.6,34.7,30.700000000000003,30.200000000000003,31.9,4.95,1.99,4.96,0.16,0.0,0.0,1027.0,8228.0,0.0,0.0,0.0,0.0,0.0,1.0,0.0,0.0,0.0,0.05,0.0,0.1,0.0,1.6,0.0,0.207,16.0,25903.0
2026-07-30T18:59:09.196Z,118.679,118.692,0.0,7.4,0.0,0.0,0.0,0.0,0.0,0.0,0.0,0.0,1.0,0.0,0.0,0.0,9.0,4.0,0.0,0.0,0.0,0.0,0.0,0.0,0.0,0.0,2.0,12.0,1.0,12.17,5.0200000000000005,2.51,1.5,0.1,6.7,0.6000000000000001,7.7,0.0,0.7000000000000001,0.5,-1.4,-8.8,0.0,106.0,163.9,0.0,21.3,31.3,31.3,32.0,300.0,300.0,30.6,34.7,30.700000000000003,30.200000000000003,31.9,4.96,1.99,4.96,0.16,0.0,0.0,1027.0,8228.0,0.0,0.0,0.0,0.0,0.0,1.0,0.0,0.0,0.0,0.048,0.0,-0.5,0.0,1.3,0.0,0.2022,16.0,25903.0
2026-07-30T18:59:09.208Z,118.691,118.704,0.0,7.4,0.0,0.0,0.0,0.0,0.0,0.0,0.0,0.0,1.0,0.0,0.0,0.0,9.0,4.0,0.0,0.0,0.0,0.0,0.0,0.0,0.0,0.0,3.0,12.0,1.0,12.17,5.0200000000000005,2.51,1.5,-7.6,4.5,0.6000000000000001,7.6,0.0,-0.3,-1.1,-0.2,-2.5,0.0,106.0,244.0,0.0,21.3,31.3,31.3,32.0,300.0,300.0,30.6,34.7,30.700000000000003,30.200000000000003,31.9,4.95,1.99,4.96,0.16,0.0,0.0,1027.0,8228.0,0.0,0.0,0.0,0.0,0.0,1.0,0.0,0.0,0.0,0.045,0.0,-0.4,0.0,1.4,0.0,0.1946,16.0,25903.0
2026-07-30T18:59:09.220Z,118.703,118.716,0.0,7.4,0.0,0.0,0.0,0.0,0.0,0.0,0.0,0.0,1.0,0.0,0.0,0.0,9.0,4.0,0.0,0.0,0.0,0.0,0.0,0.0,0.0,0.0,5.0,12.0,1.0,12.17,5.0200000000000005,2.51,1.5,-1.6,-5.5,0.7000000000000001,7.5,0.0,0.1,0.5,1.5,2.5,0.0,108.0,337.8,0.0,21.3,31.3,31.3,32.0,300.0,300.0,30.6,34.7,30.700000000000003,30.200000000000003,31.9,4.95,1.99,4.97,0.16,0.0,0.0,1027.0,8228.0,0.0,0.0,0.0,0.0,0.0,1.0,0.0,0.0,0.0,0.05,0.0,-1.9,0.0,0.8,0.0,0.1817,16.0,25903.0
2026-07-30T18:59:09.233Z,118.716,118.728,0.0,7.4,0.0,0.0,0.0,0.0,0.0,0.0,0.0,0.0,1.0,0.0,0.0,0.0,9.0,4.0,0.0,0.0,0.0,0.0,0.0,0.0,0.0,0.0,6.0,12.0,1.0,12.17,5.01,2.51,1.49,7.0,-5.800000000000001,0.6000000000000001,7.5,0.0,-1.0,0.0,0.9,1.1,0.0,108.0,55.0,0.0,21.700000000000003,31.3,31.3,32.0,300.0,300.0,30.700000000000003,34.7,30.700000000000003,30.200000000000003,31.9,4.95,1.99,4.96,0.16,0.0,0.0,1027.0,8228.0,0.0,0.0,0.0,0.0,0.0,1.0,0.0,0.0,0.0,0.046,0.0,0.4,0.0,0.9,0.0,0.204,16.0,25903.0
2026-07-30T18:59:09.244Z,118.727,118.74,0.0,7.4,0.0,0.0,0.0,0.0,0.0,0.0,0.0,0.0,1.0,0.0,0.0,0.0,9.0,4.0,0.0,0.0,0.0,0.0,0.0,0.0,0.0,0.0,1.0,12.0,1.0,12.17,5.01,2.51,1.49,3.5,3.8,0.6000000000000001,7.5,0.0,-0.3,-0.5,-0.8,-6.0,0.0,109.0,138.6,0.0,21.700000000000003,31.3,31.3,32.0,300.0,300.0,30.700000000000003,34.7,30.700000000000003,30.200000000000003,31.9,4.96,1.99,4.96,0.16,0.0,0.0,1027.0,8228.0,0.0,0.0,0.0,0.0,0.0,1.0,0.0,0.0,0.0,0.046,0.0,-1.4,0.0,-0.1,0.0,0.1843,16.0,25903.0
2026-07-30T18:59:09.256Z,118.739,118.752,0.0,7.4,0.0,0.0,0.0,0.0,0.0,0.0,0.0,0.0,1.0,0.0,0.0,0.0,9.0,4.0,0.0,0.0,0.0,0.0,0.0,0.0,0.0,0.0,2.0,12.0,1.0,12.17,5.01,2.51,1.49,-5.6000000000000005,6.800000000000001,0.6000000000000001,7.300000000000001,0.0,-0.3,-0.5,-0.8,-6.1000000000000005,0.0,109.0,214.4,0.0,21.700000000000003,31.3,31.3,32.0,300.0,300.0,30.700000000000003,34.7,30.700000000000003,30.200000000000003,31.9,4.95,1.99,4.97,0.17,0.0,0.0,1027.0,8228.0,0.0,0.0,0.0,0.0,0.0,1.0,0.0,0.0,0.0,0.044,0.0,-0.4,0.0,1.3,0.0,0.1864,16.0,25903.0
2026-07-30T18:59:09.268Z,118.751,118.764,0.0,7.4,0.0,0.0,0.0,0.0,0.0,0.0,0.0,0.0,1.0,0.0,0.0,0.0,9.0,4.0,0.0,0.0,0.0,0.0,0.0,0.0,0.0,0.0,4.0,12.0,1.0,12.17,5.01,2.51,1.49,-5.5,-1.0,0.6000000000000001,7.2,0.0,0.2,0.6000000000000001,0.3,2.0,0.0,109.0,295.2,0.0,21.700000000000003,31.3,31.3,32.0,300.0,300.0,30.700000000000003,34.7,30.700000000000003,30.200000000000003,31.9,4.95,1.99,4.96,0.17,0.0,0.0,1027.0,8228.0,0.0,0.0,0.0,0.0,0.0,1.0,0.0,0.0,0.0,0.045,0.0,-0.7000000000000001,0.0,-0.6000000000000001,0.0,0.1773,16.0,25903.0
2026-07-30T18:59:09.280Z,118.763,118.776,0.0,7.4,0.0,0.0,0.0,0.0,0.0,0.0,0.0,0.0,1.0,0.0,0.0,0.0,9.0,4.0,0.0,0.0,0.0,0.0,0.0,0.0,0.0,0.0,5.0,12.0,1.0,12.17,5.01,2.51,1.49,3.1,-6.9,0.6000000000000001,7.2,0.0,-0.3,1.1,-0.1,3.5,0.0,109.0,14.4,0.0,21.700000000000003,31.3,31.3,32.0,300.0,300.0,30.700000000000003,34.7,30.700000000000003,30.200000000000003,31.9,4.95,2.0,4.96,0.16,0.0,0.0,1027.0,8228.0,0.0,0.0,0.0,0.0,0.0,1.0,0.0,0.0,0.0,0.045,0.0,-1.2000000000000002,0.0,0.1,0.0,0.1801,16.0,25903.0
2026-07-30T18:59:09.292Z,118.775,118.788,0.0,7.4,0.0,0.0,0.0,0.0,0.0,0.0,0.0,0.0,1.0,0.0,0.0,0.0,9.0,4.0,0.0,0.0,0.0,0.0,0.0,0.0,0.0,0.0,6.0,12.0,1.0,12.17,5.01,2.51,1.49,6.7,-1.9,0.6000000000000001,7.1000000000000005,0.0,0.2,-0.5,0.3,-0.5,0.0,109.0,90.0,0.0,21.700000000000003,31.3,31.3,32.0,300.0,300.0,30.700000000000003,34.7,30.700000000000003,30.200000000000003,31.9,4.95,1.99,4.96,0.16,0.0,0.0,1027.0,8228.0,0.0,0.0,0.0,0.0,0.0,1.0,0.0,0.0,0.0,0.043,0.0,0.3,0.0,-0.4,0.0,0.1814,16.0,25903.0
2026-07-30T18:59:09.304Z,118.787,118.8,0.0,7.4,0.0,0.0,0.0,0.0,0.0,0.0,0.0,0.0,1.0,0.0,0.0,0.0,9.0,4.0,0.0,0.0,0.0,0.0,0.0,0.0,0.0,0.0,1.0,12.0,1.0,12.17,5.01,2.51,1.49,0.1,5.800000000000001,0.6000000000000001,7.1000000000000005,0.0,-1.5,-0.5,-0.8,-9.8,0.0,108.0,164.0,0.0,21.700000000000003,31.3,31.3,32.0,300.0,300.0,30.700000000000003,34.7,30.700000000000003,30.200000000000003,31.9,4.95,1.99,4.97,0.16,0.0,0.0,1027.0,8228.0,0.0,0.0,0.0,0.0,0.0,1.0,0.0,0.0,0.0,0.042,0.0,-1.2000000000000002,0.0,0.5,0.0,0.1733,16.0,25903.0
2026-07-30T18:59:09.316Z,118.799,118.812,0.0,7.4,0.0,0.0,0.0,0.0,0.0,0.0,0.0,0.0,1.0,0.0,0.0,0.0,9.0,4.0,0.0,0.0,0.0,0.0,0.0,0.0,0.0,0.0,2.0,12.0,1.0,12.17,5.01,2.51,1.49,-6.4,5.1000000000000005,0.5,7.0,0.0,0.7000000000000001,-1.1,-0.8,-3.1,0.0,108.0,236.3,0.0,21.700000000000003,31.3,31.3,32.0,300.0,300.0,30.700000000000003,34.7,30.700000000000003,30.200000000000003,31.9,4.96,1.99,4.96,0.16,0.0,0.0,1027.0,8228.0,0.0,0.0,0.0,0.0,0.0,1.0,0.0,0.0,0.0,0.041,0.0,-0.3,0.0,1.9,0.0,0.1699,16.0,25903.0
2026-07-30T18:59:09.328Z,118.811,118.824,0.0,7.4,0.0,0.0,0.0,0.0,0.0,0.0,0.0,0.0,1.0,0.0,0.0,0.0,9.0,4.0,0.0,0.0,0.0,0.0,0.0,0.0,0.0,0.0,4.0,12.0,1.0,12.17,5.01,2.51,1.49,-3.8,-2.7,0.6000000000000001,7.0,0.0,-0.3,0.0,-0.8,3.2,0.0,108.0,313.70000000000005,0.0,21.700000000000003,31.3,31.3,32.0,300.0,300.0,30.700000000000003,34.7,30.700000000000003,30.200000000000003,31.9,4.96,1.99,4.97,0.16,0.0,0.0,1027.0,8228.0,0.0,0.0,0.0,0.0,0.0,1.0,0.0,0.0,0.0,0.043,0.0,0.8,0.0,-0.2,0.0,0.1649,16.0,25903.0
2026-07-30T18:59:09.340Z,118.823,118.836,0.0,7.4,0.0,0.0,0.0,0.0,0.0,0.0,0.0,0.0,1.0,0.0,0.0,0.0,9.0,4.0,0.0,0.0,0.0,0.0,0.0,0.0,0.0,0.0,6.0,12.0,1.0,12.17,5.01,2.5,1.49,3.8,-6.4,0.5,6.9,0.0,0.2,1.1,0.4,3.7,0.0,107.0,24.8,0.0,21.700000000000003,31.3,31.3,32.0,300.0,300.0,30.8,34.7,30.700000000000003,30.200000000000003,31.9,4.95,1.99,4.97,0.16,0.0,0.0,1027.0,8228.0,0.0,0.0,0.0,0.0,0.0,1.0,0.0,0.0,0.0,0.041,0.0,-1.2000000000000002,0.0,1.0,0.0,0.1725,16.0,25903.0
2026-07-30T18:59:09.352Z,118.835,118.848,0.0,7.4,0.0,0.0,0.0,0.0,0.0,0.0,0.0,0.0,1.0,0.0,0.0,0.0,9.0,4.0,0.0,0.0,0.0,0.0,0.0,0.0,0.0,0.0,1.0,12.0,1.0,12.17,5.01,2.5,1.49,6.0,-1.3,0.5,6.800000000000001,0.0,0.2,0.0,-0.7000000000000001,-0.9,0.0,106.0,95.2,0.0,21.700000000000003,31.3,31.3,32.0,300.0,300.0,30.8,34.7,30.700000000000003,30.200000000000003,31.9,4.95,1.99,4.97,0.16,0.0,0.0,1027.0,8228.0,0.0,0.0,0.0,0.0,0.0,1.0,0.0,0.0,0.0,0.04,0.0,-0.7000000000000001,0.0,-0.2,0.0,0.1654,16.0,25903.0
2026-07-30T18:59:09.364Z,118.847,118.86,0.0,7.4,0.0,0.0,0.0,0.0,0.0,0.0,0.0,0.0,1.0,0.0,0.0,0.0,9.0,4.0,0.0,0.0,0.0,0.0,0.0,0.0,0.0,0.0,2.0,12.0,1.0,12.17,5.01,2.5,1.49,0.4,5.300000000000001,0.5,6.7,0.0,0.8,-0.5,0.4,-10.4,0.0,106.0,165.3,0.0,21.700000000000003,31.3,31.3,32.0,300.0,300.0,30.8,34.7,30.700000000000003,30.200000000000003,31.9,4.96,2.0,4.97,0.16,0.0,0.0,1027.0,8228.0,0.0,0.0,0.0,0.0,0.0,1.0,0.0,0.0,0.0,0.04,0.0,-0.2,0.0,-0.4,0.0,0.1603,16.0,25903.0
2026-07-30T18:59:09.376Z,118.859,118.872,0.0,7.4,0.0,0.0,0.0,0.0,0.0,0.0,0.0,0.0,1.0,0.0,0.0,0.0,9.0,4.0,0.0,0.0,0.0,0.0,0.0,0.0,0.0,0.0,4.0,12.0,1.0,12.17,5.01,2.5,1.49,-5.7,5.2,0.5,6.7,0.0,-0.8,0.6000000000000001,-0.1,-3.4000000000000004,0.0,105.0,231.9,0.0,21.700000000000003,31.3,31.3,32.0,300.0,300.0,30.8,34.7,30.700000000000003,30.200000000000003,31.9,4.96,1.99,4.97,0.17,0.0,0.0,1027.0,8228.0,0.0,0.0,0.0,0.0,0.0,1.0,0.0,0.0,0.0,0.038,0.0,0.5,0.0,-0.4,0.0,0.1601,16.0,25903.0
2026-07-30T18:59:09.388Z,118.871,118.884,0.0,7.4,0.0,0.0,0.0,0.0,0.0,0.0,0.0,0.0,1.0,0.0,0.0,0.0,9.0,4.0,0.0,0.0,0.0,0.0,0.0,0.0,0.0,0.0,5.0,12.0,1.0,12.17,5.01,2.5,1.49,-4.6000000000000005,-1.0,0.5,6.6000000000000005,0.0,0.9,0.1,0.4,3.6,0.0,104.0,297.8,0.0,21.700000000000003,31.3,31.3,32.0,300.0,300.0,30.8,34.7,30.700000000000003,30.200000000000003,31.9,4.95,2.0,4.97,0.16,0.0,0.0,1027.0,8228.0,0.0,0.0,0.0,0.0,0.0,1.0,0.0,0.0,0.0,0.037,0.0,-0.5,0.0,-0.1,0.0,0.1535,16.0,25903.0
2026-07-30T18:59:09.400Z,118.883,118.896,0.0,7.4,0.0,0.0,0.0,0.0,0.0,0.0,0.0,0.0,1.0,0.0,0.0,0.0,9.0,4.0,0.0,0.0,0.0,0.0,0.0,0.0,0.0,0.0,1.0,12.0,1.0,12.17,5.01,2.5,1.49,1.7000000000000002,-5.800000000000001,0.5,6.6000000000000005,0.0,0.3,0.7000000000000001,-0.7000000000000001,5.4,0.0,103.0,5.0,0.0,21.700000000000003,31.3,31.3,32.0,300.0,300.0,30.8,34.7,30.700000000000003,30.200000000000003,31.9,4.96,2.0,4.96,0.16,0.0,0.0,1027.0,8228.0,0.0,0.0,0.0,0.0,0.0,1.0,0.0,0.0,0.0,0.037,0.0,-0.4,0.0,-0.7000000000000001,0.0,0.1511,16.0,25903.0
2026-07-30T18:59:09.412Z,118.895,118.908,0.0,7.4,0.0,0.0,0.0,0.0,0.0,0.0,0.0,0.0,1.0,0.0,0.0,0.0,9.0,4.0,0.0,0.0,0.0,0.0,0.0,0.0,0.0,0.0,3.0,12.0,1.0,12.17,5.01,2.5,1.49,5.800000000000001,-3.4000000000000004,0.5,6.5,0.0,-0.2,-0.4,-0.7000000000000001,2.2,0.0,102.0,70.7,0.0,21.700000000000003,31.3,31.3,32.0,300.0,300.0,30.8,34.7,30.700000000000003,30.200000000000003,31.9,4.95,1.99,4.97,0.16,0.0,0.0,1027.0,8228.0,0.0,0.0,0.0,0.0,0.0,1.0,0.0,0.0,0.0,0.037,0.0,-0.3,0.0,-1.1,0.0,0.1508,16.0,25903.0
2026-07-30T18:59:09.424Z,118.907,118.92,0.0,7.4,0.0,0.0,0.0,0.0,0.0,0.0,0.0,0.0,1.0,0.0,0.0,0.0,9.0,4.0,0.0,0.0,0.0,0.0,0.0,0.0,0.0,0.0,4.0,12.0,1.0,12.17,5.01,2.5,1.49,3.1,2.6,0.5,6.5,0.0,0.9,0.0,0.3,-5.4,0.0,101.0,134.20000000000002,0.0,21.700000000000003,31.3,31.3,32.0,300.0,300.0,30.8,34.7,30.700000000000003,30.200000000000003,31.9,4.95,1.99,4.96,0.16,0.0,0.0,1027.0,8228.0,0.0,0.0,0.0,0.0,0.0,1.0,0.0,0.0,0.0,0.036,0.0,0.5,0.0,0.0,0.0,0.1497,16.0,25903.0
2026-07-30T18:59:09.437Z,118.92,118.932,0.0,7.4,0.0,0.0,0.0,0.0,0.0,0.0,0.0,0.0,1.0,0.0,0.0,0.0,9.0,4.0,0.0,0.0,0.0,0.0,0.0,0.0,0.0,0.0,6.0,12.0,1.0,12.15,5.0200000000000005,2.5,1.49,-2.8000000000000003,5.800000000000001,0.4,6.4,0.0,0.9,0.6000000000000001,1.5,-10.4,0.0,100.0,194.4,0.0,21.4,31.3,31.3,31.9,300.0,300.0,30.700000000000003,34.800000000000004,30.700000000000003,30.200000000000003,31.9,4.96,1.99,4.96,0.16,0.0,0.0,1027.0,8228.0,0.0,0.0,0.0,0.0,0.0,1.0,0.0,0.0,0.0,0.034,0.0,1.1,0.0,-1.9,0.0,0.146,16.0,25903.0
2026-07-30T18:59:09.448Z,118.931,118.944,0.0,7.4,0.0,0.0,0.0,0.0,0.0,0.0,0.0,0.0,1.0,0.0,0.0,0.0,9.0,4.0,0.0,0.0,0.0,0.0,0.0,0.0,0.0,0.0,1.0,12.0,1.0,12.15,5.0200000000000005,2.5,1.49,-5.6000000000000005,2.7,0.4,6.300000000000001,0.0,0.3,-0.4,-0.7000000000000001,0.0,0.0,99.0,256.6,0.0,21.4,31.3,31.3,31.9,300.0,300.0,30.700000000000003,34.800000000000004,30.700000000000003,30.200000000000003,31.9,4.95,1.99,4.96,0.16,0.0,0.0,1027.0,8228.0,0.0,0.0,0.0,0.0,0.0,1.0,0.0,0.0,0.0,0.034,0.0,0.4,0.0,1.0,0.0,0.1389,16.0,25903.0
2026-07-30T18:59:09.460Z,118.943,118.956,0.0,7.4,0.0,0.0,0.0,0.0,0.0,0.0,0.0,0.0,1.0,0.0,0.0,0.0,9.0,4.0,0.0,0.0,0.0,0.0,0.0,0.0,0.0,0.0,3.0,12.0,1.0,12.15,5.0200000000000005,2.5,1.49,-2.7,-2.7,0.4,6.2,0.0,0.9,-0.5,0.4,5.2,0.0,98.0,319.3,0.0,21.4,31.3,31.3,31.9,300.0,300.0,30.700000000000003,34.800000000000004,30.700000000000003,30.200000000000003,31.9,4.95,1.99,4.96,0.16,0.0,0.0,1027.0,8228.0,0.0,0.0,0.0,0.0,0.0,1.0,0.0,0.0,0.0,0.035,0.0,0.0,0.0,0.5,0.0,0.1399,16.0,25903.0
2026-07-30T18:59:09.472Z,118.955,118.968,0.0,7.4,0.0,0.0,0.0,0.0,0.0,0.0,0.0,0.0,1.0,0.0,0.0,0.0,9.0,4.0,0.0,0.0,0.0,0.0,0.0,0.0,0.0,0.0,4.0,12.0,1.0,12.15,5.0200000000000005,2.5,1.49,2.6,-5.300000000000001,0.4,6.2,0.0,0.3,1.2000000000000002,-0.7000000000000001,5.6000000000000005,0.0,97.0,18.3,0.0,21.4,31.3,31.3,31.9,300.0,300.0,30.700000000000003,34.800000000000004,30.700000000000003,30.200000000000003,31.9,4.95,1.99,4.96,0.16,0.0,0.0,1027.0,8228.0,0.0,0.0,0.0,0.0,0.0,1.0,0.0,0.0,0.0,0.034,0.0,-1.1,0.0,-0.4,0.0,0.142,16.0,25903.0
2026-07-30T18:59:09.488Z,118.971,118.98,0.0,7.4,0.0,0.0,0.0,0.0,0.0,0.0,0.0,0.0,1.0,0.0,0.0,0.0,9.0,4.0,0.0,0.0,0.0,0.0,0.0,0.0,0.0,0.0,5.0,12.0,1.0,12.15,5.0200000000000005,2.5,1.49,5.2,-2.6,0.4,6.2,0.0,0.3,1.2000000000000002,1.5,1.7000000000000002,0.0,96.0,77.0,0.0,21.4,31.3,31.3,31.9,300.0,300.0,30.700000000000003,34.800000000000004,30.700000000000003,30.200000000000003,31.9,4.95,1.99,4.96,0.16,0.0,0.0,1027.0,8228.0,0.0,0.0,0.0,0.0,0.0,1.0,0.0,0.0,0.0,0.033,0.0,1.0,0.0,2.6,0.0,0.1362,16.0,25903.0
2026-07-30T18:59:09.496Z,118.979,118.992,0.0,7.4,0.0,0.0,0.0,0.0,0.0,0.0,0.0,0.0,1.0,0.0,0.0,0.0,9.0,4.0,0.0,0.0,0.0,0.0,0.0,0.0,0.0,0.0,3.0,12.0,1.0,12.15,5.0200000000000005,2.5,1.49,2.9000000000000004,2.2,0.4,6.2,0.0,-0.2,0.6000000000000001,-0.7000000000000001,-6.1000000000000005,0.0,95.0,134.5,0.0,21.4,31.3,31.3,31.9,300.0,300.0,30.700000000000003,34.800000000000004,30.700000000000003,30.200000000000003,31.9,4.95,1.99,4.97,0.16,0.0,0.0,1027.0,8228.0,0.0,0.0,0.0,0.0,0.0,1.0,0.0,0.0,0.0,0.032,0.0,-1.8,0.0,0.0,0.0,0.1337,16.0,25903.0
2026-07-30T18:59:09.508Z,118.991,119.004,0.0,7.4,0.0,0.0,0.0,0.0,0.0,0.0,0.0,0.0,1.0,0.0,0.0,0.0,9.0,4.0,0.0,0.0,0.0,0.0,0.0,0.0,0.0,0.0,4.0,12.0,1.0,12.15,5.0200000000000005,2.5,1.49,-1.7000000000000002,5.0,0.4,6.1000000000000005,0.0,-0.2,-1.1,-0.7000000000000001,-13.0,0.0,94.0,188.9,0.0,21.4,31.3,31.3,31.9,300.0,300.0,30.700000000000003,34.800000000000004,30.700000000000003,30.200000000000003,31.9,4.95,1.99,4.97,0.16,0.0,0.0,1027.0,8228.0,0.0,0.0,0.0,0.0,0.0,1.0,0.0,0.0,0.0,0.031,0.0,-1.8,0.0,1.6,0.0,0.1314,16.0,25903.0
2026-07-30T18:59:09.520Z,119.003,119.016,0.0,7.4,0.0,0.0,0.0,0.0,0.0,0.0,0.0,0.0,1.0,0.0,0.0,0.0,9.0,4.0,0.0,0.0,0.0,0.0,0.0,0.0,0.0,0.0,6.0,12.0,1.0,12.15,5.0200000000000005,2.5,1.49,-4.800000000000001,3.6,0.4,6.0,0.0,0.3,1.7000000000000002,-0.1,-1.6,0.0,92.0,241.9,0.0,21.4,31.3,31.3,31.9,300.0,300.0,30.700000000000003,34.800000000000004,30.700000000000003,30.200000000000003,31.9,4.95,1.99,4.96,0.16,0.0,0.0,1027.0,8228.0,0.0,0.0,0.0,0.0,0.0,1.0,0.0,0.0,0.0,0.03,0.0,0.1,0.0,0.1,0.0,0.1258,16.0,25903.0
2026-07-30T18:59:09.532Z,119.015,119.028,0.0,7.4,0.0,0.0,0.0,0.0,0.0,0.0,0.0,0.0,1.0,0.0,0.0,0.0,9.0,4.0,0.0,0.0,0.0,0.0,0.0,0.0,0.0,0.0,1.0,12.0,1.0,12.15,5.0200000000000005,2.5,1.49,-3.8,-0.6000000000000001,0.4,6.0,0.0,-0.2,1.1,1.5,5.1000000000000005,0.0,91.0,295.2,0.0,21.4,31.3,31.3,31.9,300.0,300.0,30.700000000000003,34.800000000000004,30.700000000000003,30.200000000000003,31.9,4.96,1.99,4.96,0.16,0.0,0.0,1027.0,8228.0,0.0,0.0,0.0,0.0,0.0,1.0,0.0,0.0,0.0,0.03,0.0,-2.3000000000000003,0.0,-1.3,0.0,0.1218,16.0,25903.0
2026-07-30T18:59:09.544Z,119.027,119.04,0.0,7.4,0.0,0.0,0.0,0.0,0.0,0.0,0.0,0.0,1.0,0.0,0.0,0.0,9.0,4.0,0.0,0.0,0.0,0.0,0.0,0.0,0.0,0.0,2.0,12.0,1.0,12.17,5.01,2.51,1.49,0.0,-3.9,0.3,5.9,0.0,-0.8,-0.6000000000000001,-1.3,7.5,0.0,89.0,346.70000000000005,0.0,21.3,31.3,31.3,31.9,300.0,300.0,30.8,34.800000000000004,30.700000000000003,30.200000000000003,31.9,4.95,1.99,4.97,0.16,0.0,0.0,1027.0,8228.0,0.0,0.0,0.0,0.0,0.0,1.0,0.0,0.0,0.0,0.029,0.0,1.7000000000000002,0.0,-0.9,0.0,0.1213,16.0,25903.0
2026-07-30T18:59:09.556Z,119.039,119.052,0.0,7.4,0.0,0.0,0.0,0.0,0.0,0.0,0.0,0.0,1.0,0.0,0.0,0.0,9.0,4.0,0.0,0.0,0.0,0.0,0.0,0.0,0.0,0.0,4.0,12.0,1.0,12.17,5.01,2.51,1.49,3.6,-4.3,0.3,5.9,0.0,1.4,-1.1,0.3,6.0,0.0,88.0,38.3,0.0,21.3,31.3,31.3,31.9,300.0,300.0,30.8,34.800000000000004,30.700000000000003,30.200000000000003,31.9,4.95,1.99,4.96,0.16,0.0,0.0,1027.0,8228.0,0.0,0.0,0.0,0.0,0.0,1.0,0.0,0.0,0.0,0.029,0.0,1.1,0.0,-0.4,0.0,0.1176,16.0,25903.0
2026-07-30T18:59:09.568Z,119.051,119.064,0.0,7.4,0.0,0.0,0.0,0.0,0.0,0.0,0.0,0.0,1.0,0.0,0.0,0.0,9.0,4.0,0.0,0.0,0.0,0.0,0.0,0.0,0.0,0.0,5.0,12.0,1.0,12.17,5.01,2.51,1.49,5.0,-1.2000000000000002,0.3,5.800000000000001,0.0,0.3,-0.6000000000000001,-1.2000000000000002,0.7000000000000001,0.0,87.0,93.5,0.0,21.3,31.3,31.3,31.9,300.0,300.0,30.8,34.800000000000004,30.700000000000003,30.200000000000003,31.9,4.95,1.99,4.97,0.16,0.0,0.0,1027.0,8228.0,0.0,0.0,0.0,0.0,0.0,1.0,0.0,0.0,0.0,0.03,0.0,-1.3,0.0,-1.3,0.0,0.1166,16.0,25903.0
2026-07-30T18:59:09.580Z,119.063,119.076,0.0,7.4,0.0,0.0,0.0,0.0,0.0,0.0,0.0,0.0,1.0,0.0,0.0,0.0,9.0,4.0,0.0,0.0,0.0,0.0,0.0,0.0,0.0,0.0,6.0,12.0,1.0,12.17,5.01,2.51,1.49,1.4,4.1000000000000005,0.4,5.7,0.0,-0.2,0.0,-0.1,-8.3,0.0,87.0,150.9,0.0,21.3,31.3,31.3,31.9,300.0,300.0,30.8,34.800000000000004,30.700000000000003,30.200000000000003,31.9,4.95,1.99,4.97,0.16,0.0,0.0,1027.0,8228.0,0.0,0.0,0.0,0.0,0.0,1.0,0.0,0.0,0.0,0.032,0.0,-0.2,0.0,0.0,0.0,0.1226,16.0,25903.0
2026-07-30T18:59:09.592Z,119.075,119.088,0.0,7.4,0.0,0.0,0.0,0.0,0.0,0.0,0.0,0.0,1.0,0.0,0.0,0.0,9.0,4.0,0.0,0.0,0.0,0.0,0.0,0.0,0.0,0.0,1.0,12.0,1.0,12.17,5.01,2.51,1.49,-4.9,6.0,0.4,5.800000000000001,0.0,-0.8,0.0,0.9,-6.7,0.0,86.0,213.4,0.0,21.3,31.3,31.3,31.9,300.0,300.0,30.8,34.800000000000004,30.700000000000003,30.200000000000003,31.9,4.96,1.99,4.96,0.16,0.0,0.0,1027.0,8228.0,0.0,0.0,0.0,0.0,0.0,1.0,0.0,0.0,0.0,0.034,0.0,-0.1,0.0,-1.0,0.0,0.1283,16.0,25903.0
2026-07-30T18:59:09.603Z,119.086,119.1,0.0,7.4,0.0,0.0,0.0,0.0,0.0,0.0,0.0,0.0,1.0,0.0,0.0,0.0,9.0,4.0,0.0,0.0,0.0,0.0,0.0,0.0,0.0,0.0,2.0,12.0,1.0,12.17,5.01,2.51,1.49,-5.9,-0.3,0.5,6.300000000000001,0.0,0.3,0.0,-0.8,1.5,0.0,87.0,289.40000000000003,0.0,21.3,31.3,31.3,31.9,300.0,300.0,30.8,34.800000000000004,30.700000000000003,30.200000000000003,31.9,4.95,1.99,4.96,0.16,0.0,0.0,1027.0,8228.0,0.0,0.0,0.0,0.0,0.0,1.0,0.0,0.0,0.0,0.04,0.0,1.0,0.0,0.2,0.0,0.1374,16.0,25903.0
2026-07-30T18:59:09.616Z,119.099,119.112,0.0,7.4,0.0,0.0,0.0,0.0,0.0,0.0,0.0,0.0,1.0,0.0,0.0,0.0,9.0,4.0,0.0,0.0,0.0,0.0,0.0,0.0,0.0,0.0,3.0,12.0,1.0,12.17,5.01,2.51,1.49,2.9000000000000004,-7.4,0.5,7.0,0.0,-0.2,-0.1,-0.3,3.5,0.0,89.0,9.4,0.0,21.3,31.3,31.3,31.9,300.0,300.0,30.8,34.800000000000004,30.700000000000003,30.200000000000003,31.9,4.95,1.99,4.97,0.16,0.0,0.0,1027.0,8228.0,0.0,0.0,0.0,0.0,0.0,1.0,0.0,0.0,0.0,0.044,0.0,0.2,0.0,-0.3,0.0,0.1623,16.0,25903.0
2026-07-30T18:59:09.628Z,119.111,119.124,0.0,7.4,0.0,0.0,0.0,0.0,0.0,0.0,0.0,0.0,1.0,0.0,0.0,0.0,9.0,4.0,0.0,0.0,0.0,0.0,0.0,0.0,0.0,0.0,5.0,12.0,1.0,12.17,5.01,2.51,1.49,7.6,-1.4,0.6000000000000001,7.6,0.0,-0.2,0.4,-1.5,-0.7000000000000001,0.0,91.0,97.2,0.0,21.3,31.3,31.3,31.9,300.0,300.0,30.8,34.800000000000004,30.700000000000003,30.200000000000003,31.9,4.96,2.0,4.97,0.16,0.0,0.0,1027.0,8228.0,0.0,0.0,0.0,0.0,0.0,1.0,0.0,0.0,0.0,0.048,0.0,-1.5,0.0,-0.1,0.0,0.1778,16.0,25903.0
2026-07-30T18:59:09.641Z,119.124,119.136,0.0,7.4,0.0,0.0,0.0,0.0,0.0,0.0,0.0,0.0,1.0,0.0,0.0,0.0,9.0,4.0,0.0,0.0,0.0,0.0,0.0,0.0,0.0,0.0,5.0,12.0,1.0,12.18,5.01,2.51,1.49,-2.7,8.3,0.6000000000000001,7.800000000000001,0.0,0.3,0.4,0.2,-9.0,0.0,94.0,186.3,0.0,21.9,31.3,31.3,31.9,300.0,300.0,30.9,34.800000000000004,30.700000000000003,30.200000000000003,31.8,4.96,2.0,4.96,0.15,0.0,0.0,1027.0,8228.0,0.0,0.0,0.0,0.0,0.0,1.0,0.0,0.0,0.0,0.05,0.0,0.6000000000000001,0.0,-0.3,0.0,0.1926,16.0,25903.0
2026-07-30T18:59:09.652Z,119.135,119.148,0.0,7.4,0.0,0.0,0.0,0.0,0.0,0.0,0.0,0.0,1.0,0.0,0.0,0.0,9.0,4.0,0.0,0.0,0.0,0.0,0.0,0.0,0.0,0.0,6.0,12.0,1.0,12.18,5.01,2.51,1.49,-7.9,1.2000000000000002,0.6000000000000001,8.1,0.0,-0.8,-1.2000000000000002,0.8,0.9,0.0,96.0,277.2,0.0,21.9,31.3,31.3,31.9,300.0,300.0,30.9,34.800000000000004,30.700000000000003,30.200000000000003,31.8,4.95,1.99,4.97,0.15,0.0,0.0,1027.0,8228.0,0.0,0.0,0.0,0.0,0.0,1.0,0.0,0.0,0.0,0.05,0.0,-0.7000000000000001,0.0,1.0,0.0,0.2002,16.0,25903.0
2026-07-30T18:59:09.664Z,119.147,119.16,0.0,7.4,0.0,0.0,0.0,0.0,0.0,0.0,0.0,0.0,1.0,0.0,0.0,0.0,9.0,4.0,0.0,0.0,0.0,0.0,0.0,0.0,0.0,0.0,2.0,12.0,1.0,12.18,5.01,2.51,1.49,3.7,-8.3,0.7000000000000001,8.1,0.0,-0.8,0.0,-0.8,3.3000000000000003,0.0,98.0,11.5,0.0,21.9,31.3,31.3,31.9,300.0,300.0,30.9,34.800000000000004,30.700000000000003,30.200000000000003,31.8,4.95,2.0,4.96,0.16,0.0,0.0,1027.0,8228.0,0.0,0.0,0.0,0.0,0.0,1.0,0.0,0.0,0.0,0.053,0.0,0.3,0.0,-0.9,0.0,0.2038,16.0,25903.0
2026-07-30T18:59:09.676Z,119.159,119.172,0.0,7.4,0.0,0.0,0.0,0.0,0.0,0.0,0.0,0.0,1.0,0.0,0.0,0.0,9.0,4.0,0.0,0.0,0.0,0.0,0.0,0.0,0.0,0.0,3.0,12.0,1.0,12.18,5.01,2.51,1.49,7.4,-0.2,0.7000000000000001,8.1,0.0,-0.3,1.1,-0.3,-1.4,0.0,101.0,108.0,0.0,21.9,31.3,31.3,31.9,300.0,300.0,30.9,34.800000000000004,30.700000000000003,30.200000000000003,31.8,4.96,2.0,4.96,0.16,0.0,0.0,1027.0,8228.0,0.0,0.0,0.0,0.0,0.0,1.0,0.0,0.0,0.0,0.054,0.0,0.0,0.0,1.1,0.0,0.213,16.0,25903.0
2026-07-30T18:59:09.687Z,119.17,119.184,0.0,7.4,0.0,0.0,0.0,0.0,0.0,0.0,0.0,0.0,1.0,0.0,0.0,0.0,9.0,4.0,0.0,0.0,0.0,0.0,0.0,0.0,0.0,0.0,4.0,12.0,1.0,12.18,5.01,2.51,1.49,-4.0,8.3,0.6000000000000001,8.0,0.0,-0.3,0.5,-1.5,-8.700000000000001,0.0,102.0,190.8,0.0,21.9,31.3,31.3,31.9,300.0,300.0,30.9,34.800000000000004,30.700000000000003,30.200000000000003,31.8,4.95,2.0,4.97,0.16,0.0,0.0,1027.0,8228.0,0.0,0.0,0.0,0.0,0.0,1.0,0.0,0.0,0.0,0.049,0.0,0.0,0.0,1.5,0.0,0.217,16.0,25903.0
2026-07-30T18:59:09.700Z,119.183,119.196,0.0,7.4,0.0,0.0,0.0,0.0,0.0,0.0,0.0,0.0,1.0,0.0,0.0,0.0,9.0,4.0,0.0,0.0,0.0,0.0,0.0,0.0,0.0,0.0,5.0,12.0,1.0,12.18,5.01,2.51,1.49,-7.1000000000000005,0.2,0.7000000000000001,8.0,0.0,0.8,0.0,-0.3,0.8,0.0,104.0,282.3,0.0,21.9,31.3,31.3,31.9,300.0,300.0,30.9,34.800000000000004,30.700000000000003,30.200000000000003,31.8,4.96,1.99,4.97,0.16,0.0,0.0,1027.0,8228.0,0.0,0.0,0.0,0.0,0.0,1.0,0.0,0.0,0.0,0.05,0.0,0.3,0.0,0.1,0.0,0.1976,16.0,25903.0
2026-07-30T18:59:09.712Z,119.195,119.208,0.0,7.4,0.0,0.0,0.0,0.0,0.0,0.0,0.0,0.0,1.0,0.0,0.0,0.0,9.0,4.0,0.0,0.0,0.0,0.0,0.0,0.0,0.0,0.0,1.0,12.0,1.0,12.18,5.01,2.51,1.49,3.7,-7.9,0.7000000000000001,7.9,0.0,-0.2,0.0,0.8,2.9000000000000004,0.0,106.0,14.9,0.0,21.9,31.3,31.3,31.9,300.0,300.0,30.9,34.800000000000004,30.700000000000003,30.200000000000003,31.8,4.96,1.99,4.96,0.16,0.0,0.0,1027.0,8228.0,0.0,0.0,0.0,0.0,0.0,1.0,0.0,0.0,0.0,0.052,0.0,-0.2,0.0,0.9,0.0,0.2013,16.0,25903.0
2026-07-30T18:59:09.724Z,119.207,119.22,0.0,7.4,0.0,0.0,0.0,0.0,0.0,0.0,0.0,0.0,1.0,0.0,0.0,0.0,9.0,4.0,0.0,0.0,0.0,0.0,0.0,0.0,0.0,0.0,2.0,12.0,1.0,12.18,5.01,2.51,1.49,7.2,-0.7000000000000001,0.7000000000000001,7.800000000000001,0.0,-0.3,0.5,-1.4,-1.7000000000000002,0.0,107.0,104.9,0.0,21.9,31.3,31.3,31.9,300.0,300.0,30.9,34.800000000000004,30.700000000000003,30.200000000000003,31.8,4.96,1.99,4.96,0.16,0.0,0.0,1027.0,8228.0,0.0,0.0,0.0,0.0,0.0,1.0,0.0,0.0,0.0,0.051,0.0,-1.4,0.0,0.2,0.0,0.2113,16.0,25903.0
2026-07-30T18:59:09.736Z,119.219,119.232,0.0,7.4,0.0,0.0,0.0,0.0,0.0,0.0,0.0,0.0,1.0,0.0,0.0,0.0,9.0,4.0,0.0,0.0,0.0,0.0,0.0,0.0,0.0,0.0,4.0,12.0,1.0,12.18,5.01,2.51,1.49,-2.8000000000000003,7.7,0.6000000000000001,7.7,0.0,-1.4,-1.1,-1.5,-10.9,0.0,108.0,184.3,0.0,21.9,31.3,31.3,31.9,300.0,300.0,30.9,34.800000000000004,30.700000000000003,30.200000000000003,31.8,4.95,1.99,4.97,0.16,0.0,0.0,1027.0,8228.0,0.0,0.0,0.0,0.0,0.0,1.0,0.0,0.0,0.0,0.047,0.0,-2.0,0.0,1.6,0.0,0.2044,16.0,25903.0
2026-07-30T18:59:09.748Z,119.231,119.244,0.0,7.4,0.0,0.0,0.0,0.0,0.0,0.0,0.0,0.0,1.0,0.0,0.0,0.0,9.0,4.0,0.0,0.0,0.0,0.0,0.0,0.0,0.0,0.0,5.0,12.0,1.0,12.17,5.0200000000000005,2.5,1.49,-7.4,1.8,0.6000000000000001,7.7,0.0,0.2,-0.5,-0.3,-0.3,0.0,108.0,268.90000000000003,0.0,21.9,31.3,31.3,31.9,300.0,300.0,30.9,34.800000000000004,30.700000000000003,30.200000000000003,31.8,4.96,2.0,4.96,0.16,0.0,0.0,1027.0,8228.0,0.0,0.0,0.0,0.0,0.0,1.0,0.0,0.0,0.0,0.046,0.0,0.2,0.0,0.8,0.0,0.1883,16.0,25903.0
2026-07-30T18:59:09.760Z,119.243,119.256,0.0,7.4,0.0,0.0,0.0,0.0,0.0,0.0,0.0,0.0,1.0,0.0,0.0,0.0,9.0,4.0,0.0,0.0,0.0,0.0,0.0,0.0,0.0,0.0,1.0,12.0,1.0,12.17,5.0200000000000005,2.5,1.49,1.0,-7.0,0.7000000000000001,7.6,0.0,0.2,0.0,-0.2,3.1,0.0,109.0,356.3,0.0,21.9,31.3,31.3,31.9,300.0,300.0,30.9,34.800000000000004,30.700000000000003,30.200000000000003,31.8,4.96,2.0,4.96,0.16,0.0,0.0,1027.0,8228.0,0.0,0.0,0.0,0.0,0.0,1.0,0.0,0.0,0.0,0.049,0.0,0.1,0.0,-0.2,0.0,0.1864,16.0,25903.0
2026-07-30T18:59:09.772Z,119.255,119.268,0.0,7.4,0.0,0.0,0.0,0.0,0.0,0.0,0.0,0.0,1.0,0.0,0.0,0.0,9.0,4.0,0.0,0.0,0.0,0.0,0.0,0.0,0.0,0.0,2.0,12.0,1.0,12.17,5.0200000000000005,2.5,1.49,7.4,-3.5,0.6000000000000001,7.5,0.0,0.2,0.6000000000000001,-0.2,0.1,0.0,110.0,78.60000000000001,0.0,21.9,31.3,31.3,31.9,300.0,300.0,30.9,34.800000000000004,30.700000000000003,30.200000000000003,31.8,4.95,1.99,4.96,0.16,0.0,0.0,1027.0,8228.0,0.0,0.0,0.0,0.0,0.0,1.0,0.0,0.0,0.0,0.047,0.0,-0.3,0.0,0.4,0.0,0.1969,16.0,25903.0
2026-07-30T18:59:09.784Z,119.267,119.28,0.0,7.4,0.0,0.0,0.0,0.0,0.0,0.0,0.0,0.0,1.0,0.0,0.0,0.0,9.0,4.0,0.0,0.0,0.0,0.0,0.0,0.0,0.0,0.0,4.0,12.0,1.0,12.17,5.0200000000000005,2.5,1.49,1.0,5.800000000000001,0.6000000000000001,7.5,0.0,-0.3,-0.5,-0.2,-8.6,0.0,110.0,158.20000000000002,0.0,21.9,31.3,31.3,31.9,300.0,300.0,30.9,34.800000000000004,30.700000000000003,30.200000000000003,31.8,4.95,1.99,4.97,0.16,0.0,0.0,1027.0,8228.0,0.0,0.0,0.0,0.0,0.0,1.0,0.0,0.0,0.0,0.046,0.0,-0.8,0.0,0.0,0.0,0.1907,16.0,25903.0
2026-07-30T18:59:09.803Z,119.286,119.292,0.0,7.4,0.0,0.0,0.0,0.0,0.0,0.0,0.0,0.0,1.0,0.0,0.0,0.0,9.0,4.0,0.0,0.0,0.0,0.0,0.0,0.0,0.0,0.0,5.0,12.0,1.0,12.17,5.0200000000000005,2.5,1.49,-6.9,5.5,0.6000000000000001,7.4,0.0,-1.4,-1.1,-0.2,-4.1000000000000005,0.0,109.0,231.6,0.0,21.9,31.3,31.3,31.9,300.0,300.0,30.9,34.800000000000004,30.700000000000003,30.200000000000003,31.8,4.96,1.99,4.96,0.16,0.0,0.0,1027.0,8228.0,0.0,0.0,0.0,0.0,0.0,1.0,0.0,0.0,0.0,0.042,0.0,-0.7000000000000001,0.0,1.2000000000000002,0.0,0.1846,16.0,25903.0
2026-07-30T18:59:09.808Z,119.291,119.304,0.0,7.4,0.0,0.0,0.0,0.0,0.0,0.0,0.0,0.0,1.0,0.0,0.0,0.0,9.0,4.0,0.0,0.0,0.0,0.0,0.0,0.0,0.0,0.0,2.0,12.0,1.0,12.17,5.0200000000000005,2.5,1.49,-3.5,-3.5,0.7000000000000001,7.4,0.0,0.2,1.2000000000000002,-1.3,2.1,0.0,110.0,320.0,0.0,21.9,31.3,31.3,31.9,300.0,300.0,30.9,34.800000000000004,30.700000000000003,30.200000000000003,31.8,4.96,1.99,4.97,0.16,0.0,0.0,1027.0,8228.0,0.0,0.0,0.0,0.0,0.0,1.0,0.0,0.0,0.0,0.047,0.0,0.4,0.0,-1.4,0.0,0.1694,16.0,25903.0
2026-07-30T18:59:09.820Z,119.303,119.316,0.0,7.4,0.0,0.0,0.0,0.0,0.0,0.0,0.0,0.0,1.0,0.0,0.0,0.0,9.0,4.0,0.0,0.0,0.0,0.0,0.0,0.0,0.0,0.0,2.0,12.0,1.0,12.17,5.0200000000000005,2.5,1.49,5.2,-6.7,0.6000000000000001,7.300000000000001,0.0,0.3,-0.5,-0.7000000000000001,2.1,0.0,110.0,34.2,0.0,21.9,31.3,31.3,31.9,300.0,300.0,30.9,34.800000000000004,30.700000000000003,30.200000000000003,31.8,4.95,1.99,4.97,0.16,0.0,0.0,1027.0,8228.0,0.0,0.0,0.0,0.0,0.0,1.0,0.0,0.0,0.0,0.044,0.0,0.4,0.0,-1.2000000000000002,0.0,0.1915,16.0,25903.0
2026-07-30T18:59:09.831Z,119.314,119.328,0.0,7.4,0.0,0.0,0.0,0.0,0.0,0.0,0.0,0.0,1.0,0.0,0.0,0.0,9.0,4.0,0.0,0.0,0.0,0.0,0.0,0.0,0.0,0.0,3.0,12.0,1.0,12.17,5.0200000000000005,2.5,1.49,5.7,0.5,0.6000000000000001,7.2,0.0,0.3,-0.4,1.0,-3.3000000000000003,0.0,109.0,110.5,0.0,21.9,31.3,31.3,31.9,300.0,300.0,30.9,34.800000000000004,30.700000000000003,30.200000000000003,31.8,4.96,1.99,4.97,0.16,0.0,0.0,1027.0,8228.0,0.0,0.0,0.0,0.0,0.0,1.0,0.0,0.0,0.0,0.042,0.0,0.9,0.0,-0.3,0.0,0.1766,16.0,25903.0
2026-07-30T18:59:09.845Z,119.328,119.34,0.0,7.4,0.0,0.0,0.0,0.0,0.0,0.0,0.0,0.0,1.0,0.0,0.0,0.0,9.0,4.0,0.0,0.0,0.0,0.0,0.0,0.0,0.0,0.0,4.0,12.0,1.0,12.13,5.01,2.51,1.49,-2.0,6.7,0.6000000000000001,7.1000000000000005,0.0,0.3,-1.0,-0.1,-12.0,0.0,109.0,185.4,0.0,22.1,31.3,31.3,31.9,300.0,300.0,30.700000000000003,34.800000000000004,30.700000000000003,30.200000000000003,31.8,4.95,2.0,4.96,0.16,0.0,0.0,1027.0,8228.0,0.0,0.0,0.0,0.0,0.0,1.0,0.0,0.0,0.0,0.042,0.0,-1.2000000000000002,0.0,0.2,0.0,0.1718,16.0,25903.0
2026-07-30T18:59:09.856Z,119.339,119.352,0.0,7.4,0.0,0.0,0.0,0.0,0.0,0.0,0.0,0.0,1.0,0.0,0.0,0.0,9.0,4.0,0.0,0.0,0.0,0.0,0.0,0.0,0.0,0.0,6.0,12.0,1.0,12.13,5.01,2.51,1.49,-6.7,3.2,0.5,7.1000000000000005,0.0,0.3,0.6000000000000001,0.4,-1.0,0.0,108.0,255.6,0.0,22.1,31.3,31.3,31.9,300.0,300.0,30.700000000000003,34.800000000000004,30.700000000000003,30.200000000000003,31.8,4.95,1.99,4.97,0.16,0.0,0.0,1027.0,8228.0,0.0,0.0,0.0,0.0,0.0,1.0,0.0,0.0,0.0,0.04,0.0,-0.1,0.0,-1.1,0.0,0.172,16.0,25903.0
2026-07-30T18:59:09.868Z,119.351,119.364,0.0,7.4,0.0,0.0,0.0,0.0,0.0,0.0,0.0,0.0,1.0,0.0,0.0,0.0,9.0,4.0,0.0,0.0,0.0,0.0,0.0,0.0,0.0,0.0,1.0,12.0,1.0,12.13,5.01,2.51,1.49,-1.6,-4.6000000000000005,0.6000000000000001,7.0,0.0,0.3,0.0,0.4,3.8,0.0,108.0,333.0,0.0,22.1,31.3,31.3,31.9,300.0,300.0,30.700000000000003,34.800000000000004,30.700000000000003,30.200000000000003,31.8,4.96,1.99,4.97,0.16,0.0,0.0,1027.0,8228.0,0.0,0.0,0.0,0.0,0.0,1.0,0.0,0.0,0.0,0.042,0.0,-0.5,0.0,0.2,0.0,0.1615,16.0,25903.0
2026-07-30T18:59:09.880Z,119.363,119.376,0.0,7.4,0.0,0.0,0.0,0.0,0.0,0.0,0.0,0.0,1.0,0.0,0.0,0.0,9.0,4.0,0.0,0.0,0.0,0.0,0.0,0.0,0.0,0.0,2.0,12.0,1.0,12.13,5.01,2.51,1.49,5.2,-5.800000000000001,0.5,7.0,0.0,1.4,1.2000000000000002,1.0,2.9000000000000004,0.0,108.0,42.900000000000006,0.0,22.1,31.3,31.3,31.9,300.0,300.0,30.700000000000003,34.800000000000004,30.700000000000003,30.200000000000003,31.8,4.96,1.99,4.97,0.16,0.0,0.0,1027.0,8228.0,0.0,0.0,0.0,0.0,0.0,1.0,0.0,0.0,0.0,0.04,0.0,-0.8,0.0,2.1,0.0,0.1712,16.0,25903.0
2026-07-30T18:59:09.892Z,119.375,119.388,0.0,7.4,0.0,0.0,0.0,0.0,0.0,0.0,0.0,0.0,1.0,0.0,0.0,0.0,9.0,4.0,0.0,0.0,0.0,0.0,0.0,0.0,0.0,0.0,3.0,12.0,1.0,12.13,5.01,2.51,1.49,5.1000000000000005,0.7000000000000001,0.5,6.9,0.0,-0.2,-0.4,-0.1,-3.0,0.0,107.0,113.2,0.0,22.1,31.3,31.3,31.9,300.0,300.0,30.700000000000003,34.800000000000004,30.700000000000003,30.200000000000003,31.8,4.95,1.99,4.96,0.16,0.0,0.0,1027.0,8228.0,0.0,0.0,0.0,0.0,0.0,1.0,0.0,0.0,0.0,0.04,0.0,-0.3,0.0,-0.5,0.0,0.1633,16.0,25903.0
2026-07-30T18:59:09.904Z,119.387,119.4,0.0,7.4,0.0,0.0,0.0,0.0,0.0,0.0,0.0,0.0,1.0,0.0,0.0,0.0,9.0,4.0,0.0,0.0,0.0,0.0,0.0,0.0,0.0,0.0,4.0,12.0,1.0,12.13,5.01,2.51,1.49,-1.5,6.1000000000000005,0.5,6.800000000000001,0.0,-0.2,0.1,0.4,-13.5,0.0,106.0,180.0,0.0,22.1,31.3,31.3,31.9,300.0,300.0,30.700000000000003,34.800000000000004,30.700000000000003,30.200000000000003,31.8,4.95,1.99,4.96,0.16,0.0,0.0,1027.0,8228.0,0.0,0.0,0.0,0.0,0.0,1.0,0.0,0.0,0.0,0.038,0.0,0.3,0.0,-0.4,0.0,0.1603,16.0,25903.0
2026-07-30T18:59:09.916Z,119.399,119.412,0.0,7.4,0.0,0.0,0.0,0.0,0.0,0.0,0.0,0.0,1.0,0.0,0.0,0.0,9.0,4.0,0.0,0.0,0.0,0.0,0.0,0.0,0.0,0.0,5.0,12.0,1.0,12.13,5.01,2.51,1.49,-6.1000000000000005,3.7,0.5,6.7,0.0,-0.3,0.1,-0.1,-1.9,0.0,105.0,247.5,0.0,22.1,31.3,31.3,31.9,300.0,300.0,30.700000000000003,34.800000000000004,30.700000000000003,30.200000000000003,31.8,4.95,2.0,4.96,0.16,0.0,0.0,1027.0,8228.0,0.0,0.0,0.0,0.0,0.0,1.0,0.0,0.0,0.0,0.038,0.0,0.1,0.0,0.0,0.0,0.1543,16.0,25903.0
2026-07-30T18:59:09.928Z,119.411,119.424,0.0,7.4,0.0,0.0,0.0,0.0,0.0,0.0,0.0,0.0,1.0,0.0,0.0,0.0,9.0,4.0,0.0,0.0,0.0,0.0,0.0,0.0,0.0,0.0,1.0,12.0,1.0,12.13,5.01,2.51,1.49,-3.0,-3.0,0.5,6.7,0.0,0.2,-0.4,2.2,3.7,0.0,104.0,318.6,0.0,22.1,31.3,31.3,31.9,300.0,300.0,30.700000000000003,34.800000000000004,30.700000000000003,30.200000000000003,31.8,4.95,2.0,4.96,0.16,0.0,0.0,1027.0,8228.0,0.0,0.0,0.0,0.0,0.0,1.0,0.0,0.0,0.0,0.039,0.0,-2.0,0.0,1.1,0.0,0.1525,16.0,25903.0
2026-07-30T18:59:09.940Z,119.423,119.436,0.0,7.4,0.0,0.0,0.0,0.0,0.0,0.0,0.0,0.0,1.0,0.0,0.0,0.0,9.0,4.0,0.0,0.0,0.0,0.0,0.0,0.0,0.0,0.0,2.0,12.0,1.0,12.13,5.01,2.51,1.49,3.4000000000000004,-5.800000000000001,0.5,6.6000000000000005,0.0,0.8,0.1,0.4,4.0,0.0,104.0,23.5,0.0,22.1,31.3,31.3,31.9,300.0,300.0,30.700000000000003,34.800000000000004,30.700000000000003,30.200000000000003,31.8,4.95,1.99,4.97,0.16,0.0,0.0,1027.0,8228.0,0.0,0.0,0.0,0.0,0.0,1.0,0.0,0.0,0.0,0.037,0.0,-0.1,0.0,0.5,0.0,0.1592,16.0,25903.0
2026-07-30T18:59:09.952Z,119.435,119.448,0.0,7.4,0.0,0.0,0.0,0.0,0.0,0.0,0.0,0.0,1.0,0.0,0.0,0.0,9.0,4.0,0.0,0.0,0.0,0.0,0.0,0.0,0.0,0.0,4.0,12.0,1.0,12.18,5.0200000000000005,2.51,1.49,5.7,-1.9,0.5,6.5,0.0,-0.3,0.1,1.6,-0.3,0.0,103.0,87.9,0.0,21.4,31.3,31.3,31.9,300.0,300.0,30.700000000000003,34.800000000000004,30.700000000000003,30.200000000000003,31.8,4.95,1.99,4.96,0.16,0.0,0.0,1027.0,8228.0,0.0,0.0,0.0,0.0,0.0,1.0,0.0,0.0,0.0,0.036,0.0,1.6,0.0,1.1,0.0,0.1513,16.0,25903.0
2026-07-30T18:59:09.964Z,119.447,119.46,0.0,7.4,0.0,0.0,0.0,0.0,0.0,0.0,0.0,0.0,1.0,0.0,0.0,0.0,9.0,4.0,0.0,0.0,0.0,0.0,0.0,0.0,0.0,0.0,5.0,12.0,1.0,12.18,5.0200000000000005,2.51,1.49,1.6,3.9,0.5,6.5,0.0,0.2,1.8,0.4,-9.0,0.0,102.0,152.3,0.0,21.4,31.3,31.3,31.9,300.0,300.0,30.700000000000003,34.800000000000004,30.700000000000003,30.200000000000003,31.8,4.96,2.0,4.96,0.16,0.0,0.0,1027.0,8228.0,0.0,0.0,0.0,0.0,0.0,1.0,0.0,0.0,0.0,0.036,0.0,2.3000000000000003,0.0,0.7000000000000001,0.0,0.1464,16.0,25903.0
2026-07-30T18:59:09.976Z,119.459,119.472,0.0,7.4,0.0,0.0,0.0,0.0,0.0,0.0,0.0,0.0,1.0,0.0,0.0,0.0,9.0,4.0,0.0,0.0,0.0,0.0,0.0,0.0,0.0,0.0,6.0,12.0,1.0,12.18,5.0200000000000005,2.51,1.49,-4.1000000000000005,5.5,0.4,6.5,0.0,0.2,-0.4,-0.1,-7.1000000000000005,0.0,100.0,213.0,0.0,21.4,31.3,31.3,31.9,300.0,300.0,30.700000000000003,34.800000000000004,30.700000000000003,30.200000000000003,31.8,4.95,2.0,4.96,0.16,0.0,0.0,1027.0,8228.0,0.0,0.0,0.0,0.0,0.0,1.0,0.0,0.0,0.0,0.035,0.0,-0.4,0.0,0.4,0.0,0.1467,16.0,25903.0
2026-07-30T18:59:09.988Z,119.471,119.484,0.0,7.4,0.0,0.0,0.0,0.0,0.0,0.0,0.0,0.0,1.0,0.0,0.0,0.0,9.0,4.0,0.0,0.0,0.0,0.0,0.0,0.0,0.0,0.0,1.0,12.0,1.0,12.18,5.0200000000000005,2.51,1.49,-5.2,1.3,0.4,6.4,0.0,-0.3,0.7000000000000001,-0.7000000000000001,1.8,0.0,99.0,274.1,0.0,21.4,31.3,31.3,31.9,300.0,300.0,30.700000000000003,34.800000000000004,30.700000000000003,30.200000000000003,31.8,4.96,1.99,4.96,0.16,0.0,0.0,1027.0,8228.0,0.0,0.0,0.0,0.0,0.0,1.0,0.0,0.0,0.0,0.034,0.0,0.7000000000000001,0.0,-0.4,0.0,0.1403,16.0,25903.0
2026-07-30T18:59:10.000Z,119.483,119.496,0.0,7.4,0.0,0.0,0.0,0.0,0.0,0.0,0.0,0.0,1.0,0.0,0.0,0.0,9.0,4.0,0.0,0.0,0.0,0.0,0.0,0.0,0.0,0.0,2.0,12.0,1.0,12.18,5.0200000000000005,2.51,1.49,-1.3,-3.8,0.4,6.300000000000001,0.0,-0.2,-0.4,0.4,5.800000000000001,0.0,98.0,333.20000000000005,0.0,21.4,31.3,31.3,31.9,300.0,300.0,30.700000000000003,34.800000000000004,30.700000000000003,30.200000000000003,31.8,4.96,1.99,4.96,0.16,0.0,0.0,1027.0,8228.0,0.0,0.0,0.0,0.0,0.0,1.0,0.0,0.0,0.0,0.033,0.0,0.0,0.0,0.5,0.0,0.1387,16.0,25903.0
2026-07-30T18:59:10.012Z,119.495,119.508,0.0,7.4,0.0,0.0,0.0,0.0,0.0,0.0,0.0,0.0,1.0,0.0,0.0,0.0,9.0,4.0,0.0,0.0,0.0,0.0,0.0,0.0,0.0,0.0,4.0,12.0,1.0,12.18,5.0200000000000005,2.51,1.49,3.8,-5.0,0.4,6.300000000000001,0.0,-0.3,0.7000000000000001,2.1,5.1000000000000005,0.0,97.0,32.6,0.0,21.4,31.3,31.3,31.9,300.0,300.0,30.700000000000003,34.800000000000004,30.700000000000003,30.200000000000003,31.8,4.95,1.99,4.96,0.16,0.0,0.0,1027.0,8228.0,0.0,0.0,0.0,0.0,0.0,1.0,0.0,0.0,0.0,0.033,0.0,0.3,0.0,-1.1,0.0,0.1357,16.0,25903.0
2026-07-30T18:59:10.024Z,119.507,119.52,0.0,7.4,0.0,0.0,0.0,0.0,0.0,0.0,0.0,0.0,1.0,0.0,0.0,0.0,9.0,4.0,0.0,0.0,0.0,0.0,0.0,0.0,0.0,0.0,5.0,12.0,1.0,12.18,5.0200000000000005,2.51,1.49,5.0,-1.4,0.4,6.2,0.0,-0.3,0.7000000000000001,-0.1,0.2,0.0,96.0,91.2,0.0,21.4,31.3,31.3,31.9,300.0,300.0,30.700000000000003,34.800000000000004,30.700000000000003,30.200000000000003,31.8,4.96,1.99,4.97,0.16,0.0,0.0,1027.0,8228.0,0.0,0.0,0.0,0.0,0.0,1.0,0.0,0.0,0.0,0.033,0.0,0.4,0.0,0.4,0.0,0.1354,16.0,25903.0
2026-07-30T18:59:10.036Z,119.519,119.532,0.0,7.4,0.0,0.0,0.0,0.0,0.0,0.0,0.0,0.0,1.0,0.0,0.0,0.0,9.0,4.0,0.0,0.0,0.0,0.0,0.0,0.0,0.0,0.0,6.0,12.0,1.0,12.18,5.0200000000000005,2.51,1.49,1.8,2.9000000000000004,0.4,6.2,0.0,-0.3,-0.4,0.4,-8.4,0.0,94.0,144.6,0.0,21.4,31.3,31.3,31.9,300.0,300.0,30.700000000000003,34.800000000000004,30.700000000000003,30.200000000000003,31.8,4.96,2.0,4.96,0.16,0.0,0.0,1027.0,8228.0,0.0,0.0,0.0,0.0,0.0,1.0,0.0,0.0,0.0,0.031,0.0,-1.6,0.0,-0.3,0.0,0.1338,16.0,25903.0
2026-07-30T18:59:10.049Z,119.532,119.544,0.0,7.4,0.0,0.0,0.0,0.0,0.0,0.0,0.0,0.0,1.0,0.0,0.0,0.0,9.0,4.0,0.0,0.0,0.0,0.0,0.0,0.0,0.0,0.0,1.0,12.0,1.0,12.14,5.0200000000000005,2.51,1.5,-2.4000000000000004,4.9,0.3,6.1000000000000005,0.0,-0.3,-1.0,1.0,-12.1,0.0,93.0,195.2,0.0,21.4,31.3,31.3,31.9,300.0,300.0,30.700000000000003,34.7,30.700000000000003,30.200000000000003,31.8,4.96,1.99,4.96,0.15,0.0,0.0,1027.0,8228.0,0.0,0.0,0.0,0.0,0.0,1.0,0.0,0.0,0.0,0.029,0.0,-0.8,0.0,-0.7000000000000001,0.0,0.125,16.0,25903.0
2026-07-30T18:59:10.060Z,119.543,119.556,0.0,7.4,0.0,0.0,0.0,0.0,0.0,0.0,0.0,0.0,1.0,0.0,0.0,0.0,9.0,4.0,0.0,0.0,0.0,0.0,0.0,0.0,0.0,0.0,2.0,12.0,1.0,12.14,5.0200000000000005,2.51,1.5,-5.0,2.8000000000000003,0.4,6.1000000000000005,0.0,0.2,1.3,-0.7000000000000001,-1.2000000000000002,0.0,91.0,249.0,0.0,21.4,31.3,31.3,31.9,300.0,300.0,30.700000000000003,34.7,30.700000000000003,30.200000000000003,31.8,4.95,2.0,4.96,0.16,0.0,0.0,1027.0,8228.0,0.0,0.0,0.0,0.0,0.0,1.0,0.0,0.0,0.0,0.029,0.0,1.0,0.0,-0.7000000000000001,0.0,0.117,16.0,25903.0
2026-07-30T18:59:10.072Z,119.555,119.568,0.0,7.4,0.0,0.0,0.0,0.0,0.0,0.0,0.0,0.0,1.0,0.0,0.0,0.0,9.0,4.0,0.0,0.0,0.0,0.0,0.0,0.0,0.0,0.0,3.0,12.0,1.0,12.14,5.0200000000000005,2.51,1.5,-3.4000000000000004,-1.9,0.4,6.0,0.0,0.2,-0.4,-0.7000000000000001,4.7,0.0,91.0,308.8,0.0,21.4,31.3,31.3,31.9,300.0,300.0,30.700000000000003,34.7,30.700000000000003,30.200000000000003,31.8,4.96,2.0,4.96,0.16,0.0,0.0,1027.0,8228.0,0.0,0.0,0.0,0.0,0.0,1.0,0.0,0.0,0.0,0.032,0.0,1.1,0.0,0.2,0.0,0.1199,16.0,25903.0
2026-07-30T18:59:10.084Z,119.567,119.58,0.0,7.4,0.0,0.0,0.0,0.0,0.0,0.0,0.0,0.0,1.0,0.0,0.0,0.0,9.0,4.0,0.0,0.0,0.0,0.0,0.0,0.0,0.0,0.0,4.0,12.0,1.0,12.14,5.0200000000000005,2.51,1.5,2.5,-6.0,0.4,6.0,0.0,-0.3,-0.9,-0.1,5.7,0.0,90.0,12.4,0.0,21.4,31.3,31.3,31.9,300.0,300.0,30.700000000000003,34.7,30.700000000000003,30.200000000000003,31.8,4.95,1.99,4.97,0.16,0.0,0.0,1027.0,8228.0,0.0,0.0,0.0,0.0,0.0,1.0,0.0,0.0,0.0,0.035,0.0,1.1,0.0,-0.3,0.0,0.1311,16.0,25903.0
2026-07-30T18:59:10.096Z,119.579,119.592,0.0,7.4,0.0,0.0,0.0,0.0,0.0,0.0,0.0,0.0,1.0,0.0,0.0,0.0,9.0,4.0,0.0,0.0,0.0,0.0,0.0,0.0,0.0,0.0,6.0,12.0,1.0,12.14,5.0200000000000005,2.51,1.5,6.6000000000000005,-2.6,0.5,6.2,0.0,0.8,-0.4,1.0,1.7000000000000002,0.0,91.0,83.30000000000001,0.0,21.4,31.3,31.3,31.9,300.0,300.0,30.700000000000003,34.7,30.700000000000003,30.200000000000003,31.8,4.95,1.99,4.97,0.16,0.0,0.0,1027.0,8228.0,0.0,0.0,0.0,0.0,0.0,1.0,0.0,0.0,0.0,0.038,0.0,1.0,0.0,0.2,0.0,0.1408,16.0,25903.0
2026-07-30T18:59:10.108Z,119.591,119.604,0.0,7.4,0.0,0.0,0.0,0.0,0.0,0.0,0.0,0.0,1.0,0.0,0.0,0.0,9.0,4.0,0.0,0.0,0.0,0.0,0.0,0.0,0.0,0.0,6.0,12.0,1.0,12.14,5.0200000000000005,2.51,1.5,1.0,5.7,0.5,6.7,0.0,-0.3,-0.3,1.0,-7.4,0.0,92.0,160.0,0.0,21.4,31.3,31.3,31.9,300.0,300.0,30.700000000000003,34.7,30.700000000000003,30.200000000000003,31.8,4.95,2.0,4.97,0.16,0.0,0.0,1027.0,8228.0,0.0,0.0,0.0,0.0,0.0,1.0,0.0,0.0,0.0,0.042,0.0,0.4,0.0,-0.9,0.0,0.1549,16.0,25903.0
2026-07-30T18:59:10.124Z,119.607,119.616,0.0,7.4,0.0,0.0,0.0,0.0,0.0,0.0,0.0,0.0,1.0,0.0,0.0,0.0,9.0,4.0,0.0,0.0,0.0,0.0,0.0,0.0,0.0,0.0,6.0,12.0,1.0,12.14,5.0200000000000005,2.51,1.5,-7.6,5.7,0.5,7.1000000000000005,0.0,-0.3,0.1,-0.1,-1.3,0.0,93.0,240.8,0.0,21.4,31.3,31.3,31.9,300.0,300.0,30.700000000000003,34.7,30.700000000000003,30.200000000000003,31.8,4.96,2.0,4.96,0.16,0.0,0.0,1027.0,8228.0,0.0,0.0,0.0,0.0,0.0,1.0,0.0,0.0,0.0,0.044,0.0,0.1,0.0,0.0,0.0,0.1693,16.0,25903.0
2026-07-30T18:59:10.132Z,119.615,119.628,0.0,7.4,0.0,0.0,0.0,0.0,0.0,0.0,0.0,0.0,1.0,0.0,0.0,0.0,9.0,4.0,0.0,0.0,0.0,0.0,0.0,0.0,0.0,0.0,5.0,12.0,1.0,12.14,5.0200000000000005,2.51,1.5,-2.4000000000000004,-5.6000000000000005,0.6000000000000001,7.800000000000001,0.0,-0.2,-0.4,-0.1,4.1000000000000005,0.0,95.0,327.8,0.0,21.4,31.3,31.3,31.9,300.0,300.0,30.700000000000003,34.7,30.700000000000003,30.200000000000003,31.8,4.95,1.99,4.97,0.16,0.0,0.0,1027.0,8228.0,0.0,0.0,0.0,0.0,0.0,1.0,0.0,0.0,0.0,0.047,0.0,0.5,0.0,0.1,0.0,0.1794,16.0,25903.0
2026-07-30T18:59:10.144Z,119.627,119.64,0.0,7.4,0.0,0.0,0.0,0.0,0.0,0.0,0.0,0.0,1.0,0.0,0.0,0.0,9.0,4.0,0.0,0.0,0.0,0.0,0.0,0.0,0.0,0.0,1.0,12.0,1.0,12.14,5.0200000000000005,2.51,1.5,8.200000000000001,-6.1000000000000005,0.7000000000000001,8.0,0.0,-0.8,0.7000000000000001,-0.1,2.6,0.0,97.0,62.5,0.0,21.4,31.3,31.3,31.9,300.0,300.0,30.700000000000003,34.7,30.700000000000003,30.200000000000003,31.8,4.95,1.99,4.96,0.16,0.0,0.0,1027.0,8228.0,0.0,0.0,0.0,0.0,0.0,1.0,0.0,0.0,0.0,0.051,0.0,-0.4,0.0,0.6000000000000001,0.0,0.1917,16.0,25903.0
2026-07-30T18:59:10.157Z,119.64,119.652,0.0,7.4,0.0,0.0,0.0,0.0,0.0,0.0,0.0,0.0,1.0,0.0,0.0,0.0,9.0,4.0,0.0,0.0,0.0,0.0,0.0,0.0,0.0,0.0,3.0,12.0,1.0,12.18,5.01,2.51,1.49,1.5,6.6000000000000005,0.7000000000000001,8.200000000000001,0.0,0.3,-0.3,-0.7000000000000001,-5.6000000000000005,0.0,100.0,155.8,0.0,21.700000000000003,31.3,31.3,31.9,300.0,300.0,30.700000000000003,34.7,30.700000000000003,30.200000000000003,31.8,4.96,1.99,4.96,0.16,0.0,0.0,1027.0,8228.0,0.0,0.0,0.0,0.0,0.0,1.0,0.0,0.0,0.0,0.053,0.0,-1.0,0.0,0.3,0.0,0.2073,16.0,25903.0
2026-07-30T18:59:10.168Z,119.651,119.664,0.0,7.4,0.0,0.0,0.0,0.0,0.0,0.0,0.0,0.0,1.0,0.0,0.0,0.0,9.0,4.0,0.0,0.0,0.0,0.0,0.0,0.0,0.0,0.0,4.0,12.0,1.0,12.18,5.01,2.51,1.49,-8.6,5.2,0.7000000000000001,8.200000000000001,0.0,-0.2,-0.3,0.4,-0.5,0.0,102.0,247.6,0.0,21.700000000000003,31.3,31.3,31.9,300.0,300.0,30.700000000000003,34.7,30.700000000000003,30.200000000000003,31.8,4.95,1.99,4.97,0.16,0.0,0.0,1027.0,8228.0,0.0,0.0,0.0,0.0,0.0,1.0,0.0,0.0,0.0,0.052,0.0,-0.4,0.0,0.0,0.0,0.2132,16.0,25903.0
2026-07-30T18:59:10.180Z,119.663,119.676,0.0,7.4,0.0,0.0,0.0,0.0,0.0,0.0,0.0,0.0,1.0,0.0,0.0,0.0,9.0,4.0,0.0,0.0,0.0,0.0,0.0,0.0,0.0,0.0,5.0,12.0,1.0,12.18,5.01,2.51,1.49,-0.5,-6.9,0.7000000000000001,8.200000000000001,0.0,-0.3,-0.4,-1.3,4.0,0.0,104.0,344.40000000000003,0.0,21.700000000000003,31.3,31.3,31.9,300.0,300.0,30.700000000000003,34.7,30.700000000000003,30.200000000000003,31.8,4.95,1.99,4.97,0.16,0.0,0.0,1027.0,8228.0,0.0,0.0,0.0,0.0,0.0,1.0,0.0,0.0,0.0,0.054,0.0,1.5,0.0,-0.9,0.0,0.2085,16.0,25903.0
2026-07-30T18:59:10.191Z,119.674,119.688,0.0,7.4,0.0,0.0,0.0,0.0,0.0,0.0,0.0,0.0,1.0,0.0,0.0,0.0,9.0,4.0,0.0,0.0,0.0,0.0,0.0,0.0,0.0,0.0,6.0,12.0,1.0,12.18,5.01,2.51,1.49,8.3,-4.3,0.7000000000000001,8.1,0.0,0.8,0.7000000000000001,0.4,1.4,0.0,106.0,76.5,0.0,21.700000000000003,31.3,31.3,31.9,300.0,300.0,30.700000000000003,34.7,30.700000000000003,30.200000000000003,31.8,4.95,2.0,4.96,0.16,0.0,0.0,1027.0,8228.0,0.0,0.0,0.0,0.0,0.0,1.0,0.0,0.0,0.0,0.052,0.0,0.1,0.0,1.1,0.0,0.2171,16.0,25903.0
2026-07-30T18:59:10.204Z,119.687,119.7,0.0,7.4,0.0,0.0,0.0,0.0,0.0,0.0,0.0,0.0,1.0,0.0,0.0,0.0,9.0,4.0,0.0,0.0,0.0,0.0,0.0,0.0,0.0,0.0,2.0,12.0,1.0,12.18,5.01,2.51,1.49,0.2,7.0,0.7000000000000001,8.0,0.0,-0.3,0.1,0.4,-7.6,0.0,107.0,167.0,0.0,21.700000000000003,31.3,31.3,31.9,300.0,300.0,30.700000000000003,34.7,30.700000000000003,30.200000000000003,31.8,4.96,1.99,4.96,0.15,0.0,0.0,1027.0,8228.0,0.0,0.0,0.0,0.0,0.0,1.0,0.0,0.0,0.0,0.051,0.0,0.5,0.0,-0.3,0.0,0.2112,16.0,25903.0
2026-07-30T18:59:10.216Z,119.699,119.712,0.0,7.4,0.0,0.0,0.0,0.0,0.0,0.0,0.0,0.0,1.0,0.0,0.0,0.0,9.0,4.0,0.0,0.0,0.0,0.0,0.0,0.0,0.0,0.0,3.0,12.0,1.0,12.18,5.01,2.51,1.49,-8.1,4.3,0.7000000000000001,8.0,0.0,-0.2,-0.4,-0.7000000000000001,0.0,0.0,108.0,250.8,0.0,21.700000000000003,31.3,31.3,31.9,300.0,300.0,30.700000000000003,34.7,30.700000000000003,30.200000000000003,31.8,4.95,1.99,4.97,0.16,0.0,0.0,1027.0,8228.0,0.0,0.0,0.0,0.0,0.0,1.0,0.0,0.0,0.0,0.048,0.0,0.4,0.0,1.1,0.0,0.2077,16.0,25903.0
2026-07-30T18:59:10.228Z,119.711,119.724,0.0,7.4,0.0,0.0,0.0,0.0,0.0,0.0,0.0,0.0,1.0,0.0,0.0,0.0,9.0,4.0,0.0,0.0,0.0,0.0,0.0,0.0,0.0,0.0,4.0,12.0,1.0,12.18,5.01,2.51,1.49,-0.6000000000000001,-6.5,0.7000000000000001,7.9,0.0,1.4,0.7000000000000001,2.8000000000000003,4.4,0.0,109.0,341.20000000000005,0.0,21.700000000000003,31.3,31.3,31.9,300.0,300.0,30.700000000000003,34.7,30.700000000000003,30.200000000000003,31.8,4.96,2.0,4.96,0.16,0.0,0.0,1027.0,8228.0,0.0,0.0,0.0,0.0,0.0,1.0,0.0,0.0,0.0,0.05,0.0,-3.2,0.0,1.9,0.0,0.1938,16.0,25903.0
2026-07-30T18:59:10.240Z,119.723,119.736,0.0,7.4,0.0,0.0,0.0,0.0,0.0,0.0,0.0,0.0,1.0,0.0,0.0,0.0,9.0,4.0,0.0,0.0,0.0,0.0,0.0,0.0,0.0,0.0,5.0,12.0,1.0,12.18,5.01,2.51,1.49,7.7,-4.7,0.7000000000000001,7.800000000000001,0.0,-0.2,1.2000000000000002,-0.6000000000000001,2.1,0.0,110.0,70.10000000000001,0.0,21.700000000000003,31.3,31.3,31.9,300.0,300.0,30.700000000000003,34.7,30.700000000000003,30.200000000000003,31.8,4.96,1.99,4.96,0.16,0.0,0.0,1027.0,8228.0,0.0,0.0,0.0,0.0,0.0,1.0,0.0,0.0,0.0,0.05,0.0,-1.0,0.0,0.8,0.0,0.2017,16.0,25903.0
2026-07-30T18:59:10.253Z,119.736,119.748,0.0,7.4,0.0,0.0,0.0,0.0,0.0,0.0,0.0,0.0,1.0,0.0,0.0,0.0,9.0,4.0,0.0,0.0,0.0,0.0,0.0,0.0,0.0,0.0,1.0,12.0,1.0,12.14,5.01,2.51,1.49,1.6,5.800000000000001,0.7000000000000001,7.7,0.0,0.3,0.7000000000000001,-0.1,-6.300000000000001,0.0,111.0,155.20000000000002,0.0,21.3,31.3,31.3,31.9,300.0,300.0,30.8,34.7,30.700000000000003,30.200000000000003,31.8,4.95,1.99,4.96,0.16,0.0,0.0,1027.0,8228.0,0.0,0.0,0.0,0.0,0.0,1.0,0.0,0.0,0.0,0.049,0.0,0.6000000000000001,0.0,0.4,0.0,0.201,16.0,25903.0
2026-07-30T18:59:10.264Z,119.747,119.76,0.0,7.4,0.0,0.0,0.0,0.0,0.0,0.0,0.0,0.0,1.0,0.0,0.0,0.0,9.0,4.0,0.0,0.0,0.0,0.0,0.0,0.0,0.0,0.0,2.0,12.0,1.0,12.14,5.01,2.51,1.49,-7.2,5.800000000000001,0.6000000000000001,7.6,0.0,0.3,1.2000000000000002,1.6,-2.7,0.0,111.0,231.0,0.0,21.3,31.3,31.3,31.9,300.0,300.0,30.8,34.7,30.700000000000003,30.200000000000003,31.8,4.95,1.99,4.97,0.16,0.0,0.0,1027.0,8228.0,0.0,0.0,0.0,0.0,0.0,1.0,0.0,0.0,0.0,0.044,0.0,0.2,0.0,-2.9000000000000004,0.0,0.1965,16.0,25903.0
2026-07-30T18:59:10.276Z,119.759,119.772,0.0,7.4,0.0,0.0,0.0,0.0,0.0,0.0,0.0,0.0,1.0,0.0,0.0,0.0,9.0,4.0,0.0,0.0,0.0,0.0,0.0,0.0,0.0,0.0,3.0,12.0,1.0,12.14,5.01,2.51,1.49,-3.3000000000000003,-4.2,0.7000000000000001,7.6,0.0,0.8,-1.0,0.0,3.4000000000000004,0.0,112.0,321.3,0.0,21.3,31.3,31.3,31.9,300.0,300.0,30.8,34.7,30.700000000000003,30.200000000000003,31.8,4.96,1.99,4.96,0.16,0.0,0.0,1027.0,8228.0,0.0,0.0,0.0,0.0,0.0,1.0,0.0,0.0,0.0,0.049,0.0,1.0,0.0,0.7000000000000001,0.0,0.1768,16.0,25903.0
2026-07-30T18:59:10.288Z,119.771,119.784,0.0,7.4,0.0,0.0,0.0,0.0,0.0,0.0,0.0,0.0,1.0,0.0,0.0,0.0,9.0,4.0,0.0,0.0,0.0,0.0,0.0,0.0,0.0,0.0,4.0,12.0,1.0,12.14,5.01,2.51,1.49,6.1000000000000005,-6.6000000000000005,0.7000000000000001,7.5,0.0,-0.2,0.7000000000000001,0.0,2.8000000000000003,0.0,112.0,44.2,0.0,21.3,31.3,31.3,31.9,300.0,300.0,30.8,34.7,30.700000000000003,30.200000000000003,31.8,4.96,1.99,4.97,0.16,0.0,0.0,1027.0,8228.0,0.0,0.0,0.0,0.0,0.0,1.0,0.0,0.0,0.0,0.047,0.0,-0.5,0.0,0.5,0.0,0.1963,16.0,25903.0
2026-07-30T18:59:10.300Z,119.783,119.796,0.0,7.4,0.0,0.0,0.0,0.0,0.0,0.0,0.0,0.0,1.0,0.0,0.0,0.0,9.0,4.0,0.0,0.0,0.0,0.0,0.0,0.0,0.0,0.0,6.0,12.0,1.0,12.14,5.01,2.51,1.49,5.0,2.0,0.7000000000000001,7.5,0.0,0.3,0.0,-1.2000000000000002,-3.7,0.0,112.0,128.6,0.0,21.3,31.3,31.3,31.9,300.0,300.0,30.8,34.7,30.700000000000003,30.200000000000003,31.8,4.95,1.99,4.97,0.16,0.0,0.0,1027.0,8228.0,0.0,0.0,0.0,0.0,0.0,1.0,0.0,0.0,0.0,0.047,0.0,-1.3,0.0,0.3,0.0,0.1911,16.0,25903.0
2026-07-30T18:59:10.311Z,119.794,119.808,0.0,7.4,0.0,0.0,0.0,0.0,0.0,0.0,0.0,0.0,1.0,0.0,0.0,0.0,9.0,4.0,0.0,0.0,0.0,0.0,0.0,0.0,0.0,0.0,1.0,12.0,1.0,12.14,5.01,2.51,1.49,-4.1000000000000005,7.1000000000000005,0.6000000000000001,7.4,0.0,-0.8,-1.0,-1.7000000000000002,-8.5,0.0,112.0,198.1,0.0,21.3,31.3,31.3,31.9,300.0,300.0,30.8,34.7,30.700000000000003,30.200000000000003,31.8,4.96,1.99,4.97,0.16,0.0,0.0,1027.0,8228.0,0.0,0.0,0.0,0.0,0.0,1.0,0.0,0.0,0.0,0.041,0.0,-1.6,0.0,2.4000000000000004,0.0,0.191,16.0,25903.0
2026-07-30T18:59:10.324Z,119.807,119.82,0.0,7.4,0.0,0.0,0.0,0.0,0.0,0.0,0.0,0.0,1.0,0.0,0.0,0.0,9.0,4.0,0.0,0.0,0.0,0.0,0.0,0.0,0.0,0.0,3.0,12.0,1.0,12.14,5.01,2.51,1.49,-6.4,0.7000000000000001,0.6000000000000001,7.300000000000001,0.0,0.3,-0.4,-1.2000000000000002,0.9,0.0,111.0,278.3,0.0,21.3,31.3,31.3,31.9,300.0,300.0,30.8,34.7,30.700000000000003,30.200000000000003,31.8,4.95,2.0,4.96,0.16,0.0,0.0,1027.0,8228.0,0.0,0.0,0.0,0.0,0.0,1.0,0.0,0.0,0.0,0.043,0.0,1.3,0.0,1.0,0.0,0.1677,16.0,25903.0
2026-07-30T18:59:10.336Z,119.819,119.832,0.0,7.4,0.0,0.0,0.0,0.0,0.0,0.0,0.0,0.0,1.0,0.0,0.0,0.0,9.0,4.0,0.0,0.0,0.0,0.0,0.0,0.0,0.0,0.0,4.0,12.0,1.0,12.14,5.01,2.51,1.49,1.2000000000000002,-6.5,0.6000000000000001,7.300000000000001,0.0,0.3,0.1,0.5,3.8,0.0,111.0,358.5,0.0,21.3,31.3,31.3,31.9,300.0,300.0,30.8,34.7,30.700000000000003,30.200000000000003,31.8,4.95,1.99,4.97,0.16,0.0,0.0,1027.0,8228.0,0.0,0.0,0.0,0.0,0.0,1.0,0.0,0.0,0.0,0.045,0.0,-0.4,0.0,0.5,0.0,0.1757,16.0,25903.0
2026-07-30T18:59:10.348Z,119.831,119.844,0.0,7.4,0.0,0.0,0.0,0.0,0.0,0.0,0.0,0.0,1.0,0.0,0.0,0.0,9.0,4.0,0.0,0.0,0.0,0.0,0.0,0.0,0.0,0.0,5.0,12.0,1.0,12.14,5.01,2.51,1.49,6.800000000000001,-3.6,0.6000000000000001,7.2,0.0,0.9,0.7000000000000001,0.0,0.9,0.0,111.0,73.9,0.0,21.3,31.3,31.3,31.9,300.0,300.0,30.8,34.7,30.700000000000003,30.200000000000003,31.8,4.95,1.99,4.97,0.16,0.0,0.0,1027.0,8228.0,0.0,0.0,0.0,0.0,0.0,1.0,0.0,0.0,0.0,0.043,0.0,-0.2,0.0,0.7000000000000001,0.0,0.1819,16.0,25903.0
2026-07-30T18:59:10.360Z,119.843,119.856,0.0,7.4,0.0,0.0,0.0,0.0,0.0,0.0,0.0,0.0,1.0,0.0,0.0,0.0,9.0,4.0,0.0,0.0,0.0,0.0,0.0,0.0,0.0,0.0,5.0,12.0,1.0,12.15,5.0200000000000005,2.51,1.49,2.1,4.4,0.6000000000000001,7.1000000000000005,0.0,-0.8,0.7000000000000001,0.0,-7.300000000000001,0.0,111.0,148.20000000000002,0.0,21.700000000000003,31.3,31.3,31.9,300.0,300.0,30.6,34.7,30.700000000000003,30.200000000000003,31.8,4.96,1.99,4.96,0.16,0.0,0.0,1027.0,8228.0,0.0,0.0,0.0,0.0,0.0,1.0,0.0,0.0,0.0,0.042,0.0,0.6000000000000001,0.0,0.4,0.0,0.1755,16.0,25903.0
2026-07-30T18:59:10.372Z,119.855,119.868,0.0,7.4,0.0,0.0,0.0,0.0,0.0,0.0,0.0,0.0,1.0,0.0,0.0,0.0,9.0,4.0,0.0,0.0,0.0,0.0,0.0,0.0,0.0,0.0,6.0,12.0,1.0,12.15,5.0200000000000005,2.51,1.49,-5.300000000000001,6.1000000000000005,0.5,7.1000000000000005,0.0,-0.2,-1.6,-1.2000000000000002,-6.9,0.0,109.0,212.8,0.0,21.700000000000003,31.3,31.3,31.9,300.0,300.0,30.6,34.7,30.700000000000003,30.200000000000003,31.8,4.95,1.99,4.97,0.16,0.0,0.0,1027.0,8228.0,0.0,0.0,0.0,0.0,0.0,1.0,0.0,0.0,0.0,0.038,0.0,-1.5,0.0,2.4000000000000004,0.0,0.1714,16.0,25903.0
2026-07-30T18:59:10.384Z,119.867,119.88,0.0,7.4,0.0,0.0,0.0,0.0,0.0,0.0,0.0,0.0,1.0,0.0,0.0,0.0,9.0,4.0,0.0,0.0,0.0,0.0,0.0,0.0,0.0,0.0,1.0,12.0,1.0,12.15,5.0200000000000005,2.51,1.49,-5.2,-0.5,0.6000000000000001,7.0,0.0,-0.2,0.6000000000000001,0.4,1.3,0.0,109.0,292.3,0.0,21.700000000000003,31.3,31.3,31.9,300.0,300.0,30.6,34.7,30.700000000000003,30.200000000000003,31.8,4.95,1.99,4.96,0.16,0.0,0.0,1027.0,8228.0,0.0,0.0,0.0,0.0,0.0,1.0,0.0,0.0,0.0,0.042,0.0,-0.8,0.0,-0.7000000000000001,0.0,0.1525,16.0,25903.0
2026-07-30T18:59:10.396Z,119.879,119.892,0.0,7.4,0.0,0.0,0.0,0.0,0.0,0.0,0.0,0.0,1.0,0.0,0.0,0.0,9.0,4.0,0.0,0.0,0.0,0.0,0.0,0.0,0.0,0.0,2.0,12.0,1.0,12.15,5.0200000000000005,2.51,1.49,1.6,-6.1000000000000005,0.6000000000000001,7.0,0.0,-0.8,0.0,0.5,3.4000000000000004,0.0,109.0,5.1000000000000005,0.0,21.700000000000003,31.3,31.3,31.9,300.0,300.0,30.6,34.7,30.700000000000003,30.200000000000003,31.8,4.96,1.99,4.96,0.16,0.0,0.0,1027.0,8228.0,0.0,0.0,0.0,0.0,0.0,1.0,0.0,0.0,0.0,0.042,0.0,-0.3,0.0,0.5,0.0,0.1717,16.0,25903.0
2026-07-30T18:59:10.408Z,119.891,119.904,0.0,7.4,0.0,0.0,0.0,0.0,0.0,0.0,0.0,0.0,1.0,0.0,0.0,0.0,9.0,4.0,0.0,0.0,0.0,0.0,0.0,0.0,0.0,0.0,3.0,12.0,1.0,12.15,5.0200000000000005,2.51,1.49,6.2,-3.6,0.5,6.9,0.0,-0.8,-0.5,-0.6000000000000001,0.5,0.0,107.0,69.9,0.0,21.700000000000003,31.3,31.3,31.9,300.0,300.0,30.6,34.7,30.700000000000003,30.200000000000003,31.8,4.95,1.99,4.97,0.16,0.0,0.0,1027.0,8228.0,0.0,0.0,0.0,0.0,0.0,1.0,0.0,0.0,0.0,0.038,0.0,-0.2,0.0,-1.1,0.0,0.1702,16.0,25903.0
2026-07-30T18:59:10.420Z,119.903,119.916,0.0,7.4,0.0,0.0,0.0,0.0,0.0,0.0,0.0,0.0,1.0,0.0,0.0,0.0,9.0,4.0,0.0,0.0,0.0,0.0,0.0,0.0,0.0,0.0,4.0,12.0,1.0,12.15,5.0200000000000005,2.51,1.49,2.7,3.4000000000000004,0.5,6.800000000000001,0.0,0.3,-1.0,-1.2000000000000002,-7.300000000000001,0.0,107.0,141.3,0.0,21.700000000000003,31.3,31.3,31.9,300.0,300.0,30.6,34.7,30.700000000000003,30.200000000000003,31.8,4.96,1.99,4.97,0.16,0.0,0.0,1027.0,8228.0,0.0,0.0,0.0,0.0,0.0,1.0,0.0,0.0,0.0,0.039,0.0,-2.3000000000000003,0.0,-0.2,0.0,0.1521,16.0,25903.0
2026-07-30T18:59:10.440Z,119.923,119.928,0.0,7.4,0.0,0.0,0.0,0.0,0.0,0.0,0.0,0.0,1.0,0.0,0.0,0.0,9.0,4.0,0.0,0.0,0.0,0.0,0.0,0.0,0.0,0.0,5.0,12.0,1.0,12.15,5.0200000000000005,2.51,1.49,-3.8,6.0,0.5,6.800000000000001,0.0,-0.1,0.0,1.6,-8.6,0.0,105.0,204.3,0.0,21.700000000000003,31.3,31.3,31.9,300.0,300.0,30.6,34.7,30.700000000000003,30.200000000000003,31.8,4.96,2.0,4.96,0.16,0.0,0.0,1027.0,8228.0,0.0,0.0,0.0,0.0,0.0,1.0,0.0,0.0,0.0,0.037,0.0,0.2,0.0,-1.9,0.0,0.1586,16.0,25903.0
2026-07-30T18:59:10.446Z,119.929,119.94,0.0,7.4,0.0,0.0,0.0,0.0,0.0,0.0,0.0,0.0,1.0,0.0,0.0,0.0,9.0,4.0,0.0,0.0,0.0,0.0,0.0,0.0,0.0,0.0,5.0,12.0,1.0,12.15,5.0200000000000005,2.51,1.49,-5.800000000000001,1.6,0.5,6.7,0.0,0.3,1.2000000000000002,-0.1,0.9,0.0,104.0,270.6,0.0,21.700000000000003,31.3,31.3,31.9,300.0,300.0,30.6,34.7,30.700000000000003,30.200000000000003,31.8,4.96,1.99,4.96,0.16,0.0,0.0,1027.0,8228.0,0.0,0.0,0.0,0.0,0.0,1.0,0.0,0.0,0.0,0.036,0.0,0.1,0.0,-1.3,0.0,0.1487,16.0,25903.0
2026-07-30T18:59:10.457Z,119.94,119.952,0.0,7.4,0.0,0.0,0.0,0.0,0.0,0.0,0.0,0.0,1.0,0.0,0.0,0.0,9.0,4.0,0.0,0.0,0.0,0.0,0.0,0.0,0.0,0.0,3.0,12.0,1.0,12.11,5.0200000000000005,2.5,1.49,-1.0,-4.4,0.5,6.7,0.0,0.3,0.0,0.5,4.800000000000001,0.0,104.0,338.70000000000005,0.0,21.700000000000003,31.3,31.3,31.9,300.0,300.0,30.700000000000003,34.7,30.700000000000003,30.200000000000003,31.8,4.95,1.99,4.97,0.16,0.0,0.0,1027.0,8228.0,0.0,0.0,0.0,0.0,0.0,1.0,0.0,0.0,0.0,0.038,0.0,-0.5,0.0,0.3,0.0,0.1478,16.0,25903.0
2026-07-30T18:59:10.468Z,119.951,119.964,0.0,7.4,0.0,0.0,0.0,0.0,0.0,0.0,0.0,0.0,1.0,0.0,0.0,0.0,9.0,4.0,0.0,0.0,0.0,0.0,0.0,0.0,0.0,0.0,5.0,12.0,1.0,12.11,5.0200000000000005,2.5,1.49,4.6000000000000005,-5.300000000000001,0.5,6.6000000000000005,0.0,0.3,-0.4,1.0,3.7,0.0,102.0,40.6,0.0,21.700000000000003,31.3,31.3,31.9,300.0,300.0,30.700000000000003,34.7,30.700000000000003,30.200000000000003,31.8,4.96,1.99,4.96,0.16,0.0,0.0,1027.0,8228.0,0.0,0.0,0.0,0.0,0.0,1.0,0.0,0.0,0.0,0.036,0.0,0.6000000000000001,0.0,0.8,0.0,0.1543,16.0,25903.0
2026-07-30T18:59:10.480Z,119.963,119.976,0.0,7.4,0.0,0.0,0.0,0.0,0.0,0.0,0.0,0.0,1.0,0.0,0.0,0.0,9.0,4.0,0.0,0.0,0.0,0.0,0.0,0.0,0.0,0.0,5.0,12.0,1.0,12.11,5.0200000000000005,2.5,1.49,5.0,-0.3,0.5,6.5,0.0,0.3,-0.4,-0.1,-1.7000000000000002,0.0,101.0,103.1,0.0,21.700000000000003,31.3,31.3,31.9,300.0,300.0,30.700000000000003,34.7,30.700000000000003,30.200000000000003,31.8,4.96,2.0,4.96,0.16,0.0,0.0,1027.0,8228.0,0.0,0.0,0.0,0.0,0.0,1.0,0.0,0.0,0.0,0.035,0.0,-0.2,0.0,-0.5,0.0,0.1447,16.0,25903.0
2026-07-30T18:59:10.492Z,119.975,119.988,0.0,7.4,0.0,0.0,0.0,0.0,0.0,0.0,0.0,0.0,1.0,0.0,0.0,0.0,9.0,4.0,0.0,0.0,0.0,0.0,0.0,0.0,0.0,0.0,6.0,12.0,1.0,12.11,5.0200000000000005,2.5,1.49,0.2,4.7,0.4,6.5,0.0,1.5,0.6000000000000001,0.4,-11.3,0.0,100.0,163.0,0.0,21.700000000000003,31.3,31.3,31.9,300.0,300.0,30.700000000000003,34.7,30.700000000000003,30.200000000000003,31.8,4.95,1.99,4.96,0.16,0.0,0.0,1027.0,8228.0,0.0,0.0,0.0,0.0,0.0,1.0,0.0,0.0,0.0,0.034,0.0,1.1,0.0,0.0,0.0,0.1421,16.0,25903.0
2026-07-30T18:59:10.504Z,119.987,120.0,0.0,7.4,0.0,0.0,0.0,0.0,0.0,0.0,0.0,0.0,1.0,0.0,0.0,0.0,9.0,4.0,0.0,0.0,0.0,0.0,0.0,0.0,0.0,0.0,1.0,12.0,1.0,12.11,5.0200000000000005,2.5,1.49,-4.5,4.9,0.4,6.4,0.0,0.3,0.7000000000000001,0.9,-5.9,0.0,99.0,221.3,0.0,21.700000000000003,31.3,31.3,31.9,300.0,300.0,30.700000000000003,34.7,30.700000000000003,30.200000000000003,31.8,4.95,1.99,4.97,0.16,0.0,0.0,1027.0,8228.0,0.0,0.0,0.0,0.0,0.0,1.0,0.0,0.0,0.0,0.033,0.0,0.4,0.0,-1.6,0.0,0.1382,16.0,25903.0
2026-07-30T18:59:10.516Z,119.999,120.012,0.0,7.4,0.0,0.0,0.0,0.0,0.0,0.0,0.0,0.0,1.0,0.0,0.0,0.0,9.0,4.0,0.0,0.0,0.0,0.0,0.0,0.0,0.0,0.0,2.0,12.0,1.0,12.11,5.0200000000000005,2.5,1.49,-4.800000000000001,0.4,0.4,6.300000000000001,0.0,0.3,-1.0,-0.7000000000000001,2.2,0.0,98.0,283.6,0.0,21.700000000000003,31.3,31.3,31.9,300.0,300.0,30.700000000000003,34.7,30.700000000000003,30.200000000000003,31.8,4.96,1.99,4.96,0.16,0.0,0.0,1027.0,8228.0,0.0,0.0,0.0,0.0,0.0,1.0,0.0,0.0,0.0,0.034,0.0,1.1,0.0,1.4,0.0,0.1334,16.0,25903.0
2026-07-30T18:59:10.528Z,120.011,120.024,0.0,7.4,0.0,0.0,0.0,0.0,0.0,0.0,0.0,0.0,1.0,0.0,0.0,0.0,9.0,4.0,0.0,0.0,0.0,0.0,0.0,0.0,0.0,0.0,4.0,12.0,1.0,12.11,5.0200000000000005,2.5,1.49,-0.5,-4.2,0.4,6.300000000000001,0.0,-0.2,1.2000000000000002,1.0,5.4,0.0,97.0,343.5,0.0,21.700000000000003,31.3,31.3,31.9,300.0,300.0,30.700000000000003,34.7,30.700000000000003,30.200000000000003,31.8,4.96,1.99,4.97,0.16,0.0,0.0,1027.0,8228.0,0.0,0.0,0.0,0.0,0.0,1.0,0.0,0.0,0.0,0.034,0.0,-0.6000000000000001,0.0,-0.3,0.0,0.1388,16.0,25903.0
2026-07-30T18:59:10.540Z,120.023,120.036,0.0,7.4,0.0,0.0,0.0,0.0,0.0,0.0,0.0,0.0,1.0,0.0,0.0,0.0,9.0,4.0,0.0,0.0,0.0,0.0,0.0,0.0,0.0,0.0,5.0,12.0,1.0,12.11,5.0200000000000005,2.5,1.49,3.9,-4.7,0.4,6.2,0.0,0.3,-0.4,-0.7000000000000001,4.2,0.0,95.0,37.9,0.0,21.700000000000003,31.3,31.3,31.9,300.0,300.0,30.700000000000003,34.7,30.700000000000003,30.200000000000003,31.8,4.95,1.99,4.97,0.16,0.0,0.0,1027.0,8228.0,0.0,0.0,0.0,0.0,0.0,1.0,0.0,0.0,0.0,0.031,0.0,-0.8,0.0,2.7,0.0,0.1378,16.0,25903.0
2026-07-30T18:59:10.552Z,120.035,120.048,0.0,7.4,0.0,0.0,0.0,0.0,0.0,0.0,0.0,0.0,1.0,0.0,0.0,0.0,9.0,4.0,0.0,0.0,0.0,0.0,0.0,0.0,0.0,0.0,5.0,12.0,1.0,12.11,5.0200000000000005,2.5,1.49,5.1000000000000005,-1.0,0.4,6.2,0.0,-0.2,-0.4,-0.7000000000000001,-0.9,0.0,94.0,95.7,0.0,21.700000000000003,31.3,31.3,31.9,300.0,300.0,30.700000000000003,34.7,30.700000000000003,30.200000000000003,31.8,4.96,1.99,4.96,0.16,0.0,0.0,1027.0,8228.0,0.0,0.0,0.0,0.0,0.0,1.0,0.0,0.0,0.0,0.032,0.0,-0.7000000000000001,0.0,0.4,0.0,0.1273,16.0,25903.0
2026-07-30T18:59:10.564Z,120.047,120.06,0.0,7.4,0.0,0.0,0.0,0.0,0.0,0.0,0.0,0.0,1.0,0.0,0.0,0.0,9.0,4.0,0.0,0.0,0.0,0.0,0.0,0.0,0.0,0.0,1.0,12.0,1.0,12.15,5.01,2.51,1.49,0.9,4.800000000000001,0.4,6.1000000000000005,0.0,-0.2,-1.6,-0.7000000000000001,-10.2,0.0,94.0,159.3,0.0,21.700000000000003,31.3,31.3,31.9,300.0,300.0,30.8,34.7,30.700000000000003,30.200000000000003,31.8,4.95,1.99,4.96,0.16,0.0,0.0,1027.0,8228.0,0.0,0.0,0.0,0.0,0.0,1.0,0.0,0.0,0.0,0.034,0.0,-2.4000000000000004,0.0,0.0,0.0,0.1289,16.0,25903.0
2026-07-30T18:59:10.576Z,120.059,120.072,0.0,7.4,0.0,0.0,0.0,0.0,0.0,0.0,0.0,0.0,1.0,0.0,0.0,0.0,9.0,4.0,0.0,0.0,0.0,0.0,0.0,0.0,0.0,0.0,2.0,12.0,1.0,12.15,5.01,2.51,1.49,-5.9,5.7,0.5,6.1000000000000005,0.0,-0.1,0.7000000000000001,1.5,-5.0,0.0,93.0,227.5,0.0,21.700000000000003,31.3,31.3,31.9,300.0,300.0,30.8,34.7,30.700000000000003,30.200000000000003,31.8,4.95,1.99,4.97,0.16,0.0,0.0,1027.0,8228.0,0.0,0.0,0.0,0.0,0.0,1.0,0.0,0.0,0.0,0.037,0.0,0.0,0.0,-2.3000000000000003,0.0,0.14,16.0,25903.0
2026-07-30T18:59:10.588Z,120.071,120.084,0.0,7.4,0.0,0.0,0.0,0.0,0.0,0.0,0.0,0.0,1.0,0.0,0.0,0.0,9.0,4.0,0.0,0.0,0.0,0.0,0.0,0.0,0.0,0.0,3.0,12.0,1.0,12.15,5.01,2.51,1.49,-4.9,-2.1,0.5,6.6000000000000005,0.0,-0.1,0.1,0.4,2.1,0.0,94.0,303.40000000000003,0.0,21.700000000000003,31.3,31.3,31.9,300.0,300.0,30.8,34.7,30.700000000000003,30.200000000000003,31.8,4.95,1.99,4.97,0.16,0.0,0.0,1027.0,8228.0,0.0,0.0,0.0,0.0,0.0,1.0,0.0,0.0,0.0,0.041,0.0,-0.5,0.0,0.0,0.0,0.1507,16.0,25903.0
2026-07-30T18:59:10.600Z,120.083,120.096,0.0,7.4,0.0,0.0,0.0,0.0,0.0,0.0,0.0,0.0,1.0,0.0,0.0,0.0,9.0,4.0,0.0,0.0,0.0,0.0,0.0,0.0,0.0,0.0,4.0,12.0,1.0,12.15,5.01,2.51,1.49,5.2,-7.6,0.6000000000000001,7.300000000000001,0.0,-0.7000000000000001,-0.4,-0.7000000000000001,2.9000000000000004,0.0,95.0,27.1,0.0,21.700000000000003,31.3,31.3,31.9,300.0,300.0,30.8,34.7,30.700000000000003,30.200000000000003,31.8,4.96,1.99,4.96,0.16,0.0,0.0,1027.0,8228.0,0.0,0.0,0.0,0.0,0.0,1.0,0.0,0.0,0.0,0.045,0.0,0.4,0.0,-1.0,0.0,0.1664,16.0,25903.0
2026-07-30T18:59:10.612Z,120.095,120.108,0.0,7.4,0.0,0.0,0.0,0.0,0.0,0.0,0.0,0.0,1.0,0.0,0.0,0.0,9.0,4.0,0.0,0.0,0.0,0.0,0.0,0.0,0.0,0.0,5.0,12.0,1.0,12.15,5.01,2.51,1.49,6.4,1.0,0.6000000000000001,7.5,0.0,-0.1,-1.0,-0.1,-2.6,0.0,97.0,115.0,0.0,21.700000000000003,31.3,31.3,31.9,300.0,300.0,30.8,34.7,30.700000000000003,30.200000000000003,31.8,4.95,1.99,4.97,0.16,0.0,0.0,1027.0,8228.0,0.0,0.0,0.0,0.0,0.0,1.0,0.0,0.0,0.0,0.048,0.0,-0.6000000000000001,0.0,-1.1,0.0,0.1829,16.0,25903.0
2026-07-30T18:59:10.624Z,120.107,120.12,0.0,7.4,0.0,0.0,0.0,0.0,0.0,0.0,0.0,0.0,1.0,0.0,0.0,0.0,9.0,4.0,0.0,0.0,0.0,0.0,0.0,0.0,0.0,0.0,6.0,12.0,1.0,12.15,5.01,2.51,1.49,-5.0,8.3,0.6000000000000001,7.9,0.0,0.3,0.6000000000000001,-0.1,-6.9,0.0,99.0,201.8,0.0,21.700000000000003,31.3,31.3,31.9,300.0,300.0,30.8,34.7,30.700000000000003,30.200000000000003,31.8,4.95,1.99,4.96,0.16,0.0,0.0,1027.0,8228.0,0.0,0.0,0.0,0.0,0.0,1.0,0.0,0.0,0.0,0.049,0.0,0.7000000000000001,0.0,-0.1,0.0,0.1956,16.0,25903.0
2026-07-30T18:59:10.636Z,120.119,120.132,0.0,7.4,0.0,0.0,0.0,0.0,0.0,0.0,0.0,0.0,1.0,0.0,0.0,0.0,9.0,4.0,0.0,0.0,0.0,0.0,0.0,0.0,0.0,0.0,1.0,12.0,1.0,12.15,5.01,2.51,1.49,-6.5,-1.0,0.7000000000000001,7.9,0.0,-0.2,0.6000000000000001,1.0,1.6,0.0,101.0,294.8,0.0,21.700000000000003,31.3,31.3,31.9,300.0,300.0,30.8,34.7,30.700000000000003,30.200000000000003,31.8,4.96,2.0,4.96,0.16,0.0,0.0,1027.0,8228.0,0.0,0.0,0.0,0.0,0.0,1.0,0.0,0.0,0.0,0.051,0.0,-1.5,0.0,-0.7000000000000001,0.0,0.197,16.0,25903.0
2026-07-30T18:59:10.648Z,120.131,120.144,0.0,7.4,0.0,0.0,0.0,0.0,0.0,0.0,0.0,0.0,1.0,0.0,0.0,0.0,9.0,4.0,0.0,0.0,0.0,0.0,0.0,0.0,0.0,0.0,2.0,12.0,1.0,12.15,5.01,2.51,1.49,4.9,-8.1,0.7000000000000001,7.800000000000001,0.0,0.9,0.0,-0.1,2.8000000000000003,0.0,103.0,26.1,0.0,21.700000000000003,31.3,31.3,31.9,300.0,300.0,30.8,34.7,30.700000000000003,30.200000000000003,31.8,4.95,2.0,4.97,0.16,0.0,0.0,1027.0,8228.0,0.0,0.0,0.0,0.0,0.0,1.0,0.0,0.0,0.0,0.051,0.0,0.0,0.0,0.0,0.0,0.2067,16.0,25903.0
2026-07-30T18:59:10.661Z,120.144,120.156,0.0,7.4,0.0,0.0,0.0,0.0,0.0,0.0,0.0,0.0,1.0,0.0,0.0,0.0,9.0,4.0,0.0,0.0,0.0,0.0,0.0,0.0,0.0,0.0,3.0,12.0,1.0,12.17,5.0200000000000005,2.51,1.49,6.5,0.9,0.7000000000000001,7.800000000000001,0.0,0.3,-0.5,-0.1,-2.6,0.0,105.0,115.0,0.0,21.200000000000003,31.3,31.3,31.9,300.0,300.0,30.8,34.800000000000004,30.700000000000003,30.1,31.8,4.95,1.99,4.97,0.16,0.0,0.0,1027.0,8228.0,0.0,0.0,0.0,0.0,0.0,1.0,0.0,0.0,0.0,0.051,0.0,-0.3,0.0,-0.5,0.0,0.2073,16.0,25903.0
2026-07-30T18:59:10.672Z,120.155,120.168,0.0,7.4,0.0,0.0,0.0,0.0,0.0,0.0,0.0,0.0,1.0,0.0,0.0,0.0,9.0,4.0,0.0,0.0,0.0,0.0,0.0,0.0,0.0,0.0,4.0,12.0,1.0,12.17,5.0200000000000005,2.51,1.49,-4.3,8.0,0.7000000000000001,7.7,0.0,0.8,1.7000000000000002,-0.1,-7.1000000000000005,0.0,106.0,200.9,0.0,21.200000000000003,31.3,31.3,31.9,300.0,300.0,30.8,34.800000000000004,30.700000000000003,30.1,31.8,4.95,2.0,4.96,0.16,0.0,0.0,1027.0,8228.0,0.0,0.0,0.0,0.0,0.0,1.0,0.0,0.0,0.0,0.049,0.0,1.8,0.0,-0.5,0.0,0.204,16.0,25903.0
2026-07-30T18:59:10.684Z,120.167,120.18,0.0,7.4,0.0,0.0,0.0,0.0,0.0,0.0,0.0,0.0,1.0,0.0,0.0,0.0,9.0,4.0,0.0,0.0,0.0,0.0,0.0,0.0,0.0,0.0,5.0,12.0,1.0,12.17,5.0200000000000005,2.51,1.49,-6.800000000000001,0.1,0.6000000000000001,7.7,0.0,-0.9,-0.5,-0.7000000000000001,1.8,0.0,107.0,286.3,0.0,21.200000000000003,31.3,31.3,31.9,300.0,300.0,30.8,34.800000000000004,30.700000000000003,30.1,31.8,4.95,1.99,4.96,0.16,0.0,0.0,1027.0,8228.0,0.0,0.0,0.0,0.0,0.0,1.0,0.0,0.0,0.0,0.048,0.0,1.0,0.0,0.8,0.0,0.1977,16.0,25903.0
2026-07-30T18:59:10.696Z,120.179,120.192,0.0,7.4,0.0,0.0,0.0,0.0,0.0,0.0,0.0,0.0,1.0,0.0,0.0,0.0,9.0,4.0,0.0,0.0,0.0,0.0,0.0,0.0,0.0,0.0,6.0,12.0,1.0,12.17,5.0200000000000005,2.51,1.49,3.1,-7.6,0.6000000000000001,7.5,0.0,-0.3,0.0,1.5,3.9,0.0,107.0,9.8,0.0,21.200000000000003,31.3,31.3,31.9,300.0,300.0,30.8,34.800000000000004,30.700000000000003,30.1,31.8,4.95,1.99,4.97,0.16,0.0,0.0,1027.0,8228.0,0.0,0.0,0.0,0.0,0.0,1.0,0.0,0.0,0.0,0.047,0.0,-0.6000000000000001,0.0,1.7000000000000002,0.0,0.1947,16.0,25903.0
2026-07-30T18:59:10.708Z,120.191,120.204,0.0,7.4,0.0,0.0,0.0,0.0,0.0,0.0,0.0,0.0,1.0,0.0,0.0,0.0,9.0,4.0,0.0,0.0,0.0,0.0,0.0,0.0,0.0,0.0,1.0,12.0,1.0,12.17,5.0200000000000005,2.51,1.49,7.2,-1.5,0.7000000000000001,7.5,0.0,-0.3,0.0,-0.1,-0.2,0.0,108.0,95.9,0.0,21.200000000000003,31.3,31.3,31.9,300.0,300.0,30.8,34.800000000000004,30.700000000000003,30.1,31.8,4.95,1.99,4.96,0.16,0.0,0.0,1027.0,8228.0,0.0,0.0,0.0,0.0,0.0,1.0,0.0,0.0,0.0,0.048,0.0,-0.2,0.0,0.0,0.0,0.1912,16.0,25903.0
2026-07-30T18:59:10.720Z,120.203,120.216,0.0,7.4,0.0,0.0,0.0,0.0,0.0,0.0,0.0,0.0,1.0,0.0,0.0,0.0,9.0,4.0,0.0,0.0,0.0,0.0,0.0,0.0,0.0,0.0,2.0,12.0,1.0,12.17,5.0200000000000005,2.51,1.49,-1.2000000000000002,7.0,0.6000000000000001,7.5,0.0,0.8,1.1,0.9,-10.2,0.0,109.0,175.10000000000002,0.0,21.200000000000003,31.3,31.3,31.9,300.0,300.0,30.8,34.800000000000004,30.700000000000003,30.1,31.8,4.95,1.99,4.96,0.16,0.0,0.0,1027.0,8228.0,0.0,0.0,0.0,0.0,0.0,1.0,0.0,0.0,0.0,0.046,0.0,1.9,0.0,-0.8,0.0,0.1944,16.0,25903.0
2026-07-30T18:59:10.732Z,120.215,120.228,0.0,7.4,0.0,0.0,0.0,0.0,0.0,0.0,0.0,0.0,1.0,0.0,0.0,0.0,9.0,4.0,0.0,0.0,0.0,0.0,0.0,0.0,0.0,0.0,3.0,12.0,1.0,12.17,5.0200000000000005,2.51,1.49,-7.4,3.6,0.6000000000000001,7.300000000000001,0.0,-0.3,0.0,-0.2,-0.6000000000000001,0.0,109.0,255.3,0.0,21.200000000000003,31.3,31.3,31.9,300.0,300.0,30.8,34.800000000000004,30.700000000000003,30.1,31.8,4.95,1.99,4.96,0.16,0.0,0.0,1027.0,8228.0,0.0,0.0,0.0,0.0,0.0,1.0,0.0,0.0,0.0,0.045,0.0,0.2,0.0,0.2,0.0,0.1845,16.0,25903.0
2026-07-30T18:59:10.744Z,120.227,120.24,0.0,7.4,0.0,0.0,0.0,0.0,0.0,0.0,0.0,0.0,1.0,0.0,0.0,0.0,9.0,4.0,0.0,0.0,0.0,0.0,0.0,0.0,0.0,0.0,4.0,12.0,1.0,12.17,5.0200000000000005,2.51,1.49,-1.2000000000000002,-5.5,0.6000000000000001,7.300000000000001,0.0,-0.3,-1.1,0.3,3.9,0.0,109.0,338.40000000000003,0.0,21.200000000000003,31.3,31.3,31.9,300.0,300.0,30.8,34.800000000000004,30.700000000000003,30.1,31.8,4.95,1.99,4.97,0.16,0.0,0.0,1027.0,8228.0,0.0,0.0,0.0,0.0,0.0,1.0,0.0,0.0,0.0,0.046,0.0,0.9,0.0,0.7000000000000001,0.0,0.181,16.0,25903.0
2026-07-30T18:59:10.760Z,120.243,120.252,0.0,7.4,0.0,0.0,0.0,0.0,0.0,0.0,0.0,0.0,1.0,0.0,0.0,0.0,9.0,4.0,0.0,0.0,0.0,0.0,0.0,0.0,0.0,0.0,4.0,12.0,1.0,12.17,5.0200000000000005,2.51,1.49,6.6000000000000005,-5.5,0.6000000000000001,7.2,0.0,-0.3,-0.5,-0.2,2.2,0.0,109.0,56.5,0.0,21.200000000000003,31.3,31.3,31.9,300.0,300.0,30.8,34.800000000000004,30.700000000000003,30.1,31.8,4.96,2.0,4.96,0.16,0.0,0.0,1027.0,8228.0,0.0,0.0,0.0,0.0,0.0,1.0,0.0,0.0,0.0,0.044,0.0,0.2,0.0,-0.8,0.0,0.1873,16.0,25903.0
2026-07-30T18:59:10.768Z,120.251,120.264,0.0,7.4,0.0,0.0,0.0,0.0,0.0,0.0,0.0,0.0,1.0,0.0,0.0,0.0,9.0,4.0,0.0,0.0,0.0,0.0,0.0,0.0,0.0,0.0,1.0,12.0,1.0,12.17,5.0200000000000005,2.51,1.49,3.8,3.1,0.6000000000000001,7.1000000000000005,0.0,0.2,0.5,-0.8,-5.0,0.0,109.0,136.0,0.0,21.700000000000003,31.3,31.3,31.9,300.0,300.0,30.9,34.800000000000004,30.700000000000003,30.1,31.8,4.96,1.99,4.97,0.16,0.0,0.0,1027.0,8228.0,0.0,0.0,0.0,0.0,0.0,1.0,0.0,0.0,0.0,0.044,0.0,-0.4,0.0,0.7000000000000001,0.0,0.1798,16.0,25903.0
2026-07-30T18:59:10.780Z,120.263,120.276,0.0,7.4,0.0,0.0,0.0,0.0,0.0,0.0,0.0,0.0,1.0,0.0,0.0,0.0,9.0,4.0,0.0,0.0,0.0,0.0,0.0,0.0,0.0,0.0,3.0,12.0,1.0,12.17,5.0200000000000005,2.51,1.49,-4.6000000000000005,6.800000000000001,0.6000000000000001,7.1000000000000005,0.0,1.3,1.7000000000000002,3.2,-6.7,0.0,109.0,207.5,0.0,21.700000000000003,31.3,31.3,31.9,300.0,300.0,30.9,34.800000000000004,30.700000000000003,30.1,31.8,4.95,2.0,4.97,0.16,0.0,0.0,1027.0,8228.0,0.0,0.0,0.0,0.0,0.0,1.0,0.0,0.0,0.0,0.041,0.0,1.9,0.0,-4.7,0.0,0.1797,16.0,25903.0
2026-07-30T18:59:10.792Z,120.275,120.288,0.0,7.4,0.0,0.0,0.0,0.0,0.0,0.0,0.0,0.0,1.0,0.0,0.0,0.0,9.0,4.0,0.0,0.0,0.0,0.0,0.0,0.0,0.0,0.0,4.0,12.0,1.0,12.17,5.0200000000000005,2.51,1.49,-6.1000000000000005,0.5,0.6000000000000001,7.0,0.0,0.2,0.0,-0.8,2.0,0.0,108.0,283.90000000000003,0.0,21.700000000000003,31.3,31.3,31.9,300.0,300.0,30.9,34.800000000000004,30.700000000000003,30.1,31.8,4.96,2.0,4.97,0.16,0.0,0.0,1027.0,8228.0,0.0,0.0,0.0,0.0,0.0,1.0,0.0,0.0,0.0,0.042,0.0,0.9,0.0,0.2,0.0,0.1675,16.0,25903.0
2026-07-30T18:59:10.804Z,120.287,120.3,0.0,7.4,0.0,0.0,0.0,0.0,0.0,0.0,0.0,0.0,1.0,0.0,0.0,0.0,9.0,4.0,0.0,0.0,0.0,0.0,0.0,0.0,0.0,0.0,5.0,12.0,1.0,12.17,5.0200000000000005,2.51,1.49,1.1,-6.2,0.6000000000000001,7.0,0.0,1.4,1.2000000000000002,1.5,4.800000000000001,0.0,108.0,356.0,0.0,21.700000000000003,31.3,31.3,31.9,300.0,300.0,30.9,34.800000000000004,30.700000000000003,30.1,31.8,4.96,2.0,4.97,0.16,0.0,0.0,1027.0,8228.0,0.0,0.0,0.0,0.0,0.0,1.0,0.0,0.0,0.0,0.041,0.0,-2.3000000000000003,0.0,1.3,0.0,0.1704,16.0,25903.0
2026-07-30T18:59:10.816Z,120.299,120.312,0.0,7.4,0.0,0.0,0.0,0.0,0.0,0.0,0.0,0.0,1.0,0.0,0.0,0.0,9.0,4.0,0.0,0.0,0.0,0.0,0.0,0.0,0.0,0.0,6.0,12.0,1.0,12.17,5.0200000000000005,2.51,1.49,6.4,-3.9,0.6000000000000001,6.9,0.0,-0.3,0.6000000000000001,0.9,2.0,0.0,108.0,70.7,0.0,21.700000000000003,31.3,31.3,31.9,300.0,300.0,30.9,34.800000000000004,30.700000000000003,30.1,31.8,4.96,1.99,4.97,0.16,0.0,0.0,1027.0,8228.0,0.0,0.0,0.0,0.0,0.0,1.0,0.0,0.0,0.0,0.042,0.0,0.4,0.0,1.4,0.0,0.1672,16.0,25903.0
2026-07-30T18:59:10.827Z,120.31,120.324,0.0,7.4,0.0,0.0,0.0,0.0,0.0,0.0,0.0,0.0,1.0,0.0,0.0,0.0,9.0,4.0,0.0,0.0,0.0,0.0,0.0,0.0,0.0,0.0,1.0,12.0,1.0,12.17,5.0200000000000005,2.51,1.49,2.8000000000000003,3.6,0.5,6.800000000000001,0.0,0.2,-0.5,-0.7000000000000001,-6.0,0.0,107.0,142.0,0.0,21.700000000000003,31.3,31.3,31.9,300.0,300.0,30.9,34.800000000000004,30.700000000000003,30.1,31.8,4.95,2.0,4.97,0.16,0.0,0.0,1027.0,8228.0,0.0,0.0,0.0,0.0,0.0,1.0,0.0,0.0,0.0,0.041,0.0,-1.3,0.0,0.0,0.0,0.1681,16.0,25903.0
2026-07-30T18:59:10.840Z,120.323,120.336,0.0,7.4,0.0,0.0,0.0,0.0,0.0,0.0,0.0,0.0,1.0,0.0,0.0,0.0,9.0,4.0,0.0,0.0,0.0,0.0,0.0,0.0,0.0,0.0,2.0,12.0,1.0,12.17,5.0200000000000005,2.51,1.49,-4.4,6.2,0.5,6.800000000000001,0.0,0.8,0.0,0.4,-8.0,0.0,106.0,203.5,0.0,21.700000000000003,31.3,31.3,31.9,300.0,300.0,30.9,34.800000000000004,30.700000000000003,30.1,31.8,4.96,2.0,4.97,0.16,0.0,0.0,1027.0,8228.0,0.0,0.0,0.0,0.0,0.0,1.0,0.0,0.0,0.0,0.036,0.0,0.1,0.0,-0.4,0.0,0.1655,16.0,25903.0
2026-07-30T18:59:10.852Z,120.335,120.348,0.0,7.4,0.0,0.0,0.0,0.0,0.0,0.0,0.0,0.0,1.0,0.0,0.0,0.0,9.0,4.0,0.0,0.0,0.0,0.0,0.0,0.0,0.0,0.0,3.0,12.0,1.0,12.17,5.0200000000000005,2.51,1.49,-5.800000000000001,0.9,0.5,6.7,0.0,-0.3,0.0,0.3,1.3,0.0,105.0,275.1,0.0,21.700000000000003,31.3,31.3,31.9,300.0,300.0,30.9,34.800000000000004,30.700000000000003,30.1,31.8,4.95,1.99,4.97,0.16,0.0,0.0,1027.0,8228.0,0.0,0.0,0.0,0.0,0.0,1.0,0.0,0.0,0.0,0.038,0.0,-0.3,0.0,-0.2,0.0,0.1458,16.0,25903.0
2026-07-30T18:59:10.865Z,120.348,120.36,0.0,7.4,0.0,0.0,0.0,0.0,0.0,0.0,0.0,0.0,1.0,0.0,0.0,0.0,9.0,4.0,0.0,0.0,0.0,0.0,0.0,0.0,0.0,0.0,4.0,12.0,1.0,12.18,5.0200000000000005,2.5,1.49,-0.1,-5.2,0.5,6.7,0.0,-0.9,0.0,-0.1,4.6000000000000005,0.0,105.0,348.3,0.0,21.200000000000003,31.3,31.200000000000003,31.9,300.0,300.0,30.8,34.7,30.700000000000003,30.200000000000003,31.8,4.95,1.99,4.96,0.16,0.0,0.0,1027.0,8228.0,0.0,0.0,0.0,0.0,0.0,1.0,0.0,0.0,0.0,0.041,0.0,0.0,0.0,-0.1,0.0,0.1558,16.0,25903.0
2026-07-30T18:59:10.876Z,120.359,120.372,0.0,7.4,0.0,0.0,0.0,0.0,0.0,0.0,0.0,0.0,1.0,0.0,0.0,0.0,9.0,4.0,0.0,0.0,0.0,0.0,0.0,0.0,0.0,0.0,5.0,12.0,1.0,12.18,5.0200000000000005,2.5,1.49,5.5,-4.800000000000001,0.5,6.7,0.0,-0.3,1.2000000000000002,-0.7000000000000001,2.8000000000000003,0.0,104.0,53.5,0.0,21.200000000000003,31.3,31.200000000000003,31.9,300.0,300.0,30.8,34.7,30.700000000000003,30.200000000000003,31.8,4.96,2.0,4.96,0.16,0.0,0.0,1027.0,8228.0,0.0,0.0,0.0,0.0,0.0,1.0,0.0,0.0,0.0,0.038,0.0,-1.1,0.0,0.3,0.0,0.1651,16.0,25903.0
2026-07-30T18:59:10.888Z,120.371,120.384,0.0,7.4,0.0,0.0,0.0,0.0,0.0,0.0,0.0,0.0,1.0,0.0,0.0,0.0,9.0,4.0,0.0,0.0,0.0,0.0,0.0,0.0,0.0,0.0,6.0,12.0,1.0,12.18,5.0200000000000005,2.5,1.49,4.5,1.0,0.5,6.5,0.0,-0.3,-0.4,-1.2000000000000002,-3.8,0.0,103.0,122.6,0.0,21.200000000000003,31.3,31.200000000000003,31.9,300.0,300.0,30.8,34.7,30.700000000000003,30.200000000000003,31.8,4.95,2.0,4.96,0.16,0.0,0.0,1027.0,8228.0,0.0,0.0,0.0,0.0,0.0,1.0,0.0,0.0,0.0,0.038,0.0,-1.7000000000000002,0.0,-0.3,0.0,0.1536,16.0,25903.0
2026-07-30T18:59:10.900Z,120.383,120.396,0.0,7.4,0.0,0.0,0.0,0.0,0.0,0.0,0.0,0.0,1.0,0.0,0.0,0.0,9.0,4.0,0.0,0.0,0.0,0.0,0.0,0.0,0.0,0.0,1.0,12.0,1.0,12.18,5.0200000000000005,2.5,1.49,-1.3,5.6000000000000005,0.4,6.5,0.0,0.2,-1.0,0.0,-14.5,0.0,102.0,178.4,0.0,21.200000000000003,31.3,31.200000000000003,31.9,300.0,300.0,30.8,34.7,30.700000000000003,30.200000000000003,31.8,4.95,1.99,4.97,0.16,0.0,0.0,1027.0,8228.0,0.0,0.0,0.0,0.0,0.0,1.0,0.0,0.0,0.0,0.033,0.0,-1.2000000000000002,0.0,0.0,0.0,0.1559,16.0,25903.0
2026-07-30T18:59:10.912Z,120.395,120.408,0.0,7.4,0.0,0.0,0.0,0.0,0.0,0.0,0.0,0.0,1.0,0.0,0.0,0.0,9.0,4.0,0.0,0.0,0.0,0.0,0.0,0.0,0.0,0.0,2.0,12.0,1.0,12.18,5.0200000000000005,2.5,1.49,-5.5,3.9,0.4,6.4,0.0,-0.2,0.1,-0.6000000000000001,-3.3000000000000003,0.0,100.0,238.2,0.0,21.200000000000003,31.3,31.200000000000003,31.9,300.0,300.0,30.8,34.7,30.700000000000003,30.200000000000003,31.8,4.95,2.0,4.96,0.16,0.0,0.0,1027.0,8228.0,0.0,0.0,0.0,0.0,0.0,1.0,0.0,0.0,0.0,0.033,0.0,0.3,0.0,0.5,0.0,0.1357,16.0,25903.0
2026-07-30T18:59:10.924Z,120.407,120.42,0.0,7.4,0.0,0.0,0.0,0.0,0.0,0.0,0.0,0.0,1.0,0.0,0.0,0.0,9.0,4.0,0.0,0.0,0.0,0.0,0.0,0.0,0.0,0.0,4.0,12.0,1.0,12.18,5.0200000000000005,2.5,1.49,-3.7,-1.6,0.4,6.4,0.0,0.3,0.0,0.0,3.2,0.0,99.0,302.40000000000003,0.0,21.200000000000003,31.3,31.200000000000003,31.9,300.0,300.0,30.8,34.7,30.700000000000003,30.200000000000003,31.8,4.96,1.99,4.96,0.16,0.0,0.0,1027.0,8228.0,0.0,0.0,0.0,0.0,0.0,1.0,0.0,0.0,0.0,0.035,0.0,0.0,0.0,0.0,0.0,0.1321,16.0,25903.0
2026-07-30T18:59:10.936Z,120.419,120.432,0.0,7.4,0.0,0.0,0.0,0.0,0.0,0.0,0.0,0.0,1.0,0.0,0.0,0.0,9.0,4.0,0.0,0.0,0.0,0.0,0.0,0.0,0.0,0.0,5.0,12.0,1.0,12.18,5.0200000000000005,2.5,1.49,1.7000000000000002,-5.300000000000001,0.5,6.300000000000001,0.0,0.3,0.1,1.1,4.800000000000001,0.0,99.0,7.1000000000000005,0.0,21.200000000000003,31.3,31.200000000000003,31.9,300.0,300.0,30.8,34.7,30.700000000000003,30.200000000000003,31.8,4.95,1.99,4.97,0.16,0.0,0.0,1027.0,8228.0,0.0,0.0,0.0,0.0,0.0,1.0,0.0,0.0,0.0,0.036,0.0,-0.6000000000000001,0.0,1.2000000000000002,0.0,0.1426,16.0,25903.0
2026-07-30T18:59:10.948Z,120.431,120.444,0.0,7.4,0.0,0.0,0.0,0.0,0.0,0.0,0.0,0.0,1.0,0.0,0.0,0.0,9.0,4.0,0.0,0.0,0.0,0.0,0.0,0.0,0.0,0.0,6.0,12.0,1.0,12.18,5.0200000000000005,2.5,1.49,5.1000000000000005,-3.4000000000000004,0.4,6.2,0.0,0.3,-0.4,0.5,1.8,0.0,97.0,65.4,0.0,21.200000000000003,31.3,31.200000000000003,31.9,300.0,300.0,30.8,34.7,30.700000000000003,30.200000000000003,31.8,4.96,2.0,4.96,0.16,0.0,0.0,1027.0,8228.0,0.0,0.0,0.0,0.0,0.0,1.0,0.0,0.0,0.0,0.034,0.0,0.5,0.0,0.0,0.0,0.1454,16.0,25903.0
2026-07-30T18:59:10.960Z,120.443,120.456,0.0,7.4,0.0,0.0,0.0,0.0,0.0,0.0,0.0,0.0,1.0,0.0,0.0,0.0,9.0,4.0,0.0,0.0,0.0,0.0,0.0,0.0,0.0,0.0,1.0,12.0,1.0,12.18,5.0200000000000005,2.5,1.49,3.6,1.4,0.4,6.2,0.0,0.9,0.1,0.5,-5.300000000000001,0.0,96.0,125.1,0.0,21.200000000000003,31.3,31.200000000000003,31.9,300.0,300.0,30.8,34.7,30.700000000000003,30.200000000000003,31.8,4.96,2.0,4.97,0.16,0.0,0.0,1027.0,8228.0,0.0,0.0,0.0,0.0,0.0,1.0,0.0,0.0,0.0,0.033,0.0,0.6000000000000001,0.0,0.0,0.0,0.1365,16.0,25903.0
2026-07-30T18:59:10.972Z,120.455,120.468,0.0,7.4,0.0,0.0,0.0,0.0,0.0,0.0,0.0,0.0,1.0,0.0,0.0,0.0,9.0,4.0,0.0,0.0,0.0,0.0,0.0,0.0,0.0,0.0,2.0,12.0,1.0,12.15,5.0200000000000005,2.51,1.49,-1.1,5.0,0.4,6.2,0.0,0.3,0.7000000000000001,1.0,-15.8,0.0,95.0,175.20000000000002,0.0,21.8,31.3,31.200000000000003,31.9,300.0,300.0,30.700000000000003,34.7,30.700000000000003,30.200000000000003,31.8,4.95,1.99,4.97,0.16,0.0,0.0,1027.0,8228.0,0.0,0.0,0.0,0.0,0.0,1.0,0.0,0.0,0.0,0.03,0.0,1.5,0.0,-0.9,0.0,0.136,16.0,25903.0
2026-07-30T18:59:10.984Z,120.467,120.48,0.0,7.4,0.0,0.0,0.0,0.0,0.0,0.0,0.0,0.0,1.0,0.0,0.0,0.0,9.0,4.0,0.0,0.0,0.0,0.0,0.0,0.0,0.0,0.0,3.0,12.0,1.0,12.15,5.0200000000000005,2.51,1.49,-4.7,4.0,0.3,6.1000000000000005,0.0,-0.2,0.7000000000000001,0.0,-5.6000000000000005,0.0,93.0,228.3,0.0,21.8,31.3,31.200000000000003,31.9,300.0,300.0,30.700000000000003,34.7,30.700000000000003,30.200000000000003,31.8,4.96,1.99,4.97,0.16,0.0,0.0,1027.0,8228.0,0.0,0.0,0.0,0.0,0.0,1.0,0.0,0.0,0.0,0.029,0.0,0.5,0.0,-0.5,0.0,0.1201,16.0,25903.0
2026-07-30T18:59:10.996Z,120.479,120.492,0.0,7.4,0.0,0.0,0.0,0.0,0.0,0.0,0.0,0.0,1.0,0.0,0.0,0.0,9.0,4.0,0.0,0.0,0.0,0.0,0.0,0.0,0.0,0.0,4.0,12.0,1.0,12.15,5.0200000000000005,2.51,1.49,-4.0,-0.2,0.4,6.0,0.0,-0.2,-0.4,0.5,1.9,0.0,92.0,290.3,0.0,21.8,31.3,31.200000000000003,31.9,300.0,300.0,30.700000000000003,34.7,30.700000000000003,30.200000000000003,31.8,4.96,1.99,4.96,0.16,0.0,0.0,1027.0,8228.0,0.0,0.0,0.0,0.0,0.0,1.0,0.0,0.0,0.0,0.033,0.0,-0.4,0.0,0.4,0.0,0.1184,16.0,25903.0
2026-07-30T18:59:11.008Z,120.491,120.504,0.0,7.4,0.0,0.0,0.0,0.0,0.0,0.0,0.0,0.0,1.0,0.0,0.0,0.0,9.0,4.0,0.0,0.0,0.0,0.0,0.0,0.0,0.0,0.0,5.0,12.0,1.0,12.15,5.0200000000000005,2.51,1.49,-0.5,-3.8,0.4,6.0,0.0,0.9,0.0,1.1,4.800000000000001,0.0,91.0,345.70000000000005,0.0,21.8,31.3,31.200000000000003,31.9,300.0,300.0,30.700000000000003,34.7,30.700000000000003,30.200000000000003,31.8,4.96,1.99,4.97,0.16,0.0,0.0,1027.0,8228.0,0.0,0.0,0.0,0.0,0.0,1.0,0.0,0.0,0.0,0.032,0.0,-0.9,0.0,0.9,0.0,0.1349,16.0,25903.0
2026-07-30T18:59:11.020Z,120.503,120.516,0.0,7.4,0.0,0.0,0.0,0.0,0.0,0.0,0.0,0.0,1.0,0.0,0.0,0.0,9.0,4.0,0.0,0.0,0.0,0.0,0.0,0.0,0.0,0.0,6.0,12.0,1.0,12.15,5.0200000000000005,2.51,1.49,3.9,-4.800000000000001,0.3,5.9,0.0,0.3,0.6000000000000001,-0.1,3.7,0.0,90.0,35.0,0.0,21.8,31.3,31.200000000000003,31.9,300.0,300.0,30.700000000000003,34.7,30.700000000000003,30.200000000000003,31.8,4.95,1.99,4.97,0.16,0.0,0.0,1027.0,8228.0,0.0,0.0,0.0,0.0,0.0,1.0,0.0,0.0,0.0,0.029,0.0,-0.6000000000000001,0.0,0.3,0.0,0.1295,16.0,25903.0
2026-07-30T18:59:11.031Z,120.514,120.528,0.0,7.4,0.0,0.0,0.0,0.0,0.0,0.0,0.0,0.0,1.0,0.0,0.0,0.0,9.0,4.0,0.0,0.0,0.0,0.0,0.0,0.0,0.0,0.0,1.0,12.0,1.0,12.15,5.0200000000000005,2.51,1.49,5.300000000000001,-1.0,0.4,5.9,0.0,-0.2,-1.0,-1.2000000000000002,-1.2000000000000002,0.0,89.0,94.0,0.0,21.8,31.3,31.200000000000003,31.9,300.0,300.0,30.700000000000003,34.7,30.700000000000003,30.200000000000003,31.8,4.96,1.99,4.97,0.16,0.0,0.0,1027.0,8228.0,0.0,0.0,0.0,0.0,0.0,1.0,0.0,0.0,0.0,0.031,0.0,-1.4,0.0,-1.9,0.0,0.116,16.0,25903.0
2026-07-30T18:59:11.044Z,120.527,120.54,0.0,7.4,0.0,0.0,0.0,0.0,0.0,0.0,0.0,0.0,1.0,0.0,0.0,0.0,9.0,4.0,0.0,0.0,0.0,0.0,0.0,0.0,0.0,0.0,2.0,12.0,1.0,12.15,5.0200000000000005,2.51,1.49,0.7000000000000001,4.9,0.4,5.800000000000001,0.0,0.9,-0.5,0.0,-10.4,0.0,89.0,160.4,0.0,21.8,31.3,31.200000000000003,31.9,300.0,300.0,30.700000000000003,34.7,30.700000000000003,30.200000000000003,31.8,4.95,1.99,4.96,0.16,0.0,0.0,1027.0,8228.0,0.0,0.0,0.0,0.0,0.0,1.0,0.0,0.0,0.0,0.036,0.0,-0.6000000000000001,0.0,-0.1,0.0,0.1273,16.0,25903.0
2026-07-30T18:59:11.056Z,120.539,120.552,0.0,7.4,0.0,0.0,0.0,0.0,0.0,0.0,0.0,0.0,1.0,0.0,0.0,0.0,9.0,4.0,0.0,0.0,0.0,0.0,0.0,0.0,0.0,0.0,3.0,12.0,1.0,12.15,5.0200000000000005,2.51,1.49,-6.1000000000000005,5.6000000000000005,0.4,6.1000000000000005,0.0,-0.2,0.6000000000000001,1.0,-5.2,0.0,89.0,226.2,0.0,21.8,31.3,31.200000000000003,31.9,300.0,300.0,30.700000000000003,34.7,30.700000000000003,30.200000000000003,31.8,4.95,1.99,4.97,0.16,0.0,0.0,1027.0,8228.0,0.0,0.0,0.0,0.0,0.0,1.0,0.0,0.0,0.0,0.037,0.0,0.0,0.0,1.8,0.0,0.1454,16.0,25903.0
2026-07-30T18:59:11.076Z,120.559,120.564,0.0,7.4,0.0,0.0,0.0,0.0,0.0,0.0,0.0,0.0,1.0,0.0,0.0,0.0,9.0,4.0,0.0,0.0,0.0,0.0,0.0,0.0,0.0,0.0,3.0,12.0,1.0,12.17,5.0200000000000005,2.51,1.49,-4.5,-2.6,0.5,6.7,0.0,0.3,1.1,1.6,1.9,0.0,90.0,306.7,0.0,21.4,31.200000000000003,31.200000000000003,31.9,300.0,300.0,30.700000000000003,34.800000000000004,30.700000000000003,30.200000000000003,31.8,4.96,1.99,4.97,0.16,0.0,0.0,1027.0,8228.0,0.0,0.0,0.0,0.0,0.0,1.0,0.0,0.0,0.0,0.042,0.0,0.5,0.0,0.5,0.0,0.1483,16.0,25903.0
2026-07-30T18:59:11.079Z,120.562,120.576,0.0,7.4,0.0,0.0,0.0,0.0,0.0,0.0,0.0,0.0,1.0,0.0,0.0,0.0,9.0,4.0,0.0,0.0,0.0,0.0,0.0,0.0,0.0,0.0,2.0,12.0,1.0,12.17,5.0200000000000005,2.51,1.49,5.5,-7.5,0.6000000000000001,7.300000000000001,0.0,0.3,0.0,-0.7000000000000001,2.4000000000000004,0.0,92.0,30.1,0.0,21.4,31.200000000000003,31.200000000000003,31.9,300.0,300.0,30.700000000000003,34.800000000000004,30.700000000000003,30.200000000000003,31.8,4.96,1.99,4.96,0.16,0.0,0.0,1027.0,8228.0,0.0,0.0,0.0,0.0,0.0,1.0,0.0,0.0,0.0,0.046,0.0,0.0,0.0,-0.8,0.0,0.1719,16.0,25903.0
2026-07-30T18:59:11.092Z,120.575,120.588,0.0,7.4,0.0,0.0,0.0,0.0,0.0,0.0,0.0,0.0,1.0,0.0,0.0,0.0,9.0,4.0,0.0,0.0,0.0,0.0,0.0,0.0,0.0,0.0,3.0,12.0,1.0,12.17,5.0200000000000005,2.51,1.49,6.1000000000000005,1.5,0.6000000000000001,7.5,0.0,0.9,-0.5,0.4,-3.1,0.0,94.0,117.3,0.0,21.4,31.200000000000003,31.200000000000003,31.9,300.0,300.0,30.700000000000003,34.800000000000004,30.700000000000003,30.200000000000003,31.8,4.95,1.99,4.97,0.16,0.0,0.0,1027.0,8228.0,0.0,0.0,0.0,0.0,0.0,1.0,0.0,0.0,0.0,0.048,0.0,0.2,0.0,-0.5,0.0,0.1856,16.0,25903.0
2026-07-30T18:59:11.103Z,120.586,120.6,0.0,7.4,0.0,0.0,0.0,0.0,0.0,0.0,0.0,0.0,1.0,0.0,0.0,0.0,9.0,4.0,0.0,0.0,0.0,0.0,0.0,0.0,0.0,0.0,4.0,12.0,1.0,12.17,5.0200000000000005,2.51,1.49,-5.5,8.1,0.6000000000000001,7.800000000000001,0.0,-0.2,0.0,-0.6000000000000001,-6.9,0.0,96.0,204.2,0.0,21.4,31.200000000000003,31.200000000000003,31.9,300.0,300.0,30.700000000000003,34.800000000000004,30.700000000000003,30.200000000000003,31.8,4.95,2.0,4.96,0.16,0.0,0.0,1027.0,8228.0,0.0,0.0,0.0,0.0,0.0,1.0,0.0,0.0,0.0,0.049,0.0,0.0,0.0,0.8,0.0,0.1941,16.0,25903.0
2026-07-30T18:59:11.116Z,120.599,120.612,0.0,7.4,0.0,0.0,0.0,0.0,0.0,0.0,0.0,0.0,1.0,0.0,0.0,0.0,9.0,4.0,0.0,0.0,0.0,0.0,0.0,0.0,0.0,0.0,5.0,12.0,1.0,12.17,5.0200000000000005,2.51,1.49,-6.2,-1.4,0.7000000000000001,7.800000000000001,0.0,-0.2,-0.5,0.4,1.4,0.0,98.0,297.90000000000003,0.0,21.4,31.200000000000003,31.200000000000003,31.9,300.0,300.0,30.700000000000003,34.800000000000004,30.700000000000003,30.200000000000003,31.8,4.96,2.0,4.96,0.16,0.0,0.0,1027.0,8228.0,0.0,0.0,0.0,0.0,0.0,1.0,0.0,0.0,0.0,0.051,0.0,-0.2,0.0,0.5,0.0,0.1968,16.0,25903.0
2026-07-30T18:59:11.128Z,120.611,120.624,0.0,7.4,0.0,0.0,0.0,0.0,0.0,0.0,0.0,0.0,1.0,0.0,0.0,0.0,9.0,4.0,0.0,0.0,0.0,0.0,0.0,0.0,0.0,0.0,1.0,12.0,1.0,12.17,5.0200000000000005,2.51,1.49,5.1000000000000005,-7.9,0.7000000000000001,7.7,0.0,-0.2,0.6000000000000001,1.6,2.4000000000000004,0.0,100.0,27.4,0.0,21.4,31.200000000000003,31.200000000000003,31.9,300.0,300.0,30.700000000000003,34.800000000000004,30.700000000000003,30.200000000000003,31.8,4.95,2.0,4.96,0.16,0.0,0.0,1027.0,8228.0,0.0,0.0,0.0,0.0,0.0,1.0,0.0,0.0,0.0,0.051,0.0,-0.7000000000000001,0.0,2.2,0.0,0.2077,16.0,25903.0
2026-07-30T18:59:11.140Z,120.623,120.636,0.0,7.4,0.0,0.0,0.0,0.0,0.0,0.0,0.0,0.0,1.0,0.0,0.0,0.0,9.0,4.0,0.0,0.0,0.0,0.0,0.0,0.0,0.0,0.0,2.0,12.0,1.0,12.17,5.0200000000000005,2.51,1.49,6.300000000000001,0.9,0.6000000000000001,7.7,0.0,0.3,-0.4,0.5,-3.0,0.0,102.0,115.6,0.0,21.4,31.200000000000003,31.200000000000003,31.9,300.0,300.0,30.700000000000003,34.800000000000004,30.700000000000003,30.200000000000003,31.8,4.95,1.99,4.97,0.16,0.0,0.0,1027.0,8228.0,0.0,0.0,0.0,0.0,0.0,1.0,0.0,0.0,0.0,0.05,0.0,0.3,0.0,-0.4,0.0,0.2061,16.0,25903.0
2026-07-30T18:59:11.152Z,120.635,120.648,0.0,7.4,0.0,0.0,0.0,0.0,0.0,0.0,0.0,0.0,1.0,0.0,0.0,0.0,9.0,4.0,0.0,0.0,0.0,0.0,0.0,0.0,0.0,0.0,3.0,12.0,1.0,12.17,5.0200000000000005,2.51,1.49,-4.4,7.9,0.6000000000000001,7.7,0.0,-0.7000000000000001,0.6000000000000001,0.4,-7.300000000000001,0.0,103.0,202.2,0.0,21.4,31.200000000000003,31.200000000000003,31.9,300.0,300.0,30.700000000000003,34.800000000000004,30.700000000000003,30.200000000000003,31.8,4.95,2.0,4.96,0.16,0.0,0.0,1027.0,8228.0,0.0,0.0,0.0,0.0,0.0,1.0,0.0,0.0,0.0,0.049,0.0,0.7000000000000001,0.0,-0.8,0.0,0.2009,16.0,25903.0
2026-07-30T18:59:11.163Z,120.646,120.66,0.0,7.4,0.0,0.0,0.0,0.0,0.0,0.0,0.0,0.0,1.0,0.0,0.0,0.0,9.0,4.0,0.0,0.0,0.0,0.0,0.0,0.0,0.0,0.0,4.0,12.0,1.0,12.17,5.0200000000000005,2.51,1.49,-6.800000000000001,0.2,0.6000000000000001,7.6,0.0,0.4,0.0,-0.1,1.5,0.0,104.0,286.40000000000003,0.0,21.4,31.200000000000003,31.200000000000003,31.9,300.0,300.0,30.700000000000003,34.800000000000004,30.700000000000003,30.200000000000003,31.8,4.96,1.99,4.96,0.16,0.0,0.0,1027.0,8228.0,0.0,0.0,0.0,0.0,0.0,1.0,0.0,0.0,0.0,0.048,0.0,0.0,0.0,0.0,0.0,0.1976,16.0,25903.0
2026-07-30T18:59:11.176Z,120.659,120.672,0.0,7.4,0.0,0.0,0.0,0.0,0.0,0.0,0.0,0.0,1.0,0.0,0.0,0.0,9.0,4.0,0.0,0.0,0.0,0.0,0.0,0.0,0.0,0.0,5.0,12.0,1.0,12.17,5.0200000000000005,2.5,1.49,3.0,-7.5,0.6000000000000001,7.5,0.0,0.3,-1.0,-1.2000000000000002,3.6,0.0,105.0,10.1,0.0,21.700000000000003,31.200000000000003,31.200000000000003,31.9,300.0,300.0,30.8,34.7,30.700000000000003,30.200000000000003,31.8,4.95,1.99,4.97,0.16,0.0,0.0,1027.0,8228.0,0.0,0.0,0.0,0.0,0.0,1.0,0.0,0.0,0.0,0.047,0.0,1.6,0.0,-1.5,0.0,0.1933,16.0,25903.0
2026-07-30T18:59:11.188Z,120.671,120.684,0.0,7.4,0.0,0.0,0.0,0.0,0.0,0.0,0.0,0.0,1.0,0.0,0.0,0.0,9.0,4.0,0.0,0.0,0.0,0.0,0.0,0.0,0.0,0.0,6.0,12.0,1.0,12.17,5.0200000000000005,2.5,1.49,7.1000000000000005,-1.5,0.6000000000000001,7.5,0.0,0.3,0.7000000000000001,0.0,-0.5,0.0,106.0,94.5,0.0,21.700000000000003,31.200000000000003,31.200000000000003,31.9,300.0,300.0,30.8,34.7,30.700000000000003,30.200000000000003,31.8,4.96,1.99,4.97,0.16,0.0,0.0,1027.0,8228.0,0.0,0.0,0.0,0.0,0.0,1.0,0.0,0.0,0.0,0.047,0.0,0.0,0.0,0.7000000000000001,0.0,0.1916,16.0,25903.0
2026-07-30T18:59:11.200Z,120.683,120.696,0.0,7.4,0.0,0.0,0.0,0.0,0.0,0.0,0.0,0.0,1.0,0.0,0.0,0.0,9.0,4.0,0.0,0.0,0.0,0.0,0.0,0.0,0.0,0.0,1.0,12.0,1.0,12.17,5.0200000000000005,2.5,1.49,-1.0,6.9,0.6000000000000001,7.4,0.0,0.9,0.6000000000000001,0.5,-10.3,0.0,107.0,174.20000000000002,0.0,21.700000000000003,31.200000000000003,31.200000000000003,31.9,300.0,300.0,30.8,34.7,30.700000000000003,30.200000000000003,31.8,4.96,1.99,4.96,0.16,0.0,0.0,1027.0,8228.0,0.0,0.0,0.0,0.0,0.0,1.0,0.0,0.0,0.0,0.046,0.0,1.1,0.0,-0.4,0.0,0.1914,16.0,25903.0
2026-07-30T18:59:11.212Z,120.695,120.708,0.0,7.4,0.0,0.0,0.0,0.0,0.0,0.0,0.0,0.0,1.0,0.0,0.0,0.0,9.0,4.0,0.0,0.0,0.0,0.0,0.0,0.0,0.0,0.0,3.0,12.0,1.0,12.17,5.0200000000000005,2.5,1.49,-7.300000000000001,3.8,0.6000000000000001,7.300000000000001,0.0,0.3,0.6000000000000001,1.6,-0.9,0.0,107.0,254.5,0.0,21.700000000000003,31.200000000000003,31.200000000000003,31.9,300.0,300.0,30.8,34.7,30.700000000000003,30.200000000000003,31.8,4.96,1.99,4.96,0.16,0.0,0.0,1027.0,8228.0,0.0,0.0,0.0,0.0,0.0,1.0,0.0,0.0,0.0,0.045,0.0,-1.1,0.0,-2.1,0.0,0.1843,16.0,25903.0
2026-07-30T18:59:11.224Z,120.707,120.72,0.0,7.4,0.0,0.0,0.0,0.0,0.0,0.0,0.0,0.0,1.0,0.0,0.0,0.0,9.0,4.0,0.0,0.0,0.0,0.0,0.0,0.0,0.0,0.0,4.0,12.0,1.0,12.17,5.0200000000000005,2.5,1.49,-1.3,-5.4,0.6000000000000001,7.300000000000001,0.0,0.9,-0.5,-0.1,3.7,0.0,108.0,336.90000000000003,0.0,21.700000000000003,31.200000000000003,31.200000000000003,31.9,300.0,300.0,30.8,34.7,30.700000000000003,30.200000000000003,31.8,4.95,1.99,4.97,0.16,0.0,0.0,1027.0,8228.0,0.0,0.0,0.0,0.0,0.0,1.0,0.0,0.0,0.0,0.046,0.0,0.6000000000000001,0.0,0.1,0.0,0.1816,16.0,25903.0
2026-07-30T18:59:11.236Z,120.719,120.732,0.0,7.4,0.0,0.0,0.0,0.0,0.0,0.0,0.0,0.0,1.0,0.0,0.0,0.0,9.0,4.0,0.0,0.0,0.0,0.0,0.0,0.0,0.0,0.0,5.0,12.0,1.0,12.17,5.0200000000000005,2.5,1.49,6.6000000000000005,-5.7,0.6000000000000001,7.2,0.0,-0.2,-1.0,-1.3,2.2,0.0,108.0,55.1,0.0,21.700000000000003,31.200000000000003,31.200000000000003,31.9,300.0,300.0,30.8,34.7,30.700000000000003,30.200000000000003,31.8,4.96,1.99,4.96,0.16,0.0,0.0,1027.0,8228.0,0.0,0.0,0.0,0.0,0.0,1.0,0.0,0.0,0.0,0.044,0.0,0.0,0.0,-2.4000000000000004,0.0,0.186,16.0,25903.0
2026-07-30T18:59:11.248Z,120.731,120.744,0.0,7.4,0.0,0.0,0.0,0.0,0.0,0.0,0.0,0.0,1.0,0.0,0.0,0.0,9.0,4.0,0.0,0.0,0.0,0.0,0.0,0.0,0.0,0.0,6.0,12.0,1.0,12.17,5.0200000000000005,2.5,1.49,4.0,2.8000000000000003,0.6000000000000001,7.1000000000000005,0.0,0.3,1.2000000000000002,-0.1,-4.800000000000001,0.0,108.0,133.20000000000002,0.0,21.700000000000003,31.200000000000003,31.200000000000003,31.9,300.0,300.0,30.8,34.7,30.700000000000003,30.200000000000003,31.8,4.96,2.0,4.97,0.16,0.0,0.0,1027.0,8228.0,0.0,0.0,0.0,0.0,0.0,1.0,0.0,0.0,0.0,0.044,0.0,0.7000000000000001,0.0,1.0,0.0,0.1799,16.0,25903.0
2026-07-30T18:59:11.261Z,120.744,120.756,0.0,7.4,0.0,0.0,0.0,0.0,0.0,0.0,0.0,0.0,1.0,0.0,0.0,0.0,9.0,4.0,0.0,0.0,0.0,0.0,0.0,0.0,0.0,0.0,1.0,12.0,1.0,12.17,5.0200000000000005,2.5,1.49,-4.4,6.800000000000001,0.6000000000000001,7.0,0.0,-0.2,0.0,2.1,-6.7,0.0,108.0,207.4,0.0,21.700000000000003,31.200000000000003,31.200000000000003,31.9,300.0,300.0,30.8,34.7,30.700000000000003,30.200000000000003,31.8,4.95,1.99,4.97,0.16,0.0,0.0,1027.0,8228.0,0.0,0.0,0.0,0.0,0.0,1.0,0.0,0.0,0.0,0.042,0.0,0.1,0.0,-2.5,0.0,0.1781,16.0,25903.0
2026-07-30T18:59:11.273Z,120.756,120.768,0.0,7.4,0.0,0.0,0.0,0.0,0.0,0.0,0.0,0.0,1.0,0.0,0.0,0.0,9.0,4.0,0.0,0.0,0.0,0.0,0.0,0.0,0.0,0.0,2.0,12.0,1.0,12.17,5.01,2.5,1.49,-6.2,0.7000000000000001,0.6000000000000001,7.0,0.0,-0.2,-0.5,1.5,2.0,0.0,107.0,281.90000000000003,0.0,21.3,31.200000000000003,31.200000000000003,31.9,300.0,300.0,30.700000000000003,34.800000000000004,30.700000000000003,30.200000000000003,31.8,4.96,1.99,4.97,0.16,0.0,0.0,1027.0,8228.0,0.0,0.0,0.0,0.0,0.0,1.0,0.0,0.0,0.0,0.042,0.0,-1.5,0.0,0.0,0.0,0.171,16.0,25903.0
2026-07-30T18:59:11.284Z,120.767,120.78,0.0,7.4,0.0,0.0,0.0,0.0,0.0,0.0,0.0,0.0,1.0,0.0,0.0,0.0,9.0,4.0,0.0,0.0,0.0,0.0,0.0,0.0,0.0,0.0,3.0,12.0,1.0,12.17,5.01,2.5,1.49,0.8,-6.0,0.5,6.9,0.0,0.3,-1.0,-0.2,4.9,0.0,107.0,354.20000000000005,0.0,21.3,31.200000000000003,31.200000000000003,31.9,300.0,300.0,30.700000000000003,34.800000000000004,30.700000000000003,30.200000000000003,31.8,4.96,1.99,4.96,0.16,0.0,0.0,1027.0,8228.0,0.0,0.0,0.0,0.0,0.0,1.0,0.0,0.0,0.0,0.041,0.0,1.3,0.0,0.0,0.0,0.1694,16.0,25903.0
2026-07-30T18:59:11.296Z,120.779,120.792,0.0,7.4,0.0,0.0,0.0,0.0,0.0,0.0,0.0,0.0,1.0,0.0,0.0,0.0,9.0,4.0,0.0,0.0,0.0,0.0,0.0,0.0,0.0,0.0,4.0,12.0,1.0,12.17,5.01,2.5,1.49,6.4,-4.2,0.5,6.800000000000001,0.0,0.3,0.6000000000000001,0.4,2.2,0.0,106.0,68.4,0.0,21.3,31.200000000000003,31.200000000000003,31.9,300.0,300.0,30.700000000000003,34.800000000000004,30.700000000000003,30.200000000000003,31.8,4.96,1.99,4.96,0.16,0.0,0.0,1027.0,8228.0,0.0,0.0,0.0,0.0,0.0,1.0,0.0,0.0,0.0,0.041,0.0,0.0,0.0,1.1,0.0,0.1654,16.0,25903.0
2026-07-30T18:59:11.308Z,120.791,120.804,0.0,7.4,0.0,0.0,0.0,0.0,0.0,0.0,0.0,0.0,1.0,0.0,0.0,0.0,9.0,4.0,0.0,0.0,0.0,0.0,0.0,0.0,0.0,0.0,5.0,12.0,1.0,12.17,5.01,2.5,1.49,3.1,3.3000000000000003,0.5,6.800000000000001,0.0,-0.2,0.0,-0.1,-5.5,0.0,106.0,139.1,0.0,21.3,31.200000000000003,31.200000000000003,31.9,300.0,300.0,30.700000000000003,34.800000000000004,30.700000000000003,30.200000000000003,31.8,4.95,1.99,4.96,0.16,0.0,0.0,1027.0,8228.0,0.0,0.0,0.0,0.0,0.0,1.0,0.0,0.0,0.0,0.04,0.0,-0.1,0.0,0.1,0.0,0.1672,16.0,25903.0
2026-07-30T18:59:11.320Z,120.803,120.816,0.0,7.4,0.0,0.0,0.0,0.0,0.0,0.0,0.0,0.0,1.0,0.0,0.0,0.0,9.0,4.0,0.0,0.0,0.0,0.0,0.0,0.0,0.0,0.0,1.0,12.0,1.0,12.17,5.01,2.5,1.49,-4.2,6.300000000000001,0.5,6.7,0.0,-0.8,-0.5,-0.7000000000000001,-7.4,0.0,105.0,205.2,0.0,21.3,31.200000000000003,31.200000000000003,31.9,300.0,300.0,30.700000000000003,34.800000000000004,30.700000000000003,30.200000000000003,31.8,4.96,1.99,4.96,0.16,0.0,0.0,1027.0,8228.0,0.0,0.0,0.0,0.0,0.0,1.0,0.0,0.0,0.0,0.038,0.0,-0.6000000000000001,0.0,1.1,0.0,0.1634,16.0,25903.0
2026-07-30T18:59:11.332Z,120.815,120.828,0.0,7.4,0.0,0.0,0.0,0.0,0.0,0.0,0.0,0.0,1.0,0.0,0.0,0.0,9.0,4.0,0.0,0.0,0.0,0.0,0.0,0.0,0.0,0.0,2.0,12.0,1.0,12.17,5.01,2.5,1.49,-5.9,1.2000000000000002,0.5,6.7,0.0,-0.8,-1.6,-0.7000000000000001,1.7000000000000002,0.0,104.0,276.2,0.0,21.3,31.200000000000003,31.200000000000003,31.9,300.0,300.0,30.700000000000003,34.800000000000004,30.700000000000003,30.200000000000003,31.8,4.96,1.99,4.97,0.16,0.0,0.0,1027.0,8228.0,0.0,0.0,0.0,0.0,0.0,1.0,0.0,0.0,0.0,0.039,0.0,1.0,0.0,2.3000000000000003,0.0,0.153,16.0,25903.0
2026-07-30T18:59:11.344Z,120.827,120.84,0.0,7.4,0.0,0.0,0.0,0.0,0.0,0.0,0.0,0.0,1.0,0.0,0.0,0.0,9.0,4.0,0.0,0.0,0.0,0.0,0.0,0.0,0.0,0.0,3.0,12.0,1.0,12.17,5.01,2.5,1.49,-0.3,-5.0,0.5,6.6000000000000005,0.0,0.3,0.0,-0.1,5.1000000000000005,0.0,104.0,345.20000000000005,0.0,21.3,31.200000000000003,31.200000000000003,31.9,300.0,300.0,30.700000000000003,34.800000000000004,30.700000000000003,30.200000000000003,31.8,4.96,1.99,4.97,0.16,0.0,0.0,1027.0,8228.0,0.0,0.0,0.0,0.0,0.0,1.0,0.0,0.0,0.0,0.039,0.0,0.1,0.0,-0.1,0.0,0.1579,16.0,25903.0
2026-07-30T18:59:11.356Z,120.839,120.852,0.0,7.4,0.0,0.0,0.0,0.0,0.0,0.0,0.0,0.0,1.0,0.0,0.0,0.0,9.0,4.0,0.0,0.0,0.0,0.0,0.0,0.0,0.0,0.0,4.0,12.0,1.0,12.17,5.01,2.5,1.49,5.300000000000001,-5.0,0.5,6.6000000000000005,0.0,-0.8,1.2000000000000002,-0.7000000000000001,3.4000000000000004,0.0,103.0,51.2,0.0,21.3,31.200000000000003,31.200000000000003,31.9,300.0,300.0,30.700000000000003,34.800000000000004,30.700000000000003,30.200000000000003,31.8,4.95,1.99,4.97,0.16,0.0,0.0,1027.0,8228.0,0.0,0.0,0.0,0.0,0.0,1.0,0.0,0.0,0.0,0.037,0.0,-1.1,0.0,0.3,0.0,0.1583,16.0,25903.0
2026-07-30T18:59:11.368Z,120.851,120.864,0.0,7.4,0.0,0.0,0.0,0.0,0.0,0.0,0.0,0.0,1.0,0.0,0.0,0.0,9.0,4.0,0.0,0.0,0.0,0.0,0.0,0.0,0.0,0.0,5.0,12.0,1.0,12.17,5.01,2.5,1.49,4.7,0.8,0.5,6.5,0.0,-0.2,-1.1,0.4,-3.0,0.0,102.0,118.2,0.0,21.3,31.200000000000003,31.200000000000003,31.9,300.0,300.0,30.700000000000003,34.800000000000004,30.700000000000003,30.200000000000003,31.8,4.96,1.99,4.96,0.16,0.0,0.0,1027.0,8228.0,0.0,0.0,0.0,0.0,0.0,1.0,0.0,0.0,0.0,0.038,0.0,-0.1,0.0,-1.1,0.0,0.1517,16.0,25903.0
2026-07-30T18:59:11.389Z,120.872,120.876,0.0,7.4,0.0,0.0,0.0,0.0,0.0,0.0,0.0,0.0,1.0,0.0,0.0,0.0,9.0,4.0,0.0,0.0,0.0,0.0,0.0,0.0,0.0,0.0,6.0,12.0,1.0,12.17,5.01,2.51,1.5,-1.1,5.5,0.4,6.5,0.0,0.9,-0.5,-0.1,-13.7,0.0,101.0,179.60000000000002,0.0,21.3,31.200000000000003,31.200000000000003,31.8,300.0,300.0,30.8,34.800000000000004,30.700000000000003,30.200000000000003,31.8,4.96,1.99,4.96,0.16,0.0,0.0,1027.0,8228.0,0.0,0.0,0.0,0.0,0.0,1.0,0.0,0.0,0.0,0.035,0.0,-0.6000000000000001,0.0,0.1,0.0,0.1521,16.0,25903.0
2026-07-30T18:59:11.393Z,120.876,120.888,0.0,7.4,0.0,0.0,0.0,0.0,0.0,0.0,0.0,0.0,1.0,0.0,0.0,0.0,9.0,4.0,0.0,0.0,0.0,0.0,0.0,0.0,0.0,0.0,4.0,12.0,1.0,12.17,5.01,2.51,1.5,-5.4,4.1000000000000005,0.4,6.4,0.0,-0.2,1.2000000000000002,-0.7000000000000001,-1.9,0.0,100.0,239.5,0.0,21.3,31.200000000000003,31.200000000000003,31.8,300.0,300.0,30.8,34.800000000000004,30.700000000000003,30.200000000000003,31.8,4.96,1.99,4.96,0.16,0.0,0.0,1027.0,8228.0,0.0,0.0,0.0,0.0,0.0,1.0,0.0,0.0,0.0,0.034,0.0,1.1,0.0,-0.4,0.0,0.1435,16.0,25903.0
2026-07-30T18:59:11.404Z,120.887,120.9,0.0,7.4,0.0,0.0,0.0,0.0,0.0,0.0,0.0,0.0,1.0,0.0,0.0,0.0,9.0,4.0,0.0,0.0,0.0,0.0,0.0,0.0,0.0,0.0,5.0,12.0,1.0,12.17,5.01,2.51,1.5,-3.9,-1.4,0.4,6.4,0.0,0.3,-0.5,-1.3,4.6000000000000005,0.0,99.0,301.90000000000003,0.0,21.3,31.200000000000003,31.200000000000003,31.8,300.0,300.0,30.8,34.800000000000004,30.700000000000003,30.200000000000003,31.8,4.96,1.99,4.96,0.16,0.0,0.0,1027.0,8228.0,0.0,0.0,0.0,0.0,0.0,1.0,0.0,0.0,0.0,0.035,0.0,1.8,0.0,0.4,0.0,0.1366,16.0,25903.0
2026-07-30T18:59:11.416Z,120.899,120.912,0.0,7.4,0.0,0.0,0.0,0.0,0.0,0.0,0.0,0.0,1.0,0.0,0.0,0.0,9.0,4.0,0.0,0.0,0.0,0.0,0.0,0.0,0.0,0.0,6.0,12.0,1.0,12.17,5.01,2.51,1.5,1.4,-5.300000000000001,0.4,6.300000000000001,0.0,0.9,-0.4,-0.1,6.2,0.0,98.0,2.2,0.0,21.3,31.200000000000003,31.200000000000003,31.8,300.0,300.0,30.8,34.800000000000004,30.700000000000003,30.200000000000003,31.8,4.95,1.99,4.97,0.16,0.0,0.0,1027.0,8228.0,0.0,0.0,0.0,0.0,0.0,1.0,0.0,0.0,0.0,0.034,0.0,0.6000000000000001,0.0,-0.1,0.0,0.1401,16.0,25903.0
2026-07-30T18:59:11.428Z,120.911,120.924,0.0,7.4,0.0,0.0,0.0,0.0,0.0,0.0,0.0,0.0,1.0,0.0,0.0,0.0,9.0,4.0,0.0,0.0,0.0,0.0,0.0,0.0,0.0,0.0,1.0,12.0,1.0,12.17,5.01,2.51,1.5,5.1000000000000005,-3.8,0.4,6.2,0.0,-0.7000000000000001,-0.4,1.5,3.3000000000000003,0.0,97.0,63.7,0.0,21.3,31.200000000000003,31.200000000000003,31.8,300.0,300.0,30.8,34.800000000000004,30.700000000000003,30.200000000000003,31.8,4.96,1.99,4.96,0.16,0.0,0.0,1027.0,8228.0,0.0,0.0,0.0,0.0,0.0,1.0,0.0,0.0,0.0,0.034,0.0,1.2000000000000002,0.0,1.0,0.0,0.1377,16.0,25903.0
2026-07-30T18:59:11.440Z,120.923,120.936,0.0,7.4,0.0,0.0,0.0,0.0,0.0,0.0,0.0,0.0,1.0,0.0,0.0,0.0,9.0,4.0,0.0,0.0,0.0,0.0,0.0,0.0,0.0,0.0,2.0,12.0,1.0,12.17,5.01,2.51,1.5,3.9,1.2000000000000002,0.4,6.1000000000000005,0.0,-0.7000000000000001,-1.0,-0.7000000000000001,-3.7,0.0,96.0,123.5,0.0,21.3,31.200000000000003,31.200000000000003,31.8,300.0,300.0,30.8,34.800000000000004,30.700000000000003,30.200000000000003,31.8,4.96,1.99,4.96,0.16,0.0,0.0,1027.0,8228.0,0.0,0.0,0.0,0.0,0.0,1.0,0.0,0.0,0.0,0.034,0.0,-1.5,0.0,-0.9,0.0,0.1382,16.0,25903.0
2026-07-30T18:59:11.452Z,120.935,120.948,0.0,7.4,0.0,0.0,0.0,0.0,0.0,0.0,0.0,0.0,1.0,0.0,0.0,0.0,9.0,4.0,0.0,0.0,0.0,0.0,0.0,0.0,0.0,0.0,3.0,12.0,1.0,12.17,5.01,2.51,1.5,-0.8,4.800000000000001,0.4,6.1000000000000005,0.0,0.3,-0.4,-1.3,-14.3,0.0,94.0,173.9,0.0,21.3,31.200000000000003,31.200000000000003,31.8,300.0,300.0,30.8,34.800000000000004,30.700000000000003,30.200000000000003,31.8,4.95,1.99,4.96,0.16,0.0,0.0,1027.0,8228.0,0.0,0.0,0.0,0.0,0.0,1.0,0.0,0.0,0.0,0.03,0.0,-1.4,0.0,1.2000000000000002,0.0,0.1376,16.0,25903.0
2026-07-30T18:59:11.464Z,120.947,120.96,0.0,7.4,0.0,0.0,0.0,0.0,0.0,0.0,0.0,0.0,1.0,0.0,0.0,0.0,9.0,4.0,0.0,0.0,0.0,0.0,0.0,0.0,0.0,0.0,4.0,12.0,1.0,12.17,5.01,2.51,1.5,-4.3,4.0,0.3,6.0,0.0,0.4,0.1,-0.7000000000000001,-4.7,0.0,93.0,224.3,0.0,21.3,31.200000000000003,31.200000000000003,31.8,300.0,300.0,30.8,34.800000000000004,30.700000000000003,30.200000000000003,31.8,4.95,1.99,4.96,0.16,0.0,0.0,1027.0,8228.0,0.0,0.0,0.0,0.0,0.0,1.0,0.0,0.0,0.0,0.028,0.0,0.3,0.0,0.7000000000000001,0.0,0.121,16.0,25903.0
2026-07-30T18:59:11.477Z,120.96,120.972,0.0,7.4,0.0,0.0,0.0,0.0,0.0,0.0,0.0,0.0,1.0,0.0,0.0,0.0,9.0,4.0,0.0,0.0,0.0,0.0,0.0,0.0,0.0,0.0,5.0,12.0,1.0,12.18,5.01,2.51,1.49,-4.1000000000000005,0.4,0.4,6.0,0.0,0.4,-0.4,0.3,3.4000000000000004,0.0,91.0,280.7,0.0,21.8,31.200000000000003,31.200000000000003,31.8,300.0,300.0,30.700000000000003,34.800000000000004,30.6,30.200000000000003,31.8,4.96,2.0,4.96,0.16,0.0,0.0,1027.0,8228.0,0.0,0.0,0.0,0.0,0.0,1.0,0.0,0.0,0.0,0.03,0.0,-0.3,0.0,0.3,0.0,0.1149,16.0,25903.0
2026-07-30T18:59:11.488Z,120.971,120.984,0.0,7.4,0.0,0.0,0.0,0.0,0.0,0.0,0.0,0.0,1.0,0.0,0.0,0.0,9.0,4.0,0.0,0.0,0.0,0.0,0.0,0.0,0.0,0.0,6.0,12.0,1.0,12.18,5.01,2.51,1.49,-1.0,-3.5,0.4,6.0,0.0,0.4,0.7000000000000001,-0.1,6.9,0.0,90.0,335.8,0.0,21.8,31.200000000000003,31.200000000000003,31.8,300.0,300.0,30.700000000000003,34.800000000000004,30.6,30.200000000000003,31.8,4.96,1.99,4.97,0.16,0.0,0.0,1027.0,8228.0,0.0,0.0,0.0,0.0,0.0,1.0,0.0,0.0,0.0,0.031,0.0,-0.5,0.0,-0.4,0.0,0.1239,16.0,25903.0
2026-07-30T18:59:11.500Z,120.983,120.996,0.0,7.4,0.0,0.0,0.0,0.0,0.0,0.0,0.0,0.0,1.0,0.0,0.0,0.0,9.0,4.0,0.0,0.0,0.0,0.0,0.0,0.0,0.0,0.0,1.0,12.0,1.0,12.18,5.01,2.51,1.49,3.6,-5.1000000000000005,0.3,5.9,0.0,0.4,0.1,0.4,6.2,0.0,89.0,29.200000000000003,0.0,21.8,31.200000000000003,31.200000000000003,31.8,300.0,300.0,30.700000000000003,34.800000000000004,30.6,30.200000000000003,31.8,4.95,2.0,4.97,0.16,0.0,0.0,1027.0,8228.0,0.0,0.0,0.0,0.0,0.0,1.0,0.0,0.0,0.0,0.03,0.0,-0.1,0.0,0.5,0.0,0.1251,16.0,25903.0
2026-07-30T18:59:11.512Z,120.995,121.008,0.0,7.4,0.0,0.0,0.0,0.0,0.0,0.0,0.0,0.0,1.0,0.0,0.0,0.0,9.0,4.0,0.0,0.0,0.0,0.0,0.0,0.0,0.0,0.0,3.0,12.0,1.0,12.18,5.01,2.51,1.49,5.6000000000000005,-1.5,0.4,5.9,0.0,1.0,1.2000000000000002,1.0,1.2000000000000002,0.0,89.0,92.8,0.0,21.8,31.200000000000003,31.200000000000003,31.8,300.0,300.0,30.700000000000003,34.800000000000004,30.6,30.200000000000003,31.8,4.96,2.0,4.97,0.16,0.0,0.0,1027.0,8228.0,0.0,0.0,0.0,0.0,0.0,1.0,0.0,0.0,0.0,0.034,0.0,1.1,0.0,2.0,0.0,0.1223,16.0,25903.0
2026-07-30T18:59:11.524Z,121.007,121.02,0.0,7.4,0.0,0.0,0.0,0.0,0.0,0.0,0.0,0.0,1.0,0.0,0.0,0.0,9.0,4.0,0.0,0.0,0.0,0.0,0.0,0.0,0.0,0.0,4.0,12.0,1.0,12.18,5.01,2.51,1.49,1.1,4.9,0.4,5.800000000000001,0.0,0.4,-0.4,-0.1,-8.0,0.0,89.0,157.4,0.0,21.8,31.200000000000003,31.200000000000003,31.8,300.0,300.0,30.700000000000003,34.800000000000004,30.6,30.200000000000003,31.8,4.95,1.99,4.96,0.16,0.0,0.0,1027.0,8228.0,0.0,0.0,0.0,0.0,0.0,1.0,0.0,0.0,0.0,0.036,0.0,-0.6000000000000001,0.0,0.0,0.0,0.1364,16.0,25903.0
2026-07-30T18:59:11.536Z,121.019,121.032,0.0,7.4,0.0,0.0,0.0,0.0,0.0,0.0,0.0,0.0,1.0,0.0,0.0,0.0,9.0,4.0,0.0,0.0,0.0,0.0,0.0,0.0,0.0,0.0,5.0,12.0,1.0,12.18,5.01,2.51,1.49,-6.0,5.800000000000001,0.4,6.2,0.0,0.4,0.6000000000000001,-0.1,-4.6000000000000005,0.0,89.0,221.6,0.0,21.8,31.200000000000003,31.200000000000003,31.8,300.0,300.0,30.700000000000003,34.800000000000004,30.6,30.200000000000003,31.8,4.95,1.99,4.97,0.17,0.0,0.0,1027.0,8228.0,0.0,0.0,0.0,0.0,0.0,1.0,0.0,0.0,0.0,0.036,0.0,0.6000000000000001,0.0,-0.3,0.0,0.1463,16.0,25903.0
2026-07-30T18:59:11.548Z,121.031,121.044,0.0,7.4,0.0,0.0,0.0,0.0,0.0,0.0,0.0,0.0,1.0,0.0,0.0,0.0,9.0,4.0,0.0,0.0,0.0,0.0,0.0,0.0,0.0,0.0,1.0,12.0,1.0,12.18,5.01,2.51,1.49,-4.7,-2.1,0.5,6.5,0.0,0.4,1.3,1.5,2.7,0.0,90.0,301.7,0.0,21.8,31.200000000000003,31.200000000000003,31.8,300.0,300.0,30.700000000000003,34.800000000000004,30.6,30.200000000000003,31.8,4.95,2.0,4.97,0.16,0.0,0.0,1027.0,8228.0,0.0,0.0,0.0,0.0,0.0,1.0,0.0,0.0,0.0,0.042,0.0,-2.6,0.0,-1.2000000000000002,0.0,0.1445,16.0,25903.0
2026-07-30T18:59:11.560Z,121.043,121.056,0.0,7.4,0.0,0.0,0.0,0.0,0.0,0.0,0.0,0.0,1.0,0.0,0.0,0.0,9.0,4.0,0.0,0.0,0.0,0.0,0.0,0.0,0.0,0.0,2.0,12.0,1.0,12.18,5.01,2.51,1.49,4.9,-7.5,0.6000000000000001,7.2,0.0,-0.7000000000000001,-1.0,-0.1,3.5,0.0,92.0,26.700000000000003,0.0,21.8,31.200000000000003,31.200000000000003,31.8,300.0,300.0,30.700000000000003,34.800000000000004,30.6,30.200000000000003,31.8,4.96,2.0,4.96,0.16,0.0,0.0,1027.0,8228.0,0.0,0.0,0.0,0.0,0.0,1.0,0.0,0.0,0.0,0.046,0.0,0.9,0.0,0.6000000000000001,0.0,0.1716,16.0,25903.0
2026-07-30T18:59:11.572Z,121.055,121.068,0.0,7.4,0.0,0.0,0.0,0.0,0.0,0.0,0.0,0.0,1.0,0.0,0.0,0.0,9.0,4.0,0.0,0.0,0.0,0.0,0.0,0.0,0.0,0.0,3.0,12.0,1.0,12.18,5.01,2.51,1.49,6.4,0.6000000000000001,0.6000000000000001,7.300000000000001,0.0,-0.1,-1.0,0.4,-1.8,0.0,94.0,113.3,0.0,21.8,31.200000000000003,31.200000000000003,31.8,300.0,300.0,30.700000000000003,34.800000000000004,30.6,30.200000000000003,31.8,4.95,1.99,4.97,0.16,0.0,0.0,1027.0,8228.0,0.0,0.0,0.0,0.0,0.0,1.0,0.0,0.0,0.0,0.048,0.0,0.0,0.0,0.1,0.0,0.1879,16.0,25903.0
2026-07-30T18:59:11.585Z,121.068,121.08,0.0,7.4,0.0,0.0,0.0,0.0,0.0,0.0,0.0,0.0,1.0,0.0,0.0,0.0,9.0,4.0,0.0,0.0,0.0,0.0,0.0,0.0,0.0,0.0,4.0,12.0,1.0,12.18,5.0200000000000005,2.5,1.49,-4.3,8.1,0.6000000000000001,7.5,0.0,0.4,0.1,0.4,-8.700000000000001,0.0,95.0,191.9,0.0,21.9,31.200000000000003,31.200000000000003,31.8,300.0,300.0,30.6,34.800000000000004,30.6,30.1,31.8,4.95,2.0,4.96,0.16,0.0,0.0,1027.0,8228.0,0.0,0.0,0.0,0.0,0.0,1.0,0.0,0.0,0.0,0.045,0.0,2.0,0.0,-2.1,0.0,0.1937,16.0,25903.0
2026-07-30T18:59:11.596Z,121.079,121.092,0.0,7.4,0.0,0.0,0.0,0.0,0.0,0.0,0.0,0.0,1.0,0.0,0.0,0.0,9.0,4.0,0.0,0.0,0.0,0.0,0.0,0.0,0.0,0.0,5.0,12.0,1.0,12.18,5.0200000000000005,2.5,1.49,-6.9,0.2,0.6000000000000001,7.6,0.0,0.4,0.1,-0.7000000000000001,0.7000000000000001,0.0,97.0,283.90000000000003,0.0,21.9,31.200000000000003,31.200000000000003,31.8,300.0,300.0,30.6,34.800000000000004,30.6,30.1,31.8,4.96,2.0,4.96,0.16,0.0,0.0,1027.0,8228.0,0.0,0.0,0.0,0.0,0.0,1.0,0.0,0.0,0.0,0.049,0.0,0.8,0.0,0.0,0.0,0.1838,16.0,25903.0
2026-07-30T18:59:11.608Z,121.091,121.104,0.0,7.4,0.0,0.0,0.0,0.0,0.0,0.0,0.0,0.0,1.0,0.0,0.0,0.0,9.0,4.0,0.0,0.0,0.0,0.0,0.0,0.0,0.0,0.0,1.0,12.0,1.0,12.18,5.0200000000000005,2.5,1.49,3.1,-7.7,0.6000000000000001,7.5,0.0,0.4,0.1,-1.3,2.8000000000000003,0.0,99.0,12.8,0.0,21.9,31.200000000000003,31.200000000000003,31.8,300.0,300.0,30.6,34.800000000000004,30.6,30.1,31.8,4.95,2.0,4.97,0.16,0.0,0.0,1027.0,8228.0,0.0,0.0,0.0,0.0,0.0,1.0,0.0,0.0,0.0,0.051,0.0,0.2,0.0,-1.4,0.0,0.1992,16.0,25903.0
2026-07-30T18:59:11.620Z,121.103,121.116,0.0,7.4,0.0,0.0,0.0,0.0,0.0,0.0,0.0,0.0,1.0,0.0,0.0,0.0,9.0,4.0,0.0,0.0,0.0,0.0,0.0,0.0,0.0,0.0,2.0,12.0,1.0,12.18,5.0200000000000005,2.5,1.49,7.2,-1.3,0.6000000000000001,7.5,0.0,-0.1,0.1,0.9,-1.2000000000000002,0.0,100.0,94.1,0.0,21.9,31.200000000000003,31.200000000000003,31.8,300.0,300.0,30.6,34.800000000000004,30.6,30.1,31.8,4.95,1.99,4.97,0.16,0.0,0.0,1027.0,8228.0,0.0,0.0,0.0,0.0,0.0,1.0,0.0,0.0,0.0,0.047,0.0,0.9,0.0,0.6000000000000001,0.0,0.2055,16.0,25903.0
2026-07-30T18:59:11.632Z,121.115,121.128,0.0,7.4,0.0,0.0,0.0,0.0,0.0,0.0,0.0,0.0,1.0,0.0,0.0,0.0,9.0,4.0,0.0,0.0,0.0,0.0,0.0,0.0,0.0,0.0,3.0,12.0,1.0,12.18,5.0200000000000005,2.5,1.49,-1.4,7.2,0.6000000000000001,7.4,0.0,0.3,0.1,0.3,-11.2,0.0,102.0,179.10000000000002,0.0,21.9,31.200000000000003,31.200000000000003,31.8,300.0,300.0,30.6,34.800000000000004,30.6,30.1,31.8,4.95,2.01,4.96,0.16,0.0,0.0,1027.0,8228.0,0.0,0.0,0.0,0.0,0.0,1.0,0.0,0.0,0.0,0.048,0.0,0.3,0.0,-0.3,0.0,0.1883,16.0,25903.0
2026-07-30T18:59:11.644Z,121.127,121.14,0.0,7.4,0.0,0.0,0.0,0.0,0.0,0.0,0.0,0.0,1.0,0.0,0.0,0.0,9.0,4.0,0.0,0.0,0.0,0.0,0.0,0.0,0.0,0.0,4.0,12.0,1.0,12.18,5.0200000000000005,2.5,1.49,-7.4,3.3000000000000003,0.6000000000000001,7.300000000000001,0.0,0.4,0.1,0.3,-0.4,0.0,102.0,257.3,0.0,21.9,31.200000000000003,31.200000000000003,31.8,300.0,300.0,30.6,34.800000000000004,30.6,30.1,31.8,4.96,1.99,4.96,0.16,0.0,0.0,1027.0,8228.0,0.0,0.0,0.0,0.0,0.0,1.0,0.0,0.0,0.0,0.045,0.0,-0.2,0.0,-0.4,0.0,0.1927,16.0,25903.0
2026-07-30T18:59:11.656Z,121.139,121.152,0.0,7.4,0.0,0.0,0.0,0.0,0.0,0.0,0.0,0.0,1.0,0.0,0.0,0.0,9.0,4.0,0.0,0.0,0.0,0.0,0.0,0.0,0.0,0.0,4.0,12.0,1.0,12.18,5.0200000000000005,2.5,1.49,-0.6000000000000001,-5.9,0.6000000000000001,7.300000000000001,0.0,0.4,-0.4,-0.8,3.7,0.0,103.0,343.70000000000005,0.0,21.9,31.200000000000003,31.200000000000003,31.8,300.0,300.0,30.6,34.800000000000004,30.6,30.1,31.8,4.95,1.99,4.96,0.16,0.0,0.0,1027.0,8228.0,0.0,0.0,0.0,0.0,0.0,1.0,0.0,0.0,0.0,0.047,0.0,1.1,0.0,-0.5,0.0,0.1806,16.0,25903.0
2026-07-30T18:59:11.668Z,121.151,121.164,0.0,7.4,0.0,0.0,0.0,0.0,0.0,0.0,0.0,0.0,1.0,0.0,0.0,0.0,9.0,4.0,0.0,0.0,0.0,0.0,0.0,0.0,0.0,0.0,6.0,12.0,1.0,12.18,5.0200000000000005,2.5,1.49,6.9,-5.1000000000000005,0.6000000000000001,7.2,0.0,0.9,-0.4,-0.2,1.8,0.0,104.0,61.0,0.0,21.9,31.200000000000003,31.200000000000003,31.8,300.0,300.0,30.6,34.800000000000004,30.6,30.1,31.8,4.95,1.99,4.96,0.16,0.0,0.0,1027.0,8228.0,0.0,0.0,0.0,0.0,0.0,1.0,0.0,0.0,0.0,0.045,0.0,0.0,0.0,-0.6000000000000001,0.0,0.191,16.0,25903.0
2026-07-30T18:59:11.682Z,121.165,121.176,0.0,7.4,0.0,0.0,0.0,0.0,0.0,0.0,0.0,0.0,1.0,0.0,0.0,0.0,9.0,4.0,0.0,0.0,0.0,0.0,0.0,0.0,0.0,0.0,6.0,12.0,1.0,12.14,5.01,2.5,1.49,3.1,3.9,0.6000000000000001,7.2,0.0,0.4,0.1,0.3,-5.7,0.0,104.0,139.6,0.0,21.8,31.200000000000003,31.200000000000003,31.8,300.0,300.0,30.6,34.800000000000004,30.700000000000003,30.1,31.8,4.95,2.0,4.96,0.16,0.0,0.0,1027.0,8228.0,0.0,0.0,0.0,0.0,0.0,1.0,0.0,0.0,0.0,0.044,0.0,0.5,0.0,0.0,0.0,0.1817,16.0,25903.0
2026-07-30T18:59:11.692Z,121.175,121.188,0.0,7.4,0.0,0.0,0.0,0.0,0.0,0.0,0.0,0.0,1.0,0.0,0.0,0.0,9.0,4.0,0.0,0.0,0.0,0.0,0.0,0.0,0.0,0.0,1.0,12.0,1.0,12.14,5.01,2.5,1.49,-5.5,6.6000000000000005,0.5,7.1000000000000005,0.0,0.3,1.3,-0.1,-5.800000000000001,0.0,104.0,214.2,0.0,21.8,31.200000000000003,31.200000000000003,31.8,300.0,300.0,30.6,34.800000000000004,30.700000000000003,30.1,31.8,4.95,1.99,4.96,0.16,0.0,0.0,1027.0,8228.0,0.0,0.0,0.0,0.0,0.0,1.0,0.0,0.0,0.0,0.042,0.0,1.2000000000000002,0.0,-0.6000000000000001,0.0,0.179,16.0,25903.0
2026-07-30T18:59:11.708Z,121.191,121.2,0.0,7.4,0.0,0.0,0.0,0.0,0.0,0.0,0.0,0.0,1.0,0.0,0.0,0.0,9.0,4.0,0.0,0.0,0.0,0.0,0.0,0.0,0.0,0.0,2.0,12.0,1.0,12.14,5.01,2.5,1.49,-5.5,-0.7000000000000001,0.6000000000000001,7.0,0.0,-0.2,0.1,1.5,2.2,0.0,105.0,294.1,0.0,21.8,31.200000000000003,31.200000000000003,31.8,300.0,300.0,30.6,34.800000000000004,30.700000000000003,30.1,31.8,4.95,1.99,4.97,0.16,0.0,0.0,1027.0,8228.0,0.0,0.0,0.0,0.0,0.0,1.0,0.0,0.0,0.0,0.044,0.0,-1.8,0.0,-0.3,0.0,0.1717,16.0,25903.0
2026-07-30T18:59:11.716Z,121.199,121.212,0.0,7.4,0.0,0.0,0.0,0.0,0.0,0.0,0.0,0.0,1.0,0.0,0.0,0.0,9.0,4.0,0.0,0.0,0.0,0.0,0.0,0.0,0.0,0.0,6.0,12.0,1.0,12.14,5.01,2.5,1.49,2.6,-6.7,0.6000000000000001,6.9,0.0,0.3,-1.0,-0.2,4.0,0.0,105.0,10.2,0.0,21.8,31.200000000000003,31.200000000000003,31.8,300.0,300.0,30.6,34.800000000000004,30.700000000000003,30.1,31.8,4.96,1.99,4.96,0.16,0.0,0.0,1027.0,8228.0,0.0,0.0,0.0,0.0,0.0,1.0,0.0,0.0,0.0,0.043,0.0,1.2000000000000002,0.0,-0.4,0.0,0.178,16.0,25903.0
2026-07-30T18:59:11.728Z,121.211,121.224,0.0,7.4,0.0,0.0,0.0,0.0,0.0,0.0,0.0,0.0,1.0,0.0,0.0,0.0,9.0,4.0,0.0,0.0,0.0,0.0,0.0,0.0,0.0,0.0,1.0,12.0,1.0,12.14,5.01,2.5,1.49,6.5,-2.7,0.5,6.9,0.0,0.3,0.0,-0.7000000000000001,0.2,0.0,105.0,83.30000000000001,0.0,21.8,31.200000000000003,31.200000000000003,31.8,300.0,300.0,30.6,34.800000000000004,30.700000000000003,30.1,31.8,4.96,1.99,4.96,0.16,0.0,0.0,1027.0,8228.0,0.0,0.0,0.0,0.0,0.0,1.0,0.0,0.0,0.0,0.041,0.0,-0.7000000000000001,0.0,-0.4,0.0,0.1755,16.0,25903.0
2026-07-30T18:59:11.740Z,121.223,121.236,0.0,7.4,0.0,0.0,0.0,0.0,0.0,0.0,0.0,0.0,1.0,0.0,0.0,0.0,9.0,4.0,0.0,0.0,0.0,0.0,0.0,0.0,0.0,0.0,3.0,12.0,1.0,12.14,5.01,2.5,1.49,1.2000000000000002,5.0,0.5,6.800000000000001,0.0,-0.2,0.0,-0.1,-8.6,0.0,105.0,157.20000000000002,0.0,21.8,31.200000000000003,31.200000000000003,31.8,300.0,300.0,30.6,34.800000000000004,30.700000000000003,30.1,31.8,4.95,1.99,4.96,0.16,0.0,0.0,1027.0,8228.0,0.0,0.0,0.0,0.0,0.0,1.0,0.0,0.0,0.0,0.042,0.0,0.0,0.0,0.1,0.0,0.1674,16.0,25903.0
2026-07-30T18:59:11.752Z,121.235,121.248,0.0,7.4,0.0,0.0,0.0,0.0,0.0,0.0,0.0,0.0,1.0,0.0,0.0,0.0,9.0,4.0,0.0,0.0,0.0,0.0,0.0,0.0,0.0,0.0,4.0,12.0,1.0,12.14,5.01,2.5,1.49,-5.7,5.6000000000000005,0.5,6.7,0.0,0.3,0.0,0.4,-3.8,0.0,104.0,227.1,0.0,21.8,31.200000000000003,31.200000000000003,31.8,300.0,300.0,30.6,34.800000000000004,30.700000000000003,30.1,31.8,4.95,1.99,4.96,0.16,0.0,0.0,1027.0,8228.0,0.0,0.0,0.0,0.0,0.0,1.0,0.0,0.0,0.0,0.04,0.0,-0.1,0.0,-0.5,0.0,0.168,16.0,25903.0
2026-07-30T18:59:11.764Z,121.247,121.26,0.0,7.4,0.0,0.0,0.0,0.0,0.0,0.0,0.0,0.0,1.0,0.0,0.0,0.0,9.0,4.0,0.0,0.0,0.0,0.0,0.0,0.0,0.0,0.0,5.0,12.0,1.0,12.14,5.01,2.5,1.49,-4.9,-1.0,0.5,6.7,0.0,0.8,-0.5,1.0,3.5,0.0,104.0,296.40000000000003,0.0,21.8,31.200000000000003,31.200000000000003,31.8,300.0,300.0,30.6,34.800000000000004,30.700000000000003,30.1,31.8,4.96,2.0,4.96,0.16,0.0,0.0,1027.0,8228.0,0.0,0.0,0.0,0.0,0.0,1.0,0.0,0.0,0.0,0.039,0.0,-0.9,0.0,0.4,0.0,0.1612,16.0,25903.0
2026-07-30T18:59:11.776Z,121.259,121.272,0.0,7.4,0.0,0.0,0.0,0.0,0.0,0.0,0.0,0.0,1.0,0.0,0.0,0.0,9.0,4.0,0.0,0.0,0.0,0.0,0.0,0.0,0.0,0.0,6.0,12.0,1.0,12.14,5.01,2.5,1.49,2.1,-6.1000000000000005,0.5,6.6000000000000005,0.0,0.2,0.0,-0.1,5.2,0.0,103.0,6.5,0.0,21.8,31.200000000000003,31.200000000000003,31.8,300.0,300.0,30.6,34.800000000000004,30.700000000000003,30.1,31.8,4.96,1.99,4.97,0.16,0.0,0.0,1027.0,8228.0,0.0,0.0,0.0,0.0,0.0,1.0,0.0,0.0,0.0,0.039,0.0,0.0,0.0,-0.1,0.0,0.1588,16.0,25903.0
2026-07-30T18:59:11.788Z,121.271,121.284,0.0,7.4,0.0,0.0,0.0,0.0,0.0,0.0,0.0,0.0,1.0,0.0,0.0,0.0,9.0,4.0,0.0,0.0,0.0,0.0,0.0,0.0,0.0,0.0,1.0,12.0,1.0,12.17,5.0200000000000005,2.51,1.49,6.1000000000000005,-3.2,0.5,6.5,0.0,0.2,0.6000000000000001,0.0,1.8,0.0,103.0,75.5,0.0,21.3,31.200000000000003,31.200000000000003,31.8,300.0,300.0,30.6,34.800000000000004,30.700000000000003,30.1,31.8,4.96,1.99,4.97,0.16,0.0,0.0,1027.0,8228.0,0.0,0.0,0.0,0.0,0.0,1.0,0.0,0.0,0.0,0.039,0.0,-0.2,0.0,0.6000000000000001,0.0,0.158,16.0,25903.0
2026-07-30T18:59:11.800Z,121.283,121.296,0.0,7.4,0.0,0.0,0.0,0.0,0.0,0.0,0.0,0.0,1.0,0.0,0.0,0.0,9.0,4.0,0.0,0.0,0.0,0.0,0.0,0.0,0.0,0.0,2.0,12.0,1.0,12.17,5.0200000000000005,2.51,1.49,2.6,3.4000000000000004,0.5,6.5,0.0,-0.3,0.0,-0.1,-6.300000000000001,0.0,102.0,142.3,0.0,21.3,31.200000000000003,31.200000000000003,31.8,300.0,300.0,30.6,34.800000000000004,30.700000000000003,30.1,31.8,4.95,1.99,4.96,0.16,0.0,0.0,1027.0,8228.0,0.0,0.0,0.0,0.0,0.0,1.0,0.0,0.0,0.0,0.038,0.0,0.0,0.0,0.1,0.0,0.1572,16.0,25903.0
2026-07-30T18:59:11.813Z,121.296,121.308,0.0,7.4,0.0,0.0,0.0,0.0,0.0,0.0,0.0,0.0,1.0,0.0,0.0,0.0,9.0,4.0,0.0,0.0,0.0,0.0,0.0,0.0,0.0,0.0,3.0,12.0,1.0,12.17,5.0200000000000005,2.51,1.49,-3.9,6.0,0.5,6.5,0.0,0.2,0.0,0.4,-7.800000000000001,0.0,101.0,205.8,0.0,21.3,31.200000000000003,31.200000000000003,31.8,300.0,300.0,30.6,34.800000000000004,30.700000000000003,30.1,31.8,4.95,1.99,4.98,0.16,0.0,0.0,1027.0,8228.0,0.0,0.0,0.0,0.0,0.0,1.0,0.0,0.0,0.0,0.036,0.0,0.0,0.0,-0.5,0.0,0.1527,16.0,25903.0
2026-07-30T18:59:11.824Z,121.307,121.32,0.0,7.4,0.0,0.0,0.0,0.0,0.0,0.0,0.0,0.0,1.0,0.0,0.0,0.0,9.0,4.0,0.0,0.0,0.0,0.0,0.0,0.0,0.0,0.0,4.0,12.0,1.0,12.17,5.0200000000000005,2.51,1.49,-5.6000000000000005,1.4,0.5,6.4,0.0,-0.8,1.2000000000000002,0.4,1.5,0.0,100.0,272.2,0.0,21.3,31.200000000000003,31.200000000000003,31.8,300.0,300.0,30.6,34.800000000000004,30.700000000000003,30.1,31.8,4.95,1.99,4.96,0.16,0.0,0.0,1027.0,8228.0,0.0,0.0,0.0,0.0,0.0,1.0,0.0,0.0,0.0,0.037,0.0,-0.5,0.0,-1.6,0.0,0.1461,16.0,25903.0
2026-07-30T18:59:11.836Z,121.319,121.332,0.0,7.4,0.0,0.0,0.0,0.0,0.0,0.0,0.0,0.0,1.0,0.0,0.0,0.0,9.0,4.0,0.0,0.0,0.0,0.0,0.0,0.0,0.0,0.0,5.0,12.0,1.0,12.17,5.0200000000000005,2.51,1.49,-1.1,-4.2,0.5,6.4,0.0,-0.8,0.0,-0.1,5.4,0.0,100.0,337.5,0.0,21.3,31.200000000000003,31.200000000000003,31.8,300.0,300.0,30.6,34.800000000000004,30.700000000000003,30.1,31.8,4.95,2.0,4.96,0.16,0.0,0.0,1027.0,8228.0,0.0,0.0,0.0,0.0,0.0,1.0,0.0,0.0,0.0,0.037,0.0,0.1,0.0,-0.1,0.0,0.1488,16.0,25903.0
2026-07-30T18:59:11.848Z,121.331,121.344,0.0,7.4,0.0,0.0,0.0,0.0,0.0,0.0,0.0,0.0,1.0,0.0,0.0,0.0,9.0,4.0,0.0,0.0,0.0,0.0,0.0,0.0,0.0,0.0,6.0,12.0,1.0,12.17,5.0200000000000005,2.51,1.49,4.4,-5.2,0.4,6.300000000000001,0.0,0.3,1.2000000000000002,0.0,4.3,0.0,99.0,39.8,0.0,21.3,31.200000000000003,31.200000000000003,31.8,300.0,300.0,30.6,34.800000000000004,30.700000000000003,30.1,31.8,4.95,2.0,4.97,0.16,0.0,0.0,1027.0,8228.0,0.0,0.0,0.0,0.0,0.0,1.0,0.0,0.0,0.0,0.035,0.0,-1.1,0.0,0.8,0.0,0.1491,16.0,25903.0
2026-07-30T18:59:11.860Z,121.343,121.356,0.0,7.4,0.0,0.0,0.0,0.0,0.0,0.0,0.0,0.0,1.0,0.0,0.0,0.0,9.0,4.0,0.0,0.0,0.0,0.0,0.0,0.0,0.0,0.0,2.0,12.0,1.0,12.17,5.0200000000000005,2.51,1.49,5.1000000000000005,-0.6000000000000001,0.4,6.2,0.0,-0.2,-0.5,1.0,-1.2000000000000002,0.0,98.0,102.4,0.0,21.3,31.200000000000003,31.200000000000003,31.8,300.0,300.0,30.6,34.800000000000004,30.700000000000003,30.1,31.8,4.95,1.99,4.97,0.16,0.0,0.0,1027.0,8228.0,0.0,0.0,0.0,0.0,0.0,1.0,0.0,0.0,0.0,0.035,0.0,1.0,0.0,-0.2,0.0,0.1433,16.0,25903.0
2026-07-30T18:59:11.872Z,121.355,121.368,0.0,7.4,0.0,0.0,0.0,0.0,0.0,0.0,0.0,0.0,1.0,0.0,0.0,0.0,9.0,4.0,0.0,0.0,0.0,0.0,0.0,0.0,0.0,0.0,2.0,12.0,1.0,12.17,5.0200000000000005,2.51,1.49,0.7000000000000001,4.3,0.4,6.2,0.0,0.3,0.6000000000000001,-0.1,-10.7,0.0,97.0,162.0,0.0,21.3,31.200000000000003,31.200000000000003,31.8,300.0,300.0,30.6,34.800000000000004,30.700000000000003,30.1,31.8,4.95,1.99,4.96,0.16,0.0,0.0,1027.0,8228.0,0.0,0.0,0.0,0.0,0.0,1.0,0.0,0.0,0.0,0.034,0.0,0.6000000000000001,0.0,0.3,0.0,0.1422,16.0,25903.0
2026-07-30T18:59:11.885Z,121.368,121.38,0.0,7.4,0.0,0.0,0.0,0.0,0.0,0.0,0.0,0.0,1.0,0.0,0.0,0.0,9.0,4.0,0.0,0.0,0.0,0.0,0.0,0.0,0.0,0.0,4.0,12.0,1.0,12.17,5.01,2.51,1.49,-4.3,5.0,0.4,6.1000000000000005,0.0,-0.8,-0.5,-0.1,-5.6000000000000005,0.0,96.0,219.6,0.0,21.700000000000003,31.200000000000003,31.200000000000003,31.8,300.0,300.0,30.700000000000003,34.7,30.700000000000003,30.1,31.8,4.96,1.99,4.96,0.16,0.0,0.0,1027.0,8228.0,0.0,0.0,0.0,0.0,0.0,1.0,0.0,0.0,0.0,0.033,0.0,-0.4,0.0,0.5,0.0,0.1376,16.0,25903.0
2026-07-30T18:59:11.896Z,121.379,121.392,0.0,7.4,0.0,0.0,0.0,0.0,0.0,0.0,0.0,0.0,1.0,0.0,0.0,0.0,9.0,4.0,0.0,0.0,0.0,0.0,0.0,0.0,0.0,0.0,5.0,12.0,1.0,12.17,5.01,2.51,1.49,-5.0,0.9,0.4,6.0,0.0,-0.1,-1.0,-1.3,2.8000000000000003,0.0,95.0,277.7,0.0,21.700000000000003,31.200000000000003,31.200000000000003,31.8,300.0,300.0,30.700000000000003,34.7,30.700000000000003,30.1,31.8,4.95,1.99,4.97,0.16,0.0,0.0,1027.0,8228.0,0.0,0.0,0.0,0.0,0.0,1.0,0.0,0.0,0.0,0.033,0.0,1.5,0.0,1.7000000000000002,0.0,0.1323,16.0,25903.0
2026-07-30T18:59:11.908Z,121.391,121.404,0.0,7.4,0.0,0.0,0.0,0.0,0.0,0.0,0.0,0.0,1.0,0.0,0.0,0.0,9.0,4.0,0.0,0.0,0.0,0.0,0.0,0.0,0.0,0.0,6.0,12.0,1.0,12.17,5.01,2.51,1.49,-1.2000000000000002,-3.6,0.4,6.0,0.0,-0.2,-0.4,0.0,6.6000000000000005,0.0,93.0,332.90000000000003,0.0,21.700000000000003,31.200000000000003,31.200000000000003,31.8,300.0,300.0,30.700000000000003,34.7,30.700000000000003,30.1,31.8,4.96,1.99,4.96,0.16,0.0,0.0,1027.0,8228.0,0.0,0.0,0.0,0.0,0.0,1.0,0.0,0.0,0.0,0.031,0.0,0.5,0.0,0.1,0.0,0.1323,16.0,25903.0
2026-07-30T18:59:11.920Z,121.403,121.416,0.0,7.4,0.0,0.0,0.0,0.0,0.0,0.0,0.0,0.0,1.0,0.0,0.0,0.0,9.0,4.0,0.0,0.0,0.0,0.0,0.0,0.0,0.0,0.0,1.0,12.0,1.0,12.17,5.01,2.51,1.49,3.4000000000000004,-4.800000000000001,0.4,6.0,0.0,0.4,1.2000000000000002,-0.1,6.0,0.0,92.0,28.9,0.0,21.700000000000003,31.200000000000003,31.200000000000003,31.8,300.0,300.0,30.700000000000003,34.7,30.700000000000003,30.1,31.8,4.96,1.99,4.96,0.16,0.0,0.0,1027.0,8228.0,0.0,0.0,0.0,0.0,0.0,1.0,0.0,0.0,0.0,0.031,0.0,-1.2000000000000002,0.0,0.5,0.0,0.1276,16.0,25903.0
2026-07-30T18:59:11.932Z,121.415,121.428,0.0,7.4,0.0,0.0,0.0,0.0,0.0,0.0,0.0,0.0,1.0,0.0,0.0,0.0,9.0,4.0,0.0,0.0,0.0,0.0,0.0,0.0,0.0,0.0,3.0,12.0,1.0,12.17,5.01,2.51,1.49,4.9,-1.9,0.4,5.9,0.0,-0.1,0.7000000000000001,-0.1,1.3,0.0,91.0,85.5,0.0,21.700000000000003,31.200000000000003,31.200000000000003,31.8,300.0,300.0,30.700000000000003,34.7,30.700000000000003,30.1,31.8,4.95,1.99,4.96,0.16,0.0,0.0,1027.0,8228.0,0.0,0.0,0.0,0.0,0.0,1.0,0.0,0.0,0.0,0.032,0.0,-0.1,0.0,0.7000000000000001,0.0,0.1275,16.0,25903.0
2026-07-30T18:59:11.944Z,121.427,121.44,0.0,7.4,0.0,0.0,0.0,0.0,0.0,0.0,0.0,0.0,1.0,0.0,0.0,0.0,9.0,4.0,0.0,0.0,0.0,0.0,0.0,0.0,0.0,0.0,4.0,12.0,1.0,12.17,5.01,2.51,1.49,2.2,2.4000000000000004,0.3,5.9,0.0,-1.3,0.1,0.4,-6.9,0.0,90.0,137.70000000000002,0.0,21.700000000000003,31.200000000000003,31.200000000000003,31.8,300.0,300.0,30.700000000000003,34.7,30.700000000000003,30.1,31.8,4.95,1.99,4.97,0.16,0.0,0.0,1027.0,8228.0,0.0,0.0,0.0,0.0,0.0,1.0,0.0,0.0,0.0,0.03,0.0,0.6000000000000001,0.0,0.0,0.0,0.1283,16.0,25903.0
2026-07-30T18:59:11.956Z,121.439,121.452,0.0,7.4,0.0,0.0,0.0,0.0,0.0,0.0,0.0,0.0,1.0,0.0,0.0,0.0,9.0,4.0,0.0,0.0,0.0,0.0,0.0,0.0,0.0,0.0,6.0,12.0,1.0,12.17,5.01,2.51,1.49,-1.7000000000000002,4.7,0.3,5.800000000000001,0.0,0.4,-0.4,-0.1,-14.8,0.0,88.0,186.2,0.0,21.700000000000003,31.200000000000003,31.200000000000003,31.8,300.0,300.0,30.700000000000003,34.7,30.700000000000003,30.1,31.8,4.96,1.99,4.96,0.16,0.0,0.0,1027.0,8228.0,0.0,0.0,0.0,0.0,0.0,1.0,0.0,0.0,0.0,0.028,0.0,-0.6000000000000001,0.0,0.2,0.0,0.1218,16.0,25903.0
2026-07-30T18:59:11.968Z,121.451,121.464,0.0,7.4,0.0,0.0,0.0,0.0,0.0,0.0,0.0,0.0,1.0,0.0,0.0,0.0,9.0,4.0,0.0,0.0,0.0,0.0,0.0,0.0,0.0,0.0,1.0,12.0,1.0,12.17,5.01,2.51,1.49,-5.0,3.8,0.3,5.7,0.0,0.9,0.0,0.3,-3.0,0.0,87.0,240.1,0.0,21.700000000000003,31.200000000000003,31.200000000000003,31.8,300.0,300.0,30.700000000000003,34.7,30.700000000000003,30.1,31.8,4.96,1.99,4.97,0.16,0.0,0.0,1027.0,8228.0,0.0,0.0,0.0,0.0,0.0,1.0,0.0,0.0,0.0,0.029,0.0,-0.1,0.0,-0.4,0.0,0.1127,16.0,25903.0
2026-07-30T18:59:11.980Z,121.463,121.476,0.0,7.4,0.0,0.0,0.0,0.0,0.0,0.0,0.0,0.0,1.0,0.0,0.0,0.0,9.0,4.0,0.0,0.0,0.0,0.0,0.0,0.0,0.0,0.0,2.0,12.0,1.0,12.17,5.01,2.51,1.49,-4.0,-1.5,0.4,5.7,0.0,-0.7000000000000001,0.0,-0.2,3.5,0.0,87.0,303.90000000000003,0.0,21.700000000000003,31.200000000000003,31.200000000000003,31.8,300.0,300.0,30.700000000000003,34.7,30.700000000000003,30.1,31.8,4.95,1.99,4.97,0.16,0.0,0.0,1027.0,8228.0,0.0,0.0,0.0,0.0,0.0,1.0,0.0,0.0,0.0,0.034,0.0,0.2,0.0,0.0,0.0,0.1182,16.0,25903.0
2026-07-30T18:59:11.992Z,121.475,121.488,0.0,7.4,0.0,0.0,0.0,0.0,0.0,0.0,0.0,0.0,1.0,0.0,0.0,0.0,9.0,4.0,0.0,0.0,0.0,0.0,0.0,0.0,0.0,0.0,3.0,12.0,1.0,12.17,5.01,2.5,1.49,2.5,-6.2,0.4,5.9,0.0,-0.2,0.0,-0.8,4.800000000000001,0.0,87.0,10.4,0.0,21.200000000000003,31.200000000000003,31.200000000000003,31.8,300.0,300.0,30.700000000000003,34.800000000000004,30.700000000000003,30.1,31.8,4.96,1.99,4.97,0.16,0.0,0.0,1027.0,8228.0,0.0,0.0,0.0,0.0,0.0,1.0,0.0,0.0,0.0,0.036,0.0,0.3,0.0,-0.9,0.0,0.1375,16.0,25903.0
2026-07-30T18:59:12.004Z,121.487,121.5,0.0,7.4,0.0,0.0,0.0,0.0,0.0,0.0,0.0,0.0,1.0,0.0,0.0,0.0,9.0,4.0,0.0,0.0,0.0,0.0,0.0,0.0,0.0,0.0,4.0,12.0,1.0,12.17,5.01,2.5,1.49,7.0,-2.7,0.5,6.6000000000000005,0.0,0.3,0.6000000000000001,-0.2,0.9,0.0,88.0,85.4,0.0,21.200000000000003,31.200000000000003,31.200000000000003,31.8,300.0,300.0,30.700000000000003,34.800000000000004,30.700000000000003,30.1,31.8,4.95,1.99,4.96,0.16,0.0,0.0,1027.0,8228.0,0.0,0.0,0.0,0.0,0.0,1.0,0.0,0.0,0.0,0.04,0.0,-0.2,0.0,0.5,0.0,0.1478,16.0,25903.0
2026-07-30T18:59:12.025Z,121.508,121.512,0.0,7.4,0.0,0.0,0.0,0.0,0.0,0.0,0.0,0.0,1.0,0.0,0.0,0.0,9.0,4.0,0.0,0.0,0.0,0.0,0.0,0.0,0.0,0.0,4.0,12.0,1.0,12.17,5.01,2.5,1.49,0.4,6.4,0.5,7.0,0.0,0.9,0.0,0.9,-8.3,0.0,90.0,165.20000000000002,0.0,21.200000000000003,31.200000000000003,31.200000000000003,31.8,300.0,300.0,30.700000000000003,34.800000000000004,30.700000000000003,30.1,31.8,4.95,1.99,4.97,0.16,0.0,0.0,1027.0,8228.0,0.0,0.0,0.0,0.0,0.0,1.0,0.0,0.0,0.0,0.044,0.0,0.7000000000000001,0.0,-0.7000000000000001,0.0,0.1634,16.0,25903.0
2026-07-30T18:59:12.028Z,121.511,121.524,0.0,7.4,0.0,0.0,0.0,0.0,0.0,0.0,0.0,0.0,1.0,0.0,0.0,0.0,9.0,4.0,0.0,0.0,0.0,0.0,0.0,0.0,0.0,0.0,6.0,12.0,1.0,12.17,5.01,2.5,1.49,-8.0,4.9,0.5,7.5,0.0,-0.2,0.0,1.5,-1.2000000000000002,0.0,91.0,246.4,0.0,21.200000000000003,31.200000000000003,31.200000000000003,31.8,300.0,300.0,30.700000000000003,34.800000000000004,30.700000000000003,30.1,31.8,4.95,2.0,4.97,0.16,0.0,0.0,1027.0,8228.0,0.0,0.0,0.0,0.0,0.0,1.0,0.0,0.0,0.0,0.045,0.0,-1.0,0.0,-1.4,0.0,0.1773,16.0,25903.0
2026-07-30T18:59:12.040Z,121.523,121.536,0.0,7.4,0.0,0.0,0.0,0.0,0.0,0.0,0.0,0.0,1.0,0.0,0.0,0.0,9.0,4.0,0.0,0.0,0.0,0.0,0.0,0.0,0.0,0.0,6.0,12.0,1.0,12.17,5.01,2.5,1.49,-1.0,-6.6000000000000005,0.6000000000000001,7.9,0.0,-0.1,0.0,-0.2,3.5,0.0,94.0,339.20000000000005,0.0,21.200000000000003,31.200000000000003,31.200000000000003,31.8,300.0,300.0,30.700000000000003,34.800000000000004,30.700000000000003,30.1,31.8,4.96,2.0,4.96,0.16,0.0,0.0,1027.0,8228.0,0.0,0.0,0.0,0.0,0.0,1.0,0.0,0.0,0.0,0.05,0.0,0.1,0.0,-0.1,0.0,0.1807,16.0,25903.0
2026-07-30T18:59:12.052Z,121.535,121.548,0.0,7.4,0.0,0.0,0.0,0.0,0.0,0.0,0.0,0.0,1.0,0.0,0.0,0.0,9.0,4.0,0.0,0.0,0.0,0.0,0.0,0.0,0.0,0.0,1.0,12.0,1.0,12.17,5.01,2.5,1.49,8.4,-4.6000000000000005,0.7000000000000001,8.0,0.0,-0.8,0.0,-1.9,1.2000000000000002,0.0,97.0,74.8,0.0,21.200000000000003,31.200000000000003,31.200000000000003,31.8,300.0,300.0,30.700000000000003,34.800000000000004,30.700000000000003,30.1,31.8,4.95,1.99,4.97,0.16,0.0,0.0,1027.0,8228.0,0.0,0.0,0.0,0.0,0.0,1.0,0.0,0.0,0.0,0.053,0.0,-1.5,0.0,-1.5,0.0,0.2026,16.0,25903.0
2026-07-30T18:59:12.064Z,121.547,121.56,0.0,7.4,0.0,0.0,0.0,0.0,0.0,0.0,0.0,0.0,1.0,0.0,0.0,0.0,9.0,4.0,0.0,0.0,0.0,0.0,0.0,0.0,0.0,0.0,2.0,12.0,1.0,12.17,5.01,2.5,1.49,0.0,7.300000000000001,0.7000000000000001,8.200000000000001,0.0,0.9,0.0,0.3,-7.7,0.0,99.0,165.4,0.0,21.200000000000003,31.200000000000003,31.200000000000003,31.8,300.0,300.0,30.700000000000003,34.800000000000004,30.700000000000003,30.1,31.8,4.95,1.99,4.96,0.16,0.0,0.0,1027.0,8228.0,0.0,0.0,0.0,0.0,0.0,1.0,0.0,0.0,0.0,0.052,0.0,0.2,0.0,-0.2,0.0,0.2126,16.0,25903.0
2026-07-30T18:59:12.076Z,121.559,121.572,0.0,7.4,0.0,0.0,0.0,0.0,0.0,0.0,0.0,0.0,1.0,0.0,0.0,0.0,9.0,4.0,0.0,0.0,0.0,0.0,0.0,0.0,0.0,0.0,3.0,12.0,1.0,12.17,5.01,2.5,1.49,-8.3,4.0,0.6000000000000001,8.0,0.0,0.9,0.6000000000000001,-0.8,-1.0,0.0,100.0,251.8,0.0,21.200000000000003,31.200000000000003,31.200000000000003,31.8,300.0,300.0,30.700000000000003,34.800000000000004,30.700000000000003,30.1,31.8,4.96,2.0,4.96,0.16,0.0,0.0,1027.0,8228.0,0.0,0.0,0.0,0.0,0.0,1.0,0.0,0.0,0.0,0.049,0.0,1.1,0.0,1.1,0.0,0.2104,16.0,25903.0
2026-07-30T18:59:12.089Z,121.572,121.584,0.0,7.4,0.0,0.0,0.0,0.0,0.0,0.0,0.0,0.0,1.0,0.0,0.0,0.0,9.0,4.0,0.0,0.0,0.0,0.0,0.0,0.0,0.0,0.0,4.0,12.0,1.0,12.17,5.01,2.51,1.49,0.4,-7.300000000000001,0.7000000000000001,8.0,0.0,-0.1,-0.5,-0.1,3.1,0.0,103.0,351.40000000000003,0.0,21.9,31.200000000000003,31.200000000000003,31.8,300.0,300.0,30.8,34.7,30.700000000000003,30.1,31.8,4.95,2.0,4.96,0.16,0.0,0.0,1027.0,8228.0,0.0,0.0,0.0,0.0,0.0,1.0,0.0,0.0,0.0,0.054,0.0,-0.1,0.0,0.9,0.0,0.1966,16.0,25903.0
2026-07-30T18:59:12.100Z,121.583,121.596,0.0,7.4,0.0,0.0,0.0,0.0,0.0,0.0,0.0,0.0,1.0,0.0,0.0,0.0,9.0,4.0,0.0,0.0,0.0,0.0,0.0,0.0,0.0,0.0,5.0,12.0,1.0,12.17,5.01,2.51,1.49,8.0,-3.6,0.7000000000000001,7.9,0.0,-0.1,-1.0,0.3,0.3,0.0,105.0,81.2,0.0,21.9,31.200000000000003,31.200000000000003,31.8,300.0,300.0,30.8,34.7,30.700000000000003,30.1,31.8,4.95,1.99,4.97,0.16,0.0,0.0,1027.0,8228.0,0.0,0.0,0.0,0.0,0.0,1.0,0.0,0.0,0.0,0.052,0.0,-0.5,0.0,-1.8,0.0,0.2182,16.0,25903.0
2026-07-30T18:59:12.112Z,121.595,121.608,0.0,7.4,0.0,0.0,0.0,0.0,0.0,0.0,0.0,0.0,1.0,0.0,0.0,0.0,9.0,4.0,0.0,0.0,0.0,0.0,0.0,0.0,0.0,0.0,6.0,12.0,1.0,12.17,5.01,2.51,1.49,-0.1,7.0,0.7000000000000001,7.9,0.0,0.4,0.0,1.5,-8.9,0.0,106.0,167.4,0.0,21.9,31.200000000000003,31.200000000000003,31.8,300.0,300.0,30.8,34.7,30.700000000000003,30.1,31.8,4.95,2.0,4.96,0.16,0.0,0.0,1027.0,8228.0,0.0,0.0,0.0,0.0,0.0,1.0,0.0,0.0,0.0,0.05,0.0,1.2000000000000002,0.0,-1.3,0.0,0.2089,16.0,25903.0
2026-07-30T18:59:12.124Z,121.607,121.62,0.0,7.4,0.0,0.0,0.0,0.0,0.0,0.0,0.0,0.0,1.0,0.0,0.0,0.0,9.0,4.0,0.0,0.0,0.0,0.0,0.0,0.0,0.0,0.0,1.0,12.0,1.0,12.17,5.01,2.51,1.49,-7.9,4.2,0.6000000000000001,7.800000000000001,0.0,-0.1,-0.5,-2.0,-1.8,0.0,107.0,248.8,0.0,21.9,31.200000000000003,31.200000000000003,31.8,300.0,300.0,30.8,34.7,30.700000000000003,30.1,31.8,4.96,1.99,4.96,0.16,0.0,0.0,1027.0,8228.0,0.0,0.0,0.0,0.0,0.0,1.0,0.0,0.0,0.0,0.046,0.0,1.2000000000000002,0.0,2.3000000000000003,0.0,0.201,16.0,25903.0
2026-07-30T18:59:12.136Z,121.619,121.632,0.0,7.4,0.0,0.0,0.0,0.0,0.0,0.0,0.0,0.0,1.0,0.0,0.0,0.0,9.0,4.0,0.0,0.0,0.0,0.0,0.0,0.0,0.0,0.0,3.0,12.0,1.0,12.17,5.01,2.51,1.49,-1.0,-6.1000000000000005,0.7000000000000001,7.7,0.0,0.9,-0.5,-0.2,2.9000000000000004,0.0,108.0,338.8,0.0,21.9,31.200000000000003,31.200000000000003,31.8,300.0,300.0,30.8,34.7,30.700000000000003,30.1,31.8,4.95,1.99,4.97,0.16,0.0,0.0,1027.0,8228.0,0.0,0.0,0.0,0.0,0.0,1.0,0.0,0.0,0.0,0.049,0.0,0.8,0.0,0.0,0.0,0.1848,16.0,25903.0
2026-07-30T18:59:12.147Z,121.63,121.644,0.0,7.4,0.0,0.0,0.0,0.0,0.0,0.0,0.0,0.0,1.0,0.0,0.0,0.0,9.0,4.0,0.0,0.0,0.0,0.0,0.0,0.0,0.0,0.0,4.0,12.0,1.0,12.17,5.01,2.51,1.49,7.4,-5.1000000000000005,0.7000000000000001,7.6,0.0,0.3,-0.5,0.2,1.0,0.0,109.0,64.10000000000001,0.0,21.9,31.200000000000003,31.200000000000003,31.8,300.0,300.0,30.8,34.7,30.700000000000003,30.1,31.8,4.96,1.99,4.97,0.16,0.0,0.0,1027.0,8228.0,0.0,0.0,0.0,0.0,0.0,1.0,0.0,0.0,0.0,0.049,0.0,0.4,0.0,-0.2,0.0,0.1994,16.0,25903.0
2026-07-30T18:59:12.160Z,121.643,121.656,0.0,7.4,0.0,0.0,0.0,0.0,0.0,0.0,0.0,0.0,1.0,0.0,0.0,0.0,9.0,4.0,0.0,0.0,0.0,0.0,0.0,0.0,0.0,0.0,5.0,12.0,1.0,12.17,5.01,2.51,1.49,2.4000000000000004,5.0,0.6000000000000001,7.6,0.0,-0.8,-0.5,-0.8,-6.9,0.0,109.0,148.3,0.0,21.9,31.200000000000003,31.200000000000003,31.8,300.0,300.0,30.8,34.7,30.700000000000003,30.1,31.8,4.96,1.99,4.96,0.16,0.0,0.0,1027.0,8228.0,0.0,0.0,0.0,0.0,0.0,1.0,0.0,0.0,0.0,0.048,0.0,-1.4,0.0,0.1,0.0,0.196,16.0,25903.0
2026-07-30T18:59:12.172Z,121.655,121.668,0.0,7.4,0.0,0.0,0.0,0.0,0.0,0.0,0.0,0.0,1.0,0.0,0.0,0.0,9.0,4.0,0.0,0.0,0.0,0.0,0.0,0.0,0.0,0.0,6.0,12.0,1.0,12.17,5.01,2.51,1.49,-6.5,6.300000000000001,0.6000000000000001,7.5,0.0,-0.2,0.0,-0.2,-5.1000000000000005,0.0,109.0,221.2,0.0,21.9,31.200000000000003,31.200000000000003,31.8,300.0,300.0,30.8,34.7,30.700000000000003,30.1,31.8,4.95,1.99,4.96,0.16,0.0,0.0,1027.0,8228.0,0.0,0.0,0.0,0.0,0.0,1.0,0.0,0.0,0.0,0.043,0.0,0.1,0.0,0.2,0.0,0.1922,16.0,25903.0
2026-07-30T18:59:12.183Z,121.666,121.68,0.0,7.4,0.0,0.0,0.0,0.0,0.0,0.0,0.0,0.0,1.0,0.0,0.0,0.0,9.0,4.0,0.0,0.0,0.0,0.0,0.0,0.0,0.0,0.0,1.0,12.0,1.0,12.17,5.01,2.51,1.49,-4.3,-2.8000000000000003,0.7000000000000001,7.4,0.0,0.3,-1.0,0.9,1.8,0.0,110.0,311.3,0.0,21.9,31.200000000000003,31.200000000000003,31.8,300.0,300.0,30.8,34.7,30.700000000000003,30.1,31.8,4.95,1.99,4.97,0.16,0.0,0.0,1027.0,8228.0,0.0,0.0,0.0,0.0,0.0,1.0,0.0,0.0,0.0,0.048,0.0,-0.2,0.0,1.1,0.0,0.1728,16.0,25903.0
2026-07-30T18:59:12.196Z,121.679,121.692,0.0,7.4,0.0,0.0,0.0,0.0,0.0,0.0,0.0,0.0,1.0,0.0,0.0,0.0,9.0,4.0,0.0,0.0,0.0,0.0,0.0,0.0,0.0,0.0,2.0,12.0,1.0,12.15,5.01,2.51,1.49,4.9,-7.0,0.6000000000000001,7.300000000000001,0.0,-0.8,-0.4,-0.8,2.2,0.0,110.0,29.0,0.0,21.4,31.200000000000003,31.200000000000003,31.8,300.0,300.0,30.8,34.800000000000004,30.700000000000003,30.1,31.8,4.96,1.99,4.96,0.16,0.0,0.0,1027.0,8228.0,0.0,0.0,0.0,0.0,0.0,1.0,0.0,0.0,0.0,0.045,0.0,0.4,0.0,-1.2000000000000002,0.0,0.1947,16.0,25903.0
2026-07-30T18:59:12.208Z,121.691,121.704,0.0,7.4,0.0,0.0,0.0,0.0,0.0,0.0,0.0,0.0,1.0,0.0,0.0,0.0,9.0,4.0,0.0,0.0,0.0,0.0,0.0,0.0,0.0,0.0,3.0,12.0,1.0,12.15,5.01,2.51,1.49,6.0,0.2,0.6000000000000001,7.300000000000001,0.0,-0.2,0.6000000000000001,0.9,-2.9000000000000004,0.0,110.0,107.1,0.0,21.4,31.200000000000003,31.200000000000003,31.8,300.0,300.0,30.8,34.800000000000004,30.700000000000003,30.1,31.8,4.96,1.99,4.97,0.16,0.0,0.0,1027.0,8228.0,0.0,0.0,0.0,0.0,0.0,1.0,0.0,0.0,0.0,0.044,0.0,1.2000000000000002,0.0,0.9,0.0,0.184,16.0,25903.0
2026-07-30T18:59:12.220Z,121.703,121.716,0.0,7.4,0.0,0.0,0.0,0.0,0.0,0.0,0.0,0.0,1.0,0.0,0.0,0.0,9.0,4.0,0.0,0.0,0.0,0.0,0.0,0.0,0.0,0.0,4.0,12.0,1.0,12.15,5.01,2.51,1.49,-2.1,6.9,0.6000000000000001,7.300000000000001,0.0,0.3,0.1,0.3,-11.8,0.0,110.0,184.3,0.0,21.4,31.200000000000003,31.200000000000003,31.8,300.0,300.0,30.8,34.800000000000004,30.700000000000003,30.1,31.8,4.96,2.0,4.97,0.16,0.0,0.0,1027.0,8228.0,0.0,0.0,0.0,0.0,0.0,1.0,0.0,0.0,0.0,0.044,0.0,0.3,0.0,-0.4,0.0,0.1765,16.0,25903.0
2026-07-30T18:59:12.231Z,121.714,121.728,0.0,7.4,0.0,0.0,0.0,0.0,0.0,0.0,0.0,0.0,1.0,0.0,0.0,0.0,9.0,4.0,0.0,0.0,0.0,0.0,0.0,0.0,0.0,0.0,6.0,12.0,1.0,12.15,5.01,2.51,1.49,-6.9,3.1,0.6000000000000001,7.2,0.0,-0.8,0.7000000000000001,-0.2,-0.7000000000000001,0.0,109.0,256.8,0.0,21.4,31.200000000000003,31.200000000000003,31.8,300.0,300.0,30.8,34.800000000000004,30.700000000000003,30.1,31.8,4.96,2.0,4.96,0.16,0.0,0.0,1027.0,8228.0,0.0,0.0,0.0,0.0,0.0,1.0,0.0,0.0,0.0,0.041,0.0,0.3,0.0,-0.6000000000000001,0.0,0.1771,16.0,25903.0
2026-07-30T18:59:12.244Z,121.727,121.74,0.0,7.4,0.0,0.0,0.0,0.0,0.0,0.0,0.0,0.0,1.0,0.0,0.0,0.0,9.0,4.0,0.0,0.0,0.0,0.0,0.0,0.0,0.0,0.0,1.0,12.0,1.0,12.15,5.01,2.51,1.49,-1.3,-5.0,0.6000000000000001,7.1000000000000005,0.0,0.3,0.1,-0.1,3.7,0.0,109.0,337.1,0.0,21.4,31.200000000000003,31.200000000000003,31.8,300.0,300.0,30.8,34.800000000000004,30.700000000000003,30.1,31.8,4.95,1.99,4.97,0.16,0.0,0.0,1027.0,8228.0,0.0,0.0,0.0,0.0,0.0,1.0,0.0,0.0,0.0,0.044,0.0,0.0,0.0,-0.1,0.0,0.167,16.0,25903.0
2026-07-30T18:59:12.256Z,121.739,121.752,0.0,7.4,0.0,0.0,0.0,0.0,0.0,0.0,0.0,0.0,1.0,0.0,0.0,0.0,9.0,4.0,0.0,0.0,0.0,0.0,0.0,0.0,0.0,0.0,3.0,12.0,1.0,12.15,5.01,2.51,1.49,5.800000000000001,-5.7,0.6000000000000001,7.0,0.0,0.3,0.7000000000000001,0.9,2.5,0.0,109.0,48.8,0.0,21.4,31.200000000000003,31.200000000000003,31.8,300.0,300.0,30.8,34.800000000000004,30.700000000000003,30.1,31.8,4.95,1.99,4.96,0.16,0.0,0.0,1027.0,8228.0,0.0,0.0,0.0,0.0,0.0,1.0,0.0,0.0,0.0,0.042,0.0,-0.1,0.0,1.7000000000000002,0.0,0.1778,16.0,25903.0
2026-07-30T18:59:12.268Z,121.751,121.764,0.0,7.4,0.0,0.0,0.0,0.0,0.0,0.0,0.0,0.0,1.0,0.0,0.0,0.0,9.0,4.0,0.0,0.0,0.0,0.0,0.0,0.0,0.0,0.0,4.0,12.0,1.0,12.15,5.01,2.51,1.49,4.7,1.6,0.6000000000000001,7.0,0.0,-0.1,1.3,-0.7000000000000001,-3.9,0.0,108.0,121.3,0.0,21.4,31.200000000000003,31.200000000000003,31.8,300.0,300.0,30.8,34.800000000000004,30.700000000000003,30.1,31.8,4.95,2.0,4.96,0.17,0.0,0.0,1027.0,8228.0,0.0,0.0,0.0,0.0,0.0,1.0,0.0,0.0,0.0,0.041,0.0,0.0,0.0,1.3,0.0,0.168,16.0,25903.0
2026-07-30T18:59:12.280Z,121.763,121.776,0.0,7.4,0.0,0.0,0.0,0.0,0.0,0.0,0.0,0.0,1.0,0.0,0.0,0.0,9.0,4.0,0.0,0.0,0.0,0.0,0.0,0.0,0.0,0.0,5.0,12.0,1.0,12.15,5.01,2.51,1.49,-2.8000000000000003,6.5,0.5,7.0,0.0,0.3,-0.4,-0.7000000000000001,-10.7,0.0,107.0,190.1,0.0,21.4,31.200000000000003,31.200000000000003,31.8,300.0,300.0,30.8,34.800000000000004,30.700000000000003,30.1,31.8,4.96,2.0,4.96,0.16,0.0,0.0,1027.0,8228.0,0.0,0.0,0.0,0.0,0.0,1.0,0.0,0.0,0.0,0.039,0.0,-0.7000000000000001,0.0,0.8,0.0,0.1651,16.0,25903.0
2026-07-30T18:59:12.294Z,121.777,121.788,0.0,7.4,0.0,0.0,0.0,0.0,0.0,0.0,0.0,0.0,1.0,0.0,0.0,0.0,9.0,4.0,0.0,0.0,0.0,0.0,0.0,0.0,0.0,0.0,6.0,12.0,1.0,12.11,5.01,2.5,1.49,-6.4,2.7,0.5,6.800000000000001,0.0,0.3,-0.4,1.5,-0.2,0.0,107.0,261.0,0.0,21.4,31.200000000000003,31.200000000000003,31.8,300.0,300.0,30.8,34.7,30.700000000000003,30.1,31.8,4.96,1.99,4.97,0.16,0.0,0.0,1027.0,8228.0,0.0,0.0,0.0,0.0,0.0,1.0,0.0,0.0,0.0,0.039,0.0,-1.5,0.0,-0.6000000000000001,0.0,0.1588,16.0,25903.0
2026-07-30T18:59:12.304Z,121.787,121.8,0.0,7.4,0.0,0.0,0.0,0.0,0.0,0.0,0.0,0.0,1.0,0.0,0.0,0.0,9.0,4.0,0.0,0.0,0.0,0.0,0.0,0.0,0.0,0.0,1.0,12.0,1.0,12.11,5.01,2.5,1.49,-1.6,-4.4,0.5,6.800000000000001,0.0,0.3,0.1,1.6,4.2,0.0,106.0,333.8,0.0,21.4,31.200000000000003,31.200000000000003,31.8,300.0,300.0,30.8,34.7,30.700000000000003,30.1,31.8,4.96,1.99,4.96,0.16,0.0,0.0,1027.0,8228.0,0.0,0.0,0.0,0.0,0.0,1.0,0.0,0.0,0.0,0.041,0.0,-1.7000000000000002,0.0,0.9,0.0,0.1592,16.0,25903.0
2026-07-30T18:59:12.316Z,121.799,121.812,0.0,7.4,0.0,0.0,0.0,0.0,0.0,0.0,0.0,0.0,1.0,0.0,0.0,0.0,9.0,4.0,0.0,0.0,0.0,0.0,0.0,0.0,0.0,0.0,2.0,12.0,1.0,12.11,5.01,2.5,1.49,4.800000000000001,-5.6000000000000005,0.5,6.7,0.0,-0.2,0.1,1.0,3.3000000000000003,0.0,105.0,40.3,0.0,21.4,31.200000000000003,31.200000000000003,31.8,300.0,300.0,30.8,34.7,30.700000000000003,30.1,31.8,4.96,1.99,4.96,0.16,0.0,0.0,1027.0,8228.0,0.0,0.0,0.0,0.0,0.0,1.0,0.0,0.0,0.0,0.038,0.0,0.0,0.0,1.3,0.0,0.1644,16.0,25903.0
2026-07-30T18:59:12.335Z,121.818,121.824,0.0,7.4,0.0,0.0,0.0,0.0,0.0,0.0,0.0,0.0,1.0,0.0,0.0,0.0,9.0,4.0,0.0,0.0,0.0,0.0,0.0,0.0,0.0,0.0,3.0,12.0,1.0,12.11,5.01,2.5,1.49,5.300000000000001,0.0,0.5,6.7,0.0,-0.2,-0.3,0.5,-2.3000000000000003,0.0,104.0,108.2,0.0,21.4,31.200000000000003,31.200000000000003,31.8,300.0,300.0,30.8,34.7,30.700000000000003,30.1,31.8,4.95,1.99,4.96,0.16,0.0,0.0,1027.0,8228.0,0.0,0.0,0.0,0.0,0.0,1.0,0.0,0.0,0.0,0.038,0.0,0.4,0.0,-0.3,0.0,0.1543,16.0,25903.0
2026-07-30T18:59:12.340Z,121.823,121.836,0.0,7.4,0.0,0.0,0.0,0.0,0.0,0.0,0.0,0.0,1.0,0.0,0.0,0.0,9.0,4.0,0.0,0.0,0.0,0.0,0.0,0.0,0.0,0.0,1.0,12.0,1.0,12.11,5.01,2.5,1.49,-0.5,5.5,0.5,6.6000000000000005,0.0,0.3,-1.5,-1.1,-12.4,0.0,104.0,173.8,0.0,21.4,31.200000000000003,31.200000000000003,31.8,300.0,300.0,30.8,34.7,30.700000000000003,30.1,31.8,4.95,1.99,4.97,0.16,0.0,0.0,1027.0,8228.0,0.0,0.0,0.0,0.0,0.0,1.0,0.0,0.0,0.0,0.037,0.0,-2.6,0.0,0.8,0.0,0.1531,16.0,25903.0
2026-07-30T18:59:12.352Z,121.835,121.848,0.0,7.4,0.0,0.0,0.0,0.0,0.0,0.0,0.0,0.0,1.0,0.0,0.0,0.0,9.0,4.0,0.0,0.0,0.0,0.0,0.0,0.0,0.0,0.0,2.0,12.0,1.0,12.11,5.01,2.5,1.49,-5.5,4.5,0.5,6.5,0.0,-0.2,1.3,0.5,-2.8000000000000003,0.0,102.0,236.8,0.0,21.4,31.200000000000003,31.200000000000003,31.8,300.0,300.0,30.8,34.7,30.700000000000003,30.1,31.8,4.95,1.99,4.96,0.16,0.0,0.0,1027.0,8228.0,0.0,0.0,0.0,0.0,0.0,1.0,0.0,0.0,0.0,0.036,0.0,0.5,0.0,-1.8,0.0,0.1509,16.0,25903.0
2026-07-30T18:59:12.363Z,121.846,121.86,0.0,7.4,0.0,0.0,0.0,0.0,0.0,0.0,0.0,0.0,1.0,0.0,0.0,0.0,9.0,4.0,0.0,0.0,0.0,0.0,0.0,0.0,0.0,0.0,3.0,12.0,1.0,12.11,5.01,2.5,1.49,-4.3,-1.1,0.5,6.5,0.0,-0.2,0.1,1.1,4.0,0.0,101.0,299.0,0.0,21.4,31.200000000000003,31.200000000000003,31.8,300.0,300.0,30.8,34.7,30.700000000000003,30.1,31.8,4.96,1.99,4.96,0.16,0.0,0.0,1027.0,8228.0,0.0,0.0,0.0,0.0,0.0,1.0,0.0,0.0,0.0,0.035,0.0,-1.3,0.0,-0.1,0.0,0.1447,16.0,25903.0
2026-07-30T18:59:12.376Z,121.859,121.872,0.0,7.4,0.0,0.0,0.0,0.0,0.0,0.0,0.0,0.0,1.0,0.0,0.0,0.0,9.0,4.0,0.0,0.0,0.0,0.0,0.0,0.0,0.0,0.0,4.0,12.0,1.0,12.11,5.01,2.5,1.49,1.4,-5.4,0.4,6.4,0.0,-0.2,-0.4,0.5,5.800000000000001,0.0,100.0,2.3000000000000003,0.0,21.4,31.200000000000003,31.200000000000003,31.8,300.0,300.0,30.8,34.7,30.700000000000003,30.1,31.8,4.95,1.99,4.97,0.16,0.0,0.0,1027.0,8228.0,0.0,0.0,0.0,0.0,0.0,1.0,0.0,0.0,0.0,0.035,0.0,0.2,0.0,0.5,0.0,0.1424,16.0,25903.0
2026-07-30T18:59:12.388Z,121.871,121.884,0.0,7.4,0.0,0.0,0.0,0.0,0.0,0.0,0.0,0.0,1.0,0.0,0.0,0.0,9.0,4.0,0.0,0.0,0.0,0.0,0.0,0.0,0.0,0.0,5.0,12.0,1.0,12.11,5.01,2.5,1.49,5.300000000000001,-3.8,0.4,6.300000000000001,0.0,-0.2,-0.4,-1.1,2.9000000000000004,0.0,99.0,64.3,0.0,21.4,31.200000000000003,31.200000000000003,31.8,300.0,300.0,30.8,34.7,30.700000000000003,30.1,31.8,4.96,1.99,4.96,0.16,0.0,0.0,1027.0,8228.0,0.0,0.0,0.0,0.0,0.0,1.0,0.0,0.0,0.0,0.035,0.0,-0.5,0.0,-1.5,0.0,0.1423,16.0,25903.0
2026-07-30T18:59:12.400Z,121.883,121.896,0.0,7.4,0.0,0.0,0.0,0.0,0.0,0.0,0.0,0.0,1.0,0.0,0.0,0.0,9.0,4.0,0.0,0.0,0.0,0.0,0.0,0.0,0.0,0.0,1.0,12.0,1.0,12.15,5.0200000000000005,2.5,1.49,3.6,1.4,0.4,6.300000000000001,0.0,0.9,0.7000000000000001,0.0,-4.2,0.0,98.0,123.8,0.0,21.8,31.200000000000003,31.200000000000003,31.8,300.0,300.0,30.700000000000003,34.800000000000004,30.6,30.1,31.8,4.96,2.0,4.97,0.16,0.0,0.0,1027.0,8228.0,0.0,0.0,0.0,0.0,0.0,1.0,0.0,0.0,0.0,0.034,0.0,0.5,0.0,0.7000000000000001,0.0,0.1414,16.0,25903.0
2026-07-30T18:59:12.412Z,121.895,121.908,0.0,7.4,0.0,0.0,0.0,0.0,0.0,0.0,0.0,0.0,1.0,0.0,0.0,0.0,9.0,4.0,0.0,0.0,0.0,0.0,0.0,0.0,0.0,0.0,2.0,12.0,1.0,12.15,5.0200000000000005,2.5,1.49,-1.1,5.0,0.4,6.300000000000001,0.0,-0.2,0.1,1.7000000000000002,-14.9,0.0,97.0,178.60000000000002,0.0,21.8,31.200000000000003,31.200000000000003,31.8,300.0,300.0,30.700000000000003,34.800000000000004,30.6,30.1,31.8,4.95,1.99,4.97,0.16,0.0,0.0,1027.0,8228.0,0.0,0.0,0.0,0.0,0.0,1.0,0.0,0.0,0.0,0.031,0.0,1.2000000000000002,0.0,-1.7000000000000002,0.0,0.1372,16.0,25903.0
2026-07-30T18:59:12.424Z,121.907,121.92,0.0,7.4,0.0,0.0,0.0,0.0,0.0,0.0,0.0,0.0,1.0,0.0,0.0,0.0,9.0,4.0,0.0,0.0,0.0,0.0,0.0,0.0,0.0,0.0,3.0,12.0,1.0,12.15,5.0200000000000005,2.5,1.49,-5.0,4.2,0.4,6.2,0.0,0.9,0.7000000000000001,0.0,-3.4000000000000004,0.0,95.0,235.4,0.0,21.8,31.200000000000003,31.200000000000003,31.8,300.0,300.0,30.700000000000003,34.800000000000004,30.6,30.1,31.8,4.95,1.99,4.97,0.16,0.0,0.0,1027.0,8228.0,0.0,0.0,0.0,0.0,0.0,1.0,0.0,0.0,0.0,0.031,0.0,0.4,0.0,-0.6000000000000001,0.0,0.1276,16.0,25903.0
2026-07-30T18:59:12.436Z,121.919,121.932,0.0,7.4,0.0,0.0,0.0,0.0,0.0,0.0,0.0,0.0,1.0,0.0,0.0,0.0,9.0,4.0,0.0,0.0,0.0,0.0,0.0,0.0,0.0,0.0,4.0,12.0,1.0,12.15,5.0200000000000005,2.5,1.49,-4.4,-1.1,0.4,6.2,0.0,-0.2,-0.4,0.5,3.5,0.0,95.0,299.5,0.0,21.8,31.200000000000003,31.200000000000003,31.8,300.0,300.0,30.700000000000003,34.800000000000004,30.6,30.1,31.8,4.96,2.0,4.96,0.16,0.0,0.0,1027.0,8228.0,0.0,0.0,0.0,0.0,0.0,1.0,0.0,0.0,0.0,0.035,0.0,-0.3,0.0,0.4,0.0,0.1275,16.0,25903.0
2026-07-30T18:59:12.448Z,121.931,121.944,0.0,7.4,0.0,0.0,0.0,0.0,0.0,0.0,0.0,0.0,1.0,0.0,0.0,0.0,9.0,4.0,0.0,0.0,0.0,0.0,0.0,0.0,0.0,0.0,5.0,12.0,1.0,12.15,5.0200000000000005,2.5,1.49,2.1,-6.4,0.5,6.1000000000000005,0.0,0.3,0.6000000000000001,-0.5,5.1000000000000005,0.0,95.0,8.3,0.0,21.8,31.200000000000003,31.200000000000003,31.8,300.0,300.0,30.700000000000003,34.800000000000004,30.6,30.1,31.8,4.96,1.99,4.97,0.16,0.0,0.0,1027.0,8228.0,0.0,0.0,0.0,0.0,0.0,1.0,0.0,0.0,0.0,0.037,0.0,-0.5,0.0,-0.5,0.0,0.1402,16.0,25903.0
2026-07-30T18:59:12.460Z,121.943,121.956,0.0,7.4,0.0,0.0,0.0,0.0,0.0,0.0,0.0,0.0,1.0,0.0,0.0,0.0,9.0,4.0,0.0,0.0,0.0,0.0,0.0,0.0,0.0,0.0,6.0,12.0,1.0,12.15,5.0200000000000005,2.5,1.49,7.2,-2.8000000000000003,0.5,6.7,0.0,0.3,0.0,-0.5,1.3,0.0,95.0,84.30000000000001,0.0,21.8,31.200000000000003,31.200000000000003,31.8,300.0,300.0,30.700000000000003,34.800000000000004,30.6,30.1,31.8,4.95,1.99,4.97,0.16,0.0,0.0,1027.0,8228.0,0.0,0.0,0.0,0.0,0.0,1.0,0.0,0.0,0.0,0.041,0.0,-0.5,0.0,-0.3,0.0,0.152,16.0,25903.0
2026-07-30T18:59:12.472Z,121.955,121.968,0.0,7.4,0.0,0.0,0.0,0.0,0.0,0.0,0.0,0.0,1.0,0.0,0.0,0.0,9.0,4.0,0.0,0.0,0.0,0.0,0.0,0.0,0.0,0.0,1.0,12.0,1.0,12.15,5.0200000000000005,2.5,1.49,0.2,6.7,0.6000000000000001,7.2,0.0,-0.2,0.0,0.0,-8.0,0.0,96.0,166.9,0.0,21.8,31.200000000000003,31.200000000000003,31.8,300.0,300.0,30.700000000000003,34.800000000000004,30.6,30.1,31.8,4.96,1.99,4.96,0.17,0.0,0.0,1027.0,8228.0,0.0,0.0,0.0,0.0,0.0,1.0,0.0,0.0,0.0,0.045,0.0,0.0,0.0,0.0,0.0,0.1663,16.0,25903.0
2026-07-30T18:59:12.484Z,121.967,121.98,0.0,7.4,0.0,0.0,0.0,0.0,0.0,0.0,0.0,0.0,1.0,0.0,0.0,0.0,9.0,4.0,0.0,0.0,0.0,0.0,0.0,0.0,0.0,0.0,3.0,12.0,1.0,12.15,5.0200000000000005,2.5,1.49,-8.5,4.5,0.6000000000000001,7.9,0.0,0.3,0.0,0.5,-0.3,0.0,98.0,254.6,0.0,21.8,31.200000000000003,31.200000000000003,31.8,300.0,300.0,30.700000000000003,34.800000000000004,30.6,30.1,31.8,4.95,2.0,4.96,0.17,0.0,0.0,1027.0,8228.0,0.0,0.0,0.0,0.0,0.0,1.0,0.0,0.0,0.0,0.048,0.0,-0.4,0.0,-0.5,0.0,0.1822,16.0,25903.0
2026-07-30T18:59:12.497Z,121.98,121.992,0.0,7.4,0.0,0.0,0.0,0.0,0.0,0.0,0.0,0.0,1.0,0.0,0.0,0.0,9.0,4.0,0.0,0.0,0.0,0.0,0.0,0.0,0.0,0.0,4.0,12.0,1.0,12.17,5.0200000000000005,2.51,1.49,0.3,-7.9,0.7000000000000001,8.4,0.0,-0.2,0.6000000000000001,-0.6000000000000001,3.8,0.0,100.0,349.20000000000005,0.0,21.4,31.200000000000003,31.200000000000003,31.8,300.0,300.0,30.700000000000003,34.800000000000004,30.6,30.1,31.8,4.95,1.99,4.97,0.16,0.0,0.0,1027.0,8228.0,0.0,0.0,0.0,0.0,0.0,1.0,0.0,0.0,0.0,0.052,0.0,-0.2,0.0,-0.7000000000000001,0.0,0.194,16.0,25903.0
2026-07-30T18:59:12.508Z,121.991,122.004,0.0,7.4,0.0,0.0,0.0,0.0,0.0,0.0,0.0,0.0,1.0,0.0,0.0,0.0,9.0,4.0,0.0,0.0,0.0,0.0,0.0,0.0,0.0,0.0,6.0,12.0,1.0,12.17,5.0200000000000005,2.51,1.49,9.0,-2.5,0.7000000000000001,8.9,0.0,0.9,0.6000000000000001,0.5,0.5,0.0,103.0,91.5,0.0,21.4,31.200000000000003,31.200000000000003,31.8,300.0,300.0,30.700000000000003,34.800000000000004,30.6,30.1,31.8,4.96,1.99,4.97,0.16,0.0,0.0,1027.0,8228.0,0.0,0.0,0.0,0.0,0.0,1.0,0.0,0.0,0.0,0.056,0.0,0.5,0.0,1.0,0.0,0.2085,16.0,25903.0
2026-07-30T18:59:12.520Z,122.003,122.016,0.0,7.4,0.0,0.0,0.0,0.0,0.0,0.0,0.0,0.0,1.0,0.0,0.0,0.0,9.0,4.0,0.0,0.0,0.0,0.0,0.0,0.0,0.0,0.0,1.0,12.0,1.0,12.17,5.0200000000000005,2.51,1.49,-4.0,9.3,0.8,8.9,0.0,0.3,-1.0,0.5,-7.0,0.0,106.0,190.4,0.0,21.4,31.200000000000003,31.200000000000003,31.8,300.0,300.0,30.700000000000003,34.800000000000004,30.6,30.1,31.8,4.96,1.99,4.96,0.16,0.0,0.0,1027.0,8228.0,0.0,0.0,0.0,0.0,0.0,1.0,0.0,0.0,0.0,0.056,0.0,-0.9,0.0,-0.4,0.0,0.2264,16.0,25903.0
2026-07-30T18:59:12.532Z,122.015,122.028,0.0,7.4,0.0,0.0,0.0,0.0,0.0,0.0,0.0,0.0,1.0,0.0,0.0,0.0,9.0,4.0,0.0,0.0,0.0,0.0,0.0,0.0,0.0,0.0,2.0,12.0,1.0,12.17,5.0200000000000005,2.51,1.49,-7.4,-0.9,0.8,8.9,0.0,-0.1,-0.4,0.6000000000000001,2.0,0.0,108.0,293.90000000000003,0.0,21.4,31.200000000000003,31.200000000000003,31.8,300.0,300.0,30.700000000000003,34.800000000000004,30.6,30.1,31.8,4.95,1.99,4.97,0.16,0.0,0.0,1027.0,8228.0,0.0,0.0,0.0,0.0,0.0,1.0,0.0,0.0,0.0,0.057,0.0,-0.4,0.0,0.3,0.0,0.2265,16.0,25903.0
2026-07-30T18:59:12.544Z,122.027,122.04,0.0,7.4,0.0,0.0,0.0,0.0,0.0,0.0,0.0,0.0,1.0,0.0,0.0,0.0,9.0,4.0,0.0,0.0,0.0,0.0,0.0,0.0,0.0,0.0,3.0,12.0,1.0,12.17,5.0200000000000005,2.51,1.49,6.5,-8.6,0.8,8.8,0.0,0.3,1.2000000000000002,1.2000000000000002,2.9000000000000004,0.0,111.0,34.300000000000004,0.0,21.4,31.200000000000003,31.200000000000003,31.8,300.0,300.0,30.700000000000003,34.800000000000004,30.6,30.1,31.8,4.95,1.99,4.96,0.16,0.0,0.0,1027.0,8228.0,0.0,0.0,0.0,0.0,0.0,1.0,0.0,0.0,0.0,0.057,0.0,-1.0,0.0,2.2,0.0,0.2313,16.0,25903.0
2026-07-30T18:59:12.556Z,122.039,122.052,0.0,7.4,0.0,0.0,0.0,0.0,0.0,0.0,0.0,0.0,1.0,0.0,0.0,0.0,9.0,4.0,0.0,0.0,0.0,0.0,0.0,0.0,0.0,0.0,4.0,12.0,1.0,12.17,5.0200000000000005,2.51,1.49,5.1000000000000005,3.7,0.8,8.700000000000001,0.0,0.3,0.1,1.1,-3.5,0.0,113.0,134.9,0.0,21.4,31.200000000000003,31.200000000000003,31.8,300.0,300.0,30.700000000000003,34.800000000000004,30.6,30.1,31.8,4.96,2.0,4.96,0.16,0.0,0.0,1027.0,8228.0,0.0,0.0,0.0,0.0,0.0,1.0,0.0,0.0,0.0,0.057,0.0,1.4,0.0,-0.2,0.0,0.2302,16.0,25903.0
2026-07-30T18:59:12.568Z,122.051,122.064,0.0,7.4,0.0,0.0,0.0,0.0,0.0,0.0,0.0,0.0,1.0,0.0,0.0,0.0,9.0,4.0,0.0,0.0,0.0,0.0,0.0,0.0,0.0,0.0,5.0,12.0,1.0,12.17,5.0200000000000005,2.51,1.49,-7.800000000000001,7.6,0.8,8.700000000000001,0.0,0.3,0.1,-0.6000000000000001,-2.9000000000000004,0.0,114.0,226.8,0.0,21.4,31.200000000000003,31.200000000000003,31.8,300.0,300.0,30.700000000000003,34.800000000000004,30.6,30.1,31.8,4.95,2.0,4.96,0.16,0.0,0.0,1027.0,8228.0,0.0,0.0,0.0,0.0,0.0,1.0,0.0,0.0,0.0,0.053,0.0,0.2,0.0,0.5,0.0,0.2288,16.0,25903.0
2026-07-30T18:59:12.581Z,122.064,122.076,0.0,7.4,0.0,0.0,0.0,0.0,0.0,0.0,0.0,0.0,1.0,0.0,0.0,0.0,9.0,4.0,0.0,0.0,0.0,0.0,0.0,0.0,0.0,0.0,6.0,12.0,1.0,12.17,5.0200000000000005,2.51,1.49,-3.3000000000000003,-5.300000000000001,0.8,8.6,0.0,-0.2,-0.4,-1.1,3.4000000000000004,0.0,116.0,324.1,0.0,21.4,31.200000000000003,31.200000000000003,31.8,300.0,300.0,30.700000000000003,34.800000000000004,30.6,30.1,31.8,4.95,1.99,4.97,0.16,0.0,0.0,1027.0,8228.0,0.0,0.0,0.0,0.0,0.0,1.0,0.0,0.0,0.0,0.054,0.0,1.6,0.0,-0.2,0.0,0.2144,16.0,25903.0
2026-07-30T18:59:12.592Z,122.075,122.088,0.0,7.4,0.0,0.0,0.0,0.0,0.0,0.0,0.0,0.0,1.0,0.0,0.0,0.0,9.0,4.0,0.0,0.0,0.0,0.0,0.0,0.0,0.0,0.0,1.0,12.0,1.0,12.17,5.0200000000000005,2.51,1.49,8.1,-6.4,0.8,8.5,0.0,0.3,1.2000000000000002,0.0,2.2,0.0,117.0,60.0,0.0,21.4,31.200000000000003,31.200000000000003,31.8,300.0,300.0,30.700000000000003,34.800000000000004,30.6,30.1,31.8,4.95,1.99,4.96,0.16,0.0,0.0,1027.0,8228.0,0.0,0.0,0.0,0.0,0.0,1.0,0.0,0.0,0.0,0.054,0.0,0.2,0.0,-0.4,0.0,0.2178,16.0,25903.0
2026-07-30T18:59:12.604Z,122.087,122.1,0.0,7.4,0.0,0.0,0.0,0.0,0.0,0.0,0.0,0.0,1.0,0.0,0.0,0.0,9.0,4.0,0.0,0.0,0.0,0.0,0.0,0.0,0.0,0.0,3.0,12.0,1.0,12.18,5.01,2.5,1.49,1.9,6.1000000000000005,0.8,8.4,0.0,0.3,-0.4,-0.6000000000000001,-5.800000000000001,0.0,118.0,153.5,0.0,21.4,31.200000000000003,31.200000000000003,31.8,300.0,300.0,30.6,34.7,30.6,30.1,31.8,4.96,1.99,4.96,0.16,0.0,0.0,1027.0,8228.0,0.0,0.0,0.0,0.0,0.0,1.0,0.0,0.0,0.0,0.053,0.0,0.1,0.0,0.0,0.0,0.2177,16.0,25903.0
2026-07-30T18:59:12.616Z,122.099,122.112,0.0,7.4,0.0,0.0,0.0,0.0,0.0,0.0,0.0,0.0,1.0,0.0,0.0,0.0,9.0,4.0,0.0,0.0,0.0,0.0,0.0,0.0,0.0,0.0,4.0,12.0,1.0,12.18,5.01,2.5,1.49,-8.200000000000001,5.7,0.7000000000000001,8.3,0.0,-0.8,-0.4,0.0,-2.1,0.0,118.0,237.5,0.0,21.4,31.200000000000003,31.200000000000003,31.8,300.0,300.0,30.6,34.7,30.6,30.1,31.8,4.95,1.99,4.97,0.16,0.0,0.0,1027.0,8228.0,0.0,0.0,0.0,0.0,0.0,1.0,0.0,0.0,0.0,0.048,0.0,0.4,0.0,-0.6000000000000001,0.0,0.2154,16.0,25903.0
2026-07-30T18:59:12.629Z,122.112,122.124,0.0,7.4,0.0,0.0,0.0,0.0,0.0,0.0,0.0,0.0,1.0,0.0,0.0,0.0,9.0,4.0,0.0,0.0,0.0,0.0,0.0,0.0,0.0,0.0,5.0,12.0,1.0,12.18,5.01,2.5,1.49,-1.5,-6.2,0.8,8.3,0.0,-0.2,-0.5,0.5,3.2,0.0,119.0,337.1,0.0,21.4,31.200000000000003,31.200000000000003,31.8,300.0,300.0,30.6,34.7,30.6,30.1,31.8,4.96,1.99,4.96,0.16,0.0,0.0,1027.0,8228.0,0.0,0.0,0.0,0.0,0.0,1.0,0.0,0.0,0.0,0.054,0.0,0.0,0.0,0.6000000000000001,0.0,0.1953,16.0,25903.0
2026-07-30T18:59:12.650Z,122.133,122.136,0.0,7.4,0.0,0.0,0.0,0.0,0.0,0.0,0.0,0.0,1.0,0.0,0.0,0.0,9.0,4.0,0.0,0.0,0.0,0.0,0.0,0.0,0.0,0.0,6.0,12.0,1.0,12.18,5.01,2.5,1.49,8.0,-5.4,0.8,8.200000000000001,0.0,0.3,1.2000000000000002,-1.2000000000000002,1.3,0.0,120.0,65.9,0.0,21.4,31.200000000000003,31.200000000000003,31.8,300.0,300.0,30.6,34.7,30.6,30.1,31.8,4.96,1.99,4.96,0.16,0.0,0.0,1027.0,8228.0,0.0,0.0,0.0,0.0,0.0,1.0,0.0,0.0,0.0,0.051,0.0,-1.4,0.0,0.1,0.0,0.2163,16.0,25903.0
2026-07-30T18:59:12.653Z,122.136,122.148,0.0,7.4,0.0,0.0,0.0,0.0,0.0,0.0,0.0,0.0,1.0,0.0,0.0,0.0,9.0,4.0,0.0,0.0,0.0,0.0,0.0,0.0,0.0,0.0,4.0,12.0,1.0,12.18,5.01,2.5,1.49,1.7000000000000002,5.9,0.8,8.1,0.0,0.8,-0.5,0.0,-7.0,0.0,120.0,155.4,0.0,21.4,31.200000000000003,31.200000000000003,31.8,300.0,300.0,30.6,34.7,30.6,30.1,31.8,4.97,1.99,4.96,0.16,0.0,0.0,1027.0,8228.0,0.0,0.0,0.0,0.0,0.0,1.0,0.0,0.0,0.0,0.051,0.0,-0.6000000000000001,0.0,-0.1,0.0,0.2073,16.0,25903.0
2026-07-30T18:59:12.664Z,122.147,122.16,0.0,7.4,0.0,0.0,0.0,0.0,0.0,0.0,0.0,0.0,1.0,0.0,0.0,0.0,9.0,4.0,0.0,0.0,0.0,0.0,0.0,0.0,0.0,0.0,4.0,12.0,1.0,12.18,5.01,2.5,1.49,-7.6,5.800000000000001,0.7000000000000001,8.0,0.0,-0.2,0.0,0.4,-3.1,0.0,119.0,234.0,0.0,21.4,31.200000000000003,31.200000000000003,31.8,300.0,300.0,30.6,34.7,30.6,30.1,31.8,4.95,1.99,4.97,0.16,0.0,0.0,1027.0,8228.0,0.0,0.0,0.0,0.0,0.0,1.0,0.0,0.0,0.0,0.045,0.0,-0.2,0.0,-0.5,0.0,0.2055,16.0,25903.0
2026-07-30T18:59:12.676Z,122.159,122.172,0.0,7.4,0.0,0.0,0.0,0.0,0.0,0.0,0.0,0.0,1.0,0.0,0.0,0.0,9.0,4.0,0.0,0.0,0.0,0.0,0.0,0.0,0.0,0.0,5.0,12.0,1.0,12.18,5.01,2.5,1.49,-2.7,-4.9,0.7000000000000001,8.0,0.0,0.9,-1.0,0.5,2.8000000000000003,0.0,120.0,324.40000000000003,0.0,21.4,31.200000000000003,31.200000000000003,31.8,300.0,300.0,30.6,34.7,30.6,30.1,31.8,4.96,2.0,4.96,0.16,0.0,0.0,1027.0,8228.0,0.0,0.0,0.0,0.0,0.0,1.0,0.0,0.0,0.0,0.049,0.0,0.4,0.0,0.9,0.0,0.183,16.0,25903.0
2026-07-30T18:59:12.688Z,122.171,122.184,0.0,7.4,0.0,0.0,0.0,0.0,0.0,0.0,0.0,0.0,1.0,0.0,0.0,0.0,9.0,4.0,0.0,0.0,0.0,0.0,0.0,0.0,0.0,0.0,6.0,12.0,1.0,12.18,5.01,2.5,1.49,6.9,-6.2,0.7000000000000001,7.9,0.0,-0.9,0.6000000000000001,-0.1,1.8,0.0,120.0,51.0,0.0,21.4,31.200000000000003,31.200000000000003,31.8,300.0,300.0,30.6,34.7,30.6,30.1,31.8,4.96,1.99,4.97,0.16,0.0,0.0,1027.0,8228.0,0.0,0.0,0.0,0.0,0.0,1.0,0.0,0.0,0.0,0.049,0.0,-0.5,0.0,0.4,0.0,0.1979,16.0,25903.0
2026-07-30T18:59:12.701Z,122.184,122.196,0.0,7.4,0.0,0.0,0.0,0.0,0.0,0.0,0.0,0.0,1.0,0.0,0.0,0.0,9.0,4.0,0.0,0.0,0.0,0.0,0.0,0.0,0.0,0.0,1.0,12.0,1.0,12.18,5.01,2.5,1.5,4.1000000000000005,3.5,0.7000000000000001,7.800000000000001,0.0,-0.3,1.2000000000000002,0.4,-5.2,0.0,120.0,135.8,0.0,21.3,31.200000000000003,31.200000000000003,31.8,300.0,300.0,30.700000000000003,34.800000000000004,30.6,30.1,31.8,4.95,1.99,4.97,0.16,0.0,0.0,1027.0,8228.0,0.0,0.0,0.0,0.0,0.0,1.0,0.0,0.0,0.0,0.048,0.0,1.5,0.0,0.8,0.0,0.1978,16.0,25903.0
2026-07-30T18:59:12.711Z,122.194,122.208,0.0,7.4,0.0,0.0,0.0,0.0,0.0,0.0,0.0,0.0,1.0,0.0,0.0,0.0,9.0,4.0,0.0,0.0,0.0,0.0,0.0,0.0,0.0,0.0,2.0,12.0,1.0,12.18,5.01,2.5,1.5,-5.7,7.0,0.6000000000000001,7.800000000000001,0.0,-0.3,-0.5,-0.7000000000000001,-6.9,0.0,119.0,209.0,0.0,21.3,31.200000000000003,31.200000000000003,31.8,300.0,300.0,30.700000000000003,34.800000000000004,30.6,30.1,31.8,4.96,1.99,4.96,0.16,0.0,0.0,1027.0,8228.0,0.0,0.0,0.0,0.0,0.0,1.0,0.0,0.0,0.0,0.043,0.0,-0.5,0.0,1.1,0.0,0.1941,16.0,25903.0
2026-07-30T18:59:12.724Z,122.207,122.22,0.0,7.4,0.0,0.0,0.0,0.0,0.0,0.0,0.0,0.0,1.0,0.0,0.0,0.0,9.0,4.0,0.0,0.0,0.0,0.0,0.0,0.0,0.0,0.0,4.0,12.0,1.0,12.18,5.01,2.5,1.5,-5.6000000000000005,-1.2000000000000002,0.7000000000000001,7.6,0.0,-0.8,0.0,-0.1,1.2000000000000002,0.0,119.0,297.6,0.0,21.3,31.200000000000003,31.200000000000003,31.8,300.0,300.0,30.700000000000003,34.800000000000004,30.6,30.1,31.8,4.95,2.0,4.97,0.16,0.0,0.0,1027.0,8228.0,0.0,0.0,0.0,0.0,0.0,1.0,0.0,0.0,0.0,0.048,0.0,0.1,0.0,0.0,0.0,0.1737,16.0,25903.0
2026-07-30T18:59:12.736Z,122.219,122.232,0.0,7.4,0.0,0.0,0.0,0.0,0.0,0.0,0.0,0.0,1.0,0.0,0.0,0.0,9.0,4.0,0.0,0.0,0.0,0.0,0.0,0.0,0.0,0.0,4.0,12.0,1.0,12.18,5.01,2.5,1.5,3.6,-7.1000000000000005,0.7000000000000001,7.6,0.0,0.3,1.1,0.4,2.6,0.0,118.0,17.6,0.0,21.3,31.200000000000003,31.200000000000003,31.8,300.0,300.0,30.700000000000003,34.800000000000004,30.6,30.1,31.8,4.95,1.99,4.97,0.16,0.0,0.0,1027.0,8228.0,0.0,0.0,0.0,0.0,0.0,1.0,0.0,0.0,0.0,0.047,0.0,-1.3,0.0,0.9,0.0,0.1922,16.0,25903.0
2026-07-30T18:59:12.749Z,122.232,122.244,0.0,7.4,0.0,0.0,0.0,0.0,0.0,0.0,0.0,0.0,1.0,0.0,0.0,0.0,9.0,4.0,0.0,0.0,0.0,0.0,0.0,0.0,0.0,0.0,5.0,12.0,1.0,12.18,5.01,2.5,1.5,6.7,-1.3,0.6000000000000001,7.5,0.0,0.9,0.0,-0.1,-1.6,0.0,117.0,93.7,0.0,21.3,31.200000000000003,31.200000000000003,31.8,300.0,300.0,30.700000000000003,34.800000000000004,30.6,30.1,31.8,4.95,1.99,4.97,0.16,0.0,0.0,1027.0,8228.0,0.0,0.0,0.0,0.0,0.0,1.0,0.0,0.0,0.0,0.043,0.0,-0.1,0.0,-0.1,0.0,0.188,16.0,25903.0
2026-07-30T18:59:12.761Z,122.244,122.256,0.0,7.4,0.0,0.0,0.0,0.0,0.0,0.0,0.0,0.0,1.0,0.0,0.0,0.0,9.0,4.0,0.0,0.0,0.0,0.0,0.0,0.0,0.0,0.0,6.0,12.0,1.0,12.18,5.01,2.5,1.5,-0.7000000000000001,6.4,0.7000000000000001,7.4,0.0,0.3,0.0,1.0,-11.3,0.0,117.0,172.8,0.0,21.3,31.200000000000003,31.200000000000003,31.8,300.0,300.0,30.700000000000003,34.800000000000004,30.6,30.1,31.8,4.96,1.99,4.96,0.15,0.0,0.0,1027.0,8228.0,0.0,0.0,0.0,0.0,0.0,1.0,0.0,0.0,0.0,0.044,0.0,0.6000000000000001,0.0,-0.9,0.0,0.1745,16.0,25903.0
2026-07-30T18:59:12.771Z,122.254,122.268,0.0,7.4,0.0,0.0,0.0,0.0,0.0,0.0,0.0,0.0,1.0,0.0,0.0,0.0,9.0,4.0,0.0,0.0,0.0,0.0,0.0,0.0,0.0,0.0,1.0,12.0,1.0,12.18,5.01,2.5,1.5,-6.800000000000001,4.3,0.6000000000000001,7.4,0.0,0.9,-0.6000000000000001,-0.7000000000000001,-2.0,0.0,116.0,244.3,0.0,21.3,31.200000000000003,31.200000000000003,31.8,300.0,300.0,30.700000000000003,34.800000000000004,30.6,30.1,31.8,4.95,1.99,4.97,0.15,0.0,0.0,1027.0,8228.0,0.0,0.0,0.0,0.0,0.0,1.0,0.0,0.0,0.0,0.041,0.0,0.1,0.0,1.3,0.0,0.1792,16.0,25903.0
2026-07-30T18:59:12.784Z,122.267,122.28,0.0,7.4,0.0,0.0,0.0,0.0,0.0,0.0,0.0,0.0,1.0,0.0,0.0,0.0,9.0,4.0,0.0,0.0,0.0,0.0,0.0,0.0,0.0,0.0,2.0,12.0,1.0,12.18,5.01,2.5,1.5,-2.7,-3.9,0.6000000000000001,7.300000000000001,0.0,-0.2,0.0,1.0,3.5,0.0,115.0,323.6,0.0,21.3,31.200000000000003,31.200000000000003,31.8,300.0,300.0,30.700000000000003,34.800000000000004,30.6,30.1,31.8,4.95,1.99,4.96,0.16,0.0,0.0,1027.0,8228.0,0.0,0.0,0.0,0.0,0.0,1.0,0.0,0.0,0.0,0.043,0.0,-0.9,0.0,0.5,0.0,0.1662,16.0,25903.0
2026-07-30T18:59:12.795Z,122.278,122.292,0.0,7.4,0.0,0.0,0.0,0.0,0.0,0.0,0.0,0.0,1.0,0.0,0.0,0.0,9.0,4.0,0.0,0.0,0.0,0.0,0.0,0.0,0.0,0.0,3.0,12.0,1.0,12.18,5.01,2.5,1.5,5.1000000000000005,-6.2,0.6000000000000001,7.300000000000001,0.0,-0.2,0.0,-0.1,3.1,0.0,114.0,36.5,0.0,21.3,31.200000000000003,31.200000000000003,31.8,300.0,300.0,30.700000000000003,34.800000000000004,30.6,30.1,31.8,4.96,1.99,4.96,0.16,0.0,0.0,1027.0,8228.0,0.0,0.0,0.0,0.0,0.0,1.0,0.0,0.0,0.0,0.042,0.0,0.0,0.0,-0.1,0.0,0.1754,16.0,25903.0
2026-07-30T18:59:12.808Z,122.291,122.304,0.0,7.4,0.0,0.0,0.0,0.0,0.0,0.0,0.0,0.0,1.0,0.0,0.0,0.0,9.0,4.0,0.0,0.0,0.0,0.0,0.0,0.0,0.0,0.0,4.0,12.0,1.0,12.15,5.01,2.5,1.49,5.5,0.3,0.6000000000000001,7.2,0.0,-0.7000000000000001,-0.5,-0.1,-2.4000000000000004,0.0,113.0,109.2,0.0,21.700000000000003,31.200000000000003,31.200000000000003,31.8,300.0,300.0,30.8,34.800000000000004,30.6,30.0,31.8,4.95,1.99,4.96,0.16,0.0,0.0,1027.0,8228.0,0.0,0.0,0.0,0.0,0.0,1.0,0.0,0.0,0.0,0.041,0.0,-0.3,0.0,-0.6000000000000001,0.0,0.1681,16.0,25903.0
2026-07-30T18:59:12.819Z,122.302,122.316,0.0,7.4,0.0,0.0,0.0,0.0,0.0,0.0,0.0,0.0,1.0,0.0,0.0,0.0,9.0,4.0,0.0,0.0,0.0,0.0,0.0,0.0,0.0,0.0,5.0,12.0,1.0,12.15,5.01,2.5,1.49,-1.4,6.2,0.6000000000000001,7.1000000000000005,0.0,0.3,0.0,-0.6000000000000001,-12.8,0.0,112.0,178.5,0.0,21.700000000000003,31.200000000000003,31.200000000000003,31.8,300.0,300.0,30.8,34.800000000000004,30.6,30.0,31.8,4.96,1.99,4.97,0.16,0.0,0.0,1027.0,8228.0,0.0,0.0,0.0,0.0,0.0,1.0,0.0,0.0,0.0,0.039,0.0,-0.3,0.0,0.6000000000000001,0.0,0.1654,16.0,25903.0
2026-07-30T18:59:12.831Z,122.314,122.328,0.0,7.4,0.0,0.0,0.0,0.0,0.0,0.0,0.0,0.0,1.0,0.0,0.0,0.0,9.0,4.0,0.0,0.0,0.0,0.0,0.0,0.0,0.0,0.0,6.0,12.0,1.0,12.15,5.01,2.5,1.49,-6.300000000000001,3.7,0.6000000000000001,7.1000000000000005,0.0,0.3,0.6000000000000001,-0.6000000000000001,-1.6,0.0,111.0,248.9,0.0,21.700000000000003,31.200000000000003,31.200000000000003,31.8,300.0,300.0,30.8,34.800000000000004,30.6,30.0,31.8,4.96,2.0,4.96,0.16,0.0,0.0,1027.0,8228.0,0.0,0.0,0.0,0.0,0.0,1.0,0.0,0.0,0.0,0.039,0.0,0.7000000000000001,0.0,0.0,0.0,0.1598,16.0,25903.0
2026-07-30T18:59:12.844Z,122.327,122.34,0.0,7.4,0.0,0.0,0.0,0.0,0.0,0.0,0.0,0.0,1.0,0.0,0.0,0.0,9.0,4.0,0.0,0.0,0.0,0.0,0.0,0.0,0.0,0.0,1.0,12.0,1.0,12.15,5.01,2.5,1.49,-2.8000000000000003,-3.3000000000000003,0.6000000000000001,7.0,0.0,-0.1,-0.5,-0.6000000000000001,3.8,0.0,110.0,322.40000000000003,0.0,21.700000000000003,31.200000000000003,31.200000000000003,31.8,300.0,300.0,30.8,34.800000000000004,30.6,30.0,31.8,4.96,1.99,4.96,0.16,0.0,0.0,1027.0,8228.0,0.0,0.0,0.0,0.0,0.0,1.0,0.0,0.0,0.0,0.041,0.0,1.1,0.0,0.0,0.0,0.1578,16.0,25903.0
2026-07-30T18:59:12.856Z,122.339,122.352,0.0,7.4,0.0,0.0,0.0,0.0,0.0,0.0,0.0,0.0,1.0,0.0,0.0,0.0,9.0,4.0,0.0,0.0,0.0,0.0,0.0,0.0,0.0,0.0,2.0,12.0,1.0,12.15,5.01,2.5,1.49,4.0,-5.9,0.5,6.9,0.0,-0.7000000000000001,-0.4,0.4,3.8,0.0,109.0,29.3,0.0,21.700000000000003,31.200000000000003,31.200000000000003,31.8,300.0,300.0,30.8,34.800000000000004,30.6,30.0,31.8,4.95,1.99,4.97,0.16,0.0,0.0,1027.0,8228.0,0.0,0.0,0.0,0.0,0.0,1.0,0.0,0.0,0.0,0.039,0.0,0.4,0.0,0.2,0.0,0.1647,16.0,25903.0
2026-07-30T18:59:12.868Z,122.351,122.364,0.0,7.4,0.0,0.0,0.0,0.0,0.0,0.0,0.0,0.0,1.0,0.0,0.0,0.0,9.0,4.0,0.0,0.0,0.0,0.0,0.0,0.0,0.0,0.0,3.0,12.0,1.0,12.15,5.01,2.5,1.49,5.7,-1.1,0.5,6.800000000000001,0.0,0.4,0.0,1.0,-1.1,0.0,108.0,96.3,0.0,21.700000000000003,31.200000000000003,31.200000000000003,31.8,300.0,300.0,30.8,34.800000000000004,30.6,30.0,31.8,4.95,2.0,4.96,0.16,0.0,0.0,1027.0,8228.0,0.0,0.0,0.0,0.0,0.0,1.0,0.0,0.0,0.0,0.038,0.0,1.1,0.0,0.6000000000000001,0.0,0.1561,16.0,25903.0
2026-07-30T18:59:12.880Z,122.363,122.376,0.0,7.4,0.0,0.0,0.0,0.0,0.0,0.0,0.0,0.0,1.0,0.0,0.0,0.0,9.0,4.0,0.0,0.0,0.0,0.0,0.0,0.0,0.0,0.0,4.0,12.0,1.0,12.15,5.01,2.5,1.49,0.7000000000000001,4.7,0.5,6.800000000000001,0.0,0.9,0.0,-1.3,-10.4,0.0,107.0,161.70000000000002,0.0,21.700000000000003,31.200000000000003,31.200000000000003,31.8,300.0,300.0,30.8,34.800000000000004,30.6,30.0,31.8,4.95,2.0,4.96,0.16,0.0,0.0,1027.0,8228.0,0.0,0.0,0.0,0.0,0.0,1.0,0.0,0.0,0.0,0.037,0.0,-1.0,0.0,1.0,0.0,0.1522,16.0,25903.0
2026-07-30T18:59:12.892Z,122.375,122.388,0.0,7.4,0.0,0.0,0.0,0.0,0.0,0.0,0.0,0.0,1.0,0.0,0.0,0.0,9.0,4.0,0.0,0.0,0.0,0.0,0.0,0.0,0.0,0.0,5.0,12.0,1.0,12.15,5.01,2.5,1.49,-5.1000000000000005,5.5,0.5,6.800000000000001,0.0,1.0,0.6000000000000001,-0.1,-5.0,0.0,105.0,224.7,0.0,21.700000000000003,31.200000000000003,31.200000000000003,31.8,300.0,300.0,30.8,34.800000000000004,30.6,30.0,31.8,4.95,1.99,4.96,0.16,0.0,0.0,1027.0,8228.0,0.0,0.0,0.0,0.0,0.0,1.0,0.0,0.0,0.0,0.036,0.0,0.5,0.0,-0.3,0.0,0.1501,16.0,25903.0
2026-07-30T18:59:12.905Z,122.388,122.4,0.0,7.4,0.0,0.0,0.0,0.0,0.0,0.0,0.0,0.0,1.0,0.0,0.0,0.0,9.0,4.0,0.0,0.0,0.0,0.0,0.0,0.0,0.0,0.0,1.0,12.0,1.0,12.15,5.0200000000000005,2.51,1.49,-5.300000000000001,-0.6000000000000001,0.5,6.7,0.0,0.4,0.6000000000000001,1.0,2.7,0.0,105.0,292.7,0.0,21.4,31.200000000000003,31.1,31.8,300.0,300.0,30.8,34.800000000000004,30.6,30.0,31.8,4.95,1.99,4.97,0.16,0.0,0.0,1027.0,8228.0,0.0,0.0,0.0,0.0,0.0,1.0,0.0,0.0,0.0,0.037,0.0,-1.4,0.0,-0.8,0.0,0.1444,16.0,25903.0
2026-07-30T18:59:12.916Z,122.399,122.412,0.0,7.4,0.0,0.0,0.0,0.0,0.0,0.0,0.0,0.0,1.0,0.0,0.0,0.0,9.0,4.0,0.0,0.0,0.0,0.0,0.0,0.0,0.0,0.0,2.0,12.0,1.0,12.15,5.0200000000000005,2.51,1.49,2.8000000000000003,-7.1000000000000005,0.6000000000000001,6.7,0.0,0.3,-0.4,-0.1,4.5,0.0,104.0,9.1,0.0,21.4,31.200000000000003,31.1,31.8,300.0,300.0,30.8,34.800000000000004,30.6,30.0,31.8,4.96,1.99,4.97,0.16,0.0,0.0,1027.0,8228.0,0.0,0.0,0.0,0.0,0.0,1.0,0.0,0.0,0.0,0.041,0.0,0.5,0.0,-0.2,0.0,0.1515,16.0,25903.0
2026-07-30T18:59:12.928Z,122.411,122.424,0.0,7.4,0.0,0.0,0.0,0.0,0.0,0.0,0.0,0.0,1.0,0.0,0.0,0.0,9.0,4.0,0.0,0.0,0.0,0.0,0.0,0.0,0.0,0.0,4.0,12.0,1.0,12.15,5.0200000000000005,2.51,1.49,7.4,-1.9,0.6000000000000001,7.300000000000001,0.0,0.9,0.6000000000000001,1.0,0.4,0.0,105.0,92.3,0.0,21.4,31.200000000000003,31.1,31.8,300.0,300.0,30.8,34.800000000000004,30.6,30.0,31.8,4.96,1.99,4.96,0.16,0.0,0.0,1027.0,8228.0,0.0,0.0,0.0,0.0,0.0,1.0,0.0,0.0,0.0,0.045,0.0,1.1,0.0,1.3,0.0,0.1666,16.0,25903.0
2026-07-30T18:59:12.940Z,122.423,122.436,0.0,7.4,0.0,0.0,0.0,0.0,0.0,0.0,0.0,0.0,1.0,0.0,0.0,0.0,9.0,4.0,0.0,0.0,0.0,0.0,0.0,0.0,0.0,0.0,5.0,12.0,1.0,12.15,5.0200000000000005,2.51,1.49,-1.6,7.9,0.7000000000000001,7.6,0.0,0.3,0.0,-1.3,-9.5,0.0,106.0,178.3,0.0,21.4,31.200000000000003,31.1,31.8,300.0,300.0,30.8,34.800000000000004,30.6,30.0,31.8,4.95,1.99,4.96,0.16,0.0,0.0,1027.0,8228.0,0.0,0.0,0.0,0.0,0.0,1.0,0.0,0.0,0.0,0.048,0.0,-0.6000000000000001,0.0,1.2000000000000002,0.0,0.1831,16.0,25903.0
2026-07-30T18:59:12.966Z,122.449,122.448,0.0,7.4,0.0,0.0,0.0,0.0,0.0,0.0,0.0,0.0,1.0,0.0,0.0,0.0,9.0,4.0,0.0,0.0,0.0,0.0,0.0,0.0,0.0,0.0,6.0,12.0,1.0,12.15,5.0200000000000005,2.51,1.49,-8.4,1.9,0.7000000000000001,8.3,0.0,0.3,-0.4,-0.6000000000000001,0.7000000000000001,0.0,107.0,272.8,0.0,21.4,31.200000000000003,31.1,31.8,300.0,300.0,30.8,34.800000000000004,30.6,30.0,31.8,4.96,1.99,4.96,0.16,0.0,0.0,1027.0,8228.0,0.0,0.0,0.0,0.0,0.0,1.0,0.0,0.0,0.0,0.051,0.0,0.7000000000000001,0.0,0.8,0.0,0.1925,16.0,25903.0
2026-07-30T18:59:12.967Z,122.45,122.46,0.0,7.4,0.0,0.0,0.0,0.0,0.0,0.0,0.0,0.0,1.0,0.0,0.0,0.0,9.0,4.0,0.0,0.0,0.0,0.0,0.0,0.0,0.0,0.0,4.0,12.0,1.0,12.15,5.0200000000000005,2.51,1.49,3.9,-9.1,0.8,8.6,0.0,-0.2,-0.4,1.0,3.2,0.0,110.0,13.8,0.0,21.4,31.200000000000003,31.1,31.8,300.0,300.0,30.8,34.800000000000004,30.6,30.0,31.8,4.95,2.0,4.96,0.16,0.0,0.0,1027.0,8228.0,0.0,0.0,0.0,0.0,0.0,1.0,0.0,0.0,0.0,0.056,0.0,0.2,0.0,1.0,0.0,0.2071,16.0,25903.0
2026-07-30T18:59:12.976Z,122.459,122.472,0.0,7.4,0.0,0.0,0.0,0.0,0.0,0.0,0.0,0.0,1.0,0.0,0.0,0.0,9.0,4.0,0.0,0.0,0.0,0.0,0.0,0.0,0.0,0.0,3.0,12.0,1.0,12.15,5.0200000000000005,2.51,1.49,7.300000000000001,1.0,0.8,8.700000000000001,0.0,0.3,0.1,-0.1,-1.7000000000000002,0.0,112.0,115.4,0.0,21.4,31.200000000000003,31.1,31.8,300.0,300.0,30.8,34.800000000000004,30.6,30.0,31.8,4.95,1.99,4.97,0.16,0.0,0.0,1027.0,8228.0,0.0,0.0,0.0,0.0,0.0,1.0,0.0,0.0,0.0,0.057,0.0,0.0,0.0,0.1,0.0,0.2245,16.0,25903.0
2026-07-30T18:59:12.988Z,122.471,122.484,0.0,7.4,0.0,0.0,0.0,0.0,0.0,0.0,0.0,0.0,1.0,0.0,0.0,0.0,9.0,4.0,0.0,0.0,0.0,0.0,0.0,0.0,0.0,0.0,4.0,12.0,1.0,12.15,5.0200000000000005,2.51,1.49,-6.5,8.8,0.8,8.700000000000001,0.0,0.9,1.8,1.0,-4.3,0.0,114.0,213.4,0.0,21.4,31.200000000000003,31.1,31.8,300.0,300.0,30.8,34.800000000000004,30.6,30.0,31.8,4.95,2.0,4.97,0.16,0.0,0.0,1027.0,8228.0,0.0,0.0,0.0,0.0,0.0,1.0,0.0,0.0,0.0,0.056,0.0,1.7000000000000002,0.0,-2.3000000000000003,0.0,0.2291,16.0,25903.0
2026-07-30T18:59:13.000Z,122.483,122.496,0.0,7.4,0.0,0.0,0.0,0.0,0.0,0.0,0.0,0.0,1.0,0.0,0.0,0.0,9.0,4.0,0.0,0.0,0.0,0.0,0.0,0.0,0.0,0.0,5.0,12.0,1.0,12.15,5.0200000000000005,2.51,1.49,-5.2,-3.5,0.8,8.700000000000001,0.0,-0.3,-0.4,-0.7000000000000001,3.0,0.0,115.0,309.8,0.0,21.4,31.200000000000003,31.1,31.8,300.0,300.0,30.8,34.800000000000004,30.6,30.0,31.8,4.96,2.0,4.96,0.16,0.0,0.0,1027.0,8228.0,0.0,0.0,0.0,0.0,0.0,1.0,0.0,0.0,0.0,0.055,0.0,1.2000000000000002,0.0,0.2,0.0,0.2251,16.0,25903.0
2026-07-30T18:59:13.011Z,122.494,122.508,0.0,7.4,0.0,0.0,0.0,0.0,0.0,0.0,0.0,0.0,1.0,0.0,0.0,0.0,9.0,4.0,0.0,0.0,0.0,0.0,0.0,0.0,0.0,0.0,6.0,12.0,1.0,12.18,5.0200000000000005,2.51,1.49,7.6,-7.6,0.8,8.5,0.0,0.8,-0.4,-0.1,2.8000000000000003,0.0,117.0,47.900000000000006,0.0,21.4,31.200000000000003,31.1,31.8,300.0,300.0,30.8,34.800000000000004,30.6,30.0,31.8,4.95,1.99,4.97,0.16,0.0,0.0,1027.0,8228.0,0.0,0.0,0.0,0.0,0.0,1.0,0.0,0.0,0.0,0.055,0.0,0.3,0.0,-0.5,0.0,0.2207,16.0,25903.0
2026-07-30T18:59:13.024Z,122.507,122.52,0.0,7.4,0.0,0.0,0.0,0.0,0.0,0.0,0.0,0.0,1.0,0.0,0.0,0.0,9.0,4.0,0.0,0.0,0.0,0.0,0.0,0.0,0.0,0.0,1.0,12.0,1.0,12.18,5.0200000000000005,2.51,1.49,3.5,5.1000000000000005,0.8,8.5,0.0,0.2,0.1,1.0,-4.4,0.0,118.0,143.8,0.0,21.4,31.200000000000003,31.1,31.8,300.0,300.0,30.8,34.800000000000004,30.6,30.0,31.8,4.95,1.99,4.96,0.16,0.0,0.0,1027.0,8228.0,0.0,0.0,0.0,0.0,0.0,1.0,0.0,0.0,0.0,0.054,0.0,1.1,0.0,-0.3,0.0,0.2205,16.0,25903.0
2026-07-30T18:59:13.037Z,122.52,122.532,0.0,7.4,0.0,0.0,0.0,0.0,0.0,0.0,0.0,0.0,1.0,0.0,0.0,0.0,9.0,4.0,0.0,0.0,0.0,0.0,0.0,0.0,0.0,0.0,2.0,12.0,1.0,12.18,5.0200000000000005,2.51,1.49,-8.0,6.7,0.8,8.4,0.0,0.8,1.2000000000000002,-0.7000000000000001,-2.2,0.0,119.0,234.3,0.0,21.4,31.200000000000003,31.1,31.8,300.0,300.0,30.8,34.800000000000004,30.6,30.0,31.8,4.95,2.0,4.96,0.16,0.0,0.0,1027.0,8228.0,0.0,0.0,0.0,0.0,0.0,1.0,0.0,0.0,0.0,0.052,0.0,1.2000000000000002,0.0,-0.4,0.0,0.2194,16.0,25903.0
2026-07-30T18:59:13.048Z,122.531,122.544,0.0,7.4,0.0,0.0,0.0,0.0,0.0,0.0,0.0,0.0,1.0,0.0,0.0,0.0,9.0,4.0,0.0,0.0,0.0,0.0,0.0,0.0,0.0,0.0,3.0,12.0,1.0,12.18,5.0200000000000005,2.51,1.49,-2.5,-5.7,0.8,8.4,0.0,0.8,-0.4,0.4,3.4000000000000004,0.0,120.0,331.3,0.0,21.4,31.200000000000003,31.1,31.8,300.0,300.0,30.8,34.800000000000004,30.6,30.0,31.8,4.95,2.0,4.96,0.16,0.0,0.0,1027.0,8228.0,0.0,0.0,0.0,0.0,0.0,1.0,0.0,0.0,0.0,0.054,0.0,0.0,0.0,0.5,0.0,0.2083,16.0,25903.0
2026-07-30T18:59:13.060Z,122.543,122.556,0.0,7.4,0.0,0.0,0.0,0.0,0.0,0.0,0.0,0.0,1.0,0.0,0.0,0.0,9.0,4.0,0.0,0.0,0.0,0.0,0.0,0.0,0.0,0.0,4.0,12.0,1.0,12.18,5.0200000000000005,2.51,1.49,7.9,-6.0,0.8,8.3,0.0,0.8,0.1,-0.7000000000000001,1.9,0.0,121.0,62.8,0.0,21.4,31.200000000000003,31.1,31.8,300.0,300.0,30.8,34.800000000000004,30.6,30.0,31.8,4.95,1.99,4.97,0.16,0.0,0.0,1027.0,8228.0,0.0,0.0,0.0,0.0,0.0,1.0,0.0,0.0,0.0,0.052,0.0,-0.5,0.0,-0.6000000000000001,0.0,0.2169,16.0,25903.0
2026-07-30T18:59:13.072Z,122.555,122.568,0.0,7.4,0.0,0.0,0.0,0.0,0.0,0.0,0.0,0.0,1.0,0.0,0.0,0.0,9.0,4.0,0.0,0.0,0.0,0.0,0.0,0.0,0.0,0.0,6.0,12.0,1.0,12.18,5.0200000000000005,2.51,1.49,2.1,5.9,0.8,8.200000000000001,0.0,-0.3,-0.4,-0.7000000000000001,-6.2,0.0,121.0,154.10000000000002,0.0,21.4,31.200000000000003,31.1,31.8,300.0,300.0,30.8,34.800000000000004,30.6,30.0,31.8,4.95,1.99,4.96,0.16,0.0,0.0,1027.0,8228.0,0.0,0.0,0.0,0.0,0.0,1.0,0.0,0.0,0.0,0.052,0.0,-1.2000000000000002,0.0,0.2,0.0,0.2104,16.0,25903.0
2026-07-30T18:59:13.084Z,122.567,122.58,0.0,7.4,0.0,0.0,0.0,0.0,0.0,0.0,0.0,0.0,1.0,0.0,0.0,0.0,9.0,4.0,0.0,0.0,0.0,0.0,0.0,0.0,0.0,0.0,1.0,12.0,1.0,12.18,5.0200000000000005,2.51,1.49,-7.6,6.0,0.7000000000000001,8.1,0.0,0.8,0.0,-0.1,-1.8,0.0,121.0,237.7,0.0,21.4,31.200000000000003,31.1,31.8,300.0,300.0,30.8,34.800000000000004,30.6,30.0,31.8,4.96,1.99,4.96,0.16,0.0,0.0,1027.0,8228.0,0.0,0.0,0.0,0.0,0.0,1.0,0.0,0.0,0.0,0.048,0.0,0.1,0.0,0.1,0.0,0.2086,16.0,25903.0
2026-07-30T18:59:13.096Z,122.579,122.592,0.0,7.4,0.0,0.0,0.0,0.0,0.0,0.0,0.0,0.0,1.0,0.0,0.0,0.0,9.0,4.0,0.0,0.0,0.0,0.0,0.0,0.0,0.0,0.0,2.0,12.0,1.0,12.18,5.0200000000000005,2.51,1.49,-2.6,-5.2,0.8,8.0,0.0,0.2,1.3,1.5,3.9,0.0,121.0,327.6,0.0,21.4,31.200000000000003,31.1,31.8,300.0,300.0,30.8,34.800000000000004,30.6,30.0,31.8,4.95,1.99,4.97,0.16,0.0,0.0,1027.0,8228.0,0.0,0.0,0.0,0.0,0.0,1.0,0.0,0.0,0.0,0.05,0.0,-2.8000000000000003,0.0,0.1,0.0,0.1944,16.0,25903.0
2026-07-30T18:59:13.109Z,122.592,122.604,0.0,7.4,0.0,0.0,0.0,0.0,0.0,0.0,0.0,0.0,1.0,0.0,0.0,0.0,9.0,4.0,0.0,0.0,0.0,0.0,0.0,0.0,0.0,0.0,3.0,12.0,1.0,12.18,5.01,2.51,1.49,7.300000000000001,-6.2,0.8,8.0,0.0,-0.3,0.1,-0.1,2.7,0.0,121.0,55.3,0.0,21.200000000000003,31.200000000000003,31.1,31.8,300.0,300.0,30.700000000000003,34.7,30.6,30.0,31.8,4.96,1.99,4.97,0.16,0.0,0.0,1027.0,8228.0,0.0,0.0,0.0,0.0,0.0,1.0,0.0,0.0,0.0,0.049,0.0,0.5,0.0,-1.1,0.0,0.2005,16.0,25903.0
2026-07-30T18:59:13.120Z,122.603,122.616,0.0,7.4,0.0,0.0,0.0,0.0,0.0,0.0,0.0,0.0,1.0,0.0,0.0,0.0,9.0,4.0,0.0,0.0,0.0,0.0,0.0,0.0,0.0,0.0,4.0,12.0,1.0,12.18,5.01,2.51,1.49,3.4000000000000004,4.2,0.8,7.9,0.0,-0.2,0.1,-0.7000000000000001,-4.800000000000001,0.0,121.0,142.3,0.0,21.200000000000003,31.200000000000003,31.1,31.8,300.0,300.0,30.700000000000003,34.7,30.6,30.0,31.8,4.96,2.0,4.96,0.16,0.0,0.0,1027.0,8228.0,0.0,0.0,0.0,0.0,0.0,1.0,0.0,0.0,0.0,0.049,0.0,0.6000000000000001,0.0,-0.1,0.0,0.1997,16.0,25903.0
2026-07-30T18:59:13.132Z,122.615,122.628,0.0,7.4,0.0,0.0,0.0,0.0,0.0,0.0,0.0,0.0,1.0,0.0,0.0,0.0,9.0,4.0,0.0,0.0,0.0,0.0,0.0,0.0,0.0,0.0,5.0,12.0,1.0,12.18,5.01,2.51,1.49,-6.5,6.800000000000001,0.7000000000000001,7.800000000000001,0.0,0.8,0.7000000000000001,1.0,-4.800000000000001,0.0,120.0,216.7,0.0,21.200000000000003,31.200000000000003,31.1,31.8,300.0,300.0,30.700000000000003,34.7,30.6,30.0,31.8,4.96,1.99,4.96,0.16,0.0,0.0,1027.0,8228.0,0.0,0.0,0.0,0.0,0.0,1.0,0.0,0.0,0.0,0.044,0.0,0.2,0.0,0.6000000000000001,0.0,0.1996,16.0,25903.0
2026-07-30T18:59:13.144Z,122.627,122.64,0.0,7.4,0.0,0.0,0.0,0.0,0.0,0.0,0.0,0.0,1.0,0.0,0.0,0.0,9.0,4.0,0.0,0.0,0.0,0.0,0.0,0.0,0.0,0.0,6.0,12.0,1.0,12.18,5.01,2.51,1.49,-4.800000000000001,-2.4000000000000004,0.7000000000000001,7.7,0.0,-0.2,-1.0,-1.2000000000000002,2.6,0.0,120.0,305.2,0.0,21.200000000000003,31.200000000000003,31.1,31.8,300.0,300.0,30.700000000000003,34.7,30.6,30.0,31.8,4.96,1.99,4.97,0.16,0.0,0.0,1027.0,8228.0,0.0,0.0,0.0,0.0,0.0,1.0,0.0,0.0,0.0,0.048,0.0,2.1,0.0,0.8,0.0,0.1763,16.0,25903.0
2026-07-30T18:59:13.156Z,122.639,122.652,0.0,7.4,0.0,0.0,0.0,0.0,0.0,0.0,0.0,0.0,1.0,0.0,0.0,0.0,9.0,4.0,0.0,0.0,0.0,0.0,0.0,0.0,0.0,0.0,1.0,12.0,1.0,12.18,5.01,2.51,1.49,5.1000000000000005,-7.2,0.7000000000000001,7.7,0.0,-0.3,-0.4,0.4,3.2,0.0,120.0,29.200000000000003,0.0,21.200000000000003,31.200000000000003,31.1,31.8,300.0,300.0,30.700000000000003,34.7,30.6,30.0,31.8,4.96,1.99,4.96,0.16,0.0,0.0,1027.0,8228.0,0.0,0.0,0.0,0.0,0.0,1.0,0.0,0.0,0.0,0.048,0.0,0.4,0.0,0.3,0.0,0.1932,16.0,25903.0
2026-07-30T18:59:13.168Z,122.651,122.664,0.0,7.4,0.0,0.0,0.0,0.0,0.0,0.0,0.0,0.0,1.0,0.0,0.0,0.0,9.0,4.0,0.0,0.0,0.0,0.0,0.0,0.0,0.0,0.0,2.0,12.0,1.0,12.18,5.01,2.51,1.49,6.1000000000000005,0.3,0.7000000000000001,7.7,0.0,-0.9,-0.4,-1.2000000000000002,-2.2,0.0,120.0,113.7,0.0,21.200000000000003,31.200000000000003,31.1,31.8,300.0,300.0,30.700000000000003,34.7,30.6,30.0,31.8,4.96,1.99,4.97,0.16,0.0,0.0,1027.0,8228.0,0.0,0.0,0.0,0.0,0.0,1.0,0.0,0.0,0.0,0.047,0.0,-1.6,0.0,-0.6000000000000001,0.0,0.1931,16.0,25903.0
2026-07-30T18:59:13.180Z,122.663,122.676,0.0,7.4,0.0,0.0,0.0,0.0,0.0,0.0,0.0,0.0,1.0,0.0,0.0,0.0,9.0,4.0,0.0,0.0,0.0,0.0,0.0,0.0,0.0,0.0,3.0,12.0,1.0,12.18,5.01,2.51,1.49,-2.6,7.2,0.6000000000000001,7.6,0.0,0.2,0.0,0.4,-11.3,0.0,119.0,184.3,0.0,21.200000000000003,31.200000000000003,31.1,31.8,300.0,300.0,30.700000000000003,34.7,30.6,30.0,31.8,4.95,1.99,4.97,0.16,0.0,0.0,1027.0,8228.0,0.0,0.0,0.0,0.0,0.0,1.0,0.0,0.0,0.0,0.042,0.0,0.2,0.0,-0.4,0.0,0.1897,16.0,25903.0
2026-07-30T18:59:13.192Z,122.675,122.688,0.0,7.4,0.0,0.0,0.0,0.0,0.0,0.0,0.0,0.0,1.0,0.0,0.0,0.0,9.0,4.0,0.0,0.0,0.0,0.0,0.0,0.0,0.0,0.0,5.0,12.0,1.0,12.18,5.01,2.51,1.49,-7.0,2.5,0.6000000000000001,7.5,0.0,0.2,-0.5,-0.1,-0.5,0.0,117.0,261.3,0.0,21.200000000000003,31.200000000000003,31.1,31.8,300.0,300.0,30.700000000000003,34.7,30.6,30.0,31.8,4.96,1.99,4.97,0.16,0.0,0.0,1027.0,8228.0,0.0,0.0,0.0,0.0,0.0,1.0,0.0,0.0,0.0,0.042,0.0,0.0,0.0,0.6000000000000001,0.0,0.1711,16.0,25903.0
2026-07-30T18:59:13.204Z,122.687,122.7,0.0,7.4,0.0,0.0,0.0,0.0,0.0,0.0,0.0,0.0,1.0,0.0,0.0,0.0,9.0,4.0,0.0,0.0,0.0,0.0,0.0,0.0,0.0,0.0,6.0,12.0,1.0,12.18,5.01,2.51,1.49,-0.5,-5.7,0.7000000000000001,7.5,0.0,0.2,-1.0,-0.1,3.6,0.0,117.0,341.3,0.0,21.200000000000003,31.200000000000003,31.1,31.8,300.0,300.0,30.700000000000003,34.7,30.6,30.0,31.8,4.95,1.99,4.96,0.16,0.0,0.0,1027.0,8228.0,0.0,0.0,0.0,0.0,0.0,1.0,0.0,0.0,0.0,0.044,0.0,1.3,0.0,0.2,0.0,0.1698,16.0,25903.0
2026-07-30T18:59:13.216Z,122.699,122.712,0.0,7.4,0.0,0.0,0.0,0.0,0.0,0.0,0.0,0.0,1.0,0.0,0.0,0.0,9.0,4.0,0.0,0.0,0.0,0.0,0.0,0.0,0.0,0.0,2.0,12.0,1.0,12.19,5.01,2.51,1.49,6.4,-5.1000000000000005,0.6000000000000001,7.300000000000001,0.0,0.2,0.6000000000000001,2.2,1.8,0.0,116.0,57.8,0.0,21.3,31.200000000000003,31.1,31.8,300.0,300.0,30.8,34.7,30.6,30.0,31.8,4.95,1.99,4.96,0.16,0.0,0.0,1027.0,8228.0,0.0,0.0,0.0,0.0,0.0,1.0,0.0,0.0,0.0,0.043,0.0,0.8,0.0,2.8000000000000003,0.0,0.1799,16.0,25903.0
2026-07-30T18:59:13.228Z,122.711,122.724,0.0,7.4,0.0,0.0,0.0,0.0,0.0,0.0,0.0,0.0,1.0,0.0,0.0,0.0,9.0,4.0,0.0,0.0,0.0,0.0,0.0,0.0,0.0,0.0,3.0,12.0,1.0,12.19,5.01,2.51,1.49,3.7,2.9000000000000004,0.6000000000000001,7.2,0.0,0.2,0.0,1.0,-5.2,0.0,115.0,133.8,0.0,21.3,31.200000000000003,31.1,31.8,300.0,300.0,30.8,34.7,30.6,30.0,31.8,4.95,1.99,4.96,0.16,0.0,0.0,1027.0,8228.0,0.0,0.0,0.0,0.0,0.0,1.0,0.0,0.0,0.0,0.043,0.0,1.2000000000000002,0.0,-0.2,0.0,0.1758,16.0,25903.0
2026-07-30T18:59:13.240Z,122.723,122.736,0.0,7.4,0.0,0.0,0.0,0.0,0.0,0.0,0.0,0.0,1.0,0.0,0.0,0.0,9.0,4.0,0.0,0.0,0.0,0.0,0.0,0.0,0.0,0.0,4.0,12.0,1.0,12.19,5.01,2.51,1.49,-4.0,6.5,0.5,7.2,0.0,-1.5,-0.4,0.0,-9.5,0.0,114.0,198.1,0.0,21.3,31.200000000000003,31.1,31.8,300.0,300.0,30.8,34.7,30.6,30.0,31.8,4.95,1.99,4.96,0.16,0.0,0.0,1027.0,8228.0,0.0,0.0,0.0,0.0,0.0,1.0,0.0,0.0,0.0,0.038,0.0,-0.5,0.0,0.2,0.0,0.1736,16.0,25903.0
2026-07-30T18:59:13.252Z,122.735,122.748,0.0,7.4,0.0,0.0,0.0,0.0,0.0,0.0,0.0,0.0,1.0,0.0,0.0,0.0,9.0,4.0,0.0,0.0,0.0,0.0,0.0,0.0,0.0,0.0,5.0,12.0,1.0,12.19,5.01,2.51,1.49,-6.1000000000000005,1.1,0.6000000000000001,7.1000000000000005,0.0,0.2,-0.4,0.0,0.1,0.0,113.0,274.8,0.0,21.3,31.200000000000003,31.1,31.8,300.0,300.0,30.8,34.7,30.6,30.0,31.8,4.95,1.99,4.97,0.16,0.0,0.0,1027.0,8228.0,0.0,0.0,0.0,0.0,0.0,1.0,0.0,0.0,0.0,0.041,0.0,0.1,0.0,0.5,0.0,0.1534,16.0,25903.0
2026-07-30T18:59:13.274Z,122.757,122.76,0.0,7.4,0.0,0.0,0.0,0.0,0.0,0.0,0.0,0.0,1.0,0.0,0.0,0.0,9.0,4.0,0.0,0.0,0.0,0.0,0.0,0.0,0.0,0.0,6.0,12.0,1.0,12.19,5.01,2.51,1.49,0.0,-5.5,0.6000000000000001,7.0,0.0,0.2,0.1,1.6,3.3000000000000003,0.0,113.0,350.8,0.0,21.3,31.200000000000003,31.1,31.8,300.0,300.0,30.8,34.7,30.6,30.0,31.8,4.95,1.99,4.96,0.16,0.0,0.0,1027.0,8228.0,0.0,0.0,0.0,0.0,0.0,1.0,0.0,0.0,0.0,0.043,0.0,-1.3,0.0,1.4,0.0,0.1662,16.0,25903.0
2026-07-30T18:59:13.277Z,122.76,122.772,0.0,7.4,0.0,0.0,0.0,0.0,0.0,0.0,0.0,0.0,1.0,0.0,0.0,0.0,9.0,4.0,0.0,0.0,0.0,0.0,0.0,0.0,0.0,0.0,6.0,12.0,1.0,12.19,5.01,2.51,1.49,5.9,-4.800000000000001,0.5,7.0,0.0,-0.3,0.0,0.0,1.4,0.0,111.0,54.8,0.0,21.3,31.200000000000003,31.1,31.8,300.0,300.0,30.8,34.7,30.6,30.0,31.8,4.95,1.99,4.96,0.16,0.0,0.0,1027.0,8228.0,0.0,0.0,0.0,0.0,0.0,1.0,0.0,0.0,0.0,0.038,0.0,0.0,0.0,0.0,0.0,0.1738,16.0,25903.0
2026-07-30T18:59:13.288Z,122.771,122.784,0.0,7.4,0.0,0.0,0.0,0.0,0.0,0.0,0.0,0.0,1.0,0.0,0.0,0.0,9.0,4.0,0.0,0.0,0.0,0.0,0.0,0.0,0.0,0.0,1.0,12.0,1.0,12.19,5.01,2.51,1.49,4.1000000000000005,1.9,0.5,7.0,0.0,-0.3,-0.5,0.5,-5.300000000000001,0.0,110.0,125.4,0.0,21.3,31.200000000000003,31.1,31.8,300.0,300.0,30.8,34.7,30.6,30.0,31.8,4.96,1.99,4.96,0.16,0.0,0.0,1027.0,8228.0,0.0,0.0,0.0,0.0,0.0,1.0,0.0,0.0,0.0,0.039,0.0,0.2,0.0,-0.5,0.0,0.1531,16.0,25903.0
2026-07-30T18:59:13.300Z,122.783,122.796,0.0,7.4,0.0,0.0,0.0,0.0,0.0,0.0,0.0,0.0,1.0,0.0,0.0,0.0,9.0,4.0,0.0,0.0,0.0,0.0,0.0,0.0,0.0,0.0,2.0,12.0,1.0,12.19,5.01,2.51,1.49,-2.6,6.0,0.5,6.9,0.0,-0.3,-0.5,-0.1,-11.6,0.0,109.0,191.1,0.0,21.3,31.200000000000003,31.1,31.8,300.0,300.0,30.8,34.7,30.6,30.0,31.8,4.95,1.99,4.97,0.16,0.0,0.0,1027.0,8228.0,0.0,0.0,0.0,0.0,0.0,1.0,0.0,0.0,0.0,0.038,0.0,-0.6000000000000001,0.0,0.2,0.0,0.1572,16.0,25903.0
2026-07-30T18:59:13.313Z,122.796,122.808,0.0,7.4,0.0,0.0,0.0,0.0,0.0,0.0,0.0,0.0,1.0,0.0,0.0,0.0,9.0,4.0,0.0,0.0,0.0,0.0,0.0,0.0,0.0,0.0,2.0,12.0,1.0,12.17,5.01,2.51,1.49,-5.9,2.9000000000000004,0.5,6.9,0.0,-0.9,0.0,0.5,-0.8,0.0,107.0,254.5,0.0,21.700000000000003,31.1,31.1,31.8,300.0,300.0,30.700000000000003,34.7,30.6,30.0,31.8,4.95,1.99,4.96,0.16,0.0,0.0,1027.0,8228.0,0.0,0.0,0.0,0.0,0.0,1.0,0.0,0.0,0.0,0.036,0.0,-0.3,0.0,-0.4,0.0,0.1525,16.0,25903.0
2026-07-30T18:59:13.324Z,122.807,122.82,0.0,7.4,0.0,0.0,0.0,0.0,0.0,0.0,0.0,0.0,1.0,0.0,0.0,0.0,9.0,4.0,0.0,0.0,0.0,0.0,0.0,0.0,0.0,0.0,3.0,12.0,1.0,12.17,5.01,2.51,1.49,-2.3000000000000003,-3.3000000000000003,0.5,6.7,0.0,-0.3,0.6000000000000001,-0.6000000000000001,4.2,0.0,106.0,323.8,0.0,21.700000000000003,31.1,31.1,31.8,300.0,300.0,30.700000000000003,34.7,30.6,30.0,31.8,4.95,1.99,4.96,0.16,0.0,0.0,1027.0,8228.0,0.0,0.0,0.0,0.0,0.0,1.0,0.0,0.0,0.0,0.038,0.0,0.1,0.0,-0.7000000000000001,0.0,0.1449,16.0,25903.0
2026-07-30T18:59:13.336Z,122.819,122.832,0.0,7.4,0.0,0.0,0.0,0.0,0.0,0.0,0.0,0.0,1.0,0.0,0.0,0.0,9.0,4.0,0.0,0.0,0.0,0.0,0.0,0.0,0.0,0.0,4.0,12.0,1.0,12.17,5.01,2.51,1.49,3.4000000000000004,-5.6000000000000005,0.5,6.7,0.0,-0.2,-1.6,-0.6000000000000001,4.3,0.0,105.0,24.6,0.0,21.700000000000003,31.1,31.1,31.8,300.0,300.0,30.700000000000003,34.7,30.6,30.0,31.8,4.95,1.99,4.97,0.16,0.0,0.0,1027.0,8228.0,0.0,0.0,0.0,0.0,0.0,1.0,0.0,0.0,0.0,0.035,0.0,1.8,0.0,-1.6,0.0,0.1542,16.0,25903.0
2026-07-30T18:59:13.348Z,122.831,122.844,0.0,7.4,0.0,0.0,0.0,0.0,0.0,0.0,0.0,0.0,1.0,0.0,0.0,0.0,9.0,4.0,0.0,0.0,0.0,0.0,0.0,0.0,0.0,0.0,5.0,12.0,1.0,12.17,5.01,2.51,1.49,5.800000000000001,-2.0,0.5,6.6000000000000005,0.0,0.3,-0.4,0.0,-0.1,0.0,104.0,87.0,0.0,21.700000000000003,31.1,31.1,31.8,300.0,300.0,30.700000000000003,34.7,30.6,30.0,31.8,4.96,2.0,4.96,0.16,0.0,0.0,1027.0,8228.0,0.0,0.0,0.0,0.0,0.0,1.0,0.0,0.0,0.0,0.035,0.0,0.0,0.0,-0.5,0.0,0.1434,16.0,25903.0
2026-07-30T18:59:13.360Z,122.843,122.856,0.0,7.4,0.0,0.0,0.0,0.0,0.0,0.0,0.0,0.0,1.0,0.0,0.0,0.0,9.0,4.0,0.0,0.0,0.0,0.0,0.0,0.0,0.0,0.0,1.0,12.0,1.0,12.17,5.01,2.51,1.49,1.2000000000000002,4.800000000000001,0.5,6.6000000000000005,0.0,0.3,0.1,0.5,-8.8,0.0,103.0,153.0,0.0,21.700000000000003,31.1,31.1,31.8,300.0,300.0,30.700000000000003,34.7,30.6,30.0,31.8,4.96,1.98,4.96,0.16,0.0,0.0,1027.0,8228.0,0.0,0.0,0.0,0.0,0.0,1.0,0.0,0.0,0.0,0.036,0.0,0.6000000000000001,0.0,-0.2,0.0,0.1402,16.0,25903.0
2026-07-30T18:59:13.372Z,122.855,122.868,0.0,7.4,0.0,0.0,0.0,0.0,0.0,0.0,0.0,0.0,1.0,0.0,0.0,0.0,9.0,4.0,0.0,0.0,0.0,0.0,0.0,0.0,0.0,0.0,2.0,12.0,1.0,12.17,5.01,2.51,1.49,-6.0,6.0,0.5,6.5,0.0,-0.2,1.3,-1.2000000000000002,-5.7,0.0,102.0,223.5,0.0,21.700000000000003,31.1,31.1,31.8,300.0,300.0,30.700000000000003,34.7,30.6,30.0,31.8,4.95,1.99,4.96,0.16,0.0,0.0,1027.0,8228.0,0.0,0.0,0.0,0.0,0.0,1.0,0.0,0.0,0.0,0.038,0.0,1.4,0.0,0.3,0.0,0.147,16.0,25903.0
2026-07-30T18:59:13.384Z,122.867,122.88,0.0,7.4,0.0,0.0,0.0,0.0,0.0,0.0,0.0,0.0,1.0,0.0,0.0,0.0,9.0,4.0,0.0,0.0,0.0,0.0,0.0,0.0,0.0,0.0,3.0,12.0,1.0,12.17,5.01,2.51,1.49,-4.9,-2.4000000000000004,0.6000000000000001,6.9,0.0,-0.8,-0.9,-0.6000000000000001,1.5,0.0,103.0,307.1,0.0,21.700000000000003,31.1,31.1,31.8,300.0,300.0,30.700000000000003,34.7,30.6,30.0,31.8,4.96,1.99,4.97,0.16,0.0,0.0,1027.0,8228.0,0.0,0.0,0.0,0.0,0.0,1.0,0.0,0.0,0.0,0.044,0.0,1.4,0.0,0.8,0.0,0.1556,16.0,25903.0
2026-07-30T18:59:13.395Z,122.878,122.892,0.0,7.4,0.0,0.0,0.0,0.0,0.0,0.0,0.0,0.0,1.0,0.0,0.0,0.0,9.0,4.0,0.0,0.0,0.0,0.0,0.0,0.0,0.0,0.0,4.0,12.0,1.0,12.17,5.01,2.51,1.49,5.800000000000001,-7.800000000000001,0.6000000000000001,7.6,0.0,0.9,0.8,0.5,2.0,0.0,104.0,32.2,0.0,21.700000000000003,31.1,31.1,31.8,300.0,300.0,30.700000000000003,34.7,30.6,30.0,31.8,4.96,2.0,4.96,0.16,0.0,0.0,1027.0,8228.0,0.0,0.0,0.0,0.0,0.0,1.0,0.0,0.0,0.0,0.047,0.0,-0.7000000000000001,0.0,1.1,0.0,0.18,16.0,25903.0
2026-07-30T18:59:13.407Z,122.89,122.904,0.0,7.4,0.0,0.0,0.0,0.0,0.0,0.0,0.0,0.0,1.0,0.0,0.0,0.0,9.0,4.0,0.0,0.0,0.0,0.0,0.0,0.0,0.0,0.0,5.0,12.0,1.0,12.17,5.01,2.51,1.49,6.0,2.2,0.7000000000000001,7.9,0.0,-0.2,0.2,-0.5,-3.8,0.0,105.0,124.2,0.0,21.700000000000003,31.1,31.1,31.8,300.0,300.0,30.700000000000003,34.7,30.6,30.0,31.8,4.96,1.99,4.97,0.16,0.0,0.0,1027.0,8228.0,0.0,0.0,0.0,0.0,0.0,1.0,0.0,0.0,0.0,0.05,0.0,-0.5,0.0,0.2,0.0,0.191,16.0,25903.0
2026-07-30T18:59:13.419Z,122.902,122.916,0.0,7.4,0.0,0.0,0.0,0.0,0.0,0.0,0.0,0.0,1.0,0.0,0.0,0.0,9.0,4.0,0.0,0.0,0.0,0.0,0.0,0.0,0.0,0.0,6.0,12.0,1.0,12.18,5.0200000000000005,2.5,1.5,-6.7,8.200000000000001,0.7000000000000001,8.3,0.0,-0.8,0.1,0.5,-5.1000000000000005,0.0,107.0,217.2,0.0,21.4,31.1,31.1,31.8,300.0,300.0,30.700000000000003,34.800000000000004,30.6,30.0,31.8,4.95,1.99,4.97,0.16,0.0,0.0,1027.0,8228.0,0.0,0.0,0.0,0.0,0.0,1.0,0.0,0.0,0.0,0.052,0.0,0.0,0.0,-0.7000000000000001,0.0,0.2032,16.0,25903.0
2026-07-30T18:59:13.432Z,122.915,122.928,0.0,7.4,0.0,0.0,0.0,0.0,0.0,0.0,0.0,0.0,1.0,0.0,0.0,0.0,9.0,4.0,0.0,0.0,0.0,0.0,0.0,0.0,0.0,0.0,1.0,12.0,1.0,12.18,5.0200000000000005,2.5,1.5,-5.0,-3.3000000000000003,0.7000000000000001,8.200000000000001,0.0,0.9,0.7000000000000001,0.5,2.2,0.0,109.0,310.70000000000005,0.0,21.4,31.1,31.1,31.8,300.0,300.0,30.700000000000003,34.800000000000004,30.6,30.0,31.8,4.96,1.99,4.96,0.16,0.0,0.0,1027.0,8228.0,0.0,0.0,0.0,0.0,0.0,1.0,0.0,0.0,0.0,0.052,0.0,-1.1,0.0,-0.5,0.0,0.2102,16.0,25903.0
2026-07-30T18:59:13.444Z,122.927,122.94,0.0,7.4,0.0,0.0,0.0,0.0,0.0,0.0,0.0,0.0,1.0,0.0,0.0,0.0,9.0,4.0,0.0,0.0,0.0,0.0,0.0,0.0,0.0,0.0,2.0,12.0,1.0,12.18,5.0200000000000005,2.5,1.5,7.0,-7.5,0.7000000000000001,8.1,0.0,-0.7000000000000001,-1.5,-1.1,2.1,0.0,110.0,44.7,0.0,21.4,31.1,31.1,31.8,300.0,300.0,30.700000000000003,34.800000000000004,30.6,30.0,31.8,4.95,2.0,4.96,0.16,0.0,0.0,1027.0,8228.0,0.0,0.0,0.0,0.0,0.0,1.0,0.0,0.0,0.0,0.053,0.0,0.9,0.0,-2.5,0.0,0.212,16.0,25903.0
2026-07-30T18:59:13.456Z,122.939,122.952,0.0,7.4,0.0,0.0,0.0,0.0,0.0,0.0,0.0,0.0,1.0,0.0,0.0,0.0,9.0,4.0,0.0,0.0,0.0,0.0,0.0,0.0,0.0,0.0,3.0,12.0,1.0,12.18,5.0200000000000005,2.5,1.5,4.2,4.0,0.7000000000000001,8.200000000000001,0.0,-0.1,1.3,0.0,-4.7,0.0,112.0,136.8,0.0,21.4,31.1,31.1,31.8,300.0,300.0,30.700000000000003,34.800000000000004,30.6,30.0,31.8,4.95,1.99,4.97,0.16,0.0,0.0,1027.0,8228.0,0.0,0.0,0.0,0.0,0.0,1.0,0.0,0.0,0.0,0.052,0.0,1.0,0.0,1.0,0.0,0.2123,16.0,25903.0
2026-07-30T18:59:13.468Z,122.951,122.964,0.0,7.4,0.0,0.0,0.0,0.0,0.0,0.0,0.0,0.0,1.0,0.0,0.0,0.0,9.0,4.0,0.0,0.0,0.0,0.0,0.0,0.0,0.0,0.0,5.0,12.0,1.0,12.18,5.0200000000000005,2.5,1.5,-7.1000000000000005,7.2,0.7000000000000001,8.0,0.0,1.0,0.1,0.0,-4.0,0.0,112.0,224.5,0.0,21.4,31.1,31.1,31.8,300.0,300.0,30.700000000000003,34.800000000000004,30.6,30.0,31.8,4.95,1.99,4.97,0.17,0.0,0.0,1027.0,8228.0,0.0,0.0,0.0,0.0,0.0,1.0,0.0,0.0,0.0,0.05,0.0,0.1,0.0,0.0,0.0,0.2105,16.0,25903.0
2026-07-30T18:59:13.480Z,122.963,122.976,0.0,7.4,0.0,0.0,0.0,0.0,0.0,0.0,0.0,0.0,1.0,0.0,0.0,0.0,9.0,4.0,0.0,0.0,0.0,0.0,0.0,0.0,0.0,0.0,6.0,12.0,1.0,12.18,5.0200000000000005,2.5,1.5,-4.2,-3.8,0.7000000000000001,8.0,0.0,-0.1,0.1,1.1,2.6,0.0,114.0,317.20000000000005,0.0,21.4,31.1,31.1,31.8,300.0,300.0,30.700000000000003,34.800000000000004,30.6,30.0,31.8,4.96,1.99,4.96,0.15,0.0,0.0,1027.0,8228.0,0.0,0.0,0.0,0.0,0.0,1.0,0.0,0.0,0.0,0.051,0.0,-1.3,0.0,0.2,0.0,0.2018,16.0,25903.0
2026-07-30T18:59:13.492Z,122.975,122.988,0.0,7.4,0.0,0.0,0.0,0.0,0.0,0.0,0.0,0.0,1.0,0.0,0.0,0.0,9.0,4.0,0.0,0.0,0.0,0.0,0.0,0.0,0.0,0.0,1.0,12.0,1.0,12.18,5.0200000000000005,2.5,1.5,6.6000000000000005,-7.1000000000000005,0.7000000000000001,7.9,0.0,-0.1,-1.0,-0.6000000000000001,2.3000000000000003,0.0,114.0,45.400000000000006,0.0,21.4,31.1,31.1,31.8,300.0,300.0,30.700000000000003,34.800000000000004,30.6,30.0,31.8,4.95,2.0,4.97,0.15,0.0,0.0,1027.0,8228.0,0.0,0.0,0.0,0.0,0.0,1.0,0.0,0.0,0.0,0.05,0.0,0.6000000000000001,0.0,-1.5,0.0,0.2076,16.0,25903.0
2026-07-30T18:59:13.504Z,122.987,123.0,0.0,7.4,0.0,0.0,0.0,0.0,0.0,0.0,0.0,0.0,1.0,0.0,0.0,0.0,9.0,4.0,0.0,0.0,0.0,0.0,0.0,0.0,0.0,0.0,2.0,12.0,1.0,12.18,5.0200000000000005,2.5,1.5,4.6000000000000005,3.2,0.7000000000000001,7.9,0.0,-0.1,0.1,0.5,-4.4,0.0,115.0,133.4,0.0,21.4,31.1,31.1,31.8,300.0,300.0,30.700000000000003,34.800000000000004,30.6,30.0,31.8,4.95,1.99,4.96,0.16,0.0,0.0,1027.0,8228.0,0.0,0.0,0.0,0.0,0.0,1.0,0.0,0.0,0.0,0.05,0.0,0.6000000000000001,0.0,0.0,0.0,0.2029,16.0,25903.0
2026-07-30T18:59:13.517Z,123.0,123.012,0.0,7.4,0.0,0.0,0.0,0.0,0.0,0.0,0.0,0.0,1.0,0.0,0.0,0.0,9.0,4.0,0.0,0.0,0.0,0.0,0.0,0.0,0.0,0.0,3.0,12.0,1.0,12.15,5.0200000000000005,2.51,1.49,-6.0,7.4,0.7000000000000001,7.7,0.0,0.9,1.2000000000000002,0.4,-5.0,0.0,115.0,217.1,0.0,21.9,31.1,31.1,31.700000000000003,300.0,300.0,30.8,34.7,30.6,30.0,31.8,4.96,2.0,4.96,0.16,0.0,0.0,1027.0,8228.0,0.0,0.0,0.0,0.0,0.0,1.0,0.0,0.0,0.0,0.048,0.0,1.1,0.0,-1.4,0.0,0.2004,16.0,25903.0
2026-07-30T18:59:13.528Z,123.011,123.024,0.0,7.4,0.0,0.0,0.0,0.0,0.0,0.0,0.0,0.0,1.0,0.0,0.0,0.0,9.0,4.0,0.0,0.0,0.0,0.0,0.0,0.0,0.0,0.0,4.0,12.0,1.0,12.15,5.0200000000000005,2.51,1.49,-5.7,-1.6,0.7000000000000001,7.7,0.0,0.4,-0.4,0.4,2.6,0.0,115.0,299.90000000000003,0.0,21.9,31.1,31.1,31.700000000000003,300.0,300.0,30.8,34.7,30.6,30.0,31.8,4.96,2.0,4.96,0.16,0.0,0.0,1027.0,8228.0,0.0,0.0,0.0,0.0,0.0,1.0,0.0,0.0,0.0,0.047,0.0,-0.2,0.0,0.4,0.0,0.1931,16.0,25903.0
2026-07-30T18:59:13.539Z,123.022,123.036,0.0,7.4,0.0,0.0,0.0,0.0,0.0,0.0,0.0,0.0,1.0,0.0,0.0,0.0,9.0,4.0,0.0,0.0,0.0,0.0,0.0,0.0,0.0,0.0,5.0,12.0,1.0,12.15,5.0200000000000005,2.51,1.49,4.4,-7.4,0.7000000000000001,7.6,0.0,0.4,0.7000000000000001,0.4,3.7,0.0,115.0,23.5,0.0,21.9,31.1,31.1,31.700000000000003,300.0,300.0,30.8,34.7,30.6,30.0,31.8,4.95,1.99,4.97,0.16,0.0,0.0,1027.0,8228.0,0.0,0.0,0.0,0.0,0.0,1.0,0.0,0.0,0.0,0.047,0.0,-0.8,0.0,0.8,0.0,0.1897,16.0,25903.0
2026-07-30T18:59:13.552Z,123.035,123.048,0.0,7.4,0.0,0.0,0.0,0.0,0.0,0.0,0.0,0.0,1.0,0.0,0.0,0.0,9.0,4.0,0.0,0.0,0.0,0.0,0.0,0.0,0.0,0.0,6.0,12.0,1.0,12.15,5.0200000000000005,2.51,1.49,6.5,-0.1,0.7000000000000001,7.5,0.0,1.0,0.1,-0.6000000000000001,-1.4,0.0,115.0,107.8,0.0,21.9,31.1,31.1,31.700000000000003,300.0,300.0,30.8,34.7,30.6,30.0,31.8,4.95,1.99,4.96,0.16,0.0,0.0,1027.0,8228.0,0.0,0.0,0.0,0.0,0.0,1.0,0.0,0.0,0.0,0.047,0.0,-0.6000000000000001,0.0,0.0,0.0,0.1887,16.0,25903.0
2026-07-30T18:59:13.563Z,123.046,123.06,0.0,7.4,0.0,0.0,0.0,0.0,0.0,0.0,0.0,0.0,1.0,0.0,0.0,0.0,9.0,4.0,0.0,0.0,0.0,0.0,0.0,0.0,0.0,0.0,1.0,12.0,1.0,12.15,5.0200000000000005,2.51,1.49,-2.3000000000000003,7.2,0.6000000000000001,7.4,0.0,-0.7000000000000001,0.1,1.1,-10.3,0.0,115.0,184.6,0.0,21.9,31.1,31.1,31.700000000000003,300.0,300.0,30.8,34.7,30.6,30.0,31.8,4.95,1.99,4.96,0.16,0.0,0.0,1027.0,8228.0,0.0,0.0,0.0,0.0,0.0,1.0,0.0,0.0,0.0,0.044,0.0,0.7000000000000001,0.0,-1.1,0.0,0.1908,16.0,25903.0
2026-07-30T18:59:13.580Z,123.063,123.072,0.0,7.4,0.0,0.0,0.0,0.0,0.0,0.0,0.0,0.0,1.0,0.0,0.0,0.0,9.0,4.0,0.0,0.0,0.0,0.0,0.0,0.0,0.0,0.0,2.0,12.0,1.0,12.15,5.0200000000000005,2.51,1.49,-7.1000000000000005,2.7,0.6000000000000001,7.4,0.0,0.4,-0.4,0.0,0.3,0.0,115.0,264.5,0.0,21.9,31.1,31.1,31.700000000000003,300.0,300.0,30.8,34.7,30.6,30.0,31.8,4.95,1.99,4.96,0.16,0.0,0.0,1027.0,8228.0,0.0,0.0,0.0,0.0,0.0,1.0,0.0,0.0,0.0,0.044,0.0,0.0,0.0,0.5,0.0,0.1793,16.0,25903.0
2026-07-30T18:59:13.587Z,123.07,123.084,0.0,7.4,0.0,0.0,0.0,0.0,0.0,0.0,0.0,0.0,1.0,0.0,0.0,0.0,9.0,4.0,0.0,0.0,0.0,0.0,0.0,0.0,0.0,0.0,1.0,12.0,1.0,12.15,5.0200000000000005,2.51,1.49,-0.4,-5.800000000000001,0.6000000000000001,7.300000000000001,0.0,0.4,0.7000000000000001,0.5,4.1000000000000005,0.0,114.0,345.3,0.0,21.9,31.1,31.1,31.700000000000003,300.0,300.0,30.8,34.7,30.6,30.0,31.8,4.96,1.99,4.96,0.16,0.0,0.0,1027.0,8228.0,0.0,0.0,0.0,0.0,0.0,1.0,0.0,0.0,0.0,0.045,0.0,-1.3,0.0,0.2,0.0,0.179,16.0,25903.0
2026-07-30T18:59:13.600Z,123.083,123.096,0.0,7.4,0.0,0.0,0.0,0.0,0.0,0.0,0.0,0.0,1.0,0.0,0.0,0.0,9.0,4.0,0.0,0.0,0.0,0.0,0.0,0.0,0.0,0.0,2.0,12.0,1.0,12.15,5.0200000000000005,2.51,1.49,6.6000000000000005,-5.1000000000000005,0.6000000000000001,7.2,0.0,-0.7000000000000001,-0.3,1.1,2.1,0.0,114.0,62.1,0.0,21.9,31.1,31.1,31.700000000000003,300.0,300.0,30.8,34.7,30.6,30.0,31.8,4.96,2.0,4.97,0.16,0.0,0.0,1027.0,8228.0,0.0,0.0,0.0,0.0,0.0,1.0,0.0,0.0,0.0,0.044,0.0,0.9,0.0,0.7000000000000001,0.0,0.1833,16.0,25903.0
2026-07-30T18:59:13.612Z,123.095,123.108,0.0,7.4,0.0,0.0,0.0,0.0,0.0,0.0,0.0,0.0,1.0,0.0,0.0,0.0,9.0,4.0,0.0,0.0,0.0,0.0,0.0,0.0,0.0,0.0,3.0,12.0,1.0,12.15,5.0200000000000005,2.51,1.49,3.5,3.4000000000000004,0.6000000000000001,7.2,0.0,0.4,0.1,-0.6000000000000001,-5.4,0.0,113.0,139.3,0.0,21.9,31.1,31.1,31.700000000000003,300.0,300.0,30.8,34.7,30.6,30.0,31.8,4.95,1.99,4.97,0.16,0.0,0.0,1027.0,8228.0,0.0,0.0,0.0,0.0,0.0,1.0,0.0,0.0,0.0,0.043,0.0,3.1,0.0,-0.3,0.0,0.1764,16.0,25903.0
2026-07-30T18:59:13.624Z,123.107,123.12,0.0,7.4,0.0,0.0,0.0,0.0,0.0,0.0,0.0,0.0,1.0,0.0,0.0,0.0,9.0,4.0,0.0,0.0,0.0,0.0,0.0,0.0,0.0,0.0,5.0,12.0,1.0,12.17,5.0200000000000005,2.51,1.49,-4.7,6.5,0.6000000000000001,7.1000000000000005,0.0,-0.1,0.2,-1.2000000000000002,-6.4,0.0,112.0,208.8,0.0,21.4,31.1,31.1,31.700000000000003,300.0,300.0,30.6,34.7,30.6,30.0,31.8,4.95,1.99,4.97,0.16,0.0,0.0,1027.0,8228.0,0.0,0.0,0.0,0.0,0.0,1.0,0.0,0.0,0.0,0.04,0.0,-0.4,0.0,2.3000000000000003,0.0,0.1759,16.0,25903.0
2026-07-30T18:59:13.636Z,123.119,123.132,0.0,7.4,0.0,0.0,0.0,0.0,0.0,0.0,0.0,0.0,1.0,0.0,0.0,0.0,9.0,4.0,0.0,0.0,0.0,0.0,0.0,0.0,0.0,0.0,6.0,12.0,1.0,12.17,5.0200000000000005,2.51,1.49,-6.0,0.4,0.6000000000000001,7.1000000000000005,0.0,-0.2,-0.3,0.0,2.3000000000000003,0.0,112.0,283.90000000000003,0.0,21.4,31.1,31.1,31.700000000000003,300.0,300.0,30.6,34.7,30.6,30.0,31.8,4.96,1.99,4.96,0.16,0.0,0.0,1027.0,8228.0,0.0,0.0,0.0,0.0,0.0,1.0,0.0,0.0,0.0,0.041,0.0,1.7000000000000002,0.0,2.1,0.0,0.1631,16.0,25903.0
2026-07-30T18:59:13.648Z,123.131,123.144,0.0,7.4,0.0,0.0,0.0,0.0,0.0,0.0,0.0,0.0,1.0,0.0,0.0,0.0,9.0,4.0,0.0,0.0,0.0,0.0,0.0,0.0,0.0,0.0,1.0,12.0,1.0,12.17,5.0200000000000005,2.51,1.49,1.0,-6.0,0.6000000000000001,7.0,0.0,0.3,1.3,-0.6000000000000001,5.1000000000000005,0.0,111.0,354.90000000000003,0.0,21.4,31.1,31.1,31.700000000000003,300.0,300.0,30.6,34.7,30.6,30.0,31.8,4.96,1.99,4.96,0.16,0.0,0.0,1027.0,8228.0,0.0,0.0,0.0,0.0,0.0,1.0,0.0,0.0,0.0,0.041,0.0,-2.3000000000000003,0.0,0.9,0.0,0.167,16.0,25903.0
2026-07-30T18:59:13.660Z,123.143,123.156,0.0,7.4,0.0,0.0,0.0,0.0,0.0,0.0,0.0,0.0,1.0,0.0,0.0,0.0,9.0,4.0,0.0,0.0,0.0,0.0,0.0,0.0,0.0,0.0,3.0,12.0,1.0,12.17,5.0200000000000005,2.51,1.49,6.2,-4.1000000000000005,0.6000000000000001,6.9,0.0,0.3,0.2,0.0,2.4000000000000004,0.0,110.0,67.5,0.0,21.4,31.1,31.1,31.700000000000003,300.0,300.0,30.6,34.7,30.6,30.0,31.8,4.95,2.0,4.96,0.15,0.0,0.0,1027.0,8228.0,0.0,0.0,0.0,0.0,0.0,1.0,0.0,0.0,0.0,0.041,0.0,-0.1,0.0,0.2,0.0,0.1647,16.0,25903.0
2026-07-30T18:59:13.672Z,123.155,123.168,0.0,7.4,0.0,0.0,0.0,0.0,0.0,0.0,0.0,0.0,1.0,0.0,0.0,0.0,9.0,4.0,0.0,0.0,0.0,0.0,0.0,0.0,0.0,0.0,4.0,12.0,1.0,12.17,5.0200000000000005,2.51,1.49,3.1,3.1,0.6000000000000001,6.9,0.0,0.3,0.8,1.1,-5.4,0.0,109.0,138.4,0.0,21.4,31.1,31.1,31.700000000000003,300.0,300.0,30.6,34.7,30.6,30.0,31.8,4.96,2.0,4.96,0.16,0.0,0.0,1027.0,8228.0,0.0,0.0,0.0,0.0,0.0,1.0,0.0,0.0,0.0,0.04,0.0,1.9,0.0,0.2,0.0,0.1643,16.0,25903.0
2026-07-30T18:59:13.684Z,123.167,123.18,0.0,7.4,0.0,0.0,0.0,0.0,0.0,0.0,0.0,0.0,1.0,0.0,0.0,0.0,9.0,4.0,0.0,0.0,0.0,0.0,0.0,0.0,0.0,0.0,5.0,12.0,1.0,12.17,5.0200000000000005,2.51,1.49,-3.8,6.2,0.5,6.800000000000001,0.0,0.9,-0.9,-0.6000000000000001,-9.2,0.0,108.0,198.4,0.0,21.4,31.1,31.1,31.700000000000003,300.0,300.0,30.6,34.7,30.6,30.0,31.8,4.95,2.0,4.96,0.16,0.0,0.0,1027.0,8228.0,0.0,0.0,0.0,0.0,0.0,1.0,0.0,0.0,0.0,0.035,0.0,-1.2000000000000002,0.0,1.1,0.0,0.1625,16.0,25903.0
2026-07-30T18:59:13.696Z,123.179,123.192,0.0,7.4,0.0,0.0,0.0,0.0,0.0,0.0,0.0,0.0,1.0,0.0,0.0,0.0,9.0,4.0,0.0,0.0,0.0,0.0,0.0,0.0,0.0,0.0,6.0,12.0,1.0,12.17,5.0200000000000005,2.51,1.49,-5.9,1.6,0.5,6.7,0.0,-0.8,-1.0,-1.2000000000000002,0.7000000000000001,0.0,106.0,267.2,0.0,21.4,31.1,31.1,31.700000000000003,300.0,300.0,30.6,34.7,30.6,30.0,31.8,4.95,1.99,4.97,0.16,0.0,0.0,1027.0,8228.0,0.0,0.0,0.0,0.0,0.0,1.0,0.0,0.0,0.0,0.037,0.0,1.2000000000000002,0.0,1.9,0.0,0.1429,16.0,25903.0
2026-07-30T18:59:13.708Z,123.191,123.204,0.0,7.4,0.0,0.0,0.0,0.0,0.0,0.0,0.0,0.0,1.0,0.0,0.0,0.0,9.0,4.0,0.0,0.0,0.0,0.0,0.0,0.0,0.0,0.0,1.0,12.0,1.0,12.17,5.0200000000000005,2.51,1.49,-1.0,-4.6000000000000005,0.5,6.7,0.0,0.3,1.3,-0.1,4.7,0.0,106.0,339.40000000000003,0.0,21.4,31.1,31.1,31.700000000000003,300.0,300.0,30.6,34.7,30.6,30.0,31.8,4.95,1.99,4.97,0.16,0.0,0.0,1027.0,8228.0,0.0,0.0,0.0,0.0,0.0,1.0,0.0,0.0,0.0,0.04,0.0,-1.3,0.0,-0.6000000000000001,0.0,0.1503,16.0,25903.0
2026-07-30T18:59:13.720Z,123.203,123.216,0.0,7.4,0.0,0.0,0.0,0.0,0.0,0.0,0.0,0.0,1.0,0.0,0.0,0.0,9.0,4.0,0.0,0.0,0.0,0.0,0.0,0.0,0.0,0.0,2.0,12.0,1.0,12.17,5.01,2.5,1.5,4.800000000000001,-5.300000000000001,0.5,6.7,0.0,0.9,0.1,-0.6000000000000001,3.5,0.0,105.0,43.6,0.0,21.700000000000003,31.1,31.1,31.700000000000003,300.0,300.0,30.700000000000003,34.800000000000004,30.6,30.0,31.8,4.96,1.99,4.96,0.16,0.0,0.0,1027.0,8228.0,0.0,0.0,0.0,0.0,0.0,1.0,0.0,0.0,0.0,0.037,0.0,-0.2,0.0,-0.6000000000000001,0.0,0.1608,16.0,25903.0
2026-07-30T18:59:13.732Z,123.215,123.228,0.0,7.4,0.0,0.0,0.0,0.0,0.0,0.0,0.0,0.0,1.0,0.0,0.0,0.0,9.0,4.0,0.0,0.0,0.0,0.0,0.0,0.0,0.0,0.0,4.0,12.0,1.0,12.17,5.01,2.5,1.5,5.0,0.0,0.5,6.6000000000000005,0.0,-0.7000000000000001,-0.4,-0.6000000000000001,-2.3000000000000003,0.0,104.0,110.9,0.0,21.700000000000003,31.1,31.1,31.700000000000003,300.0,300.0,30.700000000000003,34.800000000000004,30.6,30.0,31.8,4.95,1.99,4.97,0.16,0.0,0.0,1027.0,8228.0,0.0,0.0,0.0,0.0,0.0,1.0,0.0,0.0,0.0,0.038,0.0,-0.9,0.0,-0.5,0.0,0.1507,16.0,25903.0
2026-07-30T18:59:13.744Z,123.227,123.24,0.0,7.4,0.0,0.0,0.0,0.0,0.0,0.0,0.0,0.0,1.0,0.0,0.0,0.0,9.0,4.0,0.0,0.0,0.0,0.0,0.0,0.0,0.0,0.0,5.0,12.0,1.0,12.17,5.01,2.5,1.5,-0.2,5.0,0.4,6.5,0.0,0.3,0.1,-1.2000000000000002,-12.4,0.0,103.0,168.0,0.0,21.700000000000003,31.1,31.1,31.700000000000003,300.0,300.0,30.700000000000003,34.800000000000004,30.6,30.0,31.8,4.95,1.99,4.96,0.16,0.0,0.0,1027.0,8228.0,0.0,0.0,0.0,0.0,0.0,1.0,0.0,0.0,0.0,0.034,0.0,-0.7000000000000001,0.0,1.1,0.0,0.1524,16.0,25903.0
2026-07-30T18:59:13.756Z,123.239,123.252,0.0,7.4,0.0,0.0,0.0,0.0,0.0,0.0,0.0,0.0,1.0,0.0,0.0,0.0,9.0,4.0,0.0,0.0,0.0,0.0,0.0,0.0,0.0,0.0,6.0,12.0,1.0,12.17,5.01,2.5,1.5,-5.0,4.7,0.4,6.4,0.0,0.3,0.1,-0.6000000000000001,-5.6000000000000005,0.0,101.0,223.4,0.0,21.700000000000003,31.1,31.1,31.700000000000003,300.0,300.0,30.700000000000003,34.800000000000004,30.6,30.0,31.8,4.96,1.99,4.96,0.16,0.0,0.0,1027.0,8228.0,0.0,0.0,0.0,0.0,0.0,1.0,0.0,0.0,0.0,0.031,0.0,0.3,0.0,0.6000000000000001,0.0,0.137,16.0,25903.0
2026-07-30T18:59:13.768Z,123.251,123.264,0.0,7.4,0.0,0.0,0.0,0.0,0.0,0.0,0.0,0.0,1.0,0.0,0.0,0.0,9.0,4.0,0.0,0.0,0.0,0.0,0.0,0.0,0.0,0.0,2.0,12.0,1.0,12.17,5.01,2.5,1.5,-4.4,-0.2,0.4,6.4,0.0,-0.1,1.3,0.5,2.3000000000000003,0.0,100.0,287.2,0.0,21.700000000000003,31.1,31.1,31.700000000000003,300.0,300.0,30.700000000000003,34.800000000000004,30.6,30.0,31.8,4.95,1.99,4.96,0.16,0.0,0.0,1027.0,8228.0,0.0,0.0,0.0,0.0,0.0,1.0,0.0,0.0,0.0,0.035,0.0,-1.0,0.0,-1.6,0.0,0.1269,16.0,25903.0
2026-07-30T18:59:13.780Z,123.263,123.276,0.0,7.4,0.0,0.0,0.0,0.0,0.0,0.0,0.0,0.0,1.0,0.0,0.0,0.0,9.0,4.0,0.0,0.0,0.0,0.0,0.0,0.0,0.0,0.0,2.0,12.0,1.0,12.17,5.01,2.5,1.5,0.1,-4.800000000000001,0.4,6.300000000000001,0.0,-0.1,-0.4,0.0,5.1000000000000005,0.0,99.0,348.6,0.0,21.700000000000003,31.1,31.1,31.700000000000003,300.0,300.0,30.700000000000003,34.800000000000004,30.6,30.0,31.8,4.95,1.99,4.97,0.16,0.0,0.0,1027.0,8228.0,0.0,0.0,0.0,0.0,0.0,1.0,0.0,0.0,0.0,0.034,0.0,0.5,0.0,0.0,0.0,0.1406,16.0,25903.0
2026-07-30T18:59:13.792Z,123.275,123.288,0.0,7.4,0.0,0.0,0.0,0.0,0.0,0.0,0.0,0.0,1.0,0.0,0.0,0.0,9.0,4.0,0.0,0.0,0.0,0.0,0.0,0.0,0.0,0.0,4.0,12.0,1.0,12.17,5.01,2.5,1.5,5.300000000000001,-4.9,0.4,6.300000000000001,0.0,0.4,1.3,0.4,3.3000000000000003,0.0,98.0,50.400000000000006,0.0,21.700000000000003,31.1,31.1,31.700000000000003,300.0,300.0,30.700000000000003,34.800000000000004,30.6,30.0,31.8,4.95,1.99,4.96,0.16,0.0,0.0,1027.0,8228.0,0.0,0.0,0.0,0.0,0.0,1.0,0.0,0.0,0.0,0.034,0.0,-0.7000000000000001,0.0,1.6,0.0,0.1394,16.0,25903.0
2026-07-30T18:59:13.804Z,123.287,123.3,0.0,7.4,0.0,0.0,0.0,0.0,0.0,0.0,0.0,0.0,1.0,0.0,0.0,0.0,9.0,4.0,0.0,0.0,0.0,0.0,0.0,0.0,0.0,0.0,5.0,12.0,1.0,12.17,5.01,2.5,1.5,4.9,1.5,0.5,6.2,0.0,0.3,0.0,0.0,-3.2,0.0,97.0,121.5,0.0,21.700000000000003,31.1,31.1,31.700000000000003,300.0,300.0,30.700000000000003,34.800000000000004,30.6,30.0,31.8,4.96,1.99,4.96,0.15,0.0,0.0,1027.0,8228.0,0.0,0.0,0.0,0.0,0.0,1.0,0.0,0.0,0.0,0.038,0.0,0.0,0.0,0.0,0.0,0.1395,16.0,25903.0
2026-07-30T18:59:13.816Z,123.299,123.312,0.0,7.4,0.0,0.0,0.0,0.0,0.0,0.0,0.0,0.0,1.0,0.0,0.0,0.0,9.0,4.0,0.0,0.0,0.0,0.0,0.0,0.0,0.0,0.0,6.0,12.0,1.0,12.17,5.01,2.5,1.5,-4.0,7.6,0.5,7.1000000000000005,0.0,0.9,-0.4,0.0,-9.9,0.0,97.0,191.6,0.0,21.700000000000003,31.1,31.1,31.700000000000003,300.0,300.0,30.700000000000003,34.800000000000004,30.6,30.0,31.8,4.95,1.99,4.97,0.16,0.0,0.0,1027.0,8228.0,0.0,0.0,0.0,0.0,0.0,1.0,0.0,0.0,0.0,0.039,0.0,-0.5,0.0,0.1,0.0,0.1546,16.0,25903.0
2026-07-30T18:59:13.828Z,123.311,123.324,0.0,7.4,0.0,0.0,0.0,0.0,0.0,0.0,0.0,0.0,1.0,0.0,0.0,0.0,9.0,4.0,0.0,0.0,0.0,0.0,0.0,0.0,0.0,0.0,1.0,12.0,1.0,12.17,5.01,2.5,1.49,-7.2,0.3,0.6000000000000001,7.6,0.0,0.4,-0.4,0.5,-0.2,0.0,99.0,283.3,0.0,21.4,31.1,31.1,31.700000000000003,300.0,300.0,30.700000000000003,34.7,30.6,30.0,31.8,4.96,1.99,4.96,0.16,0.0,0.0,1027.0,8228.0,0.0,0.0,0.0,0.0,0.0,1.0,0.0,0.0,0.0,0.047,0.0,-0.5,0.0,0.2,0.0,0.1584,16.0,25903.0
2026-07-30T18:59:13.840Z,123.323,123.336,0.0,7.4,0.0,0.0,0.0,0.0,0.0,0.0,0.0,0.0,1.0,0.0,0.0,0.0,9.0,4.0,0.0,0.0,0.0,0.0,0.0,0.0,0.0,0.0,3.0,12.0,1.0,12.17,5.01,2.5,1.49,4.5,-8.700000000000001,0.7000000000000001,8.3,0.0,0.4,1.3,0.5,1.6,0.0,101.0,18.8,0.0,21.4,31.1,31.1,31.700000000000003,300.0,300.0,30.700000000000003,34.7,30.6,30.0,31.8,4.96,2.0,4.96,0.16,0.0,0.0,1027.0,8228.0,0.0,0.0,0.0,0.0,0.0,1.0,0.0,0.0,0.0,0.053,0.0,-1.5,0.0,1.1,0.0,0.1915,16.0,25903.0
2026-07-30T18:59:13.852Z,123.335,123.348,0.0,7.4,0.0,0.0,0.0,0.0,0.0,0.0,0.0,0.0,1.0,0.0,0.0,0.0,9.0,4.0,0.0,0.0,0.0,0.0,0.0,0.0,0.0,0.0,4.0,12.0,1.0,12.17,5.01,2.5,1.49,7.0,1.4,0.7000000000000001,8.5,0.0,-0.1,1.2000000000000002,0.5,-3.3000000000000003,0.0,104.0,114.9,0.0,21.4,31.1,31.1,31.700000000000003,300.0,300.0,30.700000000000003,34.7,30.6,30.0,31.8,4.95,1.99,4.96,0.16,0.0,0.0,1027.0,8228.0,0.0,0.0,0.0,0.0,0.0,1.0,0.0,0.0,0.0,0.053,0.0,1.2000000000000002,0.0,1.4,0.0,0.2149,16.0,25903.0
2026-07-30T18:59:13.864Z,123.347,123.36,0.0,7.4,0.0,0.0,0.0,0.0,0.0,0.0,0.0,0.0,1.0,0.0,0.0,0.0,9.0,4.0,0.0,0.0,0.0,0.0,0.0,0.0,0.0,0.0,5.0,12.0,1.0,12.17,5.01,2.5,1.49,-6.7,8.700000000000001,0.8,8.6,0.0,-0.8,-0.4,0.5,-5.6000000000000005,0.0,106.0,211.9,0.0,21.4,31.1,31.1,31.700000000000003,300.0,300.0,30.700000000000003,34.7,30.6,30.0,31.8,4.96,1.99,4.97,0.16,0.0,0.0,1027.0,8228.0,0.0,0.0,0.0,0.0,0.0,1.0,0.0,0.0,0.0,0.055,0.0,-0.4,0.0,-0.2,0.0,0.2152,16.0,25903.0
2026-07-30T18:59:13.876Z,123.359,123.372,0.0,7.4,0.0,0.0,0.0,0.0,0.0,0.0,0.0,0.0,1.0,0.0,0.0,0.0,9.0,4.0,0.0,0.0,0.0,0.0,0.0,0.0,0.0,0.0,6.0,12.0,1.0,12.17,5.01,2.5,1.49,-5.0,-3.8,0.8,8.5,0.0,0.9,1.2000000000000002,-0.6000000000000001,1.8,0.0,108.0,312.5,0.0,21.4,31.1,31.1,31.700000000000003,300.0,300.0,30.700000000000003,34.7,30.6,30.0,31.8,4.96,2.0,4.96,0.16,0.0,0.0,1027.0,8228.0,0.0,0.0,0.0,0.0,0.0,1.0,0.0,0.0,0.0,0.056,0.0,-0.2,0.0,-1.2000000000000002,0.0,0.2212,16.0,25903.0
2026-07-30T18:59:13.898Z,123.381,123.384,0.0,7.4,0.0,0.0,0.0,0.0,0.0,0.0,0.0,0.0,1.0,0.0,0.0,0.0,9.0,4.0,0.0,0.0,0.0,0.0,0.0,0.0,0.0,0.0,1.0,12.0,1.0,12.17,5.01,2.5,1.49,7.800000000000001,-7.5,0.8,8.5,0.0,0.3,1.2000000000000002,0.0,1.5,0.0,110.0,49.6,0.0,21.4,31.1,31.1,31.700000000000003,300.0,300.0,30.700000000000003,34.7,30.6,30.0,31.8,4.96,2.0,4.97,0.16,0.0,0.0,1027.0,8228.0,0.0,0.0,0.0,0.0,0.0,1.0,0.0,0.0,0.0,0.055,0.0,-0.9,0.0,1.1,0.0,0.2245,16.0,25903.0
2026-07-30T18:59:13.901Z,123.384,123.396,0.0,7.4,0.0,0.0,0.0,0.0,0.0,0.0,0.0,0.0,1.0,0.0,0.0,0.0,9.0,4.0,0.0,0.0,0.0,0.0,0.0,0.0,0.0,0.0,6.0,12.0,1.0,12.17,5.01,2.5,1.49,3.2,5.4,0.8,8.4,0.0,0.3,0.7000000000000001,0.5,-5.7,0.0,112.0,144.9,0.0,21.4,31.1,31.1,31.700000000000003,300.0,300.0,30.700000000000003,34.7,30.6,30.0,31.8,4.95,1.99,4.97,0.16,0.0,0.0,1027.0,8228.0,0.0,0.0,0.0,0.0,0.0,1.0,0.0,0.0,0.0,0.054,0.0,1.3,0.0,0.2,0.0,0.2225,16.0,25903.0
2026-07-30T18:59:13.912Z,123.395,123.408,0.0,7.4,0.0,0.0,0.0,0.0,0.0,0.0,0.0,0.0,1.0,0.0,0.0,0.0,9.0,4.0,0.0,0.0,0.0,0.0,0.0,0.0,0.0,0.0,4.0,12.0,1.0,12.17,5.01,2.5,1.49,-8.1,6.5,0.7000000000000001,8.4,0.0,0.8,1.9,1.7000000000000002,-2.9000000000000004,0.0,113.0,236.6,0.0,21.4,31.1,31.1,31.700000000000003,300.0,300.0,30.700000000000003,34.7,30.6,30.0,31.8,4.96,1.99,4.96,0.16,0.0,0.0,1027.0,8228.0,0.0,0.0,0.0,0.0,0.0,1.0,0.0,0.0,0.0,0.052,0.0,0.3,0.0,-3.6,0.0,0.2175,16.0,25903.0
2026-07-30T18:59:13.925Z,123.408,123.42,0.0,7.4,0.0,0.0,0.0,0.0,0.0,0.0,0.0,0.0,1.0,0.0,0.0,0.0,9.0,4.0,0.0,0.0,0.0,0.0,0.0,0.0,0.0,0.0,5.0,12.0,1.0,12.15,5.01,2.51,1.49,-2.0,-6.0,0.8,8.3,0.0,0.2,0.1,-0.5,2.5,0.0,115.0,335.0,0.0,21.9,31.1,31.1,31.700000000000003,300.0,300.0,30.8,34.800000000000004,30.6,30.0,31.8,4.95,2.0,4.96,0.16,0.0,0.0,1027.0,8228.0,0.0,0.0,0.0,0.0,0.0,1.0,0.0,0.0,0.0,0.054,0.0,0.4,0.0,-0.4,0.0,0.2102,16.0,25903.0
2026-07-30T18:59:13.936Z,123.419,123.432,0.0,7.4,0.0,0.0,0.0,0.0,0.0,0.0,0.0,0.0,1.0,0.0,0.0,0.0,9.0,4.0,0.0,0.0,0.0,0.0,0.0,0.0,0.0,0.0,6.0,12.0,1.0,12.15,5.01,2.51,1.49,8.0,-5.6000000000000005,0.8,8.200000000000001,0.0,-0.2,0.0,0.0,0.8,0.0,116.0,64.9,0.0,21.9,31.1,31.1,31.700000000000003,300.0,300.0,30.8,34.800000000000004,30.6,30.0,31.8,4.95,1.99,4.97,0.16,0.0,0.0,1027.0,8228.0,0.0,0.0,0.0,0.0,0.0,1.0,0.0,0.0,0.0,0.052,0.0,0.0,0.0,0.0,0.0,0.2196,16.0,25903.0
2026-07-30T18:59:13.948Z,123.431,123.444,0.0,7.4,0.0,0.0,0.0,0.0,0.0,0.0,0.0,0.0,1.0,0.0,0.0,0.0,9.0,4.0,0.0,0.0,0.0,0.0,0.0,0.0,0.0,0.0,1.0,12.0,1.0,12.15,5.01,2.51,1.49,1.6,6.2,0.8,8.200000000000001,0.0,-0.8,0.0,1.1,-7.300000000000001,0.0,117.0,157.4,0.0,21.9,31.1,31.1,31.700000000000003,300.0,300.0,30.8,34.800000000000004,30.6,30.0,31.8,4.95,2.0,4.97,0.16,0.0,0.0,1027.0,8228.0,0.0,0.0,0.0,0.0,0.0,1.0,0.0,0.0,0.0,0.052,0.0,1.1,0.0,-0.7000000000000001,0.0,0.2092,16.0,25903.0
2026-07-30T18:59:13.960Z,123.443,123.456,0.0,7.4,0.0,0.0,0.0,0.0,0.0,0.0,0.0,0.0,1.0,0.0,0.0,0.0,9.0,4.0,0.0,0.0,0.0,0.0,0.0,0.0,0.0,0.0,2.0,12.0,1.0,12.15,5.01,2.51,1.49,-7.9,5.6000000000000005,0.7000000000000001,8.1,0.0,-0.2,-0.5,0.0,-1.8,0.0,117.0,244.8,0.0,21.9,31.1,31.1,31.700000000000003,300.0,300.0,30.8,34.800000000000004,30.6,30.0,31.8,4.96,2.0,4.96,0.16,0.0,0.0,1027.0,8228.0,0.0,0.0,0.0,0.0,0.0,1.0,0.0,0.0,0.0,0.05,0.0,-0.2,0.0,0.5,0.0,0.2091,16.0,25903.0
2026-07-30T18:59:13.972Z,123.455,123.468,0.0,7.4,0.0,0.0,0.0,0.0,0.0,0.0,0.0,0.0,1.0,0.0,0.0,0.0,9.0,4.0,0.0,0.0,0.0,0.0,0.0,0.0,0.0,0.0,3.0,12.0,1.0,12.15,5.01,2.51,1.49,-2.0,-5.6000000000000005,0.7000000000000001,8.0,0.0,-0.2,-0.5,0.5,3.4000000000000004,0.0,117.0,332.8,0.0,21.9,31.1,31.1,31.700000000000003,300.0,300.0,30.8,34.800000000000004,30.6,30.0,31.8,4.95,1.99,4.97,0.16,0.0,0.0,1027.0,8228.0,0.0,0.0,0.0,0.0,0.0,1.0,0.0,0.0,0.0,0.049,0.0,0.0,0.0,0.6000000000000001,0.0,0.2014,16.0,25903.0
2026-07-30T18:59:13.984Z,123.467,123.48,0.0,7.4,0.0,0.0,0.0,0.0,0.0,0.0,0.0,0.0,1.0,0.0,0.0,0.0,9.0,4.0,0.0,0.0,0.0,0.0,0.0,0.0,0.0,0.0,4.0,12.0,1.0,12.15,5.01,2.51,1.49,7.5,-5.800000000000001,0.7000000000000001,7.9,0.0,0.3,0.0,0.0,1.9,0.0,118.0,60.3,0.0,21.9,31.1,31.1,31.700000000000003,300.0,300.0,30.8,34.800000000000004,30.6,30.0,31.8,4.95,1.99,4.97,0.16,0.0,0.0,1027.0,8228.0,0.0,0.0,0.0,0.0,0.0,1.0,0.0,0.0,0.0,0.049,0.0,0.0,0.0,0.0,0.0,0.1988,16.0,25903.0
2026-07-30T18:59:13.996Z,123.479,123.492,0.0,7.4,0.0,0.0,0.0,0.0,0.0,0.0,0.0,0.0,1.0,0.0,0.0,0.0,9.0,4.0,0.0,0.0,0.0,0.0,0.0,0.0,0.0,0.0,5.0,12.0,1.0,12.15,5.01,2.51,1.49,2.9000000000000004,4.800000000000001,0.7000000000000001,7.800000000000001,0.0,0.3,0.0,-0.6000000000000001,-5.800000000000001,0.0,118.0,146.1,0.0,21.9,31.1,31.1,31.700000000000003,300.0,300.0,30.8,34.800000000000004,30.6,30.0,31.8,4.96,2.0,4.97,0.16,0.0,0.0,1027.0,8228.0,0.0,0.0,0.0,0.0,0.0,1.0,0.0,0.0,0.0,0.049,0.0,-0.6000000000000001,0.0,0.3,0.0,0.1988,16.0,25903.0
2026-07-30T18:59:14.008Z,123.491,123.504,0.0,7.4,0.0,0.0,0.0,0.0,0.0,0.0,0.0,0.0,1.0,0.0,0.0,0.0,9.0,4.0,0.0,0.0,0.0,0.0,0.0,0.0,0.0,0.0,6.0,12.0,1.0,12.15,5.01,2.51,1.49,-6.9,6.5,0.7000000000000001,7.800000000000001,0.0,0.3,0.0,1.1,-3.5,0.0,118.0,228.4,0.0,21.9,31.1,31.1,31.700000000000003,300.0,300.0,30.8,34.800000000000004,30.6,30.0,31.8,4.95,2.0,4.96,0.16,0.0,0.0,1027.0,8228.0,0.0,0.0,0.0,0.0,0.0,1.0,0.0,0.0,0.0,0.047,0.0,-0.3,0.0,-1.2000000000000002,0.0,0.1964,16.0,25903.0
2026-07-30T18:59:14.020Z,123.503,123.516,0.0,7.4,0.0,0.0,0.0,0.0,0.0,0.0,0.0,0.0,1.0,0.0,0.0,0.0,9.0,4.0,0.0,0.0,0.0,0.0,0.0,0.0,0.0,0.0,1.0,12.0,1.0,12.15,5.01,2.51,1.49,-4.1000000000000005,-3.3000000000000003,0.7000000000000001,7.7,0.0,0.3,-0.5,0.0,3.0,0.0,118.0,314.90000000000003,0.0,21.9,31.1,31.1,31.700000000000003,300.0,300.0,30.8,34.800000000000004,30.6,30.0,31.8,4.95,1.99,4.97,0.16,0.0,0.0,1027.0,8228.0,0.0,0.0,0.0,0.0,0.0,1.0,0.0,0.0,0.0,0.048,0.0,0.5,0.0,0.3,0.0,0.1887,16.0,25903.0
2026-07-30T18:59:14.032Z,123.515,123.528,0.0,7.4,0.0,0.0,0.0,0.0,0.0,0.0,0.0,0.0,1.0,0.0,0.0,0.0,9.0,4.0,0.0,0.0,0.0,0.0,0.0,0.0,0.0,0.0,3.0,12.0,1.0,12.14,5.0200000000000005,2.51,1.49,5.6000000000000005,-7.0,0.7000000000000001,7.6,0.0,0.3,0.6000000000000001,1.7000000000000002,3.0,0.0,118.0,37.3,0.0,21.700000000000003,31.1,31.1,31.700000000000003,300.0,300.0,30.700000000000003,34.800000000000004,30.6,30.0,31.8,4.95,1.99,4.96,0.16,0.0,0.0,1027.0,8228.0,0.0,0.0,0.0,0.0,0.0,1.0,0.0,0.0,0.0,0.047,0.0,-0.3,0.0,2.4000000000000004,0.0,0.1942,16.0,25903.0
2026-07-30T18:59:14.045Z,123.528,123.54,0.0,7.4,0.0,0.0,0.0,0.0,0.0,0.0,0.0,0.0,1.0,0.0,0.0,0.0,9.0,4.0,0.0,0.0,0.0,0.0,0.0,0.0,0.0,0.0,4.0,12.0,1.0,12.14,5.0200000000000005,2.51,1.49,5.6000000000000005,1.2000000000000002,0.7000000000000001,7.5,0.0,0.3,0.6000000000000001,-1.1,-2.9000000000000004,0.0,117.0,119.3,0.0,21.700000000000003,31.1,31.1,31.700000000000003,300.0,300.0,30.700000000000003,34.800000000000004,30.6,30.0,31.8,4.95,1.99,4.96,0.16,0.0,0.0,1027.0,8228.0,0.0,0.0,0.0,0.0,0.0,1.0,0.0,0.0,0.0,0.046,0.0,-0.9,0.0,0.6000000000000001,0.0,0.1895,16.0,25903.0
2026-07-30T18:59:14.056Z,123.539,123.552,0.0,7.4,0.0,0.0,0.0,0.0,0.0,0.0,0.0,0.0,1.0,0.0,0.0,0.0,9.0,4.0,0.0,0.0,0.0,0.0,0.0,0.0,0.0,0.0,5.0,12.0,1.0,12.14,5.0200000000000005,2.51,1.49,-3.5,7.2,0.7000000000000001,7.5,0.0,-0.2,-0.5,-0.6000000000000001,-8.1,0.0,117.0,197.7,0.0,21.700000000000003,31.1,31.1,31.700000000000003,300.0,300.0,30.700000000000003,34.800000000000004,30.6,30.0,31.8,4.95,1.99,4.97,0.16,0.0,0.0,1027.0,8228.0,0.0,0.0,0.0,0.0,0.0,1.0,0.0,0.0,0.0,0.045,0.0,-0.7000000000000001,0.0,0.8,0.0,0.1868,16.0,25903.0
2026-07-30T18:59:14.068Z,123.551,123.564,0.0,7.4,0.0,0.0,0.0,0.0,0.0,0.0,0.0,0.0,1.0,0.0,0.0,0.0,9.0,4.0,0.0,0.0,0.0,0.0,0.0,0.0,0.0,0.0,6.0,12.0,1.0,12.14,5.0200000000000005,2.51,1.49,-6.800000000000001,1.4,0.6000000000000001,7.5,0.0,0.3,0.1,0.0,1.4,0.0,116.0,275.8,0.0,21.700000000000003,31.1,31.1,31.700000000000003,300.0,300.0,30.700000000000003,34.800000000000004,30.6,30.0,31.8,4.96,1.99,4.96,0.16,0.0,0.0,1027.0,8228.0,0.0,0.0,0.0,0.0,0.0,1.0,0.0,0.0,0.0,0.044,0.0,0.0,0.0,-0.1,0.0,0.1806,16.0,25903.0
2026-07-30T18:59:14.080Z,123.563,123.576,0.0,7.4,0.0,0.0,0.0,0.0,0.0,0.0,0.0,0.0,1.0,0.0,0.0,0.0,9.0,4.0,0.0,0.0,0.0,0.0,0.0,0.0,0.0,0.0,1.0,12.0,1.0,12.14,5.0200000000000005,2.51,1.49,0.6000000000000001,-6.2,0.6000000000000001,7.4,0.0,0.3,0.1,-1.7000000000000002,4.7,0.0,116.0,351.20000000000005,0.0,21.700000000000003,31.1,31.1,31.700000000000003,300.0,300.0,30.700000000000003,34.800000000000004,30.6,30.0,31.8,4.96,1.99,4.97,0.16,0.0,0.0,1027.0,8228.0,0.0,0.0,0.0,0.0,0.0,1.0,0.0,0.0,0.0,0.043,0.0,1.1,0.0,-1.6,0.0,0.1776,16.0,25903.0
2026-07-30T18:59:14.092Z,123.575,123.588,0.0,7.4,0.0,0.0,0.0,0.0,0.0,0.0,0.0,0.0,1.0,0.0,0.0,0.0,9.0,4.0,0.0,0.0,0.0,0.0,0.0,0.0,0.0,0.0,2.0,12.0,1.0,12.14,5.0200000000000005,2.51,1.49,6.7,-4.3,0.6000000000000001,7.300000000000001,0.0,-0.7000000000000001,1.2000000000000002,0.5,2.1,0.0,115.0,69.2,0.0,21.700000000000003,31.1,31.1,31.700000000000003,300.0,300.0,30.700000000000003,34.800000000000004,30.6,30.0,31.8,4.96,1.99,4.97,0.16,0.0,0.0,1027.0,8228.0,0.0,0.0,0.0,0.0,0.0,1.0,0.0,0.0,0.0,0.043,0.0,0.0,0.0,1.8,0.0,0.1736,16.0,25903.0
2026-07-30T18:59:14.104Z,123.587,123.6,0.0,7.4,0.0,0.0,0.0,0.0,0.0,0.0,0.0,0.0,1.0,0.0,0.0,0.0,9.0,4.0,0.0,0.0,0.0,0.0,0.0,0.0,0.0,0.0,3.0,12.0,1.0,12.14,5.0200000000000005,2.51,1.49,2.7,4.0,0.6000000000000001,7.2,0.0,0.3,-0.5,0.5,-5.800000000000001,0.0,114.0,143.4,0.0,21.700000000000003,31.1,31.1,31.700000000000003,300.0,300.0,30.700000000000003,34.800000000000004,30.6,30.0,31.8,4.95,1.99,4.97,0.16,0.0,0.0,1027.0,8228.0,0.0,0.0,0.0,0.0,0.0,1.0,0.0,0.0,0.0,0.042,0.0,0.0,0.0,-0.6000000000000001,0.0,0.176,16.0,25903.0
2026-07-30T18:59:14.116Z,123.599,123.612,0.0,7.4,0.0,0.0,0.0,0.0,0.0,0.0,0.0,0.0,1.0,0.0,0.0,0.0,9.0,4.0,0.0,0.0,0.0,0.0,0.0,0.0,0.0,0.0,5.0,12.0,1.0,12.14,5.0200000000000005,2.51,1.49,-5.0,6.300000000000001,0.6000000000000001,7.2,0.0,-0.1,-1.6,-1.2000000000000002,-5.800000000000001,0.0,113.0,213.2,0.0,21.700000000000003,31.1,31.1,31.700000000000003,300.0,300.0,30.700000000000003,34.800000000000004,30.6,30.0,31.8,4.96,2.0,4.96,0.16,0.0,0.0,1027.0,8228.0,0.0,0.0,0.0,0.0,0.0,1.0,0.0,0.0,0.0,0.04,0.0,-1.5,0.0,2.4000000000000004,0.0,0.1714,16.0,25903.0
2026-07-30T18:59:14.129Z,123.612,123.624,0.0,7.4,0.0,0.0,0.0,0.0,0.0,0.0,0.0,0.0,1.0,0.0,0.0,0.0,9.0,4.0,0.0,0.0,0.0,0.0,0.0,0.0,0.0,0.0,6.0,12.0,1.0,12.14,5.0200000000000005,2.51,1.49,-5.6000000000000005,0.0,0.6000000000000001,7.1000000000000005,0.0,0.3,0.0,0.0,2.5,0.0,112.0,288.7,0.0,21.700000000000003,31.1,31.1,31.700000000000003,300.0,300.0,30.8,34.800000000000004,30.6,30.0,31.8,4.96,1.99,4.97,0.16,0.0,0.0,1027.0,8228.0,0.0,0.0,0.0,0.0,0.0,1.0,0.0,0.0,0.0,0.041,0.0,0.5,0.0,-0.5,0.0,0.1613,16.0,25903.0
2026-07-30T18:59:14.140Z,123.623,123.636,0.0,7.4,0.0,0.0,0.0,0.0,0.0,0.0,0.0,0.0,1.0,0.0,0.0,0.0,9.0,4.0,0.0,0.0,0.0,0.0,0.0,0.0,0.0,0.0,1.0,12.0,1.0,12.14,5.0200000000000005,2.51,1.49,1.2000000000000002,-6.0,0.6000000000000001,7.0,0.0,-0.2,0.6000000000000001,0.5,4.800000000000001,0.0,112.0,0.4,0.0,21.700000000000003,31.1,31.1,31.700000000000003,300.0,300.0,30.8,34.800000000000004,30.6,30.0,31.8,4.95,1.99,4.97,0.16,0.0,0.0,1027.0,8228.0,0.0,0.0,0.0,0.0,0.0,1.0,0.0,0.0,0.0,0.041,0.0,-1.0,0.0,-0.6000000000000001,0.0,0.1679,16.0,25903.0
2026-07-30T18:59:14.153Z,123.636,123.648,0.0,7.4,0.0,0.0,0.0,0.0,0.0,0.0,0.0,0.0,1.0,0.0,0.0,0.0,9.0,4.0,0.0,0.0,0.0,0.0,0.0,0.0,0.0,0.0,2.0,12.0,1.0,12.14,5.0200000000000005,2.51,1.49,6.2,-3.7,0.6000000000000001,7.0,0.0,1.5,0.6000000000000001,1.1,1.8,0.0,111.0,70.9,0.0,21.700000000000003,31.1,31.1,31.700000000000003,300.0,300.0,30.8,34.800000000000004,30.6,30.0,31.8,4.96,1.99,4.96,0.16,0.0,0.0,1027.0,8228.0,0.0,0.0,0.0,0.0,0.0,1.0,0.0,0.0,0.0,0.04,0.0,0.0,0.0,-1.7000000000000002,0.0,0.1654,16.0,25903.0
2026-07-30T18:59:14.164Z,123.647,123.66,0.0,7.4,0.0,0.0,0.0,0.0,0.0,0.0,0.0,0.0,1.0,0.0,0.0,0.0,9.0,4.0,0.0,0.0,0.0,0.0,0.0,0.0,0.0,0.0,3.0,12.0,1.0,12.14,5.0200000000000005,2.51,1.49,2.9000000000000004,3.2,0.5,6.9,0.0,-0.8,-1.1,-1.8,-6.0,0.0,110.0,140.70000000000002,0.0,21.700000000000003,31.1,31.1,31.700000000000003,300.0,300.0,30.8,34.800000000000004,30.6,30.0,31.8,4.95,1.99,4.96,0.16,0.0,0.0,1027.0,8228.0,0.0,0.0,0.0,0.0,0.0,1.0,0.0,0.0,0.0,0.039,0.0,0.1,0.0,-1.3,0.0,0.1607,16.0,25903.0
2026-07-30T18:59:14.176Z,123.659,123.672,0.0,7.4,0.0,0.0,0.0,0.0,0.0,0.0,0.0,0.0,1.0,0.0,0.0,0.0,9.0,4.0,0.0,0.0,0.0,0.0,0.0,0.0,0.0,0.0,4.0,12.0,1.0,12.14,5.0200000000000005,2.51,1.49,-3.9,6.1000000000000005,0.5,6.800000000000001,0.0,-0.2,0.0,-1.1,-7.6,0.0,108.0,204.8,0.0,21.700000000000003,31.1,31.1,31.700000000000003,300.0,300.0,30.8,34.800000000000004,30.6,30.0,31.8,4.95,1.99,4.97,0.16,0.0,0.0,1027.0,8228.0,0.0,0.0,0.0,0.0,0.0,1.0,0.0,0.0,0.0,0.037,0.0,0.0,0.0,1.3,0.0,0.1597,16.0,25903.0
2026-07-30T18:59:14.188Z,123.671,123.684,0.0,7.4,0.0,0.0,0.0,0.0,0.0,0.0,0.0,0.0,1.0,0.0,0.0,0.0,9.0,4.0,0.0,0.0,0.0,0.0,0.0,0.0,0.0,0.0,5.0,12.0,1.0,12.14,5.0200000000000005,2.51,1.49,-5.7,1.6,0.5,6.800000000000001,0.0,-0.2,1.1,0.4,1.8,0.0,107.0,270.40000000000003,0.0,21.700000000000003,31.1,31.1,31.700000000000003,300.0,300.0,30.8,34.800000000000004,30.6,30.0,31.8,4.95,1.99,4.96,0.16,0.0,0.0,1027.0,8228.0,0.0,0.0,0.0,0.0,0.0,1.0,0.0,0.0,0.0,0.036,0.0,-0.5,0.0,-1.6,0.0,0.1485,16.0,25903.0
2026-07-30T18:59:14.201Z,123.684,123.696,0.0,7.4,0.0,0.0,0.0,0.0,0.0,0.0,0.0,0.0,1.0,0.0,0.0,0.0,9.0,4.0,0.0,0.0,0.0,0.0,0.0,0.0,0.0,0.0,6.0,12.0,1.0,12.14,5.0200000000000005,2.51,1.49,-0.9,-4.5,0.5,6.7,0.0,-1.4,0.0,0.4,5.7,0.0,106.0,336.70000000000005,0.0,21.700000000000003,31.1,31.1,31.700000000000003,300.0,300.0,30.8,34.800000000000004,30.6,30.0,31.8,4.96,1.99,4.96,0.16,0.0,0.0,1027.0,8228.0,0.0,0.0,0.0,0.0,0.0,1.0,0.0,0.0,0.0,0.037,0.0,-0.4,0.0,0.3,0.0,0.147,16.0,25903.0
2026-07-30T18:59:14.217Z,123.7,123.708,0.0,7.4,0.0,0.0,0.0,0.0,0.0,0.0,0.0,0.0,1.0,0.0,0.0,0.0,9.0,4.0,0.0,0.0,0.0,0.0,0.0,0.0,0.0,0.0,6.0,12.0,1.0,12.14,5.0200000000000005,2.51,1.49,4.6000000000000005,-5.2,0.5,6.7,0.0,0.9,-0.5,1.0,4.6000000000000005,0.0,105.0,41.0,0.0,21.700000000000003,31.1,31.1,31.700000000000003,300.0,300.0,30.8,34.800000000000004,30.6,30.0,31.8,4.95,1.99,4.96,0.16,0.0,0.0,1027.0,8228.0,0.0,0.0,0.0,0.0,0.0,1.0,0.0,0.0,0.0,0.036,0.0,0.7000000000000001,0.0,0.7000000000000001,0.0,0.1502,16.0,25903.0
2026-07-30T18:59:14.224Z,123.707,123.72,0.0,7.4,0.0,0.0,0.0,0.0,0.0,0.0,0.0,0.0,1.0,0.0,0.0,0.0,9.0,4.0,0.0,0.0,0.0,0.0,0.0,0.0,0.0,0.0,4.0,12.0,1.0,12.14,5.0200000000000005,2.51,1.49,4.9,-0.4,0.5,6.6000000000000005,0.0,-0.8,-1.1,-0.1,-1.1,0.0,104.0,106.1,0.0,21.700000000000003,31.1,31.1,31.700000000000003,300.0,300.0,30.8,34.800000000000004,30.6,30.0,31.8,4.95,2.0,4.96,0.16,0.0,0.0,1027.0,8228.0,0.0,0.0,0.0,0.0,0.0,1.0,0.0,0.0,0.0,0.037,0.0,-0.5,0.0,-1.3,0.0,0.1468,16.0,25903.0
2026-07-30T18:59:14.236Z,123.719,123.732,0.0,7.4,0.0,0.0,0.0,0.0,0.0,0.0,0.0,0.0,1.0,0.0,0.0,0.0,9.0,4.0,0.0,0.0,0.0,0.0,0.0,0.0,0.0,0.0,5.0,12.0,1.0,12.17,5.01,2.51,1.49,0.5,4.4,0.4,6.5,0.0,0.2,0.0,-1.2000000000000002,-10.7,0.0,102.0,160.5,0.0,21.8,31.1,31.1,31.700000000000003,300.0,300.0,30.8,34.7,30.6,30.0,31.700000000000003,4.95,2.0,4.96,0.16,0.0,0.0,1027.0,8228.0,0.0,0.0,0.0,0.0,0.0,1.0,0.0,0.0,0.0,0.032,0.0,-1.1,0.0,0.9,0.0,0.1481,16.0,25903.0
2026-07-30T18:59:14.248Z,123.731,123.744,0.0,7.4,0.0,0.0,0.0,0.0,0.0,0.0,0.0,0.0,1.0,0.0,0.0,0.0,9.0,4.0,0.0,0.0,0.0,0.0,0.0,0.0,0.0,0.0,6.0,12.0,1.0,12.17,5.01,2.51,1.49,-4.6000000000000005,5.2,0.4,6.5,0.0,0.2,0.0,0.0,-7.0,0.0,100.0,215.0,0.0,21.8,31.1,31.1,31.700000000000003,300.0,300.0,30.8,34.7,30.6,30.0,31.700000000000003,4.95,1.99,4.96,0.16,0.0,0.0,1027.0,8228.0,0.0,0.0,0.0,0.0,0.0,1.0,0.0,0.0,0.0,0.03,0.0,0.0,0.0,0.1,0.0,0.132,16.0,25903.0
2026-07-30T18:59:14.260Z,123.743,123.756,0.0,7.4,0.0,0.0,0.0,0.0,0.0,0.0,0.0,0.0,1.0,0.0,0.0,0.0,9.0,4.0,0.0,0.0,0.0,0.0,0.0,0.0,0.0,0.0,1.0,12.0,1.0,12.17,5.01,2.51,1.49,-5.4,0.0,0.5,6.4,0.0,0.2,-0.5,1.0,1.4,0.0,99.0,284.8,0.0,21.8,31.1,31.1,31.700000000000003,300.0,300.0,30.8,34.7,30.6,30.0,31.700000000000003,4.95,1.99,4.97,0.16,0.0,0.0,1027.0,8228.0,0.0,0.0,0.0,0.0,0.0,1.0,0.0,0.0,0.0,0.036,0.0,-1.0,0.0,0.3,0.0,0.1233,16.0,25903.0
2026-07-30T18:59:14.272Z,123.755,123.768,0.0,7.4,0.0,0.0,0.0,0.0,0.0,0.0,0.0,0.0,1.0,0.0,0.0,0.0,9.0,4.0,0.0,0.0,0.0,0.0,0.0,0.0,0.0,0.0,2.0,12.0,1.0,12.17,5.01,2.51,1.49,1.4,-6.6000000000000005,0.5,6.4,0.0,0.2,-0.5,0.0,3.9,0.0,100.0,1.3,0.0,21.8,31.1,31.1,31.700000000000003,300.0,300.0,30.8,34.7,30.6,30.0,31.700000000000003,4.96,1.99,4.96,0.16,0.0,0.0,1027.0,8228.0,0.0,0.0,0.0,0.0,0.0,1.0,0.0,0.0,0.0,0.042,0.0,0.7000000000000001,0.0,-0.1,0.0,0.1472,16.0,25903.0
2026-07-30T18:59:14.284Z,123.767,123.78,0.0,7.4,0.0,0.0,0.0,0.0,0.0,0.0,0.0,0.0,1.0,0.0,0.0,0.0,9.0,4.0,0.0,0.0,0.0,0.0,0.0,0.0,0.0,0.0,3.0,12.0,1.0,12.17,5.01,2.51,1.49,7.7,-3.3000000000000003,0.6000000000000001,7.300000000000001,0.0,-0.2,0.6000000000000001,0.5,0.6000000000000001,0.0,100.0,81.9,0.0,21.8,31.1,31.1,31.700000000000003,300.0,300.0,30.8,34.7,30.6,30.0,31.700000000000003,4.96,1.99,4.97,0.16,0.0,0.0,1027.0,8228.0,0.0,0.0,0.0,0.0,0.0,1.0,0.0,0.0,0.0,0.044,0.0,0.3,0.0,1.0,0.0,0.1689,16.0,25903.0
2026-07-30T18:59:14.296Z,123.779,123.792,0.0,7.4,0.0,0.0,0.0,0.0,0.0,0.0,0.0,0.0,1.0,0.0,0.0,0.0,9.0,4.0,0.0,0.0,0.0,0.0,0.0,0.0,0.0,0.0,4.0,12.0,1.0,12.17,5.01,2.51,1.49,-0.5,7.6,0.6000000000000001,7.9,0.0,0.3,0.0,-0.1,-8.700000000000001,0.0,102.0,169.3,0.0,21.8,31.1,31.1,31.700000000000003,300.0,300.0,30.8,34.7,30.6,30.0,31.700000000000003,4.95,1.99,4.97,0.16,0.0,0.0,1027.0,8228.0,0.0,0.0,0.0,0.0,0.0,1.0,0.0,0.0,0.0,0.048,0.0,0.0,0.0,0.1,0.0,0.1781,16.0,25903.0
2026-07-30T18:59:14.307Z,123.79,123.804,0.0,7.4,0.0,0.0,0.0,0.0,0.0,0.0,0.0,0.0,1.0,0.0,0.0,0.0,9.0,4.0,0.0,0.0,0.0,0.0,0.0,0.0,0.0,0.0,5.0,12.0,1.0,12.17,5.01,2.51,1.49,-9.0,3.1,0.7000000000000001,8.6,0.0,0.9,-0.5,-0.6000000000000001,-1.0,0.0,103.0,261.2,0.0,21.8,31.1,31.1,31.700000000000003,300.0,300.0,30.8,34.7,30.6,30.0,31.700000000000003,4.96,1.99,4.97,0.16,0.0,0.0,1027.0,8228.0,0.0,0.0,0.0,0.0,0.0,1.0,0.0,0.0,0.0,0.05,0.0,0.4,0.0,1.1,0.0,0.1947,16.0,25903.0
2026-07-30T18:59:14.320Z,123.803,123.816,0.0,7.4,0.0,0.0,0.0,0.0,0.0,0.0,0.0,0.0,1.0,0.0,0.0,0.0,9.0,4.0,0.0,0.0,0.0,0.0,0.0,0.0,0.0,0.0,6.0,12.0,1.0,12.17,5.01,2.51,1.49,3.4000000000000004,-9.3,0.8,8.9,0.0,0.3,0.5,1.0,2.2,0.0,106.0,8.3,0.0,21.8,31.1,31.1,31.700000000000003,300.0,300.0,30.8,34.7,30.6,30.0,31.700000000000003,4.95,2.0,4.96,0.16,0.0,0.0,1027.0,8228.0,0.0,0.0,0.0,0.0,0.0,1.0,0.0,0.0,0.0,0.058,0.0,-1.1,0.0,1.2000000000000002,0.0,0.2009,16.0,25903.0
2026-07-30T18:59:14.333Z,123.816,123.828,0.0,7.4,0.0,0.0,0.0,0.0,0.0,0.0,0.0,0.0,1.0,0.0,0.0,0.0,9.0,4.0,0.0,0.0,0.0,0.0,0.0,0.0,0.0,0.0,1.0,12.0,1.0,12.17,5.0200000000000005,2.51,1.49,7.7,0.9,0.8,9.1,0.0,-0.2,0.5,-0.7000000000000001,-2.4000000000000004,0.0,109.0,114.3,0.0,21.3,31.1,31.1,31.700000000000003,300.0,300.0,30.700000000000003,34.800000000000004,30.6,30.0,31.8,4.95,1.99,4.97,0.16,0.0,0.0,1027.0,8228.0,0.0,0.0,0.0,0.0,0.0,1.0,0.0,0.0,0.0,0.06,0.0,-0.5,0.0,0.5,0.0,0.2331,16.0,25903.0
2026-07-30T18:59:14.344Z,123.827,123.84,0.0,7.4,0.0,0.0,0.0,0.0,0.0,0.0,0.0,0.0,1.0,0.0,0.0,0.0,9.0,4.0,0.0,0.0,0.0,0.0,0.0,0.0,0.0,0.0,2.0,12.0,1.0,12.17,5.0200000000000005,2.51,1.49,-7.1000000000000005,9.0,0.8,9.1,0.0,-0.8,0.0,-0.1,-6.0,0.0,111.0,208.5,0.0,21.3,31.1,31.1,31.700000000000003,300.0,300.0,30.700000000000003,34.800000000000004,30.6,30.0,31.8,4.95,1.99,4.97,0.16,0.0,0.0,1027.0,8228.0,0.0,0.0,0.0,0.0,0.0,1.0,0.0,0.0,0.0,0.055,0.0,0.0,0.0,0.1,0.0,0.2401,16.0,25903.0
2026-07-30T18:59:14.356Z,123.839,123.852,0.0,7.4,0.0,0.0,0.0,0.0,0.0,0.0,0.0,0.0,1.0,0.0,0.0,0.0,9.0,4.0,0.0,0.0,0.0,0.0,0.0,0.0,0.0,0.0,4.0,12.0,1.0,12.17,5.0200000000000005,2.51,1.49,-4.5,-4.5,0.9,9.0,0.0,-0.2,-1.1,-0.7000000000000001,1.3,0.0,114.0,319.3,0.0,21.3,31.1,31.1,31.700000000000003,300.0,300.0,30.700000000000003,34.800000000000004,30.6,30.0,31.8,4.96,1.99,4.96,0.16,0.0,0.0,1027.0,8228.0,0.0,0.0,0.0,0.0,0.0,1.0,0.0,0.0,0.0,0.06,0.0,1.7000000000000002,0.0,0.5,0.0,0.2223,16.0,25903.0
2026-07-30T18:59:14.369Z,123.852,123.864,0.0,7.4,0.0,0.0,0.0,0.0,0.0,0.0,0.0,0.0,1.0,0.0,0.0,0.0,9.0,4.0,0.0,0.0,0.0,0.0,0.0,0.0,0.0,0.0,5.0,12.0,1.0,12.17,5.0200000000000005,2.51,1.49,8.6,-7.0,0.8,8.9,0.0,0.3,1.8,0.4,0.5,0.0,116.0,56.400000000000006,0.0,21.3,31.1,31.1,31.700000000000003,300.0,300.0,30.700000000000003,34.800000000000004,30.6,30.0,31.8,4.95,1.99,4.97,0.16,0.0,0.0,1027.0,8228.0,0.0,0.0,0.0,0.0,0.0,1.0,0.0,0.0,0.0,0.057,0.0,-0.9,0.0,2.2,0.0,0.2411,16.0,25903.0
2026-07-30T18:59:14.380Z,123.863,123.876,0.0,7.4,0.0,0.0,0.0,0.0,0.0,0.0,0.0,0.0,1.0,0.0,0.0,0.0,9.0,4.0,0.0,0.0,0.0,0.0,0.0,0.0,0.0,0.0,4.0,12.0,1.0,12.17,5.0200000000000005,2.51,1.49,1.5,6.9,0.8,8.8,0.0,0.3,0.6000000000000001,0.5,-7.300000000000001,0.0,118.0,158.20000000000002,0.0,21.3,31.1,31.1,31.700000000000003,300.0,300.0,30.700000000000003,34.800000000000004,30.6,30.0,31.8,4.95,1.99,4.96,0.16,0.0,0.0,1027.0,8228.0,0.0,0.0,0.0,0.0,0.0,1.0,0.0,0.0,0.0,0.057,0.0,1.1,0.0,0.0,0.0,0.2288,16.0,25903.0
2026-07-30T18:59:14.392Z,123.875,123.888,0.0,7.4,0.0,0.0,0.0,0.0,0.0,0.0,0.0,0.0,1.0,0.0,0.0,0.0,9.0,4.0,0.0,0.0,0.0,0.0,0.0,0.0,0.0,0.0,5.0,12.0,1.0,12.17,5.0200000000000005,2.51,1.49,-8.9,4.7,0.8,8.8,0.0,-0.2,0.0,0.0,-1.5,0.0,119.0,251.4,0.0,21.3,31.1,31.1,31.700000000000003,300.0,300.0,30.700000000000003,34.800000000000004,30.6,30.0,31.8,4.95,2.0,4.96,0.16,0.0,0.0,1027.0,8228.0,0.0,0.0,0.0,0.0,0.0,1.0,0.0,0.0,0.0,0.054,0.0,0.0,0.0,0.0,0.0,0.2283,16.0,25903.0
2026-07-30T18:59:14.404Z,123.887,123.9,0.0,7.4,0.0,0.0,0.0,0.0,0.0,0.0,0.0,0.0,1.0,0.0,0.0,0.0,9.0,4.0,0.0,0.0,0.0,0.0,0.0,0.0,0.0,0.0,1.0,12.0,1.0,12.17,5.0200000000000005,2.51,1.49,0.7000000000000001,-7.9,0.9,8.6,0.0,-0.2,-0.4,1.1,2.6,0.0,120.0,353.6,0.0,21.3,31.1,31.1,31.700000000000003,300.0,300.0,30.700000000000003,34.800000000000004,30.6,30.0,31.8,4.95,2.0,4.97,0.16,0.0,0.0,1027.0,8228.0,0.0,0.0,0.0,0.0,0.0,1.0,0.0,0.0,0.0,0.056,0.0,-0.2,0.0,1.1,0.0,0.2165,16.0,25903.0
2026-07-30T18:59:14.416Z,123.899,123.912,0.0,7.4,0.0,0.0,0.0,0.0,0.0,0.0,0.0,0.0,1.0,0.0,0.0,0.0,9.0,4.0,0.0,0.0,0.0,0.0,0.0,0.0,0.0,0.0,2.0,12.0,1.0,12.17,5.0200000000000005,2.51,1.49,8.5,-2.9000000000000004,0.8,8.6,0.0,0.3,-0.4,-0.5,-0.5,0.0,121.0,87.60000000000001,0.0,21.3,31.1,31.1,31.700000000000003,300.0,300.0,30.700000000000003,34.800000000000004,30.6,30.0,31.8,4.95,1.99,4.97,0.16,0.0,0.0,1027.0,8228.0,0.0,0.0,0.0,0.0,0.0,1.0,0.0,0.0,0.0,0.054,0.0,-0.5,0.0,-0.9,0.0,0.2276,16.0,25903.0
2026-07-30T18:59:14.428Z,123.911,123.924,0.0,7.4,0.0,0.0,0.0,0.0,0.0,0.0,0.0,0.0,1.0,0.0,0.0,0.0,9.0,4.0,0.0,0.0,0.0,0.0,0.0,0.0,0.0,0.0,3.0,12.0,1.0,12.17,5.0200000000000005,2.51,1.49,-2.1,8.3,0.8,8.5,0.0,0.2,0.0,0.5,-10.3,0.0,122.0,180.10000000000002,0.0,21.3,31.1,31.1,31.700000000000003,300.0,300.0,30.700000000000003,34.800000000000004,30.6,30.0,31.8,4.95,2.0,4.96,0.16,0.0,0.0,1027.0,8228.0,0.0,0.0,0.0,0.0,0.0,1.0,0.0,0.0,0.0,0.053,0.0,0.4,0.0,-0.5,0.0,0.218,16.0,25903.0
2026-07-30T18:59:14.440Z,123.923,123.936,0.0,7.4,0.0,0.0,0.0,0.0,0.0,0.0,0.0,0.0,1.0,0.0,0.0,0.0,9.0,4.0,0.0,0.0,0.0,0.0,0.0,0.0,0.0,0.0,4.0,12.0,1.0,12.17,5.01,2.51,1.49,-8.1,1.8,0.8,8.4,0.0,0.2,-0.4,1.1,0.0,0.0,122.0,274.2,0.0,21.8,31.1,31.1,31.700000000000003,300.0,300.0,30.700000000000003,34.7,30.6,30.0,31.700000000000003,4.96,1.99,4.96,0.16,0.0,0.0,1027.0,8228.0,0.0,0.0,0.0,0.0,0.0,1.0,0.0,0.0,0.0,0.052,0.0,-1.1,0.0,0.0,0.0,0.2124,16.0,25903.0
2026-07-30T18:59:14.452Z,123.935,123.948,0.0,7.4,0.0,0.0,0.0,0.0,0.0,0.0,0.0,0.0,1.0,0.0,0.0,0.0,9.0,4.0,0.0,0.0,0.0,0.0,0.0,0.0,0.0,0.0,5.0,12.0,1.0,12.17,5.01,2.51,1.49,2.9000000000000004,-8.1,0.8,8.4,0.0,-0.3,0.1,-0.5,2.7,0.0,123.0,8.9,0.0,21.8,31.1,31.1,31.700000000000003,300.0,300.0,30.700000000000003,34.7,30.6,30.0,31.700000000000003,4.95,1.99,4.97,0.16,0.0,0.0,1027.0,8228.0,0.0,0.0,0.0,0.0,0.0,1.0,0.0,0.0,0.0,0.053,0.0,0.0,0.0,-0.6000000000000001,0.0,0.2115,16.0,25903.0
2026-07-30T18:59:14.464Z,123.947,123.96,0.0,7.4,0.0,0.0,0.0,0.0,0.0,0.0,0.0,0.0,1.0,0.0,0.0,0.0,9.0,4.0,0.0,0.0,0.0,0.0,0.0,0.0,0.0,0.0,6.0,12.0,1.0,12.17,5.01,2.51,1.49,7.7,-1.2000000000000002,0.8,8.200000000000001,0.0,0.2,0.1,0.5,-1.4,0.0,123.0,99.2,0.0,21.8,31.1,31.1,31.700000000000003,300.0,300.0,30.700000000000003,34.7,30.6,30.0,31.700000000000003,4.95,1.99,4.97,0.16,0.0,0.0,1027.0,8228.0,0.0,0.0,0.0,0.0,0.0,1.0,0.0,0.0,0.0,0.051,0.0,0.6000000000000001,0.0,0.4,0.0,0.2156,16.0,25903.0
2026-07-30T18:59:14.476Z,123.959,123.972,0.0,7.4,0.0,0.0,0.0,0.0,0.0,0.0,0.0,0.0,1.0,0.0,0.0,0.0,9.0,4.0,0.0,0.0,0.0,0.0,0.0,0.0,0.0,0.0,1.0,12.0,1.0,12.17,5.01,2.51,1.49,-2.8000000000000003,8.1,0.8,8.200000000000001,0.0,0.2,0.1,0.0,-9.2,0.0,123.0,188.8,0.0,21.8,31.1,31.1,31.700000000000003,300.0,300.0,30.700000000000003,34.7,30.6,30.0,31.700000000000003,4.95,2.0,4.96,0.16,0.0,0.0,1027.0,8228.0,0.0,0.0,0.0,0.0,0.0,1.0,0.0,0.0,0.0,0.051,0.0,0.1,0.0,0.0,0.0,0.207,16.0,25903.0
2026-07-30T18:59:14.488Z,123.971,123.984,0.0,7.4,0.0,0.0,0.0,0.0,0.0,0.0,0.0,0.0,1.0,0.0,0.0,0.0,9.0,4.0,0.0,0.0,0.0,0.0,0.0,0.0,0.0,0.0,2.0,12.0,1.0,12.17,5.01,2.51,1.49,-7.6,1.6,0.8,8.1,0.0,0.8,-1.0,-0.6000000000000001,0.7000000000000001,0.0,123.0,276.1,0.0,21.8,31.1,31.1,31.700000000000003,300.0,300.0,30.700000000000003,34.7,30.6,30.0,31.700000000000003,4.96,1.99,4.96,0.16,0.0,0.0,1027.0,8228.0,0.0,0.0,0.0,0.0,0.0,1.0,0.0,0.0,0.0,0.049,0.0,0.8,0.0,1.5,0.0,0.205,16.0,25903.0
2026-07-30T18:59:14.500Z,123.983,123.996,0.0,7.4,0.0,0.0,0.0,0.0,0.0,0.0,0.0,0.0,1.0,0.0,0.0,0.0,9.0,4.0,0.0,0.0,0.0,0.0,0.0,0.0,0.0,0.0,3.0,12.0,1.0,12.17,5.01,2.51,1.49,1.9,-7.5,0.8,8.0,0.0,0.2,0.7000000000000001,0.0,3.5,0.0,123.0,3.0,0.0,21.8,31.1,31.1,31.700000000000003,300.0,300.0,30.700000000000003,34.7,30.6,30.0,31.700000000000003,4.96,1.99,4.97,0.16,0.0,0.0,1027.0,8228.0,0.0,0.0,0.0,0.0,0.0,1.0,0.0,0.0,0.0,0.049,0.0,-0.8,0.0,0.0,0.0,0.1992,16.0,25903.0
2026-07-30T18:59:14.512Z,123.995,124.008,0.0,7.4,0.0,0.0,0.0,0.0,0.0,0.0,0.0,0.0,1.0,0.0,0.0,0.0,9.0,4.0,0.0,0.0,0.0,0.0,0.0,0.0,0.0,0.0,4.0,12.0,1.0,12.17,5.01,2.51,1.49,7.7,-2.4000000000000004,0.8,8.0,0.0,-0.3,0.7000000000000001,-0.6000000000000001,-0.1,0.0,123.0,89.60000000000001,0.0,21.8,31.1,31.1,31.700000000000003,300.0,300.0,30.700000000000003,34.7,30.6,30.0,31.700000000000003,4.96,1.99,4.96,0.16,0.0,0.0,1027.0,8228.0,0.0,0.0,0.0,0.0,0.0,1.0,0.0,0.0,0.0,0.049,0.0,-0.6000000000000001,0.0,0.5,0.0,0.1988,16.0,25903.0
2026-07-30T18:59:14.526Z,124.009,124.02,0.0,7.4,0.0,0.0,0.0,0.0,0.0,0.0,0.0,0.0,1.0,0.0,0.0,0.0,9.0,4.0,0.0,0.0,0.0,0.0,0.0,0.0,0.0,0.0,3.0,12.0,1.0,12.17,5.01,2.51,1.49,-0.7000000000000001,7.0,0.7000000000000001,7.9,0.0,0.8,-0.4,-0.1,-9.7,0.0,123.0,172.3,0.0,21.8,31.1,31.1,31.700000000000003,300.0,300.0,30.700000000000003,34.7,30.6,30.0,31.700000000000003,4.96,2.0,4.97,0.16,0.0,0.0,1027.0,8228.0,0.0,0.0,0.0,0.0,0.0,1.0,0.0,0.0,0.0,0.047,0.0,-0.5,0.0,0.0,0.0,0.1971,16.0,25903.0
2026-07-30T18:59:14.537Z,124.02,124.032,0.0,7.4,0.0,0.0,0.0,0.0,0.0,0.0,0.0,0.0,1.0,0.0,0.0,0.0,9.0,4.0,0.0,0.0,0.0,0.0,0.0,0.0,0.0,0.0,3.0,12.0,1.0,12.18,5.01,2.5,1.5,-7.5,3.8,0.7000000000000001,7.800000000000001,0.0,0.2,-0.3,-0.6000000000000001,-0.8,0.0,122.0,255.1,0.0,21.9,31.1,31.1,31.700000000000003,300.0,300.0,30.700000000000003,34.7,30.5,30.0,31.700000000000003,4.95,2.0,4.97,0.16,0.0,0.0,1027.0,8228.0,0.0,0.0,0.0,0.0,0.0,1.0,0.0,0.0,0.0,0.046,0.0,0.4,0.0,0.9,0.0,0.191,16.0,25903.0
2026-07-30T18:59:14.548Z,124.031,124.044,0.0,7.4,0.0,0.0,0.0,0.0,0.0,0.0,0.0,0.0,1.0,0.0,0.0,0.0,9.0,4.0,0.0,0.0,0.0,0.0,0.0,0.0,0.0,0.0,4.0,12.0,1.0,12.18,5.01,2.5,1.5,-1.1,-5.800000000000001,0.7000000000000001,7.7,0.0,0.2,-0.3,0.5,3.6,0.0,122.0,340.3,0.0,21.9,31.1,31.1,31.700000000000003,300.0,300.0,30.700000000000003,34.7,30.5,30.0,31.700000000000003,4.96,2.0,4.97,0.16,0.0,0.0,1027.0,8228.0,0.0,0.0,0.0,0.0,0.0,1.0,0.0,0.0,0.0,0.048,0.0,-0.1,0.0,0.5,0.0,0.1875,16.0,25903.0
2026-07-30T18:59:14.559Z,124.042,124.056,0.0,7.4,0.0,0.0,0.0,0.0,0.0,0.0,0.0,0.0,1.0,0.0,0.0,0.0,9.0,4.0,0.0,0.0,0.0,0.0,0.0,0.0,0.0,0.0,5.0,12.0,1.0,12.18,5.01,2.5,1.5,7.0,-5.4,0.7000000000000001,7.7,0.0,-0.2,0.8,0.0,1.8,0.0,121.0,61.1,0.0,21.9,31.1,31.1,31.700000000000003,300.0,300.0,30.700000000000003,34.7,30.5,30.0,31.700000000000003,4.96,1.99,4.96,0.16,0.0,0.0,1027.0,8228.0,0.0,0.0,0.0,0.0,0.0,1.0,0.0,0.0,0.0,0.046,0.0,-0.4,0.0,0.8,0.0,0.1921,16.0,25903.0
2026-07-30T18:59:14.572Z,124.055,124.068,0.0,7.4,0.0,0.0,0.0,0.0,0.0,0.0,0.0,0.0,1.0,0.0,0.0,0.0,9.0,4.0,0.0,0.0,0.0,0.0,0.0,0.0,0.0,0.0,1.0,12.0,1.0,12.18,5.01,2.5,1.5,3.4000000000000004,3.8,0.7000000000000001,7.6,0.0,0.3,0.2,0.6000000000000001,-5.7,0.0,120.0,141.8,0.0,21.9,31.1,31.1,31.700000000000003,300.0,300.0,30.700000000000003,34.7,30.5,30.0,31.700000000000003,4.96,1.99,4.97,0.16,0.0,0.0,1027.0,8228.0,0.0,0.0,0.0,0.0,0.0,1.0,0.0,0.0,0.0,0.045,0.0,0.8,0.0,0.0,0.0,0.186,16.0,25903.0
2026-07-30T18:59:14.584Z,124.067,124.08,0.0,7.4,0.0,0.0,0.0,0.0,0.0,0.0,0.0,0.0,1.0,0.0,0.0,0.0,9.0,4.0,0.0,0.0,0.0,0.0,0.0,0.0,0.0,0.0,2.0,12.0,1.0,12.18,5.01,2.5,1.5,-5.5,6.7,0.7000000000000001,7.5,0.0,-0.2,-0.3,0.6000000000000001,-4.9,0.0,120.0,218.5,0.0,21.9,31.1,31.1,31.700000000000003,300.0,300.0,30.700000000000003,34.7,30.5,30.0,31.700000000000003,4.95,1.99,4.97,0.16,0.0,0.0,1027.0,8228.0,0.0,0.0,0.0,0.0,0.0,1.0,0.0,0.0,0.0,0.044,0.0,-0.4,0.0,-0.4,0.0,0.1839,16.0,25903.0
2026-07-30T18:59:14.596Z,124.079,124.092,0.0,7.4,0.0,0.0,0.0,0.0,0.0,0.0,0.0,0.0,1.0,0.0,0.0,0.0,9.0,4.0,0.0,0.0,0.0,0.0,0.0,0.0,0.0,0.0,3.0,12.0,1.0,12.18,5.01,2.5,1.5,-5.5,-0.8,0.6000000000000001,7.5,0.0,0.3,-0.4,-0.5,2.8000000000000003,0.0,119.0,294.7,0.0,21.9,31.1,31.1,31.700000000000003,300.0,300.0,30.700000000000003,34.7,30.5,30.0,31.700000000000003,4.96,1.99,4.97,0.16,0.0,0.0,1027.0,8228.0,0.0,0.0,0.0,0.0,0.0,1.0,0.0,0.0,0.0,0.043,0.0,0.8,0.0,0.4,0.0,0.1767,16.0,25903.0
2026-07-30T18:59:14.607Z,124.09,124.104,0.0,7.4,0.0,0.0,0.0,0.0,0.0,0.0,0.0,0.0,1.0,0.0,0.0,0.0,9.0,4.0,0.0,0.0,0.0,0.0,0.0,0.0,0.0,0.0,4.0,12.0,1.0,12.18,5.01,2.5,1.5,2.8000000000000003,-6.800000000000001,0.6000000000000001,7.4,0.0,-0.2,0.1,0.6000000000000001,4.6000000000000005,0.0,118.0,10.6,0.0,21.9,31.1,31.1,31.700000000000003,300.0,300.0,30.700000000000003,34.7,30.5,30.0,31.700000000000003,4.95,1.99,4.97,0.16,0.0,0.0,1027.0,8228.0,0.0,0.0,0.0,0.0,0.0,1.0,0.0,0.0,0.0,0.043,0.0,-0.4,0.0,0.7000000000000001,0.0,0.1745,16.0,25903.0
2026-07-30T18:59:14.620Z,124.103,124.116,0.0,7.4,0.0,0.0,0.0,0.0,0.0,0.0,0.0,0.0,1.0,0.0,0.0,0.0,9.0,4.0,0.0,0.0,0.0,0.0,0.0,0.0,0.0,0.0,5.0,12.0,1.0,12.18,5.01,2.5,1.5,6.7,-2.3000000000000003,0.6000000000000001,7.300000000000001,0.0,-0.2,-0.4,0.0,0.6000000000000001,0.0,117.0,88.0,0.0,21.9,31.1,31.1,31.700000000000003,300.0,300.0,30.700000000000003,34.7,30.5,30.0,31.700000000000003,4.95,1.99,4.96,0.16,0.0,0.0,1027.0,8228.0,0.0,0.0,0.0,0.0,0.0,1.0,0.0,0.0,0.0,0.043,0.0,0.0,0.0,-0.5,0.0,0.172,16.0,25903.0
2026-07-30T18:59:14.632Z,124.115,124.128,0.0,7.4,0.0,0.0,0.0,0.0,0.0,0.0,0.0,0.0,1.0,0.0,0.0,0.0,9.0,4.0,0.0,0.0,0.0,0.0,0.0,0.0,0.0,0.0,1.0,12.0,1.0,12.18,5.01,2.5,1.5,0.8,5.300000000000001,0.6000000000000001,7.2,0.0,0.2,0.2,1.1,-8.5,0.0,116.0,159.60000000000002,0.0,21.9,31.1,31.1,31.700000000000003,300.0,300.0,30.700000000000003,34.7,30.5,30.0,31.700000000000003,4.95,2.0,4.96,0.16,0.0,0.0,1027.0,8228.0,0.0,0.0,0.0,0.0,0.0,1.0,0.0,0.0,0.0,0.041,0.0,1.2000000000000002,0.0,-0.7000000000000001,0.0,0.1747,16.0,25903.0
2026-07-30T18:59:14.644Z,124.127,124.14,0.0,7.4,0.0,0.0,0.0,0.0,0.0,0.0,0.0,0.0,1.0,0.0,0.0,0.0,9.0,4.0,0.0,0.0,0.0,0.0,0.0,0.0,0.0,0.0,2.0,12.0,1.0,12.17,5.01,2.51,1.49,-6.0,5.5,0.6000000000000001,7.2,0.0,0.3,-0.3,1.1,-3.4000000000000004,0.0,114.0,229.3,0.0,21.8,31.1,31.1,31.700000000000003,300.0,300.0,30.700000000000003,34.800000000000004,30.5,30.0,31.700000000000003,4.95,2.0,4.97,0.16,0.0,0.0,1027.0,8228.0,0.0,0.0,0.0,0.0,0.0,1.0,0.0,0.0,0.0,0.039,0.0,0.0,0.0,0.9,0.0,0.1666,16.0,25903.0
2026-07-30T18:59:14.656Z,124.139,124.152,0.0,7.4,0.0,0.0,0.0,0.0,0.0,0.0,0.0,0.0,1.0,0.0,0.0,0.0,9.0,4.0,0.0,0.0,0.0,0.0,0.0,0.0,0.0,0.0,3.0,12.0,1.0,12.17,5.01,2.51,1.49,-4.5,-1.6,0.6000000000000001,7.2,0.0,0.3,0.1,-0.6000000000000001,3.5,0.0,113.0,304.6,0.0,21.8,31.1,31.1,31.700000000000003,300.0,300.0,30.700000000000003,34.800000000000004,30.5,30.0,31.700000000000003,4.96,1.99,4.97,0.16,0.0,0.0,1027.0,8228.0,0.0,0.0,0.0,0.0,0.0,1.0,0.0,0.0,0.0,0.041,0.0,-1.3,0.0,0.0,0.0,0.1594,16.0,25903.0
2026-07-30T18:59:14.668Z,124.151,124.164,0.0,7.4,0.0,0.0,0.0,0.0,0.0,0.0,0.0,0.0,1.0,0.0,0.0,0.0,9.0,4.0,0.0,0.0,0.0,0.0,0.0,0.0,0.0,0.0,4.0,12.0,1.0,12.17,5.01,2.51,1.49,2.8000000000000003,-6.2,0.6000000000000001,7.2,0.0,0.8,0.7000000000000001,-0.1,4.7,0.0,112.0,14.2,0.0,21.8,31.1,31.1,31.700000000000003,300.0,300.0,30.700000000000003,34.800000000000004,30.5,30.0,31.700000000000003,4.96,1.99,4.96,0.16,0.0,0.0,1027.0,8228.0,0.0,0.0,0.0,0.0,0.0,1.0,0.0,0.0,0.0,0.04,0.0,-0.1,0.0,0.0,0.0,0.1676,16.0,25903.0
2026-07-30T18:59:14.680Z,124.163,124.176,0.0,7.4,0.0,0.0,0.0,0.0,0.0,0.0,0.0,0.0,1.0,0.0,0.0,0.0,9.0,4.0,0.0,0.0,0.0,0.0,0.0,0.0,0.0,0.0,5.0,12.0,1.0,12.17,5.01,2.51,1.49,6.2,-2.5,0.6000000000000001,7.0,0.0,-0.8,-0.4,-0.1,0.7000000000000001,0.0,111.0,84.80000000000001,0.0,21.8,31.1,31.1,31.700000000000003,300.0,300.0,30.700000000000003,34.800000000000004,30.5,30.0,31.700000000000003,4.96,1.99,4.96,0.16,0.0,0.0,1027.0,8228.0,0.0,0.0,0.0,0.0,0.0,1.0,0.0,0.0,0.0,0.039,0.0,-0.1,0.0,-0.5,0.0,0.1616,16.0,25903.0
2026-07-30T18:59:14.692Z,124.175,124.188,0.0,7.4,0.0,0.0,0.0,0.0,0.0,0.0,0.0,0.0,1.0,0.0,0.0,0.0,9.0,4.0,0.0,0.0,0.0,0.0,0.0,0.0,0.0,0.0,6.0,12.0,1.0,12.17,5.01,2.51,1.49,1.6,4.3,0.5,7.0,0.0,0.2,0.1,-0.1,-8.0,0.0,110.0,152.1,0.0,21.8,31.1,31.1,31.700000000000003,300.0,300.0,30.700000000000003,34.800000000000004,30.5,30.0,31.700000000000003,4.95,1.99,4.97,0.17,0.0,0.0,1027.0,8228.0,0.0,0.0,0.0,0.0,0.0,1.0,0.0,0.0,0.0,0.038,0.0,0.0,0.0,0.1,0.0,0.1588,16.0,25903.0
2026-07-30T18:59:14.704Z,124.187,124.2,0.0,7.4,0.0,0.0,0.0,0.0,0.0,0.0,0.0,0.0,1.0,0.0,0.0,0.0,9.0,4.0,0.0,0.0,0.0,0.0,0.0,0.0,0.0,0.0,2.0,12.0,1.0,12.17,5.01,2.51,1.49,-4.6000000000000005,5.7,0.5,6.9,0.0,-0.2,-0.4,-0.7000000000000001,-5.9,0.0,109.0,213.8,0.0,21.8,31.1,31.1,31.700000000000003,300.0,300.0,30.700000000000003,34.800000000000004,30.5,30.0,31.700000000000003,4.96,2.0,4.96,0.17,0.0,0.0,1027.0,8228.0,0.0,0.0,0.0,0.0,0.0,1.0,0.0,0.0,0.0,0.036,0.0,-0.3,0.0,1.1,0.0,0.1559,16.0,25903.0
2026-07-30T18:59:14.716Z,124.199,124.212,0.0,7.4,0.0,0.0,0.0,0.0,0.0,0.0,0.0,0.0,1.0,0.0,0.0,0.0,9.0,4.0,0.0,0.0,0.0,0.0,0.0,0.0,0.0,0.0,3.0,12.0,1.0,12.17,5.01,2.51,1.49,-5.4,0.6000000000000001,0.5,6.800000000000001,0.0,-0.2,0.0,-0.1,2.7,0.0,107.0,281.6,0.0,21.8,31.1,31.1,31.700000000000003,300.0,300.0,30.700000000000003,34.800000000000004,30.5,30.0,31.700000000000003,4.96,2.0,4.96,0.16,0.0,0.0,1027.0,8228.0,0.0,0.0,0.0,0.0,0.0,1.0,0.0,0.0,0.0,0.037,0.0,0.1,0.0,0.0,0.0,0.1443,16.0,25903.0
2026-07-30T18:59:14.727Z,124.21,124.224,0.0,7.4,0.0,0.0,0.0,0.0,0.0,0.0,0.0,0.0,1.0,0.0,0.0,0.0,9.0,4.0,0.0,0.0,0.0,0.0,0.0,0.0,0.0,0.0,4.0,12.0,1.0,12.17,5.01,2.51,1.49,-0.1,-4.9,0.5,6.800000000000001,0.0,-0.2,-0.5,-0.7000000000000001,5.800000000000001,0.0,106.0,344.90000000000003,0.0,21.8,31.1,31.1,31.700000000000003,300.0,300.0,30.700000000000003,34.800000000000004,30.5,30.0,31.700000000000003,4.95,1.99,4.96,0.16,0.0,0.0,1027.0,8228.0,0.0,0.0,0.0,0.0,0.0,1.0,0.0,0.0,0.0,0.036,0.0,1.1,0.0,-0.4,0.0,0.1497,16.0,25903.0
2026-07-30T18:59:14.741Z,124.224,124.236,0.0,7.4,0.0,0.0,0.0,0.0,0.0,0.0,0.0,0.0,1.0,0.0,0.0,0.0,9.0,4.0,0.0,0.0,0.0,0.0,0.0,0.0,0.0,0.0,5.0,12.0,1.0,12.15,5.0200000000000005,2.51,1.49,5.0,-4.800000000000001,0.5,6.7,0.0,1.4,-0.5,0.4,4.2,0.0,105.0,48.400000000000006,0.0,21.3,31.1,31.1,31.700000000000003,300.0,300.0,30.6,34.800000000000004,30.5,30.0,31.8,4.95,1.99,4.97,0.16,0.0,0.0,1027.0,8228.0,0.0,0.0,0.0,0.0,0.0,1.0,0.0,0.0,0.0,0.036,0.0,0.5,0.0,0.0,0.0,0.1467,16.0,25903.0
2026-07-30T18:59:14.751Z,124.234,124.248,0.0,7.4,0.0,0.0,0.0,0.0,0.0,0.0,0.0,0.0,1.0,0.0,0.0,0.0,9.0,4.0,0.0,0.0,0.0,0.0,0.0,0.0,0.0,0.0,1.0,12.0,1.0,12.15,5.0200000000000005,2.51,1.49,4.6000000000000005,0.3,0.5,6.6000000000000005,0.0,0.2,-0.5,0.4,-2.1,0.0,104.0,113.7,0.0,21.3,31.1,31.1,31.700000000000003,300.0,300.0,30.6,34.800000000000004,30.5,30.0,31.8,4.96,2.0,4.96,0.16,0.0,0.0,1027.0,8228.0,0.0,0.0,0.0,0.0,0.0,1.0,0.0,0.0,0.0,0.036,0.0,0.2,0.0,-0.5,0.0,0.145,16.0,25903.0
2026-07-30T18:59:14.764Z,124.247,124.26,0.0,7.4,0.0,0.0,0.0,0.0,0.0,0.0,0.0,0.0,1.0,0.0,0.0,0.0,9.0,4.0,0.0,0.0,0.0,0.0,0.0,0.0,0.0,0.0,2.0,12.0,1.0,12.15,5.0200000000000005,2.51,1.49,-0.4,5.0,0.4,6.6000000000000005,0.0,-0.2,0.0,-0.1,-12.2,0.0,102.0,168.20000000000002,0.0,21.3,31.1,31.1,31.700000000000003,300.0,300.0,30.6,34.800000000000004,30.5,30.0,31.8,4.96,1.99,4.97,0.16,0.0,0.0,1027.0,8228.0,0.0,0.0,0.0,0.0,0.0,1.0,0.0,0.0,0.0,0.032,0.0,0.0,0.0,0.1,0.0,0.1478,16.0,25903.0
2026-07-30T18:59:14.776Z,124.259,124.272,0.0,7.4,0.0,0.0,0.0,0.0,0.0,0.0,0.0,0.0,1.0,0.0,0.0,0.0,9.0,4.0,0.0,0.0,0.0,0.0,0.0,0.0,0.0,0.0,4.0,12.0,1.0,12.15,5.0200000000000005,2.51,1.49,-4.800000000000001,4.5,0.4,6.5,0.0,0.2,0.6000000000000001,1.0,-5.0,0.0,100.0,222.5,0.0,21.3,31.1,31.1,31.700000000000003,300.0,300.0,30.6,34.800000000000004,30.5,30.0,31.8,4.95,1.99,4.97,0.16,0.0,0.0,1027.0,8228.0,0.0,0.0,0.0,0.0,0.0,1.0,0.0,0.0,0.0,0.03,0.0,0.2,0.0,-1.6,0.0,0.1313,16.0,25903.0
2026-07-30T18:59:14.788Z,124.271,124.284,0.0,7.4,0.0,0.0,0.0,0.0,0.0,0.0,0.0,0.0,1.0,0.0,0.0,0.0,9.0,4.0,0.0,0.0,0.0,0.0,0.0,0.0,0.0,0.0,4.0,12.0,1.0,12.15,5.0200000000000005,2.51,1.49,-4.5,0.0,0.4,6.5,0.0,0.2,-0.5,-0.1,2.9000000000000004,0.0,99.0,286.0,0.0,21.3,31.1,31.1,31.700000000000003,300.0,300.0,30.6,34.800000000000004,30.5,30.0,31.8,4.96,1.99,4.96,0.15,0.0,0.0,1027.0,8228.0,0.0,0.0,0.0,0.0,0.0,1.0,0.0,0.0,0.0,0.034,0.0,0.3,0.0,0.6000000000000001,0.0,0.1237,16.0,25903.0
2026-07-30T18:59:14.800Z,124.283,124.296,0.0,7.4,0.0,0.0,0.0,0.0,0.0,0.0,0.0,0.0,1.0,0.0,0.0,0.0,9.0,4.0,0.0,0.0,0.0,0.0,0.0,0.0,0.0,0.0,5.0,12.0,1.0,12.15,5.0200000000000005,2.51,1.49,-0.1,-4.3,0.5,6.300000000000001,0.0,0.8,-1.7000000000000002,-1.3,5.7,0.0,98.0,347.8,0.0,21.3,31.1,31.1,31.700000000000003,300.0,300.0,30.6,34.800000000000004,30.5,30.0,31.8,4.95,2.0,4.96,0.15,0.0,0.0,1027.0,8228.0,0.0,0.0,0.0,0.0,0.0,1.0,0.0,0.0,0.0,0.035,0.0,2.9000000000000004,0.0,-0.7000000000000001,0.0,0.1381,16.0,25903.0
2026-07-30T18:59:14.812Z,124.295,124.308,0.0,7.4,0.0,0.0,0.0,0.0,0.0,0.0,0.0,0.0,1.0,0.0,0.0,0.0,9.0,4.0,0.0,0.0,0.0,0.0,0.0,0.0,0.0,0.0,1.0,12.0,1.0,12.15,5.0200000000000005,2.51,1.49,4.1000000000000005,-4.5,0.4,6.4,0.0,-0.2,0.6000000000000001,-0.1,4.2,0.0,97.0,43.0,0.0,21.3,31.1,31.1,31.700000000000003,300.0,300.0,30.6,34.800000000000004,30.5,30.0,31.8,4.95,1.99,4.97,0.16,0.0,0.0,1027.0,8228.0,0.0,0.0,0.0,0.0,0.0,1.0,0.0,0.0,0.0,0.032,0.0,-0.5,0.0,0.2,0.0,0.1413,16.0,25903.0
2026-07-30T18:59:14.824Z,124.307,124.32,0.0,7.4,0.0,0.0,0.0,0.0,0.0,0.0,0.0,0.0,1.0,0.0,0.0,0.0,9.0,4.0,0.0,0.0,0.0,0.0,0.0,0.0,0.0,0.0,2.0,12.0,1.0,12.15,5.0200000000000005,2.51,1.49,4.5,-0.7000000000000001,0.4,6.300000000000001,0.0,0.2,0.0,-0.7000000000000001,-1.4,0.0,95.0,101.4,0.0,21.3,31.1,31.1,31.700000000000003,300.0,300.0,30.6,34.800000000000004,30.5,30.0,31.8,4.96,2.0,4.97,0.16,0.0,0.0,1027.0,8228.0,0.0,0.0,0.0,0.0,0.0,1.0,0.0,0.0,0.0,0.032,0.0,-0.7000000000000001,0.0,-0.1,0.0,0.1301,16.0,25903.0
2026-07-30T18:59:14.843Z,124.326,124.332,0.0,7.4,0.0,0.0,0.0,0.0,0.0,0.0,0.0,0.0,1.0,0.0,0.0,0.0,9.0,4.0,0.0,0.0,0.0,0.0,0.0,0.0,0.0,0.0,3.0,12.0,1.0,12.15,5.0200000000000005,2.51,1.49,1.3,3.4000000000000004,0.4,6.2,0.0,-0.2,0.6000000000000001,-0.1,-10.6,0.0,94.0,152.3,0.0,21.3,31.1,31.1,31.700000000000003,300.0,300.0,30.6,34.800000000000004,30.5,30.0,31.8,4.96,2.0,4.96,0.16,0.0,0.0,1027.0,8228.0,0.0,0.0,0.0,0.0,0.0,1.0,0.0,0.0,0.0,0.03,0.0,0.5,0.0,0.4,0.0,0.1314,16.0,25903.0
2026-07-30T18:59:14.848Z,124.331,124.344,0.0,7.4,0.0,0.0,0.0,0.0,0.0,0.0,0.0,0.0,1.0,0.0,0.0,0.0,9.0,4.0,0.0,0.0,0.0,0.0,0.0,0.0,0.0,0.0,1.0,12.0,1.0,12.11,5.01,2.51,1.49,-2.8000000000000003,4.800000000000001,0.3,6.2,0.0,0.3,-0.4,-0.1,-12.3,0.0,92.0,197.8,0.0,21.4,31.1,31.1,31.700000000000003,300.0,300.0,30.8,34.800000000000004,30.5,30.0,31.700000000000003,4.95,1.99,4.97,0.16,0.0,0.0,1027.0,8228.0,0.0,0.0,0.0,0.0,0.0,1.0,0.0,0.0,0.0,0.026,0.0,-0.5,0.0,0.3,0.0,0.1219,16.0,25903.0
2026-07-30T18:59:14.860Z,124.343,124.356,0.0,7.4,0.0,0.0,0.0,0.0,0.0,0.0,0.0,0.0,1.0,0.0,0.0,0.0,9.0,4.0,0.0,0.0,0.0,0.0,0.0,0.0,0.0,0.0,1.0,12.0,1.0,12.11,5.01,2.51,1.49,-4.5,2.4000000000000004,0.3,6.2,0.0,0.3,0.0,-0.1,-1.5,0.0,90.0,250.8,0.0,21.4,31.1,31.1,31.700000000000003,300.0,300.0,30.8,34.800000000000004,30.5,30.0,31.700000000000003,4.95,1.99,4.97,0.16,0.0,0.0,1027.0,8228.0,0.0,0.0,0.0,0.0,0.0,1.0,0.0,0.0,0.0,0.028,0.0,0.1,0.0,0.0,0.0,0.1065,16.0,25903.0
2026-07-30T18:59:14.872Z,124.355,124.368,0.0,7.4,0.0,0.0,0.0,0.0,0.0,0.0,0.0,0.0,1.0,0.0,0.0,0.0,9.0,4.0,0.0,0.0,0.0,0.0,0.0,0.0,0.0,0.0,2.0,12.0,1.0,12.11,5.01,2.51,1.49,-3.1,-1.2000000000000002,0.3,6.1000000000000005,0.0,0.2,-0.4,-0.7000000000000001,4.6000000000000005,0.0,89.0,300.90000000000003,0.0,21.4,31.1,31.1,31.700000000000003,300.0,300.0,30.8,34.800000000000004,30.5,30.0,31.700000000000003,4.96,2.0,4.97,0.16,0.0,0.0,1027.0,8228.0,0.0,0.0,0.0,0.0,0.0,1.0,0.0,0.0,0.0,0.029,0.0,1.1,0.0,0.4,0.0,0.115,16.0,25903.0
2026-07-30T18:59:14.884Z,124.367,124.38,0.0,7.4,0.0,0.0,0.0,0.0,0.0,0.0,0.0,0.0,1.0,0.0,0.0,0.0,9.0,4.0,0.0,0.0,0.0,0.0,0.0,0.0,0.0,0.0,4.0,12.0,1.0,12.11,5.01,2.51,1.49,0.5,-4.0,0.3,6.0,0.0,-0.2,-0.4,0.4,6.5,0.0,88.0,354.20000000000005,0.0,21.4,31.1,31.1,31.700000000000003,300.0,300.0,30.8,34.800000000000004,30.5,30.0,31.700000000000003,4.95,2.0,4.97,0.16,0.0,0.0,1027.0,8228.0,0.0,0.0,0.0,0.0,0.0,1.0,0.0,0.0,0.0,0.029,0.0,0.1,0.0,0.4,0.0,0.1163,16.0,25903.0
2026-07-30T18:59:14.896Z,124.379,124.392,0.0,7.4,0.0,0.0,0.0,0.0,0.0,0.0,0.0,0.0,1.0,0.0,0.0,0.0,9.0,4.0,0.0,0.0,0.0,0.0,0.0,0.0,0.0,0.0,5.0,12.0,1.0,12.11,5.01,2.51,1.49,3.5,-3.9,0.3,6.0,0.0,0.3,0.1,-0.1,4.7,0.0,86.0,41.7,0.0,21.4,31.1,31.1,31.700000000000003,300.0,300.0,30.8,34.800000000000004,30.5,30.0,31.700000000000003,4.95,1.99,4.97,0.16,0.0,0.0,1027.0,8228.0,0.0,0.0,0.0,0.0,0.0,1.0,0.0,0.0,0.0,0.027,0.0,-0.1,0.0,0.0,0.0,0.1172,16.0,25903.0
2026-07-30T18:59:14.908Z,124.391,124.404,0.0,7.4,0.0,0.0,0.0,0.0,0.0,0.0,0.0,0.0,1.0,0.0,0.0,0.0,9.0,4.0,0.0,0.0,0.0,0.0,0.0,0.0,0.0,0.0,1.0,12.0,1.0,12.11,5.01,2.51,1.49,4.1000000000000005,-1.2000000000000002,0.3,6.0,0.0,-0.2,-0.4,-0.7000000000000001,-0.4,0.0,85.0,89.80000000000001,0.0,21.4,31.1,31.1,31.700000000000003,300.0,300.0,30.8,34.800000000000004,30.5,30.0,31.700000000000003,4.95,2.0,4.96,0.16,0.0,0.0,1027.0,8228.0,0.0,0.0,0.0,0.0,0.0,1.0,0.0,0.0,0.0,0.027,0.0,-0.7000000000000001,0.0,-0.9,0.0,0.1112,16.0,25903.0
2026-07-30T18:59:14.920Z,124.403,124.416,0.0,7.4,0.0,0.0,0.0,0.0,0.0,0.0,0.0,0.0,1.0,0.0,0.0,0.0,9.0,4.0,0.0,0.0,0.0,0.0,0.0,0.0,0.0,0.0,2.0,12.0,1.0,12.11,5.01,2.51,1.49,2.0,1.9,0.3,5.9,0.0,0.2,1.3,-0.1,-8.6,0.0,83.0,135.4,0.0,21.4,31.1,31.1,31.700000000000003,300.0,300.0,30.8,34.800000000000004,30.5,30.0,31.700000000000003,4.96,1.99,4.96,0.16,0.0,0.0,1027.0,8228.0,0.0,0.0,0.0,0.0,0.0,1.0,0.0,0.0,0.0,0.026,0.0,0.9,0.0,1.1,0.0,0.1091,16.0,25903.0
2026-07-30T18:59:14.931Z,124.414,124.428,0.0,7.4,0.0,0.0,0.0,0.0,0.0,0.0,0.0,0.0,1.0,0.0,0.0,0.0,9.0,4.0,0.0,0.0,0.0,0.0,0.0,0.0,0.0,0.0,4.0,12.0,1.0,12.11,5.01,2.51,1.49,-0.7000000000000001,3.8,0.3,5.800000000000001,0.0,-0.2,-0.4,1.0,-19.200000000000003,0.0,81.0,173.60000000000002,0.0,21.4,31.1,31.1,31.700000000000003,300.0,300.0,30.8,34.800000000000004,30.5,30.0,31.700000000000003,4.95,1.99,4.97,0.17,0.0,0.0,1027.0,8228.0,0.0,0.0,0.0,0.0,0.0,1.0,0.0,0.0,0.0,0.022,0.0,0.2,0.0,-1.0,0.0,0.1058,16.0,25903.0
2026-07-30T18:59:14.945Z,124.428,124.44,0.0,7.4,0.0,0.0,0.0,0.0,0.0,0.0,0.0,0.0,1.0,0.0,0.0,0.0,9.0,4.0,0.0,0.0,0.0,0.0,0.0,0.0,0.0,0.0,5.0,12.0,1.0,12.18,5.01,2.5,1.49,-3.2,3.6,0.2,5.7,0.0,-0.8,0.7000000000000001,-0.1,-9.6,0.0,79.0,214.5,0.0,21.8,31.1,31.1,31.700000000000003,300.0,300.0,30.700000000000003,34.800000000000004,30.5,30.0,31.700000000000003,4.96,2.0,4.96,0.17,0.0,0.0,1027.0,8228.0,0.0,0.0,0.0,0.0,0.0,1.0,0.0,0.0,0.0,0.022,0.0,0.7000000000000001,0.0,-0.3,0.0,0.0915,16.0,25903.0
2026-07-30T18:59:14.956Z,124.439,124.452,0.0,7.4,0.0,0.0,0.0,0.0,0.0,0.0,0.0,0.0,1.0,0.0,0.0,0.0,9.0,4.0,0.0,0.0,0.0,0.0,0.0,0.0,0.0,0.0,1.0,12.0,1.0,12.18,5.01,2.5,1.49,-3.8,1.4,0.3,5.7,0.0,-0.9,-0.4,0.4,-0.1,0.0,78.0,262.2,0.0,21.8,31.1,31.1,31.700000000000003,300.0,300.0,30.700000000000003,34.800000000000004,30.5,30.0,31.700000000000003,4.96,2.0,4.96,0.16,0.0,0.0,1027.0,8228.0,0.0,0.0,0.0,0.0,0.0,1.0,0.0,0.0,0.0,0.025,0.0,-0.4,0.0,0.2,0.0,0.0913,16.0,25903.0
2026-07-30T18:59:14.967Z,124.45,124.464,0.0,7.4,0.0,0.0,0.0,0.0,0.0,0.0,0.0,0.0,1.0,0.0,0.0,0.0,9.0,4.0,0.0,0.0,0.0,0.0,0.0,0.0,0.0,0.0,2.0,12.0,1.0,12.18,5.01,2.5,1.49,-2.3000000000000003,-1.1,0.3,5.7,0.0,0.2,-0.4,-0.1,5.2,0.0,77.0,307.90000000000003,0.0,21.8,31.1,31.1,31.700000000000003,300.0,300.0,30.700000000000003,34.800000000000004,30.5,30.0,31.700000000000003,4.96,1.99,4.96,0.16,0.0,0.0,1027.0,8228.0,0.0,0.0,0.0,0.0,0.0,1.0,0.0,0.0,0.0,0.026,0.0,0.4,0.0,0.3,0.0,0.1033,16.0,25903.0
2026-07-30T18:59:14.980Z,124.463,124.476,0.0,7.4,0.0,0.0,0.0,0.0,0.0,0.0,0.0,0.0,1.0,0.0,0.0,0.0,9.0,4.0,0.0,0.0,0.0,0.0,0.0,0.0,0.0,0.0,3.0,12.0,1.0,12.18,5.01,2.5,1.49,-0.1,-3.1,0.3,5.7,0.0,0.8,-0.3,1.6,7.1000000000000005,0.0,76.0,349.40000000000003,0.0,21.8,31.1,31.1,31.700000000000003,300.0,300.0,30.700000000000003,34.800000000000004,30.5,30.0,31.700000000000003,4.95,1.99,4.97,0.16,0.0,0.0,1027.0,8228.0,0.0,0.0,0.0,0.0,0.0,1.0,0.0,0.0,0.0,0.024,0.0,-0.7000000000000001,0.0,1.5,0.0,0.1049,16.0,25903.0
2026-07-30T18:59:14.992Z,124.475,124.488,0.0,7.4,0.0,0.0,0.0,0.0,0.0,0.0,0.0,0.0,1.0,0.0,0.0,0.0,9.0,4.0,0.0,0.0,0.0,0.0,0.0,0.0,0.0,0.0,5.0,12.0,1.0,12.18,5.01,2.5,1.49,2.2,-3.4000000000000004,0.2,5.6000000000000005,0.0,0.2,-0.3,1.0,6.1000000000000005,0.0,74.0,24.8,0.0,21.8,31.1,31.1,31.700000000000003,300.0,300.0,30.700000000000003,34.800000000000004,30.5,30.0,31.700000000000003,4.96,1.99,4.96,0.16,0.0,0.0,1027.0,8228.0,0.0,0.0,0.0,0.0,0.0,1.0,0.0,0.0,0.0,0.021,0.0,0.2,0.0,0.9,0.0,0.0975,16.0,25903.0
2026-07-30T18:59:15.004Z,124.487,124.5,0.0,7.4,0.0,0.0,0.0,0.0,0.0,0.0,0.0,0.0,1.0,0.0,0.0,0.0,9.0,4.0,0.0,0.0,0.0,0.0,0.0,0.0,0.0,0.0,6.0,12.0,1.0,12.18,5.01,2.5,1.49,3.4000000000000004,-2.4000000000000004,0.2,5.5,0.0,0.2,0.2,-0.7000000000000001,2.4000000000000004,0.0,72.0,62.400000000000006,0.0,21.8,31.1,31.1,31.700000000000003,300.0,300.0,30.700000000000003,34.800000000000004,30.5,30.0,31.700000000000003,4.96,2.0,4.97,0.16,0.0,0.0,1027.0,8228.0,0.0,0.0,0.0,0.0,0.0,1.0,0.0,0.0,0.0,0.021,0.0,-0.5,0.0,-0.4,0.0,0.0848,16.0,25903.0
2026-07-30T18:59:15.016Z,124.499,124.512,0.0,7.4,0.0,0.0,0.0,0.0,0.0,0.0,0.0,0.0,1.0,0.0,0.0,0.0,9.0,4.0,0.0,0.0,0.0,0.0,0.0,0.0,0.0,0.0,1.0,12.0,1.0,12.18,5.01,2.5,1.49,3.0,-0.2,0.2,5.5,0.0,0.2,0.7000000000000001,-0.1,-3.7,0.0,71.0,102.2,0.0,21.8,31.1,31.1,31.700000000000003,300.0,300.0,30.700000000000003,34.800000000000004,30.5,30.0,31.700000000000003,4.95,1.99,4.97,0.16,0.0,0.0,1027.0,8228.0,0.0,0.0,0.0,0.0,0.0,1.0,0.0,0.0,0.0,0.022,0.0,0.0,0.0,0.8,0.0,0.0841,16.0,25903.0
2026-07-30T18:59:15.028Z,124.511,124.524,0.0,7.4,0.0,0.0,0.0,0.0,0.0,0.0,0.0,0.0,1.0,0.0,0.0,0.0,9.0,4.0,0.0,0.0,0.0,0.0,0.0,0.0,0.0,0.0,2.0,12.0,1.0,12.18,5.01,2.5,1.49,1.5,1.7000000000000002,0.2,5.5,0.0,-0.3,0.1,-0.1,-12.3,0.0,70.0,140.20000000000002,0.0,21.8,31.1,31.1,31.700000000000003,300.0,300.0,30.700000000000003,34.800000000000004,30.5,30.0,31.700000000000003,4.96,1.99,4.97,0.16,0.0,0.0,1027.0,8228.0,0.0,0.0,0.0,0.0,0.0,1.0,0.0,0.0,0.0,0.021,0.0,0.0,0.0,0.2,0.0,0.0888,16.0,25903.0
2026-07-30T18:59:15.040Z,124.523,124.536,0.0,7.4,0.0,0.0,0.0,0.0,0.0,0.0,0.0,0.0,1.0,0.0,0.0,0.0,9.0,4.0,0.0,0.0,0.0,0.0,0.0,0.0,0.0,0.0,3.0,12.0,1.0,12.18,5.01,2.5,1.49,-0.3,3.0,0.2,5.4,0.0,0.8,-0.4,-0.7000000000000001,-22.8,0.0,68.0,173.70000000000002,0.0,21.8,31.1,31.1,31.700000000000003,300.0,300.0,30.700000000000003,34.800000000000004,30.5,30.0,31.700000000000003,4.96,1.99,4.96,0.16,0.0,0.0,1027.0,8228.0,0.0,0.0,0.0,0.0,0.0,1.0,0.0,0.0,0.0,0.019,0.0,-0.9,0.0,0.6000000000000001,0.0,0.0875,16.0,25903.0
2026-07-30T18:59:15.052Z,124.535,124.548,0.0,7.4,0.0,0.0,0.0,0.0,0.0,0.0,0.0,0.0,1.0,0.0,0.0,0.0,9.0,4.0,0.0,0.0,0.0,0.0,0.0,0.0,0.0,0.0,4.0,12.0,1.0,12.18,5.01,2.51,1.49,-2.0,3.0,0.2,5.300000000000001,0.0,0.2,0.7000000000000001,0.3,-13.7,0.0,67.0,205.0,0.0,21.700000000000003,31.1,31.1,31.700000000000003,300.0,300.0,30.8,34.800000000000004,30.5,30.0,31.700000000000003,4.96,1.99,4.96,0.16,0.0,0.0,1027.0,8228.0,0.0,0.0,0.0,0.0,0.0,1.0,0.0,0.0,0.0,0.018,0.0,0.8,0.0,-0.8,0.0,0.0797,16.0,25903.0
2026-07-30T18:59:15.064Z,124.547,124.56,0.0,7.4,0.0,0.0,0.0,0.0,0.0,0.0,0.0,0.0,1.0,0.0,0.0,0.0,9.0,4.0,0.0,0.0,0.0,0.0,0.0,0.0,0.0,0.0,6.0,12.0,1.0,12.18,5.01,2.51,1.49,-2.9000000000000004,2.2,0.2,5.300000000000001,0.0,0.3,1.4,1.0,-2.6,0.0,65.0,237.8,0.0,21.700000000000003,31.1,31.1,31.700000000000003,300.0,300.0,30.8,34.800000000000004,30.5,30.0,31.700000000000003,4.95,1.99,4.96,0.16,0.0,0.0,1027.0,8228.0,0.0,0.0,0.0,0.0,0.0,1.0,0.0,0.0,0.0,0.018,0.0,0.3,0.0,-2.4000000000000004,0.0,0.0729,16.0,25903.0
2026-07-30T18:59:15.075Z,124.558,124.572,0.0,7.4,0.0,0.0,0.0,0.0,0.0,0.0,0.0,0.0,1.0,0.0,0.0,0.0,9.0,4.0,0.0,0.0,0.0,0.0,0.0,0.0,0.0,0.0,1.0,12.0,1.0,12.18,5.01,2.51,1.49,-2.8000000000000003,0.6000000000000001,0.2,5.2,0.0,0.3,-0.3,-1.8,5.1000000000000005,0.0,64.0,273.0,0.0,21.700000000000003,31.1,31.1,31.700000000000003,300.0,300.0,30.8,34.800000000000004,30.5,30.0,31.700000000000003,4.95,1.99,4.96,0.16,0.0,0.0,1027.0,8228.0,0.0,0.0,0.0,0.0,0.0,1.0,0.0,0.0,0.0,0.019,0.0,1.9,0.0,1.3,0.0,0.0731,16.0,25903.0
2026-07-30T18:59:15.088Z,124.571,124.584,0.0,7.4,0.0,0.0,0.0,0.0,0.0,0.0,0.0,0.0,1.0,0.0,0.0,0.0,9.0,4.0,0.0,0.0,0.0,0.0,0.0,0.0,0.0,0.0,2.0,12.0,1.0,12.18,5.01,2.51,1.49,-1.8,-0.8,0.2,5.2,0.0,-0.1,0.2,-0.6000000000000001,9.8,0.0,62.0,306.8,0.0,21.700000000000003,31.1,31.1,31.700000000000003,300.0,300.0,30.8,34.800000000000004,30.5,30.0,31.700000000000003,4.95,1.99,4.97,0.16,0.0,0.0,1027.0,8228.0,0.0,0.0,0.0,0.0,0.0,1.0,0.0,0.0,0.0,0.019,0.0,0.5,0.0,-0.3,0.0,0.0781,16.0,25903.0
2026-07-30T18:59:15.100Z,124.583,124.596,0.0,7.4,0.0,0.0,0.0,0.0,0.0,0.0,0.0,0.0,1.0,0.0,0.0,0.0,9.0,4.0,0.0,0.0,0.0,0.0,0.0,0.0,0.0,0.0,3.0,12.0,1.0,12.18,5.01,2.51,1.49,-0.4,-2.0,0.2,5.2,0.0,0.4,1.4,-0.6000000000000001,11.8,0.0,61.0,338.20000000000005,0.0,21.700000000000003,31.1,31.1,31.700000000000003,300.0,300.0,30.8,34.800000000000004,30.5,30.0,31.700000000000003,4.95,2.0,4.96,0.16,0.0,0.0,1027.0,8228.0,0.0,0.0,0.0,0.0,0.0,1.0,0.0,0.0,0.0,0.018,0.0,-0.9,0.0,-1.0,0.0,0.0779,16.0,25903.0
2026-07-30T18:59:15.113Z,124.596,124.608,0.0,7.4,0.0,0.0,0.0,0.0,0.0,0.0,0.0,0.0,1.0,0.0,0.0,0.0,9.0,4.0,0.0,0.0,0.0,0.0,0.0,0.0,0.0,0.0,4.0,12.0,1.0,12.18,5.01,2.51,1.49,0.9,-2.5,0.1,5.1000000000000005,0.0,-0.1,0.8,0.5,11.5,0.0,60.0,6.5,0.0,21.700000000000003,31.1,31.1,31.700000000000003,300.0,300.0,30.8,34.800000000000004,30.5,30.0,31.700000000000003,4.96,1.99,4.96,0.16,0.0,0.0,1027.0,8228.0,0.0,0.0,0.0,0.0,0.0,1.0,0.0,0.0,0.0,0.016,0.0,-1.2000000000000002,0.0,0.7000000000000001,0.0,0.0736,16.0,25903.0
2026-07-30T18:59:15.124Z,124.607,124.62,0.0,7.4,0.0,0.0,0.0,0.0,0.0,0.0,0.0,0.0,1.0,0.0,0.0,0.0,9.0,4.0,0.0,0.0,0.0,0.0,0.0,0.0,0.0,0.0,5.0,12.0,1.0,12.18,5.01,2.51,1.49,1.9,-2.3000000000000003,0.1,5.0,0.0,0.3,0.8,0.5,9.1,0.0,58.0,34.800000000000004,0.0,21.700000000000003,31.1,31.1,31.700000000000003,300.0,300.0,30.8,34.800000000000004,30.5,30.0,31.700000000000003,4.96,1.99,4.96,0.16,0.0,0.0,1027.0,8228.0,0.0,0.0,0.0,0.0,0.0,1.0,0.0,0.0,0.0,0.016,0.0,-0.7000000000000001,0.0,1.2000000000000002,0.0,0.0662,16.0,25903.0
2026-07-30T18:59:15.136Z,124.619,124.632,0.0,7.4,0.0,0.0,0.0,0.0,0.0,0.0,0.0,0.0,1.0,0.0,0.0,0.0,9.0,4.0,0.0,0.0,0.0,0.0,0.0,0.0,0.0,0.0,6.0,12.0,1.0,12.18,5.01,2.51,1.49,2.4000000000000004,-1.6,0.1,5.1000000000000005,0.0,0.3,0.1,1.0,4.9,0.0,57.0,62.2,0.0,21.700000000000003,31.1,31.1,31.700000000000003,300.0,300.0,30.8,34.800000000000004,30.5,30.0,31.700000000000003,4.95,1.99,4.96,0.16,0.0,0.0,1027.0,8228.0,0.0,0.0,0.0,0.0,0.0,1.0,0.0,0.0,0.0,0.015,0.0,0.5,0.0,1.2000000000000002,0.0,0.0646,16.0,25903.0
2026-07-30T18:59:15.154Z,124.637,124.644,0.1,7.4,0.0,0.0,0.0,0.0,0.0,0.0,0.0,0.0,1.0,0.0,0.0,0.0,9.0,4.0,0.0,0.0,0.0,0.0,0.0,0.0,0.0,0.0,1.0,12.0,1.0,12.17,5.01,2.51,1.49,2.4000000000000004,-0.6000000000000001,0.1,5.0,0.0,0.3,0.7000000000000001,0.4,-0.9,0.0,55.0,89.5,0.0,21.9,31.1,31.0,31.700000000000003,300.0,300.0,30.8,34.800000000000004,30.5,30.0,31.700000000000003,4.95,2.0,4.96,0.16,0.0,0.0,1027.0,8228.0,0.0,0.0,0.0,0.0,0.0,1.0,0.0,0.0,0.0,0.015,0.0,0.4,0.0,1.1,0.0,0.0626,16.0,25903.0
2026-07-30T18:59:15.160Z,124.643,124.656,0.1,7.4,0.0,0.0,0.0,0.0,0.0,0.0,0.0,0.0,1.0,0.0,0.0,0.0,9.0,4.0,0.0,0.0,0.0,0.0,0.0,0.0,0.0,0.0,5.0,12.0,1.0,12.17,5.01,2.51,1.49,1.9,0.3,0.1,5.0,0.0,-0.1,0.2,0.0,-8.4,0.0,54.0,116.0,0.0,21.9,31.1,31.0,31.700000000000003,300.0,300.0,30.8,34.800000000000004,30.5,30.0,31.700000000000003,4.96,1.99,4.96,0.16,0.0,0.0,1027.0,8228.0,0.0,0.0,0.0,0.0,0.0,1.0,0.0,0.0,0.0,0.015,0.0,1.3,0.0,0.3,0.0,0.0622,16.0,25903.0
2026-07-30T18:59:15.172Z,124.655,124.668,0.1,7.4,0.0,0.0,0.0,0.0,0.0,0.0,0.0,0.0,1.0,0.0,0.0,0.0,9.0,4.0,0.0,0.0,0.0,0.0,0.0,0.0,0.0,0.0,6.0,12.0,1.0,12.17,5.01,2.51,1.49,0.9,1.3,0.1,4.9,0.0,-0.1,-0.3,0.0,-17.1,0.0,53.0,141.1,0.0,21.9,31.1,31.0,31.700000000000003,300.0,300.0,30.8,34.800000000000004,30.5,30.0,31.700000000000003,4.95,1.99,4.97,0.16,0.0,0.0,1027.0,8228.0,0.0,0.0,0.0,0.0,0.0,1.0,0.0,0.0,0.0,0.014,0.0,0.6000000000000001,0.0,0.6000000000000001,0.0,0.0608,16.0,25903.0
2026-07-30T18:59:15.183Z,124.666,124.68,0.1,7.4,0.0,0.0,0.0,0.0,0.0,0.0,0.0,0.0,1.0,0.0,0.0,0.0,9.0,4.0,0.0,0.0,0.0,0.0,0.0,0.0,0.0,0.0,1.0,12.0,1.0,12.17,5.01,2.51,1.49,0.0,1.9,0.1,4.9,0.0,1.0,0.7000000000000001,1.1,-27.0,0.0,51.0,164.10000000000002,0.0,21.9,31.1,31.0,31.700000000000003,300.0,300.0,30.8,34.800000000000004,30.5,30.0,31.700000000000003,4.96,2.0,4.96,0.16,0.0,0.0,1027.0,8228.0,0.0,0.0,0.0,0.0,0.0,1.0,0.0,0.0,0.0,0.013,0.0,1.8,0.0,-0.6000000000000001,0.0,0.0582,16.0,25903.0
2026-07-30T18:59:15.195Z,124.678,124.692,0.0,7.4,0.0,0.0,0.0,0.0,0.0,0.0,0.0,0.0,1.0,0.0,0.0,0.0,9.0,4.0,0.0,0.0,0.0,0.0,0.0,0.0,0.0,0.0,2.0,12.0,1.0,12.17,5.01,2.51,1.49,-0.8,2.1,0.1,4.800000000000001,0.0,0.3,0.1,0.5,-30.1,0.0,50.0,186.3,0.0,21.9,31.1,31.0,31.700000000000003,300.0,300.0,30.8,34.800000000000004,30.5,30.0,31.700000000000003,4.96,2.0,4.97,0.16,0.0,0.0,1027.0,8228.0,0.0,0.0,0.0,0.0,0.0,1.0,0.0,0.0,0.0,0.012,0.0,-0.3,0.0,1.2000000000000002,0.0,0.0534,16.0,25903.0
2026-07-30T18:59:15.208Z,124.691,124.704,0.0,7.4,0.0,0.0,0.0,0.0,0.0,0.0,0.0,0.0,1.0,0.0,0.0,0.0,9.0,4.0,0.0,0.0,0.0,0.0,0.0,0.0,0.0,0.0,3.0,12.0,1.0,12.17,5.01,2.51,1.49,-1.3,1.9,0.1,4.800000000000001,0.0,0.3,0.7000000000000001,-0.1,-16.1,0.0,48.0,207.7,0.0,21.9,31.1,31.0,31.700000000000003,300.0,300.0,30.8,34.800000000000004,30.5,30.0,31.700000000000003,4.95,1.99,4.97,0.16,0.0,0.0,1027.0,8228.0,0.0,0.0,0.0,0.0,0.0,1.0,0.0,0.0,0.0,0.012,0.0,0.7000000000000001,0.0,-0.2,0.0,0.0512,16.0,25903.0
2026-07-30T18:59:15.220Z,124.703,124.716,0.0,7.4,0.0,0.0,0.0,0.0,0.0,0.0,0.0,0.0,1.0,0.0,0.0,0.0,9.0,4.0,0.0,0.0,0.0,0.0,0.0,0.0,0.0,0.0,5.0,12.0,1.0,12.17,5.01,2.51,1.49,-1.7000000000000002,1.6,0.1,4.800000000000001,0.0,0.9,-0.4,-0.6000000000000001,-4.5,0.0,47.0,228.4,0.0,21.9,31.1,31.0,31.700000000000003,300.0,300.0,30.8,34.800000000000004,30.5,30.0,31.700000000000003,4.95,1.99,4.96,0.16,0.0,0.0,1027.0,8228.0,0.0,0.0,0.0,0.0,0.0,1.0,0.0,0.0,0.0,0.011,0.0,0.0,0.0,1.1,0.0,0.0493,16.0,25903.0
2026-07-30T18:59:15.231Z,124.714,124.728,0.0,7.4,0.0,0.0,0.0,0.0,0.0,0.0,0.0,0.0,1.0,0.0,0.0,0.0,9.0,4.0,0.0,0.0,0.0,0.0,0.0,0.0,0.0,0.0,6.0,12.0,1.0,12.17,5.01,2.51,1.49,-1.9,1.1,0.1,4.7,0.0,0.3,0.7000000000000001,-0.1,4.5,0.0,46.0,249.8,0.0,21.9,31.1,31.0,31.700000000000003,300.0,300.0,30.8,34.800000000000004,30.5,30.0,31.700000000000003,4.96,2.0,4.96,0.16,0.0,0.0,1027.0,8228.0,0.0,0.0,0.0,0.0,0.0,1.0,0.0,0.0,0.0,0.012,0.0,0.3,0.0,-0.7000000000000001,0.0,0.0475,16.0,25903.0
2026-07-30T18:59:15.244Z,124.727,124.74,0.0,7.4,0.0,0.0,0.0,0.0,0.0,0.0,0.0,0.0,1.0,0.0,0.0,0.0,9.0,4.0,0.0,0.0,0.0,0.0,0.0,0.0,0.0,0.0,1.0,12.0,1.0,12.17,5.01,2.51,1.49,-1.6,0.4,0.1,4.7,0.0,0.3,0.1,0.5,11.4,0.0,44.0,270.6,0.0,21.9,31.1,31.0,31.700000000000003,300.0,300.0,30.8,34.800000000000004,30.5,30.0,31.700000000000003,4.96,1.99,4.97,0.16,0.0,0.0,1027.0,8228.0,0.0,0.0,0.0,0.0,0.0,1.0,0.0,0.0,0.0,0.011,0.0,-0.5,0.0,-0.4,0.0,0.0482,16.0,25903.0
2026-07-30T18:59:15.256Z,124.739,124.752,0.0,7.4,0.0,0.0,0.0,0.0,0.0,0.0,0.0,0.0,1.0,0.0,0.0,0.0,9.0,4.0,0.0,0.0,0.0,0.0,0.0,0.0,0.0,0.0,3.0,12.0,1.0,12.15,5.01,2.51,1.5,-1.4,0.0,0.1,4.6000000000000005,0.0,-0.2,0.7000000000000001,-0.6000000000000001,16.3,0.0,43.0,290.6,0.0,21.4,31.1,31.0,31.700000000000003,300.0,300.0,30.700000000000003,34.800000000000004,30.5,29.9,31.700000000000003,4.95,1.99,4.97,0.16,0.0,0.0,1027.0,8228.0,0.0,0.0,0.0,0.0,0.0,1.0,0.0,0.0,0.0,0.011,0.0,0.3,0.0,-0.7000000000000001,0.0,0.0475,16.0,25903.0
2026-07-30T18:59:15.268Z,124.751,124.764,0.0,7.4,0.0,0.0,0.0,0.0,0.0,0.0,0.0,0.0,1.0,0.0,0.0,0.0,9.0,4.0,0.0,0.0,0.0,0.0,0.0,0.0,0.0,0.0,4.0,12.0,1.0,12.15,5.01,2.51,1.5,-1.0,-0.5,0.1,4.6000000000000005,0.0,0.3,-0.4,0.5,19.5,0.0,42.0,310.3,0.0,21.4,31.1,31.0,31.700000000000003,300.0,300.0,30.700000000000003,34.800000000000004,30.5,29.9,31.700000000000003,4.96,1.99,4.96,0.16,0.0,0.0,1027.0,8228.0,0.0,0.0,0.0,0.0,0.0,1.0,0.0,0.0,0.0,0.011,0.0,-0.3,0.0,0.4,0.0,0.0458,16.0,25903.0
2026-07-30T18:59:15.280Z,124.763,124.776,0.0,7.4,0.0,0.0,0.0,0.0,0.0,0.0,0.0,0.0,1.0,0.0,0.0,0.0,9.0,4.0,0.0,0.0,0.0,0.0,0.0,0.0,0.0,0.0,6.0,12.0,1.0,12.15,5.01,2.51,1.5,-0.6000000000000001,-0.9,0.1,4.5,0.0,-0.7000000000000001,-0.9,-1.1,21.0,0.0,41.0,329.0,0.0,21.4,31.1,31.0,31.700000000000003,300.0,300.0,30.700000000000003,34.800000000000004,30.5,29.9,31.700000000000003,4.95,1.99,4.96,0.16,0.0,0.0,1027.0,8228.0,0.0,0.0,0.0,0.0,0.0,1.0,0.0,0.0,0.0,0.01,0.0,2.1,0.0,0.0,0.0,0.0452,16.0,25903.0
2026-07-30T18:59:15.291Z,124.774,124.788,0.0,7.4,0.0,0.0,0.0,0.0,0.0,0.0,0.0,0.0,1.0,0.0,0.0,0.0,9.0,4.0,0.0,0.0,0.0,0.0,0.0,0.0,0.0,0.0,1.0,12.0,1.0,12.15,5.01,2.51,1.5,-0.1,-1.1,0.1,4.6000000000000005,0.0,0.4,0.1,-1.1,21.1,0.0,40.0,345.70000000000005,0.0,21.4,31.1,31.0,31.700000000000003,300.0,300.0,30.700000000000003,34.800000000000004,30.5,29.9,31.700000000000003,4.95,1.99,4.97,0.16,0.0,0.0,1027.0,8228.0,0.0,0.0,0.0,0.0,0.0,1.0,0.0,0.0,0.0,0.009,0.0,0.6000000000000001,0.0,-0.9,0.0,0.0431,16.0,25903.0
2026-07-30T18:59:15.304Z,124.787,124.8,0.0,7.4,0.0,0.0,0.0,0.0,0.0,0.0,0.0,0.0,1.0,0.0,0.0,0.0,9.0,4.0,0.0,0.0,0.0,0.0,0.0,0.0,0.0,0.0,2.0,12.0,1.0,12.15,5.01,2.51,1.5,0.2,-1.3,0.0,4.5,0.0,-0.1,0.2,0.0,20.0,0.0,38.0,0.9,0.0,21.4,31.1,31.0,31.700000000000003,300.0,300.0,30.700000000000003,34.800000000000004,30.5,29.9,31.700000000000003,4.96,2.0,4.97,0.16,0.0,0.0,1027.0,8228.0,0.0,0.0,0.0,0.0,0.0,1.0,0.0,0.0,0.0,0.008,0.0,-0.2,0.0,0.0,0.0,0.0393,16.0,25903.0
2026-07-30T18:59:15.316Z,124.799,124.812,0.0,7.4,0.0,0.0,0.0,0.0,0.0,0.0,0.0,0.0,1.0,0.0,0.0,0.0,9.0,4.0,0.0,0.0,0.0,0.0,0.0,0.0,0.0,0.0,4.0,12.0,1.0,12.15,5.01,2.51,1.5,0.5,-1.2000000000000002,0.0,4.5,0.0,0.4,0.1,-0.5,17.900000000000002,0.0,37.0,15.8,0.0,21.4,31.1,31.0,31.700000000000003,300.0,300.0,30.700000000000003,34.800000000000004,30.5,29.9,31.700000000000003,4.96,2.0,4.96,0.16,0.0,0.0,1027.0,8228.0,0.0,0.0,0.0,0.0,0.0,1.0,0.0,0.0,0.0,0.008,0.0,0.0,0.0,-0.5,0.0,0.036,16.0,25903.0
2026-07-30T18:59:15.328Z,124.811,124.824,0.0,7.4,0.0,0.0,0.0,0.0,0.0,0.0,0.0,0.0,1.0,0.0,0.0,0.0,9.0,4.0,0.0,0.0,0.0,0.0,0.0,0.0,0.0,0.0,5.0,12.0,1.0,12.15,5.01,2.51,1.5,0.6000000000000001,-0.9,0.0,4.4,0.0,-0.7000000000000001,-1.5,-1.7000000000000002,15.0,0.0,36.0,28.5,0.0,21.4,31.1,31.0,31.700000000000003,300.0,300.0,30.700000000000003,34.800000000000004,30.5,29.9,31.700000000000003,4.95,1.99,4.97,0.16,0.0,0.0,1027.0,8228.0,0.0,0.0,0.0,0.0,0.0,1.0,0.0,0.0,0.0,0.007,0.0,1.6,0.0,-2.8000000000000003,0.0,0.0344,16.0,25903.0
2026-07-30T18:59:15.340Z,124.823,124.836,0.0,7.4,0.0,0.0,0.0,0.0,0.0,0.0,0.0,0.0,1.0,0.0,0.0,0.0,9.0,4.0,0.0,0.0,0.0,0.0,0.0,0.0,0.0,0.0,1.0,12.0,1.0,12.15,5.01,2.51,1.5,0.7000000000000001,-0.8,0.0,4.5,0.0,0.9,1.3,1.1,11.4,0.0,34.0,39.7,0.0,21.4,31.1,31.0,31.700000000000003,300.0,300.0,30.700000000000003,34.800000000000004,30.5,29.9,31.700000000000003,4.95,1.99,4.96,0.16,0.0,0.0,1027.0,8228.0,0.0,0.0,0.0,0.0,0.0,1.0,0.0,0.0,0.0,0.006,0.0,-0.9,0.0,2.3000000000000003,0.0,0.0305,16.0,25903.0
2026-07-30T18:59:15.353Z,124.836,124.848,0.0,7.4,0.0,0.0,0.0,0.0,0.0,0.0,0.0,0.0,1.0,0.0,0.0,0.0,9.0,4.0,0.0,0.0,0.0,0.0,0.0,0.0,0.0,0.0,2.0,12.0,1.0,12.15,5.01,2.51,1.49,0.9,-0.7000000000000001,0.0,4.4,0.0,0.4,0.1,0.0,7.300000000000001,0.0,33.0,51.0,0.0,21.9,31.1,31.0,31.700000000000003,300.0,300.0,30.6,34.800000000000004,30.5,29.9,31.700000000000003,4.96,2.0,4.96,0.16,0.0,0.0,1027.0,8228.0,0.0,0.0,0.0,0.0,0.0,1.0,0.0,0.0,0.0,0.006,0.0,-0.1,0.0,0.1,0.0,0.0267,16.0,25903.0
2026-07-30T18:59:15.364Z,124.847,124.86,0.0,7.4,0.0,0.0,0.0,0.0,0.0,0.0,0.0,0.0,1.0,0.0,0.0,0.0,9.0,4.0,0.0,0.0,0.0,0.0,0.0,0.0,0.0,0.0,4.0,12.0,1.0,12.15,5.01,2.51,1.49,0.9,-0.7000000000000001,0.0,4.3,0.0,0.4,1.3,1.1,2.7,0.0,32.0,61.8,0.0,21.9,31.1,31.0,31.700000000000003,300.0,300.0,30.6,34.800000000000004,30.5,29.9,31.700000000000003,4.95,2.0,4.96,0.16,0.0,0.0,1027.0,8228.0,0.0,0.0,0.0,0.0,0.0,1.0,0.0,0.0,0.0,0.006,0.0,0.0,0.0,2.5,0.0,0.0256,16.0,25903.0
2026-07-30T18:59:15.376Z,124.859,124.872,0.1,7.4,0.0,0.0,0.0,0.0,0.0,0.0,0.0,0.0,1.0,0.0,0.0,0.0,9.0,4.0,0.0,0.0,0.0,0.0,0.0,0.0,0.0,0.0,5.0,12.0,1.0,12.15,5.01,2.51,1.49,0.8,-0.4,0.0,4.4,0.0,-0.2,-0.4,1.0,-2.4000000000000004,0.0,30.0,72.4,0.0,21.9,31.1,31.0,31.700000000000003,300.0,300.0,30.6,34.800000000000004,30.5,29.9,31.700000000000003,4.95,1.99,4.97,0.16,0.0,0.0,1027.0,8228.0,0.0,0.0,0.0,0.0,0.0,1.0,0.0,0.0,0.0,0.006,0.0,1.0,0.0,0.4,0.0,0.0249,16.0,25903.0
2026-07-30T18:59:15.388Z,124.871,124.884,0.1,7.4,0.0,0.0,0.0,0.0,0.0,0.0,0.0,0.0,1.0,0.0,0.0,0.0,9.0,4.0,0.0,0.0,0.0,0.0,0.0,0.0,0.0,0.0,1.0,12.0,1.0,12.15,5.01,2.51,1.49,0.7000000000000001,-0.2,0.0,4.3,0.0,0.3,0.1,1.0,-7.800000000000001,0.0,29.0,81.30000000000001,0.0,21.9,31.1,31.0,31.700000000000003,300.0,300.0,30.6,34.800000000000004,30.5,29.9,31.700000000000003,4.95,1.99,4.96,0.16,0.0,0.0,1027.0,8228.0,0.0,0.0,0.0,0.0,0.0,1.0,0.0,0.0,0.0,0.005,0.0,0.9,0.0,0.8,0.0,0.0242,16.0,25903.0
2026-07-30T18:59:15.399Z,124.882,124.896,0.1,7.4,0.0,0.0,0.0,0.0,0.0,0.0,0.0,0.0,1.0,0.0,0.0,0.0,9.0,4.0,0.0,0.0,0.0,0.0,0.0,0.0,0.0,0.0,2.0,12.0,1.0,12.15,5.01,2.51,1.49,0.6000000000000001,-0.2,0.0,4.2,0.0,0.9,0.1,1.6,-13.4,0.0,28.0,89.0,0.0,21.9,31.1,31.0,31.700000000000003,300.0,300.0,30.6,34.800000000000004,30.5,29.9,31.700000000000003,4.96,1.99,4.96,0.16,0.0,0.0,1027.0,8228.0,0.0,0.0,0.0,0.0,0.0,1.0,0.0,0.0,0.0,0.004,0.0,1.6,0.0,1.1,0.0,0.0217,16.0,25903.0
2026-07-30T18:59:15.412Z,124.895,124.908,0.1,7.4,0.0,0.0,0.0,0.0,0.0,0.0,0.0,0.0,1.0,0.0,0.0,0.0,9.0,4.0,0.0,0.0,0.0,0.0,0.0,0.0,0.0,0.0,3.0,12.0,1.0,12.15,5.01,2.51,1.49,0.4,0.0,0.0,4.3,0.0,0.3,0.1,0.5,-19.200000000000003,0.0,26.0,95.4,0.0,21.9,31.1,31.0,31.700000000000003,300.0,300.0,30.6,34.800000000000004,30.5,29.9,31.700000000000003,4.95,1.99,4.97,0.16,0.0,0.0,1027.0,8228.0,0.0,0.0,0.0,0.0,0.0,1.0,0.0,0.0,0.0,0.003,0.0,0.5,0.0,0.4,0.0,0.0185,16.0,25903.0
2026-07-30T18:59:15.424Z,124.907,124.92,0.1,7.4,0.0,0.0,0.0,0.0,0.0,0.0,0.0,0.0,1.0,0.0,0.0,0.0,9.0,4.0,0.0,0.0,0.0,0.0,0.0,0.0,0.0,0.0,5.0,12.0,1.0,12.15,5.01,2.51,1.49,0.3,0.0,0.0,4.2,0.0,-0.7000000000000001,0.1,0.0,-24.9,0.0,25.0,100.7,0.0,21.9,31.1,31.0,31.700000000000003,300.0,300.0,30.6,34.800000000000004,30.5,29.9,31.700000000000003,4.96,1.99,4.96,0.16,0.0,0.0,1027.0,8228.0,0.0,0.0,0.0,0.0,0.0,1.0,0.0,0.0,0.0,0.003,0.0,0.0,0.0,0.1,0.0,0.0154,16.0,25903.0
2026-07-30T18:59:15.436Z,124.919,124.932,0.1,7.4,0.0,0.0,0.0,0.0,0.0,0.0,0.0,0.0,1.0,0.0,0.0,0.0,9.0,4.0,0.0,0.0,0.0,0.0,0.0,0.0,0.0,0.0,6.0,12.0,1.0,12.15,5.01,2.51,1.49,0.5,0.0,0.0,4.3,0.0,0.4,0.7000000000000001,0.0,-30.6,0.0,24.0,106.0,0.0,21.9,31.1,31.0,31.700000000000003,300.0,300.0,30.6,34.800000000000004,30.5,29.9,31.700000000000003,4.96,1.99,4.96,0.16,0.0,0.0,1027.0,8228.0,0.0,0.0,0.0,0.0,0.0,1.0,0.0,0.0,0.0,0.003,0.0,0.1,0.0,0.7000000000000001,0.0,0.0129,16.0,25903.0
2026-07-30T18:59:15.448Z,124.931,124.944,0.0,7.4,0.0,0.0,0.0,0.0,0.0,0.0,0.0,0.0,1.0,0.0,0.0,0.0,9.0,4.0,0.0,0.0,0.0,0.0,0.0,0.0,0.0,0.0,1.0,12.0,1.0,12.15,5.01,2.51,1.49,0.4,0.0,0.0,4.2,0.0,0.3,0.1,1.6,-36.3,0.0,23.0,112.1,0.0,21.9,31.1,31.0,31.700000000000003,300.0,300.0,30.6,34.800000000000004,30.5,29.9,31.700000000000003,4.95,1.99,4.96,0.16,0.0,0.0,1027.0,8228.0,0.0,0.0,0.0,0.0,0.0,1.0,0.0,0.0,0.0,0.003,0.0,1.9,0.0,0.3,0.0,0.012,16.0,25903.0
2026-07-30T18:59:15.464Z,124.947,124.956,0.0,7.4,0.0,0.0,0.0,0.0,0.0,0.0,0.0,0.0,1.0,0.0,0.0,0.0,9.0,4.0,0.0,0.0,0.0,0.0,0.0,0.0,0.0,0.0,3.0,12.0,1.0,12.17,5.0200000000000005,2.51,1.49,0.4,0.1,0.0,4.1000000000000005,0.0,-0.8,0.6000000000000001,-0.1,-42.0,0.0,22.0,118.4,0.0,20.9,31.0,31.0,31.700000000000003,300.0,300.0,30.700000000000003,34.800000000000004,30.5,29.9,31.700000000000003,4.95,1.99,4.97,0.16,0.0,0.0,1027.0,8228.0,0.0,0.0,0.0,0.0,0.0,1.0,0.0,0.0,0.0,0.003,0.0,0.1,0.0,0.6000000000000001,0.0,0.0134,16.0,25903.0
2026-07-30T18:59:15.474Z,124.957,124.968,0.0,7.4,0.0,0.0,0.0,0.0,0.0,0.0,0.0,0.0,1.0,0.0,0.0,0.0,9.0,4.0,0.0,0.0,0.0,0.0,0.0,0.0,0.0,0.0,2.0,12.0,1.0,12.17,5.0200000000000005,2.51,1.49,0.3,0.1,0.0,4.1000000000000005,0.0,1.5,0.0,0.4,-47.8,0.0,21.0,124.5,0.0,20.9,31.0,31.0,31.700000000000003,300.0,300.0,30.700000000000003,34.800000000000004,30.5,29.9,31.700000000000003,4.96,1.99,4.96,0.16,0.0,0.0,1027.0,8228.0,0.0,0.0,0.0,0.0,0.0,1.0,0.0,0.0,0.0,0.003,0.0,0.5,0.0,0.0,0.0,0.014,16.0,25903.0
2026-07-30T18:59:15.484Z,124.967,124.98,0.0,7.4,0.0,0.0,0.0,0.0,0.0,0.0,0.0,0.0,1.0,0.0,0.0,0.0,9.0,4.0,0.0,0.0,0.0,0.0,0.0,0.0,0.0,0.0,2.0,12.0,1.0,12.17,5.0200000000000005,2.51,1.49,0.3,0.2,0.0,4.1000000000000005,0.0,-0.2,1.2000000000000002,-0.1,-53.6,0.0,20.0,130.9,0.0,20.9,31.0,31.0,31.700000000000003,300.0,300.0,30.700000000000003,34.800000000000004,30.5,29.9,31.700000000000003,4.96,1.99,4.96,0.16,0.0,0.0,1027.0,8228.0,0.0,0.0,0.0,0.0,0.0,1.0,0.0,0.0,0.0,0.003,0.0,0.7000000000000001,0.0,1.1,0.0,0.0141,16.0,25903.0
2026-07-30T18:59:15.496Z,124.979,124.992,0.0,7.4,0.0,0.0,0.0,0.0,0.0,0.0,0.0,0.0,1.0,0.0,0.0,0.0,9.0,4.0,0.0,0.0,0.0,0.0,0.0,0.0,0.0,0.0,3.0,12.0,1.0,12.17,5.0200000000000005,2.51,1.49,0.2,0.3,0.0,4.0,0.0,0.9,0.1,-0.7000000000000001,-59.5,0.0,19.0,137.1,0.0,20.9,31.0,31.0,31.700000000000003,300.0,300.0,30.700000000000003,34.800000000000004,30.5,29.9,31.700000000000003,4.95,1.99,4.96,0.17,0.0,0.0,1027.0,8228.0,0.0,0.0,0.0,0.0,0.0,1.0,0.0,0.0,0.0,0.003,0.0,-0.7000000000000001,0.0,0.3,0.0,0.0145,16.0,25903.0
2026-07-30T18:59:15.508Z,124.991,125.004,0.0,7.4,0.0,0.0,0.0,0.0,0.0,0.0,0.0,0.0,1.0,0.0,0.0,0.0,9.0,4.0,0.0,0.0,0.0,0.0,0.0,0.0,0.0,0.0,4.0,12.0,1.0,12.17,5.0200000000000005,2.51,1.49,0.2,0.3,0.0,4.1000000000000005,0.0,-0.1,-0.4,-0.7000000000000001,-65.3,0.0,18.0,142.9,0.0,20.9,31.0,31.0,31.700000000000003,300.0,300.0,30.700000000000003,34.800000000000004,30.5,29.9,31.700000000000003,4.95,1.99,4.96,0.16,0.0,0.0,1027.0,8228.0,0.0,0.0,0.0,0.0,0.0,1.0,0.0,0.0,0.0,0.003,0.0,-1.2000000000000002,0.0,0.0,0.0,0.0142,16.0,25903.0
2026-07-30T18:59:15.520Z,125.003,125.016,0.0,7.4,0.0,0.0,0.0,0.0,0.0,0.0,0.0,0.0,1.0,0.0,0.0,0.0,9.0,4.0,0.0,0.0,0.0,0.0,0.0,0.0,0.0,0.0,6.0,12.0,1.0,12.17,5.0200000000000005,2.51,1.49,0.1,0.3,0.0,4.0,0.0,0.4,-0.4,0.4,-71.2,0.0,17.0,148.9,0.0,20.9,31.0,31.0,31.700000000000003,300.0,300.0,30.700000000000003,34.800000000000004,30.5,29.9,31.700000000000003,4.96,2.0,4.96,0.16,0.0,0.0,1027.0,8228.0,0.0,0.0,0.0,0.0,0.0,1.0,0.0,0.0,0.0,0.003,0.0,0.0,0.0,-0.5,0.0,0.0134,16.0,25903.0
2026-07-30T18:59:15.532Z,125.015,125.028,0.0,7.4,0.0,0.0,0.0,0.0,0.0,0.0,0.0,0.0,1.0,0.0,0.0,0.0,9.0,4.0,0.0,0.0,0.0,0.0,0.0,0.0,0.0,0.0,6.0,12.0,1.0,12.17,5.0200000000000005,2.51,1.49,0.0,0.5,0.0,4.0,0.0,0.4,0.6000000000000001,0.4,-77.0,0.0,17.0,154.60000000000002,0.0,20.9,31.0,31.0,31.700000000000003,300.0,300.0,30.700000000000003,34.800000000000004,30.5,29.9,31.700000000000003,4.96,1.99,4.97,0.16,0.0,0.0,1027.0,8228.0,0.0,0.0,0.0,0.0,0.0,1.0,0.0,0.0,0.0,0.003,0.0,1.1,0.0,0.0,0.0,0.0135,16.0,25903.0
2026-07-30T18:59:15.544Z,125.027,125.04,0.0,7.4,0.0,0.0,0.0,0.0,0.0,0.0,0.0,0.0,1.0,0.0,0.0,0.0,9.0,4.0,0.0,0.0,0.0,0.0,0.0,0.0,0.0,0.0,2.0,12.0,1.0,12.17,5.0200000000000005,2.51,1.49,0.0,0.4,0.0,4.0,0.0,-0.6000000000000001,0.7000000000000001,0.0,-82.80000000000001,0.0,16.0,159.4,0.0,20.9,31.0,31.0,31.700000000000003,300.0,300.0,30.700000000000003,34.800000000000004,30.5,29.9,31.700000000000003,4.95,1.99,4.97,0.16,0.0,0.0,1027.0,8228.0,0.0,0.0,0.0,0.0,0.0,1.0,0.0,0.0,0.0,0.002,0.0,0.7000000000000001,0.0,0.3,0.0,0.0132,16.0,25903.0
2026-07-30T18:59:15.557Z,125.04,125.052,0.0,7.4,0.0,0.0,0.0,0.0,0.0,0.0,0.0,0.0,1.0,0.0,0.0,0.0,9.0,4.0,0.0,0.0,0.0,0.0,0.0,0.0,0.0,0.0,3.0,12.0,1.0,12.18,5.01,2.5,1.49,0.0,0.4,0.0,4.0,0.0,-0.7000000000000001,0.1,-0.6000000000000001,-88.60000000000001,0.0,15.0,164.0,0.0,21.3,31.0,31.0,31.700000000000003,300.0,300.0,30.6,34.9,30.5,29.9,31.700000000000003,4.95,1.99,4.96,0.16,0.0,0.0,1027.0,8228.0,0.0,0.0,0.0,0.0,0.0,1.0,0.0,0.0,0.0,0.002,0.0,-0.3,0.0,0.5,0.0,0.0117,16.0,25903.0
2026-07-30T18:59:15.567Z,125.05,125.064,0.0,7.4,0.0,0.0,0.0,0.0,0.0,0.0,0.0,0.0,1.0,0.0,0.0,0.0,9.0,4.0,0.0,0.0,0.0,0.0,0.0,0.0,0.0,0.0,4.0,12.0,1.0,12.18,5.01,2.5,1.49,0.0,0.3,0.0,3.9,0.0,1.0,-0.4,1.1,-94.2,0.0,15.0,168.60000000000002,0.0,21.3,31.0,31.0,31.700000000000003,300.0,300.0,30.6,34.9,30.5,29.9,31.700000000000003,4.95,1.99,4.97,0.16,0.0,0.0,1027.0,8228.0,0.0,0.0,0.0,0.0,0.0,1.0,0.0,0.0,0.0,0.002,0.0,0.4,0.0,-1.0,0.0,0.0107,16.0,25903.0
2026-07-30T18:59:15.580Z,125.063,125.076,0.0,7.4,0.0,0.0,0.0,0.0,0.0,0.0,0.0,0.0,1.0,0.0,0.0,0.0,9.0,4.0,0.0,0.0,0.0,0.0,0.0,0.0,0.0,0.0,5.0,12.0,1.0,12.18,5.01,2.5,1.49,0.0,0.3,0.0,3.9,0.0,-0.1,0.7000000000000001,-0.5,-99.8,0.0,14.0,172.8,0.0,21.3,31.0,31.0,31.700000000000003,300.0,300.0,30.6,34.9,30.5,29.9,31.700000000000003,4.95,1.99,4.96,0.16,0.0,0.0,1027.0,8228.0,0.0,0.0,0.0,0.0,0.0,1.0,0.0,0.0,0.0,0.002,0.0,0.4,0.0,0.6000000000000001,0.0,0.0105,16.0,25903.0
2026-07-30T18:59:15.592Z,125.075,125.088,0.0,7.4,0.0,0.0,0.0,0.0,0.0,0.0,0.0,0.0,1.0,0.0,0.0,0.0,9.0,4.0,0.0,0.0,0.0,0.0,0.0,0.0,0.0,0.0,1.0,12.0,1.0,12.18,5.01,2.5,1.49,-0.1,0.2,0.0,3.9,0.0,1.0,2.5,0.6000000000000001,-105.2,0.0,13.0,175.8,0.0,21.3,31.0,31.0,31.700000000000003,300.0,300.0,30.6,34.9,30.5,29.9,31.700000000000003,4.96,1.99,4.96,0.16,0.0,0.0,1027.0,8228.0,0.0,0.0,0.0,0.0,0.0,1.0,0.0,0.0,0.0,0.001,0.0,3.3000000000000003,0.0,-0.3,0.0,0.0097,16.0,25903.0
2026-07-30T18:59:15.604Z,125.087,125.1,0.0,7.4,0.0,0.0,0.0,0.0,0.0,0.0,0.0,0.0,1.0,0.0,0.0,0.0,9.0,4.0,0.0,0.0,0.0,0.0,0.0,0.0,0.0,0.0,2.0,12.0,1.0,12.18,5.01,2.5,1.49,0.0,0.1,0.0,3.8,0.0,-0.1,0.7000000000000001,0.6000000000000001,-110.4,0.0,13.0,177.60000000000002,0.0,21.3,31.0,31.0,31.700000000000003,300.0,300.0,30.6,34.9,30.5,29.9,31.700000000000003,4.95,1.99,4.96,0.16,0.0,0.0,1027.0,8228.0,0.0,0.0,0.0,0.0,0.0,1.0,0.0,0.0,0.0,0.001,0.0,1.2000000000000002,0.0,-0.5,0.0,0.0077,16.0,25903.0
2026-07-30T18:59:15.616Z,125.099,125.112,0.0,7.4,0.0,0.0,0.0,0.0,0.0,0.0,0.0,0.0,1.0,0.0,0.0,0.0,9.0,4.0,0.0,0.0,0.0,0.0,0.0,0.0,0.0,0.0,3.0,12.0,1.0,12.18,5.01,2.5,1.49,0.0,0.0,0.0,3.8,0.0,-0.1,-1.0,1.2000000000000002,-115.3,0.0,12.0,177.9,0.0,21.3,31.0,31.0,31.700000000000003,300.0,300.0,30.6,34.9,30.5,29.9,31.700000000000003,4.95,1.99,4.96,0.16,0.0,0.0,1027.0,8228.0,0.0,0.0,0.0,0.0,0.0,1.0,0.0,0.0,0.0,0.0,0.0,-0.4,0.0,-1.2000000000000002,0.0,0.0051,16.0,25903.0
2026-07-30T18:59:15.627Z,125.11,125.124,0.0,7.4,0.0,0.0,0.0,0.0,0.0,0.0,0.0,0.0,1.0,0.0,0.0,0.0,9.0,4.0,0.0,0.0,0.0,0.0,0.0,0.0,0.0,0.0,5.0,12.0,1.0,12.18,5.01,2.5,1.49,0.0,0.0,0.0,3.8,0.0,0.4,0.7000000000000001,0.6000000000000001,-119.8,0.0,11.0,177.20000000000002,0.0,21.3,31.0,31.0,31.700000000000003,300.0,300.0,30.6,34.9,30.5,29.9,31.700000000000003,4.95,1.99,4.96,0.16,0.0,0.0,1027.0,8228.0,0.0,0.0,0.0,0.0,0.0,1.0,0.0,0.0,0.0,0.0,0.0,1.2000000000000002,0.0,-0.5,0.0,0.002,16.0,25903.0
2026-07-30T18:59:15.640Z,125.123,125.136,-0.1,7.4,0.0,0.0,0.0,0.0,0.0,0.0,0.0,0.0,1.0,0.0,0.0,0.0,9.0,4.0,0.0,0.0,0.0,0.0,0.0,0.0,0.0,0.0,6.0,12.0,1.0,12.18,5.01,2.5,1.49,0.0,-0.1,0.0,3.8,0.0,-0.1,-0.4,-1.7000000000000002,-123.9,0.0,10.0,175.5,0.0,21.3,31.0,31.0,31.700000000000003,300.0,300.0,30.6,34.9,30.5,29.9,31.700000000000003,4.96,1.99,4.96,0.16,0.0,0.0,1027.0,8228.0,0.0,0.0,0.0,0.0,0.0,1.0,0.0,0.0,0.0,0.0,0.0,-1.6,0.0,1.6,0.0,0.0008,16.0,25903.0
2026-07-30T18:59:15.652Z,125.135,125.148,0.0,7.4,0.0,0.0,0.0,0.0,0.0,0.0,0.0,0.0,1.0,0.0,0.0,0.0,9.0,4.0,0.0,0.0,0.0,0.0,0.0,0.0,0.0,0.0,2.0,12.0,1.0,12.18,5.01,2.5,1.49,0.0,-0.1,0.0,3.8,0.0,-0.1,-0.9,0.0,-127.6,0.0,9.0,173.3,0.0,21.3,31.0,31.0,31.700000000000003,300.0,300.0,30.6,34.9,30.5,29.9,31.700000000000003,4.95,1.99,4.97,0.16,0.0,0.0,1027.0,8228.0,0.0,0.0,0.0,0.0,0.0,1.0,0.0,0.0,0.0,-0.001,0.0,-1.1,0.0,-0.1,0.0,0.003,16.0,25903.0
2026-07-30T18:59:15.664Z,125.147,125.16,0.0,7.4,0.0,0.0,0.0,0.0,0.0,0.0,0.0,0.0,1.0,0.0,0.0,0.0,9.0,4.0,0.0,0.0,0.0,0.0,0.0,0.0,0.0,0.0,4.0,12.0,1.0,12.18,5.01,2.5,1.5,0.0,-0.1,0.0,3.8,0.0,0.4,-0.4,0.0,-130.8,0.0,8.0,171.10000000000002,0.0,21.8,31.0,31.0,31.700000000000003,300.0,300.0,30.700000000000003,34.9,30.5,29.9,31.700000000000003,4.96,2.0,4.96,0.16,0.0,0.0,1027.0,8228.0,0.0,0.0,0.0,0.0,0.0,1.0,0.0,0.0,0.0,-0.001,0.0,-0.4,0.0,0.0,0.0,0.0045,16.0,25903.0
2026-07-30T18:59:15.676Z,125.159,125.172,0.0,7.4,0.0,0.0,0.0,0.0,0.0,0.0,0.0,0.0,1.0,0.0,0.0,0.0,9.0,4.0,0.0,0.0,0.0,0.0,0.0,0.0,0.0,0.0,5.0,12.0,1.0,12.18,5.01,2.5,1.5,0.0,0.0,0.0,3.8,0.0,-0.6000000000000001,-0.9,-1.7000000000000002,-133.6,0.0,7.0,169.0,0.0,21.8,31.0,31.0,31.700000000000003,300.0,300.0,30.700000000000003,34.9,30.5,29.9,31.700000000000003,4.96,2.0,4.96,0.16,0.0,0.0,1027.0,8228.0,0.0,0.0,0.0,0.0,0.0,1.0,0.0,0.0,0.0,-0.001,0.0,0.8,0.0,0.1,0.0,0.005,16.0,25903.0
2026-07-30T18:59:15.688Z,125.171,125.184,0.0,7.4,0.0,0.0,0.0,0.0,0.0,0.0,0.0,0.0,1.0,0.0,0.0,0.0,9.0,4.0,0.0,0.0,0.0,0.0,0.0,0.0,0.0,0.0,6.0,12.0,1.0,12.18,5.01,2.5,1.5,0.0,0.0,0.0,3.7,0.0,0.4,1.8,0.4,-136.20000000000002,0.0,7.0,167.5,0.0,21.8,31.0,31.0,31.700000000000003,300.0,300.0,30.700000000000003,34.9,30.5,29.9,31.700000000000003,4.95,1.99,4.96,0.16,0.0,0.0,1027.0,8228.0,0.0,0.0,0.0,0.0,0.0,1.0,0.0,0.0,0.0,0.0,0.0,2.5,0.0,0.0,0.0,0.0048,16.0,25903.0
2026-07-30T18:59:15.699Z,125.182,125.196,0.0,7.4,0.0,0.0,0.0,0.0,0.0,0.0,0.0,0.0,1.0,0.0,0.0,0.0,9.0,4.0,0.0,0.0,0.0,0.0,0.0,0.0,0.0,0.0,2.0,12.0,1.0,12.18,5.01,2.5,1.5,0.0,0.1,0.0,3.7,0.0,-0.1,0.7000000000000001,-0.6000000000000001,-138.4,0.0,6.0,167.3,0.0,21.8,31.0,31.0,31.700000000000003,300.0,300.0,30.700000000000003,34.9,30.5,29.9,31.700000000000003,4.95,1.99,4.97,0.16,0.0,0.0,1027.0,8228.0,0.0,0.0,0.0,0.0,0.0,1.0,0.0,0.0,0.0,0.0,0.0,-0.1,0.0,-0.5,0.0,0.0037,16.0,25903.0
2026-07-30T18:59:15.712Z,125.195,125.208,0.0,7.4,0.0,0.0,0.0,0.0,0.0,0.0,0.0,0.0,1.0,0.0,0.0,0.0,9.0,4.0,0.0,0.0,0.0,0.0,0.0,0.0,0.0,0.0,3.0,12.0,1.0,12.18,5.01,2.5,1.5,0.0,0.2,0.0,3.7,0.0,-0.1,0.1,-0.6000000000000001,-140.5,0.0,6.0,167.60000000000002,0.0,21.8,31.0,31.0,31.700000000000003,300.0,300.0,30.700000000000003,34.9,30.5,29.9,31.700000000000003,4.95,2.0,4.96,0.16,0.0,0.0,1027.0,8228.0,0.0,0.0,0.0,0.0,0.0,1.0,0.0,0.0,0.0,0.0,0.0,-2.1,0.0,0.7000000000000001,0.0,0.0016,16.0,25903.0
2026-07-30T18:59:15.724Z,125.207,125.22,0.0,7.4,0.0,0.0,0.0,0.0,0.0,0.0,0.0,0.0,1.0,0.0,0.0,0.0,9.0,4.0,0.0,0.0,0.0,0.0,0.0,0.0,0.0,0.0,5.0,12.0,1.0,12.18,5.01,2.5,1.5,0.0,0.1,0.0,3.7,0.0,0.3,0.6000000000000001,-0.1,-142.5,0.0,5.0,168.60000000000002,0.0,21.8,31.0,31.0,31.700000000000003,300.0,300.0,30.700000000000003,34.9,30.5,29.9,31.700000000000003,4.95,1.99,4.97,0.16,0.0,0.0,1027.0,8228.0,0.0,0.0,0.0,0.0,0.0,1.0,0.0,0.0,0.0,0.0,0.0,0.6000000000000001,0.0,0.2,0.0,0.0002,16.0,25903.0
2026-07-30T18:59:15.736Z,125.219,125.232,0.0,7.4,0.0,0.0,0.0,0.0,0.0,0.0,0.0,0.0,1.0,0.0,0.0,0.0,9.0,4.0,0.0,0.0,0.0,0.0,0.0,0.0,0.0,0.0,6.0,12.0,1.0,12.18,5.01,2.5,1.5,-0.1,0.1,0.0,3.7,0.0,0.3,0.1,1.0,-144.5,0.0,5.0,169.8,0.0,21.8,31.0,31.0,31.700000000000003,300.0,300.0,30.700000000000003,34.9,30.5,29.9,31.700000000000003,4.96,1.99,4.97,0.16,0.0,0.0,1027.0,8228.0,0.0,0.0,0.0,0.0,0.0,1.0,0.0,0.0,0.0,0.0,0.0,0.9,0.0,-0.9,0.0,0.0019,16.0,25903.0
2026-07-30T18:59:15.748Z,125.231,125.244,0.0,7.4,0.0,0.0,0.0,0.0,0.0,0.0,0.0,0.0,1.0,0.0,0.0,0.0,9.0,4.0,0.0,0.0,0.0,0.0,0.0,0.0,0.0,0.0,1.0,12.0,1.0,12.18,5.01,2.5,1.5,0.0,0.0,0.0,3.6,0.0,-0.7000000000000001,0.6000000000000001,0.4,-146.3,0.0,5.0,170.60000000000002,0.0,21.8,31.0,31.0,31.700000000000003,300.0,300.0,30.700000000000003,34.9,30.5,29.9,31.700000000000003,4.96,1.99,4.96,0.16,0.0,0.0,1027.0,8228.0,0.0,0.0,0.0,0.0,0.0,1.0,0.0,0.0,0.0,0.0,0.0,1.1,0.0,-0.2,0.0,0.0023,16.0,25903.0
2026-07-30T18:59:15.761Z,125.244,125.256,0.0,7.4,0.0,0.0,0.0,0.0,0.0,0.0,0.0,0.0,1.0,0.0,0.0,0.0,9.0,4.0,0.0,0.0,0.0,0.0,0.0,0.0,0.0,0.0,3.0,12.0,1.0,12.15,5.01,2.51,1.49,0.0,0.0,0.0,3.6,0.0,0.4,0.1,1.0,-148.1,0.0,4.0,170.70000000000002,0.0,21.700000000000003,31.0,31.0,31.700000000000003,300.0,300.0,30.8,34.800000000000004,30.5,29.9,31.700000000000003,4.95,1.99,4.96,0.16,0.0,0.0,1027.0,8228.0,0.0,0.0,0.0,0.0,0.0,1.0,0.0,0.0,0.0,0.0,0.0,0.8,0.0,-0.9,0.0,0.0021,16.0,25903.0
2026-07-30T18:59:15.772Z,125.255,125.268,0.0,7.4,0.0,0.0,0.0,0.0,0.0,0.0,0.0,0.0,1.0,0.0,0.0,0.0,9.0,4.0,0.0,0.0,0.0,0.0,0.0,0.0,0.0,0.0,4.0,12.0,1.0,12.15,5.01,2.51,1.49,0.0,0.0,0.0,3.6,0.0,0.9,0.1,-0.1,-149.70000000000002,0.0,4.0,170.5,0.0,21.700000000000003,31.0,31.0,31.700000000000003,300.0,300.0,30.8,34.800000000000004,30.5,29.9,31.700000000000003,4.95,1.99,4.97,0.16,0.0,0.0,1027.0,8228.0,0.0,0.0,0.0,0.0,0.0,1.0,0.0,0.0,0.0,0.0,0.0,0.0,0.0,0.1,0.0,0.0009,16.0,25903.0
2026-07-30T18:59:15.790Z,125.273,125.28,0.0,7.4,0.0,0.0,0.0,0.0,0.0,0.0,0.0,0.0,1.0,0.0,0.0,0.0,9.0,4.0,0.0,0.0,0.0,0.0,0.0,0.0,0.0,0.0,6.0,12.0,1.0,12.15,5.01,2.51,1.49,0.0,0.0,0.0,3.5,0.0,1.0,0.7000000000000001,0.0,-151.20000000000002,0.0,4.0,169.8,0.0,21.700000000000003,31.0,31.0,31.700000000000003,300.0,300.0,30.8,34.800000000000004,30.5,29.9,31.700000000000003,4.95,2.0,4.97,0.16,0.0,0.0,1027.0,8228.0,0.0,0.0,0.0,0.0,0.0,1.0,0.0,0.0,0.0,0.0,0.0,0.7000000000000001,0.0,0.2,0.0,0.0001,16.0,25903.0
2026-07-30T18:59:15.796Z,125.279,125.292,0.0,7.4,0.0,0.0,0.0,0.0,0.0,0.0,0.0,0.0,1.0,0.0,0.0,0.0,9.0,4.0,0.0,0.0,0.0,0.0,0.0,0.0,0.0,0.0,4.0,12.0,1.0,12.15,5.01,2.51,1.49,0.0,0.1,0.0,3.5,0.0,-0.7000000000000001,0.6000000000000001,-1.2000000000000002,-152.6,0.0,3.0,169.4,0.0,21.700000000000003,31.0,31.0,31.700000000000003,300.0,300.0,30.8,34.800000000000004,30.5,29.9,31.700000000000003,4.96,2.0,4.96,0.16,0.0,0.0,1027.0,8228.0,0.0,0.0,0.0,0.0,0.0,1.0,0.0,0.0,0.0,0.0,0.0,-0.1,0.0,1.2000000000000002,0.0,0.0011,16.0,25903.0
2026-07-30T18:59:15.808Z,125.291,125.304,0.0,7.4,0.0,0.0,0.0,0.0,0.0,0.0,0.0,0.0,1.0,0.0,0.0,0.0,9.0,4.0,0.0,0.0,0.0,0.0,0.0,0.0,0.0,0.0,4.0,12.0,1.0,12.15,5.01,2.51,1.49,0.0,0.0,0.0,3.5,0.0,0.4,-0.5,0.0,-153.8,0.0,3.0,169.20000000000002,0.0,21.700000000000003,31.0,31.0,31.700000000000003,300.0,300.0,30.8,34.800000000000004,30.5,29.9,31.700000000000003,4.95,1.99,4.97,0.16,0.0,0.0,1027.0,8228.0,0.0,0.0,0.0,0.0,0.0,1.0,0.0,0.0,0.0,0.0,0.0,-0.6000000000000001,0.0,0.0,0.0,0.001,16.0,25903.0
2026-07-30T18:59:15.820Z,125.303,125.316,0.0,7.4,0.0,0.0,0.0,0.0,0.0,0.0,0.0,0.0,1.0,0.0,0.0,0.0,9.0,4.0,0.0,0.0,0.0,0.0,0.0,0.0,0.0,0.0,5.0,12.0,1.0,12.15,5.01,2.51,1.49,0.0,0.0,0.0,3.6,0.0,-0.7000000000000001,0.6000000000000001,0.0,-154.9,0.0,3.0,169.4,0.0,21.700000000000003,31.0,31.0,31.700000000000003,300.0,300.0,30.8,34.800000000000004,30.5,29.9,31.700000000000003,4.95,1.99,4.96,0.16,0.0,0.0,1027.0,8228.0,0.0,0.0,0.0,0.0,0.0,1.0,0.0,0.0,0.0,0.0,0.0,0.6000000000000001,0.0,0.2,0.0,0.0006,16.0,25903.0
2026-07-30T18:59:15.832Z,125.315,125.328,0.0,7.4,0.0,0.0,0.0,0.0,0.0,0.0,0.0,0.0,1.0,0.0,0.0,0.0,9.0,4.0,0.0,0.0,0.0,0.0,0.0,0.0,0.0,0.0,5.0,12.0,1.0,12.15,5.01,2.51,1.49,0.0,0.0,0.0,3.5,0.0,-0.7000000000000001,0.6000000000000001,-0.6000000000000001,-156.0,0.0,3.0,169.70000000000002,0.0,21.700000000000003,31.0,31.0,31.700000000000003,300.0,300.0,30.8,34.800000000000004,30.5,29.9,31.700000000000003,4.96,2.0,4.96,0.16,0.0,0.0,1027.0,8228.0,0.0,0.0,0.0,0.0,0.0,1.0,0.0,0.0,0.0,0.0,0.0,0.2,0.0,0.6000000000000001,0.0,0.0,16.0,25903.0
2026-07-30T18:59:15.844Z,125.327,125.34,0.0,7.4,0.0,0.0,0.0,0.0,0.0,0.0,0.0,0.0,1.0,0.0,0.0,0.0,9.0,4.0,0.0,0.0,0.0,0.0,0.0,0.0,0.0,0.0,1.0,12.0,1.0,12.15,5.01,2.51,1.49,-0.1,0.0,0.0,3.5,0.0,0.4,-1.0,-0.6000000000000001,-157.0,0.0,3.0,169.8,0.0,21.700000000000003,31.0,31.0,31.700000000000003,300.0,300.0,30.8,34.800000000000004,30.5,29.9,31.700000000000003,4.95,2.0,4.96,0.16,0.0,0.0,1027.0,8228.0,0.0,0.0,0.0,0.0,0.0,1.0,0.0,0.0,0.0,0.0,0.0,-1.6,0.0,0.3,0.0,0.0006,16.0,25903.0
2026-07-30T18:59:15.856Z,125.339,125.352,0.0,7.4,0.0,0.0,0.0,0.0,0.0,0.0,0.0,0.0,1.0,0.0,0.0,0.0,9.0,4.0,0.0,0.0,0.0,0.0,0.0,0.0,0.0,0.0,2.0,12.0,1.0,12.15,5.01,2.51,1.49,0.0,0.0,0.0,3.5,0.0,-0.7000000000000001,-0.5,1.1,-157.9,0.0,2.0,169.8,0.0,21.700000000000003,31.0,31.0,31.700000000000003,300.0,300.0,30.8,34.800000000000004,30.5,29.9,31.700000000000003,4.95,1.99,4.96,0.16,0.0,0.0,1027.0,8228.0,0.0,0.0,0.0,0.0,0.0,1.0,0.0,0.0,0.0,0.0,0.0,0.2,0.0,-1.0,0.0,0.0004,16.0,25903.0
2026-07-30T18:59:15.868Z,125.351,125.364,0.0,7.4,0.0,0.0,0.0,0.0,0.0,0.0,0.0,0.0,1.0,0.0,0.0,0.0,9.0,4.0,0.0,0.0,0.0,0.0,0.0,0.0,0.0,0.0,3.0,12.0,1.0,12.17,5.0200000000000005,2.51,1.5,0.0,0.0,0.0,3.4000000000000004,0.0,-1.3,0.0,-1.2000000000000002,-158.8,0.0,2.0,169.70000000000002,0.0,21.3,31.0,31.0,31.700000000000003,300.0,300.0,30.8,34.9,30.5,29.9,31.700000000000003,4.95,2.0,4.96,0.16,0.0,0.0,1027.0,8228.0,0.0,0.0,0.0,0.0,0.0,1.0,0.0,0.0,0.0,0.0,0.0,-0.8,0.0,1.0,0.0,0.0001,16.0,25903.0
2026-07-30T18:59:15.880Z,125.363,125.376,0.0,7.4,0.0,0.0,0.0,0.0,0.0,0.0,0.0,0.0,1.0,0.0,0.0,0.0,9.0,4.0,0.0,0.0,0.0,0.0,0.0,0.0,0.0,0.0,4.0,12.0,1.0,12.17,5.0200000000000005,2.51,1.5,0.0,0.0,0.0,3.5,0.0,-0.2,0.0,1.1,-159.5,0.0,2.0,169.60000000000002,0.0,21.3,31.0,31.0,31.700000000000003,300.0,300.0,30.8,34.9,30.5,29.9,31.700000000000003,4.96,1.99,4.96,0.16,0.0,0.0,1027.0,8228.0,0.0,0.0,0.0,0.0,0.0,1.0,0.0,0.0,0.0,0.0,0.0,0.8,0.0,-0.9,0.0,0.0002,16.0,25903.0
2026-07-30T18:59:15.892Z,125.375,125.388,0.0,7.4,0.0,0.0,0.0,0.0,0.0,0.0,0.0,0.0,1.0,0.0,0.0,0.0,9.0,4.0,0.0,0.0,0.0,0.0,0.0,0.0,0.0,0.0,5.0,12.0,1.0,12.17,5.0200000000000005,2.51,1.5,0.0,0.0,0.0,3.4000000000000004,0.0,0.3,-0.5,-0.7000000000000001,-160.3,0.0,2.0,169.60000000000002,0.0,21.3,31.0,31.0,31.700000000000003,300.0,300.0,30.8,34.9,30.5,29.9,31.700000000000003,4.95,1.99,4.97,0.16,0.0,0.0,1027.0,8228.0,0.0,0.0,0.0,0.0,0.0,1.0,0.0,0.0,0.0,0.0,0.0,-1.1,0.0,0.5,0.0,0.0002,16.0,25903.0
2026-07-30T18:59:15.904Z,125.387,125.4,0.0,7.4,0.0,0.0,0.0,0.0,0.0,0.0,0.0,0.0,1.0,0.0,0.0,0.0,9.0,4.0,0.0,0.0,0.0,0.0,0.0,0.0,0.0,0.0,1.0,12.0,1.0,12.17,5.0200000000000005,2.51,1.5,0.0,0.0,0.0,3.3000000000000003,0.0,-0.2,-1.7000000000000002,-0.7000000000000001,-161.0,0.0,2.0,169.70000000000002,0.0,21.3,31.0,31.0,31.700000000000003,300.0,300.0,30.8,34.9,30.5,29.9,31.700000000000003,4.96,1.99,4.96,0.16,0.0,0.0,1027.0,8228.0,0.0,0.0,0.0,0.0,0.0,1.0,0.0,0.0,0.0,0.0,0.0,-2.5,0.0,0.2,0.0,0.0001,16.0,25903.0
2026-07-30T18:59:15.915Z,125.398,125.412,0.0,7.4,0.0,0.0,0.0,0.0,0.0,0.0,0.0,0.0,1.0,0.0,0.0,0.0,9.0,4.0,0.0,0.0,0.0,0.0,0.0,0.0,0.0,0.0,2.0,12.0,1.0,12.17,5.0200000000000005,2.51,1.5,0.0,0.0,0.0,3.4000000000000004,0.0,-0.2,0.0,-0.1,-161.60000000000002,0.0,2.0,169.8,0.0,21.3,31.0,31.0,31.700000000000003,300.0,300.0,30.8,34.9,30.5,29.9,31.700000000000003,4.96,1.99,4.96,0.16,0.0,0.0,1027.0,8228.0,0.0,0.0,0.0,0.0,0.0,1.0,0.0,0.0,0.0,0.0,0.0,0.0,0.0,0.1,0.0,0.0,16.0,25903.0
2026-07-30T18:59:15.929Z,125.412,125.424,0.0,7.4,0.0,0.0,0.0,0.0,0.0,0.0,0.0,0.0,1.0,0.0,0.0,0.0,9.0,4.0,0.0,0.0,0.0,0.0,0.0,0.0,0.0,0.0,3.0,12.0,1.0,12.17,5.0200000000000005,2.51,1.5,0.0,0.0,0.0,3.4000000000000004,0.0,-0.2,0.0,-0.7000000000000001,-162.20000000000002,0.0,2.0,169.8,0.0,21.3,31.0,31.0,31.700000000000003,300.0,300.0,30.8,34.9,30.5,29.9,31.700000000000003,4.95,1.99,4.96,0.16,0.0,0.0,1027.0,8228.0,0.0,0.0,0.0,0.0,0.0,1.0,0.0,0.0,0.0,0.0,0.0,-0.4,0.0,0.6000000000000001,0.0,0.0002,16.0,25903.0
2026-07-30T18:59:15.940Z,125.423,125.436,0.0,7.4,0.0,0.0,0.0,0.0,0.0,0.0,0.0,0.0,1.0,0.0,0.0,0.0,9.0,4.0,0.0,0.0,0.0,0.0,0.0,0.0,0.0,0.0,4.0,12.0,1.0,12.17,5.0200000000000005,2.51,1.5,0.0,0.0,0.0,3.4000000000000004,0.0,-0.2,-0.5,0.0,-162.70000000000002,0.0,1.0,169.70000000000002,0.0,21.3,31.0,31.0,31.700000000000003,300.0,300.0,30.8,34.9,30.5,29.9,31.700000000000003,4.95,1.99,4.97,0.16,0.0,0.0,1027.0,8228.0,0.0,0.0,0.0,0.0,0.0,1.0,0.0,0.0,0.0,0.0,0.0,-0.6000000000000001,0.0,0.0,0.0,0.0001,16.0,25903.0
2026-07-30T18:59:15.952Z,125.435,125.448,0.0,7.4,0.0,0.0,0.0,0.0,0.0,0.0,0.0,0.0,1.0,0.0,0.0,0.0,9.0,4.0,0.0,0.0,0.0,0.0,0.0,0.0,0.0,0.0,5.0,12.0,1.0,12.17,5.0200000000000005,2.51,1.5,0.0,0.0,0.0,3.3000000000000003,0.0,-0.2,-1.0,-0.6000000000000001,-163.20000000000002,0.0,1.0,169.8,0.0,21.3,31.0,31.0,31.700000000000003,300.0,300.0,30.8,34.9,30.5,29.9,31.700000000000003,4.96,1.99,4.96,0.16,0.0,0.0,1027.0,8228.0,0.0,0.0,0.0,0.0,0.0,1.0,0.0,0.0,0.0,0.0,0.0,-1.7000000000000002,0.0,0.3,0.0,0.0001,16.0,25903.0
2026-07-30T18:59:15.965Z,125.448,125.46,0.0,7.4,0.0,0.0,0.0,0.0,0.0,0.0,0.0,0.0,1.0,0.0,0.0,0.0,9.0,4.0,0.0,0.0,0.0,0.0,0.0,0.0,0.0,0.0,6.0,12.0,1.0,12.15,5.0200000000000005,2.51,1.5,0.0,0.1,0.0,3.4000000000000004,0.0,0.3,0.6000000000000001,0.0,-163.70000000000002,0.0,1.0,169.8,0.0,21.4,31.0,31.0,31.700000000000003,300.0,300.0,30.6,34.9,30.5,29.9,31.700000000000003,4.96,1.99,4.97,0.16,0.0,0.0,1027.0,8228.0,0.0,0.0,0.0,0.0,0.0,1.0,0.0,0.0,0.0,0.0,0.0,0.6000000000000001,0.0,0.2,0.0,0.0001,16.0,25903.0
2026-07-30T18:59:15.976Z,125.459,125.472,0.0,7.4,0.0,0.0,0.0,0.0,0.0,0.0,0.0,0.0,1.0,0.0,0.0,0.0,9.0,4.0,0.0,0.0,0.0,0.0,0.0,0.0,0.0,0.0,1.0,12.0,1.0,12.15,5.0200000000000005,2.51,1.5,0.0,0.0,0.0,3.3000000000000003,0.0,-0.2,1.2000000000000002,1.0,-164.10000000000002,0.0,1.0,169.8,0.0,21.4,31.0,31.0,31.700000000000003,300.0,300.0,30.6,34.9,30.5,29.9,31.700000000000003,4.95,1.99,4.97,0.16,0.0,0.0,1027.0,8228.0,0.0,0.0,0.0,0.0,0.0,1.0,0.0,0.0,0.0,0.0,0.0,2.2,0.0,-0.7000000000000001,0.0,0.0001,16.0,25903.0
2026-07-30T18:59:15.988Z,125.471,125.484,0.0,7.4,0.0,0.0,0.0,0.0,0.0,0.0,0.0,0.0,1.0,0.0,0.0,0.0,9.0,4.0,0.0,0.0,0.0,0.0,0.0,0.0,0.0,0.0,2.0,12.0,1.0,12.15,5.0200000000000005,2.51,1.5,0.0,0.0,0.0,3.3000000000000003,0.0,-0.2,-0.4,1.0,-164.5,0.0,1.0,169.8,0.0,21.4,31.0,31.0,31.700000000000003,300.0,300.0,30.6,34.9,30.5,29.9,31.700000000000003,4.95,1.99,4.97,0.16,0.0,0.0,1027.0,8228.0,0.0,0.0,0.0,0.0,0.0,1.0,0.0,0.0,0.0,0.0,0.0,0.2,0.0,-1.0,0.0,0.0,16.0,25903.0
2026-07-30T18:59:16.000Z,125.483,125.496,0.0,7.4,0.0,0.0,0.0,0.0,0.0,0.0,0.0,0.0,1.0,0.0,0.0,0.0,9.0,4.0,0.0,0.0,0.0,0.0,0.0,0.0,0.0,0.0,4.0,12.0,1.0,12.15,5.0200000000000005,2.51,1.5,0.0,0.0,0.0,3.3000000000000003,0.0,-0.8,-0.4,0.5,-164.9,0.0,1.0,169.70000000000002,0.0,21.4,31.0,31.0,31.700000000000003,300.0,300.0,30.6,34.9,30.5,29.9,31.700000000000003,4.96,1.99,4.97,0.16,0.0,0.0,1027.0,8228.0,0.0,0.0,0.0,0.0,0.0,1.0,0.0,0.0,0.0,0.0,0.0,-0.1,0.0,-0.5,0.0,0.0001,16.0,25903.0
2026-07-30T18:59:16.012Z,125.495,125.508,0.0,7.4,0.0,0.0,0.0,0.0,0.0,0.0,0.0,0.0,1.0,0.0,0.0,0.0,9.0,4.0,0.0,0.0,0.0,0.0,0.0,0.0,0.0,0.0,5.0,12.0,1.0,12.15,5.0200000000000005,2.51,1.5,0.0,0.0,0.0,3.3000000000000003,0.0,0.3,-0.4,-0.7000000000000001,-165.3,0.0,1.0,169.70000000000002,0.0,21.4,31.0,31.0,31.700000000000003,300.0,300.0,30.6,34.9,30.5,29.9,31.700000000000003,4.96,1.99,4.97,0.16,0.0,0.0,1027.0,8228.0,0.0,0.0,0.0,0.0,0.0,1.0,0.0,0.0,0.0,0.0,0.0,-1.0,0.0,0.5,0.0,0.0001,16.0,25903.0
2026-07-30T18:59:16.024Z,125.507,125.52,0.0,7.4,0.0,0.0,0.0,0.0,0.0,0.0,0.0,0.0,1.0,0.0,0.0,0.0,9.0,4.0,0.0,0.0,0.0,0.0,0.0,0.0,0.0,0.0,6.0,12.0,1.0,12.15,5.0200000000000005,2.51,1.5,0.0,0.0,0.0,3.2,0.0,1.5,1.3,1.6,-165.60000000000002,0.0,1.0,169.8,0.0,21.4,31.0,31.0,31.700000000000003,300.0,300.0,30.6,34.9,30.5,29.9,31.700000000000003,4.95,2.0,4.97,0.16,0.0,0.0,1027.0,8228.0,0.0,0.0,0.0,0.0,0.0,1.0,0.0,0.0,0.0,0.0,0.0,2.7,0.0,-1.2000000000000002,0.0,0.0001,16.0,25903.0
2026-07-30T18:59:16.036Z,125.519,125.532,0.0,7.4,0.0,0.0,0.0,0.0,0.0,0.0,0.0,0.0,1.0,0.0,0.0,0.0,9.0,4.0,0.0,0.0,0.0,0.0,0.0,0.0,0.0,0.0,1.0,12.0,1.0,12.15,5.0200000000000005,2.51,1.5,0.0,0.0,0.0,3.1,0.0,0.4,0.6000000000000001,0.0,-165.9,0.0,1.0,169.8,0.0,21.4,31.0,31.0,31.700000000000003,300.0,300.0,30.6,34.9,30.5,29.9,31.700000000000003,4.96,2.0,4.96,0.16,0.0,0.0,1027.0,8228.0,0.0,0.0,0.0,0.0,0.0,1.0,0.0,0.0,0.0,0.0,0.0,0.7000000000000001,0.0,0.2,0.0,0.0001,16.0,25903.0
2026-07-30T18:59:16.048Z,125.531,125.544,0.0,7.4,0.0,0.0,0.0,0.0,0.0,0.0,0.0,0.0,1.0,0.0,0.0,0.0,9.0,4.0,0.0,0.0,0.0,0.0,0.0,0.0,0.0,0.0,3.0,12.0,1.0,12.15,5.0200000000000005,2.51,1.5,0.0,0.0,0.0,3.2,0.0,-0.7000000000000001,-1.0,-0.6000000000000001,-166.20000000000002,0.0,1.0,169.70000000000002,0.0,21.4,31.0,31.0,31.700000000000003,300.0,300.0,30.6,34.9,30.5,29.9,31.700000000000003,4.96,1.99,4.96,0.16,0.0,0.0,1027.0,8228.0,0.0,0.0,0.0,0.0,0.0,1.0,0.0,0.0,0.0,0.0,0.0,-1.6,0.0,0.3,0.0,0.0001,16.0,25903.0
2026-07-30T18:59:16.060Z,125.543,125.556,0.0,7.4,0.0,0.0,0.0,0.0,0.0,0.0,0.0,0.0,1.0,0.0,0.0,0.0,9.0,4.0,0.0,0.0,0.0,0.0,0.0,0.0,0.0,0.0,4.0,12.0,1.0,12.15,5.0200000000000005,2.51,1.5,0.0,0.0,0.0,3.1,0.0,-0.7000000000000001,0.1,0.0,-166.4,0.0,1.0,169.8,0.0,21.4,31.0,31.0,31.700000000000003,300.0,300.0,30.6,34.9,30.5,29.9,31.700000000000003,4.96,1.99,4.96,0.16,0.0,0.0,1027.0,8228.0,0.0,0.0,0.0,0.0,0.0,1.0,0.0,0.0,0.0,0.0,0.0,0.1,0.0,0.0,0.0,0.0001,16.0,25903.0
2026-07-30T18:59:16.072Z,125.555,125.568,0.0,7.4,0.0,0.0,0.0,0.0,0.0,0.0,0.0,0.0,1.0,0.0,0.0,0.0,9.0,4.0,0.0,0.0,0.0,0.0,0.0,0.0,0.0,0.0,5.0,12.0,1.0,12.18,5.0200000000000005,2.51,1.49,0.0,0.0,0.0,3.2,0.0,-0.1,0.7000000000000001,-1.2000000000000002,-166.70000000000002,0.0,1.0,169.8,0.0,21.4,31.0,31.0,31.700000000000003,300.0,300.0,30.8,34.9,30.5,29.9,31.700000000000003,4.96,2.0,4.96,0.16,0.0,0.0,1027.0,8228.0,0.0,0.0,0.0,0.0,0.0,1.0,0.0,0.0,0.0,0.0,0.0,-0.1,0.0,1.2000000000000002,0.0,0.0,16.0,25903.0
2026-07-30T18:59:16.084Z,125.567,125.58,0.0,7.4,0.0,0.0,0.0,0.0,0.0,0.0,0.0,0.0,1.0,0.0,0.0,0.0,9.0,4.0,0.0,0.0,0.0,0.0,0.0,0.0,0.0,0.0,6.0,12.0,1.0,12.18,5.0200000000000005,2.51,1.49,0.0,0.0,0.0,3.1,0.0,0.9,-0.4,-0.6000000000000001,-166.9,0.0,1.0,169.8,0.0,21.4,31.0,31.0,31.700000000000003,300.0,300.0,30.8,34.9,30.5,29.9,31.700000000000003,4.96,2.0,4.96,0.16,0.0,0.0,1027.0,8228.0,0.0,0.0,0.0,0.0,0.0,1.0,0.0,0.0,0.0,0.0,0.0,-1.0,0.0,0.4,0.0,0.0001,16.0,25903.0
2026-07-30T18:59:16.108Z,125.591,125.592,0.0,7.4,0.0,0.0,0.0,0.0,0.0,0.0,0.0,0.0,1.0,0.0,0.0,0.0,9.0,4.0,0.0,0.0,0.0,0.0,0.0,0.0,0.0,0.0,1.0,12.0,1.0,12.18,5.0200000000000005,2.51,1.49,0.0,0.0,0.0,3.2,0.0,0.3,-0.4,0.0,-167.10000000000002,0.0,1.0,169.8,0.0,21.4,31.0,31.0,31.700000000000003,300.0,300.0,30.8,34.9,30.5,29.9,31.700000000000003,4.95,1.99,4.97,0.16,0.0,0.0,1027.0,8228.0,0.0,0.0,0.0,0.0,0.0,1.0,0.0,0.0,0.0,0.0,0.0,-0.5,0.0,0.0,0.0,0.0,16.0,25903.0
2026-07-30T18:59:16.110Z,125.593,125.604,0.0,7.4,0.0,0.0,0.0,0.0,0.0,0.0,0.0,0.0,1.0,0.0,0.0,0.0,9.0,4.0,0.0,0.0,0.0,0.0,0.0,0.0,0.0,0.0,6.0,12.0,1.0,12.18,5.0200000000000005,2.51,1.49,0.0,0.1,0.0,3.1,0.0,0.9,0.1,0.5,-167.3,0.0,0.0,169.8,0.0,21.4,31.0,31.0,31.700000000000003,300.0,300.0,30.8,34.9,30.5,29.9,31.700000000000003,4.95,2.0,4.96,0.16,0.0,0.0,1027.0,8228.0,0.0,0.0,0.0,0.0,0.0,1.0,0.0,0.0,0.0,0.0,0.0,0.5,0.0,-0.4,0.0,0.0,16.0,25903.0
2026-07-30T18:59:16.120Z,125.603,125.616,0.0,7.4,0.0,0.0,0.0,0.0,0.0,0.0,0.0,0.0,1.0,0.0,0.0,0.0,9.0,4.0,0.0,0.0,0.0,0.0,0.0,0.0,0.0,0.0,4.0,12.0,1.0,12.18,5.0200000000000005,2.51,1.49,0.0,0.0,0.0,3.1,0.0,0.3,-0.4,-1.3,-167.5,0.0,0.0,169.70000000000002,0.0,21.4,31.0,31.0,31.700000000000003,300.0,300.0,30.8,34.9,30.5,29.9,31.700000000000003,4.95,1.99,4.96,0.16,0.0,0.0,1027.0,8228.0,0.0,0.0,0.0,0.0,0.0,1.0,0.0,0.0,0.0,0.0,0.0,-1.5,0.0,1.0,0.0,0.0,16.0,25903.0
2026-07-30T18:59:16.132Z,125.615,125.628,0.0,7.4,0.0,0.0,0.0,0.0,0.0,0.0,0.0,0.0,1.0,0.0,0.0,0.0,9.0,4.0,0.0,0.0,0.0,0.0,0.0,0.0,0.0,0.0,5.0,12.0,1.0,12.18,5.0200000000000005,2.51,1.49,0.0,0.1,0.0,3.1,0.0,-0.7000000000000001,0.1,-0.7000000000000001,-167.60000000000002,0.0,0.0,169.70000000000002,0.0,21.4,31.0,31.0,31.700000000000003,300.0,300.0,30.8,34.9,30.5,29.9,31.700000000000003,4.95,1.99,4.97,0.16,0.0,0.0,1027.0,8228.0,0.0,0.0,0.0,0.0,0.0,1.0,0.0,0.0,0.0,0.0,0.0,-0.3,0.0,0.6000000000000001,0.0,0.0001,16.0,25903.0
2026-07-30T18:59:16.144Z,125.627,125.64,0.0,7.4,0.0,0.0,0.0,0.0,0.0,0.0,0.0,0.0,1.0,0.0,0.0,0.0,9.0,4.0,0.0,0.0,0.0,0.0,0.0,0.0,0.0,0.0,5.0,12.0,1.0,12.18,5.0200000000000005,2.51,1.49,0.0,0.0,0.0,3.0,0.0,1.5,-0.4,1.6,-167.8,0.0,0.0,169.70000000000002,0.0,21.4,31.0,31.0,31.700000000000003,300.0,300.0,30.8,34.9,30.5,29.9,31.700000000000003,4.96,1.99,4.96,0.16,0.0,0.0,1027.0,8228.0,0.0,0.0,0.0,0.0,0.0,1.0,0.0,0.0,0.0,0.0,0.0,0.7000000000000001,0.0,-1.5,0.0,0.0001,16.0,25903.0
2026-07-30T18:59:16.156Z,125.639,125.652,0.0,7.4,0.0,0.0,0.0,0.0,0.0,0.0,0.0,0.0,1.0,0.0,0.0,0.0,9.0,4.0,0.0,0.0,0.0,0.0,0.0,0.0,0.0,0.0,1.0,12.0,1.0,12.18,5.0200000000000005,2.51,1.49,0.0,0.1,0.0,3.1,0.0,-0.7000000000000001,-0.4,-0.1,-167.9,0.0,0.0,169.70000000000002,0.0,21.4,31.0,31.0,31.700000000000003,300.0,300.0,30.8,34.9,30.5,29.9,31.700000000000003,4.96,1.99,4.96,0.16,0.0,0.0,1027.0,8228.0,0.0,0.0,0.0,0.0,0.0,1.0,0.0,0.0,0.0,0.0,0.0,-0.6000000000000001,0.0,0.0,0.0,0.0001,16.0,25903.0
2026-07-30T18:59:16.169Z,125.652,125.664,0.0,7.4,0.0,0.0,0.0,0.0,0.0,0.0,0.0,0.0,1.0,0.0,0.0,0.0,9.0,4.0,0.0,0.0,0.0,0.0,0.0,0.0,0.0,0.0,2.0,12.0,1.0,12.15,5.0200000000000005,2.51,1.49,0.0,0.0,0.0,3.0,0.0,-0.1,-0.4,-0.1,-168.0,0.0,0.0,169.60000000000002,0.0,21.200000000000003,31.0,31.0,31.700000000000003,300.0,300.0,30.700000000000003,34.800000000000004,30.5,29.9,31.700000000000003,4.96,1.99,4.96,0.16,0.0,0.0,1027.0,8228.0,0.0,0.0,0.0,0.0,0.0,1.0,0.0,0.0,0.0,0.0,0.0,-0.5,0.0,0.0,0.0,0.0,16.0,25903.0
2026-07-30T18:59:16.180Z,125.663,125.676,0.0,7.4,0.0,0.0,0.0,0.0,0.0,0.0,0.0,0.0,1.0,0.0,0.0,0.0,9.0,4.0,0.0,0.0,0.0,0.0,0.0,0.0,0.0,0.0,3.0,12.0,1.0,12.15,5.0200000000000005,2.51,1.49,0.0,0.0,0.0,3.0,0.0,-0.1,0.1,0.9,-168.20000000000002,0.0,0.0,169.70000000000002,0.0,21.200000000000003,31.0,31.0,31.700000000000003,300.0,300.0,30.700000000000003,34.800000000000004,30.5,29.9,31.700000000000003,4.95,1.99,4.97,0.16,0.0,0.0,1027.0,8228.0,0.0,0.0,0.0,0.0,0.0,1.0,0.0,0.0,0.0,0.0,0.0,0.9,0.0,-0.8,0.0,0.0001,16.0,25903.0
2026-07-30T18:59:16.192Z,125.675,125.688,0.0,7.4,0.0,0.0,0.0,0.0,0.0,0.0,0.0,0.0,1.0,0.0,0.0,0.0,9.0,4.0,0.0,0.0,0.0,0.0,0.0,0.0,0.0,0.0,5.0,12.0,1.0,12.15,5.0200000000000005,2.51,1.49,0.0,0.0,0.0,3.0,0.0,0.9,-0.4,-0.2,-168.3,0.0,0.0,169.70000000000002,0.0,21.200000000000003,31.0,31.0,31.700000000000003,300.0,300.0,30.700000000000003,34.800000000000004,30.5,29.9,31.700000000000003,4.96,2.0,4.96,0.16,0.0,0.0,1027.0,8228.0,0.0,0.0,0.0,0.0,0.0,1.0,0.0,0.0,0.0,0.0,0.0,-0.6000000000000001,0.0,0.0,0.0,0.0001,16.0,25903.0
2026-07-30T18:59:16.204Z,125.687,125.7,0.0,7.4,0.0,0.0,0.0,0.0,0.0,0.0,0.0,0.0,1.0,0.0,0.0,0.0,9.0,4.0,0.0,0.0,0.0,0.0,0.0,0.0,0.0,0.0,6.0,12.0,1.0,12.15,5.0200000000000005,2.51,1.49,0.0,0.0,0.0,3.0,0.0,0.3,-0.4,-1.4,-168.4,0.0,0.0,169.70000000000002,0.0,21.200000000000003,31.0,31.0,31.700000000000003,300.0,300.0,30.700000000000003,34.800000000000004,30.5,29.9,31.700000000000003,4.96,1.99,4.96,0.16,0.0,0.0,1027.0,8228.0,0.0,0.0,0.0,0.0,0.0,1.0,0.0,0.0,0.0,0.0,0.0,0.2,0.0,0.8,0.0,0.0001,16.0,25903.0
2026-07-30T18:59:16.216Z,125.699,125.712,0.0,7.4,0.0,0.0,0.0,0.0,0.0,0.0,0.0,0.0,1.0,0.0,0.0,0.0,9.0,4.0,0.0,0.0,0.0,0.0,0.0,0.0,0.0,0.0,1.0,12.0,1.0,12.15,5.0200000000000005,2.51,1.49,0.0,0.1,0.0,2.9000000000000004,0.0,-1.4,0.1,0.9,-168.5,0.0,0.0,169.8,0.0,21.200000000000003,31.0,31.0,31.700000000000003,300.0,300.0,30.700000000000003,34.800000000000004,30.5,29.9,31.700000000000003,4.95,2.0,4.96,0.16,0.0,0.0,1027.0,8228.0,0.0,0.0,0.0,0.0,0.0,1.0,0.0,0.0,0.0,0.0,0.0,-2.2,0.0,1.0,0.0,0.0001,16.0,25903.0
2026-07-30T18:59:16.228Z,125.711,125.724,0.0,7.4,0.0,0.0,0.0,0.0,0.0,0.0,0.0,0.0,1.0,0.0,0.0,0.0,9.0,4.0,0.0,0.0,0.0,0.0,0.0,0.0,0.0,0.0,3.0,12.0,1.0,12.15,5.0200000000000005,2.51,1.49,0.0,0.0,0.0,3.0,0.0,-0.8,-0.4,0.3,-168.60000000000002,0.0,0.0,169.8,0.0,21.200000000000003,31.0,31.0,31.700000000000003,300.0,300.0,30.700000000000003,34.800000000000004,30.5,29.9,31.700000000000003,4.96,2.0,4.96,0.16,0.0,0.0,1027.0,8228.0,0.0,0.0,0.0,0.0,0.0,1.0,0.0,0.0,0.0,0.0,0.0,0.0,0.0,0.2,0.0,0.0001,16.0,25903.0
2026-07-30T18:59:16.240Z,125.723,125.736,0.0,7.4,0.0,0.0,0.0,0.0,0.0,0.0,0.0,0.0,1.0,0.0,0.0,0.0,9.0,4.0,0.0,0.0,0.0,0.0,0.0,0.0,0.0,0.0,4.0,12.0,1.0,12.15,5.0200000000000005,2.51,1.49,0.0,0.0,0.0,3.0,0.0,-0.8,-1.0,-0.8,-168.60000000000002,0.0,0.0,169.8,0.0,21.200000000000003,31.0,31.0,31.700000000000003,300.0,300.0,30.700000000000003,34.800000000000004,30.5,29.9,31.700000000000003,4.96,1.99,4.96,0.16,0.0,0.0,1027.0,8228.0,0.0,0.0,0.0,0.0,0.0,1.0,0.0,0.0,0.0,0.0,0.0,-1.8,0.0,0.5,0.0,0.0,16.0,25903.0
2026-07-30T18:59:16.252Z,125.735,125.748,0.0,7.4,0.0,0.0,0.0,0.0,0.0,0.0,0.0,0.0,1.0,0.0,0.0,0.0,9.0,4.0,0.0,0.0,0.0,0.0,0.0,0.0,0.0,0.0,5.0,12.0,1.0,12.15,5.0200000000000005,2.51,1.49,0.0,0.0,0.0,2.9000000000000004,0.0,-0.2,0.1,0.2,-168.70000000000002,0.0,0.0,169.70000000000002,0.0,21.200000000000003,31.0,31.0,31.700000000000003,300.0,300.0,30.700000000000003,34.800000000000004,30.5,29.9,31.700000000000003,4.96,1.98,4.97,0.16,0.0,0.0,1027.0,8228.0,0.0,0.0,0.0,0.0,0.0,1.0,0.0,0.0,0.0,0.0,0.0,0.3,0.0,-0.2,0.0,0.0,16.0,25903.0
2026-07-30T18:59:16.264Z,125.747,125.76,0.0,7.4,0.0,0.0,0.0,0.0,0.0,0.0,0.0,0.0,1.0,0.0,0.0,0.0,9.0,4.0,0.0,0.0,0.0,0.0,0.0,0.0,0.0,0.0,1.0,12.0,1.0,12.15,5.0200000000000005,2.51,1.49,0.0,0.0,0.0,2.9000000000000004,0.0,-0.2,0.0,-0.2,-168.8,0.0,0.0,169.70000000000002,0.0,21.200000000000003,31.0,31.0,31.700000000000003,300.0,300.0,30.700000000000003,34.800000000000004,30.5,29.9,31.700000000000003,4.95,1.99,4.97,0.16,0.0,0.0,1027.0,8228.0,0.0,0.0,0.0,0.0,0.0,1.0,0.0,0.0,0.0,0.0,0.0,-0.1,0.0,0.2,0.0,0.0001,16.0,25903.0
2026-07-30T18:59:16.276Z,125.759,125.772,0.0,7.4,0.0,0.0,0.0,0.0,0.0,0.0,0.0,0.0,1.0,0.0,0.0,0.0,9.0,4.0,0.0,0.0,0.0,0.0,0.0,0.0,0.0,0.0,2.0,12.0,1.0,12.18,5.01,2.51,1.49,0.0,0.0,0.0,2.9000000000000004,0.0,0.3,1.2000000000000002,0.3,-168.9,0.0,0.0,169.70000000000002,0.0,21.700000000000003,31.0,31.0,31.700000000000003,300.0,300.0,30.700000000000003,34.9,30.5,29.9,31.6,4.96,1.99,4.96,0.16,0.0,0.0,1027.0,8228.0,0.0,0.0,0.0,0.0,0.0,1.0,0.0,0.0,0.0,0.0,0.0,1.6,0.0,0.0,0.0,0.0001,16.0,25903.0
2026-07-30T18:59:16.288Z,125.771,125.784,0.0,7.4,0.0,0.0,0.0,0.0,0.0,0.0,0.0,0.0,1.0,0.0,0.0,0.0,9.0,4.0,0.0,0.0,0.0,0.0,0.0,0.0,0.0,0.0,3.0,12.0,1.0,12.18,5.01,2.51,1.49,0.0,0.0,0.0,2.8000000000000003,0.0,-0.2,-1.0,-0.2,-168.9,0.0,0.0,169.8,0.0,21.700000000000003,31.0,31.0,31.700000000000003,300.0,300.0,30.700000000000003,34.9,30.5,29.9,31.6,4.95,1.99,4.97,0.16,0.0,0.0,1027.0,8228.0,0.0,0.0,0.0,0.0,0.0,1.0,0.0,0.0,0.0,0.0,0.0,-1.4,0.0,0.0,0.0,0.0,16.0,25903.0
2026-07-30T18:59:16.299Z,125.782,125.796,0.0,7.4,0.0,0.0,0.0,0.0,0.0,0.0,0.0,0.0,1.0,0.0,0.0,0.0,9.0,4.0,0.0,0.0,0.0,0.0,0.0,0.0,0.0,0.0,5.0,12.0,1.0,12.18,5.01,2.51,1.49,0.0,0.1,0.0,2.8000000000000003,0.0,0.3,0.7000000000000001,-0.8,-169.0,0.0,0.0,169.8,0.0,21.700000000000003,31.0,31.0,31.700000000000003,300.0,300.0,30.700000000000003,34.9,30.5,29.9,31.6,4.95,1.99,4.96,0.16,0.0,0.0,1027.0,8228.0,0.0,0.0,0.0,0.0,0.0,1.0,0.0,0.0,0.0,0.0,0.0,0.1,0.0,0.8,0.0,0.0002,16.0,25903.0
2026-07-30T18:59:16.312Z,125.795,125.808,0.0,7.4,0.0,0.0,0.0,0.0,0.0,0.0,0.0,0.0,1.0,0.0,0.0,0.0,9.0,4.0,0.0,0.0,0.0,0.0,0.0,0.0,0.0,0.0,6.0,12.0,1.0,12.18,5.01,2.51,1.49,0.0,0.0,0.0,2.9000000000000004,0.0,0.3,0.7000000000000001,1.5,-169.0,0.0,0.0,169.8,0.0,21.700000000000003,31.0,31.0,31.700000000000003,300.0,300.0,30.700000000000003,34.9,30.5,29.9,31.6,4.96,1.99,4.96,0.16,0.0,0.0,1027.0,8228.0,0.0,0.0,0.0,0.0,0.0,1.0,0.0,0.0,0.0,0.0,0.0,1.9,0.0,-1.1,0.0,0.0,16.0,25903.0
2026-07-30T18:59:16.324Z,125.807,125.82,0.0,7.4,0.0,0.0,0.0,0.0,0.0,0.0,0.0,0.0,1.0,0.0,0.0,0.0,9.0,4.0,0.0,0.0,0.0,0.0,0.0,0.0,0.0,0.0,1.0,12.0,1.0,12.18,5.01,2.51,1.49,0.0,0.0,0.0,2.9000000000000004,0.0,0.3,0.0,-0.8,-169.10000000000002,0.0,0.0,169.8,0.0,21.700000000000003,31.0,31.0,31.700000000000003,300.0,300.0,30.700000000000003,34.9,30.5,29.9,31.6,4.96,1.99,4.96,0.16,0.0,0.0,1027.0,8228.0,0.0,0.0,0.0,0.0,0.0,1.0,0.0,0.0,0.0,0.0,0.0,-0.5,0.0,0.7000000000000001,0.0,0.0002,16.0,25903.0
2026-07-30T18:59:16.336Z,125.819,125.832,0.0,7.4,0.0,0.0,0.0,0.0,0.0,0.0,0.0,0.0,1.0,0.0,0.0,0.0,9.0,4.0,0.0,0.0,0.0,0.0,0.0,0.0,0.0,0.0,2.0,12.0,1.0,12.18,5.01,2.51,1.49,0.0,0.0,0.0,2.9000000000000004,0.0,-0.2,-1.0,-0.2,-169.10000000000002,0.0,0.0,169.70000000000002,0.0,21.700000000000003,31.0,31.0,31.700000000000003,300.0,300.0,30.700000000000003,34.9,30.5,29.9,31.6,4.96,1.99,4.97,0.16,0.0,0.0,1027.0,8228.0,0.0,0.0,0.0,0.0,0.0,1.0,0.0,0.0,0.0,0.0,0.0,-1.4,0.0,0.0,0.0,0.0,16.0,25903.0
2026-07-30T18:59:16.348Z,125.831,125.844,0.0,7.4,0.0,0.0,0.0,0.0,0.0,0.0,0.0,0.0,1.0,0.0,0.0,0.0,9.0,4.0,0.0,0.0,0.0,0.0,0.0,0.0,0.0,0.0,4.0,12.0,1.0,12.18,5.01,2.51,1.49,0.0,0.1,0.0,2.8000000000000003,0.0,-0.2,0.6000000000000001,-0.2,-169.20000000000002,0.0,0.0,169.8,0.0,21.700000000000003,31.0,31.0,31.700000000000003,300.0,300.0,30.700000000000003,34.9,30.5,29.9,31.6,4.96,1.99,4.96,0.16,0.0,0.0,1027.0,8228.0,0.0,0.0,0.0,0.0,0.0,1.0,0.0,0.0,0.0,0.0,0.0,0.6000000000000001,0.0,0.3,0.0,0.0002,16.0,25903.0
2026-07-30T18:59:16.360Z,125.843,125.856,0.0,7.4,0.0,0.0,0.0,0.0,0.0,0.0,0.0,0.0,1.0,0.0,0.0,0.0,9.0,4.0,0.0,0.0,0.0,0.0,0.0,0.0,0.0,0.0,5.0,12.0,1.0,12.18,5.01,2.51,1.49,0.0,0.0,0.0,2.8000000000000003,0.0,0.3,-0.5,-0.8,-169.20000000000002,0.0,0.0,169.70000000000002,0.0,21.700000000000003,31.0,31.0,31.700000000000003,300.0,300.0,30.700000000000003,34.9,30.5,29.9,31.6,4.96,1.99,4.96,0.16,0.0,0.0,1027.0,8228.0,0.0,0.0,0.0,0.0,0.0,1.0,0.0,0.0,0.0,0.0,0.0,-1.2000000000000002,0.0,0.6000000000000001,0.0,0.0001,16.0,25903.0
2026-07-30T18:59:16.373Z,125.856,125.868,0.0,7.4,0.0,0.0,0.0,0.0,0.0,0.0,0.0,0.0,1.0,0.0,0.0,0.0,9.0,4.0,0.0,0.0,0.0,0.0,0.0,0.0,0.0,0.0,6.0,12.0,1.0,12.15,5.01,2.5,1.5,0.0,0.0,0.0,2.8000000000000003,0.0,0.3,0.6000000000000001,1.5,-169.20000000000002,0.0,0.0,169.8,0.0,21.700000000000003,31.0,31.0,31.700000000000003,300.0,300.0,30.700000000000003,34.9,30.5,29.9,31.6,4.95,1.99,4.97,0.16,0.0,0.0,1027.0,8228.0,0.0,0.0,0.0,0.0,0.0,1.0,0.0,0.0,0.0,0.0,0.0,1.9,0.0,-1.2000000000000002,0.0,0.0001,16.0,25903.0
2026-07-30T18:59:16.384Z,125.867,125.88,0.0,7.4,0.0,0.0,0.0,0.0,0.0,0.0,0.0,0.0,1.0,0.0,0.0,0.0,9.0,4.0,0.0,0.0,0.0,0.0,0.0,0.0,0.0,0.0,1.0,12.0,1.0,12.15,5.01,2.5,1.5,0.0,0.0,0.0,2.8000000000000003,0.0,-0.2,0.0,-0.8,-169.3,0.0,0.0,169.60000000000002,0.0,21.700000000000003,31.0,31.0,31.700000000000003,300.0,300.0,30.700000000000003,34.9,30.5,29.9,31.6,4.96,1.99,4.97,0.16,0.0,0.0,1027.0,8228.0,0.0,0.0,0.0,0.0,0.0,1.0,0.0,0.0,0.0,0.0,0.0,-0.4,0.0,0.7000000000000001,0.0,0.0001,16.0,25903.0
2026-07-30T18:59:16.395Z,125.878,125.892,0.0,7.4,0.0,0.0,0.0,0.0,0.0,0.0,0.0,0.0,1.0,0.0,0.0,0.0,9.0,4.0,0.0,0.0,0.0,0.0,0.0,0.0,0.0,0.0,2.0,12.0,1.0,12.15,5.01,2.5,1.5,0.0,0.0,0.0,2.8000000000000003,0.0,-0.1,-1.0,-1.4,-169.3,0.0,0.0,169.70000000000002,0.0,21.700000000000003,31.0,31.0,31.700000000000003,300.0,300.0,30.700000000000003,34.9,30.5,29.9,31.6,4.96,2.0,4.96,0.16,0.0,0.0,1027.0,8228.0,0.0,0.0,0.0,0.0,0.0,1.0,0.0,0.0,0.0,0.0,0.0,-2.2,0.0,1.0,0.0,0.0002,16.0,25903.0
2026-07-30T18:59:16.408Z,125.891,125.904,0.0,7.4,0.0,0.0,0.0,0.0,0.0,0.0,0.0,0.0,1.0,0.0,0.0,0.0,9.0,4.0,0.0,0.0,0.0,0.0,0.0,0.0,0.0,0.0,3.0,12.0,1.0,12.15,5.01,2.5,1.5,0.0,0.0,0.0,2.8000000000000003,0.0,-0.7000000000000001,1.2000000000000002,-0.2,-169.3,0.0,0.0,169.70000000000002,0.0,21.700000000000003,31.0,31.0,31.700000000000003,300.0,300.0,30.700000000000003,34.9,30.5,29.9,31.6,4.95,1.99,4.96,0.16,0.0,0.0,1027.0,8228.0,0.0,0.0,0.0,0.0,0.0,1.0,0.0,0.0,0.0,0.0,0.0,1.2000000000000002,0.0,0.4,0.0,0.0,16.0,25903.0
2026-07-30T18:59:16.423Z,125.906,125.916,0.0,7.4,0.0,0.0,0.0,0.0,0.0,0.0,0.0,0.0,1.0,0.0,0.0,0.0,9.0,4.0,0.0,0.0,0.0,0.0,0.0,0.0,0.0,0.0,3.0,12.0,1.0,12.15,5.01,2.5,1.5,0.0,0.1,0.0,2.8000000000000003,0.0,-0.2,0.0,-0.7000000000000001,-169.3,0.0,0.0,169.70000000000002,0.0,21.700000000000003,31.0,31.0,31.700000000000003,300.0,300.0,30.700000000000003,34.9,30.5,29.9,31.6,4.95,1.99,4.97,0.16,0.0,0.0,1027.0,8228.0,0.0,0.0,0.0,0.0,0.0,1.0,0.0,0.0,0.0,0.0,0.0,-0.4,0.0,0.6000000000000001,0.0,0.0001,16.0,25903.0
2026-07-30T18:59:16.432Z,125.915,125.928,0.0,7.4,0.0,0.0,0.0,0.0,0.0,0.0,0.0,0.0,1.0,0.0,0.0,0.0,9.0,4.0,0.0,0.0,0.0,0.0,0.0,0.0,0.0,0.0,2.0,12.0,1.0,12.15,5.01,2.5,1.5,0.0,0.0,0.0,2.7,0.0,0.9,-0.5,1.6,-169.4,0.0,0.0,169.70000000000002,0.0,21.700000000000003,31.0,31.0,31.700000000000003,300.0,300.0,30.700000000000003,34.9,30.5,29.9,31.6,4.96,2.0,4.96,0.16,0.0,0.0,1027.0,8228.0,0.0,0.0,0.0,0.0,0.0,1.0,0.0,0.0,0.0,0.0,0.0,0.6000000000000001,0.0,-1.5,0.0,0.0001,16.0,25903.0
2026-07-30T18:59:16.444Z,125.927,125.94,0.0,7.4,0.0,0.0,0.0,0.0,0.0,0.0,0.0,0.0,1.0,0.0,0.0,0.0,9.0,4.0,0.0,0.0,0.0,0.0,0.0,0.0,0.0,0.0,3.0,12.0,1.0,12.15,5.01,2.5,1.5,0.0,0.0,0.0,2.7,0.0,-0.1,0.0,0.4,-169.4,0.0,0.0,169.70000000000002,0.0,21.700000000000003,31.0,31.0,31.700000000000003,300.0,300.0,30.700000000000003,34.9,30.5,29.9,31.6,4.96,1.99,4.97,0.16,0.0,0.0,1027.0,8228.0,0.0,0.0,0.0,0.0,0.0,1.0,0.0,0.0,0.0,0.0,0.0,0.4,0.0,-0.3,0.0,0.0,16.0,25903.0
2026-07-30T18:59:16.457Z,125.94,125.952,0.0,7.4,0.0,0.0,0.0,0.0,0.0,0.0,0.0,0.0,1.0,0.0,0.0,0.0,9.0,4.0,0.0,0.0,0.0,0.0,0.0,0.0,0.0,0.0,4.0,12.0,1.0,12.15,5.01,2.5,1.5,0.0,0.0,0.0,2.6,0.0,0.4,0.0,0.4,-169.4,0.0,0.0,169.70000000000002,0.0,21.700000000000003,31.0,31.0,31.700000000000003,300.0,300.0,30.700000000000003,34.9,30.5,29.9,31.6,4.96,1.99,4.97,0.16,0.0,0.0,1027.0,8228.0,0.0,0.0,0.0,0.0,0.0,1.0,0.0,0.0,0.0,0.0,0.0,0.4,0.0,-0.3,0.0,0.0,16.0,25903.0
2026-07-30T18:59:16.468Z,125.951,125.964,0.0,7.4,0.0,0.0,0.0,0.0,0.0,0.0,0.0,0.0,1.0,0.0,0.0,0.0,9.0,4.0,0.0,0.0,0.0,0.0,0.0,0.0,0.0,0.0,4.0,12.0,1.0,12.15,5.01,2.5,1.5,0.0,0.0,0.0,2.6,0.0,-0.1,-0.4,0.4,-169.4,0.0,0.0,169.70000000000002,0.0,21.700000000000003,31.0,31.0,31.700000000000003,300.0,300.0,30.700000000000003,34.9,30.5,29.9,31.6,4.95,1.99,4.97,0.16,0.0,0.0,1027.0,8228.0,0.0,0.0,0.0,0.0,0.0,1.0,0.0,0.0,0.0,0.0,0.0,-0.1,0.0,-0.5,0.0,0.0001,16.0,25903.0
2026-07-30T18:59:16.480Z,125.963,125.976,0.0,7.4,0.0,0.0,0.0,0.0,0.0,0.0,0.0,0.0,1.0,0.0,0.0,0.0,9.0,4.0,0.0,0.0,0.0,0.0,0.0,0.0,0.0,0.0,5.0,12.0,1.0,12.17,5.0200000000000005,2.5,1.49,0.0,0.0,0.0,2.7,0.0,-0.2,0.7000000000000001,-0.1,-169.4,0.0,0.0,169.8,0.0,21.8,31.0,31.0,31.700000000000003,300.0,300.0,30.700000000000003,34.9,30.5,29.9,31.700000000000003,4.95,2.0,4.96,0.16,0.0,0.0,1027.0,8228.0,0.0,0.0,0.0,0.0,0.0,1.0,0.0,0.0,0.0,0.0,0.0,0.7000000000000001,0.0,0.2,0.0,0.0,16.0,25903.0
2026-07-30T18:59:16.492Z,125.975,125.988,0.0,7.4,0.0,0.0,0.0,0.0,0.0,0.0,0.0,0.0,1.0,0.0,0.0,0.0,9.0,4.0,0.0,0.0,0.0,0.0,0.0,0.0,0.0,0.0,6.0,12.0,1.0,12.17,5.0200000000000005,2.5,1.49,0.0,0.1,0.0,2.7,0.0,-0.1,0.1,-0.1,-169.5,0.0,0.0,169.70000000000002,0.0,21.8,31.0,31.0,31.700000000000003,300.0,300.0,30.700000000000003,34.9,30.5,29.9,31.700000000000003,4.95,2.0,4.97,0.16,0.0,0.0,1027.0,8228.0,0.0,0.0,0.0,0.0,0.0,1.0,0.0,0.0,0.0,0.0,0.0,0.0,0.0,0.1,0.0,0.0002,16.0,25903.0
2026-07-30T18:59:16.504Z,125.987,126.0,0.0,7.4,0.0,0.0,0.0,0.0,0.0,0.0,0.0,0.0,1.0,0.0,0.0,0.0,9.0,4.0,0.0,0.0,0.0,0.0,0.0,0.0,0.0,0.0,1.0,12.0,1.0,12.17,5.0200000000000005,2.5,1.49,0.0,0.0,0.0,2.6,0.0,-0.1,1.3,-0.7000000000000001,-169.5,0.0,0.0,169.70000000000002,0.0,21.8,31.0,31.0,31.700000000000003,300.0,300.0,30.700000000000003,34.9,30.5,29.9,31.700000000000003,4.95,1.99,4.97,0.16,0.0,0.0,1027.0,8228.0,0.0,0.0,0.0,0.0,0.0,1.0,0.0,0.0,0.0,0.0,0.0,1.0,0.0,0.8,0.0,0.0,16.0,25903.0
2026-07-30T18:59:16.516Z,125.999,126.012,0.0,7.4,0.0,0.0,0.0,0.0,0.0,0.0,0.0,0.0,1.0,0.0,0.0,0.0,9.0,4.0,0.0,0.0,0.0,0.0,0.0,0.0,0.0,0.0,1.0,12.0,1.0,12.17,5.0200000000000005,2.5,1.49,0.0,0.0,0.0,2.7,0.0,0.3,0.7000000000000001,0.4,-169.5,0.0,0.0,169.60000000000002,0.0,21.8,31.0,31.0,31.700000000000003,300.0,300.0,30.700000000000003,34.9,30.5,29.9,31.700000000000003,4.96,1.99,4.96,0.16,0.0,0.0,1027.0,8228.0,0.0,0.0,0.0,0.0,0.0,1.0,0.0,0.0,0.0,0.0,0.0,1.1,0.0,-0.2,0.0,0.0001,16.0,25903.0
2026-07-30T18:59:16.528Z,126.011,126.024,0.0,7.4,0.0,0.0,0.0,0.0,0.0,0.0,0.0,0.0,1.0,0.0,0.0,0.0,9.0,4.0,0.0,0.0,0.0,0.0,0.0,0.0,0.0,0.0,2.0,12.0,1.0,12.17,5.0200000000000005,2.5,1.49,0.0,0.0,0.0,2.7,0.0,-0.8,0.1,-0.1,-169.5,0.0,0.0,169.70000000000002,0.0,21.8,31.0,31.0,31.700000000000003,300.0,300.0,30.700000000000003,34.9,30.5,29.9,31.700000000000003,4.95,1.99,4.97,0.16,0.0,0.0,1027.0,8228.0,0.0,0.0,0.0,0.0,0.0,1.0,0.0,0.0,0.0,0.0,0.0,0.1,0.0,0.1,0.0,0.0001,16.0,25903.0
2026-07-30T18:59:16.540Z,126.023,126.036,0.0,7.4,0.0,0.0,0.0,0.0,0.0,0.0,0.0,0.0,1.0,0.0,0.0,0.0,9.0,4.0,0.0,0.0,0.0,0.0,0.0,0.0,0.0,0.0,4.0,12.0,1.0,12.17,5.0200000000000005,2.5,1.49,0.0,0.0,0.0,2.7,0.0,0.9,1.3,-0.1,-169.5,0.0,0.0,169.60000000000002,0.0,21.8,31.0,31.0,31.700000000000003,300.0,300.0,30.700000000000003,34.9,30.5,29.9,31.700000000000003,4.95,1.99,4.97,0.16,0.0,0.0,1027.0,8228.0,0.0,0.0,0.0,0.0,0.0,1.0,0.0,0.0,0.0,0.0,0.0,1.4,0.0,0.3,0.0,0.0,16.0,25903.0
2026-07-30T18:59:16.552Z,126.035,126.048,0.0,7.4,0.0,0.0,0.0,0.0,0.0,0.0,0.0,0.0,1.0,0.0,0.0,0.0,9.0,4.0,0.0,0.0,0.0,0.0,0.0,0.0,0.0,0.0,5.0,12.0,1.0,12.17,5.0200000000000005,2.5,1.49,0.0,0.0,0.0,2.6,0.0,-0.2,0.7000000000000001,-0.1,-169.5,0.0,0.0,169.60000000000002,0.0,21.8,31.0,31.0,31.700000000000003,300.0,300.0,30.700000000000003,34.9,30.5,29.9,31.700000000000003,4.95,1.99,4.97,0.16,0.0,0.0,1027.0,8228.0,0.0,0.0,0.0,0.0,0.0,1.0,0.0,0.0,0.0,0.0,0.0,0.7000000000000001,0.0,0.2,0.0,0.0,16.0,25903.0
2026-07-30T18:59:16.564Z,126.047,126.06,0.0,7.4,0.0,0.0,0.0,0.0,0.0,0.0,0.0,0.0,1.0,0.0,0.0,0.0,9.0,4.0,0.0,0.0,0.0,0.0,0.0,0.0,0.0,0.0,6.0,12.0,1.0,12.17,5.0200000000000005,2.5,1.49,0.0,0.0,0.0,2.6,0.0,-0.2,-0.3,-0.6000000000000001,-169.5,0.0,0.0,169.8,0.0,21.8,31.0,31.0,31.700000000000003,300.0,300.0,30.700000000000003,34.9,30.5,29.9,31.700000000000003,4.95,1.99,4.96,0.16,0.0,0.0,1027.0,8228.0,0.0,0.0,0.0,0.0,0.0,1.0,0.0,0.0,0.0,0.0,0.0,-0.9,0.0,0.5,0.0,0.0,16.0,25903.0
2026-07-30T18:59:16.577Z,126.06,126.072,0.0,7.4,0.0,0.0,0.0,0.0,0.0,0.0,0.0,0.0,1.0,0.0,0.0,0.0,9.0,4.0,0.0,0.0,0.0,0.0,0.0,0.0,0.0,0.0,1.0,12.0,1.0,12.15,5.01,2.51,1.49,0.0,0.0,0.0,2.6,0.0,-0.2,0.2,-0.1,-169.5,0.0,0.0,169.60000000000002,0.0,21.9,31.0,31.0,31.700000000000003,300.0,300.0,30.700000000000003,34.9,30.5,29.9,31.700000000000003,4.95,2.0,4.97,0.16,0.0,0.0,1027.0,8228.0,0.0,0.0,0.0,0.0,0.0,1.0,0.0,0.0,0.0,0.0,0.0,0.1,0.0,0.1,0.0,0.0001,16.0,25903.0
2026-07-30T18:59:16.588Z,126.071,126.084,0.0,7.4,0.0,0.0,0.0,0.0,0.0,0.0,0.0,0.0,1.0,0.0,0.0,0.0,9.0,4.0,0.0,0.0,0.0,0.0,0.0,0.0,0.0,0.0,2.0,12.0,1.0,12.15,5.01,2.51,1.49,0.0,0.0,0.0,2.5,0.0,0.8,0.7000000000000001,-0.1,-169.5,0.0,0.0,169.8,0.0,21.9,31.0,31.0,31.700000000000003,300.0,300.0,30.700000000000003,34.9,30.5,29.9,31.700000000000003,4.95,1.99,4.96,0.16,0.0,0.0,1027.0,8228.0,0.0,0.0,0.0,0.0,0.0,1.0,0.0,0.0,0.0,0.0,0.0,0.7000000000000001,0.0,0.2,0.0,0.0001,16.0,25903.0
2026-07-30T18:59:16.600Z,126.083,126.096,0.0,7.4,0.0,0.0,0.0,0.0,0.0,0.0,0.0,0.0,1.0,0.0,0.0,0.0,9.0,4.0,0.0,0.0,0.0,0.0,0.0,0.0,0.0,0.0,3.0,12.0,1.0,12.15,5.01,2.51,1.49,0.0,0.0,0.0,2.5,0.0,-0.2,0.1,-0.7000000000000001,-169.60000000000002,0.0,0.0,169.70000000000002,0.0,21.9,31.0,31.0,31.700000000000003,300.0,300.0,30.700000000000003,34.9,30.5,29.9,31.700000000000003,4.96,1.99,4.96,0.16,0.0,0.0,1027.0,8228.0,0.0,0.0,0.0,0.0,0.0,1.0,0.0,0.0,0.0,0.0,0.0,-0.3,0.0,0.6000000000000001,0.0,0.0,16.0,25903.0
2026-07-30T18:59:16.612Z,126.095,126.108,0.0,7.4,0.0,0.0,0.0,0.0,0.0,0.0,0.0,0.0,1.0,0.0,0.0,0.0,9.0,4.0,0.0,0.0,0.0,0.0,0.0,0.0,0.0,0.0,4.0,12.0,1.0,12.15,5.01,2.51,1.49,0.0,0.0,0.0,2.6,0.0,-0.8,0.1,-0.1,-169.60000000000002,0.0,0.0,169.70000000000002,0.0,21.9,31.0,31.0,31.700000000000003,300.0,300.0,30.700000000000003,34.9,30.5,29.9,31.700000000000003,4.95,1.99,4.97,0.16,0.0,0.0,1027.0,8228.0,0.0,0.0,0.0,0.0,0.0,1.0,0.0,0.0,0.0,0.0,0.0,0.0,0.0,0.1,0.0,0.0001,16.0,25903.0
2026-07-30T18:59:16.624Z,126.107,126.12,0.0,7.4,0.0,0.0,0.0,0.0,0.0,0.0,0.0,0.0,1.0,0.0,0.0,0.0,9.0,4.0,0.0,0.0,0.0,0.0,0.0,0.0,0.0,0.0,5.0,12.0,1.0,12.15,5.01,2.51,1.49,0.0,0.0,0.0,2.5,0.0,0.8,0.1,-1.3,-169.60000000000002,0.0,0.0,169.8,0.0,21.9,31.0,31.0,31.700000000000003,300.0,300.0,30.700000000000003,34.9,30.5,29.9,31.700000000000003,4.96,1.99,4.96,0.16,0.0,0.0,1027.0,8228.0,0.0,0.0,0.0,0.0,0.0,1.0,0.0,0.0,0.0,0.0,0.0,-0.8,0.0,1.2000000000000002,0.0,0.0001,16.0,25903.0
2026-07-30T18:59:16.636Z,126.119,126.132,0.0,7.4,0.0,0.0,0.0,0.0,0.0,0.0,0.0,0.0,1.0,0.0,0.0,0.0,9.0,4.0,0.0,0.0,0.0,0.0,0.0,0.0,0.0,0.0,6.0,12.0,1.0,12.15,5.01,2.51,1.49,-0.1,0.0,0.0,2.6,0.0,-0.2,-0.4,-0.7000000000000001,-169.60000000000002,0.0,0.0,169.8,0.0,21.9,31.0,31.0,31.700000000000003,300.0,300.0,30.700000000000003,34.9,30.5,29.9,31.700000000000003,4.96,1.99,4.96,0.16,0.0,0.0,1027.0,8228.0,0.0,0.0,0.0,0.0,0.0,1.0,0.0,0.0,0.0,0.0,0.0,-1.1,0.0,0.5,0.0,0.0001,16.0,25903.0
2026-07-30T18:59:16.648Z,126.131,126.144,0.0,7.4,0.0,0.0,0.0,0.0,0.0,0.0,0.0,0.0,1.0,0.0,0.0,0.0,9.0,4.0,0.0,0.0,0.0,0.0,0.0,0.0,0.0,0.0,1.0,12.0,1.0,12.15,5.01,2.51,1.49,0.0,0.0,0.0,2.5,0.0,-0.3,0.6000000000000001,0.3,-169.60000000000002,0.0,0.0,169.8,0.0,21.9,31.0,31.0,31.700000000000003,300.0,300.0,30.700000000000003,34.9,30.5,29.9,31.700000000000003,4.96,1.99,4.96,0.16,0.0,0.0,1027.0,8228.0,0.0,0.0,0.0,0.0,0.0,1.0,0.0,0.0,0.0,0.0,0.0,1.0,0.0,-0.1,0.0,0.0001,16.0,25903.0
2026-07-30T18:59:16.660Z,126.143,126.156,0.0,7.4,0.0,0.0,0.0,0.0,0.0,0.0,0.0,0.0,1.0,0.0,0.0,0.0,9.0,4.0,0.0,0.0,0.0,0.0,0.0,0.0,0.0,0.0,2.0,12.0,1.0,12.15,5.01,2.51,1.49,0.0,0.0,0.0,2.5,0.0,-0.3,-0.5,-0.2,-169.60000000000002,0.0,0.0,169.8,0.0,21.9,31.0,31.0,31.700000000000003,300.0,300.0,30.700000000000003,34.9,30.5,29.9,31.700000000000003,4.95,1.99,4.97,0.16,0.0,0.0,1027.0,8228.0,0.0,0.0,0.0,0.0,0.0,1.0,0.0,0.0,0.0,0.0,0.0,-0.7000000000000001,0.0,0.1,0.0,0.0,16.0,25903.0
2026-07-30T18:59:16.672Z,126.155,126.168,0.0,7.4,0.0,0.0,0.0,0.0,0.0,0.0,0.0,0.0,1.0,0.0,0.0,0.0,9.0,4.0,0.0,0.0,0.0,0.0,0.0,0.0,0.0,0.0,3.0,12.0,1.0,12.15,5.01,2.51,1.49,0.0,0.0,0.0,2.5,0.0,-0.3,-0.5,0.3,-169.60000000000002,0.0,0.0,169.8,0.0,21.9,31.0,31.0,31.700000000000003,300.0,300.0,30.700000000000003,34.9,30.5,29.9,31.700000000000003,4.96,2.0,4.96,0.16,0.0,0.0,1027.0,8228.0,0.0,0.0,0.0,0.0,0.0,1.0,0.0,0.0,0.0,0.0,0.0,-0.3,0.0,-0.3,0.0,0.0,16.0,25903.0
2026-07-30T18:59:16.684Z,126.167,126.18,0.0,7.4,0.0,0.0,0.0,0.0,0.0,0.0,0.0,0.0,1.0,0.0,0.0,0.0,9.0,4.0,0.0,0.0,0.0,0.0,0.0,0.0,0.0,0.0,3.0,12.0,1.0,12.15,5.01,2.51,1.49,0.0,0.0,0.0,2.5,0.0,0.8,0.0,-0.2,-169.60000000000002,0.0,0.0,169.70000000000002,0.0,21.8,31.0,31.0,31.700000000000003,300.0,300.0,30.8,34.9,30.5,29.9,31.6,4.96,1.99,4.97,0.16,0.0,0.0,1027.0,8228.0,0.0,0.0,0.0,0.0,0.0,1.0,0.0,0.0,0.0,0.0,0.0,-0.1,0.0,0.2,0.0,0.0,16.0,25903.0
2026-07-30T18:59:16.696Z,126.179,126.192,0.0,7.4,0.0,0.0,0.0,0.0,0.0,0.0,0.0,0.0,1.0,0.0,0.0,0.0,9.0,4.0,0.0,0.0,0.0,0.0,0.0,0.0,0.0,0.0,4.0,12.0,1.0,12.15,5.01,2.51,1.49,0.0,0.0,0.0,2.4000000000000004,0.0,-0.3,0.0,-1.4,-169.60000000000002,0.0,0.0,169.8,0.0,21.8,31.0,31.0,31.700000000000003,300.0,300.0,30.8,34.9,30.5,29.9,31.6,4.95,1.99,4.97,0.16,0.0,0.0,1027.0,8228.0,0.0,0.0,0.0,0.0,0.0,1.0,0.0,0.0,0.0,0.0,0.0,-1.0,0.0,1.2000000000000002,0.0,0.0,16.0,25903.0
2026-07-30T18:59:16.707Z,126.19,126.204,0.0,7.4,0.0,0.0,0.0,0.0,0.0,0.0,0.0,0.0,1.0,0.0,0.0,0.0,9.0,4.0,0.0,0.0,0.0,0.0,0.0,0.0,0.0,0.0,5.0,12.0,1.0,12.15,5.01,2.51,1.49,0.0,0.0,0.0,2.5,0.0,-0.3,0.6000000000000001,0.9,-169.60000000000002,0.0,0.0,169.70000000000002,0.0,21.8,31.0,31.0,31.700000000000003,300.0,300.0,30.8,34.9,30.5,29.9,31.6,4.96,1.99,4.96,0.16,0.0,0.0,1027.0,8228.0,0.0,0.0,0.0,0.0,0.0,1.0,0.0,0.0,0.0,0.0,0.0,-0.8,0.0,0.0,0.0,0.0001,16.0,25903.0
2026-07-30T18:59:16.720Z,126.203,126.216,0.0,7.4,0.0,0.0,0.0,0.0,0.0,0.0,0.0,0.0,1.0,0.0,0.0,0.0,9.0,4.0,0.0,0.0,0.0,0.0,0.0,0.0,0.0,0.0,1.0,12.0,1.0,12.15,5.01,2.51,1.49,0.0,0.0,0.0,2.5,0.0,0.2,-0.5,0.3,-169.60000000000002,0.0,0.0,169.70000000000002,0.0,21.8,31.0,31.0,31.700000000000003,300.0,300.0,30.8,34.9,30.5,29.9,31.6,4.95,2.0,4.96,0.16,0.0,0.0,1027.0,8228.0,0.0,0.0,0.0,0.0,0.0,1.0,0.0,0.0,0.0,0.0,0.0,0.7000000000000001,0.0,-0.8,0.0,0.0001,16.0,25903.0
2026-07-30T18:59:16.742Z,126.225,126.228,0.0,7.4,0.0,0.0,0.0,0.0,0.0,0.0,0.0,0.0,1.0,0.0,0.0,0.0,9.0,4.0,0.0,0.0,0.0,0.0,0.0,0.0,0.0,0.0,2.0,12.0,1.0,12.15,5.01,2.51,1.49,0.0,0.0,0.0,2.4000000000000004,0.0,-0.2,0.0,0.3,-169.60000000000002,0.0,0.0,169.70000000000002,0.0,21.8,31.0,31.0,31.700000000000003,300.0,300.0,30.8,34.9,30.5,29.9,31.6,4.95,1.99,4.97,0.16,0.0,0.0,1027.0,8228.0,0.0,0.0,0.0,0.0,0.0,1.0,0.0,0.0,0.0,0.0,0.0,-0.5,0.0,0.7000000000000001,0.0,0.0001,16.0,25903.0
2026-07-30T18:59:16.746Z,126.229,126.24,0.0,7.4,0.0,0.0,0.0,0.0,0.0,0.0,0.0,0.0,1.0,0.0,0.0,0.0,9.0,4.0,0.0,0.0,0.0,0.0,0.0,0.0,0.0,0.0,6.0,12.0,1.0,12.15,5.01,2.51,1.49,0.0,0.0,0.0,2.4000000000000004,0.0,-0.8,1.2000000000000002,-0.2,-169.60000000000002,0.0,0.0,169.70000000000002,0.0,21.8,31.0,31.0,31.700000000000003,300.0,300.0,30.8,34.9,30.5,29.9,31.6,4.95,2.0,4.97,0.16,0.0,0.0,1027.0,8228.0,0.0,0.0,0.0,0.0,0.0,1.0,0.0,0.0,0.0,0.0,0.0,0.1,0.0,0.8,0.0,0.0001,16.0,25903.0
2026-07-30T18:59:16.756Z,126.239,126.252,0.0,7.4,0.0,0.0,0.0,0.0,0.0,0.0,0.0,0.0,1.0,0.0,0.0,0.0,9.0,4.0,0.0,0.0,0.0,0.0,0.0,0.0,0.0,0.0,5.0,12.0,1.0,12.15,5.01,2.51,1.49,0.0,0.0,0.0,2.4000000000000004,0.0,-0.2,0.0,-0.8,-169.60000000000002,0.0,0.0,169.70000000000002,0.0,21.8,31.0,31.0,31.700000000000003,300.0,300.0,30.8,34.9,30.5,29.9,31.6,4.96,2.0,4.96,0.16,0.0,0.0,1027.0,8228.0,0.0,0.0,0.0,0.0,0.0,1.0,0.0,0.0,0.0,0.0,0.0,-0.5,0.0,0.7000000000000001,0.0,0.0,16.0,25903.0
2026-07-30T18:59:16.768Z,126.251,126.264,0.0,7.4,0.0,0.0,0.0,0.0,0.0,0.0,0.0,0.0,1.0,0.0,0.0,0.0,9.0,4.0,0.0,0.0,0.0,0.0,0.0,0.0,0.0,0.0,6.0,12.0,1.0,12.15,5.01,2.51,1.49,0.0,0.0,0.0,2.4000000000000004,0.0,-0.8,-1.0,-0.2,-169.60000000000002,0.0,0.0,169.70000000000002,0.0,21.8,31.0,31.0,31.700000000000003,300.0,300.0,30.8,34.9,30.5,29.9,31.6,4.95,1.99,4.97,0.16,0.0,0.0,1027.0,8228.0,0.0,0.0,0.0,0.0,0.0,1.0,0.0,0.0,0.0,0.0,0.0,-1.3,0.0,0.0,0.0,0.0,16.0,25903.0
2026-07-30T18:59:16.781Z,126.264,126.276,0.0,7.4,0.0,0.0,0.0,0.0,0.0,0.0,0.0,0.0,1.0,0.0,0.0,0.0,9.0,4.0,0.0,0.0,0.0,0.0,0.0,0.0,0.0,0.0,1.0,12.0,1.0,12.18,5.01,2.5,1.49,0.0,0.0,0.0,2.3000000000000003,0.0,0.3,0.7000000000000001,-0.2,-169.60000000000002,0.0,0.0,169.8,0.0,21.4,31.0,31.0,31.700000000000003,300.0,300.0,30.700000000000003,34.800000000000004,30.5,29.9,31.700000000000003,4.95,1.99,4.96,0.16,0.0,0.0,1027.0,8228.0,0.0,0.0,0.0,0.0,0.0,1.0,0.0,0.0,0.0,0.0,0.0,0.6000000000000001,0.0,0.3,0.0,0.0001,16.0,25903.0
2026-07-30T18:59:16.792Z,126.275,126.288,0.0,7.4,0.0,0.0,0.0,0.0,0.0,0.0,0.0,0.0,1.0,0.0,0.0,0.0,9.0,4.0,0.0,0.0,0.0,0.0,0.0,0.0,0.0,0.0,3.0,12.0,1.0,12.18,5.01,2.5,1.49,0.0,0.0,0.0,2.4000000000000004,0.0,-0.2,0.1,0.3,-169.60000000000002,0.0,0.0,169.70000000000002,0.0,21.4,31.0,31.0,31.700000000000003,300.0,300.0,30.700000000000003,34.800000000000004,30.5,29.9,31.700000000000003,4.96,2.0,4.96,0.16,0.0,0.0,1027.0,8228.0,0.0,0.0,0.0,0.0,0.0,1.0,0.0,0.0,0.0,0.0,0.0,0.4,0.0,-0.3,0.0,0.0001,16.0,25903.0
2026-07-30T18:59:16.804Z,126.287,126.3,0.0,7.4,0.0,0.0,0.0,0.0,0.0,0.0,0.0,0.0,1.0,0.0,0.0,0.0,9.0,4.0,0.0,0.0,0.0,0.0,0.0,0.0,0.0,0.0,4.0,12.0,1.0,12.18,5.01,2.5,1.49,0.0,0.1,0.0,2.3000000000000003,0.0,0.3,-0.4,1.0,-169.60000000000002,0.0,0.0,169.70000000000002,0.0,21.4,31.0,31.0,31.700000000000003,300.0,300.0,30.700000000000003,34.800000000000004,30.5,29.9,31.700000000000003,4.95,2.0,4.96,0.16,0.0,0.0,1027.0,8228.0,0.0,0.0,0.0,0.0,0.0,1.0,0.0,0.0,0.0,0.0,0.0,0.2,0.0,-0.9,0.0,0.0,16.0,25903.0
2026-07-30T18:59:16.816Z,126.299,126.312,0.0,7.4,0.0,0.0,0.0,0.0,0.0,0.0,0.0,0.0,1.0,0.0,0.0,0.0,9.0,4.0,0.0,0.0,0.0,0.0,0.0,0.0,0.0,0.0,5.0,12.0,1.0,12.18,5.01,2.5,1.49,0.0,0.0,0.0,2.3000000000000003,0.0,0.3,-0.4,-0.1,-169.60000000000002,0.0,0.0,169.60000000000002,0.0,21.4,31.0,31.0,31.700000000000003,300.0,300.0,30.700000000000003,34.800000000000004,30.5,29.9,31.700000000000003,4.95,1.99,4.96,0.16,0.0,0.0,1027.0,8228.0,0.0,0.0,0.0,0.0,0.0,1.0,0.0,0.0,0.0,0.0,0.0,-0.6000000000000001,0.0,0.0,0.0,0.0001,16.0,25903.0
2026-07-30T18:59:16.828Z,126.311,126.324,0.0,7.4,0.0,0.0,0.0,0.0,0.0,0.0,0.0,0.0,1.0,0.0,0.0,0.0,9.0,4.0,0.0,0.0,0.0,0.0,0.0,0.0,0.0,0.0,6.0,12.0,1.0,12.18,5.01,2.5,1.49,0.0,0.0,0.0,2.3000000000000003,0.0,0.4,0.1,-0.1,-169.60000000000002,0.0,0.0,169.70000000000002,0.0,21.4,31.0,31.0,31.700000000000003,300.0,300.0,30.700000000000003,34.800000000000004,30.5,29.9,31.700000000000003,4.95,1.99,4.96,0.16,0.0,0.0,1027.0,8228.0,0.0,0.0,0.0,0.0,0.0,1.0,0.0,0.0,0.0,0.0,0.0,0.0,0.0,0.1,0.0,0.0,16.0,25903.0
2026-07-30T18:59:16.840Z,126.323,126.336,0.0,7.4,0.0,0.0,0.0,0.0,0.0,0.0,0.0,0.0,1.0,0.0,0.0,0.0,9.0,4.0,0.0,0.0,0.0,0.0,0.0,0.0,0.0,0.0,1.0,12.0,1.0,12.18,5.01,2.5,1.49,0.0,0.0,0.0,2.3000000000000003,0.0,1.0,0.7000000000000001,-1.2000000000000002,-169.60000000000002,0.0,0.0,169.60000000000002,0.0,21.4,31.0,31.0,31.700000000000003,300.0,300.0,30.700000000000003,34.800000000000004,30.5,29.9,31.700000000000003,4.96,1.99,4.96,0.16,0.0,0.0,1027.0,8228.0,0.0,0.0,0.0,0.0,0.0,1.0,0.0,0.0,0.0,0.0,0.0,-0.1,0.0,1.2000000000000002,0.0,0.0001,16.0,25903.0
2026-07-30T18:59:16.852Z,126.335,126.348,0.0,7.4,0.0,0.0,0.0,0.0,0.0,0.0,0.0,0.0,1.0,0.0,0.0,0.0,9.0,4.0,0.0,0.0,0.0,0.0,0.0,0.0,0.0,0.0,2.0,12.0,1.0,12.18,5.01,2.5,1.49,0.0,0.0,0.0,2.3000000000000003,0.0,0.3,-0.4,-0.1,-169.60000000000002,0.0,0.0,169.60000000000002,0.0,21.4,31.0,31.0,31.700000000000003,300.0,300.0,30.700000000000003,34.800000000000004,30.5,29.9,31.700000000000003,4.95,1.99,4.97,0.16,0.0,0.0,1027.0,8228.0,0.0,0.0,0.0,0.0,0.0,1.0,0.0,0.0,0.0,0.0,0.0,-0.6000000000000001,0.0,0.0,0.0,0.0001,16.0,25903.0
2026-07-30T18:59:16.864Z,126.347,126.36,0.0,7.4,0.0,0.0,0.0,0.0,0.0,0.0,0.0,0.0,1.0,0.0,0.0,0.0,9.0,4.0,0.0,0.0,0.0,0.0,0.0,0.0,0.0,0.0,3.0,12.0,1.0,12.18,5.01,2.5,1.49,0.0,0.0,0.0,2.3000000000000003,0.0,-0.2,-1.0,-0.1,-169.60000000000002,0.0,0.0,169.70000000000002,0.0,21.4,31.0,31.0,31.700000000000003,300.0,300.0,30.700000000000003,34.800000000000004,30.5,29.9,31.700000000000003,4.96,1.99,4.97,0.16,0.0,0.0,1027.0,8228.0,0.0,0.0,0.0,0.0,0.0,1.0,0.0,0.0,0.0,0.0,0.0,-1.3,0.0,0.0,0.0,0.0,16.0,25903.0
2026-07-30T18:59:16.876Z,126.359,126.372,0.0,7.4,0.0,0.0,0.0,0.0,0.0,0.0,0.0,0.0,1.0,0.0,0.0,0.0,9.0,4.0,0.0,0.0,0.0,0.0,0.0,0.0,0.0,0.0,4.0,12.0,1.0,12.18,5.01,2.5,1.49,0.0,0.0,0.0,2.3000000000000003,0.0,-0.2,0.0,-0.7000000000000001,-169.60000000000002,0.0,0.0,169.60000000000002,0.0,21.4,31.0,31.0,31.700000000000003,300.0,300.0,30.700000000000003,34.800000000000004,30.5,29.9,31.700000000000003,4.96,1.99,4.96,0.16,0.0,0.0,1027.0,8228.0,0.0,0.0,0.0,0.0,0.0,1.0,0.0,0.0,0.0,0.0,0.0,-0.5,0.0,0.6000000000000001,0.0,0.0,16.0,25903.0
2026-07-30T18:59:16.888Z,126.371,126.384,0.0,7.4,0.0,0.0,0.0,0.0,0.0,0.0,0.0,0.0,1.0,0.0,0.0,0.0,9.0,4.0,0.0,0.0,0.0,0.0,0.0,0.0,0.0,0.0,5.0,12.0,1.0,12.15,5.01,2.5,1.49,0.0,0.0,0.0,2.3000000000000003,0.0,-0.2,1.1,0.4,-169.60000000000002,0.0,0.0,169.70000000000002,0.0,21.700000000000003,31.0,31.0,31.700000000000003,300.0,300.0,30.8,34.800000000000004,30.5,29.9,31.700000000000003,4.96,1.99,4.96,0.16,0.0,0.0,1027.0,8228.0,0.0,0.0,0.0,0.0,0.0,1.0,0.0,0.0,0.0,0.0,0.0,1.6,0.0,-0.1,0.0,0.0,16.0,25903.0
2026-07-30T18:59:16.900Z,126.383,126.396,0.0,7.4,0.0,0.0,0.0,0.0,0.0,0.0,0.0,0.0,1.0,0.0,0.0,0.0,9.0,4.0,0.0,0.0,0.0,0.0,0.0,0.0,0.0,0.0,6.0,12.0,1.0,12.15,5.01,2.5,1.49,0.0,0.0,0.0,2.2,0.0,-0.2,-0.5,0.3,-169.60000000000002,0.0,0.0,169.60000000000002,0.0,21.700000000000003,31.0,31.0,31.700000000000003,300.0,300.0,30.8,34.800000000000004,30.5,29.9,31.700000000000003,4.95,1.99,4.97,0.16,0.0,0.0,1027.0,8228.0,0.0,0.0,0.0,0.0,0.0,1.0,0.0,0.0,0.0,0.0,0.0,-0.4,0.0,-0.4,0.0,0.0,16.0,25903.0
2026-07-30T18:59:16.911Z,126.394,126.408,0.0,7.4,0.0,0.0,0.0,0.0,0.0,0.0,0.0,0.0,1.0,0.0,0.0,0.0,9.0,4.0,0.0,0.0,0.0,0.0,0.0,0.0,0.0,0.0,2.0,12.0,1.0,12.15,5.01,2.5,1.49,0.0,0.0,0.0,2.3000000000000003,0.0,0.3,-0.5,-0.7000000000000001,-169.60000000000002,0.0,0.0,169.60000000000002,0.0,21.700000000000003,31.0,31.0,31.700000000000003,300.0,300.0,30.8,34.800000000000004,30.5,29.9,31.700000000000003,4.96,2.0,4.96,0.16,0.0,0.0,1027.0,8228.0,0.0,0.0,0.0,0.0,0.0,1.0,0.0,0.0,0.0,0.0,0.0,-1.2000000000000002,0.0,0.5,0.0,0.0,16.0,25903.0
2026-07-30T18:59:16.924Z,126.407,126.42,0.0,7.4,0.0,0.0,0.0,0.0,0.0,0.0,0.0,0.0,1.0,0.0,0.0,0.0,9.0,4.0,0.0,0.0,0.0,0.0,0.0,0.0,0.0,0.0,3.0,12.0,1.0,12.15,5.01,2.5,1.49,0.0,0.0,0.0,2.3000000000000003,0.0,-0.8,0.0,0.4,-169.60000000000002,0.0,0.0,169.70000000000002,0.0,21.700000000000003,31.0,31.0,31.700000000000003,300.0,300.0,30.8,34.800000000000004,30.5,29.9,31.700000000000003,4.96,1.99,4.97,0.15,0.0,0.0,1027.0,8228.0,0.0,0.0,0.0,0.0,0.0,1.0,0.0,0.0,0.0,0.0,0.0,0.2,0.0,-0.3,0.0,0.0,16.0,25903.0
2026-07-30T18:59:16.936Z,126.419,126.432,0.0,7.4,0.0,0.0,0.0,0.0,0.0,0.0,0.0,0.0,1.0,0.0,0.0,0.0,9.0,4.0,0.0,0.0,0.0,0.0,0.0,0.0,0.0,0.0,5.0,12.0,1.0,12.15,5.01,2.5,1.49,0.0,0.0,0.0,2.2,0.0,0.3,1.1,-0.1,-169.60000000000002,0.0,0.0,169.70000000000002,0.0,21.700000000000003,31.0,31.0,31.700000000000003,300.0,300.0,30.8,34.800000000000004,30.5,29.9,31.700000000000003,4.95,1.99,4.97,0.16,0.0,0.0,1027.0,8228.0,0.0,0.0,0.0,0.0,0.0,1.0,0.0,0.0,0.0,0.0,0.0,1.1,0.0,0.4,0.0,0.0001,16.0,25903.0
2026-07-30T18:59:16.948Z,126.431,126.444,0.0,7.4,0.0,0.0,0.0,0.0,0.0,0.0,0.0,0.0,1.0,0.0,0.0,0.0,9.0,4.0,0.0,0.0,0.0,0.0,0.0,0.0,0.0,0.0,6.0,12.0,1.0,12.15,5.01,2.5,1.49,0.0,0.0,0.0,2.2,0.0,-0.2,-1.2000000000000002,-0.1,-169.60000000000002,0.0,0.0,169.60000000000002,0.0,21.700000000000003,31.0,31.0,31.700000000000003,300.0,300.0,30.8,34.800000000000004,30.5,29.9,31.700000000000003,4.96,1.99,4.96,0.16,0.0,0.0,1027.0,8228.0,0.0,0.0,0.0,0.0,0.0,1.0,0.0,0.0,0.0,0.0,0.0,-1.5,0.0,0.0,0.0,0.0001,16.0,25903.0
2026-07-30T18:59:16.960Z,126.443,126.456,0.0,7.4,0.0,0.0,0.0,0.0,0.0,0.0,0.0,0.0,1.0,0.0,0.0,0.0,9.0,4.0,0.0,0.0,0.0,0.0,0.0,0.0,0.0,0.0,2.0,12.0,1.0,12.15,5.01,2.5,1.49,0.0,0.0,0.0,2.3000000000000003,0.0,0.3,-0.5,-0.1,-169.60000000000002,0.0,0.0,169.60000000000002,0.0,21.700000000000003,31.0,31.0,31.700000000000003,300.0,300.0,30.8,34.800000000000004,30.5,29.9,31.700000000000003,4.96,1.99,4.97,0.16,0.0,0.0,1027.0,8228.0,0.0,0.0,0.0,0.0,0.0,1.0,0.0,0.0,0.0,0.0,0.0,-0.7000000000000001,0.0,0.0,0.0,0.0001,16.0,25903.0
2026-07-30T18:59:16.972Z,126.455,126.468,0.0,7.4,0.0,0.0,0.0,0.0,0.0,0.0,0.0,0.0,1.0,0.0,0.0,0.0,9.0,4.0,0.0,0.0,0.0,0.0,0.0,0.0,0.0,0.0,3.0,12.0,1.0,12.15,5.01,2.5,1.49,0.0,0.0,0.0,2.2,0.0,0.2,0.5,0.4,-169.60000000000002,0.0,0.0,169.60000000000002,0.0,21.700000000000003,31.0,31.0,31.700000000000003,300.0,300.0,30.8,34.800000000000004,30.5,29.9,31.700000000000003,4.96,1.99,4.96,0.16,0.0,0.0,1027.0,8228.0,0.0,0.0,0.0,0.0,0.0,1.0,0.0,0.0,0.0,0.0,0.0,0.9,0.0,-0.2,0.0,0.0001,16.0,25903.0
2026-07-30T18:59:16.984Z,126.467,126.48,0.0,7.4,0.0,0.0,0.0,0.0,0.0,0.0,0.0,0.0,1.0,0.0,0.0,0.0,9.0,4.0,0.0,0.0,0.0,0.0,0.0,0.0,0.0,0.0,4.0,12.0,1.0,12.17,5.0200000000000005,2.51,1.49,0.0,0.0,0.0,2.2,0.0,0.3,1.1,0.4,-169.60000000000002,0.0,0.0,169.70000000000002,0.0,21.700000000000003,31.0,31.0,31.700000000000003,300.0,300.0,30.700000000000003,34.800000000000004,30.5,29.9,31.700000000000003,4.95,1.99,4.96,0.16,0.0,0.0,1027.0,8228.0,0.0,0.0,0.0,0.0,0.0,1.0,0.0,0.0,0.0,0.0,0.0,1.6,0.0,-0.1,0.0,0.0,16.0,25903.0
2026-07-30T18:59:16.996Z,126.479,126.492,0.0,7.4,0.0,0.0,0.0,0.0,0.0,0.0,0.0,0.0,1.0,0.0,0.0,0.0,9.0,4.0,0.0,0.0,0.0,0.0,0.0,0.0,0.0,0.0,6.0,12.0,1.0,12.17,5.0200000000000005,2.51,1.49,0.0,0.0,0.0,2.2,0.0,-0.2,0.5,0.4,-169.60000000000002,0.0,0.0,169.60000000000002,0.0,21.700000000000003,31.0,31.0,31.700000000000003,300.0,300.0,30.700000000000003,34.800000000000004,30.5,29.9,31.700000000000003,4.95,1.99,4.96,0.16,0.0,0.0,1027.0,8228.0,0.0,0.0,0.0,0.0,0.0,1.0,0.0,0.0,0.0,0.0,0.0,0.9,0.0,-0.2,0.0,0.0,16.0,25903.0
2026-07-30T18:59:17.008Z,126.491,126.504,0.0,7.4,0.0,0.0,0.0,0.0,0.0,0.0,0.0,0.0,1.0,0.0,0.0,0.0,9.0,4.0,0.0,0.0,0.0,0.0,0.0,0.0,0.0,0.0,1.0,12.0,1.0,12.17,5.0200000000000005,2.51,1.49,0.0,0.0,0.0,2.1,0.0,-0.8,-1.1,0.4,-169.60000000000002,0.0,0.0,169.60000000000002,0.0,21.700000000000003,31.0,31.0,31.700000000000003,300.0,300.0,30.700000000000003,34.800000000000004,30.5,29.9,31.700000000000003,4.96,1.99,4.97,0.16,0.0,0.0,1027.0,8228.0,0.0,0.0,0.0,0.0,0.0,1.0,0.0,0.0,0.0,0.0,0.0,-0.9,0.0,-0.6000000000000001,0.0,0.0,16.0,25903.0
2026-07-30T18:59:17.020Z,126.503,126.516,0.0,7.4,0.0,0.0,0.0,0.0,0.0,0.0,0.0,0.0,1.0,0.0,0.0,0.0,9.0,4.0,0.0,0.0,0.0,0.0,0.0,0.0,0.0,0.0,2.0,12.0,1.0,12.17,5.0200000000000005,2.51,1.49,0.0,0.0,0.0,2.2,0.0,0.3,0.5,1.0,-169.60000000000002,0.0,0.0,169.60000000000002,0.0,21.700000000000003,31.0,31.0,31.700000000000003,300.0,300.0,30.700000000000003,34.800000000000004,30.5,29.9,31.700000000000003,4.96,1.99,4.96,0.16,0.0,0.0,1027.0,8228.0,0.0,0.0,0.0,0.0,0.0,1.0,0.0,0.0,0.0,0.0,0.0,1.4,0.0,-0.7000000000000001,0.0,0.0,16.0,25903.0
2026-07-30T18:59:17.032Z,126.515,126.528,0.0,7.4,0.0,0.0,0.0,0.0,0.0,0.0,0.0,0.0,1.0,0.0,0.0,0.0,9.0,4.0,0.0,0.0,0.0,0.0,0.0,0.0,0.0,0.0,4.0,12.0,1.0,12.17,5.0200000000000005,2.51,1.49,0.0,0.0,0.0,2.1,0.0,0.3,0.5,-0.1,-169.60000000000002,0.0,0.0,169.60000000000002,0.0,21.700000000000003,31.0,31.0,31.700000000000003,300.0,300.0,30.700000000000003,34.800000000000004,30.5,29.9,31.700000000000003,4.96,1.99,4.96,0.16,0.0,0.0,1027.0,8228.0,0.0,0.0,0.0,0.0,0.0,1.0,0.0,0.0,0.0,0.0,0.0,0.5,0.0,0.2,0.0,0.0,16.0,25903.0
2026-07-30T18:59:17.044Z,126.527,126.54,0.0,7.4,0.0,0.0,0.0,0.0,0.0,0.0,0.0,0.0,1.0,0.0,0.0,0.0,9.0,4.0,0.0,0.0,0.0,0.0,0.0,0.0,0.0,0.0,6.0,12.0,1.0,12.17,5.0200000000000005,2.51,1.49,0.0,0.0,0.0,2.2,0.0,0.3,0.6000000000000001,0.4,-169.60000000000002,0.0,0.0,169.60000000000002,0.0,21.700000000000003,31.0,31.0,31.700000000000003,300.0,300.0,30.700000000000003,34.800000000000004,30.5,29.9,31.700000000000003,4.95,1.99,4.96,0.16,0.0,0.0,1027.0,8228.0,0.0,0.0,0.0,0.0,0.0,1.0,0.0,0.0,0.0,0.0,0.0,1.0,0.0,-0.3,0.0,0.0,16.0,25903.0
2026-07-30T18:59:17.061Z,126.544,126.552,0.0,7.4,0.0,0.0,0.0,0.0,0.0,0.0,0.0,0.0,1.0,0.0,0.0,0.0,9.0,4.0,0.0,0.0,0.0,0.0,0.0,0.0,0.0,0.0,5.0,12.0,1.0,12.17,5.0200000000000005,2.51,1.49,0.0,0.0,0.0,2.1,0.0,-0.2,-1.7000000000000002,0.0,-169.60000000000002,0.0,0.0,169.60000000000002,0.0,21.700000000000003,31.0,31.0,31.700000000000003,300.0,300.0,30.700000000000003,34.800000000000004,30.5,29.9,31.700000000000003,4.95,1.99,4.97,0.16,0.0,0.0,1027.0,8228.0,0.0,0.0,0.0,0.0,0.0,1.0,0.0,0.0,0.0,0.0,0.0,-2.0,0.0,-0.3,0.0,0.0,16.0,25903.0
2026-07-30T18:59:17.068Z,126.551,126.564,0.0,7.4,0.0,0.0,0.0,0.0,0.0,0.0,0.0,0.0,1.0,0.0,0.0,0.0,9.0,4.0,0.0,0.0,0.0,0.0,0.0,0.0,0.0,0.0,4.0,12.0,1.0,12.17,5.0200000000000005,2.51,1.49,0.0,0.0,0.0,2.1,0.0,0.3,1.2000000000000002,0.0,-169.60000000000002,0.0,0.0,169.60000000000002,0.0,21.700000000000003,31.0,31.0,31.700000000000003,300.0,300.0,30.700000000000003,34.800000000000004,30.5,29.9,31.700000000000003,4.95,2.0,4.96,0.16,0.0,0.0,1027.0,8228.0,0.0,0.0,0.0,0.0,0.0,1.0,0.0,0.0,0.0,0.0,0.0,1.3,0.0,0.3,0.0,0.0,16.0,25903.0
2026-07-30T18:59:17.079Z,126.562,126.576,0.0,7.4,0.0,0.0,0.0,0.0,0.0,0.0,0.0,0.0,1.0,0.0,0.0,0.0,9.0,4.0,0.0,0.0,0.0,0.0,0.0,0.0,0.0,0.0,5.0,12.0,1.0,12.17,5.0200000000000005,2.51,1.49,0.0,0.0,0.0,2.1,0.0,0.3,0.6000000000000001,0.0,-169.60000000000002,0.0,0.0,169.60000000000002,0.0,21.700000000000003,31.0,31.0,31.700000000000003,300.0,300.0,30.700000000000003,34.800000000000004,30.5,29.9,31.700000000000003,4.95,1.99,4.96,0.16,0.0,0.0,1027.0,8228.0,0.0,0.0,0.0,0.0,0.0,1.0,0.0,0.0,0.0,0.0,0.0,0.6000000000000001,0.0,0.1,0.0,0.0,16.0,25903.0
2026-07-30T18:59:17.092Z,126.575,126.588,0.0,7.4,0.0,0.0,0.0,0.0,0.0,0.0,0.0,0.0,1.0,0.0,0.0,0.0,9.0,4.0,0.0,0.0,0.0,0.0,0.0,0.0,0.0,0.0,6.0,12.0,1.0,12.15,5.0200000000000005,2.51,1.5,0.0,0.0,0.0,2.1,0.0,-0.1,-0.5,-0.5,-169.60000000000002,0.0,0.0,169.60000000000002,0.0,21.4,31.0,31.0,31.700000000000003,300.0,300.0,30.700000000000003,34.800000000000004,30.5,29.9,31.6,4.95,1.99,4.97,0.16,0.0,0.0,1027.0,8228.0,0.0,0.0,0.0,0.0,0.0,1.0,0.0,0.0,0.0,0.0,0.0,-1.0,0.0,0.4,0.0,0.0001,16.0,25903.0
2026-07-30T18:59:17.104Z,126.587,126.6,0.0,7.4,0.0,0.0,0.0,0.0,0.0,0.0,0.0,0.0,1.0,0.0,0.0,0.0,9.0,4.0,0.0,0.0,0.0,0.0,0.0,0.0,0.0,0.0,1.0,12.0,1.0,12.15,5.0200000000000005,2.51,1.5,0.0,0.0,0.0,2.1,0.0,-0.1,-1.7000000000000002,-0.5,-169.60000000000002,0.0,0.0,169.60000000000002,0.0,21.4,31.0,31.0,31.700000000000003,300.0,300.0,30.700000000000003,34.800000000000004,30.5,29.9,31.6,4.96,1.99,4.96,0.16,0.0,0.0,1027.0,8228.0,0.0,0.0,0.0,0.0,0.0,1.0,0.0,0.0,0.0,0.0,0.0,-2.4000000000000004,0.0,0.1,0.0,0.0001,16.0,25903.0
2026-07-30T18:59:17.116Z,126.599,126.612,0.0,7.4,0.0,0.0,0.0,0.0,0.0,0.0,0.0,0.0,1.0,0.0,0.0,0.0,9.0,4.0,0.0,0.0,0.0,0.0,0.0,0.0,0.0,0.0,1.0,12.0,1.0,12.15,5.0200000000000005,2.51,1.5,0.0,0.0,0.0,2.1,0.0,0.4,1.2000000000000002,-0.5,-169.60000000000002,0.0,0.0,169.60000000000002,0.0,21.4,31.0,31.0,31.700000000000003,300.0,300.0,30.700000000000003,34.800000000000004,30.5,29.9,31.6,4.96,2.0,4.96,0.16,0.0,0.0,1027.0,8228.0,0.0,0.0,0.0,0.0,0.0,1.0,0.0,0.0,0.0,0.0,0.0,0.9,0.0,0.7000000000000001,0.0,0.0,16.0,25903.0
2026-07-30T18:59:17.128Z,126.611,126.624,0.0,7.4,0.0,0.0,0.0,0.0,0.0,0.0,0.0,0.0,1.0,0.0,0.0,0.0,9.0,4.0,0.0,0.0,0.0,0.0,0.0,0.0,0.0,0.0,3.0,12.0,1.0,12.15,5.0200000000000005,2.51,1.5,0.0,0.0,0.0,2.1,0.0,0.9,0.0,0.5,-169.60000000000002,0.0,0.0,169.60000000000002,0.0,21.4,31.0,31.0,31.700000000000003,300.0,300.0,30.700000000000003,34.800000000000004,30.5,29.9,31.6,4.95,1.99,4.96,0.17,0.0,0.0,1027.0,8228.0,0.0,0.0,0.0,0.0,0.0,1.0,0.0,0.0,0.0,0.0,0.0,0.4,0.0,-0.4,0.0,0.0,16.0,25903.0
2026-07-30T18:59:17.140Z,126.623,126.636,0.0,7.4,0.0,0.0,0.0,0.0,0.0,0.0,0.0,0.0,1.0,0.0,0.0,0.0,9.0,4.0,0.0,0.0,0.0,0.0,0.0,0.0,0.0,0.0,4.0,12.0,1.0,12.15,5.0200000000000005,2.51,1.5,0.0,0.0,0.0,2.1,0.0,0.9,0.6000000000000001,0.5,-169.60000000000002,0.0,0.0,169.70000000000002,0.0,21.4,31.0,31.0,31.700000000000003,300.0,300.0,30.700000000000003,34.800000000000004,30.5,29.9,31.6,4.95,1.99,4.97,0.16,0.0,0.0,1027.0,8228.0,0.0,0.0,0.0,0.0,0.0,1.0,0.0,0.0,0.0,0.0,0.0,1.1,0.0,-0.3,0.0,0.0,16.0,25903.0
2026-07-30T18:59:17.152Z,126.635,126.648,0.0,7.4,0.0,0.0,0.0,0.0,0.0,0.0,0.0,0.0,1.0,0.0,0.0,0.0,9.0,4.0,0.0,0.0,0.0,0.0,0.0,0.0,0.0,0.0,5.0,12.0,1.0,12.15,5.0200000000000005,2.51,1.5,0.0,0.0,0.0,2.1,0.0,0.4,-0.5,0.5,-169.60000000000002,0.0,0.0,169.70000000000002,0.0,21.4,31.0,31.0,31.700000000000003,300.0,300.0,30.700000000000003,34.800000000000004,30.5,29.9,31.6,4.96,1.99,4.96,0.16,0.0,0.0,1027.0,8228.0,0.0,0.0,0.0,0.0,0.0,1.0,0.0,0.0,0.0,0.0,0.0,-0.1,0.0,-0.5,0.0,0.0001,16.0,25903.0
2026-07-30T18:59:17.164Z,126.647,126.66,0.0,7.4,0.0,0.0,0.0,0.0,0.0,0.0,0.0,0.0,1.0,0.0,0.0,0.0,9.0,4.0,0.0,0.0,0.0,0.0,0.0,0.0,0.0,0.0,5.0,12.0,1.0,12.15,5.0200000000000005,2.51,1.5,0.0,0.0,0.0,2.1,0.0,-0.1,1.2000000000000002,1.7000000000000002,-169.60000000000002,0.0,0.0,169.70000000000002,0.0,21.4,31.0,31.0,31.700000000000003,300.0,300.0,30.700000000000003,34.800000000000004,30.5,29.9,31.6,4.96,1.99,4.97,0.16,0.0,0.0,1027.0,8228.0,0.0,0.0,0.0,0.0,0.0,1.0,0.0,0.0,0.0,0.0,0.0,2.7,0.0,-1.2000000000000002,0.0,0.0,16.0,25903.0
2026-07-30T18:59:17.176Z,126.659,126.672,0.0,7.4,0.0,0.0,0.0,0.0,0.0,0.0,0.0,0.0,1.0,0.0,0.0,0.0,9.0,4.0,0.0,0.0,0.0,0.0,0.0,0.0,0.0,0.0,6.0,12.0,1.0,12.15,5.0200000000000005,2.51,1.5,0.0,0.0,0.0,2.1,0.0,0.3,0.0,-1.1,-169.60000000000002,0.0,0.0,169.70000000000002,0.0,21.4,31.0,31.0,31.700000000000003,300.0,300.0,30.700000000000003,34.800000000000004,30.5,29.9,31.6,4.95,1.99,4.97,0.16,0.0,0.0,1027.0,8228.0,0.0,0.0,0.0,0.0,0.0,1.0,0.0,0.0,0.0,0.0,0.0,-0.8,0.0,1.0,0.0,0.0,16.0,25903.0
2026-07-30T18:59:17.189Z,126.672,126.684,0.0,7.4,0.0,0.0,0.0,0.0,0.0,0.0,0.0,0.0,1.0,0.0,0.0,0.0,9.0,4.0,0.0,0.0,0.0,0.0,0.0,0.0,0.0,0.0,1.0,12.0,1.0,12.18,5.01,2.5,1.49,0.0,0.0,0.0,2.1,0.0,0.9,0.0,1.2000000000000002,-169.60000000000002,0.0,0.0,169.70000000000002,0.0,21.200000000000003,31.0,31.0,31.700000000000003,300.0,300.0,30.700000000000003,34.9,30.5,29.9,31.6,4.96,1.99,4.96,0.16,0.0,0.0,1027.0,8228.0,0.0,0.0,0.0,0.0,0.0,1.0,0.0,0.0,0.0,0.0,0.0,0.9,0.0,-1.0,0.0,0.0001,16.0,25903.0
2026-07-30T18:59:17.200Z,126.683,126.696,0.0,7.4,0.0,0.0,0.0,0.0,0.0,0.0,0.0,0.0,1.0,0.0,0.0,0.0,9.0,4.0,0.0,0.0,0.0,0.0,0.0,0.0,0.0,0.0,2.0,12.0,1.0,12.18,5.01,2.5,1.49,0.0,0.0,0.0,2.1,0.0,0.4,-0.5,0.0,-169.60000000000002,0.0,0.0,169.60000000000002,0.0,21.200000000000003,31.0,31.0,31.700000000000003,300.0,300.0,30.700000000000003,34.9,30.5,29.9,31.6,4.95,2.0,4.97,0.16,0.0,0.0,1027.0,8228.0,0.0,0.0,0.0,0.0,0.0,1.0,0.0,0.0,0.0,0.0,0.0,-0.5,0.0,-0.2,0.0,0.0,16.0,25903.0
2026-07-30T18:59:17.212Z,126.695,126.708,0.0,7.4,0.0,0.0,0.0,0.0,0.0,0.0,0.0,0.0,1.0,0.0,0.0,0.0,9.0,4.0,0.0,0.0,0.0,0.0,0.0,0.0,0.0,0.0,3.0,12.0,1.0,12.18,5.01,2.5,1.49,0.0,0.0,0.0,2.1,0.0,0.3,-0.6000000000000001,-1.0,-169.60000000000002,0.0,0.0,169.8,0.0,21.200000000000003,31.0,31.0,31.700000000000003,300.0,300.0,30.700000000000003,34.9,30.5,29.9,31.6,4.95,1.99,4.97,0.16,0.0,0.0,1027.0,8228.0,0.0,0.0,0.0,0.0,0.0,1.0,0.0,0.0,0.0,0.0,0.0,-1.4,0.0,0.8,0.0,0.0,16.0,25903.0
2026-07-30T18:59:17.224Z,126.707,126.72,0.0,7.4,0.0,0.0,0.0,0.0,0.0,0.0,0.0,0.0,1.0,0.0,0.0,0.0,9.0,4.0,0.0,0.0,0.0,0.0,0.0,0.0,0.0,0.0,4.0,12.0,1.0,12.18,5.01,2.5,1.49,0.0,0.0,0.0,2.0,0.0,0.9,1.7000000000000002,1.2000000000000002,-169.60000000000002,0.0,0.0,169.70000000000002,0.0,21.200000000000003,31.0,31.0,31.700000000000003,300.0,300.0,30.700000000000003,34.9,30.5,29.9,31.6,4.95,1.99,4.97,0.16,0.0,0.0,1027.0,8228.0,0.0,0.0,0.0,0.0,0.0,1.0,0.0,0.0,0.0,0.0,0.0,2.1,0.0,-0.8,0.0,0.0001,16.0,25903.0
2026-07-30T18:59:17.236Z,126.719,126.732,0.0,7.4,0.0,0.0,0.0,0.0,0.0,0.0,0.0,0.0,1.0,0.0,0.0,0.0,9.0,4.0,0.0,0.0,0.0,0.0,0.0,0.0,0.0,0.0,4.0,12.0,1.0,12.18,5.01,2.5,1.49,0.0,0.0,0.0,2.0,0.0,0.9,-1.2000000000000002,-0.5,-169.60000000000002,0.0,0.0,169.70000000000002,0.0,21.200000000000003,31.0,31.0,31.700000000000003,300.0,300.0,30.700000000000003,34.9,30.5,29.9,31.6,4.96,1.99,4.96,0.16,0.0,0.0,1027.0,8228.0,0.0,0.0,0.0,0.0,0.0,1.0,0.0,0.0,0.0,0.0,0.0,-0.2,0.0,-0.7000000000000001,0.0,0.0,16.0,25903.0
2026-07-30T18:59:17.248Z,126.731,126.744,0.0,7.4,0.0,0.0,0.0,0.0,0.0,0.0,0.0,0.0,1.0,0.0,0.0,0.0,9.0,4.0,0.0,0.0,0.0,0.0,0.0,0.0,0.0,0.0,6.0,12.0,1.0,12.18,5.01,2.5,1.49,0.0,0.0,0.0,2.0,0.0,0.2,-0.6000000000000001,0.6000000000000001,-169.60000000000002,0.0,0.0,169.70000000000002,0.0,21.200000000000003,31.0,31.0,31.700000000000003,300.0,300.0,30.700000000000003,34.9,30.5,29.9,31.6,4.95,1.99,4.97,0.16,0.0,0.0,1027.0,8228.0,0.0,0.0,0.0,0.0,0.0,1.0,0.0,0.0,0.0,0.0,0.0,-0.7000000000000001,0.0,-0.1,0.0,0.0,16.0,25903.0
2026-07-30T18:59:17.260Z,126.743,126.756,0.0,7.4,0.0,0.0,0.0,0.0,0.0,0.0,0.0,0.0,1.0,0.0,0.0,0.0,9.0,4.0,0.0,0.0,0.0,0.0,0.0,0.0,0.0,0.0,1.0,12.0,1.0,12.18,5.01,2.5,1.49,0.0,0.1,0.0,2.0,0.0,0.3,0.0,0.6000000000000001,-169.60000000000002,0.0,0.0,169.60000000000002,0.0,21.200000000000003,31.0,31.0,31.700000000000003,300.0,300.0,30.700000000000003,34.9,30.5,29.9,31.6,4.95,1.99,4.96,0.16,0.0,0.0,1027.0,8228.0,0.0,0.0,0.0,0.0,0.0,1.0,0.0,0.0,0.0,0.0,0.0,0.0,0.0,0.0,0.0,0.0,16.0,25903.0
2026-07-30T18:59:17.272Z,126.755,126.768,0.0,7.4,0.0,0.0,0.0,0.0,0.0,0.0,0.0,0.0,1.0,0.0,0.0,0.0,9.0,4.0,0.0,0.0,0.0,0.0,0.0,0.0,0.0,0.0,2.0,12.0,1.0,12.18,5.01,2.5,1.49,0.0,0.0,0.0,2.0,0.0,-0.2,0.0,0.6000000000000001,-169.60000000000002,0.0,0.0,169.70000000000002,0.0,21.200000000000003,31.0,31.0,31.700000000000003,300.0,300.0,30.700000000000003,34.9,30.5,29.9,31.6,4.95,2.0,4.96,0.16,0.0,0.0,1027.0,8228.0,0.0,0.0,0.0,0.0,0.0,1.0,0.0,0.0,0.0,0.0,0.0,0.3,0.0,-0.5,0.0,0.0,16.0,25903.0
2026-07-30T18:59:17.284Z,126.767,126.78,0.0,7.4,0.0,0.0,0.0,0.0,0.0,0.0,0.0,0.0,1.0,0.0,0.0,0.0,9.0,4.0,0.0,0.0,0.0,0.0,0.0,0.0,0.0,0.0,3.0,12.0,1.0,12.18,5.01,2.5,1.49,0.0,0.0,0.0,2.0,0.0,0.9,0.0,0.6000000000000001,-169.60000000000002,0.0,0.0,169.60000000000002,0.0,21.200000000000003,31.0,31.0,31.700000000000003,300.0,300.0,30.700000000000003,34.9,30.5,29.9,31.6,4.95,2.0,4.97,0.16,0.0,0.0,1027.0,8228.0,0.0,0.0,0.0,0.0,0.0,1.0,0.0,0.0,0.0,0.0,0.0,0.4,0.0,-0.5,0.0,0.0001,16.0,25903.0
2026-07-30T18:59:17.296Z,126.779,126.792,0.0,7.4,0.0,0.0,0.0,0.0,0.0,0.0,0.0,0.0,1.0,0.0,0.0,0.0,9.0,4.0,0.0,0.0,0.0,0.0,0.0,0.0,0.0,0.0,3.0,12.0,1.0,12.15,5.0200000000000005,2.51,1.49,0.0,0.0,0.0,2.0,0.0,0.9,0.0,-0.5,-169.60000000000002,0.0,0.0,169.60000000000002,0.0,21.3,31.0,31.0,31.700000000000003,300.0,300.0,30.8,34.800000000000004,30.5,29.9,31.6,4.95,1.99,4.97,0.16,0.0,0.0,1027.0,8228.0,0.0,0.0,0.0,0.0,0.0,1.0,0.0,0.0,0.0,0.0,0.0,-0.4,0.0,0.4,0.0,0.0001,16.0,25903.0
2026-07-30T18:59:17.308Z,126.791,126.804,0.0,7.4,0.0,0.0,0.0,0.0,0.0,0.0,0.0,0.0,1.0,0.0,0.0,0.0,9.0,4.0,0.0,0.0,0.0,0.0,0.0,0.0,0.0,0.0,5.0,12.0,1.0,12.15,5.0200000000000005,2.51,1.49,0.0,0.0,0.0,2.0,0.0,-0.2,-0.5,-0.5,-169.60000000000002,0.0,0.0,169.70000000000002,0.0,21.3,31.0,31.0,31.700000000000003,300.0,300.0,30.8,34.800000000000004,30.5,29.9,31.6,4.95,1.99,4.96,0.16,0.0,0.0,1027.0,8228.0,0.0,0.0,0.0,0.0,0.0,1.0,0.0,0.0,0.0,0.0,0.0,-1.0,0.0,0.3,0.0,0.0,16.0,25903.0
2026-07-30T18:59:17.320Z,126.803,126.816,0.0,7.4,0.0,0.0,0.0,0.0,0.0,0.0,0.0,0.0,1.0,0.0,0.0,0.0,9.0,4.0,0.0,0.0,0.0,0.0,0.0,0.0,0.0,0.0,6.0,12.0,1.0,12.15,5.0200000000000005,2.51,1.49,0.0,0.0,0.0,1.9,0.0,0.9,0.6000000000000001,1.7000000000000002,-169.60000000000002,0.0,0.0,169.70000000000002,0.0,21.3,31.0,31.0,31.700000000000003,300.0,300.0,30.8,34.800000000000004,30.5,29.9,31.6,4.96,1.99,4.96,0.16,0.0,0.0,1027.0,8228.0,0.0,0.0,0.0,0.0,0.0,1.0,0.0,0.0,0.0,0.0,0.0,2.0,0.0,-1.4,0.0,0.0,16.0,25903.0
2026-07-30T18:59:17.332Z,126.815,126.828,0.0,7.4,0.0,0.0,0.0,0.0,0.0,0.0,0.0,0.0,1.0,0.0,0.0,0.0,9.0,4.0,0.0,0.0,0.0,0.0,0.0,0.0,0.0,0.0,1.0,12.0,1.0,12.15,5.0200000000000005,2.51,1.49,0.0,0.0,0.0,1.9,0.0,-0.2,0.0,0.0,-169.60000000000002,0.0,0.0,169.70000000000002,0.0,21.3,31.0,31.0,31.700000000000003,300.0,300.0,30.8,34.800000000000004,30.5,29.9,31.6,4.95,1.99,4.96,0.16,0.0,0.0,1027.0,8228.0,0.0,0.0,0.0,0.0,0.0,1.0,0.0,0.0,0.0,0.0,0.0,0.0,0.0,0.0,0.0,0.0001,16.0,25903.0
2026-07-30T18:59:17.344Z,126.827,126.84,0.0,7.4,0.0,0.0,0.0,0.0,0.0,0.0,0.0,0.0,1.0,0.0,0.0,0.0,9.0,4.0,0.0,0.0,0.0,0.0,0.0,0.0,0.0,0.0,2.0,12.0,1.0,12.15,5.0200000000000005,2.51,1.49,0.0,0.0,0.0,1.9,0.0,-0.8,-0.5,-0.5,-169.60000000000002,0.0,0.0,169.70000000000002,0.0,21.3,31.0,31.0,31.700000000000003,300.0,300.0,30.8,34.800000000000004,30.5,29.9,31.6,4.95,1.99,4.96,0.16,0.0,0.0,1027.0,8228.0,0.0,0.0,0.0,0.0,0.0,1.0,0.0,0.0,0.0,0.0,0.0,-1.0,0.0,0.3,0.0,0.0001,16.0,25903.0
2026-07-30T18:59:17.356Z,126.839,126.852,0.0,7.4,0.0,0.0,0.0,0.0,0.0,0.0,0.0,0.0,1.0,0.0,0.0,0.0,9.0,4.0,0.0,0.0,0.0,0.0,0.0,0.0,0.0,0.0,3.0,12.0,1.0,12.15,5.0200000000000005,2.51,1.49,0.0,0.0,0.0,1.9,0.0,-0.2,0.6000000000000001,1.1,-169.60000000000002,0.0,0.0,169.60000000000002,0.0,21.3,31.0,31.0,31.700000000000003,300.0,300.0,30.8,34.800000000000004,30.5,29.9,31.6,4.95,2.0,4.96,0.16,0.0,0.0,1027.0,8228.0,0.0,0.0,0.0,0.0,0.0,1.0,0.0,0.0,0.0,0.0,0.0,1.6,0.0,-0.8,0.0,0.0001,16.0,25903.0
2026-07-30T18:59:17.375Z,126.858,126.864,0.0,7.4,0.0,0.0,0.0,0.0,0.0,0.0,0.0,0.0,1.0,0.0,0.0,0.0,9.0,4.0,0.0,0.0,0.0,0.0,0.0,0.0,0.0,0.0,2.0,12.0,1.0,12.15,5.0200000000000005,2.51,1.49,0.0,0.0,0.0,2.0,0.0,0.3,0.0,-0.6000000000000001,-169.60000000000002,0.0,0.0,169.70000000000002,0.0,21.3,31.0,31.0,31.700000000000003,300.0,300.0,30.8,34.800000000000004,30.5,29.9,31.6,4.95,1.99,4.96,0.16,0.0,0.0,1027.0,8228.0,0.0,0.0,0.0,0.0,0.0,1.0,0.0,0.0,0.0,0.0,0.0,-0.3,0.0,0.5,0.0,0.0,16.0,25903.0
2026-07-30T18:59:17.380Z,126.863,126.876,0.0,7.4,0.0,0.0,0.0,0.0,0.0,0.0,0.0,0.0,1.0,0.0,0.0,0.0,9.0,4.0,0.0,0.0,0.0,0.0,0.0,0.0,0.0,0.0,6.0,12.0,1.0,12.15,5.0200000000000005,2.51,1.49,0.0,0.1,0.0,1.8,0.0,0.8,0.0,0.0,-169.60000000000002,0.0,0.0,169.60000000000002,0.0,21.3,31.0,31.0,31.700000000000003,300.0,300.0,30.8,34.800000000000004,30.5,29.9,31.6,4.95,1.99,4.97,0.16,0.0,0.0,1027.0,8228.0,0.0,0.0,0.0,0.0,0.0,1.0,0.0,0.0,0.0,0.0,0.0,0.0,0.0,0.0,0.0,0.0,16.0,25903.0
2026-07-30T18:59:17.393Z,126.876,126.888,0.0,7.4,0.0,0.0,0.0,0.0,0.0,0.0,0.0,0.0,1.0,0.0,0.0,0.0,9.0,4.0,0.0,0.0,0.0,0.0,0.0,0.0,0.0,0.0,1.0,12.0,1.0,12.18,5.01,2.51,1.49,0.0,0.0,0.0,1.9,0.0,-0.2,-0.5,0.4,-169.60000000000002,0.0,0.0,169.70000000000002,0.0,21.700000000000003,31.0,31.0,31.700000000000003,300.0,300.0,30.8,34.800000000000004,30.5,29.9,31.6,4.96,1.99,4.96,0.16,0.0,0.0,1027.0,8228.0,0.0,0.0,0.0,0.0,0.0,1.0,0.0,0.0,0.0,0.0,0.0,-0.2,0.0,-0.5,0.0,0.0,16.0,25903.0
2026-07-30T18:59:17.404Z,126.887,126.9,0.0,7.4,0.0,0.0,0.0,0.0,0.0,0.0,0.0,0.0,1.0,0.0,0.0,0.0,9.0,4.0,0.0,0.0,0.0,0.0,0.0,0.0,0.0,0.0,2.0,12.0,1.0,12.18,5.01,2.51,1.49,0.0,0.0,0.0,1.9,0.0,-0.2,0.6000000000000001,-0.7000000000000001,-169.60000000000002,0.0,0.0,169.70000000000002,0.0,21.700000000000003,31.0,31.0,31.700000000000003,300.0,300.0,30.8,34.800000000000004,30.5,29.9,31.6,4.96,1.99,4.96,0.16,0.0,0.0,1027.0,8228.0,0.0,0.0,0.0,0.0,0.0,1.0,0.0,0.0,0.0,0.0,0.0,0.1,0.0,0.7000000000000001,0.0,0.0002,16.0,25903.0
2026-07-30T18:59:17.416Z,126.899,126.912,0.0,7.4,0.0,0.0,0.0,0.0,0.0,0.0,0.0,0.0,1.0,0.0,0.0,0.0,9.0,4.0,0.0,0.0,0.0,0.0,0.0,0.0,0.0,0.0,3.0,12.0,1.0,12.18,5.01,2.51,1.49,0.0,0.0,0.0,1.9,0.0,-0.2,-1.1,0.0,-169.60000000000002,0.0,0.0,169.70000000000002,0.0,21.700000000000003,31.0,31.0,31.700000000000003,300.0,300.0,30.8,34.800000000000004,30.5,29.9,31.6,4.95,2.0,4.96,0.16,0.0,0.0,1027.0,8228.0,0.0,0.0,0.0,0.0,0.0,1.0,0.0,0.0,0.0,0.0,0.0,-1.3,0.0,-0.1,0.0,0.0001,16.0,25903.0
2026-07-30T18:59:17.428Z,126.911,126.924,0.0,7.4,0.0,0.0,0.0,0.0,0.0,0.0,0.0,0.0,1.0,0.0,0.0,0.0,9.0,4.0,0.0,0.0,0.0,0.0,0.0,0.0,0.0,0.0,4.0,12.0,1.0,12.18,5.01,2.51,1.49,0.0,0.0,0.0,1.8,0.0,-0.2,0.5,-1.3,-169.60000000000002,0.0,0.0,169.60000000000002,0.0,21.700000000000003,31.0,31.0,31.700000000000003,300.0,300.0,30.8,34.800000000000004,30.5,29.9,31.6,4.95,2.0,4.96,0.16,0.0,0.0,1027.0,8228.0,0.0,0.0,0.0,0.0,0.0,1.0,0.0,0.0,0.0,0.0,0.0,-0.3,0.0,1.2000000000000002,0.0,0.0,16.0,25903.0
2026-07-30T18:59:17.440Z,126.923,126.936,0.0,7.4,0.0,0.0,0.0,0.0,0.0,0.0,0.0,0.0,1.0,0.0,0.0,0.0,9.0,4.0,0.0,0.0,0.0,0.0,0.0,0.0,0.0,0.0,6.0,12.0,1.0,12.18,5.01,2.51,1.49,0.0,0.0,0.0,1.8,0.0,0.2,-1.1,1.0,-169.60000000000002,0.0,0.0,169.60000000000002,0.0,21.700000000000003,31.0,31.0,31.700000000000003,300.0,300.0,30.8,34.800000000000004,30.5,29.9,31.6,4.95,1.99,4.96,0.16,0.0,0.0,1027.0,8228.0,0.0,0.0,0.0,0.0,0.0,1.0,0.0,0.0,0.0,0.0,0.0,-0.5,0.0,-1.1,0.0,0.0001,16.0,25903.0
2026-07-30T18:59:17.452Z,126.935,126.948,0.0,7.4,0.0,0.0,0.0,0.0,0.0,0.0,0.0,0.0,1.0,0.0,0.0,0.0,9.0,4.0,0.0,0.0,0.0,0.0,0.0,0.0,0.0,0.0,1.0,12.0,1.0,12.18,5.01,2.51,1.49,0.0,0.0,0.0,1.8,0.0,0.8,-0.6000000000000001,-0.1,-169.60000000000002,0.0,0.0,169.70000000000002,0.0,21.700000000000003,31.0,31.0,31.700000000000003,300.0,300.0,30.8,34.800000000000004,30.5,29.9,31.6,4.95,1.99,4.97,0.16,0.0,0.0,1027.0,8228.0,0.0,0.0,0.0,0.0,0.0,1.0,0.0,0.0,0.0,0.0,0.0,-0.8,0.0,0.0,0.0,0.0001,16.0,25903.0
2026-07-30T18:59:17.463Z,126.946,126.96,0.0,7.4,0.0,0.0,0.0,0.0,0.0,0.0,0.0,0.0,1.0,0.0,0.0,0.0,9.0,4.0,0.0,0.0,0.0,0.0,0.0,0.0,0.0,0.0,2.0,12.0,1.0,12.18,5.01,2.51,1.49,0.0,0.0,0.0,1.8,0.0,-0.3,0.6000000000000001,-1.8,-169.60000000000002,0.0,0.0,169.70000000000002,0.0,21.700000000000003,31.0,31.0,31.700000000000003,300.0,300.0,30.8,34.800000000000004,30.5,29.9,31.6,4.96,1.99,4.97,0.16,0.0,0.0,1027.0,8228.0,0.0,0.0,0.0,0.0,0.0,1.0,0.0,0.0,0.0,0.0,0.0,-0.7000000000000001,0.0,1.7000000000000002,0.0,0.0,16.0,25903.0
2026-07-30T18:59:17.476Z,126.959,126.972,0.0,7.4,0.0,0.0,0.0,0.0,0.0,0.0,0.0,0.0,1.0,0.0,0.0,0.0,9.0,4.0,0.0,0.0,0.0,0.0,0.0,0.0,0.0,0.0,3.0,12.0,1.0,12.18,5.01,2.51,1.49,0.0,0.1,0.0,1.8,0.0,0.2,-0.5,1.6,-169.60000000000002,0.0,0.0,169.60000000000002,0.0,21.700000000000003,31.0,31.0,31.700000000000003,300.0,300.0,30.8,34.800000000000004,30.5,29.9,31.6,4.96,1.99,4.96,0.16,0.0,0.0,1027.0,8228.0,0.0,0.0,0.0,0.0,0.0,1.0,0.0,0.0,0.0,0.0,0.0,0.5,0.0,-1.5,0.0,0.0,16.0,25903.0
2026-07-30T18:59:17.488Z,126.971,126.984,0.0,7.4,0.0,0.0,0.0,0.0,0.0,0.0,0.0,0.0,1.0,0.0,0.0,0.0,9.0,4.0,0.0,0.0,0.0,0.0,0.0,0.0,0.0,0.0,5.0,12.0,1.0,12.18,5.01,2.51,1.49,0.0,0.0,0.0,1.8,0.0,-0.3,0.0,-0.6000000000000001,-169.60000000000002,0.0,0.0,169.60000000000002,0.0,21.700000000000003,31.0,31.0,31.700000000000003,300.0,300.0,30.8,34.800000000000004,30.5,29.9,31.6,4.95,1.99,4.97,0.16,0.0,0.0,1027.0,8228.0,0.0,0.0,0.0,0.0,0.0,1.0,0.0,0.0,0.0,0.0,0.0,-0.5,0.0,0.6000000000000001,0.0,0.0,16.0,25903.0
2026-07-30T18:59:17.500Z,126.983,126.996,0.0,7.4,0.0,0.0,0.0,0.0,0.0,0.0,0.0,0.0,1.0,0.0,0.0,0.0,9.0,4.0,0.0,0.0,0.0,0.0,0.0,0.0,0.0,0.0,6.0,12.0,1.0,12.14,5.01,2.5,1.49,0.0,0.0,0.0,1.8,0.0,0.2,0.5,1.0,-169.60000000000002,0.0,0.0,169.70000000000002,0.0,21.4,31.0,30.9,31.700000000000003,300.0,300.0,30.700000000000003,34.800000000000004,30.5,29.9,31.6,4.95,1.99,4.96,0.16,0.0,0.0,1027.0,8228.0,0.0,0.0,0.0,0.0,0.0,1.0,0.0,0.0,0.0,0.0,0.0,1.3,0.0,-0.7000000000000001,0.0,0.0,16.0,25903.0
2026-07-30T18:59:17.512Z,126.995,127.008,0.0,7.4,0.0,0.0,0.0,0.0,0.0,0.0,0.0,0.0,1.0,0.0,0.0,0.0,9.0,4.0,0.0,0.0,0.0,0.0,0.0,0.0,0.0,0.0,1.0,12.0,1.0,12.14,5.01,2.5,1.49,0.0,0.0,0.0,1.8,0.0,0.2,0.5,0.4,-169.60000000000002,0.0,0.0,169.60000000000002,0.0,21.4,31.0,30.9,31.700000000000003,300.0,300.0,30.700000000000003,34.800000000000004,30.5,29.9,31.6,4.96,2.0,4.96,0.16,0.0,0.0,1027.0,8228.0,0.0,0.0,0.0,0.0,0.0,1.0,0.0,0.0,0.0,0.0,0.0,0.9,0.0,-0.2,0.0,0.0,16.0,25903.0
2026-07-30T18:59:17.523Z,127.006,127.02,0.0,7.4,0.0,0.0,0.0,0.0,0.0,0.0,0.0,0.0,1.0,0.0,0.0,0.0,9.0,4.0,0.0,0.0,0.0,0.0,0.0,0.0,0.0,0.0,2.0,12.0,1.0,12.14,5.01,2.5,1.49,0.0,0.0,0.0,1.8,0.0,0.2,0.5,-0.7000000000000001,-169.60000000000002,0.0,0.0,169.70000000000002,0.0,21.4,31.0,30.9,31.700000000000003,300.0,300.0,30.700000000000003,34.800000000000004,30.5,29.9,31.6,4.96,2.0,4.96,0.16,0.0,0.0,1027.0,8228.0,0.0,0.0,0.0,0.0,0.0,1.0,0.0,0.0,0.0,0.0,0.0,0.0,0.0,0.7000000000000001,0.0,0.0,16.0,25903.0
2026-07-30T18:59:17.535Z,127.018,127.032,0.0,7.4,0.0,0.0,0.0,0.0,0.0,0.0,0.0,0.0,1.0,0.0,0.0,0.0,9.0,4.0,0.0,0.0,0.0,0.0,0.0,0.0,0.0,0.0,3.0,12.0,1.0,12.14,5.01,2.5,1.49,-0.1,0.1,0.0,1.8,0.0,-0.3,-1.8,-0.7000000000000001,-169.60000000000002,0.0,0.0,169.60000000000002,0.0,21.4,31.0,30.9,31.700000000000003,300.0,300.0,30.700000000000003,34.800000000000004,30.5,29.9,31.6,4.96,1.99,4.96,0.16,0.0,0.0,1027.0,8228.0,0.0,0.0,0.0,0.0,0.0,1.0,0.0,0.0,0.0,0.0,0.0,-2.6,0.0,0.3,0.0,0.0,16.0,25903.0
2026-07-30T18:59:17.548Z,127.031,127.044,0.0,7.4,0.0,0.0,0.0,0.0,0.0,0.0,0.0,0.0,1.0,0.0,0.0,0.0,9.0,4.0,0.0,0.0,0.0,0.0,0.0,0.0,0.0,0.0,4.0,12.0,1.0,12.14,5.01,2.5,1.49,0.0,0.1,0.0,1.8,0.0,-0.3,0.5,-1.9,-169.60000000000002,0.0,0.0,169.70000000000002,0.0,21.4,31.0,30.9,31.700000000000003,300.0,300.0,30.700000000000003,34.800000000000004,30.5,29.9,31.6,4.96,1.99,4.96,0.16,0.0,0.0,1027.0,8228.0,0.0,0.0,0.0,0.0,0.0,1.0,0.0,0.0,0.0,0.0,0.0,-0.8,0.0,1.7000000000000002,0.0,0.0,16.0,25903.0
2026-07-30T18:59:17.560Z,127.043,127.056,0.0,7.4,0.0,0.0,0.0,0.0,0.0,0.0,0.0,0.0,1.0,0.0,0.0,0.0,9.0,4.0,0.0,0.0,0.0,0.0,0.0,0.0,0.0,0.0,5.0,12.0,1.0,12.14,5.01,2.5,1.49,0.0,0.0,0.0,1.8,0.0,0.2,0.0,-0.1,-169.60000000000002,0.0,0.0,169.8,0.0,21.4,31.0,30.9,31.700000000000003,300.0,300.0,30.700000000000003,34.800000000000004,30.5,29.9,31.6,4.96,1.99,4.96,0.16,0.0,0.0,1027.0,8228.0,0.0,0.0,0.0,0.0,0.0,1.0,0.0,0.0,0.0,0.0,0.0,-0.1,0.0,0.1,0.0,0.0001,16.0,25903.0
2026-07-30T18:59:17.572Z,127.055,127.068,0.0,7.4,0.0,0.0,0.0,0.0,0.0,0.0,0.0,0.0,1.0,0.0,0.0,0.0,9.0,4.0,0.0,0.0,0.0,0.0,0.0,0.0,0.0,0.0,6.0,12.0,1.0,12.14,5.01,2.5,1.49,0.0,0.0,0.0,1.8,0.0,0.8,0.5,1.6,-169.60000000000002,0.0,0.0,169.70000000000002,0.0,21.4,31.0,30.9,31.700000000000003,300.0,300.0,30.700000000000003,34.800000000000004,30.5,29.9,31.6,4.95,1.99,4.97,0.16,0.0,0.0,1027.0,8228.0,0.0,0.0,0.0,0.0,0.0,1.0,0.0,0.0,0.0,0.0,0.0,1.8,0.0,-1.3,0.0,0.0002,16.0,25903.0
2026-07-30T18:59:17.584Z,127.067,127.08,0.0,7.4,0.0,0.0,0.0,0.0,0.0,0.0,0.0,0.0,1.0,0.0,0.0,0.0,9.0,4.0,0.0,0.0,0.0,0.0,0.0,0.0,0.0,0.0,2.0,12.0,1.0,12.14,5.01,2.5,1.49,0.0,0.0,0.0,1.8,0.0,0.2,0.5,-0.6000000000000001,-169.60000000000002,0.0,0.0,169.8,0.0,21.4,31.0,30.9,31.700000000000003,300.0,300.0,30.700000000000003,34.800000000000004,30.5,29.9,31.6,4.96,1.99,4.96,0.16,0.0,0.0,1027.0,8228.0,0.0,0.0,0.0,0.0,0.0,1.0,0.0,0.0,0.0,0.0,0.0,0.1,0.0,0.7000000000000001,0.0,0.0001,16.0,25903.0
2026-07-30T18:59:17.597Z,127.08,127.092,0.0,7.4,0.0,0.0,0.0,0.0,0.0,0.0,0.0,0.0,1.0,0.0,0.0,0.0,9.0,4.0,0.0,0.0,0.0,0.0,0.0,0.0,0.0,0.0,3.0,12.0,1.0,12.18,5.0200000000000005,2.5,1.49,0.0,0.0,0.0,1.8,0.0,-0.2,0.0,1.6,-169.60000000000002,0.0,0.0,169.8,0.0,21.8,31.0,30.9,31.6,300.0,300.0,30.700000000000003,34.800000000000004,30.5,29.9,31.6,4.96,2.0,4.97,0.16,0.0,0.0,1027.0,8228.0,0.0,0.0,0.0,0.0,0.0,1.0,0.0,0.0,0.0,0.0,0.0,1.1,0.0,-1.4,0.0,0.0001,16.0,25903.0
2026-07-30T18:59:17.608Z,127.091,127.104,0.0,7.4,0.0,0.0,0.0,0.0,0.0,0.0,0.0,0.0,1.0,0.0,0.0,0.0,9.0,4.0,0.0,0.0,0.0,0.0,0.0,0.0,0.0,0.0,4.0,12.0,1.0,12.18,5.0200000000000005,2.5,1.49,0.0,0.0,0.0,1.7000000000000002,0.0,-0.2,0.0,0.0,-169.60000000000002,0.0,0.0,169.70000000000002,0.0,21.8,31.0,30.9,31.6,300.0,300.0,30.700000000000003,34.800000000000004,30.5,29.9,31.6,4.96,1.99,4.97,0.16,0.0,0.0,1027.0,8228.0,0.0,0.0,0.0,0.0,0.0,1.0,0.0,0.0,0.0,0.0,0.0,0.0,0.0,0.0,0.0,0.0,16.0,25903.0
2026-07-30T18:59:17.620Z,127.103,127.116,0.0,7.4,0.0,0.0,0.0,0.0,0.0,0.0,0.0,0.0,1.0,0.0,0.0,0.0,9.0,4.0,0.0,0.0,0.0,0.0,0.0,0.0,0.0,0.0,5.0,12.0,1.0,12.18,5.0200000000000005,2.5,1.49,0.0,0.0,0.0,1.7000000000000002,0.0,-0.2,0.0,0.0,-169.70000000000002,0.0,0.0,169.8,0.0,21.8,31.0,30.9,31.6,300.0,300.0,30.700000000000003,34.800000000000004,30.5,29.9,31.6,4.95,1.99,4.97,0.16,0.0,0.0,1027.0,8228.0,0.0,0.0,0.0,0.0,0.0,1.0,0.0,0.0,0.0,0.0,0.0,0.0,0.0,0.0,0.0,0.0001,16.0,25903.0
2026-07-30T18:59:17.632Z,127.115,127.128,0.0,7.4,0.0,0.0,0.0,0.0,0.0,0.0,0.0,0.0,1.0,0.0,0.0,0.0,9.0,4.0,0.0,0.0,0.0,0.0,0.0,0.0,0.0,0.0,6.0,12.0,1.0,12.18,5.0200000000000005,2.5,1.49,0.0,0.0,0.0,1.7000000000000002,0.0,0.3,-0.5,-0.6000000000000001,-169.70000000000002,0.0,0.0,169.8,0.0,21.8,31.0,30.9,31.6,300.0,300.0,30.700000000000003,34.800000000000004,30.5,29.9,31.6,4.96,2.0,4.96,0.16,0.0,0.0,1027.0,8228.0,0.0,0.0,0.0,0.0,0.0,1.0,0.0,0.0,0.0,0.0,0.0,-1.1,0.0,0.4,0.0,0.0001,16.0,25903.0
2026-07-30T18:59:17.644Z,127.127,127.14,0.0,7.4,0.0,0.0,0.0,0.0,0.0,0.0,0.0,0.0,1.0,0.0,0.0,0.0,9.0,4.0,0.0,0.0,0.0,0.0,0.0,0.0,0.0,0.0,2.0,12.0,1.0,12.18,5.0200000000000005,2.5,1.49,0.0,0.0,0.0,1.7000000000000002,0.0,-0.2,0.5,0.0,-169.70000000000002,0.0,0.0,169.8,0.0,21.8,31.0,30.9,31.6,300.0,300.0,30.700000000000003,34.800000000000004,30.5,29.9,31.6,4.96,1.99,4.97,0.16,0.0,0.0,1027.0,8228.0,0.0,0.0,0.0,0.0,0.0,1.0,0.0,0.0,0.0,0.0,0.0,0.6000000000000001,0.0,0.1,0.0,0.0,16.0,25903.0
2026-07-30T18:59:17.656Z,127.139,127.152,0.0,7.4,0.0,0.0,0.0,0.0,0.0,0.0,0.0,0.0,1.0,0.0,0.0,0.0,9.0,4.0,0.0,0.0,0.0,0.0,0.0,0.0,0.0,0.0,3.0,12.0,1.0,12.18,5.0200000000000005,2.5,1.49,0.0,0.1,0.0,1.7000000000000002,0.0,-0.2,1.1,1.1,-169.70000000000002,0.0,0.0,169.8,0.0,21.8,31.0,30.9,31.6,300.0,300.0,30.700000000000003,34.800000000000004,30.5,29.9,31.6,4.95,1.99,4.97,0.16,0.0,0.0,1027.0,8228.0,0.0,0.0,0.0,0.0,0.0,1.0,0.0,0.0,0.0,0.0,0.0,2.1,0.0,-0.7000000000000001,0.0,0.0,16.0,25903.0
2026-07-30T18:59:17.667Z,127.15,127.164,0.0,7.4,0.0,0.0,0.0,0.0,0.0,0.0,0.0,0.0,1.0,0.0,0.0,0.0,9.0,4.0,0.0,0.0,0.0,0.0,0.0,0.0,0.0,0.0,4.0,12.0,1.0,12.18,5.0200000000000005,2.5,1.49,0.0,0.0,0.0,1.8,0.0,0.3,-0.5,-1.1,-169.70000000000002,0.0,0.0,169.8,0.0,21.8,31.0,30.9,31.6,300.0,300.0,30.700000000000003,34.800000000000004,30.5,29.9,31.6,4.96,1.99,4.97,0.16,0.0,0.0,1027.0,8228.0,0.0,0.0,0.0,0.0,0.0,1.0,0.0,0.0,0.0,0.0,0.0,-1.5,0.0,0.9,0.0,0.0,16.0,25903.0
2026-07-30T18:59:17.683Z,127.166,127.176,0.0,7.4,0.0,0.0,0.0,0.0,0.0,0.0,0.0,0.0,1.0,0.0,0.0,0.0,9.0,4.0,0.0,0.0,0.0,0.0,0.0,0.0,0.0,0.0,5.0,12.0,1.0,12.18,5.0200000000000005,2.5,1.49,0.0,0.0,0.0,1.7000000000000002,0.0,0.2,0.5,0.0,-169.70000000000002,0.0,0.0,169.8,0.0,21.8,31.0,30.9,31.6,300.0,300.0,30.700000000000003,34.800000000000004,30.5,29.9,31.6,4.95,2.0,4.96,0.16,0.0,0.0,1027.0,8228.0,0.0,0.0,0.0,0.0,0.0,1.0,0.0,0.0,0.0,0.0,0.0,0.6000000000000001,0.0,0.1,0.0,0.0,16.0,25903.0
2026-07-30T18:59:17.693Z,127.176,127.188,0.0,7.4,0.0,0.0,0.0,0.0,0.0,0.0,0.0,0.0,1.0,0.0,0.0,0.0,9.0,4.0,0.0,0.0,0.0,0.0,0.0,0.0,0.0,0.0,4.0,12.0,1.0,12.18,5.0200000000000005,2.5,1.49,0.0,0.0,0.0,1.7000000000000002,0.0,0.2,0.0,1.0,-169.70000000000002,0.0,0.0,169.8,0.0,21.8,31.0,30.9,31.6,300.0,300.0,30.700000000000003,34.800000000000004,30.5,29.9,31.6,4.95,1.99,4.97,0.16,0.0,0.0,1027.0,8228.0,0.0,0.0,0.0,0.0,0.0,1.0,0.0,0.0,0.0,0.0,0.0,0.7000000000000001,0.0,-0.9,0.0,0.0,16.0,25903.0
2026-07-30T18:59:17.704Z,127.187,127.2,0.0,7.4,0.0,0.0,0.0,0.0,0.0,0.0,0.0,0.0,1.0,0.0,0.0,0.0,9.0,4.0,0.0,0.0,0.0,0.0,0.0,0.0,0.0,0.0,4.0,12.0,1.0,12.17,5.0200000000000005,2.51,1.49,0.0,0.0,0.0,1.7000000000000002,0.0,-0.8,0.0,-0.6000000000000001,-169.70000000000002,0.0,0.0,169.8,0.0,21.3,31.0,30.9,31.6,300.0,300.0,30.8,34.7,30.5,29.9,31.6,4.95,2.0,4.97,0.16,0.0,0.0,1027.0,8228.0,0.0,0.0,0.0,0.0,0.0,1.0,0.0,0.0,0.0,0.0,0.0,0.0,0.0,0.0,0.0,0.0,16.0,25903.0
2026-07-30T18:59:17.716Z,127.199,127.212,0.0,7.4,0.0,0.0,0.0,0.0,0.0,0.0,0.0,0.0,1.0,0.0,0.0,0.0,9.0,4.0,0.0,0.0,0.0,0.0,0.0,0.0,0.0,0.0,6.0,12.0,1.0,12.17,5.0200000000000005,2.51,1.49,0.0,0.0,0.0,1.7000000000000002,0.0,-2.0,-0.5,-0.1,-169.70000000000002,0.0,0.0,169.8,0.0,21.3,31.0,30.9,31.6,300.0,300.0,30.8,34.7,30.5,29.9,31.6,4.96,2.0,4.96,0.16,0.0,0.0,1027.0,8228.0,0.0,0.0,0.0,0.0,0.0,1.0,0.0,0.0,0.0,0.0,0.0,-0.7000000000000001,0.0,0.0,0.0,0.0,16.0,25903.0
2026-07-30T18:59:17.728Z,127.211,127.224,0.0,7.4,0.0,0.0,0.0,0.0,0.0,0.0,0.0,0.0,1.0,0.0,0.0,0.0,9.0,4.0,0.0,0.0,0.0,0.0,0.0,0.0,0.0,0.0,1.0,12.0,1.0,12.17,5.0200000000000005,2.51,1.49,0.0,0.0,0.0,1.6,0.0,-0.2,-1.1,-0.6000000000000001,-169.70000000000002,0.0,0.0,169.70000000000002,0.0,21.3,31.0,30.9,31.6,300.0,300.0,30.8,34.7,30.5,29.9,31.6,4.95,1.99,4.97,0.16,0.0,0.0,1027.0,8228.0,0.0,0.0,0.0,0.0,0.0,1.0,0.0,0.0,0.0,0.0,0.0,-1.8,0.0,0.3,0.0,0.0,16.0,25903.0
2026-07-30T18:59:17.740Z,127.223,127.236,0.0,7.4,0.0,0.0,0.0,0.0,0.0,0.0,0.0,0.0,1.0,0.0,0.0,0.0,9.0,4.0,0.0,0.0,0.0,0.0,0.0,0.0,0.0,0.0,2.0,12.0,1.0,12.17,5.0200000000000005,2.51,1.49,0.0,0.0,0.0,1.7000000000000002,0.0,0.8,0.0,0.4,-169.70000000000002,0.0,0.0,169.8,0.0,21.3,31.0,30.9,31.6,300.0,300.0,30.8,34.7,30.5,29.9,31.6,4.95,1.99,4.97,0.16,0.0,0.0,1027.0,8228.0,0.0,0.0,0.0,0.0,0.0,1.0,0.0,0.0,0.0,0.0,0.0,0.8,0.0,0.8,0.0,0.0002,16.0,25903.0
2026-07-30T18:59:17.752Z,127.235,127.248,0.0,7.4,0.0,0.0,0.0,0.0,0.0,0.0,0.0,0.0,1.0,0.0,0.0,0.0,9.0,4.0,0.0,0.0,0.0,0.0,0.0,0.0,0.0,0.0,3.0,12.0,1.0,12.17,5.0200000000000005,2.51,1.49,0.0,0.0,0.0,1.7000000000000002,0.0,0.2,0.5,1.0,-169.70000000000002,0.0,0.0,169.8,0.0,21.3,31.0,30.9,31.6,300.0,300.0,30.8,34.7,30.5,29.9,31.6,4.96,1.99,4.97,0.16,0.0,0.0,1027.0,8228.0,0.0,0.0,0.0,0.0,0.0,1.0,0.0,0.0,0.0,0.0,0.0,-0.5,0.0,0.6000000000000001,0.0,0.0,16.0,25903.0
2026-07-30T18:59:17.764Z,127.247,127.26,0.0,7.4,0.0,0.0,0.0,0.0,0.0,0.0,0.0,0.0,1.0,0.0,0.0,0.0,9.0,4.0,0.0,0.0,0.0,0.0,0.0,0.0,0.0,0.0,4.0,12.0,1.0,12.17,5.0200000000000005,2.51,1.49,0.0,0.1,0.0,1.6,0.0,0.2,-1.1,-0.1,-169.70000000000002,0.0,0.0,169.8,0.0,21.3,31.0,30.9,31.6,300.0,300.0,30.8,34.7,30.5,29.9,31.6,4.95,1.99,4.96,0.16,0.0,0.0,1027.0,8228.0,0.0,0.0,0.0,0.0,0.0,1.0,0.0,0.0,0.0,0.0,0.0,0.5,0.0,0.2,0.0,0.0001,16.0,25903.0
2026-07-30T18:59:17.776Z,127.259,127.272,0.0,7.4,0.0,0.0,0.0,0.0,0.0,0.0,0.0,0.0,1.0,0.0,0.0,0.0,9.0,4.0,0.0,0.0,0.0,0.0,0.0,0.0,0.0,0.0,5.0,12.0,1.0,12.17,5.0200000000000005,2.51,1.49,0.0,0.0,0.0,1.6,0.0,0.2,0.0,-0.1,-169.70000000000002,0.0,0.0,169.70000000000002,0.0,21.3,31.0,30.9,31.6,300.0,300.0,30.8,34.7,30.5,29.9,31.6,4.95,1.99,4.97,0.16,0.0,0.0,1027.0,8228.0,0.0,0.0,0.0,0.0,0.0,1.0,0.0,0.0,0.0,0.0,0.0,-0.1,0.0,0.1,0.0,0.0,16.0,25903.0
2026-07-30T18:59:17.788Z,127.271,127.284,0.0,7.4,0.0,0.0,0.0,0.0,0.0,0.0,0.0,0.0,1.0,0.0,0.0,0.0,9.0,4.0,0.0,0.0,0.0,0.0,0.0,0.0,0.0,0.0,6.0,12.0,1.0,12.17,5.0200000000000005,2.51,1.49,0.0,0.0,0.0,1.6,0.0,0.1,0.0,0.4,-169.70000000000002,0.0,0.0,169.70000000000002,0.0,21.3,31.0,30.9,31.6,300.0,300.0,30.8,34.7,30.5,29.9,31.6,4.95,1.99,4.96,0.16,0.0,0.0,1027.0,8228.0,0.0,0.0,0.0,0.0,0.0,1.0,0.0,0.0,0.0,0.0,0.0,0.2,0.0,-0.3,0.0,0.0002,16.0,25903.0
2026-07-30T18:59:17.801Z,127.284,127.296,0.0,7.4,0.0,0.0,0.0,0.0,0.0,0.0,0.0,0.0,1.0,0.0,0.0,0.0,9.0,4.0,0.0,0.0,0.0,0.0,0.0,0.0,0.0,0.0,1.0,12.0,1.0,12.17,5.0200000000000005,2.5,1.49,0.0,0.0,0.0,1.6,0.0,0.2,-0.6000000000000001,-0.1,-169.70000000000002,0.0,0.0,169.70000000000002,0.0,21.4,31.0,30.9,31.6,300.0,300.0,30.8,34.800000000000004,30.5,29.9,31.6,4.96,1.99,4.96,0.16,0.0,0.0,1027.0,8228.0,0.0,0.0,0.0,0.0,0.0,1.0,0.0,0.0,0.0,0.0,0.0,-0.7000000000000001,0.0,0.0,0.0,0.0,16.0,25903.0
2026-07-30T18:59:17.812Z,127.295,127.308,0.0,7.4,0.0,0.0,0.0,0.0,0.0,0.0,0.0,0.0,1.0,0.0,0.0,0.0,9.0,4.0,0.0,0.0,0.0,0.0,0.0,0.0,0.0,0.0,2.0,12.0,1.0,12.17,5.0200000000000005,2.5,1.49,0.0,0.0,0.0,1.6,0.0,-0.9,-1.7000000000000002,-2.5,-169.70000000000002,0.0,0.0,169.60000000000002,0.0,21.4,31.0,30.9,31.6,300.0,300.0,30.8,34.800000000000004,30.5,29.9,31.6,4.95,1.99,4.96,0.16,0.0,0.0,1027.0,8228.0,0.0,0.0,0.0,0.0,0.0,1.0,0.0,0.0,0.0,0.0,0.0,-3.9,0.0,1.8,0.0,0.0,16.0,25903.0
2026-07-30T18:59:17.824Z,127.307,127.32,0.0,7.4,0.0,0.0,0.0,0.0,0.0,0.0,0.0,0.0,1.0,0.0,0.0,0.0,9.0,4.0,0.0,0.0,0.0,0.0,0.0,0.0,0.0,0.0,4.0,12.0,1.0,12.17,5.0200000000000005,2.5,1.49,0.0,0.0,0.0,1.6,0.0,-0.3,-0.6000000000000001,0.3,-169.70000000000002,0.0,0.0,169.70000000000002,0.0,21.4,31.0,30.9,31.6,300.0,300.0,30.8,34.800000000000004,30.5,29.9,31.6,4.96,1.99,4.97,0.16,0.0,0.0,1027.0,8228.0,0.0,0.0,0.0,0.0,0.0,1.0,0.0,0.0,0.0,0.0,0.0,-0.4,0.0,-0.4,0.0,0.0002,16.0,25903.0
2026-07-30T18:59:17.836Z,127.319,127.332,0.0,7.4,0.0,0.0,0.0,0.0,0.0,0.0,0.0,0.0,1.0,0.0,0.0,0.0,9.0,4.0,0.0,0.0,0.0,0.0,0.0,0.0,0.0,0.0,5.0,12.0,1.0,12.17,5.0200000000000005,2.5,1.49,0.0,0.1,0.0,1.6,0.0,-0.3,0.0,-0.8,-169.70000000000002,0.0,0.0,169.70000000000002,0.0,21.4,31.0,30.9,31.6,300.0,300.0,30.8,34.800000000000004,30.5,29.9,31.6,4.96,1.99,4.96,0.16,0.0,0.0,1027.0,8228.0,0.0,0.0,0.0,0.0,0.0,1.0,0.0,0.0,0.0,0.0,0.0,-0.6000000000000001,0.0,0.6000000000000001,0.0,0.0,16.0,25903.0
2026-07-30T18:59:17.848Z,127.331,127.344,0.0,7.4,0.0,0.0,0.0,0.0,0.0,0.0,0.0,0.0,1.0,0.0,0.0,0.0,9.0,4.0,0.0,0.0,0.0,0.0,0.0,0.0,0.0,0.0,1.0,12.0,1.0,12.17,5.0200000000000005,2.5,1.49,0.0,0.0,0.0,1.6,0.0,0.8,1.1,0.9,-169.70000000000002,0.0,0.0,169.70000000000002,0.0,21.4,31.0,30.9,31.6,300.0,300.0,30.8,34.800000000000004,30.5,29.9,31.6,4.95,2.0,4.96,0.16,0.0,0.0,1027.0,8228.0,0.0,0.0,0.0,0.0,0.0,1.0,0.0,0.0,0.0,0.0,0.0,2.0,0.0,-0.6000000000000001,0.0,0.0,16.0,25903.0
2026-07-30T18:59:17.859Z,127.342,127.356,0.0,7.4,0.0,0.0,0.0,0.0,0.0,0.0,0.0,0.0,1.0,0.0,0.0,0.0,9.0,4.0,0.0,0.0,0.0,0.0,0.0,0.0,0.0,0.0,2.0,12.0,1.0,12.17,5.0200000000000005,2.5,1.49,0.0,0.1,0.0,1.6,0.0,0.1,-0.6000000000000001,-1.4,-169.70000000000002,0.0,0.0,169.60000000000002,0.0,21.4,31.0,30.9,31.6,300.0,300.0,30.8,34.800000000000004,30.5,29.9,31.6,4.95,2.0,4.97,0.16,0.0,0.0,1027.0,8228.0,0.0,0.0,0.0,0.0,0.0,1.0,0.0,0.0,0.0,0.0,0.0,-1.7000000000000002,0.0,1.1,0.0,0.0002,16.0,25903.0
2026-07-30T18:59:17.872Z,127.355,127.368,0.0,7.4,0.0,0.0,0.0,0.0,0.0,0.0,0.0,0.0,1.0,0.0,0.0,0.0,9.0,4.0,0.0,0.0,0.0,0.0,0.0,0.0,0.0,0.0,4.0,12.0,1.0,12.17,5.0200000000000005,2.5,1.49,0.0,0.0,0.0,1.6,0.0,0.1,0.0,-0.1,-169.70000000000002,0.0,0.0,169.70000000000002,0.0,21.4,31.0,30.9,31.6,300.0,300.0,30.8,34.800000000000004,30.5,29.9,31.6,4.96,1.99,4.96,0.16,0.0,0.0,1027.0,8228.0,0.0,0.0,0.0,0.0,0.0,1.0,0.0,0.0,0.0,0.0,0.0,-0.1,0.0,0.1,0.0,0.0001,16.0,25903.0
2026-07-30T18:59:17.884Z,127.367,127.38,0.0,7.4,0.0,0.0,0.0,0.0,0.0,0.0,0.0,0.0,1.0,0.0,0.0,0.0,9.0,4.0,0.0,0.0,0.0,0.0,0.0,0.0,0.0,0.0,5.0,12.0,1.0,12.17,5.0200000000000005,2.5,1.49,0.0,0.0,0.0,1.6,0.0,-1.0,1.1,-0.1,-169.70000000000002,0.0,0.0,169.70000000000002,0.0,21.4,31.0,30.9,31.6,300.0,300.0,30.8,34.800000000000004,30.5,29.9,31.6,4.96,1.99,4.96,0.16,0.0,0.0,1027.0,8228.0,0.0,0.0,0.0,0.0,0.0,1.0,0.0,0.0,0.0,0.0,0.0,1.2000000000000002,0.0,0.3,0.0,0.0002,16.0,25903.0
2026-07-30T18:59:17.896Z,127.379,127.392,0.0,7.4,0.0,0.0,0.0,0.0,0.0,0.0,0.0,0.0,1.0,0.0,0.0,0.0,9.0,4.0,0.0,0.0,0.0,0.0,0.0,0.0,0.0,0.0,6.0,12.0,1.0,12.17,5.0200000000000005,2.5,1.49,0.0,0.0,0.0,1.6,0.0,-0.3,1.1,1.0,-169.70000000000002,0.0,0.0,169.70000000000002,0.0,21.4,31.0,30.9,31.6,300.0,300.0,30.8,34.800000000000004,30.5,29.9,31.6,4.95,1.99,4.96,0.16,0.0,0.0,1027.0,8228.0,0.0,0.0,0.0,0.0,0.0,1.0,0.0,0.0,0.0,0.0,0.0,2.1,0.0,-0.6000000000000001,0.0,0.0001,16.0,25903.0
2026-07-30T18:59:17.907Z,127.39,127.404,0.0,7.4,0.0,0.0,0.0,0.0,0.0,0.0,0.0,0.0,1.0,0.0,0.0,0.0,9.0,4.0,0.0,0.0,0.0,0.0,0.0,0.0,0.0,0.0,2.0,12.0,1.0,12.18,5.01,2.5,1.49,0.0,0.1,0.0,1.6,0.0,0.2,-0.5,1.0,-169.70000000000002,0.0,0.0,169.70000000000002,0.0,21.700000000000003,30.9,30.9,31.6,300.0,300.0,30.700000000000003,34.800000000000004,30.5,29.9,31.6,4.96,1.99,4.96,0.16,0.0,0.0,1027.0,8228.0,0.0,0.0,0.0,0.0,0.0,1.0,0.0,0.0,0.0,0.0,0.0,0.0,0.0,-1.0,0.0,0.0001,16.0,25903.0
2026-07-30T18:59:17.920Z,127.403,127.416,0.0,7.4,0.0,0.0,0.0,0.0,0.0,0.0,0.0,0.0,1.0,0.0,0.0,0.0,9.0,4.0,0.0,0.0,0.0,0.0,0.0,0.0,0.0,0.0,3.0,12.0,1.0,12.18,5.01,2.5,1.49,-0.1,0.1,0.0,1.5,0.0,-0.3,0.0,-0.1,-169.70000000000002,0.0,0.0,169.70000000000002,0.0,21.700000000000003,30.9,30.9,31.6,300.0,300.0,30.700000000000003,34.800000000000004,30.5,29.9,31.6,4.95,1.99,4.96,0.16,0.0,0.0,1027.0,8228.0,0.0,0.0,0.0,0.0,0.0,1.0,0.0,0.0,0.0,0.0,0.0,-0.1,0.0,0.1,0.0,0.0,16.0,25903.0
2026-07-30T18:59:17.931Z,127.414,127.428,0.0,7.4,0.0,0.0,0.0,0.0,0.0,0.0,0.0,0.0,1.0,0.0,0.0,0.0,9.0,4.0,0.0,0.0,0.0,0.0,0.0,0.0,0.0,0.0,5.0,12.0,1.0,12.18,5.01,2.5,1.49,0.0,0.0,0.0,1.6,0.0,0.2,0.5,-0.6000000000000001,-169.70000000000002,0.0,0.0,169.70000000000002,0.0,21.700000000000003,30.9,30.9,31.6,300.0,300.0,30.700000000000003,34.800000000000004,30.5,29.9,31.6,4.95,1.99,4.97,0.16,0.0,0.0,1027.0,8228.0,0.0,0.0,0.0,0.0,0.0,1.0,0.0,0.0,0.0,0.0,0.0,0.1,0.0,0.7000000000000001,0.0,0.0,16.0,25903.0
2026-07-30T18:59:17.944Z,127.427,127.44,0.0,7.4,0.0,0.0,0.0,0.0,0.0,0.0,0.0,0.0,1.0,0.0,0.0,0.0,9.0,4.0,0.0,0.0,0.0,0.0,0.0,0.0,0.0,0.0,6.0,12.0,1.0,12.18,5.01,2.5,1.49,0.0,0.1,0.0,1.5,0.0,-0.3,0.0,1.0,-169.70000000000002,0.0,0.0,169.60000000000002,0.0,21.700000000000003,30.9,30.9,31.6,300.0,300.0,30.700000000000003,34.800000000000004,30.5,29.9,31.6,4.95,1.99,4.97,0.16,0.0,0.0,1027.0,8228.0,0.0,0.0,0.0,0.0,0.0,1.0,0.0,0.0,0.0,0.0,0.0,0.8,0.0,-0.9,0.0,0.0001,16.0,25903.0
2026-07-30T18:59:17.956Z,127.439,127.452,0.0,7.4,0.0,0.0,0.0,0.0,0.0,0.0,0.0,0.0,1.0,0.0,0.0,0.0,9.0,4.0,0.0,0.0,0.0,0.0,0.0,0.0,0.0,0.0,2.0,12.0,1.0,12.18,5.01,2.5,1.49,0.0,0.0,0.0,1.6,0.0,0.2,0.0,-0.6000000000000001,-169.70000000000002,0.0,0.0,169.70000000000002,0.0,21.700000000000003,30.9,30.9,31.6,300.0,300.0,30.700000000000003,34.800000000000004,30.5,29.9,31.6,4.96,1.99,4.96,0.16,0.0,0.0,1027.0,8228.0,0.0,0.0,0.0,0.0,0.0,1.0,0.0,0.0,0.0,0.0,0.0,-0.4,0.0,0.5,0.0,0.0002,16.0,25903.0
2026-07-30T18:59:17.968Z,127.451,127.464,0.0,7.4,0.0,0.0,0.0,0.0,0.0,0.0,0.0,0.0,1.0,0.0,0.0,0.0,9.0,4.0,0.0,0.0,0.0,0.0,0.0,0.0,0.0,0.0,3.0,12.0,1.0,12.18,5.01,2.5,1.49,0.0,0.0,0.0,1.5,0.0,-0.9,-0.5,0.5,-169.70000000000002,0.0,0.0,169.70000000000002,0.0,21.700000000000003,30.9,30.9,31.6,300.0,300.0,30.700000000000003,34.800000000000004,30.5,29.9,31.6,4.95,2.0,4.97,0.16,0.0,0.0,1027.0,8228.0,0.0,0.0,0.0,0.0,0.0,1.0,0.0,0.0,0.0,0.0,0.0,-0.2,0.0,-0.5,0.0,0.0,16.0,25903.0
2026-07-30T18:59:17.980Z,127.463,127.476,0.0,7.4,0.0,0.0,0.0,0.0,0.0,0.0,0.0,0.0,1.0,0.0,0.0,0.0,9.0,4.0,0.0,0.0,0.0,0.0,0.0,0.0,0.0,0.0,5.0,12.0,1.0,12.18,5.01,2.5,1.49,0.0,0.0,0.0,1.5,0.0,0.2,1.1,-0.6000000000000001,-169.70000000000002,0.0,0.0,169.70000000000002,0.0,21.700000000000003,30.9,30.9,31.6,300.0,300.0,30.700000000000003,34.800000000000004,30.5,29.9,31.6,4.95,1.99,4.96,0.16,0.0,0.0,1027.0,8228.0,0.0,0.0,0.0,0.0,0.0,1.0,0.0,0.0,0.0,0.0,0.0,0.8,0.0,0.8,0.0,0.0,16.0,25903.0
2026-07-30T18:59:17.992Z,127.475,127.488,0.0,7.4,0.0,0.0,0.0,0.0,0.0,0.0,0.0,0.0,1.0,0.0,0.0,0.0,9.0,4.0,0.0,0.0,0.0,0.0,0.0,0.0,0.0,0.0,6.0,12.0,1.0,12.18,5.01,2.5,1.49,0.0,0.0,0.0,1.6,0.0,0.2,0.0,-0.6000000000000001,-169.70000000000002,0.0,0.0,169.70000000000002,0.0,21.700000000000003,30.9,30.9,31.6,300.0,300.0,30.700000000000003,34.800000000000004,30.5,29.9,31.6,4.96,2.0,4.96,0.16,0.0,0.0,1027.0,8228.0,0.0,0.0,0.0,0.0,0.0,1.0,0.0,0.0,0.0,0.0,0.0,-0.5,0.0,0.5,0.0,0.0,16.0,25903.0
2026-07-30T18:59:18.010Z,127.493,127.5,0.0,7.4,0.0,0.0,0.0,0.0,0.0,0.0,0.0,0.0,1.0,0.0,0.0,0.0,9.0,4.0,0.0,0.0,0.0,0.0,0.0,0.0,0.0,0.0,1.0,12.0,1.0,12.15,5.01,2.51,1.49,0.0,0.0,0.0,1.6,0.0,0.2,-1.2000000000000002,0.4,-169.70000000000002,0.0,0.0,169.60000000000002,0.0,21.9,30.9,30.9,31.6,300.0,300.0,30.700000000000003,34.9,30.5,29.9,31.6,4.96,2.0,4.97,0.16,0.0,0.0,1027.0,8228.0,0.0,0.0,0.0,0.0,0.0,1.0,0.0,0.0,0.0,0.0,0.0,-1.0,0.0,-0.6000000000000001,0.0,0.0,16.0,25903.0
2026-07-30T18:59:18.016Z,127.499,127.512,0.0,7.4,0.0,0.0,0.0,0.0,0.0,0.0,0.0,0.0,1.0,0.0,0.0,0.0,9.0,4.0,0.0,0.0,0.0,0.0,0.0,0.0,0.0,0.0,5.0,12.0,1.0,12.15,5.01,2.51,1.49,0.0,0.0,0.0,1.5,0.0,-0.3,-0.6000000000000001,0.4,-169.70000000000002,0.0,0.0,169.60000000000002,0.0,21.9,30.9,30.9,31.6,300.0,300.0,30.700000000000003,34.9,30.5,29.9,31.6,4.96,1.99,4.97,0.16,0.0,0.0,1027.0,8228.0,0.0,0.0,0.0,0.0,0.0,1.0,0.0,0.0,0.0,0.0,0.0,-0.3,0.0,-0.5,0.0,0.0001,16.0,25903.0
2026-07-30T18:59:18.027Z,127.51,127.524,0.0,7.4,0.0,0.0,0.0,0.0,0.0,0.0,0.0,0.0,1.0,0.0,0.0,0.0,9.0,4.0,0.0,0.0,0.0,0.0,0.0,0.0,0.0,0.0,1.0,12.0,1.0,12.15,5.01,2.51,1.49,0.0,0.0,0.0,1.5,0.0,0.8,1.1,0.4,-169.70000000000002,0.0,0.0,169.70000000000002,0.0,21.9,30.9,30.9,31.6,300.0,300.0,30.700000000000003,34.9,30.5,29.9,31.6,4.96,1.99,4.96,0.16,0.0,0.0,1027.0,8228.0,0.0,0.0,0.0,0.0,0.0,1.0,0.0,0.0,0.0,0.0,0.0,1.6,0.0,-0.1,0.0,0.0,16.0,25903.0
2026-07-30T18:59:18.040Z,127.523,127.536,0.0,7.4,0.0,0.0,0.0,0.0,0.0,0.0,0.0,0.0,1.0,0.0,0.0,0.0,9.0,4.0,0.0,0.0,0.0,0.0,0.0,0.0,0.0,0.0,2.0,12.0,1.0,12.15,5.01,2.51,1.49,0.0,0.0,0.0,1.5,0.0,-0.3,1.1,-1.2000000000000002,-169.60000000000002,0.0,0.0,169.60000000000002,0.0,21.9,30.9,30.9,31.6,300.0,300.0,30.700000000000003,34.9,30.5,29.9,31.6,4.96,1.99,4.96,0.15,0.0,0.0,1027.0,8228.0,0.0,0.0,0.0,0.0,0.0,1.0,0.0,0.0,0.0,0.0,0.0,0.3,0.0,1.3,0.0,0.0001,16.0,25903.0
2026-07-30T18:59:18.052Z,127.535,127.548,0.0,7.4,0.0,0.0,0.0,0.0,0.0,0.0,0.0,0.0,1.0,0.0,0.0,0.0,9.0,4.0,0.0,0.0,0.0,0.0,0.0,0.0,0.0,0.0,4.0,12.0,1.0,12.15,5.01,2.51,1.49,0.0,0.1,0.0,1.5,0.0,-0.8,0.5,0.0,-169.60000000000002,0.0,0.0,169.60000000000002,0.0,21.9,30.9,30.9,31.6,300.0,300.0,30.700000000000003,34.9,30.5,29.9,31.6,4.95,1.99,4.96,0.16,0.0,0.0,1027.0,8228.0,0.0,0.0,0.0,0.0,0.0,1.0,0.0,0.0,0.0,0.0,0.0,0.6000000000000001,0.0,0.2,0.0,0.0001,16.0,25903.0
2026-07-30T18:59:18.064Z,127.547,127.56,0.0,7.4,0.0,0.0,0.0,0.0,0.0,0.0,0.0,0.0,1.0,0.0,0.0,0.0,9.0,4.0,0.0,0.0,0.0,0.0,0.0,0.0,0.0,0.0,5.0,12.0,1.0,12.15,5.01,2.51,1.49,0.0,0.0,0.0,1.5,0.0,0.3,-1.1,0.0,-169.60000000000002,0.0,0.0,169.70000000000002,0.0,21.9,30.9,30.9,31.6,300.0,300.0,30.700000000000003,34.9,30.5,29.9,31.6,4.95,1.99,4.96,0.16,0.0,0.0,1027.0,8228.0,0.0,0.0,0.0,0.0,0.0,1.0,0.0,0.0,0.0,0.0,0.0,-1.3,0.0,-0.1,0.0,0.0,16.0,25903.0
2026-07-30T18:59:18.076Z,127.559,127.572,0.0,7.4,0.0,0.0,0.0,0.0,0.0,0.0,0.0,0.0,1.0,0.0,0.0,0.0,9.0,4.0,0.0,0.0,0.0,0.0,0.0,0.0,0.0,0.0,6.0,12.0,1.0,12.15,5.01,2.51,1.49,0.0,0.0,0.0,1.5,0.0,0.3,1.7000000000000002,0.5,-169.60000000000002,0.0,0.0,169.70000000000002,0.0,21.9,30.9,30.9,31.6,300.0,300.0,30.700000000000003,34.9,30.5,29.9,31.6,4.95,2.0,4.96,0.16,0.0,0.0,1027.0,8228.0,0.0,0.0,0.0,0.0,0.0,1.0,0.0,0.0,0.0,0.0,0.0,2.4000000000000004,0.0,-0.1,0.0,0.0001,16.0,25903.0
2026-07-30T18:59:18.088Z,127.571,127.584,0.0,7.4,0.0,0.0,0.0,0.0,0.0,0.0,0.0,0.0,1.0,0.0,0.0,0.0,9.0,4.0,0.0,0.0,0.0,0.0,0.0,0.0,0.0,0.0,1.0,12.0,1.0,12.15,5.01,2.51,1.49,0.0,0.0,0.0,1.5,0.0,-0.2,1.7000000000000002,0.5,-169.60000000000002,0.0,0.0,169.70000000000002,0.0,21.9,30.9,30.9,31.6,300.0,300.0,30.700000000000003,34.9,30.5,29.9,31.6,4.96,1.99,4.96,0.16,0.0,0.0,1027.0,8228.0,0.0,0.0,0.0,0.0,0.0,1.0,0.0,0.0,0.0,0.0,0.0,2.4000000000000004,0.0,-0.1,0.0,0.0001,16.0,25903.0
2026-07-30T18:59:18.100Z,127.583,127.596,0.0,7.4,0.0,0.0,0.0,0.0,0.0,0.0,0.0,0.0,1.0,0.0,0.0,0.0,9.0,4.0,0.0,0.0,0.0,0.0,0.0,0.0,0.0,0.0,2.0,12.0,1.0,12.15,5.01,2.51,1.49,0.0,0.0,0.0,1.4,0.0,-0.2,-0.5,-1.2000000000000002,-169.60000000000002,0.0,0.0,169.70000000000002,0.0,21.9,30.9,30.9,31.6,300.0,300.0,30.700000000000003,34.9,30.5,29.9,31.6,4.95,1.99,4.97,0.16,0.0,0.0,1027.0,8228.0,0.0,0.0,0.0,0.0,0.0,1.0,0.0,0.0,0.0,0.0,0.0,-1.5,0.0,0.9,0.0,0.0001,16.0,25903.0
2026-07-30T18:59:18.113Z,127.596,127.608,0.0,7.4,0.0,0.0,0.0,0.0,0.0,0.0,0.0,0.0,1.0,0.0,0.0,0.0,9.0,4.0,0.0,0.0,0.0,0.0,0.0,0.0,0.0,0.0,3.0,12.0,1.0,12.18,5.0200000000000005,2.51,1.49,0.0,0.0,0.0,1.4,0.0,0.3,-1.7000000000000002,-0.6000000000000001,-169.60000000000002,0.0,0.0,169.70000000000002,0.0,21.8,30.9,30.9,31.6,300.0,300.0,30.700000000000003,34.9,30.5,29.9,31.6,4.96,2.0,4.96,0.16,0.0,0.0,1027.0,8228.0,0.0,0.0,0.0,0.0,0.0,1.0,0.0,0.0,0.0,0.0,0.0,-2.4000000000000004,0.0,0.2,0.0,0.0001,16.0,25903.0
2026-07-30T18:59:18.123Z,127.606,127.62,0.0,7.4,0.0,0.0,0.0,0.0,0.0,0.0,0.0,0.0,1.0,0.0,0.0,0.0,9.0,4.0,0.0,0.0,0.0,0.0,0.0,0.0,0.0,0.0,4.0,12.0,1.0,12.18,5.0200000000000005,2.51,1.49,0.0,0.0,0.0,1.4,0.0,0.3,1.2000000000000002,0.0,-169.70000000000002,0.0,0.0,169.8,0.0,21.8,30.9,30.9,31.6,300.0,300.0,30.700000000000003,34.9,30.5,29.9,31.6,4.96,1.99,4.96,0.16,0.0,0.0,1027.0,8228.0,0.0,0.0,0.0,0.0,0.0,1.0,0.0,0.0,0.0,0.0,0.0,1.3,0.0,0.2,0.0,0.0,16.0,25903.0
2026-07-30T18:59:18.136Z,127.619,127.632,0.0,7.4,0.0,0.0,0.0,0.0,0.0,0.0,0.0,0.0,1.0,0.0,0.0,0.0,9.0,4.0,0.0,0.0,0.0,0.0,0.0,0.0,0.0,0.0,5.0,12.0,1.0,12.18,5.0200000000000005,2.51,1.49,0.0,0.0,0.0,1.5,0.0,0.3,0.1,-1.1,-169.70000000000002,0.0,0.0,169.70000000000002,0.0,21.8,30.9,30.9,31.6,300.0,300.0,30.700000000000003,34.9,30.5,29.9,31.6,4.95,1.99,4.96,0.16,0.0,0.0,1027.0,8228.0,0.0,0.0,0.0,0.0,0.0,1.0,0.0,0.0,0.0,0.0,0.0,-0.7000000000000001,0.0,1.0,0.0,0.0,16.0,25903.0
2026-07-30T18:59:18.148Z,127.631,127.644,0.0,7.4,0.0,0.0,0.0,0.0,0.0,0.0,0.0,0.0,1.0,0.0,0.0,0.0,9.0,4.0,0.0,0.0,0.0,0.0,0.0,0.0,0.0,0.0,6.0,12.0,1.0,12.18,5.0200000000000005,2.51,1.49,0.0,0.0,0.0,1.4,0.0,0.9,1.2000000000000002,1.1,-169.70000000000002,0.0,0.0,169.8,0.0,21.8,30.9,30.9,31.6,300.0,300.0,30.700000000000003,34.9,30.5,29.9,31.6,4.96,1.99,4.97,0.16,0.0,0.0,1027.0,8228.0,0.0,0.0,0.0,0.0,0.0,1.0,0.0,0.0,0.0,0.0,0.0,2.3000000000000003,0.0,-0.7000000000000001,0.0,0.0001,16.0,25903.0
2026-07-30T18:59:18.160Z,127.643,127.656,0.0,7.4,0.0,0.0,0.0,0.0,0.0,0.0,0.0,0.0,1.0,0.0,0.0,0.0,9.0,4.0,0.0,0.0,0.0,0.0,0.0,0.0,0.0,0.0,2.0,12.0,1.0,12.18,5.0200000000000005,2.51,1.49,0.0,0.0,0.0,1.4,0.0,0.3,0.1,1.1,-169.70000000000002,0.0,0.0,169.60000000000002,0.0,21.8,30.9,30.9,31.6,300.0,300.0,30.700000000000003,34.9,30.5,29.9,31.6,4.95,1.99,4.96,0.16,0.0,0.0,1027.0,8228.0,0.0,0.0,0.0,0.0,0.0,1.0,0.0,0.0,0.0,0.0,0.0,1.0,0.0,-1.0,0.0,0.0002,16.0,25903.0
2026-07-30T18:59:18.172Z,127.655,127.668,0.0,7.4,0.0,0.0,0.0,0.0,0.0,0.0,0.0,0.0,1.0,0.0,0.0,0.0,9.0,4.0,0.0,0.0,0.0,0.0,0.0,0.0,0.0,0.0,3.0,12.0,1.0,12.18,5.0200000000000005,2.51,1.49,0.0,0.1,0.0,1.4,0.0,0.3,1.2000000000000002,0.0,-169.70000000000002,0.0,0.0,169.70000000000002,0.0,21.8,30.9,30.9,31.6,300.0,300.0,30.700000000000003,34.9,30.5,29.9,31.6,4.95,1.99,4.97,0.16,0.0,0.0,1027.0,8228.0,0.0,0.0,0.0,0.0,0.0,1.0,0.0,0.0,0.0,0.0,0.0,1.4,0.0,0.2,0.0,0.0001,16.0,25903.0
2026-07-30T18:59:18.184Z,127.667,127.68,0.0,7.4,0.0,0.0,0.0,0.0,0.0,0.0,0.0,0.0,1.0,0.0,0.0,0.0,9.0,4.0,0.0,0.0,0.0,0.0,0.0,0.0,0.0,0.0,4.0,12.0,1.0,12.18,5.0200000000000005,2.51,1.49,0.0,0.0,0.0,1.4,0.0,0.3,1.8,0.0,-169.70000000000002,0.0,0.0,169.70000000000002,0.0,21.8,30.9,30.9,31.6,300.0,300.0,30.700000000000003,34.9,30.5,29.9,31.6,4.95,1.99,4.97,0.16,0.0,0.0,1027.0,8228.0,0.0,0.0,0.0,0.0,0.0,1.0,0.0,0.0,0.0,0.0,0.0,2.1,0.0,0.3,0.0,0.0001,16.0,25903.0
2026-07-30T18:59:18.196Z,127.679,127.692,0.0,7.4,0.0,0.0,0.0,0.0,0.0,0.0,0.0,0.0,1.0,0.0,0.0,0.0,9.0,4.0,0.0,0.0,0.0,0.0,0.0,0.0,0.0,0.0,5.0,12.0,1.0,12.18,5.0200000000000005,2.51,1.49,0.0,0.0,0.0,1.4,0.0,-0.2,0.0,0.0,-169.70000000000002,0.0,0.0,169.70000000000002,0.0,21.8,30.9,30.9,31.6,300.0,300.0,30.700000000000003,34.9,30.5,29.9,31.6,4.96,1.99,4.96,0.16,0.0,0.0,1027.0,8228.0,0.0,0.0,0.0,0.0,0.0,1.0,0.0,0.0,0.0,0.0,0.0,0.1,0.0,0.0,0.0,0.0,16.0,25903.0
2026-07-30T18:59:18.208Z,127.691,127.704,0.0,7.4,0.0,0.0,0.0,0.0,0.0,0.0,0.0,0.0,1.0,0.0,0.0,0.0,9.0,4.0,0.0,0.0,0.0,0.0,0.0,0.0,0.0,0.0,1.0,12.0,1.0,12.14,5.01,2.5,1.49,0.0,0.0,0.0,1.4,0.0,-0.2,-0.5,1.1,-169.70000000000002,0.0,0.0,169.70000000000002,0.0,21.700000000000003,30.9,30.9,31.6,300.0,300.0,30.8,34.9,30.5,29.9,31.6,4.95,1.99,4.97,0.16,0.0,0.0,1027.0,8228.0,0.0,0.0,0.0,0.0,0.0,1.0,0.0,0.0,0.0,0.0,0.0,-1.7000000000000002,0.0,0.2,0.0,0.0001,16.0,25903.0
2026-07-30T18:59:18.220Z,127.703,127.716,0.0,7.4,0.0,0.0,0.0,0.0,0.0,0.0,0.0,0.0,1.0,0.0,0.0,0.0,9.0,4.0,0.0,0.0,0.0,0.0,0.0,0.0,0.0,0.0,2.0,12.0,1.0,12.14,5.01,2.5,1.49,0.0,0.0,0.0,1.4,0.0,-0.2,-0.5,-1.1,-169.70000000000002,0.0,0.0,169.70000000000002,0.0,21.700000000000003,30.9,30.9,31.6,300.0,300.0,30.8,34.9,30.5,29.9,31.6,4.95,1.99,4.96,0.16,0.0,0.0,1027.0,8228.0,0.0,0.0,0.0,0.0,0.0,1.0,0.0,0.0,0.0,0.0,0.0,-1.4,0.0,0.9,0.0,0.0,16.0,25903.0
2026-07-30T18:59:18.232Z,127.715,127.728,0.0,7.4,0.0,0.0,0.0,0.0,0.0,0.0,0.0,0.0,1.0,0.0,0.0,0.0,9.0,4.0,0.0,0.0,0.0,0.0,0.0,0.0,0.0,0.0,4.0,12.0,1.0,12.14,5.01,2.5,1.49,0.0,0.0,0.0,1.4,0.0,-0.2,-0.5,0.5,-169.70000000000002,0.0,0.0,169.70000000000002,0.0,21.700000000000003,30.9,30.9,31.6,300.0,300.0,30.8,34.9,30.5,29.9,31.6,4.96,2.0,4.96,0.16,0.0,0.0,1027.0,8228.0,0.0,0.0,0.0,0.0,0.0,1.0,0.0,0.0,0.0,0.0,0.0,-0.1,0.0,-0.5,0.0,0.0001,16.0,25903.0
2026-07-30T18:59:18.243Z,127.726,127.74,0.0,7.4,0.0,0.0,0.0,0.0,0.0,0.0,0.0,0.0,1.0,0.0,0.0,0.0,9.0,4.0,0.0,0.0,0.0,0.0,0.0,0.0,0.0,0.0,5.0,12.0,1.0,12.14,5.01,2.5,1.49,0.0,0.1,0.0,1.4,0.0,0.3,0.0,1.7000000000000002,-169.70000000000002,0.0,0.0,169.8,0.0,21.700000000000003,30.9,30.9,31.6,300.0,300.0,30.8,34.9,30.5,29.9,31.6,4.96,2.0,4.96,0.16,0.0,0.0,1027.0,8228.0,0.0,0.0,0.0,0.0,0.0,1.0,0.0,0.0,0.0,0.0,0.0,1.3,0.0,-1.5,0.0,0.0,16.0,25903.0
2026-07-30T18:59:18.256Z,127.739,127.752,0.0,7.4,0.0,0.0,0.0,0.0,0.0,0.0,0.0,0.0,1.0,0.0,0.0,0.0,9.0,4.0,0.0,0.0,0.0,0.0,0.0,0.0,0.0,0.0,6.0,12.0,1.0,12.14,5.01,2.5,1.49,0.0,0.0,0.0,1.4,0.0,0.8,-0.5,0.0,-169.70000000000002,0.0,0.0,169.70000000000002,0.0,21.700000000000003,30.9,30.9,31.6,300.0,300.0,30.8,34.9,30.5,29.9,31.6,4.95,1.99,4.97,0.16,0.0,0.0,1027.0,8228.0,0.0,0.0,0.0,0.0,0.0,1.0,0.0,0.0,0.0,0.0,0.0,0.4,0.0,-0.4,0.0,0.0002,16.0,25903.0
2026-07-30T18:59:18.268Z,127.751,127.764,0.0,7.4,0.0,0.0,0.0,0.0,0.0,0.0,0.0,0.0,1.0,0.0,0.0,0.0,9.0,4.0,0.0,0.0,0.0,0.0,0.0,0.0,0.0,0.0,1.0,12.0,1.0,12.14,5.01,2.5,1.49,0.0,0.0,0.0,1.4,0.0,0.3,1.8,3.4000000000000004,-169.70000000000002,0.0,0.0,169.8,0.0,21.700000000000003,30.9,30.9,31.6,300.0,300.0,30.8,34.9,30.5,29.9,31.6,4.95,1.99,4.96,0.16,0.0,0.0,1027.0,8228.0,0.0,0.0,0.0,0.0,0.0,1.0,0.0,0.0,0.0,0.0,0.0,-0.8,0.0,-0.6000000000000001,0.0,0.0,16.0,25903.0
2026-07-30T18:59:18.280Z,127.763,127.776,0.0,7.4,0.0,0.0,0.0,0.0,0.0,0.0,0.0,0.0,1.0,0.0,0.0,0.0,9.0,4.0,0.0,0.0,0.0,0.0,0.0,0.0,0.0,0.0,3.0,12.0,1.0,12.14,5.01,2.5,1.49,0.0,0.0,0.0,1.3,0.0,-0.2,1.2000000000000002,0.0,-169.70000000000002,0.0,0.0,169.70000000000002,0.0,21.700000000000003,30.9,30.9,31.6,300.0,300.0,30.8,34.9,30.5,29.9,31.6,4.96,2.0,4.96,0.16,0.0,0.0,1027.0,8228.0,0.0,0.0,0.0,0.0,0.0,1.0,0.0,0.0,0.0,0.0,0.0,1.7000000000000002,0.0,-0.2,0.0,0.0,16.0,25903.0
2026-07-30T18:59:18.292Z,127.775,127.788,0.0,7.4,0.0,0.0,0.0,0.0,0.0,0.0,0.0,0.0,1.0,0.0,0.0,0.0,9.0,4.0,0.0,0.0,0.0,0.0,0.0,0.0,0.0,0.0,4.0,12.0,1.0,12.14,5.01,2.5,1.49,0.0,0.0,0.0,1.3,0.0,0.3,-0.5,-1.2000000000000002,-169.70000000000002,0.0,0.0,169.70000000000002,0.0,21.700000000000003,30.9,30.9,31.6,300.0,300.0,30.8,34.9,30.5,29.9,31.6,4.95,2.0,4.96,0.16,0.0,0.0,1027.0,8228.0,0.0,0.0,0.0,0.0,0.0,1.0,0.0,0.0,0.0,0.0,0.0,-1.4,0.0,0.9,0.0,0.0,16.0,25903.0
2026-07-30T18:59:18.304Z,127.787,127.8,0.0,7.4,0.0,0.0,0.0,0.0,0.0,0.0,0.0,0.0,1.0,0.0,0.0,0.0,9.0,4.0,0.0,0.0,0.0,0.0,0.0,0.0,0.0,0.0,6.0,12.0,1.0,12.14,5.01,2.5,1.49,0.0,0.0,0.0,1.3,0.0,-0.8,-1.1,-0.5,-169.70000000000002,0.0,0.0,169.60000000000002,0.0,21.700000000000003,30.9,30.9,31.6,300.0,300.0,30.8,34.9,30.5,29.9,31.6,4.96,1.99,4.97,0.16,0.0,0.0,1027.0,8228.0,0.0,0.0,0.0,0.0,0.0,1.0,0.0,0.0,0.0,0.0,0.0,-1.7000000000000002,0.0,0.2,0.0,0.0,16.0,25903.0
2026-07-30T18:59:18.325Z,127.808,127.812,0.0,7.4,0.0,0.0,0.0,0.0,0.0,0.0,0.0,0.0,1.0,0.0,0.0,0.0,9.0,4.0,0.0,0.0,0.0,0.0,0.0,0.0,0.0,0.0,1.0,12.0,1.0,12.19,5.01,2.5,1.49,0.0,0.0,0.0,1.4,0.0,0.2,1.1,-0.6000000000000001,-169.70000000000002,0.0,0.0,169.70000000000002,0.0,20.9,30.9,30.9,31.6,300.0,300.0,30.8,34.9,30.5,29.9,31.6,4.96,2.0,4.96,0.16,0.0,0.0,1027.0,8228.0,0.0,0.0,0.0,0.0,0.0,1.0,0.0,0.0,0.0,0.0,0.0,0.9,0.0,0.7000000000000001,0.0,0.0001,16.0,25903.0
2026-07-30T18:59:18.328Z,127.811,127.824,0.0,7.4,0.0,0.0,0.0,0.0,0.0,0.0,0.0,0.0,1.0,0.0,0.0,0.0,9.0,4.0,0.0,0.0,0.0,0.0,0.0,0.0,0.0,0.0,4.0,12.0,1.0,12.19,5.01,2.5,1.49,0.0,0.0,0.0,1.3,0.0,0.8,0.6000000000000001,1.1,-169.70000000000002,0.0,0.0,169.70000000000002,0.0,20.9,30.9,30.9,31.6,300.0,300.0,30.8,34.9,30.5,29.9,31.6,4.95,1.99,4.96,0.16,0.0,0.0,1027.0,8228.0,0.0,0.0,0.0,0.0,0.0,1.0,0.0,0.0,0.0,0.0,0.0,1.5,0.0,-0.9,0.0,0.0,16.0,25903.0
2026-07-30T18:59:18.340Z,127.823,127.836,0.0,7.4,0.0,0.0,0.0,0.0,0.0,0.0,0.0,0.0,1.0,0.0,0.0,0.0,9.0,4.0,0.0,0.0,0.0,0.0,0.0,0.0,0.0,0.0,4.0,12.0,1.0,12.19,5.01,2.5,1.49,0.0,0.0,0.0,1.3,0.0,-0.8,-0.5,0.5,-169.70000000000002,0.0,0.0,169.70000000000002,0.0,20.9,30.9,30.9,31.6,300.0,300.0,30.8,34.9,30.5,29.9,31.6,4.95,1.99,4.97,0.16,0.0,0.0,1027.0,8228.0,0.0,0.0,0.0,0.0,0.0,1.0,0.0,0.0,0.0,0.0,0.0,-0.1,0.0,-0.6000000000000001,0.0,0.0001,16.0,25903.0
2026-07-30T18:59:18.352Z,127.835,127.848,0.0,7.4,0.0,0.0,0.0,0.0,0.0,0.0,0.0,0.0,1.0,0.0,0.0,0.0,9.0,4.0,0.0,0.0,0.0,0.0,0.0,0.0,0.0,0.0,5.0,12.0,1.0,12.19,5.01,2.5,1.49,0.0,0.1,0.0,1.3,0.0,0.3,-0.5,0.0,-169.70000000000002,0.0,0.0,169.60000000000002,0.0,20.9,30.9,30.9,31.6,300.0,300.0,30.8,34.9,30.5,29.9,31.6,4.96,2.0,4.96,0.16,0.0,0.0,1027.0,8228.0,0.0,0.0,0.0,0.0,0.0,1.0,0.0,0.0,0.0,0.0,0.0,-0.6000000000000001,0.0,0.0,0.0,0.0001,16.0,25903.0
2026-07-30T18:59:18.364Z,127.847,127.86,0.0,7.4,0.0,0.0,0.0,0.0,0.0,0.0,0.0,0.0,1.0,0.0,0.0,0.0,9.0,4.0,0.0,0.0,0.0,0.0,0.0,0.0,0.0,0.0,1.0,12.0,1.0,12.19,5.01,2.5,1.49,0.0,0.0,0.0,1.4,0.0,0.2,-1.1,-1.8,-169.70000000000002,0.0,0.0,169.70000000000002,0.0,20.9,30.9,30.9,31.6,300.0,300.0,30.8,34.9,30.5,29.9,31.6,4.96,1.99,4.97,0.16,0.0,0.0,1027.0,8228.0,0.0,0.0,0.0,0.0,0.0,1.0,0.0,0.0,0.0,0.0,0.0,-2.6,0.0,1.3,0.0,0.0001,16.0,25903.0
2026-07-30T18:59:18.376Z,127.859,127.872,0.0,7.4,0.0,0.0,0.0,0.0,0.0,0.0,0.0,0.0,1.0,0.0,0.0,0.0,9.0,4.0,0.0,0.0,0.0,0.0,0.0,0.0,0.0,0.0,2.0,12.0,1.0,12.19,5.01,2.5,1.49,0.0,0.0,0.0,1.3,0.0,-0.2,0.0,1.1,-169.70000000000002,0.0,0.0,169.60000000000002,0.0,20.9,30.9,30.9,31.6,300.0,300.0,30.8,34.9,30.5,29.9,31.6,4.95,1.99,4.97,0.16,0.0,0.0,1027.0,8228.0,0.0,0.0,0.0,0.0,0.0,1.0,0.0,0.0,0.0,0.0,0.0,0.9,0.0,-1.0,0.0,0.0,16.0,25903.0
2026-07-30T18:59:18.388Z,127.871,127.884,0.0,7.4,0.0,0.0,0.0,0.0,0.0,0.0,0.0,0.0,1.0,0.0,0.0,0.0,9.0,4.0,0.0,0.0,0.0,0.0,0.0,0.0,0.0,0.0,3.0,12.0,1.0,12.19,5.01,2.5,1.49,0.0,0.0,0.0,1.3,0.0,0.8,-0.5,1.1,-169.70000000000002,0.0,0.0,169.70000000000002,0.0,20.9,30.9,30.9,31.6,300.0,300.0,30.8,34.9,30.5,29.9,31.6,4.96,1.99,4.96,0.16,0.0,0.0,1027.0,8228.0,0.0,0.0,0.0,0.0,0.0,1.0,0.0,0.0,0.0,0.0,0.0,0.2,0.0,-1.1,0.0,0.0001,16.0,25903.0
2026-07-30T18:59:18.400Z,127.883,127.896,0.0,7.4,0.0,0.0,0.0,0.0,0.0,0.0,0.0,0.0,1.0,0.0,0.0,0.0,9.0,4.0,0.0,0.0,0.0,0.0,0.0,0.0,0.0,0.0,4.0,12.0,1.0,12.19,5.01,2.5,1.49,0.0,0.0,0.0,1.3,0.0,0.2,0.6000000000000001,1.1,-169.70000000000002,0.0,0.0,169.70000000000002,0.0,20.9,30.9,30.9,31.6,300.0,300.0,30.8,34.9,30.5,29.9,31.6,4.95,1.99,4.96,0.16,0.0,0.0,1027.0,8228.0,0.0,0.0,0.0,0.0,0.0,1.0,0.0,0.0,0.0,0.0,0.0,1.6,0.0,-0.8,0.0,0.0001,16.0,25903.0
2026-07-30T18:59:18.413Z,127.896,127.908,0.0,7.4,0.0,0.0,0.0,0.0,0.0,0.0,0.0,0.0,1.0,0.0,0.0,0.0,9.0,4.0,0.0,0.0,0.0,0.0,0.0,0.0,0.0,0.0,5.0,12.0,1.0,12.17,5.01,2.51,1.49,0.0,0.0,0.0,1.3,0.0,0.3,-0.5,-1.1,-169.70000000000002,0.0,0.0,169.8,0.0,21.3,30.9,30.9,31.6,300.0,300.0,30.8,34.800000000000004,30.5,29.9,31.6,4.95,1.99,4.96,0.16,0.0,0.0,1027.0,8228.0,0.0,0.0,0.0,0.0,0.0,1.0,0.0,0.0,0.0,0.0,0.0,-1.4,0.0,0.9,0.0,0.0,16.0,25903.0
2026-07-30T18:59:18.424Z,127.907,127.92,0.0,7.4,0.0,0.0,0.0,0.0,0.0,0.0,0.0,0.0,1.0,0.0,0.0,0.0,9.0,4.0,0.0,0.0,0.0,0.0,0.0,0.0,0.0,0.0,6.0,12.0,1.0,12.17,5.01,2.51,1.49,0.0,0.1,0.0,1.3,0.0,0.2,0.0,-0.5,-169.70000000000002,0.0,0.0,169.70000000000002,0.0,21.3,30.9,30.9,31.6,300.0,300.0,30.8,34.800000000000004,30.5,29.9,31.6,4.95,1.99,4.96,0.16,0.0,0.0,1027.0,8228.0,0.0,0.0,0.0,0.0,0.0,1.0,0.0,0.0,0.0,0.0,0.0,-0.3,0.0,0.4,0.0,0.0001,16.0,25903.0
2026-07-30T18:59:18.436Z,127.919,127.932,0.0,7.4,0.0,0.0,0.0,0.0,0.0,0.0,0.0,0.0,1.0,0.0,0.0,0.0,9.0,4.0,0.0,0.0,0.0,0.0,0.0,0.0,0.0,0.0,1.0,12.0,1.0,12.17,5.01,2.51,1.49,0.0,0.0,0.0,1.3,0.0,0.2,0.0,0.6000000000000001,-169.60000000000002,0.0,0.0,169.70000000000002,0.0,21.3,30.9,30.9,31.6,300.0,300.0,30.8,34.800000000000004,30.5,29.9,31.6,4.96,1.99,4.96,0.16,0.0,0.0,1027.0,8228.0,0.0,0.0,0.0,0.0,0.0,1.0,0.0,0.0,0.0,0.0,0.0,0.4,0.0,-0.5,0.0,0.0001,16.0,25903.0
2026-07-30T18:59:18.447Z,127.93,127.944,0.0,7.4,0.0,0.0,0.0,0.0,0.0,0.0,0.0,0.0,1.0,0.0,0.0,0.0,9.0,4.0,0.0,0.0,0.0,0.0,0.0,0.0,0.0,0.0,2.0,12.0,1.0,12.17,5.01,2.51,1.49,0.0,0.0,0.0,1.3,0.0,0.2,-0.6000000000000001,0.6000000000000001,-169.60000000000002,0.0,0.0,169.70000000000002,0.0,21.3,30.9,30.9,31.6,300.0,300.0,30.8,34.800000000000004,30.5,29.9,31.6,4.95,1.99,4.97,0.16,0.0,0.0,1027.0,8228.0,0.0,0.0,0.0,0.0,0.0,1.0,0.0,0.0,0.0,0.0,0.0,-0.2,0.0,-0.6000000000000001,0.0,0.0,16.0,25903.0
2026-07-30T18:59:18.460Z,127.943,127.956,0.0,7.4,0.0,0.0,0.0,0.0,0.0,0.0,0.0,0.0,1.0,0.0,0.0,0.0,9.0,4.0,0.0,0.0,0.0,0.0,0.0,0.0,0.0,0.0,3.0,12.0,1.0,12.17,5.01,2.51,1.49,0.0,0.0,0.0,1.3,0.0,0.2,0.6000000000000001,1.2000000000000002,-169.60000000000002,0.0,0.0,169.8,0.0,21.3,30.9,30.9,31.6,300.0,300.0,30.8,34.800000000000004,30.5,29.9,31.6,4.95,2.0,4.96,0.16,0.0,0.0,1027.0,8228.0,0.0,0.0,0.0,0.0,0.0,1.0,0.0,0.0,0.0,0.0,0.0,1.6,0.0,-0.9,0.0,0.0,16.0,25903.0
2026-07-30T18:59:18.472Z,127.955,127.968,0.0,7.4,0.0,0.0,0.0,0.0,0.0,0.0,0.0,0.0,1.0,0.0,0.0,0.0,9.0,4.0,0.0,0.0,0.0,0.0,0.0,0.0,0.0,0.0,4.0,12.0,1.0,12.17,5.01,2.51,1.49,0.0,0.0,0.0,1.3,0.0,0.2,1.1,-0.5,-169.70000000000002,0.0,0.0,169.70000000000002,0.0,21.3,30.9,30.9,31.6,300.0,300.0,30.8,34.800000000000004,30.5,29.9,31.6,4.96,2.0,4.96,0.16,0.0,0.0,1027.0,8228.0,0.0,0.0,0.0,0.0,0.0,1.0,0.0,0.0,0.0,0.0,0.0,0.9,0.0,0.6000000000000001,0.0,0.0002,16.0,25903.0
2026-07-30T18:59:18.484Z,127.967,127.98,0.0,7.4,0.0,0.0,0.0,0.0,0.0,0.0,0.0,0.0,1.0,0.0,0.0,0.0,9.0,4.0,0.0,0.0,0.0,0.0,0.0,0.0,0.0,0.0,5.0,12.0,1.0,12.17,5.01,2.51,1.49,0.0,0.0,0.0,1.3,0.0,0.3,-1.1,-0.5,-169.60000000000002,0.0,0.0,169.8,0.0,21.3,30.9,30.9,31.6,300.0,300.0,30.8,34.800000000000004,30.5,29.9,31.6,4.95,2.0,4.96,0.16,0.0,0.0,1027.0,8228.0,0.0,0.0,0.0,0.0,0.0,1.0,0.0,0.0,0.0,0.0,0.0,-1.7000000000000002,0.0,0.2,0.0,0.0,16.0,25903.0
2026-07-30T18:59:18.495Z,127.978,127.992,0.0,7.4,0.0,0.0,0.0,0.0,0.0,0.0,0.0,0.0,1.0,0.0,0.0,0.0,9.0,4.0,0.0,0.0,0.0,0.0,0.0,0.0,0.0,0.0,6.0,12.0,1.0,12.17,5.01,2.51,1.49,0.0,0.0,0.0,1.3,0.0,0.3,0.5,0.6000000000000001,-169.70000000000002,0.0,0.0,169.8,0.0,21.3,30.9,30.9,31.6,300.0,300.0,30.8,34.800000000000004,30.5,29.9,31.6,4.95,1.99,4.97,0.16,0.0,0.0,1027.0,8228.0,0.0,0.0,0.0,0.0,0.0,1.0,0.0,0.0,0.0,0.0,0.0,1.1,0.0,-0.4,0.0,0.0,16.0,25903.0
2026-07-30T18:59:18.508Z,127.991,128.004,0.0,7.4,0.0,0.0,0.0,0.0,0.0,0.0,0.0,0.0,1.0,0.0,0.0,0.0,9.0,4.0,0.0,0.0,0.0,0.0,0.0,0.0,0.0,0.0,1.0,12.0,1.0,12.17,5.01,2.51,1.49,0.0,0.0,0.0,1.3,0.0,-0.2,0.0,0.0,-169.70000000000002,0.0,0.0,169.8,0.0,21.3,30.9,30.9,31.6,300.0,300.0,30.8,34.800000000000004,30.5,29.9,31.6,4.95,1.99,4.96,0.16,0.0,0.0,1027.0,8228.0,0.0,0.0,0.0,0.0,0.0,1.0,0.0,0.0,0.0,0.0,0.0,0.0,0.0,0.0,0.0,0.0002,16.0,25903.0
2026-07-30T18:59:18.520Z,128.003,128.016,0.0,7.4,0.0,0.0,0.0,0.0,0.0,0.0,0.0,0.0,1.0,0.0,0.0,0.0,9.0,4.0,0.0,0.0,0.0,0.0,0.0,0.0,0.0,0.0,2.0,12.0,1.0,12.18,5.01,2.51,1.49,0.0,0.0,0.0,1.3,0.0,0.8,1.7000000000000002,2.9000000000000004,-169.70000000000002,0.0,0.0,169.70000000000002,0.0,21.700000000000003,30.9,30.9,31.6,300.0,300.0,30.8,34.800000000000004,30.5,29.9,31.6,4.96,1.99,4.96,0.16,0.0,0.0,1027.0,8228.0,0.0,0.0,0.0,0.0,0.0,1.0,0.0,0.0,0.0,0.0,0.0,4.1000000000000005,0.0,-2.2,0.0,0.0,16.0,25903.0
2026-07-30T18:59:18.532Z,128.015,128.028,0.0,7.4,0.0,0.0,0.0,0.0,0.0,0.0,0.0,0.0,1.0,0.0,0.0,0.0,9.0,4.0,0.0,0.0,0.0,0.0,0.0,0.0,0.0,0.0,3.0,12.0,1.0,12.18,5.01,2.51,1.49,0.0,0.0,0.0,1.3,0.0,0.3,0.0,-1.1,-169.70000000000002,0.0,0.0,169.70000000000002,0.0,21.700000000000003,30.9,30.9,31.6,300.0,300.0,30.8,34.800000000000004,30.5,29.9,31.6,4.95,1.99,4.96,0.16,0.0,0.0,1027.0,8228.0,0.0,0.0,0.0,0.0,0.0,1.0,0.0,0.0,0.0,0.0,0.0,-0.9,0.0,1.0,0.0,0.0001,16.0,25903.0
2026-07-30T18:59:18.544Z,128.027,128.04,0.0,7.4,0.0,0.0,0.0,0.0,0.0,0.0,0.0,0.0,1.0,0.0,0.0,0.0,9.0,4.0,0.0,0.0,0.0,0.0,0.0,0.0,0.0,0.0,4.0,12.0,1.0,12.18,5.01,2.51,1.49,0.0,0.0,0.0,1.2000000000000002,0.0,-0.2,0.0,0.0,-169.70000000000002,0.0,0.0,169.70000000000002,0.0,21.700000000000003,30.9,30.9,31.6,300.0,300.0,30.8,34.800000000000004,30.5,29.9,31.6,4.96,1.99,4.96,0.16,0.0,0.0,1027.0,8228.0,0.0,0.0,0.0,0.0,0.0,1.0,0.0,0.0,0.0,0.0,0.0,0.0,0.0,0.0,0.0,0.0001,16.0,25903.0
2026-07-30T18:59:18.556Z,128.039,128.052,0.0,7.4,0.0,0.0,0.0,0.0,0.0,0.0,0.0,0.0,1.0,0.0,0.0,0.0,9.0,4.0,0.0,0.0,0.0,0.0,0.0,0.0,0.0,0.0,5.0,12.0,1.0,12.18,5.01,2.51,1.49,0.0,0.1,0.0,1.3,0.0,-0.2,0.0,-0.5,-169.70000000000002,0.0,0.0,169.70000000000002,0.0,21.700000000000003,30.9,30.9,31.6,300.0,300.0,30.8,34.800000000000004,30.5,29.9,31.6,4.96,1.99,4.96,0.16,0.0,0.0,1027.0,8228.0,0.0,0.0,0.0,0.0,0.0,1.0,0.0,0.0,0.0,0.0,0.0,-0.4,0.0,0.4,0.0,0.0,16.0,25903.0
2026-07-30T18:59:18.568Z,128.051,128.064,0.0,7.4,0.0,0.0,0.0,0.0,0.0,0.0,0.0,0.0,1.0,0.0,0.0,0.0,9.0,4.0,0.0,0.0,0.0,0.0,0.0,0.0,0.0,0.0,5.0,12.0,1.0,12.18,5.01,2.51,1.49,0.0,0.0,0.0,1.3,0.0,-0.8,0.5,0.6000000000000001,-169.70000000000002,0.0,0.0,169.8,0.0,21.700000000000003,30.9,30.9,31.6,300.0,300.0,30.8,34.800000000000004,30.5,29.9,31.6,4.95,1.99,4.96,0.16,0.0,0.0,1027.0,8228.0,0.0,0.0,0.0,0.0,0.0,1.0,0.0,0.0,0.0,0.0,0.0,1.1,0.0,-0.4,0.0,0.0,16.0,25903.0
2026-07-30T18:59:18.580Z,128.063,128.076,0.0,7.4,0.0,0.0,0.0,0.0,0.0,0.0,0.0,0.0,1.0,0.0,0.0,0.0,9.0,4.0,0.0,0.0,0.0,0.0,0.0,0.0,0.0,0.0,1.0,12.0,1.0,12.18,5.01,2.51,1.49,0.0,0.0,0.0,1.3,0.0,-0.2,-0.5,1.1,-169.70000000000002,0.0,0.0,169.8,0.0,21.700000000000003,30.9,30.9,31.6,300.0,300.0,30.8,34.800000000000004,30.5,29.9,31.6,4.95,1.99,4.97,0.16,0.0,0.0,1027.0,8228.0,0.0,0.0,0.0,0.0,0.0,1.0,0.0,0.0,0.0,0.0,0.0,0.2,0.0,-1.1,0.0,0.0002,16.0,25903.0
2026-07-30T18:59:18.592Z,128.075,128.088,0.0,7.4,0.0,0.0,0.0,0.0,0.0,0.0,0.0,0.0,1.0,0.0,0.0,0.0,9.0,4.0,0.0,0.0,0.0,0.0,0.0,0.0,0.0,0.0,1.0,12.0,1.0,12.18,5.01,2.51,1.49,0.0,0.0,0.0,1.3,0.0,-0.2,-0.5,-1.1,-169.70000000000002,0.0,0.0,169.70000000000002,0.0,21.700000000000003,30.9,30.9,31.6,300.0,300.0,30.8,34.800000000000004,30.5,29.9,31.6,4.96,2.0,4.96,0.16,0.0,0.0,1027.0,8228.0,0.0,0.0,0.0,0.0,0.0,1.0,0.0,0.0,0.0,0.0,0.0,-1.4,0.0,0.9,0.0,0.0001,16.0,25903.0
2026-07-30T18:59:18.604Z,128.087,128.1,0.0,7.4,0.0,0.0,0.0,0.0,0.0,0.0,0.0,0.0,1.0,0.0,0.0,0.0,9.0,4.0,0.0,0.0,0.0,0.0,0.0,0.0,0.0,0.0,2.0,12.0,1.0,12.18,5.01,2.51,1.49,0.0,0.0,0.0,1.3,0.0,-0.2,0.0,0.0,-169.70000000000002,0.0,0.0,169.70000000000002,0.0,21.700000000000003,30.9,30.9,31.6,300.0,300.0,30.8,34.800000000000004,30.5,29.9,31.6,4.96,1.99,4.97,0.16,0.0,0.0,1027.0,8228.0,0.0,0.0,0.0,0.0,0.0,1.0,0.0,0.0,0.0,0.0,0.0,0.0,0.0,0.0,0.0,0.0001,16.0,25903.0
2026-07-30T18:59:18.617Z,128.1,128.112,0.0,7.4,0.0,0.0,0.0,0.0,0.0,0.0,0.0,0.0,1.0,0.0,0.0,0.0,9.0,4.0,0.0,0.0,0.0,0.0,0.0,0.0,0.0,0.0,4.0,12.0,1.0,12.18,5.0200000000000005,2.5,1.5,0.0,0.1,0.0,1.3,0.0,-0.2,1.2000000000000002,-0.5,-169.70000000000002,0.0,0.0,169.70000000000002,0.0,21.3,30.9,30.9,31.6,300.0,300.0,30.8,34.800000000000004,30.5,29.9,31.5,4.95,1.99,4.97,0.16,0.0,0.0,1027.0,8228.0,0.0,0.0,0.0,0.0,0.0,1.0,0.0,0.0,0.0,0.0,0.0,1.0,0.0,0.7000000000000001,0.0,0.0001,16.0,25903.0
2026-07-30T18:59:18.638Z,128.121,128.124,0.0,7.4,0.0,0.0,0.0,0.0,0.0,0.0,0.0,0.0,1.0,0.0,0.0,0.0,9.0,4.0,0.0,0.0,0.0,0.0,0.0,0.0,0.0,0.0,4.0,12.0,1.0,12.18,5.0200000000000005,2.5,1.5,0.0,0.0,0.0,1.2000000000000002,0.0,-0.2,0.0,-0.5,-169.70000000000002,0.0,0.0,169.60000000000002,0.0,21.3,30.9,30.9,31.6,300.0,300.0,30.8,34.800000000000004,30.5,29.9,31.5,4.96,1.99,4.96,0.16,0.0,0.0,1027.0,8228.0,0.0,0.0,0.0,0.0,0.0,1.0,0.0,0.0,0.0,0.0,0.0,-0.2,0.0,0.4,0.0,0.0002,16.0,25903.0
2026-07-30T18:59:18.642Z,128.125,128.136,0.0,7.4,0.0,0.0,0.0,0.0,0.0,0.0,0.0,0.0,1.0,0.0,0.0,0.0,9.0,4.0,0.0,0.0,0.0,0.0,0.0,0.0,0.0,0.0,2.0,12.0,1.0,12.18,5.0200000000000005,2.5,1.5,0.0,0.0,0.0,1.2000000000000002,0.0,0.3,-0.4,1.2000000000000002,-169.70000000000002,0.0,0.0,169.60000000000002,0.0,21.3,30.9,30.9,31.6,300.0,300.0,30.8,34.800000000000004,30.5,29.9,31.5,4.96,1.99,4.96,0.16,0.0,0.0,1027.0,8228.0,0.0,0.0,0.0,0.0,0.0,1.0,0.0,0.0,0.0,0.0,0.0,0.3,0.0,-1.1,0.0,0.0001,16.0,25903.0
2026-07-30T18:59:18.652Z,128.135,128.148,0.0,7.4,0.0,0.0,0.0,0.0,0.0,0.0,0.0,0.0,1.0,0.0,0.0,0.0,9.0,4.0,0.0,0.0,0.0,0.0,0.0,0.0,0.0,0.0,2.0,12.0,1.0,12.18,5.0200000000000005,2.5,1.5,0.0,0.1,0.0,1.2000000000000002,0.0,-0.2,0.6000000000000001,-1.1,-169.60000000000002,0.0,0.0,169.60000000000002,0.0,21.3,30.9,30.9,31.6,300.0,300.0,30.8,34.800000000000004,30.5,29.9,31.5,4.96,1.99,4.97,0.16,0.0,0.0,1027.0,8228.0,0.0,0.0,0.0,0.0,0.0,1.0,0.0,0.0,0.0,0.0,0.0,0.0,0.0,1.1,0.0,0.0,16.0,25903.0
2026-07-30T18:59:18.663Z,128.146,128.16,0.0,7.4,0.0,0.0,0.0,0.0,0.0,0.0,0.0,0.0,1.0,0.0,0.0,0.0,9.0,4.0,0.0,0.0,0.0,0.0,0.0,0.0,0.0,0.0,3.0,12.0,1.0,12.18,5.0200000000000005,2.5,1.5,0.0,0.0,0.0,1.2000000000000002,0.0,-0.2,-0.4,0.0,-169.60000000000002,0.0,0.0,169.60000000000002,0.0,21.3,30.9,30.9,31.6,300.0,300.0,30.8,34.800000000000004,30.5,29.9,31.5,4.95,1.99,4.97,0.16,0.0,0.0,1027.0,8228.0,0.0,0.0,0.0,0.0,0.0,1.0,0.0,0.0,0.0,0.0,0.0,-0.5,0.0,-0.1,0.0,0.0,16.0,25903.0
2026-07-30T18:59:18.676Z,128.159,128.172,0.0,7.4,0.0,0.0,0.0,0.0,0.0,0.0,0.0,0.0,1.0,0.0,0.0,0.0,9.0,4.0,0.0,0.0,0.0,0.0,0.0,0.0,0.0,0.0,5.0,12.0,1.0,12.18,5.0200000000000005,2.5,1.5,0.0,0.1,0.0,1.2000000000000002,0.0,-0.8,-0.4,0.0,-169.60000000000002,0.0,0.0,169.60000000000002,0.0,21.3,30.9,30.9,31.6,300.0,300.0,30.8,34.800000000000004,30.5,29.9,31.5,4.95,1.99,4.96,0.16,0.0,0.0,1027.0,8228.0,0.0,0.0,0.0,0.0,0.0,1.0,0.0,0.0,0.0,0.0,0.0,-0.4,0.0,-0.1,0.0,0.0,16.0,25903.0
2026-07-30T18:59:18.688Z,128.171,128.184,0.0,7.4,0.0,0.0,0.0,0.0,0.0,0.0,0.0,0.0,1.0,0.0,0.0,0.0,9.0,4.0,0.0,0.0,0.0,0.0,0.0,0.0,0.0,0.0,6.0,12.0,1.0,12.18,5.0200000000000005,2.5,1.5,0.0,0.0,0.0,1.2000000000000002,0.0,0.3,-1.0,-0.5,-169.60000000000002,0.0,0.0,169.60000000000002,0.0,21.3,30.9,30.9,31.6,300.0,300.0,30.8,34.800000000000004,30.5,29.9,31.5,4.95,2.0,4.97,0.16,0.0,0.0,1027.0,8228.0,0.0,0.0,0.0,0.0,0.0,1.0,0.0,0.0,0.0,0.0,0.0,-1.5,0.0,0.2,0.0,0.0,16.0,25903.0
2026-07-30T18:59:18.700Z,128.183,128.196,0.0,7.4,0.0,0.0,0.0,0.0,0.0,0.0,0.0,0.0,1.0,0.0,0.0,0.0,9.0,4.0,0.0,0.0,0.0,0.0,0.0,0.0,0.0,0.0,1.0,12.0,1.0,12.18,5.0200000000000005,2.5,1.5,0.0,0.0,0.0,1.2000000000000002,0.0,-0.2,0.0,-0.6000000000000001,-169.60000000000002,0.0,0.0,169.70000000000002,0.0,21.3,30.9,30.9,31.6,300.0,300.0,30.8,34.800000000000004,30.5,29.9,31.5,4.95,1.99,4.97,0.16,0.0,0.0,1027.0,8228.0,0.0,0.0,0.0,0.0,0.0,1.0,0.0,0.0,0.0,0.0,0.0,-0.3,0.0,0.5,0.0,0.0,16.0,25903.0
2026-07-30T18:59:18.712Z,128.195,128.208,0.0,7.4,0.0,0.0,0.0,0.0,0.0,0.0,0.0,0.0,1.0,0.0,0.0,0.0,9.0,4.0,0.0,0.0,0.0,0.0,0.0,0.0,0.0,0.0,2.0,12.0,1.0,12.18,5.0200000000000005,2.5,1.5,0.0,0.0,0.0,1.2000000000000002,0.0,-0.8,0.0,0.0,-169.60000000000002,0.0,0.0,169.8,0.0,21.3,30.9,30.9,31.6,300.0,300.0,30.8,34.800000000000004,30.5,29.9,31.5,4.96,1.99,4.97,0.16,0.0,0.0,1027.0,8228.0,0.0,0.0,0.0,0.0,0.0,1.0,0.0,0.0,0.0,0.0,0.0,0.1,0.0,0.0,0.0,0.0001,16.0,25903.0
2026-07-30T18:59:18.724Z,128.207,128.22,0.0,7.4,0.0,0.0,0.0,0.0,0.0,0.0,0.0,0.0,1.0,0.0,0.0,0.0,9.0,4.0,0.0,0.0,0.0,0.0,0.0,0.0,0.0,0.0,3.0,12.0,1.0,12.15,5.0200000000000005,2.5,1.49,0.0,0.0,0.0,1.2000000000000002,0.0,-0.2,0.6000000000000001,0.5,-169.60000000000002,0.0,0.0,169.70000000000002,0.0,21.4,30.9,30.9,31.6,300.0,300.0,30.9,34.800000000000004,30.5,29.9,31.6,4.96,1.99,4.97,0.16,0.0,0.0,1027.0,8228.0,0.0,0.0,0.0,0.0,0.0,1.0,0.0,0.0,0.0,0.0,0.0,1.1,0.0,-0.3,0.0,0.0002,16.0,25903.0
2026-07-30T18:59:18.736Z,128.219,128.232,0.0,7.4,0.0,0.0,0.0,0.0,0.0,0.0,0.0,0.0,1.0,0.0,0.0,0.0,9.0,4.0,0.0,0.0,0.0,0.0,0.0,0.0,0.0,0.0,5.0,12.0,1.0,12.15,5.0200000000000005,2.5,1.49,0.0,0.1,0.0,1.2000000000000002,0.0,0.9,-1.1,-0.1,-169.60000000000002,0.0,0.0,169.70000000000002,0.0,21.4,30.9,30.9,31.6,300.0,300.0,30.9,34.800000000000004,30.5,29.9,31.6,4.95,1.99,4.96,0.16,0.0,0.0,1027.0,8228.0,0.0,0.0,0.0,0.0,0.0,1.0,0.0,0.0,0.0,0.0,0.0,-1.3,0.0,-0.1,0.0,0.0,16.0,25903.0
2026-07-30T18:59:18.748Z,128.231,128.244,0.0,7.4,0.0,0.0,0.0,0.0,0.0,0.0,0.0,0.0,1.0,0.0,0.0,0.0,9.0,4.0,0.0,0.0,0.0,0.0,0.0,0.0,0.0,0.0,6.0,12.0,1.0,12.15,5.0200000000000005,2.5,1.49,0.0,0.0,0.0,1.2000000000000002,0.0,0.8,0.6000000000000001,0.4,-169.60000000000002,0.0,0.0,169.60000000000002,0.0,21.4,30.9,30.9,31.6,300.0,300.0,30.9,34.800000000000004,30.5,29.9,31.6,4.95,1.99,4.96,0.16,0.0,0.0,1027.0,8228.0,0.0,0.0,0.0,0.0,0.0,1.0,0.0,0.0,0.0,0.0,0.0,1.0,0.0,-0.2,0.0,0.0001,16.0,25903.0
2026-07-30T18:59:18.760Z,128.243,128.256,0.0,7.4,0.0,0.0,0.0,0.0,0.0,0.0,0.0,0.0,1.0,0.0,0.0,0.0,9.0,4.0,0.0,0.0,0.0,0.0,0.0,0.0,0.0,0.0,1.0,12.0,1.0,12.15,5.0200000000000005,2.5,1.49,0.0,0.0,0.0,1.2000000000000002,0.0,-0.8,0.0,1.0,-169.60000000000002,0.0,0.0,169.70000000000002,0.0,21.4,30.9,30.9,31.6,300.0,300.0,30.9,34.800000000000004,30.5,29.9,31.6,4.96,2.0,4.96,0.16,0.0,0.0,1027.0,8228.0,0.0,0.0,0.0,0.0,0.0,1.0,0.0,0.0,0.0,0.0,0.0,0.7000000000000001,0.0,-0.9,0.0,0.0001,16.0,25903.0
2026-07-30T18:59:18.772Z,128.255,128.268,0.0,7.4,0.0,0.0,0.0,0.0,0.0,0.0,0.0,0.0,1.0,0.0,0.0,0.0,9.0,4.0,0.0,0.0,0.0,0.0,0.0,0.0,0.0,0.0,2.0,12.0,1.0,12.15,5.0200000000000005,2.5,1.49,0.0,0.0,0.0,1.1,0.0,0.2,-0.6000000000000001,-0.7000000000000001,-169.60000000000002,0.0,0.0,169.70000000000002,0.0,21.4,30.9,30.9,31.6,300.0,300.0,30.9,34.800000000000004,30.5,29.9,31.6,4.95,2.0,4.97,0.16,0.0,0.0,1027.0,8228.0,0.0,0.0,0.0,0.0,0.0,1.0,0.0,0.0,0.0,0.0,0.0,-1.2000000000000002,0.0,0.5,0.0,0.0,16.0,25903.0
2026-07-30T18:59:18.784Z,128.267,128.28,0.0,7.4,0.0,0.0,0.0,0.0,0.0,0.0,0.0,0.0,1.0,0.0,0.0,0.0,9.0,4.0,0.0,0.0,0.0,0.0,0.0,0.0,0.0,0.0,3.0,12.0,1.0,12.15,5.0200000000000005,2.5,1.49,0.0,0.0,0.0,1.2000000000000002,0.0,0.3,-0.5,1.0,-169.60000000000002,0.0,0.0,169.70000000000002,0.0,21.4,30.9,30.9,31.6,300.0,300.0,30.9,34.800000000000004,30.5,29.9,31.6,4.96,1.99,4.97,0.16,0.0,0.0,1027.0,8228.0,0.0,0.0,0.0,0.0,0.0,1.0,0.0,0.0,0.0,0.0,0.0,-0.1,0.0,0.1,0.0,0.0001,16.0,25903.0
2026-07-30T18:59:18.796Z,128.279,128.292,0.0,7.4,0.0,0.0,0.0,0.0,0.0,0.0,0.0,0.0,1.0,0.0,0.0,0.0,9.0,4.0,0.0,0.0,0.0,0.0,0.0,0.0,0.0,0.0,5.0,12.0,1.0,12.15,5.0200000000000005,2.5,1.49,0.0,0.0,0.0,1.2000000000000002,0.0,-0.8,1.1,0.9,-169.60000000000002,0.0,0.0,169.70000000000002,0.0,21.4,30.9,30.9,31.6,300.0,300.0,30.9,34.800000000000004,30.5,29.9,31.6,4.96,1.99,4.96,0.16,0.0,0.0,1027.0,8228.0,0.0,0.0,0.0,0.0,0.0,1.0,0.0,0.0,0.0,0.0,0.0,-1.0,0.0,1.1,0.0,0.0,16.0,25903.0
2026-07-30T18:59:18.808Z,128.291,128.304,0.0,7.4,0.0,0.0,0.0,0.0,0.0,0.0,0.0,0.0,1.0,0.0,0.0,0.0,9.0,4.0,0.0,0.0,0.0,0.0,0.0,0.0,0.0,0.0,6.0,12.0,1.0,12.15,5.0200000000000005,2.5,1.49,0.0,0.0,0.0,1.1,0.0,0.3,-0.5,-0.1,-169.60000000000002,0.0,0.0,169.60000000000002,0.0,21.4,30.9,30.9,31.6,300.0,300.0,30.9,34.800000000000004,30.5,29.9,31.6,4.95,1.99,4.96,0.16,0.0,0.0,1027.0,8228.0,0.0,0.0,0.0,0.0,0.0,1.0,0.0,0.0,0.0,0.0,0.0,-0.7000000000000001,0.0,0.0,0.0,0.0,16.0,25903.0
2026-07-30T18:59:18.820Z,128.303,128.316,0.0,7.4,0.0,0.0,0.0,0.0,0.0,0.0,0.0,0.0,1.0,0.0,0.0,0.0,9.0,4.0,0.0,0.0,0.0,0.0,0.0,0.0,0.0,0.0,1.0,12.0,1.0,12.15,5.01,2.51,1.49,0.0,0.0,0.0,1.2000000000000002,0.0,-0.8,-0.5,0.3,-169.60000000000002,0.0,0.0,169.70000000000002,0.0,21.200000000000003,30.9,30.9,31.6,300.0,300.0,30.9,34.9,30.5,29.9,31.6,4.95,1.99,4.96,0.16,0.0,0.0,1027.0,8228.0,0.0,0.0,0.0,0.0,0.0,1.0,0.0,0.0,0.0,0.0,0.0,-0.3,0.0,-0.4,0.0,0.0001,16.0,25903.0
2026-07-30T18:59:18.832Z,128.315,128.328,0.0,7.4,0.0,0.0,0.0,0.0,0.0,0.0,0.0,0.0,1.0,0.0,0.0,0.0,9.0,4.0,0.0,0.0,0.0,0.0,0.0,0.0,0.0,0.0,3.0,12.0,1.0,12.15,5.01,2.51,1.49,0.0,0.1,0.0,1.1,0.0,0.3,1.1,1.5,-169.60000000000002,0.0,0.0,169.70000000000002,0.0,21.200000000000003,30.9,30.9,31.6,300.0,300.0,30.9,34.9,30.5,29.9,31.6,4.95,2.0,4.96,0.16,0.0,0.0,1027.0,8228.0,0.0,0.0,0.0,0.0,0.0,1.0,0.0,0.0,0.0,0.0,0.0,2.4000000000000004,0.0,-1.1,0.0,0.0,16.0,25903.0
2026-07-30T18:59:18.844Z,128.327,128.34,0.0,7.4,0.0,0.0,0.0,0.0,0.0,0.0,0.0,0.0,1.0,0.0,0.0,0.0,9.0,4.0,0.0,0.0,0.0,0.0,0.0,0.0,0.0,0.0,4.0,12.0,1.0,12.15,5.01,2.51,1.49,0.0,0.0,0.0,1.2000000000000002,0.0,0.4,0.0,-0.7000000000000001,-169.60000000000002,0.0,0.0,169.70000000000002,0.0,21.200000000000003,30.9,30.9,31.6,300.0,300.0,30.9,34.9,30.5,29.9,31.6,4.95,1.99,4.97,0.16,0.0,0.0,1027.0,8228.0,0.0,0.0,0.0,0.0,0.0,1.0,0.0,0.0,0.0,0.0,0.0,-0.5,0.0,0.7000000000000001,0.0,0.0001,16.0,25903.0
2026-07-30T18:59:18.856Z,128.339,128.352,0.0,7.4,0.0,0.0,0.0,0.0,0.0,0.0,0.0,0.0,1.0,0.0,0.0,0.0,9.0,4.0,0.0,0.0,0.0,0.0,0.0,0.0,0.0,0.0,6.0,12.0,1.0,12.15,5.01,2.51,1.49,0.0,0.0,0.0,1.1,0.0,-0.1,0.0,-0.8,-169.60000000000002,0.0,0.0,169.60000000000002,0.0,21.200000000000003,30.9,30.9,31.6,300.0,300.0,30.9,34.9,30.5,29.9,31.6,4.95,1.99,4.97,0.16,0.0,0.0,1027.0,8228.0,0.0,0.0,0.0,0.0,0.0,1.0,0.0,0.0,0.0,0.0,0.0,-0.5,0.0,0.7000000000000001,0.0,0.0001,16.0,25903.0
2026-07-30T18:59:18.867Z,128.35,128.364,0.0,7.4,0.0,0.0,0.0,0.0,0.0,0.0,0.0,0.0,1.0,0.0,0.0,0.0,9.0,4.0,0.0,0.0,0.0,0.0,0.0,0.0,0.0,0.0,1.0,12.0,1.0,12.15,5.01,2.51,1.49,0.0,0.0,0.0,1.1,0.0,0.3,0.6000000000000001,-0.2,-169.60000000000002,0.0,0.0,169.60000000000002,0.0,21.200000000000003,30.9,30.9,31.6,300.0,300.0,30.9,34.9,30.5,29.9,31.6,4.95,1.99,4.96,0.16,0.0,0.0,1027.0,8228.0,0.0,0.0,0.0,0.0,0.0,1.0,0.0,0.0,0.0,0.0,0.0,0.4,0.0,0.3,0.0,0.0,16.0,25903.0
2026-07-30T18:59:18.880Z,128.363,128.376,0.0,7.4,0.0,0.0,0.0,0.0,0.0,0.0,0.0,0.0,1.0,0.0,0.0,0.0,9.0,4.0,0.0,0.0,0.0,0.0,0.0,0.0,0.0,0.0,2.0,12.0,1.0,12.15,5.01,2.51,1.49,0.0,0.0,0.0,1.1,0.0,-0.8,0.0,-0.2,-169.60000000000002,0.0,0.0,169.60000000000002,0.0,21.200000000000003,30.9,30.9,31.6,300.0,300.0,30.9,34.9,30.5,29.9,31.6,4.95,2.0,4.96,0.16,0.0,0.0,1027.0,8228.0,0.0,0.0,0.0,0.0,0.0,1.0,0.0,0.0,0.0,0.0,0.0,-0.1,0.0,0.2,0.0,0.0,16.0,25903.0
2026-07-30T18:59:18.892Z,128.375,128.388,0.0,7.4,0.0,0.0,0.0,0.0,0.0,0.0,0.0,0.0,1.0,0.0,0.0,0.0,9.0,4.0,0.0,0.0,0.0,0.0,0.0,0.0,0.0,0.0,4.0,12.0,1.0,12.15,5.01,2.51,1.49,0.0,0.0,0.0,1.1,0.0,-0.2,-0.5,-0.2,-169.60000000000002,0.0,0.0,169.60000000000002,0.0,21.200000000000003,30.9,30.9,31.6,300.0,300.0,30.9,34.9,30.5,29.9,31.6,4.95,1.99,4.97,0.16,0.0,0.0,1027.0,8228.0,0.0,0.0,0.0,0.0,0.0,1.0,0.0,0.0,0.0,0.0,0.0,-0.8,0.0,0.1,0.0,0.0,16.0,25903.0
2026-07-30T18:59:18.904Z,128.387,128.4,0.0,7.4,0.0,0.0,0.0,0.0,0.0,0.0,0.0,0.0,1.0,0.0,0.0,0.0,9.0,4.0,0.0,0.0,0.0,0.0,0.0,0.0,0.0,0.0,5.0,12.0,1.0,12.15,5.01,2.51,1.49,0.0,0.0,0.0,1.1,0.0,-0.2,0.0,-0.8,-169.60000000000002,0.0,0.0,169.60000000000002,0.0,21.200000000000003,30.9,30.9,31.6,300.0,300.0,30.9,34.9,30.5,29.9,31.6,4.95,2.0,4.97,0.16,0.0,0.0,1027.0,8228.0,0.0,0.0,0.0,0.0,0.0,1.0,0.0,0.0,0.0,0.0,0.0,-0.6000000000000001,0.0,0.7000000000000001,0.0,0.0,16.0,25903.0
2026-07-30T18:59:18.916Z,128.399,128.412,0.0,7.4,0.0,0.0,0.0,0.0,0.0,0.0,0.0,0.0,1.0,0.0,0.0,0.0,9.0,4.0,0.0,0.0,0.0,0.0,0.0,0.0,0.0,0.0,1.0,12.0,1.0,12.15,5.01,2.51,1.49,0.0,0.1,0.0,1.1,0.0,-0.8,-1.1,-1.4,-169.60000000000002,0.0,0.0,169.70000000000002,0.0,21.200000000000003,30.9,30.9,31.6,300.0,300.0,30.9,34.9,30.5,29.9,31.6,4.96,2.0,4.96,0.16,0.0,0.0,1027.0,8228.0,0.0,0.0,0.0,0.0,0.0,1.0,0.0,0.0,0.0,0.0,0.0,-2.3000000000000003,0.0,1.0,0.0,0.0,16.0,25903.0
2026-07-30T18:59:18.927Z,128.41,128.424,0.0,7.4,0.0,0.0,0.0,0.0,0.0,0.0,0.0,0.0,1.0,0.0,0.0,0.0,9.0,4.0,0.0,0.0,0.0,0.0,0.0,0.0,0.0,0.0,2.0,12.0,1.0,12.14,5.01,2.51,1.49,0.0,0.0,0.0,1.1,0.0,-0.2,1.1,2.0,-169.60000000000002,0.0,0.0,169.60000000000002,0.0,21.4,30.9,30.9,31.6,300.0,300.0,30.8,34.9,30.5,29.9,31.6,4.95,1.99,4.97,0.16,0.0,0.0,1027.0,8228.0,0.0,0.0,0.0,0.0,0.0,1.0,0.0,0.0,0.0,0.0,0.0,2.8000000000000003,0.0,-1.6,0.0,0.0,16.0,25903.0
2026-07-30T18:59:18.940Z,128.423,128.436,0.0,7.4,0.0,0.0,0.0,0.0,0.0,0.0,0.0,0.0,1.0,0.0,0.0,0.0,9.0,4.0,0.0,0.0,0.0,0.0,0.0,0.0,0.0,0.0,4.0,12.0,1.0,12.14,5.01,2.51,1.49,0.0,0.0,0.0,1.1,0.0,0.9,1.1,-0.8,-169.60000000000002,0.0,0.0,169.70000000000002,0.0,21.4,30.9,30.9,31.6,300.0,300.0,30.8,34.9,30.5,29.9,31.6,4.95,1.99,4.96,0.16,0.0,0.0,1027.0,8228.0,0.0,0.0,0.0,0.0,0.0,1.0,0.0,0.0,0.0,0.0,0.0,0.6000000000000001,0.0,0.9,0.0,0.0,16.0,25903.0
2026-07-30T18:59:18.959Z,128.442,128.448,0.0,7.4,0.0,0.0,0.0,0.0,0.0,0.0,0.0,0.0,1.0,0.0,0.0,0.0,9.0,4.0,0.0,0.0,0.0,0.0,0.0,0.0,0.0,0.0,5.0,12.0,1.0,12.14,5.01,2.51,1.49,0.0,0.0,0.0,1.1,0.0,0.2,0.5,0.8,-169.60000000000002,0.0,0.0,169.70000000000002,0.0,21.4,30.9,30.9,31.6,300.0,300.0,30.8,34.9,30.5,29.9,31.6,4.96,1.99,4.96,0.16,0.0,0.0,1027.0,8228.0,0.0,0.0,0.0,0.0,0.0,1.0,0.0,0.0,0.0,0.0,0.0,1.2000000000000002,0.0,-0.6000000000000001,0.0,0.0001,16.0,25903.0
2026-07-30T18:59:18.964Z,128.447,128.46,0.0,7.4,0.0,0.0,0.0,0.0,0.0,0.0,0.0,0.0,1.0,0.0,0.0,0.0,9.0,4.0,0.0,0.0,0.0,0.0,0.0,0.0,0.0,0.0,2.0,12.0,1.0,12.14,5.01,2.51,1.49,0.0,0.0,0.0,1.1,0.0,-0.2,-0.6000000000000001,0.3,-169.60000000000002,0.0,0.0,169.70000000000002,0.0,21.4,30.9,30.9,31.6,300.0,300.0,30.8,34.9,30.5,29.9,31.6,4.95,1.99,4.97,0.16,0.0,0.0,1027.0,8228.0,0.0,0.0,0.0,0.0,0.0,1.0,0.0,0.0,0.0,0.0,0.0,-0.4,0.0,-0.4,0.0,0.0,16.0,25903.0
2026-07-30T18:59:18.975Z,128.458,128.472,0.0,7.4,0.0,0.0,0.0,0.0,0.0,0.0,0.0,0.0,1.0,0.0,0.0,0.0,9.0,4.0,0.0,0.0,0.0,0.0,0.0,0.0,0.0,0.0,3.0,12.0,1.0,12.14,5.01,2.51,1.49,0.0,0.0,0.0,1.1,0.0,0.2,-1.2000000000000002,-0.8,-169.60000000000002,0.0,0.0,169.8,0.0,21.4,30.9,30.9,31.6,300.0,300.0,30.8,34.9,30.5,29.9,31.6,4.95,1.99,4.97,0.16,0.0,0.0,1027.0,8228.0,0.0,0.0,0.0,0.0,0.0,1.0,0.0,0.0,0.0,0.0,0.0,-1.9,0.0,0.4,0.0,0.0,16.0,25903.0
2026-07-30T18:59:18.988Z,128.471,128.484,0.0,7.4,0.0,0.0,0.0,0.0,0.0,0.0,0.0,0.0,1.0,0.0,0.0,0.0,9.0,4.0,0.0,0.0,0.0,0.0,0.0,0.0,0.0,0.0,4.0,12.0,1.0,12.14,5.01,2.51,1.49,0.0,0.0,0.0,1.1,0.0,0.2,0.5,1.5,-169.60000000000002,0.0,0.0,169.70000000000002,0.0,21.4,30.9,30.9,31.6,300.0,300.0,30.8,34.9,30.5,29.9,31.6,4.95,2.0,4.96,0.16,0.0,0.0,1027.0,8228.0,0.0,0.0,0.0,0.0,0.0,1.0,0.0,0.0,0.0,0.0,0.0,1.7000000000000002,0.0,-1.2000000000000002,0.0,0.0001,16.0,25903.0
2026-07-30T18:59:19.000Z,128.483,128.496,0.0,7.4,0.0,0.0,0.0,0.0,0.0,0.0,0.0,0.0,1.0,0.0,0.0,0.0,9.0,4.0,0.0,0.0,0.0,0.0,0.0,0.0,0.0,0.0,6.0,12.0,1.0,12.14,5.01,2.51,1.49,0.0,0.1,0.0,1.1,0.0,-0.8,0.0,0.9,-169.60000000000002,0.0,0.0,169.70000000000002,0.0,21.4,30.9,30.9,31.6,300.0,300.0,30.8,34.9,30.5,29.9,31.6,4.96,1.99,4.96,0.16,0.0,0.0,1027.0,8228.0,0.0,0.0,0.0,0.0,0.0,1.0,0.0,0.0,0.0,0.0,0.0,0.6000000000000001,0.0,-0.8,0.0,0.0001,16.0,25903.0
2026-07-30T18:59:19.011Z,128.494,128.508,0.0,7.4,0.0,0.0,0.0,0.0,0.0,0.0,0.0,0.0,1.0,0.0,0.0,0.0,9.0,4.0,0.0,0.0,0.0,0.0,0.0,0.0,0.0,0.0,1.0,12.0,1.0,12.14,5.01,2.51,1.49,0.0,0.0,0.0,1.1,0.0,-0.2,0.0,0.3,-169.60000000000002,0.0,0.0,169.70000000000002,0.0,21.4,30.9,30.9,31.6,300.0,300.0,30.8,34.9,30.5,29.9,31.6,4.95,1.99,4.96,0.16,0.0,0.0,1027.0,8228.0,0.0,0.0,0.0,0.0,0.0,1.0,0.0,0.0,0.0,0.0,0.0,0.1,0.0,-0.2,0.0,0.0,16.0,25903.0
2026-07-30T18:59:19.025Z,128.508,128.52,0.0,7.4,0.0,0.0,0.0,0.0,0.0,0.0,0.0,0.0,1.0,0.0,0.0,0.0,9.0,4.0,0.0,0.0,0.0,0.0,0.0,0.0,0.0,0.0,2.0,12.0,1.0,12.17,5.01,2.5,1.49,0.0,0.0,0.0,1.1,0.0,0.3,-0.6000000000000001,-0.8,-169.60000000000002,0.0,0.0,169.8,0.0,21.200000000000003,30.9,30.9,31.6,300.0,300.0,30.8,34.800000000000004,30.5,29.9,31.5,4.96,1.99,4.96,0.16,0.0,0.0,1027.0,8228.0,0.0,0.0,0.0,0.0,0.0,1.0,0.0,0.0,0.0,0.0,0.0,-1.4,0.0,0.6000000000000001,0.0,0.0001,16.0,25903.0
2026-07-30T18:59:19.035Z,128.518,128.532,0.0,7.4,0.0,0.0,0.0,0.0,0.0,0.0,0.0,0.0,1.0,0.0,0.0,0.0,9.0,4.0,0.0,0.0,0.0,0.0,0.0,0.0,0.0,0.0,4.0,12.0,1.0,12.17,5.01,2.5,1.49,0.0,0.1,0.0,1.1,0.0,0.8,0.4,0.3,-169.60000000000002,0.0,0.0,169.8,0.0,21.200000000000003,30.9,30.9,31.6,300.0,300.0,30.8,34.800000000000004,30.5,29.9,31.5,4.96,2.0,4.96,0.16,0.0,0.0,1027.0,8228.0,0.0,0.0,0.0,0.0,0.0,1.0,0.0,0.0,0.0,0.0,0.0,0.8,0.0,-0.2,0.0,0.0,16.0,25903.0
2026-07-30T18:59:19.048Z,128.531,128.544,0.0,7.4,0.0,0.0,0.0,0.0,0.0,0.0,0.0,0.0,1.0,0.0,0.0,0.0,9.0,4.0,0.0,0.0,0.0,0.0,0.0,0.0,0.0,0.0,5.0,12.0,1.0,12.17,5.01,2.5,1.49,0.0,0.0,0.0,1.1,0.0,-1.4,-0.6000000000000001,-0.7000000000000001,-169.60000000000002,0.0,0.0,169.8,0.0,21.200000000000003,30.9,30.9,31.6,300.0,300.0,30.8,34.800000000000004,30.5,29.9,31.5,4.95,1.99,4.96,0.16,0.0,0.0,1027.0,8228.0,0.0,0.0,0.0,0.0,0.0,1.0,0.0,0.0,0.0,0.0,0.0,-1.2000000000000002,0.0,0.5,0.0,0.0001,16.0,25903.0
2026-07-30T18:59:19.060Z,128.543,128.556,0.0,7.4,0.0,0.0,0.0,0.0,0.0,0.0,0.0,0.0,1.0,0.0,0.0,0.0,9.0,4.0,0.0,0.0,0.0,0.0,0.0,0.0,0.0,0.0,1.0,12.0,1.0,12.17,5.01,2.5,1.49,0.0,0.0,0.0,1.1,0.0,-0.2,-1.1,2.1,-169.70000000000002,0.0,0.0,169.8,0.0,21.200000000000003,30.9,30.9,31.6,300.0,300.0,30.8,34.800000000000004,30.5,29.9,31.5,4.95,1.99,4.97,0.16,0.0,0.0,1027.0,8228.0,0.0,0.0,0.0,0.0,0.0,1.0,0.0,0.0,0.0,0.0,0.0,0.2,0.0,-2.1,0.0,0.0,16.0,25903.0
2026-07-30T18:59:19.072Z,128.555,128.568,0.0,7.4,0.0,0.0,0.0,0.0,0.0,0.0,0.0,0.0,1.0,0.0,0.0,0.0,9.0,4.0,0.0,0.0,0.0,0.0,0.0,0.0,0.0,0.0,2.0,12.0,1.0,12.17,5.01,2.5,1.49,0.0,0.0,0.0,1.1,0.0,-0.2,-2.3000000000000003,-0.1,-169.60000000000002,0.0,0.0,169.70000000000002,0.0,21.200000000000003,30.9,30.9,31.6,300.0,300.0,30.8,34.800000000000004,30.5,29.9,31.5,4.96,2.0,4.96,0.16,0.0,0.0,1027.0,8228.0,0.0,0.0,0.0,0.0,0.0,1.0,0.0,0.0,0.0,0.0,0.0,-2.7,0.0,-0.3,0.0,0.0001,16.0,25903.0
2026-07-30T18:59:19.084Z,128.567,128.58,0.0,7.4,0.0,0.0,0.0,0.0,0.0,0.0,0.0,0.0,1.0,0.0,0.0,0.0,9.0,4.0,0.0,0.0,0.0,0.0,0.0,0.0,0.0,0.0,3.0,12.0,1.0,12.17,5.01,2.5,1.49,0.0,0.0,0.0,1.1,0.0,-0.2,0.0,-1.3,-169.70000000000002,0.0,0.0,169.70000000000002,0.0,21.200000000000003,30.9,30.9,31.6,300.0,300.0,30.8,34.800000000000004,30.5,29.9,31.5,4.96,1.99,4.97,0.16,0.0,0.0,1027.0,8228.0,0.0,0.0,0.0,0.0,0.0,1.0,0.0,0.0,0.0,0.0,0.0,-0.9,0.0,1.1,0.0,0.0003,16.0,25903.0
2026-07-30T18:59:19.096Z,128.579,128.592,0.0,7.4,0.0,0.0,0.0,0.0,0.0,0.0,0.0,0.0,1.0,0.0,0.0,0.0,9.0,4.0,0.0,0.0,0.0,0.0,0.0,0.0,0.0,0.0,4.0,12.0,1.0,12.17,5.01,2.5,1.49,0.0,0.0,0.0,1.0,0.0,0.3,1.2000000000000002,0.4,-169.70000000000002,0.0,0.0,169.70000000000002,0.0,21.200000000000003,30.9,30.9,31.6,300.0,300.0,30.8,34.800000000000004,30.5,29.9,31.5,4.95,1.99,4.97,0.16,0.0,0.0,1027.0,8228.0,0.0,0.0,0.0,0.0,0.0,1.0,0.0,0.0,0.0,0.0,0.0,1.7000000000000002,0.0,-0.1,0.0,0.0,16.0,25903.0
2026-07-30T18:59:19.108Z,128.591,128.604,0.0,7.4,0.0,0.0,0.0,0.0,0.0,0.0,0.0,0.0,1.0,0.0,0.0,0.0,9.0,4.0,0.0,0.0,0.0,0.0,0.0,0.0,0.0,0.0,6.0,12.0,1.0,12.17,5.01,2.5,1.49,0.0,0.0,0.0,1.1,0.0,0.3,-0.5,0.0,-169.70000000000002,0.0,0.0,169.70000000000002,0.0,21.200000000000003,30.9,30.9,31.6,300.0,300.0,30.8,34.800000000000004,30.5,29.9,31.5,4.96,1.99,4.96,0.16,0.0,0.0,1027.0,8228.0,0.0,0.0,0.0,0.0,0.0,1.0,0.0,0.0,0.0,0.0,0.0,-0.6000000000000001,0.0,0.0,0.0,0.0,16.0,25903.0
2026-07-30T18:59:19.120Z,128.603,128.616,0.0,7.4,0.0,0.0,0.0,0.0,0.0,0.0,0.0,0.0,1.0,0.0,0.0,0.0,9.0,4.0,0.0,0.0,0.0,0.0,0.0,0.0,0.0,0.0,1.0,12.0,1.0,12.17,5.01,2.5,1.49,0.0,0.0,0.0,1.1,0.0,0.3,-1.1,-0.6000000000000001,-169.70000000000002,0.0,0.0,169.70000000000002,0.0,21.200000000000003,30.9,30.9,31.6,300.0,300.0,30.8,34.800000000000004,30.5,29.9,31.5,4.95,2.0,4.96,0.16,0.0,0.0,1027.0,8228.0,0.0,0.0,0.0,0.0,0.0,1.0,0.0,0.0,0.0,0.0,0.0,-1.8,0.0,0.3,0.0,0.0001,16.0,25903.0
2026-07-30T18:59:19.132Z,128.615,128.628,0.0,7.4,0.0,0.0,0.0,0.0,0.0,0.0,0.0,0.0,1.0,0.0,0.0,0.0,9.0,4.0,0.0,0.0,0.0,0.0,0.0,0.0,0.0,0.0,2.0,12.0,1.0,12.1,5.01,2.51,1.49,0.0,0.0,0.0,1.1,0.0,-0.8,0.0,-0.1,-169.70000000000002,0.0,0.0,169.70000000000002,0.0,21.9,30.9,30.9,31.6,300.0,300.0,30.700000000000003,34.800000000000004,30.4,29.9,31.6,4.95,1.99,4.97,0.16,0.0,0.0,1027.0,8228.0,0.0,0.0,0.0,0.0,0.0,1.0,0.0,0.0,0.0,0.0,0.0,0.0,0.0,0.1,0.0,0.0,16.0,25903.0
2026-07-30T18:59:19.144Z,128.627,128.64,0.0,7.4,0.0,0.0,0.0,0.0,0.0,0.0,0.0,0.0,1.0,0.0,0.0,0.0,9.0,4.0,0.0,0.0,0.0,0.0,0.0,0.0,0.0,0.0,3.0,12.0,1.0,12.1,5.01,2.51,1.49,0.0,0.0,0.0,1.0,0.0,0.3,1.2000000000000002,-0.7000000000000001,-169.70000000000002,0.0,0.0,169.8,0.0,21.9,30.9,30.9,31.6,300.0,300.0,30.700000000000003,34.800000000000004,30.4,29.9,31.6,4.95,1.99,4.97,0.16,0.0,0.0,1027.0,8228.0,0.0,0.0,0.0,0.0,0.0,1.0,0.0,0.0,0.0,0.0,0.0,0.8,0.0,0.9,0.0,0.0,16.0,25903.0
2026-07-30T18:59:19.155Z,128.638,128.65200000000002,0.0,7.4,0.0,0.0,0.0,0.0,0.0,0.0,0.0,0.0,1.0,0.0,0.0,0.0,9.0,4.0,0.0,0.0,0.0,0.0,0.0,0.0,0.0,0.0,4.0,12.0,1.0,12.1,5.01,2.51,1.49,0.0,0.1,0.0,1.0,0.0,-0.8,-1.6,-1.3,-169.70000000000002,0.0,0.0,169.60000000000002,0.0,21.9,30.9,30.9,31.6,300.0,300.0,30.700000000000003,34.800000000000004,30.4,29.9,31.6,4.95,1.99,4.96,0.16,0.0,0.0,1027.0,8228.0,0.0,0.0,0.0,0.0,0.0,1.0,0.0,0.0,0.0,0.0,0.0,-2.8000000000000003,0.0,0.8,0.0,0.0001,16.0,25903.0
2026-07-30T18:59:19.167Z,128.65,128.66400000000002,0.0,7.4,0.0,0.0,0.0,0.0,0.0,0.0,0.0,0.0,1.0,0.0,0.0,0.0,9.0,4.0,0.0,0.0,0.0,0.0,0.0,0.0,0.0,0.0,5.0,12.0,1.0,12.1,5.01,2.51,1.49,0.0,0.0,0.0,1.0,0.0,0.3,-1.0,-0.1,-169.70000000000002,0.0,0.0,169.8,0.0,21.9,30.9,30.9,31.6,300.0,300.0,30.700000000000003,34.800000000000004,30.4,29.9,31.6,4.95,1.99,4.97,0.16,0.0,0.0,1027.0,8228.0,0.0,0.0,0.0,0.0,0.0,1.0,0.0,0.0,0.0,0.0,0.0,-1.3,0.0,0.0,0.0,0.0003,16.0,25903.0
2026-07-30T18:59:19.179Z,128.662,128.67600000000002,0.0,7.4,0.0,0.0,0.0,0.0,0.0,0.0,0.0,0.0,1.0,0.0,0.0,0.0,9.0,4.0,0.0,0.0,0.0,0.0,0.0,0.0,0.0,0.0,6.0,12.0,1.0,12.1,5.01,2.51,1.49,0.0,0.0,0.0,1.0,0.0,-0.7000000000000001,-0.5,-0.7000000000000001,-169.70000000000002,0.0,0.0,169.70000000000002,0.0,21.9,30.9,30.9,31.6,300.0,300.0,30.700000000000003,34.800000000000004,30.4,29.9,31.6,4.95,1.99,4.96,0.16,0.0,0.0,1027.0,8228.0,0.0,0.0,0.0,0.0,0.0,1.0,0.0,0.0,0.0,0.0,0.0,-1.1,0.0,0.5,0.0,0.0001,16.0,25903.0
2026-07-30T18:59:19.192Z,128.675,128.68800000000002,0.0,7.4,0.0,0.0,0.0,0.0,0.0,0.0,0.0,0.0,1.0,0.0,0.0,0.0,9.0,4.0,0.0,0.0,0.0,0.0,0.0,0.0,0.0,0.0,1.0,12.0,1.0,12.1,5.01,2.51,1.49,-0.1,0.0,0.0,1.1,0.0,-0.2,0.0,0.4,-169.70000000000002,0.0,0.0,169.60000000000002,0.0,21.9,30.9,30.9,31.6,300.0,300.0,30.700000000000003,34.800000000000004,30.4,29.9,31.6,4.95,2.0,4.96,0.16,0.0,0.0,1027.0,8228.0,0.0,0.0,0.0,0.0,0.0,1.0,0.0,0.0,0.0,0.0,0.0,0.4,0.0,-0.3,0.0,0.0002,16.0,25903.0
2026-07-30T18:59:19.203Z,128.686,128.7,0.0,7.4,0.0,0.0,0.0,0.0,0.0,0.0,0.0,0.0,1.0,0.0,0.0,0.0,9.0,4.0,0.0,0.0,0.0,0.0,0.0,0.0,0.0,0.0,3.0,12.0,1.0,12.1,5.01,2.51,1.49,0.0,0.0,0.0,1.0,0.0,-0.1,0.6000000000000001,-0.6000000000000001,-169.70000000000002,0.0,0.0,169.70000000000002,0.0,21.9,30.9,30.9,31.6,300.0,300.0,30.700000000000003,34.800000000000004,30.4,29.9,31.6,4.95,2.0,4.96,0.16,0.0,0.0,1027.0,8228.0,0.0,0.0,0.0,0.0,0.0,1.0,0.0,0.0,0.0,0.0,0.0,0.2,0.0,0.7000000000000001,0.0,0.0001,16.0,25903.0
2026-07-30T18:59:19.216Z,128.699,128.712,0.0,7.4,0.0,0.0,0.0,0.0,0.0,0.0,0.0,0.0,1.0,0.0,0.0,0.0,9.0,4.0,0.0,0.0,0.0,0.0,0.0,0.0,0.0,0.0,4.0,12.0,1.0,12.1,5.01,2.51,1.49,0.0,0.1,0.0,1.0,0.0,-0.7000000000000001,-1.1,-1.2000000000000002,-169.70000000000002,0.0,0.0,169.60000000000002,0.0,21.9,30.9,30.9,31.6,300.0,300.0,30.700000000000003,34.800000000000004,30.4,29.9,31.6,4.95,1.99,4.97,0.16,0.0,0.0,1027.0,8228.0,0.0,0.0,0.0,0.0,0.0,1.0,0.0,0.0,0.0,0.0,0.0,-2.2,0.0,0.8,0.0,0.0,16.0,25903.0
2026-07-30T18:59:19.229Z,128.712,128.724,0.0,7.4,0.0,0.0,0.0,0.0,0.0,0.0,0.0,0.0,1.0,0.0,0.0,0.0,9.0,4.0,0.0,0.0,0.0,0.0,0.0,0.0,0.0,0.0,6.0,12.0,1.0,12.18,5.01,2.51,1.49,0.0,0.1,0.0,1.1,0.0,0.9,0.6000000000000001,1.0,-169.70000000000002,0.0,0.0,169.8,0.0,21.200000000000003,30.9,30.9,31.6,300.0,300.0,30.8,34.9,30.4,29.9,31.6,4.95,1.99,4.96,0.16,0.0,0.0,1027.0,8228.0,0.0,0.0,0.0,0.0,0.0,1.0,0.0,0.0,0.0,0.0,0.0,1.5,0.0,-0.8,0.0,0.0001,16.0,25903.0
2026-07-30T18:59:19.240Z,128.723,128.736,0.0,7.4,0.0,0.0,0.0,0.0,0.0,0.0,0.0,0.0,1.0,0.0,0.0,0.0,9.0,4.0,0.0,0.0,0.0,0.0,0.0,0.0,0.0,0.0,1.0,12.0,1.0,12.18,5.01,2.51,1.49,0.0,0.0,0.0,1.1,0.0,0.3,0.0,0.5,-169.70000000000002,0.0,0.0,169.70000000000002,0.0,21.200000000000003,30.9,30.9,31.6,300.0,300.0,30.8,34.9,30.4,29.9,31.6,4.96,1.99,4.96,0.16,0.0,0.0,1027.0,8228.0,0.0,0.0,0.0,0.0,0.0,1.0,0.0,0.0,0.0,0.0,0.0,0.4,0.0,-0.4,0.0,0.0003,16.0,25903.0
2026-07-30T18:59:19.252Z,128.735,128.748,0.0,7.4,0.0,0.0,0.0,0.0,0.0,0.0,0.0,0.0,1.0,0.0,0.0,0.0,9.0,4.0,0.0,0.0,0.0,0.0,0.0,0.0,0.0,0.0,3.0,12.0,1.0,12.18,5.01,2.51,1.49,0.0,0.0,0.0,1.1,0.0,0.3,0.5,1.5,-169.70000000000002,0.0,0.0,169.70000000000002,0.0,21.200000000000003,30.9,30.9,31.6,300.0,300.0,30.8,34.9,30.4,29.9,31.6,4.95,1.99,4.97,0.16,0.0,0.0,1027.0,8228.0,0.0,0.0,0.0,0.0,0.0,1.0,0.0,0.0,0.0,0.0,0.0,1.8,0.0,-1.2000000000000002,0.0,0.0001,16.0,25903.0
2026-07-30T18:59:19.273Z,128.756,128.76,0.0,7.4,0.0,0.0,0.0,0.0,0.0,0.0,0.0,0.0,1.0,0.0,0.0,0.0,9.0,4.0,0.0,0.0,0.0,0.0,0.0,0.0,0.0,0.0,4.0,12.0,1.0,12.18,5.01,2.51,1.49,0.0,0.0,0.0,1.0,0.0,-0.2,-0.5,1.5,-169.70000000000002,0.0,0.0,169.70000000000002,0.0,21.200000000000003,30.9,30.9,31.6,300.0,300.0,30.8,34.9,30.4,29.9,31.6,4.96,2.0,4.96,0.16,0.0,0.0,1027.0,8228.0,0.0,0.0,0.0,0.0,0.0,1.0,0.0,0.0,0.0,0.0,0.0,0.5,0.0,-1.4,0.0,0.0001,16.0,25903.0
2026-07-30T18:59:19.277Z,128.76,128.772,0.0,7.4,0.0,0.0,0.0,0.0,0.0,0.0,0.0,0.0,1.0,0.0,0.0,0.0,9.0,4.0,0.0,0.0,0.0,0.0,0.0,0.0,0.0,0.0,3.0,12.0,1.0,12.18,5.01,2.51,1.49,0.0,0.0,0.0,1.0,0.0,-0.2,0.0,-0.2,-169.70000000000002,0.0,0.0,169.70000000000002,0.0,21.200000000000003,30.9,30.9,31.6,300.0,300.0,30.8,34.9,30.4,29.9,31.6,4.96,1.99,4.96,0.16,0.0,0.0,1027.0,8228.0,0.0,0.0,0.0,0.0,0.0,1.0,0.0,0.0,0.0,0.0,0.0,-0.1,0.0,0.1,0.0,0.0,16.0,25903.0
2026-07-30T18:59:19.288Z,128.771,128.784,0.0,7.4,0.0,0.0,0.0,0.0,0.0,0.0,0.0,0.0,1.0,0.0,0.0,0.0,9.0,4.0,0.0,0.0,0.0,0.0,0.0,0.0,0.0,0.0,2.0,12.0,1.0,12.18,5.01,2.51,1.49,0.0,0.1,0.0,1.1,0.0,0.3,0.5,1.4,-169.70000000000002,0.0,0.0,169.8,0.0,21.200000000000003,30.9,30.9,31.6,300.0,300.0,30.8,34.9,30.4,29.9,31.6,4.95,1.99,4.96,0.16,0.0,0.0,1027.0,8228.0,0.0,0.0,0.0,0.0,0.0,1.0,0.0,0.0,0.0,0.0,0.0,-0.6000000000000001,0.0,0.7000000000000001,0.0,0.0001,16.0,25903.0
2026-07-30T18:59:19.299Z,128.782,128.796,0.0,7.4,0.0,0.0,0.0,0.0,0.0,0.0,0.0,0.0,1.0,0.0,0.0,0.0,9.0,4.0,0.0,0.0,0.0,0.0,0.0,0.0,0.0,0.0,4.0,12.0,1.0,12.18,5.01,2.51,1.49,0.0,0.0,0.0,1.0,0.0,0.3,0.0,-0.8,-169.70000000000002,0.0,0.0,169.70000000000002,0.0,21.200000000000003,30.9,30.9,31.6,300.0,300.0,30.8,34.9,30.4,29.9,31.6,4.95,1.99,4.97,0.16,0.0,0.0,1027.0,8228.0,0.0,0.0,0.0,0.0,0.0,1.0,0.0,0.0,0.0,0.0,0.0,0.5,0.0,0.3,0.0,0.0002,16.0,25903.0
2026-07-30T18:59:19.312Z,128.795,128.808,0.0,7.4,0.0,0.0,0.0,0.0,0.0,0.0,0.0,0.0,1.0,0.0,0.0,0.0,9.0,4.0,0.0,0.0,0.0,0.0,0.0,0.0,0.0,0.0,5.0,12.0,1.0,12.18,5.01,2.51,1.49,0.0,0.0,0.0,1.0,0.0,-0.8,-0.5,-0.2,-169.70000000000002,0.0,0.0,169.8,0.0,21.200000000000003,30.9,30.9,31.6,300.0,300.0,30.8,34.9,30.4,29.9,31.6,4.96,1.99,4.96,0.16,0.0,0.0,1027.0,8228.0,0.0,0.0,0.0,0.0,0.0,1.0,0.0,0.0,0.0,0.0,0.0,-0.1,0.0,0.1,0.0,0.0,16.0,25903.0
2026-07-30T18:59:19.324Z,128.807,128.82,0.0,7.4,0.0,0.0,0.0,0.0,0.0,0.0,0.0,0.0,1.0,0.0,0.0,0.0,9.0,4.0,0.0,0.0,0.0,0.0,0.0,0.0,0.0,0.0,6.0,12.0,1.0,12.18,5.01,2.51,1.49,0.0,0.1,0.0,1.1,0.0,-0.3,-0.5,-0.2,-169.70000000000002,0.0,0.0,169.70000000000002,0.0,21.200000000000003,30.9,30.9,31.6,300.0,300.0,30.8,34.9,30.4,29.9,31.6,4.96,1.99,4.96,0.16,0.0,0.0,1027.0,8228.0,0.0,0.0,0.0,0.0,0.0,1.0,0.0,0.0,0.0,0.0,0.0,-0.8,0.0,0.1,0.0,0.0001,16.0,25903.0
2026-07-30T18:59:19.336Z,128.819,128.832,0.0,7.4,0.0,0.0,0.0,0.0,0.0,0.0,0.0,0.0,1.0,0.0,0.0,0.0,9.0,4.0,0.0,0.0,0.0,0.0,0.0,0.0,0.0,0.0,1.0,12.0,1.0,12.14,5.01,2.51,1.5,0.0,0.0,0.0,0.9,0.0,0.8,0.0,-0.3,-169.70000000000002,0.0,0.0,169.70000000000002,0.0,21.4,30.9,30.9,31.6,300.0,300.0,30.8,34.9,30.4,29.8,31.5,4.95,1.99,4.96,0.16,0.0,0.0,1027.0,8228.0,0.0,0.0,0.0,0.0,0.0,1.0,0.0,0.0,0.0,0.0,0.0,-0.2,0.0,0.2,0.0,0.0001,16.0,25903.0
2026-07-30T18:59:19.348Z,128.831,128.844,0.0,7.4,0.0,0.0,0.0,0.0,0.0,0.0,0.0,0.0,1.0,0.0,0.0,0.0,9.0,4.0,0.0,0.0,0.0,0.0,0.0,0.0,0.0,0.0,3.0,12.0,1.0,12.14,5.01,2.51,1.5,0.0,0.0,0.0,1.0,0.0,-0.2,0.6000000000000001,-1.4,-169.70000000000002,0.0,0.0,169.8,0.0,21.4,30.9,30.9,31.6,300.0,300.0,30.8,34.9,30.4,29.8,31.5,4.96,1.99,4.97,0.16,0.0,0.0,1027.0,8228.0,0.0,0.0,0.0,0.0,0.0,1.0,0.0,0.0,0.0,0.0,0.0,-0.4,0.0,1.4,0.0,0.0,16.0,25903.0
2026-07-30T18:59:19.360Z,128.843,128.856,0.0,7.4,0.0,0.0,0.0,0.0,0.0,0.0,0.0,0.0,1.0,0.0,0.0,0.0,9.0,4.0,0.0,0.0,0.0,0.0,0.0,0.0,0.0,0.0,4.0,12.0,1.0,12.14,5.01,2.51,1.5,0.0,0.0,0.0,1.0,0.0,-0.2,0.6000000000000001,-0.3,-169.70000000000002,0.0,0.0,169.8,0.0,21.4,30.9,30.9,31.6,300.0,300.0,30.8,34.9,30.4,29.8,31.5,4.96,2.0,4.96,0.16,0.0,0.0,1027.0,8228.0,0.0,0.0,0.0,0.0,0.0,1.0,0.0,0.0,0.0,0.0,0.0,0.4,0.0,0.4,0.0,0.0001,16.0,25903.0
2026-07-30T18:59:19.372Z,128.855,128.868,0.0,7.4,0.0,0.0,0.0,0.0,0.0,0.0,0.0,0.0,1.0,0.0,0.0,0.0,9.0,4.0,0.0,0.0,0.0,0.0,0.0,0.0,0.0,0.0,5.0,12.0,1.0,12.14,5.01,2.51,1.5,0.0,0.0,0.0,1.0,0.0,-0.2,1.2000000000000002,0.9,-169.70000000000002,0.0,0.0,169.8,0.0,21.4,30.9,30.9,31.6,300.0,300.0,30.8,34.9,30.4,29.8,31.5,4.96,1.99,4.97,0.16,0.0,0.0,1027.0,8228.0,0.0,0.0,0.0,0.0,0.0,1.0,0.0,0.0,0.0,0.0,0.0,2.0,0.0,-0.5,0.0,0.0001,16.0,25903.0
2026-07-30T18:59:19.384Z,128.867,128.88,0.0,7.4,0.0,0.0,0.0,0.0,0.0,0.0,0.0,0.0,1.0,0.0,0.0,0.0,9.0,4.0,0.0,0.0,0.0,0.0,0.0,0.0,0.0,0.0,6.0,12.0,1.0,12.14,5.01,2.51,1.5,0.0,0.0,0.0,1.0,0.0,-0.3,0.6000000000000001,0.8,-169.70000000000002,0.0,0.0,169.70000000000002,0.0,21.4,30.9,30.9,31.6,300.0,300.0,30.8,34.9,30.4,29.8,31.5,4.95,2.0,4.97,0.16,0.0,0.0,1027.0,8228.0,0.0,0.0,0.0,0.0,0.0,1.0,0.0,0.0,0.0,0.0,0.0,1.3,0.0,-0.6000000000000001,0.0,0.0,16.0,25903.0
2026-07-30T18:59:19.396Z,128.879,128.892,0.0,7.4,0.0,0.0,0.0,0.0,0.0,0.0,0.0,0.0,1.0,0.0,0.0,0.0,9.0,4.0,0.0,0.0,0.0,0.0,0.0,0.0,0.0,0.0,1.0,12.0,1.0,12.14,5.01,2.51,1.5,0.0,0.0,0.0,0.9,0.0,-0.3,0.5,-0.9,-169.70000000000002,0.0,0.0,169.8,0.0,21.4,30.9,30.9,31.6,300.0,300.0,30.8,34.9,30.4,29.8,31.5,4.95,2.0,4.96,0.16,0.0,0.0,1027.0,8228.0,0.0,0.0,0.0,0.0,0.0,1.0,0.0,0.0,0.0,0.0,0.0,0.0,0.0,0.9,0.0,0.0001,16.0,25903.0
2026-07-30T18:59:19.408Z,128.891,128.904,0.0,7.4,0.0,0.0,0.0,0.0,0.0,0.0,0.0,0.0,1.0,0.0,0.0,0.0,9.0,4.0,0.0,0.0,0.0,0.0,0.0,0.0,0.0,0.0,2.0,12.0,1.0,12.14,5.01,2.51,1.5,0.0,0.0,0.0,1.0,0.0,-0.8,-1.7000000000000002,-1.4,-169.70000000000002,0.0,0.0,169.70000000000002,0.0,21.4,30.9,30.9,31.6,300.0,300.0,30.8,34.9,30.4,29.8,31.5,4.95,1.99,4.97,0.16,0.0,0.0,1027.0,8228.0,0.0,0.0,0.0,0.0,0.0,1.0,0.0,0.0,0.0,0.0,0.0,-3.1,0.0,0.9,0.0,0.0,16.0,25903.0
2026-07-30T18:59:19.420Z,128.903,128.916,0.0,7.4,0.0,0.0,0.0,0.0,0.0,0.0,0.0,0.0,1.0,0.0,0.0,0.0,9.0,4.0,0.0,0.0,0.0,0.0,0.0,0.0,0.0,0.0,3.0,12.0,1.0,12.14,5.01,2.51,1.5,0.0,0.0,0.0,1.0,0.0,-0.8,0.0,1.4,-169.70000000000002,0.0,0.0,169.70000000000002,0.0,21.4,30.9,30.9,31.6,300.0,300.0,30.8,34.9,30.4,29.8,31.5,4.95,1.99,4.96,0.16,0.0,0.0,1027.0,8228.0,0.0,0.0,0.0,0.0,0.0,1.0,0.0,0.0,0.0,0.0,0.0,1.1,0.0,-1.2000000000000002,0.0,0.0001,16.0,25903.0
2026-07-30T18:59:19.433Z,128.916,128.928,0.0,7.4,0.0,0.0,0.0,0.0,0.0,0.0,0.0,0.0,1.0,0.0,0.0,0.0,9.0,4.0,0.0,0.0,0.0,0.0,0.0,0.0,0.0,0.0,4.0,12.0,1.0,12.17,5.01,2.5,1.49,0.0,0.1,0.0,1.0,0.0,-0.8,0.0,0.3,-169.70000000000002,0.0,0.0,169.70000000000002,0.0,21.8,30.9,30.9,31.6,300.0,300.0,30.8,34.800000000000004,30.4,29.9,31.5,4.96,2.0,4.96,0.16,0.0,0.0,1027.0,8228.0,0.0,0.0,0.0,0.0,0.0,1.0,0.0,0.0,0.0,0.0,0.0,0.3,0.0,-0.3,0.0,0.0,16.0,25903.0
2026-07-30T18:59:19.444Z,128.927,128.94,0.0,7.4,0.0,0.0,0.0,0.0,0.0,0.0,0.0,0.0,1.0,0.0,0.0,0.0,9.0,4.0,0.0,0.0,0.0,0.0,0.0,0.0,0.0,0.0,5.0,12.0,1.0,12.17,5.01,2.5,1.49,-0.1,0.0,0.0,1.0,0.0,1.4,2.3000000000000003,0.9,-169.70000000000002,0.0,0.0,169.8,0.0,21.8,30.9,30.9,31.6,300.0,300.0,30.8,34.800000000000004,30.4,29.9,31.5,4.96,2.0,4.97,0.16,0.0,0.0,1027.0,8228.0,0.0,0.0,0.0,0.0,0.0,1.0,0.0,0.0,0.0,0.0,0.0,3.3000000000000003,0.0,-0.3,0.0,0.0001,16.0,25903.0
2026-07-30T18:59:19.456Z,128.939,128.952,0.0,7.4,0.0,0.0,0.0,0.0,0.0,0.0,0.0,0.0,1.0,0.0,0.0,0.0,9.0,4.0,0.0,0.0,0.0,0.0,0.0,0.0,0.0,0.0,1.0,12.0,1.0,12.17,5.01,2.5,1.49,0.0,0.1,0.0,1.0,0.0,0.3,-0.5,0.9,-169.70000000000002,0.0,0.0,169.8,0.0,21.8,30.9,30.9,31.6,300.0,300.0,30.8,34.800000000000004,30.4,29.9,31.5,4.95,1.99,4.97,0.16,0.0,0.0,1027.0,8228.0,0.0,0.0,0.0,0.0,0.0,1.0,0.0,0.0,0.0,0.0,0.0,0.0,0.0,-0.9,0.0,0.0002,16.0,25903.0
2026-07-30T18:59:19.468Z,128.951,128.964,0.0,7.4,0.0,0.0,0.0,0.0,0.0,0.0,0.0,0.0,1.0,0.0,0.0,0.0,9.0,4.0,0.0,0.0,0.0,0.0,0.0,0.0,0.0,0.0,2.0,12.0,1.0,12.17,5.01,2.5,1.49,0.0,0.0,0.0,0.9,0.0,-0.2,0.0,-0.7000000000000001,-169.70000000000002,0.0,0.0,169.70000000000002,0.0,21.8,30.9,30.9,31.6,300.0,300.0,30.8,34.800000000000004,30.4,29.9,31.5,4.95,2.0,4.96,0.16,0.0,0.0,1027.0,8228.0,0.0,0.0,0.0,0.0,0.0,1.0,0.0,0.0,0.0,0.0,0.0,-0.4,0.0,0.6000000000000001,0.0,0.0001,16.0,25903.0
2026-07-30T18:59:19.479Z,128.962,128.976,0.0,7.4,0.0,0.0,0.0,0.0,0.0,0.0,0.0,0.0,1.0,0.0,0.0,0.0,9.0,4.0,0.0,0.0,0.0,0.0,0.0,0.0,0.0,0.0,3.0,12.0,1.0,12.17,5.01,2.5,1.49,0.0,0.0,0.0,1.0,0.0,-0.8,1.2000000000000002,-1.3,-169.70000000000002,0.0,0.0,169.70000000000002,0.0,21.8,30.9,30.9,31.6,300.0,300.0,30.8,34.800000000000004,30.4,29.9,31.5,4.96,1.99,4.96,0.16,0.0,0.0,1027.0,8228.0,0.0,0.0,0.0,0.0,0.0,1.0,0.0,0.0,0.0,0.0,0.0,0.3,0.0,1.4,0.0,0.0002,16.0,25903.0
2026-07-30T18:59:19.492Z,128.975,128.988,0.0,7.4,0.0,0.0,0.0,0.0,0.0,0.0,0.0,0.0,1.0,0.0,0.0,0.0,9.0,4.0,0.0,0.0,0.0,0.0,0.0,0.0,0.0,0.0,4.0,12.0,1.0,12.17,5.01,2.5,1.49,0.0,0.0,0.0,0.9,0.0,-0.2,0.1,0.3,-169.70000000000002,0.0,0.0,169.8,0.0,21.8,30.9,30.9,31.6,300.0,300.0,30.8,34.800000000000004,30.4,29.9,31.5,4.95,1.99,4.97,0.16,0.0,0.0,1027.0,8228.0,0.0,0.0,0.0,0.0,0.0,1.0,0.0,0.0,0.0,0.0,0.0,0.4,0.0,-0.3,0.0,0.0001,16.0,25903.0
2026-07-30T18:59:19.504Z,128.987,129.0,0.0,7.4,0.0,0.0,0.0,0.0,0.0,0.0,0.0,0.0,1.0,0.0,0.0,0.0,9.0,4.0,0.0,0.0,0.0,0.0,0.0,0.0,0.0,0.0,5.0,12.0,1.0,12.17,5.01,2.5,1.49,0.0,0.0,0.0,0.9,0.0,0.9,-0.4,1.5,-169.70000000000002,0.0,0.0,169.70000000000002,0.0,21.8,30.9,30.9,31.6,300.0,300.0,30.8,34.800000000000004,30.4,29.9,31.5,4.96,1.99,4.97,0.16,0.0,0.0,1027.0,8228.0,0.0,0.0,0.0,0.0,0.0,1.0,0.0,0.0,0.0,0.0,0.0,0.6000000000000001,0.0,-1.4,0.0,0.0001,16.0,25903.0
2026-07-30T18:59:19.516Z,128.999,129.012,0.0,7.4,0.0,0.0,0.0,0.0,0.0,0.0,0.0,0.0,1.0,0.0,0.0,0.0,9.0,4.0,0.0,0.0,0.0,0.0,0.0,0.0,0.0,0.0,6.0,12.0,1.0,12.17,5.01,2.5,1.49,0.0,0.0,0.0,0.9,0.0,-0.2,0.7000000000000001,-0.2,-169.70000000000002,0.0,0.0,169.60000000000002,0.0,21.8,30.9,30.9,31.6,300.0,300.0,30.8,34.800000000000004,30.4,29.9,31.5,4.96,2.0,4.96,0.16,0.0,0.0,1027.0,8228.0,0.0,0.0,0.0,0.0,0.0,1.0,0.0,0.0,0.0,0.0,0.0,0.6000000000000001,0.0,0.3,0.0,0.0001,16.0,25903.0
2026-07-30T18:59:19.528Z,129.011,129.024,0.0,7.4,0.0,0.0,0.0,0.0,0.0,0.0,0.0,0.0,1.0,0.0,0.0,0.0,9.0,4.0,0.0,0.0,0.0,0.0,0.0,0.0,0.0,0.0,1.0,12.0,1.0,12.17,5.01,2.5,1.49,0.0,0.0,0.0,1.0,0.0,-0.2,0.1,-1.4,-169.70000000000002,0.0,0.0,169.70000000000002,0.0,21.8,30.9,30.9,31.6,300.0,300.0,30.8,34.800000000000004,30.4,29.9,31.5,4.96,1.99,4.96,0.16,0.0,0.0,1027.0,8228.0,0.0,0.0,0.0,0.0,0.0,1.0,0.0,0.0,0.0,0.0,0.0,-0.8,0.0,1.2000000000000002,0.0,0.0001,16.0,25903.0
2026-07-30T18:59:19.539Z,129.022,129.036,0.0,7.4,0.0,0.0,0.0,0.0,0.0,0.0,0.0,0.0,1.0,0.0,0.0,0.0,9.0,4.0,0.0,0.0,0.0,0.0,0.0,0.0,0.0,0.0,2.0,12.0,1.0,12.17,5.0200000000000005,2.51,1.49,0.0,0.0,0.0,1.0,0.0,-0.2,0.7000000000000001,0.3,-169.70000000000002,0.0,0.0,169.70000000000002,0.0,21.3,30.9,30.9,31.6,300.0,300.0,30.700000000000003,34.800000000000004,30.4,29.9,31.5,4.95,1.99,4.97,0.16,0.0,0.0,1027.0,8228.0,0.0,0.0,0.0,0.0,0.0,1.0,0.0,0.0,0.0,0.0,0.0,1.1,0.0,-0.1,0.0,0.0001,16.0,25903.0
2026-07-30T18:59:19.552Z,129.035,129.048,0.0,7.4,0.0,0.0,0.0,0.0,0.0,0.0,0.0,0.0,1.0,0.0,0.0,0.0,9.0,4.0,0.0,0.0,0.0,0.0,0.0,0.0,0.0,0.0,3.0,12.0,1.0,12.17,5.0200000000000005,2.51,1.49,0.0,0.0,0.0,0.9,0.0,-0.2,-0.4,-0.1,-169.70000000000002,0.0,0.0,169.8,0.0,21.3,30.9,30.9,31.6,300.0,300.0,30.700000000000003,34.800000000000004,30.4,29.9,31.5,4.96,2.0,4.96,0.16,0.0,0.0,1027.0,8228.0,0.0,0.0,0.0,0.0,0.0,1.0,0.0,0.0,0.0,0.0,0.0,-0.6000000000000001,0.0,0.0,0.0,0.0001,16.0,25903.0
2026-07-30T18:59:19.564Z,129.047,129.06,0.0,7.4,0.0,0.0,0.0,0.0,0.0,0.0,0.0,0.0,1.0,0.0,0.0,0.0,9.0,4.0,0.0,0.0,0.0,0.0,0.0,0.0,0.0,0.0,4.0,12.0,1.0,12.17,5.0200000000000005,2.51,1.49,0.0,0.1,0.0,0.9,0.0,0.3,0.1,-1.3,-169.70000000000002,0.0,0.0,169.70000000000002,0.0,21.3,30.9,30.9,31.6,300.0,300.0,30.700000000000003,34.800000000000004,30.4,29.9,31.5,4.96,1.99,4.97,0.15,0.0,0.0,1027.0,8228.0,0.0,0.0,0.0,0.0,0.0,1.0,0.0,0.0,0.0,0.0,0.0,-0.8,0.0,1.2000000000000002,0.0,0.0001,16.0,25903.0
2026-07-30T18:59:19.576Z,129.059,129.072,0.0,7.4,0.0,0.0,0.0,0.0,0.0,0.0,0.0,0.0,1.0,0.0,0.0,0.0,9.0,4.0,0.0,0.0,0.0,0.0,0.0,0.0,0.0,0.0,6.0,12.0,1.0,12.17,5.0200000000000005,2.51,1.49,0.0,0.0,0.0,0.9,0.0,-0.2,0.7000000000000001,-1.9,-169.70000000000002,0.0,0.0,169.8,0.0,21.3,30.9,30.9,31.6,300.0,300.0,30.700000000000003,34.800000000000004,30.4,29.9,31.5,4.95,1.99,4.97,0.16,0.0,0.0,1027.0,8228.0,0.0,0.0,0.0,0.0,0.0,1.0,0.0,0.0,0.0,0.0,0.0,-0.6000000000000001,0.0,1.8,0.0,0.0001,16.0,25903.0
2026-07-30T18:59:19.594Z,129.077,129.084,0.0,7.4,0.0,0.0,0.0,0.0,0.0,0.0,0.0,0.0,1.0,0.0,0.0,0.0,9.0,4.0,0.0,0.0,0.0,0.0,0.0,0.0,0.0,0.0,5.0,12.0,1.0,12.17,5.0200000000000005,2.51,1.49,0.0,0.0,0.0,0.9,0.0,-0.8,-1.6,-0.7000000000000001,-169.70000000000002,0.0,0.0,169.60000000000002,0.0,21.3,30.9,30.9,31.6,300.0,300.0,30.700000000000003,34.800000000000004,30.4,29.9,31.5,4.95,1.99,4.96,0.16,0.0,0.0,1027.0,8228.0,0.0,0.0,0.0,0.0,0.0,1.0,0.0,0.0,0.0,0.0,0.0,-2.4000000000000004,0.0,0.3,0.0,0.0001,16.0,25903.0
2026-07-30T18:59:19.600Z,129.083,129.096,0.0,7.4,0.0,0.0,0.0,0.0,0.0,0.0,0.0,0.0,1.0,0.0,0.0,0.0,9.0,4.0,0.0,0.0,0.0,0.0,0.0,0.0,0.0,0.0,2.0,12.0,1.0,12.17,5.0200000000000005,2.51,1.49,0.0,0.0,0.0,0.9,0.0,-0.2,0.1,-0.1,-169.70000000000002,0.0,0.0,169.70000000000002,0.0,21.3,30.9,30.9,31.6,300.0,300.0,30.700000000000003,34.800000000000004,30.4,29.9,31.5,4.95,1.99,4.96,0.16,0.0,0.0,1027.0,8228.0,0.0,0.0,0.0,0.0,0.0,1.0,0.0,0.0,0.0,0.0,0.0,0.0,0.0,0.1,0.0,0.0002,16.0,25903.0
2026-07-30T18:59:19.612Z,129.095,129.108,0.0,7.4,0.0,0.0,0.0,0.0,0.0,0.0,0.0,0.0,1.0,0.0,0.0,0.0,9.0,4.0,0.0,0.0,0.0,0.0,0.0,0.0,0.0,0.0,3.0,12.0,1.0,12.17,5.0200000000000005,2.51,1.49,0.0,0.0,0.0,0.9,0.0,-0.2,1.2000000000000002,1.6,-169.70000000000002,0.0,0.0,169.8,0.0,21.3,30.9,30.9,31.6,300.0,300.0,30.700000000000003,34.800000000000004,30.4,29.9,31.5,4.95,1.99,4.97,0.16,0.0,0.0,1027.0,8228.0,0.0,0.0,0.0,0.0,0.0,1.0,0.0,0.0,0.0,0.0,0.0,2.6,0.0,-1.1,0.0,0.0,16.0,25903.0
2026-07-30T18:59:19.624Z,129.107,129.12,0.0,7.4,0.0,0.0,0.0,0.0,0.0,0.0,0.0,0.0,1.0,0.0,0.0,0.0,9.0,4.0,0.0,0.0,0.0,0.0,0.0,0.0,0.0,0.0,5.0,12.0,1.0,12.17,5.0200000000000005,2.51,1.49,0.0,0.0,0.0,0.8,0.0,0.3,0.0,1.0,-169.70000000000002,0.0,0.0,169.8,0.0,21.3,30.9,30.9,31.6,300.0,300.0,30.700000000000003,34.800000000000004,30.4,29.9,31.5,4.95,1.99,4.97,0.16,0.0,0.0,1027.0,8228.0,0.0,0.0,0.0,0.0,0.0,1.0,0.0,0.0,0.0,0.0,0.0,0.8,0.0,-0.8,0.0,0.0002,16.0,25903.0
2026-07-30T18:59:19.636Z,129.119,129.132,0.0,7.4,0.0,0.0,0.0,0.0,0.0,0.0,0.0,0.0,1.0,0.0,0.0,0.0,9.0,4.0,0.0,0.0,0.0,0.0,0.0,0.0,0.0,0.0,6.0,12.0,1.0,12.18,5.0200000000000005,2.51,1.49,0.0,0.0,0.0,0.9,0.0,-0.1,0.0,-1.3,-169.70000000000002,0.0,0.0,169.8,0.0,21.700000000000003,30.9,30.9,31.6,300.0,300.0,30.6,34.800000000000004,30.4,29.8,31.6,4.96,1.99,4.96,0.15,0.0,0.0,1027.0,8228.0,0.0,0.0,0.0,0.0,0.0,1.0,0.0,0.0,0.0,0.0,0.0,-0.9,0.0,1.2000000000000002,0.0,0.0001,16.0,25903.0
2026-07-30T18:59:19.648Z,129.131,129.144,0.0,7.4,0.0,0.0,0.0,0.0,0.0,0.0,0.0,0.0,1.0,0.0,0.0,0.0,9.0,4.0,0.0,0.0,0.0,0.0,0.0,0.0,0.0,0.0,2.0,12.0,1.0,12.18,5.0200000000000005,2.51,1.49,0.0,0.1,0.0,0.9,0.0,-0.2,-1.1,-0.1,-169.70000000000002,0.0,0.0,169.70000000000002,0.0,21.700000000000003,30.9,30.9,31.6,300.0,300.0,30.6,34.800000000000004,30.4,29.8,31.6,4.95,1.99,4.97,0.15,0.0,0.0,1027.0,8228.0,0.0,0.0,0.0,0.0,0.0,1.0,0.0,0.0,0.0,0.0,0.0,-1.3,0.0,0.0,0.0,0.0,16.0,25903.0
2026-07-30T18:59:19.660Z,129.143,129.156,0.0,7.4,0.0,0.0,0.0,0.0,0.0,0.0,0.0,0.0,1.0,0.0,0.0,0.0,9.0,4.0,0.0,0.0,0.0,0.0,0.0,0.0,0.0,0.0,3.0,12.0,1.0,12.18,5.0200000000000005,2.51,1.49,0.0,0.0,0.0,0.9,0.0,-0.2,0.0,-0.2,-169.70000000000002,0.0,0.0,169.8,0.0,21.700000000000003,30.9,30.9,31.6,300.0,300.0,30.6,34.800000000000004,30.4,29.8,31.6,4.95,1.99,4.96,0.16,0.0,0.0,1027.0,8228.0,0.0,0.0,0.0,0.0,0.0,1.0,0.0,0.0,0.0,0.0,0.0,-0.1,0.0,0.1,0.0,0.0001,16.0,25903.0
2026-07-30T18:59:19.672Z,129.155,129.168,0.0,7.4,0.0,0.0,0.0,0.0,0.0,0.0,0.0,0.0,1.0,0.0,0.0,0.0,9.0,4.0,0.0,0.0,0.0,0.0,0.0,0.0,0.0,0.0,5.0,12.0,1.0,12.18,5.0200000000000005,2.51,1.49,0.0,0.0,0.0,0.9,0.0,-0.2,1.2000000000000002,-0.7000000000000001,-169.70000000000002,0.0,0.0,169.70000000000002,0.0,21.700000000000003,30.9,30.9,31.6,300.0,300.0,30.6,34.800000000000004,30.4,29.8,31.6,4.96,1.99,4.96,0.16,0.0,0.0,1027.0,8228.0,0.0,0.0,0.0,0.0,0.0,1.0,0.0,0.0,0.0,0.0,0.0,0.8,0.0,0.9,0.0,0.0,16.0,25903.0
2026-07-30T18:59:19.684Z,129.167,129.18,0.0,7.4,0.0,0.0,0.0,0.0,0.0,0.0,0.0,0.0,1.0,0.0,0.0,0.0,9.0,4.0,0.0,0.0,0.0,0.0,0.0,0.0,0.0,0.0,6.0,12.0,1.0,12.18,5.0200000000000005,2.51,1.49,0.0,0.0,0.0,0.9,0.0,0.4,0.6000000000000001,1.5,-169.70000000000002,0.0,0.0,169.8,0.0,21.700000000000003,30.9,30.9,31.6,300.0,300.0,30.6,34.800000000000004,30.4,29.8,31.6,4.96,1.99,4.96,0.16,0.0,0.0,1027.0,8228.0,0.0,0.0,0.0,0.0,0.0,1.0,0.0,0.0,0.0,0.0,0.0,1.9,0.0,-1.2000000000000002,0.0,0.0001,16.0,25903.0
2026-07-30T18:59:19.696Z,129.179,129.192,0.0,7.4,0.0,0.0,0.0,0.0,0.0,0.0,0.0,0.0,1.0,0.0,0.0,0.0,9.0,4.0,0.0,0.0,0.0,0.0,0.0,0.0,0.0,0.0,1.0,12.0,1.0,12.18,5.0200000000000005,2.51,1.49,0.0,0.0,0.0,0.9,0.0,-0.7000000000000001,-1.0,-1.4,-169.70000000000002,0.0,0.0,169.8,0.0,21.700000000000003,30.9,30.9,31.6,300.0,300.0,30.6,34.800000000000004,30.4,29.8,31.6,4.96,1.99,4.97,0.16,0.0,0.0,1027.0,8228.0,0.0,0.0,0.0,0.0,0.0,1.0,0.0,0.0,0.0,0.0,0.0,-2.2,0.0,1.0,0.0,0.0,16.0,25903.0
2026-07-30T18:59:19.708Z,129.191,129.204,0.0,7.4,0.0,0.0,0.0,0.0,0.0,0.0,0.0,0.0,1.0,0.0,0.0,0.0,9.0,4.0,0.0,0.0,0.0,0.0,0.0,0.0,0.0,0.0,3.0,12.0,1.0,12.18,5.0200000000000005,2.51,1.49,0.0,0.1,0.0,0.9,0.0,-0.1,0.0,0.3,-169.70000000000002,0.0,0.0,169.70000000000002,0.0,21.700000000000003,30.9,30.9,31.6,300.0,300.0,30.6,34.800000000000004,30.4,29.8,31.6,4.96,1.99,4.96,0.16,0.0,0.0,1027.0,8228.0,0.0,0.0,0.0,0.0,0.0,1.0,0.0,0.0,0.0,0.0,0.0,0.3,0.0,-0.3,0.0,0.0002,16.0,25903.0
2026-07-30T18:59:19.720Z,129.203,129.216,0.0,7.4,0.0,0.0,0.0,0.0,0.0,0.0,0.0,0.0,1.0,0.0,0.0,0.0,9.0,4.0,0.0,0.0,0.0,0.0,0.0,0.0,0.0,0.0,4.0,12.0,1.0,12.18,5.0200000000000005,2.51,1.49,0.0,0.0,0.0,0.9,0.0,-0.1,0.0,0.9,-169.70000000000002,0.0,0.0,169.8,0.0,21.700000000000003,30.9,30.9,31.6,300.0,300.0,30.6,34.800000000000004,30.4,29.8,31.6,4.96,1.99,4.96,0.16,0.0,0.0,1027.0,8228.0,0.0,0.0,0.0,0.0,0.0,1.0,0.0,0.0,0.0,0.0,0.0,0.7000000000000001,0.0,-0.8,0.0,0.0001,16.0,25903.0
2026-07-30T18:59:19.732Z,129.215,129.228,0.0,7.4,0.0,0.0,0.0,0.0,0.0,0.0,0.0,0.0,1.0,0.0,0.0,0.0,9.0,4.0,0.0,0.0,0.0,0.0,0.0,0.0,0.0,0.0,6.0,12.0,1.0,12.18,5.0200000000000005,2.51,1.49,0.0,0.1,0.0,0.9,0.0,0.3,1.2000000000000002,-0.7000000000000001,-169.70000000000002,0.0,0.0,169.8,0.0,21.700000000000003,30.9,30.9,31.6,300.0,300.0,30.6,34.800000000000004,30.4,29.8,31.6,4.95,1.99,4.97,0.16,0.0,0.0,1027.0,8228.0,0.0,0.0,0.0,0.0,0.0,1.0,0.0,0.0,0.0,0.0,0.0,0.7000000000000001,0.0,0.9,0.0,0.0,16.0,25903.0
2026-07-30T18:59:19.744Z,129.227,129.24,0.0,7.4,0.0,0.0,0.0,0.0,0.0,0.0,0.0,0.0,1.0,0.0,0.0,0.0,9.0,4.0,0.0,0.0,0.0,0.0,0.0,0.0,0.0,0.0,1.0,12.0,1.0,12.15,5.01,2.5,1.5,0.0,0.0,0.0,0.9,0.0,0.3,-0.5,1.4,-169.70000000000002,0.0,0.0,169.70000000000002,0.0,21.4,30.9,30.9,31.6,300.0,300.0,30.700000000000003,34.800000000000004,30.4,29.9,31.5,4.95,1.99,4.96,0.16,0.0,0.0,1027.0,8228.0,0.0,0.0,0.0,0.0,0.0,1.0,0.0,0.0,0.0,0.0,0.0,0.4,0.0,-1.4,0.0,0.0001,16.0,25903.0
2026-07-30T18:59:19.756Z,129.239,129.252,0.0,7.4,0.0,0.0,0.0,0.0,0.0,0.0,0.0,0.0,1.0,0.0,0.0,0.0,9.0,4.0,0.0,0.0,0.0,0.0,0.0,0.0,0.0,0.0,3.0,12.0,1.0,12.15,5.01,2.5,1.5,0.0,0.0,0.0,0.9,0.0,0.3,1.1,-0.8,-169.70000000000002,0.0,0.0,169.8,0.0,21.4,30.9,30.9,31.6,300.0,300.0,30.700000000000003,34.800000000000004,30.4,29.9,31.5,4.95,1.99,4.96,0.16,0.0,0.0,1027.0,8228.0,0.0,0.0,0.0,0.0,0.0,1.0,0.0,0.0,0.0,0.0,0.0,0.6000000000000001,0.0,1.0,0.0,0.0002,16.0,25903.0
2026-07-30T18:59:19.768Z,129.251,129.264,0.0,7.4,0.0,0.0,0.0,0.0,0.0,0.0,0.0,0.0,1.0,0.0,0.0,0.0,9.0,4.0,0.0,0.0,0.0,0.0,0.0,0.0,0.0,0.0,4.0,12.0,1.0,12.15,5.01,2.5,1.5,0.0,0.0,0.0,0.9,0.0,-0.2,0.5,-0.2,-169.70000000000002,0.0,0.0,169.8,0.0,21.4,30.9,30.9,31.6,300.0,300.0,30.700000000000003,34.800000000000004,30.4,29.9,31.5,4.95,1.99,4.96,0.16,0.0,0.0,1027.0,8228.0,0.0,0.0,0.0,0.0,0.0,1.0,0.0,0.0,0.0,0.0,0.0,0.4,0.0,0.3,0.0,0.0001,16.0,25903.0
2026-07-30T18:59:19.780Z,129.263,129.276,0.0,7.4,0.0,0.0,0.0,0.0,0.0,0.0,0.0,0.0,1.0,0.0,0.0,0.0,9.0,4.0,0.0,0.0,0.0,0.0,0.0,0.0,0.0,0.0,6.0,12.0,1.0,12.15,5.01,2.5,1.5,0.0,0.0,0.0,0.9,0.0,-1.4,-1.1,-1.4,-169.70000000000002,0.0,0.0,169.70000000000002,0.0,21.4,30.9,30.9,31.6,300.0,300.0,30.700000000000003,34.800000000000004,30.4,29.9,31.5,4.95,1.99,4.97,0.16,0.0,0.0,1027.0,8228.0,0.0,0.0,0.0,0.0,0.0,1.0,0.0,0.0,0.0,0.0,0.0,-2.4000000000000004,0.0,1.0,0.0,0.0,16.0,25903.0
2026-07-30T18:59:19.792Z,129.275,129.288,0.0,7.4,0.0,0.0,0.0,0.0,0.0,0.0,0.0,0.0,1.0,0.0,0.0,0.0,9.0,4.0,0.0,0.0,0.0,0.0,0.0,0.0,0.0,0.0,1.0,12.0,1.0,12.15,5.01,2.5,1.5,0.0,0.0,0.0,0.8,0.0,0.3,-0.5,0.3,-169.70000000000002,0.0,0.0,169.70000000000002,0.0,21.4,30.9,30.9,31.6,300.0,300.0,30.700000000000003,34.800000000000004,30.4,29.9,31.5,4.96,1.99,4.96,0.16,0.0,0.0,1027.0,8228.0,0.0,0.0,0.0,0.0,0.0,1.0,0.0,0.0,0.0,0.0,0.0,-0.4,0.0,-0.4,0.0,0.0001,16.0,25903.0
2026-07-30T18:59:19.804Z,129.287,129.3,0.0,7.4,0.0,0.0,0.0,0.0,0.0,0.0,0.0,0.0,1.0,0.0,0.0,0.0,9.0,4.0,0.0,0.0,0.0,0.0,0.0,0.0,0.0,0.0,3.0,12.0,1.0,12.15,5.01,2.5,1.5,0.0,0.0,0.0,0.9,0.0,-0.2,0.5,1.4,-169.70000000000002,0.0,0.0,169.70000000000002,0.0,21.4,30.9,30.9,31.6,300.0,300.0,30.700000000000003,34.800000000000004,30.4,29.9,31.5,4.96,2.0,4.97,0.16,0.0,0.0,1027.0,8228.0,0.0,0.0,0.0,0.0,0.0,1.0,0.0,0.0,0.0,0.0,0.0,-0.2,0.0,0.2,0.0,0.0002,16.0,25903.0
2026-07-30T18:59:19.816Z,129.299,129.312,0.0,7.4,0.0,0.0,0.0,0.0,0.0,0.0,0.0,0.0,1.0,0.0,0.0,0.0,9.0,4.0,0.0,0.0,0.0,0.0,0.0,0.0,0.0,0.0,4.0,12.0,1.0,12.15,5.01,2.5,1.5,0.0,0.1,0.0,0.8,0.0,-0.2,0.5,-0.8,-169.70000000000002,0.0,0.0,169.70000000000002,0.0,21.4,30.9,30.9,31.6,300.0,300.0,30.700000000000003,34.800000000000004,30.4,29.9,31.5,4.96,1.99,4.97,0.16,0.0,0.0,1027.0,8228.0,0.0,0.0,0.0,0.0,0.0,1.0,0.0,0.0,0.0,0.0,0.0,1.7000000000000002,0.0,-1.1,0.0,0.0,16.0,25903.0
2026-07-30T18:59:19.828Z,129.311,129.324,0.0,7.4,0.0,0.0,0.0,0.0,0.0,0.0,0.0,0.0,1.0,0.0,0.0,0.0,9.0,4.0,0.0,0.0,0.0,0.0,0.0,0.0,0.0,0.0,5.0,12.0,1.0,12.15,5.01,2.5,1.5,0.0,0.0,0.0,0.8,0.0,0.3,-0.6000000000000001,-0.3,-169.70000000000002,0.0,0.0,169.70000000000002,0.0,21.4,30.9,30.9,31.6,300.0,300.0,30.700000000000003,34.800000000000004,30.4,29.9,31.5,4.96,1.99,4.96,0.16,0.0,0.0,1027.0,8228.0,0.0,0.0,0.0,0.0,0.0,1.0,0.0,0.0,0.0,0.0,0.0,-0.9,0.0,0.1,0.0,0.0001,16.0,25903.0
2026-07-30T18:59:19.841Z,129.324,129.336,0.0,7.4,0.0,0.0,0.0,0.0,0.0,0.0,0.0,0.0,1.0,0.0,0.0,0.0,9.0,4.0,0.0,0.0,0.0,0.0,0.0,0.0,0.0,0.0,1.0,12.0,1.0,12.15,5.0200000000000005,2.51,1.49,0.0,0.0,0.0,0.8,0.0,0.9,0.5,-0.3,-169.70000000000002,0.0,0.0,169.8,0.0,21.700000000000003,30.9,30.9,31.6,300.0,300.0,30.8,34.800000000000004,30.4,29.9,31.6,4.96,1.99,4.97,0.16,0.0,0.0,1027.0,8228.0,0.0,0.0,0.0,0.0,0.0,1.0,0.0,0.0,0.0,0.0,0.0,0.3,0.0,0.4,0.0,0.0,16.0,25903.0
2026-07-30T18:59:19.852Z,129.335,129.348,0.0,7.4,0.0,0.0,0.0,0.0,0.0,0.0,0.0,0.0,1.0,0.0,0.0,0.0,9.0,4.0,0.0,0.0,0.0,0.0,0.0,0.0,0.0,0.0,2.0,12.0,1.0,12.15,5.0200000000000005,2.51,1.49,0.0,0.0,0.0,0.8,0.0,0.3,0.0,-0.3,-169.70000000000002,0.0,0.0,169.70000000000002,0.0,21.700000000000003,30.9,30.9,31.6,300.0,300.0,30.8,34.800000000000004,30.4,29.9,31.6,4.96,1.99,4.97,0.16,0.0,0.0,1027.0,8228.0,0.0,0.0,0.0,0.0,0.0,1.0,0.0,0.0,0.0,0.0,0.0,-0.3,0.0,0.3,0.0,0.0001,16.0,25903.0
2026-07-30T18:59:19.864Z,129.347,129.36,0.0,7.4,0.0,0.0,0.0,0.0,0.0,0.0,0.0,0.0,1.0,0.0,0.0,0.0,9.0,4.0,0.0,0.0,0.0,0.0,0.0,0.0,0.0,0.0,3.0,12.0,1.0,12.15,5.0200000000000005,2.51,1.49,0.0,0.0,0.0,0.8,0.0,-0.2,1.1,0.2,-169.70000000000002,0.0,0.0,169.60000000000002,0.0,21.700000000000003,30.9,30.9,31.6,300.0,300.0,30.8,34.800000000000004,30.4,29.9,31.6,4.95,1.99,4.97,0.16,0.0,0.0,1027.0,8228.0,0.0,0.0,0.0,0.0,0.0,1.0,0.0,0.0,0.0,0.0,0.0,1.4,0.0,0.0,0.0,0.0001,16.0,25903.0
2026-07-30T18:59:19.876Z,129.359,129.372,0.0,7.4,0.0,0.0,0.0,0.0,0.0,0.0,0.0,0.0,1.0,0.0,0.0,0.0,9.0,4.0,0.0,0.0,0.0,0.0,0.0,0.0,0.0,0.0,4.0,12.0,1.0,12.15,5.0200000000000005,2.51,1.49,0.0,0.0,0.0,0.8,0.0,-0.2,0.0,0.1,-169.70000000000002,0.0,0.0,169.70000000000002,0.0,21.700000000000003,30.9,30.9,31.6,300.0,300.0,30.8,34.800000000000004,30.4,29.9,31.6,4.96,1.99,4.96,0.16,0.0,0.0,1027.0,8228.0,0.0,0.0,0.0,0.0,0.0,1.0,0.0,0.0,0.0,0.0,0.0,0.1,0.0,-0.1,0.0,0.0001,16.0,25903.0
2026-07-30T18:59:19.888Z,129.371,129.384,0.0,7.4,0.0,0.0,0.0,0.0,0.0,0.0,0.0,0.0,1.0,0.0,0.0,0.0,9.0,4.0,0.0,0.0,0.0,0.0,0.0,0.0,0.0,0.0,5.0,12.0,1.0,12.15,5.0200000000000005,2.51,1.49,0.0,0.0,0.0,0.8,0.0,-0.8,-1.7000000000000002,-1.5,-169.70000000000002,0.0,0.0,169.70000000000002,0.0,21.700000000000003,30.9,30.9,31.6,300.0,300.0,30.8,34.800000000000004,30.4,29.9,31.6,4.95,1.99,4.97,0.16,0.0,0.0,1027.0,8228.0,0.0,0.0,0.0,0.0,0.0,1.0,0.0,0.0,0.0,0.0,0.0,-3.1,0.0,1.0,0.0,0.0001,16.0,25903.0
2026-07-30T18:59:19.911Z,129.394,129.39600000000002,0.0,7.4,0.0,0.0,0.0,0.0,0.0,0.0,0.0,0.0,1.0,0.0,0.0,0.0,9.0,4.0,0.0,0.0,0.0,0.0,0.0,0.0,0.0,0.0,1.0,12.0,1.0,12.15,5.0200000000000005,2.51,1.49,0.0,0.0,0.0,0.8,0.0,0.9,0.0,-0.9,-169.70000000000002,0.0,0.0,169.8,0.0,21.700000000000003,30.9,30.9,31.6,300.0,300.0,30.8,34.800000000000004,30.4,29.9,31.6,4.95,1.99,4.96,0.16,0.0,0.0,1027.0,8228.0,0.0,0.0,0.0,0.0,0.0,1.0,0.0,0.0,0.0,0.0,0.0,-0.7000000000000001,0.0,0.8,0.0,0.0,16.0,25903.0
2026-07-30T18:59:19.912Z,129.395,129.40800000000002,0.0,7.4,0.0,0.0,0.0,0.0,0.0,0.0,0.0,0.0,1.0,0.0,0.0,0.0,9.0,4.0,0.0,0.0,0.0,0.0,0.0,0.0,0.0,0.0,5.0,12.0,1.0,12.15,5.0200000000000005,2.51,1.49,0.0,0.0,0.0,0.8,0.0,-0.2,0.0,-1.0,-169.70000000000002,0.0,0.0,169.70000000000002,0.0,21.700000000000003,30.9,30.9,31.6,300.0,300.0,30.8,34.800000000000004,30.4,29.9,31.6,4.95,2.0,4.96,0.16,0.0,0.0,1027.0,8228.0,0.0,0.0,0.0,0.0,0.0,1.0,0.0,0.0,0.0,0.0,0.0,-0.7000000000000001,0.0,0.8,0.0,0.0,16.0,25903.0
2026-07-30T18:59:19.924Z,129.407,129.42000000000002,0.0,7.4,0.0,0.0,0.0,0.0,0.0,0.0,0.0,0.0,1.0,0.0,0.0,0.0,9.0,4.0,0.0,0.0,0.0,0.0,0.0,0.0,0.0,0.0,4.0,12.0,1.0,12.15,5.0200000000000005,2.51,1.49,0.0,0.0,0.0,0.8,0.0,0.2,-0.6000000000000001,-0.3,-169.70000000000002,0.0,0.0,169.70000000000002,0.0,21.700000000000003,30.9,30.9,31.6,300.0,300.0,30.8,34.800000000000004,30.4,29.9,31.6,4.96,2.0,4.96,0.16,0.0,0.0,1027.0,8228.0,0.0,0.0,0.0,0.0,0.0,1.0,0.0,0.0,0.0,0.0,0.0,-0.9,0.0,0.2,0.0,0.0,16.0,25903.0
2026-07-30T18:59:19.936Z,129.419,129.43200000000002,0.0,7.4,0.0,0.0,0.0,0.0,0.0,0.0,0.0,0.0,1.0,0.0,0.0,0.0,9.0,4.0,0.0,0.0,0.0,0.0,0.0,0.0,0.0,0.0,5.0,12.0,1.0,12.15,5.0200000000000005,2.51,1.49,0.0,0.0,0.0,0.8,0.0,0.8,1.1,0.8,-169.70000000000002,0.0,0.0,169.70000000000002,0.0,21.700000000000003,30.9,30.9,31.6,300.0,300.0,30.8,34.800000000000004,30.4,29.9,31.6,4.95,1.99,4.97,0.16,0.0,0.0,1027.0,8228.0,0.0,0.0,0.0,0.0,0.0,1.0,0.0,0.0,0.0,0.0,0.0,1.9,0.0,-0.4,0.0,0.0001,16.0,25903.0
2026-07-30T18:59:19.948Z,129.431,129.44400000000002,0.0,7.4,0.0,0.0,0.0,0.0,0.0,0.0,0.0,0.0,1.0,0.0,0.0,0.0,9.0,4.0,0.0,0.0,0.0,0.0,0.0,0.0,0.0,0.0,6.0,12.0,1.0,12.17,5.0200000000000005,2.51,1.49,0.0,0.0,0.0,0.8,0.0,-0.3,0.0,-0.9,-169.70000000000002,0.0,0.0,169.70000000000002,0.0,20.9,30.9,30.9,31.6,300.0,300.0,30.8,34.800000000000004,30.4,29.8,31.6,4.95,1.99,4.96,0.16,0.0,0.0,1027.0,8228.0,0.0,0.0,0.0,0.0,0.0,1.0,0.0,0.0,0.0,0.0,0.0,-0.7000000000000001,0.0,0.8,0.0,0.0,16.0,25903.0
2026-07-30T18:59:19.960Z,129.443,129.456,0.0,7.4,0.0,0.0,0.0,0.0,0.0,0.0,0.0,0.0,1.0,0.0,0.0,0.0,9.0,4.0,0.0,0.0,0.0,0.0,0.0,0.0,0.0,0.0,1.0,12.0,1.0,12.17,5.0200000000000005,2.51,1.49,0.0,0.0,0.0,0.8,0.0,-0.3,0.0,0.2,-169.70000000000002,0.0,0.0,169.8,0.0,20.9,30.9,30.9,31.6,300.0,300.0,30.8,34.800000000000004,30.4,29.8,31.6,4.96,1.99,4.96,0.16,0.0,0.0,1027.0,8228.0,0.0,0.0,0.0,0.0,0.0,1.0,0.0,0.0,0.0,0.0,0.0,0.1,0.0,-0.2,0.0,0.0,16.0,25903.0
2026-07-30T18:59:19.972Z,129.455,129.468,0.0,7.4,0.0,0.0,0.0,0.0,0.0,0.0,0.0,0.0,1.0,0.0,0.0,0.0,9.0,4.0,0.0,0.0,0.0,0.0,0.0,0.0,0.0,0.0,3.0,12.0,1.0,12.17,5.0200000000000005,2.51,1.49,0.0,0.0,0.0,0.8,0.0,0.2,0.5,-0.3,-169.70000000000002,0.0,0.0,169.70000000000002,0.0,20.9,30.9,30.9,31.6,300.0,300.0,30.8,34.800000000000004,30.4,29.8,31.6,4.95,1.99,4.97,0.16,0.0,0.0,1027.0,8228.0,0.0,0.0,0.0,0.0,0.0,1.0,0.0,0.0,0.0,0.0,0.0,0.3,0.0,0.3,0.0,0.0001,16.0,25903.0
2026-07-30T18:59:19.984Z,129.467,129.48,0.0,7.4,0.0,0.0,0.0,0.0,0.0,0.0,0.0,0.0,1.0,0.0,0.0,0.0,9.0,4.0,0.0,0.0,0.0,0.0,0.0,0.0,0.0,0.0,3.0,12.0,1.0,12.17,5.0200000000000005,2.51,1.49,0.0,0.0,0.0,0.8,0.0,-0.3,-1.2000000000000002,-0.2,-169.70000000000002,0.0,0.0,169.70000000000002,0.0,20.9,30.9,30.9,31.6,300.0,300.0,30.8,34.800000000000004,30.4,29.8,31.6,4.96,1.99,4.96,0.16,0.0,0.0,1027.0,8228.0,0.0,0.0,0.0,0.0,0.0,1.0,0.0,0.0,0.0,0.0,0.0,-1.5,0.0,0.0,0.0,0.0001,16.0,25903.0
2026-07-30T18:59:19.996Z,129.479,129.492,0.0,7.4,0.0,0.0,0.0,0.0,0.0,0.0,0.0,0.0,1.0,0.0,0.0,0.0,9.0,4.0,0.0,0.0,0.0,0.0,0.0,0.0,0.0,0.0,4.0,12.0,1.0,12.17,5.0200000000000005,2.51,1.49,0.0,0.0,0.0,0.8,0.0,0.2,0.5,1.5,-169.70000000000002,0.0,0.0,169.70000000000002,0.0,20.9,30.9,30.9,31.6,300.0,300.0,30.8,34.800000000000004,30.4,29.8,31.6,4.96,1.99,4.96,0.16,0.0,0.0,1027.0,8228.0,0.0,0.0,0.0,0.0,0.0,1.0,0.0,0.0,0.0,0.0,0.0,1.7000000000000002,0.0,-1.2000000000000002,0.0,0.0,16.0,25903.0
2026-07-30T18:59:20.007Z,129.49,129.504,0.0,7.4,0.0,0.0,0.0,0.0,0.0,0.0,0.0,0.0,1.0,0.0,0.0,0.0,9.0,4.0,0.0,0.0,0.0,0.0,0.0,0.0,0.0,0.0,5.0,12.0,1.0,12.17,5.0200000000000005,2.51,1.49,0.0,0.0,0.0,0.8,0.0,0.2,0.0,-0.7000000000000001,-169.70000000000002,0.0,0.0,169.60000000000002,0.0,20.9,30.9,30.9,31.6,300.0,300.0,30.8,34.800000000000004,30.4,29.8,31.6,4.95,1.99,4.96,0.16,0.0,0.0,1027.0,8228.0,0.0,0.0,0.0,0.0,0.0,1.0,0.0,0.0,0.0,0.0,0.0,-0.5,0.0,0.6000000000000001,0.0,0.0,16.0,25903.0
2026-07-30T18:59:20.020Z,129.503,129.516,0.0,7.4,0.0,0.0,0.0,0.0,0.0,0.0,0.0,0.0,1.0,0.0,0.0,0.0,9.0,4.0,0.0,0.0,0.0,0.0,0.0,0.0,0.0,0.0,6.0,12.0,1.0,12.17,5.0200000000000005,2.51,1.49,0.0,0.0,0.0,0.8,0.0,-0.3,-0.5,-0.1,-169.70000000000002,0.0,0.0,169.60000000000002,0.0,20.9,30.9,30.9,31.6,300.0,300.0,30.8,34.800000000000004,30.4,29.8,31.6,4.95,1.99,4.97,0.16,0.0,0.0,1027.0,8228.0,0.0,0.0,0.0,0.0,0.0,1.0,0.0,0.0,0.0,0.0,0.0,-0.7000000000000001,0.0,0.0,0.0,0.0002,16.0,25903.0
2026-07-30T18:59:20.032Z,129.515,129.528,0.0,7.4,0.0,0.0,0.0,0.0,0.0,0.0,0.0,0.0,1.0,0.0,0.0,0.0,9.0,4.0,0.0,0.0,0.0,0.0,0.0,0.0,0.0,0.0,1.0,12.0,1.0,12.17,5.0200000000000005,2.51,1.49,0.0,0.0,0.0,0.8,0.0,0.2,-0.5,1.5,-169.70000000000002,0.0,0.0,169.60000000000002,0.0,20.9,30.9,30.9,31.6,300.0,300.0,30.8,34.800000000000004,30.4,29.8,31.6,4.96,1.99,4.96,0.16,0.0,0.0,1027.0,8228.0,0.0,0.0,0.0,0.0,0.0,1.0,0.0,0.0,0.0,0.0,0.0,0.5,0.0,-1.4,0.0,0.0,16.0,25903.0
2026-07-30T18:59:20.045Z,129.528,129.54,0.0,7.4,0.0,0.0,0.0,0.0,0.0,0.0,0.0,0.0,1.0,0.0,0.0,0.0,9.0,4.0,0.0,0.0,0.0,0.0,0.0,0.0,0.0,0.0,3.0,12.0,1.0,12.11,5.0200000000000005,2.51,1.5,0.0,0.0,0.0,0.8,0.0,-0.4,-0.5,-1.3,-169.70000000000002,0.0,0.0,169.70000000000002,0.0,21.700000000000003,30.9,30.9,31.6,300.0,300.0,30.6,34.9,30.4,29.9,31.5,4.96,1.99,4.97,0.16,0.0,0.0,1027.0,8228.0,0.0,0.0,0.0,0.0,0.0,1.0,0.0,0.0,0.0,0.0,0.0,-1.6,0.0,1.0,0.0,0.0,16.0,25903.0
2026-07-30T18:59:20.056Z,129.539,129.552,0.0,7.4,0.0,0.0,0.0,0.0,0.0,0.0,0.0,0.0,1.0,0.0,0.0,0.0,9.0,4.0,0.0,0.0,0.0,0.0,0.0,0.0,0.0,0.0,4.0,12.0,1.0,12.11,5.0200000000000005,2.51,1.5,0.0,0.0,0.0,0.8,0.0,-1.0,0.0,0.3,-169.70000000000002,0.0,0.0,169.70000000000002,0.0,21.700000000000003,30.9,30.9,31.6,300.0,300.0,30.6,34.9,30.4,29.9,31.5,4.95,1.99,4.97,0.16,0.0,0.0,1027.0,8228.0,0.0,0.0,0.0,0.0,0.0,1.0,0.0,0.0,0.0,0.0,0.0,0.2,0.0,-0.3,0.0,0.0,16.0,25903.0
2026-07-30T18:59:20.068Z,129.551,129.564,0.0,7.4,0.0,0.0,0.0,0.0,0.0,0.0,0.0,0.0,1.0,0.0,0.0,0.0,9.0,4.0,0.0,0.0,0.0,0.0,0.0,0.0,0.0,0.0,6.0,12.0,1.0,12.11,5.0200000000000005,2.51,1.5,0.0,0.0,0.0,0.8,0.0,-0.4,-0.5,-0.8,-169.60000000000002,0.0,0.0,169.60000000000002,0.0,21.700000000000003,30.9,30.9,31.6,300.0,300.0,30.6,34.9,30.4,29.9,31.5,4.96,1.99,4.96,0.16,0.0,0.0,1027.0,8228.0,0.0,0.0,0.0,0.0,0.0,1.0,0.0,0.0,0.0,0.0,0.0,-1.1,0.0,0.5,0.0,0.0,16.0,25903.0
2026-07-30T18:59:20.079Z,129.562,129.576,0.0,7.4,0.0,0.0,0.0,0.0,0.0,0.0,0.0,0.0,1.0,0.0,0.0,0.0,9.0,4.0,0.0,0.0,0.0,0.0,0.0,0.0,0.0,0.0,1.0,12.0,1.0,12.11,5.0200000000000005,2.51,1.5,0.0,0.0,0.0,0.8,0.0,-0.3,-0.4,-0.7000000000000001,-169.60000000000002,0.0,0.0,169.60000000000002,0.0,21.700000000000003,30.9,30.9,31.6,300.0,300.0,30.6,34.9,30.4,29.9,31.5,4.95,1.99,4.96,0.16,0.0,0.0,1027.0,8228.0,0.0,0.0,0.0,0.0,0.0,1.0,0.0,0.0,0.0,0.0,0.0,-1.1,0.0,0.6000000000000001,0.0,0.0001,16.0,25903.0
2026-07-30T18:59:20.091Z,129.574,129.588,0.0,7.4,0.0,0.0,0.0,0.0,0.0,0.0,0.0,0.0,1.0,0.0,0.0,0.0,9.0,4.0,0.0,0.0,0.0,0.0,0.0,0.0,0.0,0.0,2.0,12.0,1.0,12.11,5.0200000000000005,2.51,1.5,0.0,0.0,0.0,0.8,0.0,0.2,1.2000000000000002,0.3,-169.60000000000002,0.0,0.0,169.70000000000002,0.0,21.700000000000003,30.9,30.9,31.6,300.0,300.0,30.6,34.9,30.4,29.9,31.5,4.95,1.99,4.97,0.16,0.0,0.0,1027.0,8228.0,0.0,0.0,0.0,0.0,0.0,1.0,0.0,0.0,0.0,0.0,0.0,1.7000000000000002,0.0,0.0,0.0,0.0,16.0,25903.0
2026-07-30T18:59:20.104Z,129.587,129.6,0.0,7.4,0.0,0.0,0.0,0.0,0.0,0.0,0.0,0.0,1.0,0.0,0.0,0.0,9.0,4.0,0.0,0.0,0.0,0.0,0.0,0.0,0.0,0.0,3.0,12.0,1.0,12.11,5.0200000000000005,2.51,1.5,0.0,0.0,0.0,0.9,0.0,-0.3,0.1,-0.1,-169.60000000000002,0.0,0.0,169.60000000000002,0.0,21.700000000000003,30.9,30.9,31.6,300.0,300.0,30.6,34.9,30.4,29.9,31.5,4.95,1.99,4.97,0.17,0.0,0.0,1027.0,8228.0,0.0,0.0,0.0,0.0,0.0,1.0,0.0,0.0,0.0,0.0,0.0,0.0,0.0,0.1,0.0,0.0,16.0,25903.0
2026-07-30T18:59:20.116Z,129.599,129.612,0.0,7.4,0.0,0.0,0.0,0.0,0.0,0.0,0.0,0.0,1.0,0.0,0.0,0.0,9.0,4.0,0.0,0.0,0.0,0.0,0.0,0.0,0.0,0.0,4.0,12.0,1.0,12.11,5.0200000000000005,2.51,1.5,0.0,0.0,0.0,0.8,0.0,-0.3,0.0,1.5,-169.60000000000002,0.0,0.0,169.70000000000002,0.0,21.700000000000003,30.9,30.9,31.6,300.0,300.0,30.6,34.9,30.4,29.9,31.5,4.96,1.99,4.96,0.16,0.0,0.0,1027.0,8228.0,0.0,0.0,0.0,0.0,0.0,1.0,0.0,0.0,0.0,0.0,0.0,1.2000000000000002,0.0,-1.3,0.0,0.0001,16.0,25903.0
2026-07-30T18:59:20.127Z,129.61,129.624,0.0,7.4,0.0,0.0,0.0,0.0,0.0,0.0,0.0,0.0,1.0,0.0,0.0,0.0,9.0,4.0,0.0,0.0,0.0,0.0,0.0,0.0,0.0,0.0,5.0,12.0,1.0,12.11,5.0200000000000005,2.51,1.5,0.0,0.0,0.0,0.8,0.0,-0.9,0.1,-1.3,-169.60000000000002,0.0,0.0,169.60000000000002,0.0,21.700000000000003,30.9,30.9,31.6,300.0,300.0,30.6,34.9,30.4,29.9,31.5,4.96,1.99,4.97,0.16,0.0,0.0,1027.0,8228.0,0.0,0.0,0.0,0.0,0.0,1.0,0.0,0.0,0.0,0.0,0.0,-0.8,0.0,1.1,0.0,0.0,16.0,25903.0
2026-07-30T18:59:20.140Z,129.623,129.636,0.0,7.4,0.0,0.0,0.0,0.0,0.0,0.0,0.0,0.0,1.0,0.0,0.0,0.0,9.0,4.0,0.0,0.0,0.0,0.0,0.0,0.0,0.0,0.0,6.0,12.0,1.0,12.11,5.0200000000000005,2.51,1.5,0.0,0.0,0.0,0.8,0.0,-0.3,0.7000000000000001,-0.7000000000000001,-169.60000000000002,0.0,0.0,169.60000000000002,0.0,21.700000000000003,30.9,30.9,31.6,300.0,300.0,30.6,34.9,30.4,29.9,31.5,4.96,1.99,4.97,0.16,0.0,0.0,1027.0,8228.0,0.0,0.0,0.0,0.0,0.0,1.0,0.0,0.0,0.0,0.0,0.0,0.2,0.0,0.8,0.0,0.0001,16.0,25903.0
2026-07-30T18:59:20.152Z,129.635,129.648,0.0,7.4,0.0,0.0,0.0,0.0,0.0,0.0,0.0,0.0,1.0,0.0,0.0,0.0,9.0,4.0,0.0,0.0,0.0,0.0,0.0,0.0,0.0,0.0,1.0,12.0,1.0,12.18,5.01,2.5,1.49,0.0,0.0,0.0,0.8,0.0,0.2,1.3,0.4,-169.60000000000002,0.0,0.0,169.60000000000002,0.0,21.200000000000003,30.9,30.8,31.6,300.0,300.0,30.8,34.800000000000004,30.4,29.9,31.5,4.96,2.0,4.97,0.16,0.0,0.0,1027.0,8228.0,0.0,0.0,0.0,0.0,0.0,1.0,0.0,0.0,0.0,0.0,0.0,1.7000000000000002,0.0,0.0,0.0,0.0,16.0,25903.0
2026-07-30T18:59:20.164Z,129.647,129.66,0.0,7.4,0.0,0.0,0.0,0.0,0.0,0.0,0.0,0.0,1.0,0.0,0.0,0.0,9.0,4.0,0.0,0.0,0.0,0.0,0.0,0.0,0.0,0.0,3.0,12.0,1.0,12.18,5.01,2.5,1.49,0.0,0.0,0.0,0.8,0.0,0.2,-1.0,0.4,-169.60000000000002,0.0,0.0,169.60000000000002,0.0,21.200000000000003,30.9,30.8,31.6,300.0,300.0,30.8,34.800000000000004,30.4,29.9,31.5,4.95,2.0,4.96,0.16,0.0,0.0,1027.0,8228.0,0.0,0.0,0.0,0.0,0.0,1.0,0.0,0.0,0.0,0.0,0.0,-0.8,0.0,-0.6000000000000001,0.0,0.0,16.0,25903.0
2026-07-30T18:59:20.175Z,129.658,129.672,0.0,7.4,0.0,0.0,0.0,0.0,0.0,0.0,0.0,0.0,1.0,0.0,0.0,0.0,9.0,4.0,0.0,0.0,0.0,0.0,0.0,0.0,0.0,0.0,4.0,12.0,1.0,12.18,5.01,2.5,1.49,0.0,0.0,0.0,0.8,0.0,-0.9,0.7000000000000001,0.4,-169.60000000000002,0.0,0.0,169.70000000000002,0.0,21.200000000000003,30.9,30.8,31.6,300.0,300.0,30.8,34.800000000000004,30.4,29.9,31.5,4.95,1.99,4.97,0.16,0.0,0.0,1027.0,8228.0,0.0,0.0,0.0,0.0,0.0,1.0,0.0,0.0,0.0,0.0,0.0,1.1,0.0,-0.2,0.0,0.0,16.0,25903.0
2026-07-30T18:59:20.188Z,129.671,129.684,0.0,7.4,0.0,0.0,0.0,0.0,0.0,0.0,0.0,0.0,1.0,0.0,0.0,0.0,9.0,4.0,0.0,0.0,0.0,0.0,0.0,0.0,0.0,0.0,5.0,12.0,1.0,12.18,5.01,2.5,1.49,0.0,0.0,0.0,0.8,0.0,-0.3,1.3,-0.7000000000000001,-169.60000000000002,0.0,0.0,169.70000000000002,0.0,21.200000000000003,30.9,30.8,31.6,300.0,300.0,30.8,34.800000000000004,30.4,29.9,31.5,4.95,1.99,4.96,0.16,0.0,0.0,1027.0,8228.0,0.0,0.0,0.0,0.0,0.0,1.0,0.0,0.0,0.0,0.0,0.0,0.9,0.0,0.9,0.0,0.0,16.0,25903.0
2026-07-30T18:59:20.199Z,129.682,129.696,0.0,7.4,0.0,0.0,0.0,0.0,0.0,0.0,0.0,0.0,1.0,0.0,0.0,0.0,9.0,4.0,0.0,0.0,0.0,0.0,0.0,0.0,0.0,0.0,1.0,12.0,1.0,12.18,5.01,2.5,1.49,0.0,0.0,0.0,0.8,0.0,-0.3,-0.4,-1.2000000000000002,-169.60000000000002,0.0,0.0,169.70000000000002,0.0,21.200000000000003,30.9,30.8,31.6,300.0,300.0,30.8,34.800000000000004,30.4,29.9,31.5,4.96,1.99,4.96,0.16,0.0,0.0,1027.0,8228.0,0.0,0.0,0.0,0.0,0.0,1.0,0.0,0.0,0.0,0.0,0.0,-1.4,0.0,1.0,0.0,0.0,16.0,25903.0
2026-07-30T18:59:20.212Z,129.695,129.708,0.0,7.4,0.0,0.0,0.0,0.0,0.0,0.0,0.0,0.0,1.0,0.0,0.0,0.0,9.0,4.0,0.0,0.0,0.0,0.0,0.0,0.0,0.0,0.0,2.0,12.0,1.0,12.18,5.01,2.5,1.49,0.0,0.0,0.0,0.8,0.0,-0.3,-0.4,0.4,-169.60000000000002,0.0,0.0,169.70000000000002,0.0,21.200000000000003,30.9,30.8,31.6,300.0,300.0,30.8,34.800000000000004,30.4,29.9,31.5,4.96,1.99,4.97,0.16,0.0,0.0,1027.0,8228.0,0.0,0.0,0.0,0.0,0.0,1.0,0.0,0.0,0.0,0.0,0.0,-0.1,0.0,-0.4,0.0,0.0001,16.0,25903.0
2026-07-30T18:59:20.232Z,129.715,129.72,0.0,7.4,0.0,0.0,0.0,0.0,0.0,0.0,0.0,0.0,1.0,0.0,0.0,0.0,9.0,4.0,0.0,0.0,0.0,0.0,0.0,0.0,0.0,0.0,4.0,12.0,1.0,12.18,5.01,2.5,1.49,0.0,0.0,0.0,0.8,0.0,0.2,-0.4,2.2,-169.60000000000002,0.0,0.0,169.8,0.0,21.200000000000003,30.9,30.8,31.6,300.0,300.0,30.8,34.800000000000004,30.4,29.9,31.5,4.96,1.99,4.96,0.16,0.0,0.0,1027.0,8228.0,0.0,0.0,0.0,0.0,0.0,1.0,0.0,0.0,0.0,0.0,0.0,1.1,0.0,-2.0,0.0,0.0001,16.0,25903.0
2026-07-30T18:59:20.236Z,129.719,129.732,0.0,7.4,0.0,0.0,0.0,0.0,0.0,0.0,0.0,0.0,1.0,0.0,0.0,0.0,9.0,4.0,0.0,0.0,0.0,0.0,0.0,0.0,0.0,0.0,2.0,12.0,1.0,12.18,5.01,2.5,1.49,0.0,0.0,0.0,0.8,0.0,0.2,0.6000000000000001,1.6,-169.60000000000002,0.0,0.0,169.70000000000002,0.0,21.200000000000003,30.9,30.8,31.6,300.0,300.0,30.8,34.800000000000004,30.4,29.9,31.5,4.96,2.0,4.97,0.16,0.0,0.0,1027.0,8228.0,0.0,0.0,0.0,0.0,0.0,1.0,0.0,0.0,0.0,0.0,0.0,1.9,0.0,-1.2000000000000002,0.0,0.0001,16.0,25903.0
2026-07-30T18:59:20.249Z,129.732,129.744,0.0,7.4,0.0,0.0,0.0,0.0,0.0,0.0,0.0,0.0,1.0,0.0,0.0,0.0,9.0,4.0,0.0,0.0,0.0,0.0,0.0,0.0,0.0,0.0,2.0,12.0,1.0,12.17,5.0200000000000005,2.5,1.49,0.0,0.0,0.0,0.8,0.0,-0.3,-0.5,-1.3,-169.60000000000002,0.0,0.0,169.60000000000002,0.0,21.200000000000003,30.9,30.8,31.6,300.0,300.0,30.700000000000003,34.800000000000004,30.4,29.9,31.5,4.95,1.99,4.97,0.16,0.0,0.0,1027.0,8228.0,0.0,0.0,0.0,0.0,0.0,1.0,0.0,0.0,0.0,0.0,0.0,-1.6,0.0,1.0,0.0,0.0001,16.0,25903.0
2026-07-30T18:59:20.259Z,129.742,129.756,0.0,7.4,0.0,0.0,0.0,0.0,0.0,0.0,0.0,0.0,1.0,0.0,0.0,0.0,9.0,4.0,0.0,0.0,0.0,0.0,0.0,0.0,0.0,0.0,4.0,12.0,1.0,12.17,5.0200000000000005,2.5,1.49,0.0,0.0,0.0,0.8,0.0,0.8,0.0,1.0,-169.60000000000002,0.0,0.0,169.70000000000002,0.0,21.200000000000003,30.9,30.8,31.6,300.0,300.0,30.700000000000003,34.800000000000004,30.4,29.9,31.5,4.95,1.99,4.96,0.16,0.0,0.0,1027.0,8228.0,0.0,0.0,0.0,0.0,0.0,1.0,0.0,0.0,0.0,0.0,0.0,0.8,0.0,-0.8,0.0,0.0001,16.0,25903.0
2026-07-30T18:59:20.272Z,129.755,129.768,0.0,7.4,0.0,0.0,0.0,0.0,0.0,0.0,0.0,0.0,1.0,0.0,0.0,0.0,9.0,4.0,0.0,0.0,0.0,0.0,0.0,0.0,0.0,0.0,5.0,12.0,1.0,12.17,5.0200000000000005,2.5,1.49,0.0,0.0,0.0,0.7000000000000001,0.0,-0.3,1.2000000000000002,-0.1,-169.60000000000002,0.0,0.0,169.60000000000002,0.0,21.200000000000003,30.9,30.8,31.6,300.0,300.0,30.700000000000003,34.800000000000004,30.4,29.9,31.5,4.96,1.99,4.96,0.16,0.0,0.0,1027.0,8228.0,0.0,0.0,0.0,0.0,0.0,1.0,0.0,0.0,0.0,0.0,0.0,1.3,0.0,0.3,0.0,0.0,16.0,25903.0
2026-07-30T18:59:20.284Z,129.767,129.78,0.0,7.4,0.0,0.0,0.0,0.0,0.0,0.0,0.0,0.0,1.0,0.0,0.0,0.0,9.0,4.0,0.0,0.0,0.0,0.0,0.0,0.0,0.0,0.0,6.0,12.0,1.0,12.17,5.0200000000000005,2.5,1.49,0.0,0.0,0.0,0.8,0.0,-0.3,-0.4,1.0,-169.60000000000002,0.0,0.0,169.60000000000002,0.0,21.200000000000003,30.9,30.8,31.6,300.0,300.0,30.700000000000003,34.800000000000004,30.4,29.9,31.5,4.96,1.99,4.97,0.16,0.0,0.0,1027.0,8228.0,0.0,0.0,0.0,0.0,0.0,1.0,0.0,0.0,0.0,0.0,0.0,0.2,0.0,-1.0,0.0,0.0,16.0,25903.0
2026-07-30T18:59:20.296Z,129.779,129.792,0.0,7.4,0.0,0.0,0.0,0.0,0.0,0.0,0.0,0.0,1.0,0.0,0.0,0.0,9.0,4.0,0.0,0.0,0.0,0.0,0.0,0.0,0.0,0.0,2.0,12.0,1.0,12.17,5.0200000000000005,2.5,1.49,0.0,0.0,0.0,0.8,0.0,0.2,0.6000000000000001,0.4,-169.60000000000002,0.0,0.0,169.70000000000002,0.0,21.200000000000003,30.9,30.8,31.6,300.0,300.0,30.700000000000003,34.800000000000004,30.4,29.9,31.5,4.95,2.0,4.97,0.16,0.0,0.0,1027.0,8228.0,0.0,0.0,0.0,0.0,0.0,1.0,0.0,0.0,0.0,0.0,0.0,1.1,0.0,-0.2,0.0,0.0,16.0,25903.0
2026-07-30T18:59:20.308Z,129.791,129.804,0.0,7.4,0.0,0.0,0.0,0.0,0.0,0.0,0.0,0.0,1.0,0.0,0.0,0.0,9.0,4.0,0.0,0.0,0.0,0.0,0.0,0.0,0.0,0.0,3.0,12.0,1.0,12.17,5.0200000000000005,2.5,1.49,0.0,0.0,0.0,0.7000000000000001,0.0,0.8,0.7000000000000001,-0.1,-169.60000000000002,0.0,0.0,169.60000000000002,0.0,21.200000000000003,30.9,30.8,31.6,300.0,300.0,30.700000000000003,34.800000000000004,30.4,29.9,31.5,4.96,2.0,4.96,0.16,0.0,0.0,1027.0,8228.0,0.0,0.0,0.0,0.0,0.0,1.0,0.0,0.0,0.0,0.0,0.0,0.6000000000000001,0.0,-1.3,0.0,0.0,16.0,25903.0
2026-07-30T18:59:20.320Z,129.803,129.816,0.0,7.4,0.0,0.0,0.0,0.0,0.0,0.0,0.0,0.0,1.0,0.0,0.0,0.0,9.0,4.0,0.0,0.0,0.0,0.0,0.0,0.0,0.0,0.0,4.0,12.0,1.0,12.17,5.0200000000000005,2.5,1.49,0.0,0.1,0.0,0.8,0.0,-0.9,-0.4,-1.9,-169.60000000000002,0.0,0.0,169.60000000000002,0.0,21.200000000000003,30.9,30.8,31.6,300.0,300.0,30.700000000000003,34.800000000000004,30.4,29.9,31.5,4.95,1.99,4.96,0.16,0.0,0.0,1027.0,8228.0,0.0,0.0,0.0,0.0,0.0,1.0,0.0,0.0,0.0,0.0,0.0,-1.5,0.0,1.0,0.0,0.0,16.0,25903.0
2026-07-30T18:59:20.332Z,129.815,129.828,0.0,7.4,0.0,0.0,0.0,0.0,0.0,0.0,0.0,0.0,1.0,0.0,0.0,0.0,9.0,4.0,0.0,0.0,0.0,0.0,0.0,0.0,0.0,0.0,5.0,12.0,1.0,12.17,5.0200000000000005,2.5,1.49,0.0,0.0,0.0,0.8,0.0,0.2,1.3,-0.1,-169.60000000000002,0.0,0.0,169.60000000000002,0.0,21.200000000000003,30.9,30.8,31.6,300.0,300.0,30.700000000000003,34.800000000000004,30.4,29.9,31.5,4.95,1.99,4.97,0.16,0.0,0.0,1027.0,8228.0,0.0,0.0,0.0,0.0,0.0,1.0,0.0,0.0,0.0,0.0,0.0,-1.0,0.0,0.5,0.0,0.0,16.0,25903.0
2026-07-30T18:59:20.344Z,129.827,129.84,0.0,7.4,0.0,0.0,0.0,0.0,0.0,0.0,0.0,0.0,1.0,0.0,0.0,0.0,9.0,4.0,0.0,0.0,0.0,0.0,0.0,0.0,0.0,0.0,1.0,12.0,1.0,12.17,5.0200000000000005,2.5,1.49,0.0,0.0,0.0,0.8,0.0,0.2,0.7000000000000001,0.4,-169.60000000000002,0.0,0.0,169.70000000000002,0.0,21.200000000000003,30.9,30.8,31.6,300.0,300.0,30.700000000000003,34.800000000000004,30.4,29.9,31.5,4.95,1.99,4.97,0.16,0.0,0.0,1027.0,8228.0,0.0,0.0,0.0,0.0,0.0,1.0,0.0,0.0,0.0,0.0,0.0,0.4,0.0,-0.3,0.0,0.0,16.0,25903.0
2026-07-30T18:59:20.356Z,129.839,129.852,0.0,7.4,0.0,0.0,0.0,0.0,0.0,0.0,0.0,0.0,1.0,0.0,0.0,0.0,9.0,4.0,0.0,0.0,0.0,0.0,0.0,0.0,0.0,0.0,2.0,12.0,1.0,12.17,5.0200000000000005,2.51,1.49,0.0,0.0,0.0,0.7000000000000001,0.0,-0.8,0.7000000000000001,-0.7000000000000001,-169.60000000000002,0.0,0.0,169.8,0.0,21.0,30.9,30.8,31.5,300.0,300.0,30.700000000000003,34.800000000000004,30.4,29.8,31.5,4.96,1.99,4.96,0.16,0.0,0.0,1027.0,8228.0,0.0,0.0,0.0,0.0,0.0,1.0,0.0,0.0,0.0,0.0,0.0,0.2,0.0,0.8,0.0,0.0,16.0,25903.0
2026-07-30T18:59:20.368Z,129.851,129.864,0.0,7.4,0.0,0.0,0.0,0.0,0.0,0.0,0.0,0.0,1.0,0.0,0.0,0.0,9.0,4.0,0.0,0.0,0.0,0.0,0.0,0.0,0.0,0.0,3.0,12.0,1.0,12.17,5.0200000000000005,2.51,1.49,0.0,0.1,0.0,0.8,0.0,-0.2,0.1,-0.1,-169.60000000000002,0.0,0.0,169.8,0.0,21.0,30.9,30.8,31.5,300.0,300.0,30.700000000000003,34.800000000000004,30.4,29.8,31.5,4.95,1.99,4.97,0.16,0.0,0.0,1027.0,8228.0,0.0,0.0,0.0,0.0,0.0,1.0,0.0,0.0,0.0,0.0,0.0,0.0,0.0,0.1,0.0,0.0001,16.0,25903.0
2026-07-30T18:59:20.380Z,129.863,129.876,0.0,7.4,0.0,0.0,0.0,0.0,0.0,0.0,0.0,0.0,1.0,0.0,0.0,0.0,9.0,4.0,0.0,0.0,0.0,0.0,0.0,0.0,0.0,0.0,4.0,12.0,1.0,12.17,5.0200000000000005,2.51,1.49,0.0,0.0,0.0,0.8,0.0,-0.8,0.0,-1.9,-169.60000000000002,0.0,0.0,169.70000000000002,0.0,21.0,30.9,30.8,31.5,300.0,300.0,30.700000000000003,34.800000000000004,30.4,29.8,31.5,4.95,1.99,4.96,0.16,0.0,0.0,1027.0,8228.0,0.0,0.0,0.0,0.0,0.0,1.0,0.0,0.0,0.0,0.0,0.0,-1.3,0.0,1.7000000000000002,0.0,0.0,16.0,25903.0
2026-07-30T18:59:20.392Z,129.875,129.888,0.0,7.4,0.0,0.0,0.0,0.0,0.0,0.0,0.0,0.0,1.0,0.0,0.0,0.0,9.0,4.0,0.0,0.0,0.0,0.0,0.0,0.0,0.0,0.0,5.0,12.0,1.0,12.17,5.0200000000000005,2.51,1.49,0.0,0.0,0.0,0.8,0.0,0.2,0.6000000000000001,-0.7000000000000001,-169.60000000000002,0.0,0.0,169.8,0.0,21.0,30.9,30.8,31.5,300.0,300.0,30.700000000000003,34.800000000000004,30.4,29.8,31.5,4.96,2.0,4.96,0.16,0.0,0.0,1027.0,8228.0,0.0,0.0,0.0,0.0,0.0,1.0,0.0,0.0,0.0,0.0,0.0,0.2,0.0,0.7000000000000001,0.0,0.0001,16.0,25903.0
2026-07-30T18:59:20.403Z,129.886,129.9,0.0,7.4,0.0,0.0,0.0,0.0,0.0,0.0,0.0,0.0,1.0,0.0,0.0,0.0,9.0,4.0,0.0,0.0,0.0,0.0,0.0,0.0,0.0,0.0,1.0,12.0,1.0,12.17,5.0200000000000005,2.51,1.49,0.0,0.0,0.0,0.8,0.0,0.3,0.7000000000000001,0.4,-169.60000000000002,0.0,0.0,169.70000000000002,0.0,21.0,30.9,30.8,31.5,300.0,300.0,30.700000000000003,34.800000000000004,30.4,29.8,31.5,4.95,2.0,4.96,0.16,0.0,0.0,1027.0,8228.0,0.0,0.0,0.0,0.0,0.0,1.0,0.0,0.0,0.0,0.0,0.0,1.1,0.0,-0.2,0.0,0.0002,16.0,25903.0
2026-07-30T18:59:20.416Z,129.899,129.912,0.0,7.4,0.0,0.0,0.0,0.0,0.0,0.0,0.0,0.0,1.0,0.0,0.0,0.0,9.0,4.0,0.0,0.0,0.0,0.0,0.0,0.0,0.0,0.0,2.0,12.0,1.0,12.17,5.0200000000000005,2.51,1.49,0.0,0.0,0.0,0.7000000000000001,0.0,-0.2,-1.6,-0.1,-169.60000000000002,0.0,0.0,169.70000000000002,0.0,21.0,30.9,30.8,31.5,300.0,300.0,30.700000000000003,34.800000000000004,30.4,29.8,31.5,4.95,1.99,4.98,0.16,0.0,0.0,1027.0,8228.0,0.0,0.0,0.0,0.0,0.0,1.0,0.0,0.0,0.0,0.0,0.0,-2.0,0.0,-0.1,0.0,0.0001,16.0,25903.0
2026-07-30T18:59:20.428Z,129.911,129.924,0.0,7.4,0.0,0.0,0.0,0.0,0.0,0.0,0.0,0.0,1.0,0.0,0.0,0.0,9.0,4.0,0.0,0.0,0.0,0.0,0.0,0.0,0.0,0.0,4.0,12.0,1.0,12.17,5.0200000000000005,2.51,1.49,0.0,0.0,0.0,0.8,0.0,0.9,0.6000000000000001,0.4,-169.60000000000002,0.0,0.0,169.70000000000002,0.0,21.0,30.9,30.8,31.5,300.0,300.0,30.700000000000003,34.800000000000004,30.4,29.8,31.5,4.95,1.99,4.96,0.16,0.0,0.0,1027.0,8228.0,0.0,0.0,0.0,0.0,0.0,1.0,0.0,0.0,0.0,0.0,0.0,1.1,0.0,-0.2,0.0,0.0001,16.0,25903.0
2026-07-30T18:59:20.440Z,129.923,129.936,0.0,7.4,0.0,0.0,0.0,0.0,0.0,0.0,0.0,0.0,1.0,0.0,0.0,0.0,9.0,4.0,0.0,0.0,0.0,0.0,0.0,0.0,0.0,0.0,5.0,12.0,1.0,12.17,5.0200000000000005,2.51,1.49,0.0,0.0,0.0,0.8,0.0,0.3,1.2000000000000002,-0.1,-169.70000000000002,0.0,0.0,169.8,0.0,21.0,30.9,30.8,31.5,300.0,300.0,30.700000000000003,34.800000000000004,30.4,29.8,31.5,4.96,1.99,4.96,0.15,0.0,0.0,1027.0,8228.0,0.0,0.0,0.0,0.0,0.0,1.0,0.0,0.0,0.0,0.0,0.0,1.3,0.0,0.4,0.0,0.0,16.0,25903.0
2026-07-30T18:59:20.453Z,129.936,129.948,0.0,7.4,0.0,0.0,0.0,0.0,0.0,0.0,0.0,0.0,1.0,0.0,0.0,0.0,9.0,4.0,0.0,0.0,0.0,0.0,0.0,0.0,0.0,0.0,1.0,12.0,1.0,12.17,5.01,2.5,1.5,0.0,0.0,0.0,0.8,0.0,-0.8,0.0,-0.2,-169.70000000000002,0.0,0.0,169.8,0.0,21.700000000000003,30.9,30.8,31.5,300.0,300.0,30.8,34.9,30.4,29.8,31.5,4.95,1.99,4.97,0.16,0.0,0.0,1027.0,8228.0,0.0,0.0,0.0,0.0,0.0,1.0,0.0,0.0,0.0,0.0,0.0,0.0,0.0,0.1,0.0,0.0002,16.0,25903.0
2026-07-30T18:59:20.464Z,129.947,129.96,0.0,7.4,0.0,0.0,0.0,0.0,0.0,0.0,0.0,0.0,1.0,0.0,0.0,0.0,9.0,4.0,0.0,0.0,0.0,0.0,0.0,0.0,0.0,0.0,2.0,12.0,1.0,12.17,5.01,2.5,1.5,0.0,0.0,0.0,0.7000000000000001,0.0,-0.2,0.6000000000000001,-0.7000000000000001,-169.70000000000002,0.0,0.0,169.8,0.0,21.700000000000003,30.9,30.8,31.5,300.0,300.0,30.8,34.9,30.4,29.8,31.5,4.96,2.0,4.97,0.16,0.0,0.0,1027.0,8228.0,0.0,0.0,0.0,0.0,0.0,1.0,0.0,0.0,0.0,0.0,0.0,0.1,0.0,0.8,0.0,0.0001,16.0,25903.0
2026-07-30T18:59:20.476Z,129.959,129.972,0.0,7.4,0.0,0.0,0.0,0.0,0.0,0.0,0.0,0.0,1.0,0.0,0.0,0.0,9.0,4.0,0.0,0.0,0.0,0.0,0.0,0.0,0.0,0.0,3.0,12.0,1.0,12.17,5.01,2.5,1.5,0.0,0.0,0.0,0.8,0.0,0.9,0.0,0.4,-169.70000000000002,0.0,0.0,169.70000000000002,0.0,21.700000000000003,30.9,30.8,31.5,300.0,300.0,30.8,34.9,30.4,29.8,31.5,4.96,2.0,4.96,0.16,0.0,0.0,1027.0,8228.0,0.0,0.0,0.0,0.0,0.0,1.0,0.0,0.0,0.0,0.0,0.0,0.3,0.0,-0.3,0.0,0.0,16.0,25903.0
2026-07-30T18:59:20.487Z,129.97,129.984,0.0,7.4,0.0,0.0,0.0,0.0,0.0,0.0,0.0,0.0,1.0,0.0,0.0,0.0,9.0,4.0,0.0,0.0,0.0,0.0,0.0,0.0,0.0,0.0,4.0,12.0,1.0,12.17,5.01,2.5,1.5,0.0,0.0,0.0,0.7000000000000001,0.0,-1.3,0.6000000000000001,-0.1,-169.70000000000002,0.0,0.0,169.8,0.0,21.700000000000003,30.9,30.8,31.5,300.0,300.0,30.8,34.9,30.4,29.8,31.5,4.95,1.99,4.96,0.16,0.0,0.0,1027.0,8228.0,0.0,0.0,0.0,0.0,0.0,1.0,0.0,0.0,0.0,0.0,0.0,0.6000000000000001,0.0,0.2,0.0,0.0001,16.0,25903.0
2026-07-30T18:59:20.500Z,129.983,129.996,0.0,7.4,0.0,0.0,0.0,0.0,0.0,0.0,0.0,0.0,1.0,0.0,0.0,0.0,9.0,4.0,0.0,0.0,0.0,0.0,0.0,0.0,0.0,0.0,5.0,12.0,1.0,12.17,5.01,2.5,1.5,0.0,0.0,0.0,0.8,0.0,-0.7000000000000001,0.0,-0.6000000000000001,-169.70000000000002,0.0,0.0,169.70000000000002,0.0,21.700000000000003,30.9,30.8,31.5,300.0,300.0,30.8,34.9,30.4,29.8,31.5,4.95,1.99,4.97,0.16,0.0,0.0,1027.0,8228.0,0.0,0.0,0.0,0.0,0.0,1.0,0.0,0.0,0.0,0.0,0.0,-0.4,0.0,0.6000000000000001,0.0,0.0001,16.0,25903.0
2026-07-30T18:59:20.512Z,129.995,130.008,0.0,7.4,0.0,0.0,0.0,0.0,0.0,0.0,0.0,0.0,1.0,0.0,0.0,0.0,9.0,4.0,0.0,0.0,0.0,0.0,0.0,0.0,0.0,0.0,6.0,12.0,1.0,12.17,5.01,2.5,1.5,0.0,0.0,0.0,0.8,0.0,0.9,-0.5,-0.1,-169.70000000000002,0.0,0.0,169.8,0.0,21.700000000000003,30.9,30.8,31.5,300.0,300.0,30.8,34.9,30.4,29.8,31.5,4.96,1.99,4.96,0.16,0.0,0.0,1027.0,8228.0,0.0,0.0,0.0,0.0,0.0,1.0,0.0,0.0,0.0,0.0,0.0,-0.6000000000000001,0.0,0.0,0.0,0.0001,16.0,25903.0
2026-07-30T18:59:20.524Z,130.007,130.02,0.0,7.4,0.0,0.0,0.0,0.0,0.0,0.0,0.0,0.0,1.0,0.0,0.0,0.0,9.0,4.0,0.0,0.0,0.0,0.0,0.0,0.0,0.0,0.0,1.0,12.0,1.0,12.17,5.01,2.5,1.5,0.0,0.0,0.0,0.8,0.0,0.3,0.6000000000000001,1.0,-169.70000000000002,0.0,0.0,169.70000000000002,0.0,21.700000000000003,30.9,30.8,31.5,300.0,300.0,30.8,34.9,30.4,29.8,31.5,4.96,1.99,4.97,0.16,0.0,0.0,1027.0,8228.0,0.0,0.0,0.0,0.0,0.0,1.0,0.0,0.0,0.0,0.0,0.0,1.5,0.0,-0.8,0.0,0.0001,16.0,25903.0
2026-07-30T18:59:20.536Z,130.019,130.032,0.0,7.4,0.0,0.0,0.0,0.0,0.0,0.0,0.0,0.0,1.0,0.0,0.0,0.0,9.0,4.0,0.0,0.0,0.0,0.0,0.0,0.0,0.0,0.0,2.0,12.0,1.0,12.17,5.01,2.5,1.5,0.0,0.0,0.0,0.8,0.0,0.3,0.6000000000000001,-0.6000000000000001,-169.70000000000002,0.0,0.0,169.70000000000002,0.0,21.700000000000003,30.9,30.8,31.5,300.0,300.0,30.8,34.9,30.4,29.8,31.5,4.95,2.0,4.97,0.16,0.0,0.0,1027.0,8228.0,0.0,0.0,0.0,0.0,0.0,1.0,0.0,0.0,0.0,0.0,0.0,0.2,0.0,0.7000000000000001,0.0,0.0,16.0,25903.0
2026-07-30T18:59:20.552Z,130.035,130.044,0.0,7.4,0.0,0.0,0.0,0.0,0.0,0.0,0.0,0.0,1.0,0.0,0.0,0.0,9.0,4.0,0.0,0.0,0.0,0.0,0.0,0.0,0.0,0.0,2.0,12.0,1.0,12.17,5.01,2.5,1.5,0.0,0.0,0.0,0.7000000000000001,0.0,0.4,0.0,0.4,-169.70000000000002,0.0,0.0,169.70000000000002,0.0,21.700000000000003,30.9,30.8,31.5,300.0,300.0,30.8,34.9,30.4,29.8,31.5,4.96,2.0,4.97,0.16,0.0,0.0,1027.0,8228.0,0.0,0.0,0.0,0.0,0.0,1.0,0.0,0.0,0.0,0.0,0.0,0.4,0.0,-0.3,0.0,0.0001,16.0,25903.0
2026-07-30T18:59:20.560Z,130.043,130.056,0.0,7.4,0.0,0.0,0.0,0.0,0.0,0.0,0.0,0.0,1.0,0.0,0.0,0.0,9.0,4.0,0.0,0.0,0.0,0.0,0.0,0.0,0.0,0.0,6.0,12.0,1.0,12.18,5.0200000000000005,2.51,1.49,0.0,0.0,0.0,0.7000000000000001,0.0,-0.1,0.0,-1.2000000000000002,-169.70000000000002,0.0,0.0,169.70000000000002,0.0,22.1,30.8,30.8,31.5,300.0,300.0,30.8,34.9,30.4,29.8,31.5,4.95,2.0,4.96,0.16,0.0,0.0,1027.0,8228.0,0.0,0.0,0.0,0.0,0.0,1.0,0.0,0.0,0.0,0.0,0.0,-0.8,0.0,1.1,0.0,0.0001,16.0,25903.0
2026-07-30T18:59:20.572Z,130.055,130.068,0.0,7.4,0.0,0.0,0.0,0.0,0.0,0.0,0.0,0.0,1.0,0.0,0.0,0.0,9.0,4.0,0.0,0.0,0.0,0.0,0.0,0.0,0.0,0.0,1.0,12.0,1.0,12.18,5.0200000000000005,2.51,1.49,0.0,0.0,0.0,0.7000000000000001,0.0,-0.8,-0.5,-0.1,-169.70000000000002,0.0,0.0,169.70000000000002,0.0,22.1,30.8,30.8,31.5,300.0,300.0,30.8,34.9,30.4,29.8,31.5,4.95,1.99,4.97,0.16,0.0,0.0,1027.0,8228.0,0.0,0.0,0.0,0.0,0.0,1.0,0.0,0.0,0.0,0.0,0.0,-0.7000000000000001,0.0,0.0,0.0,0.0001,16.0,25903.0
2026-07-30T18:59:20.583Z,130.066,130.08,0.0,7.4,0.0,0.0,0.0,0.0,0.0,0.0,0.0,0.0,1.0,0.0,0.0,0.0,9.0,4.0,0.0,0.0,0.0,0.0,0.0,0.0,0.0,0.0,2.0,12.0,1.0,12.18,5.0200000000000005,2.51,1.49,0.0,0.0,0.0,0.7000000000000001,0.0,-0.1,0.6000000000000001,-0.1,-169.70000000000002,0.0,0.0,169.8,0.0,22.1,30.8,30.8,31.5,300.0,300.0,30.8,34.9,30.4,29.8,31.5,4.95,2.0,4.97,0.16,0.0,0.0,1027.0,8228.0,0.0,0.0,0.0,0.0,0.0,1.0,0.0,0.0,0.0,0.0,0.0,0.6000000000000001,0.0,0.2,0.0,0.0,16.0,25903.0
2026-07-30T18:59:20.596Z,130.079,130.092,0.0,7.4,0.0,0.0,0.0,0.0,0.0,0.0,0.0,0.0,1.0,0.0,0.0,0.0,9.0,4.0,0.0,0.0,0.0,0.0,0.0,0.0,0.0,0.0,3.0,12.0,1.0,12.18,5.0200000000000005,2.51,1.49,0.0,0.0,0.0,0.7000000000000001,0.0,-0.1,0.0,1.6,-169.70000000000002,0.0,0.0,169.8,0.0,22.1,30.8,30.8,31.5,300.0,300.0,30.8,34.9,30.4,29.8,31.5,4.95,2.0,4.96,0.16,0.0,0.0,1027.0,8228.0,0.0,0.0,0.0,0.0,0.0,1.0,0.0,0.0,0.0,0.0,0.0,1.3,0.0,-1.4,0.0,0.0,16.0,25903.0
2026-07-30T18:59:20.608Z,130.091,130.104,0.0,7.4,0.0,0.0,0.0,0.0,0.0,0.0,0.0,0.0,1.0,0.0,0.0,0.0,9.0,4.0,0.0,0.0,0.0,0.0,0.0,0.0,0.0,0.0,4.0,12.0,1.0,12.18,5.0200000000000005,2.51,1.49,0.0,0.0,0.0,0.7000000000000001,0.0,0.3,0.7000000000000001,1.0,-169.70000000000002,0.0,0.0,169.70000000000002,0.0,22.1,30.8,30.8,31.5,300.0,300.0,30.8,34.9,30.4,29.8,31.5,4.96,1.99,4.97,0.16,0.0,0.0,1027.0,8228.0,0.0,0.0,0.0,0.0,0.0,1.0,0.0,0.0,0.0,0.0,0.0,1.6,0.0,-0.8,0.0,0.0,16.0,25903.0
2026-07-30T18:59:20.620Z,130.103,130.116,0.0,7.4,0.0,0.0,0.0,0.0,0.0,0.0,0.0,0.0,1.0,0.0,0.0,0.0,9.0,4.0,0.0,0.0,0.0,0.0,0.0,0.0,0.0,0.0,6.0,12.0,1.0,12.18,5.0200000000000005,2.51,1.49,0.0,0.0,0.0,0.7000000000000001,0.0,1.0,0.1,-0.6000000000000001,-169.70000000000002,0.0,0.0,169.8,0.0,22.1,30.8,30.8,31.5,300.0,300.0,30.8,34.9,30.4,29.8,31.5,4.96,1.99,4.97,0.16,0.0,0.0,1027.0,8228.0,0.0,0.0,0.0,0.0,0.0,1.0,0.0,0.0,0.0,0.0,0.0,-0.3,0.0,0.6000000000000001,0.0,0.0001,16.0,25903.0
2026-07-30T18:59:20.631Z,130.114,130.128,0.0,7.4,0.0,0.0,0.0,0.0,0.0,0.0,0.0,0.0,1.0,0.0,0.0,0.0,9.0,4.0,0.0,0.0,0.0,0.0,0.0,0.0,0.0,0.0,1.0,12.0,1.0,12.18,5.0200000000000005,2.51,1.49,0.0,0.0,0.0,0.7000000000000001,0.0,0.4,-0.4,-0.6000000000000001,-169.70000000000002,0.0,0.0,169.8,0.0,22.1,30.8,30.8,31.5,300.0,300.0,30.8,34.9,30.4,29.8,31.5,4.96,1.99,4.97,0.16,0.0,0.0,1027.0,8228.0,0.0,0.0,0.0,0.0,0.0,1.0,0.0,0.0,0.0,0.0,0.0,-1.0,0.0,0.5,0.0,0.0002,16.0,25903.0
2026-07-30T18:59:20.644Z,130.127,130.14,0.0,7.4,0.0,0.0,0.0,0.0,0.0,0.0,0.0,0.0,1.0,0.0,0.0,0.0,9.0,4.0,0.0,0.0,0.0,0.0,0.0,0.0,0.0,0.0,3.0,12.0,1.0,12.18,5.0200000000000005,2.51,1.49,0.0,0.0,0.0,0.7000000000000001,0.0,0.4,0.1,-0.1,-169.70000000000002,0.0,0.0,169.70000000000002,0.0,22.1,30.8,30.8,31.5,300.0,300.0,30.8,34.9,30.4,29.8,31.5,4.95,1.99,4.96,0.16,0.0,0.0,1027.0,8228.0,0.0,0.0,0.0,0.0,0.0,1.0,0.0,0.0,0.0,0.0,0.0,0.0,0.0,0.1,0.0,0.0,16.0,25903.0
2026-07-30T18:59:20.656Z,130.139,130.15200000000002,0.0,7.4,0.0,0.0,0.0,0.0,0.0,0.0,0.0,0.0,1.0,0.0,0.0,0.0,9.0,4.0,0.0,0.0,0.0,0.0,0.0,0.0,0.0,0.0,4.0,12.0,1.0,12.18,5.0200000000000005,2.51,1.49,0.0,0.0,0.0,0.8,0.0,0.4,-0.4,1.0,-169.70000000000002,0.0,0.0,169.70000000000002,0.0,21.3,30.8,30.8,31.5,300.0,300.0,30.6,34.9,30.4,29.8,31.5,4.96,1.99,4.97,0.16,0.0,0.0,1027.0,8228.0,0.0,0.0,0.0,0.0,0.0,1.0,0.0,0.0,0.0,0.0,0.0,0.2,0.0,-1.0,0.0,0.0001,16.0,25903.0
2026-07-30T18:59:20.668Z,130.151,130.16400000000002,0.0,7.4,0.0,0.0,0.0,0.0,0.0,0.0,0.0,0.0,1.0,0.0,0.0,0.0,9.0,4.0,0.0,0.0,0.0,0.0,0.0,0.0,0.0,0.0,5.0,12.0,1.0,12.18,5.0200000000000005,2.51,1.49,0.0,0.0,0.0,0.8,0.0,0.4,0.1,1.6,-169.70000000000002,0.0,0.0,169.70000000000002,0.0,21.3,30.8,30.8,31.5,300.0,300.0,30.6,34.9,30.4,29.8,31.5,4.96,1.99,4.96,0.16,0.0,0.0,1027.0,8228.0,0.0,0.0,0.0,0.0,0.0,1.0,0.0,0.0,0.0,0.0,0.0,1.4,0.0,-1.4,0.0,0.0001,16.0,25903.0
2026-07-30T18:59:20.680Z,130.163,130.17600000000002,0.0,7.4,0.0,0.0,0.0,0.0,0.0,0.0,0.0,0.0,1.0,0.0,0.0,0.0,9.0,4.0,0.0,0.0,0.0,0.0,0.0,0.0,0.0,0.0,1.0,12.0,1.0,12.18,5.0200000000000005,2.51,1.49,0.0,0.0,0.0,0.7000000000000001,0.0,0.4,0.1,-1.2000000000000002,-169.70000000000002,0.0,0.0,169.8,0.0,21.3,30.8,30.8,31.5,300.0,300.0,30.6,34.9,30.4,29.8,31.5,4.95,1.99,4.96,0.16,0.0,0.0,1027.0,8228.0,0.0,0.0,0.0,0.0,0.0,1.0,0.0,0.0,0.0,0.0,0.0,-0.8,0.0,1.1,0.0,0.0,16.0,25903.0
2026-07-30T18:59:20.692Z,130.175,130.18800000000002,0.0,7.4,0.0,0.0,0.0,0.0,0.0,0.0,0.0,0.0,1.0,0.0,0.0,0.0,9.0,4.0,0.0,0.0,0.0,0.0,0.0,0.0,0.0,0.0,3.0,12.0,1.0,12.18,5.0200000000000005,2.51,1.49,0.0,0.0,0.0,0.8,0.0,-0.7000000000000001,-1.0,-1.3,-169.70000000000002,0.0,0.0,169.8,0.0,21.3,30.8,30.8,31.5,300.0,300.0,30.6,34.9,30.4,29.8,31.5,4.95,1.99,4.97,0.16,0.0,0.0,1027.0,8228.0,0.0,0.0,0.0,0.0,0.0,1.0,0.0,0.0,0.0,0.0,0.0,-2.1,0.0,0.9,0.0,0.0001,16.0,25903.0
2026-07-30T18:59:20.703Z,130.186,130.2,0.0,7.4,0.0,0.0,0.0,0.0,0.0,0.0,0.0,0.0,1.0,0.0,0.0,0.0,9.0,4.0,0.0,0.0,0.0,0.0,0.0,0.0,0.0,0.0,4.0,12.0,1.0,12.18,5.0200000000000005,2.51,1.49,0.0,0.0,0.0,0.7000000000000001,0.0,-0.1,0.1,-0.1,-169.70000000000002,0.0,0.0,169.8,0.0,21.3,30.8,30.8,31.5,300.0,300.0,30.6,34.9,30.4,29.8,31.5,4.96,1.99,4.97,0.16,0.0,0.0,1027.0,8228.0,0.0,0.0,0.0,0.0,0.0,1.0,0.0,0.0,0.0,0.0,0.0,0.0,0.0,0.1,0.0,0.0001,16.0,25903.0
2026-07-30T18:59:20.716Z,130.199,130.212,0.0,7.4,0.0,0.0,0.0,0.0,0.0,0.0,0.0,0.0,1.0,0.0,0.0,0.0,9.0,4.0,0.0,0.0,0.0,0.0,0.0,0.0,0.0,0.0,5.0,12.0,1.0,12.18,5.0200000000000005,2.51,1.49,0.0,0.0,0.0,0.6000000000000001,0.0,-0.1,0.1,1.0,-169.70000000000002,0.0,0.0,169.8,0.0,21.3,30.8,30.8,31.5,300.0,300.0,30.6,34.9,30.4,29.8,31.5,4.96,1.99,4.97,0.16,0.0,0.0,1027.0,8228.0,0.0,0.0,0.0,0.0,0.0,1.0,0.0,0.0,0.0,0.0,0.0,0.9,0.0,-0.9,0.0,0.0001,16.0,25903.0
2026-07-30T18:59:20.728Z,130.211,130.224,0.0,7.4,0.0,0.0,0.0,0.0,0.0,0.0,0.0,0.0,1.0,0.0,0.0,0.0,9.0,4.0,0.0,0.0,0.0,0.0,0.0,0.0,0.0,0.0,1.0,12.0,1.0,12.18,5.0200000000000005,2.51,1.49,0.0,0.0,0.0,0.7000000000000001,0.0,0.4,1.8,1.0,-169.70000000000002,0.0,0.0,169.8,0.0,21.3,30.8,30.8,31.5,300.0,300.0,30.6,34.9,30.4,29.8,31.5,4.95,1.99,4.97,0.16,0.0,0.0,1027.0,8228.0,0.0,0.0,0.0,0.0,0.0,1.0,0.0,0.0,0.0,0.0,0.0,2.9000000000000004,0.0,-0.5,0.0,0.0001,16.0,25903.0
2026-07-30T18:59:20.740Z,130.223,130.236,0.0,7.4,0.0,0.0,0.0,0.0,0.0,0.0,0.0,0.0,1.0,0.0,0.0,0.0,9.0,4.0,0.0,0.0,0.0,0.0,0.0,0.0,0.0,0.0,2.0,12.0,1.0,12.18,5.0200000000000005,2.51,1.49,0.0,0.1,0.0,0.7000000000000001,0.0,0.4,-1.1,-1.3,-169.70000000000002,0.0,0.0,169.8,0.0,21.3,30.8,30.8,31.5,300.0,300.0,30.6,34.9,30.4,29.8,31.5,4.95,1.99,4.96,0.16,0.0,0.0,1027.0,8228.0,0.0,0.0,0.0,0.0,0.0,1.0,0.0,0.0,0.0,0.0,0.0,-2.2,0.0,0.9,0.0,0.0001,16.0,25903.0
2026-07-30T18:59:20.752Z,130.235,130.248,0.0,7.4,0.0,0.0,0.0,0.0,0.0,0.0,0.0,0.0,1.0,0.0,0.0,0.0,9.0,4.0,0.0,0.0,0.0,0.0,0.0,0.0,0.0,0.0,3.0,12.0,1.0,12.18,5.0200000000000005,2.51,1.49,0.0,0.0,0.0,0.7000000000000001,0.0,-0.2,0.0,-0.1,-169.70000000000002,0.0,0.0,169.8,0.0,21.3,30.8,30.8,31.5,300.0,300.0,30.6,34.9,30.4,29.8,31.5,4.95,2.0,4.96,0.16,0.0,0.0,1027.0,8228.0,0.0,0.0,0.0,0.0,0.0,1.0,0.0,0.0,0.0,0.0,0.0,0.0,0.0,0.1,0.0,0.0001,16.0,25903.0
2026-07-30T18:59:20.764Z,130.247,130.26,0.0,7.4,0.0,0.0,0.0,0.0,0.0,0.0,0.0,0.0,1.0,0.0,0.0,0.0,9.0,4.0,0.0,0.0,0.0,0.0,0.0,0.0,0.0,0.0,5.0,12.0,1.0,12.17,5.01,2.5,1.49,0.0,0.0,0.0,0.7000000000000001,0.0,0.9,0.6000000000000001,0.0,-169.70000000000002,0.0,0.0,169.70000000000002,0.0,21.8,30.8,30.8,31.5,300.0,300.0,30.700000000000003,34.9,30.4,29.8,31.5,4.95,1.99,4.97,0.16,0.0,0.0,1027.0,8228.0,0.0,0.0,0.0,0.0,0.0,1.0,0.0,0.0,0.0,0.0,0.0,0.7000000000000001,0.0,0.2,0.0,0.0,16.0,25903.0
2026-07-30T18:59:20.776Z,130.259,130.272,0.0,7.4,0.0,0.0,0.0,0.0,0.0,0.0,0.0,0.0,1.0,0.0,0.0,0.0,9.0,4.0,0.0,0.0,0.0,0.0,0.0,0.0,0.0,0.0,1.0,12.0,1.0,12.17,5.01,2.5,1.49,0.0,0.0,0.0,0.7000000000000001,0.0,0.3,0.0,1.1,-169.70000000000002,0.0,0.0,169.8,0.0,21.8,30.8,30.8,31.5,300.0,300.0,30.700000000000003,34.9,30.4,29.8,31.5,4.95,1.99,4.97,0.16,0.0,0.0,1027.0,8228.0,0.0,0.0,0.0,0.0,0.0,1.0,0.0,0.0,0.0,0.0,0.0,0.9,0.0,-0.9,0.0,0.0,16.0,25903.0
2026-07-30T18:59:20.788Z,130.271,130.284,0.0,7.4,0.0,0.0,0.0,0.0,0.0,0.0,0.0,0.0,1.0,0.0,0.0,0.0,9.0,4.0,0.0,0.0,0.0,0.0,0.0,0.0,0.0,0.0,2.0,12.0,1.0,12.17,5.01,2.5,1.49,0.0,0.0,0.0,0.7000000000000001,0.0,-0.1,1.2000000000000002,1.0,-169.70000000000002,0.0,0.0,169.8,0.0,21.8,30.8,30.8,31.5,300.0,300.0,30.700000000000003,34.9,30.4,29.8,31.5,4.96,1.99,4.96,0.16,0.0,0.0,1027.0,8228.0,0.0,0.0,0.0,0.0,0.0,1.0,0.0,0.0,0.0,0.0,0.0,2.2,0.0,-0.6000000000000001,0.0,0.0,16.0,25903.0
2026-07-30T18:59:20.800Z,130.283,130.296,0.0,7.4,0.0,0.0,0.0,0.0,0.0,0.0,0.0,0.0,1.0,0.0,0.0,0.0,9.0,4.0,0.0,0.0,0.0,0.0,0.0,0.0,0.0,0.0,3.0,12.0,1.0,12.17,5.01,2.5,1.49,0.0,0.0,0.0,0.7000000000000001,0.0,0.3,-0.5,-0.6000000000000001,-169.70000000000002,0.0,0.0,169.8,0.0,21.8,30.8,30.8,31.5,300.0,300.0,30.700000000000003,34.9,30.4,29.8,31.5,4.96,1.99,4.96,0.16,0.0,0.0,1027.0,8228.0,0.0,0.0,0.0,0.0,0.0,1.0,0.0,0.0,0.0,0.0,0.0,-1.1,0.0,0.4,0.0,0.0,16.0,25903.0
2026-07-30T18:59:20.812Z,130.295,130.308,0.0,7.4,0.0,0.0,0.0,0.0,0.0,0.0,0.0,0.0,1.0,0.0,0.0,0.0,9.0,4.0,0.0,0.0,0.0,0.0,0.0,0.0,0.0,0.0,5.0,12.0,1.0,12.17,5.01,2.5,1.49,0.0,0.0,0.0,0.7000000000000001,0.0,-0.8,0.0,-0.7000000000000001,-169.70000000000002,0.0,0.0,169.8,0.0,21.8,30.8,30.8,31.5,300.0,300.0,30.700000000000003,34.9,30.4,29.8,31.5,4.96,1.99,4.97,0.16,0.0,0.0,1027.0,8228.0,0.0,0.0,0.0,0.0,0.0,1.0,0.0,0.0,0.0,0.0,0.0,-0.5,0.0,0.6000000000000001,0.0,0.0,16.0,25903.0
2026-07-30T18:59:20.824Z,130.307,130.32,0.0,7.4,0.0,0.0,0.0,0.0,0.0,0.0,0.0,0.0,1.0,0.0,0.0,0.0,9.0,4.0,0.0,0.0,0.0,0.0,0.0,0.0,0.0,0.0,1.0,12.0,1.0,12.17,5.01,2.5,1.49,0.0,0.0,0.0,0.7000000000000001,0.0,0.3,0.0,0.4,-169.70000000000002,0.0,0.0,169.8,0.0,21.8,30.8,30.8,31.5,300.0,300.0,30.700000000000003,34.9,30.4,29.8,31.5,4.95,1.99,4.97,0.16,0.0,0.0,1027.0,8228.0,0.0,0.0,0.0,0.0,0.0,1.0,0.0,0.0,0.0,0.0,0.0,0.3,0.0,-0.3,0.0,0.0001,16.0,25903.0
2026-07-30T18:59:20.836Z,130.319,130.332,0.0,7.4,0.0,0.0,0.0,0.0,0.0,0.0,0.0,0.0,1.0,0.0,0.0,0.0,9.0,4.0,0.0,0.0,0.0,0.0,0.0,0.0,0.0,0.0,2.0,12.0,1.0,12.17,5.01,2.5,1.49,0.0,0.0,0.0,0.7000000000000001,0.0,0.3,-0.5,-0.1,-169.70000000000002,0.0,0.0,169.8,0.0,21.8,30.8,30.8,31.5,300.0,300.0,30.700000000000003,34.9,30.4,29.8,31.5,4.96,1.99,4.96,0.15,0.0,0.0,1027.0,8228.0,0.0,0.0,0.0,0.0,0.0,1.0,0.0,0.0,0.0,0.0,0.0,0.5,0.0,-1.5,0.0,0.0,16.0,25903.0
2026-07-30T18:59:20.847Z,130.33,130.344,0.0,7.4,0.0,0.0,0.0,0.0,0.0,0.0,0.0,0.0,1.0,0.0,0.0,0.0,9.0,4.0,0.0,0.0,0.0,0.0,0.0,0.0,0.0,0.0,3.0,12.0,1.0,12.17,5.01,2.5,1.49,0.0,0.1,0.0,0.7000000000000001,0.0,0.3,-0.5,1.0,-169.70000000000002,0.0,0.0,169.8,0.0,21.8,30.8,30.8,31.5,300.0,300.0,30.700000000000003,34.9,30.4,29.8,31.5,4.95,1.99,4.97,0.15,0.0,0.0,1027.0,8228.0,0.0,0.0,0.0,0.0,0.0,1.0,0.0,0.0,0.0,0.0,0.0,-1.4,0.0,0.0,0.0,0.0,16.0,25903.0
2026-07-30T18:59:20.874Z,130.357,130.356,0.0,7.4,0.0,0.0,0.0,0.0,0.0,0.0,0.0,0.0,1.0,0.0,0.0,0.0,9.0,4.0,0.0,0.0,0.0,0.0,0.0,0.0,0.0,0.0,5.0,12.0,1.0,12.18,5.01,2.5,1.49,0.0,0.0,0.0,0.7000000000000001,0.0,-0.8,0.0,-0.2,-169.70000000000002,0.0,0.0,169.8,0.0,20.9,30.8,30.8,31.5,300.0,300.0,30.9,34.9,30.4,29.8,31.5,4.95,1.99,4.96,0.16,0.0,0.0,1027.0,8228.0,0.0,0.0,0.0,0.0,0.0,1.0,0.0,0.0,0.0,0.0,0.0,0.6000000000000001,0.0,-0.8,0.0,0.0,16.0,25903.0
2026-07-30T18:59:20.876Z,130.359,130.368,0.0,7.4,0.0,0.0,0.0,0.0,0.0,0.0,0.0,0.0,1.0,0.0,0.0,0.0,9.0,4.0,0.0,0.0,0.0,0.0,0.0,0.0,0.0,0.0,4.0,12.0,1.0,12.18,5.01,2.5,1.49,0.0,0.0,0.0,0.7000000000000001,0.0,-0.7000000000000001,0.0,-1.3,-169.70000000000002,0.0,0.0,169.8,0.0,20.9,30.8,30.8,31.5,300.0,300.0,30.9,34.9,30.4,29.8,31.5,4.96,2.0,4.96,0.16,0.0,0.0,1027.0,8228.0,0.0,0.0,0.0,0.0,0.0,1.0,0.0,0.0,0.0,0.0,0.0,-1.0,0.0,1.2000000000000002,0.0,0.0,16.0,25903.0
2026-07-30T18:59:20.884Z,130.367,130.38,0.0,7.4,0.0,0.0,0.0,0.0,0.0,0.0,0.0,0.0,1.0,0.0,0.0,0.0,9.0,4.0,0.0,0.0,0.0,0.0,0.0,0.0,0.0,0.0,2.0,12.0,1.0,12.18,5.01,2.5,1.49,0.0,0.0,0.0,0.7000000000000001,0.0,-0.8,-0.5,-0.8,-169.70000000000002,0.0,0.0,169.9,0.0,20.9,30.8,30.8,31.5,300.0,300.0,30.9,34.9,30.4,29.8,31.5,4.96,2.0,4.96,0.16,0.0,0.0,1027.0,8228.0,0.0,0.0,0.0,0.0,0.0,1.0,0.0,0.0,0.0,0.0,0.0,-1.3,0.0,0.6000000000000001,0.0,0.0,16.0,25903.0
2026-07-30T18:59:20.896Z,130.379,130.392,0.0,7.4,0.0,0.0,0.0,0.0,0.0,0.0,0.0,0.0,1.0,0.0,0.0,0.0,9.0,4.0,0.0,0.0,0.0,0.0,0.0,0.0,0.0,0.0,4.0,12.0,1.0,12.18,5.01,2.5,1.49,0.0,0.0,0.0,0.6000000000000001,0.0,-0.7000000000000001,0.6000000000000001,0.3,-169.70000000000002,0.0,0.0,169.8,0.0,20.9,30.8,30.8,31.5,300.0,300.0,30.9,34.9,30.4,29.8,31.5,4.95,1.99,4.97,0.16,0.0,0.0,1027.0,8228.0,0.0,0.0,0.0,0.0,0.0,1.0,0.0,0.0,0.0,0.0,0.0,0.9,0.0,-0.1,0.0,0.0001,16.0,25903.0
2026-07-30T18:59:20.907Z,130.39,130.404,0.0,7.4,0.0,0.0,0.0,0.0,0.0,0.0,0.0,0.0,1.0,0.0,0.0,0.0,9.0,4.0,0.0,0.0,0.0,0.0,0.0,0.0,0.0,0.0,5.0,12.0,1.0,12.18,5.01,2.5,1.49,0.0,0.0,0.0,0.7000000000000001,0.0,0.3,0.0,-0.8,-169.70000000000002,0.0,0.0,169.8,0.0,20.9,30.8,30.8,31.5,300.0,300.0,30.9,34.9,30.4,29.8,31.5,4.95,1.99,4.97,0.16,0.0,0.0,1027.0,8228.0,0.0,0.0,0.0,0.0,0.0,1.0,0.0,0.0,0.0,0.0,0.0,-0.5,0.0,0.7000000000000001,0.0,0.0,16.0,25903.0
2026-07-30T18:59:20.920Z,130.403,130.416,0.0,7.4,0.0,0.0,0.0,0.0,0.0,0.0,0.0,0.0,1.0,0.0,0.0,0.0,9.0,4.0,0.0,0.0,0.0,0.0,0.0,0.0,0.0,0.0,6.0,12.0,1.0,12.18,5.01,2.5,1.49,0.0,0.0,0.0,0.6000000000000001,0.0,0.4,0.0,-0.1,-169.70000000000002,0.0,0.0,169.8,0.0,20.9,30.8,30.8,31.5,300.0,300.0,30.9,34.9,30.4,29.8,31.5,4.96,1.99,4.97,0.16,0.0,0.0,1027.0,8228.0,0.0,0.0,0.0,0.0,0.0,1.0,0.0,0.0,0.0,0.0,0.0,-0.1,0.0,0.1,0.0,0.0,16.0,25903.0
2026-07-30T18:59:20.932Z,130.415,130.428,0.0,7.4,0.0,0.0,0.0,0.0,0.0,0.0,0.0,0.0,1.0,0.0,0.0,0.0,9.0,4.0,0.0,0.0,0.0,0.0,0.0,0.0,0.0,0.0,1.0,12.0,1.0,12.18,5.01,2.5,1.49,0.0,0.0,0.0,0.7000000000000001,0.0,-0.2,0.0,-0.7000000000000001,-169.70000000000002,0.0,0.0,169.8,0.0,20.9,30.8,30.8,31.5,300.0,300.0,30.9,34.9,30.4,29.8,31.5,4.95,1.99,4.97,0.16,0.0,0.0,1027.0,8228.0,0.0,0.0,0.0,0.0,0.0,1.0,0.0,0.0,0.0,0.0,0.0,-0.5,0.0,0.6000000000000001,0.0,0.0,16.0,25903.0
2026-07-30T18:59:20.944Z,130.427,130.44,0.0,7.4,0.0,0.0,0.0,0.0,0.0,0.0,0.0,0.0,1.0,0.0,0.0,0.0,9.0,4.0,0.0,0.0,0.0,0.0,0.0,0.0,0.0,0.0,3.0,12.0,1.0,12.18,5.01,2.5,1.49,0.0,0.0,0.0,0.7000000000000001,0.0,-0.7000000000000001,0.0,-0.7000000000000001,-169.70000000000002,0.0,0.0,169.8,0.0,20.9,30.8,30.8,31.5,300.0,300.0,30.9,34.9,30.4,29.8,31.5,4.96,1.99,4.97,0.16,0.0,0.0,1027.0,8228.0,0.0,0.0,0.0,0.0,0.0,1.0,0.0,0.0,0.0,0.0,0.0,-0.5,0.0,0.6000000000000001,0.0,0.0,16.0,25903.0
2026-07-30T18:59:20.955Z,130.438,130.452,0.0,7.4,0.0,0.0,0.0,0.0,0.0,0.0,0.0,0.0,1.0,0.0,0.0,0.0,9.0,4.0,0.0,0.0,0.0,0.0,0.0,0.0,0.0,0.0,4.0,12.0,1.0,12.18,5.01,2.5,1.49,0.0,0.0,0.0,0.7000000000000001,0.0,0.3,0.6000000000000001,1.6,-169.70000000000002,0.0,0.0,169.8,0.0,20.9,30.8,30.8,31.5,300.0,300.0,30.9,34.9,30.4,29.8,31.5,4.96,2.0,4.96,0.16,0.0,0.0,1027.0,8228.0,0.0,0.0,0.0,0.0,0.0,1.0,0.0,0.0,0.0,0.0,0.0,1.9,0.0,-1.3,0.0,0.0,16.0,25903.0
2026-07-30T18:59:20.968Z,130.451,130.464,0.0,7.4,0.0,0.0,0.0,0.0,0.0,0.0,0.0,0.0,1.0,0.0,0.0,0.0,9.0,4.0,0.0,0.0,0.0,0.0,0.0,0.0,0.0,0.0,6.0,12.0,1.0,12.15,5.01,2.51,1.49,0.0,0.0,0.0,0.7000000000000001,0.0,0.3,-0.5,0.0,-169.70000000000002,0.0,0.0,169.8,0.0,21.9,30.8,30.8,31.5,300.0,300.0,30.8,34.9,30.4,29.8,31.5,4.95,1.99,4.96,0.16,0.0,0.0,1027.0,8228.0,0.0,0.0,0.0,0.0,0.0,1.0,0.0,0.0,0.0,0.0,0.0,-0.7000000000000001,0.0,0.0,0.0,0.0,16.0,25903.0
2026-07-30T18:59:20.980Z,130.463,130.476,0.0,7.4,0.0,0.0,0.0,0.0,0.0,0.0,0.0,0.0,1.0,0.0,0.0,0.0,9.0,4.0,0.0,0.0,0.0,0.0,0.0,0.0,0.0,0.0,1.0,12.0,1.0,12.15,5.01,2.51,1.49,0.0,0.0,0.0,0.7000000000000001,0.0,-0.7000000000000001,-1.1,-0.6000000000000001,-169.70000000000002,0.0,0.0,169.70000000000002,0.0,21.9,30.8,30.8,31.5,300.0,300.0,30.8,34.9,30.4,29.8,31.5,4.95,1.99,4.97,0.16,0.0,0.0,1027.0,8228.0,0.0,0.0,0.0,0.0,0.0,1.0,0.0,0.0,0.0,0.0,0.0,-1.7000000000000002,0.0,0.3,0.0,0.0,16.0,25903.0
2026-07-30T18:59:20.992Z,130.475,130.488,0.0,7.4,0.0,0.0,0.0,0.0,0.0,0.0,0.0,0.0,1.0,0.0,0.0,0.0,9.0,4.0,0.0,0.0,0.0,0.0,0.0,0.0,0.0,0.0,3.0,12.0,1.0,12.15,5.01,2.51,1.49,0.0,0.0,0.0,0.6000000000000001,0.0,0.4,0.6000000000000001,0.0,-169.70000000000002,0.0,0.0,169.8,0.0,21.9,30.8,30.8,31.5,300.0,300.0,30.8,34.9,30.4,29.8,31.5,4.96,1.99,4.96,0.16,0.0,0.0,1027.0,8228.0,0.0,0.0,0.0,0.0,0.0,1.0,0.0,0.0,0.0,0.0,0.0,0.6000000000000001,0.0,0.2,0.0,0.0001,16.0,25903.0
2026-07-30T18:59:21.003Z,130.486,130.5,0.0,7.4,0.0,0.0,0.0,0.0,0.0,0.0,0.0,0.0,1.0,0.0,0.0,0.0,9.0,4.0,0.0,0.0,0.0,0.0,0.0,0.0,0.0,0.0,4.0,12.0,1.0,12.15,5.01,2.51,1.49,0.0,0.0,0.0,0.6000000000000001,0.0,-0.1,1.2000000000000002,-0.7000000000000001,-169.70000000000002,0.0,0.0,169.8,0.0,21.9,30.8,30.8,31.5,300.0,300.0,30.8,34.9,30.4,29.8,31.5,4.96,2.0,4.96,0.16,0.0,0.0,1027.0,8228.0,0.0,0.0,0.0,0.0,0.0,1.0,0.0,0.0,0.0,0.0,0.0,0.8,0.0,0.8,0.0,0.0001,16.0,25903.0
2026-07-30T18:59:21.016Z,130.499,130.512,0.0,7.4,0.0,0.0,0.0,0.0,0.0,0.0,0.0,0.0,1.0,0.0,0.0,0.0,9.0,4.0,0.0,0.0,0.0,0.0,0.0,0.0,0.0,0.0,5.0,12.0,1.0,12.15,5.01,2.51,1.49,0.0,0.0,0.0,0.7000000000000001,0.0,-0.1,0.5,1.0,-169.70000000000002,0.0,0.0,169.8,0.0,21.9,30.8,30.8,31.5,300.0,300.0,30.8,34.9,30.4,29.8,31.5,4.95,2.0,4.96,0.16,0.0,0.0,1027.0,8228.0,0.0,0.0,0.0,0.0,0.0,1.0,0.0,0.0,0.0,0.0,0.0,1.4,0.0,-0.8,0.0,0.0,16.0,25903.0
2026-07-30T18:59:21.028Z,130.511,130.524,0.0,7.4,0.0,0.0,0.0,0.0,0.0,0.0,0.0,0.0,1.0,0.0,0.0,0.0,9.0,4.0,0.0,0.0,0.0,0.0,0.0,0.0,0.0,0.0,1.0,12.0,1.0,12.15,5.01,2.51,1.49,0.0,0.0,0.0,0.7000000000000001,0.0,0.4,0.0,0.4,-169.70000000000002,0.0,0.0,169.8,0.0,21.9,30.8,30.8,31.5,300.0,300.0,30.8,34.9,30.4,29.8,31.5,4.96,2.0,4.97,0.16,0.0,0.0,1027.0,8228.0,0.0,0.0,0.0,0.0,0.0,1.0,0.0,0.0,0.0,0.0,0.0,0.3,0.0,-0.4,0.0,0.0,16.0,25903.0
2026-07-30T18:59:21.040Z,130.523,130.536,0.0,7.4,0.0,0.0,0.0,0.0,0.0,0.0,0.0,0.0,1.0,0.0,0.0,0.0,9.0,4.0,0.0,0.0,0.0,0.0,0.0,0.0,0.0,0.0,2.0,12.0,1.0,12.15,5.01,2.51,1.49,0.0,0.0,0.0,0.7000000000000001,0.0,-0.1,-1.1,-0.1,-169.70000000000002,0.0,0.0,169.8,0.0,21.9,30.8,30.8,31.5,300.0,300.0,30.8,34.9,30.4,29.8,31.5,4.95,2.0,4.96,0.16,0.0,0.0,1027.0,8228.0,0.0,0.0,0.0,0.0,0.0,1.0,0.0,0.0,0.0,0.0,0.0,-1.3,0.0,-0.1,0.0,0.0,16.0,25903.0
2026-07-30T18:59:21.052Z,130.535,130.548,0.0,7.4,0.0,0.0,0.0,0.0,0.0,0.0,0.0,0.0,1.0,0.0,0.0,0.0,9.0,4.0,0.0,0.0,0.0,0.0,0.0,0.0,0.0,0.0,3.0,12.0,1.0,12.15,5.01,2.51,1.49,0.0,0.0,0.0,0.7000000000000001,0.0,0.4,1.2000000000000002,0.5,-169.70000000000002,0.0,0.0,169.8,0.0,21.9,30.8,30.8,31.5,300.0,300.0,30.8,34.9,30.4,29.8,31.5,4.95,1.99,4.97,0.16,0.0,0.0,1027.0,8228.0,0.0,0.0,0.0,0.0,0.0,1.0,0.0,0.0,0.0,0.0,0.0,1.7000000000000002,0.0,-0.1,0.0,0.0,16.0,25903.0
2026-07-30T18:59:21.065Z,130.548,130.56,0.0,7.4,0.0,0.0,0.0,0.0,0.0,0.0,0.0,0.0,1.0,0.0,0.0,0.0,9.0,4.0,0.0,0.0,0.0,0.0,0.0,0.0,0.0,0.0,4.0,12.0,1.0,12.18,5.0200000000000005,2.51,1.49,0.0,0.0,0.0,0.7000000000000001,0.0,-0.1,0.0,-0.6000000000000001,-169.70000000000002,0.0,0.0,169.8,0.0,21.4,30.8,30.8,31.5,300.0,300.0,30.8,34.9,30.4,29.8,31.5,4.95,1.99,4.97,0.16,0.0,0.0,1027.0,8228.0,0.0,0.0,0.0,0.0,0.0,1.0,0.0,0.0,0.0,0.0,0.0,-0.3,0.0,0.5,0.0,0.0,16.0,25903.0
2026-07-30T18:59:21.076Z,130.559,130.572,0.0,7.4,0.0,0.0,0.0,0.0,0.0,0.0,0.0,0.0,1.0,0.0,0.0,0.0,9.0,4.0,0.0,0.0,0.0,0.0,0.0,0.0,0.0,0.0,6.0,12.0,1.0,12.18,5.0200000000000005,2.51,1.49,0.0,0.0,0.0,0.7000000000000001,0.0,0.4,-0.5,0.0,-169.70000000000002,0.0,0.0,169.8,0.0,21.4,30.8,30.8,31.5,300.0,300.0,30.8,34.9,30.4,29.8,31.5,4.96,1.99,4.96,0.15,0.0,0.0,1027.0,8228.0,0.0,0.0,0.0,0.0,0.0,1.0,0.0,0.0,0.0,0.0,0.0,-0.6000000000000001,0.0,0.0,0.0,0.0,16.0,25903.0
2026-07-30T18:59:21.088Z,130.571,130.584,0.0,7.4,0.0,0.0,0.0,0.0,0.0,0.0,0.0,0.0,1.0,0.0,0.0,0.0,9.0,4.0,0.0,0.0,0.0,0.0,0.0,0.0,0.0,0.0,1.0,12.0,1.0,12.18,5.0200000000000005,2.51,1.49,0.0,0.1,0.0,0.6000000000000001,0.0,-0.1,0.6000000000000001,0.0,-169.70000000000002,0.0,0.0,169.8,0.0,21.4,30.8,30.8,31.5,300.0,300.0,30.8,34.9,30.4,29.8,31.5,4.95,1.99,4.97,0.15,0.0,0.0,1027.0,8228.0,0.0,0.0,0.0,0.0,0.0,1.0,0.0,0.0,0.0,0.0,0.0,0.6000000000000001,0.0,0.1,0.0,0.0,16.0,25903.0
2026-07-30T18:59:21.100Z,130.583,130.596,0.0,7.4,0.0,0.0,0.0,0.0,0.0,0.0,0.0,0.0,1.0,0.0,0.0,0.0,9.0,4.0,0.0,0.0,0.0,0.0,0.0,0.0,0.0,0.0,3.0,12.0,1.0,12.18,5.0200000000000005,2.51,1.49,0.0,0.0,0.0,0.7000000000000001,0.0,-0.1,0.0,0.0,-169.70000000000002,0.0,0.0,169.8,0.0,21.4,30.8,30.8,31.5,300.0,300.0,30.8,34.9,30.4,29.8,31.5,4.95,1.99,4.96,0.16,0.0,0.0,1027.0,8228.0,0.0,0.0,0.0,0.0,0.0,1.0,0.0,0.0,0.0,0.0,0.0,0.0,0.0,0.0,0.0,0.0,16.0,25903.0
2026-07-30T18:59:21.111Z,130.594,130.608,0.0,7.4,0.0,0.0,0.0,0.0,0.0,0.0,0.0,0.0,1.0,0.0,0.0,0.0,9.0,4.0,0.0,0.0,0.0,0.0,0.0,0.0,0.0,0.0,4.0,12.0,1.0,12.18,5.0200000000000005,2.51,1.49,0.0,0.0,0.0,0.6000000000000001,0.0,-0.1,0.0,-0.6000000000000001,-169.70000000000002,0.0,0.0,169.8,0.0,21.4,30.8,30.8,31.5,300.0,300.0,30.8,34.9,30.4,29.8,31.5,4.96,1.99,4.96,0.16,0.0,0.0,1027.0,8228.0,0.0,0.0,0.0,0.0,0.0,1.0,0.0,0.0,0.0,0.0,0.0,-0.3,0.0,0.5,0.0,0.0,16.0,25903.0
2026-07-30T18:59:21.124Z,130.607,130.62,0.0,7.4,0.0,0.0,0.0,0.0,0.0,0.0,0.0,0.0,1.0,0.0,0.0,0.0,9.0,4.0,0.0,0.0,0.0,0.0,0.0,0.0,0.0,0.0,5.0,12.0,1.0,12.18,5.0200000000000005,2.51,1.49,0.0,0.1,0.0,0.7000000000000001,0.0,-0.1,-1.0,0.0,-169.70000000000002,0.0,0.0,169.70000000000002,0.0,21.4,30.8,30.8,31.5,300.0,300.0,30.8,34.9,30.4,29.8,31.5,4.95,1.99,4.96,0.16,0.0,0.0,1027.0,8228.0,0.0,0.0,0.0,0.0,0.0,1.0,0.0,0.0,0.0,0.0,0.0,-1.2000000000000002,0.0,-0.1,0.0,0.0,16.0,25903.0
2026-07-30T18:59:21.136Z,130.619,130.632,0.0,7.4,0.0,0.0,0.0,0.0,0.0,0.0,0.0,0.0,1.0,0.0,0.0,0.0,9.0,4.0,0.0,0.0,0.0,0.0,0.0,0.0,0.0,0.0,6.0,12.0,1.0,12.18,5.0200000000000005,2.51,1.49,0.0,0.1,0.0,0.7000000000000001,0.0,-0.7000000000000001,-0.4,0.0,-169.70000000000002,0.0,0.0,169.70000000000002,0.0,21.4,30.8,30.8,31.5,300.0,300.0,30.8,34.9,30.4,29.8,31.5,4.95,1.99,4.97,0.16,0.0,0.0,1027.0,8228.0,0.0,0.0,0.0,0.0,0.0,1.0,0.0,0.0,0.0,0.0,0.0,-0.5,0.0,0.0,0.0,0.0001,16.0,25903.0
2026-07-30T18:59:21.147Z,130.63,130.644,0.0,7.4,0.0,0.0,0.0,0.0,0.0,0.0,0.0,0.0,1.0,0.0,0.0,0.0,9.0,4.0,0.0,0.0,0.0,0.0,0.0,0.0,0.0,0.0,2.0,12.0,1.0,12.18,5.0200000000000005,2.51,1.49,0.0,0.0,0.0,0.7000000000000001,0.0,0.4,-0.4,0.0,-169.70000000000002,0.0,0.0,169.8,0.0,21.4,30.8,30.8,31.5,300.0,300.0,30.8,34.9,30.4,29.8,31.5,4.95,1.99,4.96,0.16,0.0,0.0,1027.0,8228.0,0.0,0.0,0.0,0.0,0.0,1.0,0.0,0.0,0.0,0.0,0.0,-0.5,0.0,0.0,0.0,0.0,16.0,25903.0
2026-07-30T18:59:21.160Z,130.643,130.656,0.0,7.4,0.0,0.0,0.0,0.0,0.0,0.0,0.0,0.0,1.0,0.0,0.0,0.0,9.0,4.0,0.0,0.0,0.0,0.0,0.0,0.0,0.0,0.0,3.0,12.0,1.0,12.18,5.0200000000000005,2.51,1.49,0.0,0.0,0.0,0.6000000000000001,0.0,1.0,1.2000000000000002,1.1,-169.70000000000002,0.0,0.0,169.8,0.0,21.4,30.8,30.8,31.5,300.0,300.0,30.8,34.9,30.4,29.8,31.5,4.95,1.99,4.96,0.16,0.0,0.0,1027.0,8228.0,0.0,0.0,0.0,0.0,0.0,1.0,0.0,0.0,0.0,0.0,0.0,2.3000000000000003,0.0,-0.7000000000000001,0.0,0.0002,16.0,25903.0
2026-07-30T18:59:21.172Z,130.655,130.668,0.0,7.4,0.0,0.0,0.0,0.0,0.0,0.0,0.0,0.0,1.0,0.0,0.0,0.0,9.0,4.0,0.0,0.0,0.0,0.0,0.0,0.0,0.0,0.0,4.0,12.0,1.0,12.19,5.0200000000000005,2.5,1.49,0.0,0.1,0.0,0.6000000000000001,0.0,-0.1,0.6000000000000001,-0.6000000000000001,-169.70000000000002,0.0,0.0,169.8,0.0,21.4,30.8,30.8,31.5,300.0,300.0,30.9,34.9,30.4,29.8,31.5,4.95,1.99,4.97,0.16,0.0,0.0,1027.0,8228.0,0.0,0.0,0.0,0.0,0.0,1.0,0.0,0.0,0.0,0.0,0.0,0.3,0.0,0.6000000000000001,0.0,0.0,16.0,25903.0
2026-07-30T18:59:21.191Z,130.674,130.68,0.0,7.4,0.0,0.0,0.0,0.0,0.0,0.0,0.0,0.0,1.0,0.0,0.0,0.0,9.0,4.0,0.0,0.0,0.0,0.0,0.0,0.0,0.0,0.0,6.0,12.0,1.0,12.19,5.0200000000000005,2.5,1.49,0.0,0.0,0.0,0.7000000000000001,0.0,1.0,-1.6,-0.5,-169.70000000000002,0.0,0.0,169.8,0.0,21.4,30.8,30.8,31.5,300.0,300.0,30.9,34.9,30.4,29.8,31.5,4.96,1.99,4.96,0.16,0.0,0.0,1027.0,8228.0,0.0,0.0,0.0,0.0,0.0,1.0,0.0,0.0,0.0,0.0,0.0,-2.2,0.0,0.1,0.0,0.0,16.0,25903.0
2026-07-30T18:59:21.196Z,130.679,130.692,0.0,7.4,0.0,0.0,0.0,0.0,0.0,0.0,0.0,0.0,1.0,0.0,0.0,0.0,9.0,4.0,0.0,0.0,0.0,0.0,0.0,0.0,0.0,0.0,2.0,12.0,1.0,12.19,5.0200000000000005,2.5,1.49,0.0,0.0,0.0,0.7000000000000001,0.0,-0.1,1.8,0.0,-169.70000000000002,0.0,0.0,169.8,0.0,21.4,30.8,30.8,31.5,300.0,300.0,30.9,34.9,30.4,29.8,31.5,4.96,2.0,4.96,0.16,0.0,0.0,1027.0,8228.0,0.0,0.0,0.0,0.0,0.0,1.0,0.0,0.0,0.0,0.0,0.0,2.1,0.0,0.3,0.0,0.0001,16.0,25903.0
2026-07-30T18:59:21.208Z,130.691,130.704,0.0,7.4,0.0,0.0,0.0,0.0,0.0,0.0,0.0,0.0,1.0,0.0,0.0,0.0,9.0,4.0,0.0,0.0,0.0,0.0,0.0,0.0,0.0,0.0,4.0,12.0,1.0,12.19,5.0200000000000005,2.5,1.49,0.0,0.0,0.0,0.6000000000000001,0.0,0.4,0.1,-0.5,-169.70000000000002,0.0,0.0,169.8,0.0,21.4,30.8,30.8,31.5,300.0,300.0,30.9,34.9,30.4,29.8,31.5,4.95,1.99,4.96,0.16,0.0,0.0,1027.0,8228.0,0.0,0.0,0.0,0.0,0.0,1.0,0.0,0.0,0.0,0.0,0.0,-0.2,0.0,0.4,0.0,0.0,16.0,25903.0
2026-07-30T18:59:21.220Z,130.703,130.716,0.0,7.4,0.0,0.0,0.0,0.0,0.0,0.0,0.0,0.0,1.0,0.0,0.0,0.0,9.0,4.0,0.0,0.0,0.0,0.0,0.0,0.0,0.0,0.0,5.0,12.0,1.0,12.19,5.0200000000000005,2.5,1.49,0.0,0.0,0.0,0.6000000000000001,0.0,0.4,0.1,0.6000000000000001,-169.70000000000002,0.0,0.0,169.70000000000002,0.0,21.4,30.8,30.8,31.5,300.0,300.0,30.9,34.9,30.4,29.8,31.5,4.95,1.99,4.97,0.16,0.0,0.0,1027.0,8228.0,0.0,0.0,0.0,0.0,0.0,1.0,0.0,0.0,0.0,0.0,0.0,0.5,0.0,-0.5,0.0,0.0,16.0,25903.0
2026-07-30T18:59:21.232Z,130.715,130.728,0.0,7.4,0.0,0.0,0.0,0.0,0.0,0.0,0.0,0.0,1.0,0.0,0.0,0.0,9.0,4.0,0.0,0.0,0.0,0.0,0.0,0.0,0.0,0.0,6.0,12.0,1.0,12.19,5.0200000000000005,2.5,1.49,0.0,0.0,0.0,0.6000000000000001,0.0,-0.1,-0.5,-0.6000000000000001,-169.70000000000002,0.0,0.0,169.8,0.0,21.4,30.8,30.8,31.5,300.0,300.0,30.9,34.9,30.4,29.8,31.5,4.96,1.99,4.96,0.16,0.0,0.0,1027.0,8228.0,0.0,0.0,0.0,0.0,0.0,1.0,0.0,0.0,0.0,0.0,0.0,-1.0,0.0,0.4,0.0,0.0001,16.0,25903.0
2026-07-30T18:59:21.244Z,130.727,130.74,0.0,7.4,0.0,0.0,0.0,0.0,0.0,0.0,0.0,0.0,1.0,0.0,0.0,0.0,9.0,4.0,0.0,0.0,0.0,0.0,0.0,0.0,0.0,0.0,2.0,12.0,1.0,12.19,5.0200000000000005,2.5,1.49,0.0,0.0,0.0,0.6000000000000001,0.0,-0.1,-0.5,-0.6000000000000001,-169.70000000000002,0.0,0.0,169.70000000000002,0.0,21.4,30.8,30.8,31.5,300.0,300.0,30.9,34.9,30.4,29.8,31.5,4.96,2.0,4.97,0.15,0.0,0.0,1027.0,8228.0,0.0,0.0,0.0,0.0,0.0,1.0,0.0,0.0,0.0,0.0,0.0,-1.0,0.0,0.4,0.0,0.0001,16.0,25903.0
2026-07-30T18:59:21.255Z,130.738,130.752,0.0,7.4,0.0,0.0,0.0,0.0,0.0,0.0,0.0,0.0,1.0,0.0,0.0,0.0,9.0,4.0,0.0,0.0,0.0,0.0,0.0,0.0,0.0,0.0,3.0,12.0,1.0,12.19,5.0200000000000005,2.5,1.49,0.0,0.0,0.0,0.7000000000000001,0.0,-0.7000000000000001,0.6000000000000001,-1.2000000000000002,-169.70000000000002,0.0,0.0,169.8,0.0,21.4,30.8,30.8,31.5,300.0,300.0,30.9,34.9,30.4,29.8,31.5,4.95,1.99,4.97,0.16,0.0,0.0,1027.0,8228.0,0.0,0.0,0.0,0.0,0.0,1.0,0.0,0.0,0.0,0.0,0.0,-0.2,0.0,1.2000000000000002,0.0,0.0001,16.0,25903.0
2026-07-30T18:59:21.269Z,130.752,130.764,0.0,7.4,0.0,0.0,0.0,0.0,0.0,0.0,0.0,0.0,1.0,0.0,0.0,0.0,9.0,4.0,0.0,0.0,0.0,0.0,0.0,0.0,0.0,0.0,4.0,12.0,1.0,12.17,5.01,2.51,1.49,0.0,0.0,0.0,0.6000000000000001,0.0,-0.1,-0.5,0.5,-169.70000000000002,0.0,0.0,169.8,0.0,20.9,30.8,30.8,31.5,300.0,300.0,31.0,34.800000000000004,30.4,29.8,31.5,4.96,1.99,4.97,0.16,0.0,0.0,1027.0,8228.0,0.0,0.0,0.0,0.0,0.0,1.0,0.0,0.0,0.0,0.0,0.0,-0.2,0.0,-0.5,0.0,0.0001,16.0,25903.0
2026-07-30T18:59:21.279Z,130.762,130.776,0.0,7.4,0.0,0.0,0.0,0.0,0.0,0.0,0.0,0.0,1.0,0.0,0.0,0.0,9.0,4.0,0.0,0.0,0.0,0.0,0.0,0.0,0.0,0.0,5.0,12.0,1.0,12.17,5.01,2.51,1.49,0.0,0.0,0.0,0.6000000000000001,0.0,0.4,-1.0,1.1,-169.70000000000002,0.0,0.0,169.70000000000002,0.0,20.9,30.8,30.8,31.5,300.0,300.0,31.0,34.800000000000004,30.4,29.8,31.5,4.95,1.99,4.96,0.16,0.0,0.0,1027.0,8228.0,0.0,0.0,0.0,0.0,0.0,1.0,0.0,0.0,0.0,0.0,0.0,-0.3,0.0,-1.2000000000000002,0.0,0.0,16.0,25903.0
2026-07-30T18:59:21.291Z,130.774,130.788,0.0,7.4,0.0,0.0,0.0,0.0,0.0,0.0,0.0,0.0,1.0,0.0,0.0,0.0,9.0,4.0,0.0,0.0,0.0,0.0,0.0,0.0,0.0,0.0,6.0,12.0,1.0,12.17,5.01,2.51,1.49,0.0,0.0,0.0,0.6000000000000001,0.0,-0.1,0.6000000000000001,-0.6000000000000001,-169.70000000000002,0.0,0.0,169.8,0.0,20.9,30.8,30.8,31.5,300.0,300.0,31.0,34.800000000000004,30.4,29.8,31.5,4.95,1.99,4.97,0.17,0.0,0.0,1027.0,8228.0,0.0,0.0,0.0,0.0,0.0,1.0,0.0,0.0,0.0,0.0,0.0,0.2,0.0,0.6000000000000001,0.0,0.0001,16.0,25903.0
2026-07-30T18:59:21.304Z,130.787,130.8,0.0,7.4,0.0,0.0,0.0,0.0,0.0,0.0,0.0,0.0,1.0,0.0,0.0,0.0,9.0,4.0,0.0,0.0,0.0,0.0,0.0,0.0,0.0,0.0,1.0,12.0,1.0,12.17,5.01,2.51,1.49,0.0,0.0,0.0,0.6000000000000001,0.0,-0.1,0.0,0.0,-169.70000000000002,0.0,0.0,169.70000000000002,0.0,20.9,30.8,30.8,31.5,300.0,300.0,31.0,34.800000000000004,30.4,29.8,31.5,4.95,1.99,4.97,0.16,0.0,0.0,1027.0,8228.0,0.0,0.0,0.0,0.0,0.0,1.0,0.0,0.0,0.0,0.0,0.0,0.0,0.0,0.0,0.0,0.0,16.0,25903.0
2026-07-30T18:59:21.316Z,130.799,130.812,0.0,7.4,0.0,0.0,0.0,0.0,0.0,0.0,0.0,0.0,1.0,0.0,0.0,0.0,9.0,4.0,0.0,0.0,0.0,0.0,0.0,0.0,0.0,0.0,2.0,12.0,1.0,12.17,5.01,2.51,1.49,0.0,0.0,0.0,0.6000000000000001,0.0,-0.2,0.0,2.2,-169.70000000000002,0.0,0.0,169.70000000000002,0.0,20.9,30.8,30.8,31.5,300.0,300.0,31.0,34.800000000000004,30.4,29.8,31.5,4.96,1.99,4.96,0.16,0.0,0.0,1027.0,8228.0,0.0,0.0,0.0,0.0,0.0,1.0,0.0,0.0,0.0,0.0,0.0,1.7000000000000002,0.0,-2.0,0.0,0.0001,16.0,25903.0
2026-07-30T18:59:21.328Z,130.811,130.824,0.0,7.4,0.0,0.0,0.0,0.0,0.0,0.0,0.0,0.0,1.0,0.0,0.0,0.0,9.0,4.0,0.0,0.0,0.0,0.0,0.0,0.0,0.0,0.0,4.0,12.0,1.0,12.17,5.01,2.51,1.49,0.0,0.1,0.0,0.6000000000000001,0.0,-0.8,-0.5,0.0,-169.70000000000002,0.0,0.0,169.70000000000002,0.0,20.9,30.8,30.8,31.5,300.0,300.0,31.0,34.800000000000004,30.4,29.8,31.5,4.95,1.99,4.97,0.16,0.0,0.0,1027.0,8228.0,0.0,0.0,0.0,0.0,0.0,1.0,0.0,0.0,0.0,0.0,0.0,-0.6000000000000001,0.0,0.0,0.0,0.0001,16.0,25903.0
2026-07-30T18:59:21.339Z,130.822,130.836,0.0,7.4,0.0,0.0,0.0,0.0,0.0,0.0,0.0,0.0,1.0,0.0,0.0,0.0,9.0,4.0,0.0,0.0,0.0,0.0,0.0,0.0,0.0,0.0,5.0,12.0,1.0,12.17,5.01,2.51,1.49,0.0,0.0,0.0,0.6000000000000001,0.0,-0.2,0.0,-0.6000000000000001,-169.70000000000002,0.0,0.0,169.60000000000002,0.0,20.9,30.8,30.8,31.5,300.0,300.0,31.0,34.800000000000004,30.4,29.8,31.5,4.95,1.99,4.96,0.16,0.0,0.0,1027.0,8228.0,0.0,0.0,0.0,0.0,0.0,1.0,0.0,0.0,0.0,0.0,0.0,-0.3,0.0,-0.3,0.0,0.0001,16.0,25903.0
2026-07-30T18:59:21.352Z,130.835,130.848,0.0,7.4,0.0,0.0,0.0,0.0,0.0,0.0,0.0,0.0,1.0,0.0,0.0,0.0,9.0,4.0,0.0,0.0,0.0,0.0,0.0,0.0,0.0,0.0,6.0,12.0,1.0,12.17,5.01,2.51,1.49,0.0,0.0,0.0,0.6000000000000001,0.0,0.3,0.6000000000000001,-0.6000000000000001,-169.70000000000002,0.0,0.0,169.70000000000002,0.0,20.9,30.8,30.8,31.5,300.0,300.0,31.0,34.800000000000004,30.4,29.8,31.5,4.95,2.0,4.96,0.16,0.0,0.0,1027.0,8228.0,0.0,0.0,0.0,0.0,0.0,1.0,0.0,0.0,0.0,0.0,0.0,1.1,0.0,-0.3,0.0,0.0,16.0,25903.0
2026-07-30T18:59:21.364Z,130.847,130.86,0.0,7.4,0.0,0.0,0.0,0.0,0.0,0.0,0.0,0.0,1.0,0.0,0.0,0.0,9.0,4.0,0.0,0.0,0.0,0.0,0.0,0.0,0.0,0.0,1.0,12.0,1.0,12.17,5.01,2.51,1.49,0.0,0.0,0.0,0.6000000000000001,0.0,0.4,1.3,1.1,-169.70000000000002,0.0,0.0,169.70000000000002,0.0,20.9,30.8,30.8,31.5,300.0,300.0,31.0,34.800000000000004,30.4,29.8,31.5,4.96,2.0,4.96,0.16,0.0,0.0,1027.0,8228.0,0.0,0.0,0.0,0.0,0.0,1.0,0.0,0.0,0.0,0.0,0.0,0.0,0.0,1.1,0.0,0.0001,16.0,25903.0
2026-07-30T18:59:21.376Z,130.859,130.872,0.0,7.4,0.0,0.0,0.0,0.0,0.0,0.0,0.0,0.0,1.0,0.0,0.0,0.0,9.0,4.0,0.0,0.0,0.0,0.0,0.0,0.0,0.0,0.0,2.0,12.0,1.0,12.17,5.01,2.51,1.49,0.0,0.1,0.0,0.7000000000000001,0.0,0.4,0.7000000000000001,1.1,-169.70000000000002,0.0,0.0,169.70000000000002,0.0,21.3,30.8,30.8,31.5,300.0,300.0,31.1,34.800000000000004,30.4,29.8,31.5,4.95,1.99,4.97,0.16,0.0,0.0,1027.0,8228.0,0.0,0.0,0.0,0.0,0.0,1.0,0.0,0.0,0.0,0.0,0.0,-1.2000000000000002,0.0,-0.1,0.0,0.0,16.0,25903.0
2026-07-30T18:59:21.388Z,130.871,130.884,0.0,7.4,0.0,0.0,0.0,0.0,0.0,0.0,0.0,0.0,1.0,0.0,0.0,0.0,9.0,4.0,0.0,0.0,0.0,0.0,0.0,0.0,0.0,0.0,4.0,12.0,1.0,12.17,5.01,2.51,1.49,0.0,0.0,0.0,0.6000000000000001,0.0,-0.1,1.2000000000000002,0.0,-169.70000000000002,0.0,0.0,169.70000000000002,0.0,21.3,30.8,30.8,31.5,300.0,300.0,31.1,34.800000000000004,30.4,29.8,31.5,4.95,1.99,4.96,0.16,0.0,0.0,1027.0,8228.0,0.0,0.0,0.0,0.0,0.0,1.0,0.0,0.0,0.0,0.0,0.0,1.4,0.0,0.2,0.0,0.0001,16.0,25903.0
2026-07-30T18:59:21.400Z,130.883,130.89600000000002,0.0,7.4,0.0,0.0,0.0,0.0,0.0,0.0,0.0,0.0,1.0,0.0,0.0,0.0,9.0,4.0,0.0,0.0,0.0,0.0,0.0,0.0,0.0,0.0,5.0,12.0,1.0,12.17,5.01,2.51,1.49,0.0,0.0,0.0,0.6000000000000001,0.0,-0.1,0.7000000000000001,0.5,-169.70000000000002,0.0,0.0,169.8,0.0,21.3,30.8,30.8,31.5,300.0,300.0,31.1,34.800000000000004,30.4,29.8,31.5,4.96,1.99,4.96,0.16,0.0,0.0,1027.0,8228.0,0.0,0.0,0.0,0.0,0.0,1.0,0.0,0.0,0.0,0.0,0.0,1.1,0.0,-0.3,0.0,0.0,16.0,25903.0
2026-07-30T18:59:21.412Z,130.895,130.90800000000002,0.0,7.4,0.0,0.0,0.0,0.0,0.0,0.0,0.0,0.0,1.0,0.0,0.0,0.0,9.0,4.0,0.0,0.0,0.0,0.0,0.0,0.0,0.0,0.0,6.0,12.0,1.0,12.17,5.01,2.51,1.49,-0.1,0.1,0.0,0.6000000000000001,0.0,0.3,-0.5,0.0,-169.70000000000002,0.0,0.0,169.8,0.0,21.3,30.8,30.8,31.5,300.0,300.0,31.1,34.800000000000004,30.4,29.8,31.5,4.95,1.99,4.97,0.16,0.0,0.0,1027.0,8228.0,0.0,0.0,0.0,0.0,0.0,1.0,0.0,0.0,0.0,0.0,0.0,-0.6000000000000001,0.0,0.0,0.0,0.0001,16.0,25903.0
2026-07-30T18:59:21.424Z,130.907,130.92000000000002,0.0,7.4,0.0,0.0,0.0,0.0,0.0,0.0,0.0,0.0,1.0,0.0,0.0,0.0,9.0,4.0,0.0,0.0,0.0,0.0,0.0,0.0,0.0,0.0,1.0,12.0,1.0,12.17,5.01,2.51,1.49,0.0,0.0,0.0,0.7000000000000001,0.0,-0.2,0.0,-0.1,-169.70000000000002,0.0,0.0,169.8,0.0,21.3,30.8,30.8,31.5,300.0,300.0,31.1,34.800000000000004,30.4,29.8,31.5,4.96,1.99,4.96,0.16,0.0,0.0,1027.0,8228.0,0.0,0.0,0.0,0.0,0.0,1.0,0.0,0.0,0.0,0.0,0.0,0.0,0.0,0.1,0.0,0.0001,16.0,25903.0
2026-07-30T18:59:21.436Z,130.919,130.93200000000002,0.0,7.4,0.0,0.0,0.0,0.0,0.0,0.0,0.0,0.0,1.0,0.0,0.0,0.0,9.0,4.0,0.0,0.0,0.0,0.0,0.0,0.0,0.0,0.0,2.0,12.0,1.0,12.17,5.01,2.51,1.49,0.0,0.0,0.0,0.6000000000000001,0.0,-0.7000000000000001,0.0,0.4,-169.70000000000002,0.0,0.0,169.8,0.0,21.3,30.8,30.8,31.5,300.0,300.0,31.1,34.800000000000004,30.4,29.8,31.5,4.96,1.99,4.96,0.16,0.0,0.0,1027.0,8228.0,0.0,0.0,0.0,0.0,0.0,1.0,0.0,0.0,0.0,0.0,0.0,0.3,0.0,-0.3,0.0,0.0,16.0,25903.0
2026-07-30T18:59:21.448Z,130.931,130.94400000000002,0.0,7.4,0.0,0.0,0.0,0.0,0.0,0.0,0.0,0.0,1.0,0.0,0.0,0.0,9.0,4.0,0.0,0.0,0.0,0.0,0.0,0.0,0.0,0.0,4.0,12.0,1.0,12.17,5.01,2.51,1.49,0.0,0.0,0.0,0.6000000000000001,0.0,-0.2,0.6000000000000001,-0.1,-169.70000000000002,0.0,0.0,169.8,0.0,21.3,30.8,30.8,31.5,300.0,300.0,31.1,34.800000000000004,30.4,29.8,31.5,4.95,1.99,4.96,0.16,0.0,0.0,1027.0,8228.0,0.0,0.0,0.0,0.0,0.0,1.0,0.0,0.0,0.0,0.0,0.0,0.6000000000000001,0.0,0.2,0.0,0.0,16.0,25903.0
2026-07-30T18:59:21.460Z,130.943,130.956,0.0,7.4,0.0,0.0,0.0,0.0,0.0,0.0,0.0,0.0,1.0,0.0,0.0,0.0,9.0,4.0,0.0,0.0,0.0,0.0,0.0,0.0,0.0,0.0,5.0,12.0,1.0,12.17,5.01,2.51,1.49,0.0,0.1,0.0,0.6000000000000001,0.0,0.3,0.6000000000000001,-1.3,-169.70000000000002,0.0,0.0,169.60000000000002,0.0,21.3,30.8,30.8,31.5,300.0,300.0,31.1,34.800000000000004,30.4,29.8,31.5,4.95,1.99,4.97,0.16,0.0,0.0,1027.0,8228.0,0.0,0.0,0.0,0.0,0.0,1.0,0.0,0.0,0.0,0.0,0.0,-0.2,0.0,1.2000000000000002,0.0,0.0,16.0,25903.0
2026-07-30T18:59:21.473Z,130.956,130.968,0.0,7.4,0.0,0.0,0.0,0.0,0.0,0.0,0.0,0.0,1.0,0.0,0.0,0.0,9.0,4.0,0.0,0.0,0.0,0.0,0.0,0.0,0.0,0.0,6.0,12.0,1.0,12.14,5.0200000000000005,2.51,1.49,0.0,0.0,0.0,0.6000000000000001,0.0,0.3,-0.5,-0.1,-169.70000000000002,0.0,0.0,169.8,0.0,21.4,30.8,30.8,31.5,300.0,300.0,30.9,34.9,30.4,29.8,31.5,4.96,1.99,4.96,0.16,0.0,0.0,1027.0,8228.0,0.0,0.0,0.0,0.0,0.0,1.0,0.0,0.0,0.0,0.0,0.0,-0.7000000000000001,0.0,0.0,0.0,0.0001,16.0,25903.0
2026-07-30T18:59:21.483Z,130.966,130.98,0.0,7.4,0.0,0.0,0.0,0.0,0.0,0.0,0.0,0.0,1.0,0.0,0.0,0.0,9.0,4.0,0.0,0.0,0.0,0.0,0.0,0.0,0.0,0.0,1.0,12.0,1.0,12.14,5.0200000000000005,2.51,1.49,0.0,0.0,0.0,0.6000000000000001,0.0,0.3,0.0,-1.3,-169.70000000000002,0.0,0.0,169.8,0.0,21.4,30.8,30.8,31.5,300.0,300.0,30.9,34.9,30.4,29.8,31.5,4.96,1.99,4.97,0.16,0.0,0.0,1027.0,8228.0,0.0,0.0,0.0,0.0,0.0,1.0,0.0,0.0,0.0,0.0,0.0,-0.9,0.0,1.1,0.0,0.0001,16.0,25903.0
2026-07-30T18:59:21.496Z,130.979,130.992,0.0,7.4,0.0,0.0,0.0,0.0,0.0,0.0,0.0,0.0,1.0,0.0,0.0,0.0,9.0,4.0,0.0,0.0,0.0,0.0,0.0,0.0,0.0,0.0,3.0,12.0,1.0,12.14,5.0200000000000005,2.51,1.49,0.0,0.1,0.0,0.6000000000000001,0.0,0.3,0.6000000000000001,0.4,-169.70000000000002,0.0,0.0,169.70000000000002,0.0,21.4,30.8,30.8,31.5,300.0,300.0,30.9,34.9,30.4,29.8,31.5,4.96,1.99,4.97,0.16,0.0,0.0,1027.0,8228.0,0.0,0.0,0.0,0.0,0.0,1.0,0.0,0.0,0.0,0.0,0.0,1.0,0.0,-0.2,0.0,0.0001,16.0,25903.0
2026-07-30T18:59:21.512Z,130.995,131.004,0.0,7.4,0.0,0.0,0.0,0.0,0.0,0.0,0.0,0.0,1.0,0.0,0.0,0.0,9.0,4.0,0.0,0.0,0.0,0.0,0.0,0.0,0.0,0.0,3.0,12.0,1.0,12.14,5.0200000000000005,2.51,1.49,0.0,0.1,0.0,0.6000000000000001,0.0,-0.2,0.0,0.4,-169.70000000000002,0.0,0.0,169.70000000000002,0.0,21.4,30.8,30.8,31.5,300.0,300.0,30.9,34.9,30.4,29.8,31.5,4.96,1.99,4.96,0.16,0.0,0.0,1027.0,8228.0,0.0,0.0,0.0,0.0,0.0,1.0,0.0,0.0,0.0,0.0,0.0,0.4,0.0,-0.3,0.0,0.0001,16.0,25903.0
2026-07-30T18:59:21.520Z,131.003,131.016,0.0,7.4,0.0,0.0,0.0,0.0,0.0,0.0,0.0,0.0,1.0,0.0,0.0,0.0,9.0,4.0,0.0,0.0,0.0,0.0,0.0,0.0,0.0,0.0,6.0,12.0,1.0,12.14,5.0200000000000005,2.51,1.49,0.0,0.0,0.0,0.6000000000000001,0.0,-0.8,0.6000000000000001,2.2,-169.70000000000002,0.0,0.0,169.8,0.0,21.4,30.8,30.8,31.5,300.0,300.0,30.9,34.9,30.4,29.8,31.5,4.95,1.99,4.96,0.16,0.0,0.0,1027.0,8228.0,0.0,0.0,0.0,0.0,0.0,1.0,0.0,0.0,0.0,0.0,0.0,2.4000000000000004,0.0,-1.8,0.0,0.0001,16.0,25903.0
2026-07-30T18:59:21.532Z,131.015,131.028,0.0,7.4,0.0,0.0,0.0,0.0,0.0,0.0,0.0,0.0,1.0,0.0,0.0,0.0,9.0,4.0,0.0,0.0,0.0,0.0,0.0,0.0,0.0,0.0,3.0,12.0,1.0,12.14,5.0200000000000005,2.51,1.49,0.0,0.0,0.0,0.6000000000000001,0.0,0.9,0.7000000000000001,1.0,-169.70000000000002,0.0,0.0,169.60000000000002,0.0,21.4,30.8,30.8,31.5,300.0,300.0,30.9,34.9,30.4,29.8,31.5,4.95,1.99,4.96,0.16,0.0,0.0,1027.0,8228.0,0.0,0.0,0.0,0.0,0.0,1.0,0.0,0.0,0.0,0.0,0.0,1.5,0.0,-0.7000000000000001,0.0,0.0001,16.0,25903.0
2026-07-30T18:59:21.544Z,131.027,131.04,0.0,7.4,0.0,0.0,0.0,0.0,0.0,0.0,0.0,0.0,1.0,0.0,0.0,0.0,9.0,4.0,0.0,0.0,0.0,0.0,0.0,0.0,0.0,0.0,4.0,12.0,1.0,12.14,5.0200000000000005,2.51,1.49,0.0,0.1,0.0,0.6000000000000001,0.0,-0.2,0.1,-0.7000000000000001,-169.70000000000002,0.0,0.0,169.70000000000002,0.0,21.4,30.8,30.8,31.5,300.0,300.0,30.9,34.9,30.4,29.8,31.5,4.95,1.99,4.96,0.16,0.0,0.0,1027.0,8228.0,0.0,0.0,0.0,0.0,0.0,1.0,0.0,0.0,0.0,0.0,0.0,-0.4,0.0,0.6000000000000001,0.0,0.0002,16.0,25903.0
2026-07-30T18:59:21.556Z,131.039,131.052,0.0,7.4,0.0,0.0,0.0,0.0,0.0,0.0,0.0,0.0,1.0,0.0,0.0,0.0,9.0,4.0,0.0,0.0,0.0,0.0,0.0,0.0,0.0,0.0,5.0,12.0,1.0,12.14,5.0200000000000005,2.51,1.49,0.0,0.0,0.0,0.6000000000000001,0.0,-0.2,1.2000000000000002,-0.1,-169.70000000000002,0.0,0.0,169.70000000000002,0.0,21.4,30.8,30.8,31.5,300.0,300.0,30.9,34.9,30.4,29.8,31.5,4.96,1.99,4.96,0.16,0.0,0.0,1027.0,8228.0,0.0,0.0,0.0,0.0,0.0,1.0,0.0,0.0,0.0,0.0,0.0,1.3,0.0,0.3,0.0,0.0,16.0,25903.0
2026-07-30T18:59:21.568Z,131.051,131.064,0.0,7.4,0.0,0.0,0.0,0.0,0.0,0.0,0.0,0.0,1.0,0.0,0.0,0.0,9.0,4.0,0.0,0.0,0.0,0.0,0.0,0.0,0.0,0.0,6.0,12.0,1.0,12.14,5.0200000000000005,2.51,1.49,0.0,0.0,0.0,0.6000000000000001,0.0,0.3,0.1,-0.1,-169.70000000000002,0.0,0.0,169.70000000000002,0.0,21.4,30.8,30.8,31.5,300.0,300.0,30.9,34.9,30.4,29.8,31.5,4.95,1.99,4.97,0.16,0.0,0.0,1027.0,8228.0,0.0,0.0,0.0,0.0,0.0,1.0,0.0,0.0,0.0,0.0,0.0,0.0,0.0,0.1,0.0,0.0,16.0,25903.0
2026-07-30T18:59:21.580Z,131.063,131.076,0.0,7.4,0.0,0.0,0.0,0.0,0.0,0.0,0.0,0.0,1.0,0.0,0.0,0.0,9.0,4.0,0.0,0.0,0.0,0.0,0.0,0.0,0.0,0.0,1.0,12.0,1.0,12.14,5.0200000000000005,2.5,1.49,0.0,0.0,0.0,0.6000000000000001,0.0,0.3,0.0,-0.7000000000000001,-169.70000000000002,0.0,0.0,169.70000000000002,0.0,21.700000000000003,30.8,30.8,31.5,300.0,300.0,30.8,34.800000000000004,30.4,29.8,31.5,4.95,2.0,4.97,0.16,0.0,0.0,1027.0,8228.0,0.0,0.0,0.0,0.0,0.0,1.0,0.0,0.0,0.0,0.0,0.0,-0.4,0.0,0.6000000000000001,0.0,0.0001,16.0,25903.0
2026-07-30T18:59:21.592Z,131.075,131.088,0.0,7.4,0.0,0.0,0.0,0.0,0.0,0.0,0.0,0.0,1.0,0.0,0.0,0.0,9.0,4.0,0.0,0.0,0.0,0.0,0.0,0.0,0.0,0.0,2.0,12.0,1.0,12.14,5.0200000000000005,2.5,1.49,-0.1,0.0,0.0,0.6000000000000001,0.0,-0.1,0.0,0.4,-169.70000000000002,0.0,0.0,169.70000000000002,0.0,21.700000000000003,30.8,30.8,31.5,300.0,300.0,30.8,34.800000000000004,30.4,29.8,31.5,4.95,1.99,4.97,0.16,0.0,0.0,1027.0,8228.0,0.0,0.0,0.0,0.0,0.0,1.0,0.0,0.0,0.0,0.0,0.0,0.3,0.0,-0.3,0.0,0.0,16.0,25903.0
2026-07-30T18:59:21.604Z,131.087,131.1,0.0,7.4,0.0,0.0,0.0,0.0,0.0,0.0,0.0,0.0,1.0,0.0,0.0,0.0,9.0,4.0,0.0,0.0,0.0,0.0,0.0,0.0,0.0,0.0,3.0,12.0,1.0,12.14,5.0200000000000005,2.5,1.49,0.0,0.0,0.0,0.6000000000000001,0.0,0.9,0.0,-0.1,-169.70000000000002,0.0,0.0,169.8,0.0,21.700000000000003,30.8,30.8,31.5,300.0,300.0,30.8,34.800000000000004,30.4,29.8,31.5,4.95,1.99,4.97,0.16,0.0,0.0,1027.0,8228.0,0.0,0.0,0.0,0.0,0.0,1.0,0.0,0.0,0.0,0.0,0.0,0.0,0.0,0.1,0.0,0.0001,16.0,25903.0
2026-07-30T18:59:21.616Z,131.099,131.112,0.0,7.4,0.0,0.0,0.0,0.0,0.0,0.0,0.0,0.0,1.0,0.0,0.0,0.0,9.0,4.0,0.0,0.0,0.0,0.0,0.0,0.0,0.0,0.0,4.0,12.0,1.0,12.14,5.0200000000000005,2.5,1.49,0.0,0.0,0.0,0.6000000000000001,0.0,-0.1,0.6000000000000001,-0.6000000000000001,-169.70000000000002,0.0,0.0,169.8,0.0,21.700000000000003,30.8,30.8,31.5,300.0,300.0,30.8,34.800000000000004,30.4,29.8,31.5,4.96,1.99,4.96,0.16,0.0,0.0,1027.0,8228.0,0.0,0.0,0.0,0.0,0.0,1.0,0.0,0.0,0.0,0.0,0.0,0.2,0.0,0.7000000000000001,0.0,0.0001,16.0,25903.0
2026-07-30T18:59:21.628Z,131.111,131.124,0.0,7.4,0.0,0.0,0.0,0.0,0.0,0.0,0.0,0.0,1.0,0.0,0.0,0.0,9.0,4.0,0.0,0.0,0.0,0.0,0.0,0.0,0.0,0.0,5.0,12.0,1.0,12.14,5.0200000000000005,2.5,1.49,0.0,0.0,0.0,0.6000000000000001,0.0,0.4,0.1,1.0,-169.70000000000002,0.0,0.0,169.8,0.0,21.700000000000003,30.8,30.8,31.5,300.0,300.0,30.8,34.800000000000004,30.4,29.8,31.5,4.96,1.99,4.96,0.16,0.0,0.0,1027.0,8228.0,0.0,0.0,0.0,0.0,0.0,1.0,0.0,0.0,0.0,0.0,0.0,0.9,0.0,-0.9,0.0,0.0001,16.0,25903.0
2026-07-30T18:59:21.640Z,131.123,131.136,0.0,7.4,0.0,0.0,0.0,0.0,0.0,0.0,0.0,0.0,1.0,0.0,0.0,0.0,9.0,4.0,0.0,0.0,0.0,0.0,0.0,0.0,0.0,0.0,6.0,12.0,1.0,12.14,5.0200000000000005,2.5,1.49,0.0,0.0,0.0,0.6000000000000001,0.0,-0.1,0.1,0.5,-169.70000000000002,0.0,0.0,169.8,0.0,21.700000000000003,30.8,30.8,31.5,300.0,300.0,30.8,34.800000000000004,30.4,29.8,31.5,4.95,1.99,4.96,0.16,0.0,0.0,1027.0,8228.0,0.0,0.0,0.0,0.0,0.0,1.0,0.0,0.0,0.0,0.0,0.0,0.5,0.0,-0.4,0.0,0.0,16.0,25903.0
2026-07-30T18:59:21.652Z,131.135,131.148,0.0,7.4,0.0,0.0,0.0,0.0,0.0,0.0,0.0,0.0,1.0,0.0,0.0,0.0,9.0,4.0,0.0,0.0,0.0,0.0,0.0,0.0,0.0,0.0,1.0,12.0,1.0,12.14,5.0200000000000005,2.5,1.49,0.0,0.0,0.0,0.6000000000000001,0.0,-0.2,-0.4,-0.6000000000000001,-169.70000000000002,0.0,0.0,169.8,0.0,21.700000000000003,30.8,30.8,31.5,300.0,300.0,30.8,34.800000000000004,30.4,29.8,31.5,4.95,1.99,4.97,0.16,0.0,0.0,1027.0,8228.0,0.0,0.0,0.0,0.0,0.0,1.0,0.0,0.0,0.0,0.0,0.0,-1.0,0.0,0.4,0.0,0.0001,16.0,25903.0
2026-07-30T18:59:21.664Z,131.147,131.16,0.0,7.4,0.0,0.0,0.0,0.0,0.0,0.0,0.0,0.0,1.0,0.0,0.0,0.0,9.0,4.0,0.0,0.0,0.0,0.0,0.0,0.0,0.0,0.0,2.0,12.0,1.0,12.14,5.0200000000000005,2.5,1.49,0.0,0.0,0.0,0.6000000000000001,0.0,-0.2,0.0,-1.2000000000000002,-169.70000000000002,0.0,0.0,169.8,0.0,21.700000000000003,30.8,30.8,31.5,300.0,300.0,30.8,34.800000000000004,30.4,29.8,31.5,4.96,1.99,4.96,0.16,0.0,0.0,1027.0,8228.0,0.0,0.0,0.0,0.0,0.0,1.0,0.0,0.0,0.0,0.0,0.0,-0.8,0.0,1.1,0.0,0.0,16.0,25903.0
2026-07-30T18:59:21.677Z,131.16,131.172,0.0,7.4,0.0,0.0,0.0,0.0,0.0,0.0,0.0,0.0,1.0,0.0,0.0,0.0,9.0,4.0,0.0,0.0,0.0,0.0,0.0,0.0,0.0,0.0,3.0,12.0,1.0,12.17,5.01,2.51,1.49,0.0,0.1,0.0,0.6000000000000001,0.0,-0.8,1.2000000000000002,-0.7000000000000001,-169.70000000000002,0.0,0.0,169.8,0.0,21.8,30.8,30.8,31.5,300.0,300.0,30.8,34.9,30.4,29.8,31.5,4.96,2.0,4.97,0.16,0.0,0.0,1027.0,8228.0,0.0,0.0,0.0,0.0,0.0,1.0,0.0,0.0,0.0,0.0,0.0,0.9,0.0,0.8,0.0,0.0001,16.0,25903.0
2026-07-30T18:59:21.688Z,131.171,131.184,0.0,7.4,0.0,0.0,0.0,0.0,0.0,0.0,0.0,0.0,1.0,0.0,0.0,0.0,9.0,4.0,0.0,0.0,0.0,0.0,0.0,0.0,0.0,0.0,5.0,12.0,1.0,12.17,5.01,2.51,1.49,0.0,0.0,0.0,0.6000000000000001,0.0,0.3,0.6000000000000001,-0.1,-169.70000000000002,0.0,0.0,169.8,0.0,21.8,30.8,30.8,31.5,300.0,300.0,30.8,34.9,30.4,29.8,31.5,4.95,1.99,4.97,0.16,0.0,0.0,1027.0,8228.0,0.0,0.0,0.0,0.0,0.0,1.0,0.0,0.0,0.0,0.0,0.0,0.6000000000000001,0.0,0.2,0.0,0.0001,16.0,25903.0
2026-07-30T18:59:21.700Z,131.183,131.196,0.0,7.4,0.0,0.0,0.0,0.0,0.0,0.0,0.0,0.0,1.0,0.0,0.0,0.0,9.0,4.0,0.0,0.0,0.0,0.0,0.0,0.0,0.0,0.0,6.0,12.0,1.0,12.17,5.01,2.51,1.49,0.0,0.0,0.0,0.6000000000000001,0.0,0.3,0.6000000000000001,1.0,-169.70000000000002,0.0,0.0,169.8,0.0,21.8,30.8,30.8,31.5,300.0,300.0,30.8,34.9,30.4,29.8,31.5,4.95,1.99,4.97,0.16,0.0,0.0,1027.0,8228.0,0.0,0.0,0.0,0.0,0.0,1.0,0.0,0.0,0.0,0.0,0.0,1.5,0.0,-0.7000000000000001,0.0,0.0,16.0,25903.0
2026-07-30T18:59:21.712Z,131.195,131.208,0.0,7.4,0.0,0.0,0.0,0.0,0.0,0.0,0.0,0.0,1.0,0.0,0.0,0.0,9.0,4.0,0.0,0.0,0.0,0.0,0.0,0.0,0.0,0.0,1.0,12.0,1.0,12.17,5.01,2.51,1.49,0.0,0.0,0.0,0.6000000000000001,0.0,-0.8,-0.5,-0.1,-169.70000000000002,0.0,0.0,169.70000000000002,0.0,21.8,30.8,30.8,31.5,300.0,300.0,30.8,34.9,30.4,29.8,31.5,4.96,1.99,4.96,0.16,0.0,0.0,1027.0,8228.0,0.0,0.0,0.0,0.0,0.0,1.0,0.0,0.0,0.0,0.0,0.0,-0.7000000000000001,0.0,0.0,0.0,0.0,16.0,25903.0
2026-07-30T18:59:21.724Z,131.207,131.22,0.0,7.4,0.0,0.0,0.0,0.0,0.0,0.0,0.0,0.0,1.0,0.0,0.0,0.0,9.0,4.0,0.0,0.0,0.0,0.0,0.0,0.0,0.0,0.0,2.0,12.0,1.0,12.17,5.01,2.51,1.49,0.0,0.0,0.0,0.6000000000000001,0.0,0.9,0.0,0.9,-169.70000000000002,0.0,0.0,169.8,0.0,21.8,30.8,30.8,31.5,300.0,300.0,30.8,34.9,30.4,29.8,31.5,4.96,1.99,4.97,0.15,0.0,0.0,1027.0,8228.0,0.0,0.0,0.0,0.0,0.0,1.0,0.0,0.0,0.0,0.0,0.0,0.7000000000000001,0.0,-0.8,0.0,0.0001,16.0,25903.0
2026-07-30T18:59:21.736Z,131.219,131.232,0.0,7.4,0.0,0.0,0.0,0.0,0.0,0.0,0.0,0.0,1.0,0.0,0.0,0.0,9.0,4.0,0.0,0.0,0.0,0.0,0.0,0.0,0.0,0.0,3.0,12.0,1.0,12.17,5.01,2.51,1.49,0.0,0.0,0.0,0.5,0.0,-0.2,0.0,-1.3,-169.70000000000002,0.0,0.0,169.8,0.0,21.8,30.8,30.8,31.5,300.0,300.0,30.8,34.9,30.4,29.8,31.5,4.95,2.0,4.97,0.16,0.0,0.0,1027.0,8228.0,0.0,0.0,0.0,0.0,0.0,1.0,0.0,0.0,0.0,0.0,0.0,-0.9,0.0,1.1,0.0,0.0001,16.0,25903.0
2026-07-30T18:59:21.748Z,131.231,131.244,0.0,7.4,0.0,0.0,0.0,0.0,0.0,0.0,0.0,0.0,1.0,0.0,0.0,0.0,9.0,4.0,0.0,0.0,0.0,0.0,0.0,0.0,0.0,0.0,5.0,12.0,1.0,12.17,5.01,2.51,1.49,0.0,0.0,0.0,0.6000000000000001,0.0,0.3,0.0,0.4,-169.70000000000002,0.0,0.0,169.8,0.0,21.8,30.8,30.8,31.5,300.0,300.0,30.8,34.9,30.4,29.8,31.5,4.96,2.0,4.96,0.16,0.0,0.0,1027.0,8228.0,0.0,0.0,0.0,0.0,0.0,1.0,0.0,0.0,0.0,0.0,0.0,0.3,0.0,-0.3,0.0,0.0001,16.0,25903.0
2026-07-30T18:59:21.759Z,131.242,131.256,0.0,7.4,0.0,0.0,0.0,0.0,0.0,0.0,0.0,0.0,1.0,0.0,0.0,0.0,9.0,4.0,0.0,0.0,0.0,0.0,0.0,0.0,0.0,0.0,5.0,12.0,1.0,12.17,5.01,2.51,1.49,0.0,0.1,0.0,0.6000000000000001,0.0,0.3,0.0,-0.1,-169.70000000000002,0.0,0.0,169.70000000000002,0.0,21.8,30.8,30.8,31.5,300.0,300.0,30.8,34.9,30.4,29.8,31.5,4.95,2.0,4.97,0.16,0.0,0.0,1027.0,8228.0,0.0,0.0,0.0,0.0,0.0,1.0,0.0,0.0,0.0,0.0,0.0,0.0,0.0,0.0,0.0,0.0,16.0,25903.0
2026-07-30T18:59:21.772Z,131.255,131.268,0.0,7.4,0.0,0.0,0.0,0.0,0.0,0.0,0.0,0.0,1.0,0.0,0.0,0.0,9.0,4.0,0.0,0.0,0.0,0.0,0.0,0.0,0.0,0.0,5.0,12.0,1.0,12.17,5.01,2.51,1.49,0.0,0.0,0.0,0.6000000000000001,0.0,0.4,0.6000000000000001,1.1,-169.70000000000002,0.0,0.0,169.8,0.0,21.8,30.8,30.8,31.5,300.0,300.0,30.8,34.9,30.4,29.8,31.5,4.95,1.99,4.97,0.16,0.0,0.0,1027.0,8228.0,0.0,0.0,0.0,0.0,0.0,1.0,0.0,0.0,0.0,0.0,0.0,1.5,0.0,-0.8,0.0,0.0002,16.0,25903.0
2026-07-30T18:59:21.784Z,131.267,131.28,0.0,7.4,0.0,0.0,0.0,0.0,0.0,0.0,0.0,0.0,1.0,0.0,0.0,0.0,9.0,4.0,0.0,0.0,0.0,0.0,0.0,0.0,0.0,0.0,1.0,12.0,1.0,12.17,5.0200000000000005,2.51,1.49,0.0,0.0,0.0,0.6000000000000001,0.0,-0.7000000000000001,0.0,-0.7000000000000001,-169.70000000000002,0.0,0.0,169.8,0.0,21.200000000000003,30.8,30.8,31.5,300.0,300.0,30.9,34.9,30.3,29.8,31.5,4.96,1.99,4.97,0.16,0.0,0.0,1027.0,8228.0,0.0,0.0,0.0,0.0,0.0,1.0,0.0,0.0,0.0,0.0,0.0,-0.5,0.0,0.6000000000000001,0.0,0.0001,16.0,25903.0
2026-07-30T18:59:21.795Z,131.278,131.292,0.0,7.4,0.0,0.0,0.0,0.0,0.0,0.0,0.0,0.0,1.0,0.0,0.0,0.0,9.0,4.0,0.0,0.0,0.0,0.0,0.0,0.0,0.0,0.0,2.0,12.0,1.0,12.17,5.0200000000000005,2.51,1.49,0.0,0.0,0.0,0.6000000000000001,0.0,0.3,0.0,-0.1,-169.70000000000002,0.0,0.0,169.70000000000002,0.0,21.200000000000003,30.8,30.8,31.5,300.0,300.0,30.9,34.9,30.3,29.8,31.5,4.96,1.99,4.96,0.16,0.0,0.0,1027.0,8228.0,0.0,0.0,0.0,0.0,0.0,1.0,0.0,0.0,0.0,0.0,0.0,0.0,0.0,0.0,0.0,0.0,16.0,25903.0
2026-07-30T18:59:21.808Z,131.291,131.304,0.0,7.4,0.0,0.0,0.0,0.0,0.0,0.0,0.0,0.0,1.0,0.0,0.0,0.0,9.0,4.0,0.0,0.0,0.0,0.0,0.0,0.0,0.0,0.0,3.0,12.0,1.0,12.17,5.0200000000000005,2.51,1.49,0.0,0.0,0.0,0.6000000000000001,0.0,0.3,-0.6000000000000001,-0.1,-169.70000000000002,0.0,0.0,169.8,0.0,21.200000000000003,30.8,30.8,31.5,300.0,300.0,30.9,34.9,30.3,29.8,31.5,4.95,1.99,4.97,0.16,0.0,0.0,1027.0,8228.0,0.0,0.0,0.0,0.0,0.0,1.0,0.0,0.0,0.0,0.0,0.0,-0.8,0.0,0.0,0.0,0.0,16.0,25903.0
2026-07-30T18:59:21.826Z,131.309,131.316,0.0,7.4,0.0,0.0,0.0,0.0,0.0,0.0,0.0,0.0,1.0,0.0,0.0,0.0,9.0,4.0,0.0,0.0,0.0,0.0,0.0,0.0,0.0,0.0,4.0,12.0,1.0,12.17,5.0200000000000005,2.51,1.49,0.0,0.0,0.0,0.6000000000000001,0.0,0.3,0.0,0.4,-169.70000000000002,0.0,0.0,169.8,0.0,21.200000000000003,30.8,30.8,31.5,300.0,300.0,30.9,34.9,30.3,29.8,31.5,4.95,1.99,4.96,0.16,0.0,0.0,1027.0,8228.0,0.0,0.0,0.0,0.0,0.0,1.0,0.0,0.0,0.0,0.0,0.0,0.3,0.0,-0.4,0.0,0.0001,16.0,25903.0
2026-07-30T18:59:21.832Z,131.315,131.328,0.0,7.4,0.0,0.0,0.0,0.0,0.0,0.0,0.0,0.0,1.0,0.0,0.0,0.0,9.0,4.0,0.0,0.0,0.0,0.0,0.0,0.0,0.0,0.0,2.0,12.0,1.0,12.17,5.0200000000000005,2.51,1.49,0.0,0.1,0.0,0.6000000000000001,0.0,-0.8,0.0,-0.6000000000000001,-169.70000000000002,0.0,0.0,169.8,0.0,21.200000000000003,30.8,30.8,31.5,300.0,300.0,30.9,34.9,30.3,29.8,31.5,4.96,2.0,4.96,0.16,0.0,0.0,1027.0,8228.0,0.0,0.0,0.0,0.0,0.0,1.0,0.0,0.0,0.0,0.0,0.0,-0.4,0.0,0.6000000000000001,0.0,0.0,16.0,25903.0
2026-07-30T18:59:21.844Z,131.327,131.34,0.0,7.4,0.0,0.0,0.0,0.0,0.0,0.0,0.0,0.0,1.0,0.0,0.0,0.0,9.0,4.0,0.0,0.0,0.0,0.0,0.0,0.0,0.0,0.0,3.0,12.0,1.0,12.17,5.0200000000000005,2.51,1.49,0.0,0.0,0.0,0.6000000000000001,0.0,0.3,0.5,0.0,-169.70000000000002,0.0,0.0,169.8,0.0,21.200000000000003,30.8,30.8,31.5,300.0,300.0,30.9,34.9,30.3,29.8,31.5,4.95,2.0,4.97,0.16,0.0,0.0,1027.0,8228.0,0.0,0.0,0.0,0.0,0.0,1.0,0.0,0.0,0.0,0.0,0.0,0.6000000000000001,0.0,0.1,0.0,0.0001,16.0,25903.0
2026-07-30T18:59:21.856Z,131.339,131.352,0.0,7.4,0.0,0.0,0.0,0.0,0.0,0.0,0.0,0.0,1.0,0.0,0.0,0.0,9.0,4.0,0.0,0.0,0.0,0.0,0.0,0.0,0.0,0.0,4.0,12.0,1.0,12.17,5.0200000000000005,2.51,1.49,0.0,0.0,0.0,0.6000000000000001,0.0,0.3,-0.5,0.4,-169.70000000000002,0.0,0.0,169.70000000000002,0.0,21.200000000000003,30.8,30.8,31.5,300.0,300.0,30.9,34.9,30.3,29.8,31.5,4.95,1.99,4.97,0.16,0.0,0.0,1027.0,8228.0,0.0,0.0,0.0,0.0,0.0,1.0,0.0,0.0,0.0,0.0,0.0,-0.2,0.0,-0.5,0.0,0.0,16.0,25903.0
2026-07-30T18:59:21.868Z,131.351,131.364,0.0,7.4,0.0,0.0,0.0,0.0,0.0,0.0,0.0,0.0,1.0,0.0,0.0,0.0,9.0,4.0,0.0,0.0,0.0,0.0,0.0,0.0,0.0,0.0,6.0,12.0,1.0,12.17,5.0200000000000005,2.51,1.49,0.0,0.0,0.0,0.6000000000000001,0.0,0.3,0.0,-0.1,-169.70000000000002,0.0,0.0,169.8,0.0,21.200000000000003,30.8,30.8,31.5,300.0,300.0,30.9,34.9,30.3,29.8,31.5,4.95,1.99,4.96,0.16,0.0,0.0,1027.0,8228.0,0.0,0.0,0.0,0.0,0.0,1.0,0.0,0.0,0.0,0.0,0.0,-0.5,0.0,0.6000000000000001,0.0,0.0002,16.0,25903.0
2026-07-30T18:59:21.881Z,131.364,131.376,0.0,7.4,0.0,0.0,0.0,0.0,0.0,0.0,0.0,0.0,1.0,0.0,0.0,0.0,9.0,4.0,0.0,0.0,0.0,0.0,0.0,0.0,0.0,0.0,1.0,12.0,1.0,12.13,5.01,2.51,1.49,0.0,0.0,0.0,0.6000000000000001,0.0,0.3,0.5,0.0,-169.70000000000002,0.0,0.0,169.70000000000002,0.0,21.8,30.8,30.8,31.5,300.0,300.0,30.9,34.9,30.4,29.8,31.5,4.96,2.0,4.96,0.17,0.0,0.0,1027.0,8228.0,0.0,0.0,0.0,0.0,0.0,1.0,0.0,0.0,0.0,0.0,0.0,3.8,0.0,-1.0,0.0,0.0001,16.0,25903.0
2026-07-30T18:59:21.893Z,131.376,131.388,0.0,7.4,0.0,0.0,0.0,0.0,0.0,0.0,0.0,0.0,1.0,0.0,0.0,0.0,9.0,4.0,0.0,0.0,0.0,0.0,0.0,0.0,0.0,0.0,2.0,12.0,1.0,12.13,5.01,2.51,1.49,0.0,0.0,0.0,0.6000000000000001,0.0,0.3,1.7000000000000002,1.6,-169.70000000000002,0.0,0.0,169.8,0.0,21.8,30.8,30.8,31.5,300.0,300.0,30.9,34.9,30.4,29.8,31.5,4.95,2.0,4.96,0.16,0.0,0.0,1027.0,8228.0,0.0,0.0,0.0,0.0,0.0,1.0,0.0,0.0,0.0,0.0,0.0,0.8,0.0,-0.9,0.0,0.0001,16.0,25903.0
2026-07-30T18:59:21.903Z,131.386,131.4,0.0,7.4,0.0,0.0,0.0,0.0,0.0,0.0,0.0,0.0,1.0,0.0,0.0,0.0,9.0,4.0,0.0,0.0,0.0,0.0,0.0,0.0,0.0,0.0,3.0,12.0,1.0,12.13,5.01,2.51,1.49,0.0,0.0,0.0,0.6000000000000001,0.0,0.4,-0.5,0.0,-169.70000000000002,0.0,0.0,169.8,0.0,21.8,30.8,30.8,31.5,300.0,300.0,30.9,34.9,30.4,29.8,31.5,4.96,2.0,4.96,0.16,0.0,0.0,1027.0,8228.0,0.0,0.0,0.0,0.0,0.0,1.0,0.0,0.0,0.0,0.0,0.0,-0.6000000000000001,0.0,0.0,0.0,0.0001,16.0,25903.0
2026-07-30T18:59:21.916Z,131.399,131.412,0.0,7.4,0.0,0.0,0.0,0.0,0.0,0.0,0.0,0.0,1.0,0.0,0.0,0.0,9.0,4.0,0.0,0.0,0.0,0.0,0.0,0.0,0.0,0.0,4.0,12.0,1.0,12.13,5.01,2.51,1.49,0.0,0.0,0.0,0.6000000000000001,0.0,-0.2,0.0,-1.3,-169.70000000000002,0.0,0.0,169.8,0.0,21.8,30.8,30.8,31.5,300.0,300.0,30.9,34.9,30.4,29.8,31.5,4.96,1.99,4.97,0.16,0.0,0.0,1027.0,8228.0,0.0,0.0,0.0,0.0,0.0,1.0,0.0,0.0,0.0,0.0,0.0,-1.0,0.0,1.1,0.0,0.0,16.0,25903.0
2026-07-30T18:59:21.928Z,131.411,131.424,0.0,7.4,0.0,0.0,0.0,0.0,0.0,0.0,0.0,0.0,1.0,0.0,0.0,0.0,9.0,4.0,0.0,0.0,0.0,0.0,0.0,0.0,0.0,0.0,5.0,12.0,1.0,12.13,5.01,2.51,1.49,0.0,0.0,0.0,0.5,0.0,-0.2,-0.5,-0.7000000000000001,-169.70000000000002,0.0,0.0,169.8,0.0,21.8,30.8,30.8,31.5,300.0,300.0,30.9,34.9,30.4,29.8,31.5,4.96,1.99,4.97,0.16,0.0,0.0,1027.0,8228.0,0.0,0.0,0.0,0.0,0.0,1.0,0.0,0.0,0.0,0.0,0.0,-1.2000000000000002,0.0,0.5,0.0,0.0001,16.0,25903.0
2026-07-30T18:59:21.940Z,131.423,131.436,0.0,7.4,0.0,0.0,0.0,0.0,0.0,0.0,0.0,0.0,1.0,0.0,0.0,0.0,9.0,4.0,0.0,0.0,0.0,0.0,0.0,0.0,0.0,0.0,1.0,12.0,1.0,12.13,5.01,2.51,1.49,0.0,0.0,0.0,0.6000000000000001,0.0,-0.2,0.5,0.4,-169.70000000000002,0.0,0.0,169.8,0.0,21.8,30.8,30.8,31.5,300.0,300.0,30.9,34.9,30.4,29.8,31.5,4.96,1.99,4.97,0.16,0.0,0.0,1027.0,8228.0,0.0,0.0,0.0,0.0,0.0,1.0,0.0,0.0,0.0,0.0,0.0,0.9,0.0,-0.3,0.0,0.0,16.0,25903.0
2026-07-30T18:59:21.952Z,131.435,131.448,0.0,7.4,0.0,0.0,0.0,0.0,0.0,0.0,0.0,0.0,1.0,0.0,0.0,0.0,9.0,4.0,0.0,0.0,0.0,0.0,0.0,0.0,0.0,0.0,2.0,12.0,1.0,12.13,5.01,2.51,1.49,0.0,0.0,0.0,0.6000000000000001,0.0,0.3,-1.2000000000000002,-0.6000000000000001,-169.70000000000002,0.0,0.0,169.8,0.0,21.8,30.8,30.8,31.5,300.0,300.0,30.9,34.9,30.4,29.8,31.5,4.96,2.0,4.96,0.16,0.0,0.0,1027.0,8228.0,0.0,0.0,0.0,0.0,0.0,1.0,0.0,0.0,0.0,0.0,0.0,-1.8,0.0,0.3,0.0,0.0,16.0,25903.0
2026-07-30T18:59:21.964Z,131.447,131.46,0.0,7.4,0.0,0.0,0.0,0.0,0.0,0.0,0.0,0.0,1.0,0.0,0.0,0.0,9.0,4.0,0.0,0.0,0.0,0.0,0.0,0.0,0.0,0.0,3.0,12.0,1.0,12.13,5.01,2.51,1.49,0.0,0.0,0.0,0.6000000000000001,0.0,0.9,0.5,1.1,-169.70000000000002,0.0,0.0,169.8,0.0,21.8,30.8,30.8,31.5,300.0,300.0,30.9,34.9,30.4,29.8,31.5,4.96,1.99,4.97,0.16,0.0,0.0,1027.0,8228.0,0.0,0.0,0.0,0.0,0.0,1.0,0.0,0.0,0.0,0.0,0.0,1.5,0.0,-0.8,0.0,0.0,16.0,25903.0
2026-07-30T18:59:21.976Z,131.459,131.472,0.0,7.4,0.0,0.0,0.0,0.0,0.0,0.0,0.0,0.0,1.0,0.0,0.0,0.0,9.0,4.0,0.0,0.0,0.0,0.0,0.0,0.0,0.0,0.0,4.0,12.0,1.0,12.13,5.01,2.51,1.49,0.0,0.1,0.0,0.6000000000000001,0.0,0.3,0.6000000000000001,-0.6000000000000001,-169.70000000000002,0.0,0.0,169.8,0.0,21.8,30.8,30.8,31.5,300.0,300.0,30.9,34.9,30.4,29.8,31.5,4.95,1.99,4.97,0.16,0.0,0.0,1027.0,8228.0,0.0,0.0,0.0,0.0,0.0,1.0,0.0,0.0,0.0,0.0,0.0,0.2,0.0,0.7000000000000001,0.0,0.0,16.0,25903.0
2026-07-30T18:59:21.988Z,131.471,131.484,0.0,7.4,0.0,0.0,0.0,0.0,0.0,0.0,0.0,0.0,1.0,0.0,0.0,0.0,9.0,4.0,0.0,0.0,0.0,0.0,0.0,0.0,0.0,0.0,6.0,12.0,1.0,12.15,5.0200000000000005,2.5,1.49,0.0,0.0,0.0,0.6000000000000001,0.0,-0.2,-1.0,0.0,-169.70000000000002,0.0,0.0,169.8,0.0,21.700000000000003,30.8,30.8,31.5,300.0,300.0,30.8,34.800000000000004,30.4,29.8,31.5,4.96,1.99,4.96,0.16,0.0,0.0,1027.0,8228.0,0.0,0.0,0.0,0.0,0.0,1.0,0.0,0.0,0.0,0.0,0.0,-1.2000000000000002,0.0,-0.1,0.0,0.0001,16.0,25903.0
2026-07-30T18:59:22.000Z,131.483,131.496,0.0,7.4,0.0,0.0,0.0,0.0,0.0,0.0,0.0,0.0,1.0,0.0,0.0,0.0,9.0,4.0,0.0,0.0,0.0,0.0,0.0,0.0,0.0,0.0,1.0,12.0,1.0,12.15,5.0200000000000005,2.5,1.49,0.0,0.0,0.0,0.6000000000000001,0.0,-0.2,0.6000000000000001,0.0,-169.70000000000002,0.0,0.0,169.8,0.0,21.700000000000003,30.8,30.8,31.5,300.0,300.0,30.8,34.800000000000004,30.4,29.8,31.5,4.95,2.0,4.96,0.16,0.0,0.0,1027.0,8228.0,0.0,0.0,0.0,0.0,0.0,1.0,0.0,0.0,0.0,0.0,0.0,0.7000000000000001,0.0,0.1,0.0,0.0001,16.0,25903.0
2026-07-30T18:59:22.012Z,131.495,131.508,0.0,7.4,0.0,0.0,0.0,0.0,0.0,0.0,0.0,0.0,1.0,0.0,0.0,0.0,9.0,4.0,0.0,0.0,0.0,0.0,0.0,0.0,0.0,0.0,2.0,12.0,1.0,12.15,5.0200000000000005,2.5,1.49,0.0,0.1,0.0,0.6000000000000001,0.0,0.9,0.0,0.0,-169.70000000000002,0.0,0.0,169.8,0.0,21.700000000000003,30.8,30.8,31.5,300.0,300.0,30.8,34.800000000000004,30.4,29.8,31.5,4.95,1.99,4.97,0.16,0.0,0.0,1027.0,8228.0,0.0,0.0,0.0,0.0,0.0,1.0,0.0,0.0,0.0,0.0,0.0,0.0,0.0,0.0,0.0,0.0,16.0,25903.0
2026-07-30T18:59:22.024Z,131.507,131.52,0.0,7.4,0.0,0.0,0.0,0.0,0.0,0.0,0.0,0.0,1.0,0.0,0.0,0.0,9.0,4.0,0.0,0.0,0.0,0.0,0.0,0.0,0.0,0.0,4.0,12.0,1.0,12.15,5.0200000000000005,2.5,1.49,0.0,0.1,0.0,0.6000000000000001,0.0,-0.1,0.6000000000000001,-1.2000000000000002,-169.70000000000002,0.0,0.0,169.8,0.0,21.700000000000003,30.8,30.8,31.5,300.0,300.0,30.8,34.800000000000004,30.4,29.8,31.5,4.95,1.99,4.97,0.16,0.0,0.0,1027.0,8228.0,0.0,0.0,0.0,0.0,0.0,1.0,0.0,0.0,0.0,0.0,0.0,-0.1,0.0,1.2000000000000002,0.0,0.0001,16.0,25903.0
2026-07-30T18:59:22.036Z,131.519,131.532,0.0,7.4,0.0,0.0,0.0,0.0,0.0,0.0,0.0,0.0,1.0,0.0,0.0,0.0,9.0,4.0,0.0,0.0,0.0,0.0,0.0,0.0,0.0,0.0,5.0,12.0,1.0,12.15,5.0200000000000005,2.5,1.49,0.0,0.0,0.0,0.6000000000000001,0.0,-0.7000000000000001,-0.4,-0.6000000000000001,-169.70000000000002,0.0,0.0,169.70000000000002,0.0,21.700000000000003,30.8,30.8,31.5,300.0,300.0,30.8,34.800000000000004,30.4,29.8,31.5,4.96,1.99,4.97,0.16,0.0,0.0,1027.0,8228.0,0.0,0.0,0.0,0.0,0.0,1.0,0.0,0.0,0.0,0.0,0.0,-1.0,0.0,0.4,0.0,0.0,16.0,25903.0
2026-07-30T18:59:22.048Z,131.531,131.544,0.0,7.4,0.0,0.0,0.0,0.0,0.0,0.0,0.0,0.0,1.0,0.0,0.0,0.0,9.0,4.0,0.0,0.0,0.0,0.0,0.0,0.0,0.0,0.0,6.0,12.0,1.0,12.15,5.0200000000000005,2.5,1.49,0.0,0.0,0.0,0.6000000000000001,0.0,-0.2,-1.1,0.4,-169.70000000000002,0.0,0.0,169.8,0.0,21.700000000000003,30.8,30.8,31.5,300.0,300.0,30.8,34.800000000000004,30.4,29.8,31.5,4.95,1.99,4.97,0.16,0.0,0.0,1027.0,8228.0,0.0,0.0,0.0,0.0,0.0,1.0,0.0,0.0,0.0,0.0,0.0,-0.9,0.0,-0.6000000000000001,0.0,0.0001,16.0,25903.0
2026-07-30T18:59:22.060Z,131.543,131.556,0.0,7.4,0.0,0.0,0.0,0.0,0.0,0.0,0.0,0.0,1.0,0.0,0.0,0.0,9.0,4.0,0.0,0.0,0.0,0.0,0.0,0.0,0.0,0.0,1.0,12.0,1.0,12.15,5.0200000000000005,2.5,1.49,0.0,0.0,0.0,0.6000000000000001,0.0,0.3,0.6000000000000001,0.4,-169.70000000000002,0.0,0.0,169.70000000000002,0.0,21.700000000000003,30.8,30.8,31.5,300.0,300.0,30.8,34.800000000000004,30.4,29.8,31.5,4.95,1.99,4.96,0.16,0.0,0.0,1027.0,8228.0,0.0,0.0,0.0,0.0,0.0,1.0,0.0,0.0,0.0,0.0,0.0,1.0,0.0,-0.3,0.0,0.0,16.0,25903.0
2026-07-30T18:59:22.072Z,131.555,131.568,0.0,7.4,0.0,0.0,0.0,0.0,0.0,0.0,0.0,0.0,1.0,0.0,0.0,0.0,9.0,4.0,0.0,0.0,0.0,0.0,0.0,0.0,0.0,0.0,2.0,12.0,1.0,12.15,5.0200000000000005,2.5,1.49,0.0,0.0,0.0,0.6000000000000001,0.0,-0.2,0.0,-0.6000000000000001,-169.70000000000002,0.0,0.0,169.70000000000002,0.0,21.700000000000003,30.8,30.8,31.5,300.0,300.0,30.8,34.800000000000004,30.4,29.8,31.5,4.96,1.99,4.96,0.16,0.0,0.0,1027.0,8228.0,0.0,0.0,0.0,0.0,0.0,1.0,0.0,0.0,0.0,0.0,0.0,-0.4,0.0,0.6000000000000001,0.0,0.0001,16.0,25903.0
2026-07-30T18:59:22.085Z,131.568,131.58,0.0,7.4,0.0,0.0,0.0,0.0,0.0,0.0,0.0,0.0,1.0,0.0,0.0,0.0,9.0,4.0,0.0,0.0,0.0,0.0,0.0,0.0,0.0,0.0,3.0,12.0,1.0,12.15,5.01,2.51,1.49,0.0,0.1,0.0,0.6000000000000001,0.0,-0.2,-1.0,-0.6000000000000001,-169.70000000000002,0.0,0.0,169.8,0.0,21.700000000000003,30.8,30.8,31.5,300.0,300.0,30.9,34.800000000000004,30.4,29.8,31.5,4.95,1.99,4.96,0.16,0.0,0.0,1027.0,8228.0,0.0,0.0,0.0,0.0,0.0,1.0,0.0,0.0,0.0,0.0,0.0,-1.7000000000000002,0.0,0.3,0.0,0.0,16.0,25903.0
2026-07-30T18:59:22.096Z,131.579,131.592,0.0,7.4,0.0,0.0,0.0,0.0,0.0,0.0,0.0,0.0,1.0,0.0,0.0,0.0,9.0,4.0,0.0,0.0,0.0,0.0,0.0,0.0,0.0,0.0,4.0,12.0,1.0,12.15,5.01,2.51,1.49,0.0,0.0,0.0,0.5,0.0,0.3,-0.4,-1.2000000000000002,-169.70000000000002,0.0,0.0,169.8,0.0,21.700000000000003,30.8,30.8,31.5,300.0,300.0,30.9,34.800000000000004,30.4,29.8,31.5,4.96,1.99,4.97,0.16,0.0,0.0,1027.0,8228.0,0.0,0.0,0.0,0.0,0.0,1.0,0.0,0.0,0.0,0.0,0.0,-1.4,0.0,0.9,0.0,0.0001,16.0,25903.0
2026-07-30T18:59:22.108Z,131.591,131.604,0.0,7.4,0.0,0.0,0.0,0.0,0.0,0.0,0.0,0.0,1.0,0.0,0.0,0.0,9.0,4.0,0.0,0.0,0.0,0.0,0.0,0.0,0.0,0.0,5.0,12.0,1.0,12.15,5.01,2.51,1.49,0.0,0.0,0.0,0.6000000000000001,0.0,0.9,0.6000000000000001,1.1,-169.70000000000002,0.0,0.0,169.8,0.0,21.700000000000003,30.8,30.8,31.5,300.0,300.0,30.9,34.800000000000004,30.4,29.8,31.5,4.96,1.99,4.96,0.16,0.0,0.0,1027.0,8228.0,0.0,0.0,0.0,0.0,0.0,1.0,0.0,0.0,0.0,0.0,0.0,1.6,0.0,-0.8,0.0,0.0,16.0,25903.0
2026-07-30T18:59:22.120Z,131.603,131.616,0.0,7.4,0.0,0.0,0.0,0.0,0.0,0.0,0.0,0.0,1.0,0.0,0.0,0.0,9.0,4.0,0.0,0.0,0.0,0.0,0.0,0.0,0.0,0.0,6.0,12.0,1.0,12.15,5.01,2.51,1.49,0.0,0.0,0.0,0.5,0.0,-0.1,1.2000000000000002,0.0,-169.70000000000002,0.0,0.0,169.8,0.0,21.700000000000003,30.8,30.8,31.5,300.0,300.0,30.9,34.800000000000004,30.4,29.8,31.5,4.96,1.99,4.96,0.16,0.0,0.0,1027.0,8228.0,0.0,0.0,0.0,0.0,0.0,1.0,0.0,0.0,0.0,0.0,0.0,1.4,0.0,0.2,0.0,0.0,16.0,25903.0
2026-07-30T18:59:22.143Z,131.626,131.628,0.0,7.4,0.0,0.0,0.0,0.0,0.0,0.0,0.0,0.0,1.0,0.0,0.0,0.0,9.0,4.0,0.0,0.0,0.0,0.0,0.0,0.0,0.0,0.0,1.0,12.0,1.0,12.15,5.01,2.51,1.49,0.0,0.0,0.0,0.6000000000000001,0.0,-0.1,-1.6,-1.7000000000000002,-169.70000000000002,0.0,0.0,169.8,0.0,21.700000000000003,30.8,30.8,31.5,300.0,300.0,30.9,34.800000000000004,30.4,29.8,31.5,4.95,1.99,4.97,0.16,0.0,0.0,1027.0,8228.0,0.0,0.0,0.0,0.0,0.0,1.0,0.0,0.0,0.0,0.0,0.0,-3.1,0.0,1.2000000000000002,0.0,0.0,16.0,25903.0
2026-07-30T18:59:22.147Z,131.63,131.64,0.0,7.4,0.0,0.0,0.0,0.0,0.0,0.0,0.0,0.0,1.0,0.0,0.0,0.0,9.0,4.0,0.0,0.0,0.0,0.0,0.0,0.0,0.0,0.0,6.0,12.0,1.0,12.15,5.01,2.51,1.49,0.0,0.0,0.0,0.6000000000000001,0.0,-0.7000000000000001,-1.6,-0.5,-169.70000000000002,0.0,0.0,169.70000000000002,0.0,21.700000000000003,30.8,30.8,31.5,300.0,300.0,30.9,34.800000000000004,30.4,29.8,31.5,4.96,1.99,4.96,0.16,0.0,0.0,1027.0,8228.0,0.0,0.0,0.0,0.0,0.0,1.0,0.0,0.0,0.0,0.0,0.0,-2.3000000000000003,0.0,0.1,0.0,0.0,16.0,25903.0
2026-07-30T18:59:22.155Z,131.638,131.65200000000002,0.0,7.4,0.0,0.0,0.0,0.0,0.0,0.0,0.0,0.0,1.0,0.0,0.0,0.0,9.0,4.0,0.0,0.0,0.0,0.0,0.0,0.0,0.0,0.0,4.0,12.0,1.0,12.15,5.01,2.51,1.49,0.0,0.0,0.0,0.6000000000000001,0.0,0.4,0.0,1.1,-169.70000000000002,0.0,0.0,169.70000000000002,0.0,21.700000000000003,30.8,30.8,31.5,300.0,300.0,30.9,34.800000000000004,30.4,29.8,31.5,4.96,2.0,4.96,0.16,0.0,0.0,1027.0,8228.0,0.0,0.0,0.0,0.0,0.0,1.0,0.0,0.0,0.0,0.0,0.0,0.9,0.0,-0.9,0.0,0.0001,16.0,25903.0
2026-07-30T18:59:22.168Z,131.651,131.66400000000002,0.0,7.4,0.0,0.0,0.0,0.0,0.0,0.0,0.0,0.0,1.0,0.0,0.0,0.0,9.0,4.0,0.0,0.0,0.0,0.0,0.0,0.0,0.0,0.0,5.0,12.0,1.0,12.15,5.01,2.51,1.49,0.0,0.0,0.0,0.6000000000000001,0.0,-0.1,0.1,-0.6000000000000001,-169.70000000000002,0.0,0.0,169.8,0.0,21.700000000000003,30.8,30.8,31.5,300.0,300.0,30.9,34.800000000000004,30.4,29.8,31.5,4.95,1.99,4.96,0.16,0.0,0.0,1027.0,8228.0,0.0,0.0,0.0,0.0,0.0,1.0,0.0,0.0,0.0,0.0,0.0,-0.3,0.0,0.5,0.0,0.0001,16.0,25903.0
2026-07-30T18:59:22.180Z,131.663,131.67600000000002,0.0,7.4,0.0,0.0,0.0,0.0,0.0,0.0,0.0,0.0,1.0,0.0,0.0,0.0,9.0,4.0,0.0,0.0,0.0,0.0,0.0,0.0,0.0,0.0,6.0,12.0,1.0,12.15,5.01,2.51,1.49,0.0,0.0,0.0,0.6000000000000001,0.0,-0.1,-0.4,-0.1,-169.70000000000002,0.0,0.0,169.8,0.0,21.700000000000003,30.8,30.8,31.5,300.0,300.0,30.9,34.800000000000004,30.4,29.8,31.5,4.96,1.99,4.97,0.16,0.0,0.0,1027.0,8228.0,0.0,0.0,0.0,0.0,0.0,1.0,0.0,0.0,0.0,0.0,0.0,-0.6000000000000001,0.0,0.0,0.0,0.0002,16.0,25903.0
2026-07-30T18:59:22.192Z,131.675,131.68800000000002,0.0,7.4,0.0,0.0,0.0,0.0,0.0,0.0,0.0,0.0,1.0,0.0,0.0,0.0,9.0,4.0,0.0,0.0,0.0,0.0,0.0,0.0,0.0,0.0,2.0,12.0,1.0,12.17,5.0200000000000005,2.51,1.49,0.0,0.0,0.0,0.6000000000000001,0.0,0.3,0.1,-0.1,-169.70000000000002,0.0,0.0,169.8,0.0,21.700000000000003,30.8,30.8,31.5,300.0,300.0,30.9,34.800000000000004,30.4,29.700000000000003,31.5,4.96,1.99,4.96,0.16,0.0,0.0,1027.0,8228.0,0.0,0.0,0.0,0.0,0.0,1.0,0.0,0.0,0.0,0.0,0.0,0.0,0.0,0.1,0.0,0.0,16.0,25903.0
2026-07-30T18:59:22.204Z,131.687,131.7,0.0,7.4,0.0,0.0,0.0,0.0,0.0,0.0,0.0,0.0,1.0,0.0,0.0,0.0,9.0,4.0,0.0,0.0,0.0,0.0,0.0,0.0,0.0,0.0,3.0,12.0,1.0,12.17,5.0200000000000005,2.51,1.49,0.0,0.0,0.0,0.6000000000000001,0.0,0.3,1.2000000000000002,1.0,-169.70000000000002,0.0,0.0,169.8,0.0,21.700000000000003,30.8,30.8,31.5,300.0,300.0,30.9,34.800000000000004,30.4,29.700000000000003,31.5,4.96,1.99,4.97,0.16,0.0,0.0,1027.0,8228.0,0.0,0.0,0.0,0.0,0.0,1.0,0.0,0.0,0.0,0.0,0.0,2.2,0.0,-0.6000000000000001,0.0,0.0,16.0,25903.0
2026-07-30T18:59:22.216Z,131.699,131.712,0.0,7.4,0.0,0.0,0.0,0.0,0.0,0.0,0.0,0.0,1.0,0.0,0.0,0.0,9.0,4.0,0.0,0.0,0.0,0.0,0.0,0.0,0.0,0.0,4.0,12.0,1.0,12.17,5.0200000000000005,2.51,1.49,0.0,0.0,0.0,0.6000000000000001,0.0,0.3,1.2000000000000002,-0.1,-169.70000000000002,0.0,0.0,169.8,0.0,21.700000000000003,30.8,30.8,31.5,300.0,300.0,30.9,34.800000000000004,30.4,29.700000000000003,31.5,4.95,1.99,4.97,0.16,0.0,0.0,1027.0,8228.0,0.0,0.0,0.0,0.0,0.0,1.0,0.0,0.0,0.0,0.0,0.0,1.2000000000000002,0.0,0.4,0.0,0.0,16.0,25903.0
2026-07-30T18:59:22.228Z,131.711,131.724,0.0,7.4,0.0,0.0,0.0,0.0,0.0,0.0,0.0,0.0,1.0,0.0,0.0,0.0,9.0,4.0,0.0,0.0,0.0,0.0,0.0,0.0,0.0,0.0,5.0,12.0,1.0,12.17,5.0200000000000005,2.51,1.49,0.0,0.0,0.0,0.6000000000000001,0.0,-0.2,0.6000000000000001,0.4,-169.70000000000002,0.0,0.0,169.8,0.0,21.700000000000003,30.8,30.8,31.5,300.0,300.0,30.9,34.800000000000004,30.4,29.700000000000003,31.5,4.96,1.99,4.96,0.16,0.0,0.0,1027.0,8228.0,0.0,0.0,0.0,0.0,0.0,1.0,0.0,0.0,0.0,0.0,0.0,1.0,0.0,-0.2,0.0,0.0,16.0,25903.0
2026-07-30T18:59:22.240Z,131.723,131.736,0.0,7.4,0.0,0.0,0.0,0.0,0.0,0.0,0.0,0.0,1.0,0.0,0.0,0.0,9.0,4.0,0.0,0.0,0.0,0.0,0.0,0.0,0.0,0.0,6.0,12.0,1.0,12.17,5.0200000000000005,2.51,1.49,0.0,0.0,0.0,0.6000000000000001,0.0,0.3,1.2000000000000002,-0.2,-169.70000000000002,0.0,0.0,169.8,0.0,21.700000000000003,30.8,30.8,31.5,300.0,300.0,30.9,34.800000000000004,30.4,29.700000000000003,31.5,4.95,1.99,4.97,0.16,0.0,0.0,1027.0,8228.0,0.0,0.0,0.0,0.0,0.0,1.0,0.0,0.0,0.0,0.0,0.0,1.1,0.0,0.4,0.0,0.0,16.0,25903.0
2026-07-30T18:59:22.252Z,131.735,131.748,0.0,7.4,0.0,0.0,0.0,0.0,0.0,0.0,0.0,0.0,1.0,0.0,0.0,0.0,9.0,4.0,0.0,0.0,0.0,0.0,0.0,0.0,0.0,0.0,1.0,12.0,1.0,12.17,5.0200000000000005,2.51,1.49,0.0,0.0,0.0,0.6000000000000001,0.0,0.8,0.5,-0.1,-169.70000000000002,0.0,0.0,169.70000000000002,0.0,21.700000000000003,30.8,30.8,31.5,300.0,300.0,30.9,34.800000000000004,30.4,29.700000000000003,31.5,4.95,1.99,4.97,0.16,0.0,0.0,1027.0,8228.0,0.0,0.0,0.0,0.0,0.0,1.0,0.0,0.0,0.0,0.0,0.0,0.5,0.0,0.2,0.0,0.0,16.0,25903.0
2026-07-30T18:59:22.264Z,131.747,131.76,0.0,7.4,0.0,0.0,0.0,0.0,0.0,0.0,0.0,0.0,1.0,0.0,0.0,0.0,9.0,4.0,0.0,0.0,0.0,0.0,0.0,0.0,0.0,0.0,2.0,12.0,1.0,12.17,5.0200000000000005,2.51,1.49,0.0,0.0,0.0,0.6000000000000001,0.0,0.3,0.0,-0.1,-169.70000000000002,0.0,0.0,169.8,0.0,21.700000000000003,30.8,30.8,31.5,300.0,300.0,30.9,34.800000000000004,30.4,29.700000000000003,31.5,4.96,1.99,4.97,0.16,0.0,0.0,1027.0,8228.0,0.0,0.0,0.0,0.0,0.0,1.0,0.0,0.0,0.0,0.0,0.0,-0.1,0.0,0.1,0.0,0.0001,16.0,25903.0
2026-07-30T18:59:22.276Z,131.759,131.772,0.0,7.4,0.0,0.0,0.0,0.0,0.0,0.0,0.0,0.0,1.0,0.0,0.0,0.0,9.0,4.0,0.0,0.0,0.0,0.0,0.0,0.0,0.0,0.0,4.0,12.0,1.0,12.17,5.0200000000000005,2.51,1.49,0.0,0.0,0.0,0.6000000000000001,0.0,0.8,1.1,-0.1,-169.70000000000002,0.0,0.0,169.8,0.0,21.700000000000003,30.8,30.8,31.5,300.0,300.0,30.9,34.800000000000004,30.4,29.700000000000003,31.5,4.96,1.99,4.96,0.16,0.0,0.0,1027.0,8228.0,0.0,0.0,0.0,0.0,0.0,1.0,0.0,0.0,0.0,0.0,0.0,1.1,0.0,0.3,0.0,0.0,16.0,25903.0
2026-07-30T18:59:22.289Z,131.772,131.784,0.0,7.4,0.0,0.0,0.0,0.0,0.0,0.0,0.0,0.0,1.0,0.0,0.0,0.0,9.0,4.0,0.0,0.0,0.0,0.0,0.0,0.0,0.0,0.0,5.0,12.0,1.0,12.17,5.0200000000000005,2.51,1.49,0.0,0.0,0.0,0.6000000000000001,0.0,0.3,0.0,-0.1,-169.70000000000002,0.0,0.0,169.8,0.0,21.8,30.8,30.8,31.5,300.0,300.0,30.8,34.9,30.4,29.8,31.5,4.95,2.0,4.97,0.16,0.0,0.0,1027.0,8228.0,0.0,0.0,0.0,0.0,0.0,1.0,0.0,0.0,0.0,0.0,0.0,-0.1,0.0,0.1,0.0,0.0001,16.0,25903.0
2026-07-30T18:59:22.300Z,131.783,131.796,0.0,7.4,0.0,0.0,0.0,0.0,0.0,0.0,0.0,0.0,1.0,0.0,0.0,0.0,9.0,4.0,0.0,0.0,0.0,0.0,0.0,0.0,0.0,0.0,6.0,12.0,1.0,12.17,5.0200000000000005,2.51,1.49,0.0,0.0,0.0,0.6000000000000001,0.0,-0.8,0.0,-1.3,-169.70000000000002,0.0,0.0,169.8,0.0,21.8,30.8,30.8,31.5,300.0,300.0,30.8,34.9,30.4,29.8,31.5,4.95,1.99,4.96,0.16,0.0,0.0,1027.0,8228.0,0.0,0.0,0.0,0.0,0.0,1.0,0.0,0.0,0.0,0.0,0.0,-1.0,0.0,1.2000000000000002,0.0,0.0,16.0,25903.0
2026-07-30T18:59:22.311Z,131.794,131.808,0.0,7.4,0.0,0.0,0.0,0.0,0.0,0.0,0.0,0.0,1.0,0.0,0.0,0.0,9.0,4.0,0.0,0.0,0.0,0.0,0.0,0.0,0.0,0.0,1.0,12.0,1.0,12.17,5.0200000000000005,2.51,1.49,0.0,0.0,0.0,0.6000000000000001,0.0,0.3,0.5,-0.8,-169.70000000000002,0.0,0.0,169.8,0.0,21.8,30.8,30.8,31.5,300.0,300.0,30.8,34.9,30.4,29.8,31.5,4.95,1.99,4.96,0.16,0.0,0.0,1027.0,8228.0,0.0,0.0,0.0,0.0,0.0,1.0,0.0,0.0,0.0,0.0,0.0,0.0,0.0,0.8,0.0,0.0,16.0,25903.0
2026-07-30T18:59:22.324Z,131.807,131.82,0.0,7.4,0.0,0.0,0.0,0.0,0.0,0.0,0.0,0.0,1.0,0.0,0.0,0.0,9.0,4.0,0.0,0.0,0.0,0.0,0.0,0.0,0.0,0.0,2.0,12.0,1.0,12.17,5.0200000000000005,2.51,1.49,0.0,0.0,0.0,0.6000000000000001,0.0,0.9,-0.6000000000000001,0.3,-169.70000000000002,0.0,0.0,169.8,0.0,21.8,30.8,30.8,31.5,300.0,300.0,30.8,34.9,30.4,29.8,31.5,4.96,1.99,4.96,0.16,0.0,0.0,1027.0,8228.0,0.0,0.0,0.0,0.0,0.0,1.0,0.0,0.0,0.0,0.0,0.0,-0.4,0.0,-0.4,0.0,0.0,16.0,25903.0
2026-07-30T18:59:22.336Z,131.819,131.832,0.0,7.4,0.0,0.0,0.0,0.0,0.0,0.0,0.0,0.0,1.0,0.0,0.0,0.0,9.0,4.0,0.0,0.0,0.0,0.0,0.0,0.0,0.0,0.0,3.0,12.0,1.0,12.17,5.0200000000000005,2.51,1.49,0.0,0.0,0.0,0.6000000000000001,0.0,-0.2,-0.6000000000000001,-0.8,-169.70000000000002,0.0,0.0,169.8,0.0,21.8,30.8,30.8,31.5,300.0,300.0,30.8,34.9,30.4,29.8,31.5,4.95,1.99,4.97,0.16,0.0,0.0,1027.0,8228.0,0.0,0.0,0.0,0.0,0.0,1.0,0.0,0.0,0.0,0.0,0.0,-1.3,0.0,0.5,0.0,0.0,16.0,25903.0
2026-07-30T18:59:22.348Z,131.831,131.844,0.0,7.4,0.0,0.0,0.0,0.0,0.0,0.0,0.0,0.0,1.0,0.0,0.0,0.0,9.0,4.0,0.0,0.0,0.0,0.0,0.0,0.0,0.0,0.0,5.0,12.0,1.0,12.17,5.0200000000000005,2.51,1.49,0.0,0.1,0.0,0.6000000000000001,0.0,-0.2,-0.5,-0.2,-169.70000000000002,0.0,0.0,169.70000000000002,0.0,21.8,30.8,30.8,31.5,300.0,300.0,30.8,34.9,30.4,29.8,31.5,4.95,1.99,4.96,0.16,0.0,0.0,1027.0,8228.0,0.0,0.0,0.0,0.0,0.0,1.0,0.0,0.0,0.0,0.0,0.0,-0.8,0.0,0.0,0.0,0.0001,16.0,25903.0
2026-07-30T18:59:22.360Z,131.843,131.856,0.0,7.4,0.0,0.0,0.0,0.0,0.0,0.0,0.0,0.0,1.0,0.0,0.0,0.0,9.0,4.0,0.0,0.0,0.0,0.0,0.0,0.0,0.0,0.0,6.0,12.0,1.0,12.17,5.0200000000000005,2.51,1.49,0.0,0.0,0.0,0.5,0.0,0.3,-0.5,0.3,-169.70000000000002,0.0,0.0,169.8,0.0,21.8,30.8,30.8,31.5,300.0,300.0,30.8,34.9,30.4,29.8,31.5,4.96,1.99,4.96,0.16,0.0,0.0,1027.0,8228.0,0.0,0.0,0.0,0.0,0.0,1.0,0.0,0.0,0.0,0.0,0.0,-0.4,0.0,-0.4,0.0,0.0002,16.0,25903.0
2026-07-30T18:59:22.372Z,131.855,131.868,0.0,7.4,0.0,0.0,0.0,0.0,0.0,0.0,0.0,0.0,1.0,0.0,0.0,0.0,9.0,4.0,0.0,0.0,0.0,0.0,0.0,0.0,0.0,0.0,1.0,12.0,1.0,12.17,5.0200000000000005,2.51,1.49,0.0,0.0,0.0,0.6000000000000001,0.0,0.3,-0.5,-0.7000000000000001,-169.70000000000002,0.0,0.0,169.8,0.0,21.8,30.8,30.8,31.5,300.0,300.0,30.8,34.9,30.4,29.8,31.5,4.95,1.99,4.96,0.16,0.0,0.0,1027.0,8228.0,0.0,0.0,0.0,0.0,0.0,1.0,0.0,0.0,0.0,0.0,0.0,-0.1,0.0,0.1,0.0,0.0,16.0,25903.0
2026-07-30T18:59:22.384Z,131.867,131.88,0.0,7.4,0.0,0.0,0.0,0.0,0.0,0.0,0.0,0.0,1.0,0.0,0.0,0.0,9.0,4.0,0.0,0.0,0.0,0.0,0.0,0.0,0.0,0.0,3.0,12.0,1.0,12.17,5.0200000000000005,2.51,1.49,0.0,0.0,0.0,0.5,0.0,0.3,0.0,0.9,-169.70000000000002,0.0,0.0,169.70000000000002,0.0,21.8,30.8,30.8,31.5,300.0,300.0,30.8,34.9,30.4,29.8,31.5,4.96,1.99,4.97,0.16,0.0,0.0,1027.0,8228.0,0.0,0.0,0.0,0.0,0.0,1.0,0.0,0.0,0.0,0.0,0.0,-0.5,0.0,0.6000000000000001,0.0,0.0,16.0,25903.0
2026-07-30T18:59:22.396Z,131.879,131.892,0.0,7.4,0.0,0.0,0.0,0.0,0.0,0.0,0.0,0.0,1.0,0.0,0.0,0.0,9.0,4.0,0.0,0.0,0.0,0.0,0.0,0.0,0.0,0.0,4.0,12.0,1.0,12.17,5.0200000000000005,2.51,1.49,0.0,0.0,0.0,0.5,0.0,-0.8,1.2000000000000002,-1.3,-169.70000000000002,0.0,0.0,169.70000000000002,0.0,21.0,30.8,30.8,31.5,300.0,300.0,30.9,34.9,30.4,29.8,31.5,4.96,1.99,4.97,0.16,0.0,0.0,1027.0,8228.0,0.0,0.0,0.0,0.0,0.0,1.0,0.0,0.0,0.0,0.0,0.0,0.3,0.0,-0.3,0.0,0.0001,16.0,25903.0
2026-07-30T18:59:22.408Z,131.891,131.904,0.0,7.4,0.0,0.0,0.0,0.0,0.0,0.0,0.0,0.0,1.0,0.0,0.0,0.0,9.0,4.0,0.0,0.0,0.0,0.0,0.0,0.0,0.0,0.0,5.0,12.0,1.0,12.17,5.0200000000000005,2.51,1.49,0.0,0.0,0.0,0.5,0.0,0.3,0.0,1.0,-169.70000000000002,0.0,0.0,169.70000000000002,0.0,21.0,30.8,30.8,31.5,300.0,300.0,30.9,34.9,30.4,29.8,31.5,4.96,1.98,4.97,0.16,0.0,0.0,1027.0,8228.0,0.0,0.0,0.0,0.0,0.0,1.0,0.0,0.0,0.0,0.0,0.0,1.3,0.0,0.4,0.0,0.0001,16.0,25903.0
2026-07-30T18:59:22.420Z,131.903,131.916,0.0,7.4,0.0,0.0,0.0,0.0,0.0,0.0,0.0,0.0,1.0,0.0,0.0,0.0,9.0,4.0,0.0,0.0,0.0,0.0,0.0,0.0,0.0,0.0,6.0,12.0,1.0,12.17,5.0200000000000005,2.51,1.49,-0.1,0.0,0.0,0.6000000000000001,0.0,-0.8,0.0,-1.3,-169.70000000000002,0.0,0.0,169.8,0.0,21.0,30.8,30.8,31.5,300.0,300.0,30.9,34.9,30.4,29.8,31.5,4.95,1.98,4.97,0.16,0.0,0.0,1027.0,8228.0,0.0,0.0,0.0,0.0,0.0,1.0,0.0,0.0,0.0,0.0,0.0,-0.9,0.0,1.2000000000000002,0.0,0.0001,16.0,25903.0
2026-07-30T18:59:22.432Z,131.915,131.928,0.0,7.4,0.0,0.0,0.0,0.0,0.0,0.0,0.0,0.0,1.0,0.0,0.0,0.0,9.0,4.0,0.0,0.0,0.0,0.0,0.0,0.0,0.0,0.0,1.0,12.0,1.0,12.17,5.0200000000000005,2.51,1.49,0.0,0.0,0.0,0.5,0.0,0.3,-0.4,0.4,-169.70000000000002,0.0,0.0,169.70000000000002,0.0,21.0,30.8,30.8,31.5,300.0,300.0,30.9,34.9,30.4,29.8,31.5,4.96,2.0,4.96,0.16,0.0,0.0,1027.0,8228.0,0.0,0.0,0.0,0.0,0.0,1.0,0.0,0.0,0.0,0.0,0.0,-0.1,0.0,-0.5,0.0,0.0001,16.0,25903.0
2026-07-30T18:59:22.444Z,131.927,131.94,0.0,7.4,0.0,0.0,0.0,0.0,0.0,0.0,0.0,0.0,1.0,0.0,0.0,0.0,9.0,4.0,0.0,0.0,0.0,0.0,0.0,0.0,0.0,0.0,2.0,12.0,1.0,12.17,5.0200000000000005,2.51,1.49,0.0,0.0,0.0,0.5,0.0,0.3,1.2000000000000002,1.0,-169.70000000000002,0.0,0.0,169.70000000000002,0.0,21.0,30.8,30.8,31.5,300.0,300.0,30.9,34.9,30.4,29.8,31.5,4.96,1.99,4.96,0.16,0.0,0.0,1027.0,8228.0,0.0,0.0,0.0,0.0,0.0,1.0,0.0,0.0,0.0,0.0,0.0,2.2,0.0,-0.6000000000000001,0.0,0.0,16.0,25903.0
2026-07-30T18:59:22.461Z,131.944,131.952,0.0,7.4,0.0,0.0,0.0,0.0,0.0,0.0,0.0,0.0,1.0,0.0,0.0,0.0,9.0,4.0,0.0,0.0,0.0,0.0,0.0,0.0,0.0,0.0,3.0,12.0,1.0,12.17,5.0200000000000005,2.51,1.49,0.0,0.0,0.0,0.6000000000000001,0.0,0.3,0.7000000000000001,1.0,-169.70000000000002,0.0,0.0,169.70000000000002,0.0,21.0,30.8,30.8,31.5,300.0,300.0,30.9,34.9,30.4,29.8,31.5,4.95,1.99,4.96,0.16,0.0,0.0,1027.0,8228.0,0.0,0.0,0.0,0.0,0.0,1.0,0.0,0.0,0.0,0.0,0.0,1.5,0.0,-0.7000000000000001,0.0,0.0,16.0,25903.0
2026-07-30T18:59:22.468Z,131.951,131.964,0.0,7.4,0.0,0.0,0.0,0.0,0.0,0.0,0.0,0.0,1.0,0.0,0.0,0.0,9.0,4.0,0.0,0.0,0.0,0.0,0.0,0.0,0.0,0.0,6.0,12.0,1.0,12.17,5.0200000000000005,2.51,1.49,0.0,0.0,0.0,0.6000000000000001,0.0,0.3,-0.4,-0.7000000000000001,-169.70000000000002,0.0,0.0,169.70000000000002,0.0,21.0,30.8,30.8,31.5,300.0,300.0,30.9,34.9,30.4,29.8,31.5,4.96,1.99,4.96,0.16,0.0,0.0,1027.0,8228.0,0.0,0.0,0.0,0.0,0.0,1.0,0.0,0.0,0.0,0.0,0.0,-1.0,0.0,0.5,0.0,0.0001,16.0,25903.0
2026-07-30T18:59:22.480Z,131.963,131.976,0.0,7.4,0.0,0.0,0.0,0.0,0.0,0.0,0.0,0.0,1.0,0.0,0.0,0.0,9.0,4.0,0.0,0.0,0.0,0.0,0.0,0.0,0.0,0.0,2.0,12.0,1.0,12.17,5.0200000000000005,2.51,1.49,0.0,0.0,0.0,0.5,0.0,-0.2,-1.0,0.4,-169.70000000000002,0.0,0.0,169.8,0.0,21.0,30.8,30.8,31.5,300.0,300.0,30.9,34.9,30.4,29.8,31.5,4.96,1.99,4.96,0.16,0.0,0.0,1027.0,8228.0,0.0,0.0,0.0,0.0,0.0,1.0,0.0,0.0,0.0,0.0,0.0,-0.8,0.0,-0.6000000000000001,0.0,0.0,16.0,25903.0
2026-07-30T18:59:22.493Z,131.976,131.988,0.0,7.4,0.0,0.0,0.0,0.0,0.0,0.0,0.0,0.0,1.0,0.0,0.0,0.0,9.0,4.0,0.0,0.0,0.0,0.0,0.0,0.0,0.0,0.0,3.0,12.0,1.0,12.19,5.01,2.51,1.49,0.0,0.0,0.0,0.6000000000000001,0.0,-0.2,1.3,0.4,-169.70000000000002,0.0,0.0,169.70000000000002,0.0,21.3,30.8,30.8,31.5,300.0,300.0,31.0,34.800000000000004,30.3,29.700000000000003,31.5,4.96,1.99,4.96,0.16,0.0,0.0,1027.0,8228.0,0.0,0.0,0.0,0.0,0.0,1.0,0.0,0.0,0.0,0.0,0.0,1.8,0.0,-0.1,0.0,0.0001,16.0,25903.0
2026-07-30T18:59:22.504Z,131.987,132.0,0.0,7.4,0.0,0.0,0.0,0.0,0.0,0.0,0.0,0.0,1.0,0.0,0.0,0.0,9.0,4.0,0.0,0.0,0.0,0.0,0.0,0.0,0.0,0.0,4.0,12.0,1.0,12.19,5.01,2.51,1.49,0.0,0.1,0.0,0.6000000000000001,0.0,0.3,-0.4,-1.2000000000000002,-169.70000000000002,0.0,0.0,169.70000000000002,0.0,21.3,30.8,30.8,31.5,300.0,300.0,31.0,34.800000000000004,30.3,29.700000000000003,31.5,4.96,1.99,4.96,0.16,0.0,0.0,1027.0,8228.0,0.0,0.0,0.0,0.0,0.0,1.0,0.0,0.0,0.0,0.0,0.0,-1.4,0.0,1.0,0.0,0.0001,16.0,25903.0
2026-07-30T18:59:22.516Z,131.999,132.012,0.0,7.4,0.0,0.0,0.0,0.0,0.0,0.0,0.0,0.0,1.0,0.0,0.0,0.0,9.0,4.0,0.0,0.0,0.0,0.0,0.0,0.0,0.0,0.0,6.0,12.0,1.0,12.19,5.01,2.51,1.49,0.0,0.0,0.0,0.6000000000000001,0.0,-0.2,0.1,-0.1,-169.70000000000002,0.0,0.0,169.70000000000002,0.0,21.3,30.8,30.8,31.5,300.0,300.0,31.0,34.800000000000004,30.3,29.700000000000003,31.5,4.96,1.99,4.96,0.16,0.0,0.0,1027.0,8228.0,0.0,0.0,0.0,0.0,0.0,1.0,0.0,0.0,0.0,0.0,0.0,0.1,0.0,0.1,0.0,0.0001,16.0,25903.0
2026-07-30T18:59:22.528Z,132.011,132.024,0.0,7.4,0.0,0.0,0.0,0.0,0.0,0.0,0.0,0.0,1.0,0.0,0.0,0.0,9.0,4.0,0.0,0.0,0.0,0.0,0.0,0.0,0.0,0.0,1.0,12.0,1.0,12.19,5.01,2.51,1.49,0.0,0.0,0.0,0.6000000000000001,0.0,0.3,-1.0,-0.7000000000000001,-169.70000000000002,0.0,0.0,169.70000000000002,0.0,21.3,30.8,30.8,31.5,300.0,300.0,31.0,34.800000000000004,30.3,29.700000000000003,31.5,4.95,1.99,4.97,0.16,0.0,0.0,1027.0,8228.0,0.0,0.0,0.0,0.0,0.0,1.0,0.0,0.0,0.0,0.0,0.0,-1.7000000000000002,0.0,0.4,0.0,0.0001,16.0,25903.0
2026-07-30T18:59:22.540Z,132.023,132.036,0.0,7.4,0.0,0.0,0.0,0.0,0.0,0.0,0.0,0.0,1.0,0.0,0.0,0.0,9.0,4.0,0.0,0.0,0.0,0.0,0.0,0.0,0.0,0.0,2.0,12.0,1.0,12.19,5.01,2.51,1.49,0.0,0.0,0.0,0.6000000000000001,0.0,0.9,-0.4,0.4,-169.70000000000002,0.0,0.0,169.70000000000002,0.0,21.3,30.8,30.8,31.5,300.0,300.0,31.0,34.800000000000004,30.3,29.700000000000003,31.5,4.95,1.99,4.96,0.16,0.0,0.0,1027.0,8228.0,0.0,0.0,0.0,0.0,0.0,1.0,0.0,0.0,0.0,0.0,0.0,-0.2,0.0,-0.4,0.0,0.0,16.0,25903.0
2026-07-30T18:59:22.552Z,132.035,132.048,0.0,7.4,0.0,0.0,0.0,0.0,0.0,0.0,0.0,0.0,1.0,0.0,0.0,0.0,9.0,4.0,0.0,0.0,0.0,0.0,0.0,0.0,0.0,0.0,4.0,12.0,1.0,12.19,5.01,2.51,1.49,0.0,0.0,0.0,0.6000000000000001,0.0,0.3,0.7000000000000001,-0.1,-169.70000000000002,0.0,0.0,169.70000000000002,0.0,21.3,30.8,30.8,31.5,300.0,300.0,31.0,34.800000000000004,30.3,29.700000000000003,31.5,4.96,2.0,4.96,0.16,0.0,0.0,1027.0,8228.0,0.0,0.0,0.0,0.0,0.0,1.0,0.0,0.0,0.0,0.0,0.0,0.7000000000000001,0.0,0.2,0.0,0.0,16.0,25903.0
2026-07-30T18:59:22.563Z,132.046,132.06,0.0,7.4,0.0,0.0,0.0,0.0,0.0,0.0,0.0,0.0,1.0,0.0,0.0,0.0,9.0,4.0,0.0,0.0,0.0,0.0,0.0,0.0,0.0,0.0,5.0,12.0,1.0,12.19,5.01,2.51,1.49,0.0,0.0,0.0,0.6000000000000001,0.0,-0.2,0.1,-0.1,-169.70000000000002,0.0,0.0,169.70000000000002,0.0,21.3,30.8,30.8,31.5,300.0,300.0,31.0,34.800000000000004,30.3,29.700000000000003,31.5,4.96,2.0,4.96,0.16,0.0,0.0,1027.0,8228.0,0.0,0.0,0.0,0.0,0.0,1.0,0.0,0.0,0.0,0.0,0.0,0.0,0.0,0.1,0.0,0.0,16.0,25903.0
2026-07-30T18:59:22.575Z,132.058,132.072,0.0,7.4,0.0,0.0,0.0,0.0,0.0,0.0,0.0,0.0,1.0,0.0,0.0,0.0,9.0,4.0,0.0,0.0,0.0,0.0,0.0,0.0,0.0,0.0,6.0,12.0,1.0,12.19,5.01,2.51,1.49,-0.1,0.0,0.0,0.5,0.0,0.9,-0.4,1.0,-169.70000000000002,0.0,0.0,169.8,0.0,21.3,30.8,30.8,31.5,300.0,300.0,31.0,34.800000000000004,30.3,29.700000000000003,31.5,4.95,1.99,4.96,0.16,0.0,0.0,1027.0,8228.0,0.0,0.0,0.0,0.0,0.0,1.0,0.0,0.0,0.0,0.0,0.0,0.2,0.0,-1.0,0.0,0.0,16.0,25903.0
2026-07-30T18:59:22.588Z,132.071,132.084,0.0,7.4,0.0,0.0,0.0,0.0,0.0,0.0,0.0,0.0,1.0,0.0,0.0,0.0,9.0,4.0,0.0,0.0,0.0,0.0,0.0,0.0,0.0,0.0,1.0,12.0,1.0,12.19,5.01,2.51,1.49,0.0,0.0,0.0,0.6000000000000001,0.0,0.3,0.7000000000000001,0.5,-169.70000000000002,0.0,0.0,169.70000000000002,0.0,21.3,30.8,30.8,31.5,300.0,300.0,31.0,34.800000000000004,30.3,29.700000000000003,31.5,4.95,1.99,4.96,0.16,0.0,0.0,1027.0,8228.0,0.0,0.0,0.0,0.0,0.0,1.0,0.0,0.0,0.0,0.0,0.0,1.2000000000000002,0.0,-0.3,0.0,0.0002,16.0,25903.0
2026-07-30T18:59:22.600Z,132.083,132.096,0.0,7.4,0.0,0.0,0.0,0.0,0.0,0.0,0.0,0.0,1.0,0.0,0.0,0.0,9.0,4.0,0.0,0.0,0.0,0.0,0.0,0.0,0.0,0.0,3.0,12.0,1.0,12.17,5.0200000000000005,2.51,1.49,0.0,0.0,0.0,0.5,0.0,0.3,0.1,1.0,-169.70000000000002,0.0,0.0,169.8,0.0,21.700000000000003,30.8,30.8,31.5,300.0,300.0,30.9,34.800000000000004,30.3,29.8,31.5,4.96,1.99,4.96,0.16,0.0,0.0,1027.0,8228.0,0.0,0.0,0.0,0.0,0.0,1.0,0.0,0.0,0.0,0.0,0.0,0.9,0.0,-0.9,0.0,0.0,16.0,25903.0
2026-07-30T18:59:22.612Z,132.095,132.108,0.0,7.4,0.0,0.0,0.0,0.0,0.0,0.0,0.0,0.0,1.0,0.0,0.0,0.0,9.0,4.0,0.0,0.0,0.0,0.0,0.0,0.0,0.0,0.0,5.0,12.0,1.0,12.17,5.0200000000000005,2.51,1.49,0.0,0.0,0.0,0.5,0.0,0.3,0.7000000000000001,0.0,-169.70000000000002,0.0,0.0,169.8,0.0,21.700000000000003,30.8,30.8,31.5,300.0,300.0,30.9,34.800000000000004,30.3,29.8,31.5,4.95,1.99,4.97,0.16,0.0,0.0,1027.0,8228.0,0.0,0.0,0.0,0.0,0.0,1.0,0.0,0.0,0.0,0.0,0.0,0.7000000000000001,0.0,0.2,0.0,0.0,16.0,25903.0
2026-07-30T18:59:22.624Z,132.107,132.12,0.0,7.4,0.0,0.0,0.0,0.0,0.0,0.0,0.0,0.0,1.0,0.0,0.0,0.0,9.0,4.0,0.0,0.0,0.0,0.0,0.0,0.0,0.0,0.0,6.0,12.0,1.0,12.17,5.0200000000000005,2.51,1.49,0.0,0.0,0.0,0.5,0.0,0.3,0.1,0.5,-169.70000000000002,0.0,0.0,169.8,0.0,21.700000000000003,30.8,30.8,31.5,300.0,300.0,30.9,34.800000000000004,30.3,29.8,31.5,4.96,1.99,4.96,0.16,0.0,0.0,1027.0,8228.0,0.0,0.0,0.0,0.0,0.0,1.0,0.0,0.0,0.0,0.0,0.0,0.5,0.0,-0.4,0.0,0.0,16.0,25903.0
2026-07-30T18:59:22.636Z,132.119,132.132,0.0,7.4,0.0,0.0,0.0,0.0,0.0,0.0,0.0,0.0,1.0,0.0,0.0,0.0,9.0,4.0,0.0,0.0,0.0,0.0,0.0,0.0,0.0,0.0,2.0,12.0,1.0,12.17,5.0200000000000005,2.51,1.49,0.0,0.1,0.0,0.5,0.0,-0.2,0.1,0.0,-169.70000000000002,0.0,0.0,169.60000000000002,0.0,21.700000000000003,30.8,30.8,31.5,300.0,300.0,30.9,34.800000000000004,30.3,29.8,31.5,4.96,1.99,4.97,0.16,0.0,0.0,1027.0,8228.0,0.0,0.0,0.0,0.0,0.0,1.0,0.0,0.0,0.0,0.0,0.0,0.1,0.0,0.0,0.0,0.0001,16.0,25903.0
2026-07-30T18:59:22.648Z,132.131,132.144,0.0,7.4,0.0,0.0,0.0,0.0,0.0,0.0,0.0,0.0,1.0,0.0,0.0,0.0,9.0,4.0,0.0,0.0,0.0,0.0,0.0,0.0,0.0,0.0,3.0,12.0,1.0,12.17,5.0200000000000005,2.51,1.49,0.0,0.0,0.0,0.6000000000000001,0.0,-0.2,1.3,-0.5,-169.70000000000002,0.0,0.0,169.8,0.0,21.700000000000003,30.8,30.8,31.5,300.0,300.0,30.9,34.800000000000004,30.3,29.8,31.5,4.95,1.99,4.97,0.16,0.0,0.0,1027.0,8228.0,0.0,0.0,0.0,0.0,0.0,1.0,0.0,0.0,0.0,0.0,0.0,1.1,0.0,0.7000000000000001,0.0,0.0002,16.0,25903.0
2026-07-30T18:59:22.660Z,132.143,132.156,0.0,7.4,0.0,0.0,0.0,0.0,0.0,0.0,0.0,0.0,1.0,0.0,0.0,0.0,9.0,4.0,0.0,0.0,0.0,0.0,0.0,0.0,0.0,0.0,5.0,12.0,1.0,12.17,5.0200000000000005,2.51,1.49,0.0,0.0,0.0,0.5,0.0,-0.2,-0.3,-0.5,-169.70000000000002,0.0,0.0,169.70000000000002,0.0,21.700000000000003,30.8,30.8,31.5,300.0,300.0,30.9,34.800000000000004,30.3,29.8,31.5,4.95,1.99,4.97,0.16,0.0,0.0,1027.0,8228.0,0.0,0.0,0.0,0.0,0.0,1.0,0.0,0.0,0.0,0.0,0.0,-0.8,0.0,0.3,0.0,0.0002,16.0,25903.0
2026-07-30T18:59:22.672Z,132.155,132.168,0.0,7.4,0.0,0.0,0.0,0.0,0.0,0.0,0.0,0.0,1.0,0.0,0.0,0.0,9.0,4.0,0.0,0.0,0.0,0.0,0.0,0.0,0.0,0.0,6.0,12.0,1.0,12.17,5.0200000000000005,2.51,1.49,0.0,0.0,0.0,0.6000000000000001,0.0,-0.2,0.7000000000000001,2.9000000000000004,-169.70000000000002,0.0,0.0,169.8,0.0,21.700000000000003,30.8,30.8,31.5,300.0,300.0,30.9,34.800000000000004,30.3,29.8,31.5,4.96,2.0,4.96,0.16,0.0,0.0,1027.0,8228.0,0.0,0.0,0.0,0.0,0.0,1.0,0.0,0.0,0.0,0.0,0.0,3.0,0.0,-2.4000000000000004,0.0,0.0001,16.0,25903.0
2026-07-30T18:59:22.684Z,132.167,132.18,0.0,7.4,0.0,0.0,0.0,0.0,0.0,0.0,0.0,0.0,1.0,0.0,0.0,0.0,9.0,4.0,0.0,0.0,0.0,0.0,0.0,0.0,0.0,0.0,2.0,12.0,1.0,12.17,5.0200000000000005,2.51,1.49,0.0,0.0,0.0,0.6000000000000001,0.0,-0.2,0.1,1.1,-169.70000000000002,0.0,0.0,169.70000000000002,0.0,21.700000000000003,30.8,30.8,31.5,300.0,300.0,30.9,34.800000000000004,30.3,29.8,31.5,4.96,1.99,4.97,0.16,0.0,0.0,1027.0,8228.0,0.0,0.0,0.0,0.0,0.0,1.0,0.0,0.0,0.0,0.0,0.0,1.0,0.0,-1.0,0.0,0.0,16.0,25903.0
2026-07-30T18:59:22.697Z,132.18,132.192,0.0,7.4,0.0,0.0,0.0,0.0,0.0,0.0,0.0,0.0,1.0,0.0,0.0,0.0,9.0,4.0,0.0,0.0,0.0,0.0,0.0,0.0,0.0,0.0,3.0,12.0,1.0,12.17,5.0200000000000005,2.5,1.49,0.0,0.0,0.0,0.5,0.0,-0.2,0.7000000000000001,0.0,-169.70000000000002,0.0,0.0,169.70000000000002,0.0,21.4,30.8,30.8,31.4,300.0,300.0,30.9,34.9,30.3,29.700000000000003,31.5,4.95,1.99,4.97,0.16,0.0,0.0,1027.0,8228.0,0.0,0.0,0.0,0.0,0.0,1.0,0.0,0.0,0.0,0.0,0.0,0.9,0.0,0.1,0.0,0.0,16.0,25903.0
2026-07-30T18:59:22.708Z,132.191,132.204,0.0,7.4,0.0,0.0,0.0,0.0,0.0,0.0,0.0,0.0,1.0,0.0,0.0,0.0,9.0,4.0,0.0,0.0,0.0,0.0,0.0,0.0,0.0,0.0,5.0,12.0,1.0,12.17,5.0200000000000005,2.5,1.49,0.0,0.1,0.0,0.6000000000000001,0.0,0.3,0.7000000000000001,0.6000000000000001,-169.70000000000002,0.0,0.0,169.8,0.0,21.4,30.8,30.8,31.4,300.0,300.0,30.9,34.9,30.3,29.700000000000003,31.5,4.96,1.99,4.96,0.16,0.0,0.0,1027.0,8228.0,0.0,0.0,0.0,0.0,0.0,1.0,0.0,0.0,0.0,0.0,0.0,1.3,0.0,-0.4,0.0,0.0001,16.0,25903.0
2026-07-30T18:59:22.720Z,132.203,132.216,0.0,7.4,0.0,0.0,0.0,0.0,0.0,0.0,0.0,0.0,1.0,0.0,0.0,0.0,9.0,4.0,0.0,0.0,0.0,0.0,0.0,0.0,0.0,0.0,6.0,12.0,1.0,12.17,5.0200000000000005,2.5,1.49,0.0,0.1,0.0,0.6000000000000001,0.0,0.3,0.7000000000000001,1.2000000000000002,-169.70000000000002,0.0,0.0,169.70000000000002,0.0,21.4,30.8,30.8,31.4,300.0,300.0,30.9,34.9,30.3,29.700000000000003,31.5,4.95,2.0,4.96,0.16,0.0,0.0,1027.0,8228.0,0.0,0.0,0.0,0.0,0.0,1.0,0.0,0.0,0.0,0.0,0.0,1.8,0.0,-0.9,0.0,0.0002,16.0,25903.0
2026-07-30T18:59:22.733Z,132.216,132.228,0.0,7.4,0.0,0.0,0.0,0.0,0.0,0.0,0.0,0.0,1.0,0.0,0.0,0.0,9.0,4.0,0.0,0.0,0.0,0.0,0.0,0.0,0.0,0.0,2.0,12.0,1.0,12.17,5.0200000000000005,2.5,1.49,0.0,0.0,0.0,0.6000000000000001,0.0,0.3,1.3,0.6000000000000001,-169.70000000000002,0.0,0.0,169.8,0.0,21.4,30.8,30.8,31.4,300.0,300.0,30.9,34.9,30.3,29.700000000000003,31.5,4.95,1.99,4.97,0.16,0.0,0.0,1027.0,8228.0,0.0,0.0,0.0,0.0,0.0,1.0,0.0,0.0,0.0,0.0,0.0,2.0,0.0,-0.2,0.0,0.0,16.0,25903.0
2026-07-30T18:59:22.744Z,132.227,132.24,0.0,7.4,0.0,0.0,0.0,0.0,0.0,0.0,0.0,0.0,1.0,0.0,0.0,0.0,9.0,4.0,0.0,0.0,0.0,0.0,0.0,0.0,0.0,0.0,4.0,12.0,1.0,12.17,5.0200000000000005,2.5,1.49,0.0,0.0,0.0,0.5,0.0,-0.2,0.2,0.1,-169.70000000000002,0.0,0.0,169.70000000000002,0.0,21.4,30.8,30.8,31.4,300.0,300.0,30.9,34.9,30.3,29.700000000000003,31.5,4.95,1.99,4.97,0.16,0.0,0.0,1027.0,8228.0,0.0,0.0,0.0,0.0,0.0,1.0,0.0,0.0,0.0,0.0,0.0,0.3,0.0,0.0,0.0,0.0,16.0,25903.0
2026-07-30T18:59:22.756Z,132.239,132.252,0.0,7.4,0.0,0.0,0.0,0.0,0.0,0.0,0.0,0.0,1.0,0.0,0.0,0.0,9.0,4.0,0.0,0.0,0.0,0.0,0.0,0.0,0.0,0.0,5.0,12.0,1.0,12.17,5.0200000000000005,2.5,1.49,0.0,0.0,0.0,0.6000000000000001,0.0,0.9,-0.3,1.8,-169.70000000000002,0.0,0.0,169.70000000000002,0.0,21.4,30.8,30.8,31.4,300.0,300.0,30.9,34.9,30.3,29.700000000000003,31.5,4.96,1.99,4.96,0.16,0.0,0.0,1027.0,8228.0,0.0,0.0,0.0,0.0,0.0,1.0,0.0,0.0,0.0,0.0,0.0,0.9,0.0,-1.7000000000000002,0.0,0.0001,16.0,25903.0
2026-07-30T18:59:22.773Z,132.256,132.264,0.0,7.4,0.0,0.0,0.0,0.0,0.0,0.0,0.0,0.0,1.0,0.0,0.0,0.0,9.0,4.0,0.0,0.0,0.0,0.0,0.0,0.0,0.0,0.0,6.0,12.0,1.0,12.17,5.0200000000000005,2.5,1.49,0.0,0.0,0.0,0.6000000000000001,0.0,-0.2,0.1,-0.4,-169.70000000000002,0.0,0.0,169.70000000000002,0.0,21.4,30.8,30.8,31.4,300.0,300.0,30.9,34.9,30.3,29.700000000000003,31.5,4.95,1.99,4.97,0.16,0.0,0.0,1027.0,8228.0,0.0,0.0,0.0,0.0,0.0,1.0,0.0,0.0,0.0,0.0,0.0,-0.1,0.0,0.4,0.0,0.0001,16.0,25903.0
2026-07-30T18:59:22.779Z,132.262,132.276,0.0,7.4,0.0,0.0,0.0,0.0,0.0,0.0,0.0,0.0,1.0,0.0,0.0,0.0,9.0,4.0,0.0,0.0,0.0,0.0,0.0,0.0,0.0,0.0,5.0,12.0,1.0,12.17,5.0200000000000005,2.5,1.49,0.0,0.0,0.0,0.5,0.0,0.3,-0.3,0.0,-169.70000000000002,0.0,0.0,169.60000000000002,0.0,21.4,30.8,30.8,31.4,300.0,300.0,30.9,34.9,30.3,29.700000000000003,31.5,4.95,1.98,4.96,0.16,0.0,0.0,1027.0,8228.0,0.0,0.0,0.0,0.0,0.0,1.0,0.0,0.0,0.0,0.0,0.0,-0.3,0.0,-0.1,0.0,0.0,16.0,25903.0
2026-07-30T18:59:22.792Z,132.275,132.288,-0.1,7.4,0.0,0.0,0.0,0.0,0.0,0.0,0.0,0.0,1.0,0.0,0.0,0.0,9.0,4.0,0.0,0.0,0.0,0.0,0.0,0.0,0.0,0.0,6.0,12.0,1.0,12.17,5.0200000000000005,2.5,1.49,0.0,0.0,0.0,0.5,0.0,-0.1,0.2,1.2000000000000002,-169.70000000000002,0.0,0.0,169.70000000000002,0.0,21.4,30.8,30.8,31.4,300.0,300.0,30.9,34.9,30.3,29.700000000000003,31.5,4.96,2.0,4.96,0.16,0.0,0.0,1027.0,8228.0,0.0,0.0,0.0,0.0,0.0,1.0,0.0,0.0,0.0,0.0,0.0,1.2000000000000002,0.0,-1.0,0.0,0.0001,16.0,25903.0
2026-07-30T18:59:22.804Z,132.287,132.3,-0.1,7.4,0.0,0.0,0.0,0.0,0.0,0.0,0.0,0.0,1.0,0.0,0.0,0.0,9.0,4.0,0.0,0.0,0.0,0.0,0.0,0.0,0.0,0.0,1.0,12.0,1.0,12.14,5.0200000000000005,2.5,1.49,0.0,0.0,0.0,0.5,0.0,0.9,0.2,1.2000000000000002,-169.70000000000002,0.0,0.0,169.70000000000002,0.0,21.8,30.8,30.8,31.4,300.0,300.0,30.9,34.9,30.3,29.700000000000003,31.5,4.95,2.0,4.96,0.16,0.0,0.0,1027.0,8228.0,0.0,0.0,0.0,0.0,0.0,1.0,0.0,0.0,0.0,0.0,0.0,1.2000000000000002,0.0,-1.0,0.0,0.0,16.0,25903.0
2026-07-30T18:59:22.816Z,132.299,132.312,-0.1,7.4,0.0,0.0,0.0,0.0,0.0,0.0,0.0,0.0,1.0,0.0,0.0,0.0,9.0,4.0,0.0,0.0,0.0,0.0,0.0,0.0,0.0,0.0,3.0,12.0,1.0,12.14,5.0200000000000005,2.5,1.49,0.0,0.0,0.0,0.5,0.0,-0.2,-0.9,-1.1,-169.70000000000002,0.0,0.0,169.70000000000002,0.0,21.8,30.8,30.8,31.4,300.0,300.0,30.9,34.9,30.3,29.700000000000003,31.5,4.96,1.99,4.97,0.16,0.0,0.0,1027.0,8228.0,0.0,0.0,0.0,0.0,0.0,1.0,0.0,0.0,0.0,0.0,0.0,-1.9,0.0,0.8,0.0,0.0,16.0,25903.0
2026-07-30T18:59:22.828Z,132.311,132.324,-0.1,7.4,0.0,0.0,0.0,0.0,0.0,0.0,0.0,0.0,1.0,0.0,0.0,0.0,9.0,4.0,0.0,0.0,0.0,0.0,0.0,0.0,0.0,0.0,4.0,12.0,1.0,12.14,5.0200000000000005,2.5,1.49,0.0,0.0,0.0,0.6000000000000001,0.0,-0.7000000000000001,1.4,-1.1,-169.70000000000002,0.0,0.0,169.70000000000002,0.0,21.8,30.8,30.8,31.4,300.0,300.0,30.9,34.9,30.3,29.700000000000003,31.5,4.96,1.99,4.96,0.16,0.0,0.0,1027.0,8228.0,0.0,0.0,0.0,0.0,0.0,1.0,0.0,0.0,0.0,0.0,0.0,0.7000000000000001,0.0,1.2000000000000002,0.0,0.0001,16.0,25903.0
2026-07-30T18:59:22.840Z,132.323,132.336,0.0,7.4,0.0,0.0,0.0,0.0,0.0,0.0,0.0,0.0,1.0,0.0,0.0,0.0,9.0,4.0,0.0,0.0,0.0,0.0,0.0,0.0,0.0,0.0,5.0,12.0,1.0,12.14,5.0200000000000005,2.5,1.49,0.0,0.0,0.0,0.6000000000000001,0.0,0.9,-0.2,-0.5,-169.70000000000002,0.0,0.0,169.8,0.0,21.8,30.8,30.8,31.4,300.0,300.0,30.9,34.9,30.3,29.700000000000003,31.5,4.96,1.99,4.96,0.16,0.0,0.0,1027.0,8228.0,0.0,0.0,0.0,0.0,0.0,1.0,0.0,0.0,0.0,0.0,0.0,-0.7000000000000001,0.0,0.4,0.0,0.0001,16.0,25903.0
2026-07-30T18:59:22.851Z,132.334,132.348,0.0,7.4,0.0,0.0,0.0,0.0,0.0,0.0,0.0,0.0,1.0,0.0,0.0,0.0,9.0,4.0,0.0,0.0,0.0,0.0,0.0,0.0,0.0,0.0,6.0,12.0,1.0,12.14,5.0200000000000005,2.5,1.49,0.0,0.0,0.0,0.5,0.0,0.3,-0.3,-0.6000000000000001,-169.70000000000002,0.0,0.0,169.8,0.0,21.8,30.8,30.8,31.4,300.0,300.0,30.9,34.9,30.3,29.700000000000003,31.5,4.95,1.99,4.97,0.16,0.0,0.0,1027.0,8228.0,0.0,0.0,0.0,0.0,0.0,1.0,0.0,0.0,0.0,0.0,0.0,-0.8,0.0,0.4,0.0,0.0002,16.0,25903.0
2026-07-30T18:59:22.864Z,132.347,132.36,0.0,7.4,0.0,0.0,0.0,0.0,0.0,0.0,0.0,0.0,1.0,0.0,0.0,0.0,9.0,4.0,0.0,0.0,0.0,0.0,0.0,0.0,0.0,0.0,1.0,12.0,1.0,12.14,5.0200000000000005,2.5,1.49,0.0,0.0,0.0,0.5,0.0,0.4,0.2,1.1,-169.70000000000002,0.0,0.0,169.70000000000002,0.0,21.8,30.8,30.8,31.4,300.0,300.0,30.9,34.9,30.3,29.700000000000003,31.5,4.95,1.99,4.96,0.16,0.0,0.0,1027.0,8228.0,0.0,0.0,0.0,0.0,0.0,1.0,0.0,0.0,0.0,0.0,0.0,1.1,0.0,-0.9,0.0,0.0001,16.0,25903.0
2026-07-30T18:59:22.875Z,132.358,132.372,0.0,7.4,0.0,0.0,0.0,0.0,0.0,0.0,0.0,0.0,1.0,0.0,0.0,0.0,9.0,4.0,0.0,0.0,0.0,0.0,0.0,0.0,0.0,0.0,2.0,12.0,1.0,12.14,5.0200000000000005,2.5,1.49,0.0,0.0,0.0,0.5,0.0,1.0,0.1,0.5,-169.70000000000002,0.0,0.0,169.70000000000002,0.0,21.8,30.8,30.8,31.4,300.0,300.0,30.9,34.9,30.3,29.700000000000003,31.5,4.95,1.99,4.96,0.16,0.0,0.0,1027.0,8228.0,0.0,0.0,0.0,0.0,0.0,1.0,0.0,0.0,0.0,0.0,0.0,0.6000000000000001,0.0,-0.4,0.0,0.0001,16.0,25903.0
2026-07-30T18:59:22.888Z,132.371,132.384,0.0,7.4,0.0,0.0,0.0,0.0,0.0,0.0,0.0,0.0,1.0,0.0,0.0,0.0,9.0,4.0,0.0,0.0,0.0,0.0,0.0,0.0,0.0,0.0,3.0,12.0,1.0,12.14,5.0200000000000005,2.5,1.49,0.0,0.0,0.0,0.6000000000000001,0.0,0.4,0.2,-1.1,-169.70000000000002,0.0,0.0,169.8,0.0,21.8,30.8,30.8,31.4,300.0,300.0,30.9,34.9,30.3,29.700000000000003,31.5,4.95,1.99,4.96,0.16,0.0,0.0,1027.0,8228.0,0.0,0.0,0.0,0.0,0.0,1.0,0.0,0.0,0.0,0.0,0.0,-0.6000000000000001,0.0,-1.2000000000000002,0.0,0.0,16.0,25903.0
2026-07-30T18:59:22.901Z,132.384,132.39600000000002,0.0,7.4,0.0,0.0,0.0,0.0,0.0,0.0,0.0,0.0,1.0,0.0,0.0,0.0,9.0,4.0,0.0,0.0,0.0,0.0,0.0,0.0,0.0,0.0,4.0,12.0,1.0,12.17,5.0200000000000005,2.5,1.49,0.0,0.1,0.0,0.5,0.0,0.4,-0.3,1.7000000000000002,-169.70000000000002,0.0,0.0,169.70000000000002,0.0,21.200000000000003,30.8,30.8,31.4,300.0,300.0,30.8,34.9,30.3,29.700000000000003,31.5,4.95,1.99,4.97,0.16,0.0,0.0,1027.0,8228.0,0.0,0.0,0.0,0.0,0.0,1.0,0.0,0.0,0.0,0.0,0.0,-0.2,0.0,0.5,0.0,0.0002,16.0,25903.0
2026-07-30T18:59:22.912Z,132.395,132.40800000000002,0.0,7.4,0.0,0.0,0.0,0.0,0.0,0.0,0.0,0.0,1.0,0.0,0.0,0.0,9.0,4.0,0.0,0.0,0.0,0.0,0.0,0.0,0.0,0.0,6.0,12.0,1.0,12.17,5.0200000000000005,2.5,1.49,0.0,0.0,0.0,0.6000000000000001,0.0,0.4,0.7000000000000001,1.6,-169.70000000000002,0.0,0.0,169.70000000000002,0.0,21.200000000000003,30.8,30.8,31.4,300.0,300.0,30.8,34.9,30.3,29.700000000000003,31.5,4.96,1.99,4.96,0.16,0.0,0.0,1027.0,8228.0,0.0,0.0,0.0,0.0,0.0,1.0,0.0,0.0,0.0,0.0,0.0,-2.2,0.0,0.2,0.0,0.0002,16.0,25903.0
2026-07-30T18:59:22.924Z,132.407,132.42000000000002,0.0,7.4,0.0,0.0,0.0,0.0,0.0,0.0,0.0,0.0,1.0,0.0,0.0,0.0,9.0,4.0,0.0,0.0,0.0,0.0,0.0,0.0,0.0,0.0,1.0,12.0,1.0,12.17,5.0200000000000005,2.5,1.49,0.0,0.0,0.0,0.5,0.0,-0.1,0.8,-0.1,-169.70000000000002,0.0,0.0,169.60000000000002,0.0,21.200000000000003,30.8,30.8,31.4,300.0,300.0,30.8,34.9,30.3,29.700000000000003,31.5,4.96,1.99,4.96,0.16,0.0,0.0,1027.0,8228.0,0.0,0.0,0.0,0.0,0.0,1.0,0.0,0.0,0.0,0.0,0.0,1.0,0.0,-0.8,0.0,0.0001,16.0,25903.0
2026-07-30T18:59:22.936Z,132.419,132.43200000000002,0.0,7.4,0.0,0.0,0.0,0.0,0.0,0.0,0.0,0.0,1.0,0.0,0.0,0.0,9.0,4.0,0.0,0.0,0.0,0.0,0.0,0.0,0.0,0.0,2.0,12.0,1.0,12.17,5.0200000000000005,2.5,1.49,0.0,0.0,0.0,0.5,0.0,0.4,0.2,0.4,-169.70000000000002,0.0,0.0,169.70000000000002,0.0,21.200000000000003,30.8,30.8,31.4,300.0,300.0,30.8,34.9,30.3,29.700000000000003,31.5,4.95,1.99,4.96,0.16,0.0,0.0,1027.0,8228.0,0.0,0.0,0.0,0.0,0.0,1.0,0.0,0.0,0.0,0.0,0.0,0.6000000000000001,0.0,-0.3,0.0,0.0001,16.0,25903.0
2026-07-30T18:59:22.948Z,132.431,132.44400000000002,0.0,7.4,0.0,0.0,0.0,0.0,0.0,0.0,0.0,0.0,1.0,0.0,0.0,0.0,9.0,4.0,0.0,0.0,0.0,0.0,0.0,0.0,0.0,0.0,3.0,12.0,1.0,12.17,5.0200000000000005,2.5,1.49,0.0,0.0,0.0,0.5,0.0,-0.1,0.1,0.4,-169.70000000000002,0.0,0.0,169.60000000000002,0.0,21.200000000000003,30.8,30.8,31.4,300.0,300.0,30.8,34.9,30.3,29.700000000000003,31.5,4.96,1.99,4.96,0.16,0.0,0.0,1027.0,8228.0,0.0,0.0,0.0,0.0,0.0,1.0,0.0,0.0,0.0,0.0,0.0,0.5,0.0,-0.3,0.0,0.0001,16.0,25903.0
2026-07-30T18:59:22.960Z,132.443,132.456,0.0,7.4,0.0,0.0,0.0,0.0,0.0,0.0,0.0,0.0,1.0,0.0,0.0,0.0,9.0,4.0,0.0,0.0,0.0,0.0,0.0,0.0,0.0,0.0,5.0,12.0,1.0,12.17,5.0200000000000005,2.5,1.49,0.0,0.0,0.0,0.5,0.0,0.3,-0.4,-0.7000000000000001,-169.70000000000002,0.0,0.0,169.70000000000002,0.0,21.200000000000003,30.8,30.8,31.4,300.0,300.0,30.8,34.9,30.3,29.700000000000003,31.5,4.95,1.99,4.97,0.16,0.0,0.0,1027.0,8228.0,0.0,0.0,0.0,0.0,0.0,1.0,0.0,0.0,0.0,0.0,0.0,-1.0,0.0,0.5,0.0,0.0,16.0,25903.0
2026-07-30T18:59:22.972Z,132.455,132.468,0.0,7.4,0.0,0.0,0.0,0.0,0.0,0.0,0.0,0.0,1.0,0.0,0.0,0.0,9.0,4.0,0.0,0.0,0.0,0.0,0.0,0.0,0.0,0.0,5.0,12.0,1.0,12.17,5.0200000000000005,2.5,1.49,0.0,0.0,0.0,0.5,0.0,0.9,1.2000000000000002,1.0,-169.70000000000002,0.0,0.0,169.70000000000002,0.0,21.200000000000003,30.8,30.8,31.4,300.0,300.0,30.8,34.9,30.3,29.700000000000003,31.5,4.95,1.99,4.97,0.16,0.0,0.0,1027.0,8228.0,0.0,0.0,0.0,0.0,0.0,1.0,0.0,0.0,0.0,0.0,0.0,2.2,0.0,-0.6000000000000001,0.0,0.0001,16.0,25903.0
2026-07-30T18:59:22.984Z,132.467,132.48,0.0,7.4,0.0,0.0,0.0,0.0,0.0,0.0,0.0,0.0,1.0,0.0,0.0,0.0,9.0,4.0,0.0,0.0,0.0,0.0,0.0,0.0,0.0,0.0,6.0,12.0,1.0,12.17,5.0200000000000005,2.5,1.49,0.0,0.0,0.0,0.5,0.0,0.3,0.6000000000000001,0.4,-169.70000000000002,0.0,0.0,169.8,0.0,21.200000000000003,30.8,30.8,31.4,300.0,300.0,30.8,34.9,30.3,29.700000000000003,31.5,4.95,1.99,4.97,0.16,0.0,0.0,1027.0,8228.0,0.0,0.0,0.0,0.0,0.0,1.0,0.0,0.0,0.0,0.0,0.0,1.1,0.0,-0.2,0.0,0.0001,16.0,25903.0
2026-07-30T18:59:22.996Z,132.479,132.492,0.0,7.4,0.0,0.0,0.0,0.0,0.0,0.0,0.0,0.0,1.0,0.0,0.0,0.0,9.0,4.0,0.0,0.0,0.0,0.0,0.0,0.0,0.0,0.0,1.0,12.0,1.0,12.17,5.0200000000000005,2.5,1.49,0.0,0.0,0.0,0.5,0.0,-0.2,0.7000000000000001,0.5,-169.70000000000002,0.0,0.0,169.60000000000002,0.0,21.200000000000003,30.8,30.8,31.4,300.0,300.0,30.8,34.9,30.3,29.700000000000003,31.5,4.96,1.99,4.96,0.16,0.0,0.0,1027.0,8228.0,0.0,0.0,0.0,0.0,0.0,1.0,0.0,0.0,0.0,0.0,0.0,1.2000000000000002,0.0,-0.3,0.0,0.0001,16.0,25903.0
2026-07-30T18:59:23.008Z,132.491,132.504,0.0,7.4,0.0,0.0,0.0,0.0,0.0,0.0,0.0,0.0,1.0,0.0,0.0,0.0,9.0,4.0,0.0,0.0,0.0,0.0,0.0,0.0,0.0,0.0,3.0,12.0,1.0,12.15,5.01,2.51,1.49,0.0,0.0,0.0,0.5,0.0,0.3,-0.4,0.5,-169.70000000000002,0.0,0.0,169.8,0.0,21.3,30.8,30.8,31.4,300.0,300.0,30.8,34.9,30.3,29.700000000000003,31.5,4.95,1.99,4.97,0.16,0.0,0.0,1027.0,8228.0,0.0,0.0,0.0,0.0,0.0,1.0,0.0,0.0,0.0,0.0,0.0,-0.1,0.0,-0.5,0.0,0.0002,16.0,25903.0
2026-07-30T18:59:23.020Z,132.503,132.516,0.0,7.4,0.0,0.0,0.0,0.0,0.0,0.0,0.0,0.0,1.0,0.0,0.0,0.0,9.0,4.0,0.0,0.0,0.0,0.0,0.0,0.0,0.0,0.0,4.0,12.0,1.0,12.15,5.01,2.51,1.49,0.0,0.0,0.0,0.5,0.0,0.9,0.1,-0.6000000000000001,-169.70000000000002,0.0,0.0,169.70000000000002,0.0,21.3,30.8,30.8,31.4,300.0,300.0,30.8,34.9,30.3,29.700000000000003,31.5,4.95,1.99,4.96,0.16,0.0,0.0,1027.0,8228.0,0.0,0.0,0.0,0.0,0.0,1.0,0.0,0.0,0.0,0.0,0.0,-0.2,0.0,0.5,0.0,0.0002,16.0,25903.0
2026-07-30T18:59:23.032Z,132.515,132.528,0.0,7.4,0.0,0.0,0.0,0.0,0.0,0.0,0.0,0.0,1.0,0.0,0.0,0.0,9.0,4.0,0.0,0.0,0.0,0.0,0.0,0.0,0.0,0.0,5.0,12.0,1.0,12.15,5.01,2.51,1.49,0.0,0.0,0.0,0.6000000000000001,0.0,0.9,0.7000000000000001,1.1,-169.70000000000002,0.0,0.0,169.8,0.0,21.3,30.8,30.8,31.4,300.0,300.0,30.8,34.9,30.3,29.700000000000003,31.5,4.96,1.99,4.96,0.16,0.0,0.0,1027.0,8228.0,0.0,0.0,0.0,0.0,0.0,1.0,0.0,0.0,0.0,0.0,0.0,1.7000000000000002,0.0,-0.8,0.0,0.0,16.0,25903.0
2026-07-30T18:59:23.044Z,132.527,132.54,0.0,7.4,0.0,0.0,0.0,0.0,0.0,0.0,0.0,0.0,1.0,0.0,0.0,0.0,9.0,4.0,0.0,0.0,0.0,0.0,0.0,0.0,0.0,0.0,6.0,12.0,1.0,12.15,5.01,2.51,1.49,0.0,0.0,0.0,0.5,0.0,-0.8,-0.4,0.5,-169.70000000000002,0.0,0.0,169.70000000000002,0.0,21.3,30.8,30.8,31.4,300.0,300.0,30.8,34.9,30.3,29.700000000000003,31.5,4.96,1.99,4.96,0.16,0.0,0.0,1027.0,8228.0,0.0,0.0,0.0,0.0,0.0,1.0,0.0,0.0,0.0,0.0,0.0,0.0,0.0,-0.5,0.0,0.0001,16.0,25903.0
2026-07-30T18:59:23.056Z,132.539,132.552,0.0,7.4,0.0,0.0,0.0,0.0,0.0,0.0,0.0,0.0,1.0,0.0,0.0,0.0,9.0,4.0,0.0,0.0,0.0,0.0,0.0,0.0,0.0,0.0,1.0,12.0,1.0,12.15,5.01,2.51,1.49,0.0,0.0,0.0,0.6000000000000001,0.0,-0.2,-0.4,-0.5,-169.70000000000002,0.0,0.0,169.70000000000002,0.0,21.3,30.8,30.8,31.4,300.0,300.0,30.8,34.9,30.3,29.700000000000003,31.5,4.95,1.99,4.97,0.16,0.0,0.0,1027.0,8228.0,0.0,0.0,0.0,0.0,0.0,1.0,0.0,0.0,0.0,0.0,0.0,-0.9,0.0,0.4,0.0,0.0001,16.0,25903.0
2026-07-30T18:59:23.071Z,132.554,132.564,0.0,7.4,0.0,0.0,0.0,0.0,0.0,0.0,0.0,0.0,1.0,0.0,0.0,0.0,9.0,4.0,0.0,0.0,0.0,0.0,0.0,0.0,0.0,0.0,2.0,12.0,1.0,12.15,5.01,2.51,1.49,0.0,0.0,0.0,0.5,0.0,-0.1,0.1,2.3000000000000003,-169.70000000000002,0.0,0.0,169.70000000000002,0.0,21.3,30.8,30.8,31.4,300.0,300.0,30.8,34.9,30.3,29.700000000000003,31.5,4.95,2.0,4.96,0.16,0.0,0.0,1027.0,8228.0,0.0,0.0,0.0,0.0,0.0,1.0,0.0,0.0,0.0,0.0,0.0,1.9,0.0,-2.0,0.0,0.0,16.0,25903.0
2026-07-30T18:59:23.084Z,132.567,132.576,0.0,7.4,0.0,0.0,0.0,0.0,0.0,0.0,0.0,0.0,1.0,0.0,0.0,0.0,9.0,4.0,0.0,0.0,0.0,0.0,0.0,0.0,0.0,0.0,2.0,12.0,1.0,12.15,5.01,2.51,1.49,0.0,0.0,0.0,0.5,0.0,0.4,0.1,-1.1,-169.70000000000002,0.0,0.0,169.8,0.0,21.3,30.8,30.8,31.4,300.0,300.0,30.8,34.9,30.3,29.700000000000003,31.5,4.96,1.99,4.96,0.16,0.0,0.0,1027.0,8228.0,0.0,0.0,0.0,0.0,0.0,1.0,0.0,0.0,0.0,0.0,0.0,-0.6000000000000001,0.0,1.0,0.0,0.0,16.0,25903.0
2026-07-30T18:59:23.092Z,132.575,132.588,0.0,7.4,0.0,0.0,0.0,0.0,0.0,0.0,0.0,0.0,1.0,0.0,0.0,0.0,9.0,4.0,0.0,0.0,0.0,0.0,0.0,0.0,0.0,0.0,6.0,12.0,1.0,12.15,5.01,2.51,1.49,0.0,0.0,0.0,0.5,0.0,0.4,-0.4,-0.5,-169.70000000000002,0.0,0.0,169.70000000000002,0.0,21.3,30.8,30.8,31.4,300.0,300.0,30.8,34.9,30.3,29.700000000000003,31.5,4.95,1.99,4.97,0.16,0.0,0.0,1027.0,8228.0,0.0,0.0,0.0,0.0,0.0,1.0,0.0,0.0,0.0,0.0,0.0,-0.8,0.0,0.4,0.0,0.0001,16.0,25903.0
2026-07-30T18:59:23.105Z,132.588,132.6,0.0,7.4,0.0,0.0,0.0,0.0,0.0,0.0,0.0,0.0,1.0,0.0,0.0,0.0,9.0,4.0,0.0,0.0,0.0,0.0,0.0,0.0,0.0,0.0,2.0,12.0,1.0,12.17,5.0200000000000005,2.5,1.49,0.0,0.0,0.0,0.6000000000000001,0.0,-0.7000000000000001,-0.9,0.6000000000000001,-169.70000000000002,0.0,0.0,169.8,0.0,21.4,30.8,30.700000000000003,31.4,300.0,300.0,30.9,34.9,30.3,29.700000000000003,31.5,4.96,1.99,4.96,0.16,0.0,0.0,1027.0,8228.0,0.0,0.0,0.0,0.0,0.0,1.0,0.0,0.0,0.0,0.0,0.0,-0.6000000000000001,0.0,-0.7000000000000001,0.0,0.0,16.0,25903.0
2026-07-30T18:59:23.116Z,132.599,132.612,0.0,7.4,0.0,0.0,0.0,0.0,0.0,0.0,0.0,0.0,1.0,0.0,0.0,0.0,9.0,4.0,0.0,0.0,0.0,0.0,0.0,0.0,0.0,0.0,3.0,12.0,1.0,12.17,5.0200000000000005,2.5,1.49,0.0,0.0,0.0,0.5,0.0,0.9,0.1,0.0,-169.70000000000002,0.0,0.0,169.8,0.0,21.4,30.8,30.700000000000003,31.4,300.0,300.0,30.9,34.9,30.3,29.700000000000003,31.5,4.96,2.0,4.96,0.16,0.0,0.0,1027.0,8228.0,0.0,0.0,0.0,0.0,0.0,1.0,0.0,0.0,0.0,0.0,0.0,0.1,0.0,0.0,0.0,0.0001,16.0,25903.0
2026-07-30T18:59:23.128Z,132.611,132.624,0.0,7.4,0.0,0.0,0.0,0.0,0.0,0.0,0.0,0.0,1.0,0.0,0.0,0.0,9.0,4.0,0.0,0.0,0.0,0.0,0.0,0.0,0.0,0.0,4.0,12.0,1.0,12.17,5.0200000000000005,2.5,1.49,0.0,0.0,0.0,0.6000000000000001,0.0,-0.7000000000000001,0.7000000000000001,2.3000000000000003,-169.70000000000002,0.0,0.0,169.8,0.0,21.4,30.8,30.700000000000003,31.4,300.0,300.0,30.9,34.9,30.3,29.700000000000003,31.5,4.95,1.99,4.96,0.16,0.0,0.0,1027.0,8228.0,0.0,0.0,0.0,0.0,0.0,1.0,0.0,0.0,0.0,0.0,0.0,2.5,0.0,-1.9,0.0,0.0001,16.0,25903.0
2026-07-30T18:59:23.140Z,132.623,132.636,0.0,7.4,0.0,0.0,0.0,0.0,0.0,0.0,0.0,0.0,1.0,0.0,0.0,0.0,9.0,4.0,0.0,0.0,0.0,0.0,0.0,0.0,0.0,0.0,6.0,12.0,1.0,12.17,5.0200000000000005,2.5,1.49,0.0,0.0,0.0,0.5,0.0,0.3,-1.0,0.0,-169.70000000000002,0.0,0.0,169.8,0.0,21.4,30.8,30.700000000000003,31.4,300.0,300.0,30.9,34.9,30.3,29.700000000000003,31.5,4.95,1.99,4.97,0.16,0.0,0.0,1027.0,8228.0,0.0,0.0,0.0,0.0,0.0,1.0,0.0,0.0,0.0,0.0,0.0,-1.1,0.0,-0.2,0.0,0.0,16.0,25903.0
2026-07-30T18:59:23.152Z,132.635,132.648,0.0,7.4,0.0,0.0,0.0,0.0,0.0,0.0,0.0,0.0,1.0,0.0,0.0,0.0,9.0,4.0,0.0,0.0,0.0,0.0,0.0,0.0,0.0,0.0,1.0,12.0,1.0,12.17,5.0200000000000005,2.5,1.49,0.0,0.0,0.0,0.5,0.0,-0.2,-1.0,0.0,-169.70000000000002,0.0,0.0,169.70000000000002,0.0,21.4,30.8,30.700000000000003,31.4,300.0,300.0,30.9,34.9,30.3,29.700000000000003,31.5,4.96,2.0,4.97,0.16,0.0,0.0,1027.0,8228.0,0.0,0.0,0.0,0.0,0.0,1.0,0.0,0.0,0.0,0.0,0.0,-1.1,0.0,-0.2,0.0,0.0001,16.0,25903.0
2026-07-30T18:59:23.164Z,132.647,132.66,0.0,7.4,0.0,0.0,0.0,0.0,0.0,0.0,0.0,0.0,1.0,0.0,0.0,0.0,9.0,4.0,0.0,0.0,0.0,0.0,0.0,0.0,0.0,0.0,2.0,12.0,1.0,12.17,5.0200000000000005,2.5,1.49,0.0,0.0,0.0,0.5,0.0,0.3,1.2000000000000002,0.5,-169.70000000000002,0.0,0.0,169.70000000000002,0.0,21.4,30.8,30.700000000000003,31.4,300.0,300.0,30.9,34.9,30.3,29.700000000000003,31.5,4.96,1.99,4.97,0.16,0.0,0.0,1027.0,8228.0,0.0,0.0,0.0,0.0,0.0,1.0,0.0,0.0,0.0,0.0,0.0,1.8,0.0,-0.2,0.0,0.0002,16.0,25903.0
2026-07-30T18:59:23.176Z,132.659,132.672,0.0,7.4,0.0,0.0,0.0,0.0,0.0,0.0,0.0,0.0,1.0,0.0,0.0,0.0,9.0,4.0,0.0,0.0,0.0,0.0,0.0,0.0,0.0,0.0,3.0,12.0,1.0,12.17,5.0200000000000005,2.5,1.49,0.0,0.0,0.0,0.5,0.0,-0.8,0.1,0.4,-169.70000000000002,0.0,0.0,169.8,0.0,21.4,30.8,30.700000000000003,31.4,300.0,300.0,30.9,34.9,30.3,29.700000000000003,31.5,4.95,1.99,4.97,0.16,0.0,0.0,1027.0,8228.0,0.0,0.0,0.0,0.0,0.0,1.0,0.0,0.0,0.0,0.0,0.0,0.4,0.0,-0.3,0.0,0.0001,16.0,25903.0
2026-07-30T18:59:23.188Z,132.671,132.684,0.0,7.4,0.0,0.0,0.0,0.0,0.0,0.0,0.0,0.0,1.0,0.0,0.0,0.0,9.0,4.0,0.0,0.0,0.0,0.0,0.0,0.0,0.0,0.0,4.0,12.0,1.0,12.17,5.0200000000000005,2.5,1.49,0.0,0.0,0.0,0.6000000000000001,0.0,-0.2,0.7000000000000001,0.4,-169.70000000000002,0.0,0.0,169.8,0.0,21.4,30.8,30.700000000000003,31.4,300.0,300.0,30.9,34.9,30.3,29.700000000000003,31.5,4.96,1.99,4.96,0.16,0.0,0.0,1027.0,8228.0,0.0,0.0,0.0,0.0,0.0,1.0,0.0,0.0,0.0,0.0,0.0,1.1,0.0,-0.2,0.0,0.0002,16.0,25903.0
2026-07-30T18:59:23.200Z,132.683,132.696,0.0,7.4,0.0,0.0,0.0,0.0,0.0,0.0,0.0,0.0,1.0,0.0,0.0,0.0,9.0,4.0,0.0,0.0,0.0,0.0,0.0,0.0,0.0,0.0,5.0,12.0,1.0,12.17,5.0200000000000005,2.5,1.49,0.0,0.0,0.0,0.5,0.0,0.3,-1.0,-1.2000000000000002,-169.70000000000002,0.0,0.0,169.70000000000002,0.0,21.4,30.8,30.700000000000003,31.4,300.0,300.0,30.9,34.9,30.3,29.700000000000003,31.5,4.95,1.99,4.96,0.16,0.0,0.0,1027.0,8228.0,0.0,0.0,0.0,0.0,0.0,1.0,0.0,0.0,0.0,0.0,0.0,-2.1,0.0,0.9,0.0,0.0,16.0,25903.0
2026-07-30T18:59:23.212Z,132.695,132.708,0.0,7.4,0.0,0.0,0.0,0.0,0.0,0.0,0.0,0.0,1.0,0.0,0.0,0.0,9.0,4.0,0.0,0.0,0.0,0.0,0.0,0.0,0.0,0.0,6.0,12.0,1.0,12.17,5.0,2.5,1.49,0.0,0.0,0.0,0.5,0.0,-0.2,-0.4,-0.7000000000000001,-169.70000000000002,0.0,0.0,169.70000000000002,0.0,21.700000000000003,30.8,30.700000000000003,31.4,300.0,300.0,30.8,34.9,30.3,29.700000000000003,31.5,4.95,1.99,4.97,0.16,0.0,0.0,1027.0,8228.0,0.0,0.0,0.0,0.0,0.0,1.0,0.0,0.0,0.0,0.0,0.0,-1.0,0.0,0.5,0.0,0.0002,16.0,25903.0
2026-07-30T18:59:23.224Z,132.707,132.72,0.0,7.4,0.0,0.0,0.0,0.0,0.0,0.0,0.0,0.0,1.0,0.0,0.0,0.0,9.0,4.0,0.0,0.0,0.0,0.0,0.0,0.0,0.0,0.0,1.0,12.0,1.0,12.17,5.0,2.5,1.49,-0.1,0.1,0.0,0.5,0.0,-0.8,1.2000000000000002,0.0,-169.70000000000002,0.0,0.0,169.8,0.0,21.700000000000003,30.8,30.700000000000003,31.4,300.0,300.0,30.8,34.9,30.3,29.700000000000003,31.5,4.95,2.0,4.97,0.16,0.0,0.0,1027.0,8228.0,0.0,0.0,0.0,0.0,0.0,1.0,0.0,0.0,0.0,0.0,0.0,1.4,0.0,0.3,0.0,0.0001,16.0,25903.0
2026-07-30T18:59:23.236Z,132.719,132.732,0.0,7.4,0.0,0.0,0.0,0.0,0.0,0.0,0.0,0.0,1.0,0.0,0.0,0.0,9.0,4.0,0.0,0.0,0.0,0.0,0.0,0.0,0.0,0.0,2.0,12.0,1.0,12.17,5.0,2.5,1.49,0.0,0.0,0.0,0.5,0.0,0.3,0.1,1.1,-169.70000000000002,0.0,0.0,169.8,0.0,21.700000000000003,30.8,30.700000000000003,31.4,300.0,300.0,30.8,34.9,30.3,29.700000000000003,31.5,4.96,2.0,4.96,0.16,0.0,0.0,1027.0,8228.0,0.0,0.0,0.0,0.0,0.0,1.0,0.0,0.0,0.0,0.0,0.0,0.9,0.0,-0.9,0.0,0.0001,16.0,25903.0
2026-07-30T18:59:23.248Z,132.731,132.744,0.0,7.4,0.0,0.0,0.0,0.0,0.0,0.0,0.0,0.0,1.0,0.0,0.0,0.0,9.0,4.0,0.0,0.0,0.0,0.0,0.0,0.0,0.0,0.0,3.0,12.0,1.0,12.17,5.0,2.5,1.49,0.0,0.1,0.0,0.5,0.0,-0.2,-1.6,-0.6000000000000001,-169.70000000000002,0.0,0.0,169.70000000000002,0.0,21.700000000000003,30.8,30.700000000000003,31.4,300.0,300.0,30.8,34.9,30.3,29.700000000000003,31.5,4.95,1.99,4.97,0.16,0.0,0.0,1027.0,8228.0,0.0,0.0,0.0,0.0,0.0,1.0,0.0,0.0,0.0,0.0,0.0,-2.3000000000000003,0.0,0.2,0.0,0.0001,16.0,25903.0
2026-07-30T18:59:23.260Z,132.743,132.756,0.0,7.4,0.0,0.0,0.0,0.0,0.0,0.0,0.0,0.0,1.0,0.0,0.0,0.0,9.0,4.0,0.0,0.0,0.0,0.0,0.0,0.0,0.0,0.0,4.0,12.0,1.0,12.17,5.0,2.5,1.49,0.0,0.0,0.0,0.6000000000000001,0.0,-0.2,0.1,-0.6000000000000001,-169.70000000000002,0.0,0.0,169.70000000000002,0.0,21.700000000000003,30.8,30.700000000000003,31.4,300.0,300.0,30.8,34.9,30.3,29.700000000000003,31.5,4.95,2.0,4.96,0.16,0.0,0.0,1027.0,8228.0,0.0,0.0,0.0,0.0,0.0,1.0,0.0,0.0,0.0,0.0,0.0,-0.3,0.0,0.5,0.0,0.0002,16.0,25903.0
2026-07-30T18:59:23.272Z,132.755,132.768,0.0,7.4,0.0,0.0,0.0,0.0,0.0,0.0,0.0,0.0,1.0,0.0,0.0,0.0,9.0,4.0,0.0,0.0,0.0,0.0,0.0,0.0,0.0,0.0,5.0,12.0,1.0,12.17,5.0,2.5,1.49,0.0,0.0,0.0,0.5,0.0,-0.2,0.0,1.1,-169.70000000000002,0.0,0.0,169.70000000000002,0.0,21.700000000000003,30.8,30.700000000000003,31.4,300.0,300.0,30.8,34.9,30.3,29.700000000000003,31.5,4.96,1.99,4.96,0.16,0.0,0.0,1027.0,8228.0,0.0,0.0,0.0,0.0,0.0,1.0,0.0,0.0,0.0,0.0,0.0,0.9,0.0,-0.9,0.0,0.0001,16.0,25903.0
2026-07-30T18:59:23.284Z,132.767,132.78,0.0,7.4,0.0,0.0,0.0,0.0,0.0,0.0,0.0,0.0,1.0,0.0,0.0,0.0,9.0,4.0,0.0,0.0,0.0,0.0,0.0,0.0,0.0,0.0,1.0,12.0,1.0,12.17,5.0,2.5,1.49,0.0,0.0,0.0,0.6000000000000001,0.0,0.9,-0.4,1.1,-169.70000000000002,0.0,0.0,169.70000000000002,0.0,21.700000000000003,30.8,30.700000000000003,31.4,300.0,300.0,30.8,34.9,30.3,29.700000000000003,31.5,4.96,1.99,4.96,0.16,0.0,0.0,1027.0,8228.0,0.0,0.0,0.0,0.0,0.0,1.0,0.0,0.0,0.0,0.0,0.0,0.2,0.0,-1.0,0.0,0.0,16.0,25903.0
2026-07-30T18:59:23.296Z,132.779,132.792,0.0,7.4,0.0,0.0,0.0,0.0,0.0,0.0,0.0,0.0,1.0,0.0,0.0,0.0,9.0,4.0,0.0,0.0,0.0,0.0,0.0,0.0,0.0,0.0,2.0,12.0,1.0,12.17,5.0,2.5,1.49,0.0,0.0,0.0,0.5,0.0,-0.8,-0.4,0.5,-169.70000000000002,0.0,0.0,169.70000000000002,0.0,21.700000000000003,30.8,30.700000000000003,31.4,300.0,300.0,30.8,34.9,30.3,29.700000000000003,31.5,4.95,1.99,4.97,0.16,0.0,0.0,1027.0,8228.0,0.0,0.0,0.0,0.0,0.0,1.0,0.0,0.0,0.0,0.0,0.0,-0.1,0.0,-0.5,0.0,0.0001,16.0,25903.0
2026-07-30T18:59:23.309Z,132.792,132.804,0.0,7.4,0.0,0.0,0.0,0.0,0.0,0.0,0.0,0.0,1.0,0.0,0.0,0.0,9.0,4.0,0.0,0.0,0.0,0.0,0.0,0.0,0.0,0.0,3.0,12.0,1.0,12.17,5.0200000000000005,2.5,1.49,0.0,0.0,0.0,0.6000000000000001,0.0,-0.8,0.0,0.0,-169.70000000000002,0.0,0.0,169.70000000000002,0.0,21.8,30.8,30.700000000000003,31.4,300.0,300.0,30.8,34.9,30.3,29.700000000000003,31.5,4.95,2.0,4.96,0.16,0.0,0.0,1027.0,8228.0,0.0,0.0,0.0,0.0,0.0,1.0,0.0,0.0,0.0,0.0,0.0,0.0,0.0,0.0,0.0,0.0,16.0,25903.0
2026-07-30T18:59:23.320Z,132.803,132.816,0.0,7.4,0.0,0.0,0.0,0.0,0.0,0.0,0.0,0.0,1.0,0.0,0.0,0.0,9.0,4.0,0.0,0.0,0.0,0.0,0.0,0.0,0.0,0.0,4.0,12.0,1.0,12.17,5.0200000000000005,2.5,1.49,0.0,0.0,0.0,0.5,0.0,0.3,1.2000000000000002,1.0,-169.70000000000002,0.0,0.0,169.8,0.0,21.8,30.8,30.700000000000003,31.4,300.0,300.0,30.8,34.9,30.3,29.700000000000003,31.5,4.96,1.99,4.96,0.16,0.0,0.0,1027.0,8228.0,0.0,0.0,0.0,0.0,0.0,1.0,0.0,0.0,0.0,0.0,0.0,2.2,0.0,-0.6000000000000001,0.0,0.0,16.0,25903.0
2026-07-30T18:59:23.332Z,132.815,132.828,0.0,7.4,0.0,0.0,0.0,0.0,0.0,0.0,0.0,0.0,1.0,0.0,0.0,0.0,9.0,4.0,0.0,0.0,0.0,0.0,0.0,0.0,0.0,0.0,5.0,12.0,1.0,12.17,5.0200000000000005,2.5,1.49,0.0,0.0,0.0,0.5,0.0,-0.2,0.6000000000000001,-0.6000000000000001,-169.70000000000002,0.0,0.0,169.8,0.0,21.8,30.8,30.700000000000003,31.4,300.0,300.0,30.8,34.9,30.3,29.700000000000003,31.5,4.95,1.99,4.97,0.16,0.0,0.0,1027.0,8228.0,0.0,0.0,0.0,0.0,0.0,1.0,0.0,0.0,0.0,0.0,0.0,0.2,0.0,0.7000000000000001,0.0,0.0002,16.0,25903.0
2026-07-30T18:59:23.344Z,132.827,132.84,0.0,7.4,0.0,0.0,0.0,0.0,0.0,0.0,0.0,0.0,1.0,0.0,0.0,0.0,9.0,4.0,0.0,0.0,0.0,0.0,0.0,0.0,0.0,0.0,6.0,12.0,1.0,12.17,5.0200000000000005,2.5,1.49,0.0,0.1,0.0,0.5,0.0,0.3,-0.4,2.2,-169.70000000000002,0.0,0.0,169.8,0.0,21.8,30.8,30.700000000000003,31.4,300.0,300.0,30.8,34.9,30.3,29.700000000000003,31.5,4.96,1.99,4.96,0.16,0.0,0.0,1027.0,8228.0,0.0,0.0,0.0,0.0,0.0,1.0,0.0,0.0,0.0,0.0,0.0,1.1,0.0,-2.0,0.0,0.0001,16.0,25903.0
2026-07-30T18:59:23.357Z,132.84,132.852,0.0,7.4,0.0,0.0,0.0,0.0,0.0,0.0,0.0,0.0,1.0,0.0,0.0,0.0,9.0,4.0,0.0,0.0,0.0,0.0,0.0,0.0,0.0,0.0,1.0,12.0,1.0,12.17,5.0200000000000005,2.5,1.49,0.0,0.0,0.0,0.5,0.0,0.3,0.1,0.0,-169.70000000000002,0.0,0.0,169.8,0.0,21.8,30.8,30.700000000000003,31.4,300.0,300.0,30.8,34.9,30.3,29.700000000000003,31.5,4.96,2.0,4.96,0.16,0.0,0.0,1027.0,8228.0,0.0,0.0,0.0,0.0,0.0,1.0,0.0,0.0,0.0,0.0,0.0,0.1,0.0,0.0,0.0,0.0,16.0,25903.0
2026-07-30T18:59:23.369Z,132.852,132.864,0.0,7.4,0.0,0.0,0.0,0.0,0.0,0.0,0.0,0.0,1.0,0.0,0.0,0.0,9.0,4.0,0.0,0.0,0.0,0.0,0.0,0.0,0.0,0.0,2.0,12.0,1.0,12.17,5.0200000000000005,2.5,1.49,0.0,0.0,0.0,0.5,0.0,0.3,-0.4,-0.5,-169.70000000000002,0.0,0.0,169.8,0.0,21.8,30.8,30.700000000000003,31.4,300.0,300.0,30.8,34.9,30.3,29.700000000000003,31.5,4.96,1.99,4.96,0.16,0.0,0.0,1027.0,8228.0,0.0,0.0,0.0,0.0,0.0,1.0,0.0,0.0,0.0,0.0,0.0,-0.9,0.0,0.4,0.0,0.0,16.0,25903.0
2026-07-30T18:59:23.380Z,132.863,132.876,0.0,7.4,0.0,0.0,0.0,0.0,0.0,0.0,0.0,0.0,1.0,0.0,0.0,0.0,9.0,4.0,0.0,0.0,0.0,0.0,0.0,0.0,0.0,0.0,3.0,12.0,1.0,12.17,5.0200000000000005,2.5,1.49,0.0,0.0,0.0,0.4,0.0,0.4,0.1,-0.6000000000000001,-169.70000000000002,0.0,0.0,169.8,0.0,21.8,30.8,30.700000000000003,31.4,300.0,300.0,30.8,34.9,30.3,29.700000000000003,31.5,4.95,1.99,4.97,0.16,0.0,0.0,1027.0,8228.0,0.0,0.0,0.0,0.0,0.0,1.0,0.0,0.0,0.0,0.0,0.0,-0.2,0.0,0.5,0.0,0.0,16.0,25903.0
2026-07-30T18:59:23.397Z,132.88,132.888,0.0,7.4,0.0,0.0,0.0,0.0,0.0,0.0,0.0,0.0,1.0,0.0,0.0,0.0,9.0,4.0,0.0,0.0,0.0,0.0,0.0,0.0,0.0,0.0,4.0,12.0,1.0,12.17,5.0200000000000005,2.5,1.49,0.0,0.0,0.0,0.5,0.0,0.4,-0.4,0.5,-169.70000000000002,0.0,0.0,169.8,0.0,21.8,30.8,30.700000000000003,31.4,300.0,300.0,30.8,34.9,30.3,29.700000000000003,31.5,4.96,2.0,4.96,0.16,0.0,0.0,1027.0,8228.0,0.0,0.0,0.0,0.0,0.0,1.0,0.0,0.0,0.0,0.0,0.0,0.0,0.0,-0.6000000000000001,0.0,0.0,16.0,25903.0
2026-07-30T18:59:23.404Z,132.887,132.9,0.0,7.4,0.0,0.0,0.0,0.0,0.0,0.0,0.0,0.0,1.0,0.0,0.0,0.0,9.0,4.0,0.0,0.0,0.0,0.0,0.0,0.0,0.0,0.0,3.0,12.0,1.0,12.17,5.0200000000000005,2.5,1.49,0.0,0.0,0.0,0.5,0.0,0.3,0.6000000000000001,0.0,-169.70000000000002,0.0,0.0,169.8,0.0,21.8,30.8,30.700000000000003,31.4,300.0,300.0,30.8,34.9,30.3,29.700000000000003,31.5,4.96,1.99,4.97,0.16,0.0,0.0,1027.0,8228.0,0.0,0.0,0.0,0.0,0.0,1.0,0.0,0.0,0.0,0.0,0.0,0.7000000000000001,0.0,0.1,0.0,0.0,16.0,25903.0
2026-07-30T18:59:23.416Z,132.899,132.912,0.0,7.4,0.0,0.0,0.0,0.0,0.0,0.0,0.0,0.0,1.0,0.0,0.0,0.0,9.0,4.0,0.0,0.0,0.0,0.0,0.0,0.0,0.0,0.0,3.0,12.0,1.0,12.19,5.0200000000000005,2.51,1.49,0.0,0.0,0.0,0.5,0.0,0.3,-0.4,-1.2000000000000002,-169.70000000000002,0.0,0.0,169.8,0.0,21.3,30.8,30.700000000000003,31.4,300.0,300.0,30.8,34.9,30.3,29.700000000000003,31.5,4.95,1.99,4.97,0.16,0.0,0.0,1027.0,8228.0,0.0,0.0,0.0,0.0,0.0,1.0,0.0,0.0,0.0,0.0,0.0,1.4,0.0,0.2,0.0,0.0,16.0,25903.0
2026-07-30T18:59:23.428Z,132.911,132.924,0.0,7.4,0.0,0.0,0.0,0.0,0.0,0.0,0.0,0.0,1.0,0.0,0.0,0.0,9.0,4.0,0.0,0.0,0.0,0.0,0.0,0.0,0.0,0.0,3.0,12.0,1.0,12.19,5.0200000000000005,2.51,1.49,0.0,0.0,0.0,0.5,0.0,-0.1,-0.5,0.5,-169.70000000000002,0.0,0.0,169.8,0.0,21.3,30.8,30.700000000000003,31.4,300.0,300.0,30.8,34.9,30.3,29.700000000000003,31.5,4.96,1.99,4.96,0.16,0.0,0.0,1027.0,8228.0,0.0,0.0,0.0,0.0,0.0,1.0,0.0,0.0,0.0,0.0,0.0,-1.9,0.0,1.4,0.0,0.0001,16.0,25903.0
2026-07-30T18:59:23.440Z,132.923,132.936,0.0,7.4,0.0,0.0,0.0,0.0,0.0,0.0,0.0,0.0,1.0,0.0,0.0,0.0,9.0,4.0,0.0,0.0,0.0,0.0,0.0,0.0,0.0,0.0,4.0,12.0,1.0,12.19,5.0200000000000005,2.51,1.49,0.0,0.0,0.0,0.5,0.0,-0.1,-0.4,1.0,-169.70000000000002,0.0,0.0,169.8,0.0,21.3,30.8,30.700000000000003,31.4,300.0,300.0,30.8,34.9,30.3,29.700000000000003,31.5,4.95,2.0,4.96,0.16,0.0,0.0,1027.0,8228.0,0.0,0.0,0.0,0.0,0.0,1.0,0.0,0.0,0.0,0.0,0.0,-0.6000000000000001,0.0,0.0,0.0,0.0,16.0,25903.0
2026-07-30T18:59:23.452Z,132.935,132.948,0.0,7.4,0.0,0.0,0.0,0.0,0.0,0.0,0.0,0.0,1.0,0.0,0.0,0.0,9.0,4.0,0.0,0.0,0.0,0.0,0.0,0.0,0.0,0.0,5.0,12.0,1.0,12.19,5.0200000000000005,2.51,1.49,0.0,0.0,0.0,0.5,0.0,0.3,0.7000000000000001,0.5,-169.70000000000002,0.0,0.0,169.8,0.0,21.3,30.8,30.700000000000003,31.4,300.0,300.0,30.8,34.9,30.3,29.700000000000003,31.5,4.95,1.99,4.96,0.16,0.0,0.0,1027.0,8228.0,0.0,0.0,0.0,0.0,0.0,1.0,0.0,0.0,0.0,0.0,0.0,1.2000000000000002,0.0,-0.3,0.0,0.0,16.0,25903.0
2026-07-30T18:59:23.464Z,132.947,132.96,0.0,7.4,0.0,0.0,0.0,0.0,0.0,0.0,0.0,0.0,1.0,0.0,0.0,0.0,9.0,4.0,0.0,0.0,0.0,0.0,0.0,0.0,0.0,0.0,1.0,12.0,1.0,12.19,5.0200000000000005,2.51,1.49,0.0,0.0,0.0,0.4,0.0,-0.2,-0.4,-1.1,-169.70000000000002,0.0,0.0,169.8,0.0,21.3,30.8,30.700000000000003,31.4,300.0,300.0,30.8,34.9,30.3,29.700000000000003,31.5,4.95,1.99,4.96,0.16,0.0,0.0,1027.0,8228.0,0.0,0.0,0.0,0.0,0.0,1.0,0.0,0.0,0.0,0.0,0.0,-1.4,0.0,0.9,0.0,0.0,16.0,25903.0
2026-07-30T18:59:23.476Z,132.959,132.972,0.0,7.4,0.0,0.0,0.0,0.0,0.0,0.0,0.0,0.0,1.0,0.0,0.0,0.0,9.0,4.0,0.0,0.0,0.0,0.0,0.0,0.0,0.0,0.0,2.0,12.0,1.0,12.19,5.0200000000000005,2.51,1.49,0.0,0.0,0.0,0.5,0.0,-0.2,-0.4,0.0,-169.70000000000002,0.0,0.0,169.8,0.0,21.3,30.8,30.700000000000003,31.4,300.0,300.0,30.8,34.9,30.3,29.700000000000003,31.5,4.96,1.99,4.96,0.16,0.0,0.0,1027.0,8228.0,0.0,0.0,0.0,0.0,0.0,1.0,0.0,0.0,0.0,0.0,0.0,-0.5,0.0,0.0,0.0,0.0001,16.0,25903.0
2026-07-30T18:59:23.488Z,132.971,132.984,0.0,7.4,0.0,0.0,0.0,0.0,0.0,0.0,0.0,0.0,1.0,0.0,0.0,0.0,9.0,4.0,0.0,0.0,0.0,0.0,0.0,0.0,0.0,0.0,3.0,12.0,1.0,12.19,5.0200000000000005,2.51,1.49,0.0,0.0,0.0,0.5,0.0,-0.2,0.7000000000000001,0.5,-169.70000000000002,0.0,0.0,169.8,0.0,21.3,30.8,30.700000000000003,31.4,300.0,300.0,30.8,34.9,30.3,29.700000000000003,31.5,4.96,1.99,4.96,0.16,0.0,0.0,1027.0,8228.0,0.0,0.0,0.0,0.0,0.0,1.0,0.0,0.0,0.0,0.0,0.0,1.1,0.0,-0.3,0.0,0.0,16.0,25903.0
2026-07-30T18:59:23.500Z,132.983,132.996,0.0,7.4,0.0,0.0,0.0,0.0,0.0,0.0,0.0,0.0,1.0,0.0,0.0,0.0,9.0,4.0,0.0,0.0,0.0,0.0,0.0,0.0,0.0,0.0,4.0,12.0,1.0,12.19,5.0200000000000005,2.51,1.49,0.0,0.0,0.0,0.6000000000000001,0.0,0.8,1.2000000000000002,0.5,-169.70000000000002,0.0,0.0,169.8,0.0,21.3,30.8,30.700000000000003,31.4,300.0,300.0,30.8,34.9,30.3,29.700000000000003,31.5,4.96,1.99,4.97,0.16,0.0,0.0,1027.0,8228.0,0.0,0.0,0.0,0.0,0.0,1.0,0.0,0.0,0.0,0.0,0.0,1.8,0.0,-0.1,0.0,0.0001,16.0,25903.0
2026-07-30T18:59:23.513Z,132.996,133.008,0.0,7.4,0.0,0.0,0.0,0.0,0.0,0.0,0.0,0.0,1.0,0.0,0.0,0.0,9.0,4.0,0.0,0.0,0.0,0.0,0.0,0.0,0.0,0.0,5.0,12.0,1.0,12.15,5.0200000000000005,2.51,1.49,0.0,0.0,0.0,0.5,0.0,0.3,1.2000000000000002,1.0,-169.70000000000002,0.0,0.0,169.8,0.0,21.8,30.700000000000003,30.700000000000003,31.4,300.0,300.0,30.9,34.9,30.3,29.700000000000003,31.5,4.96,2.0,4.97,0.16,0.0,0.0,1027.0,8228.0,0.0,0.0,0.0,0.0,0.0,1.0,0.0,0.0,0.0,0.0,0.0,2.2,0.0,-0.7000000000000001,0.0,0.0,16.0,25903.0
2026-07-30T18:59:23.524Z,133.007,133.02,0.0,7.4,0.0,0.0,0.0,0.0,0.0,0.0,0.0,0.0,1.0,0.0,0.0,0.0,9.0,4.0,0.0,0.0,0.0,0.0,0.0,0.0,0.0,0.0,6.0,12.0,1.0,12.15,5.0200000000000005,2.51,1.49,0.0,0.1,0.0,0.5,0.0,-0.2,-0.4,1.1,-169.70000000000002,0.0,0.0,169.8,0.0,21.8,30.700000000000003,30.700000000000003,31.4,300.0,300.0,30.9,34.9,30.3,29.700000000000003,31.5,4.95,2.0,4.96,0.16,0.0,0.0,1027.0,8228.0,0.0,0.0,0.0,0.0,0.0,1.0,0.0,0.0,0.0,0.0,0.0,0.2,0.0,-1.0,0.0,0.0,16.0,25903.0
2026-07-30T18:59:23.536Z,133.019,133.032,0.0,7.4,0.0,0.0,0.0,0.0,0.0,0.0,0.0,0.0,1.0,0.0,0.0,0.0,9.0,4.0,0.0,0.0,0.0,0.0,0.0,0.0,0.0,0.0,1.0,12.0,1.0,12.15,5.0200000000000005,2.51,1.49,0.0,0.0,0.0,0.5,0.0,0.9,-0.4,0.0,-169.70000000000002,0.0,0.0,169.8,0.0,21.8,30.700000000000003,30.700000000000003,31.4,300.0,300.0,30.9,34.9,30.3,29.700000000000003,31.5,4.95,1.99,4.97,0.16,0.0,0.0,1027.0,8228.0,0.0,0.0,0.0,0.0,0.0,1.0,0.0,0.0,0.0,0.0,0.0,-0.5,0.0,0.0,0.0,0.0,16.0,25903.0
2026-07-30T18:59:23.548Z,133.031,133.044,0.0,7.4,0.0,0.0,0.0,0.0,0.0,0.0,0.0,0.0,1.0,0.0,0.0,0.0,9.0,4.0,0.0,0.0,0.0,0.0,0.0,0.0,0.0,0.0,3.0,12.0,1.0,12.15,5.0200000000000005,2.51,1.49,0.0,0.0,0.0,0.5,0.0,0.3,1.2000000000000002,0.5,-169.70000000000002,0.0,0.0,169.70000000000002,0.0,21.8,30.700000000000003,30.700000000000003,31.4,300.0,300.0,30.9,34.9,30.3,29.700000000000003,31.5,4.95,2.0,4.96,0.16,0.0,0.0,1027.0,8228.0,0.0,0.0,0.0,0.0,0.0,1.0,0.0,0.0,0.0,0.0,0.0,1.8,0.0,-0.2,0.0,0.0001,16.0,25903.0
2026-07-30T18:59:23.560Z,133.043,133.056,0.0,7.4,0.0,0.0,0.0,0.0,0.0,0.0,0.0,0.0,1.0,0.0,0.0,0.0,9.0,4.0,0.0,0.0,0.0,0.0,0.0,0.0,0.0,0.0,3.0,12.0,1.0,12.15,5.0200000000000005,2.51,1.49,0.0,0.0,0.0,0.6000000000000001,0.0,1.4,0.7000000000000001,1.1,-169.70000000000002,0.0,0.0,169.8,0.0,21.8,30.700000000000003,30.700000000000003,31.4,300.0,300.0,30.9,34.9,30.3,29.700000000000003,31.5,4.95,1.99,4.96,0.16,0.0,0.0,1027.0,8228.0,0.0,0.0,0.0,0.0,0.0,1.0,0.0,0.0,0.0,0.0,0.0,1.6,0.0,-0.8,0.0,0.0001,16.0,25903.0
2026-07-30T18:59:23.572Z,133.055,133.068,0.0,7.4,0.0,0.0,0.0,0.0,0.0,0.0,0.0,0.0,1.0,0.0,0.0,0.0,9.0,4.0,0.0,0.0,0.0,0.0,0.0,0.0,0.0,0.0,4.0,12.0,1.0,12.15,5.0200000000000005,2.51,1.49,0.0,0.0,0.0,0.5,0.0,0.3,0.6000000000000001,0.0,-169.70000000000002,0.0,0.0,169.8,0.0,21.8,30.700000000000003,30.700000000000003,31.4,300.0,300.0,30.9,34.9,30.3,29.700000000000003,31.5,4.95,1.99,4.97,0.16,0.0,0.0,1027.0,8228.0,0.0,0.0,0.0,0.0,0.0,1.0,0.0,0.0,0.0,0.0,0.0,0.7000000000000001,0.0,0.1,0.0,0.0001,16.0,25903.0
2026-07-30T18:59:23.584Z,133.067,133.08,0.0,7.4,0.0,0.0,0.0,0.0,0.0,0.0,0.0,0.0,1.0,0.0,0.0,0.0,9.0,4.0,0.0,0.0,0.0,0.0,0.0,0.0,0.0,0.0,6.0,12.0,1.0,12.15,5.0200000000000005,2.51,1.49,0.0,0.0,0.0,0.5,0.0,-0.2,-0.4,-0.5,-169.70000000000002,0.0,0.0,169.70000000000002,0.0,21.8,30.700000000000003,30.700000000000003,31.4,300.0,300.0,30.9,34.9,30.3,29.700000000000003,31.5,4.96,1.99,4.96,0.16,0.0,0.0,1027.0,8228.0,0.0,0.0,0.0,0.0,0.0,1.0,0.0,0.0,0.0,0.0,0.0,-0.9,0.0,0.4,0.0,0.0,16.0,25903.0
2026-07-30T18:59:23.596Z,133.079,133.092,0.0,7.4,0.0,0.0,0.0,0.0,0.0,0.0,0.0,0.0,1.0,0.0,0.0,0.0,9.0,4.0,0.0,0.0,0.0,0.0,0.0,0.0,0.0,0.0,1.0,12.0,1.0,12.15,5.0200000000000005,2.51,1.49,0.0,0.0,0.0,0.5,0.0,0.3,0.1,0.6000000000000001,-169.70000000000002,0.0,0.0,169.8,0.0,21.8,30.700000000000003,30.700000000000003,31.4,300.0,300.0,30.9,34.9,30.3,29.700000000000003,31.5,4.96,1.99,4.96,0.16,0.0,0.0,1027.0,8228.0,0.0,0.0,0.0,0.0,0.0,1.0,0.0,0.0,0.0,0.0,0.0,0.6000000000000001,0.0,-0.5,0.0,0.0002,16.0,25903.0
2026-07-30T18:59:23.608Z,133.091,133.104,0.0,7.4,0.0,0.0,0.0,0.0,0.0,0.0,0.0,0.0,1.0,0.0,0.0,0.0,9.0,4.0,0.0,0.0,0.0,0.0,0.0,0.0,0.0,0.0,2.0,12.0,1.0,12.15,5.0200000000000005,2.51,1.49,0.0,0.0,0.0,0.5,0.0,-0.2,0.1,-1.1,-169.70000000000002,0.0,0.0,169.8,0.0,21.8,30.700000000000003,30.700000000000003,31.4,300.0,300.0,30.9,34.9,30.3,29.700000000000003,31.5,4.95,1.99,4.96,0.16,0.0,0.0,1027.0,8228.0,0.0,0.0,0.0,0.0,0.0,1.0,0.0,0.0,0.0,0.0,0.0,-0.7000000000000001,0.0,1.0,0.0,0.0001,16.0,25903.0
2026-07-30T18:59:23.620Z,133.103,133.116,0.0,7.4,0.0,0.0,0.0,0.0,0.0,0.0,0.0,0.0,1.0,0.0,0.0,0.0,9.0,4.0,0.0,0.0,0.0,0.0,0.0,0.0,0.0,0.0,3.0,12.0,1.0,12.17,5.0200000000000005,2.51,1.49,0.0,0.0,0.0,0.5,0.0,0.3,1.2000000000000002,0.5,-169.70000000000002,0.0,0.0,169.70000000000002,0.0,20.9,30.700000000000003,30.700000000000003,31.4,300.0,300.0,30.9,34.9,30.3,29.700000000000003,31.5,4.95,1.99,4.97,0.16,0.0,0.0,1027.0,8228.0,0.0,0.0,0.0,0.0,0.0,1.0,0.0,0.0,0.0,0.0,0.0,1.8,0.0,-0.2,0.0,0.0001,16.0,25903.0
2026-07-30T18:59:23.632Z,133.115,133.128,0.0,7.4,0.0,0.0,0.0,0.0,0.0,0.0,0.0,0.0,1.0,0.0,0.0,0.0,9.0,4.0,0.0,0.0,0.0,0.0,0.0,0.0,0.0,0.0,4.0,12.0,1.0,12.17,5.0200000000000005,2.51,1.49,0.0,0.0,0.0,0.5,0.0,-0.2,-1.1,-1.7000000000000002,-169.70000000000002,0.0,0.0,169.70000000000002,0.0,20.9,30.700000000000003,30.700000000000003,31.4,300.0,300.0,30.9,34.9,30.3,29.700000000000003,31.5,4.96,2.0,4.96,0.16,0.0,0.0,1027.0,8228.0,0.0,0.0,0.0,0.0,0.0,1.0,0.0,0.0,0.0,0.0,0.0,-2.6,0.0,1.3,0.0,0.0,16.0,25903.0
2026-07-30T18:59:23.644Z,133.127,133.14,0.0,7.4,0.0,0.0,0.0,0.0,0.0,0.0,0.0,0.0,1.0,0.0,0.0,0.0,9.0,4.0,0.0,0.0,0.0,0.0,0.0,0.0,0.0,0.0,6.0,12.0,1.0,12.17,5.0200000000000005,2.51,1.49,0.0,0.0,0.0,0.5,0.0,-0.2,0.6000000000000001,1.1,-169.70000000000002,0.0,0.0,169.8,0.0,20.9,30.700000000000003,30.700000000000003,31.4,300.0,300.0,30.9,34.9,30.3,29.700000000000003,31.5,4.96,1.99,4.97,0.16,0.0,0.0,1027.0,8228.0,0.0,0.0,0.0,0.0,0.0,1.0,0.0,0.0,0.0,0.0,0.0,1.6,0.0,-0.8,0.0,0.0001,16.0,25903.0
2026-07-30T18:59:23.656Z,133.139,133.15200000000002,0.0,7.4,0.0,0.0,0.0,0.0,0.0,0.0,0.0,0.0,1.0,0.0,0.0,0.0,9.0,4.0,0.0,0.0,0.0,0.0,0.0,0.0,0.0,0.0,1.0,12.0,1.0,12.17,5.0200000000000005,2.51,1.49,0.0,0.0,0.0,0.5,0.0,-0.1,0.6000000000000001,0.0,-169.70000000000002,0.0,0.0,169.8,0.0,20.9,30.700000000000003,30.700000000000003,31.4,300.0,300.0,30.9,34.9,30.3,29.700000000000003,31.5,4.95,2.0,4.97,0.16,0.0,0.0,1027.0,8228.0,0.0,0.0,0.0,0.0,0.0,1.0,0.0,0.0,0.0,0.0,0.0,0.7000000000000001,0.0,0.1,0.0,0.0,16.0,25903.0
2026-07-30T18:59:23.667Z,133.15,133.16400000000002,0.0,7.4,0.0,0.0,0.0,0.0,0.0,0.0,0.0,0.0,1.0,0.0,0.0,0.0,9.0,4.0,0.0,0.0,0.0,0.0,0.0,0.0,0.0,0.0,2.0,12.0,1.0,12.17,5.0200000000000005,2.51,1.49,0.0,0.1,0.0,0.5,0.0,0.3,-0.4,0.4,-169.70000000000002,0.0,0.0,169.70000000000002,0.0,20.9,30.700000000000003,30.700000000000003,31.4,300.0,300.0,30.9,34.9,30.3,29.700000000000003,31.5,4.96,2.0,4.96,0.16,0.0,0.0,1027.0,8228.0,0.0,0.0,0.0,0.0,0.0,1.0,0.0,0.0,0.0,0.0,0.0,-0.1,0.0,-0.5,0.0,0.0001,16.0,25903.0
2026-07-30T18:59:23.680Z,133.163,133.17600000000002,0.0,7.4,0.0,0.0,0.0,0.0,0.0,0.0,0.0,0.0,1.0,0.0,0.0,0.0,9.0,4.0,0.0,0.0,0.0,0.0,0.0,0.0,0.0,0.0,3.0,12.0,1.0,12.17,5.0200000000000005,2.51,1.49,0.0,0.0,0.0,0.5,0.0,0.3,-1.6,1.0,-169.70000000000002,0.0,0.0,169.8,0.0,20.9,30.700000000000003,30.700000000000003,31.4,300.0,300.0,30.9,34.9,30.3,29.700000000000003,31.5,4.95,2.0,4.96,0.16,0.0,0.0,1027.0,8228.0,0.0,0.0,0.0,0.0,0.0,1.0,0.0,0.0,0.0,0.0,0.0,-1.1,0.0,-1.2000000000000002,0.0,0.0001,16.0,25903.0
2026-07-30T18:59:23.691Z,133.174,133.18800000000002,0.0,7.4,0.0,0.0,0.0,0.0,0.0,0.0,0.0,0.0,1.0,0.0,0.0,0.0,9.0,4.0,0.0,0.0,0.0,0.0,0.0,0.0,0.0,0.0,4.0,12.0,1.0,12.17,5.0200000000000005,2.51,1.49,0.0,0.0,0.0,0.5,0.0,-0.8,1.2000000000000002,-0.7000000000000001,-169.70000000000002,0.0,0.0,169.8,0.0,20.9,30.700000000000003,30.700000000000003,31.4,300.0,300.0,30.9,34.9,30.3,29.700000000000003,31.5,4.95,1.99,4.97,0.16,0.0,0.0,1027.0,8228.0,0.0,0.0,0.0,0.0,0.0,1.0,0.0,0.0,0.0,0.0,0.0,0.8,0.0,0.9,0.0,0.0001,16.0,25903.0
2026-07-30T18:59:23.712Z,133.195,133.2,0.0,7.4,0.0,0.0,0.0,0.0,0.0,0.0,0.0,0.0,1.0,0.0,0.0,0.0,9.0,4.0,0.0,0.0,0.0,0.0,0.0,0.0,0.0,0.0,5.0,12.0,1.0,12.17,5.0200000000000005,2.51,1.49,0.0,0.0,0.0,0.5,0.0,0.3,-0.5,-0.7000000000000001,-169.70000000000002,0.0,0.0,169.8,0.0,20.9,30.700000000000003,30.700000000000003,31.4,300.0,300.0,30.9,34.9,30.3,29.700000000000003,31.5,4.95,1.99,4.97,0.16,0.0,0.0,1027.0,8228.0,0.0,0.0,0.0,0.0,0.0,1.0,0.0,0.0,0.0,0.0,0.0,-1.1,0.0,0.5,0.0,0.0,16.0,25903.0
2026-07-30T18:59:23.717Z,133.2,133.212,0.0,7.4,0.0,0.0,0.0,0.0,0.0,0.0,0.0,0.0,1.0,0.0,0.0,0.0,9.0,4.0,0.0,0.0,0.0,0.0,0.0,0.0,0.0,0.0,2.0,12.0,1.0,12.15,5.01,2.5,1.49,0.0,0.0,0.0,0.6000000000000001,0.0,0.3,0.0,1.0,-169.70000000000002,0.0,0.0,169.8,0.0,21.4,30.700000000000003,30.700000000000003,31.4,300.0,300.0,30.8,34.9,30.3,29.700000000000003,31.5,4.96,1.99,4.96,0.16,0.0,0.0,1027.0,8228.0,0.0,0.0,0.0,0.0,0.0,1.0,0.0,0.0,0.0,0.0,0.0,0.7000000000000001,0.0,-0.8,0.0,0.0,16.0,25903.0
2026-07-30T18:59:23.728Z,133.211,133.224,0.0,7.4,0.0,0.0,0.0,0.0,0.0,0.0,0.0,0.0,1.0,0.0,0.0,0.0,9.0,4.0,0.0,0.0,0.0,0.0,0.0,0.0,0.0,0.0,3.0,12.0,1.0,12.15,5.01,2.5,1.49,0.0,0.0,0.0,0.5,0.0,0.3,-0.5,-0.1,-169.70000000000002,0.0,0.0,169.8,0.0,21.4,30.700000000000003,30.700000000000003,31.4,300.0,300.0,30.8,34.9,30.3,29.700000000000003,31.5,4.95,1.99,4.97,0.16,0.0,0.0,1027.0,8228.0,0.0,0.0,0.0,0.0,0.0,1.0,0.0,0.0,0.0,0.0,0.0,-0.7000000000000001,0.0,0.0,0.0,0.0,16.0,25903.0
2026-07-30T18:59:23.741Z,133.224,133.236,0.0,7.4,0.0,0.0,0.0,0.0,0.0,0.0,0.0,0.0,1.0,0.0,0.0,0.0,9.0,4.0,0.0,0.0,0.0,0.0,0.0,0.0,0.0,0.0,4.0,12.0,1.0,12.15,5.01,2.5,1.49,0.0,0.0,0.0,0.5,0.0,-0.2,1.7000000000000002,2.2,-169.70000000000002,0.0,0.0,169.70000000000002,0.0,21.4,30.700000000000003,30.700000000000003,31.4,300.0,300.0,30.8,34.9,30.3,29.700000000000003,31.5,4.95,1.99,4.97,0.16,0.0,0.0,1027.0,8228.0,0.0,0.0,0.0,0.0,0.0,1.0,0.0,0.0,0.0,0.0,0.0,3.6,0.0,-1.6,0.0,0.0001,16.0,25903.0
2026-07-30T18:59:23.752Z,133.235,133.248,0.0,7.4,0.0,0.0,0.0,0.0,0.0,0.0,0.0,0.0,1.0,0.0,0.0,0.0,9.0,4.0,0.0,0.0,0.0,0.0,0.0,0.0,0.0,0.0,5.0,12.0,1.0,12.15,5.01,2.5,1.49,0.0,0.1,0.0,0.4,0.0,-0.2,1.2000000000000002,1.0,-169.70000000000002,0.0,0.0,169.8,0.0,21.4,30.700000000000003,30.700000000000003,31.4,300.0,300.0,30.8,34.9,30.3,29.700000000000003,31.5,4.96,2.0,4.97,0.16,0.0,0.0,1027.0,8228.0,0.0,0.0,0.0,0.0,0.0,1.0,0.0,0.0,0.0,0.0,0.0,2.1,0.0,-0.7000000000000001,0.0,0.0,16.0,25903.0
2026-07-30T18:59:23.764Z,133.247,133.26,0.0,7.4,0.0,0.0,0.0,0.0,0.0,0.0,0.0,0.0,1.0,0.0,0.0,0.0,9.0,4.0,0.0,0.0,0.0,0.0,0.0,0.0,0.0,0.0,6.0,12.0,1.0,12.15,5.01,2.5,1.49,0.0,0.1,0.0,0.5,0.0,0.8,-0.5,-0.6000000000000001,-169.70000000000002,0.0,0.0,169.8,0.0,21.4,30.700000000000003,30.700000000000003,31.4,300.0,300.0,30.8,34.9,30.3,29.700000000000003,31.5,4.96,2.0,4.96,0.16,0.0,0.0,1027.0,8228.0,0.0,0.0,0.0,0.0,0.0,1.0,0.0,0.0,0.0,0.0,0.0,-1.1,0.0,0.5,0.0,0.0001,16.0,25903.0
2026-07-30T18:59:23.776Z,133.259,133.272,0.0,7.4,0.0,0.0,0.0,0.0,0.0,0.0,0.0,0.0,1.0,0.0,0.0,0.0,9.0,4.0,0.0,0.0,0.0,0.0,0.0,0.0,0.0,0.0,2.0,12.0,1.0,12.15,5.01,2.5,1.49,0.0,0.0,0.0,0.5,0.0,0.3,0.6000000000000001,-0.1,-169.70000000000002,0.0,0.0,169.8,0.0,21.4,30.700000000000003,30.700000000000003,31.4,300.0,300.0,30.8,34.9,30.3,29.700000000000003,31.5,4.95,1.99,4.97,0.16,0.0,0.0,1027.0,8228.0,0.0,0.0,0.0,0.0,0.0,1.0,0.0,0.0,0.0,0.0,0.0,0.6000000000000001,0.0,0.2,0.0,0.0001,16.0,25903.0
2026-07-30T18:59:23.788Z,133.271,133.284,0.0,7.4,0.0,0.0,0.0,0.0,0.0,0.0,0.0,0.0,1.0,0.0,0.0,0.0,9.0,4.0,0.0,0.0,0.0,0.0,0.0,0.0,0.0,0.0,3.0,12.0,1.0,12.15,5.01,2.5,1.49,0.0,0.1,0.0,0.5,0.0,-0.2,-0.5,1.0,-169.70000000000002,0.0,0.0,169.8,0.0,21.4,30.700000000000003,30.700000000000003,31.4,300.0,300.0,30.8,34.9,30.3,29.700000000000003,31.5,4.95,1.99,4.96,0.16,0.0,0.0,1027.0,8228.0,0.0,0.0,0.0,0.0,0.0,1.0,0.0,0.0,0.0,0.0,0.0,0.1,0.0,-1.0,0.0,0.0,16.0,25903.0
2026-07-30T18:59:23.800Z,133.283,133.296,0.0,7.4,0.0,0.0,0.0,0.0,0.0,0.0,0.0,0.0,1.0,0.0,0.0,0.0,9.0,4.0,0.0,0.0,0.0,0.0,0.0,0.0,0.0,0.0,3.0,12.0,1.0,12.15,5.01,2.5,1.49,0.0,0.1,0.0,0.5,0.0,-0.2,1.8,0.4,-169.70000000000002,0.0,0.0,169.70000000000002,0.0,21.4,30.700000000000003,30.700000000000003,31.4,300.0,300.0,30.8,34.9,30.3,29.700000000000003,31.5,4.96,1.99,4.96,0.16,0.0,0.0,1027.0,8228.0,0.0,0.0,0.0,0.0,0.0,1.0,0.0,0.0,0.0,0.0,0.0,2.3000000000000003,0.0,0.0,0.0,0.0,16.0,25903.0
2026-07-30T18:59:23.812Z,133.295,133.308,0.0,7.4,0.0,0.0,0.0,0.0,0.0,0.0,0.0,0.0,1.0,0.0,0.0,0.0,9.0,4.0,0.0,0.0,0.0,0.0,0.0,0.0,0.0,0.0,5.0,12.0,1.0,12.15,5.01,2.5,1.49,0.0,0.0,0.0,0.5,0.0,-0.2,-0.5,-1.2000000000000002,-169.70000000000002,0.0,0.0,169.70000000000002,0.0,21.4,30.700000000000003,30.700000000000003,31.4,300.0,300.0,30.8,34.9,30.3,29.700000000000003,31.5,4.95,1.99,4.97,0.16,0.0,0.0,1027.0,8228.0,0.0,0.0,0.0,0.0,0.0,1.0,0.0,0.0,0.0,0.0,0.0,-1.5,0.0,1.0,0.0,0.0,16.0,25903.0
2026-07-30T18:59:23.823Z,133.306,133.32,0.0,7.4,0.0,0.0,0.0,0.0,0.0,0.0,0.0,0.0,1.0,0.0,0.0,0.0,9.0,4.0,0.0,0.0,0.0,0.0,0.0,0.0,0.0,0.0,6.0,12.0,1.0,12.18,5.0200000000000005,2.5,1.49,0.0,0.0,0.0,0.5,0.0,0.3,-0.5,0.4,-169.70000000000002,0.0,0.0,169.70000000000002,0.0,21.8,30.700000000000003,30.700000000000003,31.4,300.0,300.0,30.9,34.9,30.3,29.700000000000003,31.5,4.96,2.0,4.96,0.16,0.0,0.0,1027.0,8228.0,0.0,0.0,0.0,0.0,0.0,1.0,0.0,0.0,0.0,0.0,0.0,-0.2,0.0,-0.5,0.0,0.0001,16.0,25903.0
2026-07-30T18:59:23.835Z,133.318,133.332,0.0,7.4,0.0,0.0,0.0,0.0,0.0,0.0,0.0,0.0,1.0,0.0,0.0,0.0,9.0,4.0,0.0,0.0,0.0,0.0,0.0,0.0,0.0,0.0,1.0,12.0,1.0,12.18,5.0200000000000005,2.5,1.49,0.0,0.0,0.0,0.5,0.0,0.3,0.0,1.0,-169.70000000000002,0.0,0.0,169.70000000000002,0.0,21.8,30.700000000000003,30.700000000000003,31.4,300.0,300.0,30.9,34.9,30.3,29.700000000000003,31.5,4.96,1.99,4.96,0.16,0.0,0.0,1027.0,8228.0,0.0,0.0,0.0,0.0,0.0,1.0,0.0,0.0,0.0,0.0,0.0,0.8,0.0,-0.9,0.0,0.0001,16.0,25903.0
2026-07-30T18:59:23.847Z,133.33,133.344,0.0,7.4,0.0,0.0,0.0,0.0,0.0,0.0,0.0,0.0,1.0,0.0,0.0,0.0,9.0,4.0,0.0,0.0,0.0,0.0,0.0,0.0,0.0,0.0,2.0,12.0,1.0,12.18,5.0200000000000005,2.5,1.49,0.0,0.0,0.0,0.5,0.0,-0.2,0.0,-0.1,-169.70000000000002,0.0,0.0,169.8,0.0,21.8,30.700000000000003,30.700000000000003,31.4,300.0,300.0,30.9,34.9,30.3,29.700000000000003,31.5,4.95,1.99,4.96,0.16,0.0,0.0,1027.0,8228.0,0.0,0.0,0.0,0.0,0.0,1.0,0.0,0.0,0.0,0.0,0.0,0.0,0.0,0.1,0.0,0.0,16.0,25903.0
2026-07-30T18:59:23.860Z,133.343,133.356,0.0,7.4,0.0,0.0,0.0,0.0,0.0,0.0,0.0,0.0,1.0,0.0,0.0,0.0,9.0,4.0,0.0,0.0,0.0,0.0,0.0,0.0,0.0,0.0,3.0,12.0,1.0,12.18,5.0200000000000005,2.5,1.49,0.0,0.0,0.0,0.5,0.0,0.3,0.0,0.4,-169.70000000000002,0.0,0.0,169.70000000000002,0.0,21.8,30.700000000000003,30.700000000000003,31.4,300.0,300.0,30.9,34.9,30.3,29.700000000000003,31.5,4.95,1.99,4.97,0.16,0.0,0.0,1027.0,8228.0,0.0,0.0,0.0,0.0,0.0,1.0,0.0,0.0,0.0,0.0,0.0,0.4,0.0,-0.3,0.0,0.0002,16.0,25903.0
2026-07-30T18:59:23.872Z,133.355,133.368,0.0,7.4,0.0,0.0,0.0,0.0,0.0,0.0,0.0,0.0,1.0,0.0,0.0,0.0,9.0,4.0,0.0,0.0,0.0,0.0,0.0,0.0,0.0,0.0,4.0,12.0,1.0,12.18,5.0200000000000005,2.5,1.49,0.0,0.0,0.0,0.5,0.0,0.3,-0.5,-0.7000000000000001,-169.70000000000002,0.0,0.0,169.8,0.0,21.8,30.700000000000003,30.700000000000003,31.4,300.0,300.0,30.9,34.9,30.3,29.700000000000003,31.5,4.96,1.99,4.96,0.16,0.0,0.0,1027.0,8228.0,0.0,0.0,0.0,0.0,0.0,1.0,0.0,0.0,0.0,0.0,0.0,-1.1,0.0,0.5,0.0,0.0001,16.0,25903.0
2026-07-30T18:59:23.884Z,133.367,133.38,0.0,7.4,0.0,0.0,0.0,0.0,0.0,0.0,0.0,0.0,1.0,0.0,0.0,0.0,9.0,4.0,0.0,0.0,0.0,0.0,0.0,0.0,0.0,0.0,5.0,12.0,1.0,12.18,5.0200000000000005,2.5,1.49,0.0,0.0,0.0,0.5,0.0,0.8,0.0,0.4,-169.70000000000002,0.0,0.0,169.8,0.0,21.8,30.700000000000003,30.700000000000003,31.4,300.0,300.0,30.9,34.9,30.3,29.700000000000003,31.5,4.96,1.99,4.96,0.16,0.0,0.0,1027.0,8228.0,0.0,0.0,0.0,0.0,0.0,1.0,0.0,0.0,0.0,0.0,0.0,0.3,0.0,-0.3,0.0,0.0002,16.0,25903.0
2026-07-30T18:59:23.896Z,133.379,133.392,0.0,7.4,0.0,0.0,0.0,0.0,0.0,0.0,0.0,0.0,1.0,0.0,0.0,0.0,9.0,4.0,0.0,0.0,0.0,0.0,0.0,0.0,0.0,0.0,6.0,12.0,1.0,12.18,5.0200000000000005,2.5,1.49,0.0,0.0,0.0,0.4,0.0,0.9,0.6000000000000001,2.1,-169.70000000000002,0.0,0.0,169.70000000000002,0.0,21.8,30.700000000000003,30.700000000000003,31.4,300.0,300.0,30.9,34.9,30.3,29.700000000000003,31.5,4.95,1.99,4.96,0.16,0.0,0.0,1027.0,8228.0,0.0,0.0,0.0,0.0,0.0,1.0,0.0,0.0,0.0,0.0,0.0,2.4000000000000004,0.0,-1.7000000000000002,0.0,0.0,16.0,25903.0
2026-07-30T18:59:23.908Z,133.391,133.404,0.0,7.4,0.0,0.0,0.0,0.0,0.0,0.0,0.0,0.0,1.0,0.0,0.0,0.0,9.0,4.0,0.0,0.0,0.0,0.0,0.0,0.0,0.0,0.0,2.0,12.0,1.0,12.18,5.0200000000000005,2.5,1.49,0.0,0.0,0.0,0.5,0.0,0.3,1.2000000000000002,-0.1,-169.70000000000002,0.0,0.0,169.70000000000002,0.0,21.8,30.700000000000003,30.700000000000003,31.4,300.0,300.0,30.9,34.9,30.3,29.700000000000003,31.5,4.96,1.99,4.96,0.16,0.0,0.0,1027.0,8228.0,0.0,0.0,0.0,0.0,0.0,1.0,0.0,0.0,0.0,0.0,0.0,1.3,0.0,0.3,0.0,0.0002,16.0,25903.0
2026-07-30T18:59:23.921Z,133.404,133.416,0.0,7.4,0.0,0.0,0.0,0.0,0.0,0.0,0.0,0.0,1.0,0.0,0.0,0.0,9.0,4.0,0.0,0.0,0.0,0.0,0.0,0.0,0.0,0.0,3.0,12.0,1.0,12.15,5.0200000000000005,2.5,1.49,0.0,0.0,0.0,0.5,0.0,-0.2,-0.4,1.5,-169.70000000000002,0.0,0.0,169.60000000000002,0.0,21.700000000000003,30.700000000000003,30.700000000000003,31.4,300.0,300.0,30.8,34.800000000000004,30.3,29.700000000000003,31.5,4.95,1.99,4.96,0.16,0.0,0.0,1027.0,8228.0,0.0,0.0,0.0,0.0,0.0,1.0,0.0,0.0,0.0,0.0,0.0,-0.2,0.0,-0.4,0.0,0.0,16.0,25903.0
2026-07-30T18:59:23.931Z,133.414,133.428,0.0,7.4,0.0,0.0,0.0,0.0,0.0,0.0,0.0,0.0,1.0,0.0,0.0,0.0,9.0,4.0,0.0,0.0,0.0,0.0,0.0,0.0,0.0,0.0,4.0,12.0,1.0,12.15,5.0200000000000005,2.5,1.49,0.0,0.0,0.0,0.4,0.0,-0.8,1.3,-0.1,-169.70000000000002,0.0,0.0,169.70000000000002,0.0,21.700000000000003,30.700000000000003,30.700000000000003,31.4,300.0,300.0,30.8,34.800000000000004,30.3,29.700000000000003,31.5,4.95,1.99,4.97,0.16,0.0,0.0,1027.0,8228.0,0.0,0.0,0.0,0.0,0.0,1.0,0.0,0.0,0.0,0.0,0.0,2.4000000000000004,0.0,0.0,0.0,0.0,16.0,25903.0
2026-07-30T18:59:23.944Z,133.427,133.44,0.0,7.4,0.0,0.0,0.0,0.0,0.0,0.0,0.0,0.0,1.0,0.0,0.0,0.0,9.0,4.0,0.0,0.0,0.0,0.0,0.0,0.0,0.0,0.0,5.0,12.0,1.0,12.15,5.0200000000000005,2.5,1.49,0.0,0.0,0.0,0.5,0.0,-0.2,0.6000000000000001,-0.2,-169.70000000000002,0.0,0.0,169.60000000000002,0.0,21.700000000000003,30.700000000000003,30.700000000000003,31.4,300.0,300.0,30.8,34.800000000000004,30.3,29.700000000000003,31.5,4.96,2.0,4.97,0.16,0.0,0.0,1027.0,8228.0,0.0,0.0,0.0,0.0,0.0,1.0,0.0,0.0,0.0,0.0,0.0,0.4,0.0,1.4,0.0,0.0,16.0,25903.0
2026-07-30T18:59:23.956Z,133.439,133.452,0.0,7.4,0.0,0.0,0.0,0.0,0.0,0.0,0.0,0.0,1.0,0.0,0.0,0.0,9.0,4.0,0.0,0.0,0.0,0.0,0.0,0.0,0.0,0.0,6.0,12.0,1.0,12.15,5.0200000000000005,2.5,1.49,0.0,0.0,0.0,0.5,0.0,-0.2,0.0,-0.1,-169.70000000000002,0.0,0.0,169.8,0.0,21.700000000000003,30.700000000000003,30.700000000000003,31.4,300.0,300.0,30.8,34.800000000000004,30.3,29.700000000000003,31.5,4.96,2.0,4.96,0.16,0.0,0.0,1027.0,8228.0,0.0,0.0,0.0,0.0,0.0,1.0,0.0,0.0,0.0,0.0,0.0,0.0,0.0,0.1,0.0,0.0,16.0,25903.0
2026-07-30T18:59:23.967Z,133.45,133.464,0.0,7.4,0.0,0.0,0.0,0.0,0.0,0.0,0.0,0.0,1.0,0.0,0.0,0.0,9.0,4.0,0.0,0.0,0.0,0.0,0.0,0.0,0.0,0.0,2.0,12.0,1.0,12.15,5.0200000000000005,2.5,1.49,0.0,0.0,0.0,0.5,0.0,-0.2,-0.5,-0.1,-169.70000000000002,0.0,0.0,169.70000000000002,0.0,21.700000000000003,30.700000000000003,30.700000000000003,31.4,300.0,300.0,30.8,34.800000000000004,30.3,29.700000000000003,31.5,4.95,1.99,4.97,0.16,0.0,0.0,1027.0,8228.0,0.0,0.0,0.0,0.0,0.0,1.0,0.0,0.0,0.0,0.0,0.0,-0.7000000000000001,0.0,0.0,0.0,0.0001,16.0,25903.0
2026-07-30T18:59:23.980Z,133.463,133.476,0.0,7.4,0.0,0.0,0.0,0.0,0.0,0.0,0.0,0.0,1.0,0.0,0.0,0.0,9.0,4.0,0.0,0.0,0.0,0.0,0.0,0.0,0.0,0.0,3.0,12.0,1.0,12.15,5.0200000000000005,2.5,1.49,0.0,0.1,0.0,0.5,0.0,0.3,-0.5,-0.7000000000000001,-169.70000000000002,0.0,0.0,169.8,0.0,21.700000000000003,30.700000000000003,30.700000000000003,31.4,300.0,300.0,30.8,34.800000000000004,30.3,29.700000000000003,31.5,4.95,1.99,4.96,0.16,0.0,0.0,1027.0,8228.0,0.0,0.0,0.0,0.0,0.0,1.0,0.0,0.0,0.0,0.0,0.0,-1.1,0.0,0.5,0.0,0.0,16.0,25903.0
2026-07-30T18:59:23.992Z,133.475,133.488,0.0,7.4,0.0,0.0,0.0,0.0,0.0,0.0,0.0,0.0,1.0,0.0,0.0,0.0,9.0,4.0,0.0,0.0,0.0,0.0,0.0,0.0,0.0,0.0,5.0,12.0,1.0,12.15,5.0200000000000005,2.5,1.49,0.0,0.0,0.0,0.5,0.0,-0.2,0.0,0.3,-169.70000000000002,0.0,0.0,169.8,0.0,21.700000000000003,30.700000000000003,30.700000000000003,31.4,300.0,300.0,30.8,34.800000000000004,30.3,29.700000000000003,31.5,4.96,2.0,4.96,0.16,0.0,0.0,1027.0,8228.0,0.0,0.0,0.0,0.0,0.0,1.0,0.0,0.0,0.0,0.0,0.0,0.3,0.0,-0.3,0.0,0.0,16.0,25903.0
2026-07-30T18:59:24.004Z,133.487,133.5,0.0,7.4,0.0,0.0,0.0,0.0,0.0,0.0,0.0,0.0,1.0,0.0,0.0,0.0,9.0,4.0,0.0,0.0,0.0,0.0,0.0,0.0,0.0,0.0,6.0,12.0,1.0,12.15,5.0200000000000005,2.5,1.49,0.0,0.0,0.0,0.4,0.0,-0.8,-0.5,-1.3,-169.70000000000002,0.0,0.0,169.70000000000002,0.0,21.700000000000003,30.700000000000003,30.700000000000003,31.4,300.0,300.0,30.8,34.800000000000004,30.3,29.700000000000003,31.5,4.95,2.0,4.96,0.16,0.0,0.0,1027.0,8228.0,0.0,0.0,0.0,0.0,0.0,1.0,0.0,0.0,0.0,0.0,0.0,-1.6,0.0,1.1,0.0,0.0001,16.0,25903.0
2026-07-30T18:59:24.016Z,133.499,133.512,0.0,7.4,0.0,0.0,0.0,0.0,0.0,0.0,0.0,0.0,1.0,0.0,0.0,0.0,9.0,4.0,0.0,0.0,0.0,0.0,0.0,0.0,0.0,0.0,1.0,12.0,1.0,12.15,5.0200000000000005,2.5,1.49,0.0,0.0,0.0,0.5,0.0,0.3,0.0,-0.2,-169.70000000000002,0.0,0.0,169.60000000000002,0.0,21.700000000000003,30.700000000000003,30.700000000000003,31.4,300.0,300.0,30.8,34.800000000000004,30.3,29.700000000000003,31.5,4.95,1.99,4.97,0.16,0.0,0.0,1027.0,8228.0,0.0,0.0,0.0,0.0,0.0,1.0,0.0,0.0,0.0,0.0,0.0,0.0,0.0,0.2,0.0,0.0001,16.0,25903.0
2026-07-30T18:59:24.033Z,133.516,133.524,0.0,7.4,0.0,0.0,0.0,0.0,0.0,0.0,0.0,0.0,1.0,0.0,0.0,0.0,9.0,4.0,0.0,0.0,0.0,0.0,0.0,0.0,0.0,0.0,1.0,12.0,1.0,12.17,5.01,2.51,1.49,0.0,0.0,0.0,0.5,0.0,0.3,0.0,-1.4,-169.70000000000002,0.0,0.0,169.8,0.0,21.3,30.700000000000003,30.700000000000003,31.4,300.0,300.0,30.8,34.800000000000004,30.3,29.700000000000003,31.5,4.95,1.99,4.96,0.16,0.0,0.0,1027.0,8228.0,0.0,0.0,0.0,0.0,0.0,1.0,0.0,0.0,0.0,0.0,0.0,-1.0,0.0,1.2000000000000002,0.0,0.0002,16.0,25903.0
2026-07-30T18:59:24.039Z,133.522,133.536,0.0,7.4,0.0,0.0,0.0,0.0,0.0,0.0,0.0,0.0,1.0,0.0,0.0,0.0,9.0,4.0,0.0,0.0,0.0,0.0,0.0,0.0,0.0,0.0,6.0,12.0,1.0,12.17,5.01,2.51,1.49,0.0,0.0,0.0,0.5,0.0,-0.7000000000000001,0.0,-0.7000000000000001,-169.70000000000002,0.0,0.0,169.8,0.0,21.3,30.700000000000003,30.700000000000003,31.4,300.0,300.0,30.8,34.800000000000004,30.3,29.700000000000003,31.5,4.96,1.99,4.96,0.16,0.0,0.0,1027.0,8228.0,0.0,0.0,0.0,0.0,0.0,1.0,0.0,0.0,0.0,0.0,0.0,-0.4,0.0,0.6000000000000001,0.0,0.0,16.0,25903.0
2026-07-30T18:59:24.052Z,133.535,133.548,0.0,7.4,0.0,0.0,0.0,0.0,0.0,0.0,0.0,0.0,1.0,0.0,0.0,0.0,9.0,4.0,0.0,0.0,0.0,0.0,0.0,0.0,0.0,0.0,1.0,12.0,1.0,12.17,5.01,2.51,1.49,0.0,0.0,0.0,0.5,0.0,-0.2,0.6000000000000001,-1.3,-169.70000000000002,0.0,0.0,169.8,0.0,21.3,30.700000000000003,30.700000000000003,31.4,300.0,300.0,30.8,34.800000000000004,30.3,29.700000000000003,31.5,4.95,1.99,4.97,0.16,0.0,0.0,1027.0,8228.0,0.0,0.0,0.0,0.0,0.0,1.0,0.0,0.0,0.0,0.0,0.0,-0.2,0.0,1.3,0.0,0.0,16.0,25903.0
2026-07-30T18:59:24.064Z,133.547,133.56,0.0,7.4,0.0,0.0,0.0,0.0,0.0,0.0,0.0,0.0,1.0,0.0,0.0,0.0,9.0,4.0,0.0,0.0,0.0,0.0,0.0,0.0,0.0,0.0,2.0,12.0,1.0,12.17,5.01,2.51,1.49,0.0,0.0,0.0,0.5,0.0,0.3,-0.5,-1.3,-169.70000000000002,0.0,0.0,169.8,0.0,21.3,30.700000000000003,30.700000000000003,31.4,300.0,300.0,30.8,34.800000000000004,30.3,29.700000000000003,31.5,4.96,1.99,4.96,0.16,0.0,0.0,1027.0,8228.0,0.0,0.0,0.0,0.0,0.0,1.0,0.0,0.0,0.0,0.0,0.0,-1.5,0.0,1.0,0.0,0.0002,16.0,25903.0
2026-07-30T18:59:24.076Z,133.559,133.572,0.0,7.4,0.0,0.0,0.0,0.0,0.0,0.0,0.0,0.0,1.0,0.0,0.0,0.0,9.0,4.0,0.0,0.0,0.0,0.0,0.0,0.0,0.0,0.0,4.0,12.0,1.0,12.17,5.01,2.51,1.49,0.0,0.1,0.0,0.5,0.0,0.9,0.0,-0.1,-169.70000000000002,0.0,0.0,169.70000000000002,0.0,21.3,30.700000000000003,30.700000000000003,31.4,300.0,300.0,30.8,34.800000000000004,30.3,29.700000000000003,31.5,4.96,2.0,4.96,0.16,0.0,0.0,1027.0,8228.0,0.0,0.0,0.0,0.0,0.0,1.0,0.0,0.0,0.0,0.0,0.0,0.0,0.0,0.1,0.0,0.0,16.0,25903.0
2026-07-30T18:59:24.088Z,133.571,133.584,0.0,7.4,0.0,0.0,0.0,0.0,0.0,0.0,0.0,0.0,1.0,0.0,0.0,0.0,9.0,4.0,0.0,0.0,0.0,0.0,0.0,0.0,0.0,0.0,4.0,12.0,1.0,12.17,5.01,2.51,1.49,0.0,0.0,0.0,0.5,0.0,-0.8,0.6000000000000001,1.0,-169.70000000000002,0.0,0.0,169.70000000000002,0.0,21.3,30.700000000000003,30.700000000000003,31.4,300.0,300.0,30.8,34.800000000000004,30.3,29.700000000000003,31.5,4.96,1.99,4.96,0.16,0.0,0.0,1027.0,8228.0,0.0,0.0,0.0,0.0,0.0,1.0,0.0,0.0,0.0,0.0,0.0,1.4,0.0,-0.7000000000000001,0.0,0.0002,16.0,25903.0
2026-07-30T18:59:24.099Z,133.582,133.596,0.0,7.4,0.0,0.0,0.0,0.0,0.0,0.0,0.0,0.0,1.0,0.0,0.0,0.0,9.0,4.0,0.0,0.0,0.0,0.0,0.0,0.0,0.0,0.0,6.0,12.0,1.0,12.17,5.01,2.51,1.49,0.0,0.0,0.0,0.5,0.0,0.3,-0.5,-0.7000000000000001,-169.70000000000002,0.0,0.0,169.8,0.0,21.3,30.700000000000003,30.700000000000003,31.4,300.0,300.0,30.8,34.800000000000004,30.3,29.700000000000003,31.5,4.95,1.99,4.97,0.16,0.0,0.0,1027.0,8228.0,0.0,0.0,0.0,0.0,0.0,1.0,0.0,0.0,0.0,0.0,0.0,-1.1,0.0,0.5,0.0,0.0001,16.0,25903.0
2026-07-30T18:59:24.112Z,133.595,133.608,0.0,7.4,0.0,0.0,0.0,0.0,0.0,0.0,0.0,0.0,1.0,0.0,0.0,0.0,9.0,4.0,0.0,0.0,0.0,0.0,0.0,0.0,0.0,0.0,1.0,12.0,1.0,12.17,5.01,2.51,1.49,0.0,0.0,0.0,0.4,0.0,-0.2,-1.1,-0.7000000000000001,-169.70000000000002,0.0,0.0,169.70000000000002,0.0,21.3,30.700000000000003,30.700000000000003,31.4,300.0,300.0,30.8,34.800000000000004,30.3,29.700000000000003,31.5,4.96,2.0,4.96,0.16,0.0,0.0,1027.0,8228.0,0.0,0.0,0.0,0.0,0.0,1.0,0.0,0.0,0.0,0.0,0.0,-1.8,0.0,0.4,0.0,0.0,16.0,25903.0
2026-07-30T18:59:24.125Z,133.608,133.62,0.0,7.4,0.0,0.0,0.0,0.0,0.0,0.0,0.0,0.0,1.0,0.0,0.0,0.0,9.0,4.0,0.0,0.0,0.0,0.0,0.0,0.0,0.0,0.0,3.0,12.0,1.0,12.2,5.0200000000000005,2.51,1.49,0.0,0.0,0.0,0.4,0.0,0.2,0.0,-1.2000000000000002,-169.70000000000002,0.0,0.0,169.8,0.0,21.4,30.700000000000003,30.700000000000003,31.4,300.0,300.0,30.8,34.9,30.3,29.700000000000003,31.5,4.96,1.99,4.97,0.16,0.0,0.0,1027.0,8228.0,0.0,0.0,0.0,0.0,0.0,1.0,0.0,0.0,0.0,0.0,0.0,-0.9,0.0,1.1,0.0,0.0001,16.0,25903.0
2026-07-30T18:59:24.136Z,133.619,133.632,0.0,7.4,0.0,0.0,0.0,0.0,0.0,0.0,0.0,0.0,1.0,0.0,0.0,0.0,9.0,4.0,0.0,0.0,0.0,0.0,0.0,0.0,0.0,0.0,4.0,12.0,1.0,12.2,5.0200000000000005,2.51,1.49,0.0,0.0,0.0,0.5,0.0,0.2,2.3000000000000003,1.0,-169.70000000000002,0.0,0.0,169.8,0.0,21.4,30.700000000000003,30.700000000000003,31.4,300.0,300.0,30.8,34.9,30.3,29.700000000000003,31.5,4.95,1.99,4.97,0.16,0.0,0.0,1027.0,8228.0,0.0,0.0,0.0,0.0,0.0,1.0,0.0,0.0,0.0,0.0,0.0,3.4000000000000004,0.0,-0.4,0.0,0.0,16.0,25903.0
2026-07-30T18:59:24.148Z,133.631,133.644,0.0,7.4,0.0,0.0,0.0,0.0,0.0,0.0,0.0,0.0,1.0,0.0,0.0,0.0,9.0,4.0,0.0,0.0,0.0,0.0,0.0,0.0,0.0,0.0,5.0,12.0,1.0,12.2,5.0200000000000005,2.51,1.49,0.0,0.0,0.0,0.4,0.0,-0.3,0.0,1.0,-169.70000000000002,0.0,0.0,169.8,0.0,21.4,30.700000000000003,30.700000000000003,31.4,300.0,300.0,30.8,34.9,30.3,29.700000000000003,31.5,4.95,1.99,4.97,0.16,0.0,0.0,1027.0,8228.0,0.0,0.0,0.0,0.0,0.0,1.0,0.0,0.0,0.0,0.0,0.0,0.8,0.0,-0.9,0.0,0.0,16.0,25903.0
2026-07-30T18:59:24.160Z,133.643,133.656,0.0,7.4,0.0,0.0,0.0,0.0,0.0,0.0,0.0,0.0,1.0,0.0,0.0,0.0,9.0,4.0,0.0,0.0,0.0,0.0,0.0,0.0,0.0,0.0,6.0,12.0,1.0,12.2,5.0200000000000005,2.51,1.49,0.0,0.0,0.0,0.5,0.0,-0.3,-1.1,-1.2000000000000002,-169.70000000000002,0.0,0.0,169.60000000000002,0.0,21.4,30.700000000000003,30.700000000000003,31.4,300.0,300.0,30.8,34.9,30.3,29.700000000000003,31.5,4.96,2.0,4.96,0.16,0.0,0.0,1027.0,8228.0,0.0,0.0,0.0,0.0,0.0,1.0,0.0,0.0,0.0,0.0,0.0,-2.2,0.0,0.8,0.0,0.0,16.0,25903.0
2026-07-30T18:59:24.172Z,133.655,133.668,0.0,7.4,0.0,0.0,0.0,0.0,0.0,0.0,0.0,0.0,1.0,0.0,0.0,0.0,9.0,4.0,0.0,0.0,0.0,0.0,0.0,0.0,0.0,0.0,1.0,12.0,1.0,12.2,5.0200000000000005,2.51,1.49,0.0,0.0,0.0,0.5,0.0,0.2,-0.5,1.0,-169.70000000000002,0.0,0.0,169.8,0.0,21.4,30.700000000000003,30.700000000000003,31.4,300.0,300.0,30.8,34.9,30.3,29.700000000000003,31.5,4.96,1.99,4.97,0.16,0.0,0.0,1027.0,8228.0,0.0,0.0,0.0,0.0,0.0,1.0,0.0,0.0,0.0,0.0,0.0,0.1,0.0,-1.0,0.0,0.0003,16.0,25903.0
2026-07-30T18:59:24.184Z,133.667,133.68,0.0,7.4,0.0,0.0,0.0,0.0,0.0,0.0,0.0,0.0,1.0,0.0,0.0,0.0,9.0,4.0,0.0,0.0,0.0,0.0,0.0,0.0,0.0,0.0,3.0,12.0,1.0,12.2,5.0200000000000005,2.51,1.49,0.0,0.0,0.0,0.5,0.0,0.2,-0.5,-1.3,-169.70000000000002,0.0,0.0,169.70000000000002,0.0,21.4,30.700000000000003,30.700000000000003,31.4,300.0,300.0,30.8,34.9,30.3,29.700000000000003,31.5,4.95,2.0,4.97,0.16,0.0,0.0,1027.0,8228.0,0.0,0.0,0.0,0.0,0.0,1.0,0.0,0.0,0.0,0.0,0.0,-1.5,0.0,1.0,0.0,0.0,16.0,25903.0
2026-07-30T18:59:24.196Z,133.679,133.692,0.0,7.4,0.0,0.0,0.0,0.0,0.0,0.0,0.0,0.0,1.0,0.0,0.0,0.0,9.0,4.0,0.0,0.0,0.0,0.0,0.0,0.0,0.0,0.0,4.0,12.0,1.0,12.2,5.0200000000000005,2.51,1.49,0.0,0.0,0.0,0.4,0.0,-0.3,-0.5,-1.3,-169.70000000000002,0.0,0.0,169.8,0.0,21.4,30.700000000000003,30.700000000000003,31.4,300.0,300.0,30.8,34.9,30.3,29.700000000000003,31.5,4.96,2.0,4.96,0.16,0.0,0.0,1027.0,8228.0,0.0,0.0,0.0,0.0,0.0,1.0,0.0,0.0,0.0,0.0,0.0,-1.6,0.0,1.0,0.0,0.0001,16.0,25903.0
2026-07-30T18:59:24.208Z,133.691,133.704,0.0,7.4,0.0,0.0,0.0,0.0,0.0,0.0,0.0,0.0,1.0,0.0,0.0,0.0,9.0,4.0,0.0,0.0,0.0,0.0,0.0,0.0,0.0,0.0,5.0,12.0,1.0,12.2,5.0200000000000005,2.51,1.49,0.0,0.0,0.0,0.5,0.0,-0.3,0.0,0.4,-169.70000000000002,0.0,0.0,169.8,0.0,21.4,30.700000000000003,30.700000000000003,31.4,300.0,300.0,30.8,34.9,30.3,29.700000000000003,31.5,4.95,1.99,4.97,0.16,0.0,0.0,1027.0,8228.0,0.0,0.0,0.0,0.0,0.0,1.0,0.0,0.0,0.0,0.0,0.0,0.3,0.0,-0.3,0.0,0.0001,16.0,25903.0
2026-07-30T18:59:24.220Z,133.703,133.716,0.0,7.4,0.0,0.0,0.0,0.0,0.0,0.0,0.0,0.0,1.0,0.0,0.0,0.0,9.0,4.0,0.0,0.0,0.0,0.0,0.0,0.0,0.0,0.0,6.0,12.0,1.0,12.2,5.0200000000000005,2.51,1.49,0.0,0.1,0.0,0.5,0.0,0.3,0.0,-0.1,-169.70000000000002,0.0,0.0,169.70000000000002,0.0,21.4,30.700000000000003,30.700000000000003,31.4,300.0,300.0,30.8,34.9,30.3,29.700000000000003,31.5,4.95,1.99,4.97,0.16,0.0,0.0,1027.0,8228.0,0.0,0.0,0.0,0.0,0.0,1.0,0.0,0.0,0.0,0.0,0.0,0.0,0.0,0.1,0.0,0.0,16.0,25903.0
2026-07-30T18:59:24.232Z,133.715,133.728,0.0,7.4,0.0,0.0,0.0,0.0,0.0,0.0,0.0,0.0,1.0,0.0,0.0,0.0,9.0,4.0,0.0,0.0,0.0,0.0,0.0,0.0,0.0,0.0,2.0,12.0,1.0,12.17,5.0200000000000005,2.51,1.49,0.0,0.0,0.0,0.5,0.0,0.2,1.2000000000000002,0.4,-169.70000000000002,0.0,0.0,169.60000000000002,0.0,21.4,30.700000000000003,30.700000000000003,31.4,300.0,300.0,30.9,34.9,30.3,29.700000000000003,31.5,4.96,2.0,4.97,0.16,0.0,0.0,1027.0,8228.0,0.0,0.0,0.0,0.0,0.0,1.0,0.0,0.0,0.0,0.0,0.0,1.7000000000000002,0.0,-0.1,0.0,0.0001,16.0,25903.0
2026-07-30T18:59:24.244Z,133.727,133.74,0.0,7.4,0.0,0.0,0.0,0.0,0.0,0.0,0.0,0.0,1.0,0.0,0.0,0.0,9.0,4.0,0.0,0.0,0.0,0.0,0.0,0.0,0.0,0.0,3.0,12.0,1.0,12.17,5.0200000000000005,2.51,1.49,0.0,0.1,0.0,0.5,0.0,0.8,-0.5,-1.9,-169.70000000000002,0.0,0.0,169.70000000000002,0.0,21.4,30.700000000000003,30.700000000000003,31.4,300.0,300.0,30.9,34.9,30.3,29.700000000000003,31.5,4.96,2.0,4.96,0.16,0.0,0.0,1027.0,8228.0,0.0,0.0,0.0,0.0,0.0,1.0,0.0,0.0,0.0,0.0,0.0,-2.0,0.0,1.5,0.0,0.0001,16.0,25903.0
2026-07-30T18:59:24.256Z,133.739,133.752,0.0,7.4,0.0,0.0,0.0,0.0,0.0,0.0,0.0,0.0,1.0,0.0,0.0,0.0,9.0,4.0,0.0,0.0,0.0,0.0,0.0,0.0,0.0,0.0,4.0,12.0,1.0,12.17,5.0200000000000005,2.51,1.49,0.0,0.0,0.0,0.5,0.0,0.2,-0.5,-0.1,-169.70000000000002,0.0,0.0,169.8,0.0,21.4,30.700000000000003,30.700000000000003,31.4,300.0,300.0,30.9,34.9,30.3,29.700000000000003,31.5,4.95,1.99,4.97,0.16,0.0,0.0,1027.0,8228.0,0.0,0.0,0.0,0.0,0.0,1.0,0.0,0.0,0.0,0.0,0.0,-0.7000000000000001,0.0,0.0,0.0,0.0,16.0,25903.0
2026-07-30T18:59:24.268Z,133.751,133.764,0.0,7.4,0.0,0.0,0.0,0.0,0.0,0.0,0.0,0.0,1.0,0.0,0.0,0.0,9.0,4.0,0.0,0.0,0.0,0.0,0.0,0.0,0.0,0.0,5.0,12.0,1.0,12.17,5.0200000000000005,2.51,1.49,0.0,0.0,0.0,0.5,0.0,0.8,1.2000000000000002,-0.1,-169.70000000000002,0.0,0.0,169.70000000000002,0.0,21.4,30.700000000000003,30.700000000000003,31.4,300.0,300.0,30.9,34.9,30.3,29.700000000000003,31.5,4.95,1.99,4.96,0.16,0.0,0.0,1027.0,8228.0,0.0,0.0,0.0,0.0,0.0,1.0,0.0,0.0,0.0,0.0,0.0,1.2000000000000002,0.0,0.4,0.0,0.0001,16.0,25903.0
2026-07-30T18:59:24.280Z,133.763,133.776,0.0,7.4,0.0,0.0,0.0,0.0,0.0,0.0,0.0,0.0,1.0,0.0,0.0,0.0,9.0,4.0,0.0,0.0,0.0,0.0,0.0,0.0,0.0,0.0,6.0,12.0,1.0,12.17,5.0200000000000005,2.51,1.49,0.0,0.0,0.0,0.4,0.0,0.3,0.0,0.9,-169.70000000000002,0.0,0.0,169.8,0.0,21.4,30.700000000000003,30.700000000000003,31.4,300.0,300.0,30.9,34.9,30.3,29.700000000000003,31.5,4.96,1.99,4.96,0.16,0.0,0.0,1027.0,8228.0,0.0,0.0,0.0,0.0,0.0,1.0,0.0,0.0,0.0,0.0,0.0,0.7000000000000001,0.0,-0.8,0.0,0.0,16.0,25903.0
2026-07-30T18:59:24.292Z,133.775,133.788,0.0,7.4,0.0,0.0,0.0,0.0,0.0,0.0,0.0,0.0,1.0,0.0,0.0,0.0,9.0,4.0,0.0,0.0,0.0,0.0,0.0,0.0,0.0,0.0,1.0,12.0,1.0,12.17,5.0200000000000005,2.51,1.49,0.0,0.0,0.0,0.5,0.0,-0.2,0.0,1.5,-169.70000000000002,0.0,0.0,169.8,0.0,21.4,30.700000000000003,30.700000000000003,31.4,300.0,300.0,30.9,34.9,30.3,29.700000000000003,31.5,4.95,1.99,4.97,0.16,0.0,0.0,1027.0,8228.0,0.0,0.0,0.0,0.0,0.0,1.0,0.0,0.0,0.0,0.0,0.0,1.2000000000000002,0.0,-1.3,0.0,0.0,16.0,25903.0
2026-07-30T18:59:24.304Z,133.787,133.8,0.0,7.4,0.0,0.0,0.0,0.0,0.0,0.0,0.0,0.0,1.0,0.0,0.0,0.0,9.0,4.0,0.0,0.0,0.0,0.0,0.0,0.0,0.0,0.0,2.0,12.0,1.0,12.17,5.0200000000000005,2.51,1.49,0.0,0.0,0.0,0.5,0.0,-0.2,-0.4,0.3,-169.70000000000002,0.0,0.0,169.8,0.0,21.4,30.700000000000003,30.700000000000003,31.4,300.0,300.0,30.9,34.9,30.3,29.700000000000003,31.5,4.96,1.99,4.97,0.16,0.0,0.0,1027.0,8228.0,0.0,0.0,0.0,0.0,0.0,1.0,0.0,0.0,0.0,0.0,0.0,-0.2,0.0,-0.4,0.0,0.0001,16.0,25903.0
2026-07-30T18:59:24.316Z,133.799,133.812,0.0,7.4,0.0,0.0,0.0,0.0,0.0,0.0,0.0,0.0,1.0,0.0,0.0,0.0,9.0,4.0,0.0,0.0,0.0,0.0,0.0,0.0,0.0,0.0,3.0,12.0,1.0,12.17,5.0200000000000005,2.51,1.49,0.0,0.1,0.0,0.4,0.0,2.0,1.8,2.7,-169.70000000000002,0.0,0.0,169.8,0.0,21.4,30.700000000000003,30.700000000000003,31.4,300.0,300.0,30.9,34.9,30.3,29.700000000000003,31.5,4.96,1.99,4.96,0.16,0.0,0.0,1027.0,8228.0,0.0,0.0,0.0,0.0,0.0,1.0,0.0,0.0,0.0,0.0,0.0,4.1000000000000005,0.0,-2.0,0.0,0.0,16.0,25903.0
2026-07-30T18:59:24.329Z,133.812,133.824,0.0,7.4,0.0,0.0,0.0,0.0,0.0,0.0,0.0,0.0,1.0,0.0,0.0,0.0,9.0,4.0,0.0,0.0,0.0,0.0,0.0,0.0,0.0,0.0,5.0,12.0,1.0,12.22,5.01,2.51,1.49,0.0,0.0,0.0,0.5,0.0,-0.2,1.2000000000000002,-0.1,-169.70000000000002,0.0,0.0,169.8,0.0,21.3,30.700000000000003,30.700000000000003,31.4,300.0,300.0,30.700000000000003,34.9,30.3,29.700000000000003,31.5,4.96,1.99,4.96,0.16,0.0,0.0,1027.0,8228.0,0.0,0.0,0.0,0.0,0.0,1.0,0.0,0.0,0.0,0.0,0.0,1.3,0.0,0.4,0.0,0.0,16.0,25903.0
2026-07-30T18:59:24.346Z,133.829,133.836,0.0,7.4,0.0,0.0,0.0,0.0,0.0,0.0,0.0,0.0,1.0,0.0,0.0,0.0,9.0,4.0,0.0,0.0,0.0,0.0,0.0,0.0,0.0,0.0,6.0,12.0,1.0,12.22,5.01,2.51,1.49,0.0,0.0,0.0,0.5,0.0,0.3,-1.0,-0.1,-169.70000000000002,0.0,0.0,169.70000000000002,0.0,21.3,30.700000000000003,30.700000000000003,31.4,300.0,300.0,30.700000000000003,34.9,30.3,29.700000000000003,31.5,4.95,1.99,4.97,0.16,0.0,0.0,1027.0,8228.0,0.0,0.0,0.0,0.0,0.0,1.0,0.0,0.0,0.0,0.0,0.0,-1.3,0.0,0.0,0.0,0.0002,16.0,25903.0
2026-07-30T18:59:24.358Z,133.841,133.848,0.0,7.4,0.0,0.0,0.0,0.0,0.0,0.0,0.0,0.0,1.0,0.0,0.0,0.0,9.0,4.0,0.0,0.0,0.0,0.0,0.0,0.0,0.0,0.0,6.0,12.0,1.0,12.22,5.01,2.51,1.49,0.0,0.0,0.0,0.4,0.0,-0.8,0.1,0.4,-169.70000000000002,0.0,0.0,169.70000000000002,0.0,21.3,30.700000000000003,30.700000000000003,31.4,300.0,300.0,30.700000000000003,34.9,30.3,29.700000000000003,31.5,4.95,1.99,4.96,0.16,0.0,0.0,1027.0,8228.0,0.0,0.0,0.0,0.0,0.0,1.0,0.0,0.0,0.0,0.0,0.0,0.4,0.0,-0.3,0.0,0.0,16.0,25903.0
2026-07-30T18:59:24.364Z,133.847,133.86,0.0,7.4,0.0,0.0,0.0,0.0,0.0,0.0,0.0,0.0,1.0,0.0,0.0,0.0,9.0,4.0,0.0,0.0,0.0,0.0,0.0,0.0,0.0,0.0,3.0,12.0,1.0,12.22,5.01,2.51,1.49,0.0,0.0,0.0,0.4,0.0,0.3,0.6000000000000001,-1.3,-169.70000000000002,0.0,0.0,169.8,0.0,21.3,30.700000000000003,30.700000000000003,31.4,300.0,300.0,30.700000000000003,34.9,30.3,29.700000000000003,31.5,4.95,1.99,4.97,0.15,0.0,0.0,1027.0,8228.0,0.0,0.0,0.0,0.0,0.0,1.0,0.0,0.0,0.0,0.0,0.0,-0.2,0.0,1.3,0.0,0.0,16.0,25903.0
2026-07-30T18:59:24.376Z,133.859,133.872,0.0,7.4,0.0,0.0,0.0,0.0,0.0,0.0,0.0,0.0,1.0,0.0,0.0,0.0,9.0,4.0,0.0,0.0,0.0,0.0,0.0,0.0,0.0,0.0,4.0,12.0,1.0,12.22,5.01,2.51,1.49,0.0,0.1,0.0,0.5,0.0,-0.8,-0.4,-0.1,-169.70000000000002,0.0,0.0,169.70000000000002,0.0,21.3,30.700000000000003,30.700000000000003,31.4,300.0,300.0,30.700000000000003,34.9,30.3,29.700000000000003,31.5,4.95,1.99,4.97,0.16,0.0,0.0,1027.0,8228.0,0.0,0.0,0.0,0.0,0.0,1.0,0.0,0.0,0.0,0.0,0.0,-0.6000000000000001,0.0,0.0,0.0,0.0001,16.0,25903.0
2026-07-30T18:59:24.388Z,133.871,133.884,0.0,7.4,0.0,0.0,0.0,0.0,0.0,0.0,0.0,0.0,1.0,0.0,0.0,0.0,9.0,4.0,0.0,0.0,0.0,0.0,0.0,0.0,0.0,0.0,6.0,12.0,1.0,12.22,5.01,2.51,1.49,0.0,0.1,0.0,0.4,0.0,-0.2,0.1,0.4,-169.70000000000002,0.0,0.0,169.8,0.0,21.3,30.700000000000003,30.700000000000003,31.4,300.0,300.0,30.700000000000003,34.9,30.3,29.700000000000003,31.5,4.96,1.99,4.96,0.16,0.0,0.0,1027.0,8228.0,0.0,0.0,0.0,0.0,0.0,1.0,0.0,0.0,0.0,0.0,0.0,0.5,0.0,-0.3,0.0,0.0001,16.0,25903.0
2026-07-30T18:59:24.400Z,133.883,133.89600000000002,0.0,7.4,0.0,0.0,0.0,0.0,0.0,0.0,0.0,0.0,1.0,0.0,0.0,0.0,9.0,4.0,0.0,0.0,0.0,0.0,0.0,0.0,0.0,0.0,1.0,12.0,1.0,12.22,5.01,2.51,1.49,0.0,0.0,0.0,0.5,0.0,-0.2,0.1,-0.1,-169.70000000000002,0.0,0.0,169.8,0.0,21.3,30.700000000000003,30.700000000000003,31.4,300.0,300.0,30.700000000000003,34.9,30.3,29.700000000000003,31.5,4.95,1.99,4.96,0.16,0.0,0.0,1027.0,8228.0,0.0,0.0,0.0,0.0,0.0,1.0,0.0,0.0,0.0,0.0,0.0,0.0,0.0,0.1,0.0,0.0002,16.0,25903.0
2026-07-30T18:59:24.411Z,133.894,133.90800000000002,0.0,7.4,0.0,0.0,0.0,0.0,0.0,0.0,0.0,0.0,1.0,0.0,0.0,0.0,9.0,4.0,0.0,0.0,0.0,0.0,0.0,0.0,0.0,0.0,2.0,12.0,1.0,12.22,5.01,2.51,1.49,0.0,0.0,0.0,0.5,0.0,-0.8,-0.5,-1.3,-169.70000000000002,0.0,0.0,169.8,0.0,21.3,30.700000000000003,30.700000000000003,31.4,300.0,300.0,30.700000000000003,34.9,30.3,29.700000000000003,31.5,4.95,1.99,4.96,0.16,0.0,0.0,1027.0,8228.0,0.0,0.0,0.0,0.0,0.0,1.0,0.0,0.0,0.0,0.0,0.0,-1.5,0.0,1.0,0.0,0.0,16.0,25903.0
2026-07-30T18:59:24.423Z,133.906,133.92000000000002,0.0,7.4,0.0,0.0,0.0,0.0,0.0,0.0,0.0,0.0,1.0,0.0,0.0,0.0,9.0,4.0,0.0,0.0,0.0,0.0,0.0,0.0,0.0,0.0,3.0,12.0,1.0,12.22,5.01,2.51,1.49,0.0,0.0,0.0,0.4,0.0,-0.2,-0.5,-0.7000000000000001,-169.70000000000002,0.0,0.0,169.8,0.0,21.3,30.700000000000003,30.700000000000003,31.4,300.0,300.0,30.700000000000003,34.9,30.3,29.700000000000003,31.5,4.95,1.99,4.96,0.16,0.0,0.0,1027.0,8228.0,0.0,0.0,0.0,0.0,0.0,1.0,0.0,0.0,0.0,0.0,0.0,-1.1,0.0,0.5,0.0,0.0,16.0,25903.0
2026-07-30T18:59:24.436Z,133.919,133.93200000000002,0.0,7.4,0.0,0.0,0.0,0.0,0.0,0.0,0.0,0.0,1.0,0.0,0.0,0.0,9.0,4.0,0.0,0.0,0.0,0.0,0.0,0.0,0.0,0.0,4.0,12.0,1.0,12.15,5.01,2.51,1.49,0.0,0.0,0.0,0.5,0.0,-0.2,0.6000000000000001,-0.1,-169.70000000000002,0.0,0.0,169.70000000000002,0.0,21.700000000000003,30.700000000000003,30.700000000000003,31.4,300.0,300.0,30.8,34.9,30.3,29.700000000000003,31.5,4.95,1.99,4.96,0.16,0.0,0.0,1027.0,8228.0,0.0,0.0,0.0,0.0,0.0,1.0,0.0,0.0,0.0,0.0,0.0,-0.4,0.0,0.6000000000000001,0.0,0.0001,16.0,25903.0
2026-07-30T18:59:24.448Z,133.931,133.94400000000002,0.0,7.4,0.0,0.0,0.0,0.0,0.0,0.0,0.0,0.0,1.0,0.0,0.0,0.0,9.0,4.0,0.0,0.0,0.0,0.0,0.0,0.0,0.0,0.0,6.0,12.0,1.0,12.15,5.01,2.51,1.49,0.0,0.0,0.0,0.4,0.0,-0.2,-0.4,0.4,-169.70000000000002,0.0,0.0,169.8,0.0,21.700000000000003,30.700000000000003,30.700000000000003,31.4,300.0,300.0,30.8,34.9,30.3,29.700000000000003,31.5,4.95,1.99,4.97,0.16,0.0,0.0,1027.0,8228.0,0.0,0.0,0.0,0.0,0.0,1.0,0.0,0.0,0.0,0.0,0.0,-0.2,0.0,-0.4,0.0,0.0001,16.0,25903.0
2026-07-30T18:59:24.460Z,133.943,133.956,0.0,7.4,0.0,0.0,0.0,0.0,0.0,0.0,0.0,0.0,1.0,0.0,0.0,0.0,9.0,4.0,0.0,0.0,0.0,0.0,0.0,0.0,0.0,0.0,1.0,12.0,1.0,12.15,5.01,2.51,1.49,0.0,0.0,0.0,0.5,0.0,-0.3,0.0,0.4,-169.70000000000002,0.0,0.0,169.8,0.0,21.700000000000003,30.700000000000003,30.700000000000003,31.4,300.0,300.0,30.8,34.9,30.3,29.700000000000003,31.5,4.95,1.99,4.96,0.16,0.0,0.0,1027.0,8228.0,0.0,0.0,0.0,0.0,0.0,1.0,0.0,0.0,0.0,0.0,0.0,2.1,0.0,-0.6000000000000001,0.0,0.0001,16.0,25903.0
2026-07-30T18:59:24.472Z,133.955,133.968,0.0,7.4,0.0,0.0,0.0,0.0,0.0,0.0,0.0,0.0,1.0,0.0,0.0,0.0,9.0,4.0,0.0,0.0,0.0,0.0,0.0,0.0,0.0,0.0,2.0,12.0,1.0,12.15,5.01,2.51,1.49,0.0,0.0,0.0,0.4,0.0,-0.3,0.6000000000000001,0.3,-169.70000000000002,0.0,0.0,169.70000000000002,0.0,21.700000000000003,30.700000000000003,30.700000000000003,31.4,300.0,300.0,30.8,34.9,30.3,29.700000000000003,31.5,4.96,1.99,4.96,0.16,0.0,0.0,1027.0,8228.0,0.0,0.0,0.0,0.0,0.0,1.0,0.0,0.0,0.0,0.0,0.0,1.1,0.0,-1.3,0.0,0.0001,16.0,25903.0
2026-07-30T18:59:24.484Z,133.967,133.98,0.0,7.4,0.0,0.0,0.0,0.0,0.0,0.0,0.0,0.0,1.0,0.0,0.0,0.0,9.0,4.0,0.0,0.0,0.0,0.0,0.0,0.0,0.0,0.0,3.0,12.0,1.0,12.15,5.01,2.51,1.49,0.0,0.0,0.0,0.5,0.0,-0.3,-0.5,0.9,-169.70000000000002,0.0,0.0,169.70000000000002,0.0,21.700000000000003,30.700000000000003,30.700000000000003,31.4,300.0,300.0,30.8,34.9,30.3,29.700000000000003,31.5,4.95,1.99,4.96,0.16,0.0,0.0,1027.0,8228.0,0.0,0.0,0.0,0.0,0.0,1.0,0.0,0.0,0.0,0.0,0.0,0.0,0.0,-0.9,0.0,0.0002,16.0,25903.0
2026-07-30T18:59:24.496Z,133.979,133.992,0.0,7.4,0.0,0.0,0.0,0.0,0.0,0.0,0.0,0.0,1.0,0.0,0.0,0.0,9.0,4.0,0.0,0.0,0.0,0.0,0.0,0.0,0.0,0.0,4.0,12.0,1.0,12.15,5.01,2.51,1.49,0.0,0.0,0.0,0.4,0.0,0.3,0.5,-0.1,-169.70000000000002,0.0,0.0,169.8,0.0,21.700000000000003,30.700000000000003,30.700000000000003,31.4,300.0,300.0,30.8,34.9,30.3,29.700000000000003,31.5,4.95,1.99,4.97,0.16,0.0,0.0,1027.0,8228.0,0.0,0.0,0.0,0.0,0.0,1.0,0.0,0.0,0.0,0.0,0.0,0.5,0.0,0.2,0.0,0.0,16.0,25903.0
2026-07-30T18:59:24.508Z,133.991,134.004,0.0,7.4,0.0,0.0,0.0,0.0,0.0,0.0,0.0,0.0,1.0,0.0,0.0,0.0,9.0,4.0,0.0,0.0,0.0,0.0,0.0,0.0,0.0,0.0,5.0,12.0,1.0,12.15,5.01,2.51,1.49,0.0,0.0,0.0,0.5,0.0,0.3,1.7000000000000002,1.0,-169.70000000000002,0.0,0.0,169.8,0.0,21.700000000000003,30.700000000000003,30.700000000000003,31.4,300.0,300.0,30.8,34.9,30.3,29.700000000000003,31.5,4.95,2.0,4.96,0.16,0.0,0.0,1027.0,8228.0,0.0,0.0,0.0,0.0,0.0,1.0,0.0,0.0,0.0,0.0,0.0,2.7,0.0,-0.5,0.0,0.0001,16.0,25903.0
2026-07-30T18:59:24.520Z,134.003,134.016,0.0,7.4,0.0,0.0,0.0,0.0,0.0,0.0,0.0,0.0,1.0,0.0,0.0,0.0,9.0,4.0,0.0,0.0,0.0,0.0,0.0,0.0,0.0,0.0,5.0,12.0,1.0,12.15,5.01,2.51,1.49,0.0,0.0,0.0,0.5,0.0,0.8,0.5,1.0,-169.70000000000002,0.0,0.0,169.8,0.0,21.700000000000003,30.700000000000003,30.700000000000003,31.4,300.0,300.0,30.8,34.9,30.3,29.700000000000003,31.5,4.96,1.99,4.96,0.16,0.0,0.0,1027.0,8228.0,0.0,0.0,0.0,0.0,0.0,1.0,0.0,0.0,0.0,0.0,0.0,1.4,0.0,-0.7000000000000001,0.0,0.0,16.0,25903.0
2026-07-30T18:59:24.533Z,134.016,134.028,0.0,7.4,0.0,0.0,0.0,0.0,0.0,0.0,0.0,0.0,1.0,0.0,0.0,0.0,9.0,4.0,0.0,0.0,0.0,0.0,0.0,0.0,0.0,0.0,1.0,12.0,1.0,12.11,5.0200000000000005,2.5,1.5,0.0,0.0,0.0,0.4,0.0,0.2,-0.5,-0.7000000000000001,-169.70000000000002,0.0,0.0,169.70000000000002,0.0,21.4,30.700000000000003,30.700000000000003,31.4,300.0,300.0,30.9,34.9,30.3,29.700000000000003,31.4,4.95,1.99,4.97,0.16,0.0,0.0,1027.0,8228.0,0.0,0.0,0.0,0.0,0.0,1.0,0.0,0.0,0.0,0.0,0.0,-1.1,0.0,0.5,0.0,0.0001,16.0,25903.0
2026-07-30T18:59:24.544Z,134.027,134.04,0.0,7.4,0.0,0.0,0.0,0.0,0.0,0.0,0.0,0.0,1.0,0.0,0.0,0.0,9.0,4.0,0.0,0.0,0.0,0.0,0.0,0.0,0.0,0.0,2.0,12.0,1.0,12.11,5.0200000000000005,2.5,1.5,0.0,0.0,0.0,0.5,0.0,-0.2,-1.1,-0.1,-169.70000000000002,0.0,0.0,169.8,0.0,21.4,30.700000000000003,30.700000000000003,31.4,300.0,300.0,30.9,34.9,30.3,29.700000000000003,31.4,4.96,1.99,4.96,0.16,0.0,0.0,1027.0,8228.0,0.0,0.0,0.0,0.0,0.0,1.0,0.0,0.0,0.0,0.0,0.0,-1.4,0.0,-0.1,0.0,0.0002,16.0,25903.0
2026-07-30T18:59:24.556Z,134.039,134.052,0.0,7.4,0.0,0.0,0.0,0.0,0.0,0.0,0.0,0.0,1.0,0.0,0.0,0.0,9.0,4.0,0.0,0.0,0.0,0.0,0.0,0.0,0.0,0.0,3.0,12.0,1.0,12.11,5.0200000000000005,2.5,1.5,0.0,0.0,0.0,0.5,0.0,0.3,0.0,-0.6000000000000001,-169.70000000000002,0.0,0.0,169.70000000000002,0.0,21.4,30.700000000000003,30.700000000000003,31.4,300.0,300.0,30.9,34.9,30.3,29.700000000000003,31.4,4.96,2.0,4.96,0.16,0.0,0.0,1027.0,8228.0,0.0,0.0,0.0,0.0,0.0,1.0,0.0,0.0,0.0,0.0,0.0,-0.5,0.0,0.5,0.0,0.0,16.0,25903.0
2026-07-30T18:59:24.568Z,134.051,134.064,0.0,7.4,0.0,0.0,0.0,0.0,0.0,0.0,0.0,0.0,1.0,0.0,0.0,0.0,9.0,4.0,0.0,0.0,0.0,0.0,0.0,0.0,0.0,0.0,4.0,12.0,1.0,12.11,5.0200000000000005,2.5,1.5,0.0,0.0,0.0,0.5,0.0,-0.2,1.1,0.4,-169.70000000000002,0.0,0.0,169.70000000000002,0.0,21.4,30.700000000000003,30.700000000000003,31.4,300.0,300.0,30.9,34.9,30.3,29.700000000000003,31.4,4.95,1.99,4.96,0.16,0.0,0.0,1027.0,8228.0,0.0,0.0,0.0,0.0,0.0,1.0,0.0,0.0,0.0,0.0,0.0,1.6,0.0,-0.1,0.0,0.0001,16.0,25903.0
2026-07-30T18:59:24.580Z,134.063,134.076,0.0,7.4,0.0,0.0,0.0,0.0,0.0,0.0,0.0,0.0,1.0,0.0,0.0,0.0,9.0,4.0,0.0,0.0,0.0,0.0,0.0,0.0,0.0,0.0,4.0,12.0,1.0,12.11,5.0200000000000005,2.5,1.5,0.0,0.1,0.0,0.5,0.0,-0.8,0.0,-0.1,-169.70000000000002,0.0,0.0,169.70000000000002,0.0,21.4,30.700000000000003,30.700000000000003,31.4,300.0,300.0,30.9,34.9,30.3,29.700000000000003,31.4,4.96,1.99,4.97,0.16,0.0,0.0,1027.0,8228.0,0.0,0.0,0.0,0.0,0.0,1.0,0.0,0.0,0.0,0.0,0.0,0.0,0.0,0.1,0.0,0.0,16.0,25903.0
2026-07-30T18:59:24.592Z,134.075,134.088,0.0,7.4,0.0,0.0,0.0,0.0,0.0,0.0,0.0,0.0,1.0,0.0,0.0,0.0,9.0,4.0,0.0,0.0,0.0,0.0,0.0,0.0,0.0,0.0,5.0,12.0,1.0,12.11,5.0200000000000005,2.5,1.5,0.0,0.0,0.0,0.5,0.0,0.3,-0.5,-0.6000000000000001,-169.70000000000002,0.0,0.0,169.70000000000002,0.0,21.4,30.700000000000003,30.700000000000003,31.4,300.0,300.0,30.9,34.9,30.3,29.700000000000003,31.4,4.96,1.99,4.96,0.16,0.0,0.0,1027.0,8228.0,0.0,0.0,0.0,0.0,0.0,1.0,0.0,0.0,0.0,0.0,0.0,-1.1,0.0,0.4,0.0,0.0,16.0,25903.0
2026-07-30T18:59:24.604Z,134.087,134.1,0.0,7.4,0.0,0.0,0.0,0.0,0.0,0.0,0.0,0.0,1.0,0.0,0.0,0.0,9.0,4.0,0.0,0.0,0.0,0.0,0.0,0.0,0.0,0.0,6.0,12.0,1.0,12.11,5.0200000000000005,2.5,1.5,0.0,0.0,0.0,0.5,0.0,0.9,0.6000000000000001,-0.1,-169.70000000000002,0.0,0.0,169.70000000000002,0.0,21.4,30.700000000000003,30.700000000000003,31.4,300.0,300.0,30.9,34.9,30.3,29.700000000000003,31.4,4.96,1.99,4.97,0.16,0.0,0.0,1027.0,8228.0,0.0,0.0,0.0,0.0,0.0,1.0,0.0,0.0,0.0,0.0,0.0,0.6000000000000001,0.0,0.2,0.0,0.0001,16.0,25903.0
2026-07-30T18:59:24.616Z,134.099,134.112,0.0,7.4,0.0,0.0,0.0,0.0,0.0,0.0,0.0,0.0,1.0,0.0,0.0,0.0,9.0,4.0,0.0,0.0,0.0,0.0,0.0,0.0,0.0,0.0,1.0,12.0,1.0,12.11,5.0200000000000005,2.5,1.5,0.0,0.1,0.0,0.5,0.0,-0.7000000000000001,-0.5,-0.7000000000000001,-169.70000000000002,0.0,0.0,169.70000000000002,0.0,21.4,30.700000000000003,30.700000000000003,31.4,300.0,300.0,30.9,34.9,30.3,29.700000000000003,31.4,4.95,2.0,4.97,0.16,0.0,0.0,1027.0,8228.0,0.0,0.0,0.0,0.0,0.0,1.0,0.0,0.0,0.0,0.0,0.0,-1.1,0.0,0.5,0.0,0.0001,16.0,25903.0
2026-07-30T18:59:24.628Z,134.111,134.124,0.0,7.4,0.0,0.0,0.0,0.0,0.0,0.0,0.0,0.0,1.0,0.0,0.0,0.0,9.0,4.0,0.0,0.0,0.0,0.0,0.0,0.0,0.0,0.0,3.0,12.0,1.0,12.11,5.0200000000000005,2.5,1.5,0.0,0.0,0.0,0.5,0.0,-0.8,-0.5,-0.6000000000000001,-169.70000000000002,0.0,0.0,169.70000000000002,0.0,21.4,30.700000000000003,30.700000000000003,31.4,300.0,300.0,30.9,34.9,30.3,29.700000000000003,31.4,4.95,2.0,4.96,0.16,0.0,0.0,1027.0,8228.0,0.0,0.0,0.0,0.0,0.0,1.0,0.0,0.0,0.0,0.0,0.0,-1.1,0.0,0.4,0.0,0.0001,16.0,25903.0
2026-07-30T18:59:24.640Z,134.123,134.136,0.0,7.4,0.0,0.0,0.0,0.0,0.0,0.0,0.0,0.0,1.0,0.0,0.0,0.0,9.0,4.0,0.0,0.0,0.0,0.0,0.0,0.0,0.0,0.0,4.0,12.0,1.0,12.17,5.0200000000000005,2.51,1.49,0.0,0.0,0.0,0.5,0.0,0.3,0.0,0.4,-169.70000000000002,0.0,0.0,169.70000000000002,0.0,21.8,30.700000000000003,30.700000000000003,31.4,300.0,300.0,30.9,34.9,30.200000000000003,29.700000000000003,31.5,4.96,2.0,4.97,0.16,0.0,0.0,1027.0,8228.0,0.0,0.0,0.0,0.0,0.0,1.0,0.0,0.0,0.0,0.0,0.0,0.2,0.0,-0.4,0.0,0.0001,16.0,25903.0
2026-07-30T18:59:24.652Z,134.135,134.148,0.0,7.4,0.0,0.0,0.0,0.0,0.0,0.0,0.0,0.0,1.0,0.0,0.0,0.0,9.0,4.0,0.0,0.0,0.0,0.0,0.0,0.0,0.0,0.0,5.0,12.0,1.0,12.17,5.0200000000000005,2.51,1.49,-0.1,0.2,0.0,0.5,0.0,-0.2,-0.6000000000000001,-0.7000000000000001,-169.70000000000002,0.0,0.0,169.70000000000002,0.0,21.8,30.700000000000003,30.700000000000003,31.4,300.0,300.0,30.9,34.9,30.200000000000003,29.700000000000003,31.5,4.96,1.99,4.97,0.16,0.0,0.0,1027.0,8228.0,0.0,0.0,0.0,0.0,0.0,1.0,0.0,0.0,0.0,0.0,0.0,-1.2000000000000002,0.0,0.5,0.0,0.0001,16.0,25903.0
2026-07-30T18:59:24.671Z,134.154,134.16,0.0,7.4,0.0,0.0,0.0,0.0,0.0,0.0,0.0,0.0,1.0,0.0,0.0,0.0,9.0,4.0,0.0,0.0,0.0,0.0,0.0,0.0,0.0,0.0,5.0,12.0,1.0,12.17,5.0200000000000005,2.51,1.49,0.0,0.0,0.0,0.5,0.0,0.3,0.5,1.0,-169.70000000000002,0.0,0.0,169.70000000000002,0.0,21.8,30.700000000000003,30.700000000000003,31.4,300.0,300.0,30.9,34.9,30.200000000000003,29.700000000000003,31.5,4.96,1.99,4.97,0.16,0.0,0.0,1027.0,8228.0,0.0,0.0,0.0,0.0,0.0,1.0,0.0,0.0,0.0,0.0,0.0,1.3,0.0,-0.7000000000000001,0.0,0.0002,16.0,25903.0
2026-07-30T18:59:24.676Z,134.159,134.172,0.0,7.4,0.0,0.0,0.0,0.0,0.0,0.0,0.0,0.0,1.0,0.0,0.0,0.0,9.0,4.0,0.0,0.0,0.0,0.0,0.0,0.0,0.0,0.0,2.0,12.0,1.0,12.17,5.0200000000000005,2.51,1.49,0.0,0.0,0.0,0.4,0.0,0.2,-0.6000000000000001,-1.3,-169.70000000000002,0.0,0.0,169.8,0.0,21.8,30.700000000000003,30.700000000000003,31.4,300.0,300.0,30.9,34.9,30.200000000000003,29.700000000000003,31.5,4.96,1.99,4.96,0.16,0.0,0.0,1027.0,8228.0,0.0,0.0,0.0,0.0,0.0,1.0,0.0,0.0,0.0,0.0,0.0,-1.7000000000000002,0.0,1.0,0.0,0.0001,16.0,25903.0
2026-07-30T18:59:24.688Z,134.171,134.184,0.0,7.4,0.0,0.0,0.0,0.0,0.0,0.0,0.0,0.0,1.0,0.0,0.0,0.0,9.0,4.0,0.0,0.0,0.0,0.0,0.0,0.0,0.0,0.0,2.0,12.0,1.0,12.17,5.0200000000000005,2.51,1.49,0.0,0.0,0.0,0.5,0.0,-0.2,-1.2000000000000002,-0.7000000000000001,-169.70000000000002,0.0,0.0,169.8,0.0,21.8,30.700000000000003,30.700000000000003,31.4,300.0,300.0,30.9,34.9,30.200000000000003,29.700000000000003,31.5,4.95,1.99,4.96,0.16,0.0,0.0,1027.0,8228.0,0.0,0.0,0.0,0.0,0.0,1.0,0.0,0.0,0.0,0.0,0.0,-1.9,0.0,0.3,0.0,0.0001,16.0,25903.0
2026-07-30T18:59:24.700Z,134.183,134.196,0.0,7.4,0.0,0.0,0.0,0.0,0.0,0.0,0.0,0.0,1.0,0.0,0.0,0.0,9.0,4.0,0.0,0.0,0.0,0.0,0.0,0.0,0.0,0.0,3.0,12.0,1.0,12.17,5.0200000000000005,2.51,1.49,0.0,0.0,0.0,0.5,0.0,0.3,0.5,1.0,-169.70000000000002,0.0,0.0,169.70000000000002,0.0,21.8,30.700000000000003,30.700000000000003,31.4,300.0,300.0,30.9,34.9,30.200000000000003,29.700000000000003,31.5,4.95,1.99,4.96,0.16,0.0,0.0,1027.0,8228.0,0.0,0.0,0.0,0.0,0.0,1.0,0.0,0.0,0.0,0.0,0.0,1.4,0.0,-0.8,0.0,0.0,16.0,25903.0
2026-07-30T18:59:24.712Z,134.195,134.208,0.0,7.4,0.0,0.0,0.0,0.0,0.0,0.0,0.0,0.0,1.0,0.0,0.0,0.0,9.0,4.0,0.0,0.0,0.0,0.0,0.0,0.0,0.0,0.0,5.0,12.0,1.0,12.17,5.0200000000000005,2.51,1.49,0.0,0.0,0.0,0.5,0.0,0.2,1.1,1.0,-169.70000000000002,0.0,0.0,169.70000000000002,0.0,21.8,30.700000000000003,30.700000000000003,31.4,300.0,300.0,30.9,34.9,30.200000000000003,29.700000000000003,31.5,4.95,2.0,4.96,0.16,0.0,0.0,1027.0,8228.0,0.0,0.0,0.0,0.0,0.0,1.0,0.0,0.0,0.0,0.0,0.0,2.1,0.0,-0.6000000000000001,0.0,0.0001,16.0,25903.0
2026-07-30T18:59:24.724Z,134.207,134.22,0.0,7.4,0.0,0.0,0.0,0.0,0.0,0.0,0.0,0.0,1.0,0.0,0.0,0.0,9.0,4.0,0.0,0.0,0.0,0.0,0.0,0.0,0.0,0.0,6.0,12.0,1.0,12.17,5.0200000000000005,2.51,1.49,0.0,0.0,0.0,0.5,0.0,0.2,-1.1,-0.1,-169.70000000000002,0.0,0.0,169.70000000000002,0.0,21.8,30.700000000000003,30.700000000000003,31.4,300.0,300.0,30.9,34.9,30.200000000000003,29.700000000000003,31.5,4.96,2.0,4.97,0.16,0.0,0.0,1027.0,8228.0,0.0,0.0,0.0,0.0,0.0,1.0,0.0,0.0,0.0,0.0,0.0,-1.4,0.0,-0.1,0.0,0.0,16.0,25903.0
2026-07-30T18:59:24.737Z,134.22,134.232,0.0,7.4,0.0,0.0,0.0,0.0,0.0,0.0,0.0,0.0,1.0,0.0,0.0,0.0,9.0,4.0,0.0,0.0,0.0,0.0,0.0,0.0,0.0,0.0,1.0,12.0,1.0,12.15,5.0200000000000005,2.51,1.49,0.0,0.0,0.0,0.5,0.0,0.8,-0.5,-0.7000000000000001,-169.70000000000002,0.0,0.0,169.8,0.0,21.700000000000003,30.700000000000003,30.700000000000003,31.4,300.0,300.0,31.0,34.9,30.200000000000003,29.700000000000003,31.4,4.95,1.99,4.97,0.16,0.0,0.0,1027.0,8228.0,0.0,0.0,0.0,0.0,0.0,1.0,0.0,0.0,0.0,0.0,0.0,-1.1,0.0,0.5,0.0,0.0,16.0,25903.0
2026-07-30T18:59:24.748Z,134.231,134.244,0.0,7.4,0.0,0.0,0.0,0.0,0.0,0.0,0.0,0.0,1.0,0.0,0.0,0.0,9.0,4.0,0.0,0.0,0.0,0.0,0.0,0.0,0.0,0.0,2.0,12.0,1.0,12.15,5.0200000000000005,2.51,1.49,0.0,0.0,0.0,0.5,0.0,-0.3,-0.5,-0.1,-169.70000000000002,0.0,0.0,169.60000000000002,0.0,21.700000000000003,30.700000000000003,30.700000000000003,31.4,300.0,300.0,31.0,34.9,30.200000000000003,29.700000000000003,31.4,4.95,1.99,4.96,0.16,0.0,0.0,1027.0,8228.0,0.0,0.0,0.0,0.0,0.0,1.0,0.0,0.0,0.0,0.0,0.0,-0.7000000000000001,0.0,0.0,0.0,0.0001,16.0,25903.0
2026-07-30T18:59:24.760Z,134.243,134.256,0.0,7.4,0.0,0.0,0.0,0.0,0.0,0.0,0.0,0.0,1.0,0.0,0.0,0.0,9.0,4.0,0.0,0.0,0.0,0.0,0.0,0.0,0.0,0.0,3.0,12.0,1.0,12.15,5.0200000000000005,2.51,1.49,0.0,0.0,0.0,0.4,0.0,0.2,0.6000000000000001,1.0,-169.70000000000002,0.0,0.0,169.8,0.0,21.700000000000003,30.700000000000003,30.700000000000003,31.4,300.0,300.0,31.0,34.9,30.200000000000003,29.700000000000003,31.4,4.96,1.99,4.96,0.16,0.0,0.0,1027.0,8228.0,0.0,0.0,0.0,0.0,0.0,1.0,0.0,0.0,0.0,0.0,0.0,1.5,0.0,-0.7000000000000001,0.0,0.0001,16.0,25903.0
2026-07-30T18:59:24.772Z,134.255,134.268,0.0,7.4,0.0,0.0,0.0,0.0,0.0,0.0,0.0,0.0,1.0,0.0,0.0,0.0,9.0,4.0,0.0,0.0,0.0,0.0,0.0,0.0,0.0,0.0,4.0,12.0,1.0,12.15,5.0200000000000005,2.51,1.49,0.0,0.0,0.0,0.4,0.0,-0.3,-0.5,0.0,-169.70000000000002,0.0,0.0,169.60000000000002,0.0,21.700000000000003,30.700000000000003,30.700000000000003,31.4,300.0,300.0,31.0,34.9,30.200000000000003,29.700000000000003,31.4,4.95,1.99,4.96,0.16,0.0,0.0,1027.0,8228.0,0.0,0.0,0.0,0.0,0.0,1.0,0.0,0.0,0.0,0.0,0.0,-0.6000000000000001,0.0,0.0,0.0,0.0001,16.0,25903.0
2026-07-30T18:59:24.783Z,134.266,134.28,0.0,7.4,0.0,0.0,0.0,0.0,0.0,0.0,0.0,0.0,1.0,0.0,0.0,0.0,9.0,4.0,0.0,0.0,0.0,0.0,0.0,0.0,0.0,0.0,5.0,12.0,1.0,12.15,5.0200000000000005,2.51,1.49,0.0,0.0,0.0,0.4,0.0,-0.2,0.6000000000000001,1.0,-169.70000000000002,0.0,0.0,169.8,0.0,21.700000000000003,30.700000000000003,30.700000000000003,31.4,300.0,300.0,31.0,34.9,30.200000000000003,29.700000000000003,31.4,4.95,1.99,4.96,0.16,0.0,0.0,1027.0,8228.0,0.0,0.0,0.0,0.0,0.0,1.0,0.0,0.0,0.0,0.0,0.0,1.5,0.0,-0.8,0.0,0.0002,16.0,25903.0
2026-07-30T18:59:24.796Z,134.279,134.292,0.0,7.4,0.0,0.0,0.0,0.0,0.0,0.0,0.0,0.0,1.0,0.0,0.0,0.0,9.0,4.0,0.0,0.0,0.0,0.0,0.0,0.0,0.0,0.0,6.0,12.0,1.0,12.15,5.0200000000000005,2.51,1.49,0.0,0.0,0.0,0.4,0.0,-0.2,0.0,0.0,-169.70000000000002,0.0,0.0,169.70000000000002,0.0,21.700000000000003,30.700000000000003,30.700000000000003,31.4,300.0,300.0,31.0,34.9,30.200000000000003,29.700000000000003,31.4,4.95,2.0,4.96,0.16,0.0,0.0,1027.0,8228.0,0.0,0.0,0.0,0.0,0.0,1.0,0.0,0.0,0.0,0.0,0.0,0.0,0.0,0.0,0.0,0.0001,16.0,25903.0
2026-07-30T18:59:24.808Z,134.291,134.304,0.0,7.4,0.0,0.0,0.0,0.0,0.0,0.0,0.0,0.0,1.0,0.0,0.0,0.0,9.0,4.0,0.0,0.0,0.0,0.0,0.0,0.0,0.0,0.0,1.0,12.0,1.0,12.15,5.0200000000000005,2.51,1.49,0.0,0.0,0.0,0.5,0.0,-0.2,0.6000000000000001,-0.1,-169.70000000000002,0.0,0.0,169.70000000000002,0.0,21.700000000000003,30.700000000000003,30.700000000000003,31.4,300.0,300.0,31.0,34.9,30.200000000000003,29.700000000000003,31.4,4.95,1.99,4.96,0.16,0.0,0.0,1027.0,8228.0,0.0,0.0,0.0,0.0,0.0,1.0,0.0,0.0,0.0,0.0,0.0,0.6000000000000001,0.0,0.2,0.0,0.0001,16.0,25903.0
2026-07-30T18:59:24.820Z,134.303,134.316,0.0,7.4,0.0,0.0,0.0,0.0,0.0,0.0,0.0,0.0,1.0,0.0,0.0,0.0,9.0,4.0,0.0,0.0,0.0,0.0,0.0,0.0,0.0,0.0,2.0,12.0,1.0,12.15,5.0200000000000005,2.51,1.49,0.0,0.0,0.0,0.4,0.0,0.2,0.0,1.0,-169.70000000000002,0.0,0.0,169.70000000000002,0.0,21.700000000000003,30.700000000000003,30.700000000000003,31.4,300.0,300.0,31.0,34.9,30.200000000000003,29.700000000000003,31.4,4.95,1.99,4.97,0.16,0.0,0.0,1027.0,8228.0,0.0,0.0,0.0,0.0,0.0,1.0,0.0,0.0,0.0,0.0,0.0,0.8,0.0,-0.8,0.0,0.0001,16.0,25903.0
2026-07-30T18:59:24.832Z,134.315,134.328,0.0,7.4,0.0,0.0,0.0,0.0,0.0,0.0,0.0,0.0,1.0,0.0,0.0,0.0,9.0,4.0,0.0,0.0,0.0,0.0,0.0,0.0,0.0,0.0,3.0,12.0,1.0,12.15,5.0200000000000005,2.51,1.49,0.0,0.1,0.0,0.5,0.0,0.8,-0.5,-0.1,-169.70000000000002,0.0,0.0,169.70000000000002,0.0,21.700000000000003,30.700000000000003,30.700000000000003,31.4,300.0,300.0,31.0,34.9,30.200000000000003,29.700000000000003,31.4,4.96,1.99,4.96,0.16,0.0,0.0,1027.0,8228.0,0.0,0.0,0.0,0.0,0.0,1.0,0.0,0.0,0.0,0.0,0.0,-0.6000000000000001,0.0,0.0,0.0,0.0001,16.0,25903.0
2026-07-30T18:59:24.844Z,134.327,134.34,0.0,7.4,0.0,0.0,0.0,0.0,0.0,0.0,0.0,0.0,1.0,0.0,0.0,0.0,9.0,4.0,0.0,0.0,0.0,0.0,0.0,0.0,0.0,0.0,4.0,12.0,1.0,12.18,5.0200000000000005,2.5,1.49,0.0,0.0,0.0,0.5,0.0,0.2,0.6000000000000001,1.0,-169.70000000000002,0.0,0.0,169.8,0.0,21.4,30.700000000000003,30.700000000000003,31.4,300.0,300.0,30.8,34.9,30.200000000000003,29.700000000000003,31.4,4.96,1.99,4.97,0.16,0.0,0.0,1027.0,8228.0,0.0,0.0,0.0,0.0,0.0,1.0,0.0,0.0,0.0,0.0,0.0,1.5,0.0,-0.7000000000000001,0.0,0.0001,16.0,25903.0
2026-07-30T18:59:24.856Z,134.339,134.352,0.0,7.4,0.0,0.0,0.0,0.0,0.0,0.0,0.0,0.0,1.0,0.0,0.0,0.0,9.0,4.0,0.0,0.0,0.0,0.0,0.0,0.0,0.0,0.0,5.0,12.0,1.0,12.18,5.0200000000000005,2.5,1.49,0.0,0.0,0.0,0.4,0.0,0.2,0.1,-1.2000000000000002,-169.70000000000002,0.0,0.0,169.60000000000002,0.0,21.4,30.700000000000003,30.700000000000003,31.4,300.0,300.0,30.8,34.9,30.200000000000003,29.700000000000003,31.4,4.95,2.0,4.97,0.16,0.0,0.0,1027.0,8228.0,0.0,0.0,0.0,0.0,0.0,1.0,0.0,0.0,0.0,0.0,0.0,-0.8,0.0,1.1,0.0,0.0,16.0,25903.0
2026-07-30T18:59:24.868Z,134.351,134.364,0.0,7.4,0.0,0.0,0.0,0.0,0.0,0.0,0.0,0.0,1.0,0.0,0.0,0.0,9.0,4.0,0.0,0.0,0.0,0.0,0.0,0.0,0.0,0.0,6.0,12.0,1.0,12.18,5.0200000000000005,2.5,1.49,0.0,0.0,0.0,0.4,0.0,0.2,1.2000000000000002,0.4,-169.70000000000002,0.0,0.0,169.70000000000002,0.0,21.4,30.700000000000003,30.700000000000003,31.4,300.0,300.0,30.8,34.9,30.200000000000003,29.700000000000003,31.4,4.96,2.0,4.96,0.16,0.0,0.0,1027.0,8228.0,0.0,0.0,0.0,0.0,0.0,1.0,0.0,0.0,0.0,0.0,0.0,1.7000000000000002,0.0,-0.1,0.0,0.0002,16.0,25903.0
2026-07-30T18:59:24.880Z,134.363,134.376,0.0,7.4,0.0,0.0,0.0,0.0,0.0,0.0,0.0,0.0,1.0,0.0,0.0,0.0,9.0,4.0,0.0,0.0,0.0,0.0,0.0,0.0,0.0,0.0,1.0,12.0,1.0,12.18,5.0200000000000005,2.5,1.49,0.0,0.0,0.0,0.5,0.0,-0.3,0.0,-0.6000000000000001,-169.70000000000002,0.0,0.0,169.70000000000002,0.0,21.4,30.700000000000003,30.700000000000003,31.4,300.0,300.0,30.8,34.9,30.200000000000003,29.700000000000003,31.4,4.95,2.0,4.97,0.16,0.0,0.0,1027.0,8228.0,0.0,0.0,0.0,0.0,0.0,1.0,0.0,0.0,0.0,0.0,0.0,-0.4,0.0,0.6000000000000001,0.0,0.0,16.0,25903.0
2026-07-30T18:59:24.892Z,134.375,134.388,0.0,7.4,0.0,0.0,0.0,0.0,0.0,0.0,0.0,0.0,1.0,0.0,0.0,0.0,9.0,4.0,0.0,0.0,0.0,0.0,0.0,0.0,0.0,0.0,3.0,12.0,1.0,12.18,5.0200000000000005,2.5,1.49,0.0,0.1,0.0,0.4,0.0,-0.2,0.0,-0.7000000000000001,-169.70000000000002,0.0,0.0,169.8,0.0,21.4,30.700000000000003,30.700000000000003,31.4,300.0,300.0,30.8,34.9,30.200000000000003,29.700000000000003,31.4,4.95,1.99,4.97,0.16,0.0,0.0,1027.0,8228.0,0.0,0.0,0.0,0.0,0.0,1.0,0.0,0.0,0.0,0.0,0.0,-0.4,0.0,0.6000000000000001,0.0,0.0001,16.0,25903.0
2026-07-30T18:59:24.904Z,134.387,134.4,0.0,7.4,0.0,0.0,0.0,0.0,0.0,0.0,0.0,0.0,1.0,0.0,0.0,0.0,9.0,4.0,0.0,0.0,0.0,0.0,0.0,0.0,0.0,0.0,4.0,12.0,1.0,12.18,5.0200000000000005,2.5,1.49,0.0,0.0,0.0,0.4,0.0,0.3,-0.5,0.4,-169.70000000000002,0.0,0.0,169.60000000000002,0.0,21.4,30.700000000000003,30.700000000000003,31.4,300.0,300.0,30.8,34.9,30.200000000000003,29.700000000000003,31.4,4.95,1.99,4.97,0.16,0.0,0.0,1027.0,8228.0,0.0,0.0,0.0,0.0,0.0,1.0,0.0,0.0,0.0,0.0,0.0,-0.2,0.0,-0.5,0.0,0.0003,16.0,25903.0
2026-07-30T18:59:24.916Z,134.399,134.412,0.0,7.4,0.0,0.0,0.0,0.0,0.0,0.0,0.0,0.0,1.0,0.0,0.0,0.0,9.0,4.0,0.0,0.0,0.0,0.0,0.0,0.0,0.0,0.0,5.0,12.0,1.0,12.18,5.0200000000000005,2.5,1.49,0.0,0.0,0.0,0.4,0.0,0.3,-0.5,-1.2000000000000002,-169.70000000000002,0.0,0.0,169.70000000000002,0.0,21.4,30.700000000000003,30.700000000000003,31.4,300.0,300.0,30.8,34.9,30.200000000000003,29.700000000000003,31.4,4.96,1.99,4.96,0.16,0.0,0.0,1027.0,8228.0,0.0,0.0,0.0,0.0,0.0,1.0,0.0,0.0,0.0,0.0,0.0,-1.5,0.0,0.9,0.0,0.0001,16.0,25903.0
2026-07-30T18:59:24.928Z,134.411,134.424,0.0,7.4,0.0,0.0,0.0,0.0,0.0,0.0,0.0,0.0,1.0,0.0,0.0,0.0,9.0,4.0,0.0,0.0,0.0,0.0,0.0,0.0,0.0,0.0,6.0,12.0,1.0,12.18,5.0200000000000005,2.5,1.49,0.0,0.0,0.0,0.4,0.0,-1.4,-1.1,-1.2000000000000002,-169.70000000000002,0.0,0.0,169.70000000000002,0.0,21.4,30.700000000000003,30.700000000000003,31.4,300.0,300.0,30.8,34.9,30.200000000000003,29.700000000000003,31.4,4.95,2.0,4.97,0.16,0.0,0.0,1027.0,8228.0,0.0,0.0,0.0,0.0,0.0,1.0,0.0,0.0,0.0,0.0,0.0,-2.2,0.0,0.8,0.0,0.0,16.0,25903.0
2026-07-30T18:59:24.941Z,134.424,134.436,0.0,7.4,0.0,0.0,0.0,0.0,0.0,0.0,0.0,0.0,1.0,0.0,0.0,0.0,9.0,4.0,0.0,0.0,0.0,0.0,0.0,0.0,0.0,0.0,2.0,12.0,1.0,12.18,5.0200000000000005,2.51,1.49,0.0,0.0,0.0,0.5,0.0,-0.2,0.0,-0.1,-169.70000000000002,0.0,0.0,169.8,0.0,21.3,30.700000000000003,30.700000000000003,31.4,300.0,300.0,30.9,34.9,30.200000000000003,29.700000000000003,31.5,4.95,1.99,4.96,0.16,0.0,0.0,1027.0,8228.0,0.0,0.0,0.0,0.0,0.0,1.0,0.0,0.0,0.0,0.0,0.0,0.0,0.0,0.1,0.0,0.0001,16.0,25903.0
2026-07-30T18:59:24.952Z,134.435,134.448,0.0,7.4,0.0,0.0,0.0,0.0,0.0,0.0,0.0,0.0,1.0,0.0,0.0,0.0,9.0,4.0,0.0,0.0,0.0,0.0,0.0,0.0,0.0,0.0,3.0,12.0,1.0,12.18,5.0200000000000005,2.51,1.49,0.0,0.0,0.0,0.5,0.0,0.9,0.6000000000000001,1.0,-169.70000000000002,0.0,0.0,169.70000000000002,0.0,21.3,30.700000000000003,30.700000000000003,31.4,300.0,300.0,30.9,34.9,30.200000000000003,29.700000000000003,31.5,4.96,1.99,4.96,0.16,0.0,0.0,1027.0,8228.0,0.0,0.0,0.0,0.0,0.0,1.0,0.0,0.0,0.0,0.0,0.0,-1.0,0.0,0.4,0.0,0.0002,16.0,25903.0
2026-07-30T18:59:24.964Z,134.447,134.46,0.0,7.4,0.0,0.0,0.0,0.0,0.0,0.0,0.0,0.0,1.0,0.0,0.0,0.0,9.0,4.0,0.0,0.0,0.0,0.0,0.0,0.0,0.0,0.0,4.0,12.0,1.0,12.18,5.0200000000000005,2.51,1.49,0.0,0.0,0.0,0.5,0.0,-0.8,-0.4,1.0,-169.70000000000002,0.0,0.0,169.70000000000002,0.0,21.3,30.700000000000003,30.700000000000003,31.4,300.0,300.0,30.9,34.9,30.200000000000003,29.700000000000003,31.5,4.95,1.99,4.96,0.16,0.0,0.0,1027.0,8228.0,0.0,0.0,0.0,0.0,0.0,1.0,0.0,0.0,0.0,0.0,0.0,-0.6000000000000001,0.0,0.0,0.0,0.0,16.0,25903.0
2026-07-30T18:59:24.982Z,134.465,134.472,0.0,7.4,0.0,0.0,0.0,0.0,0.0,0.0,0.0,0.0,1.0,0.0,0.0,0.0,9.0,4.0,0.0,0.0,0.0,0.0,0.0,0.0,0.0,0.0,5.0,12.0,1.0,12.18,5.0200000000000005,2.51,1.49,0.0,0.1,0.0,0.5,0.0,0.3,0.7000000000000001,-0.6000000000000001,-169.70000000000002,0.0,0.0,169.8,0.0,21.3,30.700000000000003,30.700000000000003,31.4,300.0,300.0,30.9,34.9,30.200000000000003,29.700000000000003,31.5,4.96,1.99,4.97,0.16,0.0,0.0,1027.0,8228.0,0.0,0.0,0.0,0.0,0.0,1.0,0.0,0.0,0.0,0.0,0.0,-1.0,0.0,0.5,0.0,0.0001,16.0,25903.0
2026-07-30T18:59:24.990Z,134.473,134.484,0.0,7.4,0.0,0.0,0.0,0.0,0.0,0.0,0.0,0.0,1.0,0.0,0.0,0.0,9.0,4.0,0.0,0.0,0.0,0.0,0.0,0.0,0.0,0.0,4.0,12.0,1.0,12.18,5.0200000000000005,2.51,1.49,0.0,0.0,0.0,0.5,0.0,0.9,1.8,1.0,-169.70000000000002,0.0,0.0,169.8,0.0,21.3,30.700000000000003,30.700000000000003,31.4,300.0,300.0,30.9,34.9,30.200000000000003,29.700000000000003,31.5,4.96,1.99,4.96,0.16,0.0,0.0,1027.0,8228.0,0.0,0.0,0.0,0.0,0.0,1.0,0.0,0.0,0.0,0.0,0.0,-1.4,0.0,1.0,0.0,0.0002,16.0,25903.0
2026-07-30T18:59:25.000Z,134.483,134.496,0.0,7.4,0.0,0.0,0.0,0.0,0.0,0.0,0.0,0.0,1.0,0.0,0.0,0.0,9.0,4.0,0.0,0.0,0.0,0.0,0.0,0.0,0.0,0.0,2.0,12.0,1.0,12.18,5.0200000000000005,2.51,1.49,0.0,0.0,0.0,0.5,0.0,0.8,1.8,-0.1,-169.70000000000002,0.0,0.0,169.70000000000002,0.0,21.3,30.700000000000003,30.700000000000003,31.4,300.0,300.0,30.9,34.9,30.200000000000003,29.700000000000003,31.5,4.96,1.99,4.96,0.16,0.0,0.0,1027.0,8228.0,0.0,0.0,0.0,0.0,0.0,1.0,0.0,0.0,0.0,0.0,0.0,2.0,0.0,0.4,0.0,0.0,16.0,25903.0
2026-07-30T18:59:25.012Z,134.495,134.508,0.0,7.4,0.0,0.0,0.0,0.0,0.0,0.0,0.0,0.0,1.0,0.0,0.0,0.0,9.0,4.0,0.0,0.0,0.0,0.0,0.0,0.0,0.0,0.0,4.0,12.0,1.0,12.18,5.0200000000000005,2.51,1.49,0.0,0.1,0.0,0.5,0.0,0.2,0.1,1.0,-169.70000000000002,0.0,0.0,169.70000000000002,0.0,21.3,30.700000000000003,30.700000000000003,31.4,300.0,300.0,30.9,34.9,30.200000000000003,29.700000000000003,31.5,4.95,1.99,4.97,0.16,0.0,0.0,1027.0,8228.0,0.0,0.0,0.0,0.0,0.0,1.0,0.0,0.0,0.0,0.0,0.0,0.9,0.0,-0.8,0.0,0.0002,16.0,25903.0
2026-07-30T18:59:25.024Z,134.507,134.52,0.0,7.4,0.0,0.0,0.0,0.0,0.0,0.0,0.0,0.0,1.0,0.0,0.0,0.0,9.0,4.0,0.0,0.0,0.0,0.0,0.0,0.0,0.0,0.0,5.0,12.0,1.0,12.18,5.0200000000000005,2.51,1.49,0.0,0.1,0.0,0.4,0.0,0.2,0.7000000000000001,0.4,-169.70000000000002,0.0,0.0,169.70000000000002,0.0,21.3,30.700000000000003,30.700000000000003,31.4,300.0,300.0,30.9,34.9,30.200000000000003,29.700000000000003,31.5,4.96,2.0,4.96,0.16,0.0,0.0,1027.0,8228.0,0.0,0.0,0.0,0.0,0.0,1.0,0.0,0.0,0.0,0.0,0.0,1.1,0.0,-0.2,0.0,0.0001,16.0,25903.0
2026-07-30T18:59:25.036Z,134.519,134.532,0.0,7.4,0.0,0.0,0.0,0.0,0.0,0.0,0.0,0.0,1.0,0.0,0.0,0.0,9.0,4.0,0.0,0.0,0.0,0.0,0.0,0.0,0.0,0.0,6.0,12.0,1.0,12.18,5.0200000000000005,2.51,1.49,0.0,0.0,0.0,0.5,0.0,0.3,0.1,-0.1,-169.70000000000002,0.0,0.0,169.70000000000002,0.0,21.3,30.700000000000003,30.700000000000003,31.4,300.0,300.0,30.9,34.9,30.200000000000003,29.700000000000003,31.5,4.96,1.99,4.96,0.16,0.0,0.0,1027.0,8228.0,0.0,0.0,0.0,0.0,0.0,1.0,0.0,0.0,0.0,0.0,0.0,0.0,0.0,0.1,0.0,0.0001,16.0,25903.0
2026-07-30T18:59:25.047Z,134.53,134.544,0.0,7.4,0.0,0.0,0.0,0.0,0.0,0.0,0.0,0.0,1.0,0.0,0.0,0.0,9.0,4.0,0.0,0.0,0.0,0.0,0.0,0.0,0.0,0.0,1.0,12.0,1.0,12.17,5.01,2.5,1.49,0.0,0.0,0.0,0.5,0.0,-0.2,1.2000000000000002,-1.3,-169.70000000000002,0.0,0.0,169.60000000000002,0.0,21.700000000000003,30.700000000000003,30.700000000000003,31.4,300.0,300.0,30.9,34.9,30.200000000000003,29.700000000000003,31.5,4.96,1.99,4.96,0.16,0.0,0.0,1027.0,8228.0,0.0,0.0,0.0,0.0,0.0,1.0,0.0,0.0,0.0,0.0,0.0,0.4,0.0,1.4,0.0,0.0,16.0,25903.0
2026-07-30T18:59:25.059Z,134.542,134.556,0.0,7.4,0.0,0.0,0.0,0.0,0.0,0.0,0.0,0.0,1.0,0.0,0.0,0.0,9.0,4.0,0.0,0.0,0.0,0.0,0.0,0.0,0.0,0.0,2.0,12.0,1.0,12.17,5.01,2.5,1.49,0.0,0.0,0.0,0.4,0.0,-0.2,-0.5,0.5,-169.70000000000002,0.0,0.0,169.8,0.0,21.700000000000003,30.700000000000003,30.700000000000003,31.4,300.0,300.0,30.9,34.9,30.200000000000003,29.700000000000003,31.5,4.95,1.99,4.96,0.16,0.0,0.0,1027.0,8228.0,0.0,0.0,0.0,0.0,0.0,1.0,0.0,0.0,0.0,0.0,0.0,-0.2,0.0,-0.5,0.0,0.0001,16.0,25903.0
2026-07-30T18:59:25.071Z,134.554,134.568,0.0,7.4,0.0,0.0,0.0,0.0,0.0,0.0,0.0,0.0,1.0,0.0,0.0,0.0,9.0,4.0,0.0,0.0,0.0,0.0,0.0,0.0,0.0,0.0,3.0,12.0,1.0,12.17,5.01,2.5,1.49,0.0,0.0,0.0,0.4,0.0,0.3,-0.4,0.0,-169.70000000000002,0.0,0.0,169.8,0.0,21.700000000000003,30.700000000000003,30.700000000000003,31.4,300.0,300.0,30.9,34.9,30.200000000000003,29.700000000000003,31.5,4.96,2.0,4.96,0.16,0.0,0.0,1027.0,8228.0,0.0,0.0,0.0,0.0,0.0,1.0,0.0,0.0,0.0,0.0,0.0,-0.5,0.0,0.0,0.0,0.0001,16.0,25903.0
2026-07-30T18:59:25.084Z,134.567,134.58,0.0,7.4,0.0,0.0,0.0,0.0,0.0,0.0,0.0,0.0,1.0,0.0,0.0,0.0,9.0,4.0,0.0,0.0,0.0,0.0,0.0,0.0,0.0,0.0,4.0,12.0,1.0,12.17,5.01,2.5,1.49,0.0,0.0,0.0,0.4,0.0,-0.2,0.0,1.7000000000000002,-169.70000000000002,0.0,0.0,169.8,0.0,21.700000000000003,30.700000000000003,30.700000000000003,31.4,300.0,300.0,30.9,34.9,30.200000000000003,29.700000000000003,31.5,4.96,1.99,4.97,0.16,0.0,0.0,1027.0,8228.0,0.0,0.0,0.0,0.0,0.0,1.0,0.0,0.0,0.0,0.0,0.0,1.3,0.0,-1.4,0.0,0.0002,16.0,25903.0
2026-07-30T18:59:25.096Z,134.579,134.592,0.0,7.4,0.0,0.0,0.0,0.0,0.0,0.0,0.0,0.0,1.0,0.0,0.0,0.0,9.0,4.0,0.0,0.0,0.0,0.0,0.0,0.0,0.0,0.0,5.0,12.0,1.0,12.17,5.01,2.5,1.49,0.0,0.0,0.0,0.5,0.0,0.9,1.2000000000000002,1.6,-169.70000000000002,0.0,0.0,169.8,0.0,21.700000000000003,30.700000000000003,30.700000000000003,31.4,300.0,300.0,30.9,34.9,30.200000000000003,29.700000000000003,31.5,4.95,2.0,4.97,0.16,0.0,0.0,1027.0,8228.0,0.0,0.0,0.0,0.0,0.0,1.0,0.0,0.0,0.0,0.0,0.0,2.6,0.0,-1.2000000000000002,0.0,0.0,16.0,25903.0
2026-07-30T18:59:25.108Z,134.591,134.604,0.0,7.4,0.0,0.0,0.0,0.0,0.0,0.0,0.0,0.0,1.0,0.0,0.0,0.0,9.0,4.0,0.0,0.0,0.0,0.0,0.0,0.0,0.0,0.0,6.0,12.0,1.0,12.17,5.01,2.5,1.49,0.0,0.0,0.0,0.5,0.0,-0.2,-0.4,-0.6000000000000001,-169.70000000000002,0.0,0.0,169.60000000000002,0.0,21.700000000000003,30.700000000000003,30.700000000000003,31.4,300.0,300.0,30.9,34.9,30.200000000000003,29.700000000000003,31.5,4.96,2.0,4.97,0.16,0.0,0.0,1027.0,8228.0,0.0,0.0,0.0,0.0,0.0,1.0,0.0,0.0,0.0,0.0,0.0,-1.0,0.0,0.4,0.0,0.0,16.0,25903.0
2026-07-30T18:59:25.120Z,134.603,134.616,0.0,7.4,0.0,0.0,0.0,0.0,0.0,0.0,0.0,0.0,1.0,0.0,0.0,0.0,9.0,4.0,0.0,0.0,0.0,0.0,0.0,0.0,0.0,0.0,1.0,12.0,1.0,12.17,5.01,2.5,1.49,0.0,0.0,0.0,0.4,0.0,0.3,-0.5,0.0,-169.70000000000002,0.0,0.0,169.70000000000002,0.0,21.700000000000003,30.700000000000003,30.700000000000003,31.4,300.0,300.0,30.9,34.9,30.200000000000003,29.700000000000003,31.5,4.95,1.99,4.96,0.16,0.0,0.0,1027.0,8228.0,0.0,0.0,0.0,0.0,0.0,1.0,0.0,0.0,0.0,0.0,0.0,-0.6000000000000001,0.0,0.0,0.0,0.0003,16.0,25903.0
2026-07-30T18:59:25.132Z,134.615,134.628,0.0,7.4,0.0,0.0,0.0,0.0,0.0,0.0,0.0,0.0,1.0,0.0,0.0,0.0,9.0,4.0,0.0,0.0,0.0,0.0,0.0,0.0,0.0,0.0,2.0,12.0,1.0,12.17,5.01,2.5,1.49,0.0,0.0,0.0,0.5,0.0,-0.7000000000000001,0.0,0.0,-169.70000000000002,0.0,0.0,169.8,0.0,21.700000000000003,30.700000000000003,30.700000000000003,31.4,300.0,300.0,30.9,34.9,30.200000000000003,29.700000000000003,31.5,4.95,1.99,4.97,0.16,0.0,0.0,1027.0,8228.0,0.0,0.0,0.0,0.0,0.0,1.0,0.0,0.0,0.0,0.0,0.0,0.0,0.0,0.0,0.0,0.0,16.0,25903.0
2026-07-30T18:59:25.145Z,134.628,134.64,0.0,7.4,0.0,0.0,0.0,0.0,0.0,0.0,0.0,0.0,1.0,0.0,0.0,0.0,9.0,4.0,0.0,0.0,0.0,0.0,0.0,0.0,0.0,0.0,3.0,12.0,1.0,12.15,5.0200000000000005,2.51,1.49,0.0,0.0,0.0,0.5,0.0,0.3,0.0,-0.6000000000000001,-169.70000000000002,0.0,0.0,169.60000000000002,0.0,21.700000000000003,30.700000000000003,30.700000000000003,31.4,300.0,300.0,31.0,34.9,30.200000000000003,29.700000000000003,31.4,4.95,1.99,4.97,0.16,0.0,0.0,1027.0,8228.0,0.0,0.0,0.0,0.0,0.0,1.0,0.0,0.0,0.0,0.0,0.0,-0.3,0.0,0.5,0.0,0.0001,16.0,25903.0
2026-07-30T18:59:25.155Z,134.638,134.65200000000002,0.0,7.4,0.0,0.0,0.0,0.0,0.0,0.0,0.0,0.0,1.0,0.0,0.0,0.0,9.0,4.0,0.0,0.0,0.0,0.0,0.0,0.0,0.0,0.0,4.0,12.0,1.0,12.15,5.0200000000000005,2.51,1.49,0.0,0.0,0.0,0.4,0.0,0.9,0.6000000000000001,1.7000000000000002,-169.70000000000002,0.0,0.0,169.70000000000002,0.0,21.700000000000003,30.700000000000003,30.700000000000003,31.4,300.0,300.0,31.0,34.9,30.200000000000003,29.700000000000003,31.4,4.96,1.99,4.96,0.16,0.0,0.0,1027.0,8228.0,0.0,0.0,0.0,0.0,0.0,1.0,0.0,0.0,0.0,0.0,0.0,1.9,0.0,-1.3,0.0,0.0002,16.0,25903.0
2026-07-30T18:59:25.167Z,134.65,134.66400000000002,0.0,7.4,0.0,0.0,0.0,0.0,0.0,0.0,0.0,0.0,1.0,0.0,0.0,0.0,9.0,4.0,0.0,0.0,0.0,0.0,0.0,0.0,0.0,0.0,5.0,12.0,1.0,12.15,5.0200000000000005,2.51,1.49,0.0,0.1,0.0,0.4,0.0,0.3,-0.5,-0.6000000000000001,-169.70000000000002,0.0,0.0,169.70000000000002,0.0,21.700000000000003,30.700000000000003,30.700000000000003,31.4,300.0,300.0,31.0,34.9,30.200000000000003,29.700000000000003,31.4,4.95,1.99,4.97,0.16,0.0,0.0,1027.0,8228.0,0.0,0.0,0.0,0.0,0.0,1.0,0.0,0.0,0.0,0.0,0.0,-1.1,0.0,0.4,0.0,0.0,16.0,25903.0
2026-07-30T18:59:25.180Z,134.663,134.67600000000002,0.0,7.4,0.0,0.0,0.0,0.0,0.0,0.0,0.0,0.0,1.0,0.0,0.0,0.0,9.0,4.0,0.0,0.0,0.0,0.0,0.0,0.0,0.0,0.0,6.0,12.0,1.0,12.15,5.0200000000000005,2.51,1.49,0.0,0.0,0.0,0.4,0.0,-0.7000000000000001,-0.5,-1.7000000000000002,-169.70000000000002,0.0,0.0,169.8,0.0,21.700000000000003,30.700000000000003,30.700000000000003,31.4,300.0,300.0,31.0,34.9,30.200000000000003,29.700000000000003,31.4,4.95,1.99,4.96,0.16,0.0,0.0,1027.0,8228.0,0.0,0.0,0.0,0.0,0.0,1.0,0.0,0.0,0.0,0.0,0.0,-1.9,0.0,1.4,0.0,0.0001,16.0,25903.0
2026-07-30T18:59:25.192Z,134.675,134.68800000000002,0.0,7.4,0.0,0.0,0.0,0.0,0.0,0.0,0.0,0.0,1.0,0.0,0.0,0.0,9.0,4.0,0.0,0.0,0.0,0.0,0.0,0.0,0.0,0.0,1.0,12.0,1.0,12.15,5.0200000000000005,2.51,1.49,0.0,0.1,0.0,0.4,0.0,0.3,0.0,0.0,-169.70000000000002,0.0,0.0,169.8,0.0,21.700000000000003,30.700000000000003,30.700000000000003,31.4,300.0,300.0,31.0,34.9,30.200000000000003,29.700000000000003,31.4,4.96,1.99,4.96,0.16,0.0,0.0,1027.0,8228.0,0.0,0.0,0.0,0.0,0.0,1.0,0.0,0.0,0.0,0.0,0.0,0.0,0.0,0.0,0.0,0.0001,16.0,25903.0
2026-07-30T18:59:25.204Z,134.687,134.7,0.0,7.4,0.0,0.0,0.0,0.0,0.0,0.0,0.0,0.0,1.0,0.0,0.0,0.0,9.0,4.0,0.0,0.0,0.0,0.0,0.0,0.0,0.0,0.0,2.0,12.0,1.0,12.15,5.0200000000000005,2.51,1.49,0.0,0.0,0.0,0.4,0.0,-0.2,0.6000000000000001,0.5,-169.70000000000002,0.0,0.0,169.70000000000002,0.0,21.700000000000003,30.700000000000003,30.700000000000003,31.4,300.0,300.0,31.0,34.9,30.200000000000003,29.700000000000003,31.4,4.96,1.99,4.96,0.16,0.0,0.0,1027.0,8228.0,0.0,0.0,0.0,0.0,0.0,1.0,0.0,0.0,0.0,0.0,0.0,1.1,0.0,-0.3,0.0,0.0001,16.0,25903.0
2026-07-30T18:59:25.216Z,134.699,134.712,0.0,7.4,0.0,0.0,0.0,0.0,0.0,0.0,0.0,0.0,1.0,0.0,0.0,0.0,9.0,4.0,0.0,0.0,0.0,0.0,0.0,0.0,0.0,0.0,3.0,12.0,1.0,12.15,5.0200000000000005,2.51,1.49,0.0,0.0,0.0,0.5,0.0,1.4,-1.1,0.6000000000000001,-169.70000000000002,0.0,0.0,169.8,0.0,21.700000000000003,30.700000000000003,30.700000000000003,31.4,300.0,300.0,31.0,34.9,30.200000000000003,29.700000000000003,31.4,4.95,1.99,4.97,0.16,0.0,0.0,1027.0,8228.0,0.0,0.0,0.0,0.0,0.0,1.0,0.0,0.0,0.0,0.0,0.0,-0.8,0.0,-0.7000000000000001,0.0,0.0002,16.0,25903.0
2026-07-30T18:59:25.228Z,134.711,134.724,0.0,7.4,0.0,0.0,0.0,0.0,0.0,0.0,0.0,0.0,1.0,0.0,0.0,0.0,9.0,4.0,0.0,0.0,0.0,0.0,0.0,0.0,0.0,0.0,4.0,12.0,1.0,12.15,5.0200000000000005,2.51,1.49,0.0,0.1,0.0,0.5,0.0,0.3,0.5,-0.5,-169.70000000000002,0.0,0.0,169.70000000000002,0.0,21.700000000000003,30.700000000000003,30.700000000000003,31.4,300.0,300.0,31.0,34.9,30.200000000000003,29.700000000000003,31.4,4.95,1.99,4.97,0.16,0.0,0.0,1027.0,8228.0,0.0,0.0,0.0,0.0,0.0,1.0,0.0,0.0,0.0,0.0,0.0,0.2,0.0,0.6000000000000001,0.0,0.0001,16.0,25903.0
2026-07-30T18:59:25.240Z,134.723,134.736,0.0,7.4,0.0,0.0,0.0,0.0,0.0,0.0,0.0,0.0,1.0,0.0,0.0,0.0,9.0,4.0,0.0,0.0,0.0,0.0,0.0,0.0,0.0,0.0,5.0,12.0,1.0,12.15,5.0200000000000005,2.51,1.49,0.0,0.0,0.0,0.4,0.0,0.2,0.6000000000000001,0.0,-169.70000000000002,0.0,0.0,169.70000000000002,0.0,21.700000000000003,30.700000000000003,30.700000000000003,31.4,300.0,300.0,31.0,34.9,30.200000000000003,29.700000000000003,31.4,4.96,1.99,4.97,0.16,0.0,0.0,1027.0,8228.0,0.0,0.0,0.0,0.0,0.0,1.0,0.0,0.0,0.0,0.0,0.0,0.7000000000000001,0.0,0.1,0.0,0.0,16.0,25903.0
2026-07-30T18:59:25.252Z,134.735,134.748,0.0,7.4,0.0,0.0,0.0,0.0,0.0,0.0,0.0,0.0,1.0,0.0,0.0,0.0,9.0,4.0,0.0,0.0,0.0,0.0,0.0,0.0,0.0,0.0,6.0,12.0,1.0,12.14,5.01,2.51,1.5,0.0,0.0,0.0,0.4,0.0,-0.2,0.6000000000000001,-0.5,-169.70000000000002,0.0,0.0,169.8,0.0,21.4,30.700000000000003,30.700000000000003,31.4,300.0,300.0,31.0,34.9,30.200000000000003,29.700000000000003,31.4,4.95,1.99,4.96,0.16,0.0,0.0,1027.0,8228.0,0.0,0.0,0.0,0.0,0.0,1.0,0.0,0.0,0.0,0.0,0.0,0.2,0.0,0.6000000000000001,0.0,0.0001,16.0,25903.0
2026-07-30T18:59:25.264Z,134.747,134.76,0.0,7.4,0.0,0.0,0.0,0.0,0.0,0.0,0.0,0.0,1.0,0.0,0.0,0.0,9.0,4.0,0.0,0.0,0.0,0.0,0.0,0.0,0.0,0.0,1.0,12.0,1.0,12.14,5.01,2.51,1.5,0.0,0.0,0.0,0.4,0.0,0.3,-0.5,-0.6000000000000001,-169.70000000000002,0.0,0.0,169.70000000000002,0.0,21.4,30.700000000000003,30.700000000000003,31.4,300.0,300.0,31.0,34.9,30.200000000000003,29.700000000000003,31.4,4.96,1.99,4.96,0.16,0.0,0.0,1027.0,8228.0,0.0,0.0,0.0,0.0,0.0,1.0,0.0,0.0,0.0,0.0,0.0,-1.1,0.0,0.4,0.0,0.0,16.0,25903.0
2026-07-30T18:59:25.276Z,134.759,134.772,0.0,7.4,0.0,0.0,0.0,0.0,0.0,0.0,0.0,0.0,1.0,0.0,0.0,0.0,9.0,4.0,0.0,0.0,0.0,0.0,0.0,0.0,0.0,0.0,1.0,12.0,1.0,12.14,5.01,2.51,1.5,0.0,0.0,0.0,0.5,0.0,0.9,0.0,1.1,-169.70000000000002,0.0,0.0,169.70000000000002,0.0,21.4,30.700000000000003,30.700000000000003,31.4,300.0,300.0,31.0,34.9,30.200000000000003,29.700000000000003,31.4,4.96,1.99,4.96,0.16,0.0,0.0,1027.0,8228.0,0.0,0.0,0.0,0.0,0.0,1.0,0.0,0.0,0.0,0.0,0.0,0.8,0.0,-0.9,0.0,0.0,16.0,25903.0
2026-07-30T18:59:25.291Z,134.774,134.784,0.0,7.4,0.0,0.0,0.0,0.0,0.0,0.0,0.0,0.0,1.0,0.0,0.0,0.0,9.0,4.0,0.0,0.0,0.0,0.0,0.0,0.0,0.0,0.0,2.0,12.0,1.0,12.14,5.01,2.51,1.5,0.0,0.0,0.0,0.5,0.0,-0.2,0.0,-1.2000000000000002,-169.70000000000002,0.0,0.0,169.8,0.0,21.4,30.700000000000003,30.700000000000003,31.4,300.0,300.0,31.0,34.9,30.200000000000003,29.700000000000003,31.4,4.96,1.99,4.96,0.16,0.0,0.0,1027.0,8228.0,0.0,0.0,0.0,0.0,0.0,1.0,0.0,0.0,0.0,0.0,0.0,-0.9,0.0,1.1,0.0,0.0,16.0,25903.0
2026-07-30T18:59:25.304Z,134.787,134.796,0.0,7.4,0.0,0.0,0.0,0.0,0.0,0.0,0.0,0.0,1.0,0.0,0.0,0.0,9.0,4.0,0.0,0.0,0.0,0.0,0.0,0.0,0.0,0.0,2.0,12.0,1.0,12.14,5.01,2.51,1.5,0.0,0.0,0.0,0.4,0.0,0.2,0.5,-0.1,-169.70000000000002,0.0,0.0,169.70000000000002,0.0,21.4,30.700000000000003,30.700000000000003,31.4,300.0,300.0,31.0,34.9,30.200000000000003,29.700000000000003,31.4,4.95,1.99,4.97,0.16,0.0,0.0,1027.0,8228.0,0.0,0.0,0.0,0.0,0.0,1.0,0.0,0.0,0.0,0.0,0.0,0.5,0.0,0.2,0.0,0.0,16.0,25903.0
2026-07-30T18:59:25.312Z,134.795,134.808,0.0,7.4,0.0,0.0,0.0,0.0,0.0,0.0,0.0,0.0,1.0,0.0,0.0,0.0,9.0,4.0,0.0,0.0,0.0,0.0,0.0,0.0,0.0,0.0,5.0,12.0,1.0,12.14,5.01,2.51,1.5,0.0,0.0,0.0,0.4,0.0,0.2,0.0,0.0,-169.70000000000002,0.0,0.0,169.70000000000002,0.0,21.4,30.700000000000003,30.700000000000003,31.4,300.0,300.0,31.0,34.9,30.200000000000003,29.700000000000003,31.4,4.96,1.99,4.96,0.16,0.0,0.0,1027.0,8228.0,0.0,0.0,0.0,0.0,0.0,1.0,0.0,0.0,0.0,0.0,0.0,0.0,0.0,0.0,0.0,0.0002,16.0,25903.0
2026-07-30T18:59:25.324Z,134.807,134.82,0.0,7.4,0.0,0.0,0.0,0.0,0.0,0.0,0.0,0.0,1.0,0.0,0.0,0.0,9.0,4.0,0.0,0.0,0.0,0.0,0.0,0.0,0.0,0.0,1.0,12.0,1.0,12.14,5.01,2.51,1.5,0.0,0.0,0.0,0.5,0.0,0.2,0.0,-1.2000000000000002,-169.70000000000002,0.0,0.0,169.70000000000002,0.0,21.4,30.700000000000003,30.700000000000003,31.4,300.0,300.0,31.0,34.9,30.200000000000003,29.700000000000003,31.4,4.96,1.99,4.97,0.16,0.0,0.0,1027.0,8228.0,0.0,0.0,0.0,0.0,0.0,1.0,0.0,0.0,0.0,0.0,0.0,-0.8,0.0,1.0,0.0,0.0,16.0,25903.0
2026-07-30T18:59:25.336Z,134.819,134.832,0.0,7.4,0.0,0.0,0.0,0.0,0.0,0.0,0.0,0.0,1.0,0.0,0.0,0.0,9.0,4.0,0.0,0.0,0.0,0.0,0.0,0.0,0.0,0.0,2.0,12.0,1.0,12.14,5.01,2.51,1.5,0.0,0.0,0.0,0.4,0.0,-0.9,-0.5,0.5,-169.70000000000002,0.0,0.0,169.70000000000002,0.0,21.4,30.700000000000003,30.700000000000003,31.4,300.0,300.0,31.0,34.9,30.200000000000003,29.700000000000003,31.4,4.96,1.99,4.97,0.16,0.0,0.0,1027.0,8228.0,0.0,0.0,0.0,0.0,0.0,1.0,0.0,0.0,0.0,0.0,0.0,-0.1,0.0,-0.5,0.0,0.0,16.0,25903.0
2026-07-30T18:59:25.349Z,134.832,134.844,0.0,7.4,0.0,0.0,0.0,0.0,0.0,0.0,0.0,0.0,1.0,0.0,0.0,0.0,9.0,4.0,0.0,0.0,0.0,0.0,0.0,0.0,0.0,0.0,3.0,12.0,1.0,12.17,5.01,2.51,1.49,0.0,0.0,0.0,0.4,0.0,-0.3,0.6000000000000001,-0.6000000000000001,-169.70000000000002,0.0,0.0,169.8,0.0,21.3,30.700000000000003,30.700000000000003,31.3,300.0,300.0,30.9,34.9,30.200000000000003,29.6,31.4,4.96,1.99,4.96,0.16,0.0,0.0,1027.0,8228.0,0.0,0.0,0.0,0.0,0.0,1.0,0.0,0.0,0.0,0.0,0.0,0.2,0.0,0.7000000000000001,0.0,0.0001,16.0,25903.0
2026-07-30T18:59:25.359Z,134.842,134.856,0.0,7.4,0.0,0.0,0.0,0.0,0.0,0.0,0.0,0.0,1.0,0.0,0.0,0.0,9.0,4.0,0.0,0.0,0.0,0.0,0.0,0.0,0.0,0.0,4.0,12.0,1.0,12.17,5.01,2.51,1.49,0.0,0.0,0.0,0.4,0.0,0.2,-0.5,-0.1,-169.70000000000002,0.0,0.0,169.8,0.0,21.3,30.700000000000003,30.700000000000003,31.3,300.0,300.0,30.9,34.9,30.200000000000003,29.6,31.4,4.95,1.99,4.97,0.16,0.0,0.0,1027.0,8228.0,0.0,0.0,0.0,0.0,0.0,1.0,0.0,0.0,0.0,0.0,0.0,-0.7000000000000001,0.0,0.0,0.0,0.0001,16.0,25903.0
2026-07-30T18:59:25.372Z,134.855,134.868,0.0,7.4,0.0,0.0,0.0,0.0,0.0,0.0,0.0,0.0,1.0,0.0,0.0,0.0,9.0,4.0,0.0,0.0,0.0,0.0,0.0,0.0,0.0,0.0,5.0,12.0,1.0,12.17,5.01,2.51,1.49,0.0,0.0,0.0,0.4,0.0,0.2,-0.5,-0.1,-169.70000000000002,0.0,0.0,169.8,0.0,21.3,30.700000000000003,30.700000000000003,31.3,300.0,300.0,30.9,34.9,30.200000000000003,29.6,31.4,4.95,1.99,4.97,0.16,0.0,0.0,1027.0,8228.0,0.0,0.0,0.0,0.0,0.0,1.0,0.0,0.0,0.0,0.0,0.0,-0.6000000000000001,0.0,0.0,0.0,0.0001,16.0,25903.0
2026-07-30T18:59:25.384Z,134.867,134.88,0.0,7.4,0.0,0.0,0.0,0.0,0.0,0.0,0.0,0.0,1.0,0.0,0.0,0.0,9.0,4.0,0.0,0.0,0.0,0.0,0.0,0.0,0.0,0.0,5.0,12.0,1.0,12.17,5.01,2.51,1.49,0.0,0.0,0.0,0.5,0.0,-0.3,0.6000000000000001,1.0,-169.70000000000002,0.0,0.0,169.8,0.0,21.3,30.700000000000003,30.700000000000003,31.3,300.0,300.0,30.9,34.9,30.200000000000003,29.6,31.4,4.96,1.99,4.97,0.16,0.0,0.0,1027.0,8228.0,0.0,0.0,0.0,0.0,0.0,1.0,0.0,0.0,0.0,0.0,0.0,1.5,0.0,-0.7000000000000001,0.0,0.0,16.0,25903.0
2026-07-30T18:59:25.396Z,134.879,134.892,0.0,7.4,0.0,0.0,0.0,0.0,0.0,0.0,0.0,0.0,1.0,0.0,0.0,0.0,9.0,4.0,0.0,0.0,0.0,0.0,0.0,0.0,0.0,0.0,6.0,12.0,1.0,12.17,5.01,2.51,1.49,0.0,0.1,0.0,0.5,0.0,-0.3,-0.5,1.0,-169.70000000000002,0.0,0.0,169.8,0.0,21.3,30.700000000000003,30.700000000000003,31.3,300.0,300.0,30.9,34.9,30.200000000000003,29.6,31.4,4.95,1.99,4.96,0.16,0.0,0.0,1027.0,8228.0,0.0,0.0,0.0,0.0,0.0,1.0,0.0,0.0,0.0,0.0,0.0,0.2,0.0,-1.0,0.0,0.0001,16.0,25903.0
2026-07-30T18:59:25.407Z,134.89,134.904,0.0,7.4,0.0,0.0,0.0,0.0,0.0,0.0,0.0,0.0,1.0,0.0,0.0,0.0,9.0,4.0,0.0,0.0,0.0,0.0,0.0,0.0,0.0,0.0,1.0,12.0,1.0,12.17,5.01,2.51,1.49,0.0,0.0,0.0,0.4,0.0,0.2,-1.6,-0.6000000000000001,-169.70000000000002,0.0,0.0,169.8,0.0,21.3,30.700000000000003,30.700000000000003,31.3,300.0,300.0,30.9,34.9,30.200000000000003,29.6,31.4,4.95,1.99,4.97,0.16,0.0,0.0,1027.0,8228.0,0.0,0.0,0.0,0.0,0.0,1.0,0.0,0.0,0.0,0.0,0.0,-2.3000000000000003,0.0,0.2,0.0,0.0,16.0,25903.0
2026-07-30T18:59:25.420Z,134.903,134.916,0.0,7.4,0.0,0.0,0.0,0.0,0.0,0.0,0.0,0.0,1.0,0.0,0.0,0.0,9.0,4.0,0.0,0.0,0.0,0.0,0.0,0.0,0.0,0.0,2.0,12.0,1.0,12.17,5.01,2.51,1.49,0.0,0.0,0.0,0.4,0.0,0.3,0.6000000000000001,0.5,-169.70000000000002,0.0,0.0,169.8,0.0,21.3,30.700000000000003,30.700000000000003,31.3,300.0,300.0,30.9,34.9,30.200000000000003,29.6,31.4,4.95,1.99,4.97,0.16,0.0,0.0,1027.0,8228.0,0.0,0.0,0.0,0.0,0.0,1.0,0.0,0.0,0.0,0.0,0.0,1.1,0.0,-0.3,0.0,0.0,16.0,25903.0
2026-07-30T18:59:25.432Z,134.915,134.928,0.0,7.4,0.0,0.0,0.0,0.0,0.0,0.0,0.0,0.0,1.0,0.0,0.0,0.0,9.0,4.0,0.0,0.0,0.0,0.0,0.0,0.0,0.0,0.0,3.0,12.0,1.0,12.17,5.01,2.51,1.49,0.0,0.0,0.0,0.5,0.0,-0.8,0.1,0.0,-169.70000000000002,0.0,0.0,169.70000000000002,0.0,21.3,30.700000000000003,30.700000000000003,31.3,300.0,300.0,30.9,34.9,30.200000000000003,29.6,31.4,4.95,2.0,4.97,0.16,0.0,0.0,1027.0,8228.0,0.0,0.0,0.0,0.0,0.0,1.0,0.0,0.0,0.0,0.0,0.0,0.0,0.0,0.1,0.0,0.0,16.0,25903.0
2026-07-30T18:59:25.444Z,134.927,134.94,0.0,7.4,0.0,0.0,0.0,0.0,0.0,0.0,0.0,0.0,1.0,0.0,0.0,0.0,9.0,4.0,0.0,0.0,0.0,0.0,0.0,0.0,0.0,0.0,4.0,12.0,1.0,12.17,5.01,2.51,1.49,0.0,0.0,0.0,0.4,0.0,-0.3,0.6000000000000001,-0.7000000000000001,-169.70000000000002,0.0,0.0,169.8,0.0,21.3,30.700000000000003,30.700000000000003,31.3,300.0,300.0,30.9,34.9,30.200000000000003,29.6,31.4,4.95,2.0,4.96,0.16,0.0,0.0,1027.0,8228.0,0.0,0.0,0.0,0.0,0.0,1.0,0.0,0.0,0.0,0.0,0.0,0.2,0.0,0.7000000000000001,0.0,0.0001,16.0,25903.0
2026-07-30T18:59:25.456Z,134.939,134.952,0.0,7.4,0.0,0.0,0.0,0.0,0.0,0.0,0.0,0.0,1.0,0.0,0.0,0.0,9.0,4.0,0.0,0.0,0.0,0.0,0.0,0.0,0.0,0.0,5.0,12.0,1.0,12.15,5.0200000000000005,2.51,1.49,0.0,0.0,0.0,0.5,0.0,-0.3,0.6000000000000001,-0.1,-169.70000000000002,0.0,0.0,169.8,0.0,21.200000000000003,30.700000000000003,30.700000000000003,31.3,300.0,300.0,31.0,34.9,30.200000000000003,29.700000000000003,31.4,4.95,1.99,4.97,0.16,0.0,0.0,1027.0,8228.0,0.0,0.0,0.0,0.0,0.0,1.0,0.0,0.0,0.0,0.0,0.0,0.6000000000000001,0.0,0.2,0.0,0.0001,16.0,25903.0
2026-07-30T18:59:25.468Z,134.951,134.964,0.0,7.4,0.0,0.0,0.0,0.0,0.0,0.0,0.0,0.0,1.0,0.0,0.0,0.0,9.0,4.0,0.0,0.0,0.0,0.0,0.0,0.0,0.0,0.0,6.0,12.0,1.0,12.15,5.0200000000000005,2.51,1.49,0.0,0.0,0.0,0.5,0.0,0.2,0.1,0.4,-169.70000000000002,0.0,0.0,169.8,0.0,21.200000000000003,30.700000000000003,30.700000000000003,31.3,300.0,300.0,31.0,34.9,30.200000000000003,29.700000000000003,31.4,4.95,1.99,4.96,0.16,0.0,0.0,1027.0,8228.0,0.0,0.0,0.0,0.0,0.0,1.0,0.0,0.0,0.0,0.0,0.0,1.1,0.0,-0.2,0.0,0.0001,16.0,25903.0
2026-07-30T18:59:25.480Z,134.963,134.976,0.0,7.4,0.0,0.0,0.0,0.0,0.0,0.0,0.0,0.0,1.0,0.0,0.0,0.0,9.0,4.0,0.0,0.0,0.0,0.0,0.0,0.0,0.0,0.0,1.0,12.0,1.0,12.15,5.0200000000000005,2.51,1.49,0.0,0.0,0.0,0.4,0.0,-0.3,0.1,-0.6000000000000001,-169.70000000000002,0.0,0.0,169.8,0.0,21.200000000000003,30.700000000000003,30.700000000000003,31.3,300.0,300.0,31.0,34.9,30.200000000000003,29.700000000000003,31.4,4.96,1.99,4.96,0.16,0.0,0.0,1027.0,8228.0,0.0,0.0,0.0,0.0,0.0,1.0,0.0,0.0,0.0,0.0,0.0,0.2,0.0,0.7000000000000001,0.0,0.0,16.0,25903.0
2026-07-30T18:59:25.492Z,134.975,134.988,0.0,7.4,0.0,0.0,0.0,0.0,0.0,0.0,0.0,0.0,1.0,0.0,0.0,0.0,9.0,4.0,0.0,0.0,0.0,0.0,0.0,0.0,0.0,0.0,2.0,12.0,1.0,12.15,5.0200000000000005,2.51,1.49,0.0,0.0,0.0,0.5,0.0,-0.2,-0.4,0.4,-169.70000000000002,0.0,0.0,169.8,0.0,21.200000000000003,30.700000000000003,30.700000000000003,31.3,300.0,300.0,31.0,34.9,30.200000000000003,29.700000000000003,31.4,4.95,1.99,4.97,0.16,0.0,0.0,1027.0,8228.0,0.0,0.0,0.0,0.0,0.0,1.0,0.0,0.0,0.0,0.0,0.0,0.0,0.0,0.1,0.0,0.0,16.0,25903.0
2026-07-30T18:59:25.504Z,134.987,135.0,0.0,7.4,0.0,0.0,0.0,0.0,0.0,0.0,0.0,0.0,1.0,0.0,0.0,0.0,9.0,4.0,0.0,0.0,0.0,0.0,0.0,0.0,0.0,0.0,4.0,12.0,1.0,12.15,5.0200000000000005,2.51,1.49,0.0,0.0,0.0,0.5,0.0,-0.2,-1.0,-0.1,-169.70000000000002,0.0,0.0,169.8,0.0,21.200000000000003,30.700000000000003,30.700000000000003,31.3,300.0,300.0,31.0,34.9,30.200000000000003,29.700000000000003,31.4,4.96,1.99,4.96,0.16,0.0,0.0,1027.0,8228.0,0.0,0.0,0.0,0.0,0.0,1.0,0.0,0.0,0.0,0.0,0.0,-0.8,0.0,-0.6000000000000001,0.0,0.0,16.0,25903.0
2026-07-30T18:59:25.516Z,134.999,135.012,0.0,7.4,0.0,0.0,0.0,0.0,0.0,0.0,0.0,0.0,1.0,0.0,0.0,0.0,9.0,4.0,0.0,0.0,0.0,0.0,0.0,0.0,0.0,0.0,5.0,12.0,1.0,12.15,5.0200000000000005,2.51,1.49,0.0,0.1,0.0,0.5,0.0,0.2,0.7000000000000001,0.4,-169.70000000000002,0.0,0.0,169.8,0.0,21.200000000000003,30.700000000000003,30.700000000000003,31.3,300.0,300.0,31.0,34.9,30.200000000000003,29.700000000000003,31.4,4.96,2.0,4.96,0.16,0.0,0.0,1027.0,8228.0,0.0,0.0,0.0,0.0,0.0,1.0,0.0,0.0,0.0,0.0,0.0,1.1,0.0,-0.2,0.0,0.0,16.0,25903.0
2026-07-30T18:59:25.528Z,135.011,135.024,0.0,7.4,0.0,0.0,0.0,0.0,0.0,0.0,0.0,0.0,1.0,0.0,0.0,0.0,9.0,4.0,0.0,0.0,0.0,0.0,0.0,0.0,0.0,0.0,6.0,12.0,1.0,12.15,5.0200000000000005,2.51,1.49,0.0,0.1,0.0,0.5,0.0,-0.3,1.3,1.0,-169.70000000000002,0.0,0.0,169.8,0.0,21.200000000000003,30.700000000000003,30.700000000000003,31.3,300.0,300.0,31.0,34.9,30.200000000000003,29.700000000000003,31.4,4.95,1.99,4.96,0.16,0.0,0.0,1027.0,8228.0,0.0,0.0,0.0,0.0,0.0,1.0,0.0,0.0,0.0,0.0,0.0,2.3000000000000003,0.0,-0.6000000000000001,0.0,0.0,16.0,25903.0
2026-07-30T18:59:25.539Z,135.022,135.036,0.0,7.4,0.0,0.0,0.0,0.0,0.0,0.0,0.0,0.0,1.0,0.0,0.0,0.0,9.0,4.0,0.0,0.0,0.0,0.0,0.0,0.0,0.0,0.0,1.0,12.0,1.0,12.15,5.0200000000000005,2.51,1.49,0.0,0.1,0.0,0.5,0.0,0.2,-0.4,-1.8,-169.70000000000002,0.0,0.0,169.8,0.0,21.200000000000003,30.700000000000003,30.700000000000003,31.3,300.0,300.0,31.0,34.9,30.200000000000003,29.700000000000003,31.4,4.95,1.99,4.97,0.16,0.0,0.0,1027.0,8228.0,0.0,0.0,0.0,0.0,0.0,1.0,0.0,0.0,0.0,0.0,0.0,-1.8,0.0,1.5,0.0,0.0,16.0,25903.0
2026-07-30T18:59:25.553Z,135.036,135.048,0.0,7.4,0.0,0.0,0.0,0.0,0.0,0.0,0.0,0.0,1.0,0.0,0.0,0.0,9.0,4.0,0.0,0.0,0.0,0.0,0.0,0.0,0.0,0.0,2.0,12.0,1.0,12.17,5.01,2.51,1.49,0.0,0.0,0.0,0.4,0.0,0.8,0.1,1.0,-169.70000000000002,0.0,0.0,169.8,0.0,21.700000000000003,30.700000000000003,30.700000000000003,31.3,300.0,300.0,31.0,34.9,30.200000000000003,29.700000000000003,31.4,4.96,1.99,4.96,0.16,0.0,0.0,1027.0,8228.0,0.0,0.0,0.0,0.0,0.0,1.0,0.0,0.0,0.0,0.0,0.0,0.9,0.0,-0.9,0.0,0.0,16.0,25903.0
2026-07-30T18:59:25.564Z,135.047,135.06,0.0,7.4,0.0,0.0,0.0,0.0,0.0,0.0,0.0,0.0,1.0,0.0,0.0,0.0,9.0,4.0,0.0,0.0,0.0,0.0,0.0,0.0,0.0,0.0,3.0,12.0,1.0,12.17,5.01,2.51,1.49,0.0,0.0,0.0,0.5,0.0,0.2,-0.4,-0.1,-169.70000000000002,0.0,0.0,169.8,0.0,21.700000000000003,30.700000000000003,30.700000000000003,31.3,300.0,300.0,31.0,34.9,30.200000000000003,29.700000000000003,31.4,4.96,1.99,4.97,0.16,0.0,0.0,1027.0,8228.0,0.0,0.0,0.0,0.0,0.0,1.0,0.0,0.0,0.0,0.0,0.0,-0.5,0.0,0.0,0.0,0.0,16.0,25903.0
2026-07-30T18:59:25.576Z,135.059,135.072,0.0,7.4,0.0,0.0,0.0,0.0,0.0,0.0,0.0,0.0,1.0,0.0,0.0,0.0,9.0,4.0,0.0,0.0,0.0,0.0,0.0,0.0,0.0,0.0,4.0,12.0,1.0,12.17,5.01,2.51,1.49,0.0,0.0,0.0,0.4,0.0,-0.8,0.1,0.5,-169.70000000000002,0.0,0.0,169.70000000000002,0.0,21.700000000000003,30.700000000000003,30.700000000000003,31.3,300.0,300.0,31.0,34.9,30.200000000000003,29.700000000000003,31.4,4.95,1.99,4.97,0.16,0.0,0.0,1027.0,8228.0,0.0,0.0,0.0,0.0,0.0,1.0,0.0,0.0,0.0,0.0,0.0,0.5,0.0,-0.4,0.0,0.0001,16.0,25903.0
2026-07-30T18:59:25.588Z,135.071,135.084,0.0,7.4,0.0,0.0,0.0,0.0,0.0,0.0,0.0,0.0,1.0,0.0,0.0,0.0,9.0,4.0,0.0,0.0,0.0,0.0,0.0,0.0,0.0,0.0,5.0,12.0,1.0,12.17,5.01,2.51,1.49,0.0,0.0,0.0,0.4,0.0,0.3,-0.9,0.4,-169.70000000000002,0.0,0.0,169.70000000000002,0.0,21.700000000000003,30.700000000000003,30.700000000000003,31.3,300.0,300.0,31.0,34.9,30.200000000000003,29.700000000000003,31.4,4.96,1.99,4.96,0.16,0.0,0.0,1027.0,8228.0,0.0,0.0,0.0,0.0,0.0,1.0,0.0,0.0,0.0,0.0,0.0,-0.7000000000000001,0.0,-0.6000000000000001,0.0,0.0002,16.0,25903.0
2026-07-30T18:59:25.601Z,135.084,135.096,0.0,7.4,0.0,0.0,0.0,0.0,0.0,0.0,0.0,0.0,1.0,0.0,0.0,0.0,9.0,4.0,0.0,0.0,0.0,0.0,0.0,0.0,0.0,0.0,6.0,12.0,1.0,12.17,5.01,2.51,1.49,0.0,0.0,0.0,0.5,0.0,-0.2,-1.5,-1.8,-169.70000000000002,0.0,0.0,169.70000000000002,0.0,21.700000000000003,30.700000000000003,30.700000000000003,31.3,300.0,300.0,31.0,34.9,30.200000000000003,29.700000000000003,31.4,4.96,2.0,4.96,0.16,0.0,0.0,1027.0,8228.0,0.0,0.0,0.0,0.0,0.0,1.0,0.0,0.0,0.0,0.0,0.0,-3.1,0.0,1.3,0.0,0.0,16.0,25903.0
2026-07-30T18:59:25.615Z,135.098,135.108,0.0,7.4,0.0,0.0,0.0,0.0,0.0,0.0,0.0,0.0,1.0,0.0,0.0,0.0,9.0,4.0,0.0,0.0,0.0,0.0,0.0,0.0,0.0,0.0,6.0,12.0,1.0,12.17,5.01,2.51,1.49,0.0,0.0,0.0,0.5,0.0,-0.2,-0.4,-0.7000000000000001,-169.70000000000002,0.0,0.0,169.8,0.0,21.700000000000003,30.700000000000003,30.700000000000003,31.3,300.0,300.0,31.0,34.9,30.200000000000003,29.700000000000003,31.4,4.96,1.99,4.97,0.16,0.0,0.0,1027.0,8228.0,0.0,0.0,0.0,0.0,0.0,1.0,0.0,0.0,0.0,0.0,0.0,-0.9,0.0,0.5,0.0,0.0,16.0,25903.0
2026-07-30T18:59:25.624Z,135.107,135.12,0.0,7.4,0.0,0.0,0.0,0.0,0.0,0.0,0.0,0.0,1.0,0.0,0.0,0.0,9.0,4.0,0.0,0.0,0.0,0.0,0.0,0.0,0.0,0.0,4.0,12.0,1.0,12.17,5.01,2.51,1.49,0.0,0.0,0.0,0.5,0.0,-0.8,1.3,-0.1,-169.70000000000002,0.0,0.0,169.8,0.0,21.700000000000003,30.700000000000003,30.700000000000003,31.3,300.0,300.0,31.0,34.9,30.200000000000003,29.700000000000003,31.4,4.95,1.99,4.97,0.16,0.0,0.0,1027.0,8228.0,0.0,0.0,0.0,0.0,0.0,1.0,0.0,0.0,0.0,0.0,0.0,1.4,0.0,0.3,0.0,0.0001,16.0,25903.0
2026-07-30T18:59:25.636Z,135.119,135.132,0.0,7.4,0.0,0.0,0.0,0.0,0.0,0.0,0.0,0.0,1.0,0.0,0.0,0.0,9.0,4.0,0.0,0.0,0.0,0.0,0.0,0.0,0.0,0.0,5.0,12.0,1.0,12.17,5.01,2.51,1.49,0.0,0.0,0.0,0.4,0.0,0.3,0.7000000000000001,-0.7000000000000001,-169.70000000000002,0.0,0.0,169.70000000000002,0.0,21.700000000000003,30.700000000000003,30.700000000000003,31.3,300.0,300.0,31.0,34.9,30.200000000000003,29.700000000000003,31.4,4.96,1.99,4.96,0.16,0.0,0.0,1027.0,8228.0,0.0,0.0,0.0,0.0,0.0,1.0,0.0,0.0,0.0,0.0,0.0,0.3,0.0,0.7000000000000001,0.0,0.0,16.0,25903.0
2026-07-30T18:59:25.648Z,135.131,135.144,0.0,7.4,0.0,0.0,0.0,0.0,0.0,0.0,0.0,0.0,1.0,0.0,0.0,0.0,9.0,4.0,0.0,0.0,0.0,0.0,0.0,0.0,0.0,0.0,6.0,12.0,1.0,12.17,5.01,2.51,1.49,0.0,0.0,0.0,0.4,0.0,0.3,-0.4,1.0,-169.70000000000002,0.0,0.0,169.8,0.0,21.700000000000003,30.700000000000003,30.700000000000003,31.3,300.0,300.0,31.0,34.9,30.200000000000003,29.700000000000003,31.4,4.95,1.99,4.97,0.16,0.0,0.0,1027.0,8228.0,0.0,0.0,0.0,0.0,0.0,1.0,0.0,0.0,0.0,0.0,0.0,0.2,0.0,-1.0,0.0,0.0,16.0,25903.0
2026-07-30T18:59:25.660Z,135.143,135.156,0.0,7.4,0.0,0.0,0.0,0.0,0.0,0.0,0.0,0.0,1.0,0.0,0.0,0.0,9.0,4.0,0.0,0.0,0.0,0.0,0.0,0.0,0.0,0.0,2.0,12.0,1.0,12.17,5.0200000000000005,2.51,1.49,0.0,0.0,0.0,0.5,0.0,0.3,0.6000000000000001,-0.6000000000000001,-169.70000000000002,0.0,0.0,169.8,0.0,21.700000000000003,30.700000000000003,30.700000000000003,31.3,300.0,300.0,30.8,34.9,30.200000000000003,29.6,31.4,4.95,1.99,4.97,0.16,0.0,0.0,1027.0,8228.0,0.0,0.0,0.0,0.0,0.0,1.0,0.0,0.0,0.0,0.0,0.0,0.2,0.0,0.7000000000000001,0.0,0.0001,16.0,25903.0
2026-07-30T18:59:25.672Z,135.155,135.168,0.0,7.4,0.0,0.0,0.0,0.0,0.0,0.0,0.0,0.0,1.0,0.0,0.0,0.0,9.0,4.0,0.0,0.0,0.0,0.0,0.0,0.0,0.0,0.0,2.0,12.0,1.0,12.17,5.0200000000000005,2.51,1.49,0.0,0.0,0.0,0.4,0.0,0.3,1.2000000000000002,1.1,-169.70000000000002,0.0,0.0,169.8,0.0,21.700000000000003,30.700000000000003,30.700000000000003,31.3,300.0,300.0,30.8,34.9,30.200000000000003,29.6,31.4,4.96,2.0,4.97,0.16,0.0,0.0,1027.0,8228.0,0.0,0.0,0.0,0.0,0.0,1.0,0.0,0.0,0.0,0.0,0.0,2.2,0.0,-0.7000000000000001,0.0,0.0,16.0,25903.0
2026-07-30T18:59:25.684Z,135.167,135.18,0.0,7.4,0.0,0.0,0.0,0.0,0.0,0.0,0.0,0.0,1.0,0.0,0.0,0.0,9.0,4.0,0.0,0.0,0.0,0.0,0.0,0.0,0.0,0.0,3.0,12.0,1.0,12.17,5.0200000000000005,2.51,1.49,0.0,0.0,0.0,0.4,0.0,-0.2,-0.5,0.4,-169.70000000000002,0.0,0.0,169.8,0.0,21.700000000000003,30.700000000000003,30.700000000000003,31.3,300.0,300.0,30.8,34.9,30.200000000000003,29.6,31.4,4.96,2.0,4.97,0.16,0.0,0.0,1027.0,8228.0,0.0,0.0,0.0,0.0,0.0,1.0,0.0,0.0,0.0,0.0,0.0,-0.2,0.0,-0.4,0.0,0.0,16.0,25903.0
2026-07-30T18:59:25.696Z,135.179,135.192,0.0,7.4,0.0,0.0,0.0,0.0,0.0,0.0,0.0,0.0,1.0,0.0,0.0,0.0,9.0,4.0,0.0,0.0,0.0,0.0,0.0,0.0,0.0,0.0,4.0,12.0,1.0,12.17,5.0200000000000005,2.51,1.49,0.0,0.0,0.0,0.4,0.0,-0.2,-0.5,1.0,-169.70000000000002,0.0,0.0,169.8,0.0,21.700000000000003,30.700000000000003,30.700000000000003,31.3,300.0,300.0,30.8,34.9,30.200000000000003,29.6,31.4,4.95,1.99,4.97,0.16,0.0,0.0,1027.0,8228.0,0.0,0.0,0.0,0.0,0.0,1.0,0.0,0.0,0.0,0.0,0.0,0.2,0.0,-1.0,0.0,0.0,16.0,25903.0
2026-07-30T18:59:25.708Z,135.191,135.204,0.0,7.4,0.0,0.0,0.0,0.0,0.0,0.0,0.0,0.0,1.0,0.0,0.0,0.0,9.0,4.0,0.0,0.0,0.0,0.0,0.0,0.0,0.0,0.0,5.0,12.0,1.0,12.17,5.0200000000000005,2.51,1.49,0.0,0.0,0.0,0.5,0.0,-0.2,-0.5,-0.1,-169.70000000000002,0.0,0.0,169.8,0.0,21.700000000000003,30.700000000000003,30.700000000000003,31.3,300.0,300.0,30.8,34.9,30.200000000000003,29.6,31.4,4.95,1.99,4.97,0.16,0.0,0.0,1027.0,8228.0,0.0,0.0,0.0,0.0,0.0,1.0,0.0,0.0,0.0,0.0,0.0,-0.6000000000000001,0.0,0.0,0.0,0.0,16.0,25903.0
2026-07-30T18:59:25.720Z,135.203,135.216,0.0,7.4,0.0,0.0,0.0,0.0,0.0,0.0,0.0,0.0,1.0,0.0,0.0,0.0,9.0,4.0,0.0,0.0,0.0,0.0,0.0,0.0,0.0,0.0,1.0,12.0,1.0,12.17,5.0200000000000005,2.51,1.49,0.0,0.0,0.0,0.4,0.0,-0.2,0.0,-0.6000000000000001,-169.70000000000002,0.0,0.0,169.8,0.0,21.700000000000003,30.700000000000003,30.700000000000003,31.3,300.0,300.0,30.8,34.9,30.200000000000003,29.6,31.4,4.96,1.99,4.97,0.16,0.0,0.0,1027.0,8228.0,0.0,0.0,0.0,0.0,0.0,1.0,0.0,0.0,0.0,0.0,0.0,-0.4,0.0,0.6000000000000001,0.0,0.0001,16.0,25903.0
2026-07-30T18:59:25.732Z,135.215,135.228,0.0,7.4,0.0,0.0,0.0,0.0,0.0,0.0,0.0,0.0,1.0,0.0,0.0,0.0,9.0,4.0,0.0,0.0,0.0,0.0,0.0,0.0,0.0,0.0,1.0,12.0,1.0,12.17,5.0200000000000005,2.51,1.49,0.0,0.0,0.0,0.5,0.0,0.2,0.0,0.4,-169.70000000000002,0.0,0.0,169.8,0.0,21.700000000000003,30.700000000000003,30.700000000000003,31.3,300.0,300.0,30.8,34.9,30.200000000000003,29.6,31.4,4.95,1.99,4.97,0.16,0.0,0.0,1027.0,8228.0,0.0,0.0,0.0,0.0,0.0,1.0,0.0,0.0,0.0,0.0,0.0,0.3,0.0,-0.3,0.0,0.0,16.0,25903.0
2026-07-30T18:59:25.744Z,135.227,135.24,0.0,7.4,0.0,0.0,0.0,0.0,0.0,0.0,0.0,0.0,1.0,0.0,0.0,0.0,9.0,4.0,0.0,0.0,0.0,0.0,0.0,0.0,0.0,0.0,3.0,12.0,1.0,12.17,5.0200000000000005,2.51,1.49,0.0,0.1,0.0,0.4,0.0,-0.2,0.0,0.4,-169.70000000000002,0.0,0.0,169.8,0.0,21.700000000000003,30.700000000000003,30.700000000000003,31.3,300.0,300.0,30.8,34.9,30.200000000000003,29.6,31.4,4.96,1.99,4.96,0.16,0.0,0.0,1027.0,8228.0,0.0,0.0,0.0,0.0,0.0,1.0,0.0,0.0,0.0,0.0,0.0,0.3,0.0,-0.4,0.0,0.0,16.0,25903.0
2026-07-30T18:59:25.757Z,135.24,135.252,0.0,7.4,0.0,0.0,0.0,0.0,0.0,0.0,0.0,0.0,1.0,0.0,0.0,0.0,9.0,4.0,0.0,0.0,0.0,0.0,0.0,0.0,0.0,0.0,4.0,12.0,1.0,12.15,5.01,2.51,1.49,0.0,0.0,0.0,0.4,0.0,-0.2,0.0,-0.6000000000000001,-169.70000000000002,0.0,0.0,169.60000000000002,0.0,21.8,30.700000000000003,30.700000000000003,31.3,300.0,300.0,30.9,34.9,30.200000000000003,29.6,31.4,4.96,2.0,4.96,0.16,0.0,0.0,1027.0,8228.0,0.0,0.0,0.0,0.0,0.0,1.0,0.0,0.0,0.0,0.0,0.0,-0.4,0.0,0.6000000000000001,0.0,0.0,16.0,25903.0
2026-07-30T18:59:25.768Z,135.251,135.264,0.0,7.4,0.0,0.0,0.0,0.0,0.0,0.0,0.0,0.0,1.0,0.0,0.0,0.0,9.0,4.0,0.0,0.0,0.0,0.0,0.0,0.0,0.0,0.0,5.0,12.0,1.0,12.15,5.01,2.51,1.49,0.0,0.0,0.0,0.5,0.0,-0.2,0.0,0.4,-169.70000000000002,0.0,0.0,169.8,0.0,21.8,30.700000000000003,30.700000000000003,31.3,300.0,300.0,30.9,34.9,30.200000000000003,29.6,31.4,4.95,1.99,4.96,0.16,0.0,0.0,1027.0,8228.0,0.0,0.0,0.0,0.0,0.0,1.0,0.0,0.0,0.0,0.0,0.0,0.3,0.0,-0.3,0.0,0.0003,16.0,25903.0
2026-07-30T18:59:25.780Z,135.263,135.276,0.0,7.4,0.0,0.0,0.0,0.0,0.0,0.0,0.0,0.0,1.0,0.0,0.0,0.0,9.0,4.0,0.0,0.0,0.0,0.0,0.0,0.0,0.0,0.0,6.0,12.0,1.0,12.15,5.01,2.51,1.49,0.0,0.0,0.0,0.4,0.0,-0.3,-0.6000000000000001,-0.7000000000000001,-169.70000000000002,0.0,0.0,169.8,0.0,21.8,30.700000000000003,30.700000000000003,31.3,300.0,300.0,30.9,34.9,30.200000000000003,29.6,31.4,4.95,1.99,4.97,0.16,0.0,0.0,1027.0,8228.0,0.0,0.0,0.0,0.0,0.0,1.0,0.0,0.0,0.0,0.0,0.0,-1.2000000000000002,0.0,0.5,0.0,0.0001,16.0,25903.0
2026-07-30T18:59:25.792Z,135.275,135.288,0.0,7.4,0.0,0.0,0.0,0.0,0.0,0.0,0.0,0.0,1.0,0.0,0.0,0.0,9.0,4.0,0.0,0.0,0.0,0.0,0.0,0.0,0.0,0.0,6.0,12.0,1.0,12.15,5.01,2.51,1.49,0.0,0.0,0.0,0.5,0.0,1.5,0.0,1.5,-169.70000000000002,0.0,0.0,169.8,0.0,21.8,30.700000000000003,30.700000000000003,31.3,300.0,300.0,30.9,34.9,30.200000000000003,29.6,31.4,4.96,2.0,4.96,0.16,0.0,0.0,1027.0,8228.0,0.0,0.0,0.0,0.0,0.0,1.0,0.0,0.0,0.0,0.0,0.0,1.1,0.0,-1.3,0.0,0.0,16.0,25903.0
2026-07-30T18:59:25.804Z,135.287,135.3,0.0,7.4,0.0,0.0,0.0,0.0,0.0,0.0,0.0,0.0,1.0,0.0,0.0,0.0,9.0,4.0,0.0,0.0,0.0,0.0,0.0,0.0,0.0,0.0,2.0,12.0,1.0,12.15,5.01,2.51,1.49,0.0,0.0,0.0,0.4,0.0,-0.2,0.0,-0.1,-169.70000000000002,0.0,0.0,169.8,0.0,21.8,30.700000000000003,30.700000000000003,31.3,300.0,300.0,30.9,34.9,30.200000000000003,29.6,31.4,4.96,1.99,4.97,0.16,0.0,0.0,1027.0,8228.0,0.0,0.0,0.0,0.0,0.0,1.0,0.0,0.0,0.0,0.0,0.0,-0.1,0.0,0.1,0.0,0.0,16.0,25903.0
2026-07-30T18:59:25.816Z,135.299,135.312,0.0,7.4,0.0,0.0,0.0,0.0,0.0,0.0,0.0,0.0,1.0,0.0,0.0,0.0,9.0,4.0,0.0,0.0,0.0,0.0,0.0,0.0,0.0,0.0,3.0,12.0,1.0,12.15,5.01,2.51,1.49,0.0,0.0,0.0,0.4,0.0,-0.2,0.0,-1.9,-169.70000000000002,0.0,0.0,169.8,0.0,21.8,30.700000000000003,30.700000000000003,31.3,300.0,300.0,30.9,34.9,30.200000000000003,29.6,31.4,4.95,1.99,4.97,0.16,0.0,0.0,1027.0,8228.0,0.0,0.0,0.0,0.0,0.0,1.0,0.0,0.0,0.0,0.0,0.0,-1.4,0.0,1.7000000000000002,0.0,0.0,16.0,25903.0
2026-07-30T18:59:25.828Z,135.311,135.324,0.0,7.4,0.0,0.0,0.0,0.0,0.0,0.0,0.0,0.0,1.0,0.0,0.0,0.0,9.0,4.0,0.0,0.0,0.0,0.0,0.0,0.0,0.0,0.0,4.0,12.0,1.0,12.15,5.01,2.51,1.49,0.0,0.0,0.0,0.5,0.0,-1.4,-0.4,0.3,-169.70000000000002,0.0,0.0,169.8,0.0,21.8,30.700000000000003,30.700000000000003,31.3,300.0,300.0,30.9,34.9,30.200000000000003,29.6,31.4,4.96,1.99,4.96,0.16,0.0,0.0,1027.0,8228.0,0.0,0.0,0.0,0.0,0.0,1.0,0.0,0.0,0.0,0.0,0.0,-0.3,0.0,-0.3,0.0,0.0,16.0,25903.0
2026-07-30T18:59:25.840Z,135.323,135.336,0.0,7.4,0.0,0.0,0.0,0.0,0.0,0.0,0.0,0.0,1.0,0.0,0.0,0.0,9.0,4.0,0.0,0.0,0.0,0.0,0.0,0.0,0.0,0.0,6.0,12.0,1.0,12.15,5.01,2.51,1.49,0.0,0.0,0.0,0.4,0.0,-0.2,-1.0,-2.5,-169.70000000000002,0.0,0.0,169.8,0.0,21.8,30.700000000000003,30.700000000000003,31.3,300.0,300.0,30.9,34.9,30.200000000000003,29.6,31.4,4.95,2.0,4.96,0.16,0.0,0.0,1027.0,8228.0,0.0,0.0,0.0,0.0,0.0,1.0,0.0,0.0,0.0,0.0,0.0,-3.1,0.0,2.0,0.0,0.0,16.0,25903.0
2026-07-30T18:59:25.852Z,135.335,135.348,0.0,7.4,0.0,0.0,0.0,0.0,0.0,0.0,0.0,0.0,1.0,0.0,0.0,0.0,9.0,4.0,0.0,0.0,0.0,0.0,0.0,0.0,0.0,0.0,1.0,12.0,1.0,12.15,5.01,2.51,1.49,0.0,0.0,0.0,0.4,0.0,-0.2,-0.4,-0.1,-169.70000000000002,0.0,0.0,169.8,0.0,21.8,30.700000000000003,30.700000000000003,31.3,300.0,300.0,30.9,34.9,30.200000000000003,29.6,31.4,4.95,1.99,4.97,0.16,0.0,0.0,1027.0,8228.0,0.0,0.0,0.0,0.0,0.0,1.0,0.0,0.0,0.0,0.0,0.0,-0.6000000000000001,0.0,0.0,0.0,0.0,16.0,25903.0
2026-07-30T18:59:25.864Z,135.347,135.36,0.0,7.4,0.0,0.0,0.0,0.0,0.0,0.0,0.0,0.0,1.0,0.0,0.0,0.0,9.0,4.0,0.0,0.0,0.0,0.0,0.0,0.0,0.0,0.0,3.0,12.0,1.0,12.14,5.0200000000000005,2.51,1.49,0.0,0.0,0.0,0.5,0.0,-0.1,-0.4,-0.1,-169.70000000000002,0.0,0.0,169.8,0.0,21.3,30.700000000000003,30.700000000000003,31.3,300.0,300.0,30.8,34.9,30.200000000000003,29.6,31.4,4.95,1.99,4.97,0.16,0.0,0.0,1027.0,8228.0,0.0,0.0,0.0,0.0,0.0,1.0,0.0,0.0,0.0,0.0,0.0,-0.5,0.0,0.0,0.0,0.0001,16.0,25903.0
2026-07-30T18:59:25.876Z,135.359,135.372,0.0,7.4,0.0,0.0,0.0,0.0,0.0,0.0,0.0,0.0,1.0,0.0,0.0,0.0,9.0,4.0,0.0,0.0,0.0,0.0,0.0,0.0,0.0,0.0,4.0,12.0,1.0,12.14,5.0200000000000005,2.51,1.49,0.0,0.0,0.0,0.4,0.0,-0.7000000000000001,-0.4,-0.7000000000000001,-169.70000000000002,0.0,0.0,169.8,0.0,21.3,30.700000000000003,30.700000000000003,31.3,300.0,300.0,30.8,34.9,30.200000000000003,29.6,31.4,4.96,1.99,4.96,0.16,0.0,0.0,1027.0,8228.0,0.0,0.0,0.0,0.0,0.0,1.0,0.0,0.0,0.0,0.0,0.0,-1.0,0.0,0.6000000000000001,0.0,0.0,16.0,25903.0
2026-07-30T18:59:25.888Z,135.371,135.384,0.0,7.4,0.0,0.0,0.0,0.0,0.0,0.0,0.0,0.0,1.0,0.0,0.0,0.0,9.0,4.0,0.0,0.0,0.0,0.0,0.0,0.0,0.0,0.0,5.0,12.0,1.0,12.14,5.0200000000000005,2.51,1.49,0.0,0.1,0.0,0.4,0.0,-0.1,0.1,1.0,-169.70000000000002,0.0,0.0,169.70000000000002,0.0,21.3,30.700000000000003,30.700000000000003,31.3,300.0,300.0,30.8,34.9,30.200000000000003,29.6,31.4,4.95,1.99,4.97,0.16,0.0,0.0,1027.0,8228.0,0.0,0.0,0.0,0.0,0.0,1.0,0.0,0.0,0.0,0.0,0.0,0.9,0.0,-0.8,0.0,0.0,16.0,25903.0
2026-07-30T18:59:25.900Z,135.383,135.39600000000002,0.0,7.4,0.0,0.0,0.0,0.0,0.0,0.0,0.0,0.0,1.0,0.0,0.0,0.0,9.0,4.0,0.0,0.0,0.0,0.0,0.0,0.0,0.0,0.0,6.0,12.0,1.0,12.14,5.0200000000000005,2.51,1.49,0.0,0.0,0.0,0.5,0.0,-0.8,0.6000000000000001,-0.1,-169.70000000000002,0.0,0.0,169.8,0.0,21.3,30.700000000000003,30.700000000000003,31.3,300.0,300.0,30.8,34.9,30.200000000000003,29.6,31.4,4.95,1.99,4.96,0.16,0.0,0.0,1027.0,8228.0,0.0,0.0,0.0,0.0,0.0,1.0,0.0,0.0,0.0,0.0,0.0,0.6000000000000001,0.0,0.3,0.0,0.0001,16.0,25903.0
2026-07-30T18:59:25.912Z,135.395,135.40800000000002,0.0,7.4,0.0,0.0,0.0,0.0,0.0,0.0,0.0,0.0,1.0,0.0,0.0,0.0,9.0,4.0,0.0,0.0,0.0,0.0,0.0,0.0,0.0,0.0,1.0,12.0,1.0,12.14,5.0200000000000005,2.51,1.49,0.0,0.0,0.0,0.4,0.0,0.8,0.1,-0.2,-169.70000000000002,0.0,0.0,169.8,0.0,21.3,30.700000000000003,30.700000000000003,31.3,300.0,300.0,30.8,34.9,30.200000000000003,29.6,31.4,4.96,2.0,4.96,0.16,0.0,0.0,1027.0,8228.0,0.0,0.0,0.0,0.0,0.0,1.0,0.0,0.0,0.0,0.0,0.0,0.0,0.0,0.2,0.0,0.0001,16.0,25903.0
2026-07-30T18:59:25.926Z,135.409,135.42000000000002,0.0,7.4,0.0,0.0,0.0,0.0,0.0,0.0,0.0,0.0,1.0,0.0,0.0,0.0,9.0,4.0,0.0,0.0,0.0,0.0,0.0,0.0,0.0,0.0,2.0,12.0,1.0,12.14,5.0200000000000005,2.51,1.49,0.0,0.0,0.0,0.4,0.0,-0.2,0.7000000000000001,0.3,-169.70000000000002,0.0,0.0,169.8,0.0,21.3,30.700000000000003,30.700000000000003,31.3,300.0,300.0,30.8,34.9,30.200000000000003,29.6,31.4,4.95,2.0,4.96,0.16,0.0,0.0,1027.0,8228.0,0.0,0.0,0.0,0.0,0.0,1.0,0.0,0.0,0.0,0.0,0.0,1.1,0.0,-0.2,0.0,0.0,16.0,25903.0
2026-07-30T18:59:25.936Z,135.419,135.43200000000002,0.0,7.4,0.0,0.0,0.0,0.0,0.0,0.0,0.0,0.0,1.0,0.0,0.0,0.0,9.0,4.0,0.0,0.0,0.0,0.0,0.0,0.0,0.0,0.0,6.0,12.0,1.0,12.14,5.0200000000000005,2.51,1.49,0.0,0.0,0.0,0.5,0.0,0.2,0.1,0.9,-169.8,0.0,0.0,169.8,0.0,21.3,30.700000000000003,30.700000000000003,31.3,300.0,300.0,30.8,34.9,30.200000000000003,29.6,31.4,4.95,1.99,4.97,0.16,0.0,0.0,1027.0,8228.0,0.0,0.0,0.0,0.0,0.0,1.0,0.0,0.0,0.0,0.0,0.0,0.9,0.0,-0.8,0.0,0.0001,16.0,25903.0
2026-07-30T18:59:25.947Z,135.43,135.44400000000002,0.0,7.4,0.0,0.0,0.0,0.0,0.0,0.0,0.0,0.0,1.0,0.0,0.0,0.0,9.0,4.0,0.0,0.0,0.0,0.0,0.0,0.0,0.0,0.0,6.0,12.0,1.0,12.14,5.0200000000000005,2.51,1.49,0.0,0.0,0.0,0.4,0.0,-0.3,-0.4,-0.2,-169.8,0.0,0.0,169.70000000000002,0.0,21.3,30.700000000000003,30.700000000000003,31.3,300.0,300.0,30.8,34.9,30.200000000000003,29.6,31.4,4.95,1.99,4.96,0.16,0.0,0.0,1027.0,8228.0,0.0,0.0,0.0,0.0,0.0,1.0,0.0,0.0,0.0,0.0,0.0,-0.6000000000000001,0.0,0.0,0.0,0.0,16.0,25903.0
2026-07-30T18:59:25.960Z,135.443,135.456,0.0,7.4,0.0,0.0,0.0,0.0,0.0,0.0,0.0,0.0,1.0,0.0,0.0,0.0,9.0,4.0,0.0,0.0,0.0,0.0,0.0,0.0,0.0,0.0,1.0,12.0,1.0,12.17,5.01,2.51,1.49,0.0,0.0,0.0,0.5,0.0,-0.3,-0.4,-0.2,-169.70000000000002,0.0,0.0,169.70000000000002,0.0,21.8,30.700000000000003,30.700000000000003,31.3,300.0,300.0,30.9,34.9,30.200000000000003,29.6,31.4,4.96,2.0,4.96,0.16,0.0,0.0,1027.0,8228.0,0.0,0.0,0.0,0.0,0.0,1.0,0.0,0.0,0.0,0.0,0.0,-0.6000000000000001,0.0,0.1,0.0,0.0002,16.0,25903.0
2026-07-30T18:59:25.972Z,135.455,135.468,0.0,7.4,0.0,0.0,0.0,0.0,0.0,0.0,0.0,0.0,1.0,0.0,0.0,0.0,9.0,4.0,0.0,0.0,0.0,0.0,0.0,0.0,0.0,0.0,2.0,12.0,1.0,12.17,5.01,2.51,1.49,0.0,0.0,0.0,0.5,0.0,-0.3,-0.9,-1.3,-169.70000000000002,0.0,0.0,169.8,0.0,21.8,30.700000000000003,30.700000000000003,31.3,300.0,300.0,30.9,34.9,30.200000000000003,29.6,31.4,4.95,2.0,4.97,0.16,0.0,0.0,1027.0,8228.0,0.0,0.0,0.0,0.0,0.0,1.0,0.0,0.0,0.0,0.0,0.0,-2.1,0.0,0.9,0.0,0.0002,16.0,25903.0
2026-07-30T18:59:25.984Z,135.467,135.48,0.0,7.4,0.0,0.0,0.0,0.0,0.0,0.0,0.0,0.0,1.0,0.0,0.0,0.0,9.0,4.0,0.0,0.0,0.0,0.0,0.0,0.0,0.0,0.0,3.0,12.0,1.0,12.17,5.01,2.51,1.49,0.0,0.0,0.0,0.4,0.0,-0.3,-0.9,0.4,-169.70000000000002,0.0,0.0,169.70000000000002,0.0,21.8,30.700000000000003,30.700000000000003,31.3,300.0,300.0,30.9,34.9,30.200000000000003,29.6,31.4,4.96,1.99,4.96,0.16,0.0,0.0,1027.0,8228.0,0.0,0.0,0.0,0.0,0.0,1.0,0.0,0.0,0.0,0.0,0.0,-0.1,0.0,-0.4,0.0,0.0001,16.0,25903.0
2026-07-30T18:59:25.996Z,135.479,135.492,0.0,7.4,0.0,0.0,0.0,0.0,0.0,0.0,0.0,0.0,1.0,0.0,0.0,0.0,9.0,4.0,0.0,0.0,0.0,0.0,0.0,0.0,0.0,0.0,4.0,12.0,1.0,12.17,5.01,2.51,1.49,0.0,0.0,0.0,0.5,0.0,0.2,0.1,0.3,-169.70000000000002,0.0,0.0,169.8,0.0,21.8,30.700000000000003,30.700000000000003,31.3,300.0,300.0,30.9,34.9,30.200000000000003,29.6,31.4,4.96,2.0,4.96,0.16,0.0,0.0,1027.0,8228.0,0.0,0.0,0.0,0.0,0.0,1.0,0.0,0.0,0.0,0.0,0.0,0.0,0.0,0.2,0.0,0.0,16.0,25903.0
2026-07-30T18:59:26.008Z,135.491,135.504,0.0,7.4,0.0,0.0,0.0,0.0,0.0,0.0,0.0,0.0,1.0,0.0,0.0,0.0,9.0,4.0,0.0,0.0,0.0,0.0,0.0,0.0,0.0,0.0,5.0,12.0,1.0,12.17,5.01,2.51,1.49,0.0,0.0,0.0,0.5,0.0,0.2,0.7000000000000001,0.9,-169.70000000000002,0.0,0.0,169.8,0.0,21.8,30.700000000000003,30.700000000000003,31.3,300.0,300.0,30.9,34.9,30.200000000000003,29.6,31.4,4.95,1.99,4.96,0.16,0.0,0.0,1027.0,8228.0,0.0,0.0,0.0,0.0,0.0,1.0,0.0,0.0,0.0,0.0,0.0,1.5,0.0,-0.6000000000000001,0.0,0.0001,16.0,25903.0
2026-07-30T18:59:26.020Z,135.503,135.516,0.0,7.4,0.0,0.0,0.0,0.0,0.0,0.0,0.0,0.0,1.0,0.0,0.0,0.0,9.0,4.0,0.0,0.0,0.0,0.0,0.0,0.0,0.0,0.0,6.0,12.0,1.0,12.17,5.01,2.51,1.49,0.0,0.0,0.0,0.4,0.0,0.2,0.7000000000000001,-0.2,-169.70000000000002,0.0,0.0,169.70000000000002,0.0,21.8,30.700000000000003,30.700000000000003,31.3,300.0,300.0,30.9,34.9,30.200000000000003,29.6,31.4,4.96,1.99,4.97,0.16,0.0,0.0,1027.0,8228.0,0.0,0.0,0.0,0.0,0.0,1.0,0.0,0.0,0.0,0.0,0.0,0.7000000000000001,0.0,0.3,0.0,0.0,16.0,25903.0
2026-07-30T18:59:26.032Z,135.515,135.528,0.0,7.4,0.0,0.0,0.0,0.0,0.0,0.0,0.0,0.0,1.0,0.0,0.0,0.0,9.0,4.0,0.0,0.0,0.0,0.0,0.0,0.0,0.0,0.0,1.0,12.0,1.0,12.17,5.01,2.51,1.49,0.0,0.0,0.0,0.5,0.0,0.8,-0.3,0.3,-169.70000000000002,0.0,0.0,169.70000000000002,0.0,21.8,30.700000000000003,30.700000000000003,31.3,300.0,300.0,30.9,34.9,30.200000000000003,29.6,31.4,4.96,1.99,4.96,0.16,0.0,0.0,1027.0,8228.0,0.0,0.0,0.0,0.0,0.0,1.0,0.0,0.0,0.0,0.0,0.0,-0.1,0.0,-0.3,0.0,0.0002,16.0,25903.0
2026-07-30T18:59:26.044Z,135.527,135.54,0.0,7.4,0.0,0.0,0.0,0.0,0.0,0.0,0.0,0.0,1.0,0.0,0.0,0.0,9.0,4.0,0.0,0.0,0.0,0.0,0.0,0.0,0.0,0.0,3.0,12.0,1.0,12.17,5.01,2.51,1.49,0.0,0.0,0.0,0.4,0.0,0.2,0.8,-0.1,-169.70000000000002,0.0,0.0,169.8,0.0,21.8,30.700000000000003,30.700000000000003,31.3,300.0,300.0,30.9,34.9,30.200000000000003,29.6,31.4,4.96,1.99,4.97,0.16,0.0,0.0,1027.0,8228.0,0.0,0.0,0.0,0.0,0.0,1.0,0.0,0.0,0.0,0.0,0.0,0.8,0.0,0.3,0.0,0.0001,16.0,25903.0
2026-07-30T18:59:26.056Z,135.539,135.552,0.0,7.4,0.0,0.0,0.0,0.0,0.0,0.0,0.0,0.0,1.0,0.0,0.0,0.0,9.0,4.0,0.0,0.0,0.0,0.0,0.0,0.0,0.0,0.0,4.0,12.0,1.0,12.17,5.01,2.51,1.49,0.0,0.0,0.0,0.4,0.0,-0.9,1.3,-0.1,-169.70000000000002,0.0,0.0,169.8,0.0,21.8,30.700000000000003,30.700000000000003,31.3,300.0,300.0,30.9,34.9,30.200000000000003,29.6,31.4,4.95,1.99,4.97,0.16,0.0,0.0,1027.0,8228.0,0.0,0.0,0.0,0.0,0.0,1.0,0.0,0.0,0.0,0.0,0.0,1.4,0.0,0.4,0.0,0.0001,16.0,25903.0
2026-07-30T18:59:26.068Z,135.551,135.564,0.0,7.4,0.0,0.0,0.0,0.0,0.0,0.0,0.0,0.0,1.0,0.0,0.0,0.0,9.0,4.0,0.0,0.0,0.0,0.0,0.0,0.0,0.0,0.0,5.0,12.0,1.0,12.18,5.0200000000000005,2.5,1.49,0.0,0.0,0.0,0.4,0.0,0.2,0.7000000000000001,0.4,-169.70000000000002,0.0,0.0,169.8,0.0,20.9,30.700000000000003,30.6,31.3,300.0,300.0,31.0,34.9,30.200000000000003,29.6,31.4,4.95,1.99,4.96,0.16,0.0,0.0,1027.0,8228.0,0.0,0.0,0.0,0.0,0.0,1.0,0.0,0.0,0.0,0.0,0.0,1.1,0.0,-0.2,0.0,0.0,16.0,25903.0
2026-07-30T18:59:26.079Z,135.562,135.576,0.0,7.4,0.0,0.0,0.0,0.0,0.0,0.0,0.0,0.0,1.0,0.0,0.0,0.0,9.0,4.0,0.0,0.0,0.0,0.0,0.0,0.0,0.0,0.0,6.0,12.0,1.0,12.18,5.0200000000000005,2.5,1.49,0.0,0.0,0.0,0.4,0.0,0.2,0.1,0.4,-169.70000000000002,0.0,0.0,169.70000000000002,0.0,20.9,30.700000000000003,30.6,31.3,300.0,300.0,31.0,34.9,30.200000000000003,29.6,31.4,4.96,2.0,4.96,0.16,0.0,0.0,1027.0,8228.0,0.0,0.0,0.0,0.0,0.0,1.0,0.0,0.0,0.0,0.0,0.0,0.4,0.0,-0.3,0.0,0.0001,16.0,25903.0
2026-07-30T18:59:26.092Z,135.575,135.588,0.0,7.4,0.0,0.0,0.0,0.0,0.0,0.0,0.0,0.0,1.0,0.0,0.0,0.0,9.0,4.0,0.0,0.0,0.0,0.0,0.0,0.0,0.0,0.0,1.0,12.0,1.0,12.18,5.0200000000000005,2.5,1.49,0.0,0.0,0.0,0.4,0.0,0.2,1.3,-0.1,-169.70000000000002,0.0,0.0,169.8,0.0,20.9,30.700000000000003,30.6,31.3,300.0,300.0,31.0,34.9,30.200000000000003,29.6,31.4,4.96,1.99,4.97,0.16,0.0,0.0,1027.0,8228.0,0.0,0.0,0.0,0.0,0.0,1.0,0.0,0.0,0.0,0.0,0.0,1.4,0.0,0.4,0.0,0.0,16.0,25903.0
2026-07-30T18:59:26.104Z,135.587,135.6,0.0,7.4,0.0,0.0,0.0,0.0,0.0,0.0,0.0,0.0,1.0,0.0,0.0,0.0,9.0,4.0,0.0,0.0,0.0,0.0,0.0,0.0,0.0,0.0,2.0,12.0,1.0,12.18,5.0200000000000005,2.5,1.49,0.0,0.0,0.0,0.4,0.0,0.2,0.7000000000000001,-0.6000000000000001,-169.70000000000002,0.0,0.0,169.8,0.0,20.9,30.700000000000003,30.6,31.3,300.0,300.0,31.0,34.9,30.200000000000003,29.6,31.4,4.95,1.99,4.97,0.16,0.0,0.0,1027.0,8228.0,0.0,0.0,0.0,0.0,0.0,1.0,0.0,0.0,0.0,0.0,0.0,0.3,0.0,0.7000000000000001,0.0,0.0001,16.0,25903.0
2026-07-30T18:59:26.116Z,135.599,135.612,0.0,7.4,0.0,0.0,0.0,0.0,0.0,0.0,0.0,0.0,1.0,0.0,0.0,0.0,9.0,4.0,0.0,0.0,0.0,0.0,0.0,0.0,0.0,0.0,3.0,12.0,1.0,12.18,5.0200000000000005,2.5,1.49,0.0,0.0,0.0,0.5,0.0,-0.3,0.1,-0.1,-169.70000000000002,0.0,0.0,169.70000000000002,0.0,20.9,30.700000000000003,30.6,31.3,300.0,300.0,31.0,34.9,30.200000000000003,29.6,31.4,4.95,1.99,4.96,0.16,0.0,0.0,1027.0,8228.0,0.0,0.0,0.0,0.0,0.0,1.0,0.0,0.0,0.0,0.0,0.0,0.0,0.0,0.2,0.0,0.0001,16.0,25903.0
2026-07-30T18:59:26.128Z,135.611,135.624,0.0,7.4,0.0,0.0,0.0,0.0,0.0,0.0,0.0,0.0,1.0,0.0,0.0,0.0,9.0,4.0,0.0,0.0,0.0,0.0,0.0,0.0,0.0,0.0,4.0,12.0,1.0,12.18,5.0200000000000005,2.5,1.49,0.0,0.0,0.0,0.4,0.0,0.8,-0.4,1.0,-169.70000000000002,0.0,0.0,169.60000000000002,0.0,20.9,30.700000000000003,30.6,31.3,300.0,300.0,31.0,34.9,30.200000000000003,29.6,31.4,4.95,1.99,4.97,0.16,0.0,0.0,1027.0,8228.0,0.0,0.0,0.0,0.0,0.0,1.0,0.0,0.0,0.0,0.0,0.0,0.3,0.0,-1.0,0.0,0.0002,16.0,25903.0
2026-07-30T18:59:26.140Z,135.623,135.636,0.0,7.4,0.0,0.0,0.0,0.0,0.0,0.0,0.0,0.0,1.0,0.0,0.0,0.0,9.0,4.0,0.0,0.0,0.0,0.0,0.0,0.0,0.0,0.0,5.0,12.0,1.0,12.18,5.0200000000000005,2.5,1.49,0.0,0.0,0.0,0.4,0.0,0.8,0.7000000000000001,0.4,-169.70000000000002,0.0,0.0,169.70000000000002,0.0,20.9,30.700000000000003,30.6,31.3,300.0,300.0,31.0,34.9,30.200000000000003,29.6,31.4,4.95,1.99,4.97,0.16,0.0,0.0,1027.0,8228.0,0.0,0.0,0.0,0.0,0.0,1.0,0.0,0.0,0.0,0.0,0.0,1.2000000000000002,0.0,-0.2,0.0,0.0001,16.0,25903.0
2026-07-30T18:59:26.151Z,135.634,135.648,0.0,7.4,0.0,0.0,0.0,0.0,0.0,0.0,0.0,0.0,1.0,0.0,0.0,0.0,9.0,4.0,0.0,0.0,0.0,0.0,0.0,0.0,0.0,0.0,6.0,12.0,1.0,12.18,5.0200000000000005,2.5,1.49,0.0,0.0,0.0,0.4,0.0,-0.8,-0.4,-1.2000000000000002,-169.70000000000002,0.0,0.0,169.8,0.0,20.9,30.700000000000003,30.6,31.3,300.0,300.0,31.0,34.9,30.200000000000003,29.6,31.4,4.96,1.99,4.97,0.16,0.0,0.0,1027.0,8228.0,0.0,0.0,0.0,0.0,0.0,1.0,0.0,0.0,0.0,0.0,0.0,-1.4,0.0,1.0,0.0,0.0,16.0,25903.0
2026-07-30T18:59:26.165Z,135.648,135.66,0.0,7.4,0.0,0.0,0.0,0.0,0.0,0.0,0.0,0.0,1.0,0.0,0.0,0.0,9.0,4.0,0.0,0.0,0.0,0.0,0.0,0.0,0.0,0.0,1.0,12.0,1.0,12.15,5.01,2.51,1.49,0.0,0.0,0.0,0.4,0.0,0.8,0.7000000000000001,0.4,-169.70000000000002,0.0,0.0,169.8,0.0,21.4,30.700000000000003,30.6,31.3,300.0,300.0,31.0,34.9,30.200000000000003,29.6,31.4,4.96,1.99,4.96,0.16,0.0,0.0,1027.0,8228.0,0.0,0.0,0.0,0.0,0.0,1.0,0.0,0.0,0.0,0.0,0.0,1.1,0.0,-0.2,0.0,0.0002,16.0,25903.0
2026-07-30T18:59:26.176Z,135.659,135.672,0.0,7.4,0.0,0.0,0.0,0.0,0.0,0.0,0.0,0.0,1.0,0.0,0.0,0.0,9.0,4.0,0.0,0.0,0.0,0.0,0.0,0.0,0.0,0.0,2.0,12.0,1.0,12.15,5.01,2.51,1.49,0.0,0.0,0.0,0.4,0.0,-0.2,-1.0,0.4,-169.70000000000002,0.0,0.0,169.70000000000002,0.0,21.4,30.700000000000003,30.6,31.3,300.0,300.0,31.0,34.9,30.200000000000003,29.6,31.4,4.95,1.99,4.96,0.16,0.0,0.0,1027.0,8228.0,0.0,0.0,0.0,0.0,0.0,1.0,0.0,0.0,0.0,0.0,0.0,-0.8,0.0,-0.6000000000000001,0.0,0.0,16.0,25903.0
2026-07-30T18:59:26.188Z,135.671,135.684,0.0,7.4,0.0,0.0,0.0,0.0,0.0,0.0,0.0,0.0,1.0,0.0,0.0,0.0,9.0,4.0,0.0,0.0,0.0,0.0,0.0,0.0,0.0,0.0,4.0,12.0,1.0,12.15,5.01,2.51,1.49,0.0,0.0,0.0,0.4,0.0,-0.8,1.3,-0.7000000000000001,-169.70000000000002,0.0,0.0,169.8,0.0,21.4,30.700000000000003,30.6,31.3,300.0,300.0,31.0,34.9,30.200000000000003,29.6,31.4,4.95,1.99,4.96,0.16,0.0,0.0,1027.0,8228.0,0.0,0.0,0.0,0.0,0.0,1.0,0.0,0.0,0.0,0.0,0.0,0.9,0.0,0.8,0.0,0.0002,16.0,25903.0
2026-07-30T18:59:26.200Z,135.683,135.696,0.0,7.4,0.0,0.0,0.0,0.0,0.0,0.0,0.0,0.0,1.0,0.0,0.0,0.0,9.0,4.0,0.0,0.0,0.0,0.0,0.0,0.0,0.0,0.0,5.0,12.0,1.0,12.15,5.01,2.51,1.49,0.0,0.1,0.0,0.4,0.0,0.2,-0.4,0.4,-169.70000000000002,0.0,0.0,169.8,0.0,21.4,30.700000000000003,30.6,31.3,300.0,300.0,31.0,34.9,30.200000000000003,29.6,31.4,4.96,1.99,4.96,0.16,0.0,0.0,1027.0,8228.0,0.0,0.0,0.0,0.0,0.0,1.0,0.0,0.0,0.0,0.0,0.0,-0.1,0.0,-0.4,0.0,0.0001,16.0,25903.0
2026-07-30T18:59:26.212Z,135.695,135.708,0.0,7.4,0.0,0.0,0.0,0.0,0.0,0.0,0.0,0.0,1.0,0.0,0.0,0.0,9.0,4.0,0.0,0.0,0.0,0.0,0.0,0.0,0.0,0.0,6.0,12.0,1.0,12.15,5.01,2.51,1.49,0.0,0.0,0.0,0.4,0.0,0.3,-0.4,-0.7000000000000001,-169.70000000000002,0.0,0.0,169.8,0.0,21.4,30.700000000000003,30.6,31.3,300.0,300.0,31.0,34.9,30.200000000000003,29.6,31.4,4.95,1.99,4.97,0.16,0.0,0.0,1027.0,8228.0,0.0,0.0,0.0,0.0,0.0,1.0,0.0,0.0,0.0,0.0,0.0,-1.0,0.0,0.5,0.0,0.0001,16.0,25903.0
2026-07-30T18:59:26.223Z,135.706,135.72,0.0,7.4,0.0,0.0,0.0,0.0,0.0,0.0,0.0,0.0,1.0,0.0,0.0,0.0,9.0,4.0,0.0,0.0,0.0,0.0,0.0,0.0,0.0,0.0,1.0,12.0,1.0,12.15,5.01,2.51,1.49,0.0,0.0,0.0,0.4,0.0,0.3,-1.0,-0.1,-169.70000000000002,0.0,0.0,169.8,0.0,21.4,30.700000000000003,30.6,31.3,300.0,300.0,31.0,34.9,30.200000000000003,29.6,31.4,4.96,2.0,4.97,0.16,0.0,0.0,1027.0,8228.0,0.0,0.0,0.0,0.0,0.0,1.0,0.0,0.0,0.0,0.0,0.0,-1.3,0.0,0.0,0.0,0.0,16.0,25903.0
2026-07-30T18:59:26.236Z,135.719,135.732,0.0,7.4,0.0,0.0,0.0,0.0,0.0,0.0,0.0,0.0,1.0,0.0,0.0,0.0,9.0,4.0,0.0,0.0,0.0,0.0,0.0,0.0,0.0,0.0,2.0,12.0,1.0,12.15,5.01,2.51,1.49,0.0,0.0,0.0,0.4,0.0,-0.2,0.1,-0.1,-169.70000000000002,0.0,0.0,169.70000000000002,0.0,21.4,30.700000000000003,30.6,31.3,300.0,300.0,31.0,34.9,30.200000000000003,29.6,31.4,4.96,1.99,4.96,0.16,0.0,0.0,1027.0,8228.0,0.0,0.0,0.0,0.0,0.0,1.0,0.0,0.0,0.0,0.0,0.0,0.0,0.0,0.1,0.0,0.0,16.0,25903.0
2026-07-30T18:59:26.253Z,135.736,135.744,0.0,7.4,0.0,0.0,0.0,0.0,0.0,0.0,0.0,0.0,1.0,0.0,0.0,0.0,9.0,4.0,0.0,0.0,0.0,0.0,0.0,0.0,0.0,0.0,3.0,12.0,1.0,12.15,5.01,2.51,1.49,0.0,0.0,0.0,0.4,0.0,0.8,1.9,1.0,-169.70000000000002,0.0,0.0,169.8,0.0,21.4,30.700000000000003,30.6,31.3,300.0,300.0,31.0,34.9,30.200000000000003,29.6,31.4,4.95,1.99,4.96,0.16,0.0,0.0,1027.0,8228.0,0.0,0.0,0.0,0.0,0.0,1.0,0.0,0.0,0.0,0.0,0.0,2.9000000000000004,0.0,-0.5,0.0,0.0002,16.0,25903.0
2026-07-30T18:59:26.260Z,135.743,135.756,0.0,7.4,0.0,0.0,0.0,0.0,0.0,0.0,0.0,0.0,1.0,0.0,0.0,0.0,9.0,4.0,0.0,0.0,0.0,0.0,0.0,0.0,0.0,0.0,1.0,12.0,1.0,12.15,5.01,2.51,1.49,0.0,0.0,0.0,0.4,0.0,0.2,0.7000000000000001,1.6,-169.70000000000002,0.0,0.0,169.8,0.0,21.4,30.700000000000003,30.6,31.3,300.0,300.0,31.0,34.9,30.200000000000003,29.6,31.4,4.96,1.99,4.96,0.16,0.0,0.0,1027.0,8228.0,0.0,0.0,0.0,0.0,0.0,1.0,0.0,0.0,0.0,0.0,0.0,2.0,0.0,-1.2000000000000002,0.0,0.0001,16.0,25903.0
2026-07-30T18:59:26.272Z,135.755,135.768,0.0,7.4,0.0,0.0,0.0,0.0,0.0,0.0,0.0,0.0,1.0,0.0,0.0,0.0,9.0,4.0,0.0,0.0,0.0,0.0,0.0,0.0,0.0,0.0,2.0,12.0,1.0,12.17,5.01,2.51,1.49,0.0,0.0,0.0,0.4,0.0,0.2,-1.0,-0.7000000000000001,-169.70000000000002,0.0,0.0,169.70000000000002,0.0,21.0,30.700000000000003,30.6,31.3,300.0,300.0,31.0,34.9,30.200000000000003,29.6,31.4,4.96,1.99,4.96,0.16,0.0,0.0,1027.0,8228.0,0.0,0.0,0.0,0.0,0.0,1.0,0.0,0.0,0.0,0.0,0.0,-1.6,0.0,0.4,0.0,0.0001,16.0,25903.0
2026-07-30T18:59:26.284Z,135.767,135.78,0.0,7.4,0.0,0.0,0.0,0.0,0.0,0.0,0.0,0.0,1.0,0.0,0.0,0.0,9.0,4.0,0.0,0.0,0.0,0.0,0.0,0.0,0.0,0.0,3.0,12.0,1.0,12.17,5.01,2.51,1.49,0.0,0.0,0.0,0.4,0.0,0.8,0.1,-0.1,-169.70000000000002,0.0,0.0,169.8,0.0,21.0,30.700000000000003,30.6,31.3,300.0,300.0,31.0,34.9,30.200000000000003,29.6,31.4,4.96,1.99,4.97,0.16,0.0,0.0,1027.0,8228.0,0.0,0.0,0.0,0.0,0.0,1.0,0.0,0.0,0.0,0.0,0.0,0.0,0.0,0.1,0.0,0.0,16.0,25903.0
2026-07-30T18:59:26.295Z,135.778,135.792,0.0,7.4,0.0,0.0,0.0,0.0,0.0,0.0,0.0,0.0,1.0,0.0,0.0,0.0,9.0,4.0,0.0,0.0,0.0,0.0,0.0,0.0,0.0,0.0,4.0,12.0,1.0,12.17,5.01,2.51,1.49,0.0,0.0,0.0,0.4,0.0,0.2,0.1,-0.1,-169.70000000000002,0.0,0.0,169.8,0.0,21.0,30.700000000000003,30.6,31.3,300.0,300.0,31.0,34.9,30.200000000000003,29.6,31.4,4.95,1.99,4.97,0.16,0.0,0.0,1027.0,8228.0,0.0,0.0,0.0,0.0,0.0,1.0,0.0,0.0,0.0,0.0,0.0,0.0,0.0,0.1,0.0,0.0001,16.0,25903.0
2026-07-30T18:59:26.308Z,135.791,135.804,0.0,7.4,0.0,0.0,0.0,0.0,0.0,0.0,0.0,0.0,1.0,0.0,0.0,0.0,9.0,4.0,0.0,0.0,0.0,0.0,0.0,0.0,0.0,0.0,5.0,12.0,1.0,12.17,5.01,2.51,1.49,0.0,0.0,0.0,0.4,0.0,0.8,-0.4,0.4,-169.70000000000002,0.0,0.0,169.8,0.0,21.0,30.700000000000003,30.6,31.3,300.0,300.0,31.0,34.9,30.200000000000003,29.6,31.4,4.96,1.99,4.96,0.16,0.0,0.0,1027.0,8228.0,0.0,0.0,0.0,0.0,0.0,1.0,0.0,0.0,0.0,0.0,0.0,-0.1,0.0,-0.5,0.0,0.0,16.0,25903.0
2026-07-30T18:59:26.320Z,135.803,135.816,0.0,7.4,0.0,0.0,0.0,0.0,0.0,0.0,0.0,0.0,1.0,0.0,0.0,0.0,9.0,4.0,0.0,0.0,0.0,0.0,0.0,0.0,0.0,0.0,6.0,12.0,1.0,12.17,5.01,2.51,1.49,0.0,0.0,0.0,0.4,0.0,0.2,0.6000000000000001,1.6,-169.70000000000002,0.0,0.0,169.8,0.0,21.0,30.700000000000003,30.6,31.3,300.0,300.0,31.0,34.9,30.200000000000003,29.6,31.4,4.95,1.99,4.96,0.16,0.0,0.0,1027.0,8228.0,0.0,0.0,0.0,0.0,0.0,1.0,0.0,0.0,0.0,0.0,0.0,2.0,0.0,-1.3,0.0,0.0001,16.0,25903.0
2026-07-30T18:59:26.332Z,135.815,135.828,0.0,7.4,0.0,0.0,0.0,0.0,0.0,0.0,0.0,0.0,1.0,0.0,0.0,0.0,9.0,4.0,0.0,0.0,0.0,0.0,0.0,0.0,0.0,0.0,2.0,12.0,1.0,12.17,5.01,2.51,1.49,0.0,0.0,0.0,0.4,0.0,0.8,0.7000000000000001,-1.2000000000000002,-169.70000000000002,0.0,0.0,169.8,0.0,21.0,30.700000000000003,30.6,31.3,300.0,300.0,31.0,34.9,30.200000000000003,29.6,31.4,4.95,1.99,4.97,0.16,0.0,0.0,1027.0,8228.0,0.0,0.0,0.0,0.0,0.0,1.0,0.0,0.0,0.0,0.0,0.0,-0.1,0.0,1.2000000000000002,0.0,0.0,16.0,25903.0
2026-07-30T18:59:26.344Z,135.827,135.84,0.0,7.4,0.0,0.0,0.0,0.0,0.0,0.0,0.0,0.0,1.0,0.0,0.0,0.0,9.0,4.0,0.0,0.0,0.0,0.0,0.0,0.0,0.0,0.0,3.0,12.0,1.0,12.17,5.01,2.51,1.49,0.0,0.0,0.0,0.4,0.0,0.8,1.2000000000000002,1.6,-169.70000000000002,0.0,0.0,169.70000000000002,0.0,21.0,30.700000000000003,30.6,31.3,300.0,300.0,31.0,34.9,30.200000000000003,29.6,31.4,4.95,2.0,4.97,0.16,0.0,0.0,1027.0,8228.0,0.0,0.0,0.0,0.0,0.0,1.0,0.0,0.0,0.0,0.0,0.0,2.6,0.0,-1.1,0.0,0.0,16.0,25903.0
2026-07-30T18:59:26.356Z,135.839,135.852,0.0,7.4,0.0,0.0,0.0,0.0,0.0,0.0,0.0,0.0,1.0,0.0,0.0,0.0,9.0,4.0,0.0,0.0,0.0,0.0,0.0,0.0,0.0,0.0,5.0,12.0,1.0,12.17,5.01,2.51,1.49,0.0,0.0,0.0,0.4,0.0,-0.3,-0.4,-0.1,-169.70000000000002,0.0,0.0,169.8,0.0,21.0,30.700000000000003,30.6,31.3,300.0,300.0,31.0,34.9,30.200000000000003,29.6,31.4,4.96,2.0,4.96,0.16,0.0,0.0,1027.0,8228.0,0.0,0.0,0.0,0.0,0.0,1.0,0.0,0.0,0.0,0.0,0.0,-0.5,0.0,0.0,0.0,0.0001,16.0,25903.0
2026-07-30T18:59:26.369Z,135.852,135.864,0.0,7.4,0.0,0.0,0.0,0.0,0.0,0.0,0.0,0.0,1.0,0.0,0.0,0.0,9.0,4.0,0.0,0.0,0.0,0.0,0.0,0.0,0.0,0.0,5.0,12.0,1.0,12.11,5.01,2.51,1.5,0.0,0.0,0.0,0.5,0.0,-0.3,-1.6,-1.2000000000000002,-169.70000000000002,0.0,0.0,169.8,0.0,21.8,30.700000000000003,30.6,31.3,300.0,300.0,31.0,34.9,30.200000000000003,29.6,31.4,4.95,2.0,4.97,0.16,0.0,0.0,1027.0,8228.0,0.0,0.0,0.0,0.0,0.0,1.0,0.0,0.0,0.0,0.0,0.0,-2.8000000000000003,0.0,0.8,0.0,0.0001,16.0,25903.0
2026-07-30T18:59:26.379Z,135.862,135.876,0.0,7.4,0.0,0.0,0.0,0.0,0.0,0.0,0.0,0.0,1.0,0.0,0.0,0.0,9.0,4.0,0.0,0.0,0.0,0.0,0.0,0.0,0.0,0.0,1.0,12.0,1.0,12.11,5.01,2.51,1.5,0.0,0.0,0.0,0.4,0.0,-0.3,0.1,0.4,-169.70000000000002,0.0,0.0,169.8,0.0,21.8,30.700000000000003,30.6,31.3,300.0,300.0,31.0,34.9,30.200000000000003,29.6,31.4,4.95,1.99,4.97,0.16,0.0,0.0,1027.0,8228.0,0.0,0.0,0.0,0.0,0.0,1.0,0.0,0.0,0.0,0.0,0.0,0.4,0.0,-0.4,0.0,0.0,16.0,25903.0
2026-07-30T18:59:26.392Z,135.875,135.888,0.0,7.4,0.0,0.0,0.0,0.0,0.0,0.0,0.0,0.0,1.0,0.0,0.0,0.0,9.0,4.0,0.0,0.0,0.0,0.0,0.0,0.0,0.0,0.0,2.0,12.0,1.0,12.11,5.01,2.51,1.5,0.0,0.0,0.0,0.5,0.0,0.8,0.1,0.0,-169.70000000000002,0.0,0.0,169.8,0.0,21.8,30.700000000000003,30.6,31.3,300.0,300.0,31.0,34.9,30.200000000000003,29.6,31.4,4.96,1.99,4.97,0.16,0.0,0.0,1027.0,8228.0,0.0,0.0,0.0,0.0,0.0,1.0,0.0,0.0,0.0,0.0,0.0,0.0,0.0,0.1,0.0,0.0,16.0,25903.0
2026-07-30T18:59:26.404Z,135.887,135.9,0.0,7.4,0.0,0.0,0.0,0.0,0.0,0.0,0.0,0.0,1.0,0.0,0.0,0.0,9.0,4.0,0.0,0.0,0.0,0.0,0.0,0.0,0.0,0.0,3.0,12.0,1.0,12.11,5.01,2.51,1.5,0.0,0.0,0.0,0.4,0.0,0.2,-1.0,-0.7000000000000001,-169.70000000000002,0.0,0.0,169.8,0.0,21.8,30.700000000000003,30.6,31.3,300.0,300.0,31.0,34.9,30.200000000000003,29.6,31.4,4.95,1.99,4.97,0.16,0.0,0.0,1027.0,8228.0,0.0,0.0,0.0,0.0,0.0,1.0,0.0,0.0,0.0,0.0,0.0,-1.7000000000000002,0.0,0.3,0.0,0.0,16.0,25903.0
2026-07-30T18:59:26.415Z,135.898,135.912,0.0,7.4,0.0,0.0,0.0,0.0,0.0,0.0,0.0,0.0,1.0,0.0,0.0,0.0,9.0,4.0,0.0,0.0,0.0,0.0,0.0,0.0,0.0,0.0,4.0,12.0,1.0,12.11,5.01,2.51,1.5,0.0,0.1,0.0,0.4,0.0,0.3,-1.0,0.0,-169.70000000000002,0.0,0.0,169.8,0.0,21.8,30.700000000000003,30.6,31.3,300.0,300.0,31.0,34.9,30.200000000000003,29.6,31.4,4.95,1.99,4.97,0.16,0.0,0.0,1027.0,8228.0,0.0,0.0,0.0,0.0,0.0,1.0,0.0,0.0,0.0,0.0,0.0,-1.2000000000000002,0.0,-0.1,0.0,0.0,16.0,25903.0
2026-07-30T18:59:26.428Z,135.911,135.924,0.0,7.4,0.0,0.0,0.0,0.0,0.0,0.0,0.0,0.0,1.0,0.0,0.0,0.0,9.0,4.0,0.0,0.0,0.0,0.0,0.0,0.0,0.0,0.0,5.0,12.0,1.0,12.11,5.01,2.51,1.5,0.0,0.0,0.0,0.4,0.0,-0.2,0.0,-1.2000000000000002,-169.70000000000002,0.0,0.0,169.70000000000002,0.0,21.8,30.700000000000003,30.6,31.3,300.0,300.0,31.0,34.9,30.200000000000003,29.6,31.4,4.95,2.0,4.96,0.16,0.0,0.0,1027.0,8228.0,0.0,0.0,0.0,0.0,0.0,1.0,0.0,0.0,0.0,0.0,0.0,-0.8,0.0,1.1,0.0,0.0,16.0,25903.0
2026-07-30T18:59:26.440Z,135.923,135.936,0.0,7.4,0.0,0.0,0.0,0.0,0.0,0.0,0.0,0.0,1.0,0.0,0.0,0.0,9.0,4.0,0.0,0.0,0.0,0.0,0.0,0.0,0.0,0.0,1.0,12.0,1.0,12.11,5.01,2.51,1.5,0.0,0.0,0.0,0.4,0.0,-1.4,-0.4,-1.2000000000000002,-169.70000000000002,0.0,0.0,169.8,0.0,21.8,30.700000000000003,30.6,31.3,300.0,300.0,31.0,34.9,30.200000000000003,29.6,31.4,4.95,1.99,4.96,0.16,0.0,0.0,1027.0,8228.0,0.0,0.0,0.0,0.0,0.0,1.0,0.0,0.0,0.0,0.0,0.0,-1.4,0.0,1.0,0.0,0.0002,16.0,25903.0
2026-07-30T18:59:26.452Z,135.935,135.948,0.0,7.4,0.0,0.0,0.0,0.0,0.0,0.0,0.0,0.0,1.0,0.0,0.0,0.0,9.0,4.0,0.0,0.0,0.0,0.0,0.0,0.0,0.0,0.0,2.0,12.0,1.0,12.11,5.01,2.51,1.5,0.0,0.0,0.0,0.4,0.0,-0.3,-1.0,-0.6000000000000001,-169.70000000000002,0.0,0.0,169.8,0.0,21.8,30.700000000000003,30.6,31.3,300.0,300.0,31.0,34.9,30.200000000000003,29.6,31.4,4.95,1.99,4.97,0.16,0.0,0.0,1027.0,8228.0,0.0,0.0,0.0,0.0,0.0,1.0,0.0,0.0,0.0,0.0,0.0,-1.7000000000000002,0.0,0.3,0.0,0.0,16.0,25903.0
2026-07-30T18:59:26.464Z,135.947,135.96,0.0,7.4,0.0,0.0,0.0,0.0,0.0,0.0,0.0,0.0,1.0,0.0,0.0,0.0,9.0,4.0,0.0,0.0,0.0,0.0,0.0,0.0,0.0,0.0,3.0,12.0,1.0,12.11,5.01,2.51,1.5,0.0,0.0,0.0,0.4,0.0,1.4,0.0,1.0,-169.70000000000002,0.0,0.0,169.8,0.0,21.8,30.700000000000003,30.6,31.3,300.0,300.0,31.0,34.9,30.200000000000003,29.6,31.4,4.96,1.99,4.96,0.16,0.0,0.0,1027.0,8228.0,0.0,0.0,0.0,0.0,0.0,1.0,0.0,0.0,0.0,0.0,0.0,0.8,0.0,-0.8,0.0,0.0001,16.0,25903.0
2026-07-30T18:59:26.476Z,135.959,135.972,0.0,7.4,0.0,0.0,0.0,0.0,0.0,0.0,0.0,0.0,1.0,0.0,0.0,0.0,9.0,4.0,0.0,0.0,0.0,0.0,0.0,0.0,0.0,0.0,4.0,12.0,1.0,12.18,5.01,2.51,1.49,0.0,0.0,0.0,0.4,0.0,-0.9,0.6000000000000001,0.4,-169.70000000000002,0.0,0.0,169.70000000000002,0.0,21.700000000000003,30.6,30.6,31.3,300.0,300.0,31.1,34.9,30.200000000000003,29.6,31.4,4.96,2.0,4.97,0.16,0.0,0.0,1027.0,8228.0,0.0,0.0,0.0,0.0,0.0,1.0,0.0,0.0,0.0,0.0,0.0,1.0,0.0,-0.2,0.0,0.0,16.0,25903.0
2026-07-30T18:59:26.488Z,135.971,135.984,0.0,7.4,0.0,0.0,0.0,0.0,0.0,0.0,0.0,0.0,1.0,0.0,0.0,0.0,9.0,4.0,0.0,0.0,0.0,0.0,0.0,0.0,0.0,0.0,5.0,12.0,1.0,12.18,5.01,2.51,1.49,0.0,0.0,0.0,0.4,0.0,-0.3,-0.4,-0.1,-169.70000000000002,0.0,0.0,169.70000000000002,0.0,21.700000000000003,30.6,30.6,31.3,300.0,300.0,31.1,34.9,30.200000000000003,29.6,31.4,4.95,1.99,4.97,0.16,0.0,0.0,1027.0,8228.0,0.0,0.0,0.0,0.0,0.0,1.0,0.0,0.0,0.0,0.0,0.0,-0.7000000000000001,0.0,0.0,0.0,0.0002,16.0,25903.0
2026-07-30T18:59:26.500Z,135.983,135.996,0.0,7.4,0.0,0.0,0.0,0.0,0.0,0.0,0.0,0.0,1.0,0.0,0.0,0.0,9.0,4.0,0.0,0.0,0.0,0.0,0.0,0.0,0.0,0.0,5.0,12.0,1.0,12.18,5.01,2.51,1.49,0.0,0.1,0.0,0.4,0.0,-0.2,1.2000000000000002,0.3,-169.70000000000002,0.0,0.0,169.70000000000002,0.0,21.700000000000003,30.6,30.6,31.3,300.0,300.0,31.1,34.9,30.200000000000003,29.6,31.4,4.96,1.99,4.97,0.16,0.0,0.0,1027.0,8228.0,0.0,0.0,0.0,0.0,0.0,1.0,0.0,0.0,0.0,0.0,0.0,-0.6000000000000001,0.0,0.0,0.0,0.0,16.0,25903.0
2026-07-30T18:59:26.511Z,135.994,136.008,0.0,7.4,0.0,0.0,0.0,0.0,0.0,0.0,0.0,0.0,1.0,0.0,0.0,0.0,9.0,4.0,0.0,0.0,0.0,0.0,0.0,0.0,0.0,0.0,6.0,12.0,1.0,12.18,5.01,2.51,1.49,0.0,0.0,0.0,0.5,0.0,0.2,-1.0,-0.1,-169.70000000000002,0.0,0.0,169.60000000000002,0.0,21.700000000000003,30.6,30.6,31.3,300.0,300.0,31.1,34.9,30.200000000000003,29.6,31.4,4.96,1.99,4.96,0.16,0.0,0.0,1027.0,8228.0,0.0,0.0,0.0,0.0,0.0,1.0,0.0,0.0,0.0,0.0,0.0,2.6,0.0,-1.1,0.0,0.0,16.0,25903.0
2026-07-30T18:59:26.523Z,136.006,136.02,0.0,7.4,0.0,0.0,0.0,0.0,0.0,0.0,0.0,0.0,1.0,0.0,0.0,0.0,9.0,4.0,0.0,0.0,0.0,0.0,0.0,0.0,0.0,0.0,1.0,12.0,1.0,12.18,5.01,2.51,1.49,0.0,0.0,0.0,0.4,0.0,0.2,0.6000000000000001,1.5,-169.70000000000002,0.0,0.0,169.70000000000002,0.0,21.700000000000003,30.6,30.6,31.3,300.0,300.0,31.1,34.9,30.200000000000003,29.6,31.4,4.96,1.99,4.97,0.16,0.0,0.0,1027.0,8228.0,0.0,0.0,0.0,0.0,0.0,1.0,0.0,0.0,0.0,0.0,0.0,1.8,0.0,-1.2000000000000002,0.0,0.0001,16.0,25903.0
2026-07-30T18:59:26.536Z,136.019,136.032,0.0,7.4,0.0,0.0,0.0,0.0,0.0,0.0,0.0,0.0,1.0,0.0,0.0,0.0,9.0,4.0,0.0,0.0,0.0,0.0,0.0,0.0,0.0,0.0,2.0,12.0,1.0,12.18,5.01,2.51,1.49,0.0,0.0,0.0,0.4,0.0,0.2,-0.5,-0.2,-169.70000000000002,0.0,0.0,169.8,0.0,21.700000000000003,30.6,30.6,31.3,300.0,300.0,31.1,34.9,30.200000000000003,29.6,31.4,4.95,1.99,4.97,0.16,0.0,0.0,1027.0,8228.0,0.0,0.0,0.0,0.0,0.0,1.0,0.0,0.0,0.0,0.0,0.0,-0.3,0.0,-0.4,0.0,0.0,16.0,25903.0
2026-07-30T18:59:26.547Z,136.03,136.044,0.0,7.4,0.0,0.0,0.0,0.0,0.0,0.0,0.0,0.0,1.0,0.0,0.0,0.0,9.0,4.0,0.0,0.0,0.0,0.0,0.0,0.0,0.0,0.0,3.0,12.0,1.0,12.18,5.01,2.51,1.49,0.0,0.0,0.0,0.4,0.0,0.2,0.6000000000000001,-0.2,-169.70000000000002,0.0,0.0,169.70000000000002,0.0,21.700000000000003,30.6,30.6,31.3,300.0,300.0,31.1,34.9,30.200000000000003,29.6,31.4,4.95,1.99,4.96,0.16,0.0,0.0,1027.0,8228.0,0.0,0.0,0.0,0.0,0.0,1.0,0.0,0.0,0.0,0.0,0.0,0.4,0.0,0.3,0.0,0.0002,16.0,25903.0
2026-07-30T18:59:26.565Z,136.048,136.056,0.0,7.4,0.0,0.0,0.0,0.0,0.0,0.0,0.0,0.0,1.0,0.0,0.0,0.0,9.0,4.0,0.0,0.0,0.0,0.0,0.0,0.0,0.0,0.0,3.0,12.0,1.0,12.18,5.01,2.51,1.49,0.0,0.0,0.0,0.4,0.0,0.2,-0.5,-0.8,-169.70000000000002,0.0,0.0,169.70000000000002,0.0,21.700000000000003,30.6,30.6,31.3,300.0,300.0,31.1,34.9,30.200000000000003,29.6,31.4,4.95,2.0,4.96,0.16,0.0,0.0,1027.0,8228.0,0.0,0.0,0.0,0.0,0.0,1.0,0.0,0.0,0.0,0.0,0.0,-1.2000000000000002,0.0,0.5,0.0,0.0001,16.0,25903.0
2026-07-30T18:59:26.573Z,136.056,136.068,0.0,7.4,0.0,0.0,0.0,0.0,0.0,0.0,0.0,0.0,1.0,0.0,0.0,0.0,9.0,4.0,0.0,0.0,0.0,0.0,0.0,0.0,0.0,0.0,1.0,12.0,1.0,12.17,5.01,2.51,1.49,0.0,0.0,0.0,0.4,0.0,-0.3,-0.5,-1.4,-169.70000000000002,0.0,0.0,169.70000000000002,0.0,21.3,30.6,30.6,31.3,300.0,300.0,31.0,34.9,30.200000000000003,29.6,31.4,4.95,1.99,4.97,0.16,0.0,0.0,1027.0,8228.0,0.0,0.0,0.0,0.0,0.0,1.0,0.0,0.0,0.0,0.0,0.0,-1.6,0.0,1.1,0.0,0.0,16.0,25903.0
2026-07-30T18:59:26.584Z,136.067,136.08,0.0,7.4,0.0,0.0,0.0,0.0,0.0,0.0,0.0,0.0,1.0,0.0,0.0,0.0,9.0,4.0,0.0,0.0,0.0,0.0,0.0,0.0,0.0,0.0,2.0,12.0,1.0,12.17,5.01,2.51,1.49,0.0,0.0,0.0,0.4,0.0,0.2,-0.5,-1.3,-169.70000000000002,0.0,0.0,169.70000000000002,0.0,21.3,30.6,30.6,31.3,300.0,300.0,31.0,34.9,30.200000000000003,29.6,31.4,4.95,1.99,4.97,0.16,0.0,0.0,1027.0,8228.0,0.0,0.0,0.0,0.0,0.0,1.0,0.0,0.0,0.0,0.0,0.0,-1.6,0.0,1.0,0.0,0.0,16.0,25903.0
2026-07-30T18:59:26.596Z,136.079,136.092,0.0,7.4,0.0,0.0,0.0,0.0,0.0,0.0,0.0,0.0,1.0,0.0,0.0,0.0,9.0,4.0,0.0,0.0,0.0,0.0,0.0,0.0,0.0,0.0,3.0,12.0,1.0,12.17,5.01,2.51,1.49,0.0,0.0,0.0,0.4,0.0,0.2,-0.5,-0.2,-169.70000000000002,0.0,0.0,169.8,0.0,21.3,30.6,30.6,31.3,300.0,300.0,31.0,34.9,30.200000000000003,29.6,31.4,4.96,1.99,4.96,0.16,0.0,0.0,1027.0,8228.0,0.0,0.0,0.0,0.0,0.0,1.0,0.0,0.0,0.0,0.0,0.0,-0.7000000000000001,0.0,0.0,0.0,0.0,16.0,25903.0
2026-07-30T18:59:26.608Z,136.091,136.104,0.0,7.4,0.0,0.0,0.0,0.0,0.0,0.0,0.0,0.0,1.0,0.0,0.0,0.0,9.0,4.0,0.0,0.0,0.0,0.0,0.0,0.0,0.0,0.0,5.0,12.0,1.0,12.17,5.01,2.51,1.49,0.0,0.0,0.0,0.5,0.0,-1.4,0.0,-0.8,-169.70000000000002,0.0,0.0,169.70000000000002,0.0,21.3,30.6,30.6,31.3,300.0,300.0,31.0,34.9,30.200000000000003,29.6,31.4,4.95,1.99,4.96,0.16,0.0,0.0,1027.0,8228.0,0.0,0.0,0.0,0.0,0.0,1.0,0.0,0.0,0.0,0.0,0.0,-0.5,0.0,0.7000000000000001,0.0,0.0002,16.0,25903.0
2026-07-30T18:59:26.620Z,136.103,136.116,0.0,7.4,0.0,0.0,0.0,0.0,0.0,0.0,0.0,0.0,1.0,0.0,0.0,0.0,9.0,4.0,0.0,0.0,0.0,0.0,0.0,0.0,0.0,0.0,5.0,12.0,1.0,12.17,5.01,2.51,1.49,0.0,0.0,0.0,0.4,0.0,0.8,0.0,-0.1,-169.70000000000002,0.0,0.0,169.70000000000002,0.0,21.3,30.6,30.6,31.3,300.0,300.0,31.0,34.9,30.200000000000003,29.6,31.4,4.95,1.99,4.96,0.16,0.0,0.0,1027.0,8228.0,0.0,0.0,0.0,0.0,0.0,1.0,0.0,0.0,0.0,0.0,0.0,0.0,0.0,0.1,0.0,0.0,16.0,25903.0
2026-07-30T18:59:26.631Z,136.114,136.128,0.0,7.4,0.0,0.0,0.0,0.0,0.0,0.0,0.0,0.0,1.0,0.0,0.0,0.0,9.0,4.0,0.0,0.0,0.0,0.0,0.0,0.0,0.0,0.0,6.0,12.0,1.0,12.17,5.01,2.51,1.49,0.0,0.0,0.0,0.4,0.0,-0.2,0.0,-0.1,-169.70000000000002,0.0,0.0,169.8,0.0,21.3,30.6,30.6,31.3,300.0,300.0,31.0,34.9,30.200000000000003,29.6,31.4,4.95,1.99,4.96,0.16,0.0,0.0,1027.0,8228.0,0.0,0.0,0.0,0.0,0.0,1.0,0.0,0.0,0.0,0.0,0.0,0.0,0.0,0.1,0.0,0.0,16.0,25903.0
2026-07-30T18:59:26.644Z,136.127,136.14,0.0,7.4,0.0,0.0,0.0,0.0,0.0,0.0,0.0,0.0,1.0,0.0,0.0,0.0,9.0,4.0,0.0,0.0,0.0,0.0,0.0,0.0,0.0,0.0,1.0,12.0,1.0,12.17,5.01,2.51,1.49,0.0,0.1,0.0,0.5,0.0,0.2,-0.4,-0.7000000000000001,-169.70000000000002,0.0,0.0,169.8,0.0,21.3,30.6,30.6,31.3,300.0,300.0,31.0,34.9,30.200000000000003,29.6,31.4,4.95,1.99,4.96,0.16,0.0,0.0,1027.0,8228.0,0.0,0.0,0.0,0.0,0.0,1.0,0.0,0.0,0.0,0.0,0.0,-1.1,0.0,0.5,0.0,0.0,16.0,25903.0
2026-07-30T18:59:26.656Z,136.139,136.15200000000002,0.0,7.4,0.0,0.0,0.0,0.0,0.0,0.0,0.0,0.0,1.0,0.0,0.0,0.0,9.0,4.0,0.0,0.0,0.0,0.0,0.0,0.0,0.0,0.0,2.0,12.0,1.0,12.17,5.01,2.51,1.49,0.0,0.0,0.0,0.5,0.0,-0.2,-0.4,-0.1,-169.70000000000002,0.0,0.0,169.8,0.0,21.3,30.6,30.6,31.3,300.0,300.0,31.0,34.9,30.200000000000003,29.6,31.4,4.95,1.99,4.97,0.16,0.0,0.0,1027.0,8228.0,0.0,0.0,0.0,0.0,0.0,1.0,0.0,0.0,0.0,0.0,0.0,-0.6000000000000001,0.0,0.0,0.0,0.0,16.0,25903.0
2026-07-30T18:59:26.668Z,136.151,136.16400000000002,0.0,7.4,0.0,0.0,0.0,0.0,0.0,0.0,0.0,0.0,1.0,0.0,0.0,0.0,9.0,4.0,0.0,0.0,0.0,0.0,0.0,0.0,0.0,0.0,4.0,12.0,1.0,12.17,5.01,2.51,1.49,0.0,0.0,0.0,0.4,0.0,-0.8,0.7000000000000001,-0.1,-169.70000000000002,0.0,0.0,169.8,0.0,21.3,30.6,30.6,31.3,300.0,300.0,31.0,34.9,30.200000000000003,29.6,31.4,4.95,1.99,4.96,0.16,0.0,0.0,1027.0,8228.0,0.0,0.0,0.0,0.0,0.0,1.0,0.0,0.0,0.0,0.0,0.0,0.7000000000000001,0.0,0.3,0.0,0.0,16.0,25903.0
2026-07-30T18:59:26.680Z,136.163,136.17600000000002,0.0,7.4,0.0,0.0,0.0,0.0,0.0,0.0,0.0,0.0,1.0,0.0,0.0,0.0,9.0,4.0,0.0,0.0,0.0,0.0,0.0,0.0,0.0,0.0,5.0,12.0,1.0,12.18,5.01,2.51,1.49,0.0,0.0,0.0,0.4,0.0,0.3,1.3,1.0,-169.70000000000002,0.0,0.0,169.70000000000002,0.0,21.4,30.6,30.6,31.3,300.0,300.0,31.0,34.9,30.200000000000003,29.6,31.4,4.96,1.99,4.96,0.16,0.0,0.0,1027.0,8228.0,0.0,0.0,0.0,0.0,0.0,1.0,0.0,0.0,0.0,0.0,0.0,2.3000000000000003,0.0,-0.6000000000000001,0.0,0.0001,16.0,25903.0
2026-07-30T18:59:26.692Z,136.175,136.18800000000002,0.0,7.4,0.0,0.0,0.0,0.0,0.0,0.0,0.0,0.0,1.0,0.0,0.0,0.0,9.0,4.0,0.0,0.0,0.0,0.0,0.0,0.0,0.0,0.0,6.0,12.0,1.0,12.18,5.01,2.51,1.49,0.0,0.0,0.0,0.4,0.0,0.3,0.1,0.4,-169.70000000000002,0.0,0.0,169.70000000000002,0.0,21.4,30.6,30.6,31.3,300.0,300.0,31.0,34.9,30.200000000000003,29.6,31.4,4.95,1.99,4.97,0.16,0.0,0.0,1027.0,8228.0,0.0,0.0,0.0,0.0,0.0,1.0,0.0,0.0,0.0,0.0,0.0,0.5,0.0,-0.3,0.0,0.0001,16.0,25903.0
2026-07-30T18:59:26.703Z,136.186,136.2,0.0,7.4,0.0,0.0,0.0,0.0,0.0,0.0,0.0,0.0,1.0,0.0,0.0,0.0,9.0,4.0,0.0,0.0,0.0,0.0,0.0,0.0,0.0,0.0,2.0,12.0,1.0,12.18,5.01,2.51,1.49,0.0,0.0,0.0,0.5,0.0,0.2,0.1,-0.7000000000000001,-169.70000000000002,0.0,0.0,169.8,0.0,21.4,30.6,30.6,31.3,300.0,300.0,31.0,34.9,30.200000000000003,29.6,31.4,4.96,1.99,4.96,0.16,0.0,0.0,1027.0,8228.0,0.0,0.0,0.0,0.0,0.0,1.0,0.0,0.0,0.0,0.0,0.0,-0.4,0.0,0.6000000000000001,0.0,0.0001,16.0,25903.0
2026-07-30T18:59:26.716Z,136.199,136.212,0.0,7.4,0.0,0.0,0.0,0.0,0.0,0.0,0.0,0.0,1.0,0.0,0.0,0.0,9.0,4.0,0.0,0.0,0.0,0.0,0.0,0.0,0.0,0.0,3.0,12.0,1.0,12.18,5.01,2.51,1.49,0.0,0.0,0.0,0.5,0.0,1.4,0.7000000000000001,1.0,-169.70000000000002,0.0,0.0,169.70000000000002,0.0,21.4,30.6,30.6,31.3,300.0,300.0,31.0,34.9,30.200000000000003,29.6,31.4,4.96,1.99,4.96,0.16,0.0,0.0,1027.0,8228.0,0.0,0.0,0.0,0.0,0.0,1.0,0.0,0.0,0.0,0.0,0.0,1.5,0.0,-0.7000000000000001,0.0,0.0002,16.0,25903.0
2026-07-30T18:59:26.728Z,136.211,136.224,0.0,7.4,0.0,0.0,0.0,0.0,0.0,0.0,0.0,0.0,1.0,0.0,0.0,0.0,9.0,4.0,0.0,0.0,0.0,0.0,0.0,0.0,0.0,0.0,4.0,12.0,1.0,12.18,5.01,2.51,1.49,0.0,0.0,0.0,0.5,0.0,-0.3,1.3,0.4,-169.70000000000002,0.0,0.0,169.70000000000002,0.0,21.4,30.6,30.6,31.3,300.0,300.0,31.0,34.9,30.200000000000003,29.6,31.4,4.96,1.99,4.96,0.16,0.0,0.0,1027.0,8228.0,0.0,0.0,0.0,0.0,0.0,1.0,0.0,0.0,0.0,0.0,0.0,1.8,0.0,0.0,0.0,0.0,16.0,25903.0
2026-07-30T18:59:26.740Z,136.223,136.236,0.0,7.4,0.0,0.0,0.0,0.0,0.0,0.0,0.0,0.0,1.0,0.0,0.0,0.0,9.0,4.0,0.0,0.0,0.0,0.0,0.0,0.0,0.0,0.0,6.0,12.0,1.0,12.18,5.01,2.51,1.49,0.0,0.0,0.0,0.5,0.0,-0.2,0.1,0.9,-169.70000000000002,0.0,0.0,169.60000000000002,0.0,21.4,30.6,30.6,31.3,300.0,300.0,31.0,34.9,30.200000000000003,29.6,31.4,4.96,1.99,4.96,0.16,0.0,0.0,1027.0,8228.0,0.0,0.0,0.0,0.0,0.0,1.0,0.0,0.0,0.0,0.0,0.0,0.9,0.0,-0.8,0.0,0.0001,16.0,25903.0
2026-07-30T18:59:26.752Z,136.235,136.248,0.0,7.4,0.0,0.0,0.0,0.0,0.0,0.0,0.0,0.0,1.0,0.0,0.0,0.0,9.0,4.0,0.0,0.0,0.0,0.0,0.0,0.0,0.0,0.0,2.0,12.0,1.0,12.18,5.01,2.51,1.49,0.0,0.0,0.0,0.4,0.0,0.2,0.7000000000000001,0.9,-169.70000000000002,0.0,0.0,169.60000000000002,0.0,21.4,30.6,30.6,31.3,300.0,300.0,31.0,34.9,30.200000000000003,29.6,31.4,4.96,1.99,4.96,0.16,0.0,0.0,1027.0,8228.0,0.0,0.0,0.0,0.0,0.0,1.0,0.0,0.0,0.0,0.0,0.0,1.5,0.0,-0.7000000000000001,0.0,0.0001,16.0,25903.0
2026-07-30T18:59:26.764Z,136.247,136.26,0.0,7.4,0.0,0.0,0.0,0.0,0.0,0.0,0.0,0.0,1.0,0.0,0.0,0.0,9.0,4.0,0.0,0.0,0.0,0.0,0.0,0.0,0.0,0.0,2.0,12.0,1.0,12.18,5.01,2.51,1.49,0.0,0.0,0.0,0.4,0.0,-0.3,0.6000000000000001,-0.7000000000000001,-169.70000000000002,0.0,0.0,169.70000000000002,0.0,21.4,30.6,30.6,31.3,300.0,300.0,31.0,34.9,30.200000000000003,29.6,31.4,4.96,1.99,4.97,0.16,0.0,0.0,1027.0,8228.0,0.0,0.0,0.0,0.0,0.0,1.0,0.0,0.0,0.0,0.0,0.0,0.1,0.0,0.8,0.0,0.0,16.0,25903.0
2026-07-30T18:59:26.777Z,136.26,136.272,0.0,7.4,0.0,0.0,0.0,0.0,0.0,0.0,0.0,0.0,1.0,0.0,0.0,0.0,9.0,4.0,0.0,0.0,0.0,0.0,0.0,0.0,0.0,0.0,4.0,12.0,1.0,12.18,5.0200000000000005,2.51,1.49,0.0,0.0,0.0,0.4,0.0,0.8,1.2000000000000002,0.3,-169.70000000000002,0.0,0.0,169.70000000000002,0.0,21.200000000000003,30.6,30.6,31.3,300.0,300.0,30.9,34.9,30.200000000000003,29.6,31.4,4.95,1.99,4.97,0.16,0.0,0.0,1027.0,8228.0,0.0,0.0,0.0,0.0,0.0,1.0,0.0,0.0,0.0,0.0,0.0,1.6,0.0,0.0,0.0,0.0,16.0,25903.0
2026-07-30T18:59:26.788Z,136.271,136.284,0.0,7.4,0.0,0.0,0.0,0.0,0.0,0.0,0.0,0.0,1.0,0.0,0.0,0.0,9.0,4.0,0.0,0.0,0.0,0.0,0.0,0.0,0.0,0.0,5.0,12.0,1.0,12.18,5.0200000000000005,2.51,1.49,0.0,0.0,0.0,0.4,0.0,-0.2,0.6000000000000001,-0.1,-169.70000000000002,0.0,0.0,169.70000000000002,0.0,21.200000000000003,30.6,30.6,31.3,300.0,300.0,30.9,34.9,30.200000000000003,29.6,31.4,4.96,1.99,4.96,0.16,0.0,0.0,1027.0,8228.0,0.0,0.0,0.0,0.0,0.0,1.0,0.0,0.0,0.0,0.0,0.0,0.6000000000000001,0.0,0.2,0.0,0.0001,16.0,25903.0
2026-07-30T18:59:26.800Z,136.283,136.296,0.0,7.4,0.0,0.0,0.0,0.0,0.0,0.0,0.0,0.0,1.0,0.0,0.0,0.0,9.0,4.0,0.0,0.0,0.0,0.0,0.0,0.0,0.0,0.0,6.0,12.0,1.0,12.18,5.0200000000000005,2.51,1.49,0.0,0.0,0.0,0.4,0.0,0.2,-0.4,0.4,-169.70000000000002,0.0,0.0,169.8,0.0,21.200000000000003,30.6,30.6,31.3,300.0,300.0,30.9,34.9,30.200000000000003,29.6,31.4,4.96,2.0,4.97,0.16,0.0,0.0,1027.0,8228.0,0.0,0.0,0.0,0.0,0.0,1.0,0.0,0.0,0.0,0.0,0.0,-0.2,0.0,-0.4,0.0,0.0001,16.0,25903.0
2026-07-30T18:59:26.812Z,136.295,136.308,0.0,7.4,0.0,0.0,0.0,0.0,0.0,0.0,0.0,0.0,1.0,0.0,0.0,0.0,9.0,4.0,0.0,0.0,0.0,0.0,0.0,0.0,0.0,0.0,2.0,12.0,1.0,12.18,5.0200000000000005,2.51,1.49,0.0,0.1,0.0,0.4,0.0,-0.2,0.1,0.0,-169.70000000000002,0.0,0.0,169.60000000000002,0.0,21.200000000000003,30.6,30.6,31.3,300.0,300.0,30.9,34.9,30.200000000000003,29.6,31.4,4.96,1.99,4.97,0.16,0.0,0.0,1027.0,8228.0,0.0,0.0,0.0,0.0,0.0,1.0,0.0,0.0,0.0,0.0,0.0,0.0,0.0,0.1,0.0,0.0002,16.0,25903.0
2026-07-30T18:59:26.824Z,136.307,136.32,0.0,7.4,0.0,0.0,0.0,0.0,0.0,0.0,0.0,0.0,1.0,0.0,0.0,0.0,9.0,4.0,0.0,0.0,0.0,0.0,0.0,0.0,0.0,0.0,3.0,12.0,1.0,12.18,5.0200000000000005,2.51,1.49,0.0,0.0,0.0,0.5,0.0,-0.2,0.1,0.4,-169.70000000000002,0.0,0.0,169.70000000000002,0.0,21.200000000000003,30.6,30.6,31.3,300.0,300.0,30.9,34.9,30.200000000000003,29.6,31.4,4.95,2.0,4.97,0.16,0.0,0.0,1027.0,8228.0,0.0,0.0,0.0,0.0,0.0,1.0,0.0,0.0,0.0,0.0,0.0,0.5,0.0,-0.3,0.0,0.0002,16.0,25903.0
2026-07-30T18:59:26.836Z,136.319,136.332,0.0,7.4,0.0,0.0,0.0,0.0,0.0,0.0,0.0,0.0,1.0,0.0,0.0,0.0,9.0,4.0,0.0,0.0,0.0,0.0,0.0,0.0,0.0,0.0,4.0,12.0,1.0,12.18,5.0200000000000005,2.51,1.49,0.0,0.0,0.0,0.5,0.0,-1.3,-1.0,-0.6000000000000001,-169.70000000000002,0.0,0.0,169.70000000000002,0.0,21.200000000000003,30.6,30.6,31.3,300.0,300.0,30.9,34.9,30.200000000000003,29.6,31.4,4.96,2.0,4.96,0.16,0.0,0.0,1027.0,8228.0,0.0,0.0,0.0,0.0,0.0,1.0,0.0,0.0,0.0,0.0,0.0,-1.6,0.0,0.4,0.0,0.0001,16.0,25903.0
2026-07-30T18:59:26.848Z,136.331,136.344,0.0,7.4,0.0,0.0,0.0,0.0,0.0,0.0,0.0,0.0,1.0,0.0,0.0,0.0,9.0,4.0,0.0,0.0,0.0,0.0,0.0,0.0,0.0,0.0,5.0,12.0,1.0,12.18,5.0200000000000005,2.51,1.49,0.0,0.0,0.0,0.4,0.0,-0.1,-0.4,1.0,-169.70000000000002,0.0,0.0,169.70000000000002,0.0,21.200000000000003,30.6,30.6,31.3,300.0,300.0,30.9,34.9,30.200000000000003,29.6,31.4,4.95,1.99,4.97,0.16,0.0,0.0,1027.0,8228.0,0.0,0.0,0.0,0.0,0.0,1.0,0.0,0.0,0.0,0.0,0.0,0.3,0.0,-1.0,0.0,0.0,16.0,25903.0
2026-07-30T18:59:26.859Z,136.342,136.356,0.0,7.4,0.0,0.0,0.0,0.0,0.0,0.0,0.0,0.0,1.0,0.0,0.0,0.0,9.0,4.0,0.0,0.0,0.0,0.0,0.0,0.0,0.0,0.0,6.0,12.0,1.0,12.18,5.0200000000000005,2.51,1.49,0.0,0.0,0.0,0.4,0.0,-0.7000000000000001,0.1,0.0,-169.70000000000002,0.0,0.0,169.70000000000002,0.0,21.200000000000003,30.6,30.6,31.3,300.0,300.0,30.9,34.9,30.200000000000003,29.6,31.4,4.95,1.99,4.97,0.16,0.0,0.0,1027.0,8228.0,0.0,0.0,0.0,0.0,0.0,1.0,0.0,0.0,0.0,0.0,0.0,0.0,0.0,0.0,0.0,0.0,16.0,25903.0
2026-07-30T18:59:26.884Z,136.367,136.368,0.0,7.4,0.0,0.0,0.0,0.0,0.0,0.0,0.0,0.0,1.0,0.0,0.0,0.0,9.0,4.0,0.0,0.0,0.0,0.0,0.0,0.0,0.0,0.0,1.0,12.0,1.0,12.18,5.0200000000000005,2.51,1.49,0.0,0.0,0.0,0.4,0.0,0.3,-0.4,0.0,-169.70000000000002,0.0,0.0,169.8,0.0,21.200000000000003,30.6,30.6,31.3,300.0,300.0,30.9,34.9,30.200000000000003,29.6,31.4,4.96,1.99,4.97,0.16,0.0,0.0,1027.0,8228.0,0.0,0.0,0.0,0.0,0.0,1.0,0.0,0.0,0.0,0.0,0.0,-0.5,0.0,0.0,0.0,0.0,16.0,25903.0
2026-07-30T18:59:26.888Z,136.371,136.38,0.0,7.4,0.0,0.0,0.0,0.0,0.0,0.0,0.0,0.0,1.0,0.0,0.0,0.0,9.0,4.0,0.0,0.0,0.0,0.0,0.0,0.0,0.0,0.0,1.0,12.0,1.0,12.17,5.01,2.5,1.49,0.0,0.0,0.0,0.4,0.0,0.3,-0.4,0.4,-169.70000000000002,0.0,0.0,169.70000000000002,0.0,21.700000000000003,30.6,30.6,31.3,300.0,300.0,30.9,34.9,30.200000000000003,29.6,31.4,4.95,1.99,4.96,0.16,0.0,0.0,1027.0,8228.0,0.0,0.0,0.0,0.0,0.0,1.0,0.0,0.0,0.0,0.0,0.0,-0.1,0.0,-0.5,0.0,0.0002,16.0,25903.0
2026-07-30T18:59:26.896Z,136.379,136.392,0.0,7.4,0.0,0.0,0.0,0.0,0.0,0.0,0.0,0.0,1.0,0.0,0.0,0.0,9.0,4.0,0.0,0.0,0.0,0.0,0.0,0.0,0.0,0.0,6.0,12.0,1.0,12.17,5.01,2.5,1.49,0.0,0.0,0.0,0.4,0.0,1.5,0.7000000000000001,0.5,-169.70000000000002,0.0,0.0,169.70000000000002,0.0,21.700000000000003,30.6,30.6,31.3,300.0,300.0,30.9,34.9,30.200000000000003,29.6,31.4,4.95,1.99,4.97,0.16,0.0,0.0,1027.0,8228.0,0.0,0.0,0.0,0.0,0.0,1.0,0.0,0.0,0.0,0.0,0.0,1.2000000000000002,0.0,-0.2,0.0,0.0001,16.0,25903.0
2026-07-30T18:59:26.908Z,136.391,136.404,0.0,7.4,0.0,0.0,0.0,0.0,0.0,0.0,0.0,0.0,1.0,0.0,0.0,0.0,9.0,4.0,0.0,0.0,0.0,0.0,0.0,0.0,0.0,0.0,1.0,12.0,1.0,12.17,5.01,2.5,1.49,0.0,0.1,0.0,0.4,0.0,0.3,0.1,1.0,-169.70000000000002,0.0,0.0,169.70000000000002,0.0,21.700000000000003,30.6,30.6,31.3,300.0,300.0,30.9,34.9,30.200000000000003,29.6,31.4,4.95,2.0,4.96,0.16,0.0,0.0,1027.0,8228.0,0.0,0.0,0.0,0.0,0.0,1.0,0.0,0.0,0.0,0.0,0.0,1.0,0.0,-0.9,0.0,0.0,16.0,25903.0
2026-07-30T18:59:26.920Z,136.403,136.416,0.0,7.4,0.0,0.0,0.0,0.0,0.0,0.0,0.0,0.0,1.0,0.0,0.0,0.0,9.0,4.0,0.0,0.0,0.0,0.0,0.0,0.0,0.0,0.0,2.0,12.0,1.0,12.17,5.01,2.5,1.49,0.0,0.0,0.0,0.4,0.0,0.4,-0.4,0.0,-169.70000000000002,0.0,0.0,169.70000000000002,0.0,21.700000000000003,30.6,30.6,31.3,300.0,300.0,30.9,34.9,30.200000000000003,29.6,31.4,4.96,1.99,4.96,0.15,0.0,0.0,1027.0,8228.0,0.0,0.0,0.0,0.0,0.0,1.0,0.0,0.0,0.0,0.0,0.0,-0.5,0.0,0.0,0.0,0.0,16.0,25903.0
2026-07-30T18:59:26.932Z,136.415,136.428,0.0,7.4,0.0,0.0,0.0,0.0,0.0,0.0,0.0,0.0,1.0,0.0,0.0,0.0,9.0,4.0,0.0,0.0,0.0,0.0,0.0,0.0,0.0,0.0,4.0,12.0,1.0,12.17,5.01,2.5,1.49,0.0,0.0,0.0,0.5,0.0,-0.1,1.9,0.5,-169.70000000000002,0.0,0.0,169.60000000000002,0.0,21.700000000000003,30.6,30.6,31.3,300.0,300.0,30.9,34.9,30.200000000000003,29.6,31.4,4.95,1.99,4.97,0.16,0.0,0.0,1027.0,8228.0,0.0,0.0,0.0,0.0,0.0,1.0,0.0,0.0,0.0,0.0,0.0,2.6,0.0,0.0,0.0,0.0001,16.0,25903.0
2026-07-30T18:59:26.944Z,136.427,136.44,0.0,7.4,0.0,0.0,0.0,0.0,0.0,0.0,0.0,0.0,1.0,0.0,0.0,0.0,9.0,4.0,0.0,0.0,0.0,0.0,0.0,0.0,0.0,0.0,5.0,12.0,1.0,12.17,5.01,2.5,1.49,0.0,0.0,0.0,0.5,0.0,-0.7000000000000001,0.2,-0.6000000000000001,-169.70000000000002,0.0,0.0,169.60000000000002,0.0,21.700000000000003,30.6,30.6,31.3,300.0,300.0,30.9,34.9,30.200000000000003,29.6,31.4,4.96,1.99,4.96,0.16,0.0,0.0,1027.0,8228.0,0.0,0.0,0.0,0.0,0.0,1.0,0.0,0.0,0.0,0.0,0.0,-0.2,0.0,0.6000000000000001,0.0,0.0,16.0,25903.0
2026-07-30T18:59:26.956Z,136.439,136.452,0.0,7.4,0.0,0.0,0.0,0.0,0.0,0.0,0.0,0.0,1.0,0.0,0.0,0.0,9.0,4.0,0.0,0.0,0.0,0.0,0.0,0.0,0.0,0.0,1.0,12.0,1.0,12.17,5.01,2.5,1.49,0.0,0.0,0.0,0.4,0.0,-0.7000000000000001,-0.9,-1.2000000000000002,-169.60000000000002,0.0,0.0,169.70000000000002,0.0,21.700000000000003,30.6,30.6,31.3,300.0,300.0,30.9,34.9,30.200000000000003,29.6,31.4,4.96,1.99,4.96,0.16,0.0,0.0,1027.0,8228.0,0.0,0.0,0.0,0.0,0.0,1.0,0.0,0.0,0.0,0.0,0.0,-2.0,0.0,0.8,0.0,0.0,16.0,25903.0
2026-07-30T18:59:26.968Z,136.451,136.464,0.0,7.4,0.0,0.0,0.0,0.0,0.0,0.0,0.0,0.0,1.0,0.0,0.0,0.0,9.0,4.0,0.0,0.0,0.0,0.0,0.0,0.0,0.0,0.0,3.0,12.0,1.0,12.17,5.01,2.5,1.49,0.0,0.0,0.0,0.4,0.0,-0.2,-0.4,-0.6000000000000001,-169.60000000000002,0.0,0.0,169.60000000000002,0.0,21.700000000000003,30.6,30.6,31.3,300.0,300.0,30.9,34.9,30.200000000000003,29.6,31.4,4.95,1.99,4.96,0.16,0.0,0.0,1027.0,8228.0,0.0,0.0,0.0,0.0,0.0,1.0,0.0,0.0,0.0,0.0,0.0,-0.9,0.0,0.4,0.0,0.0,16.0,25903.0
2026-07-30T18:59:26.981Z,136.464,136.476,0.0,7.4,0.0,0.0,0.0,0.0,0.0,0.0,0.0,0.0,1.0,0.0,0.0,0.0,9.0,4.0,0.0,0.0,0.0,0.0,0.0,0.0,0.0,0.0,4.0,12.0,1.0,12.17,5.0200000000000005,2.51,1.49,0.0,0.0,0.0,0.4,0.0,-0.2,0.1,0.0,-169.60000000000002,0.0,0.0,169.70000000000002,0.0,21.3,30.6,30.6,31.3,300.0,300.0,30.9,34.9,30.200000000000003,29.6,31.3,4.95,1.99,4.97,0.16,0.0,0.0,1027.0,8228.0,0.0,0.0,0.0,0.0,0.0,1.0,0.0,0.0,0.0,0.0,0.0,0.1,0.0,0.0,0.0,0.0,16.0,25903.0
2026-07-30T18:59:26.992Z,136.475,136.488,0.0,7.4,0.0,0.0,0.0,0.0,0.0,0.0,0.0,0.0,1.0,0.0,0.0,0.0,9.0,4.0,0.0,0.0,0.0,0.0,0.0,0.0,0.0,0.0,6.0,12.0,1.0,12.17,5.0200000000000005,2.51,1.49,0.0,0.0,0.0,0.4,0.0,0.3,-1.0,1.1,-169.60000000000002,0.0,0.0,169.70000000000002,0.0,21.3,30.6,30.6,31.3,300.0,300.0,30.9,34.9,30.200000000000003,29.6,31.3,4.96,2.0,4.96,0.16,0.0,0.0,1027.0,8228.0,0.0,0.0,0.0,0.0,0.0,1.0,0.0,0.0,0.0,0.0,0.0,-0.3,0.0,-1.1,0.0,0.0001,16.0,25903.0
2026-07-30T18:59:27.004Z,136.487,136.5,0.0,7.4,0.0,0.0,0.0,0.0,0.0,0.0,0.0,0.0,1.0,0.0,0.0,0.0,9.0,4.0,0.0,0.0,0.0,0.0,0.0,0.0,0.0,0.0,1.0,12.0,1.0,12.17,5.0200000000000005,2.51,1.49,0.0,0.0,0.0,0.4,0.0,0.3,0.6000000000000001,-0.6000000000000001,-169.60000000000002,0.0,0.0,169.60000000000002,0.0,21.3,30.6,30.6,31.3,300.0,300.0,30.9,34.9,30.200000000000003,29.6,31.3,4.96,1.99,4.97,0.16,0.0,0.0,1027.0,8228.0,0.0,0.0,0.0,0.0,0.0,1.0,0.0,0.0,0.0,0.0,0.0,0.2,0.0,0.7000000000000001,0.0,0.0,16.0,25903.0
2026-07-30T18:59:27.016Z,136.499,136.512,0.0,7.4,0.0,0.0,0.0,0.0,0.0,0.0,0.0,0.0,1.0,0.0,0.0,0.0,9.0,4.0,0.0,0.0,0.0,0.0,0.0,0.0,0.0,0.0,3.0,12.0,1.0,12.17,5.0200000000000005,2.51,1.49,0.0,0.0,0.0,0.5,0.0,0.3,0.0,-1.2000000000000002,-169.60000000000002,0.0,0.0,169.60000000000002,0.0,21.3,30.6,30.6,31.3,300.0,300.0,30.9,34.9,30.200000000000003,29.6,31.3,4.95,1.99,4.97,0.16,0.0,0.0,1027.0,8228.0,0.0,0.0,0.0,0.0,0.0,1.0,0.0,0.0,0.0,0.0,0.0,0.4,0.0,1.3,0.0,0.0,16.0,25903.0
2026-07-30T18:59:27.028Z,136.511,136.524,0.0,7.4,0.0,0.0,0.0,0.0,0.0,0.0,0.0,0.0,1.0,0.0,0.0,0.0,9.0,4.0,0.0,0.0,0.0,0.0,0.0,0.0,0.0,0.0,4.0,12.0,1.0,12.17,5.0200000000000005,2.51,1.49,0.0,0.0,0.0,0.4,0.0,-0.3,-0.5,-0.7000000000000001,-169.60000000000002,0.0,0.0,169.70000000000002,0.0,21.3,30.6,30.6,31.3,300.0,300.0,30.9,34.9,30.200000000000003,29.6,31.3,4.96,1.99,4.96,0.16,0.0,0.0,1027.0,8228.0,0.0,0.0,0.0,0.0,0.0,1.0,0.0,0.0,0.0,0.0,0.0,-1.1,0.0,0.5,0.0,0.0,16.0,25903.0
2026-07-30T18:59:27.040Z,136.523,136.536,0.0,7.4,0.0,0.0,0.0,0.0,0.0,0.0,0.0,0.0,1.0,0.0,0.0,0.0,9.0,4.0,0.0,0.0,0.0,0.0,0.0,0.0,0.0,0.0,6.0,12.0,1.0,12.17,5.0200000000000005,2.51,1.49,0.0,0.1,0.0,0.4,0.0,0.2,-0.5,0.4,-169.60000000000002,0.0,0.0,169.60000000000002,0.0,21.3,30.6,30.6,31.3,300.0,300.0,30.9,34.9,30.200000000000003,29.6,31.3,4.96,2.0,4.96,0.16,0.0,0.0,1027.0,8228.0,0.0,0.0,0.0,0.0,0.0,1.0,0.0,0.0,0.0,0.0,0.0,-0.3,0.0,-0.5,0.0,0.0001,16.0,25903.0
2026-07-30T18:59:27.052Z,136.535,136.548,0.0,7.4,0.0,0.0,0.0,0.0,0.0,0.0,0.0,0.0,1.0,0.0,0.0,0.0,9.0,4.0,0.0,0.0,0.0,0.0,0.0,0.0,0.0,0.0,1.0,12.0,1.0,12.17,5.0200000000000005,2.51,1.49,0.0,0.0,0.0,0.4,0.0,-0.3,0.0,0.4,-169.60000000000002,0.0,0.0,169.70000000000002,0.0,21.3,30.6,30.6,31.3,300.0,300.0,30.9,34.9,30.200000000000003,29.6,31.3,4.96,1.99,4.96,0.16,0.0,0.0,1027.0,8228.0,0.0,0.0,0.0,0.0,0.0,1.0,0.0,0.0,0.0,0.0,0.0,0.0,0.0,0.0,0.0,0.0,16.0,25903.0
2026-07-30T18:59:27.064Z,136.547,136.56,0.0,7.4,0.0,0.0,0.0,0.0,0.0,0.0,0.0,0.0,1.0,0.0,0.0,0.0,9.0,4.0,0.0,0.0,0.0,0.0,0.0,0.0,0.0,0.0,3.0,12.0,1.0,12.17,5.0200000000000005,2.51,1.49,0.0,0.0,0.0,0.4,0.0,-0.8,0.0,0.0,-169.60000000000002,0.0,0.0,169.70000000000002,0.0,21.3,30.6,30.6,31.3,300.0,300.0,30.9,34.9,30.200000000000003,29.6,31.3,4.96,1.99,4.96,0.16,0.0,0.0,1027.0,8228.0,0.0,0.0,0.0,0.0,0.0,1.0,0.0,0.0,0.0,0.0,0.0,0.0,0.0,0.0,0.0,0.0001,16.0,25903.0
2026-07-30T18:59:27.076Z,136.559,136.572,0.0,7.4,0.0,0.0,0.0,0.0,0.0,0.0,0.0,0.0,1.0,0.0,0.0,0.0,9.0,4.0,0.0,0.0,0.0,0.0,0.0,0.0,0.0,0.0,4.0,12.0,1.0,12.17,5.0200000000000005,2.51,1.49,0.0,0.0,0.0,0.4,0.0,0.8,0.0,-0.6000000000000001,-169.60000000000002,0.0,0.0,169.70000000000002,0.0,21.3,30.6,30.6,31.3,300.0,300.0,30.9,34.9,30.200000000000003,29.6,31.3,4.96,1.99,4.96,0.16,0.0,0.0,1027.0,8228.0,0.0,0.0,0.0,0.0,0.0,1.0,0.0,0.0,0.0,0.0,0.0,-0.3,0.0,0.5,0.0,0.0,16.0,25903.0
2026-07-30T18:59:27.088Z,136.571,136.584,0.0,7.4,0.0,0.0,0.0,0.0,0.0,0.0,0.0,0.0,1.0,0.0,0.0,0.0,9.0,4.0,0.0,0.0,0.0,0.0,0.0,0.0,0.0,0.0,5.0,12.0,1.0,12.14,5.0200000000000005,2.51,1.5,0.0,0.0,0.0,0.4,0.0,-0.3,-1.0,0.0,-169.60000000000002,0.0,0.0,169.60000000000002,0.0,21.700000000000003,30.6,30.6,31.3,300.0,300.0,31.0,34.9,30.200000000000003,29.6,31.4,4.95,1.99,4.97,0.16,0.0,0.0,1027.0,8228.0,0.0,0.0,0.0,0.0,0.0,1.0,0.0,0.0,0.0,0.0,0.0,-1.2000000000000002,0.0,-0.1,0.0,0.0001,16.0,25903.0
2026-07-30T18:59:27.100Z,136.583,136.596,0.0,7.4,0.0,0.0,0.0,0.0,0.0,0.0,0.0,0.0,1.0,0.0,0.0,0.0,9.0,4.0,0.0,0.0,0.0,0.0,0.0,0.0,0.0,0.0,6.0,12.0,1.0,12.14,5.0200000000000005,2.51,1.5,0.0,0.1,0.0,0.4,0.0,0.2,0.1,0.0,-169.60000000000002,0.0,0.0,169.60000000000002,0.0,21.700000000000003,30.6,30.6,31.3,300.0,300.0,31.0,34.9,30.200000000000003,29.6,31.4,4.95,1.99,4.96,0.16,0.0,0.0,1027.0,8228.0,0.0,0.0,0.0,0.0,0.0,1.0,0.0,0.0,0.0,0.0,0.0,0.1,0.0,0.0,0.0,0.0001,16.0,25903.0
2026-07-30T18:59:27.112Z,136.595,136.608,0.0,7.4,0.0,0.0,0.0,0.0,0.0,0.0,0.0,0.0,1.0,0.0,0.0,0.0,9.0,4.0,0.0,0.0,0.0,0.0,0.0,0.0,0.0,0.0,1.0,12.0,1.0,12.14,5.0200000000000005,2.51,1.5,0.0,0.0,0.0,0.5,0.0,-0.2,0.1,0.5,-169.60000000000002,0.0,0.0,169.70000000000002,0.0,21.700000000000003,30.6,30.6,31.3,300.0,300.0,31.0,34.9,30.200000000000003,29.6,31.4,4.96,2.0,4.96,0.16,0.0,0.0,1027.0,8228.0,0.0,0.0,0.0,0.0,0.0,1.0,0.0,0.0,0.0,0.0,0.0,0.5,0.0,-0.4,0.0,0.0,16.0,25903.0
2026-07-30T18:59:27.124Z,136.607,136.62,0.0,7.4,0.0,0.0,0.0,0.0,0.0,0.0,0.0,0.0,1.0,0.0,0.0,0.0,9.0,4.0,0.0,0.0,0.0,0.0,0.0,0.0,0.0,0.0,2.0,12.0,1.0,12.14,5.0200000000000005,2.51,1.5,0.0,0.0,0.0,0.5,0.0,-0.2,-0.9,0.0,-169.60000000000002,0.0,0.0,169.60000000000002,0.0,21.700000000000003,30.6,30.6,31.3,300.0,300.0,31.0,34.9,30.200000000000003,29.6,31.4,4.95,2.0,4.96,0.16,0.0,0.0,1027.0,8228.0,0.0,0.0,0.0,0.0,0.0,1.0,0.0,0.0,0.0,0.0,0.0,-1.1,0.0,-0.1,0.0,0.0,16.0,25903.0
2026-07-30T18:59:27.135Z,136.618,136.632,0.0,7.4,0.0,0.0,0.0,0.0,0.0,0.0,0.0,0.0,1.0,0.0,0.0,0.0,9.0,4.0,0.0,0.0,0.0,0.0,0.0,0.0,0.0,0.0,3.0,12.0,1.0,12.14,5.0200000000000005,2.51,1.5,0.0,0.1,0.0,0.4,0.0,-0.2,0.1,-1.1,-169.60000000000002,0.0,0.0,169.60000000000002,0.0,21.700000000000003,30.6,30.6,31.3,300.0,300.0,31.0,34.9,30.200000000000003,29.6,31.4,4.95,1.99,4.97,0.16,0.0,0.0,1027.0,8228.0,0.0,0.0,0.0,0.0,0.0,1.0,0.0,0.0,0.0,0.0,0.0,-0.7000000000000001,0.0,1.0,0.0,0.0,16.0,25903.0
2026-07-30T18:59:27.148Z,136.631,136.644,0.0,7.4,0.0,0.0,0.0,0.0,0.0,0.0,0.0,0.0,1.0,0.0,0.0,0.0,9.0,4.0,0.0,0.0,0.0,0.0,0.0,0.0,0.0,0.0,4.0,12.0,1.0,12.14,5.0200000000000005,2.51,1.5,0.0,0.0,0.0,0.4,0.0,-0.2,-1.0,-1.1,-169.60000000000002,0.0,0.0,169.70000000000002,0.0,21.700000000000003,30.6,30.6,31.3,300.0,300.0,31.0,34.9,30.200000000000003,29.6,31.4,4.95,1.99,4.97,0.16,0.0,0.0,1027.0,8228.0,0.0,0.0,0.0,0.0,0.0,1.0,0.0,0.0,0.0,0.0,0.0,-2.0,0.0,0.8,0.0,0.0,16.0,25903.0
2026-07-30T18:59:27.159Z,136.642,136.656,0.0,7.4,0.0,0.0,0.0,0.0,0.0,0.0,0.0,0.0,1.0,0.0,0.0,0.0,9.0,4.0,0.0,0.0,0.0,0.0,0.0,0.0,0.0,0.0,5.0,12.0,1.0,12.14,5.0200000000000005,2.51,1.5,0.0,0.0,0.0,0.5,0.0,0.3,0.1,1.1,-169.60000000000002,0.0,0.0,169.70000000000002,0.0,21.700000000000003,30.6,30.6,31.3,300.0,300.0,31.0,34.9,30.200000000000003,29.6,31.4,4.96,1.99,4.97,0.16,0.0,0.0,1027.0,8228.0,0.0,0.0,0.0,0.0,0.0,1.0,0.0,0.0,0.0,0.0,0.0,1.0,0.0,-0.9,0.0,0.0001,16.0,25903.0
2026-07-30T18:59:27.172Z,136.655,136.668,0.0,7.4,0.0,0.0,0.0,0.0,0.0,0.0,0.0,0.0,1.0,0.0,0.0,0.0,9.0,4.0,0.0,0.0,0.0,0.0,0.0,0.0,0.0,0.0,6.0,12.0,1.0,12.14,5.0200000000000005,2.51,1.5,0.0,0.0,0.0,0.4,0.0,-0.2,0.1,0.5,-169.60000000000002,0.0,0.0,169.8,0.0,21.700000000000003,30.6,30.6,31.3,300.0,300.0,31.0,34.9,30.200000000000003,29.6,31.4,4.95,1.99,4.97,0.16,0.0,0.0,1027.0,8228.0,0.0,0.0,0.0,0.0,0.0,1.0,0.0,0.0,0.0,0.0,0.0,0.6000000000000001,0.0,-0.4,0.0,0.0001,16.0,25903.0
2026-07-30T18:59:27.185Z,136.668,136.68,0.0,7.4,0.0,0.0,0.0,0.0,0.0,0.0,0.0,0.0,1.0,0.0,0.0,0.0,9.0,4.0,0.0,0.0,0.0,0.0,0.0,0.0,0.0,0.0,2.0,12.0,1.0,12.19,5.01,2.5,1.49,0.0,0.0,0.0,0.4,0.0,0.3,-1.0,1.7000000000000002,-169.60000000000002,0.0,0.0,169.8,0.0,21.700000000000003,30.6,30.6,31.3,300.0,300.0,30.9,34.9,30.200000000000003,29.6,31.4,4.96,1.99,4.96,0.16,0.0,0.0,1027.0,8228.0,0.0,0.0,0.0,0.0,0.0,1.0,0.0,0.0,0.0,0.0,0.0,0.1,0.0,-1.7000000000000002,0.0,0.0,16.0,25903.0
2026-07-30T18:59:27.202Z,136.685,136.692,0.0,7.4,0.0,0.0,0.0,0.0,0.0,0.0,0.0,0.0,1.0,0.0,0.0,0.0,9.0,4.0,0.0,0.0,0.0,0.0,0.0,0.0,0.0,0.0,2.0,12.0,1.0,12.19,5.01,2.5,1.49,0.0,0.0,0.0,0.4,0.0,-0.8,0.6000000000000001,-0.6000000000000001,-169.60000000000002,0.0,0.0,169.8,0.0,21.700000000000003,30.6,30.6,31.3,300.0,300.0,30.9,34.9,30.200000000000003,29.6,31.4,4.96,1.99,4.96,0.16,0.0,0.0,1027.0,8228.0,0.0,0.0,0.0,0.0,0.0,1.0,0.0,0.0,0.0,0.0,0.0,0.3,0.0,0.6000000000000001,0.0,0.0,16.0,25903.0
2026-07-30T18:59:27.208Z,136.691,136.704,0.0,7.4,0.0,0.0,0.0,0.0,0.0,0.0,0.0,0.0,1.0,0.0,0.0,0.0,9.0,4.0,0.0,0.0,0.0,0.0,0.0,0.0,0.0,0.0,5.0,12.0,1.0,12.19,5.01,2.5,1.49,0.0,0.0,0.0,0.4,0.0,-0.8,-0.4,-0.6000000000000001,-169.60000000000002,0.0,0.0,169.70000000000002,0.0,21.700000000000003,30.6,30.6,31.3,300.0,300.0,30.9,34.9,30.200000000000003,29.6,31.4,4.95,1.99,4.96,0.16,0.0,0.0,1027.0,8228.0,0.0,0.0,0.0,0.0,0.0,1.0,0.0,0.0,0.0,0.0,0.0,-0.9,0.0,0.4,0.0,0.0001,16.0,25903.0
2026-07-30T18:59:27.220Z,136.703,136.716,0.0,7.4,0.0,0.0,0.0,0.0,0.0,0.0,0.0,0.0,1.0,0.0,0.0,0.0,9.0,4.0,0.0,0.0,0.0,0.0,0.0,0.0,0.0,0.0,1.0,12.0,1.0,12.19,5.01,2.5,1.49,0.0,0.0,0.0,0.4,0.0,-0.2,0.7000000000000001,0.5,-169.70000000000002,0.0,0.0,169.70000000000002,0.0,21.700000000000003,30.6,30.6,31.3,300.0,300.0,30.9,34.9,30.200000000000003,29.6,31.4,4.95,1.99,4.97,0.16,0.0,0.0,1027.0,8228.0,0.0,0.0,0.0,0.0,0.0,1.0,0.0,0.0,0.0,0.0,0.0,1.2000000000000002,0.0,-0.2,0.0,0.0001,16.0,25903.0
2026-07-30T18:59:27.232Z,136.715,136.728,0.0,7.4,0.0,0.0,0.0,0.0,0.0,0.0,0.0,0.0,1.0,0.0,0.0,0.0,9.0,4.0,0.0,0.0,0.0,0.0,0.0,0.0,0.0,0.0,3.0,12.0,1.0,12.19,5.01,2.5,1.49,0.0,0.0,0.0,0.4,0.0,-0.8,-0.4,1.0,-169.60000000000002,0.0,0.0,169.60000000000002,0.0,21.700000000000003,30.6,30.6,31.3,300.0,300.0,30.9,34.9,30.200000000000003,29.6,31.4,4.96,2.0,4.95,0.16,0.0,0.0,1027.0,8228.0,0.0,0.0,0.0,0.0,0.0,1.0,0.0,0.0,0.0,0.0,0.0,0.3,0.0,-1.0,0.0,0.0001,16.0,25903.0
2026-07-30T18:59:27.243Z,136.726,136.74,0.0,7.4,0.0,0.0,0.0,0.0,0.0,0.0,0.0,0.0,1.0,0.0,0.0,0.0,9.0,4.0,0.0,0.0,0.0,0.0,0.0,0.0,0.0,0.0,4.0,12.0,1.0,12.19,5.01,2.5,1.49,0.0,0.0,0.0,0.4,0.0,-0.2,0.1,0.0,-169.60000000000002,0.0,0.0,169.70000000000002,0.0,21.700000000000003,30.6,30.6,31.3,300.0,300.0,30.9,34.9,30.200000000000003,29.6,31.4,4.96,1.99,4.97,0.16,0.0,0.0,1027.0,8228.0,0.0,0.0,0.0,0.0,0.0,1.0,0.0,0.0,0.0,0.0,0.0,0.0,0.0,0.1,0.0,0.0001,16.0,25903.0
2026-07-30T18:59:27.257Z,136.74,136.752,0.0,7.4,0.0,0.0,0.0,0.0,0.0,0.0,0.0,0.0,1.0,0.0,0.0,0.0,9.0,4.0,0.0,0.0,0.0,0.0,0.0,0.0,0.0,0.0,5.0,12.0,1.0,12.19,5.01,2.5,1.49,0.0,0.0,0.0,0.4,0.0,-0.2,0.1,1.0,-169.60000000000002,0.0,0.0,169.60000000000002,0.0,21.700000000000003,30.6,30.6,31.3,300.0,300.0,30.9,34.9,30.200000000000003,29.6,31.4,4.95,1.99,4.97,0.16,0.0,0.0,1027.0,8228.0,0.0,0.0,0.0,0.0,0.0,1.0,0.0,0.0,0.0,0.0,0.0,0.9,0.0,-0.9,0.0,0.0001,16.0,25903.0
2026-07-30T18:59:27.268Z,136.751,136.764,0.0,7.4,0.0,0.0,0.0,0.0,0.0,0.0,0.0,0.0,1.0,0.0,0.0,0.0,9.0,4.0,0.0,0.0,0.0,0.0,0.0,0.0,0.0,0.0,6.0,12.0,1.0,12.19,5.01,2.5,1.49,-0.1,0.0,0.0,0.4,0.0,-0.2,0.1,0.5,-169.60000000000002,0.0,0.0,169.8,0.0,21.700000000000003,30.6,30.6,31.3,300.0,300.0,30.9,34.9,30.200000000000003,29.6,31.4,4.96,1.99,4.96,0.16,0.0,0.0,1027.0,8228.0,0.0,0.0,0.0,0.0,0.0,1.0,0.0,0.0,0.0,0.0,0.0,0.5,0.0,-0.4,0.0,0.0,16.0,25903.0
2026-07-30T18:59:27.279Z,136.762,136.776,0.0,7.4,0.0,0.0,0.0,0.0,0.0,0.0,0.0,0.0,1.0,0.0,0.0,0.0,9.0,4.0,0.0,0.0,0.0,0.0,0.0,0.0,0.0,0.0,1.0,12.0,1.0,12.19,5.01,2.5,1.49,0.0,0.0,0.0,0.4,0.0,0.3,-0.4,0.0,-169.60000000000002,0.0,0.0,169.60000000000002,0.0,21.700000000000003,30.6,30.6,31.3,300.0,300.0,30.9,34.9,30.200000000000003,29.6,31.4,4.95,2.0,4.96,0.16,0.0,0.0,1027.0,8228.0,0.0,0.0,0.0,0.0,0.0,1.0,0.0,0.0,0.0,0.0,0.0,-0.5,0.0,0.0,0.0,0.0002,16.0,25903.0
2026-07-30T18:59:27.292Z,136.775,136.788,0.0,7.4,0.0,0.0,0.0,0.0,0.0,0.0,0.0,0.0,1.0,0.0,0.0,0.0,9.0,4.0,0.0,0.0,0.0,0.0,0.0,0.0,0.0,0.0,2.0,12.0,1.0,12.18,5.01,2.51,1.49,0.0,0.1,0.0,0.4,0.0,-0.2,-0.4,0.5,-169.60000000000002,0.0,0.0,169.70000000000002,0.0,21.3,30.6,30.6,31.3,300.0,300.0,30.9,34.9,30.200000000000003,29.6,31.4,4.95,1.99,4.96,0.16,0.0,0.0,1027.0,8228.0,0.0,0.0,0.0,0.0,0.0,1.0,0.0,0.0,0.0,0.0,0.0,-0.1,0.0,-0.5,0.0,0.0001,16.0,25903.0
2026-07-30T18:59:27.304Z,136.787,136.8,0.0,7.4,0.0,0.0,0.0,0.0,0.0,0.0,0.0,0.0,1.0,0.0,0.0,0.0,9.0,4.0,0.0,0.0,0.0,0.0,0.0,0.0,0.0,0.0,4.0,12.0,1.0,12.18,5.01,2.51,1.49,0.0,0.1,0.0,0.4,0.0,0.3,1.8,1.6,-169.60000000000002,0.0,0.0,169.60000000000002,0.0,21.3,30.6,30.6,31.3,300.0,300.0,30.9,34.9,30.200000000000003,29.6,31.4,4.95,2.0,4.96,0.16,0.0,0.0,1027.0,8228.0,0.0,0.0,0.0,0.0,0.0,1.0,0.0,0.0,0.0,0.0,0.0,3.3000000000000003,0.0,-1.1,0.0,0.0,16.0,25903.0
2026-07-30T18:59:27.316Z,136.799,136.812,0.0,7.4,0.0,0.0,0.0,0.0,0.0,0.0,0.0,0.0,1.0,0.0,0.0,0.0,9.0,4.0,0.0,0.0,0.0,0.0,0.0,0.0,0.0,0.0,5.0,12.0,1.0,12.18,5.01,2.51,1.49,0.0,0.0,0.0,0.4,0.0,0.3,-0.4,-0.7000000000000001,-169.60000000000002,0.0,0.0,169.70000000000002,0.0,21.3,30.6,30.6,31.3,300.0,300.0,30.9,34.9,30.200000000000003,29.6,31.4,4.96,2.0,4.96,0.16,0.0,0.0,1027.0,8228.0,0.0,0.0,0.0,0.0,0.0,1.0,0.0,0.0,0.0,0.0,0.0,-1.0,0.0,0.5,0.0,0.0,16.0,25903.0
2026-07-30T18:59:27.328Z,136.811,136.824,0.0,7.4,0.0,0.0,0.0,0.0,0.0,0.0,0.0,0.0,1.0,0.0,0.0,0.0,9.0,4.0,0.0,0.0,0.0,0.0,0.0,0.0,0.0,0.0,1.0,12.0,1.0,12.18,5.01,2.51,1.49,0.0,0.0,0.0,0.4,0.0,0.4,-1.0,-0.1,-169.60000000000002,0.0,0.0,169.8,0.0,21.3,30.6,30.6,31.3,300.0,300.0,30.9,34.9,30.200000000000003,29.6,31.4,4.95,1.99,4.97,0.16,0.0,0.0,1027.0,8228.0,0.0,0.0,0.0,0.0,0.0,1.0,0.0,0.0,0.0,0.0,0.0,-1.2000000000000002,0.0,-0.1,0.0,0.0001,16.0,25903.0
2026-07-30T18:59:27.340Z,136.823,136.836,0.0,7.4,0.0,0.0,0.0,0.0,0.0,0.0,0.0,0.0,1.0,0.0,0.0,0.0,9.0,4.0,0.0,0.0,0.0,0.0,0.0,0.0,0.0,0.0,2.0,12.0,1.0,12.18,5.01,2.51,1.49,0.0,0.0,0.0,0.5,0.0,-0.1,1.8,1.6,-169.60000000000002,0.0,0.0,169.70000000000002,0.0,21.3,30.6,30.6,31.3,300.0,300.0,30.9,34.9,30.200000000000003,29.6,31.4,4.95,1.99,4.96,0.16,0.0,0.0,1027.0,8228.0,0.0,0.0,0.0,0.0,0.0,1.0,0.0,0.0,0.0,0.0,0.0,3.3000000000000003,0.0,-1.0,0.0,0.0001,16.0,25903.0
2026-07-30T18:59:27.351Z,136.834,136.848,0.0,7.4,0.0,0.0,0.0,0.0,0.0,0.0,0.0,0.0,1.0,0.0,0.0,0.0,9.0,4.0,0.0,0.0,0.0,0.0,0.0,0.0,0.0,0.0,4.0,12.0,1.0,12.18,5.01,2.51,1.49,0.0,0.0,0.0,0.4,0.0,-0.1,1.2000000000000002,1.1,-169.60000000000002,0.0,0.0,169.8,0.0,21.3,30.6,30.6,31.3,300.0,300.0,30.9,34.9,30.200000000000003,29.6,31.4,4.96,2.0,4.96,0.16,0.0,0.0,1027.0,8228.0,0.0,0.0,0.0,0.0,0.0,1.0,0.0,0.0,0.0,0.0,0.0,2.2,0.0,-0.7000000000000001,0.0,0.0001,16.0,25903.0
2026-07-30T18:59:27.364Z,136.847,136.86,0.0,7.4,0.0,0.0,0.0,0.0,0.0,0.0,0.0,0.0,1.0,0.0,0.0,0.0,9.0,4.0,0.0,0.0,0.0,0.0,0.0,0.0,0.0,0.0,5.0,12.0,1.0,12.18,5.01,2.51,1.49,0.0,0.0,0.0,0.4,0.0,0.9,0.1,1.1,-169.60000000000002,0.0,0.0,169.70000000000002,0.0,21.3,30.6,30.6,31.3,300.0,300.0,30.9,34.9,30.200000000000003,29.6,31.4,4.95,2.0,4.97,0.16,0.0,0.0,1027.0,8228.0,0.0,0.0,0.0,0.0,0.0,1.0,0.0,0.0,0.0,0.0,0.0,1.0,0.0,-0.9,0.0,0.0002,16.0,25903.0
2026-07-30T18:59:27.375Z,136.858,136.872,0.0,7.4,0.0,0.0,0.0,0.0,0.0,0.0,0.0,0.0,1.0,0.0,0.0,0.0,9.0,4.0,0.0,0.0,0.0,0.0,0.0,0.0,0.0,0.0,1.0,12.0,1.0,12.18,5.01,2.51,1.49,0.0,0.0,0.0,0.4,0.0,0.3,0.1,-0.6000000000000001,-169.60000000000002,0.0,0.0,169.70000000000002,0.0,21.3,30.6,30.6,31.3,300.0,300.0,30.9,34.9,30.200000000000003,29.6,31.4,4.95,1.99,4.97,0.16,0.0,0.0,1027.0,8228.0,0.0,0.0,0.0,0.0,0.0,1.0,0.0,0.0,0.0,0.0,0.0,-0.3,0.0,0.6000000000000001,0.0,0.0001,16.0,25903.0
2026-07-30T18:59:27.389Z,136.872,136.884,0.0,7.4,0.0,0.0,0.0,0.0,0.0,0.0,0.0,0.0,1.0,0.0,0.0,0.0,9.0,4.0,0.0,0.0,0.0,0.0,0.0,0.0,0.0,0.0,2.0,12.0,1.0,12.18,5.01,2.51,1.49,0.0,0.0,0.0,0.4,0.0,0.9,0.1,0.4,-169.70000000000002,0.0,0.0,169.8,0.0,21.9,30.6,30.6,31.3,300.0,300.0,30.9,34.9,30.200000000000003,29.6,31.4,4.95,2.0,4.96,0.16,0.0,0.0,1027.0,8228.0,0.0,0.0,0.0,0.0,0.0,1.0,0.0,0.0,0.0,0.0,0.0,0.5,0.0,-0.4,0.0,0.0001,16.0,25903.0
2026-07-30T18:59:27.399Z,136.882,136.89600000000002,0.0,7.4,0.0,0.0,0.0,0.0,0.0,0.0,0.0,0.0,1.0,0.0,0.0,0.0,9.0,4.0,0.0,0.0,0.0,0.0,0.0,0.0,0.0,0.0,4.0,12.0,1.0,12.18,5.01,2.51,1.49,0.0,0.0,0.0,0.4,0.0,0.3,1.8,-0.1,-169.70000000000002,0.0,0.0,169.8,0.0,21.9,30.6,30.6,31.3,300.0,300.0,30.9,34.9,30.200000000000003,29.6,31.4,4.96,1.99,4.96,0.16,0.0,0.0,1027.0,8228.0,0.0,0.0,0.0,0.0,0.0,1.0,0.0,0.0,0.0,0.0,0.0,2.0,0.0,0.4,0.0,0.0001,16.0,25903.0
2026-07-30T18:59:27.412Z,136.895,136.90800000000002,0.0,7.4,0.0,0.0,0.0,0.0,0.0,0.0,0.0,0.0,1.0,0.0,0.0,0.0,9.0,4.0,0.0,0.0,0.0,0.0,0.0,0.0,0.0,0.0,5.0,12.0,1.0,12.18,5.01,2.51,1.49,0.0,0.0,0.0,0.5,0.0,-0.1,0.7000000000000001,0.5,-169.70000000000002,0.0,0.0,169.70000000000002,0.0,21.9,30.6,30.6,31.3,300.0,300.0,30.9,34.9,30.200000000000003,29.6,31.4,4.95,1.99,4.97,0.16,0.0,0.0,1027.0,8228.0,0.0,0.0,0.0,0.0,0.0,1.0,0.0,0.0,0.0,0.0,0.0,1.2000000000000002,0.0,-0.3,0.0,0.0001,16.0,25903.0
2026-07-30T18:59:27.424Z,136.907,136.92000000000002,0.0,7.4,0.0,0.0,0.0,0.0,0.0,0.0,0.0,0.0,1.0,0.0,0.0,0.0,9.0,4.0,0.0,0.0,0.0,0.0,0.0,0.0,0.0,0.0,1.0,12.0,1.0,12.18,5.01,2.51,1.49,0.0,0.1,0.0,0.4,0.0,-0.7000000000000001,-1.5,0.0,-169.70000000000002,0.0,0.0,169.70000000000002,0.0,21.9,30.6,30.6,31.3,300.0,300.0,30.9,34.9,30.200000000000003,29.6,31.4,4.95,2.0,4.96,0.16,0.0,0.0,1027.0,8228.0,0.0,0.0,0.0,0.0,0.0,1.0,0.0,0.0,0.0,0.0,0.0,-1.8,0.0,-0.2,0.0,0.0,16.0,25903.0
2026-07-30T18:59:27.435Z,136.918,136.93200000000002,0.0,7.4,0.0,0.0,0.0,0.0,0.0,0.0,0.0,0.0,1.0,0.0,0.0,0.0,9.0,4.0,0.0,0.0,0.0,0.0,0.0,0.0,0.0,0.0,3.0,12.0,1.0,12.18,5.01,2.51,1.49,0.0,0.0,0.0,0.4,0.0,-0.1,0.7000000000000001,-1.2000000000000002,-169.70000000000002,0.0,0.0,169.70000000000002,0.0,21.9,30.6,30.6,31.3,300.0,300.0,30.9,34.9,30.200000000000003,29.6,31.4,4.95,2.0,4.97,0.16,0.0,0.0,1027.0,8228.0,0.0,0.0,0.0,0.0,0.0,1.0,0.0,0.0,0.0,0.0,0.0,0.0,0.0,1.2000000000000002,0.0,0.0001,16.0,25903.0
2026-07-30T18:59:27.448Z,136.931,136.94400000000002,0.0,7.4,0.0,0.0,0.0,0.0,0.0,0.0,0.0,0.0,1.0,0.0,0.0,0.0,9.0,4.0,0.0,0.0,0.0,0.0,0.0,0.0,0.0,0.0,4.0,12.0,1.0,12.18,5.01,2.51,1.49,0.0,0.0,0.0,0.4,0.0,-0.1,-0.3,0.0,-169.70000000000002,0.0,0.0,169.8,0.0,21.9,30.6,30.6,31.3,300.0,300.0,30.9,34.9,30.200000000000003,29.6,31.4,4.95,1.99,4.97,0.16,0.0,0.0,1027.0,8228.0,0.0,0.0,0.0,0.0,0.0,1.0,0.0,0.0,0.0,0.0,0.0,-0.5,0.0,0.0,0.0,0.0,16.0,25903.0
2026-07-30T18:59:27.459Z,136.942,136.956,0.0,7.4,0.0,0.0,0.0,0.0,0.0,0.0,0.0,0.0,1.0,0.0,0.0,0.0,9.0,4.0,0.0,0.0,0.0,0.0,0.0,0.0,0.0,0.0,6.0,12.0,1.0,12.18,5.01,2.51,1.49,0.0,0.0,0.0,0.5,0.0,-0.1,0.7000000000000001,1.0,-169.70000000000002,0.0,0.0,169.8,0.0,21.9,30.6,30.6,31.3,300.0,300.0,30.9,34.9,30.200000000000003,29.6,31.4,4.95,1.99,4.97,0.16,0.0,0.0,1027.0,8228.0,0.0,0.0,0.0,0.0,0.0,1.0,0.0,0.0,0.0,0.0,0.0,1.7000000000000002,0.0,-0.7000000000000001,0.0,0.0001,16.0,25903.0
2026-07-30T18:59:27.472Z,136.955,136.968,0.0,7.4,0.0,0.0,0.0,0.0,0.0,0.0,0.0,0.0,1.0,0.0,0.0,0.0,9.0,4.0,0.0,0.0,0.0,0.0,0.0,0.0,0.0,0.0,1.0,12.0,1.0,12.18,5.01,2.51,1.49,0.0,0.0,0.0,0.4,0.0,0.4,-0.3,1.1,-169.70000000000002,0.0,0.0,169.70000000000002,0.0,21.9,30.6,30.6,31.3,300.0,300.0,30.9,34.9,30.200000000000003,29.6,31.4,4.96,1.99,4.96,0.16,0.0,0.0,1027.0,8228.0,0.0,0.0,0.0,0.0,0.0,1.0,0.0,0.0,0.0,0.0,0.0,0.4,0.0,-1.0,0.0,0.0,16.0,25903.0
2026-07-30T18:59:27.483Z,136.966,136.98,0.0,7.4,0.0,0.0,0.0,0.0,0.0,0.0,0.0,0.0,1.0,0.0,0.0,0.0,9.0,4.0,0.0,0.0,0.0,0.0,0.0,0.0,0.0,0.0,3.0,12.0,1.0,12.18,5.01,2.51,1.49,0.0,0.0,0.0,0.4,0.0,0.4,1.3,1.0,-169.70000000000002,0.0,0.0,169.8,0.0,21.9,30.6,30.6,31.3,300.0,300.0,30.9,34.9,30.200000000000003,29.6,31.4,4.96,1.99,4.97,0.16,0.0,0.0,1027.0,8228.0,0.0,0.0,0.0,0.0,0.0,1.0,0.0,0.0,0.0,0.0,0.0,2.3000000000000003,0.0,-0.6000000000000001,0.0,0.0001,16.0,25903.0
2026-07-30T18:59:27.496Z,136.979,136.992,0.0,7.4,0.0,0.0,0.0,0.0,0.0,0.0,0.0,0.0,1.0,0.0,0.0,0.0,9.0,4.0,0.0,0.0,0.0,0.0,0.0,0.0,0.0,0.0,4.0,12.0,1.0,12.17,5.01,2.5,1.49,0.0,0.0,0.0,0.4,0.0,0.4,0.7000000000000001,-0.1,-169.70000000000002,0.0,0.0,169.70000000000002,0.0,21.200000000000003,30.6,30.6,31.3,300.0,300.0,30.9,34.9,30.200000000000003,29.6,31.4,4.95,1.99,4.97,0.16,0.0,0.0,1027.0,8228.0,0.0,0.0,0.0,0.0,0.0,1.0,0.0,0.0,0.0,0.0,0.0,0.8,0.0,0.2,0.0,0.0001,16.0,25903.0
2026-07-30T18:59:27.517Z,137.0,137.004,0.0,7.4,0.0,0.0,0.0,0.0,0.0,0.0,0.0,0.0,1.0,0.0,0.0,0.0,9.0,4.0,0.0,0.0,0.0,0.0,0.0,0.0,0.0,0.0,5.0,12.0,1.0,12.17,5.01,2.5,1.49,0.0,0.0,0.0,0.5,0.0,0.9,-0.4,0.4,-169.70000000000002,0.0,0.0,169.70000000000002,0.0,21.200000000000003,30.6,30.6,31.3,300.0,300.0,30.9,34.9,30.200000000000003,29.6,31.4,4.96,1.99,4.97,0.16,0.0,0.0,1027.0,8228.0,0.0,0.0,0.0,0.0,0.0,1.0,0.0,0.0,0.0,0.0,0.0,-0.1,0.0,-0.4,0.0,0.0001,16.0,25903.0
2026-07-30T18:59:27.523Z,137.006,137.016,0.0,7.4,0.0,0.0,0.0,0.0,0.0,0.0,0.0,0.0,1.0,0.0,0.0,0.0,9.0,4.0,0.0,0.0,0.0,0.0,0.0,0.0,0.0,0.0,4.0,12.0,1.0,12.17,5.01,2.5,1.49,0.0,0.0,0.0,0.4,0.0,0.4,0.1,1.6,-169.70000000000002,0.0,0.0,169.8,0.0,21.200000000000003,30.6,30.6,31.3,300.0,300.0,30.9,34.9,30.200000000000003,29.6,31.4,4.95,2.0,4.97,0.16,0.0,0.0,1027.0,8228.0,0.0,0.0,0.0,0.0,0.0,1.0,0.0,0.0,0.0,0.0,0.0,1.4,0.0,-1.3,0.0,0.0001,16.0,25903.0
2026-07-30T18:59:27.531Z,137.014,137.028,0.0,7.4,0.0,0.0,0.0,0.0,0.0,0.0,0.0,0.0,1.0,0.0,0.0,0.0,9.0,4.0,0.0,0.0,0.0,0.0,0.0,0.0,0.0,0.0,2.0,12.0,1.0,12.17,5.01,2.5,1.49,0.0,0.0,0.0,0.4,0.0,0.9,1.3,0.4,-169.70000000000002,0.0,0.0,169.8,0.0,21.200000000000003,30.6,30.6,31.3,300.0,300.0,30.9,34.9,30.200000000000003,29.6,31.4,4.95,1.99,4.96,0.16,0.0,0.0,1027.0,8228.0,0.0,0.0,0.0,0.0,0.0,1.0,0.0,0.0,0.0,0.0,0.0,1.8,0.0,-0.1,0.0,0.0,16.0,25903.0
2026-07-30T18:59:27.543Z,137.026,137.04,0.0,7.4,0.0,0.0,0.0,0.0,0.0,0.0,0.0,0.0,1.0,0.0,0.0,0.0,9.0,4.0,0.0,0.0,0.0,0.0,0.0,0.0,0.0,0.0,3.0,12.0,1.0,12.17,5.01,2.5,1.49,0.0,0.0,0.0,0.4,0.0,-0.2,0.1,0.4,-169.70000000000002,0.0,0.0,169.8,0.0,21.200000000000003,30.6,30.6,31.3,300.0,300.0,30.9,34.9,30.200000000000003,29.6,31.4,4.96,2.0,4.96,0.16,0.0,0.0,1027.0,8228.0,0.0,0.0,0.0,0.0,0.0,1.0,0.0,0.0,0.0,0.0,0.0,0.0,0.0,0.1,0.0,0.0001,16.0,25903.0
2026-07-30T18:59:27.556Z,137.039,137.052,0.0,7.4,0.0,0.0,0.0,0.0,0.0,0.0,0.0,0.0,1.0,0.0,0.0,0.0,9.0,4.0,0.0,0.0,0.0,0.0,0.0,0.0,0.0,0.0,4.0,12.0,1.0,12.17,5.01,2.5,1.49,0.0,0.0,0.0,0.4,0.0,0.3,-0.4,0.9,-169.70000000000002,0.0,0.0,169.8,0.0,21.200000000000003,30.6,30.6,31.3,300.0,300.0,30.9,34.9,30.200000000000003,29.6,31.4,4.96,2.0,4.97,0.16,0.0,0.0,1027.0,8228.0,0.0,0.0,0.0,0.0,0.0,1.0,0.0,0.0,0.0,0.0,0.0,0.9,0.0,-0.8,0.0,0.0,16.0,25903.0
2026-07-30T18:59:27.567Z,137.05,137.064,0.0,7.4,0.0,0.0,0.0,0.0,0.0,0.0,0.0,0.0,1.0,0.0,0.0,0.0,9.0,4.0,0.0,0.0,0.0,0.0,0.0,0.0,0.0,0.0,5.0,12.0,1.0,12.17,5.01,2.5,1.49,0.0,0.0,0.0,0.4,0.0,0.3,0.2,-0.6000000000000001,-169.70000000000002,0.0,0.0,169.8,0.0,21.200000000000003,30.6,30.6,31.3,300.0,300.0,30.9,34.9,30.200000000000003,29.6,31.4,4.95,1.99,4.96,0.16,0.0,0.0,1027.0,8228.0,0.0,0.0,0.0,0.0,0.0,1.0,0.0,0.0,0.0,0.0,0.0,-0.7000000000000001,0.0,1.1,0.0,0.0,16.0,25903.0
2026-07-30T18:59:27.580Z,137.063,137.076,0.0,7.4,0.0,0.0,0.0,0.0,0.0,0.0,0.0,0.0,1.0,0.0,0.0,0.0,9.0,4.0,0.0,0.0,0.0,0.0,0.0,0.0,0.0,0.0,6.0,12.0,1.0,12.17,5.01,2.5,1.49,0.0,0.0,0.0,0.5,0.0,0.3,0.7000000000000001,1.0,-169.70000000000002,0.0,0.0,169.8,0.0,21.200000000000003,30.6,30.6,31.3,300.0,300.0,30.9,34.9,30.200000000000003,29.6,31.4,4.95,1.99,4.96,0.16,0.0,0.0,1027.0,8228.0,0.0,0.0,0.0,0.0,0.0,1.0,0.0,0.0,0.0,0.0,0.0,1.5,0.0,-0.7000000000000001,0.0,0.0001,16.0,25903.0
2026-07-30T18:59:27.593Z,137.076,137.088,0.0,7.4,0.0,0.0,0.0,0.0,0.0,0.0,0.0,0.0,1.0,0.0,0.0,0.0,9.0,4.0,0.0,0.0,0.0,0.0,0.0,0.0,0.0,0.0,1.0,12.0,1.0,12.15,5.01,2.51,1.49,0.0,0.0,0.0,0.4,0.0,0.3,0.7000000000000001,1.0,-169.70000000000002,0.0,0.0,169.70000000000002,0.0,21.8,30.6,30.6,31.3,300.0,300.0,30.8,34.9,30.200000000000003,29.6,31.4,4.96,2.0,4.96,0.16,0.0,0.0,1027.0,8228.0,0.0,0.0,0.0,0.0,0.0,1.0,0.0,0.0,0.0,0.0,0.0,1.6,0.0,-0.7000000000000001,0.0,0.0001,16.0,25903.0
2026-07-30T18:59:27.604Z,137.087,137.1,0.0,7.4,0.0,0.0,0.0,0.0,0.0,0.0,0.0,0.0,1.0,0.0,0.0,0.0,9.0,4.0,0.0,0.0,0.0,0.0,0.0,0.0,0.0,0.0,2.0,12.0,1.0,12.15,5.01,2.51,1.49,0.0,0.0,0.0,0.5,0.0,0.3,-0.9,-0.6000000000000001,-169.70000000000002,0.0,0.0,169.70000000000002,0.0,21.8,30.6,30.6,31.3,300.0,300.0,30.8,34.9,30.200000000000003,29.6,31.4,4.96,2.0,4.96,0.16,0.0,0.0,1027.0,8228.0,0.0,0.0,0.0,0.0,0.0,1.0,0.0,0.0,0.0,0.0,0.0,-1.5,0.0,0.4,0.0,0.0001,16.0,25903.0
2026-07-30T18:59:27.616Z,137.099,137.112,0.0,7.4,0.0,0.0,0.0,0.0,0.0,0.0,0.0,0.0,1.0,0.0,0.0,0.0,9.0,4.0,0.0,0.0,0.0,0.0,0.0,0.0,0.0,0.0,4.0,12.0,1.0,12.15,5.01,2.51,1.49,0.0,0.0,0.0,0.5,0.0,0.3,0.2,1.1,-169.70000000000002,0.0,0.0,169.70000000000002,0.0,21.8,30.6,30.6,31.3,300.0,300.0,30.8,34.9,30.200000000000003,29.6,31.4,4.96,1.99,4.96,0.16,0.0,0.0,1027.0,8228.0,0.0,0.0,0.0,0.0,0.0,1.0,0.0,0.0,0.0,0.0,0.0,1.1,0.0,-0.9,0.0,0.0001,16.0,25903.0
2026-07-30T18:59:27.628Z,137.111,137.124,0.0,7.4,0.0,0.0,0.0,0.0,0.0,0.0,0.0,0.0,1.0,0.0,0.0,0.0,9.0,4.0,0.0,0.0,0.0,0.0,0.0,0.0,0.0,0.0,5.0,12.0,1.0,12.15,5.01,2.51,1.49,0.0,0.0,0.0,0.4,0.0,-0.2,0.2,0.0,-169.70000000000002,0.0,0.0,169.70000000000002,0.0,21.8,30.6,30.6,31.3,300.0,300.0,30.8,34.9,30.200000000000003,29.6,31.4,4.96,1.99,4.96,0.16,0.0,0.0,1027.0,8228.0,0.0,0.0,0.0,0.0,0.0,1.0,0.0,0.0,0.0,0.0,0.0,0.1,0.0,0.0,0.0,0.0001,16.0,25903.0
2026-07-30T18:59:27.640Z,137.123,137.136,0.0,7.4,0.0,0.0,0.0,0.0,0.0,0.0,0.0,0.0,1.0,0.0,0.0,0.0,9.0,4.0,0.0,0.0,0.0,0.0,0.0,0.0,0.0,0.0,6.0,12.0,1.0,12.15,5.01,2.51,1.49,0.0,0.0,0.0,0.5,0.0,0.3,0.1,0.4,-169.70000000000002,0.0,0.0,169.70000000000002,0.0,21.8,30.6,30.6,31.3,300.0,300.0,30.8,34.9,30.200000000000003,29.6,31.4,4.96,1.99,4.96,0.16,0.0,0.0,1027.0,8228.0,0.0,0.0,0.0,0.0,0.0,1.0,0.0,0.0,0.0,0.0,0.0,0.5,0.0,-0.3,0.0,0.0001,16.0,25903.0
2026-07-30T18:59:27.651Z,137.134,137.148,0.0,7.4,0.0,0.0,0.0,0.0,0.0,0.0,0.0,0.0,1.0,0.0,0.0,0.0,9.0,4.0,0.0,0.0,0.0,0.0,0.0,0.0,0.0,0.0,1.0,12.0,1.0,12.15,5.01,2.51,1.49,0.0,0.0,0.0,0.4,0.0,0.3,0.7000000000000001,1.0,-169.70000000000002,0.0,0.0,169.60000000000002,0.0,21.8,30.6,30.6,31.3,300.0,300.0,30.8,34.9,30.200000000000003,29.6,31.4,4.95,1.99,4.97,0.16,0.0,0.0,1027.0,8228.0,0.0,0.0,0.0,0.0,0.0,1.0,0.0,0.0,0.0,0.0,0.0,1.7000000000000002,0.0,-0.7000000000000001,0.0,0.0001,16.0,25903.0
2026-07-30T18:59:27.664Z,137.147,137.16,0.0,7.4,0.0,0.0,0.0,0.0,0.0,0.0,0.0,0.0,1.0,0.0,0.0,0.0,9.0,4.0,0.0,0.0,0.0,0.0,0.0,0.0,0.0,0.0,2.0,12.0,1.0,12.15,5.01,2.51,1.49,0.0,0.1,0.0,0.4,0.0,-0.2,-0.4,0.0,-169.70000000000002,0.0,0.0,169.70000000000002,0.0,21.8,30.6,30.6,31.3,300.0,300.0,30.8,34.9,30.200000000000003,29.6,31.4,4.96,2.0,4.96,0.16,0.0,0.0,1027.0,8228.0,0.0,0.0,0.0,0.0,0.0,1.0,0.0,0.0,0.0,0.0,0.0,-0.5,0.0,0.0,0.0,0.0002,16.0,25903.0
2026-07-30T18:59:27.676Z,137.159,137.172,0.0,7.4,0.0,0.0,0.0,0.0,0.0,0.0,0.0,0.0,1.0,0.0,0.0,0.0,9.0,4.0,0.0,0.0,0.0,0.0,0.0,0.0,0.0,0.0,3.0,12.0,1.0,12.15,5.01,2.51,1.49,0.0,0.1,0.0,0.4,0.0,-0.8,0.0,0.4,-169.70000000000002,0.0,0.0,169.8,0.0,21.8,30.6,30.6,31.3,300.0,300.0,30.8,34.9,30.200000000000003,29.6,31.4,4.96,1.99,4.97,0.16,0.0,0.0,1027.0,8228.0,0.0,0.0,0.0,0.0,0.0,1.0,0.0,0.0,0.0,0.0,0.0,0.4,0.0,-0.3,0.0,0.0,16.0,25903.0
2026-07-30T18:59:27.688Z,137.171,137.184,0.0,7.4,0.0,0.0,0.0,0.0,0.0,0.0,0.0,0.0,1.0,0.0,0.0,0.0,9.0,4.0,0.0,0.0,0.0,0.0,0.0,0.0,0.0,0.0,5.0,12.0,1.0,12.15,5.01,2.51,1.49,0.0,0.0,0.0,0.4,0.0,0.2,0.0,-0.7000000000000001,-169.70000000000002,0.0,0.0,169.8,0.0,21.8,30.6,30.6,31.3,300.0,300.0,30.8,34.9,30.200000000000003,29.6,31.4,4.95,1.99,4.97,0.16,0.0,0.0,1027.0,8228.0,0.0,0.0,0.0,0.0,0.0,1.0,0.0,0.0,0.0,0.0,0.0,-0.4,0.0,0.6000000000000001,0.0,0.0,16.0,25903.0
2026-07-30T18:59:27.700Z,137.183,137.196,0.0,7.4,0.0,0.0,0.0,0.0,0.0,0.0,0.0,0.0,1.0,0.0,0.0,0.0,9.0,4.0,0.0,0.0,0.0,0.0,0.0,0.0,0.0,0.0,6.0,12.0,1.0,12.15,5.0200000000000005,2.5,1.49,0.0,0.0,0.0,0.4,0.0,0.2,-1.1,1.0,-169.70000000000002,0.0,0.0,169.8,0.0,21.200000000000003,30.6,30.6,31.3,300.0,300.0,30.8,34.9,30.200000000000003,29.6,31.4,4.95,1.99,4.97,0.16,0.0,0.0,1027.0,8228.0,0.0,0.0,0.0,0.0,0.0,1.0,0.0,0.0,0.0,0.0,0.0,-0.4,0.0,-1.1,0.0,0.0001,16.0,25903.0
2026-07-30T18:59:27.712Z,137.195,137.208,0.0,7.4,0.0,0.0,0.0,0.0,0.0,0.0,0.0,0.0,1.0,0.0,0.0,0.0,9.0,4.0,0.0,0.0,0.0,0.0,0.0,0.0,0.0,0.0,1.0,12.0,1.0,12.15,5.0200000000000005,2.5,1.49,0.0,0.0,0.0,0.5,0.0,-0.3,-0.5,-0.1,-169.70000000000002,0.0,0.0,169.60000000000002,0.0,21.200000000000003,30.6,30.6,31.3,300.0,300.0,30.8,34.9,30.200000000000003,29.6,31.4,4.96,2.0,4.96,0.16,0.0,0.0,1027.0,8228.0,0.0,0.0,0.0,0.0,0.0,1.0,0.0,0.0,0.0,0.0,0.0,-0.7000000000000001,0.0,0.0,0.0,0.0,16.0,25903.0
2026-07-30T18:59:27.724Z,137.207,137.22,0.0,7.4,0.0,0.0,0.0,0.0,0.0,0.0,0.0,0.0,1.0,0.0,0.0,0.0,9.0,4.0,0.0,0.0,0.0,0.0,0.0,0.0,0.0,0.0,2.0,12.0,1.0,12.15,5.0200000000000005,2.5,1.49,0.0,0.0,0.0,0.5,0.0,0.2,-0.5,-0.6000000000000001,-169.70000000000002,0.0,0.0,169.70000000000002,0.0,21.200000000000003,30.6,30.6,31.3,300.0,300.0,30.8,34.9,30.200000000000003,29.6,31.4,4.96,1.99,4.97,0.16,0.0,0.0,1027.0,8228.0,0.0,0.0,0.0,0.0,0.0,1.0,0.0,0.0,0.0,0.0,0.0,-1.0,0.0,0.4,0.0,0.0002,16.0,25903.0
2026-07-30T18:59:27.736Z,137.219,137.232,0.0,7.4,0.0,0.0,0.0,0.0,0.0,0.0,0.0,0.0,1.0,0.0,0.0,0.0,9.0,4.0,0.0,0.0,0.0,0.0,0.0,0.0,0.0,0.0,3.0,12.0,1.0,12.15,5.0200000000000005,2.5,1.49,0.0,0.0,0.0,0.5,0.0,0.8,0.6000000000000001,1.0,-169.70000000000002,0.0,0.0,169.8,0.0,21.200000000000003,30.6,30.6,31.3,300.0,300.0,30.8,34.9,30.200000000000003,29.6,31.4,4.95,1.99,4.97,0.16,0.0,0.0,1027.0,8228.0,0.0,0.0,0.0,0.0,0.0,1.0,0.0,0.0,0.0,0.0,0.0,1.5,0.0,-0.8,0.0,0.0001,16.0,25903.0
2026-07-30T18:59:27.748Z,137.231,137.244,0.0,7.4,0.0,0.0,0.0,0.0,0.0,0.0,0.0,0.0,1.0,0.0,0.0,0.0,9.0,4.0,0.0,0.0,0.0,0.0,0.0,0.0,0.0,0.0,4.0,12.0,1.0,12.15,5.0200000000000005,2.5,1.49,0.0,0.0,0.0,0.4,0.0,-0.3,0.6000000000000001,-1.2000000000000002,-169.70000000000002,0.0,0.0,169.8,0.0,21.200000000000003,30.6,30.6,31.3,300.0,300.0,30.8,34.9,30.200000000000003,29.6,31.4,4.96,1.99,4.96,0.16,0.0,0.0,1027.0,8228.0,0.0,0.0,0.0,0.0,0.0,1.0,0.0,0.0,0.0,0.0,0.0,-0.1,0.0,1.2000000000000002,0.0,0.0002,16.0,25903.0
2026-07-30T18:59:27.760Z,137.243,137.256,0.0,7.4,0.0,0.0,0.0,0.0,0.0,0.0,0.0,0.0,1.0,0.0,0.0,0.0,9.0,4.0,0.0,0.0,0.0,0.0,0.0,0.0,0.0,0.0,5.0,12.0,1.0,12.15,5.0200000000000005,2.5,1.49,0.0,0.1,0.0,0.4,0.0,-0.3,-1.1,-1.2000000000000002,-169.70000000000002,0.0,0.0,169.70000000000002,0.0,21.200000000000003,30.6,30.6,31.3,300.0,300.0,30.8,34.9,30.200000000000003,29.6,31.4,4.95,1.99,4.96,0.16,0.0,0.0,1027.0,8228.0,0.0,0.0,0.0,0.0,0.0,1.0,0.0,0.0,0.0,0.0,0.0,-2.2,0.0,0.8,0.0,0.0001,16.0,25903.0
2026-07-30T18:59:27.772Z,137.255,137.268,0.0,7.4,0.0,0.0,0.0,0.0,0.0,0.0,0.0,0.0,1.0,0.0,0.0,0.0,9.0,4.0,0.0,0.0,0.0,0.0,0.0,0.0,0.0,0.0,6.0,12.0,1.0,12.15,5.0200000000000005,2.5,1.49,0.0,0.0,0.0,0.4,0.0,0.2,0.6000000000000001,0.0,-169.70000000000002,0.0,0.0,169.8,0.0,21.200000000000003,30.6,30.6,31.3,300.0,300.0,30.8,34.9,30.200000000000003,29.6,31.4,4.95,1.99,4.97,0.16,0.0,0.0,1027.0,8228.0,0.0,0.0,0.0,0.0,0.0,1.0,0.0,0.0,0.0,0.0,0.0,0.6000000000000001,0.0,0.2,0.0,0.0001,16.0,25903.0
2026-07-30T18:59:27.784Z,137.267,137.28,0.0,7.4,0.0,0.0,0.0,0.0,0.0,0.0,0.0,0.0,1.0,0.0,0.0,0.0,9.0,4.0,0.0,0.0,0.0,0.0,0.0,0.0,0.0,0.0,1.0,12.0,1.0,12.15,5.0200000000000005,2.5,1.49,0.0,0.0,0.0,0.4,0.0,-0.3,0.1,0.0,-169.70000000000002,0.0,0.0,169.8,0.0,21.200000000000003,30.6,30.6,31.3,300.0,300.0,30.8,34.9,30.200000000000003,29.6,31.4,4.95,1.99,4.97,0.16,0.0,0.0,1027.0,8228.0,0.0,0.0,0.0,0.0,0.0,1.0,0.0,0.0,0.0,0.0,0.0,0.0,0.0,0.0,0.0,0.0002,16.0,25903.0
2026-07-30T18:59:27.797Z,137.28,137.292,0.0,7.4,0.0,0.0,0.0,0.0,0.0,0.0,0.0,0.0,1.0,0.0,0.0,0.0,9.0,4.0,0.0,0.0,0.0,0.0,0.0,0.0,0.0,0.0,2.0,12.0,1.0,12.17,5.01,2.5,1.49,0.0,0.0,0.0,0.4,0.0,-0.9,0.1,-0.6000000000000001,-169.70000000000002,0.0,0.0,169.70000000000002,0.0,21.700000000000003,30.6,30.6,31.3,300.0,300.0,30.8,34.9,30.200000000000003,29.6,31.4,4.96,1.99,4.96,0.16,0.0,0.0,1027.0,8228.0,0.0,0.0,0.0,0.0,0.0,1.0,0.0,0.0,0.0,0.0,0.0,-0.3,0.0,0.6000000000000001,0.0,0.0,16.0,25903.0
2026-07-30T18:59:27.808Z,137.291,137.304,0.0,7.4,0.0,0.0,0.0,0.0,0.0,0.0,0.0,0.0,1.0,0.0,0.0,0.0,9.0,4.0,0.0,0.0,0.0,0.0,0.0,0.0,0.0,0.0,3.0,12.0,1.0,12.17,5.01,2.5,1.49,0.0,0.0,0.0,0.5,0.0,-0.9,-0.4,0.5,-169.70000000000002,0.0,0.0,169.70000000000002,0.0,21.700000000000003,30.6,30.6,31.3,300.0,300.0,30.8,34.9,30.200000000000003,29.6,31.4,4.95,1.99,4.97,0.16,0.0,0.0,1027.0,8228.0,0.0,0.0,0.0,0.0,0.0,1.0,0.0,0.0,0.0,0.0,0.0,0.0,0.0,-0.5,0.0,0.0001,16.0,25903.0
2026-07-30T18:59:27.822Z,137.305,137.316,0.0,7.4,0.0,0.0,0.0,0.0,0.0,0.0,0.0,0.0,1.0,0.0,0.0,0.0,9.0,4.0,0.0,0.0,0.0,0.0,0.0,0.0,0.0,0.0,4.0,12.0,1.0,12.17,5.01,2.5,1.49,0.0,0.0,0.0,0.4,0.0,-0.8,-0.4,-0.6000000000000001,-169.70000000000002,0.0,0.0,169.70000000000002,0.0,21.700000000000003,30.6,30.6,31.3,300.0,300.0,30.8,34.9,30.200000000000003,29.6,31.4,4.95,1.99,4.96,0.16,0.0,0.0,1027.0,8228.0,0.0,0.0,0.0,0.0,0.0,1.0,0.0,0.0,0.0,0.0,0.0,-0.9,0.0,0.4,0.0,0.0002,16.0,25903.0
2026-07-30T18:59:27.836Z,137.319,137.328,0.0,7.4,0.0,0.0,0.0,0.0,0.0,0.0,0.0,0.0,1.0,0.0,0.0,0.0,9.0,4.0,0.0,0.0,0.0,0.0,0.0,0.0,0.0,0.0,5.0,12.0,1.0,12.17,5.01,2.5,1.49,0.0,0.0,0.0,0.4,0.0,0.2,1.3,0.0,-169.70000000000002,0.0,0.0,169.8,0.0,21.700000000000003,30.6,30.6,31.3,300.0,300.0,30.8,34.9,30.200000000000003,29.6,31.4,4.96,2.0,4.96,0.16,0.0,0.0,1027.0,8228.0,0.0,0.0,0.0,0.0,0.0,1.0,0.0,0.0,0.0,0.0,0.0,1.5,0.0,0.2,0.0,0.0,16.0,25903.0
2026-07-30T18:59:27.844Z,137.327,137.34,0.0,7.4,0.0,0.0,0.0,0.0,0.0,0.0,0.0,0.0,1.0,0.0,0.0,0.0,9.0,4.0,0.0,0.0,0.0,0.0,0.0,0.0,0.0,0.0,2.0,12.0,1.0,12.17,5.01,2.5,1.49,0.0,0.0,0.0,0.4,0.0,-0.8,-0.3,0.0,-169.70000000000002,0.0,0.0,169.8,0.0,21.700000000000003,30.6,30.6,31.3,300.0,300.0,30.8,34.9,30.200000000000003,29.6,31.4,4.96,2.0,4.96,0.16,0.0,0.0,1027.0,8228.0,0.0,0.0,0.0,0.0,0.0,1.0,0.0,0.0,0.0,0.0,0.0,-0.3,0.0,0.0,0.0,0.0002,16.0,25903.0
2026-07-30T18:59:27.856Z,137.339,137.352,0.0,7.4,0.0,0.0,0.0,0.0,0.0,0.0,0.0,0.0,1.0,0.0,0.0,0.0,9.0,4.0,0.0,0.0,0.0,0.0,0.0,0.0,0.0,0.0,3.0,12.0,1.0,12.17,5.01,2.5,1.49,0.0,0.0,0.0,0.4,0.0,0.8,0.8,1.8,-169.70000000000002,0.0,0.0,169.8,0.0,21.700000000000003,30.6,30.6,31.3,300.0,300.0,30.8,34.9,30.200000000000003,29.6,31.4,4.95,1.99,4.97,0.16,0.0,0.0,1027.0,8228.0,0.0,0.0,0.0,0.0,0.0,1.0,0.0,0.0,0.0,0.0,0.0,2.2,0.0,-1.4,0.0,0.0,16.0,25903.0
2026-07-30T18:59:27.868Z,137.351,137.364,0.0,7.4,0.0,0.0,0.0,0.0,0.0,0.0,0.0,0.0,1.0,0.0,0.0,0.0,9.0,4.0,0.0,0.0,0.0,0.0,0.0,0.0,0.0,0.0,5.0,12.0,1.0,12.17,5.01,2.5,1.49,0.0,0.0,0.0,0.5,0.0,0.3,0.2,-0.5,-169.70000000000002,0.0,0.0,169.8,0.0,21.700000000000003,30.6,30.6,31.3,300.0,300.0,30.8,34.9,30.200000000000003,29.6,31.4,4.95,1.99,4.96,0.16,0.0,0.0,1027.0,8228.0,0.0,0.0,0.0,0.0,0.0,1.0,0.0,0.0,0.0,0.0,0.0,-0.1,0.0,0.5,0.0,0.0,16.0,25903.0
2026-07-30T18:59:27.880Z,137.363,137.376,0.0,7.4,0.0,0.0,0.0,0.0,0.0,0.0,0.0,0.0,1.0,0.0,0.0,0.0,9.0,4.0,0.0,0.0,0.0,0.0,0.0,0.0,0.0,0.0,6.0,12.0,1.0,12.17,5.01,2.5,1.49,0.0,0.0,0.0,0.4,0.0,0.3,0.8,0.6000000000000001,-169.70000000000002,0.0,0.0,169.8,0.0,21.700000000000003,30.6,30.6,31.3,300.0,300.0,30.8,34.9,30.200000000000003,29.6,31.4,4.96,1.99,4.96,0.16,0.0,0.0,1027.0,8228.0,0.0,0.0,0.0,0.0,0.0,1.0,0.0,0.0,0.0,0.0,0.0,1.3,0.0,-0.3,0.0,0.0,16.0,25903.0
2026-07-30T18:59:27.892Z,137.375,137.388,0.0,7.4,0.0,0.0,0.0,0.0,0.0,0.0,0.0,0.0,1.0,0.0,0.0,0.0,9.0,4.0,0.0,0.0,0.0,0.0,0.0,0.0,0.0,0.0,1.0,12.0,1.0,12.17,5.01,2.5,1.49,0.0,0.0,0.0,0.4,0.0,0.2,1.3,0.0,-169.70000000000002,0.0,0.0,169.8,0.0,21.700000000000003,30.6,30.6,31.3,300.0,300.0,30.8,34.9,30.200000000000003,29.6,31.4,4.95,1.99,4.97,0.16,0.0,0.0,1027.0,8228.0,0.0,0.0,0.0,0.0,0.0,1.0,0.0,0.0,0.0,0.0,0.0,1.5,0.0,0.3,0.0,0.0,16.0,25903.0
2026-07-30T18:59:27.903Z,137.386,137.4,0.0,7.4,0.0,0.0,0.0,0.0,0.0,0.0,0.0,0.0,1.0,0.0,0.0,0.0,9.0,4.0,0.0,0.0,0.0,0.0,0.0,0.0,0.0,0.0,3.0,12.0,1.0,12.17,5.01,2.5,1.49,0.0,0.0,0.0,0.4,0.0,-0.3,-0.4,1.0,-169.70000000000002,0.0,0.0,169.70000000000002,0.0,21.0,30.6,30.6,31.3,300.0,300.0,30.8,34.9,30.200000000000003,29.6,31.3,4.96,1.99,4.96,0.16,0.0,0.0,1027.0,8228.0,0.0,0.0,0.0,0.0,0.0,1.0,0.0,0.0,0.0,0.0,0.0,0.3,0.0,-1.0,0.0,0.0001,16.0,25903.0
2026-07-30T18:59:27.916Z,137.399,137.412,0.0,7.4,0.0,0.0,0.0,0.0,0.0,0.0,0.0,0.0,1.0,0.0,0.0,0.0,9.0,4.0,0.0,0.0,0.0,0.0,0.0,0.0,0.0,0.0,4.0,12.0,1.0,12.17,5.01,2.5,1.49,0.0,0.0,0.0,0.5,0.0,-0.9,-0.4,0.5,-169.70000000000002,0.0,0.0,169.70000000000002,0.0,21.0,30.6,30.6,31.3,300.0,300.0,30.8,34.9,30.200000000000003,29.6,31.3,4.96,2.0,4.96,0.16,0.0,0.0,1027.0,8228.0,0.0,0.0,0.0,0.0,0.0,1.0,0.0,0.0,0.0,0.0,0.0,-0.1,0.0,-0.5,0.0,0.0,16.0,25903.0
2026-07-30T18:59:27.928Z,137.411,137.424,0.0,7.4,0.0,0.0,0.0,0.0,0.0,0.0,0.0,0.0,1.0,0.0,0.0,0.0,9.0,4.0,0.0,0.0,0.0,0.0,0.0,0.0,0.0,0.0,5.0,12.0,1.0,12.17,5.01,2.5,1.49,0.0,0.0,0.0,0.4,0.0,-0.9,-1.0,-2.4000000000000004,-169.70000000000002,0.0,0.0,169.8,0.0,21.0,30.6,30.6,31.3,300.0,300.0,30.8,34.9,30.200000000000003,29.6,31.3,4.95,1.99,4.96,0.16,0.0,0.0,1027.0,8228.0,0.0,0.0,0.0,0.0,0.0,1.0,0.0,0.0,0.0,0.0,0.0,-2.9000000000000004,0.0,1.9,0.0,0.0002,16.0,25903.0
2026-07-30T18:59:27.940Z,137.423,137.436,0.0,7.4,0.0,0.0,0.0,0.0,0.0,0.0,0.0,0.0,1.0,0.0,0.0,0.0,9.0,4.0,0.0,0.0,0.0,0.0,0.0,0.0,0.0,0.0,6.0,12.0,1.0,12.17,5.01,2.5,1.49,0.0,0.0,0.0,0.4,0.0,-0.3,-1.0,-1.2000000000000002,-169.70000000000002,0.0,0.0,169.8,0.0,21.0,30.6,30.6,31.3,300.0,300.0,30.8,34.9,30.200000000000003,29.6,31.3,4.96,1.99,4.97,0.16,0.0,0.0,1027.0,8228.0,0.0,0.0,0.0,0.0,0.0,1.0,0.0,0.0,0.0,0.0,0.0,-2.1,0.0,0.9,0.0,0.0,16.0,25903.0
2026-07-30T18:59:27.952Z,137.435,137.448,0.0,7.4,0.0,0.0,0.0,0.0,0.0,0.0,0.0,0.0,1.0,0.0,0.0,0.0,9.0,4.0,0.0,0.0,0.0,0.0,0.0,0.0,0.0,0.0,1.0,12.0,1.0,12.17,5.01,2.5,1.49,0.0,0.0,0.0,0.4,0.0,0.8,-0.4,-0.1,-169.70000000000002,0.0,0.0,169.8,0.0,21.0,30.6,30.6,31.3,300.0,300.0,30.8,34.9,30.200000000000003,29.6,31.3,4.96,2.0,4.96,0.16,0.0,0.0,1027.0,8228.0,0.0,0.0,0.0,0.0,0.0,1.0,0.0,0.0,0.0,0.0,0.0,-0.6000000000000001,0.0,0.0,0.0,0.0,16.0,25903.0
2026-07-30T18:59:27.963Z,137.446,137.46,0.0,7.4,0.0,0.0,0.0,0.0,0.0,0.0,0.0,0.0,1.0,0.0,0.0,0.0,9.0,4.0,0.0,0.0,0.0,0.0,0.0,0.0,0.0,0.0,3.0,12.0,1.0,12.17,5.01,2.5,1.49,0.0,0.0,0.0,0.4,0.0,0.2,0.1,0.4,-169.70000000000002,0.0,0.0,169.8,0.0,21.0,30.6,30.6,31.3,300.0,300.0,30.8,34.9,30.200000000000003,29.6,31.3,4.96,1.99,4.97,0.16,0.0,0.0,1027.0,8228.0,0.0,0.0,0.0,0.0,0.0,1.0,0.0,0.0,0.0,0.0,0.0,0.4,0.0,-0.3,0.0,0.0,16.0,25903.0
2026-07-30T18:59:27.976Z,137.459,137.472,0.0,7.4,0.0,0.0,0.0,0.0,0.0,0.0,0.0,0.0,1.0,0.0,0.0,0.0,9.0,4.0,0.0,0.0,0.0,0.0,0.0,0.0,0.0,0.0,4.0,12.0,1.0,12.17,5.01,2.5,1.49,0.0,0.0,0.0,0.4,0.0,0.2,-0.4,-0.7000000000000001,-169.70000000000002,0.0,0.0,169.70000000000002,0.0,21.0,30.6,30.6,31.3,300.0,300.0,30.8,34.9,30.200000000000003,29.6,31.3,4.95,1.99,4.97,0.16,0.0,0.0,1027.0,8228.0,0.0,0.0,0.0,0.0,0.0,1.0,0.0,0.0,0.0,0.0,0.0,-1.0,0.0,0.5,0.0,0.0,16.0,25903.0
2026-07-30T18:59:27.987Z,137.47,137.484,0.0,7.4,0.0,0.0,0.0,0.0,0.0,0.0,0.0,0.0,1.0,0.0,0.0,0.0,9.0,4.0,0.0,0.0,0.0,0.0,0.0,0.0,0.0,0.0,6.0,12.0,1.0,12.17,5.01,2.5,1.49,0.0,0.0,0.0,0.4,0.0,0.2,-0.4,-0.7000000000000001,-169.70000000000002,0.0,0.0,169.70000000000002,0.0,21.0,30.6,30.6,31.3,300.0,300.0,30.8,34.9,30.200000000000003,29.6,31.3,4.96,1.99,4.97,0.16,0.0,0.0,1027.0,8228.0,0.0,0.0,0.0,0.0,0.0,1.0,0.0,0.0,0.0,0.0,0.0,-1.0,0.0,0.5,0.0,0.0001,16.0,25903.0
2026-07-30T18:59:28.001Z,137.484,137.496,0.0,7.4,0.0,0.0,0.0,0.0,0.0,0.0,0.0,0.0,1.0,0.0,0.0,0.0,9.0,4.0,0.0,0.0,0.0,0.0,0.0,0.0,0.0,0.0,1.0,12.0,1.0,12.15,5.0200000000000005,2.5,1.49,0.0,0.0,0.0,0.4,0.0,0.2,-1.0,-0.7000000000000001,-169.70000000000002,0.0,0.0,169.8,0.0,21.700000000000003,30.6,30.6,31.3,300.0,300.0,30.8,34.9,30.200000000000003,29.6,31.3,4.95,1.99,4.97,0.16,0.0,0.0,1027.0,8228.0,0.0,0.0,0.0,0.0,0.0,1.0,0.0,0.0,0.0,0.0,0.0,-1.6,0.0,0.4,0.0,0.0,16.0,25903.0
2026-07-30T18:59:28.011Z,137.494,137.508,0.0,7.4,0.0,0.0,0.0,0.0,0.0,0.0,0.0,0.0,1.0,0.0,0.0,0.0,9.0,4.0,0.0,0.0,0.0,0.0,0.0,0.0,0.0,0.0,3.0,12.0,1.0,12.15,5.0200000000000005,2.5,1.49,0.0,0.0,0.0,0.4,0.0,-0.9,-1.0,-1.3,-169.70000000000002,0.0,0.0,169.8,0.0,21.700000000000003,30.6,30.6,31.3,300.0,300.0,30.8,34.9,30.200000000000003,29.6,31.3,4.95,1.99,4.96,0.16,0.0,0.0,1027.0,8228.0,0.0,0.0,0.0,0.0,0.0,1.0,0.0,0.0,0.0,0.0,0.0,-2.2,0.0,1.0,0.0,0.0,16.0,25903.0
2026-07-30T18:59:28.024Z,137.507,137.52,0.0,7.4,0.0,0.0,0.0,0.0,0.0,0.0,0.0,0.0,1.0,0.0,0.0,0.0,9.0,4.0,0.0,0.0,0.0,0.0,0.0,0.0,0.0,0.0,4.0,12.0,1.0,12.15,5.0200000000000005,2.5,1.49,-0.1,0.1,0.0,0.4,0.0,-0.3,0.7000000000000001,0.4,-169.70000000000002,0.0,0.0,169.70000000000002,0.0,21.700000000000003,30.6,30.6,31.3,300.0,300.0,30.8,34.9,30.200000000000003,29.6,31.3,4.95,1.99,4.96,0.16,0.0,0.0,1027.0,8228.0,0.0,0.0,0.0,0.0,0.0,1.0,0.0,0.0,0.0,0.0,0.0,1.1,0.0,-0.2,0.0,0.0,16.0,25903.0
2026-07-30T18:59:28.035Z,137.518,137.532,0.0,7.4,0.0,0.0,0.0,0.0,0.0,0.0,0.0,0.0,1.0,0.0,0.0,0.0,9.0,4.0,0.0,0.0,0.0,0.0,0.0,0.0,0.0,0.0,6.0,12.0,1.0,12.15,5.0200000000000005,2.5,1.49,0.0,0.0,0.0,0.5,0.0,0.2,-0.4,-0.1,-169.70000000000002,0.0,0.0,169.70000000000002,0.0,21.700000000000003,30.6,30.6,31.3,300.0,300.0,30.8,34.9,30.200000000000003,29.6,31.3,4.96,1.99,4.96,0.16,0.0,0.0,1027.0,8228.0,0.0,0.0,0.0,0.0,0.0,1.0,0.0,0.0,0.0,0.0,0.0,-0.6000000000000001,0.0,0.0,0.0,0.0001,16.0,25903.0
2026-07-30T18:59:28.048Z,137.531,137.544,0.0,7.4,0.0,0.0,0.0,0.0,0.0,0.0,0.0,0.0,1.0,0.0,0.0,0.0,9.0,4.0,0.0,0.0,0.0,0.0,0.0,0.0,0.0,0.0,1.0,12.0,1.0,12.15,5.0200000000000005,2.5,1.49,0.0,0.0,0.0,0.4,0.0,0.2,-1.0,-0.2,-169.70000000000002,0.0,0.0,169.70000000000002,0.0,21.700000000000003,30.6,30.6,31.3,300.0,300.0,30.8,34.9,30.200000000000003,29.6,31.3,4.95,1.99,4.97,0.16,0.0,0.0,1027.0,8228.0,0.0,0.0,0.0,0.0,0.0,1.0,0.0,0.0,0.0,0.0,0.0,2.0,0.0,-1.2000000000000002,0.0,0.0,16.0,25903.0
2026-07-30T18:59:28.059Z,137.542,137.556,0.0,7.4,0.0,0.0,0.0,0.0,0.0,0.0,0.0,0.0,1.0,0.0,0.0,0.0,9.0,4.0,0.0,0.0,0.0,0.0,0.0,0.0,0.0,0.0,3.0,12.0,1.0,12.15,5.0200000000000005,2.5,1.49,0.0,0.0,0.0,0.5,0.0,0.2,0.1,-0.2,-169.70000000000002,0.0,0.0,169.70000000000002,0.0,21.700000000000003,30.6,30.6,31.3,300.0,300.0,30.8,34.9,30.200000000000003,29.6,31.3,4.95,2.0,4.97,0.16,0.0,0.0,1027.0,8228.0,0.0,0.0,0.0,0.0,0.0,1.0,0.0,0.0,0.0,0.0,0.0,0.0,0.0,0.2,0.0,0.0001,16.0,25903.0
2026-07-30T18:59:28.072Z,137.555,137.568,0.0,7.4,0.0,0.0,0.0,0.0,0.0,0.0,0.0,0.0,1.0,0.0,0.0,0.0,9.0,4.0,0.0,0.0,0.0,0.0,0.0,0.0,0.0,0.0,4.0,12.0,1.0,12.15,5.0200000000000005,2.5,1.49,0.0,0.0,0.0,0.4,0.0,-0.9,1.9,-0.1,-169.70000000000002,0.0,0.0,169.70000000000002,0.0,21.700000000000003,30.6,30.6,31.3,300.0,300.0,30.8,34.9,30.200000000000003,29.6,31.3,4.96,1.99,4.97,0.16,0.0,0.0,1027.0,8228.0,0.0,0.0,0.0,0.0,0.0,1.0,0.0,0.0,0.0,0.0,0.0,-1.2000000000000002,0.0,0.0,0.0,0.0001,16.0,25903.0
2026-07-30T18:59:28.083Z,137.566,137.58,0.0,7.4,0.0,0.0,0.0,0.0,0.0,0.0,0.0,0.0,1.0,0.0,0.0,0.0,9.0,4.0,0.0,0.0,0.0,0.0,0.0,0.0,0.0,0.0,6.0,12.0,1.0,12.15,5.0200000000000005,2.5,1.49,0.0,0.0,0.0,0.4,0.0,-0.9,0.7000000000000001,-0.1,-169.70000000000002,0.0,0.0,169.8,0.0,21.700000000000003,30.6,30.6,31.3,300.0,300.0,30.8,34.9,30.200000000000003,29.6,31.3,4.95,1.99,4.96,0.16,0.0,0.0,1027.0,8228.0,0.0,0.0,0.0,0.0,0.0,1.0,0.0,0.0,0.0,0.0,0.0,0.7000000000000001,0.0,0.3,0.0,0.0001,16.0,25903.0
2026-07-30T18:59:28.096Z,137.579,137.592,0.0,7.4,0.0,0.0,0.0,0.0,0.0,0.0,0.0,0.0,1.0,0.0,0.0,0.0,9.0,4.0,0.0,0.0,0.0,0.0,0.0,0.0,0.0,0.0,1.0,12.0,1.0,12.15,5.0200000000000005,2.5,1.49,0.0,0.1,0.0,0.4,0.0,0.2,0.1,1.0,-169.70000000000002,0.0,0.0,169.70000000000002,0.0,21.700000000000003,30.6,30.6,31.3,300.0,300.0,30.8,34.9,30.200000000000003,29.6,31.3,4.95,1.99,4.97,0.16,0.0,0.0,1027.0,8228.0,0.0,0.0,0.0,0.0,0.0,1.0,0.0,0.0,0.0,0.0,0.0,0.8,0.0,-0.8,0.0,0.0002,16.0,25903.0
2026-07-30T18:59:28.108Z,137.591,137.604,0.0,7.4,0.0,0.0,0.0,0.0,0.0,0.0,0.0,0.0,1.0,0.0,0.0,0.0,9.0,4.0,0.0,0.0,0.0,0.0,0.0,0.0,0.0,0.0,3.0,12.0,1.0,12.17,5.01,2.51,1.49,0.0,0.1,0.0,0.4,0.0,-0.3,0.1,-0.1,-169.70000000000002,0.0,0.0,169.8,0.0,21.700000000000003,30.6,30.6,31.3,300.0,300.0,30.9,34.9,30.200000000000003,29.6,31.3,4.95,1.99,4.96,0.16,0.0,0.0,1027.0,8228.0,0.0,0.0,0.0,0.0,0.0,1.0,0.0,0.0,0.0,0.0,0.0,0.0,0.0,0.1,0.0,0.0,16.0,25903.0
2026-07-30T18:59:28.120Z,137.603,137.616,0.0,7.4,0.0,0.0,0.0,0.0,0.0,0.0,0.0,0.0,1.0,0.0,0.0,0.0,9.0,4.0,0.0,0.0,0.0,0.0,0.0,0.0,0.0,0.0,4.0,12.0,1.0,12.17,5.01,2.51,1.49,0.0,0.0,0.0,0.5,0.0,-0.3,-0.4,-0.1,-169.70000000000002,0.0,0.0,169.70000000000002,0.0,21.700000000000003,30.6,30.6,31.3,300.0,300.0,30.9,34.9,30.200000000000003,29.6,31.3,4.95,2.0,4.96,0.16,0.0,0.0,1027.0,8228.0,0.0,0.0,0.0,0.0,0.0,1.0,0.0,0.0,0.0,0.0,0.0,-0.6000000000000001,0.0,0.0,0.0,0.0,16.0,25903.0
2026-07-30T18:59:28.131Z,137.614,137.628,0.0,7.4,0.0,0.0,0.0,0.0,0.0,0.0,0.0,0.0,1.0,0.0,0.0,0.0,9.0,4.0,0.0,0.0,0.0,0.0,0.0,0.0,0.0,0.0,6.0,12.0,1.0,12.17,5.01,2.51,1.49,0.0,0.0,0.0,0.4,0.0,-0.8,0.7000000000000001,1.0,-169.70000000000002,0.0,0.0,169.70000000000002,0.0,21.700000000000003,30.6,30.6,31.3,300.0,300.0,30.9,34.9,30.200000000000003,29.6,31.3,4.95,2.0,4.97,0.16,0.0,0.0,1027.0,8228.0,0.0,0.0,0.0,0.0,0.0,1.0,0.0,0.0,0.0,0.0,0.0,1.6,0.0,-0.7000000000000001,0.0,0.0,16.0,25903.0
2026-07-30T18:59:28.150Z,137.633,137.64,0.0,7.4,0.0,0.0,0.0,0.0,0.0,0.0,0.0,0.0,1.0,0.0,0.0,0.0,9.0,4.0,0.0,0.0,0.0,0.0,0.0,0.0,0.0,0.0,1.0,12.0,1.0,12.17,5.01,2.51,1.49,0.0,0.0,0.0,0.4,0.0,-0.8,0.1,-0.1,-169.70000000000002,0.0,0.0,169.8,0.0,21.700000000000003,30.6,30.6,31.3,300.0,300.0,30.9,34.9,30.200000000000003,29.6,31.3,4.95,1.99,4.97,0.16,0.0,0.0,1027.0,8228.0,0.0,0.0,0.0,0.0,0.0,1.0,0.0,0.0,0.0,0.0,0.0,0.0,0.0,0.1,0.0,0.0001,16.0,25903.0
2026-07-30T18:59:28.156Z,137.639,137.65200000000002,0.0,7.4,0.0,0.0,0.0,0.0,0.0,0.0,0.0,0.0,1.0,0.0,0.0,0.0,9.0,4.0,0.0,0.0,0.0,0.0,0.0,0.0,0.0,0.0,5.0,12.0,1.0,12.17,5.01,2.51,1.49,0.0,0.0,0.0,0.4,0.0,0.3,1.2000000000000002,-0.1,-169.70000000000002,0.0,0.0,169.70000000000002,0.0,21.700000000000003,30.6,30.6,31.3,300.0,300.0,30.9,34.9,30.200000000000003,29.6,31.3,4.95,1.99,4.97,0.16,0.0,0.0,1027.0,8228.0,0.0,0.0,0.0,0.0,0.0,1.0,0.0,0.0,0.0,0.0,0.0,1.3,0.0,0.3,0.0,0.0,16.0,25903.0
2026-07-30T18:59:28.168Z,137.651,137.66400000000002,0.0,7.4,0.0,0.0,0.0,0.0,0.0,0.0,0.0,0.0,1.0,0.0,0.0,0.0,9.0,4.0,0.0,0.0,0.0,0.0,0.0,0.0,0.0,0.0,1.0,12.0,1.0,12.17,5.01,2.51,1.49,0.0,0.1,0.0,0.4,0.0,0.3,-0.4,0.4,-169.70000000000002,0.0,0.0,169.70000000000002,0.0,21.700000000000003,30.6,30.6,31.3,300.0,300.0,30.9,34.9,30.200000000000003,29.6,31.3,4.95,1.99,4.97,0.16,0.0,0.0,1027.0,8228.0,0.0,0.0,0.0,0.0,0.0,1.0,0.0,0.0,0.0,0.0,0.0,-0.1,0.0,-0.5,0.0,0.0,16.0,25903.0
2026-07-30T18:59:28.180Z,137.663,137.67600000000002,0.0,7.4,0.0,0.0,0.0,0.0,0.0,0.0,0.0,0.0,1.0,0.0,0.0,0.0,9.0,4.0,0.0,0.0,0.0,0.0,0.0,0.0,0.0,0.0,2.0,12.0,1.0,12.17,5.01,2.51,1.49,0.0,0.0,0.0,0.4,0.0,-0.8,-1.0,-0.1,-169.70000000000002,0.0,0.0,169.70000000000002,0.0,21.700000000000003,30.6,30.6,31.3,300.0,300.0,30.9,34.9,30.200000000000003,29.6,31.3,4.95,1.99,4.97,0.17,0.0,0.0,1027.0,8228.0,0.0,0.0,0.0,0.0,0.0,1.0,0.0,0.0,0.0,0.0,0.0,-1.2000000000000002,0.0,-0.1,0.0,0.0001,16.0,25903.0
2026-07-30T18:59:28.193Z,137.676,137.68800000000002,0.0,7.4,0.0,0.0,0.0,0.0,0.0,0.0,0.0,0.0,1.0,0.0,0.0,0.0,9.0,4.0,0.0,0.0,0.0,0.0,0.0,0.0,0.0,0.0,3.0,12.0,1.0,12.17,5.01,2.51,1.49,0.0,0.1,0.0,0.4,0.0,0.3,-1.0,-0.7000000000000001,-169.70000000000002,0.0,0.0,169.8,0.0,21.700000000000003,30.6,30.6,31.3,300.0,300.0,30.9,34.9,30.200000000000003,29.6,31.3,4.96,2.0,4.96,0.17,0.0,0.0,1027.0,8228.0,0.0,0.0,0.0,0.0,0.0,1.0,0.0,0.0,0.0,0.0,0.0,-1.7000000000000002,0.0,0.4,0.0,0.0001,16.0,25903.0
2026-07-30T18:59:28.205Z,137.688,137.70000000000002,0.0,7.4,0.0,0.0,0.0,0.0,0.0,0.0,0.0,0.0,1.0,0.0,0.0,0.0,9.0,4.0,0.0,0.0,0.0,0.0,0.0,0.0,0.0,0.0,4.0,12.0,1.0,12.14,5.0200000000000005,2.5,1.5,0.0,0.0,0.0,0.5,0.0,-0.1,0.1,2.8000000000000003,-169.70000000000002,0.0,0.0,169.70000000000002,0.0,21.700000000000003,30.6,30.6,31.200000000000003,300.0,300.0,30.9,34.9,30.200000000000003,29.6,31.3,4.96,1.99,4.97,0.16,0.0,0.0,1027.0,8228.0,0.0,0.0,0.0,0.0,0.0,1.0,0.0,0.0,0.0,0.0,0.0,2.2,0.0,-2.5,0.0,0.0003,16.0,25903.0
2026-07-30T18:59:28.215Z,137.698,137.712,0.0,7.4,0.0,0.0,0.0,0.0,0.0,0.0,0.0,0.0,1.0,0.0,0.0,0.0,9.0,4.0,0.0,0.0,0.0,0.0,0.0,0.0,0.0,0.0,5.0,12.0,1.0,12.14,5.0200000000000005,2.5,1.5,0.0,0.0,0.0,0.4,0.0,0.9,0.7000000000000001,0.5,-169.70000000000002,0.0,0.0,169.8,0.0,21.700000000000003,30.6,30.6,31.200000000000003,300.0,300.0,30.9,34.9,30.200000000000003,29.6,31.3,4.95,1.99,4.97,0.16,0.0,0.0,1027.0,8228.0,0.0,0.0,0.0,0.0,0.0,1.0,0.0,0.0,0.0,0.0,0.0,1.2000000000000002,0.0,-0.3,0.0,0.0,16.0,25903.0
2026-07-30T18:59:28.228Z,137.711,137.724,0.0,7.4,0.0,0.0,0.0,0.0,0.0,0.0,0.0,0.0,1.0,0.0,0.0,0.0,9.0,4.0,0.0,0.0,0.0,0.0,0.0,0.0,0.0,0.0,1.0,12.0,1.0,12.14,5.0200000000000005,2.5,1.5,0.0,0.1,0.0,0.4,0.0,0.3,0.7000000000000001,0.5,-169.70000000000002,0.0,0.0,169.8,0.0,21.700000000000003,30.6,30.6,31.200000000000003,300.0,300.0,30.9,34.9,30.200000000000003,29.6,31.3,4.96,1.99,4.96,0.16,0.0,0.0,1027.0,8228.0,0.0,0.0,0.0,0.0,0.0,1.0,0.0,0.0,0.0,0.0,0.0,1.2000000000000002,0.0,-0.3,0.0,0.0,16.0,25903.0
2026-07-30T18:59:28.240Z,137.723,137.736,0.0,7.4,0.0,0.0,0.0,0.0,0.0,0.0,0.0,0.0,1.0,0.0,0.0,0.0,9.0,4.0,0.0,0.0,0.0,0.0,0.0,0.0,0.0,0.0,2.0,12.0,1.0,12.14,5.0200000000000005,2.5,1.5,0.0,0.0,0.0,0.4,0.0,0.3,-0.4,-1.1,-169.70000000000002,0.0,0.0,169.70000000000002,0.0,21.700000000000003,30.6,30.6,31.200000000000003,300.0,300.0,30.9,34.9,30.200000000000003,29.6,31.3,4.96,1.99,4.96,0.16,0.0,0.0,1027.0,8228.0,0.0,0.0,0.0,0.0,0.0,1.0,0.0,0.0,0.0,0.0,0.0,-1.3,0.0,0.9,0.0,0.0,16.0,25903.0
2026-07-30T18:59:28.252Z,137.735,137.748,0.0,7.4,0.0,0.0,0.0,0.0,0.0,0.0,0.0,0.0,1.0,0.0,0.0,0.0,9.0,4.0,0.0,0.0,0.0,0.0,0.0,0.0,0.0,0.0,3.0,12.0,1.0,12.14,5.0200000000000005,2.5,1.5,0.0,0.0,0.0,0.4,0.0,0.9,1.3,0.5,-169.70000000000002,0.0,0.0,169.70000000000002,0.0,21.700000000000003,30.6,30.6,31.200000000000003,300.0,300.0,30.9,34.9,30.200000000000003,29.6,31.3,4.96,1.99,4.97,0.16,0.0,0.0,1027.0,8228.0,0.0,0.0,0.0,0.0,0.0,1.0,0.0,0.0,0.0,0.0,0.0,1.9,0.0,-0.2,0.0,0.0001,16.0,25903.0
2026-07-30T18:59:28.264Z,137.747,137.76,0.0,7.4,0.0,0.0,0.0,0.0,0.0,0.0,0.0,0.0,1.0,0.0,0.0,0.0,9.0,4.0,0.0,0.0,0.0,0.0,0.0,0.0,0.0,0.0,4.0,12.0,1.0,12.14,5.0200000000000005,2.5,1.5,0.0,0.0,0.0,0.4,0.0,0.4,0.7000000000000001,-1.1,-169.70000000000002,0.0,0.0,169.70000000000002,0.0,21.700000000000003,30.6,30.6,31.200000000000003,300.0,300.0,30.9,34.9,30.200000000000003,29.6,31.3,4.95,1.99,4.97,0.16,0.0,0.0,1027.0,8228.0,0.0,0.0,0.0,0.0,0.0,1.0,0.0,0.0,0.0,0.0,0.0,0.0,0.0,1.1,0.0,0.0,16.0,25903.0
2026-07-30T18:59:28.276Z,137.759,137.772,0.0,7.4,0.0,0.0,0.0,0.0,0.0,0.0,0.0,0.0,1.0,0.0,0.0,0.0,9.0,4.0,0.0,0.0,0.0,0.0,0.0,0.0,0.0,0.0,5.0,12.0,1.0,12.14,5.0200000000000005,2.5,1.5,0.0,0.0,0.0,0.4,0.0,-0.1,0.1,1.1,-169.70000000000002,0.0,0.0,169.8,0.0,21.700000000000003,30.6,30.6,31.200000000000003,300.0,300.0,30.9,34.9,30.200000000000003,29.6,31.3,4.96,1.99,4.96,0.16,0.0,0.0,1027.0,8228.0,0.0,0.0,0.0,0.0,0.0,1.0,0.0,0.0,0.0,0.0,0.0,1.0,0.0,-0.9,0.0,0.0001,16.0,25903.0
2026-07-30T18:59:28.288Z,137.771,137.784,0.0,7.4,0.0,0.0,0.0,0.0,0.0,0.0,0.0,0.0,1.0,0.0,0.0,0.0,9.0,4.0,0.0,0.0,0.0,0.0,0.0,0.0,0.0,0.0,6.0,12.0,1.0,12.14,5.0200000000000005,2.5,1.5,0.0,0.0,0.0,0.4,0.0,0.3,0.1,1.1,-169.70000000000002,0.0,0.0,169.8,0.0,21.700000000000003,30.6,30.6,31.200000000000003,300.0,300.0,30.9,34.9,30.200000000000003,29.6,31.3,4.95,1.99,4.97,0.16,0.0,0.0,1027.0,8228.0,0.0,0.0,0.0,0.0,0.0,1.0,0.0,0.0,0.0,0.0,0.0,0.9,0.0,-0.9,0.0,0.0002,16.0,25903.0
2026-07-30T18:59:28.300Z,137.783,137.796,0.0,7.4,0.0,0.0,0.0,0.0,0.0,0.0,0.0,0.0,1.0,0.0,0.0,0.0,9.0,4.0,0.0,0.0,0.0,0.0,0.0,0.0,0.0,0.0,6.0,12.0,1.0,12.14,5.0200000000000005,2.5,1.5,0.0,0.0,0.0,0.5,0.0,-0.2,1.2000000000000002,0.0,-169.70000000000002,0.0,0.0,169.70000000000002,0.0,21.700000000000003,30.6,30.6,31.200000000000003,300.0,300.0,30.9,34.9,30.200000000000003,29.6,31.3,4.95,1.99,4.96,0.16,0.0,0.0,1027.0,8228.0,0.0,0.0,0.0,0.0,0.0,1.0,0.0,0.0,0.0,0.0,0.0,1.3,0.0,0.3,0.0,0.0,16.0,25903.0
2026-07-30T18:59:28.312Z,137.795,137.808,0.0,7.4,0.0,0.0,0.0,0.0,0.0,0.0,0.0,0.0,1.0,0.0,0.0,0.0,9.0,4.0,0.0,0.0,0.0,0.0,0.0,0.0,0.0,0.0,2.0,12.0,1.0,12.23,5.01,2.51,1.49,0.0,0.0,0.0,0.4,0.0,-0.2,-1.0,-1.2000000000000002,-169.70000000000002,0.0,0.0,169.70000000000002,0.0,21.4,30.6,30.6,31.3,300.0,300.0,30.9,34.9,30.200000000000003,29.6,31.3,4.96,2.0,4.96,0.16,0.0,0.0,1027.0,8228.0,0.0,0.0,0.0,0.0,0.0,1.0,0.0,0.0,0.0,0.0,0.0,-2.1,0.0,0.8,0.0,0.0,16.0,25903.0
2026-07-30T18:59:28.324Z,137.807,137.82,0.0,7.4,0.0,0.0,0.0,0.0,0.0,0.0,0.0,0.0,1.0,0.0,0.0,0.0,9.0,4.0,0.0,0.0,0.0,0.0,0.0,0.0,0.0,0.0,3.0,12.0,1.0,12.23,5.01,2.51,1.49,0.0,0.0,0.0,0.4,0.0,-0.1,-0.4,0.4,-169.70000000000002,0.0,0.0,169.8,0.0,21.4,30.6,30.6,31.3,300.0,300.0,30.9,34.9,30.200000000000003,29.6,31.3,4.95,2.0,4.97,0.16,0.0,0.0,1027.0,8228.0,0.0,0.0,0.0,0.0,0.0,1.0,0.0,0.0,0.0,0.0,0.0,-0.1,0.0,-0.5,0.0,0.0,16.0,25903.0
2026-07-30T18:59:28.336Z,137.819,137.832,0.0,7.4,0.0,0.0,0.0,0.0,0.0,0.0,0.0,0.0,1.0,0.0,0.0,0.0,9.0,4.0,0.0,0.0,0.0,0.0,0.0,0.0,0.0,0.0,4.0,12.0,1.0,12.23,5.01,2.51,1.49,-0.1,0.0,0.0,0.4,0.0,-0.1,0.1,0.0,-169.70000000000002,0.0,0.0,169.70000000000002,0.0,21.4,30.6,30.6,31.3,300.0,300.0,30.9,34.9,30.200000000000003,29.6,31.3,4.95,1.99,4.97,0.16,0.0,0.0,1027.0,8228.0,0.0,0.0,0.0,0.0,0.0,1.0,0.0,0.0,0.0,0.0,0.0,0.0,0.0,0.0,0.0,0.0,16.0,25903.0
2026-07-30T18:59:28.348Z,137.831,137.844,0.0,7.4,0.0,0.0,0.0,0.0,0.0,0.0,0.0,0.0,1.0,0.0,0.0,0.0,9.0,4.0,0.0,0.0,0.0,0.0,0.0,0.0,0.0,0.0,4.0,12.0,1.0,12.23,5.01,2.51,1.49,0.0,0.0,0.0,0.4,0.0,0.3,0.0,0.0,-169.70000000000002,0.0,0.0,169.70000000000002,0.0,21.4,30.6,30.6,31.3,300.0,300.0,30.9,34.9,30.200000000000003,29.6,31.3,4.95,2.0,4.96,0.16,0.0,0.0,1027.0,8228.0,0.0,0.0,0.0,0.0,0.0,1.0,0.0,0.0,0.0,0.0,0.0,0.1,0.0,0.0,0.0,0.0001,16.0,25903.0
2026-07-30T18:59:28.360Z,137.843,137.856,0.0,7.4,0.0,0.0,0.0,0.0,0.0,0.0,0.0,0.0,1.0,0.0,0.0,0.0,9.0,4.0,0.0,0.0,0.0,0.0,0.0,0.0,0.0,0.0,5.0,12.0,1.0,12.23,5.01,2.51,1.49,0.0,0.1,0.0,0.4,0.0,-0.1,-0.4,0.5,-169.70000000000002,0.0,0.0,169.8,0.0,21.4,30.6,30.6,31.3,300.0,300.0,30.9,34.9,30.200000000000003,29.6,31.3,4.96,1.99,4.96,0.16,0.0,0.0,1027.0,8228.0,0.0,0.0,0.0,0.0,0.0,1.0,0.0,0.0,0.0,0.0,0.0,0.0,0.0,-0.6000000000000001,0.0,0.0001,16.0,25903.0
2026-07-30T18:59:28.372Z,137.855,137.868,0.0,7.4,0.0,0.0,0.0,0.0,0.0,0.0,0.0,0.0,1.0,0.0,0.0,0.0,9.0,4.0,0.0,0.0,0.0,0.0,0.0,0.0,0.0,0.0,6.0,12.0,1.0,12.23,5.01,2.51,1.49,0.0,0.1,0.0,0.4,0.0,-0.1,-0.9,-1.1,-169.70000000000002,0.0,0.0,169.8,0.0,21.4,30.6,30.6,31.3,300.0,300.0,30.9,34.9,30.200000000000003,29.6,31.3,4.95,1.99,4.97,0.16,0.0,0.0,1027.0,8228.0,0.0,0.0,0.0,0.0,0.0,1.0,0.0,0.0,0.0,0.0,0.0,-2.0,0.0,0.8,0.0,0.0,16.0,25903.0
2026-07-30T18:59:28.384Z,137.867,137.88,0.0,7.4,0.0,0.0,0.0,0.0,0.0,0.0,0.0,0.0,1.0,0.0,0.0,0.0,9.0,4.0,0.0,0.0,0.0,0.0,0.0,0.0,0.0,0.0,1.0,12.0,1.0,12.23,5.01,2.51,1.49,0.0,0.0,0.0,0.4,0.0,0.4,0.1,0.6000000000000001,-169.70000000000002,0.0,0.0,169.70000000000002,0.0,21.4,30.6,30.6,31.3,300.0,300.0,30.9,34.9,30.200000000000003,29.6,31.3,4.95,1.99,4.96,0.16,0.0,0.0,1027.0,8228.0,0.0,0.0,0.0,0.0,0.0,1.0,0.0,0.0,0.0,0.0,0.0,0.6000000000000001,0.0,-0.5,0.0,0.0001,16.0,25903.0
2026-07-30T18:59:28.396Z,137.879,137.892,0.0,7.4,0.0,0.0,0.0,0.0,0.0,0.0,0.0,0.0,1.0,0.0,0.0,0.0,9.0,4.0,0.0,0.0,0.0,0.0,0.0,0.0,0.0,0.0,3.0,12.0,1.0,12.23,5.01,2.51,1.49,0.0,0.0,0.0,0.4,0.0,-0.1,0.7000000000000001,1.2000000000000002,-169.70000000000002,0.0,0.0,169.70000000000002,0.0,21.4,30.6,30.6,31.3,300.0,300.0,30.9,34.9,30.200000000000003,29.6,31.3,4.95,2.0,4.97,0.16,0.0,0.0,1027.0,8228.0,0.0,0.0,0.0,0.0,0.0,1.0,0.0,0.0,0.0,0.0,0.0,1.7000000000000002,0.0,-0.9,0.0,0.0001,16.0,25903.0
2026-07-30T18:59:28.409Z,137.892,137.904,0.0,7.4,0.0,0.0,0.0,0.0,0.0,0.0,0.0,0.0,1.0,0.0,0.0,0.0,9.0,4.0,0.0,0.0,0.0,0.0,0.0,0.0,0.0,0.0,5.0,12.0,1.0,12.17,5.0200000000000005,2.51,1.49,0.0,0.0,0.0,0.4,0.0,-0.7000000000000001,-0.3,1.2000000000000002,-169.70000000000002,0.0,0.0,169.70000000000002,0.0,21.3,30.6,30.6,31.200000000000003,300.0,300.0,30.8,34.9,30.200000000000003,29.6,31.3,4.95,1.99,4.97,0.16,0.0,0.0,1027.0,8228.0,0.0,0.0,0.0,0.0,0.0,1.0,0.0,0.0,0.0,0.0,0.0,0.4,0.0,-1.1,0.0,0.0001,16.0,25903.0
2026-07-30T18:59:28.420Z,137.903,137.916,0.0,7.4,0.0,0.0,0.0,0.0,0.0,0.0,0.0,0.0,1.0,0.0,0.0,0.0,9.0,4.0,0.0,0.0,0.0,0.0,0.0,0.0,0.0,0.0,6.0,12.0,1.0,12.17,5.0200000000000005,2.51,1.49,0.0,0.0,0.0,0.4,0.0,0.4,-1.0,-1.1,-169.70000000000002,0.0,0.0,169.60000000000002,0.0,21.3,30.6,30.6,31.200000000000003,300.0,300.0,30.8,34.9,30.200000000000003,29.6,31.3,4.95,1.99,4.97,0.16,0.0,0.0,1027.0,8228.0,0.0,0.0,0.0,0.0,0.0,1.0,0.0,0.0,0.0,0.0,0.0,-2.0,0.0,0.7000000000000001,0.0,0.0,16.0,25903.0
2026-07-30T18:59:28.432Z,137.915,137.928,0.0,7.4,0.0,0.0,0.0,0.0,0.0,0.0,0.0,0.0,1.0,0.0,0.0,0.0,9.0,4.0,0.0,0.0,0.0,0.0,0.0,0.0,0.0,0.0,1.0,12.0,1.0,12.17,5.0200000000000005,2.51,1.49,0.0,0.0,0.0,0.4,0.0,0.4,-0.4,0.0,-169.70000000000002,0.0,0.0,169.70000000000002,0.0,21.3,30.6,30.6,31.200000000000003,300.0,300.0,30.8,34.9,30.200000000000003,29.6,31.3,4.96,1.99,4.96,0.16,0.0,0.0,1027.0,8228.0,0.0,0.0,0.0,0.0,0.0,1.0,0.0,0.0,0.0,0.0,0.0,-0.4,0.0,-0.1,0.0,0.0,16.0,25903.0
2026-07-30T18:59:28.444Z,137.927,137.94,0.0,7.4,0.0,0.0,0.0,0.0,0.0,0.0,0.0,0.0,1.0,0.0,0.0,0.0,9.0,4.0,0.0,0.0,0.0,0.0,0.0,0.0,0.0,0.0,2.0,12.0,1.0,12.17,5.0200000000000005,2.51,1.49,0.0,0.0,0.0,0.4,0.0,0.4,0.1,1.2000000000000002,-169.70000000000002,0.0,0.0,169.70000000000002,0.0,21.3,30.6,30.6,31.200000000000003,300.0,300.0,30.8,34.9,30.200000000000003,29.6,31.3,4.96,2.0,4.96,0.16,0.0,0.0,1027.0,8228.0,0.0,0.0,0.0,0.0,0.0,1.0,0.0,0.0,0.0,0.0,0.0,1.0,0.0,-1.0,0.0,0.0,16.0,25903.0
2026-07-30T18:59:28.456Z,137.939,137.952,0.0,7.4,0.0,0.0,0.0,0.0,0.0,0.0,0.0,0.0,1.0,0.0,0.0,0.0,9.0,4.0,0.0,0.0,0.0,0.0,0.0,0.0,0.0,0.0,3.0,12.0,1.0,12.17,5.0200000000000005,2.51,1.49,0.0,0.0,0.0,0.4,0.0,0.4,0.1,0.6000000000000001,-169.70000000000002,0.0,0.0,169.70000000000002,0.0,21.3,30.6,30.6,31.200000000000003,300.0,300.0,30.8,34.9,30.200000000000003,29.6,31.3,4.95,1.99,4.96,0.16,0.0,0.0,1027.0,8228.0,0.0,0.0,0.0,0.0,0.0,1.0,0.0,0.0,0.0,0.0,0.0,0.5,0.0,-0.5,0.0,0.0,16.0,25903.0
2026-07-30T18:59:28.467Z,137.95,137.964,0.0,7.4,0.0,0.0,0.0,0.0,0.0,0.0,0.0,0.0,1.0,0.0,0.0,0.0,9.0,4.0,0.0,0.0,0.0,0.0,0.0,0.0,0.0,0.0,2.0,12.0,1.0,12.17,5.0200000000000005,2.51,1.49,0.0,0.0,0.0,0.4,0.0,-0.1,0.7000000000000001,1.7000000000000002,-169.70000000000002,0.0,0.0,169.70000000000002,0.0,21.3,30.6,30.6,31.200000000000003,300.0,300.0,30.8,34.9,30.200000000000003,29.6,31.3,4.95,1.99,4.97,0.16,0.0,0.0,1027.0,8228.0,0.0,0.0,0.0,0.0,0.0,1.0,0.0,0.0,0.0,0.0,0.0,2.1,0.0,-1.3,0.0,0.0,16.0,25903.0
2026-07-30T18:59:28.480Z,137.963,137.976,0.0,7.4,0.0,0.0,0.0,0.0,0.0,0.0,0.0,0.0,1.0,0.0,0.0,0.0,9.0,4.0,0.0,0.0,0.0,0.0,0.0,0.0,0.0,0.0,2.0,12.0,1.0,12.17,5.0200000000000005,2.51,1.49,0.0,0.1,0.0,0.5,0.0,-0.2,0.1,-1.1,-169.70000000000002,0.0,0.0,169.60000000000002,0.0,21.3,30.6,30.6,31.200000000000003,300.0,300.0,30.8,34.9,30.200000000000003,29.6,31.3,4.95,2.0,4.96,0.16,0.0,0.0,1027.0,8228.0,0.0,0.0,0.0,0.0,0.0,1.0,0.0,0.0,0.0,0.0,0.0,-0.7000000000000001,0.0,1.0,0.0,0.0,16.0,25903.0
2026-07-30T18:59:28.492Z,137.975,137.988,0.0,7.4,0.0,0.0,0.0,0.0,0.0,0.0,0.0,0.0,1.0,0.0,0.0,0.0,9.0,4.0,0.0,0.0,0.0,0.0,0.0,0.0,0.0,0.0,3.0,12.0,1.0,12.17,5.0200000000000005,2.51,1.49,0.0,0.0,0.0,0.4,0.0,0.3,0.7000000000000001,0.0,-169.70000000000002,0.0,0.0,169.8,0.0,21.3,30.6,30.6,31.200000000000003,300.0,300.0,30.8,34.9,30.200000000000003,29.6,31.3,4.95,1.99,4.97,0.16,0.0,0.0,1027.0,8228.0,0.0,0.0,0.0,0.0,0.0,1.0,0.0,0.0,0.0,0.0,0.0,0.8,0.0,0.1,0.0,0.0001,16.0,25903.0
2026-07-30T18:59:28.504Z,137.987,138.0,0.0,7.4,0.0,0.0,0.0,0.0,0.0,0.0,0.0,0.0,1.0,0.0,0.0,0.0,9.0,4.0,0.0,0.0,0.0,0.0,0.0,0.0,0.0,0.0,5.0,12.0,1.0,12.17,5.0200000000000005,2.51,1.49,0.0,0.0,0.0,0.4,0.0,-0.2,0.1,1.1,-169.70000000000002,0.0,0.0,169.60000000000002,0.0,21.3,30.6,30.6,31.200000000000003,300.0,300.0,30.8,34.9,30.200000000000003,29.6,31.3,4.95,1.99,4.97,0.16,0.0,0.0,1027.0,8228.0,0.0,0.0,0.0,0.0,0.0,1.0,0.0,0.0,0.0,0.0,0.0,1.0,0.0,-0.9,0.0,0.0001,16.0,25903.0
2026-07-30T18:59:28.516Z,137.999,138.012,0.0,7.4,0.0,0.0,0.0,0.0,0.0,0.0,0.0,0.0,1.0,0.0,0.0,0.0,9.0,4.0,0.0,0.0,0.0,0.0,0.0,0.0,0.0,0.0,6.0,12.0,1.0,12.17,5.01,2.51,1.49,0.0,0.1,0.0,0.4,0.0,0.3,0.7000000000000001,0.0,-169.70000000000002,0.0,0.0,169.60000000000002,0.0,21.4,30.6,30.6,31.200000000000003,300.0,300.0,30.8,34.9,30.200000000000003,29.6,31.3,4.96,1.99,4.96,0.16,0.0,0.0,1027.0,8228.0,0.0,0.0,0.0,0.0,0.0,1.0,0.0,0.0,0.0,0.0,0.0,0.8,0.0,0.1,0.0,0.0002,16.0,25903.0
2026-07-30T18:59:28.528Z,138.011,138.024,0.0,7.4,0.0,0.0,0.0,0.0,0.0,0.0,0.0,0.0,1.0,0.0,0.0,0.0,9.0,4.0,0.0,0.0,0.0,0.0,0.0,0.0,0.0,0.0,1.0,12.0,1.0,12.17,5.01,2.51,1.49,0.0,0.0,0.0,0.5,0.0,-0.2,-1.0,1.7000000000000002,-169.70000000000002,0.0,0.0,169.70000000000002,0.0,21.4,30.6,30.6,31.200000000000003,300.0,300.0,30.8,34.9,30.200000000000003,29.6,31.3,4.95,1.99,4.97,0.16,0.0,0.0,1027.0,8228.0,0.0,0.0,0.0,0.0,0.0,1.0,0.0,0.0,0.0,0.0,0.0,0.1,0.0,-1.7000000000000002,0.0,0.0,16.0,25903.0
2026-07-30T18:59:28.540Z,138.023,138.036,0.0,7.4,0.0,0.0,0.0,0.0,0.0,0.0,0.0,0.0,1.0,0.0,0.0,0.0,9.0,4.0,0.0,0.0,0.0,0.0,0.0,0.0,0.0,0.0,2.0,12.0,1.0,12.17,5.01,2.51,1.49,0.0,0.1,0.0,0.4,0.0,0.3,0.0,0.4,-169.70000000000002,0.0,0.0,169.60000000000002,0.0,21.4,30.6,30.6,31.200000000000003,300.0,300.0,30.8,34.9,30.200000000000003,29.6,31.3,4.95,1.99,4.96,0.16,0.0,0.0,1027.0,8228.0,0.0,0.0,0.0,0.0,0.0,1.0,0.0,0.0,0.0,0.0,0.0,0.4,0.0,-0.4,0.0,0.0002,16.0,25903.0
2026-07-30T18:59:28.552Z,138.035,138.048,0.0,7.4,0.0,0.0,0.0,0.0,0.0,0.0,0.0,0.0,1.0,0.0,0.0,0.0,9.0,4.0,0.0,0.0,0.0,0.0,0.0,0.0,0.0,0.0,4.0,12.0,1.0,12.17,5.01,2.51,1.49,0.0,0.0,0.0,0.4,0.0,0.9,-1.0,0.5,-169.70000000000002,0.0,0.0,169.70000000000002,0.0,21.4,30.6,30.6,31.200000000000003,300.0,300.0,30.8,34.9,30.200000000000003,29.6,31.3,4.95,2.0,4.96,0.16,0.0,0.0,1027.0,8228.0,0.0,0.0,0.0,0.0,0.0,1.0,0.0,0.0,0.0,0.0,0.0,-0.8,0.0,-0.6000000000000001,0.0,0.0001,16.0,25903.0
2026-07-30T18:59:28.564Z,138.047,138.06,0.0,7.4,0.0,0.0,0.0,0.0,0.0,0.0,0.0,0.0,1.0,0.0,0.0,0.0,9.0,4.0,0.0,0.0,0.0,0.0,0.0,0.0,0.0,0.0,5.0,12.0,1.0,12.17,5.01,2.51,1.49,0.0,0.0,0.0,0.4,0.0,-0.2,0.6000000000000001,-0.1,-169.70000000000002,0.0,0.0,169.8,0.0,21.4,30.6,30.6,31.200000000000003,300.0,300.0,30.8,34.9,30.200000000000003,29.6,31.3,4.95,2.0,4.97,0.16,0.0,0.0,1027.0,8228.0,0.0,0.0,0.0,0.0,0.0,1.0,0.0,0.0,0.0,0.0,0.0,-2.1,0.0,0.9,0.0,0.0,16.0,25903.0
2026-07-30T18:59:28.576Z,138.059,138.072,0.0,7.4,0.0,0.0,0.0,0.0,0.0,0.0,0.0,0.0,1.0,0.0,0.0,0.0,9.0,4.0,0.0,0.0,0.0,0.0,0.0,0.0,0.0,0.0,1.0,12.0,1.0,12.17,5.01,2.51,1.49,0.0,0.0,0.0,0.4,0.0,0.9,-0.5,1.0,-169.70000000000002,0.0,0.0,169.8,0.0,21.4,30.6,30.6,31.200000000000003,300.0,300.0,30.8,34.9,30.200000000000003,29.6,31.3,4.95,1.99,4.97,0.16,0.0,0.0,1027.0,8228.0,0.0,0.0,0.0,0.0,0.0,1.0,0.0,0.0,0.0,0.0,0.0,-1.1,0.0,0.5,0.0,0.0001,16.0,25903.0
2026-07-30T18:59:28.588Z,138.071,138.084,0.0,7.4,0.0,0.0,0.0,0.0,0.0,0.0,0.0,0.0,1.0,0.0,0.0,0.0,9.0,4.0,0.0,0.0,0.0,0.0,0.0,0.0,0.0,0.0,3.0,12.0,1.0,12.17,5.01,2.51,1.49,0.0,0.0,0.0,0.4,0.0,0.3,0.0,1.0,-169.70000000000002,0.0,0.0,169.8,0.0,21.4,30.6,30.6,31.200000000000003,300.0,300.0,30.8,34.9,30.200000000000003,29.6,31.3,4.95,1.99,4.96,0.17,0.0,0.0,1027.0,8228.0,0.0,0.0,0.0,0.0,0.0,1.0,0.0,0.0,0.0,0.0,0.0,0.3,0.0,-0.3,0.0,0.0,16.0,25903.0
2026-07-30T18:59:28.600Z,138.083,138.096,0.0,7.4,0.0,0.0,0.0,0.0,0.0,0.0,0.0,0.0,1.0,0.0,0.0,0.0,9.0,4.0,0.0,0.0,0.0,0.0,0.0,0.0,0.0,0.0,4.0,12.0,1.0,12.17,5.01,2.51,1.49,0.0,0.0,0.0,0.4,0.0,-0.2,1.2000000000000002,-1.3,-169.70000000000002,0.0,0.0,169.70000000000002,0.0,21.4,30.6,30.6,31.200000000000003,300.0,300.0,30.8,34.9,30.200000000000003,29.6,31.3,4.95,1.99,4.96,0.16,0.0,0.0,1027.0,8228.0,0.0,0.0,0.0,0.0,0.0,1.0,0.0,0.0,0.0,0.0,0.0,3.2,0.0,-1.0,0.0,0.0,16.0,25903.0
2026-07-30T18:59:28.613Z,138.096,138.108,0.0,7.4,0.0,0.0,0.0,0.0,0.0,0.0,0.0,0.0,1.0,0.0,0.0,0.0,9.0,4.0,0.0,0.0,0.0,0.0,0.0,0.0,0.0,0.0,5.0,12.0,1.0,12.19,5.01,2.51,1.49,0.0,0.0,0.0,0.4,0.0,0.3,-0.5,-1.3,-169.70000000000002,0.0,0.0,169.70000000000002,0.0,21.4,30.6,30.6,31.200000000000003,300.0,300.0,30.9,34.9,30.200000000000003,29.6,31.3,4.95,1.99,4.97,0.17,0.0,0.0,1027.0,8228.0,0.0,0.0,0.0,0.0,0.0,1.0,0.0,0.0,0.0,0.0,0.0,-1.6,0.0,1.0,0.0,0.0001,16.0,25903.0
2026-07-30T18:59:28.624Z,138.107,138.12,0.0,7.4,0.0,0.0,0.0,0.0,0.0,0.0,0.0,0.0,1.0,0.0,0.0,0.0,9.0,4.0,0.0,0.0,0.0,0.0,0.0,0.0,0.0,0.0,6.0,12.0,1.0,12.19,5.01,2.51,1.49,0.0,0.0,0.0,0.4,0.0,0.8,-1.1,-0.1,-169.70000000000002,0.0,0.0,169.8,0.0,21.4,30.6,30.6,31.200000000000003,300.0,300.0,30.9,34.9,30.200000000000003,29.6,31.3,4.96,1.99,4.96,0.17,0.0,0.0,1027.0,8228.0,0.0,0.0,0.0,0.0,0.0,1.0,0.0,0.0,0.0,0.0,0.0,-1.4,0.0,0.0,0.0,0.0,16.0,25903.0
2026-07-30T18:59:28.636Z,138.119,138.132,0.0,7.4,0.0,0.0,0.0,0.0,0.0,0.0,0.0,0.0,1.0,0.0,0.0,0.0,9.0,4.0,0.0,0.0,0.0,0.0,0.0,0.0,0.0,0.0,1.0,12.0,1.0,12.19,5.01,2.51,1.49,0.0,0.1,0.0,0.4,0.0,-0.3,0.0,-0.2,-169.70000000000002,0.0,0.0,169.60000000000002,0.0,21.4,30.6,30.6,31.200000000000003,300.0,300.0,30.9,34.9,30.200000000000003,29.6,31.3,4.96,1.99,4.97,0.16,0.0,0.0,1027.0,8228.0,0.0,0.0,0.0,0.0,0.0,1.0,0.0,0.0,0.0,0.0,0.0,-0.1,0.0,0.1,0.0,0.0001,16.0,25903.0
2026-07-30T18:59:28.648Z,138.131,138.144,0.0,7.4,0.0,0.0,0.0,0.0,0.0,0.0,0.0,0.0,1.0,0.0,0.0,0.0,9.0,4.0,0.0,0.0,0.0,0.0,0.0,0.0,0.0,0.0,2.0,12.0,1.0,12.19,5.01,2.51,1.49,0.0,0.0,0.0,0.4,0.0,-0.3,0.0,-0.8,-169.70000000000002,0.0,0.0,169.70000000000002,0.0,21.4,30.6,30.6,31.200000000000003,300.0,300.0,30.9,34.9,30.200000000000003,29.6,31.3,4.95,1.99,4.97,0.16,0.0,0.0,1027.0,8228.0,0.0,0.0,0.0,0.0,0.0,1.0,0.0,0.0,0.0,0.0,0.0,-0.6000000000000001,0.0,0.7000000000000001,0.0,0.0003,16.0,25903.0
2026-07-30T18:59:28.660Z,138.143,138.156,0.0,7.4,0.0,0.0,0.0,0.0,0.0,0.0,0.0,0.0,1.0,0.0,0.0,0.0,9.0,4.0,0.0,0.0,0.0,0.0,0.0,0.0,0.0,0.0,3.0,12.0,1.0,12.19,5.01,2.51,1.49,0.0,0.0,0.0,0.4,0.0,-0.3,-0.5,-0.2,-169.70000000000002,0.0,0.0,169.70000000000002,0.0,21.4,30.6,30.6,31.200000000000003,300.0,300.0,30.9,34.9,30.200000000000003,29.6,31.3,4.95,1.99,4.97,0.16,0.0,0.0,1027.0,8228.0,0.0,0.0,0.0,0.0,0.0,1.0,0.0,0.0,0.0,0.0,0.0,-0.8,0.0,0.0,0.0,0.0001,16.0,25903.0
2026-07-30T18:59:28.672Z,138.155,138.168,0.0,7.4,0.0,0.0,0.0,0.0,0.0,0.0,0.0,0.0,1.0,0.0,0.0,0.0,9.0,4.0,0.0,0.0,0.0,0.0,0.0,0.0,0.0,0.0,4.0,12.0,1.0,12.19,5.01,2.51,1.49,0.0,0.0,0.0,0.4,0.0,0.2,0.0,-1.4,-169.70000000000002,0.0,0.0,169.70000000000002,0.0,21.4,30.6,30.6,31.200000000000003,300.0,300.0,30.9,34.9,30.200000000000003,29.6,31.3,4.96,1.99,4.96,0.16,0.0,0.0,1027.0,8228.0,0.0,0.0,0.0,0.0,0.0,1.0,0.0,0.0,0.0,0.0,0.0,-1.0,0.0,1.2000000000000002,0.0,0.0001,16.0,25903.0
2026-07-30T18:59:28.683Z,138.166,138.18,0.0,7.4,0.0,0.0,0.0,0.0,0.0,0.0,0.0,0.0,1.0,0.0,0.0,0.0,9.0,4.0,0.0,0.0,0.0,0.0,0.0,0.0,0.0,0.0,5.0,12.0,1.0,12.19,5.01,2.51,1.49,0.0,0.0,0.0,0.4,0.0,-0.2,0.6000000000000001,-0.2,-169.70000000000002,0.0,0.0,169.70000000000002,0.0,21.4,30.6,30.6,31.200000000000003,300.0,300.0,30.9,34.9,30.200000000000003,29.6,31.3,4.96,1.99,4.97,0.16,0.0,0.0,1027.0,8228.0,0.0,0.0,0.0,0.0,0.0,1.0,0.0,0.0,0.0,0.0,0.0,0.5,0.0,0.3,0.0,0.0001,16.0,25903.0
2026-07-30T18:59:28.696Z,138.179,138.192,0.0,7.4,0.0,0.0,0.0,0.0,0.0,0.0,0.0,0.0,1.0,0.0,0.0,0.0,9.0,4.0,0.0,0.0,0.0,0.0,0.0,0.0,0.0,0.0,6.0,12.0,1.0,12.19,5.01,2.51,1.49,0.0,0.0,0.0,0.4,0.0,-0.3,0.5,0.2,-169.70000000000002,0.0,0.0,169.70000000000002,0.0,21.4,30.6,30.6,31.200000000000003,300.0,300.0,30.9,34.9,30.200000000000003,29.6,31.3,4.95,1.99,4.97,0.16,0.0,0.0,1027.0,8228.0,0.0,0.0,0.0,0.0,0.0,1.0,0.0,0.0,0.0,0.0,0.0,0.8,0.0,-0.1,0.0,0.0001,16.0,25903.0
2026-07-30T18:59:28.708Z,138.191,138.204,0.0,7.4,0.0,0.0,0.0,0.0,0.0,0.0,0.0,0.0,1.0,0.0,0.0,0.0,9.0,4.0,0.0,0.0,0.0,0.0,0.0,0.0,0.0,0.0,1.0,12.0,1.0,12.19,5.01,2.51,1.49,0.0,0.0,0.0,0.5,0.0,0.2,0.6000000000000001,0.8,-169.70000000000002,0.0,0.0,169.70000000000002,0.0,21.4,30.6,30.6,31.200000000000003,300.0,300.0,30.9,34.9,30.200000000000003,29.6,31.3,4.96,1.99,4.96,0.16,0.0,0.0,1027.0,8228.0,0.0,0.0,0.0,0.0,0.0,1.0,0.0,0.0,0.0,0.0,0.0,1.3,0.0,-0.6000000000000001,0.0,0.0,16.0,25903.0
2026-07-30T18:59:28.720Z,138.203,138.216,0.0,7.4,0.0,0.0,0.0,0.0,0.0,0.0,0.0,0.0,1.0,0.0,0.0,0.0,9.0,4.0,0.0,0.0,0.0,0.0,0.0,0.0,0.0,0.0,2.0,12.0,1.0,12.15,5.01,2.5,1.49,0.0,0.0,0.0,0.4,0.0,-0.9,-0.5,-0.2,-169.70000000000002,0.0,0.0,169.60000000000002,0.0,21.700000000000003,30.6,30.6,31.200000000000003,300.0,300.0,30.8,34.9,30.200000000000003,29.6,31.3,4.95,1.99,4.96,0.16,0.0,0.0,1027.0,8228.0,0.0,0.0,0.0,0.0,0.0,1.0,0.0,0.0,0.0,0.0,0.0,-0.8,0.0,0.1,0.0,0.0,16.0,25903.0
2026-07-30T18:59:28.732Z,138.215,138.228,0.0,7.4,0.0,0.0,0.0,0.0,0.0,0.0,0.0,0.0,1.0,0.0,0.0,0.0,9.0,4.0,0.0,0.0,0.0,0.0,0.0,0.0,0.0,0.0,3.0,12.0,1.0,12.15,5.01,2.5,1.49,0.0,0.0,0.0,0.4,0.0,-0.3,0.6000000000000001,-0.8,-169.70000000000002,0.0,0.0,169.70000000000002,0.0,21.700000000000003,30.6,30.6,31.200000000000003,300.0,300.0,30.8,34.9,30.200000000000003,29.6,31.3,4.95,1.99,4.97,0.16,0.0,0.0,1027.0,8228.0,0.0,0.0,0.0,0.0,0.0,1.0,0.0,0.0,0.0,0.0,0.0,0.0,0.0,0.8,0.0,0.0001,16.0,25903.0
2026-07-30T18:59:28.744Z,138.227,138.24,0.0,7.4,0.0,0.0,0.0,0.0,0.0,0.0,0.0,0.0,1.0,0.0,0.0,0.0,9.0,4.0,0.0,0.0,0.0,0.0,0.0,0.0,0.0,0.0,4.0,12.0,1.0,12.15,5.01,2.5,1.49,0.0,0.0,0.0,0.4,0.0,0.2,1.1,0.2,-169.70000000000002,0.0,0.0,169.70000000000002,0.0,21.700000000000003,30.6,30.6,31.200000000000003,300.0,300.0,30.8,34.9,30.200000000000003,29.6,31.3,4.95,1.99,4.97,0.16,0.0,0.0,1027.0,8228.0,0.0,0.0,0.0,0.0,0.0,1.0,0.0,0.0,0.0,0.0,0.0,1.5,0.0,0.0,0.0,0.0,16.0,25903.0
2026-07-30T18:59:28.756Z,138.239,138.252,0.0,7.4,0.0,0.0,0.0,0.0,0.0,0.0,0.0,0.0,1.0,0.0,0.0,0.0,9.0,4.0,0.0,0.0,0.0,0.0,0.0,0.0,0.0,0.0,4.0,12.0,1.0,12.15,5.01,2.5,1.49,0.0,0.0,0.0,0.4,0.0,0.2,0.0,1.4,-169.70000000000002,0.0,0.0,169.70000000000002,0.0,21.700000000000003,30.6,30.6,31.200000000000003,300.0,300.0,30.8,34.9,30.200000000000003,29.6,31.3,4.96,1.99,4.96,0.16,0.0,0.0,1027.0,8228.0,0.0,0.0,0.0,0.0,0.0,1.0,0.0,0.0,0.0,0.0,0.0,1.1,0.0,-1.2000000000000002,0.0,0.0,16.0,25903.0
2026-07-30T18:59:28.779Z,138.262,138.264,0.0,7.4,0.0,0.0,0.0,0.0,0.0,0.0,0.0,0.0,1.0,0.0,0.0,0.0,9.0,4.0,0.0,0.0,0.0,0.0,0.0,0.0,0.0,0.0,5.0,12.0,1.0,12.15,5.01,2.5,1.49,0.0,0.0,0.0,0.4,0.0,-0.3,-0.5,0.9,-169.70000000000002,0.0,0.0,169.70000000000002,0.0,21.700000000000003,30.6,30.6,31.200000000000003,300.0,300.0,30.8,34.9,30.200000000000003,29.6,31.3,4.96,1.99,4.97,0.16,0.0,0.0,1027.0,8228.0,0.0,0.0,0.0,0.0,0.0,1.0,0.0,0.0,0.0,0.0,0.0,0.0,0.0,-0.9,0.0,0.0,16.0,25903.0
2026-07-30T18:59:28.781Z,138.264,138.276,0.0,7.4,0.0,0.0,0.0,0.0,0.0,0.0,0.0,0.0,1.0,0.0,0.0,0.0,9.0,4.0,0.0,0.0,0.0,0.0,0.0,0.0,0.0,0.0,3.0,12.0,1.0,12.15,5.01,2.5,1.49,0.0,0.0,0.0,0.4,0.0,-0.3,0.0,-0.8,-169.70000000000002,0.0,0.0,169.70000000000002,0.0,21.700000000000003,30.6,30.6,31.200000000000003,300.0,300.0,30.8,34.9,30.200000000000003,29.6,31.3,4.96,2.0,4.96,0.16,0.0,0.0,1027.0,8228.0,0.0,0.0,0.0,0.0,0.0,1.0,0.0,0.0,0.0,0.0,0.0,-0.5,0.0,0.7000000000000001,0.0,0.0002,16.0,25903.0
2026-07-30T18:59:28.791Z,138.274,138.288,0.0,7.4,0.0,0.0,0.0,0.0,0.0,0.0,0.0,0.0,1.0,0.0,0.0,0.0,9.0,4.0,0.0,0.0,0.0,0.0,0.0,0.0,0.0,0.0,2.0,12.0,1.0,12.15,5.01,2.5,1.49,0.0,0.0,0.0,0.4,0.0,-0.3,-0.5,-1.4,-169.70000000000002,0.0,0.0,169.8,0.0,21.700000000000003,30.6,30.6,31.200000000000003,300.0,300.0,30.8,34.9,30.200000000000003,29.6,31.3,4.96,1.99,4.96,0.16,0.0,0.0,1027.0,8228.0,0.0,0.0,0.0,0.0,0.0,1.0,0.0,0.0,0.0,0.0,0.0,-1.6,0.0,1.1,0.0,0.0001,16.0,25903.0
2026-07-30T18:59:28.804Z,138.287,138.3,0.0,7.4,0.0,0.0,0.0,0.0,0.0,0.0,0.0,0.0,1.0,0.0,0.0,0.0,9.0,4.0,0.0,0.0,0.0,0.0,0.0,0.0,0.0,0.0,3.0,12.0,1.0,12.15,5.01,2.5,1.49,0.0,0.0,0.0,0.4,0.0,-0.8,-0.5,-0.2,-169.70000000000002,0.0,0.0,169.70000000000002,0.0,21.700000000000003,30.6,30.6,31.200000000000003,300.0,300.0,30.8,34.9,30.200000000000003,29.6,31.3,4.95,1.99,4.96,0.16,0.0,0.0,1027.0,8228.0,0.0,0.0,0.0,0.0,0.0,1.0,0.0,0.0,0.0,0.0,0.0,-0.7000000000000001,0.0,0.1,0.0,0.0002,16.0,25903.0
2026-07-30T18:59:28.816Z,138.299,138.312,0.0,7.4,0.0,0.0,0.0,0.0,0.0,0.0,0.0,0.0,1.0,0.0,0.0,0.0,9.0,4.0,0.0,0.0,0.0,0.0,0.0,0.0,0.0,0.0,4.0,12.0,1.0,12.17,5.0200000000000005,2.5,1.49,0.0,0.0,0.0,0.4,0.0,0.2,-0.5,0.3,-169.70000000000002,0.0,0.0,169.70000000000002,0.0,21.200000000000003,30.6,30.6,31.200000000000003,300.0,300.0,30.8,34.9,30.200000000000003,29.6,31.3,4.95,1.99,4.97,0.16,0.0,0.0,1027.0,8228.0,0.0,0.0,0.0,0.0,0.0,1.0,0.0,0.0,0.0,0.0,0.0,-0.3,0.0,-0.4,0.0,0.0,16.0,25903.0
2026-07-30T18:59:28.827Z,138.31,138.324,0.0,7.4,0.0,0.0,0.0,0.0,0.0,0.0,0.0,0.0,1.0,0.0,0.0,0.0,9.0,4.0,0.0,0.0,0.0,0.0,0.0,0.0,0.0,0.0,5.0,12.0,1.0,12.17,5.0200000000000005,2.5,1.49,0.0,0.0,0.0,0.4,0.0,-0.8,0.0,-0.1,-169.70000000000002,0.0,0.0,169.8,0.0,21.200000000000003,30.6,30.6,31.200000000000003,300.0,300.0,30.8,34.9,30.200000000000003,29.6,31.3,4.95,2.0,4.96,0.16,0.0,0.0,1027.0,8228.0,0.0,0.0,0.0,0.0,0.0,1.0,0.0,0.0,0.0,0.0,0.0,-0.1,0.0,0.1,0.0,0.0,16.0,25903.0
2026-07-30T18:59:28.840Z,138.323,138.336,0.0,7.4,0.0,0.0,0.0,0.0,0.0,0.0,0.0,0.0,1.0,0.0,0.0,0.0,9.0,4.0,0.0,0.0,0.0,0.0,0.0,0.0,0.0,0.0,6.0,12.0,1.0,12.17,5.0200000000000005,2.5,1.49,0.0,0.0,0.0,0.5,0.0,0.3,-0.5,-0.1,-169.70000000000002,0.0,0.0,169.60000000000002,0.0,21.200000000000003,30.6,30.6,31.200000000000003,300.0,300.0,30.8,34.9,30.200000000000003,29.6,31.3,4.96,1.99,4.96,0.16,0.0,0.0,1027.0,8228.0,0.0,0.0,0.0,0.0,0.0,1.0,0.0,0.0,0.0,0.0,0.0,-0.7000000000000001,0.0,0.0,0.0,0.0,16.0,25903.0
2026-07-30T18:59:28.852Z,138.335,138.348,0.0,7.4,0.0,0.0,0.0,0.0,0.0,0.0,0.0,0.0,1.0,0.0,0.0,0.0,9.0,4.0,0.0,0.0,0.0,0.0,0.0,0.0,0.0,0.0,1.0,12.0,1.0,12.17,5.0200000000000005,2.5,1.49,0.0,0.0,0.0,0.4,0.0,-0.2,0.0,0.3,-169.70000000000002,0.0,0.0,169.70000000000002,0.0,21.200000000000003,30.6,30.6,31.200000000000003,300.0,300.0,30.8,34.9,30.200000000000003,29.6,31.3,4.95,1.99,4.97,0.16,0.0,0.0,1027.0,8228.0,0.0,0.0,0.0,0.0,0.0,1.0,0.0,0.0,0.0,0.0,0.0,0.3,0.0,-0.3,0.0,0.0002,16.0,25903.0
2026-07-30T18:59:28.863Z,138.346,138.36,0.0,7.4,0.0,0.0,0.0,0.0,0.0,0.0,0.0,0.0,1.0,0.0,0.0,0.0,9.0,4.0,0.0,0.0,0.0,0.0,0.0,0.0,0.0,0.0,3.0,12.0,1.0,12.17,5.0200000000000005,2.5,1.49,0.0,0.0,0.0,0.5,0.0,-0.8,-1.0,-1.9,-169.70000000000002,0.0,0.0,169.8,0.0,21.200000000000003,30.6,30.6,31.200000000000003,300.0,300.0,30.8,34.9,30.200000000000003,29.6,31.3,4.96,1.99,4.96,0.16,0.0,0.0,1027.0,8228.0,0.0,0.0,0.0,0.0,0.0,1.0,0.0,0.0,0.0,0.0,0.0,-2.6,0.0,1.4,0.0,0.0,16.0,25903.0
2026-07-30T18:59:28.876Z,138.359,138.372,0.0,7.4,0.0,0.0,0.0,0.0,0.0,0.0,0.0,0.0,1.0,0.0,0.0,0.0,9.0,4.0,0.0,0.0,0.0,0.0,0.0,0.0,0.0,0.0,4.0,12.0,1.0,12.17,5.0200000000000005,2.5,1.49,0.0,0.0,0.0,0.4,0.0,0.3,1.2000000000000002,-0.1,-169.70000000000002,0.0,0.0,169.8,0.0,21.200000000000003,30.6,30.6,31.200000000000003,300.0,300.0,30.8,34.9,30.200000000000003,29.6,31.3,4.96,1.99,4.96,0.16,0.0,0.0,1027.0,8228.0,0.0,0.0,0.0,0.0,0.0,1.0,0.0,0.0,0.0,0.0,0.0,1.3,0.0,0.3,0.0,0.0001,16.0,25903.0
2026-07-30T18:59:28.887Z,138.37,138.384,0.0,7.4,0.0,0.0,0.0,0.0,0.0,0.0,0.0,0.0,1.0,0.0,0.0,0.0,9.0,4.0,0.0,0.0,0.0,0.0,0.0,0.0,0.0,0.0,6.0,12.0,1.0,12.17,5.0200000000000005,2.5,1.49,0.0,0.0,0.0,0.4,0.0,-0.2,-0.4,-0.7000000000000001,-169.70000000000002,0.0,0.0,169.8,0.0,21.200000000000003,30.6,30.6,31.200000000000003,300.0,300.0,30.8,34.9,30.200000000000003,29.6,31.3,4.95,1.99,4.96,0.16,0.0,0.0,1027.0,8228.0,0.0,0.0,0.0,0.0,0.0,1.0,0.0,0.0,0.0,0.0,0.0,-1.0,0.0,0.5,0.0,0.0001,16.0,25903.0
2026-07-30T18:59:28.900Z,138.383,138.39600000000002,0.0,7.4,0.0,0.0,0.0,0.0,0.0,0.0,0.0,0.0,1.0,0.0,0.0,0.0,9.0,4.0,0.0,0.0,0.0,0.0,0.0,0.0,0.0,0.0,1.0,12.0,1.0,12.17,5.0200000000000005,2.5,1.49,0.0,0.0,0.0,0.4,0.0,-0.7000000000000001,-0.4,1.0,-169.70000000000002,0.0,0.0,169.8,0.0,21.200000000000003,30.6,30.6,31.200000000000003,300.0,300.0,30.8,34.9,30.200000000000003,29.6,31.3,4.95,1.99,4.97,0.16,0.0,0.0,1027.0,8228.0,0.0,0.0,0.0,0.0,0.0,1.0,0.0,0.0,0.0,0.0,0.0,0.2,0.0,-1.0,0.0,0.0001,16.0,25903.0
2026-07-30T18:59:28.911Z,138.394,138.40800000000002,0.0,7.4,0.0,0.0,0.0,0.0,0.0,0.0,0.0,0.0,1.0,0.0,0.0,0.0,9.0,4.0,0.0,0.0,0.0,0.0,0.0,0.0,0.0,0.0,2.0,12.0,1.0,12.17,5.0200000000000005,2.5,1.49,0.0,0.0,0.0,0.4,0.0,-0.1,0.0,-0.7000000000000001,-169.70000000000002,0.0,0.0,169.8,0.0,21.200000000000003,30.6,30.6,31.200000000000003,300.0,300.0,30.8,34.9,30.200000000000003,29.6,31.3,4.96,1.99,4.96,0.16,0.0,0.0,1027.0,8228.0,0.0,0.0,0.0,0.0,0.0,1.0,0.0,0.0,0.0,0.0,0.0,-0.4,0.0,0.6000000000000001,0.0,0.0,16.0,25903.0
2026-07-30T18:59:28.924Z,138.407,138.42000000000002,0.0,7.4,0.0,0.0,0.0,0.0,0.0,0.0,0.0,0.0,1.0,0.0,0.0,0.0,9.0,4.0,0.0,0.0,0.0,0.0,0.0,0.0,0.0,0.0,4.0,12.0,1.0,12.14,5.01,2.51,1.49,0.0,0.1,0.0,0.4,0.0,0.4,1.2000000000000002,-0.1,-169.70000000000002,0.0,0.0,169.8,0.0,21.4,30.6,30.6,31.200000000000003,300.0,300.0,30.9,34.9,30.200000000000003,29.6,31.3,4.96,1.99,4.97,0.16,0.0,0.0,1027.0,8228.0,0.0,0.0,0.0,0.0,0.0,1.0,0.0,0.0,0.0,0.0,0.0,1.3,0.0,0.3,0.0,0.0,16.0,25903.0
2026-07-30T18:59:28.936Z,138.419,138.43200000000002,0.0,7.4,0.0,0.0,0.0,0.0,0.0,0.0,0.0,0.0,1.0,0.0,0.0,0.0,9.0,4.0,0.0,0.0,0.0,0.0,0.0,0.0,0.0,0.0,5.0,12.0,1.0,12.14,5.01,2.51,1.49,0.0,0.0,0.0,0.4,0.0,-0.8,0.0,0.9,-169.70000000000002,0.0,0.0,169.8,0.0,21.4,30.6,30.6,31.200000000000003,300.0,300.0,30.9,34.9,30.200000000000003,29.6,31.3,4.95,1.99,4.97,0.16,0.0,0.0,1027.0,8228.0,0.0,0.0,0.0,0.0,0.0,1.0,0.0,0.0,0.0,0.0,0.0,0.7000000000000001,0.0,-0.8,0.0,0.0,16.0,25903.0
2026-07-30T18:59:28.948Z,138.431,138.44400000000002,0.0,7.4,0.0,0.0,0.0,0.0,0.0,0.0,0.0,0.0,1.0,0.0,0.0,0.0,9.0,4.0,0.0,0.0,0.0,0.0,0.0,0.0,0.0,0.0,1.0,12.0,1.0,12.14,5.01,2.51,1.49,0.0,0.0,0.0,0.4,0.0,0.3,0.0,-0.2,-169.70000000000002,0.0,0.0,169.8,0.0,21.4,30.6,30.6,31.200000000000003,300.0,300.0,30.9,34.9,30.200000000000003,29.6,31.3,4.95,1.99,4.96,0.16,0.0,0.0,1027.0,8228.0,0.0,0.0,0.0,0.0,0.0,1.0,0.0,0.0,0.0,0.0,0.0,0.0,0.0,0.1,0.0,0.0,16.0,25903.0
2026-07-30T18:59:28.960Z,138.443,138.456,0.0,7.4,0.0,0.0,0.0,0.0,0.0,0.0,0.0,0.0,1.0,0.0,0.0,0.0,9.0,4.0,0.0,0.0,0.0,0.0,0.0,0.0,0.0,0.0,2.0,12.0,1.0,12.14,5.01,2.51,1.49,0.0,0.0,0.0,0.4,0.0,0.9,-0.5,2.1,-169.70000000000002,0.0,0.0,169.8,0.0,21.4,30.6,30.6,31.200000000000003,300.0,300.0,30.9,34.9,30.200000000000003,29.6,31.3,4.95,1.99,4.97,0.16,0.0,0.0,1027.0,8228.0,0.0,0.0,0.0,0.0,0.0,1.0,0.0,0.0,0.0,0.0,0.0,0.9,0.0,-1.9,0.0,0.0001,16.0,25903.0
2026-07-30T18:59:28.971Z,138.454,138.468,0.0,7.4,0.0,0.0,0.0,0.0,0.0,0.0,0.0,0.0,1.0,0.0,0.0,0.0,9.0,4.0,0.0,0.0,0.0,0.0,0.0,0.0,0.0,0.0,4.0,12.0,1.0,12.14,5.01,2.51,1.49,0.0,0.0,0.0,0.4,0.0,-0.1,0.0,-1.4,-169.70000000000002,0.0,0.0,169.8,0.0,21.4,30.6,30.6,31.200000000000003,300.0,300.0,30.9,34.9,30.200000000000003,29.6,31.3,4.95,1.99,4.97,0.16,0.0,0.0,1027.0,8228.0,0.0,0.0,0.0,0.0,0.0,1.0,0.0,0.0,0.0,0.0,0.0,-1.0,0.0,1.2000000000000002,0.0,0.0,16.0,25903.0
2026-07-30T18:59:28.984Z,138.467,138.48,0.0,7.4,0.0,0.0,0.0,0.0,0.0,0.0,0.0,0.0,1.0,0.0,0.0,0.0,9.0,4.0,0.0,0.0,0.0,0.0,0.0,0.0,0.0,0.0,5.0,12.0,1.0,12.14,5.01,2.51,1.49,0.0,0.0,0.0,0.3,0.0,0.9,0.6000000000000001,0.3,-169.70000000000002,0.0,0.0,169.8,0.0,21.4,30.6,30.6,31.200000000000003,300.0,300.0,30.9,34.9,30.200000000000003,29.6,31.3,4.95,1.99,4.97,0.16,0.0,0.0,1027.0,8228.0,0.0,0.0,0.0,0.0,0.0,1.0,0.0,0.0,0.0,0.0,0.0,1.0,0.0,-0.2,0.0,0.0001,16.0,25903.0
2026-07-30T18:59:28.995Z,138.478,138.492,0.0,7.4,0.0,0.0,0.0,0.0,0.0,0.0,0.0,0.0,1.0,0.0,0.0,0.0,9.0,4.0,0.0,0.0,0.0,0.0,0.0,0.0,0.0,0.0,1.0,12.0,1.0,12.14,5.01,2.51,1.49,0.0,0.0,0.0,0.4,0.0,0.3,-0.5,-0.1,-169.70000000000002,0.0,0.0,169.8,0.0,21.4,30.6,30.6,31.200000000000003,300.0,300.0,30.9,34.9,30.200000000000003,29.6,31.3,4.95,1.99,4.96,0.16,0.0,0.0,1027.0,8228.0,0.0,0.0,0.0,0.0,0.0,1.0,0.0,0.0,0.0,0.0,0.0,-0.7000000000000001,0.0,0.0,0.0,0.0,16.0,25903.0
2026-07-30T18:59:29.008Z,138.491,138.504,0.0,7.4,0.0,0.0,0.0,0.0,0.0,0.0,0.0,0.0,1.0,0.0,0.0,0.0,9.0,4.0,0.0,0.0,0.0,0.0,0.0,0.0,0.0,0.0,2.0,12.0,1.0,12.14,5.01,2.51,1.49,0.0,0.1,0.0,0.4,0.0,0.3,-0.4,1.5,-169.70000000000002,0.0,0.0,169.8,0.0,21.4,30.6,30.6,31.200000000000003,300.0,300.0,30.9,34.9,30.200000000000003,29.6,31.3,4.95,1.99,4.97,0.16,0.0,0.0,1027.0,8228.0,0.0,0.0,0.0,0.0,0.0,1.0,0.0,0.0,0.0,0.0,0.0,0.6000000000000001,0.0,-1.4,0.0,0.0,16.0,25903.0
2026-07-30T18:59:29.020Z,138.503,138.516,0.0,7.4,0.0,0.0,0.0,0.0,0.0,0.0,0.0,0.0,1.0,0.0,0.0,0.0,9.0,4.0,0.0,0.0,0.0,0.0,0.0,0.0,0.0,0.0,4.0,12.0,1.0,12.18,5.01,2.5,1.49,0.0,0.0,0.0,0.4,0.0,-0.8,0.0,-0.2,-169.70000000000002,0.0,0.0,169.8,0.0,21.200000000000003,30.6,30.6,31.200000000000003,300.0,300.0,30.9,34.9,30.200000000000003,29.6,31.3,4.95,1.99,4.96,0.16,0.0,0.0,1027.0,8228.0,0.0,0.0,0.0,0.0,0.0,1.0,0.0,0.0,0.0,0.0,0.0,-0.1,0.0,0.2,0.0,0.0,16.0,25903.0
2026-07-30T18:59:29.032Z,138.515,138.528,0.0,7.4,0.0,0.0,0.0,0.0,0.0,0.0,0.0,0.0,1.0,0.0,0.0,0.0,9.0,4.0,0.0,0.0,0.0,0.0,0.0,0.0,0.0,0.0,5.0,12.0,1.0,12.18,5.01,2.5,1.49,0.0,0.0,0.0,0.4,0.0,-0.2,0.1,-1.4,-169.70000000000002,0.0,0.0,169.8,0.0,21.200000000000003,30.6,30.6,31.200000000000003,300.0,300.0,30.9,34.9,30.200000000000003,29.6,31.3,4.96,2.0,4.96,0.16,0.0,0.0,1027.0,8228.0,0.0,0.0,0.0,0.0,0.0,1.0,0.0,0.0,0.0,0.0,0.0,-0.9,0.0,1.2000000000000002,0.0,0.0001,16.0,25903.0
2026-07-30T18:59:29.044Z,138.527,138.54,0.0,7.4,0.0,0.0,0.0,0.0,0.0,0.0,0.0,0.0,1.0,0.0,0.0,0.0,9.0,4.0,0.0,0.0,0.0,0.0,0.0,0.0,0.0,0.0,1.0,12.0,1.0,12.18,5.01,2.5,1.49,0.0,0.0,0.0,0.5,0.0,0.3,-0.4,-0.1,-169.70000000000002,0.0,0.0,169.8,0.0,21.200000000000003,30.6,30.6,31.200000000000003,300.0,300.0,30.9,34.9,30.200000000000003,29.6,31.3,4.95,2.0,4.97,0.16,0.0,0.0,1027.0,8228.0,0.0,0.0,0.0,0.0,0.0,1.0,0.0,0.0,0.0,0.0,0.0,-0.1,0.0,1.3,0.0,0.0001,16.0,25903.0
2026-07-30T18:59:29.056Z,138.539,138.552,0.0,7.4,0.0,0.0,0.0,0.0,0.0,0.0,0.0,0.0,1.0,0.0,0.0,0.0,9.0,4.0,0.0,0.0,0.0,0.0,0.0,0.0,0.0,0.0,2.0,12.0,1.0,12.18,5.01,2.5,1.49,0.0,0.0,0.0,0.4,0.0,-0.2,0.7000000000000001,0.4,-169.70000000000002,0.0,0.0,169.8,0.0,21.200000000000003,30.6,30.6,31.200000000000003,300.0,300.0,30.9,34.9,30.200000000000003,29.6,31.3,4.95,1.99,4.97,0.16,0.0,0.0,1027.0,8228.0,0.0,0.0,0.0,0.0,0.0,1.0,0.0,0.0,0.0,0.0,0.0,1.1,0.0,-0.2,0.0,0.0001,16.0,25903.0
2026-07-30T18:59:29.068Z,138.551,138.564,0.0,7.4,0.0,0.0,0.0,0.0,0.0,0.0,0.0,0.0,1.0,0.0,0.0,0.0,9.0,4.0,0.0,0.0,0.0,0.0,0.0,0.0,0.0,0.0,3.0,12.0,1.0,12.18,5.01,2.5,1.49,0.0,0.0,0.0,0.4,0.0,-0.2,0.6000000000000001,-0.1,-169.70000000000002,0.0,0.0,169.70000000000002,0.0,21.200000000000003,30.6,30.6,31.200000000000003,300.0,300.0,30.9,34.9,30.200000000000003,29.6,31.3,4.95,1.99,4.96,0.16,0.0,0.0,1027.0,8228.0,0.0,0.0,0.0,0.0,0.0,1.0,0.0,0.0,0.0,0.0,0.0,0.7000000000000001,0.0,0.2,0.0,0.0001,16.0,25903.0
2026-07-30T18:59:29.080Z,138.563,138.576,0.0,7.4,0.0,0.0,0.0,0.0,0.0,0.0,0.0,0.0,1.0,0.0,0.0,0.0,9.0,4.0,0.0,0.0,0.0,0.0,0.0,0.0,0.0,0.0,4.0,12.0,1.0,12.18,5.01,2.5,1.49,0.0,0.0,0.0,0.4,0.0,0.3,0.6000000000000001,1.0,-169.70000000000002,0.0,0.0,169.70000000000002,0.0,21.200000000000003,30.6,30.6,31.200000000000003,300.0,300.0,30.9,34.9,30.200000000000003,29.6,31.3,4.96,1.99,4.96,0.17,0.0,0.0,1027.0,8228.0,0.0,0.0,0.0,0.0,0.0,1.0,0.0,0.0,0.0,0.0,0.0,-0.6000000000000001,0.0,0.0,0.0,0.0001,16.0,25903.0
2026-07-30T18:59:29.092Z,138.575,138.588,0.0,7.4,0.0,0.0,0.0,0.0,0.0,0.0,0.0,0.0,1.0,0.0,0.0,0.0,9.0,4.0,0.0,0.0,0.0,0.0,0.0,0.0,0.0,0.0,4.0,12.0,1.0,12.18,5.01,2.5,1.49,0.0,0.0,0.0,0.4,0.0,0.4,-0.4,0.5,-169.70000000000002,0.0,0.0,169.8,0.0,21.200000000000003,30.6,30.6,31.200000000000003,300.0,300.0,30.9,34.9,30.200000000000003,29.6,31.3,4.95,1.99,4.96,0.16,0.0,0.0,1027.0,8228.0,0.0,0.0,0.0,0.0,0.0,1.0,0.0,0.0,0.0,0.0,0.0,-0.5,0.0,0.0,0.0,0.0001,16.0,25903.0
2026-07-30T18:59:29.104Z,138.587,138.6,0.0,7.4,0.0,0.0,0.0,0.0,0.0,0.0,0.0,0.0,1.0,0.0,0.0,0.0,9.0,4.0,0.0,0.0,0.0,0.0,0.0,0.0,0.0,0.0,2.0,12.0,1.0,12.18,5.01,2.5,1.49,0.0,0.1,0.0,0.4,0.0,-0.1,0.1,0.0,-169.70000000000002,0.0,0.0,169.8,0.0,21.200000000000003,30.6,30.6,31.200000000000003,300.0,300.0,30.9,34.9,30.200000000000003,29.6,31.3,4.96,1.99,4.96,0.16,0.0,0.0,1027.0,8228.0,0.0,0.0,0.0,0.0,0.0,1.0,0.0,0.0,0.0,0.0,0.0,0.3,0.0,0.7000000000000001,0.0,0.0001,16.0,25903.0
2026-07-30T18:59:29.116Z,138.599,138.612,0.0,7.4,0.0,0.0,0.0,0.0,0.0,0.0,0.0,0.0,1.0,0.0,0.0,0.0,9.0,4.0,0.0,0.0,0.0,0.0,0.0,0.0,0.0,0.0,3.0,12.0,1.0,12.18,5.01,2.5,1.49,0.0,0.0,0.0,0.4,0.0,-0.1,0.1,0.0,-169.70000000000002,0.0,0.0,169.8,0.0,21.200000000000003,30.6,30.6,31.200000000000003,300.0,300.0,30.9,34.9,30.200000000000003,29.6,31.3,4.96,1.99,4.96,0.16,0.0,0.0,1027.0,8228.0,0.0,0.0,0.0,0.0,0.0,1.0,0.0,0.0,0.0,0.0,0.0,0.0,0.0,0.1,0.0,0.0,16.0,25903.0
2026-07-30T18:59:29.127Z,138.61,138.624,0.0,7.4,0.0,0.0,0.0,0.0,0.0,0.0,0.0,0.0,1.0,0.0,0.0,0.0,9.0,4.0,0.0,0.0,0.0,0.0,0.0,0.0,0.0,0.0,5.0,12.0,1.0,12.15,5.01,2.51,1.49,0.0,0.1,0.0,0.4,0.0,0.4,1.3,0.5,-169.70000000000002,0.0,0.0,169.8,0.0,21.4,30.6,30.6,31.200000000000003,300.0,300.0,30.9,35.0,30.200000000000003,29.6,31.3,4.95,1.99,4.96,0.16,0.0,0.0,1027.0,8228.0,0.0,0.0,0.0,0.0,0.0,1.0,0.0,0.0,0.0,0.0,0.0,1.8,0.0,-0.1,0.0,0.0,16.0,25903.0
2026-07-30T18:59:29.140Z,138.623,138.636,0.0,7.4,0.0,0.0,0.0,0.0,0.0,0.0,0.0,0.0,1.0,0.0,0.0,0.0,9.0,4.0,0.0,0.0,0.0,0.0,0.0,0.0,0.0,0.0,6.0,12.0,1.0,12.15,5.01,2.51,1.49,0.0,0.0,0.0,0.4,0.0,-0.1,0.7000000000000001,-0.5,-169.70000000000002,0.0,0.0,169.70000000000002,0.0,21.4,30.6,30.6,31.200000000000003,300.0,300.0,30.9,35.0,30.200000000000003,29.6,31.3,4.95,1.99,4.97,0.16,0.0,0.0,1027.0,8228.0,0.0,0.0,0.0,0.0,0.0,1.0,0.0,0.0,0.0,0.0,0.0,0.4,0.0,0.6000000000000001,0.0,0.0001,16.0,25903.0
2026-07-30T18:59:29.152Z,138.635,138.648,0.0,7.4,0.0,0.0,0.0,0.0,0.0,0.0,0.0,0.0,1.0,0.0,0.0,0.0,9.0,4.0,0.0,0.0,0.0,0.0,0.0,0.0,0.0,0.0,1.0,12.0,1.0,12.15,5.01,2.51,1.49,0.0,0.0,0.0,0.5,0.0,0.4,0.7000000000000001,1.6,-169.70000000000002,0.0,0.0,169.70000000000002,0.0,21.4,30.6,30.6,31.200000000000003,300.0,300.0,30.9,35.0,30.200000000000003,29.6,31.3,4.96,1.99,4.96,0.16,0.0,0.0,1027.0,8228.0,0.0,0.0,0.0,0.0,0.0,1.0,0.0,0.0,0.0,0.0,0.0,2.1,0.0,-1.3,0.0,0.0002,16.0,25903.0
2026-07-30T18:59:29.164Z,138.647,138.66,0.0,7.4,0.0,0.0,0.0,0.0,0.0,0.0,0.0,0.0,1.0,0.0,0.0,0.0,9.0,4.0,0.0,0.0,0.0,0.0,0.0,0.0,0.0,0.0,2.0,12.0,1.0,12.15,5.01,2.51,1.49,0.0,0.0,0.0,0.4,0.0,-0.1,0.1,-1.2000000000000002,-169.70000000000002,0.0,0.0,169.60000000000002,0.0,21.4,30.6,30.6,31.200000000000003,300.0,300.0,30.9,35.0,30.200000000000003,29.6,31.3,4.96,1.99,4.97,0.16,0.0,0.0,1027.0,8228.0,0.0,0.0,0.0,0.0,0.0,1.0,0.0,0.0,0.0,0.0,0.0,-0.7000000000000001,0.0,1.1,0.0,0.0001,16.0,25903.0
2026-07-30T18:59:29.176Z,138.659,138.672,0.0,7.4,0.0,0.0,0.0,0.0,0.0,0.0,0.0,0.0,1.0,0.0,0.0,0.0,9.0,4.0,0.0,0.0,0.0,0.0,0.0,0.0,0.0,0.0,3.0,12.0,1.0,12.15,5.01,2.51,1.49,0.0,0.0,0.0,0.4,0.0,-0.1,0.7000000000000001,0.4,-169.70000000000002,0.0,0.0,169.70000000000002,0.0,21.4,30.6,30.6,31.200000000000003,300.0,300.0,30.9,35.0,30.200000000000003,29.6,31.3,4.95,1.99,4.97,0.16,0.0,0.0,1027.0,8228.0,0.0,0.0,0.0,0.0,0.0,1.0,0.0,0.0,0.0,0.0,0.0,1.2000000000000002,0.0,-0.2,0.0,0.0001,16.0,25903.0
2026-07-30T18:59:29.188Z,138.671,138.684,0.0,7.4,0.0,0.0,0.0,0.0,0.0,0.0,0.0,0.0,1.0,0.0,0.0,0.0,9.0,4.0,0.0,0.0,0.0,0.0,0.0,0.0,0.0,0.0,4.0,12.0,1.0,12.15,5.01,2.51,1.49,0.0,0.0,0.0,0.4,0.0,-0.1,0.1,-0.1,-169.70000000000002,0.0,0.0,169.70000000000002,0.0,21.4,30.6,30.6,31.200000000000003,300.0,300.0,30.9,35.0,30.200000000000003,29.6,31.3,4.96,1.99,4.96,0.16,0.0,0.0,1027.0,8228.0,0.0,0.0,0.0,0.0,0.0,1.0,0.0,0.0,0.0,0.0,0.0,0.1,0.0,0.1,0.0,0.0001,16.0,25903.0
2026-07-30T18:59:29.200Z,138.683,138.696,0.0,7.4,0.0,0.0,0.0,0.0,0.0,0.0,0.0,0.0,1.0,0.0,0.0,0.0,9.0,4.0,0.0,0.0,0.0,0.0,0.0,0.0,0.0,0.0,5.0,12.0,1.0,12.15,5.01,2.51,1.49,0.0,0.0,0.0,0.4,0.0,0.4,0.1,-0.1,-169.70000000000002,0.0,0.0,169.70000000000002,0.0,21.4,30.6,30.6,31.200000000000003,300.0,300.0,30.9,35.0,30.200000000000003,29.6,31.3,4.95,1.99,4.96,0.16,0.0,0.0,1027.0,8228.0,0.0,0.0,0.0,0.0,0.0,1.0,0.0,0.0,0.0,0.0,0.0,0.0,0.0,0.1,0.0,0.0001,16.0,25903.0
2026-07-30T18:59:29.212Z,138.695,138.708,0.0,7.4,0.0,0.0,0.0,0.0,0.0,0.0,0.0,0.0,1.0,0.0,0.0,0.0,9.0,4.0,0.0,0.0,0.0,0.0,0.0,0.0,0.0,0.0,6.0,12.0,1.0,12.15,5.01,2.51,1.49,0.0,0.0,0.0,0.4,0.0,1.0,1.2000000000000002,2.2,-169.70000000000002,0.0,0.0,169.8,0.0,21.4,30.6,30.6,31.200000000000003,300.0,300.0,30.9,35.0,30.200000000000003,29.6,31.3,4.95,1.99,4.97,0.16,0.0,0.0,1027.0,8228.0,0.0,0.0,0.0,0.0,0.0,1.0,0.0,0.0,0.0,0.0,0.0,3.0,0.0,-1.7000000000000002,0.0,0.0,16.0,25903.0
2026-07-30T18:59:29.225Z,138.708,138.72,0.0,7.4,0.0,0.0,0.0,0.0,0.0,0.0,0.0,0.0,1.0,0.0,0.0,0.0,9.0,4.0,0.0,0.0,0.0,0.0,0.0,0.0,0.0,0.0,1.0,12.0,1.0,12.18,5.0200000000000005,2.51,1.5,0.0,0.0,0.0,0.4,0.0,-0.1,0.0,-0.1,-169.70000000000002,0.0,0.0,169.8,0.0,21.700000000000003,30.6,30.6,31.200000000000003,300.0,300.0,30.9,35.0,30.200000000000003,29.6,31.3,4.95,1.99,4.97,0.16,0.0,0.0,1027.0,8228.0,0.0,0.0,0.0,0.0,0.0,1.0,0.0,0.0,0.0,0.0,0.0,0.0,0.0,0.1,0.0,0.0001,16.0,25903.0
2026-07-30T18:59:29.235Z,138.718,138.732,0.0,7.4,0.0,0.0,0.0,0.0,0.0,0.0,0.0,0.0,1.0,0.0,0.0,0.0,9.0,4.0,0.0,0.0,0.0,0.0,0.0,0.0,0.0,0.0,2.0,12.0,1.0,12.18,5.0200000000000005,2.51,1.5,0.0,0.0,0.0,0.4,0.0,0.4,0.6000000000000001,-1.8,-169.70000000000002,0.0,0.0,169.70000000000002,0.0,21.700000000000003,30.6,30.6,31.200000000000003,300.0,300.0,30.9,35.0,30.200000000000003,29.6,31.3,4.96,1.99,4.96,0.15,0.0,0.0,1027.0,8228.0,0.0,0.0,0.0,0.0,0.0,1.0,0.0,0.0,0.0,0.0,0.0,-0.6000000000000001,0.0,1.7000000000000002,0.0,0.0001,16.0,25903.0
2026-07-30T18:59:29.247Z,138.73,138.744,0.0,7.4,0.0,0.0,0.0,0.0,0.0,0.0,0.0,0.0,1.0,0.0,0.0,0.0,9.0,4.0,0.0,0.0,0.0,0.0,0.0,0.0,0.0,0.0,3.0,12.0,1.0,12.18,5.0200000000000005,2.51,1.5,0.0,0.0,0.0,0.4,0.0,0.4,1.2000000000000002,0.4,-169.70000000000002,0.0,0.0,169.70000000000002,0.0,21.700000000000003,30.6,30.6,31.200000000000003,300.0,300.0,30.9,35.0,30.200000000000003,29.6,31.3,4.95,2.0,4.97,0.15,0.0,0.0,1027.0,8228.0,0.0,0.0,0.0,0.0,0.0,1.0,0.0,0.0,0.0,0.0,0.0,1.8,0.0,-0.1,0.0,0.0001,16.0,25903.0
2026-07-30T18:59:29.260Z,138.743,138.756,0.0,7.4,0.0,0.0,0.0,0.0,0.0,0.0,0.0,0.0,1.0,0.0,0.0,0.0,9.0,4.0,0.0,0.0,0.0,0.0,0.0,0.0,0.0,0.0,4.0,12.0,1.0,12.18,5.0200000000000005,2.51,1.5,0.0,0.0,0.0,0.4,0.0,0.4,1.8,1.0,-169.70000000000002,0.0,0.0,169.8,0.0,21.700000000000003,30.6,30.6,31.200000000000003,300.0,300.0,30.9,35.0,30.200000000000003,29.6,31.3,4.95,1.99,4.97,0.16,0.0,0.0,1027.0,8228.0,0.0,0.0,0.0,0.0,0.0,1.0,0.0,0.0,0.0,0.0,0.0,2.9000000000000004,0.0,-0.5,0.0,0.0001,16.0,25903.0
2026-07-30T18:59:29.272Z,138.755,138.768,0.0,7.4,0.0,0.0,0.0,0.0,0.0,0.0,0.0,0.0,1.0,0.0,0.0,0.0,9.0,4.0,0.0,0.0,0.0,0.0,0.0,0.0,0.0,0.0,5.0,12.0,1.0,12.18,5.0200000000000005,2.51,1.5,0.0,0.0,0.0,0.4,0.0,0.9,-0.4,1.6,-169.70000000000002,0.0,0.0,169.60000000000002,0.0,21.700000000000003,30.6,30.6,31.200000000000003,300.0,300.0,30.9,35.0,30.200000000000003,29.6,31.3,4.96,1.99,4.97,0.16,0.0,0.0,1027.0,8228.0,0.0,0.0,0.0,0.0,0.0,1.0,0.0,0.0,0.0,0.0,0.0,0.6000000000000001,0.0,-1.5,0.0,0.0002,16.0,25903.0
2026-07-30T18:59:29.284Z,138.767,138.78,0.0,7.4,0.0,0.0,0.0,0.0,0.0,0.0,0.0,0.0,1.0,0.0,0.0,0.0,9.0,4.0,0.0,0.0,0.0,0.0,0.0,0.0,0.0,0.0,1.0,12.0,1.0,12.18,5.0200000000000005,2.51,1.5,0.0,0.0,0.0,0.4,0.0,-0.1,-0.4,0.0,-169.70000000000002,0.0,0.0,169.70000000000002,0.0,21.700000000000003,30.6,30.6,31.200000000000003,300.0,300.0,30.9,35.0,30.200000000000003,29.6,31.3,4.95,1.99,4.97,0.16,0.0,0.0,1027.0,8228.0,0.0,0.0,0.0,0.0,0.0,1.0,0.0,0.0,0.0,0.0,0.0,-0.5,0.0,0.0,0.0,0.0001,16.0,25903.0
2026-07-30T18:59:29.296Z,138.779,138.792,0.0,7.4,0.0,0.0,0.0,0.0,0.0,0.0,0.0,0.0,1.0,0.0,0.0,0.0,9.0,4.0,0.0,0.0,0.0,0.0,0.0,0.0,0.0,0.0,1.0,12.0,1.0,12.18,5.0200000000000005,2.51,1.5,0.0,0.1,0.0,0.4,0.0,-0.7000000000000001,-1.0,-0.6000000000000001,-169.70000000000002,0.0,0.0,169.70000000000002,0.0,21.700000000000003,30.6,30.6,31.200000000000003,300.0,300.0,30.9,35.0,30.200000000000003,29.6,31.3,4.96,1.99,4.97,0.16,0.0,0.0,1027.0,8228.0,0.0,0.0,0.0,0.0,0.0,1.0,0.0,0.0,0.0,0.0,0.0,-1.6,0.0,0.3,0.0,0.0001,16.0,25903.0
2026-07-30T18:59:29.307Z,138.79,138.804,0.0,7.4,0.0,0.0,0.0,0.0,0.0,0.0,0.0,0.0,1.0,0.0,0.0,0.0,9.0,4.0,0.0,0.0,0.0,0.0,0.0,0.0,0.0,0.0,2.0,12.0,1.0,12.18,5.0200000000000005,2.51,1.5,0.0,0.0,0.0,0.4,0.0,0.4,0.1,0.5,-169.70000000000002,0.0,0.0,169.70000000000002,0.0,21.700000000000003,30.6,30.6,31.200000000000003,300.0,300.0,30.9,35.0,30.200000000000003,29.6,31.3,4.96,1.99,4.96,0.16,0.0,0.0,1027.0,8228.0,0.0,0.0,0.0,0.0,0.0,1.0,0.0,0.0,0.0,0.0,0.0,0.5,0.0,-0.4,0.0,0.0,16.0,25903.0
2026-07-30T18:59:29.320Z,138.803,138.816,0.0,7.4,0.0,0.0,0.0,0.0,0.0,0.0,0.0,0.0,1.0,0.0,0.0,0.0,9.0,4.0,0.0,0.0,0.0,0.0,0.0,0.0,0.0,0.0,3.0,12.0,1.0,12.18,5.0200000000000005,2.51,1.5,0.0,0.0,0.0,0.4,0.0,0.4,0.7000000000000001,0.0,-169.70000000000002,0.0,0.0,169.60000000000002,0.0,21.700000000000003,30.6,30.6,31.200000000000003,300.0,300.0,30.9,35.0,30.200000000000003,29.6,31.3,4.96,1.99,4.96,0.16,0.0,0.0,1027.0,8228.0,0.0,0.0,0.0,0.0,0.0,1.0,0.0,0.0,0.0,0.0,0.0,0.8,0.0,0.1,0.0,0.0001,16.0,25903.0
2026-07-30T18:59:29.332Z,138.815,138.828,0.0,7.4,0.0,0.0,0.0,0.0,0.0,0.0,0.0,0.0,1.0,0.0,0.0,0.0,9.0,4.0,0.0,0.0,0.0,0.0,0.0,0.0,0.0,0.0,4.0,12.0,1.0,12.14,5.01,2.5,1.49,0.0,0.0,0.0,0.4,0.0,-0.1,0.7000000000000001,1.7000000000000002,-169.70000000000002,0.0,0.0,169.70000000000002,0.0,21.4,30.6,30.5,31.200000000000003,300.0,300.0,30.8,34.9,30.200000000000003,29.6,31.3,4.95,1.99,4.97,0.16,0.0,0.0,1027.0,8228.0,0.0,0.0,0.0,0.0,0.0,1.0,0.0,0.0,0.0,0.0,0.0,2.1,0.0,-1.3,0.0,0.0,16.0,25903.0
2026-07-30T18:59:29.344Z,138.827,138.84,0.0,7.4,0.0,0.0,0.0,0.0,0.0,0.0,0.0,0.0,1.0,0.0,0.0,0.0,9.0,4.0,0.0,0.0,0.0,0.0,0.0,0.0,0.0,0.0,6.0,12.0,1.0,12.14,5.01,2.5,1.49,-0.1,0.1,0.0,0.4,0.0,-0.6000000000000001,-0.9,-1.1,-169.70000000000002,0.0,0.0,169.70000000000002,0.0,21.4,30.6,30.5,31.200000000000003,300.0,300.0,30.8,34.9,30.200000000000003,29.6,31.3,4.96,1.99,4.96,0.16,0.0,0.0,1027.0,8228.0,0.0,0.0,0.0,0.0,0.0,1.0,0.0,0.0,0.0,0.0,0.0,-1.9,0.0,0.8,0.0,0.0,16.0,25903.0
2026-07-30T18:59:29.356Z,138.839,138.852,0.0,7.4,0.0,0.0,0.0,0.0,0.0,0.0,0.0,0.0,1.0,0.0,0.0,0.0,9.0,4.0,0.0,0.0,0.0,0.0,0.0,0.0,0.0,0.0,6.0,12.0,1.0,12.14,5.01,2.5,1.49,0.0,0.0,0.0,0.4,0.0,1.0,0.7000000000000001,0.5,-169.70000000000002,0.0,0.0,169.70000000000002,0.0,21.4,30.6,30.5,31.200000000000003,300.0,300.0,30.8,34.9,30.200000000000003,29.6,31.3,4.96,1.99,4.96,0.16,0.0,0.0,1027.0,8228.0,0.0,0.0,0.0,0.0,0.0,1.0,0.0,0.0,0.0,0.0,0.0,1.2000000000000002,0.0,-0.3,0.0,0.0,16.0,25903.0
2026-07-30T18:59:29.368Z,138.851,138.864,0.0,7.4,0.0,0.0,0.0,0.0,0.0,0.0,0.0,0.0,1.0,0.0,0.0,0.0,9.0,4.0,0.0,0.0,0.0,0.0,0.0,0.0,0.0,0.0,2.0,12.0,1.0,12.14,5.01,2.5,1.49,0.0,0.0,0.0,0.4,0.0,0.4,0.1,0.0,-169.70000000000002,0.0,0.0,169.70000000000002,0.0,21.4,30.6,30.5,31.200000000000003,300.0,300.0,30.8,34.9,30.200000000000003,29.6,31.3,4.96,1.99,4.96,0.16,0.0,0.0,1027.0,8228.0,0.0,0.0,0.0,0.0,0.0,1.0,0.0,0.0,0.0,0.0,0.0,0.1,0.0,0.0,0.0,0.0001,16.0,25903.0
2026-07-30T18:59:29.379Z,138.862,138.876,0.0,7.4,0.0,0.0,0.0,0.0,0.0,0.0,0.0,0.0,1.0,0.0,0.0,0.0,9.0,4.0,0.0,0.0,0.0,0.0,0.0,0.0,0.0,0.0,3.0,12.0,1.0,12.14,5.01,2.5,1.49,0.0,0.0,0.0,0.4,0.0,-1.3,0.1,-1.7000000000000002,-169.70000000000002,0.0,0.0,169.60000000000002,0.0,21.4,30.6,30.5,31.200000000000003,300.0,300.0,30.8,34.9,30.200000000000003,29.6,31.3,4.95,1.99,4.97,0.16,0.0,0.0,1027.0,8228.0,0.0,0.0,0.0,0.0,0.0,1.0,0.0,0.0,0.0,0.0,0.0,-1.0,0.0,1.5,0.0,0.0,16.0,25903.0
2026-07-30T18:59:29.392Z,138.875,138.888,0.0,7.4,0.0,0.0,0.0,0.0,0.0,0.0,0.0,0.0,1.0,0.0,0.0,0.0,9.0,4.0,0.0,0.0,0.0,0.0,0.0,0.0,0.0,0.0,4.0,12.0,1.0,12.14,5.01,2.5,1.49,0.0,0.0,0.0,0.5,0.0,-0.1,-1.5,-1.1,-169.70000000000002,0.0,0.0,169.60000000000002,0.0,21.4,30.6,30.5,31.200000000000003,300.0,300.0,30.8,34.9,30.200000000000003,29.6,31.3,4.96,1.99,4.96,0.16,0.0,0.0,1027.0,8228.0,0.0,0.0,0.0,0.0,0.0,1.0,0.0,0.0,0.0,0.0,0.0,-2.6,0.0,0.7000000000000001,0.0,0.0,16.0,25903.0
2026-07-30T18:59:29.411Z,138.894,138.9,0.0,7.4,0.0,0.0,0.0,0.0,0.0,0.0,0.0,0.0,1.0,0.0,0.0,0.0,9.0,4.0,0.0,0.0,0.0,0.0,0.0,0.0,0.0,0.0,5.0,12.0,1.0,12.14,5.01,2.5,1.49,0.0,0.0,0.0,0.4,0.0,1.0,1.2000000000000002,0.0,-169.60000000000002,0.0,0.0,169.60000000000002,0.0,21.4,30.6,30.5,31.200000000000003,300.0,300.0,30.8,34.9,30.200000000000003,29.6,31.3,4.96,1.99,4.97,0.15,0.0,0.0,1027.0,8228.0,0.0,0.0,0.0,0.0,0.0,1.0,0.0,0.0,0.0,0.0,0.0,1.4,0.0,0.2,0.0,0.0001,16.0,25903.0
2026-07-30T18:59:29.416Z,138.899,138.912,0.0,7.4,0.0,0.0,0.0,0.0,0.0,0.0,0.0,0.0,1.0,0.0,0.0,0.0,9.0,4.0,0.0,0.0,0.0,0.0,0.0,0.0,0.0,0.0,4.0,12.0,1.0,12.14,5.01,2.5,1.49,0.0,0.1,0.0,0.4,0.0,-0.1,0.1,-0.5,-169.60000000000002,0.0,0.0,169.70000000000002,0.0,21.4,30.6,30.5,31.200000000000003,300.0,300.0,30.8,34.9,30.200000000000003,29.6,31.3,4.95,1.99,4.97,0.16,0.0,0.0,1027.0,8228.0,0.0,0.0,0.0,0.0,0.0,1.0,0.0,0.0,0.0,0.0,0.0,-0.2,0.0,0.5,0.0,0.0,16.0,25903.0
2026-07-30T18:59:29.429Z,138.912,138.924,0.0,7.4,0.0,0.0,0.0,0.0,0.0,0.0,0.0,0.0,1.0,0.0,0.0,0.0,9.0,4.0,0.0,0.0,0.0,0.0,0.0,0.0,0.0,0.0,4.0,12.0,1.0,12.18,5.01,2.5,1.49,0.0,0.0,0.0,0.4,0.0,-0.7000000000000001,0.0,-1.2000000000000002,-169.60000000000002,0.0,0.0,169.70000000000002,0.0,21.3,30.6,30.5,31.200000000000003,300.0,300.0,31.0,34.9,30.200000000000003,29.6,31.3,4.96,1.99,4.97,0.16,0.0,0.0,1027.0,8228.0,0.0,0.0,0.0,0.0,0.0,1.0,0.0,0.0,0.0,0.0,0.0,-0.8,0.0,1.0,0.0,0.0,16.0,25903.0
2026-07-30T18:59:29.439Z,138.922,138.936,0.0,7.4,0.0,0.0,0.0,0.0,0.0,0.0,0.0,0.0,1.0,0.0,0.0,0.0,9.0,4.0,0.0,0.0,0.0,0.0,0.0,0.0,0.0,0.0,5.0,12.0,1.0,12.18,5.01,2.5,1.49,0.0,0.0,0.0,0.4,0.0,-0.1,0.1,1.1,-169.60000000000002,0.0,0.0,169.70000000000002,0.0,21.3,30.6,30.5,31.200000000000003,300.0,300.0,31.0,34.9,30.200000000000003,29.6,31.3,4.96,2.0,4.96,0.16,0.0,0.0,1027.0,8228.0,0.0,0.0,0.0,0.0,0.0,1.0,0.0,0.0,0.0,0.0,0.0,0.9,0.0,-0.9,0.0,0.0,16.0,25903.0
2026-07-30T18:59:29.452Z,138.935,138.948,0.0,7.4,0.0,0.0,0.0,0.0,0.0,0.0,0.0,0.0,1.0,0.0,0.0,0.0,9.0,4.0,0.0,0.0,0.0,0.0,0.0,0.0,0.0,0.0,6.0,12.0,1.0,12.18,5.01,2.5,1.49,0.0,0.0,0.0,0.4,0.0,-0.1,0.0,1.0,-169.60000000000002,0.0,0.0,169.70000000000002,0.0,21.3,30.6,30.5,31.200000000000003,300.0,300.0,31.0,34.9,30.200000000000003,29.6,31.3,4.96,1.99,4.97,0.16,0.0,0.0,1027.0,8228.0,0.0,0.0,0.0,0.0,0.0,1.0,0.0,0.0,0.0,0.0,0.0,0.8,0.0,-0.9,0.0,0.0,16.0,25903.0
2026-07-30T18:59:29.464Z,138.947,138.96,0.0,7.4,0.0,0.0,0.0,0.0,0.0,0.0,0.0,0.0,1.0,0.0,0.0,0.0,9.0,4.0,0.0,0.0,0.0,0.0,0.0,0.0,0.0,0.0,6.0,12.0,1.0,12.18,5.01,2.5,1.49,0.0,0.0,0.0,0.4,0.0,0.9,1.2000000000000002,0.9,-169.60000000000002,0.0,0.0,169.70000000000002,0.0,21.3,30.6,30.5,31.200000000000003,300.0,300.0,31.0,34.9,30.200000000000003,29.6,31.3,4.96,1.99,4.97,0.16,0.0,0.0,1027.0,8228.0,0.0,0.0,0.0,0.0,0.0,1.0,0.0,0.0,0.0,0.0,0.0,2.1,0.0,-0.6000000000000001,0.0,0.0,16.0,25903.0
2026-07-30T18:59:29.476Z,138.959,138.972,0.0,7.4,0.0,0.0,0.0,0.0,0.0,0.0,0.0,0.0,1.0,0.0,0.0,0.0,9.0,4.0,0.0,0.0,0.0,0.0,0.0,0.0,0.0,0.0,2.0,12.0,1.0,12.18,5.01,2.5,1.49,0.0,0.0,0.0,0.4,0.0,-0.7000000000000001,-1.6,-1.3,-169.60000000000002,0.0,0.0,169.70000000000002,0.0,21.3,30.6,30.5,31.200000000000003,300.0,300.0,31.0,34.9,30.200000000000003,29.6,31.3,4.96,1.99,4.96,0.16,0.0,0.0,1027.0,8228.0,0.0,0.0,0.0,0.0,0.0,1.0,0.0,0.0,0.0,0.0,0.0,-2.8000000000000003,0.0,0.8,0.0,0.0001,16.0,25903.0
2026-07-30T18:59:29.488Z,138.971,138.984,0.0,7.4,0.0,0.0,0.0,0.0,0.0,0.0,0.0,0.0,1.0,0.0,0.0,0.0,9.0,4.0,0.0,0.0,0.0,0.0,0.0,0.0,0.0,0.0,3.0,12.0,1.0,12.18,5.01,2.5,1.49,0.0,0.0,0.0,0.4,0.0,1.0,0.6000000000000001,2.1,-169.60000000000002,0.0,0.0,169.60000000000002,0.0,21.3,30.6,30.5,31.200000000000003,300.0,300.0,31.0,34.9,30.200000000000003,29.6,31.3,4.96,1.99,4.97,0.16,0.0,0.0,1027.0,8228.0,0.0,0.0,0.0,0.0,0.0,1.0,0.0,0.0,0.0,0.0,0.0,2.4000000000000004,0.0,-1.7000000000000002,0.0,0.0,16.0,25903.0
2026-07-30T18:59:29.500Z,138.983,138.996,0.0,7.4,0.0,0.0,0.0,0.0,0.0,0.0,0.0,0.0,1.0,0.0,0.0,0.0,9.0,4.0,0.0,0.0,0.0,0.0,0.0,0.0,0.0,0.0,4.0,12.0,1.0,12.18,5.01,2.5,1.49,0.0,0.0,0.0,0.4,0.0,0.4,0.0,-0.1,-169.60000000000002,0.0,0.0,169.60000000000002,0.0,21.3,30.6,30.5,31.200000000000003,300.0,300.0,31.0,34.9,30.200000000000003,29.6,31.3,4.96,2.0,4.96,0.16,0.0,0.0,1027.0,8228.0,0.0,0.0,0.0,0.0,0.0,1.0,0.0,0.0,0.0,0.0,0.0,0.0,0.0,0.1,0.0,0.0001,16.0,25903.0
2026-07-30T18:59:29.512Z,138.995,139.008,0.0,7.4,0.0,0.0,0.0,0.0,0.0,0.0,0.0,0.0,1.0,0.0,0.0,0.0,9.0,4.0,0.0,0.0,0.0,0.0,0.0,0.0,0.0,0.0,5.0,12.0,1.0,12.18,5.01,2.5,1.49,0.0,0.0,0.0,0.4,0.0,-0.1,-0.4,-0.1,-169.60000000000002,0.0,0.0,169.70000000000002,0.0,21.3,30.6,30.5,31.200000000000003,300.0,300.0,31.0,34.9,30.200000000000003,29.6,31.3,4.95,2.0,4.96,0.16,0.0,0.0,1027.0,8228.0,0.0,0.0,0.0,0.0,0.0,1.0,0.0,0.0,0.0,0.0,0.0,-0.6000000000000001,0.0,0.0,0.0,0.0,16.0,25903.0
2026-07-30T18:59:29.524Z,139.007,139.02,0.0,7.4,0.0,0.0,0.0,0.0,0.0,0.0,0.0,0.0,1.0,0.0,0.0,0.0,9.0,4.0,0.0,0.0,0.0,0.0,0.0,0.0,0.0,0.0,6.0,12.0,1.0,12.18,5.01,2.5,1.49,0.0,0.1,0.0,0.4,0.0,1.0,0.1,-0.7000000000000001,-169.60000000000002,0.0,0.0,169.70000000000002,0.0,21.3,30.6,30.5,31.200000000000003,300.0,300.0,31.0,34.9,30.200000000000003,29.6,31.3,4.96,2.0,4.96,0.16,0.0,0.0,1027.0,8228.0,0.0,0.0,0.0,0.0,0.0,1.0,0.0,0.0,0.0,0.0,0.0,-0.3,0.0,0.7000000000000001,0.0,0.0001,16.0,25903.0
2026-07-30T18:59:29.536Z,139.019,139.032,0.0,7.4,0.0,0.0,0.0,0.0,0.0,0.0,0.0,0.0,1.0,0.0,0.0,0.0,9.0,4.0,0.0,0.0,0.0,0.0,0.0,0.0,0.0,0.0,1.0,12.0,1.0,12.17,5.0200000000000005,2.51,1.49,0.0,0.0,0.0,0.4,0.0,-0.1,-1.6,-0.7000000000000001,-169.60000000000002,0.0,0.0,169.8,0.0,21.3,30.6,30.5,31.200000000000003,300.0,300.0,31.0,35.0,30.200000000000003,29.6,31.3,4.96,1.99,4.97,0.16,0.0,0.0,1027.0,8228.0,0.0,0.0,0.0,0.0,0.0,1.0,0.0,0.0,0.0,0.0,0.0,-2.4000000000000004,0.0,0.3,0.0,0.0,16.0,25903.0
2026-07-30T18:59:29.548Z,139.031,139.044,0.0,7.4,0.0,0.0,0.0,0.0,0.0,0.0,0.0,0.0,1.0,0.0,0.0,0.0,9.0,4.0,0.0,0.0,0.0,0.0,0.0,0.0,0.0,0.0,2.0,12.0,1.0,12.17,5.0200000000000005,2.51,1.49,0.0,0.0,0.0,0.4,0.0,0.3,0.1,0.4,-169.60000000000002,0.0,0.0,169.70000000000002,0.0,21.3,30.6,30.5,31.200000000000003,300.0,300.0,31.0,35.0,30.200000000000003,29.6,31.3,4.96,2.0,4.96,0.16,0.0,0.0,1027.0,8228.0,0.0,0.0,0.0,0.0,0.0,1.0,0.0,0.0,0.0,0.0,0.0,1.1,0.0,-0.2,0.0,0.0001,16.0,25903.0
2026-07-30T18:59:29.560Z,139.043,139.056,0.0,7.4,0.0,0.0,0.0,0.0,0.0,0.0,0.0,0.0,1.0,0.0,0.0,0.0,9.0,4.0,0.0,0.0,0.0,0.0,0.0,0.0,0.0,0.0,4.0,12.0,1.0,12.17,5.0200000000000005,2.51,1.49,0.0,0.0,0.0,0.4,0.0,-0.2,0.7000000000000001,-0.1,-169.70000000000002,0.0,0.0,169.70000000000002,0.0,21.3,30.6,30.5,31.200000000000003,300.0,300.0,31.0,35.0,30.200000000000003,29.6,31.3,4.96,1.99,4.96,0.16,0.0,0.0,1027.0,8228.0,0.0,0.0,0.0,0.0,0.0,1.0,0.0,0.0,0.0,0.0,0.0,0.7000000000000001,0.0,0.2,0.0,0.0001,16.0,25903.0
2026-07-30T18:59:29.572Z,139.055,139.068,0.0,7.4,0.0,0.0,0.0,0.0,0.0,0.0,0.0,0.0,1.0,0.0,0.0,0.0,9.0,4.0,0.0,0.0,0.0,0.0,0.0,0.0,0.0,0.0,4.0,12.0,1.0,12.17,5.0200000000000005,2.51,1.49,0.0,0.0,0.0,0.5,0.0,-0.2,0.7000000000000001,0.4,-169.70000000000002,0.0,0.0,169.70000000000002,0.0,21.3,30.6,30.5,31.200000000000003,300.0,300.0,31.0,35.0,30.200000000000003,29.6,31.3,4.95,1.99,4.97,0.16,0.0,0.0,1027.0,8228.0,0.0,0.0,0.0,0.0,0.0,1.0,0.0,0.0,0.0,0.0,0.0,1.1,0.0,-0.2,0.0,0.0001,16.0,25903.0
2026-07-30T18:59:29.584Z,139.067,139.08,0.0,7.4,0.0,0.0,0.0,0.0,0.0,0.0,0.0,0.0,1.0,0.0,0.0,0.0,9.0,4.0,0.0,0.0,0.0,0.0,0.0,0.0,0.0,0.0,5.0,12.0,1.0,12.17,5.0200000000000005,2.51,1.49,0.0,0.0,0.0,0.5,0.0,-0.7000000000000001,-0.4,-1.2000000000000002,-169.70000000000002,0.0,0.0,169.8,0.0,21.3,30.6,30.5,31.200000000000003,300.0,300.0,31.0,35.0,30.200000000000003,29.6,31.3,4.96,1.99,4.96,0.16,0.0,0.0,1027.0,8228.0,0.0,0.0,0.0,0.0,0.0,1.0,0.0,0.0,0.0,0.0,0.0,-1.4,0.0,1.0,0.0,0.0001,16.0,25903.0
2026-07-30T18:59:29.596Z,139.079,139.092,0.0,7.4,0.0,0.0,0.0,0.0,0.0,0.0,0.0,0.0,1.0,0.0,0.0,0.0,9.0,4.0,0.0,0.0,0.0,0.0,0.0,0.0,0.0,0.0,1.0,12.0,1.0,12.17,5.0200000000000005,2.51,1.49,0.0,0.0,0.0,0.4,0.0,0.9,1.2000000000000002,1.0,-169.70000000000002,0.0,0.0,169.8,0.0,21.3,30.6,30.5,31.200000000000003,300.0,300.0,31.0,35.0,30.200000000000003,29.6,31.3,4.96,2.0,4.96,0.16,0.0,0.0,1027.0,8228.0,0.0,0.0,0.0,0.0,0.0,1.0,0.0,0.0,0.0,0.0,0.0,0.0,0.0,0.1,0.0,0.0001,16.0,25903.0
2026-07-30T18:59:29.608Z,139.091,139.104,0.0,7.4,0.0,0.0,0.0,0.0,0.0,0.0,0.0,0.0,1.0,0.0,0.0,0.0,9.0,4.0,0.0,0.0,0.0,0.0,0.0,0.0,0.0,0.0,2.0,12.0,1.0,12.17,5.0200000000000005,2.51,1.49,0.0,0.0,0.0,0.4,0.0,-0.2,0.0,-0.7000000000000001,-169.70000000000002,0.0,0.0,169.8,0.0,21.3,30.6,30.5,31.200000000000003,300.0,300.0,31.0,35.0,30.200000000000003,29.6,31.3,4.95,1.99,4.96,0.16,0.0,0.0,1027.0,8228.0,0.0,0.0,0.0,0.0,0.0,1.0,0.0,0.0,0.0,0.0,0.0,2.4000000000000004,0.0,-1.8,0.0,0.0001,16.0,25903.0
2026-07-30T18:59:29.620Z,139.103,139.116,0.0,7.4,0.0,0.0,0.0,0.0,0.0,0.0,0.0,0.0,1.0,0.0,0.0,0.0,9.0,4.0,0.0,0.0,0.0,0.0,0.0,0.0,0.0,0.0,3.0,12.0,1.0,12.17,5.0200000000000005,2.51,1.49,0.0,0.0,0.0,0.5,0.0,0.4,0.1,0.5,-169.70000000000002,0.0,0.0,169.60000000000002,0.0,21.3,30.6,30.5,31.200000000000003,300.0,300.0,31.0,35.0,30.200000000000003,29.6,31.3,4.95,1.99,4.97,0.16,0.0,0.0,1027.0,8228.0,0.0,0.0,0.0,0.0,0.0,1.0,0.0,0.0,0.0,0.0,0.0,-0.6000000000000001,0.0,0.0,0.0,0.0,16.0,25903.0
2026-07-30T18:59:29.633Z,139.116,139.128,0.0,7.4,0.0,0.0,0.0,0.0,0.0,0.0,0.0,0.0,1.0,0.0,0.0,0.0,9.0,4.0,0.0,0.0,0.0,0.0,0.0,0.0,0.0,0.0,4.0,12.0,1.0,12.15,5.01,2.51,1.49,0.0,0.0,0.0,0.4,0.0,0.9,-1.0,-1.2000000000000002,-169.70000000000002,0.0,0.0,169.60000000000002,0.0,21.8,30.6,30.5,31.200000000000003,300.0,300.0,30.9,34.9,30.200000000000003,29.6,31.3,4.96,2.0,4.96,0.16,0.0,0.0,1027.0,8228.0,0.0,0.0,0.0,0.0,0.0,1.0,0.0,0.0,0.0,0.0,0.0,-2.1,0.0,0.8,0.0,0.0002,16.0,25903.0
2026-07-30T18:59:29.644Z,139.127,139.14,0.0,7.4,0.0,0.0,0.0,0.0,0.0,0.0,0.0,0.0,1.0,0.0,0.0,0.0,9.0,4.0,0.0,0.0,0.0,0.0,0.0,0.0,0.0,0.0,5.0,12.0,1.0,12.15,5.01,2.51,1.49,0.0,0.1,0.0,0.4,0.0,0.3,1.2000000000000002,1.0,-169.70000000000002,0.0,0.0,169.60000000000002,0.0,21.8,30.6,30.5,31.200000000000003,300.0,300.0,30.9,34.9,30.200000000000003,29.6,31.3,4.96,1.99,4.97,0.16,0.0,0.0,1027.0,8228.0,0.0,0.0,0.0,0.0,0.0,1.0,0.0,0.0,0.0,0.0,0.0,2.2,0.0,-0.7000000000000001,0.0,0.0001,16.0,25903.0
2026-07-30T18:59:29.656Z,139.139,139.15200000000002,0.0,7.4,0.0,0.0,0.0,0.0,0.0,0.0,0.0,0.0,1.0,0.0,0.0,0.0,9.0,4.0,0.0,0.0,0.0,0.0,0.0,0.0,0.0,0.0,6.0,12.0,1.0,12.15,5.01,2.51,1.49,0.0,0.0,0.0,0.5,0.0,-0.8,0.6000000000000001,-0.6000000000000001,-169.70000000000002,0.0,0.0,169.60000000000002,0.0,21.8,30.6,30.5,31.200000000000003,300.0,300.0,30.9,34.9,30.200000000000003,29.6,31.3,4.95,1.99,4.97,0.16,0.0,0.0,1027.0,8228.0,0.0,0.0,0.0,0.0,0.0,1.0,0.0,0.0,0.0,0.0,0.0,0.2,0.0,0.7000000000000001,0.0,0.0,16.0,25903.0
2026-07-30T18:59:29.668Z,139.151,139.16400000000002,0.0,7.4,0.0,0.0,0.0,0.0,0.0,0.0,0.0,0.0,1.0,0.0,0.0,0.0,9.0,4.0,0.0,0.0,0.0,0.0,0.0,0.0,0.0,0.0,1.0,12.0,1.0,12.15,5.01,2.51,1.49,0.0,0.0,0.0,0.4,0.0,0.3,0.0,-0.1,-169.70000000000002,0.0,0.0,169.70000000000002,0.0,21.8,30.6,30.5,31.200000000000003,300.0,300.0,30.9,34.9,30.200000000000003,29.6,31.3,4.96,1.99,4.96,0.16,0.0,0.0,1027.0,8228.0,0.0,0.0,0.0,0.0,0.0,1.0,0.0,0.0,0.0,0.0,0.0,0.0,0.0,0.1,0.0,0.0,16.0,25903.0
2026-07-30T18:59:29.680Z,139.163,139.17600000000002,0.0,7.4,0.0,0.0,0.0,0.0,0.0,0.0,0.0,0.0,1.0,0.0,0.0,0.0,9.0,4.0,0.0,0.0,0.0,0.0,0.0,0.0,0.0,0.0,2.0,12.0,1.0,12.15,5.01,2.51,1.49,0.0,0.1,0.0,0.4,0.0,0.3,-1.1,0.4,-169.70000000000002,0.0,0.0,169.70000000000002,0.0,21.8,30.6,30.5,31.200000000000003,300.0,300.0,30.9,34.9,30.200000000000003,29.6,31.3,4.95,2.0,4.96,0.16,0.0,0.0,1027.0,8228.0,0.0,0.0,0.0,0.0,0.0,1.0,0.0,0.0,0.0,0.0,0.0,-0.9,0.0,-0.5,0.0,0.0,16.0,25903.0
2026-07-30T18:59:29.692Z,139.175,139.18800000000002,0.0,7.4,0.0,0.0,0.0,0.0,0.0,0.0,0.0,0.0,1.0,0.0,0.0,0.0,9.0,4.0,0.0,0.0,0.0,0.0,0.0,0.0,0.0,0.0,3.0,12.0,1.0,12.15,5.01,2.51,1.49,0.0,0.0,0.0,0.4,0.0,-0.8,0.0,-0.1,-169.70000000000002,0.0,0.0,169.60000000000002,0.0,21.8,30.6,30.5,31.200000000000003,300.0,300.0,30.9,34.9,30.200000000000003,29.6,31.3,4.95,1.99,4.97,0.16,0.0,0.0,1027.0,8228.0,0.0,0.0,0.0,0.0,0.0,1.0,0.0,0.0,0.0,0.0,0.0,-0.1,0.0,0.1,0.0,0.0,16.0,25903.0
2026-07-30T18:59:29.704Z,139.187,139.20000000000002,0.0,7.4,0.0,0.0,0.0,0.0,0.0,0.0,0.0,0.0,1.0,0.0,0.0,0.0,9.0,4.0,0.0,0.0,0.0,0.0,0.0,0.0,0.0,0.0,4.0,12.0,1.0,12.15,5.01,2.51,1.49,0.0,0.0,0.0,0.4,0.0,-0.2,0.5,0.9,-169.60000000000002,0.0,0.0,169.70000000000002,0.0,21.8,30.6,30.5,31.200000000000003,300.0,300.0,30.9,34.9,30.200000000000003,29.6,31.3,4.95,1.99,4.97,0.16,0.0,0.0,1027.0,8228.0,0.0,0.0,0.0,0.0,0.0,1.0,0.0,0.0,0.0,0.0,0.0,1.3,0.0,-0.7000000000000001,0.0,0.0001,16.0,25903.0
2026-07-30T18:59:29.724Z,139.207,139.212,0.0,7.4,0.0,0.0,0.0,0.0,0.0,0.0,0.0,0.0,1.0,0.0,0.0,0.0,9.0,4.0,0.0,0.0,0.0,0.0,0.0,0.0,0.0,0.0,5.0,12.0,1.0,12.15,5.01,2.51,1.49,0.0,0.0,0.0,0.5,0.0,-0.2,-1.1,-1.3,-169.60000000000002,0.0,0.0,169.60000000000002,0.0,21.8,30.6,30.5,31.200000000000003,300.0,300.0,30.9,34.9,30.200000000000003,29.6,31.3,4.96,1.99,4.96,0.16,0.0,0.0,1027.0,8228.0,0.0,0.0,0.0,0.0,0.0,1.0,0.0,0.0,0.0,0.0,0.0,-2.3000000000000003,0.0,0.9,0.0,0.0,16.0,25903.0
2026-07-30T18:59:29.732Z,139.215,139.224,0.0,7.4,0.0,0.0,0.0,0.0,0.0,0.0,0.0,0.0,1.0,0.0,0.0,0.0,9.0,4.0,0.0,0.0,0.0,0.0,0.0,0.0,0.0,0.0,3.0,12.0,1.0,12.15,5.01,2.51,1.49,-0.1,0.0,0.0,0.4,0.0,-0.2,0.0,-0.2,-169.60000000000002,0.0,0.0,169.70000000000002,0.0,21.8,30.6,30.5,31.200000000000003,300.0,300.0,30.9,34.9,30.200000000000003,29.6,31.3,4.95,1.99,4.97,0.16,0.0,0.0,1027.0,8228.0,0.0,0.0,0.0,0.0,0.0,1.0,0.0,0.0,0.0,0.0,0.0,-0.1,0.0,0.1,0.0,0.0,16.0,25903.0
2026-07-30T18:59:29.740Z,139.223,139.236,0.0,7.4,0.0,0.0,0.0,0.0,0.0,0.0,0.0,0.0,1.0,0.0,0.0,0.0,9.0,4.0,0.0,0.0,0.0,0.0,0.0,0.0,0.0,0.0,3.0,12.0,1.0,12.18,5.01,2.5,1.5,0.0,0.0,0.0,0.4,0.0,0.3,0.0,-0.2,-169.60000000000002,0.0,0.0,169.60000000000002,0.0,21.4,30.6,30.5,31.200000000000003,300.0,300.0,30.9,34.9,30.200000000000003,29.6,31.3,4.95,1.99,4.97,0.16,0.0,0.0,1027.0,8228.0,0.0,0.0,0.0,0.0,0.0,1.0,0.0,0.0,0.0,0.0,0.0,-0.2,0.0,0.1,0.0,0.0001,16.0,25903.0
2026-07-30T18:59:29.752Z,139.235,139.248,0.0,7.4,0.0,0.0,0.0,0.0,0.0,0.0,0.0,0.0,1.0,0.0,0.0,0.0,9.0,4.0,0.0,0.0,0.0,0.0,0.0,0.0,0.0,0.0,4.0,12.0,1.0,12.18,5.01,2.5,1.5,0.0,0.0,0.0,0.4,0.0,0.3,-0.5,0.3,-169.60000000000002,0.0,0.0,169.60000000000002,0.0,21.4,30.6,30.5,31.200000000000003,300.0,300.0,30.9,34.9,30.200000000000003,29.6,31.3,4.96,2.0,4.97,0.16,0.0,0.0,1027.0,8228.0,0.0,0.0,0.0,0.0,0.0,1.0,0.0,0.0,0.0,0.0,0.0,-0.3,0.0,-0.4,0.0,0.0001,16.0,25903.0
2026-07-30T18:59:29.763Z,139.246,139.26,0.0,7.4,0.0,0.0,0.0,0.0,0.0,0.0,0.0,0.0,1.0,0.0,0.0,0.0,9.0,4.0,0.0,0.0,0.0,0.0,0.0,0.0,0.0,0.0,5.0,12.0,1.0,12.18,5.01,2.5,1.5,0.0,0.0,0.0,0.5,0.0,0.3,-0.5,0.3,-169.60000000000002,0.0,0.0,169.60000000000002,0.0,21.4,30.6,30.5,31.200000000000003,300.0,300.0,30.9,34.9,30.200000000000003,29.6,31.3,4.95,2.0,4.96,0.16,0.0,0.0,1027.0,8228.0,0.0,0.0,0.0,0.0,0.0,1.0,0.0,0.0,0.0,0.0,0.0,-0.3,0.0,-0.4,0.0,0.0,16.0,25903.0
2026-07-30T18:59:29.776Z,139.259,139.272,0.0,7.4,0.0,0.0,0.0,0.0,0.0,0.0,0.0,0.0,1.0,0.0,0.0,0.0,9.0,4.0,0.0,0.0,0.0,0.0,0.0,0.0,0.0,0.0,6.0,12.0,1.0,12.18,5.01,2.5,1.5,0.0,0.1,0.0,0.4,0.0,0.9,-0.6000000000000001,-0.7000000000000001,-169.60000000000002,0.0,0.0,169.60000000000002,0.0,21.4,30.6,30.5,31.200000000000003,300.0,300.0,30.9,34.9,30.200000000000003,29.6,31.3,4.95,1.99,4.97,0.16,0.0,0.0,1027.0,8228.0,0.0,0.0,0.0,0.0,0.0,1.0,0.0,0.0,0.0,0.0,0.0,-1.2000000000000002,0.0,0.5,0.0,0.0,16.0,25903.0
2026-07-30T18:59:29.788Z,139.271,139.284,0.0,7.4,0.0,0.0,0.0,0.0,0.0,0.0,0.0,0.0,1.0,0.0,0.0,0.0,9.0,4.0,0.0,0.0,0.0,0.0,0.0,0.0,0.0,0.0,2.0,12.0,1.0,12.18,5.01,2.5,1.5,0.0,0.0,0.0,0.4,0.0,0.3,0.0,-0.7000000000000001,-169.60000000000002,0.0,0.0,169.60000000000002,0.0,21.4,30.6,30.5,31.200000000000003,300.0,300.0,30.9,34.9,30.200000000000003,29.6,31.3,4.95,2.0,4.96,0.16,0.0,0.0,1027.0,8228.0,0.0,0.0,0.0,0.0,0.0,1.0,0.0,0.0,0.0,0.0,0.0,-0.6000000000000001,0.0,0.6000000000000001,0.0,0.0,16.0,25903.0
2026-07-30T18:59:29.800Z,139.283,139.296,0.0,7.4,0.0,0.0,0.0,0.0,0.0,0.0,0.0,0.0,1.0,0.0,0.0,0.0,9.0,4.0,0.0,0.0,0.0,0.0,0.0,0.0,0.0,0.0,3.0,12.0,1.0,12.18,5.01,2.5,1.5,0.0,0.1,0.0,0.4,0.0,-0.7000000000000001,0.0,-0.1,-169.60000000000002,0.0,0.0,169.70000000000002,0.0,21.4,30.6,30.5,31.200000000000003,300.0,300.0,30.9,34.9,30.200000000000003,29.6,31.3,4.96,1.99,4.96,0.15,0.0,0.0,1027.0,8228.0,0.0,0.0,0.0,0.0,0.0,1.0,0.0,0.0,0.0,0.0,0.0,0.0,0.0,0.1,0.0,0.0,16.0,25903.0
2026-07-30T18:59:29.812Z,139.295,139.308,0.0,7.4,0.0,0.0,0.0,0.0,0.0,0.0,0.0,0.0,1.0,0.0,0.0,0.0,9.0,4.0,0.0,0.0,0.0,0.0,0.0,0.0,0.0,0.0,4.0,12.0,1.0,12.18,5.01,2.5,1.5,0.0,0.0,0.0,0.4,0.0,0.4,-0.5,1.0,-169.60000000000002,0.0,0.0,169.70000000000002,0.0,21.4,30.6,30.5,31.200000000000003,300.0,300.0,30.9,34.9,30.200000000000003,29.6,31.3,4.95,1.99,4.97,0.16,0.0,0.0,1027.0,8228.0,0.0,0.0,0.0,0.0,0.0,1.0,0.0,0.0,0.0,0.0,0.0,0.1,0.0,-1.0,0.0,0.0,16.0,25903.0
2026-07-30T18:59:29.824Z,139.307,139.32,0.0,7.4,0.0,0.0,0.0,0.0,0.0,0.0,0.0,0.0,1.0,0.0,0.0,0.0,9.0,4.0,0.0,0.0,0.0,0.0,0.0,0.0,0.0,0.0,5.0,12.0,1.0,12.18,5.01,2.5,1.5,0.0,0.0,0.0,0.4,0.0,-0.1,-0.5,0.4,-169.60000000000002,0.0,0.0,169.70000000000002,0.0,21.4,30.6,30.5,31.200000000000003,300.0,300.0,30.9,34.9,30.200000000000003,29.6,31.3,4.96,1.99,4.97,0.16,0.0,0.0,1027.0,8228.0,0.0,0.0,0.0,0.0,0.0,1.0,0.0,0.0,0.0,0.0,0.0,-0.2,0.0,-0.5,0.0,0.0,16.0,25903.0
2026-07-30T18:59:29.837Z,139.32,139.332,0.0,7.4,0.0,0.0,0.0,0.0,0.0,0.0,0.0,0.0,1.0,0.0,0.0,0.0,9.0,4.0,0.0,0.0,0.0,0.0,0.0,0.0,0.0,0.0,1.0,12.0,1.0,12.17,5.01,2.51,1.49,0.0,0.0,0.0,0.4,0.0,1.0,0.0,-0.1,-169.60000000000002,0.0,0.0,169.70000000000002,0.0,21.8,30.5,30.5,31.200000000000003,300.0,300.0,30.9,34.9,30.200000000000003,29.6,31.3,4.96,2.0,4.96,0.16,0.0,0.0,1027.0,8228.0,0.0,0.0,0.0,0.0,0.0,1.0,0.0,0.0,0.0,0.0,0.0,0.0,0.0,0.1,0.0,0.0,16.0,25903.0
2026-07-30T18:59:29.848Z,139.331,139.344,0.0,7.4,0.0,0.0,0.0,0.0,0.0,0.0,0.0,0.0,1.0,0.0,0.0,0.0,9.0,4.0,0.0,0.0,0.0,0.0,0.0,0.0,0.0,0.0,2.0,12.0,1.0,12.17,5.01,2.51,1.49,0.0,0.0,0.0,0.4,0.0,0.4,0.0,1.0,-169.60000000000002,0.0,0.0,169.8,0.0,21.8,30.5,30.5,31.200000000000003,300.0,300.0,30.9,34.9,30.200000000000003,29.6,31.3,4.96,1.99,4.96,0.16,0.0,0.0,1027.0,8228.0,0.0,0.0,0.0,0.0,0.0,1.0,0.0,0.0,0.0,0.0,0.0,0.7000000000000001,0.0,-0.8,0.0,0.0001,16.0,25903.0
2026-07-30T18:59:29.860Z,139.343,139.356,0.0,7.4,0.0,0.0,0.0,0.0,0.0,0.0,0.0,0.0,1.0,0.0,0.0,0.0,9.0,4.0,0.0,0.0,0.0,0.0,0.0,0.0,0.0,0.0,3.0,12.0,1.0,12.17,5.01,2.51,1.49,0.0,0.0,0.0,0.4,0.0,0.4,0.0,-0.1,-169.60000000000002,0.0,0.0,169.70000000000002,0.0,21.8,30.5,30.5,31.200000000000003,300.0,300.0,30.9,34.9,30.200000000000003,29.6,31.3,4.95,1.99,4.97,0.16,0.0,0.0,1027.0,8228.0,0.0,0.0,0.0,0.0,0.0,1.0,0.0,0.0,0.0,0.0,0.0,0.0,0.0,0.1,0.0,0.0001,16.0,25903.0
2026-07-30T18:59:29.872Z,139.355,139.368,0.0,7.4,0.0,0.0,0.0,0.0,0.0,0.0,0.0,0.0,1.0,0.0,0.0,0.0,9.0,4.0,0.0,0.0,0.0,0.0,0.0,0.0,0.0,0.0,4.0,12.0,1.0,12.17,5.01,2.51,1.49,0.0,0.1,0.0,0.4,0.0,1.0,-0.5,0.3,-169.60000000000002,0.0,0.0,169.60000000000002,0.0,21.8,30.5,30.5,31.200000000000003,300.0,300.0,30.9,34.9,30.200000000000003,29.6,31.3,4.96,1.99,4.96,0.16,0.0,0.0,1027.0,8228.0,0.0,0.0,0.0,0.0,0.0,1.0,0.0,0.0,0.0,0.0,0.0,-0.3,0.0,-0.4,0.0,0.0002,16.0,25903.0
2026-07-30T18:59:29.884Z,139.367,139.38,0.0,7.4,0.0,0.0,0.0,0.0,0.0,0.0,0.0,0.0,1.0,0.0,0.0,0.0,9.0,4.0,0.0,0.0,0.0,0.0,0.0,0.0,0.0,0.0,5.0,12.0,1.0,12.17,5.01,2.51,1.49,0.0,0.0,0.0,0.4,0.0,-0.1,0.0,0.4,-169.60000000000002,0.0,0.0,169.70000000000002,0.0,21.8,30.5,30.5,31.200000000000003,300.0,300.0,30.9,34.9,30.200000000000003,29.6,31.3,4.96,1.99,4.97,0.16,0.0,0.0,1027.0,8228.0,0.0,0.0,0.0,0.0,0.0,1.0,0.0,0.0,0.0,0.0,0.0,0.3,0.0,-0.3,0.0,0.0001,16.0,25903.0
2026-07-30T18:59:29.896Z,139.379,139.392,0.0,7.4,0.0,0.0,0.0,0.0,0.0,0.0,0.0,0.0,1.0,0.0,0.0,0.0,9.0,4.0,0.0,0.0,0.0,0.0,0.0,0.0,0.0,0.0,6.0,12.0,1.0,12.17,5.01,2.51,1.49,0.0,0.1,0.0,0.4,0.0,1.0,0.0,-0.7000000000000001,-169.60000000000002,0.0,0.0,169.70000000000002,0.0,21.8,30.5,30.5,31.200000000000003,300.0,300.0,30.9,34.9,30.200000000000003,29.6,31.3,4.95,2.0,4.97,0.16,0.0,0.0,1027.0,8228.0,0.0,0.0,0.0,0.0,0.0,1.0,0.0,0.0,0.0,0.0,0.0,-0.5,0.0,0.6000000000000001,0.0,0.0001,16.0,25903.0
2026-07-30T18:59:29.908Z,139.391,139.404,0.0,7.4,0.0,0.0,0.0,0.0,0.0,0.0,0.0,0.0,1.0,0.0,0.0,0.0,9.0,4.0,0.0,0.0,0.0,0.0,0.0,0.0,0.0,0.0,1.0,12.0,1.0,12.17,5.01,2.51,1.49,0.0,0.0,0.0,0.5,0.0,0.4,0.0,1.0,-169.60000000000002,0.0,0.0,169.60000000000002,0.0,21.8,30.5,30.5,31.200000000000003,300.0,300.0,30.9,34.9,30.200000000000003,29.6,31.3,4.96,2.0,4.96,0.16,0.0,0.0,1027.0,8228.0,0.0,0.0,0.0,0.0,0.0,1.0,0.0,0.0,0.0,0.0,0.0,0.8,0.0,-0.8,0.0,0.0,16.0,25903.0
2026-07-30T18:59:29.920Z,139.403,139.416,0.0,7.4,0.0,0.0,0.0,0.0,0.0,0.0,0.0,0.0,1.0,0.0,0.0,0.0,9.0,4.0,0.0,0.0,0.0,0.0,0.0,0.0,0.0,0.0,2.0,12.0,1.0,12.17,5.01,2.51,1.49,0.0,0.0,0.0,0.4,0.0,0.4,0.0,0.5,-169.60000000000002,0.0,0.0,169.60000000000002,0.0,21.8,30.5,30.5,31.200000000000003,300.0,300.0,30.9,34.9,30.200000000000003,29.6,31.3,4.96,1.99,4.96,0.16,0.0,0.0,1027.0,8228.0,0.0,0.0,0.0,0.0,0.0,1.0,0.0,0.0,0.0,0.0,0.0,0.4,0.0,-0.4,0.0,0.0001,16.0,25903.0
2026-07-30T18:59:29.932Z,139.415,139.428,0.0,7.4,0.0,0.0,0.0,0.0,0.0,0.0,0.0,0.0,1.0,0.0,0.0,0.0,9.0,4.0,0.0,0.0,0.0,0.0,0.0,0.0,0.0,0.0,3.0,12.0,1.0,12.17,5.01,2.51,1.49,0.0,0.0,0.0,0.4,0.0,-0.7000000000000001,-0.5,-0.6000000000000001,-169.60000000000002,0.0,0.0,169.70000000000002,0.0,21.8,30.5,30.5,31.200000000000003,300.0,300.0,30.9,34.9,30.200000000000003,29.6,31.3,4.96,1.99,4.96,0.16,0.0,0.0,1027.0,8228.0,0.0,0.0,0.0,0.0,0.0,1.0,0.0,0.0,0.0,0.0,0.0,-1.1,0.0,0.4,0.0,0.0,16.0,25903.0
2026-07-30T18:59:29.944Z,139.427,139.44,0.0,7.4,0.0,0.0,0.0,0.0,0.0,0.0,0.0,0.0,1.0,0.0,0.0,0.0,9.0,4.0,0.0,0.0,0.0,0.0,0.0,0.0,0.0,0.0,4.0,12.0,1.0,12.17,5.01,2.51,1.5,0.0,0.0,0.0,0.4,0.0,-0.1,0.5,0.0,-169.60000000000002,0.0,0.0,169.70000000000002,0.0,21.3,30.5,30.5,31.200000000000003,300.0,300.0,30.8,34.9,30.200000000000003,29.5,31.3,4.95,1.99,4.96,0.16,0.0,0.0,1027.0,8228.0,0.0,0.0,0.0,0.0,0.0,1.0,0.0,0.0,0.0,0.0,0.0,0.6000000000000001,0.0,0.1,0.0,0.0,16.0,25903.0
2026-07-30T18:59:29.956Z,139.439,139.452,0.0,7.4,0.0,0.0,0.0,0.0,0.0,0.0,0.0,0.0,1.0,0.0,0.0,0.0,9.0,4.0,0.0,0.0,0.0,0.0,0.0,0.0,0.0,0.0,5.0,12.0,1.0,12.17,5.01,2.51,1.5,0.0,0.0,0.0,0.5,0.0,-0.1,-0.5,-0.6000000000000001,-169.60000000000002,0.0,0.0,169.8,0.0,21.3,30.5,30.5,31.200000000000003,300.0,300.0,30.8,34.9,30.200000000000003,29.5,31.3,4.96,1.99,4.96,0.16,0.0,0.0,1027.0,8228.0,0.0,0.0,0.0,0.0,0.0,1.0,0.0,0.0,0.0,0.0,0.0,-1.1,0.0,0.4,0.0,0.0,16.0,25903.0
2026-07-30T18:59:29.968Z,139.451,139.464,0.0,7.4,0.0,0.0,0.0,0.0,0.0,0.0,0.0,0.0,1.0,0.0,0.0,0.0,9.0,4.0,0.0,0.0,0.0,0.0,0.0,0.0,0.0,0.0,6.0,12.0,1.0,12.17,5.01,2.51,1.5,0.0,0.0,0.0,0.4,0.0,0.4,0.0,-0.6000000000000001,-169.60000000000002,0.0,0.0,169.60000000000002,0.0,21.3,30.5,30.5,31.200000000000003,300.0,300.0,30.8,34.9,30.200000000000003,29.5,31.3,4.95,1.99,4.97,0.16,0.0,0.0,1027.0,8228.0,0.0,0.0,0.0,0.0,0.0,1.0,0.0,0.0,0.0,0.0,0.0,-0.4,0.0,0.5,0.0,0.0002,16.0,25903.0
2026-07-30T18:59:29.980Z,139.463,139.476,0.0,7.4,0.0,0.0,0.0,0.0,0.0,0.0,0.0,0.0,1.0,0.0,0.0,0.0,9.0,4.0,0.0,0.0,0.0,0.0,0.0,0.0,0.0,0.0,1.0,12.0,1.0,12.17,5.01,2.51,1.5,0.0,0.0,0.0,0.4,0.0,0.4,-0.5,1.7000000000000002,-169.60000000000002,0.0,0.0,169.70000000000002,0.0,21.3,30.5,30.5,31.200000000000003,300.0,300.0,30.8,34.9,30.200000000000003,29.5,31.3,4.95,1.99,4.97,0.16,0.0,0.0,1027.0,8228.0,0.0,0.0,0.0,0.0,0.0,1.0,0.0,0.0,0.0,0.0,0.0,0.6000000000000001,0.0,-1.6,0.0,0.0002,16.0,25903.0
2026-07-30T18:59:29.992Z,139.475,139.488,0.0,7.4,0.0,0.0,0.0,0.0,0.0,0.0,0.0,0.0,1.0,0.0,0.0,0.0,9.0,4.0,0.0,0.0,0.0,0.0,0.0,0.0,0.0,0.0,2.0,12.0,1.0,12.17,5.01,2.51,1.5,0.0,0.0,0.0,0.4,0.0,-0.2,-0.5,1.1,-169.60000000000002,0.0,0.0,169.70000000000002,0.0,21.3,30.5,30.5,31.200000000000003,300.0,300.0,30.8,34.9,30.200000000000003,29.5,31.3,4.95,1.99,4.97,0.16,0.0,0.0,1027.0,8228.0,0.0,0.0,0.0,0.0,0.0,1.0,0.0,0.0,0.0,0.0,0.0,0.1,0.0,-1.1,0.0,0.0,16.0,25903.0
2026-07-30T18:59:30.004Z,139.487,139.5,0.0,7.4,0.0,0.0,0.0,0.0,0.0,0.0,0.0,0.0,1.0,0.0,0.0,0.0,9.0,4.0,0.0,0.0,0.0,0.0,0.0,0.0,0.0,0.0,3.0,12.0,1.0,12.17,5.01,2.51,1.5,0.0,0.0,0.0,0.4,0.0,0.3,0.0,1.0,-169.60000000000002,0.0,0.0,169.70000000000002,0.0,21.3,30.5,30.5,31.200000000000003,300.0,300.0,30.8,34.9,30.200000000000003,29.5,31.3,4.95,1.99,4.97,0.16,0.0,0.0,1027.0,8228.0,0.0,0.0,0.0,0.0,0.0,1.0,0.0,0.0,0.0,0.0,0.0,0.8,0.0,-0.9,0.0,0.0,16.0,25903.0
2026-07-30T18:59:30.015Z,139.498,139.512,0.0,7.4,0.0,0.0,0.0,0.0,0.0,0.0,0.0,0.0,1.0,0.0,0.0,0.0,9.0,4.0,0.0,0.0,0.0,0.0,0.0,0.0,0.0,0.0,5.0,12.0,1.0,12.17,5.01,2.51,1.5,0.0,0.0,0.0,0.4,0.0,-0.2,-0.5,-0.1,-169.60000000000002,0.0,0.0,169.8,0.0,21.3,30.5,30.5,31.200000000000003,300.0,300.0,30.8,34.9,30.200000000000003,29.5,31.3,4.95,1.99,4.96,0.16,0.0,0.0,1027.0,8228.0,0.0,0.0,0.0,0.0,0.0,1.0,0.0,0.0,0.0,0.0,0.0,-0.7000000000000001,0.0,0.0,0.0,0.0001,16.0,25903.0
2026-07-30T18:59:30.028Z,139.511,139.524,0.0,7.4,0.0,0.0,0.0,0.0,0.0,0.0,0.0,0.0,1.0,0.0,0.0,0.0,9.0,4.0,0.0,0.0,0.0,0.0,0.0,0.0,0.0,0.0,6.0,12.0,1.0,12.17,5.01,2.51,1.5,0.0,0.0,0.0,0.4,0.0,0.3,-0.5,-0.1,-169.60000000000002,0.0,0.0,169.70000000000002,0.0,21.3,30.5,30.5,31.200000000000003,300.0,300.0,30.8,34.9,30.200000000000003,29.5,31.3,4.95,1.99,4.96,0.16,0.0,0.0,1027.0,8228.0,0.0,0.0,0.0,0.0,0.0,1.0,0.0,0.0,0.0,0.0,0.0,-0.7000000000000001,0.0,0.0,0.0,0.0,16.0,25903.0
2026-07-30T18:59:30.046Z,139.529,139.536,0.0,7.4,0.0,0.0,0.0,0.0,0.0,0.0,0.0,0.0,1.0,0.0,0.0,0.0,9.0,4.0,0.0,0.0,0.0,0.0,0.0,0.0,0.0,0.0,1.0,12.0,1.0,12.19,5.01,2.5,1.49,0.0,0.1,0.0,0.4,0.0,0.4,1.1,0.5,-169.60000000000002,0.0,0.0,169.70000000000002,0.0,21.4,30.5,30.5,31.200000000000003,300.0,300.0,30.700000000000003,34.9,30.200000000000003,29.5,31.3,4.95,1.99,4.96,0.16,0.0,0.0,1027.0,8228.0,0.0,0.0,0.0,0.0,0.0,1.0,0.0,0.0,0.0,0.0,0.0,1.7000000000000002,0.0,-0.1,0.0,0.0001,16.0,25903.0
2026-07-30T18:59:30.051Z,139.534,139.548,0.0,7.4,0.0,0.0,0.0,0.0,0.0,0.0,0.0,0.0,1.0,0.0,0.0,0.0,9.0,4.0,0.0,0.0,0.0,0.0,0.0,0.0,0.0,0.0,4.0,12.0,1.0,12.19,5.01,2.5,1.49,0.0,0.0,0.0,0.4,0.0,-0.1,-0.4,1.1,-169.60000000000002,0.0,0.0,169.8,0.0,21.4,30.5,30.5,31.200000000000003,300.0,300.0,30.700000000000003,34.9,30.200000000000003,29.5,31.3,4.95,1.99,4.97,0.16,0.0,0.0,1027.0,8228.0,0.0,0.0,0.0,0.0,0.0,1.0,0.0,0.0,0.0,0.0,0.0,-0.6000000000000001,0.0,0.0,0.0,0.0,16.0,25903.0
2026-07-30T18:59:30.063Z,139.546,139.56,0.0,7.4,0.0,0.0,0.0,0.0,0.0,0.0,0.0,0.0,1.0,0.0,0.0,0.0,9.0,4.0,0.0,0.0,0.0,0.0,0.0,0.0,0.0,0.0,5.0,12.0,1.0,12.19,5.01,2.5,1.49,0.0,0.0,0.0,0.4,0.0,1.0,0.0,1.0,-169.60000000000002,0.0,0.0,169.8,0.0,21.4,30.5,30.5,31.200000000000003,300.0,300.0,30.700000000000003,34.9,30.200000000000003,29.5,31.3,4.96,1.99,4.97,0.16,0.0,0.0,1027.0,8228.0,0.0,0.0,0.0,0.0,0.0,1.0,0.0,0.0,0.0,0.0,0.0,0.8,0.0,-0.9,0.0,0.0002,16.0,25903.0
2026-07-30T18:59:30.076Z,139.559,139.572,0.0,7.4,0.0,0.0,0.0,0.0,0.0,0.0,0.0,0.0,1.0,0.0,0.0,0.0,9.0,4.0,0.0,0.0,0.0,0.0,0.0,0.0,0.0,0.0,6.0,12.0,1.0,12.19,5.01,2.5,1.49,0.0,0.0,0.0,0.4,0.0,-0.1,0.6000000000000001,-0.1,-169.70000000000002,0.0,0.0,169.8,0.0,21.4,30.5,30.5,31.200000000000003,300.0,300.0,30.700000000000003,34.9,30.200000000000003,29.5,31.3,4.96,1.99,4.96,0.16,0.0,0.0,1027.0,8228.0,0.0,0.0,0.0,0.0,0.0,1.0,0.0,0.0,0.0,0.0,0.0,0.6000000000000001,0.0,0.2,0.0,0.0001,16.0,25903.0
2026-07-30T18:59:30.088Z,139.571,139.584,0.0,7.4,0.0,0.0,0.0,0.0,0.0,0.0,0.0,0.0,1.0,0.0,0.0,0.0,9.0,4.0,0.0,0.0,0.0,0.0,0.0,0.0,0.0,0.0,1.0,12.0,1.0,12.19,5.01,2.5,1.49,0.0,0.1,0.0,0.4,0.0,0.4,-0.5,-0.1,-169.70000000000002,0.0,0.0,169.70000000000002,0.0,21.4,30.5,30.5,31.200000000000003,300.0,300.0,30.700000000000003,34.9,30.200000000000003,29.5,31.3,4.95,1.99,4.96,0.16,0.0,0.0,1027.0,8228.0,0.0,0.0,0.0,0.0,0.0,1.0,0.0,0.0,0.0,0.0,0.0,-0.7000000000000001,0.0,0.0,0.0,0.0,16.0,25903.0
2026-07-30T18:59:30.100Z,139.583,139.596,0.0,7.4,0.0,0.0,0.0,0.0,0.0,0.0,0.0,0.0,1.0,0.0,0.0,0.0,9.0,4.0,0.0,0.0,0.0,0.0,0.0,0.0,0.0,0.0,3.0,12.0,1.0,12.19,5.01,2.5,1.49,0.0,0.0,0.0,0.4,0.0,1.0,-0.5,0.9,-169.70000000000002,0.0,0.0,169.8,0.0,21.4,30.5,30.5,31.200000000000003,300.0,300.0,30.700000000000003,34.9,30.200000000000003,29.5,31.3,4.95,1.99,4.96,0.16,0.0,0.0,1027.0,8228.0,0.0,0.0,0.0,0.0,0.0,1.0,0.0,0.0,0.0,0.0,0.0,0.1,0.0,-0.9,0.0,0.0,16.0,25903.0
2026-07-30T18:59:30.112Z,139.595,139.608,0.0,7.4,0.0,0.0,0.0,0.0,0.0,0.0,0.0,0.0,1.0,0.0,0.0,0.0,9.0,4.0,0.0,0.0,0.0,0.0,0.0,0.0,0.0,0.0,4.0,12.0,1.0,12.19,5.01,2.5,1.49,0.0,0.0,0.0,0.4,0.0,-0.1,-0.5,-0.7000000000000001,-169.70000000000002,0.0,0.0,169.8,0.0,21.4,30.5,30.5,31.200000000000003,300.0,300.0,30.700000000000003,34.9,30.200000000000003,29.5,31.3,4.95,1.99,4.96,0.16,0.0,0.0,1027.0,8228.0,0.0,0.0,0.0,0.0,0.0,1.0,0.0,0.0,0.0,0.0,0.0,0.7000000000000001,0.0,-0.8,0.0,0.0001,16.0,25903.0
2026-07-30T18:59:30.124Z,139.607,139.62,0.0,7.4,0.0,0.0,0.0,0.0,0.0,0.0,0.0,0.0,1.0,0.0,0.0,0.0,9.0,4.0,0.0,0.0,0.0,0.0,0.0,0.0,0.0,0.0,6.0,12.0,1.0,12.19,5.01,2.5,1.49,0.0,0.0,0.0,0.4,0.0,-0.1,0.0,0.3,-169.70000000000002,0.0,0.0,169.8,0.0,21.4,30.5,30.5,31.200000000000003,300.0,300.0,30.700000000000003,34.9,30.200000000000003,29.5,31.3,4.95,1.99,4.97,0.16,0.0,0.0,1027.0,8228.0,0.0,0.0,0.0,0.0,0.0,1.0,0.0,0.0,0.0,0.0,0.0,0.5,0.0,0.3,0.0,0.0,16.0,25903.0
2026-07-30T18:59:30.136Z,139.619,139.632,0.0,7.4,0.0,0.0,0.0,0.0,0.0,0.0,0.0,0.0,1.0,0.0,0.0,0.0,9.0,4.0,0.0,0.0,0.0,0.0,0.0,0.0,0.0,0.0,1.0,12.0,1.0,12.19,5.01,2.5,1.49,0.0,0.0,0.0,0.4,0.0,0.4,1.1,-0.2,-169.70000000000002,0.0,0.0,169.70000000000002,0.0,21.4,30.5,30.5,31.200000000000003,300.0,300.0,30.700000000000003,34.9,30.200000000000003,29.5,31.3,4.95,1.99,4.97,0.16,0.0,0.0,1027.0,8228.0,0.0,0.0,0.0,0.0,0.0,1.0,0.0,0.0,0.0,0.0,0.0,0.5,0.0,0.3,0.0,0.0,16.0,25903.0
2026-07-30T18:59:30.147Z,139.63,139.644,0.0,7.4,0.0,0.0,0.0,0.0,0.0,0.0,0.0,0.0,1.0,0.0,0.0,0.0,9.0,4.0,0.0,0.0,0.0,0.0,0.0,0.0,0.0,0.0,3.0,12.0,1.0,12.18,5.0200000000000005,2.51,1.49,0.0,0.0,0.0,0.4,0.0,0.9,0.0,-0.2,-169.70000000000002,0.0,0.0,169.70000000000002,0.0,21.3,30.5,30.5,31.200000000000003,300.0,300.0,30.9,35.0,30.200000000000003,29.6,31.3,4.96,1.99,4.96,0.16,0.0,0.0,1027.0,8228.0,0.0,0.0,0.0,0.0,0.0,1.0,0.0,0.0,0.0,0.0,0.0,-0.1,0.0,0.2,0.0,0.0,16.0,25903.0
2026-07-30T18:59:30.160Z,139.643,139.656,0.0,7.4,0.0,0.0,0.0,0.0,0.0,0.0,0.0,0.0,1.0,0.0,0.0,0.0,9.0,4.0,0.0,0.0,0.0,0.0,0.0,0.0,0.0,0.0,4.0,12.0,1.0,12.18,5.0200000000000005,2.51,1.49,0.0,0.0,0.0,0.5,0.0,-0.2,-1.1,-0.2,-169.70000000000002,0.0,0.0,169.70000000000002,0.0,21.3,30.5,30.5,31.200000000000003,300.0,300.0,30.9,35.0,30.200000000000003,29.6,31.3,4.95,1.99,4.97,0.16,0.0,0.0,1027.0,8228.0,0.0,0.0,0.0,0.0,0.0,1.0,0.0,0.0,0.0,0.0,0.0,-1.4,0.0,0.0,0.0,0.0001,16.0,25903.0
2026-07-30T18:59:30.171Z,139.654,139.668,0.0,7.4,0.0,0.0,0.0,0.0,0.0,0.0,0.0,0.0,1.0,0.0,0.0,0.0,9.0,4.0,0.0,0.0,0.0,0.0,0.0,0.0,0.0,0.0,6.0,12.0,1.0,12.18,5.0200000000000005,2.51,1.49,0.0,0.0,0.0,0.4,0.0,0.9,0.0,-0.2,-169.70000000000002,0.0,0.0,169.60000000000002,0.0,21.3,30.5,30.5,31.200000000000003,300.0,300.0,30.9,35.0,30.200000000000003,29.6,31.3,4.95,1.99,4.97,0.16,0.0,0.0,1027.0,8228.0,0.0,0.0,0.0,0.0,0.0,1.0,0.0,0.0,0.0,0.0,0.0,-0.1,0.0,0.2,0.0,0.0001,16.0,25903.0
2026-07-30T18:59:30.184Z,139.667,139.68,0.0,7.4,0.0,0.0,0.0,0.0,0.0,0.0,0.0,0.0,1.0,0.0,0.0,0.0,9.0,4.0,0.0,0.0,0.0,0.0,0.0,0.0,0.0,0.0,1.0,12.0,1.0,12.18,5.0200000000000005,2.51,1.49,0.0,0.1,0.0,0.4,0.0,-0.1,1.2000000000000002,-0.2,-169.70000000000002,0.0,0.0,169.8,0.0,21.3,30.5,30.5,31.200000000000003,300.0,300.0,30.9,35.0,30.200000000000003,29.6,31.3,4.95,2.0,4.97,0.16,0.0,0.0,1027.0,8228.0,0.0,0.0,0.0,0.0,0.0,1.0,0.0,0.0,0.0,0.0,0.0,1.1,0.0,0.4,0.0,0.0001,16.0,25903.0
2026-07-30T18:59:30.196Z,139.679,139.692,0.0,7.4,0.0,0.0,0.0,0.0,0.0,0.0,0.0,0.0,1.0,0.0,0.0,0.0,9.0,4.0,0.0,0.0,0.0,0.0,0.0,0.0,0.0,0.0,2.0,12.0,1.0,12.18,5.0200000000000005,2.51,1.49,0.0,0.1,0.0,0.4,0.0,-0.2,1.2000000000000002,1.5,-169.70000000000002,0.0,0.0,169.8,0.0,21.3,30.5,30.5,31.200000000000003,300.0,300.0,30.9,35.0,30.200000000000003,29.6,31.3,4.96,2.0,4.96,0.16,0.0,0.0,1027.0,8228.0,0.0,0.0,0.0,0.0,0.0,1.0,0.0,0.0,0.0,0.0,0.0,2.5,0.0,-1.0,0.0,0.0001,16.0,25903.0
2026-07-30T18:59:30.208Z,139.691,139.704,0.0,7.4,0.0,0.0,0.0,0.0,0.0,0.0,0.0,0.0,1.0,0.0,0.0,0.0,9.0,4.0,0.0,0.0,0.0,0.0,0.0,0.0,0.0,0.0,4.0,12.0,1.0,12.18,5.0200000000000005,2.51,1.49,0.0,0.0,0.0,0.4,0.0,0.3,-0.5,-1.4,-169.70000000000002,0.0,0.0,169.70000000000002,0.0,21.3,30.5,30.5,31.200000000000003,300.0,300.0,30.9,35.0,30.200000000000003,29.6,31.3,4.95,2.0,4.97,0.16,0.0,0.0,1027.0,8228.0,0.0,0.0,0.0,0.0,0.0,1.0,0.0,0.0,0.0,0.0,0.0,-1.7000000000000002,0.0,1.1,0.0,0.0002,16.0,25903.0
2026-07-30T18:59:30.220Z,139.703,139.716,0.0,7.4,0.0,0.0,0.0,0.0,0.0,0.0,0.0,0.0,1.0,0.0,0.0,0.0,9.0,4.0,0.0,0.0,0.0,0.0,0.0,0.0,0.0,0.0,6.0,12.0,1.0,12.18,5.0200000000000005,2.51,1.49,0.0,0.1,0.0,0.5,0.0,-0.8,-0.5,-1.3,-169.70000000000002,0.0,0.0,169.70000000000002,0.0,21.3,30.5,30.5,31.200000000000003,300.0,300.0,30.9,35.0,30.200000000000003,29.6,31.3,4.95,1.99,4.96,0.16,0.0,0.0,1027.0,8228.0,0.0,0.0,0.0,0.0,0.0,1.0,0.0,0.0,0.0,0.0,0.0,-1.7000000000000002,0.0,1.1,0.0,0.0001,16.0,25903.0
2026-07-30T18:59:30.232Z,139.715,139.728,0.0,7.4,0.0,0.0,0.0,0.0,0.0,0.0,0.0,0.0,1.0,0.0,0.0,0.0,9.0,4.0,0.0,0.0,0.0,0.0,0.0,0.0,0.0,0.0,1.0,12.0,1.0,12.18,5.0200000000000005,2.51,1.49,0.0,0.0,0.0,0.4,0.0,-0.1,1.2000000000000002,0.4,-169.70000000000002,0.0,0.0,169.60000000000002,0.0,21.3,30.5,30.5,31.200000000000003,300.0,300.0,30.9,35.0,30.200000000000003,29.6,31.3,4.96,2.0,4.96,0.16,0.0,0.0,1027.0,8228.0,0.0,0.0,0.0,0.0,0.0,1.0,0.0,0.0,0.0,0.0,0.0,1.7000000000000002,0.0,-0.1,0.0,0.0001,16.0,25903.0
2026-07-30T18:59:30.245Z,139.728,139.74,0.0,7.4,0.0,0.0,0.0,0.0,0.0,0.0,0.0,0.0,1.0,0.0,0.0,0.0,9.0,4.0,0.0,0.0,0.0,0.0,0.0,0.0,0.0,0.0,2.0,12.0,1.0,12.15,5.01,2.51,1.49,0.0,0.1,0.0,0.4,0.0,0.3,0.0,-0.7000000000000001,-169.70000000000002,0.0,0.0,169.70000000000002,0.0,21.8,30.5,30.5,31.200000000000003,300.0,300.0,30.8,35.0,30.200000000000003,29.6,31.3,4.95,2.0,4.96,0.16,0.0,0.0,1027.0,8228.0,0.0,0.0,0.0,0.0,0.0,1.0,0.0,0.0,0.0,0.0,0.0,-0.4,0.0,0.6000000000000001,0.0,0.0001,16.0,25903.0
2026-07-30T18:59:30.256Z,139.739,139.752,0.0,7.4,0.0,0.0,0.0,0.0,0.0,0.0,0.0,0.0,1.0,0.0,0.0,0.0,9.0,4.0,0.0,0.0,0.0,0.0,0.0,0.0,0.0,0.0,3.0,12.0,1.0,12.15,5.01,2.51,1.49,0.0,0.0,0.0,0.4,0.0,0.3,-0.5,0.4,-169.70000000000002,0.0,0.0,169.70000000000002,0.0,21.8,30.5,30.5,31.200000000000003,300.0,300.0,30.8,35.0,30.200000000000003,29.6,31.3,4.95,1.99,4.97,0.16,0.0,0.0,1027.0,8228.0,0.0,0.0,0.0,0.0,0.0,1.0,0.0,0.0,0.0,0.0,0.0,-0.3,0.0,-0.4,0.0,0.0,16.0,25903.0
2026-07-30T18:59:30.268Z,139.751,139.764,0.0,7.4,0.0,0.0,0.0,0.0,0.0,0.0,0.0,0.0,1.0,0.0,0.0,0.0,9.0,4.0,0.0,0.0,0.0,0.0,0.0,0.0,0.0,0.0,4.0,12.0,1.0,12.15,5.01,2.51,1.49,0.0,0.0,0.0,0.4,0.0,-0.1,0.0,1.0,-169.70000000000002,0.0,0.0,169.70000000000002,0.0,21.8,30.5,30.5,31.200000000000003,300.0,300.0,30.8,35.0,30.200000000000003,29.6,31.3,4.95,1.99,4.96,0.16,0.0,0.0,1027.0,8228.0,0.0,0.0,0.0,0.0,0.0,1.0,0.0,0.0,0.0,0.0,0.0,0.8,0.0,-0.9,0.0,0.0001,16.0,25903.0
2026-07-30T18:59:30.279Z,139.762,139.776,0.0,7.4,0.0,0.0,0.0,0.0,0.0,0.0,0.0,0.0,1.0,0.0,0.0,0.0,9.0,4.0,0.0,0.0,0.0,0.0,0.0,0.0,0.0,0.0,5.0,12.0,1.0,12.15,5.01,2.51,1.49,0.0,0.0,0.0,0.4,0.0,0.3,0.0,-0.1,-169.70000000000002,0.0,0.0,169.70000000000002,0.0,21.8,30.5,30.5,31.200000000000003,300.0,300.0,30.8,35.0,30.200000000000003,29.6,31.3,4.96,2.0,4.96,0.16,0.0,0.0,1027.0,8228.0,0.0,0.0,0.0,0.0,0.0,1.0,0.0,0.0,0.0,0.0,0.0,0.0,0.0,0.1,0.0,0.0001,16.0,25903.0
2026-07-30T18:59:30.292Z,139.775,139.788,0.0,7.4,0.0,0.0,0.0,0.0,0.0,0.0,0.0,0.0,1.0,0.0,0.0,0.0,9.0,4.0,0.0,0.0,0.0,0.0,0.0,0.0,0.0,0.0,6.0,12.0,1.0,12.15,5.01,2.51,1.49,0.0,0.0,0.0,0.5,0.0,0.3,1.2000000000000002,1.6,-169.70000000000002,0.0,0.0,169.70000000000002,0.0,21.8,30.5,30.5,31.200000000000003,300.0,300.0,30.8,35.0,30.200000000000003,29.6,31.3,4.95,2.0,4.97,0.16,0.0,0.0,1027.0,8228.0,0.0,0.0,0.0,0.0,0.0,1.0,0.0,0.0,0.0,0.0,0.0,2.6,0.0,-1.1,0.0,0.0002,16.0,25903.0
2026-07-30T18:59:30.304Z,139.787,139.8,0.0,7.4,0.0,0.0,0.0,0.0,0.0,0.0,0.0,0.0,1.0,0.0,0.0,0.0,9.0,4.0,0.0,0.0,0.0,0.0,0.0,0.0,0.0,0.0,1.0,12.0,1.0,12.15,5.01,2.51,1.49,0.0,0.0,0.0,0.4,0.0,-0.1,-0.5,0.9,-169.70000000000002,0.0,0.0,169.8,0.0,21.8,30.5,30.5,31.200000000000003,300.0,300.0,30.8,35.0,30.200000000000003,29.6,31.3,4.96,2.0,4.96,0.16,0.0,0.0,1027.0,8228.0,0.0,0.0,0.0,0.0,0.0,1.0,0.0,0.0,0.0,0.0,0.0,0.1,0.0,-0.9,0.0,0.0,16.0,25903.0
2026-07-30T18:59:30.315Z,139.798,139.812,0.0,7.4,0.0,0.0,0.0,0.0,0.0,0.0,0.0,0.0,1.0,0.0,0.0,0.0,9.0,4.0,0.0,0.0,0.0,0.0,0.0,0.0,0.0,0.0,2.0,12.0,1.0,12.15,5.01,2.51,1.49,0.0,0.1,0.0,0.5,0.0,-0.7000000000000001,0.0,2.1,-169.70000000000002,0.0,0.0,169.70000000000002,0.0,21.8,30.5,30.5,31.200000000000003,300.0,300.0,30.8,35.0,30.200000000000003,29.6,31.3,4.96,2.0,4.96,0.16,0.0,0.0,1027.0,8228.0,0.0,0.0,0.0,0.0,0.0,1.0,0.0,0.0,0.0,0.0,0.0,1.6,0.0,-1.8,0.0,0.0,16.0,25903.0
2026-07-30T18:59:30.328Z,139.811,139.824,0.0,7.4,0.0,0.0,0.0,0.0,0.0,0.0,0.0,0.0,1.0,0.0,0.0,0.0,9.0,4.0,0.0,0.0,0.0,0.0,0.0,0.0,0.0,0.0,3.0,12.0,1.0,12.15,5.01,2.51,1.49,0.0,0.0,0.0,0.4,0.0,-0.1,1.2000000000000002,-0.7000000000000001,-169.70000000000002,0.0,0.0,169.70000000000002,0.0,21.8,30.5,30.5,31.200000000000003,300.0,300.0,30.8,35.0,30.200000000000003,29.6,31.3,4.95,1.99,4.96,0.16,0.0,0.0,1027.0,8228.0,0.0,0.0,0.0,0.0,0.0,1.0,0.0,0.0,0.0,0.0,0.0,0.8,0.0,0.9,0.0,0.0001,16.0,25903.0
2026-07-30T18:59:30.340Z,139.823,139.836,0.0,7.4,0.0,0.0,0.0,0.0,0.0,0.0,0.0,0.0,1.0,0.0,0.0,0.0,9.0,4.0,0.0,0.0,0.0,0.0,0.0,0.0,0.0,0.0,4.0,12.0,1.0,12.15,5.01,2.51,1.49,0.0,0.0,0.0,0.4,0.0,0.4,0.0,0.4,-169.70000000000002,0.0,0.0,169.8,0.0,21.8,30.5,30.5,31.200000000000003,300.0,300.0,30.8,35.0,30.200000000000003,29.6,31.3,4.95,1.99,4.97,0.16,0.0,0.0,1027.0,8228.0,0.0,0.0,0.0,0.0,0.0,1.0,0.0,0.0,0.0,0.0,0.0,0.3,0.0,-0.3,0.0,0.0001,16.0,25903.0
2026-07-30T18:59:30.354Z,139.837,139.848,0.0,7.4,0.0,0.0,0.0,0.0,0.0,0.0,0.0,0.0,1.0,0.0,0.0,0.0,9.0,4.0,0.0,0.0,0.0,0.0,0.0,0.0,0.0,0.0,5.0,12.0,1.0,12.18,5.01,2.51,1.49,0.0,0.0,0.0,0.4,0.0,0.4,0.0,-0.1,-169.70000000000002,0.0,0.0,169.8,0.0,21.4,30.5,30.5,31.200000000000003,300.0,300.0,30.9,35.0,30.200000000000003,29.6,31.3,4.96,1.99,4.96,0.16,0.0,0.0,1027.0,8228.0,0.0,0.0,0.0,0.0,0.0,1.0,0.0,0.0,0.0,0.0,0.0,0.0,0.0,0.1,0.0,0.0001,16.0,25903.0
2026-07-30T18:59:30.364Z,139.847,139.86,0.0,7.4,0.0,0.0,0.0,0.0,0.0,0.0,0.0,0.0,1.0,0.0,0.0,0.0,9.0,4.0,0.0,0.0,0.0,0.0,0.0,0.0,0.0,0.0,3.0,12.0,1.0,12.18,5.01,2.51,1.49,0.0,0.0,0.0,0.4,0.0,-0.7000000000000001,-0.5,-1.3,-169.70000000000002,0.0,0.0,169.70000000000002,0.0,21.4,30.5,30.5,31.200000000000003,300.0,300.0,30.9,35.0,30.200000000000003,29.6,31.3,4.96,2.0,4.96,0.17,0.0,0.0,1027.0,8228.0,0.0,0.0,0.0,0.0,0.0,1.0,0.0,0.0,0.0,0.0,0.0,-1.6,0.0,1.0,0.0,0.0,16.0,25903.0
2026-07-30T18:59:30.376Z,139.859,139.872,0.0,7.4,0.0,0.0,0.0,0.0,0.0,0.0,0.0,0.0,1.0,0.0,0.0,0.0,9.0,4.0,0.0,0.0,0.0,0.0,0.0,0.0,0.0,0.0,3.0,12.0,1.0,12.18,5.01,2.51,1.49,0.0,0.0,0.0,0.4,0.0,0.0,-0.5,0.4,-169.70000000000002,0.0,0.0,169.8,0.0,21.4,30.5,30.5,31.200000000000003,300.0,300.0,30.9,35.0,30.200000000000003,29.6,31.3,4.95,1.99,4.96,0.16,0.0,0.0,1027.0,8228.0,0.0,0.0,0.0,0.0,0.0,1.0,0.0,0.0,0.0,0.0,0.0,-0.2,0.0,-0.5,0.0,0.0,16.0,25903.0
2026-07-30T18:59:30.387Z,139.87,139.884,0.0,7.4,0.0,0.0,0.0,0.0,0.0,0.0,0.0,0.0,1.0,0.0,0.0,0.0,9.0,4.0,0.0,0.0,0.0,0.0,0.0,0.0,0.0,0.0,5.0,12.0,1.0,12.18,5.01,2.51,1.49,0.0,0.0,0.0,0.4,0.0,-0.6000000000000001,0.6000000000000001,-0.7000000000000001,-169.70000000000002,0.0,0.0,169.8,0.0,21.4,30.5,30.5,31.200000000000003,300.0,300.0,30.9,35.0,30.200000000000003,29.6,31.3,4.95,1.99,4.96,0.16,0.0,0.0,1027.0,8228.0,0.0,0.0,0.0,0.0,0.0,1.0,0.0,0.0,0.0,0.0,0.0,0.1,0.0,0.7000000000000001,0.0,0.0,16.0,25903.0
2026-07-30T18:59:30.400Z,139.883,139.89600000000002,0.0,7.4,0.0,0.0,0.0,0.0,0.0,0.0,0.0,0.0,1.0,0.0,0.0,0.0,9.0,4.0,0.0,0.0,0.0,0.0,0.0,0.0,0.0,0.0,6.0,12.0,1.0,12.18,5.01,2.51,1.49,0.0,0.0,0.0,0.4,0.0,0.0,-1.7000000000000002,-1.3,-169.70000000000002,0.0,0.0,169.70000000000002,0.0,21.4,30.5,30.5,31.200000000000003,300.0,300.0,30.9,35.0,30.200000000000003,29.6,31.3,4.95,2.0,4.96,0.16,0.0,0.0,1027.0,8228.0,0.0,0.0,0.0,0.0,0.0,1.0,0.0,0.0,0.0,0.0,0.0,-3.0,0.0,0.8,0.0,0.0001,16.0,25903.0
2026-07-30T18:59:30.411Z,139.894,139.90800000000002,0.0,7.4,0.0,0.0,0.0,0.0,0.0,0.0,0.0,0.0,1.0,0.0,0.0,0.0,9.0,4.0,0.0,0.0,0.0,0.0,0.0,0.0,0.0,0.0,1.0,12.0,1.0,12.18,5.01,2.51,1.49,0.0,0.0,0.0,0.4,0.0,0.0,1.1,0.4,-169.70000000000002,0.0,0.0,169.70000000000002,0.0,21.4,30.5,30.5,31.200000000000003,300.0,300.0,30.9,35.0,30.200000000000003,29.6,31.3,4.95,1.99,4.97,0.16,0.0,0.0,1027.0,8228.0,0.0,0.0,0.0,0.0,0.0,1.0,0.0,0.0,0.0,0.0,0.0,1.6,0.0,-0.1,0.0,0.0,16.0,25903.0
2026-07-30T18:59:30.424Z,139.907,139.92000000000002,0.0,7.4,0.0,0.0,0.0,0.0,0.0,0.0,0.0,0.0,1.0,0.0,0.0,0.0,9.0,4.0,0.0,0.0,0.0,0.0,0.0,0.0,0.0,0.0,2.0,12.0,1.0,12.18,5.01,2.51,1.49,0.0,0.0,0.0,0.4,0.0,0.0,-0.5,-0.7000000000000001,-169.70000000000002,0.0,0.0,169.70000000000002,0.0,21.4,30.5,30.5,31.200000000000003,300.0,300.0,30.9,35.0,30.200000000000003,29.6,31.3,4.95,1.99,4.97,0.16,0.0,0.0,1027.0,8228.0,0.0,0.0,0.0,0.0,0.0,1.0,0.0,0.0,0.0,0.0,0.0,-1.1,0.0,0.5,0.0,0.0,16.0,25903.0
2026-07-30T18:59:30.436Z,139.919,139.93200000000002,0.0,7.4,0.0,0.0,0.0,0.0,0.0,0.0,0.0,0.0,1.0,0.0,0.0,0.0,9.0,4.0,0.0,0.0,0.0,0.0,0.0,0.0,0.0,0.0,4.0,12.0,1.0,12.18,5.01,2.51,1.49,0.0,0.0,0.0,0.4,0.0,-1.2000000000000002,-1.7000000000000002,-0.7000000000000001,-169.70000000000002,0.0,0.0,169.70000000000002,0.0,21.4,30.5,30.5,31.200000000000003,300.0,300.0,30.9,35.0,30.200000000000003,29.6,31.3,4.96,1.99,4.96,0.16,0.0,0.0,1027.0,8228.0,0.0,0.0,0.0,0.0,0.0,1.0,0.0,0.0,0.0,0.0,0.0,-2.5,0.0,0.3,0.0,0.0,16.0,25903.0
2026-07-30T18:59:30.449Z,139.932,139.94400000000002,0.0,7.4,0.0,0.0,0.0,0.0,0.0,0.0,0.0,0.0,1.0,0.0,0.0,0.0,9.0,4.0,0.0,0.0,0.0,0.0,0.0,0.0,0.0,0.0,5.0,12.0,1.0,12.15,5.01,2.5,1.5,0.0,0.0,0.0,0.4,0.0,1.0,-1.1,-1.3,-169.70000000000002,0.0,0.0,169.70000000000002,0.0,21.4,30.5,30.5,31.200000000000003,300.0,300.0,30.8,34.9,30.200000000000003,29.6,31.3,4.95,1.99,4.96,0.16,0.0,0.0,1027.0,8228.0,0.0,0.0,0.0,0.0,0.0,1.0,0.0,0.0,0.0,0.0,0.0,-2.3000000000000003,0.0,0.9,0.0,0.0,16.0,25903.0
2026-07-30T18:59:30.459Z,139.942,139.956,0.0,7.4,0.0,0.0,0.0,0.0,0.0,0.0,0.0,0.0,1.0,0.0,0.0,0.0,9.0,4.0,0.0,0.0,0.0,0.0,0.0,0.0,0.0,0.0,6.0,12.0,1.0,12.15,5.01,2.5,1.5,0.0,0.0,0.0,0.4,0.0,-0.1,-0.5,-1.4,-169.70000000000002,0.0,0.0,169.70000000000002,0.0,21.4,30.5,30.5,31.200000000000003,300.0,300.0,30.8,34.9,30.200000000000003,29.6,31.3,4.95,1.99,4.96,0.16,0.0,0.0,1027.0,8228.0,0.0,0.0,0.0,0.0,0.0,1.0,0.0,0.0,0.0,0.0,0.0,-1.7000000000000002,0.0,1.1,0.0,0.0,16.0,25903.0
2026-07-30T18:59:30.472Z,139.955,139.968,0.0,7.4,0.0,0.0,0.0,0.0,0.0,0.0,0.0,0.0,1.0,0.0,0.0,0.0,9.0,4.0,0.0,0.0,0.0,0.0,0.0,0.0,0.0,0.0,1.0,12.0,1.0,12.15,5.01,2.5,1.5,0.0,0.0,0.0,0.5,0.0,0.0,1.1,-0.2,-169.70000000000002,0.0,0.0,169.8,0.0,21.4,30.5,30.5,31.200000000000003,300.0,300.0,30.8,34.9,30.200000000000003,29.6,31.3,4.95,2.0,4.96,0.16,0.0,0.0,1027.0,8228.0,0.0,0.0,0.0,0.0,0.0,1.0,0.0,0.0,0.0,0.0,0.0,1.1,0.0,0.4,0.0,0.0,16.0,25903.0
2026-07-30T18:59:30.483Z,139.966,139.98,0.0,7.4,0.0,0.0,0.0,0.0,0.0,0.0,0.0,0.0,1.0,0.0,0.0,0.0,9.0,4.0,0.0,0.0,0.0,0.0,0.0,0.0,0.0,0.0,2.0,12.0,1.0,12.15,5.01,2.5,1.5,0.0,0.0,0.0,0.4,0.0,0.4,-0.5,0.9,-169.70000000000002,0.0,0.0,169.70000000000002,0.0,21.4,30.5,30.5,31.200000000000003,300.0,300.0,30.8,34.9,30.200000000000003,29.6,31.3,4.95,2.0,4.96,0.16,0.0,0.0,1027.0,8228.0,0.0,0.0,0.0,0.0,0.0,1.0,0.0,0.0,0.0,0.0,0.0,0.0,0.0,-0.9,0.0,0.0001,16.0,25903.0
2026-07-30T18:59:30.496Z,139.979,139.992,0.0,7.4,0.0,0.0,0.0,0.0,0.0,0.0,0.0,0.0,1.0,0.0,0.0,0.0,9.0,4.0,0.0,0.0,0.0,0.0,0.0,0.0,0.0,0.0,3.0,12.0,1.0,12.15,5.01,2.5,1.5,0.0,0.0,0.0,0.4,0.0,0.4,0.0,-0.2,-169.70000000000002,0.0,0.0,169.70000000000002,0.0,21.4,30.5,30.5,31.200000000000003,300.0,300.0,30.8,34.9,30.200000000000003,29.6,31.3,4.95,1.99,4.97,0.16,0.0,0.0,1027.0,8228.0,0.0,0.0,0.0,0.0,0.0,1.0,0.0,0.0,0.0,0.0,0.0,-0.1,0.0,0.2,0.0,0.0001,16.0,25903.0
2026-07-30T18:59:30.508Z,139.991,140.004,0.0,7.4,0.0,0.0,0.0,0.0,0.0,0.0,0.0,0.0,1.0,0.0,0.0,0.0,9.0,4.0,0.0,0.0,0.0,0.0,0.0,0.0,0.0,0.0,3.0,12.0,1.0,12.15,5.01,2.5,1.5,0.0,0.0,0.0,0.5,0.0,-0.1,0.0,-1.4,-169.70000000000002,0.0,0.0,169.8,0.0,21.4,30.5,30.5,31.200000000000003,300.0,300.0,30.8,34.9,30.200000000000003,29.6,31.3,4.95,2.0,4.96,0.16,0.0,0.0,1027.0,8228.0,0.0,0.0,0.0,0.0,0.0,1.0,0.0,0.0,0.0,0.0,0.0,-1.0,0.0,1.2000000000000002,0.0,0.0001,16.0,25903.0
2026-07-30T18:59:30.520Z,140.003,140.016,0.0,7.4,0.0,0.0,0.0,0.0,0.0,0.0,0.0,0.0,1.0,0.0,0.0,0.0,9.0,4.0,0.0,0.0,0.0,0.0,0.0,0.0,0.0,0.0,5.0,12.0,1.0,12.15,5.01,2.5,1.5,0.0,0.0,0.0,0.4,0.0,0.4,-0.6000000000000001,-0.8,-169.70000000000002,0.0,0.0,169.60000000000002,0.0,21.4,30.5,30.5,31.200000000000003,300.0,300.0,30.8,34.9,30.200000000000003,29.6,31.3,4.96,1.99,4.96,0.16,0.0,0.0,1027.0,8228.0,0.0,0.0,0.0,0.0,0.0,1.0,0.0,0.0,0.0,0.0,0.0,-1.3,0.0,0.6000000000000001,0.0,0.0001,16.0,25903.0
2026-07-30T18:59:30.532Z,140.015,140.028,0.0,7.4,0.0,0.0,0.0,0.0,0.0,0.0,0.0,0.0,1.0,0.0,0.0,0.0,9.0,4.0,0.0,0.0,0.0,0.0,0.0,0.0,0.0,0.0,6.0,12.0,1.0,12.15,5.01,2.5,1.5,0.0,0.0,0.0,0.4,0.0,-0.1,0.0,-0.2,-169.70000000000002,0.0,0.0,169.60000000000002,0.0,21.4,30.5,30.5,31.200000000000003,300.0,300.0,30.8,34.9,30.200000000000003,29.6,31.3,4.95,1.99,4.97,0.16,0.0,0.0,1027.0,8228.0,0.0,0.0,0.0,0.0,0.0,1.0,0.0,0.0,0.0,0.0,0.0,-0.1,0.0,0.2,0.0,0.0001,16.0,25903.0
2026-07-30T18:59:30.544Z,140.027,140.04,0.0,7.4,0.0,0.0,0.0,0.0,0.0,0.0,0.0,0.0,1.0,0.0,0.0,0.0,9.0,4.0,0.0,0.0,0.0,0.0,0.0,0.0,0.0,0.0,1.0,12.0,1.0,12.15,5.01,2.5,1.5,0.0,0.0,0.0,0.4,0.0,-0.6000000000000001,-0.5,0.8,-169.70000000000002,0.0,0.0,169.8,0.0,21.4,30.5,30.5,31.200000000000003,300.0,300.0,30.8,34.9,30.200000000000003,29.6,31.3,4.96,1.99,4.97,0.16,0.0,0.0,1027.0,8228.0,0.0,0.0,0.0,0.0,0.0,1.0,0.0,0.0,0.0,0.0,0.0,0.0,0.0,-0.9,0.0,0.0001,16.0,25903.0
2026-07-30T18:59:30.556Z,140.039,140.052,0.0,7.4,0.0,0.0,0.0,0.0,0.0,0.0,0.0,0.0,1.0,0.0,0.0,0.0,9.0,4.0,0.0,0.0,0.0,0.0,0.0,0.0,0.0,0.0,2.0,12.0,1.0,12.15,5.01,2.5,1.49,0.0,0.0,0.0,0.4,0.0,-0.7000000000000001,0.0,-0.3,-169.70000000000002,0.0,0.0,169.70000000000002,0.0,21.8,30.5,30.5,31.200000000000003,300.0,300.0,30.8,34.9,30.200000000000003,29.5,31.3,4.96,2.0,4.96,0.16,0.0,0.0,1027.0,8228.0,0.0,0.0,0.0,0.0,0.0,1.0,0.0,0.0,0.0,0.0,0.0,-0.2,0.0,0.2,0.0,0.0002,16.0,25903.0
2026-07-30T18:59:30.568Z,140.051,140.064,0.0,7.4,0.0,0.0,0.0,0.0,0.0,0.0,0.0,0.0,1.0,0.0,0.0,0.0,9.0,4.0,0.0,0.0,0.0,0.0,0.0,0.0,0.0,0.0,3.0,12.0,1.0,12.15,5.01,2.5,1.49,0.0,0.0,0.0,0.5,0.0,0.4,0.5,-0.8,-169.70000000000002,0.0,0.0,169.8,0.0,21.8,30.5,30.5,31.200000000000003,300.0,300.0,30.8,34.9,30.200000000000003,29.5,31.3,4.95,1.99,4.96,0.16,0.0,0.0,1027.0,8228.0,0.0,0.0,0.0,0.0,0.0,1.0,0.0,0.0,0.0,0.0,0.0,0.0,0.0,0.8,0.0,0.0,16.0,25903.0
2026-07-30T18:59:30.579Z,140.062,140.076,0.0,7.4,0.0,0.0,0.0,0.0,0.0,0.0,0.0,0.0,1.0,0.0,0.0,0.0,9.0,4.0,0.0,0.0,0.0,0.0,0.0,0.0,0.0,0.0,4.0,12.0,1.0,12.15,5.01,2.5,1.49,0.0,0.0,0.0,0.4,0.0,0.4,-0.6000000000000001,0.8,-169.70000000000002,0.0,0.0,169.8,0.0,21.8,30.5,30.5,31.200000000000003,300.0,300.0,30.8,34.9,30.200000000000003,29.5,31.3,4.95,1.99,4.97,0.16,0.0,0.0,1027.0,8228.0,0.0,0.0,0.0,0.0,0.0,1.0,0.0,0.0,0.0,0.0,0.0,0.0,0.0,-0.8,0.0,0.0001,16.0,25903.0
2026-07-30T18:59:30.592Z,140.075,140.088,0.0,7.4,0.0,0.0,0.0,0.0,0.0,0.0,0.0,0.0,1.0,0.0,0.0,0.0,9.0,4.0,0.0,0.0,0.0,0.0,0.0,0.0,0.0,0.0,5.0,12.0,1.0,12.15,5.01,2.5,1.49,0.0,0.1,0.0,0.5,0.0,0.4,-0.6000000000000001,0.2,-169.70000000000002,0.0,0.0,169.8,0.0,21.8,30.5,30.5,31.200000000000003,300.0,300.0,30.8,34.9,30.200000000000003,29.5,31.3,4.95,1.99,4.96,0.16,0.0,0.0,1027.0,8228.0,0.0,0.0,0.0,0.0,0.0,1.0,0.0,0.0,0.0,0.0,0.0,-0.4,0.0,-0.3,0.0,0.0,16.0,25903.0
2026-07-30T18:59:30.603Z,140.086,140.1,0.0,7.4,0.0,0.0,0.0,0.0,0.0,0.0,0.0,0.0,1.0,0.0,0.0,0.0,9.0,4.0,0.0,0.0,0.0,0.0,0.0,0.0,0.0,0.0,6.0,12.0,1.0,12.15,5.01,2.5,1.49,0.0,0.0,0.0,0.5,0.0,0.3,0.0,-0.2,-169.70000000000002,0.0,0.0,169.8,0.0,21.8,30.5,30.5,31.200000000000003,300.0,300.0,30.8,34.9,30.200000000000003,29.5,31.3,4.95,1.99,4.97,0.16,0.0,0.0,1027.0,8228.0,0.0,0.0,0.0,0.0,0.0,1.0,0.0,0.0,0.0,0.0,0.0,-0.2,0.0,0.2,0.0,0.0,16.0,25903.0
2026-07-30T18:59:30.616Z,140.099,140.112,0.0,7.4,0.0,0.0,0.0,0.0,0.0,0.0,0.0,0.0,1.0,0.0,0.0,0.0,9.0,4.0,0.0,0.0,0.0,0.0,0.0,0.0,0.0,0.0,1.0,12.0,1.0,12.15,5.01,2.5,1.49,0.0,0.0,0.0,0.4,0.0,0.3,1.7000000000000002,0.9,-169.70000000000002,0.0,0.0,169.8,0.0,21.8,30.5,30.5,31.200000000000003,300.0,300.0,30.8,34.9,30.200000000000003,29.5,31.3,4.96,1.99,4.97,0.16,0.0,0.0,1027.0,8228.0,0.0,0.0,0.0,0.0,0.0,1.0,0.0,0.0,0.0,0.0,0.0,2.6,0.0,-0.4,0.0,0.0001,16.0,25903.0
2026-07-30T18:59:30.628Z,140.111,140.124,0.0,7.4,0.0,0.0,0.0,0.0,0.0,0.0,0.0,0.0,1.0,0.0,0.0,0.0,9.0,4.0,0.0,0.0,0.0,0.0,0.0,0.0,0.0,0.0,2.0,12.0,1.0,12.15,5.01,2.5,1.49,0.0,0.0,0.0,0.4,0.0,-0.2,-0.6000000000000001,-0.2,-169.70000000000002,0.0,0.0,169.8,0.0,21.8,30.5,30.5,31.200000000000003,300.0,300.0,30.8,34.9,30.200000000000003,29.5,31.3,4.96,1.99,4.95,0.16,0.0,0.0,1027.0,8228.0,0.0,0.0,0.0,0.0,0.0,1.0,0.0,0.0,0.0,0.0,0.0,-1.3,0.0,0.6000000000000001,0.0,0.0,16.0,25903.0
2026-07-30T18:59:30.640Z,140.123,140.136,0.0,7.4,0.0,0.0,0.0,0.0,0.0,0.0,0.0,0.0,1.0,0.0,0.0,0.0,9.0,4.0,0.0,0.0,0.0,0.0,0.0,0.0,0.0,0.0,3.0,12.0,1.0,12.15,5.01,2.5,1.49,0.0,0.0,0.0,0.5,0.0,0.9,-0.6000000000000001,-0.2,-169.70000000000002,0.0,0.0,169.8,0.0,21.8,30.5,30.5,31.200000000000003,300.0,300.0,30.8,34.9,30.200000000000003,29.5,31.3,4.95,2.0,4.97,0.16,0.0,0.0,1027.0,8228.0,0.0,0.0,0.0,0.0,0.0,1.0,0.0,0.0,0.0,0.0,0.0,-0.2,0.0,0.2,0.0,0.0,16.0,25903.0
2026-07-30T18:59:30.653Z,140.136,140.148,0.0,7.4,0.0,0.0,0.0,0.0,0.0,0.0,0.0,0.0,1.0,0.0,0.0,0.0,9.0,4.0,0.0,0.0,0.0,0.0,0.0,0.0,0.0,0.0,5.0,12.0,1.0,12.17,5.03,2.51,1.49,0.0,0.0,0.0,0.4,0.0,-0.7000000000000001,0.5,-0.2,-169.70000000000002,0.0,0.0,169.60000000000002,0.0,21.3,30.5,30.5,31.200000000000003,300.0,300.0,30.9,35.0,30.200000000000003,29.6,31.3,4.95,1.99,4.97,0.16,0.0,0.0,1027.0,8228.0,0.0,0.0,0.0,0.0,0.0,1.0,0.0,0.0,0.0,0.0,0.0,-1.2000000000000002,0.0,0.5,0.0,0.0,16.0,25903.0
2026-07-30T18:59:30.667Z,140.15,140.16,0.0,7.4,0.0,0.0,0.0,0.0,0.0,0.0,0.0,0.0,1.0,0.0,0.0,0.0,9.0,4.0,0.0,0.0,0.0,0.0,0.0,0.0,0.0,0.0,6.0,12.0,1.0,12.17,5.03,2.51,1.49,0.0,0.0,0.0,0.4,0.0,-0.7000000000000001,1.2000000000000002,-0.1,-169.70000000000002,0.0,0.0,169.8,0.0,21.3,30.5,30.5,31.200000000000003,300.0,300.0,30.9,35.0,30.200000000000003,29.6,31.3,4.96,2.0,4.97,0.16,0.0,0.0,1027.0,8228.0,0.0,0.0,0.0,0.0,0.0,1.0,0.0,0.0,0.0,0.0,0.0,1.2000000000000002,0.0,0.4,0.0,0.0002,16.0,25903.0
2026-07-30T18:59:30.679Z,140.162,140.172,0.0,7.4,0.0,0.0,0.0,0.0,0.0,0.0,0.0,0.0,1.0,0.0,0.0,0.0,9.0,4.0,0.0,0.0,0.0,0.0,0.0,0.0,0.0,0.0,5.0,12.0,1.0,12.17,5.03,2.51,1.49,0.0,0.0,0.0,0.4,0.0,-0.7000000000000001,-0.5,-0.1,-169.70000000000002,0.0,0.0,169.70000000000002,0.0,21.3,30.5,30.5,31.200000000000003,300.0,300.0,30.9,35.0,30.200000000000003,29.6,31.3,4.96,2.0,4.97,0.16,0.0,0.0,1027.0,8228.0,0.0,0.0,0.0,0.0,0.0,1.0,0.0,0.0,0.0,0.0,0.0,-0.7000000000000001,0.0,0.0,0.0,0.0,16.0,25903.0
2026-07-30T18:59:30.688Z,140.171,140.184,0.0,7.4,0.0,0.0,0.0,0.0,0.0,0.0,0.0,0.0,1.0,0.0,0.0,0.0,9.0,4.0,0.0,0.0,0.0,0.0,0.0,0.0,0.0,0.0,4.0,12.0,1.0,12.17,5.03,2.51,1.49,0.0,0.0,0.0,0.4,0.0,-0.1,0.0,1.0,-169.70000000000002,0.0,0.0,169.8,0.0,21.3,30.5,30.5,31.200000000000003,300.0,300.0,30.9,35.0,30.200000000000003,29.6,31.3,4.95,1.99,4.96,0.16,0.0,0.0,1027.0,8228.0,0.0,0.0,0.0,0.0,0.0,1.0,0.0,0.0,0.0,0.0,0.0,0.8,0.0,-0.9,0.0,0.0001,16.0,25903.0
2026-07-30T18:59:30.699Z,140.182,140.196,0.0,7.4,0.0,0.0,0.0,0.0,0.0,0.0,0.0,0.0,1.0,0.0,0.0,0.0,9.0,4.0,0.0,0.0,0.0,0.0,0.0,0.0,0.0,0.0,5.0,12.0,1.0,12.17,5.03,2.51,1.49,0.0,0.1,0.0,0.4,0.0,-0.1,0.0,-1.2000000000000002,-169.70000000000002,0.0,0.0,169.70000000000002,0.0,21.3,30.5,30.5,31.200000000000003,300.0,300.0,30.9,35.0,30.200000000000003,29.6,31.3,4.95,1.99,4.97,0.16,0.0,0.0,1027.0,8228.0,0.0,0.0,0.0,0.0,0.0,1.0,0.0,0.0,0.0,0.0,0.0,-0.9,0.0,1.1,0.0,0.0003,16.0,25903.0
2026-07-30T18:59:30.712Z,140.195,140.208,0.0,7.4,0.0,0.0,0.0,0.0,0.0,0.0,0.0,0.0,1.0,0.0,0.0,0.0,9.0,4.0,0.0,0.0,0.0,0.0,0.0,0.0,0.0,0.0,6.0,12.0,1.0,12.17,5.03,2.51,1.49,0.0,0.0,0.0,0.4,0.0,0.9,1.1,1.0,-169.70000000000002,0.0,0.0,169.8,0.0,21.3,30.5,30.5,31.200000000000003,300.0,300.0,30.9,35.0,30.200000000000003,29.6,31.3,4.96,1.99,4.97,0.16,0.0,0.0,1027.0,8228.0,0.0,0.0,0.0,0.0,0.0,1.0,0.0,0.0,0.0,0.0,0.0,2.1,0.0,-0.7000000000000001,0.0,0.0001,16.0,25903.0
2026-07-30T18:59:30.724Z,140.207,140.22,0.0,7.4,0.0,0.0,0.0,0.0,0.0,0.0,0.0,0.0,1.0,0.0,0.0,0.0,9.0,4.0,0.0,0.0,0.0,0.0,0.0,0.0,0.0,0.0,2.0,12.0,1.0,12.17,5.03,2.51,1.49,0.0,0.1,0.0,0.4,0.0,-0.2,0.5,0.4,-169.70000000000002,0.0,0.0,169.8,0.0,21.3,30.5,30.5,31.200000000000003,300.0,300.0,30.9,35.0,30.200000000000003,29.6,31.3,4.95,1.99,4.96,0.16,0.0,0.0,1027.0,8228.0,0.0,0.0,0.0,0.0,0.0,1.0,0.0,0.0,0.0,0.0,0.0,0.9,0.0,-0.2,0.0,0.0001,16.0,25903.0
2026-07-30T18:59:30.736Z,140.219,140.232,0.0,7.4,0.0,0.0,0.0,0.0,0.0,0.0,0.0,0.0,1.0,0.0,0.0,0.0,9.0,4.0,0.0,0.0,0.0,0.0,0.0,0.0,0.0,0.0,3.0,12.0,1.0,12.17,5.03,2.51,1.49,0.0,0.0,0.0,0.4,0.0,-0.1,-1.2000000000000002,-0.6000000000000001,-169.70000000000002,0.0,0.0,169.8,0.0,21.3,30.5,30.5,31.200000000000003,300.0,300.0,30.9,35.0,30.200000000000003,29.6,31.3,4.95,1.99,4.97,0.16,0.0,0.0,1027.0,8228.0,0.0,0.0,0.0,0.0,0.0,1.0,0.0,0.0,0.0,0.0,0.0,-1.8,0.0,0.3,0.0,0.0001,16.0,25903.0
2026-07-30T18:59:30.748Z,140.231,140.244,0.0,7.4,0.0,0.0,0.0,0.0,0.0,0.0,0.0,0.0,1.0,0.0,0.0,0.0,9.0,4.0,0.0,0.0,0.0,0.0,0.0,0.0,0.0,0.0,4.0,12.0,1.0,12.17,5.03,2.51,1.49,0.0,0.1,0.0,0.4,0.0,0.3,1.7000000000000002,1.0,-169.70000000000002,0.0,0.0,169.8,0.0,21.3,30.5,30.5,31.200000000000003,300.0,300.0,30.9,35.0,30.200000000000003,29.6,31.3,4.95,2.0,4.96,0.16,0.0,0.0,1027.0,8228.0,0.0,0.0,0.0,0.0,0.0,1.0,0.0,0.0,0.0,0.0,0.0,2.7,0.0,-0.6000000000000001,0.0,0.0,16.0,25903.0
2026-07-30T18:59:30.760Z,140.243,140.256,0.0,7.4,0.0,0.0,0.0,0.0,0.0,0.0,0.0,0.0,1.0,0.0,0.0,0.0,9.0,4.0,0.0,0.0,0.0,0.0,0.0,0.0,0.0,0.0,5.0,12.0,1.0,12.15,5.01,2.5,1.49,0.0,0.1,0.0,0.4,0.0,-0.7000000000000001,0.5,-0.7000000000000001,-169.70000000000002,0.0,0.0,169.8,0.0,21.8,30.5,30.5,31.200000000000003,300.0,300.0,30.8,34.9,30.200000000000003,29.6,31.3,4.96,2.0,4.96,0.15,0.0,0.0,1027.0,8228.0,0.0,0.0,0.0,0.0,0.0,1.0,0.0,0.0,0.0,0.0,0.0,0.0,0.0,0.7000000000000001,0.0,0.0,16.0,25903.0
2026-07-30T18:59:30.772Z,140.255,140.268,0.0,7.4,0.0,0.0,0.0,0.0,0.0,0.0,0.0,0.0,1.0,0.0,0.0,0.0,9.0,4.0,0.0,0.0,0.0,0.0,0.0,0.0,0.0,0.0,6.0,12.0,1.0,12.15,5.01,2.5,1.49,0.0,0.0,0.0,0.4,0.0,0.3,0.5,1.0,-169.70000000000002,0.0,0.0,169.8,0.0,21.8,30.5,30.5,31.200000000000003,300.0,300.0,30.8,34.9,30.200000000000003,29.6,31.3,4.95,2.0,4.97,0.16,0.0,0.0,1027.0,8228.0,0.0,0.0,0.0,0.0,0.0,1.0,0.0,0.0,0.0,0.0,0.0,1.4,0.0,-0.8,0.0,0.0,16.0,25903.0
2026-07-30T18:59:30.784Z,140.267,140.28,0.0,7.4,0.0,0.0,0.0,0.0,0.0,0.0,0.0,0.0,1.0,0.0,0.0,0.0,9.0,4.0,0.0,0.0,0.0,0.0,0.0,0.0,0.0,0.0,1.0,12.0,1.0,12.15,5.01,2.5,1.49,0.0,0.0,0.0,0.5,0.0,-0.8,-0.5,-1.2000000000000002,-169.70000000000002,0.0,0.0,169.70000000000002,0.0,21.8,30.5,30.5,31.200000000000003,300.0,300.0,30.8,34.9,30.200000000000003,29.6,31.3,4.96,1.99,4.96,0.16,0.0,0.0,1027.0,8228.0,0.0,0.0,0.0,0.0,0.0,1.0,0.0,0.0,0.0,0.0,0.0,-1.6,0.0,1.0,0.0,0.0,16.0,25903.0
2026-07-30T18:59:30.796Z,140.279,140.292,0.0,7.4,0.0,0.0,0.0,0.0,0.0,0.0,0.0,0.0,1.0,0.0,0.0,0.0,9.0,4.0,0.0,0.0,0.0,0.0,0.0,0.0,0.0,0.0,2.0,12.0,1.0,12.15,5.01,2.5,1.49,0.0,0.0,0.0,0.4,0.0,-0.2,-0.5,-0.1,-169.70000000000002,0.0,0.0,169.70000000000002,0.0,21.8,30.5,30.5,31.200000000000003,300.0,300.0,30.8,34.9,30.200000000000003,29.6,31.3,4.96,1.99,4.96,0.16,0.0,0.0,1027.0,8228.0,0.0,0.0,0.0,0.0,0.0,1.0,0.0,0.0,0.0,0.0,0.0,-0.7000000000000001,0.0,0.0,0.0,0.0001,16.0,25903.0
2026-07-30T18:59:30.808Z,140.291,140.304,0.0,7.4,0.0,0.0,0.0,0.0,0.0,0.0,0.0,0.0,1.0,0.0,0.0,0.0,9.0,4.0,0.0,0.0,0.0,0.0,0.0,0.0,0.0,0.0,3.0,12.0,1.0,12.15,5.01,2.5,1.49,0.0,0.0,0.0,0.4,0.0,0.9,1.1,2.1,-169.70000000000002,0.0,0.0,169.60000000000002,0.0,21.8,30.5,30.5,31.200000000000003,300.0,300.0,30.8,34.9,30.200000000000003,29.6,31.3,4.95,1.99,4.96,0.16,0.0,0.0,1027.0,8228.0,0.0,0.0,0.0,0.0,0.0,1.0,0.0,0.0,0.0,0.0,0.0,2.9000000000000004,0.0,-1.6,0.0,0.0001,16.0,25903.0
2026-07-30T18:59:30.820Z,140.303,140.316,0.0,7.4,0.0,0.0,0.0,0.0,0.0,0.0,0.0,0.0,1.0,0.0,0.0,0.0,9.0,4.0,0.0,0.0,0.0,0.0,0.0,0.0,0.0,0.0,4.0,12.0,1.0,12.15,5.01,2.5,1.49,0.0,0.0,0.0,0.4,0.0,-0.1,-0.5,-0.7000000000000001,-169.70000000000002,0.0,0.0,169.70000000000002,0.0,21.8,30.5,30.5,31.200000000000003,300.0,300.0,30.8,34.9,30.200000000000003,29.6,31.3,4.95,1.99,4.97,0.16,0.0,0.0,1027.0,8228.0,0.0,0.0,0.0,0.0,0.0,1.0,0.0,0.0,0.0,0.0,0.0,-1.2000000000000002,0.0,0.5,0.0,0.0002,16.0,25903.0
2026-07-30T18:59:30.832Z,140.315,140.328,0.0,7.4,0.0,0.0,0.0,0.0,0.0,0.0,0.0,0.0,1.0,0.0,0.0,0.0,9.0,4.0,0.0,0.0,0.0,0.0,0.0,0.0,0.0,0.0,5.0,12.0,1.0,12.15,5.01,2.5,1.49,0.0,0.0,0.0,0.4,0.0,-0.1,-1.7000000000000002,-2.5,-169.70000000000002,0.0,0.0,169.8,0.0,21.8,30.5,30.5,31.200000000000003,300.0,300.0,30.8,34.9,30.200000000000003,29.6,31.3,4.96,1.99,4.97,0.16,0.0,0.0,1027.0,8228.0,0.0,0.0,0.0,0.0,0.0,1.0,0.0,0.0,0.0,0.0,0.0,-3.8,0.0,1.8,0.0,0.0001,16.0,25903.0
2026-07-30T18:59:30.844Z,140.327,140.34,0.0,7.4,0.0,0.0,0.0,0.0,0.0,0.0,0.0,0.0,1.0,0.0,0.0,0.0,9.0,4.0,0.0,0.0,0.0,0.0,0.0,0.0,0.0,0.0,6.0,12.0,1.0,12.15,5.01,2.5,1.49,0.0,0.1,0.0,0.4,0.0,-0.1,0.6000000000000001,-0.1,-169.70000000000002,0.0,0.0,169.8,0.0,21.8,30.5,30.5,31.200000000000003,300.0,300.0,30.8,34.9,30.200000000000003,29.6,31.3,4.96,1.99,4.96,0.16,0.0,0.0,1027.0,8228.0,0.0,0.0,0.0,0.0,0.0,1.0,0.0,0.0,0.0,0.0,0.0,0.5,0.0,0.3,0.0,0.0002,16.0,25903.0
2026-07-30T18:59:30.857Z,140.34,140.352,0.0,7.4,0.0,0.0,0.0,0.0,0.0,0.0,0.0,0.0,1.0,0.0,0.0,0.0,9.0,4.0,0.0,0.0,0.0,0.0,0.0,0.0,0.0,0.0,2.0,12.0,1.0,12.18,5.0200000000000005,2.5,1.5,0.0,0.0,0.0,0.4,0.0,0.4,0.6000000000000001,-0.7000000000000001,-169.70000000000002,0.0,0.0,169.8,0.0,21.0,30.5,30.5,31.200000000000003,300.0,300.0,31.0,34.9,30.200000000000003,29.5,31.3,4.95,1.99,4.96,0.16,0.0,0.0,1027.0,8228.0,0.0,0.0,0.0,0.0,0.0,1.0,0.0,0.0,0.0,0.0,0.0,0.1,0.0,0.7000000000000001,0.0,0.0,16.0,25903.0
2026-07-30T18:59:30.868Z,140.351,140.364,0.0,7.4,0.0,0.0,0.0,0.0,0.0,0.0,0.0,0.0,1.0,0.0,0.0,0.0,9.0,4.0,0.0,0.0,0.0,0.0,0.0,0.0,0.0,0.0,3.0,12.0,1.0,12.18,5.0200000000000005,2.5,1.5,0.0,0.0,0.0,0.4,0.0,-0.1,0.0,-0.2,-169.70000000000002,0.0,0.0,169.8,0.0,21.0,30.5,30.5,31.200000000000003,300.0,300.0,31.0,34.9,30.200000000000003,29.5,31.3,4.95,1.99,4.96,0.16,0.0,0.0,1027.0,8228.0,0.0,0.0,0.0,0.0,0.0,1.0,0.0,0.0,0.0,0.0,0.0,0.0,0.0,0.2,0.0,0.0001,16.0,25903.0
2026-07-30T18:59:30.880Z,140.363,140.376,0.0,7.4,0.0,0.0,0.0,0.0,0.0,0.0,0.0,0.0,1.0,0.0,0.0,0.0,9.0,4.0,0.0,0.0,0.0,0.0,0.0,0.0,0.0,0.0,4.0,12.0,1.0,12.18,5.0200000000000005,2.5,1.5,0.0,0.1,0.0,0.4,0.0,-0.1,-1.1,-0.2,-169.70000000000002,0.0,0.0,169.8,0.0,21.0,30.5,30.5,31.200000000000003,300.0,300.0,31.0,34.9,30.200000000000003,29.5,31.3,4.95,1.99,4.96,0.16,0.0,0.0,1027.0,8228.0,0.0,0.0,0.0,0.0,0.0,1.0,0.0,0.0,0.0,0.0,0.0,-1.4,0.0,0.0,0.0,0.0001,16.0,25903.0
2026-07-30T18:59:30.892Z,140.375,140.388,0.0,7.4,0.0,0.0,0.0,0.0,0.0,0.0,0.0,0.0,1.0,0.0,0.0,0.0,9.0,4.0,0.0,0.0,0.0,0.0,0.0,0.0,0.0,0.0,5.0,12.0,1.0,12.18,5.0200000000000005,2.5,1.5,0.0,0.0,0.0,0.4,0.0,-0.1,-0.5,-0.2,-169.70000000000002,0.0,0.0,169.8,0.0,21.0,30.5,30.5,31.200000000000003,300.0,300.0,31.0,34.9,30.200000000000003,29.5,31.3,4.95,1.99,4.97,0.16,0.0,0.0,1027.0,8228.0,0.0,0.0,0.0,0.0,0.0,1.0,0.0,0.0,0.0,0.0,0.0,-0.8,0.0,0.1,0.0,0.0001,16.0,25903.0
2026-07-30T18:59:30.904Z,140.387,140.4,0.0,7.4,0.0,0.0,0.0,0.0,0.0,0.0,0.0,0.0,1.0,0.0,0.0,0.0,9.0,4.0,0.0,0.0,0.0,0.0,0.0,0.0,0.0,0.0,5.0,12.0,1.0,12.18,5.0200000000000005,2.5,1.5,0.0,0.0,0.0,0.4,0.0,-0.1,0.0,-0.2,-169.70000000000002,0.0,0.0,169.8,0.0,21.0,30.5,30.5,31.200000000000003,300.0,300.0,31.0,34.9,30.200000000000003,29.5,31.3,4.95,1.99,4.97,0.16,0.0,0.0,1027.0,8228.0,0.0,0.0,0.0,0.0,0.0,1.0,0.0,0.0,0.0,0.0,0.0,-0.1,0.0,0.2,0.0,0.0,16.0,25903.0
2026-07-30T18:59:30.916Z,140.399,140.412,0.0,7.4,0.0,0.0,0.0,0.0,0.0,0.0,0.0,0.0,1.0,0.0,0.0,0.0,9.0,4.0,0.0,0.0,0.0,0.0,0.0,0.0,0.0,0.0,1.0,12.0,1.0,12.18,5.0200000000000005,2.5,1.5,0.0,0.0,0.0,0.4,0.0,0.4,-0.5,-0.8,-169.70000000000002,0.0,0.0,169.8,0.0,21.0,30.5,30.5,31.200000000000003,300.0,300.0,31.0,34.9,30.200000000000003,29.5,31.3,4.96,1.99,4.96,0.16,0.0,0.0,1027.0,8228.0,0.0,0.0,0.0,0.0,0.0,1.0,0.0,0.0,0.0,0.0,0.0,-1.2000000000000002,0.0,0.6000000000000001,0.0,0.0,16.0,25903.0
2026-07-30T18:59:30.928Z,140.411,140.424,0.0,7.4,0.0,0.0,0.0,0.0,0.0,0.0,0.0,0.0,1.0,0.0,0.0,0.0,9.0,4.0,0.0,0.0,0.0,0.0,0.0,0.0,0.0,0.0,2.0,12.0,1.0,12.18,5.0200000000000005,2.5,1.5,0.0,0.0,0.0,0.4,0.0,-0.1,0.0,0.3,-169.70000000000002,0.0,0.0,169.70000000000002,0.0,21.0,30.5,30.5,31.200000000000003,300.0,300.0,31.0,34.9,30.200000000000003,29.5,31.3,4.95,1.99,4.97,0.16,0.0,0.0,1027.0,8228.0,0.0,0.0,0.0,0.0,0.0,1.0,0.0,0.0,0.0,0.0,0.0,0.2,0.0,-0.2,0.0,0.0001,16.0,25903.0
2026-07-30T18:59:30.940Z,140.423,140.436,0.0,7.4,0.0,0.0,0.0,0.0,0.0,0.0,0.0,0.0,1.0,0.0,0.0,0.0,9.0,4.0,0.0,0.0,0.0,0.0,0.0,0.0,0.0,0.0,3.0,12.0,1.0,12.18,5.0200000000000005,2.5,1.5,0.0,0.0,0.0,0.4,0.0,0.3,0.0,-0.8,-169.70000000000002,0.0,0.0,169.8,0.0,21.0,30.5,30.5,31.200000000000003,300.0,300.0,31.0,34.9,30.200000000000003,29.5,31.3,4.95,2.0,4.97,0.16,0.0,0.0,1027.0,8228.0,0.0,0.0,0.0,0.0,0.0,1.0,0.0,0.0,0.0,0.0,0.0,-0.6000000000000001,0.0,0.7000000000000001,0.0,0.0,16.0,25903.0
2026-07-30T18:59:30.952Z,140.435,140.448,0.0,7.4,0.0,0.0,0.0,0.0,0.0,0.0,0.0,0.0,1.0,0.0,0.0,0.0,9.0,4.0,0.0,0.0,0.0,0.0,0.0,0.0,0.0,0.0,3.0,12.0,1.0,12.18,5.0200000000000005,2.5,1.5,0.0,0.0,0.0,0.4,0.0,-0.8,-0.5,-0.3,-169.70000000000002,0.0,0.0,169.70000000000002,0.0,21.0,30.5,30.5,31.200000000000003,300.0,300.0,31.0,34.9,30.200000000000003,29.5,31.3,4.95,2.0,4.97,0.16,0.0,0.0,1027.0,8228.0,0.0,0.0,0.0,0.0,0.0,1.0,0.0,0.0,0.0,0.0,0.0,-0.9,0.0,0.1,0.0,0.0,16.0,25903.0
2026-07-30T18:59:30.964Z,140.447,140.46,0.0,7.4,0.0,0.0,0.0,0.0,0.0,0.0,0.0,0.0,1.0,0.0,0.0,0.0,9.0,4.0,0.0,0.0,0.0,0.0,0.0,0.0,0.0,0.0,5.0,12.0,1.0,12.17,5.01,2.51,1.49,0.0,0.0,0.0,0.4,0.0,0.9,0.0,-0.3,-169.70000000000002,0.0,0.0,169.8,0.0,21.9,30.5,30.5,31.200000000000003,300.0,300.0,30.9,34.9,30.200000000000003,29.5,31.3,4.95,2.0,4.96,0.16,0.0,0.0,1027.0,8228.0,0.0,0.0,0.0,0.0,0.0,1.0,0.0,0.0,0.0,0.0,0.0,-0.1,0.0,0.2,0.0,0.0001,16.0,25903.0
2026-07-30T18:59:30.976Z,140.459,140.472,0.0,7.4,0.0,0.0,0.0,0.0,0.0,0.0,0.0,0.0,1.0,0.0,0.0,0.0,9.0,4.0,0.0,0.0,0.0,0.0,0.0,0.0,0.0,0.0,6.0,12.0,1.0,12.17,5.01,2.51,1.49,0.0,0.0,0.0,0.4,0.0,-0.2,0.6000000000000001,1.4,-169.70000000000002,0.0,0.0,169.8,0.0,21.9,30.5,30.5,31.200000000000003,300.0,300.0,30.9,34.9,30.200000000000003,29.5,31.3,4.95,1.99,4.97,0.16,0.0,0.0,1027.0,8228.0,0.0,0.0,0.0,0.0,0.0,1.0,0.0,0.0,0.0,0.0,0.0,1.8,0.0,-1.1,0.0,0.0001,16.0,25903.0
2026-07-30T18:59:30.991Z,140.474,140.484,0.0,7.4,0.0,0.0,0.0,0.0,0.0,0.0,0.0,0.0,1.0,0.0,0.0,0.0,9.0,4.0,0.0,0.0,0.0,0.0,0.0,0.0,0.0,0.0,1.0,12.0,1.0,12.17,5.01,2.51,1.49,0.0,0.1,0.0,0.4,0.0,-0.2,0.6000000000000001,0.3,-169.70000000000002,0.0,0.0,169.70000000000002,0.0,21.9,30.5,30.5,31.200000000000003,300.0,300.0,30.9,34.9,30.200000000000003,29.5,31.3,4.95,1.99,4.96,0.16,0.0,0.0,1027.0,8228.0,0.0,0.0,0.0,0.0,0.0,1.0,0.0,0.0,0.0,0.0,0.0,0.9,0.0,-0.1,0.0,0.0001,16.0,25903.0
2026-07-30T18:59:31.000Z,140.483,140.496,0.0,7.4,0.0,0.0,0.0,0.0,0.0,0.0,0.0,0.0,1.0,0.0,0.0,0.0,9.0,4.0,0.0,0.0,0.0,0.0,0.0,0.0,0.0,0.0,4.0,12.0,1.0,12.17,5.01,2.51,1.49,0.0,0.0,0.0,0.4,0.0,0.3,0.0,-1.4,-169.70000000000002,0.0,0.0,169.70000000000002,0.0,21.9,30.5,30.5,31.200000000000003,300.0,300.0,30.9,34.9,30.200000000000003,29.5,31.3,4.96,1.99,4.96,0.16,0.0,0.0,1027.0,8228.0,0.0,0.0,0.0,0.0,0.0,1.0,0.0,0.0,0.0,0.0,0.0,-0.9,0.0,1.2000000000000002,0.0,0.0001,16.0,25903.0
2026-07-30T18:59:31.011Z,140.494,140.508,0.0,7.4,0.0,0.0,0.0,0.0,0.0,0.0,0.0,0.0,1.0,0.0,0.0,0.0,9.0,4.0,0.0,0.0,0.0,0.0,0.0,0.0,0.0,0.0,5.0,12.0,1.0,12.17,5.01,2.51,1.49,0.0,0.0,0.0,0.4,0.0,0.3,0.1,0.3,-169.70000000000002,0.0,0.0,169.60000000000002,0.0,21.9,30.5,30.5,31.200000000000003,300.0,300.0,30.9,34.9,30.200000000000003,29.5,31.3,4.95,1.99,4.97,0.16,0.0,0.0,1027.0,8228.0,0.0,0.0,0.0,0.0,0.0,1.0,0.0,0.0,0.0,0.0,0.0,0.4,0.0,-0.3,0.0,0.0001,16.0,25903.0
2026-07-30T18:59:31.024Z,140.507,140.52,0.0,7.4,0.0,0.0,0.0,0.0,0.0,0.0,0.0,0.0,1.0,0.0,0.0,0.0,9.0,4.0,0.0,0.0,0.0,0.0,0.0,0.0,0.0,0.0,6.0,12.0,1.0,12.17,5.01,2.51,1.49,0.0,0.0,0.0,0.4,0.0,0.3,0.1,-0.2,-169.70000000000002,0.0,0.0,169.70000000000002,0.0,21.9,30.5,30.5,31.200000000000003,300.0,300.0,30.9,34.9,30.200000000000003,29.5,31.3,4.97,2.0,4.97,0.16,0.0,0.0,1027.0,8228.0,0.0,0.0,0.0,0.0,0.0,1.0,0.0,0.0,0.0,0.0,0.0,0.0,0.0,0.2,0.0,0.0001,16.0,25903.0
2026-07-30T18:59:31.036Z,140.519,140.532,0.0,7.4,0.0,0.0,0.0,0.0,0.0,0.0,0.0,0.0,1.0,0.0,0.0,0.0,9.0,4.0,0.0,0.0,0.0,0.0,0.0,0.0,0.0,0.0,1.0,12.0,1.0,12.17,5.01,2.51,1.49,0.0,0.1,0.0,0.4,0.0,0.3,0.7000000000000001,1.0,-169.70000000000002,0.0,0.0,169.70000000000002,0.0,21.9,30.5,30.5,31.200000000000003,300.0,300.0,30.9,34.9,30.200000000000003,29.5,31.3,4.97,1.99,4.97,0.16,0.0,0.0,1027.0,8228.0,0.0,0.0,0.0,0.0,0.0,1.0,0.0,0.0,0.0,0.0,0.0,1.5,0.0,-0.7000000000000001,0.0,0.0,16.0,25903.0
2026-07-30T18:59:31.047Z,140.53,140.544,0.0,7.4,0.0,0.0,0.0,0.0,0.0,0.0,0.0,0.0,1.0,0.0,0.0,0.0,9.0,4.0,0.0,0.0,0.0,0.0,0.0,0.0,0.0,0.0,2.0,12.0,1.0,12.17,5.01,2.51,1.49,0.0,0.0,0.0,0.4,0.0,0.3,1.3,-0.1,-169.70000000000002,0.0,0.0,169.8,0.0,21.9,30.5,30.5,31.200000000000003,300.0,300.0,30.9,34.9,30.200000000000003,29.5,31.3,4.95,1.99,4.97,0.16,0.0,0.0,1027.0,8228.0,0.0,0.0,0.0,0.0,0.0,1.0,0.0,0.0,0.0,0.0,0.0,1.3,0.0,0.3,0.0,0.0,16.0,25903.0
2026-07-30T18:59:31.061Z,140.544,140.556,0.0,7.4,0.0,0.0,0.0,0.0,0.0,0.0,0.0,0.0,1.0,0.0,0.0,0.0,9.0,4.0,0.0,0.0,0.0,0.0,0.0,0.0,0.0,0.0,3.0,12.0,1.0,12.17,5.0200000000000005,2.51,1.49,0.0,0.0,0.0,0.4,0.0,-0.2,0.1,0.9,-169.70000000000002,0.0,0.0,169.8,0.0,21.3,30.5,30.5,31.200000000000003,300.0,300.0,30.9,34.9,30.200000000000003,29.5,31.3,4.95,1.99,4.97,0.16,0.0,0.0,1027.0,8228.0,0.0,0.0,0.0,0.0,0.0,1.0,0.0,0.0,0.0,0.0,0.0,0.9,0.0,-0.8,0.0,0.0001,16.0,25903.0
2026-07-30T18:59:31.072Z,140.555,140.568,0.0,7.4,0.0,0.0,0.0,0.0,0.0,0.0,0.0,0.0,1.0,0.0,0.0,0.0,9.0,4.0,0.0,0.0,0.0,0.0,0.0,0.0,0.0,0.0,4.0,12.0,1.0,12.17,5.0200000000000005,2.51,1.49,0.0,0.0,0.0,0.4,0.0,-0.7000000000000001,-0.9,-0.7000000000000001,-169.70000000000002,0.0,0.0,169.8,0.0,21.3,30.5,30.5,31.200000000000003,300.0,300.0,30.9,34.9,30.200000000000003,29.5,31.3,4.96,1.99,4.96,0.16,0.0,0.0,1027.0,8228.0,0.0,0.0,0.0,0.0,0.0,1.0,0.0,0.0,0.0,0.0,0.0,-1.6,0.0,0.4,0.0,0.0001,16.0,25903.0
2026-07-30T18:59:31.084Z,140.567,140.58,0.0,7.4,0.0,0.0,0.0,0.0,0.0,0.0,0.0,0.0,1.0,0.0,0.0,0.0,9.0,4.0,0.0,0.0,0.0,0.0,0.0,0.0,0.0,0.0,5.0,12.0,1.0,12.17,5.0200000000000005,2.51,1.49,0.0,0.0,0.0,0.5,0.0,0.4,0.7000000000000001,1.0,-169.70000000000002,0.0,0.0,169.8,0.0,21.3,30.5,30.5,31.200000000000003,300.0,300.0,30.9,34.9,30.200000000000003,29.5,31.3,4.96,1.99,4.97,0.16,0.0,0.0,1027.0,8228.0,0.0,0.0,0.0,0.0,0.0,1.0,0.0,0.0,0.0,0.0,0.0,1.6,0.0,-0.7000000000000001,0.0,0.0002,16.0,25903.0
2026-07-30T18:59:31.096Z,140.579,140.592,0.0,7.4,0.0,0.0,0.0,0.0,0.0,0.0,0.0,0.0,1.0,0.0,0.0,0.0,9.0,4.0,0.0,0.0,0.0,0.0,0.0,0.0,0.0,0.0,1.0,12.0,1.0,12.17,5.0200000000000005,2.51,1.49,0.0,0.0,0.0,0.4,0.0,0.3,1.3,-0.6000000000000001,-169.70000000000002,0.0,0.0,169.8,0.0,21.3,30.5,30.5,31.200000000000003,300.0,300.0,30.9,34.9,30.200000000000003,29.5,31.3,4.95,2.0,4.97,0.16,0.0,0.0,1027.0,8228.0,0.0,0.0,0.0,0.0,0.0,1.0,0.0,0.0,0.0,0.0,0.0,1.0,0.0,0.8,0.0,0.0,16.0,25903.0
2026-07-30T18:59:31.108Z,140.591,140.604,0.0,7.4,0.0,0.0,0.0,0.0,0.0,0.0,0.0,0.0,1.0,0.0,0.0,0.0,9.0,4.0,0.0,0.0,0.0,0.0,0.0,0.0,0.0,0.0,2.0,12.0,1.0,12.17,5.0200000000000005,2.51,1.49,0.0,0.0,0.0,0.4,0.0,0.3,-0.3,0.0,-169.70000000000002,0.0,0.0,169.8,0.0,21.3,30.5,30.5,31.200000000000003,300.0,300.0,30.9,34.9,30.200000000000003,29.5,31.3,4.96,2.0,4.96,0.16,0.0,0.0,1027.0,8228.0,0.0,0.0,0.0,0.0,0.0,1.0,0.0,0.0,0.0,0.0,0.0,-0.4,0.0,0.0,0.0,0.0,16.0,25903.0
2026-07-30T18:59:31.120Z,140.603,140.616,0.0,7.4,0.0,0.0,0.0,0.0,0.0,0.0,0.0,0.0,1.0,0.0,0.0,0.0,9.0,4.0,0.0,0.0,0.0,0.0,0.0,0.0,0.0,0.0,3.0,12.0,1.0,12.17,5.0200000000000005,2.51,1.49,0.0,0.0,0.0,0.4,0.0,0.9,0.1,0.0,-169.70000000000002,0.0,0.0,169.70000000000002,0.0,21.3,30.5,30.5,31.200000000000003,300.0,300.0,30.9,34.9,30.200000000000003,29.5,31.3,4.95,1.99,4.96,0.16,0.0,0.0,1027.0,8228.0,0.0,0.0,0.0,0.0,0.0,1.0,0.0,0.0,0.0,0.0,0.0,0.1,0.0,0.1,0.0,0.0001,16.0,25903.0
2026-07-30T18:59:31.132Z,140.615,140.628,0.0,7.4,0.0,0.0,0.0,0.0,0.0,0.0,0.0,0.0,1.0,0.0,0.0,0.0,9.0,4.0,0.0,0.0,0.0,0.0,0.0,0.0,0.0,0.0,4.0,12.0,1.0,12.17,5.0200000000000005,2.51,1.49,0.0,0.1,0.0,0.4,0.0,-0.2,0.7000000000000001,0.0,-169.70000000000002,0.0,0.0,169.70000000000002,0.0,21.3,30.5,30.5,31.200000000000003,300.0,300.0,30.9,34.9,30.200000000000003,29.5,31.3,4.95,1.99,4.97,0.16,0.0,0.0,1027.0,8228.0,0.0,0.0,0.0,0.0,0.0,1.0,0.0,0.0,0.0,0.0,0.0,0.8,0.0,0.2,0.0,0.0002,16.0,25903.0
2026-07-30T18:59:31.144Z,140.627,140.64,0.0,7.4,0.0,0.0,0.0,0.0,0.0,0.0,0.0,0.0,1.0,0.0,0.0,0.0,9.0,4.0,0.0,0.0,0.0,0.0,0.0,0.0,0.0,0.0,5.0,12.0,1.0,12.17,5.0200000000000005,2.51,1.49,0.0,0.0,0.0,0.4,0.0,0.3,0.2,2.3000000000000003,-169.70000000000002,0.0,0.0,169.70000000000002,0.0,21.3,30.5,30.5,31.200000000000003,300.0,300.0,30.9,34.9,30.200000000000003,29.5,31.3,4.95,2.0,4.97,0.16,0.0,0.0,1027.0,8228.0,0.0,0.0,0.0,0.0,0.0,1.0,0.0,0.0,0.0,0.0,0.0,-0.4,0.0,0.0,0.0,0.0,16.0,25903.0
2026-07-30T18:59:31.156Z,140.639,140.65200000000002,0.0,7.4,0.0,0.0,0.0,0.0,0.0,0.0,0.0,0.0,1.0,0.0,0.0,0.0,9.0,4.0,0.0,0.0,0.0,0.0,0.0,0.0,0.0,0.0,6.0,12.0,1.0,12.17,5.0200000000000005,2.51,1.49,0.0,0.0,0.0,0.4,0.0,-0.2,-0.3,1.1,-169.70000000000002,0.0,0.0,169.70000000000002,0.0,21.3,30.5,30.5,31.200000000000003,300.0,300.0,30.9,34.9,30.200000000000003,29.5,31.3,4.96,2.0,4.96,0.16,0.0,0.0,1027.0,8228.0,0.0,0.0,0.0,0.0,0.0,1.0,0.0,0.0,0.0,0.0,0.0,0.1,0.0,0.1,0.0,0.0001,16.0,25903.0
2026-07-30T18:59:31.168Z,140.651,140.66400000000002,0.0,7.4,0.0,0.0,0.0,0.0,0.0,0.0,0.0,0.0,1.0,0.0,0.0,0.0,9.0,4.0,0.0,0.0,0.0,0.0,0.0,0.0,0.0,0.0,1.0,12.0,1.0,12.18,5.01,2.5,1.49,0.0,0.1,0.0,0.4,0.0,-0.8,-0.9,0.0,-169.70000000000002,0.0,0.0,169.8,0.0,21.4,30.5,30.5,31.200000000000003,300.0,300.0,30.8,34.9,30.200000000000003,29.6,31.3,4.95,1.99,4.97,0.16,0.0,0.0,1027.0,8228.0,0.0,0.0,0.0,0.0,0.0,1.0,0.0,0.0,0.0,0.0,0.0,0.6000000000000001,0.0,-0.4,0.0,0.0,16.0,25903.0
2026-07-30T18:59:31.180Z,140.663,140.67600000000002,0.0,7.4,0.0,0.0,0.0,0.0,0.0,0.0,0.0,0.0,1.0,0.0,0.0,0.0,9.0,4.0,0.0,0.0,0.0,0.0,0.0,0.0,0.0,0.0,2.0,12.0,1.0,12.18,5.01,2.5,1.49,0.0,0.0,0.0,0.5,0.0,-0.3,-0.4,-0.1,-169.70000000000002,0.0,0.0,169.8,0.0,21.4,30.5,30.5,31.200000000000003,300.0,300.0,30.8,34.9,30.200000000000003,29.6,31.3,4.95,1.99,4.96,0.16,0.0,0.0,1027.0,8228.0,0.0,0.0,0.0,0.0,0.0,1.0,0.0,0.0,0.0,0.0,0.0,-0.5,0.0,0.0,0.0,0.0001,16.0,25903.0
2026-07-30T18:59:31.191Z,140.674,140.68800000000002,0.0,7.4,0.0,0.0,0.0,0.0,0.0,0.0,0.0,0.0,1.0,0.0,0.0,0.0,9.0,4.0,0.0,0.0,0.0,0.0,0.0,0.0,0.0,0.0,4.0,12.0,1.0,12.18,5.01,2.5,1.49,0.0,0.0,0.0,0.4,0.0,-0.2,-0.4,-0.1,-169.70000000000002,0.0,0.0,169.70000000000002,0.0,21.4,30.5,30.5,31.200000000000003,300.0,300.0,30.8,34.9,30.200000000000003,29.6,31.3,4.96,2.0,4.96,0.16,0.0,0.0,1027.0,8228.0,0.0,0.0,0.0,0.0,0.0,1.0,0.0,0.0,0.0,0.0,0.0,-0.5,0.0,0.0,0.0,0.0002,16.0,25903.0
2026-07-30T18:59:31.204Z,140.687,140.70000000000002,0.0,7.4,0.0,0.0,0.0,0.0,0.0,0.0,0.0,0.0,1.0,0.0,0.0,0.0,9.0,4.0,0.0,0.0,0.0,0.0,0.0,0.0,0.0,0.0,5.0,12.0,1.0,12.18,5.01,2.5,1.49,0.0,0.0,0.0,0.4,0.0,0.8,-0.4,0.5,-169.70000000000002,0.0,0.0,169.70000000000002,0.0,21.4,30.5,30.5,31.200000000000003,300.0,300.0,30.8,34.9,30.200000000000003,29.6,31.3,4.95,2.0,4.96,0.16,0.0,0.0,1027.0,8228.0,0.0,0.0,0.0,0.0,0.0,1.0,0.0,0.0,0.0,0.0,0.0,0.0,0.0,-0.5,0.0,0.0,16.0,25903.0
2026-07-30T18:59:31.215Z,140.698,140.712,0.0,7.4,0.0,0.0,0.0,0.0,0.0,0.0,0.0,0.0,1.0,0.0,0.0,0.0,9.0,4.0,0.0,0.0,0.0,0.0,0.0,0.0,0.0,0.0,1.0,12.0,1.0,12.18,5.01,2.5,1.49,0.0,0.0,0.0,0.4,0.0,-0.2,-1.0,0.5,-169.70000000000002,0.0,0.0,169.70000000000002,0.0,21.4,30.5,30.5,31.200000000000003,300.0,300.0,30.8,34.9,30.200000000000003,29.6,31.3,4.95,1.99,4.97,0.16,0.0,0.0,1027.0,8228.0,0.0,0.0,0.0,0.0,0.0,1.0,0.0,0.0,0.0,0.0,0.0,-0.7000000000000001,0.0,-0.6000000000000001,0.0,0.0,16.0,25903.0
2026-07-30T18:59:31.228Z,140.711,140.724,0.0,7.4,0.0,0.0,0.0,0.0,0.0,0.0,0.0,0.0,1.0,0.0,0.0,0.0,9.0,4.0,0.0,0.0,0.0,0.0,0.0,0.0,0.0,0.0,2.0,12.0,1.0,12.18,5.01,2.5,1.49,0.0,0.1,0.0,0.4,0.0,-0.3,0.1,-0.1,-169.70000000000002,0.0,0.0,169.70000000000002,0.0,21.4,30.5,30.5,31.200000000000003,300.0,300.0,30.8,34.9,30.200000000000003,29.6,31.3,4.95,1.99,4.96,0.16,0.0,0.0,1027.0,8228.0,0.0,0.0,0.0,0.0,0.0,1.0,0.0,0.0,0.0,0.0,0.0,0.0,0.0,0.1,0.0,0.0001,16.0,25903.0
2026-07-30T18:59:31.240Z,140.723,140.736,0.0,7.4,0.0,0.0,0.0,0.0,0.0,0.0,0.0,0.0,1.0,0.0,0.0,0.0,9.0,4.0,0.0,0.0,0.0,0.0,0.0,0.0,0.0,0.0,4.0,12.0,1.0,12.18,5.01,2.5,1.49,0.0,0.1,0.0,0.4,0.0,-0.2,-0.4,-0.1,-169.70000000000002,0.0,0.0,169.60000000000002,0.0,21.4,30.5,30.5,31.200000000000003,300.0,300.0,30.8,34.9,30.200000000000003,29.6,31.3,4.96,1.99,4.96,0.16,0.0,0.0,1027.0,8228.0,0.0,0.0,0.0,0.0,0.0,1.0,0.0,0.0,0.0,0.0,0.0,-0.5,0.0,0.0,0.0,0.0,16.0,25903.0
2026-07-30T18:59:31.252Z,140.735,140.748,0.0,7.4,0.0,0.0,0.0,0.0,0.0,0.0,0.0,0.0,1.0,0.0,0.0,0.0,9.0,4.0,0.0,0.0,0.0,0.0,0.0,0.0,0.0,0.0,6.0,12.0,1.0,12.18,5.01,2.5,1.49,0.0,0.0,0.0,0.4,0.0,-0.2,0.2,-0.6000000000000001,-169.70000000000002,0.0,0.0,169.70000000000002,0.0,21.4,30.5,30.5,31.200000000000003,300.0,300.0,30.8,34.9,30.200000000000003,29.6,31.3,4.95,1.99,4.97,0.16,0.0,0.0,1027.0,8228.0,0.0,0.0,0.0,0.0,0.0,1.0,0.0,0.0,0.0,0.0,0.0,-0.2,0.0,0.6000000000000001,0.0,0.0002,16.0,25903.0
2026-07-30T18:59:31.265Z,140.748,140.76,0.0,7.4,0.0,0.0,0.0,0.0,0.0,0.0,0.0,0.0,1.0,0.0,0.0,0.0,9.0,4.0,0.0,0.0,0.0,0.0,0.0,0.0,0.0,0.0,1.0,12.0,1.0,12.15,5.01,2.5,1.49,0.0,0.0,0.0,0.5,0.0,-0.2,0.8,-0.6000000000000001,-169.70000000000002,0.0,0.0,169.70000000000002,0.0,21.200000000000003,30.5,30.5,31.200000000000003,300.0,300.0,30.8,34.9,30.200000000000003,29.5,31.3,4.96,1.99,4.96,0.16,0.0,0.0,1027.0,8228.0,0.0,0.0,0.0,0.0,0.0,1.0,0.0,0.0,0.0,0.0,0.0,0.4,0.0,0.7000000000000001,0.0,0.0001,16.0,25903.0
2026-07-30T18:59:31.276Z,140.759,140.772,0.0,7.4,0.0,0.0,0.0,0.0,0.0,0.0,0.0,0.0,1.0,0.0,0.0,0.0,9.0,4.0,0.0,0.0,0.0,0.0,0.0,0.0,0.0,0.0,2.0,12.0,1.0,12.15,5.01,2.5,1.49,0.0,0.1,0.0,0.4,0.0,-0.2,1.3,-0.1,-169.70000000000002,0.0,0.0,169.60000000000002,0.0,21.200000000000003,30.5,30.5,31.200000000000003,300.0,300.0,30.8,34.9,30.200000000000003,29.5,31.3,4.96,1.99,4.97,0.16,0.0,0.0,1027.0,8228.0,0.0,0.0,0.0,0.0,0.0,1.0,0.0,0.0,0.0,0.0,0.0,1.4,0.0,0.3,0.0,0.0001,16.0,25903.0
2026-07-30T18:59:31.288Z,140.771,140.784,0.0,7.4,0.0,0.0,0.0,0.0,0.0,0.0,0.0,0.0,1.0,0.0,0.0,0.0,9.0,4.0,0.0,0.0,0.0,0.0,0.0,0.0,0.0,0.0,4.0,12.0,1.0,12.15,5.01,2.5,1.49,0.0,0.0,0.0,0.4,0.0,0.8,0.1,1.0,-169.70000000000002,0.0,0.0,169.60000000000002,0.0,21.200000000000003,30.5,30.5,31.200000000000003,300.0,300.0,30.8,34.9,30.200000000000003,29.5,31.3,4.96,1.99,4.97,0.16,0.0,0.0,1027.0,8228.0,0.0,0.0,0.0,0.0,0.0,1.0,0.0,0.0,0.0,0.0,0.0,1.0,0.0,-0.9,0.0,0.0002,16.0,25903.0
2026-07-30T18:59:31.309Z,140.792,140.796,0.0,7.4,0.0,0.0,0.0,0.0,0.0,0.0,0.0,0.0,1.0,0.0,0.0,0.0,9.0,4.0,0.0,0.0,0.0,0.0,0.0,0.0,0.0,0.0,6.0,12.0,1.0,12.15,5.01,2.5,1.49,0.0,0.0,0.0,0.5,0.0,0.3,1.9,1.0,-169.70000000000002,0.0,0.0,169.8,0.0,21.200000000000003,30.5,30.5,31.200000000000003,300.0,300.0,30.8,34.9,30.200000000000003,29.5,31.3,4.95,1.99,4.97,0.16,0.0,0.0,1027.0,8228.0,0.0,0.0,0.0,0.0,0.0,1.0,0.0,0.0,0.0,0.0,0.0,3.0,0.0,-0.5,0.0,0.0,16.0,25903.0
2026-07-30T18:59:31.313Z,140.796,140.808,0.0,7.4,0.0,0.0,0.0,0.0,0.0,0.0,0.0,0.0,1.0,0.0,0.0,0.0,9.0,4.0,0.0,0.0,0.0,0.0,0.0,0.0,0.0,0.0,4.0,12.0,1.0,12.15,5.01,2.5,1.49,0.0,0.0,0.0,0.4,0.0,0.9,0.1,-0.1,-169.70000000000002,0.0,0.0,169.70000000000002,0.0,21.200000000000003,30.5,30.5,31.200000000000003,300.0,300.0,30.8,34.9,30.200000000000003,29.5,31.3,4.96,1.99,4.96,0.16,0.0,0.0,1027.0,8228.0,0.0,0.0,0.0,0.0,0.0,1.0,0.0,0.0,0.0,0.0,0.0,0.0,0.0,0.1,0.0,0.0002,16.0,25903.0
2026-07-30T18:59:31.324Z,140.807,140.82,0.0,7.4,0.0,0.0,0.0,0.0,0.0,0.0,0.0,0.0,1.0,0.0,0.0,0.0,9.0,4.0,0.0,0.0,0.0,0.0,0.0,0.0,0.0,0.0,3.0,12.0,1.0,12.15,5.01,2.5,1.49,0.0,0.0,0.0,0.5,0.0,0.3,0.1,2.1,-169.70000000000002,0.0,0.0,169.8,0.0,21.200000000000003,30.5,30.5,31.200000000000003,300.0,300.0,30.8,34.9,30.200000000000003,29.5,31.3,4.96,1.99,4.97,0.16,0.0,0.0,1027.0,8228.0,0.0,0.0,0.0,0.0,0.0,1.0,0.0,0.0,0.0,0.0,0.0,1.7000000000000002,0.0,-1.9,0.0,0.0001,16.0,25903.0
2026-07-30T18:59:31.336Z,140.819,140.832,0.0,7.4,0.0,0.0,0.0,0.0,0.0,0.0,0.0,0.0,1.0,0.0,0.0,0.0,9.0,4.0,0.0,0.0,0.0,0.0,0.0,0.0,0.0,0.0,5.0,12.0,1.0,12.15,5.01,2.5,1.49,0.0,0.0,0.0,0.4,0.0,-0.7000000000000001,1.3,0.4,-169.70000000000002,0.0,0.0,169.70000000000002,0.0,21.200000000000003,30.5,30.5,31.200000000000003,300.0,300.0,30.8,34.9,30.200000000000003,29.5,31.3,4.95,1.99,4.97,0.16,0.0,0.0,1027.0,8228.0,0.0,0.0,0.0,0.0,0.0,1.0,0.0,0.0,0.0,0.0,0.0,1.8,0.0,-0.1,0.0,0.0001,16.0,25903.0
2026-07-30T18:59:31.347Z,140.83,140.844,0.0,7.4,0.0,0.0,0.0,0.0,0.0,0.0,0.0,0.0,1.0,0.0,0.0,0.0,9.0,4.0,0.0,0.0,0.0,0.0,0.0,0.0,0.0,0.0,6.0,12.0,1.0,12.15,5.01,2.5,1.49,0.0,0.0,0.0,0.4,0.0,-0.2,-0.4,-0.6000000000000001,-169.70000000000002,0.0,0.0,169.8,0.0,21.200000000000003,30.5,30.5,31.200000000000003,300.0,300.0,30.8,34.9,30.200000000000003,29.5,31.3,4.96,1.99,4.97,0.16,0.0,0.0,1027.0,8228.0,0.0,0.0,0.0,0.0,0.0,1.0,0.0,0.0,0.0,0.0,0.0,-0.9,0.0,0.4,0.0,0.0002,16.0,25903.0
2026-07-30T18:59:31.359Z,140.842,140.856,0.0,7.4,0.0,0.0,0.0,0.0,0.0,0.0,0.0,0.0,1.0,0.0,0.0,0.0,9.0,4.0,0.0,0.0,0.0,0.0,0.0,0.0,0.0,0.0,1.0,12.0,1.0,12.15,5.01,2.5,1.49,0.0,0.1,0.0,0.4,0.0,0.9,0.1,1.6,-169.70000000000002,0.0,0.0,169.70000000000002,0.0,21.200000000000003,30.5,30.5,31.200000000000003,300.0,300.0,30.8,34.9,30.200000000000003,29.5,31.3,4.95,1.99,4.96,0.16,0.0,0.0,1027.0,8228.0,0.0,0.0,0.0,0.0,0.0,1.0,0.0,0.0,0.0,0.0,0.0,1.4,0.0,-1.4,0.0,0.0,16.0,25903.0
2026-07-30T18:59:31.372Z,140.855,140.868,0.0,7.4,0.0,0.0,0.0,0.0,0.0,0.0,0.0,0.0,1.0,0.0,0.0,0.0,9.0,4.0,0.0,0.0,0.0,0.0,0.0,0.0,0.0,0.0,2.0,12.0,1.0,12.17,5.01,2.5,1.49,0.0,0.1,0.0,0.4,0.0,-0.2,1.2000000000000002,-0.6000000000000001,-169.70000000000002,0.0,0.0,169.60000000000002,0.0,21.700000000000003,30.5,30.5,31.200000000000003,300.0,300.0,30.8,34.9,30.200000000000003,29.5,31.3,4.95,1.99,4.97,0.16,0.0,0.0,1027.0,8228.0,0.0,0.0,0.0,0.0,0.0,1.0,0.0,0.0,0.0,0.0,0.0,0.9,0.0,0.8,0.0,0.0001,16.0,25903.0
2026-07-30T18:59:31.383Z,140.866,140.88,0.0,7.4,0.0,0.0,0.0,0.0,0.0,0.0,0.0,0.0,1.0,0.0,0.0,0.0,9.0,4.0,0.0,0.0,0.0,0.0,0.0,0.0,0.0,0.0,4.0,12.0,1.0,12.17,5.01,2.5,1.49,0.0,0.0,0.0,0.4,0.0,-0.7000000000000001,0.0,-0.6000000000000001,-169.70000000000002,0.0,0.0,169.70000000000002,0.0,21.700000000000003,30.5,30.5,31.200000000000003,300.0,300.0,30.8,34.9,30.200000000000003,29.5,31.3,4.95,1.99,4.97,0.16,0.0,0.0,1027.0,8228.0,0.0,0.0,0.0,0.0,0.0,1.0,0.0,0.0,0.0,0.0,0.0,-0.3,0.0,0.5,0.0,0.0001,16.0,25903.0
2026-07-30T18:59:31.396Z,140.879,140.892,0.0,7.4,0.0,0.0,0.0,0.0,0.0,0.0,0.0,0.0,1.0,0.0,0.0,0.0,9.0,4.0,0.0,0.0,0.0,0.0,0.0,0.0,0.0,0.0,5.0,12.0,1.0,12.17,5.01,2.5,1.49,0.0,0.0,0.0,0.4,0.0,-0.7000000000000001,0.7000000000000001,1.0,-169.70000000000002,0.0,0.0,169.70000000000002,0.0,21.700000000000003,30.5,30.5,31.200000000000003,300.0,300.0,30.8,34.9,30.200000000000003,29.5,31.3,4.96,1.99,4.96,0.16,0.0,0.0,1027.0,8228.0,0.0,0.0,0.0,0.0,0.0,1.0,0.0,0.0,0.0,0.0,0.0,1.6,0.0,-0.8,0.0,0.0001,16.0,25903.0
2026-07-30T18:59:31.408Z,140.891,140.904,0.0,7.4,0.0,0.0,0.0,0.0,0.0,0.0,0.0,0.0,1.0,0.0,0.0,0.0,9.0,4.0,0.0,0.0,0.0,0.0,0.0,0.0,0.0,0.0,1.0,12.0,1.0,12.17,5.01,2.5,1.49,0.0,0.0,0.0,0.4,0.0,-0.1,-1.0,0.0,-169.70000000000002,0.0,0.0,169.70000000000002,0.0,21.700000000000003,30.5,30.5,31.200000000000003,300.0,300.0,30.8,34.9,30.200000000000003,29.5,31.3,4.96,1.99,4.97,0.16,0.0,0.0,1027.0,8228.0,0.0,0.0,0.0,0.0,0.0,1.0,0.0,0.0,0.0,0.0,0.0,-1.2000000000000002,0.0,-0.1,0.0,0.0001,16.0,25903.0
2026-07-30T18:59:31.420Z,140.903,140.916,0.0,7.4,0.0,0.0,0.0,0.0,0.0,0.0,0.0,0.0,1.0,0.0,0.0,0.0,9.0,4.0,0.0,0.0,0.0,0.0,0.0,0.0,0.0,0.0,1.0,12.0,1.0,12.17,5.01,2.5,1.49,0.0,0.0,0.0,0.4,0.0,1.0,0.6000000000000001,0.4,-169.70000000000002,0.0,0.0,169.70000000000002,0.0,21.700000000000003,30.5,30.5,31.200000000000003,300.0,300.0,30.8,34.9,30.200000000000003,29.5,31.3,4.96,1.99,4.96,0.16,0.0,0.0,1027.0,8228.0,0.0,0.0,0.0,0.0,0.0,1.0,0.0,0.0,0.0,0.0,0.0,1.1,0.0,-0.2,0.0,0.0,16.0,25903.0
2026-07-30T18:59:31.432Z,140.915,140.928,0.0,7.4,0.0,0.0,0.0,0.0,0.0,0.0,0.0,0.0,1.0,0.0,0.0,0.0,9.0,4.0,0.0,0.0,0.0,0.0,0.0,0.0,0.0,0.0,2.0,12.0,1.0,12.17,5.01,2.5,1.49,0.0,0.1,0.0,0.4,0.0,-0.1,0.7000000000000001,-0.6000000000000001,-169.70000000000002,0.0,0.0,169.8,0.0,21.700000000000003,30.5,30.5,31.200000000000003,300.0,300.0,30.8,34.9,30.200000000000003,29.5,31.3,4.96,2.0,4.96,0.16,0.0,0.0,1027.0,8228.0,0.0,0.0,0.0,0.0,0.0,1.0,0.0,0.0,0.0,0.0,0.0,0.3,0.0,0.7000000000000001,0.0,0.0001,16.0,25903.0
2026-07-30T18:59:31.444Z,140.927,140.94,0.0,7.4,0.0,0.0,0.0,0.0,0.0,0.0,0.0,0.0,1.0,0.0,0.0,0.0,9.0,4.0,0.0,0.0,0.0,0.0,0.0,0.0,0.0,0.0,4.0,12.0,1.0,12.17,5.01,2.5,1.49,-0.1,0.1,0.0,0.4,0.0,-0.1,-0.4,0.0,-169.70000000000002,0.0,0.0,169.70000000000002,0.0,21.700000000000003,30.5,30.5,31.200000000000003,300.0,300.0,30.8,34.9,30.200000000000003,29.5,31.3,4.95,2.0,4.97,0.16,0.0,0.0,1027.0,8228.0,0.0,0.0,0.0,0.0,0.0,1.0,0.0,0.0,0.0,0.0,0.0,-0.5,0.0,0.0,0.0,0.0002,16.0,25903.0
2026-07-30T18:59:31.456Z,140.939,140.952,0.0,7.4,0.0,0.0,0.0,0.0,0.0,0.0,0.0,0.0,1.0,0.0,0.0,0.0,9.0,4.0,0.0,0.0,0.0,0.0,0.0,0.0,0.0,0.0,5.0,12.0,1.0,12.17,5.01,2.5,1.49,0.0,0.0,0.0,0.4,0.0,-0.7000000000000001,-1.0,-0.6000000000000001,-169.70000000000002,0.0,0.0,169.70000000000002,0.0,21.700000000000003,30.5,30.5,31.200000000000003,300.0,300.0,30.8,34.9,30.200000000000003,29.5,31.3,4.96,1.99,4.97,0.16,0.0,0.0,1027.0,8228.0,0.0,0.0,0.0,0.0,0.0,1.0,0.0,0.0,0.0,0.0,0.0,-1.6,0.0,0.3,0.0,0.0001,16.0,25903.0
2026-07-30T18:59:31.469Z,140.952,140.964,0.0,7.4,0.0,0.0,0.0,0.0,0.0,0.0,0.0,0.0,1.0,0.0,0.0,0.0,9.0,4.0,0.0,0.0,0.0,0.0,0.0,0.0,0.0,0.0,6.0,12.0,1.0,12.14,5.01,2.51,1.49,0.0,0.0,0.0,0.4,0.0,-0.1,1.2000000000000002,-0.6000000000000001,-169.70000000000002,0.0,0.0,169.8,0.0,21.700000000000003,30.5,30.5,31.200000000000003,300.0,300.0,30.9,34.9,30.200000000000003,29.5,31.3,4.96,1.99,4.96,0.16,0.0,0.0,1027.0,8228.0,0.0,0.0,0.0,0.0,0.0,1.0,0.0,0.0,0.0,0.0,0.0,0.9,0.0,0.8,0.0,0.0,16.0,25903.0
2026-07-30T18:59:31.480Z,140.963,140.976,0.0,7.4,0.0,0.0,0.0,0.0,0.0,0.0,0.0,0.0,1.0,0.0,0.0,0.0,9.0,4.0,0.0,0.0,0.0,0.0,0.0,0.0,0.0,0.0,6.0,12.0,1.0,12.14,5.01,2.51,1.49,0.0,0.0,0.0,0.4,0.0,1.5,1.2000000000000002,1.6,-169.70000000000002,0.0,0.0,169.8,0.0,21.700000000000003,30.5,30.5,31.200000000000003,300.0,300.0,30.9,34.9,30.200000000000003,29.5,31.3,4.96,1.99,4.96,0.15,0.0,0.0,1027.0,8228.0,0.0,0.0,0.0,0.0,0.0,1.0,0.0,0.0,0.0,0.0,0.0,2.7,0.0,-1.2000000000000002,0.0,0.0001,16.0,25903.0
2026-07-30T18:59:31.492Z,140.975,140.988,0.0,7.4,0.0,0.0,0.0,0.0,0.0,0.0,0.0,0.0,1.0,0.0,0.0,0.0,9.0,4.0,0.0,0.0,0.0,0.0,0.0,0.0,0.0,0.0,1.0,12.0,1.0,12.14,5.01,2.51,1.49,0.0,0.0,0.0,0.5,0.0,0.9,-0.4,0.0,-169.70000000000002,0.0,0.0,169.70000000000002,0.0,21.700000000000003,30.5,30.5,31.200000000000003,300.0,300.0,30.9,34.9,30.200000000000003,29.5,31.3,4.95,1.99,4.96,0.16,0.0,0.0,1027.0,8228.0,0.0,0.0,0.0,0.0,0.0,1.0,0.0,0.0,0.0,0.0,0.0,-0.6000000000000001,0.0,0.0,0.0,0.0,16.0,25903.0
2026-07-30T18:59:31.504Z,140.987,141.0,0.0,7.4,0.0,0.0,0.0,0.0,0.0,0.0,0.0,0.0,1.0,0.0,0.0,0.0,9.0,4.0,0.0,0.0,0.0,0.0,0.0,0.0,0.0,0.0,2.0,12.0,1.0,12.14,5.01,2.51,1.49,0.0,0.1,0.0,0.4,0.0,0.3,-1.1,0.4,-169.70000000000002,0.0,0.0,169.70000000000002,0.0,21.700000000000003,30.5,30.5,31.200000000000003,300.0,300.0,30.9,34.9,30.200000000000003,29.5,31.3,4.96,1.99,4.96,0.16,0.0,0.0,1027.0,8228.0,0.0,0.0,0.0,0.0,0.0,1.0,0.0,0.0,0.0,0.0,0.0,-0.8,0.0,-0.6000000000000001,0.0,0.0001,16.0,25903.0
2026-07-30T18:59:31.516Z,140.999,141.012,0.0,7.4,0.0,0.0,0.0,0.0,0.0,0.0,0.0,0.0,1.0,0.0,0.0,0.0,9.0,4.0,0.0,0.0,0.0,0.0,0.0,0.0,0.0,0.0,3.0,12.0,1.0,12.14,5.01,2.51,1.49,0.0,0.0,0.0,0.4,0.0,0.3,0.0,0.4,-169.70000000000002,0.0,0.0,169.8,0.0,21.700000000000003,30.5,30.5,31.200000000000003,300.0,300.0,30.9,34.9,30.200000000000003,29.5,31.3,4.96,1.99,4.96,0.16,0.0,0.0,1027.0,8228.0,0.0,0.0,0.0,0.0,0.0,1.0,0.0,0.0,0.0,0.0,0.0,0.4,0.0,-0.4,0.0,0.0001,16.0,25903.0
2026-07-30T18:59:31.528Z,141.011,141.024,0.0,7.4,0.0,0.0,0.0,0.0,0.0,0.0,0.0,0.0,1.0,0.0,0.0,0.0,9.0,4.0,0.0,0.0,0.0,0.0,0.0,0.0,0.0,0.0,5.0,12.0,1.0,12.14,5.01,2.51,1.49,0.0,0.0,0.0,0.4,0.0,-0.2,0.1,0.5,-169.70000000000002,0.0,0.0,169.8,0.0,21.700000000000003,30.5,30.5,31.200000000000003,300.0,300.0,30.9,34.9,30.200000000000003,29.5,31.3,4.95,1.99,4.96,0.16,0.0,0.0,1027.0,8228.0,0.0,0.0,0.0,0.0,0.0,1.0,0.0,0.0,0.0,0.0,0.0,0.5,0.0,-0.4,0.0,0.0002,16.0,25903.0
2026-07-30T18:59:31.540Z,141.023,141.036,0.0,7.4,0.0,0.0,0.0,0.0,0.0,0.0,0.0,0.0,1.0,0.0,0.0,0.0,9.0,4.0,0.0,0.0,0.0,0.0,0.0,0.0,0.0,0.0,5.0,12.0,1.0,12.14,5.01,2.51,1.49,0.0,0.0,0.0,0.5,0.0,-0.2,-0.4,0.0,-169.70000000000002,0.0,0.0,169.8,0.0,21.700000000000003,30.5,30.5,31.200000000000003,300.0,300.0,30.9,34.9,30.200000000000003,29.5,31.3,4.95,1.99,4.97,0.16,0.0,0.0,1027.0,8228.0,0.0,0.0,0.0,0.0,0.0,1.0,0.0,0.0,0.0,0.0,0.0,-0.5,0.0,0.0,0.0,0.0,16.0,25903.0
2026-07-30T18:59:31.552Z,141.035,141.048,0.0,7.4,0.0,0.0,0.0,0.0,0.0,0.0,0.0,0.0,1.0,0.0,0.0,0.0,9.0,4.0,0.0,0.0,0.0,0.0,0.0,0.0,0.0,0.0,6.0,12.0,1.0,12.14,5.01,2.51,1.49,0.0,0.0,0.0,0.4,0.0,-0.2,-1.0,-0.6000000000000001,-169.70000000000002,0.0,0.0,169.8,0.0,21.700000000000003,30.5,30.5,31.200000000000003,300.0,300.0,30.9,34.9,30.200000000000003,29.5,31.3,4.96,1.99,4.96,0.16,0.0,0.0,1027.0,8228.0,0.0,0.0,0.0,0.0,0.0,1.0,0.0,0.0,0.0,0.0,0.0,-1.7000000000000002,0.0,0.3,0.0,0.0,16.0,25903.0
2026-07-30T18:59:31.564Z,141.047,141.06,0.0,7.4,0.0,0.0,0.0,0.0,0.0,0.0,0.0,0.0,1.0,0.0,0.0,0.0,9.0,4.0,0.0,0.0,0.0,0.0,0.0,0.0,0.0,0.0,2.0,12.0,1.0,12.14,5.01,2.51,1.49,0.0,0.0,0.0,0.4,0.0,-0.2,-1.1,0.4,-169.70000000000002,0.0,0.0,169.8,0.0,21.700000000000003,30.5,30.5,31.200000000000003,300.0,300.0,30.9,34.9,30.200000000000003,29.5,31.3,4.96,1.99,4.96,0.16,0.0,0.0,1027.0,8228.0,0.0,0.0,0.0,0.0,0.0,1.0,0.0,0.0,0.0,0.0,0.0,-0.9,0.0,-0.6000000000000001,0.0,0.0,16.0,25903.0
2026-07-30T18:59:31.576Z,141.059,141.072,0.0,7.4,0.0,0.0,0.0,0.0,0.0,0.0,0.0,0.0,1.0,0.0,0.0,0.0,9.0,4.0,0.0,0.0,0.0,0.0,0.0,0.0,0.0,0.0,3.0,12.0,1.0,12.18,5.0200000000000005,2.51,1.49,0.0,0.0,0.0,0.4,0.0,0.3,1.2000000000000002,-0.1,-169.70000000000002,0.0,0.0,169.8,0.0,21.3,30.5,30.5,31.200000000000003,300.0,300.0,30.9,34.9,30.200000000000003,29.5,31.3,4.95,1.99,4.96,0.16,0.0,0.0,1027.0,8228.0,0.0,0.0,0.0,0.0,0.0,1.0,0.0,0.0,0.0,0.0,0.0,1.3,0.0,0.3,0.0,0.0,16.0,25903.0
2026-07-30T18:59:31.588Z,141.071,141.084,0.0,7.4,0.0,0.0,0.0,0.0,0.0,0.0,0.0,0.0,1.0,0.0,0.0,0.0,9.0,4.0,0.0,0.0,0.0,0.0,0.0,0.0,0.0,0.0,4.0,12.0,1.0,12.18,5.0200000000000005,2.51,1.49,0.0,0.0,0.0,0.4,0.0,0.3,0.0,1.5,-169.70000000000002,0.0,0.0,169.70000000000002,0.0,21.3,30.5,30.5,31.200000000000003,300.0,300.0,30.9,34.9,30.200000000000003,29.5,31.3,4.96,1.99,4.96,0.16,0.0,0.0,1027.0,8228.0,0.0,0.0,0.0,0.0,0.0,1.0,0.0,0.0,0.0,0.0,0.0,1.2000000000000002,0.0,-1.3,0.0,0.0,16.0,25903.0
2026-07-30T18:59:31.600Z,141.083,141.096,0.0,7.4,0.0,0.0,0.0,0.0,0.0,0.0,0.0,0.0,1.0,0.0,0.0,0.0,9.0,4.0,0.0,0.0,0.0,0.0,0.0,0.0,0.0,0.0,5.0,12.0,1.0,12.18,5.0200000000000005,2.51,1.49,0.0,0.0,0.0,0.4,0.0,-0.2,-0.5,0.3,-169.70000000000002,0.0,0.0,169.8,0.0,21.3,30.5,30.5,31.200000000000003,300.0,300.0,30.9,34.9,30.200000000000003,29.5,31.3,4.95,2.0,4.96,0.16,0.0,0.0,1027.0,8228.0,0.0,0.0,0.0,0.0,0.0,1.0,0.0,0.0,0.0,0.0,0.0,-0.3,0.0,-0.3,0.0,0.0001,16.0,25903.0
2026-07-30T18:59:31.614Z,141.097,141.108,0.0,7.4,0.0,0.0,0.0,0.0,0.0,0.0,0.0,0.0,1.0,0.0,0.0,0.0,9.0,4.0,0.0,0.0,0.0,0.0,0.0,0.0,0.0,0.0,1.0,12.0,1.0,12.18,5.0200000000000005,2.51,1.49,0.0,0.1,0.0,0.4,0.0,-0.8,0.0,-1.4,-169.70000000000002,0.0,0.0,169.8,0.0,21.3,30.5,30.5,31.200000000000003,300.0,300.0,30.9,34.9,30.200000000000003,29.5,31.3,4.95,1.99,4.97,0.16,0.0,0.0,1027.0,8228.0,0.0,0.0,0.0,0.0,0.0,1.0,0.0,0.0,0.0,0.0,0.0,-1.0,0.0,1.2000000000000002,0.0,0.0002,16.0,25903.0
2026-07-30T18:59:31.627Z,141.11,141.12,0.0,7.4,0.0,0.0,0.0,0.0,0.0,0.0,0.0,0.0,1.0,0.0,0.0,0.0,9.0,4.0,0.0,0.0,0.0,0.0,0.0,0.0,0.0,0.0,6.0,12.0,1.0,12.18,5.0200000000000005,2.51,1.49,0.0,0.0,0.0,0.4,0.0,0.2,0.6000000000000001,-0.2,-169.70000000000002,0.0,0.0,169.8,0.0,21.3,30.5,30.5,31.200000000000003,300.0,300.0,30.9,34.9,30.200000000000003,29.5,31.3,4.96,1.99,4.97,0.16,0.0,0.0,1027.0,8228.0,0.0,0.0,0.0,0.0,0.0,1.0,0.0,0.0,0.0,0.0,0.0,0.5,0.0,0.3,0.0,0.0001,16.0,25903.0
2026-07-30T18:59:31.636Z,141.119,141.132,0.0,7.4,0.0,0.0,0.0,0.0,0.0,0.0,0.0,0.0,1.0,0.0,0.0,0.0,9.0,4.0,0.0,0.0,0.0,0.0,0.0,0.0,0.0,0.0,5.0,12.0,1.0,12.18,5.0200000000000005,2.51,1.49,0.0,0.0,0.0,0.5,0.0,-0.3,0.1,-0.2,-169.70000000000002,0.0,0.0,169.8,0.0,21.3,30.5,30.5,31.200000000000003,300.0,300.0,30.9,34.9,30.200000000000003,29.5,31.3,4.96,1.99,4.96,0.16,0.0,0.0,1027.0,8228.0,0.0,0.0,0.0,0.0,0.0,1.0,0.0,0.0,0.0,0.0,0.0,0.0,0.0,0.2,0.0,0.0,16.0,25903.0
2026-07-30T18:59:31.648Z,141.131,141.144,0.0,7.4,0.0,0.0,0.0,0.0,0.0,0.0,0.0,0.0,1.0,0.0,0.0,0.0,9.0,4.0,0.0,0.0,0.0,0.0,0.0,0.0,0.0,0.0,1.0,12.0,1.0,12.18,5.0200000000000005,2.51,1.49,0.0,0.0,0.0,0.4,0.0,-0.9,-0.4,-0.2,-169.70000000000002,0.0,0.0,169.8,0.0,21.3,30.5,30.5,31.200000000000003,300.0,300.0,30.9,34.9,30.200000000000003,29.5,31.3,4.95,1.99,4.97,0.16,0.0,0.0,1027.0,8228.0,0.0,0.0,0.0,0.0,0.0,1.0,0.0,0.0,0.0,0.0,0.0,-0.7000000000000001,0.0,0.0,0.0,0.0,16.0,25903.0
2026-07-30T18:59:31.660Z,141.143,141.156,0.0,7.4,0.0,0.0,0.0,0.0,0.0,0.0,0.0,0.0,1.0,0.0,0.0,0.0,9.0,4.0,0.0,0.0,0.0,0.0,0.0,0.0,0.0,0.0,2.0,12.0,1.0,12.18,5.0200000000000005,2.51,1.49,0.0,0.1,0.0,0.4,0.0,-0.8,0.0,-0.2,-169.70000000000002,0.0,0.0,169.8,0.0,21.3,30.5,30.5,31.200000000000003,300.0,300.0,30.9,34.9,30.200000000000003,29.5,31.3,4.95,1.99,4.96,0.16,0.0,0.0,1027.0,8228.0,0.0,0.0,0.0,0.0,0.0,1.0,0.0,0.0,0.0,0.0,0.0,-0.7000000000000001,0.0,0.0,0.0,0.0,16.0,25903.0
2026-07-30T18:59:31.673Z,141.156,141.168,0.0,7.4,0.0,0.0,0.0,0.0,0.0,0.0,0.0,0.0,1.0,0.0,0.0,0.0,9.0,4.0,0.0,0.0,0.0,0.0,0.0,0.0,0.0,0.0,3.0,12.0,1.0,12.15,5.01,2.5,1.49,0.0,0.1,0.0,0.4,0.0,0.2,0.6000000000000001,-0.8,-169.70000000000002,0.0,0.0,169.8,0.0,21.9,30.5,30.5,31.200000000000003,300.0,300.0,30.9,34.9,30.200000000000003,29.5,31.3,4.96,2.0,4.96,0.16,0.0,0.0,1027.0,8228.0,0.0,0.0,0.0,0.0,0.0,1.0,0.0,0.0,0.0,0.0,0.0,1.4,0.0,-0.6000000000000001,0.0,0.0,16.0,25903.0
2026-07-30T18:59:31.684Z,141.167,141.18,0.0,7.4,0.0,0.0,0.0,0.0,0.0,0.0,0.0,0.0,1.0,0.0,0.0,0.0,9.0,4.0,0.0,0.0,0.0,0.0,0.0,0.0,0.0,0.0,5.0,12.0,1.0,12.15,5.01,2.5,1.49,0.0,0.0,0.0,0.5,0.0,-0.2,-1.0,-0.2,-169.70000000000002,0.0,0.0,169.9,0.0,21.9,30.5,30.5,31.200000000000003,300.0,300.0,30.9,34.9,30.200000000000003,29.5,31.3,4.95,2.0,4.96,0.16,0.0,0.0,1027.0,8228.0,0.0,0.0,0.0,0.0,0.0,1.0,0.0,0.0,0.0,0.0,0.0,-1.3,0.0,0.0,0.0,0.0,16.0,25903.0
2026-07-30T18:59:31.696Z,141.179,141.192,0.0,7.4,0.0,0.0,0.0,0.0,0.0,0.0,0.0,0.0,1.0,0.0,0.0,0.0,9.0,4.0,0.0,0.0,0.0,0.0,0.0,0.0,0.0,0.0,6.0,12.0,1.0,12.15,5.01,2.5,1.49,0.0,0.0,0.0,0.5,0.0,-0.3,-0.5,0.3,-169.70000000000002,0.0,0.0,169.8,0.0,21.9,30.5,30.5,31.200000000000003,300.0,300.0,30.9,34.9,30.200000000000003,29.5,31.3,4.95,1.99,4.97,0.16,0.0,0.0,1027.0,8228.0,0.0,0.0,0.0,0.0,0.0,1.0,0.0,0.0,0.0,0.0,0.0,-0.3,0.0,-0.4,0.0,0.0001,16.0,25903.0
2026-07-30T18:59:31.707Z,141.19,141.204,0.0,7.4,0.0,0.0,0.0,0.0,0.0,0.0,0.0,0.0,1.0,0.0,0.0,0.0,9.0,4.0,0.0,0.0,0.0,0.0,0.0,0.0,0.0,0.0,2.0,12.0,1.0,12.15,5.01,2.5,1.49,0.0,0.0,0.0,0.4,0.0,-0.3,1.2000000000000002,-0.2,-169.70000000000002,0.0,0.0,169.70000000000002,0.0,21.9,30.5,30.5,31.200000000000003,300.0,300.0,30.9,34.9,30.200000000000003,29.5,31.3,4.95,1.99,4.96,0.16,0.0,0.0,1027.0,8228.0,0.0,0.0,0.0,0.0,0.0,1.0,0.0,0.0,0.0,0.0,0.0,1.2000000000000002,0.0,0.4,0.0,0.0,16.0,25903.0
2026-07-30T18:59:31.720Z,141.203,141.216,0.0,7.4,0.0,0.0,0.0,0.0,0.0,0.0,0.0,0.0,1.0,0.0,0.0,0.0,9.0,4.0,0.0,0.0,0.0,0.0,0.0,0.0,0.0,0.0,3.0,12.0,1.0,12.15,5.01,2.5,1.49,0.0,0.0,0.0,0.4,0.0,-0.2,1.2000000000000002,0.9,-169.70000000000002,0.0,0.0,169.8,0.0,21.9,30.5,30.5,31.200000000000003,300.0,300.0,30.9,34.9,30.200000000000003,29.5,31.3,4.96,1.99,4.96,0.16,0.0,0.0,1027.0,8228.0,0.0,0.0,0.0,0.0,0.0,1.0,0.0,0.0,0.0,0.0,0.0,2.1,0.0,-0.6000000000000001,0.0,0.0001,16.0,25903.0
2026-07-30T18:59:31.732Z,141.215,141.228,0.0,7.4,0.0,0.0,0.0,0.0,0.0,0.0,0.0,0.0,1.0,0.0,0.0,0.0,9.0,4.0,0.0,0.0,0.0,0.0,0.0,0.0,0.0,0.0,5.0,12.0,1.0,12.15,5.01,2.5,1.49,0.0,0.0,0.0,0.4,0.0,-0.3,-1.0,-0.2,-169.70000000000002,0.0,0.0,169.8,0.0,21.9,30.5,30.5,31.200000000000003,300.0,300.0,30.9,34.9,30.200000000000003,29.5,31.3,4.95,1.99,4.97,0.16,0.0,0.0,1027.0,8228.0,0.0,0.0,0.0,0.0,0.0,1.0,0.0,0.0,0.0,0.0,0.0,-1.4,0.0,0.0,0.0,0.0001,16.0,25903.0
2026-07-30T18:59:31.744Z,141.227,141.24,0.0,7.4,0.0,0.0,0.0,0.0,0.0,0.0,0.0,0.0,1.0,0.0,0.0,0.0,9.0,4.0,0.0,0.0,0.0,0.0,0.0,0.0,0.0,0.0,6.0,12.0,1.0,12.15,5.01,2.5,1.49,0.0,0.0,0.0,0.5,0.0,0.2,-0.5,-0.8,-169.70000000000002,0.0,0.0,169.8,0.0,21.9,30.5,30.5,31.200000000000003,300.0,300.0,30.9,34.9,30.200000000000003,29.5,31.3,4.96,2.0,4.97,0.16,0.0,0.0,1027.0,8228.0,0.0,0.0,0.0,0.0,0.0,1.0,0.0,0.0,0.0,0.0,0.0,-1.1,0.0,0.6000000000000001,0.0,0.0,16.0,25903.0
2026-07-30T18:59:31.755Z,141.238,141.252,0.0,7.4,0.0,0.0,0.0,0.0,0.0,0.0,0.0,0.0,1.0,0.0,0.0,0.0,9.0,4.0,0.0,0.0,0.0,0.0,0.0,0.0,0.0,0.0,2.0,12.0,1.0,12.15,5.01,2.5,1.49,0.0,0.0,0.0,0.4,0.0,-0.2,0.0,0.4,-169.70000000000002,0.0,0.0,169.70000000000002,0.0,21.9,30.5,30.5,31.200000000000003,300.0,300.0,30.9,34.9,30.200000000000003,29.5,31.3,4.96,2.0,4.96,0.16,0.0,0.0,1027.0,8228.0,0.0,0.0,0.0,0.0,0.0,1.0,0.0,0.0,0.0,0.0,0.0,0.4,0.0,-0.3,0.0,0.0,16.0,25903.0
2026-07-30T18:59:31.768Z,141.251,141.264,0.0,7.4,0.0,0.0,0.0,0.0,0.0,0.0,0.0,0.0,1.0,0.0,0.0,0.0,9.0,4.0,0.0,0.0,0.0,0.0,0.0,0.0,0.0,0.0,3.0,12.0,1.0,12.15,5.01,2.5,1.49,0.0,0.0,0.0,0.4,0.0,0.9,1.8,2.2,-169.70000000000002,0.0,0.0,169.70000000000002,0.0,21.9,30.5,30.5,31.200000000000003,300.0,300.0,30.9,34.9,30.200000000000003,29.5,31.3,4.95,1.99,4.96,0.16,0.0,0.0,1027.0,8228.0,0.0,0.0,0.0,0.0,0.0,1.0,0.0,0.0,0.0,0.0,0.0,3.8,0.0,-1.5,0.0,0.0001,16.0,25903.0
2026-07-30T18:59:31.779Z,141.262,141.276,0.0,7.4,0.0,0.0,0.0,0.0,0.0,0.0,0.0,0.0,1.0,0.0,0.0,0.0,9.0,4.0,0.0,0.0,0.0,0.0,0.0,0.0,0.0,0.0,5.0,12.0,1.0,12.17,5.01,2.51,1.5,0.0,0.0,0.0,0.4,0.0,0.4,-0.4,-0.6000000000000001,-169.70000000000002,0.0,0.0,169.70000000000002,0.0,21.3,30.5,30.5,31.1,300.0,300.0,30.8,34.9,30.200000000000003,29.5,31.3,4.95,1.99,4.97,0.16,0.0,0.0,1027.0,8228.0,0.0,0.0,0.0,0.0,0.0,1.0,0.0,0.0,0.0,0.0,0.0,-0.9,0.0,0.4,0.0,0.0001,16.0,25903.0
2026-07-30T18:59:31.792Z,141.275,141.288,0.0,7.4,0.0,0.0,0.0,0.0,0.0,0.0,0.0,0.0,1.0,0.0,0.0,0.0,9.0,4.0,0.0,0.0,0.0,0.0,0.0,0.0,0.0,0.0,6.0,12.0,1.0,12.17,5.01,2.51,1.5,0.0,0.0,0.0,0.4,0.0,-0.7000000000000001,-1.6,-0.1,-169.70000000000002,0.0,0.0,169.60000000000002,0.0,21.3,30.5,30.5,31.1,300.0,300.0,30.8,34.9,30.200000000000003,29.5,31.3,4.96,2.0,4.96,0.16,0.0,0.0,1027.0,8228.0,0.0,0.0,0.0,0.0,0.0,1.0,0.0,0.0,0.0,0.0,0.0,-1.9,0.0,-0.2,0.0,0.0,16.0,25903.0
2026-07-30T18:59:31.803Z,141.286,141.3,0.0,7.4,0.0,0.0,0.0,0.0,0.0,0.0,0.0,0.0,1.0,0.0,0.0,0.0,9.0,4.0,0.0,0.0,0.0,0.0,0.0,0.0,0.0,0.0,2.0,12.0,1.0,12.17,5.01,2.51,1.5,0.0,0.0,0.0,0.4,0.0,0.3,0.1,-0.6000000000000001,-169.70000000000002,0.0,0.0,169.60000000000002,0.0,21.3,30.5,30.5,31.1,300.0,300.0,30.8,34.9,30.200000000000003,29.5,31.3,4.96,1.99,4.97,0.16,0.0,0.0,1027.0,8228.0,0.0,0.0,0.0,0.0,0.0,1.0,0.0,0.0,0.0,0.0,0.0,-0.3,0.0,0.6000000000000001,0.0,0.0,16.0,25903.0
2026-07-30T18:59:31.816Z,141.299,141.312,0.0,7.4,0.0,0.0,0.0,0.0,0.0,0.0,0.0,0.0,1.0,0.0,0.0,0.0,9.0,4.0,0.0,0.0,0.0,0.0,0.0,0.0,0.0,0.0,3.0,12.0,1.0,12.17,5.01,2.51,1.5,0.0,0.0,0.0,0.4,0.0,0.9,0.1,0.0,-169.70000000000002,0.0,0.0,169.8,0.0,21.3,30.5,30.5,31.1,300.0,300.0,30.8,34.9,30.200000000000003,29.5,31.3,4.95,2.0,4.97,0.16,0.0,0.0,1027.0,8228.0,0.0,0.0,0.0,0.0,0.0,1.0,0.0,0.0,0.0,0.0,0.0,0.0,0.0,0.1,0.0,0.0,16.0,25903.0
2026-07-30T18:59:31.828Z,141.311,141.324,0.0,7.4,0.0,0.0,0.0,0.0,0.0,0.0,0.0,0.0,1.0,0.0,0.0,0.0,9.0,4.0,0.0,0.0,0.0,0.0,0.0,0.0,0.0,0.0,4.0,12.0,1.0,12.17,5.01,2.51,1.5,0.0,0.1,0.0,0.5,0.0,-0.1,0.1,0.0,-169.70000000000002,0.0,0.0,169.70000000000002,0.0,21.3,30.5,30.5,31.1,300.0,300.0,30.8,34.9,30.200000000000003,29.5,31.3,4.96,2.0,4.97,0.16,0.0,0.0,1027.0,8228.0,0.0,0.0,0.0,0.0,0.0,1.0,0.0,0.0,0.0,0.0,0.0,0.1,0.0,0.0,0.0,0.0002,16.0,25903.0
2026-07-30T18:59:31.840Z,141.323,141.336,0.0,7.4,0.0,0.0,0.0,0.0,0.0,0.0,0.0,0.0,1.0,0.0,0.0,0.0,9.0,4.0,0.0,0.0,0.0,0.0,0.0,0.0,0.0,0.0,5.0,12.0,1.0,12.17,5.01,2.51,1.5,0.0,0.0,0.0,0.4,0.0,0.4,0.1,-0.6000000000000001,-169.70000000000002,0.0,0.0,169.8,0.0,21.3,30.5,30.5,31.1,300.0,300.0,30.8,34.9,30.200000000000003,29.5,31.3,4.95,1.99,4.96,0.16,0.0,0.0,1027.0,8228.0,0.0,0.0,0.0,0.0,0.0,1.0,0.0,0.0,0.0,0.0,0.0,-0.3,0.0,0.6000000000000001,0.0,0.0001,16.0,25903.0
2026-07-30T18:59:31.852Z,141.335,141.348,0.0,7.4,0.0,0.0,0.0,0.0,0.0,0.0,0.0,0.0,1.0,0.0,0.0,0.0,9.0,4.0,0.0,0.0,0.0,0.0,0.0,0.0,0.0,0.0,6.0,12.0,1.0,12.17,5.01,2.51,1.5,0.0,0.0,0.0,0.5,0.0,1.0,-0.4,0.5,-169.70000000000002,0.0,0.0,169.70000000000002,0.0,21.3,30.5,30.5,31.1,300.0,300.0,30.8,34.9,30.200000000000003,29.5,31.3,4.95,1.99,4.96,0.16,0.0,0.0,1027.0,8228.0,0.0,0.0,0.0,0.0,0.0,1.0,0.0,0.0,0.0,0.0,0.0,-0.1,0.0,-0.5,0.0,0.0001,16.0,25903.0
2026-07-30T18:59:31.863Z,141.346,141.36,0.0,7.4,0.0,0.0,0.0,0.0,0.0,0.0,0.0,0.0,1.0,0.0,0.0,0.0,9.0,4.0,0.0,0.0,0.0,0.0,0.0,0.0,0.0,0.0,1.0,12.0,1.0,12.17,5.01,2.51,1.5,0.0,0.0,0.0,0.5,0.0,0.4,0.7000000000000001,-1.2000000000000002,-169.70000000000002,0.0,0.0,169.70000000000002,0.0,21.3,30.5,30.5,31.1,300.0,300.0,30.8,34.9,30.200000000000003,29.5,31.3,4.96,1.99,4.96,0.16,0.0,0.0,1027.0,8228.0,0.0,0.0,0.0,0.0,0.0,1.0,0.0,0.0,0.0,0.0,0.0,0.0,0.0,1.2000000000000002,0.0,0.0001,16.0,25903.0
2026-07-30T18:59:31.877Z,141.36,141.372,0.0,7.4,0.0,0.0,0.0,0.0,0.0,0.0,0.0,0.0,1.0,0.0,0.0,0.0,9.0,4.0,0.0,0.0,0.0,0.0,0.0,0.0,0.0,0.0,2.0,12.0,1.0,12.18,5.01,2.51,1.49,0.0,0.0,0.0,0.4,0.0,-0.7000000000000001,-1.0,-0.7000000000000001,-169.70000000000002,0.0,0.0,169.60000000000002,0.0,21.700000000000003,30.5,30.5,31.1,300.0,300.0,30.8,34.9,30.200000000000003,29.5,31.3,4.95,1.99,4.96,0.16,0.0,0.0,1027.0,8228.0,0.0,0.0,0.0,0.0,0.0,1.0,0.0,0.0,0.0,0.0,0.0,-1.6,0.0,0.4,0.0,0.0,16.0,25903.0
2026-07-30T18:59:31.889Z,141.372,141.384,0.0,7.4,0.0,0.0,0.0,0.0,0.0,0.0,0.0,0.0,1.0,0.0,0.0,0.0,9.0,4.0,0.0,0.0,0.0,0.0,0.0,0.0,0.0,0.0,3.0,12.0,1.0,12.18,5.01,2.51,1.49,0.0,0.0,0.0,0.4,0.0,0.4,0.1,0.4,-169.70000000000002,0.0,0.0,169.70000000000002,0.0,21.700000000000003,30.5,30.5,31.1,300.0,300.0,30.8,34.9,30.200000000000003,29.5,31.3,4.95,1.99,4.97,0.16,0.0,0.0,1027.0,8228.0,0.0,0.0,0.0,0.0,0.0,1.0,0.0,0.0,0.0,0.0,0.0,0.5,0.0,-0.3,0.0,0.0001,16.0,25903.0
2026-07-30T18:59:31.899Z,141.382,141.39600000000002,0.0,7.4,0.0,0.0,0.0,0.0,0.0,0.0,0.0,0.0,1.0,0.0,0.0,0.0,9.0,4.0,0.0,0.0,0.0,0.0,0.0,0.0,0.0,0.0,4.0,12.0,1.0,12.18,5.01,2.51,1.49,0.0,0.0,0.0,0.4,0.0,-0.7000000000000001,-0.4,-1.2000000000000002,-169.70000000000002,0.0,0.0,169.70000000000002,0.0,21.700000000000003,30.5,30.5,31.1,300.0,300.0,30.8,34.9,30.200000000000003,29.5,31.3,4.95,1.99,4.96,0.16,0.0,0.0,1027.0,8228.0,0.0,0.0,0.0,0.0,0.0,1.0,0.0,0.0,0.0,0.0,0.0,-1.4,0.0,1.0,0.0,0.0,16.0,25903.0
2026-07-30T18:59:31.912Z,141.395,141.40800000000002,0.0,7.4,0.0,0.0,0.0,0.0,0.0,0.0,0.0,0.0,1.0,0.0,0.0,0.0,9.0,4.0,0.0,0.0,0.0,0.0,0.0,0.0,0.0,0.0,5.0,12.0,1.0,12.18,5.01,2.51,1.49,0.0,0.1,0.0,0.4,0.0,0.4,0.7000000000000001,1.0,-169.70000000000002,0.0,0.0,169.60000000000002,0.0,21.700000000000003,30.5,30.5,31.1,300.0,300.0,30.8,34.9,30.200000000000003,29.5,31.3,4.96,1.99,4.96,0.16,0.0,0.0,1027.0,8228.0,0.0,0.0,0.0,0.0,0.0,1.0,0.0,0.0,0.0,0.0,0.0,1.6,0.0,-0.7000000000000001,0.0,0.0001,16.0,25903.0
2026-07-30T18:59:31.924Z,141.407,141.42000000000002,0.0,7.4,0.0,0.0,0.0,0.0,0.0,0.0,0.0,0.0,1.0,0.0,0.0,0.0,9.0,4.0,0.0,0.0,0.0,0.0,0.0,0.0,0.0,0.0,6.0,12.0,1.0,12.18,5.01,2.51,1.49,0.0,0.0,0.0,0.4,0.0,0.0,-0.3,-1.3,-169.70000000000002,0.0,0.0,169.70000000000002,0.0,21.700000000000003,30.5,30.5,31.1,300.0,300.0,30.8,34.9,30.200000000000003,29.5,31.3,4.96,1.99,4.96,0.16,0.0,0.0,1027.0,8228.0,0.0,0.0,0.0,0.0,0.0,1.0,0.0,0.0,0.0,0.0,0.0,-1.4,0.0,1.0,0.0,0.0001,16.0,25903.0
2026-07-30T18:59:31.943Z,141.426,141.43200000000002,0.0,7.4,0.0,0.0,0.0,0.0,0.0,0.0,0.0,0.0,1.0,0.0,0.0,0.0,9.0,4.0,0.0,0.0,0.0,0.0,0.0,0.0,0.0,0.0,2.0,12.0,1.0,12.18,5.01,2.51,1.49,0.0,0.0,0.0,0.4,0.0,0.4,1.3,0.9,-169.70000000000002,0.0,0.0,169.70000000000002,0.0,21.700000000000003,30.5,30.5,31.1,300.0,300.0,30.8,34.9,30.200000000000003,29.5,31.3,4.95,1.99,4.96,0.16,0.0,0.0,1027.0,8228.0,0.0,0.0,0.0,0.0,0.0,1.0,0.0,0.0,0.0,0.0,0.0,2.1,0.0,-0.5,0.0,0.0,16.0,25903.0
2026-07-30T18:59:31.948Z,141.431,141.44400000000002,0.0,7.4,0.0,0.0,0.0,0.0,0.0,0.0,0.0,0.0,1.0,0.0,0.0,0.0,9.0,4.0,0.0,0.0,0.0,0.0,0.0,0.0,0.0,0.0,5.0,12.0,1.0,12.18,5.01,2.51,1.49,0.0,0.0,0.0,0.4,0.0,-0.1,0.6000000000000001,-0.2,-169.70000000000002,0.0,0.0,169.60000000000002,0.0,21.700000000000003,30.5,30.5,31.1,300.0,300.0,30.8,34.9,30.200000000000003,29.5,31.3,4.95,1.99,4.96,0.16,0.0,0.0,1027.0,8228.0,0.0,0.0,0.0,0.0,0.0,1.0,0.0,0.0,0.0,0.0,0.0,0.5,0.0,0.3,0.0,0.0001,16.0,25903.0
2026-07-30T18:59:31.959Z,141.442,141.456,0.0,7.4,0.0,0.0,0.0,0.0,0.0,0.0,0.0,0.0,1.0,0.0,0.0,0.0,9.0,4.0,0.0,0.0,0.0,0.0,0.0,0.0,0.0,0.0,6.0,12.0,1.0,12.18,5.01,2.51,1.49,0.0,0.0,0.0,0.4,0.0,-0.7000000000000001,1.2000000000000002,-0.7000000000000001,-169.70000000000002,0.0,0.0,169.60000000000002,0.0,21.700000000000003,30.5,30.5,31.1,300.0,300.0,30.8,34.9,30.200000000000003,29.5,31.3,4.95,1.99,4.96,0.16,0.0,0.0,1027.0,8228.0,0.0,0.0,0.0,0.0,0.0,1.0,0.0,0.0,0.0,0.0,0.0,0.8,0.0,0.9,0.0,0.0001,16.0,25903.0
2026-07-30T18:59:31.972Z,141.455,141.468,0.0,7.4,0.0,0.0,0.0,0.0,0.0,0.0,0.0,0.0,1.0,0.0,0.0,0.0,9.0,4.0,0.0,0.0,0.0,0.0,0.0,0.0,0.0,0.0,1.0,12.0,1.0,12.18,5.01,2.51,1.49,0.0,0.0,0.0,0.4,0.0,0.4,-0.4,-0.1,-169.70000000000002,0.0,0.0,169.60000000000002,0.0,21.700000000000003,30.5,30.5,31.1,300.0,300.0,30.8,34.9,30.200000000000003,29.5,31.3,4.95,1.99,4.97,0.16,0.0,0.0,1027.0,8228.0,0.0,0.0,0.0,0.0,0.0,1.0,0.0,0.0,0.0,0.0,0.0,-0.6000000000000001,0.0,0.0,0.0,0.0,16.0,25903.0
2026-07-30T18:59:31.984Z,141.467,141.48,0.0,7.4,0.0,0.0,0.0,0.0,0.0,0.0,0.0,0.0,1.0,0.0,0.0,0.0,9.0,4.0,0.0,0.0,0.0,0.0,0.0,0.0,0.0,0.0,3.0,12.0,1.0,12.19,5.0200000000000005,2.5,1.49,0.0,0.0,0.0,0.4,0.0,-0.1,-0.5,0.4,-169.70000000000002,0.0,0.0,169.60000000000002,0.0,21.200000000000003,30.5,30.5,31.1,300.0,300.0,30.9,34.9,30.200000000000003,29.5,31.3,4.96,1.99,4.97,0.16,0.0,0.0,1027.0,8228.0,0.0,0.0,0.0,0.0,0.0,1.0,0.0,0.0,0.0,0.0,0.0,-0.2,0.0,-0.4,0.0,0.0,16.0,25903.0
2026-07-30T18:59:31.996Z,141.479,141.492,0.0,7.4,0.0,0.0,0.0,0.0,0.0,0.0,0.0,0.0,1.0,0.0,0.0,0.0,9.0,4.0,0.0,0.0,0.0,0.0,0.0,0.0,0.0,0.0,3.0,12.0,1.0,12.19,5.0200000000000005,2.5,1.49,0.0,0.0,0.0,0.4,0.0,0.4,0.6000000000000001,0.4,-169.60000000000002,0.0,0.0,169.70000000000002,0.0,21.200000000000003,30.5,30.5,31.1,300.0,300.0,30.9,34.9,30.200000000000003,29.5,31.3,4.96,1.99,4.96,0.16,0.0,0.0,1027.0,8228.0,0.0,0.0,0.0,0.0,0.0,1.0,0.0,0.0,0.0,0.0,0.0,1.1,0.0,-0.2,0.0,0.0,16.0,25903.0
2026-07-30T18:59:32.008Z,141.491,141.504,0.0,7.4,0.0,0.0,0.0,0.0,0.0,0.0,0.0,0.0,1.0,0.0,0.0,0.0,9.0,4.0,0.0,0.0,0.0,0.0,0.0,0.0,0.0,0.0,5.0,12.0,1.0,12.19,5.0200000000000005,2.5,1.49,0.0,0.0,0.0,0.4,0.0,-0.1,0.6000000000000001,-0.1,-169.70000000000002,0.0,0.0,169.70000000000002,0.0,21.200000000000003,30.5,30.5,31.1,300.0,300.0,30.9,34.9,30.200000000000003,29.5,31.3,4.95,1.99,4.96,0.16,0.0,0.0,1027.0,8228.0,0.0,0.0,0.0,0.0,0.0,1.0,0.0,0.0,0.0,0.0,0.0,0.6000000000000001,0.0,0.2,0.0,0.0001,16.0,25903.0
2026-07-30T18:59:32.020Z,141.503,141.516,0.0,7.4,0.0,0.0,0.0,0.0,0.0,0.0,0.0,0.0,1.0,0.0,0.0,0.0,9.0,4.0,0.0,0.0,0.0,0.0,0.0,0.0,0.0,0.0,6.0,12.0,1.0,12.19,5.0200000000000005,2.5,1.49,0.0,0.0,0.0,0.4,0.0,0.4,0.1,0.4,-169.60000000000002,0.0,0.0,169.60000000000002,0.0,21.200000000000003,30.5,30.5,31.1,300.0,300.0,30.9,34.9,30.200000000000003,29.5,31.3,4.96,1.99,4.97,0.16,0.0,0.0,1027.0,8228.0,0.0,0.0,0.0,0.0,0.0,1.0,0.0,0.0,0.0,0.0,0.0,0.4,0.0,-0.4,0.0,0.0001,16.0,25903.0
2026-07-30T18:59:32.032Z,141.515,141.528,0.0,7.4,0.0,0.0,0.0,0.0,0.0,0.0,0.0,0.0,1.0,0.0,0.0,0.0,9.0,4.0,0.0,0.0,0.0,0.0,0.0,0.0,0.0,0.0,1.0,12.0,1.0,12.19,5.0200000000000005,2.5,1.49,0.0,0.0,0.0,0.4,0.0,0.4,0.1,1.0,-169.60000000000002,0.0,0.0,169.60000000000002,0.0,21.200000000000003,30.5,30.5,31.1,300.0,300.0,30.9,34.9,30.200000000000003,29.5,31.3,4.95,2.0,4.96,0.16,0.0,0.0,1027.0,8228.0,0.0,0.0,0.0,0.0,0.0,1.0,0.0,0.0,0.0,0.0,0.0,0.9,0.0,-0.9,0.0,0.0001,16.0,25903.0
2026-07-30T18:59:32.044Z,141.527,141.54,0.0,7.4,0.0,0.0,0.0,0.0,0.0,0.0,0.0,0.0,1.0,0.0,0.0,0.0,9.0,4.0,0.0,0.0,0.0,0.0,0.0,0.0,0.0,0.0,3.0,12.0,1.0,12.19,5.0200000000000005,2.5,1.49,0.0,0.0,0.0,0.4,0.0,-0.1,0.1,-0.6000000000000001,-169.60000000000002,0.0,0.0,169.60000000000002,0.0,21.200000000000003,30.5,30.5,31.1,300.0,300.0,30.9,34.9,30.200000000000003,29.5,31.3,4.95,1.99,4.97,0.16,0.0,0.0,1027.0,8228.0,0.0,0.0,0.0,0.0,0.0,1.0,0.0,0.0,0.0,0.0,0.0,-0.2,0.0,0.6000000000000001,0.0,0.0,16.0,25903.0
2026-07-30T18:59:32.055Z,141.538,141.552,0.0,7.4,0.0,0.0,0.0,0.0,0.0,0.0,0.0,0.0,1.0,0.0,0.0,0.0,9.0,4.0,0.0,0.0,0.0,0.0,0.0,0.0,0.0,0.0,4.0,12.0,1.0,12.19,5.0200000000000005,2.5,1.49,0.0,0.0,0.0,0.4,0.0,-0.1,0.7000000000000001,0.4,-169.60000000000002,0.0,0.0,169.60000000000002,0.0,21.200000000000003,30.5,30.5,31.1,300.0,300.0,30.9,34.9,30.200000000000003,29.5,31.3,4.95,1.99,4.97,0.16,0.0,0.0,1027.0,8228.0,0.0,0.0,0.0,0.0,0.0,1.0,0.0,0.0,0.0,0.0,0.0,1.2000000000000002,0.0,-0.2,0.0,0.0,16.0,25903.0
2026-07-30T18:59:32.067Z,141.55,141.564,0.0,7.4,0.0,0.0,0.0,0.0,0.0,0.0,0.0,0.0,1.0,0.0,0.0,0.0,9.0,4.0,0.0,0.0,0.0,0.0,0.0,0.0,0.0,0.0,5.0,12.0,1.0,12.19,5.0200000000000005,2.5,1.49,0.0,0.0,0.0,0.4,0.0,0.4,0.7000000000000001,-0.1,-169.60000000000002,0.0,0.0,169.70000000000002,0.0,21.200000000000003,30.5,30.5,31.1,300.0,300.0,30.9,34.9,30.200000000000003,29.5,31.3,4.96,1.99,4.96,0.16,0.0,0.0,1027.0,8228.0,0.0,0.0,0.0,0.0,0.0,1.0,0.0,0.0,0.0,0.0,0.0,0.8,0.0,0.2,0.0,0.0,16.0,25903.0
2026-07-30T18:59:32.081Z,141.564,141.576,0.0,7.4,0.0,0.0,0.0,0.0,0.0,0.0,0.0,0.0,1.0,0.0,0.0,0.0,9.0,4.0,0.0,0.0,0.0,0.0,0.0,0.0,0.0,0.0,6.0,12.0,1.0,12.15,5.0200000000000005,2.51,1.49,0.0,0.0,0.0,0.4,0.0,-0.1,-0.9,-0.1,-169.60000000000002,0.0,0.0,169.70000000000002,0.0,21.700000000000003,30.5,30.5,31.1,300.0,300.0,30.9,34.9,30.200000000000003,29.5,31.3,4.95,1.99,4.97,0.16,0.0,0.0,1027.0,8228.0,0.0,0.0,0.0,0.0,0.0,1.0,0.0,0.0,0.0,0.0,0.0,-1.2000000000000002,0.0,0.0,0.0,0.0,16.0,25903.0
2026-07-30T18:59:32.092Z,141.575,141.588,0.0,7.4,0.0,0.0,0.0,0.0,0.0,0.0,0.0,0.0,1.0,0.0,0.0,0.0,9.0,4.0,0.0,0.0,0.0,0.0,0.0,0.0,0.0,0.0,1.0,12.0,1.0,12.15,5.0200000000000005,2.51,1.49,0.0,0.0,0.0,0.4,0.0,0.4,0.7000000000000001,1.6,-169.60000000000002,0.0,0.0,169.70000000000002,0.0,21.700000000000003,30.5,30.5,31.1,300.0,300.0,30.9,34.9,30.200000000000003,29.5,31.3,4.95,1.99,4.97,0.16,0.0,0.0,1027.0,8228.0,0.0,0.0,0.0,0.0,0.0,1.0,0.0,0.0,0.0,0.0,0.0,2.1,0.0,-1.2000000000000002,0.0,0.0,16.0,25903.0
2026-07-30T18:59:32.104Z,141.587,141.6,0.0,7.4,0.0,0.0,0.0,0.0,0.0,0.0,0.0,0.0,1.0,0.0,0.0,0.0,9.0,4.0,0.0,0.0,0.0,0.0,0.0,0.0,0.0,0.0,2.0,12.0,1.0,12.15,5.0200000000000005,2.51,1.49,0.0,0.0,0.0,0.4,0.0,1.0,0.2,-0.1,-169.60000000000002,0.0,0.0,169.70000000000002,0.0,21.700000000000003,30.5,30.5,31.1,300.0,300.0,30.9,34.9,30.200000000000003,29.5,31.3,4.95,1.99,4.97,0.16,0.0,0.0,1027.0,8228.0,0.0,0.0,0.0,0.0,0.0,1.0,0.0,0.0,0.0,0.0,0.0,0.1,0.0,0.1,0.0,0.0,16.0,25903.0
2026-07-30T18:59:32.116Z,141.599,141.612,0.0,7.4,0.0,0.0,0.0,0.0,0.0,0.0,0.0,0.0,1.0,0.0,0.0,0.0,9.0,4.0,0.0,0.0,0.0,0.0,0.0,0.0,0.0,0.0,3.0,12.0,1.0,12.15,5.0200000000000005,2.51,1.49,0.0,0.0,0.0,0.4,0.0,1.0,-0.9,-3.1,-169.60000000000002,0.0,0.0,169.70000000000002,0.0,21.700000000000003,30.5,30.5,31.1,300.0,300.0,30.9,34.9,30.200000000000003,29.5,31.3,4.96,1.99,4.96,0.16,0.0,0.0,1027.0,8228.0,0.0,0.0,0.0,0.0,0.0,1.0,0.0,0.0,0.0,0.0,0.0,-3.3000000000000003,0.0,2.5,0.0,0.0,16.0,25903.0
2026-07-30T18:59:32.128Z,141.611,141.624,0.0,7.4,0.0,0.0,0.0,0.0,0.0,0.0,0.0,0.0,1.0,0.0,0.0,0.0,9.0,4.0,0.0,0.0,0.0,0.0,0.0,0.0,0.0,0.0,5.0,12.0,1.0,12.15,5.0200000000000005,2.51,1.49,0.0,0.1,0.0,0.4,0.0,-0.1,-0.4,-0.1,-169.60000000000002,0.0,0.0,169.60000000000002,0.0,21.700000000000003,30.5,30.5,31.1,300.0,300.0,30.9,34.9,30.200000000000003,29.5,31.3,4.95,1.99,4.97,0.16,0.0,0.0,1027.0,8228.0,0.0,0.0,0.0,0.0,0.0,1.0,0.0,0.0,0.0,0.0,0.0,-0.6000000000000001,0.0,0.0,0.0,0.0,16.0,25903.0
2026-07-30T18:59:32.140Z,141.623,141.636,0.0,7.4,0.0,0.0,0.0,0.0,0.0,0.0,0.0,0.0,1.0,0.0,0.0,0.0,9.0,4.0,0.0,0.0,0.0,0.0,0.0,0.0,0.0,0.0,6.0,12.0,1.0,12.15,5.0200000000000005,2.51,1.49,0.0,0.0,0.0,0.4,0.0,0.3,1.3,-0.1,-169.60000000000002,0.0,0.0,169.70000000000002,0.0,21.700000000000003,30.5,30.5,31.1,300.0,300.0,30.9,34.9,30.200000000000003,29.5,31.3,4.95,1.99,4.96,0.16,0.0,0.0,1027.0,8228.0,0.0,0.0,0.0,0.0,0.0,1.0,0.0,0.0,0.0,0.0,0.0,1.3,0.0,0.4,0.0,0.0001,16.0,25903.0
2026-07-30T18:59:32.152Z,141.635,141.648,0.0,7.4,0.0,0.0,0.0,0.0,0.0,0.0,0.0,0.0,1.0,0.0,0.0,0.0,9.0,4.0,0.0,0.0,0.0,0.0,0.0,0.0,0.0,0.0,1.0,12.0,1.0,12.15,5.0200000000000005,2.51,1.49,0.0,0.0,0.0,0.4,0.0,0.3,0.1,-0.1,-169.60000000000002,0.0,0.0,169.60000000000002,0.0,21.700000000000003,30.5,30.5,31.1,300.0,300.0,30.9,34.9,30.200000000000003,29.5,31.3,4.95,2.0,4.96,0.16,0.0,0.0,1027.0,8228.0,0.0,0.0,0.0,0.0,0.0,1.0,0.0,0.0,0.0,0.0,0.0,0.0,0.0,0.1,0.0,0.0,16.0,25903.0
2026-07-30T18:59:32.164Z,141.647,141.66,0.0,7.4,0.0,0.0,0.0,0.0,0.0,0.0,0.0,0.0,1.0,0.0,0.0,0.0,9.0,4.0,0.0,0.0,0.0,0.0,0.0,0.0,0.0,0.0,2.0,12.0,1.0,12.15,5.0200000000000005,2.51,1.49,0.0,0.0,0.0,0.3,0.0,0.3,0.1,-1.3,-169.60000000000002,0.0,0.0,169.70000000000002,0.0,21.700000000000003,30.5,30.5,31.1,300.0,300.0,30.9,34.9,30.200000000000003,29.5,31.3,4.95,2.0,4.96,0.16,0.0,0.0,1027.0,8228.0,0.0,0.0,0.0,0.0,0.0,1.0,0.0,0.0,0.0,0.0,0.0,-0.8,0.0,-0.2,0.0,0.0,16.0,25903.0
2026-07-30T18:59:32.175Z,141.658,141.672,0.0,7.4,0.0,0.0,0.0,0.0,0.0,0.0,0.0,0.0,1.0,0.0,0.0,0.0,9.0,4.0,0.0,0.0,0.0,0.0,0.0,0.0,0.0,0.0,3.0,12.0,1.0,12.15,5.0200000000000005,2.51,1.49,0.0,0.0,0.0,0.4,0.0,-0.8,-1.0,-1.9,-169.60000000000002,0.0,0.0,169.70000000000002,0.0,21.700000000000003,30.5,30.5,31.1,300.0,300.0,30.9,34.9,30.200000000000003,29.5,31.3,4.95,1.99,4.97,0.16,0.0,0.0,1027.0,8228.0,0.0,0.0,0.0,0.0,0.0,1.0,0.0,0.0,0.0,0.0,0.0,0.0,0.0,0.1,0.0,0.0001,16.0,25903.0
2026-07-30T18:59:32.188Z,141.671,141.684,0.0,7.4,0.0,0.0,0.0,0.0,0.0,0.0,0.0,0.0,1.0,0.0,0.0,0.0,9.0,4.0,0.0,0.0,0.0,0.0,0.0,0.0,0.0,0.0,4.0,12.0,1.0,12.18,5.0200000000000005,2.5,1.5,0.0,0.0,0.0,0.4,0.0,-0.2,0.6000000000000001,1.6,-169.60000000000002,0.0,0.0,169.8,0.0,21.4,30.5,30.5,31.1,300.0,300.0,30.700000000000003,34.9,30.1,29.5,31.3,4.95,1.99,4.96,0.16,0.0,0.0,1027.0,8228.0,0.0,0.0,0.0,0.0,0.0,1.0,0.0,0.0,0.0,0.0,0.0,1.1,0.0,-0.2,0.0,0.0,16.0,25903.0
2026-07-30T18:59:32.200Z,141.683,141.696,0.0,7.4,0.0,0.0,0.0,0.0,0.0,0.0,0.0,0.0,1.0,0.0,0.0,0.0,9.0,4.0,0.0,0.0,0.0,0.0,0.0,0.0,0.0,0.0,5.0,12.0,1.0,12.18,5.0200000000000005,2.5,1.5,0.0,0.1,0.0,0.4,0.0,-0.2,1.2000000000000002,0.4,-169.60000000000002,0.0,0.0,169.70000000000002,0.0,21.4,30.5,30.5,31.1,300.0,300.0,30.700000000000003,34.9,30.1,29.5,31.3,4.96,1.99,4.96,0.16,0.0,0.0,1027.0,8228.0,0.0,0.0,0.0,0.0,0.0,1.0,0.0,0.0,0.0,0.0,0.0,0.0,0.0,0.1,0.0,0.0002,16.0,25903.0
2026-07-30T18:59:32.212Z,141.695,141.708,0.0,7.4,0.0,0.0,0.0,0.0,0.0,0.0,0.0,0.0,1.0,0.0,0.0,0.0,9.0,4.0,0.0,0.0,0.0,0.0,0.0,0.0,0.0,0.0,1.0,12.0,1.0,12.18,5.0200000000000005,2.5,1.5,0.0,0.0,0.0,0.4,0.0,0.3,-0.4,-0.6000000000000001,-169.60000000000002,0.0,0.0,169.60000000000002,0.0,21.4,30.5,30.5,31.1,300.0,300.0,30.700000000000003,34.9,30.1,29.5,31.3,4.95,1.99,4.97,0.16,0.0,0.0,1027.0,8228.0,0.0,0.0,0.0,0.0,0.0,1.0,0.0,0.0,0.0,0.0,0.0,-1.0,0.0,0.4,0.0,0.0,16.0,25903.0
2026-07-30T18:59:32.224Z,141.707,141.72,0.0,7.4,0.0,0.0,0.0,0.0,0.0,0.0,0.0,0.0,1.0,0.0,0.0,0.0,9.0,4.0,0.0,0.0,0.0,0.0,0.0,0.0,0.0,0.0,2.0,12.0,1.0,12.18,5.0200000000000005,2.5,1.5,0.0,0.0,0.0,0.4,0.0,0.3,0.0,1.0,-169.60000000000002,0.0,0.0,169.70000000000002,0.0,21.4,30.5,30.5,31.1,300.0,300.0,30.700000000000003,34.9,30.1,29.5,31.3,4.95,1.99,4.96,0.16,0.0,0.0,1027.0,8228.0,0.0,0.0,0.0,0.0,0.0,1.0,0.0,0.0,0.0,0.0,0.0,0.8,0.0,-0.9,0.0,0.0001,16.0,25903.0
2026-07-30T18:59:32.236Z,141.719,141.732,0.0,7.4,0.0,0.0,0.0,0.0,0.0,0.0,0.0,0.0,1.0,0.0,0.0,0.0,9.0,4.0,0.0,0.0,0.0,0.0,0.0,0.0,0.0,0.0,2.0,12.0,1.0,12.18,5.0200000000000005,2.5,1.5,0.0,0.0,0.0,0.4,0.0,0.9,1.2000000000000002,0.4,-169.60000000000002,0.0,0.0,169.70000000000002,0.0,21.4,30.5,30.5,31.1,300.0,300.0,30.700000000000003,34.9,30.1,29.5,31.3,4.95,2.0,4.96,0.16,0.0,0.0,1027.0,8228.0,0.0,0.0,0.0,0.0,0.0,1.0,0.0,0.0,0.0,0.0,0.0,1.7000000000000002,0.0,-0.1,0.0,0.0001,16.0,25903.0
2026-07-30T18:59:32.250Z,141.733,141.744,0.0,7.4,0.0,0.0,0.0,0.0,0.0,0.0,0.0,0.0,1.0,0.0,0.0,0.0,9.0,4.0,0.0,0.0,0.0,0.0,0.0,0.0,0.0,0.0,4.0,12.0,1.0,12.18,5.0200000000000005,2.5,1.5,0.0,0.0,0.0,0.4,0.0,0.3,0.6000000000000001,-1.2000000000000002,-169.60000000000002,0.0,0.0,169.60000000000002,0.0,21.4,30.5,30.5,31.1,300.0,300.0,30.700000000000003,34.9,30.1,29.5,31.3,4.95,1.99,4.96,0.16,0.0,0.0,1027.0,8228.0,0.0,0.0,0.0,0.0,0.0,1.0,0.0,0.0,0.0,0.0,0.0,-0.2,0.0,1.2000000000000002,0.0,0.0,16.0,25903.0
2026-07-30T18:59:32.265Z,141.748,141.756,0.0,7.4,0.0,0.0,0.0,0.0,0.0,0.0,0.0,0.0,1.0,0.0,0.0,0.0,9.0,4.0,0.0,0.0,0.0,0.0,0.0,0.0,0.0,0.0,3.0,12.0,1.0,12.18,5.0200000000000005,2.5,1.5,0.0,0.0,0.0,0.4,0.0,0.3,0.7000000000000001,0.4,-169.60000000000002,0.0,0.0,169.70000000000002,0.0,21.4,30.5,30.5,31.1,300.0,300.0,30.700000000000003,34.9,30.1,29.5,31.3,4.95,1.99,4.97,0.16,0.0,0.0,1027.0,8228.0,0.0,0.0,0.0,0.0,0.0,1.0,0.0,0.0,0.0,0.0,0.0,1.1,0.0,-0.2,0.0,0.0002,16.0,25903.0
2026-07-30T18:59:32.272Z,141.755,141.768,0.0,7.4,0.0,0.0,0.0,0.0,0.0,0.0,0.0,0.0,1.0,0.0,0.0,0.0,9.0,4.0,0.0,0.0,0.0,0.0,0.0,0.0,0.0,0.0,1.0,12.0,1.0,12.18,5.0200000000000005,2.5,1.5,0.0,0.0,0.0,0.4,0.0,0.3,-0.4,0.4,-169.60000000000002,0.0,0.0,169.60000000000002,0.0,21.4,30.5,30.5,31.1,300.0,300.0,30.700000000000003,34.9,30.1,29.5,31.3,4.96,1.99,4.96,0.16,0.0,0.0,1027.0,8228.0,0.0,0.0,0.0,0.0,0.0,1.0,0.0,0.0,0.0,0.0,0.0,-0.2,0.0,-0.4,0.0,0.0,16.0,25903.0
2026-07-30T18:59:32.285Z,141.768,141.78,0.0,7.4,0.0,0.0,0.0,0.0,0.0,0.0,0.0,0.0,1.0,0.0,0.0,0.0,9.0,4.0,0.0,0.0,0.0,0.0,0.0,0.0,0.0,0.0,2.0,12.0,1.0,12.17,5.01,2.51,1.5,0.0,0.0,0.0,0.4,0.0,-0.2,0.0,-0.7000000000000001,-169.60000000000002,0.0,0.0,169.70000000000002,0.0,21.700000000000003,30.5,30.5,31.1,300.0,300.0,30.8,35.0,30.1,29.5,31.3,4.96,1.99,4.96,0.16,0.0,0.0,1027.0,8228.0,0.0,0.0,0.0,0.0,0.0,1.0,0.0,0.0,0.0,0.0,0.0,-0.4,0.0,0.6000000000000001,0.0,0.0,16.0,25903.0
2026-07-30T18:59:32.296Z,141.779,141.792,0.0,7.4,0.0,0.0,0.0,0.0,0.0,0.0,0.0,0.0,1.0,0.0,0.0,0.0,9.0,4.0,0.0,0.0,0.0,0.0,0.0,0.0,0.0,0.0,3.0,12.0,1.0,12.17,5.01,2.51,1.5,0.0,0.0,0.0,0.4,0.0,-0.2,-0.4,-0.1,-169.60000000000002,0.0,0.0,169.60000000000002,0.0,21.700000000000003,30.5,30.5,31.1,300.0,300.0,30.8,35.0,30.1,29.5,31.3,4.95,1.99,4.96,0.16,0.0,0.0,1027.0,8228.0,0.0,0.0,0.0,0.0,0.0,1.0,0.0,0.0,0.0,0.0,0.0,-0.6000000000000001,0.0,0.0,0.0,0.0,16.0,25903.0
2026-07-30T18:59:32.308Z,141.791,141.804,0.0,7.4,0.0,0.0,0.0,0.0,0.0,0.0,0.0,0.0,1.0,0.0,0.0,0.0,9.0,4.0,0.0,0.0,0.0,0.0,0.0,0.0,0.0,0.0,5.0,12.0,1.0,12.17,5.01,2.51,1.5,0.0,0.0,0.0,0.4,0.0,0.3,0.7000000000000001,-0.7000000000000001,-169.60000000000002,0.0,0.0,169.70000000000002,0.0,21.700000000000003,30.5,30.5,31.1,300.0,300.0,30.8,35.0,30.1,29.5,31.3,4.96,1.99,4.96,0.15,0.0,0.0,1027.0,8228.0,0.0,0.0,0.0,0.0,0.0,1.0,0.0,0.0,0.0,0.0,0.0,0.3,0.0,0.7000000000000001,0.0,0.0,16.0,25903.0
2026-07-30T18:59:32.320Z,141.803,141.816,0.0,7.4,0.0,0.0,0.0,0.0,0.0,0.0,0.0,0.0,1.0,0.0,0.0,0.0,9.0,4.0,0.0,0.0,0.0,0.0,0.0,0.0,0.0,0.0,6.0,12.0,1.0,12.17,5.01,2.51,1.5,0.0,0.0,0.0,0.4,0.0,0.3,-1.0,-0.7000000000000001,-169.60000000000002,0.0,0.0,169.70000000000002,0.0,21.700000000000003,30.5,30.5,31.1,300.0,300.0,30.8,35.0,30.1,29.5,31.3,4.95,2.0,4.96,0.15,0.0,0.0,1027.0,8228.0,0.0,0.0,0.0,0.0,0.0,1.0,0.0,0.0,0.0,0.0,0.0,-1.7000000000000002,0.0,0.4,0.0,0.0001,16.0,25903.0
2026-07-30T18:59:32.332Z,141.815,141.828,0.0,7.4,0.0,0.0,0.0,0.0,0.0,0.0,0.0,0.0,1.0,0.0,0.0,0.0,9.0,4.0,0.0,0.0,0.0,0.0,0.0,0.0,0.0,0.0,1.0,12.0,1.0,12.17,5.01,2.51,1.5,0.0,0.0,0.0,0.4,0.0,-0.1,0.1,0.5,-169.60000000000002,0.0,0.0,169.60000000000002,0.0,21.700000000000003,30.5,30.5,31.1,300.0,300.0,30.8,35.0,30.1,29.5,31.3,4.95,1.99,4.97,0.16,0.0,0.0,1027.0,8228.0,0.0,0.0,0.0,0.0,0.0,1.0,0.0,0.0,0.0,0.0,0.0,0.5,0.0,-0.4,0.0,0.0001,16.0,25903.0
2026-07-30T18:59:32.344Z,141.827,141.84,0.0,7.4,0.0,0.0,0.0,0.0,0.0,0.0,0.0,0.0,1.0,0.0,0.0,0.0,9.0,4.0,0.0,0.0,0.0,0.0,0.0,0.0,0.0,0.0,1.0,12.0,1.0,12.17,5.01,2.51,1.5,0.0,0.0,0.0,0.5,0.0,0.3,0.1,1.0,-169.60000000000002,0.0,0.0,169.60000000000002,0.0,21.700000000000003,30.5,30.5,31.1,300.0,300.0,30.8,35.0,30.1,29.5,31.3,4.95,1.99,4.97,0.16,0.0,0.0,1027.0,8228.0,0.0,0.0,0.0,0.0,0.0,1.0,0.0,0.0,0.0,0.0,0.0,0.9,0.0,-0.9,0.0,0.0,16.0,25903.0
2026-07-30T18:59:32.355Z,141.838,141.852,0.0,7.4,0.0,0.0,0.0,0.0,0.0,0.0,0.0,0.0,1.0,0.0,0.0,0.0,9.0,4.0,0.0,0.0,0.0,0.0,0.0,0.0,0.0,0.0,3.0,12.0,1.0,12.17,5.01,2.51,1.5,0.0,0.0,0.0,0.4,0.0,-0.1,-0.4,0.0,-169.60000000000002,0.0,0.0,169.60000000000002,0.0,21.700000000000003,30.5,30.5,31.1,300.0,300.0,30.8,35.0,30.1,29.5,31.3,4.96,1.99,4.96,0.16,0.0,0.0,1027.0,8228.0,0.0,0.0,0.0,0.0,0.0,1.0,0.0,0.0,0.0,0.0,0.0,-0.5,0.0,0.0,0.0,0.0,16.0,25903.0
2026-07-30T18:59:32.368Z,141.851,141.864,0.0,7.4,0.0,0.0,0.0,0.0,0.0,0.0,0.0,0.0,1.0,0.0,0.0,0.0,9.0,4.0,0.0,0.0,0.0,0.0,0.0,0.0,0.0,0.0,4.0,12.0,1.0,12.17,5.01,2.51,1.5,0.0,0.0,0.0,0.4,0.0,1.6,0.1,0.6000000000000001,-169.60000000000002,0.0,0.0,169.70000000000002,0.0,21.700000000000003,30.5,30.5,31.1,300.0,300.0,30.8,35.0,30.1,29.5,31.3,4.95,1.99,4.96,0.16,0.0,0.0,1027.0,8228.0,0.0,0.0,0.0,0.0,0.0,1.0,0.0,0.0,0.0,0.0,0.0,0.6000000000000001,0.0,-0.5,0.0,0.0,16.0,25903.0
2026-07-30T18:59:32.380Z,141.863,141.876,0.0,7.4,0.0,0.0,0.0,0.0,0.0,0.0,0.0,0.0,1.0,0.0,0.0,0.0,9.0,4.0,0.0,0.0,0.0,0.0,0.0,0.0,0.0,0.0,5.0,12.0,1.0,12.17,5.01,2.51,1.5,0.0,0.0,0.0,0.5,0.0,-0.7000000000000001,0.1,0.6000000000000001,-169.60000000000002,0.0,0.0,169.70000000000002,0.0,21.700000000000003,30.5,30.5,31.1,300.0,300.0,30.8,35.0,30.1,29.5,31.3,4.95,1.98,4.96,0.16,0.0,0.0,1027.0,8228.0,0.0,0.0,0.0,0.0,0.0,1.0,0.0,0.0,0.0,0.0,0.0,0.6000000000000001,0.0,-0.5,0.0,0.0,16.0,25903.0
2026-07-30T18:59:32.391Z,141.874,141.888,0.0,7.4,0.0,0.0,0.0,0.0,0.0,0.0,0.0,0.0,1.0,0.0,0.0,0.0,9.0,4.0,0.0,0.0,0.0,0.0,0.0,0.0,0.0,0.0,1.0,12.0,1.0,12.17,5.01,2.5,1.49,0.0,0.0,0.0,0.4,0.0,0.4,0.1,0.6000000000000001,-169.60000000000002,0.0,0.0,169.70000000000002,0.0,20.6,30.5,30.5,31.1,300.0,300.0,31.0,34.9,30.1,29.5,31.3,4.96,2.0,4.96,0.16,0.0,0.0,1027.0,8228.0,0.0,0.0,0.0,0.0,0.0,1.0,0.0,0.0,0.0,0.0,0.0,0.6000000000000001,0.0,-0.5,0.0,0.0,16.0,25903.0
2026-07-30T18:59:32.404Z,141.887,141.9,0.0,7.4,0.0,0.0,0.0,0.0,0.0,0.0,0.0,0.0,1.0,0.0,0.0,0.0,9.0,4.0,0.0,0.0,0.0,0.0,0.0,0.0,0.0,0.0,2.0,12.0,1.0,12.17,5.01,2.5,1.49,0.0,0.0,0.0,0.4,0.0,-0.2,0.1,0.0,-169.60000000000002,0.0,0.0,169.70000000000002,0.0,20.6,30.5,30.5,31.1,300.0,300.0,31.0,34.9,30.1,29.5,31.3,4.95,2.0,4.96,0.16,0.0,0.0,1027.0,8228.0,0.0,0.0,0.0,0.0,0.0,1.0,0.0,0.0,0.0,0.0,0.0,0.2,0.0,0.0,0.0,0.0,16.0,25903.0
2026-07-30T18:59:32.416Z,141.899,141.912,0.0,7.4,0.0,0.0,0.0,0.0,0.0,0.0,0.0,0.0,1.0,0.0,0.0,0.0,9.0,4.0,0.0,0.0,0.0,0.0,0.0,0.0,0.0,0.0,3.0,12.0,1.0,12.17,5.01,2.5,1.49,0.0,0.0,0.0,0.4,0.0,0.3,0.1,-1.2000000000000002,-169.60000000000002,0.0,0.0,169.8,0.0,20.6,30.5,30.5,31.1,300.0,300.0,31.0,34.9,30.1,29.5,31.3,4.95,1.99,4.97,0.16,0.0,0.0,1027.0,8228.0,0.0,0.0,0.0,0.0,0.0,1.0,0.0,0.0,0.0,0.0,0.0,-0.8,0.0,1.1,0.0,0.0,16.0,25903.0
2026-07-30T18:59:32.428Z,141.911,141.924,0.0,7.4,0.0,0.0,0.0,0.0,0.0,0.0,0.0,0.0,1.0,0.0,0.0,0.0,9.0,4.0,0.0,0.0,0.0,0.0,0.0,0.0,0.0,0.0,3.0,12.0,1.0,12.17,5.01,2.5,1.49,0.0,0.1,0.0,0.4,0.0,0.3,0.1,0.0,-169.60000000000002,0.0,0.0,169.60000000000002,0.0,20.6,30.5,30.5,31.1,300.0,300.0,31.0,34.9,30.1,29.5,31.3,4.95,1.99,4.96,0.16,0.0,0.0,1027.0,8228.0,0.0,0.0,0.0,0.0,0.0,1.0,0.0,0.0,0.0,0.0,0.0,0.0,0.0,0.0,0.0,0.0002,16.0,25903.0
2026-07-30T18:59:32.440Z,141.923,141.936,0.0,7.4,0.0,0.0,0.0,0.0,0.0,0.0,0.0,0.0,1.0,0.0,0.0,0.0,9.0,4.0,0.0,0.0,0.0,0.0,0.0,0.0,0.0,0.0,5.0,12.0,1.0,12.17,5.01,2.5,1.49,0.0,0.0,0.0,0.5,0.0,-0.8,0.1,0.0,-169.60000000000002,0.0,0.0,169.70000000000002,0.0,20.6,30.5,30.5,31.1,300.0,300.0,31.0,34.9,30.1,29.5,31.3,4.96,1.99,4.96,0.15,0.0,0.0,1027.0,8228.0,0.0,0.0,0.0,0.0,0.0,1.0,0.0,0.0,0.0,0.0,0.0,0.1,0.0,0.0,0.0,0.0001,16.0,25903.0
2026-07-30T18:59:32.452Z,141.935,141.948,0.0,7.4,0.0,0.0,0.0,0.0,0.0,0.0,0.0,0.0,1.0,0.0,0.0,0.0,9.0,4.0,0.0,0.0,0.0,0.0,0.0,0.0,0.0,0.0,6.0,12.0,1.0,12.17,5.01,2.5,1.49,0.0,0.0,0.0,0.4,0.0,-0.2,0.7000000000000001,-0.6000000000000001,-169.60000000000002,0.0,0.0,169.60000000000002,0.0,20.6,30.5,30.5,31.1,300.0,300.0,31.0,34.9,30.1,29.5,31.3,4.95,1.99,4.96,0.16,0.0,0.0,1027.0,8228.0,0.0,0.0,0.0,0.0,0.0,1.0,0.0,0.0,0.0,0.0,0.0,0.3,0.0,0.6000000000000001,0.0,0.0,16.0,25903.0
2026-07-30T18:59:32.464Z,141.947,141.96,0.0,7.4,0.0,0.0,0.0,0.0,0.0,0.0,0.0,0.0,1.0,0.0,0.0,0.0,9.0,4.0,0.0,0.0,0.0,0.0,0.0,0.0,0.0,0.0,1.0,12.0,1.0,12.17,5.01,2.5,1.49,0.0,0.0,0.0,0.4,0.0,1.4,0.1,2.3000000000000003,-169.60000000000002,0.0,0.0,169.60000000000002,0.0,20.6,30.5,30.5,31.1,300.0,300.0,31.0,34.9,30.1,29.5,31.3,4.96,1.99,4.96,0.16,0.0,0.0,1027.0,8228.0,0.0,0.0,0.0,0.0,0.0,1.0,0.0,0.0,0.0,0.0,0.0,1.9,0.0,-2.0,0.0,0.0,16.0,25903.0
2026-07-30T18:59:32.476Z,141.959,141.972,0.0,7.4,0.0,0.0,0.0,0.0,0.0,0.0,0.0,0.0,1.0,0.0,0.0,0.0,9.0,4.0,0.0,0.0,0.0,0.0,0.0,0.0,0.0,0.0,2.0,12.0,1.0,12.17,5.01,2.5,1.49,0.0,0.0,0.0,0.4,0.0,-0.2,-0.5,0.5,-169.60000000000002,0.0,0.0,169.60000000000002,0.0,20.6,30.5,30.5,31.1,300.0,300.0,31.0,34.9,30.1,29.5,31.3,4.96,2.0,4.97,0.16,0.0,0.0,1027.0,8228.0,0.0,0.0,0.0,0.0,0.0,1.0,0.0,0.0,0.0,0.0,0.0,-0.1,0.0,-0.5,0.0,0.0,16.0,25903.0
2026-07-30T18:59:32.489Z,141.972,141.984,0.0,7.4,0.0,0.0,0.0,0.0,0.0,0.0,0.0,0.0,1.0,0.0,0.0,0.0,9.0,4.0,0.0,0.0,0.0,0.0,0.0,0.0,0.0,0.0,2.0,12.0,1.0,12.15,5.0200000000000005,2.51,1.49,0.0,0.0,0.0,0.4,0.0,0.9,0.1,-1.2000000000000002,-169.60000000000002,0.0,0.0,169.70000000000002,0.0,21.3,30.5,30.5,31.1,300.0,300.0,30.9,34.9,30.1,29.5,31.3,4.95,1.99,4.97,0.16,0.0,0.0,1027.0,8228.0,0.0,0.0,0.0,0.0,0.0,1.0,0.0,0.0,0.0,0.0,0.0,-0.7000000000000001,0.0,1.0,0.0,0.0,16.0,25903.0
2026-07-30T18:59:32.500Z,141.983,141.996,0.0,7.4,0.0,0.0,0.0,0.0,0.0,0.0,0.0,0.0,1.0,0.0,0.0,0.0,9.0,4.0,0.0,0.0,0.0,0.0,0.0,0.0,0.0,0.0,3.0,12.0,1.0,12.15,5.0200000000000005,2.51,1.49,0.0,0.0,0.0,0.4,0.0,-0.2,-0.4,0.0,-169.60000000000002,0.0,0.0,169.8,0.0,21.3,30.5,30.5,31.1,300.0,300.0,30.9,34.9,30.1,29.5,31.3,4.95,1.99,4.96,0.16,0.0,0.0,1027.0,8228.0,0.0,0.0,0.0,0.0,0.0,1.0,0.0,0.0,0.0,0.0,0.0,-0.5,0.0,0.0,0.0,0.0001,16.0,25903.0
2026-07-30T18:59:32.512Z,141.995,142.008,0.0,7.4,0.0,0.0,0.0,0.0,0.0,0.0,0.0,0.0,1.0,0.0,0.0,0.0,9.0,4.0,0.0,0.0,0.0,0.0,0.0,0.0,0.0,0.0,4.0,12.0,1.0,12.15,5.0200000000000005,2.51,1.49,0.0,0.0,0.0,0.4,0.0,-0.2,0.1,0.0,-169.60000000000002,0.0,0.0,169.70000000000002,0.0,21.3,30.5,30.5,31.1,300.0,300.0,30.9,34.9,30.1,29.5,31.3,4.96,1.99,4.96,0.16,0.0,0.0,1027.0,8228.0,0.0,0.0,0.0,0.0,0.0,1.0,0.0,0.0,0.0,0.0,0.0,0.1,0.0,0.0,0.0,0.0001,16.0,25903.0
2026-07-30T18:59:32.524Z,142.007,142.02,0.0,7.4,0.0,0.0,0.0,0.0,0.0,0.0,0.0,0.0,1.0,0.0,0.0,0.0,9.0,4.0,0.0,0.0,0.0,0.0,0.0,0.0,0.0,0.0,5.0,12.0,1.0,12.15,5.0200000000000005,2.51,1.49,0.0,0.1,0.0,0.4,0.0,0.9,1.2000000000000002,-0.5,-169.60000000000002,0.0,0.0,169.70000000000002,0.0,21.3,30.5,30.5,31.1,300.0,300.0,30.9,34.9,30.1,29.5,31.3,4.96,1.99,4.97,0.16,0.0,0.0,1027.0,8228.0,0.0,0.0,0.0,0.0,0.0,1.0,0.0,0.0,0.0,0.0,0.0,1.0,0.0,0.7000000000000001,0.0,0.0001,16.0,25903.0
2026-07-30T18:59:32.536Z,142.019,142.032,0.0,7.4,0.0,0.0,0.0,0.0,0.0,0.0,0.0,0.0,1.0,0.0,0.0,0.0,9.0,4.0,0.0,0.0,0.0,0.0,0.0,0.0,0.0,0.0,1.0,12.0,1.0,12.15,5.0200000000000005,2.51,1.49,0.0,0.0,0.0,0.4,0.0,-0.8,0.1,0.0,-169.60000000000002,0.0,0.0,169.8,0.0,21.3,30.5,30.5,31.1,300.0,300.0,30.9,34.9,30.1,29.5,31.3,4.95,1.99,4.97,0.16,0.0,0.0,1027.0,8228.0,0.0,0.0,0.0,0.0,0.0,1.0,0.0,0.0,0.0,0.0,0.0,0.1,0.0,0.0,0.0,0.0,16.0,25903.0
2026-07-30T18:59:32.548Z,142.031,142.044,0.0,7.4,0.0,0.0,0.0,0.0,0.0,0.0,0.0,0.0,1.0,0.0,0.0,0.0,9.0,4.0,0.0,0.0,0.0,0.0,0.0,0.0,0.0,0.0,2.0,12.0,1.0,12.15,5.0200000000000005,2.51,1.49,0.0,0.0,0.0,0.5,0.0,1.5,0.1,1.0,-169.60000000000002,0.0,0.0,169.70000000000002,0.0,21.3,30.5,30.5,31.1,300.0,300.0,30.9,34.9,30.1,29.5,31.3,4.96,1.99,4.97,0.16,0.0,0.0,1027.0,8228.0,0.0,0.0,0.0,0.0,0.0,1.0,0.0,0.0,0.0,0.0,0.0,0.9,0.0,-0.9,0.0,0.0001,16.0,25903.0
2026-07-30T18:59:32.560Z,142.043,142.056,0.0,7.4,0.0,0.0,0.0,0.0,0.0,0.0,0.0,0.0,1.0,0.0,0.0,0.0,9.0,4.0,0.0,0.0,0.0,0.0,0.0,0.0,0.0,0.0,3.0,12.0,1.0,12.15,5.0200000000000005,2.51,1.49,0.0,0.0,0.0,0.4,0.0,-0.2,0.1,0.0,-169.60000000000002,0.0,0.0,169.70000000000002,0.0,21.3,30.5,30.5,31.1,300.0,300.0,30.9,34.9,30.1,29.5,31.3,4.96,1.99,4.96,0.16,0.0,0.0,1027.0,8228.0,0.0,0.0,0.0,0.0,0.0,1.0,0.0,0.0,0.0,0.0,0.0,0.1,0.0,0.0,0.0,0.0,16.0,25903.0
2026-07-30T18:59:32.576Z,142.059,142.068,0.0,7.4,0.0,0.0,0.0,0.0,0.0,0.0,0.0,0.0,1.0,0.0,0.0,0.0,9.0,4.0,0.0,0.0,0.0,0.0,0.0,0.0,0.0,0.0,3.0,12.0,1.0,12.15,5.0200000000000005,2.51,1.49,0.0,0.0,0.0,0.4,0.0,-1.3,-0.4,0.0,-169.60000000000002,0.0,0.0,169.8,0.0,21.3,30.5,30.5,31.1,300.0,300.0,30.9,34.9,30.1,29.5,31.3,4.96,1.99,4.97,0.16,0.0,0.0,1027.0,8228.0,0.0,0.0,0.0,0.0,0.0,1.0,0.0,0.0,0.0,0.0,0.0,-0.5,0.0,-0.1,0.0,0.0001,16.0,25903.0
2026-07-30T18:59:32.583Z,142.066,142.08,0.0,7.4,0.0,0.0,0.0,0.0,0.0,0.0,0.0,0.0,1.0,0.0,0.0,0.0,9.0,4.0,0.0,0.0,0.0,0.0,0.0,0.0,0.0,0.0,2.0,12.0,1.0,12.15,5.0200000000000005,2.51,1.49,0.0,0.1,0.0,0.4,0.0,-0.7000000000000001,0.1,1.1,-169.60000000000002,0.0,0.0,169.60000000000002,0.0,21.3,30.5,30.5,31.1,300.0,300.0,30.9,34.9,30.1,29.5,31.3,4.95,1.99,4.97,0.16,0.0,0.0,1027.0,8228.0,0.0,0.0,0.0,0.0,0.0,1.0,0.0,0.0,0.0,0.0,0.0,1.0,0.0,-1.0,0.0,0.0001,16.0,25903.0
2026-07-30T18:59:32.596Z,142.079,142.092,0.0,7.4,0.0,0.0,0.0,0.0,0.0,0.0,0.0,0.0,1.0,0.0,0.0,0.0,9.0,4.0,0.0,0.0,0.0,0.0,0.0,0.0,0.0,0.0,3.0,12.0,1.0,12.15,5.01,2.51,1.49,0.0,0.0,0.0,0.4,0.0,0.4,0.1,-0.5,-169.60000000000002,0.0,0.0,169.70000000000002,0.0,21.700000000000003,30.5,30.5,31.1,300.0,300.0,30.8,34.9,30.1,29.5,31.3,4.96,1.99,4.96,0.16,0.0,0.0,1027.0,8228.0,0.0,0.0,0.0,0.0,0.0,1.0,0.0,0.0,0.0,0.0,0.0,-0.2,0.0,0.5,0.0,0.0002,16.0,25903.0
2026-07-30T18:59:32.607Z,142.09,142.104,0.0,7.4,0.0,0.0,0.0,0.0,0.0,0.0,0.0,0.0,1.0,0.0,0.0,0.0,9.0,4.0,0.0,0.0,0.0,0.0,0.0,0.0,0.0,0.0,4.0,12.0,1.0,12.15,5.01,2.51,1.49,0.0,0.0,0.0,0.4,0.0,0.9,0.7000000000000001,-0.5,-169.60000000000002,0.0,0.0,169.60000000000002,0.0,21.700000000000003,30.5,30.5,31.1,300.0,300.0,30.8,34.9,30.1,29.5,31.3,4.95,1.98,4.97,0.16,0.0,0.0,1027.0,8228.0,0.0,0.0,0.0,0.0,0.0,1.0,0.0,0.0,0.0,0.0,0.0,0.4,0.0,0.6000000000000001,0.0,0.0,16.0,25903.0
2026-07-30T18:59:32.619Z,142.102,142.116,0.0,7.4,0.0,0.0,0.0,0.0,0.0,0.0,0.0,0.0,1.0,0.0,0.0,0.0,9.0,4.0,0.0,0.0,0.0,0.0,0.0,0.0,0.0,0.0,5.0,12.0,1.0,12.15,5.01,2.51,1.49,0.0,0.0,0.0,0.5,0.0,-0.2,0.1,0.0,-169.60000000000002,0.0,0.0,169.70000000000002,0.0,21.700000000000003,30.5,30.5,31.1,300.0,300.0,30.8,34.9,30.1,29.5,31.3,4.95,1.99,4.96,0.16,0.0,0.0,1027.0,8228.0,0.0,0.0,0.0,0.0,0.0,1.0,0.0,0.0,0.0,0.0,0.0,0.1,0.0,0.0,0.0,0.0001,16.0,25903.0
2026-07-30T18:59:32.632Z,142.115,142.128,0.0,7.4,0.0,0.0,0.0,0.0,0.0,0.0,0.0,0.0,1.0,0.0,0.0,0.0,9.0,4.0,0.0,0.0,0.0,0.0,0.0,0.0,0.0,0.0,6.0,12.0,1.0,12.15,5.01,2.51,1.49,0.0,0.0,0.0,0.4,0.0,0.3,0.1,-0.5,-169.60000000000002,0.0,0.0,169.70000000000002,0.0,21.700000000000003,30.5,30.5,31.1,300.0,300.0,30.8,34.9,30.1,29.5,31.3,4.96,1.99,4.96,0.16,0.0,0.0,1027.0,8228.0,0.0,0.0,0.0,0.0,0.0,1.0,0.0,0.0,0.0,0.0,0.0,-0.2,0.0,0.4,0.0,0.0001,16.0,25903.0
2026-07-30T18:59:32.644Z,142.127,142.14,0.0,7.4,0.0,0.0,0.0,0.0,0.0,0.0,0.0,0.0,1.0,0.0,0.0,0.0,9.0,4.0,0.0,0.0,0.0,0.0,0.0,0.0,0.0,0.0,1.0,12.0,1.0,12.15,5.01,2.51,1.49,0.0,0.0,0.0,0.4,0.0,-0.2,0.7000000000000001,1.7000000000000002,-169.60000000000002,0.0,0.0,169.70000000000002,0.0,21.700000000000003,30.5,30.5,31.1,300.0,300.0,30.8,34.9,30.1,29.5,31.3,4.96,1.99,4.96,0.16,0.0,0.0,1027.0,8228.0,0.0,0.0,0.0,0.0,0.0,1.0,0.0,0.0,0.0,0.0,0.0,2.1,0.0,-1.4,0.0,0.0,16.0,25903.0
2026-07-30T18:59:32.656Z,142.139,142.15200000000002,0.0,7.4,0.0,0.0,0.0,0.0,0.0,0.0,0.0,0.0,1.0,0.0,0.0,0.0,9.0,4.0,0.0,0.0,0.0,0.0,0.0,0.0,0.0,0.0,2.0,12.0,1.0,12.15,5.01,2.51,1.49,0.0,0.0,0.0,0.4,0.0,-0.2,0.1,-0.5,-169.60000000000002,0.0,0.0,169.70000000000002,0.0,21.700000000000003,30.5,30.5,31.1,300.0,300.0,30.8,34.9,30.1,29.5,31.3,4.95,1.99,4.97,0.16,0.0,0.0,1027.0,8228.0,0.0,0.0,0.0,0.0,0.0,1.0,0.0,0.0,0.0,0.0,0.0,-0.2,0.0,0.5,0.0,0.0001,16.0,25903.0
2026-07-30T18:59:32.668Z,142.151,142.16400000000002,0.0,7.4,0.0,0.0,0.0,0.0,0.0,0.0,0.0,0.0,1.0,0.0,0.0,0.0,9.0,4.0,0.0,0.0,0.0,0.0,0.0,0.0,0.0,0.0,3.0,12.0,1.0,12.15,5.01,2.51,1.49,0.0,0.0,0.0,0.4,0.0,-0.1,0.1,0.6000000000000001,-169.60000000000002,0.0,0.0,169.8,0.0,21.700000000000003,30.5,30.5,31.1,300.0,300.0,30.8,34.9,30.1,29.5,31.3,4.95,1.99,4.96,0.16,0.0,0.0,1027.0,8228.0,0.0,0.0,0.0,0.0,0.0,1.0,0.0,0.0,0.0,0.0,0.0,0.6000000000000001,0.0,-0.5,0.0,0.0,16.0,25903.0
2026-07-30T18:59:32.680Z,142.163,142.17600000000002,0.0,7.4,0.0,0.0,0.0,0.0,0.0,0.0,0.0,0.0,1.0,0.0,0.0,0.0,9.0,4.0,0.0,0.0,0.0,0.0,0.0,0.0,0.0,0.0,4.0,12.0,1.0,12.15,5.01,2.51,1.49,0.0,0.0,0.0,0.5,0.0,-0.7000000000000001,-0.3,0.6000000000000001,-169.70000000000002,0.0,0.0,169.8,0.0,21.700000000000003,30.5,30.5,31.1,300.0,300.0,30.8,34.9,30.1,29.5,31.3,4.95,1.99,4.96,0.15,0.0,0.0,1027.0,8228.0,0.0,0.0,0.0,0.0,0.0,1.0,0.0,0.0,0.0,0.0,0.0,0.0,0.0,-0.6000000000000001,0.0,0.0001,16.0,25903.0
2026-07-30T18:59:32.693Z,142.176,142.18800000000002,0.0,7.4,0.0,0.0,0.0,0.0,0.0,0.0,0.0,0.0,1.0,0.0,0.0,0.0,9.0,4.0,0.0,0.0,0.0,0.0,0.0,0.0,0.0,0.0,4.0,12.0,1.0,12.14,5.0200000000000005,2.5,1.5,0.0,0.0,0.0,0.4,0.0,-0.1,-0.4,0.5,-169.70000000000002,0.0,0.0,169.8,0.0,21.700000000000003,30.5,30.5,31.1,300.0,300.0,30.9,35.0,30.1,29.5,31.3,4.95,1.99,4.97,0.16,0.0,0.0,1027.0,8228.0,0.0,0.0,0.0,0.0,0.0,1.0,0.0,0.0,0.0,0.0,0.0,-0.4,0.0,0.0,0.0,0.0,16.0,25903.0
2026-07-30T18:59:32.704Z,142.187,142.20000000000002,0.0,7.4,0.0,0.0,0.0,0.0,0.0,0.0,0.0,0.0,1.0,0.0,0.0,0.0,9.0,4.0,0.0,0.0,0.0,0.0,0.0,0.0,0.0,0.0,5.0,12.0,1.0,12.14,5.0200000000000005,2.5,1.5,0.0,0.0,0.0,0.4,0.0,-0.7000000000000001,0.7000000000000001,0.0,-169.70000000000002,0.0,0.0,169.8,0.0,21.700000000000003,30.5,30.5,31.1,300.0,300.0,30.9,35.0,30.1,29.5,31.3,4.96,1.99,4.96,0.16,0.0,0.0,1027.0,8228.0,0.0,0.0,0.0,0.0,0.0,1.0,0.0,0.0,0.0,0.0,0.0,-2.0,0.0,0.8,0.0,0.0001,16.0,25903.0
2026-07-30T18:59:32.715Z,142.198,142.212,0.0,7.4,0.0,0.0,0.0,0.0,0.0,0.0,0.0,0.0,1.0,0.0,0.0,0.0,9.0,4.0,0.0,0.0,0.0,0.0,0.0,0.0,0.0,0.0,6.0,12.0,1.0,12.14,5.0200000000000005,2.5,1.5,0.0,0.0,0.0,0.4,0.0,0.3,0.6000000000000001,0.4,-169.70000000000002,0.0,0.0,169.70000000000002,0.0,21.700000000000003,30.5,30.5,31.1,300.0,300.0,30.9,35.0,30.1,29.5,31.3,4.96,1.99,4.97,0.16,0.0,0.0,1027.0,8228.0,0.0,0.0,0.0,0.0,0.0,1.0,0.0,0.0,0.0,0.0,0.0,0.0,0.0,0.1,0.0,0.0,16.0,25903.0
2026-07-30T18:59:32.728Z,142.211,142.224,0.0,7.4,0.0,0.0,0.0,0.0,0.0,0.0,0.0,0.0,1.0,0.0,0.0,0.0,9.0,4.0,0.0,0.0,0.0,0.0,0.0,0.0,0.0,0.0,1.0,12.0,1.0,12.14,5.0200000000000005,2.5,1.5,0.0,0.0,0.0,0.4,0.0,0.2,0.6000000000000001,1.0,-169.70000000000002,0.0,0.0,169.8,0.0,21.700000000000003,30.5,30.5,31.1,300.0,300.0,30.9,35.0,30.1,29.5,31.3,4.96,1.99,4.97,0.16,0.0,0.0,1027.0,8228.0,0.0,0.0,0.0,0.0,0.0,1.0,0.0,0.0,0.0,0.0,0.0,1.5,0.0,-0.7000000000000001,0.0,0.0001,16.0,25903.0
2026-07-30T18:59:32.740Z,142.223,142.236,0.0,7.4,0.0,0.0,0.0,0.0,0.0,0.0,0.0,0.0,1.0,0.0,0.0,0.0,9.0,4.0,0.0,0.0,0.0,0.0,0.0,0.0,0.0,0.0,2.0,12.0,1.0,12.14,5.0200000000000005,2.5,1.5,0.0,0.0,0.0,0.4,0.0,-0.2,-0.4,-1.2000000000000002,-169.70000000000002,0.0,0.0,169.70000000000002,0.0,21.700000000000003,30.5,30.5,31.1,300.0,300.0,30.9,35.0,30.1,29.5,31.3,4.95,1.99,4.97,0.16,0.0,0.0,1027.0,8228.0,0.0,0.0,0.0,0.0,0.0,1.0,0.0,0.0,0.0,0.0,0.0,-1.5,0.0,1.0,0.0,0.0,16.0,25903.0
2026-07-30T18:59:32.752Z,142.235,142.248,0.0,7.4,0.0,0.0,0.0,0.0,0.0,0.0,0.0,0.0,1.0,0.0,0.0,0.0,9.0,4.0,0.0,0.0,0.0,0.0,0.0,0.0,0.0,0.0,2.0,12.0,1.0,12.14,5.0200000000000005,2.5,1.5,0.0,0.0,0.0,0.5,0.0,-0.8,0.0,0.4,-169.70000000000002,0.0,0.0,169.70000000000002,0.0,21.700000000000003,30.5,30.5,31.1,300.0,300.0,30.9,35.0,30.1,29.5,31.3,4.96,2.0,4.96,0.16,0.0,0.0,1027.0,8228.0,0.0,0.0,0.0,0.0,0.0,1.0,0.0,0.0,0.0,0.0,0.0,0.3,0.0,-0.4,0.0,0.0002,16.0,25903.0
2026-07-30T18:59:32.764Z,142.247,142.26,0.0,7.4,0.0,0.0,0.0,0.0,0.0,0.0,0.0,0.0,1.0,0.0,0.0,0.0,9.0,4.0,0.0,0.0,0.0,0.0,0.0,0.0,0.0,0.0,4.0,12.0,1.0,12.14,5.0200000000000005,2.5,1.5,0.0,0.0,0.0,0.4,0.0,0.2,0.6000000000000001,0.4,-169.70000000000002,0.0,0.0,169.70000000000002,0.0,21.700000000000003,30.5,30.5,31.1,300.0,300.0,30.9,35.0,30.1,29.5,31.3,4.96,1.99,4.97,0.16,0.0,0.0,1027.0,8228.0,0.0,0.0,0.0,0.0,0.0,1.0,0.0,0.0,0.0,0.0,0.0,1.0,0.0,-0.2,0.0,0.0,16.0,25903.0
2026-07-30T18:59:32.776Z,142.259,142.272,0.0,7.4,0.0,0.0,0.0,0.0,0.0,0.0,0.0,0.0,1.0,0.0,0.0,0.0,9.0,4.0,0.0,0.0,0.0,0.0,0.0,0.0,0.0,0.0,4.0,12.0,1.0,12.14,5.0200000000000005,2.5,1.5,0.0,0.1,0.0,0.4,0.0,0.2,0.0,-0.1,-169.70000000000002,0.0,0.0,169.8,0.0,21.700000000000003,30.5,30.5,31.1,300.0,300.0,30.9,35.0,30.1,29.5,31.3,4.95,1.99,4.97,0.16,0.0,0.0,1027.0,8228.0,0.0,0.0,0.0,0.0,0.0,1.0,0.0,0.0,0.0,0.0,0.0,0.0,0.0,0.1,0.0,0.0001,16.0,25903.0
2026-07-30T18:59:32.788Z,142.271,142.284,0.0,7.4,0.0,0.0,0.0,0.0,0.0,0.0,0.0,0.0,1.0,0.0,0.0,0.0,9.0,4.0,0.0,0.0,0.0,0.0,0.0,0.0,0.0,0.0,6.0,12.0,1.0,12.14,5.0200000000000005,2.5,1.5,0.0,0.0,0.0,0.5,0.0,-0.2,0.0,-1.2000000000000002,-169.70000000000002,0.0,0.0,169.70000000000002,0.0,21.700000000000003,30.5,30.5,31.1,300.0,300.0,30.9,35.0,30.1,29.5,31.3,4.96,1.99,4.96,0.16,0.0,0.0,1027.0,8228.0,0.0,0.0,0.0,0.0,0.0,1.0,0.0,0.0,0.0,0.0,0.0,-0.8,0.0,1.1,0.0,0.0,16.0,25903.0
2026-07-30T18:59:32.800Z,142.283,142.296,0.0,7.4,0.0,0.0,0.0,0.0,0.0,0.0,0.0,0.0,1.0,0.0,0.0,0.0,9.0,4.0,0.0,0.0,0.0,0.0,0.0,0.0,0.0,0.0,1.0,12.0,1.0,12.15,5.01,2.5,1.49,0.0,0.0,0.0,0.4,0.0,-0.8,-1.1,-1.2000000000000002,-169.70000000000002,0.0,0.0,169.70000000000002,0.0,22.1,30.5,30.5,31.1,300.0,300.0,30.9,35.0,30.1,29.5,31.3,4.95,2.0,4.96,0.16,0.0,0.0,1027.0,8228.0,0.0,0.0,0.0,0.0,0.0,1.0,0.0,0.0,0.0,0.0,0.0,-2.2,0.0,0.8,0.0,0.0001,16.0,25903.0
2026-07-30T18:59:32.812Z,142.295,142.308,0.0,7.4,0.0,0.0,0.0,0.0,0.0,0.0,0.0,0.0,1.0,0.0,0.0,0.0,9.0,4.0,0.0,0.0,0.0,0.0,0.0,0.0,0.0,0.0,2.0,12.0,1.0,12.15,5.01,2.5,1.49,0.0,0.0,0.0,0.5,0.0,0.3,1.2000000000000002,0.0,-169.70000000000002,0.0,0.0,169.8,0.0,22.1,30.5,30.5,31.1,300.0,300.0,30.9,35.0,30.1,29.5,31.3,4.95,1.99,4.97,0.16,0.0,0.0,1027.0,8228.0,0.0,0.0,0.0,0.0,0.0,1.0,0.0,0.0,0.0,0.0,0.0,1.3,0.0,0.3,0.0,0.0001,16.0,25903.0
2026-07-30T18:59:32.823Z,142.306,142.32,0.0,7.4,0.0,0.0,0.0,0.0,0.0,0.0,0.0,0.0,1.0,0.0,0.0,0.0,9.0,4.0,0.0,0.0,0.0,0.0,0.0,0.0,0.0,0.0,4.0,12.0,1.0,12.15,5.01,2.5,1.49,0.0,0.0,0.0,0.4,0.0,0.3,0.0,1.6,-169.70000000000002,0.0,0.0,169.8,0.0,22.1,30.5,30.5,31.1,300.0,300.0,30.9,35.0,30.1,29.5,31.3,4.95,1.99,4.97,0.16,0.0,0.0,1027.0,8228.0,0.0,0.0,0.0,0.0,0.0,1.0,0.0,0.0,0.0,0.0,0.0,1.3,0.0,-1.4,0.0,0.0002,16.0,25903.0
2026-07-30T18:59:32.836Z,142.319,142.332,0.0,7.4,0.0,0.0,0.0,0.0,0.0,0.0,0.0,0.0,1.0,0.0,0.0,0.0,9.0,4.0,0.0,0.0,0.0,0.0,0.0,0.0,0.0,0.0,5.0,12.0,1.0,12.15,5.01,2.5,1.49,0.0,0.0,0.0,0.4,0.0,0.3,1.2000000000000002,1.0,-169.70000000000002,0.0,0.0,169.8,0.0,22.1,30.5,30.5,31.1,300.0,300.0,30.9,35.0,30.1,29.5,31.3,4.96,1.99,4.96,0.16,0.0,0.0,1027.0,8228.0,0.0,0.0,0.0,0.0,0.0,1.0,0.0,0.0,0.0,0.0,0.0,2.2,0.0,-0.6000000000000001,0.0,0.0001,16.0,25903.0
2026-07-30T18:59:32.847Z,142.33,142.344,0.0,7.4,0.0,0.0,0.0,0.0,0.0,0.0,0.0,0.0,1.0,0.0,0.0,0.0,9.0,4.0,0.0,0.0,0.0,0.0,0.0,0.0,0.0,0.0,6.0,12.0,1.0,12.15,5.01,2.5,1.49,0.0,0.0,0.0,0.4,0.0,0.8,0.1,0.0,-169.70000000000002,0.0,0.0,169.70000000000002,0.0,22.1,30.5,30.5,31.1,300.0,300.0,30.9,35.0,30.1,29.5,31.3,4.95,1.99,4.96,0.16,0.0,0.0,1027.0,8228.0,0.0,0.0,0.0,0.0,0.0,1.0,0.0,0.0,0.0,0.0,0.0,0.0,0.0,0.1,0.0,0.0001,16.0,25903.0
2026-07-30T18:59:32.860Z,142.343,142.356,0.0,7.4,0.0,0.0,0.0,0.0,0.0,0.0,0.0,0.0,1.0,0.0,0.0,0.0,9.0,4.0,0.0,0.0,0.0,0.0,0.0,0.0,0.0,0.0,1.0,12.0,1.0,12.15,5.01,2.5,1.49,0.0,0.0,0.0,0.4,0.0,-0.2,-0.4,-1.1,-169.70000000000002,0.0,0.0,169.70000000000002,0.0,22.1,30.5,30.5,31.1,300.0,300.0,30.9,35.0,30.1,29.5,31.3,4.95,1.99,4.96,0.16,0.0,0.0,1027.0,8228.0,0.0,0.0,0.0,0.0,0.0,1.0,0.0,0.0,0.0,0.0,0.0,-1.4,0.0,0.9,0.0,0.0001,16.0,25903.0
2026-07-30T18:59:32.872Z,142.355,142.368,0.0,7.4,0.0,0.0,0.0,0.0,0.0,0.0,0.0,0.0,1.0,0.0,0.0,0.0,9.0,4.0,0.0,0.0,0.0,0.0,0.0,0.0,0.0,0.0,2.0,12.0,1.0,12.15,5.01,2.5,1.49,0.0,0.0,0.0,0.4,0.0,0.3,0.1,0.0,-169.70000000000002,0.0,0.0,169.70000000000002,0.0,22.1,30.5,30.5,31.1,300.0,300.0,30.9,35.0,30.1,29.5,31.3,4.96,2.0,4.96,0.16,0.0,0.0,1027.0,8228.0,0.0,0.0,0.0,0.0,0.0,1.0,0.0,0.0,0.0,0.0,0.0,0.1,0.0,0.0,0.0,0.0001,16.0,25903.0
2026-07-30T18:59:32.888Z,142.371,142.38,0.0,7.4,0.0,0.0,0.0,0.0,0.0,0.0,0.0,0.0,1.0,0.0,0.0,0.0,9.0,4.0,0.0,0.0,0.0,0.0,0.0,0.0,0.0,0.0,2.0,12.0,1.0,12.15,5.01,2.5,1.49,0.0,0.0,0.0,0.4,0.0,0.3,-0.4,0.0,-169.70000000000002,0.0,0.0,169.70000000000002,0.0,22.1,30.5,30.5,31.1,300.0,300.0,30.9,35.0,30.1,29.5,31.3,4.95,2.0,4.96,0.16,0.0,0.0,1027.0,8228.0,0.0,0.0,0.0,0.0,0.0,1.0,0.0,0.0,0.0,0.0,0.0,-0.5,0.0,0.0,0.0,0.0001,16.0,25903.0
2026-07-30T18:59:32.897Z,142.38,142.392,0.0,7.4,0.0,0.0,0.0,0.0,0.0,0.0,0.0,0.0,1.0,0.0,0.0,0.0,9.0,4.0,0.0,0.0,0.0,0.0,0.0,0.0,0.0,0.0,1.0,12.0,1.0,12.17,5.0200000000000005,2.5,1.49,0.0,0.1,0.0,0.4,0.0,0.3,-1.0,1.1,-169.70000000000002,0.0,0.0,169.70000000000002,0.0,22.1,30.5,30.5,31.1,300.0,300.0,30.9,35.0,30.1,29.5,31.3,4.95,2.0,4.97,0.16,0.0,0.0,1027.0,8228.0,0.0,0.0,0.0,0.0,0.0,1.0,0.0,0.0,0.0,0.0,0.0,-0.3,0.0,-1.2000000000000002,0.0,0.0001,16.0,25903.0
2026-07-30T18:59:32.908Z,142.391,142.404,0.0,7.4,0.0,0.0,0.0,0.0,0.0,0.0,0.0,0.0,1.0,0.0,0.0,0.0,9.0,4.0,0.0,0.0,0.0,0.0,0.0,0.0,0.0,0.0,2.0,12.0,1.0,12.17,5.0200000000000005,2.5,1.49,0.0,0.0,0.0,0.4,0.0,-0.2,0.6000000000000001,-1.2000000000000002,-169.70000000000002,0.0,0.0,169.70000000000002,0.0,22.1,30.5,30.5,31.1,300.0,300.0,30.9,35.0,30.1,29.5,31.3,4.95,2.0,4.96,0.16,0.0,0.0,1027.0,8228.0,0.0,0.0,0.0,0.0,0.0,1.0,0.0,0.0,0.0,0.0,0.0,-0.1,0.0,1.1,0.0,0.0,16.0,25903.0
2026-07-30T18:59:32.920Z,142.403,142.416,0.0,7.4,0.0,0.0,0.0,0.0,0.0,0.0,0.0,0.0,1.0,0.0,0.0,0.0,9.0,4.0,0.0,0.0,0.0,0.0,0.0,0.0,0.0,0.0,3.0,12.0,1.0,12.17,5.0200000000000005,2.5,1.49,0.0,0.0,0.0,0.4,0.0,-0.2,0.6000000000000001,-1.2000000000000002,-169.70000000000002,0.0,0.0,169.70000000000002,0.0,22.1,30.5,30.5,31.1,300.0,300.0,30.9,35.0,30.1,29.5,31.3,4.96,1.99,4.96,0.16,0.0,0.0,1027.0,8228.0,0.0,0.0,0.0,0.0,0.0,1.0,0.0,0.0,0.0,0.0,0.0,-0.1,0.0,1.2000000000000002,0.0,0.0,16.0,25903.0
2026-07-30T18:59:32.932Z,142.415,142.428,0.0,7.4,0.0,0.0,0.0,0.0,0.0,0.0,0.0,0.0,1.0,0.0,0.0,0.0,9.0,4.0,0.0,0.0,0.0,0.0,0.0,0.0,0.0,0.0,4.0,12.0,1.0,12.17,5.0200000000000005,2.5,1.49,0.0,0.0,0.0,0.4,0.0,-0.8,0.7000000000000001,1.1,-169.70000000000002,0.0,0.0,169.8,0.0,22.1,30.5,30.5,31.1,300.0,300.0,30.9,35.0,30.1,29.5,31.3,4.95,1.99,4.96,0.16,0.0,0.0,1027.0,8228.0,0.0,0.0,0.0,0.0,0.0,1.0,0.0,0.0,0.0,0.0,0.0,1.6,0.0,-0.8,0.0,0.0001,16.0,25903.0
2026-07-30T18:59:32.944Z,142.427,142.44,0.0,7.4,0.0,0.0,0.0,0.0,0.0,0.0,0.0,0.0,1.0,0.0,0.0,0.0,9.0,4.0,0.0,0.0,0.0,0.0,0.0,0.0,0.0,0.0,5.0,12.0,1.0,12.17,5.0200000000000005,2.5,1.49,0.0,0.0,0.0,0.4,0.0,0.3,0.1,0.0,-169.70000000000002,0.0,0.0,169.70000000000002,0.0,22.1,30.5,30.5,31.1,300.0,300.0,30.9,35.0,30.1,29.5,31.3,4.96,2.0,4.96,0.16,0.0,0.0,1027.0,8228.0,0.0,0.0,0.0,0.0,0.0,1.0,0.0,0.0,0.0,0.0,0.0,0.0,0.0,0.0,0.0,0.0002,16.0,25903.0
2026-07-30T18:59:32.956Z,142.439,142.452,0.0,7.4,0.0,0.0,0.0,0.0,0.0,0.0,0.0,0.0,1.0,0.0,0.0,0.0,9.0,4.0,0.0,0.0,0.0,0.0,0.0,0.0,0.0,0.0,6.0,12.0,1.0,12.17,5.0200000000000005,2.5,1.49,0.0,0.0,0.0,0.4,0.0,0.3,0.6000000000000001,1.6,-169.70000000000002,0.0,0.0,169.70000000000002,0.0,22.1,30.5,30.5,31.1,300.0,300.0,30.9,35.0,30.1,29.5,31.3,4.96,1.99,4.96,0.16,0.0,0.0,1027.0,8228.0,0.0,0.0,0.0,0.0,0.0,1.0,0.0,0.0,0.0,0.0,0.0,1.9,0.0,-1.3,0.0,0.0001,16.0,25903.0
2026-07-30T18:59:32.967Z,142.45,142.464,0.0,7.4,0.0,0.0,0.0,0.0,0.0,0.0,0.0,0.0,1.0,0.0,0.0,0.0,9.0,4.0,0.0,0.0,0.0,0.0,0.0,0.0,0.0,0.0,1.0,12.0,1.0,12.17,5.0200000000000005,2.5,1.49,0.0,0.0,0.0,0.4,0.0,-0.2,0.6000000000000001,-0.7000000000000001,-169.70000000000002,0.0,0.0,169.70000000000002,0.0,22.1,30.5,30.5,31.1,300.0,300.0,30.9,35.0,30.1,29.5,31.3,4.95,1.99,4.96,0.16,0.0,0.0,1027.0,8228.0,0.0,0.0,0.0,0.0,0.0,1.0,0.0,0.0,0.0,0.0,0.0,0.1,0.0,0.7000000000000001,0.0,0.0,16.0,25903.0
2026-07-30T18:59:32.979Z,142.462,142.476,0.0,7.4,0.0,0.0,0.0,0.0,0.0,0.0,0.0,0.0,1.0,0.0,0.0,0.0,9.0,4.0,0.0,0.0,0.0,0.0,0.0,0.0,0.0,0.0,2.0,12.0,1.0,12.17,5.0200000000000005,2.5,1.49,0.0,0.0,0.0,0.4,0.0,-0.2,-1.0,-0.6000000000000001,-169.70000000000002,0.0,0.0,169.70000000000002,0.0,22.1,30.5,30.5,31.1,300.0,300.0,30.9,35.0,30.1,29.5,31.3,4.95,1.99,4.97,0.16,0.0,0.0,1027.0,8228.0,0.0,0.0,0.0,0.0,0.0,1.0,0.0,0.0,0.0,0.0,0.0,-1.6,0.0,0.3,0.0,0.0001,16.0,25903.0
2026-07-30T18:59:32.991Z,142.474,142.488,0.0,7.4,0.0,0.0,0.0,0.0,0.0,0.0,0.0,0.0,1.0,0.0,0.0,0.0,9.0,4.0,0.0,0.0,0.0,0.0,0.0,0.0,0.0,0.0,3.0,12.0,1.0,12.17,5.0200000000000005,2.5,1.49,0.0,0.0,0.0,0.4,0.0,-0.2,-0.4,0.0,-169.70000000000002,0.0,0.0,169.70000000000002,0.0,22.1,30.5,30.5,31.1,300.0,300.0,30.9,35.0,30.1,29.5,31.3,4.96,1.99,4.96,0.16,0.0,0.0,1027.0,8228.0,0.0,0.0,0.0,0.0,0.0,1.0,0.0,0.0,0.0,0.0,0.0,-0.5,0.0,0.0,0.0,0.0002,16.0,25903.0
2026-07-30T18:59:33.003Z,142.486,142.5,0.0,7.4,0.0,0.0,0.0,0.0,0.0,0.0,0.0,0.0,1.0,0.0,0.0,0.0,9.0,4.0,0.0,0.0,0.0,0.0,0.0,0.0,0.0,0.0,4.0,12.0,1.0,12.15,5.01,2.5,1.49,0.0,0.0,0.0,0.4,0.0,0.3,1.8,0.4,-169.70000000000002,0.0,0.0,169.70000000000002,0.0,21.700000000000003,30.5,30.5,31.1,300.0,300.0,30.8,35.0,30.1,29.5,31.3,4.96,1.99,4.97,0.16,0.0,0.0,1027.0,8228.0,0.0,0.0,0.0,0.0,0.0,1.0,0.0,0.0,0.0,0.0,0.0,2.4000000000000004,0.0,0.0,0.0,0.0001,16.0,25903.0
2026-07-30T18:59:33.015Z,142.498,142.512,0.0,7.4,0.0,0.0,0.0,0.0,0.0,0.0,0.0,0.0,1.0,0.0,0.0,0.0,9.0,4.0,0.0,0.0,0.0,0.0,0.0,0.0,0.0,0.0,5.0,12.0,1.0,12.15,5.01,2.5,1.49,0.0,0.0,0.0,0.4,0.0,0.4,1.8,2.2,-169.70000000000002,0.0,0.0,169.70000000000002,0.0,21.700000000000003,30.5,30.5,31.1,300.0,300.0,30.8,35.0,30.1,29.5,31.3,4.95,1.99,4.97,0.16,0.0,0.0,1027.0,8228.0,0.0,0.0,0.0,0.0,0.0,1.0,0.0,0.0,0.0,0.0,0.0,3.8,0.0,-1.5,0.0,0.0,16.0,25903.0
2026-07-30T18:59:33.028Z,142.511,142.524,0.0,7.4,0.0,0.0,0.0,0.0,0.0,0.0,0.0,0.0,1.0,0.0,0.0,0.0,9.0,4.0,0.0,0.0,0.0,0.0,0.0,0.0,0.0,0.0,6.0,12.0,1.0,12.15,5.01,2.5,1.49,0.0,0.0,0.0,0.4,0.0,0.4,-0.4,-1.3,-169.70000000000002,0.0,0.0,169.70000000000002,0.0,21.700000000000003,30.5,30.5,31.1,300.0,300.0,30.8,35.0,30.1,29.5,31.3,4.96,1.99,4.96,0.16,0.0,0.0,1027.0,8228.0,0.0,0.0,0.0,0.0,0.0,1.0,0.0,0.0,0.0,0.0,0.0,-1.5,0.0,1.0,0.0,0.0001,16.0,25903.0
2026-07-30T18:59:33.040Z,142.523,142.536,0.0,7.4,0.0,0.0,0.0,0.0,0.0,0.0,0.0,0.0,1.0,0.0,0.0,0.0,9.0,4.0,0.0,0.0,0.0,0.0,0.0,0.0,0.0,0.0,1.0,12.0,1.0,12.15,5.01,2.5,1.49,0.0,0.0,0.0,0.4,0.0,0.4,-0.4,-0.1,-169.70000000000002,0.0,0.0,169.70000000000002,0.0,21.700000000000003,30.5,30.5,31.1,300.0,300.0,30.8,35.0,30.1,29.5,31.3,4.95,2.0,4.96,0.16,0.0,0.0,1027.0,8228.0,0.0,0.0,0.0,0.0,0.0,1.0,0.0,0.0,0.0,0.0,0.0,-0.6000000000000001,0.0,0.0,0.0,0.0001,16.0,25903.0
2026-07-30T18:59:33.052Z,142.535,142.548,0.0,7.4,0.0,0.0,0.0,0.0,0.0,0.0,0.0,0.0,1.0,0.0,0.0,0.0,9.0,4.0,0.0,0.0,0.0,0.0,0.0,0.0,0.0,0.0,2.0,12.0,1.0,12.15,5.01,2.5,1.49,0.0,0.0,0.0,0.4,0.0,-0.1,0.6000000000000001,-0.1,-169.70000000000002,0.0,0.0,169.8,0.0,21.700000000000003,30.5,30.5,31.1,300.0,300.0,30.8,35.0,30.1,29.5,31.3,4.95,1.99,4.97,0.16,0.0,0.0,1027.0,8228.0,0.0,0.0,0.0,0.0,0.0,1.0,0.0,0.0,0.0,0.0,0.0,0.6000000000000001,0.0,0.2,0.0,0.0001,16.0,25903.0
2026-07-30T18:59:33.064Z,142.547,142.56,0.0,7.4,0.0,0.0,0.0,0.0,0.0,0.0,0.0,0.0,1.0,0.0,0.0,0.0,9.0,4.0,0.0,0.0,0.0,0.0,0.0,0.0,0.0,0.0,3.0,12.0,1.0,12.15,5.01,2.5,1.49,0.0,0.0,0.0,0.4,0.0,-0.1,0.0,1.1,-169.70000000000002,0.0,0.0,169.8,0.0,21.700000000000003,30.5,30.5,31.1,300.0,300.0,30.8,35.0,30.1,29.5,31.3,4.95,1.99,4.97,0.16,0.0,0.0,1027.0,8228.0,0.0,0.0,0.0,0.0,0.0,1.0,0.0,0.0,0.0,0.0,0.0,0.9,0.0,-0.9,0.0,0.0002,16.0,25903.0
2026-07-30T18:59:33.076Z,142.559,142.572,0.0,7.4,0.0,0.0,0.0,0.0,0.0,0.0,0.0,0.0,1.0,0.0,0.0,0.0,9.0,4.0,0.0,0.0,0.0,0.0,0.0,0.0,0.0,0.0,3.0,12.0,1.0,12.15,5.01,2.5,1.49,0.0,0.0,0.0,0.4,0.0,0.4,1.8,2.8000000000000003,-169.70000000000002,0.0,0.0,169.8,0.0,21.700000000000003,30.5,30.5,31.1,300.0,300.0,30.8,35.0,30.1,29.5,31.3,4.96,1.99,4.96,0.16,0.0,0.0,1027.0,8228.0,0.0,0.0,0.0,0.0,0.0,1.0,0.0,0.0,0.0,0.0,0.0,4.2,0.0,-2.1,0.0,0.0,16.0,25903.0
2026-07-30T18:59:33.088Z,142.571,142.584,0.0,7.4,0.0,0.0,0.0,0.0,0.0,0.0,0.0,0.0,1.0,0.0,0.0,0.0,9.0,4.0,0.0,0.0,0.0,0.0,0.0,0.0,0.0,0.0,4.0,12.0,1.0,12.15,5.01,2.5,1.49,0.0,0.0,0.0,0.4,0.0,-0.1,-0.4,-0.6000000000000001,-169.70000000000002,0.0,0.0,169.70000000000002,0.0,21.700000000000003,30.5,30.5,31.1,300.0,300.0,30.8,35.0,30.1,29.5,31.3,4.95,1.99,4.97,0.16,0.0,0.0,1027.0,8228.0,0.0,0.0,0.0,0.0,0.0,1.0,0.0,0.0,0.0,0.0,0.0,-1.0,0.0,0.5,0.0,0.0,16.0,25903.0
2026-07-30T18:59:33.101Z,142.584,142.596,0.0,7.4,0.0,0.0,0.0,0.0,0.0,0.0,0.0,0.0,1.0,0.0,0.0,0.0,9.0,4.0,0.0,0.0,0.0,0.0,0.0,0.0,0.0,0.0,6.0,12.0,1.0,12.17,5.01,2.5,1.49,0.0,0.0,0.0,0.4,0.0,0.4,0.7000000000000001,0.5,-169.70000000000002,0.0,0.0,169.8,0.0,21.200000000000003,30.5,30.4,31.1,300.0,300.0,30.9,34.9,30.1,29.5,31.3,4.95,1.99,4.96,0.16,0.0,0.0,1027.0,8228.0,0.0,0.0,0.0,0.0,0.0,1.0,0.0,0.0,0.0,0.0,0.0,1.1,0.0,-0.3,0.0,0.0001,16.0,25903.0
2026-07-30T18:59:33.111Z,142.594,142.608,0.0,7.4,0.0,0.0,0.0,0.0,0.0,0.0,0.0,0.0,1.0,0.0,0.0,0.0,9.0,4.0,0.0,0.0,0.0,0.0,0.0,0.0,0.0,0.0,1.0,12.0,1.0,12.17,5.01,2.5,1.49,0.0,0.0,0.0,0.5,0.0,0.4,0.1,0.0,-169.70000000000002,0.0,0.0,169.8,0.0,21.200000000000003,30.5,30.4,31.1,300.0,300.0,30.9,34.9,30.1,29.5,31.3,4.96,1.99,4.96,0.16,0.0,0.0,1027.0,8228.0,0.0,0.0,0.0,0.0,0.0,1.0,0.0,0.0,0.0,0.0,0.0,0.1,0.0,0.0,0.0,0.0,16.0,25903.0
2026-07-30T18:59:33.124Z,142.607,142.62,0.0,7.4,0.0,0.0,0.0,0.0,0.0,0.0,0.0,0.0,1.0,0.0,0.0,0.0,9.0,4.0,0.0,0.0,0.0,0.0,0.0,0.0,0.0,0.0,2.0,12.0,1.0,12.17,5.01,2.5,1.49,0.0,0.1,0.0,0.4,0.0,0.4,-0.3,-0.6000000000000001,-169.70000000000002,0.0,0.0,169.70000000000002,0.0,21.200000000000003,30.5,30.4,31.1,300.0,300.0,30.9,34.9,30.1,29.5,31.3,4.95,1.99,4.96,0.16,0.0,0.0,1027.0,8228.0,0.0,0.0,0.0,0.0,0.0,1.0,0.0,0.0,0.0,0.0,0.0,-0.9,0.0,0.4,0.0,0.0,16.0,25903.0
2026-07-30T18:59:33.136Z,142.619,142.632,0.0,7.4,0.0,0.0,0.0,0.0,0.0,0.0,0.0,0.0,1.0,0.0,0.0,0.0,9.0,4.0,0.0,0.0,0.0,0.0,0.0,0.0,0.0,0.0,4.0,12.0,1.0,12.17,5.01,2.5,1.49,0.0,0.0,0.0,0.4,0.0,0.4,-1.0,-0.6000000000000001,-169.70000000000002,0.0,0.0,169.8,0.0,21.200000000000003,30.5,30.4,31.1,300.0,300.0,30.9,34.9,30.1,29.5,31.3,4.95,1.99,4.97,0.16,0.0,0.0,1027.0,8228.0,0.0,0.0,0.0,0.0,0.0,1.0,0.0,0.0,0.0,0.0,0.0,-1.6,0.0,0.3,0.0,0.0001,16.0,25903.0
2026-07-30T18:59:33.148Z,142.631,142.644,0.0,7.4,0.0,0.0,0.0,0.0,0.0,0.0,0.0,0.0,1.0,0.0,0.0,0.0,9.0,4.0,0.0,0.0,0.0,0.0,0.0,0.0,0.0,0.0,5.0,12.0,1.0,12.17,5.01,2.5,1.49,0.0,0.0,0.0,0.4,0.0,-1.3,0.1,-1.2000000000000002,-169.70000000000002,0.0,0.0,169.8,0.0,21.200000000000003,30.5,30.4,31.1,300.0,300.0,30.9,34.9,30.1,29.5,31.3,4.95,1.99,4.96,0.16,0.0,0.0,1027.0,8228.0,0.0,0.0,0.0,0.0,0.0,1.0,0.0,0.0,0.0,0.0,0.0,-0.7000000000000001,0.0,1.1,0.0,0.0001,16.0,25903.0
2026-07-30T18:59:33.160Z,142.643,142.656,0.0,7.4,0.0,0.0,0.0,0.0,0.0,0.0,0.0,0.0,1.0,0.0,0.0,0.0,9.0,4.0,0.0,0.0,0.0,0.0,0.0,0.0,0.0,0.0,1.0,12.0,1.0,12.17,5.01,2.5,1.49,0.0,0.0,0.0,0.4,0.0,-0.1,0.1,-0.6000000000000001,-169.70000000000002,0.0,0.0,169.8,0.0,21.200000000000003,30.5,30.4,31.1,300.0,300.0,30.9,34.9,30.1,29.5,31.3,4.96,1.99,4.96,0.16,0.0,0.0,1027.0,8228.0,0.0,0.0,0.0,0.0,0.0,1.0,0.0,0.0,0.0,0.0,0.0,-0.3,0.0,0.5,0.0,0.0,16.0,25903.0
2026-07-30T18:59:33.172Z,142.655,142.668,0.0,7.4,0.0,0.0,0.0,0.0,0.0,0.0,0.0,0.0,1.0,0.0,0.0,0.0,9.0,4.0,0.0,0.0,0.0,0.0,0.0,0.0,0.0,0.0,2.0,12.0,1.0,12.17,5.01,2.5,1.49,0.0,0.0,0.0,0.4,0.0,0.4,0.7000000000000001,1.0,-169.70000000000002,0.0,0.0,169.70000000000002,0.0,21.200000000000003,30.5,30.4,31.1,300.0,300.0,30.9,34.9,30.1,29.5,31.3,4.95,1.99,4.97,0.16,0.0,0.0,1027.0,8228.0,0.0,0.0,0.0,0.0,0.0,1.0,0.0,0.0,0.0,0.0,0.0,1.6,0.0,-0.8,0.0,0.0001,16.0,25903.0
2026-07-30T18:59:33.184Z,142.667,142.68,0.0,7.4,0.0,0.0,0.0,0.0,0.0,0.0,0.0,0.0,1.0,0.0,0.0,0.0,9.0,4.0,0.0,0.0,0.0,0.0,0.0,0.0,0.0,0.0,3.0,12.0,1.0,12.17,5.01,2.5,1.49,0.0,0.1,0.0,0.4,0.0,0.4,-1.0,-0.6000000000000001,-169.70000000000002,0.0,0.0,169.70000000000002,0.0,21.200000000000003,30.5,30.4,31.1,300.0,300.0,30.9,34.9,30.1,29.5,31.3,4.96,1.99,4.97,0.16,0.0,0.0,1027.0,8228.0,0.0,0.0,0.0,0.0,0.0,1.0,0.0,0.0,0.0,0.0,0.0,-1.6,0.0,0.3,0.0,0.0001,16.0,25903.0
2026-07-30T18:59:33.200Z,142.683,142.692,0.0,7.4,0.0,0.0,0.0,0.0,0.0,0.0,0.0,0.0,1.0,0.0,0.0,0.0,9.0,4.0,0.0,0.0,0.0,0.0,0.0,0.0,0.0,0.0,4.0,12.0,1.0,12.17,5.01,2.5,1.49,0.0,0.0,0.0,0.4,0.0,0.4,0.1,0.5,-169.70000000000002,0.0,0.0,169.60000000000002,0.0,21.200000000000003,30.5,30.4,31.1,300.0,300.0,30.9,34.9,30.1,29.5,31.3,4.96,2.0,4.96,0.16,0.0,0.0,1027.0,8228.0,0.0,0.0,0.0,0.0,0.0,1.0,0.0,0.0,0.0,0.0,0.0,1.7000000000000002,0.0,-0.8,0.0,0.0001,16.0,25903.0
2026-07-30T18:59:33.212Z,142.695,142.704,0.0,7.4,0.0,0.0,0.0,0.0,0.0,0.0,0.0,0.0,1.0,0.0,0.0,0.0,9.0,4.0,0.0,0.0,0.0,0.0,0.0,0.0,0.0,0.0,4.0,12.0,1.0,12.15,5.0200000000000005,2.51,1.49,0.0,0.0,0.0,0.5,0.0,-0.2,0.1,-1.2000000000000002,-169.70000000000002,0.0,0.0,169.8,0.0,21.8,30.5,30.4,31.1,300.0,300.0,30.9,34.9,30.1,29.5,31.3,4.96,1.99,4.96,0.16,0.0,0.0,1027.0,8228.0,0.0,0.0,0.0,0.0,0.0,1.0,0.0,0.0,0.0,0.0,0.0,-1.4,0.0,1.0,0.0,0.0001,16.0,25903.0
2026-07-30T18:59:33.220Z,142.703,142.716,0.0,7.4,0.0,0.0,0.0,0.0,0.0,0.0,0.0,0.0,1.0,0.0,0.0,0.0,9.0,4.0,0.0,0.0,0.0,0.0,0.0,0.0,0.0,0.0,3.0,12.0,1.0,12.15,5.0200000000000005,2.51,1.49,0.0,0.0,0.0,0.4,0.0,-0.8,-1.5,-0.7000000000000001,-169.70000000000002,0.0,0.0,169.70000000000002,0.0,21.8,30.5,30.4,31.1,300.0,300.0,30.9,34.9,30.1,29.5,31.3,4.95,1.99,4.97,0.16,0.0,0.0,1027.0,8228.0,0.0,0.0,0.0,0.0,0.0,1.0,0.0,0.0,0.0,0.0,0.0,-0.3,0.0,-1.1,0.0,0.0002,16.0,25903.0
2026-07-30T18:59:33.232Z,142.715,142.728,0.0,7.4,0.0,0.0,0.0,0.0,0.0,0.0,0.0,0.0,1.0,0.0,0.0,0.0,9.0,4.0,0.0,0.0,0.0,0.0,0.0,0.0,0.0,0.0,4.0,12.0,1.0,12.15,5.0200000000000005,2.51,1.49,0.0,0.0,0.0,0.4,0.0,-0.1,0.7000000000000001,-0.1,-169.70000000000002,0.0,0.0,169.8,0.0,21.8,30.5,30.4,31.1,300.0,300.0,30.9,34.9,30.1,29.5,31.3,4.96,1.99,4.96,0.16,0.0,0.0,1027.0,8228.0,0.0,0.0,0.0,0.0,0.0,1.0,0.0,0.0,0.0,0.0,0.0,0.0,0.0,0.1,0.0,0.0001,16.0,25903.0
2026-07-30T18:59:33.244Z,142.727,142.74,0.0,7.4,0.0,0.0,0.0,0.0,0.0,0.0,0.0,0.0,1.0,0.0,0.0,0.0,9.0,4.0,0.0,0.0,0.0,0.0,0.0,0.0,0.0,0.0,5.0,12.0,1.0,12.15,5.0200000000000005,2.51,1.49,0.0,0.0,0.0,0.4,0.0,-0.2,0.1,-0.2,-169.70000000000002,0.0,0.0,169.8,0.0,21.8,30.5,30.4,31.1,300.0,300.0,30.9,34.9,30.1,29.5,31.3,4.96,1.99,4.97,0.16,0.0,0.0,1027.0,8228.0,0.0,0.0,0.0,0.0,0.0,1.0,0.0,0.0,0.0,0.0,0.0,0.0,0.0,0.2,0.0,0.0002,16.0,25903.0
2026-07-30T18:59:33.256Z,142.739,142.752,0.0,7.4,0.0,0.0,0.0,0.0,0.0,0.0,0.0,0.0,1.0,0.0,0.0,0.0,9.0,4.0,0.0,0.0,0.0,0.0,0.0,0.0,0.0,0.0,1.0,12.0,1.0,12.15,5.0200000000000005,2.51,1.49,0.0,0.0,0.0,0.4,0.0,-0.2,0.1,0.3,-169.70000000000002,0.0,0.0,169.70000000000002,0.0,21.8,30.5,30.4,31.1,300.0,300.0,30.9,34.9,30.1,29.5,31.3,4.95,1.99,4.97,0.16,0.0,0.0,1027.0,8228.0,0.0,0.0,0.0,0.0,0.0,1.0,0.0,0.0,0.0,0.0,0.0,0.4,0.0,-0.3,0.0,0.0,16.0,25903.0
2026-07-30T18:59:33.267Z,142.75,142.764,0.0,7.4,0.0,0.0,0.0,0.0,0.0,0.0,0.0,0.0,1.0,0.0,0.0,0.0,9.0,4.0,0.0,0.0,0.0,0.0,0.0,0.0,0.0,0.0,2.0,12.0,1.0,12.15,5.0200000000000005,2.51,1.49,0.0,0.0,0.0,0.4,0.0,0.8,0.6000000000000001,2.1,-169.70000000000002,0.0,0.0,169.8,0.0,21.8,30.5,30.4,31.1,300.0,300.0,30.9,34.9,30.1,29.5,31.3,4.96,1.99,4.96,0.16,0.0,0.0,1027.0,8228.0,0.0,0.0,0.0,0.0,0.0,1.0,0.0,0.0,0.0,0.0,0.0,2.3000000000000003,0.0,-1.7000000000000002,0.0,0.0,16.0,25903.0
2026-07-30T18:59:33.280Z,142.763,142.776,0.0,7.4,0.0,0.0,0.0,0.0,0.0,0.0,0.0,0.0,1.0,0.0,0.0,0.0,9.0,4.0,0.0,0.0,0.0,0.0,0.0,0.0,0.0,0.0,3.0,12.0,1.0,12.15,5.0200000000000005,2.51,1.49,0.0,0.0,0.0,0.5,0.0,0.3,-0.4,1.6,-169.70000000000002,0.0,0.0,169.70000000000002,0.0,21.8,30.5,30.4,31.1,300.0,300.0,30.9,34.9,30.1,29.5,31.3,4.96,2.0,4.96,0.16,0.0,0.0,1027.0,8228.0,0.0,0.0,0.0,0.0,0.0,1.0,0.0,0.0,0.0,0.0,0.0,0.6000000000000001,0.0,-1.5,0.0,0.0001,16.0,25903.0
2026-07-30T18:59:33.291Z,142.774,142.788,0.0,7.4,0.0,0.0,0.0,0.0,0.0,0.0,0.0,0.0,1.0,0.0,0.0,0.0,9.0,4.0,0.0,0.0,0.0,0.0,0.0,0.0,0.0,0.0,5.0,12.0,1.0,12.15,5.0200000000000005,2.51,1.49,0.0,0.0,0.0,0.4,0.0,-0.2,0.1,-0.7000000000000001,-169.70000000000002,0.0,0.0,169.60000000000002,0.0,21.8,30.5,30.4,31.1,300.0,300.0,30.9,34.9,30.1,29.5,31.3,4.96,1.99,4.97,0.16,0.0,0.0,1027.0,8228.0,0.0,0.0,0.0,0.0,0.0,1.0,0.0,0.0,0.0,0.0,0.0,-0.3,0.0,0.6000000000000001,0.0,0.0001,16.0,25903.0
2026-07-30T18:59:33.305Z,142.788,142.8,0.0,7.4,0.0,0.0,0.0,0.0,0.0,0.0,0.0,0.0,1.0,0.0,0.0,0.0,9.0,4.0,0.0,0.0,0.0,0.0,0.0,0.0,0.0,0.0,6.0,12.0,1.0,12.17,5.0200000000000005,2.51,1.49,0.0,0.0,0.0,0.4,0.0,0.3,0.7000000000000001,-0.1,-169.70000000000002,0.0,0.0,169.60000000000002,0.0,21.700000000000003,30.5,30.4,31.1,300.0,300.0,30.9,34.9,30.1,29.5,31.3,4.95,1.99,4.97,0.16,0.0,0.0,1027.0,8228.0,0.0,0.0,0.0,0.0,0.0,1.0,0.0,0.0,0.0,0.0,0.0,0.7000000000000001,0.0,0.2,0.0,0.0002,16.0,25903.0
2026-07-30T18:59:33.315Z,142.798,142.812,0.0,7.4,0.0,0.0,0.0,0.0,0.0,0.0,0.0,0.0,1.0,0.0,0.0,0.0,9.0,4.0,0.0,0.0,0.0,0.0,0.0,0.0,0.0,0.0,1.0,12.0,1.0,12.17,5.0200000000000005,2.51,1.49,0.0,0.0,0.0,0.5,0.0,0.3,-0.4,-0.1,-169.70000000000002,0.0,0.0,169.60000000000002,0.0,21.700000000000003,30.5,30.4,31.1,300.0,300.0,30.9,34.9,30.1,29.5,31.3,4.96,1.99,4.97,0.16,0.0,0.0,1027.0,8228.0,0.0,0.0,0.0,0.0,0.0,1.0,0.0,0.0,0.0,0.0,0.0,-0.5,0.0,0.0,0.0,0.0001,16.0,25903.0
2026-07-30T18:59:33.328Z,142.811,142.824,0.0,7.4,0.0,0.0,0.0,0.0,0.0,0.0,0.0,0.0,1.0,0.0,0.0,0.0,9.0,4.0,0.0,0.0,0.0,0.0,0.0,0.0,0.0,0.0,2.0,12.0,1.0,12.17,5.0200000000000005,2.51,1.49,0.0,0.0,0.0,0.4,0.0,0.3,0.1,1.0,-169.70000000000002,0.0,0.0,169.70000000000002,0.0,21.700000000000003,30.5,30.4,31.1,300.0,300.0,30.9,34.9,30.1,29.5,31.3,4.95,1.99,4.97,0.16,0.0,0.0,1027.0,8228.0,0.0,0.0,0.0,0.0,0.0,1.0,0.0,0.0,0.0,0.0,0.0,1.0,0.0,-0.9,0.0,0.0,16.0,25903.0
2026-07-30T18:59:33.340Z,142.823,142.836,0.0,7.4,0.0,0.0,0.0,0.0,0.0,0.0,0.0,0.0,1.0,0.0,0.0,0.0,9.0,4.0,0.0,0.0,0.0,0.0,0.0,0.0,0.0,0.0,3.0,12.0,1.0,12.17,5.0200000000000005,2.51,1.49,0.0,0.0,0.0,0.4,0.0,0.3,-0.3,-0.6000000000000001,-169.70000000000002,0.0,0.0,169.8,0.0,21.700000000000003,30.5,30.4,31.1,300.0,300.0,30.9,34.9,30.1,29.5,31.3,4.95,1.99,4.96,0.16,0.0,0.0,1027.0,8228.0,0.0,0.0,0.0,0.0,0.0,1.0,0.0,0.0,0.0,0.0,0.0,-0.9,0.0,0.5,0.0,0.0001,16.0,25903.0
2026-07-30T18:59:33.352Z,142.835,142.848,0.0,7.4,0.0,0.0,0.0,0.0,0.0,0.0,0.0,0.0,1.0,0.0,0.0,0.0,9.0,4.0,0.0,0.0,0.0,0.0,0.0,0.0,0.0,0.0,3.0,12.0,1.0,12.17,5.0200000000000005,2.51,1.49,0.0,0.0,0.0,0.4,0.0,0.3,1.3,0.0,-169.70000000000002,0.0,0.0,169.70000000000002,0.0,21.700000000000003,30.5,30.4,31.1,300.0,300.0,30.9,34.9,30.1,29.5,31.3,4.96,2.0,4.96,0.16,0.0,0.0,1027.0,8228.0,0.0,0.0,0.0,0.0,0.0,1.0,0.0,0.0,0.0,0.0,0.0,1.5,0.0,0.3,0.0,0.0,16.0,25903.0
2026-07-30T18:59:33.364Z,142.847,142.86,0.0,7.4,0.0,0.0,0.0,0.0,0.0,0.0,0.0,0.0,1.0,0.0,0.0,0.0,9.0,4.0,0.0,0.0,0.0,0.0,0.0,0.0,0.0,0.0,4.0,12.0,1.0,12.17,5.0200000000000005,2.51,1.49,0.0,0.0,0.0,0.4,0.0,-0.8,0.8,0.5,-169.70000000000002,0.0,0.0,169.70000000000002,0.0,21.700000000000003,30.5,30.4,31.1,300.0,300.0,30.9,34.9,30.1,29.5,31.3,4.95,2.0,4.96,0.16,0.0,0.0,1027.0,8228.0,0.0,0.0,0.0,0.0,0.0,1.0,0.0,0.0,0.0,0.0,0.0,1.3,0.0,-0.3,0.0,0.0,16.0,25903.0
2026-07-30T18:59:33.376Z,142.859,142.872,0.0,7.4,0.0,0.0,0.0,0.0,0.0,0.0,0.0,0.0,1.0,0.0,0.0,0.0,9.0,4.0,0.0,0.0,0.0,0.0,0.0,0.0,0.0,0.0,5.0,12.0,1.0,12.17,5.0200000000000005,2.51,1.49,0.0,0.0,0.0,0.4,0.0,0.9,-0.9,0.5,-169.70000000000002,0.0,0.0,169.70000000000002,0.0,21.700000000000003,30.5,30.4,31.1,300.0,300.0,30.9,34.9,30.1,29.5,31.3,4.95,1.99,4.97,0.16,0.0,0.0,1027.0,8228.0,0.0,0.0,0.0,0.0,0.0,1.0,0.0,0.0,0.0,0.0,0.0,-0.7000000000000001,0.0,-0.6000000000000001,0.0,0.0,16.0,25903.0
2026-07-30T18:59:33.388Z,142.871,142.884,0.0,7.4,0.0,0.0,0.0,0.0,0.0,0.0,0.0,0.0,1.0,0.0,0.0,0.0,9.0,4.0,0.0,0.0,0.0,0.0,0.0,0.0,0.0,0.0,6.0,12.0,1.0,12.17,5.0200000000000005,2.51,1.49,-0.1,0.1,0.0,0.4,0.0,-0.8,0.1,0.0,-169.70000000000002,0.0,0.0,169.8,0.0,21.700000000000003,30.5,30.4,31.1,300.0,300.0,30.9,34.9,30.1,29.5,31.3,4.95,2.0,4.97,0.16,0.0,0.0,1027.0,8228.0,0.0,0.0,0.0,0.0,0.0,1.0,0.0,0.0,0.0,0.0,0.0,0.0,0.0,0.1,0.0,0.0,16.0,25903.0
2026-07-30T18:59:33.399Z,142.882,142.89600000000002,0.0,7.4,0.0,0.0,0.0,0.0,0.0,0.0,0.0,0.0,1.0,0.0,0.0,0.0,9.0,4.0,0.0,0.0,0.0,0.0,0.0,0.0,0.0,0.0,1.0,12.0,1.0,12.17,5.0200000000000005,2.51,1.49,0.0,0.1,0.0,0.4,0.0,-0.2,-0.4,-0.1,-169.70000000000002,0.0,0.0,169.60000000000002,0.0,21.700000000000003,30.5,30.4,31.1,300.0,300.0,30.9,34.9,30.1,29.5,31.3,4.96,1.99,4.97,0.16,0.0,0.0,1027.0,8228.0,0.0,0.0,0.0,0.0,0.0,1.0,0.0,0.0,0.0,0.0,0.0,-0.5,0.0,0.0,0.0,0.0002,16.0,25903.0
2026-07-30T18:59:33.411Z,142.894,142.90800000000002,0.0,7.4,0.0,0.0,0.0,0.0,0.0,0.0,0.0,0.0,1.0,0.0,0.0,0.0,9.0,4.0,0.0,0.0,0.0,0.0,0.0,0.0,0.0,0.0,2.0,12.0,1.0,12.18,5.0200000000000005,2.51,1.5,0.0,0.0,0.0,0.4,0.0,0.3,1.3,1.0,-169.70000000000002,0.0,0.0,169.60000000000002,0.0,21.3,30.5,30.4,31.1,300.0,300.0,30.8,34.9,30.1,29.5,31.3,4.95,1.99,4.96,0.16,0.0,0.0,1027.0,8228.0,0.0,0.0,0.0,0.0,0.0,1.0,0.0,0.0,0.0,0.0,0.0,2.3000000000000003,0.0,-0.6000000000000001,0.0,0.0001,16.0,25903.0
2026-07-30T18:59:33.424Z,142.907,142.92000000000002,0.0,7.4,0.0,0.0,0.0,0.0,0.0,0.0,0.0,0.0,1.0,0.0,0.0,0.0,9.0,4.0,0.0,0.0,0.0,0.0,0.0,0.0,0.0,0.0,3.0,12.0,1.0,12.18,5.0200000000000005,2.51,1.5,0.0,0.0,0.0,0.4,0.0,-0.7000000000000001,-0.9,0.4,-169.70000000000002,0.0,0.0,169.70000000000002,0.0,21.3,30.5,30.4,31.1,300.0,300.0,30.8,34.9,30.1,29.5,31.3,4.96,2.0,4.96,0.16,0.0,0.0,1027.0,8228.0,0.0,0.0,0.0,0.0,0.0,1.0,0.0,0.0,0.0,0.0,0.0,-0.7000000000000001,0.0,-0.6000000000000001,0.0,0.0001,16.0,25903.0
2026-07-30T18:59:33.436Z,142.919,142.93200000000002,0.0,7.4,0.0,0.0,0.0,0.0,0.0,0.0,0.0,0.0,1.0,0.0,0.0,0.0,9.0,4.0,0.0,0.0,0.0,0.0,0.0,0.0,0.0,0.0,4.0,12.0,1.0,12.18,5.0200000000000005,2.51,1.5,0.0,0.0,0.0,0.4,0.0,-0.7000000000000001,0.1,-0.7000000000000001,-169.70000000000002,0.0,0.0,169.70000000000002,0.0,21.3,30.5,30.4,31.1,300.0,300.0,30.8,34.9,30.1,29.5,31.3,4.96,2.0,4.96,0.16,0.0,0.0,1027.0,8228.0,0.0,0.0,0.0,0.0,0.0,1.0,0.0,0.0,0.0,0.0,0.0,-0.3,0.0,0.6000000000000001,0.0,0.0,16.0,25903.0
2026-07-30T18:59:33.448Z,142.931,142.94400000000002,0.0,7.4,0.0,0.0,0.0,0.0,0.0,0.0,0.0,0.0,1.0,0.0,0.0,0.0,9.0,4.0,0.0,0.0,0.0,0.0,0.0,0.0,0.0,0.0,4.0,12.0,1.0,12.18,5.0200000000000005,2.51,1.5,0.0,0.0,0.0,0.4,0.0,-0.1,1.9,1.0,-169.70000000000002,0.0,0.0,169.70000000000002,0.0,21.3,30.5,30.4,31.1,300.0,300.0,30.8,34.9,30.1,29.5,31.3,4.95,1.99,4.96,0.16,0.0,0.0,1027.0,8228.0,0.0,0.0,0.0,0.0,0.0,1.0,0.0,0.0,0.0,0.0,0.0,3.0,0.0,-0.4,0.0,0.0,16.0,25903.0
2026-07-30T18:59:33.460Z,142.943,142.956,0.0,7.4,0.0,0.0,0.0,0.0,0.0,0.0,0.0,0.0,1.0,0.0,0.0,0.0,9.0,4.0,0.0,0.0,0.0,0.0,0.0,0.0,0.0,0.0,5.0,12.0,1.0,12.18,5.0200000000000005,2.51,1.5,0.0,0.0,0.0,0.4,0.0,-0.1,-0.9,0.3,-169.70000000000002,0.0,0.0,169.8,0.0,21.3,30.5,30.4,31.1,300.0,300.0,30.8,34.9,30.1,29.5,31.3,4.95,1.99,4.97,0.16,0.0,0.0,1027.0,8228.0,0.0,0.0,0.0,0.0,0.0,1.0,0.0,0.0,0.0,0.0,0.0,-0.7000000000000001,0.0,-0.5,0.0,0.0,16.0,25903.0
2026-07-30T18:59:33.472Z,142.955,142.968,0.0,7.4,0.0,0.0,0.0,0.0,0.0,0.0,0.0,0.0,1.0,0.0,0.0,0.0,9.0,4.0,0.0,0.0,0.0,0.0,0.0,0.0,0.0,0.0,6.0,12.0,1.0,12.18,5.0200000000000005,2.51,1.5,0.0,0.0,0.0,0.4,0.0,-0.1,-0.9,-0.1,-169.70000000000002,0.0,0.0,169.70000000000002,0.0,21.3,30.5,30.4,31.1,300.0,300.0,30.8,34.9,30.1,29.5,31.3,4.96,1.99,4.96,0.16,0.0,0.0,1027.0,8228.0,0.0,0.0,0.0,0.0,0.0,1.0,0.0,0.0,0.0,0.0,0.0,-1.1,0.0,0.0,0.0,0.0001,16.0,25903.0
2026-07-30T18:59:33.483Z,142.966,142.98,0.0,7.4,0.0,0.0,0.0,0.0,0.0,0.0,0.0,0.0,1.0,0.0,0.0,0.0,9.0,4.0,0.0,0.0,0.0,0.0,0.0,0.0,0.0,0.0,1.0,12.0,1.0,12.18,5.0200000000000005,2.51,1.5,0.0,0.0,0.0,0.4,0.0,0.4,0.8,0.9,-169.70000000000002,0.0,0.0,169.60000000000002,0.0,21.3,30.5,30.4,31.1,300.0,300.0,30.8,34.9,30.1,29.5,31.3,4.96,1.99,4.96,0.15,0.0,0.0,1027.0,8228.0,0.0,0.0,0.0,0.0,0.0,1.0,0.0,0.0,0.0,0.0,0.0,1.6,0.0,-0.7000000000000001,0.0,0.0,16.0,25903.0
2026-07-30T18:59:33.496Z,142.979,142.992,0.0,7.4,0.0,0.0,0.0,0.0,0.0,0.0,0.0,0.0,1.0,0.0,0.0,0.0,9.0,4.0,0.0,0.0,0.0,0.0,0.0,0.0,0.0,0.0,3.0,12.0,1.0,12.18,5.0200000000000005,2.51,1.5,0.0,0.0,0.0,0.4,0.0,-0.1,0.2,-0.7000000000000001,-169.70000000000002,0.0,0.0,169.70000000000002,0.0,21.3,30.5,30.4,31.1,300.0,300.0,30.8,34.9,30.1,29.5,31.3,4.95,1.99,4.96,0.16,0.0,0.0,1027.0,8228.0,0.0,0.0,0.0,0.0,0.0,1.0,0.0,0.0,0.0,0.0,0.0,-0.2,0.0,0.6000000000000001,0.0,0.0001,16.0,25903.0
2026-07-30T18:59:33.509Z,142.992,143.004,0.0,7.4,0.0,0.0,0.0,0.0,0.0,0.0,0.0,0.0,1.0,0.0,0.0,0.0,9.0,4.0,0.0,0.0,0.0,0.0,0.0,0.0,0.0,0.0,3.0,12.0,1.0,12.18,5.01,2.51,1.49,0.0,0.0,0.0,0.4,0.0,1.5,0.2,-0.7000000000000001,-169.70000000000002,0.0,0.0,169.70000000000002,0.0,21.4,30.5,30.4,31.1,300.0,300.0,31.0,34.9,30.1,29.5,31.3,4.96,1.99,4.96,0.16,0.0,0.0,1027.0,8228.0,0.0,0.0,0.0,0.0,0.0,1.0,0.0,0.0,0.0,0.0,0.0,-0.3,0.0,0.7000000000000001,0.0,0.0,16.0,25903.0
2026-07-30T18:59:33.528Z,143.011,143.016,0.0,7.4,0.0,0.0,0.0,0.0,0.0,0.0,0.0,0.0,1.0,0.0,0.0,0.0,9.0,4.0,0.0,0.0,0.0,0.0,0.0,0.0,0.0,0.0,5.0,12.0,1.0,12.18,5.01,2.51,1.49,0.0,0.0,0.0,0.4,0.0,0.4,-1.5,-2.5,-169.70000000000002,0.0,0.0,169.70000000000002,0.0,21.4,30.5,30.4,31.1,300.0,300.0,31.0,34.9,30.1,29.5,31.3,4.95,1.99,4.97,0.16,0.0,0.0,1027.0,8228.0,0.0,0.0,0.0,0.0,0.0,1.0,0.0,0.0,0.0,0.0,0.0,-3.6,0.0,1.8,0.0,0.0,16.0,25903.0
2026-07-30T18:59:33.531Z,143.014,143.028,0.0,7.4,0.0,0.0,0.0,0.0,0.0,0.0,0.0,0.0,1.0,0.0,0.0,0.0,9.0,4.0,0.0,0.0,0.0,0.0,0.0,0.0,0.0,0.0,3.0,12.0,1.0,12.18,5.01,2.51,1.49,0.0,0.0,0.0,0.4,0.0,-1.3,-0.9,-0.1,-169.70000000000002,0.0,0.0,169.8,0.0,21.4,30.5,30.4,31.1,300.0,300.0,31.0,34.9,30.1,29.5,31.3,4.95,1.99,4.97,0.16,0.0,0.0,1027.0,8228.0,0.0,0.0,0.0,0.0,0.0,1.0,0.0,0.0,0.0,0.0,0.0,-1.1,0.0,0.0,0.0,0.0001,16.0,25903.0
2026-07-30T18:59:33.544Z,143.027,143.04,0.0,7.4,0.0,0.0,0.0,0.0,0.0,0.0,0.0,0.0,1.0,0.0,0.0,0.0,9.0,4.0,0.0,0.0,0.0,0.0,0.0,0.0,0.0,0.0,4.0,12.0,1.0,12.18,5.01,2.51,1.49,0.0,0.1,0.0,0.4,0.0,-0.1,-0.3,-0.2,-169.70000000000002,0.0,0.0,169.8,0.0,21.4,30.5,30.4,31.1,300.0,300.0,31.0,34.9,30.1,29.5,31.3,4.95,2.0,4.97,0.16,0.0,0.0,1027.0,8228.0,0.0,0.0,0.0,0.0,0.0,1.0,0.0,0.0,0.0,0.0,0.0,-0.6000000000000001,0.0,0.1,0.0,0.0001,16.0,25903.0
2026-07-30T18:59:33.555Z,143.038,143.052,0.0,7.4,0.0,0.0,0.0,0.0,0.0,0.0,0.0,0.0,1.0,0.0,0.0,0.0,9.0,4.0,0.0,0.0,0.0,0.0,0.0,0.0,0.0,0.0,5.0,12.0,1.0,12.18,5.01,2.51,1.49,0.0,0.0,0.0,0.4,0.0,0.3,0.2,0.9,-169.70000000000002,0.0,0.0,169.8,0.0,21.4,30.5,30.4,31.1,300.0,300.0,31.0,34.9,30.1,29.5,31.3,4.96,2.0,4.96,0.16,0.0,0.0,1027.0,8228.0,0.0,0.0,0.0,0.0,0.0,1.0,0.0,0.0,0.0,0.0,0.0,0.9,0.0,-0.7000000000000001,0.0,0.0001,16.0,25903.0
2026-07-30T18:59:33.568Z,143.051,143.064,0.0,7.4,0.0,0.0,0.0,0.0,0.0,0.0,0.0,0.0,1.0,0.0,0.0,0.0,9.0,4.0,0.0,0.0,0.0,0.0,0.0,0.0,0.0,0.0,6.0,12.0,1.0,12.18,5.01,2.51,1.49,0.0,0.0,0.0,0.5,0.0,0.3,-0.4,0.9,-169.70000000000002,0.0,0.0,169.8,0.0,21.4,30.5,30.4,31.1,300.0,300.0,31.0,34.9,30.1,29.5,31.3,4.95,1.99,4.97,0.16,0.0,0.0,1027.0,8228.0,0.0,0.0,0.0,0.0,0.0,1.0,0.0,0.0,0.0,0.0,0.0,0.2,0.0,-0.9,0.0,0.0,16.0,25903.0
2026-07-30T18:59:33.580Z,143.063,143.076,0.0,7.4,0.0,0.0,0.0,0.0,0.0,0.0,0.0,0.0,1.0,0.0,0.0,0.0,9.0,4.0,0.0,0.0,0.0,0.0,0.0,0.0,0.0,0.0,1.0,12.0,1.0,12.18,5.01,2.51,1.49,0.0,0.0,0.0,0.4,0.0,-0.2,1.3,-0.2,-169.70000000000002,0.0,0.0,169.8,0.0,21.4,30.5,30.4,31.1,300.0,300.0,31.0,34.9,30.1,29.5,31.3,4.95,1.99,4.97,0.16,0.0,0.0,1027.0,8228.0,0.0,0.0,0.0,0.0,0.0,1.0,0.0,0.0,0.0,0.0,0.0,1.3,0.0,0.4,0.0,0.0001,16.0,25903.0
2026-07-30T18:59:33.592Z,143.075,143.088,0.0,7.4,0.0,0.0,0.0,0.0,0.0,0.0,0.0,0.0,1.0,0.0,0.0,0.0,9.0,4.0,0.0,0.0,0.0,0.0,0.0,0.0,0.0,0.0,3.0,12.0,1.0,12.18,5.01,2.51,1.49,0.0,0.0,0.0,0.4,0.0,-0.2,0.8,0.3,-169.70000000000002,0.0,0.0,169.8,0.0,21.4,30.5,30.4,31.1,300.0,300.0,31.0,34.9,30.1,29.5,31.3,4.95,2.0,4.97,0.16,0.0,0.0,1027.0,8228.0,0.0,0.0,0.0,0.0,0.0,1.0,0.0,0.0,0.0,0.0,0.0,1.2000000000000002,0.0,-0.1,0.0,0.0001,16.0,25903.0
2026-07-30T18:59:33.604Z,143.087,143.1,0.0,7.4,0.0,0.0,0.0,0.0,0.0,0.0,0.0,0.0,1.0,0.0,0.0,0.0,9.0,4.0,0.0,0.0,0.0,0.0,0.0,0.0,0.0,0.0,3.0,12.0,1.0,12.18,5.01,2.51,1.49,0.0,0.0,0.0,0.5,0.0,-0.8,0.2,0.3,-169.70000000000002,0.0,0.0,169.70000000000002,0.0,21.4,30.5,30.4,31.1,300.0,300.0,31.0,34.9,30.1,29.5,31.3,4.95,2.0,4.96,0.16,0.0,0.0,1027.0,8228.0,0.0,0.0,0.0,0.0,0.0,1.0,0.0,0.0,0.0,0.0,0.0,0.5,0.0,-0.2,0.0,0.0,16.0,25903.0
2026-07-30T18:59:33.616Z,143.099,143.112,0.0,7.4,0.0,0.0,0.0,0.0,0.0,0.0,0.0,0.0,1.0,0.0,0.0,0.0,9.0,4.0,0.0,0.0,0.0,0.0,0.0,0.0,0.0,0.0,5.0,12.0,1.0,12.17,5.0200000000000005,2.51,1.49,0.0,0.0,0.0,0.5,0.0,0.3,-0.3,-0.8,-169.70000000000002,0.0,0.0,169.70000000000002,0.0,21.3,30.5,30.4,31.1,300.0,300.0,31.0,34.9,30.1,29.5,31.3,4.95,1.99,4.97,0.16,0.0,0.0,1027.0,8228.0,0.0,0.0,0.0,0.0,0.0,1.0,0.0,0.0,0.0,0.0,0.0,-1.0,0.0,0.6000000000000001,0.0,0.0,16.0,25903.0
2026-07-30T18:59:33.628Z,143.111,143.124,0.0,7.4,0.0,0.0,0.0,0.0,0.0,0.0,0.0,0.0,1.0,0.0,0.0,0.0,9.0,4.0,0.0,0.0,0.0,0.0,0.0,0.0,0.0,0.0,6.0,12.0,1.0,12.17,5.0200000000000005,2.51,1.49,0.0,0.1,0.0,0.4,0.0,-0.2,0.7000000000000001,0.3,-169.70000000000002,0.0,0.0,169.8,0.0,21.3,30.5,30.4,31.1,300.0,300.0,31.0,34.9,30.1,29.5,31.3,4.95,2.0,4.96,0.16,0.0,0.0,1027.0,8228.0,0.0,0.0,0.0,0.0,0.0,1.0,0.0,0.0,0.0,0.0,0.0,1.1,0.0,-0.1,0.0,0.0001,16.0,25903.0
2026-07-30T18:59:33.639Z,143.122,143.136,0.0,7.4,0.0,0.0,0.0,0.0,0.0,0.0,0.0,0.0,1.0,0.0,0.0,0.0,9.0,4.0,0.0,0.0,0.0,0.0,0.0,0.0,0.0,0.0,1.0,12.0,1.0,12.17,5.0200000000000005,2.51,1.49,0.0,0.1,0.0,0.5,0.0,0.9,0.7000000000000001,-0.8,-169.70000000000002,0.0,0.0,169.8,0.0,21.3,30.5,30.4,31.1,300.0,300.0,31.0,34.9,30.1,29.5,31.3,4.95,2.0,4.96,0.16,0.0,0.0,1027.0,8228.0,0.0,0.0,0.0,0.0,0.0,1.0,0.0,0.0,0.0,0.0,0.0,0.2,0.0,0.8,0.0,0.0,16.0,25903.0
2026-07-30T18:59:33.652Z,143.135,143.148,0.0,7.4,0.0,0.0,0.0,0.0,0.0,0.0,0.0,0.0,1.0,0.0,0.0,0.0,9.0,4.0,0.0,0.0,0.0,0.0,0.0,0.0,0.0,0.0,3.0,12.0,1.0,12.17,5.0200000000000005,2.51,1.49,0.0,0.0,0.0,0.4,0.0,0.3,-0.3,-0.8,-169.70000000000002,0.0,0.0,169.8,0.0,21.3,30.5,30.4,31.1,300.0,300.0,31.0,34.9,30.1,29.5,31.3,4.95,2.0,4.97,0.17,0.0,0.0,1027.0,8228.0,0.0,0.0,0.0,0.0,0.0,1.0,0.0,0.0,0.0,0.0,0.0,-1.1,0.0,0.7000000000000001,0.0,0.0001,16.0,25903.0
2026-07-30T18:59:33.664Z,143.147,143.16,0.0,7.4,0.0,0.0,0.0,0.0,0.0,0.0,0.0,0.0,1.0,0.0,0.0,0.0,9.0,4.0,0.0,0.0,0.0,0.0,0.0,0.0,0.0,0.0,4.0,12.0,1.0,12.17,5.0200000000000005,2.51,1.49,0.0,0.0,0.0,0.5,0.0,0.3,0.7000000000000001,-0.2,-169.70000000000002,0.0,0.0,169.8,0.0,21.3,30.5,30.4,31.1,300.0,300.0,31.0,34.9,30.1,29.5,31.3,4.96,1.99,4.97,0.17,0.0,0.0,1027.0,8228.0,0.0,0.0,0.0,0.0,0.0,1.0,0.0,0.0,0.0,0.0,0.0,0.6000000000000001,0.0,0.4,0.0,0.0001,16.0,25903.0
2026-07-30T18:59:33.675Z,143.158,143.172,0.0,7.4,0.0,0.0,0.0,0.0,0.0,0.0,0.0,0.0,1.0,0.0,0.0,0.0,9.0,4.0,0.0,0.0,0.0,0.0,0.0,0.0,0.0,0.0,5.0,12.0,1.0,12.17,5.0200000000000005,2.51,1.49,0.0,0.0,0.0,0.4,0.0,0.3,0.1,-0.9,-169.70000000000002,0.0,0.0,169.8,0.0,21.3,30.5,30.4,31.1,300.0,300.0,31.0,34.9,30.1,29.5,31.3,4.96,2.0,4.96,0.16,0.0,0.0,1027.0,8228.0,0.0,0.0,0.0,0.0,0.0,1.0,0.0,0.0,0.0,0.0,0.0,-0.5,0.0,0.8,0.0,0.0001,16.0,25903.0
2026-07-30T18:59:33.688Z,143.171,143.184,0.0,7.4,0.0,0.0,0.0,0.0,0.0,0.0,0.0,0.0,1.0,0.0,0.0,0.0,9.0,4.0,0.0,0.0,0.0,0.0,0.0,0.0,0.0,0.0,6.0,12.0,1.0,12.17,5.0200000000000005,2.51,1.49,0.0,0.0,0.0,0.4,0.0,0.3,1.3,0.8,-169.70000000000002,0.0,0.0,169.8,0.0,21.3,30.5,30.4,31.1,300.0,300.0,31.0,34.9,30.1,29.5,31.3,4.96,1.99,4.96,0.16,0.0,0.0,1027.0,8228.0,0.0,0.0,0.0,0.0,0.0,1.0,0.0,0.0,0.0,0.0,0.0,2.1,0.0,-0.5,0.0,0.0,16.0,25903.0
2026-07-30T18:59:33.699Z,143.182,143.196,0.0,7.4,0.0,0.0,0.0,0.0,0.0,0.0,0.0,0.0,1.0,0.0,0.0,0.0,9.0,4.0,0.0,0.0,0.0,0.0,0.0,0.0,0.0,0.0,1.0,12.0,1.0,12.17,5.0200000000000005,2.51,1.49,0.0,0.0,0.0,0.4,0.0,-0.2,-0.4,-0.8,-169.70000000000002,0.0,0.0,169.8,0.0,21.3,30.5,30.4,31.1,300.0,300.0,31.0,34.9,30.1,29.5,31.3,4.95,1.99,4.97,0.16,0.0,0.0,1027.0,8228.0,0.0,0.0,0.0,0.0,0.0,1.0,0.0,0.0,0.0,0.0,0.0,-1.1,0.0,0.6000000000000001,0.0,0.0001,16.0,25903.0
2026-07-30T18:59:33.713Z,143.196,143.208,0.0,7.4,0.0,0.0,0.0,0.0,0.0,0.0,0.0,0.0,1.0,0.0,0.0,0.0,9.0,4.0,0.0,0.0,0.0,0.0,0.0,0.0,0.0,0.0,2.0,12.0,1.0,12.18,5.01,2.51,1.49,0.0,0.0,0.0,0.5,0.0,-0.2,-0.5,-0.2,-169.70000000000002,0.0,0.0,169.8,0.0,21.700000000000003,30.4,30.4,31.1,300.0,300.0,30.9,34.9,30.1,29.5,31.3,4.96,1.99,4.96,0.16,0.0,0.0,1027.0,8228.0,0.0,0.0,0.0,0.0,0.0,1.0,0.0,0.0,0.0,0.0,0.0,-0.2,0.0,1.3,0.0,0.0,16.0,25903.0
2026-07-30T18:59:33.724Z,143.207,143.22,0.0,7.4,0.0,0.0,0.0,0.0,0.0,0.0,0.0,0.0,1.0,0.0,0.0,0.0,9.0,4.0,0.0,0.0,0.0,0.0,0.0,0.0,0.0,0.0,4.0,12.0,1.0,12.18,5.01,2.51,1.49,0.0,0.0,0.0,0.4,0.0,-0.2,0.0,-0.2,-169.70000000000002,0.0,0.0,169.8,0.0,21.700000000000003,30.4,30.4,31.1,300.0,300.0,30.9,34.9,30.1,29.5,31.3,4.96,1.99,4.97,0.16,0.0,0.0,1027.0,8228.0,0.0,0.0,0.0,0.0,0.0,1.0,0.0,0.0,0.0,0.0,0.0,-0.5,0.0,0.7000000000000001,0.0,0.0,16.0,25903.0
2026-07-30T18:59:33.735Z,143.218,143.232,0.0,7.4,0.0,0.0,0.0,0.0,0.0,0.0,0.0,0.0,1.0,0.0,0.0,0.0,9.0,4.0,0.0,0.0,0.0,0.0,0.0,0.0,0.0,0.0,5.0,12.0,1.0,12.18,5.01,2.51,1.49,0.0,0.0,0.0,0.4,0.0,-0.2,-0.5,-1.3,-169.70000000000002,0.0,0.0,169.70000000000002,0.0,21.700000000000003,30.4,30.4,31.1,300.0,300.0,30.9,34.9,30.1,29.5,31.3,4.95,1.99,4.97,0.16,0.0,0.0,1027.0,8228.0,0.0,0.0,0.0,0.0,0.0,1.0,0.0,0.0,0.0,0.0,0.0,1.2000000000000002,0.0,0.4,0.0,0.0,16.0,25903.0
2026-07-30T18:59:33.748Z,143.231,143.244,0.0,7.4,0.0,0.0,0.0,0.0,0.0,0.0,0.0,0.0,1.0,0.0,0.0,0.0,9.0,4.0,0.0,0.0,0.0,0.0,0.0,0.0,0.0,0.0,1.0,12.0,1.0,12.18,5.01,2.51,1.49,0.0,0.0,0.0,0.5,0.0,-0.3,-0.5,0.3,-169.70000000000002,0.0,0.0,169.8,0.0,21.700000000000003,30.4,30.4,31.1,300.0,300.0,30.9,34.9,30.1,29.5,31.3,4.96,1.99,4.97,0.16,0.0,0.0,1027.0,8228.0,0.0,0.0,0.0,0.0,0.0,1.0,0.0,0.0,0.0,0.0,0.0,-0.5,0.0,0.7000000000000001,0.0,0.0,16.0,25903.0
2026-07-30T18:59:33.760Z,143.243,143.256,0.0,7.4,0.0,0.0,0.0,0.0,0.0,0.0,0.0,0.0,1.0,0.0,0.0,0.0,9.0,4.0,0.0,0.0,0.0,0.0,0.0,0.0,0.0,0.0,2.0,12.0,1.0,12.18,5.01,2.51,1.49,0.0,0.0,0.0,0.4,0.0,-0.3,0.6000000000000001,1.5,-169.70000000000002,0.0,0.0,169.70000000000002,0.0,21.700000000000003,30.4,30.4,31.1,300.0,300.0,30.9,34.9,30.1,29.5,31.3,4.96,1.99,4.96,0.16,0.0,0.0,1027.0,8228.0,0.0,0.0,0.0,0.0,0.0,1.0,0.0,0.0,0.0,0.0,0.0,1.8,0.0,-1.2000000000000002,0.0,0.0,16.0,25903.0
2026-07-30T18:59:33.772Z,143.255,143.268,0.0,7.4,0.0,0.0,0.0,0.0,0.0,0.0,0.0,0.0,1.0,0.0,0.0,0.0,9.0,4.0,0.0,0.0,0.0,0.0,0.0,0.0,0.0,0.0,3.0,12.0,1.0,12.18,5.01,2.51,1.49,0.0,0.0,0.0,0.4,0.0,0.3,0.0,-0.7000000000000001,-169.70000000000002,0.0,0.0,169.70000000000002,0.0,21.700000000000003,30.4,30.4,31.1,300.0,300.0,30.9,34.9,30.1,29.5,31.3,4.96,1.99,4.97,0.16,0.0,0.0,1027.0,8228.0,0.0,0.0,0.0,0.0,0.0,1.0,0.0,0.0,0.0,0.0,0.0,-0.5,0.0,0.7000000000000001,0.0,0.0,16.0,25903.0
2026-07-30T18:59:33.784Z,143.267,143.28,0.0,7.4,0.0,0.0,0.0,0.0,0.0,0.0,0.0,0.0,1.0,0.0,0.0,0.0,9.0,4.0,0.0,0.0,0.0,0.0,0.0,0.0,0.0,0.0,5.0,12.0,1.0,12.18,5.01,2.51,1.49,0.0,0.1,0.0,0.5,0.0,-0.2,0.0,-0.7000000000000001,-169.70000000000002,0.0,0.0,169.70000000000002,0.0,21.700000000000003,30.4,30.4,31.1,300.0,300.0,30.9,34.9,30.1,29.5,31.3,4.96,1.99,4.97,0.16,0.0,0.0,1027.0,8228.0,0.0,0.0,0.0,0.0,0.0,1.0,0.0,0.0,0.0,0.0,0.0,-0.4,0.0,0.7000000000000001,0.0,0.0002,16.0,25903.0
2026-07-30T18:59:33.796Z,143.279,143.292,0.0,7.4,0.0,0.0,0.0,0.0,0.0,0.0,0.0,0.0,1.0,0.0,0.0,0.0,9.0,4.0,0.0,0.0,0.0,0.0,0.0,0.0,0.0,0.0,6.0,12.0,1.0,12.18,5.01,2.51,1.49,0.0,0.0,0.0,0.4,0.0,0.3,0.1,0.4,-169.70000000000002,0.0,0.0,169.8,0.0,21.700000000000003,30.4,30.4,31.1,300.0,300.0,30.9,34.9,30.1,29.5,31.3,4.96,1.99,4.96,0.16,0.0,0.0,1027.0,8228.0,0.0,0.0,0.0,0.0,0.0,1.0,0.0,0.0,0.0,0.0,0.0,0.4,0.0,-0.3,0.0,0.0,16.0,25903.0
2026-07-30T18:59:33.808Z,143.291,143.304,0.0,7.4,0.0,0.0,0.0,0.0,0.0,0.0,0.0,0.0,1.0,0.0,0.0,0.0,9.0,4.0,0.0,0.0,0.0,0.0,0.0,0.0,0.0,0.0,1.0,12.0,1.0,12.18,5.01,2.51,1.49,0.0,0.0,0.0,0.4,0.0,0.3,-0.4,0.4,-169.70000000000002,0.0,0.0,169.8,0.0,21.700000000000003,30.4,30.4,31.1,300.0,300.0,30.9,34.9,30.1,29.5,31.3,4.95,2.0,4.97,0.16,0.0,0.0,1027.0,8228.0,0.0,0.0,0.0,0.0,0.0,1.0,0.0,0.0,0.0,0.0,0.0,-0.1,0.0,-0.4,0.0,0.0002,16.0,25903.0
2026-07-30T18:59:33.820Z,143.303,143.316,0.0,7.4,0.0,0.0,0.0,0.0,0.0,0.0,0.0,0.0,1.0,0.0,0.0,0.0,9.0,4.0,0.0,0.0,0.0,0.0,0.0,0.0,0.0,0.0,2.0,12.0,1.0,12.18,5.01,2.51,1.5,0.0,0.0,0.0,0.4,0.0,-0.7000000000000001,0.1,-0.1,-169.70000000000002,0.0,0.0,169.70000000000002,0.0,21.0,30.4,30.4,31.1,300.0,300.0,30.9,34.9,30.1,29.5,31.200000000000003,4.95,1.99,4.97,0.16,0.0,0.0,1027.0,8228.0,0.0,0.0,0.0,0.0,0.0,1.0,0.0,0.0,0.0,0.0,0.0,0.0,0.0,0.1,0.0,0.0001,16.0,25903.0
2026-07-30T18:59:33.834Z,143.317,143.328,0.0,7.4,0.0,0.0,0.0,0.0,0.0,0.0,0.0,0.0,1.0,0.0,0.0,0.0,9.0,4.0,0.0,0.0,0.0,0.0,0.0,0.0,0.0,0.0,4.0,12.0,1.0,12.18,5.01,2.51,1.5,0.0,0.0,0.0,0.4,0.0,0.3,0.1,-0.7000000000000001,-169.70000000000002,0.0,0.0,169.8,0.0,21.0,30.4,30.4,31.1,300.0,300.0,30.9,34.9,30.1,29.5,31.200000000000003,4.96,1.99,4.97,0.16,0.0,0.0,1027.0,8228.0,0.0,0.0,0.0,0.0,0.0,1.0,0.0,0.0,0.0,0.0,0.0,-0.3,0.0,0.6000000000000001,0.0,0.0001,16.0,25903.0
2026-07-30T18:59:33.847Z,143.33,143.34,0.0,7.4,0.0,0.0,0.0,0.0,0.0,0.0,0.0,0.0,1.0,0.0,0.0,0.0,9.0,4.0,0.0,0.0,0.0,0.0,0.0,0.0,0.0,0.0,3.0,12.0,1.0,12.18,5.01,2.51,1.5,0.0,0.0,0.0,0.4,0.0,-0.2,-1.6,-0.1,-169.70000000000002,0.0,0.0,169.8,0.0,21.0,30.4,30.4,31.1,300.0,300.0,30.9,34.9,30.1,29.5,31.200000000000003,4.95,1.99,4.96,0.16,0.0,0.0,1027.0,8228.0,0.0,0.0,0.0,0.0,0.0,1.0,0.0,0.0,0.0,0.0,0.0,-1.9,0.0,-0.2,0.0,0.0001,16.0,25903.0
2026-07-30T18:59:33.856Z,143.339,143.352,0.0,7.4,0.0,0.0,0.0,0.0,0.0,0.0,0.0,0.0,1.0,0.0,0.0,0.0,9.0,4.0,0.0,0.0,0.0,0.0,0.0,0.0,0.0,0.0,6.0,12.0,1.0,12.18,5.01,2.51,1.5,0.0,0.0,0.0,0.4,0.0,-0.2,-0.4,0.4,-169.70000000000002,0.0,0.0,169.8,0.0,21.0,30.4,30.4,31.1,300.0,300.0,30.9,34.9,30.1,29.5,31.200000000000003,4.95,1.99,4.96,0.16,0.0,0.0,1027.0,8228.0,0.0,0.0,0.0,0.0,0.0,1.0,0.0,0.0,0.0,0.0,0.0,-0.1,0.0,-0.4,0.0,0.0,16.0,25903.0
2026-07-30T18:59:33.868Z,143.351,143.364,0.0,7.4,0.0,0.0,0.0,0.0,0.0,0.0,0.0,0.0,1.0,0.0,0.0,0.0,9.0,4.0,0.0,0.0,0.0,0.0,0.0,0.0,0.0,0.0,2.0,12.0,1.0,12.18,5.01,2.51,1.5,0.0,0.0,0.0,0.4,0.0,0.9,1.9,0.4,-169.70000000000002,0.0,0.0,169.70000000000002,0.0,21.0,30.4,30.4,31.1,300.0,300.0,30.9,34.9,30.1,29.5,31.200000000000003,4.95,2.0,4.96,0.16,0.0,0.0,1027.0,8228.0,0.0,0.0,0.0,0.0,0.0,1.0,0.0,0.0,0.0,0.0,0.0,2.5,0.0,0.0,0.0,0.0,16.0,25903.0
2026-07-30T18:59:33.879Z,143.362,143.376,0.0,7.4,0.0,0.0,0.0,0.0,0.0,0.0,0.0,0.0,1.0,0.0,0.0,0.0,9.0,4.0,0.0,0.0,0.0,0.0,0.0,0.0,0.0,0.0,4.0,12.0,1.0,12.18,5.01,2.51,1.5,0.0,0.0,0.0,0.4,0.0,-0.8,-1.0,-1.9,-169.70000000000002,0.0,0.0,169.70000000000002,0.0,21.0,30.4,30.4,31.1,300.0,300.0,30.9,34.9,30.1,29.5,31.200000000000003,4.96,1.99,4.96,0.16,0.0,0.0,1027.0,8228.0,0.0,0.0,0.0,0.0,0.0,1.0,0.0,0.0,0.0,0.0,0.0,-2.5,0.0,1.4,0.0,0.0001,16.0,25903.0
2026-07-30T18:59:33.892Z,143.375,143.388,0.0,7.4,0.0,0.0,0.0,0.0,0.0,0.0,0.0,0.0,1.0,0.0,0.0,0.0,9.0,4.0,0.0,0.0,0.0,0.0,0.0,0.0,0.0,0.0,5.0,12.0,1.0,12.18,5.01,2.51,1.5,0.0,0.0,0.0,0.4,0.0,-0.8,0.1,-1.3,-169.70000000000002,0.0,0.0,169.70000000000002,0.0,21.0,30.4,30.4,31.1,300.0,300.0,30.9,34.9,30.1,29.5,31.200000000000003,4.95,1.99,4.97,0.16,0.0,0.0,1027.0,8228.0,0.0,0.0,0.0,0.0,0.0,1.0,0.0,0.0,0.0,0.0,0.0,-0.7000000000000001,0.0,1.2000000000000002,0.0,0.0,16.0,25903.0
2026-07-30T18:59:33.904Z,143.387,143.4,0.0,7.4,0.0,0.0,0.0,0.0,0.0,0.0,0.0,0.0,1.0,0.0,0.0,0.0,9.0,4.0,0.0,0.0,0.0,0.0,0.0,0.0,0.0,0.0,6.0,12.0,1.0,12.18,5.01,2.51,1.5,0.0,0.1,0.0,0.5,0.0,-0.2,0.7000000000000001,-1.2000000000000002,-169.70000000000002,0.0,0.0,169.70000000000002,0.0,21.0,30.4,30.4,31.1,300.0,300.0,30.9,34.9,30.1,29.5,31.200000000000003,4.95,1.99,4.96,0.16,0.0,0.0,1027.0,8228.0,0.0,0.0,0.0,0.0,0.0,1.0,0.0,0.0,0.0,0.0,0.0,0.0,0.0,1.2000000000000002,0.0,0.0001,16.0,25903.0
2026-07-30T18:59:33.917Z,143.4,143.412,0.0,7.4,0.0,0.0,0.0,0.0,0.0,0.0,0.0,0.0,1.0,0.0,0.0,0.0,9.0,4.0,0.0,0.0,0.0,0.0,0.0,0.0,0.0,0.0,1.0,12.0,1.0,12.17,5.0200000000000005,2.51,1.49,0.0,0.0,0.0,0.4,0.0,-0.8,0.1,-0.6000000000000001,-169.70000000000002,0.0,0.0,169.60000000000002,0.0,21.8,30.4,30.4,31.1,300.0,300.0,31.0,34.9,30.1,29.5,31.3,4.95,2.0,4.97,0.16,0.0,0.0,1027.0,8228.0,0.0,0.0,0.0,0.0,0.0,1.0,0.0,0.0,0.0,0.0,0.0,-0.3,0.0,0.6000000000000001,0.0,0.0,16.0,25903.0
2026-07-30T18:59:33.927Z,143.41,143.424,0.0,7.4,0.0,0.0,0.0,0.0,0.0,0.0,0.0,0.0,1.0,0.0,0.0,0.0,9.0,4.0,0.0,0.0,0.0,0.0,0.0,0.0,0.0,0.0,3.0,12.0,1.0,12.17,5.0200000000000005,2.51,1.49,0.0,0.0,0.0,0.4,0.0,-0.8,0.1,2.2,-169.70000000000002,0.0,0.0,169.60000000000002,0.0,21.8,30.4,30.4,31.1,300.0,300.0,31.0,34.9,30.1,29.5,31.3,4.95,1.99,4.97,0.16,0.0,0.0,1027.0,8228.0,0.0,0.0,0.0,0.0,0.0,1.0,0.0,0.0,0.0,0.0,0.0,1.8,0.0,-1.9,0.0,0.0001,16.0,25903.0
2026-07-30T18:59:33.940Z,143.423,143.436,0.0,7.4,0.0,0.0,0.0,0.0,0.0,0.0,0.0,0.0,1.0,0.0,0.0,0.0,9.0,4.0,0.0,0.0,0.0,0.0,0.0,0.0,0.0,0.0,4.0,12.0,1.0,12.17,5.0200000000000005,2.51,1.49,0.0,0.0,0.0,0.5,0.0,0.3,0.1,1.0,-169.70000000000002,0.0,0.0,169.60000000000002,0.0,21.8,30.4,30.4,31.1,300.0,300.0,31.0,34.9,30.1,29.5,31.3,4.95,1.99,4.96,0.16,0.0,0.0,1027.0,8228.0,0.0,0.0,0.0,0.0,0.0,1.0,0.0,0.0,0.0,0.0,0.0,0.9,0.0,-0.9,0.0,0.0001,16.0,25903.0
2026-07-30T18:59:33.951Z,143.434,143.448,0.0,7.4,0.0,0.0,0.0,0.0,0.0,0.0,0.0,0.0,1.0,0.0,0.0,0.0,9.0,4.0,0.0,0.0,0.0,0.0,0.0,0.0,0.0,0.0,6.0,12.0,1.0,12.17,5.0200000000000005,2.51,1.49,0.0,0.0,0.0,0.4,0.0,-0.3,-1.0,1.6,-169.70000000000002,0.0,0.0,169.8,0.0,21.8,30.4,30.4,31.1,300.0,300.0,31.0,34.9,30.1,29.5,31.3,4.96,1.99,4.96,0.16,0.0,0.0,1027.0,8228.0,0.0,0.0,0.0,0.0,0.0,1.0,0.0,0.0,0.0,0.0,0.0,0.0,0.0,-1.6,0.0,0.0,16.0,25903.0
2026-07-30T18:59:33.964Z,143.447,143.46,0.0,7.4,0.0,0.0,0.0,0.0,0.0,0.0,0.0,0.0,1.0,0.0,0.0,0.0,9.0,4.0,0.0,0.0,0.0,0.0,0.0,0.0,0.0,0.0,1.0,12.0,1.0,12.17,5.0200000000000005,2.51,1.49,0.0,0.0,0.0,0.5,0.0,-0.2,-0.4,0.5,-169.70000000000002,0.0,0.0,169.8,0.0,21.8,30.4,30.4,31.1,300.0,300.0,31.0,34.9,30.1,29.5,31.3,4.96,1.99,4.97,0.17,0.0,0.0,1027.0,8228.0,0.0,0.0,0.0,0.0,0.0,1.0,0.0,0.0,0.0,0.0,0.0,-0.1,0.0,-0.5,0.0,0.0003,16.0,25903.0
2026-07-30T18:59:33.975Z,143.458,143.472,0.0,7.4,0.0,0.0,0.0,0.0,0.0,0.0,0.0,0.0,1.0,0.0,0.0,0.0,9.0,4.0,0.0,0.0,0.0,0.0,0.0,0.0,0.0,0.0,3.0,12.0,1.0,12.17,5.0200000000000005,2.51,1.49,0.0,0.0,0.0,0.4,0.0,-0.8,-0.5,-0.6000000000000001,-169.70000000000002,0.0,0.0,169.70000000000002,0.0,21.8,30.4,30.4,31.1,300.0,300.0,31.0,34.9,30.1,29.5,31.3,4.95,1.99,4.97,0.16,0.0,0.0,1027.0,8228.0,0.0,0.0,0.0,0.0,0.0,1.0,0.0,0.0,0.0,0.0,0.0,-1.0,0.0,0.4,0.0,0.0,16.0,25903.0
2026-07-30T18:59:33.988Z,143.471,143.484,0.0,7.4,0.0,0.0,0.0,0.0,0.0,0.0,0.0,0.0,1.0,0.0,0.0,0.0,9.0,4.0,0.0,0.0,0.0,0.0,0.0,0.0,0.0,0.0,4.0,12.0,1.0,12.17,5.0200000000000005,2.51,1.49,0.0,0.0,0.0,0.5,0.0,-0.2,-0.5,0.4,-169.70000000000002,0.0,0.0,169.60000000000002,0.0,21.8,30.4,30.4,31.1,300.0,300.0,31.0,34.9,30.1,29.5,31.3,4.96,1.99,4.96,0.16,0.0,0.0,1027.0,8228.0,0.0,0.0,0.0,0.0,0.0,1.0,0.0,0.0,0.0,0.0,0.0,-0.2,0.0,-0.5,0.0,0.0,16.0,25903.0
2026-07-30T18:59:33.999Z,143.482,143.496,0.0,7.4,0.0,0.0,0.0,0.0,0.0,0.0,0.0,0.0,1.0,0.0,0.0,0.0,9.0,4.0,0.0,0.0,0.0,0.0,0.0,0.0,0.0,0.0,6.0,12.0,1.0,12.17,5.0200000000000005,2.51,1.49,0.0,0.0,0.0,0.4,0.0,0.3,-0.5,1.0,-169.70000000000002,0.0,0.0,169.70000000000002,0.0,21.8,30.4,30.4,31.1,300.0,300.0,31.0,34.9,30.1,29.5,31.3,4.95,1.99,4.96,0.16,0.0,0.0,1027.0,8228.0,0.0,0.0,0.0,0.0,0.0,1.0,0.0,0.0,0.0,0.0,0.0,0.2,0.0,-1.0,0.0,0.0002,16.0,25903.0
2026-07-30T18:59:34.012Z,143.495,143.508,0.0,7.4,0.0,0.0,0.0,0.0,0.0,0.0,0.0,0.0,1.0,0.0,0.0,0.0,9.0,4.0,0.0,0.0,0.0,0.0,0.0,0.0,0.0,0.0,1.0,12.0,1.0,12.17,5.0200000000000005,2.51,1.49,0.0,0.0,0.0,0.4,0.0,-0.2,0.6000000000000001,-0.1,-169.70000000000002,0.0,0.0,169.70000000000002,0.0,21.8,30.4,30.4,31.1,300.0,300.0,31.0,34.9,30.1,29.5,31.3,4.95,1.99,4.97,0.16,0.0,0.0,1027.0,8228.0,0.0,0.0,0.0,0.0,0.0,1.0,0.0,0.0,0.0,0.0,0.0,0.5,0.0,0.2,0.0,0.0001,16.0,25903.0
2026-07-30T18:59:34.024Z,143.507,143.52,0.0,7.4,0.0,0.0,0.0,0.0,0.0,0.0,0.0,0.0,1.0,0.0,0.0,0.0,9.0,4.0,0.0,0.0,0.0,0.0,0.0,0.0,0.0,0.0,3.0,12.0,1.0,12.15,5.0200000000000005,2.51,1.49,0.0,0.0,0.0,0.4,0.0,-0.2,0.0,-0.6000000000000001,-169.70000000000002,0.0,0.0,169.60000000000002,0.0,21.3,30.4,30.4,31.1,300.0,300.0,30.9,34.9,30.1,29.5,31.200000000000003,4.95,2.0,4.97,0.16,0.0,0.0,1027.0,8228.0,0.0,0.0,0.0,0.0,0.0,1.0,0.0,0.0,0.0,0.0,0.0,-0.4,0.0,0.6000000000000001,0.0,0.0001,16.0,25903.0
2026-07-30T18:59:34.036Z,143.519,143.532,0.0,7.4,0.0,0.0,0.0,0.0,0.0,0.0,0.0,0.0,1.0,0.0,0.0,0.0,9.0,4.0,0.0,0.0,0.0,0.0,0.0,0.0,0.0,0.0,4.0,12.0,1.0,12.15,5.0200000000000005,2.51,1.49,0.0,0.0,0.0,0.4,0.0,-0.2,-0.5,0.4,-169.70000000000002,0.0,0.0,169.70000000000002,0.0,21.3,30.4,30.4,31.1,300.0,300.0,30.9,34.9,30.1,29.5,31.200000000000003,4.96,2.0,4.96,0.16,0.0,0.0,1027.0,8228.0,0.0,0.0,0.0,0.0,0.0,1.0,0.0,0.0,0.0,0.0,0.0,-0.2,0.0,-0.5,0.0,0.0001,16.0,25903.0
2026-07-30T18:59:34.048Z,143.531,143.544,0.0,7.4,0.0,0.0,0.0,0.0,0.0,0.0,0.0,0.0,1.0,0.0,0.0,0.0,9.0,4.0,0.0,0.0,0.0,0.0,0.0,0.0,0.0,0.0,5.0,12.0,1.0,12.15,5.0200000000000005,2.51,1.49,0.0,0.0,0.0,0.4,0.0,0.3,-1.1,-0.7000000000000001,-169.70000000000002,0.0,0.0,169.70000000000002,0.0,21.3,30.4,30.4,31.1,300.0,300.0,30.9,34.9,30.1,29.5,31.200000000000003,4.95,1.99,4.97,0.16,0.0,0.0,1027.0,8228.0,0.0,0.0,0.0,0.0,0.0,1.0,0.0,0.0,0.0,0.0,0.0,-1.7000000000000002,0.0,0.3,0.0,0.0,16.0,25903.0
2026-07-30T18:59:34.060Z,143.543,143.556,0.0,7.4,0.0,0.0,0.0,0.0,0.0,0.0,0.0,0.0,1.0,0.0,0.0,0.0,9.0,4.0,0.0,0.0,0.0,0.0,0.0,0.0,0.0,0.0,6.0,12.0,1.0,12.15,5.0200000000000005,2.51,1.49,0.0,0.0,0.0,0.5,0.0,-0.2,0.0,-0.1,-169.70000000000002,0.0,0.0,169.70000000000002,0.0,21.3,30.4,30.4,31.1,300.0,300.0,30.9,34.9,30.1,29.5,31.200000000000003,4.95,1.99,4.96,0.17,0.0,0.0,1027.0,8228.0,0.0,0.0,0.0,0.0,0.0,1.0,0.0,0.0,0.0,0.0,0.0,0.0,0.0,0.1,0.0,0.0,16.0,25903.0
2026-07-30T18:59:34.072Z,143.555,143.568,0.0,7.4,0.0,0.0,0.0,0.0,0.0,0.0,0.0,0.0,1.0,0.0,0.0,0.0,9.0,4.0,0.0,0.0,0.0,0.0,0.0,0.0,0.0,0.0,1.0,12.0,1.0,12.15,5.0200000000000005,2.51,1.49,0.0,0.0,0.0,0.4,0.0,-0.8,1.2000000000000002,-0.1,-169.70000000000002,0.0,0.0,169.70000000000002,0.0,21.3,30.4,30.4,31.1,300.0,300.0,30.9,34.9,30.1,29.5,31.200000000000003,4.96,2.0,4.96,0.16,0.0,0.0,1027.0,8228.0,0.0,0.0,0.0,0.0,0.0,1.0,0.0,0.0,0.0,0.0,0.0,1.2000000000000002,0.0,0.4,0.0,0.0001,16.0,25903.0
2026-07-30T18:59:34.084Z,143.567,143.58,0.0,7.4,0.0,0.0,0.0,0.0,0.0,0.0,0.0,0.0,1.0,0.0,0.0,0.0,9.0,4.0,0.0,0.0,0.0,0.0,0.0,0.0,0.0,0.0,3.0,12.0,1.0,12.15,5.0200000000000005,2.51,1.49,0.0,0.1,0.0,0.4,0.0,0.3,-0.4,-0.1,-169.70000000000002,0.0,0.0,169.8,0.0,21.3,30.4,30.4,31.1,300.0,300.0,30.9,34.9,30.1,29.5,31.200000000000003,4.95,2.0,4.97,0.16,0.0,0.0,1027.0,8228.0,0.0,0.0,0.0,0.0,0.0,1.0,0.0,0.0,0.0,0.0,0.0,-0.6000000000000001,0.0,0.0,0.0,0.0001,16.0,25903.0
2026-07-30T18:59:34.096Z,143.579,143.592,0.0,7.4,0.0,0.0,0.0,0.0,0.0,0.0,0.0,0.0,1.0,0.0,0.0,0.0,9.0,4.0,0.0,0.0,0.0,0.0,0.0,0.0,0.0,0.0,3.0,12.0,1.0,12.15,5.0200000000000005,2.51,1.49,0.0,0.1,0.0,0.4,0.0,0.4,-0.4,0.4,-169.70000000000002,0.0,0.0,169.8,0.0,21.3,30.4,30.4,31.1,300.0,300.0,30.9,34.9,30.1,29.5,31.200000000000003,4.95,1.99,4.97,0.16,0.0,0.0,1027.0,8228.0,0.0,0.0,0.0,0.0,0.0,1.0,0.0,0.0,0.0,0.0,0.0,-0.1,0.0,-0.4,0.0,0.0,16.0,25903.0
2026-07-30T18:59:34.108Z,143.591,143.604,0.0,7.4,0.0,0.0,0.0,0.0,0.0,0.0,0.0,0.0,1.0,0.0,0.0,0.0,9.0,4.0,0.0,0.0,0.0,0.0,0.0,0.0,0.0,0.0,4.0,12.0,1.0,12.15,5.0200000000000005,2.51,1.49,0.0,0.0,0.0,0.4,0.0,0.4,1.3,-0.6000000000000001,-169.70000000000002,0.0,0.0,169.8,0.0,21.3,30.4,30.4,31.1,300.0,300.0,30.9,34.9,30.1,29.5,31.200000000000003,4.95,1.99,4.96,0.16,0.0,0.0,1027.0,8228.0,0.0,0.0,0.0,0.0,0.0,1.0,0.0,0.0,0.0,0.0,0.0,0.9,0.0,0.8,0.0,0.0001,16.0,25903.0
2026-07-30T18:59:34.121Z,143.604,143.616,0.0,7.4,0.0,0.0,0.0,0.0,0.0,0.0,0.0,0.0,1.0,0.0,0.0,0.0,9.0,4.0,0.0,0.0,0.0,0.0,0.0,0.0,0.0,0.0,6.0,12.0,1.0,12.17,5.01,2.5,1.49,0.0,0.0,0.0,0.4,0.0,-1.3,-0.4,-0.1,-169.70000000000002,0.0,0.0,169.8,0.0,21.4,30.4,30.4,31.1,300.0,300.0,30.9,35.0,30.1,29.5,31.200000000000003,4.96,1.99,4.96,0.15,0.0,0.0,1027.0,8228.0,0.0,0.0,0.0,0.0,0.0,1.0,0.0,0.0,0.0,0.0,0.0,-0.6000000000000001,0.0,0.0,0.0,0.0001,16.0,25903.0
2026-07-30T18:59:34.132Z,143.615,143.628,0.0,7.4,0.0,0.0,0.0,0.0,0.0,0.0,0.0,0.0,1.0,0.0,0.0,0.0,9.0,4.0,0.0,0.0,0.0,0.0,0.0,0.0,0.0,0.0,1.0,12.0,1.0,12.17,5.01,2.5,1.49,0.0,0.0,0.0,0.4,0.0,-0.1,-0.4,-0.1,-169.70000000000002,0.0,0.0,169.70000000000002,0.0,21.4,30.4,30.4,31.1,300.0,300.0,30.9,35.0,30.1,29.5,31.200000000000003,4.95,1.99,4.97,0.16,0.0,0.0,1027.0,8228.0,0.0,0.0,0.0,0.0,0.0,1.0,0.0,0.0,0.0,0.0,0.0,-0.6000000000000001,0.0,0.0,0.0,0.0001,16.0,25903.0
2026-07-30T18:59:34.144Z,143.627,143.64,0.0,7.4,0.0,0.0,0.0,0.0,0.0,0.0,0.0,0.0,1.0,0.0,0.0,0.0,9.0,4.0,0.0,0.0,0.0,0.0,0.0,0.0,0.0,0.0,2.0,12.0,1.0,12.17,5.01,2.5,1.49,0.0,0.0,0.0,0.4,0.0,-0.1,-1.6,-1.3,-169.70000000000002,0.0,0.0,169.8,0.0,21.4,30.4,30.4,31.1,300.0,300.0,30.9,35.0,30.1,29.5,31.200000000000003,4.95,1.99,4.96,0.16,0.0,0.0,1027.0,8228.0,0.0,0.0,0.0,0.0,0.0,1.0,0.0,0.0,0.0,0.0,0.0,-2.8000000000000003,0.0,0.8,0.0,0.0001,16.0,25903.0
2026-07-30T18:59:34.163Z,143.646,143.65200000000002,0.0,7.4,0.0,0.0,0.0,0.0,0.0,0.0,0.0,0.0,1.0,0.0,0.0,0.0,9.0,4.0,0.0,0.0,0.0,0.0,0.0,0.0,0.0,0.0,3.0,12.0,1.0,12.17,5.01,2.5,1.49,0.0,0.0,0.0,0.4,0.0,-0.1,0.6000000000000001,-0.2,-169.70000000000002,0.0,0.0,169.8,0.0,21.4,30.4,30.4,31.1,300.0,300.0,30.9,35.0,30.1,29.5,31.200000000000003,4.95,2.0,4.97,0.16,0.0,0.0,1027.0,8228.0,0.0,0.0,0.0,0.0,0.0,1.0,0.0,0.0,0.0,0.0,0.0,0.6000000000000001,0.0,0.3,0.0,0.0,16.0,25903.0
2026-07-30T18:59:34.168Z,143.651,143.66400000000002,0.0,7.4,0.0,0.0,0.0,0.0,0.0,0.0,0.0,0.0,1.0,0.0,0.0,0.0,9.0,4.0,0.0,0.0,0.0,0.0,0.0,0.0,0.0,0.0,1.0,12.0,1.0,12.17,5.01,2.5,1.49,0.0,0.0,0.0,0.4,0.0,-0.7000000000000001,1.2000000000000002,-0.7000000000000001,-169.70000000000002,0.0,0.0,169.8,0.0,21.4,30.4,30.4,31.1,300.0,300.0,30.9,35.0,30.1,29.5,31.200000000000003,4.96,1.99,4.97,0.16,0.0,0.0,1027.0,8228.0,0.0,0.0,0.0,0.0,0.0,1.0,0.0,0.0,0.0,0.0,0.0,0.8,0.0,0.9,0.0,0.0,16.0,25903.0
2026-07-30T18:59:34.179Z,143.662,143.67600000000002,0.0,7.4,0.0,0.0,0.0,0.0,0.0,0.0,0.0,0.0,1.0,0.0,0.0,0.0,9.0,4.0,0.0,0.0,0.0,0.0,0.0,0.0,0.0,0.0,1.0,12.0,1.0,12.17,5.01,2.5,1.49,0.0,0.0,0.0,0.4,0.0,-0.1,0.6000000000000001,1.6,-169.70000000000002,0.0,0.0,169.8,0.0,21.4,30.4,30.4,31.1,300.0,300.0,30.9,35.0,30.1,29.5,31.200000000000003,4.95,1.99,4.97,0.16,0.0,0.0,1027.0,8228.0,0.0,0.0,0.0,0.0,0.0,1.0,0.0,0.0,0.0,0.0,0.0,1.9,0.0,-1.2000000000000002,0.0,0.0001,16.0,25903.0
2026-07-30T18:59:34.192Z,143.675,143.68800000000002,0.0,7.4,0.0,0.0,0.0,0.0,0.0,0.0,0.0,0.0,1.0,0.0,0.0,0.0,9.0,4.0,0.0,0.0,0.0,0.0,0.0,0.0,0.0,0.0,3.0,12.0,1.0,12.17,5.01,2.5,1.49,0.0,0.0,0.0,0.5,0.0,0.4,-0.5,-0.1,-169.70000000000002,0.0,0.0,169.8,0.0,21.4,30.4,30.4,31.1,300.0,300.0,30.9,35.0,30.1,29.5,31.200000000000003,4.96,1.99,4.96,0.16,0.0,0.0,1027.0,8228.0,0.0,0.0,0.0,0.0,0.0,1.0,0.0,0.0,0.0,0.0,0.0,-0.7000000000000001,0.0,0.0,0.0,0.0,16.0,25903.0
2026-07-30T18:59:34.204Z,143.687,143.70000000000002,0.0,7.4,0.0,0.0,0.0,0.0,0.0,0.0,0.0,0.0,1.0,0.0,0.0,0.0,9.0,4.0,0.0,0.0,0.0,0.0,0.0,0.0,0.0,0.0,4.0,12.0,1.0,12.17,5.01,2.5,1.49,0.0,0.0,0.0,0.4,0.0,0.4,1.1,-0.1,-169.70000000000002,0.0,0.0,169.60000000000002,0.0,21.4,30.4,30.4,31.1,300.0,300.0,30.9,35.0,30.1,29.5,31.200000000000003,4.96,1.99,4.96,0.16,0.0,0.0,1027.0,8228.0,0.0,0.0,0.0,0.0,0.0,1.0,0.0,0.0,0.0,0.0,0.0,1.2000000000000002,0.0,0.3,0.0,0.0,16.0,25903.0
2026-07-30T18:59:34.215Z,143.698,143.712,0.0,7.4,0.0,0.0,0.0,0.0,0.0,0.0,0.0,0.0,1.0,0.0,0.0,0.0,9.0,4.0,0.0,0.0,0.0,0.0,0.0,0.0,0.0,0.0,5.0,12.0,1.0,12.17,5.01,2.5,1.49,0.0,0.0,0.0,0.4,0.0,0.4,-0.5,-1.3,-169.70000000000002,0.0,0.0,169.70000000000002,0.0,21.4,30.4,30.4,31.1,300.0,300.0,30.9,35.0,30.1,29.5,31.200000000000003,4.95,1.99,4.96,0.16,0.0,0.0,1027.0,8228.0,0.0,0.0,0.0,0.0,0.0,1.0,0.0,0.0,0.0,0.0,0.0,-1.5,0.0,1.0,0.0,0.0002,16.0,25903.0
2026-07-30T18:59:34.228Z,143.711,143.724,0.0,7.4,0.0,0.0,0.0,0.0,0.0,0.0,0.0,0.0,1.0,0.0,0.0,0.0,9.0,4.0,0.0,0.0,0.0,0.0,0.0,0.0,0.0,0.0,6.0,12.0,1.0,12.17,5.01,2.5,1.49,0.0,0.0,0.0,0.4,0.0,0.4,-0.4,-0.6000000000000001,-169.70000000000002,0.0,0.0,169.8,0.0,21.700000000000003,30.4,30.4,31.1,300.0,300.0,30.9,34.9,30.1,29.4,31.3,4.95,1.99,4.97,0.16,0.0,0.0,1027.0,8228.0,0.0,0.0,0.0,0.0,0.0,1.0,0.0,0.0,0.0,0.0,0.0,2.2,0.0,-0.6000000000000001,0.0,0.0,16.0,25903.0
2026-07-30T18:59:34.239Z,143.722,143.736,0.0,7.4,0.0,0.0,0.0,0.0,0.0,0.0,0.0,0.0,1.0,0.0,0.0,0.0,9.0,4.0,0.0,0.0,0.0,0.0,0.0,0.0,0.0,0.0,2.0,12.0,1.0,12.17,5.01,2.5,1.49,0.0,0.0,0.0,0.5,0.0,-0.1,-1.6,0.0,-169.70000000000002,0.0,0.0,169.70000000000002,0.0,21.700000000000003,30.4,30.4,31.1,300.0,300.0,30.9,34.9,30.1,29.4,31.3,4.95,2.0,4.96,0.16,0.0,0.0,1027.0,8228.0,0.0,0.0,0.0,0.0,0.0,1.0,0.0,0.0,0.0,0.0,0.0,0.5,0.0,-0.4,0.0,0.0002,16.0,25903.0
2026-07-30T18:59:34.252Z,143.735,143.748,0.0,7.4,0.0,0.0,0.0,0.0,0.0,0.0,0.0,0.0,1.0,0.0,0.0,0.0,9.0,4.0,0.0,0.0,0.0,0.0,0.0,0.0,0.0,0.0,3.0,12.0,1.0,12.17,5.01,2.5,1.49,0.0,0.0,0.0,0.4,0.0,-0.1,0.0,-1.7000000000000002,-169.70000000000002,0.0,0.0,169.70000000000002,0.0,21.700000000000003,30.4,30.4,31.1,300.0,300.0,30.9,34.9,30.1,29.4,31.3,4.95,1.99,4.97,0.16,0.0,0.0,1027.0,8228.0,0.0,0.0,0.0,0.0,0.0,1.0,0.0,0.0,0.0,0.0,0.0,2.0,0.0,-1.3,0.0,0.0,16.0,25903.0
2026-07-30T18:59:34.264Z,143.747,143.76,0.0,7.4,0.0,0.0,0.0,0.0,0.0,0.0,0.0,0.0,1.0,0.0,0.0,0.0,9.0,4.0,0.0,0.0,0.0,0.0,0.0,0.0,0.0,0.0,4.0,12.0,1.0,12.17,5.01,2.5,1.49,0.0,0.0,0.0,0.4,0.0,0.3,0.0,0.5,-169.70000000000002,0.0,0.0,169.70000000000002,0.0,21.700000000000003,30.4,30.4,31.1,300.0,300.0,30.9,34.9,30.1,29.4,31.3,4.95,1.99,4.97,0.16,0.0,0.0,1027.0,8228.0,0.0,0.0,0.0,0.0,0.0,1.0,0.0,0.0,0.0,0.0,0.0,0.0,0.0,0.0,0.0,0.0001,16.0,25903.0
2026-07-30T18:59:34.276Z,143.759,143.772,0.0,7.4,0.0,0.0,0.0,0.0,0.0,0.0,0.0,0.0,1.0,0.0,0.0,0.0,9.0,4.0,0.0,0.0,0.0,0.0,0.0,0.0,0.0,0.0,6.0,12.0,1.0,12.17,5.01,2.5,1.49,0.0,0.0,0.0,0.4,0.0,-0.8,-1.0,0.5,-169.70000000000002,0.0,0.0,169.8,0.0,21.700000000000003,30.4,30.4,31.1,300.0,300.0,30.9,34.9,30.1,29.4,31.3,4.96,1.99,4.96,0.16,0.0,0.0,1027.0,8228.0,0.0,0.0,0.0,0.0,0.0,1.0,0.0,0.0,0.0,0.0,0.0,-0.8,0.0,-0.6000000000000001,0.0,0.0,16.0,25903.0
2026-07-30T18:59:34.288Z,143.771,143.784,0.0,7.4,0.0,0.0,0.0,0.0,0.0,0.0,0.0,0.0,1.0,0.0,0.0,0.0,9.0,4.0,0.0,0.0,0.0,0.0,0.0,0.0,0.0,0.0,1.0,12.0,1.0,12.17,5.01,2.5,1.49,0.0,0.0,0.0,0.4,0.0,-0.8,-1.0,0.5,-169.70000000000002,0.0,0.0,169.70000000000002,0.0,21.700000000000003,30.4,30.4,31.1,300.0,300.0,30.9,34.9,30.1,29.4,31.3,4.95,1.99,4.96,0.16,0.0,0.0,1027.0,8228.0,0.0,0.0,0.0,0.0,0.0,1.0,0.0,0.0,0.0,0.0,0.0,-0.8,0.0,-0.6000000000000001,0.0,0.0001,16.0,25903.0
2026-07-30T18:59:34.300Z,143.783,143.796,0.0,7.4,0.0,0.0,0.0,0.0,0.0,0.0,0.0,0.0,1.0,0.0,0.0,0.0,9.0,4.0,0.0,0.0,0.0,0.0,0.0,0.0,0.0,0.0,2.0,12.0,1.0,12.17,5.01,2.5,1.49,0.0,0.0,0.0,0.4,0.0,-0.2,1.2000000000000002,-0.6000000000000001,-169.70000000000002,0.0,0.0,169.60000000000002,0.0,21.700000000000003,30.4,30.4,31.1,300.0,300.0,30.9,34.9,30.1,29.4,31.3,4.95,1.99,4.96,0.16,0.0,0.0,1027.0,8228.0,0.0,0.0,0.0,0.0,0.0,1.0,0.0,0.0,0.0,0.0,0.0,0.9,0.0,0.7000000000000001,0.0,0.0002,16.0,25903.0
2026-07-30T18:59:34.312Z,143.795,143.808,0.0,7.4,0.0,0.0,0.0,0.0,0.0,0.0,0.0,0.0,1.0,0.0,0.0,0.0,9.0,4.0,0.0,0.0,0.0,0.0,0.0,0.0,0.0,0.0,2.0,12.0,1.0,12.17,5.01,2.5,1.49,0.0,0.0,0.0,0.4,0.0,-0.7000000000000001,0.1,0.5,-169.70000000000002,0.0,0.0,169.60000000000002,0.0,21.700000000000003,30.4,30.4,31.1,300.0,300.0,30.9,34.9,30.1,29.4,31.3,4.95,2.0,4.96,0.16,0.0,0.0,1027.0,8228.0,0.0,0.0,0.0,0.0,0.0,1.0,0.0,0.0,0.0,0.0,0.0,0.5,0.0,-0.4,0.0,0.0001,16.0,25903.0
2026-07-30T18:59:34.325Z,143.808,143.82,0.0,7.4,0.0,0.0,0.0,0.0,0.0,0.0,0.0,0.0,1.0,0.0,0.0,0.0,9.0,4.0,0.0,0.0,0.0,0.0,0.0,0.0,0.0,0.0,3.0,12.0,1.0,12.14,5.0200000000000005,2.51,1.49,0.0,0.0,0.0,0.4,0.0,0.4,0.1,1.1,-169.70000000000002,0.0,0.0,169.70000000000002,0.0,21.8,30.4,30.4,31.1,300.0,300.0,30.8,34.9,30.1,29.5,31.3,4.95,2.0,4.97,0.16,0.0,0.0,1027.0,8228.0,0.0,0.0,0.0,0.0,0.0,1.0,0.0,0.0,0.0,0.0,0.0,1.0,0.0,-1.0,0.0,0.0,16.0,25903.0
2026-07-30T18:59:34.336Z,143.819,143.832,0.0,7.4,0.0,0.0,0.0,0.0,0.0,0.0,0.0,0.0,1.0,0.0,0.0,0.0,9.0,4.0,0.0,0.0,0.0,0.0,0.0,0.0,0.0,0.0,4.0,12.0,1.0,12.14,5.0200000000000005,2.51,1.49,0.0,0.0,0.0,0.5,0.0,-0.1,-1.0,-0.5,-169.70000000000002,0.0,0.0,169.70000000000002,0.0,21.8,30.4,30.4,31.1,300.0,300.0,30.8,34.9,30.1,29.5,31.3,4.96,1.99,4.96,0.16,0.0,0.0,1027.0,8228.0,0.0,0.0,0.0,0.0,0.0,1.0,0.0,0.0,0.0,0.0,0.0,-1.6,0.0,0.2,0.0,0.0,16.0,25903.0
2026-07-30T18:59:34.348Z,143.831,143.844,0.0,7.4,0.0,0.0,0.0,0.0,0.0,0.0,0.0,0.0,1.0,0.0,0.0,0.0,9.0,4.0,0.0,0.0,0.0,0.0,0.0,0.0,0.0,0.0,5.0,12.0,1.0,12.14,5.0200000000000005,2.51,1.49,0.0,0.0,0.0,0.4,0.0,1.0,0.6000000000000001,0.6000000000000001,-169.70000000000002,0.0,0.0,169.70000000000002,0.0,21.8,30.4,30.4,31.1,300.0,300.0,30.8,34.9,30.1,29.5,31.3,4.96,1.99,4.96,0.16,0.0,0.0,1027.0,8228.0,0.0,0.0,0.0,0.0,0.0,1.0,0.0,0.0,0.0,0.0,0.0,1.2000000000000002,0.0,-0.4,0.0,0.0001,16.0,25903.0
2026-07-30T18:59:34.360Z,143.843,143.856,0.0,7.4,0.0,0.0,0.0,0.0,0.0,0.0,0.0,0.0,1.0,0.0,0.0,0.0,9.0,4.0,0.0,0.0,0.0,0.0,0.0,0.0,0.0,0.0,1.0,12.0,1.0,12.14,5.0200000000000005,2.51,1.49,0.0,0.0,0.0,0.4,0.0,-0.1,0.0,0.5,-169.70000000000002,0.0,0.0,169.8,0.0,21.8,30.4,30.4,31.1,300.0,300.0,30.8,34.9,30.1,29.5,31.3,4.96,1.99,4.96,0.16,0.0,0.0,1027.0,8228.0,0.0,0.0,0.0,0.0,0.0,1.0,0.0,0.0,0.0,0.0,0.0,0.5,0.0,-0.5,0.0,0.0,16.0,25903.0
2026-07-30T18:59:34.372Z,143.855,143.868,0.0,7.4,0.0,0.0,0.0,0.0,0.0,0.0,0.0,0.0,1.0,0.0,0.0,0.0,9.0,4.0,0.0,0.0,0.0,0.0,0.0,0.0,0.0,0.0,3.0,12.0,1.0,12.14,5.0200000000000005,2.51,1.49,0.0,0.1,0.0,0.4,0.0,0.3,-0.5,0.5,-169.70000000000002,0.0,0.0,169.8,0.0,21.8,30.4,30.4,31.1,300.0,300.0,30.8,34.9,30.1,29.5,31.3,4.95,1.99,4.97,0.16,0.0,0.0,1027.0,8228.0,0.0,0.0,0.0,0.0,0.0,1.0,0.0,0.0,0.0,0.0,0.0,-0.1,0.0,-0.6000000000000001,0.0,0.0001,16.0,25903.0
2026-07-30T18:59:34.384Z,143.867,143.88,0.0,7.4,0.0,0.0,0.0,0.0,0.0,0.0,0.0,0.0,1.0,0.0,0.0,0.0,9.0,4.0,0.0,0.0,0.0,0.0,0.0,0.0,0.0,0.0,4.0,12.0,1.0,12.14,5.0200000000000005,2.51,1.49,0.0,0.0,0.0,0.4,0.0,-0.1,0.6000000000000001,1.2000000000000002,-169.70000000000002,0.0,0.0,169.70000000000002,0.0,21.8,30.4,30.4,31.1,300.0,300.0,30.8,34.9,30.1,29.5,31.3,4.96,1.99,4.96,0.16,0.0,0.0,1027.0,8228.0,0.0,0.0,0.0,0.0,0.0,1.0,0.0,0.0,0.0,0.0,0.0,1.6,0.0,-0.9,0.0,0.0,16.0,25903.0
2026-07-30T18:59:34.396Z,143.879,143.892,0.0,7.4,0.0,0.0,0.0,0.0,0.0,0.0,0.0,0.0,1.0,0.0,0.0,0.0,9.0,4.0,0.0,0.0,0.0,0.0,0.0,0.0,0.0,0.0,5.0,12.0,1.0,12.14,5.0200000000000005,2.51,1.49,0.0,0.0,0.0,0.4,0.0,0.4,-0.5,0.0,-169.70000000000002,0.0,0.0,169.8,0.0,21.8,30.4,30.4,31.1,300.0,300.0,30.8,34.9,30.1,29.5,31.3,4.96,1.99,4.97,0.16,0.0,0.0,1027.0,8228.0,0.0,0.0,0.0,0.0,0.0,1.0,0.0,0.0,0.0,0.0,0.0,-0.5,0.0,-0.1,0.0,0.0001,16.0,25903.0
2026-07-30T18:59:34.408Z,143.891,143.904,0.0,7.4,0.0,0.0,0.0,0.0,0.0,0.0,0.0,0.0,1.0,0.0,0.0,0.0,9.0,4.0,0.0,0.0,0.0,0.0,0.0,0.0,0.0,0.0,6.0,12.0,1.0,12.14,5.0200000000000005,2.51,1.49,0.0,0.0,0.0,0.4,0.0,-0.1,1.2000000000000002,1.2000000000000002,-169.70000000000002,0.0,0.0,169.70000000000002,0.0,21.8,30.4,30.4,31.1,300.0,300.0,30.8,34.9,30.1,29.5,31.3,4.96,1.99,4.97,0.16,0.0,0.0,1027.0,8228.0,0.0,0.0,0.0,0.0,0.0,1.0,0.0,0.0,0.0,0.0,0.0,2.3000000000000003,0.0,-0.8,0.0,0.0,16.0,25903.0
2026-07-30T18:59:34.419Z,143.902,143.916,0.0,7.4,0.0,0.0,0.0,0.0,0.0,0.0,0.0,0.0,1.0,0.0,0.0,0.0,9.0,4.0,0.0,0.0,0.0,0.0,0.0,0.0,0.0,0.0,2.0,12.0,1.0,12.14,5.0200000000000005,2.51,1.49,0.0,0.0,0.0,0.4,0.0,-1.2000000000000002,-0.4,-0.5,-169.70000000000002,0.0,0.0,169.8,0.0,21.8,30.4,30.4,31.1,300.0,300.0,30.8,34.9,30.1,29.5,31.3,4.95,1.99,4.97,0.16,0.0,0.0,1027.0,8228.0,0.0,0.0,0.0,0.0,0.0,1.0,0.0,0.0,0.0,0.0,0.0,-0.9,0.0,0.3,0.0,0.0001,16.0,25903.0
2026-07-30T18:59:34.432Z,143.915,143.928,0.0,7.4,0.0,0.0,0.0,0.0,0.0,0.0,0.0,0.0,1.0,0.0,0.0,0.0,9.0,4.0,0.0,0.0,0.0,0.0,0.0,0.0,0.0,0.0,3.0,12.0,1.0,12.17,5.01,2.5,1.49,0.0,0.0,0.0,0.4,0.0,0.4,0.0,1.1,-169.70000000000002,0.0,0.0,169.8,0.0,21.8,30.4,30.4,31.1,300.0,300.0,30.9,34.9,30.1,29.5,31.200000000000003,4.96,2.0,4.96,0.16,0.0,0.0,1027.0,8228.0,0.0,0.0,0.0,0.0,0.0,1.0,0.0,0.0,0.0,0.0,0.0,0.9,0.0,-1.0,0.0,0.0,16.0,25903.0
2026-07-30T18:59:34.443Z,143.926,143.94,0.0,7.4,0.0,0.0,0.0,0.0,0.0,0.0,0.0,0.0,1.0,0.0,0.0,0.0,9.0,4.0,0.0,0.0,0.0,0.0,0.0,0.0,0.0,0.0,5.0,12.0,1.0,12.17,5.01,2.5,1.49,0.0,0.1,0.0,0.4,0.0,0.4,1.2000000000000002,0.0,-169.70000000000002,0.0,0.0,169.8,0.0,21.8,30.4,30.4,31.1,300.0,300.0,30.9,34.9,30.1,29.5,31.200000000000003,4.96,1.99,4.97,0.15,0.0,0.0,1027.0,8228.0,0.0,0.0,0.0,0.0,0.0,1.0,0.0,0.0,0.0,0.0,0.0,1.4,0.0,0.2,0.0,0.0001,16.0,25903.0
2026-07-30T18:59:34.456Z,143.939,143.952,0.0,7.4,0.0,0.0,0.0,0.0,0.0,0.0,0.0,0.0,1.0,0.0,0.0,0.0,9.0,4.0,0.0,0.0,0.0,0.0,0.0,0.0,0.0,0.0,6.0,12.0,1.0,12.17,5.01,2.5,1.49,0.0,0.0,0.0,0.4,0.0,-0.1,0.6000000000000001,0.0,-169.70000000000002,0.0,0.0,169.8,0.0,21.8,30.4,30.4,31.1,300.0,300.0,30.9,34.9,30.1,29.5,31.200000000000003,4.95,2.0,4.97,0.16,0.0,0.0,1027.0,8228.0,0.0,0.0,0.0,0.0,0.0,1.0,0.0,0.0,0.0,0.0,0.0,0.8,0.0,0.0,0.0,0.0,16.0,25903.0
2026-07-30T18:59:34.469Z,143.952,143.964,0.0,7.4,0.0,0.0,0.0,0.0,0.0,0.0,0.0,0.0,1.0,0.0,0.0,0.0,9.0,4.0,0.0,0.0,0.0,0.0,0.0,0.0,0.0,0.0,1.0,12.0,1.0,12.17,5.01,2.5,1.49,0.0,0.0,0.0,0.4,0.0,0.4,-0.5,0.0,-169.70000000000002,0.0,0.0,169.8,0.0,21.8,30.4,30.4,31.1,300.0,300.0,30.9,34.9,30.1,29.5,31.200000000000003,4.96,2.0,4.97,0.16,0.0,0.0,1027.0,8228.0,0.0,0.0,0.0,0.0,0.0,1.0,0.0,0.0,0.0,0.0,0.0,-0.5,0.0,-0.1,0.0,0.0,16.0,25903.0
2026-07-30T18:59:34.485Z,143.968,143.976,0.0,7.4,0.0,0.0,0.0,0.0,0.0,0.0,0.0,0.0,1.0,0.0,0.0,0.0,9.0,4.0,0.0,0.0,0.0,0.0,0.0,0.0,0.0,0.0,2.0,12.0,1.0,12.17,5.01,2.5,1.49,0.0,0.0,0.0,0.4,0.0,-0.1,0.0,0.0,-169.70000000000002,0.0,0.0,169.70000000000002,0.0,21.8,30.4,30.4,31.1,300.0,300.0,30.9,34.9,30.1,29.5,31.200000000000003,4.96,2.0,4.96,0.16,0.0,0.0,1027.0,8228.0,0.0,0.0,0.0,0.0,0.0,1.0,0.0,0.0,0.0,0.0,0.0,0.0,0.0,0.0,0.0,0.0,16.0,25903.0
2026-07-30T18:59:34.491Z,143.974,143.988,0.0,7.4,0.0,0.0,0.0,0.0,0.0,0.0,0.0,0.0,1.0,0.0,0.0,0.0,9.0,4.0,0.0,0.0,0.0,0.0,0.0,0.0,0.0,0.0,6.0,12.0,1.0,12.17,5.01,2.5,1.49,0.0,0.0,0.0,0.4,0.0,-0.7000000000000001,0.6000000000000001,1.2000000000000002,-169.70000000000002,0.0,0.0,169.70000000000002,0.0,21.8,30.4,30.4,31.1,300.0,300.0,30.9,34.9,30.1,29.5,31.200000000000003,4.96,1.99,4.97,0.16,0.0,0.0,1027.0,8228.0,0.0,0.0,0.0,0.0,0.0,1.0,0.0,0.0,0.0,0.0,0.0,1.6,0.0,-0.9,0.0,0.0001,16.0,25903.0
2026-07-30T18:59:34.504Z,143.987,144.0,0.0,7.4,0.0,0.0,0.0,0.0,0.0,0.0,0.0,0.0,1.0,0.0,0.0,0.0,9.0,4.0,0.0,0.0,0.0,0.0,0.0,0.0,0.0,0.0,1.0,12.0,1.0,12.17,5.01,2.5,1.49,0.0,0.0,0.0,0.4,0.0,0.9,0.0,0.0,-169.70000000000002,0.0,0.0,169.70000000000002,0.0,21.8,30.4,30.4,31.1,300.0,300.0,30.9,34.9,30.1,29.5,31.200000000000003,4.95,2.0,4.97,0.16,0.0,0.0,1027.0,8228.0,0.0,0.0,0.0,0.0,0.0,1.0,0.0,0.0,0.0,0.0,0.0,0.0,0.0,0.0,0.0,0.0,16.0,25903.0
2026-07-30T18:59:34.516Z,143.999,144.012,0.0,7.4,0.0,0.0,0.0,0.0,0.0,0.0,0.0,0.0,1.0,0.0,0.0,0.0,9.0,4.0,0.0,0.0,0.0,0.0,0.0,0.0,0.0,0.0,2.0,12.0,1.0,12.17,5.01,2.5,1.49,0.0,0.0,0.0,0.4,0.0,-0.1,-0.5,-0.6000000000000001,-169.70000000000002,0.0,0.0,169.8,0.0,21.8,30.4,30.4,31.1,300.0,300.0,30.9,34.9,30.1,29.5,31.200000000000003,4.96,2.0,4.96,0.15,0.0,0.0,1027.0,8228.0,0.0,0.0,0.0,0.0,0.0,1.0,0.0,0.0,0.0,0.0,0.0,-1.0,0.0,0.4,0.0,0.0,16.0,25903.0
2026-07-30T18:59:34.529Z,144.012,144.024,0.0,7.4,0.0,0.0,0.0,0.0,0.0,0.0,0.0,0.0,1.0,0.0,0.0,0.0,9.0,4.0,0.0,0.0,0.0,0.0,0.0,0.0,0.0,0.0,4.0,12.0,1.0,12.14,5.0200000000000005,2.5,1.5,0.0,0.0,0.0,0.4,0.0,0.4,-0.5,0.0,-169.70000000000002,0.0,0.0,169.8,0.0,21.4,30.4,30.4,31.1,300.0,300.0,31.0,34.9,30.1,29.4,31.200000000000003,4.95,1.99,4.97,0.15,0.0,0.0,1027.0,8228.0,0.0,0.0,0.0,0.0,0.0,1.0,0.0,0.0,0.0,0.0,0.0,-0.5,0.0,0.0,0.0,0.0002,16.0,25903.0
2026-07-30T18:59:34.540Z,144.023,144.036,0.0,7.4,0.0,0.0,0.0,0.0,0.0,0.0,0.0,0.0,1.0,0.0,0.0,0.0,9.0,4.0,0.0,0.0,0.0,0.0,0.0,0.0,0.0,0.0,5.0,12.0,1.0,12.14,5.0200000000000005,2.5,1.5,0.0,0.0,0.0,0.4,0.0,0.4,-0.5,0.0,-169.70000000000002,0.0,0.0,169.8,0.0,21.4,30.4,30.4,31.1,300.0,300.0,31.0,34.9,30.1,29.4,31.200000000000003,4.95,2.0,4.96,0.16,0.0,0.0,1027.0,8228.0,0.0,0.0,0.0,0.0,0.0,1.0,0.0,0.0,0.0,0.0,0.0,-0.5,0.0,0.0,0.0,0.0001,16.0,25903.0
2026-07-30T18:59:34.552Z,144.035,144.048,0.0,7.4,0.0,0.0,0.0,0.0,0.0,0.0,0.0,0.0,1.0,0.0,0.0,0.0,9.0,4.0,0.0,0.0,0.0,0.0,0.0,0.0,0.0,0.0,6.0,12.0,1.0,12.14,5.0200000000000005,2.5,1.5,0.0,0.0,0.0,0.4,0.0,-0.1,0.6000000000000001,1.7000000000000002,-169.70000000000002,0.0,0.0,169.8,0.0,21.4,30.4,30.4,31.1,300.0,300.0,31.0,34.9,30.1,29.4,31.200000000000003,4.96,2.0,4.96,0.16,0.0,0.0,1027.0,8228.0,0.0,0.0,0.0,0.0,0.0,1.0,0.0,0.0,0.0,0.0,0.0,2.0,0.0,-1.3,0.0,0.0001,16.0,25903.0
2026-07-30T18:59:34.563Z,144.046,144.06,0.0,7.4,0.0,0.0,0.0,0.0,0.0,0.0,0.0,0.0,1.0,0.0,0.0,0.0,9.0,4.0,0.0,0.0,0.0,0.0,0.0,0.0,0.0,0.0,1.0,12.0,1.0,12.14,5.0200000000000005,2.5,1.5,0.0,0.1,0.0,0.4,0.0,0.4,-0.5,0.6000000000000001,-169.70000000000002,0.0,0.0,169.8,0.0,21.4,30.4,30.4,31.1,300.0,300.0,31.0,34.9,30.1,29.4,31.200000000000003,4.95,2.0,4.96,0.17,0.0,0.0,1027.0,8228.0,0.0,0.0,0.0,0.0,0.0,1.0,0.0,0.0,0.0,0.0,0.0,-0.1,0.0,-0.6000000000000001,0.0,0.0,16.0,25903.0
2026-07-30T18:59:34.576Z,144.059,144.072,0.0,7.4,0.0,0.0,0.0,0.0,0.0,0.0,0.0,0.0,1.0,0.0,0.0,0.0,9.0,4.0,0.0,0.0,0.0,0.0,0.0,0.0,0.0,0.0,2.0,12.0,1.0,12.14,5.0200000000000005,2.5,1.5,0.0,0.0,0.0,0.4,0.0,0.4,-0.4,0.6000000000000001,-169.70000000000002,0.0,0.0,169.8,0.0,21.4,30.4,30.4,31.1,300.0,300.0,31.0,34.9,30.1,29.4,31.200000000000003,4.95,1.99,4.97,0.17,0.0,0.0,1027.0,8228.0,0.0,0.0,0.0,0.0,0.0,1.0,0.0,0.0,0.0,0.0,0.0,0.0,0.0,-0.6000000000000001,0.0,0.0001,16.0,25903.0
2026-07-30T18:59:34.588Z,144.071,144.084,0.0,7.4,0.0,0.0,0.0,0.0,0.0,0.0,0.0,0.0,1.0,0.0,0.0,0.0,9.0,4.0,0.0,0.0,0.0,0.0,0.0,0.0,0.0,0.0,4.0,12.0,1.0,12.14,5.0200000000000005,2.5,1.5,0.0,0.0,0.0,0.4,0.0,-0.1,0.1,0.0,-169.70000000000002,0.0,0.0,169.8,0.0,21.4,30.4,30.4,31.1,300.0,300.0,31.0,34.9,30.1,29.4,31.200000000000003,4.95,2.0,4.96,0.16,0.0,0.0,1027.0,8228.0,0.0,0.0,0.0,0.0,0.0,1.0,0.0,0.0,0.0,0.0,0.0,0.1,0.0,0.0,0.0,0.0,16.0,25903.0
2026-07-30T18:59:34.599Z,144.082,144.096,0.0,7.4,0.0,0.0,0.0,0.0,0.0,0.0,0.0,0.0,1.0,0.0,0.0,0.0,9.0,4.0,0.0,0.0,0.0,0.0,0.0,0.0,0.0,0.0,5.0,12.0,1.0,12.14,5.0200000000000005,2.5,1.5,0.0,0.0,0.0,0.4,0.0,-0.7000000000000001,0.6000000000000001,-0.5,-169.70000000000002,0.0,0.0,169.70000000000002,0.0,21.4,30.4,30.4,31.1,300.0,300.0,31.0,34.9,30.1,29.4,31.200000000000003,4.96,1.99,4.96,0.16,0.0,0.0,1027.0,8228.0,0.0,0.0,0.0,0.0,0.0,1.0,0.0,0.0,0.0,0.0,0.0,0.3,0.0,0.6000000000000001,0.0,0.0,16.0,25903.0
2026-07-30T18:59:34.612Z,144.095,144.108,0.0,7.4,0.0,0.0,0.0,0.0,0.0,0.0,0.0,0.0,1.0,0.0,0.0,0.0,9.0,4.0,0.0,0.0,0.0,0.0,0.0,0.0,0.0,0.0,6.0,12.0,1.0,12.14,5.0200000000000005,2.5,1.5,0.0,0.0,0.0,0.4,0.0,0.4,0.6000000000000001,1.7000000000000002,-169.70000000000002,0.0,0.0,169.70000000000002,0.0,21.4,30.4,30.4,31.1,300.0,300.0,31.0,34.9,30.1,29.4,31.200000000000003,4.95,1.99,4.97,0.16,0.0,0.0,1027.0,8228.0,0.0,0.0,0.0,0.0,0.0,1.0,0.0,0.0,0.0,0.0,0.0,2.1,0.0,-1.4,0.0,0.0,16.0,25903.0
2026-07-30T18:59:34.624Z,144.107,144.12,0.0,7.4,0.0,0.0,0.0,0.0,0.0,0.0,0.0,0.0,1.0,0.0,0.0,0.0,9.0,4.0,0.0,0.0,0.0,0.0,0.0,0.0,0.0,0.0,1.0,12.0,1.0,12.14,5.0200000000000005,2.5,1.5,0.0,0.0,0.0,0.4,0.0,0.4,-0.4,-0.5,-169.70000000000002,0.0,0.0,169.8,0.0,21.4,30.4,30.4,31.1,300.0,300.0,31.0,34.9,30.1,29.4,31.200000000000003,4.96,1.99,4.96,0.16,0.0,0.0,1027.0,8228.0,0.0,0.0,0.0,0.0,0.0,1.0,0.0,0.0,0.0,0.0,0.0,-0.9,0.0,0.4,0.0,0.0002,16.0,25903.0
2026-07-30T18:59:34.635Z,144.118,144.132,0.0,7.4,0.0,0.0,0.0,0.0,0.0,0.0,0.0,0.0,1.0,0.0,0.0,0.0,9.0,4.0,0.0,0.0,0.0,0.0,0.0,0.0,0.0,0.0,2.0,12.0,1.0,12.15,5.0200000000000005,2.51,1.49,0.0,0.0,0.0,0.4,0.0,-0.1,0.1,-0.5,-169.70000000000002,0.0,0.0,169.70000000000002,0.0,21.8,30.4,30.4,31.1,300.0,300.0,31.0,34.9,30.1,29.4,31.3,4.96,2.0,4.96,0.16,0.0,0.0,1027.0,8228.0,0.0,0.0,0.0,0.0,0.0,1.0,0.0,0.0,0.0,0.0,0.0,-0.2,0.0,0.5,0.0,0.0002,16.0,25903.0
2026-07-30T18:59:34.648Z,144.131,144.144,0.0,7.4,0.0,0.0,0.0,0.0,0.0,0.0,0.0,0.0,1.0,0.0,0.0,0.0,9.0,4.0,0.0,0.0,0.0,0.0,0.0,0.0,0.0,0.0,3.0,12.0,1.0,12.15,5.0200000000000005,2.51,1.49,0.0,0.0,0.0,0.4,0.0,-0.1,0.0,0.0,-169.70000000000002,0.0,0.0,169.8,0.0,21.8,30.4,30.4,31.1,300.0,300.0,31.0,34.9,30.1,29.4,31.3,4.96,1.99,4.96,0.16,0.0,0.0,1027.0,8228.0,0.0,0.0,0.0,0.0,0.0,1.0,0.0,0.0,0.0,0.0,0.0,0.1,0.0,0.0,0.0,0.0001,16.0,25903.0
2026-07-30T18:59:34.659Z,144.142,144.156,0.0,7.4,0.0,0.0,0.0,0.0,0.0,0.0,0.0,0.0,1.0,0.0,0.0,0.0,9.0,4.0,0.0,0.0,0.0,0.0,0.0,0.0,0.0,0.0,4.0,12.0,1.0,12.15,5.0200000000000005,2.51,1.49,0.0,0.1,0.0,0.4,0.0,-0.7000000000000001,0.6000000000000001,0.0,-169.70000000000002,0.0,0.0,169.8,0.0,21.8,30.4,30.4,31.1,300.0,300.0,31.0,34.9,30.1,29.4,31.3,4.95,1.99,4.97,0.16,0.0,0.0,1027.0,8228.0,0.0,0.0,0.0,0.0,0.0,1.0,0.0,0.0,0.0,0.0,0.0,0.7000000000000001,0.0,0.0,0.0,0.0001,16.0,25903.0
2026-07-30T18:59:34.671Z,144.154,144.168,0.0,7.4,0.0,0.0,0.0,0.0,0.0,0.0,0.0,0.0,1.0,0.0,0.0,0.0,9.0,4.0,0.0,0.0,0.0,0.0,0.0,0.0,0.0,0.0,5.0,12.0,1.0,12.15,5.0200000000000005,2.51,1.49,0.0,0.0,0.0,0.4,0.0,0.9,0.6000000000000001,1.1,-169.70000000000002,0.0,0.0,169.8,0.0,21.8,30.4,30.4,31.1,300.0,300.0,31.0,34.9,30.1,29.4,31.3,4.96,1.99,4.96,0.16,0.0,0.0,1027.0,8228.0,0.0,0.0,0.0,0.0,0.0,1.0,0.0,0.0,0.0,0.0,0.0,1.6,0.0,-0.9,0.0,0.0001,16.0,25903.0
2026-07-30T18:59:34.683Z,144.166,144.18,0.0,7.4,0.0,0.0,0.0,0.0,0.0,0.0,0.0,0.0,1.0,0.0,0.0,0.0,9.0,4.0,0.0,0.0,0.0,0.0,0.0,0.0,0.0,0.0,6.0,12.0,1.0,12.15,5.0200000000000005,2.51,1.49,0.0,0.1,0.0,0.5,0.0,-0.1,0.0,0.0,-169.70000000000002,0.0,0.0,169.8,0.0,21.8,30.4,30.4,31.1,300.0,300.0,31.0,34.9,30.1,29.4,31.3,4.96,1.99,4.97,0.16,0.0,0.0,1027.0,8228.0,0.0,0.0,0.0,0.0,0.0,1.0,0.0,0.0,0.0,0.0,0.0,0.0,0.0,0.0,0.0,0.0,16.0,25903.0
2026-07-30T18:59:34.695Z,144.178,144.192,0.0,7.4,0.0,0.0,0.0,0.0,0.0,0.0,0.0,0.0,1.0,0.0,0.0,0.0,9.0,4.0,0.0,0.0,0.0,0.0,0.0,0.0,0.0,0.0,1.0,12.0,1.0,12.15,5.0200000000000005,2.51,1.49,0.0,0.0,0.0,0.4,0.0,-0.2,0.5,0.5,-169.70000000000002,0.0,0.0,169.70000000000002,0.0,21.8,30.4,30.4,31.1,300.0,300.0,31.0,34.9,30.1,29.4,31.3,4.95,1.99,4.97,0.16,0.0,0.0,1027.0,8228.0,0.0,0.0,0.0,0.0,0.0,1.0,0.0,0.0,0.0,0.0,0.0,1.0,0.0,-0.3,0.0,0.0,16.0,25903.0
2026-07-30T18:59:34.707Z,144.19,144.204,0.0,7.4,0.0,0.0,0.0,0.0,0.0,0.0,0.0,0.0,1.0,0.0,0.0,0.0,9.0,4.0,0.0,0.0,0.0,0.0,0.0,0.0,0.0,0.0,2.0,12.0,1.0,12.15,5.0200000000000005,2.51,1.49,0.0,0.0,0.0,0.4,0.0,-0.2,0.0,1.1,-169.70000000000002,0.0,0.0,169.8,0.0,21.8,30.4,30.4,31.1,300.0,300.0,31.0,34.9,30.1,29.4,31.3,4.95,1.99,4.96,0.16,0.0,0.0,1027.0,8228.0,0.0,0.0,0.0,0.0,0.0,1.0,0.0,0.0,0.0,0.0,0.0,0.8,0.0,-0.9,0.0,0.0001,16.0,25903.0
2026-07-30T18:59:34.720Z,144.203,144.216,0.0,7.4,0.0,0.0,0.0,0.0,0.0,0.0,0.0,0.0,1.0,0.0,0.0,0.0,9.0,4.0,0.0,0.0,0.0,0.0,0.0,0.0,0.0,0.0,3.0,12.0,1.0,12.15,5.0200000000000005,2.51,1.49,0.0,0.0,0.0,0.4,0.0,0.3,-1.1,0.0,-169.70000000000002,0.0,0.0,169.8,0.0,21.8,30.4,30.4,31.1,300.0,300.0,31.0,34.9,30.1,29.4,31.3,4.95,1.99,4.96,0.16,0.0,0.0,1027.0,8228.0,0.0,0.0,0.0,0.0,0.0,1.0,0.0,0.0,0.0,0.0,0.0,-1.3,0.0,-0.1,0.0,0.0001,16.0,25903.0
2026-07-30T18:59:34.733Z,144.216,144.228,0.0,7.4,0.0,0.0,0.0,0.0,0.0,0.0,0.0,0.0,1.0,0.0,0.0,0.0,9.0,4.0,0.0,0.0,0.0,0.0,0.0,0.0,0.0,0.0,4.0,12.0,1.0,12.15,5.0200000000000005,2.51,1.49,0.0,0.0,0.0,0.4,0.0,-0.2,-0.5,-1.2000000000000002,-169.70000000000002,0.0,0.0,169.8,0.0,21.700000000000003,30.4,30.4,31.1,300.0,300.0,31.0,34.9,30.1,29.4,31.200000000000003,4.95,1.99,4.97,0.16,0.0,0.0,1027.0,8228.0,0.0,0.0,0.0,0.0,0.0,1.0,0.0,0.0,0.0,0.0,0.0,-1.6,0.0,1.0,0.0,0.0001,16.0,25903.0
2026-07-30T18:59:34.744Z,144.227,144.24,0.0,7.4,0.0,0.0,0.0,0.0,0.0,0.0,0.0,0.0,1.0,0.0,0.0,0.0,9.0,4.0,0.0,0.0,0.0,0.0,0.0,0.0,0.0,0.0,4.0,12.0,1.0,12.15,5.0200000000000005,2.51,1.49,0.0,0.0,0.0,0.4,0.0,-0.2,0.5,0.0,-169.70000000000002,0.0,0.0,169.70000000000002,0.0,21.700000000000003,30.4,30.4,31.1,300.0,300.0,31.0,34.9,30.1,29.4,31.200000000000003,4.95,1.99,4.97,0.16,0.0,0.0,1027.0,8228.0,0.0,0.0,0.0,0.0,0.0,1.0,0.0,0.0,0.0,0.0,0.0,-0.4,0.0,0.5,0.0,0.0001,16.0,25903.0
2026-07-30T18:59:34.756Z,144.239,144.252,0.0,7.4,0.0,0.0,0.0,0.0,0.0,0.0,0.0,0.0,1.0,0.0,0.0,0.0,9.0,4.0,0.0,0.0,0.0,0.0,0.0,0.0,0.0,0.0,6.0,12.0,1.0,12.15,5.0200000000000005,2.51,1.49,0.0,0.0,0.0,0.4,0.0,0.8,-0.5,0.5,-169.70000000000002,0.0,0.0,169.8,0.0,21.700000000000003,30.4,30.4,31.1,300.0,300.0,31.0,34.9,30.1,29.4,31.200000000000003,4.96,1.99,4.96,0.16,0.0,0.0,1027.0,8228.0,0.0,0.0,0.0,0.0,0.0,1.0,0.0,0.0,0.0,0.0,0.0,-1.1,0.0,0.4,0.0,0.0001,16.0,25903.0
2026-07-30T18:59:34.768Z,144.251,144.264,0.0,7.4,0.0,0.0,0.0,0.0,0.0,0.0,0.0,0.0,1.0,0.0,0.0,0.0,9.0,4.0,0.0,0.0,0.0,0.0,0.0,0.0,0.0,0.0,1.0,12.0,1.0,12.15,5.0200000000000005,2.51,1.49,0.0,0.1,0.0,0.4,0.0,0.8,0.5,-0.1,-169.70000000000002,0.0,0.0,169.70000000000002,0.0,21.700000000000003,30.4,30.4,31.1,300.0,300.0,31.0,34.9,30.1,29.4,31.200000000000003,4.95,2.0,4.97,0.16,0.0,0.0,1027.0,8228.0,0.0,0.0,0.0,0.0,0.0,1.0,0.0,0.0,0.0,0.0,0.0,-2.7,0.0,1.4,0.0,0.0,16.0,25903.0
2026-07-30T18:59:34.783Z,144.266,144.276,0.0,7.4,0.0,0.0,0.0,0.0,0.0,0.0,0.0,0.0,1.0,0.0,0.0,0.0,9.0,4.0,0.0,0.0,0.0,0.0,0.0,0.0,0.0,0.0,2.0,12.0,1.0,12.15,5.0200000000000005,2.51,1.49,0.0,0.0,0.0,0.4,0.0,-0.3,0.5,2.2,-169.70000000000002,0.0,0.0,169.8,0.0,21.700000000000003,30.4,30.4,31.1,300.0,300.0,31.0,34.9,30.1,29.4,31.200000000000003,4.95,1.99,4.97,0.16,0.0,0.0,1027.0,8228.0,0.0,0.0,0.0,0.0,0.0,1.0,0.0,0.0,0.0,0.0,0.0,1.3,0.0,-0.7000000000000001,0.0,0.0,16.0,25903.0
2026-07-30T18:59:34.793Z,144.276,144.288,0.0,7.4,0.0,0.0,0.0,0.0,0.0,0.0,0.0,0.0,1.0,0.0,0.0,0.0,9.0,4.0,0.0,0.0,0.0,0.0,0.0,0.0,0.0,0.0,1.0,12.0,1.0,12.15,5.0200000000000005,2.51,1.49,0.0,0.0,0.0,0.4,0.0,0.3,0.5,-0.1,-169.70000000000002,0.0,0.0,169.8,0.0,21.700000000000003,30.4,30.4,31.1,300.0,300.0,31.0,34.9,30.1,29.4,31.200000000000003,4.96,1.99,4.97,0.16,0.0,0.0,1027.0,8228.0,0.0,0.0,0.0,0.0,0.0,1.0,0.0,0.0,0.0,0.0,0.0,0.4,0.0,0.2,0.0,0.0001,16.0,25903.0
2026-07-30T18:59:34.804Z,144.287,144.3,0.0,7.4,0.0,0.0,0.0,0.0,0.0,0.0,0.0,0.0,1.0,0.0,0.0,0.0,9.0,4.0,0.0,0.0,0.0,0.0,0.0,0.0,0.0,0.0,1.0,12.0,1.0,12.15,5.0200000000000005,2.51,1.49,0.0,0.0,0.0,0.4,0.0,0.3,0.5,1.6,-169.70000000000002,0.0,0.0,169.70000000000002,0.0,21.700000000000003,30.4,30.4,31.1,300.0,300.0,31.0,34.9,30.1,29.4,31.200000000000003,4.95,1.99,4.97,0.16,0.0,0.0,1027.0,8228.0,0.0,0.0,0.0,0.0,0.0,1.0,0.0,0.0,0.0,0.0,0.0,1.8,0.0,-1.3,0.0,0.0,16.0,25903.0
2026-07-30T18:59:34.816Z,144.299,144.312,0.0,7.4,0.0,0.0,0.0,0.0,0.0,0.0,0.0,0.0,1.0,0.0,0.0,0.0,9.0,4.0,0.0,0.0,0.0,0.0,0.0,0.0,0.0,0.0,2.0,12.0,1.0,12.15,5.0200000000000005,2.51,1.49,0.0,0.0,0.0,0.4,0.0,0.3,-1.1,-0.6000000000000001,-169.70000000000002,0.0,0.0,169.8,0.0,21.700000000000003,30.4,30.4,31.1,300.0,300.0,31.0,34.9,30.1,29.4,31.200000000000003,4.95,1.99,4.97,0.16,0.0,0.0,1027.0,8228.0,0.0,0.0,0.0,0.0,0.0,1.0,0.0,0.0,0.0,0.0,0.0,-1.8,0.0,0.3,0.0,0.0,16.0,25903.0
2026-07-30T18:59:34.828Z,144.311,144.324,0.0,7.4,0.0,0.0,0.0,0.0,0.0,0.0,0.0,0.0,1.0,0.0,0.0,0.0,9.0,4.0,0.0,0.0,0.0,0.0,0.0,0.0,0.0,0.0,4.0,12.0,1.0,12.15,5.0200000000000005,2.51,1.49,0.0,0.0,0.0,0.4,0.0,-0.2,0.5,-0.6000000000000001,-169.70000000000002,0.0,0.0,169.8,0.0,21.700000000000003,30.4,30.4,31.1,300.0,300.0,31.0,34.9,30.1,29.4,31.200000000000003,4.95,1.99,4.96,0.16,0.0,0.0,1027.0,8228.0,0.0,0.0,0.0,0.0,0.0,1.0,0.0,0.0,0.0,0.0,0.0,0.1,0.0,0.7000000000000001,0.0,0.0,16.0,25903.0
2026-07-30T18:59:34.840Z,144.323,144.336,0.0,7.4,0.0,0.0,0.0,0.0,0.0,0.0,0.0,0.0,1.0,0.0,0.0,0.0,9.0,4.0,0.0,0.0,0.0,0.0,0.0,0.0,0.0,0.0,4.0,12.0,1.0,12.18,5.01,2.5,1.49,0.0,0.0,0.0,0.4,0.0,-0.2,0.5,0.0,-169.70000000000002,0.0,0.0,169.8,0.0,21.700000000000003,30.4,30.4,31.1,300.0,300.0,30.9,34.9,30.1,29.4,31.200000000000003,4.96,1.99,4.96,0.16,0.0,0.0,1027.0,8228.0,0.0,0.0,0.0,0.0,0.0,1.0,0.0,0.0,0.0,0.0,0.0,0.5,0.0,0.1,0.0,0.0001,16.0,25903.0
2026-07-30T18:59:34.851Z,144.334,144.348,0.0,7.4,0.0,0.0,0.0,0.0,0.0,0.0,0.0,0.0,1.0,0.0,0.0,0.0,9.0,4.0,0.0,0.0,0.0,0.0,0.0,0.0,0.0,0.0,5.0,12.0,1.0,12.18,5.01,2.5,1.49,0.0,0.0,0.0,0.4,0.0,0.3,-0.5,-0.6000000000000001,-169.70000000000002,0.0,0.0,169.8,0.0,21.700000000000003,30.4,30.4,31.1,300.0,300.0,30.9,34.9,30.1,29.4,31.200000000000003,4.95,1.99,4.97,0.16,0.0,0.0,1027.0,8228.0,0.0,0.0,0.0,0.0,0.0,1.0,0.0,0.0,0.0,0.0,0.0,-1.1,0.0,0.4,0.0,0.0001,16.0,25903.0
2026-07-30T18:59:34.864Z,144.347,144.36,0.0,7.4,0.0,0.0,0.0,0.0,0.0,0.0,0.0,0.0,1.0,0.0,0.0,0.0,9.0,4.0,0.0,0.0,0.0,0.0,0.0,0.0,0.0,0.0,6.0,12.0,1.0,12.18,5.01,2.5,1.49,0.0,0.0,0.0,0.4,0.0,-0.1,-0.5,0.5,-169.70000000000002,0.0,0.0,169.8,0.0,21.700000000000003,30.4,30.4,31.1,300.0,300.0,30.9,34.9,30.1,29.4,31.200000000000003,4.96,1.99,4.96,0.16,0.0,0.0,1027.0,8228.0,0.0,0.0,0.0,0.0,0.0,1.0,0.0,0.0,0.0,0.0,0.0,-0.2,0.0,-0.5,0.0,0.0,16.0,25903.0
2026-07-30T18:59:34.876Z,144.359,144.372,0.0,7.4,0.0,0.0,0.0,0.0,0.0,0.0,0.0,0.0,1.0,0.0,0.0,0.0,9.0,4.0,0.0,0.0,0.0,0.0,0.0,0.0,0.0,0.0,1.0,12.0,1.0,12.18,5.01,2.5,1.49,0.0,0.1,0.0,0.4,0.0,-1.3,-1.2000000000000002,-1.8,-169.70000000000002,0.0,0.0,169.8,0.0,21.700000000000003,30.4,30.4,31.1,300.0,300.0,30.9,34.9,30.1,29.4,31.200000000000003,4.96,1.99,4.96,0.16,0.0,0.0,1027.0,8228.0,0.0,0.0,0.0,0.0,0.0,1.0,0.0,0.0,0.0,0.0,0.0,-2.7,0.0,1.3,0.0,0.0001,16.0,25903.0
2026-07-30T18:59:34.888Z,144.371,144.384,0.0,7.4,0.0,0.0,0.0,0.0,0.0,0.0,0.0,0.0,1.0,0.0,0.0,0.0,9.0,4.0,0.0,0.0,0.0,0.0,0.0,0.0,0.0,0.0,1.0,12.0,1.0,12.18,5.01,2.5,1.49,0.0,0.0,0.0,0.4,0.0,-0.2,-0.6000000000000001,0.0,-169.70000000000002,0.0,0.0,169.8,0.0,21.700000000000003,30.4,30.4,31.1,300.0,300.0,30.9,34.9,30.1,29.4,31.200000000000003,4.95,1.99,4.96,0.16,0.0,0.0,1027.0,8228.0,0.0,0.0,0.0,0.0,0.0,1.0,0.0,0.0,0.0,0.0,0.0,-0.7000000000000001,0.0,-0.1,0.0,0.0,16.0,25903.0
2026-07-30T18:59:34.899Z,144.382,144.39600000000002,0.0,7.4,0.0,0.0,0.0,0.0,0.0,0.0,0.0,0.0,1.0,0.0,0.0,0.0,9.0,4.0,0.0,0.0,0.0,0.0,0.0,0.0,0.0,0.0,2.0,12.0,1.0,12.18,5.01,2.5,1.49,-0.1,0.1,0.0,0.4,0.0,0.3,0.5,1.6,-169.70000000000002,0.0,0.0,169.8,0.0,21.700000000000003,30.4,30.4,31.1,300.0,300.0,30.9,34.9,30.1,29.4,31.200000000000003,4.95,1.99,4.97,0.16,0.0,0.0,1027.0,8228.0,0.0,0.0,0.0,0.0,0.0,1.0,0.0,0.0,0.0,0.0,0.0,1.8,0.0,-1.3,0.0,0.0001,16.0,25903.0
2026-07-30T18:59:34.911Z,144.394,144.40800000000002,0.0,7.4,0.0,0.0,0.0,0.0,0.0,0.0,0.0,0.0,1.0,0.0,0.0,0.0,9.0,4.0,0.0,0.0,0.0,0.0,0.0,0.0,0.0,0.0,3.0,12.0,1.0,12.18,5.01,2.5,1.49,0.0,0.1,0.0,0.4,0.0,-0.2,-1.1,-0.6000000000000001,-169.70000000000002,0.0,0.0,169.8,0.0,21.700000000000003,30.4,30.4,31.1,300.0,300.0,30.9,34.9,30.1,29.4,31.200000000000003,4.96,1.99,4.96,0.16,0.0,0.0,1027.0,8228.0,0.0,0.0,0.0,0.0,0.0,1.0,0.0,0.0,0.0,0.0,0.0,-1.7000000000000002,0.0,0.3,0.0,0.0001,16.0,25903.0
2026-07-30T18:59:34.923Z,144.406,144.42000000000002,0.0,7.4,0.0,0.0,0.0,0.0,0.0,0.0,0.0,0.0,1.0,0.0,0.0,0.0,9.0,4.0,0.0,0.0,0.0,0.0,0.0,0.0,0.0,0.0,4.0,12.0,1.0,12.18,5.01,2.5,1.49,-0.1,0.1,0.0,0.4,0.0,0.3,0.5,1.1,-169.70000000000002,0.0,0.0,169.8,0.0,21.700000000000003,30.4,30.4,31.1,300.0,300.0,30.9,34.9,30.1,29.4,31.200000000000003,4.96,1.99,4.97,0.16,0.0,0.0,1027.0,8228.0,0.0,0.0,0.0,0.0,0.0,1.0,0.0,0.0,0.0,0.0,0.0,1.4,0.0,-0.8,0.0,0.0,16.0,25903.0
2026-07-30T18:59:34.937Z,144.42,144.43200000000002,0.0,7.4,0.0,0.0,0.0,0.0,0.0,0.0,0.0,0.0,1.0,0.0,0.0,0.0,9.0,4.0,0.0,0.0,0.0,0.0,0.0,0.0,0.0,0.0,5.0,12.0,1.0,12.15,5.0200000000000005,2.5,1.49,0.0,0.0,0.0,0.4,0.0,0.9,0.0,-0.6000000000000001,-169.70000000000002,0.0,0.0,169.8,0.0,21.200000000000003,30.4,30.4,31.1,300.0,300.0,30.8,34.9,30.1,29.4,31.200000000000003,4.95,1.99,4.97,0.16,0.0,0.0,1027.0,8228.0,0.0,0.0,0.0,0.0,0.0,1.0,0.0,0.0,0.0,0.0,0.0,-0.4,0.0,0.5,0.0,0.0,16.0,25903.0
2026-07-30T18:59:34.948Z,144.431,144.44400000000002,0.0,7.4,0.0,0.0,0.0,0.0,0.0,0.0,0.0,0.0,1.0,0.0,0.0,0.0,9.0,4.0,0.0,0.0,0.0,0.0,0.0,0.0,0.0,0.0,1.0,12.0,1.0,12.15,5.0200000000000005,2.5,1.49,0.0,0.0,0.0,0.5,0.0,-0.2,-0.5,0.0,-169.70000000000002,0.0,0.0,169.8,0.0,21.200000000000003,30.4,30.4,31.1,300.0,300.0,30.8,34.9,30.1,29.4,31.200000000000003,4.96,1.99,4.96,0.16,0.0,0.0,1027.0,8228.0,0.0,0.0,0.0,0.0,0.0,1.0,0.0,0.0,0.0,0.0,0.0,-0.7000000000000001,0.0,0.0,0.0,0.0001,16.0,25903.0
2026-07-30T18:59:34.959Z,144.442,144.456,0.0,7.4,0.0,0.0,0.0,0.0,0.0,0.0,0.0,0.0,1.0,0.0,0.0,0.0,9.0,4.0,0.0,0.0,0.0,0.0,0.0,0.0,0.0,0.0,2.0,12.0,1.0,12.15,5.0200000000000005,2.5,1.49,0.0,0.0,0.0,0.4,0.0,-0.8,-1.1,0.0,-169.70000000000002,0.0,0.0,169.8,0.0,21.200000000000003,30.4,30.4,31.1,300.0,300.0,30.8,34.9,30.1,29.4,31.200000000000003,4.95,1.99,4.96,0.16,0.0,0.0,1027.0,8228.0,0.0,0.0,0.0,0.0,0.0,1.0,0.0,0.0,0.0,0.0,0.0,-1.3,0.0,-0.2,0.0,0.0001,16.0,25903.0
2026-07-30T18:59:34.971Z,144.454,144.468,0.0,7.4,0.0,0.0,0.0,0.0,0.0,0.0,0.0,0.0,1.0,0.0,0.0,0.0,9.0,4.0,0.0,0.0,0.0,0.0,0.0,0.0,0.0,0.0,3.0,12.0,1.0,12.15,5.0200000000000005,2.5,1.49,0.0,0.0,0.0,0.4,0.0,-0.2,0.0,0.5,-169.70000000000002,0.0,0.0,169.8,0.0,21.200000000000003,30.4,30.4,31.1,300.0,300.0,30.8,34.9,30.1,29.4,31.200000000000003,4.95,1.99,4.96,0.16,0.0,0.0,1027.0,8228.0,0.0,0.0,0.0,0.0,0.0,1.0,0.0,0.0,0.0,0.0,0.0,0.4,0.0,-0.4,0.0,0.0,16.0,25903.0
2026-07-30T18:59:34.984Z,144.467,144.48,0.0,7.4,0.0,0.0,0.0,0.0,0.0,0.0,0.0,0.0,1.0,0.0,0.0,0.0,9.0,4.0,0.0,0.0,0.0,0.0,0.0,0.0,0.0,0.0,4.0,12.0,1.0,12.15,5.0200000000000005,2.5,1.49,0.0,0.0,0.0,0.4,0.0,0.8,1.1,1.1,-169.70000000000002,0.0,0.0,169.70000000000002,0.0,21.200000000000003,30.4,30.4,31.1,300.0,300.0,30.8,34.9,30.1,29.4,31.200000000000003,4.95,2.0,4.96,0.16,0.0,0.0,1027.0,8228.0,0.0,0.0,0.0,0.0,0.0,1.0,0.0,0.0,0.0,0.0,0.0,2.1,0.0,-0.7000000000000001,0.0,0.0,16.0,25903.0
2026-07-30T18:59:34.996Z,144.479,144.492,0.0,7.4,0.0,0.0,0.0,0.0,0.0,0.0,0.0,0.0,1.0,0.0,0.0,0.0,9.0,4.0,0.0,0.0,0.0,0.0,0.0,0.0,0.0,0.0,5.0,12.0,1.0,12.15,5.0200000000000005,2.5,1.49,0.0,0.0,0.0,0.5,0.0,-0.3,0.0,-0.6000000000000001,-169.70000000000002,0.0,0.0,169.8,0.0,21.200000000000003,30.4,30.4,31.1,300.0,300.0,30.8,34.9,30.1,29.4,31.200000000000003,4.96,2.0,4.96,0.16,0.0,0.0,1027.0,8228.0,0.0,0.0,0.0,0.0,0.0,1.0,0.0,0.0,0.0,0.0,0.0,-0.4,0.0,0.5,0.0,0.0002,16.0,25903.0
2026-07-30T18:59:35.008Z,144.491,144.504,0.0,7.4,0.0,0.0,0.0,0.0,0.0,0.0,0.0,0.0,1.0,0.0,0.0,0.0,9.0,4.0,0.0,0.0,0.0,0.0,0.0,0.0,0.0,0.0,6.0,12.0,1.0,12.15,5.0200000000000005,2.5,1.49,0.0,0.1,0.0,0.5,0.0,-0.3,-0.5,0.0,-169.70000000000002,0.0,0.0,169.8,0.0,21.200000000000003,30.4,30.4,31.1,300.0,300.0,30.8,34.9,30.1,29.4,31.200000000000003,4.95,1.99,4.97,0.16,0.0,0.0,1027.0,8228.0,0.0,0.0,0.0,0.0,0.0,1.0,0.0,0.0,0.0,0.0,0.0,-0.6000000000000001,0.0,0.0,0.0,0.0,16.0,25903.0
2026-07-30T18:59:35.020Z,144.503,144.516,0.0,7.4,0.0,0.0,0.0,0.0,0.0,0.0,0.0,0.0,1.0,0.0,0.0,0.0,9.0,4.0,0.0,0.0,0.0,0.0,0.0,0.0,0.0,0.0,1.0,12.0,1.0,12.15,5.0200000000000005,2.5,1.49,0.0,0.1,0.0,0.4,0.0,0.2,0.0,0.0,-169.70000000000002,0.0,0.0,169.8,0.0,21.200000000000003,30.4,30.4,31.1,300.0,300.0,30.8,34.9,30.1,29.4,31.200000000000003,4.95,1.99,4.97,0.17,0.0,0.0,1027.0,8228.0,0.0,0.0,0.0,0.0,0.0,1.0,0.0,0.0,0.0,0.0,0.0,0.0,0.0,0.0,0.0,0.0,16.0,25903.0
2026-07-30T18:59:35.032Z,144.515,144.528,0.0,7.4,0.0,0.0,0.0,0.0,0.0,0.0,0.0,0.0,1.0,0.0,0.0,0.0,9.0,4.0,0.0,0.0,0.0,0.0,0.0,0.0,0.0,0.0,3.0,12.0,1.0,12.15,5.0200000000000005,2.5,1.49,0.0,0.0,0.0,0.4,0.0,-0.3,0.0,-0.1,-169.70000000000002,0.0,0.0,169.8,0.0,21.200000000000003,30.4,30.4,31.1,300.0,300.0,30.8,34.9,30.1,29.4,31.200000000000003,4.96,1.99,4.97,0.16,0.0,0.0,1027.0,8228.0,0.0,0.0,0.0,0.0,0.0,1.0,0.0,0.0,0.0,0.0,0.0,0.0,0.0,0.1,0.0,0.0001,16.0,25903.0
2026-07-30T18:59:35.044Z,144.527,144.54,0.0,7.4,0.0,0.0,0.0,0.0,0.0,0.0,0.0,0.0,1.0,0.0,0.0,0.0,9.0,4.0,0.0,0.0,0.0,0.0,0.0,0.0,0.0,0.0,4.0,12.0,1.0,12.15,5.01,2.5,1.49,0.0,0.0,0.0,0.4,0.0,0.2,-1.1,-0.1,-169.70000000000002,0.0,0.0,169.8,0.0,21.3,30.4,30.4,31.1,300.0,300.0,30.8,34.9,30.0,29.4,31.200000000000003,4.95,1.99,4.96,0.16,0.0,0.0,1027.0,8228.0,0.0,0.0,0.0,0.0,0.0,1.0,0.0,0.0,0.0,0.0,0.0,-1.4,0.0,0.0,0.0,0.0001,16.0,25903.0
2026-07-30T18:59:35.056Z,144.539,144.552,0.0,7.4,0.0,0.0,0.0,0.0,0.0,0.0,0.0,0.0,1.0,0.0,0.0,0.0,9.0,4.0,0.0,0.0,0.0,0.0,0.0,0.0,0.0,0.0,5.0,12.0,1.0,12.15,5.01,2.5,1.49,0.0,0.0,0.0,0.4,0.0,0.2,0.6000000000000001,-0.1,-169.70000000000002,0.0,0.0,169.8,0.0,21.3,30.4,30.4,31.1,300.0,300.0,30.8,34.9,30.0,29.4,31.200000000000003,4.96,1.99,4.97,0.16,0.0,0.0,1027.0,8228.0,0.0,0.0,0.0,0.0,0.0,1.0,0.0,0.0,0.0,0.0,0.0,0.6000000000000001,0.0,0.2,0.0,0.0,16.0,25903.0
2026-07-30T18:59:35.068Z,144.551,144.564,0.0,7.4,0.0,0.0,0.0,0.0,0.0,0.0,0.0,0.0,1.0,0.0,0.0,0.0,9.0,4.0,0.0,0.0,0.0,0.0,0.0,0.0,0.0,0.0,1.0,12.0,1.0,12.15,5.01,2.5,1.49,0.0,0.1,0.0,0.4,0.0,0.2,-0.5,-1.2000000000000002,-169.70000000000002,0.0,0.0,169.8,0.0,21.3,30.4,30.4,31.1,300.0,300.0,30.8,34.9,30.0,29.4,31.200000000000003,4.96,1.99,4.96,0.16,0.0,0.0,1027.0,8228.0,0.0,0.0,0.0,0.0,0.0,1.0,0.0,0.0,0.0,0.0,0.0,-1.5,0.0,1.0,0.0,0.0,16.0,25903.0
2026-07-30T18:59:35.079Z,144.562,144.576,0.0,7.4,0.0,0.0,0.0,0.0,0.0,0.0,0.0,0.0,1.0,0.0,0.0,0.0,9.0,4.0,0.0,0.0,0.0,0.0,0.0,0.0,0.0,0.0,2.0,12.0,1.0,12.15,5.01,2.5,1.49,0.0,0.1,0.0,0.4,0.0,-0.3,1.8,0.4,-169.70000000000002,0.0,0.0,169.70000000000002,0.0,21.3,30.4,30.4,31.1,300.0,300.0,30.8,34.9,30.0,29.4,31.200000000000003,4.96,1.99,4.96,0.16,0.0,0.0,1027.0,8228.0,0.0,0.0,0.0,0.0,0.0,1.0,0.0,0.0,0.0,0.0,0.0,2.4000000000000004,0.0,0.0,0.0,0.0,16.0,25903.0
2026-07-30T18:59:35.095Z,144.578,144.588,0.0,7.4,0.0,0.0,0.0,0.0,0.0,0.0,0.0,0.0,1.0,0.0,0.0,0.0,9.0,4.0,0.0,0.0,0.0,0.0,0.0,0.0,0.0,0.0,3.0,12.0,1.0,12.15,5.01,2.5,1.49,0.0,0.1,0.0,0.4,0.0,-0.3,1.2000000000000002,-0.1,-169.70000000000002,0.0,0.0,169.8,0.0,21.3,30.4,30.4,31.1,300.0,300.0,30.8,34.9,30.0,29.4,31.200000000000003,4.95,1.99,4.97,0.16,0.0,0.0,1027.0,8228.0,0.0,0.0,0.0,0.0,0.0,1.0,0.0,0.0,0.0,0.0,0.0,1.3,0.0,0.3,0.0,0.0002,16.0,25903.0
2026-07-30T18:59:35.109Z,144.592,144.6,0.0,7.4,0.0,0.0,0.0,0.0,0.0,0.0,0.0,0.0,1.0,0.0,0.0,0.0,9.0,4.0,0.0,0.0,0.0,0.0,0.0,0.0,0.0,0.0,2.0,12.0,1.0,12.15,5.01,2.5,1.49,0.0,0.0,0.0,0.4,0.0,-0.8,-0.5,-0.1,-169.70000000000002,0.0,0.0,169.8,0.0,21.3,30.4,30.4,31.1,300.0,300.0,30.8,34.9,30.0,29.4,31.200000000000003,4.96,1.99,4.97,0.16,0.0,0.0,1027.0,8228.0,0.0,0.0,0.0,0.0,0.0,1.0,0.0,0.0,0.0,0.0,0.0,-0.7000000000000001,0.0,0.0,0.0,0.0,16.0,25903.0
2026-07-30T18:59:35.116Z,144.599,144.612,0.0,7.4,0.0,0.0,0.0,0.0,0.0,0.0,0.0,0.0,1.0,0.0,0.0,0.0,9.0,4.0,0.0,0.0,0.0,0.0,0.0,0.0,0.0,0.0,1.0,12.0,1.0,12.15,5.01,2.5,1.49,0.0,0.0,0.0,0.4,0.0,-0.8,0.0,-0.7000000000000001,-169.70000000000002,0.0,0.0,169.70000000000002,0.0,21.3,30.4,30.4,31.1,300.0,300.0,30.8,34.9,30.0,29.4,31.200000000000003,4.96,1.99,4.97,0.16,0.0,0.0,1027.0,8228.0,0.0,0.0,0.0,0.0,0.0,1.0,0.0,0.0,0.0,0.0,0.0,-0.5,0.0,0.6000000000000001,0.0,0.0,16.0,25903.0
2026-07-30T18:59:35.128Z,144.611,144.624,0.0,7.4,0.0,0.0,0.0,0.0,0.0,0.0,0.0,0.0,1.0,0.0,0.0,0.0,9.0,4.0,0.0,0.0,0.0,0.0,0.0,0.0,0.0,0.0,2.0,12.0,1.0,12.15,5.01,2.5,1.49,0.0,0.0,0.0,0.4,0.0,-0.2,0.6000000000000001,-0.1,-169.70000000000002,0.0,0.0,169.8,0.0,21.3,30.4,30.4,31.1,300.0,300.0,30.8,34.9,30.0,29.4,31.200000000000003,4.95,1.99,4.97,0.16,0.0,0.0,1027.0,8228.0,0.0,0.0,0.0,0.0,0.0,1.0,0.0,0.0,0.0,0.0,0.0,0.6000000000000001,0.0,0.2,0.0,0.0002,16.0,25903.0
2026-07-30T18:59:35.141Z,144.624,144.636,0.0,7.4,0.0,0.0,0.0,0.0,0.0,0.0,0.0,0.0,1.0,0.0,0.0,0.0,9.0,4.0,0.0,0.0,0.0,0.0,0.0,0.0,0.0,0.0,4.0,12.0,1.0,12.17,5.0200000000000005,2.5,1.5,0.0,0.0,0.0,0.5,0.0,-0.2,-0.5,-0.1,-169.70000000000002,0.0,0.0,169.70000000000002,0.0,21.3,30.4,30.4,31.1,300.0,300.0,31.0,34.9,30.1,29.4,31.200000000000003,4.95,1.99,4.97,0.16,0.0,0.0,1027.0,8228.0,0.0,0.0,0.0,0.0,0.0,1.0,0.0,0.0,0.0,0.0,0.0,-0.7000000000000001,0.0,0.0,0.0,0.0,16.0,25903.0
2026-07-30T18:59:35.151Z,144.634,144.648,0.0,7.4,0.0,0.0,0.0,0.0,0.0,0.0,0.0,0.0,1.0,0.0,0.0,0.0,9.0,4.0,0.0,0.0,0.0,0.0,0.0,0.0,0.0,0.0,5.0,12.0,1.0,12.17,5.0200000000000005,2.5,1.5,0.0,0.0,0.0,0.5,0.0,0.3,0.0,-0.1,-169.70000000000002,0.0,0.0,169.70000000000002,0.0,21.3,30.4,30.4,31.1,300.0,300.0,31.0,34.9,30.1,29.4,31.200000000000003,4.96,2.0,4.96,0.16,0.0,0.0,1027.0,8228.0,0.0,0.0,0.0,0.0,0.0,1.0,0.0,0.0,0.0,0.0,0.0,0.0,0.0,0.1,0.0,0.0,16.0,25903.0
2026-07-30T18:59:35.164Z,144.647,144.66,0.0,7.4,0.0,0.0,0.0,0.0,0.0,0.0,0.0,0.0,1.0,0.0,0.0,0.0,9.0,4.0,0.0,0.0,0.0,0.0,0.0,0.0,0.0,0.0,6.0,12.0,1.0,12.17,5.0200000000000005,2.5,1.5,0.0,0.0,0.0,0.4,0.0,0.8,1.8,0.4,-169.70000000000002,0.0,0.0,169.8,0.0,21.3,30.4,30.4,31.1,300.0,300.0,31.0,34.9,30.1,29.4,31.200000000000003,4.96,1.99,4.97,0.16,0.0,0.0,1027.0,8228.0,0.0,0.0,0.0,0.0,0.0,1.0,0.0,0.0,0.0,0.0,0.0,2.3000000000000003,0.0,0.0,0.0,0.0,16.0,25903.0
2026-07-30T18:59:35.175Z,144.658,144.672,0.0,7.4,0.0,0.0,0.0,0.0,0.0,0.0,0.0,0.0,1.0,0.0,0.0,0.0,9.0,4.0,0.0,0.0,0.0,0.0,0.0,0.0,0.0,0.0,2.0,12.0,1.0,12.17,5.0200000000000005,2.5,1.5,0.0,0.0,0.0,0.4,0.0,0.2,0.6000000000000001,-0.1,-169.70000000000002,0.0,0.0,169.70000000000002,0.0,21.3,30.4,30.4,31.1,300.0,300.0,31.0,34.9,30.1,29.4,31.200000000000003,4.95,1.99,4.97,0.17,0.0,0.0,1027.0,8228.0,0.0,0.0,0.0,0.0,0.0,1.0,0.0,0.0,0.0,0.0,0.0,0.6000000000000001,0.0,0.2,0.0,0.0001,16.0,25903.0
2026-07-30T18:59:35.188Z,144.671,144.684,0.0,7.4,0.0,0.0,0.0,0.0,0.0,0.0,0.0,0.0,1.0,0.0,0.0,0.0,9.0,4.0,0.0,0.0,0.0,0.0,0.0,0.0,0.0,0.0,3.0,12.0,1.0,12.17,5.0200000000000005,2.5,1.5,0.0,0.0,0.0,0.4,0.0,-0.2,-0.4,0.0,-169.70000000000002,0.0,0.0,169.8,0.0,21.3,30.4,30.4,31.1,300.0,300.0,31.0,34.9,30.1,29.4,31.200000000000003,4.96,1.99,4.97,0.16,0.0,0.0,1027.0,8228.0,0.0,0.0,0.0,0.0,0.0,1.0,0.0,0.0,0.0,0.0,0.0,-0.6000000000000001,0.0,0.0,0.0,0.0001,16.0,25903.0
2026-07-30T18:59:35.200Z,144.683,144.696,0.0,7.4,0.0,0.0,0.0,0.0,0.0,0.0,0.0,0.0,1.0,0.0,0.0,0.0,9.0,4.0,0.0,0.0,0.0,0.0,0.0,0.0,0.0,0.0,4.0,12.0,1.0,12.17,5.0200000000000005,2.5,1.5,0.0,0.0,0.0,0.4,0.0,-0.3,-0.5,0.5,-169.70000000000002,0.0,0.0,169.70000000000002,0.0,21.3,30.4,30.4,31.1,300.0,300.0,31.0,34.9,30.1,29.4,31.200000000000003,4.95,1.99,4.96,0.16,0.0,0.0,1027.0,8228.0,0.0,0.0,0.0,0.0,0.0,1.0,0.0,0.0,0.0,0.0,0.0,-0.2,0.0,-0.5,0.0,0.0001,16.0,25903.0
2026-07-30T18:59:35.212Z,144.695,144.708,0.0,7.4,0.0,0.0,0.0,0.0,0.0,0.0,0.0,0.0,1.0,0.0,0.0,0.0,9.0,4.0,0.0,0.0,0.0,0.0,0.0,0.0,0.0,0.0,5.0,12.0,1.0,12.17,5.0200000000000005,2.5,1.5,0.0,0.1,0.0,0.4,0.0,-0.3,0.0,0.0,-169.70000000000002,0.0,0.0,169.8,0.0,21.3,30.4,30.4,31.1,300.0,300.0,31.0,34.9,30.1,29.4,31.200000000000003,4.95,1.99,4.97,0.16,0.0,0.0,1027.0,8228.0,0.0,0.0,0.0,0.0,0.0,1.0,0.0,0.0,0.0,0.0,0.0,0.0,0.0,0.0,0.0,0.0001,16.0,25903.0
2026-07-30T18:59:35.224Z,144.707,144.72,0.0,7.4,0.0,0.0,0.0,0.0,0.0,0.0,0.0,0.0,1.0,0.0,0.0,0.0,9.0,4.0,0.0,0.0,0.0,0.0,0.0,0.0,0.0,0.0,6.0,12.0,1.0,12.17,5.0200000000000005,2.5,1.5,0.0,0.1,0.0,0.5,0.0,-0.3,0.6000000000000001,1.0,-169.70000000000002,0.0,0.0,169.8,0.0,21.3,30.4,30.4,31.1,300.0,300.0,31.0,34.9,30.1,29.4,31.200000000000003,4.95,1.99,4.97,0.16,0.0,0.0,1027.0,8228.0,0.0,0.0,0.0,0.0,0.0,1.0,0.0,0.0,0.0,0.0,0.0,1.4,0.0,-0.8,0.0,0.0001,16.0,25903.0
2026-07-30T18:59:35.236Z,144.719,144.732,0.0,7.4,0.0,0.0,0.0,0.0,0.0,0.0,0.0,0.0,1.0,0.0,0.0,0.0,9.0,4.0,0.0,0.0,0.0,0.0,0.0,0.0,0.0,0.0,2.0,12.0,1.0,12.17,5.0200000000000005,2.5,1.5,0.0,0.0,0.0,0.4,0.0,-0.9,-0.5,-0.1,-169.70000000000002,0.0,0.0,169.8,0.0,21.3,30.4,30.4,31.1,300.0,300.0,31.0,34.9,30.1,29.4,31.200000000000003,4.96,1.99,4.96,0.16,0.0,0.0,1027.0,8228.0,0.0,0.0,0.0,0.0,0.0,1.0,0.0,0.0,0.0,0.0,0.0,-0.7000000000000001,0.0,0.0,0.0,0.0001,16.0,25903.0
2026-07-30T18:59:35.248Z,144.731,144.744,0.0,7.4,0.0,0.0,0.0,0.0,0.0,0.0,0.0,0.0,1.0,0.0,0.0,0.0,9.0,4.0,0.0,0.0,0.0,0.0,0.0,0.0,0.0,0.0,3.0,12.0,1.0,12.19,5.0200000000000005,2.51,1.5,0.0,0.0,0.0,0.4,0.0,0.2,0.0,-0.6000000000000001,-169.70000000000002,0.0,0.0,169.8,0.0,21.4,30.4,30.4,31.1,300.0,300.0,30.9,34.9,30.1,29.4,31.200000000000003,4.95,1.99,4.96,0.16,0.0,0.0,1027.0,8228.0,0.0,0.0,0.0,0.0,0.0,1.0,0.0,0.0,0.0,0.0,0.0,-0.5,0.0,0.6000000000000001,0.0,0.0001,16.0,25903.0
2026-07-30T18:59:35.260Z,144.743,144.756,0.0,7.4,0.0,0.0,0.0,0.0,0.0,0.0,0.0,0.0,1.0,0.0,0.0,0.0,9.0,4.0,0.0,0.0,0.0,0.0,0.0,0.0,0.0,0.0,4.0,12.0,1.0,12.19,5.0200000000000005,2.51,1.5,0.0,0.0,0.0,0.4,0.0,0.2,1.1,1.6,-169.70000000000002,0.0,0.0,169.70000000000002,0.0,21.4,30.4,30.4,31.1,300.0,300.0,30.9,34.9,30.1,29.4,31.200000000000003,4.95,1.99,4.96,0.16,0.0,0.0,1027.0,8228.0,0.0,0.0,0.0,0.0,0.0,1.0,0.0,0.0,0.0,0.0,0.0,0.0,0.0,0.1,0.0,0.0,16.0,25903.0
2026-07-30T18:59:35.272Z,144.755,144.768,0.0,7.4,0.0,0.0,0.0,0.0,0.0,0.0,0.0,0.0,1.0,0.0,0.0,0.0,9.0,4.0,0.0,0.0,0.0,0.0,0.0,0.0,0.0,0.0,5.0,12.0,1.0,12.19,5.0200000000000005,2.51,1.5,0.0,0.0,0.0,0.4,0.0,-0.3,1.1,-0.6000000000000001,-169.70000000000002,0.0,0.0,169.70000000000002,0.0,21.4,30.4,30.4,31.1,300.0,300.0,30.9,34.9,30.1,29.4,31.200000000000003,4.96,1.99,4.96,0.16,0.0,0.0,1027.0,8228.0,0.0,0.0,0.0,0.0,0.0,1.0,0.0,0.0,0.0,0.0,0.0,-0.3,0.0,-0.5,0.0,0.0,16.0,25903.0
2026-07-30T18:59:35.284Z,144.767,144.78,0.0,7.4,0.0,0.0,0.0,0.0,0.0,0.0,0.0,0.0,1.0,0.0,0.0,0.0,9.0,4.0,0.0,0.0,0.0,0.0,0.0,0.0,0.0,0.0,1.0,12.0,1.0,12.19,5.0200000000000005,2.51,1.5,0.0,0.0,0.0,0.4,0.0,-0.3,-1.1,0.0,-169.70000000000002,0.0,0.0,169.70000000000002,0.0,21.4,30.4,30.4,31.1,300.0,300.0,30.9,34.9,30.1,29.4,31.200000000000003,4.95,1.99,4.96,0.16,0.0,0.0,1027.0,8228.0,0.0,0.0,0.0,0.0,0.0,1.0,0.0,0.0,0.0,0.0,0.0,0.0,0.0,0.0,0.0,0.0001,16.0,25903.0
2026-07-30T18:59:35.295Z,144.778,144.792,0.0,7.4,0.0,0.0,0.0,0.0,0.0,0.0,0.0,0.0,1.0,0.0,0.0,0.0,9.0,4.0,0.0,0.0,0.0,0.0,0.0,0.0,0.0,0.0,2.0,12.0,1.0,12.19,5.0200000000000005,2.51,1.5,0.0,0.0,0.0,0.4,0.0,0.2,0.6000000000000001,-1.2000000000000002,-169.70000000000002,0.0,0.0,169.8,0.0,21.4,30.4,30.4,31.1,300.0,300.0,30.9,34.9,30.1,29.4,31.200000000000003,4.96,1.99,4.97,0.16,0.0,0.0,1027.0,8228.0,0.0,0.0,0.0,0.0,0.0,1.0,0.0,0.0,0.0,0.0,0.0,-1.3,0.0,-0.1,0.0,0.0,16.0,25903.0
2026-07-30T18:59:35.308Z,144.791,144.804,0.0,7.4,0.0,0.0,0.0,0.0,0.0,0.0,0.0,0.0,1.0,0.0,0.0,0.0,9.0,4.0,0.0,0.0,0.0,0.0,0.0,0.0,0.0,0.0,3.0,12.0,1.0,12.19,5.0200000000000005,2.51,1.5,0.0,0.0,0.0,0.5,0.0,-1.5,-1.1,-1.8,-169.70000000000002,0.0,0.0,169.8,0.0,21.4,30.4,30.4,31.1,300.0,300.0,30.9,34.9,30.1,29.4,31.200000000000003,4.96,2.0,4.96,0.16,0.0,0.0,1027.0,8228.0,0.0,0.0,0.0,0.0,0.0,1.0,0.0,0.0,0.0,0.0,0.0,-2.6,0.0,1.3,0.0,0.0001,16.0,25903.0
2026-07-30T18:59:35.320Z,144.803,144.816,0.0,7.4,0.0,0.0,0.0,0.0,0.0,0.0,0.0,0.0,1.0,0.0,0.0,0.0,9.0,4.0,0.0,0.0,0.0,0.0,0.0,0.0,0.0,0.0,4.0,12.0,1.0,12.19,5.0200000000000005,2.51,1.5,0.0,0.0,0.0,0.4,0.0,0.8,0.6000000000000001,-0.6000000000000001,-169.70000000000002,0.0,0.0,169.70000000000002,0.0,21.4,30.4,30.4,31.1,300.0,300.0,30.9,34.9,30.1,29.4,31.200000000000003,4.96,1.99,4.96,0.16,0.0,0.0,1027.0,8228.0,0.0,0.0,0.0,0.0,0.0,1.0,0.0,0.0,0.0,0.0,0.0,0.1,0.0,0.7000000000000001,0.0,0.0,16.0,25903.0
2026-07-30T18:59:35.332Z,144.815,144.828,0.0,7.4,0.0,0.0,0.0,0.0,0.0,0.0,0.0,0.0,1.0,0.0,0.0,0.0,9.0,4.0,0.0,0.0,0.0,0.0,0.0,0.0,0.0,0.0,5.0,12.0,1.0,12.19,5.0200000000000005,2.51,1.5,0.0,0.0,0.0,0.4,0.0,0.2,0.0,-1.2000000000000002,-169.70000000000002,0.0,0.0,169.8,0.0,21.4,30.4,30.4,31.1,300.0,300.0,30.9,34.9,30.1,29.4,31.200000000000003,4.95,1.99,4.98,0.16,0.0,0.0,1027.0,8228.0,0.0,0.0,0.0,0.0,0.0,1.0,0.0,0.0,0.0,0.0,0.0,-0.8,0.0,1.1,0.0,0.0001,16.0,25903.0
2026-07-30T18:59:35.345Z,144.828,144.84,0.0,7.4,0.0,0.0,0.0,0.0,0.0,0.0,0.0,0.0,1.0,0.0,0.0,0.0,9.0,4.0,0.0,0.0,0.0,0.0,0.0,0.0,0.0,0.0,1.0,12.0,1.0,12.17,5.01,2.51,1.49,0.0,0.0,0.0,0.4,0.0,-0.3,-1.6,-1.2000000000000002,-169.70000000000002,0.0,0.0,169.70000000000002,0.0,20.9,30.4,30.4,31.1,300.0,300.0,31.0,34.9,30.1,29.4,31.200000000000003,4.96,1.99,4.96,0.16,0.0,0.0,1027.0,8228.0,0.0,0.0,0.0,0.0,0.0,1.0,0.0,0.0,0.0,0.0,0.0,-2.8000000000000003,0.0,0.7000000000000001,0.0,0.0002,16.0,25903.0
2026-07-30T18:59:35.356Z,144.839,144.852,0.0,7.4,0.0,0.0,0.0,0.0,0.0,0.0,0.0,0.0,1.0,0.0,0.0,0.0,9.0,4.0,0.0,0.0,0.0,0.0,0.0,0.0,0.0,0.0,2.0,12.0,1.0,12.17,5.01,2.51,1.49,0.0,0.0,0.0,0.4,0.0,0.2,0.0,1.0,-169.70000000000002,0.0,0.0,169.8,0.0,20.9,30.4,30.4,31.1,300.0,300.0,31.0,34.9,30.1,29.4,31.200000000000003,4.96,1.99,4.96,0.16,0.0,0.0,1027.0,8228.0,0.0,0.0,0.0,0.0,0.0,1.0,0.0,0.0,0.0,0.0,0.0,0.8,0.0,-0.9,0.0,0.0001,16.0,25903.0
2026-07-30T18:59:35.368Z,144.851,144.864,0.0,7.4,0.0,0.0,0.0,0.0,0.0,0.0,0.0,0.0,1.0,0.0,0.0,0.0,9.0,4.0,0.0,0.0,0.0,0.0,0.0,0.0,0.0,0.0,4.0,12.0,1.0,12.17,5.01,2.51,1.49,0.0,0.0,0.0,0.5,0.0,0.2,1.2000000000000002,-0.1,-169.70000000000002,0.0,0.0,169.70000000000002,0.0,20.9,30.4,30.4,31.1,300.0,300.0,31.0,34.9,30.1,29.4,31.200000000000003,4.96,1.99,4.96,0.16,0.0,0.0,1027.0,8228.0,0.0,0.0,0.0,0.0,0.0,1.0,0.0,0.0,0.0,0.0,0.0,1.3,0.0,0.3,0.0,0.0001,16.0,25903.0
2026-07-30T18:59:35.380Z,144.863,144.876,0.0,7.4,0.0,0.0,0.0,0.0,0.0,0.0,0.0,0.0,1.0,0.0,0.0,0.0,9.0,4.0,0.0,0.0,0.0,0.0,0.0,0.0,0.0,0.0,5.0,12.0,1.0,12.17,5.01,2.51,1.49,0.0,0.0,0.0,0.5,0.0,-0.3,0.1,-0.7000000000000001,-169.70000000000002,0.0,0.0,169.8,0.0,20.9,30.4,30.4,31.1,300.0,300.0,31.0,34.9,30.1,29.4,31.200000000000003,4.95,1.99,4.97,0.16,0.0,0.0,1027.0,8228.0,0.0,0.0,0.0,0.0,0.0,1.0,0.0,0.0,0.0,0.0,0.0,-0.3,0.0,0.6000000000000001,0.0,0.0002,16.0,25903.0
2026-07-30T18:59:35.392Z,144.875,144.888,0.0,7.4,0.0,0.0,0.0,0.0,0.0,0.0,0.0,0.0,1.0,0.0,0.0,0.0,9.0,4.0,0.0,0.0,0.0,0.0,0.0,0.0,0.0,0.0,6.0,12.0,1.0,12.17,5.01,2.51,1.49,0.0,0.0,0.0,0.4,0.0,0.2,0.1,-0.1,-169.70000000000002,0.0,0.0,169.8,0.0,20.9,30.4,30.4,31.1,300.0,300.0,31.0,34.9,30.1,29.4,31.200000000000003,4.96,2.0,4.96,0.16,0.0,0.0,1027.0,8228.0,0.0,0.0,0.0,0.0,0.0,1.0,0.0,0.0,0.0,0.0,0.0,0.0,0.0,0.1,0.0,0.0,16.0,25903.0
2026-07-30T18:59:35.404Z,144.887,144.9,0.0,7.4,0.0,0.0,0.0,0.0,0.0,0.0,0.0,0.0,1.0,0.0,0.0,0.0,9.0,4.0,0.0,0.0,0.0,0.0,0.0,0.0,0.0,0.0,1.0,12.0,1.0,12.17,5.01,2.51,1.49,0.0,0.0,0.0,0.4,0.0,0.3,1.2000000000000002,-0.7000000000000001,-169.70000000000002,0.0,0.0,169.8,0.0,20.9,30.4,30.4,31.1,300.0,300.0,31.0,34.9,30.1,29.4,31.200000000000003,4.96,1.99,4.97,0.16,0.0,0.0,1027.0,8228.0,0.0,0.0,0.0,0.0,0.0,1.0,0.0,0.0,0.0,0.0,0.0,0.8,0.0,0.9,0.0,0.0001,16.0,25903.0
2026-07-30T18:59:35.420Z,144.903,144.912,0.0,7.4,0.0,0.0,0.0,0.0,0.0,0.0,0.0,0.0,1.0,0.0,0.0,0.0,9.0,4.0,0.0,0.0,0.0,0.0,0.0,0.0,0.0,0.0,2.0,12.0,1.0,12.17,5.01,2.51,1.49,0.0,0.0,0.0,0.4,0.0,-0.3,0.0,0.4,-169.70000000000002,0.0,0.0,169.8,0.0,20.9,30.4,30.4,31.1,300.0,300.0,31.0,34.9,30.1,29.4,31.200000000000003,4.95,1.99,4.97,0.16,0.0,0.0,1027.0,8228.0,0.0,0.0,0.0,0.0,0.0,1.0,0.0,0.0,0.0,0.0,0.0,0.4,0.0,-0.3,0.0,0.0,16.0,25903.0
2026-07-30T18:59:35.428Z,144.911,144.924,0.0,7.4,0.0,0.0,0.0,0.0,0.0,0.0,0.0,0.0,1.0,0.0,0.0,0.0,9.0,4.0,0.0,0.0,0.0,0.0,0.0,0.0,0.0,0.0,6.0,12.0,1.0,12.17,5.01,2.51,1.49,0.0,0.0,0.0,0.4,0.0,0.3,0.6000000000000001,-1.2000000000000002,-169.70000000000002,0.0,0.0,169.70000000000002,0.0,20.9,30.4,30.4,31.1,300.0,300.0,31.0,34.9,30.1,29.4,31.200000000000003,4.96,1.99,4.96,0.16,0.0,0.0,1027.0,8228.0,0.0,0.0,0.0,0.0,0.0,1.0,0.0,0.0,0.0,0.0,0.0,-0.1,0.0,1.2000000000000002,0.0,0.0,16.0,25903.0
2026-07-30T18:59:35.440Z,144.923,144.936,0.0,7.4,0.0,0.0,0.0,0.0,0.0,0.0,0.0,0.0,1.0,0.0,0.0,0.0,9.0,4.0,0.0,0.0,0.0,0.0,0.0,0.0,0.0,0.0,6.0,12.0,1.0,12.17,5.01,2.51,1.49,0.0,0.0,0.0,0.4,0.0,0.2,-0.5,1.0,-169.70000000000002,0.0,0.0,169.8,0.0,20.9,30.4,30.4,31.1,300.0,300.0,31.0,34.9,30.1,29.4,31.200000000000003,4.96,2.0,4.96,0.16,0.0,0.0,1027.0,8228.0,0.0,0.0,0.0,0.0,0.0,1.0,0.0,0.0,0.0,0.0,0.0,0.1,0.0,-1.0,0.0,0.0001,16.0,25903.0
2026-07-30T18:59:35.452Z,144.935,144.948,0.0,7.4,0.0,0.0,0.0,0.0,0.0,0.0,0.0,0.0,1.0,0.0,0.0,0.0,9.0,4.0,0.0,0.0,0.0,0.0,0.0,0.0,0.0,0.0,1.0,12.0,1.0,12.17,5.01,2.51,1.49,0.0,0.0,0.0,0.5,0.0,-0.3,0.5,0.4,-169.70000000000002,0.0,0.0,169.8,0.0,21.3,30.4,30.4,31.1,300.0,300.0,31.0,35.0,30.1,29.4,31.200000000000003,4.96,1.99,4.97,0.16,0.0,0.0,1027.0,8228.0,0.0,0.0,0.0,0.0,0.0,1.0,0.0,0.0,0.0,0.0,0.0,0.9,0.0,-0.2,0.0,0.0001,16.0,25903.0
2026-07-30T18:59:35.464Z,144.947,144.96,0.0,7.4,0.0,0.0,0.0,0.0,0.0,0.0,0.0,0.0,1.0,0.0,0.0,0.0,9.0,4.0,0.0,0.0,0.0,0.0,0.0,0.0,0.0,0.0,2.0,12.0,1.0,12.17,5.01,2.51,1.49,0.0,0.1,0.0,0.4,0.0,-0.3,-0.5,-0.7000000000000001,-169.70000000000002,0.0,0.0,169.70000000000002,0.0,21.3,30.4,30.4,31.1,300.0,300.0,31.0,35.0,30.1,29.4,31.200000000000003,4.95,1.99,4.97,0.16,0.0,0.0,1027.0,8228.0,0.0,0.0,0.0,0.0,0.0,1.0,0.0,0.0,0.0,0.0,0.0,-1.2000000000000002,0.0,0.5,0.0,0.0,16.0,25903.0
2026-07-30T18:59:35.476Z,144.959,144.972,0.0,7.4,0.0,0.0,0.0,0.0,0.0,0.0,0.0,0.0,1.0,0.0,0.0,0.0,9.0,4.0,0.0,0.0,0.0,0.0,0.0,0.0,0.0,0.0,3.0,12.0,1.0,12.17,5.01,2.51,1.49,0.0,0.0,0.0,0.5,0.0,-0.2,-0.5,1.0,-169.70000000000002,0.0,0.0,169.8,0.0,21.3,30.4,30.4,31.1,300.0,300.0,31.0,35.0,30.1,29.4,31.200000000000003,4.96,1.99,4.96,0.16,0.0,0.0,1027.0,8228.0,0.0,0.0,0.0,0.0,0.0,1.0,0.0,0.0,0.0,0.0,0.0,0.1,0.0,-1.0,0.0,0.0001,16.0,25903.0
2026-07-30T18:59:35.488Z,144.971,144.984,0.0,7.4,0.0,0.0,0.0,0.0,0.0,0.0,0.0,0.0,1.0,0.0,0.0,0.0,9.0,4.0,0.0,0.0,0.0,0.0,0.0,0.0,0.0,0.0,5.0,12.0,1.0,12.17,5.01,2.51,1.49,0.0,0.0,0.0,0.4,0.0,0.8,0.0,-0.1,-169.70000000000002,0.0,0.0,169.8,0.0,21.3,30.4,30.4,31.1,300.0,300.0,31.0,35.0,30.1,29.4,31.200000000000003,4.95,1.99,4.97,0.16,0.0,0.0,1027.0,8228.0,0.0,0.0,0.0,0.0,0.0,1.0,0.0,0.0,0.0,0.0,0.0,0.0,0.0,0.1,0.0,0.0,16.0,25903.0
2026-07-30T18:59:35.500Z,144.983,144.996,0.0,7.4,0.0,0.0,0.0,0.0,0.0,0.0,0.0,0.0,1.0,0.0,0.0,0.0,9.0,4.0,0.0,0.0,0.0,0.0,0.0,0.0,0.0,0.0,6.0,12.0,1.0,12.17,5.01,2.51,1.49,0.0,0.0,0.0,0.4,0.0,-0.2,0.0,-0.6000000000000001,-169.70000000000002,0.0,0.0,169.60000000000002,0.0,21.3,30.4,30.4,31.1,300.0,300.0,31.0,35.0,30.1,29.4,31.200000000000003,4.95,1.99,4.96,0.16,0.0,0.0,1027.0,8228.0,0.0,0.0,0.0,0.0,0.0,1.0,0.0,0.0,0.0,0.0,0.0,-0.4,0.0,0.5,0.0,0.0001,16.0,25903.0
2026-07-30T18:59:35.512Z,144.995,145.008,0.0,7.4,0.0,0.0,0.0,0.0,0.0,0.0,0.0,0.0,1.0,0.0,0.0,0.0,9.0,4.0,0.0,0.0,0.0,0.0,0.0,0.0,0.0,0.0,1.0,12.0,1.0,12.17,5.01,2.51,1.49,0.0,0.1,0.0,0.4,0.0,0.8,0.6000000000000001,0.5,-169.70000000000002,0.0,0.0,169.70000000000002,0.0,21.3,30.4,30.4,31.1,300.0,300.0,31.0,35.0,30.1,29.4,31.200000000000003,4.96,2.0,4.96,0.16,0.0,0.0,1027.0,8228.0,0.0,0.0,0.0,0.0,0.0,1.0,0.0,0.0,0.0,0.0,0.0,1.1,0.0,-0.3,0.0,0.0002,16.0,25903.0
2026-07-30T18:59:35.523Z,145.006,145.02,0.0,7.4,0.0,0.0,0.0,0.0,0.0,0.0,0.0,0.0,1.0,0.0,0.0,0.0,9.0,4.0,0.0,0.0,0.0,0.0,0.0,0.0,0.0,0.0,2.0,12.0,1.0,12.17,5.01,2.51,1.49,0.0,0.1,0.0,0.4,0.0,0.3,-0.5,0.5,-169.70000000000002,0.0,0.0,169.8,0.0,21.3,30.4,30.4,31.1,300.0,300.0,31.0,35.0,30.1,29.4,31.200000000000003,4.95,2.0,4.96,0.16,0.0,0.0,1027.0,8228.0,0.0,0.0,0.0,0.0,0.0,1.0,0.0,0.0,0.0,0.0,0.0,-0.1,0.0,-0.5,0.0,0.0001,16.0,25903.0
2026-07-30T18:59:35.535Z,145.018,145.032,0.0,7.4,0.0,0.0,0.0,0.0,0.0,0.0,0.0,0.0,1.0,0.0,0.0,0.0,9.0,4.0,0.0,0.0,0.0,0.0,0.0,0.0,0.0,0.0,3.0,12.0,1.0,12.17,5.01,2.51,1.49,0.0,0.0,0.0,0.4,0.0,-0.2,-1.6,-1.2000000000000002,-169.70000000000002,0.0,0.0,169.8,0.0,21.3,30.4,30.4,31.1,300.0,300.0,31.0,35.0,30.1,29.4,31.200000000000003,4.95,1.99,4.97,0.16,0.0,0.0,1027.0,8228.0,0.0,0.0,0.0,0.0,0.0,1.0,0.0,0.0,0.0,0.0,0.0,-2.8000000000000003,0.0,0.7000000000000001,0.0,0.0001,16.0,25903.0
2026-07-30T18:59:35.549Z,145.032,145.044,0.0,7.4,0.0,0.0,0.0,0.0,0.0,0.0,0.0,0.0,1.0,0.0,0.0,0.0,9.0,4.0,0.0,0.0,0.0,0.0,0.0,0.0,0.0,0.0,4.0,12.0,1.0,12.18,5.01,2.51,1.49,0.0,0.0,0.0,0.4,0.0,-0.7000000000000001,0.6000000000000001,0.0,-169.70000000000002,0.0,0.0,169.8,0.0,22.1,30.4,30.4,31.0,300.0,300.0,30.9,34.9,30.1,29.4,31.200000000000003,4.95,2.0,4.96,0.16,0.0,0.0,1027.0,8228.0,0.0,0.0,0.0,0.0,0.0,1.0,0.0,0.0,0.0,0.0,0.0,0.7000000000000001,0.0,0.1,0.0,0.0001,16.0,25903.0
2026-07-30T18:59:35.560Z,145.043,145.056,0.0,7.4,0.0,0.0,0.0,0.0,0.0,0.0,0.0,0.0,1.0,0.0,0.0,0.0,9.0,4.0,0.0,0.0,0.0,0.0,0.0,0.0,0.0,0.0,5.0,12.0,1.0,12.18,5.01,2.51,1.49,0.0,0.1,0.0,0.4,0.0,0.9,0.0,0.0,-169.70000000000002,0.0,0.0,169.8,0.0,22.1,30.4,30.4,31.0,300.0,300.0,30.9,34.9,30.1,29.4,31.200000000000003,4.96,1.99,4.96,0.16,0.0,0.0,1027.0,8228.0,0.0,0.0,0.0,0.0,0.0,1.0,0.0,0.0,0.0,0.0,0.0,0.0,0.0,0.0,0.0,0.0001,16.0,25903.0
2026-07-30T18:59:35.572Z,145.055,145.068,0.0,7.4,0.0,0.0,0.0,0.0,0.0,0.0,0.0,0.0,1.0,0.0,0.0,0.0,9.0,4.0,0.0,0.0,0.0,0.0,0.0,0.0,0.0,0.0,6.0,12.0,1.0,12.18,5.01,2.51,1.49,0.0,0.0,0.0,0.4,0.0,0.3,0.6000000000000001,0.0,-169.70000000000002,0.0,0.0,169.8,0.0,22.1,30.4,30.4,31.0,300.0,300.0,30.9,34.9,30.1,29.4,31.200000000000003,4.95,1.99,4.97,0.16,0.0,0.0,1027.0,8228.0,0.0,0.0,0.0,0.0,0.0,1.0,0.0,0.0,0.0,0.0,0.0,0.7000000000000001,0.0,0.1,0.0,0.0,16.0,25903.0
2026-07-30T18:59:35.584Z,145.067,145.08,0.0,7.4,0.0,0.0,0.0,0.0,0.0,0.0,0.0,0.0,1.0,0.0,0.0,0.0,9.0,4.0,0.0,0.0,0.0,0.0,0.0,0.0,0.0,0.0,1.0,12.0,1.0,12.18,5.01,2.51,1.49,0.0,0.0,0.0,0.4,0.0,-0.2,-1.0,-0.6000000000000001,-169.70000000000002,0.0,0.0,169.8,0.0,22.1,30.4,30.4,31.0,300.0,300.0,30.9,34.9,30.1,29.4,31.200000000000003,4.96,1.99,4.97,0.16,0.0,0.0,1027.0,8228.0,0.0,0.0,0.0,0.0,0.0,1.0,0.0,0.0,0.0,0.0,0.0,-1.6,0.0,0.3,0.0,0.0,16.0,25903.0
2026-07-30T18:59:35.596Z,145.079,145.092,0.0,7.4,0.0,0.0,0.0,0.0,0.0,0.0,0.0,0.0,1.0,0.0,0.0,0.0,9.0,4.0,0.0,0.0,0.0,0.0,0.0,0.0,0.0,0.0,3.0,12.0,1.0,12.18,5.01,2.51,1.49,0.0,0.1,0.0,0.4,0.0,-0.8,-0.5,-2.4000000000000004,-169.70000000000002,0.0,0.0,169.8,0.0,22.1,30.4,30.4,31.0,300.0,300.0,30.9,34.9,30.1,29.4,31.200000000000003,4.96,2.0,4.96,0.16,0.0,0.0,1027.0,8228.0,0.0,0.0,0.0,0.0,0.0,1.0,0.0,0.0,0.0,0.0,0.0,-2.4000000000000004,0.0,2.0,0.0,0.0,16.0,25903.0
2026-07-30T18:59:35.608Z,145.091,145.104,0.0,7.4,0.0,0.0,0.0,0.0,0.0,0.0,0.0,0.0,1.0,0.0,0.0,0.0,9.0,4.0,0.0,0.0,0.0,0.0,0.0,0.0,0.0,0.0,3.0,12.0,1.0,12.18,5.01,2.51,1.49,0.0,0.0,0.0,0.5,0.0,-0.2,0.1,-0.6000000000000001,-169.70000000000002,0.0,0.0,169.8,0.0,22.1,30.4,30.4,31.0,300.0,300.0,30.9,34.9,30.1,29.4,31.200000000000003,4.95,1.99,4.96,0.16,0.0,0.0,1027.0,8228.0,0.0,0.0,0.0,0.0,0.0,1.0,0.0,0.0,0.0,0.0,0.0,-0.2,0.0,0.5,0.0,0.0001,16.0,25903.0
2026-07-30T18:59:35.619Z,145.102,145.116,0.0,7.4,0.0,0.0,0.0,0.0,0.0,0.0,0.0,0.0,1.0,0.0,0.0,0.0,9.0,4.0,0.0,0.0,0.0,0.0,0.0,0.0,0.0,0.0,4.0,12.0,1.0,12.18,5.01,2.51,1.49,0.0,0.0,0.0,0.4,0.0,-0.7000000000000001,-1.0,0.0,-169.70000000000002,0.0,0.0,169.8,0.0,22.1,30.4,30.4,31.0,300.0,300.0,30.9,34.9,30.1,29.4,31.200000000000003,4.95,1.99,4.97,0.16,0.0,0.0,1027.0,8228.0,0.0,0.0,0.0,0.0,0.0,1.0,0.0,0.0,0.0,0.0,0.0,-1.1,0.0,-0.1,0.0,0.0,16.0,25903.0
2026-07-30T18:59:35.632Z,145.115,145.128,0.0,7.4,0.0,0.0,0.0,0.0,0.0,0.0,0.0,0.0,1.0,0.0,0.0,0.0,9.0,4.0,0.0,0.0,0.0,0.0,0.0,0.0,0.0,0.0,5.0,12.0,1.0,12.18,5.01,2.51,1.49,0.0,0.0,0.0,0.4,0.0,-0.1,-0.9,0.0,-169.70000000000002,0.0,0.0,169.8,0.0,22.1,30.4,30.4,31.0,300.0,300.0,30.9,34.9,30.1,29.4,31.200000000000003,4.95,1.99,4.96,0.16,0.0,0.0,1027.0,8228.0,0.0,0.0,0.0,0.0,0.0,1.0,0.0,0.0,0.0,0.0,0.0,-1.1,0.0,-0.2,0.0,0.0001,16.0,25903.0
2026-07-30T18:59:35.644Z,145.127,145.14,0.0,7.4,0.0,0.0,0.0,0.0,0.0,0.0,0.0,0.0,1.0,0.0,0.0,0.0,9.0,4.0,0.0,0.0,0.0,0.0,0.0,0.0,0.0,0.0,6.0,12.0,1.0,12.18,5.01,2.51,1.49,0.0,0.0,0.0,0.4,0.0,-0.1,-0.4,-0.5,-169.70000000000002,0.0,0.0,169.8,0.0,22.1,30.4,30.4,31.0,300.0,300.0,30.9,34.9,30.1,29.4,31.200000000000003,4.95,1.99,4.97,0.16,0.0,0.0,1027.0,8228.0,0.0,0.0,0.0,0.0,0.0,1.0,0.0,0.0,0.0,0.0,0.0,-0.8,0.0,0.4,0.0,0.0,16.0,25903.0
2026-07-30T18:59:35.656Z,145.139,145.15200000000002,0.0,7.4,0.0,0.0,0.0,0.0,0.0,0.0,0.0,0.0,1.0,0.0,0.0,0.0,9.0,4.0,0.0,0.0,0.0,0.0,0.0,0.0,0.0,0.0,1.0,12.0,1.0,12.11,5.0200000000000005,2.5,1.5,0.0,0.0,0.0,0.4,0.0,-0.1,0.1,1.1,-169.70000000000002,0.0,0.0,169.8,0.0,21.4,30.4,30.4,31.0,300.0,300.0,31.0,34.9,30.1,29.4,31.200000000000003,4.95,1.99,4.97,0.16,0.0,0.0,1027.0,8228.0,0.0,0.0,0.0,0.0,0.0,1.0,0.0,0.0,0.0,0.0,0.0,1.0,0.0,-0.9,0.0,0.0,16.0,25903.0
2026-07-30T18:59:35.668Z,145.151,145.16400000000002,0.0,7.4,0.0,0.0,0.0,0.0,0.0,0.0,0.0,0.0,1.0,0.0,0.0,0.0,9.0,4.0,0.0,0.0,0.0,0.0,0.0,0.0,0.0,0.0,2.0,12.0,1.0,12.11,5.0200000000000005,2.5,1.5,0.0,0.0,0.0,0.4,0.0,0.4,0.1,0.0,-169.70000000000002,0.0,0.0,169.8,0.0,21.4,30.4,30.4,31.0,300.0,300.0,31.0,34.9,30.1,29.4,31.200000000000003,4.96,1.99,4.97,0.16,0.0,0.0,1027.0,8228.0,0.0,0.0,0.0,0.0,0.0,1.0,0.0,0.0,0.0,0.0,0.0,0.1,0.0,0.1,0.0,0.0,16.0,25903.0
2026-07-30T18:59:35.679Z,145.162,145.17600000000002,0.0,7.4,0.0,0.0,0.0,0.0,0.0,0.0,0.0,0.0,1.0,0.0,0.0,0.0,9.0,4.0,0.0,0.0,0.0,0.0,0.0,0.0,0.0,0.0,3.0,12.0,1.0,12.11,5.0200000000000005,2.5,1.5,0.0,0.0,0.0,0.4,0.0,-0.1,-0.9,0.0,-169.70000000000002,0.0,0.0,169.8,0.0,21.4,30.4,30.4,31.0,300.0,300.0,31.0,34.9,30.1,29.4,31.200000000000003,4.95,1.99,4.96,0.16,0.0,0.0,1027.0,8228.0,0.0,0.0,0.0,0.0,0.0,1.0,0.0,0.0,0.0,0.0,0.0,-1.1,0.0,-0.1,0.0,0.0,16.0,25903.0
2026-07-30T18:59:35.692Z,145.175,145.18800000000002,0.0,7.4,0.0,0.0,0.0,0.0,0.0,0.0,0.0,0.0,1.0,0.0,0.0,0.0,9.0,4.0,0.0,0.0,0.0,0.0,0.0,0.0,0.0,0.0,4.0,12.0,1.0,12.11,5.0200000000000005,2.5,1.5,0.0,0.0,0.0,0.4,0.0,-0.1,0.7000000000000001,0.5,-169.70000000000002,0.0,0.0,169.70000000000002,0.0,21.4,30.4,30.4,31.0,300.0,300.0,31.0,34.9,30.1,29.4,31.200000000000003,4.95,1.99,4.97,0.16,0.0,0.0,1027.0,8228.0,0.0,0.0,0.0,0.0,0.0,1.0,0.0,0.0,0.0,0.0,0.0,1.2000000000000002,0.0,-0.3,0.0,0.0001,16.0,25903.0
2026-07-30T18:59:35.704Z,145.187,145.20000000000002,0.0,7.4,0.0,0.0,0.0,0.0,0.0,0.0,0.0,0.0,1.0,0.0,0.0,0.0,9.0,4.0,0.0,0.0,0.0,0.0,0.0,0.0,0.0,0.0,5.0,12.0,1.0,12.11,5.0200000000000005,2.5,1.5,0.0,0.0,0.0,0.5,0.0,-0.7000000000000001,1.2000000000000002,-0.6000000000000001,-169.70000000000002,0.0,0.0,169.70000000000002,0.0,21.4,30.4,30.4,31.0,300.0,300.0,31.0,34.9,30.1,29.4,31.200000000000003,4.95,1.99,4.97,0.16,0.0,0.0,1027.0,8228.0,0.0,0.0,0.0,0.0,0.0,1.0,0.0,0.0,0.0,0.0,0.0,0.9,0.0,0.8,0.0,0.0001,16.0,25903.0
2026-07-30T18:59:35.716Z,145.199,145.212,0.0,7.4,0.0,0.0,0.0,0.0,0.0,0.0,0.0,0.0,1.0,0.0,0.0,0.0,9.0,4.0,0.0,0.0,0.0,0.0,0.0,0.0,0.0,0.0,6.0,12.0,1.0,12.11,5.0200000000000005,2.5,1.5,0.0,0.0,0.0,0.4,0.0,0.3,-1.1,-1.7000000000000002,-169.70000000000002,0.0,0.0,169.70000000000002,0.0,21.4,30.4,30.4,31.0,300.0,300.0,31.0,34.9,30.1,29.4,31.200000000000003,4.95,1.99,4.96,0.16,0.0,0.0,1027.0,8228.0,0.0,0.0,0.0,0.0,0.0,1.0,0.0,0.0,0.0,0.0,0.0,-2.5,0.0,1.3,0.0,0.0,16.0,25903.0
2026-07-30T18:59:35.737Z,145.22,145.224,0.0,7.4,0.0,0.0,0.0,0.0,0.0,0.0,0.0,0.0,1.0,0.0,0.0,0.0,9.0,4.0,0.0,0.0,0.0,0.0,0.0,0.0,0.0,0.0,2.0,12.0,1.0,12.11,5.0200000000000005,2.5,1.5,0.0,0.0,0.0,0.4,0.0,0.9,-0.5,-0.6000000000000001,-169.70000000000002,0.0,0.0,169.8,0.0,21.4,30.4,30.4,31.0,300.0,300.0,31.0,34.9,30.1,29.4,31.200000000000003,4.95,1.99,4.97,0.16,0.0,0.0,1027.0,8228.0,0.0,0.0,0.0,0.0,0.0,1.0,0.0,0.0,0.0,0.0,0.0,-1.1,0.0,0.5,0.0,0.0001,16.0,25903.0
2026-07-30T18:59:35.742Z,145.225,145.236,0.0,7.4,0.0,0.0,0.0,0.0,0.0,0.0,0.0,0.0,1.0,0.0,0.0,0.0,9.0,4.0,0.0,0.0,0.0,0.0,0.0,0.0,0.0,0.0,6.0,12.0,1.0,12.11,5.0200000000000005,2.5,1.5,0.0,0.1,0.0,0.4,0.0,0.9,-0.5,-1.2000000000000002,-169.70000000000002,0.0,0.0,169.70000000000002,0.0,21.4,30.4,30.4,31.0,300.0,300.0,31.0,34.9,30.1,29.4,31.200000000000003,4.95,1.99,4.96,0.16,0.0,0.0,1027.0,8228.0,0.0,0.0,0.0,0.0,0.0,1.0,0.0,0.0,0.0,0.0,0.0,-1.5,0.0,1.0,0.0,0.0002,16.0,25903.0
2026-07-30T18:59:35.753Z,145.236,145.248,0.0,7.4,0.0,0.0,0.0,0.0,0.0,0.0,0.0,0.0,1.0,0.0,0.0,0.0,9.0,4.0,0.0,0.0,0.0,0.0,0.0,0.0,0.0,0.0,4.0,12.0,1.0,12.17,5.0200000000000005,2.51,1.49,0.0,0.0,0.0,0.4,0.0,-0.1,0.0,-0.1,-169.70000000000002,0.0,0.0,169.8,0.0,21.3,30.4,30.4,31.0,300.0,300.0,30.9,34.9,30.0,29.4,31.200000000000003,4.96,1.99,4.96,0.16,0.0,0.0,1027.0,8228.0,0.0,0.0,0.0,0.0,0.0,1.0,0.0,0.0,0.0,0.0,0.0,0.0,0.0,0.1,0.0,0.0002,16.0,25903.0
2026-07-30T18:59:35.764Z,145.247,145.26,0.0,7.4,0.0,0.0,0.0,0.0,0.0,0.0,0.0,0.0,1.0,0.0,0.0,0.0,9.0,4.0,0.0,0.0,0.0,0.0,0.0,0.0,0.0,0.0,6.0,12.0,1.0,12.17,5.0200000000000005,2.51,1.49,0.0,0.0,0.0,0.4,0.0,0.4,0.0,1.0,-169.70000000000002,0.0,0.0,169.70000000000002,0.0,21.3,30.4,30.4,31.0,300.0,300.0,30.9,34.9,30.0,29.4,31.200000000000003,4.95,1.99,4.96,0.16,0.0,0.0,1027.0,8228.0,0.0,0.0,0.0,0.0,0.0,1.0,0.0,0.0,0.0,0.0,0.0,0.8,0.0,-0.9,0.0,0.0002,16.0,25903.0
2026-07-30T18:59:35.776Z,145.259,145.272,0.0,7.4,0.0,0.0,0.0,0.0,0.0,0.0,0.0,0.0,1.0,0.0,0.0,0.0,9.0,4.0,0.0,0.0,0.0,0.0,0.0,0.0,0.0,0.0,1.0,12.0,1.0,12.17,5.0200000000000005,2.51,1.49,0.0,0.1,0.0,0.4,0.0,-0.8,-1.1,-0.7000000000000001,-169.70000000000002,0.0,0.0,169.60000000000002,0.0,21.3,30.4,30.4,31.0,300.0,300.0,30.9,34.9,30.0,29.4,31.200000000000003,4.96,1.99,4.96,0.16,0.0,0.0,1027.0,8228.0,0.0,0.0,0.0,0.0,0.0,1.0,0.0,0.0,0.0,0.0,0.0,0.3,0.0,-0.3,0.0,0.0001,16.0,25903.0
2026-07-30T18:59:35.788Z,145.271,145.284,0.0,7.4,0.0,0.0,0.0,0.0,0.0,0.0,0.0,0.0,1.0,0.0,0.0,0.0,9.0,4.0,0.0,0.0,0.0,0.0,0.0,0.0,0.0,0.0,1.0,12.0,1.0,12.17,5.0200000000000005,2.51,1.49,0.0,0.0,0.0,0.4,0.0,-0.2,0.0,-1.3,-169.70000000000002,0.0,0.0,169.70000000000002,0.0,21.3,30.4,30.4,31.0,300.0,300.0,30.9,34.9,30.0,29.4,31.200000000000003,4.96,1.99,4.96,0.16,0.0,0.0,1027.0,8228.0,0.0,0.0,0.0,0.0,0.0,1.0,0.0,0.0,0.0,0.0,0.0,1.6,0.0,-0.1,0.0,0.0001,16.0,25903.0
2026-07-30T18:59:35.800Z,145.283,145.296,0.0,7.4,0.0,0.0,0.0,0.0,0.0,0.0,0.0,0.0,1.0,0.0,0.0,0.0,9.0,4.0,0.0,0.0,0.0,0.0,0.0,0.0,0.0,0.0,2.0,12.0,1.0,12.17,5.0200000000000005,2.51,1.49,0.0,0.0,0.0,0.4,0.0,1.4,1.7000000000000002,0.4,-169.70000000000002,0.0,0.0,169.70000000000002,0.0,21.3,30.4,30.4,31.0,300.0,300.0,30.9,34.9,30.0,29.4,31.200000000000003,4.95,1.99,4.96,0.16,0.0,0.0,1027.0,8228.0,0.0,0.0,0.0,0.0,0.0,1.0,0.0,0.0,0.0,0.0,0.0,0.3,0.0,-0.3,0.0,0.0,16.0,25903.0
2026-07-30T18:59:35.812Z,145.295,145.308,0.0,7.4,0.0,0.0,0.0,0.0,0.0,0.0,0.0,0.0,1.0,0.0,0.0,0.0,9.0,4.0,0.0,0.0,0.0,0.0,0.0,0.0,0.0,0.0,3.0,12.0,1.0,12.17,5.0200000000000005,2.51,1.49,0.0,0.1,0.0,0.4,0.0,-0.3,-1.2000000000000002,-0.8,-169.70000000000002,0.0,0.0,169.8,0.0,21.3,30.4,30.4,31.0,300.0,300.0,30.9,34.9,30.0,29.4,31.200000000000003,4.95,1.99,4.96,0.16,0.0,0.0,1027.0,8228.0,0.0,0.0,0.0,0.0,0.0,1.0,0.0,0.0,0.0,0.0,0.0,-1.9,0.0,0.4,0.0,0.0,16.0,25903.0
2026-07-30T18:59:35.824Z,145.307,145.32,0.0,7.4,0.0,0.0,0.0,0.0,0.0,0.0,0.0,0.0,1.0,0.0,0.0,0.0,9.0,4.0,0.0,0.0,0.0,0.0,0.0,0.0,0.0,0.0,5.0,12.0,1.0,12.17,5.0200000000000005,2.51,1.49,0.0,0.0,0.0,0.4,0.0,0.2,-0.5,0.3,-169.70000000000002,0.0,0.0,169.60000000000002,0.0,21.3,30.4,30.4,31.0,300.0,300.0,30.9,34.9,30.0,29.4,31.200000000000003,4.95,1.99,4.97,0.16,0.0,0.0,1027.0,8228.0,0.0,0.0,0.0,0.0,0.0,1.0,0.0,0.0,0.0,0.0,0.0,-0.3,0.0,-0.4,0.0,0.0001,16.0,25903.0
2026-07-30T18:59:35.836Z,145.319,145.332,0.0,7.4,0.0,0.0,0.0,0.0,0.0,0.0,0.0,0.0,1.0,0.0,0.0,0.0,9.0,4.0,0.0,0.0,0.0,0.0,0.0,0.0,0.0,0.0,6.0,12.0,1.0,12.17,5.0200000000000005,2.51,1.49,0.0,0.0,0.0,0.4,0.0,0.8,1.1,-0.2,-169.70000000000002,0.0,0.0,169.8,0.0,21.3,30.4,30.4,31.0,300.0,300.0,30.9,34.9,30.0,29.4,31.200000000000003,4.95,1.99,4.96,0.16,0.0,0.0,1027.0,8228.0,0.0,0.0,0.0,0.0,0.0,1.0,0.0,0.0,0.0,0.0,0.0,1.1,0.0,0.4,0.0,0.0001,16.0,25903.0
2026-07-30T18:59:35.848Z,145.331,145.344,0.0,7.4,0.0,0.0,0.0,0.0,0.0,0.0,0.0,0.0,1.0,0.0,0.0,0.0,9.0,4.0,0.0,0.0,0.0,0.0,0.0,0.0,0.0,0.0,6.0,12.0,1.0,12.17,5.0200000000000005,2.51,1.49,0.0,0.1,0.0,0.4,0.0,0.2,1.2000000000000002,0.9,-169.70000000000002,0.0,0.0,169.70000000000002,0.0,21.3,30.4,30.4,31.0,300.0,300.0,30.9,34.9,30.0,29.4,31.200000000000003,4.96,1.99,4.96,0.16,0.0,0.0,1027.0,8228.0,0.0,0.0,0.0,0.0,0.0,1.0,0.0,0.0,0.0,0.0,0.0,2.1,0.0,-0.6000000000000001,0.0,0.0001,16.0,25903.0
2026-07-30T18:59:35.860Z,145.343,145.356,0.0,7.4,0.0,0.0,0.0,0.0,0.0,0.0,0.0,0.0,1.0,0.0,0.0,0.0,9.0,4.0,0.0,0.0,0.0,0.0,0.0,0.0,0.0,0.0,1.0,12.0,1.0,12.17,5.0200000000000005,2.51,1.49,0.0,0.0,0.0,0.4,0.0,-0.2,0.6000000000000001,-0.1,-169.70000000000002,0.0,0.0,169.70000000000002,0.0,21.200000000000003,30.4,30.4,31.0,300.0,300.0,30.9,34.9,30.0,29.4,31.200000000000003,4.96,1.99,4.97,0.16,0.0,0.0,1027.0,8228.0,0.0,0.0,0.0,0.0,0.0,1.0,0.0,0.0,0.0,0.0,0.0,0.6000000000000001,0.0,0.2,0.0,0.0,16.0,25903.0
2026-07-30T18:59:35.872Z,145.355,145.368,0.0,7.4,0.0,0.0,0.0,0.0,0.0,0.0,0.0,0.0,1.0,0.0,0.0,0.0,9.0,4.0,0.0,0.0,0.0,0.0,0.0,0.0,0.0,0.0,2.0,12.0,1.0,12.17,5.0200000000000005,2.51,1.49,0.0,0.0,0.0,0.4,0.0,-0.2,0.0,-0.1,-169.70000000000002,0.0,0.0,169.8,0.0,21.200000000000003,30.4,30.4,31.0,300.0,300.0,30.9,34.9,30.0,29.4,31.200000000000003,4.96,1.99,4.96,0.16,0.0,0.0,1027.0,8228.0,0.0,0.0,0.0,0.0,0.0,1.0,0.0,0.0,0.0,0.0,0.0,0.0,0.0,0.1,0.0,0.0001,16.0,25903.0
2026-07-30T18:59:35.884Z,145.367,145.38,0.0,7.4,0.0,0.0,0.0,0.0,0.0,0.0,0.0,0.0,1.0,0.0,0.0,0.0,9.0,4.0,0.0,0.0,0.0,0.0,0.0,0.0,0.0,0.0,3.0,12.0,1.0,12.17,5.0200000000000005,2.51,1.49,0.0,0.0,0.0,0.4,0.0,0.2,1.1,0.4,-169.70000000000002,0.0,0.0,169.8,0.0,21.200000000000003,30.4,30.4,31.0,300.0,300.0,30.9,34.9,30.0,29.4,31.200000000000003,4.96,1.99,4.97,0.16,0.0,0.0,1027.0,8228.0,0.0,0.0,0.0,0.0,0.0,1.0,0.0,0.0,0.0,0.0,0.0,1.6,0.0,-0.1,0.0,0.0,16.0,25903.0
2026-07-30T18:59:35.896Z,145.379,145.392,0.0,7.4,0.0,0.0,0.0,0.0,0.0,0.0,0.0,0.0,1.0,0.0,0.0,0.0,9.0,4.0,0.0,0.0,0.0,0.0,0.0,0.0,0.0,0.0,5.0,12.0,1.0,12.17,5.0200000000000005,2.51,1.49,0.0,0.0,0.0,0.4,0.0,-0.9,-0.5,-0.1,-169.70000000000002,0.0,0.0,169.8,0.0,21.200000000000003,30.4,30.4,31.0,300.0,300.0,30.9,34.9,30.0,29.4,31.200000000000003,4.95,1.99,4.97,0.16,0.0,0.0,1027.0,8228.0,0.0,0.0,0.0,0.0,0.0,1.0,0.0,0.0,0.0,0.0,0.0,-0.7000000000000001,0.0,0.0,0.0,0.0001,16.0,25903.0
2026-07-30T18:59:35.908Z,145.391,145.404,0.0,7.4,0.0,0.0,0.0,0.0,0.0,0.0,0.0,0.0,1.0,0.0,0.0,0.0,9.0,4.0,0.0,0.0,0.0,0.0,0.0,0.0,0.0,0.0,6.0,12.0,1.0,12.17,5.0200000000000005,2.51,1.49,0.0,0.0,0.0,0.4,0.0,0.2,1.2000000000000002,2.2,-169.70000000000002,0.0,0.0,169.70000000000002,0.0,21.200000000000003,30.4,30.4,31.0,300.0,300.0,30.9,34.9,30.0,29.4,31.200000000000003,4.96,1.99,4.96,0.16,0.0,0.0,1027.0,8228.0,0.0,0.0,0.0,0.0,0.0,1.0,0.0,0.0,0.0,0.0,0.0,3.0,0.0,-1.6,0.0,0.0001,16.0,25903.0
2026-07-30T18:59:35.920Z,145.403,145.416,0.0,7.4,0.0,0.0,0.0,0.0,0.0,0.0,0.0,0.0,1.0,0.0,0.0,0.0,9.0,4.0,0.0,0.0,0.0,0.0,0.0,0.0,0.0,0.0,6.0,12.0,1.0,12.17,5.0200000000000005,2.51,1.49,0.0,0.0,0.0,0.4,0.0,-0.3,-1.1,-0.7000000000000001,-169.70000000000002,0.0,0.0,169.70000000000002,0.0,21.200000000000003,30.4,30.4,31.0,300.0,300.0,30.9,34.9,30.0,29.4,31.200000000000003,4.95,2.0,4.97,0.16,0.0,0.0,1027.0,8228.0,0.0,0.0,0.0,0.0,0.0,1.0,0.0,0.0,0.0,0.0,0.0,-1.7000000000000002,0.0,0.4,0.0,0.0,16.0,25903.0
2026-07-30T18:59:35.932Z,145.415,145.428,0.0,7.4,0.0,0.0,0.0,0.0,0.0,0.0,0.0,0.0,1.0,0.0,0.0,0.0,9.0,4.0,0.0,0.0,0.0,0.0,0.0,0.0,0.0,0.0,2.0,12.0,1.0,12.17,5.0200000000000005,2.51,1.49,0.0,0.0,0.0,0.4,0.0,0.2,-0.5,-1.3,-169.70000000000002,0.0,0.0,169.70000000000002,0.0,21.200000000000003,30.4,30.4,31.0,300.0,300.0,30.9,34.9,30.0,29.4,31.200000000000003,4.95,1.99,4.97,0.16,0.0,0.0,1027.0,8228.0,0.0,0.0,0.0,0.0,0.0,1.0,0.0,0.0,0.0,0.0,0.0,-1.6,0.0,1.0,0.0,0.0001,16.0,25903.0
2026-07-30T18:59:35.944Z,145.427,145.44,0.0,7.4,0.0,0.0,0.0,0.0,0.0,0.0,0.0,0.0,1.0,0.0,0.0,0.0,9.0,4.0,0.0,0.0,0.0,0.0,0.0,0.0,0.0,0.0,3.0,12.0,1.0,12.17,5.0200000000000005,2.51,1.49,0.0,0.0,0.0,0.4,0.0,0.2,1.2000000000000002,1.6,-169.70000000000002,0.0,0.0,169.8,0.0,21.200000000000003,30.4,30.4,31.0,300.0,300.0,30.9,34.9,30.0,29.4,31.200000000000003,4.95,1.99,4.97,0.16,0.0,0.0,1027.0,8228.0,0.0,0.0,0.0,0.0,0.0,1.0,0.0,0.0,0.0,0.0,0.0,2.6,0.0,-1.1,0.0,0.0001,16.0,25903.0
2026-07-30T18:59:35.957Z,145.44,145.452,0.0,7.4,0.0,0.0,0.0,0.0,0.0,0.0,0.0,0.0,1.0,0.0,0.0,0.0,9.0,4.0,0.0,0.0,0.0,0.0,0.0,0.0,0.0,0.0,3.0,12.0,1.0,12.18,5.01,2.5,1.49,0.0,0.0,0.0,0.5,0.0,-0.3,-0.5,-0.1,-169.70000000000002,0.0,0.0,169.70000000000002,0.0,21.4,30.4,30.4,31.0,300.0,300.0,30.9,34.9,30.0,29.4,31.200000000000003,4.96,1.99,4.96,0.16,0.0,0.0,1027.0,8228.0,0.0,0.0,0.0,0.0,0.0,1.0,0.0,0.0,0.0,0.0,0.0,-0.7000000000000001,0.0,0.0,0.0,0.0,16.0,25903.0
2026-07-30T18:59:35.968Z,145.451,145.464,0.0,7.4,0.0,0.0,0.0,0.0,0.0,0.0,0.0,0.0,1.0,0.0,0.0,0.0,9.0,4.0,0.0,0.0,0.0,0.0,0.0,0.0,0.0,0.0,5.0,12.0,1.0,12.18,5.01,2.5,1.49,0.0,0.0,0.0,0.4,0.0,-0.3,-1.6,0.4,-169.70000000000002,0.0,0.0,169.8,0.0,21.4,30.4,30.4,31.0,300.0,300.0,30.9,34.9,30.0,29.4,31.200000000000003,4.95,1.99,4.97,0.16,0.0,0.0,1027.0,8228.0,0.0,0.0,0.0,0.0,0.0,1.0,0.0,0.0,0.0,0.0,0.0,-1.5,0.0,-0.7000000000000001,0.0,0.0,16.0,25903.0
2026-07-30T18:59:35.980Z,145.463,145.476,0.0,7.4,0.0,0.0,0.0,0.0,0.0,0.0,0.0,0.0,1.0,0.0,0.0,0.0,9.0,4.0,0.0,0.0,0.0,0.0,0.0,0.0,0.0,0.0,6.0,12.0,1.0,12.18,5.01,2.5,1.49,0.0,0.0,0.0,0.4,0.0,0.8,1.2000000000000002,1.5,-169.70000000000002,0.0,0.0,169.70000000000002,0.0,21.4,30.4,30.4,31.0,300.0,300.0,30.9,34.9,30.0,29.4,31.200000000000003,4.95,1.99,4.97,0.16,0.0,0.0,1027.0,8228.0,0.0,0.0,0.0,0.0,0.0,1.0,0.0,0.0,0.0,0.0,0.0,2.5,0.0,-1.1,0.0,0.0001,16.0,25903.0
2026-07-30T18:59:35.992Z,145.475,145.488,0.0,7.4,0.0,0.0,0.0,0.0,0.0,0.0,0.0,0.0,1.0,0.0,0.0,0.0,9.0,4.0,0.0,0.0,0.0,0.0,0.0,0.0,0.0,0.0,1.0,12.0,1.0,12.18,5.01,2.5,1.49,0.0,0.0,0.0,0.5,0.0,-0.3,-0.5,0.3,-169.70000000000002,0.0,0.0,169.8,0.0,21.4,30.4,30.4,31.0,300.0,300.0,30.9,34.9,30.0,29.4,31.200000000000003,4.95,2.0,4.97,0.16,0.0,0.0,1027.0,8228.0,0.0,0.0,0.0,0.0,0.0,1.0,0.0,0.0,0.0,0.0,0.0,-0.3,0.0,-0.4,0.0,0.0002,16.0,25903.0
2026-07-30T18:59:36.004Z,145.487,145.5,0.0,7.4,0.0,0.0,0.0,0.0,0.0,0.0,0.0,0.0,1.0,0.0,0.0,0.0,9.0,4.0,0.0,0.0,0.0,0.0,0.0,0.0,0.0,0.0,2.0,12.0,1.0,12.18,5.01,2.5,1.49,0.0,0.0,0.0,0.5,0.0,-0.9,0.0,0.4,-169.70000000000002,0.0,0.0,169.8,0.0,21.4,30.4,30.4,31.0,300.0,300.0,30.9,34.9,30.0,29.4,31.200000000000003,4.96,2.0,4.97,0.16,0.0,0.0,1027.0,8228.0,0.0,0.0,0.0,0.0,0.0,1.0,0.0,0.0,0.0,0.0,0.0,0.3,0.0,-0.3,0.0,0.0002,16.0,25903.0
2026-07-30T18:59:36.015Z,145.498,145.512,0.0,7.4,0.0,0.0,0.0,0.0,0.0,0.0,0.0,0.0,1.0,0.0,0.0,0.0,9.0,4.0,0.0,0.0,0.0,0.0,0.0,0.0,0.0,0.0,3.0,12.0,1.0,12.18,5.01,2.5,1.49,0.0,0.0,0.0,0.4,0.0,-0.3,-0.4,-0.1,-169.70000000000002,0.0,0.0,169.8,0.0,21.4,30.4,30.4,31.0,300.0,300.0,30.9,34.9,30.0,29.4,31.200000000000003,4.95,1.99,4.97,0.16,0.0,0.0,1027.0,8228.0,0.0,0.0,0.0,0.0,0.0,1.0,0.0,0.0,0.0,0.0,0.0,-0.6000000000000001,0.0,0.0,0.0,0.0,16.0,25903.0
2026-07-30T18:59:36.028Z,145.511,145.524,0.0,7.4,0.0,0.0,0.0,0.0,0.0,0.0,0.0,0.0,1.0,0.0,0.0,0.0,9.0,4.0,0.0,0.0,0.0,0.0,0.0,0.0,0.0,0.0,4.0,12.0,1.0,12.18,5.01,2.5,1.49,0.0,0.0,0.0,0.4,0.0,-0.3,-0.4,-0.7000000000000001,-169.70000000000002,0.0,0.0,169.70000000000002,0.0,21.4,30.4,30.4,31.0,300.0,300.0,30.9,34.9,30.0,29.4,31.200000000000003,4.95,1.99,4.96,0.16,0.0,0.0,1027.0,8228.0,0.0,0.0,0.0,0.0,0.0,1.0,0.0,0.0,0.0,0.0,0.0,-1.1,0.0,0.5,0.0,0.0001,16.0,25903.0
2026-07-30T18:59:36.040Z,145.523,145.536,0.0,7.4,0.0,0.0,0.0,0.0,0.0,0.0,0.0,0.0,1.0,0.0,0.0,0.0,9.0,4.0,0.0,0.0,0.0,0.0,0.0,0.0,0.0,0.0,5.0,12.0,1.0,12.18,5.01,2.5,1.49,0.0,0.0,0.0,0.4,0.0,-0.3,0.6000000000000001,-0.1,-169.70000000000002,0.0,0.0,169.70000000000002,0.0,21.4,30.4,30.4,31.0,300.0,300.0,30.9,34.9,30.0,29.4,31.200000000000003,4.96,1.99,4.96,0.16,0.0,0.0,1027.0,8228.0,0.0,0.0,0.0,0.0,0.0,1.0,0.0,0.0,0.0,0.0,0.0,0.5,0.0,0.3,0.0,0.0001,16.0,25903.0
2026-07-30T18:59:36.057Z,145.54,145.548,0.0,7.4,0.0,0.0,0.0,0.0,0.0,0.0,0.0,0.0,1.0,0.0,0.0,0.0,9.0,4.0,0.0,0.0,0.0,0.0,0.0,0.0,0.0,0.0,5.0,12.0,1.0,12.18,5.01,2.5,1.49,0.0,0.0,0.0,0.5,0.0,0.2,-0.4,-0.1,-169.70000000000002,0.0,0.0,169.8,0.0,21.4,30.4,30.4,31.0,300.0,300.0,30.9,34.9,30.0,29.4,31.200000000000003,4.95,1.99,4.97,0.16,0.0,0.0,1027.0,8228.0,0.0,0.0,0.0,0.0,0.0,1.0,0.0,0.0,0.0,0.0,0.0,-0.6000000000000001,0.0,0.0,0.0,0.0,16.0,25903.0
2026-07-30T18:59:36.063Z,145.546,145.56,0.0,7.4,0.0,0.0,0.0,0.0,0.0,0.0,0.0,0.0,1.0,0.0,0.0,0.0,9.0,4.0,0.0,0.0,0.0,0.0,0.0,0.0,0.0,0.0,3.0,12.0,1.0,12.18,5.0200000000000005,2.5,1.49,0.0,0.1,0.0,0.4,0.0,0.2,-1.0,0.4,-169.70000000000002,0.0,0.0,169.8,0.0,20.8,30.4,30.4,31.0,300.0,300.0,31.0,34.9,30.0,29.4,31.200000000000003,4.96,1.99,4.97,0.16,0.0,0.0,1027.0,8228.0,0.0,0.0,0.0,0.0,0.0,1.0,0.0,0.0,0.0,0.0,0.0,-0.8,0.0,-0.6000000000000001,0.0,0.0,16.0,25903.0
2026-07-30T18:59:36.076Z,145.559,145.572,0.0,7.4,0.0,0.0,0.0,0.0,0.0,0.0,0.0,0.0,1.0,0.0,0.0,0.0,9.0,4.0,0.0,0.0,0.0,0.0,0.0,0.0,0.0,0.0,5.0,12.0,1.0,12.18,5.0200000000000005,2.5,1.49,0.0,0.0,0.0,0.4,0.0,-0.2,1.2000000000000002,-0.1,-169.70000000000002,0.0,0.0,169.8,0.0,20.8,30.4,30.4,31.0,300.0,300.0,31.0,34.9,30.0,29.4,31.200000000000003,4.96,2.0,4.96,0.16,0.0,0.0,1027.0,8228.0,0.0,0.0,0.0,0.0,0.0,1.0,0.0,0.0,0.0,0.0,0.0,1.3,0.0,0.3,0.0,0.0001,16.0,25903.0
2026-07-30T18:59:36.088Z,145.571,145.584,0.0,7.4,0.0,0.0,0.0,0.0,0.0,0.0,0.0,0.0,1.0,0.0,0.0,0.0,9.0,4.0,0.0,0.0,0.0,0.0,0.0,0.0,0.0,0.0,6.0,12.0,1.0,12.18,5.0200000000000005,2.5,1.49,0.0,0.1,0.0,0.4,0.0,0.8,-0.5,-1.3,-169.70000000000002,0.0,0.0,169.8,0.0,20.8,30.4,30.4,31.0,300.0,300.0,31.0,34.9,30.0,29.4,31.200000000000003,4.95,1.99,4.96,0.16,0.0,0.0,1027.0,8228.0,0.0,0.0,0.0,0.0,0.0,1.0,0.0,0.0,0.0,0.0,0.0,-1.6,0.0,1.0,0.0,0.0,16.0,25903.0
2026-07-30T18:59:36.100Z,145.583,145.596,0.0,7.4,0.0,0.0,0.0,0.0,0.0,0.0,0.0,0.0,1.0,0.0,0.0,0.0,9.0,4.0,0.0,0.0,0.0,0.0,0.0,0.0,0.0,0.0,1.0,12.0,1.0,12.18,5.0200000000000005,2.5,1.49,0.0,0.0,0.0,0.4,0.0,-0.3,1.2000000000000002,0.4,-169.70000000000002,0.0,0.0,169.8,0.0,20.8,30.4,30.4,31.0,300.0,300.0,31.0,34.9,30.0,29.4,31.200000000000003,4.96,1.99,4.97,0.16,0.0,0.0,1027.0,8228.0,0.0,0.0,0.0,0.0,0.0,1.0,0.0,0.0,0.0,0.0,0.0,1.7000000000000002,0.0,-0.1,0.0,0.0,16.0,25903.0
2026-07-30T18:59:36.112Z,145.595,145.608,0.0,7.4,0.0,0.0,0.0,0.0,0.0,0.0,0.0,0.0,1.0,0.0,0.0,0.0,9.0,4.0,0.0,0.0,0.0,0.0,0.0,0.0,0.0,0.0,2.0,12.0,1.0,12.18,5.0200000000000005,2.5,1.49,0.0,0.0,0.0,0.4,0.0,-0.3,-1.0,-1.8,-169.70000000000002,0.0,0.0,169.70000000000002,0.0,20.8,30.4,30.4,31.0,300.0,300.0,31.0,34.9,30.0,29.4,31.200000000000003,4.96,1.99,4.96,0.16,0.0,0.0,1027.0,8228.0,0.0,0.0,0.0,0.0,0.0,1.0,0.0,0.0,0.0,0.0,0.0,-2.5,0.0,1.4,0.0,0.0,16.0,25903.0
2026-07-30T18:59:36.124Z,145.607,145.62,0.0,7.4,0.0,0.0,0.0,0.0,0.0,0.0,0.0,0.0,1.0,0.0,0.0,0.0,9.0,4.0,0.0,0.0,0.0,0.0,0.0,0.0,0.0,0.0,4.0,12.0,1.0,12.18,5.0200000000000005,2.5,1.49,0.0,0.0,0.0,0.4,0.0,-0.2,0.6000000000000001,0.4,-169.70000000000002,0.0,0.0,169.70000000000002,0.0,20.8,30.4,30.4,31.0,300.0,300.0,31.0,34.9,30.0,29.4,31.200000000000003,4.96,1.99,4.96,0.16,0.0,0.0,1027.0,8228.0,0.0,0.0,0.0,0.0,0.0,1.0,0.0,0.0,0.0,0.0,0.0,1.1,0.0,-0.2,0.0,0.0001,16.0,25903.0
2026-07-30T18:59:36.136Z,145.619,145.632,0.0,7.4,0.0,0.0,0.0,0.0,0.0,0.0,0.0,0.0,1.0,0.0,0.0,0.0,9.0,4.0,0.0,0.0,0.0,0.0,0.0,0.0,0.0,0.0,5.0,12.0,1.0,12.18,5.0200000000000005,2.5,1.49,0.0,0.0,0.0,0.5,0.0,-0.2,-0.4,-2.4000000000000004,-169.70000000000002,0.0,0.0,169.8,0.0,20.8,30.4,30.4,31.0,300.0,300.0,31.0,34.9,30.0,29.4,31.200000000000003,4.95,2.0,4.96,0.16,0.0,0.0,1027.0,8228.0,0.0,0.0,0.0,0.0,0.0,1.0,0.0,0.0,0.0,0.0,0.0,-2.3000000000000003,0.0,2.0,0.0,0.0001,16.0,25903.0
2026-07-30T18:59:36.147Z,145.63,145.644,0.0,7.4,0.0,0.0,0.0,0.0,0.0,0.0,0.0,0.0,1.0,0.0,0.0,0.0,9.0,4.0,0.0,0.0,0.0,0.0,0.0,0.0,0.0,0.0,6.0,12.0,1.0,12.18,5.0200000000000005,2.5,1.49,0.0,0.0,0.0,0.5,0.0,0.3,-0.4,1.0,-169.70000000000002,0.0,0.0,169.70000000000002,0.0,20.8,30.4,30.4,31.0,300.0,300.0,31.0,34.9,30.0,29.4,31.200000000000003,4.95,2.0,4.96,0.16,0.0,0.0,1027.0,8228.0,0.0,0.0,0.0,0.0,0.0,1.0,0.0,0.0,0.0,0.0,0.0,0.2,0.0,-1.0,0.0,0.0002,16.0,25903.0
2026-07-30T18:59:36.161Z,145.644,145.656,0.0,7.4,0.0,0.0,0.0,0.0,0.0,0.0,0.0,0.0,1.0,0.0,0.0,0.0,9.0,4.0,0.0,0.0,0.0,0.0,0.0,0.0,0.0,0.0,1.0,12.0,1.0,12.15,5.01,2.5,1.49,0.0,0.0,0.0,0.4,0.0,0.9,-0.4,-0.6000000000000001,-169.70000000000002,0.0,0.0,169.60000000000002,0.0,21.4,30.4,30.4,31.0,300.0,300.0,31.0,34.9,30.0,29.4,31.200000000000003,4.96,1.99,4.96,0.16,0.0,0.0,1027.0,8228.0,0.0,0.0,0.0,0.0,0.0,1.0,0.0,0.0,0.0,0.0,0.0,-1.0,0.0,0.4,0.0,0.0002,16.0,25903.0
2026-07-30T18:59:36.171Z,145.654,145.668,0.0,7.4,0.0,0.0,0.0,0.0,0.0,0.0,0.0,0.0,1.0,0.0,0.0,0.0,9.0,4.0,0.0,0.0,0.0,0.0,0.0,0.0,0.0,0.0,2.0,12.0,1.0,12.15,5.01,2.5,1.49,0.0,0.0,0.0,0.4,0.0,-0.2,0.0,0.0,-169.70000000000002,0.0,0.0,169.60000000000002,0.0,21.4,30.4,30.4,31.0,300.0,300.0,31.0,34.9,30.0,29.4,31.200000000000003,4.96,1.99,4.97,0.16,0.0,0.0,1027.0,8228.0,0.0,0.0,0.0,0.0,0.0,1.0,0.0,0.0,0.0,0.0,0.0,0.0,0.0,0.0,0.0,0.0001,16.0,25903.0
2026-07-30T18:59:36.184Z,145.667,145.68,0.0,7.4,0.0,0.0,0.0,0.0,0.0,0.0,0.0,0.0,1.0,0.0,0.0,0.0,9.0,4.0,0.0,0.0,0.0,0.0,0.0,0.0,0.0,0.0,3.0,12.0,1.0,12.15,5.01,2.5,1.49,0.0,0.0,0.0,0.4,0.0,0.3,0.0,0.4,-169.70000000000002,0.0,0.0,169.60000000000002,0.0,21.4,30.4,30.4,31.0,300.0,300.0,31.0,34.9,30.0,29.4,31.200000000000003,4.96,1.99,4.97,0.16,0.0,0.0,1027.0,8228.0,0.0,0.0,0.0,0.0,0.0,1.0,0.0,0.0,0.0,0.0,0.0,0.4,0.0,-0.4,0.0,0.0,16.0,25903.0
2026-07-30T18:59:36.196Z,145.679,145.692,0.0,7.4,0.0,0.0,0.0,0.0,0.0,0.0,0.0,0.0,1.0,0.0,0.0,0.0,9.0,4.0,0.0,0.0,0.0,0.0,0.0,0.0,0.0,0.0,4.0,12.0,1.0,12.15,5.01,2.5,1.49,0.0,0.1,0.0,0.4,0.0,0.2,-1.0,0.0,-169.70000000000002,0.0,0.0,169.70000000000002,0.0,21.4,30.4,30.4,31.0,300.0,300.0,31.0,34.9,30.0,29.4,31.200000000000003,4.96,1.99,4.96,0.16,0.0,0.0,1027.0,8228.0,0.0,0.0,0.0,0.0,0.0,1.0,0.0,0.0,0.0,0.0,0.0,-1.2000000000000002,0.0,-0.1,0.0,0.0,16.0,25903.0
2026-07-30T18:59:36.208Z,145.691,145.704,0.0,7.4,0.0,0.0,0.0,0.0,0.0,0.0,0.0,0.0,1.0,0.0,0.0,0.0,9.0,4.0,0.0,0.0,0.0,0.0,0.0,0.0,0.0,0.0,6.0,12.0,1.0,12.15,5.01,2.5,1.49,0.0,0.0,0.0,0.4,0.0,0.3,-1.0,0.4,-169.70000000000002,0.0,0.0,169.60000000000002,0.0,21.4,30.4,30.4,31.0,300.0,300.0,31.0,34.9,30.0,29.4,31.200000000000003,4.95,1.99,4.97,0.16,0.0,0.0,1027.0,8228.0,0.0,0.0,0.0,0.0,0.0,1.0,0.0,0.0,0.0,0.0,0.0,-0.8,0.0,-0.6000000000000001,0.0,0.0002,16.0,25903.0
2026-07-30T18:59:36.220Z,145.703,145.716,0.0,7.4,0.0,0.0,0.0,0.0,0.0,0.0,0.0,0.0,1.0,0.0,0.0,0.0,9.0,4.0,0.0,0.0,0.0,0.0,0.0,0.0,0.0,0.0,1.0,12.0,1.0,12.15,5.01,2.5,1.49,0.0,0.0,0.0,0.4,0.0,0.3,1.2000000000000002,-0.1,-169.70000000000002,0.0,0.0,169.8,0.0,21.4,30.4,30.4,31.0,300.0,300.0,31.0,34.9,30.0,29.4,31.200000000000003,4.95,1.99,4.96,0.16,0.0,0.0,1027.0,8228.0,0.0,0.0,0.0,0.0,0.0,1.0,0.0,0.0,0.0,0.0,0.0,1.2000000000000002,0.0,0.3,0.0,0.0001,16.0,25903.0
2026-07-30T18:59:36.232Z,145.715,145.728,0.0,7.4,0.0,0.0,0.0,0.0,0.0,0.0,0.0,0.0,1.0,0.0,0.0,0.0,9.0,4.0,0.0,0.0,0.0,0.0,0.0,0.0,0.0,0.0,1.0,12.0,1.0,12.15,5.01,2.5,1.49,0.0,0.0,0.0,0.4,0.0,0.2,1.2000000000000002,1.5,-169.70000000000002,0.0,0.0,169.70000000000002,0.0,21.4,30.4,30.4,31.0,300.0,300.0,31.0,34.9,30.0,29.4,31.200000000000003,4.96,1.99,4.96,0.16,0.0,0.0,1027.0,8228.0,0.0,0.0,0.0,0.0,0.0,1.0,0.0,0.0,0.0,0.0,0.0,2.5,0.0,-1.1,0.0,0.0002,16.0,25903.0
2026-07-30T18:59:36.244Z,145.727,145.74,0.0,7.4,0.0,0.0,0.0,0.0,0.0,0.0,0.0,0.0,1.0,0.0,0.0,0.0,9.0,4.0,0.0,0.0,0.0,0.0,0.0,0.0,0.0,0.0,3.0,12.0,1.0,12.15,5.01,2.5,1.49,0.0,0.0,0.0,0.5,0.0,0.2,-0.5,-0.8,-169.70000000000002,0.0,0.0,169.8,0.0,21.4,30.4,30.4,31.0,300.0,300.0,31.0,34.9,30.0,29.4,31.200000000000003,4.95,1.99,4.97,0.16,0.0,0.0,1027.0,8228.0,0.0,0.0,0.0,0.0,0.0,1.0,0.0,0.0,0.0,0.0,0.0,-1.2000000000000002,0.0,0.6000000000000001,0.0,0.0001,16.0,25903.0
2026-07-30T18:59:36.256Z,145.739,145.752,0.0,7.4,0.0,0.0,0.0,0.0,0.0,0.0,0.0,0.0,1.0,0.0,0.0,0.0,9.0,4.0,0.0,0.0,0.0,0.0,0.0,0.0,0.0,0.0,3.0,12.0,1.0,12.15,5.01,2.5,1.49,0.0,0.1,0.0,0.4,0.0,0.2,-0.5,-0.1,-169.70000000000002,0.0,0.0,169.8,0.0,21.4,30.4,30.4,31.0,300.0,300.0,31.0,34.9,30.0,29.4,31.200000000000003,4.96,1.99,4.96,0.16,0.0,0.0,1027.0,8228.0,0.0,0.0,0.0,0.0,0.0,1.0,0.0,0.0,0.0,0.0,0.0,-0.7000000000000001,0.0,0.0,0.0,0.0001,16.0,25903.0
2026-07-30T18:59:36.268Z,145.751,145.764,0.0,7.4,0.0,0.0,0.0,0.0,0.0,0.0,0.0,0.0,1.0,0.0,0.0,0.0,9.0,4.0,0.0,0.0,0.0,0.0,0.0,0.0,0.0,0.0,5.0,12.0,1.0,12.18,5.01,2.51,1.49,0.0,0.0,0.0,0.4,0.0,0.2,0.0,0.3,-169.70000000000002,0.0,0.0,169.8,0.0,21.8,30.4,30.4,31.0,300.0,300.0,31.0,34.9,30.0,29.4,31.200000000000003,4.96,2.0,4.96,0.16,0.0,0.0,1027.0,8228.0,0.0,0.0,0.0,0.0,0.0,1.0,0.0,0.0,0.0,0.0,0.0,0.2,0.0,-0.3,0.0,0.0001,16.0,25903.0
2026-07-30T18:59:36.280Z,145.763,145.776,0.0,7.4,0.0,0.0,0.0,0.0,0.0,0.0,0.0,0.0,1.0,0.0,0.0,0.0,9.0,4.0,0.0,0.0,0.0,0.0,0.0,0.0,0.0,0.0,6.0,12.0,1.0,12.18,5.01,2.51,1.49,0.0,0.0,0.0,0.4,0.0,0.2,0.0,-0.2,-169.70000000000002,0.0,0.0,169.8,0.0,21.8,30.4,30.4,31.0,300.0,300.0,31.0,34.9,30.0,29.4,31.200000000000003,4.96,1.99,4.96,0.16,0.0,0.0,1027.0,8228.0,0.0,0.0,0.0,0.0,0.0,1.0,0.0,0.0,0.0,0.0,0.0,-0.1,0.0,0.2,0.0,0.0,16.0,25903.0
2026-07-30T18:59:36.291Z,145.774,145.788,0.0,7.4,0.0,0.0,0.0,0.0,0.0,0.0,0.0,0.0,1.0,0.0,0.0,0.0,9.0,4.0,0.0,0.0,0.0,0.0,0.0,0.0,0.0,0.0,1.0,12.0,1.0,12.18,5.01,2.51,1.49,0.0,0.0,0.0,0.4,0.0,-0.3,0.0,-1.3,-169.70000000000002,0.0,0.0,169.8,0.0,21.8,30.4,30.4,31.0,300.0,300.0,31.0,34.9,30.0,29.4,31.200000000000003,4.95,1.99,4.97,0.16,0.0,0.0,1027.0,8228.0,0.0,0.0,0.0,0.0,0.0,1.0,0.0,0.0,0.0,0.0,0.0,-1.2000000000000002,0.0,0.5,0.0,0.0,16.0,25903.0
2026-07-30T18:59:36.304Z,145.787,145.8,0.0,7.4,0.0,0.0,0.0,0.0,0.0,0.0,0.0,0.0,1.0,0.0,0.0,0.0,9.0,4.0,0.0,0.0,0.0,0.0,0.0,0.0,0.0,0.0,2.0,12.0,1.0,12.18,5.01,2.51,1.49,0.0,0.0,0.0,0.4,0.0,-0.8,-0.5,0.9,-169.70000000000002,0.0,0.0,169.70000000000002,0.0,21.8,30.4,30.4,31.0,300.0,300.0,31.0,34.9,30.0,29.4,31.200000000000003,4.96,1.99,4.97,0.16,0.0,0.0,1027.0,8228.0,0.0,0.0,0.0,0.0,0.0,1.0,0.0,0.0,0.0,0.0,0.0,1.4,0.0,-0.7000000000000001,0.0,0.0,16.0,25903.0
2026-07-30T18:59:36.316Z,145.799,145.812,0.0,7.4,0.0,0.0,0.0,0.0,0.0,0.0,0.0,0.0,1.0,0.0,0.0,0.0,9.0,4.0,0.0,0.0,0.0,0.0,0.0,0.0,0.0,0.0,3.0,12.0,1.0,12.18,5.01,2.51,1.49,0.0,0.0,0.0,0.4,0.0,0.8,1.1,-0.1,-169.70000000000002,0.0,0.0,169.8,0.0,21.8,30.4,30.4,31.0,300.0,300.0,31.0,34.9,30.0,29.4,31.200000000000003,4.96,1.99,4.96,0.16,0.0,0.0,1027.0,8228.0,0.0,0.0,0.0,0.0,0.0,1.0,0.0,0.0,0.0,0.0,0.0,-0.8,0.0,0.0,0.0,0.0001,16.0,25903.0
2026-07-30T18:59:36.328Z,145.811,145.824,0.0,7.4,0.0,0.0,0.0,0.0,0.0,0.0,0.0,0.0,1.0,0.0,0.0,0.0,9.0,4.0,0.0,0.0,0.0,0.0,0.0,0.0,0.0,0.0,4.0,12.0,1.0,12.18,5.01,2.51,1.49,0.0,0.0,0.0,0.4,0.0,-0.3,1.1,0.3,-169.70000000000002,0.0,0.0,169.70000000000002,0.0,21.8,30.4,30.4,31.0,300.0,300.0,31.0,34.9,30.0,29.4,31.200000000000003,4.96,1.99,4.96,0.16,0.0,0.0,1027.0,8228.0,0.0,0.0,0.0,0.0,0.0,1.0,0.0,0.0,0.0,0.0,0.0,1.6,0.0,-0.1,0.0,0.0001,16.0,25903.0
2026-07-30T18:59:36.340Z,145.823,145.836,0.0,7.4,0.0,0.0,0.0,0.0,0.0,0.0,0.0,0.0,1.0,0.0,0.0,0.0,9.0,4.0,0.0,0.0,0.0,0.0,0.0,0.0,0.0,0.0,5.0,12.0,1.0,12.18,5.01,2.51,1.49,0.0,0.0,0.0,0.4,0.0,-0.2,-1.1,1.5,-169.70000000000002,0.0,0.0,169.8,0.0,21.8,30.4,30.4,31.0,300.0,300.0,31.0,34.9,30.0,29.4,31.200000000000003,4.95,1.99,4.97,0.16,0.0,0.0,1027.0,8228.0,0.0,0.0,0.0,0.0,0.0,1.0,0.0,0.0,0.0,0.0,0.0,-0.1,0.0,-1.6,0.0,0.0001,16.0,25903.0
2026-07-30T18:59:36.352Z,145.835,145.848,0.0,7.4,0.0,0.0,0.0,0.0,0.0,0.0,0.0,0.0,1.0,0.0,0.0,0.0,9.0,4.0,0.0,0.0,0.0,0.0,0.0,0.0,0.0,0.0,6.0,12.0,1.0,12.18,5.01,2.51,1.49,0.0,0.1,0.0,0.4,0.0,-0.2,-1.1,-1.3,-169.70000000000002,0.0,0.0,169.8,0.0,21.8,30.4,30.4,31.0,300.0,300.0,31.0,34.9,30.0,29.4,31.200000000000003,4.96,1.99,4.96,0.16,0.0,0.0,1027.0,8228.0,0.0,0.0,0.0,0.0,0.0,1.0,0.0,0.0,0.0,0.0,0.0,-2.3000000000000003,0.0,0.9,0.0,0.0001,16.0,25903.0
2026-07-30T18:59:36.375Z,145.858,145.86,0.0,7.4,0.0,0.0,0.0,0.0,0.0,0.0,0.0,0.0,1.0,0.0,0.0,0.0,9.0,4.0,0.0,0.0,0.0,0.0,0.0,0.0,0.0,0.0,1.0,12.0,1.0,12.11,5.0200000000000005,2.5,1.49,0.0,0.0,0.0,0.4,0.0,-0.2,-0.5,-1.3,-169.70000000000002,0.0,0.0,169.60000000000002,0.0,21.4,30.4,30.4,31.0,300.0,300.0,31.0,35.0,30.0,29.4,31.200000000000003,4.96,1.99,4.97,0.16,0.0,0.0,1027.0,8228.0,0.0,0.0,0.0,0.0,0.0,1.0,0.0,0.0,0.0,0.0,0.0,-1.6,0.0,1.0,0.0,0.0001,16.0,25903.0
2026-07-30T18:59:36.378Z,145.861,145.872,0.0,7.4,0.0,0.0,0.0,0.0,0.0,0.0,0.0,0.0,1.0,0.0,0.0,0.0,9.0,4.0,0.0,0.0,0.0,0.0,0.0,0.0,0.0,0.0,5.0,12.0,1.0,12.11,5.0200000000000005,2.5,1.49,0.0,0.1,0.0,0.4,0.0,-0.3,0.0,1.0,-169.70000000000002,0.0,0.0,169.70000000000002,0.0,21.4,30.4,30.4,31.0,300.0,300.0,31.0,35.0,30.0,29.4,31.200000000000003,4.95,1.99,4.97,0.16,0.0,0.0,1027.0,8228.0,0.0,0.0,0.0,0.0,0.0,1.0,0.0,0.0,0.0,0.0,0.0,0.8,0.0,-0.9,0.0,0.0002,16.0,25903.0
2026-07-30T18:59:36.387Z,145.87,145.884,0.0,7.4,0.0,0.0,0.0,0.0,0.0,0.0,0.0,0.0,1.0,0.0,0.0,0.0,9.0,4.0,0.0,0.0,0.0,0.0,0.0,0.0,0.0,0.0,4.0,12.0,1.0,12.11,5.0200000000000005,2.5,1.49,0.0,0.0,0.0,0.4,0.0,-0.3,-1.1,-0.6000000000000001,-169.70000000000002,0.0,0.0,169.70000000000002,0.0,21.4,30.4,30.4,31.0,300.0,300.0,31.0,35.0,30.0,29.4,31.200000000000003,4.96,1.99,4.97,0.16,0.0,0.0,1027.0,8228.0,0.0,0.0,0.0,0.0,0.0,1.0,0.0,0.0,0.0,0.0,0.0,-1.8,0.0,0.3,0.0,0.0001,16.0,25903.0
2026-07-30T18:59:36.400Z,145.883,145.89600000000002,0.0,7.4,0.0,0.0,0.0,0.0,0.0,0.0,0.0,0.0,1.0,0.0,0.0,0.0,9.0,4.0,0.0,0.0,0.0,0.0,0.0,0.0,0.0,0.0,5.0,12.0,1.0,12.11,5.0200000000000005,2.5,1.49,0.0,0.1,0.0,0.4,0.0,-0.2,-0.5,1.0,-169.70000000000002,0.0,0.0,169.70000000000002,0.0,21.4,30.4,30.4,31.0,300.0,300.0,31.0,35.0,30.0,29.4,31.200000000000003,4.95,1.99,4.97,0.16,0.0,0.0,1027.0,8228.0,0.0,0.0,0.0,0.0,0.0,1.0,0.0,0.0,0.0,0.0,0.0,0.1,0.0,-1.0,0.0,0.0001,16.0,25903.0
2026-07-30T18:59:36.412Z,145.895,145.90800000000002,0.0,7.4,0.0,0.0,0.0,0.0,0.0,0.0,0.0,0.0,1.0,0.0,0.0,0.0,9.0,4.0,0.0,0.0,0.0,0.0,0.0,0.0,0.0,0.0,1.0,12.0,1.0,12.11,5.0200000000000005,2.5,1.49,0.0,0.1,0.0,0.4,0.0,0.3,0.0,-1.2000000000000002,-169.70000000000002,0.0,0.0,169.60000000000002,0.0,21.4,30.4,30.4,31.0,300.0,300.0,31.0,35.0,30.0,29.4,31.200000000000003,4.95,1.99,4.97,0.16,0.0,0.0,1027.0,8228.0,0.0,0.0,0.0,0.0,0.0,1.0,0.0,0.0,0.0,0.0,0.0,-0.9,0.0,1.1,0.0,0.0,16.0,25903.0
2026-07-30T18:59:36.424Z,145.907,145.92000000000002,0.0,7.4,0.0,0.0,0.0,0.0,0.0,0.0,0.0,0.0,1.0,0.0,0.0,0.0,9.0,4.0,0.0,0.0,0.0,0.0,0.0,0.0,0.0,0.0,2.0,12.0,1.0,12.11,5.0200000000000005,2.5,1.49,0.0,0.0,0.0,0.5,0.0,0.3,1.2000000000000002,-0.1,-169.70000000000002,0.0,0.0,169.70000000000002,0.0,21.4,30.4,30.4,31.0,300.0,300.0,31.0,35.0,30.0,29.4,31.200000000000003,4.95,1.99,4.97,0.16,0.0,0.0,1027.0,8228.0,0.0,0.0,0.0,0.0,0.0,1.0,0.0,0.0,0.0,0.0,0.0,1.2000000000000002,0.0,0.4,0.0,0.0001,16.0,25903.0
2026-07-30T18:59:36.436Z,145.919,145.93200000000002,0.0,7.4,0.0,0.0,0.0,0.0,0.0,0.0,0.0,0.0,1.0,0.0,0.0,0.0,9.0,4.0,0.0,0.0,0.0,0.0,0.0,0.0,0.0,0.0,3.0,12.0,1.0,12.11,5.0200000000000005,2.5,1.49,0.0,0.0,0.0,0.4,0.0,-0.2,-0.5,0.9,-169.70000000000002,0.0,0.0,169.8,0.0,21.4,30.4,30.4,31.0,300.0,300.0,31.0,35.0,30.0,29.4,31.200000000000003,4.96,1.99,4.96,0.16,0.0,0.0,1027.0,8228.0,0.0,0.0,0.0,0.0,0.0,1.0,0.0,0.0,0.0,0.0,0.0,0.1,0.0,-0.9,0.0,0.0,16.0,25903.0
2026-07-30T18:59:36.448Z,145.931,145.94400000000002,0.0,7.4,0.0,0.0,0.0,0.0,0.0,0.0,0.0,0.0,1.0,0.0,0.0,0.0,9.0,4.0,0.0,0.0,0.0,0.0,0.0,0.0,0.0,0.0,4.0,12.0,1.0,12.11,5.0200000000000005,2.5,1.49,0.0,0.0,0.0,0.4,0.0,-0.2,-0.5,0.3,-169.70000000000002,0.0,0.0,169.70000000000002,0.0,21.4,30.4,30.4,31.0,300.0,300.0,31.0,35.0,30.0,29.4,31.200000000000003,4.95,1.99,4.97,0.16,0.0,0.0,1027.0,8228.0,0.0,0.0,0.0,0.0,0.0,1.0,0.0,0.0,0.0,0.0,0.0,-0.3,0.0,-0.4,0.0,0.0002,16.0,25903.0
2026-07-30T18:59:36.459Z,145.942,145.956,0.0,7.4,0.0,0.0,0.0,0.0,0.0,0.0,0.0,0.0,1.0,0.0,0.0,0.0,9.0,4.0,0.0,0.0,0.0,0.0,0.0,0.0,0.0,0.0,5.0,12.0,1.0,12.11,5.0200000000000005,2.5,1.49,0.0,0.0,0.0,0.4,0.0,-0.2,0.5,0.9,-169.70000000000002,0.0,0.0,169.70000000000002,0.0,21.4,30.4,30.4,31.0,300.0,300.0,31.0,35.0,30.0,29.4,31.200000000000003,4.95,1.99,4.96,0.16,0.0,0.0,1027.0,8228.0,0.0,0.0,0.0,0.0,0.0,1.0,0.0,0.0,0.0,0.0,0.0,1.3,0.0,-0.7000000000000001,0.0,0.0001,16.0,25903.0
2026-07-30T18:59:36.472Z,145.955,145.968,0.0,7.4,0.0,0.0,0.0,0.0,0.0,0.0,0.0,0.0,1.0,0.0,0.0,0.0,9.0,4.0,0.0,0.0,0.0,0.0,0.0,0.0,0.0,0.0,6.0,12.0,1.0,12.18,5.0200000000000005,2.51,1.49,0.0,0.1,0.0,0.4,0.0,0.3,0.0,-0.1,-169.70000000000002,0.0,0.0,169.60000000000002,0.0,20.8,30.4,30.4,31.0,300.0,300.0,31.0,35.0,30.0,29.4,31.200000000000003,4.96,1.99,4.96,0.16,0.0,0.0,1027.0,8228.0,0.0,0.0,0.0,0.0,0.0,1.0,0.0,0.0,0.0,0.0,0.0,-0.1,0.0,0.1,0.0,0.0,16.0,25903.0
2026-07-30T18:59:36.484Z,145.967,145.98,0.0,7.4,0.0,0.0,0.0,0.0,0.0,0.0,0.0,0.0,1.0,0.0,0.0,0.0,9.0,4.0,0.0,0.0,0.0,0.0,0.0,0.0,0.0,0.0,1.0,12.0,1.0,12.18,5.0200000000000005,2.51,1.49,0.0,0.0,0.0,0.4,0.0,-0.2,0.0,0.4,-169.70000000000002,0.0,0.0,169.70000000000002,0.0,20.8,30.4,30.4,31.0,300.0,300.0,31.0,35.0,30.0,29.4,31.200000000000003,4.95,1.99,4.96,0.16,0.0,0.0,1027.0,8228.0,0.0,0.0,0.0,0.0,0.0,1.0,0.0,0.0,0.0,0.0,0.0,0.3,0.0,-0.3,0.0,0.0001,16.0,25903.0
2026-07-30T18:59:36.496Z,145.979,145.992,0.0,7.4,0.0,0.0,0.0,0.0,0.0,0.0,0.0,0.0,1.0,0.0,0.0,0.0,9.0,4.0,0.0,0.0,0.0,0.0,0.0,0.0,0.0,0.0,2.0,12.0,1.0,12.18,5.0200000000000005,2.51,1.49,0.0,0.0,0.0,0.4,0.0,-0.2,-1.1,0.4,-169.70000000000002,0.0,0.0,169.70000000000002,0.0,20.8,30.4,30.4,31.0,300.0,300.0,31.0,35.0,30.0,29.4,31.200000000000003,4.95,1.99,4.97,0.16,0.0,0.0,1027.0,8228.0,0.0,0.0,0.0,0.0,0.0,1.0,0.0,0.0,0.0,0.0,0.0,-0.9,0.0,-0.6000000000000001,0.0,0.0001,16.0,25903.0
2026-07-30T18:59:36.508Z,145.991,146.004,0.0,7.4,0.0,0.0,0.0,0.0,0.0,0.0,0.0,0.0,1.0,0.0,0.0,0.0,9.0,4.0,0.0,0.0,0.0,0.0,0.0,0.0,0.0,0.0,3.0,12.0,1.0,12.18,5.0200000000000005,2.51,1.49,0.0,0.0,0.0,0.4,0.0,0.2,1.7000000000000002,1.0,-169.70000000000002,0.0,0.0,169.8,0.0,20.8,30.4,30.4,31.0,300.0,300.0,31.0,35.0,30.0,29.4,31.200000000000003,4.95,2.0,4.96,0.16,0.0,0.0,1027.0,8228.0,0.0,0.0,0.0,0.0,0.0,1.0,0.0,0.0,0.0,0.0,0.0,2.7,0.0,-0.5,0.0,0.0,16.0,25903.0
2026-07-30T18:59:36.520Z,146.003,146.016,0.0,7.4,0.0,0.0,0.0,0.0,0.0,0.0,0.0,0.0,1.0,0.0,0.0,0.0,9.0,4.0,0.0,0.0,0.0,0.0,0.0,0.0,0.0,0.0,5.0,12.0,1.0,12.18,5.0200000000000005,2.51,1.49,0.0,0.0,0.0,0.4,0.0,0.2,-0.5,-0.7000000000000001,-169.70000000000002,0.0,0.0,169.70000000000002,0.0,20.8,30.4,30.4,31.0,300.0,300.0,31.0,35.0,30.0,29.4,31.200000000000003,4.96,1.99,4.96,0.16,0.0,0.0,1027.0,8228.0,0.0,0.0,0.0,0.0,0.0,1.0,0.0,0.0,0.0,0.0,0.0,-1.1,0.0,0.5,0.0,0.0001,16.0,25903.0
2026-07-30T18:59:36.532Z,146.015,146.028,0.0,7.4,0.0,0.0,0.0,0.0,0.0,0.0,0.0,0.0,1.0,0.0,0.0,0.0,9.0,4.0,0.0,0.0,0.0,0.0,0.0,0.0,0.0,0.0,6.0,12.0,1.0,12.18,5.0200000000000005,2.51,1.49,0.0,0.1,0.0,0.4,0.0,0.2,0.0,-0.7000000000000001,-169.70000000000002,0.0,0.0,169.8,0.0,20.8,30.4,30.4,31.0,300.0,300.0,31.0,35.0,30.0,29.4,31.200000000000003,4.95,1.99,4.97,0.16,0.0,0.0,1027.0,8228.0,0.0,0.0,0.0,0.0,0.0,1.0,0.0,0.0,0.0,0.0,0.0,-0.4,0.0,0.6000000000000001,0.0,0.0001,16.0,25903.0
2026-07-30T18:59:36.543Z,146.026,146.04,0.0,7.4,0.0,0.0,0.0,0.0,0.0,0.0,0.0,0.0,1.0,0.0,0.0,0.0,9.0,4.0,0.0,0.0,0.0,0.0,0.0,0.0,0.0,0.0,1.0,12.0,1.0,12.18,5.0200000000000005,2.51,1.49,0.0,0.0,0.0,0.4,0.0,-0.2,-1.1,0.4,-169.70000000000002,0.0,0.0,169.70000000000002,0.0,20.8,30.4,30.4,31.0,300.0,300.0,31.0,35.0,30.0,29.4,31.200000000000003,4.96,1.99,4.96,0.16,0.0,0.0,1027.0,8228.0,0.0,0.0,0.0,0.0,0.0,1.0,0.0,0.0,0.0,0.0,0.0,-0.9,0.0,-0.6000000000000001,0.0,0.0001,16.0,25903.0
2026-07-30T18:59:36.555Z,146.038,146.052,0.0,7.4,0.0,0.0,0.0,0.0,0.0,0.0,0.0,0.0,1.0,0.0,0.0,0.0,9.0,4.0,0.0,0.0,0.0,0.0,0.0,0.0,0.0,0.0,2.0,12.0,1.0,12.18,5.0200000000000005,2.51,1.49,0.0,0.0,0.0,0.4,0.0,-0.2,1.2000000000000002,-0.1,-169.70000000000002,0.0,0.0,169.60000000000002,0.0,20.8,30.4,30.4,31.0,300.0,300.0,31.0,35.0,30.0,29.4,31.200000000000003,4.96,2.0,4.96,0.16,0.0,0.0,1027.0,8228.0,0.0,0.0,0.0,0.0,0.0,1.0,0.0,0.0,0.0,0.0,0.0,1.2000000000000002,0.0,0.3,0.0,0.0,16.0,25903.0
2026-07-30T18:59:36.568Z,146.051,146.064,0.0,7.4,0.0,0.0,0.0,0.0,0.0,0.0,0.0,0.0,1.0,0.0,0.0,0.0,9.0,4.0,0.0,0.0,0.0,0.0,0.0,0.0,0.0,0.0,3.0,12.0,1.0,12.17,5.01,2.5,1.49,0.0,0.0,0.0,0.4,0.0,-0.2,0.6000000000000001,1.0,-169.70000000000002,0.0,0.0,169.60000000000002,0.0,21.700000000000003,30.4,30.4,31.0,300.0,300.0,30.9,34.9,30.0,29.4,31.200000000000003,4.96,1.99,4.96,0.16,0.0,0.0,1027.0,8228.0,0.0,0.0,0.0,0.0,0.0,1.0,0.0,0.0,0.0,0.0,0.0,1.5,0.0,-0.7000000000000001,0.0,0.0002,16.0,25903.0
2026-07-30T18:59:36.580Z,146.063,146.076,0.0,7.4,0.0,0.0,0.0,0.0,0.0,0.0,0.0,0.0,1.0,0.0,0.0,0.0,9.0,4.0,0.0,0.0,0.0,0.0,0.0,0.0,0.0,0.0,5.0,12.0,1.0,12.17,5.01,2.5,1.49,0.0,0.0,0.0,0.4,0.0,-0.2,-1.0,-0.1,-169.70000000000002,0.0,0.0,169.70000000000002,0.0,21.700000000000003,30.4,30.4,31.0,300.0,300.0,30.9,34.9,30.0,29.4,31.200000000000003,4.95,1.99,4.97,0.16,0.0,0.0,1027.0,8228.0,0.0,0.0,0.0,0.0,0.0,1.0,0.0,0.0,0.0,0.0,0.0,-1.3,0.0,0.0,0.0,0.0,16.0,25903.0
2026-07-30T18:59:36.592Z,146.075,146.088,0.0,7.4,0.0,0.0,0.0,0.0,0.0,0.0,0.0,0.0,1.0,0.0,0.0,0.0,9.0,4.0,0.0,0.0,0.0,0.0,0.0,0.0,0.0,0.0,6.0,12.0,1.0,12.17,5.01,2.5,1.49,0.0,0.0,0.0,0.4,0.0,0.2,-0.4,1.0,-169.70000000000002,0.0,0.0,169.60000000000002,0.0,21.700000000000003,30.4,30.4,31.0,300.0,300.0,30.9,34.9,30.0,29.4,31.200000000000003,4.96,1.99,4.96,0.16,0.0,0.0,1027.0,8228.0,0.0,0.0,0.0,0.0,0.0,1.0,0.0,0.0,0.0,0.0,0.0,0.2,0.0,-1.0,0.0,0.0001,16.0,25903.0
2026-07-30T18:59:36.604Z,146.087,146.1,0.0,7.4,0.0,0.0,0.0,0.0,0.0,0.0,0.0,0.0,1.0,0.0,0.0,0.0,9.0,4.0,0.0,0.0,0.0,0.0,0.0,0.0,0.0,0.0,1.0,12.0,1.0,12.17,5.01,2.5,1.49,0.0,0.0,0.0,0.4,0.0,0.2,1.8,0.4,-169.70000000000002,0.0,0.0,169.70000000000002,0.0,21.700000000000003,30.4,30.4,31.0,300.0,300.0,30.9,34.9,30.0,29.4,31.200000000000003,4.96,1.99,4.97,0.16,0.0,0.0,1027.0,8228.0,0.0,0.0,0.0,0.0,0.0,1.0,0.0,0.0,0.0,0.0,0.0,2.4000000000000004,0.0,0.0,0.0,0.0,16.0,25903.0
2026-07-30T18:59:36.616Z,146.099,146.112,0.0,7.4,0.0,0.0,0.0,0.0,0.0,0.0,0.0,0.0,1.0,0.0,0.0,0.0,9.0,4.0,0.0,0.0,0.0,0.0,0.0,0.0,0.0,0.0,2.0,12.0,1.0,12.17,5.01,2.5,1.49,0.0,0.0,0.0,0.4,0.0,0.2,1.2000000000000002,-0.1,-169.70000000000002,0.0,0.0,169.8,0.0,21.700000000000003,30.4,30.4,31.0,300.0,300.0,30.9,34.9,30.0,29.4,31.200000000000003,4.96,1.99,4.97,0.16,0.0,0.0,1027.0,8228.0,0.0,0.0,0.0,0.0,0.0,1.0,0.0,0.0,0.0,0.0,0.0,1.3,0.0,0.3,0.0,0.0001,16.0,25903.0
2026-07-30T18:59:36.627Z,146.11,146.124,0.0,7.4,0.0,0.0,0.0,0.0,0.0,0.0,0.0,0.0,1.0,0.0,0.0,0.0,9.0,4.0,0.0,0.0,0.0,0.0,0.0,0.0,0.0,0.0,3.0,12.0,1.0,12.17,5.01,2.5,1.49,0.0,0.0,0.0,0.4,0.0,0.2,1.3,0.4,-169.70000000000002,0.0,0.0,169.60000000000002,0.0,21.700000000000003,30.4,30.4,31.0,300.0,300.0,30.9,34.9,30.0,29.4,31.200000000000003,4.96,1.99,4.97,0.16,0.0,0.0,1027.0,8228.0,0.0,0.0,0.0,0.0,0.0,1.0,0.0,0.0,0.0,0.0,0.0,1.8,0.0,-0.1,0.0,0.0002,16.0,25903.0
2026-07-30T18:59:36.640Z,146.123,146.136,0.0,7.4,0.0,0.0,0.0,0.0,0.0,0.0,0.0,0.0,1.0,0.0,0.0,0.0,9.0,4.0,0.0,0.0,0.0,0.0,0.0,0.0,0.0,0.0,4.0,12.0,1.0,12.17,5.01,2.5,1.49,0.0,0.0,0.0,0.4,0.0,-0.8,-1.0,-0.1,-169.70000000000002,0.0,0.0,169.70000000000002,0.0,21.700000000000003,30.4,30.4,31.0,300.0,300.0,30.9,34.9,30.0,29.4,31.200000000000003,4.95,1.99,4.97,0.16,0.0,0.0,1027.0,8228.0,0.0,0.0,0.0,0.0,0.0,1.0,0.0,0.0,0.0,0.0,0.0,-1.2000000000000002,0.0,0.0,0.0,0.0001,16.0,25903.0
2026-07-30T18:59:36.652Z,146.135,146.148,0.0,7.4,0.0,0.0,0.0,0.0,0.0,0.0,0.0,0.0,1.0,0.0,0.0,0.0,9.0,4.0,0.0,0.0,0.0,0.0,0.0,0.0,0.0,0.0,5.0,12.0,1.0,12.17,5.01,2.5,1.49,0.0,0.0,0.0,0.5,0.0,0.3,1.2000000000000002,-0.1,-169.70000000000002,0.0,0.0,169.70000000000002,0.0,21.700000000000003,30.4,30.4,31.0,300.0,300.0,30.9,34.9,30.0,29.4,31.200000000000003,4.95,1.99,4.97,0.16,0.0,0.0,1027.0,8228.0,0.0,0.0,0.0,0.0,0.0,1.0,0.0,0.0,0.0,0.0,0.0,1.3,0.0,0.3,0.0,0.0,16.0,25903.0
2026-07-30T18:59:36.664Z,146.147,146.16,0.0,7.4,0.0,0.0,0.0,0.0,0.0,0.0,0.0,0.0,1.0,0.0,0.0,0.0,9.0,4.0,0.0,0.0,0.0,0.0,0.0,0.0,0.0,0.0,1.0,12.0,1.0,12.17,5.01,2.5,1.49,0.0,0.0,0.0,0.4,0.0,0.3,0.0,0.4,-169.70000000000002,0.0,0.0,169.70000000000002,0.0,21.700000000000003,30.4,30.4,31.0,300.0,300.0,30.9,34.9,30.0,29.4,31.200000000000003,4.95,1.99,4.97,0.16,0.0,0.0,1027.0,8228.0,0.0,0.0,0.0,0.0,0.0,1.0,0.0,0.0,0.0,0.0,0.0,0.4,0.0,-0.4,0.0,0.0001,16.0,25903.0
2026-07-30T18:59:36.675Z,146.158,146.172,0.0,7.4,0.0,0.0,0.0,0.0,0.0,0.0,0.0,0.0,1.0,0.0,0.0,0.0,9.0,4.0,0.0,0.0,0.0,0.0,0.0,0.0,0.0,0.0,2.0,12.0,1.0,12.15,5.0200000000000005,2.51,1.5,0.0,0.0,0.0,0.4,0.0,0.2,0.6000000000000001,1.0,-169.70000000000002,0.0,0.0,169.8,0.0,21.700000000000003,30.4,30.4,31.0,300.0,300.0,30.8,35.0,30.0,29.4,31.200000000000003,4.96,1.99,4.96,0.16,0.0,0.0,1027.0,8228.0,0.0,0.0,0.0,0.0,0.0,1.0,0.0,0.0,0.0,0.0,0.0,1.5,0.0,-0.8,0.0,0.0,16.0,25903.0
2026-07-30T18:59:36.693Z,146.176,146.184,0.0,7.4,0.0,0.0,0.0,0.0,0.0,0.0,0.0,0.0,1.0,0.0,0.0,0.0,9.0,4.0,0.0,0.0,0.0,0.0,0.0,0.0,0.0,0.0,2.0,12.0,1.0,12.15,5.0200000000000005,2.51,1.5,0.0,0.0,0.0,0.4,0.0,-0.2,-1.0,1.1,-169.70000000000002,0.0,0.0,169.70000000000002,0.0,21.700000000000003,30.4,30.4,31.0,300.0,300.0,30.8,35.0,30.0,29.4,31.200000000000003,4.95,1.99,4.96,0.16,0.0,0.0,1027.0,8228.0,0.0,0.0,0.0,0.0,0.0,1.0,0.0,0.0,0.0,0.0,0.0,-0.3,0.0,-1.2000000000000002,0.0,0.0,16.0,25903.0
2026-07-30T18:59:36.699Z,146.182,146.196,0.0,7.4,0.0,0.0,0.0,0.0,0.0,0.0,0.0,0.0,1.0,0.0,0.0,0.0,9.0,4.0,0.0,0.0,0.0,0.0,0.0,0.0,0.0,0.0,6.0,12.0,1.0,12.15,5.0200000000000005,2.51,1.5,0.0,0.0,0.0,0.4,0.0,0.2,0.7000000000000001,0.0,-169.70000000000002,0.0,0.0,169.70000000000002,0.0,21.700000000000003,30.4,30.4,31.0,300.0,300.0,30.8,35.0,30.0,29.4,31.200000000000003,4.95,2.0,4.97,0.16,0.0,0.0,1027.0,8228.0,0.0,0.0,0.0,0.0,0.0,1.0,0.0,0.0,0.0,0.0,0.0,0.7000000000000001,0.0,0.1,0.0,0.0001,16.0,25903.0
2026-07-30T18:59:36.711Z,146.194,146.208,0.0,7.4,0.0,0.0,0.0,0.0,0.0,0.0,0.0,0.0,1.0,0.0,0.0,0.0,9.0,4.0,0.0,0.0,0.0,0.0,0.0,0.0,0.0,0.0,1.0,12.0,1.0,12.15,5.0200000000000005,2.51,1.5,0.0,0.0,0.0,0.4,0.0,-0.3,-0.4,-0.6000000000000001,-169.70000000000002,0.0,0.0,169.8,0.0,21.700000000000003,30.4,30.4,31.0,300.0,300.0,30.8,35.0,30.0,29.4,31.200000000000003,4.96,1.99,4.97,0.16,0.0,0.0,1027.0,8228.0,0.0,0.0,0.0,0.0,0.0,1.0,0.0,0.0,0.0,0.0,0.0,-1.0,0.0,0.4,0.0,0.0,16.0,25903.0
2026-07-30T18:59:36.724Z,146.207,146.22,0.0,7.4,0.0,0.0,0.0,0.0,0.0,0.0,0.0,0.0,1.0,0.0,0.0,0.0,9.0,4.0,0.0,0.0,0.0,0.0,0.0,0.0,0.0,0.0,2.0,12.0,1.0,12.15,5.0200000000000005,2.51,1.5,0.0,0.0,0.0,0.4,0.0,-0.9,-0.4,-0.7000000000000001,-169.70000000000002,0.0,0.0,169.8,0.0,21.700000000000003,30.4,30.4,31.0,300.0,300.0,30.8,35.0,30.0,29.4,31.200000000000003,4.96,1.99,4.97,0.16,0.0,0.0,1027.0,8228.0,0.0,0.0,0.0,0.0,0.0,1.0,0.0,0.0,0.0,0.0,0.0,-1.1,0.0,0.5,0.0,0.0002,16.0,25903.0
2026-07-30T18:59:36.736Z,146.219,146.232,0.0,7.4,0.0,0.0,0.0,0.0,0.0,0.0,0.0,0.0,1.0,0.0,0.0,0.0,9.0,4.0,0.0,0.0,0.0,0.0,0.0,0.0,0.0,0.0,4.0,12.0,1.0,12.15,5.0200000000000005,2.51,1.5,0.0,0.0,0.0,0.4,0.0,0.2,0.1,0.4,-169.70000000000002,0.0,0.0,169.8,0.0,21.700000000000003,30.4,30.4,31.0,300.0,300.0,30.8,35.0,30.0,29.4,31.200000000000003,4.95,1.99,4.97,0.16,0.0,0.0,1027.0,8228.0,0.0,0.0,0.0,0.0,0.0,1.0,0.0,0.0,0.0,0.0,0.0,0.4,0.0,-0.3,0.0,0.0001,16.0,25903.0
2026-07-30T18:59:36.748Z,146.231,146.244,0.0,7.4,0.0,0.0,0.0,0.0,0.0,0.0,0.0,0.0,1.0,0.0,0.0,0.0,9.0,4.0,0.0,0.0,0.0,0.0,0.0,0.0,0.0,0.0,5.0,12.0,1.0,12.15,5.0200000000000005,2.51,1.5,0.0,0.0,0.0,0.4,0.0,-0.3,0.7000000000000001,-0.7000000000000001,-169.70000000000002,0.0,0.0,169.70000000000002,0.0,21.700000000000003,30.4,30.4,31.0,300.0,300.0,30.8,35.0,30.0,29.4,31.200000000000003,4.95,2.0,4.96,0.16,0.0,0.0,1027.0,8228.0,0.0,0.0,0.0,0.0,0.0,1.0,0.0,0.0,0.0,0.0,0.0,0.2,0.0,0.7000000000000001,0.0,0.0,16.0,25903.0
2026-07-30T18:59:36.760Z,146.243,146.256,0.0,7.4,0.0,0.0,0.0,0.0,0.0,0.0,0.0,0.0,1.0,0.0,0.0,0.0,9.0,4.0,0.0,0.0,0.0,0.0,0.0,0.0,0.0,0.0,6.0,12.0,1.0,12.15,5.0200000000000005,2.51,1.5,0.0,0.0,0.0,0.4,0.0,-0.8,-0.4,-0.7000000000000001,-169.70000000000002,0.0,0.0,169.70000000000002,0.0,21.700000000000003,30.4,30.4,31.0,300.0,300.0,30.8,35.0,30.0,29.4,31.200000000000003,4.96,1.99,4.96,0.16,0.0,0.0,1027.0,8228.0,0.0,0.0,0.0,0.0,0.0,1.0,0.0,0.0,0.0,0.0,0.0,-1.0,0.0,0.5,0.0,0.0002,16.0,25903.0
2026-07-30T18:59:36.773Z,146.256,146.268,0.0,7.4,0.0,0.0,0.0,0.0,0.0,0.0,0.0,0.0,1.0,0.0,0.0,0.0,9.0,4.0,0.0,0.0,0.0,0.0,0.0,0.0,0.0,0.0,1.0,12.0,1.0,12.18,5.03,2.5,1.49,0.0,0.0,0.0,0.4,0.0,0.2,-0.4,-0.7000000000000001,-169.70000000000002,0.0,0.0,169.70000000000002,0.0,21.700000000000003,30.4,30.4,31.0,300.0,300.0,31.0,35.0,30.0,29.4,31.200000000000003,4.95,1.99,4.97,0.16,0.0,0.0,1027.0,8228.0,0.0,0.0,0.0,0.0,0.0,1.0,0.0,0.0,0.0,0.0,0.0,-1.1,0.0,0.5,0.0,0.0001,16.0,25903.0
2026-07-30T18:59:36.784Z,146.267,146.28,0.0,7.4,0.0,0.0,0.0,0.0,0.0,0.0,0.0,0.0,1.0,0.0,0.0,0.0,9.0,4.0,0.0,0.0,0.0,0.0,0.0,0.0,0.0,0.0,2.0,12.0,1.0,12.18,5.03,2.5,1.49,0.0,0.0,0.0,0.4,0.0,0.2,-0.4,-0.7000000000000001,-169.70000000000002,0.0,0.0,169.60000000000002,0.0,21.700000000000003,30.4,30.4,31.0,300.0,300.0,31.0,35.0,30.0,29.4,31.200000000000003,4.96,1.99,4.97,0.16,0.0,0.0,1027.0,8228.0,0.0,0.0,0.0,0.0,0.0,1.0,0.0,0.0,0.0,0.0,0.0,-1.0,0.0,0.5,0.0,0.0001,16.0,25903.0
2026-07-30T18:59:36.796Z,146.279,146.292,0.0,7.4,0.0,0.0,0.0,0.0,0.0,0.0,0.0,0.0,1.0,0.0,0.0,0.0,9.0,4.0,0.0,0.0,0.0,0.0,0.0,0.0,0.0,0.0,3.0,12.0,1.0,12.18,5.03,2.5,1.49,0.0,0.1,0.0,0.4,0.0,1.4,0.6000000000000001,1.6,-169.70000000000002,0.0,0.0,169.70000000000002,0.0,21.700000000000003,30.4,30.4,31.0,300.0,300.0,31.0,35.0,30.0,29.4,31.200000000000003,4.96,2.0,4.96,0.16,0.0,0.0,1027.0,8228.0,0.0,0.0,0.0,0.0,0.0,1.0,0.0,0.0,0.0,0.0,0.0,1.9,0.0,-1.2000000000000002,0.0,0.0001,16.0,25903.0
2026-07-30T18:59:36.808Z,146.291,146.304,0.0,7.4,0.0,0.0,0.0,0.0,0.0,0.0,0.0,0.0,1.0,0.0,0.0,0.0,9.0,4.0,0.0,0.0,0.0,0.0,0.0,0.0,0.0,0.0,4.0,12.0,1.0,12.18,5.03,2.5,1.49,0.0,0.0,0.0,0.4,0.0,1.4,-0.5,-1.2000000000000002,-169.70000000000002,0.0,0.0,169.70000000000002,0.0,21.700000000000003,30.4,30.4,31.0,300.0,300.0,31.0,35.0,30.0,29.4,31.200000000000003,4.95,1.99,4.96,0.16,0.0,0.0,1027.0,8228.0,0.0,0.0,0.0,0.0,0.0,1.0,0.0,0.0,0.0,0.0,0.0,0.8,0.0,-0.9,0.0,0.0,16.0,25903.0
2026-07-30T18:59:36.820Z,146.303,146.316,0.0,7.4,0.0,0.0,0.0,0.0,0.0,0.0,0.0,0.0,1.0,0.0,0.0,0.0,9.0,4.0,0.0,0.0,0.0,0.0,0.0,0.0,0.0,0.0,6.0,12.0,1.0,12.18,5.03,2.5,1.49,0.0,0.1,0.0,0.5,0.0,-0.2,-0.5,0.4,-169.70000000000002,0.0,0.0,169.70000000000002,0.0,21.700000000000003,30.4,30.4,31.0,300.0,300.0,31.0,35.0,30.0,29.4,31.200000000000003,4.95,1.99,4.96,0.16,0.0,0.0,1027.0,8228.0,0.0,0.0,0.0,0.0,0.0,1.0,0.0,0.0,0.0,0.0,0.0,-0.4,0.0,0.6000000000000001,0.0,0.0,16.0,25903.0
2026-07-30T18:59:36.832Z,146.315,146.328,0.0,7.4,0.0,0.0,0.0,0.0,0.0,0.0,0.0,0.0,1.0,0.0,0.0,0.0,9.0,4.0,0.0,0.0,0.0,0.0,0.0,0.0,0.0,0.0,1.0,12.0,1.0,12.18,5.03,2.5,1.49,0.0,0.0,0.0,0.4,0.0,-0.3,-0.5,1.6,-169.70000000000002,0.0,0.0,169.60000000000002,0.0,21.700000000000003,30.4,30.4,31.0,300.0,300.0,31.0,35.0,30.0,29.4,31.200000000000003,4.96,1.99,4.96,0.16,0.0,0.0,1027.0,8228.0,0.0,0.0,0.0,0.0,0.0,1.0,0.0,0.0,0.0,0.0,0.0,-0.9,0.0,1.1,0.0,0.0,16.0,25903.0
2026-07-30T18:59:36.844Z,146.327,146.34,0.0,7.4,0.0,0.0,0.0,0.0,0.0,0.0,0.0,0.0,1.0,0.0,0.0,0.0,9.0,4.0,0.0,0.0,0.0,0.0,0.0,0.0,0.0,0.0,3.0,12.0,1.0,12.18,5.03,2.5,1.49,0.0,0.0,0.0,0.4,0.0,-0.3,1.1,-1.3,-169.60000000000002,0.0,0.0,169.60000000000002,0.0,21.700000000000003,30.4,30.4,31.0,300.0,300.0,31.0,35.0,30.0,29.4,31.200000000000003,4.96,1.99,4.96,0.16,0.0,0.0,1027.0,8228.0,0.0,0.0,0.0,0.0,0.0,1.0,0.0,0.0,0.0,0.0,0.0,0.3,0.0,1.4,0.0,0.0001,16.0,25903.0
2026-07-30T18:59:36.856Z,146.339,146.352,0.0,7.4,0.0,0.0,0.0,0.0,0.0,0.0,0.0,0.0,1.0,0.0,0.0,0.0,9.0,4.0,0.0,0.0,0.0,0.0,0.0,0.0,0.0,0.0,3.0,12.0,1.0,12.18,5.03,2.5,1.49,0.0,0.0,0.0,0.4,0.0,0.8,0.6000000000000001,1.6,-169.60000000000002,0.0,0.0,169.8,0.0,21.700000000000003,30.4,30.4,31.0,300.0,300.0,31.0,35.0,30.0,29.4,31.200000000000003,4.95,1.99,4.96,0.16,0.0,0.0,1027.0,8228.0,0.0,0.0,0.0,0.0,0.0,1.0,0.0,0.0,0.0,0.0,0.0,1.9,0.0,-1.2000000000000002,0.0,0.0,16.0,25903.0
2026-07-30T18:59:36.868Z,146.351,146.364,0.0,7.4,0.0,0.0,0.0,0.0,0.0,0.0,0.0,0.0,1.0,0.0,0.0,0.0,9.0,4.0,0.0,0.0,0.0,0.0,0.0,0.0,0.0,0.0,4.0,12.0,1.0,12.18,5.03,2.5,1.49,0.0,0.0,0.0,0.4,0.0,0.2,-0.5,-0.1,-169.60000000000002,0.0,0.0,169.8,0.0,21.700000000000003,30.4,30.4,31.0,300.0,300.0,31.0,35.0,30.0,29.4,31.200000000000003,4.96,1.99,4.97,0.16,0.0,0.0,1027.0,8228.0,0.0,0.0,0.0,0.0,0.0,1.0,0.0,0.0,0.0,0.0,0.0,-0.7000000000000001,0.0,0.0,0.0,0.0002,16.0,25903.0
2026-07-30T18:59:36.880Z,146.363,146.376,0.0,7.4,0.0,0.0,0.0,0.0,0.0,0.0,0.0,0.0,1.0,0.0,0.0,0.0,9.0,4.0,0.0,0.0,0.0,0.0,0.0,0.0,0.0,0.0,6.0,12.0,1.0,12.15,5.01,2.51,1.49,0.0,0.0,0.0,0.4,0.0,0.2,-0.5,-1.2000000000000002,-169.70000000000002,0.0,0.0,169.70000000000002,0.0,21.700000000000003,30.4,30.4,31.0,300.0,300.0,30.9,35.0,30.0,29.4,31.200000000000003,4.95,1.99,4.96,0.16,0.0,0.0,1027.0,8228.0,0.0,0.0,0.0,0.0,0.0,1.0,0.0,0.0,0.0,0.0,0.0,-1.5,0.0,1.0,0.0,0.0001,16.0,25903.0
2026-07-30T18:59:36.892Z,146.375,146.388,0.0,7.4,0.0,0.0,0.0,0.0,0.0,0.0,0.0,0.0,1.0,0.0,0.0,0.0,9.0,4.0,0.0,0.0,0.0,0.0,0.0,0.0,0.0,0.0,1.0,12.0,1.0,12.15,5.01,2.51,1.49,0.0,0.0,0.0,0.4,0.0,-0.3,1.1,0.4,-169.60000000000002,0.0,0.0,169.60000000000002,0.0,21.700000000000003,30.4,30.4,31.0,300.0,300.0,30.9,35.0,30.0,29.4,31.200000000000003,4.95,1.99,4.97,0.16,0.0,0.0,1027.0,8228.0,0.0,0.0,0.0,0.0,0.0,1.0,0.0,0.0,0.0,0.0,0.0,1.6,0.0,-0.1,0.0,0.0001,16.0,25903.0
2026-07-30T18:59:36.904Z,146.387,146.4,0.0,7.4,0.0,0.0,0.0,0.0,0.0,0.0,0.0,0.0,1.0,0.0,0.0,0.0,9.0,4.0,0.0,0.0,0.0,0.0,0.0,0.0,0.0,0.0,2.0,12.0,1.0,12.15,5.01,2.51,1.49,0.0,0.0,0.0,0.5,0.0,-0.3,0.0,-1.2000000000000002,-169.60000000000002,0.0,0.0,169.70000000000002,0.0,21.700000000000003,30.4,30.4,31.0,300.0,300.0,30.9,35.0,30.0,29.4,31.200000000000003,4.95,1.99,4.97,0.16,0.0,0.0,1027.0,8228.0,0.0,0.0,0.0,0.0,0.0,1.0,0.0,0.0,0.0,0.0,0.0,-1.0,0.0,1.1,0.0,0.0002,16.0,25903.0
2026-07-30T18:59:36.915Z,146.398,146.412,0.0,7.4,0.0,0.0,0.0,0.0,0.0,0.0,0.0,0.0,1.0,0.0,0.0,0.0,9.0,4.0,0.0,0.0,0.0,0.0,0.0,0.0,0.0,0.0,3.0,12.0,1.0,12.15,5.01,2.51,1.49,0.0,0.0,0.0,0.5,0.0,-0.9,-0.7000000000000001,-0.7000000000000001,-169.60000000000002,0.0,0.0,169.70000000000002,0.0,21.700000000000003,30.4,30.4,31.0,300.0,300.0,30.9,35.0,30.0,29.4,31.200000000000003,4.96,1.99,4.96,0.17,0.0,0.0,1027.0,8228.0,0.0,0.0,0.0,0.0,0.0,1.0,0.0,0.0,0.0,0.0,0.0,-1.3,0.0,0.5,0.0,0.0,16.0,25903.0
2026-07-30T18:59:36.928Z,146.411,146.424,0.0,7.4,0.0,0.0,0.0,0.0,0.0,0.0,0.0,0.0,1.0,0.0,0.0,0.0,9.0,4.0,0.0,0.0,0.0,0.0,0.0,0.0,0.0,0.0,4.0,12.0,1.0,12.15,5.01,2.51,1.49,0.0,0.0,0.0,0.4,0.0,0.8,0.4,2.2,-169.60000000000002,0.0,0.0,169.70000000000002,0.0,21.700000000000003,30.4,30.4,31.0,300.0,300.0,30.9,35.0,30.0,29.4,31.200000000000003,4.95,1.99,4.97,0.17,0.0,0.0,1027.0,8228.0,0.0,0.0,0.0,0.0,0.0,1.0,0.0,0.0,0.0,0.0,0.0,2.1,0.0,-1.8,0.0,0.0001,16.0,25903.0
2026-07-30T18:59:36.940Z,146.423,146.436,0.0,7.4,0.0,0.0,0.0,0.0,0.0,0.0,0.0,0.0,1.0,0.0,0.0,0.0,9.0,4.0,0.0,0.0,0.0,0.0,0.0,0.0,0.0,0.0,5.0,12.0,1.0,12.15,5.01,2.51,1.49,0.0,0.0,0.0,0.4,0.0,0.8,0.4,-0.1,-169.60000000000002,0.0,0.0,169.60000000000002,0.0,21.700000000000003,30.4,30.4,31.0,300.0,300.0,30.9,35.0,30.0,29.4,31.200000000000003,4.95,1.99,4.96,0.16,0.0,0.0,1027.0,8228.0,0.0,0.0,0.0,0.0,0.0,1.0,0.0,0.0,0.0,0.0,0.0,0.4,0.0,0.1,0.0,0.0,16.0,25903.0
2026-07-30T18:59:36.952Z,146.435,146.448,0.0,7.4,0.0,0.0,0.0,0.0,0.0,0.0,0.0,0.0,1.0,0.0,0.0,0.0,9.0,4.0,0.0,0.0,0.0,0.0,0.0,0.0,0.0,0.0,6.0,12.0,1.0,12.15,5.01,2.51,1.49,0.0,0.0,0.0,0.4,0.0,-0.8,-0.1,-1.3,-169.60000000000002,0.0,0.0,169.60000000000002,0.0,21.700000000000003,30.4,30.4,31.0,300.0,300.0,30.9,35.0,30.0,29.4,31.200000000000003,4.96,2.0,4.96,0.16,0.0,0.0,1027.0,8228.0,0.0,0.0,0.0,0.0,0.0,1.0,0.0,0.0,0.0,0.0,0.0,-1.1,0.0,1.1,0.0,0.0001,16.0,25903.0
2026-07-30T18:59:36.964Z,146.447,146.46,0.0,7.4,0.0,0.0,0.0,0.0,0.0,0.0,0.0,0.0,1.0,0.0,0.0,0.0,9.0,4.0,0.0,0.0,0.0,0.0,0.0,0.0,0.0,0.0,1.0,12.0,1.0,12.15,5.01,2.51,1.49,0.0,0.1,0.0,0.4,0.0,0.3,0.0,-0.7000000000000001,-169.60000000000002,0.0,0.0,169.60000000000002,0.0,21.700000000000003,30.4,30.4,31.0,300.0,300.0,30.9,35.0,30.0,29.4,31.200000000000003,4.96,2.0,4.96,0.16,0.0,0.0,1027.0,8228.0,0.0,0.0,0.0,0.0,0.0,1.0,0.0,0.0,0.0,0.0,0.0,-0.6000000000000001,0.0,0.6000000000000001,0.0,0.0,16.0,25903.0
2026-07-30T18:59:36.977Z,146.46,146.472,0.0,7.4,0.0,0.0,0.0,0.0,0.0,0.0,0.0,0.0,1.0,0.0,0.0,0.0,9.0,4.0,0.0,0.0,0.0,0.0,0.0,0.0,0.0,0.0,3.0,12.0,1.0,12.17,5.0200000000000005,2.51,1.49,0.0,0.0,0.0,0.4,0.0,0.9,-1.2000000000000002,-0.7000000000000001,-169.60000000000002,0.0,0.0,169.60000000000002,0.0,21.3,30.4,30.4,31.0,300.0,300.0,30.9,35.0,30.0,29.4,31.200000000000003,4.95,1.99,4.97,0.16,0.0,0.0,1027.0,8228.0,0.0,0.0,0.0,0.0,0.0,1.0,0.0,0.0,0.0,0.0,0.0,-1.9,0.0,0.3,0.0,0.0,16.0,25903.0
2026-07-30T18:59:36.988Z,146.471,146.484,0.0,7.4,0.0,0.0,0.0,0.0,0.0,0.0,0.0,0.0,1.0,0.0,0.0,0.0,9.0,4.0,0.0,0.0,0.0,0.0,0.0,0.0,0.0,0.0,4.0,12.0,1.0,12.17,5.0200000000000005,2.51,1.49,0.0,0.0,0.0,0.5,0.0,-0.2,1.0,-0.1,-169.60000000000002,0.0,0.0,169.70000000000002,0.0,21.3,30.4,30.4,31.0,300.0,300.0,30.9,35.0,30.0,29.4,31.200000000000003,4.95,1.99,4.96,0.16,0.0,0.0,1027.0,8228.0,0.0,0.0,0.0,0.0,0.0,1.0,0.0,0.0,0.0,0.0,0.0,1.1,0.0,0.3,0.0,0.0,16.0,25903.0
2026-07-30T18:59:37.005Z,146.488,146.496,0.0,7.4,0.0,0.0,0.0,0.0,0.0,0.0,0.0,0.0,1.0,0.0,0.0,0.0,9.0,4.0,0.0,0.0,0.0,0.0,0.0,0.0,0.0,0.0,4.0,12.0,1.0,12.17,5.0200000000000005,2.51,1.49,0.0,0.0,0.0,0.4,0.0,-0.2,1.0,-0.6000000000000001,-169.60000000000002,0.0,0.0,169.60000000000002,0.0,21.3,30.4,30.4,31.0,300.0,300.0,30.9,35.0,30.0,29.4,31.200000000000003,4.95,2.0,4.96,0.16,0.0,0.0,1027.0,8228.0,0.0,0.0,0.0,0.0,0.0,1.0,0.0,0.0,0.0,0.0,0.0,0.7000000000000001,0.0,0.8,0.0,0.0,16.0,25903.0
2026-07-30T18:59:37.011Z,146.494,146.508,0.0,7.4,0.0,0.0,0.0,0.0,0.0,0.0,0.0,0.0,1.0,0.0,0.0,0.0,9.0,4.0,0.0,0.0,0.0,0.0,0.0,0.0,0.0,0.0,3.0,12.0,1.0,12.17,5.0200000000000005,2.51,1.49,0.0,0.0,0.0,0.4,0.0,-0.3,-1.8,-0.7000000000000001,-169.60000000000002,0.0,0.0,169.60000000000002,0.0,21.3,30.4,30.4,31.0,300.0,300.0,30.9,35.0,30.0,29.4,31.200000000000003,4.95,2.0,4.97,0.16,0.0,0.0,1027.0,8228.0,0.0,0.0,0.0,0.0,0.0,1.0,0.0,0.0,0.0,0.0,0.0,-2.6,0.0,0.2,0.0,0.0,16.0,25903.0
2026-07-30T18:59:37.023Z,146.506,146.52,0.0,7.4,0.0,0.0,0.0,0.0,0.0,0.0,0.0,0.0,1.0,0.0,0.0,0.0,9.0,4.0,0.0,0.0,0.0,0.0,0.0,0.0,0.0,0.0,4.0,12.0,1.0,12.17,5.0200000000000005,2.51,1.49,0.0,0.0,0.0,0.4,0.0,0.2,-0.7000000000000001,-1.3,-169.60000000000002,0.0,0.0,169.60000000000002,0.0,21.3,30.4,30.4,31.0,300.0,300.0,30.9,35.0,30.0,29.4,31.200000000000003,4.96,1.99,4.96,0.16,0.0,0.0,1027.0,8228.0,0.0,0.0,0.0,0.0,0.0,1.0,0.0,0.0,0.0,0.0,0.0,-1.7000000000000002,0.0,1.0,0.0,0.0,16.0,25903.0
2026-07-30T18:59:37.036Z,146.519,146.532,0.0,7.4,0.0,0.0,0.0,0.0,0.0,0.0,0.0,0.0,1.0,0.0,0.0,0.0,9.0,4.0,0.0,0.0,0.0,0.0,0.0,0.0,0.0,0.0,5.0,12.0,1.0,12.17,5.0200000000000005,2.51,1.49,0.0,0.0,0.0,0.4,0.0,0.3,-0.1,-0.1,-169.60000000000002,0.0,0.0,169.60000000000002,0.0,21.3,30.4,30.4,31.0,300.0,300.0,30.9,35.0,30.0,29.4,31.200000000000003,4.96,2.0,4.96,0.16,0.0,0.0,1027.0,8228.0,0.0,0.0,0.0,0.0,0.0,1.0,0.0,0.0,0.0,0.0,0.0,-0.2,0.0,0.0,0.0,0.0,16.0,25903.0
2026-07-30T18:59:37.048Z,146.531,146.544,0.0,7.4,0.0,0.0,0.0,0.0,0.0,0.0,0.0,0.0,1.0,0.0,0.0,0.0,9.0,4.0,0.0,0.0,0.0,0.0,0.0,0.0,0.0,0.0,1.0,12.0,1.0,12.17,5.0200000000000005,2.51,1.49,0.0,0.1,0.0,0.4,0.0,-0.2,0.0,0.0,-169.60000000000002,0.0,0.0,169.60000000000002,0.0,21.3,30.4,30.4,31.0,300.0,300.0,30.9,35.0,30.0,29.4,31.200000000000003,4.96,1.99,4.96,0.16,0.0,0.0,1027.0,8228.0,0.0,0.0,0.0,0.0,0.0,1.0,0.0,0.0,0.0,0.0,0.0,-0.1,0.0,0.0,0.0,0.0,16.0,25903.0
2026-07-30T18:59:37.059Z,146.542,146.556,0.0,7.4,0.0,0.0,0.0,0.0,0.0,0.0,0.0,0.0,1.0,0.0,0.0,0.0,9.0,4.0,0.0,0.0,0.0,0.0,0.0,0.0,0.0,0.0,2.0,12.0,1.0,12.17,5.0200000000000005,2.51,1.49,0.0,0.0,0.0,0.5,0.0,0.3,1.0,0.0,-169.60000000000002,0.0,0.0,169.60000000000002,0.0,21.3,30.4,30.4,31.0,300.0,300.0,30.9,35.0,30.0,29.4,31.200000000000003,4.95,1.99,4.97,0.16,0.0,0.0,1027.0,8228.0,0.0,0.0,0.0,0.0,0.0,1.0,0.0,0.0,0.0,0.0,0.0,1.1,0.0,0.3,0.0,0.0,16.0,25903.0
2026-07-30T18:59:37.072Z,146.555,146.568,0.0,7.4,0.0,0.0,0.0,0.0,0.0,0.0,0.0,0.0,1.0,0.0,0.0,0.0,9.0,4.0,0.0,0.0,0.0,0.0,0.0,0.0,0.0,0.0,3.0,12.0,1.0,12.17,5.0200000000000005,2.51,1.49,0.0,0.0,0.0,0.4,0.0,0.3,0.5,1.6,-169.60000000000002,0.0,0.0,169.60000000000002,0.0,21.3,30.4,30.4,31.0,300.0,300.0,30.9,35.0,30.0,29.4,31.200000000000003,4.96,1.99,4.96,0.16,0.0,0.0,1027.0,8228.0,0.0,0.0,0.0,0.0,0.0,1.0,0.0,0.0,0.0,0.0,0.0,1.8,0.0,-1.3,0.0,0.0,16.0,25903.0
2026-07-30T18:59:37.083Z,146.566,146.58,0.0,7.4,0.0,0.0,0.0,0.0,0.0,0.0,0.0,0.0,1.0,0.0,0.0,0.0,9.0,4.0,0.0,0.0,0.0,0.0,0.0,0.0,0.0,0.0,5.0,12.0,1.0,12.11,5.0200000000000005,2.51,1.49,0.0,0.0,0.0,0.4,0.0,-0.2,-1.2000000000000002,-0.6000000000000001,-169.60000000000002,0.0,0.0,169.60000000000002,0.0,21.8,30.4,30.4,31.0,300.0,300.0,31.0,35.0,30.0,29.4,31.200000000000003,4.96,2.0,4.96,0.16,0.0,0.0,1027.0,8228.0,0.0,0.0,0.0,0.0,0.0,1.0,0.0,0.0,0.0,0.0,0.0,-1.9,0.0,0.3,0.0,0.0,16.0,25903.0
2026-07-30T18:59:37.096Z,146.579,146.592,0.0,7.4,0.0,0.0,0.0,0.0,0.0,0.0,0.0,0.0,1.0,0.0,0.0,0.0,9.0,4.0,0.0,0.0,0.0,0.0,0.0,0.0,0.0,0.0,6.0,12.0,1.0,12.11,5.0200000000000005,2.51,1.49,0.0,0.0,0.0,0.4,0.0,0.4,0.0,1.7000000000000002,-169.60000000000002,0.0,0.0,169.60000000000002,0.0,21.8,30.4,30.4,31.0,300.0,300.0,31.0,35.0,30.0,29.4,31.200000000000003,4.95,1.99,4.96,0.16,0.0,0.0,1027.0,8228.0,0.0,0.0,0.0,0.0,0.0,1.0,0.0,0.0,0.0,0.0,0.0,1.2000000000000002,0.0,-1.5,0.0,0.0,16.0,25903.0
2026-07-30T18:59:37.108Z,146.591,146.604,0.0,7.4,0.0,0.0,0.0,0.0,0.0,0.0,0.0,0.0,1.0,0.0,0.0,0.0,9.0,4.0,0.0,0.0,0.0,0.0,0.0,0.0,0.0,0.0,1.0,12.0,1.0,12.11,5.0200000000000005,2.51,1.49,0.0,0.0,0.0,0.5,0.0,-0.7000000000000001,0.0,-0.6000000000000001,-169.60000000000002,0.0,0.0,169.70000000000002,0.0,21.8,30.4,30.4,31.0,300.0,300.0,31.0,35.0,30.0,29.4,31.200000000000003,4.96,1.99,4.96,0.16,0.0,0.0,1027.0,8228.0,0.0,0.0,0.0,0.0,0.0,1.0,0.0,0.0,0.0,0.0,0.0,-0.4,0.0,0.5,0.0,0.0,16.0,25903.0
2026-07-30T18:59:37.120Z,146.603,146.616,0.0,7.4,0.0,0.0,0.0,0.0,0.0,0.0,0.0,0.0,1.0,0.0,0.0,0.0,9.0,4.0,0.0,0.0,0.0,0.0,0.0,0.0,0.0,0.0,3.0,12.0,1.0,12.11,5.0200000000000005,2.51,1.49,0.0,0.1,0.0,0.4,0.0,0.3,-1.0,0.0,-169.60000000000002,0.0,0.0,169.70000000000002,0.0,21.8,30.4,30.4,31.0,300.0,300.0,31.0,35.0,30.0,29.4,31.200000000000003,4.95,2.0,4.97,0.16,0.0,0.0,1027.0,8228.0,0.0,0.0,0.0,0.0,0.0,1.0,0.0,0.0,0.0,0.0,0.0,-1.3,0.0,-0.1,0.0,0.0001,16.0,25903.0
2026-07-30T18:59:37.132Z,146.615,146.628,0.0,7.4,0.0,0.0,0.0,0.0,0.0,0.0,0.0,0.0,1.0,0.0,0.0,0.0,9.0,4.0,0.0,0.0,0.0,0.0,0.0,0.0,0.0,0.0,4.0,12.0,1.0,12.11,5.0200000000000005,2.51,1.49,0.0,0.0,0.0,0.5,0.0,-0.1,0.6000000000000001,0.4,-169.60000000000002,0.0,0.0,169.8,0.0,21.8,30.4,30.4,31.0,300.0,300.0,31.0,35.0,30.0,29.4,31.200000000000003,4.95,1.99,4.96,0.16,0.0,0.0,1027.0,8228.0,0.0,0.0,0.0,0.0,0.0,1.0,0.0,0.0,0.0,0.0,0.0,1.0,0.0,-0.3,0.0,0.0,16.0,25903.0
2026-07-30T18:59:37.144Z,146.627,146.64,0.0,7.4,0.0,0.0,0.0,0.0,0.0,0.0,0.0,0.0,1.0,0.0,0.0,0.0,9.0,4.0,0.0,0.0,0.0,0.0,0.0,0.0,0.0,0.0,5.0,12.0,1.0,12.11,5.0200000000000005,2.51,1.49,0.0,0.0,0.0,0.5,0.0,-0.1,0.6000000000000001,0.5,-169.60000000000002,0.0,0.0,169.70000000000002,0.0,21.8,30.4,30.4,31.0,300.0,300.0,31.0,35.0,30.0,29.4,31.200000000000003,4.95,1.99,4.96,0.16,0.0,0.0,1027.0,8228.0,0.0,0.0,0.0,0.0,0.0,1.0,0.0,0.0,0.0,0.0,0.0,1.0,0.0,-0.3,0.0,0.0001,16.0,25903.0
2026-07-30T18:59:37.156Z,146.639,146.65200000000002,0.0,7.4,0.0,0.0,0.0,0.0,0.0,0.0,0.0,0.0,1.0,0.0,0.0,0.0,9.0,4.0,0.0,0.0,0.0,0.0,0.0,0.0,0.0,0.0,1.0,12.0,1.0,12.11,5.0200000000000005,2.51,1.49,0.0,0.0,0.0,0.5,0.0,-0.1,-1.1,0.0,-169.60000000000002,0.0,0.0,169.8,0.0,21.8,30.4,30.4,31.0,300.0,300.0,31.0,35.0,30.0,29.4,31.200000000000003,4.96,1.99,4.96,0.16,0.0,0.0,1027.0,8228.0,0.0,0.0,0.0,0.0,0.0,1.0,0.0,0.0,0.0,0.0,0.0,-1.3,0.0,-0.1,0.0,0.0,16.0,25903.0
2026-07-30T18:59:37.168Z,146.651,146.66400000000002,0.0,7.4,0.0,0.0,0.0,0.0,0.0,0.0,0.0,0.0,1.0,0.0,0.0,0.0,9.0,4.0,0.0,0.0,0.0,0.0,0.0,0.0,0.0,0.0,2.0,12.0,1.0,12.11,5.0200000000000005,2.51,1.49,0.0,0.0,0.0,0.4,0.0,0.0,-0.5,1.7000000000000002,-169.60000000000002,0.0,0.0,169.60000000000002,0.0,21.8,30.4,30.4,31.0,300.0,300.0,31.0,35.0,30.0,29.4,31.200000000000003,4.95,1.99,4.96,0.16,0.0,0.0,1027.0,8228.0,0.0,0.0,0.0,0.0,0.0,1.0,0.0,0.0,0.0,0.0,0.0,0.6000000000000001,0.0,-1.6,0.0,0.0001,16.0,25903.0
2026-07-30T18:59:37.181Z,146.664,146.67600000000002,0.0,7.4,0.0,0.0,0.0,0.0,0.0,0.0,0.0,0.0,1.0,0.0,0.0,0.0,9.0,4.0,0.0,0.0,0.0,0.0,0.0,0.0,0.0,0.0,2.0,12.0,1.0,12.18,5.01,2.5,1.49,0.0,0.0,0.0,0.4,0.0,1.0,1.2000000000000002,1.0,-169.60000000000002,0.0,0.0,169.70000000000002,0.0,20.8,30.4,30.4,31.0,300.0,300.0,31.0,34.9,30.0,29.4,31.200000000000003,4.95,1.99,4.96,0.16,0.0,0.0,1027.0,8228.0,0.0,0.0,0.0,0.0,0.0,1.0,0.0,0.0,0.0,0.0,0.0,2.1,0.0,-0.6000000000000001,0.0,0.0002,16.0,25903.0
2026-07-30T18:59:37.192Z,146.675,146.68800000000002,0.0,7.4,0.0,0.0,0.0,0.0,0.0,0.0,0.0,0.0,1.0,0.0,0.0,0.0,9.0,4.0,0.0,0.0,0.0,0.0,0.0,0.0,0.0,0.0,3.0,12.0,1.0,12.18,5.01,2.5,1.49,0.0,0.0,0.0,0.4,0.0,-0.7000000000000001,-1.0,-0.6000000000000001,-169.60000000000002,0.0,0.0,169.70000000000002,0.0,20.8,30.4,30.4,31.0,300.0,300.0,31.0,34.9,30.0,29.4,31.200000000000003,4.96,2.0,4.96,0.16,0.0,0.0,1027.0,8228.0,0.0,0.0,0.0,0.0,0.0,1.0,0.0,0.0,0.0,0.0,0.0,-1.7000000000000002,0.0,0.3,0.0,0.0,16.0,25903.0
2026-07-30T18:59:37.203Z,146.686,146.70000000000002,0.0,7.4,0.0,0.0,0.0,0.0,0.0,0.0,0.0,0.0,1.0,0.0,0.0,0.0,9.0,4.0,0.0,0.0,0.0,0.0,0.0,0.0,0.0,0.0,5.0,12.0,1.0,12.18,5.01,2.5,1.49,0.1,0.0,0.0,0.5,0.0,-0.1,0.0,-0.7000000000000001,-169.60000000000002,0.0,0.0,169.70000000000002,0.0,20.8,30.4,30.4,31.0,300.0,300.0,31.0,34.9,30.0,29.4,31.200000000000003,4.95,2.0,4.96,0.16,0.0,0.0,1027.0,8228.0,0.0,0.0,0.0,0.0,0.0,1.0,0.0,0.0,0.0,0.0,0.0,-0.4,0.0,0.6000000000000001,0.0,0.0001,16.0,25903.0
2026-07-30T18:59:37.215Z,146.698,146.712,0.0,7.4,0.0,0.0,0.0,0.0,0.0,0.0,0.0,0.0,1.0,0.0,0.0,0.0,9.0,4.0,0.0,0.0,0.0,0.0,0.0,0.0,0.0,0.0,6.0,12.0,1.0,12.18,5.01,2.5,1.49,0.0,0.1,0.0,0.4,0.0,0.3,-1.0,-1.2000000000000002,-169.60000000000002,0.0,0.0,169.60000000000002,0.0,20.8,30.4,30.4,31.0,300.0,300.0,31.0,34.9,30.0,29.4,31.200000000000003,4.95,1.99,4.97,0.16,0.0,0.0,1027.0,8228.0,0.0,0.0,0.0,0.0,0.0,1.0,0.0,0.0,0.0,0.0,0.0,-2.1,0.0,0.9,0.0,0.0,16.0,25903.0
2026-07-30T18:59:37.228Z,146.711,146.724,0.0,7.4,0.0,0.0,0.0,0.0,0.0,0.0,0.0,0.0,1.0,0.0,0.0,0.0,9.0,4.0,0.0,0.0,0.0,0.0,0.0,0.0,0.0,0.0,1.0,12.0,1.0,12.18,5.01,2.5,1.49,0.0,0.0,0.0,0.4,0.0,-0.1,1.2000000000000002,-0.1,-169.60000000000002,0.0,0.0,169.70000000000002,0.0,20.8,30.4,30.4,31.0,300.0,300.0,31.0,34.9,30.0,29.4,31.200000000000003,4.95,2.0,4.96,0.16,0.0,0.0,1027.0,8228.0,0.0,0.0,0.0,0.0,0.0,1.0,0.0,0.0,0.0,0.0,0.0,1.2000000000000002,0.0,0.3,0.0,0.0,16.0,25903.0
2026-07-30T18:59:37.240Z,146.723,146.736,0.0,7.4,0.0,0.0,0.0,0.0,0.0,0.0,0.0,0.0,1.0,0.0,0.0,0.0,9.0,4.0,0.0,0.0,0.0,0.0,0.0,0.0,0.0,0.0,2.0,12.0,1.0,12.18,5.01,2.5,1.49,-0.1,0.1,0.0,0.4,0.0,-0.1,0.0,0.4,-169.60000000000002,0.0,0.0,169.70000000000002,0.0,20.8,30.4,30.4,31.0,300.0,300.0,31.0,34.9,30.0,29.4,31.200000000000003,4.96,1.99,4.96,0.16,0.0,0.0,1027.0,8228.0,0.0,0.0,0.0,0.0,0.0,1.0,0.0,0.0,0.0,0.0,0.0,0.4,0.0,-0.4,0.0,0.0001,16.0,25903.0
2026-07-30T18:59:37.252Z,146.735,146.748,0.0,7.4,0.0,0.0,0.0,0.0,0.0,0.0,0.0,0.0,1.0,0.0,0.0,0.0,9.0,4.0,0.0,0.0,0.0,0.0,0.0,0.0,0.0,0.0,3.0,12.0,1.0,12.18,5.01,2.5,1.49,0.0,0.0,0.0,0.4,0.0,1.5,0.0,1.0,-169.60000000000002,0.0,0.0,169.8,0.0,20.8,30.4,30.4,31.0,300.0,300.0,31.0,34.9,30.0,29.4,31.200000000000003,4.95,1.99,4.97,0.16,0.0,0.0,1027.0,8228.0,0.0,0.0,0.0,0.0,0.0,1.0,0.0,0.0,0.0,0.0,0.0,0.8,0.0,-0.8,0.0,0.0001,16.0,25903.0
2026-07-30T18:59:37.264Z,146.747,146.76,0.0,7.4,0.0,0.0,0.0,0.0,0.0,0.0,0.0,0.0,1.0,0.0,0.0,0.0,9.0,4.0,0.0,0.0,0.0,0.0,0.0,0.0,0.0,0.0,4.0,12.0,1.0,12.18,5.01,2.5,1.49,0.0,0.0,0.0,0.4,0.0,-0.1,0.0,0.9,-169.60000000000002,0.0,0.0,169.8,0.0,20.8,30.4,30.4,31.0,300.0,300.0,31.0,34.9,30.0,29.4,31.200000000000003,4.96,1.99,4.96,0.16,0.0,0.0,1027.0,8228.0,0.0,0.0,0.0,0.0,0.0,1.0,0.0,0.0,0.0,0.0,0.0,0.7000000000000001,0.0,-0.8,0.0,0.0,16.0,25903.0
2026-07-30T18:59:37.276Z,146.759,146.772,0.0,7.4,0.0,0.0,0.0,0.0,0.0,0.0,0.0,0.0,1.0,0.0,0.0,0.0,9.0,4.0,0.0,0.0,0.0,0.0,0.0,0.0,0.0,0.0,5.0,12.0,1.0,12.18,5.01,2.5,1.49,0.0,0.0,0.0,0.5,0.0,-0.2,-0.5,-0.7000000000000001,-169.70000000000002,0.0,0.0,169.70000000000002,0.0,20.8,30.4,30.4,31.0,300.0,300.0,31.0,34.9,30.0,29.4,31.200000000000003,4.96,2.0,4.97,0.16,0.0,0.0,1027.0,8228.0,0.0,0.0,0.0,0.0,0.0,1.0,0.0,0.0,0.0,0.0,0.0,-1.2000000000000002,0.0,0.5,0.0,0.0,16.0,25903.0
2026-07-30T18:59:37.287Z,146.77,146.784,0.0,7.4,0.0,0.0,0.0,0.0,0.0,0.0,0.0,0.0,1.0,0.0,0.0,0.0,9.0,4.0,0.0,0.0,0.0,0.0,0.0,0.0,0.0,0.0,1.0,12.0,1.0,12.15,5.0200000000000005,2.51,1.49,0.0,0.0,0.0,0.4,0.0,-0.8,0.0,-0.2,-169.70000000000002,0.0,0.0,169.8,0.0,21.9,30.4,30.4,31.0,300.0,300.0,30.9,34.9,30.0,29.4,31.200000000000003,4.95,1.99,4.97,0.16,0.0,0.0,1027.0,8228.0,0.0,0.0,0.0,0.0,0.0,1.0,0.0,0.0,0.0,0.0,0.0,-0.1,0.0,0.1,0.0,0.0,16.0,25903.0
2026-07-30T18:59:37.300Z,146.783,146.796,0.0,7.4,0.0,0.0,0.0,0.0,0.0,0.0,0.0,0.0,1.0,0.0,0.0,0.0,9.0,4.0,0.0,0.0,0.0,0.0,0.0,0.0,0.0,0.0,2.0,12.0,1.0,12.15,5.0200000000000005,2.51,1.49,0.0,0.0,0.0,0.4,0.0,0.3,-0.5,-0.2,-169.70000000000002,0.0,0.0,169.8,0.0,21.9,30.4,30.4,31.0,300.0,300.0,30.9,34.9,30.0,29.4,31.200000000000003,4.95,1.99,4.97,0.16,0.0,0.0,1027.0,8228.0,0.0,0.0,0.0,0.0,0.0,1.0,0.0,0.0,0.0,0.0,0.0,-0.8,0.0,0.0,0.0,0.0,16.0,25903.0
2026-07-30T18:59:37.321Z,146.804,146.808,0.0,7.4,0.0,0.0,0.0,0.0,0.0,0.0,0.0,0.0,1.0,0.0,0.0,0.0,9.0,4.0,0.0,0.0,0.0,0.0,0.0,0.0,0.0,0.0,3.0,12.0,1.0,12.15,5.0200000000000005,2.51,1.49,0.0,0.0,0.0,0.4,0.0,0.9,0.6000000000000001,0.9,-169.70000000000002,0.0,0.0,169.70000000000002,0.0,21.9,30.4,30.4,31.0,300.0,300.0,30.9,34.9,30.0,29.4,31.200000000000003,4.96,1.99,4.96,0.16,0.0,0.0,1027.0,8228.0,0.0,0.0,0.0,0.0,0.0,1.0,0.0,0.0,0.0,0.0,0.0,1.4,0.0,-0.7000000000000001,0.0,0.0,16.0,25903.0
2026-07-30T18:59:37.325Z,146.808,146.82,0.0,7.4,0.0,0.0,0.0,0.0,0.0,0.0,0.0,0.0,1.0,0.0,0.0,0.0,9.0,4.0,0.0,0.0,0.0,0.0,0.0,0.0,0.0,0.0,6.0,12.0,1.0,12.15,5.0200000000000005,2.51,1.49,0.0,0.0,0.0,0.4,0.0,0.3,0.0,-0.7000000000000001,-169.70000000000002,0.0,0.0,169.8,0.0,21.9,30.4,30.4,31.0,300.0,300.0,30.9,34.9,30.0,29.4,31.200000000000003,4.96,1.99,4.97,0.16,0.0,0.0,1027.0,8228.0,0.0,0.0,0.0,0.0,0.0,1.0,0.0,0.0,0.0,0.0,0.0,-0.5,0.0,0.6000000000000001,0.0,0.0001,16.0,25903.0
2026-07-30T18:59:37.336Z,146.819,146.832,0.0,7.4,0.0,0.0,0.0,0.0,0.0,0.0,0.0,0.0,1.0,0.0,0.0,0.0,9.0,4.0,0.0,0.0,0.0,0.0,0.0,0.0,0.0,0.0,6.0,12.0,1.0,12.15,5.0200000000000005,2.51,1.49,0.0,0.1,0.0,0.4,0.0,1.5,1.2000000000000002,0.4,-169.70000000000002,0.0,0.0,169.8,0.0,21.9,30.4,30.4,31.0,300.0,300.0,30.9,34.9,30.0,29.4,31.200000000000003,4.95,1.99,4.97,0.16,0.0,0.0,1027.0,8228.0,0.0,0.0,0.0,0.0,0.0,1.0,0.0,0.0,0.0,0.0,0.0,-0.9,0.0,1.1,0.0,0.0002,16.0,25903.0
2026-07-30T18:59:37.348Z,146.831,146.844,0.0,7.4,0.0,0.0,0.0,0.0,0.0,0.0,0.0,0.0,1.0,0.0,0.0,0.0,9.0,4.0,0.0,0.0,0.0,0.0,0.0,0.0,0.0,0.0,1.0,12.0,1.0,12.15,5.0200000000000005,2.51,1.49,0.0,0.0,0.0,0.5,0.0,0.3,-0.5,1.0,-169.70000000000002,0.0,0.0,169.70000000000002,0.0,21.9,30.4,30.4,31.0,300.0,300.0,30.9,34.9,30.0,29.4,31.200000000000003,4.96,1.99,4.96,0.16,0.0,0.0,1027.0,8228.0,0.0,0.0,0.0,0.0,0.0,1.0,0.0,0.0,0.0,0.0,0.0,-0.9,0.0,-0.6000000000000001,0.0,0.0001,16.0,25903.0
2026-07-30T18:59:37.360Z,146.843,146.856,0.0,7.4,0.0,0.0,0.0,0.0,0.0,0.0,0.0,0.0,1.0,0.0,0.0,0.0,9.0,4.0,0.0,0.0,0.0,0.0,0.0,0.0,0.0,0.0,2.0,12.0,1.0,12.15,5.0200000000000005,2.51,1.49,0.0,0.0,0.0,0.5,0.0,-0.1,0.6000000000000001,1.0,-169.70000000000002,0.0,0.0,169.8,0.0,21.9,30.4,30.4,31.0,300.0,300.0,30.9,34.9,30.0,29.4,31.200000000000003,4.95,1.99,4.97,0.16,0.0,0.0,1027.0,8228.0,0.0,0.0,0.0,0.0,0.0,1.0,0.0,0.0,0.0,0.0,0.0,1.5,0.0,-0.7000000000000001,0.0,0.0001,16.0,25903.0
2026-07-30T18:59:37.371Z,146.854,146.868,0.0,7.4,0.0,0.0,0.0,0.0,0.0,0.0,0.0,0.0,1.0,0.0,0.0,0.0,9.0,4.0,0.0,0.0,0.0,0.0,0.0,0.0,0.0,0.0,4.0,12.0,1.0,12.15,5.0200000000000005,2.51,1.49,0.0,0.1,0.0,0.4,0.0,0.4,1.8,-0.1,-169.70000000000002,0.0,0.0,169.8,0.0,21.9,30.4,30.4,31.0,300.0,300.0,30.9,34.9,30.0,29.4,31.200000000000003,4.95,1.99,4.97,0.16,0.0,0.0,1027.0,8228.0,0.0,0.0,0.0,0.0,0.0,1.0,0.0,0.0,0.0,0.0,0.0,1.9,0.0,0.5,0.0,0.0,16.0,25903.0
2026-07-30T18:59:37.385Z,146.868,146.88,0.0,7.4,0.0,0.0,0.0,0.0,0.0,0.0,0.0,0.0,1.0,0.0,0.0,0.0,9.0,4.0,0.0,0.0,0.0,0.0,0.0,0.0,0.0,0.0,5.0,12.0,1.0,12.15,5.0200000000000005,2.51,1.5,0.0,0.1,0.0,0.4,0.0,0.3,1.2000000000000002,0.3,-169.70000000000002,0.0,0.0,169.8,0.0,21.8,30.4,30.3,31.0,300.0,300.0,30.9,35.0,30.0,29.4,31.200000000000003,4.96,2.0,4.97,0.16,0.0,0.0,1027.0,8228.0,0.0,0.0,0.0,0.0,0.0,1.0,0.0,0.0,0.0,0.0,0.0,1.7000000000000002,0.0,0.0,0.0,0.0,16.0,25903.0
2026-07-30T18:59:37.395Z,146.878,146.892,0.0,7.4,0.0,0.0,0.0,0.0,0.0,0.0,0.0,0.0,1.0,0.0,0.0,0.0,9.0,4.0,0.0,0.0,0.0,0.0,0.0,0.0,0.0,0.0,1.0,12.0,1.0,12.15,5.0200000000000005,2.51,1.5,0.0,0.1,0.0,0.4,0.0,-0.8,0.0,-1.9,-169.70000000000002,0.0,0.0,169.8,0.0,21.8,30.4,30.3,31.0,300.0,300.0,30.9,35.0,30.0,29.4,31.200000000000003,4.96,2.0,4.96,0.16,0.0,0.0,1027.0,8228.0,0.0,0.0,0.0,0.0,0.0,1.0,0.0,0.0,0.0,0.0,0.0,-1.3,0.0,1.7000000000000002,0.0,0.0,16.0,25903.0
2026-07-30T18:59:37.408Z,146.891,146.904,0.0,7.4,0.0,0.0,0.0,0.0,0.0,0.0,0.0,0.0,1.0,0.0,0.0,0.0,9.0,4.0,0.0,0.0,0.0,0.0,0.0,0.0,0.0,0.0,2.0,12.0,1.0,12.15,5.0200000000000005,2.51,1.5,0.0,0.0,0.0,0.4,0.0,-0.2,-1.0,-1.2000000000000002,-169.70000000000002,0.0,0.0,169.70000000000002,0.0,21.8,30.4,30.3,31.0,300.0,300.0,30.9,35.0,30.0,29.4,31.200000000000003,4.95,1.99,4.97,0.16,0.0,0.0,1027.0,8228.0,0.0,0.0,0.0,0.0,0.0,1.0,0.0,0.0,0.0,0.0,0.0,-2.1,0.0,0.9,0.0,0.0001,16.0,25903.0
2026-07-30T18:59:37.419Z,146.902,146.916,0.0,7.4,0.0,0.0,0.0,0.0,0.0,0.0,0.0,0.0,1.0,0.0,0.0,0.0,9.0,4.0,0.0,0.0,0.0,0.0,0.0,0.0,0.0,0.0,4.0,12.0,1.0,12.15,5.0200000000000005,2.51,1.5,0.0,0.1,0.0,0.4,0.0,0.3,0.6000000000000001,0.4,-169.70000000000002,0.0,0.0,169.70000000000002,0.0,21.8,30.4,30.3,31.0,300.0,300.0,30.9,35.0,30.0,29.4,31.200000000000003,4.95,1.99,4.96,0.16,0.0,0.0,1027.0,8228.0,0.0,0.0,0.0,0.0,0.0,1.0,0.0,0.0,0.0,0.0,0.0,1.0,0.0,-0.2,0.0,0.0001,16.0,25903.0
2026-07-30T18:59:37.432Z,146.915,146.928,0.0,7.4,0.0,0.0,0.0,0.0,0.0,0.0,0.0,0.0,1.0,0.0,0.0,0.0,9.0,4.0,0.0,0.0,0.0,0.0,0.0,0.0,0.0,0.0,5.0,12.0,1.0,12.15,5.0200000000000005,2.51,1.5,0.0,0.0,0.0,0.4,0.0,-0.8,1.2000000000000002,1.0,-169.70000000000002,0.0,0.0,169.70000000000002,0.0,21.8,30.4,30.3,31.0,300.0,300.0,30.9,35.0,30.0,29.4,31.200000000000003,4.96,1.99,4.96,0.16,0.0,0.0,1027.0,8228.0,0.0,0.0,0.0,0.0,0.0,1.0,0.0,0.0,0.0,0.0,0.0,2.1,0.0,-0.6000000000000001,0.0,0.0,16.0,25903.0
2026-07-30T18:59:37.443Z,146.926,146.94,0.0,7.4,0.0,0.0,0.0,0.0,0.0,0.0,0.0,0.0,1.0,0.0,0.0,0.0,9.0,4.0,0.0,0.0,0.0,0.0,0.0,0.0,0.0,0.0,1.0,12.0,1.0,12.15,5.0200000000000005,2.51,1.5,0.0,0.1,0.0,0.4,0.0,-0.8,0.0,1.6,-169.70000000000002,0.0,0.0,169.8,0.0,21.8,30.4,30.3,31.0,300.0,300.0,30.9,35.0,30.0,29.4,31.200000000000003,4.96,1.99,4.96,0.16,0.0,0.0,1027.0,8228.0,0.0,0.0,0.0,0.0,0.0,1.0,0.0,0.0,0.0,0.0,0.0,1.3,0.0,-1.4,0.0,0.0,16.0,25903.0
2026-07-30T18:59:37.456Z,146.939,146.952,0.0,7.4,0.0,0.0,0.0,0.0,0.0,0.0,0.0,0.0,1.0,0.0,0.0,0.0,9.0,4.0,0.0,0.0,0.0,0.0,0.0,0.0,0.0,0.0,2.0,12.0,1.0,12.15,5.0200000000000005,2.51,1.5,0.0,0.1,0.0,0.4,0.0,0.3,0.6000000000000001,-0.1,-169.70000000000002,0.0,0.0,169.60000000000002,0.0,21.8,30.4,30.3,31.0,300.0,300.0,30.9,35.0,30.0,29.4,31.200000000000003,4.95,1.99,4.97,0.16,0.0,0.0,1027.0,8228.0,0.0,0.0,0.0,0.0,0.0,1.0,0.0,0.0,0.0,0.0,0.0,0.6000000000000001,0.0,0.2,0.0,0.0001,16.0,25903.0
2026-07-30T18:59:37.468Z,146.951,146.964,0.0,7.4,0.0,0.0,0.0,0.0,0.0,0.0,0.0,0.0,1.0,0.0,0.0,0.0,9.0,4.0,0.0,0.0,0.0,0.0,0.0,0.0,0.0,0.0,4.0,12.0,1.0,12.15,5.0200000000000005,2.51,1.5,0.0,0.0,0.0,0.5,0.0,0.3,0.0,0.4,-169.70000000000002,0.0,0.0,169.8,0.0,21.8,30.4,30.3,31.0,300.0,300.0,30.9,35.0,30.0,29.4,31.200000000000003,4.95,1.99,4.96,0.16,0.0,0.0,1027.0,8228.0,0.0,0.0,0.0,0.0,0.0,1.0,0.0,0.0,0.0,0.0,0.0,0.3,0.0,-0.3,0.0,0.0002,16.0,25903.0
2026-07-30T18:59:37.480Z,146.963,146.976,0.0,7.4,0.0,0.0,0.0,0.0,0.0,0.0,0.0,0.0,1.0,0.0,0.0,0.0,9.0,4.0,0.0,0.0,0.0,0.0,0.0,0.0,0.0,0.0,5.0,12.0,1.0,12.15,5.0200000000000005,2.51,1.5,0.0,0.0,0.0,0.4,0.0,-0.2,0.0,-0.1,-169.70000000000002,0.0,0.0,169.8,0.0,21.8,30.4,30.3,31.0,300.0,300.0,30.9,35.0,30.0,29.4,31.200000000000003,4.96,2.0,4.96,0.16,0.0,0.0,1027.0,8228.0,0.0,0.0,0.0,0.0,0.0,1.0,0.0,0.0,0.0,0.0,0.0,-0.1,0.0,0.1,0.0,0.0002,16.0,25903.0
2026-07-30T18:59:37.492Z,146.975,146.988,0.0,7.4,0.0,0.0,0.0,0.0,0.0,0.0,0.0,0.0,1.0,0.0,0.0,0.0,9.0,4.0,0.0,0.0,0.0,0.0,0.0,0.0,0.0,0.0,1.0,12.0,1.0,12.11,5.01,2.5,1.5,0.0,0.0,0.0,0.4,0.0,0.3,0.0,0.4,-169.70000000000002,0.0,0.0,169.60000000000002,0.0,21.8,30.4,30.3,31.0,300.0,300.0,30.9,35.0,30.0,29.4,31.200000000000003,4.95,2.0,4.96,0.16,0.0,0.0,1027.0,8228.0,0.0,0.0,0.0,0.0,0.0,1.0,0.0,0.0,0.0,0.0,0.0,0.3,0.0,-0.4,0.0,0.0001,16.0,25903.0
2026-07-30T18:59:37.504Z,146.987,147.0,0.0,7.4,0.0,0.0,0.0,0.0,0.0,0.0,0.0,0.0,1.0,0.0,0.0,0.0,9.0,4.0,0.0,0.0,0.0,0.0,0.0,0.0,0.0,0.0,2.0,12.0,1.0,12.11,5.01,2.5,1.5,0.0,0.0,0.0,0.5,0.0,0.3,-0.5,1.0,-169.70000000000002,0.0,0.0,169.70000000000002,0.0,21.8,30.4,30.3,31.0,300.0,300.0,30.9,35.0,30.0,29.4,31.200000000000003,4.95,1.99,4.96,0.16,0.0,0.0,1027.0,8228.0,0.0,0.0,0.0,0.0,0.0,1.0,0.0,0.0,0.0,0.0,0.0,0.1,0.0,-1.0,0.0,0.0002,16.0,25903.0
2026-07-30T18:59:37.516Z,146.999,147.012,0.0,7.4,0.0,0.0,0.0,0.0,0.0,0.0,0.0,0.0,1.0,0.0,0.0,0.0,9.0,4.0,0.0,0.0,0.0,0.0,0.0,0.0,0.0,0.0,3.0,12.0,1.0,12.11,5.01,2.5,1.5,0.0,0.1,0.0,0.4,0.0,-0.2,1.1,0.3,-169.70000000000002,0.0,0.0,169.8,0.0,21.8,30.4,30.3,31.0,300.0,300.0,30.9,35.0,30.0,29.4,31.200000000000003,4.95,1.99,4.97,0.16,0.0,0.0,1027.0,8228.0,0.0,0.0,0.0,0.0,0.0,1.0,0.0,0.0,0.0,0.0,0.0,1.6,0.0,0.0,0.0,0.0001,16.0,25903.0
2026-07-30T18:59:37.528Z,147.011,147.024,0.0,7.4,0.0,0.0,0.0,0.0,0.0,0.0,0.0,0.0,1.0,0.0,0.0,0.0,9.0,4.0,0.0,0.0,0.0,0.0,0.0,0.0,0.0,0.0,4.0,12.0,1.0,12.11,5.01,2.5,1.5,0.0,0.0,0.0,0.4,0.0,-1.4,-0.5,-0.7000000000000001,-169.70000000000002,0.0,0.0,169.8,0.0,21.8,30.4,30.3,31.0,300.0,300.0,30.9,35.0,30.0,29.4,31.200000000000003,4.96,1.99,4.97,0.16,0.0,0.0,1027.0,8228.0,0.0,0.0,0.0,0.0,0.0,1.0,0.0,0.0,0.0,0.0,0.0,-1.2000000000000002,0.0,0.5,0.0,0.0001,16.0,25903.0
2026-07-30T18:59:37.540Z,147.023,147.036,0.0,7.4,0.0,0.0,0.0,0.0,0.0,0.0,0.0,0.0,1.0,0.0,0.0,0.0,9.0,4.0,0.0,0.0,0.0,0.0,0.0,0.0,0.0,0.0,5.0,12.0,1.0,12.11,5.01,2.5,1.5,0.0,0.0,0.0,0.4,0.0,-0.2,0.6000000000000001,0.3,-169.70000000000002,0.0,0.0,169.8,0.0,21.8,30.4,30.3,31.0,300.0,300.0,30.9,35.0,30.0,29.4,31.200000000000003,4.95,1.99,4.97,0.16,0.0,0.0,1027.0,8228.0,0.0,0.0,0.0,0.0,0.0,1.0,0.0,0.0,0.0,0.0,0.0,0.9,0.0,-0.2,0.0,0.0001,16.0,25903.0
2026-07-30T18:59:37.552Z,147.035,147.048,0.0,7.4,0.0,0.0,0.0,0.0,0.0,0.0,0.0,0.0,1.0,0.0,0.0,0.0,9.0,4.0,0.0,0.0,0.0,0.0,0.0,0.0,0.0,0.0,6.0,12.0,1.0,12.11,5.01,2.5,1.5,0.0,0.0,0.0,0.5,0.0,-0.2,0.0,-0.7000000000000001,-169.70000000000002,0.0,0.0,169.8,0.0,21.8,30.4,30.3,31.0,300.0,300.0,30.9,35.0,30.0,29.4,31.200000000000003,4.96,1.99,4.96,0.16,0.0,0.0,1027.0,8228.0,0.0,0.0,0.0,0.0,0.0,1.0,0.0,0.0,0.0,0.0,0.0,-0.5,0.0,0.6000000000000001,0.0,0.0001,16.0,25903.0
2026-07-30T18:59:37.564Z,147.047,147.06,0.0,7.4,0.0,0.0,0.0,0.0,0.0,0.0,0.0,0.0,1.0,0.0,0.0,0.0,9.0,4.0,0.0,0.0,0.0,0.0,0.0,0.0,0.0,0.0,1.0,12.0,1.0,12.11,5.01,2.5,1.5,0.0,0.1,0.0,0.4,0.0,-0.2,0.0,0.4,-169.70000000000002,0.0,0.0,169.70000000000002,0.0,21.8,30.4,30.3,31.0,300.0,300.0,30.9,35.0,30.0,29.4,31.200000000000003,4.96,2.0,4.97,0.16,0.0,0.0,1027.0,8228.0,0.0,0.0,0.0,0.0,0.0,1.0,0.0,0.0,0.0,0.0,0.0,0.3,0.0,-0.3,0.0,0.0001,16.0,25903.0
2026-07-30T18:59:37.575Z,147.058,147.072,0.0,7.4,0.0,0.0,0.0,0.0,0.0,0.0,0.0,0.0,1.0,0.0,0.0,0.0,9.0,4.0,0.0,0.0,0.0,0.0,0.0,0.0,0.0,0.0,3.0,12.0,1.0,12.11,5.01,2.5,1.5,0.0,0.0,0.0,0.4,0.0,-0.2,-0.5,-1.3,-169.70000000000002,0.0,0.0,169.70000000000002,0.0,21.8,30.4,30.3,31.0,300.0,300.0,30.9,35.0,30.0,29.4,31.200000000000003,4.95,1.99,4.97,0.16,0.0,0.0,1027.0,8228.0,0.0,0.0,0.0,0.0,0.0,1.0,0.0,0.0,0.0,0.0,0.0,-1.6,0.0,1.0,0.0,0.0002,16.0,25903.0
2026-07-30T18:59:37.589Z,147.072,147.084,0.0,7.4,0.0,0.0,0.0,0.0,0.0,0.0,0.0,0.0,1.0,0.0,0.0,0.0,9.0,4.0,0.0,0.0,0.0,0.0,0.0,0.0,0.0,0.0,4.0,12.0,1.0,12.15,5.01,2.51,1.49,0.0,0.0,0.0,0.4,0.0,-0.7000000000000001,-0.5,-0.1,-169.70000000000002,0.0,0.0,169.8,0.0,21.200000000000003,30.4,30.3,31.0,300.0,300.0,31.1,35.0,30.0,29.4,31.200000000000003,4.96,1.99,4.96,0.16,0.0,0.0,1027.0,8228.0,0.0,0.0,0.0,0.0,0.0,1.0,0.0,0.0,0.0,0.0,0.0,-0.7000000000000001,0.0,0.0,0.0,0.0,16.0,25903.0
2026-07-30T18:59:37.600Z,147.083,147.096,0.0,7.4,0.0,0.0,0.0,0.0,0.0,0.0,0.0,0.0,1.0,0.0,0.0,0.0,9.0,4.0,0.0,0.0,0.0,0.0,0.0,0.0,0.0,0.0,5.0,12.0,1.0,12.15,5.01,2.51,1.49,0.0,0.0,0.0,0.4,0.0,-0.8,0.0,-0.1,-169.70000000000002,0.0,0.0,169.8,0.0,21.200000000000003,30.4,30.3,31.0,300.0,300.0,31.1,35.0,30.0,29.4,31.200000000000003,4.95,1.99,4.97,0.16,0.0,0.0,1027.0,8228.0,0.0,0.0,0.0,0.0,0.0,1.0,0.0,0.0,0.0,0.0,0.0,0.0,0.0,0.1,0.0,0.0001,16.0,25903.0
2026-07-30T18:59:37.612Z,147.095,147.108,0.0,7.4,0.0,0.0,0.0,0.0,0.0,0.0,0.0,0.0,1.0,0.0,0.0,0.0,9.0,4.0,0.0,0.0,0.0,0.0,0.0,0.0,0.0,0.0,6.0,12.0,1.0,12.15,5.01,2.51,1.49,0.0,0.0,0.0,0.4,0.0,0.3,0.6000000000000001,0.4,-169.70000000000002,0.0,0.0,169.8,0.0,21.200000000000003,30.4,30.3,31.0,300.0,300.0,31.1,35.0,30.0,29.4,31.200000000000003,4.95,1.99,4.96,0.16,0.0,0.0,1027.0,8228.0,0.0,0.0,0.0,0.0,0.0,1.0,0.0,0.0,0.0,0.0,0.0,1.0,0.0,-0.2,0.0,0.0,16.0,25903.0
2026-07-30T18:59:37.624Z,147.107,147.12,0.0,7.4,0.0,0.0,0.0,0.0,0.0,0.0,0.0,0.0,1.0,0.0,0.0,0.0,9.0,4.0,0.0,0.0,0.0,0.0,0.0,0.0,0.0,0.0,1.0,12.0,1.0,12.15,5.01,2.51,1.49,0.0,0.0,0.0,0.4,0.0,-0.2,0.0,1.5,-169.70000000000002,0.0,0.0,169.8,0.0,21.200000000000003,30.4,30.3,31.0,300.0,300.0,31.1,35.0,30.0,29.4,31.200000000000003,4.95,2.0,4.96,0.16,0.0,0.0,1027.0,8228.0,0.0,0.0,0.0,0.0,0.0,1.0,0.0,0.0,0.0,0.0,0.0,1.2000000000000002,0.0,-1.4,0.0,0.0,16.0,25903.0
2026-07-30T18:59:37.639Z,147.122,147.132,0.0,7.4,0.0,0.0,0.0,0.0,0.0,0.0,0.0,0.0,1.0,0.0,0.0,0.0,9.0,4.0,0.0,0.0,0.0,0.0,0.0,0.0,0.0,0.0,2.0,12.0,1.0,12.15,5.01,2.51,1.49,0.0,0.1,0.0,0.4,0.0,-0.2,-0.5,0.3,-169.70000000000002,0.0,0.0,169.8,0.0,21.200000000000003,30.4,30.3,31.0,300.0,300.0,31.1,35.0,30.0,29.4,31.200000000000003,4.96,2.0,4.96,0.17,0.0,0.0,1027.0,8228.0,0.0,0.0,0.0,0.0,0.0,1.0,0.0,0.0,0.0,0.0,0.0,-0.3,0.0,-0.4,0.0,0.0,16.0,25903.0
2026-07-30T18:59:37.648Z,147.131,147.144,0.0,7.4,0.0,0.0,0.0,0.0,0.0,0.0,0.0,0.0,1.0,0.0,0.0,0.0,9.0,4.0,0.0,0.0,0.0,0.0,0.0,0.0,0.0,0.0,1.0,12.0,1.0,12.15,5.01,2.51,1.49,0.0,0.0,0.0,0.4,0.0,0.9,-1.1,-0.1,-169.70000000000002,0.0,0.0,169.8,0.0,21.200000000000003,30.4,30.3,31.0,300.0,300.0,31.1,35.0,30.0,29.4,31.200000000000003,4.95,1.99,4.97,0.17,0.0,0.0,1027.0,8228.0,0.0,0.0,0.0,0.0,0.0,1.0,0.0,0.0,0.0,0.0,0.0,-1.3,0.0,0.0,0.0,0.0,16.0,25903.0
2026-07-30T18:59:37.660Z,147.143,147.156,0.0,7.4,0.0,0.0,0.0,0.0,0.0,0.0,0.0,0.0,1.0,0.0,0.0,0.0,9.0,4.0,0.0,0.0,0.0,0.0,0.0,0.0,0.0,0.0,1.0,12.0,1.0,12.15,5.01,2.51,1.49,0.0,0.0,0.0,0.4,0.0,-0.2,1.2000000000000002,-0.1,-169.70000000000002,0.0,0.0,169.8,0.0,21.200000000000003,30.4,30.3,31.0,300.0,300.0,31.1,35.0,30.0,29.4,31.200000000000003,4.95,1.99,4.96,0.16,0.0,0.0,1027.0,8228.0,0.0,0.0,0.0,0.0,0.0,1.0,0.0,0.0,0.0,0.0,0.0,1.2000000000000002,0.0,0.4,0.0,0.0,16.0,25903.0
2026-07-30T18:59:37.672Z,147.155,147.168,0.0,7.4,0.0,0.0,0.0,0.0,0.0,0.0,0.0,0.0,1.0,0.0,0.0,0.0,9.0,4.0,0.0,0.0,0.0,0.0,0.0,0.0,0.0,0.0,3.0,12.0,1.0,12.15,5.01,2.51,1.49,0.0,0.0,0.0,0.5,0.0,-0.2,1.2000000000000002,-0.7000000000000001,-169.70000000000002,0.0,0.0,169.8,0.0,21.200000000000003,30.4,30.3,31.0,300.0,300.0,31.1,35.0,30.0,29.4,31.200000000000003,4.96,2.0,4.96,0.16,0.0,0.0,1027.0,8228.0,0.0,0.0,0.0,0.0,0.0,1.0,0.0,0.0,0.0,0.0,0.0,0.8,0.0,0.9,0.0,0.0001,16.0,25903.0
2026-07-30T18:59:37.684Z,147.167,147.18,0.0,7.4,0.0,0.0,0.0,0.0,0.0,0.0,0.0,0.0,1.0,0.0,0.0,0.0,9.0,4.0,0.0,0.0,0.0,0.0,0.0,0.0,0.0,0.0,3.0,12.0,1.0,12.15,5.01,2.51,1.49,0.0,0.1,0.0,0.4,0.0,0.4,0.1,0.4,-169.70000000000002,0.0,0.0,169.8,0.0,21.200000000000003,30.4,30.3,31.0,300.0,300.0,31.1,35.0,30.0,29.4,31.200000000000003,4.95,2.0,4.97,0.16,0.0,0.0,1027.0,8228.0,0.0,0.0,0.0,0.0,0.0,1.0,0.0,0.0,0.0,0.0,0.0,0.4,0.0,-0.3,0.0,0.0,16.0,25903.0
2026-07-30T18:59:37.695Z,147.178,147.192,0.0,7.4,0.0,0.0,0.0,0.0,0.0,0.0,0.0,0.0,1.0,0.0,0.0,0.0,9.0,4.0,0.0,0.0,0.0,0.0,0.0,0.0,0.0,0.0,5.0,12.0,1.0,12.17,5.01,2.5,1.49,0.0,0.0,0.0,0.4,0.0,-0.1,-1.0,-1.2000000000000002,-169.70000000000002,0.0,0.0,169.8,0.0,21.3,30.4,30.3,31.0,300.0,300.0,31.1,35.0,30.0,29.4,31.200000000000003,4.95,1.99,4.97,0.16,0.0,0.0,1027.0,8228.0,0.0,0.0,0.0,0.0,0.0,1.0,0.0,0.0,0.0,0.0,0.0,-2.1,0.0,0.9,0.0,0.0,16.0,25903.0
2026-07-30T18:59:37.707Z,147.19,147.204,0.0,7.4,0.0,0.0,0.0,0.0,0.0,0.0,0.0,0.0,1.0,0.0,0.0,0.0,9.0,4.0,0.0,0.0,0.0,0.0,0.0,0.0,0.0,0.0,6.0,12.0,1.0,12.17,5.01,2.5,1.49,0.0,0.0,0.0,0.4,0.0,-0.2,0.0,-0.7000000000000001,-169.70000000000002,0.0,0.0,169.70000000000002,0.0,21.3,30.4,30.3,31.0,300.0,300.0,31.1,35.0,30.0,29.4,31.200000000000003,4.95,2.0,4.96,0.16,0.0,0.0,1027.0,8228.0,0.0,0.0,0.0,0.0,0.0,1.0,0.0,0.0,0.0,0.0,0.0,-0.4,0.0,0.6000000000000001,0.0,0.0001,16.0,25903.0
2026-07-30T18:59:37.719Z,147.202,147.216,0.0,7.4,0.0,0.0,0.0,0.0,0.0,0.0,0.0,0.0,1.0,0.0,0.0,0.0,9.0,4.0,0.0,0.0,0.0,0.0,0.0,0.0,0.0,0.0,1.0,12.0,1.0,12.17,5.01,2.5,1.49,0.0,0.0,0.0,0.4,0.0,-0.1,0.6000000000000001,-0.1,-169.70000000000002,0.0,0.0,169.8,0.0,21.3,30.4,30.3,31.0,300.0,300.0,31.1,35.0,30.0,29.4,31.200000000000003,4.96,1.99,4.96,0.16,0.0,0.0,1027.0,8228.0,0.0,0.0,0.0,0.0,0.0,1.0,0.0,0.0,0.0,0.0,0.0,0.6000000000000001,0.0,0.2,0.0,0.0001,16.0,25903.0
2026-07-30T18:59:37.732Z,147.215,147.228,0.0,7.4,0.0,0.0,0.0,0.0,0.0,0.0,0.0,0.0,1.0,0.0,0.0,0.0,9.0,4.0,0.0,0.0,0.0,0.0,0.0,0.0,0.0,0.0,2.0,12.0,1.0,12.17,5.01,2.5,1.49,0.0,0.0,0.0,0.5,0.0,0.3,-0.4,-0.7000000000000001,-169.70000000000002,0.0,0.0,169.70000000000002,0.0,21.3,30.4,30.3,31.0,300.0,300.0,31.1,35.0,30.0,29.4,31.200000000000003,4.95,1.99,4.97,0.16,0.0,0.0,1027.0,8228.0,0.0,0.0,0.0,0.0,0.0,1.0,0.0,0.0,0.0,0.0,0.0,-1.1,0.0,0.5,0.0,0.0,16.0,25903.0
2026-07-30T18:59:37.744Z,147.227,147.24,0.0,7.4,0.0,0.0,0.0,0.0,0.0,0.0,0.0,0.0,1.0,0.0,0.0,0.0,9.0,4.0,0.0,0.0,0.0,0.0,0.0,0.0,0.0,0.0,3.0,12.0,1.0,12.17,5.01,2.5,1.49,0.0,0.0,0.0,0.4,0.0,-0.8,-1.0,0.4,-169.70000000000002,0.0,0.0,169.8,0.0,21.3,30.4,30.3,31.0,300.0,300.0,31.1,35.0,30.0,29.4,31.200000000000003,4.96,2.0,4.96,0.16,0.0,0.0,1027.0,8228.0,0.0,0.0,0.0,0.0,0.0,1.0,0.0,0.0,0.0,0.0,0.0,-0.8,0.0,-0.6000000000000001,0.0,0.0001,16.0,25903.0
2026-07-30T18:59:37.756Z,147.239,147.252,0.0,7.4,0.0,0.0,0.0,0.0,0.0,0.0,0.0,0.0,1.0,0.0,0.0,0.0,9.0,4.0,0.0,0.0,0.0,0.0,0.0,0.0,0.0,0.0,4.0,12.0,1.0,12.17,5.01,2.5,1.49,0.0,0.0,0.0,0.4,0.0,0.3,1.3,-0.1,-169.70000000000002,0.0,0.0,169.8,0.0,21.3,30.4,30.3,31.0,300.0,300.0,31.1,35.0,30.0,29.4,31.200000000000003,4.96,2.0,4.97,0.16,0.0,0.0,1027.0,8228.0,0.0,0.0,0.0,0.0,0.0,1.0,0.0,0.0,0.0,0.0,0.0,1.3,0.0,0.3,0.0,0.0001,16.0,25903.0
2026-07-30T18:59:37.768Z,147.251,147.264,0.0,7.4,0.0,0.0,0.0,0.0,0.0,0.0,0.0,0.0,1.0,0.0,0.0,0.0,9.0,4.0,0.0,0.0,0.0,0.0,0.0,0.0,0.0,0.0,6.0,12.0,1.0,12.17,5.01,2.5,1.49,0.0,0.0,0.0,0.4,0.0,0.3,0.1,1.0,-169.70000000000002,0.0,0.0,169.70000000000002,0.0,21.3,30.4,30.3,31.0,300.0,300.0,31.1,35.0,30.0,29.4,31.200000000000003,4.95,1.99,4.97,0.16,0.0,0.0,1027.0,8228.0,0.0,0.0,0.0,0.0,0.0,1.0,0.0,0.0,0.0,0.0,0.0,0.9,0.0,-0.8,0.0,0.0001,16.0,25903.0
2026-07-30T18:59:37.780Z,147.263,147.276,0.0,7.4,0.0,0.0,0.0,0.0,0.0,0.0,0.0,0.0,1.0,0.0,0.0,0.0,9.0,4.0,0.0,0.0,0.0,0.0,0.0,0.0,0.0,0.0,1.0,12.0,1.0,12.17,5.01,2.5,1.49,0.0,0.0,0.0,0.4,0.0,-0.2,0.7000000000000001,-0.1,-169.70000000000002,0.0,0.0,169.70000000000002,0.0,21.3,30.4,30.3,31.0,300.0,300.0,31.1,35.0,30.0,29.4,31.200000000000003,4.96,1.99,4.97,0.16,0.0,0.0,1027.0,8228.0,0.0,0.0,0.0,0.0,0.0,1.0,0.0,0.0,0.0,0.0,0.0,0.7000000000000001,0.0,0.2,0.0,0.0001,16.0,25903.0
2026-07-30T18:59:37.793Z,147.276,147.288,0.0,7.4,0.0,0.0,0.0,0.0,0.0,0.0,0.0,0.0,1.0,0.0,0.0,0.0,9.0,4.0,0.0,0.0,0.0,0.0,0.0,0.0,0.0,0.0,2.0,12.0,1.0,12.18,5.01,2.51,1.49,0.0,0.0,0.0,0.5,0.0,0.3,0.1,0.4,-169.70000000000002,0.0,0.0,169.8,0.0,21.9,30.4,30.3,31.0,300.0,300.0,31.1,34.9,30.0,29.4,31.200000000000003,4.96,2.0,4.96,0.16,0.0,0.0,1027.0,8228.0,0.0,0.0,0.0,0.0,0.0,1.0,0.0,0.0,0.0,0.0,0.0,0.5,0.0,-0.3,0.0,0.0001,16.0,25903.0
2026-07-30T18:59:37.803Z,147.286,147.3,0.0,7.4,0.0,0.0,0.0,0.0,0.0,0.0,0.0,0.0,1.0,0.0,0.0,0.0,9.0,4.0,0.0,0.0,0.0,0.0,0.0,0.0,0.0,0.0,3.0,12.0,1.0,12.18,5.01,2.51,1.49,0.0,0.0,0.0,0.4,0.0,0.3,0.7000000000000001,1.1,-169.70000000000002,0.0,0.0,169.70000000000002,0.0,21.9,30.4,30.3,31.0,300.0,300.0,31.1,34.9,30.0,29.4,31.200000000000003,4.96,1.99,4.97,0.16,0.0,0.0,1027.0,8228.0,0.0,0.0,0.0,0.0,0.0,1.0,0.0,0.0,0.0,0.0,0.0,1.6,0.0,-0.8,0.0,0.0001,16.0,25903.0
2026-07-30T18:59:37.816Z,147.299,147.312,0.0,7.4,0.0,0.0,0.0,0.0,0.0,0.0,0.0,0.0,1.0,0.0,0.0,0.0,9.0,4.0,0.0,0.0,0.0,0.0,0.0,0.0,0.0,0.0,4.0,12.0,1.0,12.18,5.01,2.51,1.49,0.0,0.0,0.0,0.4,0.0,-0.2,0.7000000000000001,-1.2000000000000002,-169.70000000000002,0.0,0.0,169.70000000000002,0.0,21.9,30.4,30.3,31.0,300.0,300.0,31.1,34.9,30.0,29.4,31.200000000000003,4.95,1.99,4.97,0.16,0.0,0.0,1027.0,8228.0,0.0,0.0,0.0,0.0,0.0,1.0,0.0,0.0,0.0,0.0,0.0,0.0,0.0,1.2000000000000002,0.0,0.0,16.0,25903.0
2026-07-30T18:59:37.828Z,147.311,147.324,0.0,7.4,0.0,0.0,0.0,0.0,0.0,0.0,0.0,0.0,1.0,0.0,0.0,0.0,9.0,4.0,0.0,0.0,0.0,0.0,0.0,0.0,0.0,0.0,5.0,12.0,1.0,12.18,5.01,2.51,1.49,0.0,0.0,0.0,0.4,0.0,-0.8,-1.5,1.0,-169.70000000000002,0.0,0.0,169.8,0.0,21.9,30.4,30.3,31.0,300.0,300.0,31.1,34.9,30.0,29.4,31.200000000000003,4.96,1.99,4.96,0.16,0.0,0.0,1027.0,8228.0,0.0,0.0,0.0,0.0,0.0,1.0,0.0,0.0,0.0,0.0,0.0,-0.9,0.0,-1.2000000000000002,0.0,0.0,16.0,25903.0
2026-07-30T18:59:37.839Z,147.322,147.336,0.0,7.4,0.0,0.0,0.0,0.0,0.0,0.0,0.0,0.0,1.0,0.0,0.0,0.0,9.0,4.0,0.0,0.0,0.0,0.0,0.0,0.0,0.0,0.0,6.0,12.0,1.0,12.18,5.01,2.51,1.49,0.0,0.0,0.0,0.4,0.0,0.3,-0.4,0.4,-169.70000000000002,0.0,0.0,169.70000000000002,0.0,21.9,30.4,30.3,31.0,300.0,300.0,31.1,34.9,30.0,29.4,31.200000000000003,4.95,2.0,4.96,0.16,0.0,0.0,1027.0,8228.0,0.0,0.0,0.0,0.0,0.0,1.0,0.0,0.0,0.0,0.0,0.0,1.6,0.0,-0.7000000000000001,0.0,0.0001,16.0,25903.0
2026-07-30T18:59:37.851Z,147.334,147.348,0.0,7.4,0.0,0.0,0.0,0.0,0.0,0.0,0.0,0.0,1.0,0.0,0.0,0.0,9.0,4.0,0.0,0.0,0.0,0.0,0.0,0.0,0.0,0.0,1.0,12.0,1.0,12.18,5.01,2.51,1.49,0.0,0.0,0.0,0.4,0.0,-0.2,-0.4,-0.7000000000000001,-169.70000000000002,0.0,0.0,169.8,0.0,21.9,30.4,30.3,31.0,300.0,300.0,31.1,34.9,30.0,29.4,31.200000000000003,4.95,1.99,4.97,0.16,0.0,0.0,1027.0,8228.0,0.0,0.0,0.0,0.0,0.0,1.0,0.0,0.0,0.0,0.0,0.0,-1.0,0.0,0.5,0.0,0.0,16.0,25903.0
2026-07-30T18:59:37.864Z,147.347,147.36,0.0,7.4,0.0,0.0,0.0,0.0,0.0,0.0,0.0,0.0,1.0,0.0,0.0,0.0,9.0,4.0,0.0,0.0,0.0,0.0,0.0,0.0,0.0,0.0,2.0,12.0,1.0,12.18,5.01,2.51,1.49,0.0,0.0,0.0,0.4,0.0,0.3,0.7000000000000001,-0.1,-169.70000000000002,0.0,0.0,169.8,0.0,21.9,30.4,30.3,31.0,300.0,300.0,31.1,34.9,30.0,29.4,31.200000000000003,4.96,2.0,4.97,0.16,0.0,0.0,1027.0,8228.0,0.0,0.0,0.0,0.0,0.0,1.0,0.0,0.0,0.0,0.0,0.0,0.7000000000000001,0.0,0.2,0.0,0.0001,16.0,25903.0
2026-07-30T18:59:37.875Z,147.358,147.372,0.0,7.4,0.0,0.0,0.0,0.0,0.0,0.0,0.0,0.0,1.0,0.0,0.0,0.0,9.0,4.0,0.0,0.0,0.0,0.0,0.0,0.0,0.0,0.0,3.0,12.0,1.0,12.18,5.01,2.51,1.49,0.0,0.0,0.0,0.4,0.0,-0.2,-0.4,1.0,-169.70000000000002,0.0,0.0,169.8,0.0,21.9,30.4,30.3,31.0,300.0,300.0,31.1,34.9,30.0,29.4,31.200000000000003,4.96,2.0,4.96,0.16,0.0,0.0,1027.0,8228.0,0.0,0.0,0.0,0.0,0.0,1.0,0.0,0.0,0.0,0.0,0.0,0.2,0.0,-1.0,0.0,0.0001,16.0,25903.0
2026-07-30T18:59:37.888Z,147.371,147.384,0.0,7.4,0.0,0.0,0.0,0.0,0.0,0.0,0.0,0.0,1.0,0.0,0.0,0.0,9.0,4.0,0.0,0.0,0.0,0.0,0.0,0.0,0.0,0.0,4.0,12.0,1.0,12.18,5.01,2.51,1.49,-0.1,0.1,0.0,0.5,0.0,-0.2,-0.4,-0.7000000000000001,-169.70000000000002,0.0,0.0,169.8,0.0,21.9,30.4,30.3,31.0,300.0,300.0,31.1,34.9,30.0,29.4,31.200000000000003,4.95,1.99,4.97,0.16,0.0,0.0,1027.0,8228.0,0.0,0.0,0.0,0.0,0.0,1.0,0.0,0.0,0.0,0.0,0.0,-1.0,0.0,0.5,0.0,0.0,16.0,25903.0
2026-07-30T18:59:37.900Z,147.383,147.39600000000002,0.0,7.4,0.0,0.0,0.0,0.0,0.0,0.0,0.0,0.0,1.0,0.0,0.0,0.0,9.0,4.0,0.0,0.0,0.0,0.0,0.0,0.0,0.0,0.0,5.0,12.0,1.0,12.18,5.0200000000000005,2.5,1.49,0.0,0.0,0.0,0.4,0.0,-0.7000000000000001,0.6000000000000001,0.0,-169.70000000000002,0.0,0.0,169.70000000000002,0.0,21.3,30.3,30.3,31.0,300.0,300.0,31.1,34.9,30.0,29.4,31.200000000000003,4.95,1.99,4.96,0.16,0.0,0.0,1027.0,8228.0,0.0,0.0,0.0,0.0,0.0,1.0,0.0,0.0,0.0,0.0,0.0,0.7000000000000001,0.0,0.1,0.0,0.0,16.0,25903.0
2026-07-30T18:59:37.912Z,147.395,147.40800000000002,0.0,7.4,0.0,0.0,0.0,0.0,0.0,0.0,0.0,0.0,1.0,0.0,0.0,0.0,9.0,4.0,0.0,0.0,0.0,0.0,0.0,0.0,0.0,0.0,1.0,12.0,1.0,12.18,5.0200000000000005,2.5,1.49,0.0,0.0,0.0,0.4,0.0,-0.8,-0.4,-0.6000000000000001,-169.70000000000002,0.0,0.0,169.70000000000002,0.0,21.3,30.3,30.3,31.0,300.0,300.0,31.1,34.9,30.0,29.4,31.200000000000003,4.96,2.0,4.96,0.16,0.0,0.0,1027.0,8228.0,0.0,0.0,0.0,0.0,0.0,1.0,0.0,0.0,0.0,0.0,0.0,-1.0,0.0,0.4,0.0,0.0001,16.0,25903.0
2026-07-30T18:59:37.924Z,147.407,147.42000000000002,0.0,7.4,0.0,0.0,0.0,0.0,0.0,0.0,0.0,0.0,1.0,0.0,0.0,0.0,9.0,4.0,0.0,0.0,0.0,0.0,0.0,0.0,0.0,0.0,2.0,12.0,1.0,12.18,5.0200000000000005,2.5,1.49,0.0,0.0,0.0,0.4,0.0,-0.8,0.7000000000000001,1.1,-169.70000000000002,0.0,0.0,169.8,0.0,21.3,30.3,30.3,31.0,300.0,300.0,31.1,34.9,30.0,29.4,31.200000000000003,4.96,2.0,4.96,0.16,0.0,0.0,1027.0,8228.0,0.0,0.0,0.0,0.0,0.0,1.0,0.0,0.0,0.0,0.0,0.0,1.6,0.0,-0.8,0.0,0.0,16.0,25903.0
2026-07-30T18:59:37.936Z,147.419,147.43200000000002,0.0,7.4,0.0,0.0,0.0,0.0,0.0,0.0,0.0,0.0,1.0,0.0,0.0,0.0,9.0,4.0,0.0,0.0,0.0,0.0,0.0,0.0,0.0,0.0,4.0,12.0,1.0,12.18,5.0200000000000005,2.5,1.49,0.0,0.0,0.0,0.4,0.0,0.9,-1.0,0.5,-169.70000000000002,0.0,0.0,169.8,0.0,21.3,30.3,30.3,31.0,300.0,300.0,31.1,34.9,30.0,29.4,31.200000000000003,4.96,1.99,4.97,0.16,0.0,0.0,1027.0,8228.0,0.0,0.0,0.0,0.0,0.0,1.0,0.0,0.0,0.0,0.0,0.0,-0.8,0.0,-0.6000000000000001,0.0,0.0,16.0,25903.0
2026-07-30T18:59:37.953Z,147.436,147.44400000000002,0.0,7.4,0.0,0.0,0.0,0.0,0.0,0.0,0.0,0.0,1.0,0.0,0.0,0.0,9.0,4.0,0.0,0.0,0.0,0.0,0.0,0.0,0.0,0.0,5.0,12.0,1.0,12.18,5.0200000000000005,2.5,1.49,0.0,0.0,0.0,0.4,0.0,0.3,0.0,-0.1,-169.70000000000002,0.0,0.0,169.70000000000002,0.0,21.3,30.3,30.3,31.0,300.0,300.0,31.1,34.9,30.0,29.4,31.200000000000003,4.96,1.99,4.96,0.16,0.0,0.0,1027.0,8228.0,0.0,0.0,0.0,0.0,0.0,1.0,0.0,0.0,0.0,0.0,0.0,0.0,0.0,0.1,0.0,0.0001,16.0,25903.0
2026-07-30T18:59:37.959Z,147.442,147.45600000000002,0.0,7.4,0.0,0.0,0.0,0.0,0.0,0.0,0.0,0.0,1.0,0.0,0.0,0.0,9.0,4.0,0.0,0.0,0.0,0.0,0.0,0.0,0.0,0.0,2.0,12.0,1.0,12.18,5.0200000000000005,2.5,1.49,0.0,0.0,0.0,0.4,0.0,0.3,0.1,0.4,-169.70000000000002,0.0,0.0,169.60000000000002,0.0,21.3,30.3,30.3,31.0,300.0,300.0,31.1,34.9,30.0,29.4,31.200000000000003,4.96,1.99,4.96,0.16,0.0,0.0,1027.0,8228.0,0.0,0.0,0.0,0.0,0.0,1.0,0.0,0.0,0.0,0.0,0.0,0.4,0.0,-0.4,0.0,0.0001,16.0,25903.0
2026-07-30T18:59:37.972Z,147.455,147.468,0.0,7.4,0.0,0.0,0.0,0.0,0.0,0.0,0.0,0.0,1.0,0.0,0.0,0.0,9.0,4.0,0.0,0.0,0.0,0.0,0.0,0.0,0.0,0.0,3.0,12.0,1.0,12.18,5.0200000000000005,2.5,1.49,0.0,0.0,0.0,0.4,0.0,-0.2,-0.4,1.0,-169.70000000000002,0.0,0.0,169.60000000000002,0.0,21.3,30.3,30.3,31.0,300.0,300.0,31.1,34.9,30.0,29.4,31.200000000000003,4.95,1.99,4.96,0.16,0.0,0.0,1027.0,8228.0,0.0,0.0,0.0,0.0,0.0,1.0,0.0,0.0,0.0,0.0,0.0,0.3,0.0,-1.0,0.0,0.0002,16.0,25903.0
2026-07-30T18:59:37.984Z,147.467,147.48,0.0,7.4,0.0,0.0,0.0,0.0,0.0,0.0,0.0,0.0,1.0,0.0,0.0,0.0,9.0,4.0,0.0,0.0,0.0,0.0,0.0,0.0,0.0,0.0,4.0,12.0,1.0,12.18,5.0200000000000005,2.5,1.49,0.0,0.0,0.0,0.4,0.0,-0.2,-0.4,0.5,-169.70000000000002,0.0,0.0,169.60000000000002,0.0,21.3,30.3,30.3,31.0,300.0,300.0,31.1,34.9,30.0,29.4,31.200000000000003,4.95,1.99,4.96,0.16,0.0,0.0,1027.0,8228.0,0.0,0.0,0.0,0.0,0.0,1.0,0.0,0.0,0.0,0.0,0.0,-0.1,0.0,-0.5,0.0,0.0001,16.0,25903.0
2026-07-30T18:59:37.996Z,147.479,147.492,0.0,7.4,0.0,0.0,0.0,0.0,0.0,0.0,0.0,0.0,1.0,0.0,0.0,0.0,9.0,4.0,0.0,0.0,0.0,0.0,0.0,0.0,0.0,0.0,6.0,12.0,1.0,12.08,5.0200000000000005,2.5,1.49,0.0,0.1,0.0,0.4,0.0,-0.8,0.1,0.5,-169.70000000000002,0.0,0.0,169.8,0.0,21.9,30.3,30.3,31.0,300.0,300.0,30.9,34.9,30.0,29.4,31.200000000000003,4.95,2.0,4.97,0.16,0.0,0.0,1027.0,8228.0,0.0,0.0,0.0,0.0,0.0,1.0,0.0,0.0,0.0,0.0,0.0,0.5,0.0,-0.4,0.0,0.0001,16.0,25903.0
2026-07-30T18:59:38.008Z,147.491,147.504,0.0,7.4,0.0,0.0,0.0,0.0,0.0,0.0,0.0,0.0,1.0,0.0,0.0,0.0,9.0,4.0,0.0,0.0,0.0,0.0,0.0,0.0,0.0,0.0,1.0,12.0,1.0,12.08,5.0200000000000005,2.5,1.49,0.0,0.0,0.0,0.4,0.0,-1.3,0.1,-1.2000000000000002,-169.70000000000002,0.0,0.0,169.8,0.0,21.9,30.3,30.3,31.0,300.0,300.0,30.9,34.9,30.0,29.4,31.200000000000003,4.95,1.99,4.97,0.16,0.0,0.0,1027.0,8228.0,0.0,0.0,0.0,0.0,0.0,1.0,0.0,0.0,0.0,0.0,0.0,-0.7000000000000001,0.0,1.0,0.0,0.0002,16.0,25903.0
2026-07-30T18:59:38.019Z,147.502,147.516,0.0,7.4,0.0,0.0,0.0,0.0,0.0,0.0,0.0,0.0,1.0,0.0,0.0,0.0,9.0,4.0,0.0,0.0,0.0,0.0,0.0,0.0,0.0,0.0,3.0,12.0,1.0,12.08,5.0200000000000005,2.5,1.49,0.0,0.0,0.0,0.4,0.0,0.3,-0.4,0.0,-169.70000000000002,0.0,0.0,169.8,0.0,21.9,30.3,30.3,31.0,300.0,300.0,30.9,34.9,30.0,29.4,31.200000000000003,4.95,1.99,4.97,0.16,0.0,0.0,1027.0,8228.0,0.0,0.0,0.0,0.0,0.0,1.0,0.0,0.0,0.0,0.0,0.0,-0.5,0.0,0.0,0.0,0.0,16.0,25903.0
2026-07-30T18:59:38.031Z,147.514,147.528,0.0,7.4,0.0,0.0,0.0,0.0,0.0,0.0,0.0,0.0,1.0,0.0,0.0,0.0,9.0,4.0,0.0,0.0,0.0,0.0,0.0,0.0,0.0,0.0,4.0,12.0,1.0,12.08,5.0200000000000005,2.5,1.49,0.0,0.0,0.0,0.4,0.0,-0.1,0.1,1.1,-169.70000000000002,0.0,0.0,169.8,0.0,21.9,30.3,30.3,31.0,300.0,300.0,30.9,34.9,30.0,29.4,31.200000000000003,4.96,1.99,4.96,0.16,0.0,0.0,1027.0,8228.0,0.0,0.0,0.0,0.0,0.0,1.0,0.0,0.0,0.0,0.0,0.0,1.0,0.0,-0.9,0.0,0.0001,16.0,25903.0
2026-07-30T18:59:38.044Z,147.527,147.54,0.0,7.4,0.0,0.0,0.0,0.0,0.0,0.0,0.0,0.0,1.0,0.0,0.0,0.0,9.0,4.0,0.0,0.0,0.0,0.0,0.0,0.0,0.0,0.0,5.0,12.0,1.0,12.08,5.0200000000000005,2.5,1.49,0.0,0.0,0.0,0.4,0.0,0.3,0.1,0.5,-169.70000000000002,0.0,0.0,169.8,0.0,21.9,30.3,30.3,31.0,300.0,300.0,30.9,34.9,30.0,29.4,31.200000000000003,4.96,1.99,4.96,0.16,0.0,0.0,1027.0,8228.0,0.0,0.0,0.0,0.0,0.0,1.0,0.0,0.0,0.0,0.0,0.0,0.5,0.0,-0.4,0.0,0.0001,16.0,25903.0
2026-07-30T18:59:38.056Z,147.539,147.552,0.0,7.4,0.0,0.0,0.0,0.0,0.0,0.0,0.0,0.0,1.0,0.0,0.0,0.0,9.0,4.0,0.0,0.0,0.0,0.0,0.0,0.0,0.0,0.0,1.0,12.0,1.0,12.08,5.0200000000000005,2.5,1.49,0.0,0.0,0.0,0.4,0.0,-0.2,0.6000000000000001,0.5,-169.70000000000002,0.0,0.0,169.8,0.0,21.9,30.3,30.3,31.0,300.0,300.0,30.9,34.9,30.0,29.4,31.200000000000003,4.95,2.0,4.96,0.16,0.0,0.0,1027.0,8228.0,0.0,0.0,0.0,0.0,0.0,1.0,0.0,0.0,0.0,0.0,0.0,1.1,0.0,-0.3,0.0,0.0,16.0,25903.0
2026-07-30T18:59:38.067Z,147.55,147.564,0.0,7.4,0.0,0.0,0.0,0.0,0.0,0.0,0.0,0.0,1.0,0.0,0.0,0.0,9.0,4.0,0.0,0.0,0.0,0.0,0.0,0.0,0.0,0.0,2.0,12.0,1.0,12.08,5.0200000000000005,2.5,1.49,0.0,0.0,0.0,0.4,0.0,0.3,-0.5,-1.2000000000000002,-169.70000000000002,0.0,0.0,169.8,0.0,21.9,30.3,30.3,31.0,300.0,300.0,30.9,34.9,30.0,29.4,31.200000000000003,4.95,2.0,4.97,0.16,0.0,0.0,1027.0,8228.0,0.0,0.0,0.0,0.0,0.0,1.0,0.0,0.0,0.0,0.0,0.0,-1.5,0.0,1.0,0.0,0.0001,16.0,25903.0
2026-07-30T18:59:38.079Z,147.562,147.576,0.0,7.4,0.0,0.0,0.0,0.0,0.0,0.0,0.0,0.0,1.0,0.0,0.0,0.0,9.0,4.0,0.0,0.0,0.0,0.0,0.0,0.0,0.0,0.0,3.0,12.0,1.0,12.08,5.0200000000000005,2.5,1.49,0.0,0.0,0.0,0.4,0.0,0.3,-0.4,-0.6000000000000001,-169.70000000000002,0.0,0.0,169.8,0.0,21.9,30.3,30.3,31.0,300.0,300.0,30.9,34.9,30.0,29.4,31.200000000000003,4.95,1.99,4.97,0.16,0.0,0.0,1027.0,8228.0,0.0,0.0,0.0,0.0,0.0,1.0,0.0,0.0,0.0,0.0,0.0,-1.0,0.0,0.5,0.0,0.0,16.0,25903.0
2026-07-30T18:59:38.091Z,147.574,147.588,0.0,7.4,0.0,0.0,0.0,0.0,0.0,0.0,0.0,0.0,1.0,0.0,0.0,0.0,9.0,4.0,0.0,0.0,0.0,0.0,0.0,0.0,0.0,0.0,4.0,12.0,1.0,12.08,5.0200000000000005,2.5,1.49,0.0,0.0,0.0,0.4,0.0,0.3,0.6000000000000001,0.5,-169.70000000000002,0.0,0.0,169.8,0.0,21.9,30.3,30.3,31.0,300.0,300.0,30.9,34.9,30.0,29.4,31.200000000000003,4.95,1.99,4.97,0.16,0.0,0.0,1027.0,8228.0,0.0,0.0,0.0,0.0,0.0,1.0,0.0,0.0,0.0,0.0,0.0,1.1,0.0,-0.3,0.0,0.0,16.0,25903.0
2026-07-30T18:59:38.103Z,147.586,147.6,0.0,7.4,0.0,0.0,0.0,0.0,0.0,0.0,0.0,0.0,1.0,0.0,0.0,0.0,9.0,4.0,0.0,0.0,0.0,0.0,0.0,0.0,0.0,0.0,5.0,12.0,1.0,12.17,5.01,2.51,1.49,0.0,0.0,0.0,0.4,0.0,-0.2,0.6000000000000001,0.0,-169.70000000000002,0.0,0.0,169.8,0.0,21.3,30.3,30.3,31.0,300.0,300.0,30.9,34.9,30.0,29.4,31.200000000000003,4.95,1.99,4.97,0.16,0.0,0.0,1027.0,8228.0,0.0,0.0,0.0,0.0,0.0,1.0,0.0,0.0,0.0,0.0,0.0,0.6000000000000001,0.0,0.2,0.0,0.0,16.0,25903.0
2026-07-30T18:59:38.116Z,147.599,147.612,0.0,7.4,0.0,0.0,0.0,0.0,0.0,0.0,0.0,0.0,1.0,0.0,0.0,0.0,9.0,4.0,0.0,0.0,0.0,0.0,0.0,0.0,0.0,0.0,6.0,12.0,1.0,12.17,5.01,2.51,1.49,0.0,0.0,0.0,0.4,0.0,-0.7000000000000001,-0.4,0.4,-169.70000000000002,0.0,0.0,169.8,0.0,21.3,30.3,30.3,31.0,300.0,300.0,30.9,34.9,30.0,29.4,31.200000000000003,4.96,1.99,4.96,0.16,0.0,0.0,1027.0,8228.0,0.0,0.0,0.0,0.0,0.0,1.0,0.0,0.0,0.0,0.0,0.0,-0.2,0.0,-0.5,0.0,0.0,16.0,25903.0
2026-07-30T18:59:38.128Z,147.611,147.624,0.0,7.4,0.0,0.0,0.0,0.0,0.0,0.0,0.0,0.0,1.0,0.0,0.0,0.0,9.0,4.0,0.0,0.0,0.0,0.0,0.0,0.0,0.0,0.0,6.0,12.0,1.0,12.17,5.01,2.51,1.49,0.0,0.0,0.0,0.4,0.0,0.3,-1.0,-0.7000000000000001,-169.70000000000002,0.0,0.0,169.8,0.0,21.3,30.3,30.3,31.0,300.0,300.0,30.9,34.9,30.0,29.4,31.200000000000003,4.95,1.99,4.97,0.16,0.0,0.0,1027.0,8228.0,0.0,0.0,0.0,0.0,0.0,1.0,0.0,0.0,0.0,0.0,0.0,-1.7000000000000002,0.0,0.4,0.0,0.0,16.0,25903.0
2026-07-30T18:59:38.140Z,147.623,147.636,0.0,7.4,0.0,0.0,0.0,0.0,0.0,0.0,0.0,0.0,1.0,0.0,0.0,0.0,9.0,4.0,0.0,0.0,0.0,0.0,0.0,0.0,0.0,0.0,1.0,12.0,1.0,12.17,5.01,2.51,1.49,0.0,0.0,0.0,0.4,0.0,-0.7000000000000001,-0.5,-0.1,-169.70000000000002,0.0,0.0,169.8,0.0,21.3,30.3,30.3,31.0,300.0,300.0,30.9,34.9,30.0,29.4,31.200000000000003,4.95,1.99,4.97,0.16,0.0,0.0,1027.0,8228.0,0.0,0.0,0.0,0.0,0.0,1.0,0.0,0.0,0.0,0.0,0.0,-0.6000000000000001,0.0,0.0,0.0,0.0,16.0,25903.0
2026-07-30T18:59:38.152Z,147.635,147.648,0.0,7.4,0.0,0.0,0.0,0.0,0.0,0.0,0.0,0.0,1.0,0.0,0.0,0.0,9.0,4.0,0.0,0.0,0.0,0.0,0.0,0.0,0.0,0.0,3.0,12.0,1.0,12.17,5.01,2.51,1.49,0.0,0.0,0.0,0.4,0.0,0.4,1.2000000000000002,-0.1,-169.70000000000002,0.0,0.0,169.8,0.0,21.3,30.3,30.3,31.0,300.0,300.0,30.9,34.9,30.0,29.4,31.200000000000003,4.96,1.99,4.97,0.16,0.0,0.0,1027.0,8228.0,0.0,0.0,0.0,0.0,0.0,1.0,0.0,0.0,0.0,0.0,0.0,1.3,0.0,0.3,0.0,0.0001,16.0,25903.0
2026-07-30T18:59:38.164Z,147.647,147.66,0.0,7.4,0.0,0.0,0.0,0.0,0.0,0.0,0.0,0.0,1.0,0.0,0.0,0.0,9.0,4.0,0.0,0.0,0.0,0.0,0.0,0.0,0.0,0.0,4.0,12.0,1.0,12.17,5.01,2.51,1.49,0.0,0.0,0.0,0.4,0.0,-0.1,0.0,-1.2000000000000002,-169.70000000000002,0.0,0.0,169.8,0.0,21.3,30.3,30.3,31.0,300.0,300.0,30.9,34.9,30.0,29.4,31.200000000000003,4.96,1.99,4.96,0.16,0.0,0.0,1027.0,8228.0,0.0,0.0,0.0,0.0,0.0,1.0,0.0,0.0,0.0,0.0,0.0,-0.8,0.0,1.1,0.0,0.0,16.0,25903.0
2026-07-30T18:59:38.176Z,147.659,147.672,0.0,7.4,0.0,0.0,0.0,0.0,0.0,0.0,0.0,0.0,1.0,0.0,0.0,0.0,9.0,4.0,0.0,0.0,0.0,0.0,0.0,0.0,0.0,0.0,5.0,12.0,1.0,12.17,5.01,2.51,1.49,0.0,0.1,0.0,0.4,0.0,0.4,-0.5,1.0,-169.70000000000002,0.0,0.0,169.8,0.0,21.3,30.3,30.3,31.0,300.0,300.0,30.9,34.9,30.0,29.4,31.200000000000003,4.95,1.99,4.97,0.16,0.0,0.0,1027.0,8228.0,0.0,0.0,0.0,0.0,0.0,1.0,0.0,0.0,0.0,0.0,0.0,0.1,0.0,-1.0,0.0,0.0,16.0,25903.0
2026-07-30T18:59:38.188Z,147.671,147.684,0.0,7.4,0.0,0.0,0.0,0.0,0.0,0.0,0.0,0.0,1.0,0.0,0.0,0.0,9.0,4.0,0.0,0.0,0.0,0.0,0.0,0.0,0.0,0.0,6.0,12.0,1.0,12.17,5.01,2.51,1.49,0.0,0.0,0.0,0.4,0.0,0.4,0.5,-0.1,-169.70000000000002,0.0,0.0,169.8,0.0,21.3,30.3,30.3,31.0,300.0,300.0,30.9,34.9,30.0,29.4,31.200000000000003,4.95,2.0,4.96,0.16,0.0,0.0,1027.0,8228.0,0.0,0.0,0.0,0.0,0.0,1.0,0.0,0.0,0.0,0.0,0.0,0.5,0.0,0.2,0.0,0.0001,16.0,25903.0
2026-07-30T18:59:38.200Z,147.683,147.696,0.0,7.4,0.0,0.0,0.0,0.0,0.0,0.0,0.0,0.0,1.0,0.0,0.0,0.0,9.0,4.0,0.0,0.0,0.0,0.0,0.0,0.0,0.0,0.0,1.0,12.0,1.0,12.14,5.01,2.51,1.49,0.0,0.0,0.0,0.4,0.0,-0.7000000000000001,-1.1,-1.3,-169.70000000000002,0.0,0.0,169.70000000000002,0.0,21.4,30.3,30.3,31.0,300.0,300.0,30.9,35.0,30.0,29.4,31.200000000000003,4.96,1.99,4.96,0.16,0.0,0.0,1027.0,8228.0,0.0,0.0,0.0,0.0,0.0,1.0,0.0,0.0,0.0,0.0,0.0,-2.2,0.0,0.9,0.0,0.0,16.0,25903.0
2026-07-30T18:59:38.212Z,147.695,147.708,0.0,7.4,0.0,0.0,0.0,0.0,0.0,0.0,0.0,0.0,1.0,0.0,0.0,0.0,9.0,4.0,0.0,0.0,0.0,0.0,0.0,0.0,0.0,0.0,2.0,12.0,1.0,12.14,5.01,2.51,1.49,0.0,0.1,0.0,0.4,0.0,0.4,0.6000000000000001,-0.1,-169.70000000000002,0.0,0.0,169.8,0.0,21.4,30.3,30.3,31.0,300.0,300.0,30.9,35.0,30.0,29.4,31.200000000000003,4.95,1.99,4.97,0.16,0.0,0.0,1027.0,8228.0,0.0,0.0,0.0,0.0,0.0,1.0,0.0,0.0,0.0,0.0,0.0,0.6000000000000001,0.0,0.2,0.0,0.0001,16.0,25903.0
2026-07-30T18:59:38.224Z,147.707,147.72,0.0,7.4,0.0,0.0,0.0,0.0,0.0,0.0,0.0,0.0,1.0,0.0,0.0,0.0,9.0,4.0,0.0,0.0,0.0,0.0,0.0,0.0,0.0,0.0,3.0,12.0,1.0,12.14,5.01,2.51,1.49,0.0,0.1,0.0,0.4,0.0,0.9,-0.5,0.4,-169.70000000000002,0.0,0.0,169.8,0.0,21.4,30.3,30.3,31.0,300.0,300.0,30.9,35.0,30.0,29.4,31.200000000000003,4.96,1.99,4.96,0.16,0.0,0.0,1027.0,8228.0,0.0,0.0,0.0,0.0,0.0,1.0,0.0,0.0,0.0,0.0,0.0,-0.3,0.0,-0.4,0.0,0.0001,16.0,25903.0
2026-07-30T18:59:38.236Z,147.719,147.732,0.0,7.4,0.0,0.0,0.0,0.0,0.0,0.0,0.0,0.0,1.0,0.0,0.0,0.0,9.0,4.0,0.0,0.0,0.0,0.0,0.0,0.0,0.0,0.0,4.0,12.0,1.0,12.14,5.01,2.51,1.49,0.0,0.1,0.0,0.4,0.0,0.3,0.6000000000000001,1.0,-169.70000000000002,0.0,0.0,169.8,0.0,21.4,30.3,30.3,31.0,300.0,300.0,30.9,35.0,30.0,29.4,31.200000000000003,4.96,1.99,4.96,0.16,0.0,0.0,1027.0,8228.0,0.0,0.0,0.0,0.0,0.0,1.0,0.0,0.0,0.0,0.0,0.0,1.4,0.0,-0.7000000000000001,0.0,0.0,16.0,25903.0
2026-07-30T18:59:38.248Z,147.731,147.744,0.0,7.4,0.0,0.0,0.0,0.0,0.0,0.0,0.0,0.0,1.0,0.0,0.0,0.0,9.0,4.0,0.0,0.0,0.0,0.0,0.0,0.0,0.0,0.0,5.0,12.0,1.0,12.14,5.01,2.51,1.49,0.0,0.0,0.0,0.4,0.0,-0.2,-0.5,-1.3,-169.70000000000002,0.0,0.0,169.8,0.0,21.4,30.3,30.3,31.0,300.0,300.0,30.9,35.0,30.0,29.4,31.200000000000003,4.95,1.99,4.96,0.16,0.0,0.0,1027.0,8228.0,0.0,0.0,0.0,0.0,0.0,1.0,0.0,0.0,0.0,0.0,0.0,-1.6,0.0,1.0,0.0,0.0,16.0,25903.0
2026-07-30T18:59:38.266Z,147.749,147.756,0.0,7.4,0.0,0.0,0.0,0.0,0.0,0.0,0.0,0.0,1.0,0.0,0.0,0.0,9.0,4.0,0.0,0.0,0.0,0.0,0.0,0.0,0.0,0.0,6.0,12.0,1.0,12.14,5.01,2.51,1.49,0.0,0.0,0.0,0.4,0.0,-0.2,-0.5,0.4,-169.70000000000002,0.0,0.0,169.8,0.0,21.4,30.3,30.3,31.0,300.0,300.0,30.9,35.0,30.0,29.4,31.200000000000003,4.95,1.99,4.97,0.16,0.0,0.0,1027.0,8228.0,0.0,0.0,0.0,0.0,0.0,1.0,0.0,0.0,0.0,0.0,0.0,-0.2,0.0,-0.5,0.0,0.0,16.0,25903.0
2026-07-30T18:59:38.271Z,147.754,147.768,0.0,7.4,0.0,0.0,0.0,0.0,0.0,0.0,0.0,0.0,1.0,0.0,0.0,0.0,9.0,4.0,0.0,0.0,0.0,0.0,0.0,0.0,0.0,0.0,3.0,12.0,1.0,12.14,5.01,2.51,1.49,0.0,0.0,0.0,0.4,0.0,-0.2,-1.1,0.0,-169.70000000000002,0.0,0.0,169.70000000000002,0.0,21.4,30.3,30.3,31.0,300.0,300.0,30.9,35.0,30.0,29.4,31.200000000000003,4.96,2.0,4.96,0.16,0.0,0.0,1027.0,8228.0,0.0,0.0,0.0,0.0,0.0,1.0,0.0,0.0,0.0,0.0,0.0,-1.3,0.0,-0.1,0.0,0.0002,16.0,25903.0
2026-07-30T18:59:38.284Z,147.767,147.78,0.0,7.4,0.0,0.0,0.0,0.0,0.0,0.0,0.0,0.0,1.0,0.0,0.0,0.0,9.0,4.0,0.0,0.0,0.0,0.0,0.0,0.0,0.0,0.0,3.0,12.0,1.0,12.14,5.01,2.51,1.49,0.0,0.0,0.0,0.4,0.0,-1.4,-0.5,-0.7000000000000001,-169.70000000000002,0.0,0.0,169.70000000000002,0.0,21.4,30.3,30.3,31.0,300.0,300.0,30.9,35.0,30.0,29.4,31.200000000000003,4.96,1.99,4.97,0.16,0.0,0.0,1027.0,8228.0,0.0,0.0,0.0,0.0,0.0,1.0,0.0,0.0,0.0,0.0,0.0,-1.1,0.0,0.5,0.0,0.0001,16.0,25903.0
2026-07-30T18:59:38.295Z,147.778,147.792,0.0,7.4,0.0,0.0,0.0,0.0,0.0,0.0,0.0,0.0,1.0,0.0,0.0,0.0,9.0,4.0,0.0,0.0,0.0,0.0,0.0,0.0,0.0,0.0,4.0,12.0,1.0,12.14,5.01,2.51,1.49,0.0,0.0,0.0,0.4,0.0,0.2,-0.6000000000000001,0.4,-169.70000000000002,0.0,0.0,169.8,0.0,21.4,30.3,30.3,31.0,300.0,300.0,30.9,35.0,30.0,29.4,31.200000000000003,4.95,2.0,4.97,0.16,0.0,0.0,1027.0,8228.0,0.0,0.0,0.0,0.0,0.0,1.0,0.0,0.0,0.0,0.0,0.0,-0.3,0.0,-0.5,0.0,0.0001,16.0,25903.0
2026-07-30T18:59:38.308Z,147.791,147.804,0.0,7.4,0.0,0.0,0.0,0.0,0.0,0.0,0.0,0.0,1.0,0.0,0.0,0.0,9.0,4.0,0.0,0.0,0.0,0.0,0.0,0.0,0.0,0.0,5.0,12.0,1.0,12.18,5.0200000000000005,2.51,1.49,0.0,0.0,0.0,0.4,0.0,-0.3,0.6000000000000001,-0.6000000000000001,-169.70000000000002,0.0,0.0,169.8,0.0,21.8,30.3,30.3,31.0,300.0,300.0,30.9,35.0,30.0,29.4,31.200000000000003,4.96,2.0,4.97,0.16,0.0,0.0,1027.0,8228.0,0.0,0.0,0.0,0.0,0.0,1.0,0.0,0.0,0.0,0.0,0.0,0.2,0.0,0.7000000000000001,0.0,0.0001,16.0,25903.0
2026-07-30T18:59:38.320Z,147.803,147.816,0.0,7.4,0.0,0.0,0.0,0.0,0.0,0.0,0.0,0.0,1.0,0.0,0.0,0.0,9.0,4.0,0.0,0.0,0.0,0.0,0.0,0.0,0.0,0.0,6.0,12.0,1.0,12.18,5.0200000000000005,2.51,1.49,0.0,0.0,0.0,0.4,0.0,0.2,0.0,0.0,-169.70000000000002,0.0,0.0,169.8,0.0,21.8,30.3,30.3,31.0,300.0,300.0,30.9,35.0,30.0,29.4,31.200000000000003,4.95,1.99,4.96,0.16,0.0,0.0,1027.0,8228.0,0.0,0.0,0.0,0.0,0.0,1.0,0.0,0.0,0.0,0.0,0.0,0.1,0.0,0.0,0.0,0.0001,16.0,25903.0
2026-07-30T18:59:38.331Z,147.814,147.828,0.0,7.4,0.0,0.0,0.0,0.0,0.0,0.0,0.0,0.0,1.0,0.0,0.0,0.0,9.0,4.0,0.0,0.0,0.0,0.0,0.0,0.0,0.0,0.0,1.0,12.0,1.0,12.18,5.0200000000000005,2.51,1.49,0.0,0.0,0.0,0.5,0.0,0.8,0.0,0.0,-169.70000000000002,0.0,0.0,169.8,0.0,21.8,30.3,30.3,31.0,300.0,300.0,30.9,35.0,30.0,29.4,31.200000000000003,4.95,1.99,4.97,0.16,0.0,0.0,1027.0,8228.0,0.0,0.0,0.0,0.0,0.0,1.0,0.0,0.0,0.0,0.0,0.0,0.0,0.0,0.0,0.0,0.0,16.0,25903.0
2026-07-30T18:59:38.344Z,147.827,147.84,0.0,7.4,0.0,0.0,0.0,0.0,0.0,0.0,0.0,0.0,1.0,0.0,0.0,0.0,9.0,4.0,0.0,0.0,0.0,0.0,0.0,0.0,0.0,0.0,2.0,12.0,1.0,12.18,5.0200000000000005,2.51,1.49,0.0,0.0,0.0,0.4,0.0,0.2,0.0,0.5,-169.70000000000002,0.0,0.0,169.70000000000002,0.0,21.8,30.3,30.3,31.0,300.0,300.0,30.9,35.0,30.0,29.4,31.200000000000003,4.95,1.99,4.97,0.16,0.0,0.0,1027.0,8228.0,0.0,0.0,0.0,0.0,0.0,1.0,0.0,0.0,0.0,0.0,0.0,0.5,0.0,-0.4,0.0,0.0,16.0,25903.0
2026-07-30T18:59:38.356Z,147.839,147.852,0.0,7.4,0.0,0.0,0.0,0.0,0.0,0.0,0.0,0.0,1.0,0.0,0.0,0.0,9.0,4.0,0.0,0.0,0.0,0.0,0.0,0.0,0.0,0.0,3.0,12.0,1.0,12.18,5.0200000000000005,2.51,1.49,0.0,0.0,0.0,0.4,0.0,-0.3,0.1,1.1,-169.70000000000002,0.0,0.0,169.8,0.0,21.8,30.3,30.3,31.0,300.0,300.0,30.9,35.0,30.0,29.4,31.200000000000003,4.96,1.99,4.96,0.16,0.0,0.0,1027.0,8228.0,0.0,0.0,0.0,0.0,0.0,1.0,0.0,0.0,0.0,0.0,0.0,-1.2000000000000002,0.0,-0.1,0.0,0.0001,16.0,25903.0
2026-07-30T18:59:38.367Z,147.85,147.864,0.0,7.4,0.0,0.0,0.0,0.0,0.0,0.0,0.0,0.0,1.0,0.0,0.0,0.0,9.0,4.0,0.0,0.0,0.0,0.0,0.0,0.0,0.0,0.0,5.0,12.0,1.0,12.18,5.0200000000000005,2.51,1.49,0.0,0.0,0.0,0.4,0.0,-0.9,-1.0,-0.1,-169.70000000000002,0.0,0.0,169.70000000000002,0.0,21.8,30.3,30.3,31.0,300.0,300.0,30.9,35.0,30.0,29.4,31.200000000000003,4.95,1.99,4.96,0.16,0.0,0.0,1027.0,8228.0,0.0,0.0,0.0,0.0,0.0,1.0,0.0,0.0,0.0,0.0,0.0,-1.3,0.0,-0.1,0.0,0.0001,16.0,25903.0
2026-07-30T18:59:38.379Z,147.862,147.876,0.0,7.4,0.0,0.0,0.0,0.0,0.0,0.0,0.0,0.0,1.0,0.0,0.0,0.0,9.0,4.0,0.0,0.0,0.0,0.0,0.0,0.0,0.0,0.0,6.0,12.0,1.0,12.18,5.0200000000000005,2.51,1.49,0.0,0.0,0.0,0.4,0.0,0.2,1.2000000000000002,1.0,-169.70000000000002,0.0,0.0,169.8,0.0,21.8,30.3,30.3,31.0,300.0,300.0,30.9,35.0,30.0,29.4,31.200000000000003,4.95,1.99,4.97,0.16,0.0,0.0,1027.0,8228.0,0.0,0.0,0.0,0.0,0.0,1.0,0.0,0.0,0.0,0.0,0.0,-0.8,0.0,1.1,0.0,0.0001,16.0,25903.0
2026-07-30T18:59:38.392Z,147.875,147.888,0.0,7.4,0.0,0.0,0.0,0.0,0.0,0.0,0.0,0.0,1.0,0.0,0.0,0.0,9.0,4.0,0.0,0.0,0.0,0.0,0.0,0.0,0.0,0.0,1.0,12.0,1.0,12.18,5.0200000000000005,2.51,1.49,0.0,0.0,0.0,0.4,0.0,-0.8,-1.1,-1.2000000000000002,-169.70000000000002,0.0,0.0,169.8,0.0,21.8,30.3,30.3,31.0,300.0,300.0,30.9,35.0,30.0,29.4,31.200000000000003,4.96,1.99,4.97,0.16,0.0,0.0,1027.0,8228.0,0.0,0.0,0.0,0.0,0.0,1.0,0.0,0.0,0.0,0.0,0.0,-2.2,0.0,0.8,0.0,0.0,16.0,25903.0
2026-07-30T18:59:38.404Z,147.887,147.9,0.0,7.4,0.0,0.0,0.0,0.0,0.0,0.0,0.0,0.0,1.0,0.0,0.0,0.0,9.0,4.0,0.0,0.0,0.0,0.0,0.0,0.0,0.0,0.0,3.0,12.0,1.0,12.19,5.0200000000000005,2.51,1.49,0.0,0.0,0.0,0.4,0.0,0.3,1.2000000000000002,0.4,-169.70000000000002,0.0,0.0,169.8,0.0,21.700000000000003,30.3,30.3,31.0,300.0,300.0,30.9,35.0,30.0,29.4,31.200000000000003,4.96,1.99,4.97,0.16,0.0,0.0,1027.0,8228.0,0.0,0.0,0.0,0.0,0.0,1.0,0.0,0.0,0.0,0.0,0.0,1.7000000000000002,0.0,-0.1,0.0,0.0001,16.0,25903.0
2026-07-30T18:59:38.416Z,147.899,147.912,0.0,7.4,0.0,0.0,0.0,0.0,0.0,0.0,0.0,0.0,1.0,0.0,0.0,0.0,9.0,4.0,0.0,0.0,0.0,0.0,0.0,0.0,0.0,0.0,4.0,12.0,1.0,12.19,5.0200000000000005,2.51,1.49,0.0,0.1,0.0,0.4,0.0,-0.8,-0.5,-0.1,-169.70000000000002,0.0,0.0,169.8,0.0,21.700000000000003,30.3,30.3,31.0,300.0,300.0,30.9,35.0,30.0,29.4,31.200000000000003,4.95,1.99,4.97,0.16,0.0,0.0,1027.0,8228.0,0.0,0.0,0.0,0.0,0.0,1.0,0.0,0.0,0.0,0.0,0.0,-0.7000000000000001,0.0,0.0,0.0,0.0,16.0,25903.0
2026-07-30T18:59:38.427Z,147.91,147.924,0.0,7.4,0.0,0.0,0.0,0.0,0.0,0.0,0.0,0.0,1.0,0.0,0.0,0.0,9.0,4.0,0.0,0.0,0.0,0.0,0.0,0.0,0.0,0.0,5.0,12.0,1.0,12.19,5.0200000000000005,2.51,1.49,0.0,0.0,0.0,0.4,0.0,0.3,1.2000000000000002,1.5,-169.70000000000002,0.0,0.0,169.8,0.0,21.700000000000003,30.3,30.3,31.0,300.0,300.0,30.9,35.0,30.0,29.4,31.200000000000003,4.95,1.99,4.96,0.16,0.0,0.0,1027.0,8228.0,0.0,0.0,0.0,0.0,0.0,1.0,0.0,0.0,0.0,0.0,0.0,2.5,0.0,-1.1,0.0,0.0,16.0,25903.0
2026-07-30T18:59:38.440Z,147.923,147.936,0.0,7.4,0.0,0.0,0.0,0.0,0.0,0.0,0.0,0.0,1.0,0.0,0.0,0.0,9.0,4.0,0.0,0.0,0.0,0.0,0.0,0.0,0.0,0.0,6.0,12.0,1.0,12.19,5.0200000000000005,2.51,1.49,0.0,0.0,0.0,0.5,0.0,-0.2,-1.0,-1.8,-169.70000000000002,0.0,0.0,169.8,0.0,21.700000000000003,30.3,30.3,31.0,300.0,300.0,30.9,35.0,30.0,29.4,31.200000000000003,4.96,1.99,4.96,0.15,0.0,0.0,1027.0,8228.0,0.0,0.0,0.0,0.0,0.0,1.0,0.0,0.0,0.0,0.0,0.0,-2.6,0.0,1.4,0.0,0.0,16.0,25903.0
2026-07-30T18:59:38.452Z,147.935,147.948,0.0,7.4,0.0,0.0,0.0,0.0,0.0,0.0,0.0,0.0,1.0,0.0,0.0,0.0,9.0,4.0,0.0,0.0,0.0,0.0,0.0,0.0,0.0,0.0,1.0,12.0,1.0,12.19,5.0200000000000005,2.51,1.49,0.0,0.0,0.0,0.4,0.0,-0.2,-0.4,-0.6000000000000001,-169.70000000000002,0.0,0.0,169.8,0.0,21.700000000000003,30.3,30.3,31.0,300.0,300.0,30.9,35.0,30.0,29.4,31.200000000000003,4.95,1.99,4.97,0.16,0.0,0.0,1027.0,8228.0,0.0,0.0,0.0,0.0,0.0,1.0,0.0,0.0,0.0,0.0,0.0,-1.0,0.0,0.5,0.0,0.0,16.0,25903.0
2026-07-30T18:59:38.464Z,147.947,147.96,0.0,7.4,0.0,0.0,0.0,0.0,0.0,0.0,0.0,0.0,1.0,0.0,0.0,0.0,9.0,4.0,0.0,0.0,0.0,0.0,0.0,0.0,0.0,0.0,3.0,12.0,1.0,12.19,5.0200000000000005,2.51,1.49,0.0,0.0,0.0,0.4,0.0,-0.3,-0.5,0.3,-169.70000000000002,0.0,0.0,169.8,0.0,21.700000000000003,30.3,30.3,31.0,300.0,300.0,30.9,35.0,30.0,29.4,31.200000000000003,4.96,1.99,4.96,0.16,0.0,0.0,1027.0,8228.0,0.0,0.0,0.0,0.0,0.0,1.0,0.0,0.0,0.0,0.0,0.0,-0.3,0.0,-0.4,0.0,0.0001,16.0,25903.0
2026-07-30T18:59:38.475Z,147.958,147.972,0.0,7.4,0.0,0.0,0.0,0.0,0.0,0.0,0.0,0.0,1.0,0.0,0.0,0.0,9.0,4.0,0.0,0.0,0.0,0.0,0.0,0.0,0.0,0.0,4.0,12.0,1.0,12.19,5.0200000000000005,2.51,1.49,0.0,0.0,0.0,0.4,0.0,0.2,0.6000000000000001,1.5,-169.70000000000002,0.0,0.0,169.70000000000002,0.0,21.700000000000003,30.3,30.3,31.0,300.0,300.0,30.9,35.0,30.0,29.4,31.200000000000003,4.96,2.0,4.96,0.16,0.0,0.0,1027.0,8228.0,0.0,0.0,0.0,0.0,0.0,1.0,0.0,0.0,0.0,0.0,0.0,1.9,0.0,-1.1,0.0,0.0001,16.0,25903.0
2026-07-30T18:59:38.487Z,147.97,147.984,0.0,7.4,0.0,0.0,0.0,0.0,0.0,0.0,0.0,0.0,1.0,0.0,0.0,0.0,9.0,4.0,0.0,0.0,0.0,0.0,0.0,0.0,0.0,0.0,5.0,12.0,1.0,12.19,5.0200000000000005,2.51,1.49,0.0,0.1,0.0,0.4,0.0,-0.2,0.1,0.3,-169.70000000000002,0.0,0.0,169.70000000000002,0.0,21.700000000000003,30.3,30.3,31.0,300.0,300.0,30.9,35.0,30.0,29.4,31.200000000000003,4.95,1.99,4.96,0.16,0.0,0.0,1027.0,8228.0,0.0,0.0,0.0,0.0,0.0,1.0,0.0,0.0,0.0,0.0,0.0,0.3,0.0,-0.2,0.0,0.0,16.0,25903.0
2026-07-30T18:59:38.500Z,147.983,147.996,0.0,7.4,0.0,0.0,0.0,0.0,0.0,0.0,0.0,0.0,1.0,0.0,0.0,0.0,9.0,4.0,0.0,0.0,0.0,0.0,0.0,0.0,0.0,0.0,6.0,12.0,1.0,12.19,5.0200000000000005,2.51,1.49,0.0,0.0,0.0,0.4,0.0,-0.2,-0.4,-0.8,-169.70000000000002,0.0,0.0,169.8,0.0,21.700000000000003,30.3,30.3,31.0,300.0,300.0,30.9,35.0,30.0,29.4,31.200000000000003,4.96,1.99,4.97,0.16,0.0,0.0,1027.0,8228.0,0.0,0.0,0.0,0.0,0.0,1.0,0.0,0.0,0.0,0.0,0.0,-1.1,0.0,0.6000000000000001,0.0,0.0,16.0,25903.0
2026-07-30T18:59:38.512Z,147.995,148.008,0.0,7.4,0.0,0.0,0.0,0.0,0.0,0.0,0.0,0.0,1.0,0.0,0.0,0.0,9.0,4.0,0.0,0.0,0.0,0.0,0.0,0.0,0.0,0.0,1.0,12.0,1.0,12.17,5.0200000000000005,2.51,1.49,0.0,0.0,0.0,0.5,0.0,0.9,-0.3,0.3,-169.70000000000002,0.0,0.0,169.8,0.0,21.4,30.3,30.3,31.0,300.0,300.0,30.8,35.0,30.0,29.4,31.200000000000003,4.95,1.99,4.96,0.16,0.0,0.0,1027.0,8228.0,0.0,0.0,0.0,0.0,0.0,1.0,0.0,0.0,0.0,0.0,0.0,-0.1,0.0,-0.4,0.0,0.0,16.0,25903.0
2026-07-30T18:59:38.524Z,148.007,148.02,0.0,7.4,0.0,0.0,0.0,0.0,0.0,0.0,0.0,0.0,1.0,0.0,0.0,0.0,9.0,4.0,0.0,0.0,0.0,0.0,0.0,0.0,0.0,0.0,2.0,12.0,1.0,12.17,5.0200000000000005,2.51,1.49,0.0,0.0,0.0,0.4,0.0,0.3,0.7000000000000001,0.3,-169.70000000000002,0.0,0.0,169.8,0.0,21.4,30.3,30.3,31.0,300.0,300.0,30.8,35.0,30.0,29.4,31.200000000000003,4.95,1.99,4.97,0.17,0.0,0.0,1027.0,8228.0,0.0,0.0,0.0,0.0,0.0,1.0,0.0,0.0,0.0,0.0,0.0,1.1,0.0,-0.1,0.0,0.0001,16.0,25903.0
2026-07-30T18:59:38.535Z,148.018,148.032,0.0,7.4,0.0,0.0,0.0,0.0,0.0,0.0,0.0,0.0,1.0,0.0,0.0,0.0,9.0,4.0,0.0,0.0,0.0,0.0,0.0,0.0,0.0,0.0,4.0,12.0,1.0,12.17,5.0200000000000005,2.51,1.49,0.0,0.0,0.0,0.4,0.0,0.3,1.3,-1.3,-169.70000000000002,0.0,0.0,169.8,0.0,21.4,30.3,30.3,31.0,300.0,300.0,30.8,35.0,30.0,29.4,31.200000000000003,4.95,1.99,4.97,0.16,0.0,0.0,1027.0,8228.0,0.0,0.0,0.0,0.0,0.0,1.0,0.0,0.0,0.0,0.0,0.0,0.4,0.0,1.4,0.0,0.0001,16.0,25903.0
2026-07-30T18:59:38.548Z,148.031,148.044,0.0,7.4,0.0,0.0,0.0,0.0,0.0,0.0,0.0,0.0,1.0,0.0,0.0,0.0,9.0,4.0,0.0,0.0,0.0,0.0,0.0,0.0,0.0,0.0,5.0,12.0,1.0,12.17,5.0200000000000005,2.51,1.49,0.0,0.0,0.0,0.4,0.0,0.9,0.1,0.9,-169.70000000000002,0.0,0.0,169.8,0.0,21.4,30.3,30.3,31.0,300.0,300.0,30.8,35.0,30.0,29.4,31.200000000000003,4.96,1.99,4.96,0.16,0.0,0.0,1027.0,8228.0,0.0,0.0,0.0,0.0,0.0,1.0,0.0,0.0,0.0,0.0,0.0,0.9,0.0,-0.8,0.0,0.0,16.0,25903.0
2026-07-30T18:59:38.559Z,148.042,148.056,0.0,7.4,0.0,0.0,0.0,0.0,0.0,0.0,0.0,0.0,1.0,0.0,0.0,0.0,9.0,4.0,0.0,0.0,0.0,0.0,0.0,0.0,0.0,0.0,1.0,12.0,1.0,12.17,5.0200000000000005,2.51,1.49,0.0,0.0,0.0,0.4,0.0,0.3,0.7000000000000001,0.3,-169.70000000000002,0.0,0.0,169.8,0.0,21.4,30.3,30.3,31.0,300.0,300.0,30.8,35.0,30.0,29.4,31.200000000000003,4.95,1.99,4.97,0.16,0.0,0.0,1027.0,8228.0,0.0,0.0,0.0,0.0,0.0,1.0,0.0,0.0,0.0,0.0,0.0,1.1,0.0,-0.1,0.0,0.0,16.0,25903.0
2026-07-30T18:59:38.572Z,148.055,148.068,0.0,7.4,0.0,0.0,0.0,0.0,0.0,0.0,0.0,0.0,1.0,0.0,0.0,0.0,9.0,4.0,0.0,0.0,0.0,0.0,0.0,0.0,0.0,0.0,2.0,12.0,1.0,12.17,5.0200000000000005,2.51,1.49,0.0,0.1,0.0,0.4,0.0,-0.8,-0.3,-0.7000000000000001,-169.70000000000002,0.0,0.0,169.8,0.0,21.4,30.3,30.3,31.0,300.0,300.0,30.8,35.0,30.0,29.4,31.200000000000003,4.95,1.99,4.97,0.16,0.0,0.0,1027.0,8228.0,0.0,0.0,0.0,0.0,0.0,1.0,0.0,0.0,0.0,0.0,0.0,-0.9,0.0,0.5,0.0,0.0001,16.0,25903.0
2026-07-30T18:59:38.586Z,148.069,148.08,0.0,7.4,0.0,0.0,0.0,0.0,0.0,0.0,0.0,0.0,1.0,0.0,0.0,0.0,9.0,4.0,0.0,0.0,0.0,0.0,0.0,0.0,0.0,0.0,2.0,12.0,1.0,12.17,5.0200000000000005,2.51,1.49,0.0,0.0,0.0,0.4,0.0,-0.2,1.4,0.4,-169.70000000000002,0.0,0.0,169.8,0.0,21.4,30.3,30.3,31.0,300.0,300.0,30.8,35.0,30.0,29.4,31.200000000000003,4.96,2.0,4.97,0.16,0.0,0.0,1027.0,8228.0,0.0,0.0,0.0,0.0,0.0,1.0,0.0,0.0,0.0,0.0,0.0,1.9,0.0,-0.1,0.0,0.0,16.0,25903.0
2026-07-30T18:59:38.596Z,148.079,148.092,0.0,7.4,0.0,0.0,0.0,0.0,0.0,0.0,0.0,0.0,1.0,0.0,0.0,0.0,9.0,4.0,0.0,0.0,0.0,0.0,0.0,0.0,0.0,0.0,6.0,12.0,1.0,12.17,5.0200000000000005,2.51,1.49,0.0,0.0,0.0,0.5,0.0,-0.8,-0.3,-0.7000000000000001,-169.70000000000002,0.0,0.0,169.8,0.0,21.4,30.3,30.3,31.0,300.0,300.0,30.8,35.0,30.0,29.4,31.200000000000003,4.96,2.0,4.96,0.16,0.0,0.0,1027.0,8228.0,0.0,0.0,0.0,0.0,0.0,1.0,0.0,0.0,0.0,0.0,0.0,-0.8,0.0,0.5,0.0,0.0001,16.0,25903.0
2026-07-30T18:59:38.608Z,148.091,148.104,0.0,7.4,0.0,0.0,0.0,0.0,0.0,0.0,0.0,0.0,1.0,0.0,0.0,0.0,9.0,4.0,0.0,0.0,0.0,0.0,0.0,0.0,0.0,0.0,2.0,12.0,1.0,12.18,5.01,2.5,1.49,0.0,0.0,0.0,0.4,0.0,-0.2,1.4,1.6,-169.70000000000002,0.0,0.0,169.8,0.0,21.4,30.3,30.3,31.0,300.0,300.0,30.8,34.9,30.0,29.4,31.1,4.95,1.99,4.97,0.16,0.0,0.0,1027.0,8228.0,0.0,0.0,0.0,0.0,0.0,1.0,0.0,0.0,0.0,0.0,0.0,2.8000000000000003,0.0,-1.1,0.0,0.0,16.0,25903.0
2026-07-30T18:59:38.619Z,148.102,148.116,0.0,7.4,0.0,0.0,0.0,0.0,0.0,0.0,0.0,0.0,1.0,0.0,0.0,0.0,9.0,4.0,0.0,0.0,0.0,0.0,0.0,0.0,0.0,0.0,3.0,12.0,1.0,12.18,5.01,2.5,1.49,0.0,0.0,0.0,0.4,0.0,0.4,0.3,-1.3,-169.70000000000002,0.0,0.0,169.70000000000002,0.0,21.4,30.3,30.3,31.0,300.0,300.0,30.8,34.9,30.0,29.4,31.1,4.95,1.99,4.97,0.16,0.0,0.0,1027.0,8228.0,0.0,0.0,0.0,0.0,0.0,1.0,0.0,0.0,0.0,0.0,0.0,-0.6000000000000001,0.0,1.2000000000000002,0.0,0.0,16.0,25903.0
2026-07-30T18:59:38.632Z,148.115,148.128,0.0,7.4,0.0,0.0,0.0,0.0,0.0,0.0,0.0,0.0,1.0,0.0,0.0,0.0,9.0,4.0,0.0,0.0,0.0,0.0,0.0,0.0,0.0,0.0,4.0,12.0,1.0,12.18,5.01,2.5,1.49,0.0,0.0,0.0,0.4,0.0,1.5,0.2,-0.1,-169.70000000000002,0.0,0.0,169.8,0.0,21.4,30.3,30.3,31.0,300.0,300.0,30.8,34.9,30.0,29.4,31.1,4.96,1.99,4.97,0.16,0.0,0.0,1027.0,8228.0,0.0,0.0,0.0,0.0,0.0,1.0,0.0,0.0,0.0,0.0,0.0,0.2,0.0,0.2,0.0,0.0001,16.0,25903.0
2026-07-30T18:59:38.644Z,148.127,148.14,0.0,7.4,0.0,0.0,0.0,0.0,0.0,0.0,0.0,0.0,1.0,0.0,0.0,0.0,9.0,4.0,0.0,0.0,0.0,0.0,0.0,0.0,0.0,0.0,5.0,12.0,1.0,12.18,5.01,2.5,1.49,0.0,0.0,0.0,0.4,0.0,0.4,0.2,0.4,-169.70000000000002,0.0,0.0,169.8,0.0,21.4,30.3,30.3,31.0,300.0,300.0,30.8,34.9,30.0,29.4,31.1,4.96,1.99,4.97,0.16,0.0,0.0,1027.0,8228.0,0.0,0.0,0.0,0.0,0.0,1.0,0.0,0.0,0.0,0.0,0.0,0.5,0.0,-0.3,0.0,0.0001,16.0,25903.0
2026-07-30T18:59:38.655Z,148.138,148.15200000000002,0.0,7.4,0.0,0.0,0.0,0.0,0.0,0.0,0.0,0.0,1.0,0.0,0.0,0.0,9.0,4.0,0.0,0.0,0.0,0.0,0.0,0.0,0.0,0.0,6.0,12.0,1.0,12.18,5.01,2.5,1.49,0.0,0.0,0.0,0.5,0.0,-0.1,-0.9,-0.7000000000000001,-169.70000000000002,0.0,0.0,169.70000000000002,0.0,21.4,30.3,30.3,31.0,300.0,300.0,30.8,34.9,30.0,29.4,31.1,4.95,1.99,4.97,0.16,0.0,0.0,1027.0,8228.0,0.0,0.0,0.0,0.0,0.0,1.0,0.0,0.0,0.0,0.0,0.0,-1.6,0.0,0.4,0.0,0.0,16.0,25903.0
2026-07-30T18:59:38.668Z,148.151,148.16400000000002,0.0,7.4,0.0,0.0,0.0,0.0,0.0,0.0,0.0,0.0,1.0,0.0,0.0,0.0,9.0,4.0,0.0,0.0,0.0,0.0,0.0,0.0,0.0,0.0,1.0,12.0,1.0,12.18,5.01,2.5,1.49,0.0,0.0,0.0,0.4,0.0,-0.2,-0.3,0.3,-169.70000000000002,0.0,0.0,169.8,0.0,21.4,30.3,30.3,31.0,300.0,300.0,30.8,34.9,30.0,29.4,31.1,4.95,2.0,4.96,0.16,0.0,0.0,1027.0,8228.0,0.0,0.0,0.0,0.0,0.0,1.0,0.0,0.0,0.0,0.0,0.0,-0.1,0.0,-0.3,0.0,0.0,16.0,25903.0
2026-07-30T18:59:38.680Z,148.163,148.17600000000002,0.0,7.4,0.0,0.0,0.0,0.0,0.0,0.0,0.0,0.0,1.0,0.0,0.0,0.0,9.0,4.0,0.0,0.0,0.0,0.0,0.0,0.0,0.0,0.0,3.0,12.0,1.0,12.18,5.01,2.5,1.49,0.0,0.0,0.0,0.4,0.0,-0.2,0.7000000000000001,-0.2,-169.70000000000002,0.0,0.0,169.8,0.0,21.4,30.3,30.3,31.0,300.0,300.0,30.8,34.9,30.0,29.4,31.1,4.96,1.99,4.96,0.16,0.0,0.0,1027.0,8228.0,0.0,0.0,0.0,0.0,0.0,1.0,0.0,0.0,0.0,0.0,0.0,0.6000000000000001,0.0,0.4,0.0,0.0,16.0,25903.0
2026-07-30T18:59:38.692Z,148.175,148.18800000000002,0.0,7.4,0.0,0.0,0.0,0.0,0.0,0.0,0.0,0.0,1.0,0.0,0.0,0.0,9.0,4.0,0.0,0.0,0.0,0.0,0.0,0.0,0.0,0.0,4.0,12.0,1.0,12.18,5.01,2.5,1.49,0.0,0.0,0.0,0.4,0.0,-0.2,-0.3,-0.8,-169.70000000000002,0.0,0.0,169.60000000000002,0.0,21.4,30.3,30.3,31.0,300.0,300.0,30.8,34.9,30.0,29.4,31.1,4.95,1.99,4.97,0.16,0.0,0.0,1027.0,8228.0,0.0,0.0,0.0,0.0,0.0,1.0,0.0,0.0,0.0,0.0,0.0,-1.1,0.0,0.7000000000000001,0.0,0.0001,16.0,25903.0
2026-07-30T18:59:38.703Z,148.186,148.20000000000002,0.0,7.4,0.0,0.0,0.0,0.0,0.0,0.0,0.0,0.0,1.0,0.0,0.0,0.0,9.0,4.0,0.0,0.0,0.0,0.0,0.0,0.0,0.0,0.0,5.0,12.0,1.0,12.18,5.01,2.5,1.49,0.0,0.0,0.0,0.4,0.0,0.3,-0.3,-0.3,-169.70000000000002,0.0,0.0,169.8,0.0,21.4,30.3,30.3,31.0,300.0,300.0,30.8,34.9,30.0,29.4,31.1,4.96,1.99,4.96,0.16,0.0,0.0,1027.0,8228.0,0.0,0.0,0.0,0.0,0.0,1.0,0.0,0.0,0.0,0.0,0.0,-0.7000000000000001,0.0,0.2,0.0,0.0002,16.0,25903.0
2026-07-30T18:59:38.715Z,148.198,148.212,0.0,7.4,0.0,0.0,0.0,0.0,0.0,0.0,0.0,0.0,1.0,0.0,0.0,0.0,9.0,4.0,0.0,0.0,0.0,0.0,0.0,0.0,0.0,0.0,6.0,12.0,1.0,12.15,5.01,2.5,1.49,0.0,0.0,0.0,0.4,0.0,0.3,-0.4,-0.9,-169.70000000000002,0.0,0.0,169.8,0.0,21.200000000000003,30.3,30.3,31.0,300.0,300.0,30.8,34.9,30.0,29.4,31.1,4.96,1.99,4.97,0.16,0.0,0.0,1027.0,8228.0,0.0,0.0,0.0,0.0,0.0,1.0,0.0,0.0,0.0,0.0,0.0,-1.2000000000000002,0.0,0.7000000000000001,0.0,0.0001,16.0,25903.0
2026-07-30T18:59:38.728Z,148.211,148.224,0.0,7.4,0.0,0.0,0.0,0.0,0.0,0.0,0.0,0.0,1.0,0.0,0.0,0.0,9.0,4.0,0.0,0.0,0.0,0.0,0.0,0.0,0.0,0.0,2.0,12.0,1.0,12.15,5.01,2.5,1.49,0.0,0.0,0.0,0.4,0.0,0.9,0.6000000000000001,0.8,-169.70000000000002,0.0,0.0,169.70000000000002,0.0,21.200000000000003,30.3,30.3,31.0,300.0,300.0,30.8,34.9,30.0,29.4,31.1,4.96,1.99,4.97,0.16,0.0,0.0,1027.0,8228.0,0.0,0.0,0.0,0.0,0.0,1.0,0.0,0.0,0.0,0.0,0.0,1.3,0.0,-0.5,0.0,0.0001,16.0,25903.0
2026-07-30T18:59:38.739Z,148.222,148.236,0.0,7.4,0.0,0.0,0.0,0.0,0.0,0.0,0.0,0.0,1.0,0.0,0.0,0.0,9.0,4.0,0.0,0.0,0.0,0.0,0.0,0.0,0.0,0.0,3.0,12.0,1.0,12.15,5.01,2.5,1.49,0.0,0.0,0.0,0.4,0.0,0.9,0.0,0.2,-169.70000000000002,0.0,0.0,169.70000000000002,0.0,21.200000000000003,30.3,30.3,31.0,300.0,300.0,30.8,34.9,30.0,29.4,31.1,4.95,1.99,4.97,0.16,0.0,0.0,1027.0,8228.0,0.0,0.0,0.0,0.0,0.0,1.0,0.0,0.0,0.0,0.0,0.0,0.2,0.0,-0.1,0.0,0.0002,16.0,25903.0
2026-07-30T18:59:38.752Z,148.235,148.248,0.0,7.4,0.0,0.0,0.0,0.0,0.0,0.0,0.0,0.0,1.0,0.0,0.0,0.0,9.0,4.0,0.0,0.0,0.0,0.0,0.0,0.0,0.0,0.0,4.0,12.0,1.0,12.15,5.01,2.5,1.49,0.0,0.0,0.0,0.4,0.0,-0.2,-0.4,-1.4,-169.70000000000002,0.0,0.0,169.8,0.0,21.200000000000003,30.3,30.3,31.0,300.0,300.0,30.8,34.9,30.0,29.4,31.1,4.95,1.99,4.96,0.16,0.0,0.0,1027.0,8228.0,0.0,0.0,0.0,0.0,0.0,1.0,0.0,0.0,0.0,0.0,0.0,-1.6,0.0,1.2000000000000002,0.0,0.0,16.0,25903.0
2026-07-30T18:59:38.764Z,148.247,148.26,0.0,7.4,0.0,0.0,0.0,0.0,0.0,0.0,0.0,0.0,1.0,0.0,0.0,0.0,9.0,4.0,0.0,0.0,0.0,0.0,0.0,0.0,0.0,0.0,5.0,12.0,1.0,12.15,5.01,2.5,1.49,0.0,0.0,0.0,0.4,0.0,-0.8,0.1,-0.3,-169.70000000000002,0.0,0.0,169.8,0.0,21.200000000000003,30.3,30.3,31.0,300.0,300.0,30.8,34.9,30.0,29.4,31.1,4.95,1.99,4.97,0.16,0.0,0.0,1027.0,8228.0,0.0,0.0,0.0,0.0,0.0,1.0,0.0,0.0,0.0,0.0,0.0,0.0,0.0,0.2,0.0,0.0001,16.0,25903.0
2026-07-30T18:59:38.776Z,148.259,148.272,0.0,7.4,0.0,0.0,0.0,0.0,0.0,0.0,0.0,0.0,1.0,0.0,0.0,0.0,9.0,4.0,0.0,0.0,0.0,0.0,0.0,0.0,0.0,0.0,6.0,12.0,1.0,12.15,5.01,2.5,1.49,0.0,0.0,0.0,0.4,0.0,-0.2,0.1,-0.3,-169.70000000000002,0.0,0.0,169.8,0.0,21.200000000000003,30.3,30.3,31.0,300.0,300.0,30.8,34.9,30.0,29.4,31.1,4.95,1.99,4.97,0.16,0.0,0.0,1027.0,8228.0,0.0,0.0,0.0,0.0,0.0,1.0,0.0,0.0,0.0,0.0,0.0,-0.1,0.0,0.3,0.0,0.0,16.0,25903.0
2026-07-30T18:59:38.788Z,148.271,148.284,0.0,7.4,0.0,0.0,0.0,0.0,0.0,0.0,0.0,0.0,1.0,0.0,0.0,0.0,9.0,4.0,0.0,0.0,0.0,0.0,0.0,0.0,0.0,0.0,1.0,12.0,1.0,12.15,5.01,2.5,1.49,0.0,0.0,0.0,0.4,0.0,-0.8,-1.1,0.2,-169.70000000000002,0.0,0.0,169.70000000000002,0.0,21.200000000000003,30.3,30.3,31.0,300.0,300.0,30.8,34.9,30.0,29.4,31.1,4.96,1.99,4.96,0.16,0.0,0.0,1027.0,8228.0,0.0,0.0,0.0,0.0,0.0,1.0,0.0,0.0,0.0,0.0,0.0,-1.1,0.0,-0.4,0.0,0.0,16.0,25903.0
2026-07-30T18:59:38.800Z,148.283,148.296,0.0,7.4,0.0,0.0,0.0,0.0,0.0,0.0,0.0,0.0,1.0,0.0,0.0,0.0,9.0,4.0,0.0,0.0,0.0,0.0,0.0,0.0,0.0,0.0,2.0,12.0,1.0,12.15,5.01,2.5,1.49,0.0,0.0,0.0,0.4,0.0,0.3,-1.1,-0.9,-169.70000000000002,0.0,0.0,169.8,0.0,21.200000000000003,30.3,30.3,31.0,300.0,300.0,30.8,34.9,30.0,29.4,31.1,4.95,2.0,4.97,0.16,0.0,0.0,1027.0,8228.0,0.0,0.0,0.0,0.0,0.0,1.0,0.0,0.0,0.0,0.0,0.0,-1.9,0.0,0.6000000000000001,0.0,0.0002,16.0,25903.0
2026-07-30T18:59:38.812Z,148.295,148.308,0.0,7.4,0.0,0.0,0.0,0.0,0.0,0.0,0.0,0.0,1.0,0.0,0.0,0.0,9.0,4.0,0.0,0.0,0.0,0.0,0.0,0.0,0.0,0.0,3.0,12.0,1.0,12.17,5.0200000000000005,2.51,1.49,0.0,0.0,0.0,0.4,0.0,0.3,0.0,3.1,-169.70000000000002,0.0,0.0,169.70000000000002,0.0,21.200000000000003,30.3,30.3,31.0,300.0,300.0,30.9,34.9,30.0,29.4,31.200000000000003,4.95,1.99,4.97,0.16,0.0,0.0,1027.0,8228.0,0.0,0.0,0.0,0.0,0.0,1.0,0.0,0.0,0.0,0.0,0.0,2.4000000000000004,0.0,-2.7,0.0,0.0001,16.0,25903.0
2026-07-30T18:59:38.824Z,148.307,148.32,0.0,7.4,0.0,0.0,0.0,0.0,0.0,0.0,0.0,0.0,1.0,0.0,0.0,0.0,9.0,4.0,0.0,0.0,0.0,0.0,0.0,0.0,0.0,0.0,4.0,12.0,1.0,12.17,5.0200000000000005,2.51,1.49,0.0,0.0,0.0,0.4,0.0,-0.3,0.0,-0.3,-169.70000000000002,0.0,0.0,169.8,0.0,21.200000000000003,30.3,30.3,31.0,300.0,300.0,30.9,34.9,30.0,29.4,31.200000000000003,4.95,1.99,4.97,0.16,0.0,0.0,1027.0,8228.0,0.0,0.0,0.0,0.0,0.0,1.0,0.0,0.0,0.0,0.0,0.0,-0.2,0.0,0.3,0.0,0.0,16.0,25903.0
2026-07-30T18:59:38.836Z,148.319,148.332,0.0,7.4,0.0,0.0,0.0,0.0,0.0,0.0,0.0,0.0,1.0,0.0,0.0,0.0,9.0,4.0,0.0,0.0,0.0,0.0,0.0,0.0,0.0,0.0,5.0,12.0,1.0,12.17,5.0200000000000005,2.51,1.49,0.0,0.0,0.0,0.4,0.0,0.2,0.0,-0.4,-169.70000000000002,0.0,0.0,169.60000000000002,0.0,21.200000000000003,30.3,30.3,31.0,300.0,300.0,30.9,34.9,30.0,29.4,31.200000000000003,4.96,1.99,4.96,0.16,0.0,0.0,1027.0,8228.0,0.0,0.0,0.0,0.0,0.0,1.0,0.0,0.0,0.0,0.0,0.0,-0.2,0.0,0.3,0.0,0.0001,16.0,25903.0
2026-07-30T18:59:38.848Z,148.331,148.344,0.0,7.4,0.0,0.0,0.0,0.0,0.0,0.0,0.0,0.0,1.0,0.0,0.0,0.0,9.0,4.0,0.0,0.0,0.0,0.0,0.0,0.0,0.0,0.0,6.0,12.0,1.0,12.17,5.0200000000000005,2.51,1.49,0.0,0.0,0.0,0.4,0.0,-0.3,0.0,-0.4,-169.70000000000002,0.0,0.0,169.70000000000002,0.0,21.200000000000003,30.3,30.3,31.0,300.0,300.0,30.9,34.9,30.0,29.4,31.200000000000003,4.95,1.99,4.97,0.16,0.0,0.0,1027.0,8228.0,0.0,0.0,0.0,0.0,0.0,1.0,0.0,0.0,0.0,0.0,0.0,-0.2,0.0,0.3,0.0,0.0002,16.0,25903.0
2026-07-30T18:59:38.860Z,148.343,148.356,0.0,7.4,0.0,0.0,0.0,0.0,0.0,0.0,0.0,0.0,1.0,0.0,0.0,0.0,9.0,4.0,0.0,0.0,0.0,0.0,0.0,0.0,0.0,0.0,2.0,12.0,1.0,12.17,5.0200000000000005,2.51,1.49,-0.1,0.0,0.0,0.4,0.0,0.2,0.0,0.1,-169.70000000000002,0.0,0.0,169.8,0.0,21.200000000000003,30.3,30.3,31.0,300.0,300.0,30.9,34.9,30.0,29.4,31.200000000000003,4.95,1.99,4.96,0.16,0.0,0.0,1027.0,8228.0,0.0,0.0,0.0,0.0,0.0,1.0,0.0,0.0,0.0,0.0,0.0,0.1,0.0,-0.1,0.0,0.0,16.0,25903.0
2026-07-30T18:59:38.872Z,148.355,148.368,0.0,7.4,0.0,0.0,0.0,0.0,0.0,0.0,0.0,0.0,1.0,0.0,0.0,0.0,9.0,4.0,0.0,0.0,0.0,0.0,0.0,0.0,0.0,0.0,3.0,12.0,1.0,12.17,5.0200000000000005,2.51,1.49,0.0,0.0,0.0,0.4,0.0,0.2,0.0,-1.5,-169.70000000000002,0.0,0.0,169.70000000000002,0.0,21.200000000000003,30.3,30.3,31.0,300.0,300.0,30.9,34.9,30.0,29.4,31.200000000000003,4.96,1.99,4.96,0.16,0.0,0.0,1027.0,8228.0,0.0,0.0,0.0,0.0,0.0,1.0,0.0,0.0,0.0,0.0,0.0,-1.1,0.0,1.4,0.0,0.0001,16.0,25903.0
2026-07-30T18:59:38.884Z,148.367,148.38,0.0,7.4,0.0,0.0,0.0,0.0,0.0,0.0,0.0,0.0,1.0,0.0,0.0,0.0,9.0,4.0,0.0,0.0,0.0,0.0,0.0,0.0,0.0,0.0,4.0,12.0,1.0,12.17,5.0200000000000005,2.51,1.49,0.0,0.0,0.0,0.4,0.0,-0.3,0.0,-0.9,-169.70000000000002,0.0,0.0,169.8,0.0,21.200000000000003,30.3,30.3,31.0,300.0,300.0,30.9,34.9,30.0,29.4,31.200000000000003,4.95,1.99,4.96,0.16,0.0,0.0,1027.0,8228.0,0.0,0.0,0.0,0.0,0.0,1.0,0.0,0.0,0.0,0.0,0.0,0.2,0.0,-0.2,0.0,0.0,16.0,25903.0
2026-07-30T18:59:38.901Z,148.384,148.392,0.1,7.4,0.0,0.0,0.0,0.0,0.0,0.0,0.0,0.0,1.0,0.0,0.0,0.0,9.0,4.0,0.0,0.0,0.0,0.0,0.0,0.0,0.0,0.0,4.0,12.0,1.0,12.17,5.0200000000000005,2.51,1.49,0.0,0.1,0.0,0.4,0.0,0.2,0.6000000000000001,-0.3,-169.70000000000002,0.0,0.0,169.60000000000002,0.0,21.200000000000003,30.3,30.3,31.0,300.0,300.0,30.9,34.9,30.0,29.4,31.200000000000003,4.95,1.99,4.97,0.16,0.0,0.0,1027.0,8228.0,0.0,0.0,0.0,0.0,0.0,1.0,0.0,0.0,0.0,0.0,0.0,-1.7000000000000002,0.0,1.2000000000000002,0.0,0.0001,16.0,25903.0
2026-07-30T18:59:38.908Z,148.391,148.404,0.0,7.4,0.0,0.0,0.0,0.0,0.0,0.0,0.0,0.0,1.0,0.0,0.0,0.0,9.0,4.0,0.0,0.0,0.0,0.0,0.0,0.0,0.0,0.0,2.0,12.0,1.0,12.17,5.0200000000000005,2.51,1.49,0.0,0.0,0.0,0.4,0.0,-0.3,0.6000000000000001,-0.3,-169.70000000000002,0.0,0.0,169.70000000000002,0.0,21.200000000000003,30.3,30.3,31.0,300.0,300.0,30.9,34.9,30.0,29.4,31.200000000000003,4.96,1.99,4.96,0.16,0.0,0.0,1027.0,8228.0,0.0,0.0,0.0,0.0,0.0,1.0,0.0,0.0,0.0,0.0,0.0,0.4,0.0,0.4,0.0,0.0002,16.0,25903.0
2026-07-30T18:59:38.920Z,148.403,148.416,0.0,7.4,0.0,0.0,0.0,0.0,0.0,0.0,0.0,0.0,1.0,0.0,0.0,0.0,9.0,4.0,0.0,0.0,0.0,0.0,0.0,0.0,0.0,0.0,3.0,12.0,1.0,12.15,5.01,2.51,1.49,0.0,0.0,0.0,0.4,0.0,0.2,1.7000000000000002,0.2,-169.70000000000002,0.0,0.0,169.70000000000002,0.0,21.700000000000003,30.3,30.3,31.0,300.0,300.0,30.9,34.9,29.9,29.4,31.1,4.96,1.99,4.97,0.16,0.0,0.0,1027.0,8228.0,0.0,0.0,0.0,0.0,0.0,1.0,0.0,0.0,0.0,0.0,0.0,2.2,0.0,0.1,0.0,0.0001,16.0,25903.0
2026-07-30T18:59:38.931Z,148.414,148.428,0.0,7.4,0.0,0.0,0.0,0.0,0.0,0.0,0.0,0.0,1.0,0.0,0.0,0.0,9.0,4.0,0.0,0.0,0.0,0.0,0.0,0.0,0.0,0.0,4.0,12.0,1.0,12.15,5.01,2.51,1.49,0.0,0.0,0.0,0.4,0.0,0.2,-0.5,-1.4,-169.70000000000002,0.0,0.0,169.70000000000002,0.0,21.700000000000003,30.3,30.3,31.0,300.0,300.0,30.9,34.9,29.9,29.4,31.1,4.96,1.99,4.97,0.16,0.0,0.0,1027.0,8228.0,0.0,0.0,0.0,0.0,0.0,1.0,0.0,0.0,0.0,0.0,0.0,-1.7000000000000002,0.0,1.1,0.0,0.0001,16.0,25903.0
2026-07-30T18:59:38.944Z,148.427,148.44,0.0,7.4,0.0,0.0,0.0,0.0,0.0,0.0,0.0,0.0,1.0,0.0,0.0,0.0,9.0,4.0,0.0,0.0,0.0,0.0,0.0,0.0,0.0,0.0,5.0,12.0,1.0,12.15,5.01,2.51,1.49,0.0,0.0,0.0,0.4,0.0,0.8,-1.6,-0.8,-169.70000000000002,0.0,0.0,169.70000000000002,0.0,21.700000000000003,30.3,30.3,31.0,300.0,300.0,30.9,34.9,29.9,29.4,31.1,4.96,1.99,4.97,0.16,0.0,0.0,1027.0,8228.0,0.0,0.0,0.0,0.0,0.0,1.0,0.0,0.0,0.0,0.0,0.0,-2.5,0.0,0.3,0.0,0.0001,16.0,25903.0
2026-07-30T18:59:38.956Z,148.439,148.452,0.0,7.4,0.0,0.0,0.0,0.0,0.0,0.0,0.0,0.0,1.0,0.0,0.0,0.0,9.0,4.0,0.0,0.0,0.0,0.0,0.0,0.0,0.0,0.0,1.0,12.0,1.0,12.15,5.01,2.51,1.49,0.0,0.0,0.0,0.4,0.0,0.2,1.2000000000000002,0.3,-169.70000000000002,0.0,0.0,169.70000000000002,0.0,21.700000000000003,30.3,30.3,31.0,300.0,300.0,30.9,34.9,29.9,29.4,31.1,4.95,2.0,4.97,0.16,0.0,0.0,1027.0,8228.0,0.0,0.0,0.0,0.0,0.0,1.0,0.0,0.0,0.0,0.0,0.0,1.6,0.0,0.0,0.0,0.0,16.0,25903.0
2026-07-30T18:59:38.968Z,148.451,148.464,0.0,7.4,0.0,0.0,0.0,0.0,0.0,0.0,0.0,0.0,1.0,0.0,0.0,0.0,9.0,4.0,0.0,0.0,0.0,0.0,0.0,0.0,0.0,0.0,3.0,12.0,1.0,12.15,5.01,2.51,1.49,0.0,0.0,0.0,0.4,0.0,-0.3,0.6000000000000001,1.5,-169.70000000000002,0.0,0.0,169.70000000000002,0.0,21.700000000000003,30.3,30.3,31.0,300.0,300.0,30.9,34.9,29.9,29.4,31.1,4.95,1.99,4.97,0.16,0.0,0.0,1027.0,8228.0,0.0,0.0,0.0,0.0,0.0,1.0,0.0,0.0,0.0,0.0,0.0,1.9,0.0,-1.2000000000000002,0.0,0.0,16.0,25903.0
2026-07-30T18:59:38.980Z,148.463,148.476,0.0,7.4,0.0,0.0,0.0,0.0,0.0,0.0,0.0,0.0,1.0,0.0,0.0,0.0,9.0,4.0,0.0,0.0,0.0,0.0,0.0,0.0,0.0,0.0,4.0,12.0,1.0,12.15,5.01,2.51,1.49,0.0,0.0,0.0,0.4,0.0,-0.3,0.0,0.3,-169.70000000000002,0.0,0.0,169.70000000000002,0.0,21.700000000000003,30.3,30.3,31.0,300.0,300.0,30.9,34.9,29.9,29.4,31.1,4.95,1.99,4.97,0.16,0.0,0.0,1027.0,8228.0,0.0,0.0,0.0,0.0,0.0,1.0,0.0,0.0,0.0,0.0,0.0,0.3,0.0,-0.3,0.0,0.0001,16.0,25903.0
2026-07-30T18:59:38.992Z,148.475,148.488,0.0,7.4,0.0,0.0,0.0,0.0,0.0,0.0,0.0,0.0,1.0,0.0,0.0,0.0,9.0,4.0,0.0,0.0,0.0,0.0,0.0,0.0,0.0,0.0,6.0,12.0,1.0,12.15,5.01,2.51,1.49,0.0,0.0,0.0,0.4,0.0,-0.3,-1.6,0.4,-169.70000000000002,0.0,0.0,169.60000000000002,0.0,21.700000000000003,30.3,30.3,31.0,300.0,300.0,30.9,34.9,29.9,29.4,31.1,4.96,1.99,4.96,0.15,0.0,0.0,1027.0,8228.0,0.0,0.0,0.0,0.0,0.0,1.0,0.0,0.0,0.0,0.0,0.0,-1.5,0.0,-0.7000000000000001,0.0,0.0001,16.0,25903.0
2026-07-30T18:59:39.004Z,148.487,148.5,0.0,7.4,0.0,0.0,0.0,0.0,0.0,0.0,0.0,0.0,1.0,0.0,0.0,0.0,9.0,4.0,0.0,0.0,0.0,0.0,0.0,0.0,0.0,0.0,1.0,12.0,1.0,12.15,5.01,2.51,1.49,0.0,0.0,0.0,0.4,0.0,0.8,0.0,0.4,-169.70000000000002,0.0,0.0,169.60000000000002,0.0,21.700000000000003,30.3,30.3,31.0,300.0,300.0,30.9,34.9,29.9,29.4,31.1,4.95,1.99,4.97,0.15,0.0,0.0,1027.0,8228.0,0.0,0.0,0.0,0.0,0.0,1.0,0.0,0.0,0.0,0.0,0.0,0.4,0.0,-0.3,0.0,0.0001,16.0,25903.0
2026-07-30T18:59:39.016Z,148.499,148.512,0.0,7.4,0.0,0.0,0.0,0.0,0.0,0.0,0.0,0.0,1.0,0.0,0.0,0.0,9.0,4.0,0.0,0.0,0.0,0.0,0.0,0.0,0.0,0.0,2.0,12.0,1.0,12.18,5.0200000000000005,2.51,1.49,0.0,0.0,0.0,0.4,0.0,0.2,0.6000000000000001,-0.2,-169.70000000000002,0.0,0.0,169.70000000000002,0.0,21.700000000000003,30.3,30.3,31.0,300.0,300.0,31.0,34.9,30.0,29.4,31.1,4.95,1.99,4.96,0.16,0.0,0.0,1027.0,8228.0,0.0,0.0,0.0,0.0,0.0,1.0,0.0,0.0,0.0,0.0,0.0,0.6000000000000001,0.0,0.3,0.0,0.0,16.0,25903.0
2026-07-30T18:59:39.028Z,148.511,148.524,0.0,7.4,0.0,0.0,0.0,0.0,0.0,0.0,0.0,0.0,1.0,0.0,0.0,0.0,9.0,4.0,0.0,0.0,0.0,0.0,0.0,0.0,0.0,0.0,3.0,12.0,1.0,12.18,5.0200000000000005,2.51,1.49,0.0,0.0,0.0,0.4,0.0,0.2,0.6000000000000001,1.5,-169.70000000000002,0.0,0.0,169.70000000000002,0.0,21.700000000000003,30.3,30.3,31.0,300.0,300.0,31.0,34.9,30.0,29.4,31.1,4.96,1.99,4.96,0.16,0.0,0.0,1027.0,8228.0,0.0,0.0,0.0,0.0,0.0,1.0,0.0,0.0,0.0,0.0,0.0,1.9,0.0,-1.1,0.0,0.0,16.0,25903.0
2026-07-30T18:59:39.040Z,148.523,148.536,0.0,7.4,0.0,0.0,0.0,0.0,0.0,0.0,0.0,0.0,1.0,0.0,0.0,0.0,9.0,4.0,0.0,0.0,0.0,0.0,0.0,0.0,0.0,0.0,4.0,12.0,1.0,12.18,5.0200000000000005,2.51,1.49,0.0,0.0,0.0,0.5,0.0,0.3,-0.4,0.9,-169.70000000000002,0.0,0.0,169.70000000000002,0.0,21.700000000000003,30.3,30.3,31.0,300.0,300.0,31.0,34.9,30.0,29.4,31.1,4.95,1.99,4.96,0.16,0.0,0.0,1027.0,8228.0,0.0,0.0,0.0,0.0,0.0,1.0,0.0,0.0,0.0,0.0,0.0,0.1,0.0,-0.9,0.0,0.0,16.0,25903.0
2026-07-30T18:59:39.052Z,148.535,148.548,0.0,7.4,0.0,0.0,0.0,0.0,0.0,0.0,0.0,0.0,1.0,0.0,0.0,0.0,9.0,4.0,0.0,0.0,0.0,0.0,0.0,0.0,0.0,0.0,5.0,12.0,1.0,12.18,5.0200000000000005,2.51,1.49,0.0,0.1,0.0,0.4,0.0,-0.2,0.0,-0.2,-169.70000000000002,0.0,0.0,169.70000000000002,0.0,21.700000000000003,30.3,30.3,31.0,300.0,300.0,31.0,34.9,30.0,29.4,31.1,4.96,1.99,4.97,0.16,0.0,0.0,1027.0,8228.0,0.0,0.0,0.0,0.0,0.0,1.0,0.0,0.0,0.0,0.0,0.0,0.0,0.0,0.2,0.0,0.0,16.0,25903.0
2026-07-30T18:59:39.064Z,148.547,148.56,0.0,7.4,0.0,0.0,0.0,0.0,0.0,0.0,0.0,0.0,1.0,0.0,0.0,0.0,9.0,4.0,0.0,0.0,0.0,0.0,0.0,0.0,0.0,0.0,6.0,12.0,1.0,12.18,5.0200000000000005,2.51,1.49,0.0,0.0,0.0,0.4,0.0,1.4,0.1,0.4,-169.70000000000002,0.0,0.0,169.70000000000002,0.0,21.700000000000003,30.3,30.3,31.0,300.0,300.0,31.0,34.9,30.0,29.4,31.1,4.96,1.99,4.96,0.16,0.0,0.0,1027.0,8228.0,0.0,0.0,0.0,0.0,0.0,1.0,0.0,0.0,0.0,0.0,0.0,0.4,0.0,-0.3,0.0,0.0001,16.0,25903.0
2026-07-30T18:59:39.076Z,148.559,148.572,0.0,7.4,0.0,0.0,0.0,0.0,0.0,0.0,0.0,0.0,1.0,0.0,0.0,0.0,9.0,4.0,0.0,0.0,0.0,0.0,0.0,0.0,0.0,0.0,2.0,12.0,1.0,12.18,5.0200000000000005,2.51,1.49,0.0,0.0,0.0,0.4,0.0,-0.3,0.7000000000000001,1.5,-169.70000000000002,0.0,0.0,169.8,0.0,21.700000000000003,30.3,30.3,31.0,300.0,300.0,31.0,34.9,30.0,29.4,31.1,4.96,1.99,4.96,0.16,0.0,0.0,1027.0,8228.0,0.0,0.0,0.0,0.0,0.0,1.0,0.0,0.0,0.0,0.0,0.0,2.0,0.0,-1.2000000000000002,0.0,0.0001,16.0,25903.0
2026-07-30T18:59:39.088Z,148.571,148.584,0.0,7.4,0.0,0.0,0.0,0.0,0.0,0.0,0.0,0.0,1.0,0.0,0.0,0.0,9.0,4.0,0.0,0.0,0.0,0.0,0.0,0.0,0.0,0.0,3.0,12.0,1.0,12.18,5.0200000000000005,2.51,1.49,0.0,0.0,0.0,0.5,0.0,-0.3,0.1,0.9,-169.70000000000002,0.0,0.0,169.8,0.0,21.700000000000003,30.3,30.3,31.0,300.0,300.0,31.0,34.9,30.0,29.4,31.1,4.95,1.99,4.97,0.16,0.0,0.0,1027.0,8228.0,0.0,0.0,0.0,0.0,0.0,1.0,0.0,0.0,0.0,0.0,0.0,0.9,0.0,-0.8,0.0,0.0,16.0,25903.0
2026-07-30T18:59:39.100Z,148.583,148.596,0.0,7.4,0.0,0.0,0.0,0.0,0.0,0.0,0.0,0.0,1.0,0.0,0.0,0.0,9.0,4.0,0.0,0.0,0.0,0.0,0.0,0.0,0.0,0.0,4.0,12.0,1.0,12.18,5.0200000000000005,2.51,1.49,0.0,0.0,0.0,0.4,0.0,0.2,0.1,-0.8,-169.70000000000002,0.0,0.0,169.70000000000002,0.0,21.700000000000003,30.3,30.3,31.0,300.0,300.0,31.0,34.9,30.0,29.4,31.1,4.96,1.99,4.96,0.16,0.0,0.0,1027.0,8228.0,0.0,0.0,0.0,0.0,0.0,1.0,0.0,0.0,0.0,0.0,0.0,-0.4,0.0,0.7000000000000001,0.0,0.0001,16.0,25903.0
2026-07-30T18:59:39.112Z,148.595,148.608,0.0,7.4,0.0,0.0,0.0,0.0,0.0,0.0,0.0,0.0,1.0,0.0,0.0,0.0,9.0,4.0,0.0,0.0,0.0,0.0,0.0,0.0,0.0,0.0,5.0,12.0,1.0,12.18,5.0200000000000005,2.51,1.49,0.0,0.0,0.0,0.4,0.0,0.3,0.1,-0.2,-169.70000000000002,0.0,0.0,169.70000000000002,0.0,21.700000000000003,30.3,30.3,31.0,300.0,300.0,31.0,34.9,30.0,29.4,31.1,4.96,2.0,4.96,0.16,0.0,0.0,1027.0,8228.0,0.0,0.0,0.0,0.0,0.0,1.0,0.0,0.0,0.0,0.0,0.0,0.0,0.0,0.2,0.0,0.0001,16.0,25903.0
2026-07-30T18:59:39.124Z,148.607,148.62,0.0,7.4,0.0,0.0,0.0,0.0,0.0,0.0,0.0,0.0,1.0,0.0,0.0,0.0,9.0,4.0,0.0,0.0,0.0,0.0,0.0,0.0,0.0,0.0,5.0,12.0,1.0,12.15,5.01,2.51,1.49,0.0,0.0,0.0,0.4,0.0,0.8,0.1,0.3,-169.70000000000002,0.0,0.0,169.70000000000002,0.0,21.8,30.3,30.3,31.0,300.0,300.0,30.9,35.0,29.9,29.4,31.1,4.95,1.99,4.96,0.16,0.0,0.0,1027.0,8228.0,0.0,0.0,0.0,0.0,0.0,1.0,0.0,0.0,0.0,0.0,0.0,0.4,0.0,-0.3,0.0,0.0001,16.0,25903.0
2026-07-30T18:59:39.136Z,148.619,148.632,0.0,7.4,0.0,0.0,0.0,0.0,0.0,0.0,0.0,0.0,1.0,0.0,0.0,0.0,9.0,4.0,0.0,0.0,0.0,0.0,0.0,0.0,0.0,0.0,1.0,12.0,1.0,12.15,5.01,2.51,1.49,0.0,0.0,0.0,0.4,0.0,-0.8,-0.4,-0.2,-169.70000000000002,0.0,0.0,169.60000000000002,0.0,21.8,30.3,30.3,31.0,300.0,300.0,30.9,35.0,29.9,29.4,31.1,4.95,1.99,4.97,0.16,0.0,0.0,1027.0,8228.0,0.0,0.0,0.0,0.0,0.0,1.0,0.0,0.0,0.0,0.0,0.0,-0.7000000000000001,0.0,0.0,0.0,0.0001,16.0,25903.0
2026-07-30T18:59:39.148Z,148.631,148.644,0.0,7.4,0.0,0.0,0.0,0.0,0.0,0.0,0.0,0.0,1.0,0.0,0.0,0.0,9.0,4.0,0.0,0.0,0.0,0.0,0.0,0.0,0.0,0.0,2.0,12.0,1.0,12.15,5.01,2.51,1.49,0.0,0.0,0.0,0.4,0.0,-0.8,-0.4,1.5,-169.70000000000002,0.0,0.0,169.8,0.0,21.8,30.3,30.3,31.0,300.0,300.0,30.9,35.0,29.9,29.4,31.1,4.96,1.99,4.96,0.16,0.0,0.0,1027.0,8228.0,0.0,0.0,0.0,0.0,0.0,1.0,0.0,0.0,0.0,0.0,0.0,0.6000000000000001,0.0,-1.4,0.0,0.0001,16.0,25903.0
2026-07-30T18:59:39.160Z,148.643,148.656,0.0,7.4,0.0,0.0,0.0,0.0,0.0,0.0,0.0,0.0,1.0,0.0,0.0,0.0,9.0,4.0,0.0,0.0,0.0,0.0,0.0,0.0,0.0,0.0,3.0,12.0,1.0,12.15,5.01,2.51,1.49,0.0,0.0,0.0,0.4,0.0,-0.2,0.7000000000000001,0.3,-169.70000000000002,0.0,0.0,169.60000000000002,0.0,21.8,30.3,30.3,31.0,300.0,300.0,30.9,35.0,29.9,29.4,31.1,4.96,1.99,4.97,0.16,0.0,0.0,1027.0,8228.0,0.0,0.0,0.0,0.0,0.0,1.0,0.0,0.0,0.0,0.0,0.0,1.1,0.0,-0.1,0.0,0.0001,16.0,25903.0
2026-07-30T18:59:39.172Z,148.655,148.668,0.0,7.4,0.0,0.0,0.0,0.0,0.0,0.0,0.0,0.0,1.0,0.0,0.0,0.0,9.0,4.0,0.0,0.0,0.0,0.0,0.0,0.0,0.0,0.0,4.0,12.0,1.0,12.15,5.01,2.51,1.49,0.0,0.1,0.0,0.4,0.0,0.3,-0.4,-0.2,-169.70000000000002,0.0,0.0,169.70000000000002,0.0,21.8,30.3,30.3,31.0,300.0,300.0,30.9,35.0,29.9,29.4,31.1,4.95,1.99,4.97,0.16,0.0,0.0,1027.0,8228.0,0.0,0.0,0.0,0.0,0.0,1.0,0.0,0.0,0.0,0.0,0.0,-0.7000000000000001,0.0,0.1,0.0,0.0001,16.0,25903.0
2026-07-30T18:59:39.183Z,148.666,148.68,0.0,7.4,0.0,0.0,0.0,0.0,0.0,0.0,0.0,0.0,1.0,0.0,0.0,0.0,9.0,4.0,0.0,0.0,0.0,0.0,0.0,0.0,0.0,0.0,5.0,12.0,1.0,12.15,5.01,2.51,1.49,0.0,0.1,0.0,0.4,0.0,-0.2,-1.0,-0.2,-169.70000000000002,0.0,0.0,169.60000000000002,0.0,21.8,30.3,30.3,31.0,300.0,300.0,30.9,35.0,29.9,29.4,31.1,4.96,1.99,4.96,0.16,0.0,0.0,1027.0,8228.0,0.0,0.0,0.0,0.0,0.0,1.0,0.0,0.0,0.0,0.0,0.0,-1.3,0.0,0.0,0.0,0.0001,16.0,25903.0
2026-07-30T18:59:39.196Z,148.679,148.692,0.0,7.4,0.0,0.0,0.0,0.0,0.0,0.0,0.0,0.0,1.0,0.0,0.0,0.0,9.0,4.0,0.0,0.0,0.0,0.0,0.0,0.0,0.0,0.0,6.0,12.0,1.0,12.15,5.01,2.51,1.49,0.0,0.0,0.0,0.5,0.0,0.3,0.1,1.5,-169.60000000000002,0.0,0.0,169.60000000000002,0.0,21.8,30.3,30.3,31.0,300.0,300.0,30.9,35.0,29.9,29.4,31.1,4.96,2.0,4.96,0.16,0.0,0.0,1027.0,8228.0,0.0,0.0,0.0,0.0,0.0,1.0,0.0,0.0,0.0,0.0,0.0,1.2000000000000002,0.0,-1.3,0.0,0.0,16.0,25903.0
2026-07-30T18:59:39.213Z,148.696,148.704,0.0,7.4,0.0,0.0,0.0,0.0,0.0,0.0,0.0,0.0,1.0,0.0,0.0,0.0,9.0,4.0,0.0,0.0,0.0,0.0,0.0,0.0,0.0,0.0,1.0,12.0,1.0,12.15,5.01,2.51,1.49,0.0,0.0,0.0,0.4,0.0,0.3,1.2000000000000002,-0.1,-169.60000000000002,0.0,0.0,169.60000000000002,0.0,21.8,30.3,30.3,31.0,300.0,300.0,30.9,35.0,29.9,29.4,31.1,4.96,1.99,4.97,0.16,0.0,0.0,1027.0,8228.0,0.0,0.0,0.0,0.0,0.0,1.0,0.0,0.0,0.0,0.0,0.0,1.2000000000000002,0.0,0.4,0.0,0.0,16.0,25903.0
2026-07-30T18:59:39.220Z,148.703,148.716,0.0,7.4,0.0,0.0,0.0,0.0,0.0,0.0,0.0,0.0,1.0,0.0,0.0,0.0,9.0,4.0,0.0,0.0,0.0,0.0,0.0,0.0,0.0,0.0,5.0,12.0,1.0,12.15,5.01,2.51,1.49,0.0,0.0,0.0,0.4,0.0,0.3,-0.5,-0.1,-169.60000000000002,0.0,0.0,169.60000000000002,0.0,21.3,30.3,30.3,30.9,300.0,300.0,31.1,35.0,30.0,29.4,31.1,4.95,2.0,4.97,0.16,0.0,0.0,1027.0,8228.0,0.0,0.0,0.0,0.0,0.0,1.0,0.0,0.0,0.0,0.0,0.0,-0.6000000000000001,0.0,0.0,0.0,0.0,16.0,25903.0
2026-07-30T18:59:39.231Z,148.714,148.728,0.0,7.4,0.0,0.0,0.0,0.0,0.0,0.0,0.0,0.0,1.0,0.0,0.0,0.0,9.0,4.0,0.0,0.0,0.0,0.0,0.0,0.0,0.0,0.0,5.0,12.0,1.0,12.15,5.01,2.51,1.49,0.0,0.0,0.0,0.4,0.0,-0.2,0.6000000000000001,-1.3,-169.60000000000002,0.0,0.0,169.60000000000002,0.0,21.3,30.3,30.3,30.9,300.0,300.0,31.1,35.0,30.0,29.4,31.1,4.96,2.0,4.96,0.16,0.0,0.0,1027.0,8228.0,0.0,0.0,0.0,0.0,0.0,1.0,0.0,0.0,0.0,0.0,0.0,-0.2,0.0,1.2000000000000002,0.0,0.0,16.0,25903.0
2026-07-30T18:59:39.244Z,148.727,148.74,0.0,7.4,0.0,0.0,0.0,0.0,0.0,0.0,0.0,0.0,1.0,0.0,0.0,0.0,9.0,4.0,0.0,0.0,0.0,0.0,0.0,0.0,0.0,0.0,6.0,12.0,1.0,12.15,5.01,2.51,1.49,0.0,0.0,0.0,0.4,0.0,0.9,0.0,-0.7000000000000001,-169.60000000000002,0.0,0.0,169.60000000000002,0.0,21.3,30.3,30.3,30.9,300.0,300.0,31.1,35.0,30.0,29.4,31.1,4.95,1.99,4.97,0.16,0.0,0.0,1027.0,8228.0,0.0,0.0,0.0,0.0,0.0,1.0,0.0,0.0,0.0,0.0,0.0,-0.4,0.0,0.6000000000000001,0.0,0.0,16.0,25903.0
2026-07-30T18:59:39.256Z,148.739,148.752,0.0,7.4,0.0,0.0,0.0,0.0,0.0,0.0,0.0,0.0,1.0,0.0,0.0,0.0,9.0,4.0,0.0,0.0,0.0,0.0,0.0,0.0,0.0,0.0,1.0,12.0,1.0,12.15,5.01,2.51,1.49,0.0,0.1,0.0,0.4,0.0,0.2,0.6000000000000001,0.4,-169.60000000000002,0.0,0.0,169.60000000000002,0.0,21.3,30.3,30.3,30.9,300.0,300.0,31.1,35.0,30.0,29.4,31.1,4.95,1.99,4.96,0.16,0.0,0.0,1027.0,8228.0,0.0,0.0,0.0,0.0,0.0,1.0,0.0,0.0,0.0,0.0,0.0,1.0,0.0,-0.2,0.0,0.0,16.0,25903.0
2026-07-30T18:59:39.268Z,148.751,148.764,0.0,7.4,0.0,0.0,0.0,0.0,0.0,0.0,0.0,0.0,1.0,0.0,0.0,0.0,9.0,4.0,0.0,0.0,0.0,0.0,0.0,0.0,0.0,0.0,2.0,12.0,1.0,12.15,5.01,2.51,1.49,0.0,0.1,0.0,0.4,0.0,-0.3,-1.1,-0.7000000000000001,-169.60000000000002,0.0,0.0,169.60000000000002,0.0,21.3,30.3,30.3,30.9,300.0,300.0,31.1,35.0,30.0,29.4,31.1,4.96,2.0,4.96,0.16,0.0,0.0,1027.0,8228.0,0.0,0.0,0.0,0.0,0.0,1.0,0.0,0.0,0.0,0.0,0.0,-1.8,0.0,0.4,0.0,0.0,16.0,25903.0
2026-07-30T18:59:39.280Z,148.763,148.776,0.0,7.4,0.0,0.0,0.0,0.0,0.0,0.0,0.0,0.0,1.0,0.0,0.0,0.0,9.0,4.0,0.0,0.0,0.0,0.0,0.0,0.0,0.0,0.0,4.0,12.0,1.0,12.15,5.01,2.51,1.49,0.0,0.0,0.0,0.4,0.0,-0.3,0.6000000000000001,1.6,-169.60000000000002,0.0,0.0,169.60000000000002,0.0,21.3,30.3,30.3,30.9,300.0,300.0,31.1,35.0,30.0,29.4,31.1,4.95,2.0,4.96,0.16,0.0,0.0,1027.0,8228.0,0.0,0.0,0.0,0.0,0.0,1.0,0.0,0.0,0.0,0.0,0.0,1.9,0.0,-1.3,0.0,0.0,16.0,25903.0
2026-07-30T18:59:39.291Z,148.774,148.788,0.0,7.4,0.0,0.0,0.0,0.0,0.0,0.0,0.0,0.0,1.0,0.0,0.0,0.0,9.0,4.0,0.0,0.0,0.0,0.0,0.0,0.0,0.0,0.0,5.0,12.0,1.0,12.15,5.01,2.51,1.49,0.0,0.0,0.0,0.4,0.0,0.2,0.0,-0.1,-169.60000000000002,0.0,0.0,169.60000000000002,0.0,21.3,30.3,30.3,30.9,300.0,300.0,31.1,35.0,30.0,29.4,31.1,4.95,1.99,4.97,0.16,0.0,0.0,1027.0,8228.0,0.0,0.0,0.0,0.0,0.0,1.0,0.0,0.0,0.0,0.0,0.0,0.0,0.0,0.1,0.0,0.0,16.0,25903.0
2026-07-30T18:59:39.303Z,148.786,148.8,0.0,7.4,0.0,0.0,0.0,0.0,0.0,0.0,0.0,0.0,1.0,0.0,0.0,0.0,9.0,4.0,0.0,0.0,0.0,0.0,0.0,0.0,0.0,0.0,6.0,12.0,1.0,12.15,5.01,2.51,1.49,0.0,0.0,0.0,0.5,0.0,0.2,-0.5,-0.7000000000000001,-169.60000000000002,0.0,0.0,169.60000000000002,0.0,21.3,30.3,30.3,30.9,300.0,300.0,31.1,35.0,30.0,29.4,31.1,4.95,2.0,4.96,0.16,0.0,0.0,1027.0,8228.0,0.0,0.0,0.0,0.0,0.0,1.0,0.0,0.0,0.0,0.0,0.0,-1.2000000000000002,0.0,0.5,0.0,0.0,16.0,25903.0
2026-07-30T18:59:39.315Z,148.798,148.812,0.0,7.4,0.0,0.0,0.0,0.0,0.0,0.0,0.0,0.0,1.0,0.0,0.0,0.0,9.0,4.0,0.0,0.0,0.0,0.0,0.0,0.0,0.0,0.0,1.0,12.0,1.0,12.15,5.01,2.51,1.49,0.0,0.0,0.0,0.4,0.0,-0.2,-0.5,0.4,-169.60000000000002,0.0,0.0,169.60000000000002,0.0,21.3,30.3,30.3,30.9,300.0,300.0,31.1,35.0,30.0,29.4,31.1,4.96,1.99,4.96,0.16,0.0,0.0,1027.0,8228.0,0.0,0.0,0.0,0.0,0.0,1.0,0.0,0.0,0.0,0.0,0.0,-0.3,0.0,-0.4,0.0,0.0,16.0,25903.0
2026-07-30T18:59:39.328Z,148.811,148.824,0.0,7.4,0.0,0.0,0.0,0.0,0.0,0.0,0.0,0.0,1.0,0.0,0.0,0.0,9.0,4.0,0.0,0.0,0.0,0.0,0.0,0.0,0.0,0.0,2.0,12.0,1.0,12.17,5.0200000000000005,2.51,1.49,0.0,0.1,0.0,0.5,0.0,-0.3,0.0,-0.7000000000000001,-169.60000000000002,0.0,0.0,169.60000000000002,0.0,21.4,30.3,30.3,30.9,300.0,300.0,30.9,35.0,30.0,29.4,31.1,4.95,1.99,4.96,0.16,0.0,0.0,1027.0,8228.0,0.0,0.0,0.0,0.0,0.0,1.0,0.0,0.0,0.0,0.0,0.0,-0.4,0.0,0.6000000000000001,0.0,0.0,16.0,25903.0
2026-07-30T18:59:39.340Z,148.823,148.836,0.0,7.4,0.0,0.0,0.0,0.0,0.0,0.0,0.0,0.0,1.0,0.0,0.0,0.0,9.0,4.0,0.0,0.0,0.0,0.0,0.0,0.0,0.0,0.0,4.0,12.0,1.0,12.17,5.0200000000000005,2.51,1.49,0.0,0.0,0.0,0.4,0.0,0.2,0.0,-0.1,-169.60000000000002,0.0,0.0,169.60000000000002,0.0,21.4,30.3,30.3,30.9,300.0,300.0,30.9,35.0,30.0,29.4,31.1,4.96,1.99,4.97,0.16,0.0,0.0,1027.0,8228.0,0.0,0.0,0.0,0.0,0.0,1.0,0.0,0.0,0.0,0.0,0.0,-0.1,0.0,0.1,0.0,0.0,16.0,25903.0
2026-07-30T18:59:39.351Z,148.834,148.848,0.0,7.4,0.0,0.0,0.0,0.0,0.0,0.0,0.0,0.0,1.0,0.0,0.0,0.0,9.0,4.0,0.0,0.0,0.0,0.0,0.0,0.0,0.0,0.0,5.0,12.0,1.0,12.17,5.0200000000000005,2.51,1.49,0.0,0.0,0.0,0.4,0.0,0.2,0.0,-0.7000000000000001,-169.60000000000002,0.0,0.0,169.60000000000002,0.0,21.4,30.3,30.3,30.9,300.0,300.0,30.9,35.0,30.0,29.4,31.1,4.96,2.0,4.96,0.16,0.0,0.0,1027.0,8228.0,0.0,0.0,0.0,0.0,0.0,1.0,0.0,0.0,0.0,0.0,0.0,-0.5,0.0,0.6000000000000001,0.0,0.0,16.0,25903.0
2026-07-30T18:59:39.364Z,148.847,148.86,0.0,7.4,0.0,0.0,0.0,0.0,0.0,0.0,0.0,0.0,1.0,0.0,0.0,0.0,9.0,4.0,0.0,0.0,0.0,0.0,0.0,0.0,0.0,0.0,6.0,12.0,1.0,12.17,5.0200000000000005,2.51,1.49,0.0,0.0,0.0,0.4,0.0,-0.3,-0.5,0.4,-169.60000000000002,0.0,0.0,169.60000000000002,0.0,21.4,30.3,30.3,30.9,300.0,300.0,30.9,35.0,30.0,29.4,31.1,4.96,1.99,4.96,0.16,0.0,0.0,1027.0,8228.0,0.0,0.0,0.0,0.0,0.0,1.0,0.0,0.0,0.0,0.0,0.0,-0.3,0.0,-0.5,0.0,0.0,16.0,25903.0
2026-07-30T18:59:39.377Z,148.86,148.872,0.0,7.4,0.0,0.0,0.0,0.0,0.0,0.0,0.0,0.0,1.0,0.0,0.0,0.0,9.0,4.0,0.0,0.0,0.0,0.0,0.0,0.0,0.0,0.0,1.0,12.0,1.0,12.17,5.0200000000000005,2.51,1.49,0.0,0.0,0.0,0.4,0.0,0.8,-0.5,-0.1,-169.60000000000002,0.0,0.0,169.70000000000002,0.0,21.4,30.3,30.3,30.9,300.0,300.0,30.9,35.0,30.0,29.4,31.1,4.95,1.99,4.97,0.16,0.0,0.0,1027.0,8228.0,0.0,0.0,0.0,0.0,0.0,1.0,0.0,0.0,0.0,0.0,0.0,-0.7000000000000001,0.0,0.0,0.0,0.0,16.0,25903.0
2026-07-30T18:59:39.388Z,148.871,148.884,0.0,7.4,0.0,0.0,0.0,0.0,0.0,0.0,0.0,0.0,1.0,0.0,0.0,0.0,9.0,4.0,0.0,0.0,0.0,0.0,0.0,0.0,0.0,0.0,1.0,12.0,1.0,12.17,5.0200000000000005,2.51,1.49,0.0,0.0,0.0,0.5,0.0,0.2,1.1,0.0,-169.60000000000002,0.0,0.0,169.60000000000002,0.0,21.4,30.3,30.3,30.9,300.0,300.0,30.9,35.0,30.0,29.4,31.1,4.96,2.0,4.96,0.16,0.0,0.0,1027.0,8228.0,0.0,0.0,0.0,0.0,0.0,1.0,0.0,0.0,0.0,0.0,0.0,1.4,0.0,-0.8,0.0,0.0,16.0,25903.0
2026-07-30T18:59:39.399Z,148.882,148.89600000000002,0.0,7.4,0.0,0.0,0.0,0.0,0.0,0.0,0.0,0.0,1.0,0.0,0.0,0.0,9.0,4.0,0.0,0.0,0.0,0.0,0.0,0.0,0.0,0.0,2.0,12.0,1.0,12.17,5.0200000000000005,2.51,1.49,-0.1,0.1,0.0,0.4,0.0,-0.3,0.0,-0.6000000000000001,-169.60000000000002,0.0,0.0,169.60000000000002,0.0,21.4,30.3,30.3,30.9,300.0,300.0,30.9,35.0,30.0,29.4,31.1,4.96,1.99,4.97,0.16,0.0,0.0,1027.0,8228.0,0.0,0.0,0.0,0.0,0.0,1.0,0.0,0.0,0.0,0.0,0.0,-1.5,0.0,0.9,0.0,0.0,16.0,25903.0
2026-07-30T18:59:39.412Z,148.895,148.90800000000002,0.0,7.4,0.0,0.0,0.0,0.0,0.0,0.0,0.0,0.0,1.0,0.0,0.0,0.0,9.0,4.0,0.0,0.0,0.0,0.0,0.0,0.0,0.0,0.0,3.0,12.0,1.0,12.17,5.0200000000000005,2.51,1.49,0.0,0.0,0.0,0.4,0.0,0.2,-1.1,-1.2000000000000002,-169.60000000000002,0.0,0.0,169.60000000000002,0.0,21.4,30.3,30.3,30.9,300.0,300.0,30.9,35.0,30.0,29.4,31.1,4.95,1.99,4.97,0.16,0.0,0.0,1027.0,8228.0,0.0,0.0,0.0,0.0,0.0,1.0,0.0,0.0,0.0,0.0,0.0,1.9,0.0,-1.3,0.0,0.0,16.0,25903.0
2026-07-30T18:59:39.424Z,148.907,148.92000000000002,0.0,7.4,0.0,0.0,0.0,0.0,0.0,0.0,0.0,0.0,1.0,0.0,0.0,0.0,9.0,4.0,0.0,0.0,0.0,0.0,0.0,0.0,0.0,0.0,5.0,12.0,1.0,12.17,5.0200000000000005,2.5,1.49,0.0,0.0,0.0,0.4,0.0,-0.3,0.6000000000000001,0.0,-169.60000000000002,0.0,0.0,169.60000000000002,0.0,21.200000000000003,30.3,30.3,30.9,300.0,300.0,30.8,35.0,29.9,29.4,31.1,4.96,1.99,4.97,0.16,0.0,0.0,1027.0,8228.0,0.0,0.0,0.0,0.0,0.0,1.0,0.0,0.0,0.0,0.0,0.0,0.6000000000000001,0.0,0.1,0.0,0.0,16.0,25903.0
2026-07-30T18:59:39.436Z,148.919,148.93200000000002,0.0,7.4,0.0,0.0,0.0,0.0,0.0,0.0,0.0,0.0,1.0,0.0,0.0,0.0,9.0,4.0,0.0,0.0,0.0,0.0,0.0,0.0,0.0,0.0,6.0,12.0,1.0,12.17,5.0200000000000005,2.5,1.49,0.0,0.0,0.0,0.4,0.0,-0.9,-1.0,-0.6000000000000001,-169.60000000000002,0.0,0.0,169.60000000000002,0.0,21.200000000000003,30.3,30.3,30.9,300.0,300.0,30.8,35.0,29.9,29.4,31.1,4.96,1.99,4.96,0.16,0.0,0.0,1027.0,8228.0,0.0,0.0,0.0,0.0,0.0,1.0,0.0,0.0,0.0,0.0,0.0,-1.7000000000000002,0.0,0.3,0.0,0.0,16.0,25903.0
2026-07-30T18:59:39.448Z,148.931,148.94400000000002,0.0,7.4,0.0,0.0,0.0,0.0,0.0,0.0,0.0,0.0,1.0,0.0,0.0,0.0,9.0,4.0,0.0,0.0,0.0,0.0,0.0,0.0,0.0,0.0,1.0,12.0,1.0,12.17,5.0200000000000005,2.5,1.49,0.0,0.0,0.0,0.4,0.0,-0.2,1.8,1.1,-169.60000000000002,0.0,0.0,169.60000000000002,0.0,21.200000000000003,30.3,30.3,30.9,300.0,300.0,30.8,35.0,29.9,29.4,31.1,4.96,1.99,4.97,0.16,0.0,0.0,1027.0,8228.0,0.0,0.0,0.0,0.0,0.0,1.0,0.0,0.0,0.0,0.0,0.0,2.9000000000000004,0.0,-0.5,0.0,0.0,16.0,25903.0
2026-07-30T18:59:39.460Z,148.943,148.95600000000002,0.0,7.4,0.0,0.0,0.0,0.0,0.0,0.0,0.0,0.0,1.0,0.0,0.0,0.0,9.0,4.0,0.0,0.0,0.0,0.0,0.0,0.0,0.0,0.0,2.0,12.0,1.0,12.17,5.0200000000000005,2.5,1.49,0.0,0.0,0.0,0.4,0.0,0.2,0.1,1.7000000000000002,-169.60000000000002,0.0,0.0,169.60000000000002,0.0,21.200000000000003,30.3,30.3,30.9,300.0,300.0,30.8,35.0,29.9,29.4,31.1,4.95,1.99,4.97,0.16,0.0,0.0,1027.0,8228.0,0.0,0.0,0.0,0.0,0.0,1.0,0.0,0.0,0.0,0.0,0.0,1.4,0.0,-1.4,0.0,0.0,16.0,25903.0
2026-07-30T18:59:39.472Z,148.955,148.968,0.0,7.4,0.0,0.0,0.0,0.0,0.0,0.0,0.0,0.0,1.0,0.0,0.0,0.0,9.0,4.0,0.0,0.0,0.0,0.0,0.0,0.0,0.0,0.0,3.0,12.0,1.0,12.17,5.0200000000000005,2.5,1.49,0.0,0.1,0.0,0.4,0.0,-0.2,0.1,1.1,-169.60000000000002,0.0,0.0,169.60000000000002,0.0,21.200000000000003,30.3,30.3,30.9,300.0,300.0,30.8,35.0,29.9,29.4,31.1,4.95,1.99,4.96,0.16,0.0,0.0,1027.0,8228.0,0.0,0.0,0.0,0.0,0.0,1.0,0.0,0.0,0.0,0.0,0.0,0.9,0.0,-0.9,0.0,0.0,16.0,25903.0
2026-07-30T18:59:39.484Z,148.967,148.98,0.0,7.4,0.0,0.0,0.0,0.0,0.0,0.0,0.0,0.0,1.0,0.0,0.0,0.0,9.0,4.0,0.0,0.0,0.0,0.0,0.0,0.0,0.0,0.0,4.0,12.0,1.0,12.17,5.0200000000000005,2.5,1.49,0.0,0.1,0.0,0.4,0.0,0.8,-0.4,-0.6000000000000001,-169.60000000000002,0.0,0.0,169.60000000000002,0.0,21.200000000000003,30.3,30.3,30.9,300.0,300.0,30.8,35.0,29.9,29.4,31.1,4.95,1.99,4.97,0.16,0.0,0.0,1027.0,8228.0,0.0,0.0,0.0,0.0,0.0,1.0,0.0,0.0,0.0,0.0,0.0,-1.0,0.0,0.4,0.0,0.0,16.0,25903.0
2026-07-30T18:59:39.496Z,148.979,148.992,0.0,7.4,0.0,0.0,0.0,0.0,0.0,0.0,0.0,0.0,1.0,0.0,0.0,0.0,9.0,4.0,0.0,0.0,0.0,0.0,0.0,0.0,0.0,0.0,5.0,12.0,1.0,12.17,5.0200000000000005,2.5,1.49,0.0,0.0,0.0,0.4,0.0,-0.2,-1.0,-0.6000000000000001,-169.60000000000002,0.0,0.0,169.60000000000002,0.0,21.200000000000003,30.3,30.3,30.9,300.0,300.0,30.8,35.0,29.9,29.4,31.1,4.95,1.99,4.97,0.16,0.0,0.0,1027.0,8228.0,0.0,0.0,0.0,0.0,0.0,1.0,0.0,0.0,0.0,0.0,0.0,-1.6,0.0,0.3,0.0,0.0,16.0,25903.0
2026-07-30T18:59:39.508Z,148.991,149.004,0.0,7.4,0.0,0.0,0.0,0.0,0.0,0.0,0.0,0.0,1.0,0.0,0.0,0.0,9.0,4.0,0.0,0.0,0.0,0.0,0.0,0.0,0.0,0.0,6.0,12.0,1.0,12.17,5.0200000000000005,2.5,1.49,0.0,0.0,0.0,0.5,0.0,-0.2,0.1,0.4,-169.60000000000002,0.0,0.0,169.60000000000002,0.0,21.200000000000003,30.3,30.3,30.9,300.0,300.0,30.8,35.0,29.9,29.4,31.1,4.96,1.99,4.97,0.16,0.0,0.0,1027.0,8228.0,0.0,0.0,0.0,0.0,0.0,1.0,0.0,0.0,0.0,0.0,0.0,0.5,0.0,-0.4,0.0,0.0,16.0,25903.0
2026-07-30T18:59:39.523Z,149.006,149.016,0.0,7.4,0.0,0.0,0.0,0.0,0.0,0.0,0.0,0.0,1.0,0.0,0.0,0.0,9.0,4.0,0.0,0.0,0.0,0.0,0.0,0.0,0.0,0.0,1.0,12.0,1.0,12.17,5.0200000000000005,2.5,1.49,0.0,0.0,0.0,0.4,0.0,-0.8,-0.4,0.5,-169.60000000000002,0.0,0.0,169.60000000000002,0.0,21.200000000000003,30.3,30.3,30.9,300.0,300.0,30.8,35.0,29.9,29.4,31.1,4.95,1.99,4.96,0.16,0.0,0.0,1027.0,8228.0,0.0,0.0,0.0,0.0,0.0,1.0,0.0,0.0,0.0,0.0,0.0,0.0,0.0,-0.5,0.0,0.0,16.0,25903.0
2026-07-30T18:59:39.532Z,149.015,149.028,0.0,7.4,0.0,0.0,0.0,0.0,0.0,0.0,0.0,0.0,1.0,0.0,0.0,0.0,9.0,4.0,0.0,0.0,0.0,0.0,0.0,0.0,0.0,0.0,5.0,12.0,1.0,12.15,5.01,2.51,1.49,0.0,0.0,0.0,0.4,0.0,-0.9,-1.0,0.0,-169.60000000000002,0.0,0.0,169.60000000000002,0.0,21.3,30.3,30.3,30.9,300.0,300.0,30.8,35.0,29.9,29.4,31.1,4.95,1.99,4.96,0.16,0.0,0.0,1027.0,8228.0,0.0,0.0,0.0,0.0,0.0,1.0,0.0,0.0,0.0,0.0,0.0,-1.2000000000000002,0.0,-0.1,0.0,0.0,16.0,25903.0
2026-07-30T18:59:39.544Z,149.027,149.04,0.0,7.4,0.0,0.0,0.0,0.0,0.0,0.0,0.0,0.0,1.0,0.0,0.0,0.0,9.0,4.0,0.0,0.0,0.0,0.0,0.0,0.0,0.0,0.0,5.0,12.0,1.0,12.15,5.01,2.51,1.49,0.0,0.0,0.0,0.4,0.0,-0.3,0.1,-0.6000000000000001,-169.60000000000002,0.0,0.0,169.60000000000002,0.0,21.3,30.3,30.3,30.9,300.0,300.0,30.8,35.0,29.9,29.4,31.1,4.95,1.99,4.96,0.16,0.0,0.0,1027.0,8228.0,0.0,0.0,0.0,0.0,0.0,1.0,0.0,0.0,0.0,0.0,0.0,-0.3,0.0,0.6000000000000001,0.0,0.0,16.0,25903.0
2026-07-30T18:59:39.555Z,149.038,149.052,0.0,7.4,0.0,0.0,0.0,0.0,0.0,0.0,0.0,0.0,1.0,0.0,0.0,0.0,9.0,4.0,0.0,0.0,0.0,0.0,0.0,0.0,0.0,0.0,6.0,12.0,1.0,12.15,5.01,2.51,1.49,0.0,0.1,0.0,0.4,0.0,-0.2,0.7000000000000001,0.0,-169.60000000000002,0.0,0.0,169.60000000000002,0.0,21.3,30.3,30.3,30.9,300.0,300.0,30.8,35.0,29.9,29.4,31.1,4.95,1.99,4.96,0.16,0.0,0.0,1027.0,8228.0,0.0,0.0,0.0,0.0,0.0,1.0,0.0,0.0,0.0,0.0,0.0,0.8,0.0,0.2,0.0,0.0,16.0,25903.0
2026-07-30T18:59:39.568Z,149.051,149.064,0.0,7.4,0.0,0.0,0.0,0.0,0.0,0.0,0.0,0.0,1.0,0.0,0.0,0.0,9.0,4.0,0.0,0.0,0.0,0.0,0.0,0.0,0.0,0.0,1.0,12.0,1.0,12.15,5.01,2.51,1.49,0.0,0.0,0.0,0.4,0.0,0.2,-0.4,-0.1,-169.60000000000002,0.0,0.0,169.60000000000002,0.0,21.3,30.3,30.3,30.9,300.0,300.0,30.8,35.0,29.9,29.4,31.1,4.95,1.99,4.97,0.16,0.0,0.0,1027.0,8228.0,0.0,0.0,0.0,0.0,0.0,1.0,0.0,0.0,0.0,0.0,0.0,-0.5,0.0,0.0,0.0,0.0,16.0,25903.0
2026-07-30T18:59:39.580Z,149.063,149.076,0.0,7.4,0.0,0.0,0.0,0.0,0.0,0.0,0.0,0.0,1.0,0.0,0.0,0.0,9.0,4.0,0.0,0.0,0.0,0.0,0.0,0.0,0.0,0.0,2.0,12.0,1.0,12.15,5.01,2.51,1.49,0.0,0.1,0.0,0.5,0.0,0.9,-0.4,1.7000000000000002,-169.60000000000002,0.0,0.0,169.70000000000002,0.0,21.3,30.3,30.3,30.9,300.0,300.0,30.8,35.0,29.9,29.4,31.1,4.96,1.99,4.96,0.16,0.0,0.0,1027.0,8228.0,0.0,0.0,0.0,0.0,0.0,1.0,0.0,0.0,0.0,0.0,0.0,0.8,0.0,-1.5,0.0,0.0,16.0,25903.0
2026-07-30T18:59:39.592Z,149.075,149.088,0.0,7.4,0.0,0.0,0.0,0.0,0.0,0.0,0.0,0.0,1.0,0.0,0.0,0.0,9.0,4.0,0.0,0.0,0.0,0.0,0.0,0.0,0.0,0.0,2.0,12.0,1.0,12.15,5.01,2.51,1.49,0.0,0.1,0.0,0.4,0.0,-0.8,-0.4,-0.6000000000000001,-169.60000000000002,0.0,0.0,169.60000000000002,0.0,21.3,30.3,30.3,30.9,300.0,300.0,30.8,35.0,29.9,29.4,31.1,4.96,1.99,4.97,0.16,0.0,0.0,1027.0,8228.0,0.0,0.0,0.0,0.0,0.0,1.0,0.0,0.0,0.0,0.0,0.0,-1.0,0.0,0.4,0.0,0.0001,16.0,25903.0
2026-07-30T18:59:39.604Z,149.087,149.1,0.0,7.4,0.0,0.0,0.0,0.0,0.0,0.0,0.0,0.0,1.0,0.0,0.0,0.0,9.0,4.0,0.0,0.0,0.0,0.0,0.0,0.0,0.0,0.0,4.0,12.0,1.0,12.15,5.01,2.51,1.49,0.0,0.0,0.0,0.4,0.0,0.9,-0.4,-1.2000000000000002,-169.60000000000002,0.0,0.0,169.60000000000002,0.0,21.3,30.3,30.3,30.9,300.0,300.0,30.8,35.0,29.9,29.4,31.1,4.95,1.99,4.97,0.16,0.0,0.0,1027.0,8228.0,0.0,0.0,0.0,0.0,0.0,1.0,0.0,0.0,0.0,0.0,0.0,-1.4,0.0,1.0,0.0,0.0,16.0,25903.0
2026-07-30T18:59:39.616Z,149.099,149.112,0.0,7.4,0.0,0.0,0.0,0.0,0.0,0.0,0.0,0.0,1.0,0.0,0.0,0.0,9.0,4.0,0.0,0.0,0.0,0.0,0.0,0.0,0.0,0.0,5.0,12.0,1.0,12.15,5.01,2.51,1.49,0.0,0.0,0.0,0.4,0.0,0.3,-0.3,0.5,-169.60000000000002,0.0,0.0,169.70000000000002,0.0,21.3,30.3,30.3,30.9,300.0,300.0,30.8,35.0,29.9,29.4,31.1,4.95,1.99,4.97,0.16,0.0,0.0,1027.0,8228.0,0.0,0.0,0.0,0.0,0.0,1.0,0.0,0.0,0.0,0.0,0.0,0.0,0.0,-0.5,0.0,0.0,16.0,25903.0
2026-07-30T18:59:39.627Z,149.11,149.124,0.0,7.4,0.0,0.0,0.0,0.0,0.0,0.0,0.0,0.0,1.0,0.0,0.0,0.0,9.0,4.0,0.0,0.0,0.0,0.0,0.0,0.0,0.0,0.0,6.0,12.0,1.0,12.18,5.01,2.5,1.49,0.0,0.1,0.0,0.4,0.0,-0.7000000000000001,-0.9,-0.6000000000000001,-169.60000000000002,0.0,0.0,169.70000000000002,0.0,21.8,30.3,30.3,30.9,300.0,300.0,30.8,34.9,30.0,29.4,31.1,4.96,2.0,4.96,0.16,0.0,0.0,1027.0,8228.0,0.0,0.0,0.0,0.0,0.0,1.0,0.0,0.0,0.0,0.0,0.0,-1.5,0.0,0.3,0.0,0.0001,16.0,25903.0
2026-07-30T18:59:39.639Z,149.122,149.136,0.0,7.4,0.0,0.0,0.0,0.0,0.0,0.0,0.0,0.0,1.0,0.0,0.0,0.0,9.0,4.0,0.0,0.0,0.0,0.0,0.0,0.0,0.0,0.0,1.0,12.0,1.0,12.18,5.01,2.5,1.49,0.0,0.0,0.0,0.4,0.0,0.3,1.3,1.1,-169.60000000000002,0.0,0.0,169.60000000000002,0.0,21.8,30.3,30.3,30.9,300.0,300.0,30.8,34.9,30.0,29.4,31.1,4.96,1.99,4.97,0.16,0.0,0.0,1027.0,8228.0,0.0,0.0,0.0,0.0,0.0,1.0,0.0,0.0,0.0,0.0,0.0,2.3000000000000003,0.0,-0.7000000000000001,0.0,0.0,16.0,25903.0
2026-07-30T18:59:39.652Z,149.135,149.148,0.0,7.4,0.0,0.0,0.0,0.0,0.0,0.0,0.0,0.0,1.0,0.0,0.0,0.0,9.0,4.0,0.0,0.0,0.0,0.0,0.0,0.0,0.0,0.0,2.0,12.0,1.0,12.18,5.01,2.5,1.49,0.0,0.1,0.0,0.4,0.0,-0.1,-0.3,1.1,-169.60000000000002,0.0,0.0,169.60000000000002,0.0,21.8,30.3,30.3,30.9,300.0,300.0,30.8,34.9,30.0,29.4,31.1,4.95,2.0,4.97,0.16,0.0,0.0,1027.0,8228.0,0.0,0.0,0.0,0.0,0.0,1.0,0.0,0.0,0.0,0.0,0.0,0.4,0.0,-1.0,0.0,0.0001,16.0,25903.0
2026-07-30T18:59:39.664Z,149.147,149.16,0.0,7.4,0.0,0.0,0.0,0.0,0.0,0.0,0.0,0.0,1.0,0.0,0.0,0.0,9.0,4.0,0.0,0.0,0.0,0.0,0.0,0.0,0.0,0.0,3.0,12.0,1.0,12.18,5.01,2.5,1.49,0.0,0.0,0.0,0.4,0.0,-0.1,0.7000000000000001,-0.6000000000000001,-169.60000000000002,0.0,0.0,169.70000000000002,0.0,21.8,30.3,30.3,30.9,300.0,300.0,30.8,34.9,30.0,29.4,31.1,4.96,2.0,4.96,0.16,0.0,0.0,1027.0,8228.0,0.0,0.0,0.0,0.0,0.0,1.0,0.0,0.0,0.0,0.0,0.0,0.3,0.0,0.7000000000000001,0.0,0.0,16.0,25903.0
2026-07-30T18:59:39.676Z,149.159,149.172,0.0,7.4,0.0,0.0,0.0,0.0,0.0,0.0,0.0,0.0,1.0,0.0,0.0,0.0,9.0,4.0,0.0,0.0,0.0,0.0,0.0,0.0,0.0,0.0,5.0,12.0,1.0,12.18,5.01,2.5,1.49,0.0,0.0,0.0,0.4,0.0,1.0,0.1,0.5,-169.60000000000002,0.0,0.0,169.70000000000002,0.0,21.8,30.3,30.3,30.9,300.0,300.0,30.8,34.9,30.0,29.4,31.1,4.95,2.0,4.97,0.16,0.0,0.0,1027.0,8228.0,0.0,0.0,0.0,0.0,0.0,1.0,0.0,0.0,0.0,0.0,0.0,0.5,0.0,-0.4,0.0,0.0,16.0,25903.0
2026-07-30T18:59:39.688Z,149.171,149.184,0.0,7.4,0.0,0.0,0.0,0.0,0.0,0.0,0.0,0.0,1.0,0.0,0.0,0.0,9.0,4.0,0.0,0.0,0.0,0.0,0.0,0.0,0.0,0.0,6.0,12.0,1.0,12.18,5.01,2.5,1.49,0.0,0.0,0.0,0.4,0.0,0.4,0.1,0.0,-169.60000000000002,0.0,0.0,169.60000000000002,0.0,21.8,30.3,30.3,30.9,300.0,300.0,30.8,34.9,30.0,29.4,31.1,4.95,1.99,4.97,0.16,0.0,0.0,1027.0,8228.0,0.0,0.0,0.0,0.0,0.0,1.0,0.0,0.0,0.0,0.0,0.0,0.1,0.0,0.0,0.0,0.0001,16.0,25903.0
2026-07-30T18:59:39.700Z,149.183,149.196,0.0,7.4,0.0,0.0,0.0,0.0,0.0,0.0,0.0,0.0,1.0,0.0,0.0,0.0,9.0,4.0,0.0,0.0,0.0,0.0,0.0,0.0,0.0,0.0,1.0,12.0,1.0,12.18,5.01,2.5,1.49,0.0,0.0,0.0,0.4,0.0,-0.7000000000000001,0.7000000000000001,-0.1,-169.60000000000002,0.0,0.0,169.60000000000002,0.0,21.8,30.3,30.3,30.9,300.0,300.0,30.8,34.9,30.0,29.4,31.1,4.95,1.99,4.97,0.16,0.0,0.0,1027.0,8228.0,0.0,0.0,0.0,0.0,0.0,1.0,0.0,0.0,0.0,0.0,0.0,0.8,0.0,0.2,0.0,0.0001,16.0,25903.0
2026-07-30T18:59:39.712Z,149.195,149.208,0.0,7.4,0.0,0.0,0.0,0.0,0.0,0.0,0.0,0.0,1.0,0.0,0.0,0.0,9.0,4.0,0.0,0.0,0.0,0.0,0.0,0.0,0.0,0.0,2.0,12.0,1.0,12.18,5.01,2.5,1.49,0.0,0.0,0.0,0.5,0.0,-1.3,-0.4,-0.1,-169.60000000000002,0.0,0.0,169.70000000000002,0.0,21.8,30.3,30.3,30.9,300.0,300.0,30.8,34.9,30.0,29.4,31.1,4.96,1.99,4.96,0.16,0.0,0.0,1027.0,8228.0,0.0,0.0,0.0,0.0,0.0,1.0,0.0,0.0,0.0,0.0,0.0,-0.5,0.0,0.0,0.0,0.0,16.0,25903.0
2026-07-30T18:59:39.724Z,149.207,149.22,0.0,7.4,0.0,0.0,0.0,0.0,0.0,0.0,0.0,0.0,1.0,0.0,0.0,0.0,9.0,4.0,0.0,0.0,0.0,0.0,0.0,0.0,0.0,0.0,3.0,12.0,1.0,12.18,5.01,2.5,1.49,0.0,0.0,0.0,0.4,0.0,0.3,0.1,-0.6000000000000001,-169.60000000000002,0.0,0.0,169.70000000000002,0.0,21.8,30.3,30.3,30.9,300.0,300.0,30.8,34.9,30.0,29.4,31.1,4.95,1.99,4.97,0.16,0.0,0.0,1027.0,8228.0,0.0,0.0,0.0,0.0,0.0,1.0,0.0,0.0,0.0,0.0,0.0,-0.3,0.0,0.6000000000000001,0.0,0.0,16.0,25903.0
2026-07-30T18:59:39.736Z,149.219,149.232,0.0,7.4,0.0,0.0,0.0,0.0,0.0,0.0,0.0,0.0,1.0,0.0,0.0,0.0,9.0,4.0,0.0,0.0,0.0,0.0,0.0,0.0,0.0,0.0,3.0,12.0,1.0,12.18,5.01,2.5,1.5,0.0,0.0,0.0,0.4,0.0,-0.2,-0.4,0.0,-169.60000000000002,0.0,0.0,169.70000000000002,0.0,21.4,30.3,30.3,30.9,300.0,300.0,30.9,35.0,30.0,29.4,31.1,4.95,2.0,4.96,0.16,0.0,0.0,1027.0,8228.0,0.0,0.0,0.0,0.0,0.0,1.0,0.0,0.0,0.0,0.0,0.0,-0.6000000000000001,0.0,0.0,0.0,0.0,16.0,25903.0
2026-07-30T18:59:39.748Z,149.231,149.244,0.0,7.4,0.0,0.0,0.0,0.0,0.0,0.0,0.0,0.0,1.0,0.0,0.0,0.0,9.0,4.0,0.0,0.0,0.0,0.0,0.0,0.0,0.0,0.0,5.0,12.0,1.0,12.18,5.01,2.5,1.5,0.0,0.0,0.0,0.4,0.0,-0.2,0.1,-0.6000000000000001,-169.60000000000002,0.0,0.0,169.60000000000002,0.0,21.4,30.3,30.3,30.9,300.0,300.0,30.9,35.0,30.0,29.4,31.1,4.96,2.0,4.96,0.16,0.0,0.0,1027.0,8228.0,0.0,0.0,0.0,0.0,0.0,1.0,0.0,0.0,0.0,0.0,0.0,-0.3,0.0,0.6000000000000001,0.0,0.0,16.0,25903.0
2026-07-30T18:59:39.760Z,149.243,149.256,0.0,7.4,0.0,0.0,0.0,0.0,0.0,0.0,0.0,0.0,1.0,0.0,0.0,0.0,9.0,4.0,0.0,0.0,0.0,0.0,0.0,0.0,0.0,0.0,5.0,12.0,1.0,12.18,5.01,2.5,1.5,0.0,0.0,0.0,0.4,0.0,-0.8,-0.4,1.1,-169.60000000000002,0.0,0.0,169.70000000000002,0.0,21.4,30.3,30.3,30.9,300.0,300.0,30.9,35.0,30.0,29.4,31.1,4.95,2.0,4.96,0.16,0.0,0.0,1027.0,8228.0,0.0,0.0,0.0,0.0,0.0,1.0,0.0,0.0,0.0,0.0,0.0,0.2,0.0,-1.0,0.0,0.0001,16.0,25903.0
2026-07-30T18:59:39.772Z,149.255,149.268,0.0,7.4,0.0,0.0,0.0,0.0,0.0,0.0,0.0,0.0,1.0,0.0,0.0,0.0,9.0,4.0,0.0,0.0,0.0,0.0,0.0,0.0,0.0,0.0,6.0,12.0,1.0,12.18,5.01,2.5,1.5,0.0,0.0,0.0,0.4,0.0,-0.2,-0.4,-0.6000000000000001,-169.60000000000002,0.0,0.0,169.70000000000002,0.0,21.4,30.3,30.3,30.9,300.0,300.0,30.9,35.0,30.0,29.4,31.1,4.95,1.99,4.97,0.16,0.0,0.0,1027.0,8228.0,0.0,0.0,0.0,0.0,0.0,1.0,0.0,0.0,0.0,0.0,0.0,-1.0,0.0,0.4,0.0,0.0001,16.0,25903.0
2026-07-30T18:59:39.784Z,149.267,149.28,0.0,7.4,0.0,0.0,0.0,0.0,0.0,0.0,0.0,0.0,1.0,0.0,0.0,0.0,9.0,4.0,0.0,0.0,0.0,0.0,0.0,0.0,0.0,0.0,2.0,12.0,1.0,12.18,5.01,2.5,1.5,0.0,0.0,0.0,0.4,0.0,0.3,0.0,-0.6000000000000001,-169.60000000000002,0.0,0.0,169.60000000000002,0.0,21.4,30.3,30.3,30.9,300.0,300.0,30.9,35.0,30.0,29.4,31.1,4.95,1.99,4.96,0.16,0.0,0.0,1027.0,8228.0,0.0,0.0,0.0,0.0,0.0,1.0,0.0,0.0,0.0,0.0,0.0,-0.4,0.0,0.6000000000000001,0.0,0.0,16.0,25903.0
2026-07-30T18:59:39.796Z,149.279,149.292,0.0,7.4,0.0,0.0,0.0,0.0,0.0,0.0,0.0,0.0,1.0,0.0,0.0,0.0,9.0,4.0,0.0,0.0,0.0,0.0,0.0,0.0,0.0,0.0,3.0,12.0,1.0,12.18,5.01,2.5,1.5,0.0,0.1,0.0,0.5,0.0,-0.8,1.2000000000000002,0.0,-169.60000000000002,0.0,0.0,169.60000000000002,0.0,21.4,30.3,30.3,30.9,300.0,300.0,30.9,35.0,30.0,29.4,31.1,4.96,1.99,4.96,0.16,0.0,0.0,1027.0,8228.0,0.0,0.0,0.0,0.0,0.0,1.0,0.0,0.0,0.0,0.0,0.0,1.3,0.0,0.3,0.0,0.0001,16.0,25903.0
2026-07-30T18:59:39.808Z,149.291,149.304,0.0,7.4,0.0,0.0,0.0,0.0,0.0,0.0,0.0,0.0,1.0,0.0,0.0,0.0,9.0,4.0,0.0,0.0,0.0,0.0,0.0,0.0,0.0,0.0,4.0,12.0,1.0,12.18,5.01,2.5,1.5,-0.1,0.0,0.0,0.4,0.0,0.3,0.6000000000000001,1.0,-169.60000000000002,0.0,0.0,169.70000000000002,0.0,21.4,30.3,30.3,30.9,300.0,300.0,30.9,35.0,30.0,29.4,31.1,4.95,1.99,4.97,0.16,0.0,0.0,1027.0,8228.0,0.0,0.0,0.0,0.0,0.0,1.0,0.0,0.0,0.0,0.0,0.0,1.5,0.0,-0.8,0.0,0.0001,16.0,25903.0
2026-07-30T18:59:39.820Z,149.303,149.316,0.0,7.4,0.0,0.0,0.0,0.0,0.0,0.0,0.0,0.0,1.0,0.0,0.0,0.0,9.0,4.0,0.0,0.0,0.0,0.0,0.0,0.0,0.0,0.0,5.0,12.0,1.0,12.18,5.01,2.5,1.5,0.0,0.0,0.0,0.4,0.0,0.3,-0.5,-0.6000000000000001,-169.60000000000002,0.0,0.0,169.8,0.0,21.4,30.3,30.3,30.9,300.0,300.0,30.9,35.0,30.0,29.4,31.1,4.96,1.99,4.96,0.16,0.0,0.0,1027.0,8228.0,0.0,0.0,0.0,0.0,0.0,1.0,0.0,0.0,0.0,0.0,0.0,-1.0,0.0,0.4,0.0,0.0001,16.0,25903.0
2026-07-30T18:59:39.832Z,149.315,149.328,0.0,7.4,0.0,0.0,0.0,0.0,0.0,0.0,0.0,0.0,1.0,0.0,0.0,0.0,9.0,4.0,0.0,0.0,0.0,0.0,0.0,0.0,0.0,0.0,6.0,12.0,1.0,12.15,5.01,2.51,1.49,0.0,0.1,0.0,0.4,0.0,-0.8,0.0,-0.6000000000000001,-169.60000000000002,0.0,0.0,169.70000000000002,0.0,22.1,30.3,30.3,30.9,300.0,300.0,30.9,34.9,30.0,29.4,31.1,4.96,2.0,4.96,0.16,0.0,0.0,1027.0,8228.0,0.0,0.0,0.0,0.0,0.0,1.0,0.0,0.0,0.0,0.0,0.0,-0.3,0.0,0.5,0.0,0.0,16.0,25903.0
2026-07-30T18:59:39.846Z,149.329,149.34,0.0,7.4,0.0,0.0,0.0,0.0,0.0,0.0,0.0,0.0,1.0,0.0,0.0,0.0,9.0,4.0,0.0,0.0,0.0,0.0,0.0,0.0,0.0,0.0,5.0,12.0,1.0,12.15,5.01,2.51,1.49,0.0,0.0,0.0,0.4,0.0,0.3,0.6000000000000001,0.0,-169.60000000000002,0.0,0.0,169.70000000000002,0.0,22.1,30.3,30.3,30.9,300.0,300.0,30.9,34.9,30.0,29.4,31.1,4.96,1.99,4.96,0.16,0.0,0.0,1027.0,8228.0,0.0,0.0,0.0,0.0,0.0,1.0,0.0,0.0,0.0,0.0,0.0,0.7000000000000001,0.0,0.2,0.0,0.0001,16.0,25903.0
2026-07-30T18:59:39.855Z,149.338,149.352,0.0,7.4,0.0,0.0,0.0,0.0,0.0,0.0,0.0,0.0,1.0,0.0,0.0,0.0,9.0,4.0,0.0,0.0,0.0,0.0,0.0,0.0,0.0,0.0,5.0,12.0,1.0,12.15,5.01,2.51,1.49,0.0,0.1,0.0,0.4,0.0,-0.2,-0.4,0.0,-169.60000000000002,0.0,0.0,169.60000000000002,0.0,22.1,30.3,30.3,30.9,300.0,300.0,30.9,34.9,30.0,29.4,31.1,4.95,1.99,4.97,0.16,0.0,0.0,1027.0,8228.0,0.0,0.0,0.0,0.0,0.0,1.0,0.0,0.0,0.0,0.0,0.0,-0.6000000000000001,0.0,0.0,0.0,0.0001,16.0,25903.0
2026-07-30T18:59:39.868Z,149.351,149.364,0.0,7.4,0.0,0.0,0.0,0.0,0.0,0.0,0.0,0.0,1.0,0.0,0.0,0.0,9.0,4.0,0.0,0.0,0.0,0.0,0.0,0.0,0.0,0.0,1.0,12.0,1.0,12.15,5.01,2.51,1.49,0.0,0.0,0.0,0.4,0.0,-0.9,0.0,1.0,-169.60000000000002,0.0,0.0,169.70000000000002,0.0,22.1,30.3,30.3,30.9,300.0,300.0,30.9,34.9,30.0,29.4,31.1,4.96,1.99,4.96,0.16,0.0,0.0,1027.0,8228.0,0.0,0.0,0.0,0.0,0.0,1.0,0.0,0.0,0.0,0.0,0.0,0.8,0.0,-0.9,0.0,0.0001,16.0,25903.0
2026-07-30T18:59:39.880Z,149.363,149.376,0.0,7.4,0.0,0.0,0.0,0.0,0.0,0.0,0.0,0.0,1.0,0.0,0.0,0.0,9.0,4.0,0.0,0.0,0.0,0.0,0.0,0.0,0.0,0.0,2.0,12.0,1.0,12.15,5.01,2.51,1.49,0.0,0.0,0.0,0.4,0.0,-0.3,0.0,0.0,-169.60000000000002,0.0,0.0,169.70000000000002,0.0,22.1,30.3,30.3,30.9,300.0,300.0,30.9,34.9,30.0,29.4,31.1,4.96,1.99,4.96,0.16,0.0,0.0,1027.0,8228.0,0.0,0.0,0.0,0.0,0.0,1.0,0.0,0.0,0.0,0.0,0.0,0.0,0.0,0.0,0.0,0.0,16.0,25903.0
2026-07-30T18:59:39.892Z,149.375,149.388,0.0,7.4,0.0,0.0,0.0,0.0,0.0,0.0,0.0,0.0,1.0,0.0,0.0,0.0,9.0,4.0,0.0,0.0,0.0,0.0,0.0,0.0,0.0,0.0,2.0,12.0,1.0,12.15,5.01,2.51,1.49,0.0,0.0,0.0,0.5,0.0,-0.3,1.2000000000000002,1.0,-169.60000000000002,0.0,0.0,169.60000000000002,0.0,22.1,30.3,30.3,30.9,300.0,300.0,30.9,34.9,30.0,29.4,31.1,4.95,1.99,4.96,0.16,0.0,0.0,1027.0,8228.0,0.0,0.0,0.0,0.0,0.0,1.0,0.0,0.0,0.0,0.0,0.0,2.2,0.0,-0.6000000000000001,0.0,0.0,16.0,25903.0
2026-07-30T18:59:39.904Z,149.387,149.4,0.0,7.4,0.0,0.0,0.0,0.0,0.0,0.0,0.0,0.0,1.0,0.0,0.0,0.0,9.0,4.0,0.0,0.0,0.0,0.0,0.0,0.0,0.0,0.0,3.0,12.0,1.0,12.15,5.01,2.51,1.49,0.0,0.0,0.0,0.4,0.0,0.2,-1.0,-1.2000000000000002,-169.60000000000002,0.0,0.0,169.60000000000002,0.0,22.1,30.3,30.3,30.9,300.0,300.0,30.9,34.9,30.0,29.4,31.1,4.96,1.99,4.96,0.16,0.0,0.0,1027.0,8228.0,0.0,0.0,0.0,0.0,0.0,1.0,0.0,0.0,0.0,0.0,0.0,-0.3,0.0,0.6000000000000001,0.0,0.0,16.0,25903.0
2026-07-30T18:59:39.916Z,149.399,149.412,0.0,7.4,0.0,0.0,0.0,0.0,0.0,0.0,0.0,0.0,1.0,0.0,0.0,0.0,9.0,4.0,0.0,0.0,0.0,0.0,0.0,0.0,0.0,0.0,4.0,12.0,1.0,12.15,5.01,2.51,1.49,0.0,0.0,0.0,0.4,0.0,0.2,-0.4,0.0,-169.60000000000002,0.0,0.0,169.60000000000002,0.0,22.1,30.3,30.3,30.9,300.0,300.0,30.9,34.9,30.0,29.4,31.1,4.95,1.99,4.97,0.16,0.0,0.0,1027.0,8228.0,0.0,0.0,0.0,0.0,0.0,1.0,0.0,0.0,0.0,0.0,0.0,-2.1,0.0,0.8,0.0,0.0001,16.0,25903.0
2026-07-30T18:59:39.928Z,149.411,149.424,0.0,7.4,0.0,0.0,0.0,0.0,0.0,0.0,0.0,0.0,1.0,0.0,0.0,0.0,9.0,4.0,0.0,0.0,0.0,0.0,0.0,0.0,0.0,0.0,5.0,12.0,1.0,12.15,5.01,2.51,1.49,0.0,0.0,0.0,0.5,0.0,0.2,-0.4,1.0,-169.60000000000002,0.0,0.0,169.70000000000002,0.0,22.1,30.3,30.3,30.9,300.0,300.0,30.9,34.9,30.0,29.4,31.1,4.95,1.99,4.97,0.16,0.0,0.0,1027.0,8228.0,0.0,0.0,0.0,0.0,0.0,1.0,0.0,0.0,0.0,0.0,0.0,0.4,0.0,-0.4,0.0,0.0001,16.0,25903.0
2026-07-30T18:59:39.940Z,149.423,149.436,0.0,7.4,0.0,0.0,0.0,0.0,0.0,0.0,0.0,0.0,1.0,0.0,0.0,0.0,9.0,4.0,0.0,0.0,0.0,0.0,0.0,0.0,0.0,0.0,1.0,12.0,1.0,12.15,5.01,2.51,1.49,0.0,0.0,0.0,0.4,0.0,-0.3,-0.4,0.0,-169.60000000000002,0.0,0.0,169.60000000000002,0.0,21.3,30.3,30.3,30.9,300.0,300.0,30.8,35.0,30.0,29.4,31.1,4.96,2.0,4.97,0.16,0.0,0.0,1027.0,8228.0,0.0,0.0,0.0,0.0,0.0,1.0,0.0,0.0,0.0,0.0,0.0,0.2,0.0,-1.0,0.0,0.0,16.0,25903.0
2026-07-30T18:59:39.952Z,149.435,149.448,0.0,7.4,0.0,0.0,0.0,0.0,0.0,0.0,0.0,0.0,1.0,0.0,0.0,0.0,9.0,4.0,0.0,0.0,0.0,0.0,0.0,0.0,0.0,0.0,2.0,12.0,1.0,12.15,5.01,2.51,1.49,0.0,0.0,0.0,0.4,0.0,0.2,-0.4,-1.2000000000000002,-169.60000000000002,0.0,0.0,169.70000000000002,0.0,21.3,30.3,30.3,30.9,300.0,300.0,30.8,35.0,30.0,29.4,31.1,4.96,2.0,4.96,0.16,0.0,0.0,1027.0,8228.0,0.0,0.0,0.0,0.0,0.0,1.0,0.0,0.0,0.0,0.0,0.0,-1.4,0.0,0.9,0.0,0.0,16.0,25903.0
2026-07-30T18:59:39.964Z,149.447,149.46,0.0,7.4,0.0,0.0,0.0,0.0,0.0,0.0,0.0,0.0,1.0,0.0,0.0,0.0,9.0,4.0,0.0,0.0,0.0,0.0,0.0,0.0,0.0,0.0,3.0,12.0,1.0,12.15,5.01,2.51,1.49,0.0,0.0,0.0,0.4,0.0,0.8,-0.4,0.0,-169.60000000000002,0.0,0.0,169.70000000000002,0.0,21.3,30.3,30.3,30.9,300.0,300.0,30.8,35.0,30.0,29.4,31.1,4.95,1.99,4.97,0.16,0.0,0.0,1027.0,8228.0,0.0,0.0,0.0,0.0,0.0,1.0,0.0,0.0,0.0,0.0,0.0,-0.5,0.0,0.0,0.0,0.0,16.0,25903.0
2026-07-30T18:59:39.976Z,149.459,149.472,0.0,7.4,0.0,0.0,0.0,0.0,0.0,0.0,0.0,0.0,1.0,0.0,0.0,0.0,9.0,4.0,0.0,0.0,0.0,0.0,0.0,0.0,0.0,0.0,4.0,12.0,1.0,12.15,5.01,2.51,1.49,0.0,0.0,0.0,0.4,0.0,0.2,1.2000000000000002,-0.1,-169.60000000000002,0.0,0.0,169.70000000000002,0.0,21.3,30.3,30.3,30.9,300.0,300.0,30.8,35.0,30.0,29.4,31.1,4.95,1.99,4.96,0.16,0.0,0.0,1027.0,8228.0,0.0,0.0,0.0,0.0,0.0,1.0,0.0,0.0,0.0,0.0,0.0,1.3,0.0,0.3,0.0,0.0001,16.0,25903.0
2026-07-30T18:59:39.987Z,149.47,149.484,0.0,7.4,0.0,0.0,0.0,0.0,0.0,0.0,0.0,0.0,1.0,0.0,0.0,0.0,9.0,4.0,0.0,0.0,0.0,0.0,0.0,0.0,0.0,0.0,5.0,12.0,1.0,12.15,5.01,2.51,1.49,0.0,0.1,0.0,0.4,0.0,-0.3,0.7000000000000001,-0.6000000000000001,-169.60000000000002,0.0,0.0,169.60000000000002,0.0,21.3,30.3,30.3,30.9,300.0,300.0,30.8,35.0,30.0,29.4,31.1,4.96,1.99,4.96,0.16,0.0,0.0,1027.0,8228.0,0.0,0.0,0.0,0.0,0.0,1.0,0.0,0.0,0.0,0.0,0.0,0.3,0.0,0.7000000000000001,0.0,0.0001,16.0,25903.0
2026-07-30T18:59:40.000Z,149.483,149.496,0.0,7.4,0.0,0.0,0.0,0.0,0.0,0.0,0.0,0.0,1.0,0.0,0.0,0.0,9.0,4.0,0.0,0.0,0.0,0.0,0.0,0.0,0.0,0.0,6.0,12.0,1.0,12.15,5.01,2.51,1.49,0.0,0.1,0.0,0.4,0.0,0.8,-0.4,1.5,-169.60000000000002,0.0,0.0,169.8,0.0,21.3,30.3,30.3,30.9,300.0,300.0,30.8,35.0,30.0,29.4,31.1,4.95,1.99,4.97,0.16,0.0,0.0,1027.0,8228.0,0.0,0.0,0.0,0.0,0.0,1.0,0.0,0.0,0.0,0.0,0.0,0.6000000000000001,0.0,-1.4,0.0,0.0001,16.0,25903.0
2026-07-30T18:59:40.012Z,149.495,149.508,0.0,7.4,0.0,0.0,0.0,0.0,0.0,0.0,0.0,0.0,1.0,0.0,0.0,0.0,9.0,4.0,0.0,0.0,0.0,0.0,0.0,0.0,0.0,0.0,1.0,12.0,1.0,12.15,5.01,2.51,1.49,0.0,0.1,0.0,0.4,0.0,0.2,-0.4,-0.7000000000000001,-169.60000000000002,0.0,0.0,169.70000000000002,0.0,21.3,30.3,30.3,30.9,300.0,300.0,30.8,35.0,30.0,29.4,31.1,4.95,1.99,4.97,0.16,0.0,0.0,1027.0,8228.0,0.0,0.0,0.0,0.0,0.0,1.0,0.0,0.0,0.0,0.0,0.0,-1.1,0.0,0.5,0.0,0.0002,16.0,25903.0
2026-07-30T18:59:40.024Z,149.507,149.52,0.0,7.4,0.0,0.0,0.0,0.0,0.0,0.0,0.0,0.0,1.0,0.0,0.0,0.0,9.0,4.0,0.0,0.0,0.0,0.0,0.0,0.0,0.0,0.0,3.0,12.0,1.0,12.15,5.01,2.51,1.49,0.0,0.0,0.0,0.4,0.0,0.2,0.7000000000000001,-0.1,-169.60000000000002,0.0,0.0,169.60000000000002,0.0,21.3,30.3,30.3,30.9,300.0,300.0,30.8,35.0,30.0,29.4,31.1,4.95,1.99,4.96,0.16,0.0,0.0,1027.0,8228.0,0.0,0.0,0.0,0.0,0.0,1.0,0.0,0.0,0.0,0.0,0.0,0.6000000000000001,0.0,0.3,0.0,0.0001,16.0,25903.0
2026-07-30T18:59:40.035Z,149.518,149.532,0.0,7.4,0.0,0.0,0.0,0.0,0.0,0.0,0.0,0.0,1.0,0.0,0.0,0.0,9.0,4.0,0.0,0.0,0.0,0.0,0.0,0.0,0.0,0.0,5.0,12.0,1.0,12.19,5.01,2.5,1.49,0.0,0.1,0.0,0.4,0.0,-0.8,1.3,-0.7000000000000001,-169.60000000000002,0.0,0.0,169.60000000000002,0.0,21.700000000000003,30.3,30.3,30.9,300.0,300.0,30.9,34.9,30.0,29.4,31.1,4.96,1.99,4.96,0.16,0.0,0.0,1027.0,8228.0,0.0,0.0,0.0,0.0,0.0,1.0,0.0,0.0,0.0,0.0,0.0,0.9,0.0,0.9,0.0,0.0001,16.0,25903.0
2026-07-30T18:59:40.047Z,149.53,149.544,0.0,7.4,0.0,0.0,0.0,0.0,0.0,0.0,0.0,0.0,1.0,0.0,0.0,0.0,9.0,4.0,0.0,0.0,0.0,0.0,0.0,0.0,0.0,0.0,6.0,12.0,1.0,12.19,5.01,2.5,1.49,0.0,0.0,0.0,0.4,0.0,0.3,-0.4,-0.1,-169.60000000000002,0.0,0.0,169.70000000000002,0.0,21.700000000000003,30.3,30.3,30.9,300.0,300.0,30.9,34.9,30.0,29.4,31.1,4.95,1.99,4.96,0.16,0.0,0.0,1027.0,8228.0,0.0,0.0,0.0,0.0,0.0,1.0,0.0,0.0,0.0,0.0,0.0,-0.6000000000000001,0.0,0.0,0.0,0.0,16.0,25903.0
2026-07-30T18:59:40.059Z,149.542,149.556,0.0,7.4,0.0,0.0,0.0,0.0,0.0,0.0,0.0,0.0,1.0,0.0,0.0,0.0,9.0,4.0,0.0,0.0,0.0,0.0,0.0,0.0,0.0,0.0,1.0,12.0,1.0,12.19,5.01,2.5,1.49,0.0,0.0,0.0,0.4,0.0,-0.8,-1.0,-0.2,-169.60000000000002,0.0,0.0,169.70000000000002,0.0,21.700000000000003,30.3,30.3,30.9,300.0,300.0,30.9,34.9,30.0,29.4,31.1,4.96,2.0,4.96,0.16,0.0,0.0,1027.0,8228.0,0.0,0.0,0.0,0.0,0.0,1.0,0.0,0.0,0.0,0.0,0.0,-1.3,0.0,0.0,0.0,0.0001,16.0,25903.0
2026-07-30T18:59:40.072Z,149.555,149.568,0.0,7.4,0.0,0.0,0.0,0.0,0.0,0.0,0.0,0.0,1.0,0.0,0.0,0.0,9.0,4.0,0.0,0.0,0.0,0.0,0.0,0.0,0.0,0.0,3.0,12.0,1.0,12.19,5.01,2.5,1.49,0.0,0.0,0.0,0.4,0.0,-0.2,0.1,-0.7000000000000001,-169.60000000000002,0.0,0.0,169.70000000000002,0.0,21.700000000000003,30.3,30.3,30.9,300.0,300.0,30.9,34.9,30.0,29.4,31.1,4.96,1.99,4.97,0.16,0.0,0.0,1027.0,8228.0,0.0,0.0,0.0,0.0,0.0,1.0,0.0,0.0,0.0,0.0,0.0,-0.3,0.0,0.6000000000000001,0.0,0.0002,16.0,25903.0
2026-07-30T18:59:40.084Z,149.567,149.58,0.0,7.4,0.0,0.0,0.0,0.0,0.0,0.0,0.0,0.0,1.0,0.0,0.0,0.0,9.0,4.0,0.0,0.0,0.0,0.0,0.0,0.0,0.0,0.0,4.0,12.0,1.0,12.19,5.01,2.5,1.49,0.0,0.0,0.0,0.4,0.0,0.3,1.9,1.6,-169.60000000000002,0.0,0.0,169.8,0.0,21.700000000000003,30.3,30.3,30.9,300.0,300.0,30.9,34.9,30.0,29.4,31.1,4.96,1.99,4.97,0.16,0.0,0.0,1027.0,8228.0,0.0,0.0,0.0,0.0,0.0,1.0,0.0,0.0,0.0,0.0,0.0,3.3000000000000003,0.0,-1.0,0.0,0.0001,16.0,25903.0
2026-07-30T18:59:40.095Z,149.578,149.592,0.0,7.4,0.0,0.0,0.0,0.0,0.0,0.0,0.0,0.0,1.0,0.0,0.0,0.0,9.0,4.0,0.0,0.0,0.0,0.0,0.0,0.0,0.0,0.0,6.0,12.0,1.0,12.19,5.01,2.5,1.49,0.0,0.0,0.0,0.4,0.0,-0.2,-0.4,0.4,-169.60000000000002,0.0,0.0,169.70000000000002,0.0,21.700000000000003,30.3,30.3,30.9,300.0,300.0,30.9,34.9,30.0,29.4,31.1,4.96,1.99,4.97,0.16,0.0,0.0,1027.0,8228.0,0.0,0.0,0.0,0.0,0.0,1.0,0.0,0.0,0.0,0.0,0.0,-0.1,0.0,-0.4,0.0,0.0001,16.0,25903.0
2026-07-30T18:59:40.108Z,149.591,149.604,0.0,7.4,0.0,0.0,0.0,0.0,0.0,0.0,0.0,0.0,1.0,0.0,0.0,0.0,9.0,4.0,0.0,0.0,0.0,0.0,0.0,0.0,0.0,0.0,1.0,12.0,1.0,12.19,5.01,2.5,1.49,0.0,0.0,0.0,0.4,0.0,0.3,0.1,0.4,-169.60000000000002,0.0,0.0,169.70000000000002,0.0,21.700000000000003,30.3,30.3,30.9,300.0,300.0,30.9,34.9,30.0,29.4,31.1,4.96,2.0,4.97,0.16,0.0,0.0,1027.0,8228.0,0.0,0.0,0.0,0.0,0.0,1.0,0.0,0.0,0.0,0.0,0.0,0.5,0.0,-0.3,0.0,0.0,16.0,25903.0
2026-07-30T18:59:40.120Z,149.603,149.616,0.0,7.4,0.0,0.0,0.0,0.0,0.0,0.0,0.0,0.0,1.0,0.0,0.0,0.0,9.0,4.0,0.0,0.0,0.0,0.0,0.0,0.0,0.0,0.0,2.0,12.0,1.0,12.19,5.01,2.5,1.49,0.0,0.0,0.0,0.4,0.0,0.3,0.0,0.4,-169.60000000000002,0.0,0.0,169.70000000000002,0.0,21.700000000000003,30.3,30.3,30.9,300.0,300.0,30.9,34.9,30.0,29.4,31.1,4.96,1.99,4.97,0.16,0.0,0.0,1027.0,8228.0,0.0,0.0,0.0,0.0,0.0,1.0,0.0,0.0,0.0,0.0,0.0,0.4,0.0,-0.3,0.0,0.0001,16.0,25903.0
2026-07-30T18:59:40.132Z,149.615,149.628,0.0,7.4,0.0,0.0,0.0,0.0,0.0,0.0,0.0,0.0,1.0,0.0,0.0,0.0,9.0,4.0,0.0,0.0,0.0,0.0,0.0,0.0,0.0,0.0,4.0,12.0,1.0,12.19,5.01,2.5,1.49,0.0,0.0,0.0,0.4,0.0,-0.2,0.6000000000000001,0.4,-169.60000000000002,0.0,0.0,169.70000000000002,0.0,21.700000000000003,30.3,30.3,30.9,300.0,300.0,30.9,34.9,30.0,29.4,31.1,4.95,1.99,4.97,0.16,0.0,0.0,1027.0,8228.0,0.0,0.0,0.0,0.0,0.0,1.0,0.0,0.0,0.0,0.0,0.0,1.0,0.0,-0.2,0.0,0.0001,16.0,25903.0
2026-07-30T18:59:40.143Z,149.626,149.64,0.0,7.4,0.0,0.0,0.0,0.0,0.0,0.0,0.0,0.0,1.0,0.0,0.0,0.0,9.0,4.0,0.0,0.0,0.0,0.0,0.0,0.0,0.0,0.0,5.0,12.0,1.0,12.18,5.0200000000000005,2.5,1.49,0.0,0.0,0.0,0.4,0.0,-0.2,0.1,1.0,-169.60000000000002,0.0,0.0,169.70000000000002,0.0,20.9,30.3,30.3,30.9,300.0,300.0,31.0,34.9,29.9,29.4,31.1,4.96,1.99,4.96,0.16,0.0,0.0,1027.0,8228.0,0.0,0.0,0.0,0.0,0.0,1.0,0.0,0.0,0.0,0.0,0.0,0.8,0.0,-0.8,0.0,0.0001,16.0,25903.0
2026-07-30T18:59:40.164Z,149.647,149.65200000000002,0.0,7.4,0.0,0.0,0.0,0.0,0.0,0.0,0.0,0.0,1.0,0.0,0.0,0.0,9.0,4.0,0.0,0.0,0.0,0.0,0.0,0.0,0.0,0.0,6.0,12.0,1.0,12.18,5.0200000000000005,2.5,1.49,0.0,0.0,0.0,0.4,0.0,-0.2,-0.5,-0.7000000000000001,-169.60000000000002,0.0,0.0,169.70000000000002,0.0,20.9,30.3,30.3,30.9,300.0,300.0,31.0,34.9,29.9,29.4,31.1,4.95,1.99,4.96,0.16,0.0,0.0,1027.0,8228.0,0.0,0.0,0.0,0.0,0.0,1.0,0.0,0.0,0.0,0.0,0.0,-1.1,0.0,0.5,0.0,0.0,16.0,25903.0
2026-07-30T18:59:40.168Z,149.651,149.66400000000002,0.0,7.4,0.0,0.0,0.0,0.0,0.0,0.0,0.0,0.0,1.0,0.0,0.0,0.0,9.0,4.0,0.0,0.0,0.0,0.0,0.0,0.0,0.0,0.0,4.0,12.0,1.0,12.18,5.0200000000000005,2.5,1.49,0.0,0.0,0.0,0.4,0.0,0.9,0.0,-0.7000000000000001,-169.60000000000002,0.0,0.0,169.70000000000002,0.0,20.9,30.3,30.3,30.9,300.0,300.0,31.0,34.9,29.9,29.4,31.1,4.95,1.99,4.97,0.16,0.0,0.0,1027.0,8228.0,0.0,0.0,0.0,0.0,0.0,1.0,0.0,0.0,0.0,0.0,0.0,-0.4,0.0,0.6000000000000001,0.0,0.0,16.0,25903.0
2026-07-30T18:59:40.180Z,149.663,149.67600000000002,0.0,7.4,0.0,0.0,0.0,0.0,0.0,0.0,0.0,0.0,1.0,0.0,0.0,0.0,9.0,4.0,0.0,0.0,0.0,0.0,0.0,0.0,0.0,0.0,3.0,12.0,1.0,12.18,5.0200000000000005,2.5,1.49,0.0,0.0,0.0,0.4,0.0,-0.2,0.0,-0.1,-169.60000000000002,0.0,0.0,169.70000000000002,0.0,20.9,30.3,30.3,30.9,300.0,300.0,31.0,34.9,29.9,29.4,31.1,4.95,2.0,4.97,0.16,0.0,0.0,1027.0,8228.0,0.0,0.0,0.0,0.0,0.0,1.0,0.0,0.0,0.0,0.0,0.0,0.0,0.0,0.1,0.0,0.0001,16.0,25903.0
2026-07-30T18:59:40.192Z,149.675,149.68800000000002,0.0,7.4,0.0,0.0,0.0,0.0,0.0,0.0,0.0,0.0,1.0,0.0,0.0,0.0,9.0,4.0,0.0,0.0,0.0,0.0,0.0,0.0,0.0,0.0,5.0,12.0,1.0,12.18,5.0200000000000005,2.5,1.49,0.0,0.0,0.0,0.4,0.0,0.3,-0.5,0.4,-169.60000000000002,0.0,0.0,169.70000000000002,0.0,20.9,30.3,30.3,30.9,300.0,300.0,31.0,34.9,29.9,29.4,31.1,4.96,2.0,4.96,0.16,0.0,0.0,1027.0,8228.0,0.0,0.0,0.0,0.0,0.0,1.0,0.0,0.0,0.0,0.0,0.0,-0.2,0.0,-0.5,0.0,0.0,16.0,25903.0
2026-07-30T18:59:40.204Z,149.687,149.70000000000002,0.0,7.4,0.0,0.0,0.0,0.0,0.0,0.0,0.0,0.0,1.0,0.0,0.0,0.0,9.0,4.0,0.0,0.0,0.0,0.0,0.0,0.0,0.0,0.0,6.0,12.0,1.0,12.18,5.0200000000000005,2.5,1.49,0.0,0.0,0.0,0.4,0.0,-0.7000000000000001,-1.6,-1.8,-169.60000000000002,0.0,0.0,169.8,0.0,20.9,30.3,30.3,30.9,300.0,300.0,31.0,34.9,29.9,29.4,31.1,4.95,1.99,4.96,0.16,0.0,0.0,1027.0,8228.0,0.0,0.0,0.0,0.0,0.0,1.0,0.0,0.0,0.0,0.0,0.0,-3.3000000000000003,0.0,1.3,0.0,0.0,16.0,25903.0
2026-07-30T18:59:40.215Z,149.698,149.712,0.0,7.4,0.0,0.0,0.0,0.0,0.0,0.0,0.0,0.0,1.0,0.0,0.0,0.0,9.0,4.0,0.0,0.0,0.0,0.0,0.0,0.0,0.0,0.0,1.0,12.0,1.0,12.18,5.0200000000000005,2.5,1.49,0.0,0.0,0.0,0.4,0.0,-0.1,0.0,-1.3,-169.60000000000002,0.0,0.0,169.60000000000002,0.0,20.9,30.3,30.3,30.9,300.0,300.0,31.0,34.9,29.9,29.4,31.1,4.95,1.99,4.96,0.16,0.0,0.0,1027.0,8228.0,0.0,0.0,0.0,0.0,0.0,1.0,0.0,0.0,0.0,0.0,0.0,-0.8,0.0,1.1,0.0,0.0002,16.0,25903.0
2026-07-30T18:59:40.228Z,149.711,149.724,0.0,7.4,0.0,0.0,0.0,0.0,0.0,0.0,0.0,0.0,1.0,0.0,0.0,0.0,9.0,4.0,0.0,0.0,0.0,0.0,0.0,0.0,0.0,0.0,2.0,12.0,1.0,12.18,5.0200000000000005,2.5,1.49,0.0,0.1,0.0,0.4,0.0,0.3,0.1,-0.1,-169.60000000000002,0.0,0.0,169.70000000000002,0.0,20.9,30.3,30.3,30.9,300.0,300.0,31.0,34.9,29.9,29.4,31.1,4.96,1.99,4.96,0.16,0.0,0.0,1027.0,8228.0,0.0,0.0,0.0,0.0,0.0,1.0,0.0,0.0,0.0,0.0,0.0,0.0,0.0,0.1,0.0,0.0002,16.0,25903.0
2026-07-30T18:59:40.239Z,149.722,149.736,0.0,7.4,0.0,0.0,0.0,0.0,0.0,0.0,0.0,0.0,1.0,0.0,0.0,0.0,9.0,4.0,0.0,0.0,0.0,0.0,0.0,0.0,0.0,0.0,4.0,12.0,1.0,12.18,5.0200000000000005,2.51,1.49,0.0,0.1,0.0,0.4,0.0,-0.1,0.7000000000000001,1.0,-169.60000000000002,0.0,0.0,169.70000000000002,0.0,21.700000000000003,30.3,30.3,30.9,300.0,300.0,30.9,34.9,30.0,29.4,31.1,4.96,1.99,4.96,0.16,0.0,0.0,1027.0,8228.0,0.0,0.0,0.0,0.0,0.0,1.0,0.0,0.0,0.0,0.0,0.0,1.6,0.0,-0.8,0.0,0.0001,16.0,25903.0
2026-07-30T18:59:40.252Z,149.735,149.748,0.0,7.4,0.0,0.0,0.0,0.0,0.0,0.0,0.0,0.0,1.0,0.0,0.0,0.0,9.0,4.0,0.0,0.0,0.0,0.0,0.0,0.0,0.0,0.0,6.0,12.0,1.0,12.18,5.0200000000000005,2.51,1.49,0.0,0.0,0.0,0.4,0.0,0.3,-0.4,-0.6000000000000001,-169.60000000000002,0.0,0.0,169.60000000000002,0.0,21.700000000000003,30.3,30.3,30.9,300.0,300.0,30.9,34.9,30.0,29.4,31.1,4.95,1.99,4.97,0.16,0.0,0.0,1027.0,8228.0,0.0,0.0,0.0,0.0,0.0,1.0,0.0,0.0,0.0,0.0,0.0,-0.9,0.0,0.4,0.0,0.0001,16.0,25903.0
2026-07-30T18:59:40.264Z,149.747,149.76,0.0,7.4,0.0,0.0,0.0,0.0,0.0,0.0,0.0,0.0,1.0,0.0,0.0,0.0,9.0,4.0,0.0,0.0,0.0,0.0,0.0,0.0,0.0,0.0,1.0,12.0,1.0,12.18,5.0200000000000005,2.51,1.49,0.0,0.0,0.0,0.4,0.0,-0.2,0.1,1.1,-169.60000000000002,0.0,0.0,169.70000000000002,0.0,21.700000000000003,30.3,30.3,30.9,300.0,300.0,30.9,34.9,30.0,29.4,31.1,4.95,1.99,4.96,0.16,0.0,0.0,1027.0,8228.0,0.0,0.0,0.0,0.0,0.0,1.0,0.0,0.0,0.0,0.0,0.0,1.0,0.0,-0.9,0.0,0.0001,16.0,25903.0
2026-07-30T18:59:40.275Z,149.758,149.772,0.0,7.4,0.0,0.0,0.0,0.0,0.0,0.0,0.0,0.0,1.0,0.0,0.0,0.0,9.0,4.0,0.0,0.0,0.0,0.0,0.0,0.0,0.0,0.0,2.0,12.0,1.0,12.18,5.0200000000000005,2.51,1.49,0.0,0.0,0.0,0.4,0.0,-0.1,0.1,-0.6000000000000001,-169.60000000000002,0.0,0.0,169.8,0.0,21.700000000000003,30.3,30.3,30.9,300.0,300.0,30.9,34.9,30.0,29.4,31.1,4.95,1.99,4.96,0.16,0.0,0.0,1027.0,8228.0,0.0,0.0,0.0,0.0,0.0,1.0,0.0,0.0,0.0,0.0,0.0,-0.3,0.0,0.5,0.0,0.0,16.0,25903.0
2026-07-30T18:59:40.288Z,149.771,149.784,0.0,7.4,0.0,0.0,0.0,0.0,0.0,0.0,0.0,0.0,1.0,0.0,0.0,0.0,9.0,4.0,0.0,0.0,0.0,0.0,0.0,0.0,0.0,0.0,3.0,12.0,1.0,12.18,5.0200000000000005,2.51,1.49,0.0,0.1,0.0,0.4,0.0,-0.7000000000000001,-1.0,-1.1,-169.60000000000002,0.0,0.0,169.70000000000002,0.0,21.700000000000003,30.3,30.3,30.9,300.0,300.0,30.9,34.9,30.0,29.4,31.1,4.97,1.99,4.97,0.16,0.0,0.0,1027.0,8228.0,0.0,0.0,0.0,0.0,0.0,1.0,0.0,0.0,0.0,0.0,0.0,-2.0,0.0,0.8,0.0,0.0001,16.0,25903.0
2026-07-30T18:59:40.300Z,149.783,149.796,0.0,7.4,0.0,0.0,0.0,0.0,0.0,0.0,0.0,0.0,1.0,0.0,0.0,0.0,9.0,4.0,0.0,0.0,0.0,0.0,0.0,0.0,0.0,0.0,4.0,12.0,1.0,12.18,5.0200000000000005,2.51,1.49,0.0,0.1,0.0,0.4,0.0,-0.1,0.1,0.5,-169.60000000000002,0.0,0.0,169.70000000000002,0.0,21.700000000000003,30.3,30.3,30.9,300.0,300.0,30.9,34.9,30.0,29.4,31.1,4.96,1.99,4.96,0.16,0.0,0.0,1027.0,8228.0,0.0,0.0,0.0,0.0,0.0,1.0,0.0,0.0,0.0,0.0,0.0,0.5,0.0,-0.4,0.0,0.0001,16.0,25903.0
2026-07-30T18:59:40.312Z,149.795,149.808,0.0,7.4,0.0,0.0,0.0,0.0,0.0,0.0,0.0,0.0,1.0,0.0,0.0,0.0,9.0,4.0,0.0,0.0,0.0,0.0,0.0,0.0,0.0,0.0,6.0,12.0,1.0,12.18,5.0200000000000005,2.51,1.49,0.0,0.0,0.0,0.4,0.0,0.9,0.7000000000000001,0.0,-169.70000000000002,0.0,0.0,169.8,0.0,21.700000000000003,30.3,30.3,30.9,300.0,300.0,30.9,34.9,30.0,29.4,31.1,4.96,2.0,4.96,0.16,0.0,0.0,1027.0,8228.0,0.0,0.0,0.0,0.0,0.0,1.0,0.0,0.0,0.0,0.0,0.0,0.8,0.0,0.1,0.0,0.0,16.0,25903.0
2026-07-30T18:59:40.324Z,149.807,149.82,0.0,7.4,0.0,0.0,0.0,0.0,0.0,0.0,0.0,0.0,1.0,0.0,0.0,0.0,9.0,4.0,0.0,0.0,0.0,0.0,0.0,0.0,0.0,0.0,1.0,12.0,1.0,12.18,5.0200000000000005,2.51,1.49,0.0,0.0,0.0,0.4,0.0,-0.1,0.1,0.0,-169.70000000000002,0.0,0.0,169.8,0.0,21.700000000000003,30.3,30.3,30.9,300.0,300.0,30.9,34.9,30.0,29.4,31.1,4.96,1.99,4.96,0.16,0.0,0.0,1027.0,8228.0,0.0,0.0,0.0,0.0,0.0,1.0,0.0,0.0,0.0,0.0,0.0,0.2,0.0,0.0,0.0,0.0002,16.0,25903.0
2026-07-30T18:59:40.336Z,149.819,149.832,0.0,7.4,0.0,0.0,0.0,0.0,0.0,0.0,0.0,0.0,1.0,0.0,0.0,0.0,9.0,4.0,0.0,0.0,0.0,0.0,0.0,0.0,0.0,0.0,2.0,12.0,1.0,12.18,5.0200000000000005,2.51,1.49,0.0,0.0,0.0,0.4,0.0,0.4,-0.4,-1.1,-169.70000000000002,0.0,0.0,169.8,0.0,21.700000000000003,30.3,30.3,30.9,300.0,300.0,30.9,34.9,30.0,29.4,31.1,4.95,1.99,4.97,0.16,0.0,0.0,1027.0,8228.0,0.0,0.0,0.0,0.0,0.0,1.0,0.0,0.0,0.0,0.0,0.0,-1.3,0.0,0.9,0.0,0.0,16.0,25903.0
2026-07-30T18:59:40.347Z,149.83,149.844,0.0,7.4,0.0,0.0,0.0,0.0,0.0,0.0,0.0,0.0,1.0,0.0,0.0,0.0,9.0,4.0,0.0,0.0,0.0,0.0,0.0,0.0,0.0,0.0,4.0,12.0,1.0,12.17,5.01,2.51,1.49,0.0,0.0,0.0,0.4,0.0,0.4,-1.0,-0.6000000000000001,-169.70000000000002,0.0,0.0,169.70000000000002,0.0,21.4,30.3,30.3,30.9,300.0,300.0,30.9,34.9,29.9,29.4,31.1,4.96,1.99,4.96,0.16,0.0,0.0,1027.0,8228.0,0.0,0.0,0.0,0.0,0.0,1.0,0.0,0.0,0.0,0.0,0.0,-1.6,0.0,0.3,0.0,0.0,16.0,25903.0
2026-07-30T18:59:40.360Z,149.843,149.856,0.0,7.4,0.0,0.0,0.0,0.0,0.0,0.0,0.0,0.0,1.0,0.0,0.0,0.0,9.0,4.0,0.0,0.0,0.0,0.0,0.0,0.0,0.0,0.0,5.0,12.0,1.0,12.17,5.01,2.51,1.49,0.0,0.0,0.0,0.4,0.0,-0.2,0.6000000000000001,1.0,-169.70000000000002,0.0,0.0,169.8,0.0,21.4,30.3,30.3,30.9,300.0,300.0,30.9,34.9,29.9,29.4,31.1,4.96,1.99,4.97,0.16,0.0,0.0,1027.0,8228.0,0.0,0.0,0.0,0.0,0.0,1.0,0.0,0.0,0.0,0.0,0.0,1.5,0.0,-0.8,0.0,0.0001,16.0,25903.0
2026-07-30T18:59:40.371Z,149.854,149.868,0.0,7.4,0.0,0.0,0.0,0.0,0.0,0.0,0.0,0.0,1.0,0.0,0.0,0.0,9.0,4.0,0.0,0.0,0.0,0.0,0.0,0.0,0.0,0.0,1.0,12.0,1.0,12.17,5.01,2.51,1.49,0.0,0.0,0.0,0.4,0.0,0.3,1.3,0.5,-169.70000000000002,0.0,0.0,169.8,0.0,21.4,30.3,30.3,30.9,300.0,300.0,30.9,34.9,29.9,29.4,31.1,4.95,1.99,4.97,0.16,0.0,0.0,1027.0,8228.0,0.0,0.0,0.0,0.0,0.0,1.0,0.0,0.0,0.0,0.0,0.0,1.9,0.0,-0.2,0.0,0.0001,16.0,25903.0
2026-07-30T18:59:40.384Z,149.867,149.88,0.0,7.4,0.0,0.0,0.0,0.0,0.0,0.0,0.0,0.0,1.0,0.0,0.0,0.0,9.0,4.0,0.0,0.0,0.0,0.0,0.0,0.0,0.0,0.0,2.0,12.0,1.0,12.17,5.01,2.51,1.49,0.0,0.0,0.0,0.4,0.0,-0.2,-1.6,-1.2000000000000002,-169.70000000000002,0.0,0.0,169.60000000000002,0.0,21.4,30.3,30.3,30.9,300.0,300.0,30.9,34.9,29.9,29.4,31.1,4.96,1.99,4.96,0.16,0.0,0.0,1027.0,8228.0,0.0,0.0,0.0,0.0,0.0,1.0,0.0,0.0,0.0,0.0,0.0,-0.9,0.0,0.4,0.0,0.0001,16.0,25903.0
2026-07-30T18:59:40.396Z,149.879,149.892,0.0,7.4,0.0,0.0,0.0,0.0,0.0,0.0,0.0,0.0,1.0,0.0,0.0,0.0,9.0,4.0,0.0,0.0,0.0,0.0,0.0,0.0,0.0,0.0,3.0,12.0,1.0,12.17,5.01,2.51,1.49,0.0,0.0,0.0,0.4,0.0,-0.2,0.0,-0.7000000000000001,-169.70000000000002,0.0,0.0,169.60000000000002,0.0,21.4,30.3,30.3,30.9,300.0,300.0,30.9,34.9,29.9,29.4,31.1,4.95,1.99,4.96,0.16,0.0,0.0,1027.0,8228.0,0.0,0.0,0.0,0.0,0.0,1.0,0.0,0.0,0.0,0.0,0.0,-0.4,0.0,0.6000000000000001,0.0,0.0002,16.0,25903.0
2026-07-30T18:59:40.408Z,149.891,149.904,0.0,7.4,0.0,0.0,0.0,0.0,0.0,0.0,0.0,0.0,1.0,0.0,0.0,0.0,9.0,4.0,0.0,0.0,0.0,0.0,0.0,0.0,0.0,0.0,4.0,12.0,1.0,12.17,5.01,2.51,1.49,0.0,0.0,0.0,0.4,0.0,0.9,0.1,1.6,-169.70000000000002,0.0,0.0,169.60000000000002,0.0,21.4,30.3,30.3,30.9,300.0,300.0,30.9,34.9,29.9,29.4,31.1,4.95,1.99,4.97,0.16,0.0,0.0,1027.0,8228.0,0.0,0.0,0.0,0.0,0.0,1.0,0.0,0.0,0.0,0.0,0.0,1.3,0.0,0.3,0.0,0.0001,16.0,25903.0
2026-07-30T18:59:40.420Z,149.903,149.916,0.0,7.4,0.0,0.0,0.0,0.0,0.0,0.0,0.0,0.0,1.0,0.0,0.0,0.0,9.0,4.0,0.0,0.0,0.0,0.0,0.0,0.0,0.0,0.0,6.0,12.0,1.0,12.17,5.01,2.51,1.49,0.0,0.0,0.0,0.5,0.0,0.3,0.6000000000000001,1.0,-169.70000000000002,0.0,0.0,169.60000000000002,0.0,21.4,30.3,30.3,30.9,300.0,300.0,30.9,34.9,29.9,29.4,31.1,4.95,1.99,4.97,0.16,0.0,0.0,1027.0,8228.0,0.0,0.0,0.0,0.0,0.0,1.0,0.0,0.0,0.0,0.0,0.0,0.4,0.0,-0.4,0.0,0.0001,16.0,25903.0
2026-07-30T18:59:40.432Z,149.915,149.928,0.0,7.4,0.0,0.0,0.0,0.0,0.0,0.0,0.0,0.0,1.0,0.0,0.0,0.0,9.0,4.0,0.0,0.0,0.0,0.0,0.0,0.0,0.0,0.0,1.0,12.0,1.0,12.17,5.01,2.51,1.49,0.0,0.0,0.0,0.5,0.0,-0.8,-1.0,-1.2000000000000002,-169.70000000000002,0.0,0.0,169.70000000000002,0.0,21.4,30.3,30.3,30.9,300.0,300.0,30.9,34.9,29.9,29.4,31.1,4.96,1.99,4.96,0.16,0.0,0.0,1027.0,8228.0,0.0,0.0,0.0,0.0,0.0,1.0,0.0,0.0,0.0,0.0,0.0,1.4,0.0,-1.4,0.0,0.0,16.0,25903.0
2026-07-30T18:59:40.444Z,149.927,149.94,0.0,7.4,0.0,0.0,0.0,0.0,0.0,0.0,0.0,0.0,1.0,0.0,0.0,0.0,9.0,4.0,0.0,0.0,0.0,0.0,0.0,0.0,0.0,0.0,1.0,12.0,1.0,12.1,5.01,2.51,1.5,0.0,0.0,0.0,0.4,0.0,0.3,0.1,1.7000000000000002,-169.60000000000002,0.0,0.0,169.60000000000002,0.0,21.200000000000003,30.3,30.3,30.9,300.0,300.0,30.9,34.9,30.0,29.4,31.1,4.95,1.99,4.97,0.16,0.0,0.0,1027.0,8228.0,0.0,0.0,0.0,0.0,0.0,1.0,0.0,0.0,0.0,0.0,0.0,-1.6,0.0,0.3,0.0,0.0,16.0,25903.0
2026-07-30T18:59:40.455Z,149.938,149.952,0.0,7.4,0.0,0.0,0.0,0.0,0.0,0.0,0.0,0.0,1.0,0.0,0.0,0.0,9.0,4.0,0.0,0.0,0.0,0.0,0.0,0.0,0.0,0.0,3.0,12.0,1.0,12.1,5.01,2.51,1.5,0.0,0.0,0.0,0.4,0.0,-0.2,0.7000000000000001,-0.6000000000000001,-169.60000000000002,0.0,0.0,169.60000000000002,0.0,21.200000000000003,30.3,30.3,30.9,300.0,300.0,30.9,34.9,30.0,29.4,31.1,4.95,2.0,4.96,0.16,0.0,0.0,1027.0,8228.0,0.0,0.0,0.0,0.0,0.0,1.0,0.0,0.0,0.0,0.0,0.0,0.3,0.0,0.7000000000000001,0.0,0.0,16.0,25903.0
2026-07-30T18:59:40.478Z,149.961,149.964,0.0,7.4,0.0,0.0,0.0,0.0,0.0,0.0,0.0,0.0,1.0,0.0,0.0,0.0,9.0,4.0,0.0,0.0,0.0,0.0,0.0,0.0,0.0,0.0,4.0,12.0,1.0,12.1,5.01,2.51,1.5,0.0,0.0,0.0,0.4,0.0,-0.2,0.7000000000000001,1.0,-169.60000000000002,0.0,0.0,169.70000000000002,0.0,21.200000000000003,30.3,30.3,30.9,300.0,300.0,30.9,34.9,30.0,29.4,31.1,4.96,2.0,4.96,0.16,0.0,0.0,1027.0,8228.0,0.0,0.0,0.0,0.0,0.0,1.0,0.0,0.0,0.0,0.0,0.0,1.6,0.0,-0.8,0.0,0.0,16.0,25903.0
2026-07-30T18:59:40.482Z,149.965,149.976,0.0,7.4,0.0,0.0,0.0,0.0,0.0,0.0,0.0,0.0,1.0,0.0,0.0,0.0,9.0,4.0,0.0,0.0,0.0,0.0,0.0,0.0,0.0,0.0,3.0,12.0,1.0,12.1,5.01,2.51,1.5,0.0,0.0,0.0,0.4,0.0,0.3,-0.4,1.0,-169.60000000000002,0.0,0.0,169.60000000000002,0.0,21.200000000000003,30.3,30.3,30.9,300.0,300.0,30.9,34.9,30.0,29.4,31.1,4.95,2.0,4.97,0.16,0.0,0.0,1027.0,8228.0,0.0,0.0,0.0,0.0,0.0,1.0,0.0,0.0,0.0,0.0,0.0,0.3,0.0,-1.0,0.0,0.0,16.0,25903.0
2026-07-30T18:59:40.492Z,149.975,149.988,0.0,7.4,0.0,0.0,0.0,0.0,0.0,0.0,0.0,0.0,1.0,0.0,0.0,0.0,9.0,4.0,0.0,0.0,0.0,0.0,0.0,0.0,0.0,0.0,2.0,12.0,1.0,12.1,5.01,2.51,1.5,0.0,0.0,0.0,0.4,0.0,-0.2,0.1,0.0,-169.60000000000002,0.0,0.0,169.60000000000002,0.0,21.200000000000003,30.3,30.3,30.9,300.0,300.0,30.9,34.9,30.0,29.4,31.1,4.95,1.99,4.97,0.16,0.0,0.0,1027.0,8228.0,0.0,0.0,0.0,0.0,0.0,1.0,0.0,0.0,0.0,0.0,0.0,0.1,0.0,0.1,0.0,0.0,16.0,25903.0
2026-07-30T18:59:40.504Z,149.987,150.0,0.0,7.4,0.0,0.0,0.0,0.0,0.0,0.0,0.0,0.0,1.0,0.0,0.0,0.0,9.0,4.0,0.0,0.0,0.0,0.0,0.0,0.0,0.0,0.0,3.0,12.0,1.0,12.1,5.01,2.51,1.5,0.0,0.0,0.0,0.5,0.0,0.9,1.3,0.0,-169.60000000000002,0.0,0.0,169.60000000000002,0.0,21.200000000000003,30.3,30.3,30.9,300.0,300.0,30.9,34.9,30.0,29.4,31.1,4.95,1.99,4.96,0.16,0.0,0.0,1027.0,8228.0,0.0,0.0,0.0,0.0,0.0,1.0,0.0,0.0,0.0,0.0,0.0,1.4,0.0,0.3,0.0,0.0,16.0,25903.0
2026-07-30T18:59:40.515Z,149.998,150.012,0.0,7.4,0.0,0.0,0.0,0.0,0.0,0.0,0.0,0.0,1.0,0.0,0.0,0.0,9.0,4.0,0.0,0.0,0.0,0.0,0.0,0.0,0.0,0.0,4.0,12.0,1.0,12.1,5.01,2.51,1.5,0.0,0.0,0.0,0.4,0.0,0.3,0.6000000000000001,-1.2000000000000002,-169.60000000000002,0.0,0.0,169.70000000000002,0.0,21.200000000000003,30.3,30.3,30.9,300.0,300.0,30.9,34.9,30.0,29.4,31.1,4.96,2.0,4.96,0.16,0.0,0.0,1027.0,8228.0,0.0,0.0,0.0,0.0,0.0,1.0,0.0,0.0,0.0,0.0,0.0,-0.1,0.0,1.2000000000000002,0.0,0.0,16.0,25903.0
2026-07-30T18:59:40.527Z,150.01,150.024,0.0,7.4,0.0,0.0,0.0,0.0,0.0,0.0,0.0,0.0,1.0,0.0,0.0,0.0,9.0,4.0,0.0,0.0,0.0,0.0,0.0,0.0,0.0,0.0,5.0,12.0,1.0,12.1,5.01,2.51,1.5,0.0,0.0,0.0,0.4,0.0,0.3,0.7000000000000001,-0.7000000000000001,-169.60000000000002,0.0,0.0,169.60000000000002,0.0,21.200000000000003,30.3,30.3,30.9,300.0,300.0,30.9,34.9,30.0,29.4,31.1,4.95,2.0,4.97,0.16,0.0,0.0,1027.0,8228.0,0.0,0.0,0.0,0.0,0.0,1.0,0.0,0.0,0.0,0.0,0.0,0.2,0.0,0.7000000000000001,0.0,0.0,16.0,25903.0
2026-07-30T18:59:40.540Z,150.023,150.036,0.0,7.4,0.0,0.0,0.0,0.0,0.0,0.0,0.0,0.0,1.0,0.0,0.0,0.0,9.0,4.0,0.0,0.0,0.0,0.0,0.0,0.0,0.0,0.0,6.0,12.0,1.0,12.1,5.01,2.51,1.5,0.0,0.1,0.0,0.4,0.0,0.9,0.1,-0.6000000000000001,-169.60000000000002,0.0,0.0,169.8,0.0,21.200000000000003,30.3,30.3,30.9,300.0,300.0,30.9,34.9,30.0,29.4,31.1,4.96,2.0,4.96,0.16,0.0,0.0,1027.0,8228.0,0.0,0.0,0.0,0.0,0.0,1.0,0.0,0.0,0.0,0.0,0.0,-0.3,0.0,0.6000000000000001,0.0,0.0,16.0,25903.0
2026-07-30T18:59:40.552Z,150.035,150.048,0.0,7.4,0.0,0.0,0.0,0.0,0.0,0.0,0.0,0.0,1.0,0.0,0.0,0.0,9.0,4.0,0.0,0.0,0.0,0.0,0.0,0.0,0.0,0.0,2.0,12.0,1.0,12.17,5.01,2.5,1.49,0.0,0.0,0.0,0.4,0.0,0.3,0.1,2.2,-169.60000000000002,0.0,0.0,169.60000000000002,0.0,21.9,30.3,30.3,30.9,300.0,300.0,31.0,34.9,30.0,29.4,31.1,4.96,2.0,4.96,0.16,0.0,0.0,1027.0,8228.0,0.0,0.0,0.0,0.0,0.0,1.0,0.0,0.0,0.0,0.0,0.0,1.8,0.0,-1.9,0.0,0.0002,16.0,25903.0
2026-07-30T18:59:40.563Z,150.046,150.06,0.0,7.4,0.0,0.0,0.0,0.0,0.0,0.0,0.0,0.0,1.0,0.0,0.0,0.0,9.0,4.0,0.0,0.0,0.0,0.0,0.0,0.0,0.0,0.0,3.0,12.0,1.0,12.17,5.01,2.5,1.49,0.0,0.0,0.0,0.4,0.0,-0.8,0.7000000000000001,0.0,-169.60000000000002,0.0,0.0,169.60000000000002,0.0,21.9,30.3,30.3,30.9,300.0,300.0,31.0,34.9,30.0,29.4,31.1,4.95,2.0,4.96,0.16,0.0,0.0,1027.0,8228.0,0.0,0.0,0.0,0.0,0.0,1.0,0.0,0.0,0.0,0.0,0.0,0.8,0.0,0.1,0.0,0.0001,16.0,25903.0
2026-07-30T18:59:40.576Z,150.059,150.072,0.0,7.4,0.0,0.0,0.0,0.0,0.0,0.0,0.0,0.0,1.0,0.0,0.0,0.0,9.0,4.0,0.0,0.0,0.0,0.0,0.0,0.0,0.0,0.0,4.0,12.0,1.0,12.17,5.01,2.5,1.49,0.0,0.0,0.0,0.4,0.0,0.3,-0.3,0.5,-169.60000000000002,0.0,0.0,169.60000000000002,0.0,21.9,30.3,30.3,30.9,300.0,300.0,31.0,34.9,30.0,29.4,31.1,4.96,2.0,4.96,0.16,0.0,0.0,1027.0,8228.0,0.0,0.0,0.0,0.0,0.0,1.0,0.0,0.0,0.0,0.0,0.0,0.0,0.0,-0.5,0.0,0.0,16.0,25903.0
2026-07-30T18:59:40.587Z,150.07,150.084,0.0,7.4,0.0,0.0,0.0,0.0,0.0,0.0,0.0,0.0,1.0,0.0,0.0,0.0,9.0,4.0,0.0,0.0,0.0,0.0,0.0,0.0,0.0,0.0,6.0,12.0,1.0,12.17,5.01,2.5,1.49,0.0,0.0,0.0,0.4,0.0,-0.3,-0.3,-0.6000000000000001,-169.60000000000002,0.0,0.0,169.70000000000002,0.0,21.9,30.3,30.3,30.9,300.0,300.0,31.0,34.9,30.0,29.4,31.1,4.96,2.0,4.96,0.16,0.0,0.0,1027.0,8228.0,0.0,0.0,0.0,0.0,0.0,1.0,0.0,0.0,0.0,0.0,0.0,-0.9,0.0,0.5,0.0,0.0,16.0,25903.0
2026-07-30T18:59:40.600Z,150.083,150.096,0.0,7.4,0.0,0.0,0.0,0.0,0.0,0.0,0.0,0.0,1.0,0.0,0.0,0.0,9.0,4.0,0.0,0.0,0.0,0.0,0.0,0.0,0.0,0.0,1.0,12.0,1.0,12.17,5.01,2.5,1.49,0.0,0.0,0.0,0.4,0.0,-0.9,-0.3,-0.7000000000000001,-169.60000000000002,0.0,0.0,169.70000000000002,0.0,21.9,30.3,30.3,30.9,300.0,300.0,31.0,34.9,30.0,29.4,31.1,4.96,1.99,4.97,0.16,0.0,0.0,1027.0,8228.0,0.0,0.0,0.0,0.0,0.0,1.0,0.0,0.0,0.0,0.0,0.0,-0.9,0.0,0.5,0.0,0.0001,16.0,25903.0
2026-07-30T18:59:40.611Z,150.094,150.108,0.0,7.4,0.0,0.0,0.0,0.0,0.0,0.0,0.0,0.0,1.0,0.0,0.0,0.0,9.0,4.0,0.0,0.0,0.0,0.0,0.0,0.0,0.0,0.0,3.0,12.0,1.0,12.17,5.01,2.5,1.49,0.0,0.0,0.0,0.4,0.0,0.2,0.1,-0.1,-169.60000000000002,0.0,0.0,169.60000000000002,0.0,21.9,30.3,30.3,30.9,300.0,300.0,31.0,34.9,30.0,29.4,31.1,4.95,1.99,4.97,0.16,0.0,0.0,1027.0,8228.0,0.0,0.0,0.0,0.0,0.0,1.0,0.0,0.0,0.0,0.0,0.0,0.1,0.0,0.1,0.0,0.0,16.0,25903.0
2026-07-30T18:59:40.624Z,150.107,150.12,0.0,7.4,0.0,0.0,0.0,0.0,0.0,0.0,0.0,0.0,1.0,0.0,0.0,0.0,9.0,4.0,0.0,0.0,0.0,0.0,0.0,0.0,0.0,0.0,4.0,12.0,1.0,12.17,5.01,2.5,1.49,0.0,0.0,0.0,0.4,0.0,0.2,0.7000000000000001,1.6,-169.60000000000002,0.0,0.0,169.70000000000002,0.0,21.9,30.3,30.3,30.9,300.0,300.0,31.0,34.9,30.0,29.4,31.1,4.96,1.99,4.96,0.16,0.0,0.0,1027.0,8228.0,0.0,0.0,0.0,0.0,0.0,1.0,0.0,0.0,0.0,0.0,0.0,2.0,0.0,-1.2000000000000002,0.0,0.0001,16.0,25903.0
2026-07-30T18:59:40.636Z,150.119,150.132,0.0,7.4,0.0,0.0,0.0,0.0,0.0,0.0,0.0,0.0,1.0,0.0,0.0,0.0,9.0,4.0,0.0,0.0,0.0,0.0,0.0,0.0,0.0,0.0,6.0,12.0,1.0,12.17,5.01,2.5,1.49,0.0,0.0,0.0,0.4,0.0,-0.8,-0.4,-0.1,-169.60000000000002,0.0,0.0,169.70000000000002,0.0,21.9,30.3,30.3,30.9,300.0,300.0,31.0,34.9,30.0,29.4,31.1,4.95,1.99,4.97,0.16,0.0,0.0,1027.0,8228.0,0.0,0.0,0.0,0.0,0.0,1.0,0.0,0.0,0.0,0.0,0.0,-0.6000000000000001,0.0,0.0,0.0,0.0,16.0,25903.0
2026-07-30T18:59:40.647Z,150.13,150.144,0.0,7.4,0.0,0.0,0.0,0.0,0.0,0.0,0.0,0.0,1.0,0.0,0.0,0.0,9.0,4.0,0.0,0.0,0.0,0.0,0.0,0.0,0.0,0.0,1.0,12.0,1.0,12.18,5.0200000000000005,2.51,1.49,0.0,0.0,0.0,0.4,0.0,0.2,0.7000000000000001,0.4,-169.60000000000002,0.0,0.0,169.70000000000002,0.0,21.200000000000003,30.3,30.3,30.9,300.0,300.0,31.0,34.9,29.9,29.4,31.1,4.95,1.99,4.97,0.16,0.0,0.0,1027.0,8228.0,0.0,0.0,0.0,0.0,0.0,1.0,0.0,0.0,0.0,0.0,0.0,1.1,0.0,-0.2,0.0,0.0,16.0,25903.0
2026-07-30T18:59:40.660Z,150.143,150.156,0.0,7.4,0.0,0.0,0.0,0.0,0.0,0.0,0.0,0.0,1.0,0.0,0.0,0.0,9.0,4.0,0.0,0.0,0.0,0.0,0.0,0.0,0.0,0.0,2.0,12.0,1.0,12.18,5.0200000000000005,2.51,1.49,0.0,0.0,0.0,0.4,0.0,0.8,0.7000000000000001,0.4,-169.60000000000002,0.0,0.0,169.70000000000002,0.0,21.200000000000003,30.3,30.3,30.9,300.0,300.0,31.0,34.9,29.9,29.4,31.1,4.96,1.99,4.97,0.16,0.0,0.0,1027.0,8228.0,0.0,0.0,0.0,0.0,0.0,1.0,0.0,0.0,0.0,0.0,0.0,1.2000000000000002,0.0,-0.2,0.0,0.0001,16.0,25903.0
2026-07-30T18:59:40.672Z,150.155,150.168,0.0,7.4,0.0,0.0,0.0,0.0,0.0,0.0,0.0,0.0,1.0,0.0,0.0,0.0,9.0,4.0,0.0,0.0,0.0,0.0,0.0,0.0,0.0,0.0,3.0,12.0,1.0,12.18,5.0200000000000005,2.51,1.49,0.0,0.0,0.0,0.4,0.0,-0.3,0.7000000000000001,1.6,-169.60000000000002,0.0,0.0,169.70000000000002,0.0,21.200000000000003,30.3,30.3,30.9,300.0,300.0,31.0,34.9,29.9,29.4,31.1,4.96,1.99,4.96,0.16,0.0,0.0,1027.0,8228.0,0.0,0.0,0.0,0.0,0.0,1.0,0.0,0.0,0.0,0.0,0.0,2.0,0.0,-1.2000000000000002,0.0,0.0,16.0,25903.0
2026-07-30T18:59:40.683Z,150.166,150.18,0.0,7.4,0.0,0.0,0.0,0.0,0.0,0.0,0.0,0.0,1.0,0.0,0.0,0.0,9.0,4.0,0.0,0.0,0.0,0.0,0.0,0.0,0.0,0.0,4.0,12.0,1.0,12.18,5.0200000000000005,2.51,1.49,0.0,0.1,0.0,0.4,0.0,-0.3,-0.4,-0.1,-169.60000000000002,0.0,0.0,169.70000000000002,0.0,21.200000000000003,30.3,30.3,30.9,300.0,300.0,31.0,34.9,29.9,29.4,31.1,4.95,1.99,4.96,0.16,0.0,0.0,1027.0,8228.0,0.0,0.0,0.0,0.0,0.0,1.0,0.0,0.0,0.0,0.0,0.0,-0.5,0.0,0.0,0.0,0.0001,16.0,25903.0
2026-07-30T18:59:40.696Z,150.179,150.192,0.0,7.4,0.0,0.0,0.0,0.0,0.0,0.0,0.0,0.0,1.0,0.0,0.0,0.0,9.0,4.0,0.0,0.0,0.0,0.0,0.0,0.0,0.0,0.0,5.0,12.0,1.0,12.18,5.0200000000000005,2.51,1.49,0.0,0.0,0.0,0.4,0.0,-0.3,1.2000000000000002,1.6,-169.60000000000002,0.0,0.0,169.70000000000002,0.0,21.200000000000003,30.3,30.3,30.9,300.0,300.0,31.0,34.9,29.9,29.4,31.1,4.95,1.99,4.96,0.17,0.0,0.0,1027.0,8228.0,0.0,0.0,0.0,0.0,0.0,1.0,0.0,0.0,0.0,0.0,0.0,2.6,0.0,-1.1,0.0,0.0,16.0,25903.0
2026-07-30T18:59:40.708Z,150.191,150.204,0.0,7.4,0.0,0.0,0.0,0.0,0.0,0.0,0.0,0.0,1.0,0.0,0.0,0.0,9.0,4.0,0.0,0.0,0.0,0.0,0.0,0.0,0.0,0.0,6.0,12.0,1.0,12.18,5.0200000000000005,2.51,1.49,0.0,0.0,0.0,0.4,0.0,0.2,0.1,-0.1,-169.60000000000002,0.0,0.0,169.60000000000002,0.0,21.200000000000003,30.3,30.3,30.9,300.0,300.0,31.0,34.9,29.9,29.4,31.1,4.96,1.99,4.96,0.15,0.0,0.0,1027.0,8228.0,0.0,0.0,0.0,0.0,0.0,1.0,0.0,0.0,0.0,0.0,0.0,0.0,0.0,0.1,0.0,0.0,16.0,25903.0
2026-07-30T18:59:40.719Z,150.202,150.216,0.0,7.4,0.0,0.0,0.0,0.0,0.0,0.0,0.0,0.0,1.0,0.0,0.0,0.0,9.0,4.0,0.0,0.0,0.0,0.0,0.0,0.0,0.0,0.0,1.0,12.0,1.0,12.18,5.0200000000000005,2.51,1.49,0.0,0.0,0.0,0.4,0.0,-0.2,0.1,-0.1,-169.60000000000002,0.0,0.0,169.60000000000002,0.0,21.200000000000003,30.3,30.3,30.9,300.0,300.0,31.0,34.9,29.9,29.4,31.1,4.95,1.99,4.97,0.16,0.0,0.0,1027.0,8228.0,0.0,0.0,0.0,0.0,0.0,1.0,0.0,0.0,0.0,0.0,0.0,0.1,0.0,0.1,0.0,0.0001,16.0,25903.0
2026-07-30T18:59:40.731Z,150.214,150.228,0.0,7.4,0.0,0.0,0.0,0.0,0.0,0.0,0.0,0.0,1.0,0.0,0.0,0.0,9.0,4.0,0.0,0.0,0.0,0.0,0.0,0.0,0.0,0.0,2.0,12.0,1.0,12.18,5.0200000000000005,2.51,1.49,0.0,0.0,0.0,0.4,0.0,-0.2,-0.3,-0.1,-169.60000000000002,0.0,0.0,169.70000000000002,0.0,21.200000000000003,30.3,30.3,30.9,300.0,300.0,31.0,34.9,29.9,29.4,31.1,4.96,1.99,4.97,0.16,0.0,0.0,1027.0,8228.0,0.0,0.0,0.0,0.0,0.0,1.0,0.0,0.0,0.0,0.0,0.0,-0.5,0.0,0.0,0.0,0.0,16.0,25903.0
2026-07-30T18:59:40.743Z,150.226,150.24,0.0,7.4,0.0,0.0,0.0,0.0,0.0,0.0,0.0,0.0,1.0,0.0,0.0,0.0,9.0,4.0,0.0,0.0,0.0,0.0,0.0,0.0,0.0,0.0,3.0,12.0,1.0,12.18,5.0200000000000005,2.51,1.49,0.0,0.0,0.0,0.4,0.0,0.3,0.2,0.0,-169.60000000000002,0.0,0.0,169.70000000000002,0.0,21.200000000000003,30.3,30.3,30.9,300.0,300.0,31.0,34.9,29.9,29.4,31.1,4.96,1.99,4.96,0.16,0.0,0.0,1027.0,8228.0,0.0,0.0,0.0,0.0,0.0,1.0,0.0,0.0,0.0,0.0,0.0,0.1,0.0,0.1,0.0,0.0,16.0,25903.0
2026-07-30T18:59:40.756Z,150.239,150.252,0.0,7.4,0.0,0.0,0.0,0.0,0.0,0.0,0.0,0.0,1.0,0.0,0.0,0.0,9.0,4.0,0.0,0.0,0.0,0.0,0.0,0.0,0.0,0.0,4.0,12.0,1.0,12.14,5.01,2.51,1.49,0.0,0.0,0.0,0.5,0.0,0.9,-0.3,0.4,-169.60000000000002,0.0,0.0,169.70000000000002,0.0,21.4,30.3,30.3,30.9,300.0,300.0,30.9,34.9,29.9,29.3,31.1,4.96,2.0,4.96,0.16,0.0,0.0,1027.0,8228.0,0.0,0.0,0.0,0.0,0.0,1.0,0.0,0.0,0.0,0.0,0.0,0.0,0.0,-0.5,0.0,0.0001,16.0,25903.0
2026-07-30T18:59:40.768Z,150.251,150.264,0.0,7.4,0.0,0.0,0.0,0.0,0.0,0.0,0.0,0.0,1.0,0.0,0.0,0.0,9.0,4.0,0.0,0.0,0.0,0.0,0.0,0.0,0.0,0.0,6.0,12.0,1.0,12.14,5.01,2.51,1.49,0.0,0.0,0.0,0.4,0.0,-0.2,-0.3,0.5,-169.60000000000002,0.0,0.0,169.8,0.0,21.4,30.3,30.3,30.9,300.0,300.0,30.9,34.9,29.9,29.3,31.1,4.95,2.0,4.97,0.16,0.0,0.0,1027.0,8228.0,0.0,0.0,0.0,0.0,0.0,1.0,0.0,0.0,0.0,0.0,0.0,0.0,0.0,-0.5,0.0,0.0,16.0,25903.0
2026-07-30T18:59:40.780Z,150.263,150.276,0.0,7.4,0.0,0.0,0.0,0.0,0.0,0.0,0.0,0.0,1.0,0.0,0.0,0.0,9.0,4.0,0.0,0.0,0.0,0.0,0.0,0.0,0.0,0.0,1.0,12.0,1.0,12.14,5.01,2.51,1.49,0.0,0.0,0.0,0.4,0.0,0.3,-0.4,0.5,-169.60000000000002,0.0,0.0,169.8,0.0,21.4,30.3,30.3,30.9,300.0,300.0,30.9,34.9,29.9,29.3,31.1,4.96,1.99,4.96,0.16,0.0,0.0,1027.0,8228.0,0.0,0.0,0.0,0.0,0.0,1.0,0.0,0.0,0.0,0.0,0.0,0.0,0.0,-0.5,0.0,0.0001,16.0,25903.0
2026-07-30T18:59:40.794Z,150.277,150.288,0.0,7.4,0.0,0.0,0.0,0.0,0.0,0.0,0.0,0.0,1.0,0.0,0.0,0.0,9.0,4.0,0.0,0.0,0.0,0.0,0.0,0.0,0.0,0.0,2.0,12.0,1.0,12.14,5.01,2.51,1.49,0.0,0.0,0.0,0.4,0.0,0.3,0.1,1.6,-169.60000000000002,0.0,0.0,169.70000000000002,0.0,21.4,30.3,30.3,30.9,300.0,300.0,30.9,34.9,29.9,29.3,31.1,4.96,1.99,4.96,0.16,0.0,0.0,1027.0,8228.0,0.0,0.0,0.0,0.0,0.0,1.0,0.0,0.0,0.0,0.0,0.0,1.4,0.0,-1.4,0.0,0.0002,16.0,25903.0
2026-07-30T18:59:40.804Z,150.287,150.3,0.0,7.4,0.0,0.0,0.0,0.0,0.0,0.0,0.0,0.0,1.0,0.0,0.0,0.0,9.0,4.0,0.0,0.0,0.0,0.0,0.0,0.0,0.0,0.0,5.0,12.0,1.0,12.14,5.01,2.51,1.49,0.0,0.0,0.0,0.4,0.0,0.8,1.3,0.0,-169.60000000000002,0.0,0.0,169.60000000000002,0.0,21.4,30.3,30.3,30.9,300.0,300.0,30.9,34.9,29.9,29.3,31.1,4.96,1.99,4.96,0.16,0.0,0.0,1027.0,8228.0,0.0,0.0,0.0,0.0,0.0,1.0,0.0,0.0,0.0,0.0,0.0,1.5,0.0,0.3,0.0,0.0001,16.0,25903.0
2026-07-30T18:59:40.815Z,150.298,150.312,0.0,7.4,0.0,0.0,0.0,0.0,0.0,0.0,0.0,0.0,1.0,0.0,0.0,0.0,9.0,4.0,0.0,0.0,0.0,0.0,0.0,0.0,0.0,0.0,5.0,12.0,1.0,12.14,5.01,2.51,1.49,0.0,0.0,0.0,0.5,0.0,-0.2,1.3,0.5,-169.60000000000002,0.0,0.0,169.60000000000002,0.0,21.4,30.3,30.3,30.9,300.0,300.0,30.9,34.9,29.9,29.3,31.1,4.95,1.99,4.97,0.16,0.0,0.0,1027.0,8228.0,0.0,0.0,0.0,0.0,0.0,1.0,0.0,0.0,0.0,0.0,0.0,1.9,0.0,-0.1,0.0,0.0002,16.0,25903.0
2026-07-30T18:59:40.828Z,150.311,150.324,0.0,7.4,0.0,0.0,0.0,0.0,0.0,0.0,0.0,0.0,1.0,0.0,0.0,0.0,9.0,4.0,0.0,0.0,0.0,0.0,0.0,0.0,0.0,0.0,6.0,12.0,1.0,12.14,5.01,2.51,1.49,0.0,0.0,0.0,0.4,0.0,0.3,-0.3,-0.6000000000000001,-169.60000000000002,0.0,0.0,169.70000000000002,0.0,21.4,30.3,30.3,30.9,300.0,300.0,30.9,34.9,29.9,29.3,31.1,4.96,1.99,4.97,0.16,0.0,0.0,1027.0,8228.0,0.0,0.0,0.0,0.0,0.0,1.0,0.0,0.0,0.0,0.0,0.0,-0.9,0.0,0.4,0.0,0.0,16.0,25903.0
2026-07-30T18:59:40.839Z,150.322,150.336,0.0,7.4,0.0,0.0,0.0,0.0,0.0,0.0,0.0,0.0,1.0,0.0,0.0,0.0,9.0,4.0,0.0,0.0,0.0,0.0,0.0,0.0,0.0,0.0,1.0,12.0,1.0,12.14,5.01,2.51,1.49,0.0,0.0,0.0,0.5,0.0,1.4,0.1,0.0,-169.70000000000002,0.0,0.0,169.70000000000002,0.0,21.4,30.3,30.3,30.9,300.0,300.0,30.9,34.9,29.9,29.3,31.1,4.96,1.99,4.97,0.16,0.0,0.0,1027.0,8228.0,0.0,0.0,0.0,0.0,0.0,1.0,0.0,0.0,0.0,0.0,0.0,0.1,0.0,0.0,0.0,0.0,16.0,25903.0
2026-07-30T18:59:40.852Z,150.335,150.348,0.0,7.4,0.0,0.0,0.0,0.0,0.0,0.0,0.0,0.0,1.0,0.0,0.0,0.0,9.0,4.0,0.0,0.0,0.0,0.0,0.0,0.0,0.0,0.0,2.0,12.0,1.0,12.15,5.01,2.5,1.5,0.0,0.0,0.0,0.4,0.0,0.3,1.9,1.7000000000000002,-169.60000000000002,0.0,0.0,169.60000000000002,0.0,21.200000000000003,30.3,30.3,30.9,300.0,300.0,30.9,34.9,30.0,29.3,31.1,4.95,1.99,4.97,0.16,0.0,0.0,1027.0,8228.0,0.0,0.0,0.0,0.0,0.0,1.0,0.0,0.0,0.0,0.0,0.0,3.4000000000000004,0.0,-1.1,0.0,0.0,16.0,25903.0
2026-07-30T18:59:40.863Z,150.346,150.36,0.0,7.4,0.0,0.0,0.0,0.0,0.0,0.0,0.0,0.0,1.0,0.0,0.0,0.0,9.0,4.0,0.0,0.0,0.0,0.0,0.0,0.0,0.0,0.0,4.0,12.0,1.0,12.15,5.01,2.5,1.5,0.0,0.0,0.0,0.4,0.0,-0.2,-0.4,0.0,-169.60000000000002,0.0,0.0,169.70000000000002,0.0,21.200000000000003,30.3,30.3,30.9,300.0,300.0,30.9,34.9,30.0,29.3,31.1,4.96,1.99,4.96,0.16,0.0,0.0,1027.0,8228.0,0.0,0.0,0.0,0.0,0.0,1.0,0.0,0.0,0.0,0.0,0.0,-0.4,0.0,-0.1,0.0,0.0001,16.0,25903.0
2026-07-30T18:59:40.876Z,150.359,150.372,0.0,7.4,0.0,0.0,0.0,0.0,0.0,0.0,0.0,0.0,1.0,0.0,0.0,0.0,9.0,4.0,0.0,0.0,0.0,0.0,0.0,0.0,0.0,0.0,5.0,12.0,1.0,12.15,5.01,2.5,1.5,0.0,0.0,0.0,0.4,0.0,1.4,0.1,1.7000000000000002,-169.60000000000002,0.0,0.0,169.60000000000002,0.0,21.200000000000003,30.3,30.3,30.9,300.0,300.0,30.9,34.9,30.0,29.3,31.1,4.95,2.0,4.96,0.16,0.0,0.0,1027.0,8228.0,0.0,0.0,0.0,0.0,0.0,1.0,0.0,0.0,0.0,0.0,0.0,1.4,0.0,-1.4,0.0,0.0002,16.0,25903.0
2026-07-30T18:59:40.888Z,150.371,150.384,0.0,7.4,0.0,0.0,0.0,0.0,0.0,0.0,0.0,0.0,1.0,0.0,0.0,0.0,9.0,4.0,0.0,0.0,0.0,0.0,0.0,0.0,0.0,0.0,6.0,12.0,1.0,12.15,5.01,2.5,1.5,0.0,0.1,0.0,0.4,0.0,-0.2,0.7000000000000001,-1.2000000000000002,-169.60000000000002,0.0,0.0,169.60000000000002,0.0,21.200000000000003,30.3,30.3,30.9,300.0,300.0,30.9,34.9,30.0,29.3,31.1,4.95,1.99,4.97,0.16,0.0,0.0,1027.0,8228.0,0.0,0.0,0.0,0.0,0.0,1.0,0.0,0.0,0.0,0.0,0.0,0.8,0.0,0.1,0.0,0.0001,16.0,25903.0
2026-07-30T18:59:40.899Z,150.382,150.39600000000002,0.0,7.4,0.0,0.0,0.0,0.0,0.0,0.0,0.0,0.0,1.0,0.0,0.0,0.0,9.0,4.0,0.0,0.0,0.0,0.0,0.0,0.0,0.0,0.0,1.0,12.0,1.0,12.15,5.01,2.5,1.5,0.0,0.0,0.0,0.4,0.0,0.3,0.1,0.0,-169.60000000000002,0.0,0.0,169.70000000000002,0.0,21.200000000000003,30.3,30.3,30.9,300.0,300.0,30.9,34.9,30.0,29.3,31.1,4.95,1.99,4.97,0.16,0.0,0.0,1027.0,8228.0,0.0,0.0,0.0,0.0,0.0,1.0,0.0,0.0,0.0,0.0,0.0,0.2,0.0,0.0,0.0,0.0,16.0,25903.0
2026-07-30T18:59:40.912Z,150.395,150.40800000000002,0.0,7.4,0.0,0.0,0.0,0.0,0.0,0.0,0.0,0.0,1.0,0.0,0.0,0.0,9.0,4.0,0.0,0.0,0.0,0.0,0.0,0.0,0.0,0.0,2.0,12.0,1.0,12.15,5.01,2.5,1.5,0.0,0.0,0.0,0.4,0.0,-0.3,-0.4,0.5,-169.60000000000002,0.0,0.0,169.8,0.0,21.200000000000003,30.3,30.3,30.9,300.0,300.0,30.9,34.9,30.0,29.3,31.1,4.96,1.99,4.96,0.16,0.0,0.0,1027.0,8228.0,0.0,0.0,0.0,0.0,0.0,1.0,0.0,0.0,0.0,0.0,0.0,0.0,0.0,-0.5,0.0,0.0,16.0,25903.0
2026-07-30T18:59:40.923Z,150.406,150.42000000000002,0.0,7.4,0.0,0.0,0.0,0.0,0.0,0.0,0.0,0.0,1.0,0.0,0.0,0.0,9.0,4.0,0.0,0.0,0.0,0.0,0.0,0.0,0.0,0.0,3.0,12.0,1.0,12.15,5.01,2.5,1.5,0.0,0.0,0.0,0.4,0.0,-0.3,-0.3,-0.6000000000000001,-169.60000000000002,0.0,0.0,169.70000000000002,0.0,21.200000000000003,30.3,30.3,30.9,300.0,300.0,30.9,34.9,30.0,29.3,31.1,4.95,1.99,4.96,0.16,0.0,0.0,1027.0,8228.0,0.0,0.0,0.0,0.0,0.0,1.0,0.0,0.0,0.0,0.0,0.0,-0.8,0.0,0.4,0.0,0.0002,16.0,25903.0
2026-07-30T18:59:40.935Z,150.418,150.43200000000002,0.0,7.4,0.0,0.0,0.0,0.0,0.0,0.0,0.0,0.0,1.0,0.0,0.0,0.0,9.0,4.0,0.0,0.0,0.0,0.0,0.0,0.0,0.0,0.0,4.0,12.0,1.0,12.15,5.01,2.5,1.5,0.0,0.1,0.0,0.4,0.0,-0.8,0.2,-0.6000000000000001,-169.60000000000002,0.0,0.0,169.70000000000002,0.0,21.200000000000003,30.3,30.3,30.9,300.0,300.0,30.9,34.9,30.0,29.3,31.1,4.95,1.99,4.96,0.16,0.0,0.0,1027.0,8228.0,0.0,0.0,0.0,0.0,0.0,1.0,0.0,0.0,0.0,0.0,0.0,2.8000000000000003,0.0,-1.2000000000000002,0.0,0.0001,16.0,25903.0
2026-07-30T18:59:40.947Z,150.43,150.44400000000002,0.0,7.4,0.0,0.0,0.0,0.0,0.0,0.0,0.0,0.0,1.0,0.0,0.0,0.0,9.0,4.0,0.0,0.0,0.0,0.0,0.0,0.0,0.0,0.0,5.0,12.0,1.0,12.15,5.01,2.5,1.5,0.0,0.0,0.0,0.4,0.0,-0.3,-0.3,-1.2000000000000002,-169.60000000000002,0.0,0.0,169.70000000000002,0.0,21.200000000000003,30.3,30.3,30.9,300.0,300.0,30.9,34.9,30.0,29.3,31.1,4.96,1.99,4.96,0.16,0.0,0.0,1027.0,8228.0,0.0,0.0,0.0,0.0,0.0,1.0,0.0,0.0,0.0,0.0,0.0,1.3,0.0,-0.3,0.0,0.0,16.0,25903.0
2026-07-30T18:59:40.959Z,150.442,150.45600000000002,0.0,7.4,0.0,0.0,0.0,0.0,0.0,0.0,0.0,0.0,1.0,0.0,0.0,0.0,9.0,4.0,0.0,0.0,0.0,0.0,0.0,0.0,0.0,0.0,6.0,12.0,1.0,12.17,5.0200000000000005,2.5,1.49,0.0,0.0,0.0,0.4,0.0,-0.2,1.3,0.5,-169.70000000000002,0.0,0.0,169.8,0.0,21.700000000000003,30.3,30.3,30.9,300.0,300.0,31.0,34.9,30.0,29.3,31.1,4.95,1.99,4.96,0.16,0.0,0.0,1027.0,8228.0,0.0,0.0,0.0,0.0,0.0,1.0,0.0,0.0,0.0,0.0,0.0,0.4,0.0,0.7000000000000001,0.0,0.0001,16.0,25903.0
2026-07-30T18:59:40.971Z,150.454,150.468,0.0,7.4,0.0,0.0,0.0,0.0,0.0,0.0,0.0,0.0,1.0,0.0,0.0,0.0,9.0,4.0,0.0,0.0,0.0,0.0,0.0,0.0,0.0,0.0,1.0,12.0,1.0,12.17,5.0200000000000005,2.5,1.49,0.0,0.0,0.0,0.4,0.0,-0.2,-0.9,0.0,-169.60000000000002,0.0,0.0,169.60000000000002,0.0,21.700000000000003,30.3,30.3,30.9,300.0,300.0,31.0,34.9,30.0,29.3,31.1,4.95,1.99,4.97,0.16,0.0,0.0,1027.0,8228.0,0.0,0.0,0.0,0.0,0.0,1.0,0.0,0.0,0.0,0.0,0.0,-1.1,0.0,-0.1,0.0,0.0003,16.0,25903.0
2026-07-30T18:59:40.984Z,150.467,150.48,0.0,7.4,0.0,0.0,0.0,0.0,0.0,0.0,0.0,0.0,1.0,0.0,0.0,0.0,9.0,4.0,0.0,0.0,0.0,0.0,0.0,0.0,0.0,0.0,2.0,12.0,1.0,12.17,5.0200000000000005,2.5,1.49,0.0,0.0,0.0,0.4,0.0,-0.2,1.9,2.2,-169.60000000000002,0.0,0.0,169.70000000000002,0.0,21.700000000000003,30.3,30.3,30.9,300.0,300.0,31.0,34.9,30.0,29.3,31.1,4.95,1.99,4.96,0.16,0.0,0.0,1027.0,8228.0,0.0,0.0,0.0,0.0,0.0,1.0,0.0,0.0,0.0,0.0,0.0,3.9,0.0,-1.6,0.0,0.0002,16.0,25903.0
2026-07-30T18:59:40.996Z,150.479,150.492,0.0,7.4,0.0,0.0,0.0,0.0,0.0,0.0,0.0,0.0,1.0,0.0,0.0,0.0,9.0,4.0,0.0,0.0,0.0,0.0,0.0,0.0,0.0,0.0,3.0,12.0,1.0,12.17,5.0200000000000005,2.5,1.49,0.0,0.0,0.0,0.4,0.0,-0.2,0.1,1.0,-169.60000000000002,0.0,0.0,169.60000000000002,0.0,21.700000000000003,30.3,30.3,30.9,300.0,300.0,31.0,34.9,30.0,29.3,31.1,4.96,1.99,4.96,0.16,0.0,0.0,1027.0,8228.0,0.0,0.0,0.0,0.0,0.0,1.0,0.0,0.0,0.0,0.0,0.0,0.9,0.0,-0.9,0.0,0.0,16.0,25903.0
2026-07-30T18:59:41.008Z,150.491,150.504,0.0,7.4,0.0,0.0,0.0,0.0,0.0,0.0,0.0,0.0,1.0,0.0,0.0,0.0,9.0,4.0,0.0,0.0,0.0,0.0,0.0,0.0,0.0,0.0,3.0,12.0,1.0,12.17,5.0200000000000005,2.5,1.49,0.0,0.0,0.0,0.4,0.0,-0.2,0.6000000000000001,0.5,-169.60000000000002,0.0,0.0,169.70000000000002,0.0,21.700000000000003,30.3,30.3,30.9,300.0,300.0,31.0,34.9,30.0,29.3,31.1,4.95,1.99,4.97,0.16,0.0,0.0,1027.0,8228.0,0.0,0.0,0.0,0.0,0.0,1.0,0.0,0.0,0.0,0.0,0.0,1.1,0.0,-0.3,0.0,0.0001,16.0,25903.0
2026-07-30T18:59:41.020Z,150.503,150.516,0.0,7.4,0.0,0.0,0.0,0.0,0.0,0.0,0.0,0.0,1.0,0.0,0.0,0.0,9.0,4.0,0.0,0.0,0.0,0.0,0.0,0.0,0.0,0.0,4.0,12.0,1.0,12.17,5.0200000000000005,2.5,1.49,0.0,0.0,0.0,0.4,0.0,-0.2,-0.4,0.0,-169.60000000000002,0.0,0.0,169.70000000000002,0.0,21.700000000000003,30.3,30.3,30.9,300.0,300.0,31.0,34.9,30.0,29.3,31.1,4.96,1.99,4.96,0.16,0.0,0.0,1027.0,8228.0,0.0,0.0,0.0,0.0,0.0,1.0,0.0,0.0,0.0,0.0,0.0,-0.5,0.0,0.0,0.0,0.0,16.0,25903.0
2026-07-30T18:59:41.032Z,150.515,150.528,0.0,7.4,0.0,0.0,0.0,0.0,0.0,0.0,0.0,0.0,1.0,0.0,0.0,0.0,9.0,4.0,0.0,0.0,0.0,0.0,0.0,0.0,0.0,0.0,5.0,12.0,1.0,12.17,5.0200000000000005,2.5,1.49,0.0,0.0,0.0,0.4,0.0,-0.2,0.7000000000000001,0.5,-169.70000000000002,0.0,0.0,169.8,0.0,21.700000000000003,30.3,30.3,30.9,300.0,300.0,31.0,34.9,30.0,29.3,31.1,4.96,1.99,4.96,0.16,0.0,0.0,1027.0,8228.0,0.0,0.0,0.0,0.0,0.0,1.0,0.0,0.0,0.0,0.0,0.0,1.2000000000000002,0.0,-0.3,0.0,0.0001,16.0,25903.0
2026-07-30T18:59:41.043Z,150.526,150.54,0.0,7.4,0.0,0.0,0.0,0.0,0.0,0.0,0.0,0.0,1.0,0.0,0.0,0.0,9.0,4.0,0.0,0.0,0.0,0.0,0.0,0.0,0.0,0.0,5.0,12.0,1.0,12.17,5.0200000000000005,2.5,1.49,0.0,0.0,0.0,0.5,0.0,0.3,1.2000000000000002,0.0,-169.70000000000002,0.0,0.0,169.70000000000002,0.0,21.700000000000003,30.3,30.3,30.9,300.0,300.0,31.0,34.9,30.0,29.3,31.1,4.95,1.99,4.96,0.16,0.0,0.0,1027.0,8228.0,0.0,0.0,0.0,0.0,0.0,1.0,0.0,0.0,0.0,0.0,0.0,1.3,0.0,0.3,0.0,0.0002,16.0,25903.0
2026-07-30T18:59:41.055Z,150.538,150.552,0.0,7.4,0.0,0.0,0.0,0.0,0.0,0.0,0.0,0.0,1.0,0.0,0.0,0.0,9.0,4.0,0.0,0.0,0.0,0.0,0.0,0.0,0.0,0.0,6.0,12.0,1.0,12.15,5.0200000000000005,2.51,1.5,0.0,0.1,0.0,0.4,0.0,0.3,-0.4,1.1,-169.70000000000002,0.0,0.0,169.70000000000002,0.0,21.3,30.3,30.3,30.9,300.0,300.0,31.0,35.0,30.0,29.3,31.0,4.96,1.99,4.97,0.16,0.0,0.0,1027.0,8228.0,0.0,0.0,0.0,0.0,0.0,1.0,0.0,0.0,0.0,0.0,0.0,0.3,0.0,-1.0,0.0,0.0002,16.0,25903.0
2026-07-30T18:59:41.067Z,150.55,150.564,0.0,7.4,0.0,0.0,0.0,0.0,0.0,0.0,0.0,0.0,1.0,0.0,0.0,0.0,9.0,4.0,0.0,0.0,0.0,0.0,0.0,0.0,0.0,0.0,1.0,12.0,1.0,12.15,5.0200000000000005,2.51,1.5,0.0,0.0,0.0,0.4,0.0,0.3,0.1,1.1,-169.70000000000002,0.0,0.0,169.8,0.0,21.3,30.3,30.3,30.9,300.0,300.0,31.0,35.0,30.0,29.3,31.0,4.96,1.99,4.96,0.16,0.0,0.0,1027.0,8228.0,0.0,0.0,0.0,0.0,0.0,1.0,0.0,0.0,0.0,0.0,0.0,0.9,0.0,-0.9,0.0,0.0001,16.0,25903.0
2026-07-30T18:59:41.079Z,150.562,150.576,0.0,7.4,0.0,0.0,0.0,0.0,0.0,0.0,0.0,0.0,1.0,0.0,0.0,0.0,9.0,4.0,0.0,0.0,0.0,0.0,0.0,0.0,0.0,0.0,2.0,12.0,1.0,12.15,5.0200000000000005,2.51,1.5,-0.1,0.1,0.0,0.4,0.0,-0.2,1.3,-1.2000000000000002,-169.70000000000002,0.0,0.0,169.8,0.0,21.3,30.3,30.3,30.9,300.0,300.0,31.0,35.0,30.0,29.3,31.0,4.96,1.99,4.97,0.16,0.0,0.0,1027.0,8228.0,0.0,0.0,0.0,0.0,0.0,1.0,0.0,0.0,0.0,0.0,0.0,0.5,0.0,1.3,0.0,0.0001,16.0,25903.0
2026-07-30T18:59:41.092Z,150.575,150.588,0.0,7.4,0.0,0.0,0.0,0.0,0.0,0.0,0.0,0.0,1.0,0.0,0.0,0.0,9.0,4.0,0.0,0.0,0.0,0.0,0.0,0.0,0.0,0.0,3.0,12.0,1.0,12.15,5.0200000000000005,2.51,1.5,0.0,0.0,0.0,0.4,0.0,-0.2,0.0,-0.1,-169.70000000000002,0.0,0.0,169.8,0.0,21.3,30.3,30.3,30.9,300.0,300.0,31.0,35.0,30.0,29.3,31.0,4.95,1.99,4.97,0.16,0.0,0.0,1027.0,8228.0,0.0,0.0,0.0,0.0,0.0,1.0,0.0,0.0,0.0,0.0,0.0,0.0,0.0,0.1,0.0,0.0,16.0,25903.0
2026-07-30T18:59:41.105Z,150.588,150.6,0.0,7.4,0.0,0.0,0.0,0.0,0.0,0.0,0.0,0.0,1.0,0.0,0.0,0.0,9.0,4.0,0.0,0.0,0.0,0.0,0.0,0.0,0.0,0.0,3.0,12.0,1.0,12.15,5.0200000000000005,2.51,1.5,0.0,0.0,0.0,0.4,0.0,0.3,1.2000000000000002,1.5,-169.70000000000002,0.0,0.0,169.70000000000002,0.0,21.3,30.3,30.3,30.9,300.0,300.0,31.0,35.0,30.0,29.3,31.0,4.96,1.99,4.97,0.16,0.0,0.0,1027.0,8228.0,0.0,0.0,0.0,0.0,0.0,1.0,0.0,0.0,0.0,0.0,0.0,2.6,0.0,-1.1,0.0,0.0,16.0,25903.0
2026-07-30T18:59:41.116Z,150.599,150.612,0.0,7.4,0.0,0.0,0.0,0.0,0.0,0.0,0.0,0.0,1.0,0.0,0.0,0.0,9.0,4.0,0.0,0.0,0.0,0.0,0.0,0.0,0.0,0.0,2.0,12.0,1.0,12.15,5.0200000000000005,2.51,1.5,0.0,0.0,0.0,0.4,0.0,-0.2,0.1,-0.1,-169.70000000000002,0.0,0.0,169.70000000000002,0.0,21.3,30.3,30.3,30.9,300.0,300.0,31.0,35.0,30.0,29.3,31.0,4.95,2.0,4.96,0.16,0.0,0.0,1027.0,8228.0,0.0,0.0,0.0,0.0,0.0,1.0,0.0,0.0,0.0,0.0,0.0,0.0,0.0,0.1,0.0,0.0001,16.0,25903.0
2026-07-30T18:59:41.128Z,150.611,150.624,0.0,7.4,0.0,0.0,0.0,0.0,0.0,0.0,0.0,0.0,1.0,0.0,0.0,0.0,9.0,4.0,0.0,0.0,0.0,0.0,0.0,0.0,0.0,0.0,3.0,12.0,1.0,12.15,5.0200000000000005,2.51,1.5,0.0,0.0,0.0,0.4,0.0,0.9,0.1,0.4,-169.70000000000002,0.0,0.0,169.60000000000002,0.0,21.3,30.3,30.3,30.9,300.0,300.0,31.0,35.0,30.0,29.3,31.0,4.95,1.99,4.97,0.16,0.0,0.0,1027.0,8228.0,0.0,0.0,0.0,0.0,0.0,1.0,0.0,0.0,0.0,0.0,0.0,0.4,0.0,-0.3,0.0,0.0,16.0,25903.0
2026-07-30T18:59:41.140Z,150.623,150.636,0.0,7.4,0.0,0.0,0.0,0.0,0.0,0.0,0.0,0.0,1.0,0.0,0.0,0.0,9.0,4.0,0.0,0.0,0.0,0.0,0.0,0.0,0.0,0.0,4.0,12.0,1.0,12.15,5.0200000000000005,2.51,1.5,0.0,0.0,0.0,0.5,0.0,-0.2,0.1,-0.1,-169.70000000000002,0.0,0.0,169.60000000000002,0.0,21.3,30.3,30.3,30.9,300.0,300.0,31.0,35.0,30.0,29.3,31.0,4.95,1.99,4.97,0.16,0.0,0.0,1027.0,8228.0,0.0,0.0,0.0,0.0,0.0,1.0,0.0,0.0,0.0,0.0,0.0,0.0,0.0,0.1,0.0,0.0002,16.0,25903.0
2026-07-30T18:59:41.152Z,150.635,150.648,0.0,7.4,0.0,0.0,0.0,0.0,0.0,0.0,0.0,0.0,1.0,0.0,0.0,0.0,9.0,4.0,0.0,0.0,0.0,0.0,0.0,0.0,0.0,0.0,5.0,12.0,1.0,12.15,5.0200000000000005,2.51,1.5,0.0,0.0,0.0,0.4,0.0,2.1,0.0,0.3,-169.70000000000002,0.0,0.0,169.70000000000002,0.0,21.3,30.3,30.3,30.9,300.0,300.0,31.0,35.0,30.0,29.3,31.0,4.96,1.99,4.96,0.16,0.0,0.0,1027.0,8228.0,0.0,0.0,0.0,0.0,0.0,1.0,0.0,0.0,0.0,0.0,0.0,0.4,0.0,-0.3,0.0,0.0001,16.0,25903.0
2026-07-30T18:59:41.163Z,150.646,150.66,0.0,7.4,0.0,0.0,0.0,0.0,0.0,0.0,0.0,0.0,1.0,0.0,0.0,0.0,9.0,4.0,0.0,0.0,0.0,0.0,0.0,0.0,0.0,0.0,1.0,12.0,1.0,12.15,5.01,2.5,1.49,0.0,0.0,0.0,0.4,0.0,-0.2,0.1,-0.1,-169.70000000000002,0.0,0.0,169.70000000000002,0.0,21.4,30.3,30.3,30.9,300.0,300.0,31.0,35.0,29.9,29.4,31.1,4.95,1.99,4.97,0.16,0.0,0.0,1027.0,8228.0,0.0,0.0,0.0,0.0,0.0,1.0,0.0,0.0,0.0,0.0,0.0,0.0,0.0,0.1,0.0,0.0,16.0,25903.0
2026-07-30T18:59:41.176Z,150.659,150.672,0.0,7.4,0.0,0.0,0.0,0.0,0.0,0.0,0.0,0.0,1.0,0.0,0.0,0.0,9.0,4.0,0.0,0.0,0.0,0.0,0.0,0.0,0.0,0.0,2.0,12.0,1.0,12.15,5.01,2.5,1.49,0.0,0.0,0.0,0.4,0.0,0.3,-0.4,-0.2,-169.70000000000002,0.0,0.0,169.60000000000002,0.0,21.4,30.3,30.3,30.9,300.0,300.0,31.0,35.0,29.9,29.4,31.1,4.95,1.99,4.97,0.16,0.0,0.0,1027.0,8228.0,0.0,0.0,0.0,0.0,0.0,1.0,0.0,0.0,0.0,0.0,0.0,-0.6000000000000001,0.0,0.0,0.0,0.0002,16.0,25903.0
2026-07-30T18:59:41.188Z,150.671,150.684,0.0,7.4,0.0,0.0,0.0,0.0,0.0,0.0,0.0,0.0,1.0,0.0,0.0,0.0,9.0,4.0,0.0,0.0,0.0,0.0,0.0,0.0,0.0,0.0,3.0,12.0,1.0,12.15,5.01,2.5,1.49,0.0,0.0,0.0,0.4,0.0,-0.2,0.1,0.3,-169.70000000000002,0.0,0.0,169.60000000000002,0.0,21.4,30.3,30.3,30.9,300.0,300.0,31.0,35.0,29.9,29.4,31.1,4.96,1.99,4.97,0.16,0.0,0.0,1027.0,8228.0,0.0,0.0,0.0,0.0,0.0,1.0,0.0,0.0,0.0,0.0,0.0,0.4,0.0,-0.2,0.0,0.0001,16.0,25903.0
2026-07-30T18:59:41.199Z,150.682,150.696,0.0,7.4,0.0,0.0,0.0,0.0,0.0,0.0,0.0,0.0,1.0,0.0,0.0,0.0,9.0,4.0,0.0,0.0,0.0,0.0,0.0,0.0,0.0,0.0,5.0,12.0,1.0,12.15,5.01,2.5,1.49,0.0,0.0,0.0,0.4,0.0,0.3,-0.4,-0.2,-169.70000000000002,0.0,0.0,169.70000000000002,0.0,21.4,30.3,30.3,30.9,300.0,300.0,31.0,35.0,29.9,29.4,31.1,4.96,1.99,4.97,0.16,0.0,0.0,1027.0,8228.0,0.0,0.0,0.0,0.0,0.0,1.0,0.0,0.0,0.0,0.0,0.0,-0.6000000000000001,0.0,0.1,0.0,0.0001,16.0,25903.0
2026-07-30T18:59:41.212Z,150.695,150.708,0.0,7.4,0.0,0.0,0.0,0.0,0.0,0.0,0.0,0.0,1.0,0.0,0.0,0.0,9.0,4.0,0.0,0.0,0.0,0.0,0.0,0.0,0.0,0.0,6.0,12.0,1.0,12.15,5.01,2.5,1.49,0.0,0.1,0.0,0.4,0.0,-0.2,-1.0,-0.8,-169.70000000000002,0.0,0.0,169.60000000000002,0.0,21.4,30.3,30.3,30.9,300.0,300.0,31.0,35.0,29.9,29.4,31.1,4.95,1.99,4.97,0.16,0.0,0.0,1027.0,8228.0,0.0,0.0,0.0,0.0,0.0,1.0,0.0,0.0,0.0,0.0,0.0,-1.8,0.0,0.5,0.0,0.0001,16.0,25903.0
2026-07-30T18:59:41.224Z,150.707,150.72,0.0,7.4,0.0,0.0,0.0,0.0,0.0,0.0,0.0,0.0,1.0,0.0,0.0,0.0,9.0,4.0,0.0,0.0,0.0,0.0,0.0,0.0,0.0,0.0,1.0,12.0,1.0,12.15,5.01,2.5,1.49,0.0,0.0,0.0,0.4,0.0,-0.1,1.3,-0.2,-169.70000000000002,0.0,0.0,169.70000000000002,0.0,21.4,30.3,30.3,30.9,300.0,300.0,31.0,35.0,29.9,29.4,31.1,4.95,2.0,4.96,0.16,0.0,0.0,1027.0,8228.0,0.0,0.0,0.0,0.0,0.0,1.0,0.0,0.0,0.0,0.0,0.0,1.2000000000000002,0.0,0.4,0.0,0.0,16.0,25903.0
2026-07-30T18:59:41.236Z,150.719,150.732,0.0,7.4,0.0,0.0,0.0,0.0,0.0,0.0,0.0,0.0,1.0,0.0,0.0,0.0,9.0,4.0,0.0,0.0,0.0,0.0,0.0,0.0,0.0,0.0,2.0,12.0,1.0,12.15,5.01,2.5,1.49,0.0,0.0,0.0,0.4,0.0,0.4,1.2000000000000002,0.3,-169.70000000000002,0.0,0.0,169.70000000000002,0.0,21.4,30.3,30.3,30.9,300.0,300.0,31.0,35.0,29.9,29.4,31.1,4.96,2.0,4.96,0.16,0.0,0.0,1027.0,8228.0,0.0,0.0,0.0,0.0,0.0,1.0,0.0,0.0,0.0,0.0,0.0,1.7000000000000002,0.0,0.0,0.0,0.0001,16.0,25903.0
2026-07-30T18:59:41.248Z,150.731,150.744,0.0,7.4,0.0,0.0,0.0,0.0,0.0,0.0,0.0,0.0,1.0,0.0,0.0,0.0,9.0,4.0,0.0,0.0,0.0,0.0,0.0,0.0,0.0,0.0,3.0,12.0,1.0,12.15,5.01,2.5,1.49,0.0,0.0,0.0,0.4,0.0,-0.7000000000000001,-1.0,-0.8,-169.70000000000002,0.0,0.0,169.70000000000002,0.0,21.4,30.3,30.3,30.9,300.0,300.0,31.0,35.0,29.9,29.4,31.1,4.95,2.0,4.97,0.16,0.0,0.0,1027.0,8228.0,0.0,0.0,0.0,0.0,0.0,1.0,0.0,0.0,0.0,0.0,0.0,-1.8,0.0,0.4,0.0,0.0,16.0,25903.0
2026-07-30T18:59:41.260Z,150.743,150.756,0.0,7.4,0.0,0.0,0.0,0.0,0.0,0.0,0.0,0.0,1.0,0.0,0.0,0.0,9.0,4.0,0.0,0.0,0.0,0.0,0.0,0.0,0.0,0.0,4.0,12.0,1.0,12.18,5.01,2.5,1.49,0.0,0.0,0.0,0.4,0.0,-0.1,-0.4,-1.3,-169.70000000000002,0.0,0.0,169.70000000000002,0.0,21.3,30.3,30.3,30.9,300.0,300.0,31.1,35.0,29.9,29.3,31.1,4.96,1.99,4.97,0.16,0.0,0.0,1027.0,8228.0,0.0,0.0,0.0,0.0,0.0,1.0,0.0,0.0,0.0,0.0,0.0,-1.5,0.0,1.1,0.0,0.0,16.0,25903.0
2026-07-30T18:59:41.272Z,150.755,150.768,0.0,7.4,0.0,0.0,0.0,0.0,0.0,0.0,0.0,0.0,1.0,0.0,0.0,0.0,9.0,4.0,0.0,0.0,0.0,0.0,0.0,0.0,0.0,0.0,5.0,12.0,1.0,12.18,5.01,2.5,1.49,0.0,0.0,0.0,0.4,0.0,0.4,1.3,0.3,-169.70000000000002,0.0,0.0,169.60000000000002,0.0,21.3,30.3,30.3,30.9,300.0,300.0,31.1,35.0,29.9,29.3,31.1,4.96,2.0,4.97,0.17,0.0,0.0,1027.0,8228.0,0.0,0.0,0.0,0.0,0.0,1.0,0.0,0.0,0.0,0.0,0.0,1.7000000000000002,0.0,0.0,0.0,0.0,16.0,25903.0
2026-07-30T18:59:41.284Z,150.767,150.78,0.0,7.4,0.0,0.0,0.0,0.0,0.0,0.0,0.0,0.0,1.0,0.0,0.0,0.0,9.0,4.0,0.0,0.0,0.0,0.0,0.0,0.0,0.0,0.0,1.0,12.0,1.0,12.18,5.01,2.5,1.49,0.0,0.0,0.0,0.4,0.0,-0.1,0.7000000000000001,1.5,-169.60000000000002,0.0,0.0,169.60000000000002,0.0,21.3,30.3,30.3,30.9,300.0,300.0,31.1,35.0,29.9,29.3,31.1,4.96,1.99,4.97,0.16,0.0,0.0,1027.0,8228.0,0.0,0.0,0.0,0.0,0.0,1.0,0.0,0.0,0.0,0.0,0.0,2.0,0.0,-1.2000000000000002,0.0,0.0002,16.0,25903.0
2026-07-30T18:59:41.296Z,150.779,150.792,0.0,7.4,0.0,0.0,0.0,0.0,0.0,0.0,0.0,0.0,1.0,0.0,0.0,0.0,9.0,4.0,0.0,0.0,0.0,0.0,0.0,0.0,0.0,0.0,2.0,12.0,1.0,12.18,5.01,2.5,1.49,0.0,0.0,0.0,0.4,0.0,-0.1,-0.4,-0.7000000000000001,-169.60000000000002,0.0,0.0,169.70000000000002,0.0,21.3,30.3,30.3,30.9,300.0,300.0,31.1,35.0,29.9,29.3,31.1,4.96,1.99,4.96,0.16,0.0,0.0,1027.0,8228.0,0.0,0.0,0.0,0.0,0.0,1.0,0.0,0.0,0.0,0.0,0.0,-1.0,0.0,0.5,0.0,0.0,16.0,25903.0
2026-07-30T18:59:41.308Z,150.791,150.804,0.0,7.4,0.0,0.0,0.0,0.0,0.0,0.0,0.0,0.0,1.0,0.0,0.0,0.0,9.0,4.0,0.0,0.0,0.0,0.0,0.0,0.0,0.0,0.0,3.0,12.0,1.0,12.18,5.01,2.5,1.49,0.0,0.0,0.0,0.4,0.0,0.3,0.1,0.4,-169.60000000000002,0.0,0.0,169.60000000000002,0.0,21.3,30.3,30.3,30.9,300.0,300.0,31.1,35.0,29.9,29.3,31.1,4.96,1.99,4.96,0.16,0.0,0.0,1027.0,8228.0,0.0,0.0,0.0,0.0,0.0,1.0,0.0,0.0,0.0,0.0,0.0,0.4,0.0,-0.3,0.0,0.0001,16.0,25903.0
2026-07-30T18:59:41.320Z,150.803,150.816,0.0,7.4,0.0,0.0,0.0,0.0,0.0,0.0,0.0,0.0,1.0,0.0,0.0,0.0,9.0,4.0,0.0,0.0,0.0,0.0,0.0,0.0,0.0,0.0,4.0,12.0,1.0,12.18,5.01,2.5,1.49,0.0,0.1,0.0,0.5,0.0,0.3,0.6000000000000001,0.4,-169.60000000000002,0.0,0.0,169.70000000000002,0.0,21.3,30.3,30.3,30.9,300.0,300.0,31.1,35.0,29.9,29.3,31.1,4.96,1.99,4.97,0.16,0.0,0.0,1027.0,8228.0,0.0,0.0,0.0,0.0,0.0,1.0,0.0,0.0,0.0,0.0,0.0,1.1,0.0,-0.2,0.0,0.0001,16.0,25903.0
2026-07-30T18:59:41.331Z,150.814,150.828,0.0,7.4,0.0,0.0,0.0,0.0,0.0,0.0,0.0,0.0,1.0,0.0,0.0,0.0,9.0,4.0,0.0,0.0,0.0,0.0,0.0,0.0,0.0,0.0,5.0,12.0,1.0,12.18,5.01,2.5,1.49,0.0,0.0,0.0,0.4,0.0,0.3,1.2000000000000002,-0.7000000000000001,-169.60000000000002,0.0,0.0,169.70000000000002,0.0,21.3,30.3,30.3,30.9,300.0,300.0,31.1,35.0,29.9,29.3,31.1,4.95,1.99,4.97,0.16,0.0,0.0,1027.0,8228.0,0.0,0.0,0.0,0.0,0.0,1.0,0.0,0.0,0.0,0.0,0.0,0.9,0.0,0.8,0.0,0.0,16.0,25903.0
2026-07-30T18:59:41.344Z,150.827,150.84,0.0,7.4,0.0,0.0,0.0,0.0,0.0,0.0,0.0,0.0,1.0,0.0,0.0,0.0,9.0,4.0,0.0,0.0,0.0,0.0,0.0,0.0,0.0,0.0,6.0,12.0,1.0,12.18,5.01,2.5,1.49,0.0,0.0,0.0,0.4,0.0,0.3,0.1,0.4,-169.60000000000002,0.0,0.0,169.70000000000002,0.0,21.3,30.3,30.3,30.9,300.0,300.0,31.1,35.0,29.9,29.3,31.1,4.95,1.99,4.97,0.16,0.0,0.0,1027.0,8228.0,0.0,0.0,0.0,0.0,0.0,1.0,0.0,0.0,0.0,0.0,0.0,0.4,0.0,-0.3,0.0,0.0,16.0,25903.0
2026-07-30T18:59:41.356Z,150.839,150.852,0.0,7.4,0.0,0.0,0.0,0.0,0.0,0.0,0.0,0.0,1.0,0.0,0.0,0.0,9.0,4.0,0.0,0.0,0.0,0.0,0.0,0.0,0.0,0.0,2.0,12.0,1.0,12.18,5.01,2.5,1.49,0.0,0.0,0.0,0.4,0.0,0.3,0.7000000000000001,-0.7000000000000001,-169.70000000000002,0.0,0.0,169.8,0.0,21.3,30.3,30.3,30.9,300.0,300.0,31.1,35.0,29.9,29.3,31.1,4.96,2.0,4.96,0.16,0.0,0.0,1027.0,8228.0,0.0,0.0,0.0,0.0,0.0,1.0,0.0,0.0,0.0,0.0,0.0,0.2,0.0,0.8,0.0,0.0001,16.0,25903.0
2026-07-30T18:59:41.368Z,150.851,150.864,0.0,7.4,0.0,0.0,0.0,0.0,0.0,0.0,0.0,0.0,1.0,0.0,0.0,0.0,9.0,4.0,0.0,0.0,0.0,0.0,0.0,0.0,0.0,0.0,3.0,12.0,1.0,12.15,5.01,2.51,1.49,0.0,0.0,0.0,0.4,0.0,0.3,0.1,-0.2,-169.70000000000002,0.0,0.0,169.8,0.0,21.8,30.3,30.3,30.9,300.0,300.0,31.200000000000003,35.0,29.9,29.4,31.1,4.96,1.99,4.96,0.16,0.0,0.0,1027.0,8228.0,0.0,0.0,0.0,0.0,0.0,1.0,0.0,0.0,0.0,0.0,0.0,0.0,0.0,0.2,0.0,0.0002,16.0,25903.0
2026-07-30T18:59:41.380Z,150.863,150.876,0.0,7.4,0.0,0.0,0.0,0.0,0.0,0.0,0.0,0.0,1.0,0.0,0.0,0.0,9.0,4.0,0.0,0.0,0.0,0.0,0.0,0.0,0.0,0.0,5.0,12.0,1.0,12.15,5.01,2.51,1.49,0.0,0.0,0.0,0.5,0.0,-0.2,0.0,-0.8,-169.70000000000002,0.0,0.0,169.8,0.0,21.8,30.3,30.3,30.9,300.0,300.0,31.200000000000003,35.0,29.9,29.4,31.1,4.95,1.99,4.96,0.16,0.0,0.0,1027.0,8228.0,0.0,0.0,0.0,0.0,0.0,1.0,0.0,0.0,0.0,0.0,0.0,-0.5,0.0,0.7000000000000001,0.0,0.0,16.0,25903.0
2026-07-30T18:59:41.392Z,150.875,150.888,0.0,7.4,0.0,0.0,0.0,0.0,0.0,0.0,0.0,0.0,1.0,0.0,0.0,0.0,9.0,4.0,0.0,0.0,0.0,0.0,0.0,0.0,0.0,0.0,6.0,12.0,1.0,12.15,5.01,2.51,1.49,0.0,0.0,0.0,0.4,0.0,1.5,0.6000000000000001,1.5,-169.70000000000002,0.0,0.0,169.8,0.0,21.8,30.3,30.3,30.9,300.0,300.0,31.200000000000003,35.0,29.9,29.4,31.1,4.96,1.99,4.96,0.16,0.0,0.0,1027.0,8228.0,0.0,0.0,0.0,0.0,0.0,1.0,0.0,0.0,0.0,0.0,0.0,-0.7000000000000001,0.0,0.0,0.0,0.0,16.0,25903.0
2026-07-30T18:59:41.404Z,150.887,150.9,0.0,7.4,0.0,0.0,0.0,0.0,0.0,0.0,0.0,0.0,1.0,0.0,0.0,0.0,9.0,4.0,0.0,0.0,0.0,0.0,0.0,0.0,0.0,0.0,2.0,12.0,1.0,12.15,5.01,2.51,1.49,0.0,0.0,0.0,0.4,0.0,-0.2,0.6000000000000001,-0.1,-169.70000000000002,0.0,0.0,169.8,0.0,21.8,30.3,30.3,30.9,300.0,300.0,31.200000000000003,35.0,29.9,29.4,31.1,4.95,1.99,4.97,0.16,0.0,0.0,1027.0,8228.0,0.0,0.0,0.0,0.0,0.0,1.0,0.0,0.0,0.0,0.0,0.0,0.5,0.0,0.3,0.0,0.0,16.0,25903.0
2026-07-30T18:59:41.416Z,150.899,150.912,0.0,7.4,0.0,0.0,0.0,0.0,0.0,0.0,0.0,0.0,1.0,0.0,0.0,0.0,9.0,4.0,0.0,0.0,0.0,0.0,0.0,0.0,0.0,0.0,3.0,12.0,1.0,12.15,5.01,2.51,1.49,0.0,0.1,0.0,0.4,0.0,-0.2,-0.5,-0.1,-169.70000000000002,0.0,0.0,169.8,0.0,21.8,30.3,30.3,30.9,300.0,300.0,31.200000000000003,35.0,29.9,29.4,31.1,4.95,1.99,4.97,0.16,0.0,0.0,1027.0,8228.0,0.0,0.0,0.0,0.0,0.0,1.0,0.0,0.0,0.0,0.0,0.0,-0.7000000000000001,0.0,0.0,0.0,0.0,16.0,25903.0
2026-07-30T18:59:41.433Z,150.916,150.924,0.0,7.4,0.0,0.0,0.0,0.0,0.0,0.0,0.0,0.0,1.0,0.0,0.0,0.0,9.0,4.0,0.0,0.0,0.0,0.0,0.0,0.0,0.0,0.0,2.0,12.0,1.0,12.15,5.01,2.51,1.49,0.0,0.0,0.0,0.4,0.0,0.3,1.1,0.4,-169.70000000000002,0.0,0.0,169.70000000000002,0.0,21.8,30.3,30.3,30.9,300.0,300.0,31.200000000000003,35.0,29.9,29.4,31.1,4.96,1.99,4.97,0.16,0.0,0.0,1027.0,8228.0,0.0,0.0,0.0,0.0,0.0,1.0,0.0,0.0,0.0,0.0,0.0,1.6,0.0,-0.1,0.0,0.0001,16.0,25903.0
2026-07-30T18:59:41.440Z,150.923,150.936,0.0,7.4,0.0,0.0,0.0,0.0,0.0,0.0,0.0,0.0,1.0,0.0,0.0,0.0,9.0,4.0,0.0,0.0,0.0,0.0,0.0,0.0,0.0,0.0,6.0,12.0,1.0,12.15,5.01,2.51,1.49,0.0,0.0,0.0,0.4,0.0,-0.8,-0.5,-0.1,-169.70000000000002,0.0,0.0,169.70000000000002,0.0,21.8,30.3,30.3,30.9,300.0,300.0,31.200000000000003,35.0,29.9,29.4,31.1,4.95,1.99,4.96,0.16,0.0,0.0,1027.0,8228.0,0.0,0.0,0.0,0.0,0.0,1.0,0.0,0.0,0.0,0.0,0.0,-0.3,0.0,-0.5,0.0,0.0002,16.0,25903.0
2026-07-30T18:59:41.452Z,150.935,150.948,0.0,7.4,0.0,0.0,0.0,0.0,0.0,0.0,0.0,0.0,1.0,0.0,0.0,0.0,9.0,4.0,0.0,0.0,0.0,0.0,0.0,0.0,0.0,0.0,1.0,12.0,1.0,12.15,5.01,2.51,1.49,0.0,0.0,0.0,0.4,0.0,-0.8,-0.5,-1.2000000000000002,-169.70000000000002,0.0,0.0,169.70000000000002,0.0,21.8,30.3,30.3,30.9,300.0,300.0,31.200000000000003,35.0,29.9,29.4,31.1,4.96,1.99,4.96,0.16,0.0,0.0,1027.0,8228.0,0.0,0.0,0.0,0.0,0.0,1.0,0.0,0.0,0.0,0.0,0.0,0.0,0.0,0.0,0.0,0.0001,16.0,25903.0
2026-07-30T18:59:41.465Z,150.948,150.96,0.0,7.4,0.0,0.0,0.0,0.0,0.0,0.0,0.0,0.0,1.0,0.0,0.0,0.0,9.0,4.0,0.0,0.0,0.0,0.0,0.0,0.0,0.0,0.0,2.0,12.0,1.0,12.17,5.0200000000000005,2.51,1.49,0.0,0.1,0.0,0.4,0.0,0.3,1.1,-0.1,-169.70000000000002,0.0,0.0,169.60000000000002,0.0,21.700000000000003,30.3,30.3,30.9,300.0,300.0,31.0,35.0,29.9,29.4,31.1,4.96,1.99,4.96,0.16,0.0,0.0,1027.0,8228.0,0.0,0.0,0.0,0.0,0.0,1.0,0.0,0.0,0.0,0.0,0.0,0.5,0.0,0.2,0.0,0.0001,16.0,25903.0
2026-07-30T18:59:41.476Z,150.959,150.972,0.0,7.4,0.0,0.0,0.0,0.0,0.0,0.0,0.0,0.0,1.0,0.0,0.0,0.0,9.0,4.0,0.0,0.0,0.0,0.0,0.0,0.0,0.0,0.0,3.0,12.0,1.0,12.17,5.0200000000000005,2.51,1.49,0.0,0.0,0.0,0.4,0.0,0.3,0.0,-0.7000000000000001,-169.70000000000002,0.0,0.0,169.70000000000002,0.0,21.700000000000003,30.3,30.3,30.9,300.0,300.0,31.0,35.0,29.9,29.4,31.1,4.96,1.99,4.96,0.16,0.0,0.0,1027.0,8228.0,0.0,0.0,0.0,0.0,0.0,1.0,0.0,0.0,0.0,0.0,0.0,1.2000000000000002,0.0,0.3,0.0,0.0001,16.0,25903.0
2026-07-30T18:59:41.488Z,150.971,150.984,0.0,7.4,0.0,0.0,0.0,0.0,0.0,0.0,0.0,0.0,1.0,0.0,0.0,0.0,9.0,4.0,0.0,0.0,0.0,0.0,0.0,0.0,0.0,0.0,4.0,12.0,1.0,12.17,5.0200000000000005,2.51,1.49,0.0,0.0,0.0,0.4,0.0,1.5,0.6000000000000001,1.0,-169.70000000000002,0.0,0.0,169.60000000000002,0.0,21.700000000000003,30.3,30.3,30.9,300.0,300.0,31.0,35.0,29.9,29.4,31.1,4.95,1.99,4.97,0.16,0.0,0.0,1027.0,8228.0,0.0,0.0,0.0,0.0,0.0,1.0,0.0,0.0,0.0,0.0,0.0,1.5,0.0,-0.7000000000000001,0.0,0.0001,16.0,25903.0
2026-07-30T18:59:41.500Z,150.983,150.996,0.0,7.4,0.0,0.0,0.0,0.0,0.0,0.0,0.0,0.0,1.0,0.0,0.0,0.0,9.0,4.0,0.0,0.0,0.0,0.0,0.0,0.0,0.0,0.0,5.0,12.0,1.0,12.17,5.0200000000000005,2.51,1.49,0.0,0.0,0.0,0.4,0.0,0.9,-0.5,2.1,-169.70000000000002,0.0,0.0,169.70000000000002,0.0,21.700000000000003,30.3,30.3,30.9,300.0,300.0,31.0,35.0,29.9,29.4,31.1,4.96,1.99,4.96,0.16,0.0,0.0,1027.0,8228.0,0.0,0.0,0.0,0.0,0.0,1.0,0.0,0.0,0.0,0.0,0.0,0.9,0.0,-2.0,0.0,0.0001,16.0,25903.0
2026-07-30T18:59:41.512Z,150.995,151.008,0.0,7.4,0.0,0.0,0.0,0.0,0.0,0.0,0.0,0.0,1.0,0.0,0.0,0.0,9.0,4.0,0.0,0.0,0.0,0.0,0.0,0.0,0.0,0.0,6.0,12.0,1.0,12.17,5.0200000000000005,2.51,1.49,0.0,0.0,0.0,0.4,0.0,-0.2,0.5,-0.7000000000000001,-169.70000000000002,0.0,0.0,169.8,0.0,21.700000000000003,30.3,30.3,30.9,300.0,300.0,31.0,35.0,29.9,29.4,31.1,4.96,2.0,4.96,0.16,0.0,0.0,1027.0,8228.0,0.0,0.0,0.0,0.0,0.0,1.0,0.0,0.0,0.0,0.0,0.0,0.1,0.0,0.7000000000000001,0.0,0.0001,16.0,25903.0
2026-07-30T18:59:41.524Z,151.007,151.02,0.0,7.4,0.0,0.0,0.0,0.0,0.0,0.0,0.0,0.0,1.0,0.0,0.0,0.0,9.0,4.0,0.0,0.0,0.0,0.0,0.0,0.0,0.0,0.0,6.0,12.0,1.0,12.17,5.0200000000000005,2.51,1.49,0.0,0.0,0.0,0.4,0.0,0.3,-0.5,-0.1,-169.70000000000002,0.0,0.0,169.8,0.0,21.700000000000003,30.3,30.3,30.9,300.0,300.0,31.0,35.0,29.9,29.4,31.1,4.95,1.99,4.96,0.16,0.0,0.0,1027.0,8228.0,0.0,0.0,0.0,0.0,0.0,1.0,0.0,0.0,0.0,0.0,0.0,-0.7000000000000001,0.0,0.0,0.0,0.0002,16.0,25903.0
2026-07-30T18:59:41.536Z,151.019,151.032,0.0,7.4,0.0,0.0,0.0,0.0,0.0,0.0,0.0,0.0,1.0,0.0,0.0,0.0,9.0,4.0,0.0,0.0,0.0,0.0,0.0,0.0,0.0,0.0,2.0,12.0,1.0,12.17,5.0200000000000005,2.51,1.49,0.0,0.0,0.0,0.4,0.0,-0.2,0.6000000000000001,0.0,-169.70000000000002,0.0,0.0,169.70000000000002,0.0,21.700000000000003,30.3,30.3,30.9,300.0,300.0,31.0,35.0,29.9,29.4,31.1,4.95,1.99,4.97,0.16,0.0,0.0,1027.0,8228.0,0.0,0.0,0.0,0.0,0.0,1.0,0.0,0.0,0.0,0.0,0.0,0.6000000000000001,0.0,0.2,0.0,0.0,16.0,25903.0
2026-07-30T18:59:41.548Z,151.031,151.044,0.0,7.4,0.0,0.0,0.0,0.0,0.0,0.0,0.0,0.0,1.0,0.0,0.0,0.0,9.0,4.0,0.0,0.0,0.0,0.0,0.0,0.0,0.0,0.0,2.0,12.0,1.0,12.17,5.0200000000000005,2.51,1.49,0.1,0.0,0.0,0.4,0.0,0.3,0.6000000000000001,-0.1,-169.70000000000002,0.0,0.0,169.8,0.0,21.700000000000003,30.3,30.3,30.9,300.0,300.0,31.0,35.0,29.9,29.4,31.1,4.96,2.0,4.96,0.16,0.0,0.0,1027.0,8228.0,0.0,0.0,0.0,0.0,0.0,1.0,0.0,0.0,0.0,0.0,0.0,0.6000000000000001,0.0,0.2,0.0,0.0002,16.0,25903.0
2026-07-30T18:59:41.559Z,151.042,151.056,0.0,7.4,0.0,0.0,0.0,0.0,0.0,0.0,0.0,0.0,1.0,0.0,0.0,0.0,9.0,4.0,0.0,0.0,0.0,0.0,0.0,0.0,0.0,0.0,4.0,12.0,1.0,12.17,5.0200000000000005,2.51,1.49,0.0,0.0,0.0,0.4,0.0,0.3,0.0,1.0,-169.70000000000002,0.0,0.0,169.8,0.0,21.700000000000003,30.3,30.3,30.9,300.0,300.0,31.0,35.0,29.9,29.4,31.1,4.96,1.99,4.96,0.15,0.0,0.0,1027.0,8228.0,0.0,0.0,0.0,0.0,0.0,1.0,0.0,0.0,0.0,0.0,0.0,0.9,0.0,-0.9,0.0,0.0001,16.0,25903.0
2026-07-30T18:59:41.571Z,151.054,151.068,0.0,7.4,0.0,0.0,0.0,0.0,0.0,0.0,0.0,0.0,1.0,0.0,0.0,0.0,9.0,4.0,0.0,0.0,0.0,0.0,0.0,0.0,0.0,0.0,5.0,12.0,1.0,12.17,5.01,2.5,1.49,0.0,0.0,0.0,0.4,0.0,-0.2,1.2000000000000002,-1.3,-169.70000000000002,0.0,0.0,169.70000000000002,0.0,21.4,30.3,30.3,30.9,300.0,300.0,30.9,35.0,29.9,29.3,31.1,4.95,1.99,4.96,0.16,0.0,0.0,1027.0,8228.0,0.0,0.0,0.0,0.0,0.0,1.0,0.0,0.0,0.0,0.0,0.0,0.4,0.0,1.4,0.0,0.0001,16.0,25903.0
2026-07-30T18:59:41.584Z,151.067,151.08,0.0,7.4,0.0,0.0,0.0,0.0,0.0,0.0,0.0,0.0,1.0,0.0,0.0,0.0,9.0,4.0,0.0,0.0,0.0,0.0,0.0,0.0,0.0,0.0,6.0,12.0,1.0,12.17,5.01,2.5,1.49,0.0,0.0,0.0,0.4,0.0,-0.2,-0.4,-0.7000000000000001,-169.70000000000002,0.0,0.0,169.8,0.0,21.4,30.3,30.3,30.9,300.0,300.0,30.9,35.0,29.9,29.3,31.1,4.96,1.99,4.96,0.16,0.0,0.0,1027.0,8228.0,0.0,0.0,0.0,0.0,0.0,1.0,0.0,0.0,0.0,0.0,0.0,-1.0,0.0,0.5,0.0,0.0002,16.0,25903.0
2026-07-30T18:59:41.596Z,151.079,151.092,0.0,7.4,0.0,0.0,0.0,0.0,0.0,0.0,0.0,0.0,1.0,0.0,0.0,0.0,9.0,4.0,0.0,0.0,0.0,0.0,0.0,0.0,0.0,0.0,2.0,12.0,1.0,12.17,5.01,2.5,1.49,0.0,0.0,0.0,0.4,0.0,-0.2,0.1,0.0,-169.70000000000002,0.0,0.0,169.70000000000002,0.0,21.4,30.3,30.3,30.9,300.0,300.0,30.9,35.0,29.9,29.3,31.1,4.95,2.0,4.97,0.16,0.0,0.0,1027.0,8228.0,0.0,0.0,0.0,0.0,0.0,1.0,0.0,0.0,0.0,0.0,0.0,0.1,0.0,0.1,0.0,0.0001,16.0,25903.0
2026-07-30T18:59:41.608Z,151.091,151.104,0.0,7.4,0.0,0.0,0.0,0.0,0.0,0.0,0.0,0.0,1.0,0.0,0.0,0.0,9.0,4.0,0.0,0.0,0.0,0.0,0.0,0.0,0.0,0.0,3.0,12.0,1.0,12.17,5.01,2.5,1.49,0.0,0.0,0.0,0.4,0.0,-0.7000000000000001,0.1,-0.6000000000000001,-169.70000000000002,0.0,0.0,169.60000000000002,0.0,21.4,30.3,30.3,30.9,300.0,300.0,30.9,35.0,29.9,29.3,31.1,4.95,1.99,4.97,0.16,0.0,0.0,1027.0,8228.0,0.0,0.0,0.0,0.0,0.0,1.0,0.0,0.0,0.0,0.0,0.0,-0.3,0.0,0.6000000000000001,0.0,0.0001,16.0,25903.0
2026-07-30T18:59:41.619Z,151.102,151.116,0.0,7.4,0.0,0.0,0.0,0.0,0.0,0.0,0.0,0.0,1.0,0.0,0.0,0.0,9.0,4.0,0.0,0.0,0.0,0.0,0.0,0.0,0.0,0.0,5.0,12.0,1.0,12.17,5.01,2.5,1.49,0.0,0.0,0.0,0.4,0.0,0.3,0.1,1.0,-169.70000000000002,0.0,0.0,169.60000000000002,0.0,21.4,30.3,30.3,30.9,300.0,300.0,30.9,35.0,29.9,29.3,31.1,4.95,2.0,4.97,0.16,0.0,0.0,1027.0,8228.0,0.0,0.0,0.0,0.0,0.0,1.0,0.0,0.0,0.0,0.0,0.0,0.9,0.0,-0.9,0.0,0.0001,16.0,25903.0
2026-07-30T18:59:41.632Z,151.115,151.128,0.0,7.4,0.0,0.0,0.0,0.0,0.0,0.0,0.0,0.0,1.0,0.0,0.0,0.0,9.0,4.0,0.0,0.0,0.0,0.0,0.0,0.0,0.0,0.0,6.0,12.0,1.0,12.17,5.01,2.5,1.49,0.0,0.0,0.0,0.4,0.0,-0.2,0.1,0.0,-169.70000000000002,0.0,0.0,169.60000000000002,0.0,21.4,30.3,30.3,30.9,300.0,300.0,30.9,35.0,29.9,29.3,31.1,4.96,2.0,4.96,0.16,0.0,0.0,1027.0,8228.0,0.0,0.0,0.0,0.0,0.0,1.0,0.0,0.0,0.0,0.0,0.0,0.1,0.0,0.0,0.0,0.0,16.0,25903.0
2026-07-30T18:59:41.644Z,151.127,151.14,0.0,7.4,0.0,0.0,0.0,0.0,0.0,0.0,0.0,0.0,1.0,0.0,0.0,0.0,9.0,4.0,0.0,0.0,0.0,0.0,0.0,0.0,0.0,0.0,1.0,12.0,1.0,12.17,5.01,2.5,1.49,0.0,0.0,0.0,0.4,0.0,-0.2,-0.4,0.0,-169.70000000000002,0.0,0.0,169.60000000000002,0.0,21.4,30.3,30.3,30.9,300.0,300.0,30.9,35.0,29.9,29.3,31.1,4.95,1.99,4.97,0.16,0.0,0.0,1027.0,8228.0,0.0,0.0,0.0,0.0,0.0,1.0,0.0,0.0,0.0,0.0,0.0,-0.5,0.0,0.0,0.0,0.0,16.0,25903.0
2026-07-30T18:59:41.656Z,151.139,151.15200000000002,0.0,7.4,0.0,0.0,0.0,0.0,0.0,0.0,0.0,0.0,1.0,0.0,0.0,0.0,9.0,4.0,0.0,0.0,0.0,0.0,0.0,0.0,0.0,0.0,3.0,12.0,1.0,12.17,5.01,2.5,1.49,0.0,0.0,0.0,0.4,0.0,-0.2,0.7000000000000001,0.0,-169.70000000000002,0.0,0.0,169.60000000000002,0.0,21.4,30.3,30.3,30.9,300.0,300.0,30.9,35.0,29.9,29.3,31.1,4.95,1.99,4.96,0.16,0.0,0.0,1027.0,8228.0,0.0,0.0,0.0,0.0,0.0,1.0,0.0,0.0,0.0,0.0,0.0,0.8,0.0,0.1,0.0,0.0,16.0,25903.0
2026-07-30T18:59:41.669Z,151.152,151.16400000000002,0.0,7.4,0.0,0.0,0.0,0.0,0.0,0.0,0.0,0.0,1.0,0.0,0.0,0.0,9.0,4.0,0.0,0.0,0.0,0.0,0.0,0.0,0.0,0.0,3.0,12.0,1.0,12.15,5.01,2.5,1.49,0.0,0.0,0.0,0.4,0.0,0.3,0.1,0.5,-169.70000000000002,0.0,0.0,169.60000000000002,0.0,21.9,30.3,30.3,30.9,300.0,300.0,31.0,34.9,29.9,29.3,31.1,4.95,2.0,4.96,0.16,0.0,0.0,1027.0,8228.0,0.0,0.0,0.0,0.0,0.0,1.0,0.0,0.0,0.0,0.0,0.0,0.5,0.0,-0.4,0.0,0.0,16.0,25903.0
2026-07-30T18:59:41.680Z,151.163,151.17600000000002,0.0,7.4,0.0,0.0,0.0,0.0,0.0,0.0,0.0,0.0,1.0,0.0,0.0,0.0,9.0,4.0,0.0,0.0,0.0,0.0,0.0,0.0,0.0,0.0,5.0,12.0,1.0,12.15,5.01,2.5,1.49,0.0,0.1,0.0,0.4,0.0,0.4,-0.4,0.0,-169.70000000000002,0.0,0.0,169.8,0.0,21.9,30.3,30.3,30.9,300.0,300.0,31.0,34.9,29.9,29.3,31.1,4.95,2.0,4.97,0.16,0.0,0.0,1027.0,8228.0,0.0,0.0,0.0,0.0,0.0,1.0,0.0,0.0,0.0,0.0,0.0,-0.5,0.0,0.0,0.0,0.0,16.0,25903.0
2026-07-30T18:59:41.691Z,151.174,151.18800000000002,0.0,7.4,0.0,0.0,0.0,0.0,0.0,0.0,0.0,0.0,1.0,0.0,0.0,0.0,9.0,4.0,0.0,0.0,0.0,0.0,0.0,0.0,0.0,0.0,6.0,12.0,1.0,12.15,5.01,2.5,1.49,0.0,0.0,0.0,0.4,0.0,-0.2,-0.4,-0.6000000000000001,-169.70000000000002,0.0,0.0,169.8,0.0,21.9,30.3,30.3,30.9,300.0,300.0,31.0,34.9,29.9,29.3,31.1,4.95,1.99,4.97,0.16,0.0,0.0,1027.0,8228.0,0.0,0.0,0.0,0.0,0.0,1.0,0.0,0.0,0.0,0.0,0.0,-0.9,0.0,0.4,0.0,0.0001,16.0,25903.0
2026-07-30T18:59:41.704Z,151.187,151.20000000000002,0.0,7.4,0.0,0.0,0.0,0.0,0.0,0.0,0.0,0.0,1.0,0.0,0.0,0.0,9.0,4.0,0.0,0.0,0.0,0.0,0.0,0.0,0.0,0.0,1.0,12.0,1.0,12.15,5.01,2.5,1.49,0.0,0.0,0.0,0.4,0.0,-0.2,0.1,-1.2000000000000002,-169.70000000000002,0.0,0.0,169.60000000000002,0.0,21.9,30.3,30.3,30.9,300.0,300.0,31.0,34.9,29.9,29.3,31.1,4.95,1.99,4.96,0.16,0.0,0.0,1027.0,8228.0,0.0,0.0,0.0,0.0,0.0,1.0,0.0,0.0,0.0,0.0,0.0,-0.8,0.0,1.1,0.0,0.0001,16.0,25903.0
2026-07-30T18:59:41.716Z,151.199,151.212,0.0,7.4,0.0,0.0,0.0,0.0,0.0,0.0,0.0,0.0,1.0,0.0,0.0,0.0,9.0,4.0,0.0,0.0,0.0,0.0,0.0,0.0,0.0,0.0,2.0,12.0,1.0,12.15,5.01,2.5,1.49,0.0,0.0,0.0,0.5,0.0,0.9,1.2000000000000002,1.6,-169.70000000000002,0.0,0.0,169.70000000000002,0.0,21.9,30.3,30.3,30.9,300.0,300.0,31.0,34.9,29.9,29.3,31.1,4.96,1.99,4.96,0.16,0.0,0.0,1027.0,8228.0,0.0,0.0,0.0,0.0,0.0,1.0,0.0,0.0,0.0,0.0,0.0,2.7,0.0,-1.2000000000000002,0.0,0.0002,16.0,25903.0
2026-07-30T18:59:41.728Z,151.211,151.224,0.0,7.4,0.0,0.0,0.0,0.0,0.0,0.0,0.0,0.0,1.0,0.0,0.0,0.0,9.0,4.0,0.0,0.0,0.0,0.0,0.0,0.0,0.0,0.0,4.0,12.0,1.0,12.15,5.01,2.5,1.49,0.0,0.0,0.0,0.4,0.0,0.2,-0.4,0.0,-169.70000000000002,0.0,0.0,169.70000000000002,0.0,21.9,30.3,30.3,30.9,300.0,300.0,31.0,34.9,29.9,29.3,31.1,4.95,1.99,4.97,0.16,0.0,0.0,1027.0,8228.0,0.0,0.0,0.0,0.0,0.0,1.0,0.0,0.0,0.0,0.0,0.0,-0.6000000000000001,0.0,0.0,0.0,0.0001,16.0,25903.0
2026-07-30T18:59:41.749Z,151.232,151.236,0.0,7.4,0.0,0.0,0.0,0.0,0.0,0.0,0.0,0.0,1.0,0.0,0.0,0.0,9.0,4.0,0.0,0.0,0.0,0.0,0.0,0.0,0.0,0.0,5.0,12.0,1.0,12.15,5.01,2.5,1.49,0.0,0.0,0.0,0.4,0.0,-0.9,-1.6,-1.2000000000000002,-169.70000000000002,0.0,0.0,169.70000000000002,0.0,21.9,30.3,30.3,30.9,300.0,300.0,31.0,34.9,29.9,29.3,31.1,4.95,2.0,4.97,0.16,0.0,0.0,1027.0,8228.0,0.0,0.0,0.0,0.0,0.0,1.0,0.0,0.0,0.0,0.0,0.0,-2.8000000000000003,0.0,0.7000000000000001,0.0,0.0001,16.0,25903.0
2026-07-30T18:59:41.752Z,151.235,151.248,0.0,7.4,0.0,0.0,0.0,0.0,0.0,0.0,0.0,0.0,1.0,0.0,0.0,0.0,9.0,4.0,0.0,0.0,0.0,0.0,0.0,0.0,0.0,0.0,3.0,12.0,1.0,12.15,5.01,2.5,1.49,0.0,0.0,0.0,0.4,0.0,0.8,0.6000000000000001,-0.7000000000000001,-169.70000000000002,0.0,0.0,169.70000000000002,0.0,21.9,30.3,30.3,30.9,300.0,300.0,31.0,34.9,29.9,29.3,31.1,4.95,2.0,4.96,0.16,0.0,0.0,1027.0,8228.0,0.0,0.0,0.0,0.0,0.0,1.0,0.0,0.0,0.0,0.0,0.0,0.2,0.0,0.7000000000000001,0.0,0.0002,16.0,25903.0
2026-07-30T18:59:41.764Z,151.247,151.26,0.0,7.4,0.0,0.0,0.0,0.0,0.0,0.0,0.0,0.0,1.0,0.0,0.0,0.0,9.0,4.0,0.0,0.0,0.0,0.0,0.0,0.0,0.0,0.0,3.0,12.0,1.0,12.15,5.01,2.5,1.49,0.0,0.0,0.0,0.4,0.0,0.3,0.1,0.4,-169.70000000000002,0.0,0.0,169.70000000000002,0.0,21.9,30.3,30.3,30.9,300.0,300.0,31.0,34.9,29.9,29.3,31.1,4.95,1.99,4.96,0.16,0.0,0.0,1027.0,8228.0,0.0,0.0,0.0,0.0,0.0,1.0,0.0,0.0,0.0,0.0,0.0,0.5,0.0,-0.4,0.0,0.0001,16.0,25903.0
2026-07-30T18:59:41.776Z,151.259,151.272,0.0,7.4,0.0,0.0,0.0,0.0,0.0,0.0,0.0,0.0,1.0,0.0,0.0,0.0,9.0,4.0,0.0,0.0,0.0,0.0,0.0,0.0,0.0,0.0,4.0,12.0,1.0,12.17,5.0200000000000005,2.51,1.49,0.0,0.0,0.0,0.5,0.0,-0.2,-0.4,0.5,-169.70000000000002,0.0,0.0,169.8,0.0,21.4,30.3,30.200000000000003,30.9,300.0,300.0,31.0,34.9,29.9,29.4,31.1,4.95,1.99,4.97,0.16,0.0,0.0,1027.0,8228.0,0.0,0.0,0.0,0.0,0.0,1.0,0.0,0.0,0.0,0.0,0.0,-0.1,0.0,-0.5,0.0,0.0001,16.0,25903.0
2026-07-30T18:59:41.788Z,151.271,151.284,0.0,7.4,0.0,0.0,0.0,0.0,0.0,0.0,0.0,0.0,1.0,0.0,0.0,0.0,9.0,4.0,0.0,0.0,0.0,0.0,0.0,0.0,0.0,0.0,6.0,12.0,1.0,12.17,5.0200000000000005,2.51,1.49,0.0,0.0,0.0,0.4,0.0,-0.2,-1.0,1.1,-169.70000000000002,0.0,0.0,169.8,0.0,21.4,30.3,30.200000000000003,30.9,300.0,300.0,31.0,34.9,29.9,29.4,31.1,4.96,1.99,4.97,0.16,0.0,0.0,1027.0,8228.0,0.0,0.0,0.0,0.0,0.0,1.0,0.0,0.0,0.0,0.0,0.0,-0.3,0.0,-1.2000000000000002,0.0,0.0002,16.0,25903.0
2026-07-30T18:59:41.800Z,151.283,151.296,0.0,7.4,0.0,0.0,0.0,0.0,0.0,0.0,0.0,0.0,1.0,0.0,0.0,0.0,9.0,4.0,0.0,0.0,0.0,0.0,0.0,0.0,0.0,0.0,1.0,12.0,1.0,12.17,5.0200000000000005,2.51,1.49,0.0,0.0,0.0,0.4,0.0,-0.8,-0.4,-1.8,-169.70000000000002,0.0,0.0,169.8,0.0,21.4,30.3,30.200000000000003,30.9,300.0,300.0,31.0,34.9,29.9,29.4,31.1,4.96,1.99,4.97,0.16,0.0,0.0,1027.0,8228.0,0.0,0.0,0.0,0.0,0.0,1.0,0.0,0.0,0.0,0.0,0.0,-1.8,0.0,1.4,0.0,0.0001,16.0,25903.0
2026-07-30T18:59:41.812Z,151.295,151.308,0.0,7.4,0.0,0.0,0.0,0.0,0.0,0.0,0.0,0.0,1.0,0.0,0.0,0.0,9.0,4.0,0.0,0.0,0.0,0.0,0.0,0.0,0.0,0.0,3.0,12.0,1.0,12.17,5.0200000000000005,2.51,1.49,0.0,0.0,0.0,0.4,0.0,0.8,1.3,0.5,-169.70000000000002,0.0,0.0,169.8,0.0,21.4,30.3,30.200000000000003,30.9,300.0,300.0,31.0,34.9,29.9,29.4,31.1,4.95,1.99,4.97,0.16,0.0,0.0,1027.0,8228.0,0.0,0.0,0.0,0.0,0.0,1.0,0.0,0.0,0.0,0.0,0.0,1.9,0.0,-0.2,0.0,0.0001,16.0,25903.0
2026-07-30T18:59:41.823Z,151.306,151.32,0.0,7.4,0.0,0.0,0.0,0.0,0.0,0.0,0.0,0.0,1.0,0.0,0.0,0.0,9.0,4.0,0.0,0.0,0.0,0.0,0.0,0.0,0.0,0.0,4.0,12.0,1.0,12.17,5.0200000000000005,2.51,1.49,0.0,0.1,0.0,0.5,0.0,0.2,0.7000000000000001,1.1,-169.70000000000002,0.0,0.0,169.8,0.0,21.4,30.3,30.200000000000003,30.9,300.0,300.0,31.0,34.9,29.9,29.4,31.1,4.96,1.99,4.96,0.16,0.0,0.0,1027.0,8228.0,0.0,0.0,0.0,0.0,0.0,1.0,0.0,0.0,0.0,0.0,0.0,1.7000000000000002,0.0,-0.8,0.0,0.0,16.0,25903.0
2026-07-30T18:59:41.835Z,151.318,151.332,0.0,7.4,0.0,0.0,0.0,0.0,0.0,0.0,0.0,0.0,1.0,0.0,0.0,0.0,9.0,4.0,0.0,0.0,0.0,0.0,0.0,0.0,0.0,0.0,5.0,12.0,1.0,12.17,5.0200000000000005,2.51,1.49,0.0,0.0,0.0,0.4,0.0,0.2,-0.3,1.1,-169.70000000000002,0.0,0.0,169.8,0.0,21.4,30.3,30.200000000000003,30.9,300.0,300.0,31.0,34.9,29.9,29.4,31.1,4.95,2.0,4.96,0.16,0.0,0.0,1027.0,8228.0,0.0,0.0,0.0,0.0,0.0,1.0,0.0,0.0,0.0,0.0,0.0,0.4,0.0,-1.1,0.0,0.0001,16.0,25903.0
2026-07-30T18:59:41.847Z,151.33,151.344,0.0,7.4,0.0,0.0,0.0,0.0,0.0,0.0,0.0,0.0,1.0,0.0,0.0,0.0,9.0,4.0,0.0,0.0,0.0,0.0,0.0,0.0,0.0,0.0,6.0,12.0,1.0,12.17,5.0200000000000005,2.51,1.49,0.0,0.0,0.0,0.4,0.0,0.2,0.7000000000000001,1.1,-169.70000000000002,0.0,0.0,169.8,0.0,21.4,30.3,30.200000000000003,30.9,300.0,300.0,31.0,34.9,29.9,29.4,31.1,4.95,1.99,4.97,0.16,0.0,0.0,1027.0,8228.0,0.0,0.0,0.0,0.0,0.0,1.0,0.0,0.0,0.0,0.0,0.0,1.7000000000000002,0.0,-0.8,0.0,0.0001,16.0,25903.0
2026-07-30T18:59:41.860Z,151.343,151.356,0.0,7.4,0.0,0.0,0.0,0.0,0.0,0.0,0.0,0.0,1.0,0.0,0.0,0.0,9.0,4.0,0.0,0.0,0.0,0.0,0.0,0.0,0.0,0.0,1.0,12.0,1.0,12.17,5.0200000000000005,2.51,1.49,0.0,0.0,0.0,0.4,0.0,0.2,0.2,0.5,-169.70000000000002,0.0,0.0,169.70000000000002,0.0,21.4,30.3,30.200000000000003,30.9,300.0,300.0,31.0,34.9,29.9,29.4,31.1,4.96,1.99,4.97,0.16,0.0,0.0,1027.0,8228.0,0.0,0.0,0.0,0.0,0.0,1.0,0.0,0.0,0.0,0.0,0.0,0.6000000000000001,0.0,-0.4,0.0,0.0001,16.0,25903.0
2026-07-30T18:59:41.873Z,151.356,151.368,0.0,7.4,0.0,0.0,0.0,0.0,0.0,0.0,0.0,0.0,1.0,0.0,0.0,0.0,9.0,4.0,0.0,0.0,0.0,0.0,0.0,0.0,0.0,0.0,2.0,12.0,1.0,12.17,5.01,2.5,1.49,0.0,0.1,0.0,0.5,0.0,0.2,0.7000000000000001,1.1,-169.70000000000002,0.0,0.0,169.70000000000002,0.0,21.4,30.3,30.200000000000003,30.9,300.0,300.0,30.9,35.0,29.9,29.3,31.1,4.96,1.99,4.96,0.16,0.0,0.0,1027.0,8228.0,0.0,0.0,0.0,0.0,0.0,1.0,0.0,0.0,0.0,0.0,0.0,1.7000000000000002,0.0,-0.8,0.0,0.0002,16.0,25903.0
2026-07-30T18:59:41.884Z,151.367,151.38,0.0,7.4,0.0,0.0,0.0,0.0,0.0,0.0,0.0,0.0,1.0,0.0,0.0,0.0,9.0,4.0,0.0,0.0,0.0,0.0,0.0,0.0,0.0,0.0,3.0,12.0,1.0,12.17,5.01,2.5,1.49,-0.1,0.0,0.0,0.4,0.0,-0.2,0.7000000000000001,0.5,-169.70000000000002,0.0,0.0,169.70000000000002,0.0,21.4,30.3,30.200000000000003,30.9,300.0,300.0,30.9,35.0,29.9,29.3,31.1,4.95,1.99,4.97,0.16,0.0,0.0,1027.0,8228.0,0.0,0.0,0.0,0.0,0.0,1.0,0.0,0.0,0.0,0.0,0.0,1.3,0.0,-0.3,0.0,0.0,16.0,25903.0
2026-07-30T18:59:41.896Z,151.379,151.392,0.0,7.4,0.0,0.0,0.0,0.0,0.0,0.0,0.0,0.0,1.0,0.0,0.0,0.0,9.0,4.0,0.0,0.0,0.0,0.0,0.0,0.0,0.0,0.0,5.0,12.0,1.0,12.17,5.01,2.5,1.49,0.0,0.0,0.0,0.4,0.0,-0.2,0.1,-0.6000000000000001,-169.70000000000002,0.0,0.0,169.8,0.0,21.4,30.3,30.200000000000003,30.9,300.0,300.0,30.9,35.0,29.9,29.3,31.1,4.95,1.99,4.96,0.16,0.0,0.0,1027.0,8228.0,0.0,0.0,0.0,0.0,0.0,1.0,0.0,0.0,0.0,0.0,0.0,-0.2,0.0,0.6000000000000001,0.0,0.0001,16.0,25903.0
2026-07-30T18:59:41.907Z,151.39,151.404,0.0,7.4,0.0,0.0,0.0,0.0,0.0,0.0,0.0,0.0,1.0,0.0,0.0,0.0,9.0,4.0,0.0,0.0,0.0,0.0,0.0,0.0,0.0,0.0,6.0,12.0,1.0,12.17,5.01,2.5,1.49,0.0,0.0,0.0,0.4,0.0,0.3,0.1,0.5,-169.70000000000002,0.0,0.0,169.8,0.0,21.4,30.3,30.200000000000003,30.9,300.0,300.0,30.9,35.0,29.9,29.3,31.1,4.96,1.99,4.96,0.16,0.0,0.0,1027.0,8228.0,0.0,0.0,0.0,0.0,0.0,1.0,0.0,0.0,0.0,0.0,0.0,0.6000000000000001,0.0,-0.4,0.0,0.0002,16.0,25903.0
2026-07-30T18:59:41.920Z,151.403,151.416,0.0,7.4,0.0,0.0,0.0,0.0,0.0,0.0,0.0,0.0,1.0,0.0,0.0,0.0,9.0,4.0,0.0,0.0,0.0,0.0,0.0,0.0,0.0,0.0,1.0,12.0,1.0,12.17,5.01,2.5,1.49,0.0,0.0,0.0,0.4,0.0,-0.2,-1.0,0.0,-169.70000000000002,0.0,0.0,169.70000000000002,0.0,21.4,30.3,30.200000000000003,30.9,300.0,300.0,30.9,35.0,29.9,29.3,31.1,4.95,1.99,4.97,0.16,0.0,0.0,1027.0,8228.0,0.0,0.0,0.0,0.0,0.0,1.0,0.0,0.0,0.0,0.0,0.0,-1.2000000000000002,0.0,-0.1,0.0,0.0001,16.0,25903.0
2026-07-30T18:59:41.932Z,151.415,151.428,0.0,7.4,0.0,0.0,0.0,0.0,0.0,0.0,0.0,0.0,1.0,0.0,0.0,0.0,9.0,4.0,0.0,0.0,0.0,0.0,0.0,0.0,0.0,0.0,2.0,12.0,1.0,12.17,5.01,2.5,1.49,0.0,0.0,0.0,0.4,0.0,-0.2,-0.4,-0.7000000000000001,-169.70000000000002,0.0,0.0,169.70000000000002,0.0,21.4,30.3,30.200000000000003,30.9,300.0,300.0,30.9,35.0,29.9,29.3,31.1,4.96,1.99,4.97,0.16,0.0,0.0,1027.0,8228.0,0.0,0.0,0.0,0.0,0.0,1.0,0.0,0.0,0.0,0.0,0.0,-1.0,0.0,0.5,0.0,0.0001,16.0,25903.0
2026-07-30T18:59:41.944Z,151.427,151.44,0.0,7.4,0.0,0.0,0.0,0.0,0.0,0.0,0.0,0.0,1.0,0.0,0.0,0.0,9.0,4.0,0.0,0.0,0.0,0.0,0.0,0.0,0.0,0.0,3.0,12.0,1.0,12.17,5.01,2.5,1.49,0.0,0.1,0.0,0.5,0.0,0.3,0.1,0.4,-169.70000000000002,0.0,0.0,169.60000000000002,0.0,21.4,30.3,30.200000000000003,30.9,300.0,300.0,30.9,35.0,29.9,29.3,31.1,4.96,1.99,4.96,0.16,0.0,0.0,1027.0,8228.0,0.0,0.0,0.0,0.0,0.0,1.0,0.0,0.0,0.0,0.0,0.0,0.4,0.0,-0.3,0.0,0.0,16.0,25903.0
2026-07-30T18:59:41.956Z,151.439,151.452,0.0,7.4,0.0,0.0,0.0,0.0,0.0,0.0,0.0,0.0,1.0,0.0,0.0,0.0,9.0,4.0,0.0,0.0,0.0,0.0,0.0,0.0,0.0,0.0,4.0,12.0,1.0,12.17,5.01,2.5,1.49,0.0,0.0,0.0,0.4,0.0,-0.2,0.7000000000000001,-0.7000000000000001,-169.70000000000002,0.0,0.0,169.70000000000002,0.0,21.4,30.3,30.200000000000003,30.9,300.0,300.0,30.9,35.0,29.9,29.3,31.1,4.96,1.99,4.96,0.16,0.0,0.0,1027.0,8228.0,0.0,0.0,0.0,0.0,0.0,1.0,0.0,0.0,0.0,0.0,0.0,0.2,0.0,0.8,0.0,0.0002,16.0,25903.0
2026-07-30T18:59:41.968Z,151.451,151.464,0.0,7.4,0.0,0.0,0.0,0.0,0.0,0.0,0.0,0.0,1.0,0.0,0.0,0.0,9.0,4.0,0.0,0.0,0.0,0.0,0.0,0.0,0.0,0.0,5.0,12.0,1.0,12.17,5.01,2.5,1.49,-0.1,0.0,0.0,0.5,0.0,-0.8,-1.0,-0.8,-169.70000000000002,0.0,0.0,169.8,0.0,21.4,30.3,30.200000000000003,30.9,300.0,300.0,30.9,35.0,29.9,29.3,31.1,4.95,1.99,4.97,0.16,0.0,0.0,1027.0,8228.0,0.0,0.0,0.0,0.0,0.0,1.0,0.0,0.0,0.0,0.0,0.0,1.0,0.0,-0.1,0.0,0.0,16.0,25903.0
2026-07-30T18:59:41.980Z,151.463,151.476,0.0,7.4,0.0,0.0,0.0,0.0,0.0,0.0,0.0,0.0,1.0,0.0,0.0,0.0,9.0,4.0,0.0,0.0,0.0,0.0,0.0,0.0,0.0,0.0,6.0,12.0,1.0,12.18,5.01,2.5,1.49,0.0,0.0,0.0,0.5,0.0,0.3,0.1,0.9,-169.70000000000002,0.0,0.0,169.8,0.0,21.200000000000003,30.3,30.200000000000003,30.9,300.0,300.0,30.9,35.0,29.9,29.3,31.1,4.96,1.99,4.96,0.16,0.0,0.0,1027.0,8228.0,0.0,0.0,0.0,0.0,0.0,1.0,0.0,0.0,0.0,0.0,0.0,-0.4,0.0,0.7000000000000001,0.0,0.0001,16.0,25903.0
2026-07-30T18:59:41.992Z,151.475,151.488,0.0,7.4,0.0,0.0,0.0,0.0,0.0,0.0,0.0,0.0,1.0,0.0,0.0,0.0,9.0,4.0,0.0,0.0,0.0,0.0,0.0,0.0,0.0,0.0,1.0,12.0,1.0,12.18,5.01,2.5,1.49,0.0,0.0,0.0,0.4,0.0,0.8,0.7000000000000001,-1.4,-169.70000000000002,0.0,0.0,169.8,0.0,21.200000000000003,30.3,30.200000000000003,30.9,300.0,300.0,30.9,35.0,29.9,29.3,31.1,4.96,1.99,4.96,0.16,0.0,0.0,1027.0,8228.0,0.0,0.0,0.0,0.0,0.0,1.0,0.0,0.0,0.0,0.0,0.0,0.0,0.0,0.2,0.0,0.0001,16.0,25903.0
2026-07-30T18:59:42.003Z,151.486,151.5,0.0,7.4,0.0,0.0,0.0,0.0,0.0,0.0,0.0,0.0,1.0,0.0,0.0,0.0,9.0,4.0,0.0,0.0,0.0,0.0,0.0,0.0,0.0,0.0,3.0,12.0,1.0,12.18,5.01,2.5,1.49,0.0,0.0,0.0,0.4,0.0,-0.3,0.1,-0.8,-169.70000000000002,0.0,0.0,169.8,0.0,21.200000000000003,30.3,30.200000000000003,30.9,300.0,300.0,30.9,35.0,29.9,29.3,31.1,4.95,1.99,4.96,0.16,0.0,0.0,1027.0,8228.0,0.0,0.0,0.0,0.0,0.0,1.0,0.0,0.0,0.0,0.0,0.0,-0.5,0.0,0.7000000000000001,0.0,0.0,16.0,25903.0
2026-07-30T18:59:42.016Z,151.499,151.512,0.0,7.4,0.0,0.0,0.0,0.0,0.0,0.0,0.0,0.0,1.0,0.0,0.0,0.0,9.0,4.0,0.0,0.0,0.0,0.0,0.0,0.0,0.0,0.0,4.0,12.0,1.0,12.18,5.01,2.5,1.49,0.0,0.0,0.0,0.4,0.0,-0.3,-0.4,-1.4,-169.70000000000002,0.0,0.0,169.8,0.0,21.200000000000003,30.3,30.200000000000003,30.9,300.0,300.0,30.9,35.0,29.9,29.3,31.1,4.96,1.99,4.97,0.16,0.0,0.0,1027.0,8228.0,0.0,0.0,0.0,0.0,0.0,1.0,0.0,0.0,0.0,0.0,0.0,-1.6,0.0,1.1,0.0,0.0,16.0,25903.0
2026-07-30T18:59:42.027Z,151.51,151.524,0.0,7.4,0.0,0.0,0.0,0.0,0.0,0.0,0.0,0.0,1.0,0.0,0.0,0.0,9.0,4.0,0.0,0.0,0.0,0.0,0.0,0.0,0.0,0.0,6.0,12.0,1.0,12.18,5.01,2.5,1.49,0.0,0.0,0.0,0.4,0.0,0.2,0.0,-0.2,-169.70000000000002,0.0,0.0,169.8,0.0,21.200000000000003,30.3,30.200000000000003,30.9,300.0,300.0,30.9,35.0,29.9,29.3,31.1,4.96,2.0,4.96,0.16,0.0,0.0,1027.0,8228.0,0.0,0.0,0.0,0.0,0.0,1.0,0.0,0.0,0.0,0.0,0.0,-0.1,0.0,0.2,0.0,0.0,16.0,25903.0
2026-07-30T18:59:42.040Z,151.523,151.536,0.0,7.4,0.0,0.0,0.0,0.0,0.0,0.0,0.0,0.0,1.0,0.0,0.0,0.0,9.0,4.0,0.0,0.0,0.0,0.0,0.0,0.0,0.0,0.0,1.0,12.0,1.0,12.18,5.01,2.5,1.49,0.0,0.0,0.0,0.4,0.0,0.2,0.1,-0.2,-169.70000000000002,0.0,0.0,169.8,0.0,21.200000000000003,30.3,30.200000000000003,30.9,300.0,300.0,30.9,35.0,29.9,29.3,31.1,4.96,1.99,4.97,0.16,0.0,0.0,1027.0,8228.0,0.0,0.0,0.0,0.0,0.0,1.0,0.0,0.0,0.0,0.0,0.0,0.0,0.0,0.2,0.0,0.0,16.0,25903.0
2026-07-30T18:59:42.052Z,151.535,151.548,0.0,7.4,0.0,0.0,0.0,0.0,0.0,0.0,0.0,0.0,1.0,0.0,0.0,0.0,9.0,4.0,0.0,0.0,0.0,0.0,0.0,0.0,0.0,0.0,2.0,12.0,1.0,12.18,5.01,2.5,1.49,0.0,0.0,0.0,0.4,0.0,0.8,0.1,1.5,-169.70000000000002,0.0,0.0,169.8,0.0,21.200000000000003,30.3,30.200000000000003,30.9,300.0,300.0,30.9,35.0,29.9,29.3,31.1,4.95,1.99,4.97,0.16,0.0,0.0,1027.0,8228.0,0.0,0.0,0.0,0.0,0.0,1.0,0.0,0.0,0.0,0.0,0.0,1.2000000000000002,0.0,-1.3,0.0,0.0,16.0,25903.0
2026-07-30T18:59:42.066Z,151.549,151.56,0.0,7.4,0.0,0.0,0.0,0.0,0.0,0.0,0.0,0.0,1.0,0.0,0.0,0.0,9.0,4.0,0.0,0.0,0.0,0.0,0.0,0.0,0.0,0.0,2.0,12.0,1.0,12.18,5.01,2.5,1.49,0.0,0.0,0.0,0.4,0.0,0.2,-0.4,-0.2,-169.70000000000002,0.0,0.0,169.8,0.0,21.200000000000003,30.3,30.200000000000003,30.9,300.0,300.0,30.9,35.0,29.9,29.3,31.1,4.96,1.99,4.96,0.16,0.0,0.0,1027.0,8228.0,0.0,0.0,0.0,0.0,0.0,1.0,0.0,0.0,0.0,0.0,0.0,-0.7000000000000001,0.0,0.1,0.0,0.0001,16.0,25903.0
2026-07-30T18:59:42.077Z,151.56,151.572,0.0,7.4,0.0,0.0,0.0,0.0,0.0,0.0,0.0,0.0,1.0,0.0,0.0,0.0,9.0,4.0,0.0,0.0,0.0,0.0,0.0,0.0,0.0,0.0,1.0,12.0,1.0,12.17,5.01,2.51,1.49,0.0,0.0,0.0,0.4,0.0,0.2,-1.0,-0.2,-169.70000000000002,0.0,0.0,169.8,0.0,21.700000000000003,30.3,30.200000000000003,30.9,300.0,300.0,31.0,35.0,29.9,29.3,31.1,4.96,1.99,4.96,0.16,0.0,0.0,1027.0,8228.0,0.0,0.0,0.0,0.0,0.0,1.0,0.0,0.0,0.0,0.0,0.0,-1.3,0.0,0.0,0.0,0.0001,16.0,25903.0
2026-07-30T18:59:42.088Z,151.571,151.584,0.0,7.4,0.0,0.0,0.0,0.0,0.0,0.0,0.0,0.0,1.0,0.0,0.0,0.0,9.0,4.0,0.0,0.0,0.0,0.0,0.0,0.0,0.0,0.0,2.0,12.0,1.0,12.17,5.01,2.51,1.49,0.0,0.0,0.0,0.4,0.0,-0.8,-0.4,-0.7000000000000001,-169.70000000000002,0.0,0.0,169.70000000000002,0.0,21.700000000000003,30.3,30.200000000000003,30.9,300.0,300.0,31.0,35.0,29.9,29.3,31.1,4.96,1.99,4.96,0.16,0.0,0.0,1027.0,8228.0,0.0,0.0,0.0,0.0,0.0,1.0,0.0,0.0,0.0,0.0,0.0,-1.1,0.0,0.5,0.0,0.0,16.0,25903.0
2026-07-30T18:59:42.100Z,151.583,151.596,0.0,7.4,0.0,0.0,0.0,0.0,0.0,0.0,0.0,0.0,1.0,0.0,0.0,0.0,9.0,4.0,0.0,0.0,0.0,0.0,0.0,0.0,0.0,0.0,2.0,12.0,1.0,12.17,5.01,2.51,1.49,0.0,0.0,0.0,0.4,0.0,0.2,0.1,-0.1,-169.70000000000002,0.0,0.0,169.8,0.0,21.700000000000003,30.3,30.200000000000003,30.9,300.0,300.0,31.0,35.0,29.9,29.3,31.1,4.95,2.0,4.96,0.16,0.0,0.0,1027.0,8228.0,0.0,0.0,0.0,0.0,0.0,1.0,0.0,0.0,0.0,0.0,0.0,0.0,0.0,0.1,0.0,0.0002,16.0,25903.0
2026-07-30T18:59:42.112Z,151.595,151.608,0.0,7.4,0.0,0.0,0.0,0.0,0.0,0.0,0.0,0.0,1.0,0.0,0.0,0.0,9.0,4.0,0.0,0.0,0.0,0.0,0.0,0.0,0.0,0.0,3.0,12.0,1.0,12.17,5.01,2.51,1.49,0.0,0.0,0.0,0.4,0.0,-0.2,0.0,0.4,-169.70000000000002,0.0,0.0,169.70000000000002,0.0,21.700000000000003,30.3,30.200000000000003,30.9,300.0,300.0,31.0,35.0,29.9,29.3,31.1,4.96,2.0,4.96,0.15,0.0,0.0,1027.0,8228.0,0.0,0.0,0.0,0.0,0.0,1.0,0.0,0.0,0.0,0.0,0.0,0.4,0.0,-0.3,0.0,0.0001,16.0,25903.0
2026-07-30T18:59:42.124Z,151.607,151.62,0.0,7.4,0.0,0.0,0.0,0.0,0.0,0.0,0.0,0.0,1.0,0.0,0.0,0.0,9.0,4.0,0.0,0.0,0.0,0.0,0.0,0.0,0.0,0.0,4.0,12.0,1.0,12.17,5.01,2.51,1.49,0.0,0.0,0.0,0.4,0.0,0.3,0.1,-1.8,-169.70000000000002,0.0,0.0,169.70000000000002,0.0,21.700000000000003,30.3,30.200000000000003,30.9,300.0,300.0,31.0,35.0,29.9,29.3,31.1,4.95,1.99,4.97,0.15,0.0,0.0,1027.0,8228.0,0.0,0.0,0.0,0.0,0.0,1.0,0.0,0.0,0.0,0.0,0.0,-1.2000000000000002,0.0,1.6,0.0,0.0002,16.0,25903.0
2026-07-30T18:59:42.136Z,151.619,151.632,0.0,7.4,0.0,0.0,0.0,0.0,0.0,0.0,0.0,0.0,1.0,0.0,0.0,0.0,9.0,4.0,0.0,0.0,0.0,0.0,0.0,0.0,0.0,0.0,6.0,12.0,1.0,12.17,5.01,2.51,1.49,0.0,0.1,0.0,0.5,0.0,0.3,-0.5,0.4,-169.70000000000002,0.0,0.0,169.70000000000002,0.0,21.700000000000003,30.3,30.200000000000003,30.9,300.0,300.0,31.0,35.0,29.9,29.3,31.1,4.95,2.0,4.96,0.16,0.0,0.0,1027.0,8228.0,0.0,0.0,0.0,0.0,0.0,1.0,0.0,0.0,0.0,0.0,0.0,-0.2,0.0,-0.5,0.0,0.0001,16.0,25903.0
2026-07-30T18:59:42.148Z,151.631,151.644,0.0,7.4,0.0,0.0,0.0,0.0,0.0,0.0,0.0,0.0,1.0,0.0,0.0,0.0,9.0,4.0,0.0,0.0,0.0,0.0,0.0,0.0,0.0,0.0,1.0,12.0,1.0,12.17,5.01,2.51,1.49,0.0,0.0,0.0,0.4,0.0,-0.2,0.0,0.9,-169.70000000000002,0.0,0.0,169.70000000000002,0.0,21.700000000000003,30.3,30.200000000000003,30.9,300.0,300.0,31.0,35.0,29.9,29.3,31.1,4.96,1.99,4.96,0.16,0.0,0.0,1027.0,8228.0,0.0,0.0,0.0,0.0,0.0,1.0,0.0,0.0,0.0,0.0,0.0,0.7000000000000001,0.0,-0.8,0.0,0.0001,16.0,25903.0
2026-07-30T18:59:42.160Z,151.643,151.656,0.0,7.4,0.0,0.0,0.0,0.0,0.0,0.0,0.0,0.0,1.0,0.0,0.0,0.0,9.0,4.0,0.0,0.0,0.0,0.0,0.0,0.0,0.0,0.0,2.0,12.0,1.0,12.17,5.01,2.51,1.49,0.0,0.0,0.0,0.5,0.0,-0.2,0.0,-0.1,-169.70000000000002,0.0,0.0,169.70000000000002,0.0,21.700000000000003,30.3,30.200000000000003,30.9,300.0,300.0,31.0,35.0,29.9,29.3,31.1,4.95,1.99,4.96,0.16,0.0,0.0,1027.0,8228.0,0.0,0.0,0.0,0.0,0.0,1.0,0.0,0.0,0.0,0.0,0.0,-0.1,0.0,0.1,0.0,0.0001,16.0,25903.0
2026-07-30T18:59:42.172Z,151.655,151.668,0.0,7.4,0.0,0.0,0.0,0.0,0.0,0.0,0.0,0.0,1.0,0.0,0.0,0.0,9.0,4.0,0.0,0.0,0.0,0.0,0.0,0.0,0.0,0.0,3.0,12.0,1.0,12.17,5.01,2.51,1.49,0.0,0.0,0.0,0.4,0.0,0.3,0.6000000000000001,-0.1,-169.70000000000002,0.0,0.0,169.70000000000002,0.0,21.700000000000003,30.3,30.200000000000003,30.9,300.0,300.0,31.0,35.0,29.9,29.3,31.1,4.95,1.99,4.97,0.16,0.0,0.0,1027.0,8228.0,0.0,0.0,0.0,0.0,0.0,1.0,0.0,0.0,0.0,0.0,0.0,0.5,0.0,0.2,0.0,0.0001,16.0,25903.0
2026-07-30T18:59:42.183Z,151.666,151.68,0.0,7.4,0.0,0.0,0.0,0.0,0.0,0.0,0.0,0.0,1.0,0.0,0.0,0.0,9.0,4.0,0.0,0.0,0.0,0.0,0.0,0.0,0.0,0.0,5.0,12.0,1.0,12.17,5.0200000000000005,2.5,1.5,0.0,0.0,0.0,0.4,0.0,0.9,1.2000000000000002,-1.3,-169.70000000000002,0.0,0.0,169.9,0.0,21.3,30.3,30.200000000000003,30.9,300.0,300.0,31.0,35.0,29.9,29.3,31.1,4.95,1.99,4.96,0.16,0.0,0.0,1027.0,8228.0,0.0,0.0,0.0,0.0,0.0,1.0,0.0,0.0,0.0,0.0,0.0,0.4,0.0,1.3,0.0,0.0,16.0,25903.0
2026-07-30T18:59:42.195Z,151.678,151.692,0.0,7.4,0.0,0.0,0.0,0.0,0.0,0.0,0.0,0.0,1.0,0.0,0.0,0.0,9.0,4.0,0.0,0.0,0.0,0.0,0.0,0.0,0.0,0.0,6.0,12.0,1.0,12.17,5.0200000000000005,2.5,1.5,0.0,0.0,0.0,0.4,0.0,-0.2,-0.5,0.4,-169.70000000000002,0.0,0.0,169.8,0.0,21.3,30.3,30.200000000000003,30.9,300.0,300.0,31.0,35.0,29.9,29.3,31.1,4.96,1.99,4.96,0.16,0.0,0.0,1027.0,8228.0,0.0,0.0,0.0,0.0,0.0,1.0,0.0,0.0,0.0,0.0,0.0,-0.2,0.0,-0.5,0.0,0.0003,16.0,25903.0
2026-07-30T18:59:42.207Z,151.69,151.704,0.0,7.4,0.0,0.0,0.0,0.0,0.0,0.0,0.0,0.0,1.0,0.0,0.0,0.0,9.0,4.0,0.0,0.0,0.0,0.0,0.0,0.0,0.0,0.0,1.0,12.0,1.0,12.17,5.0200000000000005,2.5,1.5,0.0,0.0,0.0,0.4,0.0,-0.2,0.6000000000000001,2.2,-169.70000000000002,0.0,0.0,169.60000000000002,0.0,21.3,30.3,30.200000000000003,30.9,300.0,300.0,31.0,35.0,29.9,29.3,31.1,4.95,1.99,4.97,0.16,0.0,0.0,1027.0,8228.0,0.0,0.0,0.0,0.0,0.0,1.0,0.0,0.0,0.0,0.0,0.0,2.4000000000000004,0.0,-1.8,0.0,0.0,16.0,25903.0
2026-07-30T18:59:42.219Z,151.702,151.716,0.0,7.4,0.0,0.0,0.0,0.0,0.0,0.0,0.0,0.0,1.0,0.0,0.0,0.0,9.0,4.0,0.0,0.0,0.0,0.0,0.0,0.0,0.0,0.0,2.0,12.0,1.0,12.17,5.0200000000000005,2.5,1.5,0.0,0.0,0.0,0.4,0.0,-0.1,-1.1,-0.7000000000000001,-169.70000000000002,0.0,0.0,169.70000000000002,0.0,21.3,30.3,30.200000000000003,30.9,300.0,300.0,31.0,35.0,29.9,29.3,31.1,4.96,1.99,4.97,0.16,0.0,0.0,1027.0,8228.0,0.0,0.0,0.0,0.0,0.0,1.0,0.0,0.0,0.0,0.0,0.0,-1.8,0.0,0.4,0.0,0.0002,16.0,25903.0
2026-07-30T18:59:42.231Z,151.714,151.728,0.0,7.4,0.0,0.0,0.0,0.0,0.0,0.0,0.0,0.0,1.0,0.0,0.0,0.0,9.0,4.0,0.0,0.0,0.0,0.0,0.0,0.0,0.0,0.0,3.0,12.0,1.0,12.17,5.0200000000000005,2.5,1.5,0.0,0.0,0.0,0.5,0.0,-0.7000000000000001,1.2000000000000002,1.5,-169.70000000000002,0.0,0.0,169.70000000000002,0.0,21.3,30.3,30.200000000000003,30.9,300.0,300.0,31.0,35.0,29.9,29.3,31.1,4.96,1.99,4.96,0.16,0.0,0.0,1027.0,8228.0,0.0,0.0,0.0,0.0,0.0,1.0,0.0,0.0,0.0,0.0,0.0,2.5,0.0,-1.1,0.0,0.0,16.0,25903.0
2026-07-30T18:59:42.244Z,151.727,151.74,0.0,7.4,0.0,0.0,0.0,0.0,0.0,0.0,0.0,0.0,1.0,0.0,0.0,0.0,9.0,4.0,0.0,0.0,0.0,0.0,0.0,0.0,0.0,0.0,4.0,12.0,1.0,12.17,5.0200000000000005,2.5,1.5,0.0,0.1,0.0,0.4,0.0,0.3,0.0,-0.2,-169.70000000000002,0.0,0.0,169.70000000000002,0.0,21.3,30.3,30.200000000000003,30.9,300.0,300.0,31.0,35.0,29.9,29.3,31.1,4.95,1.99,4.96,0.16,0.0,0.0,1027.0,8228.0,0.0,0.0,0.0,0.0,0.0,1.0,0.0,0.0,0.0,0.0,0.0,0.0,0.0,0.2,0.0,0.0,16.0,25903.0
2026-07-30T18:59:42.256Z,151.739,151.752,0.0,7.4,0.0,0.0,0.0,0.0,0.0,0.0,0.0,0.0,1.0,0.0,0.0,0.0,9.0,4.0,0.0,0.0,0.0,0.0,0.0,0.0,0.0,0.0,5.0,12.0,1.0,12.17,5.0200000000000005,2.5,1.5,0.0,0.0,0.0,0.4,0.0,0.3,-0.5,-0.2,-169.70000000000002,0.0,0.0,169.70000000000002,0.0,21.3,30.3,30.200000000000003,30.9,300.0,300.0,31.0,35.0,29.9,29.3,31.1,4.96,1.99,4.97,0.16,0.0,0.0,1027.0,8228.0,0.0,0.0,0.0,0.0,0.0,1.0,0.0,0.0,0.0,0.0,0.0,-0.7000000000000001,0.0,0.0,0.0,0.0001,16.0,25903.0
2026-07-30T18:59:42.268Z,151.751,151.764,0.0,7.4,0.0,0.0,0.0,0.0,0.0,0.0,0.0,0.0,1.0,0.0,0.0,0.0,9.0,4.0,0.0,0.0,0.0,0.0,0.0,0.0,0.0,0.0,6.0,12.0,1.0,12.17,5.0200000000000005,2.5,1.5,0.0,0.0,0.0,0.4,0.0,-0.2,0.6000000000000001,0.9,-169.70000000000002,0.0,0.0,169.8,0.0,21.3,30.3,30.200000000000003,30.9,300.0,300.0,31.0,35.0,29.9,29.3,31.1,4.96,1.99,4.96,0.16,0.0,0.0,1027.0,8228.0,0.0,0.0,0.0,0.0,0.0,1.0,0.0,0.0,0.0,0.0,0.0,1.4,0.0,-0.6000000000000001,0.0,0.0001,16.0,25903.0
2026-07-30T18:59:42.281Z,151.764,151.776,0.0,7.4,0.0,0.0,0.0,0.0,0.0,0.0,0.0,0.0,1.0,0.0,0.0,0.0,9.0,4.0,0.0,0.0,0.0,0.0,0.0,0.0,0.0,0.0,6.0,12.0,1.0,12.17,5.0200000000000005,2.5,1.49,0.0,0.0,0.0,0.4,0.0,0.3,0.0,-0.7000000000000001,-169.70000000000002,0.0,0.0,169.70000000000002,0.0,21.4,30.3,30.200000000000003,30.9,300.0,300.0,31.1,35.0,29.9,29.3,31.1,4.96,1.99,4.97,0.16,0.0,0.0,1027.0,8228.0,0.0,0.0,0.0,0.0,0.0,1.0,0.0,0.0,0.0,0.0,0.0,-0.4,0.0,0.6000000000000001,0.0,0.0002,16.0,25903.0
2026-07-30T18:59:42.292Z,151.775,151.788,0.0,7.4,0.0,0.0,0.0,0.0,0.0,0.0,0.0,0.0,1.0,0.0,0.0,0.0,9.0,4.0,0.0,0.0,0.0,0.0,0.0,0.0,0.0,0.0,2.0,12.0,1.0,12.17,5.0200000000000005,2.5,1.49,0.0,0.0,0.0,0.4,0.0,-0.8,-0.4,0.4,-169.70000000000002,0.0,0.0,169.70000000000002,0.0,21.4,30.3,30.200000000000003,30.9,300.0,300.0,31.1,35.0,29.9,29.3,31.1,4.95,1.99,4.97,0.16,0.0,0.0,1027.0,8228.0,0.0,0.0,0.0,0.0,0.0,1.0,0.0,0.0,0.0,0.0,0.0,-0.1,0.0,-0.5,0.0,0.0002,16.0,25903.0
2026-07-30T18:59:42.303Z,151.786,151.8,0.0,7.4,0.0,0.0,0.0,0.0,0.0,0.0,0.0,0.0,1.0,0.0,0.0,0.0,9.0,4.0,0.0,0.0,0.0,0.0,0.0,0.0,0.0,0.0,3.0,12.0,1.0,12.17,5.0200000000000005,2.5,1.49,0.0,0.1,0.0,0.4,0.0,0.3,0.1,0.4,-169.70000000000002,0.0,0.0,169.8,0.0,21.4,30.3,30.200000000000003,30.9,300.0,300.0,31.1,35.0,29.9,29.3,31.1,4.96,1.99,4.96,0.16,0.0,0.0,1027.0,8228.0,0.0,0.0,0.0,0.0,0.0,1.0,0.0,0.0,0.0,0.0,0.0,0.5,0.0,-0.4,0.0,0.0,16.0,25903.0
2026-07-30T18:59:42.315Z,151.798,151.812,0.0,7.4,0.0,0.0,0.0,0.0,0.0,0.0,0.0,0.0,1.0,0.0,0.0,0.0,9.0,4.0,0.0,0.0,0.0,0.0,0.0,0.0,0.0,0.0,4.0,12.0,1.0,12.17,5.0200000000000005,2.5,1.49,0.0,0.0,0.0,0.5,0.0,0.4,-0.4,0.5,-169.70000000000002,0.0,0.0,169.70000000000002,0.0,21.4,30.3,30.200000000000003,30.9,300.0,300.0,31.1,35.0,29.9,29.3,31.1,4.96,1.99,4.96,0.16,0.0,0.0,1027.0,8228.0,0.0,0.0,0.0,0.0,0.0,1.0,0.0,0.0,0.0,0.0,0.0,0.0,0.0,-0.5,0.0,0.0002,16.0,25903.0
2026-07-30T18:59:42.327Z,151.81,151.824,0.0,7.4,0.0,0.0,0.0,0.0,0.0,0.0,0.0,0.0,1.0,0.0,0.0,0.0,9.0,4.0,0.0,0.0,0.0,0.0,0.0,0.0,0.0,0.0,5.0,12.0,1.0,12.17,5.0200000000000005,2.5,1.49,0.0,0.1,0.0,0.4,0.0,0.4,1.3,0.0,-169.70000000000002,0.0,0.0,169.8,0.0,21.4,30.3,30.200000000000003,30.9,300.0,300.0,31.1,35.0,29.9,29.3,31.1,4.96,1.99,4.97,0.16,0.0,0.0,1027.0,8228.0,0.0,0.0,0.0,0.0,0.0,1.0,0.0,0.0,0.0,0.0,0.0,1.5,0.0,0.3,0.0,0.0001,16.0,25903.0
2026-07-30T18:59:42.340Z,151.823,151.836,0.0,7.4,0.0,0.0,0.0,0.0,0.0,0.0,0.0,0.0,1.0,0.0,0.0,0.0,9.0,4.0,0.0,0.0,0.0,0.0,0.0,0.0,0.0,0.0,6.0,12.0,1.0,12.17,5.0200000000000005,2.5,1.49,0.0,0.0,0.0,0.4,0.0,-0.1,0.7000000000000001,0.0,-169.70000000000002,0.0,0.0,169.60000000000002,0.0,21.4,30.3,30.200000000000003,30.9,300.0,300.0,31.1,35.0,29.9,29.3,31.1,4.95,1.99,4.97,0.16,0.0,0.0,1027.0,8228.0,0.0,0.0,0.0,0.0,0.0,1.0,0.0,0.0,0.0,0.0,0.0,0.8,0.0,0.2,0.0,0.0,16.0,25903.0
2026-07-30T18:59:42.352Z,151.835,151.848,0.0,7.4,0.0,0.0,0.0,0.0,0.0,0.0,0.0,0.0,1.0,0.0,0.0,0.0,9.0,4.0,0.0,0.0,0.0,0.0,0.0,0.0,0.0,0.0,1.0,12.0,1.0,12.17,5.0200000000000005,2.5,1.49,0.0,0.0,0.0,0.4,0.0,0.9,0.7000000000000001,0.4,-169.70000000000002,0.0,0.0,169.70000000000002,0.0,21.4,30.3,30.200000000000003,30.9,300.0,300.0,31.1,35.0,29.9,29.3,31.1,4.95,1.99,4.96,0.17,0.0,0.0,1027.0,8228.0,0.0,0.0,0.0,0.0,0.0,1.0,0.0,0.0,0.0,0.0,0.0,1.2000000000000002,0.0,-0.2,0.0,0.0002,16.0,25903.0
2026-07-30T18:59:42.363Z,151.846,151.86,0.0,7.4,0.0,0.0,0.0,0.0,0.0,0.0,0.0,0.0,1.0,0.0,0.0,0.0,9.0,4.0,0.0,0.0,0.0,0.0,0.0,0.0,0.0,0.0,2.0,12.0,1.0,12.17,5.0200000000000005,2.5,1.49,0.0,0.1,0.0,0.4,0.0,-0.2,0.1,-1.2000000000000002,-169.70000000000002,0.0,0.0,169.70000000000002,0.0,21.4,30.3,30.200000000000003,30.9,300.0,300.0,31.1,35.0,29.9,29.3,31.1,4.95,1.99,4.97,0.17,0.0,0.0,1027.0,8228.0,0.0,0.0,0.0,0.0,0.0,1.0,0.0,0.0,0.0,0.0,0.0,-0.8,0.0,1.1,0.0,0.0,16.0,25903.0
2026-07-30T18:59:42.380Z,151.863,151.872,0.0,7.4,0.0,0.0,0.0,0.0,0.0,0.0,0.0,0.0,1.0,0.0,0.0,0.0,9.0,4.0,0.0,0.0,0.0,0.0,0.0,0.0,0.0,0.0,3.0,12.0,1.0,12.17,5.0200000000000005,2.5,1.49,0.0,0.0,0.0,0.4,0.0,-0.1,-0.4,-1.2000000000000002,-169.70000000000002,0.0,0.0,169.70000000000002,0.0,21.4,30.3,30.200000000000003,30.9,300.0,300.0,31.1,35.0,29.9,29.3,31.1,4.95,1.99,4.96,0.16,0.0,0.0,1027.0,8228.0,0.0,0.0,0.0,0.0,0.0,1.0,0.0,0.0,0.0,0.0,0.0,-1.4,0.0,1.0,0.0,0.0001,16.0,25903.0
2026-07-30T18:59:42.388Z,151.871,151.884,0.0,7.4,0.0,0.0,0.0,0.0,0.0,0.0,0.0,0.0,1.0,0.0,0.0,0.0,9.0,4.0,0.0,0.0,0.0,0.0,0.0,0.0,0.0,0.0,1.0,12.0,1.0,12.17,5.01,2.5,1.49,0.0,0.1,0.0,0.4,0.0,0.3,0.7000000000000001,2.2,-169.70000000000002,0.0,0.0,169.70000000000002,0.0,21.4,30.200000000000003,30.200000000000003,30.9,300.0,300.0,30.9,35.0,29.9,29.3,31.1,4.96,1.99,4.96,0.16,0.0,0.0,1027.0,8228.0,0.0,0.0,0.0,0.0,0.0,1.0,0.0,0.0,0.0,0.0,0.0,2.5,0.0,-1.8,0.0,0.0,16.0,25903.0
2026-07-30T18:59:42.400Z,151.883,151.89600000000002,0.0,7.4,0.0,0.0,0.0,0.0,0.0,0.0,0.0,0.0,1.0,0.0,0.0,0.0,9.0,4.0,0.0,0.0,0.0,0.0,0.0,0.0,0.0,0.0,1.0,12.0,1.0,12.17,5.01,2.5,1.49,0.0,0.0,0.0,0.4,0.0,-0.7000000000000001,-1.0,-0.6000000000000001,-169.70000000000002,0.0,0.0,169.8,0.0,21.4,30.200000000000003,30.200000000000003,30.9,300.0,300.0,30.9,35.0,29.9,29.3,31.1,4.96,1.99,4.97,0.16,0.0,0.0,1027.0,8228.0,0.0,0.0,0.0,0.0,0.0,1.0,0.0,0.0,0.0,0.0,0.0,-1.6,0.0,0.3,0.0,0.0,16.0,25903.0
2026-07-30T18:59:42.412Z,151.895,151.90800000000002,0.0,7.4,0.0,0.0,0.0,0.0,0.0,0.0,0.0,0.0,1.0,0.0,0.0,0.0,9.0,4.0,0.0,0.0,0.0,0.0,0.0,0.0,0.0,0.0,3.0,12.0,1.0,12.17,5.01,2.5,1.49,0.0,0.0,0.0,0.4,0.0,0.9,0.7000000000000001,2.3000000000000003,-169.70000000000002,0.0,0.0,169.8,0.0,21.4,30.200000000000003,30.200000000000003,30.9,300.0,300.0,30.9,35.0,29.9,29.3,31.1,4.95,1.99,4.97,0.16,0.0,0.0,1027.0,8228.0,0.0,0.0,0.0,0.0,0.0,1.0,0.0,0.0,0.0,0.0,0.0,2.5,0.0,-1.9,0.0,0.0001,16.0,25903.0
2026-07-30T18:59:42.424Z,151.907,151.92000000000002,0.0,7.4,0.0,0.0,0.0,0.0,0.0,0.0,0.0,0.0,1.0,0.0,0.0,0.0,9.0,4.0,0.0,0.0,0.0,0.0,0.0,0.0,0.0,0.0,4.0,12.0,1.0,12.17,5.01,2.5,1.49,0.0,0.0,0.0,0.4,0.0,-0.2,-0.4,-0.6000000000000001,-169.70000000000002,0.0,0.0,169.8,0.0,21.4,30.200000000000003,30.200000000000003,30.9,300.0,300.0,30.9,35.0,29.9,29.3,31.1,4.95,1.99,4.96,0.16,0.0,0.0,1027.0,8228.0,0.0,0.0,0.0,0.0,0.0,1.0,0.0,0.0,0.0,0.0,0.0,-1.0,0.0,0.4,0.0,0.0,16.0,25903.0
2026-07-30T18:59:42.435Z,151.918,151.93200000000002,0.0,7.4,0.0,0.0,0.0,0.0,0.0,0.0,0.0,0.0,1.0,0.0,0.0,0.0,9.0,4.0,0.0,0.0,0.0,0.0,0.0,0.0,0.0,0.0,5.0,12.0,1.0,12.17,5.01,2.5,1.49,0.0,0.0,0.0,0.4,0.0,0.9,0.0,-0.6000000000000001,-169.70000000000002,0.0,0.0,169.8,0.0,21.4,30.200000000000003,30.200000000000003,30.9,300.0,300.0,30.9,35.0,29.9,29.3,31.1,4.96,1.99,4.96,0.16,0.0,0.0,1027.0,8228.0,0.0,0.0,0.0,0.0,0.0,1.0,0.0,0.0,0.0,0.0,0.0,-0.3,0.0,0.5,0.0,0.0001,16.0,25903.0
2026-07-30T18:59:42.448Z,151.931,151.94400000000002,0.0,7.4,0.0,0.0,0.0,0.0,0.0,0.0,0.0,0.0,1.0,0.0,0.0,0.0,9.0,4.0,0.0,0.0,0.0,0.0,0.0,0.0,0.0,0.0,6.0,12.0,1.0,12.17,5.01,2.5,1.49,0.0,0.0,0.0,0.4,0.0,0.3,0.0,0.5,-169.70000000000002,0.0,0.0,169.8,0.0,21.4,30.200000000000003,30.200000000000003,30.9,300.0,300.0,30.9,35.0,29.9,29.3,31.1,4.95,1.99,4.96,0.16,0.0,0.0,1027.0,8228.0,0.0,0.0,0.0,0.0,0.0,1.0,0.0,0.0,0.0,0.0,0.0,0.4,0.0,-0.4,0.0,0.0001,16.0,25903.0
2026-07-30T18:59:42.459Z,151.942,151.95600000000002,0.0,7.4,0.0,0.0,0.0,0.0,0.0,0.0,0.0,0.0,1.0,0.0,0.0,0.0,9.0,4.0,0.0,0.0,0.0,0.0,0.0,0.0,0.0,0.0,1.0,12.0,1.0,12.17,5.01,2.5,1.49,0.0,0.0,0.0,0.4,0.0,-0.1,0.1,-0.6000000000000001,-169.70000000000002,0.0,0.0,169.8,0.0,21.4,30.200000000000003,30.200000000000003,30.9,300.0,300.0,30.9,35.0,29.9,29.3,31.1,4.96,1.99,4.96,0.16,0.0,0.0,1027.0,8228.0,0.0,0.0,0.0,0.0,0.0,1.0,0.0,0.0,0.0,0.0,0.0,-0.3,0.0,0.5,0.0,0.0,16.0,25903.0
2026-07-30T18:59:42.472Z,151.955,151.968,0.0,7.4,0.0,0.0,0.0,0.0,0.0,0.0,0.0,0.0,1.0,0.0,0.0,0.0,9.0,4.0,0.0,0.0,0.0,0.0,0.0,0.0,0.0,0.0,2.0,12.0,1.0,12.17,5.01,2.5,1.49,0.0,0.0,0.0,0.4,0.0,-0.2,0.0,-0.6000000000000001,-169.70000000000002,0.0,0.0,169.8,0.0,21.4,30.200000000000003,30.200000000000003,30.9,300.0,300.0,30.9,35.0,29.9,29.3,31.1,4.96,1.99,4.96,0.16,0.0,0.0,1027.0,8228.0,0.0,0.0,0.0,0.0,0.0,1.0,0.0,0.0,0.0,0.0,0.0,-0.4,0.0,0.6000000000000001,0.0,0.0001,16.0,25903.0
2026-07-30T18:59:42.485Z,151.968,151.98,0.0,7.4,0.0,0.0,0.0,0.0,0.0,0.0,0.0,0.0,1.0,0.0,0.0,0.0,9.0,4.0,0.0,0.0,0.0,0.0,0.0,0.0,0.0,0.0,3.0,12.0,1.0,12.17,5.01,2.51,1.49,0.0,0.0,0.0,0.4,0.0,-0.2,1.2000000000000002,0.4,-169.70000000000002,0.0,0.0,169.8,0.0,21.0,30.200000000000003,30.200000000000003,30.9,300.0,300.0,31.0,35.0,29.9,29.3,31.0,4.95,1.99,4.96,0.16,0.0,0.0,1027.0,8228.0,0.0,0.0,0.0,0.0,0.0,1.0,0.0,0.0,0.0,0.0,0.0,0.4,0.0,-0.4,0.0,0.0,16.0,25903.0
2026-07-30T18:59:42.496Z,151.979,151.992,0.0,7.4,0.0,0.0,0.0,0.0,0.0,0.0,0.0,0.0,1.0,0.0,0.0,0.0,9.0,4.0,0.0,0.0,0.0,0.0,0.0,0.0,0.0,0.0,4.0,12.0,1.0,12.17,5.01,2.51,1.49,0.0,0.0,0.0,0.4,0.0,-0.2,-0.5,-0.7000000000000001,-169.70000000000002,0.0,0.0,169.70000000000002,0.0,21.0,30.200000000000003,30.200000000000003,30.9,300.0,300.0,31.0,35.0,29.9,29.3,31.0,4.95,1.99,4.97,0.16,0.0,0.0,1027.0,8228.0,0.0,0.0,0.0,0.0,0.0,1.0,0.0,0.0,0.0,0.0,0.0,-1.6,0.0,1.0,0.0,0.0,16.0,25903.0
2026-07-30T18:59:42.507Z,151.99,152.004,0.0,7.4,0.0,0.0,0.0,0.0,0.0,0.0,0.0,0.0,1.0,0.0,0.0,0.0,9.0,4.0,0.0,0.0,0.0,0.0,0.0,0.0,0.0,0.0,6.0,12.0,1.0,12.17,5.01,2.51,1.49,0.0,0.0,0.0,0.4,0.0,-0.3,0.5,-0.1,-169.70000000000002,0.0,0.0,169.8,0.0,21.0,30.200000000000003,30.200000000000003,30.9,300.0,300.0,31.0,35.0,29.9,29.3,31.0,4.96,1.99,4.96,0.16,0.0,0.0,1027.0,8228.0,0.0,0.0,0.0,0.0,0.0,1.0,0.0,0.0,0.0,0.0,0.0,1.2000000000000002,0.0,-1.4,0.0,0.0001,16.0,25903.0
2026-07-30T18:59:42.519Z,152.002,152.016,0.0,7.4,0.0,0.0,0.0,0.0,0.0,0.0,0.0,0.0,1.0,0.0,0.0,0.0,9.0,4.0,0.0,0.0,0.0,0.0,0.0,0.0,0.0,0.0,1.0,12.0,1.0,12.17,5.01,2.51,1.49,0.0,0.0,0.0,0.4,0.0,0.2,0.0,0.4,-169.70000000000002,0.0,0.0,169.8,0.0,21.0,30.200000000000003,30.200000000000003,30.9,300.0,300.0,31.0,35.0,29.9,29.3,31.0,4.96,2.0,4.97,0.16,0.0,0.0,1027.0,8228.0,0.0,0.0,0.0,0.0,0.0,1.0,0.0,0.0,0.0,0.0,0.0,0.2,0.0,-0.4,0.0,0.0,16.0,25903.0
2026-07-30T18:59:42.532Z,152.015,152.028,0.0,7.4,0.0,0.0,0.0,0.0,0.0,0.0,0.0,0.0,1.0,0.0,0.0,0.0,9.0,4.0,0.0,0.0,0.0,0.0,0.0,0.0,0.0,0.0,2.0,12.0,1.0,12.17,5.01,2.51,1.49,0.0,0.0,0.0,0.4,0.0,0.8,0.5,0.4,-169.70000000000002,0.0,0.0,169.8,0.0,21.0,30.200000000000003,30.200000000000003,30.9,300.0,300.0,31.0,35.0,29.9,29.3,31.0,4.95,1.99,4.97,0.16,0.0,0.0,1027.0,8228.0,0.0,0.0,0.0,0.0,0.0,1.0,0.0,0.0,0.0,0.0,0.0,0.9,0.0,-0.2,0.0,0.0,16.0,25903.0
2026-07-30T18:59:42.543Z,152.026,152.04,0.0,7.4,0.0,0.0,0.0,0.0,0.0,0.0,0.0,0.0,1.0,0.0,0.0,0.0,9.0,4.0,0.0,0.0,0.0,0.0,0.0,0.0,0.0,0.0,3.0,12.0,1.0,12.17,5.01,2.51,1.49,0.0,0.0,0.0,0.4,0.0,-0.3,0.0,-0.1,-169.70000000000002,0.0,0.0,169.8,0.0,21.0,30.200000000000003,30.200000000000003,30.9,300.0,300.0,31.0,35.0,29.9,29.3,31.0,4.95,1.99,4.96,0.16,0.0,0.0,1027.0,8228.0,0.0,0.0,0.0,0.0,0.0,1.0,0.0,0.0,0.0,0.0,0.0,0.0,0.0,0.0,0.0,0.0001,16.0,25903.0
2026-07-30T18:59:42.556Z,152.039,152.052,0.0,7.4,0.0,0.0,0.0,0.0,0.0,0.0,0.0,0.0,1.0,0.0,0.0,0.0,9.0,4.0,0.0,0.0,0.0,0.0,0.0,0.0,0.0,0.0,4.0,12.0,1.0,12.17,5.01,2.51,1.49,0.0,0.0,0.0,0.5,0.0,1.4,0.5,0.0,-169.70000000000002,0.0,0.0,169.8,0.0,21.0,30.200000000000003,30.200000000000003,30.9,300.0,300.0,31.0,35.0,29.9,29.3,31.0,4.95,2.0,4.96,0.16,0.0,0.0,1027.0,8228.0,0.0,0.0,0.0,0.0,0.0,1.0,0.0,0.0,0.0,0.0,0.0,0.5,0.0,0.1,0.0,0.0,16.0,25903.0
2026-07-30T18:59:42.568Z,152.051,152.064,0.0,7.4,0.0,0.0,0.0,0.0,0.0,0.0,0.0,0.0,1.0,0.0,0.0,0.0,9.0,4.0,0.0,0.0,0.0,0.0,0.0,0.0,0.0,0.0,5.0,12.0,1.0,12.17,5.01,2.51,1.49,0.0,0.0,0.0,0.4,0.0,-0.3,0.5,-0.6000000000000001,-169.70000000000002,0.0,0.0,169.8,0.0,21.0,30.200000000000003,30.200000000000003,30.9,300.0,300.0,31.0,35.0,29.9,29.3,31.0,4.95,1.99,4.97,0.16,0.0,0.0,1027.0,8228.0,0.0,0.0,0.0,0.0,0.0,1.0,0.0,0.0,0.0,0.0,0.0,0.1,0.0,0.7000000000000001,0.0,0.0,16.0,25903.0
2026-07-30T18:59:42.579Z,152.062,152.076,0.0,7.4,0.0,0.0,0.0,0.0,0.0,0.0,0.0,0.0,1.0,0.0,0.0,0.0,9.0,4.0,0.0,0.0,0.0,0.0,0.0,0.0,0.0,0.0,1.0,12.0,1.0,12.17,5.01,2.51,1.49,0.0,0.0,0.0,0.4,0.0,-0.2,0.0,0.5,-169.70000000000002,0.0,0.0,169.8,0.0,21.0,30.200000000000003,30.200000000000003,30.9,300.0,300.0,31.0,35.0,29.9,29.3,31.0,4.96,1.99,4.97,0.16,0.0,0.0,1027.0,8228.0,0.0,0.0,0.0,0.0,0.0,1.0,0.0,0.0,0.0,0.0,0.0,0.4,0.0,-0.4,0.0,0.0,16.0,25903.0
2026-07-30T18:59:42.592Z,152.075,152.088,0.0,7.4,0.0,0.0,0.0,0.0,0.0,0.0,0.0,0.0,1.0,0.0,0.0,0.0,9.0,4.0,0.0,0.0,0.0,0.0,0.0,0.0,0.0,0.0,2.0,12.0,1.0,12.18,5.01,2.51,1.49,0.0,0.1,0.0,0.4,0.0,-0.2,0.0,-0.6000000000000001,-169.70000000000002,0.0,0.0,169.8,0.0,21.700000000000003,30.200000000000003,30.200000000000003,30.9,300.0,300.0,31.0,35.0,29.9,29.3,31.0,4.96,1.99,4.96,0.16,0.0,0.0,1027.0,8228.0,0.0,0.0,0.0,0.0,0.0,1.0,0.0,0.0,0.0,0.0,0.0,-0.4,0.0,0.5,0.0,0.0,16.0,25903.0
2026-07-30T18:59:42.603Z,152.086,152.1,0.0,7.4,0.0,0.0,0.0,0.0,0.0,0.0,0.0,0.0,1.0,0.0,0.0,0.0,9.0,4.0,0.0,0.0,0.0,0.0,0.0,0.0,0.0,0.0,4.0,12.0,1.0,12.18,5.01,2.51,1.49,0.0,0.0,0.0,0.4,0.0,-0.8,-1.0,0.5,-169.70000000000002,0.0,0.0,169.8,0.0,21.700000000000003,30.200000000000003,30.200000000000003,30.9,300.0,300.0,31.0,35.0,29.9,29.3,31.0,4.95,1.99,4.97,0.16,0.0,0.0,1027.0,8228.0,0.0,0.0,0.0,0.0,0.0,1.0,0.0,0.0,0.0,0.0,0.0,-0.8,0.0,-0.7000000000000001,0.0,0.0,16.0,25903.0
2026-07-30T18:59:42.615Z,152.098,152.112,0.0,7.4,0.0,0.0,0.0,0.0,0.0,0.0,0.0,0.0,1.0,0.0,0.0,0.0,9.0,4.0,0.0,0.0,0.0,0.0,0.0,0.0,0.0,0.0,5.0,12.0,1.0,12.18,5.01,2.51,1.49,0.0,0.0,0.0,0.4,0.0,-0.2,0.6000000000000001,-1.2000000000000002,-169.70000000000002,0.0,0.0,169.8,0.0,21.700000000000003,30.200000000000003,30.200000000000003,30.9,300.0,300.0,31.0,35.0,29.9,29.3,31.0,4.95,1.99,4.96,0.16,0.0,0.0,1027.0,8228.0,0.0,0.0,0.0,0.0,0.0,1.0,0.0,0.0,0.0,0.0,0.0,-0.1,0.0,1.1,0.0,0.0,16.0,25903.0
2026-07-30T18:59:42.628Z,152.111,152.124,0.0,7.4,0.0,0.0,0.0,0.0,0.0,0.0,0.0,0.0,1.0,0.0,0.0,0.0,9.0,4.0,0.0,0.0,0.0,0.0,0.0,0.0,0.0,0.0,6.0,12.0,1.0,12.18,5.01,2.51,1.49,0.0,0.0,0.0,0.4,0.0,-0.7000000000000001,-0.4,0.0,-169.70000000000002,0.0,0.0,169.8,0.0,21.700000000000003,30.200000000000003,30.200000000000003,30.9,300.0,300.0,31.0,35.0,29.9,29.3,31.0,4.96,1.99,4.96,0.16,0.0,0.0,1027.0,8228.0,0.0,0.0,0.0,0.0,0.0,1.0,0.0,0.0,0.0,0.0,0.0,-0.5,0.0,-0.1,0.0,0.0,16.0,25903.0
2026-07-30T18:59:42.640Z,152.123,152.136,0.0,7.4,0.0,0.0,0.0,0.0,0.0,0.0,0.0,0.0,1.0,0.0,0.0,0.0,9.0,4.0,0.0,0.0,0.0,0.0,0.0,0.0,0.0,0.0,6.0,12.0,1.0,12.18,5.01,2.51,1.49,0.0,0.0,0.0,0.4,0.0,0.4,0.1,1.1,-169.70000000000002,0.0,0.0,169.8,0.0,21.700000000000003,30.200000000000003,30.200000000000003,30.9,300.0,300.0,31.0,35.0,29.9,29.3,31.0,4.96,1.99,4.96,0.16,0.0,0.0,1027.0,8228.0,0.0,0.0,0.0,0.0,0.0,1.0,0.0,0.0,0.0,0.0,0.0,1.0,0.0,-1.0,0.0,0.0,16.0,25903.0
2026-07-30T18:59:42.652Z,152.135,152.148,0.0,7.4,0.0,0.0,0.0,0.0,0.0,0.0,0.0,0.0,1.0,0.0,0.0,0.0,9.0,4.0,0.0,0.0,0.0,0.0,0.0,0.0,0.0,0.0,2.0,12.0,1.0,12.18,5.01,2.51,1.49,0.0,0.0,0.0,0.4,0.0,-0.1,-0.4,1.2000000000000002,-169.70000000000002,0.0,0.0,169.8,0.0,21.700000000000003,30.200000000000003,30.200000000000003,30.9,300.0,300.0,31.0,35.0,29.9,29.3,31.0,4.95,1.99,4.97,0.16,0.0,0.0,1027.0,8228.0,0.0,0.0,0.0,0.0,0.0,1.0,0.0,0.0,0.0,0.0,0.0,0.3,0.0,-1.1,0.0,0.0,16.0,25903.0
2026-07-30T18:59:42.664Z,152.147,152.16,0.0,7.4,0.0,0.0,0.0,0.0,0.0,0.0,0.0,0.0,1.0,0.0,0.0,0.0,9.0,4.0,0.0,0.0,0.0,0.0,0.0,0.0,0.0,0.0,2.0,12.0,1.0,12.18,5.01,2.51,1.49,0.0,0.0,0.0,0.4,0.0,-0.7000000000000001,0.0,0.6000000000000001,-169.70000000000002,0.0,0.0,169.8,0.0,21.700000000000003,30.200000000000003,30.200000000000003,30.9,300.0,300.0,31.0,35.0,29.9,29.3,31.0,4.95,1.99,4.96,0.16,0.0,0.0,1027.0,8228.0,0.0,0.0,0.0,0.0,0.0,1.0,0.0,0.0,0.0,0.0,0.0,0.5,0.0,-0.5,0.0,0.0,16.0,25903.0
2026-07-30T18:59:42.676Z,152.159,152.172,0.0,7.4,0.0,0.0,0.0,0.0,0.0,0.0,0.0,0.0,1.0,0.0,0.0,0.0,9.0,4.0,0.0,0.0,0.0,0.0,0.0,0.0,0.0,0.0,3.0,12.0,1.0,12.18,5.01,2.51,1.49,0.0,0.0,0.0,0.4,0.0,-0.7000000000000001,0.1,-1.1,-169.70000000000002,0.0,0.0,169.8,0.0,21.700000000000003,30.200000000000003,30.200000000000003,30.9,300.0,300.0,31.0,35.0,29.9,29.3,31.0,4.96,1.99,4.96,0.16,0.0,0.0,1027.0,8228.0,0.0,0.0,0.0,0.0,0.0,1.0,0.0,0.0,0.0,0.0,0.0,-0.6000000000000001,0.0,1.0,0.0,0.0,16.0,25903.0
2026-07-30T18:59:42.692Z,152.175,152.184,0.0,7.4,0.0,0.0,0.0,0.0,0.0,0.0,0.0,0.0,1.0,0.0,0.0,0.0,9.0,4.0,0.0,0.0,0.0,0.0,0.0,0.0,0.0,0.0,3.0,12.0,1.0,12.17,5.01,2.5,1.5,0.0,0.0,0.0,0.4,0.0,0.4,-1.0,-0.5,-169.70000000000002,0.0,0.0,169.8,0.0,21.700000000000003,30.200000000000003,30.200000000000003,30.9,300.0,300.0,31.200000000000003,35.0,29.9,29.3,31.0,4.95,1.99,4.96,0.16,0.0,0.0,1027.0,8228.0,0.0,0.0,0.0,0.0,0.0,1.0,0.0,0.0,0.0,0.0,0.0,-1.6,0.0,0.2,0.0,0.0001,16.0,25903.0
2026-07-30T18:59:42.700Z,152.183,152.196,0.0,7.4,0.0,0.0,0.0,0.0,0.0,0.0,0.0,0.0,1.0,0.0,0.0,0.0,9.0,4.0,0.0,0.0,0.0,0.0,0.0,0.0,0.0,0.0,1.0,12.0,1.0,12.17,5.01,2.5,1.5,0.0,0.0,0.0,0.4,0.0,-0.1,0.1,2.4000000000000004,-169.70000000000002,0.0,0.0,169.70000000000002,0.0,21.700000000000003,30.200000000000003,30.200000000000003,30.9,300.0,300.0,31.200000000000003,35.0,29.9,29.3,31.0,4.96,1.99,4.97,0.16,0.0,0.0,1027.0,8228.0,0.0,0.0,0.0,0.0,0.0,1.0,0.0,0.0,0.0,0.0,0.0,1.9,0.0,-2.0,0.0,0.0,16.0,25903.0
2026-07-30T18:59:42.711Z,152.194,152.208,0.0,7.4,0.0,0.0,0.0,0.0,0.0,0.0,0.0,0.0,1.0,0.0,0.0,0.0,9.0,4.0,0.0,0.0,0.0,0.0,0.0,0.0,0.0,0.0,1.0,12.0,1.0,12.17,5.01,2.5,1.5,0.0,0.0,0.0,0.4,0.0,-0.8,0.6000000000000001,0.0,-169.70000000000002,0.0,0.0,169.8,0.0,21.700000000000003,30.200000000000003,30.200000000000003,30.9,300.0,300.0,31.200000000000003,35.0,29.9,29.3,31.0,4.96,2.0,4.96,0.16,0.0,0.0,1027.0,8228.0,0.0,0.0,0.0,0.0,0.0,1.0,0.0,0.0,0.0,0.0,0.0,0.8,0.0,0.0,0.0,0.0,16.0,25903.0
2026-07-30T18:59:42.723Z,152.206,152.22,0.0,7.4,0.0,0.0,0.0,0.0,0.0,0.0,0.0,0.0,1.0,0.0,0.0,0.0,9.0,4.0,0.0,0.0,0.0,0.0,0.0,0.0,0.0,0.0,2.0,12.0,1.0,12.17,5.01,2.5,1.5,0.0,0.1,0.0,0.4,0.0,0.9,0.0,1.2000000000000002,-169.70000000000002,0.0,0.0,169.8,0.0,21.700000000000003,30.200000000000003,30.200000000000003,30.9,300.0,300.0,31.200000000000003,35.0,29.9,29.3,31.0,4.96,1.99,4.96,0.16,0.0,0.0,1027.0,8228.0,0.0,0.0,0.0,0.0,0.0,1.0,0.0,0.0,0.0,0.0,0.0,1.0,0.0,-1.0,0.0,0.0001,16.0,25903.0
2026-07-30T18:59:42.735Z,152.218,152.232,0.0,7.4,0.0,0.0,0.0,0.0,0.0,0.0,0.0,0.0,1.0,0.0,0.0,0.0,9.0,4.0,0.0,0.0,0.0,0.0,0.0,0.0,0.0,0.0,3.0,12.0,1.0,12.17,5.01,2.5,1.5,0.0,0.0,0.0,0.4,0.0,0.3,0.0,-0.5,-169.70000000000002,0.0,0.0,169.8,0.0,21.700000000000003,30.200000000000003,30.200000000000003,30.9,300.0,300.0,31.200000000000003,35.0,29.9,29.3,31.0,4.95,1.99,4.97,0.16,0.0,0.0,1027.0,8228.0,0.0,0.0,0.0,0.0,0.0,1.0,0.0,0.0,0.0,0.0,0.0,-0.2,0.0,0.4,0.0,0.0001,16.0,25903.0
2026-07-30T18:59:42.747Z,152.23,152.244,0.0,7.4,0.0,0.0,0.0,0.0,0.0,0.0,0.0,0.0,1.0,0.0,0.0,0.0,9.0,4.0,0.0,0.0,0.0,0.0,0.0,0.0,0.0,0.0,4.0,12.0,1.0,12.17,5.01,2.5,1.5,0.0,0.1,0.0,0.4,0.0,-0.8,-1.0,0.1,-169.70000000000002,0.0,0.0,169.8,0.0,21.700000000000003,30.200000000000003,30.200000000000003,30.9,300.0,300.0,31.200000000000003,35.0,29.9,29.3,31.0,4.95,2.0,4.97,0.16,0.0,0.0,1027.0,8228.0,0.0,0.0,0.0,0.0,0.0,1.0,0.0,0.0,0.0,0.0,0.0,-1.1,0.0,-0.3,0.0,0.0,16.0,25903.0
2026-07-30T18:59:42.759Z,152.242,152.256,0.0,7.4,0.0,0.0,0.0,0.0,0.0,0.0,0.0,0.0,1.0,0.0,0.0,0.0,9.0,4.0,0.0,0.0,0.0,0.0,0.0,0.0,0.0,0.0,5.0,12.0,1.0,12.17,5.01,2.5,1.5,0.0,0.0,0.0,0.4,0.0,0.3,0.6000000000000001,2.4000000000000004,-169.70000000000002,0.0,0.0,169.8,0.0,21.700000000000003,30.200000000000003,30.200000000000003,30.9,300.0,300.0,31.200000000000003,35.0,29.9,29.3,31.0,4.95,1.99,4.97,0.16,0.0,0.0,1027.0,8228.0,0.0,0.0,0.0,0.0,0.0,1.0,0.0,0.0,0.0,0.0,0.0,2.5,0.0,-2.0,0.0,0.0,16.0,25903.0
2026-07-30T18:59:42.772Z,152.255,152.268,-0.1,7.4,0.0,0.0,0.0,0.0,0.0,0.0,0.0,0.0,1.0,0.0,0.0,0.0,9.0,4.0,0.0,0.0,0.0,0.0,0.0,0.0,0.0,0.0,6.0,12.0,1.0,12.17,5.01,2.5,1.5,0.0,0.0,0.0,0.4,0.0,-0.2,0.0,-0.4,-169.70000000000002,0.0,0.0,169.8,0.0,21.700000000000003,30.200000000000003,30.200000000000003,30.9,300.0,300.0,31.200000000000003,35.0,29.9,29.3,31.0,4.95,1.99,4.97,0.16,0.0,0.0,1027.0,8228.0,0.0,0.0,0.0,0.0,0.0,1.0,0.0,0.0,0.0,0.0,0.0,-0.2,0.0,0.4,0.0,0.0001,16.0,25903.0
2026-07-30T18:59:42.784Z,152.267,152.28,-0.1,7.4,0.0,0.0,0.0,0.0,0.0,0.0,0.0,0.0,1.0,0.0,0.0,0.0,9.0,4.0,0.0,0.0,0.0,0.0,0.0,0.0,0.0,0.0,2.0,12.0,1.0,12.17,5.01,2.5,1.5,0.0,0.0,0.0,0.4,0.0,0.9,0.6000000000000001,1.2000000000000002,-169.70000000000002,0.0,0.0,169.8,0.0,21.700000000000003,30.200000000000003,30.200000000000003,30.9,300.0,300.0,31.200000000000003,35.0,29.9,29.3,31.0,4.96,1.99,4.96,0.16,0.0,0.0,1027.0,8228.0,0.0,0.0,0.0,0.0,0.0,1.0,0.0,0.0,0.0,0.0,0.0,1.6,0.0,-0.9,0.0,0.0,16.0,25903.0
2026-07-30T18:59:42.796Z,152.279,152.292,0.0,7.4,0.0,0.0,0.0,0.0,0.0,0.0,0.0,0.0,1.0,0.0,0.0,0.0,9.0,4.0,0.0,0.0,0.0,0.0,0.0,0.0,0.0,0.0,3.0,12.0,1.0,12.15,5.0200000000000005,2.5,1.49,0.0,0.0,0.0,0.4,0.0,0.3,-0.5,-1.1,-169.70000000000002,0.0,0.0,169.8,0.0,21.8,30.200000000000003,30.200000000000003,30.9,300.0,300.0,31.1,35.0,29.9,29.3,31.0,4.95,2.0,4.96,0.16,0.0,0.0,1027.0,8228.0,0.0,0.0,0.0,0.0,0.0,1.0,0.0,0.0,0.0,0.0,0.0,-1.4,0.0,0.9,0.0,0.0,16.0,25903.0
2026-07-30T18:59:42.808Z,152.291,152.304,0.0,7.4,0.0,0.0,0.0,0.0,0.0,0.0,0.0,0.0,1.0,0.0,0.0,0.0,9.0,4.0,0.0,0.0,0.0,0.0,0.0,0.0,0.0,0.0,5.0,12.0,1.0,12.15,5.0200000000000005,2.5,1.49,0.0,0.0,0.0,0.4,0.0,0.9,-0.5,0.0,-169.70000000000002,0.0,0.0,169.8,0.0,21.8,30.200000000000003,30.200000000000003,30.9,300.0,300.0,31.1,35.0,29.9,29.3,31.0,4.95,1.99,4.97,0.16,0.0,0.0,1027.0,8228.0,0.0,0.0,0.0,0.0,0.0,1.0,0.0,0.0,0.0,0.0,0.0,-0.5,0.0,-0.1,0.0,0.0,16.0,25903.0
2026-07-30T18:59:42.819Z,152.302,152.316,0.0,7.4,0.0,0.0,0.0,0.0,0.0,0.0,0.0,0.0,1.0,0.0,0.0,0.0,9.0,4.0,0.0,0.0,0.0,0.0,0.0,0.0,0.0,0.0,6.0,12.0,1.0,12.15,5.0200000000000005,2.5,1.49,0.0,0.0,0.0,0.4,0.0,0.9,0.0,1.1,-169.70000000000002,0.0,0.0,169.8,0.0,21.8,30.200000000000003,30.200000000000003,30.9,300.0,300.0,31.1,35.0,29.9,29.3,31.0,4.95,1.99,4.97,0.16,0.0,0.0,1027.0,8228.0,0.0,0.0,0.0,0.0,0.0,1.0,0.0,0.0,0.0,0.0,0.0,0.9,0.0,-1.0,0.0,0.0,16.0,25903.0
2026-07-30T18:59:42.832Z,152.315,152.328,0.0,7.4,0.0,0.0,0.0,0.0,0.0,0.0,0.0,0.0,1.0,0.0,0.0,0.0,9.0,4.0,0.0,0.0,0.0,0.0,0.0,0.0,0.0,0.0,1.0,12.0,1.0,12.15,5.0200000000000005,2.5,1.49,0.0,0.0,0.0,0.4,0.0,-0.7000000000000001,-0.5,-0.5,-169.70000000000002,0.0,0.0,169.8,0.0,21.8,30.200000000000003,30.200000000000003,30.9,300.0,300.0,31.1,35.0,29.9,29.3,31.0,4.96,1.99,4.96,0.16,0.0,0.0,1027.0,8228.0,0.0,0.0,0.0,0.0,0.0,1.0,0.0,0.0,0.0,0.0,0.0,-0.9,0.0,0.3,0.0,0.0,16.0,25903.0
2026-07-30T18:59:42.844Z,152.327,152.34,0.0,7.4,0.0,0.0,0.0,0.0,0.0,0.0,0.0,0.0,1.0,0.0,0.0,0.0,9.0,4.0,0.0,0.0,0.0,0.0,0.0,0.0,0.0,0.0,2.0,12.0,1.0,12.15,5.0200000000000005,2.5,1.49,0.0,0.0,0.0,0.5,0.0,-0.2,-0.5,1.8,-169.70000000000002,0.0,0.0,169.8,0.0,21.8,30.200000000000003,30.200000000000003,30.9,300.0,300.0,31.1,35.0,29.9,29.3,31.0,4.95,1.99,4.97,0.16,0.0,0.0,1027.0,8228.0,0.0,0.0,0.0,0.0,0.0,1.0,0.0,0.0,0.0,0.0,0.0,0.7000000000000001,0.0,-1.6,0.0,0.0,16.0,25903.0
2026-07-30T18:59:42.855Z,152.338,152.352,0.0,7.4,0.0,0.0,0.0,0.0,0.0,0.0,0.0,0.0,1.0,0.0,0.0,0.0,9.0,4.0,0.0,0.0,0.0,0.0,0.0,0.0,0.0,0.0,3.0,12.0,1.0,12.15,5.0200000000000005,2.5,1.49,0.0,0.0,0.0,0.4,0.0,-0.1,0.6000000000000001,-0.5,-169.70000000000002,0.0,0.0,169.8,0.0,21.8,30.200000000000003,30.200000000000003,30.9,300.0,300.0,31.1,35.0,29.9,29.3,31.0,4.95,1.99,4.96,0.16,0.0,0.0,1027.0,8228.0,0.0,0.0,0.0,0.0,0.0,1.0,0.0,0.0,0.0,0.0,0.0,0.3,0.0,0.6000000000000001,0.0,0.0001,16.0,25903.0
2026-07-30T18:59:42.867Z,152.35,152.364,0.0,7.4,0.0,0.0,0.0,0.0,0.0,0.0,0.0,0.0,1.0,0.0,0.0,0.0,9.0,4.0,0.0,0.0,0.0,0.0,0.0,0.0,0.0,0.0,4.0,12.0,1.0,12.15,5.0200000000000005,2.5,1.49,0.0,0.0,0.0,0.4,0.0,0.9,0.0,-0.5,-169.70000000000002,0.0,0.0,169.8,0.0,21.8,30.200000000000003,30.200000000000003,30.9,300.0,300.0,31.1,35.0,29.9,29.3,31.0,4.96,2.0,4.96,0.16,0.0,0.0,1027.0,8228.0,0.0,0.0,0.0,0.0,0.0,1.0,0.0,0.0,0.0,0.0,0.0,-0.3,0.0,0.4,0.0,0.0,16.0,25903.0
2026-07-30T18:59:42.880Z,152.363,152.376,0.0,7.4,0.0,0.0,0.0,0.0,0.0,0.0,0.0,0.0,1.0,0.0,0.0,0.0,9.0,4.0,0.0,0.0,0.0,0.0,0.0,0.0,0.0,0.0,5.0,12.0,1.0,12.15,5.0200000000000005,2.5,1.49,0.0,0.0,0.0,0.4,0.0,0.4,1.2000000000000002,0.1,-169.70000000000002,0.0,0.0,169.70000000000002,0.0,21.8,30.200000000000003,30.200000000000003,30.9,300.0,300.0,31.1,35.0,29.9,29.3,31.0,4.95,2.0,4.96,0.16,0.0,0.0,1027.0,8228.0,0.0,0.0,0.0,0.0,0.0,1.0,0.0,0.0,0.0,0.0,0.0,1.4,0.0,0.1,0.0,0.0,16.0,25903.0
2026-07-30T18:59:42.893Z,152.376,152.388,0.0,7.4,0.0,0.0,0.0,0.0,0.0,0.0,0.0,0.0,1.0,0.0,0.0,0.0,9.0,4.0,0.0,0.0,0.0,0.0,0.0,0.0,0.0,0.0,1.0,12.0,1.0,12.17,5.0200000000000005,2.51,1.49,0.0,0.0,0.0,0.4,0.0,-0.7000000000000001,-1.6,-0.5,-169.70000000000002,0.0,0.0,169.8,0.0,21.3,30.200000000000003,30.200000000000003,30.9,300.0,300.0,31.200000000000003,35.0,29.9,29.3,31.0,4.95,1.99,4.97,0.16,0.0,0.0,1027.0,8228.0,0.0,0.0,0.0,0.0,0.0,1.0,0.0,0.0,0.0,0.0,0.0,-2.3000000000000003,0.0,0.1,0.0,0.0001,16.0,25903.0
2026-07-30T18:59:42.904Z,152.387,152.4,0.0,7.4,0.0,0.0,0.0,0.0,0.0,0.0,0.0,0.0,1.0,0.0,0.0,0.0,9.0,4.0,0.0,0.0,0.0,0.0,0.0,0.0,0.0,0.0,2.0,12.0,1.0,12.17,5.0200000000000005,2.51,1.49,0.0,0.0,0.0,0.4,0.0,-0.1,1.2000000000000002,1.8,-169.70000000000002,0.0,0.0,169.8,0.0,21.3,30.200000000000003,30.200000000000003,30.9,300.0,300.0,31.200000000000003,35.0,29.9,29.3,31.0,4.95,1.99,4.96,0.16,0.0,0.0,1027.0,8228.0,0.0,0.0,0.0,0.0,0.0,1.0,0.0,0.0,0.0,0.0,0.0,2.7,0.0,-1.3,0.0,0.0001,16.0,25903.0
2026-07-30T18:59:42.916Z,152.399,152.412,0.0,7.4,0.0,0.0,0.0,0.0,0.0,0.0,0.0,0.0,1.0,0.0,0.0,0.0,9.0,4.0,0.0,0.0,0.0,0.0,0.0,0.0,0.0,0.0,4.0,12.0,1.0,12.17,5.0200000000000005,2.51,1.49,0.0,0.0,0.0,0.4,0.0,-0.7000000000000001,0.0,-0.5,-169.70000000000002,0.0,0.0,169.70000000000002,0.0,21.3,30.200000000000003,30.200000000000003,30.9,300.0,300.0,31.200000000000003,35.0,29.9,29.3,31.0,4.96,1.99,4.96,0.16,0.0,0.0,1027.0,8228.0,0.0,0.0,0.0,0.0,0.0,1.0,0.0,0.0,0.0,0.0,0.0,-0.3,0.0,0.5,0.0,0.0,16.0,25903.0
2026-07-30T18:59:42.928Z,152.411,152.424,0.0,7.4,0.0,0.0,0.0,0.0,0.0,0.0,0.0,0.0,1.0,0.0,0.0,0.0,9.0,4.0,0.0,0.0,0.0,0.0,0.0,0.0,0.0,0.0,5.0,12.0,1.0,12.17,5.0200000000000005,2.51,1.49,0.0,0.0,0.0,0.4,0.0,0.9,0.0,-0.6000000000000001,-169.70000000000002,0.0,0.0,169.70000000000002,0.0,21.3,30.200000000000003,30.200000000000003,30.9,300.0,300.0,31.200000000000003,35.0,29.9,29.3,31.0,4.95,1.99,4.97,0.16,0.0,0.0,1027.0,8228.0,0.0,0.0,0.0,0.0,0.0,1.0,0.0,0.0,0.0,0.0,0.0,-0.4,0.0,0.5,0.0,0.0002,16.0,25903.0
2026-07-30T18:59:42.940Z,152.423,152.436,0.0,7.4,0.0,0.0,0.0,0.0,0.0,0.0,0.0,0.0,1.0,0.0,0.0,0.0,9.0,4.0,0.0,0.0,0.0,0.0,0.0,0.0,0.0,0.0,5.0,12.0,1.0,12.17,5.0200000000000005,2.51,1.49,0.0,0.0,0.0,0.4,0.0,0.4,0.0,1.1,-169.70000000000002,0.0,0.0,169.70000000000002,0.0,21.3,30.200000000000003,30.200000000000003,30.9,300.0,300.0,31.200000000000003,35.0,29.9,29.3,31.0,4.96,1.99,4.96,0.16,0.0,0.0,1027.0,8228.0,0.0,0.0,0.0,0.0,0.0,1.0,0.0,0.0,0.0,0.0,0.0,0.8,0.0,-0.9,0.0,0.0001,16.0,25903.0
2026-07-30T18:59:42.952Z,152.435,152.448,0.0,7.4,0.0,0.0,0.0,0.0,0.0,0.0,0.0,0.0,1.0,0.0,0.0,0.0,9.0,4.0,0.0,0.0,0.0,0.0,0.0,0.0,0.0,0.0,6.0,12.0,1.0,12.17,5.0200000000000005,2.51,1.49,0.0,0.0,0.0,0.4,0.0,-0.1,0.0,1.1,-169.70000000000002,0.0,0.0,169.8,0.0,21.3,30.200000000000003,30.200000000000003,30.9,300.0,300.0,31.200000000000003,35.0,29.9,29.3,31.0,4.96,1.99,4.97,0.16,0.0,0.0,1027.0,8228.0,0.0,0.0,0.0,0.0,0.0,1.0,0.0,0.0,0.0,0.0,0.0,0.8,0.0,-0.9,0.0,0.0001,16.0,25903.0
2026-07-30T18:59:42.964Z,152.447,152.46,0.0,7.4,0.0,0.0,0.0,0.0,0.0,0.0,0.0,0.0,1.0,0.0,0.0,0.0,9.0,4.0,0.0,0.0,0.0,0.0,0.0,0.0,0.0,0.0,1.0,12.0,1.0,12.17,5.0200000000000005,2.51,1.49,0.0,0.0,0.0,0.4,0.0,-0.1,0.0,0.5,-169.70000000000002,0.0,0.0,169.60000000000002,0.0,21.3,30.200000000000003,30.200000000000003,30.9,300.0,300.0,31.200000000000003,35.0,29.9,29.3,31.0,4.95,1.99,4.97,0.16,0.0,0.0,1027.0,8228.0,0.0,0.0,0.0,0.0,0.0,1.0,0.0,0.0,0.0,0.0,0.0,0.4,0.0,-0.4,0.0,0.0001,16.0,25903.0
2026-07-30T18:59:42.976Z,152.459,152.472,0.0,7.4,0.0,0.0,0.0,0.0,0.0,0.0,0.0,0.0,1.0,0.0,0.0,0.0,9.0,4.0,0.0,0.0,0.0,0.0,0.0,0.0,0.0,0.0,3.0,12.0,1.0,12.17,5.0200000000000005,2.51,1.49,0.0,0.0,0.0,0.4,0.0,0.9,-0.5,-1.2000000000000002,-169.70000000000002,0.0,0.0,169.70000000000002,0.0,21.3,30.200000000000003,30.200000000000003,30.9,300.0,300.0,31.200000000000003,35.0,29.9,29.3,31.0,4.96,1.99,4.97,0.16,0.0,0.0,1027.0,8228.0,0.0,0.0,0.0,0.0,0.0,1.0,0.0,0.0,0.0,0.0,0.0,-1.5,0.0,0.9,0.0,0.0001,16.0,25903.0
2026-07-30T18:59:42.988Z,152.471,152.484,0.0,7.4,0.0,0.0,0.0,0.0,0.0,0.0,0.0,0.0,1.0,0.0,0.0,0.0,9.0,4.0,0.0,0.0,0.0,0.0,0.0,0.0,0.0,0.0,5.0,12.0,1.0,12.17,5.0200000000000005,2.51,1.49,0.0,0.0,0.0,0.4,0.0,0.3,-0.5,0.0,-169.70000000000002,0.0,0.0,169.70000000000002,0.0,21.3,30.200000000000003,30.200000000000003,30.9,300.0,300.0,31.200000000000003,35.0,29.9,29.3,31.0,4.96,1.99,4.96,0.16,0.0,0.0,1027.0,8228.0,0.0,0.0,0.0,0.0,0.0,1.0,0.0,0.0,0.0,0.0,0.0,-0.6000000000000001,0.0,0.0,0.0,0.0,16.0,25903.0
2026-07-30T18:59:43.007Z,152.49,152.496,0.0,7.4,0.0,0.0,0.0,0.0,0.0,0.0,0.0,0.0,1.0,0.0,0.0,0.0,9.0,4.0,0.0,0.0,0.0,0.0,0.0,0.0,0.0,0.0,5.0,12.0,1.0,12.15,5.01,2.5,1.49,0.0,0.0,0.0,0.4,0.0,0.9,-0.5,0.0,-169.70000000000002,0.0,0.0,169.60000000000002,0.0,21.700000000000003,30.200000000000003,30.200000000000003,30.9,300.0,300.0,31.200000000000003,34.9,29.9,29.3,31.0,4.96,2.0,4.97,0.16,0.0,0.0,1027.0,8228.0,0.0,0.0,0.0,0.0,0.0,1.0,0.0,0.0,0.0,0.0,0.0,0.7000000000000001,0.0,0.1,0.0,0.0001,16.0,25903.0
2026-07-30T18:59:43.011Z,152.494,152.508,0.0,7.4,0.0,0.0,0.0,0.0,0.0,0.0,0.0,0.0,1.0,0.0,0.0,0.0,9.0,4.0,0.0,0.0,0.0,0.0,0.0,0.0,0.0,0.0,2.0,12.0,1.0,12.15,5.01,2.5,1.49,0.0,0.0,0.0,0.4,0.0,0.9,1.2000000000000002,1.0,-169.70000000000002,0.0,0.0,169.8,0.0,21.700000000000003,30.200000000000003,30.200000000000003,30.9,300.0,300.0,31.200000000000003,34.9,29.9,29.3,31.0,4.95,1.99,4.97,0.16,0.0,0.0,1027.0,8228.0,0.0,0.0,0.0,0.0,0.0,1.0,0.0,0.0,0.0,0.0,0.0,1.1,0.0,-0.3,0.0,0.0,16.0,25903.0
2026-07-30T18:59:43.024Z,152.507,152.52,0.0,7.4,0.0,0.0,0.0,0.0,0.0,0.0,0.0,0.0,1.0,0.0,0.0,0.0,9.0,4.0,0.0,0.0,0.0,0.0,0.0,0.0,0.0,0.0,3.0,12.0,1.0,12.15,5.01,2.5,1.49,0.0,0.0,0.0,0.4,0.0,1.5,-0.5,1.6,-169.70000000000002,0.0,0.0,169.8,0.0,21.700000000000003,30.200000000000003,30.200000000000003,30.9,300.0,300.0,31.200000000000003,34.9,29.9,29.3,31.0,4.96,1.99,4.96,0.16,0.0,0.0,1027.0,8228.0,0.0,0.0,0.0,0.0,0.0,1.0,0.0,0.0,0.0,0.0,0.0,-1.1,0.0,0.5,0.0,0.0002,16.0,25903.0
2026-07-30T18:59:43.036Z,152.519,152.532,0.0,7.4,0.0,0.0,0.0,0.0,0.0,0.0,0.0,0.0,1.0,0.0,0.0,0.0,9.0,4.0,0.0,0.0,0.0,0.0,0.0,0.0,0.0,0.0,5.0,12.0,1.0,12.15,5.01,2.5,1.49,0.0,0.0,0.0,0.4,0.0,1.5,0.0,0.4,-169.70000000000002,0.0,0.0,169.70000000000002,0.0,21.700000000000003,30.200000000000003,30.200000000000003,30.9,300.0,300.0,31.200000000000003,34.9,29.9,29.3,31.0,4.95,2.0,4.96,0.16,0.0,0.0,1027.0,8228.0,0.0,0.0,0.0,0.0,0.0,1.0,0.0,0.0,0.0,0.0,0.0,0.3,0.0,-0.3,0.0,0.0001,16.0,25903.0
2026-07-30T18:59:43.047Z,152.53,152.544,0.0,7.4,0.0,0.0,0.0,0.0,0.0,0.0,0.0,0.0,1.0,0.0,0.0,0.0,9.0,4.0,0.0,0.0,0.0,0.0,0.0,0.0,0.0,0.0,1.0,12.0,1.0,12.15,5.01,2.5,1.49,0.0,0.0,0.0,0.4,0.0,-0.2,0.6000000000000001,-0.1,-169.70000000000002,0.0,0.0,169.70000000000002,0.0,21.700000000000003,30.200000000000003,30.200000000000003,30.9,300.0,300.0,31.200000000000003,34.9,29.9,29.3,31.0,4.95,1.99,4.97,0.16,0.0,0.0,1027.0,8228.0,0.0,0.0,0.0,0.0,0.0,1.0,0.0,0.0,0.0,0.0,0.0,0.6000000000000001,0.0,0.2,0.0,0.0001,16.0,25903.0
2026-07-30T18:59:43.060Z,152.543,152.556,0.0,7.4,0.0,0.0,0.0,0.0,0.0,0.0,0.0,0.0,1.0,0.0,0.0,0.0,9.0,4.0,0.0,0.0,0.0,0.0,0.0,0.0,0.0,0.0,2.0,12.0,1.0,12.15,5.01,2.5,1.49,0.0,0.0,0.0,0.4,0.0,-0.2,-0.5,-0.7000000000000001,-169.70000000000002,0.0,0.0,169.8,0.0,21.700000000000003,30.200000000000003,30.200000000000003,30.9,300.0,300.0,31.200000000000003,34.9,29.9,29.3,31.0,4.95,1.99,4.97,0.16,0.0,0.0,1027.0,8228.0,0.0,0.0,0.0,0.0,0.0,1.0,0.0,0.0,0.0,0.0,0.0,-1.1,0.0,0.5,0.0,0.0001,16.0,25903.0
2026-07-30T18:59:43.071Z,152.554,152.568,0.0,7.4,0.0,0.0,0.0,0.0,0.0,0.0,0.0,0.0,1.0,0.0,0.0,0.0,9.0,4.0,0.0,0.0,0.0,0.0,0.0,0.0,0.0,0.0,4.0,12.0,1.0,12.15,5.01,2.5,1.49,0.0,0.0,0.0,0.4,0.0,-0.2,-0.5,1.0,-169.70000000000002,0.0,0.0,169.8,0.0,21.700000000000003,30.200000000000003,30.200000000000003,30.9,300.0,300.0,31.200000000000003,34.9,29.9,29.3,31.0,4.96,1.99,4.96,0.16,0.0,0.0,1027.0,8228.0,0.0,0.0,0.0,0.0,0.0,1.0,0.0,0.0,0.0,0.0,0.0,0.1,0.0,-0.9,0.0,0.0002,16.0,25903.0
2026-07-30T18:59:43.084Z,152.567,152.58,0.0,7.4,0.0,0.0,0.0,0.0,0.0,0.0,0.0,0.0,1.0,0.0,0.0,0.0,9.0,4.0,0.0,0.0,0.0,0.0,0.0,0.0,0.0,0.0,6.0,12.0,1.0,12.15,5.01,2.5,1.49,0.0,0.0,0.0,0.4,0.0,-0.8,-1.0,-0.7000000000000001,-169.70000000000002,0.0,0.0,169.8,0.0,21.700000000000003,30.200000000000003,30.200000000000003,30.9,300.0,300.0,31.200000000000003,34.9,29.9,29.3,31.0,4.95,1.99,4.97,0.16,0.0,0.0,1027.0,8228.0,0.0,0.0,0.0,0.0,0.0,1.0,0.0,0.0,0.0,0.0,0.0,-1.7000000000000002,0.0,0.4,0.0,0.0,16.0,25903.0
2026-07-30T18:59:43.097Z,152.58,152.592,0.0,7.4,0.0,0.0,0.0,0.0,0.0,0.0,0.0,0.0,1.0,0.0,0.0,0.0,9.0,4.0,0.0,0.0,0.0,0.0,0.0,0.0,0.0,0.0,1.0,12.0,1.0,12.18,5.0200000000000005,2.5,1.49,0.0,0.0,0.0,0.4,0.0,-0.2,1.2000000000000002,0.4,-169.70000000000002,0.0,0.0,169.70000000000002,0.0,21.4,30.200000000000003,30.200000000000003,30.9,300.0,300.0,31.0,34.9,29.9,29.3,31.0,4.95,1.99,4.97,0.16,0.0,0.0,1027.0,8228.0,0.0,0.0,0.0,0.0,0.0,1.0,0.0,0.0,0.0,0.0,0.0,1.7000000000000002,0.0,0.0,0.0,0.0,16.0,25903.0
2026-07-30T18:59:43.108Z,152.591,152.604,0.0,7.4,0.0,0.0,0.0,0.0,0.0,0.0,0.0,0.0,1.0,0.0,0.0,0.0,9.0,4.0,0.0,0.0,0.0,0.0,0.0,0.0,0.0,0.0,3.0,12.0,1.0,12.18,5.0200000000000005,2.5,1.49,0.0,0.0,0.0,0.4,0.0,0.3,0.0,0.3,-169.70000000000002,0.0,0.0,169.60000000000002,0.0,21.4,30.200000000000003,30.200000000000003,30.9,300.0,300.0,31.0,34.9,29.9,29.3,31.0,4.96,2.0,4.97,0.16,0.0,0.0,1027.0,8228.0,0.0,0.0,0.0,0.0,0.0,1.0,0.0,0.0,0.0,0.0,0.0,0.3,0.0,-0.3,0.0,0.0,16.0,25903.0
2026-07-30T18:59:43.120Z,152.603,152.616,0.0,7.4,0.0,0.0,0.0,0.0,0.0,0.0,0.0,0.0,1.0,0.0,0.0,0.0,9.0,4.0,0.0,0.0,0.0,0.0,0.0,0.0,0.0,0.0,4.0,12.0,1.0,12.18,5.0200000000000005,2.5,1.49,0.0,0.0,0.0,0.4,0.0,0.3,-0.5,-0.2,-169.70000000000002,0.0,0.0,169.70000000000002,0.0,21.4,30.200000000000003,30.200000000000003,30.9,300.0,300.0,31.0,34.9,29.9,29.3,31.0,4.95,2.0,4.96,0.16,0.0,0.0,1027.0,8228.0,0.0,0.0,0.0,0.0,0.0,1.0,0.0,0.0,0.0,0.0,0.0,-0.7000000000000001,0.0,0.0,0.0,0.0002,16.0,25903.0
2026-07-30T18:59:43.131Z,152.614,152.628,0.0,7.4,0.0,0.0,0.0,0.0,0.0,0.0,0.0,0.0,1.0,0.0,0.0,0.0,9.0,4.0,0.0,0.0,0.0,0.0,0.0,0.0,0.0,0.0,6.0,12.0,1.0,12.18,5.0200000000000005,2.5,1.49,0.0,0.0,0.0,0.4,0.0,0.3,0.7000000000000001,-0.1,-169.70000000000002,0.0,0.0,169.70000000000002,0.0,21.4,30.200000000000003,30.200000000000003,30.9,300.0,300.0,31.0,34.9,29.9,29.3,31.0,4.95,1.99,4.97,0.16,0.0,0.0,1027.0,8228.0,0.0,0.0,0.0,0.0,0.0,1.0,0.0,0.0,0.0,0.0,0.0,0.6000000000000001,0.0,0.3,0.0,0.0001,16.0,25903.0
2026-07-30T18:59:43.144Z,152.627,152.64,0.0,7.4,0.0,0.0,0.0,0.0,0.0,0.0,0.0,0.0,1.0,0.0,0.0,0.0,9.0,4.0,0.0,0.0,0.0,0.0,0.0,0.0,0.0,0.0,1.0,12.0,1.0,12.18,5.0200000000000005,2.5,1.49,0.0,0.0,0.0,0.4,0.0,0.3,0.1,-0.7000000000000001,-169.70000000000002,0.0,0.0,169.8,0.0,21.4,30.200000000000003,30.200000000000003,30.9,300.0,300.0,31.0,34.9,29.9,29.3,31.0,4.95,1.99,4.96,0.16,0.0,0.0,1027.0,8228.0,0.0,0.0,0.0,0.0,0.0,1.0,0.0,0.0,0.0,0.0,0.0,-0.4,0.0,0.6000000000000001,0.0,0.0001,16.0,25903.0
2026-07-30T18:59:43.156Z,152.639,152.65200000000002,0.0,7.4,0.0,0.0,0.0,0.0,0.0,0.0,0.0,0.0,1.0,0.0,0.0,0.0,9.0,4.0,0.0,0.0,0.0,0.0,0.0,0.0,0.0,0.0,3.0,12.0,1.0,12.18,5.0200000000000005,2.5,1.49,0.0,0.0,0.0,0.4,0.0,-0.2,0.0,0.9,-169.70000000000002,0.0,0.0,169.8,0.0,21.4,30.200000000000003,30.200000000000003,30.9,300.0,300.0,31.0,34.9,29.9,29.3,31.0,4.96,1.99,4.96,0.16,0.0,0.0,1027.0,8228.0,0.0,0.0,0.0,0.0,0.0,1.0,0.0,0.0,0.0,0.0,0.0,0.8,0.0,-0.8,0.0,0.0001,16.0,25903.0
2026-07-30T18:59:43.167Z,152.65,152.66400000000002,0.0,7.4,0.0,0.0,0.0,0.0,0.0,0.0,0.0,0.0,1.0,0.0,0.0,0.0,9.0,4.0,0.0,0.0,0.0,0.0,0.0,0.0,0.0,0.0,4.0,12.0,1.0,12.18,5.0200000000000005,2.5,1.49,0.0,0.0,0.0,0.4,0.0,-0.2,-0.5,-1.3,-169.70000000000002,0.0,0.0,169.8,0.0,21.4,30.200000000000003,30.200000000000003,30.9,300.0,300.0,31.0,34.9,29.9,29.3,31.0,4.95,1.99,4.97,0.16,0.0,0.0,1027.0,8228.0,0.0,0.0,0.0,0.0,0.0,1.0,0.0,0.0,0.0,0.0,0.0,-1.5,0.0,1.0,0.0,0.0001,16.0,25903.0
2026-07-30T18:59:43.180Z,152.663,152.67600000000002,0.0,7.4,0.0,0.0,0.0,0.0,0.0,0.0,0.0,0.0,1.0,0.0,0.0,0.0,9.0,4.0,0.0,0.0,0.0,0.0,0.0,0.0,0.0,0.0,5.0,12.0,1.0,12.18,5.0200000000000005,2.5,1.49,0.0,0.0,0.0,0.4,0.0,-0.3,-0.5,0.9,-169.70000000000002,0.0,0.0,169.8,0.0,21.4,30.200000000000003,30.200000000000003,30.9,300.0,300.0,31.0,34.9,29.9,29.3,31.0,4.95,2.0,4.97,0.16,0.0,0.0,1027.0,8228.0,0.0,0.0,0.0,0.0,0.0,1.0,0.0,0.0,0.0,0.0,0.0,0.1,0.0,-0.9,0.0,0.0,16.0,25903.0
2026-07-30T18:59:43.191Z,152.674,152.68800000000002,0.0,7.4,0.0,0.0,0.0,0.0,0.0,0.0,0.0,0.0,1.0,0.0,0.0,0.0,9.0,4.0,0.0,0.0,0.0,0.0,0.0,0.0,0.0,0.0,1.0,12.0,1.0,12.18,5.0200000000000005,2.5,1.49,0.0,0.0,0.0,0.4,0.0,0.2,1.1,-0.7000000000000001,-169.70000000000002,0.0,0.0,169.70000000000002,0.0,21.4,30.200000000000003,30.200000000000003,30.9,300.0,300.0,31.0,34.9,29.9,29.3,31.0,4.95,1.99,4.96,0.16,0.0,0.0,1027.0,8228.0,0.0,0.0,0.0,0.0,0.0,1.0,0.0,0.0,0.0,0.0,0.0,0.7000000000000001,0.0,0.9,0.0,0.0,16.0,25903.0
2026-07-30T18:59:43.204Z,152.687,152.70000000000002,0.0,7.4,0.0,0.0,0.0,0.0,0.0,0.0,0.0,0.0,1.0,0.0,0.0,0.0,9.0,4.0,0.0,0.0,0.0,0.0,0.0,0.0,0.0,0.0,2.0,12.0,1.0,12.15,5.01,2.51,1.49,0.0,0.0,0.0,0.5,0.0,0.2,0.5,-0.7000000000000001,-169.70000000000002,0.0,0.0,169.8,0.0,21.3,30.200000000000003,30.200000000000003,30.9,300.0,300.0,31.0,35.0,29.9,29.3,31.0,4.96,1.99,4.96,0.16,0.0,0.0,1027.0,8228.0,0.0,0.0,0.0,0.0,0.0,1.0,0.0,0.0,0.0,0.0,0.0,0.0,0.0,0.7000000000000001,0.0,0.0001,16.0,25903.0
2026-07-30T18:59:43.216Z,152.699,152.712,0.0,7.4,0.0,0.0,0.0,0.0,0.0,0.0,0.0,0.0,1.0,0.0,0.0,0.0,9.0,4.0,0.0,0.0,0.0,0.0,0.0,0.0,0.0,0.0,4.0,12.0,1.0,12.15,5.01,2.51,1.49,0.0,0.0,0.0,0.4,0.0,-0.3,0.0,0.4,-169.70000000000002,0.0,0.0,169.8,0.0,21.3,30.200000000000003,30.200000000000003,30.9,300.0,300.0,31.0,35.0,29.9,29.3,31.0,4.95,1.99,4.96,0.16,0.0,0.0,1027.0,8228.0,0.0,0.0,0.0,0.0,0.0,1.0,0.0,0.0,0.0,0.0,0.0,0.2,0.0,-0.4,0.0,0.0001,16.0,25903.0
2026-07-30T18:59:43.228Z,152.711,152.724,0.0,7.4,0.0,0.0,0.0,0.0,0.0,0.0,0.0,0.0,1.0,0.0,0.0,0.0,9.0,4.0,0.0,0.0,0.0,0.0,0.0,0.0,0.0,0.0,5.0,12.0,1.0,12.15,5.01,2.51,1.49,0.0,0.0,0.0,0.5,0.0,-0.3,-0.6000000000000001,-1.3,-169.70000000000002,0.0,0.0,169.8,0.0,21.3,30.200000000000003,30.200000000000003,30.9,300.0,300.0,31.0,35.0,29.9,29.3,31.0,4.95,1.99,4.96,0.16,0.0,0.0,1027.0,8228.0,0.0,0.0,0.0,0.0,0.0,1.0,0.0,0.0,0.0,0.0,0.0,-1.7000000000000002,0.0,1.0,0.0,0.0001,16.0,25903.0
2026-07-30T18:59:43.240Z,152.723,152.736,0.0,7.4,0.0,0.0,0.0,0.0,0.0,0.0,0.0,0.0,1.0,0.0,0.0,0.0,9.0,4.0,0.0,0.0,0.0,0.0,0.0,0.0,0.0,0.0,6.0,12.0,1.0,12.15,5.01,2.51,1.49,0.0,0.0,0.0,0.4,0.0,-0.3,0.0,-0.1,-169.70000000000002,0.0,0.0,169.8,0.0,21.3,30.200000000000003,30.200000000000003,30.9,300.0,300.0,31.0,35.0,29.9,29.3,31.0,4.95,1.99,4.97,0.17,0.0,0.0,1027.0,8228.0,0.0,0.0,0.0,0.0,0.0,1.0,0.0,0.0,0.0,0.0,0.0,-0.1,0.0,0.1,0.0,0.0,16.0,25903.0
2026-07-30T18:59:43.252Z,152.735,152.748,0.0,7.4,0.0,0.0,0.0,0.0,0.0,0.0,0.0,0.0,1.0,0.0,0.0,0.0,9.0,4.0,0.0,0.0,0.0,0.0,0.0,0.0,0.0,0.0,1.0,12.0,1.0,12.15,5.01,2.51,1.49,0.0,0.0,0.0,0.4,0.0,-0.3,0.0,-0.1,-169.70000000000002,0.0,0.0,169.8,0.0,21.3,30.200000000000003,30.200000000000003,30.9,300.0,300.0,31.0,35.0,29.9,29.3,31.0,4.95,2.0,4.97,0.16,0.0,0.0,1027.0,8228.0,0.0,0.0,0.0,0.0,0.0,1.0,0.0,0.0,0.0,0.0,0.0,-0.2,0.0,0.1,0.0,0.0001,16.0,25903.0
2026-07-30T18:59:43.264Z,152.747,152.76,0.0,7.4,0.0,0.0,0.0,0.0,0.0,0.0,0.0,0.0,1.0,0.0,0.0,0.0,9.0,4.0,0.0,0.0,0.0,0.0,0.0,0.0,0.0,0.0,2.0,12.0,1.0,12.15,5.01,2.51,1.49,0.0,0.0,0.0,0.4,0.0,-0.3,0.5,1.6,-169.70000000000002,0.0,0.0,169.70000000000002,0.0,21.3,30.200000000000003,30.200000000000003,30.9,300.0,300.0,31.0,35.0,29.9,29.3,31.0,4.96,2.0,4.96,0.16,0.0,0.0,1027.0,8228.0,0.0,0.0,0.0,0.0,0.0,1.0,0.0,0.0,0.0,0.0,0.0,1.7000000000000002,0.0,-1.3,0.0,0.0001,16.0,25903.0
2026-07-30T18:59:43.276Z,152.759,152.772,0.0,7.4,0.0,0.0,0.0,0.0,0.0,0.0,0.0,0.0,1.0,0.0,0.0,0.0,9.0,4.0,0.0,0.0,0.0,0.0,0.0,0.0,0.0,0.0,3.0,12.0,1.0,12.15,5.01,2.51,1.49,0.0,0.0,0.0,0.4,0.0,-0.3,0.0,1.0,-169.70000000000002,0.0,0.0,169.8,0.0,21.3,30.200000000000003,30.200000000000003,30.9,300.0,300.0,31.0,35.0,29.9,29.3,31.0,4.95,1.99,4.97,0.16,0.0,0.0,1027.0,8228.0,0.0,0.0,0.0,0.0,0.0,1.0,0.0,0.0,0.0,0.0,0.0,0.6000000000000001,0.0,-0.9,0.0,0.0001,16.0,25903.0
2026-07-30T18:59:43.288Z,152.771,152.784,0.0,7.4,0.0,0.0,0.0,0.0,0.0,0.0,0.0,0.0,1.0,0.0,0.0,0.0,9.0,4.0,0.0,0.0,0.0,0.0,0.0,0.0,0.0,0.0,4.0,12.0,1.0,12.15,5.01,2.51,1.49,0.0,0.0,0.0,0.4,0.0,-0.3,0.4,-0.1,-169.70000000000002,0.0,0.0,169.8,0.0,21.3,30.200000000000003,30.200000000000003,30.9,300.0,300.0,31.0,35.0,29.9,29.3,31.0,4.95,1.99,4.97,0.16,0.0,0.0,1027.0,8228.0,0.0,0.0,0.0,0.0,0.0,1.0,0.0,0.0,0.0,0.0,0.0,0.4,0.0,0.2,0.0,0.0,16.0,25903.0
2026-07-30T18:59:43.301Z,152.784,152.796,0.0,7.4,0.0,0.0,0.0,0.0,0.0,0.0,0.0,0.0,1.0,0.0,0.0,0.0,9.0,4.0,0.0,0.0,0.0,0.0,0.0,0.0,0.0,0.0,6.0,12.0,1.0,12.18,5.0200000000000005,2.51,1.49,0.0,0.0,0.0,0.4,0.0,-0.3,-0.6000000000000001,-0.7000000000000001,-169.70000000000002,0.0,0.0,169.8,0.0,21.700000000000003,30.200000000000003,30.200000000000003,30.9,300.0,300.0,31.0,35.0,29.9,29.3,31.0,4.95,1.99,4.97,0.16,0.0,0.0,1027.0,8228.0,0.0,0.0,0.0,0.0,0.0,1.0,0.0,0.0,0.0,0.0,0.0,-1.2000000000000002,0.0,0.4,0.0,0.0,16.0,25903.0
2026-07-30T18:59:43.316Z,152.799,152.808,0.0,7.4,0.0,0.0,0.0,0.0,0.0,0.0,0.0,0.0,1.0,0.0,0.0,0.0,9.0,4.0,0.0,0.0,0.0,0.0,0.0,0.0,0.0,0.0,1.0,12.0,1.0,12.18,5.0200000000000005,2.51,1.49,0.0,0.0,0.0,0.4,0.0,0.2,0.0,1.0,-169.70000000000002,0.0,0.0,169.70000000000002,0.0,21.700000000000003,30.200000000000003,30.200000000000003,30.9,300.0,300.0,31.0,35.0,29.9,29.3,31.0,4.95,1.99,4.96,0.16,0.0,0.0,1027.0,8228.0,0.0,0.0,0.0,0.0,0.0,1.0,0.0,0.0,0.0,0.0,0.0,0.6000000000000001,0.0,-0.9,0.0,0.0,16.0,25903.0
2026-07-30T18:59:43.324Z,152.807,152.82,0.0,7.4,0.0,0.0,0.0,0.0,0.0,0.0,0.0,0.0,1.0,0.0,0.0,0.0,9.0,4.0,0.0,0.0,0.0,0.0,0.0,0.0,0.0,0.0,5.0,12.0,1.0,12.18,5.0200000000000005,2.51,1.49,0.0,0.0,0.0,0.4,0.0,0.2,-1.2000000000000002,1.0,-169.70000000000002,0.0,0.0,169.70000000000002,0.0,21.700000000000003,30.200000000000003,30.200000000000003,30.9,300.0,300.0,31.0,35.0,29.9,29.3,31.0,4.95,1.99,4.97,0.16,0.0,0.0,1027.0,8228.0,0.0,0.0,0.0,0.0,0.0,1.0,0.0,0.0,0.0,0.0,0.0,-0.6000000000000001,0.0,-1.1,0.0,0.0001,16.0,25903.0
2026-07-30T18:59:43.336Z,152.819,152.832,0.0,7.4,0.0,0.0,0.0,0.0,0.0,0.0,0.0,0.0,1.0,0.0,0.0,0.0,9.0,4.0,0.0,0.0,0.0,0.0,0.0,0.0,0.0,0.0,6.0,12.0,1.0,12.18,5.0200000000000005,2.51,1.49,0.0,0.1,0.0,0.5,0.0,-0.3,0.0,0.0,-169.70000000000002,0.0,0.0,169.8,0.0,21.700000000000003,30.200000000000003,30.200000000000003,30.9,300.0,300.0,31.0,35.0,29.9,29.3,31.0,4.95,1.99,4.96,0.16,0.0,0.0,1027.0,8228.0,0.0,0.0,0.0,0.0,0.0,1.0,0.0,0.0,0.0,0.0,0.0,0.0,0.0,0.0,0.0,0.0001,16.0,25903.0
2026-07-30T18:59:43.348Z,152.831,152.844,0.0,7.4,0.0,0.0,0.0,0.0,0.0,0.0,0.0,0.0,1.0,0.0,0.0,0.0,9.0,4.0,0.0,0.0,0.0,0.0,0.0,0.0,0.0,0.0,1.0,12.0,1.0,12.18,5.0200000000000005,2.51,1.49,0.0,0.0,0.0,0.4,0.0,0.8,0.0,1.6,-169.70000000000002,0.0,0.0,169.8,0.0,21.700000000000003,30.200000000000003,30.200000000000003,30.9,300.0,300.0,31.0,35.0,29.9,29.3,31.0,4.96,1.99,4.96,0.16,0.0,0.0,1027.0,8228.0,0.0,0.0,0.0,0.0,0.0,1.0,0.0,0.0,0.0,0.0,0.0,1.2000000000000002,0.0,-1.4,0.0,0.0,16.0,25903.0
2026-07-30T18:59:43.360Z,152.843,152.856,0.0,7.4,0.0,0.0,0.0,0.0,0.0,0.0,0.0,0.0,1.0,0.0,0.0,0.0,9.0,4.0,0.0,0.0,0.0,0.0,0.0,0.0,0.0,0.0,2.0,12.0,1.0,12.18,5.0200000000000005,2.51,1.49,0.0,0.0,0.0,0.4,0.0,-0.2,0.0,1.1,-169.70000000000002,0.0,0.0,169.8,0.0,21.700000000000003,30.200000000000003,30.200000000000003,30.9,300.0,300.0,31.0,35.0,29.9,29.3,31.0,4.96,1.99,4.96,0.16,0.0,0.0,1027.0,8228.0,0.0,0.0,0.0,0.0,0.0,1.0,0.0,0.0,0.0,0.0,0.0,0.8,0.0,-0.9,0.0,0.0,16.0,25903.0
2026-07-30T18:59:43.371Z,152.854,152.868,0.0,7.4,0.0,0.0,0.0,0.0,0.0,0.0,0.0,0.0,1.0,0.0,0.0,0.0,9.0,4.0,0.0,0.0,0.0,0.0,0.0,0.0,0.0,0.0,4.0,12.0,1.0,12.18,5.0200000000000005,2.51,1.49,0.0,0.0,0.0,0.4,0.0,0.3,-0.5,0.5,-169.70000000000002,0.0,0.0,169.8,0.0,21.700000000000003,30.200000000000003,30.200000000000003,30.9,300.0,300.0,31.0,35.0,29.9,29.3,31.0,4.95,1.99,4.97,0.16,0.0,0.0,1027.0,8228.0,0.0,0.0,0.0,0.0,0.0,1.0,0.0,0.0,0.0,0.0,0.0,-0.2,0.0,-0.5,0.0,0.0,16.0,25903.0
2026-07-30T18:59:43.384Z,152.867,152.88,0.0,7.4,0.0,0.0,0.0,0.0,0.0,0.0,0.0,0.0,1.0,0.0,0.0,0.0,9.0,4.0,0.0,0.0,0.0,0.0,0.0,0.0,0.0,0.0,5.0,12.0,1.0,12.18,5.0200000000000005,2.51,1.49,0.0,0.0,0.0,0.4,0.0,0.8,0.6000000000000001,1.1,-169.70000000000002,0.0,0.0,169.70000000000002,0.0,21.700000000000003,30.200000000000003,30.200000000000003,30.9,300.0,300.0,31.0,35.0,29.9,29.3,31.0,4.95,2.0,4.96,0.16,0.0,0.0,1027.0,8228.0,0.0,0.0,0.0,0.0,0.0,1.0,0.0,0.0,0.0,0.0,0.0,1.5,0.0,-0.8,0.0,0.0001,16.0,25903.0
2026-07-30T18:59:43.396Z,152.879,152.892,0.0,7.4,0.0,0.0,0.0,0.0,0.0,0.0,0.0,0.0,1.0,0.0,0.0,0.0,9.0,4.0,0.0,0.0,0.0,0.0,0.0,0.0,0.0,0.0,6.0,12.0,1.0,12.18,5.0200000000000005,2.51,1.49,0.0,0.0,0.0,0.4,0.0,0.3,0.0,0.0,-169.70000000000002,0.0,0.0,169.8,0.0,21.700000000000003,30.200000000000003,30.200000000000003,30.9,300.0,300.0,31.0,35.0,29.9,29.3,31.0,4.96,1.99,4.96,0.16,0.0,0.0,1027.0,8228.0,0.0,0.0,0.0,0.0,0.0,1.0,0.0,0.0,0.0,0.0,0.0,0.0,0.0,0.0,0.0,0.0001,16.0,25903.0
2026-07-30T18:59:43.408Z,152.891,152.904,0.0,7.4,0.0,0.0,0.0,0.0,0.0,0.0,0.0,0.0,1.0,0.0,0.0,0.0,9.0,4.0,0.0,0.0,0.0,0.0,0.0,0.0,0.0,0.0,2.0,12.0,1.0,12.18,5.0200000000000005,2.51,1.49,0.0,0.0,0.0,0.4,0.0,-0.2,-0.4,-0.6000000000000001,-169.70000000000002,0.0,0.0,169.8,0.0,21.700000000000003,30.200000000000003,30.200000000000003,30.8,300.0,300.0,31.0,35.0,29.9,29.3,31.0,4.95,1.99,4.97,0.16,0.0,0.0,1027.0,8228.0,0.0,0.0,0.0,0.0,0.0,1.0,0.0,0.0,0.0,0.0,0.0,-1.0,0.0,0.4,0.0,0.0001,16.0,25903.0
2026-07-30T18:59:43.420Z,152.903,152.916,0.0,7.4,0.0,0.0,0.0,0.0,0.0,0.0,0.0,0.0,1.0,0.0,0.0,0.0,9.0,4.0,0.0,0.0,0.0,0.0,0.0,0.0,0.0,0.0,2.0,12.0,1.0,12.18,5.0200000000000005,2.51,1.49,0.0,0.0,0.0,0.4,0.0,0.3,-1.0,-1.1,-169.70000000000002,0.0,0.0,169.70000000000002,0.0,21.700000000000003,30.200000000000003,30.200000000000003,30.8,300.0,300.0,31.0,35.0,29.9,29.3,31.0,4.96,1.99,4.96,0.16,0.0,0.0,1027.0,8228.0,0.0,0.0,0.0,0.0,0.0,1.0,0.0,0.0,0.0,0.0,0.0,-2.0,0.0,0.8,0.0,0.0,16.0,25903.0
2026-07-30T18:59:43.431Z,152.914,152.928,0.0,7.4,0.0,0.0,0.0,0.0,0.0,0.0,0.0,0.0,1.0,0.0,0.0,0.0,9.0,4.0,0.0,0.0,0.0,0.0,0.0,0.0,0.0,0.0,4.0,12.0,1.0,12.18,5.0200000000000005,2.51,1.49,0.0,0.0,0.0,0.4,0.0,0.3,0.1,0.0,-169.70000000000002,0.0,0.0,169.70000000000002,0.0,21.700000000000003,30.200000000000003,30.200000000000003,30.8,300.0,300.0,31.0,35.0,29.9,29.3,31.0,4.96,2.0,4.96,0.16,0.0,0.0,1027.0,8228.0,0.0,0.0,0.0,0.0,0.0,1.0,0.0,0.0,0.0,0.0,0.0,0.1,0.0,0.0,0.0,0.0001,16.0,25903.0
2026-07-30T18:59:43.444Z,152.927,152.94,0.0,7.4,0.0,0.0,0.0,0.0,0.0,0.0,0.0,0.0,1.0,0.0,0.0,0.0,9.0,4.0,0.0,0.0,0.0,0.0,0.0,0.0,0.0,0.0,5.0,12.0,1.0,12.18,5.0200000000000005,2.51,1.49,0.0,0.0,0.0,0.4,0.0,0.3,1.3,1.1,-169.70000000000002,0.0,0.0,169.70000000000002,0.0,21.700000000000003,30.200000000000003,30.200000000000003,30.8,300.0,300.0,31.0,35.0,29.9,29.3,31.0,4.95,1.99,4.96,0.16,0.0,0.0,1027.0,8228.0,0.0,0.0,0.0,0.0,0.0,1.0,0.0,0.0,0.0,0.0,0.0,2.3000000000000003,0.0,-0.7000000000000001,0.0,0.0,16.0,25903.0
2026-07-30T18:59:43.456Z,152.939,152.952,0.0,7.4,0.0,0.0,0.0,0.0,0.0,0.0,0.0,0.0,1.0,0.0,0.0,0.0,9.0,4.0,0.0,0.0,0.0,0.0,0.0,0.0,0.0,0.0,6.0,12.0,1.0,12.18,5.0200000000000005,2.51,1.49,0.0,0.1,0.0,0.4,0.0,-0.8,-1.0,0.0,-169.70000000000002,0.0,0.0,169.60000000000002,0.0,21.700000000000003,30.200000000000003,30.200000000000003,30.8,300.0,300.0,31.0,35.0,29.9,29.3,31.0,4.95,1.99,4.97,0.16,0.0,0.0,1027.0,8228.0,0.0,0.0,0.0,0.0,0.0,1.0,0.0,0.0,0.0,0.0,0.0,-1.2000000000000002,0.0,-0.1,0.0,0.0001,16.0,25903.0
2026-07-30T18:59:43.468Z,152.951,152.964,0.0,7.4,0.0,0.0,0.0,0.0,0.0,0.0,0.0,0.0,1.0,0.0,0.0,0.0,9.0,4.0,0.0,0.0,0.0,0.0,0.0,0.0,0.0,0.0,2.0,12.0,1.0,12.18,5.0200000000000005,2.51,1.49,0.0,0.0,0.0,0.4,0.0,0.8,0.1,0.0,-169.70000000000002,0.0,0.0,169.70000000000002,0.0,21.700000000000003,30.200000000000003,30.200000000000003,30.8,300.0,300.0,31.0,35.0,29.9,29.3,31.0,4.96,1.99,4.96,0.16,0.0,0.0,1027.0,8228.0,0.0,0.0,0.0,0.0,0.0,1.0,0.0,0.0,0.0,0.0,0.0,0.0,0.0,0.0,0.0,0.0002,16.0,25903.0
2026-07-30T18:59:43.480Z,152.963,152.976,0.0,7.4,0.0,0.0,0.0,0.0,0.0,0.0,0.0,0.0,1.0,0.0,0.0,0.0,9.0,4.0,0.0,0.0,0.0,0.0,0.0,0.0,0.0,0.0,3.0,12.0,1.0,12.18,5.0200000000000005,2.51,1.49,0.0,0.0,0.0,0.4,0.0,-0.2,-0.5,-1.2000000000000002,-169.70000000000002,0.0,0.0,169.8,0.0,21.700000000000003,30.200000000000003,30.200000000000003,30.8,300.0,300.0,31.0,35.0,29.9,29.3,31.0,4.96,1.99,4.97,0.16,0.0,0.0,1027.0,8228.0,0.0,0.0,0.0,0.0,0.0,1.0,0.0,0.0,0.0,0.0,0.0,-1.5,0.0,1.0,0.0,0.0001,16.0,25903.0
2026-07-30T18:59:43.491Z,152.974,152.988,0.0,7.4,0.0,0.0,0.0,0.0,0.0,0.0,0.0,0.0,1.0,0.0,0.0,0.0,9.0,4.0,0.0,0.0,0.0,0.0,0.0,0.0,0.0,0.0,4.0,12.0,1.0,12.18,5.0200000000000005,2.51,1.49,0.0,0.1,0.0,0.4,0.0,0.8,-0.5,0.0,-169.70000000000002,0.0,0.0,169.8,0.0,21.700000000000003,30.200000000000003,30.200000000000003,30.8,300.0,300.0,31.0,35.0,29.9,29.3,31.0,4.95,1.99,4.97,0.16,0.0,0.0,1027.0,8228.0,0.0,0.0,0.0,0.0,0.0,1.0,0.0,0.0,0.0,0.0,0.0,-0.6000000000000001,0.0,0.0,0.0,0.0001,16.0,25903.0
2026-07-30T18:59:43.505Z,152.988,153.0,0.0,7.4,0.0,0.0,0.0,0.0,0.0,0.0,0.0,0.0,1.0,0.0,0.0,0.0,9.0,4.0,0.0,0.0,0.0,0.0,0.0,0.0,0.0,0.0,5.0,12.0,1.0,12.18,5.0200000000000005,2.51,1.49,0.0,0.0,0.0,0.4,0.0,0.2,0.0,1.6,-169.70000000000002,0.0,0.0,169.8,0.0,21.200000000000003,30.200000000000003,30.200000000000003,30.8,300.0,300.0,31.0,35.0,29.9,29.3,31.0,4.96,1.99,4.96,0.16,0.0,0.0,1027.0,8228.0,0.0,0.0,0.0,0.0,0.0,1.0,0.0,0.0,0.0,0.0,0.0,1.3,0.0,0.0,0.0,0.0,16.0,25903.0
2026-07-30T18:59:43.516Z,152.999,153.012,0.0,7.4,0.0,0.0,0.0,0.0,0.0,0.0,0.0,0.0,1.0,0.0,0.0,0.0,9.0,4.0,0.0,0.0,0.0,0.0,0.0,0.0,0.0,0.0,6.0,12.0,1.0,12.18,5.0200000000000005,2.51,1.49,-0.1,0.1,0.0,0.4,0.0,0.8,-1.6,-1.8,-169.70000000000002,0.0,0.0,169.8,0.0,21.200000000000003,30.200000000000003,30.200000000000003,30.8,300.0,300.0,31.0,35.0,29.9,29.3,31.0,4.96,2.0,4.97,0.16,0.0,0.0,1027.0,8228.0,0.0,0.0,0.0,0.0,0.0,1.0,0.0,0.0,0.0,0.0,0.0,0.8,0.0,-0.8,0.0,0.0,16.0,25903.0
2026-07-30T18:59:43.528Z,153.011,153.024,0.0,7.4,0.0,0.0,0.0,0.0,0.0,0.0,0.0,0.0,1.0,0.0,0.0,0.0,9.0,4.0,0.0,0.0,0.0,0.0,0.0,0.0,0.0,0.0,1.0,12.0,1.0,12.18,5.0200000000000005,2.51,1.49,0.0,0.0,0.0,0.4,0.0,-0.3,0.0,-0.7000000000000001,-169.70000000000002,0.0,0.0,169.8,0.0,21.200000000000003,30.200000000000003,30.200000000000003,30.8,300.0,300.0,31.0,35.0,29.9,29.3,31.0,4.96,1.99,4.97,0.16,0.0,0.0,1027.0,8228.0,0.0,0.0,0.0,0.0,0.0,1.0,0.0,0.0,0.0,0.0,0.0,1.9,0.0,-1.3,0.0,0.0,16.0,25903.0
2026-07-30T18:59:43.540Z,153.023,153.036,0.0,7.4,0.0,0.0,0.0,0.0,0.0,0.0,0.0,0.0,1.0,0.0,0.0,0.0,9.0,4.0,0.0,0.0,0.0,0.0,0.0,0.0,0.0,0.0,3.0,12.0,1.0,12.18,5.0200000000000005,2.51,1.49,0.0,0.0,0.0,0.4,0.0,0.2,0.0,1.0,-169.70000000000002,0.0,0.0,169.70000000000002,0.0,21.200000000000003,30.200000000000003,30.200000000000003,30.8,300.0,300.0,31.0,35.0,29.9,29.3,31.0,4.96,1.99,4.97,0.16,0.0,0.0,1027.0,8228.0,0.0,0.0,0.0,0.0,0.0,1.0,0.0,0.0,0.0,0.0,0.0,-0.4,0.0,0.6000000000000001,0.0,0.0,16.0,25903.0
2026-07-30T18:59:43.551Z,153.034,153.048,0.0,7.4,0.0,0.0,0.0,0.0,0.0,0.0,0.0,0.0,1.0,0.0,0.0,0.0,9.0,4.0,0.0,0.0,0.0,0.0,0.0,0.0,0.0,0.0,4.0,12.0,1.0,12.18,5.0200000000000005,2.51,1.49,0.0,0.0,0.0,0.4,0.0,-0.3,-0.5,-0.7000000000000001,-169.70000000000002,0.0,0.0,169.8,0.0,21.200000000000003,30.200000000000003,30.200000000000003,30.8,300.0,300.0,31.0,35.0,29.9,29.3,31.0,4.96,1.99,4.96,0.16,0.0,0.0,1027.0,8228.0,0.0,0.0,0.0,0.0,0.0,1.0,0.0,0.0,0.0,0.0,0.0,-1.1,0.0,0.5,0.0,0.0,16.0,25903.0
2026-07-30T18:59:43.563Z,153.046,153.06,0.0,7.4,0.0,0.0,0.0,0.0,0.0,0.0,0.0,0.0,1.0,0.0,0.0,0.0,9.0,4.0,0.0,0.0,0.0,0.0,0.0,0.0,0.0,0.0,5.0,12.0,1.0,12.18,5.0200000000000005,2.51,1.49,-0.1,0.1,0.0,0.4,0.0,0.2,-0.4,1.0,-169.70000000000002,0.0,0.0,169.8,0.0,21.200000000000003,30.200000000000003,30.200000000000003,30.8,300.0,300.0,31.0,35.0,29.9,29.3,31.0,4.95,1.99,4.96,0.16,0.0,0.0,1027.0,8228.0,0.0,0.0,0.0,0.0,0.0,1.0,0.0,0.0,0.0,0.0,0.0,0.2,0.0,-1.0,0.0,0.0001,16.0,25903.0
2026-07-30T18:59:43.576Z,153.059,153.072,0.0,7.4,0.0,0.0,0.0,0.0,0.0,0.0,0.0,0.0,1.0,0.0,0.0,0.0,9.0,4.0,0.0,0.0,0.0,0.0,0.0,0.0,0.0,0.0,6.0,12.0,1.0,12.18,5.0200000000000005,2.51,1.49,0.0,0.0,0.0,0.5,0.0,0.2,0.6000000000000001,-0.1,-169.70000000000002,0.0,0.0,169.70000000000002,0.0,21.200000000000003,30.200000000000003,30.200000000000003,30.8,300.0,300.0,31.0,35.0,29.9,29.3,31.0,4.95,1.99,4.96,0.16,0.0,0.0,1027.0,8228.0,0.0,0.0,0.0,0.0,0.0,1.0,0.0,0.0,0.0,0.0,0.0,0.6000000000000001,0.0,0.2,0.0,0.0001,16.0,25903.0
2026-07-30T18:59:43.588Z,153.071,153.084,0.0,7.4,0.0,0.0,0.0,0.0,0.0,0.0,0.0,0.0,1.0,0.0,0.0,0.0,9.0,4.0,0.0,0.0,0.0,0.0,0.0,0.0,0.0,0.0,1.0,12.0,1.0,12.18,5.0200000000000005,2.51,1.49,0.0,0.0,0.0,0.4,0.0,0.8,0.1,0.4,-169.70000000000002,0.0,0.0,169.70000000000002,0.0,21.200000000000003,30.200000000000003,30.200000000000003,30.8,300.0,300.0,31.0,35.0,29.9,29.3,31.0,4.96,2.0,4.96,0.16,0.0,0.0,1027.0,8228.0,0.0,0.0,0.0,0.0,0.0,1.0,0.0,0.0,0.0,0.0,0.0,0.5,0.0,-0.3,0.0,0.0001,16.0,25903.0
2026-07-30T18:59:43.600Z,153.083,153.096,0.0,7.4,0.0,0.0,0.0,0.0,0.0,0.0,0.0,0.0,1.0,0.0,0.0,0.0,9.0,4.0,0.0,0.0,0.0,0.0,0.0,0.0,0.0,0.0,2.0,12.0,1.0,12.18,5.0200000000000005,2.51,1.49,0.0,0.1,0.0,0.4,0.0,0.2,-1.0,-0.1,-169.70000000000002,0.0,0.0,169.70000000000002,0.0,21.200000000000003,30.200000000000003,30.200000000000003,30.8,300.0,300.0,31.0,35.0,29.9,29.3,31.0,4.95,2.0,4.96,0.16,0.0,0.0,1027.0,8228.0,0.0,0.0,0.0,0.0,0.0,1.0,0.0,0.0,0.0,0.0,0.0,-1.3,0.0,0.0,0.0,0.0002,16.0,25903.0
2026-07-30T18:59:43.612Z,153.095,153.108,0.0,7.4,0.0,0.0,0.0,0.0,0.0,0.0,0.0,0.0,1.0,0.0,0.0,0.0,9.0,4.0,0.0,0.0,0.0,0.0,0.0,0.0,0.0,0.0,4.0,12.0,1.0,12.17,5.01,2.51,1.49,0.0,0.0,0.0,0.4,0.0,-0.3,-1.0,-0.1,-169.70000000000002,0.0,0.0,169.60000000000002,0.0,21.4,30.200000000000003,30.200000000000003,30.9,300.0,300.0,31.0,35.0,29.9,29.3,31.0,4.95,1.99,4.97,0.16,0.0,0.0,1027.0,8228.0,0.0,0.0,0.0,0.0,0.0,1.0,0.0,0.0,0.0,0.0,0.0,-1.3,0.0,0.0,0.0,0.0001,16.0,25903.0
2026-07-30T18:59:43.625Z,153.108,153.12,0.0,7.4,0.0,0.0,0.0,0.0,0.0,0.0,0.0,0.0,1.0,0.0,0.0,0.0,9.0,4.0,0.0,0.0,0.0,0.0,0.0,0.0,0.0,0.0,5.0,12.0,1.0,12.17,5.01,2.51,1.49,0.0,0.0,0.0,0.4,0.0,0.2,0.1,0.4,-169.70000000000002,0.0,0.0,169.70000000000002,0.0,21.4,30.200000000000003,30.200000000000003,30.9,300.0,300.0,31.0,35.0,29.9,29.3,31.0,4.95,1.99,4.96,0.16,0.0,0.0,1027.0,8228.0,0.0,0.0,0.0,0.0,0.0,1.0,0.0,0.0,0.0,0.0,0.0,0.5,0.0,-0.3,0.0,0.0001,16.0,25903.0
2026-07-30T18:59:43.636Z,153.119,153.132,0.0,7.4,0.0,0.0,0.0,0.0,0.0,0.0,0.0,0.0,1.0,0.0,0.0,0.0,9.0,4.0,0.0,0.0,0.0,0.0,0.0,0.0,0.0,0.0,3.0,12.0,1.0,12.17,5.01,2.51,1.49,0.0,0.0,0.0,0.4,0.0,-0.3,-0.4,-0.1,-169.70000000000002,0.0,0.0,169.70000000000002,0.0,21.4,30.200000000000003,30.200000000000003,30.9,300.0,300.0,31.0,35.0,29.9,29.3,31.0,4.96,1.99,4.96,0.16,0.0,0.0,1027.0,8228.0,0.0,0.0,0.0,0.0,0.0,1.0,0.0,0.0,0.0,0.0,0.0,-0.5,0.0,0.0,0.0,0.0,16.0,25903.0
2026-07-30T18:59:43.647Z,153.13,153.144,0.0,7.4,0.0,0.0,0.0,0.0,0.0,0.0,0.0,0.0,1.0,0.0,0.0,0.0,9.0,4.0,0.0,0.0,0.0,0.0,0.0,0.0,0.0,0.0,4.0,12.0,1.0,12.17,5.01,2.51,1.49,0.0,0.0,0.0,0.4,0.0,0.3,0.1,1.0,-169.70000000000002,0.0,0.0,169.8,0.0,21.4,30.200000000000003,30.200000000000003,30.9,300.0,300.0,31.0,35.0,29.9,29.3,31.0,4.95,1.99,4.96,0.16,0.0,0.0,1027.0,8228.0,0.0,0.0,0.0,0.0,0.0,1.0,0.0,0.0,0.0,0.0,0.0,1.0,0.0,-0.9,0.0,0.0001,16.0,25903.0
2026-07-30T18:59:43.660Z,153.143,153.156,0.0,7.4,0.0,0.0,0.0,0.0,0.0,0.0,0.0,0.0,1.0,0.0,0.0,0.0,9.0,4.0,0.0,0.0,0.0,0.0,0.0,0.0,0.0,0.0,6.0,12.0,1.0,12.17,5.01,2.51,1.49,0.0,0.0,0.0,0.4,0.0,0.2,-0.4,-0.7000000000000001,-169.70000000000002,0.0,0.0,169.70000000000002,0.0,21.4,30.200000000000003,30.200000000000003,30.9,300.0,300.0,31.0,35.0,29.9,29.3,31.0,4.95,2.0,4.96,0.16,0.0,0.0,1027.0,8228.0,0.0,0.0,0.0,0.0,0.0,1.0,0.0,0.0,0.0,0.0,0.0,-1.0,0.0,0.5,0.0,0.0001,16.0,25903.0
2026-07-30T18:59:43.672Z,153.155,153.168,0.0,7.4,0.0,0.0,0.0,0.0,0.0,0.0,0.0,0.0,1.0,0.0,0.0,0.0,9.0,4.0,0.0,0.0,0.0,0.0,0.0,0.0,0.0,0.0,1.0,12.0,1.0,12.17,5.01,2.51,1.49,0.0,0.0,0.0,0.4,0.0,-0.9,-0.3,-0.1,-169.70000000000002,0.0,0.0,169.8,0.0,21.4,30.200000000000003,30.200000000000003,30.9,300.0,300.0,31.0,35.0,29.9,29.3,31.0,4.95,2.0,4.96,0.16,0.0,0.0,1027.0,8228.0,0.0,0.0,0.0,0.0,0.0,1.0,0.0,0.0,0.0,0.0,0.0,-0.5,0.0,0.0,0.0,0.0001,16.0,25903.0
2026-07-30T18:59:43.684Z,153.167,153.18,0.0,7.4,0.0,0.0,0.0,0.0,0.0,0.0,0.0,0.0,1.0,0.0,0.0,0.0,9.0,4.0,0.0,0.0,0.0,0.0,0.0,0.0,0.0,0.0,6.0,12.0,1.0,12.17,5.01,2.51,1.49,0.0,0.0,0.0,0.5,0.0,-0.3,1.3,-0.1,-169.70000000000002,0.0,0.0,169.8,0.0,21.4,30.200000000000003,30.200000000000003,30.9,300.0,300.0,31.0,35.0,29.9,29.3,31.0,4.95,1.99,4.96,0.16,0.0,0.0,1027.0,8228.0,0.0,0.0,0.0,0.0,0.0,1.0,0.0,0.0,0.0,0.0,0.0,1.4,0.0,0.3,0.0,0.0001,16.0,25903.0
2026-07-30T18:59:43.696Z,153.179,153.192,0.0,7.4,0.0,0.0,0.0,0.0,0.0,0.0,0.0,0.0,1.0,0.0,0.0,0.0,9.0,4.0,0.0,0.0,0.0,0.0,0.0,0.0,0.0,0.0,2.0,12.0,1.0,12.17,5.01,2.51,1.49,0.0,0.0,0.0,0.4,0.0,-0.3,1.3,-0.6000000000000001,-169.70000000000002,0.0,0.0,169.8,0.0,21.4,30.200000000000003,30.200000000000003,30.9,300.0,300.0,31.0,35.0,29.9,29.3,31.0,4.95,1.99,4.97,0.16,0.0,0.0,1027.0,8228.0,0.0,0.0,0.0,0.0,0.0,1.0,0.0,0.0,0.0,0.0,0.0,1.0,0.0,0.8,0.0,0.0,16.0,25903.0
2026-07-30T18:59:43.709Z,153.192,153.204,0.0,7.4,0.0,0.0,0.0,0.0,0.0,0.0,0.0,0.0,1.0,0.0,0.0,0.0,9.0,4.0,0.0,0.0,0.0,0.0,0.0,0.0,0.0,0.0,3.0,12.0,1.0,12.18,5.01,2.51,1.49,0.0,0.0,0.0,0.4,0.0,0.2,-0.4,0.0,-169.70000000000002,0.0,0.0,169.8,0.0,21.4,30.200000000000003,30.200000000000003,30.9,300.0,300.0,31.1,35.0,29.9,29.200000000000003,31.0,4.95,1.99,4.96,0.16,0.0,0.0,1027.0,8228.0,0.0,0.0,0.0,0.0,0.0,1.0,0.0,0.0,0.0,0.0,0.0,-0.5,0.0,0.0,0.0,0.0,16.0,25903.0
2026-07-30T18:59:43.719Z,153.202,153.216,0.0,7.4,0.0,0.0,0.0,0.0,0.0,0.0,0.0,0.0,1.0,0.0,0.0,0.0,9.0,4.0,0.0,0.0,0.0,0.0,0.0,0.0,0.0,0.0,4.0,12.0,1.0,12.18,5.01,2.51,1.49,0.0,0.0,0.0,0.4,0.0,-0.3,1.2000000000000002,0.0,-169.70000000000002,0.0,0.0,169.8,0.0,21.4,30.200000000000003,30.200000000000003,30.9,300.0,300.0,31.1,35.0,29.9,29.200000000000003,31.0,4.95,1.99,4.96,0.16,0.0,0.0,1027.0,8228.0,0.0,0.0,0.0,0.0,0.0,1.0,0.0,0.0,0.0,0.0,0.0,1.3,0.0,0.3,0.0,0.0001,16.0,25903.0
2026-07-30T18:59:43.732Z,153.215,153.228,0.0,7.4,0.0,0.0,0.0,0.0,0.0,0.0,0.0,0.0,1.0,0.0,0.0,0.0,9.0,4.0,0.0,0.0,0.0,0.0,0.0,0.0,0.0,0.0,5.0,12.0,1.0,12.18,5.01,2.51,1.49,0.0,0.1,0.0,0.5,0.0,-0.3,1.2000000000000002,0.0,-169.70000000000002,0.0,0.0,169.8,0.0,21.4,30.200000000000003,30.200000000000003,30.9,300.0,300.0,31.1,35.0,29.9,29.200000000000003,31.0,4.95,2.0,4.96,0.16,0.0,0.0,1027.0,8228.0,0.0,0.0,0.0,0.0,0.0,1.0,0.0,0.0,0.0,0.0,0.0,1.3,0.0,0.3,0.0,0.0,16.0,25903.0
2026-07-30T18:59:43.743Z,153.226,153.24,0.0,7.4,0.0,0.0,0.0,0.0,0.0,0.0,0.0,0.0,1.0,0.0,0.0,0.0,9.0,4.0,0.0,0.0,0.0,0.0,0.0,0.0,0.0,0.0,6.0,12.0,1.0,12.18,5.01,2.51,1.49,0.0,0.0,0.0,0.4,0.0,-0.3,0.6000000000000001,0.0,-169.70000000000002,0.0,0.0,169.70000000000002,0.0,21.4,30.200000000000003,30.200000000000003,30.9,300.0,300.0,31.1,35.0,29.9,29.200000000000003,31.0,4.95,2.0,4.96,0.16,0.0,0.0,1027.0,8228.0,0.0,0.0,0.0,0.0,0.0,1.0,0.0,0.0,0.0,0.0,0.0,0.6000000000000001,0.0,0.2,0.0,0.0,16.0,25903.0
2026-07-30T18:59:43.755Z,153.238,153.252,0.0,7.4,0.0,0.0,0.0,0.0,0.0,0.0,0.0,0.0,1.0,0.0,0.0,0.0,9.0,4.0,0.0,0.0,0.0,0.0,0.0,0.0,0.0,0.0,1.0,12.0,1.0,12.18,5.01,2.51,1.49,0.0,0.0,0.0,0.5,0.0,0.2,0.0,0.0,-169.70000000000002,0.0,0.0,169.8,0.0,21.4,30.200000000000003,30.200000000000003,30.9,300.0,300.0,31.1,35.0,29.9,29.200000000000003,31.0,4.95,2.0,4.97,0.16,0.0,0.0,1027.0,8228.0,0.0,0.0,0.0,0.0,0.0,1.0,0.0,0.0,0.0,0.0,0.0,0.0,0.0,0.0,0.0,0.0001,16.0,25903.0
2026-07-30T18:59:43.767Z,153.25,153.264,0.0,7.4,0.0,0.0,0.0,0.0,0.0,0.0,0.0,0.0,1.0,0.0,0.0,0.0,9.0,4.0,0.0,0.0,0.0,0.0,0.0,0.0,0.0,0.0,2.0,12.0,1.0,12.18,5.01,2.51,1.49,0.0,0.0,0.0,0.4,0.0,0.8,1.2000000000000002,1.0,-169.70000000000002,0.0,0.0,169.8,0.0,21.4,30.200000000000003,30.200000000000003,30.9,300.0,300.0,31.1,35.0,29.9,29.200000000000003,31.0,4.95,2.0,4.97,0.16,0.0,0.0,1027.0,8228.0,0.0,0.0,0.0,0.0,0.0,1.0,0.0,0.0,0.0,0.0,0.0,2.1,0.0,-0.6000000000000001,0.0,0.0001,16.0,25903.0
2026-07-30T18:59:43.780Z,153.263,153.276,0.0,7.4,0.0,0.0,0.0,0.0,0.0,0.0,0.0,0.0,1.0,0.0,0.0,0.0,9.0,4.0,0.0,0.0,0.0,0.0,0.0,0.0,0.0,0.0,3.0,12.0,1.0,12.18,5.01,2.51,1.49,-0.1,0.1,0.0,0.4,0.0,0.2,-0.5,-2.4000000000000004,-169.70000000000002,0.0,0.0,169.8,0.0,21.4,30.200000000000003,30.200000000000003,30.9,300.0,300.0,31.1,35.0,29.9,29.200000000000003,31.0,4.96,1.99,4.97,0.16,0.0,0.0,1027.0,8228.0,0.0,0.0,0.0,0.0,0.0,1.0,0.0,0.0,0.0,0.0,0.0,-2.4000000000000004,0.0,2.0,0.0,0.0,16.0,25903.0
2026-07-30T18:59:43.792Z,153.275,153.288,0.0,7.4,0.0,0.0,0.0,0.0,0.0,0.0,0.0,0.0,1.0,0.0,0.0,0.0,9.0,4.0,0.0,0.0,0.0,0.0,0.0,0.0,0.0,0.0,4.0,12.0,1.0,12.18,5.01,2.51,1.49,0.0,0.0,0.0,0.4,0.0,-0.3,-1.0,-1.8,-169.70000000000002,0.0,0.0,169.8,0.0,21.4,30.200000000000003,30.200000000000003,30.9,300.0,300.0,31.1,35.0,29.9,29.200000000000003,31.0,4.96,1.99,4.96,0.16,0.0,0.0,1027.0,8228.0,0.0,0.0,0.0,0.0,0.0,1.0,0.0,0.0,0.0,0.0,0.0,-2.6,0.0,1.4,0.0,0.0,16.0,25903.0
2026-07-30T18:59:43.804Z,153.287,153.3,0.0,7.4,0.0,0.0,0.0,0.0,0.0,0.0,0.0,0.0,1.0,0.0,0.0,0.0,9.0,4.0,0.0,0.0,0.0,0.0,0.0,0.0,0.0,0.0,5.0,12.0,1.0,12.18,5.01,2.51,1.49,0.0,0.0,0.0,0.4,0.0,0.2,0.6000000000000001,1.6,-169.70000000000002,0.0,0.0,169.8,0.0,21.4,30.200000000000003,30.200000000000003,30.9,300.0,300.0,31.1,35.0,29.9,29.200000000000003,31.0,4.96,1.99,4.97,0.16,0.0,0.0,1027.0,8228.0,0.0,0.0,0.0,0.0,0.0,1.0,0.0,0.0,0.0,0.0,0.0,1.9,0.0,-1.2000000000000002,0.0,0.0001,16.0,25903.0
2026-07-30T18:59:43.816Z,153.299,153.312,0.0,7.4,0.0,0.0,0.0,0.0,0.0,0.0,0.0,0.0,1.0,0.0,0.0,0.0,9.0,4.0,0.0,0.0,0.0,0.0,0.0,0.0,0.0,0.0,1.0,12.0,1.0,12.14,5.0200000000000005,2.51,1.5,0.0,0.1,0.0,0.4,0.0,0.2,0.0,-0.1,-169.70000000000002,0.0,0.0,169.8,0.0,21.700000000000003,30.200000000000003,30.200000000000003,30.8,300.0,300.0,31.1,35.0,29.9,29.200000000000003,31.0,4.96,1.99,4.96,0.16,0.0,0.0,1027.0,8228.0,0.0,0.0,0.0,0.0,0.0,1.0,0.0,0.0,0.0,0.0,0.0,0.0,0.0,0.1,0.0,0.0,16.0,25903.0
2026-07-30T18:59:43.828Z,153.311,153.324,0.0,7.4,0.0,0.0,0.0,0.0,0.0,0.0,0.0,0.0,1.0,0.0,0.0,0.0,9.0,4.0,0.0,0.0,0.0,0.0,0.0,0.0,0.0,0.0,2.0,12.0,1.0,12.14,5.0200000000000005,2.51,1.5,0.0,0.0,0.0,0.4,0.0,0.2,0.6000000000000001,0.4,-169.70000000000002,0.0,0.0,169.8,0.0,21.700000000000003,30.200000000000003,30.200000000000003,30.8,300.0,300.0,31.1,35.0,29.9,29.200000000000003,31.0,4.95,1.99,4.96,0.16,0.0,0.0,1027.0,8228.0,0.0,0.0,0.0,0.0,0.0,1.0,0.0,0.0,0.0,0.0,0.0,1.0,0.0,-0.2,0.0,0.0001,16.0,25903.0
2026-07-30T18:59:43.840Z,153.323,153.336,0.0,7.4,0.0,0.0,0.0,0.0,0.0,0.0,0.0,0.0,1.0,0.0,0.0,0.0,9.0,4.0,0.0,0.0,0.0,0.0,0.0,0.0,0.0,0.0,3.0,12.0,1.0,12.14,5.0200000000000005,2.51,1.5,0.0,0.0,0.0,0.4,0.0,0.2,-0.5,-0.6000000000000001,-169.70000000000002,0.0,0.0,169.8,0.0,21.700000000000003,30.200000000000003,30.200000000000003,30.8,300.0,300.0,31.1,35.0,29.9,29.200000000000003,31.0,4.95,1.99,4.96,0.16,0.0,0.0,1027.0,8228.0,0.0,0.0,0.0,0.0,0.0,1.0,0.0,0.0,0.0,0.0,0.0,-1.0,0.0,0.5,0.0,0.0001,16.0,25903.0
2026-07-30T18:59:43.852Z,153.335,153.348,0.0,7.4,0.0,0.0,0.0,0.0,0.0,0.0,0.0,0.0,1.0,0.0,0.0,0.0,9.0,4.0,0.0,0.0,0.0,0.0,0.0,0.0,0.0,0.0,3.0,12.0,1.0,12.14,5.0200000000000005,2.51,1.5,0.0,0.0,0.0,0.4,0.0,-0.3,-0.4,-1.2000000000000002,-169.70000000000002,0.0,0.0,169.8,0.0,21.700000000000003,30.200000000000003,30.200000000000003,30.8,300.0,300.0,31.1,35.0,29.9,29.200000000000003,31.0,4.95,1.99,4.97,0.16,0.0,0.0,1027.0,8228.0,0.0,0.0,0.0,0.0,0.0,1.0,0.0,0.0,0.0,0.0,0.0,-1.5,0.0,1.0,0.0,0.0,16.0,25903.0
2026-07-30T18:59:43.864Z,153.347,153.36,0.0,7.4,0.0,0.0,0.0,0.0,0.0,0.0,0.0,0.0,1.0,0.0,0.0,0.0,9.0,4.0,0.0,0.0,0.0,0.0,0.0,0.0,0.0,0.0,5.0,12.0,1.0,12.14,5.0200000000000005,2.51,1.5,0.0,0.0,0.0,0.4,0.0,-0.3,0.1,0.0,-169.70000000000002,0.0,0.0,169.70000000000002,0.0,21.700000000000003,30.200000000000003,30.200000000000003,30.8,300.0,300.0,31.1,35.0,29.9,29.200000000000003,31.0,4.95,1.99,4.96,0.16,0.0,0.0,1027.0,8228.0,0.0,0.0,0.0,0.0,0.0,1.0,0.0,0.0,0.0,0.0,0.0,0.0,0.0,0.0,0.0,0.0,16.0,25903.0
2026-07-30T18:59:43.876Z,153.359,153.372,0.0,7.4,0.0,0.0,0.0,0.0,0.0,0.0,0.0,0.0,1.0,0.0,0.0,0.0,9.0,4.0,0.0,0.0,0.0,0.0,0.0,0.0,0.0,0.0,6.0,12.0,1.0,12.14,5.0200000000000005,2.51,1.5,0.0,0.0,0.0,0.4,0.0,0.2,1.2000000000000002,0.5,-169.70000000000002,0.0,0.0,169.70000000000002,0.0,21.700000000000003,30.200000000000003,30.200000000000003,30.8,300.0,300.0,31.1,35.0,29.9,29.200000000000003,31.0,4.96,1.99,4.96,0.16,0.0,0.0,1027.0,8228.0,0.0,0.0,0.0,0.0,0.0,1.0,0.0,0.0,0.0,0.0,0.0,1.8,0.0,-0.1,0.0,0.0002,16.0,25903.0
2026-07-30T18:59:43.888Z,153.371,153.384,0.0,7.4,0.0,0.0,0.0,0.0,0.0,0.0,0.0,0.0,1.0,0.0,0.0,0.0,9.0,4.0,0.0,0.0,0.0,0.0,0.0,0.0,0.0,0.0,1.0,12.0,1.0,12.14,5.0200000000000005,2.51,1.5,0.0,0.0,0.0,0.4,0.0,0.8,0.1,-0.1,-169.70000000000002,0.0,0.0,169.70000000000002,0.0,21.700000000000003,30.200000000000003,30.200000000000003,30.8,300.0,300.0,31.1,35.0,29.9,29.200000000000003,31.0,4.95,1.99,4.97,0.16,0.0,0.0,1027.0,8228.0,0.0,0.0,0.0,0.0,0.0,1.0,0.0,0.0,0.0,0.0,0.0,0.0,0.0,0.1,0.0,0.0,16.0,25903.0
2026-07-30T18:59:43.900Z,153.383,153.39600000000002,0.0,7.4,0.0,0.0,0.0,0.0,0.0,0.0,0.0,0.0,1.0,0.0,0.0,0.0,9.0,4.0,0.0,0.0,0.0,0.0,0.0,0.0,0.0,0.0,2.0,12.0,1.0,12.14,5.0200000000000005,2.51,1.5,0.0,0.1,0.0,0.4,0.0,0.2,0.1,-0.7000000000000001,-169.70000000000002,0.0,0.0,169.70000000000002,0.0,21.700000000000003,30.200000000000003,30.200000000000003,30.8,300.0,300.0,31.1,35.0,29.9,29.200000000000003,31.0,4.96,1.99,4.96,0.16,0.0,0.0,1027.0,8228.0,0.0,0.0,0.0,0.0,0.0,1.0,0.0,0.0,0.0,0.0,0.0,-0.3,0.0,0.6000000000000001,0.0,0.0,16.0,25903.0
2026-07-30T18:59:43.912Z,153.395,153.40800000000002,0.0,7.4,0.0,0.0,0.0,0.0,0.0,0.0,0.0,0.0,1.0,0.0,0.0,0.0,9.0,4.0,0.0,0.0,0.0,0.0,0.0,0.0,0.0,0.0,4.0,12.0,1.0,12.17,5.0200000000000005,2.51,1.49,0.0,0.0,0.0,0.4,0.0,0.2,0.7000000000000001,-0.1,-169.70000000000002,0.0,0.0,169.8,0.0,21.700000000000003,30.200000000000003,30.200000000000003,30.8,300.0,300.0,31.0,34.9,29.9,29.200000000000003,31.0,4.96,1.99,4.96,0.16,0.0,0.0,1027.0,8228.0,0.0,0.0,0.0,0.0,0.0,1.0,0.0,0.0,0.0,0.0,0.0,0.7000000000000001,0.0,0.2,0.0,0.0,16.0,25903.0
2026-07-30T18:59:43.924Z,153.407,153.42000000000002,0.0,7.4,0.0,0.0,0.0,0.0,0.0,0.0,0.0,0.0,1.0,0.0,0.0,0.0,9.0,4.0,0.0,0.0,0.0,0.0,0.0,0.0,0.0,0.0,5.0,12.0,1.0,12.17,5.0200000000000005,2.51,1.49,0.0,0.0,0.0,0.4,0.0,0.2,1.3,-0.6000000000000001,-169.70000000000002,0.0,0.0,169.70000000000002,0.0,21.700000000000003,30.200000000000003,30.200000000000003,30.8,300.0,300.0,31.0,34.9,29.9,29.200000000000003,31.0,4.95,1.99,4.96,0.16,0.0,0.0,1027.0,8228.0,0.0,0.0,0.0,0.0,0.0,1.0,0.0,0.0,0.0,0.0,0.0,0.9,0.0,0.8,0.0,0.0001,16.0,25903.0
2026-07-30T18:59:43.937Z,153.42,153.43200000000002,0.0,7.4,0.0,0.0,0.0,0.0,0.0,0.0,0.0,0.0,1.0,0.0,0.0,0.0,9.0,4.0,0.0,0.0,0.0,0.0,0.0,0.0,0.0,0.0,6.0,12.0,1.0,12.17,5.0200000000000005,2.51,1.49,0.0,0.0,0.0,0.5,0.0,-0.3,-0.4,-1.2000000000000002,-169.70000000000002,0.0,0.0,169.8,0.0,21.700000000000003,30.200000000000003,30.200000000000003,30.8,300.0,300.0,31.0,34.9,29.9,29.200000000000003,31.0,4.95,1.99,4.96,0.16,0.0,0.0,1027.0,8228.0,0.0,0.0,0.0,0.0,0.0,1.0,0.0,0.0,0.0,0.0,0.0,-1.4,0.0,1.0,0.0,0.0,16.0,25903.0
2026-07-30T18:59:43.948Z,153.431,153.44400000000002,0.0,7.4,0.0,0.0,0.0,0.0,0.0,0.0,0.0,0.0,1.0,0.0,0.0,0.0,9.0,4.0,0.0,0.0,0.0,0.0,0.0,0.0,0.0,0.0,5.0,12.0,1.0,12.17,5.0200000000000005,2.51,1.49,0.0,0.0,0.0,0.5,0.0,-0.8,-0.4,-0.1,-169.70000000000002,0.0,0.0,169.8,0.0,21.700000000000003,30.200000000000003,30.200000000000003,30.8,300.0,300.0,31.0,34.9,29.9,29.200000000000003,31.0,4.96,1.99,4.96,0.16,0.0,0.0,1027.0,8228.0,0.0,0.0,0.0,0.0,0.0,1.0,0.0,0.0,0.0,0.0,0.0,-0.6000000000000001,0.0,0.0,0.0,0.0,16.0,25903.0
2026-07-30T18:59:43.960Z,153.443,153.45600000000002,0.0,7.4,0.0,0.0,0.0,0.0,0.0,0.0,0.0,0.0,1.0,0.0,0.0,0.0,9.0,4.0,0.0,0.0,0.0,0.0,0.0,0.0,0.0,0.0,6.0,12.0,1.0,12.17,5.0200000000000005,2.51,1.49,0.0,0.0,0.0,0.4,0.0,-0.8,0.7000000000000001,-0.1,-169.70000000000002,0.0,0.0,169.70000000000002,0.0,21.700000000000003,30.200000000000003,30.200000000000003,30.8,300.0,300.0,31.0,34.9,29.9,29.200000000000003,31.0,4.96,1.99,4.97,0.15,0.0,0.0,1027.0,8228.0,0.0,0.0,0.0,0.0,0.0,1.0,0.0,0.0,0.0,0.0,0.0,0.7000000000000001,0.0,0.2,0.0,0.0,16.0,25903.0
2026-07-30T18:59:43.971Z,153.454,153.468,0.0,7.4,0.0,0.0,0.0,0.0,0.0,0.0,0.0,0.0,1.0,0.0,0.0,0.0,9.0,4.0,0.0,0.0,0.0,0.0,0.0,0.0,0.0,0.0,1.0,12.0,1.0,12.17,5.0200000000000005,2.51,1.49,0.0,0.0,0.0,0.4,0.0,-0.2,1.2000000000000002,0.4,-169.70000000000002,0.0,0.0,169.8,0.0,21.700000000000003,30.200000000000003,30.200000000000003,30.8,300.0,300.0,31.0,34.9,29.9,29.200000000000003,31.0,4.95,1.99,4.97,0.16,0.0,0.0,1027.0,8228.0,0.0,0.0,0.0,0.0,0.0,1.0,0.0,0.0,0.0,0.0,0.0,1.7000000000000002,0.0,-0.1,0.0,0.0,16.0,25903.0
2026-07-30T18:59:43.983Z,153.466,153.48,0.0,7.4,0.0,0.0,0.0,0.0,0.0,0.0,0.0,0.0,1.0,0.0,0.0,0.0,9.0,4.0,0.0,0.0,0.0,0.0,0.0,0.0,0.0,0.0,2.0,12.0,1.0,12.17,5.0200000000000005,2.51,1.49,0.0,0.0,0.0,0.4,0.0,0.2,0.6000000000000001,1.5,-169.70000000000002,0.0,0.0,169.8,0.0,21.700000000000003,30.200000000000003,30.200000000000003,30.8,300.0,300.0,31.0,34.9,29.9,29.200000000000003,31.0,4.96,1.99,4.96,0.16,0.0,0.0,1027.0,8228.0,0.0,0.0,0.0,0.0,0.0,1.0,0.0,0.0,0.0,0.0,0.0,1.9,0.0,-1.2000000000000002,0.0,0.0001,16.0,25903.0
2026-07-30T18:59:43.995Z,153.478,153.492,0.0,7.4,0.0,0.0,0.0,0.0,0.0,0.0,0.0,0.0,1.0,0.0,0.0,0.0,9.0,4.0,0.0,0.0,0.0,0.0,0.0,0.0,0.0,0.0,3.0,12.0,1.0,12.17,5.0200000000000005,2.51,1.49,0.0,0.0,0.0,0.4,0.0,0.2,-0.5,-0.7000000000000001,-169.70000000000002,0.0,0.0,169.8,0.0,21.700000000000003,30.200000000000003,30.200000000000003,30.8,300.0,300.0,31.0,34.9,29.9,29.200000000000003,31.0,4.95,1.99,4.96,0.16,0.0,0.0,1027.0,8228.0,0.0,0.0,0.0,0.0,0.0,1.0,0.0,0.0,0.0,0.0,0.0,-1.2000000000000002,0.0,0.5,0.0,0.0001,16.0,25903.0
2026-07-30T18:59:44.008Z,153.491,153.504,0.0,7.4,0.0,0.0,0.0,0.0,0.0,0.0,0.0,0.0,1.0,0.0,0.0,0.0,9.0,4.0,0.0,0.0,0.0,0.0,0.0,0.0,0.0,0.0,4.0,12.0,1.0,12.17,5.0200000000000005,2.51,1.49,0.0,0.0,0.0,0.4,0.0,-0.3,0.0,-0.7000000000000001,-169.70000000000002,0.0,0.0,169.70000000000002,0.0,21.700000000000003,30.200000000000003,30.200000000000003,30.8,300.0,300.0,31.0,34.9,29.9,29.200000000000003,31.0,4.95,1.99,4.97,0.16,0.0,0.0,1027.0,8228.0,0.0,0.0,0.0,0.0,0.0,1.0,0.0,0.0,0.0,0.0,0.0,-0.5,0.0,0.6000000000000001,0.0,0.0001,16.0,25903.0
2026-07-30T18:59:44.020Z,153.503,153.516,0.0,7.4,0.0,0.0,0.0,0.0,0.0,0.0,0.0,0.0,1.0,0.0,0.0,0.0,9.0,4.0,0.0,0.0,0.0,0.0,0.0,0.0,0.0,0.0,5.0,12.0,1.0,12.17,5.0200000000000005,2.51,1.49,0.0,0.1,0.0,0.4,0.0,-0.3,0.5,-0.7000000000000001,-169.70000000000002,0.0,0.0,169.70000000000002,0.0,21.3,30.200000000000003,30.200000000000003,30.8,300.0,300.0,31.1,35.0,29.9,29.3,31.0,4.95,2.0,4.97,0.16,0.0,0.0,1027.0,8228.0,0.0,0.0,0.0,0.0,0.0,1.0,0.0,0.0,0.0,0.0,0.0,1.8,0.0,-1.2000000000000002,0.0,0.0001,16.0,25903.0
2026-07-30T18:59:44.031Z,153.514,153.528,0.0,7.4,0.0,0.0,0.0,0.0,0.0,0.0,0.0,0.0,1.0,0.0,0.0,0.0,9.0,4.0,0.0,0.0,0.0,0.0,0.0,0.0,0.0,0.0,6.0,12.0,1.0,12.17,5.0200000000000005,2.51,1.49,0.0,0.0,0.0,0.4,0.0,-0.3,0.0,-0.7000000000000001,-169.70000000000002,0.0,0.0,169.60000000000002,0.0,21.3,30.200000000000003,30.200000000000003,30.8,300.0,300.0,31.1,35.0,29.9,29.3,31.0,4.96,2.0,4.96,0.16,0.0,0.0,1027.0,8228.0,0.0,0.0,0.0,0.0,0.0,1.0,0.0,0.0,0.0,0.0,0.0,-1.2000000000000002,0.0,2.3000000000000003,0.0,0.0001,16.0,25903.0
2026-07-30T18:59:44.044Z,153.527,153.54,0.0,7.4,0.0,0.0,0.0,0.0,0.0,0.0,0.0,0.0,1.0,0.0,0.0,0.0,9.0,4.0,0.0,0.0,0.0,0.0,0.0,0.0,0.0,0.0,1.0,12.0,1.0,12.17,5.0200000000000005,2.51,1.49,0.0,0.0,0.0,0.4,0.0,0.2,0.0,0.3,-169.70000000000002,0.0,0.0,169.8,0.0,21.3,30.200000000000003,30.200000000000003,30.8,300.0,300.0,31.1,35.0,29.9,29.3,31.0,4.95,2.0,4.97,0.16,0.0,0.0,1027.0,8228.0,0.0,0.0,0.0,0.0,0.0,1.0,0.0,0.0,0.0,0.0,0.0,-0.8,0.0,0.0,0.0,0.0001,16.0,25903.0
2026-07-30T18:59:44.056Z,153.539,153.552,0.0,7.4,0.0,0.0,0.0,0.0,0.0,0.0,0.0,0.0,1.0,0.0,0.0,0.0,9.0,4.0,0.0,0.0,0.0,0.0,0.0,0.0,0.0,0.0,3.0,12.0,1.0,12.17,5.0200000000000005,2.51,1.49,0.0,0.1,0.0,0.4,0.0,0.2,-0.6000000000000001,1.0,-169.70000000000002,0.0,0.0,169.70000000000002,0.0,21.3,30.200000000000003,30.200000000000003,30.8,300.0,300.0,31.1,35.0,29.9,29.3,31.0,4.95,1.99,4.96,0.16,0.0,0.0,1027.0,8228.0,0.0,0.0,0.0,0.0,0.0,1.0,0.0,0.0,0.0,0.0,0.0,-0.1,0.0,0.1,0.0,0.0002,16.0,25903.0
2026-07-30T18:59:44.068Z,153.551,153.564,0.0,7.4,0.0,0.0,0.0,0.0,0.0,0.0,0.0,0.0,1.0,0.0,0.0,0.0,9.0,4.0,0.0,0.0,0.0,0.0,0.0,0.0,0.0,0.0,4.0,12.0,1.0,12.17,5.0200000000000005,2.51,1.49,0.0,0.0,0.0,0.4,0.0,-0.3,0.5,0.3,-169.70000000000002,0.0,0.0,169.70000000000002,0.0,21.3,30.200000000000003,30.200000000000003,30.8,300.0,300.0,31.1,35.0,29.9,29.3,31.0,4.96,1.99,4.96,0.16,0.0,0.0,1027.0,8228.0,0.0,0.0,0.0,0.0,0.0,1.0,0.0,0.0,0.0,0.0,0.0,0.8,0.0,-0.2,0.0,0.0001,16.0,25903.0
2026-07-30T18:59:44.080Z,153.563,153.576,0.0,7.4,0.0,0.0,0.0,0.0,0.0,0.0,0.0,0.0,1.0,0.0,0.0,0.0,9.0,4.0,0.0,0.0,0.0,0.0,0.0,0.0,0.0,0.0,5.0,12.0,1.0,12.17,5.0200000000000005,2.51,1.49,0.0,0.1,0.0,0.4,0.0,-0.3,-1.2000000000000002,-0.7000000000000001,-169.70000000000002,0.0,0.0,169.70000000000002,0.0,21.3,30.200000000000003,30.200000000000003,30.8,300.0,300.0,31.1,35.0,29.9,29.3,31.0,4.96,1.99,4.96,0.16,0.0,0.0,1027.0,8228.0,0.0,0.0,0.0,0.0,0.0,1.0,0.0,0.0,0.0,0.0,0.0,-1.9,0.0,0.3,0.0,0.0001,16.0,25903.0
2026-07-30T18:59:44.091Z,153.574,153.588,0.0,7.4,0.0,0.0,0.0,0.0,0.0,0.0,0.0,0.0,1.0,0.0,0.0,0.0,9.0,4.0,0.0,0.0,0.0,0.0,0.0,0.0,0.0,0.0,6.0,12.0,1.0,12.17,5.0200000000000005,2.51,1.49,0.0,0.0,0.0,0.4,0.0,-0.8,-0.6000000000000001,-1.2000000000000002,-169.70000000000002,0.0,0.0,169.70000000000002,0.0,21.3,30.200000000000003,30.200000000000003,30.8,300.0,300.0,31.1,35.0,29.9,29.3,31.0,4.96,1.99,4.97,0.16,0.0,0.0,1027.0,8228.0,0.0,0.0,0.0,0.0,0.0,1.0,0.0,0.0,0.0,0.0,0.0,-1.7000000000000002,0.0,0.9,0.0,0.0,16.0,25903.0
2026-07-30T18:59:44.104Z,153.587,153.6,0.0,7.4,0.0,0.0,0.0,0.0,0.0,0.0,0.0,0.0,1.0,0.0,0.0,0.0,9.0,4.0,0.0,0.0,0.0,0.0,0.0,0.0,0.0,0.0,1.0,12.0,1.0,12.17,5.0200000000000005,2.51,1.49,0.0,0.0,0.0,0.4,0.0,0.9,0.0,-0.7000000000000001,-169.70000000000002,0.0,0.0,169.8,0.0,21.3,30.200000000000003,30.200000000000003,30.8,300.0,300.0,31.1,35.0,29.9,29.3,31.0,4.96,2.0,4.96,0.16,0.0,0.0,1027.0,8228.0,0.0,0.0,0.0,0.0,0.0,1.0,0.0,0.0,0.0,0.0,0.0,-0.6000000000000001,0.0,0.6000000000000001,0.0,0.0,16.0,25903.0
2026-07-30T18:59:44.117Z,153.6,153.612,0.0,7.4,0.0,0.0,0.0,0.0,0.0,0.0,0.0,0.0,1.0,0.0,0.0,0.0,9.0,4.0,0.0,0.0,0.0,0.0,0.0,0.0,0.0,0.0,2.0,12.0,1.0,12.13,5.0200000000000005,2.51,1.49,0.0,0.0,0.0,0.4,0.0,0.3,0.0,-0.1,-169.70000000000002,0.0,0.0,169.70000000000002,0.0,21.4,30.200000000000003,30.200000000000003,30.8,300.0,300.0,31.0,35.0,29.9,29.200000000000003,31.0,4.96,1.99,4.96,0.16,0.0,0.0,1027.0,8228.0,0.0,0.0,0.0,0.0,0.0,1.0,0.0,0.0,0.0,0.0,0.0,-0.1,0.0,0.1,0.0,0.0002,16.0,25903.0
2026-07-30T18:59:44.127Z,153.61,153.624,0.0,7.4,0.0,0.0,0.0,0.0,0.0,0.0,0.0,0.0,1.0,0.0,0.0,0.0,9.0,4.0,0.0,0.0,0.0,0.0,0.0,0.0,0.0,0.0,3.0,12.0,1.0,12.13,5.0200000000000005,2.51,1.49,0.0,0.0,0.0,0.4,0.0,-0.8,-0.6000000000000001,-0.1,-169.70000000000002,0.0,0.0,169.8,0.0,21.4,30.200000000000003,30.200000000000003,30.8,300.0,300.0,31.0,35.0,29.9,29.200000000000003,31.0,4.95,1.99,4.97,0.16,0.0,0.0,1027.0,8228.0,0.0,0.0,0.0,0.0,0.0,1.0,0.0,0.0,0.0,0.0,0.0,-0.8,0.0,0.0,0.0,0.0001,16.0,25903.0
2026-07-30T18:59:44.139Z,153.622,153.636,0.0,7.4,0.0,0.0,0.0,0.0,0.0,0.0,0.0,0.0,1.0,0.0,0.0,0.0,9.0,4.0,0.0,0.0,0.0,0.0,0.0,0.0,0.0,0.0,4.0,12.0,1.0,12.13,5.0200000000000005,2.51,1.49,0.0,0.0,0.0,0.4,0.0,-0.2,-1.2000000000000002,-0.1,-169.70000000000002,0.0,0.0,169.8,0.0,21.4,30.200000000000003,30.200000000000003,30.8,300.0,300.0,31.0,35.0,29.9,29.200000000000003,31.0,4.96,2.0,4.96,0.16,0.0,0.0,1027.0,8228.0,0.0,0.0,0.0,0.0,0.0,1.0,0.0,0.0,0.0,0.0,0.0,-1.5,0.0,-0.1,0.0,0.0002,16.0,25903.0
2026-07-30T18:59:44.152Z,153.635,153.648,0.0,7.4,0.0,0.0,0.0,0.0,0.0,0.0,0.0,0.0,1.0,0.0,0.0,0.0,9.0,4.0,0.0,0.0,0.0,0.0,0.0,0.0,0.0,0.0,5.0,12.0,1.0,12.13,5.0200000000000005,2.51,1.49,0.0,0.0,0.0,0.4,0.0,-0.1,-1.2000000000000002,-0.1,-169.70000000000002,0.0,0.0,169.70000000000002,0.0,21.4,30.200000000000003,30.200000000000003,30.8,300.0,300.0,31.0,35.0,29.9,29.200000000000003,31.0,4.96,1.99,4.96,0.16,0.0,0.0,1027.0,8228.0,0.0,0.0,0.0,0.0,0.0,1.0,0.0,0.0,0.0,0.0,0.0,-1.4,0.0,-0.1,0.0,0.0001,16.0,25903.0
2026-07-30T18:59:44.164Z,153.647,153.66,0.0,7.4,0.0,0.0,0.0,0.0,0.0,0.0,0.0,0.0,1.0,0.0,0.0,0.0,9.0,4.0,0.0,0.0,0.0,0.0,0.0,0.0,0.0,0.0,6.0,12.0,1.0,12.13,5.0200000000000005,2.51,1.49,0.0,0.1,0.0,0.4,0.0,0.9,1.1,-0.1,-169.70000000000002,0.0,0.0,169.70000000000002,0.0,21.4,30.200000000000003,30.200000000000003,30.8,300.0,300.0,31.0,35.0,29.9,29.200000000000003,31.0,4.95,1.99,4.96,0.16,0.0,0.0,1027.0,8228.0,0.0,0.0,0.0,0.0,0.0,1.0,0.0,0.0,0.0,0.0,0.0,1.2000000000000002,0.0,0.3,0.0,0.0001,16.0,25903.0
2026-07-30T18:59:44.175Z,153.658,153.672,0.0,7.4,0.0,0.0,0.0,0.0,0.0,0.0,0.0,0.0,1.0,0.0,0.0,0.0,9.0,4.0,0.0,0.0,0.0,0.0,0.0,0.0,0.0,0.0,2.0,12.0,1.0,12.13,5.0200000000000005,2.51,1.49,0.0,0.0,0.0,0.4,0.0,-0.2,0.0,-0.1,-169.70000000000002,0.0,0.0,169.70000000000002,0.0,21.4,30.200000000000003,30.200000000000003,30.8,300.0,300.0,31.0,35.0,29.9,29.200000000000003,31.0,4.95,1.99,4.97,0.16,0.0,0.0,1027.0,8228.0,0.0,0.0,0.0,0.0,0.0,1.0,0.0,0.0,0.0,0.0,0.0,0.0,0.0,0.1,0.0,0.0001,16.0,25903.0
2026-07-30T18:59:44.188Z,153.671,153.684,0.0,7.4,0.0,0.0,0.0,0.0,0.0,0.0,0.0,0.0,1.0,0.0,0.0,0.0,9.0,4.0,0.0,0.0,0.0,0.0,0.0,0.0,0.0,0.0,3.0,12.0,1.0,12.13,5.0200000000000005,2.51,1.49,0.0,0.0,0.0,0.4,0.0,-0.2,-1.1,-1.2000000000000002,-169.70000000000002,0.0,0.0,169.8,0.0,21.4,30.200000000000003,30.200000000000003,30.8,300.0,300.0,31.0,35.0,29.9,29.200000000000003,31.0,4.96,1.99,4.96,0.16,0.0,0.0,1027.0,8228.0,0.0,0.0,0.0,0.0,0.0,1.0,0.0,0.0,0.0,0.0,0.0,-2.2,0.0,0.9,0.0,0.0,16.0,25903.0
2026-07-30T18:59:44.200Z,153.683,153.696,0.0,7.4,0.0,0.0,0.0,0.0,0.0,0.0,0.0,0.0,1.0,0.0,0.0,0.0,9.0,4.0,0.0,0.0,0.0,0.0,0.0,0.0,0.0,0.0,4.0,12.0,1.0,12.13,5.0200000000000005,2.51,1.49,0.0,0.0,0.0,0.4,0.0,-0.2,0.0,0.9,-169.70000000000002,0.0,0.0,169.70000000000002,0.0,21.4,30.200000000000003,30.200000000000003,30.8,300.0,300.0,31.0,35.0,29.9,29.200000000000003,31.0,4.96,1.99,4.97,0.16,0.0,0.0,1027.0,8228.0,0.0,0.0,0.0,0.0,0.0,1.0,0.0,0.0,0.0,0.0,0.0,0.7000000000000001,0.0,-0.8,0.0,0.0001,16.0,25903.0
2026-07-30T18:59:44.212Z,153.695,153.708,0.0,7.4,0.0,0.0,0.0,0.0,0.0,0.0,0.0,0.0,1.0,0.0,0.0,0.0,9.0,4.0,0.0,0.0,0.0,0.0,0.0,0.0,0.0,0.0,6.0,12.0,1.0,12.13,5.0200000000000005,2.51,1.49,0.0,0.0,0.0,0.4,0.0,0.3,0.0,-1.3,-169.70000000000002,0.0,0.0,169.70000000000002,0.0,21.4,30.200000000000003,30.200000000000003,30.8,300.0,300.0,31.0,35.0,29.9,29.200000000000003,31.0,4.95,1.99,4.97,0.16,0.0,0.0,1027.0,8228.0,0.0,0.0,0.0,0.0,0.0,1.0,0.0,0.0,0.0,0.0,0.0,-1.0,0.0,1.1,0.0,0.0,16.0,25903.0
2026-07-30T18:59:44.224Z,153.707,153.72,0.0,7.4,0.0,0.0,0.0,0.0,0.0,0.0,0.0,0.0,1.0,0.0,0.0,0.0,9.0,4.0,0.0,0.0,0.0,0.0,0.0,0.0,0.0,0.0,6.0,12.0,1.0,12.17,5.0200000000000005,2.5,1.49,0.0,0.0,0.0,0.4,0.0,-0.8,-0.5,0.9,-169.70000000000002,0.0,0.0,169.8,0.0,21.200000000000003,30.200000000000003,30.200000000000003,30.8,300.0,300.0,31.0,35.0,29.9,29.3,31.0,4.96,1.99,4.96,0.16,0.0,0.0,1027.0,8228.0,0.0,0.0,0.0,0.0,0.0,1.0,0.0,0.0,0.0,0.0,0.0,0.0,0.0,-0.9,0.0,0.0,16.0,25903.0
2026-07-30T18:59:44.236Z,153.719,153.732,0.0,7.4,0.0,0.0,0.0,0.0,0.0,0.0,0.0,0.0,1.0,0.0,0.0,0.0,9.0,4.0,0.0,0.0,0.0,0.0,0.0,0.0,0.0,0.0,2.0,12.0,1.0,12.17,5.0200000000000005,2.5,1.49,0.0,0.0,0.0,0.4,0.0,-0.2,-1.1,0.3,-169.70000000000002,0.0,0.0,169.70000000000002,0.0,21.200000000000003,30.200000000000003,30.200000000000003,30.8,300.0,300.0,31.0,35.0,29.9,29.3,31.0,4.95,2.0,4.96,0.16,0.0,0.0,1027.0,8228.0,0.0,0.0,0.0,0.0,0.0,1.0,0.0,0.0,0.0,0.0,0.0,-1.0,0.0,-0.5,0.0,0.0001,16.0,25903.0
2026-07-30T18:59:44.255Z,153.738,153.744,0.0,7.4,0.0,0.0,0.0,0.0,0.0,0.0,0.0,0.0,1.0,0.0,0.0,0.0,9.0,4.0,0.0,0.0,0.0,0.0,0.0,0.0,0.0,0.0,2.0,12.0,1.0,12.17,5.0200000000000005,2.5,1.49,0.0,0.0,0.0,0.4,0.0,-0.8,0.0,-0.8,-169.70000000000002,0.0,0.0,169.8,0.0,21.200000000000003,30.200000000000003,30.200000000000003,30.8,300.0,300.0,31.0,35.0,29.9,29.3,31.0,4.95,1.99,4.97,0.16,0.0,0.0,1027.0,8228.0,0.0,0.0,0.0,0.0,0.0,1.0,0.0,0.0,0.0,0.0,0.0,-0.5,0.0,0.7000000000000001,0.0,0.0001,16.0,25903.0
2026-07-30T18:59:44.260Z,153.743,153.756,0.0,7.4,0.0,0.0,0.0,0.0,0.0,0.0,0.0,0.0,1.0,0.0,0.0,0.0,9.0,4.0,0.0,0.0,0.0,0.0,0.0,0.0,0.0,0.0,5.0,12.0,1.0,12.17,5.0200000000000005,2.5,1.49,0.0,0.0,0.0,0.4,0.0,-0.2,0.0,0.3,-169.70000000000002,0.0,0.0,169.8,0.0,21.200000000000003,30.200000000000003,30.200000000000003,30.8,300.0,300.0,31.0,35.0,29.9,29.3,31.0,4.96,1.99,4.97,0.16,0.0,0.0,1027.0,8228.0,0.0,0.0,0.0,0.0,0.0,1.0,0.0,0.0,0.0,0.0,0.0,0.3,0.0,-0.3,0.0,0.0,16.0,25903.0
2026-07-30T18:59:44.272Z,153.755,153.768,0.0,7.4,0.0,0.0,0.0,0.0,0.0,0.0,0.0,0.0,1.0,0.0,0.0,0.0,9.0,4.0,0.0,0.0,0.0,0.0,0.0,0.0,0.0,0.0,6.0,12.0,1.0,12.17,5.0200000000000005,2.5,1.49,0.0,0.0,0.0,0.4,0.0,-0.2,-0.5,-0.1,-169.70000000000002,0.0,0.0,169.8,0.0,21.200000000000003,30.200000000000003,30.200000000000003,30.8,300.0,300.0,31.0,35.0,29.9,29.3,31.0,4.96,1.99,4.96,0.16,0.0,0.0,1027.0,8228.0,0.0,0.0,0.0,0.0,0.0,1.0,0.0,0.0,0.0,0.0,0.0,-0.7000000000000001,0.0,0.0,0.0,0.0,16.0,25903.0
2026-07-30T18:59:44.284Z,153.767,153.78,0.0,7.4,0.0,0.0,0.0,0.0,0.0,0.0,0.0,0.0,1.0,0.0,0.0,0.0,9.0,4.0,0.0,0.0,0.0,0.0,0.0,0.0,0.0,0.0,2.0,12.0,1.0,12.17,5.0200000000000005,2.5,1.49,0.0,0.0,0.0,0.4,0.0,0.9,-0.6000000000000001,2.7,-169.70000000000002,0.0,0.0,169.8,0.0,21.200000000000003,30.200000000000003,30.200000000000003,30.8,300.0,300.0,31.0,35.0,29.9,29.3,31.0,4.95,1.99,4.97,0.16,0.0,0.0,1027.0,8228.0,0.0,0.0,0.0,0.0,0.0,1.0,0.0,0.0,0.0,0.0,0.0,1.3,0.0,-2.5,0.0,0.0,16.0,25903.0
2026-07-30T18:59:44.296Z,153.779,153.792,0.0,7.4,0.0,0.0,0.0,0.0,0.0,0.0,0.0,0.0,1.0,0.0,0.0,0.0,9.0,4.0,0.0,0.0,0.0,0.0,0.0,0.0,0.0,0.0,3.0,12.0,1.0,12.17,5.0200000000000005,2.5,1.49,0.0,0.0,0.0,0.4,0.0,-0.2,1.1,-0.2,-169.70000000000002,0.0,0.0,169.8,0.0,21.200000000000003,30.200000000000003,30.200000000000003,30.8,300.0,300.0,31.0,35.0,29.9,29.3,31.0,4.95,1.99,4.96,0.16,0.0,0.0,1027.0,8228.0,0.0,0.0,0.0,0.0,0.0,1.0,0.0,0.0,0.0,0.0,0.0,1.1,0.0,0.4,0.0,0.0,16.0,25903.0
2026-07-30T18:59:44.307Z,153.79,153.804,0.0,7.4,0.0,0.0,0.0,0.0,0.0,0.0,0.0,0.0,1.0,0.0,0.0,0.0,9.0,4.0,0.0,0.0,0.0,0.0,0.0,0.0,0.0,0.0,4.0,12.0,1.0,12.17,5.0200000000000005,2.5,1.49,0.0,0.0,0.0,0.4,0.0,-0.2,0.0,-0.8,-169.70000000000002,0.0,0.0,169.8,0.0,21.200000000000003,30.200000000000003,30.200000000000003,30.8,300.0,300.0,31.0,35.0,29.9,29.3,31.0,4.96,1.99,4.96,0.16,0.0,0.0,1027.0,8228.0,0.0,0.0,0.0,0.0,0.0,1.0,0.0,0.0,0.0,0.0,0.0,-0.5,0.0,0.7000000000000001,0.0,0.0,16.0,25903.0
2026-07-30T18:59:44.321Z,153.804,153.816,0.0,7.4,0.0,0.0,0.0,0.0,0.0,0.0,0.0,0.0,1.0,0.0,0.0,0.0,9.0,4.0,0.0,0.0,0.0,0.0,0.0,0.0,0.0,0.0,5.0,12.0,1.0,12.15,5.0200000000000005,2.51,1.49,0.0,0.0,0.0,0.5,0.0,-0.8,-0.5,-0.2,-169.70000000000002,0.0,0.0,169.8,0.0,21.700000000000003,30.200000000000003,30.200000000000003,30.8,300.0,300.0,31.1,35.0,29.9,29.3,31.0,4.95,1.99,4.97,0.16,0.0,0.0,1027.0,8228.0,0.0,0.0,0.0,0.0,0.0,1.0,0.0,0.0,0.0,0.0,0.0,-0.8,0.0,0.1,0.0,0.0001,16.0,25903.0
2026-07-30T18:59:44.333Z,153.816,153.828,0.0,7.4,0.0,0.0,0.0,0.0,0.0,0.0,0.0,0.0,1.0,0.0,0.0,0.0,9.0,4.0,0.0,0.0,0.0,0.0,0.0,0.0,0.0,0.0,6.0,12.0,1.0,12.15,5.0200000000000005,2.51,1.49,0.0,0.0,0.0,0.5,0.0,-0.2,-1.1,-0.8,-169.70000000000002,0.0,0.0,169.8,0.0,21.700000000000003,30.200000000000003,30.200000000000003,30.8,300.0,300.0,31.1,35.0,29.9,29.3,31.0,4.95,1.99,4.97,0.16,0.0,0.0,1027.0,8228.0,0.0,0.0,0.0,0.0,0.0,1.0,0.0,0.0,0.0,0.0,0.0,-1.8,0.0,0.4,0.0,0.0,16.0,25903.0
2026-07-30T18:59:44.345Z,153.828,153.84,0.0,7.4,0.0,0.0,0.0,0.0,0.0,0.0,0.0,0.0,1.0,0.0,0.0,0.0,9.0,4.0,0.0,0.0,0.0,0.0,0.0,0.0,0.0,0.0,1.0,12.0,1.0,12.15,5.0200000000000005,2.51,1.49,0.0,0.0,0.0,0.4,0.0,0.3,0.1,0.3,-169.70000000000002,0.0,0.0,169.8,0.0,21.700000000000003,30.200000000000003,30.200000000000003,30.8,300.0,300.0,31.1,35.0,29.9,29.3,31.0,4.95,1.99,4.96,0.16,0.0,0.0,1027.0,8228.0,0.0,0.0,0.0,0.0,0.0,1.0,0.0,0.0,0.0,0.0,0.0,0.4,0.0,-0.3,0.0,0.0001,16.0,25903.0
2026-07-30T18:59:44.356Z,153.839,153.852,0.0,7.4,0.0,0.0,0.0,0.0,0.0,0.0,0.0,0.0,1.0,0.0,0.0,0.0,9.0,4.0,0.0,0.0,0.0,0.0,0.0,0.0,0.0,0.0,2.0,12.0,1.0,12.15,5.0200000000000005,2.51,1.49,0.0,0.0,0.0,0.4,0.0,-0.2,0.1,-1.4,-169.70000000000002,0.0,0.0,169.70000000000002,0.0,21.700000000000003,30.200000000000003,30.200000000000003,30.8,300.0,300.0,31.1,35.0,29.9,29.3,31.0,4.96,1.99,4.96,0.16,0.0,0.0,1027.0,8228.0,0.0,0.0,0.0,0.0,0.0,1.0,0.0,0.0,0.0,0.0,0.0,-0.8,0.0,1.2000000000000002,0.0,0.0001,16.0,25903.0
2026-07-30T18:59:44.368Z,153.851,153.864,0.0,7.4,0.0,0.0,0.0,0.0,0.0,0.0,0.0,0.0,1.0,0.0,0.0,0.0,9.0,4.0,0.0,0.0,0.0,0.0,0.0,0.0,0.0,0.0,3.0,12.0,1.0,12.15,5.0200000000000005,2.51,1.49,0.0,0.0,0.0,0.4,0.0,-0.2,-0.4,2.1,-169.70000000000002,0.0,0.0,169.8,0.0,21.700000000000003,30.200000000000003,30.200000000000003,30.8,300.0,300.0,31.1,35.0,29.9,29.3,31.0,4.94,1.99,4.96,0.16,0.0,0.0,1027.0,8228.0,0.0,0.0,0.0,0.0,0.0,1.0,0.0,0.0,0.0,0.0,0.0,1.1,0.0,-2.0,0.0,0.0,16.0,25903.0
2026-07-30T18:59:44.379Z,153.862,153.876,0.0,7.4,0.0,0.0,0.0,0.0,0.0,0.0,0.0,0.0,1.0,0.0,0.0,0.0,9.0,4.0,0.0,0.0,0.0,0.0,0.0,0.0,0.0,0.0,4.0,12.0,1.0,12.15,5.0200000000000005,2.51,1.49,0.0,0.0,0.0,0.4,0.0,-0.2,-0.4,-0.2,-169.70000000000002,0.0,0.0,169.8,0.0,21.700000000000003,30.200000000000003,30.200000000000003,30.8,300.0,300.0,31.1,35.0,29.9,29.3,31.0,4.96,1.99,4.96,0.16,0.0,0.0,1027.0,8228.0,0.0,0.0,0.0,0.0,0.0,1.0,0.0,0.0,0.0,0.0,0.0,-0.6000000000000001,0.0,0.0,0.0,0.0001,16.0,25903.0
2026-07-30T18:59:44.391Z,153.874,153.888,0.0,7.4,0.0,0.0,0.0,0.0,0.0,0.0,0.0,0.0,1.0,0.0,0.0,0.0,9.0,4.0,0.0,0.0,0.0,0.0,0.0,0.0,0.0,0.0,5.0,12.0,1.0,12.15,5.0200000000000005,2.51,1.49,0.0,0.0,0.0,0.4,0.0,0.9,0.7000000000000001,-0.8,-169.70000000000002,0.0,0.0,169.70000000000002,0.0,21.700000000000003,30.200000000000003,30.200000000000003,30.8,300.0,300.0,31.1,35.0,29.9,29.3,31.0,4.96,2.0,4.96,0.16,0.0,0.0,1027.0,8228.0,0.0,0.0,0.0,0.0,0.0,1.0,0.0,0.0,0.0,0.0,0.0,0.1,0.0,0.8,0.0,0.0,16.0,25903.0
2026-07-30T18:59:44.404Z,153.887,153.9,0.0,7.4,0.0,0.0,0.0,0.0,0.0,0.0,0.0,0.0,1.0,0.0,0.0,0.0,9.0,4.0,0.0,0.0,0.0,0.0,0.0,0.0,0.0,0.0,6.0,12.0,1.0,12.15,5.0200000000000005,2.51,1.49,0.0,0.0,0.0,0.4,0.0,-0.8,-0.4,-0.8,-169.70000000000002,0.0,0.0,169.70000000000002,0.0,21.700000000000003,30.200000000000003,30.200000000000003,30.8,300.0,300.0,31.1,35.0,29.9,29.3,31.0,4.95,1.99,4.96,0.16,0.0,0.0,1027.0,8228.0,0.0,0.0,0.0,0.0,0.0,1.0,0.0,0.0,0.0,0.0,0.0,-1.1,0.0,0.6000000000000001,0.0,0.0001,16.0,25903.0
2026-07-30T18:59:44.416Z,153.899,153.912,0.0,7.4,0.0,0.0,0.0,0.0,0.0,0.0,0.0,0.0,1.0,0.0,0.0,0.0,9.0,4.0,0.0,0.0,0.0,0.0,0.0,0.0,0.0,0.0,1.0,12.0,1.0,12.15,5.0200000000000005,2.51,1.49,0.0,0.0,0.0,0.4,0.0,0.3,0.7000000000000001,0.3,-169.70000000000002,0.0,0.0,169.70000000000002,0.0,21.700000000000003,30.200000000000003,30.200000000000003,30.8,300.0,300.0,31.1,35.0,29.9,29.3,31.0,4.95,1.99,4.97,0.16,0.0,0.0,1027.0,8228.0,0.0,0.0,0.0,0.0,0.0,1.0,0.0,0.0,0.0,0.0,0.0,1.0,0.0,-0.1,0.0,0.0,16.0,25903.0
2026-07-30T18:59:44.428Z,153.911,153.924,0.0,7.4,0.0,0.0,0.0,0.0,0.0,0.0,0.0,0.0,1.0,0.0,0.0,0.0,9.0,4.0,0.0,0.0,0.0,0.0,0.0,0.0,0.0,0.0,2.0,12.0,1.0,12.17,5.0200000000000005,2.51,1.5,0.0,0.1,0.0,0.4,0.0,0.8,-0.4,-0.2,-169.70000000000002,0.0,0.0,169.70000000000002,0.0,21.3,30.200000000000003,30.200000000000003,30.8,300.0,300.0,31.1,35.0,29.9,29.3,31.0,4.96,1.99,4.96,0.16,0.0,0.0,1027.0,8228.0,0.0,0.0,0.0,0.0,0.0,1.0,0.0,0.0,0.0,0.0,0.0,-0.7000000000000001,0.0,0.1,0.0,0.0,16.0,25903.0
2026-07-30T18:59:44.440Z,153.923,153.936,0.0,7.4,0.0,0.0,0.0,0.0,0.0,0.0,0.0,0.0,1.0,0.0,0.0,0.0,9.0,4.0,0.0,0.0,0.0,0.0,0.0,0.0,0.0,0.0,3.0,12.0,1.0,12.17,5.0200000000000005,2.51,1.5,0.0,0.0,0.0,0.4,0.0,0.3,0.6000000000000001,0.9,-169.70000000000002,0.0,0.0,169.60000000000002,0.0,21.3,30.200000000000003,30.200000000000003,30.8,300.0,300.0,31.1,35.0,29.9,29.3,31.0,4.96,1.99,4.97,0.16,0.0,0.0,1027.0,8228.0,0.0,0.0,0.0,0.0,0.0,1.0,0.0,0.0,0.0,0.0,0.0,1.5,0.0,-0.7000000000000001,0.0,0.0002,16.0,25903.0
2026-07-30T18:59:44.452Z,153.935,153.948,0.0,7.4,0.0,0.0,0.0,0.0,0.0,0.0,0.0,0.0,1.0,0.0,0.0,0.0,9.0,4.0,0.0,0.0,0.0,0.0,0.0,0.0,0.0,0.0,4.0,12.0,1.0,12.17,5.0200000000000005,2.51,1.5,0.0,0.1,0.0,0.4,0.0,-0.8,-0.5,-0.7000000000000001,-169.70000000000002,0.0,0.0,169.60000000000002,0.0,21.3,30.200000000000003,30.200000000000003,30.8,300.0,300.0,31.1,35.0,29.9,29.3,31.0,4.95,1.99,4.97,0.16,0.0,0.0,1027.0,8228.0,0.0,0.0,0.0,0.0,0.0,1.0,0.0,0.0,0.0,0.0,0.0,-1.1,0.0,0.5,0.0,0.0001,16.0,25903.0
2026-07-30T18:59:44.464Z,153.947,153.96,0.0,7.4,0.0,0.0,0.0,0.0,0.0,0.0,0.0,0.0,1.0,0.0,0.0,0.0,9.0,4.0,0.0,0.0,0.0,0.0,0.0,0.0,0.0,0.0,5.0,12.0,1.0,12.17,5.0200000000000005,2.51,1.5,0.0,0.0,0.0,0.5,0.0,0.3,0.0,-0.7000000000000001,-169.70000000000002,0.0,0.0,169.70000000000002,0.0,21.3,30.200000000000003,30.200000000000003,30.8,300.0,300.0,31.1,35.0,29.9,29.3,31.0,4.96,1.99,4.97,0.16,0.0,0.0,1027.0,8228.0,0.0,0.0,0.0,0.0,0.0,1.0,0.0,0.0,0.0,0.0,0.0,-0.5,0.0,0.6000000000000001,0.0,0.0,16.0,25903.0
2026-07-30T18:59:44.476Z,153.959,153.972,0.0,7.4,0.0,0.0,0.0,0.0,0.0,0.0,0.0,0.0,1.0,0.0,0.0,0.0,9.0,4.0,0.0,0.0,0.0,0.0,0.0,0.0,0.0,0.0,6.0,12.0,1.0,12.17,5.0200000000000005,2.51,1.5,0.0,0.0,0.0,0.4,0.0,0.3,0.0,0.4,-169.70000000000002,0.0,0.0,169.70000000000002,0.0,21.3,30.200000000000003,30.200000000000003,30.8,300.0,300.0,31.1,35.0,29.9,29.3,31.0,4.96,2.0,4.97,0.16,0.0,0.0,1027.0,8228.0,0.0,0.0,0.0,0.0,0.0,1.0,0.0,0.0,0.0,0.0,0.0,0.3,0.0,-0.3,0.0,0.0,16.0,25903.0
2026-07-30T18:59:44.488Z,153.971,153.984,0.0,7.4,0.0,0.0,0.0,0.0,0.0,0.0,0.0,0.0,1.0,0.0,0.0,0.0,9.0,4.0,0.0,0.0,0.0,0.0,0.0,0.0,0.0,0.0,2.0,12.0,1.0,12.17,5.0200000000000005,2.51,1.5,0.0,0.0,0.0,0.4,0.0,-0.2,0.0,-0.1,-169.70000000000002,0.0,0.0,169.60000000000002,0.0,21.3,30.200000000000003,30.200000000000003,30.8,300.0,300.0,31.1,35.0,29.9,29.3,31.0,4.96,1.99,4.97,0.16,0.0,0.0,1027.0,8228.0,0.0,0.0,0.0,0.0,0.0,1.0,0.0,0.0,0.0,0.0,0.0,-0.1,0.0,0.1,0.0,0.0,16.0,25903.0
2026-07-30T18:59:44.500Z,153.983,153.996,0.0,7.4,0.0,0.0,0.0,0.0,0.0,0.0,0.0,0.0,1.0,0.0,0.0,0.0,9.0,4.0,0.0,0.0,0.0,0.0,0.0,0.0,0.0,0.0,3.0,12.0,1.0,12.17,5.0200000000000005,2.51,1.5,0.0,0.0,0.0,0.4,0.0,-0.2,0.5,-0.1,-169.70000000000002,0.0,0.0,169.8,0.0,21.3,30.200000000000003,30.200000000000003,30.8,300.0,300.0,31.1,35.0,29.9,29.3,31.0,4.96,1.99,4.97,0.16,0.0,0.0,1027.0,8228.0,0.0,0.0,0.0,0.0,0.0,1.0,0.0,0.0,0.0,0.0,0.0,0.5,0.0,0.2,0.0,0.0001,16.0,25903.0
2026-07-30T18:59:44.512Z,153.995,154.008,0.0,7.4,0.0,0.0,0.0,0.0,0.0,0.0,0.0,0.0,1.0,0.0,0.0,0.0,9.0,4.0,0.0,0.0,0.0,0.0,0.0,0.0,0.0,0.0,4.0,12.0,1.0,12.17,5.0200000000000005,2.51,1.5,0.0,0.0,0.0,0.4,0.0,-0.2,0.5,-0.1,-169.70000000000002,0.0,0.0,169.60000000000002,0.0,21.3,30.200000000000003,30.200000000000003,30.8,300.0,300.0,31.1,35.0,29.9,29.3,31.0,4.96,1.99,4.96,0.16,0.0,0.0,1027.0,8228.0,0.0,0.0,0.0,0.0,0.0,1.0,0.0,0.0,0.0,0.0,0.0,0.5,0.0,0.2,0.0,0.0001,16.0,25903.0
2026-07-30T18:59:44.525Z,154.008,154.02,0.0,7.4,0.0,0.0,0.0,0.0,0.0,0.0,0.0,0.0,1.0,0.0,0.0,0.0,9.0,4.0,0.0,0.0,0.0,0.0,0.0,0.0,0.0,0.0,5.0,12.0,1.0,12.1,5.01,2.51,1.5,0.0,0.1,0.0,0.4,0.0,0.9,0.0,-0.7000000000000001,-169.70000000000002,0.0,0.0,169.60000000000002,0.0,21.3,30.200000000000003,30.200000000000003,30.8,300.0,300.0,31.0,35.0,29.9,29.3,31.0,4.95,1.99,4.96,0.16,0.0,0.0,1027.0,8228.0,0.0,0.0,0.0,0.0,0.0,1.0,0.0,0.0,0.0,0.0,0.0,-0.5,0.0,0.6000000000000001,0.0,0.0002,16.0,25903.0
2026-07-30T18:59:44.536Z,154.019,154.032,0.0,7.4,0.0,0.0,0.0,0.0,0.0,0.0,0.0,0.0,1.0,0.0,0.0,0.0,9.0,4.0,0.0,0.0,0.0,0.0,0.0,0.0,0.0,0.0,6.0,12.0,1.0,12.1,5.01,2.51,1.5,0.0,0.0,0.0,0.4,0.0,0.3,0.0,1.0,-169.70000000000002,0.0,0.0,169.60000000000002,0.0,21.3,30.200000000000003,30.200000000000003,30.8,300.0,300.0,31.0,35.0,29.9,29.3,31.0,4.95,2.0,4.96,0.16,0.0,0.0,1027.0,8228.0,0.0,0.0,0.0,0.0,0.0,1.0,0.0,0.0,0.0,0.0,0.0,0.0,0.0,0.1,0.0,0.0001,16.0,25903.0
2026-07-30T18:59:44.548Z,154.031,154.044,0.0,7.4,0.0,0.0,0.0,0.0,0.0,0.0,0.0,0.0,1.0,0.0,0.0,0.0,9.0,4.0,0.0,0.0,0.0,0.0,0.0,0.0,0.0,0.0,1.0,12.0,1.0,12.1,5.01,2.51,1.5,0.0,0.0,0.0,0.4,0.0,0.9,0.0,1.0,-169.70000000000002,0.0,0.0,169.60000000000002,0.0,21.3,30.200000000000003,30.200000000000003,30.8,300.0,300.0,31.0,35.0,29.9,29.3,31.0,4.96,2.0,4.96,0.16,0.0,0.0,1027.0,8228.0,0.0,0.0,0.0,0.0,0.0,1.0,0.0,0.0,0.0,0.0,0.0,0.3,0.0,1.3,0.0,0.0001,16.0,25903.0
2026-07-30T18:59:44.563Z,154.046,154.056,0.0,7.4,0.0,0.0,0.0,0.0,0.0,0.0,0.0,0.0,1.0,0.0,0.0,0.0,9.0,4.0,0.0,0.0,0.0,0.0,0.0,0.0,0.0,0.0,2.0,12.0,1.0,12.1,5.01,2.51,1.5,0.0,0.0,0.0,0.5,0.0,-0.2,-0.5,-0.1,-169.70000000000002,0.0,0.0,169.60000000000002,0.0,21.3,30.200000000000003,30.200000000000003,30.8,300.0,300.0,31.0,35.0,29.9,29.3,31.0,4.96,2.0,4.97,0.16,0.0,0.0,1027.0,8228.0,0.0,0.0,0.0,0.0,0.0,1.0,0.0,0.0,0.0,0.0,0.0,0.0,0.0,0.1,0.0,0.0,16.0,25903.0
2026-07-30T18:59:44.575Z,154.058,154.068,0.0,7.4,0.0,0.0,0.0,0.0,0.0,0.0,0.0,0.0,1.0,0.0,0.0,0.0,9.0,4.0,0.0,0.0,0.0,0.0,0.0,0.0,0.0,0.0,1.0,12.0,1.0,12.1,5.01,2.51,1.5,0.0,0.0,0.0,0.4,0.0,-1.4,-1.1,-0.1,-169.70000000000002,0.0,0.0,169.60000000000002,0.0,21.3,30.200000000000003,30.200000000000003,30.8,300.0,300.0,31.0,35.0,29.9,29.3,31.0,4.96,1.99,4.97,0.16,0.0,0.0,1027.0,8228.0,0.0,0.0,0.0,0.0,0.0,1.0,0.0,0.0,0.0,0.0,0.0,-0.5,0.0,-1.1,0.0,0.0,16.0,25903.0
2026-07-30T18:59:44.584Z,154.067,154.08,0.0,7.4,0.0,0.0,0.0,0.0,0.0,0.0,0.0,0.0,1.0,0.0,0.0,0.0,9.0,4.0,0.0,0.0,0.0,0.0,0.0,0.0,0.0,0.0,6.0,12.0,1.0,12.1,5.01,2.51,1.5,0.0,0.0,0.0,0.4,0.0,0.8,0.6000000000000001,0.4,-169.70000000000002,0.0,0.0,169.8,0.0,21.3,30.200000000000003,30.200000000000003,30.8,300.0,300.0,31.0,35.0,29.9,29.3,31.0,4.96,1.99,4.96,0.16,0.0,0.0,1027.0,8228.0,0.0,0.0,0.0,0.0,0.0,1.0,0.0,0.0,0.0,0.0,0.0,1.0,0.0,-0.2,0.0,0.0,16.0,25903.0
2026-07-30T18:59:44.596Z,154.079,154.092,0.0,7.4,0.0,0.0,0.0,0.0,0.0,0.0,0.0,0.0,1.0,0.0,0.0,0.0,9.0,4.0,0.0,0.0,0.0,0.0,0.0,0.0,0.0,0.0,1.0,12.0,1.0,12.1,5.01,2.51,1.5,0.0,0.0,0.0,0.4,0.0,0.2,-0.5,-1.3,-169.70000000000002,0.0,0.0,169.70000000000002,0.0,21.3,30.200000000000003,30.200000000000003,30.8,300.0,300.0,31.0,35.0,29.9,29.3,31.0,4.96,1.99,4.96,0.16,0.0,0.0,1027.0,8228.0,0.0,0.0,0.0,0.0,0.0,1.0,0.0,0.0,0.0,0.0,0.0,-1.5,0.0,1.0,0.0,0.0002,16.0,25903.0
2026-07-30T18:59:44.608Z,154.091,154.104,0.0,7.4,0.0,0.0,0.0,0.0,0.0,0.0,0.0,0.0,1.0,0.0,0.0,0.0,9.0,4.0,0.0,0.0,0.0,0.0,0.0,0.0,0.0,0.0,3.0,12.0,1.0,12.1,5.01,2.51,1.5,0.0,0.0,0.0,0.4,0.0,-0.2,-0.5,0.3,-169.70000000000002,0.0,0.0,169.8,0.0,21.3,30.200000000000003,30.200000000000003,30.8,300.0,300.0,31.0,35.0,29.9,29.3,31.0,4.95,1.99,4.97,0.16,0.0,0.0,1027.0,8228.0,0.0,0.0,0.0,0.0,0.0,1.0,0.0,0.0,0.0,0.0,0.0,-0.3,0.0,-0.4,0.0,0.0,16.0,25903.0
2026-07-30T18:59:44.619Z,154.102,154.116,0.0,7.4,0.0,0.0,0.0,0.0,0.0,0.0,0.0,0.0,1.0,0.0,0.0,0.0,9.0,4.0,0.0,0.0,0.0,0.0,0.0,0.0,0.0,0.0,3.0,12.0,1.0,12.1,5.01,2.51,1.5,0.0,0.0,0.0,0.4,0.0,0.3,-0.5,-0.2,-169.70000000000002,0.0,0.0,169.8,0.0,21.3,30.200000000000003,30.200000000000003,30.8,300.0,300.0,31.0,35.0,29.9,29.3,31.0,4.96,2.0,4.97,0.16,0.0,0.0,1027.0,8228.0,0.0,0.0,0.0,0.0,0.0,1.0,0.0,0.0,0.0,0.0,0.0,-0.7000000000000001,0.0,0.0,0.0,0.0001,16.0,25903.0
2026-07-30T18:59:44.631Z,154.114,154.128,0.0,7.4,0.0,0.0,0.0,0.0,0.0,0.0,0.0,0.0,1.0,0.0,0.0,0.0,9.0,4.0,0.0,0.0,0.0,0.0,0.0,0.0,0.0,0.0,4.0,12.0,1.0,12.18,5.0200000000000005,2.51,1.49,0.0,0.0,0.0,0.4,0.0,0.9,0.6000000000000001,0.3,-169.70000000000002,0.0,0.0,169.8,0.0,21.8,30.200000000000003,30.200000000000003,30.8,300.0,300.0,31.0,35.0,29.9,29.3,31.0,4.96,1.99,4.97,0.16,0.0,0.0,1027.0,8228.0,0.0,0.0,0.0,0.0,0.0,1.0,0.0,0.0,0.0,0.0,0.0,1.0,0.0,-0.1,0.0,0.0,16.0,25903.0
2026-07-30T18:59:44.644Z,154.127,154.14,0.0,7.4,0.0,0.0,0.0,0.0,0.0,0.0,0.0,0.0,1.0,0.0,0.0,0.0,9.0,4.0,0.0,0.0,0.0,0.0,0.0,0.0,0.0,0.0,5.0,12.0,1.0,12.18,5.0200000000000005,2.51,1.49,0.0,0.0,0.0,0.4,0.0,-0.2,0.6000000000000001,0.3,-169.70000000000002,0.0,0.0,169.70000000000002,0.0,21.8,30.200000000000003,30.200000000000003,30.8,300.0,300.0,31.0,35.0,29.9,29.3,31.0,4.95,1.99,4.97,0.16,0.0,0.0,1027.0,8228.0,0.0,0.0,0.0,0.0,0.0,1.0,0.0,0.0,0.0,0.0,0.0,0.9,0.0,-0.1,0.0,0.0001,16.0,25903.0
2026-07-30T18:59:44.655Z,154.138,154.15200000000002,0.0,7.4,0.0,0.0,0.0,0.0,0.0,0.0,0.0,0.0,1.0,0.0,0.0,0.0,9.0,4.0,0.0,0.0,0.0,0.0,0.0,0.0,0.0,0.0,6.0,12.0,1.0,12.18,5.0200000000000005,2.51,1.49,0.0,0.0,0.0,0.4,0.0,0.8,0.5,0.3,-169.70000000000002,0.0,0.0,169.8,0.0,21.8,30.200000000000003,30.200000000000003,30.8,300.0,300.0,31.0,35.0,29.9,29.3,31.0,4.95,1.99,4.97,0.16,0.0,0.0,1027.0,8228.0,0.0,0.0,0.0,0.0,0.0,1.0,0.0,0.0,0.0,0.0,0.0,0.9,0.0,-0.1,0.0,0.0001,16.0,25903.0
2026-07-30T18:59:44.667Z,154.15,154.16400000000002,0.0,7.4,0.0,0.0,0.0,0.0,0.0,0.0,0.0,0.0,1.0,0.0,0.0,0.0,9.0,4.0,0.0,0.0,0.0,0.0,0.0,0.0,0.0,0.0,1.0,12.0,1.0,12.18,5.0200000000000005,2.51,1.49,0.0,0.0,0.0,0.4,0.0,-0.2,0.5,0.3,-169.70000000000002,0.0,0.0,169.70000000000002,0.0,21.8,30.200000000000003,30.200000000000003,30.8,300.0,300.0,31.0,35.0,29.9,29.3,31.0,4.96,1.99,4.96,0.16,0.0,0.0,1027.0,8228.0,0.0,0.0,0.0,0.0,0.0,1.0,0.0,0.0,0.0,0.0,0.0,0.9,0.0,-0.1,0.0,0.0,16.0,25903.0
2026-07-30T18:59:44.680Z,154.163,154.17600000000002,0.0,7.4,0.0,0.0,0.0,0.0,0.0,0.0,0.0,0.0,1.0,0.0,0.0,0.0,9.0,4.0,0.0,0.0,0.0,0.0,0.0,0.0,0.0,0.0,2.0,12.0,1.0,12.18,5.0200000000000005,2.51,1.49,0.0,0.0,0.0,0.4,0.0,-0.2,1.1,-0.2,-169.70000000000002,0.0,0.0,169.60000000000002,0.0,21.8,30.200000000000003,30.200000000000003,30.8,300.0,300.0,31.0,35.0,29.9,29.3,31.0,4.96,1.99,4.97,0.16,0.0,0.0,1027.0,8228.0,0.0,0.0,0.0,0.0,0.0,1.0,0.0,0.0,0.0,0.0,0.0,1.1,0.0,0.4,0.0,0.0001,16.0,25903.0
2026-07-30T18:59:44.691Z,154.174,154.18800000000002,0.0,7.4,0.0,0.0,0.0,0.0,0.0,0.0,0.0,0.0,1.0,0.0,0.0,0.0,9.0,4.0,0.0,0.0,0.0,0.0,0.0,0.0,0.0,0.0,3.0,12.0,1.0,12.18,5.0200000000000005,2.51,1.49,0.0,0.0,0.0,0.4,0.0,-0.8,0.0,-0.1,-169.70000000000002,0.0,0.0,169.8,0.0,21.8,30.200000000000003,30.200000000000003,30.8,300.0,300.0,31.0,35.0,29.9,29.3,31.0,4.95,1.99,4.97,0.16,0.0,0.0,1027.0,8228.0,0.0,0.0,0.0,0.0,0.0,1.0,0.0,0.0,0.0,0.0,0.0,0.0,0.0,0.1,0.0,0.0001,16.0,25903.0
2026-07-30T18:59:44.704Z,154.187,154.20000000000002,0.0,7.4,0.0,0.0,0.0,0.0,0.0,0.0,0.0,0.0,1.0,0.0,0.0,0.0,9.0,4.0,0.0,0.0,0.0,0.0,0.0,0.0,0.0,0.0,4.0,12.0,1.0,12.18,5.0200000000000005,2.51,1.49,0.0,0.0,0.0,0.4,0.0,0.3,-0.5,-1.9,-169.70000000000002,0.0,0.0,169.70000000000002,0.0,21.8,30.200000000000003,30.200000000000003,30.8,300.0,300.0,31.0,35.0,29.9,29.3,31.0,4.96,1.99,4.96,0.16,0.0,0.0,1027.0,8228.0,0.0,0.0,0.0,0.0,0.0,1.0,0.0,0.0,0.0,0.0,0.0,-2.0,0.0,1.6,0.0,0.0002,16.0,25903.0
2026-07-30T18:59:44.715Z,154.198,154.212,0.0,7.4,0.0,0.0,0.0,0.0,0.0,0.0,0.0,0.0,1.0,0.0,0.0,0.0,9.0,4.0,0.0,0.0,0.0,0.0,0.0,0.0,0.0,0.0,5.0,12.0,1.0,12.18,5.0200000000000005,2.51,1.49,0.0,0.0,0.0,0.4,0.0,-0.2,-1.1,-0.1,-169.70000000000002,0.0,0.0,169.70000000000002,0.0,21.8,30.200000000000003,30.200000000000003,30.8,300.0,300.0,31.0,35.0,29.9,29.3,31.0,4.95,2.0,4.96,0.16,0.0,0.0,1027.0,8228.0,0.0,0.0,0.0,0.0,0.0,1.0,0.0,0.0,0.0,0.0,0.0,-1.4,0.0,0.0,0.0,0.0002,16.0,25903.0
2026-07-30T18:59:44.729Z,154.212,154.224,0.0,7.4,0.0,0.0,0.0,0.0,0.0,0.0,0.0,0.0,1.0,0.0,0.0,0.0,9.0,4.0,0.0,0.0,0.0,0.0,0.0,0.0,0.0,0.0,6.0,12.0,1.0,12.14,5.0200000000000005,2.51,1.49,0.0,0.0,0.0,0.4,0.0,-0.2,-0.5,-0.1,-169.70000000000002,0.0,0.0,169.8,0.0,21.4,30.200000000000003,30.200000000000003,30.8,300.0,300.0,30.8,35.0,29.9,29.200000000000003,31.0,4.95,1.99,4.97,0.16,0.0,0.0,1027.0,8228.0,0.0,0.0,0.0,0.0,0.0,1.0,0.0,0.0,0.0,0.0,0.0,-0.7000000000000001,0.0,0.0,0.0,0.0,16.0,25903.0
2026-07-30T18:59:44.739Z,154.222,154.236,0.0,7.4,0.0,0.0,0.0,0.0,0.0,0.0,0.0,0.0,1.0,0.0,0.0,0.0,9.0,4.0,0.0,0.0,0.0,0.0,0.0,0.0,0.0,0.0,1.0,12.0,1.0,12.14,5.0200000000000005,2.51,1.49,0.0,0.1,0.0,0.4,0.0,0.3,0.0,0.4,-169.70000000000002,0.0,0.0,169.70000000000002,0.0,21.4,30.200000000000003,30.200000000000003,30.8,300.0,300.0,30.8,35.0,29.9,29.200000000000003,31.0,4.95,1.99,4.97,0.16,0.0,0.0,1027.0,8228.0,0.0,0.0,0.0,0.0,0.0,1.0,0.0,0.0,0.0,0.0,0.0,0.4,0.0,-0.4,0.0,0.0001,16.0,25903.0
2026-07-30T18:59:44.752Z,154.235,154.248,0.0,7.4,0.0,0.0,0.0,0.0,0.0,0.0,0.0,0.0,1.0,0.0,0.0,0.0,9.0,4.0,0.0,0.0,0.0,0.0,0.0,0.0,0.0,0.0,2.0,12.0,1.0,12.14,5.0200000000000005,2.51,1.49,0.0,0.1,0.0,0.5,0.0,-0.2,-1.1,-0.7000000000000001,-169.70000000000002,0.0,0.0,169.70000000000002,0.0,21.4,30.200000000000003,30.200000000000003,30.8,300.0,300.0,30.8,35.0,29.9,29.200000000000003,31.0,4.96,1.99,4.96,0.16,0.0,0.0,1027.0,8228.0,0.0,0.0,0.0,0.0,0.0,1.0,0.0,0.0,0.0,0.0,0.0,-1.8,0.0,0.4,0.0,0.0001,16.0,25903.0
2026-07-30T18:59:44.763Z,154.246,154.26,0.0,7.4,0.0,0.0,0.0,0.0,0.0,0.0,0.0,0.0,1.0,0.0,0.0,0.0,9.0,4.0,0.0,0.0,0.0,0.0,0.0,0.0,0.0,0.0,3.0,12.0,1.0,12.14,5.0200000000000005,2.51,1.49,0.0,0.0,0.0,0.5,0.0,0.2,-0.5,1.0,-169.70000000000002,0.0,0.0,169.60000000000002,0.0,21.4,30.200000000000003,30.200000000000003,30.8,300.0,300.0,30.8,35.0,29.9,29.200000000000003,31.0,4.95,1.99,4.97,0.16,0.0,0.0,1027.0,8228.0,0.0,0.0,0.0,0.0,0.0,1.0,0.0,0.0,0.0,0.0,0.0,0.1,0.0,-1.0,0.0,0.0,16.0,25903.0
2026-07-30T18:59:44.776Z,154.259,154.272,0.0,7.4,0.0,0.0,0.0,0.0,0.0,0.0,0.0,0.0,1.0,0.0,0.0,0.0,9.0,4.0,0.0,0.0,0.0,0.0,0.0,0.0,0.0,0.0,4.0,12.0,1.0,12.14,5.0200000000000005,2.51,1.49,0.0,0.0,0.0,0.5,0.0,0.9,1.8,1.0,-169.70000000000002,0.0,0.0,169.70000000000002,0.0,21.4,30.200000000000003,30.200000000000003,30.8,300.0,300.0,30.8,35.0,29.9,29.200000000000003,31.0,4.95,1.99,4.96,0.16,0.0,0.0,1027.0,8228.0,0.0,0.0,0.0,0.0,0.0,1.0,0.0,0.0,0.0,0.0,0.0,2.8000000000000003,0.0,-0.5,0.0,0.0001,16.0,25903.0
2026-07-30T18:59:44.788Z,154.271,154.284,0.0,7.4,0.0,0.0,0.0,0.0,0.0,0.0,0.0,0.0,1.0,0.0,0.0,0.0,9.0,4.0,0.0,0.0,0.0,0.0,0.0,0.0,0.0,0.0,5.0,12.0,1.0,12.14,5.0200000000000005,2.51,1.49,0.0,0.0,0.0,0.4,0.0,-0.2,0.0,-1.2000000000000002,-169.70000000000002,0.0,0.0,169.8,0.0,21.4,30.200000000000003,30.200000000000003,30.8,300.0,300.0,30.8,35.0,29.9,29.200000000000003,31.0,4.95,2.0,4.96,0.16,0.0,0.0,1027.0,8228.0,0.0,0.0,0.0,0.0,0.0,1.0,0.0,0.0,0.0,0.0,0.0,-0.8,0.0,1.1,0.0,0.0,16.0,25903.0
2026-07-30T18:59:44.800Z,154.283,154.296,0.0,7.4,0.0,0.0,0.0,0.0,0.0,0.0,0.0,0.0,1.0,0.0,0.0,0.0,9.0,4.0,0.0,0.0,0.0,0.0,0.0,0.0,0.0,0.0,6.0,12.0,1.0,12.14,5.0200000000000005,2.51,1.49,0.0,0.0,0.0,0.4,0.0,-0.2,0.1,0.0,-169.70000000000002,0.0,0.0,169.8,0.0,21.4,30.200000000000003,30.200000000000003,30.8,300.0,300.0,30.8,35.0,29.9,29.200000000000003,31.0,4.95,2.0,4.96,0.16,0.0,0.0,1027.0,8228.0,0.0,0.0,0.0,0.0,0.0,1.0,0.0,0.0,0.0,0.0,0.0,0.0,0.0,0.0,0.0,0.0002,16.0,25903.0
2026-07-30T18:59:44.812Z,154.295,154.308,0.0,7.4,0.0,0.0,0.0,0.0,0.0,0.0,0.0,0.0,1.0,0.0,0.0,0.0,9.0,4.0,0.0,0.0,0.0,0.0,0.0,0.0,0.0,0.0,1.0,12.0,1.0,12.14,5.0200000000000005,2.51,1.49,0.0,0.0,0.0,0.4,0.0,-0.2,-0.4,0.5,-169.70000000000002,0.0,0.0,169.70000000000002,0.0,21.4,30.200000000000003,30.200000000000003,30.8,300.0,300.0,30.8,35.0,29.9,29.200000000000003,31.0,4.96,1.99,4.96,0.16,0.0,0.0,1027.0,8228.0,0.0,0.0,0.0,0.0,0.0,1.0,0.0,0.0,0.0,0.0,0.0,-0.1,0.0,-0.5,0.0,0.0,16.0,25903.0
2026-07-30T18:59:44.824Z,154.307,154.32,0.0,7.4,0.0,0.0,0.0,0.0,0.0,0.0,0.0,0.0,1.0,0.0,0.0,0.0,9.0,4.0,0.0,0.0,0.0,0.0,0.0,0.0,0.0,0.0,2.0,12.0,1.0,12.14,5.0200000000000005,2.51,1.49,0.0,0.0,0.0,0.4,0.0,0.9,0.7000000000000001,0.0,-169.70000000000002,0.0,0.0,169.70000000000002,0.0,21.4,30.200000000000003,30.200000000000003,30.8,300.0,300.0,30.8,35.0,29.9,29.200000000000003,31.0,4.96,2.0,4.96,0.17,0.0,0.0,1027.0,8228.0,0.0,0.0,0.0,0.0,0.0,1.0,0.0,0.0,0.0,0.0,0.0,0.7000000000000001,0.0,0.2,0.0,0.0,16.0,25903.0
2026-07-30T18:59:44.835Z,154.318,154.332,0.0,7.4,0.0,0.0,0.0,0.0,0.0,0.0,0.0,0.0,1.0,0.0,0.0,0.0,9.0,4.0,0.0,0.0,0.0,0.0,0.0,0.0,0.0,0.0,3.0,12.0,1.0,12.17,5.01,2.51,1.49,0.0,0.0,0.0,0.4,0.0,0.3,1.8,0.0,-169.70000000000002,0.0,0.0,169.8,0.0,21.8,30.200000000000003,30.200000000000003,30.8,300.0,300.0,30.9,35.0,29.9,29.200000000000003,31.0,4.96,1.99,4.96,0.16,0.0,0.0,1027.0,8228.0,0.0,0.0,0.0,0.0,0.0,1.0,0.0,0.0,0.0,0.0,0.0,2.1,0.0,0.4,0.0,0.0001,16.0,25903.0
2026-07-30T18:59:44.848Z,154.331,154.344,0.0,7.4,0.0,0.0,0.0,0.0,0.0,0.0,0.0,0.0,1.0,0.0,0.0,0.0,9.0,4.0,0.0,0.0,0.0,0.0,0.0,0.0,0.0,0.0,4.0,12.0,1.0,12.17,5.01,2.51,1.49,0.0,0.0,0.0,0.4,0.0,0.3,0.1,1.7000000000000002,-169.70000000000002,0.0,0.0,169.8,0.0,21.8,30.200000000000003,30.200000000000003,30.8,300.0,300.0,30.9,35.0,29.9,29.200000000000003,31.0,4.95,1.99,4.97,0.16,0.0,0.0,1027.0,8228.0,0.0,0.0,0.0,0.0,0.0,1.0,0.0,0.0,0.0,0.0,0.0,1.4,0.0,-1.4,0.0,0.0002,16.0,25903.0
2026-07-30T18:59:44.860Z,154.343,154.356,0.0,7.4,0.0,0.0,0.0,0.0,0.0,0.0,0.0,0.0,1.0,0.0,0.0,0.0,9.0,4.0,0.0,0.0,0.0,0.0,0.0,0.0,0.0,0.0,6.0,12.0,1.0,12.17,5.01,2.51,1.49,0.0,0.0,0.0,0.4,0.0,0.3,0.1,1.7000000000000002,-169.70000000000002,0.0,0.0,169.70000000000002,0.0,21.8,30.200000000000003,30.200000000000003,30.8,300.0,300.0,30.9,35.0,29.9,29.200000000000003,31.0,4.96,1.99,4.97,0.16,0.0,0.0,1027.0,8228.0,0.0,0.0,0.0,0.0,0.0,1.0,0.0,0.0,0.0,0.0,0.0,1.4,0.0,-1.4,0.0,0.0001,16.0,25903.0
2026-07-30T18:59:44.879Z,154.362,154.368,0.0,7.4,0.0,0.0,0.0,0.0,0.0,0.0,0.0,0.0,1.0,0.0,0.0,0.0,9.0,4.0,0.0,0.0,0.0,0.0,0.0,0.0,0.0,0.0,6.0,12.0,1.0,12.17,5.01,2.51,1.49,0.0,0.0,0.0,0.5,0.0,1.5,1.3,0.0,-169.70000000000002,0.0,0.0,169.70000000000002,0.0,21.8,30.200000000000003,30.200000000000003,30.8,300.0,300.0,30.9,35.0,29.9,29.200000000000003,31.0,4.96,2.0,4.96,0.16,0.0,0.0,1027.0,8228.0,0.0,0.0,0.0,0.0,0.0,1.0,0.0,0.0,0.0,0.0,0.0,1.4,0.0,0.3,0.0,0.0001,16.0,25903.0
2026-07-30T18:59:44.889Z,154.372,154.38,0.0,7.4,0.0,0.0,0.0,0.0,0.0,0.0,0.0,0.0,1.0,0.0,0.0,0.0,9.0,4.0,0.0,0.0,0.0,0.0,0.0,0.0,0.0,0.0,6.0,12.0,1.0,12.17,5.01,2.51,1.49,0.0,0.1,0.0,0.4,0.0,-0.1,1.3,0.0,-169.70000000000002,0.0,0.0,169.60000000000002,0.0,21.8,30.200000000000003,30.200000000000003,30.8,300.0,300.0,30.9,35.0,29.9,29.200000000000003,31.0,4.96,1.99,4.96,0.16,0.0,0.0,1027.0,8228.0,0.0,0.0,0.0,0.0,0.0,1.0,0.0,0.0,0.0,0.0,0.0,1.4,0.0,0.3,0.0,0.0001,16.0,25903.0
2026-07-30T18:59:44.895Z,154.378,154.392,0.0,7.4,0.0,0.0,0.0,0.0,0.0,0.0,0.0,0.0,1.0,0.0,0.0,0.0,9.0,4.0,0.0,0.0,0.0,0.0,0.0,0.0,0.0,0.0,5.0,12.0,1.0,12.17,5.01,2.51,1.49,0.0,0.0,0.0,0.4,0.0,-0.7000000000000001,-1.0,-1.2000000000000002,-169.70000000000002,0.0,0.0,169.70000000000002,0.0,21.8,30.200000000000003,30.200000000000003,30.8,300.0,300.0,30.9,35.0,29.9,29.200000000000003,31.0,4.95,1.99,4.97,0.16,0.0,0.0,1027.0,8228.0,0.0,0.0,0.0,0.0,0.0,1.0,0.0,0.0,0.0,0.0,0.0,-2.0,0.0,0.8,0.0,0.0001,16.0,25903.0
2026-07-30T18:59:44.908Z,154.391,154.404,0.0,7.4,0.0,0.0,0.0,0.0,0.0,0.0,0.0,0.0,1.0,0.0,0.0,0.0,9.0,4.0,0.0,0.0,0.0,0.0,0.0,0.0,0.0,0.0,6.0,12.0,1.0,12.17,5.01,2.51,1.49,0.0,0.0,0.0,0.4,0.0,-0.1,0.7000000000000001,0.5,-169.70000000000002,0.0,0.0,169.70000000000002,0.0,21.8,30.200000000000003,30.200000000000003,30.8,300.0,300.0,30.9,35.0,29.9,29.200000000000003,31.0,4.96,1.99,4.96,0.16,0.0,0.0,1027.0,8228.0,0.0,0.0,0.0,0.0,0.0,1.0,0.0,0.0,0.0,0.0,0.0,1.1,0.0,-0.2,0.0,0.0001,16.0,25903.0
2026-07-30T18:59:44.920Z,154.403,154.416,0.0,7.4,0.0,0.0,0.0,0.0,0.0,0.0,0.0,0.0,1.0,0.0,0.0,0.0,9.0,4.0,0.0,0.0,0.0,0.0,0.0,0.0,0.0,0.0,2.0,12.0,1.0,12.17,5.01,2.51,1.49,0.0,0.0,0.0,0.4,0.0,-0.1,0.1,0.0,-169.70000000000002,0.0,0.0,169.70000000000002,0.0,21.8,30.200000000000003,30.200000000000003,30.8,300.0,300.0,30.9,35.0,29.9,29.200000000000003,31.0,4.96,2.0,4.96,0.16,0.0,0.0,1027.0,8228.0,0.0,0.0,0.0,0.0,0.0,1.0,0.0,0.0,0.0,0.0,0.0,0.0,0.0,0.1,0.0,0.0001,16.0,25903.0
2026-07-30T18:59:44.933Z,154.416,154.428,0.0,7.4,0.0,0.0,0.0,0.0,0.0,0.0,0.0,0.0,1.0,0.0,0.0,0.0,9.0,4.0,0.0,0.0,0.0,0.0,0.0,0.0,0.0,0.0,3.0,12.0,1.0,12.18,5.0200000000000005,2.5,1.49,0.0,0.1,0.0,0.4,0.0,-0.2,0.0,-0.1,-169.70000000000002,0.0,0.0,169.70000000000002,0.0,20.9,30.200000000000003,30.200000000000003,30.8,300.0,300.0,30.9,35.0,29.9,29.200000000000003,31.0,4.95,1.99,4.96,0.16,0.0,0.0,1027.0,8228.0,0.0,0.0,0.0,0.0,0.0,1.0,0.0,0.0,0.0,0.0,0.0,0.0,0.0,0.1,0.0,0.0,16.0,25903.0
2026-07-30T18:59:44.943Z,154.426,154.44,0.0,7.4,0.0,0.0,0.0,0.0,0.0,0.0,0.0,0.0,1.0,0.0,0.0,0.0,9.0,4.0,0.0,0.0,0.0,0.0,0.0,0.0,0.0,0.0,4.0,12.0,1.0,12.18,5.0200000000000005,2.5,1.49,0.0,0.0,0.0,0.4,0.0,-0.1,0.1,0.4,-169.70000000000002,0.0,0.0,169.8,0.0,20.9,30.200000000000003,30.200000000000003,30.8,300.0,300.0,30.9,35.0,29.9,29.200000000000003,31.0,4.96,1.99,4.96,0.16,0.0,0.0,1027.0,8228.0,0.0,0.0,0.0,0.0,0.0,1.0,0.0,0.0,0.0,0.0,0.0,0.4,0.0,-0.4,0.0,0.0,16.0,25903.0
2026-07-30T18:59:44.955Z,154.438,154.452,0.0,7.4,0.0,0.0,0.0,0.0,0.0,0.0,0.0,0.0,1.0,0.0,0.0,0.0,9.0,4.0,0.0,0.0,0.0,0.0,0.0,0.0,0.0,0.0,5.0,12.0,1.0,12.18,5.0200000000000005,2.5,1.49,0.0,0.0,0.0,0.5,0.0,0.4,-1.0,-1.2000000000000002,-169.70000000000002,0.0,0.0,169.8,0.0,20.9,30.200000000000003,30.200000000000003,30.8,300.0,300.0,30.9,35.0,29.9,29.200000000000003,31.0,4.96,1.99,4.96,0.16,0.0,0.0,1027.0,8228.0,0.0,0.0,0.0,0.0,0.0,1.0,0.0,0.0,0.0,0.0,0.0,-2.1,0.0,0.9,0.0,0.0001,16.0,25903.0
2026-07-30T18:59:44.967Z,154.45,154.464,0.0,7.4,0.0,0.0,0.0,0.0,0.0,0.0,0.0,0.0,1.0,0.0,0.0,0.0,9.0,4.0,0.0,0.0,0.0,0.0,0.0,0.0,0.0,0.0,6.0,12.0,1.0,12.18,5.0200000000000005,2.5,1.49,0.0,0.0,0.0,0.4,0.0,-0.1,1.2000000000000002,0.5,-169.70000000000002,0.0,0.0,169.70000000000002,0.0,20.9,30.200000000000003,30.200000000000003,30.8,300.0,300.0,30.9,35.0,29.9,29.200000000000003,31.0,4.96,1.99,4.97,0.16,0.0,0.0,1027.0,8228.0,0.0,0.0,0.0,0.0,0.0,1.0,0.0,0.0,0.0,0.0,0.0,1.8,0.0,-0.1,0.0,0.0001,16.0,25903.0
2026-07-30T18:59:44.979Z,154.462,154.476,0.0,7.4,0.0,0.0,0.0,0.0,0.0,0.0,0.0,0.0,1.0,0.0,0.0,0.0,9.0,4.0,0.0,0.0,0.0,0.0,0.0,0.0,0.0,0.0,1.0,12.0,1.0,12.18,5.0200000000000005,2.5,1.49,0.0,0.1,0.0,0.4,0.0,0.9,0.1,0.0,-169.70000000000002,0.0,0.0,169.60000000000002,0.0,20.9,30.200000000000003,30.200000000000003,30.8,300.0,300.0,30.9,35.0,29.9,29.200000000000003,31.0,4.95,1.99,4.97,0.16,0.0,0.0,1027.0,8228.0,0.0,0.0,0.0,0.0,0.0,1.0,0.0,0.0,0.0,0.0,0.0,0.0,0.0,0.0,0.0,0.0002,16.0,25903.0
2026-07-30T18:59:44.991Z,154.474,154.488,0.0,7.4,0.0,0.0,0.0,0.0,0.0,0.0,0.0,0.0,1.0,0.0,0.0,0.0,9.0,4.0,0.0,0.0,0.0,0.0,0.0,0.0,0.0,0.0,2.0,12.0,1.0,12.18,5.0200000000000005,2.5,1.49,0.0,0.0,0.0,0.4,0.0,0.3,-0.5,-0.7000000000000001,-169.70000000000002,0.0,0.0,169.60000000000002,0.0,20.9,30.200000000000003,30.200000000000003,30.8,300.0,300.0,30.9,35.0,29.9,29.200000000000003,31.0,4.96,1.99,4.96,0.16,0.0,0.0,1027.0,8228.0,0.0,0.0,0.0,0.0,0.0,1.0,0.0,0.0,0.0,0.0,0.0,-1.1,0.0,0.5,0.0,0.0001,16.0,25903.0
2026-07-30T18:59:45.003Z,154.486,154.5,0.0,7.4,0.0,0.0,0.0,0.0,0.0,0.0,0.0,0.0,1.0,0.0,0.0,0.0,9.0,4.0,0.0,0.0,0.0,0.0,0.0,0.0,0.0,0.0,3.0,12.0,1.0,12.18,5.0200000000000005,2.5,1.49,0.0,0.0,0.0,0.4,0.0,-0.2,-1.1,-0.7000000000000001,-169.70000000000002,0.0,0.0,169.60000000000002,0.0,20.9,30.200000000000003,30.200000000000003,30.8,300.0,300.0,30.9,35.0,29.9,29.200000000000003,31.0,4.95,1.99,4.97,0.16,0.0,0.0,1027.0,8228.0,0.0,0.0,0.0,0.0,0.0,1.0,0.0,0.0,0.0,0.0,0.0,-1.8,0.0,0.3,0.0,0.0,16.0,25903.0
2026-07-30T18:59:45.016Z,154.499,154.512,0.0,7.4,0.0,0.0,0.0,0.0,0.0,0.0,0.0,0.0,1.0,0.0,0.0,0.0,9.0,4.0,0.0,0.0,0.0,0.0,0.0,0.0,0.0,0.0,4.0,12.0,1.0,12.18,5.0200000000000005,2.5,1.49,0.0,0.0,0.0,0.4,0.0,0.8,0.6000000000000001,1.0,-169.60000000000002,0.0,0.0,169.60000000000002,0.0,20.9,30.200000000000003,30.200000000000003,30.8,300.0,300.0,30.9,35.0,29.9,29.200000000000003,31.0,4.95,1.99,4.97,0.16,0.0,0.0,1027.0,8228.0,0.0,0.0,0.0,0.0,0.0,1.0,0.0,0.0,0.0,0.0,0.0,1.4,0.0,-0.7000000000000001,0.0,0.0,16.0,25903.0
2026-07-30T18:59:45.028Z,154.511,154.524,0.0,7.4,0.0,0.0,0.0,0.0,0.0,0.0,0.0,0.0,1.0,0.0,0.0,0.0,9.0,4.0,0.0,0.0,0.0,0.0,0.0,0.0,0.0,0.0,5.0,12.0,1.0,12.18,5.0200000000000005,2.5,1.49,0.0,0.1,0.0,0.4,0.0,0.8,1.2000000000000002,1.0,-169.60000000000002,0.0,0.0,169.70000000000002,0.0,20.9,30.200000000000003,30.200000000000003,30.8,300.0,300.0,30.9,35.0,29.9,29.200000000000003,31.0,4.96,1.99,4.97,0.16,0.0,0.0,1027.0,8228.0,0.0,0.0,0.0,0.0,0.0,1.0,0.0,0.0,0.0,0.0,0.0,2.1,0.0,-0.6000000000000001,0.0,0.0,16.0,25903.0
2026-07-30T18:59:45.040Z,154.523,154.536,0.0,7.4,0.0,0.0,0.0,0.0,0.0,0.0,0.0,0.0,1.0,0.0,0.0,0.0,9.0,4.0,0.0,0.0,0.0,0.0,0.0,0.0,0.0,0.0,6.0,12.0,1.0,12.15,5.0200000000000005,2.5,1.49,0.0,0.0,0.0,0.4,0.0,0.2,-0.5,-0.7000000000000001,-169.60000000000002,0.0,0.0,169.70000000000002,0.0,21.700000000000003,30.200000000000003,30.200000000000003,30.8,300.0,300.0,31.0,35.0,29.9,29.200000000000003,31.0,4.96,1.99,4.97,0.16,0.0,0.0,1027.0,8228.0,0.0,0.0,0.0,0.0,0.0,1.0,0.0,0.0,0.0,0.0,0.0,-1.1,0.0,0.5,0.0,0.0,16.0,25903.0
2026-07-30T18:59:45.052Z,154.535,154.548,0.0,7.4,0.0,0.0,0.0,0.0,0.0,0.0,0.0,0.0,1.0,0.0,0.0,0.0,9.0,4.0,0.0,0.0,0.0,0.0,0.0,0.0,0.0,0.0,1.0,12.0,1.0,12.15,5.0200000000000005,2.5,1.49,0.0,0.0,0.0,0.4,0.0,-0.3,1.2000000000000002,2.8000000000000003,-169.60000000000002,0.0,0.0,169.60000000000002,0.0,21.700000000000003,30.200000000000003,30.200000000000003,30.8,300.0,300.0,31.0,35.0,29.9,29.200000000000003,31.0,4.96,1.99,4.97,0.16,0.0,0.0,1027.0,8228.0,0.0,0.0,0.0,0.0,0.0,1.0,0.0,0.0,0.0,0.0,0.0,-0.2,0.0,-0.5,0.0,0.0001,16.0,25903.0
2026-07-30T18:59:45.064Z,154.547,154.56,0.0,7.4,0.0,0.0,0.0,0.0,0.0,0.0,0.0,0.0,1.0,0.0,0.0,0.0,9.0,4.0,0.0,0.0,0.0,0.0,0.0,0.0,0.0,0.0,2.0,12.0,1.0,12.15,5.0200000000000005,2.5,1.49,0.0,0.0,0.0,0.4,0.0,-0.2,0.6000000000000001,-0.7000000000000001,-169.60000000000002,0.0,0.0,169.60000000000002,0.0,21.700000000000003,30.200000000000003,30.200000000000003,30.8,300.0,300.0,31.0,35.0,29.9,29.200000000000003,31.0,4.96,1.99,4.96,0.16,0.0,0.0,1027.0,8228.0,0.0,0.0,0.0,0.0,0.0,1.0,0.0,0.0,0.0,0.0,0.0,0.3,0.0,-0.3,0.0,0.0001,16.0,25903.0
2026-07-30T18:59:45.075Z,154.558,154.572,0.0,7.4,0.0,0.0,0.0,0.0,0.0,0.0,0.0,0.0,1.0,0.0,0.0,0.0,9.0,4.0,0.0,0.0,0.0,0.0,0.0,0.0,0.0,0.0,3.0,12.0,1.0,12.15,5.0200000000000005,2.5,1.49,0.0,0.0,0.0,0.4,0.0,-0.2,-0.6000000000000001,-1.8,-169.60000000000002,0.0,0.0,169.70000000000002,0.0,21.700000000000003,30.200000000000003,30.200000000000003,30.8,300.0,300.0,31.0,35.0,29.9,29.200000000000003,31.0,4.95,1.99,4.96,0.16,0.0,0.0,1027.0,8228.0,0.0,0.0,0.0,0.0,0.0,1.0,0.0,0.0,0.0,0.0,0.0,-0.5,0.0,0.6000000000000001,0.0,0.0,16.0,25903.0
2026-07-30T18:59:45.087Z,154.57,154.584,0.0,7.4,0.0,0.0,0.0,0.0,0.0,0.0,0.0,0.0,1.0,0.0,0.0,0.0,9.0,4.0,0.0,0.0,0.0,0.0,0.0,0.0,0.0,0.0,4.0,12.0,1.0,12.15,5.0200000000000005,2.5,1.49,0.0,0.1,0.0,0.4,0.0,0.9,-0.5,0.4,-169.60000000000002,0.0,0.0,169.70000000000002,0.0,21.700000000000003,30.200000000000003,30.200000000000003,30.8,300.0,300.0,31.0,35.0,29.9,29.200000000000003,31.0,4.95,1.99,4.97,0.16,0.0,0.0,1027.0,8228.0,0.0,0.0,0.0,0.0,0.0,1.0,0.0,0.0,0.0,0.0,0.0,-0.7000000000000001,0.0,0.0,0.0,0.0,16.0,25903.0
2026-07-30T18:59:45.099Z,154.582,154.596,0.0,7.4,0.0,0.0,0.0,0.0,0.0,0.0,0.0,0.0,1.0,0.0,0.0,0.0,9.0,4.0,0.0,0.0,0.0,0.0,0.0,0.0,0.0,0.0,5.0,12.0,1.0,12.15,5.0200000000000005,2.5,1.49,0.0,0.0,0.0,0.4,0.0,0.3,-1.1,-0.6000000000000001,-169.60000000000002,0.0,0.0,169.70000000000002,0.0,21.700000000000003,30.200000000000003,30.200000000000003,30.8,300.0,300.0,31.0,35.0,29.9,29.200000000000003,31.0,4.96,1.98,4.97,0.16,0.0,0.0,1027.0,8228.0,0.0,0.0,0.0,0.0,0.0,1.0,0.0,0.0,0.0,0.0,0.0,-1.7000000000000002,0.0,0.3,0.0,0.0,16.0,25903.0
2026-07-30T18:59:45.111Z,154.594,154.608,0.0,7.4,0.0,0.0,0.0,0.0,0.0,0.0,0.0,0.0,1.0,0.0,0.0,0.0,9.0,4.0,0.0,0.0,0.0,0.0,0.0,0.0,0.0,0.0,6.0,12.0,1.0,12.15,5.0200000000000005,2.5,1.49,0.0,0.0,0.0,0.4,0.0,0.3,0.0,0.0,-169.60000000000002,0.0,0.0,169.70000000000002,0.0,21.700000000000003,30.200000000000003,30.200000000000003,30.8,300.0,300.0,31.0,35.0,29.9,29.200000000000003,31.0,4.96,1.99,4.96,0.16,0.0,0.0,1027.0,8228.0,0.0,0.0,0.0,0.0,0.0,1.0,0.0,0.0,0.0,0.0,0.0,0.0,0.0,0.0,0.0,0.0001,16.0,25903.0
2026-07-30T18:59:45.123Z,154.606,154.62,0.0,7.4,0.0,0.0,0.0,0.0,0.0,0.0,0.0,0.0,1.0,0.0,0.0,0.0,9.0,4.0,0.0,0.0,0.0,0.0,0.0,0.0,0.0,0.0,1.0,12.0,1.0,12.15,5.0200000000000005,2.5,1.49,0.0,0.0,0.0,0.4,0.0,0.3,0.5,0.4,-169.60000000000002,0.0,0.0,169.8,0.0,21.700000000000003,30.200000000000003,30.200000000000003,30.8,300.0,300.0,31.0,35.0,29.9,29.200000000000003,31.0,4.95,1.99,4.96,0.16,0.0,0.0,1027.0,8228.0,0.0,0.0,0.0,0.0,0.0,1.0,0.0,0.0,0.0,0.0,0.0,1.0,0.0,-0.3,0.0,0.0001,16.0,25903.0
2026-07-30T18:59:45.137Z,154.62,154.632,0.0,7.4,0.0,0.0,0.0,0.0,0.0,0.0,0.0,0.0,1.0,0.0,0.0,0.0,9.0,4.0,0.0,0.0,0.0,0.0,0.0,0.0,0.0,0.0,2.0,12.0,1.0,12.19,5.01,2.51,1.49,0.0,0.1,0.0,0.4,0.0,-0.2,-0.6000000000000001,-0.6000000000000001,-169.60000000000002,0.0,0.0,169.70000000000002,0.0,21.3,30.200000000000003,30.200000000000003,30.8,300.0,300.0,30.9,34.9,29.9,29.200000000000003,31.0,4.95,1.99,4.96,0.16,0.0,0.0,1027.0,8228.0,0.0,0.0,0.0,0.0,0.0,1.0,0.0,0.0,0.0,0.0,0.0,-1.2000000000000002,0.0,0.4,0.0,0.0001,16.0,25903.0
2026-07-30T18:59:45.148Z,154.631,154.644,0.0,7.4,0.0,0.0,0.0,0.0,0.0,0.0,0.0,0.0,1.0,0.0,0.0,0.0,9.0,4.0,0.0,0.0,0.0,0.0,0.0,0.0,0.0,0.0,3.0,12.0,1.0,12.19,5.01,2.51,1.49,0.0,0.0,0.0,0.4,0.0,0.3,-0.6000000000000001,-0.6000000000000001,-169.60000000000002,0.0,0.0,169.8,0.0,21.3,30.200000000000003,30.200000000000003,30.8,300.0,300.0,30.9,34.9,29.9,29.200000000000003,31.0,4.96,1.99,4.96,0.16,0.0,0.0,1027.0,8228.0,0.0,0.0,0.0,0.0,0.0,1.0,0.0,0.0,0.0,0.0,0.0,-1.2000000000000002,0.0,0.4,0.0,0.0,16.0,25903.0
2026-07-30T18:59:45.159Z,154.642,154.656,0.0,7.4,0.0,0.0,0.0,0.0,0.0,0.0,0.0,0.0,1.0,0.0,0.0,0.0,9.0,4.0,0.0,0.0,0.0,0.0,0.0,0.0,0.0,0.0,4.0,12.0,1.0,12.19,5.01,2.51,1.49,0.0,0.0,0.0,0.4,0.0,0.3,0.0,0.5,-169.60000000000002,0.0,0.0,169.8,0.0,21.3,30.200000000000003,30.200000000000003,30.8,300.0,300.0,30.9,34.9,29.9,29.200000000000003,31.0,4.96,1.99,4.97,0.16,0.0,0.0,1027.0,8228.0,0.0,0.0,0.0,0.0,0.0,1.0,0.0,0.0,0.0,0.0,0.0,0.3,0.0,-0.4,0.0,0.0001,16.0,25903.0
2026-07-30T18:59:45.171Z,154.654,154.668,0.0,7.4,0.0,0.0,0.0,0.0,0.0,0.0,0.0,0.0,1.0,0.0,0.0,0.0,9.0,4.0,0.0,0.0,0.0,0.0,0.0,0.0,0.0,0.0,5.0,12.0,1.0,12.19,5.01,2.51,1.49,0.0,0.1,0.0,0.4,0.0,-0.2,0.0,0.0,-169.70000000000002,0.0,0.0,169.8,0.0,21.3,30.200000000000003,30.200000000000003,30.8,300.0,300.0,30.9,34.9,29.9,29.200000000000003,31.0,4.95,1.99,4.97,0.16,0.0,0.0,1027.0,8228.0,0.0,0.0,0.0,0.0,0.0,1.0,0.0,0.0,0.0,0.0,0.0,0.0,0.0,0.0,0.0,0.0,16.0,25903.0
2026-07-30T18:59:45.186Z,154.669,154.68,0.0,7.4,0.0,0.0,0.0,0.0,0.0,0.0,0.0,0.0,1.0,0.0,0.0,0.0,9.0,4.0,0.0,0.0,0.0,0.0,0.0,0.0,0.0,0.0,6.0,12.0,1.0,12.19,5.01,2.51,1.49,0.0,0.0,0.0,0.4,0.0,-0.8,0.5,0.4,-169.70000000000002,0.0,0.0,169.8,0.0,21.3,30.200000000000003,30.200000000000003,30.8,300.0,300.0,30.9,34.9,29.9,29.200000000000003,31.0,4.96,1.99,4.96,0.16,0.0,0.0,1027.0,8228.0,0.0,0.0,0.0,0.0,0.0,1.0,0.0,0.0,0.0,0.0,0.0,1.0,0.0,-0.3,0.0,0.0001,16.0,25903.0
2026-07-30T18:59:45.199Z,154.682,154.692,0.0,7.4,0.0,0.0,0.0,0.0,0.0,0.0,0.0,0.0,1.0,0.0,0.0,0.0,9.0,4.0,0.0,0.0,0.0,0.0,0.0,0.0,0.0,0.0,1.0,12.0,1.0,12.19,5.01,2.51,1.49,0.0,0.1,0.0,0.4,0.0,-0.2,-0.6000000000000001,-1.2000000000000002,-169.70000000000002,0.0,0.0,169.70000000000002,0.0,21.3,30.200000000000003,30.200000000000003,30.8,300.0,300.0,30.9,34.9,29.9,29.200000000000003,31.0,4.95,2.0,4.96,0.16,0.0,0.0,1027.0,8228.0,0.0,0.0,0.0,0.0,0.0,1.0,0.0,0.0,0.0,0.0,0.0,-1.6,0.0,0.9,0.0,0.0,16.0,25903.0
2026-07-30T18:59:45.208Z,154.691,154.704,0.0,7.4,0.0,0.0,0.0,0.0,0.0,0.0,0.0,0.0,1.0,0.0,0.0,0.0,9.0,4.0,0.0,0.0,0.0,0.0,0.0,0.0,0.0,0.0,1.0,12.0,1.0,12.19,5.01,2.51,1.49,0.0,0.0,0.0,0.4,0.0,0.3,-0.1,0.4,-169.70000000000002,0.0,0.0,169.70000000000002,0.0,21.3,30.200000000000003,30.200000000000003,30.8,300.0,300.0,30.9,34.9,29.9,29.200000000000003,31.0,4.95,1.99,4.97,0.16,0.0,0.0,1027.0,8228.0,0.0,0.0,0.0,0.0,0.0,1.0,0.0,0.0,0.0,0.0,0.0,0.2,0.0,-0.4,0.0,0.0002,16.0,25903.0
2026-07-30T18:59:45.220Z,154.703,154.716,0.0,7.4,0.0,0.0,0.0,0.0,0.0,0.0,0.0,0.0,1.0,0.0,0.0,0.0,9.0,4.0,0.0,0.0,0.0,0.0,0.0,0.0,0.0,0.0,2.0,12.0,1.0,12.19,5.01,2.51,1.49,0.0,0.1,0.0,0.4,0.0,-0.2,-0.1,-0.7000000000000001,-169.70000000000002,0.0,0.0,169.70000000000002,0.0,21.3,30.200000000000003,30.200000000000003,30.8,300.0,300.0,30.9,34.9,29.9,29.200000000000003,31.0,4.95,2.0,4.97,0.16,0.0,0.0,1027.0,8228.0,0.0,0.0,0.0,0.0,0.0,1.0,0.0,0.0,0.0,0.0,0.0,-0.6000000000000001,0.0,0.5,0.0,0.0001,16.0,25903.0
2026-07-30T18:59:45.232Z,154.715,154.728,0.0,7.4,0.0,0.0,0.0,0.0,0.0,0.0,0.0,0.0,1.0,0.0,0.0,0.0,9.0,4.0,0.0,0.0,0.0,0.0,0.0,0.0,0.0,0.0,3.0,12.0,1.0,12.19,5.01,2.51,1.49,0.0,0.0,0.0,0.5,0.0,0.3,-0.7000000000000001,1.0,-169.70000000000002,0.0,0.0,169.70000000000002,0.0,21.3,30.200000000000003,30.200000000000003,30.8,300.0,300.0,30.9,34.9,29.9,29.200000000000003,31.0,4.96,2.0,4.96,0.16,0.0,0.0,1027.0,8228.0,0.0,0.0,0.0,0.0,0.0,1.0,0.0,0.0,0.0,0.0,0.0,0.0,0.0,-1.0,0.0,0.0001,16.0,25903.0
2026-07-30T18:59:45.243Z,154.726,154.74,0.0,7.4,0.0,0.0,0.0,0.0,0.0,0.0,0.0,0.0,1.0,0.0,0.0,0.0,9.0,4.0,0.0,0.0,0.0,0.0,0.0,0.0,0.0,0.0,4.0,12.0,1.0,12.13,5.01,2.51,1.49,0.0,0.0,0.0,0.4,0.0,-0.2,-1.2000000000000002,0.4,-169.70000000000002,0.0,0.0,169.60000000000002,0.0,21.4,30.200000000000003,30.200000000000003,30.8,300.0,300.0,30.9,35.0,29.9,29.200000000000003,31.0,4.95,1.99,4.97,0.16,0.0,0.0,1027.0,8228.0,0.0,0.0,0.0,0.0,0.0,1.0,0.0,0.0,0.0,0.0,0.0,-1.1,0.0,-0.6000000000000001,0.0,0.0,16.0,25903.0
2026-07-30T18:59:45.255Z,154.738,154.752,0.0,7.4,0.0,0.0,0.0,0.0,0.0,0.0,0.0,0.0,1.0,0.0,0.0,0.0,9.0,4.0,0.0,0.0,0.0,0.0,0.0,0.0,0.0,0.0,5.0,12.0,1.0,12.13,5.01,2.51,1.49,0.0,0.0,0.0,0.4,0.0,-0.2,0.4,-0.7000000000000001,-169.70000000000002,0.0,0.0,169.70000000000002,0.0,21.4,30.200000000000003,30.200000000000003,30.8,300.0,300.0,30.9,35.0,29.9,29.200000000000003,31.0,4.95,2.0,4.96,0.16,0.0,0.0,1027.0,8228.0,0.0,0.0,0.0,0.0,0.0,1.0,0.0,0.0,0.0,0.0,0.0,0.0,0.0,0.7000000000000001,0.0,0.0001,16.0,25903.0
2026-07-30T18:59:45.268Z,154.751,154.764,0.0,7.4,0.0,0.0,0.0,0.0,0.0,0.0,0.0,0.0,1.0,0.0,0.0,0.0,9.0,4.0,0.0,0.0,0.0,0.0,0.0,0.0,0.0,0.0,6.0,12.0,1.0,12.13,5.01,2.51,1.49,0.0,0.0,0.0,0.4,0.0,-0.2,1.0,-0.1,-169.70000000000002,0.0,0.0,169.70000000000002,0.0,21.4,30.200000000000003,30.200000000000003,30.8,300.0,300.0,30.9,35.0,29.9,29.200000000000003,31.0,4.96,2.0,4.96,0.16,0.0,0.0,1027.0,8228.0,0.0,0.0,0.0,0.0,0.0,1.0,0.0,0.0,0.0,0.0,0.0,1.0,0.0,0.3,0.0,0.0,16.0,25903.0
2026-07-30T18:59:45.280Z,154.763,154.776,0.0,7.4,0.0,0.0,0.0,0.0,0.0,0.0,0.0,0.0,1.0,0.0,0.0,0.0,9.0,4.0,0.0,0.0,0.0,0.0,0.0,0.0,0.0,0.0,1.0,12.0,1.0,12.13,5.01,2.51,1.49,0.0,0.0,0.0,0.4,0.0,-0.2,-0.1,-0.1,-169.70000000000002,0.0,0.0,169.70000000000002,0.0,21.4,30.200000000000003,30.200000000000003,30.8,300.0,300.0,30.9,35.0,29.9,29.200000000000003,31.0,4.95,2.0,4.97,0.16,0.0,0.0,1027.0,8228.0,0.0,0.0,0.0,0.0,0.0,1.0,0.0,0.0,0.0,0.0,0.0,-0.2,0.0,0.0,0.0,0.0001,16.0,25903.0
2026-07-30T18:59:45.291Z,154.774,154.788,0.0,7.4,0.0,0.0,0.0,0.0,0.0,0.0,0.0,0.0,1.0,0.0,0.0,0.0,9.0,4.0,0.0,0.0,0.0,0.0,0.0,0.0,0.0,0.0,2.0,12.0,1.0,12.13,5.01,2.51,1.49,0.0,0.0,0.0,0.4,0.0,-0.2,-0.6000000000000001,1.0,-169.70000000000002,0.0,0.0,169.70000000000002,0.0,21.4,30.200000000000003,30.200000000000003,30.8,300.0,300.0,30.9,35.0,29.9,29.200000000000003,31.0,4.95,1.99,4.97,0.16,0.0,0.0,1027.0,8228.0,0.0,0.0,0.0,0.0,0.0,1.0,0.0,0.0,0.0,0.0,0.0,0.0,0.0,-1.0,0.0,0.0001,16.0,25903.0
2026-07-30T18:59:45.304Z,154.787,154.8,0.0,7.4,0.0,0.0,0.0,0.0,0.0,0.0,0.0,0.0,1.0,0.0,0.0,0.0,9.0,4.0,0.0,0.0,0.0,0.0,0.0,0.0,0.0,0.0,3.0,12.0,1.0,12.13,5.01,2.51,1.49,0.0,0.0,0.0,0.4,0.0,-0.2,0.4,1.0,-169.70000000000002,0.0,0.0,169.70000000000002,0.0,21.4,30.200000000000003,30.200000000000003,30.8,300.0,300.0,30.9,35.0,29.9,29.200000000000003,31.0,4.95,2.0,4.96,0.16,0.0,0.0,1027.0,8228.0,0.0,0.0,0.0,0.0,0.0,1.0,0.0,0.0,0.0,0.0,0.0,1.3,0.0,-0.7000000000000001,0.0,0.0,16.0,25903.0
2026-07-30T18:59:45.315Z,154.798,154.812,0.0,7.4,0.0,0.0,0.0,0.0,0.0,0.0,0.0,0.0,1.0,0.0,0.0,0.0,9.0,4.0,0.0,0.0,0.0,0.0,0.0,0.0,0.0,0.0,4.0,12.0,1.0,12.13,5.01,2.51,1.49,0.0,0.0,0.0,0.4,0.0,0.4,0.0,-0.7000000000000001,-169.70000000000002,0.0,0.0,169.8,0.0,21.4,30.200000000000003,30.200000000000003,30.8,300.0,300.0,30.9,35.0,29.9,29.200000000000003,31.0,4.96,1.99,4.96,0.16,0.0,0.0,1027.0,8228.0,0.0,0.0,0.0,0.0,0.0,1.0,0.0,0.0,0.0,0.0,0.0,-0.6000000000000001,0.0,0.6000000000000001,0.0,0.0,16.0,25903.0
2026-07-30T18:59:45.327Z,154.81,154.824,0.0,7.4,0.0,0.0,0.0,0.0,0.0,0.0,0.0,0.0,1.0,0.0,0.0,0.0,9.0,4.0,0.0,0.0,0.0,0.0,0.0,0.0,0.0,0.0,5.0,12.0,1.0,12.13,5.01,2.51,1.49,0.0,0.1,0.0,0.4,0.0,0.3,-1.2000000000000002,-0.6000000000000001,-169.70000000000002,0.0,0.0,169.60000000000002,0.0,21.4,30.200000000000003,30.200000000000003,30.8,300.0,300.0,30.9,35.0,29.9,29.200000000000003,31.0,4.95,1.99,4.97,0.16,0.0,0.0,1027.0,8228.0,0.0,0.0,0.0,0.0,0.0,1.0,0.0,0.0,0.0,0.0,0.0,-1.9,0.0,0.3,0.0,0.0001,16.0,25903.0
2026-07-30T18:59:45.341Z,154.824,154.836,0.0,7.4,0.0,0.0,0.0,0.0,0.0,0.0,0.0,0.0,1.0,0.0,0.0,0.0,9.0,4.0,0.0,0.0,0.0,0.0,0.0,0.0,0.0,0.0,6.0,12.0,1.0,12.17,5.01,2.5,1.49,0.0,0.1,0.0,0.4,0.0,0.3,-0.6000000000000001,0.4,-169.70000000000002,0.0,0.0,169.60000000000002,0.0,20.9,30.200000000000003,30.200000000000003,30.8,300.0,300.0,31.0,35.0,29.9,29.200000000000003,31.0,4.96,1.99,4.96,0.16,0.0,0.0,1027.0,8228.0,0.0,0.0,0.0,0.0,0.0,1.0,0.0,0.0,0.0,0.0,0.0,-0.4,0.0,-0.5,0.0,0.0001,16.0,25903.0
2026-07-30T18:59:45.352Z,154.835,154.848,0.0,7.4,0.0,0.0,0.0,0.0,0.0,0.0,0.0,0.0,1.0,0.0,0.0,0.0,9.0,4.0,0.0,0.0,0.0,0.0,0.0,0.0,0.0,0.0,2.0,12.0,1.0,12.17,5.01,2.5,1.49,0.0,0.0,0.0,0.4,0.0,-0.7000000000000001,-0.6000000000000001,-0.7000000000000001,-169.70000000000002,0.0,0.0,169.60000000000002,0.0,20.9,30.200000000000003,30.200000000000003,30.8,300.0,300.0,31.0,35.0,29.9,29.200000000000003,31.0,4.96,2.0,4.96,0.16,0.0,0.0,1027.0,8228.0,0.0,0.0,0.0,0.0,0.0,1.0,0.0,0.0,0.0,0.0,0.0,-1.3,0.0,0.4,0.0,0.0001,16.0,25903.0
2026-07-30T18:59:45.364Z,154.847,154.86,0.0,7.4,0.0,0.0,0.0,0.0,0.0,0.0,0.0,0.0,1.0,0.0,0.0,0.0,9.0,4.0,0.0,0.0,0.0,0.0,0.0,0.0,0.0,0.0,3.0,12.0,1.0,12.17,5.01,2.5,1.49,0.0,0.0,0.0,0.4,0.0,-0.1,-0.6000000000000001,0.4,-169.70000000000002,0.0,0.0,169.8,0.0,20.9,30.200000000000003,30.200000000000003,30.8,300.0,300.0,31.0,35.0,29.9,29.200000000000003,31.0,4.95,1.99,4.96,0.16,0.0,0.0,1027.0,8228.0,0.0,0.0,0.0,0.0,0.0,1.0,0.0,0.0,0.0,0.0,0.0,-0.4,0.0,-0.5,0.0,0.0,16.0,25903.0
2026-07-30T18:59:45.376Z,154.859,154.872,0.0,7.4,0.0,0.0,0.0,0.0,0.0,0.0,0.0,0.0,1.0,0.0,0.0,0.0,9.0,4.0,0.0,0.0,0.0,0.0,0.0,0.0,0.0,0.0,4.0,12.0,1.0,12.17,5.01,2.5,1.49,0.0,0.0,0.0,0.4,0.0,-0.1,-1.2000000000000002,-1.3,-169.70000000000002,0.0,0.0,169.70000000000002,0.0,20.9,30.200000000000003,30.200000000000003,30.8,300.0,300.0,31.0,35.0,29.9,29.200000000000003,31.0,4.96,1.99,4.97,0.16,0.0,0.0,1027.0,8228.0,0.0,0.0,0.0,0.0,0.0,1.0,0.0,0.0,0.0,0.0,0.0,-2.4000000000000004,0.0,0.9,0.0,0.0002,16.0,25903.0
2026-07-30T18:59:45.388Z,154.871,154.884,0.0,7.4,0.0,0.0,0.0,0.0,0.0,0.0,0.0,0.0,1.0,0.0,0.0,0.0,9.0,4.0,0.0,0.0,0.0,0.0,0.0,0.0,0.0,0.0,5.0,12.0,1.0,12.17,5.01,2.5,1.49,0.0,0.0,0.0,0.4,0.0,0.4,-1.2000000000000002,0.4,-169.70000000000002,0.0,0.0,169.70000000000002,0.0,20.9,30.200000000000003,30.200000000000003,30.8,300.0,300.0,31.0,35.0,29.9,29.200000000000003,31.0,4.96,1.99,4.96,0.16,0.0,0.0,1027.0,8228.0,0.0,0.0,0.0,0.0,0.0,1.0,0.0,0.0,0.0,0.0,0.0,-1.0,0.0,-0.6000000000000001,0.0,0.0,16.0,25903.0
2026-07-30T18:59:45.399Z,154.882,154.89600000000002,0.0,7.4,0.0,0.0,0.0,0.0,0.0,0.0,0.0,0.0,1.0,0.0,0.0,0.0,9.0,4.0,0.0,0.0,0.0,0.0,0.0,0.0,0.0,0.0,6.0,12.0,1.0,12.17,5.01,2.5,1.49,0.0,0.0,0.0,0.4,0.0,-0.1,0.5,0.4,-169.70000000000002,0.0,0.0,169.8,0.0,20.9,30.200000000000003,30.200000000000003,30.8,300.0,300.0,31.0,35.0,29.9,29.200000000000003,31.0,4.96,1.99,4.97,0.16,0.0,0.0,1027.0,8228.0,0.0,0.0,0.0,0.0,0.0,1.0,0.0,0.0,0.0,0.0,0.0,0.9,0.0,-0.2,0.0,0.0,16.0,25903.0
2026-07-30T18:59:45.412Z,154.895,154.90800000000002,0.0,7.4,0.0,0.0,0.0,0.0,0.0,0.0,0.0,0.0,1.0,0.0,0.0,0.0,9.0,4.0,0.0,0.0,0.0,0.0,0.0,0.0,0.0,0.0,1.0,12.0,1.0,12.17,5.01,2.5,1.49,0.0,0.0,0.0,0.5,0.0,-0.7000000000000001,0.0,-0.1,-169.70000000000002,0.0,0.0,169.8,0.0,20.9,30.200000000000003,30.200000000000003,30.8,300.0,300.0,31.0,35.0,29.9,29.200000000000003,31.0,4.95,1.99,4.97,0.16,0.0,0.0,1027.0,8228.0,0.0,0.0,0.0,0.0,0.0,1.0,0.0,0.0,0.0,0.0,0.0,0.0,0.0,0.1,0.0,0.0002,16.0,25903.0
2026-07-30T18:59:45.424Z,154.907,154.92000000000002,0.0,7.4,0.0,0.0,0.0,0.0,0.0,0.0,0.0,0.0,1.0,0.0,0.0,0.0,9.0,4.0,0.0,0.0,0.0,0.0,0.0,0.0,0.0,0.0,2.0,12.0,1.0,12.17,5.01,2.5,1.49,0.0,0.0,0.0,0.4,0.0,1.5,-0.5,0.4,-169.70000000000002,0.0,0.0,169.70000000000002,0.0,20.9,30.200000000000003,30.200000000000003,30.8,300.0,300.0,31.0,35.0,29.9,29.200000000000003,31.0,4.95,1.99,4.96,0.16,0.0,0.0,1027.0,8228.0,0.0,0.0,0.0,0.0,0.0,1.0,0.0,0.0,0.0,0.0,0.0,-0.2,0.0,-0.5,0.0,0.0,16.0,25903.0
2026-07-30T18:59:45.436Z,154.919,154.93200000000002,0.0,7.4,0.0,0.0,0.0,0.0,0.0,0.0,0.0,0.0,1.0,0.0,0.0,0.0,9.0,4.0,0.0,0.0,0.0,0.0,0.0,0.0,0.0,0.0,3.0,12.0,1.0,12.17,5.01,2.5,1.49,0.0,0.0,0.0,0.4,0.0,-0.1,-1.1,-1.3,-169.70000000000002,0.0,0.0,169.8,0.0,20.9,30.200000000000003,30.200000000000003,30.8,300.0,300.0,31.0,35.0,29.9,29.200000000000003,31.0,4.96,2.0,4.97,0.16,0.0,0.0,1027.0,8228.0,0.0,0.0,0.0,0.0,0.0,1.0,0.0,0.0,0.0,0.0,0.0,-2.2,0.0,0.9,0.0,0.0,16.0,25903.0
2026-07-30T18:59:45.448Z,154.931,154.94400000000002,0.0,7.4,0.0,0.0,0.0,0.0,0.0,0.0,0.0,0.0,1.0,0.0,0.0,0.0,9.0,4.0,0.0,0.0,0.0,0.0,0.0,0.0,0.0,0.0,5.0,12.0,1.0,12.14,5.0200000000000005,2.51,1.49,0.0,0.0,0.0,0.5,0.0,1.0,0.5,0.9,-169.70000000000002,0.0,0.0,169.8,0.0,21.8,30.200000000000003,30.200000000000003,30.8,300.0,300.0,30.9,35.0,29.9,29.200000000000003,31.0,4.96,1.99,4.97,0.16,0.0,0.0,1027.0,8228.0,0.0,0.0,0.0,0.0,0.0,1.0,0.0,0.0,0.0,0.0,0.0,1.3,0.0,-0.7000000000000001,0.0,0.0001,16.0,25903.0
2026-07-30T18:59:45.459Z,154.942,154.95600000000002,0.0,7.4,0.0,0.0,0.0,0.0,0.0,0.0,0.0,0.0,1.0,0.0,0.0,0.0,9.0,4.0,0.0,0.0,0.0,0.0,0.0,0.0,0.0,0.0,6.0,12.0,1.0,12.14,5.0200000000000005,2.51,1.49,0.0,0.0,0.0,0.4,0.0,0.4,1.1,0.9,-169.70000000000002,0.0,0.0,169.8,0.0,21.8,30.200000000000003,30.200000000000003,30.8,300.0,300.0,30.9,35.0,29.9,29.200000000000003,31.0,4.95,1.99,4.97,0.16,0.0,0.0,1027.0,8228.0,0.0,0.0,0.0,0.0,0.0,1.0,0.0,0.0,0.0,0.0,0.0,2.0,0.0,-0.5,0.0,0.0001,16.0,25903.0
2026-07-30T18:59:45.472Z,154.955,154.968,0.0,7.4,0.0,0.0,0.0,0.0,0.0,0.0,0.0,0.0,1.0,0.0,0.0,0.0,9.0,4.0,0.0,0.0,0.0,0.0,0.0,0.0,0.0,0.0,1.0,12.0,1.0,12.14,5.0200000000000005,2.51,1.49,0.0,0.0,0.0,0.5,0.0,-0.1,0.5,-0.2,-169.70000000000002,0.0,0.0,169.8,0.0,21.8,30.200000000000003,30.200000000000003,30.8,300.0,300.0,30.9,35.0,29.9,29.200000000000003,31.0,4.96,1.99,4.96,0.15,0.0,0.0,1027.0,8228.0,0.0,0.0,0.0,0.0,0.0,1.0,0.0,0.0,0.0,0.0,0.0,0.5,0.0,0.3,0.0,0.0,16.0,25903.0
2026-07-30T18:59:45.484Z,154.967,154.98,0.0,7.4,0.0,0.0,0.0,0.0,0.0,0.0,0.0,0.0,1.0,0.0,0.0,0.0,9.0,4.0,0.0,0.0,0.0,0.0,0.0,0.0,0.0,0.0,2.0,12.0,1.0,12.14,5.0200000000000005,2.51,1.49,0.0,0.1,0.0,0.4,0.0,1.0,-0.5,-0.2,-169.70000000000002,0.0,0.0,169.70000000000002,0.0,21.8,30.200000000000003,30.200000000000003,30.8,300.0,300.0,30.9,35.0,29.9,29.200000000000003,31.0,4.95,1.99,4.97,0.15,0.0,0.0,1027.0,8228.0,0.0,0.0,0.0,0.0,0.0,1.0,0.0,0.0,0.0,0.0,0.0,-0.8,0.0,0.0,0.0,0.0001,16.0,25903.0
2026-07-30T18:59:45.501Z,154.984,154.992,0.0,7.4,0.0,0.0,0.0,0.0,0.0,0.0,0.0,0.0,1.0,0.0,0.0,0.0,9.0,4.0,0.0,0.0,0.0,0.0,0.0,0.0,0.0,0.0,4.0,12.0,1.0,12.14,5.0200000000000005,2.51,1.49,0.0,0.0,0.0,0.4,0.0,0.4,1.1,-0.8,-169.70000000000002,0.0,0.0,169.70000000000002,0.0,21.8,30.200000000000003,30.200000000000003,30.8,300.0,300.0,30.9,35.0,29.9,29.200000000000003,31.0,4.95,1.99,4.96,0.16,0.0,0.0,1027.0,8228.0,0.0,0.0,0.0,0.0,0.0,1.0,0.0,0.0,0.0,0.0,0.0,0.7000000000000001,0.0,0.9,0.0,0.0001,16.0,25903.0
2026-07-30T18:59:45.511Z,154.994,155.004,0.0,7.4,0.0,0.0,0.0,0.0,0.0,0.0,0.0,0.0,1.0,0.0,0.0,0.0,9.0,4.0,0.0,0.0,0.0,0.0,0.0,0.0,0.0,0.0,4.0,12.0,1.0,12.14,5.0200000000000005,2.51,1.49,0.0,0.0,0.0,0.4,0.0,-0.1,0.0,-0.1,-169.70000000000002,0.0,0.0,169.70000000000002,0.0,21.8,30.200000000000003,30.200000000000003,30.8,300.0,300.0,30.9,35.0,29.9,29.200000000000003,31.0,4.95,2.0,4.96,0.16,0.0,0.0,1027.0,8228.0,0.0,0.0,0.0,0.0,0.0,1.0,0.0,0.0,0.0,0.0,0.0,0.0,0.0,0.1,0.0,0.0001,16.0,25903.0
2026-07-30T18:59:45.519Z,155.002,155.016,0.0,7.4,0.0,0.0,0.0,0.0,0.0,0.0,0.0,0.0,1.0,0.0,0.0,0.0,9.0,4.0,0.0,0.0,0.0,0.0,0.0,0.0,0.0,0.0,1.0,12.0,1.0,12.14,5.0200000000000005,2.51,1.49,0.0,0.0,0.0,0.5,0.0,0.3,0.0,1.0,-169.70000000000002,0.0,0.0,169.70000000000002,0.0,21.8,30.200000000000003,30.200000000000003,30.8,300.0,300.0,30.9,35.0,29.9,29.200000000000003,31.0,4.95,2.0,4.96,0.16,0.0,0.0,1027.0,8228.0,0.0,0.0,0.0,0.0,0.0,1.0,0.0,0.0,0.0,0.0,0.0,0.7000000000000001,0.0,-0.8,0.0,0.0,16.0,25903.0
2026-07-30T18:59:45.532Z,155.015,155.028,0.0,7.4,0.0,0.0,0.0,0.0,0.0,0.0,0.0,0.0,1.0,0.0,0.0,0.0,9.0,4.0,0.0,0.0,0.0,0.0,0.0,0.0,0.0,0.0,1.0,12.0,1.0,12.14,5.0200000000000005,2.51,1.49,0.0,0.0,0.0,0.5,0.0,0.9,1.1,0.9,-169.70000000000002,0.0,0.0,169.8,0.0,21.8,30.200000000000003,30.200000000000003,30.8,300.0,300.0,30.9,35.0,29.9,29.200000000000003,31.0,4.95,1.99,4.97,0.16,0.0,0.0,1027.0,8228.0,0.0,0.0,0.0,0.0,0.0,1.0,0.0,0.0,0.0,0.0,0.0,2.0,0.0,-0.6000000000000001,0.0,0.0001,16.0,25903.0
2026-07-30T18:59:45.545Z,155.028,155.04,0.0,7.4,0.0,0.0,0.0,0.0,0.0,0.0,0.0,0.0,1.0,0.0,0.0,0.0,9.0,4.0,0.0,0.0,0.0,0.0,0.0,0.0,0.0,0.0,3.0,12.0,1.0,12.18,5.01,2.51,1.49,0.0,0.0,0.0,0.4,0.0,0.9,0.6000000000000001,0.4,-169.70000000000002,0.0,0.0,169.8,0.0,21.4,30.200000000000003,30.200000000000003,30.8,300.0,300.0,30.9,35.0,29.9,29.200000000000003,31.0,4.95,1.99,4.96,0.16,0.0,0.0,1027.0,8228.0,0.0,0.0,0.0,0.0,0.0,1.0,0.0,0.0,0.0,0.0,0.0,1.0,0.0,-0.2,0.0,0.0002,16.0,25903.0
2026-07-30T18:59:45.556Z,155.039,155.052,0.0,7.4,0.0,0.0,0.0,0.0,0.0,0.0,0.0,0.0,1.0,0.0,0.0,0.0,9.0,4.0,0.0,0.0,0.0,0.0,0.0,0.0,0.0,0.0,4.0,12.0,1.0,12.18,5.01,2.51,1.49,0.0,0.0,0.0,0.4,0.0,-0.1,0.0,-1.3,-169.70000000000002,0.0,0.0,169.8,0.0,21.4,30.200000000000003,30.200000000000003,30.8,300.0,300.0,30.9,35.0,29.9,29.200000000000003,31.0,4.96,1.99,4.96,0.16,0.0,0.0,1027.0,8228.0,0.0,0.0,0.0,0.0,0.0,1.0,0.0,0.0,0.0,0.0,0.0,-0.9,0.0,1.1,0.0,0.0,16.0,25903.0
2026-07-30T18:59:45.568Z,155.051,155.064,0.0,7.4,0.0,0.0,0.0,0.0,0.0,0.0,0.0,0.0,1.0,0.0,0.0,0.0,9.0,4.0,0.0,0.0,0.0,0.0,0.0,0.0,0.0,0.0,4.0,12.0,1.0,12.18,5.01,2.51,1.49,0.0,0.0,0.0,0.4,0.0,-0.1,0.6000000000000001,1.0,-169.70000000000002,0.0,0.0,169.8,0.0,21.4,30.200000000000003,30.200000000000003,30.8,300.0,300.0,30.9,35.0,29.9,29.200000000000003,31.0,4.95,1.99,4.97,0.16,0.0,0.0,1027.0,8228.0,0.0,0.0,0.0,0.0,0.0,1.0,0.0,0.0,0.0,0.0,0.0,-0.4,0.0,0.6000000000000001,0.0,0.0001,16.0,25903.0
2026-07-30T18:59:45.580Z,155.063,155.076,0.0,7.4,0.0,0.0,0.0,0.0,0.0,0.0,0.0,0.0,1.0,0.0,0.0,0.0,9.0,4.0,0.0,0.0,0.0,0.0,0.0,0.0,0.0,0.0,5.0,12.0,1.0,12.18,5.01,2.51,1.49,0.0,0.1,0.0,0.4,0.0,1.0,0.0,0.4,-169.70000000000002,0.0,0.0,169.8,0.0,21.4,30.200000000000003,30.200000000000003,30.8,300.0,300.0,30.9,35.0,29.9,29.200000000000003,31.0,4.96,1.99,4.97,0.16,0.0,0.0,1027.0,8228.0,0.0,0.0,0.0,0.0,0.0,1.0,0.0,0.0,0.0,0.0,0.0,-0.4,0.0,0.6000000000000001,0.0,0.0,16.0,25903.0
2026-07-30T18:59:45.592Z,155.075,155.088,0.0,7.4,0.0,0.0,0.0,0.0,0.0,0.0,0.0,0.0,1.0,0.0,0.0,0.0,9.0,4.0,0.0,0.0,0.0,0.0,0.0,0.0,0.0,0.0,6.0,12.0,1.0,12.18,5.01,2.51,1.49,0.0,0.0,0.0,0.4,0.0,0.4,1.2000000000000002,-0.7000000000000001,-169.70000000000002,0.0,0.0,169.8,0.0,21.4,30.200000000000003,30.200000000000003,30.8,300.0,300.0,30.9,35.0,29.9,29.200000000000003,31.0,4.96,2.0,4.96,0.16,0.0,0.0,1027.0,8228.0,0.0,0.0,0.0,0.0,0.0,1.0,0.0,0.0,0.0,0.0,0.0,1.3,0.0,0.3,0.0,0.0,16.0,25903.0
2026-07-30T18:59:45.604Z,155.087,155.1,0.0,7.4,0.0,0.0,0.0,0.0,0.0,0.0,0.0,0.0,1.0,0.0,0.0,0.0,9.0,4.0,0.0,0.0,0.0,0.0,0.0,0.0,0.0,0.0,1.0,12.0,1.0,12.18,5.01,2.51,1.49,0.0,0.1,0.0,0.5,0.0,0.3,0.0,-0.7000000000000001,-169.70000000000002,0.0,0.0,169.8,0.0,21.4,30.200000000000003,30.200000000000003,30.8,300.0,300.0,30.9,35.0,29.9,29.200000000000003,31.0,4.95,1.99,4.96,0.16,0.0,0.0,1027.0,8228.0,0.0,0.0,0.0,0.0,0.0,1.0,0.0,0.0,0.0,0.0,0.0,-0.4,0.0,0.6000000000000001,0.0,0.0001,16.0,25903.0
2026-07-30T18:59:45.616Z,155.099,155.112,0.0,7.4,0.0,0.0,0.0,0.0,0.0,0.0,0.0,0.0,1.0,0.0,0.0,0.0,9.0,4.0,0.0,0.0,0.0,0.0,0.0,0.0,0.0,0.0,3.0,12.0,1.0,12.18,5.01,2.51,1.49,0.0,0.0,0.0,0.5,0.0,0.3,0.6000000000000001,1.0,-169.70000000000002,0.0,0.0,169.70000000000002,0.0,21.4,30.200000000000003,30.200000000000003,30.8,300.0,300.0,30.9,35.0,29.9,29.200000000000003,31.0,4.96,1.99,4.97,0.16,0.0,0.0,1027.0,8228.0,0.0,0.0,0.0,0.0,0.0,1.0,0.0,0.0,0.0,0.0,0.0,1.4,0.0,-0.7000000000000001,0.0,0.0001,16.0,25903.0
2026-07-30T18:59:45.628Z,155.111,155.124,0.0,7.4,0.0,0.0,0.0,0.0,0.0,0.0,0.0,0.0,1.0,0.0,0.0,0.0,9.0,4.0,0.0,0.0,0.0,0.0,0.0,0.0,0.0,0.0,3.0,12.0,1.0,12.18,5.01,2.51,1.49,0.0,0.0,0.0,0.4,0.0,0.3,0.5,-0.7000000000000001,-169.70000000000002,0.0,0.0,169.70000000000002,0.0,21.4,30.200000000000003,30.200000000000003,30.8,300.0,300.0,30.9,35.0,29.9,29.200000000000003,31.0,4.96,2.0,4.96,0.16,0.0,0.0,1027.0,8228.0,0.0,0.0,0.0,0.0,0.0,1.0,0.0,0.0,0.0,0.0,0.0,0.1,0.0,0.7000000000000001,0.0,0.0001,16.0,25903.0
2026-07-30T18:59:45.640Z,155.123,155.136,0.0,7.4,0.0,0.0,0.0,0.0,0.0,0.0,0.0,0.0,1.0,0.0,0.0,0.0,9.0,4.0,0.0,0.0,0.0,0.0,0.0,0.0,0.0,0.0,4.0,12.0,1.0,12.18,5.01,2.51,1.49,0.0,0.0,0.0,0.5,0.0,0.9,0.0,0.4,-169.70000000000002,0.0,0.0,169.8,0.0,21.4,30.200000000000003,30.200000000000003,30.8,300.0,300.0,30.9,35.0,29.9,29.200000000000003,31.0,4.96,1.99,4.96,0.17,0.0,0.0,1027.0,8228.0,0.0,0.0,0.0,0.0,0.0,1.0,0.0,0.0,0.0,0.0,0.0,0.3,0.0,-0.3,0.0,0.0,16.0,25903.0
2026-07-30T18:59:45.652Z,155.135,155.148,0.0,7.4,0.0,0.0,0.0,0.0,0.0,0.0,0.0,0.0,1.0,0.0,0.0,0.0,9.0,4.0,0.0,0.0,0.0,0.0,0.0,0.0,0.0,0.0,6.0,12.0,1.0,12.17,5.01,2.51,1.49,0.0,0.0,0.0,0.4,0.0,0.3,1.2000000000000002,0.9,-169.70000000000002,0.0,0.0,169.70000000000002,0.0,21.4,30.200000000000003,30.200000000000003,30.8,300.0,300.0,30.9,35.0,29.9,29.200000000000003,31.0,4.95,1.99,4.96,0.16,0.0,0.0,1027.0,8228.0,0.0,0.0,0.0,0.0,0.0,1.0,0.0,0.0,0.0,0.0,0.0,2.1,0.0,-0.6000000000000001,0.0,0.0,16.0,25903.0
2026-07-30T18:59:45.664Z,155.147,155.16,0.0,7.4,0.0,0.0,0.0,0.0,0.0,0.0,0.0,0.0,1.0,0.0,0.0,0.0,9.0,4.0,0.0,0.0,0.0,0.0,0.0,0.0,0.0,0.0,1.0,12.0,1.0,12.17,5.01,2.51,1.49,0.0,0.0,0.0,0.4,0.0,-0.2,-1.1,-0.1,-169.70000000000002,0.0,0.0,169.8,0.0,21.4,30.200000000000003,30.200000000000003,30.8,300.0,300.0,30.9,35.0,29.9,29.200000000000003,31.0,4.96,1.99,4.96,0.16,0.0,0.0,1027.0,8228.0,0.0,0.0,0.0,0.0,0.0,1.0,0.0,0.0,0.0,0.0,0.0,-1.4,0.0,0.0,0.0,0.0,16.0,25903.0
2026-07-30T18:59:45.676Z,155.159,155.172,0.0,7.4,0.0,0.0,0.0,0.0,0.0,0.0,0.0,0.0,1.0,0.0,0.0,0.0,9.0,4.0,0.0,0.0,0.0,0.0,0.0,0.0,0.0,0.0,1.0,12.0,1.0,12.17,5.01,2.51,1.49,0.0,0.0,0.0,0.4,0.0,0.3,0.0,1.0,-169.70000000000002,0.0,0.0,169.70000000000002,0.0,21.4,30.200000000000003,30.200000000000003,30.8,300.0,300.0,30.9,35.0,29.9,29.200000000000003,31.0,4.95,1.99,4.96,0.16,0.0,0.0,1027.0,8228.0,0.0,0.0,0.0,0.0,0.0,1.0,0.0,0.0,0.0,0.0,0.0,0.8,0.0,-0.9,0.0,0.0,16.0,25903.0
2026-07-30T18:59:45.688Z,155.171,155.184,0.0,7.4,0.0,0.0,0.0,0.0,0.0,0.0,0.0,0.0,1.0,0.0,0.0,0.0,9.0,4.0,0.0,0.0,0.0,0.0,0.0,0.0,0.0,0.0,3.0,12.0,1.0,12.17,5.01,2.51,1.49,0.0,0.0,0.0,0.4,0.0,0.9,0.6000000000000001,-0.7000000000000001,-169.70000000000002,0.0,0.0,169.70000000000002,0.0,21.4,30.200000000000003,30.200000000000003,30.8,300.0,300.0,30.9,35.0,29.9,29.200000000000003,31.0,4.95,1.99,4.97,0.16,0.0,0.0,1027.0,8228.0,0.0,0.0,0.0,0.0,0.0,1.0,0.0,0.0,0.0,0.0,0.0,0.2,0.0,0.7000000000000001,0.0,0.0,16.0,25903.0
2026-07-30T18:59:45.700Z,155.183,155.196,0.0,7.4,0.0,0.0,0.0,0.0,0.0,0.0,0.0,0.0,1.0,0.0,0.0,0.0,9.0,4.0,0.0,0.0,0.0,0.0,0.0,0.0,0.0,0.0,4.0,12.0,1.0,12.17,5.01,2.51,1.49,0.0,0.0,0.0,0.5,0.0,0.9,1.2000000000000002,-0.1,-169.70000000000002,0.0,0.0,169.70000000000002,0.0,21.4,30.200000000000003,30.200000000000003,30.8,300.0,300.0,30.9,35.0,29.9,29.200000000000003,31.0,4.95,2.0,4.97,0.16,0.0,0.0,1027.0,8228.0,0.0,0.0,0.0,0.0,0.0,1.0,0.0,0.0,0.0,0.0,0.0,1.3,0.0,0.3,0.0,0.0,16.0,25903.0
2026-07-30T18:59:45.712Z,155.195,155.208,0.0,7.4,0.0,0.0,0.0,0.0,0.0,0.0,0.0,0.0,1.0,0.0,0.0,0.0,9.0,4.0,0.0,0.0,0.0,0.0,0.0,0.0,0.0,0.0,5.0,12.0,1.0,12.17,5.01,2.51,1.49,0.0,0.0,0.0,0.4,0.0,0.3,-0.5,0.3,-169.70000000000002,0.0,0.0,169.70000000000002,0.0,21.4,30.200000000000003,30.200000000000003,30.8,300.0,300.0,30.9,35.0,29.9,29.200000000000003,31.0,4.96,2.0,4.96,0.16,0.0,0.0,1027.0,8228.0,0.0,0.0,0.0,0.0,0.0,1.0,0.0,0.0,0.0,0.0,0.0,-0.3,0.0,-0.4,0.0,0.0001,16.0,25903.0
2026-07-30T18:59:45.724Z,155.207,155.22,0.0,7.4,0.0,0.0,0.0,0.0,0.0,0.0,0.0,0.0,1.0,0.0,0.0,0.0,9.0,4.0,0.0,0.0,0.0,0.0,0.0,0.0,0.0,0.0,5.0,12.0,1.0,12.17,5.01,2.51,1.49,0.0,0.1,0.0,0.4,0.0,0.3,0.6000000000000001,0.3,-169.70000000000002,0.0,0.0,169.70000000000002,0.0,21.4,30.200000000000003,30.200000000000003,30.8,300.0,300.0,30.9,35.0,29.9,29.200000000000003,31.0,4.95,1.99,4.97,0.16,0.0,0.0,1027.0,8228.0,0.0,0.0,0.0,0.0,0.0,1.0,0.0,0.0,0.0,0.0,0.0,1.0,0.0,-0.2,0.0,0.0001,16.0,25903.0
2026-07-30T18:59:45.736Z,155.219,155.232,0.0,7.4,0.0,0.0,0.0,0.0,0.0,0.0,0.0,0.0,1.0,0.0,0.0,0.0,9.0,4.0,0.0,0.0,0.0,0.0,0.0,0.0,0.0,0.0,6.0,12.0,1.0,12.17,5.01,2.51,1.49,0.0,0.0,0.0,0.4,0.0,0.4,1.2000000000000002,-0.1,-169.70000000000002,0.0,0.0,169.60000000000002,0.0,21.4,30.200000000000003,30.200000000000003,30.8,300.0,300.0,30.9,35.0,29.9,29.200000000000003,31.0,4.95,1.99,4.96,0.16,0.0,0.0,1027.0,8228.0,0.0,0.0,0.0,0.0,0.0,1.0,0.0,0.0,0.0,0.0,0.0,1.2000000000000002,0.0,0.3,0.0,0.0,16.0,25903.0
2026-07-30T18:59:45.749Z,155.232,155.244,0.0,7.4,0.0,0.0,0.0,0.0,0.0,0.0,0.0,0.0,1.0,0.0,0.0,0.0,9.0,4.0,0.0,0.0,0.0,0.0,0.0,0.0,0.0,0.0,1.0,12.0,1.0,12.18,5.01,2.51,1.49,0.0,0.0,0.0,0.4,0.0,-0.1,0.0,-0.7000000000000001,-169.70000000000002,0.0,0.0,169.70000000000002,0.0,21.700000000000003,30.200000000000003,30.200000000000003,30.8,300.0,300.0,31.1,34.9,29.9,29.200000000000003,31.0,4.96,1.99,4.96,0.16,0.0,0.0,1027.0,8228.0,0.0,0.0,0.0,0.0,0.0,1.0,0.0,0.0,0.0,0.0,0.0,-0.5,0.0,0.6000000000000001,0.0,0.0001,16.0,25903.0
2026-07-30T18:59:45.760Z,155.243,155.256,0.0,7.4,0.0,0.0,0.0,0.0,0.0,0.0,0.0,0.0,1.0,0.0,0.0,0.0,9.0,4.0,0.0,0.0,0.0,0.0,0.0,0.0,0.0,0.0,2.0,12.0,1.0,12.18,5.01,2.51,1.49,0.0,0.0,0.0,0.4,0.0,0.9,0.0,-0.1,-169.70000000000002,0.0,0.0,169.70000000000002,0.0,21.700000000000003,30.200000000000003,30.200000000000003,30.8,300.0,300.0,31.1,34.9,29.9,29.200000000000003,31.0,4.96,1.99,4.96,0.16,0.0,0.0,1027.0,8228.0,0.0,0.0,0.0,0.0,0.0,1.0,0.0,0.0,0.0,0.0,0.0,-0.1,0.0,0.1,0.0,0.0001,16.0,25903.0
2026-07-30T18:59:45.772Z,155.255,155.268,0.0,7.4,0.0,0.0,0.0,0.0,0.0,0.0,0.0,0.0,1.0,0.0,0.0,0.0,9.0,4.0,0.0,0.0,0.0,0.0,0.0,0.0,0.0,0.0,3.0,12.0,1.0,12.18,5.01,2.51,1.49,0.0,0.0,0.0,0.4,0.0,0.4,-0.5,-0.1,-169.70000000000002,0.0,0.0,169.70000000000002,0.0,21.700000000000003,30.200000000000003,30.200000000000003,30.8,300.0,300.0,31.1,34.9,29.9,29.200000000000003,31.0,4.95,1.99,4.97,0.16,0.0,0.0,1027.0,8228.0,0.0,0.0,0.0,0.0,0.0,1.0,0.0,0.0,0.0,0.0,0.0,-0.7000000000000001,0.0,0.0,0.0,0.0001,16.0,25903.0
2026-07-30T18:59:45.784Z,155.267,155.28,0.0,7.4,0.0,0.0,0.0,0.0,0.0,0.0,0.0,0.0,1.0,0.0,0.0,0.0,9.0,4.0,0.0,0.0,0.0,0.0,0.0,0.0,0.0,0.0,4.0,12.0,1.0,12.18,5.01,2.51,1.49,0.0,0.0,0.0,0.4,0.0,0.4,1.2000000000000002,1.6,-169.70000000000002,0.0,0.0,169.60000000000002,0.0,21.700000000000003,30.200000000000003,30.200000000000003,30.8,300.0,300.0,31.1,34.9,29.9,29.200000000000003,31.0,4.95,2.0,4.96,0.16,0.0,0.0,1027.0,8228.0,0.0,0.0,0.0,0.0,0.0,1.0,0.0,0.0,0.0,0.0,0.0,2.6,0.0,-1.2000000000000002,0.0,0.0001,16.0,25903.0
2026-07-30T18:59:45.796Z,155.279,155.292,0.0,7.4,0.0,0.0,0.0,0.0,0.0,0.0,0.0,0.0,1.0,0.0,0.0,0.0,9.0,4.0,0.0,0.0,0.0,0.0,0.0,0.0,0.0,0.0,6.0,12.0,1.0,12.18,5.01,2.51,1.49,0.0,0.0,0.0,0.5,0.0,-0.1,1.1,0.4,-169.70000000000002,0.0,0.0,169.70000000000002,0.0,21.700000000000003,30.200000000000003,30.200000000000003,30.8,300.0,300.0,31.1,34.9,29.9,29.200000000000003,31.0,4.96,1.99,4.96,0.16,0.0,0.0,1027.0,8228.0,0.0,0.0,0.0,0.0,0.0,1.0,0.0,0.0,0.0,0.0,0.0,1.6,0.0,-0.1,0.0,0.0001,16.0,25903.0
2026-07-30T18:59:45.808Z,155.291,155.304,0.0,7.4,0.0,0.0,0.0,0.0,0.0,0.0,0.0,0.0,1.0,0.0,0.0,0.0,9.0,4.0,0.0,0.0,0.0,0.0,0.0,0.0,0.0,0.0,6.0,12.0,1.0,12.18,5.01,2.51,1.49,0.0,0.0,0.0,0.4,0.0,1.0,0.0,-0.1,-169.70000000000002,0.0,0.0,169.70000000000002,0.0,21.700000000000003,30.200000000000003,30.200000000000003,30.8,300.0,300.0,31.1,34.9,29.9,29.200000000000003,31.0,4.95,1.99,4.97,0.16,0.0,0.0,1027.0,8228.0,0.0,0.0,0.0,0.0,0.0,1.0,0.0,0.0,0.0,0.0,0.0,0.0,0.0,0.1,0.0,0.0,16.0,25903.0
2026-07-30T18:59:45.823Z,155.306,155.316,0.0,7.4,0.0,0.0,0.0,0.0,0.0,0.0,0.0,0.0,1.0,0.0,0.0,0.0,9.0,4.0,0.0,0.0,0.0,0.0,0.0,0.0,0.0,0.0,2.0,12.0,1.0,12.18,5.01,2.51,1.49,0.0,0.0,0.0,0.4,0.0,0.4,-1.1,-0.6000000000000001,-169.70000000000002,0.0,0.0,169.60000000000002,0.0,21.700000000000003,30.200000000000003,30.200000000000003,30.8,300.0,300.0,31.1,34.9,29.9,29.200000000000003,31.0,4.96,1.99,4.96,0.16,0.0,0.0,1027.0,8228.0,0.0,0.0,0.0,0.0,0.0,1.0,0.0,0.0,0.0,0.0,0.0,-1.8,0.0,0.3,0.0,0.0,16.0,25903.0
2026-07-30T18:59:45.832Z,155.315,155.328,0.0,7.4,0.0,0.0,0.0,0.0,0.0,0.0,0.0,0.0,1.0,0.0,0.0,0.0,9.0,4.0,0.0,0.0,0.0,0.0,0.0,0.0,0.0,0.0,6.0,12.0,1.0,12.18,5.01,2.51,1.49,0.0,0.0,0.0,0.4,0.0,-0.1,0.0,0.0,-169.70000000000002,0.0,0.0,169.8,0.0,21.700000000000003,30.200000000000003,30.200000000000003,30.8,300.0,300.0,31.1,34.9,29.9,29.200000000000003,31.0,4.96,2.0,4.96,0.16,0.0,0.0,1027.0,8228.0,0.0,0.0,0.0,0.0,0.0,1.0,0.0,0.0,0.0,0.0,0.0,0.0,0.0,0.0,0.0,0.0001,16.0,25903.0
2026-07-30T18:59:45.843Z,155.326,155.34,0.0,7.4,0.0,0.0,0.0,0.0,0.0,0.0,0.0,0.0,1.0,0.0,0.0,0.0,9.0,4.0,0.0,0.0,0.0,0.0,0.0,0.0,0.0,0.0,6.0,12.0,1.0,12.18,5.01,2.51,1.49,0.0,0.1,0.0,0.4,0.0,0.4,0.5,-0.6000000000000001,-169.70000000000002,0.0,0.0,169.70000000000002,0.0,21.700000000000003,30.200000000000003,30.200000000000003,30.8,300.0,300.0,31.1,34.9,29.9,29.200000000000003,31.0,4.95,1.99,4.96,0.16,0.0,0.0,1027.0,8228.0,0.0,0.0,0.0,0.0,0.0,1.0,0.0,0.0,0.0,0.0,0.0,0.1,0.0,0.6000000000000001,0.0,0.0002,16.0,25903.0
2026-07-30T18:59:45.856Z,155.339,155.352,0.0,7.4,0.0,0.0,0.0,0.0,0.0,0.0,0.0,0.0,1.0,0.0,0.0,0.0,9.0,4.0,0.0,0.0,0.0,0.0,0.0,0.0,0.0,0.0,2.0,12.0,1.0,12.17,5.0200000000000005,2.51,1.49,0.0,0.0,0.0,0.4,0.0,0.4,0.5,1.1,-169.70000000000002,0.0,0.0,169.70000000000002,0.0,21.3,30.200000000000003,30.200000000000003,30.8,300.0,300.0,31.1,35.0,29.9,29.200000000000003,31.0,4.95,1.99,4.97,0.16,0.0,0.0,1027.0,8228.0,0.0,0.0,0.0,0.0,0.0,1.0,0.0,0.0,0.0,0.0,0.0,1.4,0.0,-0.8,0.0,0.0,16.0,25903.0
2026-07-30T18:59:45.867Z,155.35,155.364,0.0,7.4,0.0,0.0,0.0,0.0,0.0,0.0,0.0,0.0,1.0,0.0,0.0,0.0,9.0,4.0,0.0,0.0,0.0,0.0,0.0,0.0,0.0,0.0,3.0,12.0,1.0,12.17,5.0200000000000005,2.51,1.49,0.0,0.1,0.0,0.4,0.0,0.4,-0.6000000000000001,-0.6000000000000001,-169.70000000000002,0.0,0.0,169.70000000000002,0.0,21.3,30.200000000000003,30.200000000000003,30.8,300.0,300.0,31.1,35.0,29.9,29.200000000000003,31.0,4.96,1.99,4.96,0.16,0.0,0.0,1027.0,8228.0,0.0,0.0,0.0,0.0,0.0,1.0,0.0,0.0,0.0,0.0,0.0,-1.1,0.0,0.4,0.0,0.0,16.0,25903.0
2026-07-30T18:59:45.879Z,155.362,155.376,0.0,7.4,0.0,0.0,0.0,0.0,0.0,0.0,0.0,0.0,1.0,0.0,0.0,0.0,9.0,4.0,0.0,0.0,0.0,0.0,0.0,0.0,0.0,0.0,4.0,12.0,1.0,12.17,5.0200000000000005,2.51,1.49,0.0,0.0,0.0,0.4,0.0,0.4,0.0,-0.6000000000000001,-169.70000000000002,0.0,0.0,169.8,0.0,21.3,30.200000000000003,30.200000000000003,30.8,300.0,300.0,31.1,35.0,29.9,29.200000000000003,31.0,4.96,1.99,4.97,0.15,0.0,0.0,1027.0,8228.0,0.0,0.0,0.0,0.0,0.0,1.0,0.0,0.0,0.0,0.0,0.0,-0.4,0.0,0.5,0.0,0.0,16.0,25903.0
2026-07-30T18:59:45.891Z,155.374,155.388,0.0,7.4,0.0,0.0,0.0,0.0,0.0,0.0,0.0,0.0,1.0,0.0,0.0,0.0,9.0,4.0,0.0,0.0,0.0,0.0,0.0,0.0,0.0,0.0,5.0,12.0,1.0,12.17,5.0200000000000005,2.51,1.49,0.0,0.0,0.0,0.4,0.0,0.4,1.1,0.0,-169.70000000000002,0.0,0.0,169.70000000000002,0.0,21.3,30.200000000000003,30.200000000000003,30.8,300.0,300.0,31.1,35.0,29.9,29.200000000000003,31.0,4.95,1.99,4.97,0.16,0.0,0.0,1027.0,8228.0,0.0,0.0,0.0,0.0,0.0,1.0,0.0,0.0,0.0,0.0,0.0,1.3,0.0,0.2,0.0,0.0002,16.0,25903.0
2026-07-30T18:59:45.904Z,155.387,155.4,0.0,7.4,0.0,0.0,0.0,0.0,0.0,0.0,0.0,0.0,1.0,0.0,0.0,0.0,9.0,4.0,0.0,0.0,0.0,0.0,0.0,0.0,0.0,0.0,6.0,12.0,1.0,12.17,5.0200000000000005,2.51,1.49,-0.1,0.1,0.0,0.5,0.0,-1.3,-0.5,-1.2000000000000002,-169.70000000000002,0.0,0.0,169.60000000000002,0.0,21.3,30.200000000000003,30.200000000000003,30.8,300.0,300.0,31.1,35.0,29.9,29.200000000000003,31.0,4.96,1.99,4.96,0.16,0.0,0.0,1027.0,8228.0,0.0,0.0,0.0,0.0,0.0,1.0,0.0,0.0,0.0,0.0,0.0,-1.5,0.0,0.9,0.0,0.0001,16.0,25903.0
2026-07-30T18:59:45.916Z,155.399,155.412,0.0,7.4,0.0,0.0,0.0,0.0,0.0,0.0,0.0,0.0,1.0,0.0,0.0,0.0,9.0,4.0,0.0,0.0,0.0,0.0,0.0,0.0,0.0,0.0,1.0,12.0,1.0,12.17,5.0200000000000005,2.51,1.49,0.0,0.0,0.0,0.4,0.0,-0.1,0.0,1.0,-169.70000000000002,0.0,0.0,169.70000000000002,0.0,21.3,30.200000000000003,30.200000000000003,30.8,300.0,300.0,31.1,35.0,29.9,29.200000000000003,31.0,4.96,1.99,4.96,0.16,0.0,0.0,1027.0,8228.0,0.0,0.0,0.0,0.0,0.0,1.0,0.0,0.0,0.0,0.0,0.0,0.8,0.0,-0.9,0.0,0.0002,16.0,25903.0
2026-07-30T18:59:45.928Z,155.411,155.424,0.0,7.4,0.0,0.0,0.0,0.0,0.0,0.0,0.0,0.0,1.0,0.0,0.0,0.0,9.0,4.0,0.0,0.0,0.0,0.0,0.0,0.0,0.0,0.0,2.0,12.0,1.0,12.17,5.0200000000000005,2.51,1.49,0.0,0.0,0.0,0.4,0.0,-0.1,0.0,-0.7000000000000001,-169.70000000000002,0.0,0.0,169.60000000000002,0.0,21.3,30.200000000000003,30.200000000000003,30.8,300.0,300.0,31.1,35.0,29.9,29.200000000000003,31.0,4.96,1.99,4.96,0.16,0.0,0.0,1027.0,8228.0,0.0,0.0,0.0,0.0,0.0,1.0,0.0,0.0,0.0,0.0,0.0,-0.5,0.0,0.6000000000000001,0.0,0.0,16.0,25903.0
2026-07-30T18:59:45.940Z,155.423,155.436,0.0,7.4,0.0,0.0,0.0,0.0,0.0,0.0,0.0,0.0,1.0,0.0,0.0,0.0,9.0,4.0,0.0,0.0,0.0,0.0,0.0,0.0,0.0,0.0,3.0,12.0,1.0,12.17,5.0200000000000005,2.51,1.49,0.0,0.0,0.0,0.4,0.0,1.5,0.6000000000000001,1.6,-169.70000000000002,0.0,0.0,169.8,0.0,21.3,30.200000000000003,30.200000000000003,30.8,300.0,300.0,31.1,35.0,29.9,29.200000000000003,31.0,4.95,1.99,4.96,0.16,0.0,0.0,1027.0,8228.0,0.0,0.0,0.0,0.0,0.0,1.0,0.0,0.0,0.0,0.0,0.0,1.9,0.0,-1.3,0.0,0.0001,16.0,25903.0
2026-07-30T18:59:45.953Z,155.436,155.448,0.0,7.4,0.0,0.0,0.0,0.0,0.0,0.0,0.0,0.0,1.0,0.0,0.0,0.0,9.0,4.0,0.0,0.0,0.0,0.0,0.0,0.0,0.0,0.0,5.0,12.0,1.0,12.17,5.0200000000000005,2.51,1.49,0.0,0.1,0.0,0.4,0.0,0.4,-1.1,0.4,-169.70000000000002,0.0,0.0,169.8,0.0,21.4,30.200000000000003,30.200000000000003,30.8,300.0,300.0,31.200000000000003,35.0,29.9,29.200000000000003,31.0,4.96,1.99,4.96,0.16,0.0,0.0,1027.0,8228.0,0.0,0.0,0.0,0.0,0.0,1.0,0.0,0.0,0.0,0.0,0.0,-0.9,0.0,-0.6000000000000001,0.0,0.0002,16.0,25903.0
2026-07-30T18:59:45.964Z,155.447,155.46,0.0,7.4,0.0,0.0,0.0,0.0,0.0,0.0,0.0,0.0,1.0,0.0,0.0,0.0,9.0,4.0,0.0,0.0,0.0,0.0,0.0,0.0,0.0,0.0,6.0,12.0,1.0,12.17,5.0200000000000005,2.51,1.49,0.0,0.0,0.0,0.4,0.0,-0.1,0.6000000000000001,-0.6000000000000001,-169.70000000000002,0.0,0.0,169.70000000000002,0.0,21.4,30.200000000000003,30.200000000000003,30.8,300.0,300.0,31.200000000000003,35.0,29.9,29.200000000000003,31.0,4.95,2.0,4.97,0.16,0.0,0.0,1027.0,8228.0,0.0,0.0,0.0,0.0,0.0,1.0,0.0,0.0,0.0,0.0,0.0,0.2,0.0,0.7000000000000001,0.0,0.0001,16.0,25903.0
2026-07-30T18:59:45.976Z,155.459,155.472,0.0,7.4,0.0,0.0,0.0,0.0,0.0,0.0,0.0,0.0,1.0,0.0,0.0,0.0,9.0,4.0,0.0,0.0,0.0,0.0,0.0,0.0,0.0,0.0,1.0,12.0,1.0,12.17,5.0200000000000005,2.51,1.49,0.0,0.1,0.0,0.4,0.0,0.4,0.6000000000000001,1.0,-169.70000000000002,0.0,0.0,169.70000000000002,0.0,21.4,30.200000000000003,30.200000000000003,30.8,300.0,300.0,31.200000000000003,35.0,29.9,29.200000000000003,31.0,4.95,1.99,4.96,0.15,0.0,0.0,1027.0,8228.0,0.0,0.0,0.0,0.0,0.0,1.0,0.0,0.0,0.0,0.0,0.0,1.5,0.0,-0.7000000000000001,0.0,0.0001,16.0,25903.0
2026-07-30T18:59:45.988Z,155.471,155.484,0.0,7.4,0.0,0.0,0.0,0.0,0.0,0.0,0.0,0.0,1.0,0.0,0.0,0.0,9.0,4.0,0.0,0.0,0.0,0.0,0.0,0.0,0.0,0.0,2.0,12.0,1.0,12.17,5.0200000000000005,2.51,1.49,0.0,0.0,0.0,0.4,0.0,0.4,1.2000000000000002,-0.7000000000000001,-169.70000000000002,0.0,0.0,169.60000000000002,0.0,21.4,30.200000000000003,30.200000000000003,30.8,300.0,300.0,31.200000000000003,35.0,29.9,29.200000000000003,31.0,4.96,2.0,4.96,0.16,0.0,0.0,1027.0,8228.0,0.0,0.0,0.0,0.0,0.0,1.0,0.0,0.0,0.0,0.0,0.0,0.8,0.0,0.8,0.0,0.0001,16.0,25903.0
2026-07-30T18:59:46.000Z,155.483,155.496,0.0,7.4,0.0,0.0,0.0,0.0,0.0,0.0,0.0,0.0,1.0,0.0,0.0,0.0,9.0,4.0,0.0,0.0,0.0,0.0,0.0,0.0,0.0,0.0,2.0,12.0,1.0,12.17,5.0200000000000005,2.51,1.49,0.0,0.0,0.0,0.5,0.0,0.3,0.6000000000000001,0.4,-169.70000000000002,0.0,0.0,169.70000000000002,0.0,21.4,30.200000000000003,30.200000000000003,30.8,300.0,300.0,31.200000000000003,35.0,29.9,29.200000000000003,31.0,4.95,2.0,4.96,0.16,0.0,0.0,1027.0,8228.0,0.0,0.0,0.0,0.0,0.0,1.0,0.0,0.0,0.0,0.0,0.0,1.0,0.0,-0.2,0.0,0.0001,16.0,25903.0
2026-07-30T18:59:46.012Z,155.495,155.508,0.0,7.4,0.0,0.0,0.0,0.0,0.0,0.0,0.0,0.0,1.0,0.0,0.0,0.0,9.0,4.0,0.0,0.0,0.0,0.0,0.0,0.0,0.0,0.0,4.0,12.0,1.0,12.17,5.0200000000000005,2.51,1.49,0.0,0.1,0.0,0.4,0.0,0.3,-1.1,-0.1,-169.70000000000002,0.0,0.0,169.60000000000002,0.0,21.4,30.200000000000003,30.200000000000003,30.8,300.0,300.0,31.200000000000003,35.0,29.9,29.200000000000003,31.0,4.96,1.99,4.96,0.16,0.0,0.0,1027.0,8228.0,0.0,0.0,0.0,0.0,0.0,1.0,0.0,0.0,0.0,0.0,0.0,-1.3,0.0,-0.1,0.0,0.0,16.0,25903.0
2026-07-30T18:59:46.024Z,155.507,155.52,0.0,7.4,0.0,0.0,0.0,0.0,0.0,0.0,0.0,0.0,1.0,0.0,0.0,0.0,9.0,4.0,0.0,0.0,0.0,0.0,0.0,0.0,0.0,0.0,4.0,12.0,1.0,12.17,5.0200000000000005,2.51,1.49,0.0,0.0,0.0,0.4,0.0,-0.1,0.0,0.5,-169.70000000000002,0.0,0.0,169.8,0.0,21.4,30.200000000000003,30.200000000000003,30.8,300.0,300.0,31.200000000000003,35.0,29.9,29.200000000000003,31.0,4.96,1.99,4.96,0.16,0.0,0.0,1027.0,8228.0,0.0,0.0,0.0,0.0,0.0,1.0,0.0,0.0,0.0,0.0,0.0,0.4,0.0,-0.4,0.0,0.0001,16.0,25903.0
2026-07-30T18:59:46.036Z,155.519,155.532,0.0,7.4,0.0,0.0,0.0,0.0,0.0,0.0,0.0,0.0,1.0,0.0,0.0,0.0,9.0,4.0,0.0,0.0,0.0,0.0,0.0,0.0,0.0,0.0,6.0,12.0,1.0,12.17,5.0200000000000005,2.51,1.49,0.0,0.0,0.0,0.5,0.0,0.9,0.6000000000000001,1.7000000000000002,-169.70000000000002,0.0,0.0,169.70000000000002,0.0,21.4,30.200000000000003,30.200000000000003,30.8,300.0,300.0,31.200000000000003,35.0,29.9,29.200000000000003,31.0,4.96,1.99,4.96,0.16,0.0,0.0,1027.0,8228.0,0.0,0.0,0.0,0.0,0.0,1.0,0.0,0.0,0.0,0.0,0.0,1.9,0.0,-1.3,0.0,0.0002,16.0,25903.0
2026-07-30T18:59:46.048Z,155.531,155.544,0.0,7.4,0.0,0.0,0.0,0.0,0.0,0.0,0.0,0.0,1.0,0.0,0.0,0.0,9.0,4.0,0.0,0.0,0.0,0.0,0.0,0.0,0.0,0.0,1.0,12.0,1.0,12.17,5.0200000000000005,2.51,1.49,0.0,0.0,0.0,0.5,0.0,-0.2,0.0,-1.2000000000000002,-169.70000000000002,0.0,0.0,169.70000000000002,0.0,21.4,30.200000000000003,30.200000000000003,30.8,300.0,300.0,31.200000000000003,35.0,29.9,29.200000000000003,31.0,4.95,1.99,4.96,0.17,0.0,0.0,1027.0,8228.0,0.0,0.0,0.0,0.0,0.0,1.0,0.0,0.0,0.0,0.0,0.0,-0.9,0.0,1.0,0.0,0.0,16.0,25903.0
2026-07-30T18:59:46.060Z,155.543,155.556,0.0,7.4,0.0,0.0,0.0,0.0,0.0,0.0,0.0,0.0,1.0,0.0,0.0,0.0,9.0,4.0,0.0,0.0,0.0,0.0,0.0,0.0,0.0,0.0,1.0,12.0,1.0,12.17,5.01,2.5,1.49,0.0,0.0,0.0,0.4,0.0,-0.2,-0.5,0.4,-169.70000000000002,0.0,0.0,169.70000000000002,0.0,21.200000000000003,30.200000000000003,30.200000000000003,30.8,300.0,300.0,31.1,35.0,29.9,29.200000000000003,31.0,4.95,1.99,4.96,0.17,0.0,0.0,1027.0,8228.0,0.0,0.0,0.0,0.0,0.0,1.0,0.0,0.0,0.0,0.0,0.0,-0.3,0.0,-0.5,0.0,0.0,16.0,25903.0
2026-07-30T18:59:46.072Z,155.555,155.568,0.0,7.4,0.0,0.0,0.0,0.0,0.0,0.0,0.0,0.0,1.0,0.0,0.0,0.0,9.0,4.0,0.0,0.0,0.0,0.0,0.0,0.0,0.0,0.0,3.0,12.0,1.0,12.17,5.01,2.5,1.49,0.0,0.0,0.0,0.4,0.0,0.3,0.6000000000000001,1.0,-169.70000000000002,0.0,0.0,169.8,0.0,21.200000000000003,30.200000000000003,30.200000000000003,30.8,300.0,300.0,31.1,35.0,29.9,29.200000000000003,31.0,4.95,1.99,4.96,0.16,0.0,0.0,1027.0,8228.0,0.0,0.0,0.0,0.0,0.0,1.0,0.0,0.0,0.0,0.0,0.0,1.4,0.0,-0.8,0.0,0.0001,16.0,25903.0
2026-07-30T18:59:46.084Z,155.567,155.58,0.0,7.4,0.0,0.0,0.0,0.0,0.0,0.0,0.0,0.0,1.0,0.0,0.0,0.0,9.0,4.0,0.0,0.0,0.0,0.0,0.0,0.0,0.0,0.0,4.0,12.0,1.0,12.17,5.01,2.5,1.49,0.0,0.0,0.0,0.5,0.0,0.3,0.0,0.5,-169.70000000000002,0.0,0.0,169.70000000000002,0.0,21.200000000000003,30.200000000000003,30.200000000000003,30.8,300.0,300.0,31.1,35.0,29.9,29.200000000000003,31.0,4.95,1.99,4.96,0.16,0.0,0.0,1027.0,8228.0,0.0,0.0,0.0,0.0,0.0,1.0,0.0,0.0,0.0,0.0,0.0,1.4,0.0,-0.8,0.0,0.0001,16.0,25903.0
2026-07-30T18:59:46.096Z,155.579,155.592,0.0,7.4,0.0,0.0,0.0,0.0,0.0,0.0,0.0,0.0,1.0,0.0,0.0,0.0,9.0,4.0,0.0,0.0,0.0,0.0,0.0,0.0,0.0,0.0,5.0,12.0,1.0,12.17,5.01,2.5,1.49,0.0,0.0,0.0,0.5,0.0,-0.2,0.5,0.4,-169.70000000000002,0.0,0.0,169.70000000000002,0.0,21.200000000000003,30.200000000000003,30.200000000000003,30.8,300.0,300.0,31.1,35.0,29.9,29.200000000000003,31.0,4.96,1.99,4.97,0.16,0.0,0.0,1027.0,8228.0,0.0,0.0,0.0,0.0,0.0,1.0,0.0,0.0,0.0,0.0,0.0,1.0,0.0,-0.2,0.0,0.0,16.0,25903.0
2026-07-30T18:59:46.108Z,155.591,155.604,0.0,7.4,0.0,0.0,0.0,0.0,0.0,0.0,0.0,0.0,1.0,0.0,0.0,0.0,9.0,4.0,0.0,0.0,0.0,0.0,0.0,0.0,0.0,0.0,6.0,12.0,1.0,12.17,5.01,2.5,1.49,0.0,0.0,0.0,0.4,0.0,-0.2,-0.5,0.4,-169.70000000000002,0.0,0.0,169.8,0.0,21.200000000000003,30.200000000000003,30.200000000000003,30.8,300.0,300.0,31.1,35.0,29.9,29.200000000000003,31.0,4.96,1.99,4.96,0.16,0.0,0.0,1027.0,8228.0,0.0,0.0,0.0,0.0,0.0,1.0,0.0,0.0,0.0,0.0,0.0,0.5,0.0,-1.5,0.0,0.0001,16.0,25903.0
2026-07-30T18:59:46.120Z,155.603,155.616,0.0,7.4,0.0,0.0,0.0,0.0,0.0,0.0,0.0,0.0,1.0,0.0,0.0,0.0,9.0,4.0,0.0,0.0,0.0,0.0,0.0,0.0,0.0,0.0,1.0,12.0,1.0,12.17,5.01,2.5,1.49,0.0,0.0,0.0,0.4,0.0,-0.2,0.5,-0.1,-169.70000000000002,0.0,0.0,169.60000000000002,0.0,21.200000000000003,30.200000000000003,30.200000000000003,30.8,300.0,300.0,31.1,35.0,29.9,29.200000000000003,31.0,4.96,1.99,4.97,0.16,0.0,0.0,1027.0,8228.0,0.0,0.0,0.0,0.0,0.0,1.0,0.0,0.0,0.0,0.0,0.0,0.5,0.0,0.2,0.0,0.0001,16.0,25903.0
2026-07-30T18:59:46.142Z,155.625,155.628,0.0,7.4,0.0,0.0,0.0,0.0,0.0,0.0,0.0,0.0,1.0,0.0,0.0,0.0,9.0,4.0,0.0,0.0,0.0,0.0,0.0,0.0,0.0,0.0,1.0,12.0,1.0,12.17,5.01,2.5,1.49,0.0,0.0,0.0,0.4,0.0,-0.2,0.5,-0.7000000000000001,-169.70000000000002,0.0,0.0,169.60000000000002,0.0,21.200000000000003,30.200000000000003,30.200000000000003,30.8,300.0,300.0,31.1,35.0,29.9,29.200000000000003,31.0,4.95,2.0,4.97,0.16,0.0,0.0,1027.0,8228.0,0.0,0.0,0.0,0.0,0.0,1.0,0.0,0.0,0.0,0.0,0.0,0.0,0.0,0.7000000000000001,0.0,0.0001,16.0,25903.0
2026-07-30T18:59:46.145Z,155.628,155.64,0.0,7.4,0.0,0.0,0.0,0.0,0.0,0.0,0.0,0.0,1.0,0.0,0.0,0.0,9.0,4.0,0.0,0.0,0.0,0.0,0.0,0.0,0.0,0.0,4.0,12.0,1.0,12.17,5.01,2.5,1.49,0.0,0.0,0.0,0.4,0.0,-0.2,-1.2000000000000002,-0.1,-169.70000000000002,0.0,0.0,169.60000000000002,0.0,21.200000000000003,30.200000000000003,30.200000000000003,30.8,300.0,300.0,31.1,35.0,29.9,29.200000000000003,31.0,4.96,2.0,4.96,0.16,0.0,0.0,1027.0,8228.0,0.0,0.0,0.0,0.0,0.0,1.0,0.0,0.0,0.0,0.0,0.0,-1.4,0.0,-0.1,0.0,0.0001,16.0,25903.0
2026-07-30T18:59:46.157Z,155.64,155.65200000000002,0.0,7.4,0.0,0.0,0.0,0.0,0.0,0.0,0.0,0.0,1.0,0.0,0.0,0.0,9.0,4.0,0.0,0.0,0.0,0.0,0.0,0.0,0.0,0.0,3.0,12.0,1.0,12.15,5.0200000000000005,2.5,1.49,0.0,0.0,0.0,0.4,0.0,-0.8,-0.6000000000000001,-0.1,-169.60000000000002,0.0,0.0,169.70000000000002,0.0,21.0,30.200000000000003,30.200000000000003,30.8,300.0,300.0,31.0,35.0,29.9,29.200000000000003,31.0,4.95,1.99,4.96,0.16,0.0,0.0,1027.0,8228.0,0.0,0.0,0.0,0.0,0.0,1.0,0.0,0.0,0.0,0.0,0.0,-0.8,0.0,0.0,0.0,0.0,16.0,25903.0
2026-07-30T18:59:46.168Z,155.651,155.66400000000002,0.0,7.4,0.0,0.0,0.0,0.0,0.0,0.0,0.0,0.0,1.0,0.0,0.0,0.0,9.0,4.0,0.0,0.0,0.0,0.0,0.0,0.0,0.0,0.0,4.0,12.0,1.0,12.15,5.0200000000000005,2.5,1.49,0.0,0.0,0.0,0.4,0.0,-0.2,-1.2000000000000002,-0.7000000000000001,-169.60000000000002,0.0,0.0,169.70000000000002,0.0,21.0,30.200000000000003,30.200000000000003,30.8,300.0,300.0,31.0,35.0,29.9,29.200000000000003,31.0,4.95,1.99,4.97,0.16,0.0,0.0,1027.0,8228.0,0.0,0.0,0.0,0.0,0.0,1.0,0.0,0.0,0.0,0.0,0.0,-1.9,0.0,0.4,0.0,0.0,16.0,25903.0
2026-07-30T18:59:46.180Z,155.663,155.67600000000002,0.0,7.4,0.0,0.0,0.0,0.0,0.0,0.0,0.0,0.0,1.0,0.0,0.0,0.0,9.0,4.0,0.0,0.0,0.0,0.0,0.0,0.0,0.0,0.0,6.0,12.0,1.0,12.15,5.0200000000000005,2.5,1.49,0.0,0.0,0.0,0.4,0.0,-0.2,0.0,-0.1,-169.60000000000002,0.0,0.0,169.60000000000002,0.0,21.0,30.200000000000003,30.200000000000003,30.8,300.0,300.0,31.0,35.0,29.9,29.200000000000003,31.0,4.95,1.99,4.97,0.16,0.0,0.0,1027.0,8228.0,0.0,0.0,0.0,0.0,0.0,1.0,0.0,0.0,0.0,0.0,0.0,-0.2,0.0,0.1,0.0,0.0,16.0,25903.0
2026-07-30T18:59:46.191Z,155.674,155.68800000000002,0.0,7.4,0.0,0.0,0.0,0.0,0.0,0.0,0.0,0.0,1.0,0.0,0.0,0.0,9.0,4.0,0.0,0.0,0.0,0.0,0.0,0.0,0.0,0.0,1.0,12.0,1.0,12.15,5.0200000000000005,2.5,1.49,0.0,0.0,0.0,0.4,0.0,-0.2,-1.2000000000000002,-0.7000000000000001,-169.60000000000002,0.0,0.0,169.70000000000002,0.0,21.0,30.200000000000003,30.200000000000003,30.8,300.0,300.0,31.0,35.0,29.9,29.200000000000003,31.0,4.96,1.99,4.96,0.16,0.0,0.0,1027.0,8228.0,0.0,0.0,0.0,0.0,0.0,1.0,0.0,0.0,0.0,0.0,0.0,-1.9,0.0,0.4,0.0,0.0,16.0,25903.0
2026-07-30T18:59:46.203Z,155.686,155.70000000000002,0.0,7.4,0.0,0.0,0.0,0.0,0.0,0.0,0.0,0.0,1.0,0.0,0.0,0.0,9.0,4.0,0.0,0.0,0.0,0.0,0.0,0.0,0.0,0.0,2.0,12.0,1.0,12.15,5.0200000000000005,2.5,1.49,0.0,0.0,0.0,0.4,0.0,-0.2,-0.6000000000000001,-0.7000000000000001,-169.60000000000002,0.0,0.0,169.70000000000002,0.0,21.0,30.200000000000003,30.200000000000003,30.8,300.0,300.0,31.0,35.0,29.9,29.200000000000003,31.0,4.95,1.99,4.97,0.16,0.0,0.0,1027.0,8228.0,0.0,0.0,0.0,0.0,0.0,1.0,0.0,0.0,0.0,0.0,0.0,-1.3,0.0,0.5,0.0,0.0,16.0,25903.0
2026-07-30T18:59:46.216Z,155.699,155.712,0.0,7.4,0.0,0.0,0.0,0.0,0.0,0.0,0.0,0.0,1.0,0.0,0.0,0.0,9.0,4.0,0.0,0.0,0.0,0.0,0.0,0.0,0.0,0.0,3.0,12.0,1.0,12.15,5.0200000000000005,2.5,1.49,0.0,0.0,0.0,0.4,0.0,-0.9,-1.2000000000000002,-2.5,-169.60000000000002,0.0,0.0,169.70000000000002,0.0,21.0,30.200000000000003,30.200000000000003,30.8,300.0,300.0,31.0,35.0,29.9,29.200000000000003,31.0,4.95,1.99,4.97,0.16,0.0,0.0,1027.0,8228.0,0.0,0.0,0.0,0.0,0.0,1.0,0.0,0.0,0.0,0.0,0.0,-3.2,0.0,1.9,0.0,0.0,16.0,25903.0
2026-07-30T18:59:46.228Z,155.711,155.724,0.0,7.4,0.0,0.0,0.0,0.0,0.0,0.0,0.0,0.0,1.0,0.0,0.0,0.0,9.0,4.0,0.0,0.0,0.0,0.0,0.0,0.0,0.0,0.0,4.0,12.0,1.0,12.15,5.0200000000000005,2.5,1.49,0.0,0.0,0.0,0.4,0.0,-0.9,-0.6000000000000001,0.3,-169.60000000000002,0.0,0.0,169.60000000000002,0.0,21.0,30.200000000000003,30.200000000000003,30.8,300.0,300.0,31.0,35.0,29.9,29.200000000000003,31.0,4.96,1.99,4.97,0.16,0.0,0.0,1027.0,8228.0,0.0,0.0,0.0,0.0,0.0,1.0,0.0,0.0,0.0,0.0,0.0,-0.4,0.0,-0.4,0.0,0.0,16.0,25903.0
2026-07-30T18:59:46.240Z,155.723,155.736,0.0,7.4,0.0,0.0,0.0,0.0,0.0,0.0,0.0,0.0,1.0,0.0,0.0,0.0,9.0,4.0,0.0,0.0,0.0,0.0,0.0,0.0,0.0,0.0,5.0,12.0,1.0,12.15,5.0200000000000005,2.5,1.49,0.0,0.0,0.0,0.4,0.0,-0.3,1.1,1.5,-169.60000000000002,0.0,0.0,169.60000000000002,0.0,21.0,30.200000000000003,30.200000000000003,30.8,300.0,300.0,31.0,35.0,29.9,29.200000000000003,31.0,4.95,1.99,4.96,0.16,0.0,0.0,1027.0,8228.0,0.0,0.0,0.0,0.0,0.0,1.0,0.0,0.0,0.0,0.0,0.0,2.4000000000000004,0.0,-1.1,0.0,0.0002,16.0,25903.0
2026-07-30T18:59:46.252Z,155.735,155.748,0.0,7.4,0.0,0.0,0.0,0.0,0.0,0.0,0.0,0.0,1.0,0.0,0.0,0.0,9.0,4.0,0.0,0.0,0.0,0.0,0.0,0.0,0.0,0.0,6.0,12.0,1.0,12.15,5.0200000000000005,2.5,1.49,0.0,0.1,0.0,0.5,0.0,0.2,-0.6000000000000001,-0.8,-169.60000000000002,0.0,0.0,169.60000000000002,0.0,21.0,30.200000000000003,30.200000000000003,30.8,300.0,300.0,31.0,35.0,29.9,29.200000000000003,31.0,4.96,1.99,4.97,0.16,0.0,0.0,1027.0,8228.0,0.0,0.0,0.0,0.0,0.0,1.0,0.0,0.0,0.0,0.0,0.0,-1.3,0.0,0.6000000000000001,0.0,0.0001,16.0,25903.0
2026-07-30T18:59:46.264Z,155.747,155.76,0.0,7.4,0.0,0.0,0.0,0.0,0.0,0.0,0.0,0.0,1.0,0.0,0.0,0.0,9.0,4.0,0.0,0.0,0.0,0.0,0.0,0.0,0.0,0.0,1.0,12.0,1.0,12.17,5.0200000000000005,2.51,1.49,0.0,0.1,0.0,0.4,0.0,0.2,1.1,1.5,-169.60000000000002,0.0,0.0,169.60000000000002,0.0,21.200000000000003,30.200000000000003,30.200000000000003,30.8,300.0,300.0,31.0,35.0,29.9,29.200000000000003,31.0,4.96,1.99,4.96,0.16,0.0,0.0,1027.0,8228.0,0.0,0.0,0.0,0.0,0.0,1.0,0.0,0.0,0.0,0.0,0.0,2.4000000000000004,0.0,-1.1,0.0,0.0,16.0,25903.0
2026-07-30T18:59:46.276Z,155.759,155.772,0.0,7.4,0.0,0.0,0.0,0.0,0.0,0.0,0.0,0.0,1.0,0.0,0.0,0.0,9.0,4.0,0.0,0.0,0.0,0.0,0.0,0.0,0.0,0.0,2.0,12.0,1.0,12.17,5.0200000000000005,2.51,1.49,0.0,0.0,0.0,0.5,0.0,0.2,0.0,-0.1,-169.60000000000002,0.0,0.0,169.70000000000002,0.0,21.200000000000003,30.200000000000003,30.200000000000003,30.8,300.0,300.0,31.0,35.0,29.9,29.200000000000003,31.0,4.96,1.99,4.96,0.16,0.0,0.0,1027.0,8228.0,0.0,0.0,0.0,0.0,0.0,1.0,0.0,0.0,0.0,0.0,0.0,-0.2,0.0,0.1,0.0,0.0,16.0,25903.0
2026-07-30T18:59:46.288Z,155.771,155.784,0.0,7.4,0.0,0.0,0.0,0.0,0.0,0.0,0.0,0.0,1.0,0.0,0.0,0.0,9.0,4.0,0.0,0.0,0.0,0.0,0.0,0.0,0.0,0.0,4.0,12.0,1.0,12.17,5.0200000000000005,2.51,1.49,0.0,0.1,0.0,0.5,0.0,0.2,0.5,1.0,-169.60000000000002,0.0,0.0,169.60000000000002,0.0,21.200000000000003,30.200000000000003,30.200000000000003,30.8,300.0,300.0,31.0,35.0,29.9,29.200000000000003,31.0,4.95,1.99,4.97,0.16,0.0,0.0,1027.0,8228.0,0.0,0.0,0.0,0.0,0.0,1.0,0.0,0.0,0.0,0.0,0.0,1.4,0.0,-0.7000000000000001,0.0,0.0,16.0,25903.0
2026-07-30T18:59:46.300Z,155.783,155.796,0.0,7.4,0.0,0.0,0.0,0.0,0.0,0.0,0.0,0.0,1.0,0.0,0.0,0.0,9.0,4.0,0.0,0.0,0.0,0.0,0.0,0.0,0.0,0.0,5.0,12.0,1.0,12.17,5.0200000000000005,2.51,1.49,0.0,0.0,0.0,0.4,0.0,-0.3,-0.5,-0.7000000000000001,-169.60000000000002,0.0,0.0,169.60000000000002,0.0,21.200000000000003,30.200000000000003,30.200000000000003,30.8,300.0,300.0,31.0,35.0,29.9,29.200000000000003,31.0,4.96,1.99,4.96,0.16,0.0,0.0,1027.0,8228.0,0.0,0.0,0.0,0.0,0.0,1.0,0.0,0.0,0.0,0.0,0.0,-1.1,0.0,0.5,0.0,0.0,16.0,25903.0
2026-07-30T18:59:46.312Z,155.795,155.808,0.0,7.4,0.0,0.0,0.0,0.0,0.0,0.0,0.0,0.0,1.0,0.0,0.0,0.0,9.0,4.0,0.0,0.0,0.0,0.0,0.0,0.0,0.0,0.0,6.0,12.0,1.0,12.17,5.0200000000000005,2.51,1.49,0.0,0.0,0.0,0.4,0.0,-0.2,0.0,-0.1,-169.60000000000002,0.0,0.0,169.60000000000002,0.0,21.200000000000003,30.200000000000003,30.200000000000003,30.8,300.0,300.0,31.0,35.0,29.9,29.200000000000003,31.0,4.96,2.0,4.97,0.16,0.0,0.0,1027.0,8228.0,0.0,0.0,0.0,0.0,0.0,1.0,0.0,0.0,0.0,0.0,0.0,-0.1,0.0,0.1,0.0,0.0,16.0,25903.0
2026-07-30T18:59:46.324Z,155.807,155.82,0.0,7.4,0.0,0.0,0.0,0.0,0.0,0.0,0.0,0.0,1.0,0.0,0.0,0.0,9.0,4.0,0.0,0.0,0.0,0.0,0.0,0.0,0.0,0.0,1.0,12.0,1.0,12.17,5.0200000000000005,2.51,1.49,0.0,0.0,0.0,0.4,0.0,0.2,1.1,0.4,-169.60000000000002,0.0,0.0,169.60000000000002,0.0,21.200000000000003,30.200000000000003,30.200000000000003,30.8,300.0,300.0,31.0,35.0,29.9,29.200000000000003,31.0,4.95,1.99,4.97,0.16,0.0,0.0,1027.0,8228.0,0.0,0.0,0.0,0.0,0.0,1.0,0.0,0.0,0.0,0.0,0.0,1.6,0.0,-0.1,0.0,0.0,16.0,25903.0
2026-07-30T18:59:46.336Z,155.819,155.832,0.0,7.4,0.0,0.0,0.0,0.0,0.0,0.0,0.0,0.0,1.0,0.0,0.0,0.0,9.0,4.0,0.0,0.0,0.0,0.0,0.0,0.0,0.0,0.0,2.0,12.0,1.0,12.17,5.0200000000000005,2.51,1.49,0.0,0.0,0.0,0.4,0.0,-0.8,0.0,0.4,-169.60000000000002,0.0,0.0,169.70000000000002,0.0,21.200000000000003,30.200000000000003,30.200000000000003,30.8,300.0,300.0,31.0,35.0,29.9,29.200000000000003,31.0,4.96,1.99,4.97,0.16,0.0,0.0,1027.0,8228.0,0.0,0.0,0.0,0.0,0.0,1.0,0.0,0.0,0.0,0.0,0.0,0.3,0.0,-0.4,0.0,0.0,16.0,25903.0
2026-07-30T18:59:46.348Z,155.831,155.844,0.0,7.4,0.0,0.0,0.0,0.0,0.0,0.0,0.0,0.0,1.0,0.0,0.0,0.0,9.0,4.0,0.0,0.0,0.0,0.0,0.0,0.0,0.0,0.0,3.0,12.0,1.0,12.17,5.0200000000000005,2.51,1.49,0.0,0.0,0.0,0.4,0.0,-0.2,0.6000000000000001,0.5,-169.60000000000002,0.0,0.0,169.60000000000002,0.0,21.200000000000003,30.200000000000003,30.200000000000003,30.8,300.0,300.0,31.0,35.0,29.9,29.200000000000003,31.0,4.96,1.99,4.96,0.16,0.0,0.0,1027.0,8228.0,0.0,0.0,0.0,0.0,0.0,1.0,0.0,0.0,0.0,0.0,0.0,1.1,0.0,-0.3,0.0,0.0001,16.0,25903.0
2026-07-30T18:59:46.360Z,155.843,155.856,0.0,7.4,0.0,0.0,0.0,0.0,0.0,0.0,0.0,0.0,1.0,0.0,0.0,0.0,9.0,4.0,0.0,0.0,0.0,0.0,0.0,0.0,0.0,0.0,4.0,12.0,1.0,12.17,5.01,2.51,1.49,0.0,0.0,0.0,0.5,0.0,-0.2,0.0,-0.6000000000000001,-169.60000000000002,0.0,0.0,169.60000000000002,0.0,21.8,30.200000000000003,30.200000000000003,30.8,300.0,300.0,31.0,35.0,29.9,29.200000000000003,31.0,4.96,2.0,4.97,0.16,0.0,0.0,1027.0,8228.0,0.0,0.0,0.0,0.0,0.0,1.0,0.0,0.0,0.0,0.0,0.0,-0.4,0.0,0.5,0.0,0.0,16.0,25903.0
2026-07-30T18:59:46.372Z,155.855,155.868,0.0,7.4,0.0,0.0,0.0,0.0,0.0,0.0,0.0,0.0,1.0,0.0,0.0,0.0,9.0,4.0,0.0,0.0,0.0,0.0,0.0,0.0,0.0,0.0,5.0,12.0,1.0,12.17,5.01,2.51,1.49,0.0,0.0,0.0,0.4,0.0,1.5,1.8,0.5,-169.60000000000002,0.0,0.0,169.70000000000002,0.0,21.8,30.200000000000003,30.200000000000003,30.8,300.0,300.0,31.0,35.0,29.9,29.200000000000003,31.0,4.95,1.99,4.97,0.16,0.0,0.0,1027.0,8228.0,0.0,0.0,0.0,0.0,0.0,1.0,0.0,0.0,0.0,0.0,0.0,2.4000000000000004,0.0,0.0,0.0,0.0,16.0,25903.0
2026-07-30T18:59:46.384Z,155.867,155.88,0.0,7.4,0.0,0.0,0.0,0.0,0.0,0.0,0.0,0.0,1.0,0.0,0.0,0.0,9.0,4.0,0.0,0.0,0.0,0.0,0.0,0.0,0.0,0.0,6.0,12.0,1.0,12.17,5.01,2.51,1.49,0.0,0.0,0.0,0.4,0.0,-0.8,-0.5,0.0,-169.60000000000002,0.0,0.0,169.70000000000002,0.0,21.8,30.200000000000003,30.200000000000003,30.8,300.0,300.0,31.0,35.0,29.9,29.200000000000003,31.0,4.96,1.99,4.97,0.16,0.0,0.0,1027.0,8228.0,0.0,0.0,0.0,0.0,0.0,1.0,0.0,0.0,0.0,0.0,0.0,-0.6000000000000001,0.0,0.0,0.0,0.0001,16.0,25903.0
2026-07-30T18:59:46.395Z,155.878,155.892,0.0,7.4,0.0,0.0,0.0,0.0,0.0,0.0,0.0,0.0,1.0,0.0,0.0,0.0,9.0,4.0,0.0,0.0,0.0,0.0,0.0,0.0,0.0,0.0,1.0,12.0,1.0,12.17,5.01,2.51,1.49,0.0,0.1,0.0,0.4,0.0,-0.2,0.0,0.0,-169.60000000000002,0.0,0.0,169.70000000000002,0.0,21.8,30.200000000000003,30.200000000000003,30.8,300.0,300.0,31.0,35.0,29.9,29.200000000000003,31.0,4.95,1.99,4.96,0.16,0.0,0.0,1027.0,8228.0,0.0,0.0,0.0,0.0,0.0,1.0,0.0,0.0,0.0,0.0,0.0,0.0,0.0,0.0,0.0,0.0002,16.0,25903.0
2026-07-30T18:59:46.408Z,155.891,155.904,0.0,7.4,0.0,0.0,0.0,0.0,0.0,0.0,0.0,0.0,1.0,0.0,0.0,0.0,9.0,4.0,0.0,0.0,0.0,0.0,0.0,0.0,0.0,0.0,2.0,12.0,1.0,12.17,5.01,2.51,1.49,0.0,0.0,0.0,0.4,0.0,0.9,1.2000000000000002,1.6,-169.60000000000002,0.0,0.0,169.70000000000002,0.0,21.8,30.200000000000003,30.200000000000003,30.8,300.0,300.0,31.0,35.0,29.9,29.200000000000003,31.0,4.95,1.99,4.97,0.16,0.0,0.0,1027.0,8228.0,0.0,0.0,0.0,0.0,0.0,1.0,0.0,0.0,0.0,0.0,0.0,2.6,0.0,-1.2000000000000002,0.0,0.0,16.0,25903.0
2026-07-30T18:59:46.420Z,155.903,155.916,0.0,7.4,0.0,0.0,0.0,0.0,0.0,0.0,0.0,0.0,1.0,0.0,0.0,0.0,9.0,4.0,0.0,0.0,0.0,0.0,0.0,0.0,0.0,0.0,3.0,12.0,1.0,12.17,5.01,2.51,1.49,0.0,0.0,0.0,0.4,0.0,0.3,0.0,-0.7000000000000001,-169.60000000000002,0.0,0.0,169.60000000000002,0.0,21.8,30.200000000000003,30.200000000000003,30.8,300.0,300.0,31.0,35.0,29.9,29.200000000000003,31.0,4.96,1.99,4.97,0.16,0.0,0.0,1027.0,8228.0,0.0,0.0,0.0,0.0,0.0,1.0,0.0,0.0,0.0,0.0,0.0,-0.5,0.0,0.6000000000000001,0.0,0.0,16.0,25903.0
2026-07-30T18:59:46.431Z,155.914,155.928,0.0,7.4,0.0,0.0,0.0,0.0,0.0,0.0,0.0,0.0,1.0,0.0,0.0,0.0,9.0,4.0,0.0,0.0,0.0,0.0,0.0,0.0,0.0,0.0,4.0,12.0,1.0,12.17,5.01,2.51,1.49,0.0,0.0,0.0,0.5,0.0,0.3,0.0,-0.1,-169.60000000000002,0.0,0.0,169.70000000000002,0.0,21.8,30.200000000000003,30.200000000000003,30.8,300.0,300.0,31.0,35.0,29.9,29.200000000000003,31.0,4.96,1.99,4.96,0.16,0.0,0.0,1027.0,8228.0,0.0,0.0,0.0,0.0,0.0,1.0,0.0,0.0,0.0,0.0,0.0,-0.1,0.0,0.1,0.0,0.0001,16.0,25903.0
2026-07-30T18:59:46.449Z,155.932,155.94,0.0,7.4,0.0,0.0,0.0,0.0,0.0,0.0,0.0,0.0,1.0,0.0,0.0,0.0,9.0,4.0,0.0,0.0,0.0,0.0,0.0,0.0,0.0,0.0,4.0,12.0,1.0,12.17,5.01,2.51,1.49,0.0,0.1,0.0,0.4,0.0,0.3,-0.5,0.4,-169.60000000000002,0.0,0.0,169.60000000000002,0.0,21.8,30.200000000000003,30.200000000000003,30.8,300.0,300.0,31.0,35.0,29.9,29.200000000000003,31.0,4.95,1.99,4.97,0.16,0.0,0.0,1027.0,8228.0,0.0,0.0,0.0,0.0,0.0,1.0,0.0,0.0,0.0,0.0,0.0,-0.3,0.0,-0.4,0.0,0.0,16.0,25903.0
2026-07-30T18:59:46.456Z,155.939,155.952,0.0,7.4,0.0,0.0,0.0,0.0,0.0,0.0,0.0,0.0,1.0,0.0,0.0,0.0,9.0,4.0,0.0,0.0,0.0,0.0,0.0,0.0,0.0,0.0,2.0,12.0,1.0,12.17,5.01,2.51,1.49,0.0,0.1,0.0,0.4,0.0,-0.2,0.0,-0.7000000000000001,-169.60000000000002,0.0,0.0,169.60000000000002,0.0,21.8,30.200000000000003,30.200000000000003,30.8,300.0,300.0,31.0,35.0,29.9,29.200000000000003,31.0,4.95,1.99,4.96,0.16,0.0,0.0,1027.0,8228.0,0.0,0.0,0.0,0.0,0.0,1.0,0.0,0.0,0.0,0.0,0.0,-0.4,0.0,0.6000000000000001,0.0,0.0,16.0,25903.0
2026-07-30T18:59:46.467Z,155.95,155.964,0.0,7.4,0.0,0.0,0.0,0.0,0.0,0.0,0.0,0.0,1.0,0.0,0.0,0.0,9.0,4.0,0.0,0.0,0.0,0.0,0.0,0.0,0.0,0.0,4.0,12.0,1.0,12.18,5.01,2.5,1.49,0.0,0.0,0.0,0.4,0.0,0.3,-1.1,-1.9,-169.60000000000002,0.0,0.0,169.70000000000002,0.0,21.4,30.200000000000003,30.200000000000003,30.8,300.0,300.0,31.1,35.0,29.9,29.200000000000003,31.0,4.96,2.0,4.96,0.16,0.0,0.0,1027.0,8228.0,0.0,0.0,0.0,0.0,0.0,1.0,0.0,0.0,0.0,0.0,0.0,-2.7,0.0,1.4,0.0,0.0,16.0,25903.0
2026-07-30T18:59:46.479Z,155.962,155.976,0.0,7.4,0.0,0.0,0.0,0.0,0.0,0.0,0.0,0.0,1.0,0.0,0.0,0.0,9.0,4.0,0.0,0.0,0.0,0.0,0.0,0.0,0.0,0.0,5.0,12.0,1.0,12.18,5.01,2.5,1.49,0.0,0.0,0.0,0.4,0.0,0.3,0.0,-1.4,-169.60000000000002,0.0,0.0,169.60000000000002,0.0,21.4,30.200000000000003,30.200000000000003,30.8,300.0,300.0,31.1,35.0,29.9,29.200000000000003,31.0,4.95,2.0,4.96,0.16,0.0,0.0,1027.0,8228.0,0.0,0.0,0.0,0.0,0.0,1.0,0.0,0.0,0.0,0.0,0.0,-1.0,0.0,1.2000000000000002,0.0,0.0001,16.0,25903.0
2026-07-30T18:59:46.492Z,155.975,155.988,0.0,7.4,0.0,0.0,0.0,0.0,0.0,0.0,0.0,0.0,1.0,0.0,0.0,0.0,9.0,4.0,0.0,0.0,0.0,0.0,0.0,0.0,0.0,0.0,6.0,12.0,1.0,12.18,5.01,2.5,1.49,0.0,0.0,0.0,0.4,0.0,-0.2,0.0,0.3,-169.60000000000002,0.0,0.0,169.8,0.0,21.4,30.200000000000003,30.200000000000003,30.8,300.0,300.0,31.1,35.0,29.9,29.200000000000003,31.0,4.95,1.99,4.97,0.16,0.0,0.0,1027.0,8228.0,0.0,0.0,0.0,0.0,0.0,1.0,0.0,0.0,0.0,0.0,0.0,0.2,0.0,-0.2,0.0,0.0,16.0,25903.0
2026-07-30T18:59:46.504Z,155.987,156.0,0.0,7.4,0.0,0.0,0.0,0.0,0.0,0.0,0.0,0.0,1.0,0.0,0.0,0.0,9.0,4.0,0.0,0.0,0.0,0.0,0.0,0.0,0.0,0.0,1.0,12.0,1.0,12.18,5.01,2.5,1.49,0.0,0.0,0.0,0.4,0.0,0.8,1.8,0.9,-169.60000000000002,0.0,0.0,169.8,0.0,21.4,30.200000000000003,30.200000000000003,30.8,300.0,300.0,31.1,35.0,29.9,29.200000000000003,31.0,4.95,2.0,4.96,0.16,0.0,0.0,1027.0,8228.0,0.0,0.0,0.0,0.0,0.0,1.0,0.0,0.0,0.0,0.0,0.0,2.7,0.0,-0.4,0.0,0.0002,16.0,25903.0
2026-07-30T18:59:46.515Z,155.998,156.012,0.0,7.4,0.0,0.0,0.0,0.0,0.0,0.0,0.0,0.0,1.0,0.0,0.0,0.0,9.0,4.0,0.0,0.0,0.0,0.0,0.0,0.0,0.0,0.0,2.0,12.0,1.0,12.18,5.01,2.5,1.49,0.0,0.0,0.0,0.5,0.0,-0.8,-0.5,-0.8,-169.60000000000002,0.0,0.0,169.60000000000002,0.0,21.4,30.200000000000003,30.200000000000003,30.8,300.0,300.0,31.1,35.0,29.9,29.200000000000003,31.0,4.95,1.99,4.96,0.16,0.0,0.0,1027.0,8228.0,0.0,0.0,0.0,0.0,0.0,1.0,0.0,0.0,0.0,0.0,0.0,-1.1,0.0,0.6000000000000001,0.0,0.0001,16.0,25903.0
2026-07-30T18:59:46.527Z,156.01,156.024,0.0,7.4,0.0,0.0,0.0,0.0,0.0,0.0,0.0,0.0,1.0,0.0,0.0,0.0,9.0,4.0,0.0,0.0,0.0,0.0,0.0,0.0,0.0,0.0,3.0,12.0,1.0,12.18,5.01,2.5,1.49,0.0,0.0,0.0,0.4,0.0,-0.3,-0.5,-0.2,-169.60000000000002,0.0,0.0,169.70000000000002,0.0,21.4,30.200000000000003,30.200000000000003,30.8,300.0,300.0,31.1,35.0,29.9,29.200000000000003,31.0,4.96,1.99,4.96,0.16,0.0,0.0,1027.0,8228.0,0.0,0.0,0.0,0.0,0.0,1.0,0.0,0.0,0.0,0.0,0.0,-0.8,0.0,0.1,0.0,0.0002,16.0,25903.0
2026-07-30T18:59:46.540Z,156.023,156.036,0.0,7.4,0.0,0.0,0.0,0.0,0.0,0.0,0.0,0.0,1.0,0.0,0.0,0.0,9.0,4.0,0.0,0.0,0.0,0.0,0.0,0.0,0.0,0.0,4.0,12.0,1.0,12.18,5.01,2.5,1.49,0.0,0.0,0.0,0.4,0.0,0.2,0.0,-0.2,-169.60000000000002,0.0,0.0,169.60000000000002,0.0,21.4,30.200000000000003,30.200000000000003,30.8,300.0,300.0,31.1,35.0,29.9,29.200000000000003,31.0,4.96,1.99,4.96,0.16,0.0,0.0,1027.0,8228.0,0.0,0.0,0.0,0.0,0.0,1.0,0.0,0.0,0.0,0.0,0.0,-0.1,0.0,0.2,0.0,0.0,16.0,25903.0
2026-07-30T18:59:46.552Z,156.035,156.048,0.0,7.4,0.0,0.0,0.0,0.0,0.0,0.0,0.0,0.0,1.0,0.0,0.0,0.0,9.0,4.0,0.0,0.0,0.0,0.0,0.0,0.0,0.0,0.0,5.0,12.0,1.0,12.18,5.01,2.5,1.49,0.0,0.0,0.0,0.4,0.0,0.8,1.1,0.3,-169.60000000000002,0.0,0.0,169.8,0.0,21.4,30.200000000000003,30.200000000000003,30.8,300.0,300.0,31.1,35.0,29.9,29.200000000000003,31.0,4.96,1.99,4.96,0.16,0.0,0.0,1027.0,8228.0,0.0,0.0,0.0,0.0,0.0,1.0,0.0,0.0,0.0,0.0,0.0,1.6,0.0,0.0,0.0,0.0,16.0,25903.0
2026-07-30T18:59:46.565Z,156.048,156.06,0.0,7.4,0.0,0.0,0.0,0.0,0.0,0.0,0.0,0.0,1.0,0.0,0.0,0.0,9.0,4.0,0.0,0.0,0.0,0.0,0.0,0.0,0.0,0.0,6.0,12.0,1.0,12.15,5.01,2.51,1.49,0.0,0.0,0.0,0.4,0.0,-0.3,0.0,0.3,-169.60000000000002,0.0,0.0,169.60000000000002,0.0,21.3,30.200000000000003,30.1,30.8,300.0,300.0,30.9,35.0,29.9,29.200000000000003,31.0,4.95,1.99,4.96,0.16,0.0,0.0,1027.0,8228.0,0.0,0.0,0.0,0.0,0.0,1.0,0.0,0.0,0.0,0.0,0.0,0.2,0.0,-0.2,0.0,0.0003,16.0,25903.0
2026-07-30T18:59:46.575Z,156.058,156.072,0.0,7.4,0.0,0.0,0.0,0.0,0.0,0.0,0.0,0.0,1.0,0.0,0.0,0.0,9.0,4.0,0.0,0.0,0.0,0.0,0.0,0.0,0.0,0.0,1.0,12.0,1.0,12.15,5.01,2.51,1.49,0.0,0.1,0.0,0.4,0.0,0.2,-0.5,-0.8,-169.60000000000002,0.0,0.0,169.60000000000002,0.0,21.3,30.200000000000003,30.1,30.8,300.0,300.0,30.9,35.0,29.9,29.200000000000003,31.0,4.95,1.99,4.97,0.16,0.0,0.0,1027.0,8228.0,0.0,0.0,0.0,0.0,0.0,1.0,0.0,0.0,0.0,0.0,0.0,-1.2000000000000002,0.0,0.6000000000000001,0.0,0.0002,16.0,25903.0
2026-07-30T18:59:46.588Z,156.071,156.084,0.0,7.4,0.0,0.0,0.0,0.0,0.0,0.0,0.0,0.0,1.0,0.0,0.0,0.0,9.0,4.0,0.0,0.0,0.0,0.0,0.0,0.0,0.0,0.0,2.0,12.0,1.0,12.15,5.01,2.51,1.49,0.0,0.0,0.0,0.4,0.0,0.2,0.6000000000000001,0.9,-169.60000000000002,0.0,0.0,169.70000000000002,0.0,21.3,30.200000000000003,30.1,30.8,300.0,300.0,30.9,35.0,29.9,29.200000000000003,31.0,4.96,1.99,4.96,0.16,0.0,0.0,1027.0,8228.0,0.0,0.0,0.0,0.0,0.0,1.0,0.0,0.0,0.0,0.0,0.0,1.3,0.0,-0.6000000000000001,0.0,0.0001,16.0,25903.0
2026-07-30T18:59:46.600Z,156.083,156.096,0.0,7.4,0.0,0.0,0.0,0.0,0.0,0.0,0.0,0.0,1.0,0.0,0.0,0.0,9.0,4.0,0.0,0.0,0.0,0.0,0.0,0.0,0.0,0.0,3.0,12.0,1.0,12.15,5.01,2.51,1.49,0.0,0.1,0.0,0.4,0.0,0.2,1.2000000000000002,-0.8,-169.60000000000002,0.0,0.0,169.70000000000002,0.0,21.3,30.200000000000003,30.1,30.8,300.0,300.0,30.9,35.0,29.9,29.200000000000003,31.0,4.96,1.99,4.96,0.16,0.0,0.0,1027.0,8228.0,0.0,0.0,0.0,0.0,0.0,1.0,0.0,0.0,0.0,0.0,0.0,0.5,0.0,0.3,0.0,0.0,16.0,25903.0
2026-07-30T18:59:46.612Z,156.095,156.108,0.0,7.4,0.0,0.0,0.0,0.0,0.0,0.0,0.0,0.0,1.0,0.0,0.0,0.0,9.0,4.0,0.0,0.0,0.0,0.0,0.0,0.0,0.0,0.0,4.0,12.0,1.0,12.15,5.01,2.51,1.49,0.0,0.0,0.0,0.4,0.0,0.2,0.6000000000000001,0.3,-169.60000000000002,0.0,0.0,169.70000000000002,0.0,21.3,30.200000000000003,30.1,30.8,300.0,300.0,30.9,35.0,29.9,29.200000000000003,31.0,4.95,1.99,4.96,0.16,0.0,0.0,1027.0,8228.0,0.0,0.0,0.0,0.0,0.0,1.0,0.0,0.0,0.0,0.0,0.0,-0.9,0.0,1.2000000000000002,0.0,0.0001,16.0,25903.0
2026-07-30T18:59:46.624Z,156.107,156.12,0.0,7.4,0.0,0.0,0.0,0.0,0.0,0.0,0.0,0.0,1.0,0.0,0.0,0.0,9.0,4.0,0.0,0.0,0.0,0.0,0.0,0.0,0.0,0.0,5.0,12.0,1.0,12.15,5.01,2.51,1.49,0.0,0.0,0.0,0.5,0.0,-0.9,0.0,0.9,-169.60000000000002,0.0,0.0,169.70000000000002,0.0,21.3,30.200000000000003,30.1,30.8,300.0,300.0,30.9,35.0,29.9,29.200000000000003,31.0,4.96,1.99,4.96,0.16,0.0,0.0,1027.0,8228.0,0.0,0.0,0.0,0.0,0.0,1.0,0.0,0.0,0.0,0.0,0.0,-2.3000000000000003,0.0,0.9,0.0,0.0,16.0,25903.0
2026-07-30T18:59:46.636Z,156.119,156.132,0.0,7.4,0.0,0.0,0.0,0.0,0.0,0.0,0.0,0.0,1.0,0.0,0.0,0.0,9.0,4.0,0.0,0.0,0.0,0.0,0.0,0.0,0.0,0.0,6.0,12.0,1.0,12.15,5.01,2.51,1.49,0.0,0.1,0.0,0.5,0.0,-0.2,-0.5,0.3,-169.60000000000002,0.0,0.0,169.70000000000002,0.0,21.3,30.200000000000003,30.1,30.8,300.0,300.0,30.9,35.0,29.9,29.200000000000003,31.0,4.95,2.0,4.96,0.16,0.0,0.0,1027.0,8228.0,0.0,0.0,0.0,0.0,0.0,1.0,0.0,0.0,0.0,0.0,0.0,-0.3,0.0,-0.4,0.0,0.0,16.0,25903.0
2026-07-30T18:59:46.648Z,156.131,156.144,0.0,7.4,0.0,0.0,0.0,0.0,0.0,0.0,0.0,0.0,1.0,0.0,0.0,0.0,9.0,4.0,0.0,0.0,0.0,0.0,0.0,0.0,0.0,0.0,1.0,12.0,1.0,12.15,5.01,2.51,1.49,0.0,0.0,0.0,0.4,0.0,-0.2,0.0,-0.7000000000000001,-169.60000000000002,0.0,0.0,169.8,0.0,21.3,30.200000000000003,30.1,30.8,300.0,300.0,30.9,35.0,29.9,29.200000000000003,31.0,4.95,1.99,4.97,0.16,0.0,0.0,1027.0,8228.0,0.0,0.0,0.0,0.0,0.0,1.0,0.0,0.0,0.0,0.0,0.0,-0.4,0.0,0.6000000000000001,0.0,0.0001,16.0,25903.0
2026-07-30T18:59:46.660Z,156.143,156.156,0.0,7.4,0.0,0.0,0.0,0.0,0.0,0.0,0.0,0.0,1.0,0.0,0.0,0.0,9.0,4.0,0.0,0.0,0.0,0.0,0.0,0.0,0.0,0.0,2.0,12.0,1.0,12.15,5.01,2.51,1.49,0.0,0.1,0.0,0.4,0.0,0.3,0.0,0.4,-169.60000000000002,0.0,0.0,169.60000000000002,0.0,21.3,30.200000000000003,30.1,30.8,300.0,300.0,30.9,35.0,29.9,29.200000000000003,31.0,4.96,1.99,4.97,0.16,0.0,0.0,1027.0,8228.0,0.0,0.0,0.0,0.0,0.0,1.0,0.0,0.0,0.0,0.0,0.0,0.3,0.0,-0.3,0.0,0.0002,16.0,25903.0
2026-07-30T18:59:46.672Z,156.155,156.168,0.0,7.4,0.0,0.0,0.0,0.0,0.0,0.0,0.0,0.0,1.0,0.0,0.0,0.0,9.0,4.0,0.0,0.0,0.0,0.0,0.0,0.0,0.0,0.0,3.0,12.0,1.0,12.18,5.01,2.51,1.49,0.0,0.0,0.0,0.4,0.0,0.9,-0.5,0.9,-169.60000000000002,0.0,0.0,169.70000000000002,0.0,21.700000000000003,30.200000000000003,30.1,30.8,300.0,300.0,30.9,34.9,29.9,29.200000000000003,31.0,4.96,1.99,4.96,0.16,0.0,0.0,1027.0,8228.0,0.0,0.0,0.0,0.0,0.0,1.0,0.0,0.0,0.0,0.0,0.0,0.1,0.0,-0.9,0.0,0.0001,16.0,25903.0
2026-07-30T18:59:46.684Z,156.167,156.18,0.0,7.4,0.0,0.0,0.0,0.0,0.0,0.0,0.0,0.0,1.0,0.0,0.0,0.0,9.0,4.0,0.0,0.0,0.0,0.0,0.0,0.0,0.0,0.0,5.0,12.0,1.0,12.18,5.01,2.51,1.49,0.0,0.0,0.0,0.4,0.0,-0.2,0.6000000000000001,0.9,-169.60000000000002,0.0,0.0,169.70000000000002,0.0,21.700000000000003,30.200000000000003,30.1,30.8,300.0,300.0,30.9,34.9,29.9,29.200000000000003,31.0,4.95,1.99,4.97,0.16,0.0,0.0,1027.0,8228.0,0.0,0.0,0.0,0.0,0.0,1.0,0.0,0.0,0.0,0.0,0.0,1.4,0.0,-0.7000000000000001,0.0,0.0001,16.0,25903.0
2026-07-30T18:59:46.696Z,156.179,156.192,0.0,7.4,0.0,0.0,0.0,0.0,0.0,0.0,0.0,0.0,1.0,0.0,0.0,0.0,9.0,4.0,0.0,0.0,0.0,0.0,0.0,0.0,0.0,0.0,5.0,12.0,1.0,12.18,5.01,2.51,1.49,0.0,0.0,0.0,0.4,0.0,0.8,0.6000000000000001,-0.2,-169.60000000000002,0.0,0.0,169.60000000000002,0.0,21.700000000000003,30.200000000000003,30.1,30.8,300.0,300.0,30.9,34.9,29.9,29.200000000000003,31.0,4.95,2.0,4.96,0.16,0.0,0.0,1027.0,8228.0,0.0,0.0,0.0,0.0,0.0,1.0,0.0,0.0,0.0,0.0,0.0,0.4,0.0,0.3,0.0,0.0,16.0,25903.0
2026-07-30T18:59:46.708Z,156.191,156.204,0.0,7.4,0.0,0.0,0.0,0.0,0.0,0.0,0.0,0.0,1.0,0.0,0.0,0.0,9.0,4.0,0.0,0.0,0.0,0.0,0.0,0.0,0.0,0.0,6.0,12.0,1.0,12.18,5.01,2.51,1.49,0.0,0.1,0.0,0.4,0.0,0.9,1.8,0.9,-169.60000000000002,0.0,0.0,169.70000000000002,0.0,21.700000000000003,30.200000000000003,30.1,30.8,300.0,300.0,30.9,34.9,29.9,29.200000000000003,31.0,4.96,2.0,4.96,0.16,0.0,0.0,1027.0,8228.0,0.0,0.0,0.0,0.0,0.0,1.0,0.0,0.0,0.0,0.0,0.0,2.7,0.0,-0.4,0.0,0.0001,16.0,25903.0
2026-07-30T18:59:46.720Z,156.203,156.216,0.0,7.4,0.0,0.0,0.0,0.0,0.0,0.0,0.0,0.0,1.0,0.0,0.0,0.0,9.0,4.0,0.0,0.0,0.0,0.0,0.0,0.0,0.0,0.0,1.0,12.0,1.0,12.18,5.01,2.51,1.49,0.0,0.0,0.0,0.4,0.0,0.3,-0.5,0.8,-169.60000000000002,0.0,0.0,169.70000000000002,0.0,21.700000000000003,30.200000000000003,30.1,30.8,300.0,300.0,30.9,34.9,29.9,29.200000000000003,31.0,4.96,2.0,4.96,0.16,0.0,0.0,1027.0,8228.0,0.0,0.0,0.0,0.0,0.0,1.0,0.0,0.0,0.0,0.0,0.0,0.0,0.0,-0.8,0.0,0.0,16.0,25903.0
2026-07-30T18:59:46.732Z,156.215,156.228,0.0,7.4,0.0,0.0,0.0,0.0,0.0,0.0,0.0,0.0,1.0,0.0,0.0,0.0,9.0,4.0,0.0,0.0,0.0,0.0,0.0,0.0,0.0,0.0,3.0,12.0,1.0,12.18,5.01,2.51,1.49,0.0,0.1,0.0,0.4,0.0,-0.2,-0.5,-0.9,-169.60000000000002,0.0,0.0,169.70000000000002,0.0,21.700000000000003,30.200000000000003,30.1,30.8,300.0,300.0,30.9,34.9,29.9,29.200000000000003,31.0,4.96,1.99,4.97,0.16,0.0,0.0,1027.0,8228.0,0.0,0.0,0.0,0.0,0.0,1.0,0.0,0.0,0.0,0.0,0.0,-1.2000000000000002,0.0,0.7000000000000001,0.0,0.0,16.0,25903.0
2026-07-30T18:59:46.744Z,156.227,156.24,0.0,7.4,0.0,0.0,0.0,0.0,0.0,0.0,0.0,0.0,1.0,0.0,0.0,0.0,9.0,4.0,0.0,0.0,0.0,0.0,0.0,0.0,0.0,0.0,4.0,12.0,1.0,12.18,5.01,2.51,1.49,0.0,0.0,0.0,0.4,0.0,0.3,-0.5,-0.2,-169.60000000000002,0.0,0.0,169.70000000000002,0.0,21.700000000000003,30.200000000000003,30.1,30.8,300.0,300.0,30.9,34.9,29.9,29.200000000000003,31.0,4.96,1.99,4.96,0.16,0.0,0.0,1027.0,8228.0,0.0,0.0,0.0,0.0,0.0,1.0,0.0,0.0,0.0,0.0,0.0,-0.7000000000000001,0.0,0.1,0.0,0.0001,16.0,25903.0
2026-07-30T18:59:46.763Z,156.246,156.252,0.0,7.4,0.0,0.0,0.0,0.0,0.0,0.0,0.0,0.0,1.0,0.0,0.0,0.0,9.0,4.0,0.0,0.0,0.0,0.0,0.0,0.0,0.0,0.0,5.0,12.0,1.0,12.18,5.01,2.51,1.49,0.0,0.1,0.0,0.4,0.0,-1.4,1.2000000000000002,-0.2,-169.60000000000002,0.0,0.0,169.70000000000002,0.0,21.700000000000003,30.200000000000003,30.1,30.8,300.0,300.0,30.9,34.9,29.9,29.200000000000003,31.0,4.96,1.99,4.96,0.16,0.0,0.0,1027.0,8228.0,0.0,0.0,0.0,0.0,0.0,1.0,0.0,0.0,0.0,0.0,0.0,1.2000000000000002,0.0,0.4,0.0,0.0002,16.0,25903.0
2026-07-30T18:59:46.769Z,156.252,156.264,0.0,7.4,0.0,0.0,0.0,0.0,0.0,0.0,0.0,0.0,1.0,0.0,0.0,0.0,9.0,4.0,0.0,0.0,0.0,0.0,0.0,0.0,0.0,0.0,2.0,12.0,1.0,12.15,5.01,2.51,1.49,0.0,0.0,0.0,0.4,0.0,0.3,-0.4,-0.1,-169.60000000000002,0.0,0.0,169.8,0.0,21.700000000000003,30.200000000000003,30.1,30.8,300.0,300.0,31.1,34.9,29.9,29.200000000000003,31.0,4.95,1.99,4.97,0.16,0.0,0.0,1027.0,8228.0,0.0,0.0,0.0,0.0,0.0,1.0,0.0,0.0,0.0,0.0,0.0,-0.7000000000000001,0.0,0.0,0.0,0.0,16.0,25903.0
2026-07-30T18:59:46.780Z,156.263,156.276,0.0,7.4,0.0,0.0,0.0,0.0,0.0,0.0,0.0,0.0,1.0,0.0,0.0,0.0,9.0,4.0,0.0,0.0,0.0,0.0,0.0,0.0,0.0,0.0,3.0,12.0,1.0,12.15,5.01,2.51,1.49,0.0,0.0,0.0,0.4,0.0,-0.2,-0.4,0.9,-169.60000000000002,0.0,0.0,169.70000000000002,0.0,21.700000000000003,30.200000000000003,30.1,30.8,300.0,300.0,31.1,34.9,29.9,29.200000000000003,31.0,4.96,1.99,4.97,0.16,0.0,0.0,1027.0,8228.0,0.0,0.0,0.0,0.0,0.0,1.0,0.0,0.0,0.0,0.0,0.0,0.1,0.0,-0.9,0.0,0.0001,16.0,25903.0
2026-07-30T18:59:46.792Z,156.275,156.288,0.0,7.4,0.0,0.0,0.0,0.0,0.0,0.0,0.0,0.0,1.0,0.0,0.0,0.0,9.0,4.0,0.0,0.0,0.0,0.0,0.0,0.0,0.0,0.0,4.0,12.0,1.0,12.15,5.01,2.51,1.49,0.0,0.0,0.0,0.4,0.0,1.5,1.2000000000000002,0.4,-169.60000000000002,0.0,0.0,169.8,0.0,21.700000000000003,30.200000000000003,30.1,30.8,300.0,300.0,31.1,34.9,29.9,29.200000000000003,31.0,4.96,1.99,4.96,0.16,0.0,0.0,1027.0,8228.0,0.0,0.0,0.0,0.0,0.0,1.0,0.0,0.0,0.0,0.0,0.0,1.7000000000000002,0.0,0.0,0.0,0.0001,16.0,25903.0
2026-07-30T18:59:46.804Z,156.287,156.3,0.0,7.4,0.0,0.0,0.0,0.0,0.0,0.0,0.0,0.0,1.0,0.0,0.0,0.0,9.0,4.0,0.0,0.0,0.0,0.0,0.0,0.0,0.0,0.0,5.0,12.0,1.0,12.15,5.01,2.51,1.49,0.0,0.1,0.0,0.4,0.0,0.3,0.0,0.3,-169.60000000000002,0.0,0.0,169.8,0.0,21.700000000000003,30.200000000000003,30.1,30.8,300.0,300.0,31.1,34.9,29.9,29.200000000000003,31.0,4.95,1.99,4.96,0.17,0.0,0.0,1027.0,8228.0,0.0,0.0,0.0,0.0,0.0,1.0,0.0,0.0,0.0,0.0,0.0,0.3,0.0,-0.3,0.0,0.0001,16.0,25903.0
2026-07-30T18:59:46.815Z,156.298,156.312,0.0,7.4,0.0,0.0,0.0,0.0,0.0,0.0,0.0,0.0,1.0,0.0,0.0,0.0,9.0,4.0,0.0,0.0,0.0,0.0,0.0,0.0,0.0,0.0,1.0,12.0,1.0,12.15,5.01,2.51,1.49,0.0,0.0,0.0,0.4,0.0,0.3,-0.5,0.3,-169.60000000000002,0.0,0.0,169.8,0.0,21.700000000000003,30.200000000000003,30.1,30.8,300.0,300.0,31.1,34.9,29.9,29.200000000000003,31.0,4.96,1.99,4.97,0.16,0.0,0.0,1027.0,8228.0,0.0,0.0,0.0,0.0,0.0,1.0,0.0,0.0,0.0,0.0,0.0,-0.3,0.0,-0.4,0.0,0.0,16.0,25903.0
2026-07-30T18:59:46.828Z,156.311,156.324,0.0,7.4,0.0,0.0,0.0,0.0,0.0,0.0,0.0,0.0,1.0,0.0,0.0,0.0,9.0,4.0,0.0,0.0,0.0,0.0,0.0,0.0,0.0,0.0,2.0,12.0,1.0,12.15,5.01,2.51,1.49,0.0,0.0,0.0,0.4,0.0,0.3,-0.5,1.5,-169.60000000000002,0.0,0.0,169.60000000000002,0.0,21.700000000000003,30.200000000000003,30.1,30.8,300.0,300.0,31.1,34.9,29.9,29.200000000000003,31.0,4.96,1.99,4.96,0.16,0.0,0.0,1027.0,8228.0,0.0,0.0,0.0,0.0,0.0,1.0,0.0,0.0,0.0,0.0,0.0,0.5,0.0,-1.4,0.0,0.0,16.0,25903.0
2026-07-30T18:59:46.839Z,156.322,156.336,0.0,7.4,0.0,0.0,0.0,0.0,0.0,0.0,0.0,0.0,1.0,0.0,0.0,0.0,9.0,4.0,0.0,0.0,0.0,0.0,0.0,0.0,0.0,0.0,3.0,12.0,1.0,12.15,5.01,2.51,1.49,0.0,0.0,0.0,0.4,0.0,-0.7000000000000001,-0.5,-0.8,-169.60000000000002,0.0,0.0,169.60000000000002,0.0,21.700000000000003,30.200000000000003,30.1,30.8,300.0,300.0,31.1,34.9,29.9,29.200000000000003,31.0,4.96,1.99,4.97,0.16,0.0,0.0,1027.0,8228.0,0.0,0.0,0.0,0.0,0.0,1.0,0.0,0.0,0.0,0.0,0.0,-1.2000000000000002,0.0,0.6000000000000001,0.0,0.0003,16.0,25903.0
2026-07-30T18:59:46.851Z,156.334,156.348,0.0,7.4,0.0,0.0,0.0,0.0,0.0,0.0,0.0,0.0,1.0,0.0,0.0,0.0,9.0,4.0,0.0,0.0,0.0,0.0,0.0,0.0,0.0,0.0,4.0,12.0,1.0,12.15,5.01,2.51,1.49,0.0,0.0,0.0,0.4,0.0,0.4,0.0,-0.7000000000000001,-169.60000000000002,0.0,0.0,169.60000000000002,0.0,21.700000000000003,30.200000000000003,30.1,30.8,300.0,300.0,31.1,34.9,29.9,29.200000000000003,31.0,4.95,2.0,4.97,0.16,0.0,0.0,1027.0,8228.0,0.0,0.0,0.0,0.0,0.0,1.0,0.0,0.0,0.0,0.0,0.0,-0.5,0.0,0.7000000000000001,0.0,0.0001,16.0,25903.0
2026-07-30T18:59:46.863Z,156.346,156.36,0.0,7.4,0.0,0.0,0.0,0.0,0.0,0.0,0.0,0.0,1.0,0.0,0.0,0.0,9.0,4.0,0.0,0.0,0.0,0.0,0.0,0.0,0.0,0.0,5.0,12.0,1.0,12.15,5.01,2.51,1.49,0.0,0.0,0.0,0.4,0.0,-0.1,0.0,0.4,-169.60000000000002,0.0,0.0,169.70000000000002,0.0,21.700000000000003,30.200000000000003,30.1,30.8,300.0,300.0,31.1,34.9,29.9,29.200000000000003,31.0,4.97,2.0,4.97,0.16,0.0,0.0,1027.0,8228.0,0.0,0.0,0.0,0.0,0.0,1.0,0.0,0.0,0.0,0.0,0.0,0.3,0.0,-0.3,0.0,0.0,16.0,25903.0
2026-07-30T18:59:46.876Z,156.359,156.372,0.0,7.4,0.0,0.0,0.0,0.0,0.0,0.0,0.0,0.0,1.0,0.0,0.0,0.0,9.0,4.0,0.0,0.0,0.0,0.0,0.0,0.0,0.0,0.0,6.0,12.0,1.0,12.15,5.01,2.5,1.49,0.0,0.0,0.0,0.4,0.0,-0.1,-0.5,-0.1,-169.60000000000002,0.0,0.0,169.70000000000002,0.0,21.700000000000003,30.200000000000003,30.1,30.8,300.0,300.0,30.9,34.9,29.9,29.200000000000003,31.0,4.96,1.99,4.97,0.16,0.0,0.0,1027.0,8228.0,0.0,0.0,0.0,0.0,0.0,1.0,0.0,0.0,0.0,0.0,0.0,-0.7000000000000001,0.0,0.0,0.0,0.0001,16.0,25903.0
2026-07-30T18:59:46.888Z,156.371,156.384,0.0,7.4,0.0,0.0,0.0,0.0,0.0,0.0,0.0,0.0,1.0,0.0,0.0,0.0,9.0,4.0,0.0,0.0,0.0,0.0,0.0,0.0,0.0,0.0,1.0,12.0,1.0,12.15,5.01,2.5,1.49,0.0,0.0,0.0,0.4,0.0,0.4,0.6000000000000001,0.4,-169.60000000000002,0.0,0.0,169.60000000000002,0.0,21.700000000000003,30.200000000000003,30.1,30.8,300.0,300.0,30.9,34.9,29.9,29.200000000000003,31.0,4.96,1.99,4.97,0.16,0.0,0.0,1027.0,8228.0,0.0,0.0,0.0,0.0,0.0,1.0,0.0,0.0,0.0,0.0,0.0,1.0,0.0,-0.2,0.0,0.0,16.0,25903.0
2026-07-30T18:59:46.899Z,156.382,156.39600000000002,0.0,7.4,0.0,0.0,0.0,0.0,0.0,0.0,0.0,0.0,1.0,0.0,0.0,0.0,9.0,4.0,0.0,0.0,0.0,0.0,0.0,0.0,0.0,0.0,2.0,12.0,1.0,12.15,5.01,2.5,1.49,0.0,0.0,0.0,0.4,0.0,0.5,0.0,1.0,-169.60000000000002,0.0,0.0,169.70000000000002,0.0,21.700000000000003,30.200000000000003,30.1,30.8,300.0,300.0,30.9,34.9,29.9,29.200000000000003,31.0,4.95,2.0,4.97,0.16,0.0,0.0,1027.0,8228.0,0.0,0.0,0.0,0.0,0.0,1.0,0.0,0.0,0.0,0.0,0.0,0.8,0.0,-0.9,0.0,0.0001,16.0,25903.0
2026-07-30T18:59:46.911Z,156.394,156.40800000000002,0.0,7.4,0.0,0.0,0.0,0.0,0.0,0.0,0.0,0.0,1.0,0.0,0.0,0.0,9.0,4.0,0.0,0.0,0.0,0.0,0.0,0.0,0.0,0.0,3.0,12.0,1.0,12.15,5.01,2.5,1.49,0.0,0.1,0.0,0.4,0.0,0.0,-0.5,-0.7000000000000001,-169.60000000000002,0.0,0.0,169.60000000000002,0.0,21.700000000000003,30.200000000000003,30.1,30.8,300.0,300.0,30.9,34.9,29.9,29.200000000000003,31.0,4.95,2.0,4.96,0.16,0.0,0.0,1027.0,8228.0,0.0,0.0,0.0,0.0,0.0,1.0,0.0,0.0,0.0,0.0,0.0,-1.1,0.0,0.5,0.0,0.0,16.0,25903.0
2026-07-30T18:59:46.924Z,156.407,156.42000000000002,0.0,7.4,0.0,0.0,0.0,0.0,0.0,0.0,0.0,0.0,1.0,0.0,0.0,0.0,9.0,4.0,0.0,0.0,0.0,0.0,0.0,0.0,0.0,0.0,4.0,12.0,1.0,12.15,5.01,2.5,1.49,0.0,0.0,0.0,0.4,0.0,0.4,-0.5,-0.1,-169.60000000000002,0.0,0.0,169.60000000000002,0.0,21.700000000000003,30.200000000000003,30.1,30.8,300.0,300.0,30.9,34.9,29.9,29.200000000000003,31.0,4.95,2.0,4.96,0.16,0.0,0.0,1027.0,8228.0,0.0,0.0,0.0,0.0,0.0,1.0,0.0,0.0,0.0,0.0,0.0,-0.7000000000000001,0.0,0.0,0.0,0.0,16.0,25903.0
2026-07-30T18:59:46.936Z,156.419,156.43200000000002,0.0,7.4,0.0,0.0,0.0,0.0,0.0,0.0,0.0,0.0,1.0,0.0,0.0,0.0,9.0,4.0,0.0,0.0,0.0,0.0,0.0,0.0,0.0,0.0,5.0,12.0,1.0,12.15,5.01,2.5,1.49,-0.1,0.1,0.0,0.4,0.0,-0.1,0.0,-0.1,-169.60000000000002,0.0,0.0,169.70000000000002,0.0,21.700000000000003,30.200000000000003,30.1,30.8,300.0,300.0,30.9,34.9,29.9,29.200000000000003,31.0,4.95,1.99,4.96,0.16,0.0,0.0,1027.0,8228.0,0.0,0.0,0.0,0.0,0.0,1.0,0.0,0.0,0.0,0.0,0.0,-0.1,0.0,0.1,0.0,0.0,16.0,25903.0
2026-07-30T18:59:46.948Z,156.431,156.44400000000002,0.0,7.4,0.0,0.0,0.0,0.0,0.0,0.0,0.0,0.0,1.0,0.0,0.0,0.0,9.0,4.0,0.0,0.0,0.0,0.0,0.0,0.0,0.0,0.0,6.0,12.0,1.0,12.15,5.01,2.5,1.49,0.0,0.0,0.0,0.4,0.0,0.4,0.0,-0.7000000000000001,-169.60000000000002,0.0,0.0,169.70000000000002,0.0,21.700000000000003,30.200000000000003,30.1,30.8,300.0,300.0,30.9,34.9,29.9,29.200000000000003,31.0,4.96,1.99,4.96,0.16,0.0,0.0,1027.0,8228.0,0.0,0.0,0.0,0.0,0.0,1.0,0.0,0.0,0.0,0.0,0.0,-0.5,0.0,0.6000000000000001,0.0,0.0,16.0,25903.0
2026-07-30T18:59:46.959Z,156.442,156.45600000000002,0.0,7.4,0.0,0.0,0.0,0.0,0.0,0.0,0.0,0.0,1.0,0.0,0.0,0.0,9.0,4.0,0.0,0.0,0.0,0.0,0.0,0.0,0.0,0.0,1.0,12.0,1.0,12.15,5.01,2.5,1.49,0.0,0.0,0.0,0.4,0.0,-0.7000000000000001,0.6000000000000001,1.0,-169.60000000000002,0.0,0.0,169.70000000000002,0.0,21.700000000000003,30.200000000000003,30.1,30.8,300.0,300.0,30.9,34.9,29.9,29.200000000000003,31.0,4.96,1.99,4.96,0.16,0.0,0.0,1027.0,8228.0,0.0,0.0,0.0,0.0,0.0,1.0,0.0,0.0,0.0,0.0,0.0,1.4,0.0,-0.7000000000000001,0.0,0.0001,16.0,25903.0
2026-07-30T18:59:46.973Z,156.456,156.468,0.0,7.4,0.0,0.0,0.0,0.0,0.0,0.0,0.0,0.0,1.0,0.0,0.0,0.0,9.0,4.0,0.0,0.0,0.0,0.0,0.0,0.0,0.0,0.0,2.0,12.0,1.0,12.17,5.01,2.51,1.49,0.0,0.0,0.0,0.4,0.0,-0.2,-1.1,-0.1,-169.60000000000002,0.0,0.0,169.60000000000002,0.0,21.4,30.200000000000003,30.1,30.8,300.0,300.0,30.9,34.9,29.9,29.200000000000003,31.0,4.95,1.99,4.96,0.16,0.0,0.0,1027.0,8228.0,0.0,0.0,0.0,0.0,0.0,1.0,0.0,0.0,0.0,0.0,0.0,-1.4,0.0,0.0,0.0,0.0,16.0,25903.0
2026-07-30T18:59:46.984Z,156.467,156.48,0.0,7.4,0.0,0.0,0.0,0.0,0.0,0.0,0.0,0.0,1.0,0.0,0.0,0.0,9.0,4.0,0.0,0.0,0.0,0.0,0.0,0.0,0.0,0.0,4.0,12.0,1.0,12.17,5.01,2.51,1.49,0.0,0.0,0.0,0.4,0.0,0.9,-0.6000000000000001,-0.1,-169.60000000000002,0.0,0.0,169.70000000000002,0.0,21.4,30.200000000000003,30.1,30.8,300.0,300.0,30.9,34.9,29.9,29.200000000000003,31.0,4.95,1.99,4.96,0.16,0.0,0.0,1027.0,8228.0,0.0,0.0,0.0,0.0,0.0,1.0,0.0,0.0,0.0,0.0,0.0,-0.8,0.0,0.0,0.0,0.0002,16.0,25903.0
2026-07-30T18:59:46.995Z,156.478,156.492,0.0,7.4,0.0,0.0,0.0,0.0,0.0,0.0,0.0,0.0,1.0,0.0,0.0,0.0,9.0,4.0,0.0,0.0,0.0,0.0,0.0,0.0,0.0,0.0,5.0,12.0,1.0,12.17,5.01,2.51,1.49,0.0,0.0,0.0,0.4,0.0,0.3,0.0,-0.1,-169.60000000000002,0.0,0.0,169.8,0.0,21.4,30.200000000000003,30.1,30.8,300.0,300.0,30.9,34.9,29.9,29.200000000000003,31.0,4.95,1.99,4.96,0.15,0.0,0.0,1027.0,8228.0,0.0,0.0,0.0,0.0,0.0,1.0,0.0,0.0,0.0,0.0,0.0,-0.1,0.0,0.1,0.0,0.0001,16.0,25903.0
2026-07-30T18:59:47.007Z,156.49,156.504,0.0,7.4,0.0,0.0,0.0,0.0,0.0,0.0,0.0,0.0,1.0,0.0,0.0,0.0,9.0,4.0,0.0,0.0,0.0,0.0,0.0,0.0,0.0,0.0,6.0,12.0,1.0,12.17,5.01,2.51,1.49,0.0,0.0,0.0,0.4,0.0,0.3,0.0,-0.7000000000000001,-169.70000000000002,0.0,0.0,169.70000000000002,0.0,21.4,30.200000000000003,30.1,30.8,300.0,300.0,30.9,34.9,29.9,29.200000000000003,31.0,4.95,1.99,4.97,0.16,0.0,0.0,1027.0,8228.0,0.0,0.0,0.0,0.0,0.0,1.0,0.0,0.0,0.0,0.0,0.0,-0.5,0.0,0.6000000000000001,0.0,0.0001,16.0,25903.0
2026-07-30T18:59:47.020Z,156.503,156.516,0.0,7.4,0.0,0.0,0.0,0.0,0.0,0.0,0.0,0.0,1.0,0.0,0.0,0.0,9.0,4.0,0.0,0.0,0.0,0.0,0.0,0.0,0.0,0.0,1.0,12.0,1.0,12.17,5.01,2.51,1.49,0.0,0.0,0.0,0.4,0.0,0.3,1.1,0.4,-169.70000000000002,0.0,0.0,169.8,0.0,21.4,30.200000000000003,30.1,30.8,300.0,300.0,30.9,34.9,29.9,29.200000000000003,31.0,4.96,1.99,4.96,0.16,0.0,0.0,1027.0,8228.0,0.0,0.0,0.0,0.0,0.0,1.0,0.0,0.0,0.0,0.0,0.0,1.6,0.0,-0.1,0.0,0.0001,16.0,25903.0
2026-07-30T18:59:47.032Z,156.515,156.528,0.0,7.4,0.0,0.0,0.0,0.0,0.0,0.0,0.0,0.0,1.0,0.0,0.0,0.0,9.0,4.0,0.0,0.0,0.0,0.0,0.0,0.0,0.0,0.0,2.0,12.0,1.0,12.17,5.01,2.51,1.49,0.0,0.0,0.0,0.4,0.0,-0.3,1.1,0.3,-169.70000000000002,0.0,0.0,169.60000000000002,0.0,21.4,30.200000000000003,30.1,30.8,300.0,300.0,30.9,34.9,29.9,29.200000000000003,31.0,4.96,1.99,4.97,0.16,0.0,0.0,1027.0,8228.0,0.0,0.0,0.0,0.0,0.0,1.0,0.0,0.0,0.0,0.0,0.0,1.5,0.0,0.0,0.0,0.0,16.0,25903.0
2026-07-30T18:59:47.044Z,156.527,156.54,0.0,7.4,0.0,0.0,0.0,0.0,0.0,0.0,0.0,0.0,1.0,0.0,0.0,0.0,9.0,4.0,0.0,0.0,0.0,0.0,0.0,0.0,0.0,0.0,4.0,12.0,1.0,12.17,5.01,2.51,1.49,0.0,0.0,0.0,0.4,0.0,0.2,0.0,-0.1,-169.70000000000002,0.0,0.0,169.70000000000002,0.0,21.4,30.200000000000003,30.1,30.8,300.0,300.0,30.9,34.9,29.9,29.200000000000003,31.0,4.95,1.99,4.97,0.16,0.0,0.0,1027.0,8228.0,0.0,0.0,0.0,0.0,0.0,1.0,0.0,0.0,0.0,0.0,0.0,-0.1,0.0,0.1,0.0,0.0002,16.0,25903.0
2026-07-30T18:59:47.056Z,156.539,156.552,0.0,7.4,0.0,0.0,0.0,0.0,0.0,0.0,0.0,0.0,1.0,0.0,0.0,0.0,9.0,4.0,0.0,0.0,0.0,0.0,0.0,0.0,0.0,0.0,4.0,12.0,1.0,12.17,5.01,2.51,1.49,0.0,0.1,0.0,0.4,0.0,-0.3,0.6000000000000001,-0.7000000000000001,-169.70000000000002,0.0,0.0,169.60000000000002,0.0,21.4,30.200000000000003,30.1,30.8,300.0,300.0,30.9,34.9,29.9,29.200000000000003,31.0,4.95,1.99,4.97,0.16,0.0,0.0,1027.0,8228.0,0.0,0.0,0.0,0.0,0.0,1.0,0.0,0.0,0.0,0.0,0.0,0.1,0.0,0.8,0.0,0.0,16.0,25903.0
2026-07-30T18:59:47.074Z,156.557,156.564,0.0,7.4,0.0,0.0,0.0,0.0,0.0,0.0,0.0,0.0,1.0,0.0,0.0,0.0,9.0,4.0,0.0,0.0,0.0,0.0,0.0,0.0,0.0,0.0,5.0,12.0,1.0,12.17,5.01,2.51,1.49,0.0,0.0,0.0,0.4,0.0,-0.3,0.0,-0.1,-169.60000000000002,0.0,0.0,169.60000000000002,0.0,21.4,30.200000000000003,30.1,30.8,300.0,300.0,30.9,34.9,29.9,29.200000000000003,31.0,4.96,1.99,4.96,0.16,0.0,0.0,1027.0,8228.0,0.0,0.0,0.0,0.0,0.0,1.0,0.0,0.0,0.0,0.0,0.0,0.0,0.0,0.1,0.0,0.0,16.0,25903.0
2026-07-30T18:59:47.080Z,156.563,156.576,0.0,7.4,0.0,0.0,0.0,0.0,0.0,0.0,0.0,0.0,1.0,0.0,0.0,0.0,9.0,4.0,0.0,0.0,0.0,0.0,0.0,0.0,0.0,0.0,3.0,12.0,1.0,12.18,5.01,2.51,1.49,0.0,0.0,0.0,0.4,0.0,0.8,0.0,-0.1,-169.60000000000002,0.0,0.0,169.8,0.0,21.700000000000003,30.200000000000003,30.1,30.8,300.0,300.0,31.1,34.9,29.9,29.200000000000003,31.0,4.96,1.99,4.97,0.16,0.0,0.0,1027.0,8228.0,0.0,0.0,0.0,0.0,0.0,1.0,0.0,0.0,0.0,0.0,0.0,-0.1,0.0,0.1,0.0,0.0,16.0,25903.0
2026-07-30T18:59:47.091Z,156.574,156.588,0.0,7.4,0.0,0.0,0.0,0.0,0.0,0.0,0.0,0.0,1.0,0.0,0.0,0.0,9.0,4.0,0.0,0.0,0.0,0.0,0.0,0.0,0.0,0.0,3.0,12.0,1.0,12.18,5.01,2.51,1.49,0.0,0.0,0.0,0.4,0.0,0.8,0.5,-0.1,-169.60000000000002,0.0,0.0,169.70000000000002,0.0,21.700000000000003,30.200000000000003,30.1,30.8,300.0,300.0,31.1,34.9,29.9,29.200000000000003,31.0,4.95,1.99,4.97,0.16,0.0,0.0,1027.0,8228.0,0.0,0.0,0.0,0.0,0.0,1.0,0.0,0.0,0.0,0.0,0.0,0.5,0.0,0.2,0.0,0.0002,16.0,25903.0
2026-07-30T18:59:47.103Z,156.586,156.6,0.0,7.4,0.0,0.0,0.0,0.0,0.0,0.0,0.0,0.0,1.0,0.0,0.0,0.0,9.0,4.0,0.0,0.0,0.0,0.0,0.0,0.0,0.0,0.0,4.0,12.0,1.0,12.18,5.01,2.51,1.49,0.0,0.0,0.0,0.4,0.0,-0.9,-0.5,-1.3,-169.60000000000002,0.0,0.0,169.70000000000002,0.0,21.700000000000003,30.200000000000003,30.1,30.8,300.0,300.0,31.1,34.9,29.9,29.200000000000003,31.0,4.96,1.99,4.96,0.16,0.0,0.0,1027.0,8228.0,0.0,0.0,0.0,0.0,0.0,1.0,0.0,0.0,0.0,0.0,0.0,-1.6,0.0,1.0,0.0,0.0,16.0,25903.0
2026-07-30T18:59:47.116Z,156.599,156.612,0.0,7.4,0.0,0.0,0.0,0.0,0.0,0.0,0.0,0.0,1.0,0.0,0.0,0.0,9.0,4.0,0.0,0.0,0.0,0.0,0.0,0.0,0.0,0.0,5.0,12.0,1.0,12.18,5.01,2.51,1.49,0.0,0.0,0.0,0.4,0.0,-0.3,0.0,2.1,-169.60000000000002,0.0,0.0,169.8,0.0,21.700000000000003,30.200000000000003,30.1,30.8,300.0,300.0,31.1,34.9,29.9,29.200000000000003,31.0,4.95,1.99,4.97,0.16,0.0,0.0,1027.0,8228.0,0.0,0.0,0.0,0.0,0.0,1.0,0.0,0.0,0.0,0.0,0.0,-1.1,0.0,0.5,0.0,0.0001,16.0,25903.0
2026-07-30T18:59:47.127Z,156.61,156.624,0.0,7.4,0.0,0.0,0.0,0.0,0.0,0.0,0.0,0.0,1.0,0.0,0.0,0.0,9.0,4.0,0.0,0.0,0.0,0.0,0.0,0.0,0.0,0.0,6.0,12.0,1.0,12.18,5.01,2.51,1.49,0.0,0.0,0.0,0.4,0.0,0.2,0.0,-1.3,-169.60000000000002,0.0,0.0,169.70000000000002,0.0,21.700000000000003,30.200000000000003,30.1,30.8,300.0,300.0,31.1,34.9,29.9,29.200000000000003,31.0,4.95,1.99,4.97,0.16,0.0,0.0,1027.0,8228.0,0.0,0.0,0.0,0.0,0.0,1.0,0.0,0.0,0.0,0.0,0.0,2.1,0.0,-0.6000000000000001,0.0,0.0001,16.0,25903.0
2026-07-30T18:59:47.140Z,156.623,156.636,0.0,7.4,0.0,0.0,0.0,0.0,0.0,0.0,0.0,0.0,1.0,0.0,0.0,0.0,9.0,4.0,0.0,0.0,0.0,0.0,0.0,0.0,0.0,0.0,1.0,12.0,1.0,12.18,5.01,2.51,1.49,0.0,0.0,0.0,0.4,0.0,-0.9,0.0,0.4,-169.60000000000002,0.0,0.0,169.70000000000002,0.0,21.700000000000003,30.200000000000003,30.1,30.8,300.0,300.0,31.1,34.9,29.9,29.200000000000003,31.0,4.95,1.99,4.97,0.16,0.0,0.0,1027.0,8228.0,0.0,0.0,0.0,0.0,0.0,1.0,0.0,0.0,0.0,0.0,0.0,0.1,0.0,0.7000000000000001,0.0,0.0,16.0,25903.0
2026-07-30T18:59:47.152Z,156.635,156.648,0.0,7.4,0.0,0.0,0.0,0.0,0.0,0.0,0.0,0.0,1.0,0.0,0.0,0.0,9.0,4.0,0.0,0.0,0.0,0.0,0.0,0.0,0.0,0.0,2.0,12.0,1.0,12.18,5.01,2.51,1.49,0.0,0.1,0.0,0.5,0.0,-0.3,0.0,-0.1,-169.60000000000002,0.0,0.0,169.60000000000002,0.0,21.700000000000003,30.200000000000003,30.1,30.8,300.0,300.0,31.1,34.9,29.9,29.200000000000003,31.0,4.96,1.99,4.96,0.16,0.0,0.0,1027.0,8228.0,0.0,0.0,0.0,0.0,0.0,1.0,0.0,0.0,0.0,0.0,0.0,0.0,0.0,0.1,0.0,0.0,16.0,25903.0
2026-07-30T18:59:47.164Z,156.647,156.66,0.0,7.4,0.0,0.0,0.0,0.0,0.0,0.0,0.0,0.0,1.0,0.0,0.0,0.0,9.0,4.0,0.0,0.0,0.0,0.0,0.0,0.0,0.0,0.0,3.0,12.0,1.0,12.18,5.01,2.51,1.49,0.0,0.0,0.0,0.4,0.0,-0.3,-1.1,-0.6000000000000001,-169.60000000000002,0.0,0.0,169.8,0.0,21.700000000000003,30.200000000000003,30.1,30.8,300.0,300.0,31.1,34.9,29.9,29.200000000000003,31.0,4.95,1.99,4.97,0.16,0.0,0.0,1027.0,8228.0,0.0,0.0,0.0,0.0,0.0,1.0,0.0,0.0,0.0,0.0,0.0,-1.7000000000000002,0.0,0.3,0.0,0.0,16.0,25903.0
2026-07-30T18:59:47.177Z,156.66,156.672,0.0,7.4,0.0,0.0,0.0,0.0,0.0,0.0,0.0,0.0,1.0,0.0,0.0,0.0,9.0,4.0,0.0,0.0,0.0,0.0,0.0,0.0,0.0,0.0,5.0,12.0,1.0,12.18,5.01,2.5,1.49,0.0,0.0,0.0,0.4,0.0,-0.3,0.0,-1.2000000000000002,-169.60000000000002,0.0,0.0,169.70000000000002,0.0,21.4,30.200000000000003,30.1,30.8,300.0,300.0,31.1,34.9,29.9,29.200000000000003,31.0,4.95,1.99,4.96,0.16,0.0,0.0,1027.0,8228.0,0.0,0.0,0.0,0.0,0.0,1.0,0.0,0.0,0.0,0.0,0.0,-0.9,0.0,1.1,0.0,0.0001,16.0,25903.0
2026-07-30T18:59:47.188Z,156.671,156.684,0.0,7.4,0.0,0.0,0.0,0.0,0.0,0.0,0.0,0.0,1.0,0.0,0.0,0.0,9.0,4.0,0.0,0.0,0.0,0.0,0.0,0.0,0.0,0.0,5.0,12.0,1.0,12.18,5.01,2.5,1.49,0.0,0.0,0.0,0.4,0.0,-0.3,0.0,0.0,-169.60000000000002,0.0,0.0,169.70000000000002,0.0,21.4,30.200000000000003,30.1,30.8,300.0,300.0,31.1,34.9,29.9,29.200000000000003,31.0,4.96,2.0,4.96,0.16,0.0,0.0,1027.0,8228.0,0.0,0.0,0.0,0.0,0.0,1.0,0.0,0.0,0.0,0.0,0.0,0.0,0.0,0.0,0.0,0.0,16.0,25903.0
2026-07-30T18:59:47.200Z,156.683,156.696,0.0,7.4,0.0,0.0,0.0,0.0,0.0,0.0,0.0,0.0,1.0,0.0,0.0,0.0,9.0,4.0,0.0,0.0,0.0,0.0,0.0,0.0,0.0,0.0,6.0,12.0,1.0,12.18,5.01,2.5,1.49,0.0,0.0,0.0,0.4,0.0,-0.3,-1.1,1.0,-169.60000000000002,0.0,0.0,169.8,0.0,21.4,30.200000000000003,30.1,30.8,300.0,300.0,31.1,34.9,29.9,29.200000000000003,31.0,4.95,2.0,4.96,0.16,0.0,0.0,1027.0,8228.0,0.0,0.0,0.0,0.0,0.0,1.0,0.0,0.0,0.0,0.0,0.0,-0.4,0.0,-1.1,0.0,0.0,16.0,25903.0
2026-07-30T18:59:47.212Z,156.695,156.708,0.0,7.4,0.0,0.0,0.0,0.0,0.0,0.0,0.0,0.0,1.0,0.0,0.0,0.0,9.0,4.0,0.0,0.0,0.0,0.0,0.0,0.0,0.0,0.0,2.0,12.0,1.0,12.18,5.01,2.5,1.49,0.0,0.0,0.0,0.4,0.0,0.2,0.6000000000000001,1.0,-169.60000000000002,0.0,0.0,169.8,0.0,21.4,30.200000000000003,30.1,30.8,300.0,300.0,31.1,34.9,29.9,29.200000000000003,31.0,4.95,1.99,4.97,0.16,0.0,0.0,1027.0,8228.0,0.0,0.0,0.0,0.0,0.0,1.0,0.0,0.0,0.0,0.0,0.0,1.4,0.0,-0.8,0.0,0.0002,16.0,25903.0
2026-07-30T18:59:47.224Z,156.707,156.72,0.0,7.4,0.0,0.0,0.0,0.0,0.0,0.0,0.0,0.0,1.0,0.0,0.0,0.0,9.0,4.0,0.0,0.0,0.0,0.0,0.0,0.0,0.0,0.0,2.0,12.0,1.0,12.18,5.01,2.5,1.49,0.0,0.0,0.0,0.4,0.0,-0.8,0.0,-0.6000000000000001,-169.60000000000002,0.0,0.0,169.60000000000002,0.0,21.4,30.200000000000003,30.1,30.8,300.0,300.0,31.1,34.9,29.9,29.200000000000003,31.0,4.95,1.99,4.96,0.16,0.0,0.0,1027.0,8228.0,0.0,0.0,0.0,0.0,0.0,1.0,0.0,0.0,0.0,0.0,0.0,-0.4,0.0,0.5,0.0,0.0,16.0,25903.0
2026-07-30T18:59:47.236Z,156.719,156.732,0.0,7.4,0.0,0.0,0.0,0.0,0.0,0.0,0.0,0.0,1.0,0.0,0.0,0.0,9.0,4.0,0.0,0.0,0.0,0.0,0.0,0.0,0.0,0.0,3.0,12.0,1.0,12.18,5.01,2.5,1.49,0.0,0.0,0.0,0.4,0.0,-0.2,0.6000000000000001,-0.6000000000000001,-169.60000000000002,0.0,0.0,169.70000000000002,0.0,21.4,30.200000000000003,30.1,30.8,300.0,300.0,31.1,34.9,29.9,29.200000000000003,31.0,4.96,1.99,4.96,0.16,0.0,0.0,1027.0,8228.0,0.0,0.0,0.0,0.0,0.0,1.0,0.0,0.0,0.0,0.0,0.0,0.2,0.0,0.7000000000000001,0.0,0.0002,16.0,25903.0
2026-07-30T18:59:47.248Z,156.731,156.744,0.0,7.4,0.0,0.0,0.0,0.0,0.0,0.0,0.0,0.0,1.0,0.0,0.0,0.0,9.0,4.0,0.0,0.0,0.0,0.0,0.0,0.0,0.0,0.0,5.0,12.0,1.0,12.18,5.01,2.5,1.49,0.0,0.1,0.0,0.4,0.0,0.3,0.6000000000000001,0.0,-169.60000000000002,0.0,0.0,169.60000000000002,0.0,21.4,30.200000000000003,30.1,30.8,300.0,300.0,31.1,34.9,29.9,29.200000000000003,31.0,4.95,1.99,4.97,0.16,0.0,0.0,1027.0,8228.0,0.0,0.0,0.0,0.0,0.0,1.0,0.0,0.0,0.0,0.0,0.0,0.7000000000000001,0.0,0.1,0.0,0.0001,16.0,25903.0
2026-07-30T18:59:47.260Z,156.743,156.756,0.0,7.4,0.0,0.0,0.0,0.0,0.0,0.0,0.0,0.0,1.0,0.0,0.0,0.0,9.0,4.0,0.0,0.0,0.0,0.0,0.0,0.0,0.0,0.0,5.0,12.0,1.0,12.18,5.01,2.5,1.49,0.0,0.0,0.0,0.4,0.0,0.3,0.0,0.0,-169.60000000000002,0.0,0.0,169.60000000000002,0.0,21.4,30.200000000000003,30.1,30.8,300.0,300.0,31.1,34.9,29.9,29.200000000000003,31.0,4.96,1.99,4.97,0.16,0.0,0.0,1027.0,8228.0,0.0,0.0,0.0,0.0,0.0,1.0,0.0,0.0,0.0,0.0,0.0,0.0,0.0,0.0,0.0,0.0001,16.0,25903.0
2026-07-30T18:59:47.272Z,156.755,156.768,0.0,7.4,0.0,0.0,0.0,0.0,0.0,0.0,0.0,0.0,1.0,0.0,0.0,0.0,9.0,4.0,0.0,0.0,0.0,0.0,0.0,0.0,0.0,0.0,6.0,12.0,1.0,12.18,5.01,2.5,1.49,0.0,0.1,0.0,0.4,0.0,0.9,0.6000000000000001,1.7000000000000002,-169.60000000000002,0.0,0.0,169.70000000000002,0.0,21.4,30.200000000000003,30.1,30.8,300.0,300.0,31.1,34.9,29.9,29.200000000000003,31.0,4.96,2.0,4.96,0.16,0.0,0.0,1027.0,8228.0,0.0,0.0,0.0,0.0,0.0,1.0,0.0,0.0,0.0,0.0,0.0,2.0,0.0,-1.4,0.0,0.0001,16.0,25903.0
2026-07-30T18:59:47.284Z,156.767,156.78,0.0,7.4,0.0,0.0,0.0,0.0,0.0,0.0,0.0,0.0,1.0,0.0,0.0,0.0,9.0,4.0,0.0,0.0,0.0,0.0,0.0,0.0,0.0,0.0,1.0,12.0,1.0,12.15,5.01,2.51,1.49,0.0,0.0,0.0,0.4,0.0,-0.7000000000000001,0.6000000000000001,-1.1,-169.60000000000002,0.0,0.0,169.8,0.0,21.9,30.1,30.1,30.8,300.0,300.0,31.0,35.0,29.9,29.200000000000003,31.0,4.95,1.99,4.96,0.16,0.0,0.0,1027.0,8228.0,0.0,0.0,0.0,0.0,0.0,1.0,0.0,0.0,0.0,0.0,0.0,-0.1,0.0,1.1,0.0,0.0,16.0,25903.0
2026-07-30T18:59:47.296Z,156.779,156.792,0.0,7.4,0.0,0.0,0.0,0.0,0.0,0.0,0.0,0.0,1.0,0.0,0.0,0.0,9.0,4.0,0.0,0.0,0.0,0.0,0.0,0.0,0.0,0.0,2.0,12.0,1.0,12.15,5.01,2.51,1.49,0.0,0.0,0.0,0.5,0.0,0.4,0.0,0.6000000000000001,-169.60000000000002,0.0,0.0,169.70000000000002,0.0,21.9,30.1,30.1,30.8,300.0,300.0,31.0,35.0,29.9,29.200000000000003,31.0,4.95,1.99,4.97,0.16,0.0,0.0,1027.0,8228.0,0.0,0.0,0.0,0.0,0.0,1.0,0.0,0.0,0.0,0.0,0.0,0.5,0.0,-0.5,0.0,0.0002,16.0,25903.0
2026-07-30T18:59:47.308Z,156.791,156.804,-0.1,7.4,0.0,0.0,0.0,0.0,0.0,0.0,0.0,0.0,1.0,0.0,0.0,0.0,9.0,4.0,0.0,0.0,0.0,0.0,0.0,0.0,0.0,0.0,4.0,12.0,1.0,12.15,5.01,2.51,1.49,0.0,0.0,0.0,0.4,0.0,0.3,-0.5,0.0,-169.60000000000002,0.0,0.0,169.60000000000002,0.0,21.9,30.1,30.1,30.8,300.0,300.0,31.0,35.0,29.9,29.200000000000003,31.0,4.96,1.99,4.96,0.16,0.0,0.0,1027.0,8228.0,0.0,0.0,0.0,0.0,0.0,1.0,0.0,0.0,0.0,0.0,0.0,-0.6000000000000001,0.0,0.0,0.0,0.0001,16.0,25903.0
2026-07-30T18:59:47.320Z,156.803,156.816,0.0,7.4,0.0,0.0,0.0,0.0,0.0,0.0,0.0,0.0,1.0,0.0,0.0,0.0,9.0,4.0,0.0,0.0,0.0,0.0,0.0,0.0,0.0,0.0,5.0,12.0,1.0,12.15,5.01,2.51,1.49,0.0,0.0,0.0,0.4,0.0,0.3,0.0,0.4,-169.60000000000002,0.0,0.0,169.70000000000002,0.0,21.9,30.1,30.1,30.8,300.0,300.0,31.0,35.0,29.9,29.200000000000003,31.0,4.96,1.99,4.96,0.16,0.0,0.0,1027.0,8228.0,0.0,0.0,0.0,0.0,0.0,1.0,0.0,0.0,0.0,0.0,0.0,0.4,0.0,-0.4,0.0,0.0001,16.0,25903.0
2026-07-30T18:59:47.332Z,156.815,156.828,0.0,7.4,0.0,0.0,0.0,0.0,0.0,0.0,0.0,0.0,1.0,0.0,0.0,0.0,9.0,4.0,0.0,0.0,0.0,0.0,0.0,0.0,0.0,0.0,5.0,12.0,1.0,12.15,5.01,2.51,1.49,0.0,0.0,0.0,0.4,0.0,-0.8,0.0,0.0,-169.60000000000002,0.0,0.0,169.70000000000002,0.0,21.9,30.1,30.1,30.8,300.0,300.0,31.0,35.0,29.9,29.200000000000003,31.0,4.95,1.99,4.96,0.16,0.0,0.0,1027.0,8228.0,0.0,0.0,0.0,0.0,0.0,1.0,0.0,0.0,0.0,0.0,0.0,0.0,0.0,0.0,0.0,0.0001,16.0,25903.0
2026-07-30T18:59:47.344Z,156.827,156.84,0.0,7.4,0.0,0.0,0.0,0.0,0.0,0.0,0.0,0.0,1.0,0.0,0.0,0.0,9.0,4.0,0.0,0.0,0.0,0.0,0.0,0.0,0.0,0.0,6.0,12.0,1.0,12.15,5.01,2.51,1.49,0.0,0.0,0.0,0.4,0.0,-0.2,0.0,0.0,-169.60000000000002,0.0,0.0,169.60000000000002,0.0,21.9,30.1,30.1,30.8,300.0,300.0,31.0,35.0,29.9,29.200000000000003,31.0,4.95,1.99,4.97,0.16,0.0,0.0,1027.0,8228.0,0.0,0.0,0.0,0.0,0.0,1.0,0.0,0.0,0.0,0.0,0.0,0.0,0.0,0.0,0.0,0.0,16.0,25903.0
2026-07-30T18:59:47.356Z,156.839,156.852,0.0,7.4,0.0,0.0,0.0,0.0,0.0,0.0,0.0,0.0,1.0,0.0,0.0,0.0,9.0,4.0,0.0,0.0,0.0,0.0,0.0,0.0,0.0,0.0,2.0,12.0,1.0,12.15,5.01,2.51,1.49,0.0,0.0,0.0,0.4,0.0,-0.2,-1.1,-0.6000000000000001,-169.60000000000002,0.0,0.0,169.70000000000002,0.0,21.9,30.1,30.1,30.8,300.0,300.0,31.0,35.0,29.9,29.200000000000003,31.0,4.95,1.99,4.96,0.16,0.0,0.0,1027.0,8228.0,0.0,0.0,0.0,0.0,0.0,1.0,0.0,0.0,0.0,0.0,0.0,-1.7000000000000002,0.0,0.3,0.0,0.0001,16.0,25903.0
2026-07-30T18:59:47.368Z,156.851,156.864,0.0,7.4,0.0,0.0,0.0,0.0,0.0,0.0,0.0,0.0,1.0,0.0,0.0,0.0,9.0,4.0,0.0,0.0,0.0,0.0,0.0,0.0,0.0,0.0,2.0,12.0,1.0,12.15,5.01,2.51,1.49,0.0,0.0,0.0,0.5,0.0,-0.2,0.6000000000000001,-0.1,-169.60000000000002,0.0,0.0,169.8,0.0,21.9,30.1,30.1,30.8,300.0,300.0,31.0,35.0,29.9,29.200000000000003,31.0,4.95,1.99,4.97,0.16,0.0,0.0,1027.0,8228.0,0.0,0.0,0.0,0.0,0.0,1.0,0.0,0.0,0.0,0.0,0.0,0.5,0.0,0.2,0.0,0.0,16.0,25903.0
2026-07-30T18:59:47.392Z,156.875,156.876,0.0,7.4,0.0,0.0,0.0,0.0,0.0,0.0,0.0,0.0,1.0,0.0,0.0,0.0,9.0,4.0,0.0,0.0,0.0,0.0,0.0,0.0,0.0,0.0,4.0,12.0,1.0,12.18,5.0200000000000005,2.51,1.49,0.0,0.0,0.0,0.4,0.0,-0.2,1.2000000000000002,1.0,-169.60000000000002,0.0,0.0,169.70000000000002,0.0,21.8,30.1,30.1,30.8,300.0,300.0,30.9,35.0,29.9,29.200000000000003,31.0,4.96,2.0,4.97,0.16,0.0,0.0,1027.0,8228.0,0.0,0.0,0.0,0.0,0.0,1.0,0.0,0.0,0.0,0.0,0.0,2.1,0.0,-0.6000000000000001,0.0,0.0002,16.0,25903.0
2026-07-30T18:59:47.394Z,156.877,156.888,0.0,7.4,0.0,0.0,0.0,0.0,0.0,0.0,0.0,0.0,1.0,0.0,0.0,0.0,9.0,4.0,0.0,0.0,0.0,0.0,0.0,0.0,0.0,0.0,3.0,12.0,1.0,12.18,5.0200000000000005,2.51,1.49,0.0,0.0,0.0,0.4,0.0,-0.2,-0.4,-0.1,-169.60000000000002,0.0,0.0,169.70000000000002,0.0,21.8,30.1,30.1,30.8,300.0,300.0,30.9,35.0,29.9,29.200000000000003,31.0,4.96,2.0,4.96,0.16,0.0,0.0,1027.0,8228.0,0.0,0.0,0.0,0.0,0.0,1.0,0.0,0.0,0.0,0.0,0.0,-0.6000000000000001,0.0,0.0,0.0,0.0001,16.0,25903.0
2026-07-30T18:59:47.404Z,156.887,156.9,0.0,7.4,0.0,0.0,0.0,0.0,0.0,0.0,0.0,0.0,1.0,0.0,0.0,0.0,9.0,4.0,0.0,0.0,0.0,0.0,0.0,0.0,0.0,0.0,2.0,12.0,1.0,12.18,5.0200000000000005,2.51,1.49,0.0,0.0,0.0,0.4,0.0,0.3,-0.5,-1.2000000000000002,-169.60000000000002,0.0,0.0,169.70000000000002,0.0,21.8,30.1,30.1,30.8,300.0,300.0,30.9,35.0,29.9,29.200000000000003,31.0,4.95,1.99,4.96,0.16,0.0,0.0,1027.0,8228.0,0.0,0.0,0.0,0.0,0.0,1.0,0.0,0.0,0.0,0.0,0.0,-1.5,0.0,1.0,0.0,0.0001,16.0,25903.0
2026-07-30T18:59:47.416Z,156.899,156.912,0.0,7.4,0.0,0.0,0.0,0.0,0.0,0.0,0.0,0.0,1.0,0.0,0.0,0.0,9.0,4.0,0.0,0.0,0.0,0.0,0.0,0.0,0.0,0.0,3.0,12.0,1.0,12.18,5.0200000000000005,2.51,1.49,0.0,0.0,0.0,0.4,0.0,0.3,-0.4,-0.7000000000000001,-169.60000000000002,0.0,0.0,169.70000000000002,0.0,21.8,30.1,30.1,30.8,300.0,300.0,30.9,35.0,29.9,29.200000000000003,31.0,4.95,1.99,4.96,0.16,0.0,0.0,1027.0,8228.0,0.0,0.0,0.0,0.0,0.0,1.0,0.0,0.0,0.0,0.0,0.0,-1.0,0.0,0.5,0.0,0.0001,16.0,25903.0
2026-07-30T18:59:47.428Z,156.911,156.924,0.0,7.4,0.0,0.0,0.0,0.0,0.0,0.0,0.0,0.0,1.0,0.0,0.0,0.0,9.0,4.0,0.0,0.0,0.0,0.0,0.0,0.0,0.0,0.0,4.0,12.0,1.0,12.18,5.0200000000000005,2.51,1.49,0.0,0.0,0.0,0.4,0.0,-0.2,0.1,0.4,-169.60000000000002,0.0,0.0,169.60000000000002,0.0,21.8,30.1,30.1,30.8,300.0,300.0,30.9,35.0,29.9,29.200000000000003,31.0,4.96,1.99,4.96,0.16,0.0,0.0,1027.0,8228.0,0.0,0.0,0.0,0.0,0.0,1.0,0.0,0.0,0.0,0.0,0.0,0.4,0.0,-0.3,0.0,0.0,16.0,25903.0
2026-07-30T18:59:47.441Z,156.924,156.936,0.0,7.4,0.0,0.0,0.0,0.0,0.0,0.0,0.0,0.0,1.0,0.0,0.0,0.0,9.0,4.0,0.0,0.0,0.0,0.0,0.0,0.0,0.0,0.0,5.0,12.0,1.0,12.18,5.0200000000000005,2.51,1.49,0.0,0.0,0.0,0.5,0.0,0.9,0.0,1.0,-169.60000000000002,0.0,0.0,169.8,0.0,21.8,30.1,30.1,30.8,300.0,300.0,30.9,35.0,29.9,29.200000000000003,31.0,4.95,1.99,4.96,0.16,0.0,0.0,1027.0,8228.0,0.0,0.0,0.0,0.0,0.0,1.0,0.0,0.0,0.0,0.0,0.0,0.8,0.0,-0.8,0.0,0.0001,16.0,25903.0
2026-07-30T18:59:47.452Z,156.935,156.948,0.0,7.4,0.0,0.0,0.0,0.0,0.0,0.0,0.0,0.0,1.0,0.0,0.0,0.0,9.0,4.0,0.0,0.0,0.0,0.0,0.0,0.0,0.0,0.0,1.0,12.0,1.0,12.18,5.0200000000000005,2.51,1.49,0.0,0.0,0.0,0.4,0.0,-0.3,-1.0,-0.7000000000000001,-169.60000000000002,0.0,0.0,169.8,0.0,21.8,30.1,30.1,30.8,300.0,300.0,30.9,35.0,29.9,29.200000000000003,31.0,4.95,1.99,4.97,0.16,0.0,0.0,1027.0,8228.0,0.0,0.0,0.0,0.0,0.0,1.0,0.0,0.0,0.0,0.0,0.0,-1.8,0.0,0.4,0.0,0.0001,16.0,25903.0
2026-07-30T18:59:47.464Z,156.947,156.96,0.0,7.4,0.0,0.0,0.0,0.0,0.0,0.0,0.0,0.0,1.0,0.0,0.0,0.0,9.0,4.0,0.0,0.0,0.0,0.0,0.0,0.0,0.0,0.0,2.0,12.0,1.0,12.18,5.0200000000000005,2.51,1.49,0.0,0.0,0.0,0.4,0.0,0.8,0.0,-0.2,-169.60000000000002,0.0,0.0,169.70000000000002,0.0,21.8,30.1,30.1,30.8,300.0,300.0,30.9,35.0,29.9,29.200000000000003,31.0,4.95,1.99,4.96,0.16,0.0,0.0,1027.0,8228.0,0.0,0.0,0.0,0.0,0.0,1.0,0.0,0.0,0.0,0.0,0.0,-0.1,0.0,0.2,0.0,0.0001,16.0,25903.0
2026-07-30T18:59:47.475Z,156.958,156.972,0.0,7.4,0.0,0.0,0.0,0.0,0.0,0.0,0.0,0.0,1.0,0.0,0.0,0.0,9.0,4.0,0.0,0.0,0.0,0.0,0.0,0.0,0.0,0.0,3.0,12.0,1.0,12.18,5.0200000000000005,2.51,1.49,0.0,0.0,0.0,0.4,0.0,-0.3,-0.5,-1.4,-169.60000000000002,0.0,0.0,169.8,0.0,21.8,30.1,30.1,30.8,300.0,300.0,30.9,35.0,29.9,29.200000000000003,31.0,4.96,1.99,4.96,0.16,0.0,0.0,1027.0,8228.0,0.0,0.0,0.0,0.0,0.0,1.0,0.0,0.0,0.0,0.0,0.0,-1.6,0.0,1.1,0.0,0.0001,16.0,25903.0
2026-07-30T18:59:47.488Z,156.971,156.984,0.0,7.4,0.0,0.0,0.0,0.0,0.0,0.0,0.0,0.0,1.0,0.0,0.0,0.0,9.0,4.0,0.0,0.0,0.0,0.0,0.0,0.0,0.0,0.0,4.0,12.0,1.0,12.17,5.01,2.51,1.49,0.0,0.0,0.0,0.4,0.0,-0.2,0.6000000000000001,0.9,-169.60000000000002,0.0,0.0,169.60000000000002,0.0,21.3,30.1,30.1,30.8,300.0,300.0,31.0,35.0,29.9,29.200000000000003,31.0,4.95,1.99,4.96,0.16,0.0,0.0,1027.0,8228.0,0.0,0.0,0.0,0.0,0.0,1.0,0.0,0.0,0.0,0.0,0.0,1.4,0.0,-0.6000000000000001,0.0,0.0002,16.0,25903.0
2026-07-30T18:59:47.500Z,156.983,156.996,0.0,7.4,0.0,0.0,0.0,0.0,0.0,0.0,0.0,0.0,1.0,0.0,0.0,0.0,9.0,4.0,0.0,0.0,0.0,0.0,0.0,0.0,0.0,0.0,5.0,12.0,1.0,12.17,5.01,2.51,1.49,0.0,0.1,0.0,0.5,0.0,-0.2,0.6000000000000001,0.3,-169.60000000000002,0.0,0.0,169.60000000000002,0.0,21.3,30.1,30.1,30.8,300.0,300.0,31.0,35.0,29.9,29.200000000000003,31.0,4.96,2.0,4.96,0.16,0.0,0.0,1027.0,8228.0,0.0,0.0,0.0,0.0,0.0,1.0,0.0,0.0,0.0,0.0,0.0,0.9,0.0,-0.1,0.0,0.0002,16.0,25903.0
2026-07-30T18:59:47.511Z,156.994,157.008,0.0,7.4,0.0,0.0,0.0,0.0,0.0,0.0,0.0,0.0,1.0,0.0,0.0,0.0,9.0,4.0,0.0,0.0,0.0,0.0,0.0,0.0,0.0,0.0,6.0,12.0,1.0,12.17,5.01,2.51,1.49,0.0,0.0,0.0,0.4,0.0,-0.8,0.6000000000000001,0.3,-169.60000000000002,0.0,0.0,169.60000000000002,0.0,21.3,30.1,30.1,30.8,300.0,300.0,31.0,35.0,29.9,29.200000000000003,31.0,4.96,1.99,4.96,0.16,0.0,0.0,1027.0,8228.0,0.0,0.0,0.0,0.0,0.0,1.0,0.0,0.0,0.0,0.0,0.0,0.9,0.0,-0.1,0.0,0.0001,16.0,25903.0
2026-07-30T18:59:47.523Z,157.006,157.02,0.0,7.4,0.0,0.0,0.0,0.0,0.0,0.0,0.0,0.0,1.0,0.0,0.0,0.0,9.0,4.0,0.0,0.0,0.0,0.0,0.0,0.0,0.0,0.0,1.0,12.0,1.0,12.17,5.01,2.51,1.49,0.0,0.0,0.0,0.4,0.0,0.9,0.6000000000000001,0.9,-169.60000000000002,0.0,0.0,169.70000000000002,0.0,21.3,30.1,30.1,30.8,300.0,300.0,31.0,35.0,29.9,29.200000000000003,31.0,4.96,1.99,4.96,0.16,0.0,0.0,1027.0,8228.0,0.0,0.0,0.0,0.0,0.0,1.0,0.0,0.0,0.0,0.0,0.0,1.4,0.0,-0.7000000000000001,0.0,0.0001,16.0,25903.0
2026-07-30T18:59:47.536Z,157.019,157.032,0.0,7.4,0.0,0.0,0.0,0.0,0.0,0.0,0.0,0.0,1.0,0.0,0.0,0.0,9.0,4.0,0.0,0.0,0.0,0.0,0.0,0.0,0.0,0.0,2.0,12.0,1.0,12.17,5.01,2.51,1.49,0.0,0.0,0.0,0.4,0.0,0.3,0.0,1.0,-169.60000000000002,0.0,0.0,169.70000000000002,0.0,21.3,30.1,30.1,30.8,300.0,300.0,31.0,35.0,29.9,29.200000000000003,31.0,4.95,1.99,4.97,0.16,0.0,0.0,1027.0,8228.0,0.0,0.0,0.0,0.0,0.0,1.0,0.0,0.0,0.0,0.0,0.0,0.8,0.0,-0.8,0.0,0.0001,16.0,25903.0
2026-07-30T18:59:47.547Z,157.03,157.044,0.0,7.4,0.0,0.0,0.0,0.0,0.0,0.0,0.0,0.0,1.0,0.0,0.0,0.0,9.0,4.0,0.0,0.0,0.0,0.0,0.0,0.0,0.0,0.0,3.0,12.0,1.0,12.17,5.01,2.51,1.49,0.0,0.0,0.0,0.4,0.0,0.3,0.0,-0.1,-169.60000000000002,0.0,0.0,169.70000000000002,0.0,21.3,30.1,30.1,30.8,300.0,300.0,31.0,35.0,29.9,29.200000000000003,31.0,4.96,2.0,4.97,0.16,0.0,0.0,1027.0,8228.0,0.0,0.0,0.0,0.0,0.0,1.0,0.0,0.0,0.0,0.0,0.0,0.0,0.0,0.1,0.0,0.0001,16.0,25903.0
2026-07-30T18:59:47.560Z,157.043,157.056,0.0,7.4,0.0,0.0,0.0,0.0,0.0,0.0,0.0,0.0,1.0,0.0,0.0,0.0,9.0,4.0,0.0,0.0,0.0,0.0,0.0,0.0,0.0,0.0,4.0,12.0,1.0,12.17,5.01,2.51,1.49,0.0,0.0,0.0,0.4,0.0,-0.2,1.2000000000000002,1.0,-169.60000000000002,0.0,0.0,169.70000000000002,0.0,21.3,30.1,30.1,30.8,300.0,300.0,31.0,35.0,29.9,29.200000000000003,31.0,4.96,1.99,4.97,0.16,0.0,0.0,1027.0,8228.0,0.0,0.0,0.0,0.0,0.0,1.0,0.0,0.0,0.0,0.0,0.0,2.1,0.0,-0.6000000000000001,0.0,0.0,16.0,25903.0
2026-07-30T18:59:47.572Z,157.055,157.068,0.0,7.4,0.0,0.0,0.0,0.0,0.0,0.0,0.0,0.0,1.0,0.0,0.0,0.0,9.0,4.0,0.0,0.0,0.0,0.0,0.0,0.0,0.0,0.0,6.0,12.0,1.0,12.17,5.01,2.51,1.49,0.0,0.0,0.0,0.4,0.0,0.9,0.6000000000000001,1.0,-169.60000000000002,0.0,0.0,169.70000000000002,0.0,21.3,30.1,30.1,30.8,300.0,300.0,31.0,35.0,29.9,29.200000000000003,31.0,4.95,2.0,4.97,0.16,0.0,0.0,1027.0,8228.0,0.0,0.0,0.0,0.0,0.0,1.0,0.0,0.0,0.0,0.0,0.0,1.4,0.0,-0.7000000000000001,0.0,0.0001,16.0,25903.0
2026-07-30T18:59:47.585Z,157.068,157.08,0.0,7.4,0.0,0.0,0.0,0.0,0.0,0.0,0.0,0.0,1.0,0.0,0.0,0.0,9.0,4.0,0.0,0.0,0.0,0.0,0.0,0.0,0.0,0.0,1.0,12.0,1.0,12.18,5.01,2.51,1.49,0.0,0.1,0.0,0.4,0.0,0.3,-0.5,-1.3,-169.60000000000002,0.0,0.0,169.70000000000002,0.0,21.8,30.1,30.1,30.8,300.0,300.0,31.0,35.0,29.9,29.200000000000003,31.0,4.96,2.0,4.96,0.16,0.0,0.0,1027.0,8228.0,0.0,0.0,0.0,0.0,0.0,1.0,0.0,0.0,0.0,0.0,0.0,-1.6,0.0,1.0,0.0,0.0001,16.0,25903.0
2026-07-30T18:59:47.596Z,157.079,157.092,0.0,7.4,0.0,0.0,0.0,0.0,0.0,0.0,0.0,0.0,1.0,0.0,0.0,0.0,9.0,4.0,0.0,0.0,0.0,0.0,0.0,0.0,0.0,0.0,2.0,12.0,1.0,12.18,5.01,2.51,1.49,0.0,0.0,0.0,0.4,0.0,0.3,-1.1,-1.3,-169.60000000000002,0.0,0.0,169.8,0.0,21.8,30.1,30.1,30.8,300.0,300.0,31.0,35.0,29.9,29.200000000000003,31.0,4.95,1.99,4.96,0.16,0.0,0.0,1027.0,8228.0,0.0,0.0,0.0,0.0,0.0,1.0,0.0,0.0,0.0,0.0,0.0,-2.3000000000000003,0.0,0.9,0.0,0.0,16.0,25903.0
2026-07-30T18:59:47.608Z,157.091,157.104,0.0,7.4,0.0,0.0,0.0,0.0,0.0,0.0,0.0,0.0,1.0,0.0,0.0,0.0,9.0,4.0,0.0,0.0,0.0,0.0,0.0,0.0,0.0,0.0,3.0,12.0,1.0,12.18,5.01,2.51,1.49,0.0,0.0,0.0,0.4,0.0,-0.2,0.6000000000000001,-0.1,-169.60000000000002,0.0,0.0,169.70000000000002,0.0,21.8,30.1,30.1,30.8,300.0,300.0,31.0,35.0,29.9,29.200000000000003,31.0,4.95,1.99,4.97,0.16,0.0,0.0,1027.0,8228.0,0.0,0.0,0.0,0.0,0.0,1.0,0.0,0.0,0.0,0.0,0.0,0.6000000000000001,0.0,0.2,0.0,0.0002,16.0,25903.0
2026-07-30T18:59:47.620Z,157.103,157.116,0.0,7.4,0.0,0.0,0.0,0.0,0.0,0.0,0.0,0.0,1.0,0.0,0.0,0.0,9.0,4.0,0.0,0.0,0.0,0.0,0.0,0.0,0.0,0.0,4.0,12.0,1.0,12.18,5.01,2.51,1.49,0.0,0.0,0.0,0.4,0.0,0.9,0.0,0.4,-169.60000000000002,0.0,0.0,169.70000000000002,0.0,21.8,30.1,30.1,30.8,300.0,300.0,31.0,35.0,29.9,29.200000000000003,31.0,4.96,2.0,4.97,0.16,0.0,0.0,1027.0,8228.0,0.0,0.0,0.0,0.0,0.0,1.0,0.0,0.0,0.0,0.0,0.0,0.4,0.0,-0.3,0.0,0.0,16.0,25903.0
2026-07-30T18:59:47.632Z,157.115,157.128,0.0,7.4,0.0,0.0,0.0,0.0,0.0,0.0,0.0,0.0,1.0,0.0,0.0,0.0,9.0,4.0,0.0,0.0,0.0,0.0,0.0,0.0,0.0,0.0,5.0,12.0,1.0,12.18,5.01,2.51,1.49,0.0,0.0,0.0,0.4,0.0,-0.1,-0.4,0.5,-169.60000000000002,0.0,0.0,169.60000000000002,0.0,21.8,30.1,30.1,30.8,300.0,300.0,31.0,35.0,29.9,29.200000000000003,31.0,4.96,2.0,4.96,0.16,0.0,0.0,1027.0,8228.0,0.0,0.0,0.0,0.0,0.0,1.0,0.0,0.0,0.0,0.0,0.0,0.0,0.0,0.0,0.0,0.0001,16.0,25903.0
2026-07-30T18:59:47.644Z,157.127,157.14,0.0,7.4,0.0,0.0,0.0,0.0,0.0,0.0,0.0,0.0,1.0,0.0,0.0,0.0,9.0,4.0,0.0,0.0,0.0,0.0,0.0,0.0,0.0,0.0,1.0,12.0,1.0,12.18,5.01,2.51,1.49,0.0,0.1,0.0,0.4,0.0,-0.1,0.1,0.4,-169.60000000000002,0.0,0.0,169.70000000000002,0.0,21.8,30.1,30.1,30.8,300.0,300.0,31.0,35.0,29.9,29.200000000000003,31.0,4.95,1.99,4.97,0.16,0.0,0.0,1027.0,8228.0,0.0,0.0,0.0,0.0,0.0,1.0,0.0,0.0,0.0,0.0,0.0,-1.0,0.0,0.5,0.0,0.0001,16.0,25903.0
2026-07-30T18:59:47.655Z,157.138,157.15200000000002,0.0,7.4,0.0,0.0,0.0,0.0,0.0,0.0,0.0,0.0,1.0,0.0,0.0,0.0,9.0,4.0,0.0,0.0,0.0,0.0,0.0,0.0,0.0,0.0,2.0,12.0,1.0,12.18,5.01,2.51,1.49,0.0,0.0,0.0,0.4,0.0,0.4,0.6000000000000001,1.1,-169.60000000000002,0.0,0.0,169.70000000000002,0.0,21.8,30.1,30.1,30.8,300.0,300.0,31.0,35.0,29.9,29.200000000000003,31.0,4.95,1.99,4.96,0.16,0.0,0.0,1027.0,8228.0,0.0,0.0,0.0,0.0,0.0,1.0,0.0,0.0,0.0,0.0,0.0,-0.7000000000000001,0.0,1.0,0.0,0.0001,16.0,25903.0
2026-07-30T18:59:47.667Z,157.15,157.16400000000002,0.0,7.4,0.0,0.0,0.0,0.0,0.0,0.0,0.0,0.0,1.0,0.0,0.0,0.0,9.0,4.0,0.0,0.0,0.0,0.0,0.0,0.0,0.0,0.0,3.0,12.0,1.0,12.18,5.01,2.51,1.49,0.0,0.0,0.0,0.4,0.0,0.9,0.7000000000000001,0.0,-169.60000000000002,0.0,0.0,169.70000000000002,0.0,21.8,30.1,30.1,30.8,300.0,300.0,31.0,35.0,29.9,29.200000000000003,31.0,4.96,2.0,4.96,0.16,0.0,0.0,1027.0,8228.0,0.0,0.0,0.0,0.0,0.0,1.0,0.0,0.0,0.0,0.0,0.0,0.2,0.0,0.7000000000000001,0.0,0.0001,16.0,25903.0
2026-07-30T18:59:47.679Z,157.162,157.17600000000002,0.0,7.4,0.0,0.0,0.0,0.0,0.0,0.0,0.0,0.0,1.0,0.0,0.0,0.0,9.0,4.0,0.0,0.0,0.0,0.0,0.0,0.0,0.0,0.0,5.0,12.0,1.0,12.18,5.01,2.51,1.49,0.0,0.0,0.0,0.4,0.0,0.3,0.1,0.5,-169.60000000000002,0.0,0.0,169.70000000000002,0.0,21.8,30.1,30.1,30.8,300.0,300.0,31.0,35.0,29.9,29.200000000000003,31.0,4.96,2.0,4.96,0.16,0.0,0.0,1027.0,8228.0,0.0,0.0,0.0,0.0,0.0,1.0,0.0,0.0,0.0,0.0,0.0,0.5,0.0,-0.4,0.0,0.0,16.0,25903.0
2026-07-30T18:59:47.692Z,157.175,157.18800000000002,0.0,7.4,0.0,0.0,0.0,0.0,0.0,0.0,0.0,0.0,1.0,0.0,0.0,0.0,9.0,4.0,0.0,0.0,0.0,0.0,0.0,0.0,0.0,0.0,6.0,12.0,1.0,12.17,5.01,2.51,1.49,0.0,0.0,0.0,0.4,0.0,0.3,-0.4,-0.6000000000000001,-169.60000000000002,0.0,0.0,169.70000000000002,0.0,21.700000000000003,30.1,30.1,30.8,300.0,300.0,31.0,35.0,29.9,29.200000000000003,31.0,4.95,1.99,4.96,0.16,0.0,0.0,1027.0,8228.0,0.0,0.0,0.0,0.0,0.0,1.0,0.0,0.0,0.0,0.0,0.0,-1.0,0.0,0.4,0.0,0.0,16.0,25903.0
2026-07-30T18:59:47.708Z,157.191,157.20000000000002,0.0,7.4,0.0,0.0,0.0,0.0,0.0,0.0,0.0,0.0,1.0,0.0,0.0,0.0,9.0,4.0,0.0,0.0,0.0,0.0,0.0,0.0,0.0,0.0,1.0,12.0,1.0,12.17,5.01,2.51,1.49,0.0,0.0,0.0,0.5,0.0,-1.4,-1.6,-1.8,-169.60000000000002,0.0,0.0,169.60000000000002,0.0,21.700000000000003,30.1,30.1,30.8,300.0,300.0,31.0,35.0,29.9,29.200000000000003,31.0,4.95,2.0,4.96,0.16,0.0,0.0,1027.0,8228.0,0.0,0.0,0.0,0.0,0.0,1.0,0.0,0.0,0.0,0.0,0.0,-3.2,0.0,1.2000000000000002,0.0,0.0,16.0,25903.0
2026-07-30T18:59:47.716Z,157.199,157.212,0.0,7.4,0.0,0.0,0.0,0.0,0.0,0.0,0.0,0.0,1.0,0.0,0.0,0.0,9.0,4.0,0.0,0.0,0.0,0.0,0.0,0.0,0.0,0.0,6.0,12.0,1.0,12.17,5.01,2.51,1.49,0.0,0.0,0.0,0.4,0.0,0.3,0.7000000000000001,-1.1,-169.60000000000002,0.0,0.0,169.70000000000002,0.0,21.700000000000003,30.1,30.1,30.8,300.0,300.0,31.0,35.0,29.9,29.200000000000003,31.0,4.96,1.99,4.96,0.16,0.0,0.0,1027.0,8228.0,0.0,0.0,0.0,0.0,0.0,1.0,0.0,0.0,0.0,0.0,0.0,0.0,0.0,1.1,0.0,0.0,16.0,25903.0
2026-07-30T18:59:47.728Z,157.211,157.224,0.0,7.4,0.0,0.0,0.0,0.0,0.0,0.0,0.0,0.0,1.0,0.0,0.0,0.0,9.0,4.0,0.0,0.0,0.0,0.0,0.0,0.0,0.0,0.0,1.0,12.0,1.0,12.17,5.01,2.51,1.49,0.0,0.0,0.0,0.4,0.0,-0.2,-0.4,0.6000000000000001,-169.60000000000002,0.0,0.0,169.70000000000002,0.0,21.700000000000003,30.1,30.1,30.8,300.0,300.0,31.0,35.0,29.9,29.200000000000003,31.0,4.95,1.99,4.97,0.16,0.0,0.0,1027.0,8228.0,0.0,0.0,0.0,0.0,0.0,1.0,0.0,0.0,0.0,0.0,0.0,0.0,0.0,-0.6000000000000001,0.0,0.0,16.0,25903.0
2026-07-30T18:59:47.739Z,157.222,157.236,0.0,7.4,0.0,0.0,0.0,0.0,0.0,0.0,0.0,0.0,1.0,0.0,0.0,0.0,9.0,4.0,0.0,0.0,0.0,0.0,0.0,0.0,0.0,0.0,3.0,12.0,1.0,12.17,5.01,2.51,1.49,0.0,0.0,0.0,0.4,0.0,0.3,0.6000000000000001,1.7000000000000002,-169.60000000000002,0.0,0.0,169.60000000000002,0.0,21.700000000000003,30.1,30.1,30.8,300.0,300.0,31.0,35.0,29.9,29.200000000000003,31.0,4.96,1.99,4.96,0.16,0.0,0.0,1027.0,8228.0,0.0,0.0,0.0,0.0,0.0,1.0,0.0,0.0,0.0,0.0,0.0,2.1,0.0,-1.4,0.0,0.0001,16.0,25903.0
2026-07-30T18:59:47.751Z,157.234,157.248,0.0,7.4,0.0,0.0,0.0,0.0,0.0,0.0,0.0,0.0,1.0,0.0,0.0,0.0,9.0,4.0,0.0,0.0,0.0,0.0,0.0,0.0,0.0,0.0,4.0,12.0,1.0,12.17,5.01,2.51,1.49,0.0,0.0,0.0,0.4,0.0,-0.2,-0.5,-1.1,-169.60000000000002,0.0,0.0,169.60000000000002,0.0,21.700000000000003,30.1,30.1,30.8,300.0,300.0,31.0,35.0,29.9,29.200000000000003,31.0,4.96,2.0,4.96,0.16,0.0,0.0,1027.0,8228.0,0.0,0.0,0.0,0.0,0.0,1.0,0.0,0.0,0.0,0.0,0.0,-1.4,0.0,0.8,0.0,0.0,16.0,25903.0
2026-07-30T18:59:47.764Z,157.247,157.26,0.0,7.4,0.0,0.0,0.0,0.0,0.0,0.0,0.0,0.0,1.0,0.0,0.0,0.0,9.0,4.0,0.0,0.0,0.0,0.0,0.0,0.0,0.0,0.0,5.0,12.0,1.0,12.17,5.01,2.51,1.49,0.0,0.0,0.0,0.4,0.0,-0.2,0.6000000000000001,1.7000000000000002,-169.60000000000002,0.0,0.0,169.60000000000002,0.0,21.700000000000003,30.1,30.1,30.8,300.0,300.0,31.0,35.0,29.9,29.200000000000003,31.0,4.96,1.99,4.96,0.16,0.0,0.0,1027.0,8228.0,0.0,0.0,0.0,0.0,0.0,1.0,0.0,0.0,0.0,0.0,0.0,2.0,0.0,-1.4,0.0,0.0,16.0,25903.0
2026-07-30T18:59:47.776Z,157.259,157.272,0.0,7.4,0.0,0.0,0.0,0.0,0.0,0.0,0.0,0.0,1.0,0.0,0.0,0.0,9.0,4.0,0.0,0.0,0.0,0.0,0.0,0.0,0.0,0.0,1.0,12.0,1.0,12.17,5.01,2.51,1.49,0.0,0.0,0.0,0.4,0.0,0.3,0.0,-0.6000000000000001,-169.60000000000002,0.0,0.0,169.70000000000002,0.0,21.700000000000003,30.1,30.1,30.8,300.0,300.0,31.0,35.0,29.9,29.200000000000003,31.0,4.95,1.99,4.97,0.17,0.0,0.0,1027.0,8228.0,0.0,0.0,0.0,0.0,0.0,1.0,0.0,0.0,0.0,0.0,0.0,-0.4,0.0,0.5,0.0,0.0,16.0,25903.0
2026-07-30T18:59:47.788Z,157.271,157.284,0.0,7.4,0.0,0.0,0.0,0.0,0.0,0.0,0.0,0.0,1.0,0.0,0.0,0.0,9.0,4.0,0.0,0.0,0.0,0.0,0.0,0.0,0.0,0.0,3.0,12.0,1.0,12.14,5.0200000000000005,2.51,1.49,0.0,0.1,0.0,0.4,0.0,-0.1,-1.1,0.0,-169.60000000000002,0.0,0.0,169.60000000000002,0.0,21.8,30.1,30.1,30.8,300.0,300.0,31.0,35.0,29.9,29.200000000000003,31.0,4.96,2.0,4.96,0.17,0.0,0.0,1027.0,8228.0,0.0,0.0,0.0,0.0,0.0,1.0,0.0,0.0,0.0,0.0,0.0,-1.3,0.0,-0.2,0.0,0.0001,16.0,25903.0
2026-07-30T18:59:47.800Z,157.283,157.296,0.0,7.4,0.0,0.0,0.0,0.0,0.0,0.0,0.0,0.0,1.0,0.0,0.0,0.0,9.0,4.0,0.0,0.0,0.0,0.0,0.0,0.0,0.0,0.0,4.0,12.0,1.0,12.14,5.0200000000000005,2.51,1.49,0.0,0.0,0.0,0.4,0.0,0.9,0.5,2.2,-169.60000000000002,0.0,0.0,169.60000000000002,0.0,21.8,30.1,30.1,30.8,300.0,300.0,31.0,35.0,29.9,29.200000000000003,31.0,4.96,1.99,4.96,0.16,0.0,0.0,1027.0,8228.0,0.0,0.0,0.0,0.0,0.0,1.0,0.0,0.0,0.0,0.0,0.0,2.3000000000000003,0.0,-1.8,0.0,0.0,16.0,25903.0
2026-07-30T18:59:47.811Z,157.294,157.308,0.0,7.4,0.0,0.0,0.0,0.0,0.0,0.0,0.0,0.0,1.0,0.0,0.0,0.0,9.0,4.0,0.0,0.0,0.0,0.0,0.0,0.0,0.0,0.0,6.0,12.0,1.0,12.14,5.0200000000000005,2.51,1.49,0.0,0.0,0.0,0.4,0.0,-0.1,0.6000000000000001,0.4,-169.60000000000002,0.0,0.0,169.60000000000002,0.0,21.8,30.1,30.1,30.8,300.0,300.0,31.0,35.0,29.9,29.200000000000003,31.0,4.95,1.99,4.96,0.16,0.0,0.0,1027.0,8228.0,0.0,0.0,0.0,0.0,0.0,1.0,0.0,0.0,0.0,0.0,0.0,1.0,0.0,-0.2,0.0,0.0,16.0,25903.0
2026-07-30T18:59:47.824Z,157.307,157.32,0.0,7.4,0.0,0.0,0.0,0.0,0.0,0.0,0.0,0.0,1.0,0.0,0.0,0.0,9.0,4.0,0.0,0.0,0.0,0.0,0.0,0.0,0.0,0.0,2.0,12.0,1.0,12.14,5.0200000000000005,2.51,1.49,0.0,0.0,0.0,0.4,0.0,0.4,0.0,0.0,-169.60000000000002,0.0,0.0,169.70000000000002,0.0,21.8,30.1,30.1,30.8,300.0,300.0,31.0,35.0,29.9,29.200000000000003,31.0,4.96,1.99,4.96,0.16,0.0,0.0,1027.0,8228.0,0.0,0.0,0.0,0.0,0.0,1.0,0.0,0.0,0.0,0.0,0.0,0.0,0.0,0.0,0.0,0.0,16.0,25903.0
2026-07-30T18:59:47.836Z,157.319,157.332,0.0,7.4,0.0,0.0,0.0,0.0,0.0,0.0,0.0,0.0,1.0,0.0,0.0,0.0,9.0,4.0,0.0,0.0,0.0,0.0,0.0,0.0,0.0,0.0,3.0,12.0,1.0,12.14,5.0200000000000005,2.51,1.49,0.0,0.0,0.0,0.4,0.0,0.4,-1.1,-0.1,-169.60000000000002,0.0,0.0,169.70000000000002,0.0,21.8,30.1,30.1,30.8,300.0,300.0,31.0,35.0,29.9,29.200000000000003,31.0,4.95,2.0,4.96,0.16,0.0,0.0,1027.0,8228.0,0.0,0.0,0.0,0.0,0.0,1.0,0.0,0.0,0.0,0.0,0.0,-1.3,0.0,-0.1,0.0,0.0002,16.0,25903.0
2026-07-30T18:59:47.848Z,157.331,157.344,0.0,7.4,0.0,0.0,0.0,0.0,0.0,0.0,0.0,0.0,1.0,0.0,0.0,0.0,9.0,4.0,0.0,0.0,0.0,0.0,0.0,0.0,0.0,0.0,3.0,12.0,1.0,12.14,5.0200000000000005,2.51,1.49,0.0,0.0,0.0,0.4,0.0,-0.1,0.0,0.4,-169.60000000000002,0.0,0.0,169.60000000000002,0.0,21.8,30.1,30.1,30.8,300.0,300.0,31.0,35.0,29.9,29.200000000000003,31.0,4.95,1.99,4.97,0.16,0.0,0.0,1027.0,8228.0,0.0,0.0,0.0,0.0,0.0,1.0,0.0,0.0,0.0,0.0,0.0,0.3,0.0,-0.3,0.0,0.0,16.0,25903.0
2026-07-30T18:59:47.859Z,157.342,157.356,0.0,7.4,0.0,0.0,0.0,0.0,0.0,0.0,0.0,0.0,1.0,0.0,0.0,0.0,9.0,4.0,0.0,0.0,0.0,0.0,0.0,0.0,0.0,0.0,4.0,12.0,1.0,12.14,5.0200000000000005,2.51,1.49,0.0,0.0,0.0,0.5,0.0,0.4,0.0,-0.1,-169.60000000000002,0.0,0.0,169.60000000000002,0.0,21.8,30.1,30.1,30.8,300.0,300.0,31.0,35.0,29.9,29.200000000000003,31.0,4.95,1.99,4.97,0.16,0.0,0.0,1027.0,8228.0,0.0,0.0,0.0,0.0,0.0,1.0,0.0,0.0,0.0,0.0,0.0,0.0,0.0,0.1,0.0,0.0001,16.0,25903.0
2026-07-30T18:59:47.872Z,157.355,157.368,0.0,7.4,0.0,0.0,0.0,0.0,0.0,0.0,0.0,0.0,1.0,0.0,0.0,0.0,9.0,4.0,0.0,0.0,0.0,0.0,0.0,0.0,0.0,0.0,5.0,12.0,1.0,12.14,5.0200000000000005,2.51,1.49,0.0,0.0,0.0,0.4,0.0,0.4,-0.5,1.5,-169.60000000000002,0.0,0.0,169.70000000000002,0.0,21.8,30.1,30.1,30.8,300.0,300.0,31.0,35.0,29.9,29.200000000000003,31.0,4.96,1.99,4.96,0.16,0.0,0.0,1027.0,8228.0,0.0,0.0,0.0,0.0,0.0,1.0,0.0,0.0,0.0,0.0,0.0,0.5,0.0,-1.4,0.0,0.0,16.0,25903.0
2026-07-30T18:59:47.884Z,157.367,157.38,0.0,7.4,0.0,0.0,0.0,0.0,0.0,0.0,0.0,0.0,1.0,0.0,0.0,0.0,9.0,4.0,0.0,0.0,0.0,0.0,0.0,0.0,0.0,0.0,6.0,12.0,1.0,12.14,5.0200000000000005,2.51,1.49,0.0,0.0,0.0,0.4,0.0,0.4,0.0,0.9,-169.60000000000002,0.0,0.0,169.70000000000002,0.0,21.8,30.1,30.1,30.8,300.0,300.0,31.0,35.0,29.9,29.200000000000003,31.0,4.95,1.99,4.96,0.16,0.0,0.0,1027.0,8228.0,0.0,0.0,0.0,0.0,0.0,1.0,0.0,0.0,0.0,0.0,0.0,0.7000000000000001,0.0,-0.7000000000000001,0.0,0.0,16.0,25903.0
2026-07-30T18:59:47.896Z,157.379,157.392,0.0,7.4,0.0,0.0,0.0,0.0,0.0,0.0,0.0,0.0,1.0,0.0,0.0,0.0,9.0,4.0,0.0,0.0,0.0,0.0,0.0,0.0,0.0,0.0,2.0,12.0,1.0,12.15,5.01,2.5,1.49,0.0,0.0,0.0,0.4,0.0,-0.1,-0.5,0.3,-169.60000000000002,0.0,0.0,169.8,0.0,21.4,30.1,30.1,30.8,300.0,300.0,31.1,35.0,29.9,29.200000000000003,31.0,4.95,1.99,4.97,0.16,0.0,0.0,1027.0,8228.0,0.0,0.0,0.0,0.0,0.0,1.0,0.0,0.0,0.0,0.0,0.0,-0.3,0.0,-0.3,0.0,0.0,16.0,25903.0
2026-07-30T18:59:47.907Z,157.39,157.404,0.0,7.4,0.0,0.0,0.0,0.0,0.0,0.0,0.0,0.0,1.0,0.0,0.0,0.0,9.0,4.0,0.0,0.0,0.0,0.0,0.0,0.0,0.0,0.0,3.0,12.0,1.0,12.15,5.01,2.5,1.49,0.0,0.0,0.0,0.4,0.0,-0.7000000000000001,-0.5,-2.0,-169.60000000000002,0.0,0.0,169.8,0.0,21.4,30.1,30.1,30.8,300.0,300.0,31.1,35.0,29.9,29.200000000000003,31.0,4.96,2.0,4.97,0.16,0.0,0.0,1027.0,8228.0,0.0,0.0,0.0,0.0,0.0,1.0,0.0,0.0,0.0,0.0,0.0,-2.0,0.0,1.6,0.0,0.0002,16.0,25903.0
2026-07-30T18:59:47.920Z,157.403,157.416,0.0,7.4,0.0,0.0,0.0,0.0,0.0,0.0,0.0,0.0,1.0,0.0,0.0,0.0,9.0,4.0,0.0,0.0,0.0,0.0,0.0,0.0,0.0,0.0,4.0,12.0,1.0,12.15,5.01,2.5,1.49,0.0,0.0,0.0,0.4,0.0,-0.7000000000000001,0.0,0.3,-169.60000000000002,0.0,0.0,169.70000000000002,0.0,21.4,30.1,30.1,30.8,300.0,300.0,31.1,35.0,29.9,29.200000000000003,31.0,4.95,2.0,4.96,0.16,0.0,0.0,1027.0,8228.0,0.0,0.0,0.0,0.0,0.0,1.0,0.0,0.0,0.0,0.0,0.0,0.3,0.0,-0.2,0.0,0.0001,16.0,25903.0
2026-07-30T18:59:47.932Z,157.415,157.428,0.0,7.4,0.0,0.0,0.0,0.0,0.0,0.0,0.0,0.0,1.0,0.0,0.0,0.0,9.0,4.0,0.0,0.0,0.0,0.0,0.0,0.0,0.0,0.0,5.0,12.0,1.0,12.15,5.01,2.5,1.49,0.0,0.1,0.0,0.4,0.0,-0.2,-0.4,-0.1,-169.60000000000002,0.0,0.0,169.60000000000002,0.0,21.4,30.1,30.1,30.8,300.0,300.0,31.1,35.0,29.9,29.200000000000003,31.0,4.96,1.99,4.97,0.16,0.0,0.0,1027.0,8228.0,0.0,0.0,0.0,0.0,0.0,1.0,0.0,0.0,0.0,0.0,0.0,-0.7000000000000001,0.0,0.0,0.0,0.0001,16.0,25903.0
2026-07-30T18:59:47.943Z,157.426,157.44,0.0,7.4,0.0,0.0,0.0,0.0,0.0,0.0,0.0,0.0,1.0,0.0,0.0,0.0,9.0,4.0,0.0,0.0,0.0,0.0,0.0,0.0,0.0,0.0,1.0,12.0,1.0,12.15,5.01,2.5,1.49,0.0,0.1,0.0,0.5,0.0,-0.8,-0.5,-0.8,-169.60000000000002,0.0,0.0,169.8,0.0,21.4,30.1,30.1,30.8,300.0,300.0,31.1,35.0,29.9,29.200000000000003,31.0,4.96,2.0,4.96,0.16,0.0,0.0,1027.0,8228.0,0.0,0.0,0.0,0.0,0.0,1.0,0.0,0.0,0.0,0.0,0.0,-1.2000000000000002,0.0,0.6000000000000001,0.0,0.0002,16.0,25903.0
2026-07-30T18:59:47.955Z,157.438,157.452,0.0,7.4,0.0,0.0,0.0,0.0,0.0,0.0,0.0,0.0,1.0,0.0,0.0,0.0,9.0,4.0,0.0,0.0,0.0,0.0,0.0,0.0,0.0,0.0,2.0,12.0,1.0,12.15,5.01,2.5,1.49,0.0,0.0,0.0,0.4,0.0,0.9,0.6000000000000001,-2.0,-169.60000000000002,0.0,0.0,169.8,0.0,21.4,30.1,30.1,30.8,300.0,300.0,31.1,35.0,29.9,29.200000000000003,31.0,4.96,1.99,4.96,0.16,0.0,0.0,1027.0,8228.0,0.0,0.0,0.0,0.0,0.0,1.0,0.0,0.0,0.0,0.0,0.0,-0.7000000000000001,0.0,1.9,0.0,0.0002,16.0,25903.0
2026-07-30T18:59:47.968Z,157.451,157.464,0.0,7.4,0.0,0.0,0.0,0.0,0.0,0.0,0.0,0.0,1.0,0.0,0.0,0.0,9.0,4.0,0.0,0.0,0.0,0.0,0.0,0.0,0.0,0.0,3.0,12.0,1.0,12.15,5.01,2.5,1.49,0.0,0.0,0.0,0.4,0.0,0.3,0.6000000000000001,0.3,-169.70000000000002,0.0,0.0,169.8,0.0,21.4,30.1,30.1,30.8,300.0,300.0,31.1,35.0,29.9,29.200000000000003,31.0,4.95,1.99,4.97,0.16,0.0,0.0,1027.0,8228.0,0.0,0.0,0.0,0.0,0.0,1.0,0.0,0.0,0.0,0.0,0.0,1.0,0.0,-0.1,0.0,0.0,16.0,25903.0
2026-07-30T18:59:47.980Z,157.463,157.476,0.0,7.4,0.0,0.0,0.0,0.0,0.0,0.0,0.0,0.0,1.0,0.0,0.0,0.0,9.0,4.0,0.0,0.0,0.0,0.0,0.0,0.0,0.0,0.0,4.0,12.0,1.0,12.15,5.01,2.5,1.49,0.0,0.0,0.0,0.4,0.0,0.3,0.0,-1.4,-169.70000000000002,0.0,0.0,169.8,0.0,21.4,30.1,30.1,30.8,300.0,300.0,31.1,35.0,29.9,29.200000000000003,31.0,4.96,2.0,4.96,0.16,0.0,0.0,1027.0,8228.0,0.0,0.0,0.0,0.0,0.0,1.0,0.0,0.0,0.0,0.0,0.0,-1.0,0.0,1.2000000000000002,0.0,0.0,16.0,25903.0
2026-07-30T18:59:47.993Z,157.476,157.488,0.0,7.4,0.0,0.0,0.0,0.0,0.0,0.0,0.0,0.0,1.0,0.0,0.0,0.0,9.0,4.0,0.0,0.0,0.0,0.0,0.0,0.0,0.0,0.0,5.0,12.0,1.0,12.15,5.01,2.5,1.49,0.0,0.0,0.0,0.4,0.0,0.8,0.6000000000000001,0.9,-169.70000000000002,0.0,0.0,169.8,0.0,21.8,30.1,30.1,30.8,300.0,300.0,31.1,35.0,29.9,29.200000000000003,31.0,4.96,2.0,4.96,0.16,0.0,0.0,1027.0,8228.0,0.0,0.0,0.0,0.0,0.0,1.0,0.0,0.0,0.0,0.0,0.0,1.4,0.0,-0.7000000000000001,0.0,0.0,16.0,25903.0
2026-07-30T18:59:48.004Z,157.487,157.5,0.0,7.4,0.0,0.0,0.0,0.0,0.0,0.0,0.0,0.0,1.0,0.0,0.0,0.0,9.0,4.0,0.0,0.0,0.0,0.0,0.0,0.0,0.0,0.0,6.0,12.0,1.0,12.15,5.01,2.5,1.49,0.0,0.0,0.0,0.4,0.0,-0.9,-0.5,-0.1,-169.70000000000002,0.0,0.0,169.70000000000002,0.0,21.8,30.1,30.1,30.8,300.0,300.0,31.1,35.0,29.9,29.200000000000003,31.0,4.95,1.99,4.96,0.16,0.0,0.0,1027.0,8228.0,0.0,0.0,0.0,0.0,0.0,1.0,0.0,0.0,0.0,0.0,0.0,-0.7000000000000001,0.0,0.0,0.0,0.0001,16.0,25903.0
2026-07-30T18:59:48.024Z,157.507,157.512,0.0,7.4,0.0,0.0,0.0,0.0,0.0,0.0,0.0,0.0,1.0,0.0,0.0,0.0,9.0,4.0,0.0,0.0,0.0,0.0,0.0,0.0,0.0,0.0,1.0,12.0,1.0,12.15,5.01,2.5,1.49,0.0,0.0,0.0,0.4,0.0,-0.9,-1.0,-0.7000000000000001,-169.70000000000002,0.0,0.0,169.60000000000002,0.0,21.8,30.1,30.1,30.8,300.0,300.0,31.1,35.0,29.9,29.200000000000003,31.0,4.96,1.99,4.97,0.16,0.0,0.0,1027.0,8228.0,0.0,0.0,0.0,0.0,0.0,1.0,0.0,0.0,0.0,0.0,0.0,-1.8,0.0,0.4,0.0,0.0,16.0,25903.0
2026-07-30T18:59:48.029Z,157.512,157.524,0.0,7.4,0.0,0.0,0.0,0.0,0.0,0.0,0.0,0.0,1.0,0.0,0.0,0.0,9.0,4.0,0.0,0.0,0.0,0.0,0.0,0.0,0.0,0.0,4.0,12.0,1.0,12.15,5.01,2.5,1.49,0.0,0.0,0.0,0.4,0.0,0.2,-2.2,-0.7000000000000001,-169.70000000000002,0.0,0.0,169.60000000000002,0.0,21.8,30.1,30.1,30.8,300.0,300.0,31.1,35.0,29.9,29.200000000000003,31.0,4.96,1.99,4.96,0.16,0.0,0.0,1027.0,8228.0,0.0,0.0,0.0,0.0,0.0,1.0,0.0,0.0,0.0,0.0,0.0,-3.1,0.0,0.1,0.0,0.0001,16.0,25903.0
2026-07-30T18:59:48.040Z,157.523,157.536,0.0,7.4,0.0,0.0,0.0,0.0,0.0,0.0,0.0,0.0,1.0,0.0,0.0,0.0,9.0,4.0,0.0,0.0,0.0,0.0,0.0,0.0,0.0,0.0,2.0,12.0,1.0,12.15,5.01,2.5,1.49,0.0,0.0,0.0,0.4,0.0,0.3,1.1,0.3,-169.70000000000002,0.0,0.0,169.8,0.0,21.8,30.1,30.1,30.8,300.0,300.0,31.1,35.0,29.9,29.200000000000003,31.0,4.96,1.99,4.97,0.16,0.0,0.0,1027.0,8228.0,0.0,0.0,0.0,0.0,0.0,1.0,0.0,0.0,0.0,0.0,0.0,1.6,0.0,0.0,0.0,0.0,16.0,25903.0
2026-07-30T18:59:48.052Z,157.535,157.548,0.0,7.4,0.0,0.0,0.0,0.0,0.0,0.0,0.0,0.0,1.0,0.0,0.0,0.0,9.0,4.0,0.0,0.0,0.0,0.0,0.0,0.0,0.0,0.0,3.0,12.0,1.0,12.15,5.01,2.5,1.49,0.0,0.0,0.0,0.4,0.0,0.8,0.0,1.5,-169.70000000000002,0.0,0.0,169.60000000000002,0.0,21.8,30.1,30.1,30.8,300.0,300.0,31.1,35.0,29.9,29.200000000000003,31.0,4.95,1.99,4.97,0.16,0.0,0.0,1027.0,8228.0,0.0,0.0,0.0,0.0,0.0,1.0,0.0,0.0,0.0,0.0,0.0,1.2000000000000002,0.0,-1.3,0.0,0.0003,16.0,25903.0
2026-07-30T18:59:48.063Z,157.546,157.56,0.0,7.4,0.0,0.0,0.0,0.0,0.0,0.0,0.0,0.0,1.0,0.0,0.0,0.0,9.0,4.0,0.0,0.0,0.0,0.0,0.0,0.0,0.0,0.0,5.0,12.0,1.0,12.15,5.01,2.5,1.49,0.0,0.0,0.0,0.4,0.0,-0.2,0.6000000000000001,0.3,-169.70000000000002,0.0,0.0,169.70000000000002,0.0,21.8,30.1,30.1,30.8,300.0,300.0,31.1,35.0,29.9,29.200000000000003,31.0,4.96,1.99,4.97,0.16,0.0,0.0,1027.0,8228.0,0.0,0.0,0.0,0.0,0.0,1.0,0.0,0.0,0.0,0.0,0.0,1.0,0.0,-0.2,0.0,0.0002,16.0,25903.0
2026-07-30T18:59:48.076Z,157.559,157.572,0.0,7.4,0.0,0.0,0.0,0.0,0.0,0.0,0.0,0.0,1.0,0.0,0.0,0.0,9.0,4.0,0.0,0.0,0.0,0.0,0.0,0.0,0.0,0.0,6.0,12.0,1.0,12.15,5.01,2.5,1.49,0.0,0.0,0.0,0.4,0.0,0.8,-1.1,-1.3,-169.70000000000002,0.0,0.0,169.70000000000002,0.0,21.8,30.1,30.1,30.8,300.0,300.0,31.1,35.0,29.9,29.200000000000003,31.0,4.95,2.0,4.97,0.16,0.0,0.0,1027.0,8228.0,0.0,0.0,0.0,0.0,0.0,1.0,0.0,0.0,0.0,0.0,0.0,-2.2,0.0,0.9,0.0,0.0,16.0,25903.0
2026-07-30T18:59:48.088Z,157.571,157.584,0.0,7.4,0.0,0.0,0.0,0.0,0.0,0.0,0.0,0.0,1.0,0.0,0.0,0.0,9.0,4.0,0.0,0.0,0.0,0.0,0.0,0.0,0.0,0.0,2.0,12.0,1.0,12.15,5.01,2.5,1.49,0.0,0.1,0.0,0.4,0.0,0.8,0.0,0.3,-169.70000000000002,0.0,0.0,169.8,0.0,21.8,30.1,30.1,30.8,300.0,300.0,31.1,35.0,29.9,29.200000000000003,31.0,4.95,1.99,4.97,0.16,0.0,0.0,1027.0,8228.0,0.0,0.0,0.0,0.0,0.0,1.0,0.0,0.0,0.0,0.0,0.0,0.3,0.0,-0.3,0.0,0.0,16.0,25903.0
2026-07-30T18:59:48.100Z,157.583,157.596,0.0,7.4,0.0,0.0,0.0,0.0,0.0,0.0,0.0,0.0,1.0,0.0,0.0,0.0,9.0,4.0,0.0,0.0,0.0,0.0,0.0,0.0,0.0,0.0,3.0,12.0,1.0,12.19,5.0200000000000005,2.51,1.5,0.0,0.0,0.0,0.5,0.0,-0.2,0.0,-0.2,-169.70000000000002,0.0,0.0,169.8,0.0,21.3,30.1,30.1,30.8,300.0,300.0,31.200000000000003,35.0,29.9,29.200000000000003,31.0,4.96,1.99,4.97,0.16,0.0,0.0,1027.0,8228.0,0.0,0.0,0.0,0.0,0.0,1.0,0.0,0.0,0.0,0.0,0.0,-0.1,0.0,0.2,0.0,0.0001,16.0,25903.0
2026-07-30T18:59:48.112Z,157.595,157.608,0.0,7.4,0.0,0.0,0.0,0.0,0.0,0.0,0.0,0.0,1.0,0.0,0.0,0.0,9.0,4.0,0.0,0.0,0.0,0.0,0.0,0.0,0.0,0.0,4.0,12.0,1.0,12.19,5.0200000000000005,2.51,1.5,0.0,0.0,0.0,0.5,0.0,0.2,-0.5,0.9,-169.70000000000002,0.0,0.0,169.70000000000002,0.0,21.3,30.1,30.1,30.8,300.0,300.0,31.200000000000003,35.0,29.9,29.200000000000003,31.0,4.96,1.99,4.96,0.16,0.0,0.0,1027.0,8228.0,0.0,0.0,0.0,0.0,0.0,1.0,0.0,0.0,0.0,0.0,0.0,0.1,0.0,-0.9,0.0,0.0,16.0,25903.0
2026-07-30T18:59:48.124Z,157.607,157.62,0.0,7.4,0.0,0.0,0.0,0.0,0.0,0.0,0.0,0.0,1.0,0.0,0.0,0.0,9.0,4.0,0.0,0.0,0.0,0.0,0.0,0.0,0.0,0.0,5.0,12.0,1.0,12.19,5.0200000000000005,2.51,1.5,0.0,0.0,0.0,0.5,0.0,0.2,0.0,-0.7000000000000001,-169.70000000000002,0.0,0.0,169.8,0.0,21.3,30.1,30.1,30.8,300.0,300.0,31.200000000000003,35.0,29.9,29.200000000000003,31.0,4.95,1.99,4.97,0.16,0.0,0.0,1027.0,8228.0,0.0,0.0,0.0,0.0,0.0,1.0,0.0,0.0,0.0,0.0,0.0,-0.4,0.0,0.6000000000000001,0.0,0.0002,16.0,25903.0
2026-07-30T18:59:48.136Z,157.619,157.632,0.0,7.4,0.0,0.0,0.0,0.0,0.0,0.0,0.0,0.0,1.0,0.0,0.0,0.0,9.0,4.0,0.0,0.0,0.0,0.0,0.0,0.0,0.0,0.0,6.0,12.0,1.0,12.19,5.0200000000000005,2.51,1.5,0.0,0.0,0.0,0.4,0.0,0.2,0.0,-0.1,-169.70000000000002,0.0,0.0,169.8,0.0,21.3,30.1,30.1,30.8,300.0,300.0,31.200000000000003,35.0,29.9,29.200000000000003,31.0,4.95,2.0,4.96,0.16,0.0,0.0,1027.0,8228.0,0.0,0.0,0.0,0.0,0.0,1.0,0.0,0.0,0.0,0.0,0.0,0.0,0.0,0.1,0.0,0.0001,16.0,25903.0
2026-07-30T18:59:48.148Z,157.631,157.644,0.0,7.4,0.0,0.0,0.0,0.0,0.0,0.0,0.0,0.0,1.0,0.0,0.0,0.0,9.0,4.0,0.0,0.0,0.0,0.0,0.0,0.0,0.0,0.0,2.0,12.0,1.0,12.19,5.0200000000000005,2.51,1.5,0.0,0.0,0.0,0.4,0.0,0.2,1.2000000000000002,-0.1,-169.70000000000002,0.0,0.0,169.70000000000002,0.0,21.3,30.1,30.1,30.8,300.0,300.0,31.200000000000003,35.0,29.9,29.200000000000003,31.0,4.95,2.0,4.96,0.16,0.0,0.0,1027.0,8228.0,0.0,0.0,0.0,0.0,0.0,1.0,0.0,0.0,0.0,0.0,0.0,-0.9,0.0,1.1,0.0,0.0,16.0,25903.0
2026-07-30T18:59:48.160Z,157.643,157.656,0.0,7.4,0.0,0.0,0.0,0.0,0.0,0.0,0.0,0.0,1.0,0.0,0.0,0.0,9.0,4.0,0.0,0.0,0.0,0.0,0.0,0.0,0.0,0.0,3.0,12.0,1.0,12.19,5.0200000000000005,2.51,1.5,0.0,0.0,0.0,0.4,0.0,-0.3,-0.5,-0.2,-169.70000000000002,0.0,0.0,169.70000000000002,0.0,21.3,30.1,30.1,30.8,300.0,300.0,31.200000000000003,35.0,29.9,29.200000000000003,31.0,4.95,2.0,4.96,0.16,0.0,0.0,1027.0,8228.0,0.0,0.0,0.0,0.0,0.0,1.0,0.0,0.0,0.0,0.0,0.0,-1.6,0.0,1.0,0.0,0.0,16.0,25903.0
2026-07-30T18:59:48.172Z,157.655,157.668,0.0,7.4,0.0,0.0,0.0,0.0,0.0,0.0,0.0,0.0,1.0,0.0,0.0,0.0,9.0,4.0,0.0,0.0,0.0,0.0,0.0,0.0,0.0,0.0,4.0,12.0,1.0,12.19,5.0200000000000005,2.51,1.5,0.0,0.0,0.0,0.4,0.0,-0.3,0.5,-0.1,-169.70000000000002,0.0,0.0,169.8,0.0,21.3,30.1,30.1,30.8,300.0,300.0,31.200000000000003,35.0,29.9,29.200000000000003,31.0,4.95,1.99,4.97,0.16,0.0,0.0,1027.0,8228.0,0.0,0.0,0.0,0.0,0.0,1.0,0.0,0.0,0.0,0.0,0.0,-0.1,0.0,0.1,0.0,0.0001,16.0,25903.0
2026-07-30T18:59:48.184Z,157.667,157.68,0.0,7.4,0.0,0.0,0.0,0.0,0.0,0.0,0.0,0.0,1.0,0.0,0.0,0.0,9.0,4.0,0.0,0.0,0.0,0.0,0.0,0.0,0.0,0.0,5.0,12.0,1.0,12.19,5.0200000000000005,2.51,1.5,0.0,0.0,0.0,0.4,0.0,0.2,1.1,-0.7000000000000001,-169.70000000000002,0.0,0.0,169.8,0.0,21.3,30.1,30.1,30.8,300.0,300.0,31.200000000000003,35.0,29.9,29.200000000000003,31.0,4.95,1.99,4.96,0.16,0.0,0.0,1027.0,8228.0,0.0,0.0,0.0,0.0,0.0,1.0,0.0,0.0,0.0,0.0,0.0,0.7000000000000001,0.0,0.9,0.0,0.0001,16.0,25903.0
2026-07-30T18:59:48.197Z,157.68,157.692,0.0,7.4,0.0,0.0,0.0,0.0,0.0,0.0,0.0,0.0,1.0,0.0,0.0,0.0,9.0,4.0,0.0,0.0,0.0,0.0,0.0,0.0,0.0,0.0,6.0,12.0,1.0,12.17,5.01,2.51,1.49,0.0,0.0,0.0,0.5,0.0,-0.3,0.0,0.4,-169.70000000000002,0.0,0.0,169.8,0.0,21.700000000000003,30.1,30.1,30.8,300.0,300.0,31.1,35.0,29.9,29.1,31.0,4.96,1.99,4.96,0.16,0.0,0.0,1027.0,8228.0,0.0,0.0,0.0,0.0,0.0,1.0,0.0,0.0,0.0,0.0,0.0,0.2,0.0,-0.3,0.0,0.0001,16.0,25903.0
2026-07-30T18:59:48.207Z,157.69,157.704,0.0,7.4,0.0,0.0,0.0,0.0,0.0,0.0,0.0,0.0,1.0,0.0,0.0,0.0,9.0,4.0,0.0,0.0,0.0,0.0,0.0,0.0,0.0,0.0,1.0,12.0,1.0,12.17,5.01,2.51,1.49,0.0,0.1,0.0,0.4,0.0,0.8,0.0,-1.3,-169.70000000000002,0.0,0.0,169.70000000000002,0.0,21.700000000000003,30.1,30.1,30.8,300.0,300.0,31.1,35.0,29.9,29.1,31.0,4.95,1.99,4.97,0.16,0.0,0.0,1027.0,8228.0,0.0,0.0,0.0,0.0,0.0,1.0,0.0,0.0,0.0,0.0,0.0,-1.0,0.0,1.1,0.0,0.0,16.0,25903.0
2026-07-30T18:59:48.220Z,157.703,157.716,0.0,7.4,0.0,0.0,0.0,0.0,0.0,0.0,0.0,0.0,1.0,0.0,0.0,0.0,9.0,4.0,0.0,0.0,0.0,0.0,0.0,0.0,0.0,0.0,2.0,12.0,1.0,12.17,5.01,2.51,1.49,0.0,0.0,0.0,0.4,0.0,-0.3,0.5,0.3,-169.70000000000002,0.0,0.0,169.8,0.0,21.700000000000003,30.1,30.1,30.8,300.0,300.0,31.1,35.0,29.9,29.1,31.0,4.96,2.0,4.97,0.16,0.0,0.0,1027.0,8228.0,0.0,0.0,0.0,0.0,0.0,1.0,0.0,0.0,0.0,0.0,0.0,0.9,0.0,-0.2,0.0,0.0001,16.0,25903.0
2026-07-30T18:59:48.231Z,157.714,157.728,0.0,7.4,0.0,0.0,0.0,0.0,0.0,0.0,0.0,0.0,1.0,0.0,0.0,0.0,9.0,4.0,0.0,0.0,0.0,0.0,0.0,0.0,0.0,0.0,4.0,12.0,1.0,12.17,5.01,2.51,1.49,0.0,0.0,0.0,0.5,0.0,-0.3,0.5,-0.1,-169.70000000000002,0.0,0.0,169.8,0.0,21.700000000000003,30.1,30.1,30.8,300.0,300.0,31.1,35.0,29.9,29.1,31.0,4.96,1.99,4.96,0.16,0.0,0.0,1027.0,8228.0,0.0,0.0,0.0,0.0,0.0,1.0,0.0,0.0,0.0,0.0,0.0,0.4,0.0,0.2,0.0,0.0001,16.0,25903.0
2026-07-30T18:59:48.243Z,157.726,157.74,0.0,7.4,0.0,0.0,0.0,0.0,0.0,0.0,0.0,0.0,1.0,0.0,0.0,0.0,9.0,4.0,0.0,0.0,0.0,0.0,0.0,0.0,0.0,0.0,5.0,12.0,1.0,12.17,5.01,2.51,1.49,0.0,0.0,0.0,0.4,0.0,-0.3,0.0,-0.7000000000000001,-169.70000000000002,0.0,0.0,169.8,0.0,21.700000000000003,30.1,30.1,30.8,300.0,300.0,31.1,35.0,29.9,29.1,31.0,4.96,1.99,4.96,0.16,0.0,0.0,1027.0,8228.0,0.0,0.0,0.0,0.0,0.0,1.0,0.0,0.0,0.0,0.0,0.0,-0.5,0.0,0.6000000000000001,0.0,0.0,16.0,25903.0
2026-07-30T18:59:48.256Z,157.739,157.752,0.0,7.4,0.0,0.0,0.0,0.0,0.0,0.0,0.0,0.0,1.0,0.0,0.0,0.0,9.0,4.0,0.0,0.0,0.0,0.0,0.0,0.0,0.0,0.0,6.0,12.0,1.0,12.17,5.01,2.51,1.49,0.0,0.0,0.0,0.4,0.0,-0.9,-0.6000000000000001,-1.8,-169.70000000000002,0.0,0.0,169.8,0.0,21.700000000000003,30.1,30.1,30.8,300.0,300.0,31.1,35.0,29.9,29.1,31.0,4.95,1.99,4.97,0.16,0.0,0.0,1027.0,8228.0,0.0,0.0,0.0,0.0,0.0,1.0,0.0,0.0,0.0,0.0,0.0,-2.0,0.0,1.5,0.0,0.0001,16.0,25903.0
2026-07-30T18:59:48.267Z,157.75,157.764,0.0,7.4,0.0,0.0,0.0,0.0,0.0,0.0,0.0,0.0,1.0,0.0,0.0,0.0,9.0,4.0,0.0,0.0,0.0,0.0,0.0,0.0,0.0,0.0,2.0,12.0,1.0,12.17,5.01,2.51,1.49,0.0,0.0,0.0,0.4,0.0,0.8,-0.5,-0.6000000000000001,-169.70000000000002,0.0,0.0,169.8,0.0,21.700000000000003,30.1,30.1,30.8,300.0,300.0,31.1,35.0,29.9,29.1,31.0,4.96,1.99,4.96,0.16,0.0,0.0,1027.0,8228.0,0.0,0.0,0.0,0.0,0.0,1.0,0.0,0.0,0.0,0.0,0.0,-1.1,0.0,0.4,0.0,0.0,16.0,25903.0
2026-07-30T18:59:48.279Z,157.762,157.776,0.0,7.4,0.0,0.0,0.0,0.0,0.0,0.0,0.0,0.0,1.0,0.0,0.0,0.0,9.0,4.0,0.0,0.0,0.0,0.0,0.0,0.0,0.0,0.0,3.0,12.0,1.0,12.17,5.01,2.51,1.49,0.0,0.0,0.0,0.4,0.0,-0.8,-0.5,-0.6000000000000001,-169.70000000000002,0.0,0.0,169.8,0.0,21.700000000000003,30.1,30.1,30.8,300.0,300.0,31.1,35.0,29.9,29.1,31.0,4.96,2.0,4.97,0.16,0.0,0.0,1027.0,8228.0,0.0,0.0,0.0,0.0,0.0,1.0,0.0,0.0,0.0,0.0,0.0,-1.0,0.0,0.4,0.0,0.0001,16.0,25903.0
2026-07-30T18:59:48.292Z,157.775,157.788,0.0,7.4,0.0,0.0,0.0,0.0,0.0,0.0,0.0,0.0,1.0,0.0,0.0,0.0,9.0,4.0,0.0,0.0,0.0,0.0,0.0,0.0,0.0,0.0,4.0,12.0,1.0,12.17,5.01,2.51,1.49,0.0,0.1,0.0,0.4,0.0,-0.9,0.0,-0.1,-169.70000000000002,0.0,0.0,169.70000000000002,0.0,21.700000000000003,30.1,30.1,30.8,300.0,300.0,31.1,35.0,29.9,29.1,31.0,4.95,1.99,4.97,0.16,0.0,0.0,1027.0,8228.0,0.0,0.0,0.0,0.0,0.0,1.0,0.0,0.0,0.0,0.0,0.0,0.0,0.0,0.1,0.0,0.0,16.0,25903.0
2026-07-30T18:59:48.303Z,157.786,157.8,0.0,7.4,0.0,0.0,0.0,0.0,0.0,0.0,0.0,0.0,1.0,0.0,0.0,0.0,9.0,4.0,0.0,0.0,0.0,0.0,0.0,0.0,0.0,0.0,6.0,12.0,1.0,12.18,5.01,2.51,1.49,0.0,0.1,0.0,0.4,0.0,0.3,-0.4,0.0,-169.70000000000002,0.0,0.0,169.8,0.0,21.3,30.1,30.1,30.8,300.0,300.0,31.1,35.0,29.9,29.200000000000003,31.0,4.96,1.99,4.96,0.16,0.0,0.0,1027.0,8228.0,0.0,0.0,0.0,0.0,0.0,1.0,0.0,0.0,0.0,0.0,0.0,-0.5,0.0,0.0,0.0,0.0001,16.0,25903.0
2026-07-30T18:59:48.316Z,157.799,157.812,0.0,7.4,0.0,0.0,0.0,0.0,0.0,0.0,0.0,0.0,1.0,0.0,0.0,0.0,9.0,4.0,0.0,0.0,0.0,0.0,0.0,0.0,0.0,0.0,1.0,12.0,1.0,12.18,5.01,2.51,1.49,0.0,0.1,0.0,0.4,0.0,0.3,-0.5,0.0,-169.70000000000002,0.0,0.0,169.70000000000002,0.0,21.3,30.1,30.1,30.8,300.0,300.0,31.1,35.0,29.9,29.200000000000003,31.0,4.95,2.0,4.97,0.16,0.0,0.0,1027.0,8228.0,0.0,0.0,0.0,0.0,0.0,1.0,0.0,0.0,0.0,0.0,0.0,-0.6000000000000001,0.0,0.0,0.0,0.0001,16.0,25903.0
2026-07-30T18:59:48.327Z,157.81,157.824,0.0,7.4,0.0,0.0,0.0,0.0,0.0,0.0,0.0,0.0,1.0,0.0,0.0,0.0,9.0,4.0,0.0,0.0,0.0,0.0,0.0,0.0,0.0,0.0,3.0,12.0,1.0,12.18,5.01,2.51,1.49,0.0,0.0,0.0,0.4,0.0,-0.7000000000000001,1.2000000000000002,-0.6000000000000001,-169.70000000000002,0.0,0.0,169.8,0.0,21.3,30.1,30.1,30.8,300.0,300.0,31.1,35.0,29.9,29.200000000000003,31.0,4.95,1.99,4.97,0.16,0.0,0.0,1027.0,8228.0,0.0,0.0,0.0,0.0,0.0,1.0,0.0,0.0,0.0,0.0,0.0,0.9,0.0,0.8,0.0,0.0002,16.0,25903.0
2026-07-30T18:59:48.345Z,157.828,157.836,0.0,7.4,0.0,0.0,0.0,0.0,0.0,0.0,0.0,0.0,1.0,0.0,0.0,0.0,9.0,4.0,0.0,0.0,0.0,0.0,0.0,0.0,0.0,0.0,4.0,12.0,1.0,12.18,5.01,2.51,1.49,0.0,0.0,0.0,0.4,0.0,-0.2,0.1,-0.6000000000000001,-169.70000000000002,0.0,0.0,169.70000000000002,0.0,21.3,30.1,30.1,30.8,300.0,300.0,31.1,35.0,29.9,29.200000000000003,31.0,4.95,2.0,4.97,0.16,0.0,0.0,1027.0,8228.0,0.0,0.0,0.0,0.0,0.0,1.0,0.0,0.0,0.0,0.0,0.0,-0.3,0.0,0.5,0.0,0.0,16.0,25903.0
2026-07-30T18:59:48.351Z,157.834,157.848,0.0,7.4,0.0,0.0,0.0,0.0,0.0,0.0,0.0,0.0,1.0,0.0,0.0,0.0,9.0,4.0,0.0,0.0,0.0,0.0,0.0,0.0,0.0,0.0,2.0,12.0,1.0,12.18,5.01,2.51,1.49,0.0,0.0,0.0,0.4,0.0,-0.7000000000000001,-1.0,-0.5,-169.70000000000002,0.0,0.0,169.70000000000002,0.0,21.3,30.1,30.1,30.8,300.0,300.0,31.1,35.0,29.9,29.200000000000003,31.0,4.96,2.0,4.96,0.16,0.0,0.0,1027.0,8228.0,0.0,0.0,0.0,0.0,0.0,1.0,0.0,0.0,0.0,0.0,0.0,-1.6,0.0,0.3,0.0,0.0001,16.0,25903.0
2026-07-30T18:59:48.364Z,157.847,157.86,0.0,7.4,0.0,0.0,0.0,0.0,0.0,0.0,0.0,0.0,1.0,0.0,0.0,0.0,9.0,4.0,0.0,0.0,0.0,0.0,0.0,0.0,0.0,0.0,3.0,12.0,1.0,12.18,5.01,2.51,1.49,0.0,0.0,0.0,0.4,0.0,-0.2,-0.4,-1.1,-169.70000000000002,0.0,0.0,169.70000000000002,0.0,21.3,30.1,30.1,30.8,300.0,300.0,31.1,35.0,29.9,29.200000000000003,31.0,4.95,1.99,4.97,0.16,0.0,0.0,1027.0,8228.0,0.0,0.0,0.0,0.0,0.0,1.0,0.0,0.0,0.0,0.0,0.0,-1.3,0.0,0.9,0.0,0.0,16.0,25903.0
2026-07-30T18:59:48.376Z,157.859,157.872,0.0,7.4,0.0,0.0,0.0,0.0,0.0,0.0,0.0,0.0,1.0,0.0,0.0,0.0,9.0,4.0,0.0,0.0,0.0,0.0,0.0,0.0,0.0,0.0,4.0,12.0,1.0,12.18,5.01,2.51,1.49,0.0,0.0,0.0,0.4,0.0,-1.3,0.6000000000000001,0.0,-169.70000000000002,0.0,0.0,169.70000000000002,0.0,21.3,30.1,30.1,30.8,300.0,300.0,31.1,35.0,29.9,29.200000000000003,31.0,4.95,1.99,4.96,0.16,0.0,0.0,1027.0,8228.0,0.0,0.0,0.0,0.0,0.0,1.0,0.0,0.0,0.0,0.0,0.0,0.7000000000000001,0.0,0.1,0.0,0.0,16.0,25903.0
2026-07-30T18:59:48.388Z,157.871,157.884,0.0,7.4,0.0,0.0,0.0,0.0,0.0,0.0,0.0,0.0,1.0,0.0,0.0,0.0,9.0,4.0,0.0,0.0,0.0,0.0,0.0,0.0,0.0,0.0,6.0,12.0,1.0,12.18,5.01,2.51,1.49,0.0,0.0,0.0,0.4,0.0,-0.7000000000000001,0.7000000000000001,-0.5,-169.70000000000002,0.0,0.0,169.70000000000002,0.0,21.3,30.1,30.1,30.8,300.0,300.0,31.1,35.0,29.9,29.200000000000003,31.0,4.96,2.0,4.96,0.16,0.0,0.0,1027.0,8228.0,0.0,0.0,0.0,0.0,0.0,1.0,0.0,0.0,0.0,0.0,0.0,0.3,0.0,0.6000000000000001,0.0,0.0001,16.0,25903.0
2026-07-30T18:59:48.401Z,157.884,157.89600000000002,0.0,7.4,0.0,0.0,0.0,0.0,0.0,0.0,0.0,0.0,1.0,0.0,0.0,0.0,9.0,4.0,0.0,0.0,0.0,0.0,0.0,0.0,0.0,0.0,6.0,12.0,1.0,12.15,5.01,2.51,1.49,0.0,0.0,0.0,0.4,0.0,-0.1,-0.4,0.0,-169.70000000000002,0.0,0.0,169.60000000000002,0.0,21.8,30.1,30.1,30.700000000000003,300.0,300.0,31.1,35.0,29.9,29.200000000000003,31.0,4.95,2.0,4.96,0.16,0.0,0.0,1027.0,8228.0,0.0,0.0,0.0,0.0,0.0,1.0,0.0,0.0,0.0,0.0,0.0,-0.4,0.0,-0.1,0.0,0.0,16.0,25903.0
2026-07-30T18:59:48.411Z,157.894,157.90800000000002,0.0,7.4,0.0,0.0,0.0,0.0,0.0,0.0,0.0,0.0,1.0,0.0,0.0,0.0,9.0,4.0,0.0,0.0,0.0,0.0,0.0,0.0,0.0,0.0,6.0,12.0,1.0,12.15,5.01,2.51,1.49,0.0,0.0,0.0,0.5,0.0,-0.7000000000000001,0.0,1.1,-169.70000000000002,0.0,0.0,169.60000000000002,0.0,21.8,30.1,30.1,30.700000000000003,300.0,300.0,31.1,35.0,29.9,29.200000000000003,31.0,4.96,1.99,4.97,0.16,0.0,0.0,1027.0,8228.0,0.0,0.0,0.0,0.0,0.0,1.0,0.0,0.0,0.0,0.0,0.0,0.9,0.0,-1.0,0.0,0.0001,16.0,25903.0
2026-07-30T18:59:48.424Z,157.907,157.92000000000002,0.0,7.4,0.0,0.0,0.0,0.0,0.0,0.0,0.0,0.0,1.0,0.0,0.0,0.0,9.0,4.0,0.0,0.0,0.0,0.0,0.0,0.0,0.0,0.0,1.0,12.0,1.0,12.15,5.01,2.51,1.49,0.0,0.0,0.0,0.5,0.0,0.3,0.6000000000000001,0.6000000000000001,-169.70000000000002,0.0,0.0,169.70000000000002,0.0,21.8,30.1,30.1,30.700000000000003,300.0,300.0,31.1,35.0,29.9,29.200000000000003,31.0,4.96,1.99,4.96,0.16,0.0,0.0,1027.0,8228.0,0.0,0.0,0.0,0.0,0.0,1.0,0.0,0.0,0.0,0.0,0.0,1.2000000000000002,0.0,-0.4,0.0,0.0001,16.0,25903.0
2026-07-30T18:59:48.435Z,157.918,157.93200000000002,0.0,7.4,0.0,0.0,0.0,0.0,0.0,0.0,0.0,0.0,1.0,0.0,0.0,0.0,9.0,4.0,0.0,0.0,0.0,0.0,0.0,0.0,0.0,0.0,2.0,12.0,1.0,12.15,5.01,2.51,1.49,0.0,0.0,0.0,0.4,0.0,-0.2,0.0,0.6000000000000001,-169.70000000000002,0.0,0.0,169.70000000000002,0.0,21.8,30.1,30.1,30.700000000000003,300.0,300.0,31.1,35.0,29.9,29.200000000000003,31.0,4.96,1.99,4.96,0.16,0.0,0.0,1027.0,8228.0,0.0,0.0,0.0,0.0,0.0,1.0,0.0,0.0,0.0,0.0,0.0,0.5,0.0,-0.5,0.0,0.0,16.0,25903.0
2026-07-30T18:59:48.448Z,157.931,157.94400000000002,0.0,7.4,0.0,0.0,0.0,0.0,0.0,0.0,0.0,0.0,1.0,0.0,0.0,0.0,9.0,4.0,0.0,0.0,0.0,0.0,0.0,0.0,0.0,0.0,3.0,12.0,1.0,12.15,5.01,2.51,1.49,0.0,0.0,0.0,0.4,0.0,-0.2,-0.5,-1.1,-169.70000000000002,0.0,0.0,169.60000000000002,0.0,21.8,30.1,30.1,30.700000000000003,300.0,300.0,31.1,35.0,29.9,29.200000000000003,31.0,4.95,1.99,4.97,0.16,0.0,0.0,1027.0,8228.0,0.0,0.0,0.0,0.0,0.0,1.0,0.0,0.0,0.0,0.0,0.0,-1.4,0.0,0.9,0.0,0.0001,16.0,25903.0
2026-07-30T18:59:48.460Z,157.943,157.95600000000002,0.0,7.4,0.0,0.0,0.0,0.0,0.0,0.0,0.0,0.0,1.0,0.0,0.0,0.0,9.0,4.0,0.0,0.0,0.0,0.0,0.0,0.0,0.0,0.0,4.0,12.0,1.0,12.15,5.01,2.51,1.49,0.0,0.0,0.0,0.4,0.0,-0.2,-0.5,-0.5,-169.70000000000002,0.0,0.0,169.70000000000002,0.0,21.8,30.1,30.1,30.700000000000003,300.0,300.0,31.1,35.0,29.9,29.200000000000003,31.0,4.95,1.99,4.96,0.16,0.0,0.0,1027.0,8228.0,0.0,0.0,0.0,0.0,0.0,1.0,0.0,0.0,0.0,0.0,0.0,-1.0,0.0,0.3,0.0,0.0,16.0,25903.0
2026-07-30T18:59:48.472Z,157.955,157.968,0.0,7.4,0.0,0.0,0.0,0.0,0.0,0.0,0.0,0.0,1.0,0.0,0.0,0.0,9.0,4.0,0.0,0.0,0.0,0.0,0.0,0.0,0.0,0.0,4.0,12.0,1.0,12.15,5.01,2.51,1.49,0.0,0.0,0.0,0.4,0.0,-0.7000000000000001,1.1,0.0,-169.70000000000002,0.0,0.0,169.70000000000002,0.0,21.8,30.1,30.1,30.700000000000003,300.0,300.0,31.1,35.0,29.9,29.200000000000003,31.0,4.95,1.99,4.96,0.16,0.0,0.0,1027.0,8228.0,0.0,0.0,0.0,0.0,0.0,1.0,0.0,0.0,0.0,0.0,0.0,1.2000000000000002,0.0,0.2,0.0,0.0001,16.0,25903.0
2026-07-30T18:59:48.484Z,157.967,157.98,0.0,7.4,0.0,0.0,0.0,0.0,0.0,0.0,0.0,0.0,1.0,0.0,0.0,0.0,9.0,4.0,0.0,0.0,0.0,0.0,0.0,0.0,0.0,0.0,6.0,12.0,1.0,12.15,5.01,2.51,1.49,0.0,0.0,0.0,0.4,0.0,0.3,0.0,0.5,-169.70000000000002,0.0,0.0,169.8,0.0,21.8,30.1,30.1,30.700000000000003,300.0,300.0,31.1,35.0,29.9,29.200000000000003,31.0,4.95,1.99,4.96,0.16,0.0,0.0,1027.0,8228.0,0.0,0.0,0.0,0.0,0.0,1.0,0.0,0.0,0.0,0.0,0.0,0.4,0.0,-0.4,0.0,0.0002,16.0,25903.0
2026-07-30T18:59:48.495Z,157.978,157.992,0.0,7.4,0.0,0.0,0.0,0.0,0.0,0.0,0.0,0.0,1.0,0.0,0.0,0.0,9.0,4.0,0.0,0.0,0.0,0.0,0.0,0.0,0.0,0.0,1.0,12.0,1.0,12.15,5.01,2.51,1.49,0.0,0.0,0.0,0.4,0.0,-0.8,-0.5,0.0,-169.70000000000002,0.0,0.0,169.60000000000002,0.0,21.8,30.1,30.1,30.700000000000003,300.0,300.0,31.1,35.0,29.9,29.200000000000003,31.0,4.95,1.99,4.97,0.16,0.0,0.0,1027.0,8228.0,0.0,0.0,0.0,0.0,0.0,1.0,0.0,0.0,0.0,0.0,0.0,-0.7000000000000001,0.0,0.0,0.0,0.0002,16.0,25903.0
2026-07-30T18:59:48.507Z,157.99,158.004,0.0,7.4,0.0,0.0,0.0,0.0,0.0,0.0,0.0,0.0,1.0,0.0,0.0,0.0,9.0,4.0,0.0,0.0,0.0,0.0,0.0,0.0,0.0,0.0,2.0,12.0,1.0,12.17,5.0200000000000005,2.51,1.49,0.0,0.1,0.0,0.4,0.0,0.8,0.0,0.5,-169.70000000000002,0.0,0.0,169.70000000000002,0.0,21.700000000000003,30.1,30.1,30.700000000000003,300.0,300.0,31.0,35.0,29.9,29.200000000000003,31.0,4.95,1.99,4.97,0.16,0.0,0.0,1027.0,8228.0,0.0,0.0,0.0,0.0,0.0,1.0,0.0,0.0,0.0,0.0,0.0,0.3,0.0,-0.4,0.0,0.0003,16.0,25903.0
2026-07-30T18:59:48.519Z,158.002,158.016,0.0,7.4,0.0,0.0,0.0,0.0,0.0,0.0,0.0,0.0,1.0,0.0,0.0,0.0,9.0,4.0,0.0,0.0,0.0,0.0,0.0,0.0,0.0,0.0,3.0,12.0,1.0,12.17,5.0200000000000005,2.51,1.49,0.0,0.0,0.0,0.4,0.0,-0.8,0.0,-0.6000000000000001,-169.70000000000002,0.0,0.0,169.8,0.0,21.700000000000003,30.1,30.1,30.700000000000003,300.0,300.0,31.0,35.0,29.9,29.200000000000003,31.0,4.95,1.99,4.97,0.16,0.0,0.0,1027.0,8228.0,0.0,0.0,0.0,0.0,0.0,1.0,0.0,0.0,0.0,0.0,0.0,-0.4,0.0,0.5,0.0,0.0001,16.0,25903.0
2026-07-30T18:59:48.531Z,158.014,158.028,0.0,7.4,0.0,0.0,0.0,0.0,0.0,0.0,0.0,0.0,1.0,0.0,0.0,0.0,9.0,4.0,0.0,0.0,0.0,0.0,0.0,0.0,0.0,0.0,4.0,12.0,1.0,12.17,5.0200000000000005,2.51,1.49,0.0,0.0,0.0,0.4,0.0,-0.8,0.0,-0.1,-169.70000000000002,0.0,0.0,169.8,0.0,21.700000000000003,30.1,30.1,30.700000000000003,300.0,300.0,31.0,35.0,29.9,29.200000000000003,31.0,4.95,1.99,4.97,0.16,0.0,0.0,1027.0,8228.0,0.0,0.0,0.0,0.0,0.0,1.0,0.0,0.0,0.0,0.0,0.0,0.0,0.0,0.0,0.0,0.0001,16.0,25903.0
2026-07-30T18:59:48.544Z,158.027,158.04,0.0,7.4,0.0,0.0,0.0,0.0,0.0,0.0,0.0,0.0,1.0,0.0,0.0,0.0,9.0,4.0,0.0,0.0,0.0,0.0,0.0,0.0,0.0,0.0,5.0,12.0,1.0,12.17,5.0200000000000005,2.51,1.49,0.0,0.0,0.0,0.4,0.0,-0.8,-1.1,-0.6000000000000001,-169.70000000000002,0.0,0.0,169.70000000000002,0.0,21.700000000000003,30.1,30.1,30.700000000000003,300.0,300.0,31.0,35.0,29.9,29.200000000000003,31.0,4.96,1.99,4.96,0.16,0.0,0.0,1027.0,8228.0,0.0,0.0,0.0,0.0,0.0,1.0,0.0,0.0,0.0,0.0,0.0,-1.7000000000000002,0.0,0.3,0.0,0.0,16.0,25903.0
2026-07-30T18:59:48.556Z,158.039,158.052,0.0,7.4,0.0,0.0,0.0,0.0,0.0,0.0,0.0,0.0,1.0,0.0,0.0,0.0,9.0,4.0,0.0,0.0,0.0,0.0,0.0,0.0,0.0,0.0,6.0,12.0,1.0,12.17,5.0200000000000005,2.51,1.49,0.0,0.0,0.0,0.4,0.0,-0.9,-0.5,-0.1,-169.70000000000002,0.0,0.0,169.70000000000002,0.0,21.700000000000003,30.1,30.1,30.700000000000003,300.0,300.0,31.0,35.0,29.9,29.200000000000003,31.0,4.96,2.0,4.96,0.16,0.0,0.0,1027.0,8228.0,0.0,0.0,0.0,0.0,0.0,1.0,0.0,0.0,0.0,0.0,0.0,-0.7000000000000001,0.0,0.0,0.0,0.0,16.0,25903.0
2026-07-30T18:59:48.567Z,158.05,158.064,0.0,7.4,0.0,0.0,0.0,0.0,0.0,0.0,0.0,0.0,1.0,0.0,0.0,0.0,9.0,4.0,0.0,0.0,0.0,0.0,0.0,0.0,0.0,0.0,1.0,12.0,1.0,12.17,5.0200000000000005,2.51,1.49,0.0,0.0,0.0,0.4,0.0,0.2,0.0,-0.7000000000000001,-169.70000000000002,0.0,0.0,169.60000000000002,0.0,21.700000000000003,30.1,30.1,30.700000000000003,300.0,300.0,31.0,35.0,29.9,29.200000000000003,31.0,4.96,1.99,4.97,0.16,0.0,0.0,1027.0,8228.0,0.0,0.0,0.0,0.0,0.0,1.0,0.0,0.0,0.0,0.0,0.0,-0.4,0.0,0.6000000000000001,0.0,0.0001,16.0,25903.0
2026-07-30T18:59:48.579Z,158.062,158.076,0.0,7.4,0.0,0.0,0.0,0.0,0.0,0.0,0.0,0.0,1.0,0.0,0.0,0.0,9.0,4.0,0.0,0.0,0.0,0.0,0.0,0.0,0.0,0.0,3.0,12.0,1.0,12.17,5.0200000000000005,2.51,1.49,0.0,0.0,0.0,0.4,0.0,0.2,0.1,0.0,-169.70000000000002,0.0,0.0,169.70000000000002,0.0,21.700000000000003,30.1,30.1,30.700000000000003,300.0,300.0,31.0,35.0,29.9,29.200000000000003,31.0,4.95,1.99,4.97,0.16,0.0,0.0,1027.0,8228.0,0.0,0.0,0.0,0.0,0.0,1.0,0.0,0.0,0.0,0.0,0.0,0.1,0.0,0.1,0.0,0.0001,16.0,25903.0
2026-07-30T18:59:48.592Z,158.075,158.088,0.0,7.4,0.0,0.0,0.0,0.0,0.0,0.0,0.0,0.0,1.0,0.0,0.0,0.0,9.0,4.0,0.0,0.0,0.0,0.0,0.0,0.0,0.0,0.0,4.0,12.0,1.0,12.17,5.0200000000000005,2.51,1.49,-0.1,0.0,0.0,0.4,0.0,-0.2,0.1,0.5,-169.70000000000002,0.0,0.0,169.8,0.0,21.700000000000003,30.1,30.1,30.700000000000003,300.0,300.0,31.0,35.0,29.9,29.200000000000003,31.0,4.96,1.99,4.96,0.16,0.0,0.0,1027.0,8228.0,0.0,0.0,0.0,0.0,0.0,1.0,0.0,0.0,0.0,0.0,0.0,0.6000000000000001,0.0,-0.4,0.0,0.0,16.0,25903.0
2026-07-30T18:59:48.605Z,158.088,158.1,0.0,7.4,0.0,0.0,0.0,0.0,0.0,0.0,0.0,0.0,1.0,0.0,0.0,0.0,9.0,4.0,0.0,0.0,0.0,0.0,0.0,0.0,0.0,0.0,5.0,12.0,1.0,12.14,5.01,2.51,1.5,0.0,0.0,0.0,0.4,0.0,0.3,-0.4,1.1,-169.70000000000002,0.0,0.0,169.70000000000002,0.0,21.700000000000003,30.1,30.1,30.700000000000003,300.0,300.0,31.1,35.0,29.9,29.200000000000003,31.0,4.95,1.99,4.97,0.16,0.0,0.0,1027.0,8228.0,0.0,0.0,0.0,0.0,0.0,1.0,0.0,0.0,0.0,0.0,0.0,0.3,0.0,-1.0,0.0,0.0002,16.0,25903.0
2026-07-30T18:59:48.616Z,158.099,158.112,0.0,7.4,0.0,0.0,0.0,0.0,0.0,0.0,0.0,0.0,1.0,0.0,0.0,0.0,9.0,4.0,0.0,0.0,0.0,0.0,0.0,0.0,0.0,0.0,6.0,12.0,1.0,12.14,5.01,2.51,1.5,0.0,0.0,0.0,0.4,0.0,0.3,-0.4,0.5,-169.70000000000002,0.0,0.0,169.70000000000002,0.0,21.700000000000003,30.1,30.1,30.700000000000003,300.0,300.0,31.1,35.0,29.9,29.200000000000003,31.0,4.95,1.99,4.97,0.16,0.0,0.0,1027.0,8228.0,0.0,0.0,0.0,0.0,0.0,1.0,0.0,0.0,0.0,0.0,0.0,0.0,0.0,-0.5,0.0,0.0001,16.0,25903.0
2026-07-30T18:59:48.628Z,158.111,158.124,0.0,7.4,0.0,0.0,0.0,0.0,0.0,0.0,0.0,0.0,1.0,0.0,0.0,0.0,9.0,4.0,0.0,0.0,0.0,0.0,0.0,0.0,0.0,0.0,6.0,12.0,1.0,12.14,5.01,2.51,1.5,0.0,0.0,0.0,0.4,0.0,-0.2,0.1,-0.6000000000000001,-169.70000000000002,0.0,0.0,169.8,0.0,21.700000000000003,30.1,30.1,30.700000000000003,300.0,300.0,31.1,35.0,29.9,29.200000000000003,31.0,4.96,1.99,4.97,0.16,0.0,0.0,1027.0,8228.0,0.0,0.0,0.0,0.0,0.0,1.0,0.0,0.0,0.0,0.0,0.0,-0.2,0.0,0.5,0.0,0.0,16.0,25903.0
2026-07-30T18:59:48.639Z,158.122,158.136,0.0,7.4,0.0,0.0,0.0,0.0,0.0,0.0,0.0,0.0,1.0,0.0,0.0,0.0,9.0,4.0,0.0,0.0,0.0,0.0,0.0,0.0,0.0,0.0,1.0,12.0,1.0,12.14,5.01,2.51,1.5,0.0,0.0,0.0,0.4,0.0,-0.2,-0.3,0.0,-169.70000000000002,0.0,0.0,169.8,0.0,21.700000000000003,30.1,30.1,30.700000000000003,300.0,300.0,31.1,35.0,29.9,29.200000000000003,31.0,4.96,1.99,4.96,0.16,0.0,0.0,1027.0,8228.0,0.0,0.0,0.0,0.0,0.0,1.0,0.0,0.0,0.0,0.0,0.0,-0.4,0.0,0.0,0.0,0.0001,16.0,25903.0
2026-07-30T18:59:48.658Z,158.141,158.148,0.0,7.4,0.0,0.0,0.0,0.0,0.0,0.0,0.0,0.0,1.0,0.0,0.0,0.0,9.0,4.0,0.0,0.0,0.0,0.0,0.0,0.0,0.0,0.0,2.0,12.0,1.0,12.14,5.01,2.51,1.5,0.0,0.0,0.0,0.4,0.0,0.3,-0.3,2.3000000000000003,-169.70000000000002,0.0,0.0,169.8,0.0,21.700000000000003,30.1,30.1,30.700000000000003,300.0,300.0,31.1,35.0,29.9,29.200000000000003,31.0,4.95,1.99,4.97,0.16,0.0,0.0,1027.0,8228.0,0.0,0.0,0.0,0.0,0.0,1.0,0.0,0.0,0.0,0.0,0.0,1.2000000000000002,0.0,-2.1,0.0,0.0,16.0,25903.0
2026-07-30T18:59:48.666Z,158.149,158.16,0.0,7.4,0.0,0.0,0.0,0.0,0.0,0.0,0.0,0.0,1.0,0.0,0.0,0.0,9.0,4.0,0.0,0.0,0.0,0.0,0.0,0.0,0.0,0.0,6.0,12.0,1.0,12.14,5.01,2.51,1.5,0.0,0.0,0.0,0.4,0.0,0.3,0.7000000000000001,-0.5,-169.70000000000002,0.0,0.0,169.8,0.0,21.700000000000003,30.1,30.1,30.700000000000003,300.0,300.0,31.1,35.0,29.9,29.200000000000003,31.0,4.95,1.99,4.96,0.16,0.0,0.0,1027.0,8228.0,0.0,0.0,0.0,0.0,0.0,1.0,0.0,0.0,0.0,0.0,0.0,1.5,0.0,0.2,0.0,0.0,16.0,25903.0
2026-07-30T18:59:48.676Z,158.159,158.172,0.0,7.4,0.0,0.0,0.0,0.0,0.0,0.0,0.0,0.0,1.0,0.0,0.0,0.0,9.0,4.0,0.0,0.0,0.0,0.0,0.0,0.0,0.0,0.0,5.0,12.0,1.0,12.14,5.01,2.51,1.5,0.0,0.0,0.0,0.4,0.0,-0.2,0.7000000000000001,1.1,-169.70000000000002,0.0,0.0,169.8,0.0,21.700000000000003,30.1,30.1,30.700000000000003,300.0,300.0,31.1,35.0,29.9,29.200000000000003,31.0,4.95,2.0,4.96,0.16,0.0,0.0,1027.0,8228.0,0.0,0.0,0.0,0.0,0.0,1.0,0.0,0.0,0.0,0.0,0.0,0.8,0.0,0.2,0.0,0.0,16.0,25903.0
2026-07-30T18:59:48.687Z,158.17,158.184,0.0,7.4,0.0,0.0,0.0,0.0,0.0,0.0,0.0,0.0,1.0,0.0,0.0,0.0,9.0,4.0,0.0,0.0,0.0,0.0,0.0,0.0,0.0,0.0,1.0,12.0,1.0,12.14,5.01,2.51,1.5,0.0,0.0,0.0,0.4,0.0,0.2,-1.0,-1.8,-169.70000000000002,0.0,0.0,169.8,0.0,21.700000000000003,30.1,30.1,30.700000000000003,300.0,300.0,31.1,35.0,29.9,29.200000000000003,31.0,4.95,2.0,4.97,0.16,0.0,0.0,1027.0,8228.0,0.0,0.0,0.0,0.0,0.0,1.0,0.0,0.0,0.0,0.0,0.0,2.0,0.0,-1.3,0.0,0.0001,16.0,25903.0
2026-07-30T18:59:48.700Z,158.183,158.196,0.0,7.4,0.0,0.0,0.0,0.0,0.0,0.0,0.0,0.0,1.0,0.0,0.0,0.0,9.0,4.0,0.0,0.0,0.0,0.0,0.0,0.0,0.0,0.0,2.0,12.0,1.0,12.14,5.01,2.51,1.5,0.0,0.0,0.0,0.4,0.0,0.2,0.0,-1.2000000000000002,-169.70000000000002,0.0,0.0,169.70000000000002,0.0,21.700000000000003,30.1,30.1,30.700000000000003,300.0,300.0,31.1,35.0,29.9,29.200000000000003,31.0,4.96,1.99,4.97,0.16,0.0,0.0,1027.0,8228.0,0.0,0.0,0.0,0.0,0.0,1.0,0.0,0.0,0.0,0.0,0.0,-0.8,0.0,1.1,0.0,0.0,16.0,25903.0
2026-07-30T18:59:48.711Z,158.194,158.208,0.0,7.4,0.0,0.0,0.0,0.0,0.0,0.0,0.0,0.0,1.0,0.0,0.0,0.0,9.0,4.0,0.0,0.0,0.0,0.0,0.0,0.0,0.0,0.0,4.0,12.0,1.0,12.15,5.0200000000000005,2.5,1.49,0.0,0.0,0.0,0.4,0.0,0.2,1.2000000000000002,1.0,-169.70000000000002,0.0,0.0,169.60000000000002,0.0,21.200000000000003,30.1,30.1,30.700000000000003,300.0,300.0,31.1,35.0,29.9,29.200000000000003,31.0,4.96,1.99,4.96,0.16,0.0,0.0,1027.0,8228.0,0.0,0.0,0.0,0.0,0.0,1.0,0.0,0.0,0.0,0.0,0.0,2.2,0.0,-0.6000000000000001,0.0,0.0001,16.0,25903.0
2026-07-30T18:59:48.724Z,158.207,158.22,0.0,7.4,0.0,0.0,0.0,0.0,0.0,0.0,0.0,0.0,1.0,0.0,0.0,0.0,9.0,4.0,0.0,0.0,0.0,0.0,0.0,0.0,0.0,0.0,5.0,12.0,1.0,12.15,5.0200000000000005,2.5,1.49,0.0,0.0,0.0,0.4,0.0,-0.9,0.7000000000000001,0.0,-169.70000000000002,0.0,0.0,169.70000000000002,0.0,21.200000000000003,30.1,30.1,30.700000000000003,300.0,300.0,31.1,35.0,29.9,29.200000000000003,31.0,4.96,1.99,4.96,0.16,0.0,0.0,1027.0,8228.0,0.0,0.0,0.0,0.0,0.0,1.0,0.0,0.0,0.0,0.0,0.0,0.7000000000000001,0.0,0.2,0.0,0.0001,16.0,25903.0
2026-07-30T18:59:48.736Z,158.219,158.232,0.0,7.4,0.0,0.0,0.0,0.0,0.0,0.0,0.0,0.0,1.0,0.0,0.0,0.0,9.0,4.0,0.0,0.0,0.0,0.0,0.0,0.0,0.0,0.0,6.0,12.0,1.0,12.15,5.0200000000000005,2.5,1.49,0.0,0.0,0.0,0.4,0.0,0.2,0.1,0.4,-169.70000000000002,0.0,0.0,169.70000000000002,0.0,21.200000000000003,30.1,30.1,30.700000000000003,300.0,300.0,31.1,35.0,29.9,29.200000000000003,31.0,4.95,1.99,4.97,0.16,0.0,0.0,1027.0,8228.0,0.0,0.0,0.0,0.0,0.0,1.0,0.0,0.0,0.0,0.0,0.0,0.5,0.0,-0.3,0.0,0.0,16.0,25903.0
2026-07-30T18:59:48.747Z,158.23,158.244,0.0,7.4,0.0,0.0,0.0,0.0,0.0,0.0,0.0,0.0,1.0,0.0,0.0,0.0,9.0,4.0,0.0,0.0,0.0,0.0,0.0,0.0,0.0,0.0,2.0,12.0,1.0,12.15,5.0200000000000005,2.5,1.49,0.0,0.0,0.0,0.4,0.0,-0.3,-1.0,-0.1,-169.70000000000002,0.0,0.0,169.70000000000002,0.0,21.200000000000003,30.1,30.1,30.700000000000003,300.0,300.0,31.1,35.0,29.9,29.200000000000003,31.0,4.95,1.99,4.96,0.16,0.0,0.0,1027.0,8228.0,0.0,0.0,0.0,0.0,0.0,1.0,0.0,0.0,0.0,0.0,0.0,-1.2000000000000002,0.0,-0.1,0.0,0.0001,16.0,25903.0
2026-07-30T18:59:48.759Z,158.242,158.256,0.0,7.4,0.0,0.0,0.0,0.0,0.0,0.0,0.0,0.0,1.0,0.0,0.0,0.0,9.0,4.0,0.0,0.0,0.0,0.0,0.0,0.0,0.0,0.0,3.0,12.0,1.0,12.15,5.0200000000000005,2.5,1.49,0.0,0.0,0.0,0.4,0.0,0.2,0.0,-1.2000000000000002,-169.70000000000002,0.0,0.0,169.70000000000002,0.0,21.200000000000003,30.1,30.1,30.700000000000003,300.0,300.0,31.1,35.0,29.9,29.200000000000003,31.0,4.95,1.99,4.97,0.16,0.0,0.0,1027.0,8228.0,0.0,0.0,0.0,0.0,0.0,1.0,0.0,0.0,0.0,0.0,0.0,-0.8,0.0,1.1,0.0,0.0,16.0,25903.0
2026-07-30T18:59:48.772Z,158.255,158.268,0.0,7.4,0.0,0.0,0.0,0.0,0.0,0.0,0.0,0.0,1.0,0.0,0.0,0.0,9.0,4.0,0.0,0.0,0.0,0.0,0.0,0.0,0.0,0.0,3.0,12.0,1.0,12.15,5.0200000000000005,2.5,1.49,0.0,0.0,0.0,0.4,0.0,-0.3,0.0,-0.6000000000000001,-169.70000000000002,0.0,0.0,169.70000000000002,0.0,21.200000000000003,30.1,30.1,30.700000000000003,300.0,300.0,31.1,35.0,29.9,29.200000000000003,31.0,4.95,1.99,4.97,0.16,0.0,0.0,1027.0,8228.0,0.0,0.0,0.0,0.0,0.0,1.0,0.0,0.0,0.0,0.0,0.0,-0.3,0.0,0.6000000000000001,0.0,0.0,16.0,25903.0
2026-07-30T18:59:48.783Z,158.266,158.28,0.0,7.4,0.0,0.0,0.0,0.0,0.0,0.0,0.0,0.0,1.0,0.0,0.0,0.0,9.0,4.0,0.0,0.0,0.0,0.0,0.0,0.0,0.0,0.0,4.0,12.0,1.0,12.15,5.0200000000000005,2.5,1.49,0.0,0.0,0.0,0.4,0.0,0.2,1.2000000000000002,1.1,-169.70000000000002,0.0,0.0,169.70000000000002,0.0,21.200000000000003,30.1,30.1,30.700000000000003,300.0,300.0,31.1,35.0,29.9,29.200000000000003,31.0,4.96,1.99,4.96,0.16,0.0,0.0,1027.0,8228.0,0.0,0.0,0.0,0.0,0.0,1.0,0.0,0.0,0.0,0.0,0.0,2.2,0.0,-0.7000000000000001,0.0,0.0,16.0,25903.0
2026-07-30T18:59:48.795Z,158.278,158.292,0.0,7.4,0.0,0.0,0.0,0.0,0.0,0.0,0.0,0.0,1.0,0.0,0.0,0.0,9.0,4.0,0.0,0.0,0.0,0.0,0.0,0.0,0.0,0.0,5.0,12.0,1.0,12.15,5.0200000000000005,2.5,1.49,0.0,0.0,0.0,0.4,0.0,0.2,-0.5,0.5,-169.70000000000002,0.0,0.0,169.70000000000002,0.0,21.200000000000003,30.1,30.1,30.700000000000003,300.0,300.0,31.1,35.0,29.9,29.200000000000003,31.0,4.96,1.99,4.96,0.16,0.0,0.0,1027.0,8228.0,0.0,0.0,0.0,0.0,0.0,1.0,0.0,0.0,0.0,0.0,0.0,-0.2,0.0,-0.5,0.0,0.0001,16.0,25903.0
2026-07-30T18:59:48.808Z,158.291,158.304,0.0,7.4,0.0,0.0,0.0,0.0,0.0,0.0,0.0,0.0,1.0,0.0,0.0,0.0,9.0,4.0,0.0,0.0,0.0,0.0,0.0,0.0,0.0,0.0,6.0,12.0,1.0,12.17,5.01,2.51,1.49,0.0,0.0,0.0,0.4,0.0,0.1,0.0,1.0,-169.70000000000002,0.0,0.0,169.8,0.0,21.3,30.1,30.1,30.700000000000003,300.0,300.0,31.0,35.0,29.9,29.200000000000003,31.0,4.96,1.99,4.96,0.16,0.0,0.0,1027.0,8228.0,0.0,0.0,0.0,0.0,0.0,1.0,0.0,0.0,0.0,0.0,0.0,0.8,0.0,-0.9,0.0,0.0002,16.0,25903.0
2026-07-30T18:59:48.820Z,158.303,158.316,0.0,7.4,0.0,0.0,0.0,0.0,0.0,0.0,0.0,0.0,1.0,0.0,0.0,0.0,9.0,4.0,0.0,0.0,0.0,0.0,0.0,0.0,0.0,0.0,1.0,12.0,1.0,12.17,5.01,2.51,1.49,0.0,0.0,0.0,0.4,0.0,0.2,1.2000000000000002,-0.1,-169.70000000000002,0.0,0.0,169.70000000000002,0.0,21.3,30.1,30.1,30.700000000000003,300.0,300.0,31.0,35.0,29.9,29.200000000000003,31.0,4.95,2.0,4.96,0.16,0.0,0.0,1027.0,8228.0,0.0,0.0,0.0,0.0,0.0,1.0,0.0,0.0,0.0,0.0,0.0,1.3,0.0,0.3,0.0,0.0001,16.0,25903.0
2026-07-30T18:59:48.832Z,158.315,158.328,0.0,7.4,0.0,0.0,0.0,0.0,0.0,0.0,0.0,0.0,1.0,0.0,0.0,0.0,9.0,4.0,0.0,0.0,0.0,0.0,0.0,0.0,0.0,0.0,2.0,12.0,1.0,12.17,5.01,2.51,1.49,0.0,0.0,0.0,0.4,0.0,0.2,0.0,0.4,-169.70000000000002,0.0,0.0,169.8,0.0,21.3,30.1,30.1,30.700000000000003,300.0,300.0,31.0,35.0,29.9,29.200000000000003,31.0,4.96,2.0,4.96,0.16,0.0,0.0,1027.0,8228.0,0.0,0.0,0.0,0.0,0.0,1.0,0.0,0.0,0.0,0.0,0.0,0.4,0.0,-0.4,0.0,0.0,16.0,25903.0
2026-07-30T18:59:48.843Z,158.326,158.34,0.0,7.4,0.0,0.0,0.0,0.0,0.0,0.0,0.0,0.0,1.0,0.0,0.0,0.0,9.0,4.0,0.0,0.0,0.0,0.0,0.0,0.0,0.0,0.0,3.0,12.0,1.0,12.17,5.01,2.51,1.49,0.0,0.1,0.0,0.4,0.0,-0.3,-1.1,1.0,-169.70000000000002,0.0,0.0,169.60000000000002,0.0,21.3,30.1,30.1,30.700000000000003,300.0,300.0,31.0,35.0,29.9,29.200000000000003,31.0,4.95,1.99,4.97,0.16,0.0,0.0,1027.0,8228.0,0.0,0.0,0.0,0.0,0.0,1.0,0.0,0.0,0.0,0.0,0.0,-0.4,0.0,-1.1,0.0,0.0,16.0,25903.0
2026-07-30T18:59:48.855Z,158.338,158.352,0.0,7.4,0.0,0.0,0.0,0.0,0.0,0.0,0.0,0.0,1.0,0.0,0.0,0.0,9.0,4.0,0.0,0.0,0.0,0.0,0.0,0.0,0.0,0.0,4.0,12.0,1.0,12.17,5.01,2.51,1.49,0.0,0.0,0.0,0.4,0.0,-0.3,0.0,0.4,-169.70000000000002,0.0,0.0,169.70000000000002,0.0,21.3,30.1,30.1,30.700000000000003,300.0,300.0,31.0,35.0,29.9,29.200000000000003,31.0,4.95,1.99,4.96,0.16,0.0,0.0,1027.0,8228.0,0.0,0.0,0.0,0.0,0.0,1.0,0.0,0.0,0.0,0.0,0.0,0.4,0.0,-0.3,0.0,0.0002,16.0,25903.0
2026-07-30T18:59:48.868Z,158.351,158.364,0.0,7.4,0.0,0.0,0.0,0.0,0.0,0.0,0.0,0.0,1.0,0.0,0.0,0.0,9.0,4.0,0.0,0.0,0.0,0.0,0.0,0.0,0.0,0.0,5.0,12.0,1.0,12.17,5.01,2.51,1.49,0.0,0.0,0.0,0.4,0.0,-1.5,0.1,0.4,-169.70000000000002,0.0,0.0,169.60000000000002,0.0,21.3,30.1,30.1,30.700000000000003,300.0,300.0,31.0,35.0,29.9,29.200000000000003,31.0,4.96,1.99,4.96,0.16,0.0,0.0,1027.0,8228.0,0.0,0.0,0.0,0.0,0.0,1.0,0.0,0.0,0.0,0.0,0.0,0.4,0.0,-0.3,0.0,0.0,16.0,25903.0
2026-07-30T18:59:48.879Z,158.362,158.376,0.0,7.4,0.0,0.0,0.0,0.0,0.0,0.0,0.0,0.0,1.0,0.0,0.0,0.0,9.0,4.0,0.0,0.0,0.0,0.0,0.0,0.0,0.0,0.0,1.0,12.0,1.0,12.17,5.01,2.51,1.49,0.0,0.0,0.0,0.4,0.0,0.2,0.6000000000000001,-1.3,-169.70000000000002,0.0,0.0,169.70000000000002,0.0,21.3,30.1,30.1,30.700000000000003,300.0,300.0,31.0,35.0,29.9,29.200000000000003,31.0,4.95,1.99,4.97,0.16,0.0,0.0,1027.0,8228.0,0.0,0.0,0.0,0.0,0.0,1.0,0.0,0.0,0.0,0.0,0.0,-0.2,0.0,1.3,0.0,0.0,16.0,25903.0
2026-07-30T18:59:48.891Z,158.374,158.388,0.0,7.4,0.0,0.0,0.0,0.0,0.0,0.0,0.0,0.0,1.0,0.0,0.0,0.0,9.0,4.0,0.0,0.0,0.0,0.0,0.0,0.0,0.0,0.0,2.0,12.0,1.0,12.17,5.01,2.51,1.49,0.0,0.0,0.0,0.4,0.0,0.1,-1.6,-0.7000000000000001,-169.70000000000002,0.0,0.0,169.60000000000002,0.0,21.3,30.1,30.1,30.700000000000003,300.0,300.0,31.0,35.0,29.9,29.200000000000003,31.0,4.96,1.99,4.97,0.16,0.0,0.0,1027.0,8228.0,0.0,0.0,0.0,0.0,0.0,1.0,0.0,0.0,0.0,0.0,0.0,-2.4000000000000004,0.0,0.2,0.0,0.0001,16.0,25903.0
2026-07-30T18:59:48.904Z,158.387,158.4,0.0,7.4,0.0,0.0,0.0,0.0,0.0,0.0,0.0,0.0,1.0,0.0,0.0,0.0,9.0,4.0,0.0,0.0,0.0,0.0,0.0,0.0,0.0,0.0,4.0,12.0,1.0,12.17,5.01,2.51,1.49,0.0,0.0,0.0,0.4,0.0,0.2,0.6000000000000001,1.0,-169.70000000000002,0.0,0.0,169.60000000000002,0.0,21.3,30.1,30.1,30.700000000000003,300.0,300.0,31.0,35.0,29.9,29.200000000000003,31.0,4.96,2.0,4.96,0.16,0.0,0.0,1027.0,8228.0,0.0,0.0,0.0,0.0,0.0,1.0,0.0,0.0,0.0,0.0,0.0,1.5,0.0,-0.7000000000000001,0.0,0.0001,16.0,25903.0
2026-07-30T18:59:48.916Z,158.399,158.412,0.0,7.4,0.0,0.0,0.0,0.0,0.0,0.0,0.0,0.0,1.0,0.0,0.0,0.0,9.0,4.0,0.0,0.0,0.0,0.0,0.0,0.0,0.0,0.0,5.0,12.0,1.0,12.18,5.01,2.51,1.49,0.0,0.0,0.0,0.4,0.0,0.2,0.0,-0.1,-169.70000000000002,0.0,0.0,169.60000000000002,0.0,21.9,30.1,30.1,30.700000000000003,300.0,300.0,31.200000000000003,35.0,29.9,29.200000000000003,31.0,4.96,1.99,4.96,0.16,0.0,0.0,1027.0,8228.0,0.0,0.0,0.0,0.0,0.0,1.0,0.0,0.0,0.0,0.0,0.0,0.0,0.0,0.1,0.0,0.0,16.0,25903.0
2026-07-30T18:59:48.928Z,158.411,158.424,0.0,7.4,0.0,0.0,0.0,0.0,0.0,0.0,0.0,0.0,1.0,0.0,0.0,0.0,9.0,4.0,0.0,0.0,0.0,0.0,0.0,0.0,0.0,0.0,6.0,12.0,1.0,12.18,5.01,2.51,1.49,0.0,0.0,0.0,0.4,0.0,-0.3,-0.5,1.0,-169.60000000000002,0.0,0.0,169.60000000000002,0.0,21.9,30.1,30.1,30.700000000000003,300.0,300.0,31.200000000000003,35.0,29.9,29.200000000000003,31.0,4.95,1.99,4.97,0.16,0.0,0.0,1027.0,8228.0,0.0,0.0,0.0,0.0,0.0,1.0,0.0,0.0,0.0,0.0,0.0,0.1,0.0,-1.0,0.0,0.0,16.0,25903.0
2026-07-30T18:59:48.940Z,158.423,158.436,0.0,7.4,0.0,0.0,0.0,0.0,0.0,0.0,0.0,0.0,1.0,0.0,0.0,0.0,9.0,4.0,0.0,0.0,0.0,0.0,0.0,0.0,0.0,0.0,2.0,12.0,1.0,12.18,5.01,2.51,1.49,0.0,0.0,0.0,0.4,0.0,0.2,-0.5,-0.7000000000000001,-169.60000000000002,0.0,0.0,169.70000000000002,0.0,21.9,30.1,30.1,30.700000000000003,300.0,300.0,31.200000000000003,35.0,29.9,29.200000000000003,31.0,4.96,1.99,4.96,0.16,0.0,0.0,1027.0,8228.0,0.0,0.0,0.0,0.0,0.0,1.0,0.0,0.0,0.0,0.0,0.0,-1.1,0.0,0.5,0.0,0.0,16.0,25903.0
2026-07-30T18:59:48.952Z,158.435,158.448,0.0,7.4,0.0,0.0,0.0,0.0,0.0,0.0,0.0,0.0,1.0,0.0,0.0,0.0,9.0,4.0,0.0,0.0,0.0,0.0,0.0,0.0,0.0,0.0,4.0,12.0,1.0,12.18,5.01,2.51,1.49,0.0,0.0,0.0,0.4,0.0,-0.9,0.0,-0.6000000000000001,-169.60000000000002,0.0,0.0,169.70000000000002,0.0,21.9,30.1,30.1,30.700000000000003,300.0,300.0,31.200000000000003,35.0,29.9,29.200000000000003,31.0,4.96,1.99,4.96,0.16,0.0,0.0,1027.0,8228.0,0.0,0.0,0.0,0.0,0.0,1.0,0.0,0.0,0.0,0.0,0.0,-0.4,0.0,0.6000000000000001,0.0,0.0001,16.0,25903.0
2026-07-30T18:59:48.967Z,158.45,158.46,0.0,7.4,0.0,0.0,0.0,0.0,0.0,0.0,0.0,0.0,1.0,0.0,0.0,0.0,9.0,4.0,0.0,0.0,0.0,0.0,0.0,0.0,0.0,0.0,5.0,12.0,1.0,12.18,5.01,2.51,1.49,0.0,0.0,0.0,0.4,0.0,-0.3,0.0,1.1,-169.60000000000002,0.0,0.0,169.70000000000002,0.0,21.9,30.1,30.1,30.700000000000003,300.0,300.0,31.200000000000003,35.0,29.9,29.200000000000003,31.0,4.95,1.99,4.96,0.16,0.0,0.0,1027.0,8228.0,0.0,0.0,0.0,0.0,0.0,1.0,0.0,0.0,0.0,0.0,0.0,0.9,0.0,-0.9,0.0,0.0,16.0,25903.0
2026-07-30T18:59:48.980Z,158.463,158.472,0.0,7.4,0.0,0.0,0.0,0.0,0.0,0.0,0.0,0.0,1.0,0.0,0.0,0.0,9.0,4.0,0.0,0.0,0.0,0.0,0.0,0.0,0.0,0.0,6.0,12.0,1.0,12.18,5.01,2.51,1.49,0.0,0.0,0.0,0.4,0.0,-0.3,-0.4,0.5,-169.60000000000002,0.0,0.0,169.70000000000002,0.0,21.9,30.1,30.1,30.700000000000003,300.0,300.0,31.200000000000003,35.0,29.9,29.200000000000003,31.0,4.95,1.99,4.97,0.16,0.0,0.0,1027.0,8228.0,0.0,0.0,0.0,0.0,0.0,1.0,0.0,0.0,0.0,0.0,0.0,-0.1,0.0,-0.5,0.0,0.0001,16.0,25903.0
2026-07-30T18:59:48.988Z,158.471,158.484,0.0,7.4,0.0,0.0,0.0,0.0,0.0,0.0,0.0,0.0,1.0,0.0,0.0,0.0,9.0,4.0,0.0,0.0,0.0,0.0,0.0,0.0,0.0,0.0,4.0,12.0,1.0,12.18,5.01,2.51,1.49,0.0,0.0,0.0,0.4,0.0,0.1,-1.7000000000000002,-0.6000000000000001,-169.60000000000002,0.0,0.0,169.70000000000002,0.0,21.9,30.1,30.1,30.700000000000003,300.0,300.0,31.200000000000003,35.0,29.9,29.200000000000003,31.0,4.96,2.0,4.96,0.16,0.0,0.0,1027.0,8228.0,0.0,0.0,0.0,0.0,0.0,1.0,0.0,0.0,0.0,0.0,0.0,-2.4000000000000004,0.0,0.2,0.0,0.0,16.0,25903.0
2026-07-30T18:59:49.000Z,158.483,158.496,0.0,7.4,0.0,0.0,0.0,0.0,0.0,0.0,0.0,0.0,1.0,0.0,0.0,0.0,9.0,4.0,0.0,0.0,0.0,0.0,0.0,0.0,0.0,0.0,5.0,12.0,1.0,12.18,5.01,2.51,1.49,0.0,0.0,0.0,0.4,0.0,-0.3,0.6000000000000001,-0.6000000000000001,-169.60000000000002,0.0,0.0,169.70000000000002,0.0,21.9,30.1,30.1,30.700000000000003,300.0,300.0,31.200000000000003,35.0,29.9,29.200000000000003,31.0,4.96,1.99,4.97,0.16,0.0,0.0,1027.0,8228.0,0.0,0.0,0.0,0.0,0.0,1.0,0.0,0.0,0.0,0.0,0.0,0.2,0.0,0.6000000000000001,0.0,0.0,16.0,25903.0
2026-07-30T18:59:49.013Z,158.496,158.508,0.0,7.4,0.0,0.0,0.0,0.0,0.0,0.0,0.0,0.0,1.0,0.0,0.0,0.0,9.0,4.0,0.0,0.0,0.0,0.0,0.0,0.0,0.0,0.0,1.0,12.0,1.0,12.18,5.01,2.5,1.49,0.0,0.1,0.0,0.4,0.0,-0.3,-0.4,0.0,-169.60000000000002,0.0,0.0,169.70000000000002,0.0,21.3,30.1,30.1,30.700000000000003,300.0,300.0,31.1,35.0,29.9,29.200000000000003,31.0,4.95,1.99,4.97,0.16,0.0,0.0,1027.0,8228.0,0.0,0.0,0.0,0.0,0.0,1.0,0.0,0.0,0.0,0.0,0.0,-0.5,0.0,0.0,0.0,0.0,16.0,25903.0
2026-07-30T18:59:49.024Z,158.507,158.52,0.0,7.4,0.0,0.0,0.0,0.0,0.0,0.0,0.0,0.0,1.0,0.0,0.0,0.0,9.0,4.0,0.0,0.0,0.0,0.0,0.0,0.0,0.0,0.0,2.0,12.0,1.0,12.18,5.01,2.5,1.49,0.0,0.0,0.0,0.4,0.0,0.1,1.2000000000000002,1.7000000000000002,-169.60000000000002,0.0,0.0,169.70000000000002,0.0,21.3,30.1,30.1,30.700000000000003,300.0,300.0,31.1,35.0,29.9,29.200000000000003,31.0,4.95,1.99,4.96,0.16,0.0,0.0,1027.0,8228.0,0.0,0.0,0.0,0.0,0.0,1.0,0.0,0.0,0.0,0.0,0.0,2.6,0.0,-1.2000000000000002,0.0,0.0,16.0,25903.0
2026-07-30T18:59:49.035Z,158.518,158.532,0.0,7.4,0.0,0.0,0.0,0.0,0.0,0.0,0.0,0.0,1.0,0.0,0.0,0.0,9.0,4.0,0.0,0.0,0.0,0.0,0.0,0.0,0.0,0.0,3.0,12.0,1.0,12.18,5.01,2.5,1.49,0.0,0.0,0.0,0.4,0.0,0.1,-0.5,0.0,-169.60000000000002,0.0,0.0,169.70000000000002,0.0,21.3,30.1,30.1,30.700000000000003,300.0,300.0,31.1,35.0,29.9,29.200000000000003,31.0,4.95,1.99,4.96,0.16,0.0,0.0,1027.0,8228.0,0.0,0.0,0.0,0.0,0.0,1.0,0.0,0.0,0.0,0.0,0.0,-0.6000000000000001,0.0,0.0,0.0,0.0,16.0,25903.0
2026-07-30T18:59:49.047Z,158.53,158.544,0.0,7.4,0.0,0.0,0.0,0.0,0.0,0.0,0.0,0.0,1.0,0.0,0.0,0.0,9.0,4.0,0.0,0.0,0.0,0.0,0.0,0.0,0.0,0.0,4.0,12.0,1.0,12.18,5.01,2.5,1.49,0.0,0.0,0.0,0.4,0.0,0.7000000000000001,0.6000000000000001,0.4,-169.60000000000002,0.0,0.0,169.70000000000002,0.0,21.3,30.1,30.1,30.700000000000003,300.0,300.0,31.1,35.0,29.9,29.200000000000003,31.0,4.95,1.99,4.97,0.16,0.0,0.0,1027.0,8228.0,0.0,0.0,0.0,0.0,0.0,1.0,0.0,0.0,0.0,0.0,0.0,1.1,0.0,-0.2,0.0,0.0001,16.0,25903.0
2026-07-30T18:59:49.060Z,158.543,158.556,0.0,7.4,0.0,0.0,0.0,0.0,0.0,0.0,0.0,0.0,1.0,0.0,0.0,0.0,9.0,4.0,0.0,0.0,0.0,0.0,0.0,0.0,0.0,0.0,5.0,12.0,1.0,12.18,5.01,2.5,1.49,0.0,0.0,0.0,0.5,0.0,0.2,1.2000000000000002,-1.2000000000000002,-169.60000000000002,0.0,0.0,169.70000000000002,0.0,21.3,30.1,30.1,30.700000000000003,300.0,300.0,31.1,35.0,29.9,29.200000000000003,31.0,4.95,1.99,4.97,0.16,0.0,0.0,1027.0,8228.0,0.0,0.0,0.0,0.0,0.0,1.0,0.0,0.0,0.0,0.0,0.0,0.5,0.0,1.3,0.0,0.0001,16.0,25903.0
2026-07-30T18:59:49.072Z,158.555,158.568,0.0,7.4,0.0,0.0,0.0,0.0,0.0,0.0,0.0,0.0,1.0,0.0,0.0,0.0,9.0,4.0,0.0,0.0,0.0,0.0,0.0,0.0,0.0,0.0,5.0,12.0,1.0,12.18,5.01,2.5,1.49,0.0,0.0,0.0,0.4,0.0,0.2,0.7000000000000001,0.0,-169.60000000000002,0.0,0.0,169.70000000000002,0.0,21.3,30.1,30.1,30.700000000000003,300.0,300.0,31.1,35.0,29.9,29.200000000000003,31.0,4.96,1.99,4.96,0.16,0.0,0.0,1027.0,8228.0,0.0,0.0,0.0,0.0,0.0,1.0,0.0,0.0,0.0,0.0,0.0,0.7000000000000001,0.0,0.2,0.0,0.0,16.0,25903.0
2026-07-30T18:59:49.084Z,158.567,158.58,0.0,7.4,0.0,0.0,0.0,0.0,0.0,0.0,0.0,0.0,1.0,0.0,0.0,0.0,9.0,4.0,0.0,0.0,0.0,0.0,0.0,0.0,0.0,0.0,6.0,12.0,1.0,12.18,5.01,2.5,1.49,0.0,0.0,0.0,0.4,0.0,-1.5,-1.0,0.4,-169.60000000000002,0.0,0.0,169.70000000000002,0.0,21.3,30.1,30.1,30.700000000000003,300.0,300.0,31.1,35.0,29.9,29.200000000000003,31.0,4.95,1.99,4.96,0.16,0.0,0.0,1027.0,8228.0,0.0,0.0,0.0,0.0,0.0,1.0,0.0,0.0,0.0,0.0,0.0,-0.8,0.0,-0.6000000000000001,0.0,0.0,16.0,25903.0
2026-07-30T18:59:49.095Z,158.578,158.592,0.0,7.4,0.0,0.0,0.0,0.0,0.0,0.0,0.0,0.0,1.0,0.0,0.0,0.0,9.0,4.0,0.0,0.0,0.0,0.0,0.0,0.0,0.0,0.0,1.0,12.0,1.0,12.18,5.01,2.5,1.49,0.0,0.0,0.0,0.5,0.0,0.8,1.2000000000000002,0.0,-169.70000000000002,0.0,0.0,169.70000000000002,0.0,21.3,30.1,30.1,30.700000000000003,300.0,300.0,31.1,35.0,29.9,29.200000000000003,31.0,4.95,1.99,4.96,0.16,0.0,0.0,1027.0,8228.0,0.0,0.0,0.0,0.0,0.0,1.0,0.0,0.0,0.0,0.0,0.0,1.3,0.0,0.3,0.0,0.0001,16.0,25903.0
2026-07-30T18:59:49.107Z,158.59,158.604,0.0,7.4,0.0,0.0,0.0,0.0,0.0,0.0,0.0,0.0,1.0,0.0,0.0,0.0,9.0,4.0,0.0,0.0,0.0,0.0,0.0,0.0,0.0,0.0,2.0,12.0,1.0,12.18,5.01,2.5,1.49,0.0,0.0,0.0,0.4,0.0,-0.3,-0.4,0.5,-169.70000000000002,0.0,0.0,169.8,0.0,21.3,30.1,30.1,30.700000000000003,300.0,300.0,31.1,35.0,29.9,29.200000000000003,31.0,4.96,2.0,4.96,0.16,0.0,0.0,1027.0,8228.0,0.0,0.0,0.0,0.0,0.0,1.0,0.0,0.0,0.0,0.0,0.0,-0.1,0.0,-0.5,0.0,0.0001,16.0,25903.0
2026-07-30T18:59:49.120Z,158.603,158.616,0.0,7.4,0.0,0.0,0.0,0.0,0.0,0.0,0.0,0.0,1.0,0.0,0.0,0.0,9.0,4.0,0.0,0.0,0.0,0.0,0.0,0.0,0.0,0.0,2.0,12.0,1.0,12.14,5.01,2.51,1.49,0.0,0.0,0.0,0.4,0.0,0.2,-0.4,0.0,-169.70000000000002,0.0,0.0,169.70000000000002,0.0,21.8,30.1,30.1,30.700000000000003,300.0,300.0,31.1,35.0,29.9,29.200000000000003,31.0,4.95,2.0,4.97,0.16,0.0,0.0,1027.0,8228.0,0.0,0.0,0.0,0.0,0.0,1.0,0.0,0.0,0.0,0.0,0.0,-0.5,0.0,0.0,0.0,0.0,16.0,25903.0
2026-07-30T18:59:49.132Z,158.615,158.628,0.0,7.4,0.0,0.0,0.0,0.0,0.0,0.0,0.0,0.0,1.0,0.0,0.0,0.0,9.0,4.0,0.0,0.0,0.0,0.0,0.0,0.0,0.0,0.0,3.0,12.0,1.0,12.14,5.01,2.51,1.49,0.0,0.0,0.0,0.4,0.0,0.3,0.1,1.0,-169.70000000000002,0.0,0.0,169.8,0.0,21.8,30.1,30.1,30.700000000000003,300.0,300.0,31.1,35.0,29.9,29.200000000000003,31.0,4.95,1.99,4.97,0.16,0.0,0.0,1027.0,8228.0,0.0,0.0,0.0,0.0,0.0,1.0,0.0,0.0,0.0,0.0,0.0,0.9,0.0,-0.9,0.0,0.0,16.0,25903.0
2026-07-30T18:59:49.143Z,158.626,158.64,0.0,7.4,0.0,0.0,0.0,0.0,0.0,0.0,0.0,0.0,1.0,0.0,0.0,0.0,9.0,4.0,0.0,0.0,0.0,0.0,0.0,0.0,0.0,0.0,4.0,12.0,1.0,12.14,5.01,2.51,1.49,0.0,0.0,0.0,0.4,0.0,0.9,0.1,-0.1,-169.70000000000002,0.0,0.0,169.70000000000002,0.0,21.8,30.1,30.1,30.700000000000003,300.0,300.0,31.1,35.0,29.9,29.200000000000003,31.0,4.95,1.99,4.96,0.16,0.0,0.0,1027.0,8228.0,0.0,0.0,0.0,0.0,0.0,1.0,0.0,0.0,0.0,0.0,0.0,0.0,0.0,0.1,0.0,0.0001,16.0,25903.0
2026-07-30T18:59:49.155Z,158.638,158.65200000000002,0.0,7.4,0.0,0.0,0.0,0.0,0.0,0.0,0.0,0.0,1.0,0.0,0.0,0.0,9.0,4.0,0.0,0.0,0.0,0.0,0.0,0.0,0.0,0.0,5.0,12.0,1.0,12.14,5.01,2.51,1.49,0.0,0.0,0.0,0.4,0.0,0.3,0.7000000000000001,1.6,-169.70000000000002,0.0,0.0,169.70000000000002,0.0,21.8,30.1,30.1,30.700000000000003,300.0,300.0,31.1,35.0,29.9,29.200000000000003,31.0,4.96,1.99,4.96,0.16,0.0,0.0,1027.0,8228.0,0.0,0.0,0.0,0.0,0.0,1.0,0.0,0.0,0.0,0.0,0.0,2.0,0.0,-1.2000000000000002,0.0,0.0001,16.0,25903.0
2026-07-30T18:59:49.168Z,158.651,158.66400000000002,0.0,7.4,0.0,0.0,0.0,0.0,0.0,0.0,0.0,0.0,1.0,0.0,0.0,0.0,9.0,4.0,0.0,0.0,0.0,0.0,0.0,0.0,0.0,0.0,1.0,12.0,1.0,12.14,5.01,2.51,1.49,0.0,0.0,0.0,0.4,0.0,0.3,0.7000000000000001,1.0,-169.70000000000002,0.0,0.0,169.70000000000002,0.0,21.8,30.1,30.1,30.700000000000003,300.0,300.0,31.1,35.0,29.9,29.200000000000003,31.0,4.95,1.99,4.97,0.16,0.0,0.0,1027.0,8228.0,0.0,0.0,0.0,0.0,0.0,1.0,0.0,0.0,0.0,0.0,0.0,1.5,0.0,-0.7000000000000001,0.0,0.0001,16.0,25903.0
2026-07-30T18:59:49.180Z,158.663,158.67600000000002,0.0,7.4,0.0,0.0,0.0,0.0,0.0,0.0,0.0,0.0,1.0,0.0,0.0,0.0,9.0,4.0,0.0,0.0,0.0,0.0,0.0,0.0,0.0,0.0,2.0,12.0,1.0,12.14,5.01,2.51,1.49,0.0,0.1,0.0,0.4,0.0,-0.2,-1.0,-0.7000000000000001,-169.70000000000002,0.0,0.0,169.8,0.0,21.8,30.1,30.1,30.700000000000003,300.0,300.0,31.1,35.0,29.9,29.200000000000003,31.0,4.95,1.99,4.96,0.16,0.0,0.0,1027.0,8228.0,0.0,0.0,0.0,0.0,0.0,1.0,0.0,0.0,0.0,0.0,0.0,-1.2000000000000002,0.0,0.0,0.0,0.0,16.0,25903.0
2026-07-30T18:59:49.192Z,158.675,158.68800000000002,0.0,7.4,0.0,0.0,0.0,0.0,0.0,0.0,0.0,0.0,1.0,0.0,0.0,0.0,9.0,4.0,0.0,0.0,0.0,0.0,0.0,0.0,0.0,0.0,3.0,12.0,1.0,12.14,5.01,2.51,1.49,0.0,0.0,0.0,0.4,0.0,-0.2,0.1,-0.7000000000000001,-169.70000000000002,0.0,0.0,169.8,0.0,21.8,30.1,30.1,30.700000000000003,300.0,300.0,31.1,35.0,29.9,29.200000000000003,31.0,4.95,2.0,4.96,0.16,0.0,0.0,1027.0,8228.0,0.0,0.0,0.0,0.0,0.0,1.0,0.0,0.0,0.0,0.0,0.0,-1.7000000000000002,0.0,0.4,0.0,0.0002,16.0,25903.0
2026-07-30T18:59:49.204Z,158.687,158.70000000000002,0.0,7.4,0.0,0.0,0.0,0.0,0.0,0.0,0.0,0.0,1.0,0.0,0.0,0.0,9.0,4.0,0.0,0.0,0.0,0.0,0.0,0.0,0.0,0.0,3.0,12.0,1.0,12.14,5.01,2.51,1.49,0.0,0.0,0.0,0.4,0.0,0.3,0.1,-1.3,-169.70000000000002,0.0,0.0,169.8,0.0,21.8,30.1,30.1,30.700000000000003,300.0,300.0,31.1,35.0,29.9,29.200000000000003,31.0,4.95,1.99,4.96,0.16,0.0,0.0,1027.0,8228.0,0.0,0.0,0.0,0.0,0.0,1.0,0.0,0.0,0.0,0.0,0.0,-0.8,0.0,1.2000000000000002,0.0,0.0001,16.0,25903.0
2026-07-30T18:59:49.217Z,158.7,158.71200000000002,0.0,7.4,0.0,0.0,0.0,0.0,0.0,0.0,0.0,0.0,1.0,0.0,0.0,0.0,9.0,4.0,0.0,0.0,0.0,0.0,0.0,0.0,0.0,0.0,4.0,12.0,1.0,12.17,5.0200000000000005,2.51,1.49,0.0,0.0,0.0,0.4,0.0,-0.8,-0.4,-0.2,-169.70000000000002,0.0,0.0,169.70000000000002,0.0,21.3,30.1,30.1,30.700000000000003,300.0,300.0,31.200000000000003,35.0,29.9,29.1,31.0,4.95,1.99,4.96,0.16,0.0,0.0,1027.0,8228.0,0.0,0.0,0.0,0.0,0.0,1.0,0.0,0.0,0.0,0.0,0.0,-0.6000000000000001,0.0,0.1,0.0,0.0,16.0,25903.0
2026-07-30T18:59:49.228Z,158.711,158.724,0.0,7.4,0.0,0.0,0.0,0.0,0.0,0.0,0.0,0.0,1.0,0.0,0.0,0.0,9.0,4.0,0.0,0.0,0.0,0.0,0.0,0.0,0.0,0.0,5.0,12.0,1.0,12.17,5.0200000000000005,2.51,1.49,0.0,0.0,0.0,0.4,0.0,-0.2,-0.4,0.4,-169.70000000000002,0.0,0.0,169.70000000000002,0.0,21.3,30.1,30.1,30.700000000000003,300.0,300.0,31.200000000000003,35.0,29.9,29.1,31.0,4.96,1.99,4.96,0.16,0.0,0.0,1027.0,8228.0,0.0,0.0,0.0,0.0,0.0,1.0,0.0,0.0,0.0,0.0,0.0,-0.1,0.0,-0.4,0.0,0.0001,16.0,25903.0
2026-07-30T18:59:49.240Z,158.723,158.736,0.0,7.4,0.0,0.0,0.0,0.0,0.0,0.0,0.0,0.0,1.0,0.0,0.0,0.0,9.0,4.0,0.0,0.0,0.0,0.0,0.0,0.0,0.0,0.0,6.0,12.0,1.0,12.17,5.0200000000000005,2.51,1.49,0.0,0.0,0.0,0.4,0.0,-0.2,1.3,1.0,-169.70000000000002,0.0,0.0,169.70000000000002,0.0,21.3,30.1,30.1,30.700000000000003,300.0,300.0,31.200000000000003,35.0,29.9,29.1,31.0,4.96,1.99,4.97,0.16,0.0,0.0,1027.0,8228.0,0.0,0.0,0.0,0.0,0.0,1.0,0.0,0.0,0.0,0.0,0.0,2.2,0.0,-0.6000000000000001,0.0,0.0001,16.0,25903.0
2026-07-30T18:59:49.252Z,158.735,158.748,0.0,7.4,0.0,0.0,0.0,0.0,0.0,0.0,0.0,0.0,1.0,0.0,0.0,0.0,9.0,4.0,0.0,0.0,0.0,0.0,0.0,0.0,0.0,0.0,1.0,12.0,1.0,12.17,5.0200000000000005,2.51,1.49,0.0,0.0,0.0,0.5,0.0,-0.2,0.7000000000000001,1.0,-169.70000000000002,0.0,0.0,169.70000000000002,0.0,21.3,30.1,30.1,30.700000000000003,300.0,300.0,31.200000000000003,35.0,29.9,29.1,31.0,4.95,1.99,4.97,0.16,0.0,0.0,1027.0,8228.0,0.0,0.0,0.0,0.0,0.0,1.0,0.0,0.0,0.0,0.0,0.0,1.6,0.0,-0.7000000000000001,0.0,0.0001,16.0,25903.0
2026-07-30T18:59:49.263Z,158.746,158.76,0.0,7.4,0.0,0.0,0.0,0.0,0.0,0.0,0.0,0.0,1.0,0.0,0.0,0.0,9.0,4.0,0.0,0.0,0.0,0.0,0.0,0.0,0.0,0.0,3.0,12.0,1.0,12.17,5.0200000000000005,2.51,1.49,0.0,0.0,0.0,0.4,0.0,0.3,-0.9,-1.3,-169.70000000000002,0.0,0.0,169.70000000000002,0.0,21.3,30.1,30.1,30.700000000000003,300.0,300.0,31.200000000000003,35.0,29.9,29.1,31.0,4.95,1.99,4.96,0.16,0.0,0.0,1027.0,8228.0,0.0,0.0,0.0,0.0,0.0,1.0,0.0,0.0,0.0,0.0,0.0,-2.1,0.0,1.0,0.0,0.0001,16.0,25903.0
2026-07-30T18:59:49.275Z,158.758,158.772,0.0,7.4,0.0,0.0,0.0,0.0,0.0,0.0,0.0,0.0,1.0,0.0,0.0,0.0,9.0,4.0,0.0,0.0,0.0,0.0,0.0,0.0,0.0,0.0,4.0,12.0,1.0,12.17,5.0200000000000005,2.51,1.49,0.0,0.0,0.0,0.4,0.0,0.3,0.1,0.9,-169.70000000000002,0.0,0.0,169.8,0.0,21.3,30.1,30.1,30.700000000000003,300.0,300.0,31.200000000000003,35.0,29.9,29.1,31.0,4.95,2.0,4.96,0.16,0.0,0.0,1027.0,8228.0,0.0,0.0,0.0,0.0,0.0,1.0,0.0,0.0,0.0,0.0,0.0,0.9,0.0,-0.7000000000000001,0.0,0.0001,16.0,25903.0
2026-07-30T18:59:49.292Z,158.775,158.784,0.0,7.4,0.0,0.0,0.0,0.0,0.0,0.0,0.0,0.0,1.0,0.0,0.0,0.0,9.0,4.0,0.0,0.0,0.0,0.0,0.0,0.0,0.0,0.0,3.0,12.0,1.0,12.17,5.0200000000000005,2.51,1.49,0.0,0.0,0.0,0.4,0.0,-0.2,0.7000000000000001,0.9,-169.70000000000002,0.0,0.0,169.70000000000002,0.0,21.3,30.1,30.1,30.700000000000003,300.0,300.0,31.200000000000003,35.0,29.9,29.1,31.0,4.95,1.99,4.97,0.16,0.0,0.0,1027.0,8228.0,0.0,0.0,0.0,0.0,0.0,1.0,0.0,0.0,0.0,0.0,0.0,1.5,0.0,-0.6000000000000001,0.0,0.0001,16.0,25903.0
2026-07-30T18:59:49.300Z,158.783,158.796,0.0,7.4,0.0,0.0,0.0,0.0,0.0,0.0,0.0,0.0,1.0,0.0,0.0,0.0,9.0,4.0,0.0,0.0,0.0,0.0,0.0,0.0,0.0,0.0,1.0,12.0,1.0,12.17,5.0200000000000005,2.51,1.49,0.0,0.0,0.0,0.4,0.0,0.8,0.7000000000000001,0.9,-169.70000000000002,0.0,0.0,169.70000000000002,0.0,21.3,30.1,30.1,30.700000000000003,300.0,300.0,31.200000000000003,35.0,29.9,29.1,31.0,4.95,1.99,4.97,0.16,0.0,0.0,1027.0,8228.0,0.0,0.0,0.0,0.0,0.0,1.0,0.0,0.0,0.0,0.0,0.0,1.5,0.0,-0.6000000000000001,0.0,0.0,16.0,25903.0
2026-07-30T18:59:49.312Z,158.795,158.808,0.0,7.4,0.0,0.0,0.0,0.0,0.0,0.0,0.0,0.0,1.0,0.0,0.0,0.0,9.0,4.0,0.0,0.0,0.0,0.0,0.0,0.0,0.0,0.0,2.0,12.0,1.0,12.17,5.0200000000000005,2.51,1.49,0.0,0.0,0.0,0.4,0.0,-0.2,-0.9,-1.4,-169.70000000000002,0.0,0.0,169.8,0.0,21.3,30.1,30.1,30.700000000000003,300.0,300.0,31.200000000000003,35.0,29.9,29.1,31.0,4.96,1.99,4.96,0.16,0.0,0.0,1027.0,8228.0,0.0,0.0,0.0,0.0,0.0,1.0,0.0,0.0,0.0,0.0,0.0,-2.1,0.0,1.0,0.0,0.0002,16.0,25903.0
2026-07-30T18:59:49.323Z,158.806,158.82,0.0,7.4,0.0,0.0,0.0,0.0,0.0,0.0,0.0,0.0,1.0,0.0,0.0,0.0,9.0,4.0,0.0,0.0,0.0,0.0,0.0,0.0,0.0,0.0,4.0,12.0,1.0,12.11,5.01,2.51,1.49,0.0,0.0,0.0,0.4,0.0,-0.8,-1.5,-0.2,-169.70000000000002,0.0,0.0,169.70000000000002,0.0,21.700000000000003,30.1,30.1,30.700000000000003,300.0,300.0,31.200000000000003,35.0,29.9,29.1,31.0,4.95,1.99,4.97,0.16,0.0,0.0,1027.0,8228.0,0.0,0.0,0.0,0.0,0.0,1.0,0.0,0.0,0.0,0.0,0.0,-1.9,0.0,-0.1,0.0,0.0001,16.0,25903.0
2026-07-30T18:59:49.335Z,158.818,158.832,0.0,7.4,0.0,0.0,0.0,0.0,0.0,0.0,0.0,0.0,1.0,0.0,0.0,0.0,9.0,4.0,0.0,0.0,0.0,0.0,0.0,0.0,0.0,0.0,5.0,12.0,1.0,12.11,5.01,2.51,1.49,0.0,0.0,0.0,0.4,0.0,0.9,-0.3,-0.1,-169.70000000000002,0.0,0.0,169.8,0.0,21.700000000000003,30.1,30.1,30.700000000000003,300.0,300.0,31.200000000000003,35.0,29.9,29.1,31.0,4.95,2.0,4.96,0.16,0.0,0.0,1027.0,8228.0,0.0,0.0,0.0,0.0,0.0,1.0,0.0,0.0,0.0,0.0,0.0,-0.5,0.0,0.0,0.0,0.0,16.0,25903.0
2026-07-30T18:59:49.348Z,158.831,158.844,0.0,7.4,0.0,0.0,0.0,0.0,0.0,0.0,0.0,0.0,1.0,0.0,0.0,0.0,9.0,4.0,0.0,0.0,0.0,0.0,0.0,0.0,0.0,0.0,6.0,12.0,1.0,12.11,5.01,2.51,1.49,0.0,0.0,0.0,0.4,0.0,-0.8,-0.9,-0.6000000000000001,-169.70000000000002,0.0,0.0,169.8,0.0,21.700000000000003,30.1,30.1,30.700000000000003,300.0,300.0,31.200000000000003,35.0,29.9,29.1,31.0,4.96,1.99,4.96,0.16,0.0,0.0,1027.0,8228.0,0.0,0.0,0.0,0.0,0.0,1.0,0.0,0.0,0.0,0.0,0.0,-1.5,0.0,0.4,0.0,0.0,16.0,25903.0
2026-07-30T18:59:49.359Z,158.842,158.856,0.0,7.4,0.0,0.0,0.0,0.0,0.0,0.0,0.0,0.0,1.0,0.0,0.0,0.0,9.0,4.0,0.0,0.0,0.0,0.0,0.0,0.0,0.0,0.0,6.0,12.0,1.0,12.11,5.01,2.51,1.49,0.0,0.0,0.0,0.4,0.0,0.3,-0.9,-1.3,-169.70000000000002,0.0,0.0,169.8,0.0,21.700000000000003,30.1,30.1,30.700000000000003,300.0,300.0,31.200000000000003,35.0,29.9,29.1,31.0,4.95,1.99,4.96,0.16,0.0,0.0,1027.0,8228.0,0.0,0.0,0.0,0.0,0.0,1.0,0.0,0.0,0.0,0.0,0.0,-2.0,0.0,0.9,0.0,0.0,16.0,25903.0
2026-07-30T18:59:49.372Z,158.855,158.868,0.0,7.4,0.0,0.0,0.0,0.0,0.0,0.0,0.0,0.0,1.0,0.0,0.0,0.0,9.0,4.0,0.0,0.0,0.0,0.0,0.0,0.0,0.0,0.0,1.0,12.0,1.0,12.11,5.01,2.51,1.49,0.0,0.0,0.0,0.4,0.0,-1.3,-1.5,-0.6000000000000001,-169.70000000000002,0.0,0.0,169.8,0.0,21.700000000000003,30.1,30.1,30.700000000000003,300.0,300.0,31.200000000000003,35.0,29.9,29.1,31.0,4.95,1.99,4.97,0.16,0.0,0.0,1027.0,8228.0,0.0,0.0,0.0,0.0,0.0,1.0,0.0,0.0,0.0,0.0,0.0,-2.2,0.0,0.2,0.0,0.0001,16.0,25903.0
2026-07-30T18:59:49.383Z,158.866,158.88,0.0,7.4,0.0,0.0,0.0,0.0,0.0,0.0,0.0,0.0,1.0,0.0,0.0,0.0,9.0,4.0,0.0,0.0,0.0,0.0,0.0,0.0,0.0,0.0,3.0,12.0,1.0,12.11,5.01,2.51,1.49,0.0,0.0,0.0,0.4,0.0,0.9,0.2,1.0,-169.70000000000002,0.0,0.0,169.70000000000002,0.0,21.700000000000003,30.1,30.1,30.700000000000003,300.0,300.0,31.200000000000003,35.0,29.9,29.1,31.0,4.95,2.0,4.96,0.16,0.0,0.0,1027.0,8228.0,0.0,0.0,0.0,0.0,0.0,1.0,0.0,0.0,0.0,0.0,0.0,1.0,0.0,-0.8,0.0,0.0,16.0,25903.0
2026-07-30T18:59:49.396Z,158.879,158.892,0.0,7.4,0.0,0.0,0.0,0.0,0.0,0.0,0.0,0.0,1.0,0.0,0.0,0.0,9.0,4.0,0.0,0.0,0.0,0.0,0.0,0.0,0.0,0.0,4.0,12.0,1.0,12.11,5.01,2.51,1.49,0.0,0.0,0.0,0.4,0.0,0.3,0.2,0.4,-169.70000000000002,0.0,0.0,169.8,0.0,21.700000000000003,30.1,30.1,30.700000000000003,300.0,300.0,31.200000000000003,35.0,29.9,29.1,31.0,4.96,1.99,4.96,0.16,0.0,0.0,1027.0,8228.0,0.0,0.0,0.0,0.0,0.0,1.0,0.0,0.0,0.0,0.0,0.0,0.6000000000000001,0.0,-0.3,0.0,0.0,16.0,25903.0
2026-07-30T18:59:49.408Z,158.891,158.904,0.0,7.4,0.0,0.0,0.0,0.0,0.0,0.0,0.0,0.0,1.0,0.0,0.0,0.0,9.0,4.0,0.0,0.0,0.0,0.0,0.0,0.0,0.0,0.0,5.0,12.0,1.0,12.11,5.01,2.51,1.49,0.0,0.0,0.0,0.4,0.0,0.3,-0.3,0.0,-169.70000000000002,0.0,0.0,169.8,0.0,21.700000000000003,30.1,30.1,30.700000000000003,300.0,300.0,31.200000000000003,35.0,29.9,29.1,31.0,4.95,1.99,4.97,0.16,0.0,0.0,1027.0,8228.0,0.0,0.0,0.0,0.0,0.0,1.0,0.0,0.0,0.0,0.0,0.0,-0.4,0.0,0.0,0.0,0.0001,16.0,25903.0
2026-07-30T18:59:49.421Z,158.904,158.916,0.0,7.4,0.0,0.0,0.0,0.0,0.0,0.0,0.0,0.0,1.0,0.0,0.0,0.0,9.0,4.0,0.0,0.0,0.0,0.0,0.0,0.0,0.0,0.0,1.0,12.0,1.0,12.18,5.01,2.5,1.49,0.0,0.0,0.0,0.4,0.0,0.9,-0.3,0.4,-169.70000000000002,0.0,0.0,169.70000000000002,0.0,21.3,30.1,30.1,30.700000000000003,300.0,300.0,31.1,35.0,29.9,29.1,31.0,4.96,1.99,4.96,0.16,0.0,0.0,1027.0,8228.0,0.0,0.0,0.0,0.0,0.0,1.0,0.0,0.0,0.0,0.0,0.0,0.0,0.0,-0.4,0.0,0.0001,16.0,25903.0
2026-07-30T18:59:49.431Z,158.914,158.928,0.0,7.4,0.0,0.0,0.0,0.0,0.0,0.0,0.0,0.0,1.0,0.0,0.0,0.0,9.0,4.0,0.0,0.0,0.0,0.0,0.0,0.0,0.0,0.0,2.0,12.0,1.0,12.18,5.01,2.5,1.49,0.0,0.0,0.0,0.4,0.0,-0.8,-0.3,-0.1,-169.70000000000002,0.0,0.0,169.8,0.0,21.3,30.1,30.1,30.700000000000003,300.0,300.0,31.1,35.0,29.9,29.1,31.0,4.96,1.99,4.96,0.16,0.0,0.0,1027.0,8228.0,0.0,0.0,0.0,0.0,0.0,1.0,0.0,0.0,0.0,0.0,0.0,-0.5,0.0,0.0,0.0,0.0,16.0,25903.0
2026-07-30T18:59:49.444Z,158.927,158.94,0.0,7.4,0.0,0.0,0.0,0.0,0.0,0.0,0.0,0.0,1.0,0.0,0.0,0.0,9.0,4.0,0.0,0.0,0.0,0.0,0.0,0.0,0.0,0.0,3.0,12.0,1.0,12.18,5.01,2.5,1.49,0.0,0.0,0.0,0.4,0.0,-0.2,0.8,-0.7000000000000001,-169.70000000000002,0.0,0.0,169.8,0.0,21.3,30.1,30.1,30.700000000000003,300.0,300.0,31.1,35.0,29.9,29.1,31.0,4.95,1.99,4.96,0.16,0.0,0.0,1027.0,8228.0,0.0,0.0,0.0,0.0,0.0,1.0,0.0,0.0,0.0,0.0,0.0,0.3,0.0,0.8,0.0,0.0,16.0,25903.0
2026-07-30T18:59:49.455Z,158.938,158.952,0.0,7.4,0.0,0.0,0.0,0.0,0.0,0.0,0.0,0.0,1.0,0.0,0.0,0.0,9.0,4.0,0.0,0.0,0.0,0.0,0.0,0.0,0.0,0.0,4.0,12.0,1.0,12.18,5.01,2.5,1.49,0.0,0.0,0.0,0.4,0.0,-0.2,0.8,-0.1,-169.70000000000002,0.0,0.0,169.70000000000002,0.0,21.3,30.1,30.1,30.700000000000003,300.0,300.0,31.1,35.0,29.9,29.1,31.0,4.95,1.99,4.97,0.16,0.0,0.0,1027.0,8228.0,0.0,0.0,0.0,0.0,0.0,1.0,0.0,0.0,0.0,0.0,0.0,0.8,0.0,0.2,0.0,0.0002,16.0,25903.0
2026-07-30T18:59:49.467Z,158.95,158.964,0.0,7.4,0.0,0.0,0.0,0.0,0.0,0.0,0.0,0.0,1.0,0.0,0.0,0.0,9.0,4.0,0.0,0.0,0.0,0.0,0.0,0.0,0.0,0.0,5.0,12.0,1.0,12.18,5.01,2.5,1.49,0.0,0.1,0.0,0.4,0.0,0.3,0.2,-1.2000000000000002,-169.70000000000002,0.0,0.0,169.8,0.0,21.3,30.1,30.1,30.700000000000003,300.0,300.0,31.1,35.0,29.9,29.1,31.0,4.96,2.0,4.96,0.16,0.0,0.0,1027.0,8228.0,0.0,0.0,0.0,0.0,0.0,1.0,0.0,0.0,0.0,0.0,0.0,-0.6000000000000001,0.0,1.1,0.0,0.0001,16.0,25903.0
2026-07-30T18:59:49.479Z,158.962,158.976,0.0,7.4,0.0,0.0,0.0,0.0,0.0,0.0,0.0,0.0,1.0,0.0,0.0,0.0,9.0,4.0,0.0,0.0,0.0,0.0,0.0,0.0,0.0,0.0,6.0,12.0,1.0,12.18,5.01,2.5,1.49,0.0,0.0,0.0,0.4,0.0,-0.2,-0.3,-0.6000000000000001,-169.70000000000002,0.0,0.0,169.8,0.0,21.3,30.1,30.1,30.700000000000003,300.0,300.0,31.1,35.0,29.9,29.1,31.0,4.96,1.99,4.97,0.16,0.0,0.0,1027.0,8228.0,0.0,0.0,0.0,0.0,0.0,1.0,0.0,0.0,0.0,0.0,0.0,-0.8,0.0,0.5,0.0,0.0001,16.0,25903.0
2026-07-30T18:59:49.491Z,158.974,158.988,0.0,7.4,0.0,0.0,0.0,0.0,0.0,0.0,0.0,0.0,1.0,0.0,0.0,0.0,9.0,4.0,0.0,0.0,0.0,0.0,0.0,0.0,0.0,0.0,1.0,12.0,1.0,12.18,5.01,2.5,1.49,0.0,0.0,0.0,0.4,0.0,0.2,-0.3,-0.7000000000000001,-169.70000000000002,0.0,0.0,169.8,0.0,21.3,30.1,30.1,30.700000000000003,300.0,300.0,31.1,35.0,29.9,29.1,31.0,4.95,1.99,4.97,0.16,0.0,0.0,1027.0,8228.0,0.0,0.0,0.0,0.0,0.0,1.0,0.0,0.0,0.0,0.0,0.0,-0.9,0.0,0.5,0.0,0.0,16.0,25903.0
2026-07-30T18:59:49.504Z,158.987,159.0,0.0,7.4,0.0,0.0,0.0,0.0,0.0,0.0,0.0,0.0,1.0,0.0,0.0,0.0,9.0,4.0,0.0,0.0,0.0,0.0,0.0,0.0,0.0,0.0,2.0,12.0,1.0,12.18,5.01,2.5,1.49,0.0,0.0,0.0,0.4,0.0,0.2,-0.4,-0.6000000000000001,-169.70000000000002,0.0,0.0,169.8,0.0,21.3,30.1,30.1,30.700000000000003,300.0,300.0,31.1,35.0,29.9,29.1,31.0,4.96,1.99,4.97,0.16,0.0,0.0,1027.0,8228.0,0.0,0.0,0.0,0.0,0.0,1.0,0.0,0.0,0.0,0.0,0.0,-0.9,0.0,0.5,0.0,0.0,16.0,25903.0
2026-07-30T18:59:49.516Z,158.999,159.012,0.0,7.4,0.0,0.0,0.0,0.0,0.0,0.0,0.0,0.0,1.0,0.0,0.0,0.0,9.0,4.0,0.0,0.0,0.0,0.0,0.0,0.0,0.0,0.0,3.0,12.0,1.0,12.18,5.01,2.5,1.49,0.0,0.1,0.0,0.4,0.0,0.2,-0.4,-0.1,-169.70000000000002,0.0,0.0,169.8,0.0,21.3,30.1,30.1,30.700000000000003,300.0,300.0,31.1,35.0,29.9,29.1,31.0,4.95,2.0,4.97,0.16,0.0,0.0,1027.0,8228.0,0.0,0.0,0.0,0.0,0.0,1.0,0.0,0.0,0.0,0.0,0.0,-0.6000000000000001,0.0,0.0,0.0,0.0,16.0,25903.0
2026-07-30T18:59:49.527Z,159.01,159.024,0.0,7.4,0.0,0.0,0.0,0.0,0.0,0.0,0.0,0.0,1.0,0.0,0.0,0.0,9.0,4.0,0.0,0.0,0.0,0.0,0.0,0.0,0.0,0.0,5.0,12.0,1.0,12.17,5.0200000000000005,2.51,1.49,0.0,0.0,0.0,0.4,0.0,0.3,0.7000000000000001,1.6,-169.70000000000002,0.0,0.0,169.8,0.0,21.8,30.1,30.1,30.700000000000003,300.0,300.0,31.0,35.0,29.9,29.1,31.0,4.95,1.99,4.97,0.16,0.0,0.0,1027.0,8228.0,0.0,0.0,0.0,0.0,0.0,1.0,0.0,0.0,0.0,0.0,0.0,2.0,0.0,-1.2000000000000002,0.0,0.0,16.0,25903.0
2026-07-30T18:59:49.540Z,159.023,159.036,0.0,7.4,0.0,0.0,0.0,0.0,0.0,0.0,0.0,0.0,1.0,0.0,0.0,0.0,9.0,4.0,0.0,0.0,0.0,0.0,0.0,0.0,0.0,0.0,6.0,12.0,1.0,12.17,5.0200000000000005,2.51,1.49,0.0,0.1,0.0,0.4,0.0,-0.8,1.3,0.4,-169.70000000000002,0.0,0.0,169.8,0.0,21.8,30.1,30.1,30.700000000000003,300.0,300.0,31.0,35.0,29.9,29.1,31.0,4.95,1.99,4.97,0.16,0.0,0.0,1027.0,8228.0,0.0,0.0,0.0,0.0,0.0,1.0,0.0,0.0,0.0,0.0,0.0,1.8,0.0,-0.1,0.0,0.0,16.0,25903.0
2026-07-30T18:59:49.551Z,159.034,159.048,0.0,7.4,0.0,0.0,0.0,0.0,0.0,0.0,0.0,0.0,1.0,0.0,0.0,0.0,9.0,4.0,0.0,0.0,0.0,0.0,0.0,0.0,0.0,0.0,2.0,12.0,1.0,12.17,5.0200000000000005,2.51,1.49,0.0,0.0,0.0,0.5,0.0,0.8,-0.4,-0.1,-169.70000000000002,0.0,0.0,169.8,0.0,21.8,30.1,30.1,30.700000000000003,300.0,300.0,31.0,35.0,29.9,29.1,31.0,4.96,1.99,4.96,0.16,0.0,0.0,1027.0,8228.0,0.0,0.0,0.0,0.0,0.0,1.0,0.0,0.0,0.0,0.0,0.0,-0.5,0.0,0.0,0.0,0.0,16.0,25903.0
2026-07-30T18:59:49.563Z,159.046,159.06,0.0,7.4,0.0,0.0,0.0,0.0,0.0,0.0,0.0,0.0,1.0,0.0,0.0,0.0,9.0,4.0,0.0,0.0,0.0,0.0,0.0,0.0,0.0,0.0,3.0,12.0,1.0,12.17,5.0200000000000005,2.51,1.49,0.0,0.0,0.0,0.4,0.0,-0.2,-1.0,-0.1,-169.70000000000002,0.0,0.0,169.8,0.0,21.8,30.1,30.1,30.700000000000003,300.0,300.0,31.0,35.0,29.9,29.1,31.0,4.95,1.99,4.97,0.16,0.0,0.0,1027.0,8228.0,0.0,0.0,0.0,0.0,0.0,1.0,0.0,0.0,0.0,0.0,0.0,-1.2000000000000002,0.0,0.0,0.0,0.0,16.0,25903.0
2026-07-30T18:59:49.576Z,159.059,159.072,0.0,7.4,0.0,0.0,0.0,0.0,0.0,0.0,0.0,0.0,1.0,0.0,0.0,0.0,9.0,4.0,0.0,0.0,0.0,0.0,0.0,0.0,0.0,0.0,4.0,12.0,1.0,12.17,5.0200000000000005,2.51,1.49,0.0,0.0,0.0,0.4,0.0,0.2,0.7000000000000001,1.0,-169.70000000000002,0.0,0.0,169.8,0.0,21.8,30.1,30.1,30.700000000000003,300.0,300.0,31.0,35.0,29.9,29.1,31.0,4.95,2.0,4.97,0.16,0.0,0.0,1027.0,8228.0,0.0,0.0,0.0,0.0,0.0,1.0,0.0,0.0,0.0,0.0,0.0,1.6,0.0,-0.7000000000000001,0.0,0.0,16.0,25903.0
2026-07-30T18:59:49.588Z,159.071,159.084,0.0,7.4,0.0,0.0,0.0,0.0,0.0,0.0,0.0,0.0,1.0,0.0,0.0,0.0,9.0,4.0,0.0,0.0,0.0,0.0,0.0,0.0,0.0,0.0,5.0,12.0,1.0,12.17,5.0200000000000005,2.51,1.49,0.0,0.0,0.0,0.4,0.0,0.2,0.1,-0.1,-169.70000000000002,0.0,0.0,169.8,0.0,21.8,30.1,30.1,30.700000000000003,300.0,300.0,31.0,35.0,29.9,29.1,31.0,4.96,2.0,4.97,0.16,0.0,0.0,1027.0,8228.0,0.0,0.0,0.0,0.0,0.0,1.0,0.0,0.0,0.0,0.0,0.0,0.1,0.0,0.1,0.0,0.0,16.0,25903.0
2026-07-30T18:59:49.602Z,159.085,159.096,0.0,7.4,0.0,0.0,0.0,0.0,0.0,0.0,0.0,0.0,1.0,0.0,0.0,0.0,9.0,4.0,0.0,0.0,0.0,0.0,0.0,0.0,0.0,0.0,1.0,12.0,1.0,12.17,5.0200000000000005,2.51,1.49,0.0,0.0,0.0,0.4,0.0,0.8,0.1,0.9,-169.70000000000002,0.0,0.0,169.8,0.0,21.8,30.1,30.1,30.700000000000003,300.0,300.0,31.0,35.0,29.9,29.1,31.0,4.95,2.0,4.96,0.16,0.0,0.0,1027.0,8228.0,0.0,0.0,0.0,0.0,0.0,1.0,0.0,0.0,0.0,0.0,0.0,0.9,0.0,-0.8,0.0,0.0,16.0,25903.0
2026-07-30T18:59:49.612Z,159.095,159.108,0.0,7.4,0.0,0.0,0.0,0.0,0.0,0.0,0.0,0.0,1.0,0.0,0.0,0.0,9.0,4.0,0.0,0.0,0.0,0.0,0.0,0.0,0.0,0.0,6.0,12.0,1.0,12.17,5.0200000000000005,2.51,1.49,0.0,0.0,0.0,0.4,0.0,0.8,-0.4,-0.7000000000000001,-169.70000000000002,0.0,0.0,169.70000000000002,0.0,21.8,30.1,30.1,30.700000000000003,300.0,300.0,31.0,35.0,29.9,29.1,31.0,4.95,1.99,4.97,0.16,0.0,0.0,1027.0,8228.0,0.0,0.0,0.0,0.0,0.0,1.0,0.0,0.0,0.0,0.0,0.0,-1.0,0.0,0.5,0.0,0.0,16.0,25903.0
2026-07-30T18:59:49.625Z,159.108,159.12,0.0,7.4,0.0,0.0,0.0,0.0,0.0,0.0,0.0,0.0,1.0,0.0,0.0,0.0,9.0,4.0,0.0,0.0,0.0,0.0,0.0,0.0,0.0,0.0,6.0,12.0,1.0,12.17,5.01,2.51,1.49,0.0,0.0,0.0,0.4,0.0,-0.3,0.1,-0.7000000000000001,-169.70000000000002,0.0,0.0,169.8,0.0,21.700000000000003,30.1,30.1,30.700000000000003,300.0,300.0,31.0,35.0,29.9,29.1,31.0,4.95,1.99,4.96,0.16,0.0,0.0,1027.0,8228.0,0.0,0.0,0.0,0.0,0.0,1.0,0.0,0.0,0.0,0.0,0.0,-0.4,0.0,0.6000000000000001,0.0,0.0,16.0,25903.0
2026-07-30T18:59:49.635Z,159.118,159.132,0.0,7.4,0.0,0.0,0.0,0.0,0.0,0.0,0.0,0.0,1.0,0.0,0.0,0.0,9.0,4.0,0.0,0.0,0.0,0.0,0.0,0.0,0.0,0.0,2.0,12.0,1.0,12.17,5.01,2.51,1.49,0.0,0.0,0.0,0.4,0.0,-0.9,0.1,2.2,-169.70000000000002,0.0,0.0,169.8,0.0,21.700000000000003,30.1,30.1,30.700000000000003,300.0,300.0,31.0,35.0,29.9,29.1,31.0,4.96,1.99,4.96,0.16,0.0,0.0,1027.0,8228.0,0.0,0.0,0.0,0.0,0.0,1.0,0.0,0.0,0.0,0.0,0.0,1.7000000000000002,0.0,-1.9,0.0,0.0001,16.0,25903.0
2026-07-30T18:59:49.647Z,159.13,159.144,0.0,7.4,0.0,0.0,0.0,0.0,0.0,0.0,0.0,0.0,1.0,0.0,0.0,0.0,9.0,4.0,0.0,0.0,0.0,0.0,0.0,0.0,0.0,0.0,3.0,12.0,1.0,12.17,5.01,2.51,1.49,0.0,0.1,0.0,0.4,0.0,-0.8,-1.6,-1.8,-169.70000000000002,0.0,0.0,169.70000000000002,0.0,21.700000000000003,30.1,30.1,30.700000000000003,300.0,300.0,31.0,35.0,29.9,29.1,31.0,4.95,1.99,4.97,0.16,0.0,0.0,1027.0,8228.0,0.0,0.0,0.0,0.0,0.0,1.0,0.0,0.0,0.0,0.0,0.0,-3.2,0.0,1.3,0.0,0.0,16.0,25903.0
2026-07-30T18:59:49.659Z,159.142,159.156,0.0,7.4,0.0,0.0,0.0,0.0,0.0,0.0,0.0,0.0,1.0,0.0,0.0,0.0,9.0,4.0,0.0,0.0,0.0,0.0,0.0,0.0,0.0,0.0,4.0,12.0,1.0,12.17,5.01,2.51,1.49,0.0,0.0,0.0,0.4,0.0,0.3,-1.0,-0.6000000000000001,-169.70000000000002,0.0,0.0,169.70000000000002,0.0,21.700000000000003,30.1,30.1,30.700000000000003,300.0,300.0,31.0,35.0,29.9,29.1,31.0,4.96,2.0,4.96,0.16,0.0,0.0,1027.0,8228.0,0.0,0.0,0.0,0.0,0.0,1.0,0.0,0.0,0.0,0.0,0.0,-1.6,0.0,0.3,0.0,0.0001,16.0,25903.0
2026-07-30T18:59:49.672Z,159.155,159.168,0.0,7.4,0.0,0.0,0.0,0.0,0.0,0.0,0.0,0.0,1.0,0.0,0.0,0.0,9.0,4.0,0.0,0.0,0.0,0.0,0.0,0.0,0.0,0.0,5.0,12.0,1.0,12.17,5.01,2.51,1.49,0.0,0.0,0.0,0.4,0.0,-0.2,-0.4,-0.6000000000000001,-169.70000000000002,0.0,0.0,169.8,0.0,21.700000000000003,30.1,30.1,30.700000000000003,300.0,300.0,31.0,35.0,29.9,29.1,31.0,4.96,1.99,4.97,0.16,0.0,0.0,1027.0,8228.0,0.0,0.0,0.0,0.0,0.0,1.0,0.0,0.0,0.0,0.0,0.0,-1.0,0.0,0.5,0.0,0.0001,16.0,25903.0
2026-07-30T18:59:49.683Z,159.166,159.18,0.0,7.4,0.0,0.0,0.0,0.0,0.0,0.0,0.0,0.0,1.0,0.0,0.0,0.0,9.0,4.0,0.0,0.0,0.0,0.0,0.0,0.0,0.0,0.0,1.0,12.0,1.0,12.17,5.01,2.51,1.49,0.0,0.0,0.0,0.4,0.0,0.3,0.1,0.0,-169.70000000000002,0.0,0.0,169.8,0.0,21.700000000000003,30.1,30.1,30.700000000000003,300.0,300.0,31.0,35.0,29.9,29.1,31.0,4.95,1.99,4.97,0.16,0.0,0.0,1027.0,8228.0,0.0,0.0,0.0,0.0,0.0,1.0,0.0,0.0,0.0,0.0,0.0,0.1,0.0,0.0,0.0,0.0001,16.0,25903.0
2026-07-30T18:59:49.695Z,159.178,159.192,0.0,7.4,0.0,0.0,0.0,0.0,0.0,0.0,0.0,0.0,1.0,0.0,0.0,0.0,9.0,4.0,0.0,0.0,0.0,0.0,0.0,0.0,0.0,0.0,2.0,12.0,1.0,12.17,5.01,2.51,1.49,0.0,0.0,0.0,0.4,0.0,-0.2,-0.4,0.4,-169.70000000000002,0.0,0.0,169.8,0.0,21.700000000000003,30.1,30.1,30.700000000000003,300.0,300.0,31.0,35.0,29.9,29.1,31.0,4.96,1.99,4.97,0.16,0.0,0.0,1027.0,8228.0,0.0,0.0,0.0,0.0,0.0,1.0,0.0,0.0,0.0,0.0,0.0,-1.7000000000000002,0.0,0.4,0.0,0.0001,16.0,25903.0
2026-07-30T18:59:49.708Z,159.191,159.204,0.0,7.4,0.0,0.0,0.0,0.0,0.0,0.0,0.0,0.0,1.0,0.0,0.0,0.0,9.0,4.0,0.0,0.0,0.0,0.0,0.0,0.0,0.0,0.0,3.0,12.0,1.0,12.17,5.01,2.51,1.49,0.0,0.0,0.0,0.4,0.0,0.3,0.7000000000000001,1.6,-169.70000000000002,0.0,0.0,169.8,0.0,21.700000000000003,30.1,30.1,30.700000000000003,300.0,300.0,31.0,35.0,29.9,29.1,31.0,4.96,1.99,4.96,0.16,0.0,0.0,1027.0,8228.0,0.0,0.0,0.0,0.0,0.0,1.0,0.0,0.0,0.0,0.0,0.0,2.0,0.0,-1.3,0.0,0.0,16.0,25903.0
2026-07-30T18:59:49.720Z,159.203,159.216,0.0,7.4,0.0,0.0,0.0,0.0,0.0,0.0,0.0,0.0,1.0,0.0,0.0,0.0,9.0,4.0,0.0,0.0,0.0,0.0,0.0,0.0,0.0,0.0,4.0,12.0,1.0,12.17,5.01,2.51,1.49,0.0,0.0,0.0,0.4,0.0,-0.8,1.2000000000000002,-0.1,-169.70000000000002,0.0,0.0,169.8,0.0,21.700000000000003,30.1,30.1,30.700000000000003,300.0,300.0,31.0,35.0,29.9,29.1,31.0,4.96,1.99,4.97,0.16,0.0,0.0,1027.0,8228.0,0.0,0.0,0.0,0.0,0.0,1.0,0.0,0.0,0.0,0.0,0.0,0.0,0.0,0.1,0.0,0.0,16.0,25903.0
2026-07-30T18:59:49.732Z,159.215,159.228,0.0,7.4,0.0,0.0,0.0,0.0,0.0,0.0,0.0,0.0,1.0,0.0,0.0,0.0,9.0,4.0,0.0,0.0,0.0,0.0,0.0,0.0,0.0,0.0,5.0,12.0,1.0,12.13,5.01,2.5,1.49,0.0,0.0,0.0,0.4,0.0,-0.2,0.7000000000000001,0.4,-169.70000000000002,0.0,0.0,169.8,0.0,21.700000000000003,30.1,30.1,30.700000000000003,300.0,300.0,31.1,35.0,29.8,29.1,31.0,4.95,1.99,4.97,0.16,0.0,0.0,1027.0,8228.0,0.0,0.0,0.0,0.0,0.0,1.0,0.0,0.0,0.0,0.0,0.0,1.1,0.0,-0.2,0.0,0.0,16.0,25903.0
2026-07-30T18:59:49.744Z,159.227,159.24,0.0,7.4,0.0,0.0,0.0,0.0,0.0,0.0,0.0,0.0,1.0,0.0,0.0,0.0,9.0,4.0,0.0,0.0,0.0,0.0,0.0,0.0,0.0,0.0,6.0,12.0,1.0,12.13,5.01,2.5,1.49,0.0,0.0,0.0,0.4,0.0,0.9,0.1,1.0,-169.70000000000002,0.0,0.0,169.70000000000002,0.0,21.700000000000003,30.1,30.1,30.700000000000003,300.0,300.0,31.1,35.0,29.8,29.1,31.0,4.96,1.99,4.96,0.16,0.0,0.0,1027.0,8228.0,0.0,0.0,0.0,0.0,0.0,1.0,0.0,0.0,0.0,0.0,0.0,0.9,0.0,-0.8,0.0,0.0,16.0,25903.0
2026-07-30T18:59:49.756Z,159.239,159.252,0.0,7.4,0.0,0.0,0.0,0.0,0.0,0.0,0.0,0.0,1.0,0.0,0.0,0.0,9.0,4.0,0.0,0.0,0.0,0.0,0.0,0.0,0.0,0.0,2.0,12.0,1.0,12.13,5.01,2.5,1.49,0.0,0.0,0.0,0.4,0.0,0.3,0.6000000000000001,0.4,-169.70000000000002,0.0,0.0,169.8,0.0,21.700000000000003,30.1,30.1,30.700000000000003,300.0,300.0,31.1,35.0,29.8,29.1,31.0,4.95,1.99,4.96,0.16,0.0,0.0,1027.0,8228.0,0.0,0.0,0.0,0.0,0.0,1.0,0.0,0.0,0.0,0.0,0.0,1.1,0.0,-0.2,0.0,0.0001,16.0,25903.0
2026-07-30T18:59:49.767Z,159.25,159.264,0.0,7.4,0.0,0.0,0.0,0.0,0.0,0.0,0.0,0.0,1.0,0.0,0.0,0.0,9.0,4.0,0.0,0.0,0.0,0.0,0.0,0.0,0.0,0.0,3.0,12.0,1.0,12.13,5.01,2.5,1.49,0.0,0.0,0.0,0.5,0.0,0.9,1.2000000000000002,1.0,-169.70000000000002,0.0,0.0,169.8,0.0,21.700000000000003,30.1,30.1,30.700000000000003,300.0,300.0,31.1,35.0,29.8,29.1,31.0,4.95,1.99,4.97,0.16,0.0,0.0,1027.0,8228.0,0.0,0.0,0.0,0.0,0.0,1.0,0.0,0.0,0.0,0.0,0.0,2.2,0.0,-0.6000000000000001,0.0,0.0,16.0,25903.0
2026-07-30T18:59:49.780Z,159.263,159.276,0.0,7.4,0.0,0.0,0.0,0.0,0.0,0.0,0.0,0.0,1.0,0.0,0.0,0.0,9.0,4.0,0.0,0.0,0.0,0.0,0.0,0.0,0.0,0.0,4.0,12.0,1.0,12.13,5.01,2.5,1.49,0.0,0.0,0.0,0.4,0.0,0.9,0.0,-0.7000000000000001,-169.70000000000002,0.0,0.0,169.70000000000002,0.0,21.700000000000003,30.1,30.1,30.700000000000003,300.0,300.0,31.1,35.0,29.8,29.1,31.0,4.95,1.99,4.97,0.16,0.0,0.0,1027.0,8228.0,0.0,0.0,0.0,0.0,0.0,1.0,0.0,0.0,0.0,0.0,0.0,-0.4,0.0,0.6000000000000001,0.0,0.0,16.0,25903.0
2026-07-30T18:59:49.792Z,159.275,159.288,0.0,7.4,0.0,0.0,0.0,0.0,0.0,0.0,0.0,0.0,1.0,0.0,0.0,0.0,9.0,4.0,0.0,0.0,0.0,0.0,0.0,0.0,0.0,0.0,6.0,12.0,1.0,12.13,5.01,2.5,1.49,0.0,0.0,0.0,0.4,0.0,1.5,0.6000000000000001,1.6,-169.70000000000002,0.0,0.0,169.70000000000002,0.0,21.700000000000003,30.1,30.1,30.700000000000003,300.0,300.0,31.1,35.0,29.8,29.1,31.0,4.96,1.99,4.96,0.16,0.0,0.0,1027.0,8228.0,0.0,0.0,0.0,0.0,0.0,1.0,0.0,0.0,0.0,0.0,0.0,2.0,0.0,-1.3,0.0,0.0002,16.0,25903.0
2026-07-30T18:59:49.803Z,159.286,159.3,0.0,7.4,0.0,0.0,0.0,0.0,0.0,0.0,0.0,0.0,1.0,0.0,0.0,0.0,9.0,4.0,0.0,0.0,0.0,0.0,0.0,0.0,0.0,0.0,1.0,12.0,1.0,12.13,5.01,2.5,1.49,0.0,0.0,0.0,0.4,0.0,-0.2,0.1,-0.6000000000000001,-169.70000000000002,0.0,0.0,169.8,0.0,21.700000000000003,30.1,30.1,30.700000000000003,300.0,300.0,31.1,35.0,29.8,29.1,31.0,4.95,1.99,4.97,0.16,0.0,0.0,1027.0,8228.0,0.0,0.0,0.0,0.0,0.0,1.0,0.0,0.0,0.0,0.0,0.0,-0.3,0.0,0.6000000000000001,0.0,0.0001,16.0,25903.0
2026-07-30T18:59:49.815Z,159.298,159.312,0.0,7.4,0.0,0.0,0.0,0.0,0.0,0.0,0.0,0.0,1.0,0.0,0.0,0.0,9.0,4.0,0.0,0.0,0.0,0.0,0.0,0.0,0.0,0.0,2.0,12.0,1.0,12.13,5.01,2.5,1.49,0.0,0.0,0.0,0.4,0.0,0.3,1.2000000000000002,0.4,-169.70000000000002,0.0,0.0,169.70000000000002,0.0,21.700000000000003,30.1,30.1,30.700000000000003,300.0,300.0,31.1,35.0,29.8,29.1,31.0,4.95,2.0,4.97,0.16,0.0,0.0,1027.0,8228.0,0.0,0.0,0.0,0.0,0.0,1.0,0.0,0.0,0.0,0.0,0.0,1.8,0.0,-0.1,0.0,0.0002,16.0,25903.0
2026-07-30T18:59:49.829Z,159.312,159.324,0.0,7.4,0.0,0.0,0.0,0.0,0.0,0.0,0.0,0.0,1.0,0.0,0.0,0.0,9.0,4.0,0.0,0.0,0.0,0.0,0.0,0.0,0.0,0.0,3.0,12.0,1.0,12.15,5.01,2.51,1.49,0.0,0.0,0.0,0.4,0.0,-0.2,1.3,-0.1,-169.70000000000002,0.0,0.0,169.8,0.0,21.8,30.1,30.1,30.700000000000003,300.0,300.0,31.1,35.0,29.8,29.1,31.0,4.96,2.0,4.97,0.16,0.0,0.0,1027.0,8228.0,0.0,0.0,0.0,0.0,0.0,1.0,0.0,0.0,0.0,0.0,0.0,1.4,0.0,0.3,0.0,0.0,16.0,25903.0
2026-07-30T18:59:49.839Z,159.322,159.336,0.0,7.4,0.0,0.0,0.0,0.0,0.0,0.0,0.0,0.0,1.0,0.0,0.0,0.0,9.0,4.0,0.0,0.0,0.0,0.0,0.0,0.0,0.0,0.0,4.0,12.0,1.0,12.15,5.01,2.51,1.49,0.0,0.0,0.0,0.4,0.0,-0.2,-0.4,1.0,-169.70000000000002,0.0,0.0,169.8,0.0,21.8,30.1,30.1,30.700000000000003,300.0,300.0,31.1,35.0,29.8,29.1,31.0,4.96,2.0,4.96,0.16,0.0,0.0,1027.0,8228.0,0.0,0.0,0.0,0.0,0.0,1.0,0.0,0.0,0.0,0.0,0.0,0.3,0.0,-1.0,0.0,0.0001,16.0,25903.0
2026-07-30T18:59:49.851Z,159.334,159.348,0.0,7.4,0.0,0.0,0.0,0.0,0.0,0.0,0.0,0.0,1.0,0.0,0.0,0.0,9.0,4.0,0.0,0.0,0.0,0.0,0.0,0.0,0.0,0.0,5.0,12.0,1.0,12.15,5.01,2.51,1.49,0.0,0.0,0.0,0.4,0.0,-0.2,0.1,1.6,-169.70000000000002,0.0,0.0,169.8,0.0,21.8,30.1,30.1,30.700000000000003,300.0,300.0,31.1,35.0,29.8,29.1,31.0,4.95,1.99,4.97,0.16,0.0,0.0,1027.0,8228.0,0.0,0.0,0.0,0.0,0.0,1.0,0.0,0.0,0.0,0.0,0.0,1.4,0.0,-1.4,0.0,0.0,16.0,25903.0
2026-07-30T18:59:49.863Z,159.346,159.36,0.0,7.4,0.0,0.0,0.0,0.0,0.0,0.0,0.0,0.0,1.0,0.0,0.0,0.0,9.0,4.0,0.0,0.0,0.0,0.0,0.0,0.0,0.0,0.0,6.0,12.0,1.0,12.15,5.01,2.51,1.49,0.0,0.0,0.0,0.4,0.0,-0.2,0.8,-0.1,-169.70000000000002,0.0,0.0,169.8,0.0,21.8,30.1,30.1,30.700000000000003,300.0,300.0,31.1,35.0,29.8,29.1,31.0,4.95,1.99,4.96,0.16,0.0,0.0,1027.0,8228.0,0.0,0.0,0.0,0.0,0.0,1.0,0.0,0.0,0.0,0.0,0.0,0.8,0.0,0.2,0.0,0.0,16.0,25903.0
2026-07-30T18:59:49.875Z,159.358,159.372,0.0,7.4,0.0,0.0,0.0,0.0,0.0,0.0,0.0,0.0,1.0,0.0,0.0,0.0,9.0,4.0,0.0,0.0,0.0,0.0,0.0,0.0,0.0,0.0,1.0,12.0,1.0,12.15,5.01,2.51,1.49,0.0,0.0,0.0,0.4,0.0,0.3,0.2,-0.1,-169.70000000000002,0.0,0.0,169.8,0.0,21.8,30.1,30.1,30.700000000000003,300.0,300.0,31.1,35.0,29.8,29.1,31.0,4.96,1.99,4.96,0.16,0.0,0.0,1027.0,8228.0,0.0,0.0,0.0,0.0,0.0,1.0,0.0,0.0,0.0,0.0,0.0,0.1,0.0,0.1,0.0,0.0,16.0,25903.0
2026-07-30T18:59:49.887Z,159.37,159.384,0.0,7.4,0.0,0.0,0.0,0.0,0.0,0.0,0.0,0.0,1.0,0.0,0.0,0.0,9.0,4.0,0.0,0.0,0.0,0.0,0.0,0.0,0.0,0.0,2.0,12.0,1.0,12.15,5.01,2.51,1.49,0.0,0.0,0.0,0.4,0.0,0.4,1.3,1.5,-169.70000000000002,0.0,0.0,169.8,0.0,21.8,30.1,30.1,30.700000000000003,300.0,300.0,31.1,35.0,29.8,29.1,31.0,4.95,1.99,4.97,0.16,0.0,0.0,1027.0,8228.0,0.0,0.0,0.0,0.0,0.0,1.0,0.0,0.0,0.0,0.0,0.0,2.7,0.0,-1.1,0.0,0.0001,16.0,25903.0
2026-07-30T18:59:49.899Z,159.382,159.39600000000002,0.0,7.4,0.0,0.0,0.0,0.0,0.0,0.0,0.0,0.0,1.0,0.0,0.0,0.0,9.0,4.0,0.0,0.0,0.0,0.0,0.0,0.0,0.0,0.0,3.0,12.0,1.0,12.15,5.01,2.51,1.49,0.0,0.0,0.0,0.4,0.0,-0.8,-1.5,-0.1,-169.70000000000002,0.0,0.0,169.8,0.0,21.8,30.1,30.1,30.700000000000003,300.0,300.0,31.1,35.0,29.8,29.1,31.0,4.96,1.99,4.97,0.16,0.0,0.0,1027.0,8228.0,0.0,0.0,0.0,0.0,0.0,1.0,0.0,0.0,0.0,0.0,0.0,-1.9,0.0,-0.1,0.0,0.0001,16.0,25903.0
2026-07-30T18:59:49.920Z,159.403,159.40800000000002,0.0,7.4,0.0,0.0,0.0,0.0,0.0,0.0,0.0,0.0,1.0,0.0,0.0,0.0,9.0,4.0,0.0,0.0,0.0,0.0,0.0,0.0,0.0,0.0,4.0,12.0,1.0,12.15,5.01,2.51,1.49,0.0,0.0,0.0,0.5,0.0,-0.2,0.2,1.6,-169.70000000000002,0.0,0.0,169.8,0.0,21.8,30.1,30.1,30.700000000000003,300.0,300.0,31.1,35.0,29.8,29.1,31.0,4.96,1.99,4.96,0.16,0.0,0.0,1027.0,8228.0,0.0,0.0,0.0,0.0,0.0,1.0,0.0,0.0,0.0,0.0,0.0,1.4,0.0,-1.3,0.0,0.0,16.0,25903.0
2026-07-30T18:59:49.926Z,159.409,159.42000000000002,0.0,7.4,0.0,0.0,0.0,0.0,0.0,0.0,0.0,0.0,1.0,0.0,0.0,0.0,9.0,4.0,0.0,0.0,0.0,0.0,0.0,0.0,0.0,0.0,2.0,12.0,1.0,12.15,5.01,2.51,1.49,0.0,0.1,0.0,0.4,0.0,-0.2,0.2,-0.8,-169.70000000000002,0.0,0.0,169.70000000000002,0.0,21.8,30.1,30.1,30.700000000000003,300.0,300.0,31.1,35.0,29.8,29.1,31.0,4.96,1.99,4.96,0.16,0.0,0.0,1027.0,8228.0,0.0,0.0,0.0,0.0,0.0,1.0,0.0,0.0,0.0,0.0,0.0,-0.3,0.0,0.7000000000000001,0.0,0.0,16.0,25903.0
2026-07-30T18:59:49.936Z,159.419,159.43200000000002,0.0,7.4,0.0,0.0,0.0,0.0,0.0,0.0,0.0,0.0,1.0,0.0,0.0,0.0,9.0,4.0,0.0,0.0,0.0,0.0,0.0,0.0,0.0,0.0,1.0,12.0,1.0,12.19,5.01,2.51,1.49,0.0,0.0,0.0,0.4,0.0,-0.8,-0.9,-1.3,-169.70000000000002,0.0,0.0,169.70000000000002,0.0,20.9,30.1,30.1,30.700000000000003,300.0,300.0,31.200000000000003,35.0,29.8,29.1,31.0,4.96,1.99,4.97,0.16,0.0,0.0,1027.0,8228.0,0.0,0.0,0.0,0.0,0.0,1.0,0.0,0.0,0.0,0.0,0.0,-2.1,0.0,1.0,0.0,0.0001,16.0,25903.0
2026-07-30T18:59:49.948Z,159.431,159.44400000000002,0.0,7.4,0.0,0.0,0.0,0.0,0.0,0.0,0.0,0.0,1.0,0.0,0.0,0.0,9.0,4.0,0.0,0.0,0.0,0.0,0.0,0.0,0.0,0.0,2.0,12.0,1.0,12.19,5.01,2.51,1.49,0.0,0.0,0.0,0.4,0.0,0.2,-0.3,-0.1,-169.70000000000002,0.0,0.0,169.70000000000002,0.0,20.9,30.1,30.1,30.700000000000003,300.0,300.0,31.200000000000003,35.0,29.8,29.1,31.0,4.96,1.99,4.96,0.16,0.0,0.0,1027.0,8228.0,0.0,0.0,0.0,0.0,0.0,1.0,0.0,0.0,0.0,0.0,0.0,-0.5,0.0,0.0,0.0,0.0001,16.0,25903.0
2026-07-30T18:59:49.960Z,159.443,159.45600000000002,0.0,7.4,0.0,0.0,0.0,0.0,0.0,0.0,0.0,0.0,1.0,0.0,0.0,0.0,9.0,4.0,0.0,0.0,0.0,0.0,0.0,0.0,0.0,0.0,3.0,12.0,1.0,12.19,5.01,2.51,1.49,0.0,0.0,0.0,0.4,0.0,-0.3,0.7000000000000001,-0.7000000000000001,-169.70000000000002,0.0,0.0,169.70000000000002,0.0,20.9,30.1,30.1,30.700000000000003,300.0,300.0,31.200000000000003,35.0,29.8,29.1,31.0,4.96,1.99,4.97,0.16,0.0,0.0,1027.0,8228.0,0.0,0.0,0.0,0.0,0.0,1.0,0.0,0.0,0.0,0.0,0.0,0.3,0.0,0.8,0.0,0.0001,16.0,25903.0
2026-07-30T18:59:49.972Z,159.455,159.468,0.0,7.4,0.0,0.0,0.0,0.0,0.0,0.0,0.0,0.0,1.0,0.0,0.0,0.0,9.0,4.0,0.0,0.0,0.0,0.0,0.0,0.0,0.0,0.0,4.0,12.0,1.0,12.19,5.01,2.51,1.49,0.0,0.0,0.0,0.4,0.0,-0.3,0.1,-0.1,-169.70000000000002,0.0,0.0,169.8,0.0,20.9,30.1,30.1,30.700000000000003,300.0,300.0,31.200000000000003,35.0,29.8,29.1,31.0,4.95,1.99,4.97,0.16,0.0,0.0,1027.0,8228.0,0.0,0.0,0.0,0.0,0.0,1.0,0.0,0.0,0.0,0.0,0.0,0.0,0.0,0.1,0.0,0.0001,16.0,25903.0
2026-07-30T18:59:49.984Z,159.467,159.48,0.0,7.4,0.0,0.0,0.0,0.0,0.0,0.0,0.0,0.0,1.0,0.0,0.0,0.0,9.0,4.0,0.0,0.0,0.0,0.0,0.0,0.0,0.0,0.0,6.0,12.0,1.0,12.19,5.01,2.51,1.49,0.0,0.0,0.0,0.4,0.0,0.3,0.1,-0.7000000000000001,-169.70000000000002,0.0,0.0,169.70000000000002,0.0,20.9,30.1,30.1,30.700000000000003,300.0,300.0,31.200000000000003,35.0,29.8,29.1,31.0,4.96,1.99,4.96,0.16,0.0,0.0,1027.0,8228.0,0.0,0.0,0.0,0.0,0.0,1.0,0.0,0.0,0.0,0.0,0.0,-0.3,0.0,0.6000000000000001,0.0,0.0001,16.0,25903.0
2026-07-30T18:59:49.996Z,159.479,159.492,0.0,7.4,0.0,0.0,0.0,0.0,0.0,0.0,0.0,0.0,1.0,0.0,0.0,0.0,9.0,4.0,0.0,0.0,0.0,0.0,0.0,0.0,0.0,0.0,1.0,12.0,1.0,12.19,5.01,2.51,1.49,0.0,0.0,0.0,0.4,0.0,0.3,-0.4,-0.1,-169.70000000000002,0.0,0.0,169.8,0.0,20.9,30.1,30.1,30.700000000000003,300.0,300.0,31.200000000000003,35.0,29.8,29.1,31.0,4.96,2.0,4.96,0.16,0.0,0.0,1027.0,8228.0,0.0,0.0,0.0,0.0,0.0,1.0,0.0,0.0,0.0,0.0,0.0,-0.5,0.0,0.0,0.0,0.0001,16.0,25903.0
2026-07-30T18:59:50.007Z,159.49,159.504,0.0,7.4,0.0,0.0,0.0,0.0,0.0,0.0,0.0,0.0,1.0,0.0,0.0,0.0,9.0,4.0,0.0,0.0,0.0,0.0,0.0,0.0,0.0,0.0,2.0,12.0,1.0,12.19,5.01,2.51,1.49,0.0,0.0,0.0,0.4,0.0,0.3,0.7000000000000001,0.4,-169.70000000000002,0.0,0.0,169.70000000000002,0.0,20.9,30.1,30.1,30.700000000000003,300.0,300.0,31.200000000000003,35.0,29.8,29.1,31.0,4.96,1.99,4.97,0.16,0.0,0.0,1027.0,8228.0,0.0,0.0,0.0,0.0,0.0,1.0,0.0,0.0,0.0,0.0,0.0,1.1,0.0,-0.2,0.0,0.0,16.0,25903.0
2026-07-30T18:59:50.019Z,159.502,159.516,0.0,7.4,0.0,0.0,0.0,0.0,0.0,0.0,0.0,0.0,1.0,0.0,0.0,0.0,9.0,4.0,0.0,0.0,0.0,0.0,0.0,0.0,0.0,0.0,3.0,12.0,1.0,12.19,5.01,2.51,1.49,0.0,0.0,0.0,0.4,0.0,-0.7000000000000001,0.7000000000000001,0.0,-169.70000000000002,0.0,0.0,169.60000000000002,0.0,20.9,30.1,30.1,30.700000000000003,300.0,300.0,31.200000000000003,35.0,29.8,29.1,31.0,4.96,2.0,4.97,0.16,0.0,0.0,1027.0,8228.0,0.0,0.0,0.0,0.0,0.0,1.0,0.0,0.0,0.0,0.0,0.0,0.7000000000000001,0.0,0.2,0.0,0.0002,16.0,25903.0
2026-07-30T18:59:50.032Z,159.515,159.528,0.0,7.4,0.0,0.0,0.0,0.0,0.0,0.0,0.0,0.0,1.0,0.0,0.0,0.0,9.0,4.0,0.0,0.0,0.0,0.0,0.0,0.0,0.0,0.0,4.0,12.0,1.0,12.18,5.01,2.5,1.49,0.0,0.0,0.0,0.4,0.0,-0.1,-1.0,0.5,-169.70000000000002,0.0,0.0,169.8,0.0,21.8,30.1,30.1,30.700000000000003,300.0,300.0,31.0,35.0,29.8,29.1,31.0,4.96,2.0,4.96,0.16,0.0,0.0,1027.0,8228.0,0.0,0.0,0.0,0.0,0.0,1.0,0.0,0.0,0.0,0.0,0.0,-0.7000000000000001,0.0,-0.6000000000000001,0.0,0.0001,16.0,25903.0
2026-07-30T18:59:50.043Z,159.526,159.54,0.0,7.4,0.0,0.0,0.0,0.0,0.0,0.0,0.0,0.0,1.0,0.0,0.0,0.0,9.0,4.0,0.0,0.0,0.0,0.0,0.0,0.0,0.0,0.0,5.0,12.0,1.0,12.18,5.01,2.5,1.49,-0.1,0.1,0.0,0.4,0.0,1.0,-1.0,-0.6000000000000001,-169.70000000000002,0.0,0.0,169.8,0.0,21.8,30.1,30.1,30.700000000000003,300.0,300.0,31.0,35.0,29.8,29.1,31.0,4.95,1.99,4.96,0.16,0.0,0.0,1027.0,8228.0,0.0,0.0,0.0,0.0,0.0,1.0,0.0,0.0,0.0,0.0,0.0,-1.6,0.0,0.3,0.0,0.0002,16.0,25903.0
2026-07-30T18:59:50.055Z,159.538,159.552,0.0,7.4,0.0,0.0,0.0,0.0,0.0,0.0,0.0,0.0,1.0,0.0,0.0,0.0,9.0,4.0,0.0,0.0,0.0,0.0,0.0,0.0,0.0,0.0,6.0,12.0,1.0,12.18,5.01,2.5,1.49,0.0,0.0,0.0,0.4,0.0,-0.7000000000000001,-0.4,-0.6000000000000001,-169.70000000000002,0.0,0.0,169.70000000000002,0.0,21.8,30.1,30.1,30.700000000000003,300.0,300.0,31.0,35.0,29.8,29.1,31.0,4.95,1.99,4.96,0.17,0.0,0.0,1027.0,8228.0,0.0,0.0,0.0,0.0,0.0,1.0,0.0,0.0,0.0,0.0,0.0,-1.0,0.0,0.5,0.0,0.0,16.0,25903.0
2026-07-30T18:59:50.067Z,159.55,159.564,0.0,7.4,0.0,0.0,0.0,0.0,0.0,0.0,0.0,0.0,1.0,0.0,0.0,0.0,9.0,4.0,0.0,0.0,0.0,0.0,0.0,0.0,0.0,0.0,1.0,12.0,1.0,12.18,5.01,2.5,1.49,0.0,0.0,0.0,0.4,0.0,-1.3,-0.3,0.4,-169.70000000000002,0.0,0.0,169.8,0.0,21.8,30.1,30.1,30.700000000000003,300.0,300.0,31.0,35.0,29.8,29.1,31.0,4.96,1.99,4.96,0.16,0.0,0.0,1027.0,8228.0,0.0,0.0,0.0,0.0,0.0,1.0,0.0,0.0,0.0,0.0,0.0,0.0,0.0,-0.5,0.0,0.0001,16.0,25903.0
2026-07-30T18:59:50.079Z,159.562,159.576,0.0,7.4,0.0,0.0,0.0,0.0,0.0,0.0,0.0,0.0,1.0,0.0,0.0,0.0,9.0,4.0,0.0,0.0,0.0,0.0,0.0,0.0,0.0,0.0,2.0,12.0,1.0,12.18,5.01,2.5,1.49,0.0,0.0,0.0,0.4,0.0,0.4,-0.3,1.1,-169.70000000000002,0.0,0.0,169.70000000000002,0.0,21.8,30.1,30.1,30.700000000000003,300.0,300.0,31.0,35.0,29.8,29.1,31.0,4.95,1.99,4.96,0.16,0.0,0.0,1027.0,8228.0,0.0,0.0,0.0,0.0,0.0,1.0,0.0,0.0,0.0,0.0,0.0,0.4,0.0,-1.0,0.0,0.0001,16.0,25903.0
2026-07-30T18:59:50.091Z,159.574,159.588,0.0,7.4,0.0,0.0,0.0,0.0,0.0,0.0,0.0,0.0,1.0,0.0,0.0,0.0,9.0,4.0,0.0,0.0,0.0,0.0,0.0,0.0,0.0,0.0,3.0,12.0,1.0,12.18,5.01,2.5,1.49,0.0,0.0,0.0,0.4,0.0,0.4,-0.3,1.6,-169.70000000000002,0.0,0.0,169.8,0.0,21.8,30.1,30.1,30.700000000000003,300.0,300.0,31.0,35.0,29.8,29.1,31.0,4.96,1.99,4.97,0.16,0.0,0.0,1027.0,8228.0,0.0,0.0,0.0,0.0,0.0,1.0,0.0,0.0,0.0,0.0,0.0,0.8,0.0,-1.5,0.0,0.0001,16.0,25903.0
2026-07-30T18:59:50.104Z,159.587,159.6,0.0,7.4,0.0,0.0,0.0,0.0,0.0,0.0,0.0,0.0,1.0,0.0,0.0,0.0,9.0,4.0,0.0,0.0,0.0,0.0,0.0,0.0,0.0,0.0,4.0,12.0,1.0,12.18,5.01,2.5,1.49,0.0,0.0,0.0,0.4,0.0,1.0,1.3,0.0,-169.70000000000002,0.0,0.0,169.70000000000002,0.0,21.8,30.1,30.1,30.700000000000003,300.0,300.0,31.0,35.0,29.8,29.1,31.0,4.96,2.0,4.96,0.16,0.0,0.0,1027.0,8228.0,0.0,0.0,0.0,0.0,0.0,1.0,0.0,0.0,0.0,0.0,0.0,1.5,0.0,0.3,0.0,0.0,16.0,25903.0
2026-07-30T18:59:50.116Z,159.599,159.612,0.0,7.4,0.0,0.0,0.0,0.0,0.0,0.0,0.0,0.0,1.0,0.0,0.0,0.0,9.0,4.0,0.0,0.0,0.0,0.0,0.0,0.0,0.0,0.0,6.0,12.0,1.0,12.18,5.01,2.5,1.49,0.0,0.0,0.0,0.5,0.0,-0.1,-0.3,-0.7000000000000001,-169.70000000000002,0.0,0.0,169.8,0.0,21.8,30.1,30.1,30.700000000000003,300.0,300.0,31.0,35.0,29.8,29.1,31.0,4.96,1.99,4.96,0.16,0.0,0.0,1027.0,8228.0,0.0,0.0,0.0,0.0,0.0,1.0,0.0,0.0,0.0,0.0,0.0,-0.9,0.0,0.5,0.0,0.0002,16.0,25903.0
2026-07-30T18:59:50.128Z,159.611,159.624,0.0,7.4,0.0,0.0,0.0,0.0,0.0,0.0,0.0,0.0,1.0,0.0,0.0,0.0,9.0,4.0,0.0,0.0,0.0,0.0,0.0,0.0,0.0,0.0,1.0,12.0,1.0,12.18,5.01,2.5,1.49,0.0,0.0,0.0,0.4,0.0,0.4,0.1,0.4,-169.70000000000002,0.0,0.0,169.8,0.0,21.8,30.1,30.1,30.700000000000003,300.0,300.0,31.0,35.0,29.8,29.1,31.0,4.95,1.99,4.97,0.16,0.0,0.0,1027.0,8228.0,0.0,0.0,0.0,0.0,0.0,1.0,0.0,0.0,0.0,0.0,0.0,0.5,0.0,-0.3,0.0,0.0001,16.0,25903.0
2026-07-30T18:59:50.139Z,159.622,159.636,0.0,7.4,0.0,0.0,0.0,0.0,0.0,0.0,0.0,0.0,1.0,0.0,0.0,0.0,9.0,4.0,0.0,0.0,0.0,0.0,0.0,0.0,0.0,0.0,2.0,12.0,1.0,12.18,5.01,2.5,1.49,0.0,0.0,0.0,0.4,0.0,-0.1,-1.0,-0.6000000000000001,-169.70000000000002,0.0,0.0,169.8,0.0,21.200000000000003,30.1,30.1,30.700000000000003,300.0,300.0,31.0,35.0,29.8,29.1,31.0,4.96,1.99,4.97,0.16,0.0,0.0,1027.0,8228.0,0.0,0.0,0.0,0.0,0.0,1.0,0.0,0.0,0.0,0.0,0.0,-1.6,0.0,0.4,0.0,0.0001,16.0,25903.0
2026-07-30T18:59:50.152Z,159.635,159.648,0.0,7.4,0.0,0.0,0.0,0.0,0.0,0.0,0.0,0.0,1.0,0.0,0.0,0.0,9.0,4.0,0.0,0.0,0.0,0.0,0.0,0.0,0.0,0.0,3.0,12.0,1.0,12.18,5.01,2.5,1.49,0.0,0.0,0.0,0.4,0.0,-1.3,-0.4,-0.6000000000000001,-169.70000000000002,0.0,0.0,169.70000000000002,0.0,21.200000000000003,30.1,30.1,30.700000000000003,300.0,300.0,31.0,35.0,29.8,29.1,31.0,4.96,1.99,4.96,0.16,0.0,0.0,1027.0,8228.0,0.0,0.0,0.0,0.0,0.0,1.0,0.0,0.0,0.0,0.0,0.0,-0.9,0.0,0.5,0.0,0.0,16.0,25903.0
2026-07-30T18:59:50.164Z,159.647,159.66,0.0,7.4,0.0,0.0,0.0,0.0,0.0,0.0,0.0,0.0,1.0,0.0,0.0,0.0,9.0,4.0,0.0,0.0,0.0,0.0,0.0,0.0,0.0,0.0,4.0,12.0,1.0,12.18,5.01,2.5,1.49,0.0,0.0,0.0,0.4,0.0,-0.1,0.1,-0.6000000000000001,-169.70000000000002,0.0,0.0,169.70000000000002,0.0,21.200000000000003,30.1,30.1,30.700000000000003,300.0,300.0,31.0,35.0,29.8,29.1,31.0,4.95,1.99,4.96,0.16,0.0,0.0,1027.0,8228.0,0.0,0.0,0.0,0.0,0.0,1.0,0.0,0.0,0.0,0.0,0.0,-0.3,0.0,0.6000000000000001,0.0,0.0002,16.0,25903.0
2026-07-30T18:59:50.176Z,159.659,159.672,0.0,7.4,0.0,0.0,0.0,0.0,0.0,0.0,0.0,0.0,1.0,0.0,0.0,0.0,9.0,4.0,0.0,0.0,0.0,0.0,0.0,0.0,0.0,0.0,5.0,12.0,1.0,12.18,5.01,2.5,1.49,0.0,0.0,0.0,0.4,0.0,0.4,-0.9,-0.6000000000000001,-169.70000000000002,0.0,0.0,169.8,0.0,21.200000000000003,30.1,30.1,30.700000000000003,300.0,300.0,31.0,35.0,29.8,29.1,31.0,4.95,1.99,4.97,0.16,0.0,0.0,1027.0,8228.0,0.0,0.0,0.0,0.0,0.0,1.0,0.0,0.0,0.0,0.0,0.0,-1.6,0.0,0.3,0.0,0.0001,16.0,25903.0
2026-07-30T18:59:50.188Z,159.671,159.684,0.0,7.4,0.0,0.0,0.0,0.0,0.0,0.0,0.0,0.0,1.0,0.0,0.0,0.0,9.0,4.0,0.0,0.0,0.0,0.0,0.0,0.0,0.0,0.0,6.0,12.0,1.0,12.18,5.01,2.5,1.49,0.0,0.0,0.0,0.4,0.0,-0.1,-0.4,-0.1,-169.70000000000002,0.0,0.0,169.8,0.0,21.200000000000003,30.1,30.1,30.700000000000003,300.0,300.0,31.0,35.0,29.8,29.1,31.0,4.96,1.99,4.96,0.16,0.0,0.0,1027.0,8228.0,0.0,0.0,0.0,0.0,0.0,1.0,0.0,0.0,0.0,0.0,0.0,-0.5,0.0,0.0,0.0,0.0001,16.0,25903.0
2026-07-30T18:59:50.200Z,159.683,159.696,0.0,7.4,0.0,0.0,0.0,0.0,0.0,0.0,0.0,0.0,1.0,0.0,0.0,0.0,9.0,4.0,0.0,0.0,0.0,0.0,0.0,0.0,0.0,0.0,1.0,12.0,1.0,12.18,5.01,2.5,1.49,0.0,0.0,0.0,0.5,0.0,0.4,1.3,-0.7000000000000001,-169.70000000000002,0.0,0.0,169.70000000000002,0.0,21.200000000000003,30.1,30.1,30.700000000000003,300.0,300.0,31.0,35.0,29.8,29.1,31.0,4.96,1.99,4.97,0.16,0.0,0.0,1027.0,8228.0,0.0,0.0,0.0,0.0,0.0,1.0,0.0,0.0,0.0,0.0,0.0,0.9,0.0,-1.9,0.0,0.0001,16.0,25903.0
2026-07-30T18:59:50.212Z,159.695,159.708,0.0,7.4,0.0,0.0,0.0,0.0,0.0,0.0,0.0,0.0,1.0,0.0,0.0,0.0,9.0,4.0,0.0,0.0,0.0,0.0,0.0,0.0,0.0,0.0,3.0,12.0,1.0,12.18,5.01,2.5,1.49,0.0,0.0,0.0,0.4,0.0,0.3,-0.4,-0.1,-169.70000000000002,0.0,0.0,169.8,0.0,21.200000000000003,30.1,30.1,30.700000000000003,300.0,300.0,31.0,35.0,29.8,29.1,31.0,4.95,1.99,4.97,0.16,0.0,0.0,1027.0,8228.0,0.0,0.0,0.0,0.0,0.0,1.0,0.0,0.0,0.0,0.0,0.0,-0.6000000000000001,0.0,0.0,0.0,0.0,16.0,25903.0
2026-07-30T18:59:50.223Z,159.706,159.72,0.0,7.4,0.0,0.0,0.0,0.0,0.0,0.0,0.0,0.0,1.0,0.0,0.0,0.0,9.0,4.0,0.0,0.0,0.0,0.0,0.0,0.0,0.0,0.0,4.0,12.0,1.0,12.18,5.01,2.5,1.49,0.0,0.0,0.0,0.4,0.0,-0.8,-0.4,-0.1,-169.70000000000002,0.0,0.0,169.8,0.0,21.200000000000003,30.1,30.1,30.700000000000003,300.0,300.0,31.0,35.0,29.8,29.1,31.0,4.96,1.99,4.96,0.16,0.0,0.0,1027.0,8228.0,0.0,0.0,0.0,0.0,0.0,1.0,0.0,0.0,0.0,0.0,0.0,1.3,0.0,-1.3,0.0,0.0001,16.0,25903.0
2026-07-30T18:59:50.241Z,159.724,159.732,0.0,7.4,0.0,0.0,0.0,0.0,0.0,0.0,0.0,0.0,1.0,0.0,0.0,0.0,9.0,4.0,0.0,0.0,0.0,0.0,0.0,0.0,0.0,0.0,3.0,12.0,1.0,12.17,5.0200000000000005,2.5,1.49,0.0,0.1,0.0,0.4,0.0,-0.2,0.1,-0.1,-169.70000000000002,0.0,0.0,169.8,0.0,21.8,30.1,30.1,30.700000000000003,300.0,300.0,31.0,35.0,29.8,29.1,31.0,4.95,2.0,4.97,0.16,0.0,0.0,1027.0,8228.0,0.0,0.0,0.0,0.0,0.0,1.0,0.0,0.0,0.0,0.0,0.0,0.5,0.0,-0.3,0.0,0.0,16.0,25903.0
2026-07-30T18:59:50.248Z,159.731,159.744,0.0,7.4,0.0,0.0,0.0,0.0,0.0,0.0,0.0,0.0,1.0,0.0,0.0,0.0,9.0,4.0,0.0,0.0,0.0,0.0,0.0,0.0,0.0,0.0,1.0,12.0,1.0,12.17,5.0200000000000005,2.5,1.49,0.0,0.0,0.0,0.4,0.0,0.9,0.1,0.0,-169.70000000000002,0.0,0.0,169.70000000000002,0.0,21.8,30.1,30.1,30.700000000000003,300.0,300.0,31.0,35.0,29.8,29.1,31.0,4.95,1.99,4.97,0.16,0.0,0.0,1027.0,8228.0,0.0,0.0,0.0,0.0,0.0,1.0,0.0,0.0,0.0,0.0,0.0,0.0,0.0,0.0,0.0,0.0001,16.0,25903.0
2026-07-30T18:59:50.260Z,159.743,159.756,0.0,7.4,0.0,0.0,0.0,0.0,0.0,0.0,0.0,0.0,1.0,0.0,0.0,0.0,9.0,4.0,0.0,0.0,0.0,0.0,0.0,0.0,0.0,0.0,1.0,12.0,1.0,12.17,5.0200000000000005,2.5,1.49,0.0,0.1,0.0,0.4,0.0,-0.2,0.7000000000000001,0.0,-169.70000000000002,0.0,0.0,169.8,0.0,21.8,30.1,30.1,30.700000000000003,300.0,300.0,31.0,35.0,29.8,29.1,31.0,4.95,2.0,4.97,0.16,0.0,0.0,1027.0,8228.0,0.0,0.0,0.0,0.0,0.0,1.0,0.0,0.0,0.0,0.0,0.0,0.7000000000000001,0.0,0.1,0.0,0.0,16.0,25903.0
2026-07-30T18:59:50.271Z,159.754,159.768,0.0,7.4,0.0,0.0,0.0,0.0,0.0,0.0,0.0,0.0,1.0,0.0,0.0,0.0,9.0,4.0,0.0,0.0,0.0,0.0,0.0,0.0,0.0,0.0,3.0,12.0,1.0,12.17,5.0200000000000005,2.5,1.49,0.0,0.0,0.0,0.4,0.0,0.9,-1.0,-0.6000000000000001,-169.70000000000002,0.0,0.0,169.70000000000002,0.0,21.8,30.1,30.1,30.700000000000003,300.0,300.0,31.0,35.0,29.8,29.1,31.0,4.96,2.0,4.96,0.16,0.0,0.0,1027.0,8228.0,0.0,0.0,0.0,0.0,0.0,1.0,0.0,0.0,0.0,0.0,0.0,-1.7000000000000002,0.0,0.3,0.0,0.0,16.0,25903.0
2026-07-30T18:59:50.284Z,159.767,159.78,0.0,7.4,0.0,0.0,0.0,0.0,0.0,0.0,0.0,0.0,1.0,0.0,0.0,0.0,9.0,4.0,0.0,0.0,0.0,0.0,0.0,0.0,0.0,0.0,4.0,12.0,1.0,12.17,5.0200000000000005,2.5,1.49,0.0,0.0,0.0,0.4,0.0,-0.8,-1.0,0.5,-169.70000000000002,0.0,0.0,169.8,0.0,21.8,30.1,30.1,30.700000000000003,300.0,300.0,31.0,35.0,29.8,29.1,31.0,4.95,1.99,4.97,0.16,0.0,0.0,1027.0,8228.0,0.0,0.0,0.0,0.0,0.0,1.0,0.0,0.0,0.0,0.0,0.0,-0.8,0.0,-0.7000000000000001,0.0,0.0,16.0,25903.0
2026-07-30T18:59:50.296Z,159.779,159.792,0.0,7.4,0.0,0.0,0.0,0.0,0.0,0.0,0.0,0.0,1.0,0.0,0.0,0.0,9.0,4.0,0.0,0.0,0.0,0.0,0.0,0.0,0.0,0.0,5.0,12.0,1.0,12.17,5.0200000000000005,2.5,1.49,0.0,0.0,0.0,0.4,0.0,-0.8,1.2000000000000002,-1.2000000000000002,-169.70000000000002,0.0,0.0,169.8,0.0,21.8,30.1,30.1,30.700000000000003,300.0,300.0,31.0,35.0,29.8,29.1,31.0,4.95,1.99,4.96,0.16,0.0,0.0,1027.0,8228.0,0.0,0.0,0.0,0.0,0.0,1.0,0.0,0.0,0.0,0.0,0.0,0.5,0.0,1.3,0.0,0.0001,16.0,25903.0
2026-07-30T18:59:50.307Z,159.79,159.804,0.0,7.4,0.0,0.0,0.0,0.0,0.0,0.0,0.0,0.0,1.0,0.0,0.0,0.0,9.0,4.0,0.0,0.0,0.0,0.0,0.0,0.0,0.0,0.0,6.0,12.0,1.0,12.17,5.0200000000000005,2.5,1.49,0.0,0.0,0.0,0.4,0.0,-0.8,0.0,-0.6000000000000001,-169.70000000000002,0.0,0.0,169.8,0.0,21.8,30.1,30.1,30.700000000000003,300.0,300.0,31.0,35.0,29.8,29.1,31.0,4.96,1.99,4.96,0.16,0.0,0.0,1027.0,8228.0,0.0,0.0,0.0,0.0,0.0,1.0,0.0,0.0,0.0,0.0,0.0,-0.3,0.0,0.5,0.0,0.0,16.0,25903.0
2026-07-30T18:59:50.320Z,159.803,159.816,0.0,7.4,0.0,0.0,0.0,0.0,0.0,0.0,0.0,0.0,1.0,0.0,0.0,0.0,9.0,4.0,0.0,0.0,0.0,0.0,0.0,0.0,0.0,0.0,1.0,12.0,1.0,12.17,5.0200000000000005,2.5,1.49,0.0,0.0,0.0,0.4,0.0,-0.7000000000000001,0.0,0.0,-169.70000000000002,0.0,0.0,169.70000000000002,0.0,21.8,30.1,30.1,30.700000000000003,300.0,300.0,31.0,35.0,29.8,29.1,31.0,4.95,1.99,4.96,0.16,0.0,0.0,1027.0,8228.0,0.0,0.0,0.0,0.0,0.0,1.0,0.0,0.0,0.0,0.0,0.0,0.0,0.0,0.1,0.0,0.0,16.0,25903.0
2026-07-30T18:59:50.331Z,159.814,159.828,0.0,7.4,0.0,0.0,0.0,0.0,0.0,0.0,0.0,0.0,1.0,0.0,0.0,0.0,9.0,4.0,0.0,0.0,0.0,0.0,0.0,0.0,0.0,0.0,3.0,12.0,1.0,12.17,5.0200000000000005,2.5,1.49,0.0,0.0,0.0,0.4,0.0,0.3,-0.5,0.0,-169.70000000000002,0.0,0.0,169.8,0.0,21.8,30.1,30.1,30.700000000000003,300.0,300.0,31.0,35.0,29.8,29.1,31.0,4.96,1.99,4.97,0.16,0.0,0.0,1027.0,8228.0,0.0,0.0,0.0,0.0,0.0,1.0,0.0,0.0,0.0,0.0,0.0,-0.6000000000000001,0.0,0.0,0.0,0.0001,16.0,25903.0
2026-07-30T18:59:50.344Z,159.827,159.84,0.0,7.4,0.0,0.0,0.0,0.0,0.0,0.0,0.0,0.0,1.0,0.0,0.0,0.0,9.0,4.0,0.0,0.0,0.0,0.0,0.0,0.0,0.0,0.0,4.0,12.0,1.0,12.15,5.0200000000000005,2.51,1.49,0.0,0.0,0.0,0.4,0.0,-0.2,0.0,-0.6000000000000001,-169.70000000000002,0.0,0.0,169.8,0.0,21.3,30.1,30.1,30.700000000000003,300.0,300.0,30.9,35.0,29.8,29.1,31.0,4.96,1.99,4.96,0.16,0.0,0.0,1027.0,8228.0,0.0,0.0,0.0,0.0,0.0,1.0,0.0,0.0,0.0,0.0,0.0,-0.3,0.0,0.5,0.0,0.0001,16.0,25903.0
2026-07-30T18:59:50.355Z,159.838,159.852,0.0,7.4,0.0,0.0,0.0,0.0,0.0,0.0,0.0,0.0,1.0,0.0,0.0,0.0,9.0,4.0,0.0,0.0,0.0,0.0,0.0,0.0,0.0,0.0,6.0,12.0,1.0,12.15,5.0200000000000005,2.51,1.49,-0.1,0.0,0.0,0.4,0.0,0.3,0.6000000000000001,0.5,-169.70000000000002,0.0,0.0,169.8,0.0,21.3,30.1,30.1,30.700000000000003,300.0,300.0,30.9,35.0,29.8,29.1,31.0,4.96,1.99,4.96,0.16,0.0,0.0,1027.0,8228.0,0.0,0.0,0.0,0.0,0.0,1.0,0.0,0.0,0.0,0.0,0.0,1.1,0.0,-0.3,0.0,0.0001,16.0,25903.0
2026-07-30T18:59:50.367Z,159.85,159.864,0.0,7.4,0.0,0.0,0.0,0.0,0.0,0.0,0.0,0.0,1.0,0.0,0.0,0.0,9.0,4.0,0.0,0.0,0.0,0.0,0.0,0.0,0.0,0.0,1.0,12.0,1.0,12.15,5.0200000000000005,2.51,1.49,0.0,0.0,0.0,0.4,0.0,-0.2,-0.4,-1.2000000000000002,-169.70000000000002,0.0,0.0,169.8,0.0,21.3,30.1,30.1,30.700000000000003,300.0,300.0,30.9,35.0,29.8,29.1,31.0,4.95,1.99,4.96,0.16,0.0,0.0,1027.0,8228.0,0.0,0.0,0.0,0.0,0.0,1.0,0.0,0.0,0.0,0.0,0.0,-1.4,0.0,0.9,0.0,0.0001,16.0,25903.0
2026-07-30T18:59:50.380Z,159.863,159.876,0.0,7.4,0.0,0.0,0.0,0.0,0.0,0.0,0.0,0.0,1.0,0.0,0.0,0.0,9.0,4.0,0.0,0.0,0.0,0.0,0.0,0.0,0.0,0.0,2.0,12.0,1.0,12.15,5.0200000000000005,2.51,1.49,0.0,0.0,0.0,0.4,0.0,0.9,1.2000000000000002,2.2,-169.70000000000002,0.0,0.0,169.8,0.0,21.3,30.1,30.1,30.700000000000003,300.0,300.0,30.9,35.0,29.8,29.1,31.0,4.96,1.99,4.96,0.16,0.0,0.0,1027.0,8228.0,0.0,0.0,0.0,0.0,0.0,1.0,0.0,0.0,0.0,0.0,0.0,3.1,0.0,-1.7000000000000002,0.0,0.0,16.0,25903.0
2026-07-30T18:59:50.392Z,159.875,159.888,0.0,7.4,0.0,0.0,0.0,0.0,0.0,0.0,0.0,0.0,1.0,0.0,0.0,0.0,9.0,4.0,0.0,0.0,0.0,0.0,0.0,0.0,0.0,0.0,3.0,12.0,1.0,12.15,5.0200000000000005,2.51,1.49,0.0,0.0,0.0,0.4,0.0,-0.2,0.6000000000000001,-0.6000000000000001,-169.70000000000002,0.0,0.0,169.8,0.0,21.3,30.1,30.1,30.700000000000003,300.0,300.0,30.9,35.0,29.8,29.1,31.0,4.96,2.0,4.97,0.16,0.0,0.0,1027.0,8228.0,0.0,0.0,0.0,0.0,0.0,1.0,0.0,0.0,0.0,0.0,0.0,0.3,0.0,0.7000000000000001,0.0,0.0,16.0,25903.0
2026-07-30T18:59:50.404Z,159.887,159.9,0.0,7.4,0.0,0.0,0.0,0.0,0.0,0.0,0.0,0.0,1.0,0.0,0.0,0.0,9.0,4.0,0.0,0.0,0.0,0.0,0.0,0.0,0.0,0.0,5.0,12.0,1.0,12.15,5.0200000000000005,2.51,1.49,0.0,0.0,0.0,0.4,0.0,-0.2,0.1,1.0,-169.70000000000002,0.0,0.0,169.70000000000002,0.0,21.3,30.1,30.1,30.700000000000003,300.0,300.0,30.9,35.0,29.8,29.1,31.0,4.95,1.99,4.97,0.16,0.0,0.0,1027.0,8228.0,0.0,0.0,0.0,0.0,0.0,1.0,0.0,0.0,0.0,0.0,0.0,0.9,0.0,-0.9,0.0,0.0,16.0,25903.0
2026-07-30T18:59:50.415Z,159.898,159.912,0.0,7.4,0.0,0.0,0.0,0.0,0.0,0.0,0.0,0.0,1.0,0.0,0.0,0.0,9.0,4.0,0.0,0.0,0.0,0.0,0.0,0.0,0.0,0.0,6.0,12.0,1.0,12.15,5.0200000000000005,2.51,1.49,0.0,0.0,0.0,0.4,0.0,-0.8,-1.0,-1.2000000000000002,-169.70000000000002,0.0,0.0,169.70000000000002,0.0,21.3,30.1,30.1,30.700000000000003,300.0,300.0,30.9,35.0,29.8,29.1,31.0,4.95,1.99,4.97,0.16,0.0,0.0,1027.0,8228.0,0.0,0.0,0.0,0.0,0.0,1.0,0.0,0.0,0.0,0.0,0.0,-2.1,0.0,0.8,0.0,0.0001,16.0,25903.0
2026-07-30T18:59:50.427Z,159.91,159.924,0.0,7.4,0.0,0.0,0.0,0.0,0.0,0.0,0.0,0.0,1.0,0.0,0.0,0.0,9.0,4.0,0.0,0.0,0.0,0.0,0.0,0.0,0.0,0.0,1.0,12.0,1.0,12.15,5.0200000000000005,2.51,1.49,0.0,0.0,0.0,0.4,0.0,-0.3,-1.1,-0.6000000000000001,-169.70000000000002,0.0,0.0,169.70000000000002,0.0,21.3,30.1,30.1,30.700000000000003,300.0,300.0,30.9,35.0,29.8,29.1,31.0,4.96,2.0,4.97,0.16,0.0,0.0,1027.0,8228.0,0.0,0.0,0.0,0.0,0.0,1.0,0.0,0.0,0.0,0.0,0.0,-1.7000000000000002,0.0,0.3,0.0,0.0001,16.0,25903.0
2026-07-30T18:59:50.441Z,159.924,159.936,0.0,7.4,0.0,0.0,0.0,0.0,0.0,0.0,0.0,0.0,1.0,0.0,0.0,0.0,9.0,4.0,0.0,0.0,0.0,0.0,0.0,0.0,0.0,0.0,2.0,12.0,1.0,12.14,5.0200000000000005,2.51,1.5,-0.1,0.1,0.0,0.5,0.0,0.2,1.2000000000000002,1.0,-169.70000000000002,0.0,0.0,169.8,0.0,21.700000000000003,30.1,30.1,30.700000000000003,300.0,300.0,30.9,35.0,29.8,29.1,31.0,4.96,1.99,4.97,0.17,0.0,0.0,1027.0,8228.0,0.0,0.0,0.0,0.0,0.0,1.0,0.0,0.0,0.0,0.0,0.0,2.2,0.0,-0.7000000000000001,0.0,0.0001,16.0,25903.0
2026-07-30T18:59:50.451Z,159.934,159.948,0.0,7.4,0.0,0.0,0.0,0.0,0.0,0.0,0.0,0.0,1.0,0.0,0.0,0.0,9.0,4.0,0.0,0.0,0.0,0.0,0.0,0.0,0.0,0.0,4.0,12.0,1.0,12.14,5.0200000000000005,2.51,1.5,0.0,0.0,0.0,0.5,0.0,0.2,0.6000000000000001,0.4,-169.70000000000002,0.0,0.0,169.70000000000002,0.0,21.700000000000003,30.1,30.1,30.700000000000003,300.0,300.0,30.9,35.0,29.8,29.1,31.0,4.95,1.99,4.97,0.16,0.0,0.0,1027.0,8228.0,0.0,0.0,0.0,0.0,0.0,1.0,0.0,0.0,0.0,0.0,0.0,1.1,0.0,-0.2,0.0,0.0002,16.0,25903.0
2026-07-30T18:59:50.464Z,159.947,159.96,0.0,7.4,0.0,0.0,0.0,0.0,0.0,0.0,0.0,0.0,1.0,0.0,0.0,0.0,9.0,4.0,0.0,0.0,0.0,0.0,0.0,0.0,0.0,0.0,5.0,12.0,1.0,12.14,5.0200000000000005,2.51,1.5,0.0,0.1,0.0,0.4,0.0,0.3,0.1,-0.1,-169.70000000000002,0.0,0.0,169.8,0.0,21.700000000000003,30.1,30.1,30.700000000000003,300.0,300.0,30.9,35.0,29.8,29.1,31.0,4.96,1.99,4.96,0.16,0.0,0.0,1027.0,8228.0,0.0,0.0,0.0,0.0,0.0,1.0,0.0,0.0,0.0,0.0,0.0,0.0,0.0,0.1,0.0,0.0001,16.0,25903.0
2026-07-30T18:59:50.475Z,159.958,159.972,0.0,7.4,0.0,0.0,0.0,0.0,0.0,0.0,0.0,0.0,1.0,0.0,0.0,0.0,9.0,4.0,0.0,0.0,0.0,0.0,0.0,0.0,0.0,0.0,1.0,12.0,1.0,12.14,5.0200000000000005,2.51,1.5,0.0,0.0,0.0,0.4,0.0,0.3,-1.0,-1.2000000000000002,-169.70000000000002,0.0,0.0,169.70000000000002,0.0,21.700000000000003,30.1,30.1,30.700000000000003,300.0,300.0,30.9,35.0,29.8,29.1,31.0,4.96,2.0,4.96,0.16,0.0,0.0,1027.0,8228.0,0.0,0.0,0.0,0.0,0.0,1.0,0.0,0.0,0.0,0.0,0.0,-2.1,0.0,0.9,0.0,0.0,16.0,25903.0
2026-07-30T18:59:50.488Z,159.971,159.984,0.0,7.4,0.0,0.0,0.0,0.0,0.0,0.0,0.0,0.0,1.0,0.0,0.0,0.0,9.0,4.0,0.0,0.0,0.0,0.0,0.0,0.0,0.0,0.0,2.0,12.0,1.0,12.14,5.0200000000000005,2.51,1.5,0.0,0.0,0.0,0.4,0.0,-0.2,0.0,-0.1,-169.70000000000002,0.0,0.0,169.70000000000002,0.0,21.700000000000003,30.1,30.1,30.700000000000003,300.0,300.0,30.9,35.0,29.8,29.1,31.0,4.96,1.99,4.96,0.16,0.0,0.0,1027.0,8228.0,0.0,0.0,0.0,0.0,0.0,1.0,0.0,0.0,0.0,0.0,0.0,0.0,0.0,0.1,0.0,0.0,16.0,25903.0
2026-07-30T18:59:50.499Z,159.982,159.996,0.0,7.4,0.0,0.0,0.0,0.0,0.0,0.0,0.0,0.0,1.0,0.0,0.0,0.0,9.0,4.0,0.0,0.0,0.0,0.0,0.0,0.0,0.0,0.0,4.0,12.0,1.0,12.14,5.0200000000000005,2.51,1.5,0.0,0.0,0.0,0.4,0.0,0.3,0.6000000000000001,0.4,-169.70000000000002,0.0,0.0,169.70000000000002,0.0,21.700000000000003,30.1,30.1,30.700000000000003,300.0,300.0,30.9,35.0,29.8,29.1,31.0,4.95,2.0,4.96,0.16,0.0,0.0,1027.0,8228.0,0.0,0.0,0.0,0.0,0.0,1.0,0.0,0.0,0.0,0.0,0.0,1.1,0.0,-0.2,0.0,0.0,16.0,25903.0
2026-07-30T18:59:50.512Z,159.995,160.008,0.0,7.4,0.0,0.0,0.0,0.0,0.0,0.0,0.0,0.0,1.0,0.0,0.0,0.0,9.0,4.0,0.0,0.0,0.0,0.0,0.0,0.0,0.0,0.0,5.0,12.0,1.0,12.14,5.0200000000000005,2.51,1.5,0.0,0.0,0.0,0.4,0.0,-0.2,0.6000000000000001,1.0,-169.70000000000002,0.0,0.0,169.70000000000002,0.0,21.700000000000003,30.1,30.1,30.700000000000003,300.0,300.0,30.9,35.0,29.8,29.1,31.0,4.96,2.0,4.96,0.16,0.0,0.0,1027.0,8228.0,0.0,0.0,0.0,0.0,0.0,1.0,0.0,0.0,0.0,0.0,0.0,1.5,0.0,-0.7000000000000001,0.0,0.0,16.0,25903.0
2026-07-30T18:59:50.523Z,160.006,160.02,0.0,7.4,0.0,0.0,0.0,0.0,0.0,0.0,0.0,0.0,1.0,0.0,0.0,0.0,9.0,4.0,0.0,0.0,0.0,0.0,0.0,0.0,0.0,0.0,6.0,12.0,1.0,12.14,5.0200000000000005,2.51,1.5,0.0,0.1,0.0,0.4,0.0,0.3,-1.1,-0.1,-169.70000000000002,0.0,0.0,169.70000000000002,0.0,21.700000000000003,30.1,30.1,30.700000000000003,300.0,300.0,30.9,35.0,29.8,29.1,31.0,4.95,1.99,4.97,0.16,0.0,0.0,1027.0,8228.0,0.0,0.0,0.0,0.0,0.0,1.0,0.0,0.0,0.0,0.0,0.0,-1.3,0.0,-0.1,0.0,0.0001,16.0,25903.0
2026-07-30T18:59:50.535Z,160.018,160.032,0.0,7.4,0.0,0.0,0.0,0.0,0.0,0.0,0.0,0.0,1.0,0.0,0.0,0.0,9.0,4.0,0.0,0.0,0.0,0.0,0.0,0.0,0.0,0.0,1.0,12.0,1.0,12.14,5.0200000000000005,2.51,1.5,0.0,0.0,0.0,0.4,0.0,0.3,1.2000000000000002,-0.6000000000000001,-169.70000000000002,0.0,0.0,169.70000000000002,0.0,21.700000000000003,30.1,30.1,30.700000000000003,300.0,300.0,30.9,35.0,29.8,29.1,31.0,4.95,1.99,4.97,0.16,0.0,0.0,1027.0,8228.0,0.0,0.0,0.0,0.0,0.0,1.0,0.0,0.0,0.0,0.0,0.0,0.9,0.0,0.8,0.0,0.0,16.0,25903.0
2026-07-30T18:59:50.551Z,160.034,160.044,0.0,7.4,0.0,0.0,0.0,0.0,0.0,0.0,0.0,0.0,1.0,0.0,0.0,0.0,9.0,4.0,0.0,0.0,0.0,0.0,0.0,0.0,0.0,0.0,2.0,12.0,1.0,12.17,5.0200000000000005,2.5,1.49,0.0,0.1,0.0,0.5,0.0,0.3,-1.0,0.0,-169.70000000000002,0.0,0.0,169.60000000000002,0.0,20.9,30.1,30.1,30.700000000000003,300.0,300.0,30.9,35.0,29.8,29.1,31.0,4.96,1.99,4.97,0.16,0.0,0.0,1027.0,8228.0,0.0,0.0,0.0,0.0,0.0,1.0,0.0,0.0,0.0,0.0,0.0,-1.1,0.0,-0.1,0.0,0.0,16.0,25903.0
2026-07-30T18:59:50.561Z,160.044,160.056,0.0,7.4,0.0,0.0,0.0,0.0,0.0,0.0,0.0,0.0,1.0,0.0,0.0,0.0,9.0,4.0,0.0,0.0,0.0,0.0,0.0,0.0,0.0,0.0,1.0,12.0,1.0,12.17,5.0200000000000005,2.5,1.49,0.0,0.0,0.0,0.4,0.0,0.3,0.7000000000000001,0.0,-169.70000000000002,0.0,0.0,169.70000000000002,0.0,20.9,30.1,30.1,30.700000000000003,300.0,300.0,30.9,35.0,29.8,29.1,31.0,4.96,1.99,4.96,0.16,0.0,0.0,1027.0,8228.0,0.0,0.0,0.0,0.0,0.0,1.0,0.0,0.0,0.0,0.0,0.0,0.8,0.0,0.2,0.0,0.0001,16.0,25903.0
2026-07-30T18:59:50.572Z,160.055,160.068,0.0,7.4,0.0,0.0,0.0,0.0,0.0,0.0,0.0,0.0,1.0,0.0,0.0,0.0,9.0,4.0,0.0,0.0,0.0,0.0,0.0,0.0,0.0,0.0,1.0,12.0,1.0,12.17,5.0200000000000005,2.5,1.49,0.0,0.0,0.0,0.5,0.0,-0.8,0.1,0.0,-169.70000000000002,0.0,0.0,169.70000000000002,0.0,20.9,30.1,30.1,30.700000000000003,300.0,300.0,30.9,35.0,29.8,29.1,31.0,4.95,1.99,4.97,0.16,0.0,0.0,1027.0,8228.0,0.0,0.0,0.0,0.0,0.0,1.0,0.0,0.0,0.0,0.0,0.0,0.1,0.0,0.0,0.0,0.0,16.0,25903.0
2026-07-30T18:59:50.583Z,160.066,160.08,0.0,7.4,0.0,0.0,0.0,0.0,0.0,0.0,0.0,0.0,1.0,0.0,0.0,0.0,9.0,4.0,0.0,0.0,0.0,0.0,0.0,0.0,0.0,0.0,2.0,12.0,1.0,12.17,5.0200000000000005,2.5,1.49,0.0,0.0,0.0,0.5,0.0,0.9,0.1,1.1,-169.70000000000002,0.0,0.0,169.70000000000002,0.0,20.9,30.1,30.1,30.700000000000003,300.0,300.0,30.9,35.0,29.8,29.1,31.0,4.95,2.0,4.96,0.16,0.0,0.0,1027.0,8228.0,0.0,0.0,0.0,0.0,0.0,1.0,0.0,0.0,0.0,0.0,0.0,1.0,0.0,-0.9,0.0,0.0,16.0,25903.0
2026-07-30T18:59:50.595Z,160.078,160.092,0.0,7.4,0.0,0.0,0.0,0.0,0.0,0.0,0.0,0.0,1.0,0.0,0.0,0.0,9.0,4.0,0.0,0.0,0.0,0.0,0.0,0.0,0.0,0.0,3.0,12.0,1.0,12.17,5.0200000000000005,2.5,1.49,0.0,0.0,0.0,0.4,0.0,0.9,1.3,0.4,-169.70000000000002,0.0,0.0,169.70000000000002,0.0,20.9,30.1,30.1,30.700000000000003,300.0,300.0,30.9,35.0,29.8,29.1,31.0,4.95,1.99,4.96,0.16,0.0,0.0,1027.0,8228.0,0.0,0.0,0.0,0.0,0.0,1.0,0.0,0.0,0.0,0.0,0.0,1.8,0.0,-0.1,0.0,0.0001,16.0,25903.0
2026-07-30T18:59:50.607Z,160.09,160.104,0.0,7.4,0.0,0.0,0.0,0.0,0.0,0.0,0.0,0.0,1.0,0.0,0.0,0.0,9.0,4.0,0.0,0.0,0.0,0.0,0.0,0.0,0.0,0.0,4.0,12.0,1.0,12.17,5.0200000000000005,2.5,1.49,0.0,0.0,0.0,0.4,0.0,0.3,1.3,1.0,-169.70000000000002,0.0,0.0,169.70000000000002,0.0,20.9,30.1,30.1,30.700000000000003,300.0,300.0,30.9,35.0,29.8,29.1,31.0,4.95,1.99,4.97,0.16,0.0,0.0,1027.0,8228.0,0.0,0.0,0.0,0.0,0.0,1.0,0.0,0.0,0.0,0.0,0.0,2.3000000000000003,0.0,-0.6000000000000001,0.0,0.0,16.0,25903.0
2026-07-30T18:59:50.620Z,160.103,160.116,0.0,7.4,0.0,0.0,0.0,0.0,0.0,0.0,0.0,0.0,1.0,0.0,0.0,0.0,9.0,4.0,0.0,0.0,0.0,0.0,0.0,0.0,0.0,0.0,5.0,12.0,1.0,12.17,5.0200000000000005,2.5,1.49,0.0,0.0,0.0,0.4,0.0,0.9,0.2,0.0,-169.70000000000002,0.0,0.0,169.60000000000002,0.0,20.9,30.1,30.1,30.700000000000003,300.0,300.0,30.9,35.0,29.8,29.1,31.0,4.96,1.99,4.96,0.16,0.0,0.0,1027.0,8228.0,0.0,0.0,0.0,0.0,0.0,1.0,0.0,0.0,0.0,0.0,0.0,0.1,0.0,0.0,0.0,0.0,16.0,25903.0
2026-07-30T18:59:50.631Z,160.114,160.128,0.0,7.4,0.0,0.0,0.0,0.0,0.0,0.0,0.0,0.0,1.0,0.0,0.0,0.0,9.0,4.0,0.0,0.0,0.0,0.0,0.0,0.0,0.0,0.0,1.0,12.0,1.0,12.17,5.0200000000000005,2.5,1.49,0.0,0.0,0.0,0.4,0.0,0.3,0.1,-0.6000000000000001,-169.70000000000002,0.0,0.0,169.70000000000002,0.0,20.9,30.1,30.1,30.700000000000003,300.0,300.0,30.9,35.0,29.8,29.1,31.0,4.96,1.99,4.97,0.16,0.0,0.0,1027.0,8228.0,0.0,0.0,0.0,0.0,0.0,1.0,0.0,0.0,0.0,0.0,0.0,-0.3,0.0,0.6000000000000001,0.0,0.0001,16.0,25903.0
2026-07-30T18:59:50.644Z,160.127,160.14,0.0,7.4,0.0,0.0,0.0,0.0,0.0,0.0,0.0,0.0,1.0,0.0,0.0,0.0,9.0,4.0,0.0,0.0,0.0,0.0,0.0,0.0,0.0,0.0,2.0,12.0,1.0,12.18,5.01,2.51,1.49,0.0,0.0,0.0,0.4,0.0,-1.4,0.1,-0.1,-169.70000000000002,0.0,0.0,169.70000000000002,0.0,21.3,30.1,30.1,30.700000000000003,300.0,300.0,30.9,35.0,29.8,29.1,31.0,4.95,1.99,4.97,0.16,0.0,0.0,1027.0,8228.0,0.0,0.0,0.0,0.0,0.0,1.0,0.0,0.0,0.0,0.0,0.0,0.0,0.0,0.1,0.0,0.0,16.0,25903.0
2026-07-30T18:59:50.655Z,160.138,160.15200000000002,0.0,7.4,0.0,0.0,0.0,0.0,0.0,0.0,0.0,0.0,1.0,0.0,0.0,0.0,9.0,4.0,0.0,0.0,0.0,0.0,0.0,0.0,0.0,0.0,4.0,12.0,1.0,12.18,5.01,2.51,1.49,0.0,0.0,0.0,0.5,0.0,0.3,0.1,-1.3,-169.70000000000002,0.0,0.0,169.70000000000002,0.0,21.3,30.1,30.1,30.700000000000003,300.0,300.0,30.9,35.0,29.8,29.1,31.0,4.95,1.99,4.96,0.16,0.0,0.0,1027.0,8228.0,0.0,0.0,0.0,0.0,0.0,1.0,0.0,0.0,0.0,0.0,0.0,-0.8,0.0,1.1,0.0,0.0,16.0,25903.0
2026-07-30T18:59:50.667Z,160.15,160.16400000000002,0.0,7.4,0.0,0.0,0.0,0.0,0.0,0.0,0.0,0.0,1.0,0.0,0.0,0.0,9.0,4.0,0.0,0.0,0.0,0.0,0.0,0.0,0.0,0.0,5.0,12.0,1.0,12.18,5.01,2.51,1.49,0.0,0.0,0.0,0.4,0.0,-0.8,-1.0,-1.3,-169.70000000000002,0.0,0.0,169.70000000000002,0.0,21.3,30.1,30.1,30.700000000000003,300.0,300.0,30.9,35.0,29.8,29.1,31.0,4.95,1.99,4.96,0.16,0.0,0.0,1027.0,8228.0,0.0,0.0,0.0,0.0,0.0,1.0,0.0,0.0,0.0,0.0,0.0,-2.1,0.0,0.9,0.0,0.0001,16.0,25903.0
2026-07-30T18:59:50.679Z,160.162,160.17600000000002,0.0,7.4,0.0,0.0,0.0,0.0,0.0,0.0,0.0,0.0,1.0,0.0,0.0,0.0,9.0,4.0,0.0,0.0,0.0,0.0,0.0,0.0,0.0,0.0,6.0,12.0,1.0,12.18,5.01,2.51,1.49,0.0,0.0,0.0,0.4,0.0,-0.2,0.7000000000000001,0.4,-169.70000000000002,0.0,0.0,169.70000000000002,0.0,21.3,30.1,30.1,30.700000000000003,300.0,300.0,30.9,35.0,29.8,29.1,31.0,4.95,1.99,4.97,0.16,0.0,0.0,1027.0,8228.0,0.0,0.0,0.0,0.0,0.0,1.0,0.0,0.0,0.0,0.0,0.0,1.1,0.0,-0.2,0.0,0.0,16.0,25903.0
2026-07-30T18:59:50.691Z,160.174,160.18800000000002,0.0,7.4,0.0,0.0,0.0,0.0,0.0,0.0,0.0,0.0,1.0,0.0,0.0,0.0,9.0,4.0,0.0,0.0,0.0,0.0,0.0,0.0,0.0,0.0,1.0,12.0,1.0,12.18,5.01,2.51,1.49,0.0,0.0,0.0,0.4,0.0,0.8,1.9,-0.7000000000000001,-169.70000000000002,0.0,0.0,169.8,0.0,21.3,30.1,30.1,30.700000000000003,300.0,300.0,30.9,35.0,29.8,29.1,31.0,4.95,2.0,4.97,0.16,0.0,0.0,1027.0,8228.0,0.0,0.0,0.0,0.0,0.0,1.0,0.0,0.0,0.0,0.0,0.0,1.6,0.0,1.0,0.0,0.0001,16.0,25903.0
2026-07-30T18:59:50.704Z,160.187,160.20000000000002,0.0,7.4,0.0,0.0,0.0,0.0,0.0,0.0,0.0,0.0,1.0,0.0,0.0,0.0,9.0,4.0,0.0,0.0,0.0,0.0,0.0,0.0,0.0,0.0,2.0,12.0,1.0,12.18,5.01,2.51,1.49,0.0,0.0,0.0,0.4,0.0,0.2,-0.4,-0.1,-169.70000000000002,0.0,0.0,169.8,0.0,21.3,30.1,30.1,30.700000000000003,300.0,300.0,30.9,35.0,29.8,29.1,31.0,4.96,2.0,4.96,0.16,0.0,0.0,1027.0,8228.0,0.0,0.0,0.0,0.0,0.0,1.0,0.0,0.0,0.0,0.0,0.0,-0.5,0.0,0.0,0.0,0.0002,16.0,25903.0
2026-07-30T18:59:50.716Z,160.199,160.21200000000002,0.0,7.4,0.0,0.0,0.0,0.0,0.0,0.0,0.0,0.0,1.0,0.0,0.0,0.0,9.0,4.0,0.0,0.0,0.0,0.0,0.0,0.0,0.0,0.0,2.0,12.0,1.0,12.18,5.01,2.51,1.49,0.0,0.0,0.0,0.4,0.0,0.8,0.1,1.6,-169.70000000000002,0.0,0.0,169.70000000000002,0.0,21.3,30.1,30.1,30.700000000000003,300.0,300.0,30.9,35.0,29.8,29.1,31.0,4.95,1.99,4.96,0.16,0.0,0.0,1027.0,8228.0,0.0,0.0,0.0,0.0,0.0,1.0,0.0,0.0,0.0,0.0,0.0,1.3,0.0,-1.4,0.0,0.0,16.0,25903.0
2026-07-30T18:59:50.728Z,160.211,160.224,0.0,7.4,0.0,0.0,0.0,0.0,0.0,0.0,0.0,0.0,1.0,0.0,0.0,0.0,9.0,4.0,0.0,0.0,0.0,0.0,0.0,0.0,0.0,0.0,4.0,12.0,1.0,12.18,5.01,2.51,1.49,0.0,0.0,0.0,0.4,0.0,0.8,0.7000000000000001,-0.1,-169.70000000000002,0.0,0.0,169.70000000000002,0.0,21.3,30.1,30.1,30.700000000000003,300.0,300.0,30.9,35.0,29.8,29.1,31.0,4.95,1.99,4.97,0.16,0.0,0.0,1027.0,8228.0,0.0,0.0,0.0,0.0,0.0,1.0,0.0,0.0,0.0,0.0,0.0,0.9,0.0,-0.8,0.0,0.0001,16.0,25903.0
2026-07-30T18:59:50.740Z,160.223,160.236,0.0,7.4,0.0,0.0,0.0,0.0,0.0,0.0,0.0,0.0,1.0,0.0,0.0,0.0,9.0,4.0,0.0,0.0,0.0,0.0,0.0,0.0,0.0,0.0,5.0,12.0,1.0,12.18,5.01,2.51,1.49,0.0,0.0,0.0,0.4,0.0,0.8,1.3,-0.1,-169.70000000000002,0.0,0.0,169.70000000000002,0.0,21.3,30.1,30.1,30.700000000000003,300.0,300.0,30.9,35.0,29.8,29.1,31.0,4.95,1.99,4.97,0.16,0.0,0.0,1027.0,8228.0,0.0,0.0,0.0,0.0,0.0,1.0,0.0,0.0,0.0,0.0,0.0,0.2,0.0,-0.9,0.0,0.0002,16.0,25903.0
2026-07-30T18:59:50.752Z,160.235,160.248,0.0,7.4,0.0,0.0,0.0,0.0,0.0,0.0,0.0,0.0,1.0,0.0,0.0,0.0,9.0,4.0,0.0,0.0,0.0,0.0,0.0,0.0,0.0,0.0,6.0,12.0,1.0,12.18,5.01,2.51,1.49,0.0,0.0,0.0,0.4,0.0,0.8,0.1,0.4,-169.70000000000002,0.0,0.0,169.8,0.0,21.700000000000003,30.1,30.1,30.700000000000003,300.0,300.0,30.9,35.0,29.8,29.1,31.0,4.95,1.99,4.96,0.16,0.0,0.0,1027.0,8228.0,0.0,0.0,0.0,0.0,0.0,1.0,0.0,0.0,0.0,0.0,0.0,-0.5,0.0,0.0,0.0,0.0,16.0,25903.0
2026-07-30T18:59:50.763Z,160.246,160.26,0.0,7.4,0.0,0.0,0.0,0.0,0.0,0.0,0.0,0.0,1.0,0.0,0.0,0.0,9.0,4.0,0.0,0.0,0.0,0.0,0.0,0.0,0.0,0.0,1.0,12.0,1.0,12.18,5.01,2.51,1.49,0.0,0.0,0.0,0.4,0.0,-0.3,-1.6,-0.6000000000000001,-169.70000000000002,0.0,0.0,169.70000000000002,0.0,21.700000000000003,30.1,30.1,30.700000000000003,300.0,300.0,30.9,35.0,29.8,29.1,31.0,4.95,1.99,4.97,0.16,0.0,0.0,1027.0,8228.0,0.0,0.0,0.0,0.0,0.0,1.0,0.0,0.0,0.0,0.0,0.0,-2.4000000000000004,0.0,0.2,0.0,0.0003,16.0,25903.0
2026-07-30T18:59:50.775Z,160.258,160.272,0.0,7.4,0.0,0.0,0.0,0.0,0.0,0.0,0.0,0.0,1.0,0.0,0.0,0.0,9.0,4.0,0.0,0.0,0.0,0.0,0.0,0.0,0.0,0.0,2.0,12.0,1.0,12.18,5.01,2.51,1.49,0.0,0.1,0.0,0.4,0.0,0.2,1.2000000000000002,1.6,-169.70000000000002,0.0,0.0,169.70000000000002,0.0,21.700000000000003,30.1,30.1,30.700000000000003,300.0,300.0,30.9,35.0,29.8,29.1,31.0,4.95,1.99,4.96,0.16,0.0,0.0,1027.0,8228.0,0.0,0.0,0.0,0.0,0.0,1.0,0.0,0.0,0.0,0.0,0.0,2.6,0.0,-1.1,0.0,0.0,16.0,25903.0
2026-07-30T18:59:50.788Z,160.271,160.284,0.0,7.4,0.0,0.0,0.0,0.0,0.0,0.0,0.0,0.0,1.0,0.0,0.0,0.0,9.0,4.0,0.0,0.0,0.0,0.0,0.0,0.0,0.0,0.0,2.0,12.0,1.0,12.18,5.01,2.51,1.49,0.0,0.0,0.0,0.4,0.0,-0.3,0.0,-0.7000000000000001,-169.70000000000002,0.0,0.0,169.70000000000002,0.0,21.700000000000003,30.1,30.1,30.700000000000003,300.0,300.0,30.9,35.0,29.8,29.1,31.0,4.96,1.99,4.96,0.16,0.0,0.0,1027.0,8228.0,0.0,0.0,0.0,0.0,0.0,1.0,0.0,0.0,0.0,0.0,0.0,-0.4,0.0,0.6000000000000001,0.0,0.0,16.0,25903.0
2026-07-30T18:59:50.799Z,160.282,160.296,0.0,7.4,0.0,0.0,0.0,0.0,0.0,0.0,0.0,0.0,1.0,0.0,0.0,0.0,9.0,4.0,0.0,0.0,0.0,0.0,0.0,0.0,0.0,0.0,4.0,12.0,1.0,12.18,5.01,2.51,1.49,0.0,0.0,0.0,0.4,0.0,0.2,0.0,0.4,-169.70000000000002,0.0,0.0,169.8,0.0,21.700000000000003,30.1,30.1,30.700000000000003,300.0,300.0,30.9,35.0,29.8,29.1,31.0,4.95,1.99,4.96,0.16,0.0,0.0,1027.0,8228.0,0.0,0.0,0.0,0.0,0.0,1.0,0.0,0.0,0.0,0.0,0.0,0.3,0.0,-0.3,0.0,0.0002,16.0,25903.0
2026-07-30T18:59:50.811Z,160.294,160.308,0.0,7.4,0.0,0.0,0.0,0.0,0.0,0.0,0.0,0.0,1.0,0.0,0.0,0.0,9.0,4.0,0.0,0.0,0.0,0.0,0.0,0.0,0.0,0.0,5.0,12.0,1.0,12.18,5.01,2.51,1.49,0.0,0.0,0.0,0.4,0.0,0.8,0.6000000000000001,0.4,-169.70000000000002,0.0,0.0,169.70000000000002,0.0,21.700000000000003,30.1,30.1,30.700000000000003,300.0,300.0,30.9,35.0,29.8,29.1,31.0,4.96,1.99,4.96,0.16,0.0,0.0,1027.0,8228.0,0.0,0.0,0.0,0.0,0.0,1.0,0.0,0.0,0.0,0.0,0.0,1.0,0.0,-0.2,0.0,0.0001,16.0,25903.0
2026-07-30T18:59:50.823Z,160.306,160.32,0.0,7.4,0.0,0.0,0.0,0.0,0.0,0.0,0.0,0.0,1.0,0.0,0.0,0.0,9.0,4.0,0.0,0.0,0.0,0.0,0.0,0.0,0.0,0.0,6.0,12.0,1.0,12.18,5.01,2.51,1.49,0.0,0.0,0.0,0.4,0.0,-0.3,0.1,-0.7000000000000001,-169.70000000000002,0.0,0.0,169.70000000000002,0.0,21.700000000000003,30.1,30.1,30.700000000000003,300.0,300.0,30.9,35.0,29.8,29.1,31.0,4.96,1.99,4.96,0.16,0.0,0.0,1027.0,8228.0,0.0,0.0,0.0,0.0,0.0,1.0,0.0,0.0,0.0,0.0,0.0,-0.4,0.0,0.6000000000000001,0.0,0.0001,16.0,25903.0
2026-07-30T18:59:50.835Z,160.318,160.332,0.0,7.4,0.0,0.0,0.0,0.0,0.0,0.0,0.0,0.0,1.0,0.0,0.0,0.0,9.0,4.0,0.0,0.0,0.0,0.0,0.0,0.0,0.0,0.0,1.0,12.0,1.0,12.18,5.01,2.51,1.49,0.0,0.0,0.0,0.4,0.0,0.8,0.7000000000000001,0.4,-169.70000000000002,0.0,0.0,169.8,0.0,21.700000000000003,30.1,30.1,30.700000000000003,300.0,300.0,30.9,35.0,29.8,29.1,31.0,4.96,1.99,4.96,0.16,0.0,0.0,1027.0,8228.0,0.0,0.0,0.0,0.0,0.0,1.0,0.0,0.0,0.0,0.0,0.0,1.1,0.0,-0.2,0.0,0.0001,16.0,25903.0
2026-07-30T18:59:50.848Z,160.331,160.344,0.0,7.4,0.0,0.0,0.0,0.0,0.0,0.0,0.0,0.0,1.0,0.0,0.0,0.0,9.0,4.0,0.0,0.0,0.0,0.0,0.0,0.0,0.0,0.0,2.0,12.0,1.0,12.13,5.0200000000000005,2.5,1.49,0.0,0.0,0.0,0.5,0.0,-0.2,0.1,0.3,-169.70000000000002,0.0,0.0,169.8,0.0,21.3,30.1,30.1,30.700000000000003,300.0,300.0,30.9,35.0,29.8,29.1,31.0,4.95,1.99,4.97,0.16,0.0,0.0,1027.0,8228.0,0.0,0.0,0.0,0.0,0.0,1.0,0.0,0.0,0.0,0.0,0.0,0.4,0.0,-0.3,0.0,0.0001,16.0,25903.0
2026-07-30T18:59:50.859Z,160.342,160.356,0.0,7.4,0.0,0.0,0.0,0.0,0.0,0.0,0.0,0.0,1.0,0.0,0.0,0.0,9.0,4.0,0.0,0.0,0.0,0.0,0.0,0.0,0.0,0.0,3.0,12.0,1.0,12.13,5.0200000000000005,2.5,1.49,0.0,0.0,0.0,0.4,0.0,-0.2,0.1,0.4,-169.70000000000002,0.0,0.0,169.8,0.0,21.3,30.1,30.1,30.700000000000003,300.0,300.0,30.9,35.0,29.8,29.1,31.0,4.96,2.0,4.96,0.16,0.0,0.0,1027.0,8228.0,0.0,0.0,0.0,0.0,0.0,1.0,0.0,0.0,0.0,0.0,0.0,0.4,0.0,-0.3,0.0,0.0001,16.0,25903.0
2026-07-30T18:59:50.877Z,160.36,160.368,0.0,7.4,0.0,0.0,0.0,0.0,0.0,0.0,0.0,0.0,1.0,0.0,0.0,0.0,9.0,4.0,0.0,0.0,0.0,0.0,0.0,0.0,0.0,0.0,3.0,12.0,1.0,12.13,5.0200000000000005,2.5,1.49,0.0,0.0,0.0,0.4,0.0,0.3,0.0,1.0,-169.70000000000002,0.0,0.0,169.8,0.0,21.3,30.1,30.1,30.700000000000003,300.0,300.0,30.9,35.0,29.8,29.1,31.0,4.96,1.99,4.96,0.16,0.0,0.0,1027.0,8228.0,0.0,0.0,0.0,0.0,0.0,1.0,0.0,0.0,0.0,0.0,0.0,0.8,0.0,-0.8,0.0,0.0,16.0,25903.0
2026-07-30T18:59:50.883Z,160.366,160.38,0.0,7.4,0.0,0.0,0.0,0.0,0.0,0.0,0.0,0.0,1.0,0.0,0.0,0.0,9.0,4.0,0.0,0.0,0.0,0.0,0.0,0.0,0.0,0.0,1.0,12.0,1.0,12.13,5.0200000000000005,2.5,1.49,0.0,0.1,0.0,0.4,0.0,0.3,0.0,-0.1,-169.70000000000002,0.0,0.0,169.8,0.0,21.3,30.1,30.1,30.700000000000003,300.0,300.0,30.9,35.0,29.8,29.1,31.0,4.95,1.99,4.96,0.16,0.0,0.0,1027.0,8228.0,0.0,0.0,0.0,0.0,0.0,1.0,0.0,0.0,0.0,0.0,0.0,0.0,0.0,0.1,0.0,0.0,16.0,25903.0
2026-07-30T18:59:50.896Z,160.379,160.392,0.0,7.4,0.0,0.0,0.0,0.0,0.0,0.0,0.0,0.0,1.0,0.0,0.0,0.0,9.0,4.0,0.0,0.0,0.0,0.0,0.0,0.0,0.0,0.0,3.0,12.0,1.0,12.13,5.0200000000000005,2.5,1.49,0.0,0.0,0.0,0.4,0.0,-1.3,-0.5,-0.2,-169.70000000000002,0.0,0.0,169.8,0.0,21.3,30.1,30.1,30.700000000000003,300.0,300.0,30.9,35.0,29.8,29.1,31.0,4.95,1.99,4.97,0.16,0.0,0.0,1027.0,8228.0,0.0,0.0,0.0,0.0,0.0,1.0,0.0,0.0,0.0,0.0,0.0,-0.7000000000000001,0.0,0.0,0.0,0.0,16.0,25903.0
2026-07-30T18:59:50.908Z,160.391,160.404,0.0,7.4,0.0,0.0,0.0,0.0,0.0,0.0,0.0,0.0,1.0,0.0,0.0,0.0,9.0,4.0,0.0,0.0,0.0,0.0,0.0,0.0,0.0,0.0,3.0,12.0,1.0,12.13,5.0200000000000005,2.5,1.49,0.0,0.1,0.0,0.4,0.0,-0.2,0.0,-1.3,-169.70000000000002,0.0,0.0,169.60000000000002,0.0,21.3,30.1,30.1,30.700000000000003,300.0,300.0,30.9,35.0,29.8,29.1,31.0,4.96,1.99,4.96,0.16,0.0,0.0,1027.0,8228.0,0.0,0.0,0.0,0.0,0.0,1.0,0.0,0.0,0.0,0.0,0.0,-0.9,0.0,1.1,0.0,0.0,16.0,25903.0
2026-07-30T18:59:50.920Z,160.403,160.416,0.0,7.4,0.0,0.0,0.0,0.0,0.0,0.0,0.0,0.0,1.0,0.0,0.0,0.0,9.0,4.0,0.0,0.0,0.0,0.0,0.0,0.0,0.0,0.0,5.0,12.0,1.0,12.13,5.0200000000000005,2.5,1.49,0.0,0.0,0.0,0.5,0.0,-0.7000000000000001,-0.5,-1.3,-169.70000000000002,0.0,0.0,169.8,0.0,21.3,30.1,30.1,30.700000000000003,300.0,300.0,30.9,35.0,29.8,29.1,31.0,4.96,1.99,4.96,0.16,0.0,0.0,1027.0,8228.0,0.0,0.0,0.0,0.0,0.0,1.0,0.0,0.0,0.0,0.0,0.0,-1.5,0.0,1.0,0.0,0.0002,16.0,25903.0
2026-07-30T18:59:50.932Z,160.415,160.428,0.0,7.4,0.0,0.0,0.0,0.0,0.0,0.0,0.0,0.0,1.0,0.0,0.0,0.0,9.0,4.0,0.0,0.0,0.0,0.0,0.0,0.0,0.0,0.0,6.0,12.0,1.0,12.13,5.0200000000000005,2.5,1.49,0.0,0.0,0.0,0.4,0.0,-0.2,0.0,1.0,-169.70000000000002,0.0,0.0,169.8,0.0,21.3,30.1,30.1,30.700000000000003,300.0,300.0,30.9,35.0,29.8,29.1,31.0,4.95,1.99,4.96,0.16,0.0,0.0,1027.0,8228.0,0.0,0.0,0.0,0.0,0.0,1.0,0.0,0.0,0.0,0.0,0.0,0.8,0.0,-0.9,0.0,0.0001,16.0,25903.0
2026-07-30T18:59:50.944Z,160.427,160.44,0.0,7.4,0.0,0.0,0.0,0.0,0.0,0.0,0.0,0.0,1.0,0.0,0.0,0.0,9.0,4.0,0.0,0.0,0.0,0.0,0.0,0.0,0.0,0.0,1.0,12.0,1.0,12.13,5.0200000000000005,2.5,1.49,0.0,0.0,0.0,0.4,0.0,0.9,-0.5,0.4,-169.70000000000002,0.0,0.0,169.8,0.0,21.3,30.1,30.1,30.700000000000003,300.0,300.0,30.9,35.0,29.8,29.1,31.0,4.96,1.99,4.96,0.16,0.0,0.0,1027.0,8228.0,0.0,0.0,0.0,0.0,0.0,1.0,0.0,0.0,0.0,0.0,0.0,-0.2,0.0,-0.4,0.0,0.0001,16.0,25903.0
2026-07-30T18:59:50.955Z,160.438,160.452,0.0,7.4,0.0,0.0,0.0,0.0,0.0,0.0,0.0,0.0,1.0,0.0,0.0,0.0,9.0,4.0,0.0,0.0,0.0,0.0,0.0,0.0,0.0,0.0,2.0,12.0,1.0,12.14,5.01,2.51,1.49,0.0,0.0,0.0,0.4,0.0,0.3,0.0,1.0,-169.70000000000002,0.0,0.0,169.8,0.0,21.8,30.1,30.1,30.700000000000003,300.0,300.0,30.9,35.0,29.8,29.1,30.9,4.95,2.0,4.96,0.16,0.0,0.0,1027.0,8228.0,0.0,0.0,0.0,0.0,0.0,1.0,0.0,0.0,0.0,0.0,0.0,0.8,0.0,-0.8,0.0,0.0001,16.0,25903.0
2026-07-30T18:59:50.967Z,160.45,160.464,0.0,7.4,0.0,0.0,0.0,0.0,0.0,0.0,0.0,0.0,1.0,0.0,0.0,0.0,9.0,4.0,0.0,0.0,0.0,0.0,0.0,0.0,0.0,0.0,3.0,12.0,1.0,12.14,5.01,2.51,1.49,0.0,0.0,0.0,0.4,0.0,-0.2,-0.4,-1.9,-169.70000000000002,0.0,0.0,169.8,0.0,21.8,30.1,30.1,30.700000000000003,300.0,300.0,30.9,35.0,29.8,29.1,30.9,4.95,1.99,4.97,0.16,0.0,0.0,1027.0,8228.0,0.0,0.0,0.0,0.0,0.0,1.0,0.0,0.0,0.0,0.0,0.0,-1.9,0.0,1.5,0.0,0.0,16.0,25903.0
2026-07-30T18:59:50.979Z,160.462,160.476,0.0,7.4,0.0,0.0,0.0,0.0,0.0,0.0,0.0,0.0,1.0,0.0,0.0,0.0,9.0,4.0,0.0,0.0,0.0,0.0,0.0,0.0,0.0,0.0,4.0,12.0,1.0,12.14,5.01,2.51,1.49,0.0,0.1,0.0,0.4,0.0,0.9,0.1,-0.1,-169.70000000000002,0.0,0.0,169.8,0.0,21.8,30.1,30.1,30.700000000000003,300.0,300.0,30.9,35.0,29.8,29.1,30.9,4.95,1.99,4.97,0.16,0.0,0.0,1027.0,8228.0,0.0,0.0,0.0,0.0,0.0,1.0,0.0,0.0,0.0,0.0,0.0,0.0,0.0,0.1,0.0,0.0,16.0,25903.0
2026-07-30T18:59:50.991Z,160.474,160.488,0.0,7.4,0.0,0.0,0.0,0.0,0.0,0.0,0.0,0.0,1.0,0.0,0.0,0.0,9.0,4.0,0.0,0.0,0.0,0.0,0.0,0.0,0.0,0.0,5.0,12.0,1.0,12.14,5.01,2.51,1.49,0.0,0.0,0.0,0.4,0.0,0.3,0.7000000000000001,-0.1,-169.70000000000002,0.0,0.0,169.8,0.0,21.8,30.1,30.1,30.700000000000003,300.0,300.0,30.9,35.0,29.8,29.1,30.9,4.96,1.99,4.96,0.16,0.0,0.0,1027.0,8228.0,0.0,0.0,0.0,0.0,0.0,1.0,0.0,0.0,0.0,0.0,0.0,0.6000000000000001,0.0,0.2,0.0,0.0,16.0,25903.0
2026-07-30T18:59:51.004Z,160.487,160.5,0.0,7.4,0.0,0.0,0.0,0.0,0.0,0.0,0.0,0.0,1.0,0.0,0.0,0.0,9.0,4.0,0.0,0.0,0.0,0.0,0.0,0.0,0.0,0.0,6.0,12.0,1.0,12.14,5.01,2.51,1.49,0.0,0.0,0.0,0.4,0.0,0.3,-0.4,0.3,-169.70000000000002,0.0,0.0,169.70000000000002,0.0,21.8,30.1,30.1,30.700000000000003,300.0,300.0,30.9,35.0,29.8,29.1,30.9,4.95,1.99,4.96,0.16,0.0,0.0,1027.0,8228.0,0.0,0.0,0.0,0.0,0.0,1.0,0.0,0.0,0.0,0.0,0.0,-0.3,0.0,-0.3,0.0,0.0,16.0,25903.0
2026-07-30T18:59:51.016Z,160.499,160.512,0.0,7.4,0.0,0.0,0.0,0.0,0.0,0.0,0.0,0.0,1.0,0.0,0.0,0.0,9.0,4.0,0.0,0.0,0.0,0.0,0.0,0.0,0.0,0.0,1.0,12.0,1.0,12.14,5.01,2.51,1.49,0.0,0.0,0.0,0.4,0.0,0.3,-0.4,-0.2,-169.70000000000002,0.0,0.0,169.8,0.0,21.8,30.1,30.1,30.700000000000003,300.0,300.0,30.9,35.0,29.8,29.1,30.9,4.95,1.99,4.96,0.16,0.0,0.0,1027.0,8228.0,0.0,0.0,0.0,0.0,0.0,1.0,0.0,0.0,0.0,0.0,0.0,-0.7000000000000001,0.0,0.1,0.0,0.0001,16.0,25903.0
2026-07-30T18:59:51.027Z,160.51,160.524,0.0,7.4,0.0,0.0,0.0,0.0,0.0,0.0,0.0,0.0,1.0,0.0,0.0,0.0,9.0,4.0,0.0,0.0,0.0,0.0,0.0,0.0,0.0,0.0,2.0,12.0,1.0,12.14,5.01,2.51,1.49,0.0,0.0,0.0,0.4,0.0,-0.2,1.9,-1.3,-169.70000000000002,0.0,0.0,169.8,0.0,21.8,30.1,30.1,30.700000000000003,300.0,300.0,30.9,35.0,29.8,29.1,30.9,4.96,2.0,4.96,0.16,0.0,0.0,1027.0,8228.0,0.0,0.0,0.0,0.0,0.0,1.0,0.0,0.0,0.0,0.0,0.0,1.1,0.0,1.5,0.0,0.0,16.0,25903.0
2026-07-30T18:59:51.039Z,160.522,160.536,0.0,7.4,0.0,0.0,0.0,0.0,0.0,0.0,0.0,0.0,1.0,0.0,0.0,0.0,9.0,4.0,0.0,0.0,0.0,0.0,0.0,0.0,0.0,0.0,3.0,12.0,1.0,12.14,5.01,2.51,1.49,0.0,0.0,0.0,0.4,0.0,0.3,-0.4,-0.1,-169.70000000000002,0.0,0.0,169.8,0.0,21.8,30.1,30.1,30.700000000000003,300.0,300.0,30.9,35.0,29.8,29.1,30.9,4.95,2.0,4.96,0.16,0.0,0.0,1027.0,8228.0,0.0,0.0,0.0,0.0,0.0,1.0,0.0,0.0,0.0,0.0,0.0,-0.6000000000000001,0.0,0.0,0.0,0.0001,16.0,25903.0
2026-07-30T18:59:51.053Z,160.536,160.548,0.0,7.4,0.0,0.0,0.0,0.0,0.0,0.0,0.0,0.0,1.0,0.0,0.0,0.0,9.0,4.0,0.0,0.0,0.0,0.0,0.0,0.0,0.0,0.0,4.0,12.0,1.0,12.17,5.0200000000000005,2.51,1.49,0.0,0.0,0.0,0.4,0.0,0.3,0.6000000000000001,0.4,-169.70000000000002,0.0,0.0,169.8,0.0,21.4,30.1,30.1,30.700000000000003,300.0,300.0,31.0,35.0,29.8,29.1,31.0,4.95,1.99,4.97,0.16,0.0,0.0,1027.0,8228.0,0.0,0.0,0.0,0.0,0.0,1.0,0.0,0.0,0.0,0.0,0.0,1.0,0.0,-0.2,0.0,0.0,16.0,25903.0
2026-07-30T18:59:51.064Z,160.547,160.56,0.0,7.4,0.0,0.0,0.0,0.0,0.0,0.0,0.0,0.0,1.0,0.0,0.0,0.0,9.0,4.0,0.0,0.0,0.0,0.0,0.0,0.0,0.0,0.0,6.0,12.0,1.0,12.17,5.0200000000000005,2.51,1.49,0.0,0.0,0.0,0.4,0.0,-0.2,0.1,-0.1,-169.70000000000002,0.0,0.0,169.70000000000002,0.0,21.4,30.1,30.1,30.700000000000003,300.0,300.0,31.0,35.0,29.8,29.1,31.0,4.95,1.99,4.96,0.16,0.0,0.0,1027.0,8228.0,0.0,0.0,0.0,0.0,0.0,1.0,0.0,0.0,0.0,0.0,0.0,0.0,0.0,0.1,0.0,0.0,16.0,25903.0
2026-07-30T18:59:51.075Z,160.558,160.572,0.0,7.4,0.0,0.0,0.0,0.0,0.0,0.0,0.0,0.0,1.0,0.0,0.0,0.0,9.0,4.0,0.0,0.0,0.0,0.0,0.0,0.0,0.0,0.0,1.0,12.0,1.0,12.17,5.0200000000000005,2.51,1.49,0.0,0.1,0.0,0.4,0.0,-0.2,0.1,1.0,-169.70000000000002,0.0,0.0,169.8,0.0,21.4,30.1,30.1,30.700000000000003,300.0,300.0,31.0,35.0,29.8,29.1,31.0,4.96,1.99,4.96,0.16,0.0,0.0,1027.0,8228.0,0.0,0.0,0.0,0.0,0.0,1.0,0.0,0.0,0.0,0.0,0.0,0.9,0.0,-0.9,0.0,0.0001,16.0,25903.0
2026-07-30T18:59:51.087Z,160.57,160.584,0.0,7.4,0.0,0.0,0.0,0.0,0.0,0.0,0.0,0.0,1.0,0.0,0.0,0.0,9.0,4.0,0.0,0.0,0.0,0.0,0.0,0.0,0.0,0.0,2.0,12.0,1.0,12.17,5.0200000000000005,2.51,1.49,0.0,0.0,0.0,0.4,0.0,0.3,0.1,-0.6000000000000001,-169.70000000000002,0.0,0.0,169.8,0.0,21.4,30.1,30.1,30.700000000000003,300.0,300.0,31.0,35.0,29.8,29.1,31.0,4.95,1.99,4.96,0.16,0.0,0.0,1027.0,8228.0,0.0,0.0,0.0,0.0,0.0,1.0,0.0,0.0,0.0,0.0,0.0,-0.3,0.0,0.6000000000000001,0.0,0.0,16.0,25903.0
2026-07-30T18:59:51.100Z,160.583,160.596,0.0,7.4,0.0,0.0,0.0,0.0,0.0,0.0,0.0,0.0,1.0,0.0,0.0,0.0,9.0,4.0,0.0,0.0,0.0,0.0,0.0,0.0,0.0,0.0,3.0,12.0,1.0,12.17,5.0200000000000005,2.51,1.49,0.0,0.0,0.0,0.4,0.0,-0.1,-1.0,0.0,-169.70000000000002,0.0,0.0,169.70000000000002,0.0,21.4,30.1,30.1,30.700000000000003,300.0,300.0,31.0,35.0,29.8,29.1,31.0,4.96,1.99,4.96,0.16,0.0,0.0,1027.0,8228.0,0.0,0.0,0.0,0.0,0.0,1.0,0.0,0.0,0.0,0.0,0.0,-1.2000000000000002,0.0,-0.1,0.0,0.0,16.0,25903.0
2026-07-30T18:59:51.112Z,160.595,160.608,0.0,7.4,0.0,0.0,0.0,0.0,0.0,0.0,0.0,0.0,1.0,0.0,0.0,0.0,9.0,4.0,0.0,0.0,0.0,0.0,0.0,0.0,0.0,0.0,4.0,12.0,1.0,12.17,5.0200000000000005,2.51,1.49,0.0,0.0,0.0,0.4,0.0,0.4,0.1,1.6,-169.70000000000002,0.0,0.0,169.70000000000002,0.0,21.4,30.1,30.1,30.700000000000003,300.0,300.0,31.0,35.0,29.8,29.1,31.0,4.96,1.99,4.96,0.16,0.0,0.0,1027.0,8228.0,0.0,0.0,0.0,0.0,0.0,1.0,0.0,0.0,0.0,0.0,0.0,1.4,0.0,-1.4,0.0,0.0,16.0,25903.0
2026-07-30T18:59:51.124Z,160.607,160.62,0.0,7.4,0.0,0.0,0.0,0.0,0.0,0.0,0.0,0.0,1.0,0.0,0.0,0.0,9.0,4.0,0.0,0.0,0.0,0.0,0.0,0.0,0.0,0.0,6.0,12.0,1.0,12.17,5.0200000000000005,2.51,1.49,0.0,0.0,0.0,0.4,0.0,-0.1,0.1,-0.6000000000000001,-169.70000000000002,0.0,0.0,169.8,0.0,21.4,30.1,30.1,30.700000000000003,300.0,300.0,31.0,35.0,29.8,29.1,31.0,4.95,1.99,4.96,0.16,0.0,0.0,1027.0,8228.0,0.0,0.0,0.0,0.0,0.0,1.0,0.0,0.0,0.0,0.0,0.0,-0.3,0.0,0.5,0.0,0.0001,16.0,25903.0
2026-07-30T18:59:51.136Z,160.619,160.632,0.0,7.4,0.0,0.0,0.0,0.0,0.0,0.0,0.0,0.0,1.0,0.0,0.0,0.0,9.0,4.0,0.0,0.0,0.0,0.0,0.0,0.0,0.0,0.0,6.0,12.0,1.0,12.17,5.0200000000000005,2.51,1.49,0.0,0.0,0.0,0.4,0.0,-0.7000000000000001,-0.4,0.5,-169.70000000000002,0.0,0.0,169.70000000000002,0.0,21.4,30.1,30.1,30.700000000000003,300.0,300.0,31.0,35.0,29.8,29.1,31.0,4.96,1.99,4.97,0.16,0.0,0.0,1027.0,8228.0,0.0,0.0,0.0,0.0,0.0,1.0,0.0,0.0,0.0,0.0,0.0,-0.1,0.0,-0.5,0.0,0.0001,16.0,25903.0
2026-07-30T18:59:51.148Z,160.631,160.644,0.0,7.4,0.0,0.0,0.0,0.0,0.0,0.0,0.0,0.0,1.0,0.0,0.0,0.0,9.0,4.0,0.0,0.0,0.0,0.0,0.0,0.0,0.0,0.0,1.0,12.0,1.0,12.17,5.0200000000000005,2.51,1.49,0.0,0.0,0.0,0.5,0.0,0.4,-1.0,-0.6000000000000001,-169.70000000000002,0.0,0.0,169.70000000000002,0.0,21.4,30.1,30.1,30.700000000000003,300.0,300.0,31.0,35.0,29.8,29.1,31.0,4.96,1.99,4.96,0.16,0.0,0.0,1027.0,8228.0,0.0,0.0,0.0,0.0,0.0,1.0,0.0,0.0,0.0,0.0,0.0,-1.6,0.0,0.3,0.0,0.0002,16.0,25903.0
2026-07-30T18:59:51.160Z,160.643,160.656,0.0,7.4,0.0,0.0,0.0,0.0,0.0,0.0,0.0,0.0,1.0,0.0,0.0,0.0,9.0,4.0,0.0,0.0,0.0,0.0,0.0,0.0,0.0,0.0,3.0,12.0,1.0,12.18,5.0200000000000005,2.51,1.49,0.0,0.0,0.0,0.4,0.0,1.0,1.3,1.7000000000000002,-169.70000000000002,0.0,0.0,169.70000000000002,0.0,21.700000000000003,30.1,30.1,30.700000000000003,300.0,300.0,31.1,35.0,29.8,29.1,31.0,4.96,1.99,4.97,0.16,0.0,0.0,1027.0,8228.0,0.0,0.0,0.0,0.0,0.0,1.0,0.0,0.0,0.0,0.0,0.0,2.7,0.0,-1.2000000000000002,0.0,0.0001,16.0,25903.0
2026-07-30T18:59:51.171Z,160.654,160.668,0.0,7.4,0.0,0.0,0.0,0.0,0.0,0.0,0.0,0.0,1.0,0.0,0.0,0.0,9.0,4.0,0.0,0.0,0.0,0.0,0.0,0.0,0.0,0.0,4.0,12.0,1.0,12.18,5.0200000000000005,2.51,1.49,0.0,0.0,0.0,0.4,0.0,-0.1,0.1,1.1,-169.70000000000002,0.0,0.0,169.60000000000002,0.0,21.700000000000003,30.1,30.1,30.700000000000003,300.0,300.0,31.1,35.0,29.8,29.1,31.0,4.95,2.0,4.97,0.16,0.0,0.0,1027.0,8228.0,0.0,0.0,0.0,0.0,0.0,1.0,0.0,0.0,0.0,0.0,0.0,1.0,0.0,-0.9,0.0,0.0,16.0,25903.0
2026-07-30T18:59:51.184Z,160.667,160.68,0.0,7.4,0.0,0.0,0.0,0.0,0.0,0.0,0.0,0.0,1.0,0.0,0.0,0.0,9.0,4.0,0.0,0.0,0.0,0.0,0.0,0.0,0.0,0.0,5.0,12.0,1.0,12.18,5.0200000000000005,2.51,1.49,0.0,0.0,0.0,0.4,0.0,-0.1,-0.9,-1.7000000000000002,-169.70000000000002,0.0,0.0,169.8,0.0,21.700000000000003,30.1,30.1,30.700000000000003,300.0,300.0,31.1,35.0,29.8,29.1,31.0,4.96,2.0,4.96,0.16,0.0,0.0,1027.0,8228.0,0.0,0.0,0.0,0.0,0.0,1.0,0.0,0.0,0.0,0.0,0.0,-2.4000000000000004,0.0,1.3,0.0,0.0001,16.0,25903.0
2026-07-30T18:59:51.196Z,160.679,160.692,0.0,7.4,0.0,0.0,0.0,0.0,0.0,0.0,0.0,0.0,1.0,0.0,0.0,0.0,9.0,4.0,0.0,0.0,0.0,0.0,0.0,0.0,0.0,0.0,3.0,12.0,1.0,12.18,5.0200000000000005,2.51,1.49,0.0,0.1,0.0,0.4,0.0,-0.8,-0.3,0.0,-169.70000000000002,0.0,0.0,169.8,0.0,21.700000000000003,30.1,30.1,30.700000000000003,300.0,300.0,31.1,35.0,29.8,29.1,31.0,4.95,1.99,4.96,0.16,0.0,0.0,1027.0,8228.0,0.0,0.0,0.0,0.0,0.0,1.0,0.0,0.0,0.0,0.0,0.0,-0.5,0.0,0.0,0.0,0.0001,16.0,25903.0
2026-07-30T18:59:51.208Z,160.691,160.704,0.0,7.4,0.0,0.0,0.0,0.0,0.0,0.0,0.0,0.0,1.0,0.0,0.0,0.0,9.0,4.0,0.0,0.0,0.0,0.0,0.0,0.0,0.0,0.0,3.0,12.0,1.0,12.18,5.0200000000000005,2.51,1.49,0.0,0.0,0.0,0.4,0.0,0.9,-0.3,-0.6000000000000001,-169.70000000000002,0.0,0.0,169.8,0.0,21.700000000000003,30.1,30.1,30.700000000000003,300.0,300.0,31.1,35.0,29.8,29.1,31.0,4.95,1.99,4.96,0.16,0.0,0.0,1027.0,8228.0,0.0,0.0,0.0,0.0,0.0,1.0,0.0,0.0,0.0,0.0,0.0,-0.9,0.0,0.5,0.0,0.0,16.0,25903.0
2026-07-30T18:59:51.219Z,160.702,160.716,0.0,7.4,0.0,0.0,0.0,0.0,0.0,0.0,0.0,0.0,1.0,0.0,0.0,0.0,9.0,4.0,0.0,0.0,0.0,0.0,0.0,0.0,0.0,0.0,4.0,12.0,1.0,12.18,5.0200000000000005,2.51,1.49,0.0,0.1,0.0,0.5,0.0,-1.4,-0.9,-0.6000000000000001,-169.70000000000002,0.0,0.0,169.70000000000002,0.0,21.700000000000003,30.1,30.1,30.700000000000003,300.0,300.0,31.1,35.0,29.8,29.1,31.0,4.95,2.0,4.96,0.16,0.0,0.0,1027.0,8228.0,0.0,0.0,0.0,0.0,0.0,1.0,0.0,0.0,0.0,0.0,0.0,-1.5,0.0,0.3,0.0,0.0001,16.0,25903.0
2026-07-30T18:59:51.232Z,160.715,160.728,0.0,7.4,0.0,0.0,0.0,0.0,0.0,0.0,0.0,0.0,1.0,0.0,0.0,0.0,9.0,4.0,0.0,0.0,0.0,0.0,0.0,0.0,0.0,0.0,5.0,12.0,1.0,12.18,5.0200000000000005,2.51,1.49,0.0,0.0,0.0,0.5,0.0,0.3,0.2,0.0,-169.70000000000002,0.0,0.0,169.8,0.0,21.700000000000003,30.1,30.1,30.700000000000003,300.0,300.0,31.1,35.0,29.8,29.1,31.0,4.95,2.0,4.96,0.16,0.0,0.0,1027.0,8228.0,0.0,0.0,0.0,0.0,0.0,1.0,0.0,0.0,0.0,0.0,0.0,0.2,0.0,0.1,0.0,0.0001,16.0,25903.0
2026-07-30T18:59:51.244Z,160.727,160.74,0.0,7.4,0.0,0.0,0.0,0.0,0.0,0.0,0.0,0.0,1.0,0.0,0.0,0.0,9.0,4.0,0.0,0.0,0.0,0.0,0.0,0.0,0.0,0.0,6.0,12.0,1.0,12.18,5.0200000000000005,2.51,1.49,0.0,0.0,0.0,0.4,0.0,-0.2,-0.9,-1.8,-169.70000000000002,0.0,0.0,169.70000000000002,0.0,21.700000000000003,30.1,30.1,30.700000000000003,300.0,300.0,31.1,35.0,29.8,29.1,31.0,4.95,1.99,4.97,0.16,0.0,0.0,1027.0,8228.0,0.0,0.0,0.0,0.0,0.0,1.0,0.0,0.0,0.0,0.0,0.0,0.8,0.0,0.2,0.0,0.0001,16.0,25903.0
2026-07-30T18:59:51.257Z,160.74,160.752,0.0,7.4,0.0,0.0,0.0,0.0,0.0,0.0,0.0,0.0,1.0,0.0,0.0,0.0,9.0,4.0,0.0,0.0,0.0,0.0,0.0,0.0,0.0,0.0,1.0,12.0,1.0,12.18,5.0200000000000005,2.5,1.49,0.0,0.0,0.0,0.4,0.0,0.8,0.1,0.4,-169.70000000000002,0.0,0.0,169.70000000000002,0.0,21.3,30.1,30.1,30.700000000000003,300.0,300.0,31.0,35.0,29.8,29.1,31.0,4.95,1.99,4.96,0.16,0.0,0.0,1027.0,8228.0,0.0,0.0,0.0,0.0,0.0,1.0,0.0,0.0,0.0,0.0,0.0,2.7,0.0,-1.1,0.0,0.0001,16.0,25903.0
2026-07-30T18:59:51.268Z,160.751,160.764,0.0,7.4,0.0,0.0,0.0,0.0,0.0,0.0,0.0,0.0,1.0,0.0,0.0,0.0,9.0,4.0,0.0,0.0,0.0,0.0,0.0,0.0,0.0,0.0,2.0,12.0,1.0,12.18,5.0200000000000005,2.5,1.49,0.0,0.0,0.0,0.4,0.0,-0.8,0.7000000000000001,-1.2000000000000002,-169.70000000000002,0.0,0.0,169.8,0.0,21.3,30.1,30.1,30.700000000000003,300.0,300.0,31.0,35.0,29.8,29.1,31.0,4.96,2.0,4.96,0.16,0.0,0.0,1027.0,8228.0,0.0,0.0,0.0,0.0,0.0,1.0,0.0,0.0,0.0,0.0,0.0,-0.6000000000000001,0.0,0.0,0.0,0.0001,16.0,25903.0
2026-07-30T18:59:51.280Z,160.763,160.776,0.0,7.4,0.0,0.0,0.0,0.0,0.0,0.0,0.0,0.0,1.0,0.0,0.0,0.0,9.0,4.0,0.0,0.0,0.0,0.0,0.0,0.0,0.0,0.0,3.0,12.0,1.0,12.18,5.0200000000000005,2.5,1.49,0.0,0.0,0.0,0.4,0.0,-0.8,-1.0,-1.8,-169.70000000000002,0.0,0.0,169.8,0.0,21.3,30.1,30.1,30.700000000000003,300.0,300.0,31.0,35.0,29.8,29.1,31.0,4.95,2.0,4.96,0.16,0.0,0.0,1027.0,8228.0,0.0,0.0,0.0,0.0,0.0,1.0,0.0,0.0,0.0,0.0,0.0,-0.6000000000000001,0.0,0.0,0.0,0.0002,16.0,25903.0
2026-07-30T18:59:51.292Z,160.775,160.788,0.0,7.4,0.0,0.0,0.0,0.0,0.0,0.0,0.0,0.0,1.0,0.0,0.0,0.0,9.0,4.0,0.0,0.0,0.0,0.0,0.0,0.0,0.0,0.0,5.0,12.0,1.0,12.18,5.0200000000000005,2.5,1.49,0.0,0.0,0.0,0.4,0.0,-0.8,-0.5,-1.8,-169.70000000000002,0.0,0.0,169.8,0.0,21.3,30.1,30.1,30.700000000000003,300.0,300.0,31.0,35.0,29.8,29.1,31.0,4.95,1.99,4.97,0.16,0.0,0.0,1027.0,8228.0,0.0,0.0,0.0,0.0,0.0,1.0,0.0,0.0,0.0,0.0,0.0,-2.0,0.0,1.5,0.0,0.0001,16.0,25903.0
2026-07-30T18:59:51.304Z,160.787,160.8,0.0,7.4,0.0,0.0,0.0,0.0,0.0,0.0,0.0,0.0,1.0,0.0,0.0,0.0,9.0,4.0,0.0,0.0,0.0,0.0,0.0,0.0,0.0,0.0,5.0,12.0,1.0,12.18,5.0200000000000005,2.5,1.49,0.0,0.0,0.0,0.4,0.0,-0.2,0.0,0.4,-169.70000000000002,0.0,0.0,169.8,0.0,21.3,30.1,30.1,30.700000000000003,300.0,300.0,31.0,35.0,29.8,29.1,31.0,4.95,2.0,4.96,0.16,0.0,0.0,1027.0,8228.0,0.0,0.0,0.0,0.0,0.0,1.0,0.0,0.0,0.0,0.0,0.0,0.4,0.0,-0.4,0.0,0.0,16.0,25903.0
2026-07-30T18:59:51.316Z,160.799,160.812,0.0,7.4,0.0,0.0,0.0,0.0,0.0,0.0,0.0,0.0,1.0,0.0,0.0,0.0,9.0,4.0,0.0,0.0,0.0,0.0,0.0,0.0,0.0,0.0,1.0,12.0,1.0,12.18,5.0200000000000005,2.5,1.49,-0.1,0.1,0.0,0.4,0.0,-0.2,1.2000000000000002,-0.6000000000000001,-169.70000000000002,0.0,0.0,169.8,0.0,21.3,30.1,30.1,30.700000000000003,300.0,300.0,31.0,35.0,29.8,29.1,31.0,4.96,1.99,4.96,0.16,0.0,0.0,1027.0,8228.0,0.0,0.0,0.0,0.0,0.0,1.0,0.0,0.0,0.0,0.0,0.0,0.8,0.0,0.8,0.0,0.0,16.0,25903.0
2026-07-30T18:59:51.328Z,160.811,160.824,0.0,7.4,0.0,0.0,0.0,0.0,0.0,0.0,0.0,0.0,1.0,0.0,0.0,0.0,9.0,4.0,0.0,0.0,0.0,0.0,0.0,0.0,0.0,0.0,2.0,12.0,1.0,12.18,5.0200000000000005,2.5,1.49,0.0,0.0,0.0,0.4,0.0,0.9,-0.5,-0.5,-169.70000000000002,0.0,0.0,169.8,0.0,21.3,30.1,30.1,30.700000000000003,300.0,300.0,31.0,35.0,29.8,29.1,31.0,4.95,1.99,4.96,0.16,0.0,0.0,1027.0,8228.0,0.0,0.0,0.0,0.0,0.0,1.0,0.0,0.0,0.0,0.0,0.0,-1.0,0.0,0.4,0.0,0.0,16.0,25903.0
2026-07-30T18:59:51.339Z,160.822,160.836,0.0,7.4,0.0,0.0,0.0,0.0,0.0,0.0,0.0,0.0,1.0,0.0,0.0,0.0,9.0,4.0,0.0,0.0,0.0,0.0,0.0,0.0,0.0,0.0,3.0,12.0,1.0,12.18,5.0200000000000005,2.5,1.49,0.0,0.1,0.0,0.4,0.0,0.3,-0.5,0.5,-169.70000000000002,0.0,0.0,169.8,0.0,21.3,30.1,30.1,30.700000000000003,300.0,300.0,31.0,35.0,29.8,29.1,31.0,4.96,1.99,4.96,0.16,0.0,0.0,1027.0,8228.0,0.0,0.0,0.0,0.0,0.0,1.0,0.0,0.0,0.0,0.0,0.0,-0.1,0.0,-0.6000000000000001,0.0,0.0001,16.0,25903.0
2026-07-30T18:59:51.352Z,160.835,160.848,0.0,7.4,0.0,0.0,0.0,0.0,0.0,0.0,0.0,0.0,1.0,0.0,0.0,0.0,9.0,4.0,0.0,0.0,0.0,0.0,0.0,0.0,0.0,0.0,4.0,12.0,1.0,12.18,5.0200000000000005,2.5,1.49,-0.1,0.1,0.0,0.5,0.0,0.2,0.6000000000000001,0.6000000000000001,-169.70000000000002,0.0,0.0,169.8,0.0,21.3,30.1,30.1,30.700000000000003,300.0,300.0,31.0,35.0,29.8,29.1,31.0,4.96,2.0,4.96,0.16,0.0,0.0,1027.0,8228.0,0.0,0.0,0.0,0.0,0.0,1.0,0.0,0.0,0.0,0.0,0.0,1.1,0.0,-0.4,0.0,0.0001,16.0,25903.0
2026-07-30T18:59:51.364Z,160.847,160.86,0.0,7.4,0.0,0.0,0.0,0.0,0.0,0.0,0.0,0.0,1.0,0.0,0.0,0.0,9.0,4.0,0.0,0.0,0.0,0.0,0.0,0.0,0.0,0.0,5.0,12.0,1.0,12.11,5.01,2.51,1.49,0.0,0.1,0.0,0.4,0.0,0.9,0.0,0.0,-169.70000000000002,0.0,0.0,169.8,0.0,21.8,30.1,30.1,30.700000000000003,300.0,300.0,31.1,35.0,29.8,29.1,31.0,4.96,1.99,4.96,0.16,0.0,0.0,1027.0,8228.0,0.0,0.0,0.0,0.0,0.0,1.0,0.0,0.0,0.0,0.0,0.0,0.1,0.0,0.0,0.0,0.0001,16.0,25903.0
2026-07-30T18:59:51.376Z,160.859,160.872,0.0,7.4,0.0,0.0,0.0,0.0,0.0,0.0,0.0,0.0,1.0,0.0,0.0,0.0,9.0,4.0,0.0,0.0,0.0,0.0,0.0,0.0,0.0,0.0,6.0,12.0,1.0,12.11,5.01,2.51,1.49,0.0,0.0,0.0,0.4,0.0,0.3,-0.4,0.0,-169.70000000000002,0.0,0.0,169.8,0.0,21.8,30.1,30.1,30.700000000000003,300.0,300.0,31.1,35.0,29.8,29.1,31.0,4.95,1.99,4.97,0.16,0.0,0.0,1027.0,8228.0,0.0,0.0,0.0,0.0,0.0,1.0,0.0,0.0,0.0,0.0,0.0,-0.4,0.0,-0.1,0.0,0.0,16.0,25903.0
2026-07-30T18:59:51.388Z,160.871,160.884,0.0,7.4,0.0,0.0,0.0,0.0,0.0,0.0,0.0,0.0,1.0,0.0,0.0,0.0,9.0,4.0,0.0,0.0,0.0,0.0,0.0,0.0,0.0,0.0,1.0,12.0,1.0,12.11,5.01,2.51,1.49,0.0,0.0,0.0,0.4,0.0,0.9,0.1,0.1,-169.70000000000002,0.0,0.0,169.70000000000002,0.0,21.8,30.1,30.1,30.700000000000003,300.0,300.0,31.1,35.0,29.8,29.1,31.0,4.96,1.99,4.96,0.16,0.0,0.0,1027.0,8228.0,0.0,0.0,0.0,0.0,0.0,1.0,0.0,0.0,0.0,0.0,0.0,0.2,0.0,0.0,0.0,0.0001,16.0,25903.0
2026-07-30T18:59:51.400Z,160.883,160.89600000000002,0.0,7.4,0.0,0.0,0.0,0.0,0.0,0.0,0.0,0.0,1.0,0.0,0.0,0.0,9.0,4.0,0.0,0.0,0.0,0.0,0.0,0.0,0.0,0.0,1.0,12.0,1.0,12.11,5.01,2.51,1.49,0.0,0.0,0.0,0.4,0.0,0.9,0.7000000000000001,0.1,-169.70000000000002,0.0,0.0,169.70000000000002,0.0,21.8,30.1,30.1,30.700000000000003,300.0,300.0,31.1,35.0,29.8,29.1,31.0,4.96,1.99,4.97,0.16,0.0,0.0,1027.0,8228.0,0.0,0.0,0.0,0.0,0.0,1.0,0.0,0.0,0.0,0.0,0.0,0.9,0.0,0.0,0.0,0.0001,16.0,25903.0
2026-07-30T18:59:51.412Z,160.895,160.90800000000002,0.0,7.4,0.0,0.0,0.0,0.0,0.0,0.0,0.0,0.0,1.0,0.0,0.0,0.0,9.0,4.0,0.0,0.0,0.0,0.0,0.0,0.0,0.0,0.0,2.0,12.0,1.0,12.11,5.01,2.51,1.49,0.0,0.0,0.0,0.4,0.0,0.3,0.1,-1.6,-169.70000000000002,0.0,0.0,169.70000000000002,0.0,21.8,30.1,30.1,30.700000000000003,300.0,300.0,31.1,35.0,29.8,29.1,31.0,4.95,1.98,4.97,0.16,0.0,0.0,1027.0,8228.0,0.0,0.0,0.0,0.0,0.0,1.0,0.0,0.0,0.0,0.0,0.0,-1.0,0.0,1.5,0.0,0.0001,16.0,25903.0
2026-07-30T18:59:51.424Z,160.907,160.92000000000002,0.0,7.4,0.0,0.0,0.0,0.0,0.0,0.0,0.0,0.0,1.0,0.0,0.0,0.0,9.0,4.0,0.0,0.0,0.0,0.0,0.0,0.0,0.0,0.0,3.0,12.0,1.0,12.11,5.01,2.51,1.49,0.0,0.1,0.0,0.4,0.0,0.3,1.3,0.1,-169.70000000000002,0.0,0.0,169.8,0.0,21.8,30.1,30.1,30.700000000000003,300.0,300.0,31.1,35.0,29.8,29.1,31.0,4.96,1.98,4.96,0.16,0.0,0.0,1027.0,8228.0,0.0,0.0,0.0,0.0,0.0,1.0,0.0,0.0,0.0,0.0,0.0,1.6,0.0,0.1,0.0,0.0001,16.0,25903.0
2026-07-30T18:59:51.436Z,160.919,160.93200000000002,0.0,7.4,0.0,0.0,0.0,0.0,0.0,0.0,0.0,0.0,1.0,0.0,0.0,0.0,9.0,4.0,0.0,0.0,0.0,0.0,0.0,0.0,0.0,0.0,5.0,12.0,1.0,12.11,5.01,2.51,1.49,0.0,0.1,0.0,0.4,0.0,-0.7000000000000001,-0.9,-0.4,-169.70000000000002,0.0,0.0,169.8,0.0,21.8,30.1,30.1,30.700000000000003,300.0,300.0,31.1,35.0,29.8,29.1,31.0,4.96,2.0,4.96,0.16,0.0,0.0,1027.0,8228.0,0.0,0.0,0.0,0.0,0.0,1.0,0.0,0.0,0.0,0.0,0.0,-1.4,0.0,0.2,0.0,0.0002,16.0,25903.0
2026-07-30T18:59:51.447Z,160.93,160.94400000000002,0.0,7.4,0.0,0.0,0.0,0.0,0.0,0.0,0.0,0.0,1.0,0.0,0.0,0.0,9.0,4.0,0.0,0.0,0.0,0.0,0.0,0.0,0.0,0.0,6.0,12.0,1.0,12.11,5.01,2.51,1.49,0.0,0.0,0.0,0.4,0.0,0.3,0.7000000000000001,0.0,-169.70000000000002,0.0,0.0,169.60000000000002,0.0,21.8,30.1,30.1,30.700000000000003,300.0,300.0,31.1,35.0,29.8,29.1,31.0,4.96,1.99,4.97,0.16,0.0,0.0,1027.0,8228.0,0.0,0.0,0.0,0.0,0.0,1.0,0.0,0.0,0.0,0.0,0.0,0.9,0.0,0.1,0.0,0.0,16.0,25903.0
2026-07-30T18:59:51.461Z,160.944,160.95600000000002,0.0,7.4,0.0,0.0,0.0,0.0,0.0,0.0,0.0,0.0,1.0,0.0,0.0,0.0,9.0,4.0,0.0,0.0,0.0,0.0,0.0,0.0,0.0,0.0,1.0,12.0,1.0,12.15,5.0200000000000005,2.5,1.49,0.0,0.0,0.0,0.4,0.0,0.3,0.1,-0.5,-169.70000000000002,0.0,0.0,169.70000000000002,0.0,21.700000000000003,30.1,30.1,30.700000000000003,300.0,300.0,31.1,35.0,29.8,29.1,31.0,4.95,1.99,4.97,0.16,0.0,0.0,1027.0,8228.0,0.0,0.0,0.0,0.0,0.0,1.0,0.0,0.0,0.0,0.0,0.0,-0.1,0.0,0.5,0.0,0.0002,16.0,25903.0
2026-07-30T18:59:51.471Z,160.954,160.968,0.0,7.4,0.0,0.0,0.0,0.0,0.0,0.0,0.0,0.0,1.0,0.0,0.0,0.0,9.0,4.0,0.0,0.0,0.0,0.0,0.0,0.0,0.0,0.0,3.0,12.0,1.0,12.15,5.0200000000000005,2.5,1.49,0.0,0.0,0.0,0.4,0.0,-0.2,-0.9,0.0,-169.70000000000002,0.0,0.0,169.70000000000002,0.0,21.700000000000003,30.1,30.1,30.700000000000003,300.0,300.0,31.1,35.0,29.8,29.1,31.0,4.96,1.99,4.96,0.16,0.0,0.0,1027.0,8228.0,0.0,0.0,0.0,0.0,0.0,1.0,0.0,0.0,0.0,0.0,0.0,-1.0,0.0,-0.2,0.0,0.0001,16.0,25903.0
2026-07-30T18:59:51.484Z,160.967,160.98,0.0,7.4,0.0,0.0,0.0,0.0,0.0,0.0,0.0,0.0,1.0,0.0,0.0,0.0,9.0,4.0,0.0,0.0,0.0,0.0,0.0,0.0,0.0,0.0,4.0,12.0,1.0,12.15,5.0200000000000005,2.5,1.49,0.0,0.0,0.0,0.4,0.0,-0.2,-0.4,0.6000000000000001,-169.70000000000002,0.0,0.0,169.70000000000002,0.0,21.700000000000003,30.1,30.1,30.700000000000003,300.0,300.0,31.1,35.0,29.8,29.1,31.0,4.95,1.99,4.96,0.16,0.0,0.0,1027.0,8228.0,0.0,0.0,0.0,0.0,0.0,1.0,0.0,0.0,0.0,0.0,0.0,0.0,0.0,-0.6000000000000001,0.0,0.0,16.0,25903.0
2026-07-30T18:59:51.505Z,160.988,160.992,0.0,7.4,0.0,0.0,0.0,0.0,0.0,0.0,0.0,0.0,1.0,0.0,0.0,0.0,9.0,4.0,0.0,0.0,0.0,0.0,0.0,0.0,0.0,0.0,5.0,12.0,1.0,12.15,5.0200000000000005,2.5,1.49,0.0,0.0,0.0,0.4,0.0,-0.2,0.7000000000000001,0.0,-169.70000000000002,0.0,0.0,169.70000000000002,0.0,21.700000000000003,30.1,30.1,30.700000000000003,300.0,300.0,31.1,35.0,29.8,29.1,31.0,4.95,1.99,4.97,0.16,0.0,0.0,1027.0,8228.0,0.0,0.0,0.0,0.0,0.0,1.0,0.0,0.0,0.0,0.0,0.0,0.8,0.0,0.1,0.0,0.0,16.0,25903.0
2026-07-30T18:59:51.509Z,160.992,161.004,0.0,7.4,0.0,0.0,0.0,0.0,0.0,0.0,0.0,0.0,1.0,0.0,0.0,0.0,9.0,4.0,0.0,0.0,0.0,0.0,0.0,0.0,0.0,0.0,3.0,12.0,1.0,12.15,5.0200000000000005,2.5,1.49,0.0,0.0,0.0,0.4,0.0,-0.2,0.1,0.6000000000000001,-169.70000000000002,0.0,0.0,169.8,0.0,21.700000000000003,30.1,30.1,30.700000000000003,300.0,300.0,31.1,35.0,29.8,29.1,31.0,4.96,2.0,4.97,0.16,0.0,0.0,1027.0,8228.0,0.0,0.0,0.0,0.0,0.0,1.0,0.0,0.0,0.0,0.0,0.0,0.6000000000000001,0.0,-0.4,0.0,0.0,16.0,25903.0
2026-07-30T18:59:51.520Z,161.003,161.016,0.0,7.4,0.0,0.0,0.0,0.0,0.0,0.0,0.0,0.0,1.0,0.0,0.0,0.0,9.0,4.0,0.0,0.0,0.0,0.0,0.0,0.0,0.0,0.0,3.0,12.0,1.0,12.15,5.0200000000000005,2.5,1.49,0.0,0.0,0.0,0.5,0.0,-0.3,-1.0,-1.2000000000000002,-169.70000000000002,0.0,0.0,169.70000000000002,0.0,21.700000000000003,30.1,30.1,30.700000000000003,300.0,300.0,31.1,35.0,29.8,29.1,31.0,4.95,2.0,4.96,0.16,0.0,0.0,1027.0,8228.0,0.0,0.0,0.0,0.0,0.0,1.0,0.0,0.0,0.0,0.0,0.0,-2.0,0.0,0.8,0.0,0.0002,16.0,25903.0
2026-07-30T18:59:51.532Z,161.015,161.028,0.0,7.4,0.0,0.0,0.0,0.0,0.0,0.0,0.0,0.0,1.0,0.0,0.0,0.0,9.0,4.0,0.0,0.0,0.0,0.0,0.0,0.0,0.0,0.0,4.0,12.0,1.0,12.15,5.0200000000000005,2.5,1.49,0.0,0.0,0.0,0.4,0.0,0.2,0.1,0.0,-169.70000000000002,0.0,0.0,169.70000000000002,0.0,21.700000000000003,30.1,30.1,30.700000000000003,300.0,300.0,31.1,35.0,29.8,29.1,31.0,4.96,1.99,4.97,0.16,0.0,0.0,1027.0,8228.0,0.0,0.0,0.0,0.0,0.0,1.0,0.0,0.0,0.0,0.0,0.0,0.1,0.0,0.0,0.0,0.0001,16.0,25903.0
2026-07-30T18:59:51.544Z,161.027,161.04,0.0,7.4,0.0,0.0,0.0,0.0,0.0,0.0,0.0,0.0,1.0,0.0,0.0,0.0,9.0,4.0,0.0,0.0,0.0,0.0,0.0,0.0,0.0,0.0,6.0,12.0,1.0,12.15,5.0200000000000005,2.5,1.49,0.0,0.0,0.0,0.5,0.0,0.8,1.3,0.5,-169.70000000000002,0.0,0.0,169.8,0.0,21.700000000000003,30.1,30.1,30.700000000000003,300.0,300.0,31.1,35.0,29.8,29.1,31.0,4.96,1.99,4.97,0.16,0.0,0.0,1027.0,8228.0,0.0,0.0,0.0,0.0,0.0,1.0,0.0,0.0,0.0,0.0,0.0,1.8,0.0,-0.2,0.0,0.0,16.0,25903.0
2026-07-30T18:59:51.555Z,161.038,161.052,0.0,7.4,0.0,0.0,0.0,0.0,0.0,0.0,0.0,0.0,1.0,0.0,0.0,0.0,9.0,4.0,0.0,0.0,0.0,0.0,0.0,0.0,0.0,0.0,1.0,12.0,1.0,12.15,5.0200000000000005,2.5,1.49,0.0,0.1,0.0,0.4,0.0,-0.3,0.1,-0.6000000000000001,-169.70000000000002,0.0,0.0,169.8,0.0,21.700000000000003,30.1,30.1,30.700000000000003,300.0,300.0,31.1,35.0,29.8,29.1,31.0,4.96,1.99,4.97,0.16,0.0,0.0,1027.0,8228.0,0.0,0.0,0.0,0.0,0.0,1.0,0.0,0.0,0.0,0.0,0.0,-0.2,0.0,0.5,0.0,0.0001,16.0,25903.0
2026-07-30T18:59:51.568Z,161.051,161.064,0.0,7.4,0.0,0.0,0.0,0.0,0.0,0.0,0.0,0.0,1.0,0.0,0.0,0.0,9.0,4.0,0.0,0.0,0.0,0.0,0.0,0.0,0.0,0.0,2.0,12.0,1.0,12.14,5.01,2.5,1.49,0.0,0.0,0.0,0.4,0.0,0.8,-0.4,0.0,-169.70000000000002,0.0,0.0,169.60000000000002,0.0,21.4,30.1,30.1,30.700000000000003,300.0,300.0,31.1,35.0,29.8,29.1,30.9,4.95,1.99,4.97,0.16,0.0,0.0,1027.0,8228.0,0.0,0.0,0.0,0.0,0.0,1.0,0.0,0.0,0.0,0.0,0.0,-0.5,0.0,0.0,0.0,0.0,16.0,25903.0
2026-07-30T18:59:51.579Z,161.062,161.076,0.0,7.4,0.0,0.0,0.0,0.0,0.0,0.0,0.0,0.0,1.0,0.0,0.0,0.0,9.0,4.0,0.0,0.0,0.0,0.0,0.0,0.0,0.0,0.0,4.0,12.0,1.0,12.14,5.01,2.5,1.49,0.0,0.0,0.0,0.4,0.0,-0.2,-0.4,0.0,-169.70000000000002,0.0,0.0,169.70000000000002,0.0,21.4,30.1,30.1,30.700000000000003,300.0,300.0,31.1,35.0,29.8,29.1,30.9,4.96,1.99,4.96,0.16,0.0,0.0,1027.0,8228.0,0.0,0.0,0.0,0.0,0.0,1.0,0.0,0.0,0.0,0.0,0.0,-0.5,0.0,0.0,0.0,0.0002,16.0,25903.0
2026-07-30T18:59:51.592Z,161.075,161.088,0.0,7.4,0.0,0.0,0.0,0.0,0.0,0.0,0.0,0.0,1.0,0.0,0.0,0.0,9.0,4.0,0.0,0.0,0.0,0.0,0.0,0.0,0.0,0.0,5.0,12.0,1.0,12.14,5.01,2.5,1.49,0.0,0.0,0.0,0.4,0.0,-0.9,0.1,0.5,-169.70000000000002,0.0,0.0,169.60000000000002,0.0,21.4,30.1,30.1,30.700000000000003,300.0,300.0,31.1,35.0,29.8,29.1,30.9,4.96,2.0,4.96,0.16,0.0,0.0,1027.0,8228.0,0.0,0.0,0.0,0.0,0.0,1.0,0.0,0.0,0.0,0.0,0.0,0.5,0.0,-0.4,0.0,0.0,16.0,25903.0
2026-07-30T18:59:51.604Z,161.087,161.1,0.0,7.4,0.0,0.0,0.0,0.0,0.0,0.0,0.0,0.0,1.0,0.0,0.0,0.0,9.0,4.0,0.0,0.0,0.0,0.0,0.0,0.0,0.0,0.0,6.0,12.0,1.0,12.14,5.01,2.5,1.49,0.0,0.0,0.0,0.4,0.0,-0.3,1.3,0.0,-169.70000000000002,0.0,0.0,169.70000000000002,0.0,21.4,30.1,30.1,30.700000000000003,300.0,300.0,31.1,35.0,29.8,29.1,30.9,4.96,1.99,4.96,0.16,0.0,0.0,1027.0,8228.0,0.0,0.0,0.0,0.0,0.0,1.0,0.0,0.0,0.0,0.0,0.0,1.4,0.0,0.3,0.0,0.0001,16.0,25903.0
2026-07-30T18:59:51.616Z,161.099,161.112,0.0,7.4,0.0,0.0,0.0,0.0,0.0,0.0,0.0,0.0,1.0,0.0,0.0,0.0,9.0,4.0,0.0,0.0,0.0,0.0,0.0,0.0,0.0,0.0,2.0,12.0,1.0,12.14,5.01,2.5,1.49,0.0,0.0,0.0,0.4,0.0,0.8,-0.3,1.6,-169.70000000000002,0.0,0.0,169.70000000000002,0.0,21.4,30.1,30.1,30.700000000000003,300.0,300.0,31.1,35.0,29.8,29.1,30.9,4.96,1.99,4.97,0.16,0.0,0.0,1027.0,8228.0,0.0,0.0,0.0,0.0,0.0,1.0,0.0,0.0,0.0,0.0,0.0,0.8,0.0,-1.5,0.0,0.0,16.0,25903.0
2026-07-30T18:59:51.627Z,161.11,161.124,0.0,7.4,0.0,0.0,0.0,0.0,0.0,0.0,0.0,0.0,1.0,0.0,0.0,0.0,9.0,4.0,0.0,0.0,0.0,0.0,0.0,0.0,0.0,0.0,3.0,12.0,1.0,12.14,5.01,2.5,1.49,0.0,0.0,0.0,0.4,0.0,-0.8,-0.9,0.5,-169.70000000000002,0.0,0.0,169.60000000000002,0.0,21.4,30.1,30.1,30.700000000000003,300.0,300.0,31.1,35.0,29.8,29.1,30.9,4.96,1.99,4.96,0.16,0.0,0.0,1027.0,8228.0,0.0,0.0,0.0,0.0,0.0,1.0,0.0,0.0,0.0,0.0,0.0,-0.6000000000000001,0.0,-0.6000000000000001,0.0,0.0,16.0,25903.0
2026-07-30T18:59:51.639Z,161.122,161.136,0.0,7.4,0.0,0.0,0.0,0.0,0.0,0.0,0.0,0.0,1.0,0.0,0.0,0.0,9.0,4.0,0.0,0.0,0.0,0.0,0.0,0.0,0.0,0.0,4.0,12.0,1.0,12.14,5.01,2.5,1.49,0.0,0.1,0.0,0.4,0.0,-0.8,0.2,-1.2000000000000002,-169.70000000000002,0.0,0.0,169.70000000000002,0.0,21.4,30.1,30.1,30.700000000000003,300.0,300.0,31.1,35.0,29.8,29.1,30.9,4.96,2.0,4.97,0.16,0.0,0.0,1027.0,8228.0,0.0,0.0,0.0,0.0,0.0,1.0,0.0,0.0,0.0,0.0,0.0,-0.6000000000000001,0.0,1.1,0.0,0.0001,16.0,25903.0
2026-07-30T18:59:51.652Z,161.135,161.148,0.0,7.4,0.0,0.0,0.0,0.0,0.0,0.0,0.0,0.0,1.0,0.0,0.0,0.0,9.0,4.0,0.0,0.0,0.0,0.0,0.0,0.0,0.0,0.0,5.0,12.0,1.0,12.14,5.01,2.5,1.49,0.0,0.0,0.0,0.4,0.0,0.9,-0.3,0.5,-169.70000000000002,0.0,0.0,169.8,0.0,21.4,30.1,30.1,30.700000000000003,300.0,300.0,31.1,35.0,29.8,29.1,30.9,4.95,1.99,4.97,0.16,0.0,0.0,1027.0,8228.0,0.0,0.0,0.0,0.0,0.0,1.0,0.0,0.0,0.0,0.0,0.0,0.0,0.0,-0.5,0.0,0.0001,16.0,25903.0
2026-07-30T18:59:51.665Z,161.148,161.16,0.0,7.4,0.0,0.0,0.0,0.0,0.0,0.0,0.0,0.0,1.0,0.0,0.0,0.0,9.0,4.0,0.0,0.0,0.0,0.0,0.0,0.0,0.0,0.0,6.0,12.0,1.0,12.17,5.01,2.51,1.49,0.0,0.0,0.0,0.4,0.0,0.3,0.8,1.7000000000000002,-169.70000000000002,0.0,0.0,169.70000000000002,0.0,21.4,30.1,30.1,30.700000000000003,300.0,300.0,31.1,34.9,29.8,29.1,30.9,4.96,1.99,4.96,0.16,0.0,0.0,1027.0,8228.0,0.0,0.0,0.0,0.0,0.0,1.0,0.0,0.0,0.0,0.0,0.0,2.2,0.0,-1.3,0.0,0.0001,16.0,25903.0
2026-07-30T18:59:51.675Z,161.158,161.172,0.0,7.4,0.0,0.0,0.0,0.0,0.0,0.0,0.0,0.0,1.0,0.0,0.0,0.0,9.0,4.0,0.0,0.0,0.0,0.0,0.0,0.0,0.0,0.0,1.0,12.0,1.0,12.17,5.01,2.51,1.49,0.0,0.0,0.0,0.4,0.0,-0.2,0.8,0.0,-169.70000000000002,0.0,0.0,169.70000000000002,0.0,21.4,30.1,30.1,30.700000000000003,300.0,300.0,31.1,34.9,29.8,29.1,30.9,4.96,1.99,4.97,0.16,0.0,0.0,1027.0,8228.0,0.0,0.0,0.0,0.0,0.0,1.0,0.0,0.0,0.0,0.0,0.0,0.9,0.0,0.1,0.0,0.0,16.0,25903.0
2026-07-30T18:59:51.688Z,161.171,161.184,0.0,7.4,0.0,0.0,0.0,0.0,0.0,0.0,0.0,0.0,1.0,0.0,0.0,0.0,9.0,4.0,0.0,0.0,0.0,0.0,0.0,0.0,0.0,0.0,2.0,12.0,1.0,12.17,5.01,2.51,1.49,0.0,0.1,0.0,0.4,0.0,0.3,0.2,0.5,-169.70000000000002,0.0,0.0,169.70000000000002,0.0,21.4,30.1,30.1,30.700000000000003,300.0,300.0,31.1,34.9,29.8,29.1,30.9,4.96,1.99,4.97,0.16,0.0,0.0,1027.0,8228.0,0.0,0.0,0.0,0.0,0.0,1.0,0.0,0.0,0.0,0.0,0.0,0.6000000000000001,0.0,-0.4,0.0,0.0,16.0,25903.0
2026-07-30T18:59:51.700Z,161.183,161.196,0.0,7.4,0.0,0.0,0.0,0.0,0.0,0.0,0.0,0.0,1.0,0.0,0.0,0.0,9.0,4.0,0.0,0.0,0.0,0.0,0.0,0.0,0.0,0.0,3.0,12.0,1.0,12.17,5.01,2.51,1.49,0.0,0.0,0.0,0.4,0.0,-0.2,0.8,1.1,-169.70000000000002,0.0,0.0,169.70000000000002,0.0,21.4,30.1,30.1,30.700000000000003,300.0,300.0,31.1,34.9,29.8,29.1,30.9,4.95,1.99,4.97,0.16,0.0,0.0,1027.0,8228.0,0.0,0.0,0.0,0.0,0.0,1.0,0.0,0.0,0.0,0.0,0.0,1.7000000000000002,0.0,-0.8,0.0,0.0,16.0,25903.0
2026-07-30T18:59:51.712Z,161.195,161.208,0.0,7.4,0.0,0.0,0.0,0.0,0.0,0.0,0.0,0.0,1.0,0.0,0.0,0.0,9.0,4.0,0.0,0.0,0.0,0.0,0.0,0.0,0.0,0.0,5.0,12.0,1.0,12.17,5.01,2.51,1.49,0.0,0.0,0.0,0.4,0.0,-0.9,-0.3,-1.2000000000000002,-169.70000000000002,0.0,0.0,169.70000000000002,0.0,21.4,30.1,30.1,30.700000000000003,300.0,300.0,31.1,34.9,29.8,29.1,30.9,4.95,1.99,4.96,0.16,0.0,0.0,1027.0,8228.0,0.0,0.0,0.0,0.0,0.0,1.0,0.0,0.0,0.0,0.0,0.0,-1.3,0.0,1.0,0.0,0.0,16.0,25903.0
2026-07-30T18:59:51.724Z,161.207,161.22,0.0,7.4,0.0,0.0,0.0,0.0,0.0,0.0,0.0,0.0,1.0,0.0,0.0,0.0,9.0,4.0,0.0,0.0,0.0,0.0,0.0,0.0,0.0,0.0,5.0,12.0,1.0,12.17,5.01,2.51,1.49,0.0,0.0,0.0,0.5,0.0,-1.4,0.7000000000000001,0.0,-169.70000000000002,0.0,0.0,169.60000000000002,0.0,21.4,30.1,30.1,30.700000000000003,300.0,300.0,31.1,34.9,29.8,29.1,30.9,4.95,1.99,4.96,0.16,0.0,0.0,1027.0,8228.0,0.0,0.0,0.0,0.0,0.0,1.0,0.0,0.0,0.0,0.0,0.0,0.1,0.0,0.1,0.0,0.0,16.0,25903.0
2026-07-30T18:59:51.735Z,161.218,161.232,0.0,7.4,0.0,0.0,0.0,0.0,0.0,0.0,0.0,0.0,1.0,0.0,0.0,0.0,9.0,4.0,0.0,0.0,0.0,0.0,0.0,0.0,0.0,0.0,1.0,12.0,1.0,12.17,5.01,2.51,1.49,0.0,0.0,0.0,0.4,0.0,0.2,0.7000000000000001,0.5,-169.70000000000002,0.0,0.0,169.70000000000002,0.0,21.4,30.1,30.1,30.700000000000003,300.0,300.0,31.1,34.9,29.8,29.1,30.9,4.95,1.99,4.96,0.17,0.0,0.0,1027.0,8228.0,0.0,0.0,0.0,0.0,0.0,1.0,0.0,0.0,0.0,0.0,0.0,1.2000000000000002,0.0,-0.3,0.0,0.0,16.0,25903.0
2026-07-30T18:59:51.748Z,161.231,161.244,0.0,7.4,0.0,0.0,0.0,0.0,0.0,0.0,0.0,0.0,1.0,0.0,0.0,0.0,9.0,4.0,0.0,0.0,0.0,0.0,0.0,0.0,0.0,0.0,2.0,12.0,1.0,12.17,5.01,2.51,1.49,0.0,0.0,0.0,0.4,0.0,0.2,-0.4,-1.2000000000000002,-169.70000000000002,0.0,0.0,169.70000000000002,0.0,21.4,30.1,30.1,30.700000000000003,300.0,300.0,31.1,34.9,29.8,29.1,30.9,4.96,2.0,4.96,0.16,0.0,0.0,1027.0,8228.0,0.0,0.0,0.0,0.0,0.0,1.0,0.0,0.0,0.0,0.0,0.0,0.9,0.0,-0.8,0.0,0.0001,16.0,25903.0
2026-07-30T18:59:51.759Z,161.242,161.256,0.0,7.4,0.0,0.0,0.0,0.0,0.0,0.0,0.0,0.0,1.0,0.0,0.0,0.0,9.0,4.0,0.0,0.0,0.0,0.0,0.0,0.0,0.0,0.0,3.0,12.0,1.0,12.17,5.01,2.51,1.49,0.0,0.1,0.0,0.4,0.0,-0.3,-0.4,-1.3,-169.70000000000002,0.0,0.0,169.60000000000002,0.0,21.4,30.1,30.1,30.700000000000003,300.0,300.0,31.1,34.9,29.8,29.1,30.9,4.95,2.0,4.97,0.16,0.0,0.0,1027.0,8228.0,0.0,0.0,0.0,0.0,0.0,1.0,0.0,0.0,0.0,0.0,0.0,-1.7000000000000002,0.0,0.4,0.0,0.0001,16.0,25903.0
2026-07-30T18:59:51.772Z,161.255,161.268,0.0,7.4,0.0,0.0,0.0,0.0,0.0,0.0,0.0,0.0,1.0,0.0,0.0,0.0,9.0,4.0,0.0,0.0,0.0,0.0,0.0,0.0,0.0,0.0,4.0,12.0,1.0,12.18,5.01,2.51,1.49,0.0,0.0,0.0,0.4,0.0,-0.3,-0.4,-1.3,-169.70000000000002,0.0,0.0,169.70000000000002,0.0,21.3,30.1,30.1,30.700000000000003,300.0,300.0,31.0,35.0,29.8,29.1,31.0,4.96,1.99,4.97,0.16,0.0,0.0,1027.0,8228.0,0.0,0.0,0.0,0.0,0.0,1.0,0.0,0.0,0.0,0.0,0.0,-0.4,0.0,0.6000000000000001,0.0,0.0001,16.0,25903.0
2026-07-30T18:59:51.784Z,161.267,161.28,0.0,7.4,0.0,0.0,0.0,0.0,0.0,0.0,0.0,0.0,1.0,0.0,0.0,0.0,9.0,4.0,0.0,0.0,0.0,0.0,0.0,0.0,0.0,0.0,5.0,12.0,1.0,12.18,5.01,2.51,1.49,0.0,0.0,0.0,0.4,0.0,-0.9,0.0,-0.7000000000000001,-169.70000000000002,0.0,0.0,169.70000000000002,0.0,21.3,30.1,30.1,30.700000000000003,300.0,300.0,31.0,35.0,29.8,29.1,31.0,4.96,1.99,4.96,0.16,0.0,0.0,1027.0,8228.0,0.0,0.0,0.0,0.0,0.0,1.0,0.0,0.0,0.0,0.0,0.0,0.6000000000000001,0.0,0.3,0.0,0.0,16.0,25903.0
2026-07-30T18:59:51.796Z,161.279,161.292,0.0,7.4,0.0,0.0,0.0,0.0,0.0,0.0,0.0,0.0,1.0,0.0,0.0,0.0,9.0,4.0,0.0,0.0,0.0,0.0,0.0,0.0,0.0,0.0,6.0,12.0,1.0,12.18,5.01,2.51,1.49,0.0,0.0,0.0,0.4,0.0,-0.3,0.1,0.9,-169.70000000000002,0.0,0.0,169.70000000000002,0.0,21.3,30.1,30.1,30.700000000000003,300.0,300.0,31.0,35.0,29.8,29.1,31.0,4.96,1.99,4.96,0.16,0.0,0.0,1027.0,8228.0,0.0,0.0,0.0,0.0,0.0,1.0,0.0,0.0,0.0,0.0,0.0,0.8,0.0,-0.8,0.0,0.0,16.0,25903.0
2026-07-30T18:59:51.808Z,161.291,161.304,0.0,7.4,0.0,0.0,0.0,0.0,0.0,0.0,0.0,0.0,1.0,0.0,0.0,0.0,9.0,4.0,0.0,0.0,0.0,0.0,0.0,0.0,0.0,0.0,1.0,12.0,1.0,12.18,5.01,2.51,1.49,0.0,0.0,0.0,0.4,0.0,0.2,0.1,-0.1,-169.70000000000002,0.0,0.0,169.70000000000002,0.0,21.3,30.1,30.1,30.700000000000003,300.0,300.0,31.0,35.0,29.8,29.1,31.0,4.95,1.99,4.97,0.16,0.0,0.0,1027.0,8228.0,0.0,0.0,0.0,0.0,0.0,1.0,0.0,0.0,0.0,0.0,0.0,0.0,0.0,0.1,0.0,0.0,16.0,25903.0
2026-07-30T18:59:51.825Z,161.308,161.316,0.0,7.4,0.0,0.0,0.0,0.0,0.0,0.0,0.0,0.0,1.0,0.0,0.0,0.0,9.0,4.0,0.0,0.0,0.0,0.0,0.0,0.0,0.0,0.0,2.0,12.0,1.0,12.18,5.01,2.51,1.49,0.0,0.0,0.0,0.4,0.0,-0.2,-0.4,-0.7000000000000001,-169.70000000000002,0.0,0.0,169.8,0.0,21.3,30.1,30.1,30.700000000000003,300.0,300.0,31.0,35.0,29.8,29.1,31.0,4.96,1.99,4.96,0.16,0.0,0.0,1027.0,8228.0,0.0,0.0,0.0,0.0,0.0,1.0,0.0,0.0,0.0,0.0,0.0,-1.1,0.0,0.5,0.0,0.0,16.0,25903.0
2026-07-30T18:59:51.832Z,161.315,161.328,0.0,7.4,0.0,0.0,0.0,0.0,0.0,0.0,0.0,0.0,1.0,0.0,0.0,0.0,9.0,4.0,0.0,0.0,0.0,0.0,0.0,0.0,0.0,0.0,5.0,12.0,1.0,12.18,5.01,2.51,1.49,0.0,0.0,0.0,0.4,0.0,-0.8,0.0,-1.8,-169.70000000000002,0.0,0.0,169.8,0.0,21.3,30.1,30.1,30.700000000000003,300.0,300.0,31.0,35.0,29.8,29.1,31.0,4.96,2.0,4.97,0.16,0.0,0.0,1027.0,8228.0,0.0,0.0,0.0,0.0,0.0,1.0,0.0,0.0,0.0,0.0,0.0,-1.2000000000000002,0.0,1.6,0.0,0.0002,16.0,25903.0
2026-07-30T18:59:51.844Z,161.327,161.34,0.0,7.4,0.0,0.0,0.0,0.0,0.0,0.0,0.0,0.0,1.0,0.0,0.0,0.0,9.0,4.0,0.0,0.0,0.0,0.0,0.0,0.0,0.0,0.0,6.0,12.0,1.0,12.18,5.01,2.51,1.49,0.0,0.0,0.0,0.4,0.0,-0.2,0.1,0.5,-169.70000000000002,0.0,0.0,169.70000000000002,0.0,21.3,30.1,30.1,30.700000000000003,300.0,300.0,31.0,35.0,29.8,29.1,31.0,4.96,1.99,4.97,0.16,0.0,0.0,1027.0,8228.0,0.0,0.0,0.0,0.0,0.0,1.0,0.0,0.0,0.0,0.0,0.0,0.5,0.0,-0.4,0.0,0.0001,16.0,25903.0
2026-07-30T18:59:51.855Z,161.338,161.352,0.0,7.4,0.0,0.0,0.0,0.0,0.0,0.0,0.0,0.0,1.0,0.0,0.0,0.0,9.0,4.0,0.0,0.0,0.0,0.0,0.0,0.0,0.0,0.0,1.0,12.0,1.0,12.18,5.01,2.51,1.49,0.0,0.0,0.0,0.4,0.0,-0.2,-0.4,0.0,-169.70000000000002,0.0,0.0,169.8,0.0,21.3,30.1,30.1,30.700000000000003,300.0,300.0,31.0,35.0,29.8,29.1,31.0,4.95,1.99,4.97,0.16,0.0,0.0,1027.0,8228.0,0.0,0.0,0.0,0.0,0.0,1.0,0.0,0.0,0.0,0.0,0.0,-0.5,0.0,0.0,0.0,0.0001,16.0,25903.0
2026-07-30T18:59:51.868Z,161.351,161.364,0.0,7.4,0.0,0.0,0.0,0.0,0.0,0.0,0.0,0.0,1.0,0.0,0.0,0.0,9.0,4.0,0.0,0.0,0.0,0.0,0.0,0.0,0.0,0.0,2.0,12.0,1.0,12.17,5.01,2.51,1.49,0.0,0.0,0.0,0.4,0.0,-1.4,-1.0,-0.6000000000000001,-169.70000000000002,0.0,0.0,169.8,0.0,21.700000000000003,30.1,30.1,30.700000000000003,300.0,300.0,31.1,35.0,29.8,29.1,31.0,4.96,1.99,4.96,0.16,0.0,0.0,1027.0,8228.0,0.0,0.0,0.0,0.0,0.0,1.0,0.0,0.0,0.0,0.0,0.0,-1.6,0.0,0.3,0.0,0.0002,16.0,25903.0
2026-07-30T18:59:51.879Z,161.362,161.376,0.0,7.4,0.0,0.0,0.0,0.0,0.0,0.0,0.0,0.0,1.0,0.0,0.0,0.0,9.0,4.0,0.0,0.0,0.0,0.0,0.0,0.0,0.0,0.0,3.0,12.0,1.0,12.17,5.01,2.51,1.49,0.0,0.0,0.0,0.4,0.0,0.3,1.9,1.7000000000000002,-169.70000000000002,0.0,0.0,169.70000000000002,0.0,21.700000000000003,30.1,30.1,30.700000000000003,300.0,300.0,31.1,35.0,29.8,29.1,31.0,4.96,2.0,4.96,0.16,0.0,0.0,1027.0,8228.0,0.0,0.0,0.0,0.0,0.0,1.0,0.0,0.0,0.0,0.0,0.0,3.4000000000000004,0.0,-1.1,0.0,0.0,16.0,25903.0
2026-07-30T18:59:51.891Z,161.374,161.388,0.0,7.4,0.0,0.0,0.0,0.0,0.0,0.0,0.0,0.0,1.0,0.0,0.0,0.0,9.0,4.0,0.0,0.0,0.0,0.0,0.0,0.0,0.0,0.0,4.0,12.0,1.0,12.17,5.01,2.51,1.49,0.0,0.0,0.0,0.4,0.0,0.8,1.3,-2.4000000000000004,-169.70000000000002,0.0,0.0,169.70000000000002,0.0,21.700000000000003,30.1,30.1,30.700000000000003,300.0,300.0,31.1,35.0,29.8,29.1,31.0,4.95,1.99,4.96,0.16,0.0,0.0,1027.0,8228.0,0.0,0.0,0.0,0.0,0.0,1.0,0.0,0.0,0.0,0.0,0.0,-0.3,0.0,2.3000000000000003,0.0,0.0001,16.0,25903.0
2026-07-30T18:59:51.904Z,161.387,161.4,0.0,7.4,0.0,0.0,0.0,0.0,0.0,0.0,0.0,0.0,1.0,0.0,0.0,0.0,9.0,4.0,0.0,0.0,0.0,0.0,0.0,0.0,0.0,0.0,5.0,12.0,1.0,12.17,5.01,2.51,1.49,0.0,0.0,0.0,0.4,0.0,0.3,-1.0,0.0,-169.70000000000002,0.0,0.0,169.70000000000002,0.0,21.700000000000003,30.1,30.1,30.700000000000003,300.0,300.0,31.1,35.0,29.8,29.1,31.0,4.96,1.99,4.96,0.16,0.0,0.0,1027.0,8228.0,0.0,0.0,0.0,0.0,0.0,1.0,0.0,0.0,0.0,0.0,0.0,-1.2000000000000002,0.0,-0.1,0.0,0.0001,16.0,25903.0
2026-07-30T18:59:51.916Z,161.399,161.412,0.0,7.4,0.0,0.0,0.0,0.0,0.0,0.0,0.0,0.0,1.0,0.0,0.0,0.0,9.0,4.0,0.0,0.0,0.0,0.0,0.0,0.0,0.0,0.0,6.0,12.0,1.0,12.17,5.01,2.51,1.49,0.0,0.0,0.0,0.4,0.0,-0.8,-1.0,-1.2000000000000002,-169.70000000000002,0.0,0.0,169.60000000000002,0.0,21.700000000000003,30.1,30.1,30.700000000000003,300.0,300.0,31.1,35.0,29.8,29.1,31.0,4.96,1.99,4.96,0.16,0.0,0.0,1027.0,8228.0,0.0,0.0,0.0,0.0,0.0,1.0,0.0,0.0,0.0,0.0,0.0,-2.1,0.0,0.8,0.0,0.0,16.0,25903.0
2026-07-30T18:59:51.928Z,161.411,161.424,0.0,7.4,0.0,0.0,0.0,0.0,0.0,0.0,0.0,0.0,1.0,0.0,0.0,0.0,9.0,4.0,0.0,0.0,0.0,0.0,0.0,0.0,0.0,0.0,1.0,12.0,1.0,12.17,5.01,2.51,1.49,0.0,0.0,0.0,0.4,0.0,-0.2,0.0,-0.6000000000000001,-169.70000000000002,0.0,0.0,169.8,0.0,21.700000000000003,30.1,30.1,30.700000000000003,300.0,300.0,31.1,35.0,29.8,29.1,31.0,4.96,1.99,4.97,0.16,0.0,0.0,1027.0,8228.0,0.0,0.0,0.0,0.0,0.0,1.0,0.0,0.0,0.0,0.0,0.0,-0.4,0.0,0.6000000000000001,0.0,0.0001,16.0,25903.0
2026-07-30T18:59:51.939Z,161.422,161.436,0.0,7.4,0.0,0.0,0.0,0.0,0.0,0.0,0.0,0.0,1.0,0.0,0.0,0.0,9.0,4.0,0.0,0.0,0.0,0.0,0.0,0.0,0.0,0.0,3.0,12.0,1.0,12.17,5.01,2.51,1.49,0.0,0.0,0.0,0.4,0.0,0.3,0.6000000000000001,-0.7000000000000001,-169.70000000000002,0.0,0.0,169.70000000000002,0.0,21.700000000000003,30.1,30.1,30.700000000000003,300.0,300.0,31.1,35.0,29.8,29.1,31.0,4.95,1.99,4.97,0.16,0.0,0.0,1027.0,8228.0,0.0,0.0,0.0,0.0,0.0,1.0,0.0,0.0,0.0,0.0,0.0,0.2,0.0,0.8,0.0,0.0001,16.0,25903.0
2026-07-30T18:59:51.952Z,161.435,161.448,0.0,7.4,0.0,0.0,0.0,0.0,0.0,0.0,0.0,0.0,1.0,0.0,0.0,0.0,9.0,4.0,0.0,0.0,0.0,0.0,0.0,0.0,0.0,0.0,3.0,12.0,1.0,12.17,5.01,2.51,1.49,0.0,0.0,0.0,0.4,0.0,-0.8,-0.4,-0.6000000000000001,-169.70000000000002,0.0,0.0,169.8,0.0,21.700000000000003,30.1,30.1,30.700000000000003,300.0,300.0,31.1,35.0,29.8,29.1,31.0,4.96,1.99,4.97,0.16,0.0,0.0,1027.0,8228.0,0.0,0.0,0.0,0.0,0.0,1.0,0.0,0.0,0.0,0.0,0.0,-1.0,0.0,0.5,0.0,0.0,16.0,25903.0
2026-07-30T18:59:51.964Z,161.447,161.46,0.0,7.4,0.0,0.0,0.0,0.0,0.0,0.0,0.0,0.0,1.0,0.0,0.0,0.0,9.0,4.0,0.0,0.0,0.0,0.0,0.0,0.0,0.0,0.0,5.0,12.0,1.0,12.17,5.01,2.51,1.49,0.0,0.0,0.0,0.4,0.0,0.9,-0.5,0.4,-169.70000000000002,0.0,0.0,169.8,0.0,21.700000000000003,30.1,30.1,30.700000000000003,300.0,300.0,31.1,35.0,29.8,29.1,31.0,4.95,2.0,4.97,0.16,0.0,0.0,1027.0,8228.0,0.0,0.0,0.0,0.0,0.0,1.0,0.0,0.0,0.0,0.0,0.0,-0.2,0.0,-0.5,0.0,0.0,16.0,25903.0
2026-07-30T18:59:51.975Z,161.458,161.472,0.0,7.4,0.0,0.0,0.0,0.0,0.0,0.0,0.0,0.0,1.0,0.0,0.0,0.0,9.0,4.0,0.0,0.0,0.0,0.0,0.0,0.0,0.0,0.0,6.0,12.0,1.0,12.17,5.0200000000000005,2.5,1.5,0.0,0.0,0.0,0.4,0.0,-0.2,0.6000000000000001,-0.1,-169.70000000000002,0.0,0.0,169.8,0.0,21.700000000000003,30.1,30.1,30.700000000000003,300.0,300.0,31.0,35.0,29.8,29.1,31.0,4.95,1.99,4.96,0.16,0.0,0.0,1027.0,8228.0,0.0,0.0,0.0,0.0,0.0,1.0,0.0,0.0,0.0,0.0,0.0,0.6000000000000001,0.0,0.2,0.0,0.0,16.0,25903.0
2026-07-30T18:59:51.988Z,161.471,161.484,0.0,7.4,0.0,0.0,0.0,0.0,0.0,0.0,0.0,0.0,1.0,0.0,0.0,0.0,9.0,4.0,0.0,0.0,0.0,0.0,0.0,0.0,0.0,0.0,1.0,12.0,1.0,12.17,5.0200000000000005,2.5,1.5,0.0,0.0,0.0,0.4,0.0,0.2,1.2000000000000002,-0.1,-169.70000000000002,0.0,0.0,169.70000000000002,0.0,21.700000000000003,30.1,30.1,30.700000000000003,300.0,300.0,31.0,35.0,29.8,29.1,31.0,4.96,2.0,4.96,0.16,0.0,0.0,1027.0,8228.0,0.0,0.0,0.0,0.0,0.0,1.0,0.0,0.0,0.0,0.0,0.0,1.3,0.0,0.3,0.0,0.0,16.0,25903.0
2026-07-30T18:59:52.000Z,161.483,161.496,0.0,7.4,0.0,0.0,0.0,0.0,0.0,0.0,0.0,0.0,1.0,0.0,0.0,0.0,9.0,4.0,0.0,0.0,0.0,0.0,0.0,0.0,0.0,0.0,2.0,12.0,1.0,12.17,5.0200000000000005,2.5,1.5,0.0,0.0,0.0,0.4,0.0,-0.8,0.0,0.9,-169.70000000000002,0.0,0.0,169.70000000000002,0.0,21.700000000000003,30.1,30.1,30.700000000000003,300.0,300.0,31.0,35.0,29.8,29.1,31.0,4.95,2.0,4.96,0.16,0.0,0.0,1027.0,8228.0,0.0,0.0,0.0,0.0,0.0,1.0,0.0,0.0,0.0,0.0,0.0,0.7000000000000001,0.0,-0.8,0.0,0.0002,16.0,25903.0
2026-07-30T18:59:52.012Z,161.495,161.508,0.0,7.4,0.0,0.0,0.0,0.0,0.0,0.0,0.0,0.0,1.0,0.0,0.0,0.0,9.0,4.0,0.0,0.0,0.0,0.0,0.0,0.0,0.0,0.0,3.0,12.0,1.0,12.17,5.0200000000000005,2.5,1.5,0.0,0.0,0.0,0.4,0.0,-0.2,-0.5,-0.7000000000000001,-169.70000000000002,0.0,0.0,169.70000000000002,0.0,21.700000000000003,30.1,30.1,30.700000000000003,300.0,300.0,31.0,35.0,29.8,29.1,31.0,4.96,1.99,4.96,0.16,0.0,0.0,1027.0,8228.0,0.0,0.0,0.0,0.0,0.0,1.0,0.0,0.0,0.0,0.0,0.0,-1.1,0.0,0.5,0.0,0.0001,16.0,25903.0
2026-07-30T18:59:52.023Z,161.506,161.52,0.0,7.4,0.0,0.0,0.0,0.0,0.0,0.0,0.0,0.0,1.0,0.0,0.0,0.0,9.0,4.0,0.0,0.0,0.0,0.0,0.0,0.0,0.0,0.0,4.0,12.0,1.0,12.17,5.0200000000000005,2.5,1.5,0.0,0.0,0.0,0.4,0.0,0.2,0.5,0.4,-169.70000000000002,0.0,0.0,169.70000000000002,0.0,21.700000000000003,30.1,30.1,30.700000000000003,300.0,300.0,31.0,35.0,29.8,29.1,31.0,4.96,2.0,4.97,0.16,0.0,0.0,1027.0,8228.0,0.0,0.0,0.0,0.0,0.0,1.0,0.0,0.0,0.0,0.0,0.0,0.9,0.0,-0.2,0.0,0.0,16.0,25903.0
2026-07-30T18:59:52.035Z,161.518,161.532,0.0,7.4,0.0,0.0,0.0,0.0,0.0,0.0,0.0,0.0,1.0,0.0,0.0,0.0,9.0,4.0,0.0,0.0,0.0,0.0,0.0,0.0,0.0,0.0,5.0,12.0,1.0,12.17,5.0200000000000005,2.5,1.5,0.0,0.0,0.0,0.5,0.0,-0.3,0.0,1.0,-169.70000000000002,0.0,0.0,169.60000000000002,0.0,21.700000000000003,30.1,30.1,30.700000000000003,300.0,300.0,31.0,35.0,29.8,29.1,31.0,4.96,1.99,4.97,0.16,0.0,0.0,1027.0,8228.0,0.0,0.0,0.0,0.0,0.0,1.0,0.0,0.0,0.0,0.0,0.0,0.8,0.0,-0.9,0.0,0.0,16.0,25903.0
2026-07-30T18:59:52.048Z,161.531,161.544,0.0,7.4,0.0,0.0,0.0,0.0,0.0,0.0,0.0,0.0,1.0,0.0,0.0,0.0,9.0,4.0,0.0,0.0,0.0,0.0,0.0,0.0,0.0,0.0,6.0,12.0,1.0,12.17,5.0200000000000005,2.5,1.5,0.0,0.0,0.0,0.5,0.0,0.2,0.0,1.6,-169.70000000000002,0.0,0.0,169.70000000000002,0.0,21.700000000000003,30.1,30.1,30.700000000000003,300.0,300.0,31.0,35.0,29.8,29.1,31.0,4.95,1.99,4.97,0.16,0.0,0.0,1027.0,8228.0,0.0,0.0,0.0,0.0,0.0,1.0,0.0,0.0,0.0,0.0,0.0,1.2000000000000002,0.0,-1.4,0.0,0.0,16.0,25903.0
2026-07-30T18:59:52.059Z,161.542,161.556,0.0,7.4,0.0,0.0,0.0,0.0,0.0,0.0,0.0,0.0,1.0,0.0,0.0,0.0,9.0,4.0,0.0,0.0,0.0,0.0,0.0,0.0,0.0,0.0,1.0,12.0,1.0,12.17,5.0200000000000005,2.5,1.5,0.0,0.0,0.0,0.4,0.0,0.2,0.0,1.6,-169.70000000000002,0.0,0.0,169.70000000000002,0.0,21.700000000000003,30.1,30.1,30.700000000000003,300.0,300.0,31.0,35.0,29.8,29.1,31.0,4.96,2.0,4.96,0.16,0.0,0.0,1027.0,8228.0,0.0,0.0,0.0,0.0,0.0,1.0,0.0,0.0,0.0,0.0,0.0,1.2000000000000002,0.0,-1.4,0.0,0.0,16.0,25903.0
2026-07-30T18:59:52.072Z,161.555,161.568,0.0,7.4,0.0,0.0,0.0,0.0,0.0,0.0,0.0,0.0,1.0,0.0,0.0,0.0,9.0,4.0,0.0,0.0,0.0,0.0,0.0,0.0,0.0,0.0,2.0,12.0,1.0,12.15,5.01,2.51,1.49,0.0,0.0,0.0,0.4,0.0,-0.3,0.0,-1.2000000000000002,-169.70000000000002,0.0,0.0,169.70000000000002,0.0,21.3,30.1,30.1,30.700000000000003,300.0,300.0,30.9,35.0,29.8,29.1,31.0,4.96,1.99,4.96,0.16,0.0,0.0,1027.0,8228.0,0.0,0.0,0.0,0.0,0.0,1.0,0.0,0.0,0.0,0.0,0.0,-0.8,0.0,1.1,0.0,0.0001,16.0,25903.0
2026-07-30T18:59:52.083Z,161.566,161.58,0.0,7.4,0.0,0.0,0.0,0.0,0.0,0.0,0.0,0.0,1.0,0.0,0.0,0.0,9.0,4.0,0.0,0.0,0.0,0.0,0.0,0.0,0.0,0.0,3.0,12.0,1.0,12.15,5.01,2.51,1.49,0.0,0.0,0.0,0.4,0.0,-0.2,0.1,-1.2000000000000002,-169.70000000000002,0.0,0.0,169.70000000000002,0.0,21.3,30.1,30.1,30.700000000000003,300.0,300.0,30.9,35.0,29.8,29.1,31.0,4.95,1.99,4.96,0.16,0.0,0.0,1027.0,8228.0,0.0,0.0,0.0,0.0,0.0,1.0,0.0,0.0,0.0,0.0,0.0,-0.8,0.0,1.1,0.0,0.0,16.0,25903.0
2026-07-30T18:59:52.096Z,161.579,161.592,0.0,7.4,0.0,0.0,0.0,0.0,0.0,0.0,0.0,0.0,1.0,0.0,0.0,0.0,9.0,4.0,0.0,0.0,0.0,0.0,0.0,0.0,0.0,0.0,4.0,12.0,1.0,12.15,5.01,2.51,1.49,0.0,0.1,0.0,0.4,0.0,0.3,0.1,0.0,-169.70000000000002,0.0,0.0,169.60000000000002,0.0,21.3,30.1,30.1,30.700000000000003,300.0,300.0,30.9,35.0,29.8,29.1,31.0,4.95,1.99,4.97,0.16,0.0,0.0,1027.0,8228.0,0.0,0.0,0.0,0.0,0.0,1.0,0.0,0.0,0.0,0.0,0.0,0.0,0.0,0.1,0.0,0.0001,16.0,25903.0
2026-07-30T18:59:52.108Z,161.591,161.604,0.0,7.4,0.0,0.0,0.0,0.0,0.0,0.0,0.0,0.0,1.0,0.0,0.0,0.0,9.0,4.0,0.0,0.0,0.0,0.0,0.0,0.0,0.0,0.0,5.0,12.0,1.0,12.15,5.01,2.51,1.49,0.0,0.0,0.0,0.4,0.0,-0.2,-0.4,1.0,-169.60000000000002,0.0,0.0,169.60000000000002,0.0,21.3,30.1,30.1,30.700000000000003,300.0,300.0,30.9,35.0,29.8,29.1,31.0,4.96,1.99,4.96,0.16,0.0,0.0,1027.0,8228.0,0.0,0.0,0.0,0.0,0.0,1.0,0.0,0.0,0.0,0.0,0.0,0.2,0.0,-0.9,0.0,0.0001,16.0,25903.0
2026-07-30T18:59:52.120Z,161.603,161.616,0.0,7.4,0.0,0.0,0.0,0.0,0.0,0.0,0.0,0.0,1.0,0.0,0.0,0.0,9.0,4.0,0.0,0.0,0.0,0.0,0.0,0.0,0.0,0.0,6.0,12.0,1.0,12.15,5.01,2.51,1.49,0.0,0.0,0.0,0.4,0.0,0.3,0.7000000000000001,-0.1,-169.60000000000002,0.0,0.0,169.60000000000002,0.0,21.3,30.1,30.1,30.700000000000003,300.0,300.0,30.9,35.0,29.8,29.1,31.0,4.96,1.99,4.97,0.16,0.0,0.0,1027.0,8228.0,0.0,0.0,0.0,0.0,0.0,1.0,0.0,0.0,0.0,0.0,0.0,0.6000000000000001,0.0,0.2,0.0,0.0001,16.0,25903.0
2026-07-30T18:59:52.136Z,161.619,161.628,0.0,7.4,0.0,0.0,0.0,0.0,0.0,0.0,0.0,0.0,1.0,0.0,0.0,0.0,9.0,4.0,0.0,0.0,0.0,0.0,0.0,0.0,0.0,0.0,1.0,12.0,1.0,12.15,5.01,2.51,1.49,0.0,0.0,0.0,0.4,0.0,0.8,0.7000000000000001,0.4,-169.60000000000002,0.0,0.0,169.60000000000002,0.0,21.3,30.1,30.1,30.700000000000003,300.0,300.0,30.9,35.0,29.8,29.1,31.0,4.95,1.99,4.97,0.16,0.0,0.0,1027.0,8228.0,0.0,0.0,0.0,0.0,0.0,1.0,0.0,0.0,0.0,0.0,0.0,1.1,0.0,-0.2,0.0,0.0,16.0,25903.0
2026-07-30T18:59:52.146Z,161.629,161.64,0.0,7.4,0.0,0.0,0.0,0.0,0.0,0.0,0.0,0.0,1.0,0.0,0.0,0.0,9.0,4.0,0.0,0.0,0.0,0.0,0.0,0.0,0.0,0.0,6.0,12.0,1.0,12.15,5.01,2.51,1.49,0.0,0.0,0.0,0.4,0.0,-0.8,-1.0,-0.7000000000000001,-169.60000000000002,0.0,0.0,169.70000000000002,0.0,21.3,30.1,30.1,30.700000000000003,300.0,300.0,30.9,35.0,29.8,29.1,31.0,4.96,1.99,4.96,0.16,0.0,0.0,1027.0,8228.0,0.0,0.0,0.0,0.0,0.0,1.0,0.0,0.0,0.0,0.0,0.0,-1.6,0.0,0.4,0.0,0.0,16.0,25903.0
2026-07-30T18:59:52.156Z,161.639,161.65200000000002,0.0,7.4,0.0,0.0,0.0,0.0,0.0,0.0,0.0,0.0,1.0,0.0,0.0,0.0,9.0,4.0,0.0,0.0,0.0,0.0,0.0,0.0,0.0,0.0,4.0,12.0,1.0,12.15,5.01,2.51,1.49,0.0,0.1,0.0,0.5,0.0,-0.2,1.3,0.4,-169.60000000000002,0.0,0.0,169.70000000000002,0.0,21.3,30.1,30.1,30.700000000000003,300.0,300.0,30.9,35.0,29.8,29.1,31.0,4.95,2.0,4.96,0.16,0.0,0.0,1027.0,8228.0,0.0,0.0,0.0,0.0,0.0,1.0,0.0,0.0,0.0,0.0,0.0,1.8,0.0,-0.1,0.0,0.0,16.0,25903.0
2026-07-30T18:59:52.168Z,161.651,161.66400000000002,0.0,7.4,0.0,0.0,0.0,0.0,0.0,0.0,0.0,0.0,1.0,0.0,0.0,0.0,9.0,4.0,0.0,0.0,0.0,0.0,0.0,0.0,0.0,0.0,6.0,12.0,1.0,12.15,5.01,2.51,1.49,0.0,0.0,0.0,0.4,0.0,-0.2,0.1,-0.7000000000000001,-169.60000000000002,0.0,0.0,169.70000000000002,0.0,21.3,30.1,30.1,30.700000000000003,300.0,300.0,30.9,35.0,29.8,29.1,31.0,4.95,1.99,4.97,0.16,0.0,0.0,1027.0,8228.0,0.0,0.0,0.0,0.0,0.0,1.0,0.0,0.0,0.0,0.0,0.0,-0.3,0.0,0.6000000000000001,0.0,0.0,16.0,25903.0
2026-07-30T18:59:52.180Z,161.663,161.67600000000002,0.0,7.4,0.0,0.0,0.0,0.0,0.0,0.0,0.0,0.0,1.0,0.0,0.0,0.0,9.0,4.0,0.0,0.0,0.0,0.0,0.0,0.0,0.0,0.0,1.0,12.0,1.0,12.17,5.0200000000000005,2.5,1.49,0.0,0.0,0.0,0.4,0.0,-0.2,0.7000000000000001,0.4,-169.60000000000002,0.0,0.0,169.70000000000002,0.0,21.4,30.1,30.1,30.700000000000003,300.0,300.0,31.1,35.0,29.8,29.1,31.0,4.95,1.99,4.97,0.16,0.0,0.0,1027.0,8228.0,0.0,0.0,0.0,0.0,0.0,1.0,0.0,0.0,0.0,0.0,0.0,1.2000000000000002,0.0,-0.2,0.0,0.0002,16.0,25903.0
2026-07-30T18:59:52.192Z,161.675,161.68800000000002,0.0,7.4,0.0,0.0,0.0,0.0,0.0,0.0,0.0,0.0,1.0,0.0,0.0,0.0,9.0,4.0,0.0,0.0,0.0,0.0,0.0,0.0,0.0,0.0,3.0,12.0,1.0,12.17,5.0200000000000005,2.5,1.49,0.0,0.0,0.0,0.4,0.0,-0.3,-0.3,-0.1,-169.60000000000002,0.0,0.0,169.70000000000002,0.0,21.4,30.1,30.1,30.700000000000003,300.0,300.0,31.1,35.0,29.8,29.1,31.0,4.96,1.99,4.96,0.16,0.0,0.0,1027.0,8228.0,0.0,0.0,0.0,0.0,0.0,1.0,0.0,0.0,0.0,0.0,0.0,-0.5,0.0,0.0,0.0,0.0,16.0,25903.0
2026-07-30T18:59:52.204Z,161.687,161.70000000000002,0.0,7.4,0.0,0.0,0.0,0.0,0.0,0.0,0.0,0.0,1.0,0.0,0.0,0.0,9.0,4.0,0.0,0.0,0.0,0.0,0.0,0.0,0.0,0.0,3.0,12.0,1.0,12.17,5.0200000000000005,2.5,1.49,0.0,0.1,0.0,0.4,0.0,0.2,-0.3,-0.1,-169.60000000000002,0.0,0.0,169.8,0.0,21.4,30.1,30.1,30.700000000000003,300.0,300.0,31.1,35.0,29.8,29.1,31.0,4.95,1.99,4.97,0.16,0.0,0.0,1027.0,8228.0,0.0,0.0,0.0,0.0,0.0,1.0,0.0,0.0,0.0,0.0,0.0,-0.5,0.0,0.0,0.0,0.0,16.0,25903.0
2026-07-30T18:59:52.216Z,161.699,161.71200000000002,0.0,7.4,0.0,0.0,0.0,0.0,0.0,0.0,0.0,0.0,1.0,0.0,0.0,0.0,9.0,4.0,0.0,0.0,0.0,0.0,0.0,0.0,0.0,0.0,5.0,12.0,1.0,12.17,5.0200000000000005,2.5,1.49,0.0,0.0,0.0,0.4,0.0,-0.3,0.1,-0.1,-169.70000000000002,0.0,0.0,169.70000000000002,0.0,21.4,30.1,30.1,30.700000000000003,300.0,300.0,31.1,35.0,29.8,29.1,31.0,4.95,1.99,4.96,0.16,0.0,0.0,1027.0,8228.0,0.0,0.0,0.0,0.0,0.0,1.0,0.0,0.0,0.0,0.0,0.0,0.0,0.0,0.2,0.0,0.0002,16.0,25903.0
2026-07-30T18:59:52.228Z,161.711,161.724,0.0,7.4,0.0,0.0,0.0,0.0,0.0,0.0,0.0,0.0,1.0,0.0,0.0,0.0,9.0,4.0,0.0,0.0,0.0,0.0,0.0,0.0,0.0,0.0,6.0,12.0,1.0,12.17,5.0200000000000005,2.5,1.49,0.0,0.0,0.0,0.4,0.0,0.2,1.3,-0.7000000000000001,-169.70000000000002,0.0,0.0,169.70000000000002,0.0,21.4,30.1,30.1,30.700000000000003,300.0,300.0,31.1,35.0,29.8,29.1,31.0,4.96,2.0,4.96,0.16,0.0,0.0,1027.0,8228.0,0.0,0.0,0.0,0.0,0.0,1.0,0.0,0.0,0.0,0.0,0.0,0.4,0.0,-0.3,0.0,0.0002,16.0,25903.0
2026-07-30T18:59:52.239Z,161.722,161.736,0.0,7.4,0.0,0.0,0.0,0.0,0.0,0.0,0.0,0.0,1.0,0.0,0.0,0.0,9.0,4.0,0.0,0.0,0.0,0.0,0.0,0.0,0.0,0.0,1.0,12.0,1.0,12.17,5.0200000000000005,2.5,1.49,-0.1,0.1,0.0,0.5,0.0,-1.4,-0.4,-0.7000000000000001,-169.60000000000002,0.0,0.0,169.60000000000002,0.0,21.4,30.1,30.1,30.700000000000003,300.0,300.0,31.1,35.0,29.8,29.1,31.0,4.95,2.0,4.97,0.16,0.0,0.0,1027.0,8228.0,0.0,0.0,0.0,0.0,0.0,1.0,0.0,0.0,0.0,0.0,0.0,-1.0,0.0,0.5,0.0,0.0001,16.0,25903.0
2026-07-30T18:59:52.251Z,161.734,161.748,0.0,7.4,0.0,0.0,0.0,0.0,0.0,0.0,0.0,0.0,1.0,0.0,0.0,0.0,9.0,4.0,0.0,0.0,0.0,0.0,0.0,0.0,0.0,0.0,2.0,12.0,1.0,12.17,5.0200000000000005,2.5,1.49,0.0,0.0,0.0,0.5,0.0,0.2,0.0,0.3,-169.60000000000002,0.0,0.0,169.70000000000002,0.0,21.4,30.1,30.1,30.700000000000003,300.0,300.0,31.1,35.0,29.8,29.1,31.0,4.95,1.99,4.97,0.16,0.0,0.0,1027.0,8228.0,0.0,0.0,0.0,0.0,0.0,1.0,0.0,0.0,0.0,0.0,0.0,0.3,0.0,-0.3,0.0,0.0001,16.0,25903.0
2026-07-30T18:59:52.263Z,161.746,161.76,0.0,7.4,0.0,0.0,0.0,0.0,0.0,0.0,0.0,0.0,1.0,0.0,0.0,0.0,9.0,4.0,0.0,0.0,0.0,0.0,0.0,0.0,0.0,0.0,3.0,12.0,1.0,12.17,5.0200000000000005,2.5,1.49,0.0,0.1,0.0,0.4,0.0,-0.3,0.0,-0.2,-169.60000000000002,0.0,0.0,169.70000000000002,0.0,21.4,30.1,30.1,30.700000000000003,300.0,300.0,31.1,35.0,29.8,29.1,31.0,4.95,1.99,4.96,0.16,0.0,0.0,1027.0,8228.0,0.0,0.0,0.0,0.0,0.0,1.0,0.0,0.0,0.0,0.0,0.0,-0.1,0.0,0.1,0.0,0.0001,16.0,25903.0
2026-07-30T18:59:52.277Z,161.76,161.772,0.0,7.4,0.0,0.0,0.0,0.0,0.0,0.0,0.0,0.0,1.0,0.0,0.0,0.0,9.0,4.0,0.0,0.0,0.0,0.0,0.0,0.0,0.0,0.0,4.0,12.0,1.0,12.15,5.01,2.51,1.49,0.0,0.1,0.0,0.4,0.0,-0.3,1.1,-0.2,-169.60000000000002,0.0,0.0,169.70000000000002,0.0,21.700000000000003,30.1,30.1,30.700000000000003,300.0,300.0,31.1,35.0,29.8,29.1,31.0,4.96,1.99,4.96,0.16,0.0,0.0,1027.0,8228.0,0.0,0.0,0.0,0.0,0.0,1.0,0.0,0.0,0.0,0.0,0.0,0.5,0.0,0.2,0.0,0.0,16.0,25903.0
2026-07-30T18:59:52.288Z,161.771,161.784,0.0,7.4,0.0,0.0,0.0,0.0,0.0,0.0,0.0,0.0,1.0,0.0,0.0,0.0,9.0,4.0,0.0,0.0,0.0,0.0,0.0,0.0,0.0,0.0,5.0,12.0,1.0,12.15,5.01,2.51,1.49,0.0,0.0,0.0,0.4,0.0,-0.9,-1.1,0.3,-169.60000000000002,0.0,0.0,169.70000000000002,0.0,21.700000000000003,30.1,30.1,30.700000000000003,300.0,300.0,31.1,35.0,29.8,29.1,31.0,4.95,1.99,4.97,0.16,0.0,0.0,1027.0,8228.0,0.0,0.0,0.0,0.0,0.0,1.0,0.0,0.0,0.0,0.0,0.0,-0.1,0.0,0.1,0.0,0.0,16.0,25903.0
2026-07-30T18:59:52.299Z,161.782,161.796,0.0,7.4,0.0,0.0,0.0,0.0,0.0,0.0,0.0,0.0,1.0,0.0,0.0,0.0,9.0,4.0,0.0,0.0,0.0,0.0,0.0,0.0,0.0,0.0,6.0,12.0,1.0,12.15,5.01,2.51,1.49,0.0,0.1,0.0,0.4,0.0,-0.8,-0.5,0.4,-169.60000000000002,0.0,0.0,169.8,0.0,21.700000000000003,30.1,30.1,30.700000000000003,300.0,300.0,31.1,35.0,29.8,29.1,31.0,4.95,1.99,4.96,0.16,0.0,0.0,1027.0,8228.0,0.0,0.0,0.0,0.0,0.0,1.0,0.0,0.0,0.0,0.0,0.0,-1.8,0.0,0.4,0.0,0.0001,16.0,25903.0
2026-07-30T18:59:52.311Z,161.794,161.808,0.0,7.4,0.0,0.0,0.0,0.0,0.0,0.0,0.0,0.0,1.0,0.0,0.0,0.0,9.0,4.0,0.0,0.0,0.0,0.0,0.0,0.0,0.0,0.0,1.0,12.0,1.0,12.15,5.01,2.51,1.49,0.0,0.1,0.0,0.4,0.0,0.2,0.0,-0.2,-169.70000000000002,0.0,0.0,169.8,0.0,21.700000000000003,30.1,30.1,30.700000000000003,300.0,300.0,31.1,35.0,29.8,29.1,31.0,4.95,1.99,4.96,0.16,0.0,0.0,1027.0,8228.0,0.0,0.0,0.0,0.0,0.0,1.0,0.0,0.0,0.0,0.0,0.0,-0.1,0.0,0.1,0.0,0.0001,16.0,25903.0
2026-07-30T18:59:52.323Z,161.806,161.82,0.0,7.4,0.0,0.0,0.0,0.0,0.0,0.0,0.0,0.0,1.0,0.0,0.0,0.0,9.0,4.0,0.0,0.0,0.0,0.0,0.0,0.0,0.0,0.0,2.0,12.0,1.0,12.15,5.01,2.51,1.49,0.0,0.0,0.0,0.4,0.0,-0.2,1.1,-1.3,-169.70000000000002,0.0,0.0,169.70000000000002,0.0,21.700000000000003,30.1,30.1,30.700000000000003,300.0,300.0,31.1,35.0,29.8,29.1,31.0,4.96,1.99,4.96,0.16,0.0,0.0,1027.0,8228.0,0.0,0.0,0.0,0.0,0.0,1.0,0.0,0.0,0.0,0.0,0.0,0.3,0.0,1.4,0.0,0.0001,16.0,25903.0
2026-07-30T18:59:52.335Z,161.818,161.832,0.0,7.4,0.0,0.0,0.0,0.0,0.0,0.0,0.0,0.0,1.0,0.0,0.0,0.0,9.0,4.0,0.0,0.0,0.0,0.0,0.0,0.0,0.0,0.0,3.0,12.0,1.0,12.15,5.01,2.51,1.49,0.0,0.1,0.0,0.4,0.0,-0.2,-0.5,-0.1,-169.70000000000002,0.0,0.0,169.70000000000002,0.0,21.700000000000003,30.1,30.1,30.700000000000003,300.0,300.0,31.1,35.0,29.8,29.1,31.0,4.95,1.99,4.97,0.16,0.0,0.0,1027.0,8228.0,0.0,0.0,0.0,0.0,0.0,1.0,0.0,0.0,0.0,0.0,0.0,-0.7000000000000001,0.0,0.0,0.0,0.0001,16.0,25903.0
2026-07-30T18:59:52.348Z,161.831,161.844,0.0,7.4,0.0,0.0,0.0,0.0,0.0,0.0,0.0,0.0,1.0,0.0,0.0,0.0,9.0,4.0,0.0,0.0,0.0,0.0,0.0,0.0,0.0,0.0,4.0,12.0,1.0,12.15,5.01,2.51,1.49,0.0,0.0,0.0,0.4,0.0,-0.8,0.0,-0.1,-169.70000000000002,0.0,0.0,169.8,0.0,21.700000000000003,30.1,30.1,30.700000000000003,300.0,300.0,31.1,35.0,29.8,29.1,31.0,4.96,1.99,4.96,0.16,0.0,0.0,1027.0,8228.0,0.0,0.0,0.0,0.0,0.0,1.0,0.0,0.0,0.0,0.0,0.0,0.0,0.0,0.1,0.0,0.0002,16.0,25903.0
2026-07-30T18:59:52.360Z,161.843,161.856,0.0,7.4,0.0,0.0,0.0,0.0,0.0,0.0,0.0,0.0,1.0,0.0,0.0,0.0,9.0,4.0,0.0,0.0,0.0,0.0,0.0,0.0,0.0,0.0,5.0,12.0,1.0,12.15,5.01,2.51,1.49,0.0,0.0,0.0,0.4,0.0,0.9,-0.5,0.5,-169.70000000000002,0.0,0.0,169.8,0.0,21.700000000000003,30.1,30.1,30.700000000000003,300.0,300.0,31.1,35.0,29.8,29.1,31.0,4.96,1.99,4.97,0.16,0.0,0.0,1027.0,8228.0,0.0,0.0,0.0,0.0,0.0,1.0,0.0,0.0,0.0,0.0,0.0,-0.2,0.0,-0.5,0.0,0.0001,16.0,25903.0
2026-07-30T18:59:52.372Z,161.855,161.868,0.0,7.4,0.0,0.0,0.0,0.0,0.0,0.0,0.0,0.0,1.0,0.0,0.0,0.0,9.0,4.0,0.0,0.0,0.0,0.0,0.0,0.0,0.0,0.0,6.0,12.0,1.0,12.15,5.01,2.51,1.49,0.0,0.0,0.0,0.4,0.0,-0.2,0.6000000000000001,1.7000000000000002,-169.70000000000002,0.0,0.0,169.70000000000002,0.0,21.700000000000003,30.1,30.1,30.700000000000003,300.0,300.0,31.1,35.0,29.8,29.1,31.0,4.95,1.99,4.97,0.16,0.0,0.0,1027.0,8228.0,0.0,0.0,0.0,0.0,0.0,1.0,0.0,0.0,0.0,0.0,0.0,2.0,0.0,-1.3,0.0,0.0001,16.0,25903.0
2026-07-30T18:59:52.384Z,161.867,161.88,0.0,7.4,0.0,0.0,0.0,0.0,0.0,0.0,0.0,0.0,1.0,0.0,0.0,0.0,9.0,4.0,0.0,0.0,0.0,0.0,0.0,0.0,0.0,0.0,2.0,12.0,1.0,12.18,5.01,2.5,1.49,0.0,0.0,0.0,0.5,0.0,-0.8,-1.6,-0.6000000000000001,-169.70000000000002,0.0,0.0,169.70000000000002,0.0,21.200000000000003,30.1,30.0,30.700000000000003,300.0,300.0,31.0,35.0,29.8,29.1,30.9,4.96,1.99,4.96,0.16,0.0,0.0,1027.0,8228.0,0.0,0.0,0.0,0.0,0.0,1.0,0.0,0.0,0.0,0.0,0.0,-2.3000000000000003,0.0,0.2,0.0,0.0001,16.0,25903.0
2026-07-30T18:59:52.395Z,161.878,161.892,0.0,7.4,0.0,0.0,0.0,0.0,0.0,0.0,0.0,0.0,1.0,0.0,0.0,0.0,9.0,4.0,0.0,0.0,0.0,0.0,0.0,0.0,0.0,0.0,3.0,12.0,1.0,12.18,5.01,2.5,1.49,0.0,0.0,0.0,0.4,0.0,0.9,-0.4,0.5,-169.70000000000002,0.0,0.0,169.60000000000002,0.0,21.200000000000003,30.1,30.0,30.700000000000003,300.0,300.0,31.0,35.0,29.8,29.1,30.9,4.96,1.99,4.96,0.16,0.0,0.0,1027.0,8228.0,0.0,0.0,0.0,0.0,0.0,1.0,0.0,0.0,0.0,0.0,0.0,-0.1,0.0,-0.5,0.0,0.0,16.0,25903.0
2026-07-30T18:59:52.407Z,161.89,161.904,0.0,7.4,0.0,0.0,0.0,0.0,0.0,0.0,0.0,0.0,1.0,0.0,0.0,0.0,9.0,4.0,0.0,0.0,0.0,0.0,0.0,0.0,0.0,0.0,4.0,12.0,1.0,12.18,5.01,2.5,1.49,0.0,0.0,0.0,0.4,0.0,0.3,1.2000000000000002,0.0,-169.70000000000002,0.0,0.0,169.70000000000002,0.0,21.200000000000003,30.1,30.0,30.700000000000003,300.0,300.0,31.0,35.0,29.8,29.1,30.9,4.96,1.99,4.96,0.16,0.0,0.0,1027.0,8228.0,0.0,0.0,0.0,0.0,0.0,1.0,0.0,0.0,0.0,0.0,0.0,1.4,0.0,0.3,0.0,0.0001,16.0,25903.0
2026-07-30T18:59:52.420Z,161.903,161.916,0.0,7.4,0.0,0.0,0.0,0.0,0.0,0.0,0.0,0.0,1.0,0.0,0.0,0.0,9.0,4.0,0.0,0.0,0.0,0.0,0.0,0.0,0.0,0.0,5.0,12.0,1.0,12.18,5.01,2.5,1.49,0.0,0.0,0.0,0.4,0.0,-0.7000000000000001,-0.5,-0.6000000000000001,-169.70000000000002,0.0,0.0,169.70000000000002,0.0,21.200000000000003,30.1,30.0,30.700000000000003,300.0,300.0,31.0,35.0,29.8,29.1,30.9,4.95,1.99,4.96,0.16,0.0,0.0,1027.0,8228.0,0.0,0.0,0.0,0.0,0.0,1.0,0.0,0.0,0.0,0.0,0.0,-1.0,0.0,0.4,0.0,0.0,16.0,25903.0
2026-07-30T18:59:52.432Z,161.915,161.928,0.0,7.4,0.0,0.0,0.0,0.0,0.0,0.0,0.0,0.0,1.0,0.0,0.0,0.0,9.0,4.0,0.0,0.0,0.0,0.0,0.0,0.0,0.0,0.0,5.0,12.0,1.0,12.18,5.01,2.5,1.49,0.0,0.0,0.0,0.4,0.0,-0.1,-1.0,0.5,-169.70000000000002,0.0,0.0,169.70000000000002,0.0,21.200000000000003,30.1,30.0,30.700000000000003,300.0,300.0,31.0,35.0,29.8,29.1,30.9,4.96,1.99,4.97,0.16,0.0,0.0,1027.0,8228.0,0.0,0.0,0.0,0.0,0.0,1.0,0.0,0.0,0.0,0.0,0.0,-0.8,0.0,-0.6000000000000001,0.0,0.0,16.0,25903.0
2026-07-30T18:59:52.444Z,161.927,161.94,0.0,7.4,0.0,0.0,0.0,0.0,0.0,0.0,0.0,0.0,1.0,0.0,0.0,0.0,9.0,4.0,0.0,0.0,0.0,0.0,0.0,0.0,0.0,0.0,6.0,12.0,1.0,12.18,5.01,2.5,1.49,0.0,0.0,0.0,0.4,0.0,0.4,0.0,-0.6000000000000001,-169.70000000000002,0.0,0.0,169.70000000000002,0.0,21.200000000000003,30.1,30.0,30.700000000000003,300.0,300.0,31.0,35.0,29.8,29.1,30.9,4.95,1.99,4.97,0.16,0.0,0.0,1027.0,8228.0,0.0,0.0,0.0,0.0,0.0,1.0,0.0,0.0,0.0,0.0,0.0,-0.3,0.0,0.5,0.0,0.0,16.0,25903.0
2026-07-30T18:59:52.459Z,161.942,161.952,0.0,7.4,0.0,0.0,0.0,0.0,0.0,0.0,0.0,0.0,1.0,0.0,0.0,0.0,9.0,4.0,0.0,0.0,0.0,0.0,0.0,0.0,0.0,0.0,6.0,12.0,1.0,12.18,5.01,2.5,1.49,0.0,0.0,0.0,0.4,0.0,-0.7000000000000001,-1.1,-1.2000000000000002,-169.70000000000002,0.0,0.0,169.70000000000002,0.0,21.200000000000003,30.1,30.0,30.700000000000003,300.0,300.0,31.0,35.0,29.8,29.1,30.9,4.95,1.99,4.97,0.16,0.0,0.0,1027.0,8228.0,0.0,0.0,0.0,0.0,0.0,1.0,0.0,0.0,0.0,0.0,0.0,-2.1,0.0,0.8,0.0,0.0002,16.0,25903.0
2026-07-30T18:59:52.468Z,161.951,161.964,0.0,7.4,0.0,0.0,0.0,0.0,0.0,0.0,0.0,0.0,1.0,0.0,0.0,0.0,9.0,4.0,0.0,0.0,0.0,0.0,0.0,0.0,0.0,0.0,4.0,12.0,1.0,12.18,5.01,2.5,1.49,0.0,0.1,0.0,0.5,0.0,-0.1,1.8,0.5,-169.70000000000002,0.0,0.0,169.8,0.0,21.200000000000003,30.1,30.0,30.700000000000003,300.0,300.0,31.0,35.0,29.8,29.1,30.9,4.96,1.99,4.97,0.16,0.0,0.0,1027.0,8228.0,0.0,0.0,0.0,0.0,0.0,1.0,0.0,0.0,0.0,0.0,0.0,2.5,0.0,0.0,0.0,0.0001,16.0,25903.0
2026-07-30T18:59:52.481Z,161.964,161.976,0.0,7.4,0.0,0.0,0.0,0.0,0.0,0.0,0.0,0.0,1.0,0.0,0.0,0.0,9.0,4.0,0.0,0.0,0.0,0.0,0.0,0.0,0.0,0.0,5.0,12.0,1.0,12.17,5.01,2.51,1.49,0.0,0.1,0.0,0.4,0.0,0.4,0.1,0.0,-169.70000000000002,0.0,0.0,169.8,0.0,21.700000000000003,30.1,30.0,30.700000000000003,300.0,300.0,31.1,35.0,29.8,29.1,30.9,4.96,1.99,4.96,0.16,0.0,0.0,1027.0,8228.0,0.0,0.0,0.0,0.0,0.0,1.0,0.0,0.0,0.0,0.0,0.0,0.1,0.0,0.0,0.0,0.0002,16.0,25903.0
2026-07-30T18:59:52.492Z,161.975,161.988,0.0,7.4,0.0,0.0,0.0,0.0,0.0,0.0,0.0,0.0,1.0,0.0,0.0,0.0,9.0,4.0,0.0,0.0,0.0,0.0,0.0,0.0,0.0,0.0,6.0,12.0,1.0,12.17,5.01,2.51,1.49,0.0,0.0,0.0,0.4,0.0,-0.1,-1.0,0.0,-169.70000000000002,0.0,0.0,169.70000000000002,0.0,21.700000000000003,30.1,30.0,30.700000000000003,300.0,300.0,31.1,35.0,29.8,29.1,30.9,4.95,1.99,4.96,0.16,0.0,0.0,1027.0,8228.0,0.0,0.0,0.0,0.0,0.0,1.0,0.0,0.0,0.0,0.0,0.0,-1.2000000000000002,0.0,-0.1,0.0,0.0,16.0,25903.0
2026-07-30T18:59:52.504Z,161.987,162.0,0.0,7.4,0.0,0.0,0.0,0.0,0.0,0.0,0.0,0.0,1.0,0.0,0.0,0.0,9.0,4.0,0.0,0.0,0.0,0.0,0.0,0.0,0.0,0.0,1.0,12.0,1.0,12.17,5.01,2.51,1.49,0.0,0.1,0.0,0.4,0.0,-0.1,1.2000000000000002,-0.6000000000000001,-169.70000000000002,0.0,0.0,169.70000000000002,0.0,21.700000000000003,30.1,30.0,30.700000000000003,300.0,300.0,31.1,35.0,29.8,29.1,30.9,4.95,1.99,4.96,0.16,0.0,0.0,1027.0,8228.0,0.0,0.0,0.0,0.0,0.0,1.0,0.0,0.0,0.0,0.0,0.0,0.8,0.0,0.8,0.0,0.0,16.0,25903.0
2026-07-30T18:59:52.516Z,161.999,162.012,0.0,7.4,0.0,0.0,0.0,0.0,0.0,0.0,0.0,0.0,1.0,0.0,0.0,0.0,9.0,4.0,0.0,0.0,0.0,0.0,0.0,0.0,0.0,0.0,3.0,12.0,1.0,12.17,5.01,2.51,1.49,0.0,0.0,0.0,0.4,0.0,-0.1,0.6000000000000001,0.4,-169.70000000000002,0.0,0.0,169.70000000000002,0.0,21.700000000000003,30.1,30.0,30.700000000000003,300.0,300.0,31.1,35.0,29.8,29.1,30.9,4.95,2.0,4.96,0.16,0.0,0.0,1027.0,8228.0,0.0,0.0,0.0,0.0,0.0,1.0,0.0,0.0,0.0,0.0,0.0,1.1,0.0,-0.2,0.0,0.0001,16.0,25903.0
2026-07-30T18:59:52.528Z,162.011,162.024,0.0,7.4,0.0,0.0,0.0,0.0,0.0,0.0,0.0,0.0,1.0,0.0,0.0,0.0,9.0,4.0,0.0,0.0,0.0,0.0,0.0,0.0,0.0,0.0,3.0,12.0,1.0,12.17,5.01,2.51,1.49,0.0,0.0,0.0,0.4,0.0,0.4,-0.5,0.4,-169.70000000000002,0.0,0.0,169.8,0.0,21.700000000000003,30.1,30.0,30.700000000000003,300.0,300.0,31.1,35.0,29.8,29.1,30.9,4.96,2.0,4.97,0.16,0.0,0.0,1027.0,8228.0,0.0,0.0,0.0,0.0,0.0,1.0,0.0,0.0,0.0,0.0,0.0,-0.2,0.0,-0.5,0.0,0.0,16.0,25903.0
2026-07-30T18:59:52.540Z,162.023,162.036,0.0,7.4,0.0,0.0,0.0,0.0,0.0,0.0,0.0,0.0,1.0,0.0,0.0,0.0,9.0,4.0,0.0,0.0,0.0,0.0,0.0,0.0,0.0,0.0,5.0,12.0,1.0,12.17,5.01,2.51,1.49,0.0,0.0,0.0,0.4,0.0,-0.1,-0.5,0.0,-169.70000000000002,0.0,0.0,169.70000000000002,0.0,21.700000000000003,30.1,30.0,30.700000000000003,300.0,300.0,31.1,35.0,29.8,29.1,30.9,4.96,1.99,4.96,0.16,0.0,0.0,1027.0,8228.0,0.0,0.0,0.0,0.0,0.0,1.0,0.0,0.0,0.0,0.0,0.0,-0.6000000000000001,0.0,0.0,0.0,0.0001,16.0,25903.0
2026-07-30T18:59:52.552Z,162.035,162.048,0.0,7.4,0.0,0.0,0.0,0.0,0.0,0.0,0.0,0.0,1.0,0.0,0.0,0.0,9.0,4.0,0.0,0.0,0.0,0.0,0.0,0.0,0.0,0.0,6.0,12.0,1.0,12.17,5.01,2.51,1.49,-0.1,0.1,0.0,0.4,0.0,0.9,1.2000000000000002,1.0,-169.70000000000002,0.0,0.0,169.8,0.0,21.700000000000003,30.1,30.0,30.700000000000003,300.0,300.0,31.1,35.0,29.8,29.1,30.9,4.96,2.0,4.97,0.16,0.0,0.0,1027.0,8228.0,0.0,0.0,0.0,0.0,0.0,1.0,0.0,0.0,0.0,0.0,0.0,2.1,0.0,-0.6000000000000001,0.0,0.0,16.0,25903.0
2026-07-30T18:59:52.563Z,162.046,162.06,0.0,7.4,0.0,0.0,0.0,0.0,0.0,0.0,0.0,0.0,1.0,0.0,0.0,0.0,9.0,4.0,0.0,0.0,0.0,0.0,0.0,0.0,0.0,0.0,1.0,12.0,1.0,12.17,5.01,2.51,1.49,0.0,0.0,0.0,0.4,0.0,0.4,0.0,1.0,-169.70000000000002,0.0,0.0,169.8,0.0,21.700000000000003,30.1,30.0,30.700000000000003,300.0,300.0,31.1,35.0,29.8,29.1,30.9,4.95,1.99,4.97,0.16,0.0,0.0,1027.0,8228.0,0.0,0.0,0.0,0.0,0.0,1.0,0.0,0.0,0.0,0.0,0.0,0.8,0.0,-0.8,0.0,0.0,16.0,25903.0
2026-07-30T18:59:52.575Z,162.058,162.072,0.0,7.4,0.0,0.0,0.0,0.0,0.0,0.0,0.0,0.0,1.0,0.0,0.0,0.0,9.0,4.0,0.0,0.0,0.0,0.0,0.0,0.0,0.0,0.0,2.0,12.0,1.0,12.17,5.01,2.51,1.49,0.0,0.0,0.0,0.5,0.0,0.4,-1.1,-0.1,-169.70000000000002,0.0,0.0,169.70000000000002,0.0,21.700000000000003,30.1,30.0,30.700000000000003,300.0,300.0,31.1,35.0,29.8,29.1,30.9,4.95,1.99,4.97,0.16,0.0,0.0,1027.0,8228.0,0.0,0.0,0.0,0.0,0.0,1.0,0.0,0.0,0.0,0.0,0.0,-1.3,0.0,-0.1,0.0,0.0,16.0,25903.0
2026-07-30T18:59:52.588Z,162.071,162.084,0.0,7.4,0.0,0.0,0.0,0.0,0.0,0.0,0.0,0.0,1.0,0.0,0.0,0.0,9.0,4.0,0.0,0.0,0.0,0.0,0.0,0.0,0.0,0.0,3.0,12.0,1.0,12.17,5.0200000000000005,2.51,1.49,0.0,0.0,0.0,0.4,0.0,-0.1,-0.6000000000000001,0.3,-169.70000000000002,0.0,0.0,169.8,0.0,21.9,30.1,30.0,30.700000000000003,300.0,300.0,30.9,35.0,29.8,29.1,31.0,4.96,2.0,4.96,0.16,0.0,0.0,1027.0,8228.0,0.0,0.0,0.0,0.0,0.0,1.0,0.0,0.0,0.0,0.0,0.0,-0.4,0.0,-0.4,0.0,0.0001,16.0,25903.0
2026-07-30T18:59:52.600Z,162.083,162.096,0.0,7.4,0.0,0.0,0.0,0.0,0.0,0.0,0.0,0.0,1.0,0.0,0.0,0.0,9.0,4.0,0.0,0.0,0.0,0.0,0.0,0.0,0.0,0.0,4.0,12.0,1.0,12.17,5.0200000000000005,2.51,1.49,0.0,0.0,0.0,0.4,0.0,-0.1,1.1,-0.1,-169.70000000000002,0.0,0.0,169.70000000000002,0.0,21.9,30.1,30.0,30.700000000000003,300.0,300.0,30.9,35.0,29.8,29.1,31.0,4.96,1.99,4.97,0.16,0.0,0.0,1027.0,8228.0,0.0,0.0,0.0,0.0,0.0,1.0,0.0,0.0,0.0,0.0,0.0,1.1,0.0,0.4,0.0,0.0,16.0,25903.0
2026-07-30T18:59:52.611Z,162.094,162.108,0.0,7.4,0.0,0.0,0.0,0.0,0.0,0.0,0.0,0.0,1.0,0.0,0.0,0.0,9.0,4.0,0.0,0.0,0.0,0.0,0.0,0.0,0.0,0.0,5.0,12.0,1.0,12.17,5.0200000000000005,2.51,1.49,0.0,0.0,0.0,0.4,0.0,1.6,1.1,1.5,-169.70000000000002,0.0,0.0,169.70000000000002,0.0,21.9,30.1,30.0,30.700000000000003,300.0,300.0,30.9,35.0,29.8,29.1,31.0,4.95,1.99,4.97,0.16,0.0,0.0,1027.0,8228.0,0.0,0.0,0.0,0.0,0.0,1.0,0.0,0.0,0.0,0.0,0.0,2.5,0.0,-1.1,0.0,0.0,16.0,25903.0
2026-07-30T18:59:52.624Z,162.107,162.12,0.0,7.4,0.0,0.0,0.0,0.0,0.0,0.0,0.0,0.0,1.0,0.0,0.0,0.0,9.0,4.0,0.0,0.0,0.0,0.0,0.0,0.0,0.0,0.0,6.0,12.0,1.0,12.17,5.0200000000000005,2.51,1.49,0.0,0.0,0.0,0.4,0.0,1.0,0.5,-0.7000000000000001,-169.70000000000002,0.0,0.0,169.70000000000002,0.0,21.9,30.1,30.0,30.700000000000003,300.0,300.0,30.9,35.0,29.8,29.1,31.0,4.96,1.99,4.96,0.16,0.0,0.0,1027.0,8228.0,0.0,0.0,0.0,0.0,0.0,1.0,0.0,0.0,0.0,0.0,0.0,0.1,0.0,0.7000000000000001,0.0,0.0001,16.0,25903.0
2026-07-30T18:59:52.635Z,162.118,162.132,0.0,7.4,0.0,0.0,0.0,0.0,0.0,0.0,0.0,0.0,1.0,0.0,0.0,0.0,9.0,4.0,0.0,0.0,0.0,0.0,0.0,0.0,0.0,0.0,1.0,12.0,1.0,12.17,5.0200000000000005,2.51,1.49,0.0,0.0,0.0,0.4,0.0,-1.2000000000000002,-1.7000000000000002,-0.7000000000000001,-169.70000000000002,0.0,0.0,169.8,0.0,21.9,30.1,30.0,30.700000000000003,300.0,300.0,30.9,35.0,29.8,29.1,31.0,4.95,2.0,4.96,0.16,0.0,0.0,1027.0,8228.0,0.0,0.0,0.0,0.0,0.0,1.0,0.0,0.0,0.0,0.0,0.0,-2.4000000000000004,0.0,0.2,0.0,0.0,16.0,25903.0
2026-07-30T18:59:52.647Z,162.13,162.144,0.0,7.4,0.0,0.0,0.0,0.0,0.0,0.0,0.0,0.0,1.0,0.0,0.0,0.0,9.0,4.0,0.0,0.0,0.0,0.0,0.0,0.0,0.0,0.0,2.0,12.0,1.0,12.17,5.0200000000000005,2.51,1.49,0.0,0.1,0.0,0.4,0.0,0.4,0.5,0.0,-169.70000000000002,0.0,0.0,169.70000000000002,0.0,21.9,30.1,30.0,30.700000000000003,300.0,300.0,30.9,35.0,29.8,29.1,31.0,4.95,1.99,4.97,0.16,0.0,0.0,1027.0,8228.0,0.0,0.0,0.0,0.0,0.0,1.0,0.0,0.0,0.0,0.0,0.0,0.5,0.0,0.1,0.0,0.0001,16.0,25903.0
2026-07-30T18:59:52.660Z,162.143,162.156,0.0,7.4,0.0,0.0,0.0,0.0,0.0,0.0,0.0,0.0,1.0,0.0,0.0,0.0,9.0,4.0,0.0,0.0,0.0,0.0,0.0,0.0,0.0,0.0,3.0,12.0,1.0,12.17,5.0200000000000005,2.51,1.49,0.0,0.0,0.0,0.4,0.0,0.4,-0.5,0.0,-169.70000000000002,0.0,0.0,169.60000000000002,0.0,21.9,30.1,30.0,30.700000000000003,300.0,300.0,30.9,35.0,29.8,29.1,31.0,4.96,2.0,4.97,0.16,0.0,0.0,1027.0,8228.0,0.0,0.0,0.0,0.0,0.0,1.0,0.0,0.0,0.0,0.0,0.0,-0.7000000000000001,0.0,0.0,0.0,0.0001,16.0,25903.0
2026-07-30T18:59:52.672Z,162.155,162.168,0.0,7.4,0.0,0.0,0.0,0.0,0.0,0.0,0.0,0.0,1.0,0.0,0.0,0.0,9.0,4.0,0.0,0.0,0.0,0.0,0.0,0.0,0.0,0.0,4.0,12.0,1.0,12.17,5.0200000000000005,2.51,1.49,0.0,0.1,0.0,0.4,0.0,1.0,1.2000000000000002,1.6,-169.70000000000002,0.0,0.0,169.60000000000002,0.0,21.9,30.1,30.0,30.700000000000003,300.0,300.0,30.9,35.0,29.8,29.1,31.0,4.96,2.0,4.96,0.16,0.0,0.0,1027.0,8228.0,0.0,0.0,0.0,0.0,0.0,1.0,0.0,0.0,0.0,0.0,0.0,2.6,0.0,-1.2000000000000002,0.0,0.0001,16.0,25903.0
2026-07-30T18:59:52.684Z,162.167,162.18,0.0,7.4,0.0,0.0,0.0,0.0,0.0,0.0,0.0,0.0,1.0,0.0,0.0,0.0,9.0,4.0,0.0,0.0,0.0,0.0,0.0,0.0,0.0,0.0,5.0,12.0,1.0,12.17,5.01,2.51,1.5,0.0,0.0,0.0,0.4,0.0,-0.1,-1.1,-0.6000000000000001,-169.70000000000002,0.0,0.0,169.70000000000002,0.0,21.4,30.1,30.0,30.700000000000003,300.0,300.0,31.0,35.0,29.8,29.1,30.9,4.95,1.99,4.97,0.16,0.0,0.0,1027.0,8228.0,0.0,0.0,0.0,0.0,0.0,1.0,0.0,0.0,0.0,0.0,0.0,-1.8,0.0,0.3,0.0,0.0,16.0,25903.0
2026-07-30T18:59:52.696Z,162.179,162.192,0.0,7.4,0.0,0.0,0.0,0.0,0.0,0.0,0.0,0.0,1.0,0.0,0.0,0.0,9.0,4.0,0.0,0.0,0.0,0.0,0.0,0.0,0.0,0.0,6.0,12.0,1.0,12.17,5.01,2.51,1.5,0.0,0.1,0.0,0.4,0.0,-0.1,-0.6000000000000001,-0.1,-169.70000000000002,0.0,0.0,169.8,0.0,21.4,30.1,30.0,30.700000000000003,300.0,300.0,31.0,35.0,29.8,29.1,30.9,4.95,1.99,4.96,0.16,0.0,0.0,1027.0,8228.0,0.0,0.0,0.0,0.0,0.0,1.0,0.0,0.0,0.0,0.0,0.0,-0.7000000000000001,0.0,0.0,0.0,0.0002,16.0,25903.0
2026-07-30T18:59:52.708Z,162.191,162.204,0.0,7.4,0.0,0.0,0.0,0.0,0.0,0.0,0.0,0.0,1.0,0.0,0.0,0.0,9.0,4.0,0.0,0.0,0.0,0.0,0.0,0.0,0.0,0.0,1.0,12.0,1.0,12.17,5.01,2.51,1.5,0.0,0.0,0.0,0.4,0.0,-0.7000000000000001,1.1,0.0,-169.70000000000002,0.0,0.0,169.8,0.0,21.4,30.1,30.0,30.700000000000003,300.0,300.0,31.0,35.0,29.8,29.1,30.9,4.96,1.99,4.96,0.16,0.0,0.0,1027.0,8228.0,0.0,0.0,0.0,0.0,0.0,1.0,0.0,0.0,0.0,0.0,0.0,1.2000000000000002,0.0,0.3,0.0,0.0001,16.0,25903.0
2026-07-30T18:59:52.720Z,162.203,162.216,0.0,7.4,0.0,0.0,0.0,0.0,0.0,0.0,0.0,0.0,1.0,0.0,0.0,0.0,9.0,4.0,0.0,0.0,0.0,0.0,0.0,0.0,0.0,0.0,2.0,12.0,1.0,12.17,5.01,2.51,1.5,0.0,0.0,0.0,0.4,0.0,0.3,-0.5,0.0,-169.70000000000002,0.0,0.0,169.70000000000002,0.0,21.4,30.1,30.0,30.700000000000003,300.0,300.0,31.0,35.0,29.8,29.1,30.9,4.95,1.99,4.96,0.16,0.0,0.0,1027.0,8228.0,0.0,0.0,0.0,0.0,0.0,1.0,0.0,0.0,0.0,0.0,0.0,-0.7000000000000001,0.0,0.0,0.0,0.0,16.0,25903.0
2026-07-30T18:59:52.732Z,162.215,162.228,0.0,7.4,0.0,0.0,0.0,0.0,0.0,0.0,0.0,0.0,1.0,0.0,0.0,0.0,9.0,4.0,0.0,0.0,0.0,0.0,0.0,0.0,0.0,0.0,3.0,12.0,1.0,12.17,5.01,2.51,1.5,0.0,0.0,0.0,0.4,0.0,0.9,0.5,1.6,-169.70000000000002,0.0,0.0,169.8,0.0,21.4,30.1,30.0,30.700000000000003,300.0,300.0,31.0,35.0,29.8,29.1,30.9,4.95,1.99,4.97,0.16,0.0,0.0,1027.0,8228.0,0.0,0.0,0.0,0.0,0.0,1.0,0.0,0.0,0.0,0.0,0.0,-0.9,0.0,-0.6000000000000001,0.0,0.0001,16.0,25903.0
2026-07-30T18:59:52.744Z,162.227,162.24,0.0,7.4,0.0,0.0,0.0,0.0,0.0,0.0,0.0,0.0,1.0,0.0,0.0,0.0,9.0,4.0,0.0,0.0,0.0,0.0,0.0,0.0,0.0,0.0,4.0,12.0,1.0,12.17,5.01,2.51,1.5,0.0,0.0,0.0,0.4,0.0,0.3,-0.6000000000000001,-1.3,-169.70000000000002,0.0,0.0,169.8,0.0,21.4,30.1,30.0,30.700000000000003,300.0,300.0,31.0,35.0,29.8,29.1,30.9,4.95,1.99,4.96,0.16,0.0,0.0,1027.0,8228.0,0.0,0.0,0.0,0.0,0.0,1.0,0.0,0.0,0.0,0.0,0.0,-1.7000000000000002,0.0,1.0,0.0,0.0002,16.0,25903.0
2026-07-30T18:59:52.756Z,162.239,162.252,0.0,7.4,0.0,0.0,0.0,0.0,0.0,0.0,0.0,0.0,1.0,0.0,0.0,0.0,9.0,4.0,0.0,0.0,0.0,0.0,0.0,0.0,0.0,0.0,5.0,12.0,1.0,12.17,5.01,2.51,1.5,0.0,0.0,0.0,0.4,0.0,0.9,0.0,-0.1,-169.70000000000002,0.0,0.0,169.70000000000002,0.0,21.4,30.1,30.0,30.700000000000003,300.0,300.0,31.0,35.0,29.8,29.1,30.9,4.96,1.99,4.96,0.16,0.0,0.0,1027.0,8228.0,0.0,0.0,0.0,0.0,0.0,1.0,0.0,0.0,0.0,0.0,0.0,-0.1,0.0,0.1,0.0,0.0001,16.0,25903.0
2026-07-30T18:59:52.775Z,162.258,162.264,0.0,7.4,0.0,0.0,0.0,0.0,0.0,0.0,0.0,0.0,1.0,0.0,0.0,0.0,9.0,4.0,0.0,0.0,0.0,0.0,0.0,0.0,0.0,0.0,6.0,12.0,1.0,12.17,5.01,2.51,1.5,0.0,0.0,0.0,0.4,0.0,0.3,0.0,-0.2,-169.70000000000002,0.0,0.0,169.70000000000002,0.0,21.4,30.1,30.0,30.700000000000003,300.0,300.0,31.0,35.0,29.8,29.1,30.9,4.95,1.99,4.97,0.16,0.0,0.0,1027.0,8228.0,0.0,0.0,0.0,0.0,0.0,1.0,0.0,0.0,0.0,0.0,0.0,-0.1,0.0,0.1,0.0,0.0001,16.0,25903.0
2026-07-30T18:59:52.780Z,162.263,162.276,0.0,7.4,0.0,0.0,0.0,0.0,0.0,0.0,0.0,0.0,1.0,0.0,0.0,0.0,9.0,4.0,0.0,0.0,0.0,0.0,0.0,0.0,0.0,0.0,4.0,12.0,1.0,12.17,5.01,2.51,1.5,0.0,0.0,0.0,0.4,0.0,-0.2,-1.2000000000000002,-1.3,-169.70000000000002,0.0,0.0,169.8,0.0,21.4,30.1,30.0,30.700000000000003,300.0,300.0,31.0,35.0,29.8,29.1,30.9,4.95,1.99,4.96,0.16,0.0,0.0,1027.0,8228.0,0.0,0.0,0.0,0.0,0.0,1.0,0.0,0.0,0.0,0.0,0.0,-2.4000000000000004,0.0,0.9,0.0,0.0,16.0,25903.0
2026-07-30T18:59:52.792Z,162.275,162.288,0.0,7.4,0.0,0.0,0.0,0.0,0.0,0.0,0.0,0.0,1.0,0.0,0.0,0.0,9.0,4.0,0.0,0.0,0.0,0.0,0.0,0.0,0.0,0.0,4.0,12.0,1.0,12.15,5.01,2.5,1.49,0.0,0.0,0.0,0.4,0.0,-0.2,-0.6000000000000001,-0.1,-169.70000000000002,0.0,0.0,169.70000000000002,0.0,21.8,30.1,30.0,30.700000000000003,300.0,300.0,31.0,35.0,29.8,29.1,30.9,4.95,2.0,4.96,0.16,0.0,0.0,1027.0,8228.0,0.0,0.0,0.0,0.0,0.0,1.0,0.0,0.0,0.0,0.0,0.0,-1.7000000000000002,0.0,1.0,0.0,0.0002,16.0,25903.0
2026-07-30T18:59:52.803Z,162.286,162.3,0.0,7.4,0.0,0.0,0.0,0.0,0.0,0.0,0.0,0.0,1.0,0.0,0.0,0.0,9.0,4.0,0.0,0.0,0.0,0.0,0.0,0.0,0.0,0.0,6.0,12.0,1.0,12.15,5.01,2.5,1.49,0.0,0.0,0.0,0.4,0.0,-0.3,0.0,-0.7000000000000001,-169.70000000000002,0.0,0.0,169.8,0.0,21.8,30.1,30.0,30.700000000000003,300.0,300.0,31.0,35.0,29.8,29.1,30.9,4.95,1.99,4.96,0.16,0.0,0.0,1027.0,8228.0,0.0,0.0,0.0,0.0,0.0,1.0,0.0,0.0,0.0,0.0,0.0,-0.2,0.0,0.1,0.0,0.0001,16.0,25903.0
2026-07-30T18:59:52.816Z,162.299,162.312,0.0,7.4,0.0,0.0,0.0,0.0,0.0,0.0,0.0,0.0,1.0,0.0,0.0,0.0,9.0,4.0,0.0,0.0,0.0,0.0,0.0,0.0,0.0,0.0,1.0,12.0,1.0,12.15,5.01,2.5,1.49,0.0,0.0,0.0,0.4,0.0,0.2,0.0,0.3,-169.70000000000002,0.0,0.0,169.70000000000002,0.0,21.8,30.1,30.0,30.700000000000003,300.0,300.0,31.0,35.0,29.8,29.1,30.9,4.95,1.99,4.97,0.16,0.0,0.0,1027.0,8228.0,0.0,0.0,0.0,0.0,0.0,1.0,0.0,0.0,0.0,0.0,0.0,-0.9,0.0,0.0,0.0,0.0001,16.0,25903.0
2026-07-30T18:59:52.827Z,162.31,162.324,0.0,7.4,0.0,0.0,0.0,0.0,0.0,0.0,0.0,0.0,1.0,0.0,0.0,0.0,9.0,4.0,0.0,0.0,0.0,0.0,0.0,0.0,0.0,0.0,2.0,12.0,1.0,12.15,5.01,2.5,1.49,0.0,0.0,0.0,0.4,0.0,-0.3,-0.6000000000000001,-0.1,-169.70000000000002,0.0,0.0,169.70000000000002,0.0,21.8,30.1,30.0,30.700000000000003,300.0,300.0,31.0,35.0,29.8,29.1,30.9,4.96,1.99,4.96,0.16,0.0,0.0,1027.0,8228.0,0.0,0.0,0.0,0.0,0.0,1.0,0.0,0.0,0.0,0.0,0.0,-0.9,0.0,0.0,0.0,0.0,16.0,25903.0
2026-07-30T18:59:52.839Z,162.322,162.336,0.0,7.4,0.0,0.0,0.0,0.0,0.0,0.0,0.0,0.0,1.0,0.0,0.0,0.0,9.0,4.0,0.0,0.0,0.0,0.0,0.0,0.0,0.0,0.0,3.0,12.0,1.0,12.15,5.01,2.5,1.49,0.0,0.0,0.0,0.4,0.0,-0.3,0.5,-0.1,-169.70000000000002,0.0,0.0,169.8,0.0,21.8,30.1,30.0,30.700000000000003,300.0,300.0,31.0,35.0,29.8,29.1,30.9,4.96,1.99,4.97,0.16,0.0,0.0,1027.0,8228.0,0.0,0.0,0.0,0.0,0.0,1.0,0.0,0.0,0.0,0.0,0.0,0.4,0.0,0.2,0.0,0.0001,16.0,25903.0
2026-07-30T18:59:52.852Z,162.335,162.348,0.0,7.4,0.0,0.0,0.0,0.0,0.0,0.0,0.0,0.0,1.0,0.0,0.0,0.0,9.0,4.0,0.0,0.0,0.0,0.0,0.0,0.0,0.0,0.0,4.0,12.0,1.0,12.15,5.01,2.5,1.49,0.0,0.0,0.0,0.4,0.0,0.2,0.0,-0.7000000000000001,-169.70000000000002,0.0,0.0,169.70000000000002,0.0,21.8,30.1,30.0,30.700000000000003,300.0,300.0,31.0,35.0,29.8,29.1,30.9,4.95,1.99,4.97,0.16,0.0,0.0,1027.0,8228.0,0.0,0.0,0.0,0.0,0.0,1.0,0.0,0.0,0.0,0.0,0.0,-0.6000000000000001,0.0,0.6000000000000001,0.0,0.0001,16.0,25903.0
2026-07-30T18:59:52.864Z,162.347,162.36,0.0,7.4,0.0,0.0,0.0,0.0,0.0,0.0,0.0,0.0,1.0,0.0,0.0,0.0,9.0,4.0,0.0,0.0,0.0,0.0,0.0,0.0,0.0,0.0,5.0,12.0,1.0,12.15,5.01,2.5,1.49,0.0,0.0,0.0,0.4,0.0,-0.3,-1.1,-1.3,-169.70000000000002,0.0,0.0,169.8,0.0,21.8,30.1,30.0,30.700000000000003,300.0,300.0,31.0,35.0,29.8,29.1,30.9,4.95,1.99,4.96,0.16,0.0,0.0,1027.0,8228.0,0.0,0.0,0.0,0.0,0.0,1.0,0.0,0.0,0.0,0.0,0.0,-2.3000000000000003,0.0,0.9,0.0,0.0001,16.0,25903.0
2026-07-30T18:59:52.876Z,162.359,162.372,0.0,7.4,0.0,0.0,0.0,0.0,0.0,0.0,0.0,0.0,1.0,0.0,0.0,0.0,9.0,4.0,0.0,0.0,0.0,0.0,0.0,0.0,0.0,0.0,6.0,12.0,1.0,12.15,5.01,2.5,1.49,0.0,0.0,0.0,0.4,0.0,-0.9,-1.1,-0.7000000000000001,-169.70000000000002,0.0,0.0,169.8,0.0,21.8,30.1,30.0,30.700000000000003,300.0,300.0,31.0,35.0,29.8,29.1,30.9,4.95,1.99,4.97,0.16,0.0,0.0,1027.0,8228.0,0.0,0.0,0.0,0.0,0.0,1.0,0.0,0.0,0.0,0.0,0.0,-1.8,0.0,0.4,0.0,0.0001,16.0,25903.0
2026-07-30T18:59:52.888Z,162.371,162.384,0.0,7.4,0.0,0.0,0.0,0.0,0.0,0.0,0.0,0.0,1.0,0.0,0.0,0.0,9.0,4.0,0.0,0.0,0.0,0.0,0.0,0.0,0.0,0.0,1.0,12.0,1.0,12.15,5.0200000000000005,2.51,1.49,0.0,0.0,0.0,0.4,0.0,0.2,-0.5,-1.9,-169.70000000000002,0.0,0.0,169.8,0.0,21.3,30.1,30.0,30.700000000000003,300.0,300.0,31.0,35.0,29.8,29.1,30.9,4.95,1.99,4.96,0.16,0.0,0.0,1027.0,8228.0,0.0,0.0,0.0,0.0,0.0,1.0,0.0,0.0,0.0,0.0,0.0,-2.0,0.0,1.5,0.0,0.0,16.0,25903.0
2026-07-30T18:59:52.899Z,162.382,162.39600000000002,0.0,7.4,0.0,0.0,0.0,0.0,0.0,0.0,0.0,0.0,1.0,0.0,0.0,0.0,9.0,4.0,0.0,0.0,0.0,0.0,0.0,0.0,0.0,0.0,2.0,12.0,1.0,12.15,5.0200000000000005,2.51,1.49,0.0,0.0,0.0,0.5,0.0,0.2,1.2000000000000002,-0.1,-169.70000000000002,0.0,0.0,169.70000000000002,0.0,21.3,30.1,30.0,30.700000000000003,300.0,300.0,31.0,35.0,29.8,29.1,30.9,4.96,1.99,4.96,0.16,0.0,0.0,1027.0,8228.0,0.0,0.0,0.0,0.0,0.0,1.0,0.0,0.0,0.0,0.0,0.0,1.2000000000000002,0.0,0.3,0.0,0.0001,16.0,25903.0
2026-07-30T18:59:52.911Z,162.394,162.40800000000002,0.0,7.4,0.0,0.0,0.0,0.0,0.0,0.0,0.0,0.0,1.0,0.0,0.0,0.0,9.0,4.0,0.0,0.0,0.0,0.0,0.0,0.0,0.0,0.0,3.0,12.0,1.0,12.15,5.0200000000000005,2.51,1.49,0.0,0.0,0.0,0.4,0.0,0.2,0.1,0.4,-169.70000000000002,0.0,0.0,169.70000000000002,0.0,21.3,30.1,30.0,30.700000000000003,300.0,300.0,31.0,35.0,29.8,29.1,30.9,4.96,1.99,4.96,0.16,0.0,0.0,1027.0,8228.0,0.0,0.0,0.0,0.0,0.0,1.0,0.0,0.0,0.0,0.0,0.0,0.4,0.0,-0.3,0.0,0.0002,16.0,25903.0
2026-07-30T18:59:52.923Z,162.406,162.42000000000002,0.0,7.4,0.0,0.0,0.0,0.0,0.0,0.0,0.0,0.0,1.0,0.0,0.0,0.0,9.0,4.0,0.0,0.0,0.0,0.0,0.0,0.0,0.0,0.0,4.0,12.0,1.0,12.15,5.0200000000000005,2.51,1.49,0.0,0.0,0.0,0.4,0.0,-0.8,0.6000000000000001,0.3,-169.70000000000002,0.0,0.0,169.8,0.0,21.3,30.1,30.0,30.700000000000003,300.0,300.0,31.0,35.0,29.8,29.1,30.9,4.95,1.99,4.96,0.16,0.0,0.0,1027.0,8228.0,0.0,0.0,0.0,0.0,0.0,1.0,0.0,0.0,0.0,0.0,0.0,1.0,0.0,-0.2,0.0,0.0001,16.0,25903.0
2026-07-30T18:59:52.936Z,162.419,162.43200000000002,0.0,7.4,0.0,0.0,0.0,0.0,0.0,0.0,0.0,0.0,1.0,0.0,0.0,0.0,9.0,4.0,0.0,0.0,0.0,0.0,0.0,0.0,0.0,0.0,5.0,12.0,1.0,12.15,5.0200000000000005,2.51,1.49,0.0,0.0,0.0,0.5,0.0,-0.2,-0.4,-0.7000000000000001,-169.70000000000002,0.0,0.0,169.8,0.0,21.3,30.1,30.0,30.700000000000003,300.0,300.0,31.0,35.0,29.8,29.1,30.9,4.95,2.0,4.96,0.16,0.0,0.0,1027.0,8228.0,0.0,0.0,0.0,0.0,0.0,1.0,0.0,0.0,0.0,0.0,0.0,-1.0,0.0,0.5,0.0,0.0001,16.0,25903.0
2026-07-30T18:59:52.947Z,162.43,162.44400000000002,0.0,7.4,0.0,0.0,0.0,0.0,0.0,0.0,0.0,0.0,1.0,0.0,0.0,0.0,9.0,4.0,0.0,0.0,0.0,0.0,0.0,0.0,0.0,0.0,6.0,12.0,1.0,12.15,5.0200000000000005,2.51,1.49,0.0,0.0,0.0,0.5,0.0,-0.2,1.3,0.4,-169.70000000000002,0.0,0.0,169.8,0.0,21.3,30.1,30.0,30.700000000000003,300.0,300.0,31.0,35.0,29.8,29.1,30.9,4.96,2.0,4.96,0.16,0.0,0.0,1027.0,8228.0,0.0,0.0,0.0,0.0,0.0,1.0,0.0,0.0,0.0,0.0,0.0,1.8,0.0,-0.1,0.0,0.0001,16.0,25903.0
2026-07-30T18:59:52.959Z,162.442,162.45600000000002,0.0,7.4,0.0,0.0,0.0,0.0,0.0,0.0,0.0,0.0,1.0,0.0,0.0,0.0,9.0,4.0,0.0,0.0,0.0,0.0,0.0,0.0,0.0,0.0,1.0,12.0,1.0,12.15,5.0200000000000005,2.51,1.49,0.0,0.0,0.0,0.4,0.0,-0.2,0.7000000000000001,-0.1,-169.70000000000002,0.0,0.0,169.70000000000002,0.0,21.3,30.1,30.0,30.700000000000003,300.0,300.0,31.0,35.0,29.8,29.1,30.9,4.95,2.0,4.97,0.16,0.0,0.0,1027.0,8228.0,0.0,0.0,0.0,0.0,0.0,1.0,0.0,0.0,0.0,0.0,0.0,0.7000000000000001,0.0,0.3,0.0,0.0,16.0,25903.0
2026-07-30T18:59:52.972Z,162.455,162.468,0.0,7.4,0.0,0.0,0.0,0.0,0.0,0.0,0.0,0.0,1.0,0.0,0.0,0.0,9.0,4.0,0.0,0.0,0.0,0.0,0.0,0.0,0.0,0.0,2.0,12.0,1.0,12.15,5.0200000000000005,2.51,1.49,0.0,0.0,0.0,0.4,0.0,0.3,-0.3,-0.7000000000000001,-169.70000000000002,0.0,0.0,169.8,0.0,21.3,30.1,30.0,30.700000000000003,300.0,300.0,31.0,35.0,29.8,29.1,30.9,4.95,1.99,4.97,0.16,0.0,0.0,1027.0,8228.0,0.0,0.0,0.0,0.0,0.0,1.0,0.0,0.0,0.0,0.0,0.0,-0.9,0.0,0.5,0.0,0.0001,16.0,25903.0
2026-07-30T18:59:52.984Z,162.467,162.48,0.0,7.4,0.0,0.0,0.0,0.0,0.0,0.0,0.0,0.0,1.0,0.0,0.0,0.0,9.0,4.0,0.0,0.0,0.0,0.0,0.0,0.0,0.0,0.0,3.0,12.0,1.0,12.15,5.0200000000000005,2.51,1.49,0.0,0.0,0.0,0.4,0.0,0.9,1.3,0.4,-169.70000000000002,0.0,0.0,169.70000000000002,0.0,21.3,30.1,30.0,30.700000000000003,300.0,300.0,31.0,35.0,29.8,29.1,30.9,4.95,2.0,4.96,0.16,0.0,0.0,1027.0,8228.0,0.0,0.0,0.0,0.0,0.0,1.0,0.0,0.0,0.0,0.0,0.0,1.8,0.0,-0.1,0.0,0.0,16.0,25903.0
2026-07-30T18:59:52.996Z,162.479,162.492,0.0,7.4,0.0,0.0,0.0,0.0,0.0,0.0,0.0,0.0,1.0,0.0,0.0,0.0,9.0,4.0,0.0,0.0,0.0,0.0,0.0,0.0,0.0,0.0,5.0,12.0,1.0,12.19,5.0200000000000005,2.5,1.49,0.0,0.0,0.0,0.4,0.0,0.3,0.1,-1.2000000000000002,-169.70000000000002,0.0,0.0,169.8,0.0,21.9,30.1,30.0,30.700000000000003,300.0,300.0,31.0,35.0,29.8,29.1,30.9,4.95,1.99,4.96,0.16,0.0,0.0,1027.0,8228.0,0.0,0.0,0.0,0.0,0.0,1.0,0.0,0.0,0.0,0.0,0.0,-0.7000000000000001,0.0,1.1,0.0,0.0001,16.0,25903.0
2026-07-30T18:59:53.008Z,162.491,162.504,0.0,7.4,0.0,0.0,0.0,0.0,0.0,0.0,0.0,0.0,1.0,0.0,0.0,0.0,9.0,4.0,0.0,0.0,0.0,0.0,0.0,0.0,0.0,0.0,5.0,12.0,1.0,12.19,5.0200000000000005,2.5,1.49,0.0,0.0,0.0,0.4,0.0,-0.2,-0.9,-0.7000000000000001,-169.70000000000002,0.0,0.0,169.8,0.0,21.9,30.1,30.0,30.700000000000003,300.0,300.0,31.0,35.0,29.8,29.1,30.9,4.95,1.99,4.97,0.16,0.0,0.0,1027.0,8228.0,0.0,0.0,0.0,0.0,0.0,1.0,0.0,0.0,0.0,0.0,0.0,-1.6,0.0,0.4,0.0,0.0,16.0,25903.0
2026-07-30T18:59:53.020Z,162.503,162.516,0.0,7.4,0.0,0.0,0.0,0.0,0.0,0.0,0.0,0.0,1.0,0.0,0.0,0.0,9.0,4.0,0.0,0.0,0.0,0.0,0.0,0.0,0.0,0.0,6.0,12.0,1.0,12.19,5.0200000000000005,2.5,1.49,0.0,0.1,0.0,0.4,0.0,0.9,-0.4,1.0,-169.70000000000002,0.0,0.0,169.8,0.0,21.9,30.1,30.0,30.700000000000003,300.0,300.0,31.0,35.0,29.8,29.1,30.9,4.96,2.0,4.96,0.16,0.0,0.0,1027.0,8228.0,0.0,0.0,0.0,0.0,0.0,1.0,0.0,0.0,0.0,0.0,0.0,0.3,0.0,-0.9,0.0,0.0001,16.0,25903.0
2026-07-30T18:59:53.032Z,162.515,162.528,0.0,7.4,0.0,0.0,0.0,0.0,0.0,0.0,0.0,0.0,1.0,0.0,0.0,0.0,9.0,4.0,0.0,0.0,0.0,0.0,0.0,0.0,0.0,0.0,1.0,12.0,1.0,12.19,5.0200000000000005,2.5,1.49,0.0,0.0,0.0,0.4,0.0,-0.8,-0.4,-0.7000000000000001,-169.70000000000002,0.0,0.0,169.70000000000002,0.0,21.9,30.1,30.0,30.700000000000003,300.0,300.0,31.0,35.0,29.8,29.1,30.9,4.96,2.0,4.97,0.16,0.0,0.0,1027.0,8228.0,0.0,0.0,0.0,0.0,0.0,1.0,0.0,0.0,0.0,0.0,0.0,-0.9,0.0,0.5,0.0,0.0,16.0,25903.0
2026-07-30T18:59:53.044Z,162.527,162.54,0.0,7.4,0.0,0.0,0.0,0.0,0.0,0.0,0.0,0.0,1.0,0.0,0.0,0.0,9.0,4.0,0.0,0.0,0.0,0.0,0.0,0.0,0.0,0.0,2.0,12.0,1.0,12.19,5.0200000000000005,2.5,1.49,0.0,0.0,0.0,0.4,0.0,0.3,0.1,1.0,-169.70000000000002,0.0,0.0,169.8,0.0,21.9,30.1,30.0,30.700000000000003,300.0,300.0,31.0,35.0,29.8,29.1,30.9,4.95,1.99,4.97,0.16,0.0,0.0,1027.0,8228.0,0.0,0.0,0.0,0.0,0.0,1.0,0.0,0.0,0.0,0.0,0.0,0.9,0.0,-0.8,0.0,0.0001,16.0,25903.0
2026-07-30T18:59:53.055Z,162.538,162.552,0.0,7.4,0.0,0.0,0.0,0.0,0.0,0.0,0.0,0.0,1.0,0.0,0.0,0.0,9.0,4.0,0.0,0.0,0.0,0.0,0.0,0.0,0.0,0.0,3.0,12.0,1.0,12.19,5.0200000000000005,2.5,1.49,0.0,0.0,0.0,0.5,0.0,0.9,0.2,-0.1,-169.70000000000002,0.0,0.0,169.70000000000002,0.0,21.9,30.1,30.0,30.700000000000003,300.0,300.0,31.0,35.0,29.8,29.1,30.9,4.95,1.99,4.97,0.16,0.0,0.0,1027.0,8228.0,0.0,0.0,0.0,0.0,0.0,1.0,0.0,0.0,0.0,0.0,0.0,0.1,0.0,0.1,0.0,0.0001,16.0,25903.0
2026-07-30T18:59:53.067Z,162.55,162.564,0.0,7.4,0.0,0.0,0.0,0.0,0.0,0.0,0.0,0.0,1.0,0.0,0.0,0.0,9.0,4.0,0.0,0.0,0.0,0.0,0.0,0.0,0.0,0.0,4.0,12.0,1.0,12.19,5.0200000000000005,2.5,1.49,0.0,0.0,0.0,0.4,0.0,0.9,0.2,0.4,-169.70000000000002,0.0,0.0,169.8,0.0,21.9,30.1,30.0,30.700000000000003,300.0,300.0,31.0,35.0,29.8,29.1,30.9,4.96,2.0,4.96,0.16,0.0,0.0,1027.0,8228.0,0.0,0.0,0.0,0.0,0.0,1.0,0.0,0.0,0.0,0.0,0.0,0.5,0.0,-0.3,0.0,0.0001,16.0,25903.0
2026-07-30T18:59:53.080Z,162.563,162.576,0.0,7.4,0.0,0.0,0.0,0.0,0.0,0.0,0.0,0.0,1.0,0.0,0.0,0.0,9.0,4.0,0.0,0.0,0.0,0.0,0.0,0.0,0.0,0.0,5.0,12.0,1.0,12.19,5.0200000000000005,2.5,1.49,0.0,0.0,0.0,0.4,0.0,-0.2,0.7000000000000001,1.0,-169.70000000000002,0.0,0.0,169.8,0.0,21.9,30.1,30.0,30.700000000000003,300.0,300.0,31.0,35.0,29.8,29.1,30.9,4.96,2.0,4.97,0.16,0.0,0.0,1027.0,8228.0,0.0,0.0,0.0,0.0,0.0,1.0,0.0,0.0,0.0,0.0,0.0,1.6,0.0,-0.7000000000000001,0.0,0.0001,16.0,25903.0
2026-07-30T18:59:53.097Z,162.58,162.588,0.0,7.4,0.0,0.0,0.0,0.0,0.0,0.0,0.0,0.0,1.0,0.0,0.0,0.0,9.0,4.0,0.0,0.0,0.0,0.0,0.0,0.0,0.0,0.0,4.0,12.0,1.0,12.18,5.0200000000000005,2.5,1.49,0.0,0.1,0.0,0.4,0.0,0.3,0.7000000000000001,-0.7000000000000001,-169.70000000000002,0.0,0.0,169.70000000000002,0.0,21.200000000000003,30.0,30.0,30.700000000000003,300.0,300.0,31.0,35.0,29.8,29.1,30.9,4.95,1.99,4.97,0.16,0.0,0.0,1027.0,8228.0,0.0,0.0,0.0,0.0,0.0,1.0,0.0,0.0,0.0,0.0,0.0,0.3,0.0,0.7000000000000001,0.0,0.0,16.0,25903.0
2026-07-30T18:59:53.103Z,162.586,162.6,0.0,7.4,0.0,0.0,0.0,0.0,0.0,0.0,0.0,0.0,1.0,0.0,0.0,0.0,9.0,4.0,0.0,0.0,0.0,0.0,0.0,0.0,0.0,0.0,3.0,12.0,1.0,12.18,5.0200000000000005,2.5,1.49,0.0,0.0,0.0,0.4,0.0,-0.2,-0.3,0.4,-169.70000000000002,0.0,0.0,169.70000000000002,0.0,21.200000000000003,30.0,30.0,30.700000000000003,300.0,300.0,31.0,35.0,29.8,29.1,30.9,4.96,1.99,4.96,0.16,0.0,0.0,1027.0,8228.0,0.0,0.0,0.0,0.0,0.0,1.0,0.0,0.0,0.0,0.0,0.0,0.0,0.0,-0.5,0.0,0.0,16.0,25903.0
2026-07-30T18:59:53.115Z,162.598,162.612,0.0,7.4,0.0,0.0,0.0,0.0,0.0,0.0,0.0,0.0,1.0,0.0,0.0,0.0,9.0,4.0,0.0,0.0,0.0,0.0,0.0,0.0,0.0,0.0,4.0,12.0,1.0,12.18,5.0200000000000005,2.5,1.49,0.0,0.0,0.0,0.4,0.0,0.9,0.7000000000000001,0.5,-169.70000000000002,0.0,0.0,169.8,0.0,21.200000000000003,30.0,30.0,30.700000000000003,300.0,300.0,31.0,35.0,29.8,29.1,30.9,4.96,1.99,4.96,0.16,0.0,0.0,1027.0,8228.0,0.0,0.0,0.0,0.0,0.0,1.0,0.0,0.0,0.0,0.0,0.0,1.2000000000000002,0.0,-0.2,0.0,0.0,16.0,25903.0
2026-07-30T18:59:53.127Z,162.61,162.624,0.0,7.4,0.0,0.0,0.0,0.0,0.0,0.0,0.0,0.0,1.0,0.0,0.0,0.0,9.0,4.0,0.0,0.0,0.0,0.0,0.0,0.0,0.0,0.0,5.0,12.0,1.0,12.18,5.0200000000000005,2.5,1.49,-0.1,0.1,0.0,0.4,0.0,0.9,0.1,0.0,-169.70000000000002,0.0,0.0,169.8,0.0,21.200000000000003,30.0,30.0,30.700000000000003,300.0,300.0,31.0,35.0,29.8,29.1,30.9,4.96,1.99,4.97,0.16,0.0,0.0,1027.0,8228.0,0.0,0.0,0.0,0.0,0.0,1.0,0.0,0.0,0.0,0.0,0.0,0.1,0.0,0.0,0.0,0.0001,16.0,25903.0
2026-07-30T18:59:53.140Z,162.623,162.636,0.0,7.4,0.0,0.0,0.0,0.0,0.0,0.0,0.0,0.0,1.0,0.0,0.0,0.0,9.0,4.0,0.0,0.0,0.0,0.0,0.0,0.0,0.0,0.0,6.0,12.0,1.0,12.18,5.0200000000000005,2.5,1.49,0.0,0.0,0.0,0.4,0.0,-0.2,0.2,0.0,-169.70000000000002,0.0,0.0,169.8,0.0,21.200000000000003,30.0,30.0,30.700000000000003,300.0,300.0,31.0,35.0,29.8,29.1,30.9,4.95,2.0,4.97,0.16,0.0,0.0,1027.0,8228.0,0.0,0.0,0.0,0.0,0.0,1.0,0.0,0.0,0.0,0.0,0.0,0.1,0.0,0.1,0.0,0.0001,16.0,25903.0
2026-07-30T18:59:53.152Z,162.635,162.648,0.0,7.4,0.0,0.0,0.0,0.0,0.0,0.0,0.0,0.0,1.0,0.0,0.0,0.0,9.0,4.0,0.0,0.0,0.0,0.0,0.0,0.0,0.0,0.0,1.0,12.0,1.0,12.18,5.0200000000000005,2.5,1.49,0.0,0.1,0.0,0.4,0.0,-0.2,-0.3,-0.6000000000000001,-169.70000000000002,0.0,0.0,169.8,0.0,21.200000000000003,30.0,30.0,30.700000000000003,300.0,300.0,31.0,35.0,29.8,29.1,30.9,4.96,2.0,4.96,0.16,0.0,0.0,1027.0,8228.0,0.0,0.0,0.0,0.0,0.0,1.0,0.0,0.0,0.0,0.0,0.0,-0.9,0.0,0.4,0.0,0.0,16.0,25903.0
2026-07-30T18:59:53.163Z,162.646,162.66,0.0,7.4,0.0,0.0,0.0,0.0,0.0,0.0,0.0,0.0,1.0,0.0,0.0,0.0,9.0,4.0,0.0,0.0,0.0,0.0,0.0,0.0,0.0,0.0,2.0,12.0,1.0,12.18,5.0200000000000005,2.5,1.49,0.0,0.1,0.0,0.4,0.0,0.3,-0.9,0.4,-169.70000000000002,0.0,0.0,169.8,0.0,21.200000000000003,30.0,30.0,30.700000000000003,300.0,300.0,31.0,35.0,29.8,29.1,30.9,4.95,1.99,4.97,0.16,0.0,0.0,1027.0,8228.0,0.0,0.0,0.0,0.0,0.0,1.0,0.0,0.0,0.0,0.0,0.0,-0.7000000000000001,0.0,-0.6000000000000001,0.0,0.0001,16.0,25903.0
2026-07-30T18:59:53.175Z,162.658,162.672,0.0,7.4,0.0,0.0,0.0,0.0,0.0,0.0,0.0,0.0,1.0,0.0,0.0,0.0,9.0,4.0,0.0,0.0,0.0,0.0,0.0,0.0,0.0,0.0,3.0,12.0,1.0,12.18,5.0200000000000005,2.5,1.49,0.0,0.0,0.0,0.4,0.0,0.3,-0.4,-0.1,-169.70000000000002,0.0,0.0,169.8,0.0,21.200000000000003,30.0,30.0,30.700000000000003,300.0,300.0,31.0,35.0,29.8,29.1,30.9,4.95,1.99,4.96,0.16,0.0,0.0,1027.0,8228.0,0.0,0.0,0.0,0.0,0.0,1.0,0.0,0.0,0.0,0.0,0.0,-0.5,0.0,0.0,0.0,0.0001,16.0,25903.0
2026-07-30T18:59:53.188Z,162.671,162.684,0.0,7.4,0.0,0.0,0.0,0.0,0.0,0.0,0.0,0.0,1.0,0.0,0.0,0.0,9.0,4.0,0.0,0.0,0.0,0.0,0.0,0.0,0.0,0.0,4.0,12.0,1.0,12.18,5.0200000000000005,2.5,1.49,0.0,0.0,0.0,0.4,0.0,-0.2,-0.4,-0.1,-169.70000000000002,0.0,0.0,169.70000000000002,0.0,21.200000000000003,30.0,30.0,30.700000000000003,300.0,300.0,31.0,35.0,29.8,29.1,30.9,4.96,1.99,4.96,0.16,0.0,0.0,1027.0,8228.0,0.0,0.0,0.0,0.0,0.0,1.0,0.0,0.0,0.0,0.0,0.0,-0.5,0.0,0.0,0.0,0.0,16.0,25903.0
2026-07-30T18:59:53.200Z,162.683,162.696,0.0,7.4,0.0,0.0,0.0,0.0,0.0,0.0,0.0,0.0,1.0,0.0,0.0,0.0,9.0,4.0,0.0,0.0,0.0,0.0,0.0,0.0,0.0,0.0,6.0,12.0,1.0,12.17,5.0,2.51,1.49,0.0,0.1,0.0,0.4,0.0,0.3,0.1,-0.1,-169.70000000000002,0.0,0.0,169.8,0.0,21.700000000000003,30.0,30.0,30.700000000000003,300.0,300.0,31.0,35.0,29.8,29.1,30.9,4.95,1.99,4.96,0.16,0.0,0.0,1027.0,8228.0,0.0,0.0,0.0,0.0,0.0,1.0,0.0,0.0,0.0,0.0,0.0,0.1,0.0,0.1,0.0,0.0001,16.0,25903.0
2026-07-30T18:59:53.212Z,162.695,162.708,0.0,7.4,0.0,0.0,0.0,0.0,0.0,0.0,0.0,0.0,1.0,0.0,0.0,0.0,9.0,4.0,0.0,0.0,0.0,0.0,0.0,0.0,0.0,0.0,6.0,12.0,1.0,12.17,5.0,2.51,1.49,0.0,0.1,0.0,0.4,0.0,-0.7000000000000001,0.1,-0.7000000000000001,-169.70000000000002,0.0,0.0,169.8,0.0,21.700000000000003,30.0,30.0,30.700000000000003,300.0,300.0,31.0,35.0,29.8,29.1,30.9,4.95,1.99,4.97,0.16,0.0,0.0,1027.0,8228.0,0.0,0.0,0.0,0.0,0.0,1.0,0.0,0.0,0.0,0.0,0.0,-0.3,0.0,0.6000000000000001,0.0,0.0,16.0,25903.0
2026-07-30T18:59:53.224Z,162.707,162.72,0.0,7.4,0.0,0.0,0.0,0.0,0.0,0.0,0.0,0.0,1.0,0.0,0.0,0.0,9.0,4.0,0.0,0.0,0.0,0.0,0.0,0.0,0.0,0.0,2.0,12.0,1.0,12.17,5.0,2.51,1.49,0.0,0.0,0.0,0.4,0.0,-0.2,0.1,-0.7000000000000001,-169.70000000000002,0.0,0.0,169.70000000000002,0.0,21.700000000000003,30.0,30.0,30.700000000000003,300.0,300.0,31.0,35.0,29.8,29.1,30.9,4.95,2.0,4.96,0.16,0.0,0.0,1027.0,8228.0,0.0,0.0,0.0,0.0,0.0,1.0,0.0,0.0,0.0,0.0,0.0,-0.3,0.0,0.6000000000000001,0.0,0.0001,16.0,25903.0
2026-07-30T18:59:53.236Z,162.719,162.732,0.0,7.4,0.0,0.0,0.0,0.0,0.0,0.0,0.0,0.0,1.0,0.0,0.0,0.0,9.0,4.0,0.0,0.0,0.0,0.0,0.0,0.0,0.0,0.0,3.0,12.0,1.0,12.17,5.0,2.51,1.49,0.0,0.1,0.0,0.4,0.0,0.3,-0.4,-1.9,-169.70000000000002,0.0,0.0,169.8,0.0,21.700000000000003,30.0,30.0,30.700000000000003,300.0,300.0,31.0,35.0,29.8,29.1,30.9,4.96,1.99,4.96,0.16,0.0,0.0,1027.0,8228.0,0.0,0.0,0.0,0.0,0.0,1.0,0.0,0.0,0.0,0.0,0.0,-1.9,0.0,1.6,0.0,0.0,16.0,25903.0
2026-07-30T18:59:53.248Z,162.731,162.744,0.0,7.4,0.0,0.0,0.0,0.0,0.0,0.0,0.0,0.0,1.0,0.0,0.0,0.0,9.0,4.0,0.0,0.0,0.0,0.0,0.0,0.0,0.0,0.0,4.0,12.0,1.0,12.17,5.0,2.51,1.49,0.0,0.0,0.0,0.4,0.0,-0.7000000000000001,-1.5,-0.7000000000000001,-169.70000000000002,0.0,0.0,169.8,0.0,21.700000000000003,30.0,30.0,30.700000000000003,300.0,300.0,31.0,35.0,29.8,29.1,30.9,4.95,1.99,4.97,0.16,0.0,0.0,1027.0,8228.0,0.0,0.0,0.0,0.0,0.0,1.0,0.0,0.0,0.0,0.0,0.0,-2.3000000000000003,0.0,0.3,0.0,0.0001,16.0,25903.0
2026-07-30T18:59:53.260Z,162.743,162.756,0.0,7.4,0.0,0.0,0.0,0.0,0.0,0.0,0.0,0.0,1.0,0.0,0.0,0.0,9.0,4.0,0.0,0.0,0.0,0.0,0.0,0.0,0.0,0.0,5.0,12.0,1.0,12.17,5.0,2.51,1.49,0.0,0.0,0.0,0.4,0.0,0.3,0.7000000000000001,-0.1,-169.70000000000002,0.0,0.0,169.8,0.0,21.700000000000003,30.0,30.0,30.700000000000003,300.0,300.0,31.0,35.0,29.8,29.1,30.9,4.96,1.99,4.96,0.16,0.0,0.0,1027.0,8228.0,0.0,0.0,0.0,0.0,0.0,1.0,0.0,0.0,0.0,0.0,0.0,0.7000000000000001,0.0,0.2,0.0,0.0,16.0,25903.0
2026-07-30T18:59:53.272Z,162.755,162.768,0.0,7.4,0.0,0.0,0.0,0.0,0.0,0.0,0.0,0.0,1.0,0.0,0.0,0.0,9.0,4.0,0.0,0.0,0.0,0.0,0.0,0.0,0.0,0.0,6.0,12.0,1.0,12.17,5.0,2.51,1.49,0.0,0.0,0.0,0.4,0.0,0.3,1.3,0.4,-169.70000000000002,0.0,0.0,169.8,0.0,21.700000000000003,30.0,30.0,30.700000000000003,300.0,300.0,31.0,35.0,29.8,29.1,30.9,4.96,1.99,4.96,0.16,0.0,0.0,1027.0,8228.0,0.0,0.0,0.0,0.0,0.0,1.0,0.0,0.0,0.0,0.0,0.0,1.8,0.0,-0.1,0.0,0.0,16.0,25903.0
2026-07-30T18:59:53.284Z,162.767,162.78,0.0,7.4,0.0,0.0,0.0,0.0,0.0,0.0,0.0,0.0,1.0,0.0,0.0,0.0,9.0,4.0,0.0,0.0,0.0,0.0,0.0,0.0,0.0,0.0,1.0,12.0,1.0,12.17,5.0,2.51,1.49,0.0,0.0,0.0,0.4,0.0,0.3,1.3,1.6,-169.70000000000002,0.0,0.0,169.8,0.0,21.700000000000003,30.0,30.0,30.700000000000003,300.0,300.0,31.0,35.0,29.8,29.1,30.9,4.95,1.99,4.96,0.16,0.0,0.0,1027.0,8228.0,0.0,0.0,0.0,0.0,0.0,1.0,0.0,0.0,0.0,0.0,0.0,2.7,0.0,-1.1,0.0,0.0001,16.0,25903.0
2026-07-30T18:59:53.297Z,162.78,162.792,0.0,7.4,0.0,0.0,0.0,0.0,0.0,0.0,0.0,0.0,1.0,0.0,0.0,0.0,9.0,4.0,0.0,0.0,0.0,0.0,0.0,0.0,0.0,0.0,2.0,12.0,1.0,12.17,5.0200000000000005,2.51,1.49,0.0,0.0,0.0,0.4,0.0,0.9,0.1,-0.1,-169.70000000000002,0.0,0.0,169.8,0.0,21.4,30.0,30.0,30.700000000000003,300.0,300.0,31.0,35.0,29.700000000000003,29.1,30.9,4.95,1.99,4.97,0.16,0.0,0.0,1027.0,8228.0,0.0,0.0,0.0,0.0,0.0,1.0,0.0,0.0,0.0,0.0,0.0,0.0,0.0,0.1,0.0,0.0,16.0,25903.0
2026-07-30T18:59:53.307Z,162.79,162.804,0.0,7.4,0.0,0.0,0.0,0.0,0.0,0.0,0.0,0.0,1.0,0.0,0.0,0.0,9.0,4.0,0.0,0.0,0.0,0.0,0.0,0.0,0.0,0.0,3.0,12.0,1.0,12.17,5.0200000000000005,2.51,1.49,0.0,0.0,0.0,0.4,0.0,-0.2,0.1,0.3,-169.70000000000002,0.0,0.0,169.8,0.0,21.4,30.0,30.0,30.700000000000003,300.0,300.0,31.0,35.0,29.700000000000003,29.1,30.9,4.96,1.99,4.96,0.16,0.0,0.0,1027.0,8228.0,0.0,0.0,0.0,0.0,0.0,1.0,0.0,0.0,0.0,0.0,0.0,0.6000000000000001,0.0,0.3,0.0,0.0,16.0,25903.0
2026-07-30T18:59:53.320Z,162.803,162.816,0.0,7.4,0.0,0.0,0.0,0.0,0.0,0.0,0.0,0.0,1.0,0.0,0.0,0.0,9.0,4.0,0.0,0.0,0.0,0.0,0.0,0.0,0.0,0.0,4.0,12.0,1.0,12.17,5.0200000000000005,2.51,1.49,0.0,0.0,0.0,0.4,0.0,0.2,0.0,-0.1,-169.70000000000002,0.0,0.0,169.8,0.0,21.4,30.0,30.0,30.700000000000003,300.0,300.0,31.0,35.0,29.700000000000003,29.1,30.9,4.96,1.99,4.97,0.16,0.0,0.0,1027.0,8228.0,0.0,0.0,0.0,0.0,0.0,1.0,0.0,0.0,0.0,0.0,0.0,-1.1,0.0,0.5,0.0,0.0001,16.0,25903.0
2026-07-30T18:59:53.331Z,162.814,162.828,0.0,7.4,0.0,0.0,0.0,0.0,0.0,0.0,0.0,0.0,1.0,0.0,0.0,0.0,9.0,4.0,0.0,0.0,0.0,0.0,0.0,0.0,0.0,0.0,5.0,12.0,1.0,12.17,5.0200000000000005,2.51,1.49,0.0,0.0,0.0,0.4,0.0,0.2,0.1,1.0,-169.70000000000002,0.0,0.0,169.8,0.0,21.4,30.0,30.0,30.700000000000003,300.0,300.0,31.0,35.0,29.700000000000003,29.1,30.9,4.95,1.99,4.97,0.16,0.0,0.0,1027.0,8228.0,0.0,0.0,0.0,0.0,0.0,1.0,0.0,0.0,0.0,0.0,0.0,1.5,0.0,-0.7000000000000001,0.0,0.0,16.0,25903.0
2026-07-30T18:59:53.344Z,162.827,162.84,0.0,7.4,0.0,0.0,0.0,0.0,0.0,0.0,0.0,0.0,1.0,0.0,0.0,0.0,9.0,4.0,0.0,0.0,0.0,0.0,0.0,0.0,0.0,0.0,6.0,12.0,1.0,12.17,5.0200000000000005,2.51,1.49,0.0,0.0,0.0,0.4,0.0,-0.8,-0.4,1.0,-169.70000000000002,0.0,0.0,169.70000000000002,0.0,21.4,30.0,30.0,30.700000000000003,300.0,300.0,31.0,35.0,29.700000000000003,29.1,30.9,4.96,1.99,4.96,0.16,0.0,0.0,1027.0,8228.0,0.0,0.0,0.0,0.0,0.0,1.0,0.0,0.0,0.0,0.0,0.0,0.2,0.0,-0.9,0.0,0.0,16.0,25903.0
2026-07-30T18:59:53.355Z,162.838,162.852,0.0,7.4,0.0,0.0,0.0,0.0,0.0,0.0,0.0,0.0,1.0,0.0,0.0,0.0,9.0,4.0,0.0,0.0,0.0,0.0,0.0,0.0,0.0,0.0,1.0,12.0,1.0,12.17,5.0200000000000005,2.51,1.49,0.0,0.0,0.0,0.4,0.0,-0.9,-2.2,-1.3,-169.70000000000002,0.0,0.0,169.70000000000002,0.0,21.4,30.0,30.0,30.700000000000003,300.0,300.0,31.0,35.0,29.700000000000003,29.1,30.9,4.95,1.99,4.97,0.16,0.0,0.0,1027.0,8228.0,0.0,0.0,0.0,0.0,0.0,1.0,0.0,0.0,0.0,0.0,0.0,-3.5,0.0,0.7000000000000001,0.0,0.0002,16.0,25903.0
2026-07-30T18:59:53.368Z,162.851,162.864,0.0,7.4,0.0,0.0,0.0,0.0,0.0,0.0,0.0,0.0,1.0,0.0,0.0,0.0,9.0,4.0,0.0,0.0,0.0,0.0,0.0,0.0,0.0,0.0,2.0,12.0,1.0,12.17,5.0200000000000005,2.51,1.49,0.0,0.0,0.0,0.4,0.0,0.2,0.0,-0.1,-169.70000000000002,0.0,0.0,169.70000000000002,0.0,21.4,30.0,30.0,30.700000000000003,300.0,300.0,31.0,35.0,29.700000000000003,29.1,30.9,4.95,1.99,4.97,0.16,0.0,0.0,1027.0,8228.0,0.0,0.0,0.0,0.0,0.0,1.0,0.0,0.0,0.0,0.0,0.0,0.0,0.0,0.1,0.0,0.0001,16.0,25903.0
2026-07-30T18:59:53.379Z,162.862,162.876,0.0,7.4,0.0,0.0,0.0,0.0,0.0,0.0,0.0,0.0,1.0,0.0,0.0,0.0,9.0,4.0,0.0,0.0,0.0,0.0,0.0,0.0,0.0,0.0,3.0,12.0,1.0,12.17,5.0200000000000005,2.51,1.49,0.0,0.1,0.0,0.4,0.0,0.2,0.1,1.0,-169.70000000000002,0.0,0.0,169.60000000000002,0.0,21.4,30.0,30.0,30.700000000000003,300.0,300.0,31.0,35.0,29.700000000000003,29.1,30.9,4.95,1.99,4.97,0.16,0.0,0.0,1027.0,8228.0,0.0,0.0,0.0,0.0,0.0,1.0,0.0,0.0,0.0,0.0,0.0,0.9,0.0,-0.8,0.0,0.0,16.0,25903.0
2026-07-30T18:59:53.393Z,162.876,162.888,0.0,7.4,0.0,0.0,0.0,0.0,0.0,0.0,0.0,0.0,1.0,0.0,0.0,0.0,9.0,4.0,0.0,0.0,0.0,0.0,0.0,0.0,0.0,0.0,4.0,12.0,1.0,12.17,5.0200000000000005,2.51,1.49,0.0,0.0,0.0,0.5,0.0,0.3,0.1,0.4,-169.70000000000002,0.0,0.0,169.70000000000002,0.0,21.4,30.0,30.0,30.700000000000003,300.0,300.0,31.0,35.0,29.700000000000003,29.1,30.9,4.95,1.99,4.96,0.16,0.0,0.0,1027.0,8228.0,0.0,0.0,0.0,0.0,0.0,1.0,0.0,0.0,0.0,0.0,0.0,0.5,0.0,-0.3,0.0,0.0001,16.0,25903.0
2026-07-30T18:59:53.409Z,162.892,162.9,0.0,7.4,0.0,0.0,0.0,0.0,0.0,0.0,0.0,0.0,1.0,0.0,0.0,0.0,9.0,4.0,0.0,0.0,0.0,0.0,0.0,0.0,0.0,0.0,5.0,12.0,1.0,12.14,5.01,2.5,1.49,0.0,0.0,0.0,0.4,0.0,0.2,-1.0,-0.7000000000000001,-169.70000000000002,0.0,0.0,169.70000000000002,0.0,21.700000000000003,30.0,30.0,30.700000000000003,300.0,300.0,31.0,35.0,29.8,29.1,30.9,4.95,1.99,4.97,0.16,0.0,0.0,1027.0,8228.0,0.0,0.0,0.0,0.0,0.0,1.0,0.0,0.0,0.0,0.0,0.0,-1.7000000000000002,0.0,0.4,0.0,0.0001,16.0,25903.0
2026-07-30T18:59:53.415Z,162.898,162.912,0.0,7.4,0.0,0.0,0.0,0.0,0.0,0.0,0.0,0.0,1.0,0.0,0.0,0.0,9.0,4.0,0.0,0.0,0.0,0.0,0.0,0.0,0.0,0.0,3.0,12.0,1.0,12.14,5.01,2.5,1.49,0.0,0.1,0.0,0.4,0.0,0.8,1.3,2.8000000000000003,-169.70000000000002,0.0,0.0,169.70000000000002,0.0,21.700000000000003,30.0,30.0,30.700000000000003,300.0,300.0,31.0,35.0,29.8,29.1,30.9,4.95,1.99,4.96,0.16,0.0,0.0,1027.0,8228.0,0.0,0.0,0.0,0.0,0.0,1.0,0.0,0.0,0.0,0.0,0.0,3.6,0.0,-2.1,0.0,0.0,16.0,25903.0
2026-07-30T18:59:53.427Z,162.91,162.924,0.0,7.4,0.0,0.0,0.0,0.0,0.0,0.0,0.0,0.0,1.0,0.0,0.0,0.0,9.0,4.0,0.0,0.0,0.0,0.0,0.0,0.0,0.0,0.0,4.0,12.0,1.0,12.14,5.01,2.5,1.49,0.0,0.0,0.0,0.4,0.0,0.2,0.1,-0.1,-169.70000000000002,0.0,0.0,169.60000000000002,0.0,21.700000000000003,30.0,30.0,30.700000000000003,300.0,300.0,31.0,35.0,29.8,29.1,30.9,4.96,1.99,4.96,0.16,0.0,0.0,1027.0,8228.0,0.0,0.0,0.0,0.0,0.0,1.0,0.0,0.0,0.0,0.0,0.0,0.0,0.0,0.1,0.0,0.0001,16.0,25903.0
2026-07-30T18:59:53.440Z,162.923,162.936,0.0,7.4,0.0,0.0,0.0,0.0,0.0,0.0,0.0,0.0,1.0,0.0,0.0,0.0,9.0,4.0,0.0,0.0,0.0,0.0,0.0,0.0,0.0,0.0,5.0,12.0,1.0,12.14,5.01,2.5,1.49,0.0,0.0,0.0,0.4,0.0,0.2,-0.3,0.4,-169.70000000000002,0.0,0.0,169.70000000000002,0.0,21.700000000000003,30.0,30.0,30.700000000000003,300.0,300.0,31.0,35.0,29.8,29.1,30.9,4.96,1.99,4.97,0.16,0.0,0.0,1027.0,8228.0,0.0,0.0,0.0,0.0,0.0,1.0,0.0,0.0,0.0,0.0,0.0,0.0,0.0,-0.4,0.0,0.0001,16.0,25903.0
2026-07-30T18:59:53.452Z,162.935,162.948,0.0,7.4,0.0,0.0,0.0,0.0,0.0,0.0,0.0,0.0,1.0,0.0,0.0,0.0,9.0,4.0,0.0,0.0,0.0,0.0,0.0,0.0,0.0,0.0,6.0,12.0,1.0,12.14,5.01,2.5,1.49,0.0,0.0,0.0,0.5,0.0,-0.3,-0.9,-0.1,-169.70000000000002,0.0,0.0,169.8,0.0,21.700000000000003,30.0,30.0,30.700000000000003,300.0,300.0,31.0,35.0,29.8,29.1,30.9,4.95,1.99,4.96,0.16,0.0,0.0,1027.0,8228.0,0.0,0.0,0.0,0.0,0.0,1.0,0.0,0.0,0.0,0.0,0.0,-1.1,0.0,0.0,0.0,0.0001,16.0,25903.0
2026-07-30T18:59:53.464Z,162.947,162.96,0.0,7.4,0.0,0.0,0.0,0.0,0.0,0.0,0.0,0.0,1.0,0.0,0.0,0.0,9.0,4.0,0.0,0.0,0.0,0.0,0.0,0.0,0.0,0.0,1.0,12.0,1.0,12.14,5.01,2.5,1.49,0.0,0.0,0.0,0.5,0.0,0.2,1.3,-0.1,-169.70000000000002,0.0,0.0,169.70000000000002,0.0,21.700000000000003,30.0,30.0,30.700000000000003,300.0,300.0,31.0,35.0,29.8,29.1,30.9,4.95,2.0,4.96,0.16,0.0,0.0,1027.0,8228.0,0.0,0.0,0.0,0.0,0.0,1.0,0.0,0.0,0.0,0.0,0.0,1.4,0.0,0.4,0.0,0.0003,16.0,25903.0
2026-07-30T18:59:53.476Z,162.959,162.972,0.0,7.4,0.0,0.0,0.0,0.0,0.0,0.0,0.0,0.0,1.0,0.0,0.0,0.0,9.0,4.0,0.0,0.0,0.0,0.0,0.0,0.0,0.0,0.0,3.0,12.0,1.0,12.14,5.01,2.5,1.49,0.0,0.0,0.0,0.4,0.0,-0.2,-0.3,0.4,-169.70000000000002,0.0,0.0,169.8,0.0,21.700000000000003,30.0,30.0,30.700000000000003,300.0,300.0,31.0,35.0,29.8,29.1,30.9,4.96,1.99,4.96,0.16,0.0,0.0,1027.0,8228.0,0.0,0.0,0.0,0.0,0.0,1.0,0.0,0.0,0.0,0.0,0.0,-0.1,0.0,-0.4,0.0,0.0002,16.0,25903.0
2026-07-30T18:59:53.488Z,162.971,162.984,0.0,7.4,0.0,0.0,0.0,0.0,0.0,0.0,0.0,0.0,1.0,0.0,0.0,0.0,9.0,4.0,0.0,0.0,0.0,0.0,0.0,0.0,0.0,0.0,4.0,12.0,1.0,12.14,5.01,2.5,1.49,0.0,0.0,0.0,0.4,0.0,-0.3,0.1,-1.4,-169.70000000000002,0.0,0.0,169.70000000000002,0.0,21.700000000000003,30.0,30.0,30.700000000000003,300.0,300.0,31.0,35.0,29.8,29.1,30.9,4.95,1.99,4.97,0.16,0.0,0.0,1027.0,8228.0,0.0,0.0,0.0,0.0,0.0,1.0,0.0,0.0,0.0,0.0,0.0,-0.8,0.0,1.2000000000000002,0.0,0.0001,16.0,25903.0
2026-07-30T18:59:53.501Z,162.984,162.996,0.0,7.4,0.0,0.0,0.0,0.0,0.0,0.0,0.0,0.0,1.0,0.0,0.0,0.0,9.0,4.0,0.0,0.0,0.0,0.0,0.0,0.0,0.0,0.0,5.0,12.0,1.0,12.17,5.01,2.5,1.49,0.0,0.0,0.0,0.4,0.0,-0.3,-0.3,-0.2,-169.70000000000002,0.0,0.0,169.8,0.0,21.3,30.0,30.0,30.700000000000003,300.0,300.0,31.1,35.0,29.8,29.1,31.0,4.96,1.99,4.96,0.16,0.0,0.0,1027.0,8228.0,0.0,0.0,0.0,0.0,0.0,1.0,0.0,0.0,0.0,0.0,0.0,-0.6000000000000001,0.0,0.1,0.0,0.0001,16.0,25903.0
2026-07-30T18:59:53.512Z,162.995,163.008,0.0,7.4,0.0,0.0,0.0,0.0,0.0,0.0,0.0,0.0,1.0,0.0,0.0,0.0,9.0,4.0,0.0,0.0,0.0,0.0,0.0,0.0,0.0,0.0,6.0,12.0,1.0,12.17,5.01,2.5,1.49,0.0,0.0,0.0,0.4,0.0,0.2,0.1,0.8,-169.70000000000002,0.0,0.0,169.8,0.0,21.3,30.0,30.0,30.700000000000003,300.0,300.0,31.1,35.0,29.8,29.1,31.0,4.96,2.0,4.96,0.16,0.0,0.0,1027.0,8228.0,0.0,0.0,0.0,0.0,0.0,1.0,0.0,0.0,0.0,0.0,0.0,0.8,0.0,-0.7000000000000001,0.0,0.0001,16.0,25903.0
2026-07-30T18:59:53.523Z,163.006,163.02,0.0,7.4,0.0,0.0,0.0,0.0,0.0,0.0,0.0,0.0,1.0,0.0,0.0,0.0,9.0,4.0,0.0,0.0,0.0,0.0,0.0,0.0,0.0,0.0,1.0,12.0,1.0,12.17,5.01,2.5,1.49,0.0,0.0,0.0,0.4,0.0,0.8,0.7000000000000001,1.4,-169.70000000000002,0.0,0.0,169.60000000000002,0.0,21.3,30.0,30.0,30.700000000000003,300.0,300.0,31.1,35.0,29.8,29.1,31.0,4.95,1.99,4.96,0.16,0.0,0.0,1027.0,8228.0,0.0,0.0,0.0,0.0,0.0,1.0,0.0,0.0,0.0,0.0,0.0,1.9,0.0,-1.1,0.0,0.0001,16.0,25903.0
2026-07-30T18:59:53.536Z,163.019,163.032,0.0,7.4,0.0,0.0,0.0,0.0,0.0,0.0,0.0,0.0,1.0,0.0,0.0,0.0,9.0,4.0,0.0,0.0,0.0,0.0,0.0,0.0,0.0,0.0,2.0,12.0,1.0,12.17,5.01,2.5,1.49,0.0,0.0,0.0,0.4,0.0,-0.9,-0.3,-0.3,-169.70000000000002,0.0,0.0,169.8,0.0,21.3,30.0,30.0,30.700000000000003,300.0,300.0,31.1,35.0,29.8,29.1,31.0,4.96,1.99,4.96,0.16,0.0,0.0,1027.0,8228.0,0.0,0.0,0.0,0.0,0.0,1.0,0.0,0.0,0.0,0.0,0.0,-0.6000000000000001,0.0,0.2,0.0,0.0002,16.0,25903.0
2026-07-30T18:59:53.548Z,163.031,163.044,0.0,7.4,0.0,0.0,0.0,0.0,0.0,0.0,0.0,0.0,1.0,0.0,0.0,0.0,9.0,4.0,0.0,0.0,0.0,0.0,0.0,0.0,0.0,0.0,4.0,12.0,1.0,12.17,5.01,2.5,1.49,0.0,0.0,0.0,0.4,0.0,0.8,-0.9,-0.9,-169.70000000000002,0.0,0.0,169.8,0.0,21.3,30.0,30.0,30.700000000000003,300.0,300.0,31.1,35.0,29.8,29.1,31.0,4.95,2.0,4.96,0.16,0.0,0.0,1027.0,8228.0,0.0,0.0,0.0,0.0,0.0,1.0,0.0,0.0,0.0,0.0,0.0,-1.8,0.0,0.6000000000000001,0.0,0.0002,16.0,25903.0
2026-07-30T18:59:53.559Z,163.042,163.056,0.0,7.4,0.0,0.0,0.0,0.0,0.0,0.0,0.0,0.0,1.0,0.0,0.0,0.0,9.0,4.0,0.0,0.0,0.0,0.0,0.0,0.0,0.0,0.0,5.0,12.0,1.0,12.17,5.01,2.5,1.49,0.0,0.0,0.0,0.4,0.0,-0.2,-0.3,-0.2,-169.70000000000002,0.0,0.0,169.70000000000002,0.0,21.3,30.0,30.0,30.700000000000003,300.0,300.0,31.1,35.0,29.8,29.1,31.0,4.95,1.99,4.97,0.16,0.0,0.0,1027.0,8228.0,0.0,0.0,0.0,0.0,0.0,1.0,0.0,0.0,0.0,0.0,0.0,-0.6000000000000001,0.0,0.1,0.0,0.0,16.0,25903.0
2026-07-30T18:59:53.571Z,163.054,163.068,0.0,7.4,0.0,0.0,0.0,0.0,0.0,0.0,0.0,0.0,1.0,0.0,0.0,0.0,9.0,4.0,0.0,0.0,0.0,0.0,0.0,0.0,0.0,0.0,6.0,12.0,1.0,12.17,5.01,2.5,1.49,0.0,0.0,0.0,0.4,0.0,-0.2,1.3,-0.2,-169.70000000000002,0.0,0.0,169.8,0.0,21.3,30.0,30.0,30.700000000000003,300.0,300.0,31.1,35.0,29.8,29.1,31.0,4.95,1.99,4.97,0.16,0.0,0.0,1027.0,8228.0,0.0,0.0,0.0,0.0,0.0,1.0,0.0,0.0,0.0,0.0,0.0,1.3,0.0,0.5,0.0,0.0001,16.0,25903.0
2026-07-30T18:59:53.583Z,163.066,163.08,0.0,7.4,0.0,0.0,0.0,0.0,0.0,0.0,0.0,0.0,1.0,0.0,0.0,0.0,9.0,4.0,0.0,0.0,0.0,0.0,0.0,0.0,0.0,0.0,1.0,12.0,1.0,12.17,5.01,2.5,1.49,0.0,0.0,0.0,0.4,0.0,-0.2,0.7000000000000001,-0.2,-169.70000000000002,0.0,0.0,169.8,0.0,21.3,30.0,30.0,30.700000000000003,300.0,300.0,31.1,35.0,29.8,29.1,31.0,4.96,1.99,4.97,0.16,0.0,0.0,1027.0,8228.0,0.0,0.0,0.0,0.0,0.0,1.0,0.0,0.0,0.0,0.0,0.0,0.6000000000000001,0.0,0.3,0.0,0.0001,16.0,25903.0
2026-07-30T18:59:53.595Z,163.078,163.092,0.0,7.4,0.0,0.0,0.0,0.0,0.0,0.0,0.0,0.0,1.0,0.0,0.0,0.0,9.0,4.0,0.0,0.0,0.0,0.0,0.0,0.0,0.0,0.0,2.0,12.0,1.0,12.17,5.01,2.5,1.49,0.0,0.0,0.0,0.5,0.0,-0.2,-0.4,0.3,-169.70000000000002,0.0,0.0,169.8,0.0,21.3,30.0,30.0,30.700000000000003,300.0,300.0,31.1,35.0,29.8,29.1,31.0,4.95,2.0,4.97,0.16,0.0,0.0,1027.0,8228.0,0.0,0.0,0.0,0.0,0.0,1.0,0.0,0.0,0.0,0.0,0.0,-0.2,0.0,-0.3,0.0,0.0001,16.0,25903.0
2026-07-30T18:59:53.607Z,163.09,163.104,0.0,7.4,0.0,0.0,0.0,0.0,0.0,0.0,0.0,0.0,1.0,0.0,0.0,0.0,9.0,4.0,0.0,0.0,0.0,0.0,0.0,0.0,0.0,0.0,3.0,12.0,1.0,12.17,5.0200000000000005,2.51,1.49,0.0,0.0,0.0,0.5,0.0,0.9,0.6000000000000001,-0.2,-169.70000000000002,0.0,0.0,169.8,0.0,20.9,30.0,30.0,30.700000000000003,300.0,300.0,31.1,35.0,29.8,29.1,30.9,4.95,1.99,4.96,0.16,0.0,0.0,1027.0,8228.0,0.0,0.0,0.0,0.0,0.0,1.0,0.0,0.0,0.0,0.0,0.0,0.6000000000000001,0.0,0.3,0.0,0.0,16.0,25903.0
2026-07-30T18:59:53.620Z,163.103,163.116,0.0,7.4,0.0,0.0,0.0,0.0,0.0,0.0,0.0,0.0,1.0,0.0,0.0,0.0,9.0,4.0,0.0,0.0,0.0,0.0,0.0,0.0,0.0,0.0,4.0,12.0,1.0,12.17,5.0200000000000005,2.51,1.49,0.0,0.0,0.0,0.5,0.0,-0.2,-0.4,-0.7000000000000001,-169.70000000000002,0.0,0.0,169.8,0.0,20.9,30.0,30.0,30.700000000000003,300.0,300.0,31.1,35.0,29.8,29.1,30.9,4.95,1.99,4.96,0.16,0.0,0.0,1027.0,8228.0,0.0,0.0,0.0,0.0,0.0,1.0,0.0,0.0,0.0,0.0,0.0,-1.0,0.0,0.6000000000000001,0.0,0.0,16.0,25903.0
2026-07-30T18:59:53.632Z,163.115,163.128,0.0,7.4,0.0,0.0,0.0,0.0,0.0,0.0,0.0,0.0,1.0,0.0,0.0,0.0,9.0,4.0,0.0,0.0,0.0,0.0,0.0,0.0,0.0,0.0,5.0,12.0,1.0,12.17,5.0200000000000005,2.51,1.49,0.0,0.0,0.0,0.4,0.0,0.3,-0.4,-0.1,-169.70000000000002,0.0,0.0,169.8,0.0,20.9,30.0,30.0,30.700000000000003,300.0,300.0,31.1,35.0,29.8,29.1,30.9,4.96,1.99,4.96,0.16,0.0,0.0,1027.0,8228.0,0.0,0.0,0.0,0.0,0.0,1.0,0.0,0.0,0.0,0.0,0.0,-0.5,0.0,0.0,0.0,0.0,16.0,25903.0
2026-07-30T18:59:53.644Z,163.127,163.14,0.0,7.4,0.0,0.0,0.0,0.0,0.0,0.0,0.0,0.0,1.0,0.0,0.0,0.0,9.0,4.0,0.0,0.0,0.0,0.0,0.0,0.0,0.0,0.0,6.0,12.0,1.0,12.17,5.0200000000000005,2.51,1.49,0.0,0.0,0.0,0.4,0.0,0.3,0.1,-0.7000000000000001,-169.70000000000002,0.0,0.0,169.8,0.0,20.9,30.0,30.0,30.700000000000003,300.0,300.0,31.1,35.0,29.8,29.1,30.9,4.95,1.99,4.96,0.16,0.0,0.0,1027.0,8228.0,0.0,0.0,0.0,0.0,0.0,1.0,0.0,0.0,0.0,0.0,0.0,-0.3,0.0,0.6000000000000001,0.0,0.0,16.0,25903.0
2026-07-30T18:59:53.656Z,163.139,163.15200000000002,0.0,7.4,0.0,0.0,0.0,0.0,0.0,0.0,0.0,0.0,1.0,0.0,0.0,0.0,9.0,4.0,0.0,0.0,0.0,0.0,0.0,0.0,0.0,0.0,1.0,12.0,1.0,12.17,5.0200000000000005,2.51,1.49,0.0,0.0,0.0,0.4,0.0,0.9,1.3,-0.1,-169.70000000000002,0.0,0.0,169.9,0.0,20.9,30.0,30.0,30.700000000000003,300.0,300.0,31.1,35.0,29.8,29.1,30.9,4.95,1.99,4.96,0.16,0.0,0.0,1027.0,8228.0,0.0,0.0,0.0,0.0,0.0,1.0,0.0,0.0,0.0,0.0,0.0,1.4,0.0,0.3,0.0,0.0,16.0,25903.0
2026-07-30T18:59:53.668Z,163.151,163.16400000000002,0.0,7.4,0.0,0.0,0.0,0.0,0.0,0.0,0.0,0.0,1.0,0.0,0.0,0.0,9.0,4.0,0.0,0.0,0.0,0.0,0.0,0.0,0.0,0.0,2.0,12.0,1.0,12.17,5.0200000000000005,2.51,1.49,0.0,0.0,0.0,0.4,0.0,-0.3,1.3,0.4,-169.70000000000002,0.0,0.0,169.9,0.0,20.9,30.0,30.0,30.700000000000003,300.0,300.0,31.1,35.0,29.8,29.1,30.9,4.96,1.99,4.96,0.16,0.0,0.0,1027.0,8228.0,0.0,0.0,0.0,0.0,0.0,1.0,0.0,0.0,0.0,0.0,0.0,1.7000000000000002,0.0,0.0,0.0,0.0001,16.0,25903.0
2026-07-30T18:59:53.680Z,163.163,163.17600000000002,0.0,7.4,0.0,0.0,0.0,0.0,0.0,0.0,0.0,0.0,1.0,0.0,0.0,0.0,9.0,4.0,0.0,0.0,0.0,0.0,0.0,0.0,0.0,0.0,3.0,12.0,1.0,12.17,5.0200000000000005,2.51,1.49,0.0,0.1,0.0,0.4,0.0,-0.2,0.1,-0.1,-169.70000000000002,0.0,0.0,169.8,0.0,20.9,30.0,30.0,30.700000000000003,300.0,300.0,31.1,35.0,29.8,29.1,30.9,4.96,1.99,4.96,0.16,0.0,0.0,1027.0,8228.0,0.0,0.0,0.0,0.0,0.0,1.0,0.0,0.0,0.0,0.0,0.0,0.1,0.0,0.1,0.0,0.0001,16.0,25903.0
2026-07-30T18:59:53.691Z,163.174,163.18800000000002,0.0,7.4,0.0,0.0,0.0,0.0,0.0,0.0,0.0,0.0,1.0,0.0,0.0,0.0,9.0,4.0,0.0,0.0,0.0,0.0,0.0,0.0,0.0,0.0,4.0,12.0,1.0,12.17,5.0200000000000005,2.51,1.49,0.0,0.0,0.0,0.4,0.0,0.3,0.1,1.0,-169.70000000000002,0.0,0.0,169.8,0.0,20.9,30.0,30.0,30.700000000000003,300.0,300.0,31.1,35.0,29.8,29.1,30.9,4.95,1.99,4.97,0.16,0.0,0.0,1027.0,8228.0,0.0,0.0,0.0,0.0,0.0,1.0,0.0,0.0,0.0,0.0,0.0,0.9,0.0,-0.8,0.0,0.0001,16.0,25903.0
2026-07-30T18:59:53.705Z,163.188,163.20000000000002,0.0,7.4,0.0,0.0,0.0,0.0,0.0,0.0,0.0,0.0,1.0,0.0,0.0,0.0,9.0,4.0,0.0,0.0,0.0,0.0,0.0,0.0,0.0,0.0,5.0,12.0,1.0,12.18,5.0200000000000005,2.51,1.49,0.0,0.0,0.0,0.4,0.0,0.3,1.8,-0.7000000000000001,-169.70000000000002,0.0,0.0,169.8,0.0,21.8,30.0,30.0,30.700000000000003,300.0,300.0,31.0,35.0,29.8,29.1,30.9,4.95,2.0,4.96,0.16,0.0,0.0,1027.0,8228.0,0.0,0.0,0.0,0.0,0.0,1.0,0.0,0.0,0.0,0.0,0.0,1.5,0.0,1.0,0.0,0.0,16.0,25903.0
2026-07-30T18:59:53.722Z,163.205,163.21200000000002,0.0,7.4,0.0,0.0,0.0,0.0,0.0,0.0,0.0,0.0,1.0,0.0,0.0,0.0,9.0,4.0,0.0,0.0,0.0,0.0,0.0,0.0,0.0,0.0,6.0,12.0,1.0,12.18,5.0200000000000005,2.51,1.49,0.0,0.0,0.0,0.4,0.0,-0.2,0.7000000000000001,0.4,-169.70000000000002,0.0,0.0,169.8,0.0,21.8,30.0,30.0,30.700000000000003,300.0,300.0,31.0,35.0,29.8,29.1,30.9,4.96,1.99,4.96,0.16,0.0,0.0,1027.0,8228.0,0.0,0.0,0.0,0.0,0.0,1.0,0.0,0.0,0.0,0.0,0.0,1.1,0.0,-0.2,0.0,0.0,16.0,25903.0
2026-07-30T18:59:53.728Z,163.211,163.224,0.0,7.4,0.0,0.0,0.0,0.0,0.0,0.0,0.0,0.0,1.0,0.0,0.0,0.0,9.0,4.0,0.0,0.0,0.0,0.0,0.0,0.0,0.0,0.0,4.0,12.0,1.0,12.18,5.0200000000000005,2.51,1.49,0.0,0.0,0.0,0.4,0.0,0.3,-1.0,-0.7000000000000001,-169.70000000000002,0.0,0.0,169.8,0.0,21.8,30.0,30.0,30.700000000000003,300.0,300.0,31.0,35.0,29.8,29.1,30.9,4.95,1.99,4.97,0.16,0.0,0.0,1027.0,8228.0,0.0,0.0,0.0,0.0,0.0,1.0,0.0,0.0,0.0,0.0,0.0,-1.7000000000000002,0.0,0.4,0.0,0.0,16.0,25903.0
2026-07-30T18:59:53.740Z,163.223,163.236,0.0,7.4,0.0,0.0,0.0,0.0,0.0,0.0,0.0,0.0,1.0,0.0,0.0,0.0,9.0,4.0,0.0,0.0,0.0,0.0,0.0,0.0,0.0,0.0,6.0,12.0,1.0,12.18,5.0200000000000005,2.51,1.49,0.0,0.0,0.0,0.4,0.0,0.8,-0.4,0.9,-169.70000000000002,0.0,0.0,169.8,0.0,21.8,30.0,30.0,30.700000000000003,300.0,300.0,31.0,35.0,29.8,29.1,30.9,4.96,1.99,4.97,0.16,0.0,0.0,1027.0,8228.0,0.0,0.0,0.0,0.0,0.0,1.0,0.0,0.0,0.0,0.0,0.0,0.1,0.0,-0.9,0.0,0.0,16.0,25903.0
2026-07-30T18:59:53.751Z,163.234,163.248,0.0,7.4,0.0,0.0,0.0,0.0,0.0,0.0,0.0,0.0,1.0,0.0,0.0,0.0,9.0,4.0,0.0,0.0,0.0,0.0,0.0,0.0,0.0,0.0,1.0,12.0,1.0,12.18,5.0200000000000005,2.51,1.49,0.0,0.0,0.0,0.4,0.0,-0.2,0.6000000000000001,0.3,-169.70000000000002,0.0,0.0,169.8,0.0,21.8,30.0,30.0,30.700000000000003,300.0,300.0,31.0,35.0,29.8,29.1,30.9,4.96,1.99,4.96,0.16,0.0,0.0,1027.0,8228.0,0.0,0.0,0.0,0.0,0.0,1.0,0.0,0.0,0.0,0.0,0.0,1.0,0.0,-0.1,0.0,0.0,16.0,25903.0
2026-07-30T18:59:53.763Z,163.246,163.26,0.0,7.4,0.0,0.0,0.0,0.0,0.0,0.0,0.0,0.0,1.0,0.0,0.0,0.0,9.0,4.0,0.0,0.0,0.0,0.0,0.0,0.0,0.0,0.0,2.0,12.0,1.0,12.18,5.0200000000000005,2.51,1.49,0.0,0.0,0.0,0.4,0.0,0.9,0.6000000000000001,-0.1,-169.70000000000002,0.0,0.0,169.8,0.0,21.8,30.0,30.0,30.700000000000003,300.0,300.0,31.0,35.0,29.8,29.1,30.9,4.95,1.99,4.96,0.16,0.0,0.0,1027.0,8228.0,0.0,0.0,0.0,0.0,0.0,1.0,0.0,0.0,0.0,0.0,0.0,0.6000000000000001,0.0,0.3,0.0,0.0,16.0,25903.0
2026-07-30T18:59:53.775Z,163.258,163.272,0.0,7.4,0.0,0.0,0.0,0.0,0.0,0.0,0.0,0.0,1.0,0.0,0.0,0.0,9.0,4.0,0.0,0.0,0.0,0.0,0.0,0.0,0.0,0.0,3.0,12.0,1.0,12.18,5.0200000000000005,2.51,1.49,0.0,0.0,0.0,0.4,0.0,-0.2,-0.5,0.3,-169.70000000000002,0.0,0.0,169.8,0.0,21.8,30.0,30.0,30.700000000000003,300.0,300.0,31.0,35.0,29.8,29.1,30.9,4.96,1.99,4.97,0.16,0.0,0.0,1027.0,8228.0,0.0,0.0,0.0,0.0,0.0,1.0,0.0,0.0,0.0,0.0,0.0,-0.3,0.0,-0.4,0.0,0.0,16.0,25903.0
2026-07-30T18:59:53.788Z,163.271,163.284,0.0,7.4,0.0,0.0,0.0,0.0,0.0,0.0,0.0,0.0,1.0,0.0,0.0,0.0,9.0,4.0,0.0,0.0,0.0,0.0,0.0,0.0,0.0,0.0,4.0,12.0,1.0,12.18,5.0200000000000005,2.51,1.49,0.0,0.0,0.0,0.5,0.0,0.3,0.6000000000000001,-0.8,-169.70000000000002,0.0,0.0,169.8,0.0,21.8,30.0,30.0,30.700000000000003,300.0,300.0,31.0,35.0,29.8,29.1,30.9,4.96,1.99,4.96,0.16,0.0,0.0,1027.0,8228.0,0.0,0.0,0.0,0.0,0.0,1.0,0.0,0.0,0.0,0.0,0.0,0.1,0.0,0.9,0.0,0.0,16.0,25903.0
2026-07-30T18:59:53.800Z,163.283,163.296,0.0,7.4,0.0,0.0,0.0,0.0,0.0,0.0,0.0,0.0,1.0,0.0,0.0,0.0,9.0,4.0,0.0,0.0,0.0,0.0,0.0,0.0,0.0,0.0,5.0,12.0,1.0,12.18,5.0200000000000005,2.51,1.49,0.0,0.1,0.0,0.4,0.0,-0.2,0.6000000000000001,-0.2,-169.70000000000002,0.0,0.0,169.8,0.0,21.8,30.0,30.0,30.700000000000003,300.0,300.0,31.0,35.0,29.8,29.1,30.9,4.96,1.99,4.97,0.15,0.0,0.0,1027.0,8228.0,0.0,0.0,0.0,0.0,0.0,1.0,0.0,0.0,0.0,0.0,0.0,0.5,0.0,0.3,0.0,0.0,16.0,25903.0
2026-07-30T18:59:53.812Z,163.295,163.308,0.0,7.4,0.0,0.0,0.0,0.0,0.0,0.0,0.0,0.0,1.0,0.0,0.0,0.0,9.0,4.0,0.0,0.0,0.0,0.0,0.0,0.0,0.0,0.0,1.0,12.0,1.0,12.17,5.01,2.51,1.5,0.0,0.1,0.0,0.5,0.0,0.3,0.6000000000000001,1.5,-169.70000000000002,0.0,0.0,169.8,0.0,21.4,30.0,30.0,30.6,300.0,300.0,31.0,35.0,29.8,29.1,30.9,4.95,1.99,4.97,0.16,0.0,0.0,1027.0,8228.0,0.0,0.0,0.0,0.0,0.0,1.0,0.0,0.0,0.0,0.0,0.0,1.0,0.0,-0.1,0.0,0.0,16.0,25903.0
2026-07-30T18:59:53.824Z,163.307,163.32,0.0,7.4,0.0,0.0,0.0,0.0,0.0,0.0,0.0,0.0,1.0,0.0,0.0,0.0,9.0,4.0,0.0,0.0,0.0,0.0,0.0,0.0,0.0,0.0,2.0,12.0,1.0,12.17,5.01,2.51,1.5,0.0,0.0,0.0,0.4,0.0,0.9,-0.5,0.3,-169.70000000000002,0.0,0.0,169.8,0.0,21.4,30.0,30.0,30.6,300.0,300.0,31.0,35.0,29.8,29.1,30.9,4.96,1.99,4.96,0.16,0.0,0.0,1027.0,8228.0,0.0,0.0,0.0,0.0,0.0,1.0,0.0,0.0,0.0,0.0,0.0,-1.4,0.0,0.0,0.0,0.0,16.0,25903.0
2026-07-30T18:59:53.835Z,163.318,163.332,0.0,7.4,0.0,0.0,0.0,0.0,0.0,0.0,0.0,0.0,1.0,0.0,0.0,0.0,9.0,4.0,0.0,0.0,0.0,0.0,0.0,0.0,0.0,0.0,3.0,12.0,1.0,12.17,5.01,2.51,1.5,0.0,0.0,0.0,0.4,0.0,-0.2,-0.5,-0.1,-169.70000000000002,0.0,0.0,169.8,0.0,21.4,30.0,30.0,30.6,300.0,300.0,31.0,35.0,29.8,29.1,30.9,4.95,1.99,4.96,0.16,0.0,0.0,1027.0,8228.0,0.0,0.0,0.0,0.0,0.0,1.0,0.0,0.0,0.0,0.0,0.0,-1.8,0.0,0.4,0.0,0.0,16.0,25903.0
2026-07-30T18:59:53.848Z,163.331,163.344,0.0,7.4,0.0,0.0,0.0,0.0,0.0,0.0,0.0,0.0,1.0,0.0,0.0,0.0,9.0,4.0,0.0,0.0,0.0,0.0,0.0,0.0,0.0,0.0,4.0,12.0,1.0,12.17,5.01,2.51,1.5,0.0,0.0,0.0,0.4,0.0,-0.2,-0.5,-1.9,-169.70000000000002,0.0,0.0,169.8,0.0,21.4,30.0,30.0,30.6,300.0,300.0,31.0,35.0,29.8,29.1,30.9,4.95,1.99,4.97,0.16,0.0,0.0,1027.0,8228.0,0.0,0.0,0.0,0.0,0.0,1.0,0.0,0.0,0.0,0.0,0.0,1.6,0.0,-0.1,0.0,0.0,16.0,25903.0
2026-07-30T18:59:53.860Z,163.343,163.356,0.0,7.4,0.0,0.0,0.0,0.0,0.0,0.0,0.0,0.0,1.0,0.0,0.0,0.0,9.0,4.0,0.0,0.0,0.0,0.0,0.0,0.0,0.0,0.0,5.0,12.0,1.0,12.17,5.01,2.51,1.5,0.0,0.0,0.0,0.4,0.0,-0.2,0.6000000000000001,-0.1,-169.70000000000002,0.0,0.0,169.8,0.0,21.4,30.0,30.0,30.6,300.0,300.0,31.0,35.0,29.8,29.1,30.9,4.95,1.99,4.97,0.16,0.0,0.0,1027.0,8228.0,0.0,0.0,0.0,0.0,0.0,1.0,0.0,0.0,0.0,0.0,0.0,0.6000000000000001,0.0,0.2,0.0,0.0,16.0,25903.0
2026-07-30T18:59:53.871Z,163.354,163.368,0.0,7.4,0.0,0.0,0.0,0.0,0.0,0.0,0.0,0.0,1.0,0.0,0.0,0.0,9.0,4.0,0.0,0.0,0.0,0.0,0.0,0.0,0.0,0.0,6.0,12.0,1.0,12.17,5.01,2.51,1.5,0.0,0.0,0.0,0.4,0.0,-1.4,-1.6,-0.1,-169.70000000000002,0.0,0.0,169.70000000000002,0.0,21.4,30.0,30.0,30.6,300.0,300.0,31.0,35.0,29.8,29.1,30.9,4.96,1.99,4.96,0.15,0.0,0.0,1027.0,8228.0,0.0,0.0,0.0,0.0,0.0,1.0,0.0,0.0,0.0,0.0,0.0,-2.0,0.0,-0.2,0.0,0.0001,16.0,25903.0
2026-07-30T18:59:53.883Z,163.366,163.38,0.0,7.4,0.0,0.0,0.0,0.0,0.0,0.0,0.0,0.0,1.0,0.0,0.0,0.0,9.0,4.0,0.0,0.0,0.0,0.0,0.0,0.0,0.0,0.0,1.0,12.0,1.0,12.17,5.01,2.51,1.5,0.0,0.0,0.0,0.4,0.0,0.9,-0.5,-1.9,-169.70000000000002,0.0,0.0,169.70000000000002,0.0,21.4,30.0,30.0,30.6,300.0,300.0,31.0,35.0,29.8,29.1,30.9,4.95,1.99,4.97,0.15,0.0,0.0,1027.0,8228.0,0.0,0.0,0.0,0.0,0.0,1.0,0.0,0.0,0.0,0.0,0.0,-2.0,0.0,1.5,0.0,0.0,16.0,25903.0
2026-07-30T18:59:53.896Z,163.379,163.392,0.0,7.4,0.0,0.0,0.0,0.0,0.0,0.0,0.0,0.0,1.0,0.0,0.0,0.0,9.0,4.0,0.0,0.0,0.0,0.0,0.0,0.0,0.0,0.0,2.0,12.0,1.0,12.17,5.01,2.51,1.5,0.0,0.1,0.0,0.4,0.0,0.3,0.6000000000000001,0.4,-169.70000000000002,0.0,0.0,169.70000000000002,0.0,21.4,30.0,30.0,30.6,300.0,300.0,31.0,35.0,29.8,29.1,30.9,4.95,1.99,4.96,0.16,0.0,0.0,1027.0,8228.0,0.0,0.0,0.0,0.0,0.0,1.0,0.0,0.0,0.0,0.0,0.0,1.0,0.0,-0.2,0.0,0.0001,16.0,25903.0
2026-07-30T18:59:53.909Z,163.392,163.404,0.0,7.4,0.0,0.0,0.0,0.0,0.0,0.0,0.0,0.0,1.0,0.0,0.0,0.0,9.0,4.0,0.0,0.0,0.0,0.0,0.0,0.0,0.0,0.0,4.0,12.0,1.0,12.14,5.01,2.5,1.49,0.0,0.0,0.0,0.4,0.0,-0.2,0.0,0.4,-169.70000000000002,0.0,0.0,169.70000000000002,0.0,21.700000000000003,30.0,30.0,30.6,300.0,300.0,31.0,35.0,29.8,29.1,30.9,4.95,1.99,4.96,0.16,0.0,0.0,1027.0,8228.0,0.0,0.0,0.0,0.0,0.0,1.0,0.0,0.0,0.0,0.0,0.0,0.4,0.0,-0.4,0.0,0.0001,16.0,25903.0
2026-07-30T18:59:53.919Z,163.402,163.416,0.0,7.4,0.0,0.0,0.0,0.0,0.0,0.0,0.0,0.0,1.0,0.0,0.0,0.0,9.0,4.0,0.0,0.0,0.0,0.0,0.0,0.0,0.0,0.0,5.0,12.0,1.0,12.14,5.01,2.5,1.49,0.0,0.0,0.0,0.4,0.0,0.3,-0.5,-0.7000000000000001,-169.70000000000002,0.0,0.0,169.8,0.0,21.700000000000003,30.0,30.0,30.6,300.0,300.0,31.0,35.0,29.8,29.1,30.9,4.95,1.99,4.97,0.16,0.0,0.0,1027.0,8228.0,0.0,0.0,0.0,0.0,0.0,1.0,0.0,0.0,0.0,0.0,0.0,-1.1,0.0,0.5,0.0,0.0001,16.0,25903.0
2026-07-30T18:59:53.931Z,163.414,163.428,0.0,7.4,0.0,0.0,0.0,0.0,0.0,0.0,0.0,0.0,1.0,0.0,0.0,0.0,9.0,4.0,0.0,0.0,0.0,0.0,0.0,0.0,0.0,0.0,6.0,12.0,1.0,12.14,5.01,2.5,1.49,0.0,0.0,0.0,0.5,0.0,-0.2,-1.0,-1.8,-169.70000000000002,0.0,0.0,169.8,0.0,21.700000000000003,30.0,30.0,30.6,300.0,300.0,31.0,35.0,29.8,29.1,30.9,4.96,1.99,4.97,0.16,0.0,0.0,1027.0,8228.0,0.0,0.0,0.0,0.0,0.0,1.0,0.0,0.0,0.0,0.0,0.0,-2.6,0.0,1.4,0.0,0.0001,16.0,25903.0
2026-07-30T18:59:53.944Z,163.427,163.44,0.0,7.4,0.0,0.0,0.0,0.0,0.0,0.0,0.0,0.0,1.0,0.0,0.0,0.0,9.0,4.0,0.0,0.0,0.0,0.0,0.0,0.0,0.0,0.0,2.0,12.0,1.0,12.14,5.01,2.5,1.49,0.0,0.0,0.0,0.4,0.0,-0.2,0.6000000000000001,0.4,-169.70000000000002,0.0,0.0,169.8,0.0,21.700000000000003,30.0,30.0,30.6,300.0,300.0,31.0,35.0,29.8,29.1,30.9,4.96,2.0,4.96,0.16,0.0,0.0,1027.0,8228.0,0.0,0.0,0.0,0.0,0.0,1.0,0.0,0.0,0.0,0.0,0.0,1.1,0.0,-0.2,0.0,0.0,16.0,25903.0
2026-07-30T18:59:53.955Z,163.438,163.452,0.0,7.4,0.0,0.0,0.0,0.0,0.0,0.0,0.0,0.0,1.0,0.0,0.0,0.0,9.0,4.0,0.0,0.0,0.0,0.0,0.0,0.0,0.0,0.0,3.0,12.0,1.0,12.14,5.01,2.5,1.49,0.0,0.0,0.0,0.4,0.0,0.3,1.2000000000000002,0.4,-169.70000000000002,0.0,0.0,169.70000000000002,0.0,21.700000000000003,30.0,30.0,30.6,300.0,300.0,31.0,35.0,29.8,29.1,30.9,4.96,1.99,4.96,0.15,0.0,0.0,1027.0,8228.0,0.0,0.0,0.0,0.0,0.0,1.0,0.0,0.0,0.0,0.0,0.0,1.7000000000000002,0.0,-0.1,0.0,0.0,16.0,25903.0
2026-07-30T18:59:53.968Z,163.451,163.464,0.0,7.4,0.0,0.0,0.0,0.0,0.0,0.0,0.0,0.0,1.0,0.0,0.0,0.0,9.0,4.0,0.0,0.0,0.0,0.0,0.0,0.0,0.0,0.0,4.0,12.0,1.0,12.14,5.01,2.5,1.49,0.0,0.0,0.0,0.4,0.0,0.8,-0.5,1.0,-169.70000000000002,0.0,0.0,169.70000000000002,0.0,21.700000000000003,30.0,30.0,30.6,300.0,300.0,31.0,35.0,29.8,29.1,30.9,4.95,1.99,4.97,0.16,0.0,0.0,1027.0,8228.0,0.0,0.0,0.0,0.0,0.0,1.0,0.0,0.0,0.0,0.0,0.0,0.1,0.0,-1.0,0.0,0.0001,16.0,25903.0
2026-07-30T18:59:53.980Z,163.463,163.476,0.0,7.4,0.0,0.0,0.0,0.0,0.0,0.0,0.0,0.0,1.0,0.0,0.0,0.0,9.0,4.0,0.0,0.0,0.0,0.0,0.0,0.0,0.0,0.0,5.0,12.0,1.0,12.14,5.01,2.5,1.49,0.0,0.0,0.0,0.4,0.0,-0.3,-1.1,-1.9,-169.70000000000002,0.0,0.0,169.70000000000002,0.0,21.700000000000003,30.0,30.0,30.6,300.0,300.0,31.0,35.0,29.8,29.1,30.9,4.96,1.99,4.96,0.16,0.0,0.0,1027.0,8228.0,0.0,0.0,0.0,0.0,0.0,1.0,0.0,0.0,0.0,0.0,0.0,-2.6,0.0,1.4,0.0,0.0,16.0,25903.0
2026-07-30T18:59:53.992Z,163.475,163.488,0.0,7.4,0.0,0.0,0.0,0.0,0.0,0.0,0.0,0.0,1.0,0.0,0.0,0.0,9.0,4.0,0.0,0.0,0.0,0.0,0.0,0.0,0.0,0.0,6.0,12.0,1.0,12.14,5.01,2.5,1.49,0.0,0.0,0.0,0.4,0.0,-0.2,0.6000000000000001,1.6,-169.70000000000002,0.0,0.0,169.8,0.0,21.700000000000003,30.0,30.0,30.6,300.0,300.0,31.0,35.0,29.8,29.1,30.9,4.96,1.99,4.96,0.16,0.0,0.0,1027.0,8228.0,0.0,0.0,0.0,0.0,0.0,1.0,0.0,0.0,0.0,0.0,0.0,1.9,0.0,-1.2000000000000002,0.0,0.0001,16.0,25903.0
2026-07-30T18:59:54.004Z,163.487,163.5,0.0,7.4,0.0,0.0,0.0,0.0,0.0,0.0,0.0,0.0,1.0,0.0,0.0,0.0,9.0,4.0,0.0,0.0,0.0,0.0,0.0,0.0,0.0,0.0,1.0,12.0,1.0,12.14,5.01,2.5,1.49,0.0,0.1,0.0,0.4,0.0,-0.8,-0.5,1.6,-169.70000000000002,0.0,0.0,169.8,0.0,21.700000000000003,30.0,30.0,30.6,300.0,300.0,31.0,35.0,29.8,29.1,30.9,4.95,1.99,4.96,0.16,0.0,0.0,1027.0,8228.0,0.0,0.0,0.0,0.0,0.0,1.0,0.0,0.0,0.0,0.0,0.0,0.6000000000000001,0.0,-1.5,0.0,0.0001,16.0,25903.0
2026-07-30T18:59:54.015Z,163.498,163.512,0.0,7.4,0.0,0.0,0.0,0.0,0.0,0.0,0.0,0.0,1.0,0.0,0.0,0.0,9.0,4.0,0.0,0.0,0.0,0.0,0.0,0.0,0.0,0.0,3.0,12.0,1.0,12.17,5.0200000000000005,2.51,1.49,0.0,0.0,0.0,0.4,0.0,0.8,-0.4,-0.1,-169.70000000000002,0.0,0.0,169.8,0.0,21.200000000000003,30.0,30.0,30.6,300.0,300.0,31.0,35.0,29.8,29.1,30.9,4.95,1.99,4.97,0.16,0.0,0.0,1027.0,8228.0,0.0,0.0,0.0,0.0,0.0,1.0,0.0,0.0,0.0,0.0,0.0,-0.6000000000000001,0.0,0.0,0.0,0.0001,16.0,25903.0
2026-07-30T18:59:54.028Z,163.511,163.524,0.0,7.4,0.0,0.0,0.0,0.0,0.0,0.0,0.0,0.0,1.0,0.0,0.0,0.0,9.0,4.0,0.0,0.0,0.0,0.0,0.0,0.0,0.0,0.0,4.0,12.0,1.0,12.17,5.0200000000000005,2.51,1.49,0.0,0.1,0.0,0.4,0.0,-0.8,-0.4,0.0,-169.70000000000002,0.0,0.0,169.8,0.0,21.200000000000003,30.0,30.0,30.6,300.0,300.0,31.0,35.0,29.8,29.1,30.9,4.96,1.99,4.96,0.16,0.0,0.0,1027.0,8228.0,0.0,0.0,0.0,0.0,0.0,1.0,0.0,0.0,0.0,0.0,0.0,-0.6000000000000001,0.0,0.0,0.0,0.0001,16.0,25903.0
2026-07-30T18:59:54.042Z,163.525,163.536,0.0,7.4,0.0,0.0,0.0,0.0,0.0,0.0,0.0,0.0,1.0,0.0,0.0,0.0,9.0,4.0,0.0,0.0,0.0,0.0,0.0,0.0,0.0,0.0,3.0,12.0,1.0,12.17,5.0200000000000005,2.51,1.49,0.0,0.0,0.0,0.4,0.0,0.3,0.6000000000000001,0.0,-169.70000000000002,0.0,0.0,169.8,0.0,21.200000000000003,30.0,30.0,30.6,300.0,300.0,31.0,35.0,29.8,29.1,30.9,4.96,1.99,4.97,0.16,0.0,0.0,1027.0,8228.0,0.0,0.0,0.0,0.0,0.0,1.0,0.0,0.0,0.0,0.0,0.0,0.6000000000000001,0.0,0.2,0.0,0.0,16.0,25903.0
2026-07-30T18:59:54.051Z,163.534,163.548,0.0,7.4,0.0,0.0,0.0,0.0,0.0,0.0,0.0,0.0,1.0,0.0,0.0,0.0,9.0,4.0,0.0,0.0,0.0,0.0,0.0,0.0,0.0,0.0,2.0,12.0,1.0,12.17,5.0200000000000005,2.51,1.49,0.0,0.0,0.0,0.4,0.0,0.8,0.0,-0.6000000000000001,-169.70000000000002,0.0,0.0,169.8,0.0,21.200000000000003,30.0,30.0,30.6,300.0,300.0,31.0,35.0,29.8,29.1,30.9,4.95,1.99,4.97,0.16,0.0,0.0,1027.0,8228.0,0.0,0.0,0.0,0.0,0.0,1.0,0.0,0.0,0.0,0.0,0.0,-0.4,0.0,0.6000000000000001,0.0,0.0,16.0,25903.0
2026-07-30T18:59:54.064Z,163.547,163.56,0.0,7.4,0.0,0.0,0.0,0.0,0.0,0.0,0.0,0.0,1.0,0.0,0.0,0.0,9.0,4.0,0.0,0.0,0.0,0.0,0.0,0.0,0.0,0.0,3.0,12.0,1.0,12.17,5.0200000000000005,2.51,1.49,0.0,0.0,0.0,0.5,0.0,0.3,-0.4,-0.1,-169.70000000000002,0.0,0.0,169.70000000000002,0.0,21.200000000000003,30.0,30.0,30.6,300.0,300.0,31.0,35.0,29.8,29.1,30.9,4.96,1.99,4.97,0.16,0.0,0.0,1027.0,8228.0,0.0,0.0,0.0,0.0,0.0,1.0,0.0,0.0,0.0,0.0,0.0,-0.6000000000000001,0.0,0.0,0.0,0.0001,16.0,25903.0
2026-07-30T18:59:54.075Z,163.558,163.572,0.0,7.4,0.0,0.0,0.0,0.0,0.0,0.0,0.0,0.0,1.0,0.0,0.0,0.0,9.0,4.0,0.0,0.0,0.0,0.0,0.0,0.0,0.0,0.0,5.0,12.0,1.0,12.17,5.0200000000000005,2.51,1.49,0.0,0.0,0.0,0.4,0.0,0.3,-1.0,-1.8,-169.70000000000002,0.0,0.0,169.8,0.0,21.200000000000003,30.0,30.0,30.6,300.0,300.0,31.0,35.0,29.8,29.1,30.9,4.95,2.0,4.96,0.16,0.0,0.0,1027.0,8228.0,0.0,0.0,0.0,0.0,0.0,1.0,0.0,0.0,0.0,0.0,0.0,-2.5,0.0,1.4,0.0,0.0002,16.0,25903.0
2026-07-30T18:59:54.088Z,163.571,163.584,0.0,7.4,0.0,0.0,0.0,0.0,0.0,0.0,0.0,0.0,1.0,0.0,0.0,0.0,9.0,4.0,0.0,0.0,0.0,0.0,0.0,0.0,0.0,0.0,5.0,12.0,1.0,12.17,5.0200000000000005,2.51,1.49,0.0,0.0,0.0,0.4,0.0,0.3,0.6000000000000001,1.6,-169.70000000000002,0.0,0.0,169.8,0.0,21.200000000000003,30.0,30.0,30.6,300.0,300.0,31.0,35.0,29.8,29.1,30.9,4.95,1.99,4.97,0.16,0.0,0.0,1027.0,8228.0,0.0,0.0,0.0,0.0,0.0,1.0,0.0,0.0,0.0,0.0,0.0,2.0,0.0,-1.3,0.0,0.0001,16.0,25903.0
2026-07-30T18:59:54.100Z,163.583,163.596,0.0,7.4,0.0,0.0,0.0,0.0,0.0,0.0,0.0,0.0,1.0,0.0,0.0,0.0,9.0,4.0,0.0,0.0,0.0,0.0,0.0,0.0,0.0,0.0,1.0,12.0,1.0,12.17,5.0200000000000005,2.51,1.49,0.0,0.0,0.0,0.4,0.0,-0.2,0.1,-1.3,-169.70000000000002,0.0,0.0,169.8,0.0,21.200000000000003,30.0,30.0,30.6,300.0,300.0,31.0,35.0,29.8,29.1,30.9,4.95,1.99,4.97,0.16,0.0,0.0,1027.0,8228.0,0.0,0.0,0.0,0.0,0.0,1.0,0.0,0.0,0.0,0.0,0.0,-0.8,0.0,1.1,0.0,0.0,16.0,25903.0
2026-07-30T18:59:54.114Z,163.597,163.608,0.0,7.4,0.0,0.0,0.0,0.0,0.0,0.0,0.0,0.0,1.0,0.0,0.0,0.0,9.0,4.0,0.0,0.0,0.0,0.0,0.0,0.0,0.0,0.0,2.0,12.0,1.0,12.17,5.01,2.51,1.49,0.0,0.0,0.0,0.5,0.0,-0.2,-0.4,-0.7000000000000001,-169.70000000000002,0.0,0.0,169.8,0.0,21.200000000000003,30.0,30.0,30.700000000000003,300.0,300.0,31.0,34.9,29.8,29.1,30.9,4.96,1.99,4.96,0.16,0.0,0.0,1027.0,8228.0,0.0,0.0,0.0,0.0,0.0,1.0,0.0,0.0,0.0,0.0,0.0,-1.0,0.0,0.5,0.0,0.0001,16.0,25903.0
2026-07-30T18:59:54.123Z,163.606,163.62,0.0,7.4,0.0,0.0,0.0,0.0,0.0,0.0,0.0,0.0,1.0,0.0,0.0,0.0,9.0,4.0,0.0,0.0,0.0,0.0,0.0,0.0,0.0,0.0,3.0,12.0,1.0,12.17,5.01,2.51,1.49,0.0,0.0,0.0,0.4,0.0,0.9,0.7000000000000001,0.3,-169.70000000000002,0.0,0.0,169.8,0.0,21.200000000000003,30.0,30.0,30.700000000000003,300.0,300.0,31.0,34.9,29.8,29.1,30.9,4.95,1.99,4.96,0.16,0.0,0.0,1027.0,8228.0,0.0,0.0,0.0,0.0,0.0,1.0,0.0,0.0,0.0,0.0,0.0,1.1,0.0,-0.2,0.0,0.0,16.0,25903.0
2026-07-30T18:59:54.136Z,163.619,163.632,0.0,7.4,0.0,0.0,0.0,0.0,0.0,0.0,0.0,0.0,1.0,0.0,0.0,0.0,9.0,4.0,0.0,0.0,0.0,0.0,0.0,0.0,0.0,0.0,4.0,12.0,1.0,12.17,5.01,2.51,1.49,0.0,0.1,0.0,0.4,0.0,-0.8,-0.4,-0.7000000000000001,-169.70000000000002,0.0,0.0,169.8,0.0,21.200000000000003,30.0,30.0,30.700000000000003,300.0,300.0,31.0,34.9,29.8,29.1,30.9,4.95,1.99,4.97,0.16,0.0,0.0,1027.0,8228.0,0.0,0.0,0.0,0.0,0.0,1.0,0.0,0.0,0.0,0.0,0.0,-1.0,0.0,0.5,0.0,0.0001,16.0,25903.0
2026-07-30T18:59:54.148Z,163.631,163.644,0.0,7.4,0.0,0.0,0.0,0.0,0.0,0.0,0.0,0.0,1.0,0.0,0.0,0.0,9.0,4.0,0.0,0.0,0.0,0.0,0.0,0.0,0.0,0.0,6.0,12.0,1.0,12.17,5.01,2.51,1.49,0.0,0.0,0.0,0.4,0.0,0.3,0.7000000000000001,1.0,-169.70000000000002,0.0,0.0,169.8,0.0,21.200000000000003,30.0,30.0,30.700000000000003,300.0,300.0,31.0,34.9,29.8,29.1,30.9,4.96,2.0,4.97,0.16,0.0,0.0,1027.0,8228.0,0.0,0.0,0.0,0.0,0.0,1.0,0.0,0.0,0.0,0.0,0.0,1.5,0.0,-0.7000000000000001,0.0,0.0,16.0,25903.0
2026-07-30T18:59:54.159Z,163.642,163.656,0.0,7.4,0.0,0.0,0.0,0.0,0.0,0.0,0.0,0.0,1.0,0.0,0.0,0.0,9.0,4.0,0.0,0.0,0.0,0.0,0.0,0.0,0.0,0.0,1.0,12.0,1.0,12.17,5.01,2.51,1.49,0.0,0.0,0.0,0.5,0.0,0.3,0.7000000000000001,-1.3,-169.70000000000002,0.0,0.0,169.70000000000002,0.0,21.200000000000003,30.0,30.0,30.700000000000003,300.0,300.0,31.0,34.9,29.8,29.1,30.9,4.96,2.0,4.96,0.16,0.0,0.0,1027.0,8228.0,0.0,0.0,0.0,0.0,0.0,1.0,0.0,0.0,0.0,0.0,0.0,-0.1,0.0,1.2000000000000002,0.0,0.0,16.0,25903.0
2026-07-30T18:59:54.171Z,163.654,163.668,0.0,7.4,0.0,0.0,0.0,0.0,0.0,0.0,0.0,0.0,1.0,0.0,0.0,0.0,9.0,4.0,0.0,0.0,0.0,0.0,0.0,0.0,0.0,0.0,2.0,12.0,1.0,12.17,5.01,2.51,1.49,0.0,0.1,0.0,0.4,0.0,-0.2,0.6000000000000001,1.0,-169.70000000000002,0.0,0.0,169.70000000000002,0.0,21.200000000000003,30.0,30.0,30.700000000000003,300.0,300.0,31.0,34.9,29.8,29.1,30.9,4.96,1.99,4.97,0.16,0.0,0.0,1027.0,8228.0,0.0,0.0,0.0,0.0,0.0,1.0,0.0,0.0,0.0,0.0,0.0,1.5,0.0,-0.8,0.0,0.0001,16.0,25903.0
2026-07-30T18:59:54.183Z,163.666,163.68,0.0,7.4,0.0,0.0,0.0,0.0,0.0,0.0,0.0,0.0,1.0,0.0,0.0,0.0,9.0,4.0,0.0,0.0,0.0,0.0,0.0,0.0,0.0,0.0,3.0,12.0,1.0,12.17,5.01,2.51,1.49,0.0,0.0,0.0,0.4,0.0,-0.2,1.9,1.1,-169.70000000000002,0.0,0.0,169.70000000000002,0.0,21.200000000000003,30.0,30.0,30.700000000000003,300.0,300.0,31.0,34.9,29.8,29.1,30.9,4.96,2.0,4.96,0.16,0.0,0.0,1027.0,8228.0,0.0,0.0,0.0,0.0,0.0,1.0,0.0,0.0,0.0,0.0,0.0,3.0,0.0,-0.6000000000000001,0.0,0.0,16.0,25903.0
2026-07-30T18:59:54.195Z,163.678,163.692,0.0,7.4,0.0,0.0,0.0,0.0,0.0,0.0,0.0,0.0,1.0,0.0,0.0,0.0,9.0,4.0,0.0,0.0,0.0,0.0,0.0,0.0,0.0,0.0,4.0,12.0,1.0,12.17,5.01,2.51,1.49,0.0,0.0,0.0,0.4,0.0,0.3,0.1,-0.5,-169.70000000000002,0.0,0.0,169.70000000000002,0.0,21.200000000000003,30.0,30.0,30.700000000000003,300.0,300.0,31.0,34.9,29.8,29.1,30.9,4.95,2.0,4.96,0.16,0.0,0.0,1027.0,8228.0,0.0,0.0,0.0,0.0,0.0,1.0,0.0,0.0,0.0,0.0,0.0,-0.2,0.0,0.5,0.0,0.0001,16.0,25903.0
2026-07-30T18:59:54.208Z,163.691,163.704,0.0,7.4,0.0,0.0,0.0,0.0,0.0,0.0,0.0,0.0,1.0,0.0,0.0,0.0,9.0,4.0,0.0,0.0,0.0,0.0,0.0,0.0,0.0,0.0,5.0,12.0,1.0,12.17,5.01,2.51,1.49,0.0,0.0,0.0,0.4,0.0,0.3,1.3,1.7000000000000002,-169.70000000000002,0.0,0.0,169.70000000000002,0.0,21.200000000000003,30.0,30.0,30.700000000000003,300.0,300.0,31.0,34.9,29.8,29.1,30.9,4.95,2.0,4.97,0.16,0.0,0.0,1027.0,8228.0,0.0,0.0,0.0,0.0,0.0,1.0,0.0,0.0,0.0,0.0,0.0,2.7,0.0,-1.2000000000000002,0.0,0.0,16.0,25903.0
2026-07-30T18:59:54.220Z,163.703,163.716,0.0,7.4,0.0,0.0,0.0,0.0,0.0,0.0,0.0,0.0,1.0,0.0,0.0,0.0,9.0,4.0,0.0,0.0,0.0,0.0,0.0,0.0,0.0,0.0,6.0,12.0,1.0,12.18,5.0200000000000005,2.5,1.49,0.0,0.0,0.0,0.4,0.0,-0.2,-0.4,-1.2000000000000002,-169.70000000000002,0.0,0.0,169.70000000000002,0.0,21.4,30.0,30.0,30.6,300.0,300.0,31.1,35.0,29.8,29.1,30.9,4.96,1.99,4.97,0.16,0.0,0.0,1027.0,8228.0,0.0,0.0,0.0,0.0,0.0,1.0,0.0,0.0,0.0,0.0,0.0,-1.4,0.0,0.9,0.0,0.0,16.0,25903.0
2026-07-30T18:59:54.232Z,163.715,163.728,0.0,7.4,0.0,0.0,0.0,0.0,0.0,0.0,0.0,0.0,1.0,0.0,0.0,0.0,9.0,4.0,0.0,0.0,0.0,0.0,0.0,0.0,0.0,0.0,2.0,12.0,1.0,12.18,5.0200000000000005,2.5,1.49,0.0,0.0,0.0,0.4,0.0,0.8,0.7000000000000001,0.0,-169.70000000000002,0.0,0.0,169.60000000000002,0.0,21.4,30.0,30.0,30.6,300.0,300.0,31.1,35.0,29.8,29.1,30.9,4.96,1.99,4.96,0.16,0.0,0.0,1027.0,8228.0,0.0,0.0,0.0,0.0,0.0,1.0,0.0,0.0,0.0,0.0,0.0,0.7000000000000001,0.0,0.2,0.0,0.0,16.0,25903.0
2026-07-30T18:59:54.243Z,163.726,163.74,0.0,7.4,0.0,0.0,0.0,0.0,0.0,0.0,0.0,0.0,1.0,0.0,0.0,0.0,9.0,4.0,0.0,0.0,0.0,0.0,0.0,0.0,0.0,0.0,3.0,12.0,1.0,12.18,5.0200000000000005,2.5,1.49,0.0,0.0,0.0,0.4,0.0,0.3,0.1,1.0,-169.70000000000002,0.0,0.0,169.8,0.0,21.4,30.0,30.0,30.6,300.0,300.0,31.1,35.0,29.8,29.1,30.9,4.95,1.99,4.96,0.16,0.0,0.0,1027.0,8228.0,0.0,0.0,0.0,0.0,0.0,1.0,0.0,0.0,0.0,0.0,0.0,0.9,0.0,-0.9,0.0,0.0,16.0,25903.0
2026-07-30T18:59:54.255Z,163.738,163.752,0.0,7.4,0.0,0.0,0.0,0.0,0.0,0.0,0.0,0.0,1.0,0.0,0.0,0.0,9.0,4.0,0.0,0.0,0.0,0.0,0.0,0.0,0.0,0.0,4.0,12.0,1.0,12.18,5.0200000000000005,2.5,1.49,0.0,0.0,0.0,0.5,0.0,0.8,-0.4,-0.6000000000000001,-169.70000000000002,0.0,0.0,169.8,0.0,21.4,30.0,30.0,30.6,300.0,300.0,31.1,35.0,29.8,29.1,30.9,4.96,1.99,4.96,0.16,0.0,0.0,1027.0,8228.0,0.0,0.0,0.0,0.0,0.0,1.0,0.0,0.0,0.0,0.0,0.0,-0.9,0.0,0.5,0.0,0.0002,16.0,25903.0
2026-07-30T18:59:54.268Z,163.751,163.764,0.0,7.4,0.0,0.0,0.0,0.0,0.0,0.0,0.0,0.0,1.0,0.0,0.0,0.0,9.0,4.0,0.0,0.0,0.0,0.0,0.0,0.0,0.0,0.0,5.0,12.0,1.0,12.18,5.0200000000000005,2.5,1.49,0.0,0.0,0.0,0.5,0.0,-0.2,-1.0,0.5,-169.70000000000002,0.0,0.0,169.8,0.0,21.4,30.0,30.0,30.6,300.0,300.0,31.1,35.0,29.8,29.1,30.9,4.95,1.99,4.96,0.16,0.0,0.0,1027.0,8228.0,0.0,0.0,0.0,0.0,0.0,1.0,0.0,0.0,0.0,0.0,0.0,-0.7000000000000001,0.0,-0.6000000000000001,0.0,0.0,16.0,25903.0
2026-07-30T18:59:54.280Z,163.763,163.776,0.0,7.4,0.0,0.0,0.0,0.0,0.0,0.0,0.0,0.0,1.0,0.0,0.0,0.0,9.0,4.0,0.0,0.0,0.0,0.0,0.0,0.0,0.0,0.0,6.0,12.0,1.0,12.18,5.0200000000000005,2.5,1.49,0.0,0.0,0.0,0.4,0.0,0.3,1.2000000000000002,-0.7000000000000001,-169.70000000000002,0.0,0.0,169.70000000000002,0.0,21.4,30.0,30.0,30.6,300.0,300.0,31.1,35.0,29.8,29.1,30.9,4.95,1.99,4.97,0.16,0.0,0.0,1027.0,8228.0,0.0,0.0,0.0,0.0,0.0,1.0,0.0,0.0,0.0,0.0,0.0,0.9,0.0,0.8,0.0,0.0,16.0,25903.0
2026-07-30T18:59:54.291Z,163.774,163.788,0.0,7.4,0.0,0.0,0.0,0.0,0.0,0.0,0.0,0.0,1.0,0.0,0.0,0.0,9.0,4.0,0.0,0.0,0.0,0.0,0.0,0.0,0.0,0.0,2.0,12.0,1.0,12.18,5.0200000000000005,2.5,1.49,-0.1,0.1,0.0,0.4,0.0,0.3,0.7000000000000001,-0.1,-169.70000000000002,0.0,0.0,169.8,0.0,21.4,30.0,30.0,30.6,300.0,300.0,31.1,35.0,29.8,29.1,30.9,4.95,1.99,4.97,0.16,0.0,0.0,1027.0,8228.0,0.0,0.0,0.0,0.0,0.0,1.0,0.0,0.0,0.0,0.0,0.0,0.7000000000000001,0.0,0.2,0.0,0.0002,16.0,25903.0
2026-07-30T18:59:54.304Z,163.787,163.8,0.0,7.4,0.0,0.0,0.0,0.0,0.0,0.0,0.0,0.0,1.0,0.0,0.0,0.0,9.0,4.0,0.0,0.0,0.0,0.0,0.0,0.0,0.0,0.0,3.0,12.0,1.0,12.18,5.0200000000000005,2.5,1.49,0.0,0.0,0.0,0.4,0.0,0.3,0.1,0.5,-169.70000000000002,0.0,0.0,169.8,0.0,21.4,30.0,30.0,30.6,300.0,300.0,31.1,35.0,29.8,29.1,30.9,4.96,1.99,4.96,0.16,0.0,0.0,1027.0,8228.0,0.0,0.0,0.0,0.0,0.0,1.0,0.0,0.0,0.0,0.0,0.0,0.5,0.0,-0.4,0.0,0.0001,16.0,25903.0
2026-07-30T18:59:54.317Z,163.8,163.812,0.0,7.4,0.0,0.0,0.0,0.0,0.0,0.0,0.0,0.0,1.0,0.0,0.0,0.0,9.0,4.0,0.0,0.0,0.0,0.0,0.0,0.0,0.0,0.0,4.0,12.0,1.0,12.15,5.0200000000000005,2.5,1.49,0.0,0.0,0.0,0.5,0.0,0.3,-0.4,-0.7000000000000001,-169.70000000000002,0.0,0.0,169.70000000000002,0.0,21.700000000000003,30.0,30.0,30.6,300.0,300.0,31.1,35.0,29.8,29.1,30.9,4.95,1.99,4.97,0.16,0.0,0.0,1027.0,8228.0,0.0,0.0,0.0,0.0,0.0,1.0,0.0,0.0,0.0,0.0,0.0,-1.0,0.0,0.5,0.0,0.0001,16.0,25903.0
2026-07-30T18:59:54.327Z,163.81,163.824,0.0,7.4,0.0,0.0,0.0,0.0,0.0,0.0,0.0,0.0,1.0,0.0,0.0,0.0,9.0,4.0,0.0,0.0,0.0,0.0,0.0,0.0,0.0,0.0,6.0,12.0,1.0,12.15,5.0200000000000005,2.5,1.49,0.0,0.0,0.0,0.4,0.0,0.3,1.2000000000000002,0.4,-169.70000000000002,0.0,0.0,169.70000000000002,0.0,21.700000000000003,30.0,30.0,30.6,300.0,300.0,31.1,35.0,29.8,29.1,30.9,4.95,1.99,4.97,0.16,0.0,0.0,1027.0,8228.0,0.0,0.0,0.0,0.0,0.0,1.0,0.0,0.0,0.0,0.0,0.0,0.1,0.0,0.7000000000000001,0.0,0.0001,16.0,25903.0
2026-07-30T18:59:54.339Z,163.822,163.836,0.0,7.4,0.0,0.0,0.0,0.0,0.0,0.0,0.0,0.0,1.0,0.0,0.0,0.0,9.0,4.0,0.0,0.0,0.0,0.0,0.0,0.0,0.0,0.0,1.0,12.0,1.0,12.15,5.0200000000000005,2.5,1.49,0.0,0.0,0.0,0.4,0.0,0.3,0.0,-0.6000000000000001,-169.70000000000002,0.0,0.0,169.8,0.0,21.700000000000003,30.0,30.0,30.6,300.0,300.0,31.1,35.0,29.8,29.1,30.9,4.95,1.99,4.97,0.16,0.0,0.0,1027.0,8228.0,0.0,0.0,0.0,0.0,0.0,1.0,0.0,0.0,0.0,0.0,0.0,-0.4,0.0,0.6000000000000001,0.0,0.0,16.0,25903.0
2026-07-30T18:59:54.355Z,163.838,163.848,0.0,7.4,0.0,0.0,0.0,0.0,0.0,0.0,0.0,0.0,1.0,0.0,0.0,0.0,9.0,4.0,0.0,0.0,0.0,0.0,0.0,0.0,0.0,0.0,2.0,12.0,1.0,12.15,5.0200000000000005,2.5,1.49,0.0,0.0,0.0,0.4,0.0,-0.2,-0.5,0.0,-169.70000000000002,0.0,0.0,169.70000000000002,0.0,21.700000000000003,30.0,30.0,30.6,300.0,300.0,31.1,35.0,29.8,29.1,30.9,4.95,1.99,4.96,0.16,0.0,0.0,1027.0,8228.0,0.0,0.0,0.0,0.0,0.0,1.0,0.0,0.0,0.0,0.0,0.0,0.2,0.0,0.7000000000000001,0.0,0.0001,16.0,25903.0
2026-07-30T18:59:54.364Z,163.847,163.86,0.0,7.4,0.0,0.0,0.0,0.0,0.0,0.0,0.0,0.0,1.0,0.0,0.0,0.0,9.0,4.0,0.0,0.0,0.0,0.0,0.0,0.0,0.0,0.0,5.0,12.0,1.0,12.15,5.0200000000000005,2.5,1.49,0.0,0.0,0.0,0.4,0.0,0.3,-0.5,0.0,-169.70000000000002,0.0,0.0,169.8,0.0,21.700000000000003,30.0,30.0,30.6,300.0,300.0,31.1,35.0,29.8,29.1,30.9,4.95,1.99,4.97,0.16,0.0,0.0,1027.0,8228.0,0.0,0.0,0.0,0.0,0.0,1.0,0.0,0.0,0.0,0.0,0.0,0.2,0.0,0.7000000000000001,0.0,0.0,16.0,25903.0
2026-07-30T18:59:54.375Z,163.858,163.872,0.0,7.4,0.0,0.0,0.0,0.0,0.0,0.0,0.0,0.0,1.0,0.0,0.0,0.0,9.0,4.0,0.0,0.0,0.0,0.0,0.0,0.0,0.0,0.0,1.0,12.0,1.0,12.15,5.0200000000000005,2.5,1.49,0.0,0.0,0.0,0.4,0.0,0.3,0.0,0.4,-169.70000000000002,0.0,0.0,169.70000000000002,0.0,21.700000000000003,30.0,30.0,30.6,300.0,300.0,31.1,35.0,29.8,29.1,30.9,4.95,1.99,4.96,0.16,0.0,0.0,1027.0,8228.0,0.0,0.0,0.0,0.0,0.0,1.0,0.0,0.0,0.0,0.0,0.0,0.3,0.0,-0.3,0.0,0.0001,16.0,25903.0
2026-07-30T18:59:54.387Z,163.87,163.884,0.0,7.4,0.0,0.0,0.0,0.0,0.0,0.0,0.0,0.0,1.0,0.0,0.0,0.0,9.0,4.0,0.0,0.0,0.0,0.0,0.0,0.0,0.0,0.0,2.0,12.0,1.0,12.15,5.0200000000000005,2.5,1.49,0.0,0.0,0.0,0.4,0.0,-0.8,-1.1,-2.4000000000000004,-169.70000000000002,0.0,0.0,169.70000000000002,0.0,21.700000000000003,30.0,30.0,30.6,300.0,300.0,31.1,35.0,29.8,29.1,30.9,4.96,1.99,4.96,0.16,0.0,0.0,1027.0,8228.0,0.0,0.0,0.0,0.0,0.0,1.0,0.0,0.0,0.0,0.0,0.0,-3.1,0.0,1.9,0.0,0.0,16.0,25903.0
2026-07-30T18:59:54.399Z,163.882,163.89600000000002,0.0,7.4,0.0,0.0,0.0,0.0,0.0,0.0,0.0,0.0,1.0,0.0,0.0,0.0,9.0,4.0,0.0,0.0,0.0,0.0,0.0,0.0,0.0,0.0,3.0,12.0,1.0,12.15,5.0200000000000005,2.5,1.49,0.0,0.0,0.0,0.4,0.0,0.8,0.0,-0.1,-169.70000000000002,0.0,0.0,169.8,0.0,21.700000000000003,30.0,30.0,30.6,300.0,300.0,31.1,35.0,29.8,29.1,30.9,4.95,1.99,4.96,0.16,0.0,0.0,1027.0,8228.0,0.0,0.0,0.0,0.0,0.0,1.0,0.0,0.0,0.0,0.0,0.0,0.0,0.0,0.1,0.0,0.0001,16.0,25903.0
2026-07-30T18:59:54.412Z,163.895,163.90800000000002,0.0,7.4,0.0,0.0,0.0,0.0,0.0,0.0,0.0,0.0,1.0,0.0,0.0,0.0,9.0,4.0,0.0,0.0,0.0,0.0,0.0,0.0,0.0,0.0,4.0,12.0,1.0,12.15,5.0200000000000005,2.5,1.49,0.0,0.0,0.0,0.4,0.0,0.2,0.0,-0.7000000000000001,-169.70000000000002,0.0,0.0,169.8,0.0,21.700000000000003,30.0,30.0,30.6,300.0,300.0,31.1,35.0,29.8,29.1,30.9,4.95,1.99,4.96,0.16,0.0,0.0,1027.0,8228.0,0.0,0.0,0.0,0.0,0.0,1.0,0.0,0.0,0.0,0.0,0.0,-0.5,0.0,0.6000000000000001,0.0,0.0001,16.0,25903.0
2026-07-30T18:59:54.423Z,163.906,163.92000000000002,0.0,7.4,0.0,0.0,0.0,0.0,0.0,0.0,0.0,0.0,1.0,0.0,0.0,0.0,9.0,4.0,0.0,0.0,0.0,0.0,0.0,0.0,0.0,0.0,6.0,12.0,1.0,12.18,5.01,2.51,1.49,0.0,0.0,0.0,0.4,0.0,0.2,-0.6000000000000001,-0.2,-169.70000000000002,0.0,0.0,169.70000000000002,0.0,21.700000000000003,30.0,30.0,30.6,300.0,300.0,31.0,35.0,29.8,29.1,30.9,4.95,1.99,4.96,0.16,0.0,0.0,1027.0,8228.0,0.0,0.0,0.0,0.0,0.0,1.0,0.0,0.0,0.0,0.0,0.0,-0.8,0.0,0.0,0.0,0.0,16.0,25903.0
2026-07-30T18:59:54.436Z,163.919,163.93200000000002,0.0,7.4,0.0,0.0,0.0,0.0,0.0,0.0,0.0,0.0,1.0,0.0,0.0,0.0,9.0,4.0,0.0,0.0,0.0,0.0,0.0,0.0,0.0,0.0,1.0,12.0,1.0,12.18,5.01,2.51,1.49,0.0,0.1,0.0,0.4,0.0,0.2,0.5,-0.2,-169.70000000000002,0.0,0.0,169.70000000000002,0.0,21.700000000000003,30.0,30.0,30.6,300.0,300.0,31.0,35.0,29.8,29.1,30.9,4.96,1.99,4.96,0.16,0.0,0.0,1027.0,8228.0,0.0,0.0,0.0,0.0,0.0,1.0,0.0,0.0,0.0,0.0,0.0,0.4,0.0,0.2,0.0,0.0001,16.0,25903.0
2026-07-30T18:59:54.448Z,163.931,163.94400000000002,0.0,7.4,0.0,0.0,0.0,0.0,0.0,0.0,0.0,0.0,1.0,0.0,0.0,0.0,9.0,4.0,0.0,0.0,0.0,0.0,0.0,0.0,0.0,0.0,2.0,12.0,1.0,12.18,5.01,2.51,1.49,0.0,0.0,0.0,0.4,0.0,0.8,0.0,-1.3,-169.70000000000002,0.0,0.0,169.70000000000002,0.0,21.700000000000003,30.0,30.0,30.6,300.0,300.0,31.0,35.0,29.8,29.1,30.9,4.95,1.99,4.97,0.16,0.0,0.0,1027.0,8228.0,0.0,0.0,0.0,0.0,0.0,1.0,0.0,0.0,0.0,0.0,0.0,-1.0,0.0,1.2000000000000002,0.0,0.0,16.0,25903.0
2026-07-30T18:59:54.460Z,163.943,163.95600000000002,0.0,7.4,0.0,0.0,0.0,0.0,0.0,0.0,0.0,0.0,1.0,0.0,0.0,0.0,9.0,4.0,0.0,0.0,0.0,0.0,0.0,0.0,0.0,0.0,3.0,12.0,1.0,12.18,5.01,2.51,1.49,0.0,0.0,0.0,0.4,0.0,0.2,0.0,-0.2,-169.70000000000002,0.0,0.0,169.70000000000002,0.0,21.700000000000003,30.0,30.0,30.6,300.0,300.0,31.0,35.0,29.8,29.1,30.9,4.96,1.99,4.96,0.16,0.0,0.0,1027.0,8228.0,0.0,0.0,0.0,0.0,0.0,1.0,0.0,0.0,0.0,0.0,0.0,-0.1,0.0,0.2,0.0,0.0,16.0,25903.0
2026-07-30T18:59:54.472Z,163.955,163.968,0.0,7.4,0.0,0.0,0.0,0.0,0.0,0.0,0.0,0.0,1.0,0.0,0.0,0.0,9.0,4.0,0.0,0.0,0.0,0.0,0.0,0.0,0.0,0.0,5.0,12.0,1.0,12.18,5.01,2.51,1.49,0.0,0.0,0.0,0.4,0.0,-0.8,0.5,-0.2,-169.70000000000002,0.0,0.0,169.70000000000002,0.0,21.700000000000003,30.0,30.0,30.6,300.0,300.0,31.0,35.0,29.8,29.1,30.9,4.96,2.0,4.97,0.16,0.0,0.0,1027.0,8228.0,0.0,0.0,0.0,0.0,0.0,1.0,0.0,0.0,0.0,0.0,0.0,0.4,0.0,0.3,0.0,0.0001,16.0,25903.0
2026-07-30T18:59:54.483Z,163.966,163.98,0.0,7.4,0.0,0.0,0.0,0.0,0.0,0.0,0.0,0.0,1.0,0.0,0.0,0.0,9.0,4.0,0.0,0.0,0.0,0.0,0.0,0.0,0.0,0.0,6.0,12.0,1.0,12.18,5.01,2.51,1.49,0.0,0.0,0.0,0.4,0.0,-1.4,-1.2000000000000002,-0.8,-169.70000000000002,0.0,0.0,169.70000000000002,0.0,21.700000000000003,30.0,30.0,30.6,300.0,300.0,31.0,35.0,29.8,29.1,30.9,4.95,1.99,4.97,0.16,0.0,0.0,1027.0,8228.0,0.0,0.0,0.0,0.0,0.0,1.0,0.0,0.0,0.0,0.0,0.0,-2.0,0.0,0.5,0.0,0.0001,16.0,25903.0
2026-07-30T18:59:54.495Z,163.978,163.992,0.0,7.4,0.0,0.0,0.0,0.0,0.0,0.0,0.0,0.0,1.0,0.0,0.0,0.0,9.0,4.0,0.0,0.0,0.0,0.0,0.0,0.0,0.0,0.0,1.0,12.0,1.0,12.18,5.01,2.51,1.49,0.0,0.0,0.0,0.4,0.0,-0.3,1.1,-0.2,-169.70000000000002,0.0,0.0,169.70000000000002,0.0,21.700000000000003,30.0,30.0,30.6,300.0,300.0,31.0,35.0,29.8,29.1,30.9,4.95,1.99,4.97,0.16,0.0,0.0,1027.0,8228.0,0.0,0.0,0.0,0.0,0.0,1.0,0.0,0.0,0.0,0.0,0.0,1.1,0.0,0.4,0.0,0.0,16.0,25903.0
2026-07-30T18:59:54.507Z,163.99,164.004,0.0,7.4,0.0,0.0,0.0,0.0,0.0,0.0,0.0,0.0,1.0,0.0,0.0,0.0,9.0,4.0,0.0,0.0,0.0,0.0,0.0,0.0,0.0,0.0,2.0,12.0,1.0,12.18,5.01,2.51,1.49,0.0,0.0,0.0,0.4,0.0,0.8,0.5,-0.2,-169.70000000000002,0.0,0.0,169.70000000000002,0.0,21.700000000000003,30.0,30.0,30.6,300.0,300.0,31.0,35.0,29.8,29.1,30.9,4.96,1.99,4.96,0.16,0.0,0.0,1027.0,8228.0,0.0,0.0,0.0,0.0,0.0,1.0,0.0,0.0,0.0,0.0,0.0,0.5,0.0,0.3,0.0,0.0,16.0,25903.0
2026-07-30T18:59:54.521Z,164.004,164.016,0.0,7.4,0.0,0.0,0.0,0.0,0.0,0.0,0.0,0.0,1.0,0.0,0.0,0.0,9.0,4.0,0.0,0.0,0.0,0.0,0.0,0.0,0.0,0.0,3.0,12.0,1.0,12.17,5.01,2.5,1.5,0.0,0.0,0.0,0.4,0.0,-0.3,0.5,0.3,-169.70000000000002,0.0,0.0,169.8,0.0,21.4,30.0,30.0,30.6,300.0,300.0,31.1,35.0,29.8,29.1,30.9,4.96,1.99,4.96,0.16,0.0,0.0,1027.0,8228.0,0.0,0.0,0.0,0.0,0.0,1.0,0.0,0.0,0.0,0.0,0.0,0.9,0.0,-0.2,0.0,0.0,16.0,25903.0
2026-07-30T18:59:54.531Z,164.014,164.028,0.0,7.4,0.0,0.0,0.0,0.0,0.0,0.0,0.0,0.0,1.0,0.0,0.0,0.0,9.0,4.0,0.0,0.0,0.0,0.0,0.0,0.0,0.0,0.0,4.0,12.0,1.0,12.17,5.01,2.5,1.5,0.0,0.0,0.0,0.4,0.0,0.3,0.0,-0.7000000000000001,-169.70000000000002,0.0,0.0,169.70000000000002,0.0,21.4,30.0,30.0,30.6,300.0,300.0,31.1,35.0,29.8,29.1,30.9,4.95,1.99,4.96,0.16,0.0,0.0,1027.0,8228.0,0.0,0.0,0.0,0.0,0.0,1.0,0.0,0.0,0.0,0.0,0.0,-0.5,0.0,0.7000000000000001,0.0,0.0,16.0,25903.0
2026-07-30T18:59:54.543Z,164.026,164.04,0.0,7.4,0.0,0.0,0.0,0.0,0.0,0.0,0.0,0.0,1.0,0.0,0.0,0.0,9.0,4.0,0.0,0.0,0.0,0.0,0.0,0.0,0.0,0.0,5.0,12.0,1.0,12.17,5.01,2.5,1.5,0.0,0.0,0.0,0.4,0.0,1.5,0.0,0.4,-169.70000000000002,0.0,0.0,169.8,0.0,21.4,30.0,30.0,30.6,300.0,300.0,31.1,35.0,29.8,29.1,30.9,4.96,1.99,4.96,0.16,0.0,0.0,1027.0,8228.0,0.0,0.0,0.0,0.0,0.0,1.0,0.0,0.0,0.0,0.0,0.0,0.3,0.0,-0.3,0.0,0.0,16.0,25903.0
2026-07-30T18:59:54.555Z,164.038,164.052,0.0,7.4,0.0,0.0,0.0,0.0,0.0,0.0,0.0,0.0,1.0,0.0,0.0,0.0,9.0,4.0,0.0,0.0,0.0,0.0,0.0,0.0,0.0,0.0,6.0,12.0,1.0,12.17,5.01,2.5,1.5,0.0,0.0,0.0,0.4,0.0,0.3,-0.5,-0.2,-169.70000000000002,0.0,0.0,169.8,0.0,21.4,30.0,30.0,30.6,300.0,300.0,31.1,35.0,29.8,29.1,30.9,4.95,2.0,4.97,0.16,0.0,0.0,1027.0,8228.0,0.0,0.0,0.0,0.0,0.0,1.0,0.0,0.0,0.0,0.0,0.0,-0.7000000000000001,0.0,0.0,0.0,0.0001,16.0,25903.0
2026-07-30T18:59:54.569Z,164.052,164.064,0.0,7.4,0.0,0.0,0.0,0.0,0.0,0.0,0.0,0.0,1.0,0.0,0.0,0.0,9.0,4.0,0.0,0.0,0.0,0.0,0.0,0.0,0.0,0.0,1.0,12.0,1.0,12.17,5.01,2.5,1.5,0.0,0.0,0.0,0.5,0.0,0.3,0.6000000000000001,1.5,-169.70000000000002,0.0,0.0,169.8,0.0,21.4,30.0,30.0,30.6,300.0,300.0,31.1,35.0,29.8,29.1,30.9,4.95,1.99,4.97,0.16,0.0,0.0,1027.0,8228.0,0.0,0.0,0.0,0.0,0.0,1.0,0.0,0.0,0.0,0.0,0.0,1.9,0.0,-1.2000000000000002,0.0,0.0,16.0,25903.0
2026-07-30T18:59:54.579Z,164.062,164.076,0.0,7.4,0.0,0.0,0.0,0.0,0.0,0.0,0.0,0.0,1.0,0.0,0.0,0.0,9.0,4.0,0.0,0.0,0.0,0.0,0.0,0.0,0.0,0.0,1.0,12.0,1.0,12.17,5.01,2.5,1.5,0.0,0.1,0.0,0.5,0.0,0.9,0.6000000000000001,1.5,-169.70000000000002,0.0,0.0,169.8,0.0,21.4,30.0,30.0,30.6,300.0,300.0,31.1,35.0,29.8,29.1,30.9,4.95,1.99,4.97,0.16,0.0,0.0,1027.0,8228.0,0.0,0.0,0.0,0.0,0.0,1.0,0.0,0.0,0.0,0.0,0.0,1.9,0.0,-1.2000000000000002,0.0,0.0,16.0,25903.0
2026-07-30T18:59:54.591Z,164.074,164.088,0.0,7.4,0.0,0.0,0.0,0.0,0.0,0.0,0.0,0.0,1.0,0.0,0.0,0.0,9.0,4.0,0.0,0.0,0.0,0.0,0.0,0.0,0.0,0.0,2.0,12.0,1.0,12.17,5.01,2.5,1.5,0.0,0.0,0.0,0.4,0.0,0.3,0.7000000000000001,-1.4,-169.70000000000002,0.0,0.0,169.70000000000002,0.0,21.4,30.0,30.0,30.6,300.0,300.0,31.1,35.0,29.8,29.1,30.9,4.96,1.99,4.96,0.16,0.0,0.0,1027.0,8228.0,0.0,0.0,0.0,0.0,0.0,1.0,0.0,0.0,0.0,0.0,0.0,-0.2,0.0,1.3,0.0,0.0,16.0,25903.0
2026-07-30T18:59:54.603Z,164.086,164.1,0.0,7.4,0.0,0.0,0.0,0.0,0.0,0.0,0.0,0.0,1.0,0.0,0.0,0.0,9.0,4.0,0.0,0.0,0.0,0.0,0.0,0.0,0.0,0.0,3.0,12.0,1.0,12.17,5.01,2.5,1.5,0.0,0.0,0.0,0.4,0.0,0.3,0.6000000000000001,0.3,-169.70000000000002,0.0,0.0,169.70000000000002,0.0,21.4,30.0,30.0,30.6,300.0,300.0,31.1,35.0,29.8,29.1,30.9,4.95,1.99,4.96,0.16,0.0,0.0,1027.0,8228.0,0.0,0.0,0.0,0.0,0.0,1.0,0.0,0.0,0.0,0.0,0.0,1.0,0.0,-0.1,0.0,0.0001,16.0,25903.0
2026-07-30T18:59:54.616Z,164.099,164.112,0.0,7.4,0.0,0.0,0.0,0.0,0.0,0.0,0.0,0.0,1.0,0.0,0.0,0.0,9.0,4.0,0.0,0.0,0.0,0.0,0.0,0.0,0.0,0.0,4.0,12.0,1.0,12.17,5.01,2.5,1.5,0.0,0.0,0.0,0.5,0.0,0.3,0.0,-1.4,-169.70000000000002,0.0,0.0,169.70000000000002,0.0,21.4,30.0,30.0,30.6,300.0,300.0,31.1,35.0,29.8,29.1,30.9,4.95,2.0,4.97,0.16,0.0,0.0,1027.0,8228.0,0.0,0.0,0.0,0.0,0.0,1.0,0.0,0.0,0.0,0.0,0.0,-1.0,0.0,1.2000000000000002,0.0,0.0,16.0,25903.0
2026-07-30T18:59:54.628Z,164.111,164.124,0.0,7.4,0.0,0.0,0.0,0.0,0.0,0.0,0.0,0.0,1.0,0.0,0.0,0.0,9.0,4.0,0.0,0.0,0.0,0.0,0.0,0.0,0.0,0.0,5.0,12.0,1.0,12.18,5.0200000000000005,2.5,1.49,0.0,0.1,0.0,0.4,0.0,0.3,0.6000000000000001,-0.8,-169.70000000000002,0.0,0.0,169.70000000000002,0.0,21.8,30.0,30.0,30.6,300.0,300.0,31.0,35.1,29.8,29.1,30.9,4.96,1.99,4.97,0.16,0.0,0.0,1027.0,8228.0,0.0,0.0,0.0,0.0,0.0,1.0,0.0,0.0,0.0,0.0,0.0,0.0,0.0,0.8,0.0,0.0001,16.0,25903.0
2026-07-30T18:59:54.640Z,164.123,164.136,0.0,7.4,0.0,0.0,0.0,0.0,0.0,0.0,0.0,0.0,1.0,0.0,0.0,0.0,9.0,4.0,0.0,0.0,0.0,0.0,0.0,0.0,0.0,0.0,6.0,12.0,1.0,12.18,5.0200000000000005,2.5,1.49,0.0,0.0,0.0,0.5,0.0,-0.2,-1.1,-0.2,-169.70000000000002,0.0,0.0,169.70000000000002,0.0,21.8,30.0,30.0,30.6,300.0,300.0,31.0,35.1,29.8,29.1,30.9,4.95,1.99,4.96,0.16,0.0,0.0,1027.0,8228.0,0.0,0.0,0.0,0.0,0.0,1.0,0.0,0.0,0.0,0.0,0.0,-1.4,0.0,0.0,0.0,0.0001,16.0,25903.0
2026-07-30T18:59:54.652Z,164.135,164.148,0.0,7.4,0.0,0.0,0.0,0.0,0.0,0.0,0.0,0.0,1.0,0.0,0.0,0.0,9.0,4.0,0.0,0.0,0.0,0.0,0.0,0.0,0.0,0.0,1.0,12.0,1.0,12.18,5.0200000000000005,2.5,1.49,0.0,0.1,0.0,0.5,0.0,0.3,-1.1,2.0,-169.70000000000002,0.0,0.0,169.70000000000002,0.0,21.8,30.0,30.0,30.6,300.0,300.0,31.0,35.1,29.8,29.1,30.9,4.95,1.99,4.97,0.16,0.0,0.0,1027.0,8228.0,0.0,0.0,0.0,0.0,0.0,1.0,0.0,0.0,0.0,0.0,0.0,0.2,0.0,-2.0,0.0,0.0001,16.0,25903.0
2026-07-30T18:59:54.668Z,164.151,164.16,0.0,7.4,0.0,0.0,0.0,0.0,0.0,0.0,0.0,0.0,1.0,0.0,0.0,0.0,9.0,4.0,0.0,0.0,0.0,0.0,0.0,0.0,0.0,0.0,3.0,12.0,1.0,12.18,5.0200000000000005,2.5,1.49,0.0,0.1,0.0,0.4,0.0,0.9,0.6000000000000001,-0.8,-169.70000000000002,0.0,0.0,169.8,0.0,21.8,30.0,30.0,30.6,300.0,300.0,31.0,35.1,29.8,29.1,30.9,4.95,1.99,4.96,0.16,0.0,0.0,1027.0,8228.0,0.0,0.0,0.0,0.0,0.0,1.0,0.0,0.0,0.0,0.0,0.0,0.0,0.0,0.9,0.0,0.0001,16.0,25903.0
2026-07-30T18:59:54.676Z,164.159,164.172,0.0,7.4,0.0,0.0,0.0,0.0,0.0,0.0,0.0,0.0,1.0,0.0,0.0,0.0,9.0,4.0,0.0,0.0,0.0,0.0,0.0,0.0,0.0,0.0,2.0,12.0,1.0,12.18,5.0200000000000005,2.5,1.49,0.0,0.0,0.0,0.4,0.0,-0.2,0.6000000000000001,-0.2,-169.70000000000002,0.0,0.0,169.70000000000002,0.0,21.8,30.0,30.0,30.6,300.0,300.0,31.0,35.1,29.8,29.1,30.9,4.96,1.99,4.96,0.16,0.0,0.0,1027.0,8228.0,0.0,0.0,0.0,0.0,0.0,1.0,0.0,0.0,0.0,0.0,0.0,0.5,0.0,0.3,0.0,0.0002,16.0,25903.0
2026-07-30T18:59:54.688Z,164.171,164.184,0.0,7.4,0.0,0.0,0.0,0.0,0.0,0.0,0.0,0.0,1.0,0.0,0.0,0.0,9.0,4.0,0.0,0.0,0.0,0.0,0.0,0.0,0.0,0.0,6.0,12.0,1.0,12.18,5.0200000000000005,2.5,1.49,0.0,0.0,0.0,0.4,0.0,0.3,0.0,0.3,-169.70000000000002,0.0,0.0,169.70000000000002,0.0,21.8,30.0,30.0,30.6,300.0,300.0,31.0,35.1,29.8,29.1,30.9,4.95,1.99,4.97,0.16,0.0,0.0,1027.0,8228.0,0.0,0.0,0.0,0.0,0.0,1.0,0.0,0.0,0.0,0.0,0.0,0.3,0.0,-0.2,0.0,0.0001,16.0,25903.0
2026-07-30T18:59:54.700Z,164.183,164.196,0.0,7.4,0.0,0.0,0.0,0.0,0.0,0.0,0.0,0.0,1.0,0.0,0.0,0.0,9.0,4.0,0.0,0.0,0.0,0.0,0.0,0.0,0.0,0.0,2.0,12.0,1.0,12.18,5.0200000000000005,2.5,1.49,0.0,0.0,0.0,0.4,0.0,-0.7000000000000001,-0.5,1.5,-169.70000000000002,0.0,0.0,169.8,0.0,21.8,30.0,30.0,30.6,300.0,300.0,31.0,35.1,29.8,29.1,30.9,4.96,1.99,4.96,0.16,0.0,0.0,1027.0,8228.0,0.0,0.0,0.0,0.0,0.0,1.0,0.0,0.0,0.0,0.0,0.0,0.5,0.0,-1.4,0.0,0.0001,16.0,25903.0
2026-07-30T18:59:54.712Z,164.195,164.208,0.0,7.4,0.0,0.0,0.0,0.0,0.0,0.0,0.0,0.0,1.0,0.0,0.0,0.0,9.0,4.0,0.0,0.0,0.0,0.0,0.0,0.0,0.0,0.0,3.0,12.0,1.0,12.18,5.0200000000000005,2.5,1.49,0.0,0.1,0.0,0.5,0.0,-0.1,-0.5,-0.7000000000000001,-169.70000000000002,0.0,0.0,169.8,0.0,21.8,30.0,30.0,30.6,300.0,300.0,31.0,35.1,29.8,29.1,30.9,4.96,2.0,4.96,0.16,0.0,0.0,1027.0,8228.0,0.0,0.0,0.0,0.0,0.0,1.0,0.0,0.0,0.0,0.0,0.0,-1.2000000000000002,0.0,0.5,0.0,0.0001,16.0,25903.0
2026-07-30T18:59:54.724Z,164.207,164.22,0.0,7.4,0.0,0.0,0.0,0.0,0.0,0.0,0.0,0.0,1.0,0.0,0.0,0.0,9.0,4.0,0.0,0.0,0.0,0.0,0.0,0.0,0.0,0.0,4.0,12.0,1.0,12.17,5.01,2.51,1.49,0.0,0.0,0.0,0.5,0.0,-0.1,0.0,-0.7000000000000001,-169.70000000000002,0.0,0.0,169.8,0.0,21.4,30.0,30.0,30.6,300.0,300.0,31.200000000000003,35.0,29.8,29.1,30.9,4.95,1.99,4.96,0.16,0.0,0.0,1027.0,8228.0,0.0,0.0,0.0,0.0,0.0,1.0,0.0,0.0,0.0,0.0,0.0,-0.5,0.0,0.6000000000000001,0.0,0.0,16.0,25903.0
2026-07-30T18:59:54.736Z,164.219,164.232,0.0,7.4,0.0,0.0,0.0,0.0,0.0,0.0,0.0,0.0,1.0,0.0,0.0,0.0,9.0,4.0,0.0,0.0,0.0,0.0,0.0,0.0,0.0,0.0,5.0,12.0,1.0,12.17,5.01,2.51,1.49,0.0,0.1,0.0,0.4,0.0,0.4,-0.5,0.3,-169.70000000000002,0.0,0.0,169.8,0.0,21.4,30.0,30.0,30.6,300.0,300.0,31.200000000000003,35.0,29.8,29.1,30.9,4.96,1.99,4.97,0.16,0.0,0.0,1027.0,8228.0,0.0,0.0,0.0,0.0,0.0,1.0,0.0,0.0,0.0,0.0,0.0,-0.3,0.0,-0.4,0.0,0.0,16.0,25903.0
2026-07-30T18:59:54.748Z,164.231,164.244,0.0,7.4,0.0,0.0,0.0,0.0,0.0,0.0,0.0,0.0,1.0,0.0,0.0,0.0,9.0,4.0,0.0,0.0,0.0,0.0,0.0,0.0,0.0,0.0,6.0,12.0,1.0,12.17,5.01,2.51,1.49,0.0,0.0,0.0,0.4,0.0,-0.8,-0.5,-0.2,-169.70000000000002,0.0,0.0,169.8,0.0,21.4,30.0,30.0,30.6,300.0,300.0,31.200000000000003,35.0,29.8,29.1,30.9,4.96,2.0,4.96,0.16,0.0,0.0,1027.0,8228.0,0.0,0.0,0.0,0.0,0.0,1.0,0.0,0.0,0.0,0.0,0.0,-0.8,0.0,0.1,0.0,0.0,16.0,25903.0
2026-07-30T18:59:54.760Z,164.243,164.256,0.0,7.4,0.0,0.0,0.0,0.0,0.0,0.0,0.0,0.0,1.0,0.0,0.0,0.0,9.0,4.0,0.0,0.0,0.0,0.0,0.0,0.0,0.0,0.0,1.0,12.0,1.0,12.17,5.01,2.51,1.49,0.0,0.0,0.0,0.4,0.0,0.3,0.0,0.2,-169.70000000000002,0.0,0.0,169.8,0.0,21.4,30.0,30.0,30.6,300.0,300.0,31.200000000000003,35.0,29.8,29.1,30.9,4.96,1.99,4.96,0.16,0.0,0.0,1027.0,8228.0,0.0,0.0,0.0,0.0,0.0,1.0,0.0,0.0,0.0,0.0,0.0,0.1,0.0,-0.2,0.0,0.0,16.0,25903.0
2026-07-30T18:59:54.772Z,164.255,164.268,0.0,7.4,0.0,0.0,0.0,0.0,0.0,0.0,0.0,0.0,1.0,0.0,0.0,0.0,9.0,4.0,0.0,0.0,0.0,0.0,0.0,0.0,0.0,0.0,2.0,12.0,1.0,12.17,5.01,2.51,1.49,0.0,0.0,0.0,0.4,0.0,0.3,1.1,-0.9,-169.70000000000002,0.0,0.0,169.8,0.0,21.4,30.0,30.0,30.6,300.0,300.0,31.200000000000003,35.0,29.8,29.1,30.9,4.95,1.99,4.96,0.16,0.0,0.0,1027.0,8228.0,0.0,0.0,0.0,0.0,0.0,1.0,0.0,0.0,0.0,0.0,0.0,0.6000000000000001,0.0,1.0,0.0,0.0,16.0,25903.0
2026-07-30T18:59:54.784Z,164.267,164.28,0.0,7.4,0.0,0.0,0.0,0.0,0.0,0.0,0.0,0.0,1.0,0.0,0.0,0.0,9.0,4.0,0.0,0.0,0.0,0.0,0.0,0.0,0.0,0.0,4.0,12.0,1.0,12.17,5.01,2.51,1.49,0.0,0.0,0.0,0.4,0.0,-0.2,-0.5,-0.3,-169.70000000000002,0.0,0.0,169.8,0.0,21.4,30.0,30.0,30.6,300.0,300.0,31.200000000000003,35.0,29.8,29.1,30.9,4.96,1.99,4.97,0.16,0.0,0.0,1027.0,8228.0,0.0,0.0,0.0,0.0,0.0,1.0,0.0,0.0,0.0,0.0,0.0,-0.8,0.0,0.1,0.0,0.0,16.0,25903.0
2026-07-30T18:59:54.796Z,164.279,164.292,0.0,7.4,0.0,0.0,0.0,0.0,0.0,0.0,0.0,0.0,1.0,0.0,0.0,0.0,9.0,4.0,0.0,0.0,0.0,0.0,0.0,0.0,0.0,0.0,5.0,12.0,1.0,12.17,5.01,2.51,1.49,0.0,0.0,0.0,0.4,0.0,-0.2,0.0,0.2,-169.70000000000002,0.0,0.0,169.8,0.0,21.4,30.0,30.0,30.6,300.0,300.0,31.200000000000003,35.0,29.8,29.1,30.9,4.95,2.0,4.96,0.16,0.0,0.0,1027.0,8228.0,0.0,0.0,0.0,0.0,0.0,1.0,0.0,0.0,0.0,0.0,0.0,0.2,0.0,-0.2,0.0,0.0,16.0,25903.0
2026-07-30T18:59:54.808Z,164.291,164.304,0.0,7.4,0.0,0.0,0.0,0.0,0.0,0.0,0.0,0.0,1.0,0.0,0.0,0.0,9.0,4.0,0.0,0.0,0.0,0.0,0.0,0.0,0.0,0.0,6.0,12.0,1.0,12.17,5.01,2.51,1.49,0.0,0.0,0.0,0.4,0.0,0.3,0.6000000000000001,-0.3,-169.70000000000002,0.0,0.0,169.8,0.0,21.4,30.0,30.0,30.6,300.0,300.0,31.200000000000003,35.0,29.8,29.1,30.9,4.95,1.99,4.97,0.16,0.0,0.0,1027.0,8228.0,0.0,0.0,0.0,0.0,0.0,1.0,0.0,0.0,0.0,0.0,0.0,0.5,0.0,0.3,0.0,0.0,16.0,25903.0
2026-07-30T18:59:54.820Z,164.303,164.316,0.0,7.4,0.0,0.0,0.0,0.0,0.0,0.0,0.0,0.0,1.0,0.0,0.0,0.0,9.0,4.0,0.0,0.0,0.0,0.0,0.0,0.0,0.0,0.0,6.0,12.0,1.0,12.17,5.01,2.51,1.49,0.0,0.0,0.0,0.5,0.0,-0.2,-0.4,-0.8,-169.70000000000002,0.0,0.0,169.8,0.0,21.4,30.0,30.0,30.6,300.0,300.0,31.200000000000003,35.0,29.8,29.1,30.9,4.96,2.0,4.97,0.16,0.0,0.0,1027.0,8228.0,0.0,0.0,0.0,0.0,0.0,1.0,0.0,0.0,0.0,0.0,0.0,-1.1,0.0,0.6000000000000001,0.0,0.0001,16.0,25903.0
2026-07-30T18:59:54.832Z,164.315,164.328,0.0,7.4,0.0,0.0,0.0,0.0,0.0,0.0,0.0,0.0,1.0,0.0,0.0,0.0,9.0,4.0,0.0,0.0,0.0,0.0,0.0,0.0,0.0,0.0,1.0,12.0,1.0,12.17,5.01,2.51,1.49,0.0,0.0,0.0,0.4,0.0,-0.7000000000000001,0.6000000000000001,-0.8,-169.70000000000002,0.0,0.0,169.8,0.0,21.9,30.0,30.0,30.6,300.0,300.0,31.200000000000003,35.1,29.700000000000003,29.1,30.9,4.96,2.0,4.96,0.16,0.0,0.0,1027.0,8228.0,0.0,0.0,0.0,0.0,0.0,1.0,0.0,0.0,0.0,0.0,0.0,0.1,0.0,0.9,0.0,0.0001,16.0,25903.0
2026-07-30T18:59:54.843Z,164.326,164.34,0.0,7.4,0.0,0.0,0.0,0.0,0.0,0.0,0.0,0.0,1.0,0.0,0.0,0.0,9.0,4.0,0.0,0.0,0.0,0.0,0.0,0.0,0.0,0.0,2.0,12.0,1.0,12.17,5.01,2.51,1.49,0.0,0.0,0.0,0.4,0.0,0.3,-0.4,-1.4,-169.70000000000002,0.0,0.0,169.70000000000002,0.0,21.9,30.0,30.0,30.6,300.0,300.0,31.200000000000003,35.1,29.700000000000003,29.1,30.9,4.96,1.99,4.97,0.16,0.0,0.0,1027.0,8228.0,0.0,0.0,0.0,0.0,0.0,1.0,0.0,0.0,0.0,0.0,0.0,0.1,0.0,0.8,0.0,0.0,16.0,25903.0
2026-07-30T18:59:54.856Z,164.339,164.352,0.0,7.4,0.0,0.0,0.0,0.0,0.0,0.0,0.0,0.0,1.0,0.0,0.0,0.0,9.0,4.0,0.0,0.0,0.0,0.0,0.0,0.0,0.0,0.0,3.0,12.0,1.0,12.17,5.01,2.51,1.49,0.0,0.0,0.0,0.4,0.0,-0.8,1.2000000000000002,-0.2,-169.70000000000002,0.0,0.0,169.70000000000002,0.0,21.9,30.0,30.0,30.6,300.0,300.0,31.200000000000003,35.1,29.700000000000003,29.1,30.9,4.96,1.99,4.96,0.16,0.0,0.0,1027.0,8228.0,0.0,0.0,0.0,0.0,0.0,1.0,0.0,0.0,0.0,0.0,0.0,0.8,0.0,-0.7000000000000001,0.0,0.0,16.0,25903.0
2026-07-30T18:59:54.867Z,164.35,164.364,0.0,7.4,0.0,0.0,0.0,0.0,0.0,0.0,0.0,0.0,1.0,0.0,0.0,0.0,9.0,4.0,0.0,0.0,0.0,0.0,0.0,0.0,0.0,0.0,4.0,12.0,1.0,12.17,5.01,2.51,1.49,0.0,0.0,0.0,0.4,0.0,0.3,0.1,0.3,-169.70000000000002,0.0,0.0,169.70000000000002,0.0,21.9,30.0,30.0,30.6,300.0,300.0,31.200000000000003,35.1,29.700000000000003,29.1,30.9,4.96,1.99,4.96,0.16,0.0,0.0,1027.0,8228.0,0.0,0.0,0.0,0.0,0.0,1.0,0.0,0.0,0.0,0.0,0.0,0.8,0.0,-0.8,0.0,0.0001,16.0,25903.0
2026-07-30T18:59:54.879Z,164.362,164.376,0.0,7.4,0.0,0.0,0.0,0.0,0.0,0.0,0.0,0.0,1.0,0.0,0.0,0.0,9.0,4.0,0.0,0.0,0.0,0.0,0.0,0.0,0.0,0.0,5.0,12.0,1.0,12.17,5.01,2.51,1.49,0.0,0.0,0.0,0.4,0.0,-0.2,0.7000000000000001,1.5,-169.70000000000002,0.0,0.0,169.8,0.0,21.9,30.0,30.0,30.6,300.0,300.0,31.200000000000003,35.1,29.700000000000003,29.1,30.9,4.96,1.99,4.96,0.16,0.0,0.0,1027.0,8228.0,0.0,0.0,0.0,0.0,0.0,1.0,0.0,0.0,0.0,0.0,0.0,-1.3,0.0,0.0,0.0,0.0001,16.0,25903.0
2026-07-30T18:59:54.891Z,164.374,164.388,0.0,7.4,0.0,0.0,0.0,0.0,0.0,0.0,0.0,0.0,1.0,0.0,0.0,0.0,9.0,4.0,0.0,0.0,0.0,0.0,0.0,0.0,0.0,0.0,6.0,12.0,1.0,12.17,5.01,2.51,1.49,0.0,0.0,0.0,0.4,0.0,0.3,0.1,1.5,-169.70000000000002,0.0,0.0,169.8,0.0,21.9,30.0,30.0,30.6,300.0,300.0,31.200000000000003,35.1,29.700000000000003,29.1,30.9,4.95,1.99,4.97,0.16,0.0,0.0,1027.0,8228.0,0.0,0.0,0.0,0.0,0.0,1.0,0.0,0.0,0.0,0.0,0.0,1.2000000000000002,0.0,-1.3,0.0,0.0001,16.0,25903.0
2026-07-30T18:59:54.903Z,164.386,164.4,0.0,7.4,0.0,0.0,0.0,0.0,0.0,0.0,0.0,0.0,1.0,0.0,0.0,0.0,9.0,4.0,0.0,0.0,0.0,0.0,0.0,0.0,0.0,0.0,1.0,12.0,1.0,12.17,5.01,2.51,1.49,0.0,0.0,0.0,0.4,0.0,-0.8,0.6000000000000001,-0.2,-169.70000000000002,0.0,0.0,169.8,0.0,21.9,30.0,30.0,30.6,300.0,300.0,31.200000000000003,35.1,29.700000000000003,29.1,30.9,4.95,2.0,4.97,0.16,0.0,0.0,1027.0,8228.0,0.0,0.0,0.0,0.0,0.0,1.0,0.0,0.0,0.0,0.0,0.0,0.5,0.0,0.3,0.0,0.0001,16.0,25903.0
2026-07-30T18:59:54.915Z,164.398,164.412,0.0,7.4,0.0,0.0,0.0,0.0,0.0,0.0,0.0,0.0,1.0,0.0,0.0,0.0,9.0,4.0,0.0,0.0,0.0,0.0,0.0,0.0,0.0,0.0,2.0,12.0,1.0,12.17,5.01,2.51,1.49,-0.1,0.2,0.0,0.5,0.0,-0.2,-0.4,-0.1,-169.70000000000002,0.0,0.0,169.8,0.0,21.9,30.0,30.0,30.6,300.0,300.0,31.200000000000003,35.1,29.700000000000003,29.1,30.9,4.96,1.99,4.97,0.16,0.0,0.0,1027.0,8228.0,0.0,0.0,0.0,0.0,0.0,1.0,0.0,0.0,0.0,0.0,0.0,-0.6000000000000001,0.0,0.0,0.0,0.0,16.0,25903.0
2026-07-30T18:59:54.929Z,164.412,164.424,0.0,7.4,0.0,0.0,0.0,0.0,0.0,0.0,0.0,0.0,1.0,0.0,0.0,0.0,9.0,4.0,0.0,0.0,0.0,0.0,0.0,0.0,0.0,0.0,3.0,12.0,1.0,12.18,5.0200000000000005,2.51,1.49,0.0,0.0,0.0,0.4,0.0,-0.2,-0.4,0.4,-169.70000000000002,0.0,0.0,169.9,0.0,21.700000000000003,30.0,30.0,30.6,300.0,300.0,31.200000000000003,35.0,29.700000000000003,29.1,30.9,4.95,1.99,4.97,0.16,0.0,0.0,1027.0,8228.0,0.0,0.0,0.0,0.0,0.0,1.0,0.0,0.0,0.0,0.0,0.0,-0.1,0.0,-0.4,0.0,0.0,16.0,25903.0
2026-07-30T18:59:54.940Z,164.423,164.436,0.0,7.4,0.0,0.0,0.0,0.0,0.0,0.0,0.0,0.0,1.0,0.0,0.0,0.0,9.0,4.0,0.0,0.0,0.0,0.0,0.0,0.0,0.0,0.0,4.0,12.0,1.0,12.18,5.0200000000000005,2.51,1.49,0.0,0.0,0.0,0.4,0.0,-0.8,-1.0,0.4,-169.70000000000002,0.0,0.0,169.8,0.0,21.700000000000003,30.0,30.0,30.6,300.0,300.0,31.200000000000003,35.0,29.700000000000003,29.1,30.9,4.96,1.99,4.96,0.16,0.0,0.0,1027.0,8228.0,0.0,0.0,0.0,0.0,0.0,1.0,0.0,0.0,0.0,0.0,0.0,-0.8,0.0,-0.5,0.0,0.0,16.0,25903.0
2026-07-30T18:59:54.952Z,164.435,164.448,0.0,7.4,0.0,0.0,0.0,0.0,0.0,0.0,0.0,0.0,1.0,0.0,0.0,0.0,9.0,4.0,0.0,0.0,0.0,0.0,0.0,0.0,0.0,0.0,5.0,12.0,1.0,12.18,5.0200000000000005,2.51,1.49,0.0,0.0,0.0,0.4,0.0,0.2,0.7000000000000001,-0.7000000000000001,-169.70000000000002,0.0,0.0,169.8,0.0,21.700000000000003,30.0,30.0,30.6,300.0,300.0,31.200000000000003,35.0,29.700000000000003,29.1,30.9,4.96,2.0,4.97,0.16,0.0,0.0,1027.0,8228.0,0.0,0.0,0.0,0.0,0.0,1.0,0.0,0.0,0.0,0.0,0.0,0.2,0.0,0.8,0.0,0.0,16.0,25903.0
2026-07-30T18:59:54.963Z,164.446,164.46,0.0,7.4,0.0,0.0,0.0,0.0,0.0,0.0,0.0,0.0,1.0,0.0,0.0,0.0,9.0,4.0,0.0,0.0,0.0,0.0,0.0,0.0,0.0,0.0,6.0,12.0,1.0,12.18,5.0200000000000005,2.51,1.49,0.0,0.0,0.0,0.4,0.0,0.2,-0.4,0.9,-169.70000000000002,0.0,0.0,169.9,0.0,21.700000000000003,30.0,30.0,30.6,300.0,300.0,31.200000000000003,35.0,29.700000000000003,29.1,30.9,4.95,1.99,4.97,0.16,0.0,0.0,1027.0,8228.0,0.0,0.0,0.0,0.0,0.0,1.0,0.0,0.0,0.0,0.0,0.0,0.2,0.0,-0.9,0.0,0.0001,16.0,25903.0
2026-07-30T18:59:54.976Z,164.459,164.472,0.0,7.4,0.0,0.0,0.0,0.0,0.0,0.0,0.0,0.0,1.0,0.0,0.0,0.0,9.0,4.0,0.0,0.0,0.0,0.0,0.0,0.0,0.0,0.0,2.0,12.0,1.0,12.18,5.0200000000000005,2.51,1.49,0.0,0.1,0.0,0.4,0.0,-0.3,-0.4,-0.2,-169.70000000000002,0.0,0.0,169.8,0.0,21.700000000000003,30.0,30.0,30.6,300.0,300.0,31.200000000000003,35.0,29.700000000000003,29.1,30.9,4.95,1.99,4.97,0.16,0.0,0.0,1027.0,8228.0,0.0,0.0,0.0,0.0,0.0,1.0,0.0,0.0,0.0,0.0,0.0,-0.6000000000000001,0.0,0.1,0.0,0.0,16.0,25903.0
2026-07-30T18:59:54.987Z,164.47,164.484,0.0,7.4,0.0,0.0,0.0,0.0,0.0,0.0,0.0,0.0,1.0,0.0,0.0,0.0,9.0,4.0,0.0,0.0,0.0,0.0,0.0,0.0,0.0,0.0,2.0,12.0,1.0,12.18,5.0200000000000005,2.51,1.49,0.0,0.0,0.0,0.4,0.0,0.2,-1.0,0.3,-169.70000000000002,0.0,0.0,169.8,0.0,21.700000000000003,30.0,30.0,30.6,300.0,300.0,31.200000000000003,35.0,29.700000000000003,29.1,30.9,4.96,2.0,4.96,0.16,0.0,0.0,1027.0,8228.0,0.0,0.0,0.0,0.0,0.0,1.0,0.0,0.0,0.0,0.0,0.0,-0.9,0.0,-0.5,0.0,0.0,16.0,25903.0
2026-07-30T18:59:55.000Z,164.483,164.496,0.0,7.4,0.0,0.0,0.0,0.0,0.0,0.0,0.0,0.0,1.0,0.0,0.0,0.0,9.0,4.0,0.0,0.0,0.0,0.0,0.0,0.0,0.0,0.0,6.0,12.0,1.0,12.18,5.0200000000000005,2.51,1.49,0.0,0.0,0.0,0.4,0.0,0.2,0.1,-0.7000000000000001,-169.70000000000002,0.0,0.0,169.8,0.0,21.700000000000003,30.0,30.0,30.6,300.0,300.0,31.200000000000003,35.0,29.700000000000003,29.1,30.9,4.96,1.99,4.97,0.16,0.0,0.0,1027.0,8228.0,0.0,0.0,0.0,0.0,0.0,1.0,0.0,0.0,0.0,0.0,0.0,-0.4,0.0,0.7000000000000001,0.0,0.0,16.0,25903.0
2026-07-30T18:59:55.012Z,164.495,164.508,0.0,7.4,0.0,0.0,0.0,0.0,0.0,0.0,0.0,0.0,1.0,0.0,0.0,0.0,9.0,4.0,0.0,0.0,0.0,0.0,0.0,0.0,0.0,0.0,6.0,12.0,1.0,12.18,5.0200000000000005,2.51,1.49,0.0,0.0,0.0,0.4,0.0,0.2,1.2000000000000002,0.3,-169.70000000000002,0.0,0.0,169.8,0.0,21.700000000000003,30.0,30.0,30.6,300.0,300.0,31.200000000000003,35.0,29.700000000000003,29.1,30.9,4.95,1.98,4.97,0.16,0.0,0.0,1027.0,8228.0,0.0,0.0,0.0,0.0,0.0,1.0,0.0,0.0,0.0,0.0,0.0,1.7000000000000002,0.0,0.0,0.0,0.0,16.0,25903.0
2026-07-30T18:59:55.023Z,164.506,164.52,0.0,7.4,0.0,0.0,0.0,0.0,0.0,0.0,0.0,0.0,1.0,0.0,0.0,0.0,9.0,4.0,0.0,0.0,0.0,0.0,0.0,0.0,0.0,0.0,2.0,12.0,1.0,12.18,5.0200000000000005,2.51,1.49,0.0,0.0,0.0,0.4,0.0,0.2,-0.4,-0.1,-169.70000000000002,0.0,0.0,169.8,0.0,21.700000000000003,30.0,30.0,30.6,300.0,300.0,31.200000000000003,35.0,29.700000000000003,29.1,30.9,4.96,1.98,4.96,0.16,0.0,0.0,1027.0,8228.0,0.0,0.0,0.0,0.0,0.0,1.0,0.0,0.0,0.0,0.0,0.0,-0.6000000000000001,0.0,0.0,0.0,0.0,16.0,25903.0
2026-07-30T18:59:55.035Z,164.518,164.532,0.0,7.4,0.0,0.0,0.0,0.0,0.0,0.0,0.0,0.0,1.0,0.0,0.0,0.0,9.0,4.0,0.0,0.0,0.0,0.0,0.0,0.0,0.0,0.0,3.0,12.0,1.0,12.15,5.01,2.5,1.49,0.0,0.0,0.0,0.4,0.0,0.2,-1.0,-0.1,-169.70000000000002,0.0,0.0,169.8,0.0,21.700000000000003,30.0,30.0,30.6,300.0,300.0,31.1,35.0,29.700000000000003,29.1,30.9,4.96,1.99,4.96,0.16,0.0,0.0,1027.0,8228.0,0.0,0.0,0.0,0.0,0.0,1.0,0.0,0.0,0.0,0.0,0.0,-1.2000000000000002,0.0,-0.1,0.0,0.0,16.0,25903.0
2026-07-30T18:59:55.048Z,164.531,164.544,0.0,7.4,0.0,0.0,0.0,0.0,0.0,0.0,0.0,0.0,1.0,0.0,0.0,0.0,9.0,4.0,0.0,0.0,0.0,0.0,0.0,0.0,0.0,0.0,4.0,12.0,1.0,12.15,5.01,2.5,1.49,0.0,0.0,0.0,0.5,0.0,0.2,1.8,0.4,-169.70000000000002,0.0,0.0,169.8,0.0,21.700000000000003,30.0,30.0,30.6,300.0,300.0,31.1,35.0,29.700000000000003,29.1,30.9,4.96,1.99,4.97,0.16,0.0,0.0,1027.0,8228.0,0.0,0.0,0.0,0.0,0.0,1.0,0.0,0.0,0.0,0.0,0.0,2.4000000000000004,0.0,0.0,0.0,0.0001,16.0,25903.0
2026-07-30T18:59:55.060Z,164.543,164.556,0.0,7.4,0.0,0.0,0.0,0.0,0.0,0.0,0.0,0.0,1.0,0.0,0.0,0.0,9.0,4.0,0.0,0.0,0.0,0.0,0.0,0.0,0.0,0.0,6.0,12.0,1.0,12.15,5.01,2.5,1.49,0.0,0.0,0.0,0.4,0.0,-0.3,1.3,-0.1,-169.8,0.0,0.0,169.8,0.0,21.700000000000003,30.0,30.0,30.6,300.0,300.0,31.1,35.0,29.700000000000003,29.1,30.9,4.95,1.99,4.97,0.16,0.0,0.0,1027.0,8228.0,0.0,0.0,0.0,0.0,0.0,1.0,0.0,0.0,0.0,0.0,0.0,1.4,0.0,0.3,0.0,0.0,16.0,25903.0
2026-07-30T18:59:55.072Z,164.555,164.568,0.0,7.4,0.0,0.0,0.0,0.0,0.0,0.0,0.0,0.0,1.0,0.0,0.0,0.0,9.0,4.0,0.0,0.0,0.0,0.0,0.0,0.0,0.0,0.0,1.0,12.0,1.0,12.15,5.01,2.5,1.49,0.0,0.0,0.0,0.4,0.0,-0.8,-1.0,0.0,-169.8,0.0,0.0,169.8,0.0,21.700000000000003,30.0,30.0,30.6,300.0,300.0,31.1,35.0,29.700000000000003,29.1,30.9,4.96,1.99,4.96,0.16,0.0,0.0,1027.0,8228.0,0.0,0.0,0.0,0.0,0.0,1.0,0.0,0.0,0.0,0.0,0.0,-1.2000000000000002,0.0,-0.1,0.0,0.0,16.0,25903.0
2026-07-30T18:59:55.083Z,164.566,164.58,0.0,7.4,0.0,0.0,0.0,0.0,0.0,0.0,0.0,0.0,1.0,0.0,0.0,0.0,9.0,4.0,0.0,0.0,0.0,0.0,0.0,0.0,0.0,0.0,2.0,12.0,1.0,12.15,5.01,2.5,1.49,0.0,0.0,0.0,0.4,0.0,0.8,-1.0,-1.2000000000000002,-169.8,0.0,0.0,169.8,0.0,21.700000000000003,30.0,30.0,30.6,300.0,300.0,31.1,35.0,29.700000000000003,29.1,30.9,4.95,1.99,4.97,0.16,0.0,0.0,1027.0,8228.0,0.0,0.0,0.0,0.0,0.0,1.0,0.0,0.0,0.0,0.0,0.0,-2.1,0.0,0.9,0.0,0.0,16.0,25903.0
2026-07-30T18:59:55.095Z,164.578,164.592,0.0,7.4,0.0,0.0,0.0,0.0,0.0,0.0,0.0,0.0,1.0,0.0,0.0,0.0,9.0,4.0,0.0,0.0,0.0,0.0,0.0,0.0,0.0,0.0,3.0,12.0,1.0,12.15,5.01,2.5,1.49,0.0,0.1,0.0,0.4,0.0,-0.2,0.1,0.4,-169.8,0.0,0.0,169.8,0.0,21.700000000000003,30.0,30.0,30.6,300.0,300.0,31.1,35.0,29.700000000000003,29.1,30.9,4.95,1.99,4.97,0.16,0.0,0.0,1027.0,8228.0,0.0,0.0,0.0,0.0,0.0,1.0,0.0,0.0,0.0,0.0,0.0,0.5,0.0,-0.4,0.0,0.0,16.0,25903.0
2026-07-30T18:59:55.107Z,164.59,164.604,0.0,7.4,0.0,0.0,0.0,0.0,0.0,0.0,0.0,0.0,1.0,0.0,0.0,0.0,9.0,4.0,0.0,0.0,0.0,0.0,0.0,0.0,0.0,0.0,5.0,12.0,1.0,12.15,5.01,2.5,1.49,0.0,0.0,0.0,0.4,0.0,0.3,0.1,0.0,-169.8,0.0,0.0,169.8,0.0,21.700000000000003,30.0,30.0,30.6,300.0,300.0,31.1,35.0,29.700000000000003,29.1,30.9,4.96,2.0,4.97,0.16,0.0,0.0,1027.0,8228.0,0.0,0.0,0.0,0.0,0.0,1.0,0.0,0.0,0.0,0.0,0.0,0.1,0.0,0.0,0.0,0.0,16.0,25903.0
2026-07-30T18:59:55.120Z,164.603,164.616,0.0,7.4,0.0,0.0,0.0,0.0,0.0,0.0,0.0,0.0,1.0,0.0,0.0,0.0,9.0,4.0,0.0,0.0,0.0,0.0,0.0,0.0,0.0,0.0,6.0,12.0,1.0,12.15,5.01,2.5,1.49,0.0,0.0,0.0,0.4,0.0,0.3,-0.4,1.1,-169.8,0.0,0.0,169.8,0.0,21.700000000000003,30.0,30.0,30.6,300.0,300.0,31.1,35.0,29.700000000000003,29.1,30.9,4.95,2.0,4.96,0.16,0.0,0.0,1027.0,8228.0,0.0,0.0,0.0,0.0,0.0,1.0,0.0,0.0,0.0,0.0,0.0,0.3,0.0,-1.1,0.0,0.0,16.0,25903.0
2026-07-30T18:59:55.132Z,164.615,164.628,0.0,7.4,0.0,0.0,0.0,0.0,0.0,0.0,0.0,0.0,1.0,0.0,0.0,0.0,9.0,4.0,0.0,0.0,0.0,0.0,0.0,0.0,0.0,0.0,2.0,12.0,1.0,12.18,5.0200000000000005,2.5,1.49,0.0,0.0,0.0,0.5,0.0,0.3,-0.4,-1.2000000000000002,-169.70000000000002,0.0,0.0,169.8,0.0,21.700000000000003,30.0,30.0,30.6,300.0,300.0,31.0,35.0,29.8,29.1,30.9,4.95,1.99,4.97,0.16,0.0,0.0,1027.0,8228.0,0.0,0.0,0.0,0.0,0.0,1.0,0.0,0.0,0.0,0.0,0.0,-1.4,0.0,0.9,0.0,0.0,16.0,25903.0
2026-07-30T18:59:55.144Z,164.627,164.64,0.0,7.4,0.0,0.0,0.0,0.0,0.0,0.0,0.0,0.0,1.0,0.0,0.0,0.0,9.0,4.0,0.0,0.0,0.0,0.0,0.0,0.0,0.0,0.0,3.0,12.0,1.0,12.18,5.0200000000000005,2.5,1.49,0.0,0.0,0.0,0.4,0.0,-0.8,-0.4,-1.2000000000000002,-169.8,0.0,0.0,169.8,0.0,21.700000000000003,30.0,30.0,30.6,300.0,300.0,31.0,35.0,29.8,29.1,30.9,4.95,2.0,4.96,0.16,0.0,0.0,1027.0,8228.0,0.0,0.0,0.0,0.0,0.0,1.0,0.0,0.0,0.0,0.0,0.0,-1.5,0.0,1.0,0.0,0.0001,16.0,25903.0
2026-07-30T18:59:55.155Z,164.638,164.65200000000002,0.0,7.4,0.0,0.0,0.0,0.0,0.0,0.0,0.0,0.0,1.0,0.0,0.0,0.0,9.0,4.0,0.0,0.0,0.0,0.0,0.0,0.0,0.0,0.0,5.0,12.0,1.0,12.18,5.0200000000000005,2.5,1.49,0.0,0.0,0.0,0.4,0.0,0.3,0.6000000000000001,1.0,-169.8,0.0,0.0,169.8,0.0,21.700000000000003,30.0,30.0,30.6,300.0,300.0,31.0,35.0,29.8,29.1,30.9,4.96,1.99,4.96,0.16,0.0,0.0,1027.0,8228.0,0.0,0.0,0.0,0.0,0.0,1.0,0.0,0.0,0.0,0.0,0.0,1.5,0.0,-0.7000000000000001,0.0,0.0001,16.0,25903.0
2026-07-30T18:59:55.167Z,164.65,164.66400000000002,0.0,7.4,0.0,0.0,0.0,0.0,0.0,0.0,0.0,0.0,1.0,0.0,0.0,0.0,9.0,4.0,0.0,0.0,0.0,0.0,0.0,0.0,0.0,0.0,1.0,12.0,1.0,12.18,5.0200000000000005,2.5,1.49,0.0,0.0,0.0,0.4,0.0,1.5,0.1,0.5,-169.8,0.0,0.0,169.8,0.0,21.700000000000003,30.0,30.0,30.6,300.0,300.0,31.0,35.0,29.8,29.1,30.9,4.95,1.99,4.96,0.16,0.0,0.0,1027.0,8228.0,0.0,0.0,0.0,0.0,0.0,1.0,0.0,0.0,0.0,0.0,0.0,0.5,0.0,-0.4,0.0,0.0,16.0,25903.0
2026-07-30T18:59:55.180Z,164.663,164.67600000000002,0.0,7.4,0.0,0.0,0.0,0.0,0.0,0.0,0.0,0.0,1.0,0.0,0.0,0.0,9.0,4.0,0.0,0.0,0.0,0.0,0.0,0.0,0.0,0.0,2.0,12.0,1.0,12.18,5.0200000000000005,2.5,1.49,0.0,0.0,0.0,0.5,0.0,0.3,-0.4,-0.5,-169.8,0.0,0.0,169.8,0.0,21.700000000000003,30.0,30.0,30.6,300.0,300.0,31.0,35.0,29.8,29.1,30.9,4.96,1.99,4.96,0.16,0.0,0.0,1027.0,8228.0,0.0,0.0,0.0,0.0,0.0,1.0,0.0,0.0,0.0,0.0,0.0,-0.9,0.0,0.4,0.0,0.0,16.0,25903.0
2026-07-30T18:59:55.191Z,164.674,164.68800000000002,0.0,7.4,0.0,0.0,0.0,0.0,0.0,0.0,0.0,0.0,1.0,0.0,0.0,0.0,9.0,4.0,0.0,0.0,0.0,0.0,0.0,0.0,0.0,0.0,4.0,12.0,1.0,12.18,5.0200000000000005,2.5,1.49,0.0,0.0,0.0,0.4,0.0,-0.8,-0.4,0.0,-169.8,0.0,0.0,169.8,0.0,21.700000000000003,30.0,30.0,30.6,300.0,300.0,31.0,35.0,29.8,29.1,30.9,4.96,2.0,4.96,0.16,0.0,0.0,1027.0,8228.0,0.0,0.0,0.0,0.0,0.0,1.0,0.0,0.0,0.0,0.0,0.0,-0.4,0.0,-0.1,0.0,0.0,16.0,25903.0
2026-07-30T18:59:55.204Z,164.687,164.70000000000002,0.0,7.4,0.0,0.0,0.0,0.0,0.0,0.0,0.0,0.0,1.0,0.0,0.0,0.0,9.0,4.0,0.0,0.0,0.0,0.0,0.0,0.0,0.0,0.0,5.0,12.0,1.0,12.18,5.0200000000000005,2.5,1.49,0.0,0.0,0.0,0.4,0.0,-0.7000000000000001,0.1,-1.1,-169.8,0.0,0.0,169.8,0.0,21.700000000000003,30.0,30.0,30.6,300.0,300.0,31.0,35.0,29.8,29.1,30.9,4.95,1.99,4.96,0.16,0.0,0.0,1027.0,8228.0,0.0,0.0,0.0,0.0,0.0,1.0,0.0,0.0,0.0,0.0,0.0,-0.6000000000000001,0.0,1.0,0.0,0.0001,16.0,25903.0
2026-07-30T18:59:55.216Z,164.699,164.71200000000002,0.0,7.4,0.0,0.0,0.0,0.0,0.0,0.0,0.0,0.0,1.0,0.0,0.0,0.0,9.0,4.0,0.0,0.0,0.0,0.0,0.0,0.0,0.0,0.0,1.0,12.0,1.0,12.18,5.0200000000000005,2.5,1.49,0.0,0.0,0.0,0.4,0.0,-0.2,0.1,0.6000000000000001,-169.8,0.0,0.0,169.8,0.0,21.700000000000003,30.0,30.0,30.6,300.0,300.0,31.0,35.0,29.8,29.1,30.9,4.95,1.99,4.97,0.16,0.0,0.0,1027.0,8228.0,0.0,0.0,0.0,0.0,0.0,1.0,0.0,0.0,0.0,0.0,0.0,0.6000000000000001,0.0,-0.5,0.0,0.0,16.0,25903.0
2026-07-30T18:59:55.227Z,164.71,164.724,0.0,7.4,0.0,0.0,0.0,0.0,0.0,0.0,0.0,0.0,1.0,0.0,0.0,0.0,9.0,4.0,0.0,0.0,0.0,0.0,0.0,0.0,0.0,0.0,2.0,12.0,1.0,12.18,5.0200000000000005,2.5,1.49,0.0,0.0,0.0,0.4,0.0,-0.2,0.1,0.5,-169.8,0.0,0.0,169.8,0.0,21.700000000000003,30.0,30.0,30.6,300.0,300.0,31.0,35.0,29.8,29.1,30.9,4.96,2.0,4.96,0.16,0.0,0.0,1027.0,8228.0,0.0,0.0,0.0,0.0,0.0,1.0,0.0,0.0,0.0,0.0,0.0,0.5,0.0,-0.4,0.0,0.0001,16.0,25903.0
2026-07-30T18:59:55.239Z,164.722,164.736,0.0,7.4,0.0,0.0,0.0,0.0,0.0,0.0,0.0,0.0,1.0,0.0,0.0,0.0,9.0,4.0,0.0,0.0,0.0,0.0,0.0,0.0,0.0,0.0,3.0,12.0,1.0,12.14,5.01,2.51,1.49,0.0,0.0,0.0,0.4,0.0,-0.1,0.7000000000000001,-0.6000000000000001,-169.8,0.0,0.0,169.8,0.0,21.700000000000003,30.0,30.0,30.6,300.0,300.0,31.1,35.1,29.700000000000003,29.0,30.9,4.96,1.99,4.97,0.16,0.0,0.0,1027.0,8228.0,0.0,0.0,0.0,0.0,0.0,1.0,0.0,0.0,0.0,0.0,0.0,0.3,0.0,0.6000000000000001,0.0,0.0001,16.0,25903.0
2026-07-30T18:59:55.252Z,164.735,164.748,0.0,7.4,0.0,0.0,0.0,0.0,0.0,0.0,0.0,0.0,1.0,0.0,0.0,0.0,9.0,4.0,0.0,0.0,0.0,0.0,0.0,0.0,0.0,0.0,5.0,12.0,1.0,12.14,5.01,2.51,1.49,0.0,0.0,0.0,0.4,0.0,0.9,0.1,0.0,-169.8,0.0,0.0,169.8,0.0,21.700000000000003,30.0,30.0,30.6,300.0,300.0,31.1,35.1,29.700000000000003,29.0,30.9,4.95,1.99,4.97,0.16,0.0,0.0,1027.0,8228.0,0.0,0.0,0.0,0.0,0.0,1.0,0.0,0.0,0.0,0.0,0.0,0.1,0.0,0.0,0.0,0.0,16.0,25903.0
2026-07-30T18:59:55.263Z,164.746,164.76,0.0,7.4,0.0,0.0,0.0,0.0,0.0,0.0,0.0,0.0,1.0,0.0,0.0,0.0,9.0,4.0,0.0,0.0,0.0,0.0,0.0,0.0,0.0,0.0,6.0,12.0,1.0,12.14,5.01,2.51,1.49,0.0,0.1,0.0,0.4,0.0,-0.2,-0.4,1.0,-169.8,0.0,0.0,169.70000000000002,0.0,21.700000000000003,30.0,30.0,30.6,300.0,300.0,31.1,35.1,29.700000000000003,29.0,30.9,4.96,1.99,4.96,0.16,0.0,0.0,1027.0,8228.0,0.0,0.0,0.0,0.0,0.0,1.0,0.0,0.0,0.0,0.0,0.0,0.2,0.0,-1.0,0.0,0.0,16.0,25903.0
2026-07-30T18:59:55.275Z,164.758,164.772,0.0,7.4,0.0,0.0,0.0,0.0,0.0,0.0,0.0,0.0,1.0,0.0,0.0,0.0,9.0,4.0,0.0,0.0,0.0,0.0,0.0,0.0,0.0,0.0,1.0,12.0,1.0,12.14,5.01,2.51,1.49,0.0,0.0,0.0,0.4,0.0,0.3,-1.0,0.0,-169.8,0.0,0.0,169.8,0.0,21.700000000000003,30.0,30.0,30.6,300.0,300.0,31.1,35.1,29.700000000000003,29.0,30.9,4.95,2.0,4.96,0.16,0.0,0.0,1027.0,8228.0,0.0,0.0,0.0,0.0,0.0,1.0,0.0,0.0,0.0,0.0,0.0,-1.2000000000000002,0.0,-0.1,0.0,0.0001,16.0,25903.0
2026-07-30T18:59:55.287Z,164.77,164.784,0.0,7.4,0.0,0.0,0.0,0.0,0.0,0.0,0.0,0.0,1.0,0.0,0.0,0.0,9.0,4.0,0.0,0.0,0.0,0.0,0.0,0.0,0.0,0.0,4.0,12.0,1.0,12.14,5.01,2.51,1.49,0.0,0.0,0.0,0.4,0.0,-0.2,1.2000000000000002,0.0,-169.8,0.0,0.0,169.8,0.0,21.700000000000003,30.0,30.0,30.6,300.0,300.0,31.1,35.1,29.700000000000003,29.0,30.9,4.95,1.99,4.97,0.16,0.0,0.0,1027.0,8228.0,0.0,0.0,0.0,0.0,0.0,1.0,0.0,0.0,0.0,0.0,0.0,1.4,0.0,0.3,0.0,0.0001,16.0,25903.0
2026-07-30T18:59:55.299Z,164.782,164.796,0.0,7.4,0.0,0.0,0.0,0.0,0.0,0.0,0.0,0.0,1.0,0.0,0.0,0.0,9.0,4.0,0.0,0.0,0.0,0.0,0.0,0.0,0.0,0.0,5.0,12.0,1.0,12.14,5.01,2.51,1.49,0.0,0.0,0.0,0.5,0.0,-0.2,1.2000000000000002,0.5,-169.8,0.0,0.0,169.8,0.0,21.700000000000003,30.0,30.0,30.6,300.0,300.0,31.1,35.1,29.700000000000003,29.0,30.9,4.95,1.99,4.97,0.16,0.0,0.0,1027.0,8228.0,0.0,0.0,0.0,0.0,0.0,1.0,0.0,0.0,0.0,0.0,0.0,1.8,0.0,-0.2,0.0,0.0,16.0,25903.0
2026-07-30T18:59:55.313Z,164.796,164.808,0.0,7.4,0.0,0.0,0.0,0.0,0.0,0.0,0.0,0.0,1.0,0.0,0.0,0.0,9.0,4.0,0.0,0.0,0.0,0.0,0.0,0.0,0.0,0.0,6.0,12.0,1.0,12.14,5.01,2.51,1.49,0.0,0.0,0.0,0.4,0.0,-0.2,-0.4,-0.6000000000000001,-169.8,0.0,0.0,169.8,0.0,21.700000000000003,30.0,30.0,30.6,300.0,300.0,31.1,35.1,29.700000000000003,29.0,30.9,4.96,1.99,4.96,0.16,0.0,0.0,1027.0,8228.0,0.0,0.0,0.0,0.0,0.0,1.0,0.0,0.0,0.0,0.0,0.0,-1.0,0.0,0.5,0.0,0.0,16.0,25903.0
2026-07-30T18:59:55.324Z,164.807,164.82,0.0,7.4,0.0,0.0,0.0,0.0,0.0,0.0,0.0,0.0,1.0,0.0,0.0,0.0,9.0,4.0,0.0,0.0,0.0,0.0,0.0,0.0,0.0,0.0,5.0,12.0,1.0,12.14,5.01,2.51,1.49,0.0,0.0,0.0,0.4,0.0,-0.8,-0.4,-0.1,-169.8,0.0,0.0,169.8,0.0,21.700000000000003,30.0,30.0,30.6,300.0,300.0,31.1,35.1,29.700000000000003,29.0,30.9,4.95,1.99,4.97,0.16,0.0,0.0,1027.0,8228.0,0.0,0.0,0.0,0.0,0.0,1.0,0.0,0.0,0.0,0.0,0.0,-0.5,0.0,0.0,0.0,0.0,16.0,25903.0
2026-07-30T18:59:55.337Z,164.82,164.832,0.0,7.4,0.0,0.0,0.0,0.0,0.0,0.0,0.0,0.0,1.0,0.0,0.0,0.0,9.0,4.0,0.0,0.0,0.0,0.0,0.0,0.0,0.0,0.0,6.0,12.0,1.0,12.18,5.0200000000000005,2.51,1.49,0.0,0.0,0.0,0.4,0.0,0.3,1.8,1.6,-169.8,0.0,0.0,169.8,0.0,21.3,30.0,30.0,30.6,300.0,300.0,31.1,35.1,29.8,29.0,30.9,4.95,1.99,4.97,0.16,0.0,0.0,1027.0,8228.0,0.0,0.0,0.0,0.0,0.0,1.0,0.0,0.0,0.0,0.0,0.0,3.3000000000000003,0.0,-1.0,0.0,0.0,16.0,25903.0
2026-07-30T18:59:55.348Z,164.831,164.844,0.0,7.4,0.0,0.0,0.0,0.0,0.0,0.0,0.0,0.0,1.0,0.0,0.0,0.0,9.0,4.0,0.0,0.0,0.0,0.0,0.0,0.0,0.0,0.0,2.0,12.0,1.0,12.18,5.0200000000000005,2.51,1.49,0.0,0.0,0.0,0.4,0.0,-0.2,0.7000000000000001,-0.1,-169.8,0.0,0.0,169.9,0.0,21.3,30.0,30.0,30.6,300.0,300.0,31.1,35.1,29.8,29.0,30.9,4.95,2.0,4.97,0.16,0.0,0.0,1027.0,8228.0,0.0,0.0,0.0,0.0,0.0,1.0,0.0,0.0,0.0,0.0,0.0,0.7000000000000001,0.0,0.2,0.0,0.0,16.0,25903.0
2026-07-30T18:59:55.360Z,164.843,164.856,0.0,7.4,0.0,0.0,0.0,0.0,0.0,0.0,0.0,0.0,1.0,0.0,0.0,0.0,9.0,4.0,0.0,0.0,0.0,0.0,0.0,0.0,0.0,0.0,3.0,12.0,1.0,12.18,5.0200000000000005,2.51,1.49,0.0,0.1,0.0,0.4,0.0,0.3,-0.4,-0.6000000000000001,-169.8,0.0,0.0,169.8,0.0,21.3,30.0,30.0,30.6,300.0,300.0,31.1,35.1,29.8,29.0,30.9,4.95,2.0,4.97,0.16,0.0,0.0,1027.0,8228.0,0.0,0.0,0.0,0.0,0.0,1.0,0.0,0.0,0.0,0.0,0.0,0.0,0.0,0.1,0.0,0.0001,16.0,25903.0
2026-07-30T18:59:55.372Z,164.855,164.868,0.0,7.4,0.0,0.0,0.0,0.0,0.0,0.0,0.0,0.0,1.0,0.0,0.0,0.0,9.0,4.0,0.0,0.0,0.0,0.0,0.0,0.0,0.0,0.0,3.0,12.0,1.0,12.18,5.0200000000000005,2.51,1.49,0.0,0.0,0.0,0.4,0.0,0.9,-0.4,1.0,-169.8,0.0,0.0,169.8,0.0,21.3,30.0,30.0,30.6,300.0,300.0,31.1,35.1,29.8,29.0,30.9,4.95,1.99,4.97,0.16,0.0,0.0,1027.0,8228.0,0.0,0.0,0.0,0.0,0.0,1.0,0.0,0.0,0.0,0.0,0.0,-0.3,0.0,0.6000000000000001,0.0,0.0,16.0,25903.0
2026-07-30T18:59:55.384Z,164.867,164.88,0.0,7.4,0.0,0.0,0.0,0.0,0.0,0.0,0.0,0.0,1.0,0.0,0.0,0.0,9.0,4.0,0.0,0.0,0.0,0.0,0.0,0.0,0.0,0.0,4.0,12.0,1.0,12.18,5.0200000000000005,2.51,1.49,0.0,0.0,0.0,0.4,0.0,-0.2,1.3,0.4,-169.8,0.0,0.0,169.8,0.0,21.3,30.0,30.0,30.6,300.0,300.0,31.1,35.1,29.8,29.0,30.9,4.95,2.0,4.96,0.16,0.0,0.0,1027.0,8228.0,0.0,0.0,0.0,0.0,0.0,1.0,0.0,0.0,0.0,0.0,0.0,-1.6,0.0,0.3,0.0,0.0001,16.0,25903.0
2026-07-30T18:59:55.395Z,164.878,164.892,0.0,7.4,0.0,0.0,0.0,0.0,0.0,0.0,0.0,0.0,1.0,0.0,0.0,0.0,9.0,4.0,0.0,0.0,0.0,0.0,0.0,0.0,0.0,0.0,6.0,12.0,1.0,12.18,5.0200000000000005,2.51,1.49,0.0,0.0,0.0,0.5,0.0,-0.2,0.7000000000000001,0.0,-169.8,0.0,0.0,169.8,0.0,21.3,30.0,30.0,30.6,300.0,300.0,31.1,35.1,29.8,29.0,30.9,4.96,1.99,4.96,0.16,0.0,0.0,1027.0,8228.0,0.0,0.0,0.0,0.0,0.0,1.0,0.0,0.0,0.0,0.0,0.0,0.8,0.0,0.2,0.0,0.0,16.0,25903.0
2026-07-30T18:59:55.408Z,164.891,164.904,0.0,7.4,0.0,0.0,0.0,0.0,0.0,0.0,0.0,0.0,1.0,0.0,0.0,0.0,9.0,4.0,0.0,0.0,0.0,0.0,0.0,0.0,0.0,0.0,1.0,12.0,1.0,12.18,5.0200000000000005,2.51,1.49,0.0,0.0,0.0,0.4,0.0,-0.2,-0.4,0.5,-169.8,0.0,0.0,169.8,0.0,21.3,30.0,30.0,30.6,300.0,300.0,31.1,35.1,29.8,29.0,30.9,4.95,1.99,4.97,0.16,0.0,0.0,1027.0,8228.0,0.0,0.0,0.0,0.0,0.0,1.0,0.0,0.0,0.0,0.0,0.0,0.0,0.0,-0.5,0.0,0.0,16.0,25903.0
2026-07-30T18:59:55.420Z,164.903,164.916,0.0,7.4,0.0,0.0,0.0,0.0,0.0,0.0,0.0,0.0,1.0,0.0,0.0,0.0,9.0,4.0,0.0,0.0,0.0,0.0,0.0,0.0,0.0,0.0,2.0,12.0,1.0,12.18,5.0200000000000005,2.51,1.49,0.0,0.0,0.0,0.4,0.0,0.3,-0.4,1.6,-169.8,0.0,0.0,169.8,0.0,21.3,30.0,30.0,30.6,300.0,300.0,31.1,35.1,29.8,29.0,30.9,4.96,1.99,4.96,0.16,0.0,0.0,1027.0,8228.0,0.0,0.0,0.0,0.0,0.0,1.0,0.0,0.0,0.0,0.0,0.0,0.7000000000000001,0.0,-1.5,0.0,0.0,16.0,25903.0
2026-07-30T18:59:55.431Z,164.914,164.928,0.0,7.4,0.0,0.0,0.0,0.0,0.0,0.0,0.0,0.0,1.0,0.0,0.0,0.0,9.0,4.0,0.0,0.0,0.0,0.0,0.0,0.0,0.0,0.0,3.0,12.0,1.0,12.18,5.0200000000000005,2.51,1.49,0.0,0.0,0.0,0.4,0.0,-0.2,0.1,-1.2000000000000002,-169.8,0.0,0.0,169.8,0.0,21.3,30.0,30.0,30.6,300.0,300.0,31.1,35.1,29.8,29.0,30.9,4.96,2.0,4.96,0.16,0.0,0.0,1027.0,8228.0,0.0,0.0,0.0,0.0,0.0,1.0,0.0,0.0,0.0,0.0,0.0,-0.7000000000000001,0.0,1.1,0.0,0.0,16.0,25903.0
2026-07-30T18:59:55.443Z,164.926,164.94,0.0,7.4,0.0,0.0,0.0,0.0,0.0,0.0,0.0,0.0,1.0,0.0,0.0,0.0,9.0,4.0,0.0,0.0,0.0,0.0,0.0,0.0,0.0,0.0,4.0,12.0,1.0,12.17,5.01,2.51,1.49,0.0,0.0,0.0,0.4,0.0,-0.2,0.6000000000000001,0.0,-169.8,0.0,0.0,169.8,0.0,21.8,30.0,30.0,30.6,300.0,300.0,31.200000000000003,35.1,29.8,29.1,30.9,4.95,1.99,4.96,0.16,0.0,0.0,1027.0,8228.0,0.0,0.0,0.0,0.0,0.0,1.0,0.0,0.0,0.0,0.0,0.0,0.7000000000000001,0.0,0.1,0.0,0.0,16.0,25903.0
2026-07-30T18:59:55.455Z,164.938,164.952,0.0,7.4,0.0,0.0,0.0,0.0,0.0,0.0,0.0,0.0,1.0,0.0,0.0,0.0,9.0,4.0,0.0,0.0,0.0,0.0,0.0,0.0,0.0,0.0,5.0,12.0,1.0,12.17,5.01,2.51,1.49,0.0,0.0,0.0,0.4,0.0,-0.2,-1.0,-0.6000000000000001,-169.8,0.0,0.0,169.8,0.0,21.8,30.0,30.0,30.6,300.0,300.0,31.200000000000003,35.1,29.8,29.1,30.9,4.95,1.99,4.97,0.16,0.0,0.0,1027.0,8228.0,0.0,0.0,0.0,0.0,0.0,1.0,0.0,0.0,0.0,0.0,0.0,-1.7000000000000002,0.0,0.3,0.0,0.0,16.0,25903.0
2026-07-30T18:59:55.468Z,164.951,164.964,0.0,7.4,0.0,0.0,0.0,0.0,0.0,0.0,0.0,0.0,1.0,0.0,0.0,0.0,9.0,4.0,0.0,0.0,0.0,0.0,0.0,0.0,0.0,0.0,1.0,12.0,1.0,12.17,5.01,2.51,1.49,0.0,0.0,0.0,0.5,0.0,0.4,-0.5,-0.6000000000000001,-169.8,0.0,0.0,169.8,0.0,21.8,30.0,30.0,30.6,300.0,300.0,31.200000000000003,35.1,29.8,29.1,30.9,4.96,1.99,4.96,0.16,0.0,0.0,1027.0,8228.0,0.0,0.0,0.0,0.0,0.0,1.0,0.0,0.0,0.0,0.0,0.0,-1.0,0.0,0.4,0.0,0.0001,16.0,25903.0
2026-07-30T18:59:55.480Z,164.963,164.976,0.0,7.4,0.0,0.0,0.0,0.0,0.0,0.0,0.0,0.0,1.0,0.0,0.0,0.0,9.0,4.0,0.0,0.0,0.0,0.0,0.0,0.0,0.0,0.0,2.0,12.0,1.0,12.17,5.01,2.51,1.49,0.0,0.1,0.0,0.4,0.0,0.9,0.6000000000000001,1.7000000000000002,-169.8,0.0,0.0,169.8,0.0,21.8,30.0,30.0,30.6,300.0,300.0,31.200000000000003,35.1,29.8,29.1,30.9,4.96,1.99,4.97,0.16,0.0,0.0,1027.0,8228.0,0.0,0.0,0.0,0.0,0.0,1.0,0.0,0.0,0.0,0.0,0.0,1.9,0.0,-1.3,0.0,0.0,16.0,25903.0
2026-07-30T18:59:55.491Z,164.974,164.988,0.0,7.4,0.0,0.0,0.0,0.0,0.0,0.0,0.0,0.0,1.0,0.0,0.0,0.0,9.0,4.0,0.0,0.0,0.0,0.0,0.0,0.0,0.0,0.0,3.0,12.0,1.0,12.17,5.01,2.51,1.49,0.0,0.0,0.0,0.4,0.0,-0.1,0.0,0.0,-169.8,0.0,0.0,169.8,0.0,21.8,30.0,30.0,30.6,300.0,300.0,31.200000000000003,35.1,29.8,29.1,30.9,4.95,1.99,4.97,0.16,0.0,0.0,1027.0,8228.0,0.0,0.0,0.0,0.0,0.0,1.0,0.0,0.0,0.0,0.0,0.0,0.0,0.0,0.0,0.0,0.0001,16.0,25903.0
2026-07-30T18:59:55.503Z,164.986,165.0,0.0,7.4,0.0,0.0,0.0,0.0,0.0,0.0,0.0,0.0,1.0,0.0,0.0,0.0,9.0,4.0,0.0,0.0,0.0,0.0,0.0,0.0,0.0,0.0,4.0,12.0,1.0,12.17,5.01,2.51,1.49,0.0,0.0,0.0,0.4,0.0,-0.7000000000000001,0.0,1.0,-169.8,0.0,0.0,169.8,0.0,21.8,30.0,30.0,30.6,300.0,300.0,31.200000000000003,35.1,29.8,29.1,30.9,4.96,1.99,4.96,0.16,0.0,0.0,1027.0,8228.0,0.0,0.0,0.0,0.0,0.0,1.0,0.0,0.0,0.0,0.0,0.0,0.8,0.0,-0.9,0.0,0.0001,16.0,25903.0
2026-07-30T18:59:55.515Z,164.998,165.012,0.0,7.4,0.0,0.0,0.0,0.0,0.0,0.0,0.0,0.0,1.0,0.0,0.0,0.0,9.0,4.0,0.0,0.0,0.0,0.0,0.0,0.0,0.0,0.0,6.0,12.0,1.0,12.17,5.01,2.51,1.49,0.0,0.1,0.0,0.4,0.0,0.9,0.0,-0.6000000000000001,-169.8,0.0,0.0,169.8,0.0,21.8,30.0,30.0,30.6,300.0,300.0,31.200000000000003,35.1,29.8,29.1,30.9,4.96,1.99,4.97,0.16,0.0,0.0,1027.0,8228.0,0.0,0.0,0.0,0.0,0.0,1.0,0.0,0.0,0.0,0.0,0.0,-0.5,0.0,0.6000000000000001,0.0,0.0,16.0,25903.0
2026-07-30T18:59:55.527Z,165.01,165.024,0.0,7.4,0.0,0.0,0.0,0.0,0.0,0.0,0.0,0.0,1.0,0.0,0.0,0.0,9.0,4.0,0.0,0.0,0.0,0.0,0.0,0.0,0.0,0.0,1.0,12.0,1.0,12.17,5.01,2.51,1.49,0.0,0.1,0.0,0.4,0.0,-0.2,1.1,-0.1,-169.8,0.0,0.0,169.8,0.0,21.8,30.0,30.0,30.6,300.0,300.0,31.200000000000003,35.1,29.8,29.1,30.9,4.96,1.99,4.97,0.16,0.0,0.0,1027.0,8228.0,0.0,0.0,0.0,0.0,0.0,1.0,0.0,0.0,0.0,0.0,0.0,1.1,0.0,0.3,0.0,0.0,16.0,25903.0
2026-07-30T18:59:55.540Z,165.023,165.036,0.0,7.4,0.0,0.0,0.0,0.0,0.0,0.0,0.0,0.0,1.0,0.0,0.0,0.0,9.0,4.0,0.0,0.0,0.0,0.0,0.0,0.0,0.0,0.0,2.0,12.0,1.0,12.17,5.01,2.51,1.49,0.0,0.0,0.0,0.4,0.0,-0.2,0.5,-0.1,-169.8,0.0,0.0,169.8,0.0,21.700000000000003,30.0,30.0,30.6,300.0,300.0,31.200000000000003,35.0,29.700000000000003,29.1,30.9,4.95,1.99,4.97,0.16,0.0,0.0,1027.0,8228.0,0.0,0.0,0.0,0.0,0.0,1.0,0.0,0.0,0.0,0.0,0.0,0.4,0.0,0.2,0.0,0.0,16.0,25903.0
2026-07-30T18:59:55.551Z,165.034,165.048,0.0,7.4,0.0,0.0,0.0,0.0,0.0,0.0,0.0,0.0,1.0,0.0,0.0,0.0,9.0,4.0,0.0,0.0,0.0,0.0,0.0,0.0,0.0,0.0,4.0,12.0,1.0,12.17,5.01,2.51,1.49,0.0,0.0,0.0,0.5,0.0,0.3,-0.5,1.0,-169.8,0.0,0.0,169.8,0.0,21.700000000000003,30.0,30.0,30.6,300.0,300.0,31.200000000000003,35.0,29.700000000000003,29.1,30.9,4.96,1.99,4.96,0.16,0.0,0.0,1027.0,8228.0,0.0,0.0,0.0,0.0,0.0,1.0,0.0,0.0,0.0,0.0,0.0,0.0,0.0,-1.0,0.0,0.0,16.0,25903.0
2026-07-30T18:59:55.564Z,165.047,165.06,0.0,7.4,0.0,0.0,0.0,0.0,0.0,0.0,0.0,0.0,1.0,0.0,0.0,0.0,9.0,4.0,0.0,0.0,0.0,0.0,0.0,0.0,0.0,0.0,5.0,12.0,1.0,12.17,5.01,2.51,1.49,0.0,0.1,0.0,0.4,0.0,-0.7000000000000001,0.0,0.4,-169.8,0.0,0.0,169.8,0.0,21.700000000000003,30.0,30.0,30.6,300.0,300.0,31.200000000000003,35.0,29.700000000000003,29.1,30.9,4.95,2.0,4.97,0.16,0.0,0.0,1027.0,8228.0,0.0,0.0,0.0,0.0,0.0,1.0,0.0,0.0,0.0,0.0,0.0,0.2,0.0,-0.3,0.0,0.0001,16.0,25903.0
2026-07-30T18:59:55.575Z,165.058,165.072,0.0,7.4,0.0,0.0,0.0,0.0,0.0,0.0,0.0,0.0,1.0,0.0,0.0,0.0,9.0,4.0,0.0,0.0,0.0,0.0,0.0,0.0,0.0,0.0,1.0,12.0,1.0,12.17,5.01,2.51,1.49,0.0,0.0,0.0,0.4,0.0,0.9,1.1,-0.1,-169.8,0.0,0.0,169.8,0.0,21.700000000000003,30.0,30.0,30.6,300.0,300.0,31.200000000000003,35.0,29.700000000000003,29.1,30.9,4.95,1.99,4.95,0.16,0.0,0.0,1027.0,8228.0,0.0,0.0,0.0,0.0,0.0,1.0,0.0,0.0,0.0,0.0,0.0,1.1,0.0,0.3,0.0,0.0,16.0,25903.0
2026-07-30T18:59:55.587Z,165.07,165.084,0.0,7.4,0.0,0.0,0.0,0.0,0.0,0.0,0.0,0.0,1.0,0.0,0.0,0.0,9.0,4.0,0.0,0.0,0.0,0.0,0.0,0.0,0.0,0.0,2.0,12.0,1.0,12.17,5.01,2.51,1.49,0.0,0.0,0.0,0.4,0.0,0.4,0.0,0.0,-169.8,0.0,0.0,169.8,0.0,21.700000000000003,30.0,30.0,30.6,300.0,300.0,31.200000000000003,35.0,29.700000000000003,29.1,30.9,4.96,2.0,4.95,0.16,0.0,0.0,1027.0,8228.0,0.0,0.0,0.0,0.0,0.0,1.0,0.0,0.0,0.0,0.0,0.0,0.0,0.0,0.0,0.0,0.0,16.0,25903.0
2026-07-30T18:59:55.600Z,165.083,165.096,0.0,7.4,0.0,0.0,0.0,0.0,0.0,0.0,0.0,0.0,1.0,0.0,0.0,0.0,9.0,4.0,0.0,0.0,0.0,0.0,0.0,0.0,0.0,0.0,3.0,12.0,1.0,12.17,5.01,2.51,1.49,0.0,0.0,0.0,0.5,0.0,0.4,0.0,1.7000000000000002,-169.8,0.0,0.0,169.8,0.0,21.700000000000003,30.0,30.0,30.6,300.0,300.0,31.200000000000003,35.0,29.700000000000003,29.1,30.9,4.96,2.0,4.97,0.16,0.0,0.0,1027.0,8228.0,0.0,0.0,0.0,0.0,0.0,1.0,0.0,0.0,0.0,0.0,0.0,1.3,0.0,-1.5,0.0,0.0,16.0,25903.0
2026-07-30T18:59:55.611Z,165.094,165.108,0.0,7.4,0.0,0.0,0.0,0.0,0.0,0.0,0.0,0.0,1.0,0.0,0.0,0.0,9.0,4.0,0.0,0.0,0.0,0.0,0.0,0.0,0.0,0.0,5.0,12.0,1.0,12.17,5.01,2.51,1.49,0.0,0.1,0.0,0.5,0.0,0.3,0.0,-0.5,-169.8,0.0,0.0,169.8,0.0,21.700000000000003,30.0,30.0,30.6,300.0,300.0,31.200000000000003,35.0,29.700000000000003,29.1,30.9,4.96,1.99,4.97,0.16,0.0,0.0,1027.0,8228.0,0.0,0.0,0.0,0.0,0.0,1.0,0.0,0.0,0.0,0.0,0.0,-0.4,0.0,0.4,0.0,0.0,16.0,25903.0
2026-07-30T18:59:55.633Z,165.116,165.12,0.0,7.4,0.0,0.0,0.0,0.0,0.0,0.0,0.0,0.0,1.0,0.0,0.0,0.0,9.0,4.0,0.0,0.0,0.0,0.0,0.0,0.0,0.0,0.0,6.0,12.0,1.0,12.17,5.01,2.51,1.49,0.0,0.0,0.0,0.4,0.0,1.0,0.5,1.2000000000000002,-169.8,0.0,0.0,169.8,0.0,21.700000000000003,30.0,30.0,30.6,300.0,300.0,31.200000000000003,35.0,29.700000000000003,29.1,30.9,4.96,2.0,4.96,0.16,0.0,0.0,1027.0,8228.0,0.0,0.0,0.0,0.0,0.0,1.0,0.0,0.0,0.0,0.0,0.0,1.5,0.0,-0.9,0.0,0.0,16.0,25903.0
2026-07-30T18:59:55.638Z,165.121,165.132,0.0,7.4,0.0,0.0,0.0,0.0,0.0,0.0,0.0,0.0,1.0,0.0,0.0,0.0,9.0,4.0,0.0,0.0,0.0,0.0,0.0,0.0,0.0,0.0,4.0,12.0,1.0,12.17,5.01,2.51,1.49,0.0,0.0,0.0,0.4,0.0,-0.1,0.0,0.0,-169.8,0.0,0.0,169.8,0.0,21.700000000000003,30.0,30.0,30.6,300.0,300.0,31.200000000000003,35.0,29.700000000000003,29.1,30.9,4.96,1.99,4.96,0.16,0.0,0.0,1027.0,8228.0,0.0,0.0,0.0,0.0,0.0,1.0,0.0,0.0,0.0,0.0,0.0,0.0,0.0,0.0,0.0,0.0,16.0,25903.0
2026-07-30T18:59:55.648Z,165.131,165.144,0.0,7.4,0.0,0.0,0.0,0.0,0.0,0.0,0.0,0.0,1.0,0.0,0.0,0.0,9.0,4.0,0.0,0.0,0.0,0.0,0.0,0.0,0.0,0.0,2.0,12.0,1.0,12.14,5.01,2.51,1.5,0.0,0.0,0.0,0.4,0.0,-0.1,-1.1,0.6000000000000001,-169.8,0.0,0.0,169.70000000000002,0.0,21.4,30.0,30.0,30.6,300.0,300.0,31.1,35.0,29.700000000000003,29.1,30.9,4.95,1.99,4.97,0.16,0.0,0.0,1027.0,8228.0,0.0,0.0,0.0,0.0,0.0,1.0,0.0,0.0,0.0,0.0,0.0,-0.8,0.0,-0.8,0.0,0.0,16.0,25903.0
2026-07-30T18:59:55.660Z,165.143,165.156,0.0,7.4,0.0,0.0,0.0,0.0,0.0,0.0,0.0,0.0,1.0,0.0,0.0,0.0,9.0,4.0,0.0,0.0,0.0,0.0,0.0,0.0,0.0,0.0,3.0,12.0,1.0,12.14,5.01,2.51,1.5,0.0,0.0,0.0,0.4,0.0,0.3,-0.5,0.6000000000000001,-169.8,0.0,0.0,169.8,0.0,21.4,30.0,30.0,30.6,300.0,300.0,31.1,35.0,29.700000000000003,29.1,30.9,4.96,1.99,4.96,0.16,0.0,0.0,1027.0,8228.0,0.0,0.0,0.0,0.0,0.0,1.0,0.0,0.0,0.0,0.0,0.0,-0.1,0.0,-0.7000000000000001,0.0,0.0001,16.0,25903.0
2026-07-30T18:59:55.671Z,165.154,165.168,0.0,7.4,0.0,0.0,0.0,0.0,0.0,0.0,0.0,0.0,1.0,0.0,0.0,0.0,9.0,4.0,0.0,0.0,0.0,0.0,0.0,0.0,0.0,0.0,5.0,12.0,1.0,12.14,5.01,2.51,1.5,0.0,0.0,0.0,0.4,0.0,0.9,1.7000000000000002,1.3,-169.70000000000002,0.0,0.0,169.8,0.0,21.4,30.0,30.0,30.6,300.0,300.0,31.1,35.0,29.700000000000003,29.1,30.9,4.96,2.0,4.97,0.16,0.0,0.0,1027.0,8228.0,0.0,0.0,0.0,0.0,0.0,1.0,0.0,0.0,0.0,0.0,0.0,3.0,0.0,-0.7000000000000001,0.0,0.0,16.0,25903.0
2026-07-30T18:59:55.683Z,165.166,165.18,0.0,7.4,0.0,0.0,0.0,0.0,0.0,0.0,0.0,0.0,1.0,0.0,0.0,0.0,9.0,4.0,0.0,0.0,0.0,0.0,0.0,0.0,0.0,0.0,6.0,12.0,1.0,12.14,5.01,2.51,1.5,0.0,0.0,0.0,0.5,0.0,-0.7000000000000001,0.6000000000000001,0.6000000000000001,-169.70000000000002,0.0,0.0,169.8,0.0,21.4,30.0,30.0,30.6,300.0,300.0,31.1,35.0,29.700000000000003,29.1,30.9,4.95,1.99,4.97,0.16,0.0,0.0,1027.0,8228.0,0.0,0.0,0.0,0.0,0.0,1.0,0.0,0.0,0.0,0.0,0.0,1.2000000000000002,0.0,-0.4,0.0,0.0,16.0,25903.0
2026-07-30T18:59:55.695Z,165.178,165.192,0.0,7.4,0.0,0.0,0.0,0.0,0.0,0.0,0.0,0.0,1.0,0.0,0.0,0.0,9.0,4.0,0.0,0.0,0.0,0.0,0.0,0.0,0.0,0.0,6.0,12.0,1.0,12.14,5.01,2.51,1.5,0.0,0.0,0.0,0.4,0.0,-0.1,-1.0,-0.5,-169.70000000000002,0.0,0.0,169.8,0.0,21.4,30.0,30.0,30.6,300.0,300.0,31.1,35.0,29.700000000000003,29.1,30.9,4.95,1.99,4.96,0.16,0.0,0.0,1027.0,8228.0,0.0,0.0,0.0,0.0,0.0,1.0,0.0,0.0,0.0,0.0,0.0,-1.6,0.0,0.2,0.0,0.0001,16.0,25903.0
2026-07-30T18:59:55.707Z,165.19,165.204,0.0,7.4,0.0,0.0,0.0,0.0,0.0,0.0,0.0,0.0,1.0,0.0,0.0,0.0,9.0,4.0,0.0,0.0,0.0,0.0,0.0,0.0,0.0,0.0,2.0,12.0,1.0,12.14,5.01,2.51,1.5,0.0,0.0,0.0,0.4,0.0,-0.1,-0.5,1.8,-169.70000000000002,0.0,0.0,169.70000000000002,0.0,21.4,30.0,30.0,30.6,300.0,300.0,31.1,35.0,29.700000000000003,29.1,30.9,4.96,1.99,4.96,0.16,0.0,0.0,1027.0,8228.0,0.0,0.0,0.0,0.0,0.0,1.0,0.0,0.0,0.0,0.0,0.0,0.7000000000000001,0.0,-1.7000000000000002,0.0,0.0,16.0,25903.0
2026-07-30T18:59:55.720Z,165.203,165.216,0.0,7.4,0.0,0.0,0.0,0.0,0.0,0.0,0.0,0.0,1.0,0.0,0.0,0.0,9.0,4.0,0.0,0.0,0.0,0.0,0.0,0.0,0.0,0.0,3.0,12.0,1.0,12.14,5.01,2.51,1.5,0.0,0.0,0.0,0.4,0.0,-0.2,0.0,0.0,-169.70000000000002,0.0,0.0,169.70000000000002,0.0,21.4,30.0,30.0,30.6,300.0,300.0,31.1,35.0,29.700000000000003,29.1,30.9,4.96,1.99,4.97,0.16,0.0,0.0,1027.0,8228.0,0.0,0.0,0.0,0.0,0.0,1.0,0.0,0.0,0.0,0.0,0.0,0.0,0.0,0.0,0.0,0.0002,16.0,25903.0
2026-07-30T18:59:55.731Z,165.214,165.228,0.0,7.4,0.0,0.0,0.0,0.0,0.0,0.0,0.0,0.0,1.0,0.0,0.0,0.0,9.0,4.0,0.0,0.0,0.0,0.0,0.0,0.0,0.0,0.0,5.0,12.0,1.0,12.14,5.01,2.51,1.5,0.0,0.1,0.0,0.4,0.0,0.3,-0.6000000000000001,0.5,-169.70000000000002,0.0,0.0,169.8,0.0,21.4,30.0,30.0,30.6,300.0,300.0,31.1,35.0,29.700000000000003,29.1,30.9,4.95,1.99,4.97,0.16,0.0,0.0,1027.0,8228.0,0.0,0.0,0.0,0.0,0.0,1.0,0.0,0.0,0.0,0.0,0.0,-0.2,0.0,-0.6000000000000001,0.0,0.0001,16.0,25903.0
2026-07-30T18:59:55.745Z,165.228,165.24,0.0,7.4,0.0,0.0,0.0,0.0,0.0,0.0,0.0,0.0,1.0,0.0,0.0,0.0,9.0,4.0,0.0,0.0,0.0,0.0,0.0,0.0,0.0,0.0,6.0,12.0,1.0,12.18,5.01,2.51,1.49,0.0,0.0,0.0,0.5,0.0,0.3,0.5,1.7000000000000002,-169.70000000000002,0.0,0.0,169.8,0.0,21.4,30.0,30.0,30.6,300.0,300.0,31.1,35.0,29.8,29.1,30.9,4.95,1.99,4.96,0.16,0.0,0.0,1027.0,8228.0,0.0,0.0,0.0,0.0,0.0,1.0,0.0,0.0,0.0,0.0,0.0,1.8,0.0,-1.3,0.0,0.0,16.0,25903.0
2026-07-30T18:59:55.755Z,165.238,165.252,0.0,7.4,0.0,0.0,0.0,0.0,0.0,0.0,0.0,0.0,1.0,0.0,0.0,0.0,9.0,4.0,0.0,0.0,0.0,0.0,0.0,0.0,0.0,0.0,2.0,12.0,1.0,12.18,5.01,2.51,1.49,0.0,0.0,0.0,0.4,0.0,0.3,-1.2000000000000002,-0.6000000000000001,-169.70000000000002,0.0,0.0,169.8,0.0,21.4,30.0,30.0,30.6,300.0,300.0,31.1,35.0,29.8,29.1,30.9,4.95,2.0,4.96,0.16,0.0,0.0,1027.0,8228.0,0.0,0.0,0.0,0.0,0.0,1.0,0.0,0.0,0.0,0.0,0.0,-1.8,0.0,0.3,0.0,0.0,16.0,25903.0
2026-07-30T18:59:55.767Z,165.25,165.264,0.0,7.4,0.0,0.0,0.0,0.0,0.0,0.0,0.0,0.0,1.0,0.0,0.0,0.0,9.0,4.0,0.0,0.0,0.0,0.0,0.0,0.0,0.0,0.0,3.0,12.0,1.0,12.18,5.01,2.51,1.49,0.0,0.0,0.0,0.4,0.0,0.3,1.1,-0.5,-169.70000000000002,0.0,0.0,169.8,0.0,21.4,30.0,30.0,30.6,300.0,300.0,31.1,35.0,29.8,29.1,30.9,4.95,1.99,4.97,0.16,0.0,0.0,1027.0,8228.0,0.0,0.0,0.0,0.0,0.0,1.0,0.0,0.0,0.0,0.0,0.0,0.8,0.0,0.7000000000000001,0.0,0.0001,16.0,25903.0
2026-07-30T18:59:55.779Z,165.262,165.276,0.0,7.4,0.0,0.0,0.0,0.0,0.0,0.0,0.0,0.0,1.0,0.0,0.0,0.0,9.0,4.0,0.0,0.0,0.0,0.0,0.0,0.0,0.0,0.0,5.0,12.0,1.0,12.18,5.01,2.51,1.49,0.0,0.0,0.0,0.4,0.0,0.3,1.6,0.0,-169.70000000000002,0.0,0.0,169.8,0.0,21.4,30.0,30.0,30.6,300.0,300.0,31.1,35.0,29.8,29.1,30.9,4.96,1.99,4.97,0.16,0.0,0.0,1027.0,8228.0,0.0,0.0,0.0,0.0,0.0,1.0,0.0,0.0,0.0,0.0,0.0,1.8,0.0,0.4,0.0,0.0001,16.0,25903.0
2026-07-30T18:59:55.792Z,165.275,165.288,0.0,7.4,0.0,0.0,0.0,0.0,0.0,0.0,0.0,0.0,1.0,0.0,0.0,0.0,9.0,4.0,0.0,0.0,0.0,0.0,0.0,0.0,0.0,0.0,6.0,12.0,1.0,12.18,5.01,2.51,1.49,0.0,0.1,0.0,0.5,0.0,0.9,0.0,0.0,-169.70000000000002,0.0,0.0,169.8,0.0,21.4,30.0,30.0,30.6,300.0,300.0,31.1,35.0,29.8,29.1,30.9,4.95,1.99,4.96,0.16,0.0,0.0,1027.0,8228.0,0.0,0.0,0.0,0.0,0.0,1.0,0.0,0.0,0.0,0.0,0.0,-0.1,0.0,0.0,0.0,0.0,16.0,25903.0
2026-07-30T18:59:55.803Z,165.286,165.3,0.0,7.4,0.0,0.0,0.0,0.0,0.0,0.0,0.0,0.0,1.0,0.0,0.0,0.0,9.0,4.0,0.0,0.0,0.0,0.0,0.0,0.0,0.0,0.0,2.0,12.0,1.0,12.18,5.01,2.51,1.49,0.0,0.0,0.0,0.4,0.0,-0.2,-1.2000000000000002,1.0,-169.70000000000002,0.0,0.0,169.8,0.0,21.4,30.0,30.0,30.6,300.0,300.0,31.1,35.0,29.8,29.1,30.9,4.95,1.99,4.97,0.16,0.0,0.0,1027.0,8228.0,0.0,0.0,0.0,0.0,0.0,1.0,0.0,0.0,0.0,0.0,0.0,-0.6000000000000001,0.0,-1.1,0.0,0.0,16.0,25903.0
2026-07-30T18:59:55.816Z,165.299,165.312,0.0,7.4,0.0,0.0,0.0,0.0,0.0,0.0,0.0,0.0,1.0,0.0,0.0,0.0,9.0,4.0,0.0,0.0,0.0,0.0,0.0,0.0,0.0,0.0,3.0,12.0,1.0,12.18,5.01,2.51,1.49,0.0,0.0,0.0,0.5,0.0,0.3,1.0,-0.7000000000000001,-169.70000000000002,0.0,0.0,169.8,0.0,21.4,30.0,30.0,30.6,300.0,300.0,31.1,35.0,29.8,29.1,30.9,4.95,1.99,4.96,0.16,0.0,0.0,1027.0,8228.0,0.0,0.0,0.0,0.0,0.0,1.0,0.0,0.0,0.0,0.0,0.0,0.6000000000000001,0.0,0.8,0.0,0.0001,16.0,25903.0
2026-07-30T18:59:55.827Z,165.31,165.324,0.0,7.4,0.0,0.0,0.0,0.0,0.0,0.0,0.0,0.0,1.0,0.0,0.0,0.0,9.0,4.0,0.0,0.0,0.0,0.0,0.0,0.0,0.0,0.0,5.0,12.0,1.0,12.18,5.01,2.51,1.49,0.0,0.0,0.0,0.4,0.0,-0.2,0.0,0.4,-169.70000000000002,0.0,0.0,169.8,0.0,21.4,30.0,30.0,30.6,300.0,300.0,31.1,35.0,29.8,29.1,30.9,4.95,2.0,4.96,0.16,0.0,0.0,1027.0,8228.0,0.0,0.0,0.0,0.0,0.0,1.0,0.0,0.0,0.0,0.0,0.0,0.2,0.0,-0.4,0.0,0.0001,16.0,25903.0
2026-07-30T18:59:55.839Z,165.322,165.336,0.0,7.4,0.0,0.0,0.0,0.0,0.0,0.0,0.0,0.0,1.0,0.0,0.0,0.0,9.0,4.0,0.0,0.0,0.0,0.0,0.0,0.0,0.0,0.0,6.0,12.0,1.0,12.18,5.01,2.51,1.49,0.0,0.0,0.0,0.5,0.0,-0.8,-0.6000000000000001,-0.1,-169.70000000000002,0.0,0.0,169.8,0.0,21.4,30.0,30.0,30.6,300.0,300.0,31.1,35.0,29.8,29.1,30.9,4.95,2.0,4.96,0.16,0.0,0.0,1027.0,8228.0,0.0,0.0,0.0,0.0,0.0,1.0,0.0,0.0,0.0,0.0,0.0,-0.8,0.0,0.0,0.0,0.0,16.0,25903.0
2026-07-30T18:59:55.851Z,165.334,165.348,0.0,7.4,0.0,0.0,0.0,0.0,0.0,0.0,0.0,0.0,1.0,0.0,0.0,0.0,9.0,4.0,0.0,0.0,0.0,0.0,0.0,0.0,0.0,0.0,2.0,12.0,1.0,12.17,5.0200000000000005,2.51,1.49,0.0,0.0,0.0,0.4,0.0,0.9,-0.6000000000000001,0.4,-169.70000000000002,0.0,0.0,169.8,0.0,21.3,30.0,30.0,30.6,300.0,300.0,31.0,35.0,29.8,29.1,30.9,4.95,1.99,4.97,0.16,0.0,0.0,1027.0,8228.0,0.0,0.0,0.0,0.0,0.0,1.0,0.0,0.0,0.0,0.0,0.0,-0.4,0.0,-0.5,0.0,0.0,16.0,25903.0
2026-07-30T18:59:55.863Z,165.346,165.36,0.0,7.4,0.0,0.0,0.0,0.0,0.0,0.0,0.0,0.0,1.0,0.0,0.0,0.0,9.0,4.0,0.0,0.0,0.0,0.0,0.0,0.0,0.0,0.0,3.0,12.0,1.0,12.17,5.0200000000000005,2.51,1.49,0.0,0.0,0.0,0.4,0.0,0.3,-0.6000000000000001,-0.1,-169.70000000000002,0.0,0.0,169.8,0.0,21.3,30.0,30.0,30.6,300.0,300.0,31.0,35.0,29.8,29.1,30.9,4.95,2.0,4.96,0.16,0.0,0.0,1027.0,8228.0,0.0,0.0,0.0,0.0,0.0,1.0,0.0,0.0,0.0,0.0,0.0,-0.8,0.0,0.0,0.0,0.0,16.0,25903.0
2026-07-30T18:59:55.876Z,165.359,165.372,0.0,7.4,0.0,0.0,0.0,0.0,0.0,0.0,0.0,0.0,1.0,0.0,0.0,0.0,9.0,4.0,0.0,0.0,0.0,0.0,0.0,0.0,0.0,0.0,4.0,12.0,1.0,12.17,5.0200000000000005,2.51,1.49,0.0,0.0,0.0,0.4,0.0,-0.2,1.0,-0.1,-169.70000000000002,0.0,0.0,169.8,0.0,21.3,30.0,30.0,30.6,300.0,300.0,31.0,35.0,29.8,29.1,30.9,4.96,1.99,4.96,0.16,0.0,0.0,1027.0,8228.0,0.0,0.0,0.0,0.0,0.0,1.0,0.0,0.0,0.0,0.0,0.0,-0.8,0.0,0.0,0.0,0.0,16.0,25903.0
2026-07-30T18:59:55.887Z,165.37,165.384,0.0,7.4,0.0,0.0,0.0,0.0,0.0,0.0,0.0,0.0,1.0,0.0,0.0,0.0,9.0,4.0,0.0,0.0,0.0,0.0,0.0,0.0,0.0,0.0,6.0,12.0,1.0,12.17,5.0200000000000005,2.51,1.49,0.0,0.0,0.0,0.4,0.0,-0.2,-0.6000000000000001,-0.7000000000000001,-169.70000000000002,0.0,0.0,169.8,0.0,21.3,30.0,30.0,30.6,300.0,300.0,31.0,35.0,29.8,29.1,30.9,4.95,1.99,4.97,0.16,0.0,0.0,1027.0,8228.0,0.0,0.0,0.0,0.0,0.0,1.0,0.0,0.0,0.0,0.0,0.0,-1.1,0.0,1.1,0.0,0.0,16.0,25903.0
2026-07-30T18:59:55.900Z,165.383,165.39600000000002,0.0,7.4,0.0,0.0,0.0,0.0,0.0,0.0,0.0,0.0,1.0,0.0,0.0,0.0,9.0,4.0,0.0,0.0,0.0,0.0,0.0,0.0,0.0,0.0,1.0,12.0,1.0,12.17,5.0200000000000005,2.51,1.49,0.0,0.0,0.0,0.4,0.0,-0.2,-1.8,-0.1,-169.70000000000002,0.0,0.0,169.8,0.0,21.3,30.0,30.0,30.6,300.0,300.0,31.0,35.0,29.8,29.1,30.9,4.96,1.99,4.96,0.16,0.0,0.0,1027.0,8228.0,0.0,0.0,0.0,0.0,0.0,1.0,0.0,0.0,0.0,0.0,0.0,-0.6000000000000001,0.0,0.6000000000000001,0.0,0.0,16.0,25903.0
2026-07-30T18:59:55.912Z,165.395,165.40800000000002,0.0,7.4,0.0,0.0,0.0,0.0,0.0,0.0,0.0,0.0,1.0,0.0,0.0,0.0,9.0,4.0,0.0,0.0,0.0,0.0,0.0,0.0,0.0,0.0,3.0,12.0,1.0,12.17,5.0200000000000005,2.51,1.49,0.0,0.0,0.0,0.4,0.0,0.3,0.4,-0.7000000000000001,-169.70000000000002,0.0,0.0,169.8,0.0,21.3,30.0,30.0,30.6,300.0,300.0,31.0,35.0,29.8,29.1,30.9,4.96,1.99,4.96,0.16,0.0,0.0,1027.0,8228.0,0.0,0.0,0.0,0.0,0.0,1.0,0.0,0.0,0.0,0.0,0.0,1.7000000000000002,0.0,-1.3,0.0,0.0,16.0,25903.0
2026-07-30T18:59:55.924Z,165.407,165.42000000000002,0.0,7.4,0.0,0.0,0.0,0.0,0.0,0.0,0.0,0.0,1.0,0.0,0.0,0.0,9.0,4.0,0.0,0.0,0.0,0.0,0.0,0.0,0.0,0.0,4.0,12.0,1.0,12.17,5.0200000000000005,2.51,1.49,0.0,0.0,0.0,0.4,0.0,-0.3,0.5,-0.7000000000000001,-169.70000000000002,0.0,0.0,169.8,0.0,21.3,30.0,30.0,30.6,300.0,300.0,31.0,35.0,29.8,29.1,30.9,4.96,1.99,4.96,0.16,0.0,0.0,1027.0,8228.0,0.0,0.0,0.0,0.0,0.0,1.0,0.0,0.0,0.0,0.0,0.0,0.0,0.0,0.7000000000000001,0.0,0.0001,16.0,25903.0
2026-07-30T18:59:55.946Z,165.429,165.43200000000002,0.0,7.4,0.0,0.0,0.0,0.0,0.0,0.0,0.0,0.0,1.0,0.0,0.0,0.0,9.0,4.0,0.0,0.0,0.0,0.0,0.0,0.0,0.0,0.0,5.0,12.0,1.0,12.17,5.0200000000000005,2.51,1.49,0.0,0.0,0.0,0.4,0.0,0.2,-1.2000000000000002,-0.7000000000000001,-169.70000000000002,0.0,0.0,169.8,0.0,21.3,30.0,30.0,30.6,300.0,300.0,31.0,35.0,29.8,29.1,30.9,4.95,1.99,4.97,0.16,0.0,0.0,1027.0,8228.0,0.0,0.0,0.0,0.0,0.0,1.0,0.0,0.0,0.0,0.0,0.0,-1.9,0.0,0.4,0.0,0.0,16.0,25903.0
2026-07-30T18:59:55.955Z,165.438,165.44400000000002,0.0,7.4,0.0,0.0,0.0,0.0,0.0,0.0,0.0,0.0,1.0,0.0,0.0,0.0,9.0,4.0,0.0,0.0,0.0,0.0,0.0,0.0,0.0,0.0,4.0,12.0,1.0,12.17,5.01,2.51,1.49,0.0,0.0,0.0,0.4,0.0,-0.3,0.5,-0.1,-169.70000000000002,0.0,0.0,169.8,0.0,21.8,30.0,30.0,30.6,300.0,300.0,31.0,35.0,29.8,29.1,30.9,4.96,2.0,4.96,0.16,0.0,0.0,1027.0,8228.0,0.0,0.0,0.0,0.0,0.0,1.0,0.0,0.0,0.0,0.0,0.0,0.5,0.0,0.2,0.0,0.0,16.0,25903.0
2026-07-30T18:59:55.959Z,165.442,165.45600000000002,0.0,7.4,0.0,0.0,0.0,0.0,0.0,0.0,0.0,0.0,1.0,0.0,0.0,0.0,9.0,4.0,0.0,0.0,0.0,0.0,0.0,0.0,0.0,0.0,1.0,12.0,1.0,12.17,5.01,2.51,1.49,0.0,0.0,0.0,0.4,0.0,0.8,0.5,-0.1,-169.70000000000002,0.0,0.0,169.8,0.0,21.8,30.0,30.0,30.6,300.0,300.0,31.0,35.0,29.8,29.1,30.9,4.96,1.99,4.96,0.16,0.0,0.0,1027.0,8228.0,0.0,0.0,0.0,0.0,0.0,1.0,0.0,0.0,0.0,0.0,0.0,0.5,0.0,0.2,0.0,0.0,16.0,25903.0
2026-07-30T18:59:55.971Z,165.454,165.468,0.0,7.4,0.0,0.0,0.0,0.0,0.0,0.0,0.0,0.0,1.0,0.0,0.0,0.0,9.0,4.0,0.0,0.0,0.0,0.0,0.0,0.0,0.0,0.0,2.0,12.0,1.0,12.17,5.01,2.51,1.49,0.0,0.0,0.0,0.4,0.0,-0.3,1.7000000000000002,-0.7000000000000001,-169.70000000000002,0.0,0.0,169.8,0.0,21.8,30.0,30.0,30.6,300.0,300.0,31.0,35.0,29.8,29.1,30.9,4.95,1.99,4.96,0.16,0.0,0.0,1027.0,8228.0,0.0,0.0,0.0,0.0,0.0,1.0,0.0,0.0,0.0,0.0,0.0,1.4,0.0,0.9,0.0,0.0,16.0,25903.0
2026-07-30T18:59:55.984Z,165.467,165.48,0.0,7.4,0.0,0.0,0.0,0.0,0.0,0.0,0.0,0.0,1.0,0.0,0.0,0.0,9.0,4.0,0.0,0.0,0.0,0.0,0.0,0.0,0.0,0.0,3.0,12.0,1.0,12.17,5.01,2.51,1.49,0.0,0.0,0.0,0.4,0.0,0.2,0.5,1.0,-169.70000000000002,0.0,0.0,169.70000000000002,0.0,21.8,30.0,30.0,30.6,300.0,300.0,31.0,35.0,29.8,29.1,30.9,4.96,1.99,4.97,0.16,0.0,0.0,1027.0,8228.0,0.0,0.0,0.0,0.0,0.0,1.0,0.0,0.0,0.0,0.0,0.0,1.4,0.0,-0.7000000000000001,0.0,0.0,16.0,25903.0
2026-07-30T18:59:55.996Z,165.479,165.492,0.0,7.4,0.0,0.0,0.0,0.0,0.0,0.0,0.0,0.0,1.0,0.0,0.0,0.0,9.0,4.0,0.0,0.0,0.0,0.0,0.0,0.0,0.0,0.0,4.0,12.0,1.0,12.17,5.01,2.51,1.49,0.0,0.0,0.0,0.4,0.0,-0.9,-1.8,-0.1,-169.70000000000002,0.0,0.0,169.70000000000002,0.0,21.8,30.0,30.0,30.6,300.0,300.0,31.0,35.0,29.8,29.1,30.9,4.96,1.99,4.96,0.16,0.0,0.0,1027.0,8228.0,0.0,0.0,0.0,0.0,0.0,1.0,0.0,0.0,0.0,0.0,0.0,-2.1,0.0,-0.2,0.0,0.0001,16.0,25903.0
2026-07-30T18:59:56.008Z,165.491,165.504,0.0,7.4,0.0,0.0,0.0,0.0,0.0,0.0,0.0,0.0,1.0,0.0,0.0,0.0,9.0,4.0,0.0,0.0,0.0,0.0,0.0,0.0,0.0,0.0,5.0,12.0,1.0,12.17,5.01,2.51,1.49,0.0,0.0,0.0,0.4,0.0,-0.2,0.0,-1.2000000000000002,-169.70000000000002,0.0,0.0,169.8,0.0,21.8,30.0,30.0,30.6,300.0,300.0,31.0,35.0,29.8,29.1,30.9,4.96,1.99,4.96,0.16,0.0,0.0,1027.0,8228.0,0.0,0.0,0.0,0.0,0.0,1.0,0.0,0.0,0.0,0.0,0.0,-1.0,0.0,1.1,0.0,0.0001,16.0,25903.0
2026-07-30T18:59:56.020Z,165.503,165.516,0.0,7.4,0.0,0.0,0.0,0.0,0.0,0.0,0.0,0.0,1.0,0.0,0.0,0.0,9.0,4.0,0.0,0.0,0.0,0.0,0.0,0.0,0.0,0.0,6.0,12.0,1.0,12.17,5.01,2.51,1.49,0.0,0.0,0.0,0.4,0.0,0.2,1.1,0.4,-169.70000000000002,0.0,0.0,169.70000000000002,0.0,21.8,30.0,30.0,30.6,300.0,300.0,31.0,35.0,29.8,29.1,30.9,4.95,2.0,4.96,0.16,0.0,0.0,1027.0,8228.0,0.0,0.0,0.0,0.0,0.0,1.0,0.0,0.0,0.0,0.0,0.0,1.6,0.0,-0.1,0.0,0.0001,16.0,25903.0
2026-07-30T18:59:56.032Z,165.515,165.528,0.0,7.4,0.0,0.0,0.0,0.0,0.0,0.0,0.0,0.0,1.0,0.0,0.0,0.0,9.0,4.0,0.0,0.0,0.0,0.0,0.0,0.0,0.0,0.0,1.0,12.0,1.0,12.17,5.01,2.51,1.49,0.0,0.0,0.0,0.4,0.0,-0.2,0.0,0.4,-169.70000000000002,0.0,0.0,169.70000000000002,0.0,21.8,30.0,30.0,30.6,300.0,300.0,31.0,35.0,29.8,29.1,30.9,4.96,2.0,4.96,0.16,0.0,0.0,1027.0,8228.0,0.0,0.0,0.0,0.0,0.0,1.0,0.0,0.0,0.0,0.0,0.0,0.3,0.0,-0.4,0.0,0.0001,16.0,25903.0
2026-07-30T18:59:56.044Z,165.527,165.54,0.0,7.4,0.0,0.0,0.0,0.0,0.0,0.0,0.0,0.0,1.0,0.0,0.0,0.0,9.0,4.0,0.0,0.0,0.0,0.0,0.0,0.0,0.0,0.0,3.0,12.0,1.0,12.17,5.01,2.51,1.49,0.0,0.0,0.0,0.4,0.0,0.2,-0.6000000000000001,-0.1,-169.70000000000002,0.0,0.0,169.70000000000002,0.0,21.8,30.0,30.0,30.6,300.0,300.0,31.0,35.0,29.8,29.1,30.9,4.95,1.99,4.96,0.16,0.0,0.0,1027.0,8228.0,0.0,0.0,0.0,0.0,0.0,1.0,0.0,0.0,0.0,0.0,0.0,-0.8,0.0,0.0,0.0,0.0,16.0,25903.0
2026-07-30T18:59:56.056Z,165.539,165.552,0.0,7.4,0.0,0.0,0.0,0.0,0.0,0.0,0.0,0.0,1.0,0.0,0.0,0.0,9.0,4.0,0.0,0.0,0.0,0.0,0.0,0.0,0.0,0.0,4.0,12.0,1.0,12.17,5.01,2.51,1.5,0.1,0.0,0.0,0.4,0.0,0.9,1.1,1.0,-169.70000000000002,0.0,0.0,169.8,0.0,21.700000000000003,30.0,30.0,30.6,300.0,300.0,31.1,35.0,29.8,29.1,30.9,4.95,1.99,4.96,0.16,0.0,0.0,1027.0,8228.0,0.0,0.0,0.0,0.0,0.0,1.0,0.0,0.0,0.0,0.0,0.0,2.0,0.0,-0.6000000000000001,0.0,0.0001,16.0,25903.0
2026-07-30T18:59:56.068Z,165.551,165.564,0.0,7.4,0.0,0.0,0.0,0.0,0.0,0.0,0.0,0.0,1.0,0.0,0.0,0.0,9.0,4.0,0.0,0.0,0.0,0.0,0.0,0.0,0.0,0.0,5.0,12.0,1.0,12.17,5.01,2.51,1.5,0.0,0.0,0.0,0.4,0.0,0.2,1.1,-0.1,-169.70000000000002,0.0,0.0,169.8,0.0,21.700000000000003,30.0,30.0,30.6,300.0,300.0,31.1,35.0,29.8,29.1,30.9,4.96,1.99,4.96,0.16,0.0,0.0,1027.0,8228.0,0.0,0.0,0.0,0.0,0.0,1.0,0.0,0.0,0.0,0.0,0.0,1.1,0.0,0.3,0.0,0.0002,16.0,25903.0
2026-07-30T18:59:56.079Z,165.562,165.576,0.0,7.4,0.0,0.0,0.0,0.0,0.0,0.0,0.0,0.0,1.0,0.0,0.0,0.0,9.0,4.0,0.0,0.0,0.0,0.0,0.0,0.0,0.0,0.0,6.0,12.0,1.0,12.17,5.01,2.51,1.5,0.0,0.1,0.0,0.4,0.0,0.3,0.0,0.0,-169.70000000000002,0.0,0.0,169.8,0.0,21.700000000000003,30.0,30.0,30.6,300.0,300.0,31.1,35.0,29.8,29.1,30.9,4.95,1.99,4.97,0.16,0.0,0.0,1027.0,8228.0,0.0,0.0,0.0,0.0,0.0,1.0,0.0,0.0,0.0,0.0,0.0,0.0,0.0,0.0,0.0,0.0,16.0,25903.0
2026-07-30T18:59:56.092Z,165.575,165.588,0.0,7.4,0.0,0.0,0.0,0.0,0.0,0.0,0.0,0.0,1.0,0.0,0.0,0.0,9.0,4.0,0.0,0.0,0.0,0.0,0.0,0.0,0.0,0.0,1.0,12.0,1.0,12.17,5.01,2.51,1.5,0.0,0.0,0.0,0.4,0.0,-0.2,-1.1,-0.1,-169.70000000000002,0.0,0.0,169.8,0.0,21.700000000000003,30.0,30.0,30.6,300.0,300.0,31.1,35.0,29.8,29.1,30.9,4.96,1.99,4.96,0.16,0.0,0.0,1027.0,8228.0,0.0,0.0,0.0,0.0,0.0,1.0,0.0,0.0,0.0,0.0,0.0,-1.4,0.0,-0.1,0.0,0.0001,16.0,25903.0
2026-07-30T18:59:56.103Z,165.586,165.6,0.0,7.4,0.0,0.0,0.0,0.0,0.0,0.0,0.0,0.0,1.0,0.0,0.0,0.0,9.0,4.0,0.0,0.0,0.0,0.0,0.0,0.0,0.0,0.0,3.0,12.0,1.0,12.17,5.01,2.51,1.5,0.0,0.0,0.0,0.4,0.0,0.3,0.6000000000000001,0.4,-169.70000000000002,0.0,0.0,169.8,0.0,21.700000000000003,30.0,30.0,30.6,300.0,300.0,31.1,35.0,29.8,29.1,30.9,4.96,1.99,4.96,0.16,0.0,0.0,1027.0,8228.0,0.0,0.0,0.0,0.0,0.0,1.0,0.0,0.0,0.0,0.0,0.0,1.0,0.0,-0.2,0.0,0.0,16.0,25903.0
2026-07-30T18:59:56.115Z,165.598,165.612,0.0,7.4,0.0,0.0,0.0,0.0,0.0,0.0,0.0,0.0,1.0,0.0,0.0,0.0,9.0,4.0,0.0,0.0,0.0,0.0,0.0,0.0,0.0,0.0,4.0,12.0,1.0,12.17,5.01,2.51,1.5,0.0,0.0,0.0,0.4,0.0,0.9,1.7000000000000002,1.5,-169.70000000000002,0.0,0.0,169.8,0.0,21.700000000000003,30.0,30.0,30.6,300.0,300.0,31.1,35.0,29.8,29.1,30.9,4.96,1.99,4.96,0.18,0.0,0.0,1027.0,8228.0,0.0,0.0,0.0,0.0,0.0,1.0,0.0,0.0,0.0,0.0,0.0,3.2,0.0,-1.0,0.0,0.0,16.0,25903.0
2026-07-30T18:59:56.128Z,165.611,165.624,0.0,7.4,0.0,0.0,0.0,0.0,0.0,0.0,0.0,0.0,1.0,0.0,0.0,0.0,9.0,4.0,0.0,0.0,0.0,0.0,0.0,0.0,0.0,0.0,5.0,12.0,1.0,12.17,5.01,2.51,1.5,0.0,0.0,0.0,0.4,0.0,0.3,-0.5,-0.7000000000000001,-169.70000000000002,0.0,0.0,169.8,0.0,21.700000000000003,30.0,30.0,30.6,300.0,300.0,31.1,35.0,29.8,29.1,30.9,4.95,1.99,4.97,0.16,0.0,0.0,1027.0,8228.0,0.0,0.0,0.0,0.0,0.0,1.0,0.0,0.0,0.0,0.0,0.0,-1.1,0.0,0.5,0.0,0.0001,16.0,25903.0
2026-07-30T18:59:56.140Z,165.623,165.636,0.0,7.4,0.0,0.0,0.0,0.0,0.0,0.0,0.0,0.0,1.0,0.0,0.0,0.0,9.0,4.0,0.0,0.0,0.0,0.0,0.0,0.0,0.0,0.0,6.0,12.0,1.0,12.17,5.01,2.51,1.5,0.0,0.0,0.0,0.4,0.0,-0.8,-1.1,-0.1,-169.70000000000002,0.0,0.0,169.8,0.0,21.700000000000003,30.0,30.0,30.6,300.0,300.0,31.1,35.0,29.8,29.1,30.9,4.96,1.99,4.96,0.16,0.0,0.0,1027.0,8228.0,0.0,0.0,0.0,0.0,0.0,1.0,0.0,0.0,0.0,0.0,0.0,-1.3,0.0,-0.1,0.0,0.0,16.0,25903.0
2026-07-30T18:59:56.153Z,165.636,165.648,0.0,7.4,0.0,0.0,0.0,0.0,0.0,0.0,0.0,0.0,1.0,0.0,0.0,0.0,9.0,4.0,0.0,0.0,0.0,0.0,0.0,0.0,0.0,0.0,1.0,12.0,1.0,12.18,5.01,2.5,1.49,0.0,0.0,0.0,0.4,0.0,0.9,1.1,0.0,-169.70000000000002,0.0,0.0,169.8,0.0,21.700000000000003,30.0,30.0,30.6,300.0,300.0,31.0,35.0,29.700000000000003,29.1,30.9,4.96,1.99,4.96,0.16,0.0,0.0,1027.0,8228.0,0.0,0.0,0.0,0.0,0.0,1.0,0.0,0.0,0.0,0.0,0.0,1.2000000000000002,0.0,0.3,0.0,0.0,16.0,25903.0
2026-07-30T18:59:56.163Z,165.646,165.66,0.0,7.4,0.0,0.0,0.0,0.0,0.0,0.0,0.0,0.0,1.0,0.0,0.0,0.0,9.0,4.0,0.0,0.0,0.0,0.0,0.0,0.0,0.0,0.0,3.0,12.0,1.0,12.18,5.01,2.5,1.49,0.0,0.0,0.0,0.4,0.0,-0.2,0.0,0.0,-169.70000000000002,0.0,0.0,169.70000000000002,0.0,21.700000000000003,30.0,30.0,30.6,300.0,300.0,31.0,35.0,29.700000000000003,29.1,30.9,4.95,1.99,4.96,0.16,0.0,0.0,1027.0,8228.0,0.0,0.0,0.0,0.0,0.0,1.0,0.0,0.0,0.0,0.0,0.0,0.0,0.0,0.0,0.0,0.0001,16.0,25903.0
2026-07-30T18:59:56.175Z,165.658,165.672,0.0,7.4,0.0,0.0,0.0,0.0,0.0,0.0,0.0,0.0,1.0,0.0,0.0,0.0,9.0,4.0,0.0,0.0,0.0,0.0,0.0,0.0,0.0,0.0,4.0,12.0,1.0,12.18,5.01,2.5,1.49,0.0,0.0,0.0,0.4,0.0,0.9,0.0,1.0,-169.70000000000002,0.0,0.0,169.70000000000002,0.0,21.700000000000003,30.0,30.0,30.6,300.0,300.0,31.0,35.0,29.700000000000003,29.1,30.9,4.95,1.99,4.97,0.16,0.0,0.0,1027.0,8228.0,0.0,0.0,0.0,0.0,0.0,1.0,0.0,0.0,0.0,0.0,0.0,0.8,0.0,-0.9,0.0,0.0001,16.0,25903.0
2026-07-30T18:59:56.188Z,165.671,165.684,0.0,7.4,0.0,0.0,0.0,0.0,0.0,0.0,0.0,0.0,1.0,0.0,0.0,0.0,9.0,4.0,0.0,0.0,0.0,0.0,0.0,0.0,0.0,0.0,5.0,12.0,1.0,12.18,5.01,2.5,1.49,0.0,0.0,0.0,0.4,0.0,-0.2,-1.1,-1.2000000000000002,-169.70000000000002,0.0,0.0,169.8,0.0,21.700000000000003,30.0,30.0,30.6,300.0,300.0,31.0,35.0,29.700000000000003,29.1,30.9,4.96,2.0,4.96,0.16,0.0,0.0,1027.0,8228.0,0.0,0.0,0.0,0.0,0.0,1.0,0.0,0.0,0.0,0.0,0.0,-2.2,0.0,0.8,0.0,0.0,16.0,25903.0
2026-07-30T18:59:56.199Z,165.682,165.696,0.0,7.4,0.0,0.0,0.0,0.0,0.0,0.0,0.0,0.0,1.0,0.0,0.0,0.0,9.0,4.0,0.0,0.0,0.0,0.0,0.0,0.0,0.0,0.0,1.0,12.0,1.0,12.18,5.01,2.5,1.49,0.0,0.0,0.0,0.4,0.0,0.3,0.0,0.5,-169.70000000000002,0.0,0.0,169.8,0.0,21.700000000000003,30.0,30.0,30.6,300.0,300.0,31.0,35.0,29.700000000000003,29.1,30.9,4.96,1.99,4.97,0.16,0.0,0.0,1027.0,8228.0,0.0,0.0,0.0,0.0,0.0,1.0,0.0,0.0,0.0,0.0,0.0,0.3,0.0,-0.4,0.0,0.0001,16.0,25903.0
2026-07-30T18:59:56.211Z,165.694,165.708,0.0,7.4,0.0,0.0,0.0,0.0,0.0,0.0,0.0,0.0,1.0,0.0,0.0,0.0,9.0,4.0,0.0,0.0,0.0,0.0,0.0,0.0,0.0,0.0,2.0,12.0,1.0,12.18,5.01,2.5,1.49,0.0,0.0,0.0,0.4,0.0,-0.2,1.1,1.0,-169.70000000000002,0.0,0.0,169.8,0.0,21.700000000000003,30.0,30.0,30.6,300.0,300.0,31.0,35.0,29.700000000000003,29.1,30.9,4.95,1.99,4.97,0.16,0.0,0.0,1027.0,8228.0,0.0,0.0,0.0,0.0,0.0,1.0,0.0,0.0,0.0,0.0,0.0,2.1,0.0,-0.7000000000000001,0.0,0.0001,16.0,25903.0
2026-07-30T18:59:56.223Z,165.706,165.72,0.0,7.4,0.0,0.0,0.0,0.0,0.0,0.0,0.0,0.0,1.0,0.0,0.0,0.0,9.0,4.0,0.0,0.0,0.0,0.0,0.0,0.0,0.0,0.0,3.0,12.0,1.0,12.18,5.01,2.5,1.49,0.0,0.0,0.0,0.4,0.0,0.9,-0.5,0.5,-169.70000000000002,0.0,0.0,169.70000000000002,0.0,21.700000000000003,30.0,30.0,30.6,300.0,300.0,31.0,35.0,29.700000000000003,29.1,30.9,4.97,1.99,4.96,0.16,0.0,0.0,1027.0,8228.0,0.0,0.0,0.0,0.0,0.0,1.0,0.0,0.0,0.0,0.0,0.0,-0.2,0.0,-0.5,0.0,0.0001,16.0,25903.0
2026-07-30T18:59:56.236Z,165.719,165.732,0.0,7.4,0.0,0.0,0.0,0.0,0.0,0.0,0.0,0.0,1.0,0.0,0.0,0.0,9.0,4.0,0.0,0.0,0.0,0.0,0.0,0.0,0.0,0.0,4.0,12.0,1.0,12.18,5.01,2.5,1.49,0.0,0.0,0.0,0.4,0.0,0.3,-1.1,0.0,-169.70000000000002,0.0,0.0,169.8,0.0,21.700000000000003,30.0,30.0,30.6,300.0,300.0,31.0,35.0,29.700000000000003,29.1,30.9,4.95,2.0,4.96,0.16,0.0,0.0,1027.0,8228.0,0.0,0.0,0.0,0.0,0.0,1.0,0.0,0.0,0.0,0.0,0.0,-1.3,0.0,-0.1,0.0,0.0001,16.0,25903.0
2026-07-30T18:59:56.248Z,165.731,165.744,0.0,7.4,0.0,0.0,0.0,0.0,0.0,0.0,0.0,0.0,1.0,0.0,0.0,0.0,9.0,4.0,0.0,0.0,0.0,0.0,0.0,0.0,0.0,0.0,5.0,12.0,1.0,12.18,5.01,2.5,1.49,0.0,0.0,0.0,0.4,0.0,-0.2,0.0,-1.2000000000000002,-169.70000000000002,0.0,0.0,169.8,0.0,21.700000000000003,30.0,30.0,30.6,300.0,300.0,31.0,35.0,29.700000000000003,29.1,30.9,4.95,1.99,4.97,0.16,0.0,0.0,1027.0,8228.0,0.0,0.0,0.0,0.0,0.0,1.0,0.0,0.0,0.0,0.0,0.0,-0.9,0.0,1.0,0.0,0.0001,16.0,25903.0
2026-07-30T18:59:56.269Z,165.752,165.756,0.0,7.4,0.0,0.0,0.0,0.0,0.0,0.0,0.0,0.0,1.0,0.0,0.0,0.0,9.0,4.0,0.0,0.0,0.0,0.0,0.0,0.0,0.0,0.0,6.0,12.0,1.0,12.17,5.0200000000000005,2.51,1.49,0.0,0.1,0.0,0.4,0.0,-0.8,0.0,0.5,-169.70000000000002,0.0,0.0,169.8,0.0,21.700000000000003,30.0,30.0,30.6,300.0,300.0,30.9,35.0,29.700000000000003,29.1,30.9,4.95,2.0,4.97,0.16,0.0,0.0,1027.0,8228.0,0.0,0.0,0.0,0.0,0.0,1.0,0.0,0.0,0.0,0.0,0.0,0.3,0.0,-0.4,0.0,0.0,16.0,25903.0
2026-07-30T18:59:56.273Z,165.756,165.768,0.0,7.4,0.0,0.0,0.0,0.0,0.0,0.0,0.0,0.0,1.0,0.0,0.0,0.0,9.0,4.0,0.0,0.0,0.0,0.0,0.0,0.0,0.0,0.0,3.0,12.0,1.0,12.17,5.0200000000000005,2.51,1.49,0.0,0.0,0.0,0.4,0.0,-0.8,-1.1,-1.2000000000000002,-169.70000000000002,0.0,0.0,169.8,0.0,21.700000000000003,30.0,30.0,30.6,300.0,300.0,30.9,35.0,29.700000000000003,29.1,30.9,4.96,2.0,4.96,0.16,0.0,0.0,1027.0,8228.0,0.0,0.0,0.0,0.0,0.0,1.0,0.0,0.0,0.0,0.0,0.0,-2.2,0.0,0.8,0.0,0.0,16.0,25903.0
2026-07-30T18:59:56.284Z,165.767,165.78,0.0,7.4,0.0,0.0,0.0,0.0,0.0,0.0,0.0,0.0,1.0,0.0,0.0,0.0,9.0,4.0,0.0,0.0,0.0,0.0,0.0,0.0,0.0,0.0,2.0,12.0,1.0,12.17,5.0200000000000005,2.51,1.49,0.0,0.0,0.0,0.5,0.0,0.8,-0.6000000000000001,1.1,-169.70000000000002,0.0,0.0,169.70000000000002,0.0,21.700000000000003,30.0,30.0,30.6,300.0,300.0,30.9,35.0,29.700000000000003,29.1,30.9,4.95,1.99,4.97,0.16,0.0,0.0,1027.0,8228.0,0.0,0.0,0.0,0.0,0.0,1.0,0.0,0.0,0.0,0.0,0.0,0.1,0.0,-1.1,0.0,0.0001,16.0,25903.0
2026-07-30T18:59:56.295Z,165.778,165.792,0.0,7.4,0.0,0.0,0.0,0.0,0.0,0.0,0.0,0.0,1.0,0.0,0.0,0.0,9.0,4.0,0.0,0.0,0.0,0.0,0.0,0.0,0.0,0.0,3.0,12.0,1.0,12.17,5.0200000000000005,2.51,1.49,0.0,0.0,0.0,0.4,0.0,0.8,1.1,1.6,-169.70000000000002,0.0,0.0,169.8,0.0,21.700000000000003,30.0,30.0,30.6,300.0,300.0,30.9,35.0,29.700000000000003,29.1,30.9,4.95,1.99,4.96,0.16,0.0,0.0,1027.0,8228.0,0.0,0.0,0.0,0.0,0.0,1.0,0.0,0.0,0.0,0.0,0.0,2.5,0.0,-1.2000000000000002,0.0,0.0001,16.0,25903.0
2026-07-30T18:59:56.308Z,165.791,165.804,0.0,7.4,0.0,0.0,0.0,0.0,0.0,0.0,0.0,0.0,1.0,0.0,0.0,0.0,9.0,4.0,0.0,0.0,0.0,0.0,0.0,0.0,0.0,0.0,4.0,12.0,1.0,12.17,5.0200000000000005,2.51,1.49,0.0,0.1,0.0,0.4,0.0,-0.3,0.5,-0.6000000000000001,-169.70000000000002,0.0,0.0,169.8,0.0,21.700000000000003,30.0,30.0,30.6,300.0,300.0,30.9,35.0,29.700000000000003,29.1,30.9,4.96,2.0,4.96,0.16,0.0,0.0,1027.0,8228.0,0.0,0.0,0.0,0.0,0.0,1.0,0.0,0.0,0.0,0.0,0.0,0.1,0.0,0.7000000000000001,0.0,0.0001,16.0,25903.0
2026-07-30T18:59:56.319Z,165.802,165.816,0.0,7.4,0.0,0.0,0.0,0.0,0.0,0.0,0.0,0.0,1.0,0.0,0.0,0.0,9.0,4.0,0.0,0.0,0.0,0.0,0.0,0.0,0.0,0.0,5.0,12.0,1.0,12.17,5.0200000000000005,2.51,1.49,0.0,0.0,0.0,0.4,0.0,0.2,-0.5,-1.2000000000000002,-169.70000000000002,0.0,0.0,169.8,0.0,21.700000000000003,30.0,30.0,30.6,300.0,300.0,30.9,35.0,29.700000000000003,29.1,30.9,4.95,2.0,4.97,0.16,0.0,0.0,1027.0,8228.0,0.0,0.0,0.0,0.0,0.0,1.0,0.0,0.0,0.0,0.0,0.0,-1.5,0.0,0.9,0.0,0.0001,16.0,25903.0
2026-07-30T18:59:56.331Z,165.814,165.828,0.0,7.4,0.0,0.0,0.0,0.0,0.0,0.0,0.0,0.0,1.0,0.0,0.0,0.0,9.0,4.0,0.0,0.0,0.0,0.0,0.0,0.0,0.0,0.0,6.0,12.0,1.0,12.17,5.0200000000000005,2.51,1.49,0.0,0.0,0.0,0.4,0.0,0.2,0.0,0.5,-169.70000000000002,0.0,0.0,169.8,0.0,21.700000000000003,30.0,30.0,30.6,300.0,300.0,30.9,35.0,29.700000000000003,29.1,30.9,4.95,1.99,4.97,0.16,0.0,0.0,1027.0,8228.0,0.0,0.0,0.0,0.0,0.0,1.0,0.0,0.0,0.0,0.0,0.0,0.4,0.0,-0.4,0.0,0.0001,16.0,25903.0
2026-07-30T18:59:56.343Z,165.826,165.84,0.0,7.4,0.0,0.0,0.0,0.0,0.0,0.0,0.0,0.0,1.0,0.0,0.0,0.0,9.0,4.0,0.0,0.0,0.0,0.0,0.0,0.0,0.0,0.0,1.0,12.0,1.0,12.17,5.0200000000000005,2.51,1.49,0.0,0.0,0.0,0.4,0.0,-0.3,0.6000000000000001,1.1,-169.70000000000002,0.0,0.0,169.70000000000002,0.0,21.700000000000003,30.0,30.0,30.6,300.0,300.0,30.9,35.0,29.700000000000003,29.1,30.9,4.95,1.99,4.96,0.16,0.0,0.0,1027.0,8228.0,0.0,0.0,0.0,0.0,0.0,1.0,0.0,0.0,0.0,0.0,0.0,1.6,0.0,-0.8,0.0,0.0001,16.0,25903.0
2026-07-30T18:59:56.356Z,165.839,165.852,0.0,7.4,0.0,0.0,0.0,0.0,0.0,0.0,0.0,0.0,1.0,0.0,0.0,0.0,9.0,4.0,0.0,0.0,0.0,0.0,0.0,0.0,0.0,0.0,2.0,12.0,1.0,12.15,5.01,2.5,1.49,0.0,0.0,0.0,0.5,0.0,0.8,1.8,0.0,-169.70000000000002,0.0,0.0,169.8,0.0,21.4,30.0,30.0,30.6,300.0,300.0,31.1,35.0,29.700000000000003,29.0,30.9,4.96,1.99,4.96,0.16,0.0,0.0,1027.0,8228.0,0.0,0.0,0.0,0.0,0.0,1.0,0.0,0.0,0.0,0.0,0.0,2.0,0.0,0.4,0.0,0.0001,16.0,25903.0
2026-07-30T18:59:56.367Z,165.85,165.864,0.0,7.4,0.0,0.0,0.0,0.0,0.0,0.0,0.0,0.0,1.0,0.0,0.0,0.0,9.0,4.0,0.0,0.0,0.0,0.0,0.0,0.0,0.0,0.0,4.0,12.0,1.0,12.15,5.01,2.5,1.49,0.0,0.0,0.0,0.4,0.0,-0.2,0.7000000000000001,-1.1,-169.70000000000002,0.0,0.0,169.8,0.0,21.4,30.0,30.0,30.6,300.0,300.0,31.1,35.0,29.700000000000003,29.0,30.9,4.95,1.99,4.97,0.16,0.0,0.0,1027.0,8228.0,0.0,0.0,0.0,0.0,0.0,1.0,0.0,0.0,0.0,0.0,0.0,0.0,0.0,1.1,0.0,0.0,16.0,25903.0
2026-07-30T18:59:56.380Z,165.863,165.876,0.0,7.4,0.0,0.0,0.0,0.0,0.0,0.0,0.0,0.0,1.0,0.0,0.0,0.0,9.0,4.0,0.0,0.0,0.0,0.0,0.0,0.0,0.0,0.0,5.0,12.0,1.0,12.15,5.01,2.5,1.49,0.0,0.0,0.0,0.4,0.0,1.5,0.1,0.6000000000000001,-169.70000000000002,0.0,0.0,169.8,0.0,21.4,30.0,30.0,30.6,300.0,300.0,31.1,35.0,29.700000000000003,29.0,30.9,4.95,1.99,4.96,0.16,0.0,0.0,1027.0,8228.0,0.0,0.0,0.0,0.0,0.0,1.0,0.0,0.0,0.0,0.0,0.0,0.6000000000000001,0.0,-0.5,0.0,0.0,16.0,25903.0
2026-07-30T18:59:56.392Z,165.875,165.888,0.0,7.4,0.0,0.0,0.0,0.0,0.0,0.0,0.0,0.0,1.0,0.0,0.0,0.0,9.0,4.0,0.0,0.0,0.0,0.0,0.0,0.0,0.0,0.0,6.0,12.0,1.0,12.15,5.01,2.5,1.49,0.0,0.0,0.0,0.4,0.0,0.8,0.7000000000000001,1.1,-169.70000000000002,0.0,0.0,169.70000000000002,0.0,21.4,30.0,30.0,30.6,300.0,300.0,31.1,35.0,29.700000000000003,29.0,30.9,4.95,1.99,4.97,0.16,0.0,0.0,1027.0,8228.0,0.0,0.0,0.0,0.0,0.0,1.0,0.0,0.0,0.0,0.0,0.0,-1.4,0.0,0.9,0.0,0.0001,16.0,25903.0
2026-07-30T18:59:56.403Z,165.886,165.9,0.0,7.4,0.0,0.0,0.0,0.0,0.0,0.0,0.0,0.0,1.0,0.0,0.0,0.0,9.0,4.0,0.0,0.0,0.0,0.0,0.0,0.0,0.0,0.0,2.0,12.0,1.0,12.15,5.01,2.5,1.49,0.0,0.0,0.0,0.5,0.0,0.3,0.7000000000000001,-0.5,-169.70000000000002,0.0,0.0,169.8,0.0,21.4,30.0,30.0,30.6,300.0,300.0,31.1,35.0,29.700000000000003,29.0,30.9,4.95,1.99,4.97,0.16,0.0,0.0,1027.0,8228.0,0.0,0.0,0.0,0.0,0.0,1.0,0.0,0.0,0.0,0.0,0.0,1.9,0.0,-0.2,0.0,0.0001,16.0,25903.0
2026-07-30T18:59:56.416Z,165.899,165.912,0.0,7.4,0.0,0.0,0.0,0.0,0.0,0.0,0.0,0.0,1.0,0.0,0.0,0.0,9.0,4.0,0.0,0.0,0.0,0.0,0.0,0.0,0.0,0.0,3.0,12.0,1.0,12.15,5.01,2.5,1.49,0.0,0.0,0.0,0.5,0.0,-0.8,-1.6,-0.6000000000000001,-169.70000000000002,0.0,0.0,169.60000000000002,0.0,21.4,30.0,30.0,30.6,300.0,300.0,31.1,35.0,29.700000000000003,29.0,30.9,4.96,1.99,4.97,0.16,0.0,0.0,1027.0,8228.0,0.0,0.0,0.0,0.0,0.0,1.0,0.0,0.0,0.0,0.0,0.0,-2.3000000000000003,0.0,2.0,0.0,0.0001,16.0,25903.0
2026-07-30T18:59:56.428Z,165.911,165.924,0.0,7.4,0.0,0.0,0.0,0.0,0.0,0.0,0.0,0.0,1.0,0.0,0.0,0.0,9.0,4.0,0.0,0.0,0.0,0.0,0.0,0.0,0.0,0.0,4.0,12.0,1.0,12.15,5.01,2.5,1.49,0.0,0.1,0.0,0.4,0.0,0.2,-1.0,1.1,-169.70000000000002,0.0,0.0,169.60000000000002,0.0,21.4,30.0,30.0,30.6,300.0,300.0,31.1,35.0,29.700000000000003,29.0,30.9,4.96,1.99,4.96,0.16,0.0,0.0,1027.0,8228.0,0.0,0.0,0.0,0.0,0.0,1.0,0.0,0.0,0.0,0.0,0.0,-0.3,0.0,-1.1,0.0,0.0003,16.0,25903.0
2026-07-30T18:59:56.440Z,165.923,165.936,0.0,7.4,0.0,0.0,0.0,0.0,0.0,0.0,0.0,0.0,1.0,0.0,0.0,0.0,9.0,4.0,0.0,0.0,0.0,0.0,0.0,0.0,0.0,0.0,5.0,12.0,1.0,12.15,5.01,2.5,1.49,0.0,0.0,0.0,0.4,0.0,-0.3,-0.4,0.0,-169.70000000000002,0.0,0.0,169.8,0.0,21.4,30.0,30.0,30.6,300.0,300.0,31.1,35.0,29.700000000000003,29.0,30.9,4.96,1.99,4.97,0.16,0.0,0.0,1027.0,8228.0,0.0,0.0,0.0,0.0,0.0,1.0,0.0,0.0,0.0,0.0,0.0,-0.6000000000000001,0.0,0.0,0.0,0.0001,16.0,25903.0
2026-07-30T18:59:56.452Z,165.935,165.948,0.0,7.4,0.0,0.0,0.0,0.0,0.0,0.0,0.0,0.0,1.0,0.0,0.0,0.0,9.0,4.0,0.0,0.0,0.0,0.0,0.0,0.0,0.0,0.0,6.0,12.0,1.0,12.15,5.01,2.5,1.49,-0.1,0.1,0.0,0.4,0.0,-0.3,0.1,0.5,-169.70000000000002,0.0,0.0,169.8,0.0,21.4,30.0,30.0,30.6,300.0,300.0,31.1,35.0,29.700000000000003,29.0,30.9,4.95,1.99,4.97,0.16,0.0,0.0,1027.0,8228.0,0.0,0.0,0.0,0.0,0.0,1.0,0.0,0.0,0.0,0.0,0.0,0.5,0.0,-0.4,0.0,0.0002,16.0,25903.0
2026-07-30T18:59:56.463Z,165.946,165.96,0.0,7.4,0.0,0.0,0.0,0.0,0.0,0.0,0.0,0.0,1.0,0.0,0.0,0.0,9.0,4.0,0.0,0.0,0.0,0.0,0.0,0.0,0.0,0.0,1.0,12.0,1.0,12.17,5.0200000000000005,2.5,1.49,0.0,0.1,0.0,0.4,0.0,-0.3,1.3,1.0,-169.70000000000002,0.0,0.0,169.70000000000002,0.0,21.3,30.0,30.0,30.6,300.0,300.0,31.0,35.0,29.700000000000003,29.0,30.8,4.95,1.99,4.96,0.16,0.0,0.0,1027.0,8228.0,0.0,0.0,0.0,0.0,0.0,1.0,0.0,0.0,0.0,0.0,0.0,2.3000000000000003,0.0,-0.6000000000000001,0.0,0.0001,16.0,25903.0
2026-07-30T18:59:56.475Z,165.958,165.972,0.0,7.4,0.0,0.0,0.0,0.0,0.0,0.0,0.0,0.0,1.0,0.0,0.0,0.0,9.0,4.0,0.0,0.0,0.0,0.0,0.0,0.0,0.0,0.0,2.0,12.0,1.0,12.17,5.0200000000000005,2.5,1.49,0.0,0.0,0.0,0.4,0.0,0.2,-1.0,1.0,-169.70000000000002,0.0,0.0,169.8,0.0,21.3,30.0,30.0,30.6,300.0,300.0,31.0,35.0,29.700000000000003,29.0,30.8,4.95,2.0,4.96,0.16,0.0,0.0,1027.0,8228.0,0.0,0.0,0.0,0.0,0.0,1.0,0.0,0.0,0.0,0.0,0.0,-0.4,0.0,-1.1,0.0,0.0002,16.0,25903.0
2026-07-30T18:59:56.488Z,165.971,165.984,0.0,7.4,0.0,0.0,0.0,0.0,0.0,0.0,0.0,0.0,1.0,0.0,0.0,0.0,9.0,4.0,0.0,0.0,0.0,0.0,0.0,0.0,0.0,0.0,3.0,12.0,1.0,12.17,5.0200000000000005,2.5,1.49,0.0,0.0,0.0,0.5,0.0,-0.8,0.1,1.0,-169.70000000000002,0.0,0.0,169.8,0.0,21.3,30.0,30.0,30.6,300.0,300.0,31.0,35.0,29.700000000000003,29.0,30.8,4.95,2.0,4.97,0.16,0.0,0.0,1027.0,8228.0,0.0,0.0,0.0,0.0,0.0,1.0,0.0,0.0,0.0,0.0,0.0,0.9,0.0,-0.9,0.0,0.0001,16.0,25903.0
2026-07-30T18:59:56.499Z,165.982,165.996,0.0,7.4,0.0,0.0,0.0,0.0,0.0,0.0,0.0,0.0,1.0,0.0,0.0,0.0,9.0,4.0,0.0,0.0,0.0,0.0,0.0,0.0,0.0,0.0,5.0,12.0,1.0,12.17,5.0200000000000005,2.5,1.49,0.0,0.0,0.0,0.4,0.0,-0.2,0.1,0.4,-169.70000000000002,0.0,0.0,169.70000000000002,0.0,21.3,30.0,30.0,30.6,300.0,300.0,31.0,35.0,29.700000000000003,29.0,30.8,4.95,1.99,4.97,0.16,0.0,0.0,1027.0,8228.0,0.0,0.0,0.0,0.0,0.0,1.0,0.0,0.0,0.0,0.0,0.0,0.5,0.0,-0.3,0.0,0.0001,16.0,25903.0
2026-07-30T18:59:56.511Z,165.994,166.008,0.0,7.4,0.0,0.0,0.0,0.0,0.0,0.0,0.0,0.0,1.0,0.0,0.0,0.0,9.0,4.0,0.0,0.0,0.0,0.0,0.0,0.0,0.0,0.0,6.0,12.0,1.0,12.17,5.0200000000000005,2.5,1.49,0.0,0.0,0.0,0.5,0.0,-0.2,0.7000000000000001,-0.6000000000000001,-169.70000000000002,0.0,0.0,169.70000000000002,0.0,21.3,30.0,30.0,30.6,300.0,300.0,31.0,35.0,29.700000000000003,29.0,30.8,4.95,1.99,4.96,0.16,0.0,0.0,1027.0,8228.0,0.0,0.0,0.0,0.0,0.0,1.0,0.0,0.0,0.0,0.0,0.0,0.3,0.0,0.7000000000000001,0.0,0.0001,16.0,25903.0
2026-07-30T18:59:56.523Z,166.006,166.02,0.0,7.4,0.0,0.0,0.0,0.0,0.0,0.0,0.0,0.0,1.0,0.0,0.0,0.0,9.0,4.0,0.0,0.0,0.0,0.0,0.0,0.0,0.0,0.0,1.0,12.0,1.0,12.17,5.0200000000000005,2.5,1.49,-0.1,0.1,0.0,0.4,0.0,0.8,-0.4,0.0,-169.70000000000002,0.0,0.0,169.70000000000002,0.0,21.3,30.0,30.0,30.6,300.0,300.0,31.0,35.0,29.700000000000003,29.0,30.8,4.95,1.99,4.97,0.16,0.0,0.0,1027.0,8228.0,0.0,0.0,0.0,0.0,0.0,1.0,0.0,0.0,0.0,0.0,0.0,-0.5,0.0,0.0,0.0,0.0001,16.0,25903.0
2026-07-30T18:59:56.536Z,166.019,166.032,0.0,7.4,0.0,0.0,0.0,0.0,0.0,0.0,0.0,0.0,1.0,0.0,0.0,0.0,9.0,4.0,0.0,0.0,0.0,0.0,0.0,0.0,0.0,0.0,2.0,12.0,1.0,12.17,5.0200000000000005,2.5,1.49,0.0,0.0,0.0,0.4,0.0,-0.3,1.9,0.0,-169.70000000000002,0.0,0.0,169.8,0.0,21.3,30.0,30.0,30.6,300.0,300.0,31.0,35.0,29.700000000000003,29.0,30.8,4.95,1.99,4.96,0.16,0.0,0.0,1027.0,8228.0,0.0,0.0,0.0,0.0,0.0,1.0,0.0,0.0,0.0,0.0,0.0,2.1,0.0,0.4,0.0,0.0001,16.0,25903.0
2026-07-30T18:59:56.548Z,166.031,166.044,0.0,7.4,0.0,0.0,0.0,0.0,0.0,0.0,0.0,0.0,1.0,0.0,0.0,0.0,9.0,4.0,0.0,0.0,0.0,0.0,0.0,0.0,0.0,0.0,4.0,12.0,1.0,12.17,5.0200000000000005,2.5,1.49,0.0,0.0,0.0,0.4,0.0,0.2,1.3,0.0,-169.70000000000002,0.0,0.0,169.70000000000002,0.0,21.3,30.0,30.0,30.6,300.0,300.0,31.0,35.0,29.700000000000003,29.0,30.8,4.96,2.0,4.96,0.16,0.0,0.0,1027.0,8228.0,0.0,0.0,0.0,0.0,0.0,1.0,0.0,0.0,0.0,0.0,0.0,1.4,0.0,0.3,0.0,0.0,16.0,25903.0
2026-07-30T18:59:56.560Z,166.043,166.056,0.0,7.4,0.0,0.0,0.0,0.0,0.0,0.0,0.0,0.0,1.0,0.0,0.0,0.0,9.0,4.0,0.0,0.0,0.0,0.0,0.0,0.0,0.0,0.0,5.0,12.0,1.0,12.15,5.0200000000000005,2.5,1.49,0.0,0.0,0.0,0.4,0.0,-0.3,-0.4,-0.6000000000000001,-169.70000000000002,0.0,0.0,169.70000000000002,0.0,21.8,30.0,30.0,30.6,300.0,300.0,31.0,35.0,29.700000000000003,29.0,30.9,4.95,2.0,4.97,0.16,0.0,0.0,1027.0,8228.0,0.0,0.0,0.0,0.0,0.0,1.0,0.0,0.0,0.0,0.0,0.0,-0.9,0.0,0.4,0.0,0.0,16.0,25903.0
2026-07-30T18:59:56.581Z,166.064,166.068,0.0,7.4,0.0,0.0,0.0,0.0,0.0,0.0,0.0,0.0,1.0,0.0,0.0,0.0,9.0,4.0,0.0,0.0,0.0,0.0,0.0,0.0,0.0,0.0,6.0,12.0,1.0,12.15,5.0200000000000005,2.5,1.49,0.0,0.0,0.0,0.4,0.0,-0.3,-0.3,-1.2000000000000002,-169.70000000000002,0.0,0.0,169.8,0.0,21.8,30.0,30.0,30.6,300.0,300.0,31.0,35.0,29.700000000000003,29.0,30.9,4.95,1.99,4.97,0.16,0.0,0.0,1027.0,8228.0,0.0,0.0,0.0,0.0,0.0,1.0,0.0,0.0,0.0,0.0,0.0,-1.3,0.0,0.9,0.0,0.0001,16.0,25903.0
2026-07-30T18:59:56.584Z,166.067,166.08,0.0,7.4,0.0,0.0,0.0,0.0,0.0,0.0,0.0,0.0,1.0,0.0,0.0,0.0,9.0,4.0,0.0,0.0,0.0,0.0,0.0,0.0,0.0,0.0,3.0,12.0,1.0,12.15,5.0200000000000005,2.5,1.49,0.0,0.0,0.0,0.4,0.0,-0.9,0.1,-1.2000000000000002,-169.70000000000002,0.0,0.0,169.70000000000002,0.0,21.8,30.0,30.0,30.6,300.0,300.0,31.0,35.0,29.700000000000003,29.0,30.9,4.95,2.0,4.96,0.16,0.0,0.0,1027.0,8228.0,0.0,0.0,0.0,0.0,0.0,1.0,0.0,0.0,0.0,0.0,0.0,-0.7000000000000001,0.0,1.1,0.0,0.0,16.0,25903.0
2026-07-30T18:59:56.595Z,166.078,166.092,0.0,7.4,0.0,0.0,0.0,0.0,0.0,0.0,0.0,0.0,1.0,0.0,0.0,0.0,9.0,4.0,0.0,0.0,0.0,0.0,0.0,0.0,0.0,0.0,2.0,12.0,1.0,12.15,5.0200000000000005,2.5,1.49,0.0,0.0,0.0,0.4,0.0,-0.3,0.2,1.7000000000000002,-169.70000000000002,0.0,0.0,169.8,0.0,21.8,30.0,30.0,30.6,300.0,300.0,31.0,35.0,29.700000000000003,29.0,30.9,4.96,1.99,4.96,0.16,0.0,0.0,1027.0,8228.0,0.0,0.0,0.0,0.0,0.0,1.0,0.0,0.0,0.0,0.0,0.0,1.5,0.0,-1.4,0.0,0.0001,16.0,25903.0
2026-07-30T18:59:56.607Z,166.09,166.104,0.0,7.4,0.0,0.0,0.0,0.0,0.0,0.0,0.0,0.0,1.0,0.0,0.0,0.0,9.0,4.0,0.0,0.0,0.0,0.0,0.0,0.0,0.0,0.0,3.0,12.0,1.0,12.15,5.0200000000000005,2.5,1.49,0.0,0.0,0.0,0.4,0.0,0.2,1.3,0.0,-169.70000000000002,0.0,0.0,169.70000000000002,0.0,21.8,30.0,30.0,30.6,300.0,300.0,31.0,35.0,29.700000000000003,29.0,30.9,4.95,1.99,4.97,0.16,0.0,0.0,1027.0,8228.0,0.0,0.0,0.0,0.0,0.0,1.0,0.0,0.0,0.0,0.0,0.0,1.5,0.0,0.2,0.0,0.0,16.0,25903.0
2026-07-30T18:59:56.620Z,166.103,166.116,0.0,7.4,0.0,0.0,0.0,0.0,0.0,0.0,0.0,0.0,1.0,0.0,0.0,0.0,9.0,4.0,0.0,0.0,0.0,0.0,0.0,0.0,0.0,0.0,3.0,12.0,1.0,12.15,5.0200000000000005,2.5,1.49,0.0,0.0,0.0,0.4,0.0,-0.3,0.1,-0.5,-169.70000000000002,0.0,0.0,169.8,0.0,21.8,30.0,30.0,30.6,300.0,300.0,31.0,35.0,29.700000000000003,29.0,30.9,4.96,1.99,4.96,0.16,0.0,0.0,1027.0,8228.0,0.0,0.0,0.0,0.0,0.0,1.0,0.0,0.0,0.0,0.0,0.0,-0.2,0.0,0.5,0.0,0.0,16.0,25903.0
2026-07-30T18:59:56.632Z,166.115,166.128,0.0,7.4,0.0,0.0,0.0,0.0,0.0,0.0,0.0,0.0,1.0,0.0,0.0,0.0,9.0,4.0,0.0,0.0,0.0,0.0,0.0,0.0,0.0,0.0,4.0,12.0,1.0,12.15,5.0200000000000005,2.5,1.49,0.0,0.0,0.0,0.4,0.0,0.2,0.1,-0.5,-169.70000000000002,0.0,0.0,169.70000000000002,0.0,21.8,30.0,30.0,30.6,300.0,300.0,31.0,35.0,29.700000000000003,29.0,30.9,4.96,2.0,4.96,0.16,0.0,0.0,1027.0,8228.0,0.0,0.0,0.0,0.0,0.0,1.0,0.0,0.0,0.0,0.0,0.0,-0.2,0.0,0.5,0.0,0.0001,16.0,25903.0
2026-07-30T18:59:56.643Z,166.126,166.14,0.0,7.4,0.0,0.0,0.0,0.0,0.0,0.0,0.0,0.0,1.0,0.0,0.0,0.0,9.0,4.0,0.0,0.0,0.0,0.0,0.0,0.0,0.0,0.0,5.0,12.0,1.0,12.15,5.0200000000000005,2.5,1.49,0.0,0.1,0.0,0.4,0.0,-0.3,-0.3,0.0,-169.70000000000002,0.0,0.0,169.70000000000002,0.0,21.8,30.0,30.0,30.6,300.0,300.0,31.0,35.0,29.700000000000003,29.0,30.9,4.95,1.99,4.96,0.16,0.0,0.0,1027.0,8228.0,0.0,0.0,0.0,0.0,0.0,1.0,0.0,0.0,0.0,0.0,0.0,-0.4,0.0,0.0,0.0,0.0001,16.0,25903.0
2026-07-30T18:59:56.655Z,166.138,166.15200000000002,0.0,7.4,0.0,0.0,0.0,0.0,0.0,0.0,0.0,0.0,1.0,0.0,0.0,0.0,9.0,4.0,0.0,0.0,0.0,0.0,0.0,0.0,0.0,0.0,6.0,12.0,1.0,12.15,5.0200000000000005,2.5,1.49,0.0,0.0,0.0,0.4,0.0,-0.3,-0.9,0.0,-169.70000000000002,0.0,0.0,169.60000000000002,0.0,21.8,30.0,30.0,30.6,300.0,300.0,31.0,35.0,29.700000000000003,29.0,30.9,4.95,1.99,4.97,0.16,0.0,0.0,1027.0,8228.0,0.0,0.0,0.0,0.0,0.0,1.0,0.0,0.0,0.0,0.0,0.0,-1.1,0.0,-0.1,0.0,0.0001,16.0,25903.0
2026-07-30T18:59:56.667Z,166.15,166.16400000000002,0.0,7.4,0.0,0.0,0.0,0.0,0.0,0.0,0.0,0.0,1.0,0.0,0.0,0.0,9.0,4.0,0.0,0.0,0.0,0.0,0.0,0.0,0.0,0.0,1.0,12.0,1.0,12.15,5.01,2.51,1.49,0.0,0.0,0.0,0.4,0.0,0.3,-0.3,1.7000000000000002,-169.70000000000002,0.0,0.0,169.60000000000002,0.0,21.9,30.0,30.0,30.6,300.0,300.0,31.1,35.0,29.700000000000003,29.0,30.9,4.96,2.0,4.96,0.16,0.0,0.0,1027.0,8228.0,0.0,0.0,0.0,0.0,0.0,1.0,0.0,0.0,0.0,0.0,0.0,0.9,0.0,-1.6,0.0,0.0001,16.0,25903.0
2026-07-30T18:59:56.680Z,166.163,166.17600000000002,0.0,7.4,0.0,0.0,0.0,0.0,0.0,0.0,0.0,0.0,1.0,0.0,0.0,0.0,9.0,4.0,0.0,0.0,0.0,0.0,0.0,0.0,0.0,0.0,2.0,12.0,1.0,12.15,5.01,2.51,1.49,0.0,0.0,0.0,0.4,0.0,0.9,0.1,0.0,-169.70000000000002,0.0,0.0,169.60000000000002,0.0,21.9,30.0,30.0,30.6,300.0,300.0,31.1,35.0,29.700000000000003,29.0,30.9,4.96,1.99,4.97,0.16,0.0,0.0,1027.0,8228.0,0.0,0.0,0.0,0.0,0.0,1.0,0.0,0.0,0.0,0.0,0.0,0.2,0.0,0.0,0.0,0.0,16.0,25903.0
2026-07-30T18:59:56.692Z,166.175,166.18800000000002,0.0,7.4,0.0,0.0,0.0,0.0,0.0,0.0,0.0,0.0,1.0,0.0,0.0,0.0,9.0,4.0,0.0,0.0,0.0,0.0,0.0,0.0,0.0,0.0,3.0,12.0,1.0,12.15,5.01,2.51,1.49,0.0,0.0,0.0,0.4,0.0,-0.2,0.7000000000000001,-0.5,-169.70000000000002,0.0,0.0,169.60000000000002,0.0,21.9,30.0,30.0,30.6,300.0,300.0,31.1,35.0,29.700000000000003,29.0,30.9,4.95,1.99,4.97,0.16,0.0,0.0,1027.0,8228.0,0.0,0.0,0.0,0.0,0.0,1.0,0.0,0.0,0.0,0.0,0.0,0.4,0.0,0.6000000000000001,0.0,0.0,16.0,25903.0
2026-07-30T18:59:56.703Z,166.186,166.20000000000002,0.0,7.4,0.0,0.0,0.0,0.0,0.0,0.0,0.0,0.0,1.0,0.0,0.0,0.0,9.0,4.0,0.0,0.0,0.0,0.0,0.0,0.0,0.0,0.0,4.0,12.0,1.0,12.15,5.01,2.51,1.49,0.0,0.0,0.0,0.4,0.0,-0.8,0.1,0.0,-169.70000000000002,0.0,0.0,169.70000000000002,0.0,21.9,30.0,30.0,30.6,300.0,300.0,31.1,35.0,29.700000000000003,29.0,30.9,4.96,1.99,4.96,0.16,0.0,0.0,1027.0,8228.0,0.0,0.0,0.0,0.0,0.0,1.0,0.0,0.0,0.0,0.0,0.0,0.2,0.0,0.0,0.0,0.0,16.0,25903.0
2026-07-30T18:59:56.715Z,166.198,166.21200000000002,0.0,7.4,0.0,0.0,0.0,0.0,0.0,0.0,0.0,0.0,1.0,0.0,0.0,0.0,9.0,4.0,0.0,0.0,0.0,0.0,0.0,0.0,0.0,0.0,6.0,12.0,1.0,12.15,5.01,2.51,1.49,0.0,0.0,0.0,0.4,0.0,0.2,-0.4,0.6000000000000001,-169.70000000000002,0.0,0.0,169.60000000000002,0.0,21.9,30.0,30.0,30.6,300.0,300.0,31.1,35.0,29.700000000000003,29.0,30.9,4.95,1.99,4.96,0.16,0.0,0.0,1027.0,8228.0,0.0,0.0,0.0,0.0,0.0,1.0,0.0,0.0,0.0,0.0,0.0,0.0,0.0,-0.6000000000000001,0.0,0.0,16.0,25903.0
2026-07-30T18:59:56.727Z,166.21,166.224,0.0,7.4,0.0,0.0,0.0,0.0,0.0,0.0,0.0,0.0,1.0,0.0,0.0,0.0,9.0,4.0,0.0,0.0,0.0,0.0,0.0,0.0,0.0,0.0,1.0,12.0,1.0,12.15,5.01,2.51,1.49,0.0,0.0,0.0,0.4,0.0,-1.4,-0.5,-1.7000000000000002,-169.70000000000002,0.0,0.0,169.70000000000002,0.0,21.9,30.0,30.0,30.6,300.0,300.0,31.1,35.0,29.700000000000003,29.0,30.9,4.95,1.99,4.97,0.16,0.0,0.0,1027.0,8228.0,0.0,0.0,0.0,0.0,0.0,1.0,0.0,0.0,0.0,0.0,0.0,-1.8,0.0,1.4,0.0,0.0,16.0,25903.0
2026-07-30T18:59:56.739Z,166.222,166.236,0.0,7.4,0.0,0.0,0.0,0.0,0.0,0.0,0.0,0.0,1.0,0.0,0.0,0.0,9.0,4.0,0.0,0.0,0.0,0.0,0.0,0.0,0.0,0.0,2.0,12.0,1.0,12.15,5.01,2.51,1.49,0.0,0.0,0.0,0.4,0.0,-0.3,0.0,-1.2000000000000002,-169.70000000000002,0.0,0.0,169.70000000000002,0.0,21.9,30.0,30.0,30.6,300.0,300.0,31.1,35.0,29.700000000000003,29.0,30.9,4.95,2.0,4.97,0.16,0.0,0.0,1027.0,8228.0,0.0,0.0,0.0,0.0,0.0,1.0,0.0,0.0,0.0,0.0,0.0,-0.8,0.0,1.0,0.0,0.0,16.0,25903.0
2026-07-30T18:59:56.751Z,166.234,166.248,0.0,7.4,0.0,0.0,0.0,0.0,0.0,0.0,0.0,0.0,1.0,0.0,0.0,0.0,9.0,4.0,0.0,0.0,0.0,0.0,0.0,0.0,0.0,0.0,3.0,12.0,1.0,12.15,5.01,2.51,1.49,0.0,0.1,0.0,0.4,0.0,0.2,0.1,0.0,-169.70000000000002,0.0,0.0,169.70000000000002,0.0,21.9,30.0,30.0,30.6,300.0,300.0,31.1,35.0,29.700000000000003,29.0,30.9,4.96,2.0,4.97,0.16,0.0,0.0,1027.0,8228.0,0.0,0.0,0.0,0.0,0.0,1.0,0.0,0.0,0.0,0.0,0.0,0.1,0.0,0.0,0.0,0.0,16.0,25903.0
2026-07-30T18:59:56.763Z,166.246,166.26,0.0,7.4,0.0,0.0,0.0,0.0,0.0,0.0,0.0,0.0,1.0,0.0,0.0,0.0,9.0,4.0,0.0,0.0,0.0,0.0,0.0,0.0,0.0,0.0,4.0,12.0,1.0,12.17,5.0200000000000005,2.5,1.49,0.0,0.0,0.0,0.5,0.0,0.2,-0.5,0.0,-169.60000000000002,0.0,0.0,169.60000000000002,0.0,21.8,30.0,30.0,30.6,300.0,300.0,31.200000000000003,35.1,29.700000000000003,29.0,30.9,4.95,2.0,4.97,0.16,0.0,0.0,1027.0,8228.0,0.0,0.0,0.0,0.0,0.0,1.0,0.0,0.0,0.0,0.0,0.0,-0.6000000000000001,0.0,0.0,0.0,0.0,16.0,25903.0
2026-07-30T18:59:56.775Z,166.258,166.272,0.0,7.4,0.0,0.0,0.0,0.0,0.0,0.0,0.0,0.0,1.0,0.0,0.0,0.0,9.0,4.0,0.0,0.0,0.0,0.0,0.0,0.0,0.0,0.0,5.0,12.0,1.0,12.17,5.0200000000000005,2.5,1.49,0.0,0.0,0.0,0.4,0.0,0.2,0.6000000000000001,1.1,-169.60000000000002,0.0,0.0,169.70000000000002,0.0,21.8,30.0,30.0,30.6,300.0,300.0,31.200000000000003,35.1,29.700000000000003,29.0,30.9,4.95,1.99,4.96,0.16,0.0,0.0,1027.0,8228.0,0.0,0.0,0.0,0.0,0.0,1.0,0.0,0.0,0.0,0.0,0.0,1.5,0.0,-0.8,0.0,0.0,16.0,25903.0
2026-07-30T18:59:56.787Z,166.27,166.284,0.0,7.4,0.0,0.0,0.0,0.0,0.0,0.0,0.0,0.0,1.0,0.0,0.0,0.0,9.0,4.0,0.0,0.0,0.0,0.0,0.0,0.0,0.0,0.0,1.0,12.0,1.0,12.17,5.0200000000000005,2.5,1.49,0.0,0.0,0.0,0.4,0.0,0.2,0.0,1.1,-169.60000000000002,0.0,0.0,169.70000000000002,0.0,21.8,30.0,30.0,30.6,300.0,300.0,31.200000000000003,35.1,29.700000000000003,29.0,30.9,4.96,1.99,4.96,0.16,0.0,0.0,1027.0,8228.0,0.0,0.0,0.0,0.0,0.0,1.0,0.0,0.0,0.0,0.0,0.0,0.8,0.0,-0.9,0.0,0.0001,16.0,25903.0
2026-07-30T18:59:56.799Z,166.282,166.296,0.0,7.4,0.0,0.0,0.0,0.0,0.0,0.0,0.0,0.0,1.0,0.0,0.0,0.0,9.0,4.0,0.0,0.0,0.0,0.0,0.0,0.0,0.0,0.0,2.0,12.0,1.0,12.17,5.0200000000000005,2.5,1.49,0.0,0.0,0.0,0.4,0.0,0.2,0.0,-0.6000000000000001,-169.60000000000002,0.0,0.0,169.8,0.0,21.8,30.0,30.0,30.6,300.0,300.0,31.200000000000003,35.1,29.700000000000003,29.0,30.9,4.95,1.99,4.96,0.16,0.0,0.0,1027.0,8228.0,0.0,0.0,0.0,0.0,0.0,1.0,0.0,0.0,0.0,0.0,0.0,-0.4,0.0,0.5,0.0,0.0,16.0,25903.0
2026-07-30T18:59:56.811Z,166.294,166.308,0.0,7.4,0.0,0.0,0.0,0.0,0.0,0.0,0.0,0.0,1.0,0.0,0.0,0.0,9.0,4.0,0.0,0.0,0.0,0.0,0.0,0.0,0.0,0.0,3.0,12.0,1.0,12.17,5.0200000000000005,2.5,1.49,0.0,0.1,0.0,0.4,0.0,0.2,0.0,0.0,-169.60000000000002,0.0,0.0,169.70000000000002,0.0,21.8,30.0,30.0,30.6,300.0,300.0,31.200000000000003,35.1,29.700000000000003,29.0,30.9,4.95,1.99,4.97,0.16,0.0,0.0,1027.0,8228.0,0.0,0.0,0.0,0.0,0.0,1.0,0.0,0.0,0.0,0.0,0.0,0.0,0.0,0.0,0.0,0.0001,16.0,25903.0
2026-07-30T18:59:56.823Z,166.306,166.32,0.0,7.4,0.0,0.0,0.0,0.0,0.0,0.0,0.0,0.0,1.0,0.0,0.0,0.0,9.0,4.0,0.0,0.0,0.0,0.0,0.0,0.0,0.0,0.0,5.0,12.0,1.0,12.17,5.0200000000000005,2.5,1.49,0.0,0.0,0.0,0.4,0.0,0.2,1.1,0.5,-169.60000000000002,0.0,0.0,169.70000000000002,0.0,21.8,30.0,30.0,30.6,300.0,300.0,31.200000000000003,35.1,29.700000000000003,29.0,30.9,4.95,1.99,4.96,0.16,0.0,0.0,1027.0,8228.0,0.0,0.0,0.0,0.0,0.0,1.0,0.0,0.0,0.0,0.0,0.0,1.6,0.0,-0.2,0.0,0.0001,16.0,25903.0
2026-07-30T18:59:56.835Z,166.318,166.332,0.0,7.4,0.0,0.0,0.0,0.0,0.0,0.0,0.0,0.0,1.0,0.0,0.0,0.0,9.0,4.0,0.0,0.0,0.0,0.0,0.0,0.0,0.0,0.0,6.0,12.0,1.0,12.17,5.0200000000000005,2.5,1.49,0.0,0.0,0.0,0.4,0.0,0.2,0.5,1.7000000000000002,-169.60000000000002,0.0,0.0,169.60000000000002,0.0,21.8,30.0,30.0,30.6,300.0,300.0,31.200000000000003,35.1,29.700000000000003,29.0,30.9,4.96,1.99,4.96,0.16,0.0,0.0,1027.0,8228.0,0.0,0.0,0.0,0.0,0.0,1.0,0.0,0.0,0.0,0.0,0.0,1.9,0.0,-1.3,0.0,0.0,16.0,25903.0
2026-07-30T18:59:56.847Z,166.33,166.344,0.0,7.4,0.0,0.0,0.0,0.0,0.0,0.0,0.0,0.0,1.0,0.0,0.0,0.0,9.0,4.0,0.0,0.0,0.0,0.0,0.0,0.0,0.0,0.0,2.0,12.0,1.0,12.17,5.0200000000000005,2.5,1.49,0.0,0.1,0.0,0.4,0.0,-0.3,0.0,0.5,-169.60000000000002,0.0,0.0,169.60000000000002,0.0,21.8,30.0,30.0,30.6,300.0,300.0,31.200000000000003,35.1,29.700000000000003,29.0,30.9,4.95,1.99,4.97,0.16,0.0,0.0,1027.0,8228.0,0.0,0.0,0.0,0.0,0.0,1.0,0.0,0.0,0.0,0.0,0.0,0.4,0.0,-0.5,0.0,0.0001,16.0,25903.0
2026-07-30T18:59:56.859Z,166.342,166.356,0.0,7.4,0.0,0.0,0.0,0.0,0.0,0.0,0.0,0.0,1.0,0.0,0.0,0.0,9.0,4.0,0.0,0.0,0.0,0.0,0.0,0.0,0.0,0.0,3.0,12.0,1.0,12.17,5.0200000000000005,2.5,1.49,0.0,0.0,0.0,0.4,0.0,0.2,-1.1,-0.5,-169.60000000000002,0.0,0.0,169.60000000000002,0.0,21.8,30.0,30.0,30.6,300.0,300.0,31.200000000000003,35.1,29.700000000000003,29.0,30.9,4.95,1.99,4.96,0.16,0.0,0.0,1027.0,8228.0,0.0,0.0,0.0,0.0,0.0,1.0,0.0,0.0,0.0,0.0,0.0,-1.7000000000000002,0.0,0.2,0.0,0.0,16.0,25903.0
2026-07-30T18:59:56.871Z,166.354,166.368,0.0,7.4,0.0,0.0,0.0,0.0,0.0,0.0,0.0,0.0,1.0,0.0,0.0,0.0,9.0,4.0,0.0,0.0,0.0,0.0,0.0,0.0,0.0,0.0,4.0,12.0,1.0,12.18,5.01,2.5,1.49,0.0,0.1,0.0,0.4,0.0,-0.3,0.0,-0.5,-169.60000000000002,0.0,0.0,169.60000000000002,0.0,21.4,30.0,30.0,30.6,300.0,300.0,31.200000000000003,35.1,29.700000000000003,29.1,30.9,4.95,2.0,4.96,0.16,0.0,0.0,1027.0,8228.0,0.0,0.0,0.0,0.0,0.0,1.0,0.0,0.0,0.0,0.0,0.0,-0.4,0.0,0.4,0.0,0.0,16.0,25903.0
2026-07-30T18:59:56.886Z,166.369,166.38,0.0,7.4,0.0,0.0,0.0,0.0,0.0,0.0,0.0,0.0,1.0,0.0,0.0,0.0,9.0,4.0,0.0,0.0,0.0,0.0,0.0,0.0,0.0,0.0,6.0,12.0,1.0,12.18,5.01,2.5,1.49,0.0,0.0,0.0,0.4,0.0,0.2,0.5,1.7000000000000002,-169.60000000000002,0.0,0.0,169.70000000000002,0.0,21.4,30.0,30.0,30.6,300.0,300.0,31.200000000000003,35.1,29.700000000000003,29.1,30.9,4.96,1.99,4.96,0.16,0.0,0.0,1027.0,8228.0,0.0,0.0,0.0,0.0,0.0,1.0,0.0,0.0,0.0,0.0,0.0,1.9,0.0,-1.4,0.0,0.0,16.0,25903.0
2026-07-30T18:59:56.900Z,166.383,166.392,0.0,7.4,0.0,0.0,0.0,0.0,0.0,0.0,0.0,0.0,1.0,0.0,0.0,0.0,9.0,4.0,0.0,0.0,0.0,0.0,0.0,0.0,0.0,0.0,1.0,12.0,1.0,12.18,5.01,2.5,1.49,0.0,0.0,0.0,0.4,0.0,-0.9,0.0,-0.5,-169.60000000000002,0.0,0.0,169.70000000000002,0.0,21.4,30.0,30.0,30.6,300.0,300.0,31.200000000000003,35.1,29.700000000000003,29.1,30.9,4.95,1.99,4.97,0.16,0.0,0.0,1027.0,8228.0,0.0,0.0,0.0,0.0,0.0,1.0,0.0,0.0,0.0,0.0,0.0,-0.3,0.0,0.5,0.0,0.0001,16.0,25903.0
2026-07-30T18:59:56.907Z,166.39,166.404,0.0,7.4,0.0,0.0,0.0,0.0,0.0,0.0,0.0,0.0,1.0,0.0,0.0,0.0,9.0,4.0,0.0,0.0,0.0,0.0,0.0,0.0,0.0,0.0,4.0,12.0,1.0,12.18,5.01,2.5,1.49,0.0,0.1,0.0,0.4,0.0,-0.9,-1.1,-1.1,-169.60000000000002,0.0,0.0,169.70000000000002,0.0,21.4,30.0,30.0,30.6,300.0,300.0,31.200000000000003,35.1,29.700000000000003,29.1,30.9,4.96,1.99,4.96,0.16,0.0,0.0,1027.0,8228.0,0.0,0.0,0.0,0.0,0.0,1.0,0.0,0.0,0.0,0.0,0.0,-2.1,0.0,0.7000000000000001,0.0,0.0,16.0,25903.0
2026-07-30T18:59:56.919Z,166.402,166.416,0.0,7.4,0.0,0.0,0.0,0.0,0.0,0.0,0.0,0.0,1.0,0.0,0.0,0.0,9.0,4.0,0.0,0.0,0.0,0.0,0.0,0.0,0.0,0.0,5.0,12.0,1.0,12.18,5.01,2.5,1.49,0.0,0.1,0.0,0.4,0.0,0.8,0.0,0.0,-169.60000000000002,0.0,0.0,169.70000000000002,0.0,21.4,30.0,30.0,30.6,300.0,300.0,31.200000000000003,35.1,29.700000000000003,29.1,30.9,4.96,1.99,4.97,0.16,0.0,0.0,1027.0,8228.0,0.0,0.0,0.0,0.0,0.0,1.0,0.0,0.0,0.0,0.0,0.0,0.0,0.0,0.0,0.0,0.0001,16.0,25903.0
2026-07-30T18:59:56.931Z,166.414,166.428,0.0,7.4,0.0,0.0,0.0,0.0,0.0,0.0,0.0,0.0,1.0,0.0,0.0,0.0,9.0,4.0,0.0,0.0,0.0,0.0,0.0,0.0,0.0,0.0,6.0,12.0,1.0,12.18,5.01,2.5,1.49,0.0,0.0,0.0,0.5,0.0,0.2,1.1,1.6,-169.60000000000002,0.0,0.0,169.60000000000002,0.0,21.4,30.0,30.0,30.6,300.0,300.0,31.200000000000003,35.1,29.700000000000003,29.1,30.9,4.95,1.99,4.97,0.16,0.0,0.0,1027.0,8228.0,0.0,0.0,0.0,0.0,0.0,1.0,0.0,0.0,0.0,0.0,0.0,0.3,0.0,1.3,0.0,0.0001,16.0,25903.0
2026-07-30T18:59:56.943Z,166.426,166.44,0.0,7.4,0.0,0.0,0.0,0.0,0.0,0.0,0.0,0.0,1.0,0.0,0.0,0.0,9.0,4.0,0.0,0.0,0.0,0.0,0.0,0.0,0.0,0.0,2.0,12.0,1.0,12.18,5.01,2.5,1.49,0.0,0.0,0.0,0.4,0.0,-0.3,-0.5,-0.1,-169.60000000000002,0.0,0.0,169.60000000000002,0.0,21.4,30.0,30.0,30.6,300.0,300.0,31.200000000000003,35.1,29.700000000000003,29.1,30.9,4.96,1.99,4.97,0.16,0.0,0.0,1027.0,8228.0,0.0,0.0,0.0,0.0,0.0,1.0,0.0,0.0,0.0,0.0,0.0,-1.2000000000000002,0.0,0.5,0.0,0.0001,16.0,25903.0
2026-07-30T18:59:56.955Z,166.438,166.452,0.0,7.4,0.0,0.0,0.0,0.0,0.0,0.0,0.0,0.0,1.0,0.0,0.0,0.0,9.0,4.0,0.0,0.0,0.0,0.0,0.0,0.0,0.0,0.0,4.0,12.0,1.0,12.18,5.01,2.5,1.49,0.0,0.0,0.0,0.4,0.0,0.1,-1.1,-0.7000000000000001,-169.60000000000002,0.0,0.0,169.60000000000002,0.0,21.4,30.0,30.0,30.6,300.0,300.0,31.200000000000003,35.1,29.700000000000003,29.1,30.9,4.95,2.0,4.96,0.16,0.0,0.0,1027.0,8228.0,0.0,0.0,0.0,0.0,0.0,1.0,0.0,0.0,0.0,0.0,0.0,0.1,0.0,-1.0,0.0,0.0,16.0,25903.0
2026-07-30T18:59:56.967Z,166.45,166.464,0.0,7.4,0.0,0.0,0.0,0.0,0.0,0.0,0.0,0.0,1.0,0.0,0.0,0.0,9.0,4.0,0.0,0.0,0.0,0.0,0.0,0.0,0.0,0.0,5.0,12.0,1.0,12.17,5.01,2.51,1.49,0.0,0.0,0.0,0.4,0.0,0.1,0.5,0.4,-169.60000000000002,0.0,0.0,169.70000000000002,0.0,21.700000000000003,30.0,30.0,30.6,300.0,300.0,31.200000000000003,35.0,29.700000000000003,29.0,30.9,4.95,1.99,4.97,0.16,0.0,0.0,1027.0,8228.0,0.0,0.0,0.0,0.0,0.0,1.0,0.0,0.0,0.0,0.0,0.0,0.9,0.0,-0.2,0.0,0.0001,16.0,25903.0
2026-07-30T18:59:56.979Z,166.462,166.476,0.0,7.4,0.0,0.0,0.0,0.0,0.0,0.0,0.0,0.0,1.0,0.0,0.0,0.0,9.0,4.0,0.0,0.0,0.0,0.0,0.0,0.0,0.0,0.0,1.0,12.0,1.0,12.17,5.01,2.51,1.49,0.0,0.0,0.0,0.4,0.0,0.7000000000000001,1.2000000000000002,0.4,-169.60000000000002,0.0,0.0,169.60000000000002,0.0,21.700000000000003,30.0,30.0,30.6,300.0,300.0,31.200000000000003,35.0,29.700000000000003,29.0,30.9,4.96,1.99,4.97,0.18,0.0,0.0,1027.0,8228.0,0.0,0.0,0.0,0.0,0.0,1.0,0.0,0.0,0.0,0.0,0.0,1.7000000000000002,0.0,-0.1,0.0,0.0,16.0,25903.0
2026-07-30T18:59:56.992Z,166.475,166.488,0.0,7.4,0.0,0.0,0.0,0.0,0.0,0.0,0.0,0.0,1.0,0.0,0.0,0.0,9.0,4.0,0.0,0.0,0.0,0.0,0.0,0.0,0.0,0.0,2.0,12.0,1.0,12.17,5.01,2.51,1.49,0.0,0.0,0.0,0.4,0.0,-0.3,-0.4,-0.1,-169.60000000000002,0.0,0.0,169.70000000000002,0.0,21.700000000000003,30.0,30.0,30.6,300.0,300.0,31.200000000000003,35.0,29.700000000000003,29.0,30.9,4.96,1.99,4.96,0.17,0.0,0.0,1027.0,8228.0,0.0,0.0,0.0,0.0,0.0,1.0,0.0,0.0,0.0,0.0,0.0,-0.6000000000000001,0.0,0.0,0.0,0.0,16.0,25903.0
2026-07-30T18:59:57.003Z,166.486,166.5,0.0,7.4,0.0,0.0,0.0,0.0,0.0,0.0,0.0,0.0,1.0,0.0,0.0,0.0,9.0,4.0,0.0,0.0,0.0,0.0,0.0,0.0,0.0,0.0,4.0,12.0,1.0,12.17,5.01,2.51,1.49,0.0,0.0,0.0,0.4,0.0,0.8,0.1,-0.1,-169.60000000000002,0.0,0.0,169.70000000000002,0.0,21.700000000000003,30.0,30.0,30.6,300.0,300.0,31.200000000000003,35.0,29.700000000000003,29.0,30.9,4.95,1.99,4.97,0.17,0.0,0.0,1027.0,8228.0,0.0,0.0,0.0,0.0,0.0,1.0,0.0,0.0,0.0,0.0,0.0,0.0,0.0,0.1,0.0,0.0001,16.0,25903.0
2026-07-30T18:59:57.015Z,166.498,166.512,0.0,7.4,0.0,0.0,0.0,0.0,0.0,0.0,0.0,0.0,1.0,0.0,0.0,0.0,9.0,4.0,0.0,0.0,0.0,0.0,0.0,0.0,0.0,0.0,6.0,12.0,1.0,12.17,5.01,2.51,1.49,0.0,0.1,0.0,0.4,0.0,-0.3,0.1,1.5,-169.60000000000002,0.0,0.0,169.8,0.0,21.700000000000003,30.0,30.0,30.6,300.0,300.0,31.200000000000003,35.0,29.700000000000003,29.0,30.9,4.95,1.99,4.96,0.16,0.0,0.0,1027.0,8228.0,0.0,0.0,0.0,0.0,0.0,1.0,0.0,0.0,0.0,0.0,0.0,1.2000000000000002,0.0,-1.3,0.0,0.0001,16.0,25903.0
2026-07-30T18:59:57.027Z,166.51,166.524,0.0,7.4,0.0,0.0,0.0,0.0,0.0,0.0,0.0,0.0,1.0,0.0,0.0,0.0,9.0,4.0,0.0,0.0,0.0,0.0,0.0,0.0,0.0,0.0,1.0,12.0,1.0,12.17,5.01,2.51,1.49,0.0,0.0,0.0,0.4,0.0,0.2,0.7000000000000001,0.4,-169.60000000000002,0.0,0.0,169.8,0.0,21.700000000000003,30.0,30.0,30.6,300.0,300.0,31.200000000000003,35.0,29.700000000000003,29.0,30.9,4.96,2.0,4.96,0.16,0.0,0.0,1027.0,8228.0,0.0,0.0,0.0,0.0,0.0,1.0,0.0,0.0,0.0,0.0,0.0,0.2,0.0,0.7000000000000001,0.0,0.0,16.0,25903.0
2026-07-30T18:59:57.039Z,166.522,166.536,0.0,7.4,0.0,0.0,0.0,0.0,0.0,0.0,0.0,0.0,1.0,0.0,0.0,0.0,9.0,4.0,0.0,0.0,0.0,0.0,0.0,0.0,0.0,0.0,2.0,12.0,1.0,12.17,5.01,2.51,1.49,0.0,0.0,0.0,0.4,0.0,0.2,-0.4,-1.9,-169.60000000000002,0.0,0.0,169.8,0.0,21.700000000000003,30.0,30.0,30.6,300.0,300.0,31.200000000000003,35.0,29.700000000000003,29.0,30.9,4.96,2.0,4.97,0.16,0.0,0.0,1027.0,8228.0,0.0,0.0,0.0,0.0,0.0,1.0,0.0,0.0,0.0,0.0,0.0,-0.5,0.0,0.0,0.0,0.0,16.0,25903.0
2026-07-30T18:59:57.051Z,166.534,166.548,0.0,7.4,0.0,0.0,0.0,0.0,0.0,0.0,0.0,0.0,1.0,0.0,0.0,0.0,9.0,4.0,0.0,0.0,0.0,0.0,0.0,0.0,0.0,0.0,4.0,12.0,1.0,12.17,5.01,2.51,1.49,0.0,0.0,0.0,0.5,0.0,-0.3,-0.4,-0.1,-169.60000000000002,0.0,0.0,169.70000000000002,0.0,21.700000000000003,30.0,30.0,30.6,300.0,300.0,31.200000000000003,35.0,29.700000000000003,29.0,30.9,4.96,1.99,4.97,0.16,0.0,0.0,1027.0,8228.0,0.0,0.0,0.0,0.0,0.0,1.0,0.0,0.0,0.0,0.0,0.0,-0.6000000000000001,0.0,0.0,0.0,0.0,16.0,25903.0
2026-07-30T18:59:57.063Z,166.546,166.56,0.0,7.4,0.0,0.0,0.0,0.0,0.0,0.0,0.0,0.0,1.0,0.0,0.0,0.0,9.0,4.0,0.0,0.0,0.0,0.0,0.0,0.0,0.0,0.0,5.0,12.0,1.0,12.17,5.01,2.51,1.49,0.0,0.0,0.0,0.4,0.0,0.3,0.1,1.0,-169.60000000000002,0.0,0.0,169.70000000000002,0.0,21.700000000000003,30.0,30.0,30.6,300.0,300.0,31.200000000000003,35.0,29.700000000000003,29.0,30.9,4.96,2.0,4.96,0.16,0.0,0.0,1027.0,8228.0,0.0,0.0,0.0,0.0,0.0,1.0,0.0,0.0,0.0,0.0,0.0,-0.3,0.0,0.6000000000000001,0.0,0.0002,16.0,25903.0
2026-07-30T18:59:57.075Z,166.558,166.572,0.0,7.4,0.0,0.0,0.0,0.0,0.0,0.0,0.0,0.0,1.0,0.0,0.0,0.0,9.0,4.0,0.0,0.0,0.0,0.0,0.0,0.0,0.0,0.0,6.0,12.0,1.0,12.18,5.01,2.51,1.49,0.0,0.0,0.0,0.4,0.0,0.8,0.2,-0.6000000000000001,-169.60000000000002,0.0,0.0,169.70000000000002,0.0,21.8,30.0,30.0,30.6,300.0,300.0,31.0,35.0,29.700000000000003,29.0,30.9,4.96,1.99,4.96,0.16,0.0,0.0,1027.0,8228.0,0.0,0.0,0.0,0.0,0.0,1.0,0.0,0.0,0.0,0.0,0.0,2.8000000000000003,0.0,-1.1,0.0,0.0001,16.0,25903.0
2026-07-30T18:59:57.087Z,166.57,166.584,0.0,7.4,0.0,0.0,0.0,0.0,0.0,0.0,0.0,0.0,1.0,0.0,0.0,0.0,9.0,4.0,0.0,0.0,0.0,0.0,0.0,0.0,0.0,0.0,2.0,12.0,1.0,12.18,5.01,2.51,1.49,0.0,0.0,0.0,0.4,0.0,-0.2,-0.3,0.0,-169.60000000000002,0.0,0.0,169.60000000000002,0.0,21.8,30.0,30.0,30.6,300.0,300.0,31.0,35.0,29.700000000000003,29.0,30.9,4.95,1.99,4.97,0.16,0.0,0.0,1027.0,8228.0,0.0,0.0,0.0,0.0,0.0,1.0,0.0,0.0,0.0,0.0,0.0,-0.4,0.0,0.0,0.0,0.0001,16.0,25903.0
2026-07-30T18:59:57.099Z,166.582,166.596,0.0,7.4,0.0,0.0,0.0,0.0,0.0,0.0,0.0,0.0,1.0,0.0,0.0,0.0,9.0,4.0,0.0,0.0,0.0,0.0,0.0,0.0,0.0,0.0,2.0,12.0,1.0,12.18,5.01,2.51,1.49,0.0,0.0,0.0,0.4,0.0,0.3,-0.9,0.5,-169.60000000000002,0.0,0.0,169.70000000000002,0.0,21.8,30.0,30.0,30.6,300.0,300.0,31.0,35.0,29.700000000000003,29.0,30.9,4.96,1.99,4.97,0.16,0.0,0.0,1027.0,8228.0,0.0,0.0,0.0,0.0,0.0,1.0,0.0,0.0,0.0,0.0,0.0,-0.6000000000000001,0.0,-0.6000000000000001,0.0,0.0001,16.0,25903.0
2026-07-30T18:59:57.111Z,166.594,166.608,0.0,7.4,0.0,0.0,0.0,0.0,0.0,0.0,0.0,0.0,1.0,0.0,0.0,0.0,9.0,4.0,0.0,0.0,0.0,0.0,0.0,0.0,0.0,0.0,3.0,12.0,1.0,12.18,5.01,2.51,1.49,0.0,0.0,0.0,0.4,0.0,-0.8,0.2,0.5,-169.60000000000002,0.0,0.0,169.60000000000002,0.0,21.8,30.0,30.0,30.6,300.0,300.0,31.0,35.0,29.700000000000003,29.0,30.9,4.96,1.99,4.97,0.16,0.0,0.0,1027.0,8228.0,0.0,0.0,0.0,0.0,0.0,1.0,0.0,0.0,0.0,0.0,0.0,0.6000000000000001,0.0,-0.4,0.0,0.0,16.0,25903.0
2026-07-30T18:59:57.123Z,166.606,166.62,0.0,7.4,0.0,0.0,0.0,0.0,0.0,0.0,0.0,0.0,1.0,0.0,0.0,0.0,9.0,4.0,0.0,0.0,0.0,0.0,0.0,0.0,0.0,0.0,5.0,12.0,1.0,12.18,5.01,2.51,1.49,0.0,0.0,0.0,0.4,0.0,0.3,1.4,0.0,-169.60000000000002,0.0,0.0,169.70000000000002,0.0,21.8,30.0,30.0,30.6,300.0,300.0,31.0,35.0,29.700000000000003,29.0,30.9,4.95,1.99,4.97,0.16,0.0,0.0,1027.0,8228.0,0.0,0.0,0.0,0.0,0.0,1.0,0.0,0.0,0.0,0.0,0.0,1.6,0.0,0.2,0.0,0.0,16.0,25903.0
2026-07-30T18:59:57.135Z,166.618,166.632,0.0,7.4,0.0,0.0,0.0,0.0,0.0,0.0,0.0,0.0,1.0,0.0,0.0,0.0,9.0,4.0,0.0,0.0,0.0,0.0,0.0,0.0,0.0,0.0,6.0,12.0,1.0,12.18,5.01,2.51,1.49,0.0,0.0,0.0,0.4,0.0,-0.2,-0.3,1.1,-169.60000000000002,0.0,0.0,169.60000000000002,0.0,21.8,30.0,30.0,30.6,300.0,300.0,31.0,35.0,29.700000000000003,29.0,30.9,4.95,1.99,4.97,0.16,0.0,0.0,1027.0,8228.0,0.0,0.0,0.0,0.0,0.0,1.0,0.0,0.0,0.0,0.0,0.0,0.5,0.0,-1.0,0.0,0.0,16.0,25903.0
2026-07-30T18:59:57.147Z,166.63,166.644,0.0,7.4,0.0,0.0,0.0,0.0,0.0,0.0,0.0,0.0,1.0,0.0,0.0,0.0,9.0,4.0,0.0,0.0,0.0,0.0,0.0,0.0,0.0,0.0,6.0,12.0,1.0,12.18,5.01,2.51,1.49,0.0,0.0,0.0,0.5,0.0,0.3,-0.2,1.8,-169.60000000000002,0.0,0.0,169.70000000000002,0.0,21.8,30.0,30.0,30.6,300.0,300.0,31.0,35.0,29.700000000000003,29.0,30.9,4.96,1.99,4.96,0.16,0.0,0.0,1027.0,8228.0,0.0,0.0,0.0,0.0,0.0,1.0,0.0,0.0,0.0,0.0,0.0,-0.2,0.0,-0.1,0.0,0.0,16.0,25903.0
2026-07-30T18:59:57.159Z,166.642,166.656,0.0,7.4,0.0,0.0,0.0,0.0,0.0,0.0,0.0,0.0,1.0,0.0,0.0,0.0,9.0,4.0,0.0,0.0,0.0,0.0,0.0,0.0,0.0,0.0,1.0,12.0,1.0,12.18,5.01,2.51,1.49,0.0,0.0,0.0,0.5,0.0,-0.8,0.2,0.0,-169.60000000000002,0.0,0.0,169.60000000000002,0.0,21.8,30.0,30.0,30.6,300.0,300.0,31.0,35.0,29.700000000000003,29.0,30.9,4.96,1.99,4.97,0.16,0.0,0.0,1027.0,8228.0,0.0,0.0,0.0,0.0,0.0,1.0,0.0,0.0,0.0,0.0,0.0,0.3,0.0,0.0,0.0,0.0001,16.0,25903.0
2026-07-30T18:59:57.171Z,166.654,166.668,0.0,7.4,0.0,0.0,0.0,0.0,0.0,0.0,0.0,0.0,1.0,0.0,0.0,0.0,9.0,4.0,0.0,0.0,0.0,0.0,0.0,0.0,0.0,0.0,2.0,12.0,1.0,12.19,5.0200000000000005,2.5,1.5,0.0,0.0,0.0,0.4,0.0,-0.2,0.2,0.5,-169.60000000000002,0.0,0.0,169.70000000000002,0.0,21.4,30.0,30.0,30.6,300.0,300.0,30.9,35.0,29.700000000000003,29.1,30.9,4.95,1.99,4.97,0.16,0.0,0.0,1027.0,8228.0,0.0,0.0,0.0,0.0,0.0,1.0,0.0,0.0,0.0,0.0,0.0,0.7000000000000001,0.0,-0.4,0.0,0.0001,16.0,25903.0
2026-07-30T18:59:57.183Z,166.666,166.68,0.0,7.4,0.0,0.0,0.0,0.0,0.0,0.0,0.0,0.0,1.0,0.0,0.0,0.0,9.0,4.0,0.0,0.0,0.0,0.0,0.0,0.0,0.0,0.0,3.0,12.0,1.0,12.19,5.0200000000000005,2.5,1.5,0.0,0.0,0.0,0.4,0.0,-0.2,-0.8,-1.7000000000000002,-169.60000000000002,0.0,0.0,169.70000000000002,0.0,21.4,30.0,30.0,30.6,300.0,300.0,30.9,35.0,29.700000000000003,29.1,30.9,4.96,1.99,4.96,0.16,0.0,0.0,1027.0,8228.0,0.0,0.0,0.0,0.0,0.0,1.0,0.0,0.0,0.0,0.0,0.0,-2.3000000000000003,0.0,1.3,0.0,0.0,16.0,25903.0
2026-07-30T18:59:57.195Z,166.678,166.692,0.0,7.4,0.0,0.0,0.0,0.0,0.0,0.0,0.0,0.0,1.0,0.0,0.0,0.0,9.0,4.0,0.0,0.0,0.0,0.0,0.0,0.0,0.0,0.0,4.0,12.0,1.0,12.19,5.0200000000000005,2.5,1.5,0.0,0.0,0.0,0.5,0.0,-0.7000000000000001,-0.8,1.1,-169.60000000000002,0.0,0.0,169.70000000000002,0.0,21.4,30.0,30.0,30.6,300.0,300.0,30.9,35.0,29.700000000000003,29.1,30.9,4.95,1.99,4.97,0.16,0.0,0.0,1027.0,8228.0,0.0,0.0,0.0,0.0,0.0,1.0,0.0,0.0,0.0,0.0,0.0,-0.1,0.0,-1.2000000000000002,0.0,0.0,16.0,25903.0
2026-07-30T18:59:57.217Z,166.7,166.704,0.0,7.4,0.0,0.0,0.0,0.0,0.0,0.0,0.0,0.0,1.0,0.0,0.0,0.0,9.0,4.0,0.0,0.0,0.0,0.0,0.0,0.0,0.0,0.0,5.0,12.0,1.0,12.19,5.0200000000000005,2.5,1.5,0.0,0.0,0.0,0.5,0.0,-0.1,0.2,0.5,-169.60000000000002,0.0,0.0,169.8,0.0,21.4,30.0,30.0,30.6,300.0,300.0,30.9,35.0,29.700000000000003,29.1,30.9,4.95,1.99,4.97,0.16,0.0,0.0,1027.0,8228.0,0.0,0.0,0.0,0.0,0.0,1.0,0.0,0.0,0.0,0.0,0.0,0.6000000000000001,0.0,-0.4,0.0,0.0001,16.0,25903.0
2026-07-30T18:59:57.219Z,166.702,166.716,0.0,7.4,0.0,0.0,0.0,0.0,0.0,0.0,0.0,0.0,1.0,0.0,0.0,0.0,9.0,4.0,0.0,0.0,0.0,0.0,0.0,0.0,0.0,0.0,2.0,12.0,1.0,12.19,5.0200000000000005,2.5,1.5,0.0,0.1,0.0,0.4,0.0,0.3,1.4,1.1,-169.60000000000002,0.0,0.0,169.8,0.0,21.4,30.0,30.0,30.6,300.0,300.0,30.9,35.0,29.700000000000003,29.1,30.9,4.96,1.99,4.97,0.16,0.0,0.0,1027.0,8228.0,0.0,0.0,0.0,0.0,0.0,1.0,0.0,0.0,0.0,0.0,0.0,2.4000000000000004,0.0,-0.7000000000000001,0.0,0.0001,16.0,25903.0
2026-07-30T18:59:57.231Z,166.714,166.728,0.0,7.4,0.0,0.0,0.0,0.0,0.0,0.0,0.0,0.0,1.0,0.0,0.0,0.0,9.0,4.0,0.0,0.0,0.0,0.0,0.0,0.0,0.0,0.0,3.0,12.0,1.0,12.19,5.0200000000000005,2.5,1.5,0.0,0.0,0.0,0.4,0.0,-0.1,-0.3,-0.6000000000000001,-169.60000000000002,0.0,0.0,169.70000000000002,0.0,21.4,30.0,30.0,30.6,300.0,300.0,30.9,35.0,29.700000000000003,29.1,30.9,4.96,1.99,4.96,0.16,0.0,0.0,1027.0,8228.0,0.0,0.0,0.0,0.0,0.0,1.0,0.0,0.0,0.0,0.0,0.0,-0.9,0.0,0.4,0.0,0.0001,16.0,25903.0
2026-07-30T18:59:57.243Z,166.726,166.74,0.0,7.4,0.0,0.0,0.0,0.0,0.0,0.0,0.0,0.0,1.0,0.0,0.0,0.0,9.0,4.0,0.0,0.0,0.0,0.0,0.0,0.0,0.0,0.0,4.0,12.0,1.0,12.19,5.0200000000000005,2.5,1.5,0.0,0.0,0.0,0.5,0.0,-0.2,-1.0,0.5,-169.60000000000002,0.0,0.0,169.70000000000002,0.0,21.4,30.0,30.0,30.6,300.0,300.0,30.9,35.0,29.700000000000003,29.1,30.9,4.95,1.99,4.97,0.16,0.0,0.0,1027.0,8228.0,0.0,0.0,0.0,0.0,0.0,1.0,0.0,0.0,0.0,0.0,0.0,-0.7000000000000001,0.0,-0.6000000000000001,0.0,0.0,16.0,25903.0
2026-07-30T18:59:57.255Z,166.738,166.752,0.0,7.4,0.0,0.0,0.0,0.0,0.0,0.0,0.0,0.0,1.0,0.0,0.0,0.0,9.0,4.0,0.0,0.0,0.0,0.0,0.0,0.0,0.0,0.0,6.0,12.0,1.0,12.19,5.0200000000000005,2.5,1.5,0.0,0.0,0.0,0.4,0.0,-0.2,1.2000000000000002,2.2,-169.60000000000002,0.0,0.0,169.70000000000002,0.0,21.4,30.0,30.0,30.6,300.0,300.0,30.9,35.0,29.700000000000003,29.1,30.9,4.95,2.0,4.96,0.16,0.0,0.0,1027.0,8228.0,0.0,0.0,0.0,0.0,0.0,1.0,0.0,0.0,0.0,0.0,0.0,3.1,0.0,-1.6,0.0,0.0001,16.0,25903.0
2026-07-30T18:59:57.267Z,166.75,166.764,0.0,7.4,0.0,0.0,0.0,0.0,0.0,0.0,0.0,0.0,1.0,0.0,0.0,0.0,9.0,4.0,0.0,0.0,0.0,0.0,0.0,0.0,0.0,0.0,1.0,12.0,1.0,12.19,5.0200000000000005,2.5,1.5,0.0,0.0,0.0,0.4,0.0,0.3,0.7000000000000001,1.0,-169.70000000000002,0.0,0.0,169.70000000000002,0.0,21.4,30.0,30.0,30.6,300.0,300.0,30.9,35.0,29.700000000000003,29.1,30.9,4.96,1.99,4.96,0.16,0.0,0.0,1027.0,8228.0,0.0,0.0,0.0,0.0,0.0,1.0,0.0,0.0,0.0,0.0,0.0,1.5,0.0,-0.7000000000000001,0.0,0.0001,16.0,25903.0
2026-07-30T18:59:57.279Z,166.762,166.776,0.0,7.4,0.0,0.0,0.0,0.0,0.0,0.0,0.0,0.0,1.0,0.0,0.0,0.0,9.0,4.0,0.0,0.0,0.0,0.0,0.0,0.0,0.0,0.0,2.0,12.0,1.0,12.15,5.01,2.51,1.5,0.0,0.0,0.0,0.4,0.0,0.3,0.1,1.5,-169.70000000000002,0.0,0.0,169.8,0.0,21.700000000000003,30.0,30.0,30.6,300.0,300.0,31.1,35.1,29.700000000000003,29.0,30.9,4.95,1.99,4.96,0.16,0.0,0.0,1027.0,8228.0,0.0,0.0,0.0,0.0,0.0,1.0,0.0,0.0,0.0,0.0,0.0,1.3,0.0,-1.3,0.0,0.0001,16.0,25903.0
2026-07-30T18:59:57.291Z,166.774,166.788,0.0,7.4,0.0,0.0,0.0,0.0,0.0,0.0,0.0,0.0,1.0,0.0,0.0,0.0,9.0,4.0,0.0,0.0,0.0,0.0,0.0,0.0,0.0,0.0,3.0,12.0,1.0,12.15,5.01,2.51,1.5,0.0,0.0,0.0,0.4,0.0,0.3,-0.4,0.4,-169.70000000000002,0.0,0.0,169.8,0.0,21.700000000000003,30.0,30.0,30.6,300.0,300.0,31.1,35.1,29.700000000000003,29.0,30.9,4.95,1.99,4.97,0.16,0.0,0.0,1027.0,8228.0,0.0,0.0,0.0,0.0,0.0,1.0,0.0,0.0,0.0,0.0,0.0,-0.2,0.0,-0.4,0.0,0.0001,16.0,25903.0
2026-07-30T18:59:57.303Z,166.786,166.8,0.0,7.4,0.0,0.0,0.0,0.0,0.0,0.0,0.0,0.0,1.0,0.0,0.0,0.0,9.0,4.0,0.0,0.0,0.0,0.0,0.0,0.0,0.0,0.0,4.0,12.0,1.0,12.15,5.01,2.51,1.5,0.0,0.0,0.0,0.4,0.0,1.4,-0.4,-0.1,-169.70000000000002,0.0,0.0,169.8,0.0,21.700000000000003,30.0,30.0,30.6,300.0,300.0,31.1,35.1,29.700000000000003,29.0,30.9,4.95,1.99,4.96,0.16,0.0,0.0,1027.0,8228.0,0.0,0.0,0.0,0.0,0.0,1.0,0.0,0.0,0.0,0.0,0.0,-0.6000000000000001,0.0,0.0,0.0,0.0001,16.0,25903.0
2026-07-30T18:59:57.315Z,166.798,166.812,0.0,7.4,0.0,0.0,0.0,0.0,0.0,0.0,0.0,0.0,1.0,0.0,0.0,0.0,9.0,4.0,0.0,0.0,0.0,0.0,0.0,0.0,0.0,0.0,6.0,12.0,1.0,12.15,5.01,2.51,1.5,0.0,0.0,0.0,0.4,0.0,0.2,1.3,0.4,-169.70000000000002,0.0,0.0,169.8,0.0,21.700000000000003,30.0,30.0,30.6,300.0,300.0,31.1,35.1,29.700000000000003,29.0,30.9,4.96,1.99,4.96,0.16,0.0,0.0,1027.0,8228.0,0.0,0.0,0.0,0.0,0.0,1.0,0.0,0.0,0.0,0.0,0.0,1.8,0.0,-0.1,0.0,0.0001,16.0,25903.0
2026-07-30T18:59:57.327Z,166.81,166.824,0.0,7.4,0.0,0.0,0.0,0.0,0.0,0.0,0.0,0.0,1.0,0.0,0.0,0.0,9.0,4.0,0.0,0.0,0.0,0.0,0.0,0.0,0.0,0.0,1.0,12.0,1.0,12.15,5.01,2.51,1.5,0.0,0.0,0.0,0.4,0.0,-0.2,0.2,0.4,-169.70000000000002,0.0,0.0,169.8,0.0,21.700000000000003,30.0,30.0,30.6,300.0,300.0,31.1,35.1,29.700000000000003,29.0,30.9,4.95,1.99,4.97,0.16,0.0,0.0,1027.0,8228.0,0.0,0.0,0.0,0.0,0.0,1.0,0.0,0.0,0.0,0.0,0.0,0.5,0.0,-0.3,0.0,0.0001,16.0,25903.0
2026-07-30T18:59:57.339Z,166.822,166.836,0.0,7.4,0.0,0.0,0.0,0.0,0.0,0.0,0.0,0.0,1.0,0.0,0.0,0.0,9.0,4.0,0.0,0.0,0.0,0.0,0.0,0.0,0.0,0.0,2.0,12.0,1.0,12.15,5.01,2.51,1.5,0.0,0.0,0.0,0.4,0.0,-0.2,0.7000000000000001,0.4,-169.70000000000002,0.0,0.0,169.8,0.0,21.700000000000003,30.0,30.0,30.6,300.0,300.0,31.1,35.1,29.700000000000003,29.0,30.9,4.96,1.99,4.96,0.16,0.0,0.0,1027.0,8228.0,0.0,0.0,0.0,0.0,0.0,1.0,0.0,0.0,0.0,0.0,0.0,1.2000000000000002,0.0,-0.2,0.0,0.0001,16.0,25903.0
2026-07-30T18:59:57.351Z,166.834,166.848,0.0,7.4,0.0,0.0,0.0,0.0,0.0,0.0,0.0,0.0,1.0,0.0,0.0,0.0,9.0,4.0,0.0,0.0,0.0,0.0,0.0,0.0,0.0,0.0,3.0,12.0,1.0,12.15,5.01,2.51,1.5,0.0,0.1,0.0,0.4,0.0,0.3,0.7000000000000001,1.0,-169.70000000000002,0.0,0.0,169.70000000000002,0.0,21.700000000000003,30.0,30.0,30.6,300.0,300.0,31.1,35.1,29.700000000000003,29.0,30.9,4.96,2.0,4.97,0.16,0.0,0.0,1027.0,8228.0,0.0,0.0,0.0,0.0,0.0,1.0,0.0,0.0,0.0,0.0,0.0,1.6,0.0,-0.7000000000000001,0.0,0.0,16.0,25903.0
2026-07-30T18:59:57.363Z,166.846,166.86,0.0,7.4,0.0,0.0,0.0,0.0,0.0,0.0,0.0,0.0,1.0,0.0,0.0,0.0,9.0,4.0,0.0,0.0,0.0,0.0,0.0,0.0,0.0,0.0,3.0,12.0,1.0,12.15,5.01,2.51,1.5,0.0,0.0,0.0,0.4,0.0,0.8,0.7000000000000001,1.0,-169.70000000000002,0.0,0.0,169.8,0.0,21.700000000000003,30.0,30.0,30.6,300.0,300.0,31.1,35.1,29.700000000000003,29.0,30.9,4.96,1.99,4.97,0.16,0.0,0.0,1027.0,8228.0,0.0,0.0,0.0,0.0,0.0,1.0,0.0,0.0,0.0,0.0,0.0,1.6,0.0,-0.7000000000000001,0.0,0.0,16.0,25903.0
2026-07-30T18:59:57.375Z,166.858,166.872,0.0,7.4,0.0,0.0,0.0,0.0,0.0,0.0,0.0,0.0,1.0,0.0,0.0,0.0,9.0,4.0,0.0,0.0,0.0,0.0,0.0,0.0,0.0,0.0,4.0,12.0,1.0,12.17,5.0200000000000005,2.51,1.49,0.0,0.0,0.0,0.5,0.0,-0.2,0.7000000000000001,1.0,-169.70000000000002,0.0,0.0,169.8,0.0,21.700000000000003,30.0,30.0,30.6,300.0,300.0,31.0,35.0,29.700000000000003,29.1,30.9,4.95,1.99,4.97,0.16,0.0,0.0,1027.0,8228.0,0.0,0.0,0.0,0.0,0.0,1.0,0.0,0.0,0.0,0.0,0.0,1.6,0.0,-0.7000000000000001,0.0,0.0,16.0,25903.0
2026-07-30T18:59:57.387Z,166.87,166.884,0.0,7.4,0.0,0.0,0.0,0.0,0.0,0.0,0.0,0.0,1.0,0.0,0.0,0.0,9.0,4.0,0.0,0.0,0.0,0.0,0.0,0.0,0.0,0.0,5.0,12.0,1.0,12.17,5.0200000000000005,2.51,1.49,0.0,0.0,0.0,0.4,0.0,0.3,-0.4,-0.7000000000000001,-169.70000000000002,0.0,0.0,169.70000000000002,0.0,21.700000000000003,30.0,30.0,30.6,300.0,300.0,31.0,35.0,29.700000000000003,29.1,30.9,4.96,1.99,4.96,0.16,0.0,0.0,1027.0,8228.0,0.0,0.0,0.0,0.0,0.0,1.0,0.0,0.0,0.0,0.0,0.0,-1.0,0.0,0.5,0.0,0.0,16.0,25903.0
2026-07-30T18:59:57.399Z,166.882,166.89600000000002,0.0,7.4,0.0,0.0,0.0,0.0,0.0,0.0,0.0,0.0,1.0,0.0,0.0,0.0,9.0,4.0,0.0,0.0,0.0,0.0,0.0,0.0,0.0,0.0,6.0,12.0,1.0,12.17,5.0200000000000005,2.51,1.49,0.0,0.1,0.0,0.5,0.0,-0.2,0.7000000000000001,1.5,-169.70000000000002,0.0,0.0,169.70000000000002,0.0,21.700000000000003,30.0,30.0,30.6,300.0,300.0,31.0,35.0,29.700000000000003,29.1,30.9,4.96,1.99,4.97,0.16,0.0,0.0,1027.0,8228.0,0.0,0.0,0.0,0.0,0.0,1.0,0.0,0.0,0.0,0.0,0.0,2.0,0.0,-1.2000000000000002,0.0,0.0001,16.0,25903.0
2026-07-30T18:59:57.411Z,166.894,166.90800000000002,0.0,7.4,0.0,0.0,0.0,0.0,0.0,0.0,0.0,0.0,1.0,0.0,0.0,0.0,9.0,4.0,0.0,0.0,0.0,0.0,0.0,0.0,0.0,0.0,2.0,12.0,1.0,12.17,5.0200000000000005,2.51,1.49,0.0,0.0,0.0,0.5,0.0,-0.2,1.3,-1.9,-169.70000000000002,0.0,0.0,169.70000000000002,0.0,21.700000000000003,30.0,30.0,30.6,300.0,300.0,31.0,35.0,29.700000000000003,29.1,30.9,4.95,1.99,4.97,0.16,0.0,0.0,1027.0,8228.0,0.0,0.0,0.0,0.0,0.0,1.0,0.0,0.0,0.0,0.0,0.0,0.0,0.0,1.9,0.0,0.0001,16.0,25903.0
2026-07-30T18:59:57.423Z,166.906,166.92000000000002,0.0,7.4,0.0,0.0,0.0,0.0,0.0,0.0,0.0,0.0,1.0,0.0,0.0,0.0,9.0,4.0,0.0,0.0,0.0,0.0,0.0,0.0,0.0,0.0,3.0,12.0,1.0,12.17,5.0200000000000005,2.51,1.49,0.0,0.0,0.0,0.4,0.0,0.2,-0.4,1.0,-169.70000000000002,0.0,0.0,169.8,0.0,21.700000000000003,30.0,30.0,30.6,300.0,300.0,31.0,35.0,29.700000000000003,29.1,30.9,4.96,1.99,4.97,0.16,0.0,0.0,1027.0,8228.0,0.0,0.0,0.0,0.0,0.0,1.0,0.0,0.0,0.0,0.0,0.0,0.2,0.0,-0.9,0.0,0.0,16.0,25903.0
2026-07-30T18:59:57.435Z,166.918,166.93200000000002,0.0,7.4,0.0,0.0,0.0,0.0,0.0,0.0,0.0,0.0,1.0,0.0,0.0,0.0,9.0,4.0,0.0,0.0,0.0,0.0,0.0,0.0,0.0,0.0,4.0,12.0,1.0,12.17,5.0200000000000005,2.51,1.49,0.0,0.0,0.0,0.4,0.0,0.2,-0.4,-0.1,-169.70000000000002,0.0,0.0,169.8,0.0,21.700000000000003,30.0,30.0,30.6,300.0,300.0,31.0,35.0,29.700000000000003,29.1,30.9,4.95,2.0,4.96,0.16,0.0,0.0,1027.0,8228.0,0.0,0.0,0.0,0.0,0.0,1.0,0.0,0.0,0.0,0.0,0.0,-0.6000000000000001,0.0,0.0,0.0,0.0001,16.0,25903.0
2026-07-30T18:59:57.447Z,166.93,166.94400000000002,0.0,7.4,0.0,0.0,0.0,0.0,0.0,0.0,0.0,0.0,1.0,0.0,0.0,0.0,9.0,4.0,0.0,0.0,0.0,0.0,0.0,0.0,0.0,0.0,5.0,12.0,1.0,12.17,5.0200000000000005,2.51,1.49,0.0,0.0,0.0,0.4,0.0,-0.9,0.0,-0.7000000000000001,-169.70000000000002,0.0,0.0,169.8,0.0,21.700000000000003,30.0,30.0,30.6,300.0,300.0,31.0,35.0,29.700000000000003,29.1,30.9,4.95,1.99,4.97,0.16,0.0,0.0,1027.0,8228.0,0.0,0.0,0.0,0.0,0.0,1.0,0.0,0.0,0.0,0.0,0.0,1.0,0.0,-0.2,0.0,0.0001,16.0,25903.0
2026-07-30T18:59:57.459Z,166.942,166.95600000000002,0.0,7.4,0.0,0.0,0.0,0.0,0.0,0.0,0.0,0.0,1.0,0.0,0.0,0.0,9.0,4.0,0.0,0.0,0.0,0.0,0.0,0.0,0.0,0.0,6.0,12.0,1.0,12.17,5.0200000000000005,2.51,1.49,0.0,0.0,0.0,0.5,0.0,0.2,0.6000000000000001,0.9,-169.70000000000002,0.0,0.0,169.8,0.0,21.700000000000003,30.0,30.0,30.6,300.0,300.0,31.0,35.0,29.700000000000003,29.1,30.9,4.95,1.99,4.97,0.16,0.0,0.0,1027.0,8228.0,0.0,0.0,0.0,0.0,0.0,1.0,0.0,0.0,0.0,0.0,0.0,-0.9,0.0,1.2000000000000002,0.0,0.0,16.0,25903.0
2026-07-30T18:59:57.471Z,166.954,166.968,0.0,7.4,0.0,0.0,0.0,0.0,0.0,0.0,0.0,0.0,1.0,0.0,0.0,0.0,9.0,4.0,0.0,0.0,0.0,0.0,0.0,0.0,0.0,0.0,1.0,12.0,1.0,12.17,5.0200000000000005,2.51,1.49,0.0,0.0,0.0,0.4,0.0,0.2,-0.5,-0.8,-169.70000000000002,0.0,0.0,169.70000000000002,0.0,21.700000000000003,30.0,30.0,30.6,300.0,300.0,31.0,35.0,29.700000000000003,29.1,30.9,4.96,1.99,4.96,0.16,0.0,0.0,1027.0,8228.0,0.0,0.0,0.0,0.0,0.0,1.0,0.0,0.0,0.0,0.0,0.0,1.4,0.0,-0.6000000000000001,0.0,0.0001,16.0,25903.0
2026-07-30T18:59:57.483Z,166.966,166.98,0.0,7.4,0.0,0.0,0.0,0.0,0.0,0.0,0.0,0.0,1.0,0.0,0.0,0.0,9.0,4.0,0.0,0.0,0.0,0.0,0.0,0.0,0.0,0.0,3.0,12.0,1.0,12.14,5.01,2.5,1.49,0.0,0.0,0.0,0.4,0.0,-0.3,-1.1,-1.9,-169.70000000000002,0.0,0.0,169.70000000000002,0.0,21.4,30.0,30.0,30.6,300.0,300.0,31.0,35.0,29.700000000000003,29.0,30.8,4.95,1.99,4.97,0.16,0.0,0.0,1027.0,8228.0,0.0,0.0,0.0,0.0,0.0,1.0,0.0,0.0,0.0,0.0,0.0,-2.7,0.0,1.5,0.0,0.0002,16.0,25903.0
2026-07-30T18:59:57.495Z,166.978,166.992,0.0,7.4,0.0,0.0,0.0,0.0,0.0,0.0,0.0,0.0,1.0,0.0,0.0,0.0,9.0,4.0,0.0,0.0,0.0,0.0,0.0,0.0,0.0,0.0,4.0,12.0,1.0,12.14,5.01,2.5,1.49,0.0,0.0,0.0,0.4,0.0,0.1,0.6000000000000001,0.9,-169.70000000000002,0.0,0.0,169.70000000000002,0.0,21.4,30.0,30.0,30.6,300.0,300.0,31.0,35.0,29.700000000000003,29.0,30.8,4.95,1.99,4.97,0.16,0.0,0.0,1027.0,8228.0,0.0,0.0,0.0,0.0,0.0,1.0,0.0,0.0,0.0,0.0,0.0,1.4,0.0,-0.6000000000000001,0.0,0.0001,16.0,25903.0
2026-07-30T18:59:57.507Z,166.99,167.004,0.0,7.4,0.0,0.0,0.0,0.0,0.0,0.0,0.0,0.0,1.0,0.0,0.0,0.0,9.0,4.0,0.0,0.0,0.0,0.0,0.0,0.0,0.0,0.0,6.0,12.0,1.0,12.14,5.01,2.5,1.49,0.0,0.0,0.0,0.4,0.0,-0.3,0.1,0.3,-169.70000000000002,0.0,0.0,169.60000000000002,0.0,21.4,30.0,30.0,30.6,300.0,300.0,31.0,35.0,29.700000000000003,29.0,30.8,4.96,2.0,4.97,0.16,0.0,0.0,1027.0,8228.0,0.0,0.0,0.0,0.0,0.0,1.0,0.0,0.0,0.0,0.0,0.0,0.3,0.0,-0.2,0.0,0.0,16.0,25903.0
2026-07-30T18:59:57.519Z,167.002,167.016,0.0,7.4,0.0,0.0,0.0,0.0,0.0,0.0,0.0,0.0,1.0,0.0,0.0,0.0,9.0,4.0,0.0,0.0,0.0,0.0,0.0,0.0,0.0,0.0,6.0,12.0,1.0,12.14,5.01,2.5,1.49,0.0,0.0,0.0,0.5,0.0,-0.3,0.1,0.3,-169.70000000000002,0.0,0.0,169.70000000000002,0.0,21.4,30.0,30.0,30.6,300.0,300.0,31.0,35.0,29.700000000000003,29.0,30.8,4.95,2.0,4.97,0.16,0.0,0.0,1027.0,8228.0,0.0,0.0,0.0,0.0,0.0,1.0,0.0,0.0,0.0,0.0,0.0,0.4,0.0,-0.2,0.0,0.0,16.0,25903.0
2026-07-30T18:59:57.533Z,167.016,167.028,0.0,7.4,0.0,0.0,0.0,0.0,0.0,0.0,0.0,0.0,1.0,0.0,0.0,0.0,9.0,4.0,0.0,0.0,0.0,0.0,0.0,0.0,0.0,0.0,1.0,12.0,1.0,12.14,5.01,2.5,1.49,0.0,0.1,0.0,0.4,0.0,-0.3,0.1,2.1,-169.70000000000002,0.0,0.0,169.70000000000002,0.0,21.4,30.0,30.0,30.6,300.0,300.0,31.0,35.0,29.700000000000003,29.0,30.8,4.95,1.99,4.97,0.16,0.0,0.0,1027.0,8228.0,0.0,0.0,0.0,0.0,0.0,1.0,0.0,0.0,0.0,0.0,0.0,1.7000000000000002,0.0,-1.8,0.0,0.0001,16.0,25903.0
2026-07-30T18:59:57.543Z,167.026,167.04,0.0,7.4,0.0,0.0,0.0,0.0,0.0,0.0,0.0,0.0,1.0,0.0,0.0,0.0,9.0,4.0,0.0,0.0,0.0,0.0,0.0,0.0,0.0,0.0,4.0,12.0,1.0,12.14,5.01,2.5,1.49,0.0,0.0,0.0,0.4,0.0,0.2,1.2000000000000002,2.1,-169.70000000000002,0.0,0.0,169.70000000000002,0.0,21.4,30.0,30.0,30.6,300.0,300.0,31.0,35.0,29.700000000000003,29.0,30.8,4.95,1.99,4.96,0.16,0.0,0.0,1027.0,8228.0,0.0,0.0,0.0,0.0,0.0,1.0,0.0,0.0,0.0,0.0,0.0,3.0,0.0,-1.6,0.0,0.0,16.0,25903.0
2026-07-30T18:59:57.555Z,167.038,167.052,0.0,7.4,0.0,0.0,0.0,0.0,0.0,0.0,0.0,0.0,1.0,0.0,0.0,0.0,9.0,4.0,0.0,0.0,0.0,0.0,0.0,0.0,0.0,0.0,5.0,12.0,1.0,12.14,5.01,2.5,1.49,0.0,0.0,0.0,0.4,0.0,0.2,0.1,-0.6000000000000001,-169.70000000000002,0.0,0.0,169.8,0.0,21.4,30.0,30.0,30.6,300.0,300.0,31.0,35.0,29.700000000000003,29.0,30.8,4.96,1.99,4.96,0.16,0.0,0.0,1027.0,8228.0,0.0,0.0,0.0,0.0,0.0,1.0,0.0,0.0,0.0,0.0,0.0,-0.3,0.0,0.6000000000000001,0.0,0.0,16.0,25903.0
2026-07-30T18:59:57.567Z,167.05,167.064,0.0,7.4,0.0,0.0,0.0,0.0,0.0,0.0,0.0,0.0,1.0,0.0,0.0,0.0,9.0,4.0,0.0,0.0,0.0,0.0,0.0,0.0,0.0,0.0,6.0,12.0,1.0,12.14,5.01,2.5,1.49,0.0,0.0,0.0,0.4,0.0,0.2,0.7000000000000001,0.0,-169.70000000000002,0.0,0.0,169.70000000000002,0.0,21.4,30.0,30.0,30.6,300.0,300.0,31.0,35.0,29.700000000000003,29.0,30.8,4.95,1.99,4.97,0.16,0.0,0.0,1027.0,8228.0,0.0,0.0,0.0,0.0,0.0,1.0,0.0,0.0,0.0,0.0,0.0,0.8,0.0,0.2,0.0,0.0001,16.0,25903.0
2026-07-30T18:59:57.579Z,167.062,167.076,0.0,7.4,0.0,0.0,0.0,0.0,0.0,0.0,0.0,0.0,1.0,0.0,0.0,0.0,9.0,4.0,0.0,0.0,0.0,0.0,0.0,0.0,0.0,0.0,1.0,12.0,1.0,12.17,5.01,2.5,1.49,0.0,0.0,0.0,0.5,0.0,-0.3,0.1,1.1,-169.70000000000002,0.0,0.0,169.60000000000002,0.0,20.9,30.0,30.0,30.6,300.0,300.0,31.0,35.0,29.700000000000003,29.0,30.9,4.96,1.99,4.96,0.16,0.0,0.0,1027.0,8228.0,0.0,0.0,0.0,0.0,0.0,1.0,0.0,0.0,0.0,0.0,0.0,-1.1,0.0,-0.1,0.0,0.0001,16.0,25903.0
2026-07-30T18:59:57.591Z,167.074,167.088,0.0,7.4,0.0,0.0,0.0,0.0,0.0,0.0,0.0,0.0,1.0,0.0,0.0,0.0,9.0,4.0,0.0,0.0,0.0,0.0,0.0,0.0,0.0,0.0,1.0,12.0,1.0,12.17,5.01,2.5,1.49,0.0,0.0,0.0,0.5,0.0,-0.2,0.1,0.0,-169.70000000000002,0.0,0.0,169.8,0.0,20.9,30.0,30.0,30.6,300.0,300.0,31.0,35.0,29.700000000000003,29.0,30.9,4.96,1.99,4.96,0.16,0.0,0.0,1027.0,8228.0,0.0,0.0,0.0,0.0,0.0,1.0,0.0,0.0,0.0,0.0,0.0,0.1,0.0,0.0,0.0,0.0002,16.0,25903.0
2026-07-30T18:59:57.603Z,167.086,167.1,0.0,7.4,0.0,0.0,0.0,0.0,0.0,0.0,0.0,0.0,1.0,0.0,0.0,0.0,9.0,4.0,0.0,0.0,0.0,0.0,0.0,0.0,0.0,0.0,2.0,12.0,1.0,12.17,5.01,2.5,1.49,0.0,0.0,0.0,0.4,0.0,0.2,0.8,0.0,-169.70000000000002,0.0,0.0,169.70000000000002,0.0,20.9,30.0,30.0,30.6,300.0,300.0,31.0,35.0,29.700000000000003,29.0,30.9,4.95,1.99,4.96,0.16,0.0,0.0,1027.0,8228.0,0.0,0.0,0.0,0.0,0.0,1.0,0.0,0.0,0.0,0.0,0.0,0.8,0.0,0.1,0.0,0.0002,16.0,25903.0
2026-07-30T18:59:57.615Z,167.098,167.112,0.0,7.4,0.0,0.0,0.0,0.0,0.0,0.0,0.0,0.0,1.0,0.0,0.0,0.0,9.0,4.0,0.0,0.0,0.0,0.0,0.0,0.0,0.0,0.0,3.0,12.0,1.0,12.17,5.01,2.5,1.49,0.0,0.0,0.0,0.4,0.0,0.2,0.8,1.1,-169.70000000000002,0.0,0.0,169.70000000000002,0.0,20.9,30.0,30.0,30.6,300.0,300.0,31.0,35.0,29.700000000000003,29.0,30.9,4.95,1.99,4.97,0.16,0.0,0.0,1027.0,8228.0,0.0,0.0,0.0,0.0,0.0,1.0,0.0,0.0,0.0,0.0,0.0,1.7000000000000002,0.0,-0.8,0.0,0.0002,16.0,25903.0
2026-07-30T18:59:57.627Z,167.11,167.124,0.0,7.4,0.0,0.0,0.0,0.0,0.0,0.0,0.0,0.0,1.0,0.0,0.0,0.0,9.0,4.0,0.0,0.0,0.0,0.0,0.0,0.0,0.0,0.0,4.0,12.0,1.0,12.17,5.01,2.5,1.49,0.0,0.0,0.0,0.4,0.0,-0.2,0.8,0.5,-169.70000000000002,0.0,0.0,169.8,0.0,20.9,30.0,30.0,30.6,300.0,300.0,31.0,35.0,29.700000000000003,29.0,30.9,4.96,2.0,4.96,0.16,0.0,0.0,1027.0,8228.0,0.0,0.0,0.0,0.0,0.0,1.0,0.0,0.0,0.0,0.0,0.0,1.4,0.0,-0.3,0.0,0.0,16.0,25903.0
2026-07-30T18:59:57.639Z,167.122,167.136,0.0,7.4,0.0,0.0,0.0,0.0,0.0,0.0,0.0,0.0,1.0,0.0,0.0,0.0,9.0,4.0,0.0,0.0,0.0,0.0,0.0,0.0,0.0,0.0,5.0,12.0,1.0,12.17,5.01,2.5,1.49,0.0,0.0,0.0,0.4,0.0,0.3,0.8,-0.5,-169.70000000000002,0.0,0.0,169.8,0.0,20.9,30.0,30.0,30.6,300.0,300.0,31.0,35.0,29.700000000000003,29.0,30.9,4.96,1.99,4.97,0.16,0.0,0.0,1027.0,8228.0,0.0,0.0,0.0,0.0,0.0,1.0,0.0,0.0,0.0,0.0,0.0,0.5,0.0,0.6000000000000001,0.0,0.0001,16.0,25903.0
2026-07-30T18:59:57.651Z,167.134,167.148,0.0,7.4,0.0,0.0,0.0,0.0,0.0,0.0,0.0,0.0,1.0,0.0,0.0,0.0,9.0,4.0,0.0,0.0,0.0,0.0,0.0,0.0,0.0,0.0,6.0,12.0,1.0,12.17,5.01,2.5,1.49,0.0,0.1,0.0,0.4,0.0,-0.2,0.3,-0.5,-169.70000000000002,0.0,0.0,169.70000000000002,0.0,20.9,30.0,30.0,30.6,300.0,300.0,31.0,35.0,29.700000000000003,29.0,30.9,4.95,1.99,4.97,0.16,0.0,0.0,1027.0,8228.0,0.0,0.0,0.0,0.0,0.0,1.0,0.0,0.0,0.0,0.0,0.0,0.0,0.0,0.5,0.0,0.0,16.0,25903.0
2026-07-30T18:59:57.663Z,167.146,167.16,0.0,7.4,0.0,0.0,0.0,0.0,0.0,0.0,0.0,0.0,1.0,0.0,0.0,0.0,9.0,4.0,0.0,0.0,0.0,0.0,0.0,0.0,0.0,0.0,1.0,12.0,1.0,12.17,5.01,2.5,1.49,0.0,0.1,0.0,0.4,0.0,0.3,0.9,0.0,-169.70000000000002,0.0,0.0,169.8,0.0,20.9,30.0,30.0,30.6,300.0,300.0,31.0,35.0,29.700000000000003,29.0,30.9,4.96,1.99,4.96,0.16,0.0,0.0,1027.0,8228.0,0.0,0.0,0.0,0.0,0.0,1.0,0.0,0.0,0.0,0.0,0.0,1.0,0.0,0.1,0.0,0.0002,16.0,25903.0
2026-07-30T18:59:57.675Z,167.158,167.172,0.0,7.4,0.0,0.0,0.0,0.0,0.0,0.0,0.0,0.0,1.0,0.0,0.0,0.0,9.0,4.0,0.0,0.0,0.0,0.0,0.0,0.0,0.0,0.0,2.0,12.0,1.0,12.17,5.01,2.5,1.49,0.0,0.0,0.0,0.4,0.0,-0.2,-0.8,0.0,-169.70000000000002,0.0,0.0,169.70000000000002,0.0,20.9,30.0,30.0,30.6,300.0,300.0,31.0,35.0,29.700000000000003,29.0,30.9,4.95,2.0,4.96,0.16,0.0,0.0,1027.0,8228.0,0.0,0.0,0.0,0.0,0.0,1.0,0.0,0.0,0.0,0.0,0.0,-0.9,0.0,-0.1,0.0,0.0001,16.0,25903.0
2026-07-30T18:59:57.687Z,167.17,167.184,0.0,7.4,0.0,0.0,0.0,0.0,0.0,0.0,0.0,0.0,1.0,0.0,0.0,0.0,9.0,4.0,0.0,0.0,0.0,0.0,0.0,0.0,0.0,0.0,3.0,12.0,1.0,12.17,5.01,2.51,1.49,0.0,0.0,0.0,0.4,0.0,0.9,0.8,0.0,-169.70000000000002,0.0,0.0,169.8,0.0,21.8,30.0,30.0,30.6,300.0,300.0,31.1,35.1,29.700000000000003,29.0,30.8,4.95,1.99,4.97,0.16,0.0,0.0,1027.0,8228.0,0.0,0.0,0.0,0.0,0.0,1.0,0.0,0.0,0.0,0.0,0.0,0.9,0.0,0.1,0.0,0.0,16.0,25903.0
2026-07-30T18:59:57.699Z,167.182,167.196,0.0,7.4,0.0,0.0,0.0,0.0,0.0,0.0,0.0,0.0,1.0,0.0,0.0,0.0,9.0,4.0,0.0,0.0,0.0,0.0,0.0,0.0,0.0,0.0,4.0,12.0,1.0,12.17,5.01,2.51,1.49,0.0,0.0,0.0,0.5,0.0,0.2,0.2,0.5,-169.70000000000002,0.0,0.0,169.8,0.0,21.8,30.0,30.0,30.6,300.0,300.0,31.1,35.1,29.700000000000003,29.0,30.8,4.95,1.99,4.97,0.16,0.0,0.0,1027.0,8228.0,0.0,0.0,0.0,0.0,0.0,1.0,0.0,0.0,0.0,0.0,0.0,0.6000000000000001,0.0,-0.4,0.0,0.0,16.0,25903.0
2026-07-30T18:59:57.711Z,167.194,167.208,0.0,7.4,0.0,0.0,0.0,0.0,0.0,0.0,0.0,0.0,1.0,0.0,0.0,0.0,9.0,4.0,0.0,0.0,0.0,0.0,0.0,0.0,0.0,0.0,5.0,12.0,1.0,12.17,5.01,2.51,1.49,0.0,0.0,0.0,0.4,0.0,-0.3,-0.9,-0.6000000000000001,-169.70000000000002,0.0,0.0,169.8,0.0,21.8,30.0,30.0,30.6,300.0,300.0,31.1,35.1,29.700000000000003,29.0,30.8,4.96,1.99,4.96,0.16,0.0,0.0,1027.0,8228.0,0.0,0.0,0.0,0.0,0.0,1.0,0.0,0.0,0.0,0.0,0.0,-1.5,0.0,0.4,0.0,0.0001,16.0,25903.0
2026-07-30T18:59:57.723Z,167.206,167.22,0.0,7.4,0.0,0.0,0.0,0.0,0.0,0.0,0.0,0.0,1.0,0.0,0.0,0.0,9.0,4.0,0.0,0.0,0.0,0.0,0.0,0.0,0.0,0.0,6.0,12.0,1.0,12.17,5.01,2.51,1.49,0.0,0.0,0.0,0.4,0.0,0.8,-0.3,-0.7000000000000001,-169.70000000000002,0.0,0.0,169.8,0.0,21.8,30.0,30.0,30.6,300.0,300.0,31.1,35.1,29.700000000000003,29.0,30.8,4.95,1.99,4.97,0.16,0.0,0.0,1027.0,8228.0,0.0,0.0,0.0,0.0,0.0,1.0,0.0,0.0,0.0,0.0,0.0,-0.9,0.0,0.5,0.0,0.0,16.0,25903.0
2026-07-30T18:59:57.735Z,167.218,167.232,0.0,7.4,0.0,0.0,0.0,0.0,0.0,0.0,0.0,0.0,1.0,0.0,0.0,0.0,9.0,4.0,0.0,0.0,0.0,0.0,0.0,0.0,0.0,0.0,1.0,12.0,1.0,12.17,5.01,2.51,1.49,0.0,0.0,0.0,0.4,0.0,1.4,1.4,1.6,-169.70000000000002,0.0,0.0,169.60000000000002,0.0,21.8,30.0,30.0,30.6,300.0,300.0,31.1,35.1,29.700000000000003,29.0,30.8,4.95,1.99,4.97,0.16,0.0,0.0,1027.0,8228.0,0.0,0.0,0.0,0.0,0.0,1.0,0.0,0.0,0.0,0.0,0.0,2.8000000000000003,0.0,-1.1,0.0,0.0,16.0,25903.0
2026-07-30T18:59:57.747Z,167.23,167.244,0.0,7.4,0.0,0.0,0.0,0.0,0.0,0.0,0.0,0.0,1.0,0.0,0.0,0.0,9.0,4.0,0.0,0.0,0.0,0.0,0.0,0.0,0.0,0.0,2.0,12.0,1.0,12.17,5.01,2.51,1.49,0.0,0.0,0.0,0.4,0.0,0.3,0.2,0.0,-169.70000000000002,0.0,0.0,169.8,0.0,21.8,30.0,30.0,30.6,300.0,300.0,31.1,35.1,29.700000000000003,29.0,30.8,4.96,2.0,4.97,0.16,0.0,0.0,1027.0,8228.0,0.0,0.0,0.0,0.0,0.0,1.0,0.0,0.0,0.0,0.0,0.0,0.2,0.0,0.1,0.0,0.0002,16.0,25903.0
2026-07-30T18:59:57.759Z,167.242,167.256,0.0,7.4,0.0,0.0,0.0,0.0,0.0,0.0,0.0,0.0,1.0,0.0,0.0,0.0,9.0,4.0,0.0,0.0,0.0,0.0,0.0,0.0,0.0,0.0,3.0,12.0,1.0,12.17,5.01,2.51,1.49,0.0,0.0,0.0,0.4,0.0,0.3,-0.3,-0.1,-169.70000000000002,0.0,0.0,169.70000000000002,0.0,21.8,30.0,30.0,30.6,300.0,300.0,31.1,35.1,29.700000000000003,29.0,30.8,4.95,2.0,4.97,0.16,0.0,0.0,1027.0,8228.0,0.0,0.0,0.0,0.0,0.0,1.0,0.0,0.0,0.0,0.0,0.0,-0.4,0.0,0.0,0.0,0.0002,16.0,25903.0
2026-07-30T18:59:57.771Z,167.254,167.268,0.0,7.4,0.0,0.0,0.0,0.0,0.0,0.0,0.0,0.0,1.0,0.0,0.0,0.0,9.0,4.0,0.0,0.0,0.0,0.0,0.0,0.0,0.0,0.0,4.0,12.0,1.0,12.17,5.01,2.51,1.49,0.0,0.0,0.0,0.4,0.0,0.3,-0.3,0.0,-169.70000000000002,0.0,0.0,169.70000000000002,0.0,21.8,30.0,30.0,30.6,300.0,300.0,31.1,35.1,29.700000000000003,29.0,30.8,4.96,1.99,4.97,0.16,0.0,0.0,1027.0,8228.0,0.0,0.0,0.0,0.0,0.0,1.0,0.0,0.0,0.0,0.0,0.0,-0.4,0.0,0.0,0.0,0.0001,16.0,25903.0
2026-07-30T18:59:57.783Z,167.266,167.28,0.0,7.4,0.0,0.0,0.0,0.0,0.0,0.0,0.0,0.0,1.0,0.0,0.0,0.0,9.0,4.0,0.0,0.0,0.0,0.0,0.0,0.0,0.0,0.0,5.0,12.0,1.0,12.18,5.0200000000000005,2.51,1.49,0.0,0.0,0.0,0.4,0.0,0.3,0.8,-0.1,-169.70000000000002,0.0,0.0,169.70000000000002,0.0,21.700000000000003,30.0,30.0,30.6,300.0,300.0,31.0,35.1,29.700000000000003,29.0,30.9,4.96,1.99,4.96,0.16,0.0,0.0,1027.0,8228.0,0.0,0.0,0.0,0.0,0.0,1.0,0.0,0.0,0.0,0.0,0.0,0.8,0.0,0.2,0.0,0.0001,16.0,25903.0
2026-07-30T18:59:57.795Z,167.278,167.292,0.0,7.4,0.0,0.0,0.0,0.0,0.0,0.0,0.0,0.0,1.0,0.0,0.0,0.0,9.0,4.0,0.0,0.0,0.0,0.0,0.0,0.0,0.0,0.0,6.0,12.0,1.0,12.18,5.0200000000000005,2.51,1.49,0.0,0.0,0.0,0.4,0.0,-0.1,-0.3,-1.2000000000000002,-169.70000000000002,0.0,0.0,169.70000000000002,0.0,21.700000000000003,30.0,30.0,30.6,300.0,300.0,31.0,35.1,29.700000000000003,29.0,30.9,4.96,1.99,4.96,0.16,0.0,0.0,1027.0,8228.0,0.0,0.0,0.0,0.0,0.0,1.0,0.0,0.0,0.0,0.0,0.0,-1.2000000000000002,0.0,1.0,0.0,0.0001,16.0,25903.0
2026-07-30T18:59:57.807Z,167.29,167.304,0.0,7.4,0.0,0.0,0.0,0.0,0.0,0.0,0.0,0.0,1.0,0.0,0.0,0.0,9.0,4.0,0.0,0.0,0.0,0.0,0.0,0.0,0.0,0.0,1.0,12.0,1.0,12.18,5.0200000000000005,2.51,1.49,0.0,0.0,0.0,0.4,0.0,-0.1,-0.3,0.5,-169.70000000000002,0.0,0.0,169.8,0.0,21.700000000000003,30.0,30.0,30.6,300.0,300.0,31.0,35.1,29.700000000000003,29.0,30.9,4.95,1.99,4.97,0.16,0.0,0.0,1027.0,8228.0,0.0,0.0,0.0,0.0,0.0,1.0,0.0,0.0,0.0,0.0,0.0,0.0,0.0,-0.5,0.0,0.0,16.0,25903.0
2026-07-30T18:59:57.819Z,167.302,167.316,0.0,7.4,0.0,0.0,0.0,0.0,0.0,0.0,0.0,0.0,1.0,0.0,0.0,0.0,9.0,4.0,0.0,0.0,0.0,0.0,0.0,0.0,0.0,0.0,2.0,12.0,1.0,12.18,5.0200000000000005,2.51,1.49,0.0,0.0,0.0,0.4,0.0,0.3,0.2,1.1,-169.70000000000002,0.0,0.0,169.70000000000002,0.0,21.700000000000003,30.0,30.0,30.6,300.0,300.0,31.0,35.1,29.700000000000003,29.0,30.9,4.96,1.99,4.97,0.16,0.0,0.0,1027.0,8228.0,0.0,0.0,0.0,0.0,0.0,1.0,0.0,0.0,0.0,0.0,0.0,1.1,0.0,-0.9,0.0,0.0001,16.0,25903.0
2026-07-30T18:59:57.831Z,167.314,167.328,0.0,7.4,0.0,0.0,0.0,0.0,0.0,0.0,0.0,0.0,1.0,0.0,0.0,0.0,9.0,4.0,0.0,0.0,0.0,0.0,0.0,0.0,0.0,0.0,3.0,12.0,1.0,12.18,5.0200000000000005,2.51,1.49,0.0,0.0,0.0,0.4,0.0,0.9,2.6,1.1,-169.70000000000002,0.0,0.0,169.70000000000002,0.0,21.700000000000003,30.0,30.0,30.6,300.0,300.0,31.0,35.1,29.700000000000003,29.0,30.9,4.96,1.99,4.96,0.16,0.0,0.0,1027.0,8228.0,0.0,0.0,0.0,0.0,0.0,1.0,0.0,0.0,0.0,0.0,0.0,3.8,0.0,-0.4,0.0,0.0,16.0,25903.0
2026-07-30T18:59:57.847Z,167.33,167.34,0.0,7.4,0.0,0.0,0.0,0.0,0.0,0.0,0.0,0.0,1.0,0.0,0.0,0.0,9.0,4.0,0.0,0.0,0.0,0.0,0.0,0.0,0.0,0.0,4.0,12.0,1.0,12.18,5.0200000000000005,2.51,1.49,0.0,0.1,0.0,0.4,0.0,0.9,0.2,0.5,-169.70000000000002,0.0,0.0,169.70000000000002,0.0,21.700000000000003,30.0,30.0,30.6,300.0,300.0,31.0,35.1,29.700000000000003,29.0,30.9,4.95,1.99,4.96,0.16,0.0,0.0,1027.0,8228.0,0.0,0.0,0.0,0.0,0.0,1.0,0.0,0.0,0.0,0.0,0.0,0.6000000000000001,0.0,-0.4,0.0,0.0,16.0,25903.0
2026-07-30T18:59:57.855Z,167.338,167.352,0.0,7.4,0.0,0.0,0.0,0.0,0.0,0.0,0.0,0.0,1.0,0.0,0.0,0.0,9.0,4.0,0.0,0.0,0.0,0.0,0.0,0.0,0.0,0.0,2.0,12.0,1.0,12.18,5.0200000000000005,2.51,1.49,0.0,0.0,0.0,0.5,0.0,0.3,0.7000000000000001,0.0,-169.70000000000002,0.0,0.0,169.70000000000002,0.0,21.700000000000003,30.0,30.0,30.6,300.0,300.0,31.0,35.1,29.700000000000003,29.0,30.9,4.95,1.99,4.97,0.16,0.0,0.0,1027.0,8228.0,0.0,0.0,0.0,0.0,0.0,1.0,0.0,0.0,0.0,0.0,0.0,0.8,0.0,0.2,0.0,0.0001,16.0,25903.0
2026-07-30T18:59:57.867Z,167.35,167.364,0.0,7.4,0.0,0.0,0.0,0.0,0.0,0.0,0.0,0.0,1.0,0.0,0.0,0.0,9.0,4.0,0.0,0.0,0.0,0.0,0.0,0.0,0.0,0.0,2.0,12.0,1.0,12.18,5.0200000000000005,2.51,1.49,0.0,0.0,0.0,0.4,0.0,-0.1,-0.4,1.0,-169.70000000000002,0.0,0.0,169.8,0.0,21.700000000000003,30.0,30.0,30.6,300.0,300.0,31.0,35.1,29.700000000000003,29.0,30.9,4.95,1.99,4.96,0.16,0.0,0.0,1027.0,8228.0,0.0,0.0,0.0,0.0,0.0,1.0,0.0,0.0,0.0,0.0,0.0,0.2,0.0,-0.9,0.0,0.0001,16.0,25903.0
2026-07-30T18:59:57.879Z,167.362,167.376,0.0,7.4,0.0,0.0,0.0,0.0,0.0,0.0,0.0,0.0,1.0,0.0,0.0,0.0,9.0,4.0,0.0,0.0,0.0,0.0,0.0,0.0,0.0,0.0,3.0,12.0,1.0,12.18,5.0200000000000005,2.51,1.49,0.0,0.0,0.0,0.4,0.0,0.3,0.7000000000000001,-0.1,-169.70000000000002,0.0,0.0,169.70000000000002,0.0,21.700000000000003,30.0,30.0,30.6,300.0,300.0,31.0,35.1,29.700000000000003,29.0,30.9,4.95,1.99,4.97,0.16,0.0,0.0,1027.0,8228.0,0.0,0.0,0.0,0.0,0.0,1.0,0.0,0.0,0.0,0.0,0.0,0.7000000000000001,0.0,0.2,0.0,0.0002,16.0,25903.0
2026-07-30T18:59:57.891Z,167.374,167.388,0.0,7.4,0.0,0.0,0.0,0.0,0.0,0.0,0.0,0.0,1.0,0.0,0.0,0.0,9.0,4.0,0.0,0.0,0.0,0.0,0.0,0.0,0.0,0.0,4.0,12.0,1.0,12.17,5.01,2.5,1.49,0.0,0.0,0.0,0.4,0.0,-0.8,-0.4,-1.2000000000000002,-169.70000000000002,0.0,0.0,169.8,0.0,21.4,30.0,30.0,30.6,300.0,300.0,31.0,35.1,29.700000000000003,29.0,30.9,4.95,1.99,4.97,0.16,0.0,0.0,1027.0,8228.0,0.0,0.0,0.0,0.0,0.0,1.0,0.0,0.0,0.0,0.0,0.0,-1.4,0.0,1.0,0.0,0.0001,16.0,25903.0
2026-07-30T18:59:57.903Z,167.386,167.4,0.0,7.4,0.0,0.0,0.0,0.0,0.0,0.0,0.0,0.0,1.0,0.0,0.0,0.0,9.0,4.0,0.0,0.0,0.0,0.0,0.0,0.0,0.0,0.0,6.0,12.0,1.0,12.17,5.01,2.5,1.49,0.0,0.0,0.0,0.4,0.0,0.3,-0.3,-1.2000000000000002,-169.70000000000002,0.0,0.0,169.70000000000002,0.0,21.4,30.0,30.0,30.6,300.0,300.0,31.0,35.1,29.700000000000003,29.0,30.9,4.95,1.99,4.97,0.16,0.0,0.0,1027.0,8228.0,0.0,0.0,0.0,0.0,0.0,1.0,0.0,0.0,0.0,0.0,0.0,-1.4,0.0,1.0,0.0,0.0002,16.0,25903.0
2026-07-30T18:59:57.915Z,167.398,167.412,0.0,7.4,0.0,0.0,0.0,0.0,0.0,0.0,0.0,0.0,1.0,0.0,0.0,0.0,9.0,4.0,0.0,0.0,0.0,0.0,0.0,0.0,0.0,0.0,1.0,12.0,1.0,12.17,5.01,2.5,1.49,0.0,0.1,0.0,0.5,0.0,0.3,1.3,1.0,-169.70000000000002,0.0,0.0,169.8,0.0,21.4,30.0,30.0,30.6,300.0,300.0,31.0,35.1,29.700000000000003,29.0,30.9,4.96,1.99,4.96,0.16,0.0,0.0,1027.0,8228.0,0.0,0.0,0.0,0.0,0.0,1.0,0.0,0.0,0.0,0.0,0.0,2.3000000000000003,0.0,-0.6000000000000001,0.0,0.0001,16.0,25903.0
2026-07-30T18:59:57.927Z,167.41,167.424,0.0,7.4,0.0,0.0,0.0,0.0,0.0,0.0,0.0,0.0,1.0,0.0,0.0,0.0,9.0,4.0,0.0,0.0,0.0,0.0,0.0,0.0,0.0,0.0,2.0,12.0,1.0,12.17,5.01,2.5,1.49,0.0,0.0,0.0,0.4,0.0,0.2,0.1,-0.1,-169.70000000000002,0.0,0.0,169.8,0.0,21.4,30.0,30.0,30.6,300.0,300.0,31.0,35.1,29.700000000000003,29.0,30.9,4.96,1.99,4.97,0.16,0.0,0.0,1027.0,8228.0,0.0,0.0,0.0,0.0,0.0,1.0,0.0,0.0,0.0,0.0,0.0,0.0,0.0,0.1,0.0,0.0,16.0,25903.0
2026-07-30T18:59:57.939Z,167.422,167.436,0.0,7.4,0.0,0.0,0.0,0.0,0.0,0.0,0.0,0.0,1.0,0.0,0.0,0.0,9.0,4.0,0.0,0.0,0.0,0.0,0.0,0.0,0.0,0.0,3.0,12.0,1.0,12.17,5.01,2.5,1.49,0.0,0.0,0.0,0.5,0.0,-0.3,0.7000000000000001,0.4,-169.70000000000002,0.0,0.0,169.70000000000002,0.0,21.4,30.0,30.0,30.6,300.0,300.0,31.0,35.1,29.700000000000003,29.0,30.9,4.95,1.99,4.97,0.16,0.0,0.0,1027.0,8228.0,0.0,0.0,0.0,0.0,0.0,1.0,0.0,0.0,0.0,0.0,0.0,1.1,0.0,-0.2,0.0,0.0,16.0,25903.0
2026-07-30T18:59:57.952Z,167.435,167.448,0.0,7.4,0.0,0.0,0.0,0.0,0.0,0.0,0.0,0.0,1.0,0.0,0.0,0.0,9.0,4.0,0.0,0.0,0.0,0.0,0.0,0.0,0.0,0.0,5.0,12.0,1.0,12.17,5.01,2.5,1.49,0.0,0.0,0.0,0.4,0.0,0.8,0.7000000000000001,1.0,-169.70000000000002,0.0,0.0,169.70000000000002,0.0,21.4,30.0,30.0,30.6,300.0,300.0,31.0,35.1,29.700000000000003,29.0,30.9,4.95,1.99,4.96,0.16,0.0,0.0,1027.0,8228.0,0.0,0.0,0.0,0.0,0.0,1.0,0.0,0.0,0.0,0.0,0.0,1.5,0.0,-0.7000000000000001,0.0,0.0002,16.0,25903.0
2026-07-30T18:59:57.963Z,167.446,167.46,0.0,7.4,0.0,0.0,0.0,0.0,0.0,0.0,0.0,0.0,1.0,0.0,0.0,0.0,9.0,4.0,0.0,0.0,0.0,0.0,0.0,0.0,0.0,0.0,6.0,12.0,1.0,12.17,5.01,2.5,1.49,0.0,0.0,0.0,0.4,0.0,-0.3,-0.4,-1.3,-169.70000000000002,0.0,0.0,169.8,0.0,21.4,30.0,30.0,30.6,300.0,300.0,31.0,35.1,29.700000000000003,29.0,30.9,4.95,1.99,4.97,0.16,0.0,0.0,1027.0,8228.0,0.0,0.0,0.0,0.0,0.0,1.0,0.0,0.0,0.0,0.0,0.0,0.0,0.0,-1.6,0.0,0.0001,16.0,25903.0
2026-07-30T18:59:57.975Z,167.458,167.472,0.0,7.4,0.0,0.0,0.0,0.0,0.0,0.0,0.0,0.0,1.0,0.0,0.0,0.0,9.0,4.0,0.0,0.0,0.0,0.0,0.0,0.0,0.0,0.0,1.0,12.0,1.0,12.17,5.01,2.5,1.49,0.0,0.0,0.0,0.4,0.0,-0.3,-0.4,-0.7000000000000001,-169.70000000000002,0.0,0.0,169.70000000000002,0.0,21.4,30.0,30.0,30.6,300.0,300.0,31.0,35.1,29.700000000000003,29.0,30.9,4.95,1.99,4.96,0.16,0.0,0.0,1027.0,8228.0,0.0,0.0,0.0,0.0,0.0,1.0,0.0,0.0,0.0,0.0,0.0,-0.9,0.0,1.2000000000000002,0.0,0.0002,16.0,25903.0
2026-07-30T18:59:57.987Z,167.47,167.484,0.0,7.4,0.0,0.0,0.0,0.0,0.0,0.0,0.0,0.0,1.0,0.0,0.0,0.0,9.0,4.0,0.0,0.0,0.0,0.0,0.0,0.0,0.0,0.0,3.0,12.0,1.0,12.17,5.0200000000000005,2.51,1.49,0.0,0.0,0.0,0.4,0.0,0.1,1.2000000000000002,1.0,-169.70000000000002,0.0,0.0,169.8,0.0,21.700000000000003,30.0,30.0,30.6,300.0,300.0,31.1,35.0,29.700000000000003,29.0,30.9,4.96,1.99,4.96,0.16,0.0,0.0,1027.0,8228.0,0.0,0.0,0.0,0.0,0.0,1.0,0.0,0.0,0.0,0.0,0.0,-0.4,0.0,0.6000000000000001,0.0,0.0001,16.0,25903.0
2026-07-30T18:59:57.999Z,167.482,167.496,0.0,7.4,0.0,0.0,0.0,0.0,0.0,0.0,0.0,0.0,1.0,0.0,0.0,0.0,9.0,4.0,0.0,0.0,0.0,0.0,0.0,0.0,0.0,0.0,4.0,12.0,1.0,12.17,5.0200000000000005,2.51,1.49,0.0,0.0,0.0,0.4,0.0,0.2,-0.4,-0.7000000000000001,-169.70000000000002,0.0,0.0,169.8,0.0,21.700000000000003,30.0,30.0,30.6,300.0,300.0,31.1,35.0,29.700000000000003,29.0,30.9,4.95,1.99,4.96,0.16,0.0,0.0,1027.0,8228.0,0.0,0.0,0.0,0.0,0.0,1.0,0.0,0.0,0.0,0.0,0.0,0.6000000000000001,0.0,0.2,0.0,0.0001,16.0,25903.0
2026-07-30T18:59:58.011Z,167.494,167.508,0.0,7.4,0.0,0.0,0.0,0.0,0.0,0.0,0.0,0.0,1.0,0.0,0.0,0.0,9.0,4.0,0.0,0.0,0.0,0.0,0.0,0.0,0.0,0.0,5.0,12.0,1.0,12.17,5.0200000000000005,2.51,1.49,0.0,0.0,0.0,0.4,0.0,-0.3,-1.0,0.4,-169.70000000000002,0.0,0.0,169.8,0.0,21.700000000000003,30.0,30.0,30.6,300.0,300.0,31.1,35.0,29.700000000000003,29.0,30.9,4.96,1.99,4.97,0.16,0.0,0.0,1027.0,8228.0,0.0,0.0,0.0,0.0,0.0,1.0,0.0,0.0,0.0,0.0,0.0,-2.5,0.0,1.4,0.0,0.0001,16.0,25903.0
2026-07-30T18:59:58.023Z,167.506,167.52,0.0,7.4,0.0,0.0,0.0,0.0,0.0,0.0,0.0,0.0,1.0,0.0,0.0,0.0,9.0,4.0,0.0,0.0,0.0,0.0,0.0,0.0,0.0,0.0,6.0,12.0,1.0,12.17,5.0200000000000005,2.51,1.49,0.0,0.1,0.0,0.4,0.0,0.8,0.7000000000000001,1.5,-169.70000000000002,0.0,0.0,169.8,0.0,21.700000000000003,30.0,30.0,30.6,300.0,300.0,31.1,35.0,29.700000000000003,29.0,30.9,4.96,2.0,4.96,0.16,0.0,0.0,1027.0,8228.0,0.0,0.0,0.0,0.0,0.0,1.0,0.0,0.0,0.0,0.0,0.0,2.0,0.0,-1.2000000000000002,0.0,0.0,16.0,25903.0
2026-07-30T18:59:58.035Z,167.518,167.532,0.0,7.4,0.0,0.0,0.0,0.0,0.0,0.0,0.0,0.0,1.0,0.0,0.0,0.0,9.0,4.0,0.0,0.0,0.0,0.0,0.0,0.0,0.0,0.0,1.0,12.0,1.0,12.17,5.0200000000000005,2.51,1.49,0.0,0.0,0.0,0.4,0.0,-0.3,0.7000000000000001,-0.1,-169.70000000000002,0.0,0.0,169.8,0.0,21.700000000000003,30.0,30.0,30.6,300.0,300.0,31.1,35.0,29.700000000000003,29.0,30.9,4.96,1.99,4.96,0.16,0.0,0.0,1027.0,8228.0,0.0,0.0,0.0,0.0,0.0,1.0,0.0,0.0,0.0,0.0,0.0,0.5,0.0,1.4,0.0,0.0001,16.0,25903.0
2026-07-30T18:59:58.047Z,167.53,167.544,0.0,7.4,0.0,0.0,0.0,0.0,0.0,0.0,0.0,0.0,1.0,0.0,0.0,0.0,9.0,4.0,0.0,0.0,0.0,0.0,0.0,0.0,0.0,0.0,1.0,12.0,1.0,12.17,5.0200000000000005,2.51,1.49,0.0,0.0,0.0,0.5,0.0,-0.3,-0.9,-1.8,-169.70000000000002,0.0,0.0,169.70000000000002,0.0,21.700000000000003,30.0,30.0,30.6,300.0,300.0,31.1,35.0,29.700000000000003,29.0,30.9,4.95,1.99,4.97,0.16,0.0,0.0,1027.0,8228.0,0.0,0.0,0.0,0.0,0.0,1.0,0.0,0.0,0.0,0.0,0.0,-2.5,0.0,1.4,0.0,0.0,16.0,25903.0
2026-07-30T18:59:58.059Z,167.542,167.556,0.0,7.4,0.0,0.0,0.0,0.0,0.0,0.0,0.0,0.0,1.0,0.0,0.0,0.0,9.0,4.0,0.0,0.0,0.0,0.0,0.0,0.0,0.0,0.0,2.0,12.0,1.0,12.17,5.0200000000000005,2.51,1.49,0.0,0.0,0.0,0.4,0.0,-0.3,-0.9,-0.6000000000000001,-169.70000000000002,0.0,0.0,169.8,0.0,21.700000000000003,30.0,30.0,30.6,300.0,300.0,31.1,35.0,29.700000000000003,29.0,30.9,4.96,1.99,4.96,0.16,0.0,0.0,1027.0,8228.0,0.0,0.0,0.0,0.0,0.0,1.0,0.0,0.0,0.0,0.0,0.0,0.3,0.0,-1.0,0.0,0.0002,16.0,25903.0
2026-07-30T18:59:58.071Z,167.554,167.568,0.0,7.4,0.0,0.0,0.0,0.0,0.0,0.0,0.0,0.0,1.0,0.0,0.0,0.0,9.0,4.0,0.0,0.0,0.0,0.0,0.0,0.0,0.0,0.0,3.0,12.0,1.0,12.17,5.0200000000000005,2.51,1.49,0.0,0.0,0.0,0.4,0.0,0.8,0.8,0.5,-169.70000000000002,0.0,0.0,169.8,0.0,21.700000000000003,30.0,30.0,30.6,300.0,300.0,31.1,35.0,29.700000000000003,29.0,30.9,4.96,2.0,4.97,0.16,0.0,0.0,1027.0,8228.0,0.0,0.0,0.0,0.0,0.0,1.0,0.0,0.0,0.0,0.0,0.0,1.0,0.0,-0.9,0.0,0.0001,16.0,25903.0
2026-07-30T18:59:58.083Z,167.566,167.58,0.0,7.4,0.0,0.0,0.0,0.0,0.0,0.0,0.0,0.0,1.0,0.0,0.0,0.0,9.0,4.0,0.0,0.0,0.0,0.0,0.0,0.0,0.0,0.0,5.0,12.0,1.0,12.17,5.0200000000000005,2.51,1.49,0.0,0.0,0.0,0.4,0.0,-0.3,0.2,-0.6000000000000001,-169.70000000000002,0.0,0.0,169.8,0.0,21.700000000000003,30.0,30.0,30.6,300.0,300.0,31.1,35.0,29.700000000000003,29.0,30.9,4.95,1.99,4.97,0.16,0.0,0.0,1027.0,8228.0,0.0,0.0,0.0,0.0,0.0,1.0,0.0,0.0,0.0,0.0,0.0,0.4,0.0,-1.0,0.0,0.0001,16.0,25903.0
2026-07-30T18:59:58.095Z,167.578,167.592,0.0,7.4,0.0,0.0,0.0,0.0,0.0,0.0,0.0,0.0,1.0,0.0,0.0,0.0,9.0,4.0,0.0,0.0,0.0,0.0,0.0,0.0,0.0,0.0,6.0,12.0,1.0,12.17,5.0200000000000005,2.51,1.49,0.0,0.1,0.0,0.4,0.0,-0.3,-0.3,0.0,-169.70000000000002,0.0,0.0,169.70000000000002,0.0,21.3,30.0,30.0,30.6,300.0,300.0,31.200000000000003,35.0,29.700000000000003,29.0,30.9,4.95,1.99,4.97,0.16,0.0,0.0,1027.0,8228.0,0.0,0.0,0.0,0.0,0.0,1.0,0.0,0.0,0.0,0.0,0.0,-0.4,0.0,0.0,0.0,0.0001,16.0,25903.0
2026-07-30T18:59:58.107Z,167.59,167.604,0.0,7.4,0.0,0.0,0.0,0.0,0.0,0.0,0.0,0.0,1.0,0.0,0.0,0.0,9.0,4.0,0.0,0.0,0.0,0.0,0.0,0.0,0.0,0.0,1.0,12.0,1.0,12.17,5.0200000000000005,2.51,1.49,0.0,0.0,0.0,0.4,0.0,1.4,-0.9,0.4,-169.70000000000002,0.0,0.0,169.8,0.0,21.3,30.0,30.0,30.6,300.0,300.0,31.200000000000003,35.0,29.700000000000003,29.0,30.9,4.96,1.99,4.96,0.16,0.0,0.0,1027.0,8228.0,0.0,0.0,0.0,0.0,0.0,1.0,0.0,0.0,0.0,0.0,0.0,-0.6000000000000001,0.0,-0.6000000000000001,0.0,0.0002,16.0,25903.0
2026-07-30T18:59:58.119Z,167.602,167.616,0.0,7.4,0.0,0.0,0.0,0.0,0.0,0.0,0.0,0.0,1.0,0.0,0.0,0.0,9.0,4.0,0.0,0.0,0.0,0.0,0.0,0.0,0.0,0.0,3.0,12.0,1.0,12.17,5.0200000000000005,2.51,1.49,0.0,0.0,0.0,0.5,0.0,0.3,1.4,1.1,-169.70000000000002,0.0,0.0,169.8,0.0,21.3,30.0,30.0,30.6,300.0,300.0,31.200000000000003,35.0,29.700000000000003,29.0,30.9,4.96,1.99,4.97,0.16,0.0,0.0,1027.0,8228.0,0.0,0.0,0.0,0.0,0.0,1.0,0.0,0.0,0.0,0.0,0.0,1.5,0.0,0.3,0.0,0.0,16.0,25903.0
2026-07-30T18:59:58.131Z,167.614,167.628,0.0,7.4,0.0,0.0,0.0,0.0,0.0,0.0,0.0,0.0,1.0,0.0,0.0,0.0,9.0,4.0,0.0,0.0,0.0,0.0,0.0,0.0,0.0,0.0,4.0,12.0,1.0,12.17,5.0200000000000005,2.51,1.49,0.0,0.0,0.0,0.4,0.0,-0.8,-0.8,-0.6000000000000001,-169.70000000000002,0.0,0.0,169.8,0.0,21.3,30.0,30.0,30.6,300.0,300.0,31.200000000000003,35.0,29.700000000000003,29.0,30.9,4.95,1.99,4.97,0.16,0.0,0.0,1027.0,8228.0,0.0,0.0,0.0,0.0,0.0,1.0,0.0,0.0,0.0,0.0,0.0,1.6,0.0,0.3,0.0,0.0001,16.0,25903.0
2026-07-30T18:59:58.143Z,167.626,167.64,0.0,7.4,0.0,0.0,0.0,0.0,0.0,0.0,0.0,0.0,1.0,0.0,0.0,0.0,9.0,4.0,0.0,0.0,0.0,0.0,0.0,0.0,0.0,0.0,5.0,12.0,1.0,12.17,5.0200000000000005,2.51,1.49,0.0,0.0,0.0,0.4,0.0,0.3,0.3,1.7000000000000002,-169.70000000000002,0.0,0.0,169.8,0.0,21.3,30.0,30.0,30.6,300.0,300.0,31.200000000000003,35.0,29.700000000000003,29.0,30.9,4.96,1.99,4.96,0.16,0.0,0.0,1027.0,8228.0,0.0,0.0,0.0,0.0,0.0,1.0,0.0,0.0,0.0,0.0,0.0,1.6,0.0,-1.4,0.0,0.0,16.0,25903.0
2026-07-30T18:59:58.164Z,167.647,167.65200000000002,0.0,7.4,0.0,0.0,0.0,0.0,0.0,0.0,0.0,0.0,1.0,0.0,0.0,0.0,9.0,4.0,0.0,0.0,0.0,0.0,0.0,0.0,0.0,0.0,1.0,12.0,1.0,12.17,5.0200000000000005,2.51,1.49,0.0,0.1,0.0,0.4,0.0,-0.2,-0.2,-0.6000000000000001,-169.70000000000002,0.0,0.0,169.70000000000002,0.0,21.3,30.0,30.0,30.6,300.0,300.0,31.200000000000003,35.0,29.700000000000003,29.0,30.9,4.95,2.0,4.97,0.16,0.0,0.0,1027.0,8228.0,0.0,0.0,0.0,0.0,0.0,1.0,0.0,0.0,0.0,0.0,0.0,-0.8,0.0,0.5,0.0,0.0001,16.0,25903.0
2026-07-30T18:59:58.168Z,167.651,167.66400000000002,0.0,7.4,0.0,0.0,0.0,0.0,0.0,0.0,0.0,0.0,1.0,0.0,0.0,0.0,9.0,4.0,0.0,0.0,0.0,0.0,0.0,0.0,0.0,0.0,6.0,12.0,1.0,12.17,5.0200000000000005,2.51,1.49,0.0,0.0,0.0,0.4,0.0,0.3,-0.9,0.0,-169.70000000000002,0.0,0.0,169.8,0.0,21.3,30.0,30.0,30.6,300.0,300.0,31.200000000000003,35.0,29.700000000000003,29.0,30.9,4.95,1.99,4.97,0.16,0.0,0.0,1027.0,8228.0,0.0,0.0,0.0,0.0,0.0,1.0,0.0,0.0,0.0,0.0,0.0,-1.0,0.0,-0.1,0.0,0.0002,16.0,25903.0
2026-07-30T18:59:58.179Z,167.662,167.67600000000002,0.0,7.4,0.0,0.0,0.0,0.0,0.0,0.0,0.0,0.0,1.0,0.0,0.0,0.0,9.0,4.0,0.0,0.0,0.0,0.0,0.0,0.0,0.0,0.0,1.0,12.0,1.0,12.17,5.0200000000000005,2.51,1.49,0.0,0.1,0.0,0.4,0.0,0.3,1.4,1.1,-169.70000000000002,0.0,0.0,169.8,0.0,21.3,30.0,30.0,30.6,300.0,300.0,31.200000000000003,35.0,29.700000000000003,29.0,30.9,4.95,1.99,4.97,0.16,0.0,0.0,1027.0,8228.0,0.0,0.0,0.0,0.0,0.0,1.0,0.0,0.0,0.0,0.0,0.0,2.4000000000000004,0.0,-0.7000000000000001,0.0,0.0001,16.0,25903.0
2026-07-30T18:59:58.191Z,167.674,167.68800000000002,0.0,7.4,0.0,0.0,0.0,0.0,0.0,0.0,0.0,0.0,1.0,0.0,0.0,0.0,9.0,4.0,0.0,0.0,0.0,0.0,0.0,0.0,0.0,0.0,2.0,12.0,1.0,12.15,5.01,2.51,1.49,0.0,0.0,0.0,0.4,0.0,-0.2,-0.3,-0.5,-169.70000000000002,0.0,0.0,169.8,0.0,21.700000000000003,30.0,30.0,30.6,300.0,300.0,31.1,35.0,29.700000000000003,29.0,30.8,4.96,1.99,4.96,0.16,0.0,0.0,1027.0,8228.0,0.0,0.0,0.0,0.0,0.0,1.0,0.0,0.0,0.0,0.0,0.0,-0.8,0.0,0.4,0.0,0.0,16.0,25903.0
2026-07-30T18:59:58.203Z,167.686,167.70000000000002,0.0,7.4,0.0,0.0,0.0,0.0,0.0,0.0,0.0,0.0,1.0,0.0,0.0,0.0,9.0,4.0,0.0,0.0,0.0,0.0,0.0,0.0,0.0,0.0,3.0,12.0,1.0,12.15,5.01,2.51,1.49,0.0,0.0,0.0,0.4,0.0,-0.8,-0.9,0.5,-169.70000000000002,0.0,0.0,169.8,0.0,21.700000000000003,30.0,30.0,30.6,300.0,300.0,31.1,35.0,29.700000000000003,29.0,30.8,4.95,1.99,4.96,0.16,0.0,0.0,1027.0,8228.0,0.0,0.0,0.0,0.0,0.0,1.0,0.0,0.0,0.0,0.0,0.0,-0.6000000000000001,0.0,-0.6000000000000001,0.0,0.0,16.0,25903.0
2026-07-30T18:59:58.215Z,167.698,167.71200000000002,0.0,7.4,0.0,0.0,0.0,0.0,0.0,0.0,0.0,0.0,1.0,0.0,0.0,0.0,9.0,4.0,0.0,0.0,0.0,0.0,0.0,0.0,0.0,0.0,4.0,12.0,1.0,12.15,5.01,2.51,1.49,0.0,0.0,0.0,0.4,0.0,0.2,1.3,0.0,-169.70000000000002,0.0,0.0,169.8,0.0,21.700000000000003,30.0,30.0,30.6,300.0,300.0,31.1,35.0,29.700000000000003,29.0,30.8,4.95,1.99,4.96,0.16,0.0,0.0,1027.0,8228.0,0.0,0.0,0.0,0.0,0.0,1.0,0.0,0.0,0.0,0.0,0.0,1.4,0.0,0.3,0.0,0.0001,16.0,25903.0
2026-07-30T18:59:58.227Z,167.71,167.724,0.0,7.4,0.0,0.0,0.0,0.0,0.0,0.0,0.0,0.0,1.0,0.0,0.0,0.0,9.0,4.0,0.0,0.0,0.0,0.0,0.0,0.0,0.0,0.0,5.0,12.0,1.0,12.15,5.01,2.51,1.49,0.0,0.0,0.0,0.4,0.0,-0.3,-0.3,-0.7000000000000001,-169.70000000000002,0.0,0.0,169.8,0.0,21.700000000000003,30.0,30.0,30.6,300.0,300.0,31.1,35.0,29.700000000000003,29.0,30.8,4.95,2.0,4.96,0.16,0.0,0.0,1027.0,8228.0,0.0,0.0,0.0,0.0,0.0,1.0,0.0,0.0,0.0,0.0,0.0,-0.9,0.0,0.5,0.0,0.0,16.0,25903.0
2026-07-30T18:59:58.239Z,167.722,167.736,0.0,7.4,0.0,0.0,0.0,0.0,0.0,0.0,0.0,0.0,1.0,0.0,0.0,0.0,9.0,4.0,0.0,0.0,0.0,0.0,0.0,0.0,0.0,0.0,1.0,12.0,1.0,12.15,5.01,2.51,1.49,0.0,0.0,0.0,0.4,0.0,0.2,0.1,-0.1,-169.70000000000002,0.0,0.0,169.8,0.0,21.700000000000003,30.0,30.0,30.6,300.0,300.0,31.1,35.0,29.700000000000003,29.0,30.8,4.96,2.0,4.97,0.16,0.0,0.0,1027.0,8228.0,0.0,0.0,0.0,0.0,0.0,1.0,0.0,0.0,0.0,0.0,0.0,0.1,0.0,0.1,0.0,0.0,16.0,25903.0
2026-07-30T18:59:58.251Z,167.734,167.748,0.0,7.4,0.0,0.0,0.0,0.0,0.0,0.0,0.0,0.0,1.0,0.0,0.0,0.0,9.0,4.0,0.0,0.0,0.0,0.0,0.0,0.0,0.0,0.0,2.0,12.0,1.0,12.15,5.01,2.51,1.49,0.0,0.0,0.0,0.4,0.0,-0.3,-1.0,1.0,-169.70000000000002,0.0,0.0,169.8,0.0,21.700000000000003,30.0,30.0,30.6,300.0,300.0,31.1,35.0,29.700000000000003,29.0,30.8,4.96,1.99,4.97,0.16,0.0,0.0,1027.0,8228.0,0.0,0.0,0.0,0.0,0.0,1.0,0.0,0.0,0.0,0.0,0.0,-0.4,0.0,-1.1,0.0,0.0,16.0,25903.0
2026-07-30T18:59:58.263Z,167.746,167.76,0.0,7.4,0.0,0.0,0.0,0.0,0.0,0.0,0.0,0.0,1.0,0.0,0.0,0.0,9.0,4.0,0.0,0.0,0.0,0.0,0.0,0.0,0.0,0.0,3.0,12.0,1.0,12.15,5.01,2.51,1.49,0.0,0.0,0.0,0.4,0.0,-0.3,0.0,-0.1,-169.70000000000002,0.0,0.0,169.8,0.0,21.700000000000003,30.0,30.0,30.6,300.0,300.0,31.1,35.0,29.700000000000003,29.0,30.8,4.96,1.99,4.96,0.16,0.0,0.0,1027.0,8228.0,0.0,0.0,0.0,0.0,0.0,1.0,0.0,0.0,0.0,0.0,0.0,0.0,0.0,0.1,0.0,0.0,16.0,25903.0
2026-07-30T18:59:58.275Z,167.758,167.772,0.0,7.4,0.0,0.0,0.0,0.0,0.0,0.0,0.0,0.0,1.0,0.0,0.0,0.0,9.0,4.0,0.0,0.0,0.0,0.0,0.0,0.0,0.0,0.0,5.0,12.0,1.0,12.15,5.01,2.51,1.49,0.0,0.0,0.0,0.4,0.0,0.2,0.1,-0.1,-169.70000000000002,0.0,0.0,169.8,0.0,21.700000000000003,30.0,30.0,30.6,300.0,300.0,31.1,35.0,29.700000000000003,29.0,30.8,4.96,1.99,4.96,0.16,0.0,0.0,1027.0,8228.0,0.0,0.0,0.0,0.0,0.0,1.0,0.0,0.0,0.0,0.0,0.0,0.0,0.0,0.1,0.0,0.0001,16.0,25903.0
2026-07-30T18:59:58.287Z,167.77,167.784,0.0,7.4,0.0,0.0,0.0,0.0,0.0,0.0,0.0,0.0,1.0,0.0,0.0,0.0,9.0,4.0,0.0,0.0,0.0,0.0,0.0,0.0,0.0,0.0,5.0,12.0,1.0,12.15,5.01,2.51,1.49,0.0,0.0,0.0,0.4,0.0,0.2,1.8,1.0,-169.70000000000002,0.0,0.0,169.8,0.0,21.700000000000003,30.0,30.0,30.6,300.0,300.0,31.1,35.0,29.700000000000003,29.0,30.8,4.95,1.99,4.96,0.16,0.0,0.0,1027.0,8228.0,0.0,0.0,0.0,0.0,0.0,1.0,0.0,0.0,0.0,0.0,0.0,2.9000000000000004,0.0,-0.5,0.0,0.0001,16.0,25903.0
2026-07-30T18:59:58.299Z,167.782,167.796,0.0,7.4,0.0,0.0,0.0,0.0,0.0,0.0,0.0,0.0,1.0,0.0,0.0,0.0,9.0,4.0,0.0,0.0,0.0,0.0,0.0,0.0,0.0,0.0,6.0,12.0,1.0,12.17,5.01,2.5,1.5,0.0,0.0,0.0,0.4,0.0,0.1,0.1,-0.1,-169.70000000000002,0.0,0.0,169.8,0.0,21.4,30.0,30.0,30.6,300.0,300.0,31.1,35.0,29.700000000000003,29.0,30.8,4.96,1.99,4.96,0.16,0.0,0.0,1027.0,8228.0,0.0,0.0,0.0,0.0,0.0,1.0,0.0,0.0,0.0,0.0,0.0,0.0,0.0,0.1,0.0,0.0,16.0,25903.0
2026-07-30T18:59:58.311Z,167.794,167.808,0.0,7.4,0.0,0.0,0.0,0.0,0.0,0.0,0.0,0.0,1.0,0.0,0.0,0.0,9.0,4.0,0.0,0.0,0.0,0.0,0.0,0.0,0.0,0.0,1.0,12.0,1.0,12.17,5.01,2.5,1.5,0.0,0.0,0.0,0.4,0.0,0.1,0.1,0.4,-169.70000000000002,0.0,0.0,169.70000000000002,0.0,21.4,30.0,30.0,30.6,300.0,300.0,31.1,35.0,29.700000000000003,29.0,30.8,4.96,2.0,4.97,0.16,0.0,0.0,1027.0,8228.0,0.0,0.0,0.0,0.0,0.0,1.0,0.0,0.0,0.0,0.0,0.0,0.4,0.0,-0.3,0.0,0.0,16.0,25903.0
2026-07-30T18:59:58.323Z,167.806,167.82,0.0,7.4,0.0,0.0,0.0,0.0,0.0,0.0,0.0,0.0,1.0,0.0,0.0,0.0,9.0,4.0,0.0,0.0,0.0,0.0,0.0,0.0,0.0,0.0,2.0,12.0,1.0,12.17,5.01,2.5,1.5,0.0,0.0,0.0,0.4,0.0,0.1,0.0,-0.1,-169.70000000000002,0.0,0.0,169.8,0.0,21.4,30.0,30.0,30.6,300.0,300.0,31.1,35.0,29.700000000000003,29.0,30.8,4.95,1.99,4.97,0.16,0.0,0.0,1027.0,8228.0,0.0,0.0,0.0,0.0,0.0,1.0,0.0,0.0,0.0,0.0,0.0,0.0,0.0,0.1,0.0,0.0001,16.0,25903.0
2026-07-30T18:59:58.335Z,167.818,167.832,0.0,7.4,0.0,0.0,0.0,0.0,0.0,0.0,0.0,0.0,1.0,0.0,0.0,0.0,9.0,4.0,0.0,0.0,0.0,0.0,0.0,0.0,0.0,0.0,3.0,12.0,1.0,12.17,5.01,2.5,1.5,0.0,0.0,0.0,0.4,0.0,0.1,-0.5,-1.3,-169.70000000000002,0.0,0.0,169.8,0.0,21.4,30.0,30.0,30.6,300.0,300.0,31.1,35.0,29.700000000000003,29.0,30.8,4.95,1.99,4.97,0.16,0.0,0.0,1027.0,8228.0,0.0,0.0,0.0,0.0,0.0,1.0,0.0,0.0,0.0,0.0,0.0,-1.5,0.0,1.0,0.0,0.0,16.0,25903.0
2026-07-30T18:59:58.347Z,167.83,167.844,0.0,7.4,0.0,0.0,0.0,0.0,0.0,0.0,0.0,0.0,1.0,0.0,0.0,0.0,9.0,4.0,0.0,0.0,0.0,0.0,0.0,0.0,0.0,0.0,4.0,12.0,1.0,12.17,5.01,2.5,1.5,0.0,0.0,0.0,0.4,0.0,-0.3,0.6000000000000001,0.4,-169.70000000000002,0.0,0.0,169.8,0.0,21.4,30.0,30.0,30.6,300.0,300.0,31.1,35.0,29.700000000000003,29.0,30.8,4.96,1.99,4.96,0.16,0.0,0.0,1027.0,8228.0,0.0,0.0,0.0,0.0,0.0,1.0,0.0,0.0,0.0,0.0,0.0,1.0,0.0,-0.2,0.0,0.0001,16.0,25903.0
2026-07-30T18:59:58.359Z,167.842,167.856,0.0,7.4,0.0,0.0,0.0,0.0,0.0,0.0,0.0,0.0,1.0,0.0,0.0,0.0,9.0,4.0,0.0,0.0,0.0,0.0,0.0,0.0,0.0,0.0,4.0,12.0,1.0,12.17,5.01,2.5,1.5,0.0,0.0,0.0,0.4,0.0,-0.3,-0.4,-0.7000000000000001,-169.70000000000002,0.0,0.0,169.8,0.0,21.4,30.0,30.0,30.6,300.0,300.0,31.1,35.0,29.700000000000003,29.0,30.8,4.96,1.99,4.97,0.16,0.0,0.0,1027.0,8228.0,0.0,0.0,0.0,0.0,0.0,1.0,0.0,0.0,0.0,0.0,0.0,-1.0,0.0,0.5,0.0,0.0,16.0,25903.0
2026-07-30T18:59:58.371Z,167.854,167.868,0.0,7.4,0.0,0.0,0.0,0.0,0.0,0.0,0.0,0.0,1.0,0.0,0.0,0.0,9.0,4.0,0.0,0.0,0.0,0.0,0.0,0.0,0.0,0.0,5.0,12.0,1.0,12.17,5.01,2.5,1.5,0.0,0.0,0.0,0.4,0.0,0.2,-0.4,-0.7000000000000001,-169.70000000000002,0.0,0.0,169.8,0.0,21.4,30.0,30.0,30.6,300.0,300.0,31.1,35.0,29.700000000000003,29.0,30.8,4.95,1.99,4.97,0.16,0.0,0.0,1027.0,8228.0,0.0,0.0,0.0,0.0,0.0,1.0,0.0,0.0,0.0,0.0,0.0,-1.0,0.0,0.5,0.0,0.0,16.0,25903.0
2026-07-30T18:59:58.383Z,167.866,167.88,0.0,7.4,0.0,0.0,0.0,0.0,0.0,0.0,0.0,0.0,1.0,0.0,0.0,0.0,9.0,4.0,0.0,0.0,0.0,0.0,0.0,0.0,0.0,0.0,6.0,12.0,1.0,12.17,5.01,2.5,1.5,0.0,0.0,0.0,0.4,0.0,-0.3,-0.4,-0.2,-169.70000000000002,0.0,0.0,169.8,0.0,21.4,30.0,30.0,30.6,300.0,300.0,31.1,35.0,29.700000000000003,29.0,30.8,4.96,1.99,4.96,0.16,0.0,0.0,1027.0,8228.0,0.0,0.0,0.0,0.0,0.0,1.0,0.0,0.0,0.0,0.0,0.0,-0.7000000000000001,0.0,0.1,0.0,0.0,16.0,25903.0
2026-07-30T18:59:58.395Z,167.878,167.892,0.0,7.4,0.0,0.0,0.0,0.0,0.0,0.0,0.0,0.0,1.0,0.0,0.0,0.0,9.0,4.0,0.0,0.0,0.0,0.0,0.0,0.0,0.0,0.0,1.0,12.0,1.0,12.15,5.01,2.5,1.49,0.0,0.0,0.0,0.4,0.0,0.8,-0.5,0.9,-169.70000000000002,0.0,0.0,169.8,0.0,21.700000000000003,30.0,30.0,30.6,300.0,300.0,31.200000000000003,35.0,29.700000000000003,29.0,30.8,4.95,1.99,4.96,0.16,0.0,0.0,1027.0,8228.0,0.0,0.0,0.0,0.0,0.0,1.0,0.0,0.0,0.0,0.0,0.0,0.1,0.0,-0.9,0.0,0.0,16.0,25903.0
2026-07-30T18:59:58.408Z,167.891,167.904,0.0,7.4,0.0,0.0,0.0,0.0,0.0,0.0,0.0,0.0,1.0,0.0,0.0,0.0,9.0,4.0,0.0,0.0,0.0,0.0,0.0,0.0,0.0,0.0,2.0,12.0,1.0,12.15,5.01,2.5,1.49,0.0,0.0,0.0,0.4,0.0,-0.3,-0.5,-0.7000000000000001,-169.70000000000002,0.0,0.0,169.8,0.0,21.700000000000003,30.0,30.0,30.6,300.0,300.0,31.200000000000003,35.0,29.700000000000003,29.0,30.8,4.95,1.99,4.97,0.16,0.0,0.0,1027.0,8228.0,0.0,0.0,0.0,0.0,0.0,1.0,0.0,0.0,0.0,0.0,0.0,-1.1,0.0,0.5,0.0,0.0,16.0,25903.0
2026-07-30T18:59:58.419Z,167.902,167.916,0.0,7.4,0.0,0.0,0.0,0.0,0.0,0.0,0.0,0.0,1.0,0.0,0.0,0.0,9.0,4.0,0.0,0.0,0.0,0.0,0.0,0.0,0.0,0.0,4.0,12.0,1.0,12.15,5.01,2.5,1.49,0.0,0.0,0.0,0.4,0.0,0.2,-0.5,-0.8,-169.70000000000002,0.0,0.0,169.8,0.0,21.700000000000003,30.0,30.0,30.6,300.0,300.0,31.200000000000003,35.0,29.700000000000003,29.0,30.8,4.95,1.99,4.97,0.16,0.0,0.0,1027.0,8228.0,0.0,0.0,0.0,0.0,0.0,1.0,0.0,0.0,0.0,0.0,0.0,-1.1,0.0,0.6000000000000001,0.0,0.0,16.0,25903.0
2026-07-30T18:59:58.431Z,167.914,167.928,0.0,7.4,0.0,0.0,0.0,0.0,0.0,0.0,0.0,0.0,1.0,0.0,0.0,0.0,9.0,4.0,0.0,0.0,0.0,0.0,0.0,0.0,0.0,0.0,5.0,12.0,1.0,12.15,5.01,2.5,1.49,0.0,0.0,0.0,0.4,0.0,-0.3,0.0,0.3,-169.70000000000002,0.0,0.0,169.8,0.0,21.700000000000003,30.0,30.0,30.6,300.0,300.0,31.200000000000003,35.0,29.700000000000003,29.0,30.8,4.96,1.99,4.96,0.16,0.0,0.0,1027.0,8228.0,0.0,0.0,0.0,0.0,0.0,1.0,0.0,0.0,0.0,0.0,0.0,0.3,0.0,-0.3,0.0,0.0,16.0,25903.0
2026-07-30T18:59:58.443Z,167.926,167.94,0.0,7.4,0.0,0.0,0.0,0.0,0.0,0.0,0.0,0.0,1.0,0.0,0.0,0.0,9.0,4.0,0.0,0.0,0.0,0.0,0.0,0.0,0.0,0.0,1.0,12.0,1.0,12.15,5.01,2.5,1.49,0.0,0.1,0.0,0.4,0.0,-0.3,-0.5,-0.1,-169.70000000000002,0.0,0.0,169.8,0.0,21.700000000000003,30.0,30.0,30.6,300.0,300.0,31.200000000000003,35.0,29.700000000000003,29.0,30.8,4.95,1.99,4.97,0.16,0.0,0.0,1027.0,8228.0,0.0,0.0,0.0,0.0,0.0,1.0,0.0,0.0,0.0,0.0,0.0,-0.7000000000000001,0.0,0.0,0.0,0.0,16.0,25903.0
2026-07-30T18:59:58.455Z,167.938,167.952,0.0,7.4,0.0,0.0,0.0,0.0,0.0,0.0,0.0,0.0,1.0,0.0,0.0,0.0,9.0,4.0,0.0,0.0,0.0,0.0,0.0,0.0,0.0,0.0,1.0,12.0,1.0,12.15,5.01,2.5,1.49,0.0,0.0,0.0,0.5,0.0,0.8,1.2000000000000002,0.3,-169.70000000000002,0.0,0.0,169.8,0.0,21.700000000000003,30.0,30.0,30.6,300.0,300.0,31.200000000000003,35.0,29.700000000000003,29.0,30.8,4.95,1.99,4.96,0.16,0.0,0.0,1027.0,8228.0,0.0,0.0,0.0,0.0,0.0,1.0,0.0,0.0,0.0,0.0,0.0,1.6,0.0,0.0,0.0,0.0,16.0,25903.0
2026-07-30T18:59:58.467Z,167.95,167.964,0.0,7.4,0.0,0.0,0.0,0.0,0.0,0.0,0.0,0.0,1.0,0.0,0.0,0.0,9.0,4.0,0.0,0.0,0.0,0.0,0.0,0.0,0.0,0.0,2.0,12.0,1.0,12.15,5.01,2.5,1.49,0.0,0.1,0.0,0.4,0.0,-0.3,0.0,-0.7000000000000001,-169.70000000000002,0.0,0.0,169.8,0.0,21.700000000000003,30.0,30.0,30.6,300.0,300.0,31.200000000000003,35.0,29.700000000000003,29.0,30.8,4.96,1.99,4.96,0.16,0.0,0.0,1027.0,8228.0,0.0,0.0,0.0,0.0,0.0,1.0,0.0,0.0,0.0,0.0,0.0,-0.4,0.0,0.6000000000000001,0.0,0.0001,16.0,25903.0
2026-07-30T18:59:58.488Z,167.971,167.976,0.0,7.4,0.0,0.0,0.0,0.0,0.0,0.0,0.0,0.0,1.0,0.0,0.0,0.0,9.0,4.0,0.0,0.0,0.0,0.0,0.0,0.0,0.0,0.0,3.0,12.0,1.0,12.15,5.01,2.5,1.49,0.0,0.0,0.0,0.4,0.0,0.1,-0.5,-0.8,-169.70000000000002,0.0,0.0,169.8,0.0,21.700000000000003,30.0,30.0,30.6,300.0,300.0,31.200000000000003,35.0,29.700000000000003,29.0,30.8,4.95,1.99,4.96,0.16,0.0,0.0,1027.0,8228.0,0.0,0.0,0.0,0.0,0.0,1.0,0.0,0.0,0.0,0.0,0.0,-1.2000000000000002,0.0,0.6000000000000001,0.0,0.0001,16.0,25903.0
2026-07-30T18:59:58.491Z,167.974,167.988,0.0,7.4,0.0,0.0,0.0,0.0,0.0,0.0,0.0,0.0,1.0,0.0,0.0,0.0,9.0,4.0,0.0,0.0,0.0,0.0,0.0,0.0,0.0,0.0,1.0,12.0,1.0,12.15,5.01,2.5,1.49,0.0,0.0,0.0,0.4,0.0,-0.4,0.0,-0.2,-169.70000000000002,0.0,0.0,169.8,0.0,21.700000000000003,30.0,30.0,30.6,300.0,300.0,31.200000000000003,35.0,29.700000000000003,29.0,30.8,4.95,1.99,4.96,0.16,0.0,0.0,1027.0,8228.0,0.0,0.0,0.0,0.0,0.0,1.0,0.0,0.0,0.0,0.0,0.0,0.1,0.0,-0.2,0.0,0.0,16.0,25903.0
2026-07-30T18:59:58.503Z,167.986,168.0,0.0,7.4,0.0,0.0,0.0,0.0,0.0,0.0,0.0,0.0,1.0,0.0,0.0,0.0,9.0,4.0,0.0,0.0,0.0,0.0,0.0,0.0,0.0,0.0,2.0,12.0,1.0,12.17,5.0200000000000005,2.51,1.5,0.0,0.0,0.0,0.5,0.0,-1.0,-0.6000000000000001,-0.8,-169.70000000000002,0.0,0.0,169.8,0.0,21.3,30.0,29.9,30.6,300.0,300.0,31.200000000000003,35.0,29.700000000000003,29.0,30.8,4.95,2.0,4.96,0.16,0.0,0.0,1027.0,8228.0,0.0,0.0,0.0,0.0,0.0,1.0,0.0,0.0,0.0,0.0,0.0,-0.9,0.0,0.1,0.0,0.0,16.0,25903.0
2026-07-30T18:59:58.515Z,167.998,168.012,0.0,7.4,0.0,0.0,0.0,0.0,0.0,0.0,0.0,0.0,1.0,0.0,0.0,0.0,9.0,4.0,0.0,0.0,0.0,0.0,0.0,0.0,0.0,0.0,3.0,12.0,1.0,12.17,5.0200000000000005,2.51,1.5,0.0,0.1,0.0,0.4,0.0,0.1,0.0,-1.4,-169.70000000000002,0.0,0.0,169.8,0.0,21.3,30.0,29.9,30.6,300.0,300.0,31.200000000000003,35.0,29.700000000000003,29.0,30.8,4.96,1.99,4.96,0.16,0.0,0.0,1027.0,8228.0,0.0,0.0,0.0,0.0,0.0,1.0,0.0,0.0,0.0,0.0,0.0,1.9,0.0,-0.5,0.0,0.0,16.0,25903.0
2026-07-30T18:59:58.527Z,168.01,168.024,0.0,7.4,0.0,0.0,0.0,0.0,0.0,0.0,0.0,0.0,1.0,0.0,0.0,0.0,9.0,4.0,0.0,0.0,0.0,0.0,0.0,0.0,0.0,0.0,4.0,12.0,1.0,12.17,5.0200000000000005,2.51,1.5,0.0,0.0,0.0,0.4,0.0,0.1,0.5,0.9,-169.70000000000002,0.0,0.0,169.8,0.0,21.3,30.0,29.9,30.6,300.0,300.0,31.200000000000003,35.0,29.700000000000003,29.0,30.8,4.95,1.99,4.97,0.16,0.0,0.0,1027.0,8228.0,0.0,0.0,0.0,0.0,0.0,1.0,0.0,0.0,0.0,0.0,0.0,1.3,0.0,-0.7000000000000001,0.0,0.0,16.0,25903.0
2026-07-30T18:59:58.540Z,168.023,168.036,0.0,7.4,0.0,0.0,0.0,0.0,0.0,0.0,0.0,0.0,1.0,0.0,0.0,0.0,9.0,4.0,0.0,0.0,0.0,0.0,0.0,0.0,0.0,0.0,4.0,12.0,1.0,12.17,5.0200000000000005,2.51,1.5,0.0,0.0,0.0,0.4,0.0,-0.9,-1.2000000000000002,-0.1,-169.70000000000002,0.0,0.0,169.70000000000002,0.0,21.3,30.0,29.9,30.6,300.0,300.0,31.200000000000003,35.0,29.700000000000003,29.0,30.8,4.96,1.99,4.96,0.16,0.0,0.0,1027.0,8228.0,0.0,0.0,0.0,0.0,0.0,1.0,0.0,0.0,0.0,0.0,0.0,-1.4,0.0,0.0,0.0,0.0,16.0,25903.0
2026-07-30T18:59:58.551Z,168.034,168.048,0.0,7.4,0.0,0.0,0.0,0.0,0.0,0.0,0.0,0.0,1.0,0.0,0.0,0.0,9.0,4.0,0.0,0.0,0.0,0.0,0.0,0.0,0.0,0.0,5.0,12.0,1.0,12.17,5.0200000000000005,2.51,1.5,0.0,0.0,0.0,0.4,0.0,0.2,-0.6000000000000001,-0.1,-169.70000000000002,0.0,0.0,169.8,0.0,21.3,30.0,29.9,30.6,300.0,300.0,31.200000000000003,35.0,29.700000000000003,29.0,30.8,4.96,1.99,4.96,0.16,0.0,0.0,1027.0,8228.0,0.0,0.0,0.0,0.0,0.0,1.0,0.0,0.0,0.0,0.0,0.0,-0.7000000000000001,0.0,0.0,0.0,0.0001,16.0,25903.0
2026-07-30T18:59:58.563Z,168.046,168.06,0.0,7.4,0.0,0.0,0.0,0.0,0.0,0.0,0.0,0.0,1.0,0.0,0.0,0.0,9.0,4.0,0.0,0.0,0.0,0.0,0.0,0.0,0.0,0.0,6.0,12.0,1.0,12.17,5.0200000000000005,2.51,1.5,0.0,0.0,0.0,0.4,0.0,-0.9,-1.1,-0.6000000000000001,-169.70000000000002,0.0,0.0,169.8,0.0,21.3,30.0,29.9,30.6,300.0,300.0,31.200000000000003,35.0,29.700000000000003,29.0,30.8,4.95,1.99,4.96,0.16,0.0,0.0,1027.0,8228.0,0.0,0.0,0.0,0.0,0.0,1.0,0.0,0.0,0.0,0.0,0.0,-1.8,0.0,0.3,0.0,0.0,16.0,25903.0
2026-07-30T18:59:58.575Z,168.058,168.072,0.0,7.4,0.0,0.0,0.0,0.0,0.0,0.0,0.0,0.0,1.0,0.0,0.0,0.0,9.0,4.0,0.0,0.0,0.0,0.0,0.0,0.0,0.0,0.0,1.0,12.0,1.0,12.17,5.0200000000000005,2.51,1.5,0.0,0.0,0.0,0.4,0.0,0.2,0.5,-0.1,-169.70000000000002,0.0,0.0,169.70000000000002,0.0,21.3,30.0,29.9,30.6,300.0,300.0,31.200000000000003,35.0,29.700000000000003,29.0,30.8,4.95,1.99,4.97,0.16,0.0,0.0,1027.0,8228.0,0.0,0.0,0.0,0.0,0.0,1.0,0.0,0.0,0.0,0.0,0.0,0.5,0.0,0.2,0.0,0.0,16.0,25903.0
2026-07-30T18:59:58.587Z,168.07,168.084,0.0,7.4,0.0,0.0,0.0,0.0,0.0,0.0,0.0,0.0,1.0,0.0,0.0,0.0,9.0,4.0,0.0,0.0,0.0,0.0,0.0,0.0,0.0,0.0,2.0,12.0,1.0,12.17,5.0200000000000005,2.51,1.5,0.0,0.1,0.0,0.4,0.0,0.8,0.0,0.5,-169.70000000000002,0.0,0.0,169.8,0.0,21.3,30.0,29.9,30.6,300.0,300.0,31.200000000000003,35.0,29.700000000000003,29.0,30.8,4.96,1.99,4.97,0.16,0.0,0.0,1027.0,8228.0,0.0,0.0,0.0,0.0,0.0,1.0,0.0,0.0,0.0,0.0,0.0,-2.9000000000000004,0.0,0.7000000000000001,0.0,0.0,16.0,25903.0
2026-07-30T18:59:58.599Z,168.082,168.096,0.0,7.4,0.0,0.0,0.0,0.0,0.0,0.0,0.0,0.0,1.0,0.0,0.0,0.0,9.0,4.0,0.0,0.0,0.0,0.0,0.0,0.0,0.0,0.0,3.0,12.0,1.0,12.11,5.01,2.51,1.49,0.0,0.1,0.0,0.4,0.0,-0.3,-0.5,-0.6000000000000001,-169.70000000000002,0.0,0.0,169.8,0.0,21.4,30.0,29.9,30.6,300.0,300.0,31.1,35.0,29.700000000000003,29.0,30.8,4.96,1.99,4.97,0.16,0.0,0.0,1027.0,8228.0,0.0,0.0,0.0,0.0,0.0,1.0,0.0,0.0,0.0,0.0,0.0,-1.1,0.0,0.4,0.0,0.0001,16.0,25903.0
2026-07-30T18:59:58.611Z,168.094,168.108,0.0,7.4,0.0,0.0,0.0,0.0,0.0,0.0,0.0,0.0,1.0,0.0,0.0,0.0,9.0,4.0,0.0,0.0,0.0,0.0,0.0,0.0,0.0,0.0,4.0,12.0,1.0,12.11,5.01,2.51,1.49,0.0,0.0,0.0,0.4,0.0,0.3,1.2000000000000002,-0.6000000000000001,-169.70000000000002,0.0,0.0,169.70000000000002,0.0,21.4,30.0,29.9,30.6,300.0,300.0,31.1,35.0,29.700000000000003,29.0,30.8,4.95,1.99,4.97,0.16,0.0,0.0,1027.0,8228.0,0.0,0.0,0.0,0.0,0.0,1.0,0.0,0.0,0.0,0.0,0.0,0.9,0.0,0.8,0.0,0.0,16.0,25903.0
2026-07-30T18:59:58.623Z,168.106,168.12,0.0,7.4,0.0,0.0,0.0,0.0,0.0,0.0,0.0,0.0,1.0,0.0,0.0,0.0,9.0,4.0,0.0,0.0,0.0,0.0,0.0,0.0,0.0,0.0,5.0,12.0,1.0,12.11,5.01,2.51,1.49,0.0,0.0,0.0,0.5,0.0,0.3,0.1,-0.6000000000000001,-169.70000000000002,0.0,0.0,169.8,0.0,21.4,30.0,29.9,30.6,300.0,300.0,31.1,35.0,29.700000000000003,29.0,30.8,4.96,1.99,4.96,0.16,0.0,0.0,1027.0,8228.0,0.0,0.0,0.0,0.0,0.0,1.0,0.0,0.0,0.0,0.0,0.0,-0.3,0.0,0.5,0.0,0.0002,16.0,25903.0
2026-07-30T18:59:58.635Z,168.118,168.132,0.0,7.4,0.0,0.0,0.0,0.0,0.0,0.0,0.0,0.0,1.0,0.0,0.0,0.0,9.0,4.0,0.0,0.0,0.0,0.0,0.0,0.0,0.0,0.0,6.0,12.0,1.0,12.11,5.01,2.51,1.49,0.0,0.0,0.0,0.4,0.0,-0.8,-1.6,0.0,-169.70000000000002,0.0,0.0,169.70000000000002,0.0,21.4,30.0,29.9,30.6,300.0,300.0,31.1,35.0,29.700000000000003,29.0,30.8,4.95,1.99,4.96,0.16,0.0,0.0,1027.0,8228.0,0.0,0.0,0.0,0.0,0.0,1.0,0.0,0.0,0.0,0.0,0.0,-1.9,0.0,-0.2,0.0,0.0,16.0,25903.0
2026-07-30T18:59:58.647Z,168.13,168.144,0.0,7.4,0.0,0.0,0.0,0.0,0.0,0.0,0.0,0.0,1.0,0.0,0.0,0.0,9.0,4.0,0.0,0.0,0.0,0.0,0.0,0.0,0.0,0.0,1.0,12.0,1.0,12.11,5.01,2.51,1.49,0.0,0.0,0.0,0.4,0.0,0.3,0.0,-0.6000000000000001,-169.70000000000002,0.0,0.0,169.70000000000002,0.0,21.4,30.0,29.9,30.6,300.0,300.0,31.1,35.0,29.700000000000003,29.0,30.8,4.95,1.99,4.97,0.16,0.0,0.0,1027.0,8228.0,0.0,0.0,0.0,0.0,0.0,1.0,0.0,0.0,0.0,0.0,0.0,-0.3,0.0,0.5,0.0,0.0,16.0,25903.0
2026-07-30T18:59:58.659Z,168.142,168.156,0.0,7.4,0.0,0.0,0.0,0.0,0.0,0.0,0.0,0.0,1.0,0.0,0.0,0.0,9.0,4.0,0.0,0.0,0.0,0.0,0.0,0.0,0.0,0.0,2.0,12.0,1.0,12.11,5.01,2.51,1.49,0.0,0.0,0.0,0.5,0.0,0.3,0.0,1.0,-169.70000000000002,0.0,0.0,169.8,0.0,21.4,30.0,29.9,30.6,300.0,300.0,31.1,35.0,29.700000000000003,29.0,30.8,4.95,2.0,4.97,0.16,0.0,0.0,1027.0,8228.0,0.0,0.0,0.0,0.0,0.0,1.0,0.0,0.0,0.0,0.0,0.0,0.8,0.0,-0.9,0.0,0.0002,16.0,25903.0
2026-07-30T18:59:58.671Z,168.154,168.168,0.0,7.4,0.0,0.0,0.0,0.0,0.0,0.0,0.0,0.0,1.0,0.0,0.0,0.0,9.0,4.0,0.0,0.0,0.0,0.0,0.0,0.0,0.0,0.0,2.0,12.0,1.0,12.11,5.01,2.51,1.49,0.0,0.0,0.0,0.4,0.0,0.3,-0.4,1.1,-169.70000000000002,0.0,0.0,169.8,0.0,21.4,30.0,29.9,30.6,300.0,300.0,31.1,35.0,29.700000000000003,29.0,30.8,4.96,2.0,4.96,0.16,0.0,0.0,1027.0,8228.0,0.0,0.0,0.0,0.0,0.0,1.0,0.0,0.0,0.0,0.0,0.0,0.2,0.0,-1.0,0.0,0.0001,16.0,25903.0
2026-07-30T18:59:58.683Z,168.166,168.18,0.0,7.4,0.0,0.0,0.0,0.0,0.0,0.0,0.0,0.0,1.0,0.0,0.0,0.0,9.0,4.0,0.0,0.0,0.0,0.0,0.0,0.0,0.0,0.0,4.0,12.0,1.0,12.11,5.01,2.51,1.49,0.0,0.0,0.0,0.4,0.0,-0.8,-1.0,0.0,-169.70000000000002,0.0,0.0,169.8,0.0,21.4,30.0,29.9,30.6,300.0,300.0,31.1,35.0,29.700000000000003,29.0,30.8,4.96,1.99,4.97,0.16,0.0,0.0,1027.0,8228.0,0.0,0.0,0.0,0.0,0.0,1.0,0.0,0.0,0.0,0.0,0.0,-1.2000000000000002,0.0,-0.1,0.0,0.0001,16.0,25903.0
2026-07-30T18:59:58.695Z,168.178,168.192,0.0,7.4,0.0,0.0,0.0,0.0,0.0,0.0,0.0,0.0,1.0,0.0,0.0,0.0,9.0,4.0,0.0,0.0,0.0,0.0,0.0,0.0,0.0,0.0,4.0,12.0,1.0,12.11,5.01,2.51,1.49,0.0,0.0,0.0,0.4,0.0,0.3,0.0,0.4,-169.70000000000002,0.0,0.0,169.70000000000002,0.0,21.4,30.0,29.9,30.6,300.0,300.0,31.1,35.0,29.700000000000003,29.0,30.8,4.96,1.99,4.96,0.16,0.0,0.0,1027.0,8228.0,0.0,0.0,0.0,0.0,0.0,1.0,0.0,0.0,0.0,0.0,0.0,0.4,0.0,-0.3,0.0,0.0001,16.0,25903.0
2026-07-30T18:59:58.707Z,168.19,168.204,0.0,7.4,0.0,0.0,0.0,0.0,0.0,0.0,0.0,0.0,1.0,0.0,0.0,0.0,9.0,4.0,0.0,0.0,0.0,0.0,0.0,0.0,0.0,0.0,5.0,12.0,1.0,12.2,5.01,2.5,1.49,0.0,0.0,0.0,0.4,0.0,-0.7000000000000001,0.0,0.4,-169.70000000000002,0.0,0.0,169.8,0.0,21.200000000000003,30.0,29.9,30.6,300.0,300.0,31.200000000000003,35.0,29.700000000000003,29.0,30.8,4.96,1.99,4.96,0.16,0.0,0.0,1027.0,8228.0,0.0,0.0,0.0,0.0,0.0,1.0,0.0,0.0,0.0,0.0,0.0,0.4,0.0,-0.3,0.0,0.0,16.0,25903.0
2026-07-30T18:59:58.719Z,168.202,168.216,0.0,7.4,0.0,0.0,0.0,0.0,0.0,0.0,0.0,0.0,1.0,0.0,0.0,0.0,9.0,4.0,0.0,0.0,0.0,0.0,0.0,0.0,0.0,0.0,6.0,12.0,1.0,12.2,5.01,2.5,1.49,0.0,0.0,0.0,0.4,0.0,-0.2,-0.4,-0.6000000000000001,-169.70000000000002,0.0,0.0,169.8,0.0,21.200000000000003,30.0,29.9,30.6,300.0,300.0,31.200000000000003,35.0,29.700000000000003,29.0,30.8,4.95,1.99,4.96,0.16,0.0,0.0,1027.0,8228.0,0.0,0.0,0.0,0.0,0.0,1.0,0.0,0.0,0.0,0.0,0.0,-1.0,0.0,0.5,0.0,0.0001,16.0,25903.0
2026-07-30T18:59:58.731Z,168.214,168.228,0.0,7.4,0.0,0.0,0.0,0.0,0.0,0.0,0.0,0.0,1.0,0.0,0.0,0.0,9.0,4.0,0.0,0.0,0.0,0.0,0.0,0.0,0.0,0.0,1.0,12.0,1.0,12.2,5.01,2.5,1.49,0.0,0.1,0.0,0.4,0.0,0.3,-1.0,0.4,-169.70000000000002,0.0,0.0,169.8,0.0,21.200000000000003,30.0,29.9,30.6,300.0,300.0,31.200000000000003,35.0,29.700000000000003,29.0,30.8,4.95,1.99,4.97,0.16,0.0,0.0,1027.0,8228.0,0.0,0.0,0.0,0.0,0.0,1.0,0.0,0.0,0.0,0.0,0.0,-0.8,0.0,-0.6000000000000001,0.0,0.0,16.0,25903.0
2026-07-30T18:59:58.743Z,168.226,168.24,0.0,7.4,0.0,0.0,0.0,0.0,0.0,0.0,0.0,0.0,1.0,0.0,0.0,0.0,9.0,4.0,0.0,0.0,0.0,0.0,0.0,0.0,0.0,0.0,1.0,12.0,1.0,12.2,5.01,2.5,1.49,0.0,0.0,0.0,0.5,0.0,0.9,0.6000000000000001,-0.1,-169.70000000000002,0.0,0.0,169.8,0.0,21.200000000000003,30.0,29.9,30.6,300.0,300.0,31.200000000000003,35.0,29.700000000000003,29.0,30.8,4.95,2.0,4.96,0.16,0.0,0.0,1027.0,8228.0,0.0,0.0,0.0,0.0,0.0,1.0,0.0,0.0,0.0,0.0,0.0,0.6000000000000001,0.0,0.2,0.0,0.0,16.0,25903.0
2026-07-30T18:59:58.755Z,168.238,168.252,0.0,7.4,0.0,0.0,0.0,0.0,0.0,0.0,0.0,0.0,1.0,0.0,0.0,0.0,9.0,4.0,0.0,0.0,0.0,0.0,0.0,0.0,0.0,0.0,2.0,12.0,1.0,12.2,5.01,2.5,1.49,0.0,0.0,0.0,0.4,0.0,0.3,1.3,1.1,-169.70000000000002,0.0,0.0,169.8,0.0,21.200000000000003,30.0,29.9,30.6,300.0,300.0,31.200000000000003,35.0,29.700000000000003,29.0,30.8,4.96,1.99,4.96,0.16,0.0,0.0,1027.0,8228.0,0.0,0.0,0.0,0.0,0.0,1.0,0.0,0.0,0.0,0.0,0.0,2.3000000000000003,0.0,-0.7000000000000001,0.0,0.0,16.0,25903.0
2026-07-30T18:59:58.767Z,168.25,168.264,0.0,7.4,0.0,0.0,0.0,0.0,0.0,0.0,0.0,0.0,1.0,0.0,0.0,0.0,9.0,4.0,0.0,0.0,0.0,0.0,0.0,0.0,0.0,0.0,3.0,12.0,1.0,12.2,5.01,2.5,1.49,0.0,0.0,0.0,0.4,0.0,0.3,-0.4,0.0,-169.70000000000002,0.0,0.0,169.8,0.0,21.200000000000003,30.0,29.9,30.6,300.0,300.0,31.200000000000003,35.0,29.700000000000003,29.0,30.8,4.95,1.99,4.97,0.16,0.0,0.0,1027.0,8228.0,0.0,0.0,0.0,0.0,0.0,1.0,0.0,0.0,0.0,0.0,0.0,-0.5,0.0,0.0,0.0,0.0001,16.0,25903.0
2026-07-30T18:59:58.779Z,168.262,168.276,0.0,7.4,0.0,0.0,0.0,0.0,0.0,0.0,0.0,0.0,1.0,0.0,0.0,0.0,9.0,4.0,0.0,0.0,0.0,0.0,0.0,0.0,0.0,0.0,4.0,12.0,1.0,12.2,5.01,2.5,1.49,0.0,0.0,0.0,0.4,0.0,-0.2,0.0,-0.6000000000000001,-169.70000000000002,0.0,0.0,169.70000000000002,0.0,21.200000000000003,30.0,29.9,30.6,300.0,300.0,31.200000000000003,35.0,29.700000000000003,29.0,30.8,4.96,1.99,4.96,0.16,0.0,0.0,1027.0,8228.0,0.0,0.0,0.0,0.0,0.0,1.0,0.0,0.0,0.0,0.0,0.0,-0.3,0.0,0.5,0.0,0.0,16.0,25903.0
2026-07-30T18:59:58.801Z,168.284,168.288,0.0,7.4,0.0,0.0,0.0,0.0,0.0,0.0,0.0,0.0,1.0,0.0,0.0,0.0,9.0,4.0,0.0,0.0,0.0,0.0,0.0,0.0,0.0,0.0,5.0,12.0,1.0,12.2,5.01,2.5,1.49,0.0,0.0,0.0,0.4,0.0,-0.8,0.6000000000000001,0.0,-169.70000000000002,0.0,0.0,169.70000000000002,0.0,21.200000000000003,30.0,29.9,30.6,300.0,300.0,31.200000000000003,35.0,29.700000000000003,29.0,30.8,4.96,1.99,4.96,0.16,0.0,0.0,1027.0,8228.0,0.0,0.0,0.0,0.0,0.0,1.0,0.0,0.0,0.0,0.0,0.0,0.7000000000000001,0.0,0.1,0.0,0.0,16.0,25903.0
2026-07-30T18:59:58.805Z,168.288,168.3,0.0,7.4,0.0,0.0,0.0,0.0,0.0,0.0,0.0,0.0,1.0,0.0,0.0,0.0,9.0,4.0,0.0,0.0,0.0,0.0,0.0,0.0,0.0,0.0,5.0,12.0,1.0,12.2,5.01,2.51,1.49,0.0,0.0,0.0,0.4,0.0,-0.3,0.0,0.0,-169.70000000000002,0.0,0.0,169.8,0.0,21.3,30.0,29.9,30.6,300.0,300.0,31.1,35.0,29.700000000000003,29.0,30.8,4.95,1.99,4.96,0.16,0.0,0.0,1027.0,8228.0,0.0,0.0,0.0,0.0,0.0,1.0,0.0,0.0,0.0,0.0,0.0,0.0,0.0,0.0,0.0,0.0,16.0,25903.0
2026-07-30T18:59:58.815Z,168.298,168.312,0.0,7.4,0.0,0.0,0.0,0.0,0.0,0.0,0.0,0.0,1.0,0.0,0.0,0.0,9.0,4.0,0.0,0.0,0.0,0.0,0.0,0.0,0.0,0.0,5.0,12.0,1.0,12.2,5.01,2.51,1.49,-0.1,0.1,0.0,0.5,0.0,-1.5,-1.1,-0.6000000000000001,-169.70000000000002,0.0,0.0,169.8,0.0,21.3,30.0,29.9,30.6,300.0,300.0,31.1,35.0,29.700000000000003,29.0,30.8,4.96,1.99,4.97,0.16,0.0,0.0,1027.0,8228.0,0.0,0.0,0.0,0.0,0.0,1.0,0.0,0.0,0.0,0.0,0.0,-1.7000000000000002,0.0,0.3,0.0,0.0,16.0,25903.0
2026-07-30T18:59:58.828Z,168.311,168.324,0.0,7.4,0.0,0.0,0.0,0.0,0.0,0.0,0.0,0.0,1.0,0.0,0.0,0.0,9.0,4.0,0.0,0.0,0.0,0.0,0.0,0.0,0.0,0.0,6.0,12.0,1.0,12.2,5.01,2.51,1.49,0.0,0.0,0.0,0.4,0.0,0.2,0.0,0.5,-169.70000000000002,0.0,0.0,169.8,0.0,21.3,30.0,29.9,30.6,300.0,300.0,31.1,35.0,29.700000000000003,29.0,30.8,4.96,1.99,4.96,0.16,0.0,0.0,1027.0,8228.0,0.0,0.0,0.0,0.0,0.0,1.0,0.0,0.0,0.0,0.0,0.0,0.4,0.0,-0.4,0.0,0.0001,16.0,25903.0
2026-07-30T18:59:58.839Z,168.322,168.336,0.0,7.4,0.0,0.0,0.0,0.0,0.0,0.0,0.0,0.0,1.0,0.0,0.0,0.0,9.0,4.0,0.0,0.0,0.0,0.0,0.0,0.0,0.0,0.0,1.0,12.0,1.0,12.2,5.01,2.51,1.49,0.0,0.0,0.0,0.4,0.0,0.2,0.0,1.0,-169.70000000000002,0.0,0.0,169.8,0.0,21.3,30.0,29.9,30.6,300.0,300.0,31.1,35.0,29.700000000000003,29.0,30.8,4.96,2.0,4.96,0.16,0.0,0.0,1027.0,8228.0,0.0,0.0,0.0,0.0,0.0,1.0,0.0,0.0,0.0,0.0,0.0,0.8,0.0,-0.9,0.0,0.0001,16.0,25903.0
2026-07-30T18:59:58.851Z,168.334,168.348,0.0,7.4,0.0,0.0,0.0,0.0,0.0,0.0,0.0,0.0,1.0,0.0,0.0,0.0,9.0,4.0,0.0,0.0,0.0,0.0,0.0,0.0,0.0,0.0,2.0,12.0,1.0,12.2,5.01,2.51,1.49,0.0,0.0,0.0,0.4,0.0,0.7000000000000001,0.0,-1.3,-169.70000000000002,0.0,0.0,169.70000000000002,0.0,21.3,30.0,29.9,30.6,300.0,300.0,31.1,35.0,29.700000000000003,29.0,30.8,4.95,1.99,4.96,0.16,0.0,0.0,1027.0,8228.0,0.0,0.0,0.0,0.0,0.0,1.0,0.0,0.0,0.0,0.0,0.0,-0.9,0.0,1.1,0.0,0.0001,16.0,25903.0
2026-07-30T18:59:58.863Z,168.346,168.36,0.0,7.4,0.0,0.0,0.0,0.0,0.0,0.0,0.0,0.0,1.0,0.0,0.0,0.0,9.0,4.0,0.0,0.0,0.0,0.0,0.0,0.0,0.0,0.0,4.0,12.0,1.0,12.2,5.01,2.51,1.49,0.0,0.0,0.0,0.4,0.0,0.8,-0.5,-0.1,-169.70000000000002,0.0,0.0,169.70000000000002,0.0,21.3,30.0,29.9,30.6,300.0,300.0,31.1,35.0,29.700000000000003,29.0,30.8,4.96,1.99,4.96,0.16,0.0,0.0,1027.0,8228.0,0.0,0.0,0.0,0.0,0.0,1.0,0.0,0.0,0.0,0.0,0.0,-0.7000000000000001,0.0,0.0,0.0,0.0002,16.0,25903.0
2026-07-30T18:59:58.875Z,168.358,168.372,0.0,7.4,0.0,0.0,0.0,0.0,0.0,0.0,0.0,0.0,1.0,0.0,0.0,0.0,9.0,4.0,0.0,0.0,0.0,0.0,0.0,0.0,0.0,0.0,4.0,12.0,1.0,12.2,5.01,2.51,1.49,0.0,0.0,0.0,0.4,0.0,0.2,0.0,0.9,-169.70000000000002,0.0,0.0,169.8,0.0,21.3,30.0,29.9,30.6,300.0,300.0,31.1,35.0,29.700000000000003,29.0,30.8,4.95,2.0,4.96,0.16,0.0,0.0,1027.0,8228.0,0.0,0.0,0.0,0.0,0.0,1.0,0.0,0.0,0.0,0.0,0.0,0.7000000000000001,0.0,-0.8,0.0,0.0001,16.0,25903.0
2026-07-30T18:59:58.887Z,168.37,168.384,0.0,7.4,0.0,0.0,0.0,0.0,0.0,0.0,0.0,0.0,1.0,0.0,0.0,0.0,9.0,4.0,0.0,0.0,0.0,0.0,0.0,0.0,0.0,0.0,5.0,12.0,1.0,12.2,5.01,2.51,1.49,0.0,0.0,0.0,0.4,0.0,0.2,0.6000000000000001,-0.7000000000000001,-169.70000000000002,0.0,0.0,169.8,0.0,21.3,30.0,29.9,30.6,300.0,300.0,31.1,35.0,29.700000000000003,29.0,30.8,4.95,1.99,4.97,0.16,0.0,0.0,1027.0,8228.0,0.0,0.0,0.0,0.0,0.0,1.0,0.0,0.0,0.0,0.0,0.0,0.1,0.0,0.8,0.0,0.0001,16.0,25903.0
2026-07-30T18:59:58.899Z,168.382,168.39600000000002,0.0,7.4,0.0,0.0,0.0,0.0,0.0,0.0,0.0,0.0,1.0,0.0,0.0,0.0,9.0,4.0,0.0,0.0,0.0,0.0,0.0,0.0,0.0,0.0,6.0,12.0,1.0,12.2,5.01,2.51,1.49,0.0,0.0,0.0,0.4,0.0,0.8,0.0,1.0,-169.70000000000002,0.0,0.0,169.8,0.0,21.3,30.0,29.9,30.6,300.0,300.0,31.1,35.0,29.700000000000003,29.0,30.8,4.95,2.0,4.97,0.16,0.0,0.0,1027.0,8228.0,0.0,0.0,0.0,0.0,0.0,1.0,0.0,0.0,0.0,0.0,0.0,0.8,0.0,-0.8,0.0,0.0,16.0,25903.0
2026-07-30T18:59:58.911Z,168.394,168.40800000000002,0.0,7.4,0.0,0.0,0.0,0.0,0.0,0.0,0.0,0.0,1.0,0.0,0.0,0.0,9.0,4.0,0.0,0.0,0.0,0.0,0.0,0.0,0.0,0.0,1.0,12.0,1.0,12.18,5.01,2.51,1.49,0.0,0.0,0.0,0.4,0.0,0.2,0.6000000000000001,0.9,-169.70000000000002,0.0,0.0,169.8,0.0,21.8,30.0,29.9,30.6,300.0,300.0,31.1,35.0,29.700000000000003,29.0,30.8,4.96,2.0,4.96,0.17,0.0,0.0,1027.0,8228.0,0.0,0.0,0.0,0.0,0.0,1.0,0.0,0.0,0.0,0.0,0.0,1.4,0.0,-0.7000000000000001,0.0,0.0,16.0,25903.0
2026-07-30T18:59:58.923Z,168.406,168.42000000000002,0.0,7.4,0.0,0.0,0.0,0.0,0.0,0.0,0.0,0.0,1.0,0.0,0.0,0.0,9.0,4.0,0.0,0.0,0.0,0.0,0.0,0.0,0.0,0.0,2.0,12.0,1.0,12.18,5.01,2.51,1.49,0.0,0.1,0.0,0.4,0.0,0.2,0.6000000000000001,0.3,-169.70000000000002,0.0,0.0,169.8,0.0,21.8,30.0,29.9,30.6,300.0,300.0,31.1,35.0,29.700000000000003,29.0,30.8,4.95,1.99,4.97,0.17,0.0,0.0,1027.0,8228.0,0.0,0.0,0.0,0.0,0.0,1.0,0.0,0.0,0.0,0.0,0.0,1.0,0.0,-0.2,0.0,0.0,16.0,25903.0
2026-07-30T18:59:58.935Z,168.418,168.43200000000002,0.0,7.4,0.0,0.0,0.0,0.0,0.0,0.0,0.0,0.0,1.0,0.0,0.0,0.0,9.0,4.0,0.0,0.0,0.0,0.0,0.0,0.0,0.0,0.0,4.0,12.0,1.0,12.18,5.01,2.51,1.49,0.0,0.0,0.0,0.4,0.0,0.2,-0.5,-0.2,-169.70000000000002,0.0,0.0,169.70000000000002,0.0,21.8,30.0,29.9,30.6,300.0,300.0,31.1,35.0,29.700000000000003,29.0,30.8,4.95,1.99,4.96,0.16,0.0,0.0,1027.0,8228.0,0.0,0.0,0.0,0.0,0.0,1.0,0.0,0.0,0.0,0.0,0.0,-0.8,0.0,0.1,0.0,0.0001,16.0,25903.0
2026-07-30T18:59:58.947Z,168.43,168.44400000000002,0.0,7.4,0.0,0.0,0.0,0.0,0.0,0.0,0.0,0.0,1.0,0.0,0.0,0.0,9.0,4.0,0.0,0.0,0.0,0.0,0.0,0.0,0.0,0.0,5.0,12.0,1.0,12.18,5.01,2.51,1.49,0.0,0.1,0.0,0.4,0.0,0.2,1.7000000000000002,-0.8,-169.70000000000002,0.0,0.0,169.8,0.0,21.8,30.0,29.9,30.6,300.0,300.0,31.1,35.0,29.700000000000003,29.0,30.8,4.96,2.0,4.96,0.16,0.0,0.0,1027.0,8228.0,0.0,0.0,0.0,0.0,0.0,1.0,0.0,0.0,0.0,0.0,0.0,1.3,0.0,1.1,0.0,0.0001,16.0,25903.0
2026-07-30T18:59:58.959Z,168.442,168.45600000000002,0.0,7.4,0.0,0.0,0.0,0.0,0.0,0.0,0.0,0.0,1.0,0.0,0.0,0.0,9.0,4.0,0.0,0.0,0.0,0.0,0.0,0.0,0.0,0.0,6.0,12.0,1.0,12.18,5.01,2.51,1.49,0.0,0.0,0.0,0.4,0.0,-0.3,-0.5,-1.4,-169.70000000000002,0.0,0.0,169.70000000000002,0.0,21.8,30.0,29.9,30.6,300.0,300.0,31.1,35.0,29.700000000000003,29.0,30.8,4.95,2.0,4.97,0.16,0.0,0.0,1027.0,8228.0,0.0,0.0,0.0,0.0,0.0,1.0,0.0,0.0,0.0,0.0,0.0,-1.7000000000000002,0.0,1.1,0.0,0.0001,16.0,25903.0
2026-07-30T18:59:58.971Z,168.454,168.468,0.0,7.4,0.0,0.0,0.0,0.0,0.0,0.0,0.0,0.0,1.0,0.0,0.0,0.0,9.0,4.0,0.0,0.0,0.0,0.0,0.0,0.0,0.0,0.0,1.0,12.0,1.0,12.18,5.01,2.51,1.49,0.0,0.0,0.0,0.4,0.0,-0.9,0.0,1.3,-169.70000000000002,0.0,0.0,169.8,0.0,21.8,30.0,29.9,30.6,300.0,300.0,31.1,35.0,29.700000000000003,29.0,30.8,4.95,1.99,4.96,0.16,0.0,0.0,1027.0,8228.0,0.0,0.0,0.0,0.0,0.0,1.0,0.0,0.0,0.0,0.0,0.0,1.0,0.0,-1.2000000000000002,0.0,0.0001,16.0,25903.0
2026-07-30T18:59:58.983Z,168.466,168.48,0.0,7.4,0.0,0.0,0.0,0.0,0.0,0.0,0.0,0.0,1.0,0.0,0.0,0.0,9.0,4.0,0.0,0.0,0.0,0.0,0.0,0.0,0.0,0.0,2.0,12.0,1.0,12.18,5.01,2.51,1.49,0.0,0.1,0.0,0.4,0.0,-0.4,0.0,-0.3,-169.70000000000002,0.0,0.0,169.8,0.0,21.8,30.0,29.9,30.6,300.0,300.0,31.1,35.0,29.700000000000003,29.0,30.8,4.95,2.0,4.96,0.16,0.0,0.0,1027.0,8228.0,0.0,0.0,0.0,0.0,0.0,1.0,0.0,0.0,0.0,0.0,0.0,-0.3,0.0,-0.1,0.0,0.0,16.0,25903.0
2026-07-30T18:59:58.995Z,168.478,168.492,0.0,7.4,0.0,0.0,0.0,0.0,0.0,0.0,0.0,0.0,1.0,0.0,0.0,0.0,9.0,4.0,0.0,0.0,0.0,0.0,0.0,0.0,0.0,0.0,3.0,12.0,1.0,12.18,5.01,2.51,1.49,0.0,0.0,0.0,0.4,0.0,-0.4,0.0,0.1,-169.70000000000002,0.0,0.0,169.8,0.0,21.8,30.0,29.9,30.6,300.0,300.0,31.1,35.0,29.700000000000003,29.0,30.8,4.96,1.99,4.96,0.16,0.0,0.0,1027.0,8228.0,0.0,0.0,0.0,0.0,0.0,1.0,0.0,0.0,0.0,0.0,0.0,0.7000000000000001,0.0,0.0,0.0,0.0001,16.0,25903.0
2026-07-30T18:59:59.007Z,168.49,168.504,0.0,7.4,0.0,0.0,0.0,0.0,0.0,0.0,0.0,0.0,1.0,0.0,0.0,0.0,9.0,4.0,0.0,0.0,0.0,0.0,0.0,0.0,0.0,0.0,4.0,12.0,1.0,12.11,5.01,2.51,1.5,0.0,0.0,0.0,0.4,0.0,0.1,0.0,-1.0,-169.70000000000002,0.0,0.0,169.70000000000002,0.0,21.700000000000003,30.0,29.9,30.6,300.0,300.0,31.0,35.0,29.700000000000003,29.0,30.8,4.95,1.99,4.97,0.16,0.0,0.0,1027.0,8228.0,0.0,0.0,0.0,0.0,0.0,1.0,0.0,0.0,0.0,0.0,0.0,-0.3,0.0,0.3,0.0,0.0001,16.0,25903.0
2026-07-30T18:59:59.019Z,168.502,168.516,0.0,7.4,0.0,0.0,0.0,0.0,0.0,0.0,0.0,0.0,1.0,0.0,0.0,0.0,9.0,4.0,0.0,0.0,0.0,0.0,0.0,0.0,0.0,0.0,5.0,12.0,1.0,12.11,5.01,2.51,1.5,0.0,0.1,0.0,0.4,0.0,-1.0,-1.1,-1.6,-169.70000000000002,0.0,0.0,169.8,0.0,21.700000000000003,30.0,29.9,30.6,300.0,300.0,31.0,35.0,29.700000000000003,29.0,30.8,4.96,2.0,4.97,0.16,0.0,0.0,1027.0,8228.0,0.0,0.0,0.0,0.0,0.0,1.0,0.0,0.0,0.0,0.0,0.0,-0.7000000000000001,0.0,0.9,0.0,0.0001,16.0,25903.0
2026-07-30T18:59:59.031Z,168.514,168.528,0.0,7.4,0.0,0.0,0.0,0.0,0.0,0.0,0.0,0.0,1.0,0.0,0.0,0.0,9.0,4.0,0.0,0.0,0.0,0.0,0.0,0.0,0.0,0.0,6.0,12.0,1.0,12.11,5.01,2.51,1.5,0.0,0.0,0.0,0.4,0.0,0.7000000000000001,0.6000000000000001,0.2,-169.70000000000002,0.0,0.0,169.8,0.0,21.700000000000003,30.0,29.9,30.6,300.0,300.0,31.0,35.0,29.700000000000003,29.0,30.8,4.96,2.0,4.96,0.16,0.0,0.0,1027.0,8228.0,0.0,0.0,0.0,0.0,0.0,1.0,0.0,0.0,0.0,0.0,0.0,0.8,0.0,0.0,0.0,0.0001,16.0,25903.0
2026-07-30T18:59:59.043Z,168.526,168.54,0.0,7.4,0.0,0.0,0.0,0.0,0.0,0.0,0.0,0.0,1.0,0.0,0.0,0.0,9.0,4.0,0.0,0.0,0.0,0.0,0.0,0.0,0.0,0.0,1.0,12.0,1.0,12.11,5.01,2.51,1.5,0.0,0.0,0.0,0.4,0.0,-0.3,0.0,-0.3,-169.70000000000002,0.0,0.0,169.8,0.0,21.700000000000003,30.0,29.9,30.6,300.0,300.0,31.0,35.0,29.700000000000003,29.0,30.8,4.96,1.99,4.96,0.16,0.0,0.0,1027.0,8228.0,0.0,0.0,0.0,0.0,0.0,1.0,0.0,0.0,0.0,0.0,0.0,-0.2,0.0,0.3,0.0,0.0,16.0,25903.0
2026-07-30T18:59:59.055Z,168.538,168.552,0.0,7.4,0.0,0.0,0.0,0.0,0.0,0.0,0.0,0.0,1.0,0.0,0.0,0.0,9.0,4.0,0.0,0.0,0.0,0.0,0.0,0.0,0.0,0.0,2.0,12.0,1.0,12.11,5.01,2.51,1.5,0.0,0.0,0.0,0.4,0.0,0.8,0.6000000000000001,0.7000000000000001,-169.70000000000002,0.0,0.0,169.8,0.0,21.700000000000003,30.0,29.9,30.6,300.0,300.0,31.0,35.0,29.700000000000003,29.0,30.8,4.95,1.99,4.96,0.16,0.0,0.0,1027.0,8228.0,0.0,0.0,0.0,0.0,0.0,1.0,0.0,0.0,0.0,0.0,0.0,1.3,0.0,-0.5,0.0,0.0,16.0,25903.0
2026-07-30T18:59:59.067Z,168.55,168.564,0.0,7.4,0.0,0.0,0.0,0.0,0.0,0.0,0.0,0.0,1.0,0.0,0.0,0.0,9.0,4.0,0.0,0.0,0.0,0.0,0.0,0.0,0.0,0.0,3.0,12.0,1.0,12.11,5.01,2.51,1.5,0.0,0.0,0.0,0.4,0.0,0.2,0.0,-0.3,-169.70000000000002,0.0,0.0,169.8,0.0,21.700000000000003,30.0,29.9,30.6,300.0,300.0,31.0,35.0,29.700000000000003,29.0,30.8,4.96,1.99,4.96,0.16,0.0,0.0,1027.0,8228.0,0.0,0.0,0.0,0.0,0.0,1.0,0.0,0.0,0.0,0.0,0.0,-0.8,0.0,0.2,0.0,0.0001,16.0,25903.0
2026-07-30T18:59:59.079Z,168.562,168.576,0.0,7.4,0.0,0.0,0.0,0.0,0.0,0.0,0.0,0.0,1.0,0.0,0.0,0.0,9.0,4.0,0.0,0.0,0.0,0.0,0.0,0.0,0.0,0.0,4.0,12.0,1.0,12.11,5.01,2.51,1.5,0.0,0.0,0.0,0.4,0.0,-0.3,1.2000000000000002,0.2,-169.70000000000002,0.0,0.0,169.70000000000002,0.0,21.700000000000003,30.0,29.9,30.6,300.0,300.0,31.0,35.0,29.700000000000003,29.0,30.8,4.96,1.99,4.97,0.16,0.0,0.0,1027.0,8228.0,0.0,0.0,0.0,0.0,0.0,1.0,0.0,0.0,0.0,0.0,0.0,1.5,0.0,0.0,0.0,0.0,16.0,25903.0
2026-07-30T18:59:59.091Z,168.574,168.588,0.1,7.4,0.0,0.0,0.0,0.0,0.0,0.0,0.0,0.0,1.0,0.0,0.0,0.0,9.0,4.0,0.0,0.0,0.0,0.0,0.0,0.0,0.0,0.0,5.0,12.0,1.0,12.11,5.01,2.51,1.5,0.0,0.0,0.0,0.4,0.0,0.2,1.2000000000000002,0.8,-169.70000000000002,0.0,0.0,169.70000000000002,0.0,21.700000000000003,30.0,29.9,30.6,300.0,300.0,31.0,35.0,29.700000000000003,29.0,30.8,4.95,1.99,4.97,0.16,0.0,0.0,1027.0,8228.0,0.0,0.0,0.0,0.0,0.0,1.0,0.0,0.0,0.0,0.0,0.0,-1.2000000000000002,0.0,0.7000000000000001,0.0,0.0002,16.0,25903.0
2026-07-30T18:59:59.110Z,168.593,168.6,0.0,7.4,0.0,0.0,0.0,0.0,0.0,0.0,0.0,0.0,1.0,0.0,0.0,0.0,9.0,4.0,0.0,0.0,0.0,0.0,0.0,0.0,0.0,0.0,1.0,12.0,1.0,12.11,5.01,2.51,1.5,0.0,0.0,0.0,0.4,0.0,-0.9,-0.4,0.8,-169.70000000000002,0.0,0.0,169.8,0.0,21.700000000000003,30.0,29.9,30.6,300.0,300.0,31.0,35.0,29.700000000000003,29.0,30.8,4.96,1.99,4.96,0.16,0.0,0.0,1027.0,8228.0,0.0,0.0,0.0,0.0,0.0,1.0,0.0,0.0,0.0,0.0,0.0,0.0,0.0,-0.8,0.0,0.0,16.0,25903.0
2026-07-30T18:59:59.116Z,168.599,168.612,0.0,7.4,0.0,0.0,0.0,0.0,0.0,0.0,0.0,0.0,1.0,0.0,0.0,0.0,9.0,4.0,0.0,0.0,0.0,0.0,0.0,0.0,0.0,0.0,5.0,12.0,1.0,12.17,5.0200000000000005,2.5,1.49,0.0,0.0,0.0,0.4,0.0,-0.3,0.6000000000000001,-0.2,-169.70000000000002,0.0,0.0,169.8,0.0,21.700000000000003,29.9,29.9,30.6,300.0,300.0,31.0,35.0,29.700000000000003,29.0,30.8,4.96,1.99,4.96,0.16,0.0,0.0,1027.0,8228.0,0.0,0.0,0.0,0.0,0.0,1.0,0.0,0.0,0.0,0.0,0.0,1.0,0.0,-0.1,0.0,0.0,16.0,25903.0
2026-07-30T18:59:59.127Z,168.61,168.624,0.0,7.4,0.0,0.0,0.0,0.0,0.0,0.0,0.0,0.0,1.0,0.0,0.0,0.0,9.0,4.0,0.0,0.0,0.0,0.0,0.0,0.0,0.0,0.0,5.0,12.0,1.0,12.17,5.0200000000000005,2.5,1.49,0.0,0.0,0.0,0.4,0.0,-0.9,0.6000000000000001,-0.8,-169.70000000000002,0.0,0.0,169.8,0.0,21.700000000000003,29.9,29.9,30.6,300.0,300.0,31.0,35.0,29.700000000000003,29.0,30.8,4.96,1.99,4.97,0.16,0.0,0.0,1027.0,8228.0,0.0,0.0,0.0,0.0,0.0,1.0,0.0,0.0,0.0,0.0,0.0,-0.1,0.0,0.2,0.0,0.0,16.0,25903.0
2026-07-30T18:59:59.139Z,168.622,168.636,0.0,7.4,0.0,0.0,0.0,0.0,0.0,0.0,0.0,0.0,1.0,0.0,0.0,0.0,9.0,4.0,0.0,0.0,0.0,0.0,0.0,0.0,0.0,0.0,6.0,12.0,1.0,12.17,5.0200000000000005,2.5,1.49,0.0,0.1,0.0,0.4,0.0,0.2,0.0,-0.9,-169.70000000000002,0.0,0.0,169.60000000000002,0.0,21.700000000000003,29.9,29.9,30.6,300.0,300.0,31.0,35.0,29.700000000000003,29.0,30.8,4.95,1.99,4.97,0.16,0.0,0.0,1027.0,8228.0,0.0,0.0,0.0,0.0,0.0,1.0,0.0,0.0,0.0,0.0,0.0,-0.6000000000000001,0.0,0.8,0.0,0.0,16.0,25903.0
2026-07-30T18:59:59.151Z,168.634,168.648,0.0,7.4,0.0,0.0,0.0,0.0,0.0,0.0,0.0,0.0,1.0,0.0,0.0,0.0,9.0,4.0,0.0,0.0,0.0,0.0,0.0,0.0,0.0,0.0,1.0,12.0,1.0,12.17,5.0200000000000005,2.5,1.49,0.0,0.0,0.0,0.4,0.0,-0.3,-0.4,0.2,-169.70000000000002,0.0,0.0,169.70000000000002,0.0,21.700000000000003,29.9,29.9,30.6,300.0,300.0,31.0,35.0,29.700000000000003,29.0,30.8,4.96,1.99,4.96,0.16,0.0,0.0,1027.0,8228.0,0.0,0.0,0.0,0.0,0.0,1.0,0.0,0.0,0.0,0.0,0.0,-0.3,0.0,-0.3,0.0,0.0003,16.0,25903.0
2026-07-30T18:59:59.163Z,168.646,168.66,0.0,7.4,0.0,0.0,0.0,0.0,0.0,0.0,0.0,0.0,1.0,0.0,0.0,0.0,9.0,4.0,0.0,0.0,0.0,0.0,0.0,0.0,0.0,0.0,2.0,12.0,1.0,12.17,5.0200000000000005,2.5,1.49,0.0,0.0,0.0,0.4,0.0,0.3,-0.4,0.8,-169.70000000000002,0.0,0.0,169.70000000000002,0.0,21.700000000000003,29.9,29.9,30.6,300.0,300.0,31.0,35.0,29.700000000000003,29.0,30.8,4.95,1.99,4.96,0.16,0.0,0.0,1027.0,8228.0,0.0,0.0,0.0,0.0,0.0,1.0,0.0,0.0,0.0,0.0,0.0,0.1,0.0,-0.8,0.0,0.0,16.0,25903.0
2026-07-30T18:59:59.175Z,168.658,168.672,0.0,7.4,0.0,0.0,0.0,0.0,0.0,0.0,0.0,0.0,1.0,0.0,0.0,0.0,9.0,4.0,0.0,0.0,0.0,0.0,0.0,0.0,0.0,0.0,3.0,12.0,1.0,12.17,5.0200000000000005,2.5,1.49,0.0,0.0,0.0,0.4,0.0,-0.2,-0.4,-0.8,-169.70000000000002,0.0,0.0,169.8,0.0,21.700000000000003,29.9,29.9,30.6,300.0,300.0,31.0,35.0,29.700000000000003,29.0,30.8,4.95,1.99,4.96,0.16,0.0,0.0,1027.0,8228.0,0.0,0.0,0.0,0.0,0.0,1.0,0.0,0.0,0.0,0.0,0.0,0.1,0.0,0.9,0.0,0.0001,16.0,25903.0
2026-07-30T18:59:59.187Z,168.67,168.684,0.0,7.4,0.0,0.0,0.0,0.0,0.0,0.0,0.0,0.0,1.0,0.0,0.0,0.0,9.0,4.0,0.0,0.0,0.0,0.0,0.0,0.0,0.0,0.0,5.0,12.0,1.0,12.17,5.0200000000000005,2.5,1.49,0.0,0.0,0.0,0.4,0.0,-0.3,-0.5,-0.8,-169.70000000000002,0.0,0.0,169.8,0.0,21.700000000000003,29.9,29.9,30.6,300.0,300.0,31.0,35.0,29.700000000000003,29.0,30.8,4.96,2.0,4.96,0.16,0.0,0.0,1027.0,8228.0,0.0,0.0,0.0,0.0,0.0,1.0,0.0,0.0,0.0,0.0,0.0,0.5,0.0,0.3,0.0,0.0002,16.0,25903.0
2026-07-30T18:59:59.199Z,168.682,168.696,0.0,7.4,0.0,0.0,0.0,0.0,0.0,0.0,0.0,0.0,1.0,0.0,0.0,0.0,9.0,4.0,0.0,0.0,0.0,0.0,0.0,0.0,0.0,0.0,6.0,12.0,1.0,12.17,5.0200000000000005,2.5,1.49,0.0,0.1,0.0,0.4,0.0,0.2,0.0,0.3,-169.70000000000002,0.0,0.0,169.8,0.0,21.700000000000003,29.9,29.9,30.6,300.0,300.0,31.0,35.0,29.700000000000003,29.0,30.8,4.96,2.0,4.96,0.16,0.0,0.0,1027.0,8228.0,0.0,0.0,0.0,0.0,0.0,1.0,0.0,0.0,0.0,0.0,0.0,-1.8,0.0,0.5,0.0,0.0,16.0,25903.0
2026-07-30T18:59:59.211Z,168.694,168.708,0.0,7.4,0.0,0.0,0.0,0.0,0.0,0.0,0.0,0.0,1.0,0.0,0.0,0.0,9.0,4.0,0.0,0.0,0.0,0.0,0.0,0.0,0.0,0.0,1.0,12.0,1.0,12.19,5.0200000000000005,2.51,1.49,0.0,0.0,0.0,0.4,0.0,0.3,-1.0,-2.5,-169.70000000000002,0.0,0.0,169.8,0.0,21.700000000000003,29.9,29.9,30.6,300.0,300.0,31.1,35.0,29.700000000000003,29.0,30.8,4.95,1.99,4.97,0.16,0.0,0.0,1027.0,8228.0,0.0,0.0,0.0,0.0,0.0,1.0,0.0,0.0,0.0,0.0,0.0,-3.1,0.0,2.0,0.0,0.0,16.0,25903.0
2026-07-30T18:59:59.223Z,168.706,168.72,0.0,7.4,0.0,0.0,0.0,0.0,0.0,0.0,0.0,0.0,1.0,0.0,0.0,0.0,9.0,4.0,0.0,0.0,0.0,0.0,0.0,0.0,0.0,0.0,2.0,12.0,1.0,12.19,5.0200000000000005,2.51,1.49,0.0,0.1,0.0,0.5,0.0,0.2,0.6000000000000001,-0.2,-169.70000000000002,0.0,0.0,169.70000000000002,0.0,21.700000000000003,29.9,29.9,30.6,300.0,300.0,31.1,35.0,29.700000000000003,29.0,30.8,4.95,1.99,4.97,0.16,0.0,0.0,1027.0,8228.0,0.0,0.0,0.0,0.0,0.0,1.0,0.0,0.0,0.0,0.0,0.0,0.5,0.0,0.3,0.0,0.0,16.0,25903.0
2026-07-30T18:59:59.235Z,168.718,168.732,0.0,7.4,0.0,0.0,0.0,0.0,0.0,0.0,0.0,0.0,1.0,0.0,0.0,0.0,9.0,4.0,0.0,0.0,0.0,0.0,0.0,0.0,0.0,0.0,4.0,12.0,1.0,12.19,5.0200000000000005,2.51,1.49,0.0,0.0,0.0,0.5,0.0,-0.3,0.6000000000000001,2.1,-169.70000000000002,0.0,0.0,169.8,0.0,21.700000000000003,29.9,29.9,30.6,300.0,300.0,31.1,35.0,29.700000000000003,29.0,30.8,4.96,1.99,4.97,0.16,0.0,0.0,1027.0,8228.0,0.0,0.0,0.0,0.0,0.0,1.0,0.0,0.0,0.0,0.0,0.0,2.3000000000000003,0.0,-1.7000000000000002,0.0,0.0001,16.0,25903.0
2026-07-30T18:59:59.247Z,168.73,168.744,0.0,7.4,0.0,0.0,0.0,0.0,0.0,0.0,0.0,0.0,1.0,0.0,0.0,0.0,9.0,4.0,0.0,0.0,0.0,0.0,0.0,0.0,0.0,0.0,5.0,12.0,1.0,12.19,5.0200000000000005,2.51,1.49,0.0,0.0,0.0,0.4,0.0,0.2,-1.7000000000000002,-2.5,-169.70000000000002,0.0,0.0,169.70000000000002,0.0,21.700000000000003,29.9,29.9,30.6,300.0,300.0,31.1,35.0,29.700000000000003,29.0,30.8,4.95,1.99,4.96,0.16,0.0,0.0,1027.0,8228.0,0.0,0.0,0.0,0.0,0.0,1.0,0.0,0.0,0.0,0.0,0.0,-3.8,0.0,1.9,0.0,0.0,16.0,25903.0
2026-07-30T18:59:59.259Z,168.742,168.756,0.0,7.4,0.0,0.0,0.0,0.0,0.0,0.0,0.0,0.0,1.0,0.0,0.0,0.0,9.0,4.0,0.0,0.0,0.0,0.0,0.0,0.0,0.0,0.0,6.0,12.0,1.0,12.19,5.0200000000000005,2.51,1.49,0.0,0.1,0.0,0.4,0.0,0.2,-0.5,-0.2,-169.70000000000002,0.0,0.0,169.70000000000002,0.0,21.700000000000003,29.9,29.9,30.6,300.0,300.0,31.1,35.0,29.700000000000003,29.0,30.8,4.96,1.99,4.96,0.16,0.0,0.0,1027.0,8228.0,0.0,0.0,0.0,0.0,0.0,1.0,0.0,0.0,0.0,0.0,0.0,-0.7000000000000001,0.0,0.0,0.0,0.0,16.0,25903.0
2026-07-30T18:59:59.271Z,168.754,168.768,0.0,7.4,0.0,0.0,0.0,0.0,0.0,0.0,0.0,0.0,1.0,0.0,0.0,0.0,9.0,4.0,0.0,0.0,0.0,0.0,0.0,0.0,0.0,0.0,1.0,12.0,1.0,12.19,5.0200000000000005,2.51,1.49,0.0,0.0,0.0,0.4,0.0,-0.9,-0.5,-0.2,-169.70000000000002,0.0,0.0,169.70000000000002,0.0,21.700000000000003,29.9,29.9,30.6,300.0,300.0,31.1,35.0,29.700000000000003,29.0,30.8,4.96,1.99,4.96,0.16,0.0,0.0,1027.0,8228.0,0.0,0.0,0.0,0.0,0.0,1.0,0.0,0.0,0.0,0.0,0.0,-0.7000000000000001,0.0,0.0,0.0,0.0001,16.0,25903.0
2026-07-30T18:59:59.283Z,168.766,168.78,0.0,7.4,0.0,0.0,0.0,0.0,0.0,0.0,0.0,0.0,1.0,0.0,0.0,0.0,9.0,4.0,0.0,0.0,0.0,0.0,0.0,0.0,0.0,0.0,3.0,12.0,1.0,12.19,5.0200000000000005,2.51,1.49,0.0,0.0,0.0,0.5,0.0,0.2,0.6000000000000001,0.9,-169.70000000000002,0.0,0.0,169.70000000000002,0.0,21.700000000000003,29.9,29.9,30.6,300.0,300.0,31.1,35.0,29.700000000000003,29.0,30.8,4.96,1.99,4.96,0.16,0.0,0.0,1027.0,8228.0,0.0,0.0,0.0,0.0,0.0,1.0,0.0,0.0,0.0,0.0,0.0,1.5,0.0,-0.7000000000000001,0.0,0.0001,16.0,25903.0
2026-07-30T18:59:59.295Z,168.778,168.792,0.0,7.4,0.0,0.0,0.0,0.0,0.0,0.0,0.0,0.0,1.0,0.0,0.0,0.0,9.0,4.0,0.0,0.0,0.0,0.0,0.0,0.0,0.0,0.0,4.0,12.0,1.0,12.19,5.0200000000000005,2.51,1.49,0.0,0.0,0.0,0.5,0.0,-0.3,0.6000000000000001,-0.2,-169.70000000000002,0.0,0.0,169.8,0.0,21.700000000000003,29.9,29.9,30.6,300.0,300.0,31.1,35.0,29.700000000000003,29.0,30.8,4.95,1.99,4.96,0.16,0.0,0.0,1027.0,8228.0,0.0,0.0,0.0,0.0,0.0,1.0,0.0,0.0,0.0,0.0,0.0,0.5,0.0,0.3,0.0,0.0001,16.0,25903.0
2026-07-30T18:59:59.307Z,168.79,168.804,0.0,7.4,0.0,0.0,0.0,0.0,0.0,0.0,0.0,0.0,1.0,0.0,0.0,0.0,9.0,4.0,0.0,0.0,0.0,0.0,0.0,0.0,0.0,0.0,5.0,12.0,1.0,12.19,5.0200000000000005,2.51,1.49,0.0,0.1,0.0,0.5,0.0,-0.9,-0.5,-0.2,-169.70000000000002,0.0,0.0,169.8,0.0,21.700000000000003,29.9,29.9,30.6,300.0,300.0,31.1,35.0,29.700000000000003,29.0,30.8,4.95,1.99,4.96,0.16,0.0,0.0,1027.0,8228.0,0.0,0.0,0.0,0.0,0.0,1.0,0.0,0.0,0.0,0.0,0.0,-0.8,0.0,0.1,0.0,0.0002,16.0,25903.0
2026-07-30T18:59:59.319Z,168.802,168.816,0.0,7.4,0.0,0.0,0.0,0.0,0.0,0.0,0.0,0.0,1.0,0.0,0.0,0.0,9.0,4.0,0.0,0.0,0.0,0.0,0.0,0.0,0.0,0.0,6.0,12.0,1.0,12.17,5.0200000000000005,2.51,1.49,0.0,0.0,0.0,0.4,0.0,0.2,0.0,0.3,-169.70000000000002,0.0,0.0,169.8,0.0,21.700000000000003,29.9,29.9,30.6,300.0,300.0,31.1,35.0,29.700000000000003,29.0,30.8,4.95,1.99,4.97,0.16,0.0,0.0,1027.0,8228.0,0.0,0.0,0.0,0.0,0.0,1.0,0.0,0.0,0.0,0.0,0.0,0.2,0.0,-0.2,0.0,0.0001,16.0,25903.0
2026-07-30T18:59:59.331Z,168.814,168.828,0.0,7.4,0.0,0.0,0.0,0.0,0.0,0.0,0.0,0.0,1.0,0.0,0.0,0.0,9.0,4.0,0.0,0.0,0.0,0.0,0.0,0.0,0.0,0.0,1.0,12.0,1.0,12.17,5.0200000000000005,2.51,1.49,0.0,0.0,0.0,0.4,0.0,0.2,1.2000000000000002,0.3,-169.70000000000002,0.0,0.0,169.70000000000002,0.0,21.700000000000003,29.9,29.9,30.6,300.0,300.0,31.1,35.0,29.700000000000003,29.0,30.8,4.95,1.99,4.97,0.16,0.0,0.0,1027.0,8228.0,0.0,0.0,0.0,0.0,0.0,1.0,0.0,0.0,0.0,0.0,0.0,1.6,0.0,0.0,0.0,0.0,16.0,25903.0
2026-07-30T18:59:59.343Z,168.826,168.84,0.0,7.4,0.0,0.0,0.0,0.0,0.0,0.0,0.0,0.0,1.0,0.0,0.0,0.0,9.0,4.0,0.0,0.0,0.0,0.0,0.0,0.0,0.0,0.0,2.0,12.0,1.0,12.17,5.0200000000000005,2.51,1.49,0.0,0.0,0.0,0.4,0.0,0.2,0.0,0.9,-169.70000000000002,0.0,0.0,169.8,0.0,21.700000000000003,29.9,29.9,30.6,300.0,300.0,31.1,35.0,29.700000000000003,29.0,30.8,4.95,1.99,4.96,0.16,0.0,0.0,1027.0,8228.0,0.0,0.0,0.0,0.0,0.0,1.0,0.0,0.0,0.0,0.0,0.0,0.7000000000000001,0.0,-0.8,0.0,0.0,16.0,25903.0
2026-07-30T18:59:59.355Z,168.838,168.852,0.0,7.4,0.0,0.0,0.0,0.0,0.0,0.0,0.0,0.0,1.0,0.0,0.0,0.0,9.0,4.0,0.0,0.0,0.0,0.0,0.0,0.0,0.0,0.0,4.0,12.0,1.0,12.17,5.0200000000000005,2.51,1.49,0.0,0.0,0.0,0.4,0.0,-0.3,-0.4,-1.3,-169.70000000000002,0.0,0.0,169.8,0.0,21.700000000000003,29.9,29.9,30.6,300.0,300.0,31.1,35.0,29.700000000000003,29.0,30.8,4.95,1.99,4.96,0.16,0.0,0.0,1027.0,8228.0,0.0,0.0,0.0,0.0,0.0,1.0,0.0,0.0,0.0,0.0,0.0,-1.5,0.0,1.0,0.0,0.0,16.0,25903.0
2026-07-30T18:59:59.367Z,168.85,168.864,0.0,7.4,0.0,0.0,0.0,0.0,0.0,0.0,0.0,0.0,1.0,0.0,0.0,0.0,9.0,4.0,0.0,0.0,0.0,0.0,0.0,0.0,0.0,0.0,5.0,12.0,1.0,12.17,5.0200000000000005,2.51,1.49,0.0,0.0,0.0,0.5,0.0,-0.9,0.6000000000000001,-0.2,-169.70000000000002,0.0,0.0,169.8,0.0,21.700000000000003,29.9,29.9,30.6,300.0,300.0,31.1,35.0,29.700000000000003,29.0,30.8,4.95,1.99,4.97,0.16,0.0,0.0,1027.0,8228.0,0.0,0.0,0.0,0.0,0.0,1.0,0.0,0.0,0.0,0.0,0.0,0.5,0.0,0.3,0.0,0.0,16.0,25903.0
2026-07-30T18:59:59.379Z,168.862,168.876,0.0,7.4,0.0,0.0,0.0,0.0,0.0,0.0,0.0,0.0,1.0,0.0,0.0,0.0,9.0,4.0,0.0,0.0,0.0,0.0,0.0,0.0,0.0,0.0,6.0,12.0,1.0,12.17,5.0200000000000005,2.51,1.49,0.0,0.1,0.0,0.5,0.0,0.2,0.1,-0.2,-169.70000000000002,0.0,0.0,169.8,0.0,21.700000000000003,29.9,29.9,30.6,300.0,300.0,31.1,35.0,29.700000000000003,29.0,30.8,4.95,1.99,4.97,0.16,0.0,0.0,1027.0,8228.0,0.0,0.0,0.0,0.0,0.0,1.0,0.0,0.0,0.0,0.0,0.0,0.0,0.0,0.2,0.0,0.0001,16.0,25903.0
2026-07-30T18:59:59.391Z,168.874,168.888,0.0,7.4,0.0,0.0,0.0,0.0,0.0,0.0,0.0,0.0,1.0,0.0,0.0,0.0,9.0,4.0,0.0,0.0,0.0,0.0,0.0,0.0,0.0,0.0,1.0,12.0,1.0,12.17,5.0200000000000005,2.51,1.49,0.0,0.0,0.0,0.4,0.0,0.2,-1.0,-0.8,-169.70000000000002,0.0,0.0,169.8,0.0,21.700000000000003,29.9,29.9,30.6,300.0,300.0,31.1,35.0,29.700000000000003,29.0,30.8,4.96,1.99,4.96,0.16,0.0,0.0,1027.0,8228.0,0.0,0.0,0.0,0.0,0.0,1.0,0.0,0.0,0.0,0.0,0.0,-1.8,0.0,0.5,0.0,0.0,16.0,25903.0
2026-07-30T18:59:59.403Z,168.886,168.9,0.0,7.4,0.0,0.0,0.0,0.0,0.0,0.0,0.0,0.0,1.0,0.0,0.0,0.0,9.0,4.0,0.0,0.0,0.0,0.0,0.0,0.0,0.0,0.0,2.0,12.0,1.0,12.17,5.0200000000000005,2.51,1.49,0.0,0.0,0.0,0.4,0.0,-0.3,0.1,-0.3,-169.70000000000002,0.0,0.0,169.8,0.0,21.700000000000003,29.9,29.9,30.6,300.0,300.0,31.1,35.0,29.700000000000003,29.0,30.8,4.95,1.99,4.97,0.16,0.0,0.0,1027.0,8228.0,0.0,0.0,0.0,0.0,0.0,1.0,0.0,0.0,0.0,0.0,0.0,0.0,0.0,0.2,0.0,0.0001,16.0,25903.0
2026-07-30T18:59:59.415Z,168.898,168.912,0.0,7.4,0.0,0.0,0.0,0.0,0.0,0.0,0.0,0.0,1.0,0.0,0.0,0.0,9.0,4.0,0.0,0.0,0.0,0.0,0.0,0.0,0.0,0.0,3.0,12.0,1.0,12.18,5.01,2.5,1.49,0.0,0.0,0.0,0.5,0.0,0.8,1.2000000000000002,-0.3,-169.70000000000002,0.0,0.0,169.8,0.0,21.200000000000003,29.9,29.9,30.5,300.0,300.0,31.1,35.0,29.700000000000003,29.0,30.8,4.95,1.99,4.96,0.16,0.0,0.0,1027.0,8228.0,0.0,0.0,0.0,0.0,0.0,1.0,0.0,0.0,0.0,0.0,0.0,1.1,0.0,0.5,0.0,0.0,16.0,25903.0
2026-07-30T18:59:59.434Z,168.917,168.924,0.0,7.4,0.0,0.0,0.0,0.0,0.0,0.0,0.0,0.0,1.0,0.0,0.0,0.0,9.0,4.0,0.0,0.0,0.0,0.0,0.0,0.0,0.0,0.0,4.0,12.0,1.0,12.18,5.01,2.5,1.49,0.0,0.0,0.0,0.4,0.0,0.2,0.0,0.2,-169.70000000000002,0.0,0.0,169.70000000000002,0.0,21.200000000000003,29.9,29.9,30.5,300.0,300.0,31.1,35.0,29.700000000000003,29.0,30.8,4.96,1.99,4.96,0.16,0.0,0.0,1027.0,8228.0,0.0,0.0,0.0,0.0,0.0,1.0,0.0,0.0,0.0,0.0,0.0,0.3,0.0,-0.2,0.0,0.0,16.0,25903.0
2026-07-30T18:59:59.439Z,168.922,168.936,0.0,7.4,0.0,0.0,0.0,0.0,0.0,0.0,0.0,0.0,1.0,0.0,0.0,0.0,9.0,4.0,0.0,0.0,0.0,0.0,0.0,0.0,0.0,0.0,2.0,12.0,1.0,12.18,5.01,2.5,1.49,0.0,0.0,0.0,0.5,0.0,-0.2,0.0,0.2,-169.70000000000002,0.0,0.0,169.8,0.0,21.200000000000003,29.9,29.9,30.5,300.0,300.0,31.1,35.0,29.700000000000003,29.0,30.8,4.95,1.99,4.97,0.16,0.0,0.0,1027.0,8228.0,0.0,0.0,0.0,0.0,0.0,1.0,0.0,0.0,0.0,0.0,0.0,0.3,0.0,-0.2,0.0,0.0,16.0,25903.0
2026-07-30T18:59:59.451Z,168.934,168.948,0.0,7.4,0.0,0.0,0.0,0.0,0.0,0.0,0.0,0.0,1.0,0.0,0.0,0.0,9.0,4.0,0.0,0.0,0.0,0.0,0.0,0.0,0.0,0.0,2.0,12.0,1.0,12.18,5.01,2.5,1.49,0.0,0.1,0.0,0.4,0.0,0.3,-0.4,0.3,-169.70000000000002,0.0,0.0,169.70000000000002,0.0,21.200000000000003,29.9,29.9,30.5,300.0,300.0,31.1,35.0,29.700000000000003,29.0,30.8,4.96,1.99,4.97,0.16,0.0,0.0,1027.0,8228.0,0.0,0.0,0.0,0.0,0.0,1.0,0.0,0.0,0.0,0.0,0.0,-0.3,0.0,-0.3,0.0,0.0,16.0,25903.0
2026-07-30T18:59:59.463Z,168.946,168.96,0.0,7.4,0.0,0.0,0.0,0.0,0.0,0.0,0.0,0.0,1.0,0.0,0.0,0.0,9.0,4.0,0.0,0.0,0.0,0.0,0.0,0.0,0.0,0.0,3.0,12.0,1.0,12.18,5.01,2.5,1.49,0.0,0.0,0.0,0.4,0.0,0.3,-0.5,-0.3,-169.70000000000002,0.0,0.0,169.70000000000002,0.0,21.200000000000003,29.9,29.9,30.5,300.0,300.0,31.1,35.0,29.700000000000003,29.0,30.8,4.96,2.0,4.96,0.16,0.0,0.0,1027.0,8228.0,0.0,0.0,0.0,0.0,0.0,1.0,0.0,0.0,0.0,0.0,0.0,-0.8,0.0,0.1,0.0,0.0001,16.0,25903.0
2026-07-30T18:59:59.475Z,168.958,168.972,0.0,7.4,0.0,0.0,0.0,0.0,0.0,0.0,0.0,0.0,1.0,0.0,0.0,0.0,9.0,4.0,0.0,0.0,0.0,0.0,0.0,0.0,0.0,0.0,5.0,12.0,1.0,12.18,5.01,2.5,1.49,0.0,0.0,0.0,0.4,0.0,-0.2,1.2000000000000002,-0.3,-169.70000000000002,0.0,0.0,169.70000000000002,0.0,21.200000000000003,29.9,29.9,30.5,300.0,300.0,31.1,35.0,29.700000000000003,29.0,30.8,4.96,1.99,4.96,0.16,0.0,0.0,1027.0,8228.0,0.0,0.0,0.0,0.0,0.0,1.0,0.0,0.0,0.0,0.0,0.0,1.1,0.0,0.5,0.0,0.0001,16.0,25903.0
2026-07-30T18:59:59.487Z,168.97,168.984,0.0,7.4,0.0,0.0,0.0,0.0,0.0,0.0,0.0,0.0,1.0,0.0,0.0,0.0,9.0,4.0,0.0,0.0,0.0,0.0,0.0,0.0,0.0,0.0,5.0,12.0,1.0,12.18,5.01,2.5,1.49,0.0,0.1,0.0,0.4,0.0,0.2,0.0,0.8,-169.70000000000002,0.0,0.0,169.60000000000002,0.0,21.200000000000003,29.9,29.9,30.5,300.0,300.0,31.1,35.0,29.700000000000003,29.0,30.8,4.95,1.99,4.97,0.16,0.0,0.0,1027.0,8228.0,0.0,0.0,0.0,0.0,0.0,1.0,0.0,0.0,0.0,0.0,0.0,0.6000000000000001,0.0,-0.7000000000000001,0.0,0.0001,16.0,25903.0
2026-07-30T18:59:59.499Z,168.982,168.996,0.0,7.4,0.0,0.0,0.0,0.0,0.0,0.0,0.0,0.0,1.0,0.0,0.0,0.0,9.0,4.0,0.0,0.0,0.0,0.0,0.0,0.0,0.0,0.0,6.0,12.0,1.0,12.18,5.01,2.5,1.49,0.0,0.0,0.0,0.4,0.0,-0.3,-0.5,-0.8,-169.70000000000002,0.0,0.0,169.70000000000002,0.0,21.200000000000003,29.9,29.9,30.5,300.0,300.0,31.1,35.0,29.700000000000003,29.0,30.8,4.96,1.99,4.97,0.16,0.0,0.0,1027.0,8228.0,0.0,0.0,0.0,0.0,0.0,1.0,0.0,0.0,0.0,0.0,0.0,-1.3,0.0,-1.6,0.0,0.0001,16.0,25903.0
2026-07-30T18:59:59.511Z,168.994,169.008,0.0,7.4,0.0,0.0,0.0,0.0,0.0,0.0,0.0,0.0,1.0,0.0,0.0,0.0,9.0,4.0,0.0,0.0,0.0,0.0,0.0,0.0,0.0,0.0,1.0,12.0,1.0,12.18,5.01,2.5,1.49,0.0,0.0,0.0,0.4,0.0,-0.3,0.0,0.3,-169.70000000000002,0.0,0.0,169.70000000000002,0.0,21.200000000000003,29.9,29.9,30.5,300.0,300.0,31.1,35.0,29.700000000000003,29.0,30.8,4.96,2.0,4.97,0.16,0.0,0.0,1027.0,8228.0,0.0,0.0,0.0,0.0,0.0,1.0,0.0,0.0,0.0,0.0,0.0,-0.6000000000000001,0.0,0.7000000000000001,0.0,0.0001,16.0,25903.0
2026-07-30T18:59:59.523Z,169.006,169.02,0.0,7.4,0.0,0.0,0.0,0.0,0.0,0.0,0.0,0.0,1.0,0.0,0.0,0.0,9.0,4.0,0.0,0.0,0.0,0.0,0.0,0.0,0.0,0.0,2.0,12.0,1.0,12.15,5.0200000000000005,2.51,1.49,0.0,0.0,0.0,0.4,0.0,0.2,0.0,0.2,-169.70000000000002,0.0,0.0,169.8,0.0,21.8,29.9,29.9,30.6,300.0,300.0,31.0,35.0,29.700000000000003,29.0,30.8,4.95,1.99,4.97,0.16,0.0,0.0,1027.0,8228.0,0.0,0.0,0.0,0.0,0.0,1.0,0.0,0.0,0.0,0.0,0.0,0.2,0.0,-0.2,0.0,0.0002,16.0,25903.0
2026-07-30T18:59:59.535Z,169.018,169.032,0.0,7.4,0.0,0.0,0.0,0.0,0.0,0.0,0.0,0.0,1.0,0.0,0.0,0.0,9.0,4.0,0.0,0.0,0.0,0.0,0.0,0.0,0.0,0.0,3.0,12.0,1.0,12.15,5.0200000000000005,2.51,1.49,0.0,0.1,0.0,0.4,0.0,-0.4,0.6000000000000001,-0.3,-169.70000000000002,0.0,0.0,169.8,0.0,21.8,29.9,29.9,30.6,300.0,300.0,31.0,35.0,29.700000000000003,29.0,30.8,4.96,1.99,4.97,0.16,0.0,0.0,1027.0,8228.0,0.0,0.0,0.0,0.0,0.0,1.0,0.0,0.0,0.0,0.0,0.0,0.4,0.0,0.4,0.0,0.0,16.0,25903.0
2026-07-30T18:59:59.547Z,169.03,169.044,0.0,7.4,0.0,0.0,0.0,0.0,0.0,0.0,0.0,0.0,1.0,0.0,0.0,0.0,9.0,4.0,0.0,0.0,0.0,0.0,0.0,0.0,0.0,0.0,5.0,12.0,1.0,12.15,5.0200000000000005,2.51,1.49,0.0,0.0,0.0,0.4,0.0,0.2,-1.1,-1.4,-169.70000000000002,0.0,0.0,169.70000000000002,0.0,21.8,29.9,29.9,30.6,300.0,300.0,31.0,35.0,29.700000000000003,29.0,30.8,4.96,1.99,4.96,0.16,0.0,0.0,1027.0,8228.0,0.0,0.0,0.0,0.0,0.0,1.0,0.0,0.0,0.0,0.0,0.0,-2.3000000000000003,0.0,1.0,0.0,0.0001,16.0,25903.0
2026-07-30T18:59:59.559Z,169.042,169.056,0.0,7.4,0.0,0.0,0.0,0.0,0.0,0.0,0.0,0.0,1.0,0.0,0.0,0.0,9.0,4.0,0.0,0.0,0.0,0.0,0.0,0.0,0.0,0.0,6.0,12.0,1.0,12.15,5.0200000000000005,2.51,1.49,0.0,0.0,0.0,0.4,0.0,-0.3,0.6000000000000001,1.4,-169.70000000000002,0.0,0.0,169.70000000000002,0.0,21.8,29.9,29.9,30.6,300.0,300.0,31.0,35.0,29.700000000000003,29.0,30.8,4.96,1.99,4.97,0.16,0.0,0.0,1027.0,8228.0,0.0,0.0,0.0,0.0,0.0,1.0,0.0,0.0,0.0,0.0,0.0,1.8,0.0,-1.1,0.0,0.0001,16.0,25903.0
2026-07-30T18:59:59.571Z,169.054,169.068,0.0,7.4,0.0,0.0,0.0,0.0,0.0,0.0,0.0,0.0,1.0,0.0,0.0,0.0,9.0,4.0,0.0,0.0,0.0,0.0,0.0,0.0,0.0,0.0,1.0,12.0,1.0,12.15,5.0200000000000005,2.51,1.49,0.0,0.0,0.0,0.4,0.0,-0.3,0.6000000000000001,0.3,-169.70000000000002,0.0,0.0,169.8,0.0,21.8,29.9,29.9,30.6,300.0,300.0,31.0,35.0,29.700000000000003,29.0,30.8,4.95,1.99,4.97,0.16,0.0,0.0,1027.0,8228.0,0.0,0.0,0.0,0.0,0.0,1.0,0.0,0.0,0.0,0.0,0.0,0.9,0.0,-0.1,0.0,0.0002,16.0,25903.0
2026-07-30T18:59:59.583Z,169.066,169.08,0.0,7.4,0.0,0.0,0.0,0.0,0.0,0.0,0.0,0.0,1.0,0.0,0.0,0.0,9.0,4.0,0.0,0.0,0.0,0.0,0.0,0.0,0.0,0.0,2.0,12.0,1.0,12.15,5.0200000000000005,2.51,1.49,0.0,0.0,0.0,0.5,0.0,0.8,-0.4,0.9,-169.70000000000002,0.0,0.0,169.8,0.0,21.8,29.9,29.9,30.6,300.0,300.0,31.0,35.0,29.700000000000003,29.0,30.8,4.95,1.99,4.97,0.16,0.0,0.0,1027.0,8228.0,0.0,0.0,0.0,0.0,0.0,1.0,0.0,0.0,0.0,0.0,0.0,0.1,0.0,-0.8,0.0,0.0002,16.0,25903.0
2026-07-30T18:59:59.595Z,169.078,169.092,0.0,7.4,0.0,0.0,0.0,0.0,0.0,0.0,0.0,0.0,1.0,0.0,0.0,0.0,9.0,4.0,0.0,0.0,0.0,0.0,0.0,0.0,0.0,0.0,3.0,12.0,1.0,12.15,5.0200000000000005,2.51,1.49,0.0,0.1,0.0,0.5,0.0,-0.2,-0.5,0.9,-169.70000000000002,0.0,0.0,169.8,0.0,21.8,29.9,29.9,30.6,300.0,300.0,31.0,35.0,29.700000000000003,29.0,30.8,4.96,2.0,4.97,0.16,0.0,0.0,1027.0,8228.0,0.0,0.0,0.0,0.0,0.0,1.0,0.0,0.0,0.0,0.0,0.0,-1.6,0.0,-0.6000000000000001,0.0,0.0,16.0,25903.0
2026-07-30T18:59:59.607Z,169.09,169.104,0.0,7.4,0.0,0.0,0.0,0.0,0.0,0.0,0.0,0.0,1.0,0.0,0.0,0.0,9.0,4.0,0.0,0.0,0.0,0.0,0.0,0.0,0.0,0.0,4.0,12.0,1.0,12.15,5.0200000000000005,2.51,1.49,0.0,0.0,0.0,0.4,0.0,-0.3,-0.5,-0.8,-169.70000000000002,0.0,0.0,169.70000000000002,0.0,21.8,29.9,29.9,30.6,300.0,300.0,31.0,35.0,29.700000000000003,29.0,30.8,4.96,1.99,4.97,0.16,0.0,0.0,1027.0,8228.0,0.0,0.0,0.0,0.0,0.0,1.0,0.0,0.0,0.0,0.0,0.0,-1.2000000000000002,0.0,0.6000000000000001,0.0,0.0,16.0,25903.0
2026-07-30T18:59:59.619Z,169.102,169.116,0.0,7.4,0.0,0.0,0.0,0.0,0.0,0.0,0.0,0.0,1.0,0.0,0.0,0.0,9.0,4.0,0.0,0.0,0.0,0.0,0.0,0.0,0.0,0.0,5.0,12.0,1.0,12.18,5.01,2.51,1.5,0.0,0.0,0.0,0.4,0.0,-0.3,0.6000000000000001,0.9,-169.70000000000002,0.0,0.0,169.8,0.0,21.4,29.9,29.9,30.6,300.0,300.0,31.1,35.0,29.700000000000003,29.0,30.8,4.95,1.99,4.97,0.16,0.0,0.0,1027.0,8228.0,0.0,0.0,0.0,0.0,0.0,1.0,0.0,0.0,0.0,0.0,0.0,1.3,0.0,-0.6000000000000001,0.0,0.0,16.0,25903.0
2026-07-30T18:59:59.632Z,169.115,169.128,0.0,7.4,0.0,0.0,0.0,0.0,0.0,0.0,0.0,0.0,1.0,0.0,0.0,0.0,9.0,4.0,0.0,0.0,0.0,0.0,0.0,0.0,0.0,0.0,6.0,12.0,1.0,12.18,5.01,2.51,1.5,0.0,0.0,0.0,0.4,0.0,0.2,0.0,-0.8,-169.70000000000002,0.0,0.0,169.8,0.0,21.4,29.9,29.9,30.6,300.0,300.0,31.1,35.0,29.700000000000003,29.0,30.8,4.95,1.99,4.96,0.16,0.0,0.0,1027.0,8228.0,0.0,0.0,0.0,0.0,0.0,1.0,0.0,0.0,0.0,0.0,0.0,-0.5,0.0,0.7000000000000001,0.0,0.0,16.0,25903.0
2026-07-30T18:59:59.643Z,169.126,169.14,0.0,7.4,0.0,0.0,0.0,0.0,0.0,0.0,0.0,0.0,1.0,0.0,0.0,0.0,9.0,4.0,0.0,0.0,0.0,0.0,0.0,0.0,0.0,0.0,1.0,12.0,1.0,12.18,5.01,2.51,1.5,0.0,0.0,0.0,0.4,0.0,0.2,-1.0,-0.8,-169.70000000000002,0.0,0.0,169.70000000000002,0.0,21.4,29.9,29.9,30.6,300.0,300.0,31.1,35.0,29.700000000000003,29.0,30.8,4.95,1.99,4.97,0.16,0.0,0.0,1027.0,8228.0,0.0,0.0,0.0,0.0,0.0,1.0,0.0,0.0,0.0,0.0,0.0,-1.8,0.0,0.5,0.0,0.0,16.0,25903.0
2026-07-30T18:59:59.655Z,169.138,169.15200000000002,0.0,7.4,0.0,0.0,0.0,0.0,0.0,0.0,0.0,0.0,1.0,0.0,0.0,0.0,9.0,4.0,0.0,0.0,0.0,0.0,0.0,0.0,0.0,0.0,2.0,12.0,1.0,12.18,5.01,2.51,1.5,0.0,0.1,0.0,0.4,0.0,-0.9,0.0,-0.2,-169.70000000000002,0.0,0.0,169.8,0.0,21.4,29.9,29.9,30.6,300.0,300.0,31.1,35.0,29.700000000000003,29.0,30.8,4.95,1.99,4.97,0.16,0.0,0.0,1027.0,8228.0,0.0,0.0,0.0,0.0,0.0,1.0,0.0,0.0,0.0,0.0,0.0,-0.1,0.0,0.2,0.0,0.0001,16.0,25903.0
2026-07-30T18:59:59.667Z,169.15,169.16400000000002,0.0,7.4,0.0,0.0,0.0,0.0,0.0,0.0,0.0,0.0,1.0,0.0,0.0,0.0,9.0,4.0,0.0,0.0,0.0,0.0,0.0,0.0,0.0,0.0,3.0,12.0,1.0,12.18,5.01,2.51,1.5,0.0,0.0,0.0,0.4,0.0,-0.8,0.0,-0.7000000000000001,-169.70000000000002,0.0,0.0,169.70000000000002,0.0,21.4,29.9,29.9,30.6,300.0,300.0,31.1,35.0,29.700000000000003,29.0,30.8,4.96,1.99,4.97,0.16,0.0,0.0,1027.0,8228.0,0.0,0.0,0.0,0.0,0.0,1.0,0.0,0.0,0.0,0.0,0.0,-0.5,0.0,0.6000000000000001,0.0,0.0,16.0,25903.0
2026-07-30T18:59:59.679Z,169.162,169.17600000000002,0.0,7.4,0.0,0.0,0.0,0.0,0.0,0.0,0.0,0.0,1.0,0.0,0.0,0.0,9.0,4.0,0.0,0.0,0.0,0.0,0.0,0.0,0.0,0.0,4.0,12.0,1.0,12.18,5.01,2.51,1.5,0.0,0.0,0.0,0.4,0.0,0.2,0.0,0.9,-169.70000000000002,0.0,0.0,169.8,0.0,21.4,29.9,29.9,30.6,300.0,300.0,31.1,35.0,29.700000000000003,29.0,30.8,4.95,1.99,4.96,0.16,0.0,0.0,1027.0,8228.0,0.0,0.0,0.0,0.0,0.0,1.0,0.0,0.0,0.0,0.0,0.0,0.7000000000000001,0.0,-0.8,0.0,0.0,16.0,25903.0
2026-07-30T18:59:59.691Z,169.174,169.18800000000002,0.0,7.4,0.0,0.0,0.0,0.0,0.0,0.0,0.0,0.0,1.0,0.0,0.0,0.0,9.0,4.0,0.0,0.0,0.0,0.0,0.0,0.0,0.0,0.0,5.0,12.0,1.0,12.18,5.01,2.51,1.5,0.0,0.1,0.0,0.4,0.0,-0.9,0.0,-0.8,-169.70000000000002,0.0,0.0,169.8,0.0,21.4,29.9,29.9,30.6,300.0,300.0,31.1,35.0,29.700000000000003,29.0,30.8,4.95,1.99,4.96,0.16,0.0,0.0,1027.0,8228.0,0.0,0.0,0.0,0.0,0.0,1.0,0.0,0.0,0.0,0.0,0.0,-0.5,0.0,0.7000000000000001,0.0,0.0,16.0,25903.0
2026-07-30T18:59:59.703Z,169.186,169.20000000000002,0.0,7.4,0.0,0.0,0.0,0.0,0.0,0.0,0.0,0.0,1.0,0.0,0.0,0.0,9.0,4.0,0.0,0.0,0.0,0.0,0.0,0.0,0.0,0.0,6.0,12.0,1.0,12.18,5.01,2.51,1.5,0.0,0.1,0.0,0.4,0.0,-0.3,-0.4,-0.2,-169.70000000000002,0.0,0.0,169.70000000000002,0.0,21.4,29.9,29.9,30.6,300.0,300.0,31.1,35.0,29.700000000000003,29.0,30.8,4.95,1.99,4.96,0.16,0.0,0.0,1027.0,8228.0,0.0,0.0,0.0,0.0,0.0,1.0,0.0,0.0,0.0,0.0,0.0,-0.7000000000000001,0.0,0.0,0.0,0.0001,16.0,25903.0
2026-07-30T18:59:59.715Z,169.198,169.21200000000002,0.0,7.4,0.0,0.0,0.0,0.0,0.0,0.0,0.0,0.0,1.0,0.0,0.0,0.0,9.0,4.0,0.0,0.0,0.0,0.0,0.0,0.0,0.0,0.0,1.0,12.0,1.0,12.18,5.01,2.51,1.5,0.0,0.1,0.0,0.4,0.0,-0.3,-0.5,0.3,-169.70000000000002,0.0,0.0,169.8,0.0,21.4,29.9,29.9,30.6,300.0,300.0,31.1,35.0,29.700000000000003,29.0,30.8,4.96,1.99,4.96,0.16,0.0,0.0,1027.0,8228.0,0.0,0.0,0.0,0.0,0.0,1.0,0.0,0.0,0.0,0.0,0.0,0.1,0.0,0.8,0.0,0.0002,16.0,25903.0
2026-07-30T18:59:59.727Z,169.21,169.224,0.0,7.4,0.0,0.0,0.0,0.0,0.0,0.0,0.0,0.0,1.0,0.0,0.0,0.0,9.0,4.0,0.0,0.0,0.0,0.0,0.0,0.0,0.0,0.0,3.0,12.0,1.0,12.17,5.0200000000000005,2.51,1.5,0.0,0.0,0.0,0.4,0.0,0.8,-0.5,1.5,-169.70000000000002,0.0,0.0,169.8,0.0,21.4,29.9,29.9,30.5,300.0,300.0,31.200000000000003,35.0,29.6,29.0,30.8,4.95,1.99,4.97,0.16,0.0,0.0,1027.0,8228.0,0.0,0.0,0.0,0.0,0.0,1.0,0.0,0.0,0.0,0.0,0.0,0.5,0.0,-1.4,0.0,0.0002,16.0,25903.0
2026-07-30T18:59:59.739Z,169.222,169.236,0.0,7.4,0.0,0.0,0.0,0.0,0.0,0.0,0.0,0.0,1.0,0.0,0.0,0.0,9.0,4.0,0.0,0.0,0.0,0.0,0.0,0.0,0.0,0.0,5.0,12.0,1.0,12.17,5.0200000000000005,2.51,1.5,0.0,0.1,0.0,0.4,0.0,0.8,-0.4,0.4,-169.70000000000002,0.0,0.0,169.70000000000002,0.0,21.4,29.9,29.9,30.5,300.0,300.0,31.200000000000003,35.0,29.6,29.0,30.8,4.96,1.99,4.96,0.16,0.0,0.0,1027.0,8228.0,0.0,0.0,0.0,0.0,0.0,1.0,0.0,0.0,0.0,0.0,0.0,-0.2,0.0,-0.4,0.0,0.0001,16.0,25903.0
2026-07-30T18:59:59.757Z,169.24,169.248,0.0,7.4,0.0,0.0,0.0,0.0,0.0,0.0,0.0,0.0,1.0,0.0,0.0,0.0,9.0,4.0,0.0,0.0,0.0,0.0,0.0,0.0,0.0,0.0,5.0,12.0,1.0,12.17,5.0200000000000005,2.51,1.5,0.0,0.1,0.0,0.4,0.0,-0.3,-0.4,-1.3,-169.70000000000002,0.0,0.0,169.60000000000002,0.0,21.4,29.9,29.9,30.5,300.0,300.0,31.200000000000003,35.0,29.6,29.0,30.8,4.96,1.99,4.96,0.16,0.0,0.0,1027.0,8228.0,0.0,0.0,0.0,0.0,0.0,1.0,0.0,0.0,0.0,0.0,0.0,-1.5,0.0,1.0,0.0,0.0002,16.0,25903.0
2026-07-30T18:59:59.763Z,169.246,169.26,0.0,7.4,0.0,0.0,0.0,0.0,0.0,0.0,0.0,0.0,1.0,0.0,0.0,0.0,9.0,4.0,0.0,0.0,0.0,0.0,0.0,0.0,0.0,0.0,3.0,12.0,1.0,12.17,5.0200000000000005,2.51,1.5,0.0,0.0,0.0,0.4,0.0,0.1,0.6000000000000001,0.4,-169.70000000000002,0.0,0.0,169.70000000000002,0.0,21.4,29.9,29.9,30.5,300.0,300.0,31.200000000000003,35.0,29.6,29.0,30.8,4.95,1.99,4.96,0.16,0.0,0.0,1027.0,8228.0,0.0,0.0,0.0,0.0,0.0,1.0,0.0,0.0,0.0,0.0,0.0,1.0,0.0,-0.2,0.0,0.0001,16.0,25903.0
2026-07-30T18:59:59.775Z,169.258,169.272,0.0,7.4,0.0,0.0,0.0,0.0,0.0,0.0,0.0,0.0,1.0,0.0,0.0,0.0,9.0,4.0,0.0,0.0,0.0,0.0,0.0,0.0,0.0,0.0,4.0,12.0,1.0,12.17,5.0200000000000005,2.51,1.5,0.0,0.1,0.0,0.4,0.0,0.1,-0.5,1.5,-169.70000000000002,0.0,0.0,169.70000000000002,0.0,21.4,29.9,29.9,30.5,300.0,300.0,31.200000000000003,35.0,29.6,29.0,30.8,4.95,1.99,4.96,0.16,0.0,0.0,1027.0,8228.0,0.0,0.0,0.0,0.0,0.0,1.0,0.0,0.0,0.0,0.0,0.0,0.5,0.0,-1.4,0.0,0.0,16.0,25903.0
2026-07-30T18:59:59.787Z,169.27,169.284,0.0,7.4,0.0,0.0,0.0,0.0,0.0,0.0,0.0,0.0,1.0,0.0,0.0,0.0,9.0,4.0,0.0,0.0,0.0,0.0,0.0,0.0,0.0,0.0,6.0,12.0,1.0,12.17,5.0200000000000005,2.51,1.5,0.0,0.1,0.0,0.4,0.0,0.1,-0.5,0.3,-169.70000000000002,0.0,0.0,169.60000000000002,0.0,21.4,29.9,29.9,30.5,300.0,300.0,31.200000000000003,35.0,29.6,29.0,30.8,4.95,1.99,4.96,0.16,0.0,0.0,1027.0,8228.0,0.0,0.0,0.0,0.0,0.0,1.0,0.0,0.0,0.0,0.0,0.0,-0.2,0.0,-0.4,0.0,0.0001,16.0,25903.0
2026-07-30T18:59:59.799Z,169.282,169.296,0.0,7.4,0.0,0.0,0.0,0.0,0.0,0.0,0.0,0.0,1.0,0.0,0.0,0.0,9.0,4.0,0.0,0.0,0.0,0.0,0.0,0.0,0.0,0.0,1.0,12.0,1.0,12.17,5.0200000000000005,2.51,1.5,0.0,0.0,0.0,0.4,0.0,-0.3,-0.4,-0.8,-169.70000000000002,0.0,0.0,169.70000000000002,0.0,21.4,29.9,29.9,30.5,300.0,300.0,31.200000000000003,35.0,29.6,29.0,30.8,4.95,2.0,4.97,0.16,0.0,0.0,1027.0,8228.0,0.0,0.0,0.0,0.0,0.0,1.0,0.0,0.0,0.0,0.0,0.0,-1.1,0.0,0.6000000000000001,0.0,0.0,16.0,25903.0
2026-07-30T18:59:59.812Z,169.295,169.308,0.0,7.4,0.0,0.0,0.0,0.0,0.0,0.0,0.0,0.0,1.0,0.0,0.0,0.0,9.0,4.0,0.0,0.0,0.0,0.0,0.0,0.0,0.0,0.0,2.0,12.0,1.0,12.17,5.0200000000000005,2.51,1.5,0.0,0.0,0.0,0.4,0.0,-0.9,1.2000000000000002,-1.3,-169.70000000000002,0.0,0.0,169.70000000000002,0.0,21.4,29.9,29.9,30.5,300.0,300.0,31.200000000000003,35.0,29.6,29.0,30.8,4.95,1.99,4.97,0.16,0.0,0.0,1027.0,8228.0,0.0,0.0,0.0,0.0,0.0,1.0,0.0,0.0,0.0,0.0,0.0,0.4,0.0,1.4,0.0,0.0001,16.0,25903.0
2026-07-30T18:59:59.823Z,169.306,169.32,0.0,7.4,0.0,0.0,0.0,0.0,0.0,0.0,0.0,0.0,1.0,0.0,0.0,0.0,9.0,4.0,0.0,0.0,0.0,0.0,0.0,0.0,0.0,0.0,3.0,12.0,1.0,12.17,5.01,2.51,1.49,0.0,0.1,0.0,0.4,0.0,0.8,0.1,0.9,-169.70000000000002,0.0,0.0,169.70000000000002,0.0,21.200000000000003,29.9,29.9,30.5,300.0,300.0,31.200000000000003,35.0,29.6,29.0,30.8,4.96,1.99,4.97,0.16,0.0,0.0,1027.0,8228.0,0.0,0.0,0.0,0.0,0.0,1.0,0.0,0.0,0.0,0.0,0.0,0.8,0.0,-0.8,0.0,0.0001,16.0,25903.0
2026-07-30T18:59:59.835Z,169.318,169.332,0.0,7.4,0.0,0.0,0.0,0.0,0.0,0.0,0.0,0.0,1.0,0.0,0.0,0.0,9.0,4.0,0.0,0.0,0.0,0.0,0.0,0.0,0.0,0.0,4.0,12.0,1.0,12.17,5.01,2.51,1.49,0.0,0.0,0.0,0.4,0.0,0.2,-0.4,0.3,-169.70000000000002,0.0,0.0,169.8,0.0,21.200000000000003,29.9,29.9,30.5,300.0,300.0,31.200000000000003,35.0,29.6,29.0,30.8,4.95,2.0,4.96,0.16,0.0,0.0,1027.0,8228.0,0.0,0.0,0.0,0.0,0.0,1.0,0.0,0.0,0.0,0.0,0.0,-0.1,0.0,-0.4,0.0,0.0,16.0,25903.0
2026-07-30T18:59:59.847Z,169.33,169.344,0.0,7.4,0.0,0.0,0.0,0.0,0.0,0.0,0.0,0.0,1.0,0.0,0.0,0.0,9.0,4.0,0.0,0.0,0.0,0.0,0.0,0.0,0.0,0.0,5.0,12.0,1.0,12.17,5.01,2.51,1.49,0.0,0.0,0.0,0.4,0.0,-0.3,0.1,-0.2,-169.70000000000002,0.0,0.0,169.8,0.0,21.200000000000003,29.9,29.9,30.5,300.0,300.0,31.200000000000003,35.0,29.6,29.0,30.8,4.95,1.99,4.97,0.16,0.0,0.0,1027.0,8228.0,0.0,0.0,0.0,0.0,0.0,1.0,0.0,0.0,0.0,0.0,0.0,0.0,0.0,0.2,0.0,0.0002,16.0,25903.0
2026-07-30T18:59:59.859Z,169.342,169.356,0.0,7.4,0.0,0.0,0.0,0.0,0.0,0.0,0.0,0.0,1.0,0.0,0.0,0.0,9.0,4.0,0.0,0.0,0.0,0.0,0.0,0.0,0.0,0.0,6.0,12.0,1.0,12.17,5.01,2.51,1.49,0.0,0.0,0.0,0.4,0.0,0.7000000000000001,0.7000000000000001,1.5,-169.70000000000002,0.0,0.0,169.70000000000002,0.0,21.200000000000003,29.9,29.9,30.5,300.0,300.0,31.200000000000003,35.0,29.6,29.0,30.8,4.96,2.0,4.97,0.16,0.0,0.0,1027.0,8228.0,0.0,0.0,0.0,0.0,0.0,1.0,0.0,0.0,0.0,0.0,0.0,1.9,0.0,-1.1,0.0,0.0001,16.0,25903.0
2026-07-30T18:59:59.871Z,169.354,169.368,0.0,7.4,0.0,0.0,0.0,0.0,0.0,0.0,0.0,0.0,1.0,0.0,0.0,0.0,9.0,4.0,0.0,0.0,0.0,0.0,0.0,0.0,0.0,0.0,1.0,12.0,1.0,12.17,5.01,2.51,1.49,0.0,0.0,0.0,0.4,0.0,0.2,-0.4,0.3,-169.70000000000002,0.0,0.0,169.8,0.0,21.200000000000003,29.9,29.9,30.5,300.0,300.0,31.200000000000003,35.0,29.6,29.0,30.8,4.96,2.0,4.96,0.16,0.0,0.0,1027.0,8228.0,0.0,0.0,0.0,0.0,0.0,1.0,0.0,0.0,0.0,0.0,0.0,-0.1,0.0,-0.4,0.0,0.0001,16.0,25903.0
2026-07-30T18:59:59.883Z,169.366,169.38,0.0,7.4,0.0,0.0,0.0,0.0,0.0,0.0,0.0,0.0,1.0,0.0,0.0,0.0,9.0,4.0,0.0,0.0,0.0,0.0,0.0,0.0,0.0,0.0,2.0,12.0,1.0,12.17,5.01,2.51,1.49,0.0,0.0,0.0,0.4,0.0,0.2,-0.3,-0.2,-169.70000000000002,0.0,0.0,169.60000000000002,0.0,21.200000000000003,29.9,29.9,30.5,300.0,300.0,31.200000000000003,35.0,29.6,29.0,30.8,4.95,1.99,4.96,0.16,0.0,0.0,1027.0,8228.0,0.0,0.0,0.0,0.0,0.0,1.0,0.0,0.0,0.0,0.0,0.0,-0.6000000000000001,0.0,0.1,0.0,0.0,16.0,25903.0
2026-07-30T18:59:59.895Z,169.378,169.392,0.0,7.4,0.0,0.0,0.0,0.0,0.0,0.0,0.0,0.0,1.0,0.0,0.0,0.0,9.0,4.0,0.0,0.0,0.0,0.0,0.0,0.0,0.0,0.0,3.0,12.0,1.0,12.17,5.01,2.51,1.49,0.0,0.0,0.0,0.4,0.0,-0.9,0.1,0.9,-169.70000000000002,0.0,0.0,169.70000000000002,0.0,21.200000000000003,29.9,29.9,30.5,300.0,300.0,31.200000000000003,35.0,29.6,29.0,30.8,4.95,1.99,4.96,0.16,0.0,0.0,1027.0,8228.0,0.0,0.0,0.0,0.0,0.0,1.0,0.0,0.0,0.0,0.0,0.0,0.8,0.0,-0.8,0.0,0.0002,16.0,25903.0
2026-07-30T18:59:59.907Z,169.39,169.404,0.0,7.4,0.0,0.0,0.0,0.0,0.0,0.0,0.0,0.0,1.0,0.0,0.0,0.0,9.0,4.0,0.0,0.0,0.0,0.0,0.0,0.0,0.0,0.0,4.0,12.0,1.0,12.17,5.01,2.51,1.49,-0.1,0.0,0.0,0.5,0.0,-0.3,0.1,-1.3,-169.70000000000002,0.0,0.0,169.70000000000002,0.0,21.200000000000003,29.9,29.9,30.5,300.0,300.0,31.200000000000003,35.0,29.6,29.0,30.8,4.96,2.0,4.96,0.16,0.0,0.0,1027.0,8228.0,0.0,0.0,0.0,0.0,0.0,1.0,0.0,0.0,0.0,0.0,0.0,-0.8,0.0,1.2000000000000002,0.0,0.0,16.0,25903.0
2026-07-30T18:59:59.919Z,169.402,169.416,0.0,7.4,0.0,0.0,0.0,0.0,0.0,0.0,0.0,0.0,1.0,0.0,0.0,0.0,9.0,4.0,0.0,0.0,0.0,0.0,0.0,0.0,0.0,0.0,5.0,12.0,1.0,12.17,5.01,2.51,1.49,0.0,0.1,0.0,0.4,0.0,-0.9,-1.0,-0.1,-169.70000000000002,0.0,0.0,169.70000000000002,0.0,21.200000000000003,29.9,29.9,30.5,300.0,300.0,31.200000000000003,35.0,29.6,29.0,30.8,4.95,2.0,4.96,0.16,0.0,0.0,1027.0,8228.0,0.0,0.0,0.0,0.0,0.0,1.0,0.0,0.0,0.0,0.0,0.0,-1.2000000000000002,0.0,0.0,0.0,0.0,16.0,25903.0
2026-07-30T18:59:59.931Z,169.414,169.428,0.0,7.4,0.0,0.0,0.0,0.0,0.0,0.0,0.0,0.0,1.0,0.0,0.0,0.0,9.0,4.0,0.0,0.0,0.0,0.0,0.0,0.0,0.0,0.0,1.0,12.0,1.0,12.17,5.0200000000000005,2.51,1.49,0.0,0.0,0.0,0.4,0.0,-0.9,-1.0,0.4,-169.70000000000002,0.0,0.0,169.70000000000002,0.0,21.3,29.9,29.9,30.5,300.0,300.0,31.200000000000003,35.0,29.700000000000003,29.0,30.8,4.95,1.99,4.97,0.16,0.0,0.0,1027.0,8228.0,0.0,0.0,0.0,0.0,0.0,1.0,0.0,0.0,0.0,0.0,0.0,-0.8,0.0,-0.5,0.0,0.0001,16.0,25903.0
2026-07-30T18:59:59.943Z,169.426,169.44,0.0,7.4,0.0,0.0,0.0,0.0,0.0,0.0,0.0,0.0,1.0,0.0,0.0,0.0,9.0,4.0,0.0,0.0,0.0,0.0,0.0,0.0,0.0,0.0,1.0,12.0,1.0,12.17,5.0200000000000005,2.51,1.49,0.0,0.0,0.0,0.5,0.0,0.2,0.6000000000000001,0.4,-169.70000000000002,0.0,0.0,169.70000000000002,0.0,21.3,29.9,29.9,30.5,300.0,300.0,31.200000000000003,35.0,29.700000000000003,29.0,30.8,4.95,1.99,4.96,0.16,0.0,0.0,1027.0,8228.0,0.0,0.0,0.0,0.0,0.0,1.0,0.0,0.0,0.0,0.0,0.0,1.1,0.0,-0.2,0.0,0.0001,16.0,25903.0
2026-07-30T18:59:59.955Z,169.438,169.452,0.0,7.4,0.0,0.0,0.0,0.0,0.0,0.0,0.0,0.0,1.0,0.0,0.0,0.0,9.0,4.0,0.0,0.0,0.0,0.0,0.0,0.0,0.0,0.0,2.0,12.0,1.0,12.17,5.0200000000000005,2.51,1.49,0.0,0.1,0.0,0.4,0.0,0.1,0.0,0.4,-169.70000000000002,0.0,0.0,169.8,0.0,21.3,29.9,29.9,30.5,300.0,300.0,31.200000000000003,35.0,29.700000000000003,29.0,30.8,4.96,1.99,4.96,0.16,0.0,0.0,1027.0,8228.0,0.0,0.0,0.0,0.0,0.0,1.0,0.0,0.0,0.0,0.0,0.0,0.3,0.0,-0.3,0.0,0.0001,16.0,25903.0
2026-07-30T18:59:59.967Z,169.45,169.464,0.0,7.4,0.0,0.0,0.0,0.0,0.0,0.0,0.0,0.0,1.0,0.0,0.0,0.0,9.0,4.0,0.0,0.0,0.0,0.0,0.0,0.0,0.0,0.0,3.0,12.0,1.0,12.17,5.0200000000000005,2.51,1.49,0.0,0.0,0.0,0.4,0.0,-0.3,0.6000000000000001,-0.6000000000000001,-169.70000000000002,0.0,0.0,169.60000000000002,0.0,21.3,29.9,29.9,30.5,300.0,300.0,31.200000000000003,35.0,29.700000000000003,29.0,30.8,4.95,1.99,4.97,0.16,0.0,0.0,1027.0,8228.0,0.0,0.0,0.0,0.0,0.0,1.0,0.0,0.0,0.0,0.0,0.0,0.2,0.0,0.7000000000000001,0.0,0.0001,16.0,25903.0
2026-07-30T18:59:59.979Z,169.462,169.476,0.0,7.4,0.0,0.0,0.0,0.0,0.0,0.0,0.0,0.0,1.0,0.0,0.0,0.0,9.0,4.0,0.0,0.0,0.0,0.0,0.0,0.0,0.0,0.0,5.0,12.0,1.0,12.17,5.0200000000000005,2.51,1.49,0.0,0.1,0.0,0.4,0.0,0.7000000000000001,-1.0,-0.7000000000000001,-169.70000000000002,0.0,0.0,169.8,0.0,21.3,29.9,29.9,30.5,300.0,300.0,31.200000000000003,35.0,29.700000000000003,29.0,30.8,4.96,1.99,4.96,0.16,0.0,0.0,1027.0,8228.0,0.0,0.0,0.0,0.0,0.0,1.0,0.0,0.0,0.0,0.0,0.0,-1.7000000000000002,0.0,0.4,0.0,0.0001,16.0,25903.0
2026-07-30T18:59:59.991Z,169.474,169.488,0.0,7.4,0.0,0.0,0.0,0.0,0.0,0.0,0.0,0.0,1.0,0.0,0.0,0.0,9.0,4.0,0.0,0.0,0.0,0.0,0.0,0.0,0.0,0.0,6.0,12.0,1.0,12.17,5.0200000000000005,2.51,1.49,0.0,0.0,0.0,0.4,0.0,0.7000000000000001,1.2000000000000002,-0.7000000000000001,-169.70000000000002,0.0,0.0,169.70000000000002,0.0,21.3,29.9,29.9,30.5,300.0,300.0,31.200000000000003,35.0,29.700000000000003,29.0,30.8,4.96,2.0,4.96,0.16,0.0,0.0,1027.0,8228.0,0.0,0.0,0.0,0.0,0.0,1.0,0.0,0.0,0.0,0.0,0.0,0.8,0.0,0.9,0.0,0.0002,16.0,25903.0
2026-07-30T19:00:00.003Z,169.486,169.5,0.0,7.4,0.0,0.0,0.0,0.0,0.0,0.0,0.0,0.0,1.0,0.0,0.0,0.0,9.0,4.0,0.0,0.0,0.0,0.0,0.0,0.0,0.0,0.0,1.0,12.0,1.0,12.17,5.0200000000000005,2.51,1.49,0.0,0.1,0.0,0.4,0.0,-1.0,-0.5,-1.9,-169.70000000000002,0.0,0.0,169.70000000000002,0.0,21.3,29.9,29.9,30.5,300.0,300.0,31.200000000000003,35.0,29.700000000000003,29.0,30.8,4.95,1.99,4.96,0.16,0.0,0.0,1027.0,8228.0,0.0,0.0,0.0,0.0,0.0,1.0,0.0,0.0,0.0,0.0,0.0,-2.0,0.0,1.5,0.0,0.0001,16.0,25903.0
2026-07-30T19:00:00.015Z,169.498,169.512,0.0,7.4,0.0,0.0,0.0,0.0,0.0,0.0,0.0,0.0,1.0,0.0,0.0,0.0,9.0,4.0,0.0,0.0,0.0,0.0,0.0,0.0,0.0,0.0,2.0,12.0,1.0,12.17,5.0200000000000005,2.51,1.49,0.0,0.0,0.0,0.4,0.0,0.1,0.6000000000000001,0.4,-169.70000000000002,0.0,0.0,169.8,0.0,21.3,29.9,29.9,30.5,300.0,300.0,31.200000000000003,35.0,29.700000000000003,29.0,30.8,4.96,1.99,4.97,0.16,0.0,0.0,1027.0,8228.0,0.0,0.0,0.0,0.0,0.0,1.0,0.0,0.0,0.0,0.0,0.0,1.0,0.0,-0.2,0.0,0.0,16.0,25903.0
2026-07-30T19:00:00.027Z,169.51,169.524,0.0,7.4,0.0,0.0,0.0,0.0,0.0,0.0,0.0,0.0,1.0,0.0,0.0,0.0,9.0,4.0,0.0,0.0,0.0,0.0,0.0,0.0,0.0,0.0,4.0,12.0,1.0,12.17,5.01,2.51,1.49,0.0,0.0,0.0,0.4,0.0,-0.4,-2.2,-1.3,-169.70000000000002,0.0,0.0,169.8,0.0,21.3,29.9,29.9,30.5,300.0,300.0,31.3,35.1,29.700000000000003,29.0,30.8,4.96,1.99,4.96,0.16,0.0,0.0,1027.0,8228.0,0.0,0.0,0.0,0.0,0.0,1.0,0.0,0.0,0.0,0.0,0.0,-0.7000000000000001,0.0,0.0,0.0,0.0001,16.0,25903.0
2026-07-30T19:00:00.039Z,169.522,169.536,0.0,7.4,0.0,0.0,0.0,0.0,0.0,0.0,0.0,0.0,1.0,0.0,0.0,0.0,9.0,4.0,0.0,0.0,0.0,0.0,0.0,0.0,0.0,0.0,5.0,12.0,1.0,12.17,5.01,2.51,1.49,0.0,0.0,0.0,0.4,0.0,-0.4,-0.5,0.3,-169.70000000000002,0.0,0.0,169.8,0.0,21.3,29.9,29.9,30.5,300.0,300.0,31.3,35.1,29.700000000000003,29.0,30.8,4.96,1.99,4.97,0.16,0.0,0.0,1027.0,8228.0,0.0,0.0,0.0,0.0,0.0,1.0,0.0,0.0,0.0,0.0,0.0,-0.4,0.0,-0.4,0.0,0.0,16.0,25903.0
2026-07-30T19:00:00.051Z,169.534,169.548,0.0,7.4,0.0,0.0,0.0,0.0,0.0,0.0,0.0,0.0,1.0,0.0,0.0,0.0,9.0,4.0,0.0,0.0,0.0,0.0,0.0,0.0,0.0,0.0,6.0,12.0,1.0,12.17,5.01,2.51,1.49,0.0,0.0,0.0,0.4,0.0,0.1,0.0,-0.2,-169.70000000000002,0.0,0.0,169.8,0.0,21.3,29.9,29.9,30.5,300.0,300.0,31.3,35.1,29.700000000000003,29.0,30.8,4.95,1.99,4.97,0.16,0.0,0.0,1027.0,8228.0,0.0,0.0,0.0,0.0,0.0,1.0,0.0,0.0,0.0,0.0,0.0,0.2,0.0,-0.3,0.0,0.0001,16.0,25903.0
2026-07-30T19:00:00.066Z,169.549,169.56,0.0,7.4,0.0,0.0,0.0,0.0,0.0,0.0,0.0,0.0,1.0,0.0,0.0,0.0,9.0,4.0,0.0,0.0,0.0,0.0,0.0,0.0,0.0,0.0,2.0,12.0,1.0,12.17,5.01,2.51,1.49,0.0,0.0,0.0,0.4,0.0,-1.0,0.0,-0.8,-169.70000000000002,0.0,0.0,169.70000000000002,0.0,21.3,29.9,29.9,30.5,300.0,300.0,31.3,35.1,29.700000000000003,29.0,30.8,4.95,1.99,4.96,0.16,0.0,0.0,1027.0,8228.0,0.0,0.0,0.0,0.0,0.0,1.0,0.0,0.0,0.0,0.0,0.0,0.2,0.0,-0.2,0.0,0.0,16.0,25903.0
2026-07-30T19:00:00.076Z,169.559,169.572,0.0,7.4,0.0,0.0,0.0,0.0,0.0,0.0,0.0,0.0,1.0,0.0,0.0,0.0,9.0,4.0,0.0,0.0,0.0,0.0,0.0,0.0,0.0,0.0,6.0,12.0,1.0,12.17,5.01,2.51,1.49,0.0,0.0,0.0,0.4,0.0,0.7000000000000001,1.2000000000000002,-0.7000000000000001,-169.70000000000002,0.0,0.0,169.70000000000002,0.0,21.3,29.9,29.9,30.5,300.0,300.0,31.3,35.1,29.700000000000003,29.0,30.8,4.95,2.0,4.96,0.16,0.0,0.0,1027.0,8228.0,0.0,0.0,0.0,0.0,0.0,1.0,0.0,0.0,0.0,0.0,0.0,2.5,0.0,-1.1,0.0,0.0001,16.0,25903.0
2026-07-30T19:00:00.088Z,169.571,169.584,0.0,7.4,0.0,0.0,0.0,0.0,0.0,0.0,0.0,0.0,1.0,0.0,0.0,0.0,9.0,4.0,0.0,0.0,0.0,0.0,0.0,0.0,0.0,0.0,6.0,12.0,1.0,12.17,5.01,2.51,1.49,0.0,0.0,0.0,0.4,0.0,-0.3,0.0,-0.1,-169.70000000000002,0.0,0.0,169.8,0.0,21.3,29.9,29.9,30.5,300.0,300.0,31.3,35.1,29.700000000000003,29.0,30.8,4.95,1.99,4.97,0.16,0.0,0.0,1027.0,8228.0,0.0,0.0,0.0,0.0,0.0,1.0,0.0,0.0,0.0,0.0,0.0,-0.2,0.0,-0.4,0.0,0.0001,16.0,25903.0
2026-07-30T19:00:00.099Z,169.582,169.596,0.0,7.4,0.0,0.0,0.0,0.0,0.0,0.0,0.0,0.0,1.0,0.0,0.0,0.0,9.0,4.0,0.0,0.0,0.0,0.0,0.0,0.0,0.0,0.0,6.0,12.0,1.0,12.17,5.01,2.51,1.49,0.0,0.0,0.0,0.4,0.0,-1.5,-0.4,-1.3,-169.70000000000002,0.0,0.0,169.8,0.0,21.3,29.9,29.9,30.5,300.0,300.0,31.3,35.1,29.700000000000003,29.0,30.8,4.95,1.99,4.97,0.16,0.0,0.0,1027.0,8228.0,0.0,0.0,0.0,0.0,0.0,1.0,0.0,0.0,0.0,0.0,0.0,0.0,0.0,0.1,0.0,0.0001,16.0,25903.0
2026-07-30T19:00:00.111Z,169.594,169.608,0.0,7.4,0.0,0.0,0.0,0.0,0.0,0.0,0.0,0.0,1.0,0.0,0.0,0.0,9.0,4.0,0.0,0.0,0.0,0.0,0.0,0.0,0.0,0.0,1.0,12.0,1.0,12.17,5.01,2.51,1.49,0.0,0.0,0.0,0.4,0.0,0.1,-0.5,-1.3,-169.70000000000002,0.0,0.0,169.8,0.0,21.3,29.9,29.9,30.5,300.0,300.0,31.3,35.1,29.700000000000003,29.0,30.8,4.95,1.99,4.96,0.16,0.0,0.0,1027.0,8228.0,0.0,0.0,0.0,0.0,0.0,1.0,0.0,0.0,0.0,0.0,0.0,-1.8,0.0,0.4,0.0,0.0,16.0,25903.0
2026-07-30T19:00:00.123Z,169.606,169.62,0.0,7.4,0.0,0.0,0.0,0.0,0.0,0.0,0.0,0.0,1.0,0.0,0.0,0.0,9.0,4.0,0.0,0.0,0.0,0.0,0.0,0.0,0.0,0.0,2.0,12.0,1.0,12.17,5.01,2.51,1.49,0.0,0.0,0.0,0.4,0.0,0.2,-0.4,-0.1,-169.70000000000002,0.0,0.0,169.8,0.0,21.3,29.9,29.9,30.5,300.0,300.0,31.3,35.1,29.700000000000003,29.0,30.8,4.95,1.99,4.97,0.16,0.0,0.0,1027.0,8228.0,0.0,0.0,0.0,0.0,0.0,1.0,0.0,0.0,0.0,0.0,0.0,-0.6000000000000001,0.0,0.0,0.0,0.0,16.0,25903.0
2026-07-30T19:00:00.135Z,169.618,169.632,0.0,7.4,0.0,0.0,0.0,0.0,0.0,0.0,0.0,0.0,1.0,0.0,0.0,0.0,9.0,4.0,0.0,0.0,0.0,0.0,0.0,0.0,0.0,0.0,4.0,12.0,1.0,12.17,5.01,2.5,1.5,0.0,0.0,0.0,0.4,0.0,-0.3,-0.4,-0.1,-169.70000000000002,0.0,0.0,169.8,0.0,21.4,29.9,29.9,30.5,300.0,300.0,31.3,35.0,29.6,29.0,30.8,4.95,1.99,4.96,0.16,0.0,0.0,1027.0,8228.0,0.0,0.0,0.0,0.0,0.0,1.0,0.0,0.0,0.0,0.0,0.0,-1.0,0.0,0.5,0.0,0.0,16.0,25903.0
2026-07-30T19:00:00.147Z,169.63,169.644,0.0,7.4,0.0,0.0,0.0,0.0,0.0,0.0,0.0,0.0,1.0,0.0,0.0,0.0,9.0,4.0,0.0,0.0,0.0,0.0,0.0,0.0,0.0,0.0,5.0,12.0,1.0,12.17,5.01,2.5,1.5,0.0,0.0,0.0,0.4,0.0,0.2,0.0,1.0,-169.70000000000002,0.0,0.0,169.8,0.0,21.4,29.9,29.9,30.5,300.0,300.0,31.3,35.0,29.6,29.0,30.8,4.95,1.99,4.96,0.16,0.0,0.0,1027.0,8228.0,0.0,0.0,0.0,0.0,0.0,1.0,0.0,0.0,0.0,0.0,0.0,0.0,0.0,0.1,0.0,0.0,16.0,25903.0
2026-07-30T19:00:00.159Z,169.642,169.656,0.0,7.4,0.0,0.0,0.0,0.0,0.0,0.0,0.0,0.0,1.0,0.0,0.0,0.0,9.0,4.0,0.0,0.0,0.0,0.0,0.0,0.0,0.0,0.0,6.0,12.0,1.0,12.17,5.01,2.5,1.5,0.0,0.0,0.0,0.4,0.0,0.2,0.6000000000000001,0.4,-169.70000000000002,0.0,0.0,169.8,0.0,21.4,29.9,29.9,30.5,300.0,300.0,31.3,35.0,29.6,29.0,30.8,4.96,1.99,4.96,0.16,0.0,0.0,1027.0,8228.0,0.0,0.0,0.0,0.0,0.0,1.0,0.0,0.0,0.0,0.0,0.0,-1.9,0.0,1.5,0.0,0.0,16.0,25903.0
2026-07-30T19:00:00.171Z,169.654,169.668,0.0,7.4,0.0,0.0,0.0,0.0,0.0,0.0,0.0,0.0,1.0,0.0,0.0,0.0,9.0,4.0,0.0,0.0,0.0,0.0,0.0,0.0,0.0,0.0,1.0,12.0,1.0,12.17,5.01,2.5,1.5,0.0,0.0,0.0,0.4,0.0,-0.3,-0.4,0.4,-169.70000000000002,0.0,0.0,169.8,0.0,21.4,29.9,29.9,30.5,300.0,300.0,31.3,35.0,29.6,29.0,30.8,4.96,1.99,4.97,0.16,0.0,0.0,1027.0,8228.0,0.0,0.0,0.0,0.0,0.0,1.0,0.0,0.0,0.0,0.0,0.0,0.4,0.0,-0.4,0.0,0.0,16.0,25903.0
2026-07-30T19:00:00.183Z,169.666,169.68,0.0,7.4,0.0,0.0,0.0,0.0,0.0,0.0,0.0,0.0,1.0,0.0,0.0,0.0,9.0,4.0,0.0,0.0,0.0,0.0,0.0,0.0,0.0,0.0,2.0,12.0,1.0,12.17,5.01,2.5,1.5,0.0,0.1,0.0,0.4,0.0,-0.3,0.6000000000000001,-0.7000000000000001,-169.70000000000002,0.0,0.0,169.70000000000002,0.0,21.4,29.9,29.9,30.5,300.0,300.0,31.3,35.0,29.6,29.0,30.8,4.96,1.99,4.97,0.16,0.0,0.0,1027.0,8228.0,0.0,0.0,0.0,0.0,0.0,1.0,0.0,0.0,0.0,0.0,0.0,0.2,0.0,0.7000000000000001,0.0,0.0,16.0,25903.0
2026-07-30T19:00:00.195Z,169.678,169.692,0.0,7.4,0.0,0.0,0.0,0.0,0.0,0.0,0.0,0.0,1.0,0.0,0.0,0.0,9.0,4.0,0.0,0.0,0.0,0.0,0.0,0.0,0.0,0.0,3.0,12.0,1.0,12.17,5.01,2.5,1.5,0.0,0.1,0.0,0.4,0.0,-1.5,0.6000000000000001,-1.2000000000000002,-169.70000000000002,0.0,0.0,169.70000000000002,0.0,21.4,29.9,29.9,30.5,300.0,300.0,31.3,35.0,29.6,29.0,30.8,4.96,1.99,4.97,0.16,0.0,0.0,1027.0,8228.0,0.0,0.0,0.0,0.0,0.0,1.0,0.0,0.0,0.0,0.0,0.0,-0.1,0.0,1.2000000000000002,0.0,0.0002,16.0,25903.0
2026-07-30T19:00:00.207Z,169.69,169.704,0.0,7.4,0.0,0.0,0.0,0.0,0.0,0.0,0.0,0.0,1.0,0.0,0.0,0.0,9.0,4.0,0.0,0.0,0.0,0.0,0.0,0.0,0.0,0.0,4.0,12.0,1.0,12.17,5.01,2.5,1.5,0.0,0.0,0.0,0.4,0.0,0.2,1.8,0.5,-169.70000000000002,0.0,0.0,169.70000000000002,0.0,21.4,29.9,29.9,30.5,300.0,300.0,31.3,35.0,29.6,29.0,30.8,4.95,1.99,4.97,0.16,0.0,0.0,1027.0,8228.0,0.0,0.0,0.0,0.0,0.0,1.0,0.0,0.0,0.0,0.0,0.0,2.4000000000000004,0.0,0.0,0.0,0.0001,16.0,25903.0
2026-07-30T19:00:00.219Z,169.702,169.716,0.0,7.4,0.0,0.0,0.0,0.0,0.0,0.0,0.0,0.0,1.0,0.0,0.0,0.0,9.0,4.0,0.0,0.0,0.0,0.0,0.0,0.0,0.0,0.0,5.0,12.0,1.0,12.17,5.01,2.5,1.5,0.0,0.0,0.0,0.4,0.0,0.2,0.0,-0.1,-169.70000000000002,0.0,0.0,169.70000000000002,0.0,21.4,29.9,29.9,30.5,300.0,300.0,31.3,35.0,29.6,29.0,30.8,4.96,1.99,4.96,0.16,0.0,0.0,1027.0,8228.0,0.0,0.0,0.0,0.0,0.0,1.0,0.0,0.0,0.0,0.0,0.0,0.0,0.0,0.1,0.0,0.0001,16.0,25903.0
2026-07-30T19:00:00.231Z,169.714,169.728,0.0,7.4,0.0,0.0,0.0,0.0,0.0,0.0,0.0,0.0,1.0,0.0,0.0,0.0,9.0,4.0,0.0,0.0,0.0,0.0,0.0,0.0,0.0,0.0,1.0,12.0,1.0,12.15,5.01,2.5,1.49,0.0,0.0,0.0,0.4,0.0,0.2,0.6000000000000001,0.5,-169.70000000000002,0.0,0.0,169.70000000000002,0.0,21.8,29.9,29.9,30.5,300.0,300.0,31.1,35.0,29.700000000000003,29.0,30.8,4.96,2.0,4.96,0.16,0.0,0.0,1027.0,8228.0,0.0,0.0,0.0,0.0,0.0,1.0,0.0,0.0,0.0,0.0,0.0,1.1,0.0,-0.3,0.0,0.0,16.0,25903.0
2026-07-30T19:00:00.243Z,169.726,169.74,0.0,7.4,0.0,0.0,0.0,0.0,0.0,0.0,0.0,0.0,1.0,0.0,0.0,0.0,9.0,4.0,0.0,0.0,0.0,0.0,0.0,0.0,0.0,0.0,2.0,12.0,1.0,12.15,5.01,2.5,1.49,0.0,0.0,0.0,0.4,0.0,-0.3,0.0,-1.2000000000000002,-169.70000000000002,0.0,0.0,169.8,0.0,21.8,29.9,29.9,30.5,300.0,300.0,31.1,35.0,29.700000000000003,29.0,30.8,4.95,1.99,4.96,0.16,0.0,0.0,1027.0,8228.0,0.0,0.0,0.0,0.0,0.0,1.0,0.0,0.0,0.0,0.0,0.0,-0.8,0.0,1.1,0.0,0.0001,16.0,25903.0
2026-07-30T19:00:00.255Z,169.738,169.752,0.0,7.4,0.0,0.0,0.0,0.0,0.0,0.0,0.0,0.0,1.0,0.0,0.0,0.0,9.0,4.0,0.0,0.0,0.0,0.0,0.0,0.0,0.0,0.0,4.0,12.0,1.0,12.15,5.01,2.5,1.49,0.0,0.0,0.0,0.4,0.0,-0.3,-1.0,-0.6000000000000001,-169.70000000000002,0.0,0.0,169.8,0.0,21.8,29.9,29.9,30.5,300.0,300.0,31.1,35.0,29.700000000000003,29.0,30.8,4.95,1.99,4.97,0.16,0.0,0.0,1027.0,8228.0,0.0,0.0,0.0,0.0,0.0,1.0,0.0,0.0,0.0,0.0,0.0,-1.7000000000000002,0.0,0.3,0.0,0.0001,16.0,25903.0
2026-07-30T19:00:00.267Z,169.75,169.764,0.0,7.4,0.0,0.0,0.0,0.0,0.0,0.0,0.0,0.0,1.0,0.0,0.0,0.0,9.0,4.0,0.0,0.0,0.0,0.0,0.0,0.0,0.0,0.0,5.0,12.0,1.0,12.15,5.01,2.5,1.49,0.0,0.1,0.0,0.4,0.0,0.2,-0.4,0.5,-169.70000000000002,0.0,0.0,169.8,0.0,21.8,29.9,29.9,30.5,300.0,300.0,31.1,35.0,29.700000000000003,29.0,30.8,4.96,1.99,4.96,0.16,0.0,0.0,1027.0,8228.0,0.0,0.0,0.0,0.0,0.0,1.0,0.0,0.0,0.0,0.0,0.0,0.0,0.0,-0.5,0.0,0.0001,16.0,25903.0
2026-07-30T19:00:00.279Z,169.762,169.776,0.0,7.4,0.0,0.0,0.0,0.0,0.0,0.0,0.0,0.0,1.0,0.0,0.0,0.0,9.0,4.0,0.0,0.0,0.0,0.0,0.0,0.0,0.0,0.0,1.0,12.0,1.0,12.15,5.01,2.5,1.49,0.0,0.1,0.0,0.4,0.0,0.2,1.3,0.0,-169.70000000000002,0.0,0.0,169.8,0.0,21.8,29.9,29.9,30.5,300.0,300.0,31.1,35.0,29.700000000000003,29.0,30.8,4.96,1.99,4.97,0.16,0.0,0.0,1027.0,8228.0,0.0,0.0,0.0,0.0,0.0,1.0,0.0,0.0,0.0,0.0,0.0,1.4,0.0,0.3,0.0,0.0001,16.0,25903.0
2026-07-30T19:00:00.291Z,169.774,169.788,0.0,7.4,0.0,0.0,0.0,0.0,0.0,0.0,0.0,0.0,1.0,0.0,0.0,0.0,9.0,4.0,0.0,0.0,0.0,0.0,0.0,0.0,0.0,0.0,2.0,12.0,1.0,12.15,5.01,2.5,1.49,0.0,0.0,0.0,0.4,0.0,-0.8,-0.4,0.5,-169.70000000000002,0.0,0.0,169.8,0.0,21.8,29.9,29.9,30.5,300.0,300.0,31.1,35.0,29.700000000000003,29.0,30.8,4.95,1.99,4.97,0.16,0.0,0.0,1027.0,8228.0,0.0,0.0,0.0,0.0,0.0,1.0,0.0,0.0,0.0,0.0,0.0,0.0,0.0,-0.5,0.0,0.0,16.0,25903.0
2026-07-30T19:00:00.303Z,169.786,169.8,0.0,7.4,0.0,0.0,0.0,0.0,0.0,0.0,0.0,0.0,1.0,0.0,0.0,0.0,9.0,4.0,0.0,0.0,0.0,0.0,0.0,0.0,0.0,0.0,3.0,12.0,1.0,12.15,5.01,2.5,1.49,0.0,0.0,0.0,0.4,0.0,-0.3,0.7000000000000001,0.0,-169.70000000000002,0.0,0.0,169.8,0.0,21.8,29.9,29.9,30.5,300.0,300.0,31.1,35.0,29.700000000000003,29.0,30.8,4.96,1.99,4.97,0.16,0.0,0.0,1027.0,8228.0,0.0,0.0,0.0,0.0,0.0,1.0,0.0,0.0,0.0,0.0,0.0,0.8,0.0,0.1,0.0,0.0,16.0,25903.0
2026-07-30T19:00:00.315Z,169.798,169.812,0.0,7.4,0.0,0.0,0.0,0.0,0.0,0.0,0.0,0.0,1.0,0.0,0.0,0.0,9.0,4.0,0.0,0.0,0.0,0.0,0.0,0.0,0.0,0.0,4.0,12.0,1.0,12.15,5.01,2.5,1.49,0.0,0.0,0.0,0.5,0.0,0.2,-1.0,0.5,-169.70000000000002,0.0,0.0,169.70000000000002,0.0,21.8,29.9,29.9,30.5,300.0,300.0,31.1,35.0,29.700000000000003,29.0,30.8,4.95,1.99,4.96,0.16,0.0,0.0,1027.0,8228.0,0.0,0.0,0.0,0.0,0.0,1.0,0.0,0.0,0.0,0.0,0.0,-0.7000000000000001,0.0,-0.7000000000000001,0.0,0.0,16.0,25903.0
2026-07-30T19:00:00.327Z,169.81,169.824,0.0,7.4,0.0,0.0,0.0,0.0,0.0,0.0,0.0,0.0,1.0,0.0,0.0,0.0,9.0,4.0,0.0,0.0,0.0,0.0,0.0,0.0,0.0,0.0,6.0,12.0,1.0,12.15,5.01,2.5,1.49,0.0,0.0,0.0,0.4,0.0,0.2,0.7000000000000001,0.0,-169.70000000000002,0.0,0.0,169.8,0.0,21.8,29.9,29.9,30.5,300.0,300.0,31.1,35.0,29.700000000000003,29.0,30.8,4.95,1.99,4.97,0.16,0.0,0.0,1027.0,8228.0,0.0,0.0,0.0,0.0,0.0,1.0,0.0,0.0,0.0,0.0,0.0,0.7000000000000001,0.0,0.1,0.0,0.0001,16.0,25903.0
2026-07-30T19:00:00.340Z,169.823,169.836,0.0,7.4,0.0,0.0,0.0,0.0,0.0,0.0,0.0,0.0,1.0,0.0,0.0,0.0,9.0,4.0,0.0,0.0,0.0,0.0,0.0,0.0,0.0,0.0,6.0,12.0,1.0,12.15,5.0200000000000005,2.5,1.49,0.0,0.0,0.0,0.4,0.0,-0.3,1.2000000000000002,0.0,-169.70000000000002,0.0,0.0,169.8,0.0,21.3,29.9,29.9,30.5,300.0,300.0,31.0,35.0,29.700000000000003,29.0,30.8,4.95,2.0,4.97,0.16,0.0,0.0,1027.0,8228.0,0.0,0.0,0.0,0.0,0.0,1.0,0.0,0.0,0.0,0.0,0.0,1.4,0.0,0.3,0.0,0.0001,16.0,25903.0
2026-07-30T19:00:00.351Z,169.834,169.848,0.0,7.4,0.0,0.0,0.0,0.0,0.0,0.0,0.0,0.0,1.0,0.0,0.0,0.0,9.0,4.0,0.0,0.0,0.0,0.0,0.0,0.0,0.0,0.0,2.0,12.0,1.0,12.15,5.0200000000000005,2.5,1.49,0.0,0.1,0.0,0.4,0.0,0.2,-0.4,0.5,-169.70000000000002,0.0,0.0,169.8,0.0,21.3,29.9,29.9,30.5,300.0,300.0,31.0,35.0,29.700000000000003,29.0,30.8,4.96,2.0,4.96,0.16,0.0,0.0,1027.0,8228.0,0.0,0.0,0.0,0.0,0.0,1.0,0.0,0.0,0.0,0.0,0.0,-0.1,0.0,-0.5,0.0,0.0,16.0,25903.0
2026-07-30T19:00:00.363Z,169.846,169.86,0.0,7.4,0.0,0.0,0.0,0.0,0.0,0.0,0.0,0.0,1.0,0.0,0.0,0.0,9.0,4.0,0.0,0.0,0.0,0.0,0.0,0.0,0.0,0.0,3.0,12.0,1.0,12.15,5.0200000000000005,2.5,1.49,0.0,0.0,0.0,0.5,0.0,0.8,-0.4,0.0,-169.70000000000002,0.0,0.0,169.8,0.0,21.3,29.9,29.9,30.5,300.0,300.0,31.0,35.0,29.700000000000003,29.0,30.8,4.95,1.99,4.97,0.16,0.0,0.0,1027.0,8228.0,0.0,0.0,0.0,0.0,0.0,1.0,0.0,0.0,0.0,0.0,0.0,-0.6000000000000001,0.0,0.0,0.0,0.0,16.0,25903.0
2026-07-30T19:00:00.375Z,169.858,169.872,0.0,7.4,0.0,0.0,0.0,0.0,0.0,0.0,0.0,0.0,1.0,0.0,0.0,0.0,9.0,4.0,0.0,0.0,0.0,0.0,0.0,0.0,0.0,0.0,5.0,12.0,1.0,12.15,5.0200000000000005,2.5,1.49,0.0,0.0,0.0,0.5,0.0,0.8,-1.0,-0.1,-169.70000000000002,0.0,0.0,169.8,0.0,21.3,29.9,29.9,30.5,300.0,300.0,31.0,35.0,29.700000000000003,29.0,30.8,4.95,1.99,4.96,0.16,0.0,0.0,1027.0,8228.0,0.0,0.0,0.0,0.0,0.0,1.0,0.0,0.0,0.0,0.0,0.0,-1.3,0.0,-0.1,0.0,0.0001,16.0,25903.0
2026-07-30T19:00:00.393Z,169.876,169.884,0.0,7.4,0.0,0.0,0.0,0.0,0.0,0.0,0.0,0.0,1.0,0.0,0.0,0.0,9.0,4.0,0.0,0.0,0.0,0.0,0.0,0.0,0.0,0.0,4.0,12.0,1.0,12.15,5.0200000000000005,2.5,1.49,0.0,0.0,0.0,0.4,0.0,0.2,0.6000000000000001,1.0,-169.70000000000002,0.0,0.0,169.8,0.0,21.3,29.9,29.9,30.5,300.0,300.0,31.0,35.0,29.700000000000003,29.0,30.8,4.96,1.99,4.96,0.16,0.0,0.0,1027.0,8228.0,0.0,0.0,0.0,0.0,0.0,1.0,0.0,0.0,0.0,0.0,0.0,1.5,0.0,-0.7000000000000001,0.0,0.0,16.0,25903.0
2026-07-30T19:00:00.399Z,169.882,169.89600000000002,0.0,7.4,0.0,0.0,0.0,0.0,0.0,0.0,0.0,0.0,1.0,0.0,0.0,0.0,9.0,4.0,0.0,0.0,0.0,0.0,0.0,0.0,0.0,0.0,3.0,12.0,1.0,12.15,5.0200000000000005,2.5,1.49,0.0,0.0,0.0,0.4,0.0,0.2,1.2000000000000002,0.4,-169.70000000000002,0.0,0.0,169.8,0.0,21.3,29.9,29.9,30.5,300.0,300.0,31.0,35.0,29.700000000000003,29.0,30.8,4.96,1.99,4.97,0.16,0.0,0.0,1027.0,8228.0,0.0,0.0,0.0,0.0,0.0,1.0,0.0,0.0,0.0,0.0,0.0,1.7000000000000002,0.0,-0.1,0.0,0.0,16.0,25903.0
2026-07-30T19:00:00.411Z,169.894,169.90800000000002,0.0,7.4,0.0,0.0,0.0,0.0,0.0,0.0,0.0,0.0,1.0,0.0,0.0,0.0,9.0,4.0,0.0,0.0,0.0,0.0,0.0,0.0,0.0,0.0,4.0,12.0,1.0,12.15,5.0200000000000005,2.5,1.49,0.0,0.0,0.0,0.4,0.0,0.2,-0.4,0.4,-169.70000000000002,0.0,0.0,169.8,0.0,21.3,29.9,29.9,30.5,300.0,300.0,31.0,35.0,29.700000000000003,29.0,30.8,4.95,1.99,4.97,0.16,0.0,0.0,1027.0,8228.0,0.0,0.0,0.0,0.0,0.0,1.0,0.0,0.0,0.0,0.0,0.0,-0.2,0.0,-0.4,0.0,0.0,16.0,25903.0
2026-07-30T19:00:00.423Z,169.906,169.92000000000002,0.0,7.4,0.0,0.0,0.0,0.0,0.0,0.0,0.0,0.0,1.0,0.0,0.0,0.0,9.0,4.0,0.0,0.0,0.0,0.0,0.0,0.0,0.0,0.0,5.0,12.0,1.0,12.15,5.0200000000000005,2.5,1.49,0.0,0.0,0.0,0.4,0.0,-0.2,0.0,-1.2000000000000002,-169.70000000000002,0.0,0.0,169.8,0.0,21.3,29.9,29.9,30.5,300.0,300.0,31.0,35.0,29.700000000000003,29.0,30.8,4.95,1.99,4.96,0.16,0.0,0.0,1027.0,8228.0,0.0,0.0,0.0,0.0,0.0,1.0,0.0,0.0,0.0,0.0,0.0,-0.8,0.0,1.1,0.0,0.0,16.0,25903.0
2026-07-30T19:00:00.435Z,169.918,169.93200000000002,0.0,7.4,0.0,0.0,0.0,0.0,0.0,0.0,0.0,0.0,1.0,0.0,0.0,0.0,9.0,4.0,0.0,0.0,0.0,0.0,0.0,0.0,0.0,0.0,6.0,12.0,1.0,12.18,5.01,2.51,1.49,0.0,0.0,0.0,0.4,0.0,0.8,1.2000000000000002,0.4,-169.70000000000002,0.0,0.0,169.8,0.0,21.4,29.9,29.9,30.5,300.0,300.0,31.1,35.1,29.6,29.0,30.8,4.96,1.99,4.96,0.16,0.0,0.0,1027.0,8228.0,0.0,0.0,0.0,0.0,0.0,1.0,0.0,0.0,0.0,0.0,0.0,1.7000000000000002,0.0,-0.1,0.0,0.0001,16.0,25903.0
2026-07-30T19:00:00.447Z,169.93,169.94400000000002,0.0,7.4,0.0,0.0,0.0,0.0,0.0,0.0,0.0,0.0,1.0,0.0,0.0,0.0,9.0,4.0,0.0,0.0,0.0,0.0,0.0,0.0,0.0,0.0,1.0,12.0,1.0,12.18,5.01,2.51,1.49,0.0,0.0,0.0,0.4,0.0,0.2,0.0,-0.1,-169.70000000000002,0.0,0.0,169.8,0.0,21.4,29.9,29.9,30.5,300.0,300.0,31.1,35.1,29.6,29.0,30.8,4.95,1.99,4.97,0.16,0.0,0.0,1027.0,8228.0,0.0,0.0,0.0,0.0,0.0,1.0,0.0,0.0,0.0,0.0,0.0,0.0,0.0,0.1,0.0,0.0,16.0,25903.0
2026-07-30T19:00:00.459Z,169.942,169.95600000000002,0.0,7.4,0.0,0.0,0.0,0.0,0.0,0.0,0.0,0.0,1.0,0.0,0.0,0.0,9.0,4.0,0.0,0.0,0.0,0.0,0.0,0.0,0.0,0.0,2.0,12.0,1.0,12.18,5.01,2.51,1.49,0.0,0.0,0.0,0.4,0.0,0.2,-0.4,-0.1,-169.70000000000002,0.0,0.0,169.70000000000002,0.0,21.4,29.9,29.9,30.5,300.0,300.0,31.1,35.1,29.6,29.0,30.8,4.96,1.99,4.96,0.16,0.0,0.0,1027.0,8228.0,0.0,0.0,0.0,0.0,0.0,1.0,0.0,0.0,0.0,0.0,0.0,-0.6000000000000001,0.0,0.0,0.0,0.0,16.0,25903.0
2026-07-30T19:00:00.471Z,169.954,169.96800000000002,0.0,7.4,0.0,0.0,0.0,0.0,0.0,0.0,0.0,0.0,1.0,0.0,0.0,0.0,9.0,4.0,0.0,0.0,0.0,0.0,0.0,0.0,0.0,0.0,3.0,12.0,1.0,12.18,5.01,2.51,1.49,0.0,0.0,0.0,0.4,0.0,-0.8,1.2000000000000002,-0.7000000000000001,-169.70000000000002,0.0,0.0,169.8,0.0,21.4,29.9,29.9,30.5,300.0,300.0,31.1,35.1,29.6,29.0,30.8,4.96,1.99,4.97,0.16,0.0,0.0,1027.0,8228.0,0.0,0.0,0.0,0.0,0.0,1.0,0.0,0.0,0.0,0.0,0.0,0.8,0.0,0.8,0.0,0.0001,16.0,25903.0
2026-07-30T19:00:00.483Z,169.966,169.98,0.0,7.4,0.0,0.0,0.0,0.0,0.0,0.0,0.0,0.0,1.0,0.0,0.0,0.0,9.0,4.0,0.0,0.0,0.0,0.0,0.0,0.0,0.0,0.0,5.0,12.0,1.0,12.18,5.01,2.51,1.49,0.0,0.0,0.0,0.4,0.0,-1.4,0.0,-1.3,-169.70000000000002,0.0,0.0,169.8,0.0,21.4,29.9,29.9,30.5,300.0,300.0,31.1,35.1,29.6,29.0,30.8,4.95,1.99,4.97,0.16,0.0,0.0,1027.0,8228.0,0.0,0.0,0.0,0.0,0.0,1.0,0.0,0.0,0.0,0.0,0.0,-0.9,0.0,1.1,0.0,0.0,16.0,25903.0
2026-07-30T19:00:00.495Z,169.978,169.992,0.0,7.4,0.0,0.0,0.0,0.0,0.0,0.0,0.0,0.0,1.0,0.0,0.0,0.0,9.0,4.0,0.0,0.0,0.0,0.0,0.0,0.0,0.0,0.0,6.0,12.0,1.0,12.18,5.01,2.51,1.49,0.0,0.0,0.0,0.4,0.0,0.3,-0.4,-0.7000000000000001,-169.70000000000002,0.0,0.0,169.8,0.0,21.4,29.9,29.9,30.5,300.0,300.0,31.1,35.1,29.6,29.0,30.8,4.96,1.99,4.97,0.16,0.0,0.0,1027.0,8228.0,0.0,0.0,0.0,0.0,0.0,1.0,0.0,0.0,0.0,0.0,0.0,-1.1,0.0,0.5,0.0,0.0001,16.0,25903.0
2026-07-30T19:00:00.507Z,169.99,170.004,0.0,7.4,0.0,0.0,0.0,0.0,0.0,0.0,0.0,0.0,1.0,0.0,0.0,0.0,9.0,4.0,0.0,0.0,0.0,0.0,0.0,0.0,0.0,0.0,1.0,12.0,1.0,12.18,5.01,2.51,1.49,0.0,0.0,0.0,0.4,0.0,-0.2,-0.4,0.4,-169.70000000000002,0.0,0.0,169.8,0.0,21.4,29.9,29.9,30.5,300.0,300.0,31.1,35.1,29.6,29.0,30.8,4.96,2.0,4.96,0.16,0.0,0.0,1027.0,8228.0,0.0,0.0,0.0,0.0,0.0,1.0,0.0,0.0,0.0,0.0,0.0,-0.2,0.0,-0.4,0.0,0.0,16.0,25903.0
2026-07-30T19:00:00.520Z,170.003,170.016,0.0,7.4,0.0,0.0,0.0,0.0,0.0,0.0,0.0,0.0,1.0,0.0,0.0,0.0,9.0,4.0,0.0,0.0,0.0,0.0,0.0,0.0,0.0,0.0,3.0,12.0,1.0,12.18,5.01,2.51,1.49,0.0,0.0,0.0,0.5,0.0,0.8,0.6000000000000001,-0.7000000000000001,-169.70000000000002,0.0,0.0,169.8,0.0,21.4,29.9,29.9,30.5,300.0,300.0,31.1,35.1,29.6,29.0,30.8,4.96,1.99,4.97,0.15,0.0,0.0,1027.0,8228.0,0.0,0.0,0.0,0.0,0.0,1.0,0.0,0.0,0.0,0.0,0.0,0.1,0.0,0.7000000000000001,0.0,0.0001,16.0,25903.0
2026-07-30T19:00:00.531Z,170.014,170.028,0.0,7.4,0.0,0.0,0.0,0.0,0.0,0.0,0.0,0.0,1.0,0.0,0.0,0.0,9.0,4.0,0.0,0.0,0.0,0.0,0.0,0.0,0.0,0.0,4.0,12.0,1.0,12.18,5.01,2.51,1.49,0.0,0.0,0.0,0.4,0.0,-0.3,0.6000000000000001,0.9,-169.70000000000002,0.0,0.0,169.8,0.0,21.4,29.9,29.9,30.5,300.0,300.0,31.1,35.1,29.6,29.0,30.8,4.96,1.99,4.97,0.16,0.0,0.0,1027.0,8228.0,0.0,0.0,0.0,0.0,0.0,1.0,0.0,0.0,0.0,0.0,0.0,1.4,0.0,-0.7000000000000001,0.0,0.0001,16.0,25903.0
2026-07-30T19:00:00.544Z,170.027,170.04,0.0,7.4,0.0,0.0,0.0,0.0,0.0,0.0,0.0,0.0,1.0,0.0,0.0,0.0,9.0,4.0,0.0,0.0,0.0,0.0,0.0,0.0,0.0,0.0,5.0,12.0,1.0,12.2,5.0200000000000005,2.5,1.49,0.0,0.0,0.0,0.4,0.0,0.2,0.6000000000000001,-0.7000000000000001,-169.70000000000002,0.0,0.0,169.70000000000002,0.0,21.700000000000003,29.9,29.9,30.5,300.0,300.0,31.200000000000003,35.1,29.6,29.0,30.8,4.95,1.99,4.96,0.16,0.0,0.0,1027.0,8228.0,0.0,0.0,0.0,0.0,0.0,1.0,0.0,0.0,0.0,0.0,0.0,0.1,0.0,0.8,0.0,0.0,16.0,25903.0
2026-07-30T19:00:00.555Z,170.038,170.052,0.0,7.4,0.0,0.0,0.0,0.0,0.0,0.0,0.0,0.0,1.0,0.0,0.0,0.0,9.0,4.0,0.0,0.0,0.0,0.0,0.0,0.0,0.0,0.0,6.0,12.0,1.0,12.2,5.0200000000000005,2.5,1.49,0.0,0.1,0.0,0.4,0.0,0.2,0.0,-0.8,-169.70000000000002,0.0,0.0,169.70000000000002,0.0,21.700000000000003,29.9,29.9,30.5,300.0,300.0,31.200000000000003,35.1,29.6,29.0,30.8,4.95,2.0,4.96,0.16,0.0,0.0,1027.0,8228.0,0.0,0.0,0.0,0.0,0.0,1.0,0.0,0.0,0.0,0.0,0.0,-1.6,0.0,1.1,0.0,0.0001,16.0,25903.0
2026-07-30T19:00:00.567Z,170.05,170.064,0.0,7.4,0.0,0.0,0.0,0.0,0.0,0.0,0.0,0.0,1.0,0.0,0.0,0.0,9.0,4.0,0.0,0.0,0.0,0.0,0.0,0.0,0.0,0.0,1.0,12.0,1.0,12.2,5.0200000000000005,2.5,1.49,0.0,0.0,0.0,0.4,0.0,-0.3,-0.5,-0.1,-169.70000000000002,0.0,0.0,169.8,0.0,21.700000000000003,29.9,29.9,30.5,300.0,300.0,31.200000000000003,35.1,29.6,29.0,30.8,4.95,1.99,4.96,0.17,0.0,0.0,1027.0,8228.0,0.0,0.0,0.0,0.0,0.0,1.0,0.0,0.0,0.0,0.0,0.0,0.7000000000000001,0.0,-0.8,0.0,0.0,16.0,25903.0
2026-07-30T19:00:00.579Z,170.062,170.076,0.0,7.4,0.0,0.0,0.0,0.0,0.0,0.0,0.0,0.0,1.0,0.0,0.0,0.0,9.0,4.0,0.0,0.0,0.0,0.0,0.0,0.0,0.0,0.0,2.0,12.0,1.0,12.2,5.0200000000000005,2.5,1.49,0.0,0.0,0.0,0.5,0.0,-0.3,0.0,-0.1,-169.70000000000002,0.0,0.0,169.70000000000002,0.0,21.700000000000003,29.9,29.9,30.5,300.0,300.0,31.200000000000003,35.1,29.6,29.0,30.8,4.96,2.0,4.96,0.16,0.0,0.0,1027.0,8228.0,0.0,0.0,0.0,0.0,0.0,1.0,0.0,0.0,0.0,0.0,0.0,0.0,0.0,0.1,0.0,0.0,16.0,25903.0
2026-07-30T19:00:00.591Z,170.074,170.088,0.0,7.4,0.0,0.0,0.0,0.0,0.0,0.0,0.0,0.0,1.0,0.0,0.0,0.0,9.0,4.0,0.0,0.0,0.0,0.0,0.0,0.0,0.0,0.0,3.0,12.0,1.0,12.2,5.0200000000000005,2.5,1.49,0.0,0.0,0.0,0.5,0.0,-0.3,0.0,-1.2000000000000002,-169.70000000000002,0.0,0.0,169.70000000000002,0.0,21.700000000000003,29.9,29.9,30.5,300.0,300.0,31.200000000000003,35.1,29.6,29.0,30.8,4.96,2.0,4.97,0.16,0.0,0.0,1027.0,8228.0,0.0,0.0,0.0,0.0,0.0,1.0,0.0,0.0,0.0,0.0,0.0,-0.8,0.0,1.1,0.0,0.0001,16.0,25903.0
2026-07-30T19:00:00.603Z,170.086,170.1,0.0,7.4,0.0,0.0,0.0,0.0,0.0,0.0,0.0,0.0,1.0,0.0,0.0,0.0,9.0,4.0,0.0,0.0,0.0,0.0,0.0,0.0,0.0,0.0,4.0,12.0,1.0,12.2,5.0200000000000005,2.5,1.49,0.0,0.0,0.0,0.5,0.0,0.2,-0.4,0.0,-169.70000000000002,0.0,0.0,169.70000000000002,0.0,21.700000000000003,29.9,29.9,30.5,300.0,300.0,31.200000000000003,35.1,29.6,29.0,30.8,4.95,1.99,4.97,0.16,0.0,0.0,1027.0,8228.0,0.0,0.0,0.0,0.0,0.0,1.0,0.0,0.0,0.0,0.0,0.0,0.2,0.0,-1.0,0.0,0.0,16.0,25903.0
2026-07-30T19:00:00.615Z,170.098,170.112,0.0,7.4,0.0,0.0,0.0,0.0,0.0,0.0,0.0,0.0,1.0,0.0,0.0,0.0,9.0,4.0,0.0,0.0,0.0,0.0,0.0,0.0,0.0,0.0,5.0,12.0,1.0,12.2,5.0200000000000005,2.5,1.49,0.0,0.0,0.0,0.4,0.0,0.2,0.0,0.0,-169.70000000000002,0.0,0.0,169.8,0.0,21.700000000000003,29.9,29.9,30.5,300.0,300.0,31.200000000000003,35.1,29.6,29.0,30.8,4.95,1.99,4.96,0.16,0.0,0.0,1027.0,8228.0,0.0,0.0,0.0,0.0,0.0,1.0,0.0,0.0,0.0,0.0,0.0,0.0,0.0,0.0,0.0,0.0001,16.0,25903.0
2026-07-30T19:00:00.627Z,170.11,170.124,0.0,7.4,0.0,0.0,0.0,0.0,0.0,0.0,0.0,0.0,1.0,0.0,0.0,0.0,9.0,4.0,0.0,0.0,0.0,0.0,0.0,0.0,0.0,0.0,6.0,12.0,1.0,12.2,5.0200000000000005,2.5,1.49,0.0,0.0,0.0,0.4,0.0,0.8,1.2000000000000002,0.0,-169.70000000000002,0.0,0.0,169.8,0.0,21.700000000000003,29.9,29.9,30.5,300.0,300.0,31.200000000000003,35.1,29.6,29.0,30.8,4.96,2.0,4.96,0.16,0.0,0.0,1027.0,8228.0,0.0,0.0,0.0,0.0,0.0,1.0,0.0,0.0,0.0,0.0,0.0,2.6,0.0,-1.2000000000000002,0.0,0.0001,16.0,25903.0
2026-07-30T19:00:00.639Z,170.122,170.136,0.0,7.4,0.0,0.0,0.0,0.0,0.0,0.0,0.0,0.0,1.0,0.0,0.0,0.0,9.0,4.0,0.0,0.0,0.0,0.0,0.0,0.0,0.0,0.0,2.0,12.0,1.0,12.17,5.0200000000000005,2.51,1.49,0.0,0.0,0.0,0.4,0.0,-0.3,0.0,-0.1,-169.70000000000002,0.0,0.0,169.70000000000002,0.0,21.8,29.9,29.9,30.5,300.0,300.0,31.200000000000003,35.0,29.6,29.0,30.8,4.95,2.0,4.97,0.16,0.0,0.0,1027.0,8228.0,0.0,0.0,0.0,0.0,0.0,1.0,0.0,0.0,0.0,0.0,0.0,0.0,0.0,0.1,0.0,0.0001,16.0,25903.0
2026-07-30T19:00:00.651Z,170.134,170.148,0.0,7.4,0.0,0.0,0.0,0.0,0.0,0.0,0.0,0.0,1.0,0.0,0.0,0.0,9.0,4.0,0.0,0.0,0.0,0.0,0.0,0.0,0.0,0.0,2.0,12.0,1.0,12.17,5.0200000000000005,2.51,1.49,-0.1,0.1,0.0,0.4,0.0,-0.9,-1.1,-0.1,-169.70000000000002,0.0,0.0,169.70000000000002,0.0,21.8,29.9,29.9,30.5,300.0,300.0,31.200000000000003,35.0,29.6,29.0,30.8,4.95,1.99,4.97,0.16,0.0,0.0,1027.0,8228.0,0.0,0.0,0.0,0.0,0.0,1.0,0.0,0.0,0.0,0.0,0.0,-1.7000000000000002,0.0,0.3,0.0,0.0002,16.0,25903.0
2026-07-30T19:00:00.663Z,170.146,170.16,0.0,7.4,0.0,0.0,0.0,0.0,0.0,0.0,0.0,0.0,1.0,0.0,0.0,0.0,9.0,4.0,0.0,0.0,0.0,0.0,0.0,0.0,0.0,0.0,3.0,12.0,1.0,12.17,5.0200000000000005,2.51,1.49,0.0,0.0,0.0,0.4,0.0,-0.3,1.1,-0.1,-169.70000000000002,0.0,0.0,169.70000000000002,0.0,21.8,29.9,29.9,30.5,300.0,300.0,31.200000000000003,35.0,29.6,29.0,30.8,4.95,1.99,4.96,0.16,0.0,0.0,1027.0,8228.0,0.0,0.0,0.0,0.0,0.0,1.0,0.0,0.0,0.0,0.0,0.0,1.4,0.0,-0.8,0.0,0.0,16.0,25903.0
2026-07-30T19:00:00.675Z,170.158,170.172,0.0,7.4,0.0,0.0,0.0,0.0,0.0,0.0,0.0,0.0,1.0,0.0,0.0,0.0,9.0,4.0,0.0,0.0,0.0,0.0,0.0,0.0,0.0,0.0,4.0,12.0,1.0,12.17,5.0200000000000005,2.51,1.49,0.0,0.1,0.0,0.4,0.0,-0.3,0.0,-1.2000000000000002,-169.70000000000002,0.0,0.0,169.60000000000002,0.0,21.8,29.9,29.9,30.5,300.0,300.0,31.200000000000003,35.0,29.6,29.0,30.8,4.96,1.99,4.96,0.17,0.0,0.0,1027.0,8228.0,0.0,0.0,0.0,0.0,0.0,1.0,0.0,0.0,0.0,0.0,0.0,-0.9,0.0,1.1,0.0,0.0001,16.0,25903.0
2026-07-30T19:00:00.687Z,170.17,170.184,0.0,7.4,0.0,0.0,0.0,0.0,0.0,0.0,0.0,0.0,1.0,0.0,0.0,0.0,9.0,4.0,0.0,0.0,0.0,0.0,0.0,0.0,0.0,0.0,6.0,12.0,1.0,12.17,5.0200000000000005,2.51,1.49,0.0,0.0,0.0,0.5,0.0,0.2,-0.5,1.0,-169.70000000000002,0.0,0.0,169.70000000000002,0.0,21.8,29.9,29.9,30.5,300.0,300.0,31.200000000000003,35.0,29.6,29.0,30.8,4.95,1.99,4.97,0.16,0.0,0.0,1027.0,8228.0,0.0,0.0,0.0,0.0,0.0,1.0,0.0,0.0,0.0,0.0,0.0,0.1,0.0,-1.0,0.0,0.0001,16.0,25903.0
2026-07-30T19:00:00.706Z,170.189,170.196,0.0,7.4,0.0,0.0,0.0,0.0,0.0,0.0,0.0,0.0,1.0,0.0,0.0,0.0,9.0,4.0,0.0,0.0,0.0,0.0,0.0,0.0,0.0,0.0,1.0,12.0,1.0,12.17,5.0200000000000005,2.51,1.49,0.0,0.0,0.0,0.4,0.0,-0.3,-1.1,-0.1,-169.70000000000002,0.0,0.0,169.70000000000002,0.0,21.8,29.9,29.9,30.5,300.0,300.0,31.200000000000003,35.0,29.6,29.0,30.8,4.96,2.0,4.96,0.16,0.0,0.0,1027.0,8228.0,0.0,0.0,0.0,0.0,0.0,1.0,0.0,0.0,0.0,0.0,0.0,-1.4,0.0,-0.1,0.0,0.0,16.0,25903.0
2026-07-30T19:00:00.711Z,170.194,170.208,0.0,7.4,0.0,0.0,0.0,0.0,0.0,0.0,0.0,0.0,1.0,0.0,0.0,0.0,9.0,4.0,0.0,0.0,0.0,0.0,0.0,0.0,0.0,0.0,4.0,12.0,1.0,12.17,5.0200000000000005,2.51,1.49,0.0,0.0,0.0,0.4,0.0,-0.9,0.0,-0.7000000000000001,-169.70000000000002,0.0,0.0,169.60000000000002,0.0,21.8,29.9,29.9,30.5,300.0,300.0,31.200000000000003,35.0,29.6,29.0,30.8,4.96,2.0,4.96,0.16,0.0,0.0,1027.0,8228.0,0.0,0.0,0.0,0.0,0.0,1.0,0.0,0.0,0.0,0.0,0.0,-0.5,0.0,0.6000000000000001,0.0,0.0,16.0,25903.0
2026-07-30T19:00:00.723Z,170.206,170.22,0.0,7.4,0.0,0.0,0.0,0.0,0.0,0.0,0.0,0.0,1.0,0.0,0.0,0.0,9.0,4.0,0.0,0.0,0.0,0.0,0.0,0.0,0.0,0.0,4.0,12.0,1.0,12.17,5.0200000000000005,2.51,1.49,0.0,0.0,0.0,0.4,0.0,-0.9,1.1,-0.1,-169.70000000000002,0.0,0.0,169.70000000000002,0.0,21.8,29.9,29.9,30.5,300.0,300.0,31.200000000000003,35.0,29.6,29.0,30.8,4.96,1.99,4.96,0.16,0.0,0.0,1027.0,8228.0,0.0,0.0,0.0,0.0,0.0,1.0,0.0,0.0,0.0,0.0,0.0,-1.1,0.0,0.5,0.0,0.0,16.0,25903.0
2026-07-30T19:00:00.735Z,170.218,170.232,0.0,7.4,0.0,0.0,0.0,0.0,0.0,0.0,0.0,0.0,1.0,0.0,0.0,0.0,9.0,4.0,0.0,0.0,0.0,0.0,0.0,0.0,0.0,0.0,5.0,12.0,1.0,12.17,5.0200000000000005,2.51,1.49,0.0,0.0,0.0,0.4,0.0,-0.3,-0.5,-0.1,-169.70000000000002,0.0,0.0,169.70000000000002,0.0,21.8,29.9,29.9,30.5,300.0,300.0,31.200000000000003,35.0,29.6,29.0,30.8,4.95,1.99,4.97,0.17,0.0,0.0,1027.0,8228.0,0.0,0.0,0.0,0.0,0.0,1.0,0.0,0.0,0.0,0.0,0.0,-0.7000000000000001,0.0,0.0,0.0,0.0002,16.0,25903.0
2026-07-30T19:00:00.747Z,170.23,170.244,0.0,7.4,0.0,0.0,0.0,0.0,0.0,0.0,0.0,0.0,1.0,0.0,0.0,0.0,9.0,4.0,0.0,0.0,0.0,0.0,0.0,0.0,0.0,0.0,6.0,12.0,1.0,12.17,5.01,2.51,1.49,0.0,0.0,0.0,0.4,0.0,0.2,-0.5,-0.2,-169.70000000000002,0.0,0.0,169.70000000000002,0.0,21.700000000000003,29.9,29.9,30.5,300.0,300.0,31.1,35.0,29.6,29.0,30.8,4.96,1.99,4.96,0.17,0.0,0.0,1027.0,8228.0,0.0,0.0,0.0,0.0,0.0,1.0,0.0,0.0,0.0,0.0,0.0,-0.7000000000000001,0.0,0.0,0.0,0.0001,16.0,25903.0
2026-07-30T19:00:00.759Z,170.242,170.256,0.0,7.4,0.0,0.0,0.0,0.0,0.0,0.0,0.0,0.0,1.0,0.0,0.0,0.0,9.0,4.0,0.0,0.0,0.0,0.0,0.0,0.0,0.0,0.0,2.0,12.0,1.0,12.17,5.01,2.51,1.49,0.0,0.0,0.0,0.4,0.0,-0.3,0.0,1.5,-169.70000000000002,0.0,0.0,169.60000000000002,0.0,21.700000000000003,29.9,29.9,30.5,300.0,300.0,31.1,35.0,29.6,29.0,30.8,4.96,1.99,4.97,0.16,0.0,0.0,1027.0,8228.0,0.0,0.0,0.0,0.0,0.0,1.0,0.0,0.0,0.0,0.0,0.0,1.1,0.0,-1.3,0.0,0.0,16.0,25903.0
2026-07-30T19:00:00.771Z,170.254,170.268,0.0,7.4,0.0,0.0,0.0,0.0,0.0,0.0,0.0,0.0,1.0,0.0,0.0,0.0,9.0,4.0,0.0,0.0,0.0,0.0,0.0,0.0,0.0,0.0,2.0,12.0,1.0,12.17,5.01,2.51,1.49,0.0,0.1,0.0,0.5,0.0,0.2,0.6000000000000001,-0.8,-169.70000000000002,0.0,0.0,169.60000000000002,0.0,21.700000000000003,29.9,29.9,30.5,300.0,300.0,31.1,35.0,29.6,29.0,30.8,4.95,1.99,4.97,0.16,0.0,0.0,1027.0,8228.0,0.0,0.0,0.0,0.0,0.0,1.0,0.0,0.0,0.0,0.0,0.0,0.0,0.0,0.8,0.0,0.0001,16.0,25903.0
2026-07-30T19:00:00.783Z,170.266,170.28,0.0,7.4,0.0,0.0,0.0,0.0,0.0,0.0,0.0,0.0,1.0,0.0,0.0,0.0,9.0,4.0,0.0,0.0,0.0,0.0,0.0,0.0,0.0,0.0,3.0,12.0,1.0,12.17,5.01,2.51,1.49,0.0,0.1,0.0,0.5,0.0,-0.3,-0.5,-0.2,-169.70000000000002,0.0,0.0,169.70000000000002,0.0,21.700000000000003,29.9,29.9,30.5,300.0,300.0,31.1,35.0,29.6,29.0,30.8,4.96,1.99,4.96,0.16,0.0,0.0,1027.0,8228.0,0.0,0.0,0.0,0.0,0.0,1.0,0.0,0.0,0.0,0.0,0.0,-0.8,0.0,0.1,0.0,0.0,16.0,25903.0
2026-07-30T19:00:00.796Z,170.279,170.292,0.0,7.4,0.0,0.0,0.0,0.0,0.0,0.0,0.0,0.0,1.0,0.0,0.0,0.0,9.0,4.0,0.0,0.0,0.0,0.0,0.0,0.0,0.0,0.0,5.0,12.0,1.0,12.17,5.01,2.51,1.49,0.0,0.0,0.0,0.4,0.0,0.2,-0.5,-0.2,-169.70000000000002,0.0,0.0,169.70000000000002,0.0,21.700000000000003,29.9,29.9,30.5,300.0,300.0,31.1,35.0,29.6,29.0,30.8,4.95,2.0,4.97,0.16,0.0,0.0,1027.0,8228.0,0.0,0.0,0.0,0.0,0.0,1.0,0.0,0.0,0.0,0.0,0.0,-0.7000000000000001,0.0,0.0,0.0,0.0,16.0,25903.0
2026-07-30T19:00:00.807Z,170.29,170.304,0.0,7.4,0.0,0.0,0.0,0.0,0.0,0.0,0.0,0.0,1.0,0.0,0.0,0.0,9.0,4.0,0.0,0.0,0.0,0.0,0.0,0.0,0.0,0.0,6.0,12.0,1.0,12.17,5.01,2.51,1.49,0.0,0.0,0.0,0.4,0.0,0.2,0.6000000000000001,1.0,-169.70000000000002,0.0,0.0,169.70000000000002,0.0,21.700000000000003,29.9,29.9,30.5,300.0,300.0,31.1,35.0,29.6,29.0,30.8,4.95,1.99,4.97,0.16,0.0,0.0,1027.0,8228.0,0.0,0.0,0.0,0.0,0.0,1.0,0.0,0.0,0.0,0.0,0.0,1.4,0.0,-0.7000000000000001,0.0,0.0,16.0,25903.0
2026-07-30T19:00:00.819Z,170.302,170.316,0.0,7.4,0.0,0.0,0.0,0.0,0.0,0.0,0.0,0.0,1.0,0.0,0.0,0.0,9.0,4.0,0.0,0.0,0.0,0.0,0.0,0.0,0.0,0.0,1.0,12.0,1.0,12.17,5.01,2.51,1.49,0.0,0.0,0.0,0.4,0.0,-0.2,1.2000000000000002,1.6,-169.60000000000002,0.0,0.0,169.60000000000002,0.0,21.700000000000003,29.9,29.9,30.5,300.0,300.0,31.1,35.0,29.6,29.0,30.8,4.95,1.99,4.97,0.16,0.0,0.0,1027.0,8228.0,0.0,0.0,0.0,0.0,0.0,1.0,0.0,0.0,0.0,0.0,0.0,2.6,0.0,-1.1,0.0,0.0,16.0,25903.0
2026-07-30T19:00:00.831Z,170.314,170.328,0.0,7.4,0.0,0.0,0.0,0.0,0.0,0.0,0.0,0.0,1.0,0.0,0.0,0.0,9.0,4.0,0.0,0.0,0.0,0.0,0.0,0.0,0.0,0.0,2.0,12.0,1.0,12.17,5.01,2.51,1.49,0.0,0.1,0.0,0.4,0.0,-0.3,0.6000000000000001,0.4,-169.60000000000002,0.0,0.0,169.70000000000002,0.0,21.700000000000003,29.9,29.9,30.5,300.0,300.0,31.1,35.0,29.6,29.0,30.8,4.96,1.99,4.96,0.16,0.0,0.0,1027.0,8228.0,0.0,0.0,0.0,0.0,0.0,1.0,0.0,0.0,0.0,0.0,0.0,1.0,0.0,-0.2,0.0,0.0001,16.0,25903.0
2026-07-30T19:00:00.843Z,170.326,170.34,0.0,7.4,0.0,0.0,0.0,0.0,0.0,0.0,0.0,0.0,1.0,0.0,0.0,0.0,9.0,4.0,0.0,0.0,0.0,0.0,0.0,0.0,0.0,0.0,3.0,12.0,1.0,12.15,5.0200000000000005,2.51,1.49,0.0,0.0,0.0,0.4,0.0,0.3,-0.4,1.0,-169.60000000000002,0.0,0.0,169.60000000000002,0.0,21.700000000000003,29.9,29.9,30.5,300.0,300.0,31.200000000000003,35.0,29.6,29.0,30.8,4.95,1.99,4.97,0.16,0.0,0.0,1027.0,8228.0,0.0,0.0,0.0,0.0,0.0,1.0,0.0,0.0,0.0,0.0,0.0,0.2,0.0,-1.0,0.0,0.0,16.0,25903.0
2026-07-30T19:00:00.855Z,170.338,170.352,0.0,7.4,0.0,0.0,0.0,0.0,0.0,0.0,0.0,0.0,1.0,0.0,0.0,0.0,9.0,4.0,0.0,0.0,0.0,0.0,0.0,0.0,0.0,0.0,4.0,12.0,1.0,12.15,5.0200000000000005,2.51,1.49,0.0,0.0,0.0,0.4,0.0,-0.2,-0.5,-1.8,-169.60000000000002,0.0,0.0,169.70000000000002,0.0,21.700000000000003,29.9,29.9,30.5,300.0,300.0,31.200000000000003,35.0,29.6,29.0,30.8,4.95,1.99,4.97,0.16,0.0,0.0,1027.0,8228.0,0.0,0.0,0.0,0.0,0.0,1.0,0.0,0.0,0.0,0.0,0.0,-1.9,0.0,1.5,0.0,0.0,16.0,25903.0
2026-07-30T19:00:00.867Z,170.35,170.364,0.0,7.4,0.0,0.0,0.0,0.0,0.0,0.0,0.0,0.0,1.0,0.0,0.0,0.0,9.0,4.0,0.0,0.0,0.0,0.0,0.0,0.0,0.0,0.0,5.0,12.0,1.0,12.15,5.0200000000000005,2.51,1.49,0.0,0.0,0.0,0.4,0.0,0.9,0.6000000000000001,0.0,-169.60000000000002,0.0,0.0,169.60000000000002,0.0,21.700000000000003,29.9,29.9,30.5,300.0,300.0,31.200000000000003,35.0,29.6,29.0,30.8,4.96,2.0,4.97,0.16,0.0,0.0,1027.0,8228.0,0.0,0.0,0.0,0.0,0.0,1.0,0.0,0.0,0.0,0.0,0.0,0.7000000000000001,0.0,0.1,0.0,0.0,16.0,25903.0
2026-07-30T19:00:00.879Z,170.362,170.376,0.0,7.4,0.0,0.0,0.0,0.0,0.0,0.0,0.0,0.0,1.0,0.0,0.0,0.0,9.0,4.0,0.0,0.0,0.0,0.0,0.0,0.0,0.0,0.0,6.0,12.0,1.0,12.15,5.0200000000000005,2.51,1.49,0.0,0.1,0.0,0.5,0.0,-0.8,-0.5,0.0,-169.60000000000002,0.0,0.0,169.60000000000002,0.0,21.700000000000003,29.9,29.9,30.5,300.0,300.0,31.200000000000003,35.0,29.6,29.0,30.8,4.95,2.0,4.96,0.16,0.0,0.0,1027.0,8228.0,0.0,0.0,0.0,0.0,0.0,1.0,0.0,0.0,0.0,0.0,0.0,-0.6000000000000001,0.0,0.0,0.0,0.0,16.0,25903.0
2026-07-30T19:00:00.891Z,170.374,170.388,0.0,7.4,0.0,0.0,0.0,0.0,0.0,0.0,0.0,0.0,1.0,0.0,0.0,0.0,9.0,4.0,0.0,0.0,0.0,0.0,0.0,0.0,0.0,0.0,1.0,12.0,1.0,12.15,5.0200000000000005,2.51,1.49,0.0,0.0,0.0,0.4,0.0,0.3,-1.0,0.4,-169.60000000000002,0.0,0.0,169.70000000000002,0.0,21.700000000000003,29.9,29.9,30.5,300.0,300.0,31.200000000000003,35.0,29.6,29.0,30.8,4.95,1.99,4.97,0.16,0.0,0.0,1027.0,8228.0,0.0,0.0,0.0,0.0,0.0,1.0,0.0,0.0,0.0,0.0,0.0,-0.8,0.0,-0.6000000000000001,0.0,0.0,16.0,25903.0
2026-07-30T19:00:00.903Z,170.386,170.4,0.0,7.4,0.0,0.0,0.0,0.0,0.0,0.0,0.0,0.0,1.0,0.0,0.0,0.0,9.0,4.0,0.0,0.0,0.0,0.0,0.0,0.0,0.0,0.0,3.0,12.0,1.0,12.15,5.0200000000000005,2.51,1.49,0.0,0.0,0.0,0.5,0.0,1.4,0.6000000000000001,1.0,-169.60000000000002,0.0,0.0,169.70000000000002,0.0,21.700000000000003,29.9,29.9,30.5,300.0,300.0,31.200000000000003,35.0,29.6,29.0,30.8,4.95,1.99,4.96,0.16,0.0,0.0,1027.0,8228.0,0.0,0.0,0.0,0.0,0.0,1.0,0.0,0.0,0.0,0.0,0.0,1.5,0.0,-0.8,0.0,0.0,16.0,25903.0
2026-07-30T19:00:00.915Z,170.398,170.412,0.0,7.4,0.0,0.0,0.0,0.0,0.0,0.0,0.0,0.0,1.0,0.0,0.0,0.0,9.0,4.0,0.0,0.0,0.0,0.0,0.0,0.0,0.0,0.0,4.0,12.0,1.0,12.15,5.0200000000000005,2.51,1.49,0.0,0.0,0.0,0.4,0.0,0.2,1.2000000000000002,1.0,-169.60000000000002,0.0,0.0,169.60000000000002,0.0,21.700000000000003,29.9,29.9,30.5,300.0,300.0,31.200000000000003,35.0,29.6,29.0,30.8,4.96,1.99,4.96,0.16,0.0,0.0,1027.0,8228.0,0.0,0.0,0.0,0.0,0.0,1.0,0.0,0.0,0.0,0.0,0.0,2.2,0.0,-0.7000000000000001,0.0,0.0,16.0,25903.0
2026-07-30T19:00:00.927Z,170.41,170.424,0.0,7.4,0.0,0.0,0.0,0.0,0.0,0.0,0.0,0.0,1.0,0.0,0.0,0.0,9.0,4.0,0.0,0.0,0.0,0.0,0.0,0.0,0.0,0.0,4.0,12.0,1.0,12.15,5.0200000000000005,2.51,1.49,0.0,0.0,0.0,0.4,0.0,0.2,0.0,1.1,-169.60000000000002,0.0,0.0,169.60000000000002,0.0,21.700000000000003,29.9,29.9,30.5,300.0,300.0,31.200000000000003,35.0,29.6,29.0,30.8,4.95,1.99,4.97,0.16,0.0,0.0,1027.0,8228.0,0.0,0.0,0.0,0.0,0.0,1.0,0.0,0.0,0.0,0.0,0.0,0.8,0.0,-0.9,0.0,0.0001,16.0,25903.0
2026-07-30T19:00:00.939Z,170.422,170.436,0.0,7.4,0.0,0.0,0.0,0.0,0.0,0.0,0.0,0.0,1.0,0.0,0.0,0.0,9.0,4.0,0.0,0.0,0.0,0.0,0.0,0.0,0.0,0.0,5.0,12.0,1.0,12.15,5.0200000000000005,2.51,1.49,0.0,0.0,0.0,0.4,0.0,0.2,0.6000000000000001,0.0,-169.60000000000002,0.0,0.0,169.60000000000002,0.0,21.700000000000003,29.9,29.9,30.5,300.0,300.0,31.200000000000003,35.0,29.6,29.0,30.8,4.96,1.99,4.97,0.16,0.0,0.0,1027.0,8228.0,0.0,0.0,0.0,0.0,0.0,1.0,0.0,0.0,0.0,0.0,0.0,0.6000000000000001,0.0,0.2,0.0,0.0,16.0,25903.0
2026-07-30T19:00:00.951Z,170.434,170.448,0.0,7.4,0.0,0.0,0.0,0.0,0.0,0.0,0.0,0.0,1.0,0.0,0.0,0.0,9.0,4.0,0.0,0.0,0.0,0.0,0.0,0.0,0.0,0.0,6.0,12.0,1.0,12.18,5.01,2.5,1.49,0.0,0.0,0.0,0.4,0.0,0.2,0.0,-1.8,-169.60000000000002,0.0,0.0,169.70000000000002,0.0,21.200000000000003,29.9,29.9,30.5,300.0,300.0,31.1,35.1,29.700000000000003,29.0,30.8,4.96,2.0,4.96,0.16,0.0,0.0,1027.0,8228.0,0.0,0.0,0.0,0.0,0.0,1.0,0.0,0.0,0.0,0.0,0.0,-1.2000000000000002,0.0,1.6,0.0,0.0,16.0,25903.0
2026-07-30T19:00:00.963Z,170.446,170.46,0.0,7.4,0.0,0.0,0.0,0.0,0.0,0.0,0.0,0.0,1.0,0.0,0.0,0.0,9.0,4.0,0.0,0.0,0.0,0.0,0.0,0.0,0.0,0.0,1.0,12.0,1.0,12.18,5.01,2.5,1.49,0.0,0.0,0.0,0.4,0.0,0.8,0.0,0.4,-169.60000000000002,0.0,0.0,169.60000000000002,0.0,21.200000000000003,29.9,29.9,30.5,300.0,300.0,31.1,35.1,29.700000000000003,29.0,30.8,4.95,1.99,4.96,0.16,0.0,0.0,1027.0,8228.0,0.0,0.0,0.0,0.0,0.0,1.0,0.0,0.0,0.0,0.0,0.0,0.4,0.0,-0.3,0.0,0.0001,16.0,25903.0
2026-07-30T19:00:00.975Z,170.458,170.472,0.0,7.4,0.0,0.0,0.0,0.0,0.0,0.0,0.0,0.0,1.0,0.0,0.0,0.0,9.0,4.0,0.0,0.0,0.0,0.0,0.0,0.0,0.0,0.0,2.0,12.0,1.0,12.18,5.01,2.5,1.49,0.0,0.0,0.0,0.4,0.0,0.2,0.6000000000000001,-0.1,-169.60000000000002,0.0,0.0,169.70000000000002,0.0,21.200000000000003,29.9,29.9,30.5,300.0,300.0,31.1,35.1,29.700000000000003,29.0,30.8,4.95,1.99,4.96,0.16,0.0,0.0,1027.0,8228.0,0.0,0.0,0.0,0.0,0.0,1.0,0.0,0.0,0.0,0.0,0.0,0.6000000000000001,0.0,0.2,0.0,0.0,16.0,25903.0
2026-07-30T19:00:00.987Z,170.47,170.484,0.0,7.4,0.0,0.0,0.0,0.0,0.0,0.0,0.0,0.0,1.0,0.0,0.0,0.0,9.0,4.0,0.0,0.0,0.0,0.0,0.0,0.0,0.0,0.0,4.0,12.0,1.0,12.18,5.01,2.5,1.49,0.0,0.0,0.0,0.4,0.0,0.8,-0.4,-0.1,-169.60000000000002,0.0,0.0,169.8,0.0,21.200000000000003,29.9,29.9,30.5,300.0,300.0,31.1,35.1,29.700000000000003,29.0,30.8,4.96,1.99,4.96,0.16,0.0,0.0,1027.0,8228.0,0.0,0.0,0.0,0.0,0.0,1.0,0.0,0.0,0.0,0.0,0.0,-0.6000000000000001,0.0,0.0,0.0,0.0,16.0,25903.0
2026-07-30T19:00:00.999Z,170.482,170.496,0.0,7.4,0.0,0.0,0.0,0.0,0.0,0.0,0.0,0.0,1.0,0.0,0.0,0.0,9.0,4.0,0.0,0.0,0.0,0.0,0.0,0.0,0.0,0.0,5.0,12.0,1.0,12.18,5.01,2.5,1.49,0.0,0.0,0.0,0.4,0.0,0.2,0.0,0.4,-169.60000000000002,0.0,0.0,169.60000000000002,0.0,21.200000000000003,29.9,29.9,30.5,300.0,300.0,31.1,35.1,29.700000000000003,29.0,30.8,4.96,1.99,4.96,0.16,0.0,0.0,1027.0,8228.0,0.0,0.0,0.0,0.0,0.0,1.0,0.0,0.0,0.0,0.0,0.0,0.4,0.0,-0.3,0.0,0.0,16.0,25903.0
2026-07-30T19:00:01.014Z,170.497,170.508,0.0,7.4,0.0,0.0,0.0,0.0,0.0,0.0,0.0,0.0,1.0,0.0,0.0,0.0,9.0,4.0,0.0,0.0,0.0,0.0,0.0,0.0,0.0,0.0,6.0,12.0,1.0,12.18,5.01,2.5,1.49,0.0,0.0,0.0,0.4,0.0,-0.2,0.0,1.0,-169.60000000000002,0.0,0.0,169.60000000000002,0.0,21.200000000000003,29.9,29.9,30.5,300.0,300.0,31.1,35.1,29.700000000000003,29.0,30.8,4.95,1.99,4.96,0.16,0.0,0.0,1027.0,8228.0,0.0,0.0,0.0,0.0,0.0,1.0,0.0,0.0,0.0,0.0,0.0,0.9,0.0,-0.9,0.0,0.0001,16.0,25903.0
2026-07-30T19:00:01.027Z,170.51,170.52,0.0,7.4,0.0,0.0,0.0,0.0,0.0,0.0,0.0,0.0,1.0,0.0,0.0,0.0,9.0,4.0,0.0,0.0,0.0,0.0,0.0,0.0,0.0,0.0,4.0,12.0,1.0,12.18,5.01,2.5,1.49,0.0,0.0,0.0,0.4,0.0,0.2,0.1,0.5,-169.60000000000002,0.0,0.0,169.70000000000002,0.0,21.200000000000003,29.9,29.9,30.5,300.0,300.0,31.1,35.1,29.700000000000003,29.0,30.8,4.95,1.99,4.97,0.16,0.0,0.0,1027.0,8228.0,0.0,0.0,0.0,0.0,0.0,1.0,0.0,0.0,0.0,0.0,0.0,0.5,0.0,-0.4,0.0,0.0001,16.0,25903.0
2026-07-30T19:00:01.035Z,170.518,170.532,0.0,7.4,0.0,0.0,0.0,0.0,0.0,0.0,0.0,0.0,1.0,0.0,0.0,0.0,9.0,4.0,0.0,0.0,0.0,0.0,0.0,0.0,0.0,0.0,3.0,12.0,1.0,12.18,5.01,2.5,1.49,0.0,0.0,0.0,0.4,0.0,0.8,-0.4,0.0,-169.60000000000002,0.0,0.0,169.60000000000002,0.0,21.200000000000003,29.9,29.9,30.5,300.0,300.0,31.1,35.1,29.700000000000003,29.0,30.8,4.95,1.99,4.97,0.16,0.0,0.0,1027.0,8228.0,0.0,0.0,0.0,0.0,0.0,1.0,0.0,0.0,0.0,0.0,0.0,-0.5,0.0,0.0,0.0,0.0001,16.0,25903.0
2026-07-30T19:00:01.047Z,170.53,170.544,0.0,7.4,0.0,0.0,0.0,0.0,0.0,0.0,0.0,0.0,1.0,0.0,0.0,0.0,9.0,4.0,0.0,0.0,0.0,0.0,0.0,0.0,0.0,0.0,4.0,12.0,1.0,12.17,5.0200000000000005,2.5,1.49,-0.1,0.0,0.0,0.4,0.0,-0.3,0.1,-0.6000000000000001,-169.60000000000002,0.0,0.0,169.70000000000002,0.0,21.4,29.9,29.9,30.5,300.0,300.0,31.1,35.1,29.700000000000003,29.0,30.8,4.95,1.99,4.97,0.16,0.0,0.0,1027.0,8228.0,0.0,0.0,0.0,0.0,0.0,1.0,0.0,0.0,0.0,0.0,0.0,-0.3,0.0,0.6000000000000001,0.0,0.0001,16.0,25903.0
2026-07-30T19:00:01.059Z,170.542,170.556,0.0,7.4,0.0,0.0,0.0,0.0,0.0,0.0,0.0,0.0,1.0,0.0,0.0,0.0,9.0,4.0,0.0,0.0,0.0,0.0,0.0,0.0,0.0,0.0,5.0,12.0,1.0,12.17,5.0200000000000005,2.5,1.49,0.0,0.0,0.0,0.4,0.0,0.2,0.6000000000000001,1.0,-169.60000000000002,0.0,0.0,169.70000000000002,0.0,21.4,29.9,29.9,30.5,300.0,300.0,31.1,35.1,29.700000000000003,29.0,30.8,4.95,2.0,4.97,0.16,0.0,0.0,1027.0,8228.0,0.0,0.0,0.0,0.0,0.0,1.0,0.0,0.0,0.0,0.0,0.0,0.6000000000000001,0.0,0.2,0.0,0.0,16.0,25903.0
2026-07-30T19:00:01.073Z,170.556,170.568,0.0,7.4,0.0,0.0,0.0,0.0,0.0,0.0,0.0,0.0,1.0,0.0,0.0,0.0,9.0,4.0,0.0,0.0,0.0,0.0,0.0,0.0,0.0,0.0,6.0,12.0,1.0,12.17,5.0200000000000005,2.5,1.49,0.0,0.0,0.0,0.4,0.0,0.7000000000000001,0.0,0.4,-169.60000000000002,0.0,0.0,169.60000000000002,0.0,21.4,29.9,29.9,30.5,300.0,300.0,31.1,35.1,29.700000000000003,29.0,30.8,4.95,2.0,4.96,0.16,0.0,0.0,1027.0,8228.0,0.0,0.0,0.0,0.0,0.0,1.0,0.0,0.0,0.0,0.0,0.0,0.6000000000000001,0.0,0.2,0.0,0.0,16.0,25903.0
2026-07-30T19:00:01.083Z,170.566,170.58,0.0,7.4,0.0,0.0,0.0,0.0,0.0,0.0,0.0,0.0,1.0,0.0,0.0,0.0,9.0,4.0,0.0,0.0,0.0,0.0,0.0,0.0,0.0,0.0,1.0,12.0,1.0,12.17,5.0200000000000005,2.5,1.49,0.0,0.1,0.0,0.4,0.0,0.7000000000000001,-1.6,-0.7000000000000001,-169.60000000000002,0.0,0.0,169.60000000000002,0.0,21.4,29.9,29.9,30.5,300.0,300.0,31.1,35.1,29.700000000000003,29.0,30.8,4.95,1.99,4.97,0.16,0.0,0.0,1027.0,8228.0,0.0,0.0,0.0,0.0,0.0,1.0,0.0,0.0,0.0,0.0,0.0,-0.9,0.0,-0.6000000000000001,0.0,0.0,16.0,25903.0
2026-07-30T19:00:01.095Z,170.578,170.592,0.0,7.4,0.0,0.0,0.0,0.0,0.0,0.0,0.0,0.0,1.0,0.0,0.0,0.0,9.0,4.0,0.0,0.0,0.0,0.0,0.0,0.0,0.0,0.0,3.0,12.0,1.0,12.17,5.0200000000000005,2.5,1.49,0.0,0.0,0.0,0.4,0.0,0.7000000000000001,0.0,0.9,-169.60000000000002,0.0,0.0,169.60000000000002,0.0,21.4,29.9,29.9,30.5,300.0,300.0,31.1,35.1,29.700000000000003,29.0,30.8,4.95,1.99,4.96,0.16,0.0,0.0,1027.0,8228.0,0.0,0.0,0.0,0.0,0.0,1.0,0.0,0.0,0.0,0.0,0.0,0.7000000000000001,0.0,-0.8,0.0,0.0,16.0,25903.0
2026-07-30T19:00:01.107Z,170.59,170.604,0.0,7.4,0.0,0.0,0.0,0.0,0.0,0.0,0.0,0.0,1.0,0.0,0.0,0.0,9.0,4.0,0.0,0.0,0.0,0.0,0.0,0.0,0.0,0.0,4.0,12.0,1.0,12.17,5.0200000000000005,2.5,1.49,0.0,0.0,0.0,0.5,0.0,0.7000000000000001,0.6000000000000001,0.4,-169.60000000000002,0.0,0.0,169.60000000000002,0.0,21.4,29.9,29.9,30.5,300.0,300.0,31.1,35.1,29.700000000000003,29.0,30.8,4.96,1.99,4.96,0.16,0.0,0.0,1027.0,8228.0,0.0,0.0,0.0,0.0,0.0,1.0,0.0,0.0,0.0,0.0,0.0,-2.2,0.0,0.9,0.0,0.0,16.0,25903.0
2026-07-30T19:00:01.119Z,170.602,170.616,0.0,7.4,0.0,0.0,0.0,0.0,0.0,0.0,0.0,0.0,1.0,0.0,0.0,0.0,9.0,4.0,0.0,0.0,0.0,0.0,0.0,0.0,0.0,0.0,5.0,12.0,1.0,12.17,5.0200000000000005,2.5,1.49,0.0,0.0,0.0,0.4,0.0,0.7000000000000001,-1.0,1.0,-169.60000000000002,0.0,0.0,169.70000000000002,0.0,21.4,29.9,29.9,30.5,300.0,300.0,31.1,35.1,29.700000000000003,29.0,30.8,4.95,1.99,4.97,0.16,0.0,0.0,1027.0,8228.0,0.0,0.0,0.0,0.0,0.0,1.0,0.0,0.0,0.0,0.0,0.0,0.2,0.0,-1.0,0.0,0.0,16.0,25903.0
2026-07-30T19:00:01.131Z,170.614,170.628,0.0,7.4,0.0,0.0,0.0,0.0,0.0,0.0,0.0,0.0,1.0,0.0,0.0,0.0,9.0,4.0,0.0,0.0,0.0,0.0,0.0,0.0,0.0,0.0,6.0,12.0,1.0,12.17,5.0200000000000005,2.5,1.49,0.0,0.0,0.0,0.5,0.0,0.1,-1.0,-1.2000000000000002,-169.60000000000002,0.0,0.0,169.60000000000002,0.0,21.4,29.9,29.9,30.5,300.0,300.0,31.1,35.1,29.700000000000003,29.0,30.8,4.96,1.99,4.97,0.16,0.0,0.0,1027.0,8228.0,0.0,0.0,0.0,0.0,0.0,1.0,0.0,0.0,0.0,0.0,0.0,-0.1,0.0,-0.5,0.0,0.0002,16.0,25903.0
2026-07-30T19:00:01.143Z,170.626,170.64,0.0,7.4,0.0,0.0,0.0,0.0,0.0,0.0,0.0,0.0,1.0,0.0,0.0,0.0,9.0,4.0,0.0,0.0,0.0,0.0,0.0,0.0,0.0,0.0,2.0,12.0,1.0,12.17,5.0200000000000005,2.5,1.49,0.0,0.0,0.0,0.5,0.0,-0.4,1.3,-0.1,-169.60000000000002,0.0,0.0,169.70000000000002,0.0,21.4,29.9,29.9,30.5,300.0,300.0,31.1,35.1,29.700000000000003,29.0,30.8,4.96,1.99,4.96,0.16,0.0,0.0,1027.0,8228.0,0.0,0.0,0.0,0.0,0.0,1.0,0.0,0.0,0.0,0.0,0.0,0.1,0.0,0.1,0.0,0.0001,16.0,25903.0
2026-07-30T19:00:01.155Z,170.638,170.65200000000002,0.0,7.4,0.0,0.0,0.0,0.0,0.0,0.0,0.0,0.0,1.0,0.0,0.0,0.0,9.0,4.0,0.0,0.0,0.0,0.0,0.0,0.0,0.0,0.0,3.0,12.0,1.0,12.15,5.01,2.5,1.49,0.0,0.0,0.0,0.4,0.0,0.7000000000000001,0.1,-0.7000000000000001,-169.60000000000002,0.0,0.0,169.70000000000002,0.0,21.700000000000003,29.9,29.9,30.5,300.0,300.0,31.200000000000003,35.1,29.700000000000003,29.0,30.8,4.96,1.99,4.96,0.16,0.0,0.0,1027.0,8228.0,0.0,0.0,0.0,0.0,0.0,1.0,0.0,0.0,0.0,0.0,0.0,0.5,0.0,-0.3,0.0,0.0,16.0,25903.0
2026-07-30T19:00:01.167Z,170.65,170.66400000000002,0.0,7.4,0.0,0.0,0.0,0.0,0.0,0.0,0.0,0.0,1.0,0.0,0.0,0.0,9.0,4.0,0.0,0.0,0.0,0.0,0.0,0.0,0.0,0.0,4.0,12.0,1.0,12.15,5.01,2.5,1.49,0.0,0.0,0.0,0.4,0.0,0.2,-1.0,-0.7000000000000001,-169.60000000000002,0.0,0.0,169.60000000000002,0.0,21.700000000000003,29.9,29.9,30.5,300.0,300.0,31.200000000000003,35.1,29.700000000000003,29.0,30.8,4.95,1.99,4.97,0.16,0.0,0.0,1027.0,8228.0,0.0,0.0,0.0,0.0,0.0,1.0,0.0,0.0,0.0,0.0,0.0,-1.7000000000000002,0.0,0.4,0.0,0.0,16.0,25903.0
2026-07-30T19:00:01.179Z,170.662,170.67600000000002,0.0,7.4,0.0,0.0,0.0,0.0,0.0,0.0,0.0,0.0,1.0,0.0,0.0,0.0,9.0,4.0,0.0,0.0,0.0,0.0,0.0,0.0,0.0,0.0,5.0,12.0,1.0,12.15,5.01,2.5,1.49,0.0,0.0,0.0,0.5,0.0,0.2,0.1,0.4,-169.60000000000002,0.0,0.0,169.70000000000002,0.0,21.700000000000003,29.9,29.9,30.5,300.0,300.0,31.200000000000003,35.1,29.700000000000003,29.0,30.8,4.96,1.99,4.96,0.16,0.0,0.0,1027.0,8228.0,0.0,0.0,0.0,0.0,0.0,1.0,0.0,0.0,0.0,0.0,0.0,-0.1,0.0,-0.5,0.0,0.0001,16.0,25903.0
2026-07-30T19:00:01.191Z,170.674,170.68800000000002,0.0,7.4,0.0,0.0,0.0,0.0,0.0,0.0,0.0,0.0,1.0,0.0,0.0,0.0,9.0,4.0,0.0,0.0,0.0,0.0,0.0,0.0,0.0,0.0,6.0,12.0,1.0,12.15,5.01,2.5,1.49,0.0,0.0,0.0,0.4,0.0,-0.3,0.1,-0.1,-169.60000000000002,0.0,0.0,169.60000000000002,0.0,21.700000000000003,29.9,29.9,30.5,300.0,300.0,31.200000000000003,35.1,29.700000000000003,29.0,30.8,4.96,2.0,4.96,0.16,0.0,0.0,1027.0,8228.0,0.0,0.0,0.0,0.0,0.0,1.0,0.0,0.0,0.0,0.0,0.0,0.2,0.0,-1.0,0.0,0.0001,16.0,25903.0
2026-07-30T19:00:01.203Z,170.686,170.70000000000002,0.0,7.4,0.0,0.0,0.0,0.0,0.0,0.0,0.0,0.0,1.0,0.0,0.0,0.0,9.0,4.0,0.0,0.0,0.0,0.0,0.0,0.0,0.0,0.0,1.0,12.0,1.0,12.15,5.01,2.5,1.49,0.0,0.0,0.0,0.4,0.0,-0.3,0.7000000000000001,-0.1,-169.60000000000002,0.0,0.0,169.60000000000002,0.0,21.700000000000003,29.9,29.9,30.5,300.0,300.0,31.200000000000003,35.1,29.700000000000003,29.0,30.8,4.95,1.99,4.96,0.16,0.0,0.0,1027.0,8228.0,0.0,0.0,0.0,0.0,0.0,1.0,0.0,0.0,0.0,0.0,0.0,0.0,0.0,0.1,0.0,0.0,16.0,25903.0
2026-07-30T19:00:01.215Z,170.698,170.71200000000002,0.0,7.4,0.0,0.0,0.0,0.0,0.0,0.0,0.0,0.0,1.0,0.0,0.0,0.0,9.0,4.0,0.0,0.0,0.0,0.0,0.0,0.0,0.0,0.0,2.0,12.0,1.0,12.15,5.01,2.5,1.49,0.0,0.1,0.0,0.4,0.0,-0.3,0.1,-0.1,-169.60000000000002,0.0,0.0,169.60000000000002,0.0,21.700000000000003,29.9,29.9,30.5,300.0,300.0,31.200000000000003,35.1,29.700000000000003,29.0,30.8,4.95,1.99,4.97,0.16,0.0,0.0,1027.0,8228.0,0.0,0.0,0.0,0.0,0.0,1.0,0.0,0.0,0.0,0.0,0.0,0.4,0.0,-0.3,0.0,0.0,16.0,25903.0
2026-07-30T19:00:01.227Z,170.71,170.724,0.0,7.4,0.0,0.0,0.0,0.0,0.0,0.0,0.0,0.0,1.0,0.0,0.0,0.0,9.0,4.0,0.0,0.0,0.0,0.0,0.0,0.0,0.0,0.0,3.0,12.0,1.0,12.15,5.01,2.5,1.49,0.0,0.0,0.0,0.4,0.0,0.2,-1.1,-0.7000000000000001,-169.60000000000002,0.0,0.0,169.60000000000002,0.0,21.700000000000003,29.9,29.9,30.5,300.0,300.0,31.200000000000003,35.1,29.700000000000003,29.0,30.8,4.96,2.0,4.96,0.16,0.0,0.0,1027.0,8228.0,0.0,0.0,0.0,0.0,0.0,1.0,0.0,0.0,0.0,0.0,0.0,-0.9,0.0,1.2000000000000002,0.0,0.0,16.0,25903.0
2026-07-30T19:00:01.239Z,170.722,170.736,0.0,7.4,0.0,0.0,0.0,0.0,0.0,0.0,0.0,0.0,1.0,0.0,0.0,0.0,9.0,4.0,0.0,0.0,0.0,0.0,0.0,0.0,0.0,0.0,4.0,12.0,1.0,12.15,5.01,2.5,1.49,0.0,0.0,0.0,0.4,0.0,-0.3,1.1,-0.8,-169.60000000000002,0.0,0.0,169.60000000000002,0.0,21.700000000000003,29.9,29.9,30.5,300.0,300.0,31.200000000000003,35.1,29.700000000000003,29.0,30.8,4.96,1.99,4.97,0.16,0.0,0.0,1027.0,8228.0,0.0,0.0,0.0,0.0,0.0,1.0,0.0,0.0,0.0,0.0,0.0,0.7000000000000001,0.0,0.9,0.0,0.0,16.0,25903.0
2026-07-30T19:00:01.251Z,170.734,170.748,0.0,7.4,0.0,0.0,0.0,0.0,0.0,0.0,0.0,0.0,1.0,0.0,0.0,0.0,9.0,4.0,0.0,0.0,0.0,0.0,0.0,0.0,0.0,0.0,5.0,12.0,1.0,12.18,5.01,2.5,1.5,0.0,0.1,0.0,0.4,0.0,0.2,0.6000000000000001,-0.1,-169.60000000000002,0.0,0.0,169.60000000000002,0.0,20.8,29.9,29.9,30.5,300.0,300.0,31.0,35.1,29.700000000000003,29.0,30.8,4.96,1.99,4.97,0.16,0.0,0.0,1027.0,8228.0,0.0,0.0,0.0,0.0,0.0,1.0,0.0,0.0,0.0,0.0,0.0,0.6000000000000001,0.0,0.2,0.0,0.0,16.0,25903.0
2026-07-30T19:00:01.263Z,170.746,170.76,0.0,7.4,0.0,0.0,0.0,0.0,0.0,0.0,0.0,0.0,1.0,0.0,0.0,0.0,9.0,4.0,0.0,0.0,0.0,0.0,0.0,0.0,0.0,0.0,1.0,12.0,1.0,12.18,5.01,2.5,1.5,0.0,0.0,0.0,0.4,0.0,-0.3,0.0,0.3,-169.60000000000002,0.0,0.0,169.60000000000002,0.0,20.8,29.9,29.9,30.5,300.0,300.0,31.0,35.1,29.700000000000003,29.0,30.8,4.96,1.99,4.96,0.16,0.0,0.0,1027.0,8228.0,0.0,0.0,0.0,0.0,0.0,1.0,0.0,0.0,0.0,0.0,0.0,0.1,0.0,0.8,0.0,0.0,16.0,25903.0
2026-07-30T19:00:01.275Z,170.758,170.772,0.0,7.4,0.0,0.0,0.0,0.0,0.0,0.0,0.0,0.0,1.0,0.0,0.0,0.0,9.0,4.0,0.0,0.0,0.0,0.0,0.0,0.0,0.0,0.0,2.0,12.0,1.0,12.18,5.01,2.5,1.5,0.0,0.0,0.0,0.4,0.0,-0.8,-1.1,-0.2,-169.60000000000002,0.0,0.0,169.8,0.0,20.8,29.9,29.9,30.5,300.0,300.0,31.0,35.1,29.700000000000003,29.0,30.8,4.95,1.99,4.96,0.16,0.0,0.0,1027.0,8228.0,0.0,0.0,0.0,0.0,0.0,1.0,0.0,0.0,0.0,0.0,0.0,-1.4,0.0,0.0,0.0,0.0,16.0,25903.0
2026-07-30T19:00:01.287Z,170.77,170.784,0.0,7.4,0.0,0.0,0.0,0.0,0.0,0.0,0.0,0.0,1.0,0.0,0.0,0.0,9.0,4.0,0.0,0.0,0.0,0.0,0.0,0.0,0.0,0.0,3.0,12.0,1.0,12.18,5.01,2.5,1.5,0.0,0.0,0.0,0.4,0.0,-0.3,-0.5,-0.7000000000000001,-169.60000000000002,0.0,0.0,169.70000000000002,0.0,20.8,29.9,29.9,30.5,300.0,300.0,31.0,35.1,29.700000000000003,29.0,30.8,4.95,1.99,4.97,0.16,0.0,0.0,1027.0,8228.0,0.0,0.0,0.0,0.0,0.0,1.0,0.0,0.0,0.0,0.0,0.0,-1.1,0.0,0.5,0.0,0.0002,16.0,25903.0
2026-07-30T19:00:01.299Z,170.782,170.796,0.0,7.4,0.0,0.0,0.0,0.0,0.0,0.0,0.0,0.0,1.0,0.0,0.0,0.0,9.0,4.0,0.0,0.0,0.0,0.0,0.0,0.0,0.0,0.0,4.0,12.0,1.0,12.18,5.01,2.5,1.5,0.0,0.0,0.0,0.4,0.0,0.8,0.6000000000000001,0.9,-169.60000000000002,0.0,0.0,169.60000000000002,0.0,20.8,29.9,29.9,30.5,300.0,300.0,31.0,35.1,29.700000000000003,29.0,30.8,4.95,2.0,4.97,0.16,0.0,0.0,1027.0,8228.0,0.0,0.0,0.0,0.0,0.0,1.0,0.0,0.0,0.0,0.0,0.0,1.4,0.0,-0.6000000000000001,0.0,0.0,16.0,25903.0
2026-07-30T19:00:01.311Z,170.794,170.808,0.0,7.4,0.0,0.0,0.0,0.0,0.0,0.0,0.0,0.0,1.0,0.0,0.0,0.0,9.0,4.0,0.0,0.0,0.0,0.0,0.0,0.0,0.0,0.0,5.0,12.0,1.0,12.18,5.01,2.5,1.5,0.0,0.0,0.0,0.4,0.0,-0.3,0.1,0.9,-169.60000000000002,0.0,0.0,169.70000000000002,0.0,20.8,29.9,29.9,30.5,300.0,300.0,31.0,35.1,29.700000000000003,29.0,30.8,4.96,2.0,4.96,0.16,0.0,0.0,1027.0,8228.0,0.0,0.0,0.0,0.0,0.0,1.0,0.0,0.0,0.0,0.0,0.0,0.8,0.0,-0.7000000000000001,0.0,0.0001,16.0,25903.0
2026-07-30T19:00:01.323Z,170.806,170.82,0.0,7.4,0.0,0.0,0.0,0.0,0.0,0.0,0.0,0.0,1.0,0.0,0.0,0.0,9.0,4.0,0.0,0.0,0.0,0.0,0.0,0.0,0.0,0.0,6.0,12.0,1.0,12.18,5.01,2.5,1.5,0.0,0.0,0.0,0.5,0.0,0.2,-0.4,0.9,-169.60000000000002,0.0,0.0,169.70000000000002,0.0,20.8,29.9,29.9,30.5,300.0,300.0,31.0,35.1,29.700000000000003,29.0,30.8,4.95,1.99,4.97,0.16,0.0,0.0,1027.0,8228.0,0.0,0.0,0.0,0.0,0.0,1.0,0.0,0.0,0.0,0.0,0.0,0.1,0.0,-0.9,0.0,0.0,16.0,25903.0
2026-07-30T19:00:01.341Z,170.824,170.832,0.0,7.4,0.0,0.0,0.0,0.0,0.0,0.0,0.0,0.0,1.0,0.0,0.0,0.0,9.0,4.0,0.0,0.0,0.0,0.0,0.0,0.0,0.0,0.0,6.0,12.0,1.0,12.18,5.01,2.5,1.5,0.0,0.0,0.0,0.4,0.0,-0.2,-0.4,-0.1,-169.60000000000002,0.0,0.0,169.8,0.0,20.8,29.9,29.9,30.5,300.0,300.0,31.0,35.1,29.700000000000003,29.0,30.8,4.95,1.99,4.96,0.16,0.0,0.0,1027.0,8228.0,0.0,0.0,0.0,0.0,0.0,1.0,0.0,0.0,0.0,0.0,0.0,-0.7000000000000001,0.0,0.0,0.0,0.0001,16.0,25903.0
2026-07-30T19:00:01.347Z,170.83,170.844,0.0,7.4,0.0,0.0,0.0,0.0,0.0,0.0,0.0,0.0,1.0,0.0,0.0,0.0,9.0,4.0,0.0,0.0,0.0,0.0,0.0,0.0,0.0,0.0,4.0,12.0,1.0,12.18,5.01,2.5,1.5,0.0,0.0,0.0,0.4,0.0,-0.2,0.6000000000000001,0.4,-169.60000000000002,0.0,0.0,169.70000000000002,0.0,20.8,29.9,29.9,30.5,300.0,300.0,31.0,35.1,29.700000000000003,29.0,30.8,4.96,2.0,4.96,0.16,0.0,0.0,1027.0,8228.0,0.0,0.0,0.0,0.0,0.0,1.0,0.0,0.0,0.0,0.0,0.0,1.0,0.0,-0.2,0.0,0.0001,16.0,25903.0
2026-07-30T19:00:01.359Z,170.842,170.856,0.0,7.4,0.0,0.0,0.0,0.0,0.0,0.0,0.0,0.0,1.0,0.0,0.0,0.0,9.0,4.0,0.0,0.0,0.0,0.0,0.0,0.0,0.0,0.0,5.0,12.0,1.0,12.15,5.01,2.51,1.49,0.0,0.1,0.0,0.4,0.0,-0.2,-1.0,-0.8,-169.60000000000002,0.0,0.0,169.60000000000002,0.0,21.9,29.9,29.9,30.5,300.0,300.0,31.1,35.1,29.700000000000003,29.0,30.8,4.95,2.0,4.96,0.16,0.0,0.0,1027.0,8228.0,0.0,0.0,0.0,0.0,0.0,1.0,0.0,0.0,0.0,0.0,0.0,-1.7000000000000002,0.0,0.4,0.0,0.0002,16.0,25903.0
2026-07-30T19:00:01.371Z,170.854,170.868,0.0,7.4,0.0,0.0,0.0,0.0,0.0,0.0,0.0,0.0,1.0,0.0,0.0,0.0,9.0,4.0,0.0,0.0,0.0,0.0,0.0,0.0,0.0,0.0,1.0,12.0,1.0,12.15,5.01,2.51,1.49,0.0,0.1,0.0,0.4,0.0,-0.2,-0.4,-0.1,-169.60000000000002,0.0,0.0,169.60000000000002,0.0,21.9,29.9,29.9,30.5,300.0,300.0,31.1,35.1,29.700000000000003,29.0,30.8,4.95,1.99,4.97,0.16,0.0,0.0,1027.0,8228.0,0.0,0.0,0.0,0.0,0.0,1.0,0.0,0.0,0.0,0.0,0.0,-0.6000000000000001,0.0,0.0,0.0,0.0,16.0,25903.0
2026-07-30T19:00:01.383Z,170.866,170.88,0.0,7.4,0.0,0.0,0.0,0.0,0.0,0.0,0.0,0.0,1.0,0.0,0.0,0.0,9.0,4.0,0.0,0.0,0.0,0.0,0.0,0.0,0.0,0.0,2.0,12.0,1.0,12.15,5.01,2.51,1.49,0.0,0.0,0.0,0.4,0.0,-0.2,0.7000000000000001,-0.1,-169.60000000000002,0.0,0.0,169.70000000000002,0.0,21.9,29.9,29.9,30.5,300.0,300.0,31.1,35.1,29.700000000000003,29.0,30.8,4.95,1.99,4.96,0.16,0.0,0.0,1027.0,8228.0,0.0,0.0,0.0,0.0,0.0,1.0,0.0,0.0,0.0,0.0,0.0,0.6000000000000001,0.0,0.3,0.0,0.0,16.0,25903.0
2026-07-30T19:00:01.395Z,170.878,170.892,0.0,7.4,0.0,0.0,0.0,0.0,0.0,0.0,0.0,0.0,1.0,0.0,0.0,0.0,9.0,4.0,0.0,0.0,0.0,0.0,0.0,0.0,0.0,0.0,3.0,12.0,1.0,12.15,5.01,2.51,1.49,0.0,0.0,0.0,0.4,0.0,0.8,0.7000000000000001,1.0,-169.60000000000002,0.0,0.0,169.70000000000002,0.0,21.9,29.9,29.9,30.5,300.0,300.0,31.1,35.1,29.700000000000003,29.0,30.8,4.96,1.99,4.96,0.16,0.0,0.0,1027.0,8228.0,0.0,0.0,0.0,0.0,0.0,1.0,0.0,0.0,0.0,0.0,0.0,1.5,0.0,-0.7000000000000001,0.0,0.0001,16.0,25903.0
2026-07-30T19:00:01.407Z,170.89,170.904,0.0,7.4,0.0,0.0,0.0,0.0,0.0,0.0,0.0,0.0,1.0,0.0,0.0,0.0,9.0,4.0,0.0,0.0,0.0,0.0,0.0,0.0,0.0,0.0,4.0,12.0,1.0,12.15,5.01,2.51,1.49,0.0,0.0,0.0,0.4,0.0,-0.8,-0.4,-0.1,-169.60000000000002,0.0,0.0,169.60000000000002,0.0,21.9,29.9,29.9,30.5,300.0,300.0,31.1,35.1,29.700000000000003,29.0,30.8,4.95,1.99,4.97,0.16,0.0,0.0,1027.0,8228.0,0.0,0.0,0.0,0.0,0.0,1.0,0.0,0.0,0.0,0.0,0.0,-0.5,0.0,0.0,0.0,0.0,16.0,25903.0
2026-07-30T19:00:01.419Z,170.902,170.916,0.0,7.4,0.0,0.0,0.0,0.0,0.0,0.0,0.0,0.0,1.0,0.0,0.0,0.0,9.0,4.0,0.0,0.0,0.0,0.0,0.0,0.0,0.0,0.0,5.0,12.0,1.0,12.15,5.01,2.51,1.49,0.0,0.0,0.0,0.4,0.0,0.8,-1.0,0.9,-169.60000000000002,0.0,0.0,169.60000000000002,0.0,21.9,29.9,29.9,30.5,300.0,300.0,31.1,35.1,29.700000000000003,29.0,30.8,4.95,1.99,4.97,0.16,0.0,0.0,1027.0,8228.0,0.0,0.0,0.0,0.0,0.0,1.0,0.0,0.0,0.0,0.0,0.0,-0.4,0.0,-1.0,0.0,0.0,16.0,25903.0
2026-07-30T19:00:01.431Z,170.914,170.928,0.0,7.4,0.0,0.0,0.0,0.0,0.0,0.0,0.0,0.0,1.0,0.0,0.0,0.0,9.0,4.0,0.0,0.0,0.0,0.0,0.0,0.0,0.0,0.0,6.0,12.0,1.0,12.15,5.01,2.51,1.49,0.0,0.0,0.0,0.4,0.0,-0.2,1.3,0.9,-169.60000000000002,0.0,0.0,169.70000000000002,0.0,21.9,29.9,29.9,30.5,300.0,300.0,31.1,35.1,29.700000000000003,29.0,30.8,4.95,2.0,4.96,0.16,0.0,0.0,1027.0,8228.0,0.0,0.0,0.0,0.0,0.0,1.0,0.0,0.0,0.0,0.0,0.0,2.2,0.0,-0.5,0.0,0.0,16.0,25903.0
2026-07-30T19:00:01.444Z,170.927,170.94,0.0,7.4,0.0,0.0,0.0,0.0,0.0,0.0,0.0,0.0,1.0,0.0,0.0,0.0,9.0,4.0,0.0,0.0,0.0,0.0,0.0,0.0,0.0,0.0,1.0,12.0,1.0,12.15,5.01,2.51,1.49,0.0,0.0,0.0,0.4,0.0,0.8,0.7000000000000001,0.3,-169.60000000000002,0.0,0.0,169.60000000000002,0.0,21.9,29.9,29.9,30.5,300.0,300.0,31.1,35.1,29.700000000000003,29.0,30.8,4.95,1.99,4.96,0.16,0.0,0.0,1027.0,8228.0,0.0,0.0,0.0,0.0,0.0,1.0,0.0,0.0,0.0,0.0,0.0,1.1,0.0,-0.2,0.0,0.0,16.0,25903.0
2026-07-30T19:00:01.455Z,170.938,170.952,0.0,7.4,0.0,0.0,0.0,0.0,0.0,0.0,0.0,0.0,1.0,0.0,0.0,0.0,9.0,4.0,0.0,0.0,0.0,0.0,0.0,0.0,0.0,0.0,2.0,12.0,1.0,12.17,5.0200000000000005,2.51,1.5,0.0,0.0,0.0,0.4,0.0,0.3,0.1,2.1,-169.60000000000002,0.0,0.0,169.60000000000002,0.0,21.3,29.9,29.9,30.5,300.0,300.0,31.0,35.1,29.700000000000003,29.0,30.8,4.96,1.99,4.97,0.16,0.0,0.0,1027.0,8228.0,0.0,0.0,0.0,0.0,0.0,1.0,0.0,0.0,0.0,0.0,0.0,1.8,0.0,-1.8,0.0,0.0,16.0,25903.0
2026-07-30T19:00:01.468Z,170.951,170.964,0.0,7.4,0.0,0.0,0.0,0.0,0.0,0.0,0.0,0.0,1.0,0.0,0.0,0.0,9.0,4.0,0.0,0.0,0.0,0.0,0.0,0.0,0.0,0.0,3.0,12.0,1.0,12.17,5.0200000000000005,2.51,1.5,0.0,0.0,0.0,0.4,0.0,0.3,0.1,-0.7000000000000001,-169.60000000000002,0.0,0.0,169.70000000000002,0.0,21.3,29.9,29.9,30.5,300.0,300.0,31.0,35.1,29.700000000000003,29.0,30.8,4.96,2.0,4.96,0.16,0.0,0.0,1027.0,8228.0,0.0,0.0,0.0,0.0,0.0,1.0,0.0,0.0,0.0,0.0,0.0,-0.3,0.0,0.7000000000000001,0.0,0.0,16.0,25903.0
2026-07-30T19:00:01.480Z,170.963,170.976,0.0,7.4,0.0,0.0,0.0,0.0,0.0,0.0,0.0,0.0,1.0,0.0,0.0,0.0,9.0,4.0,0.0,0.0,0.0,0.0,0.0,0.0,0.0,0.0,4.0,12.0,1.0,12.17,5.0200000000000005,2.51,1.5,0.0,0.0,0.0,0.4,0.0,-0.2,0.1,0.4,-169.60000000000002,0.0,0.0,169.60000000000002,0.0,21.3,29.9,29.9,30.5,300.0,300.0,31.0,35.1,29.700000000000003,29.0,30.8,4.96,1.99,4.97,0.16,0.0,0.0,1027.0,8228.0,0.0,0.0,0.0,0.0,0.0,1.0,0.0,0.0,0.0,0.0,0.0,0.5,0.0,-0.3,0.0,0.0001,16.0,25903.0
2026-07-30T19:00:01.491Z,170.974,170.988,0.0,7.4,0.0,0.0,0.0,0.0,0.0,0.0,0.0,0.0,1.0,0.0,0.0,0.0,9.0,4.0,0.0,0.0,0.0,0.0,0.0,0.0,0.0,0.0,5.0,12.0,1.0,12.17,5.0200000000000005,2.51,1.5,0.0,0.0,0.0,0.5,0.0,-0.2,-0.4,-0.7000000000000001,-169.60000000000002,0.0,0.0,169.60000000000002,0.0,21.3,29.9,29.9,30.5,300.0,300.0,31.0,35.1,29.700000000000003,29.0,30.8,4.95,1.99,4.97,0.16,0.0,0.0,1027.0,8228.0,0.0,0.0,0.0,0.0,0.0,1.0,0.0,0.0,0.0,0.0,0.0,-1.0,0.0,0.5,0.0,0.0001,16.0,25903.0
2026-07-30T19:00:01.503Z,170.986,171.0,0.0,7.4,0.0,0.0,0.0,0.0,0.0,0.0,0.0,0.0,1.0,0.0,0.0,0.0,9.0,4.0,0.0,0.0,0.0,0.0,0.0,0.0,0.0,0.0,6.0,12.0,1.0,12.17,5.0200000000000005,2.51,1.5,0.0,0.0,0.0,0.4,0.0,-0.2,-1.0,-0.7000000000000001,-169.60000000000002,0.0,0.0,169.70000000000002,0.0,21.3,29.9,29.9,30.5,300.0,300.0,31.0,35.1,29.700000000000003,29.0,30.8,4.96,1.99,4.97,0.16,0.0,0.0,1027.0,8228.0,0.0,0.0,0.0,0.0,0.0,1.0,0.0,0.0,0.0,0.0,0.0,-1.7000000000000002,0.0,0.4,0.0,0.0,16.0,25903.0
2026-07-30T19:00:01.515Z,170.998,171.012,0.0,7.4,0.0,0.0,0.0,0.0,0.0,0.0,0.0,0.0,1.0,0.0,0.0,0.0,9.0,4.0,0.0,0.0,0.0,0.0,0.0,0.0,0.0,0.0,1.0,12.0,1.0,12.17,5.0200000000000005,2.51,1.5,0.0,0.0,0.0,0.4,0.0,0.2,0.7000000000000001,0.9,-169.60000000000002,0.0,0.0,169.70000000000002,0.0,21.3,29.9,29.9,30.5,300.0,300.0,31.0,35.1,29.700000000000003,29.0,30.8,4.95,1.99,4.96,0.16,0.0,0.0,1027.0,8228.0,0.0,0.0,0.0,0.0,0.0,1.0,0.0,0.0,0.0,0.0,0.0,1.6,0.0,-0.7000000000000001,0.0,0.0,16.0,25903.0
2026-07-30T19:00:01.527Z,171.01,171.024,0.0,7.4,0.0,0.0,0.0,0.0,0.0,0.0,0.0,0.0,1.0,0.0,0.0,0.0,9.0,4.0,0.0,0.0,0.0,0.0,0.0,0.0,0.0,0.0,2.0,12.0,1.0,12.17,5.0200000000000005,2.51,1.5,0.0,0.1,0.0,0.4,0.0,0.2,0.1,-0.1,-169.60000000000002,0.0,0.0,169.70000000000002,0.0,21.3,29.9,29.9,30.5,300.0,300.0,31.0,35.1,29.700000000000003,29.0,30.8,4.95,1.99,4.97,0.16,0.0,0.0,1027.0,8228.0,0.0,0.0,0.0,0.0,0.0,1.0,0.0,0.0,0.0,0.0,0.0,0.0,0.0,0.1,0.0,0.0001,16.0,25903.0
2026-07-30T19:00:01.540Z,171.023,171.036,0.0,7.4,0.0,0.0,0.0,0.0,0.0,0.0,0.0,0.0,1.0,0.0,0.0,0.0,9.0,4.0,0.0,0.0,0.0,0.0,0.0,0.0,0.0,0.0,4.0,12.0,1.0,12.17,5.0200000000000005,2.51,1.5,0.0,0.0,0.0,0.4,0.0,-0.9,-0.4,-0.1,-169.60000000000002,0.0,0.0,169.70000000000002,0.0,21.3,29.9,29.9,30.5,300.0,300.0,31.0,35.1,29.700000000000003,29.0,30.8,4.95,2.0,4.97,0.16,0.0,0.0,1027.0,8228.0,0.0,0.0,0.0,0.0,0.0,1.0,0.0,0.0,0.0,0.0,0.0,-0.6000000000000001,0.0,0.0,0.0,0.0,16.0,25903.0
2026-07-30T19:00:01.551Z,171.034,171.048,0.0,7.4,0.0,0.0,0.0,0.0,0.0,0.0,0.0,0.0,1.0,0.0,0.0,0.0,9.0,4.0,0.0,0.0,0.0,0.0,0.0,0.0,0.0,0.0,4.0,12.0,1.0,12.17,5.0200000000000005,2.51,1.5,0.0,0.1,0.0,0.4,0.0,0.2,0.1,-0.7000000000000001,-169.60000000000002,0.0,0.0,169.60000000000002,0.0,21.3,29.9,29.9,30.5,300.0,300.0,31.0,35.1,29.700000000000003,29.0,30.8,4.96,2.0,4.96,0.16,0.0,0.0,1027.0,8228.0,0.0,0.0,0.0,0.0,0.0,1.0,0.0,0.0,0.0,0.0,0.0,-0.4,0.0,0.6000000000000001,0.0,0.0001,16.0,25903.0
2026-07-30T19:00:01.563Z,171.046,171.06,0.0,7.4,0.0,0.0,0.0,0.0,0.0,0.0,0.0,0.0,1.0,0.0,0.0,0.0,9.0,4.0,0.0,0.0,0.0,0.0,0.0,0.0,0.0,0.0,5.0,12.0,1.0,12.17,5.01,2.5,1.49,0.0,0.1,0.0,0.4,0.0,0.2,-0.4,-0.1,-169.60000000000002,0.0,0.0,169.70000000000002,0.0,21.700000000000003,29.9,29.9,30.5,300.0,300.0,30.9,35.1,29.6,29.0,30.8,4.95,1.99,4.96,0.16,0.0,0.0,1027.0,8228.0,0.0,0.0,0.0,0.0,0.0,1.0,0.0,0.0,0.0,0.0,0.0,-0.6000000000000001,0.0,-0.6000000000000001,0.0,0.0001,16.0,25903.0
2026-07-30T19:00:01.575Z,171.058,171.072,0.0,7.4,0.0,0.0,0.0,0.0,0.0,0.0,0.0,0.0,1.0,0.0,0.0,0.0,9.0,4.0,0.0,0.0,0.0,0.0,0.0,0.0,0.0,0.0,6.0,12.0,1.0,12.17,5.01,2.5,1.49,0.0,0.0,0.0,0.4,0.0,0.2,0.6000000000000001,1.5,-169.60000000000002,0.0,0.0,169.70000000000002,0.0,21.700000000000003,29.9,29.9,30.5,300.0,300.0,30.9,35.1,29.6,29.0,30.8,4.95,2.0,4.96,0.16,0.0,0.0,1027.0,8228.0,0.0,0.0,0.0,0.0,0.0,1.0,0.0,0.0,0.0,0.0,0.0,0.5,0.0,0.3,0.0,0.0,16.0,25903.0
2026-07-30T19:00:01.587Z,171.07,171.084,0.0,7.4,0.0,0.0,0.0,0.0,0.0,0.0,0.0,0.0,1.0,0.0,0.0,0.0,9.0,4.0,0.0,0.0,0.0,0.0,0.0,0.0,0.0,0.0,1.0,12.0,1.0,12.17,5.01,2.5,1.49,0.0,0.1,0.0,0.4,0.0,0.2,1.2000000000000002,-0.7000000000000001,-169.60000000000002,0.0,0.0,169.70000000000002,0.0,21.700000000000003,29.9,29.9,30.5,300.0,300.0,30.9,35.1,29.6,29.0,30.8,4.96,1.99,4.96,0.16,0.0,0.0,1027.0,8228.0,0.0,0.0,0.0,0.0,0.0,1.0,0.0,0.0,0.0,0.0,0.0,1.0,0.0,-0.2,0.0,0.0,16.0,25903.0
2026-07-30T19:00:01.599Z,171.082,171.096,0.0,7.4,0.0,0.0,0.0,0.0,0.0,0.0,0.0,0.0,1.0,0.0,0.0,0.0,9.0,4.0,0.0,0.0,0.0,0.0,0.0,0.0,0.0,0.0,2.0,12.0,1.0,12.17,5.01,2.5,1.49,0.0,0.0,0.0,0.4,0.0,0.2,0.5,-0.7000000000000001,-169.60000000000002,0.0,0.0,169.70000000000002,0.0,21.700000000000003,29.9,29.9,30.5,300.0,300.0,30.9,35.1,29.6,29.0,30.8,4.95,1.99,4.96,0.16,0.0,0.0,1027.0,8228.0,0.0,0.0,0.0,0.0,0.0,1.0,0.0,0.0,0.0,0.0,0.0,-1.2000000000000002,0.0,0.5,0.0,0.0001,16.0,25903.0
2026-07-30T19:00:01.611Z,171.094,171.108,0.0,7.4,0.0,0.0,0.0,0.0,0.0,0.0,0.0,0.0,1.0,0.0,0.0,0.0,9.0,4.0,0.0,0.0,0.0,0.0,0.0,0.0,0.0,0.0,3.0,12.0,1.0,12.17,5.01,2.5,1.49,0.0,0.0,0.0,0.4,0.0,-0.3,0.0,-0.1,-169.60000000000002,0.0,0.0,169.70000000000002,0.0,21.700000000000003,29.9,29.9,30.5,300.0,300.0,30.9,35.1,29.6,29.0,30.8,4.96,1.99,4.97,0.16,0.0,0.0,1027.0,8228.0,0.0,0.0,0.0,0.0,0.0,1.0,0.0,0.0,0.0,0.0,0.0,-1.9,0.0,0.4,0.0,0.0,16.0,25903.0
2026-07-30T19:00:01.623Z,171.106,171.12,0.0,7.4,0.0,0.0,0.0,0.0,0.0,0.0,0.0,0.0,1.0,0.0,0.0,0.0,9.0,4.0,0.0,0.0,0.0,0.0,0.0,0.0,0.0,0.0,5.0,12.0,1.0,12.17,5.01,2.5,1.49,0.0,0.1,0.0,0.4,0.0,-0.9,1.1,0.4,-169.60000000000002,0.0,0.0,169.8,0.0,21.700000000000003,29.9,29.9,30.5,300.0,300.0,30.9,35.1,29.6,29.0,30.8,4.96,2.0,4.96,0.16,0.0,0.0,1027.0,8228.0,0.0,0.0,0.0,0.0,0.0,1.0,0.0,0.0,0.0,0.0,0.0,1.0,0.0,-0.2,0.0,0.0,16.0,25903.0
2026-07-30T19:00:01.635Z,171.118,171.132,0.0,7.4,0.0,0.0,0.0,0.0,0.0,0.0,0.0,0.0,1.0,0.0,0.0,0.0,9.0,4.0,0.0,0.0,0.0,0.0,0.0,0.0,0.0,0.0,6.0,12.0,1.0,12.17,5.01,2.5,1.49,0.0,0.0,0.0,0.4,0.0,0.2,0.6000000000000001,0.0,-169.60000000000002,0.0,0.0,169.8,0.0,21.700000000000003,29.9,29.9,30.5,300.0,300.0,30.9,35.1,29.6,29.0,30.8,4.95,1.99,4.96,0.16,0.0,0.0,1027.0,8228.0,0.0,0.0,0.0,0.0,0.0,1.0,0.0,0.0,0.0,0.0,0.0,-1.1,0.0,0.4,0.0,0.0001,16.0,25903.0
2026-07-30T19:00:01.651Z,171.134,171.144,0.0,7.4,0.0,0.0,0.0,0.0,0.0,0.0,0.0,0.0,1.0,0.0,0.0,0.0,9.0,4.0,0.0,0.0,0.0,0.0,0.0,0.0,0.0,0.0,6.0,12.0,1.0,12.17,5.01,2.5,1.49,0.0,0.0,0.0,0.4,0.0,-0.2,-0.5,-0.6000000000000001,-169.60000000000002,0.0,0.0,169.8,0.0,21.700000000000003,29.9,29.9,30.5,300.0,300.0,30.9,35.1,29.6,29.0,30.8,4.95,1.99,4.97,0.16,0.0,0.0,1027.0,8228.0,0.0,0.0,0.0,0.0,0.0,1.0,0.0,0.0,0.0,0.0,0.0,-1.7000000000000002,0.0,0.3,0.0,0.0001,16.0,25903.0
2026-07-30T19:00:01.659Z,171.142,171.156,0.0,7.4,0.0,0.0,0.0,0.0,0.0,0.0,0.0,0.0,1.0,0.0,0.0,0.0,9.0,4.0,0.0,0.0,0.0,0.0,0.0,0.0,0.0,0.0,5.0,12.0,1.0,12.18,5.01,2.5,1.49,0.0,0.0,0.0,0.4,0.0,0.2,-0.4,0.0,-169.60000000000002,0.0,0.0,169.60000000000002,0.0,21.200000000000003,29.9,29.9,30.5,300.0,300.0,31.0,35.0,29.6,29.0,30.700000000000003,4.96,1.99,4.96,0.16,0.0,0.0,1027.0,8228.0,0.0,0.0,0.0,0.0,0.0,1.0,0.0,0.0,0.0,0.0,0.0,-0.6000000000000001,0.0,0.0,0.0,0.0001,16.0,25903.0
2026-07-30T19:00:01.671Z,171.154,171.168,0.0,7.4,0.0,0.0,0.0,0.0,0.0,0.0,0.0,0.0,1.0,0.0,0.0,0.0,9.0,4.0,0.0,0.0,0.0,0.0,0.0,0.0,0.0,0.0,6.0,12.0,1.0,12.18,5.01,2.5,1.49,0.0,0.0,0.0,0.4,0.0,0.8,0.0,-0.6000000000000001,-169.60000000000002,0.0,0.0,169.60000000000002,0.0,21.200000000000003,29.9,29.9,30.5,300.0,300.0,31.0,35.0,29.6,29.0,30.700000000000003,4.96,2.0,4.96,0.16,0.0,0.0,1027.0,8228.0,0.0,0.0,0.0,0.0,0.0,1.0,0.0,0.0,0.0,0.0,0.0,-0.4,0.0,0.6000000000000001,0.0,0.0002,16.0,25903.0
2026-07-30T19:00:01.683Z,171.166,171.18,0.0,7.4,0.0,0.0,0.0,0.0,0.0,0.0,0.0,0.0,1.0,0.0,0.0,0.0,9.0,4.0,0.0,0.0,0.0,0.0,0.0,0.0,0.0,0.0,2.0,12.0,1.0,12.18,5.01,2.5,1.49,0.0,0.0,0.0,0.4,0.0,-0.8,1.2000000000000002,1.0,-169.60000000000002,0.0,0.0,169.60000000000002,0.0,21.200000000000003,29.9,29.9,30.5,300.0,300.0,31.0,35.0,29.6,29.0,30.700000000000003,4.96,1.99,4.96,0.16,0.0,0.0,1027.0,8228.0,0.0,0.0,0.0,0.0,0.0,1.0,0.0,0.0,0.0,0.0,0.0,2.2,0.0,-0.7000000000000001,0.0,0.0,16.0,25903.0
2026-07-30T19:00:01.696Z,171.179,171.192,0.0,7.4,0.0,0.0,0.0,0.0,0.0,0.0,0.0,0.0,1.0,0.0,0.0,0.0,9.0,4.0,0.0,0.0,0.0,0.0,0.0,0.0,0.0,0.0,3.0,12.0,1.0,12.18,5.01,2.5,1.49,0.0,0.0,0.0,0.5,0.0,-0.3,0.7000000000000001,-0.6000000000000001,-169.60000000000002,0.0,0.0,169.70000000000002,0.0,21.200000000000003,29.9,29.9,30.5,300.0,300.0,31.0,35.0,29.6,29.0,30.700000000000003,4.95,1.99,4.97,0.16,0.0,0.0,1027.0,8228.0,0.0,0.0,0.0,0.0,0.0,1.0,0.0,0.0,0.0,0.0,0.0,0.3,0.0,0.7000000000000001,0.0,0.0,16.0,25903.0
2026-07-30T19:00:01.708Z,171.191,171.204,0.0,7.4,0.0,0.0,0.0,0.0,0.0,0.0,0.0,0.0,1.0,0.0,0.0,0.0,9.0,4.0,0.0,0.0,0.0,0.0,0.0,0.0,0.0,0.0,4.0,12.0,1.0,12.18,5.01,2.5,1.49,0.0,0.0,0.0,0.4,0.0,0.3,-0.4,0.0,-169.60000000000002,0.0,0.0,169.70000000000002,0.0,21.200000000000003,29.9,29.9,30.5,300.0,300.0,31.0,35.0,29.6,29.0,30.700000000000003,4.95,2.0,4.96,0.16,0.0,0.0,1027.0,8228.0,0.0,0.0,0.0,0.0,0.0,1.0,0.0,0.0,0.0,0.0,0.0,-1.8,0.0,-0.2,0.0,0.0,16.0,25903.0
2026-07-30T19:00:01.719Z,171.202,171.216,0.0,7.4,0.0,0.0,0.0,0.0,0.0,0.0,0.0,0.0,1.0,0.0,0.0,0.0,9.0,4.0,0.0,0.0,0.0,0.0,0.0,0.0,0.0,0.0,4.0,12.0,1.0,12.18,5.01,2.5,1.49,0.0,0.0,0.0,0.4,0.0,-0.3,-1.0,-1.2000000000000002,-169.60000000000002,0.0,0.0,169.70000000000002,0.0,21.200000000000003,29.9,29.9,30.5,300.0,300.0,31.0,35.0,29.6,29.0,30.700000000000003,4.95,1.99,4.97,0.16,0.0,0.0,1027.0,8228.0,0.0,0.0,0.0,0.0,0.0,1.0,0.0,0.0,0.0,0.0,0.0,0.9,0.0,0.8,0.0,0.0001,16.0,25903.0
2026-07-30T19:00:01.731Z,171.214,171.228,0.0,7.4,0.0,0.0,0.0,0.0,0.0,0.0,0.0,0.0,1.0,0.0,0.0,0.0,9.0,4.0,0.0,0.0,0.0,0.0,0.0,0.0,0.0,0.0,6.0,12.0,1.0,12.18,5.01,2.5,1.49,0.0,0.0,0.0,0.4,0.0,0.2,0.0,0.0,-169.60000000000002,0.0,0.0,169.70000000000002,0.0,21.200000000000003,29.9,29.9,30.5,300.0,300.0,31.0,35.0,29.6,29.0,30.700000000000003,4.95,1.99,4.97,0.16,0.0,0.0,1027.0,8228.0,0.0,0.0,0.0,0.0,0.0,1.0,0.0,0.0,0.0,0.0,0.0,-0.3,0.0,0.5,0.0,0.0001,16.0,25903.0
2026-07-30T19:00:01.743Z,171.226,171.24,0.0,7.4,0.0,0.0,0.0,0.0,0.0,0.0,0.0,0.0,1.0,0.0,0.0,0.0,9.0,4.0,0.0,0.0,0.0,0.0,0.0,0.0,0.0,0.0,1.0,12.0,1.0,12.18,5.01,2.5,1.49,0.0,0.0,0.0,0.4,0.0,-0.2,-1.0,0.4,-169.60000000000002,0.0,0.0,169.70000000000002,0.0,21.200000000000003,29.9,29.9,30.5,300.0,300.0,31.0,35.0,29.6,29.0,30.700000000000003,4.96,1.99,4.96,0.16,0.0,0.0,1027.0,8228.0,0.0,0.0,0.0,0.0,0.0,1.0,0.0,0.0,0.0,0.0,0.0,0.6000000000000001,0.0,0.2,0.0,0.0001,16.0,25903.0
2026-07-30T19:00:01.755Z,171.238,171.252,0.0,7.4,0.0,0.0,0.0,0.0,0.0,0.0,0.0,0.0,1.0,0.0,0.0,0.0,9.0,4.0,0.0,0.0,0.0,0.0,0.0,0.0,0.0,0.0,3.0,12.0,1.0,12.18,5.01,2.5,1.49,0.0,0.1,0.0,0.4,0.0,0.2,-0.4,1.6,-169.60000000000002,0.0,0.0,169.60000000000002,0.0,21.200000000000003,29.9,29.9,30.5,300.0,300.0,31.0,35.0,29.6,29.0,30.700000000000003,4.96,2.0,4.96,0.16,0.0,0.0,1027.0,8228.0,0.0,0.0,0.0,0.0,0.0,1.0,0.0,0.0,0.0,0.0,0.0,0.6000000000000001,0.0,-1.5,0.0,0.0001,16.0,25903.0
2026-07-30T19:00:01.767Z,171.25,171.264,0.0,7.4,0.0,0.0,0.0,0.0,0.0,0.0,0.0,0.0,1.0,0.0,0.0,0.0,9.0,4.0,0.0,0.0,0.0,0.0,0.0,0.0,0.0,0.0,4.0,12.0,1.0,12.17,5.01,2.51,1.49,0.0,0.0,0.0,0.4,0.0,0.8,0.0,-0.7000000000000001,-169.60000000000002,0.0,0.0,169.60000000000002,0.0,21.9,29.9,29.9,30.5,300.0,300.0,31.0,35.1,29.700000000000003,29.0,30.700000000000003,4.96,1.99,4.97,0.16,0.0,0.0,1027.0,8228.0,0.0,0.0,0.0,0.0,0.0,1.0,0.0,0.0,0.0,0.0,0.0,0.5,0.0,0.3,0.0,0.0001,16.0,25903.0
2026-07-30T19:00:01.779Z,171.262,171.276,0.0,7.4,0.0,0.0,0.0,0.0,0.0,0.0,0.0,0.0,1.0,0.0,0.0,0.0,9.0,4.0,0.0,0.0,0.0,0.0,0.0,0.0,0.0,0.0,5.0,12.0,1.0,12.17,5.01,2.51,1.49,0.0,0.1,0.0,0.5,0.0,-0.3,-0.5,0.4,-169.60000000000002,0.0,0.0,169.60000000000002,0.0,21.9,29.9,29.9,30.5,300.0,300.0,31.0,35.1,29.700000000000003,29.0,30.700000000000003,4.95,1.99,4.97,0.16,0.0,0.0,1027.0,8228.0,0.0,0.0,0.0,0.0,0.0,1.0,0.0,0.0,0.0,0.0,0.0,-0.2,0.0,-0.4,0.0,0.0,16.0,25903.0
2026-07-30T19:00:01.791Z,171.274,171.288,0.0,7.4,0.0,0.0,0.0,0.0,0.0,0.0,0.0,0.0,1.0,0.0,0.0,0.0,9.0,4.0,0.0,0.0,0.0,0.0,0.0,0.0,0.0,0.0,6.0,12.0,1.0,12.17,5.01,2.51,1.49,0.0,0.1,0.0,0.4,0.0,0.2,0.0,-0.1,-169.60000000000002,0.0,0.0,169.60000000000002,0.0,21.9,29.9,29.9,30.5,300.0,300.0,31.0,35.1,29.700000000000003,29.0,30.700000000000003,4.96,1.99,4.96,0.16,0.0,0.0,1027.0,8228.0,0.0,0.0,0.0,0.0,0.0,1.0,0.0,0.0,0.0,0.0,0.0,0.0,0.0,0.1,0.0,0.0,16.0,25903.0
2026-07-30T19:00:01.803Z,171.286,171.3,0.0,7.4,0.0,0.0,0.0,0.0,0.0,0.0,0.0,0.0,1.0,0.0,0.0,0.0,9.0,4.0,0.0,0.0,0.0,0.0,0.0,0.0,0.0,0.0,2.0,12.0,1.0,12.17,5.01,2.51,1.49,0.0,0.0,0.0,0.4,0.0,-0.2,-0.5,0.3,-169.60000000000002,0.0,0.0,169.60000000000002,0.0,21.9,29.9,29.9,30.5,300.0,300.0,31.0,35.1,29.700000000000003,29.0,30.700000000000003,4.95,1.99,4.97,0.16,0.0,0.0,1027.0,8228.0,0.0,0.0,0.0,0.0,0.0,1.0,0.0,0.0,0.0,0.0,0.0,-0.3,0.0,-0.4,0.0,0.0,16.0,25903.0
2026-07-30T19:00:01.815Z,171.298,171.312,0.0,7.4,0.0,0.0,0.0,0.0,0.0,0.0,0.0,0.0,1.0,0.0,0.0,0.0,9.0,4.0,0.0,0.0,0.0,0.0,0.0,0.0,0.0,0.0,4.0,12.0,1.0,12.17,5.01,2.51,1.49,0.0,0.0,0.0,0.4,0.0,-0.2,0.0,-0.8,-169.60000000000002,0.0,0.0,169.70000000000002,0.0,21.9,29.9,29.9,30.5,300.0,300.0,31.0,35.1,29.700000000000003,29.0,30.700000000000003,4.95,1.99,4.96,0.16,0.0,0.0,1027.0,8228.0,0.0,0.0,0.0,0.0,0.0,1.0,0.0,0.0,0.0,0.0,0.0,-0.5,0.0,0.7000000000000001,0.0,0.0,16.0,25903.0
2026-07-30T19:00:01.827Z,171.31,171.324,0.0,7.4,0.0,0.0,0.0,0.0,0.0,0.0,0.0,0.0,1.0,0.0,0.0,0.0,9.0,4.0,0.0,0.0,0.0,0.0,0.0,0.0,0.0,0.0,5.0,12.0,1.0,12.17,5.01,2.51,1.49,0.0,0.1,0.0,0.4,0.0,-0.2,0.0,0.9,-169.60000000000002,0.0,0.0,169.60000000000002,0.0,21.9,29.9,29.9,30.5,300.0,300.0,31.0,35.1,29.700000000000003,29.0,30.700000000000003,4.95,2.0,4.96,0.16,0.0,0.0,1027.0,8228.0,0.0,0.0,0.0,0.0,0.0,1.0,0.0,0.0,0.0,0.0,0.0,0.7000000000000001,0.0,-0.7000000000000001,0.0,0.0,16.0,25903.0
2026-07-30T19:00:01.839Z,171.322,171.336,0.0,7.4,0.0,0.0,0.0,0.0,0.0,0.0,0.0,0.0,1.0,0.0,0.0,0.0,9.0,4.0,0.0,0.0,0.0,0.0,0.0,0.0,0.0,0.0,6.0,12.0,1.0,12.17,5.01,2.51,1.49,0.0,0.0,0.0,0.4,0.0,-0.3,0.6000000000000001,-0.2,-169.60000000000002,0.0,0.0,169.70000000000002,0.0,21.9,29.9,29.9,30.5,300.0,300.0,31.0,35.1,29.700000000000003,29.0,30.700000000000003,4.95,2.0,4.96,0.16,0.0,0.0,1027.0,8228.0,0.0,0.0,0.0,0.0,0.0,1.0,0.0,0.0,0.0,0.0,0.0,0.5,0.0,0.3,0.0,0.0,16.0,25903.0
2026-07-30T19:00:01.851Z,171.334,171.348,0.0,7.4,0.0,0.0,0.0,0.0,0.0,0.0,0.0,0.0,1.0,0.0,0.0,0.0,9.0,4.0,0.0,0.0,0.0,0.0,0.0,0.0,0.0,0.0,2.0,12.0,1.0,12.17,5.01,2.51,1.49,0.0,0.0,0.0,0.4,0.0,0.8,0.0,1.4,-169.60000000000002,0.0,0.0,169.60000000000002,0.0,21.9,29.9,29.9,30.5,300.0,300.0,31.0,35.1,29.700000000000003,29.0,30.700000000000003,4.95,1.99,4.97,0.16,0.0,0.0,1027.0,8228.0,0.0,0.0,0.0,0.0,0.0,1.0,0.0,0.0,0.0,0.0,0.0,1.1,0.0,-1.2000000000000002,0.0,0.0,16.0,25903.0
2026-07-30T19:00:01.863Z,171.346,171.36,0.0,7.4,0.0,0.0,0.0,0.0,0.0,0.0,0.0,0.0,1.0,0.0,0.0,0.0,9.0,4.0,0.0,0.0,0.0,0.0,0.0,0.0,0.0,0.0,3.0,12.0,1.0,12.18,5.01,2.51,1.49,0.0,0.0,0.0,0.4,0.0,-0.8,0.0,0.2,-169.60000000000002,0.0,0.0,169.70000000000002,0.0,21.4,29.9,29.9,30.5,300.0,300.0,31.0,35.1,29.700000000000003,29.0,30.700000000000003,4.95,1.99,4.96,0.16,0.0,0.0,1027.0,8228.0,0.0,0.0,0.0,0.0,0.0,1.0,0.0,0.0,0.0,0.0,0.0,0.2,0.0,-0.2,0.0,0.0,16.0,25903.0
2026-07-30T19:00:01.875Z,171.358,171.372,0.0,7.4,0.0,0.0,0.0,0.0,0.0,0.0,0.0,0.0,1.0,0.0,0.0,0.0,9.0,4.0,0.0,0.0,0.0,0.0,0.0,0.0,0.0,0.0,5.0,12.0,1.0,12.18,5.01,2.51,1.49,0.0,0.0,0.0,0.4,0.0,-0.2,0.0,-0.8,-169.60000000000002,0.0,0.0,169.8,0.0,21.4,29.9,29.9,30.5,300.0,300.0,31.0,35.1,29.700000000000003,29.0,30.700000000000003,4.96,1.99,4.96,0.16,0.0,0.0,1027.0,8228.0,0.0,0.0,0.0,0.0,0.0,1.0,0.0,0.0,0.0,0.0,0.0,-0.5,0.0,0.7000000000000001,0.0,0.0001,16.0,25903.0
2026-07-30T19:00:01.887Z,171.37,171.384,0.0,7.4,0.0,0.0,0.0,0.0,0.0,0.0,0.0,0.0,1.0,0.0,0.0,0.0,9.0,4.0,0.0,0.0,0.0,0.0,0.0,0.0,0.0,0.0,6.0,12.0,1.0,12.18,5.01,2.51,1.49,0.0,0.0,0.0,0.4,0.0,0.3,1.2000000000000002,2.0,-169.60000000000002,0.0,0.0,169.70000000000002,0.0,21.4,29.9,29.9,30.5,300.0,300.0,31.0,35.1,29.700000000000003,29.0,30.700000000000003,4.95,1.99,4.97,0.16,0.0,0.0,1027.0,8228.0,0.0,0.0,0.0,0.0,0.0,1.0,0.0,0.0,0.0,0.0,0.0,2.9000000000000004,0.0,-1.5,0.0,0.0002,16.0,25903.0
2026-07-30T19:00:01.899Z,171.382,171.39600000000002,0.0,7.4,0.0,0.0,0.0,0.0,0.0,0.0,0.0,0.0,1.0,0.0,0.0,0.0,9.0,4.0,0.0,0.0,0.0,0.0,0.0,0.0,0.0,0.0,2.0,12.0,1.0,12.18,5.01,2.51,1.49,0.0,0.0,0.0,0.4,0.0,-0.2,-0.4,0.3,-169.60000000000002,0.0,0.0,169.60000000000002,0.0,21.4,29.9,29.9,30.5,300.0,300.0,31.0,35.1,29.700000000000003,29.0,30.700000000000003,4.96,1.99,4.96,0.16,0.0,0.0,1027.0,8228.0,0.0,0.0,0.0,0.0,0.0,1.0,0.0,0.0,0.0,0.0,0.0,-0.3,0.0,-0.3,0.0,0.0001,16.0,25903.0
2026-07-30T19:00:01.911Z,171.394,171.40800000000002,0.0,7.4,0.0,0.0,0.0,0.0,0.0,0.0,0.0,0.0,1.0,0.0,0.0,0.0,9.0,4.0,0.0,0.0,0.0,0.0,0.0,0.0,0.0,0.0,3.0,12.0,1.0,12.18,5.01,2.51,1.49,0.0,0.0,0.0,0.4,0.0,0.3,0.0,-0.2,-169.60000000000002,0.0,0.0,169.70000000000002,0.0,21.4,29.9,29.9,30.5,300.0,300.0,31.0,35.1,29.700000000000003,29.0,30.700000000000003,4.96,2.0,4.97,0.16,0.0,0.0,1027.0,8228.0,0.0,0.0,0.0,0.0,0.0,1.0,0.0,0.0,0.0,0.0,0.0,-0.1,0.0,0.2,0.0,0.0001,16.0,25903.0
2026-07-30T19:00:01.923Z,171.406,171.42000000000002,0.0,7.4,0.0,0.0,0.0,0.0,0.0,0.0,0.0,0.0,1.0,0.0,0.0,0.0,9.0,4.0,0.0,0.0,0.0,0.0,0.0,0.0,0.0,0.0,5.0,12.0,1.0,12.18,5.01,2.51,1.49,0.0,0.0,0.0,0.4,0.0,0.3,-0.5,0.3,-169.60000000000002,0.0,0.0,169.60000000000002,0.0,21.4,29.9,29.9,30.5,300.0,300.0,31.0,35.1,29.700000000000003,29.0,30.700000000000003,4.95,1.99,4.97,0.16,0.0,0.0,1027.0,8228.0,0.0,0.0,0.0,0.0,0.0,1.0,0.0,0.0,0.0,0.0,0.0,-0.3,0.0,-0.4,0.0,0.0,16.0,25903.0
2026-07-30T19:00:01.935Z,171.418,171.43200000000002,0.0,7.4,0.0,0.0,0.0,0.0,0.0,0.0,0.0,0.0,1.0,0.0,0.0,0.0,9.0,4.0,0.0,0.0,0.0,0.0,0.0,0.0,0.0,0.0,5.0,12.0,1.0,12.18,5.01,2.51,1.49,0.0,0.0,0.0,0.4,0.0,0.3,-0.5,-0.8,-169.60000000000002,0.0,0.0,169.60000000000002,0.0,21.4,29.9,29.9,30.5,300.0,300.0,31.0,35.1,29.700000000000003,29.0,30.700000000000003,4.95,1.99,4.97,0.16,0.0,0.0,1027.0,8228.0,0.0,0.0,0.0,0.0,0.0,1.0,0.0,0.0,0.0,0.0,0.0,-1.2000000000000002,0.0,0.6000000000000001,0.0,0.0,16.0,25903.0
2026-07-30T19:00:01.947Z,171.43,171.44400000000002,0.0,7.4,0.0,0.0,0.0,0.0,0.0,0.0,0.0,0.0,1.0,0.0,0.0,0.0,9.0,4.0,0.0,0.0,0.0,0.0,0.0,0.0,0.0,0.0,1.0,12.0,1.0,12.18,5.01,2.51,1.49,0.0,0.0,0.0,0.4,0.0,0.9,0.0,0.9,-169.60000000000002,0.0,0.0,169.70000000000002,0.0,21.4,29.9,29.9,30.5,300.0,300.0,31.0,35.1,29.700000000000003,29.0,30.700000000000003,4.96,2.0,4.96,0.16,0.0,0.0,1027.0,8228.0,0.0,0.0,0.0,0.0,0.0,1.0,0.0,0.0,0.0,0.0,0.0,0.7000000000000001,0.0,-0.8,0.0,0.0,16.0,25903.0
2026-07-30T19:00:01.966Z,171.449,171.45600000000002,0.0,7.4,0.0,0.0,0.0,0.0,0.0,0.0,0.0,0.0,1.0,0.0,0.0,0.0,9.0,4.0,0.0,0.0,0.0,0.0,0.0,0.0,0.0,0.0,3.0,12.0,1.0,12.18,5.01,2.51,1.49,0.0,0.0,0.0,0.4,0.0,-0.2,0.6000000000000001,-1.3,-169.60000000000002,0.0,0.0,169.70000000000002,0.0,21.4,29.9,29.9,30.5,300.0,300.0,31.0,35.1,29.700000000000003,29.0,30.700000000000003,4.96,1.99,4.96,0.16,0.0,0.0,1027.0,8228.0,0.0,0.0,0.0,0.0,0.0,1.0,0.0,0.0,0.0,0.0,0.0,-0.3,0.0,1.3,0.0,0.0001,16.0,25903.0
2026-07-30T19:00:01.977Z,171.46,171.46800000000002,0.0,7.4,0.0,0.0,0.0,0.0,0.0,0.0,0.0,0.0,1.0,0.0,0.0,0.0,9.0,4.0,0.0,0.0,0.0,0.0,0.0,0.0,0.0,0.0,2.0,12.0,1.0,12.11,5.01,2.5,1.49,0.0,0.0,0.0,0.4,0.0,0.2,0.0,0.3,-169.60000000000002,0.0,0.0,169.60000000000002,0.0,21.4,29.9,29.9,30.5,300.0,300.0,31.1,35.1,29.6,29.0,30.8,4.95,1.99,4.96,0.16,0.0,0.0,1027.0,8228.0,0.0,0.0,0.0,0.0,0.0,1.0,0.0,0.0,0.0,0.0,0.0,0.3,0.0,-0.3,0.0,0.0,16.0,25903.0
2026-07-30T19:00:01.983Z,171.466,171.48,0.0,7.4,0.0,0.0,0.0,0.0,0.0,0.0,0.0,0.0,1.0,0.0,0.0,0.0,9.0,4.0,0.0,0.0,0.0,0.0,0.0,0.0,0.0,0.0,4.0,12.0,1.0,12.11,5.01,2.5,1.49,0.0,0.0,0.0,0.4,0.0,0.8,-0.5,1.0,-169.60000000000002,0.0,0.0,169.70000000000002,0.0,21.4,29.9,29.9,30.5,300.0,300.0,31.1,35.1,29.6,29.0,30.8,4.95,1.99,4.97,0.16,0.0,0.0,1027.0,8228.0,0.0,0.0,0.0,0.0,0.0,1.0,0.0,0.0,0.0,0.0,0.0,0.1,0.0,-0.9,0.0,0.0,16.0,25903.0
2026-07-30T19:00:01.995Z,171.478,171.492,0.0,7.4,0.0,0.0,0.0,0.0,0.0,0.0,0.0,0.0,1.0,0.0,0.0,0.0,9.0,4.0,0.0,0.0,0.0,0.0,0.0,0.0,0.0,0.0,6.0,12.0,1.0,12.11,5.01,2.5,1.49,0.0,0.0,0.0,0.4,0.0,0.8,-1.1,-1.3,-169.60000000000002,0.0,0.0,169.70000000000002,0.0,21.4,29.9,29.9,30.5,300.0,300.0,31.1,35.1,29.6,29.0,30.8,4.95,1.99,4.96,0.16,0.0,0.0,1027.0,8228.0,0.0,0.0,0.0,0.0,0.0,1.0,0.0,0.0,0.0,0.0,0.0,-2.2,0.0,0.9,0.0,0.0001,16.0,25903.0
2026-07-30T19:00:02.007Z,171.49,171.504,0.0,7.4,0.0,0.0,0.0,0.0,0.0,0.0,0.0,0.0,1.0,0.0,0.0,0.0,9.0,4.0,0.0,0.0,0.0,0.0,0.0,0.0,0.0,0.0,2.0,12.0,1.0,12.11,5.01,2.5,1.49,0.0,0.0,0.0,0.4,0.0,0.7000000000000001,1.7000000000000002,0.9,-169.60000000000002,0.0,0.0,169.8,0.0,21.4,29.9,29.9,30.5,300.0,300.0,31.1,35.1,29.6,29.0,30.8,4.95,1.99,4.97,0.16,0.0,0.0,1027.0,8228.0,0.0,0.0,0.0,0.0,0.0,1.0,0.0,0.0,0.0,0.0,0.0,2.7,0.0,-0.5,0.0,0.0,16.0,25903.0
2026-07-30T19:00:02.019Z,171.502,171.516,0.0,7.4,0.0,0.0,0.0,0.0,0.0,0.0,0.0,0.0,1.0,0.0,0.0,0.0,9.0,4.0,0.0,0.0,0.0,0.0,0.0,0.0,0.0,0.0,3.0,12.0,1.0,12.11,5.01,2.5,1.49,0.0,0.0,0.0,0.4,0.0,0.7000000000000001,1.1,0.3,-169.60000000000002,0.0,0.0,169.8,0.0,21.4,29.9,29.9,30.5,300.0,300.0,31.1,35.1,29.6,29.0,30.8,4.95,1.99,4.97,0.16,0.0,0.0,1027.0,8228.0,0.0,0.0,0.0,0.0,0.0,1.0,0.0,0.0,0.0,0.0,0.0,1.5,0.0,0.0,0.0,0.0002,16.0,25903.0
2026-07-30T19:00:02.031Z,171.514,171.528,0.0,7.4,0.0,0.0,0.0,0.0,0.0,0.0,0.0,0.0,1.0,0.0,0.0,0.0,9.0,4.0,0.0,0.0,0.0,0.0,0.0,0.0,0.0,0.0,4.0,12.0,1.0,12.11,5.01,2.5,1.49,0.0,0.0,0.0,0.4,0.0,0.1,0.0,-0.8,-169.60000000000002,0.0,0.0,169.8,0.0,21.4,29.9,29.9,30.5,300.0,300.0,31.1,35.1,29.6,29.0,30.8,4.96,1.99,4.96,0.16,0.0,0.0,1027.0,8228.0,0.0,0.0,0.0,0.0,0.0,1.0,0.0,0.0,0.0,0.0,0.0,-0.6000000000000001,0.0,0.7000000000000001,0.0,0.0001,16.0,25903.0
2026-07-30T19:00:02.043Z,171.526,171.54,0.0,7.4,0.0,0.0,0.0,0.0,0.0,0.0,0.0,0.0,1.0,0.0,0.0,0.0,9.0,4.0,0.0,0.0,0.0,0.0,0.0,0.0,0.0,0.0,6.0,12.0,1.0,12.11,5.01,2.5,1.49,0.0,0.1,0.0,0.4,0.0,0.1,0.0,-0.8,-169.60000000000002,0.0,0.0,169.8,0.0,21.4,29.9,29.9,30.5,300.0,300.0,31.1,35.1,29.6,29.0,30.8,4.95,1.99,4.96,0.16,0.0,0.0,1027.0,8228.0,0.0,0.0,0.0,0.0,0.0,1.0,0.0,0.0,0.0,0.0,0.0,-0.6000000000000001,0.0,0.7000000000000001,0.0,0.0001,16.0,25903.0
2026-07-30T19:00:02.055Z,171.538,171.552,0.0,7.4,0.0,0.0,0.0,0.0,0.0,0.0,0.0,0.0,1.0,0.0,0.0,0.0,9.0,4.0,0.0,0.0,0.0,0.0,0.0,0.0,0.0,0.0,1.0,12.0,1.0,12.11,5.01,2.5,1.49,0.0,0.0,0.0,0.4,0.0,0.1,1.1,0.3,-169.60000000000002,0.0,0.0,169.70000000000002,0.0,21.4,29.9,29.9,30.5,300.0,300.0,31.1,35.1,29.6,29.0,30.8,4.95,1.99,4.96,0.16,0.0,0.0,1027.0,8228.0,0.0,0.0,0.0,0.0,0.0,1.0,0.0,0.0,0.0,0.0,0.0,-1.3,0.0,0.6000000000000001,0.0,0.0001,16.0,25903.0
2026-07-30T19:00:02.067Z,171.55,171.564,0.0,7.4,0.0,0.0,0.0,0.0,0.0,0.0,0.0,0.0,1.0,0.0,0.0,0.0,9.0,4.0,0.0,0.0,0.0,0.0,0.0,0.0,0.0,0.0,3.0,12.0,1.0,12.14,5.0200000000000005,2.51,1.49,0.0,0.0,0.0,0.4,0.0,0.1,0.0,-0.2,-169.60000000000002,0.0,0.0,169.70000000000002,0.0,21.700000000000003,29.9,29.9,30.5,300.0,300.0,31.1,35.1,29.6,29.0,30.700000000000003,4.96,1.99,4.96,0.16,0.0,0.0,1027.0,8228.0,0.0,0.0,0.0,0.0,0.0,1.0,0.0,0.0,0.0,0.0,0.0,-0.2,0.0,0.2,0.0,0.0001,16.0,25903.0
2026-07-30T19:00:02.079Z,171.562,171.576,0.0,7.4,0.0,0.0,0.0,0.0,0.0,0.0,0.0,0.0,1.0,0.0,0.0,0.0,9.0,4.0,0.0,0.0,0.0,0.0,0.0,0.0,0.0,0.0,4.0,12.0,1.0,12.14,5.0200000000000005,2.51,1.49,0.0,0.0,0.0,0.4,0.0,0.1,0.5,0.9,-169.60000000000002,0.0,0.0,169.70000000000002,0.0,21.700000000000003,29.9,29.9,30.5,300.0,300.0,31.1,35.1,29.6,29.0,30.700000000000003,4.95,1.99,4.96,0.16,0.0,0.0,1027.0,8228.0,0.0,0.0,0.0,0.0,0.0,1.0,0.0,0.0,0.0,0.0,0.0,-0.6000000000000001,0.0,0.7000000000000001,0.0,0.0001,16.0,25903.0
2026-07-30T19:00:02.091Z,171.574,171.588,0.0,7.4,0.0,0.0,0.0,0.0,0.0,0.0,0.0,0.0,1.0,0.0,0.0,0.0,9.0,4.0,0.0,0.0,0.0,0.0,0.0,0.0,0.0,0.0,6.0,12.0,1.0,12.14,5.0200000000000005,2.51,1.49,0.0,0.0,0.0,0.4,0.0,-0.4,-1.2000000000000002,-1.4,-169.70000000000002,0.0,0.0,169.70000000000002,0.0,21.700000000000003,29.9,29.9,30.5,300.0,300.0,31.1,35.1,29.6,29.0,30.700000000000003,4.96,1.99,4.96,0.16,0.0,0.0,1027.0,8228.0,0.0,0.0,0.0,0.0,0.0,1.0,0.0,0.0,0.0,0.0,0.0,-0.9,0.0,0.1,0.0,0.0,16.0,25903.0
2026-07-30T19:00:02.103Z,171.586,171.6,0.0,7.4,0.0,0.0,0.0,0.0,0.0,0.0,0.0,0.0,1.0,0.0,0.0,0.0,9.0,4.0,0.0,0.0,0.0,0.0,0.0,0.0,0.0,0.0,1.0,12.0,1.0,12.14,5.0200000000000005,2.51,1.49,0.0,0.0,0.0,0.4,0.0,-0.4,0.0,1.4,-169.60000000000002,0.0,0.0,169.60000000000002,0.0,21.700000000000003,29.9,29.9,30.5,300.0,300.0,31.1,35.1,29.6,29.0,30.700000000000003,4.96,2.0,4.96,0.16,0.0,0.0,1027.0,8228.0,0.0,0.0,0.0,0.0,0.0,1.0,0.0,0.0,0.0,0.0,0.0,0.8,0.0,-0.1,0.0,0.0001,16.0,25903.0
2026-07-30T19:00:02.116Z,171.599,171.612,0.0,7.4,0.0,0.0,0.0,0.0,0.0,0.0,0.0,0.0,1.0,0.0,0.0,0.0,9.0,4.0,0.0,0.0,0.0,0.0,0.0,0.0,0.0,0.0,3.0,12.0,1.0,12.14,5.0200000000000005,2.51,1.49,0.0,0.0,0.0,0.4,0.0,0.7000000000000001,1.7000000000000002,0.2,-169.60000000000002,0.0,0.0,169.8,0.0,21.700000000000003,29.9,29.9,30.5,300.0,300.0,31.1,35.1,29.6,29.0,30.700000000000003,4.95,1.99,4.96,0.16,0.0,0.0,1027.0,8228.0,0.0,0.0,0.0,0.0,0.0,1.0,0.0,0.0,0.0,0.0,0.0,-0.2,0.0,0.2,0.0,0.0001,16.0,25903.0
2026-07-30T19:00:02.127Z,171.61,171.624,0.0,7.4,0.0,0.0,0.0,0.0,0.0,0.0,0.0,0.0,1.0,0.0,0.0,0.0,9.0,4.0,0.0,0.0,0.0,0.0,0.0,0.0,0.0,0.0,3.0,12.0,1.0,12.14,5.0200000000000005,2.51,1.49,0.0,0.0,0.0,0.4,0.0,-0.4,-0.6000000000000001,0.2,-169.70000000000002,0.0,0.0,169.70000000000002,0.0,21.700000000000003,29.9,29.9,30.5,300.0,300.0,31.1,35.1,29.6,29.0,30.700000000000003,4.95,1.99,4.97,0.16,0.0,0.0,1027.0,8228.0,0.0,0.0,0.0,0.0,0.0,1.0,0.0,0.0,0.0,0.0,0.0,1.0,0.0,0.4,0.0,0.0002,16.0,25903.0
2026-07-30T19:00:02.139Z,171.622,171.636,0.0,7.4,0.0,0.0,0.0,0.0,0.0,0.0,0.0,0.0,1.0,0.0,0.0,0.0,9.0,4.0,0.0,0.0,0.0,0.0,0.0,0.0,0.0,0.0,4.0,12.0,1.0,12.14,5.0200000000000005,2.51,1.49,0.0,0.0,0.0,0.4,0.0,0.7000000000000001,0.5,2.0,-169.60000000000002,0.0,0.0,169.60000000000002,0.0,21.700000000000003,29.9,29.9,30.5,300.0,300.0,31.1,35.1,29.6,29.0,30.700000000000003,4.96,2.0,4.96,0.16,0.0,0.0,1027.0,8228.0,0.0,0.0,0.0,0.0,0.0,1.0,0.0,0.0,0.0,0.0,0.0,2.1,0.0,-1.7000000000000002,0.0,0.0001,16.0,25903.0
2026-07-30T19:00:02.151Z,171.634,171.648,0.0,7.4,0.0,0.0,0.0,0.0,0.0,0.0,0.0,0.0,1.0,0.0,0.0,0.0,9.0,4.0,0.0,0.0,0.0,0.0,0.0,0.0,0.0,0.0,6.0,12.0,1.0,12.14,5.0200000000000005,2.51,1.49,0.0,0.0,0.0,0.4,0.0,0.1,0.0,-0.3,-169.60000000000002,0.0,0.0,169.8,0.0,21.700000000000003,29.9,29.9,30.5,300.0,300.0,31.1,35.1,29.6,29.0,30.700000000000003,4.96,1.99,4.96,0.16,0.0,0.0,1027.0,8228.0,0.0,0.0,0.0,0.0,0.0,1.0,0.0,0.0,0.0,0.0,0.0,-0.2,0.0,0.2,0.0,0.0001,16.0,25903.0
2026-07-30T19:00:02.163Z,171.646,171.66,0.0,7.4,0.0,0.0,0.0,0.0,0.0,0.0,0.0,0.0,1.0,0.0,0.0,0.0,9.0,4.0,0.0,0.0,0.0,0.0,0.0,0.0,0.0,0.0,1.0,12.0,1.0,12.14,5.0200000000000005,2.51,1.49,0.0,0.0,0.0,0.4,0.0,-0.3,0.0,-0.2,-169.60000000000002,0.0,0.0,169.70000000000002,0.0,21.700000000000003,29.9,29.9,30.5,300.0,300.0,31.1,35.1,29.6,29.0,30.700000000000003,4.95,1.99,4.96,0.16,0.0,0.0,1027.0,8228.0,0.0,0.0,0.0,0.0,0.0,1.0,0.0,0.0,0.0,0.0,0.0,-0.2,0.0,0.2,0.0,0.0002,16.0,25903.0
2026-07-30T19:00:02.175Z,171.658,171.672,0.0,7.4,0.0,0.0,0.0,0.0,0.0,0.0,0.0,0.0,1.0,0.0,0.0,0.0,9.0,4.0,0.0,0.0,0.0,0.0,0.0,0.0,0.0,0.0,2.0,12.0,1.0,12.17,5.0200000000000005,2.51,1.49,0.0,0.0,0.0,0.5,0.0,-0.3,-0.5,0.8,-169.70000000000002,0.0,0.0,169.70000000000002,0.0,21.200000000000003,29.9,29.9,30.5,300.0,300.0,31.3,35.1,29.6,29.0,30.700000000000003,4.95,1.99,4.97,0.16,0.0,0.0,1027.0,8228.0,0.0,0.0,0.0,0.0,0.0,1.0,0.0,0.0,0.0,0.0,0.0,0.0,0.0,-0.9,0.0,0.0001,16.0,25903.0
2026-07-30T19:00:02.187Z,171.67,171.684,0.0,7.4,0.0,0.0,0.0,0.0,0.0,0.0,0.0,0.0,1.0,0.0,0.0,0.0,9.0,4.0,0.0,0.0,0.0,0.0,0.0,0.0,0.0,0.0,4.0,12.0,1.0,12.17,5.0200000000000005,2.51,1.49,0.0,0.0,0.0,0.4,0.0,-1.5,-1.1,-0.2,-169.70000000000002,0.0,0.0,169.8,0.0,21.200000000000003,29.9,29.9,30.5,300.0,300.0,31.3,35.1,29.6,29.0,30.700000000000003,4.96,1.99,4.96,0.16,0.0,0.0,1027.0,8228.0,0.0,0.0,0.0,0.0,0.0,1.0,0.0,0.0,0.0,0.0,0.0,-0.8,0.0,0.1,0.0,0.0001,16.0,25903.0
2026-07-30T19:00:02.199Z,171.682,171.696,0.0,7.4,0.0,0.0,0.0,0.0,0.0,0.0,0.0,0.0,1.0,0.0,0.0,0.0,9.0,4.0,0.0,0.0,0.0,0.0,0.0,0.0,0.0,0.0,5.0,12.0,1.0,12.17,5.0200000000000005,2.51,1.49,0.0,0.0,0.0,0.4,0.0,0.2,1.1,0.2,-169.70000000000002,0.0,0.0,169.70000000000002,0.0,21.200000000000003,29.9,29.9,30.5,300.0,300.0,31.3,35.1,29.6,29.0,30.700000000000003,4.96,1.99,4.97,0.16,0.0,0.0,1027.0,8228.0,0.0,0.0,0.0,0.0,0.0,1.0,0.0,0.0,0.0,0.0,0.0,-0.2,0.0,0.2,0.0,0.0001,16.0,25903.0
2026-07-30T19:00:02.211Z,171.694,171.708,0.0,7.4,0.0,0.0,0.0,0.0,0.0,0.0,0.0,0.0,1.0,0.0,0.0,0.0,9.0,4.0,0.0,0.0,0.0,0.0,0.0,0.0,0.0,0.0,6.0,12.0,1.0,12.17,5.0200000000000005,2.51,1.49,0.0,0.0,0.0,0.4,0.0,0.1,0.5,0.2,-169.70000000000002,0.0,0.0,169.70000000000002,0.0,21.200000000000003,29.9,29.9,30.5,300.0,300.0,31.3,35.1,29.6,29.0,30.700000000000003,4.95,2.0,4.97,0.16,0.0,0.0,1027.0,8228.0,0.0,0.0,0.0,0.0,0.0,1.0,0.0,0.0,0.0,0.0,0.0,-1.3,0.0,0.6000000000000001,0.0,0.0,16.0,25903.0
2026-07-30T19:00:02.223Z,171.706,171.72,0.0,7.4,0.0,0.0,0.0,0.0,0.0,0.0,0.0,0.0,1.0,0.0,0.0,0.0,9.0,4.0,0.0,0.0,0.0,0.0,0.0,0.0,0.0,0.0,2.0,12.0,1.0,12.17,5.0200000000000005,2.51,1.49,0.0,0.0,0.0,0.4,0.0,-0.9,-1.1,0.3,-169.70000000000002,0.0,0.0,169.8,0.0,21.200000000000003,29.9,29.9,30.5,300.0,300.0,31.3,35.1,29.6,29.0,30.700000000000003,4.96,2.0,4.96,0.16,0.0,0.0,1027.0,8228.0,0.0,0.0,0.0,0.0,0.0,1.0,0.0,0.0,0.0,0.0,0.0,-1.9,0.0,0.5,0.0,0.0001,16.0,25903.0
2026-07-30T19:00:02.235Z,171.718,171.732,0.0,7.4,0.0,0.0,0.0,0.0,0.0,0.0,0.0,0.0,1.0,0.0,0.0,0.0,9.0,4.0,0.0,0.0,0.0,0.0,0.0,0.0,0.0,0.0,3.0,12.0,1.0,12.17,5.0200000000000005,2.51,1.49,0.0,0.0,0.0,0.4,0.0,-0.3,-0.5,0.8,-169.70000000000002,0.0,0.0,169.70000000000002,0.0,21.200000000000003,29.9,29.9,30.5,300.0,300.0,31.3,35.1,29.6,29.0,30.700000000000003,4.95,1.99,4.96,0.16,0.0,0.0,1027.0,8228.0,0.0,0.0,0.0,0.0,0.0,1.0,0.0,0.0,0.0,0.0,0.0,0.0,0.0,-0.9,0.0,0.0,16.0,25903.0
2026-07-30T19:00:02.247Z,171.73,171.744,0.0,7.4,0.0,0.0,0.0,0.0,0.0,0.0,0.0,0.0,1.0,0.0,0.0,0.0,9.0,4.0,0.0,0.0,0.0,0.0,0.0,0.0,0.0,0.0,5.0,12.0,1.0,12.17,5.0200000000000005,2.51,1.49,0.0,0.0,0.0,0.4,0.0,0.2,0.6000000000000001,0.3,-169.70000000000002,0.0,0.0,169.70000000000002,0.0,21.200000000000003,29.9,29.9,30.5,300.0,300.0,31.3,35.1,29.6,29.0,30.700000000000003,4.95,1.99,4.97,0.16,0.0,0.0,1027.0,8228.0,0.0,0.0,0.0,0.0,0.0,1.0,0.0,0.0,0.0,0.0,0.0,0.9,0.0,-0.1,0.0,0.0,16.0,25903.0
2026-07-30T19:00:02.259Z,171.742,171.756,0.0,7.4,0.0,0.0,0.0,0.0,0.0,0.0,0.0,0.0,1.0,0.0,0.0,0.0,9.0,4.0,0.0,0.0,0.0,0.0,0.0,0.0,0.0,0.0,6.0,12.0,1.0,12.17,5.0200000000000005,2.51,1.49,0.0,0.0,0.0,0.4,0.0,-0.3,-0.5,-0.2,-169.70000000000002,0.0,0.0,169.70000000000002,0.0,21.200000000000003,29.9,29.9,30.5,300.0,300.0,31.3,35.1,29.6,29.0,30.700000000000003,4.95,2.0,4.97,0.16,0.0,0.0,1027.0,8228.0,0.0,0.0,0.0,0.0,0.0,1.0,0.0,0.0,0.0,0.0,0.0,-0.7000000000000001,0.0,0.0,0.0,0.0,16.0,25903.0
2026-07-30T19:00:02.271Z,171.754,171.768,0.0,7.4,0.0,0.0,0.0,0.0,0.0,0.0,0.0,0.0,1.0,0.0,0.0,0.0,9.0,4.0,0.0,0.0,0.0,0.0,0.0,0.0,0.0,0.0,2.0,12.0,1.0,12.15,5.01,2.51,1.49,0.0,0.0,0.0,0.4,0.0,0.2,-0.5,-0.8,-169.70000000000002,0.0,0.0,169.70000000000002,0.0,21.9,29.9,29.9,30.5,300.0,300.0,31.3,35.1,29.6,29.0,30.700000000000003,4.96,2.0,4.96,0.16,0.0,0.0,1027.0,8228.0,0.0,0.0,0.0,0.0,0.0,1.0,0.0,0.0,0.0,0.0,0.0,-1.1,0.0,0.6000000000000001,0.0,0.0001,16.0,25903.0
2026-07-30T19:00:02.288Z,171.771,171.78,0.0,7.4,0.0,0.0,0.0,0.0,0.0,0.0,0.0,0.0,1.0,0.0,0.0,0.0,9.0,4.0,0.0,0.0,0.0,0.0,0.0,0.0,0.0,0.0,3.0,12.0,1.0,12.15,5.01,2.51,1.49,0.0,0.1,0.0,0.5,0.0,-0.8,-1.0,0.3,-169.70000000000002,0.0,0.0,169.70000000000002,0.0,21.9,29.9,29.9,30.5,300.0,300.0,31.3,35.1,29.6,29.0,30.700000000000003,4.95,1.99,4.97,0.16,0.0,0.0,1027.0,8228.0,0.0,0.0,0.0,0.0,0.0,1.0,0.0,0.0,0.0,0.0,0.0,-0.8,0.0,-0.5,0.0,0.0,16.0,25903.0
2026-07-30T19:00:02.299Z,171.782,171.792,0.0,7.4,0.0,0.0,0.0,0.0,0.0,0.0,0.0,0.0,1.0,0.0,0.0,0.0,9.0,4.0,0.0,0.0,0.0,0.0,0.0,0.0,0.0,0.0,6.0,12.0,1.0,12.15,5.01,2.51,1.49,0.0,0.1,0.0,0.4,0.0,0.2,-0.4,-1.3,-169.70000000000002,0.0,0.0,169.70000000000002,0.0,21.9,29.9,29.9,30.5,300.0,300.0,31.3,35.1,29.6,29.0,30.700000000000003,4.95,1.99,4.96,0.16,0.0,0.0,1027.0,8228.0,0.0,0.0,0.0,0.0,0.0,1.0,0.0,0.0,0.0,0.0,0.0,0.6000000000000001,0.0,0.2,0.0,0.0,16.0,25903.0
2026-07-30T19:00:02.308Z,171.791,171.804,0.0,7.4,0.0,0.0,0.0,0.0,0.0,0.0,0.0,0.0,1.0,0.0,0.0,0.0,9.0,4.0,0.0,0.0,0.0,0.0,0.0,0.0,0.0,0.0,4.0,12.0,1.0,12.15,5.01,2.51,1.49,0.0,0.0,0.0,0.4,0.0,0.2,0.7000000000000001,-0.1,-169.70000000000002,0.0,0.0,169.70000000000002,0.0,21.9,29.9,29.9,30.5,300.0,300.0,31.3,35.1,29.6,29.0,30.700000000000003,4.96,2.0,4.96,0.16,0.0,0.0,1027.0,8228.0,0.0,0.0,0.0,0.0,0.0,1.0,0.0,0.0,0.0,0.0,0.0,0.7000000000000001,0.0,0.2,0.0,0.0002,16.0,25903.0
2026-07-30T19:00:02.319Z,171.802,171.816,0.0,7.4,0.0,0.0,0.0,0.0,0.0,0.0,0.0,0.0,1.0,0.0,0.0,0.0,9.0,4.0,0.0,0.0,0.0,0.0,0.0,0.0,0.0,0.0,5.0,12.0,1.0,12.15,5.01,2.51,1.49,0.0,0.0,0.0,0.4,0.0,0.3,-1.0,-1.2000000000000002,-169.70000000000002,0.0,0.0,169.60000000000002,0.0,21.9,29.9,29.9,30.5,300.0,300.0,31.3,35.1,29.6,29.0,30.700000000000003,4.95,2.0,4.96,0.16,0.0,0.0,1027.0,8228.0,0.0,0.0,0.0,0.0,0.0,1.0,0.0,0.0,0.0,0.0,0.0,-2.1,0.0,0.9,0.0,0.0001,16.0,25903.0
2026-07-30T19:00:02.331Z,171.814,171.828,0.0,7.4,0.0,0.0,0.0,0.0,0.0,0.0,0.0,0.0,1.0,0.0,0.0,0.0,9.0,4.0,0.0,0.0,0.0,0.0,0.0,0.0,0.0,0.0,1.0,12.0,1.0,12.15,5.01,2.51,1.49,0.0,0.0,0.0,0.4,0.0,-0.8,-0.4,-0.7000000000000001,-169.70000000000002,0.0,0.0,169.60000000000002,0.0,21.9,29.9,29.9,30.5,300.0,300.0,31.3,35.1,29.6,29.0,30.700000000000003,4.95,1.99,4.97,0.16,0.0,0.0,1027.0,8228.0,0.0,0.0,0.0,0.0,0.0,1.0,0.0,0.0,0.0,0.0,0.0,-1.0,0.0,0.5,0.0,0.0,16.0,25903.0
2026-07-30T19:00:02.343Z,171.826,171.84,0.0,7.4,0.0,0.0,0.0,0.0,0.0,0.0,0.0,0.0,1.0,0.0,0.0,0.0,9.0,4.0,0.0,0.0,0.0,0.0,0.0,0.0,0.0,0.0,2.0,12.0,1.0,12.15,5.01,2.51,1.49,0.0,0.0,0.0,0.4,0.0,0.9,1.2000000000000002,0.4,-169.60000000000002,0.0,0.0,169.60000000000002,0.0,21.9,29.9,29.9,30.5,300.0,300.0,31.3,35.1,29.6,29.0,30.700000000000003,4.95,2.0,4.96,0.16,0.0,0.0,1027.0,8228.0,0.0,0.0,0.0,0.0,0.0,1.0,0.0,0.0,0.0,0.0,0.0,1.7000000000000002,0.0,-0.1,0.0,0.0001,16.0,25903.0
2026-07-30T19:00:02.355Z,171.838,171.852,0.0,7.4,0.0,0.0,0.0,0.0,0.0,0.0,0.0,0.0,1.0,0.0,0.0,0.0,9.0,4.0,0.0,0.0,0.0,0.0,0.0,0.0,0.0,0.0,3.0,12.0,1.0,12.15,5.01,2.51,1.49,0.0,0.0,0.0,0.4,0.0,0.3,0.6000000000000001,-0.1,-169.60000000000002,0.0,0.0,169.60000000000002,0.0,21.9,29.9,29.9,30.5,300.0,300.0,31.3,35.1,29.6,29.0,30.700000000000003,4.96,1.99,4.96,0.15,0.0,0.0,1027.0,8228.0,0.0,0.0,0.0,0.0,0.0,1.0,0.0,0.0,0.0,0.0,0.0,0.6000000000000001,0.0,0.2,0.0,0.0,16.0,25903.0
2026-07-30T19:00:02.367Z,171.85,171.864,0.0,7.4,0.0,0.0,0.0,0.0,0.0,0.0,0.0,0.0,1.0,0.0,0.0,0.0,9.0,4.0,0.0,0.0,0.0,0.0,0.0,0.0,0.0,0.0,4.0,12.0,1.0,12.15,5.01,2.51,1.49,0.0,0.0,0.0,0.4,0.0,0.9,-0.4,-0.6000000000000001,-169.60000000000002,0.0,0.0,169.60000000000002,0.0,21.9,29.9,29.9,30.5,300.0,300.0,31.3,35.1,29.6,29.0,30.700000000000003,4.95,1.99,4.97,0.16,0.0,0.0,1027.0,8228.0,0.0,0.0,0.0,0.0,0.0,1.0,0.0,0.0,0.0,0.0,0.0,-1.0,0.0,0.5,0.0,0.0,16.0,25903.0
2026-07-30T19:00:02.379Z,171.862,171.876,0.0,7.4,0.0,0.0,0.0,0.0,0.0,0.0,0.0,0.0,1.0,0.0,0.0,0.0,9.0,4.0,0.0,0.0,0.0,0.0,0.0,0.0,0.0,0.0,5.0,12.0,1.0,12.18,5.01,2.5,1.49,0.0,0.0,0.0,0.4,0.0,0.3,-0.4,1.0,-169.60000000000002,0.0,0.0,169.70000000000002,0.0,21.0,29.9,29.9,30.5,300.0,300.0,31.3,35.1,29.6,29.0,30.700000000000003,4.96,1.99,4.96,0.16,0.0,0.0,1027.0,8228.0,0.0,0.0,0.0,0.0,0.0,1.0,0.0,0.0,0.0,0.0,0.0,0.2,0.0,-1.0,0.0,0.0,16.0,25903.0
2026-07-30T19:00:02.391Z,171.874,171.888,0.0,7.4,0.0,0.0,0.0,0.0,0.0,0.0,0.0,0.0,1.0,0.0,0.0,0.0,9.0,4.0,0.0,0.0,0.0,0.0,0.0,0.0,0.0,0.0,6.0,12.0,1.0,12.18,5.01,2.5,1.49,0.0,0.0,0.0,0.4,0.0,-0.2,0.0,-1.3,-169.60000000000002,0.0,0.0,169.60000000000002,0.0,21.0,29.9,29.9,30.5,300.0,300.0,31.3,35.1,29.6,29.0,30.700000000000003,4.96,2.0,4.96,0.16,0.0,0.0,1027.0,8228.0,0.0,0.0,0.0,0.0,0.0,1.0,0.0,0.0,0.0,0.0,0.0,-0.9,0.0,1.1,0.0,0.0001,16.0,25903.0
2026-07-30T19:00:02.403Z,171.886,171.9,0.0,7.4,0.0,0.0,0.0,0.0,0.0,0.0,0.0,0.0,1.0,0.0,0.0,0.0,9.0,4.0,0.0,0.0,0.0,0.0,0.0,0.0,0.0,0.0,1.0,12.0,1.0,12.18,5.01,2.5,1.49,0.0,0.0,0.0,0.4,0.0,-0.2,0.0,-0.6000000000000001,-169.60000000000002,0.0,0.0,169.70000000000002,0.0,21.0,29.9,29.9,30.5,300.0,300.0,31.3,35.1,29.6,29.0,30.700000000000003,4.95,1.99,4.96,0.16,0.0,0.0,1027.0,8228.0,0.0,0.0,0.0,0.0,0.0,1.0,0.0,0.0,0.0,0.0,0.0,-0.5,0.0,0.6000000000000001,0.0,0.0,16.0,25903.0
2026-07-30T19:00:02.415Z,171.898,171.912,0.0,7.4,0.0,0.0,0.0,0.0,0.0,0.0,0.0,0.0,1.0,0.0,0.0,0.0,9.0,4.0,0.0,0.0,0.0,0.0,0.0,0.0,0.0,0.0,2.0,12.0,1.0,12.18,5.01,2.5,1.49,0.0,0.0,0.0,0.4,0.0,0.4,0.6000000000000001,0.0,-169.60000000000002,0.0,0.0,169.60000000000002,0.0,21.0,29.9,29.9,30.5,300.0,300.0,31.3,35.1,29.6,29.0,30.700000000000003,4.95,1.99,4.97,0.16,0.0,0.0,1027.0,8228.0,0.0,0.0,0.0,0.0,0.0,1.0,0.0,0.0,0.0,0.0,0.0,0.6000000000000001,0.0,0.2,0.0,0.0001,16.0,25903.0
2026-07-30T19:00:02.427Z,171.91,171.924,0.0,7.4,0.0,0.0,0.0,0.0,0.0,0.0,0.0,0.0,1.0,0.0,0.0,0.0,9.0,4.0,0.0,0.0,0.0,0.0,0.0,0.0,0.0,0.0,3.0,12.0,1.0,12.18,5.01,2.5,1.49,0.0,0.0,0.0,0.4,0.0,-0.7000000000000001,-1.1,0.4,-169.60000000000002,0.0,0.0,169.70000000000002,0.0,21.0,29.9,29.9,30.5,300.0,300.0,31.3,35.1,29.6,29.0,30.700000000000003,4.96,1.99,4.96,0.16,0.0,0.0,1027.0,8228.0,0.0,0.0,0.0,0.0,0.0,1.0,0.0,0.0,0.0,0.0,0.0,-0.9,0.0,-0.6000000000000001,0.0,0.0,16.0,25903.0
2026-07-30T19:00:02.439Z,171.922,171.936,0.0,7.4,0.0,0.0,0.0,0.0,0.0,0.0,0.0,0.0,1.0,0.0,0.0,0.0,9.0,4.0,0.0,0.0,0.0,0.0,0.0,0.0,0.0,0.0,5.0,12.0,1.0,12.18,5.01,2.5,1.49,0.0,0.0,0.0,0.4,0.0,0.3,0.0,-0.1,-169.60000000000002,0.0,0.0,169.70000000000002,0.0,21.0,29.9,29.9,30.5,300.0,300.0,31.3,35.1,29.6,29.0,30.700000000000003,4.96,1.99,4.97,0.15,0.0,0.0,1027.0,8228.0,0.0,0.0,0.0,0.0,0.0,1.0,0.0,0.0,0.0,0.0,0.0,0.0,0.0,0.1,0.0,0.0001,16.0,25903.0
2026-07-30T19:00:02.451Z,171.934,171.948,0.0,7.4,0.0,0.0,0.0,0.0,0.0,0.0,0.0,0.0,1.0,0.0,0.0,0.0,9.0,4.0,0.0,0.0,0.0,0.0,0.0,0.0,0.0,0.0,6.0,12.0,1.0,12.18,5.01,2.5,1.49,0.0,0.0,0.0,0.4,0.0,-0.8,-0.6000000000000001,-0.2,-169.60000000000002,0.0,0.0,169.8,0.0,21.0,29.9,29.9,30.5,300.0,300.0,31.3,35.1,29.6,29.0,30.700000000000003,4.95,1.99,4.97,0.16,0.0,0.0,1027.0,8228.0,0.0,0.0,0.0,0.0,0.0,1.0,0.0,0.0,0.0,0.0,0.0,-0.8,0.0,0.0,0.0,0.0001,16.0,25903.0
2026-07-30T19:00:02.463Z,171.946,171.96,0.0,7.4,0.0,0.0,0.0,0.0,0.0,0.0,0.0,0.0,1.0,0.0,0.0,0.0,9.0,4.0,0.0,0.0,0.0,0.0,0.0,0.0,0.0,0.0,1.0,12.0,1.0,12.18,5.01,2.5,1.49,-0.1,0.1,0.0,0.4,0.0,-0.2,0.5,-0.2,-169.60000000000002,0.0,0.0,169.8,0.0,21.0,29.9,29.9,30.5,300.0,300.0,31.3,35.1,29.6,29.0,30.700000000000003,4.96,1.99,4.97,0.16,0.0,0.0,1027.0,8228.0,0.0,0.0,0.0,0.0,0.0,1.0,0.0,0.0,0.0,0.0,0.0,0.4,0.0,0.3,0.0,0.0001,16.0,25903.0
2026-07-30T19:00:02.475Z,171.958,171.972,0.0,7.4,0.0,0.0,0.0,0.0,0.0,0.0,0.0,0.0,1.0,0.0,0.0,0.0,9.0,4.0,0.0,0.0,0.0,0.0,0.0,0.0,0.0,0.0,1.0,12.0,1.0,12.17,5.0200000000000005,2.5,1.49,0.0,0.1,0.0,0.4,0.0,-0.2,-0.6000000000000001,0.3,-169.60000000000002,0.0,0.0,169.70000000000002,0.0,21.8,29.9,29.9,30.5,300.0,300.0,31.200000000000003,35.1,29.6,29.0,30.700000000000003,4.95,2.0,4.97,0.16,0.0,0.0,1027.0,8228.0,0.0,0.0,0.0,0.0,0.0,1.0,0.0,0.0,0.0,0.0,0.0,-0.4,0.0,-0.4,0.0,0.0001,16.0,25903.0
2026-07-30T19:00:02.487Z,171.97,171.984,0.0,7.4,0.0,0.0,0.0,0.0,0.0,0.0,0.0,0.0,1.0,0.0,0.0,0.0,9.0,4.0,0.0,0.0,0.0,0.0,0.0,0.0,0.0,0.0,3.0,12.0,1.0,12.17,5.0200000000000005,2.5,1.49,0.0,0.0,0.0,0.4,0.0,-0.2,-0.6000000000000001,0.4,-169.70000000000002,0.0,0.0,169.8,0.0,21.8,29.9,29.9,30.5,300.0,300.0,31.200000000000003,35.1,29.6,29.0,30.700000000000003,4.95,1.99,4.97,0.16,0.0,0.0,1027.0,8228.0,0.0,0.0,0.0,0.0,0.0,1.0,0.0,0.0,0.0,0.0,0.0,-0.4,0.0,-0.5,0.0,0.0,16.0,25903.0
2026-07-30T19:00:02.499Z,171.982,171.996,0.0,7.4,0.0,0.0,0.0,0.0,0.0,0.0,0.0,0.0,1.0,0.0,0.0,0.0,9.0,4.0,0.0,0.0,0.0,0.0,0.0,0.0,0.0,0.0,4.0,12.0,1.0,12.17,5.0200000000000005,2.5,1.49,0.0,0.0,0.0,0.5,0.0,-0.2,0.4,0.4,-169.70000000000002,0.0,0.0,169.8,0.0,21.8,29.9,29.9,30.5,300.0,300.0,31.200000000000003,35.1,29.6,29.0,30.700000000000003,4.95,1.99,4.97,0.16,0.0,0.0,1027.0,8228.0,0.0,0.0,0.0,0.0,0.0,1.0,0.0,0.0,0.0,0.0,0.0,0.8,0.0,-0.2,0.0,0.0002,16.0,25903.0
2026-07-30T19:00:02.511Z,171.994,172.008,0.0,7.4,0.0,0.0,0.0,0.0,0.0,0.0,0.0,0.0,1.0,0.0,0.0,0.0,9.0,4.0,0.0,0.0,0.0,0.0,0.0,0.0,0.0,0.0,5.0,12.0,1.0,12.17,5.0200000000000005,2.5,1.49,0.0,0.0,0.0,0.4,0.0,0.2,-0.6000000000000001,-1.3,-169.70000000000002,0.0,0.0,169.8,0.0,21.8,29.9,29.9,30.5,300.0,300.0,31.200000000000003,35.1,29.6,29.0,30.700000000000003,4.96,1.99,4.96,0.16,0.0,0.0,1027.0,8228.0,0.0,0.0,0.0,0.0,0.0,1.0,0.0,0.0,0.0,0.0,0.0,-1.7000000000000002,0.0,1.0,0.0,0.0001,16.0,25903.0
2026-07-30T19:00:02.523Z,172.006,172.02,0.0,7.4,0.0,0.0,0.0,0.0,0.0,0.0,0.0,0.0,1.0,0.0,0.0,0.0,9.0,4.0,0.0,0.0,0.0,0.0,0.0,0.0,0.0,0.0,6.0,12.0,1.0,12.17,5.0200000000000005,2.5,1.49,0.0,0.0,0.0,0.4,0.0,0.2,-1.2000000000000002,-0.7000000000000001,-169.70000000000002,0.0,0.0,169.8,0.0,21.8,29.9,29.9,30.5,300.0,300.0,31.200000000000003,35.1,29.6,29.0,30.700000000000003,4.95,1.99,4.97,0.16,0.0,0.0,1027.0,8228.0,0.0,0.0,0.0,0.0,0.0,1.0,0.0,0.0,0.0,0.0,0.0,-1.9,0.0,0.4,0.0,0.0001,16.0,25903.0
2026-07-30T19:00:02.535Z,172.018,172.032,0.0,7.4,0.0,0.0,0.0,0.0,0.0,0.0,0.0,0.0,1.0,0.0,0.0,0.0,9.0,4.0,0.0,0.0,0.0,0.0,0.0,0.0,0.0,0.0,1.0,12.0,1.0,12.17,5.0200000000000005,2.5,1.49,-0.1,0.0,0.0,0.4,0.0,0.2,0.0,0.3,-169.70000000000002,0.0,0.0,169.8,0.0,21.8,29.9,29.9,30.5,300.0,300.0,31.200000000000003,35.1,29.6,29.0,30.700000000000003,4.95,1.99,4.97,0.16,0.0,0.0,1027.0,8228.0,0.0,0.0,0.0,0.0,0.0,1.0,0.0,0.0,0.0,0.0,0.0,0.1,0.0,-0.3,0.0,0.0,16.0,25903.0
2026-07-30T19:00:02.547Z,172.03,172.044,0.0,7.4,0.0,0.0,0.0,0.0,0.0,0.0,0.0,0.0,1.0,0.0,0.0,0.0,9.0,4.0,0.0,0.0,0.0,0.0,0.0,0.0,0.0,0.0,2.0,12.0,1.0,12.17,5.0200000000000005,2.5,1.49,0.0,0.1,0.0,0.4,0.0,-0.3,-0.1,-1.4,-169.70000000000002,0.0,0.0,169.70000000000002,0.0,21.8,29.9,29.9,30.5,300.0,300.0,31.200000000000003,35.1,29.6,29.0,30.700000000000003,4.96,1.99,4.97,0.16,0.0,0.0,1027.0,8228.0,0.0,0.0,0.0,0.0,0.0,1.0,0.0,0.0,0.0,0.0,0.0,-1.1,0.0,1.2000000000000002,0.0,0.0,16.0,25903.0
2026-07-30T19:00:02.559Z,172.042,172.056,0.0,7.4,0.0,0.0,0.0,0.0,0.0,0.0,0.0,0.0,1.0,0.0,0.0,0.0,9.0,4.0,0.0,0.0,0.0,0.0,0.0,0.0,0.0,0.0,3.0,12.0,1.0,12.17,5.0200000000000005,2.5,1.49,0.0,0.0,0.0,0.4,0.0,-0.9,0.4,0.2,-169.70000000000002,0.0,0.0,169.70000000000002,0.0,21.8,29.9,29.9,30.5,300.0,300.0,31.200000000000003,35.1,29.6,29.0,30.700000000000003,4.95,1.99,4.96,0.16,0.0,0.0,1027.0,8228.0,0.0,0.0,0.0,0.0,0.0,1.0,0.0,0.0,0.0,0.0,0.0,-1.0,0.0,0.1,0.0,0.0002,16.0,25903.0
2026-07-30T19:00:02.572Z,172.055,172.068,0.0,7.4,0.0,0.0,0.0,0.0,0.0,0.0,0.0,0.0,1.0,0.0,0.0,0.0,9.0,4.0,0.0,0.0,0.0,0.0,0.0,0.0,0.0,0.0,4.0,12.0,1.0,12.17,5.0200000000000005,2.51,1.49,0.0,0.1,0.0,0.4,0.0,0.1,-0.6000000000000001,-0.3,-169.70000000000002,0.0,0.0,169.8,0.0,21.200000000000003,29.9,29.9,30.5,300.0,300.0,31.1,35.1,29.6,28.9,30.700000000000003,4.96,1.99,4.97,0.16,0.0,0.0,1027.0,8228.0,0.0,0.0,0.0,0.0,0.0,1.0,0.0,0.0,0.0,0.0,0.0,-1.0,0.0,0.1,0.0,0.0001,16.0,25903.0
2026-07-30T19:00:02.583Z,172.066,172.08,0.0,7.4,0.0,0.0,0.0,0.0,0.0,0.0,0.0,0.0,1.0,0.0,0.0,0.0,9.0,4.0,0.0,0.0,0.0,0.0,0.0,0.0,0.0,0.0,5.0,12.0,1.0,12.17,5.0200000000000005,2.51,1.49,0.0,0.0,0.0,0.4,0.0,0.2,0.4,-0.3,-169.70000000000002,0.0,0.0,169.70000000000002,0.0,21.200000000000003,29.9,29.9,30.5,300.0,300.0,31.1,35.1,29.6,28.9,30.700000000000003,4.96,1.99,4.96,0.17,0.0,0.0,1027.0,8228.0,0.0,0.0,0.0,0.0,0.0,1.0,0.0,0.0,0.0,0.0,0.0,0.2,0.0,0.3,0.0,0.0001,16.0,25903.0
2026-07-30T19:00:02.595Z,172.078,172.092,0.0,7.4,0.0,0.0,0.0,0.0,0.0,0.0,0.0,0.0,1.0,0.0,0.0,0.0,9.0,4.0,0.0,0.0,0.0,0.0,0.0,0.0,0.0,0.0,1.0,12.0,1.0,12.17,5.0200000000000005,2.51,1.49,0.0,0.0,0.0,0.5,0.0,0.7000000000000001,1.6,2.6,-169.70000000000002,0.0,0.0,169.70000000000002,0.0,21.200000000000003,29.9,29.9,30.5,300.0,300.0,31.1,35.1,29.6,28.9,30.700000000000003,4.96,1.99,4.96,0.16,0.0,0.0,1027.0,8228.0,0.0,0.0,0.0,0.0,0.0,1.0,0.0,0.0,0.0,0.0,0.0,0.3,0.0,0.3,0.0,0.0,16.0,25903.0
2026-07-30T19:00:02.612Z,172.095,172.104,0.0,7.4,0.0,0.0,0.0,0.0,0.0,0.0,0.0,0.0,1.0,0.0,0.0,0.0,9.0,4.0,0.0,0.0,0.0,0.0,0.0,0.0,0.0,0.0,1.0,12.0,1.0,12.17,5.0200000000000005,2.51,1.49,0.0,0.0,0.0,0.5,0.0,0.7000000000000001,0.0,-0.2,-169.70000000000002,0.0,0.0,169.70000000000002,0.0,21.200000000000003,29.9,29.9,30.5,300.0,300.0,31.1,35.1,29.6,28.9,30.700000000000003,4.95,1.99,4.97,0.16,0.0,0.0,1027.0,8228.0,0.0,0.0,0.0,0.0,0.0,1.0,0.0,0.0,0.0,0.0,0.0,-0.9,0.0,0.1,0.0,0.0,16.0,25903.0
2026-07-30T19:00:02.619Z,172.102,172.116,0.0,7.4,0.0,0.0,0.0,0.0,0.0,0.0,0.0,0.0,1.0,0.0,0.0,0.0,9.0,4.0,0.0,0.0,0.0,0.0,0.0,0.0,0.0,0.0,5.0,12.0,1.0,12.17,5.0200000000000005,2.51,1.49,0.0,0.0,0.0,0.4,0.0,1.3,-0.6000000000000001,-0.2,-169.70000000000002,0.0,0.0,169.70000000000002,0.0,21.200000000000003,29.9,29.9,30.5,300.0,300.0,31.1,35.1,29.6,28.9,30.700000000000003,4.96,2.0,4.96,0.16,0.0,0.0,1027.0,8228.0,0.0,0.0,0.0,0.0,0.0,1.0,0.0,0.0,0.0,0.0,0.0,-2.7,0.0,0.3,0.0,0.0001,16.0,25903.0
2026-07-30T19:00:02.631Z,172.114,172.128,0.0,7.4,0.0,0.0,0.0,0.0,0.0,0.0,0.0,0.0,1.0,0.0,0.0,0.0,9.0,4.0,0.0,0.0,0.0,0.0,0.0,0.0,0.0,0.0,1.0,12.0,1.0,12.17,5.0200000000000005,2.51,1.49,0.0,0.0,0.0,0.4,0.0,0.1,-0.1,-0.2,-169.70000000000002,0.0,0.0,169.70000000000002,0.0,21.200000000000003,29.9,29.9,30.5,300.0,300.0,31.1,35.1,29.6,28.9,30.700000000000003,4.96,2.0,4.97,0.16,0.0,0.0,1027.0,8228.0,0.0,0.0,0.0,0.0,0.0,1.0,0.0,0.0,0.0,0.0,0.0,0.7000000000000001,0.0,-0.1,0.0,0.0,16.0,25903.0
2026-07-30T19:00:02.643Z,172.126,172.14,0.0,7.4,0.0,0.0,0.0,0.0,0.0,0.0,0.0,0.0,1.0,0.0,0.0,0.0,9.0,4.0,0.0,0.0,0.0,0.0,0.0,0.0,0.0,0.0,2.0,12.0,1.0,12.17,5.0200000000000005,2.51,1.49,0.0,0.0,0.0,0.4,0.0,0.1,0.0,0.3,-169.70000000000002,0.0,0.0,169.60000000000002,0.0,21.200000000000003,29.9,29.9,30.5,300.0,300.0,31.1,35.1,29.6,28.9,30.700000000000003,4.96,1.99,4.97,0.15,0.0,0.0,1027.0,8228.0,0.0,0.0,0.0,0.0,0.0,1.0,0.0,0.0,0.0,0.0,0.0,0.2,0.0,-0.3,0.0,0.0,16.0,25903.0
2026-07-30T19:00:02.655Z,172.138,172.15200000000002,0.0,7.4,0.0,0.0,0.0,0.0,0.0,0.0,0.0,0.0,1.0,0.0,0.0,0.0,9.0,4.0,0.0,0.0,0.0,0.0,0.0,0.0,0.0,0.0,3.0,12.0,1.0,12.17,5.0200000000000005,2.51,1.49,0.0,0.0,0.0,0.5,0.0,-0.4,-0.6000000000000001,-0.1,-169.70000000000002,0.0,0.0,169.70000000000002,0.0,21.200000000000003,29.9,29.9,30.5,300.0,300.0,31.1,35.1,29.6,28.9,30.700000000000003,4.95,1.99,4.96,0.16,0.0,0.0,1027.0,8228.0,0.0,0.0,0.0,0.0,0.0,1.0,0.0,0.0,0.0,0.0,0.0,-0.8,0.0,0.0,0.0,0.0001,16.0,25903.0
2026-07-30T19:00:02.667Z,172.15,172.16400000000002,0.0,7.4,0.0,0.0,0.0,0.0,0.0,0.0,0.0,0.0,1.0,0.0,0.0,0.0,9.0,4.0,0.0,0.0,0.0,0.0,0.0,0.0,0.0,0.0,4.0,12.0,1.0,12.17,5.0200000000000005,2.51,1.49,0.0,0.0,0.0,0.4,0.0,-0.9,-0.6000000000000001,-1.3,-169.70000000000002,0.0,0.0,169.70000000000002,0.0,21.200000000000003,29.9,29.9,30.5,300.0,300.0,31.1,35.1,29.6,28.9,30.700000000000003,4.96,2.0,4.96,0.16,0.0,0.0,1027.0,8228.0,0.0,0.0,0.0,0.0,0.0,1.0,0.0,0.0,0.0,0.0,0.0,-1.7000000000000002,0.0,1.0,0.0,0.0,16.0,25903.0
2026-07-30T19:00:02.679Z,172.162,172.17600000000002,0.0,7.4,0.0,0.0,0.0,0.0,0.0,0.0,0.0,0.0,1.0,0.0,0.0,0.0,9.0,4.0,0.0,0.0,0.0,0.0,0.0,0.0,0.0,0.0,6.0,12.0,1.0,12.1,5.01,2.5,1.49,0.0,0.0,0.0,0.5,0.0,-0.3,-0.1,-0.1,-169.70000000000002,0.0,0.0,169.8,0.0,21.4,29.9,29.9,30.5,300.0,300.0,31.200000000000003,35.1,29.700000000000003,29.0,30.700000000000003,4.96,1.99,4.97,0.16,0.0,0.0,1027.0,8228.0,0.0,0.0,0.0,0.0,0.0,1.0,0.0,0.0,0.0,0.0,0.0,-0.4,0.0,-0.5,0.0,0.0001,16.0,25903.0
2026-07-30T19:00:02.691Z,172.174,172.18800000000002,0.0,7.4,0.0,0.0,0.0,0.0,0.0,0.0,0.0,0.0,1.0,0.0,0.0,0.0,9.0,4.0,0.0,0.0,0.0,0.0,0.0,0.0,0.0,0.0,1.0,12.0,1.0,12.1,5.01,2.5,1.49,0.0,0.0,0.0,0.4,0.0,0.8,0.5,-1.2000000000000002,-169.70000000000002,0.0,0.0,169.8,0.0,21.4,29.9,29.9,30.5,300.0,300.0,31.200000000000003,35.1,29.700000000000003,29.0,30.700000000000003,4.95,1.99,4.97,0.16,0.0,0.0,1027.0,8228.0,0.0,0.0,0.0,0.0,0.0,1.0,0.0,0.0,0.0,0.0,0.0,0.9,0.0,-0.3,0.0,0.0003,16.0,25903.0
2026-07-30T19:00:02.703Z,172.186,172.20000000000002,0.0,7.4,0.0,0.0,0.0,0.0,0.0,0.0,0.0,0.0,1.0,0.0,0.0,0.0,9.0,4.0,0.0,0.0,0.0,0.0,0.0,0.0,0.0,0.0,2.0,12.0,1.0,12.1,5.01,2.5,1.49,0.0,0.0,0.0,0.4,0.0,-0.3,-0.5,1.6,-169.70000000000002,0.0,0.0,169.70000000000002,0.0,21.4,29.9,29.9,30.5,300.0,300.0,31.200000000000003,35.1,29.700000000000003,29.0,30.700000000000003,4.95,1.99,4.96,0.16,0.0,0.0,1027.0,8228.0,0.0,0.0,0.0,0.0,0.0,1.0,0.0,0.0,0.0,0.0,0.0,0.5,0.0,-1.5,0.0,0.0001,16.0,25903.0
2026-07-30T19:00:02.715Z,172.198,172.21200000000002,0.0,7.4,0.0,0.0,0.0,0.0,0.0,0.0,0.0,0.0,1.0,0.0,0.0,0.0,9.0,4.0,0.0,0.0,0.0,0.0,0.0,0.0,0.0,0.0,3.0,12.0,1.0,12.1,5.01,2.5,1.49,0.0,0.1,0.0,0.4,0.0,-0.9,-1.6,-1.8,-169.70000000000002,0.0,0.0,169.70000000000002,0.0,21.4,29.9,29.9,30.5,300.0,300.0,31.200000000000003,35.1,29.700000000000003,29.0,30.700000000000003,4.95,1.99,4.97,0.16,0.0,0.0,1027.0,8228.0,0.0,0.0,0.0,0.0,0.0,1.0,0.0,0.0,0.0,0.0,0.0,-3.3000000000000003,0.0,1.2000000000000002,0.0,0.0001,16.0,25903.0
2026-07-30T19:00:02.727Z,172.21,172.224,0.0,7.4,0.0,0.0,0.0,0.0,0.0,0.0,0.0,0.0,1.0,0.0,0.0,0.0,9.0,4.0,0.0,0.0,0.0,0.0,0.0,0.0,0.0,0.0,4.0,12.0,1.0,12.1,5.01,2.5,1.49,0.0,0.0,0.0,0.4,0.0,-0.3,0.6000000000000001,1.0,-169.70000000000002,0.0,0.0,169.60000000000002,0.0,21.4,29.9,29.9,30.5,300.0,300.0,31.200000000000003,35.1,29.700000000000003,29.0,30.700000000000003,4.95,1.99,4.97,0.16,0.0,0.0,1027.0,8228.0,0.0,0.0,0.0,0.0,0.0,1.0,0.0,0.0,0.0,0.0,0.0,1.5,0.0,-0.7000000000000001,0.0,0.0001,16.0,25903.0
2026-07-30T19:00:02.739Z,172.222,172.236,0.0,7.4,0.0,0.0,0.0,0.0,0.0,0.0,0.0,0.0,1.0,0.0,0.0,0.0,9.0,4.0,0.0,0.0,0.0,0.0,0.0,0.0,0.0,0.0,5.0,12.0,1.0,12.1,5.01,2.5,1.49,0.0,0.0,0.0,0.4,0.0,0.2,0.0,1.5,-169.70000000000002,0.0,0.0,169.8,0.0,21.4,29.9,29.9,30.5,300.0,300.0,31.200000000000003,35.1,29.700000000000003,29.0,30.700000000000003,4.96,1.99,4.97,0.16,0.0,0.0,1027.0,8228.0,0.0,0.0,0.0,0.0,0.0,1.0,0.0,0.0,0.0,0.0,0.0,0.5,0.0,-1.4,0.0,0.0001,16.0,25903.0
2026-07-30T19:00:02.751Z,172.234,172.248,0.0,7.4,0.0,0.0,0.0,0.0,0.0,0.0,0.0,0.0,1.0,0.0,0.0,0.0,9.0,4.0,0.0,0.0,0.0,0.0,0.0,0.0,0.0,0.0,6.0,12.0,1.0,12.1,5.01,2.5,1.49,0.0,0.0,0.0,0.4,0.0,-0.3,0.6000000000000001,0.9,-169.70000000000002,0.0,0.0,169.70000000000002,0.0,21.4,29.9,29.9,30.5,300.0,300.0,31.200000000000003,35.1,29.700000000000003,29.0,30.700000000000003,4.96,1.99,4.96,0.16,0.0,0.0,1027.0,8228.0,0.0,0.0,0.0,0.0,0.0,1.0,0.0,0.0,0.0,0.0,0.0,1.4,0.0,-0.6000000000000001,0.0,0.0003,16.0,25903.0
2026-07-30T19:00:02.763Z,172.246,172.26,0.0,7.4,0.0,0.0,0.0,0.0,0.0,0.0,0.0,0.0,1.0,0.0,0.0,0.0,9.0,4.0,0.0,0.0,0.0,0.0,0.0,0.0,0.0,0.0,1.0,12.0,1.0,12.1,5.01,2.5,1.49,0.0,0.0,0.0,0.4,0.0,-0.3,-0.4,2.0,-169.70000000000002,0.0,0.0,169.8,0.0,21.4,29.9,29.9,30.5,300.0,300.0,31.200000000000003,35.1,29.700000000000003,29.0,30.700000000000003,4.95,1.99,4.97,0.16,0.0,0.0,1027.0,8228.0,0.0,0.0,0.0,0.0,0.0,1.0,0.0,0.0,0.0,0.0,0.0,-0.7000000000000001,0.0,0.1,0.0,0.0001,16.0,25903.0
2026-07-30T19:00:02.776Z,172.259,172.272,0.0,7.4,0.0,0.0,0.0,0.0,0.0,0.0,0.0,0.0,1.0,0.0,0.0,0.0,9.0,4.0,0.0,0.0,0.0,0.0,0.0,0.0,0.0,0.0,2.0,12.0,1.0,12.17,5.0200000000000005,2.5,1.49,0.0,0.0,0.0,0.4,0.0,0.8,-0.5,0.2,-169.70000000000002,0.0,0.0,169.70000000000002,0.0,21.0,29.9,29.9,30.5,300.0,300.0,31.3,35.1,29.6,28.9,30.700000000000003,4.95,1.99,4.96,0.16,0.0,0.0,1027.0,8228.0,0.0,0.0,0.0,0.0,0.0,1.0,0.0,0.0,0.0,0.0,0.0,-0.3,0.0,-0.3,0.0,0.0001,16.0,25903.0
2026-07-30T19:00:02.787Z,172.27,172.284,0.0,7.4,0.0,0.0,0.0,0.0,0.0,0.0,0.0,0.0,1.0,0.0,0.0,0.0,9.0,4.0,0.0,0.0,0.0,0.0,0.0,0.0,0.0,0.0,3.0,12.0,1.0,12.17,5.0200000000000005,2.5,1.49,0.0,0.0,0.0,0.4,0.0,-0.3,0.6000000000000001,-0.3,-169.70000000000002,0.0,0.0,169.70000000000002,0.0,21.0,29.9,29.9,30.5,300.0,300.0,31.3,35.1,29.6,28.9,30.700000000000003,4.96,1.99,4.96,0.16,0.0,0.0,1027.0,8228.0,0.0,0.0,0.0,0.0,0.0,1.0,0.0,0.0,0.0,0.0,0.0,0.5,0.0,0.4,0.0,0.0001,16.0,25903.0
2026-07-30T19:00:02.799Z,172.282,172.296,0.0,7.4,0.0,0.0,0.0,0.0,0.0,0.0,0.0,0.0,1.0,0.0,0.0,0.0,9.0,4.0,0.0,0.0,0.0,0.0,0.0,0.0,0.0,0.0,4.0,12.0,1.0,12.17,5.0200000000000005,2.5,1.49,0.0,0.0,0.0,0.4,0.0,0.2,1.2000000000000002,0.2,-169.70000000000002,0.0,0.0,169.70000000000002,0.0,21.0,29.9,29.9,30.5,300.0,300.0,31.3,35.1,29.6,28.9,30.700000000000003,4.95,1.99,4.96,0.16,0.0,0.0,1027.0,8228.0,0.0,0.0,0.0,0.0,0.0,1.0,0.0,0.0,0.0,0.0,0.0,1.6,0.0,0.0,0.0,0.0001,16.0,25903.0
2026-07-30T19:00:02.811Z,172.294,172.308,0.0,7.4,0.0,0.0,0.0,0.0,0.0,0.0,0.0,0.0,1.0,0.0,0.0,0.0,9.0,4.0,0.0,0.0,0.0,0.0,0.0,0.0,0.0,0.0,5.0,12.0,1.0,12.17,5.0200000000000005,2.5,1.49,0.0,0.0,0.0,0.4,0.0,0.2,-0.4,-0.9,-169.70000000000002,0.0,0.0,169.70000000000002,0.0,21.0,29.9,29.9,30.5,300.0,300.0,31.3,35.1,29.6,28.9,30.700000000000003,4.95,1.99,4.97,0.16,0.0,0.0,1027.0,8228.0,0.0,0.0,0.0,0.0,0.0,1.0,0.0,0.0,0.0,0.0,0.0,-1.2000000000000002,0.0,0.7000000000000001,0.0,0.0,16.0,25903.0
2026-07-30T19:00:02.823Z,172.306,172.32,0.0,7.4,0.0,0.0,0.0,0.0,0.0,0.0,0.0,0.0,1.0,0.0,0.0,0.0,9.0,4.0,0.0,0.0,0.0,0.0,0.0,0.0,0.0,0.0,6.0,12.0,1.0,12.17,5.0200000000000005,2.5,1.49,0.0,0.0,0.0,0.4,0.0,-0.3,0.0,0.8,-169.70000000000002,0.0,0.0,169.70000000000002,0.0,21.0,29.9,29.9,30.5,300.0,300.0,31.3,35.1,29.6,28.9,30.700000000000003,4.95,1.99,4.96,0.16,0.0,0.0,1027.0,8228.0,0.0,0.0,0.0,0.0,0.0,1.0,0.0,0.0,0.0,0.0,0.0,0.7000000000000001,0.0,-0.7000000000000001,0.0,0.0,16.0,25903.0
2026-07-30T19:00:02.835Z,172.318,172.332,0.0,7.4,0.0,0.0,0.0,0.0,0.0,0.0,0.0,0.0,1.0,0.0,0.0,0.0,9.0,4.0,0.0,0.0,0.0,0.0,0.0,0.0,0.0,0.0,1.0,12.0,1.0,12.17,5.0200000000000005,2.5,1.49,0.0,0.0,0.0,0.4,0.0,-0.3,-0.5,-0.3,-169.70000000000002,0.0,0.0,169.60000000000002,0.0,21.0,29.9,29.9,30.5,300.0,300.0,31.3,35.1,29.6,28.9,30.700000000000003,4.96,1.99,4.96,0.16,0.0,0.0,1027.0,8228.0,0.0,0.0,0.0,0.0,0.0,1.0,0.0,0.0,0.0,0.0,0.0,-0.8,0.0,0.1,0.0,0.0001,16.0,25903.0
2026-07-30T19:00:02.847Z,172.33,172.344,0.0,7.4,0.0,0.0,0.0,0.0,0.0,0.0,0.0,0.0,1.0,0.0,0.0,0.0,9.0,4.0,0.0,0.0,0.0,0.0,0.0,0.0,0.0,0.0,2.0,12.0,1.0,12.17,5.0200000000000005,2.5,1.49,0.0,0.1,0.0,0.4,0.0,0.2,-0.4,0.2,-169.60000000000002,0.0,0.0,169.70000000000002,0.0,21.0,29.9,29.9,30.5,300.0,300.0,31.3,35.1,29.6,28.9,30.700000000000003,4.95,1.99,4.97,0.16,0.0,0.0,1027.0,8228.0,0.0,0.0,0.0,0.0,0.0,1.0,0.0,0.0,0.0,0.0,0.0,-0.3,0.0,-0.3,0.0,0.0001,16.0,25903.0
2026-07-30T19:00:02.859Z,172.342,172.356,0.0,7.4,0.0,0.0,0.0,0.0,0.0,0.0,0.0,0.0,1.0,0.0,0.0,0.0,9.0,4.0,0.0,0.0,0.0,0.0,0.0,0.0,0.0,0.0,3.0,12.0,1.0,12.17,5.0200000000000005,2.5,1.49,0.0,0.0,0.0,0.4,0.0,0.8,0.1,2.0,-169.60000000000002,0.0,0.0,169.60000000000002,0.0,21.0,29.9,29.9,30.5,300.0,300.0,31.3,35.1,29.6,28.9,30.700000000000003,4.96,1.99,4.97,0.16,0.0,0.0,1027.0,8228.0,0.0,0.0,0.0,0.0,0.0,1.0,0.0,0.0,0.0,0.0,0.0,1.6,0.0,-1.7000000000000002,0.0,0.0,16.0,25903.0
2026-07-30T19:00:02.871Z,172.354,172.368,0.0,7.4,0.0,0.0,0.0,0.0,0.0,0.0,0.0,0.0,1.0,0.0,0.0,0.0,9.0,4.0,0.0,0.0,0.0,0.0,0.0,0.0,0.0,0.0,5.0,12.0,1.0,12.17,5.0200000000000005,2.5,1.49,0.0,0.0,0.0,0.4,0.0,-0.8,-0.4,-0.9,-169.70000000000002,0.0,0.0,169.8,0.0,21.0,29.9,29.9,30.5,300.0,300.0,31.3,35.1,29.6,28.9,30.700000000000003,4.96,2.0,4.97,0.16,0.0,0.0,1027.0,8228.0,0.0,0.0,0.0,0.0,0.0,1.0,0.0,0.0,0.0,0.0,0.0,-1.1,0.0,0.7000000000000001,0.0,0.0,16.0,25903.0
2026-07-30T19:00:02.883Z,172.366,172.38,0.0,7.4,0.0,0.0,0.0,0.0,0.0,0.0,0.0,0.0,1.0,0.0,0.0,0.0,9.0,4.0,0.0,0.0,0.0,0.0,0.0,0.0,0.0,0.0,6.0,12.0,1.0,12.15,5.01,2.5,1.49,0.0,0.0,0.0,0.4,0.0,0.2,0.7000000000000001,-0.9,-169.70000000000002,0.0,0.0,169.70000000000002,0.0,21.8,29.9,29.9,30.5,300.0,300.0,31.200000000000003,35.1,29.700000000000003,28.9,30.700000000000003,4.96,1.99,4.97,0.16,0.0,0.0,1027.0,8228.0,0.0,0.0,0.0,0.0,0.0,1.0,0.0,0.0,0.0,0.0,0.0,0.1,0.0,0.9,0.0,0.0001,16.0,25903.0
2026-07-30T19:00:02.896Z,172.379,172.392,0.0,7.4,0.0,0.0,0.0,0.0,0.0,0.0,0.0,0.0,1.0,0.0,0.0,0.0,9.0,4.0,0.0,0.0,0.0,0.0,0.0,0.0,0.0,0.0,1.0,12.0,1.0,12.15,5.01,2.5,1.49,0.0,0.0,0.0,0.4,0.0,0.9,-0.4,-0.3,-169.70000000000002,0.0,0.0,169.70000000000002,0.0,21.8,29.9,29.9,30.5,300.0,300.0,31.200000000000003,35.1,29.700000000000003,28.9,30.700000000000003,4.95,1.99,4.97,0.16,0.0,0.0,1027.0,8228.0,0.0,0.0,0.0,0.0,0.0,1.0,0.0,0.0,0.0,0.0,0.0,-0.7000000000000001,0.0,0.2,0.0,0.0001,16.0,25903.0
2026-07-30T19:00:02.907Z,172.39,172.404,0.0,7.4,0.0,0.0,0.0,0.0,0.0,0.0,0.0,0.0,1.0,0.0,0.0,0.0,9.0,4.0,0.0,0.0,0.0,0.0,0.0,0.0,0.0,0.0,2.0,12.0,1.0,12.15,5.01,2.5,1.49,0.0,0.0,0.0,0.5,0.0,-0.2,-0.4,0.2,-169.60000000000002,0.0,0.0,169.70000000000002,0.0,21.8,29.9,29.9,30.5,300.0,300.0,31.200000000000003,35.1,29.700000000000003,28.9,30.700000000000003,4.96,1.99,4.96,0.16,0.0,0.0,1027.0,8228.0,0.0,0.0,0.0,0.0,0.0,1.0,0.0,0.0,0.0,0.0,0.0,-0.3,0.0,-0.2,0.0,0.0,16.0,25903.0
2026-07-30T19:00:02.923Z,172.406,172.416,0.0,7.4,0.0,0.0,0.0,0.0,0.0,0.0,0.0,0.0,1.0,0.0,0.0,0.0,9.0,4.0,0.0,0.0,0.0,0.0,0.0,0.0,0.0,0.0,3.0,12.0,1.0,12.15,5.01,2.5,1.49,0.0,0.0,0.0,0.4,0.0,-0.2,0.7000000000000001,-0.8,-169.60000000000002,0.0,0.0,169.70000000000002,0.0,21.8,29.9,29.9,30.5,300.0,300.0,31.200000000000003,35.1,29.700000000000003,28.9,30.700000000000003,4.96,1.99,4.97,0.15,0.0,0.0,1027.0,8228.0,0.0,0.0,0.0,0.0,0.0,1.0,0.0,0.0,0.0,0.0,0.0,0.1,0.0,0.9,0.0,0.0,16.0,25903.0
2026-07-30T19:00:02.932Z,172.415,172.428,0.0,7.4,0.0,0.0,0.0,0.0,0.0,0.0,0.0,0.0,1.0,0.0,0.0,0.0,9.0,4.0,0.0,0.0,0.0,0.0,0.0,0.0,0.0,0.0,2.0,12.0,1.0,12.15,5.01,2.5,1.49,0.0,0.1,0.0,0.4,0.0,0.3,0.1,2.0,-169.60000000000002,0.0,0.0,169.70000000000002,0.0,21.8,29.9,29.9,30.5,300.0,300.0,31.200000000000003,35.1,29.700000000000003,28.9,30.700000000000003,4.95,1.99,4.97,0.16,0.0,0.0,1027.0,8228.0,0.0,0.0,0.0,0.0,0.0,1.0,0.0,0.0,0.0,0.0,0.0,1.7000000000000002,0.0,-1.7000000000000002,0.0,0.0,16.0,25903.0
2026-07-30T19:00:02.943Z,172.426,172.44,0.0,7.4,0.0,0.0,0.0,0.0,0.0,0.0,0.0,0.0,1.0,0.0,0.0,0.0,9.0,4.0,0.0,0.0,0.0,0.0,0.0,0.0,0.0,0.0,3.0,12.0,1.0,12.15,5.01,2.5,1.49,0.0,0.0,0.0,0.4,0.0,0.3,-0.4,0.9,-169.60000000000002,0.0,0.0,169.60000000000002,0.0,21.8,29.9,29.9,30.5,300.0,300.0,31.200000000000003,35.1,29.700000000000003,28.9,30.700000000000003,4.95,1.99,4.97,0.16,0.0,0.0,1027.0,8228.0,0.0,0.0,0.0,0.0,0.0,1.0,0.0,0.0,0.0,0.0,0.0,0.1,0.0,-0.8,0.0,0.0,16.0,25903.0
2026-07-30T19:00:02.955Z,172.438,172.452,0.0,7.4,0.0,0.0,0.0,0.0,0.0,0.0,0.0,0.0,1.0,0.0,0.0,0.0,9.0,4.0,0.0,0.0,0.0,0.0,0.0,0.0,0.0,0.0,4.0,12.0,1.0,12.15,5.01,2.5,1.49,0.0,0.0,0.0,0.5,0.0,-0.2,-0.4,0.3,-169.60000000000002,0.0,0.0,169.60000000000002,0.0,21.8,29.9,29.9,30.5,300.0,300.0,31.200000000000003,35.1,29.700000000000003,28.9,30.700000000000003,4.95,1.99,4.97,0.16,0.0,0.0,1027.0,8228.0,0.0,0.0,0.0,0.0,0.0,1.0,0.0,0.0,0.0,0.0,0.0,-0.1,0.0,-0.4,0.0,0.0,16.0,25903.0
2026-07-30T19:00:02.967Z,172.45,172.464,0.0,7.4,0.0,0.0,0.0,0.0,0.0,0.0,0.0,0.0,1.0,0.0,0.0,0.0,9.0,4.0,0.0,0.0,0.0,0.0,0.0,0.0,0.0,0.0,5.0,12.0,1.0,12.15,5.01,2.5,1.49,0.0,0.0,0.0,0.4,0.0,-0.2,-0.5,-0.2,-169.60000000000002,0.0,0.0,169.60000000000002,0.0,21.8,29.9,29.9,30.5,300.0,300.0,31.200000000000003,35.1,29.700000000000003,28.9,30.700000000000003,4.95,1.99,4.97,0.16,0.0,0.0,1027.0,8228.0,0.0,0.0,0.0,0.0,0.0,1.0,0.0,0.0,0.0,0.0,0.0,-0.7000000000000001,0.0,0.1,0.0,0.0,16.0,25903.0
2026-07-30T19:00:02.979Z,172.462,172.476,0.0,7.4,0.0,0.0,0.0,0.0,0.0,0.0,0.0,0.0,1.0,0.0,0.0,0.0,9.0,4.0,0.0,0.0,0.0,0.0,0.0,0.0,0.0,0.0,6.0,12.0,1.0,12.17,5.01,2.51,1.49,0.0,0.0,0.0,0.4,0.0,-0.3,0.0,0.3,-169.60000000000002,0.0,0.0,169.60000000000002,0.0,21.8,29.9,29.9,30.5,300.0,300.0,31.200000000000003,35.1,29.700000000000003,28.9,30.700000000000003,4.95,2.0,4.97,0.16,0.0,0.0,1027.0,8228.0,0.0,0.0,0.0,0.0,0.0,1.0,0.0,0.0,0.0,0.0,0.0,0.2,0.0,-0.2,0.0,0.0,16.0,25903.0
2026-07-30T19:00:02.991Z,172.474,172.488,0.0,7.4,0.0,0.0,0.0,0.0,0.0,0.0,0.0,0.0,1.0,0.0,0.0,0.0,9.0,4.0,0.0,0.0,0.0,0.0,0.0,0.0,0.0,0.0,1.0,12.0,1.0,12.17,5.01,2.51,1.49,0.0,0.0,0.0,0.4,0.0,-1.4,-1.1,0.9,-169.60000000000002,0.0,0.0,169.70000000000002,0.0,21.8,29.9,29.9,30.5,300.0,300.0,31.200000000000003,35.1,29.700000000000003,28.9,30.700000000000003,4.95,2.0,4.96,0.16,0.0,0.0,1027.0,8228.0,0.0,0.0,0.0,0.0,0.0,1.0,0.0,0.0,0.0,0.0,0.0,-0.6000000000000001,0.0,-1.0,0.0,0.0,16.0,25903.0
2026-07-30T19:00:03.003Z,172.486,172.5,0.0,7.4,0.0,0.0,0.0,0.0,0.0,0.0,0.0,0.0,1.0,0.0,0.0,0.0,9.0,4.0,0.0,0.0,0.0,0.0,0.0,0.0,0.0,0.0,2.0,12.0,1.0,12.17,5.01,2.51,1.49,0.0,0.0,0.0,0.4,0.0,-0.3,-0.5,-0.2,-169.60000000000002,0.0,0.0,169.70000000000002,0.0,21.8,29.9,29.9,30.5,300.0,300.0,31.200000000000003,35.1,29.700000000000003,28.9,30.700000000000003,4.95,1.99,4.97,0.16,0.0,0.0,1027.0,8228.0,0.0,0.0,0.0,0.0,0.0,1.0,0.0,0.0,0.0,0.0,0.0,-0.8,0.0,0.0,0.0,0.0001,16.0,25903.0
2026-07-30T19:00:03.016Z,172.499,172.512,0.0,7.4,0.0,0.0,0.0,0.0,0.0,0.0,0.0,0.0,1.0,0.0,0.0,0.0,9.0,4.0,0.0,0.0,0.0,0.0,0.0,0.0,0.0,0.0,4.0,12.0,1.0,12.17,5.01,2.51,1.49,0.0,0.0,0.0,0.4,0.0,-0.3,1.1,-0.2,-169.60000000000002,0.0,0.0,169.60000000000002,0.0,21.8,29.9,29.9,30.5,300.0,300.0,31.200000000000003,35.1,29.700000000000003,28.9,30.700000000000003,4.95,2.0,4.96,0.17,0.0,0.0,1027.0,8228.0,0.0,0.0,0.0,0.0,0.0,1.0,0.0,0.0,0.0,0.0,0.0,1.1,0.0,0.4,0.0,0.0001,16.0,25903.0
2026-07-30T19:00:03.028Z,172.511,172.524,0.0,7.4,0.0,0.0,0.0,0.0,0.0,0.0,0.0,0.0,1.0,0.0,0.0,0.0,9.0,4.0,0.0,0.0,0.0,0.0,0.0,0.0,0.0,0.0,5.0,12.0,1.0,12.17,5.01,2.51,1.49,0.0,0.0,0.0,0.4,0.0,-0.3,0.5,0.2,-169.60000000000002,0.0,0.0,169.60000000000002,0.0,21.8,29.9,29.9,30.5,300.0,300.0,31.200000000000003,35.1,29.700000000000003,28.9,30.700000000000003,4.96,2.0,4.96,0.16,0.0,0.0,1027.0,8228.0,0.0,0.0,0.0,0.0,0.0,1.0,0.0,0.0,0.0,0.0,0.0,0.8,0.0,-0.1,0.0,0.0001,16.0,25903.0
2026-07-30T19:00:03.039Z,172.522,172.536,0.0,7.4,0.0,0.0,0.0,0.0,0.0,0.0,0.0,0.0,1.0,0.0,0.0,0.0,9.0,4.0,0.0,0.0,0.0,0.0,0.0,0.0,0.0,0.0,6.0,12.0,1.0,12.17,5.01,2.51,1.49,0.0,0.0,0.0,0.4,0.0,-0.3,0.0,-0.3,-169.60000000000002,0.0,0.0,169.60000000000002,0.0,21.8,29.9,29.9,30.5,300.0,300.0,31.200000000000003,35.1,29.700000000000003,28.9,30.700000000000003,4.95,2.0,4.96,0.16,0.0,0.0,1027.0,8228.0,0.0,0.0,0.0,0.0,0.0,1.0,0.0,0.0,0.0,0.0,0.0,-0.2,0.0,0.2,0.0,0.0001,16.0,25903.0
2026-07-30T19:00:03.052Z,172.535,172.548,0.0,7.4,0.0,0.0,0.0,0.0,0.0,0.0,0.0,0.0,1.0,0.0,0.0,0.0,9.0,4.0,0.0,0.0,0.0,0.0,0.0,0.0,0.0,0.0,1.0,12.0,1.0,12.17,5.01,2.51,1.49,0.0,0.0,0.0,0.4,0.0,0.2,-0.5,0.8,-169.60000000000002,0.0,0.0,169.60000000000002,0.0,21.8,29.9,29.9,30.5,300.0,300.0,31.200000000000003,35.1,29.700000000000003,28.9,30.700000000000003,4.96,1.99,4.97,0.16,0.0,0.0,1027.0,8228.0,0.0,0.0,0.0,0.0,0.0,1.0,0.0,0.0,0.0,0.0,0.0,0.0,0.0,-0.8,0.0,0.0,16.0,25903.0
2026-07-30T19:00:03.064Z,172.547,172.56,0.0,7.4,0.0,0.0,0.0,0.0,0.0,0.0,0.0,0.0,1.0,0.0,0.0,0.0,9.0,4.0,0.0,0.0,0.0,0.0,0.0,0.0,0.0,0.0,2.0,12.0,1.0,12.17,5.01,2.51,1.49,0.0,0.0,0.0,0.4,0.0,-0.3,0.0,-0.8,-169.60000000000002,0.0,0.0,169.70000000000002,0.0,21.8,29.9,29.9,30.5,300.0,300.0,31.200000000000003,35.1,29.700000000000003,28.9,30.700000000000003,4.96,1.99,4.96,0.16,0.0,0.0,1027.0,8228.0,0.0,0.0,0.0,0.0,0.0,1.0,0.0,0.0,0.0,0.0,0.0,-0.2,0.0,0.2,0.0,0.0,16.0,25903.0
2026-07-30T19:00:03.075Z,172.558,172.572,0.0,7.4,0.0,0.0,0.0,0.0,0.0,0.0,0.0,0.0,1.0,0.0,0.0,0.0,9.0,4.0,0.0,0.0,0.0,0.0,0.0,0.0,0.0,0.0,4.0,12.0,1.0,12.17,5.01,2.51,1.49,0.0,0.0,0.0,0.4,0.0,0.8,0.5,-0.2,-169.60000000000002,0.0,0.0,169.70000000000002,0.0,21.8,29.9,29.9,30.5,300.0,300.0,31.200000000000003,35.1,29.700000000000003,28.9,30.700000000000003,4.96,1.99,4.96,0.16,0.0,0.0,1027.0,8228.0,0.0,0.0,0.0,0.0,0.0,1.0,0.0,0.0,0.0,0.0,0.0,0.4,0.0,0.3,0.0,0.0002,16.0,25903.0
2026-07-30T19:00:03.088Z,172.571,172.584,0.0,7.4,0.0,0.0,0.0,0.0,0.0,0.0,0.0,0.0,1.0,0.0,0.0,0.0,9.0,4.0,0.0,0.0,0.0,0.0,0.0,0.0,0.0,0.0,5.0,12.0,1.0,12.18,5.0200000000000005,2.51,1.5,0.0,0.0,0.0,0.4,0.0,0.8,0.0,0.2,-169.60000000000002,0.0,0.0,169.70000000000002,0.0,20.9,29.9,29.9,30.5,300.0,300.0,31.200000000000003,35.0,29.6,28.9,30.700000000000003,4.95,1.99,4.97,0.16,0.0,0.0,1027.0,8228.0,0.0,0.0,0.0,0.0,0.0,1.0,0.0,0.0,0.0,0.0,0.0,-2.0,0.0,0.5,0.0,0.0001,16.0,25903.0
2026-07-30T19:00:03.099Z,172.582,172.596,0.0,7.4,0.0,0.0,0.0,0.0,0.0,0.0,0.0,0.0,1.0,0.0,0.0,0.0,9.0,4.0,0.0,0.0,0.0,0.0,0.0,0.0,0.0,0.0,6.0,12.0,1.0,12.18,5.0200000000000005,2.51,1.5,0.0,0.0,0.0,0.4,0.0,0.2,0.0,-0.3,-169.60000000000002,0.0,0.0,169.70000000000002,0.0,20.9,29.9,29.9,30.5,300.0,300.0,31.200000000000003,35.0,29.6,28.9,30.700000000000003,4.96,1.99,4.96,0.16,0.0,0.0,1027.0,8228.0,0.0,0.0,0.0,0.0,0.0,1.0,0.0,0.0,0.0,0.0,0.0,1.4,0.0,-1.8,0.0,0.0,16.0,25903.0
2026-07-30T19:00:03.111Z,172.594,172.608,0.0,7.4,0.0,0.0,0.0,0.0,0.0,0.0,0.0,0.0,1.0,0.0,0.0,0.0,9.0,4.0,0.0,0.0,0.0,0.0,0.0,0.0,0.0,0.0,2.0,12.0,1.0,12.18,5.0200000000000005,2.51,1.5,0.0,0.0,0.0,0.4,0.0,-0.3,-0.6000000000000001,-0.9,-169.60000000000002,0.0,0.0,169.70000000000002,0.0,20.9,29.9,29.9,30.5,300.0,300.0,31.200000000000003,35.0,29.6,28.9,30.700000000000003,4.96,1.99,4.97,0.16,0.0,0.0,1027.0,8228.0,0.0,0.0,0.0,0.0,0.0,1.0,0.0,0.0,0.0,0.0,0.0,-0.7000000000000001,0.0,0.7000000000000001,0.0,0.0,16.0,25903.0
2026-07-30T19:00:03.124Z,172.607,172.62,0.0,7.4,0.0,0.0,0.0,0.0,0.0,0.0,0.0,0.0,1.0,0.0,0.0,0.0,9.0,4.0,0.0,0.0,0.0,0.0,0.0,0.0,0.0,0.0,3.0,12.0,1.0,12.18,5.0200000000000005,2.51,1.5,0.0,0.0,0.0,0.4,0.0,0.2,-0.6000000000000001,-2.0,-169.60000000000002,0.0,0.0,169.70000000000002,0.0,20.9,29.9,29.9,30.5,300.0,300.0,31.200000000000003,35.0,29.6,28.9,30.700000000000003,4.95,1.99,4.97,0.16,0.0,0.0,1027.0,8228.0,0.0,0.0,0.0,0.0,0.0,1.0,0.0,0.0,0.0,0.0,0.0,1.5,0.0,0.0,0.0,0.0,16.0,25903.0
2026-07-30T19:00:03.136Z,172.619,172.632,0.0,7.4,0.0,0.0,0.0,0.0,0.0,0.0,0.0,0.0,1.0,0.0,0.0,0.0,9.0,4.0,0.0,0.0,0.0,0.0,0.0,0.0,0.0,0.0,5.0,12.0,1.0,12.18,5.0200000000000005,2.51,1.5,0.0,0.0,0.0,0.4,0.0,-0.3,0.5,0.8,-169.60000000000002,0.0,0.0,169.8,0.0,20.9,29.9,29.9,30.5,300.0,300.0,31.200000000000003,35.0,29.6,28.9,30.700000000000003,4.95,1.99,4.97,0.16,0.0,0.0,1027.0,8228.0,0.0,0.0,0.0,0.0,0.0,1.0,0.0,0.0,0.0,0.0,0.0,1.3,0.0,-0.6000000000000001,0.0,0.0002,16.0,25903.0
2026-07-30T19:00:03.148Z,172.631,172.644,0.0,7.4,0.0,0.0,0.0,0.0,0.0,0.0,0.0,0.0,1.0,0.0,0.0,0.0,9.0,4.0,0.0,0.0,0.0,0.0,0.0,0.0,0.0,0.0,6.0,12.0,1.0,12.18,5.0200000000000005,2.51,1.5,0.0,0.1,0.0,0.4,0.0,-0.3,-0.5,-1.4,-169.60000000000002,0.0,0.0,169.8,0.0,20.9,29.9,29.9,30.5,300.0,300.0,31.200000000000003,35.0,29.6,28.9,30.700000000000003,4.96,2.0,4.96,0.16,0.0,0.0,1027.0,8228.0,0.0,0.0,0.0,0.0,0.0,1.0,0.0,0.0,0.0,0.0,0.0,-1.7000000000000002,0.0,1.1,0.0,0.0001,16.0,25903.0
2026-07-30T19:00:03.160Z,172.643,172.656,0.0,7.4,0.0,0.0,0.0,0.0,0.0,0.0,0.0,0.0,1.0,0.0,0.0,0.0,9.0,4.0,0.0,0.0,0.0,0.0,0.0,0.0,0.0,0.0,1.0,12.0,1.0,12.18,5.0200000000000005,2.51,1.5,0.0,0.0,0.0,0.4,0.0,-0.3,0.5,-0.2,-169.60000000000002,0.0,0.0,169.8,0.0,20.9,29.9,29.9,30.5,300.0,300.0,31.200000000000003,35.0,29.6,28.9,30.700000000000003,4.96,1.99,4.97,0.16,0.0,0.0,1027.0,8228.0,0.0,0.0,0.0,0.0,0.0,1.0,0.0,0.0,0.0,0.0,0.0,0.4,0.0,0.3,0.0,0.0,16.0,25903.0
2026-07-30T19:00:03.171Z,172.654,172.668,0.0,7.4,0.0,0.0,0.0,0.0,0.0,0.0,0.0,0.0,1.0,0.0,0.0,0.0,9.0,4.0,0.0,0.0,0.0,0.0,0.0,0.0,0.0,0.0,2.0,12.0,1.0,12.18,5.0200000000000005,2.51,1.5,0.0,0.0,0.0,0.4,0.0,-0.9,0.0,-0.2,-169.60000000000002,0.0,0.0,169.70000000000002,0.0,20.9,29.9,29.9,30.5,300.0,300.0,31.200000000000003,35.0,29.6,28.9,30.700000000000003,4.95,2.0,4.97,0.16,0.0,0.0,1027.0,8228.0,0.0,0.0,0.0,0.0,0.0,1.0,0.0,0.0,0.0,0.0,0.0,-0.2,0.0,0.2,0.0,0.0001,16.0,25903.0
2026-07-30T19:00:03.183Z,172.666,172.68,0.0,7.4,0.0,0.0,0.0,0.0,0.0,0.0,0.0,0.0,1.0,0.0,0.0,0.0,9.0,4.0,0.0,0.0,0.0,0.0,0.0,0.0,0.0,0.0,3.0,12.0,1.0,12.18,5.01,2.5,1.49,0.0,0.0,0.0,0.4,0.0,-1.0,-1.2000000000000002,0.8,-169.60000000000002,0.0,0.0,169.70000000000002,0.0,22.1,29.9,29.9,30.5,300.0,300.0,31.200000000000003,35.0,29.6,29.0,30.8,4.96,2.0,4.96,0.16,0.0,0.0,1027.0,8228.0,0.0,0.0,0.0,0.0,0.0,1.0,0.0,0.0,0.0,0.0,0.0,-0.7000000000000001,0.0,-1.0,0.0,0.0002,16.0,25903.0
2026-07-30T19:00:03.195Z,172.678,172.692,0.0,7.4,0.0,0.0,0.0,0.0,0.0,0.0,0.0,0.0,1.0,0.0,0.0,0.0,9.0,4.0,0.0,0.0,0.0,0.0,0.0,0.0,0.0,0.0,4.0,12.0,1.0,12.18,5.01,2.5,1.49,0.0,0.0,0.0,0.4,0.0,0.1,0.0,0.8,-169.60000000000002,0.0,0.0,169.70000000000002,0.0,22.1,29.9,29.9,30.5,300.0,300.0,31.200000000000003,35.0,29.6,29.0,30.8,4.96,2.0,4.96,0.16,0.0,0.0,1027.0,8228.0,0.0,0.0,0.0,0.0,0.0,1.0,0.0,0.0,0.0,0.0,0.0,0.5,0.0,-0.7000000000000001,0.0,0.0,16.0,25903.0
2026-07-30T19:00:03.208Z,172.691,172.704,0.0,7.4,0.0,0.0,0.0,0.0,0.0,0.0,0.0,0.0,1.0,0.0,0.0,0.0,9.0,4.0,0.0,0.0,0.0,0.0,0.0,0.0,0.0,0.0,5.0,12.0,1.0,12.18,5.01,2.5,1.49,0.0,0.0,0.0,0.4,0.0,-0.4,-0.5,-2.0,-169.70000000000002,0.0,0.0,169.8,0.0,22.1,29.9,29.9,30.5,300.0,300.0,31.200000000000003,35.0,29.6,29.0,30.8,4.96,1.99,4.97,0.16,0.0,0.0,1027.0,8228.0,0.0,0.0,0.0,0.0,0.0,1.0,0.0,0.0,0.0,0.0,0.0,-2.2,0.0,1.6,0.0,0.0,16.0,25903.0
2026-07-30T19:00:03.219Z,172.702,172.716,0.0,7.4,0.0,0.0,0.0,0.0,0.0,0.0,0.0,0.0,1.0,0.0,0.0,0.0,9.0,4.0,0.0,0.0,0.0,0.0,0.0,0.0,0.0,0.0,6.0,12.0,1.0,12.18,5.01,2.5,1.49,0.0,0.0,0.0,0.4,0.0,0.7000000000000001,0.0,-0.2,-169.70000000000002,0.0,0.0,169.70000000000002,0.0,22.1,29.9,29.9,30.5,300.0,300.0,31.200000000000003,35.0,29.6,29.0,30.8,4.95,1.99,4.97,0.16,0.0,0.0,1027.0,8228.0,0.0,0.0,0.0,0.0,0.0,1.0,0.0,0.0,0.0,0.0,0.0,-0.2,0.0,0.2,0.0,0.0,16.0,25903.0
2026-07-30T19:00:03.231Z,172.714,172.728,0.0,7.4,0.0,0.0,0.0,0.0,0.0,0.0,0.0,0.0,1.0,0.0,0.0,0.0,9.0,4.0,0.0,0.0,0.0,0.0,0.0,0.0,0.0,0.0,2.0,12.0,1.0,12.18,5.01,2.5,1.49,0.0,0.0,0.0,0.4,0.0,-0.9,-0.5,0.9,-169.70000000000002,0.0,0.0,169.70000000000002,0.0,22.1,29.9,29.9,30.5,300.0,300.0,31.200000000000003,35.0,29.6,29.0,30.8,4.96,1.99,4.96,0.16,0.0,0.0,1027.0,8228.0,0.0,0.0,0.0,0.0,0.0,1.0,0.0,0.0,0.0,0.0,0.0,0.0,0.0,-0.9,0.0,0.0,16.0,25903.0
2026-07-30T19:00:03.250Z,172.733,172.74,0.0,7.4,0.0,0.0,0.0,0.0,0.0,0.0,0.0,0.0,1.0,0.0,0.0,0.0,9.0,4.0,0.0,0.0,0.0,0.0,0.0,0.0,0.0,0.0,3.0,12.0,1.0,12.18,5.01,2.5,1.49,0.0,0.0,0.0,0.4,0.0,0.1,-0.5,-0.2,-169.70000000000002,0.0,0.0,169.70000000000002,0.0,22.1,29.9,29.9,30.5,300.0,300.0,31.200000000000003,35.0,29.6,29.0,30.8,4.95,1.99,4.97,0.16,0.0,0.0,1027.0,8228.0,0.0,0.0,0.0,0.0,0.0,1.0,0.0,0.0,0.0,0.0,0.0,-0.8,0.0,0.0,0.0,0.0001,16.0,25903.0
2026-07-30T19:00:03.255Z,172.738,172.752,0.0,7.4,0.0,0.0,0.0,0.0,0.0,0.0,0.0,0.0,1.0,0.0,0.0,0.0,9.0,4.0,0.0,0.0,0.0,0.0,0.0,0.0,0.0,0.0,6.0,12.0,1.0,12.18,5.01,2.5,1.49,0.0,0.0,0.0,0.4,0.0,-0.3,1.1,-0.2,-169.70000000000002,0.0,0.0,169.8,0.0,22.1,29.9,29.9,30.5,300.0,300.0,31.200000000000003,35.0,29.6,29.0,30.8,4.95,1.99,4.96,0.16,0.0,0.0,1027.0,8228.0,0.0,0.0,0.0,0.0,0.0,1.0,0.0,0.0,0.0,0.0,0.0,1.1,0.0,0.4,0.0,0.0001,16.0,25903.0
2026-07-30T19:00:03.267Z,172.75,172.764,0.0,7.4,0.0,0.0,0.0,0.0,0.0,0.0,0.0,0.0,1.0,0.0,0.0,0.0,9.0,4.0,0.0,0.0,0.0,0.0,0.0,0.0,0.0,0.0,1.0,12.0,1.0,12.18,5.01,2.5,1.49,0.0,0.1,0.0,0.4,0.0,0.8,-0.5,0.3,-169.70000000000002,0.0,0.0,169.8,0.0,22.1,29.9,29.9,30.5,300.0,300.0,31.200000000000003,35.0,29.6,29.0,30.8,4.96,1.99,4.96,0.16,0.0,0.0,1027.0,8228.0,0.0,0.0,0.0,0.0,0.0,1.0,0.0,0.0,0.0,0.0,0.0,-0.3,0.0,-0.4,0.0,0.0001,16.0,25903.0
2026-07-30T19:00:03.280Z,172.763,172.776,0.0,7.4,0.0,0.0,0.0,0.0,0.0,0.0,0.0,0.0,1.0,0.0,0.0,0.0,9.0,4.0,0.0,0.0,0.0,0.0,0.0,0.0,0.0,0.0,2.0,12.0,1.0,12.18,5.01,2.5,1.49,0.0,0.0,0.0,0.4,0.0,0.8,0.0,-0.1,-169.70000000000002,0.0,0.0,169.70000000000002,0.0,22.1,29.9,29.9,30.5,300.0,300.0,31.200000000000003,35.0,29.6,29.0,30.8,4.96,1.99,4.96,0.16,0.0,0.0,1027.0,8228.0,0.0,0.0,0.0,0.0,0.0,1.0,0.0,0.0,0.0,0.0,0.0,0.0,0.0,0.1,0.0,0.0001,16.0,25903.0
2026-07-30T19:00:03.291Z,172.774,172.788,0.0,7.4,0.0,0.0,0.0,0.0,0.0,0.0,0.0,0.0,1.0,0.0,0.0,0.0,9.0,4.0,0.0,0.0,0.0,0.0,0.0,0.0,0.0,0.0,3.0,12.0,1.0,12.17,5.01,2.51,1.49,0.0,0.0,0.0,0.4,0.0,-0.9,-0.5,-0.1,-169.70000000000002,0.0,0.0,169.70000000000002,0.0,21.3,29.9,29.9,30.5,300.0,300.0,31.200000000000003,35.1,29.6,28.9,30.8,4.95,1.99,4.97,0.16,0.0,0.0,1027.0,8228.0,0.0,0.0,0.0,0.0,0.0,1.0,0.0,0.0,0.0,0.0,0.0,-0.7000000000000001,0.0,0.0,0.0,0.0,16.0,25903.0
2026-07-30T19:00:03.304Z,172.787,172.8,0.0,7.4,0.0,0.0,0.0,0.0,0.0,0.0,0.0,0.0,1.0,0.0,0.0,0.0,9.0,4.0,0.0,0.0,0.0,0.0,0.0,0.0,0.0,0.0,4.0,12.0,1.0,12.17,5.01,2.51,1.49,0.0,0.1,0.0,0.4,0.0,-0.3,0.0,-0.7000000000000001,-169.70000000000002,0.0,0.0,169.70000000000002,0.0,21.3,29.9,29.9,30.5,300.0,300.0,31.200000000000003,35.1,29.6,28.9,30.8,4.95,1.99,4.96,0.16,0.0,0.0,1027.0,8228.0,0.0,0.0,0.0,0.0,0.0,1.0,0.0,0.0,0.0,0.0,0.0,-0.5,0.0,0.7000000000000001,0.0,0.0001,16.0,25903.0
2026-07-30T19:00:03.315Z,172.798,172.812,0.0,7.4,0.0,0.0,0.0,0.0,0.0,0.0,0.0,0.0,1.0,0.0,0.0,0.0,9.0,4.0,0.0,0.0,0.0,0.0,0.0,0.0,0.0,0.0,6.0,12.0,1.0,12.17,5.01,2.51,1.49,0.0,0.0,0.0,0.4,0.0,-0.9,-0.5,-1.3,-169.70000000000002,0.0,0.0,169.8,0.0,21.3,29.9,29.9,30.5,300.0,300.0,31.200000000000003,35.1,29.6,28.9,30.8,4.96,2.0,4.96,0.16,0.0,0.0,1027.0,8228.0,0.0,0.0,0.0,0.0,0.0,1.0,0.0,0.0,0.0,0.0,0.0,-1.6,0.0,1.1,0.0,0.0001,16.0,25903.0
2026-07-30T19:00:03.328Z,172.811,172.824,0.0,7.4,0.0,0.0,0.0,0.0,0.0,0.0,0.0,0.0,1.0,0.0,0.0,0.0,9.0,4.0,0.0,0.0,0.0,0.0,0.0,0.0,0.0,0.0,1.0,12.0,1.0,12.17,5.01,2.51,1.49,0.0,0.0,0.0,0.4,0.0,-0.3,-0.5,-0.2,-169.70000000000002,0.0,0.0,169.8,0.0,21.3,29.9,29.9,30.5,300.0,300.0,31.200000000000003,35.1,29.6,28.9,30.8,4.95,2.0,4.96,0.16,0.0,0.0,1027.0,8228.0,0.0,0.0,0.0,0.0,0.0,1.0,0.0,0.0,0.0,0.0,0.0,-0.8,0.0,0.0,0.0,0.0001,16.0,25903.0
2026-07-30T19:00:03.340Z,172.823,172.836,0.0,7.4,0.0,0.0,0.0,0.0,0.0,0.0,0.0,0.0,1.0,0.0,0.0,0.0,9.0,4.0,0.0,0.0,0.0,0.0,0.0,0.0,0.0,0.0,2.0,12.0,1.0,12.17,5.01,2.51,1.49,0.0,0.0,0.0,0.4,0.0,0.2,0.0,0.3,-169.70000000000002,0.0,0.0,169.70000000000002,0.0,21.3,29.9,29.9,30.5,300.0,300.0,31.200000000000003,35.1,29.6,28.9,30.8,4.96,1.99,4.97,0.16,0.0,0.0,1027.0,8228.0,0.0,0.0,0.0,0.0,0.0,1.0,0.0,0.0,0.0,0.0,0.0,0.3,0.0,-0.3,0.0,0.0,16.0,25903.0
2026-07-30T19:00:03.352Z,172.835,172.848,0.0,7.4,0.0,0.0,0.0,0.0,0.0,0.0,0.0,0.0,1.0,0.0,0.0,0.0,9.0,4.0,0.0,0.0,0.0,0.0,0.0,0.0,0.0,0.0,4.0,12.0,1.0,12.17,5.01,2.51,1.49,0.0,0.1,0.0,0.4,0.0,0.2,-0.5,-0.7000000000000001,-169.70000000000002,0.0,0.0,169.8,0.0,21.3,29.9,29.9,30.5,300.0,300.0,31.200000000000003,35.1,29.6,28.9,30.8,4.96,2.0,4.96,0.16,0.0,0.0,1027.0,8228.0,0.0,0.0,0.0,0.0,0.0,1.0,0.0,0.0,0.0,0.0,0.0,-1.2000000000000002,0.0,0.5,0.0,0.0001,16.0,25903.0
2026-07-30T19:00:03.364Z,172.847,172.86,0.0,7.4,0.0,0.0,0.0,0.0,0.0,0.0,0.0,0.0,1.0,0.0,0.0,0.0,9.0,4.0,0.0,0.0,0.0,0.0,0.0,0.0,0.0,0.0,4.0,12.0,1.0,12.17,5.01,2.51,1.49,0.0,0.0,0.0,0.4,0.0,-0.3,-0.5,-0.7000000000000001,-169.70000000000002,0.0,0.0,169.70000000000002,0.0,21.3,29.9,29.9,30.5,300.0,300.0,31.200000000000003,35.1,29.6,28.9,30.8,4.96,1.99,4.96,0.16,0.0,0.0,1027.0,8228.0,0.0,0.0,0.0,0.0,0.0,1.0,0.0,0.0,0.0,0.0,0.0,-1.2000000000000002,0.0,0.5,0.0,0.0002,16.0,25903.0
2026-07-30T19:00:03.376Z,172.859,172.872,0.0,7.4,0.0,0.0,0.0,0.0,0.0,0.0,0.0,0.0,1.0,0.0,0.0,0.0,9.0,4.0,0.0,0.0,0.0,0.0,0.0,0.0,0.0,0.0,5.0,12.0,1.0,12.17,5.01,2.51,1.49,0.0,0.0,0.0,0.4,0.0,0.2,-0.5,-1.3,-169.70000000000002,0.0,0.0,169.8,0.0,21.3,29.9,29.9,30.5,300.0,300.0,31.200000000000003,35.1,29.6,28.9,30.8,4.95,1.99,4.97,0.16,0.0,0.0,1027.0,8228.0,0.0,0.0,0.0,0.0,0.0,1.0,0.0,0.0,0.0,0.0,0.0,-1.6,0.0,1.1,0.0,0.0002,16.0,25903.0
2026-07-30T19:00:03.387Z,172.87,172.884,0.0,7.4,0.0,0.0,0.0,0.0,0.0,0.0,0.0,0.0,1.0,0.0,0.0,0.0,9.0,4.0,0.0,0.0,0.0,0.0,0.0,0.0,0.0,0.0,1.0,12.0,1.0,12.18,5.01,2.51,1.49,0.0,0.0,0.0,0.4,0.0,-0.3,-1.7000000000000002,-0.7000000000000001,-169.70000000000002,0.0,0.0,169.8,0.0,21.4,29.9,29.9,30.5,300.0,300.0,31.200000000000003,35.1,29.6,28.9,30.8,4.95,1.99,4.96,0.16,0.0,0.0,1027.0,8228.0,0.0,0.0,0.0,0.0,0.0,1.0,0.0,0.0,0.0,0.0,0.0,-2.5,0.0,0.3,0.0,0.0,16.0,25903.0
2026-07-30T19:00:03.399Z,172.882,172.89600000000002,0.0,7.4,0.0,0.0,0.0,0.0,0.0,0.0,0.0,0.0,1.0,0.0,0.0,0.0,9.0,4.0,0.0,0.0,0.0,0.0,0.0,0.0,0.0,0.0,2.0,12.0,1.0,12.18,5.01,2.51,1.49,0.0,0.0,0.0,0.4,0.0,0.8,0.6000000000000001,-0.1,-169.70000000000002,0.0,0.0,169.70000000000002,0.0,21.4,29.9,29.9,30.5,300.0,300.0,31.200000000000003,35.1,29.6,28.9,30.8,4.95,1.99,4.97,0.16,0.0,0.0,1027.0,8228.0,0.0,0.0,0.0,0.0,0.0,1.0,0.0,0.0,0.0,0.0,0.0,0.5,0.0,0.2,0.0,0.0001,16.0,25903.0
2026-07-30T19:00:03.411Z,172.894,172.90800000000002,0.0,7.4,0.0,0.0,0.0,0.0,0.0,0.0,0.0,0.0,1.0,0.0,0.0,0.0,9.0,4.0,0.0,0.0,0.0,0.0,0.0,0.0,0.0,0.0,3.0,12.0,1.0,12.18,5.01,2.51,1.49,0.0,0.0,0.0,0.4,0.0,0.2,0.0,0.4,-169.70000000000002,0.0,0.0,169.8,0.0,21.4,29.9,29.9,30.5,300.0,300.0,31.200000000000003,35.1,29.6,28.9,30.8,4.95,1.99,4.97,0.16,0.0,0.0,1027.0,8228.0,0.0,0.0,0.0,0.0,0.0,1.0,0.0,0.0,0.0,0.0,0.0,0.3,0.0,-0.3,0.0,0.0002,16.0,25903.0
2026-07-30T19:00:03.423Z,172.906,172.92000000000002,0.0,7.4,0.0,0.0,0.0,0.0,0.0,0.0,0.0,0.0,1.0,0.0,0.0,0.0,9.0,4.0,0.0,0.0,0.0,0.0,0.0,0.0,0.0,0.0,5.0,12.0,1.0,12.18,5.01,2.51,1.49,0.0,0.0,0.0,0.4,0.0,-0.8,-1.0,-0.7000000000000001,-169.70000000000002,0.0,0.0,169.8,0.0,21.4,29.9,29.9,30.5,300.0,300.0,31.200000000000003,35.1,29.6,28.9,30.8,4.96,1.99,4.97,0.16,0.0,0.0,1027.0,8228.0,0.0,0.0,0.0,0.0,0.0,1.0,0.0,0.0,0.0,0.0,0.0,-1.7000000000000002,0.0,0.4,0.0,0.0001,16.0,25903.0
2026-07-30T19:00:03.436Z,172.919,172.93200000000002,0.0,7.4,0.0,0.0,0.0,0.0,0.0,0.0,0.0,0.0,1.0,0.0,0.0,0.0,9.0,4.0,0.0,0.0,0.0,0.0,0.0,0.0,0.0,0.0,6.0,12.0,1.0,12.18,5.01,2.51,1.49,0.0,0.1,0.0,0.4,0.0,-0.8,-1.0,0.4,-169.70000000000002,0.0,0.0,169.70000000000002,0.0,21.4,29.9,29.9,30.5,300.0,300.0,31.200000000000003,35.1,29.6,28.9,30.8,4.95,1.99,4.96,0.16,0.0,0.0,1027.0,8228.0,0.0,0.0,0.0,0.0,0.0,1.0,0.0,0.0,0.0,0.0,0.0,-0.8,0.0,-0.5,0.0,0.0001,16.0,25903.0
2026-07-30T19:00:03.448Z,172.931,172.94400000000002,0.0,7.4,0.0,0.0,0.0,0.0,0.0,0.0,0.0,0.0,1.0,0.0,0.0,0.0,9.0,4.0,0.0,0.0,0.0,0.0,0.0,0.0,0.0,0.0,2.0,12.0,1.0,12.18,5.01,2.51,1.49,0.0,0.1,0.0,0.4,0.0,0.3,0.7000000000000001,0.5,-169.70000000000002,0.0,0.0,169.70000000000002,0.0,21.4,29.9,29.9,30.5,300.0,300.0,31.200000000000003,35.1,29.6,28.9,30.8,4.95,1.99,4.96,0.16,0.0,0.0,1027.0,8228.0,0.0,0.0,0.0,0.0,0.0,1.0,0.0,0.0,0.0,0.0,0.0,1.2000000000000002,0.0,-0.3,0.0,0.0001,16.0,25903.0
2026-07-30T19:00:03.460Z,172.943,172.95600000000002,0.0,7.4,0.0,0.0,0.0,0.0,0.0,0.0,0.0,0.0,1.0,0.0,0.0,0.0,9.0,4.0,0.0,0.0,0.0,0.0,0.0,0.0,0.0,0.0,3.0,12.0,1.0,12.18,5.01,2.51,1.49,0.0,0.0,0.0,0.5,0.0,0.3,1.2000000000000002,-0.1,-169.70000000000002,0.0,0.0,169.8,0.0,21.4,29.9,29.9,30.5,300.0,300.0,31.200000000000003,35.1,29.6,28.9,30.8,4.95,2.0,4.96,0.16,0.0,0.0,1027.0,8228.0,0.0,0.0,0.0,0.0,0.0,1.0,0.0,0.0,0.0,0.0,0.0,1.3,0.0,0.3,0.0,0.0001,16.0,25903.0
2026-07-30T19:00:03.471Z,172.954,172.96800000000002,0.0,7.4,0.0,0.0,0.0,0.0,0.0,0.0,0.0,0.0,1.0,0.0,0.0,0.0,9.0,4.0,0.0,0.0,0.0,0.0,0.0,0.0,0.0,0.0,4.0,12.0,1.0,12.18,5.01,2.51,1.49,0.0,0.0,0.0,0.4,0.0,0.3,0.1,0.0,-169.70000000000002,0.0,0.0,169.8,0.0,21.4,29.9,29.9,30.5,300.0,300.0,31.200000000000003,35.1,29.6,28.9,30.8,4.96,2.0,4.96,0.16,0.0,0.0,1027.0,8228.0,0.0,0.0,0.0,0.0,0.0,1.0,0.0,0.0,0.0,0.0,0.0,0.1,0.0,0.1,0.0,0.0002,16.0,25903.0
2026-07-30T19:00:03.483Z,172.966,172.98,0.0,7.4,0.0,0.0,0.0,0.0,0.0,0.0,0.0,0.0,1.0,0.0,0.0,0.0,9.0,4.0,0.0,0.0,0.0,0.0,0.0,0.0,0.0,0.0,5.0,12.0,1.0,12.18,5.01,2.51,1.49,0.0,0.0,0.0,0.4,0.0,1.5,0.7000000000000001,2.2,-169.70000000000002,0.0,0.0,169.70000000000002,0.0,21.4,29.9,29.9,30.5,300.0,300.0,31.200000000000003,35.1,29.6,28.9,30.8,4.95,1.99,4.97,0.16,0.0,0.0,1027.0,8228.0,0.0,0.0,0.0,0.0,0.0,1.0,0.0,0.0,0.0,0.0,0.0,2.5,0.0,-1.8,0.0,0.0001,16.0,25903.0
2026-07-30T19:00:03.496Z,172.979,172.992,0.0,7.4,0.0,0.0,0.0,0.0,0.0,0.0,0.0,0.0,1.0,0.0,0.0,0.0,9.0,4.0,0.0,0.0,0.0,0.0,0.0,0.0,0.0,0.0,6.0,12.0,1.0,12.18,5.0200000000000005,2.51,1.49,0.0,0.0,0.0,0.4,0.0,0.3,0.1,-0.6000000000000001,-169.70000000000002,0.0,0.0,169.8,0.0,21.700000000000003,29.9,29.9,30.5,300.0,300.0,31.3,35.1,29.6,29.0,30.8,4.95,1.99,4.97,0.16,0.0,0.0,1027.0,8228.0,0.0,0.0,0.0,0.0,0.0,1.0,0.0,0.0,0.0,0.0,0.0,-0.3,0.0,0.6000000000000001,0.0,0.0001,16.0,25903.0
2026-07-30T19:00:03.507Z,172.99,173.004,0.0,7.4,0.0,0.0,0.0,0.0,0.0,0.0,0.0,0.0,1.0,0.0,0.0,0.0,9.0,4.0,0.0,0.0,0.0,0.0,0.0,0.0,0.0,0.0,1.0,12.0,1.0,12.18,5.0200000000000005,2.51,1.49,0.0,0.1,0.0,0.4,0.0,0.8,0.6000000000000001,0.5,-169.70000000000002,0.0,0.0,169.70000000000002,0.0,21.700000000000003,29.9,29.9,30.5,300.0,300.0,31.3,35.1,29.6,29.0,30.8,4.96,1.99,4.97,0.16,0.0,0.0,1027.0,8228.0,0.0,0.0,0.0,0.0,0.0,1.0,0.0,0.0,0.0,0.0,0.0,1.1,0.0,-0.3,0.0,0.0001,16.0,25903.0
2026-07-30T19:00:03.520Z,173.003,173.016,0.0,7.4,0.0,0.0,0.0,0.0,0.0,0.0,0.0,0.0,1.0,0.0,0.0,0.0,9.0,4.0,0.0,0.0,0.0,0.0,0.0,0.0,0.0,0.0,2.0,12.0,1.0,12.18,5.0200000000000005,2.51,1.49,0.0,0.1,0.0,0.4,0.0,-0.2,0.7000000000000001,1.0,-169.70000000000002,0.0,0.0,169.8,0.0,21.700000000000003,29.9,29.9,30.5,300.0,300.0,31.3,35.1,29.6,29.0,30.8,4.95,1.99,4.96,0.16,0.0,0.0,1027.0,8228.0,0.0,0.0,0.0,0.0,0.0,1.0,0.0,0.0,0.0,0.0,0.0,1.5,0.0,-0.8,0.0,0.0,16.0,25903.0
2026-07-30T19:00:03.532Z,173.015,173.028,0.0,7.4,0.0,0.0,0.0,0.0,0.0,0.0,0.0,0.0,1.0,0.0,0.0,0.0,9.0,4.0,0.0,0.0,0.0,0.0,0.0,0.0,0.0,0.0,4.0,12.0,1.0,12.18,5.0200000000000005,2.51,1.49,0.0,0.0,0.0,0.4,0.0,0.8,-0.4,-0.6000000000000001,-169.70000000000002,0.0,0.0,169.70000000000002,0.0,21.700000000000003,29.9,29.9,30.5,300.0,300.0,31.3,35.1,29.6,29.0,30.8,4.95,1.99,4.97,0.16,0.0,0.0,1027.0,8228.0,0.0,0.0,0.0,0.0,0.0,1.0,0.0,0.0,0.0,0.0,0.0,-0.9,0.0,0.4,0.0,0.0002,16.0,25903.0
2026-07-30T19:00:03.543Z,173.026,173.04,0.0,7.4,0.0,0.0,0.0,0.0,0.0,0.0,0.0,0.0,1.0,0.0,0.0,0.0,9.0,4.0,0.0,0.0,0.0,0.0,0.0,0.0,0.0,0.0,5.0,12.0,1.0,12.18,5.0200000000000005,2.51,1.49,0.0,0.0,0.0,0.4,0.0,0.9,1.3,1.1,-169.70000000000002,0.0,0.0,169.70000000000002,0.0,21.700000000000003,29.9,29.9,30.5,300.0,300.0,31.3,35.1,29.6,29.0,30.8,4.95,2.0,4.96,0.16,0.0,0.0,1027.0,8228.0,0.0,0.0,0.0,0.0,0.0,1.0,0.0,0.0,0.0,0.0,0.0,2.3000000000000003,0.0,-0.7000000000000001,0.0,0.0002,16.0,25903.0
2026-07-30T19:00:03.560Z,173.043,173.052,0.0,7.4,0.0,0.0,0.0,0.0,0.0,0.0,0.0,0.0,1.0,0.0,0.0,0.0,9.0,4.0,0.0,0.0,0.0,0.0,0.0,0.0,0.0,0.0,6.0,12.0,1.0,12.18,5.0200000000000005,2.51,1.49,0.0,0.1,0.0,0.4,0.0,0.8,0.1,0.5,-169.70000000000002,0.0,0.0,169.70000000000002,0.0,21.700000000000003,29.9,29.9,30.5,300.0,300.0,31.3,35.1,29.6,29.0,30.8,4.96,1.99,4.96,0.16,0.0,0.0,1027.0,8228.0,0.0,0.0,0.0,0.0,0.0,1.0,0.0,0.0,0.0,0.0,0.0,0.6000000000000001,0.0,-0.4,0.0,0.0001,16.0,25903.0
2026-07-30T19:00:03.569Z,173.052,173.064,0.0,7.4,0.0,0.0,0.0,0.0,0.0,0.0,0.0,0.0,1.0,0.0,0.0,0.0,9.0,4.0,0.0,0.0,0.0,0.0,0.0,0.0,0.0,0.0,5.0,12.0,1.0,12.18,5.0200000000000005,2.51,1.49,0.0,0.0,0.0,0.4,0.0,-0.2,0.2,0.0,-169.70000000000002,0.0,0.0,169.70000000000002,0.0,21.700000000000003,29.9,29.9,30.5,300.0,300.0,31.3,35.1,29.6,29.0,30.8,4.95,1.99,4.97,0.16,0.0,0.0,1027.0,8228.0,0.0,0.0,0.0,0.0,0.0,1.0,0.0,0.0,0.0,0.0,0.0,-1.5,0.0,0.3,0.0,0.0,16.0,25903.0
2026-07-30T19:00:03.579Z,173.062,173.076,0.0,7.4,0.0,0.0,0.0,0.0,0.0,0.0,0.0,0.0,1.0,0.0,0.0,0.0,9.0,4.0,0.0,0.0,0.0,0.0,0.0,0.0,0.0,0.0,4.0,12.0,1.0,12.18,5.0200000000000005,2.51,1.49,0.0,0.0,0.0,0.4,0.0,-0.2,-0.3,0.5,-169.70000000000002,0.0,0.0,169.70000000000002,0.0,21.700000000000003,29.9,29.9,30.5,300.0,300.0,31.3,35.1,29.6,29.0,30.8,4.96,1.99,4.96,0.16,0.0,0.0,1027.0,8228.0,0.0,0.0,0.0,0.0,0.0,1.0,0.0,0.0,0.0,0.0,0.0,0.0,0.0,-0.5,0.0,0.0,16.0,25903.0
2026-07-30T19:00:03.592Z,173.075,173.088,0.0,7.4,0.0,0.0,0.0,0.0,0.0,0.0,0.0,0.0,1.0,0.0,0.0,0.0,9.0,4.0,0.0,0.0,0.0,0.0,0.0,0.0,0.0,0.0,5.0,12.0,1.0,12.18,5.01,2.5,1.49,0.0,0.0,0.0,0.4,0.0,0.3,-0.9,1.1,-169.70000000000002,0.0,0.0,169.70000000000002,0.0,21.700000000000003,29.9,29.9,30.5,300.0,300.0,31.200000000000003,35.1,29.6,28.9,30.700000000000003,4.96,1.99,4.96,0.16,0.0,0.0,1027.0,8228.0,0.0,0.0,0.0,0.0,0.0,1.0,0.0,0.0,0.0,0.0,0.0,-0.2,0.0,-1.2000000000000002,0.0,0.0001,16.0,25903.0
2026-07-30T19:00:03.603Z,173.086,173.1,0.0,7.4,0.0,0.0,0.0,0.0,0.0,0.0,0.0,0.0,1.0,0.0,0.0,0.0,9.0,4.0,0.0,0.0,0.0,0.0,0.0,0.0,0.0,0.0,6.0,12.0,1.0,12.18,5.01,2.5,1.49,0.0,0.0,0.0,0.4,0.0,-0.2,0.7000000000000001,1.1,-169.70000000000002,0.0,0.0,169.8,0.0,21.700000000000003,29.9,29.9,30.5,300.0,300.0,31.200000000000003,35.1,29.6,28.9,30.700000000000003,4.95,1.99,4.96,0.16,0.0,0.0,1027.0,8228.0,0.0,0.0,0.0,0.0,0.0,1.0,0.0,0.0,0.0,0.0,0.0,0.9,0.0,0.1,0.0,0.0001,16.0,25903.0
2026-07-30T19:00:03.615Z,173.098,173.112,0.0,7.4,0.0,0.0,0.0,0.0,0.0,0.0,0.0,0.0,1.0,0.0,0.0,0.0,9.0,4.0,0.0,0.0,0.0,0.0,0.0,0.0,0.0,0.0,1.0,12.0,1.0,12.18,5.01,2.5,1.49,0.0,0.1,0.0,0.4,0.0,-0.2,-0.4,1.1,-169.70000000000002,0.0,0.0,169.70000000000002,0.0,21.700000000000003,29.9,29.9,30.5,300.0,300.0,31.200000000000003,35.1,29.6,28.9,30.700000000000003,4.95,1.99,4.97,0.16,0.0,0.0,1027.0,8228.0,0.0,0.0,0.0,0.0,0.0,1.0,0.0,0.0,0.0,0.0,0.0,-0.4,0.0,-0.1,0.0,0.0001,16.0,25903.0
2026-07-30T19:00:03.627Z,173.11,173.124,0.0,7.4,0.0,0.0,0.0,0.0,0.0,0.0,0.0,0.0,1.0,0.0,0.0,0.0,9.0,4.0,0.0,0.0,0.0,0.0,0.0,0.0,0.0,0.0,2.0,12.0,1.0,12.18,5.01,2.5,1.49,0.0,0.0,0.0,0.4,0.0,0.3,-0.4,0.0,-169.70000000000002,0.0,0.0,169.70000000000002,0.0,21.700000000000003,29.9,29.9,30.5,300.0,300.0,31.200000000000003,35.1,29.6,28.9,30.700000000000003,4.96,1.99,4.96,0.16,0.0,0.0,1027.0,8228.0,0.0,0.0,0.0,0.0,0.0,1.0,0.0,0.0,0.0,0.0,0.0,-0.6000000000000001,0.0,1.0,0.0,0.0001,16.0,25903.0
2026-07-30T19:00:03.639Z,173.122,173.136,0.0,7.4,0.0,0.0,0.0,0.0,0.0,0.0,0.0,0.0,1.0,0.0,0.0,0.0,9.0,4.0,0.0,0.0,0.0,0.0,0.0,0.0,0.0,0.0,3.0,12.0,1.0,12.18,5.01,2.5,1.49,0.0,0.0,0.0,0.4,0.0,-0.2,0.1,-0.5,-169.70000000000002,0.0,0.0,169.70000000000002,0.0,21.700000000000003,29.9,29.9,30.5,300.0,300.0,31.200000000000003,35.1,29.6,28.9,30.700000000000003,4.95,1.99,4.96,0.16,0.0,0.0,1027.0,8228.0,0.0,0.0,0.0,0.0,0.0,1.0,0.0,0.0,0.0,0.0,0.0,-0.3,0.0,0.5,0.0,0.0,16.0,25903.0
2026-07-30T19:00:03.651Z,173.134,173.148,0.0,7.4,0.0,0.0,0.0,0.0,0.0,0.0,0.0,0.0,1.0,0.0,0.0,0.0,9.0,4.0,0.0,0.0,0.0,0.0,0.0,0.0,0.0,0.0,4.0,12.0,1.0,12.18,5.01,2.5,1.49,0.0,0.0,0.0,0.5,0.0,-0.8,0.0,-0.6000000000000001,-169.70000000000002,0.0,0.0,169.70000000000002,0.0,21.700000000000003,29.9,29.9,30.5,300.0,300.0,31.200000000000003,35.1,29.6,28.9,30.700000000000003,4.95,2.0,4.96,0.16,0.0,0.0,1027.0,8228.0,0.0,0.0,0.0,0.0,0.0,1.0,0.0,0.0,0.0,0.0,0.0,-0.3,0.0,0.5,0.0,0.0,16.0,25903.0
2026-07-30T19:00:03.664Z,173.147,173.16,0.0,7.4,0.0,0.0,0.0,0.0,0.0,0.0,0.0,0.0,1.0,0.0,0.0,0.0,9.0,4.0,0.0,0.0,0.0,0.0,0.0,0.0,0.0,0.0,5.0,12.0,1.0,12.18,5.01,2.5,1.49,0.0,0.0,0.0,0.4,0.0,0.9,0.6000000000000001,1.1,-169.70000000000002,0.0,0.0,169.70000000000002,0.0,21.700000000000003,29.9,29.9,30.5,300.0,300.0,31.200000000000003,35.1,29.6,28.9,30.700000000000003,4.96,1.99,4.96,0.16,0.0,0.0,1027.0,8228.0,0.0,0.0,0.0,0.0,0.0,1.0,0.0,0.0,0.0,0.0,0.0,1.5,0.0,-0.8,0.0,0.0001,16.0,25903.0
2026-07-30T19:00:03.675Z,173.158,173.172,0.0,7.4,0.0,0.0,0.0,0.0,0.0,0.0,0.0,0.0,1.0,0.0,0.0,0.0,9.0,4.0,0.0,0.0,0.0,0.0,0.0,0.0,0.0,0.0,1.0,12.0,1.0,12.18,5.01,2.5,1.49,0.0,0.0,0.0,0.4,0.0,0.9,-0.4,1.1,-169.70000000000002,0.0,0.0,169.70000000000002,0.0,21.700000000000003,29.9,29.9,30.5,300.0,300.0,31.200000000000003,35.1,29.6,28.9,30.700000000000003,4.95,1.99,4.96,0.16,0.0,0.0,1027.0,8228.0,0.0,0.0,0.0,0.0,0.0,1.0,0.0,0.0,0.0,0.0,0.0,0.2,0.0,-1.0,0.0,0.0001,16.0,25903.0
2026-07-30T19:00:03.687Z,173.17,173.184,0.0,7.4,0.0,0.0,0.0,0.0,0.0,0.0,0.0,0.0,1.0,0.0,0.0,0.0,9.0,4.0,0.0,0.0,0.0,0.0,0.0,0.0,0.0,0.0,2.0,12.0,1.0,12.18,5.01,2.5,1.49,0.0,0.0,0.0,0.4,0.0,1.5,0.6000000000000001,0.5,-169.70000000000002,0.0,0.0,169.70000000000002,0.0,21.700000000000003,29.9,29.9,30.5,300.0,300.0,31.200000000000003,35.1,29.6,28.9,30.700000000000003,4.95,1.99,4.97,0.16,0.0,0.0,1027.0,8228.0,0.0,0.0,0.0,0.0,0.0,1.0,0.0,0.0,0.0,0.0,0.0,1.1,0.0,-0.3,0.0,0.0,16.0,25903.0
2026-07-30T19:00:03.699Z,173.182,173.196,0.0,7.4,0.0,0.0,0.0,0.0,0.0,0.0,0.0,0.0,1.0,0.0,0.0,0.0,9.0,4.0,0.0,0.0,0.0,0.0,0.0,0.0,0.0,0.0,3.0,12.0,1.0,12.17,5.0200000000000005,2.5,1.49,0.0,0.1,0.0,0.4,0.0,0.3,-0.5,0.5,-169.70000000000002,0.0,0.0,169.70000000000002,0.0,21.700000000000003,29.9,29.9,30.5,300.0,300.0,31.1,35.1,29.6,28.9,30.700000000000003,4.95,1.99,4.96,0.16,0.0,0.0,1027.0,8228.0,0.0,0.0,0.0,0.0,0.0,1.0,0.0,0.0,0.0,0.0,0.0,-0.1,0.0,-0.5,0.0,0.0,16.0,25903.0
2026-07-30T19:00:03.711Z,173.194,173.208,0.0,7.4,0.0,0.0,0.0,0.0,0.0,0.0,0.0,0.0,1.0,0.0,0.0,0.0,9.0,4.0,0.0,0.0,0.0,0.0,0.0,0.0,0.0,0.0,4.0,12.0,1.0,12.17,5.0200000000000005,2.5,1.49,0.0,0.0,0.0,0.4,0.0,0.8,0.0,1.1,-169.70000000000002,0.0,0.0,169.8,0.0,21.700000000000003,29.9,29.9,30.5,300.0,300.0,31.1,35.1,29.6,28.9,30.700000000000003,4.96,1.99,4.96,0.16,0.0,0.0,1027.0,8228.0,0.0,0.0,0.0,0.0,0.0,1.0,0.0,0.0,0.0,0.0,0.0,0.9,0.0,-1.0,0.0,0.0,16.0,25903.0
2026-07-30T19:00:03.724Z,173.207,173.22,0.0,7.4,0.0,0.0,0.0,0.0,0.0,0.0,0.0,0.0,1.0,0.0,0.0,0.0,9.0,4.0,0.0,0.0,0.0,0.0,0.0,0.0,0.0,0.0,5.0,12.0,1.0,12.17,5.0200000000000005,2.5,1.49,0.0,0.0,0.0,0.4,0.0,0.8,0.0,0.0,-169.70000000000002,0.0,0.0,169.70000000000002,0.0,21.700000000000003,29.9,29.9,30.5,300.0,300.0,31.1,35.1,29.6,28.9,30.700000000000003,4.95,1.99,4.96,0.16,0.0,0.0,1027.0,8228.0,0.0,0.0,0.0,0.0,0.0,1.0,0.0,0.0,0.0,0.0,0.0,0.0,0.0,0.0,0.0,0.0002,16.0,25903.0
2026-07-30T19:00:03.735Z,173.218,173.232,0.0,7.4,0.0,0.0,0.0,0.0,0.0,0.0,0.0,0.0,1.0,0.0,0.0,0.0,9.0,4.0,0.0,0.0,0.0,0.0,0.0,0.0,0.0,0.0,1.0,12.0,1.0,12.17,5.0200000000000005,2.5,1.49,0.0,0.0,0.0,0.4,0.0,0.3,0.6000000000000001,0.5,-169.70000000000002,0.0,0.0,169.60000000000002,0.0,21.700000000000003,29.9,29.9,30.5,300.0,300.0,31.1,35.1,29.6,28.9,30.700000000000003,4.95,1.99,4.96,0.16,0.0,0.0,1027.0,8228.0,0.0,0.0,0.0,0.0,0.0,1.0,0.0,0.0,0.0,0.0,0.0,1.2000000000000002,0.0,-0.3,0.0,0.0001,16.0,25903.0
2026-07-30T19:00:03.748Z,173.231,173.244,0.0,7.4,0.0,0.0,0.0,0.0,0.0,0.0,0.0,0.0,1.0,0.0,0.0,0.0,9.0,4.0,0.0,0.0,0.0,0.0,0.0,0.0,0.0,0.0,2.0,12.0,1.0,12.17,5.0200000000000005,2.5,1.49,0.0,0.0,0.0,0.4,0.0,0.2,1.2000000000000002,1.1,-169.70000000000002,0.0,0.0,169.8,0.0,21.700000000000003,29.9,29.9,30.5,300.0,300.0,31.1,35.1,29.6,28.9,30.700000000000003,4.95,2.0,4.97,0.16,0.0,0.0,1027.0,8228.0,0.0,0.0,0.0,0.0,0.0,1.0,0.0,0.0,0.0,0.0,0.0,2.3000000000000003,0.0,-0.7000000000000001,0.0,0.0001,16.0,25903.0
2026-07-30T19:00:03.759Z,173.242,173.256,0.0,7.4,0.0,0.0,0.0,0.0,0.0,0.0,0.0,0.0,1.0,0.0,0.0,0.0,9.0,4.0,0.0,0.0,0.0,0.0,0.0,0.0,0.0,0.0,4.0,12.0,1.0,12.17,5.0200000000000005,2.5,1.49,0.0,0.0,0.0,0.4,0.0,0.8,-0.4,0.5,-169.70000000000002,0.0,0.0,169.8,0.0,21.700000000000003,29.9,29.9,30.5,300.0,300.0,31.1,35.1,29.6,28.9,30.700000000000003,4.96,1.99,4.97,0.16,0.0,0.0,1027.0,8228.0,0.0,0.0,0.0,0.0,0.0,1.0,0.0,0.0,0.0,0.0,0.0,-0.1,0.0,-0.5,0.0,0.0002,16.0,25903.0
2026-07-30T19:00:03.772Z,173.255,173.268,0.0,7.4,0.0,0.0,0.0,0.0,0.0,0.0,0.0,0.0,1.0,0.0,0.0,0.0,9.0,4.0,0.0,0.0,0.0,0.0,0.0,0.0,0.0,0.0,5.0,12.0,1.0,12.17,5.0200000000000005,2.5,1.49,0.0,0.0,0.0,0.4,0.0,0.2,0.1,-1.2000000000000002,-169.70000000000002,0.0,0.0,169.60000000000002,0.0,21.700000000000003,29.9,29.9,30.5,300.0,300.0,31.1,35.1,29.6,28.9,30.700000000000003,4.95,1.99,4.97,0.16,0.0,0.0,1027.0,8228.0,0.0,0.0,0.0,0.0,0.0,1.0,0.0,0.0,0.0,0.0,0.0,-0.7000000000000001,0.0,1.1,0.0,0.0001,16.0,25903.0
2026-07-30T19:00:03.783Z,173.266,173.28,0.0,7.4,0.0,0.0,0.0,0.0,0.0,0.0,0.0,0.0,1.0,0.0,0.0,0.0,9.0,4.0,0.0,0.0,0.0,0.0,0.0,0.0,0.0,0.0,1.0,12.0,1.0,12.17,5.0200000000000005,2.5,1.49,0.0,0.0,0.0,0.4,0.0,-0.3,-0.4,0.0,-169.70000000000002,0.0,0.0,169.70000000000002,0.0,21.700000000000003,29.9,29.9,30.5,300.0,300.0,31.1,35.1,29.6,28.9,30.700000000000003,4.96,1.99,4.96,0.16,0.0,0.0,1027.0,8228.0,0.0,0.0,0.0,0.0,0.0,1.0,0.0,0.0,0.0,0.0,0.0,-0.5,0.0,0.0,0.0,0.0002,16.0,25903.0
2026-07-30T19:00:03.796Z,173.279,173.292,0.0,7.4,0.0,0.0,0.0,0.0,0.0,0.0,0.0,0.0,1.0,0.0,0.0,0.0,9.0,4.0,0.0,0.0,0.0,0.0,0.0,0.0,0.0,0.0,2.0,12.0,1.0,12.14,5.01,2.51,1.5,0.0,0.0,0.0,0.4,0.0,-0.2,1.8,1.0,-169.70000000000002,0.0,0.0,169.8,0.0,21.4,29.9,29.9,30.5,300.0,300.0,31.200000000000003,35.1,29.6,28.9,30.700000000000003,4.96,1.99,4.97,0.16,0.0,0.0,1027.0,8228.0,0.0,0.0,0.0,0.0,0.0,1.0,0.0,0.0,0.0,0.0,0.0,2.9000000000000004,0.0,-0.5,0.0,0.0,16.0,25903.0
2026-07-30T19:00:03.808Z,173.291,173.304,0.0,7.4,0.0,0.0,0.0,0.0,0.0,0.0,0.0,0.0,1.0,0.0,0.0,0.0,9.0,4.0,0.0,0.0,0.0,0.0,0.0,0.0,0.0,0.0,3.0,12.0,1.0,12.14,5.01,2.51,1.5,0.0,0.0,0.0,0.4,0.0,0.3,-0.4,-1.2000000000000002,-169.70000000000002,0.0,0.0,169.8,0.0,21.4,29.9,29.9,30.5,300.0,300.0,31.200000000000003,35.1,29.6,28.9,30.700000000000003,4.95,1.99,4.97,0.16,0.0,0.0,1027.0,8228.0,0.0,0.0,0.0,0.0,0.0,1.0,0.0,0.0,0.0,0.0,0.0,-1.4,0.0,1.0,0.0,0.0001,16.0,25903.0
2026-07-30T19:00:03.820Z,173.303,173.316,0.0,7.4,0.0,0.0,0.0,0.0,0.0,0.0,0.0,0.0,1.0,0.0,0.0,0.0,9.0,4.0,0.0,0.0,0.0,0.0,0.0,0.0,0.0,0.0,4.0,12.0,1.0,12.14,5.01,2.51,1.5,0.0,0.0,0.0,0.4,0.0,-0.2,0.7000000000000001,0.0,-169.70000000000002,0.0,0.0,169.70000000000002,0.0,21.4,29.9,29.9,30.5,300.0,300.0,31.200000000000003,35.1,29.6,28.9,30.700000000000003,4.95,1.99,4.96,0.16,0.0,0.0,1027.0,8228.0,0.0,0.0,0.0,0.0,0.0,1.0,0.0,0.0,0.0,0.0,0.0,0.8,0.0,0.1,0.0,0.0002,16.0,25903.0
2026-07-30T19:00:03.831Z,173.314,173.328,0.0,7.4,0.0,0.0,0.0,0.0,0.0,0.0,0.0,0.0,1.0,0.0,0.0,0.0,9.0,4.0,0.0,0.0,0.0,0.0,0.0,0.0,0.0,0.0,5.0,12.0,1.0,12.14,5.01,2.51,1.5,0.0,0.1,0.0,0.4,0.0,0.3,0.7000000000000001,1.1,-169.70000000000002,0.0,0.0,169.8,0.0,21.4,29.9,29.9,30.5,300.0,300.0,31.200000000000003,35.1,29.6,28.9,30.700000000000003,4.95,1.99,4.96,0.16,0.0,0.0,1027.0,8228.0,0.0,0.0,0.0,0.0,0.0,1.0,0.0,0.0,0.0,0.0,0.0,1.7000000000000002,0.0,-0.8,0.0,0.0001,16.0,25903.0
2026-07-30T19:00:03.844Z,173.327,173.34,0.0,7.4,0.0,0.0,0.0,0.0,0.0,0.0,0.0,0.0,1.0,0.0,0.0,0.0,9.0,4.0,0.0,0.0,0.0,0.0,0.0,0.0,0.0,0.0,1.0,12.0,1.0,12.14,5.01,2.51,1.5,0.0,0.0,0.0,0.4,0.0,-0.2,0.7000000000000001,-0.5,-169.70000000000002,0.0,0.0,169.70000000000002,0.0,21.4,29.9,29.9,30.5,300.0,300.0,31.200000000000003,35.1,29.6,28.9,30.700000000000003,4.95,1.99,4.97,0.16,0.0,0.0,1027.0,8228.0,0.0,0.0,0.0,0.0,0.0,1.0,0.0,0.0,0.0,0.0,0.0,0.4,0.0,0.6000000000000001,0.0,0.0001,16.0,25903.0
2026-07-30T19:00:03.856Z,173.339,173.352,0.0,7.4,0.0,0.0,0.0,0.0,0.0,0.0,0.0,0.0,1.0,0.0,0.0,0.0,9.0,4.0,0.0,0.0,0.0,0.0,0.0,0.0,0.0,0.0,2.0,12.0,1.0,12.14,5.01,2.51,1.5,0.0,0.0,0.0,0.4,0.0,-0.2,-0.3,1.1,-169.70000000000002,0.0,0.0,169.60000000000002,0.0,21.4,29.9,29.9,30.5,300.0,300.0,31.200000000000003,35.1,29.6,28.9,30.700000000000003,4.96,1.99,4.97,0.16,0.0,0.0,1027.0,8228.0,0.0,0.0,0.0,0.0,0.0,1.0,0.0,0.0,0.0,0.0,0.0,0.4,0.0,-1.0,0.0,0.0,16.0,25903.0
2026-07-30T19:00:03.868Z,173.351,173.364,0.0,7.4,0.0,0.0,0.0,0.0,0.0,0.0,0.0,0.0,1.0,0.0,0.0,0.0,9.0,4.0,0.0,0.0,0.0,0.0,0.0,0.0,0.0,0.0,3.0,12.0,1.0,12.14,5.01,2.51,1.5,0.0,0.0,0.0,0.4,0.0,0.3,-0.3,-0.5,-169.70000000000002,0.0,0.0,169.70000000000002,0.0,21.4,29.9,29.9,30.5,300.0,300.0,31.200000000000003,35.1,29.6,28.9,30.700000000000003,4.96,1.99,4.97,0.16,0.0,0.0,1027.0,8228.0,0.0,0.0,0.0,0.0,0.0,1.0,0.0,0.0,0.0,0.0,0.0,-0.8,0.0,0.4,0.0,0.0002,16.0,25903.0
2026-07-30T19:00:03.888Z,173.371,173.376,0.0,7.4,0.0,0.0,0.0,0.0,0.0,0.0,0.0,0.0,1.0,0.0,0.0,0.0,9.0,4.0,0.0,0.0,0.0,0.0,0.0,0.0,0.0,0.0,3.0,12.0,1.0,12.14,5.01,2.51,1.5,0.0,0.0,0.0,0.4,0.0,1.5,0.1,0.5,-169.70000000000002,0.0,0.0,169.70000000000002,0.0,21.4,29.9,29.9,30.5,300.0,300.0,31.200000000000003,35.1,29.6,28.9,30.700000000000003,4.95,1.99,4.96,0.16,0.0,0.0,1027.0,8228.0,0.0,0.0,0.0,0.0,0.0,1.0,0.0,0.0,0.0,0.0,0.0,0.6000000000000001,0.0,-0.4,0.0,0.0001,16.0,25903.0
2026-07-30T19:00:03.891Z,173.374,173.388,0.0,7.4,0.0,0.0,0.0,0.0,0.0,0.0,0.0,0.0,1.0,0.0,0.0,0.0,9.0,4.0,0.0,0.0,0.0,0.0,0.0,0.0,0.0,0.0,1.0,12.0,1.0,12.14,5.01,2.51,1.5,0.0,0.0,0.0,0.4,0.0,-0.8,0.7000000000000001,0.5,-169.70000000000002,0.0,0.0,169.60000000000002,0.0,21.4,29.9,29.9,30.5,300.0,300.0,31.200000000000003,35.1,29.6,28.9,30.700000000000003,4.95,1.99,4.96,0.16,0.0,0.0,1027.0,8228.0,0.0,0.0,0.0,0.0,0.0,1.0,0.0,0.0,0.0,0.0,0.0,1.3,0.0,-0.3,0.0,0.0,16.0,25903.0
2026-07-30T19:00:03.904Z,173.387,173.4,0.0,7.4,0.0,0.0,0.0,0.0,0.0,0.0,0.0,0.0,1.0,0.0,0.0,0.0,9.0,4.0,0.0,0.0,0.0,0.0,0.0,0.0,0.0,0.0,2.0,12.0,1.0,12.18,5.01,2.5,1.49,0.0,0.1,0.0,0.4,0.0,0.3,0.7000000000000001,1.1,-169.70000000000002,0.0,0.0,169.70000000000002,0.0,20.9,29.9,29.9,30.5,300.0,300.0,31.3,35.0,29.6,28.9,30.700000000000003,4.96,2.0,4.96,0.16,0.0,0.0,1027.0,8228.0,0.0,0.0,0.0,0.0,0.0,1.0,0.0,0.0,0.0,0.0,0.0,1.7000000000000002,0.0,-0.8,0.0,0.0,16.0,25903.0
2026-07-30T19:00:03.916Z,173.399,173.412,0.0,7.4,0.0,0.0,0.0,0.0,0.0,0.0,0.0,0.0,1.0,0.0,0.0,0.0,9.0,4.0,0.0,0.0,0.0,0.0,0.0,0.0,0.0,0.0,3.0,12.0,1.0,12.18,5.01,2.5,1.49,0.0,0.0,0.0,0.4,0.0,-0.2,0.2,0.0,-169.70000000000002,0.0,0.0,169.70000000000002,0.0,20.9,29.9,29.9,30.5,300.0,300.0,31.3,35.0,29.6,28.9,30.700000000000003,4.95,2.0,4.96,0.16,0.0,0.0,1027.0,8228.0,0.0,0.0,0.0,0.0,0.0,1.0,0.0,0.0,0.0,0.0,0.0,0.2,0.0,0.0,0.0,0.0,16.0,25903.0
2026-07-30T19:00:03.927Z,173.41,173.424,0.0,7.4,0.0,0.0,0.0,0.0,0.0,0.0,0.0,0.0,1.0,0.0,0.0,0.0,9.0,4.0,0.0,0.0,0.0,0.0,0.0,0.0,0.0,0.0,4.0,12.0,1.0,12.18,5.01,2.5,1.49,0.0,0.0,0.0,0.5,0.0,-0.1,0.2,-0.5,-169.70000000000002,0.0,0.0,169.60000000000002,0.0,20.9,29.9,29.9,30.5,300.0,300.0,31.3,35.0,29.6,28.9,30.700000000000003,4.95,1.99,4.97,0.16,0.0,0.0,1027.0,8228.0,0.0,0.0,0.0,0.0,0.0,1.0,0.0,0.0,0.0,0.0,0.0,-0.1,0.0,0.5,0.0,0.0,16.0,25903.0
2026-07-30T19:00:03.940Z,173.423,173.436,0.0,7.4,0.0,0.0,0.0,0.0,0.0,0.0,0.0,0.0,1.0,0.0,0.0,0.0,9.0,4.0,0.0,0.0,0.0,0.0,0.0,0.0,0.0,0.0,5.0,12.0,1.0,12.18,5.01,2.5,1.49,0.0,0.0,0.0,0.4,0.0,-0.1,-0.3,-1.1,-169.60000000000002,0.0,0.0,169.70000000000002,0.0,20.9,29.9,29.9,30.5,300.0,300.0,31.3,35.0,29.6,28.9,30.700000000000003,4.95,1.99,4.96,0.16,0.0,0.0,1027.0,8228.0,0.0,0.0,0.0,0.0,0.0,1.0,0.0,0.0,0.0,0.0,0.0,-1.2000000000000002,0.0,0.9,0.0,0.0,16.0,25903.0
2026-07-30T19:00:03.951Z,173.434,173.448,0.0,7.4,0.0,0.0,0.0,0.0,0.0,0.0,0.0,0.0,1.0,0.0,0.0,0.0,9.0,4.0,0.0,0.0,0.0,0.0,0.0,0.0,0.0,0.0,6.0,12.0,1.0,12.18,5.01,2.5,1.49,0.0,0.0,0.0,0.4,0.0,0.3,0.2,1.7000000000000002,-169.60000000000002,0.0,0.0,169.60000000000002,0.0,20.9,29.9,29.9,30.5,300.0,300.0,31.3,35.0,29.6,28.9,30.700000000000003,4.96,1.99,4.96,0.16,0.0,0.0,1027.0,8228.0,0.0,0.0,0.0,0.0,0.0,1.0,0.0,0.0,0.0,0.0,0.0,1.5,0.0,-1.5,0.0,0.0001,16.0,25903.0
2026-07-30T19:00:03.963Z,173.446,173.46,0.0,7.4,0.0,0.0,0.0,0.0,0.0,0.0,0.0,0.0,1.0,0.0,0.0,0.0,9.0,4.0,0.0,0.0,0.0,0.0,0.0,0.0,0.0,0.0,2.0,12.0,1.0,12.18,5.01,2.5,1.49,0.0,0.0,0.0,0.4,0.0,0.3,-0.3,0.5,-169.60000000000002,0.0,0.0,169.70000000000002,0.0,20.9,29.9,29.9,30.5,300.0,300.0,31.3,35.0,29.6,28.9,30.700000000000003,4.95,1.99,4.97,0.16,0.0,0.0,1027.0,8228.0,0.0,0.0,0.0,0.0,0.0,1.0,0.0,0.0,0.0,0.0,0.0,0.0,0.0,-0.5,0.0,0.0001,16.0,25903.0
2026-07-30T19:00:03.975Z,173.458,173.472,0.0,7.4,0.0,0.0,0.0,0.0,0.0,0.0,0.0,0.0,1.0,0.0,0.0,0.0,9.0,4.0,0.0,0.0,0.0,0.0,0.0,0.0,0.0,0.0,3.0,12.0,1.0,12.18,5.01,2.5,1.49,0.0,0.0,0.0,0.4,0.0,0.3,0.8,1.1,-169.60000000000002,0.0,0.0,169.70000000000002,0.0,20.9,29.9,29.9,30.5,300.0,300.0,31.3,35.0,29.6,28.9,30.700000000000003,4.96,1.99,4.96,0.16,0.0,0.0,1027.0,8228.0,0.0,0.0,0.0,0.0,0.0,1.0,0.0,0.0,0.0,0.0,0.0,1.7000000000000002,0.0,-0.8,0.0,0.0,16.0,25903.0
2026-07-30T19:00:03.988Z,173.471,173.484,0.0,7.4,0.0,0.0,0.0,0.0,0.0,0.0,0.0,0.0,1.0,0.0,0.0,0.0,9.0,4.0,0.0,0.0,0.0,0.0,0.0,0.0,0.0,0.0,4.0,12.0,1.0,12.18,5.01,2.5,1.49,0.0,0.0,0.0,0.4,0.0,-0.1,-0.3,-1.2000000000000002,-169.60000000000002,0.0,0.0,169.70000000000002,0.0,20.9,29.9,29.9,30.5,300.0,300.0,31.3,35.0,29.6,28.9,30.700000000000003,4.96,1.99,4.96,0.16,0.0,0.0,1027.0,8228.0,0.0,0.0,0.0,0.0,0.0,1.0,0.0,0.0,0.0,0.0,0.0,-1.3,0.0,1.0,0.0,0.0,16.0,25903.0
2026-07-30T19:00:04.000Z,173.483,173.496,0.0,7.4,0.0,0.0,0.0,0.0,0.0,0.0,0.0,0.0,1.0,0.0,0.0,0.0,9.0,4.0,0.0,0.0,0.0,0.0,0.0,0.0,0.0,0.0,5.0,12.0,1.0,12.17,5.01,2.51,1.49,0.0,0.0,0.0,0.4,0.0,0.9,-0.3,0.4,-169.60000000000002,0.0,0.0,169.70000000000002,0.0,21.3,29.9,29.9,30.5,300.0,300.0,31.3,35.1,29.6,28.9,30.8,4.95,1.99,4.96,0.16,0.0,0.0,1027.0,8228.0,0.0,0.0,0.0,0.0,0.0,1.0,0.0,0.0,0.0,0.0,0.0,0.0,0.0,-0.4,0.0,0.0,16.0,25903.0
2026-07-30T19:00:04.012Z,173.495,173.508,0.0,7.4,0.0,0.0,0.0,0.0,0.0,0.0,0.0,0.0,1.0,0.0,0.0,0.0,9.0,4.0,0.0,0.0,0.0,0.0,0.0,0.0,0.0,0.0,6.0,12.0,1.0,12.17,5.01,2.51,1.49,0.0,0.0,0.0,0.4,0.0,0.3,0.2,0.4,-169.60000000000002,0.0,0.0,169.60000000000002,0.0,21.3,29.9,29.9,30.5,300.0,300.0,31.3,35.1,29.6,28.9,30.8,4.95,1.99,4.97,0.16,0.0,0.0,1027.0,8228.0,0.0,0.0,0.0,0.0,0.0,1.0,0.0,0.0,0.0,0.0,0.0,0.5,0.0,-0.3,0.0,0.0,16.0,25903.0
2026-07-30T19:00:04.024Z,173.507,173.52,0.0,7.4,0.0,0.0,0.0,0.0,0.0,0.0,0.0,0.0,1.0,0.0,0.0,0.0,9.0,4.0,0.0,0.0,0.0,0.0,0.0,0.0,0.0,0.0,1.0,12.0,1.0,12.17,5.01,2.51,1.49,0.0,0.0,0.0,0.4,0.0,0.3,0.7000000000000001,1.0,-169.60000000000002,0.0,0.0,169.70000000000002,0.0,21.3,29.9,29.9,30.5,300.0,300.0,31.3,35.1,29.6,28.9,30.8,4.96,2.0,4.96,0.16,0.0,0.0,1027.0,8228.0,0.0,0.0,0.0,0.0,0.0,1.0,0.0,0.0,0.0,0.0,0.0,1.6,0.0,-0.7000000000000001,0.0,0.0,16.0,25903.0
2026-07-30T19:00:04.035Z,173.518,173.532,0.0,7.4,0.0,0.0,0.0,0.0,0.0,0.0,0.0,0.0,1.0,0.0,0.0,0.0,9.0,4.0,0.0,0.0,0.0,0.0,0.0,0.0,0.0,0.0,2.0,12.0,1.0,12.17,5.01,2.51,1.49,0.0,0.0,0.0,0.4,0.0,-0.2,0.7000000000000001,1.0,-169.60000000000002,0.0,0.0,169.8,0.0,21.3,29.9,29.9,30.5,300.0,300.0,31.3,35.1,29.6,28.9,30.8,4.96,2.0,4.97,0.16,0.0,0.0,1027.0,8228.0,0.0,0.0,0.0,0.0,0.0,1.0,0.0,0.0,0.0,0.0,0.0,1.6,0.0,-0.7000000000000001,0.0,0.0001,16.0,25903.0
2026-07-30T19:00:04.048Z,173.531,173.544,0.0,7.4,0.0,0.0,0.0,0.0,0.0,0.0,0.0,0.0,1.0,0.0,0.0,0.0,9.0,4.0,0.0,0.0,0.0,0.0,0.0,0.0,0.0,0.0,4.0,12.0,1.0,12.17,5.01,2.51,1.49,0.0,0.0,0.0,0.5,0.0,0.8,0.7000000000000001,-0.7000000000000001,-169.60000000000002,0.0,0.0,169.8,0.0,21.3,29.9,29.9,30.5,300.0,300.0,31.3,35.1,29.6,28.9,30.8,4.95,2.0,4.97,0.16,0.0,0.0,1027.0,8228.0,0.0,0.0,0.0,0.0,0.0,1.0,0.0,0.0,0.0,0.0,0.0,0.3,0.0,0.7000000000000001,0.0,0.0001,16.0,25903.0
2026-07-30T19:00:04.059Z,173.542,173.556,0.0,7.4,0.0,0.0,0.0,0.0,0.0,0.0,0.0,0.0,1.0,0.0,0.0,0.0,9.0,4.0,0.0,0.0,0.0,0.0,0.0,0.0,0.0,0.0,5.0,12.0,1.0,12.17,5.01,2.51,1.49,0.0,0.0,0.0,0.4,0.0,0.9,0.1,-0.7000000000000001,-169.60000000000002,0.0,0.0,169.70000000000002,0.0,21.3,29.9,29.9,30.5,300.0,300.0,31.3,35.1,29.6,28.9,30.8,4.96,2.0,4.96,0.16,0.0,0.0,1027.0,8228.0,0.0,0.0,0.0,0.0,0.0,1.0,0.0,0.0,0.0,0.0,0.0,-0.3,0.0,0.6000000000000001,0.0,0.0001,16.0,25903.0
2026-07-30T19:00:04.072Z,173.555,173.568,0.0,7.4,0.0,0.0,0.0,0.0,0.0,0.0,0.0,0.0,1.0,0.0,0.0,0.0,9.0,4.0,0.0,0.0,0.0,0.0,0.0,0.0,0.0,0.0,6.0,12.0,1.0,12.17,5.01,2.51,1.49,0.0,0.0,0.0,0.4,0.0,-0.3,1.8,-0.1,-169.60000000000002,0.0,0.0,169.8,0.0,21.3,29.9,29.9,30.5,300.0,300.0,31.3,35.1,29.6,28.9,30.8,4.95,2.0,4.96,0.16,0.0,0.0,1027.0,8228.0,0.0,0.0,0.0,0.0,0.0,1.0,0.0,0.0,0.0,0.0,0.0,-1.8,0.0,0.4,0.0,0.0002,16.0,25903.0
2026-07-30T19:00:04.083Z,173.566,173.58,0.0,7.4,0.0,0.0,0.0,0.0,0.0,0.0,0.0,0.0,1.0,0.0,0.0,0.0,9.0,4.0,0.0,0.0,0.0,0.0,0.0,0.0,0.0,0.0,1.0,12.0,1.0,12.17,5.01,2.51,1.49,0.0,0.0,0.0,0.4,0.0,0.2,1.8,-0.6000000000000001,-169.60000000000002,0.0,0.0,169.70000000000002,0.0,21.3,29.9,29.9,30.5,300.0,300.0,31.3,35.1,29.6,28.9,30.8,4.95,1.99,4.97,0.16,0.0,0.0,1027.0,8228.0,0.0,0.0,0.0,0.0,0.0,1.0,0.0,0.0,0.0,0.0,0.0,1.6,0.0,0.9,0.0,0.0001,16.0,25903.0
2026-07-30T19:00:04.095Z,173.578,173.592,0.0,7.4,0.0,0.0,0.0,0.0,0.0,0.0,0.0,0.0,1.0,0.0,0.0,0.0,9.0,4.0,0.0,0.0,0.0,0.0,0.0,0.0,0.0,0.0,2.0,12.0,1.0,12.17,5.01,2.51,1.49,0.0,0.0,0.0,0.4,0.0,0.2,-0.4,-0.1,-169.60000000000002,0.0,0.0,169.60000000000002,0.0,21.3,29.9,29.9,30.5,300.0,300.0,31.3,35.1,29.6,28.9,30.8,4.95,1.99,4.97,0.16,0.0,0.0,1027.0,8228.0,0.0,0.0,0.0,0.0,0.0,1.0,0.0,0.0,0.0,0.0,0.0,-0.6000000000000001,0.0,0.0,0.0,0.0001,16.0,25903.0
2026-07-30T19:00:04.107Z,173.59,173.604,0.0,7.4,0.0,0.0,0.0,0.0,0.0,0.0,0.0,0.0,1.0,0.0,0.0,0.0,9.0,4.0,0.0,0.0,0.0,0.0,0.0,0.0,0.0,0.0,3.0,12.0,1.0,12.15,5.01,2.51,1.49,0.0,0.0,0.0,0.4,0.0,0.2,-0.5,-0.7000000000000001,-169.60000000000002,0.0,0.0,169.70000000000002,0.0,21.700000000000003,29.9,29.9,30.5,300.0,300.0,31.3,35.1,29.6,28.9,30.700000000000003,4.96,1.99,4.96,0.16,0.0,0.0,1027.0,8228.0,0.0,0.0,0.0,0.0,0.0,1.0,0.0,0.0,0.0,0.0,0.0,-1.1,0.0,0.5,0.0,0.0001,16.0,25903.0
2026-07-30T19:00:04.120Z,173.603,173.616,0.0,7.4,0.0,0.0,0.0,0.0,0.0,0.0,0.0,0.0,1.0,0.0,0.0,0.0,9.0,4.0,0.0,0.0,0.0,0.0,0.0,0.0,0.0,0.0,4.0,12.0,1.0,12.15,5.01,2.51,1.49,0.0,0.1,0.0,0.4,0.0,-0.3,1.8,-0.7000000000000001,-169.60000000000002,0.0,0.0,169.60000000000002,0.0,21.700000000000003,29.9,29.9,30.5,300.0,300.0,31.3,35.1,29.6,28.9,30.700000000000003,4.95,1.99,4.97,0.16,0.0,0.0,1027.0,8228.0,0.0,0.0,0.0,0.0,0.0,1.0,0.0,0.0,0.0,0.0,0.0,-1.3,0.0,0.0,0.0,0.0,16.0,25903.0
2026-07-30T19:00:04.131Z,173.614,173.628,0.0,7.4,0.0,0.0,0.0,0.0,0.0,0.0,0.0,0.0,1.0,0.0,0.0,0.0,9.0,4.0,0.0,0.0,0.0,0.0,0.0,0.0,0.0,0.0,5.0,12.0,1.0,12.15,5.01,2.51,1.49,0.0,0.1,0.0,0.4,0.0,-0.3,0.0,-0.1,-169.60000000000002,0.0,0.0,169.60000000000002,0.0,21.700000000000003,29.9,29.9,30.5,300.0,300.0,31.3,35.1,29.6,28.9,30.700000000000003,4.95,1.99,4.96,0.16,0.0,0.0,1027.0,8228.0,0.0,0.0,0.0,0.0,0.0,1.0,0.0,0.0,0.0,0.0,0.0,-1.1,0.0,0.5,0.0,0.0,16.0,25903.0
2026-07-30T19:00:04.143Z,173.626,173.64,0.0,7.4,0.0,0.0,0.0,0.0,0.0,0.0,0.0,0.0,1.0,0.0,0.0,0.0,9.0,4.0,0.0,0.0,0.0,0.0,0.0,0.0,0.0,0.0,6.0,12.0,1.0,12.15,5.01,2.51,1.49,0.0,0.1,0.0,0.4,0.0,0.8,1.2000000000000002,-0.1,-169.60000000000002,0.0,0.0,169.70000000000002,0.0,21.700000000000003,29.9,29.9,30.5,300.0,300.0,31.3,35.1,29.6,28.9,30.700000000000003,4.96,2.0,4.96,0.16,0.0,0.0,1027.0,8228.0,0.0,0.0,0.0,0.0,0.0,1.0,0.0,0.0,0.0,0.0,0.0,0.0,0.0,0.1,0.0,0.0,16.0,25903.0
2026-07-30T19:00:04.155Z,173.638,173.65200000000002,0.0,7.4,0.0,0.0,0.0,0.0,0.0,0.0,0.0,0.0,1.0,0.0,0.0,0.0,9.0,4.0,0.0,0.0,0.0,0.0,0.0,0.0,0.0,0.0,2.0,12.0,1.0,12.15,5.01,2.51,1.49,0.0,0.0,0.0,0.4,0.0,0.2,-0.5,1.6,-169.60000000000002,0.0,0.0,169.70000000000002,0.0,21.700000000000003,29.9,29.9,30.5,300.0,300.0,31.3,35.1,29.6,28.9,30.700000000000003,4.95,2.0,4.96,0.16,0.0,0.0,1027.0,8228.0,0.0,0.0,0.0,0.0,0.0,1.0,0.0,0.0,0.0,0.0,0.0,-1.5,0.0,1.0,0.0,0.0001,16.0,25903.0
2026-07-30T19:00:04.167Z,173.65,173.66400000000002,0.0,7.4,0.0,0.0,0.0,0.0,0.0,0.0,0.0,0.0,1.0,0.0,0.0,0.0,9.0,4.0,0.0,0.0,0.0,0.0,0.0,0.0,0.0,0.0,3.0,12.0,1.0,12.15,5.01,2.51,1.49,0.0,0.0,0.0,0.4,0.0,-0.3,0.6000000000000001,0.4,-169.60000000000002,0.0,0.0,169.70000000000002,0.0,21.700000000000003,29.9,29.9,30.5,300.0,300.0,31.3,35.1,29.6,28.9,30.700000000000003,4.95,1.99,4.97,0.16,0.0,0.0,1027.0,8228.0,0.0,0.0,0.0,0.0,0.0,1.0,0.0,0.0,0.0,0.0,0.0,1.0,0.0,-0.2,0.0,0.0,16.0,25903.0
2026-07-30T19:00:04.179Z,173.662,173.67600000000002,0.0,7.4,0.0,0.0,0.0,0.0,0.0,0.0,0.0,0.0,1.0,0.0,0.0,0.0,9.0,4.0,0.0,0.0,0.0,0.0,0.0,0.0,0.0,0.0,4.0,12.0,1.0,12.15,5.01,2.51,1.49,0.0,0.1,0.0,0.4,0.0,-0.3,1.2000000000000002,2.1,-169.60000000000002,0.0,0.0,169.70000000000002,0.0,21.700000000000003,29.9,29.9,30.5,300.0,300.0,31.3,35.1,29.6,28.9,30.700000000000003,4.95,2.0,4.97,0.16,0.0,0.0,1027.0,8228.0,0.0,0.0,0.0,0.0,0.0,1.0,0.0,0.0,0.0,0.0,0.0,2.9000000000000004,0.0,-1.6,0.0,0.0002,16.0,25903.0
2026-07-30T19:00:04.202Z,173.685,173.68800000000002,0.0,7.4,0.0,0.0,0.0,0.0,0.0,0.0,0.0,0.0,1.0,0.0,0.0,0.0,9.0,4.0,0.0,0.0,0.0,0.0,0.0,0.0,0.0,0.0,6.0,12.0,1.0,12.15,5.01,2.51,1.49,0.0,0.0,0.0,0.4,0.0,-0.3,-0.4,0.4,-169.60000000000002,0.0,0.0,169.8,0.0,21.700000000000003,29.9,29.9,30.5,300.0,300.0,31.3,35.1,29.6,28.9,30.700000000000003,4.96,1.99,4.97,0.14,0.0,0.0,1027.0,8228.0,0.0,0.0,0.0,0.0,0.0,1.0,0.0,0.0,0.0,0.0,0.0,-0.2,0.0,-0.4,0.0,0.0001,16.0,25903.0
2026-07-30T19:00:04.205Z,173.688,173.70000000000002,0.0,7.4,0.0,0.0,0.0,0.0,0.0,0.0,0.0,0.0,1.0,0.0,0.0,0.0,9.0,4.0,0.0,0.0,0.0,0.0,0.0,0.0,0.0,0.0,2.0,12.0,1.0,12.17,5.0200000000000005,2.5,1.49,0.0,0.0,0.0,0.5,0.0,0.2,0.7000000000000001,1.6,-169.60000000000002,0.0,0.0,169.70000000000002,0.0,21.4,29.9,29.9,30.5,300.0,300.0,31.4,35.0,29.6,28.9,30.700000000000003,4.95,1.99,4.97,0.16,0.0,0.0,1027.0,8228.0,0.0,0.0,0.0,0.0,0.0,1.0,0.0,0.0,0.0,0.0,0.0,2.0,0.0,-1.2000000000000002,0.0,0.0002,16.0,25903.0
2026-07-30T19:00:04.215Z,173.698,173.71200000000002,0.0,7.4,0.0,0.0,0.0,0.0,0.0,0.0,0.0,0.0,1.0,0.0,0.0,0.0,9.0,4.0,0.0,0.0,0.0,0.0,0.0,0.0,0.0,0.0,1.0,12.0,1.0,12.17,5.0200000000000005,2.5,1.49,0.0,0.0,0.0,0.4,0.0,0.8,-0.4,-0.1,-169.60000000000002,0.0,0.0,169.8,0.0,21.4,29.9,29.9,30.5,300.0,300.0,31.4,35.0,29.6,28.9,30.700000000000003,4.96,1.99,4.96,0.16,0.0,0.0,1027.0,8228.0,0.0,0.0,0.0,0.0,0.0,1.0,0.0,0.0,0.0,0.0,0.0,-0.6000000000000001,0.0,0.0,0.0,0.0,16.0,25903.0
2026-07-30T19:00:04.227Z,173.71,173.724,0.0,7.4,0.0,0.0,0.0,0.0,0.0,0.0,0.0,0.0,1.0,0.0,0.0,0.0,9.0,4.0,0.0,0.0,0.0,0.0,0.0,0.0,0.0,0.0,2.0,12.0,1.0,12.17,5.0200000000000005,2.5,1.49,0.0,0.0,0.0,0.5,0.0,-0.9,0.0,-0.7000000000000001,-169.60000000000002,0.0,0.0,169.70000000000002,0.0,21.4,29.9,29.9,30.5,300.0,300.0,31.4,35.0,29.6,28.9,30.700000000000003,4.96,1.99,4.96,0.16,0.0,0.0,1027.0,8228.0,0.0,0.0,0.0,0.0,0.0,1.0,0.0,0.0,0.0,0.0,0.0,-0.4,0.0,0.6000000000000001,0.0,0.0002,16.0,25903.0
2026-07-30T19:00:04.239Z,173.722,173.736,0.0,7.4,0.0,0.0,0.0,0.0,0.0,0.0,0.0,0.0,1.0,0.0,0.0,0.0,9.0,4.0,0.0,0.0,0.0,0.0,0.0,0.0,0.0,0.0,3.0,12.0,1.0,12.17,5.0200000000000005,2.5,1.49,0.0,0.0,0.0,0.4,0.0,-0.8,-0.5,-1.3,-169.60000000000002,0.0,0.0,169.70000000000002,0.0,21.4,29.9,29.9,30.5,300.0,300.0,31.4,35.0,29.6,28.9,30.700000000000003,4.95,1.99,4.96,0.16,0.0,0.0,1027.0,8228.0,0.0,0.0,0.0,0.0,0.0,1.0,0.0,0.0,0.0,0.0,0.0,-1.6,0.0,1.0,0.0,0.0001,16.0,25903.0
2026-07-30T19:00:04.251Z,173.734,173.748,0.0,7.4,0.0,0.0,0.0,0.0,0.0,0.0,0.0,0.0,1.0,0.0,0.0,0.0,9.0,4.0,0.0,0.0,0.0,0.0,0.0,0.0,0.0,0.0,4.0,12.0,1.0,12.17,5.0200000000000005,2.5,1.49,0.0,0.0,0.0,0.4,0.0,0.9,-0.5,-1.3,-169.60000000000002,0.0,0.0,169.8,0.0,21.4,29.9,29.9,30.5,300.0,300.0,31.4,35.0,29.6,28.9,30.700000000000003,4.95,1.99,4.97,0.16,0.0,0.0,1027.0,8228.0,0.0,0.0,0.0,0.0,0.0,1.0,0.0,0.0,0.0,0.0,0.0,-1.5,0.0,1.0,0.0,0.0,16.0,25903.0
2026-07-30T19:00:04.263Z,173.746,173.76,0.0,7.4,0.0,0.0,0.0,0.0,0.0,0.0,0.0,0.0,1.0,0.0,0.0,0.0,9.0,4.0,0.0,0.0,0.0,0.0,0.0,0.0,0.0,0.0,5.0,12.0,1.0,12.17,5.0200000000000005,2.5,1.49,0.0,0.0,0.0,0.5,0.0,0.9,0.0,0.4,-169.60000000000002,0.0,0.0,169.8,0.0,21.4,29.9,29.9,30.5,300.0,300.0,31.4,35.0,29.6,28.9,30.700000000000003,4.95,1.99,4.96,0.16,0.0,0.0,1027.0,8228.0,0.0,0.0,0.0,0.0,0.0,1.0,0.0,0.0,0.0,0.0,0.0,0.3,0.0,-0.3,0.0,0.0001,16.0,25903.0
2026-07-30T19:00:04.275Z,173.758,173.772,0.0,7.4,0.0,0.0,0.0,0.0,0.0,0.0,0.0,0.0,1.0,0.0,0.0,0.0,9.0,4.0,0.0,0.0,0.0,0.0,0.0,0.0,0.0,0.0,6.0,12.0,1.0,12.17,5.0200000000000005,2.5,1.49,0.0,0.0,0.0,0.4,0.0,0.9,-0.5,-1.2000000000000002,-169.60000000000002,0.0,0.0,169.70000000000002,0.0,21.4,29.9,29.9,30.5,300.0,300.0,31.4,35.0,29.6,28.9,30.700000000000003,4.95,1.99,4.97,0.16,0.0,0.0,1027.0,8228.0,0.0,0.0,0.0,0.0,0.0,1.0,0.0,0.0,0.0,0.0,0.0,-1.5,0.0,1.0,0.0,0.0,16.0,25903.0
2026-07-30T19:00:04.288Z,173.771,173.784,0.0,7.4,0.0,0.0,0.0,0.0,0.0,0.0,0.0,0.0,1.0,0.0,0.0,0.0,9.0,4.0,0.0,0.0,0.0,0.0,0.0,0.0,0.0,0.0,1.0,12.0,1.0,12.17,5.0200000000000005,2.5,1.49,0.0,0.0,0.0,0.4,0.0,0.9,0.0,-0.1,-169.60000000000002,0.0,0.0,169.70000000000002,0.0,21.4,29.9,29.9,30.5,300.0,300.0,31.4,35.0,29.6,28.9,30.700000000000003,4.95,2.0,4.97,0.16,0.0,0.0,1027.0,8228.0,0.0,0.0,0.0,0.0,0.0,1.0,0.0,0.0,0.0,0.0,0.0,0.0,0.0,0.1,0.0,0.0,16.0,25903.0
2026-07-30T19:00:04.300Z,173.783,173.796,0.0,7.4,0.0,0.0,0.0,0.0,0.0,0.0,0.0,0.0,1.0,0.0,0.0,0.0,9.0,4.0,0.0,0.0,0.0,0.0,0.0,0.0,0.0,0.0,2.0,12.0,1.0,12.17,5.0200000000000005,2.5,1.49,0.0,0.0,0.0,0.4,0.0,0.3,0.0,0.4,-169.60000000000002,0.0,0.0,169.70000000000002,0.0,21.4,29.9,29.9,30.5,300.0,300.0,31.4,35.0,29.6,28.9,30.700000000000003,4.96,2.0,4.97,0.16,0.0,0.0,1027.0,8228.0,0.0,0.0,0.0,0.0,0.0,1.0,0.0,0.0,0.0,0.0,0.0,0.4,0.0,-0.3,0.0,0.0,16.0,25903.0
2026-07-30T19:00:04.311Z,173.794,173.808,0.0,7.4,0.0,0.0,0.0,0.0,0.0,0.0,0.0,0.0,1.0,0.0,0.0,0.0,9.0,4.0,0.0,0.0,0.0,0.0,0.0,0.0,0.0,0.0,3.0,12.0,1.0,12.17,5.0200000000000005,2.51,1.49,0.0,0.0,0.0,0.4,0.0,0.9,-0.5,2.1,-169.60000000000002,0.0,0.0,169.70000000000002,0.0,21.700000000000003,29.9,29.9,30.5,300.0,300.0,31.200000000000003,35.1,29.6,28.9,30.700000000000003,4.96,1.99,4.96,0.16,0.0,0.0,1027.0,8228.0,0.0,0.0,0.0,0.0,0.0,1.0,0.0,0.0,0.0,0.0,0.0,1.0,0.0,-2.0,0.0,0.0001,16.0,25903.0
2026-07-30T19:00:04.323Z,173.806,173.82,0.0,7.4,0.0,0.0,0.0,0.0,0.0,0.0,0.0,0.0,1.0,0.0,0.0,0.0,9.0,4.0,0.0,0.0,0.0,0.0,0.0,0.0,0.0,0.0,4.0,12.0,1.0,12.17,5.0200000000000005,2.51,1.49,0.0,0.0,0.0,0.4,0.0,0.3,0.6000000000000001,1.5,-169.60000000000002,0.0,0.0,169.70000000000002,0.0,21.700000000000003,29.9,29.9,30.5,300.0,300.0,31.200000000000003,35.1,29.6,28.9,30.700000000000003,4.96,1.99,4.97,0.16,0.0,0.0,1027.0,8228.0,0.0,0.0,0.0,0.0,0.0,1.0,0.0,0.0,0.0,0.0,0.0,1.9,0.0,-1.2000000000000002,0.0,0.0001,16.0,25903.0
2026-07-30T19:00:04.336Z,173.819,173.832,0.0,7.4,0.0,0.0,0.0,0.0,0.0,0.0,0.0,0.0,1.0,0.0,0.0,0.0,9.0,4.0,0.0,0.0,0.0,0.0,0.0,0.0,0.0,0.0,5.0,12.0,1.0,12.17,5.0200000000000005,2.51,1.49,0.0,0.1,0.0,0.4,0.0,-0.1,0.0,0.0,-169.60000000000002,0.0,0.0,169.70000000000002,0.0,21.700000000000003,29.9,29.9,30.5,300.0,300.0,31.200000000000003,35.1,29.6,28.9,30.700000000000003,4.95,1.99,4.97,0.16,0.0,0.0,1027.0,8228.0,0.0,0.0,0.0,0.0,0.0,1.0,0.0,0.0,0.0,0.0,0.0,0.0,0.0,0.1,0.0,0.0,16.0,25903.0
2026-07-30T19:00:04.348Z,173.831,173.844,0.0,7.4,0.0,0.0,0.0,0.0,0.0,0.0,0.0,0.0,1.0,0.0,0.0,0.0,9.0,4.0,0.0,0.0,0.0,0.0,0.0,0.0,0.0,0.0,6.0,12.0,1.0,12.17,5.0200000000000005,2.51,1.49,0.0,0.0,0.0,0.4,0.0,0.9,0.7000000000000001,0.4,-169.60000000000002,0.0,0.0,169.60000000000002,0.0,21.700000000000003,29.9,29.9,30.5,300.0,300.0,31.200000000000003,35.1,29.6,28.9,30.700000000000003,4.96,1.99,4.96,0.16,0.0,0.0,1027.0,8228.0,0.0,0.0,0.0,0.0,0.0,1.0,0.0,0.0,0.0,0.0,0.0,1.1,0.0,-0.2,0.0,0.0,16.0,25903.0
2026-07-30T19:00:04.359Z,173.842,173.856,0.0,7.4,0.0,0.0,0.0,0.0,0.0,0.0,0.0,0.0,1.0,0.0,0.0,0.0,9.0,4.0,0.0,0.0,0.0,0.0,0.0,0.0,0.0,0.0,1.0,12.0,1.0,12.17,5.0200000000000005,2.51,1.49,0.0,0.0,0.0,0.4,0.0,0.9,-0.5,-0.7000000000000001,-169.60000000000002,0.0,0.0,169.70000000000002,0.0,21.700000000000003,29.9,29.9,30.5,300.0,300.0,31.200000000000003,35.1,29.6,28.9,30.700000000000003,4.95,1.99,4.97,0.16,0.0,0.0,1027.0,8228.0,0.0,0.0,0.0,0.0,0.0,1.0,0.0,0.0,0.0,0.0,0.0,-1.1,0.0,0.5,0.0,0.0001,16.0,25903.0
2026-07-30T19:00:04.372Z,173.855,173.868,0.0,7.4,0.0,0.0,0.0,0.0,0.0,0.0,0.0,0.0,1.0,0.0,0.0,0.0,9.0,4.0,0.0,0.0,0.0,0.0,0.0,0.0,0.0,0.0,2.0,12.0,1.0,12.17,5.0200000000000005,2.51,1.49,0.0,0.0,0.0,0.4,0.0,0.3,0.0,-0.1,-169.60000000000002,0.0,0.0,169.70000000000002,0.0,21.700000000000003,29.9,29.9,30.5,300.0,300.0,31.200000000000003,35.1,29.6,28.9,30.700000000000003,4.95,1.99,4.97,0.16,0.0,0.0,1027.0,8228.0,0.0,0.0,0.0,0.0,0.0,1.0,0.0,0.0,0.0,0.0,0.0,0.0,0.0,0.1,0.0,0.0,16.0,25903.0
2026-07-30T19:00:04.383Z,173.866,173.88,0.0,7.4,0.0,0.0,0.0,0.0,0.0,0.0,0.0,0.0,1.0,0.0,0.0,0.0,9.0,4.0,0.0,0.0,0.0,0.0,0.0,0.0,0.0,0.0,3.0,12.0,1.0,12.17,5.0200000000000005,2.51,1.49,0.0,0.0,0.0,0.4,0.0,0.9,0.6000000000000001,1.0,-169.60000000000002,0.0,0.0,169.70000000000002,0.0,21.700000000000003,29.9,29.9,30.5,300.0,300.0,31.200000000000003,35.1,29.6,28.9,30.700000000000003,4.96,1.99,4.97,0.16,0.0,0.0,1027.0,8228.0,0.0,0.0,0.0,0.0,0.0,1.0,0.0,0.0,0.0,0.0,0.0,1.5,0.0,-0.7000000000000001,0.0,0.0001,16.0,25903.0
2026-07-30T19:00:04.395Z,173.878,173.892,0.0,7.4,0.0,0.0,0.0,0.0,0.0,0.0,0.0,0.0,1.0,0.0,0.0,0.0,9.0,4.0,0.0,0.0,0.0,0.0,0.0,0.0,0.0,0.0,5.0,12.0,1.0,12.17,5.0200000000000005,2.51,1.49,0.0,0.0,0.0,0.4,0.0,-0.2,0.0,-0.6000000000000001,-169.60000000000002,0.0,0.0,169.70000000000002,0.0,21.700000000000003,29.9,29.9,30.5,300.0,300.0,31.200000000000003,35.1,29.6,28.9,30.700000000000003,4.95,1.99,4.96,0.16,0.0,0.0,1027.0,8228.0,0.0,0.0,0.0,0.0,0.0,1.0,0.0,0.0,0.0,0.0,0.0,-0.4,0.0,0.5,0.0,0.0001,16.0,25903.0
2026-07-30T19:00:04.408Z,173.891,173.904,0.0,7.4,0.0,0.0,0.0,0.0,0.0,0.0,0.0,0.0,1.0,0.0,0.0,0.0,9.0,4.0,0.0,0.0,0.0,0.0,0.0,0.0,0.0,0.0,6.0,12.0,1.0,12.17,5.0200000000000005,2.51,1.49,0.0,0.0,0.0,0.4,0.0,-0.2,-0.5,0.4,-169.60000000000002,0.0,0.0,169.70000000000002,0.0,21.4,29.9,29.9,30.5,300.0,300.0,31.200000000000003,35.0,29.6,28.9,30.700000000000003,4.96,1.99,4.97,0.16,0.0,0.0,1027.0,8228.0,0.0,0.0,0.0,0.0,0.0,1.0,0.0,0.0,0.0,0.0,0.0,-0.3,0.0,-0.4,0.0,0.0,16.0,25903.0
2026-07-30T19:00:04.420Z,173.903,173.916,0.0,7.4,0.0,0.0,0.0,0.0,0.0,0.0,0.0,0.0,1.0,0.0,0.0,0.0,9.0,4.0,0.0,0.0,0.0,0.0,0.0,0.0,0.0,0.0,2.0,12.0,1.0,12.17,5.0200000000000005,2.51,1.49,-0.1,0.1,0.0,0.4,0.0,-0.2,0.0,-0.7000000000000001,-169.60000000000002,0.0,0.0,169.70000000000002,0.0,21.4,29.9,29.9,30.5,300.0,300.0,31.200000000000003,35.0,29.6,28.9,30.700000000000003,4.96,1.99,4.96,0.16,0.0,0.0,1027.0,8228.0,0.0,0.0,0.0,0.0,0.0,1.0,0.0,0.0,0.0,0.0,0.0,-0.5,0.0,0.6000000000000001,0.0,0.0,16.0,25903.0
2026-07-30T19:00:04.431Z,173.914,173.928,0.0,7.4,0.0,0.0,0.0,0.0,0.0,0.0,0.0,0.0,1.0,0.0,0.0,0.0,9.0,4.0,0.0,0.0,0.0,0.0,0.0,0.0,0.0,0.0,2.0,12.0,1.0,12.17,5.0200000000000005,2.51,1.49,0.0,0.0,0.0,0.4,0.0,0.9,2.3000000000000003,1.6,-169.60000000000002,0.0,0.0,169.8,0.0,21.4,29.9,29.9,30.5,300.0,300.0,31.200000000000003,35.0,29.6,28.9,30.700000000000003,4.96,1.99,4.96,0.16,0.0,0.0,1027.0,8228.0,0.0,0.0,0.0,0.0,0.0,1.0,0.0,0.0,0.0,0.0,0.0,3.8,0.0,-0.9,0.0,0.0001,16.0,25903.0
2026-07-30T19:00:04.443Z,173.926,173.94,0.0,7.4,0.0,0.0,0.0,0.0,0.0,0.0,0.0,0.0,1.0,0.0,0.0,0.0,9.0,4.0,0.0,0.0,0.0,0.0,0.0,0.0,0.0,0.0,3.0,12.0,1.0,12.17,5.0200000000000005,2.51,1.49,0.0,0.0,0.0,0.4,0.0,0.2,-0.5,1.5,-169.60000000000002,0.0,0.0,169.70000000000002,0.0,21.4,29.9,29.9,30.5,300.0,300.0,31.200000000000003,35.0,29.6,28.9,30.700000000000003,4.95,1.99,4.97,0.16,0.0,0.0,1027.0,8228.0,0.0,0.0,0.0,0.0,0.0,1.0,0.0,0.0,0.0,0.0,0.0,0.5,0.0,-1.5,0.0,0.0001,16.0,25903.0
2026-07-30T19:00:04.455Z,173.938,173.952,0.0,7.4,0.0,0.0,0.0,0.0,0.0,0.0,0.0,0.0,1.0,0.0,0.0,0.0,9.0,4.0,0.0,0.0,0.0,0.0,0.0,0.0,0.0,0.0,5.0,12.0,1.0,12.17,5.0200000000000005,2.51,1.49,0.0,0.0,0.0,0.4,0.0,-0.3,-0.6000000000000001,-0.1,-169.60000000000002,0.0,0.0,169.70000000000002,0.0,21.4,29.9,29.9,30.5,300.0,300.0,31.200000000000003,35.0,29.6,28.9,30.700000000000003,4.96,1.99,4.96,0.16,0.0,0.0,1027.0,8228.0,0.0,0.0,0.0,0.0,0.0,1.0,0.0,0.0,0.0,0.0,0.0,-0.8,0.0,0.0,0.0,0.0001,16.0,25903.0
2026-07-30T19:00:04.468Z,173.951,173.964,0.0,7.4,0.0,0.0,0.0,0.0,0.0,0.0,0.0,0.0,1.0,0.0,0.0,0.0,9.0,4.0,0.0,0.0,0.0,0.0,0.0,0.0,0.0,0.0,6.0,12.0,1.0,12.17,5.0200000000000005,2.51,1.49,0.0,0.0,0.0,0.4,0.0,-0.8,0.5,-0.7000000000000001,-169.60000000000002,0.0,0.0,169.60000000000002,0.0,21.4,29.9,29.9,30.5,300.0,300.0,31.200000000000003,35.0,29.6,28.9,30.700000000000003,4.96,2.0,4.97,0.16,0.0,0.0,1027.0,8228.0,0.0,0.0,0.0,0.0,0.0,1.0,0.0,0.0,0.0,0.0,0.0,0.0,0.0,0.7000000000000001,0.0,0.0,16.0,25903.0
2026-07-30T19:00:04.479Z,173.962,173.976,0.0,7.4,0.0,0.0,0.0,0.0,0.0,0.0,0.0,0.0,1.0,0.0,0.0,0.0,9.0,4.0,0.0,0.0,0.0,0.0,0.0,0.0,0.0,0.0,6.0,12.0,1.0,12.17,5.0200000000000005,2.51,1.49,0.0,0.0,0.0,0.4,0.0,0.2,0.6000000000000001,0.9,-169.60000000000002,0.0,0.0,169.70000000000002,0.0,21.4,29.9,29.9,30.5,300.0,300.0,31.200000000000003,35.0,29.6,28.9,30.700000000000003,4.96,1.99,4.97,0.16,0.0,0.0,1027.0,8228.0,0.0,0.0,0.0,0.0,0.0,1.0,0.0,0.0,0.0,0.0,0.0,1.4,0.0,-0.7000000000000001,0.0,0.0001,16.0,25903.0
2026-07-30T19:00:04.492Z,173.975,173.988,0.0,7.4,0.0,0.0,0.0,0.0,0.0,0.0,0.0,0.0,1.0,0.0,0.0,0.0,9.0,4.0,0.0,0.0,0.0,0.0,0.0,0.0,0.0,0.0,1.0,12.0,1.0,12.17,5.0200000000000005,2.51,1.49,0.0,0.1,0.0,0.4,0.0,-0.3,-0.5,-0.7000000000000001,-169.60000000000002,0.0,0.0,169.70000000000002,0.0,21.4,29.9,29.9,30.5,300.0,300.0,31.200000000000003,35.0,29.6,28.9,30.700000000000003,4.95,1.99,4.97,0.16,0.0,0.0,1027.0,8228.0,0.0,0.0,0.0,0.0,0.0,1.0,0.0,0.0,0.0,0.0,0.0,-1.2000000000000002,0.0,0.5,0.0,0.0,16.0,25903.0
2026-07-30T19:00:04.505Z,173.988,174.0,0.0,7.4,0.0,0.0,0.0,0.0,0.0,0.0,0.0,0.0,1.0,0.0,0.0,0.0,9.0,4.0,0.0,0.0,0.0,0.0,0.0,0.0,0.0,0.0,2.0,12.0,1.0,12.17,5.0200000000000005,2.51,1.49,0.0,0.0,0.0,0.5,0.0,-0.3,1.1,0.9,-169.60000000000002,0.0,0.0,169.8,0.0,21.4,29.9,29.9,30.5,300.0,300.0,31.200000000000003,35.0,29.6,28.9,30.700000000000003,4.96,1.99,4.96,0.16,0.0,0.0,1027.0,8228.0,0.0,0.0,0.0,0.0,0.0,1.0,0.0,0.0,0.0,0.0,0.0,1.9,0.0,-0.6000000000000001,0.0,0.0,16.0,25903.0
2026-07-30T19:00:04.523Z,174.006,174.012,0.0,7.4,0.0,0.0,0.0,0.0,0.0,0.0,0.0,0.0,1.0,0.0,0.0,0.0,9.0,4.0,0.0,0.0,0.0,0.0,0.0,0.0,0.0,0.0,2.0,12.0,1.0,12.17,5.01,2.51,1.49,0.0,0.0,0.0,0.4,0.0,0.8,0.0,1.5,-169.70000000000002,0.0,0.0,169.8,0.0,21.700000000000003,29.9,29.8,30.5,300.0,300.0,31.1,35.0,29.6,28.9,30.700000000000003,4.96,1.99,4.97,0.16,0.0,0.0,1027.0,8228.0,0.0,0.0,0.0,0.0,0.0,1.0,0.0,0.0,0.0,0.0,0.0,1.0,0.0,-1.4,0.0,0.0002,16.0,25903.0
2026-07-30T19:00:04.528Z,174.011,174.024,0.0,7.4,0.0,0.0,0.0,0.0,0.0,0.0,0.0,0.0,1.0,0.0,0.0,0.0,9.0,4.0,0.0,0.0,0.0,0.0,0.0,0.0,0.0,0.0,6.0,12.0,1.0,12.17,5.01,2.51,1.49,0.0,0.0,0.0,0.4,0.0,0.8,0.5,-1.9,-169.70000000000002,0.0,0.0,169.70000000000002,0.0,21.700000000000003,29.9,29.8,30.5,300.0,300.0,31.1,35.0,29.6,28.9,30.700000000000003,4.95,1.99,4.97,0.16,0.0,0.0,1027.0,8228.0,0.0,0.0,0.0,0.0,0.0,1.0,0.0,0.0,0.0,0.0,0.0,-0.8,0.0,1.8,0.0,0.0001,16.0,25903.0
2026-07-30T19:00:04.540Z,174.023,174.036,0.0,7.4,0.0,0.0,0.0,0.0,0.0,0.0,0.0,0.0,1.0,0.0,0.0,0.0,9.0,4.0,0.0,0.0,0.0,0.0,0.0,0.0,0.0,0.0,6.0,12.0,1.0,12.17,5.01,2.51,1.49,0.0,0.0,0.0,0.5,0.0,0.8,0.0,-1.3,-169.70000000000002,0.0,0.0,169.8,0.0,21.700000000000003,29.9,29.8,30.5,300.0,300.0,31.1,35.0,29.6,28.9,30.700000000000003,4.96,1.99,4.97,0.16,0.0,0.0,1027.0,8228.0,0.0,0.0,0.0,0.0,0.0,1.0,0.0,0.0,0.0,0.0,0.0,-1.1,0.0,1.2000000000000002,0.0,0.0,16.0,25903.0
2026-07-30T19:00:04.551Z,174.034,174.048,0.0,7.4,0.0,0.0,0.0,0.0,0.0,0.0,0.0,0.0,1.0,0.0,0.0,0.0,9.0,4.0,0.0,0.0,0.0,0.0,0.0,0.0,0.0,0.0,1.0,12.0,1.0,12.17,5.01,2.51,1.49,0.0,0.0,0.0,0.4,0.0,0.2,-0.6000000000000001,-0.8,-169.70000000000002,0.0,0.0,169.70000000000002,0.0,21.700000000000003,29.9,29.8,30.5,300.0,300.0,31.1,35.0,29.6,28.9,30.700000000000003,4.95,1.99,4.97,0.16,0.0,0.0,1027.0,8228.0,0.0,0.0,0.0,0.0,0.0,1.0,0.0,0.0,0.0,0.0,0.0,-1.3,0.0,0.5,0.0,0.0001,16.0,25903.0
2026-07-30T19:00:04.563Z,174.046,174.06,0.0,7.4,0.0,0.0,0.0,0.0,0.0,0.0,0.0,0.0,1.0,0.0,0.0,0.0,9.0,4.0,0.0,0.0,0.0,0.0,0.0,0.0,0.0,0.0,3.0,12.0,1.0,12.17,5.01,2.51,1.49,0.0,0.1,0.0,0.4,0.0,0.2,0.5,-0.1,-169.70000000000002,0.0,0.0,169.70000000000002,0.0,21.700000000000003,29.9,29.8,30.5,300.0,300.0,31.1,35.0,29.6,28.9,30.700000000000003,4.95,1.99,4.97,0.16,0.0,0.0,1027.0,8228.0,0.0,0.0,0.0,0.0,0.0,1.0,0.0,0.0,0.0,0.0,0.0,0.4,0.0,0.2,0.0,0.0,16.0,25903.0
2026-07-30T19:00:04.576Z,174.059,174.072,0.0,7.4,0.0,0.0,0.0,0.0,0.0,0.0,0.0,0.0,1.0,0.0,0.0,0.0,9.0,4.0,0.0,0.0,0.0,0.0,0.0,0.0,0.0,0.0,4.0,12.0,1.0,12.17,5.01,2.51,1.49,0.0,0.0,0.0,0.4,0.0,-0.3,1.0,0.9,-169.70000000000002,0.0,0.0,169.8,0.0,21.700000000000003,29.9,29.8,30.5,300.0,300.0,31.1,35.0,29.6,28.9,30.700000000000003,4.95,1.99,4.97,0.16,0.0,0.0,1027.0,8228.0,0.0,0.0,0.0,0.0,0.0,1.0,0.0,0.0,0.0,0.0,0.0,0.6000000000000001,0.0,-0.8,0.0,0.0,16.0,25903.0
2026-07-30T19:00:04.588Z,174.071,174.084,0.0,7.4,0.0,0.0,0.0,0.0,0.0,0.0,0.0,0.0,1.0,0.0,0.0,0.0,9.0,4.0,0.0,0.0,0.0,0.0,0.0,0.0,0.0,0.0,4.0,12.0,1.0,12.17,5.01,2.51,1.49,0.0,0.0,0.0,0.5,0.0,0.8,0.0,0.4,-169.70000000000002,0.0,0.0,169.8,0.0,21.700000000000003,29.9,29.8,30.5,300.0,300.0,31.1,35.0,29.6,28.9,30.700000000000003,4.96,1.99,4.96,0.16,0.0,0.0,1027.0,8228.0,0.0,0.0,0.0,0.0,0.0,1.0,0.0,0.0,0.0,0.0,0.0,0.2,0.0,-0.3,0.0,0.0001,16.0,25903.0
2026-07-30T19:00:04.600Z,174.083,174.096,0.0,7.4,0.0,0.0,0.0,0.0,0.0,0.0,0.0,0.0,1.0,0.0,0.0,0.0,9.0,4.0,0.0,0.0,0.0,0.0,0.0,0.0,0.0,0.0,6.0,12.0,1.0,12.17,5.01,2.51,1.49,0.0,0.0,0.0,0.4,0.0,0.8,-1.2000000000000002,-0.7000000000000001,-169.70000000000002,0.0,0.0,169.8,0.0,21.700000000000003,29.9,29.8,30.5,300.0,300.0,31.1,35.0,29.6,28.9,30.700000000000003,4.95,1.99,4.97,0.16,0.0,0.0,1027.0,8228.0,0.0,0.0,0.0,0.0,0.0,1.0,0.0,0.0,0.0,0.0,0.0,-1.9,0.0,0.3,0.0,0.0,16.0,25903.0
2026-07-30T19:00:04.612Z,174.095,174.108,0.0,7.4,0.0,0.0,0.0,0.0,0.0,0.0,0.0,0.0,1.0,0.0,0.0,0.0,9.0,4.0,0.0,0.0,0.0,0.0,0.0,0.0,0.0,0.0,1.0,12.0,1.0,12.15,5.01,2.51,1.49,0.0,0.0,0.0,0.4,0.0,0.2,-0.6000000000000001,-0.1,-169.70000000000002,0.0,0.0,169.8,0.0,21.700000000000003,29.9,29.8,30.5,300.0,300.0,31.200000000000003,35.1,29.6,28.9,30.700000000000003,4.95,1.99,4.96,0.16,0.0,0.0,1027.0,8228.0,0.0,0.0,0.0,0.0,0.0,1.0,0.0,0.0,0.0,0.0,0.0,-0.8,0.0,0.0,0.0,0.0,16.0,25903.0
2026-07-30T19:00:04.624Z,174.107,174.12,0.0,7.4,0.0,0.0,0.0,0.0,0.0,0.0,0.0,0.0,1.0,0.0,0.0,0.0,9.0,4.0,0.0,0.0,0.0,0.0,0.0,0.0,0.0,0.0,2.0,12.0,1.0,12.15,5.01,2.51,1.49,0.0,0.0,0.0,0.4,0.0,-0.8,0.0,-0.1,-169.70000000000002,0.0,0.0,169.8,0.0,21.700000000000003,29.9,29.8,30.5,300.0,300.0,31.200000000000003,35.1,29.6,28.9,30.700000000000003,4.96,2.0,4.96,0.16,0.0,0.0,1027.0,8228.0,0.0,0.0,0.0,0.0,0.0,1.0,0.0,0.0,0.0,0.0,0.0,-0.1,0.0,0.1,0.0,0.0,16.0,25903.0
2026-07-30T19:00:04.636Z,174.119,174.132,0.0,7.4,0.0,0.0,0.0,0.0,0.0,0.0,0.0,0.0,1.0,0.0,0.0,0.0,9.0,4.0,0.0,0.0,0.0,0.0,0.0,0.0,0.0,0.0,2.0,12.0,1.0,12.15,5.01,2.51,1.49,0.0,0.1,0.0,0.4,0.0,-0.8,-0.6000000000000001,1.0,-169.70000000000002,0.0,0.0,169.8,0.0,21.700000000000003,29.9,29.8,30.5,300.0,300.0,31.200000000000003,35.1,29.6,28.9,30.700000000000003,4.96,2.0,4.97,0.16,0.0,0.0,1027.0,8228.0,0.0,0.0,0.0,0.0,0.0,1.0,0.0,0.0,0.0,0.0,0.0,0.1,0.0,-1.0,0.0,0.0,16.0,25903.0
2026-07-30T19:00:04.648Z,174.131,174.144,0.0,7.4,0.0,0.0,0.0,0.0,0.0,0.0,0.0,0.0,1.0,0.0,0.0,0.0,9.0,4.0,0.0,0.0,0.0,0.0,0.0,0.0,0.0,0.0,3.0,12.0,1.0,12.15,5.01,2.51,1.49,0.0,0.1,0.0,0.4,0.0,-0.2,-0.6000000000000001,-0.1,-169.70000000000002,0.0,0.0,169.8,0.0,21.700000000000003,29.9,29.8,30.5,300.0,300.0,31.200000000000003,35.1,29.6,28.9,30.700000000000003,4.95,1.99,4.97,0.16,0.0,0.0,1027.0,8228.0,0.0,0.0,0.0,0.0,0.0,1.0,0.0,0.0,0.0,0.0,0.0,-3.0,0.0,0.8,0.0,0.0,16.0,25903.0
2026-07-30T19:00:04.660Z,174.143,174.156,0.0,7.4,0.0,0.0,0.0,0.0,0.0,0.0,0.0,0.0,1.0,0.0,0.0,0.0,9.0,4.0,0.0,0.0,0.0,0.0,0.0,0.0,0.0,0.0,4.0,12.0,1.0,12.15,5.01,2.51,1.49,0.0,0.0,0.0,0.4,0.0,-0.3,0.4,0.3,-169.70000000000002,0.0,0.0,169.8,0.0,21.700000000000003,29.9,29.8,30.5,300.0,300.0,31.200000000000003,35.1,29.6,28.9,30.700000000000003,4.95,2.0,4.96,0.16,0.0,0.0,1027.0,8228.0,0.0,0.0,0.0,0.0,0.0,1.0,0.0,0.0,0.0,0.0,0.0,0.4,0.0,0.2,0.0,0.0,16.0,25903.0
2026-07-30T19:00:04.671Z,174.154,174.168,0.0,7.4,0.0,0.0,0.0,0.0,0.0,0.0,0.0,0.0,1.0,0.0,0.0,0.0,9.0,4.0,0.0,0.0,0.0,0.0,0.0,0.0,0.0,0.0,5.0,12.0,1.0,12.15,5.01,2.51,1.49,0.0,0.1,0.0,0.5,0.0,-0.3,1.6,0.9,-169.70000000000002,0.0,0.0,169.70000000000002,0.0,21.700000000000003,29.9,29.8,30.5,300.0,300.0,31.200000000000003,35.1,29.6,28.9,30.700000000000003,4.96,1.99,4.96,0.16,0.0,0.0,1027.0,8228.0,0.0,0.0,0.0,0.0,0.0,1.0,0.0,0.0,0.0,0.0,0.0,-0.4,0.0,1.3,0.0,0.0,16.0,25903.0
2026-07-30T19:00:04.683Z,174.166,174.18,0.0,7.4,0.0,0.0,0.0,0.0,0.0,0.0,0.0,0.0,1.0,0.0,0.0,0.0,9.0,4.0,0.0,0.0,0.0,0.0,0.0,0.0,0.0,0.0,6.0,12.0,1.0,12.15,5.01,2.51,1.49,0.0,0.0,0.0,0.4,0.0,-0.3,1.1,-0.2,-169.70000000000002,0.0,0.0,169.8,0.0,21.700000000000003,29.9,29.8,30.5,300.0,300.0,31.200000000000003,35.1,29.6,28.9,30.700000000000003,4.95,1.99,4.97,0.16,0.0,0.0,1027.0,8228.0,0.0,0.0,0.0,0.0,0.0,1.0,0.0,0.0,0.0,0.0,0.0,1.1,0.0,0.4,0.0,0.0,16.0,25903.0
2026-07-30T19:00:04.695Z,174.178,174.192,0.0,7.4,0.0,0.0,0.0,0.0,0.0,0.0,0.0,0.0,1.0,0.0,0.0,0.0,9.0,4.0,0.0,0.0,0.0,0.0,0.0,0.0,0.0,0.0,1.0,12.0,1.0,12.15,5.01,2.51,1.49,0.0,0.1,0.0,0.4,0.0,0.2,-0.6000000000000001,-0.2,-169.70000000000002,0.0,0.0,169.8,0.0,21.700000000000003,29.9,29.8,30.5,300.0,300.0,31.200000000000003,35.1,29.6,28.9,30.700000000000003,4.95,1.99,4.97,0.16,0.0,0.0,1027.0,8228.0,0.0,0.0,0.0,0.0,0.0,1.0,0.0,0.0,0.0,0.0,0.0,-0.8,0.0,0.0,0.0,0.0001,16.0,25903.0
2026-07-30T19:00:04.707Z,174.19,174.204,0.0,7.4,0.0,0.0,0.0,0.0,0.0,0.0,0.0,0.0,1.0,0.0,0.0,0.0,9.0,4.0,0.0,0.0,0.0,0.0,0.0,0.0,0.0,0.0,2.0,12.0,1.0,12.15,5.01,2.51,1.49,0.0,0.0,0.0,0.4,0.0,0.2,0.0,-0.2,-169.70000000000002,0.0,0.0,169.8,0.0,21.700000000000003,29.9,29.8,30.5,300.0,300.0,31.200000000000003,35.1,29.6,28.9,30.700000000000003,4.95,2.0,4.96,0.16,0.0,0.0,1027.0,8228.0,0.0,0.0,0.0,0.0,0.0,1.0,0.0,0.0,0.0,0.0,0.0,-0.1,0.0,0.1,0.0,0.0,16.0,25903.0
2026-07-30T19:00:04.720Z,174.203,174.216,0.0,7.4,0.0,0.0,0.0,0.0,0.0,0.0,0.0,0.0,1.0,0.0,0.0,0.0,9.0,4.0,0.0,0.0,0.0,0.0,0.0,0.0,0.0,0.0,3.0,12.0,1.0,12.15,5.01,2.5,1.49,0.0,0.0,0.0,0.4,0.0,0.2,1.1,1.5,-169.70000000000002,0.0,0.0,169.8,0.0,21.9,29.9,29.8,30.5,300.0,300.0,31.3,35.1,29.6,28.9,30.700000000000003,4.96,1.99,4.96,0.16,0.0,0.0,1027.0,8228.0,0.0,0.0,0.0,0.0,0.0,1.0,0.0,0.0,0.0,0.0,0.0,2.4000000000000004,0.0,-1.1,0.0,0.0001,16.0,25903.0
2026-07-30T19:00:04.731Z,174.214,174.228,0.0,7.4,0.0,0.0,0.0,0.0,0.0,0.0,0.0,0.0,1.0,0.0,0.0,0.0,9.0,4.0,0.0,0.0,0.0,0.0,0.0,0.0,0.0,0.0,4.0,12.0,1.0,12.15,5.01,2.5,1.49,0.0,0.0,0.0,0.4,0.0,-0.3,0.0,-1.3,-169.70000000000002,0.0,0.0,169.8,0.0,21.9,29.9,29.8,30.5,300.0,300.0,31.3,35.1,29.6,28.9,30.700000000000003,4.95,1.99,4.97,0.16,0.0,0.0,1027.0,8228.0,0.0,0.0,0.0,0.0,0.0,1.0,0.0,0.0,0.0,0.0,0.0,-1.0,0.0,1.2000000000000002,0.0,0.0001,16.0,25903.0
2026-07-30T19:00:04.743Z,174.226,174.24,0.0,7.4,0.0,0.0,0.0,0.0,0.0,0.0,0.0,0.0,1.0,0.0,0.0,0.0,9.0,4.0,0.0,0.0,0.0,0.0,0.0,0.0,0.0,0.0,5.0,12.0,1.0,12.15,5.01,2.5,1.49,0.0,0.0,0.0,0.4,0.0,0.2,-1.1,-0.7000000000000001,-169.70000000000002,0.0,0.0,169.8,0.0,21.9,29.9,29.8,30.5,300.0,300.0,31.3,35.1,29.6,28.9,30.700000000000003,4.96,1.99,4.96,0.16,0.0,0.0,1027.0,8228.0,0.0,0.0,0.0,0.0,0.0,1.0,0.0,0.0,0.0,0.0,0.0,-1.8,0.0,0.4,0.0,0.0,16.0,25903.0
2026-07-30T19:00:04.755Z,174.238,174.252,0.0,7.4,0.0,0.0,0.0,0.0,0.0,0.0,0.0,0.0,1.0,0.0,0.0,0.0,9.0,4.0,0.0,0.0,0.0,0.0,0.0,0.0,0.0,0.0,6.0,12.0,1.0,12.15,5.01,2.5,1.49,0.0,0.1,0.0,0.4,0.0,0.2,0.0,0.4,-169.70000000000002,0.0,0.0,169.8,0.0,21.9,29.9,29.8,30.5,300.0,300.0,31.3,35.1,29.6,28.9,30.700000000000003,4.96,1.99,4.97,0.16,0.0,0.0,1027.0,8228.0,0.0,0.0,0.0,0.0,0.0,1.0,0.0,0.0,0.0,0.0,0.0,0.4,0.0,-0.3,0.0,0.0001,16.0,25903.0
2026-07-30T19:00:04.768Z,174.251,174.264,0.0,7.4,0.0,0.0,0.0,0.0,0.0,0.0,0.0,0.0,1.0,0.0,0.0,0.0,9.0,4.0,0.0,0.0,0.0,0.0,0.0,0.0,0.0,0.0,1.0,12.0,1.0,12.15,5.01,2.5,1.49,0.0,0.0,0.0,0.4,0.0,-0.8,0.6000000000000001,-0.6000000000000001,-169.70000000000002,0.0,0.0,169.8,0.0,21.9,29.9,29.8,30.5,300.0,300.0,31.3,35.1,29.6,28.9,30.700000000000003,4.95,2.0,4.97,0.16,0.0,0.0,1027.0,8228.0,0.0,0.0,0.0,0.0,0.0,1.0,0.0,0.0,0.0,0.0,0.0,0.2,0.0,0.7000000000000001,0.0,0.0,16.0,25903.0
2026-07-30T19:00:04.780Z,174.263,174.276,0.0,7.4,0.0,0.0,0.0,0.0,0.0,0.0,0.0,0.0,1.0,0.0,0.0,0.0,9.0,4.0,0.0,0.0,0.0,0.0,0.0,0.0,0.0,0.0,1.0,12.0,1.0,12.15,5.01,2.5,1.49,0.0,0.0,0.0,0.5,0.0,0.2,0.7000000000000001,1.0,-169.70000000000002,0.0,0.0,169.70000000000002,0.0,21.9,29.9,29.8,30.5,300.0,300.0,31.3,35.1,29.6,28.9,30.700000000000003,4.96,2.0,4.97,0.16,0.0,0.0,1027.0,8228.0,0.0,0.0,0.0,0.0,0.0,1.0,0.0,0.0,0.0,0.0,0.0,1.5,0.0,-0.7000000000000001,0.0,0.0,16.0,25903.0
2026-07-30T19:00:04.792Z,174.275,174.288,0.0,7.4,0.0,0.0,0.0,0.0,0.0,0.0,0.0,0.0,1.0,0.0,0.0,0.0,9.0,4.0,0.0,0.0,0.0,0.0,0.0,0.0,0.0,0.0,2.0,12.0,1.0,12.15,5.01,2.5,1.49,0.0,0.1,0.0,0.5,0.0,-0.2,-0.4,-1.8,-169.70000000000002,0.0,0.0,169.70000000000002,0.0,21.9,29.9,29.8,30.5,300.0,300.0,31.3,35.1,29.6,28.9,30.700000000000003,4.95,1.99,4.96,0.16,0.0,0.0,1027.0,8228.0,0.0,0.0,0.0,0.0,0.0,1.0,0.0,0.0,0.0,0.0,0.0,-1.9,0.0,1.5,0.0,0.0001,16.0,25903.0
2026-07-30T19:00:04.804Z,174.287,174.3,0.0,7.4,0.0,0.0,0.0,0.0,0.0,0.0,0.0,0.0,1.0,0.0,0.0,0.0,9.0,4.0,0.0,0.0,0.0,0.0,0.0,0.0,0.0,0.0,3.0,12.0,1.0,12.15,5.01,2.5,1.49,0.0,0.0,0.0,0.5,0.0,-0.2,0.1,1.1,-169.70000000000002,0.0,0.0,169.70000000000002,0.0,21.9,29.9,29.8,30.5,300.0,300.0,31.3,35.1,29.6,28.9,30.700000000000003,4.95,1.99,4.97,0.16,0.0,0.0,1027.0,8228.0,0.0,0.0,0.0,0.0,0.0,1.0,0.0,0.0,0.0,0.0,0.0,0.9,0.0,-0.9,0.0,0.0,16.0,25903.0
2026-07-30T19:00:04.816Z,174.299,174.312,0.0,7.4,0.0,0.0,0.0,0.0,0.0,0.0,0.0,0.0,1.0,0.0,0.0,0.0,9.0,4.0,0.0,0.0,0.0,0.0,0.0,0.0,0.0,0.0,4.0,12.0,1.0,12.18,5.0200000000000005,2.51,1.49,0.0,0.1,0.0,0.4,0.0,-0.2,0.1,0.0,-169.70000000000002,0.0,0.0,169.70000000000002,0.0,21.4,29.9,29.8,30.5,300.0,300.0,31.200000000000003,35.1,29.6,28.9,30.700000000000003,4.96,1.99,4.97,0.16,0.0,0.0,1027.0,8228.0,0.0,0.0,0.0,0.0,0.0,1.0,0.0,0.0,0.0,0.0,0.0,0.0,0.0,0.1,0.0,0.0001,16.0,25903.0
2026-07-30T19:00:04.837Z,174.32,174.324,0.0,7.4,0.0,0.0,0.0,0.0,0.0,0.0,0.0,0.0,1.0,0.0,0.0,0.0,9.0,4.0,0.0,0.0,0.0,0.0,0.0,0.0,0.0,0.0,5.0,12.0,1.0,12.18,5.0200000000000005,2.51,1.49,0.0,0.1,0.0,0.4,0.0,-0.3,0.7000000000000001,1.1,-169.70000000000002,0.0,0.0,169.8,0.0,21.4,29.9,29.8,30.5,300.0,300.0,31.200000000000003,35.1,29.6,28.9,30.700000000000003,4.96,1.99,4.96,0.16,0.0,0.0,1027.0,8228.0,0.0,0.0,0.0,0.0,0.0,1.0,0.0,0.0,0.0,0.0,0.0,1.6,0.0,-0.8,0.0,0.0,16.0,25903.0
2026-07-30T19:00:04.843Z,174.326,174.336,0.0,7.4,0.0,0.0,0.0,0.0,0.0,0.0,0.0,0.0,1.0,0.0,0.0,0.0,9.0,4.0,0.0,0.0,0.0,0.0,0.0,0.0,0.0,0.0,2.0,12.0,1.0,12.18,5.0200000000000005,2.51,1.49,0.0,0.0,0.0,0.4,0.0,-0.2,0.1,-0.6000000000000001,-169.70000000000002,0.0,0.0,169.8,0.0,21.4,29.9,29.8,30.5,300.0,300.0,31.200000000000003,35.1,29.6,28.9,30.700000000000003,4.95,1.99,4.97,0.16,0.0,0.0,1027.0,8228.0,0.0,0.0,0.0,0.0,0.0,1.0,0.0,0.0,0.0,0.0,0.0,-0.3,0.0,0.6000000000000001,0.0,0.0,16.0,25903.0
2026-07-30T19:00:04.851Z,174.334,174.348,0.0,7.4,0.0,0.0,0.0,0.0,0.0,0.0,0.0,0.0,1.0,0.0,0.0,0.0,9.0,4.0,0.0,0.0,0.0,0.0,0.0,0.0,0.0,0.0,5.0,12.0,1.0,12.18,5.0200000000000005,2.51,1.49,0.0,0.1,0.0,0.5,0.0,-0.2,0.1,0.4,-169.70000000000002,0.0,0.0,169.70000000000002,0.0,21.4,29.9,29.8,30.5,300.0,300.0,31.200000000000003,35.1,29.6,28.9,30.700000000000003,4.95,1.99,4.96,0.16,0.0,0.0,1027.0,8228.0,0.0,0.0,0.0,0.0,0.0,1.0,0.0,0.0,0.0,0.0,0.0,0.5,0.0,-0.4,0.0,0.0001,16.0,25903.0
2026-07-30T19:00:04.863Z,174.346,174.36,0.0,7.4,0.0,0.0,0.0,0.0,0.0,0.0,0.0,0.0,1.0,0.0,0.0,0.0,9.0,4.0,0.0,0.0,0.0,0.0,0.0,0.0,0.0,0.0,6.0,12.0,1.0,12.18,5.0200000000000005,2.51,1.49,0.0,0.0,0.0,0.4,0.0,0.3,-0.4,0.0,-169.70000000000002,0.0,0.0,169.70000000000002,0.0,21.4,29.9,29.8,30.5,300.0,300.0,31.200000000000003,35.1,29.6,28.9,30.700000000000003,4.95,1.99,4.96,0.16,0.0,0.0,1027.0,8228.0,0.0,0.0,0.0,0.0,0.0,1.0,0.0,0.0,0.0,0.0,0.0,-0.5,0.0,0.0,0.0,0.0001,16.0,25903.0
2026-07-30T19:00:04.875Z,174.358,174.372,0.0,7.4,0.0,0.0,0.0,0.0,0.0,0.0,0.0,0.0,1.0,0.0,0.0,0.0,9.0,4.0,0.0,0.0,0.0,0.0,0.0,0.0,0.0,0.0,1.0,12.0,1.0,12.18,5.0200000000000005,2.51,1.49,0.0,0.0,0.0,0.4,0.0,-0.2,0.1,0.4,-169.70000000000002,0.0,0.0,169.70000000000002,0.0,21.4,29.9,29.8,30.5,300.0,300.0,31.200000000000003,35.1,29.6,28.9,30.700000000000003,4.95,1.99,4.97,0.16,0.0,0.0,1027.0,8228.0,0.0,0.0,0.0,0.0,0.0,1.0,0.0,0.0,0.0,0.0,0.0,0.5,0.0,-0.4,0.0,0.0002,16.0,25903.0
2026-07-30T19:00:04.887Z,174.37,174.384,0.0,7.4,0.0,0.0,0.0,0.0,0.0,0.0,0.0,0.0,1.0,0.0,0.0,0.0,9.0,4.0,0.0,0.0,0.0,0.0,0.0,0.0,0.0,0.0,2.0,12.0,1.0,12.18,5.0200000000000005,2.51,1.49,0.0,0.0,0.0,0.4,0.0,-0.8,-0.9,0.0,-169.70000000000002,0.0,0.0,169.8,0.0,21.4,29.9,29.8,30.5,300.0,300.0,31.200000000000003,35.1,29.6,28.9,30.700000000000003,4.95,2.0,4.97,0.16,0.0,0.0,1027.0,8228.0,0.0,0.0,0.0,0.0,0.0,1.0,0.0,0.0,0.0,0.0,0.0,-1.1,0.0,-0.1,0.0,0.0,16.0,25903.0
2026-07-30T19:00:04.899Z,174.382,174.39600000000002,0.0,7.4,0.0,0.0,0.0,0.0,0.0,0.0,0.0,0.0,1.0,0.0,0.0,0.0,9.0,4.0,0.0,0.0,0.0,0.0,0.0,0.0,0.0,0.0,4.0,12.0,1.0,12.18,5.0200000000000005,2.51,1.49,0.0,0.0,0.0,0.4,0.0,-0.1,-0.4,-0.6000000000000001,-169.70000000000002,0.0,0.0,169.70000000000002,0.0,21.4,29.9,29.8,30.5,300.0,300.0,31.200000000000003,35.1,29.6,28.9,30.700000000000003,4.95,1.99,4.96,0.16,0.0,0.0,1027.0,8228.0,0.0,0.0,0.0,0.0,0.0,1.0,0.0,0.0,0.0,0.0,0.0,-0.9,0.0,0.5,0.0,0.0,16.0,25903.0
2026-07-30T19:00:04.911Z,174.394,174.40800000000002,0.0,7.4,0.0,0.0,0.0,0.0,0.0,0.0,0.0,0.0,1.0,0.0,0.0,0.0,9.0,4.0,0.0,0.0,0.0,0.0,0.0,0.0,0.0,0.0,5.0,12.0,1.0,12.18,5.0200000000000005,2.51,1.49,0.0,0.0,0.0,0.4,0.0,0.3,1.3,1.6,-169.70000000000002,0.0,0.0,169.8,0.0,21.4,29.9,29.8,30.5,300.0,300.0,31.200000000000003,35.1,29.6,28.9,30.700000000000003,4.96,1.99,4.96,0.16,0.0,0.0,1027.0,8228.0,0.0,0.0,0.0,0.0,0.0,1.0,0.0,0.0,0.0,0.0,0.0,2.7,0.0,-1.2000000000000002,0.0,0.0,16.0,25903.0
2026-07-30T19:00:04.924Z,174.407,174.42000000000002,0.0,7.4,0.0,0.0,0.0,0.0,0.0,0.0,0.0,0.0,1.0,0.0,0.0,0.0,9.0,4.0,0.0,0.0,0.0,0.0,0.0,0.0,0.0,0.0,6.0,12.0,1.0,12.18,5.0200000000000005,2.51,1.5,0.0,0.0,0.0,0.4,0.0,0.3,-0.3,-0.6000000000000001,-169.70000000000002,0.0,0.0,169.8,0.0,21.3,29.9,29.8,30.5,300.0,300.0,31.200000000000003,35.1,29.6,28.9,30.700000000000003,4.95,1.99,4.97,0.16,0.0,0.0,1027.0,8228.0,0.0,0.0,0.0,0.0,0.0,1.0,0.0,0.0,0.0,0.0,0.0,-0.9,0.0,0.5,0.0,0.0002,16.0,25903.0
2026-07-30T19:00:04.935Z,174.418,174.43200000000002,0.0,7.4,0.0,0.0,0.0,0.0,0.0,0.0,0.0,0.0,1.0,0.0,0.0,0.0,9.0,4.0,0.0,0.0,0.0,0.0,0.0,0.0,0.0,0.0,2.0,12.0,1.0,12.18,5.0200000000000005,2.51,1.5,0.0,0.1,0.0,0.4,0.0,-0.2,-0.3,1.0,-169.70000000000002,0.0,0.0,169.8,0.0,21.3,29.9,29.8,30.5,300.0,300.0,31.200000000000003,35.1,29.6,28.9,30.700000000000003,4.96,2.0,4.96,0.16,0.0,0.0,1027.0,8228.0,0.0,0.0,0.0,0.0,0.0,1.0,0.0,0.0,0.0,0.0,0.0,0.3,0.0,-1.0,0.0,0.0,16.0,25903.0
2026-07-30T19:00:04.947Z,174.43,174.44400000000002,0.0,7.4,0.0,0.0,0.0,0.0,0.0,0.0,0.0,0.0,1.0,0.0,0.0,0.0,9.0,4.0,0.0,0.0,0.0,0.0,0.0,0.0,0.0,0.0,3.0,12.0,1.0,12.18,5.0200000000000005,2.51,1.5,0.0,0.0,0.0,0.4,0.0,-0.2,-0.4,0.4,-169.70000000000002,0.0,0.0,169.70000000000002,0.0,21.3,29.9,29.8,30.5,300.0,300.0,31.200000000000003,35.1,29.6,28.9,30.700000000000003,4.96,2.0,4.96,0.16,0.0,0.0,1027.0,8228.0,0.0,0.0,0.0,0.0,0.0,1.0,0.0,0.0,0.0,0.0,0.0,-0.1,0.0,-0.5,0.0,0.0,16.0,25903.0
2026-07-30T19:00:04.959Z,174.442,174.45600000000002,0.0,7.4,0.0,0.0,0.0,0.0,0.0,0.0,0.0,0.0,1.0,0.0,0.0,0.0,9.0,4.0,0.0,0.0,0.0,0.0,0.0,0.0,0.0,0.0,4.0,12.0,1.0,12.18,5.0200000000000005,2.51,1.5,0.0,0.0,0.0,0.5,0.0,-0.8,0.1,1.0,-169.70000000000002,0.0,0.0,169.8,0.0,21.3,29.9,29.8,30.5,300.0,300.0,31.200000000000003,35.1,29.6,28.9,30.700000000000003,4.95,1.99,4.96,0.16,0.0,0.0,1027.0,8228.0,0.0,0.0,0.0,0.0,0.0,1.0,0.0,0.0,0.0,0.0,0.0,0.9,0.0,-0.8,0.0,0.0001,16.0,25903.0
2026-07-30T19:00:04.971Z,174.454,174.46800000000002,0.0,7.4,0.0,0.0,0.0,0.0,0.0,0.0,0.0,0.0,1.0,0.0,0.0,0.0,9.0,4.0,0.0,0.0,0.0,0.0,0.0,0.0,0.0,0.0,5.0,12.0,1.0,12.18,5.0200000000000005,2.51,1.5,0.0,0.0,0.0,0.4,0.0,0.3,0.1,-0.7000000000000001,-169.70000000000002,0.0,0.0,169.8,0.0,21.3,29.9,29.8,30.5,300.0,300.0,31.200000000000003,35.1,29.6,28.9,30.700000000000003,4.95,1.99,4.97,0.16,0.0,0.0,1027.0,8228.0,0.0,0.0,0.0,0.0,0.0,1.0,0.0,0.0,0.0,0.0,0.0,-0.3,0.0,0.7000000000000001,0.0,0.0001,16.0,25903.0
2026-07-30T19:00:04.983Z,174.466,174.48,0.0,7.4,0.0,0.0,0.0,0.0,0.0,0.0,0.0,0.0,1.0,0.0,0.0,0.0,9.0,4.0,0.0,0.0,0.0,0.0,0.0,0.0,0.0,0.0,6.0,12.0,1.0,12.18,5.0200000000000005,2.51,1.5,0.0,0.0,0.0,0.4,0.0,0.8,-1.5,-1.3,-169.70000000000002,0.0,0.0,169.8,0.0,21.3,29.9,29.8,30.5,300.0,300.0,31.200000000000003,35.1,29.6,28.9,30.700000000000003,4.96,1.99,4.96,0.16,0.0,0.0,1027.0,8228.0,0.0,0.0,0.0,0.0,0.0,1.0,0.0,0.0,0.0,0.0,0.0,-2.7,0.0,0.8,0.0,0.0001,16.0,25903.0
2026-07-30T19:00:04.995Z,174.478,174.492,0.0,7.4,0.0,0.0,0.0,0.0,0.0,0.0,0.0,0.0,1.0,0.0,0.0,0.0,9.0,4.0,0.0,0.0,0.0,0.0,0.0,0.0,0.0,0.0,1.0,12.0,1.0,12.18,5.0200000000000005,2.51,1.5,0.0,0.0,0.0,0.4,0.0,-0.2,0.7000000000000001,-0.1,-169.70000000000002,0.0,0.0,169.70000000000002,0.0,21.3,29.9,29.8,30.5,300.0,300.0,31.200000000000003,35.1,29.6,28.9,30.700000000000003,4.96,1.99,4.97,0.16,0.0,0.0,1027.0,8228.0,0.0,0.0,0.0,0.0,0.0,1.0,0.0,0.0,0.0,0.0,0.0,0.8,0.0,0.2,0.0,0.0,16.0,25903.0
2026-07-30T19:00:05.007Z,174.49,174.504,0.0,7.4,0.0,0.0,0.0,0.0,0.0,0.0,0.0,0.0,1.0,0.0,0.0,0.0,9.0,4.0,0.0,0.0,0.0,0.0,0.0,0.0,0.0,0.0,2.0,12.0,1.0,12.18,5.0200000000000005,2.51,1.5,0.0,0.0,0.0,0.4,0.0,0.3,-0.4,0.4,-169.70000000000002,0.0,0.0,169.70000000000002,0.0,21.3,29.9,29.8,30.5,300.0,300.0,31.200000000000003,35.1,29.6,28.9,30.700000000000003,4.95,1.99,4.97,0.16,0.0,0.0,1027.0,8228.0,0.0,0.0,0.0,0.0,0.0,1.0,0.0,0.0,0.0,0.0,0.0,-0.1,0.0,-0.4,0.0,0.0,16.0,25903.0
2026-07-30T19:00:05.021Z,174.504,174.516,0.0,7.4,0.0,0.0,0.0,0.0,0.0,0.0,0.0,0.0,1.0,0.0,0.0,0.0,9.0,4.0,0.0,0.0,0.0,0.0,0.0,0.0,0.0,0.0,3.0,12.0,1.0,12.18,5.0200000000000005,2.51,1.49,-0.1,0.0,0.0,0.4,0.0,-0.8,-0.9,-0.1,-169.70000000000002,0.0,0.0,169.70000000000002,0.0,21.4,29.9,29.8,30.4,300.0,300.0,31.1,35.1,29.6,28.9,30.700000000000003,4.96,1.99,4.96,0.16,0.0,0.0,1027.0,8228.0,0.0,0.0,0.0,0.0,0.0,1.0,0.0,0.0,0.0,0.0,0.0,-1.2000000000000002,0.0,0.0,0.0,0.0,16.0,25903.0
2026-07-30T19:00:05.031Z,174.514,174.528,0.0,7.4,0.0,0.0,0.0,0.0,0.0,0.0,0.0,0.0,1.0,0.0,0.0,0.0,9.0,4.0,0.0,0.0,0.0,0.0,0.0,0.0,0.0,0.0,4.0,12.0,1.0,12.18,5.0200000000000005,2.51,1.49,0.0,0.0,0.0,0.4,0.0,0.3,-1.0,-0.7000000000000001,-169.70000000000002,0.0,0.0,169.70000000000002,0.0,21.4,29.9,29.8,30.4,300.0,300.0,31.1,35.1,29.6,28.9,30.700000000000003,4.95,2.0,4.96,0.16,0.0,0.0,1027.0,8228.0,0.0,0.0,0.0,0.0,0.0,1.0,0.0,0.0,0.0,0.0,0.0,-1.7000000000000002,0.0,0.4,0.0,0.0,16.0,25903.0
2026-07-30T19:00:05.043Z,174.526,174.54,0.0,7.4,0.0,0.0,0.0,0.0,0.0,0.0,0.0,0.0,1.0,0.0,0.0,0.0,9.0,4.0,0.0,0.0,0.0,0.0,0.0,0.0,0.0,0.0,5.0,12.0,1.0,12.18,5.0200000000000005,2.51,1.49,0.0,0.0,0.0,0.4,0.0,-0.8,0.7000000000000001,-0.1,-169.70000000000002,0.0,0.0,169.8,0.0,21.4,29.9,29.8,30.4,300.0,300.0,31.1,35.1,29.6,28.9,30.700000000000003,4.95,1.99,4.97,0.16,0.0,0.0,1027.0,8228.0,0.0,0.0,0.0,0.0,0.0,1.0,0.0,0.0,0.0,0.0,0.0,0.6000000000000001,0.0,0.3,0.0,0.0001,16.0,25903.0
2026-07-30T19:00:05.056Z,174.539,174.552,0.0,7.4,0.0,0.0,0.0,0.0,0.0,0.0,0.0,0.0,1.0,0.0,0.0,0.0,9.0,4.0,0.0,0.0,0.0,0.0,0.0,0.0,0.0,0.0,1.0,12.0,1.0,12.18,5.0200000000000005,2.51,1.49,0.0,0.0,0.0,0.4,0.0,0.3,1.2000000000000002,0.9,-169.70000000000002,0.0,0.0,169.70000000000002,0.0,21.4,29.9,29.8,30.4,300.0,300.0,31.1,35.1,29.6,28.9,30.700000000000003,4.95,1.99,4.97,0.16,0.0,0.0,1027.0,8228.0,0.0,0.0,0.0,0.0,0.0,1.0,0.0,0.0,0.0,0.0,0.0,2.1,0.0,-0.5,0.0,0.0001,16.0,25903.0
2026-07-30T19:00:05.067Z,174.55,174.564,0.0,7.4,0.0,0.0,0.0,0.0,0.0,0.0,0.0,0.0,1.0,0.0,0.0,0.0,9.0,4.0,0.0,0.0,0.0,0.0,0.0,0.0,0.0,0.0,2.0,12.0,1.0,12.18,5.0200000000000005,2.51,1.49,0.0,0.0,0.0,0.4,0.0,-0.2,-0.4,0.3,-169.70000000000002,0.0,0.0,169.70000000000002,0.0,21.4,29.9,29.8,30.4,300.0,300.0,31.1,35.1,29.6,28.9,30.700000000000003,4.96,1.99,4.96,0.16,0.0,0.0,1027.0,8228.0,0.0,0.0,0.0,0.0,0.0,1.0,0.0,0.0,0.0,0.0,0.0,-0.2,0.0,-0.4,0.0,0.0001,16.0,25903.0
2026-07-30T19:00:05.079Z,174.562,174.576,0.0,7.4,0.0,0.0,0.0,0.0,0.0,0.0,0.0,0.0,1.0,0.0,0.0,0.0,9.0,4.0,0.0,0.0,0.0,0.0,0.0,0.0,0.0,0.0,3.0,12.0,1.0,12.18,5.0200000000000005,2.51,1.49,0.0,0.0,0.0,0.4,0.0,0.3,-1.0,-0.8,-169.70000000000002,0.0,0.0,169.70000000000002,0.0,21.4,29.9,29.8,30.4,300.0,300.0,31.1,35.1,29.6,28.9,30.700000000000003,4.95,1.99,4.97,0.16,0.0,0.0,1027.0,8228.0,0.0,0.0,0.0,0.0,0.0,1.0,0.0,0.0,0.0,0.0,0.0,-1.8,0.0,0.5,0.0,0.0001,16.0,25903.0
2026-07-30T19:00:05.091Z,174.574,174.588,0.0,7.4,0.0,0.0,0.0,0.0,0.0,0.0,0.0,0.0,1.0,0.0,0.0,0.0,9.0,4.0,0.0,0.0,0.0,0.0,0.0,0.0,0.0,0.0,4.0,12.0,1.0,12.18,5.0200000000000005,2.51,1.49,0.0,0.0,0.0,0.5,0.0,0.3,0.6000000000000001,-0.8,-169.70000000000002,0.0,0.0,169.8,0.0,21.4,29.9,29.8,30.4,300.0,300.0,31.1,35.1,29.6,28.9,30.700000000000003,4.95,1.99,4.97,0.16,0.0,0.0,1027.0,8228.0,0.0,0.0,0.0,0.0,0.0,1.0,0.0,0.0,0.0,0.0,0.0,0.1,0.0,0.9,0.0,0.0,16.0,25903.0
2026-07-30T19:00:05.104Z,174.587,174.6,0.0,7.4,0.0,0.0,0.0,0.0,0.0,0.0,0.0,0.0,1.0,0.0,0.0,0.0,9.0,4.0,0.0,0.0,0.0,0.0,0.0,0.0,0.0,0.0,5.0,12.0,1.0,12.18,5.0200000000000005,2.51,1.49,0.0,0.0,0.0,0.4,0.0,0.2,1.3,-0.8,-169.70000000000002,0.0,0.0,169.8,0.0,21.4,29.9,29.8,30.4,300.0,300.0,31.1,35.1,29.6,28.9,30.700000000000003,4.96,2.0,4.97,0.16,0.0,0.0,1027.0,8228.0,0.0,0.0,0.0,0.0,0.0,1.0,0.0,0.0,0.0,0.0,0.0,0.8,0.0,1.0,0.0,0.0002,16.0,25903.0
2026-07-30T19:00:05.116Z,174.599,174.612,0.0,7.4,0.0,0.0,0.0,0.0,0.0,0.0,0.0,0.0,1.0,0.0,0.0,0.0,9.0,4.0,0.0,0.0,0.0,0.0,0.0,0.0,0.0,0.0,5.0,12.0,1.0,12.18,5.0200000000000005,2.51,1.49,0.0,0.0,0.0,0.4,0.0,0.8,0.1,-0.8,-169.70000000000002,0.0,0.0,169.8,0.0,21.4,29.9,29.8,30.4,300.0,300.0,31.1,35.1,29.6,28.9,30.700000000000003,4.95,2.0,4.97,0.16,0.0,0.0,1027.0,8228.0,0.0,0.0,0.0,0.0,0.0,1.0,0.0,0.0,0.0,0.0,0.0,-0.4,0.0,0.7000000000000001,0.0,0.0,16.0,25903.0
2026-07-30T19:00:05.127Z,174.61,174.624,0.0,7.4,0.0,0.0,0.0,0.0,0.0,0.0,0.0,0.0,1.0,0.0,0.0,0.0,9.0,4.0,0.0,0.0,0.0,0.0,0.0,0.0,0.0,0.0,6.0,12.0,1.0,12.17,5.01,2.51,1.49,0.0,0.0,0.0,0.4,0.0,-0.3,1.2000000000000002,0.3,-169.70000000000002,0.0,0.0,169.8,0.0,21.700000000000003,29.9,29.8,30.5,300.0,300.0,31.1,35.1,29.6,28.9,30.700000000000003,4.95,1.99,4.97,0.16,0.0,0.0,1027.0,8228.0,0.0,0.0,0.0,0.0,0.0,1.0,0.0,0.0,0.0,0.0,0.0,1.6,0.0,0.0,0.0,0.0001,16.0,25903.0
2026-07-30T19:00:05.141Z,174.624,174.636,0.0,7.4,0.0,0.0,0.0,0.0,0.0,0.0,0.0,0.0,1.0,0.0,0.0,0.0,9.0,4.0,0.0,0.0,0.0,0.0,0.0,0.0,0.0,0.0,1.0,12.0,1.0,12.17,5.01,2.51,1.49,0.0,0.0,0.0,0.4,0.0,-0.3,0.0,0.3,-169.70000000000002,0.0,0.0,169.8,0.0,21.700000000000003,29.9,29.8,30.5,300.0,300.0,31.1,35.1,29.6,28.9,30.700000000000003,4.95,2.0,4.96,0.16,0.0,0.0,1027.0,8228.0,0.0,0.0,0.0,0.0,0.0,1.0,0.0,0.0,0.0,0.0,0.0,0.3,0.0,-0.2,0.0,0.0,16.0,25903.0
2026-07-30T19:00:05.158Z,174.641,174.648,0.0,7.4,0.0,0.0,0.0,0.0,0.0,0.0,0.0,0.0,1.0,0.0,0.0,0.0,9.0,4.0,0.0,0.0,0.0,0.0,0.0,0.0,0.0,0.0,1.0,12.0,1.0,12.17,5.01,2.51,1.49,0.0,0.0,0.0,0.4,0.0,0.8,0.6000000000000001,-0.8,-169.70000000000002,0.0,0.0,169.8,0.0,21.700000000000003,29.9,29.8,30.5,300.0,300.0,31.1,35.1,29.6,28.9,30.700000000000003,4.96,1.99,4.96,0.16,0.0,0.0,1027.0,8228.0,0.0,0.0,0.0,0.0,0.0,1.0,0.0,0.0,0.0,0.0,0.0,1.4,0.0,-0.6000000000000001,0.0,0.0,16.0,25903.0
2026-07-30T19:00:05.163Z,174.646,174.66,0.0,7.4,0.0,0.0,0.0,0.0,0.0,0.0,0.0,0.0,1.0,0.0,0.0,0.0,9.0,4.0,0.0,0.0,0.0,0.0,0.0,0.0,0.0,0.0,4.0,12.0,1.0,12.17,5.01,2.51,1.49,0.0,0.0,0.0,0.4,0.0,0.8,0.0,-0.2,-169.70000000000002,0.0,0.0,169.8,0.0,21.700000000000003,29.9,29.8,30.5,300.0,300.0,31.1,35.1,29.6,28.9,30.700000000000003,4.95,1.99,4.97,0.16,0.0,0.0,1027.0,8228.0,0.0,0.0,0.0,0.0,0.0,1.0,0.0,0.0,0.0,0.0,0.0,-1.1,0.0,0.6000000000000001,0.0,0.0,16.0,25903.0
2026-07-30T19:00:05.175Z,174.658,174.672,0.0,7.4,0.0,0.0,0.0,0.0,0.0,0.0,0.0,0.0,1.0,0.0,0.0,0.0,9.0,4.0,0.0,0.0,0.0,0.0,0.0,0.0,0.0,0.0,3.0,12.0,1.0,12.17,5.01,2.51,1.49,0.0,0.0,0.0,0.4,0.0,-0.3,0.6000000000000001,0.3,-169.70000000000002,0.0,0.0,169.8,0.0,21.700000000000003,29.9,29.8,30.5,300.0,300.0,31.1,35.1,29.6,28.9,30.700000000000003,4.96,1.99,4.97,0.16,0.0,0.0,1027.0,8228.0,0.0,0.0,0.0,0.0,0.0,1.0,0.0,0.0,0.0,0.0,0.0,-0.8,0.0,0.1,0.0,0.0,16.0,25903.0
2026-07-30T19:00:05.187Z,174.67,174.684,0.0,7.4,0.0,0.0,0.0,0.0,0.0,0.0,0.0,0.0,1.0,0.0,0.0,0.0,9.0,4.0,0.0,0.0,0.0,0.0,0.0,0.0,0.0,0.0,5.0,12.0,1.0,12.17,5.01,2.51,1.49,0.0,0.1,0.0,0.4,0.0,-0.9,0.0,-2.5,-169.70000000000002,0.0,0.0,169.8,0.0,21.700000000000003,29.9,29.8,30.5,300.0,300.0,31.1,35.1,29.6,28.9,30.700000000000003,4.96,1.99,4.97,0.16,0.0,0.0,1027.0,8228.0,0.0,0.0,0.0,0.0,0.0,1.0,0.0,0.0,0.0,0.0,0.0,-0.1,0.0,0.2,0.0,0.0001,16.0,25903.0
2026-07-30T19:00:05.199Z,174.682,174.696,0.0,7.4,0.0,0.0,0.0,0.0,0.0,0.0,0.0,0.0,1.0,0.0,0.0,0.0,9.0,4.0,0.0,0.0,0.0,0.0,0.0,0.0,0.0,0.0,6.0,12.0,1.0,12.17,5.01,2.51,1.49,0.0,0.0,0.0,0.4,0.0,-0.9,0.6000000000000001,0.3,-169.70000000000002,0.0,0.0,169.8,0.0,21.700000000000003,29.9,29.8,30.5,300.0,300.0,31.1,35.1,29.6,28.9,30.700000000000003,4.96,1.99,4.97,0.16,0.0,0.0,1027.0,8228.0,0.0,0.0,0.0,0.0,0.0,1.0,0.0,0.0,0.0,0.0,0.0,0.9,0.0,-0.1,0.0,0.0,16.0,25903.0
2026-07-30T19:00:05.211Z,174.694,174.708,0.0,7.4,0.0,0.0,0.0,0.0,0.0,0.0,0.0,0.0,1.0,0.0,0.0,0.0,9.0,4.0,0.0,0.0,0.0,0.0,0.0,0.0,0.0,0.0,1.0,12.0,1.0,12.17,5.01,2.51,1.49,0.0,0.0,0.0,0.4,0.0,1.4,0.6000000000000001,1.4,-169.70000000000002,0.0,0.0,169.70000000000002,0.0,21.700000000000003,29.9,29.8,30.5,300.0,300.0,31.1,35.1,29.6,28.9,30.700000000000003,4.95,1.99,4.97,0.16,0.0,0.0,1027.0,8228.0,0.0,0.0,0.0,0.0,0.0,1.0,0.0,0.0,0.0,0.0,0.0,1.8,0.0,-1.1,0.0,0.0001,16.0,25903.0
2026-07-30T19:00:05.224Z,174.707,174.72,0.0,7.4,0.0,0.0,0.0,0.0,0.0,0.0,0.0,0.0,1.0,0.0,0.0,0.0,9.0,4.0,0.0,0.0,0.0,0.0,0.0,0.0,0.0,0.0,2.0,12.0,1.0,12.15,5.01,2.51,1.49,0.0,0.0,0.0,0.4,0.0,0.8,-0.5,-0.8,-169.70000000000002,0.0,0.0,169.8,0.0,21.8,29.8,29.8,30.4,300.0,300.0,31.1,35.1,29.6,28.9,30.700000000000003,4.96,2.0,4.96,0.16,0.0,0.0,1027.0,8228.0,0.0,0.0,0.0,0.0,0.0,1.0,0.0,0.0,0.0,0.0,0.0,-1.1,0.0,0.6000000000000001,0.0,0.0002,16.0,25903.0
2026-07-30T19:00:05.235Z,174.718,174.732,0.0,7.4,0.0,0.0,0.0,0.0,0.0,0.0,0.0,0.0,1.0,0.0,0.0,0.0,9.0,4.0,0.0,0.0,0.0,0.0,0.0,0.0,0.0,0.0,4.0,12.0,1.0,12.15,5.01,2.51,1.49,0.0,0.0,0.0,0.4,0.0,-0.9,-1.0,-0.7000000000000001,-169.70000000000002,0.0,0.0,169.8,0.0,21.8,29.8,29.8,30.4,300.0,300.0,31.1,35.1,29.6,28.9,30.700000000000003,4.96,1.99,4.97,0.16,0.0,0.0,1027.0,8228.0,0.0,0.0,0.0,0.0,0.0,1.0,0.0,0.0,0.0,0.0,0.0,-1.8,0.0,0.4,0.0,0.0001,16.0,25903.0
2026-07-30T19:00:05.247Z,174.73,174.744,0.0,7.4,0.0,0.0,0.0,0.0,0.0,0.0,0.0,0.0,1.0,0.0,0.0,0.0,9.0,4.0,0.0,0.0,0.0,0.0,0.0,0.0,0.0,0.0,5.0,12.0,1.0,12.15,5.01,2.51,1.49,0.0,0.0,0.0,0.4,0.0,-0.3,1.2000000000000002,0.9,-169.70000000000002,0.0,0.0,169.8,0.0,21.8,29.8,29.8,30.4,300.0,300.0,31.1,35.1,29.6,28.9,30.700000000000003,4.95,1.99,4.97,0.16,0.0,0.0,1027.0,8228.0,0.0,0.0,0.0,0.0,0.0,1.0,0.0,0.0,0.0,0.0,0.0,2.0,0.0,-0.5,0.0,0.0,16.0,25903.0
2026-07-30T19:00:05.259Z,174.742,174.756,0.0,7.4,0.0,0.0,0.0,0.0,0.0,0.0,0.0,0.0,1.0,0.0,0.0,0.0,9.0,4.0,0.0,0.0,0.0,0.0,0.0,0.0,0.0,0.0,1.0,12.0,1.0,12.15,5.01,2.51,1.49,0.0,0.0,0.0,0.5,0.0,-0.9,0.0,-0.2,-169.70000000000002,0.0,0.0,169.70000000000002,0.0,21.8,29.8,29.8,30.4,300.0,300.0,31.1,35.1,29.6,28.9,30.700000000000003,4.96,1.99,4.97,0.16,0.0,0.0,1027.0,8228.0,0.0,0.0,0.0,0.0,0.0,1.0,0.0,0.0,0.0,0.0,0.0,0.0,0.0,0.2,0.0,0.0,16.0,25903.0
2026-07-30T19:00:05.271Z,174.754,174.768,0.0,7.4,0.0,0.0,0.0,0.0,0.0,0.0,0.0,0.0,1.0,0.0,0.0,0.0,9.0,4.0,0.0,0.0,0.0,0.0,0.0,0.0,0.0,0.0,2.0,12.0,1.0,12.15,5.01,2.51,1.49,0.0,0.0,0.0,0.4,0.0,1.4,1.2000000000000002,0.9,-169.70000000000002,0.0,0.0,169.8,0.0,21.8,29.8,29.8,30.4,300.0,300.0,31.1,35.1,29.6,28.9,30.700000000000003,4.96,1.99,4.96,0.16,0.0,0.0,1027.0,8228.0,0.0,0.0,0.0,0.0,0.0,1.0,0.0,0.0,0.0,0.0,0.0,2.0,0.0,-0.5,0.0,0.0,16.0,25903.0
2026-07-30T19:00:05.283Z,174.766,174.78,0.0,7.4,0.0,0.0,0.0,0.0,0.0,0.0,0.0,0.0,1.0,0.0,0.0,0.0,9.0,4.0,0.0,0.0,0.0,0.0,0.0,0.0,0.0,0.0,4.0,12.0,1.0,12.15,5.01,2.51,1.49,0.0,0.0,0.0,0.4,0.0,0.2,0.0,-0.8,-169.70000000000002,0.0,0.0,169.70000000000002,0.0,21.8,29.8,29.8,30.4,300.0,300.0,31.1,35.1,29.6,28.9,30.700000000000003,4.96,1.99,4.97,0.16,0.0,0.0,1027.0,8228.0,0.0,0.0,0.0,0.0,0.0,1.0,0.0,0.0,0.0,0.0,0.0,-0.5,0.0,0.7000000000000001,0.0,0.0001,16.0,25903.0
2026-07-30T19:00:05.295Z,174.778,174.792,0.0,7.4,0.0,0.0,0.0,0.0,0.0,0.0,0.0,0.0,1.0,0.0,0.0,0.0,9.0,4.0,0.0,0.0,0.0,0.0,0.0,0.0,0.0,0.0,5.0,12.0,1.0,12.15,5.01,2.51,1.49,0.0,0.0,0.0,0.4,0.0,-0.9,-1.0,-1.9,-169.70000000000002,0.0,0.0,169.8,0.0,21.8,29.8,29.8,30.4,300.0,300.0,31.1,35.1,29.6,28.9,30.700000000000003,4.95,2.0,4.97,0.16,0.0,0.0,1027.0,8228.0,0.0,0.0,0.0,0.0,0.0,1.0,0.0,0.0,0.0,0.0,0.0,-2.7,0.0,1.5,0.0,0.0001,16.0,25903.0
2026-07-30T19:00:05.307Z,174.79,174.804,0.0,7.4,0.0,0.0,0.0,0.0,0.0,0.0,0.0,0.0,1.0,0.0,0.0,0.0,9.0,4.0,0.0,0.0,0.0,0.0,0.0,0.0,0.0,0.0,1.0,12.0,1.0,12.15,5.01,2.51,1.49,0.0,0.0,0.0,0.4,0.0,0.2,-0.4,1.5,-169.70000000000002,0.0,0.0,169.8,0.0,21.8,29.8,29.8,30.4,300.0,300.0,31.1,35.1,29.6,28.9,30.700000000000003,4.95,2.0,4.96,0.16,0.0,0.0,1027.0,8228.0,0.0,0.0,0.0,0.0,0.0,1.0,0.0,0.0,0.0,0.0,0.0,0.5,0.0,-1.4,0.0,0.0,16.0,25903.0
2026-07-30T19:00:05.319Z,174.802,174.816,0.0,7.4,0.0,0.0,0.0,0.0,0.0,0.0,0.0,0.0,1.0,0.0,0.0,0.0,9.0,4.0,0.0,0.0,0.0,0.0,0.0,0.0,0.0,0.0,2.0,12.0,1.0,12.15,5.01,2.51,1.49,0.0,0.0,0.0,0.4,0.0,0.2,-0.4,-0.7000000000000001,-169.70000000000002,0.0,0.0,169.70000000000002,0.0,21.8,29.8,29.8,30.4,300.0,300.0,31.1,35.1,29.6,28.9,30.700000000000003,4.95,1.99,4.97,0.16,0.0,0.0,1027.0,8228.0,0.0,0.0,0.0,0.0,0.0,1.0,0.0,0.0,0.0,0.0,0.0,-1.0,0.0,0.6000000000000001,0.0,0.0001,16.0,25903.0
2026-07-30T19:00:05.331Z,174.814,174.828,0.0,7.4,0.0,0.0,0.0,0.0,0.0,0.0,0.0,0.0,1.0,0.0,0.0,0.0,9.0,4.0,0.0,0.0,0.0,0.0,0.0,0.0,0.0,0.0,4.0,12.0,1.0,12.11,5.0200000000000005,2.51,1.49,0.0,0.0,0.0,0.4,0.0,0.8,0.0,1.5,-169.70000000000002,0.0,0.0,169.60000000000002,0.0,21.700000000000003,29.8,29.8,30.4,300.0,300.0,31.3,35.1,29.6,28.9,30.700000000000003,4.95,1.99,4.96,0.16,0.0,0.0,1027.0,8228.0,0.0,0.0,0.0,0.0,0.0,1.0,0.0,0.0,0.0,0.0,0.0,1.2000000000000002,0.0,-1.3,0.0,0.0001,16.0,25903.0
2026-07-30T19:00:05.343Z,174.826,174.84,0.0,7.4,0.0,0.0,0.0,0.0,0.0,0.0,0.0,0.0,1.0,0.0,0.0,0.0,9.0,4.0,0.0,0.0,0.0,0.0,0.0,0.0,0.0,0.0,5.0,12.0,1.0,12.11,5.0200000000000005,2.51,1.49,0.0,0.1,0.0,0.4,0.0,0.2,0.1,0.9,-169.70000000000002,0.0,0.0,169.60000000000002,0.0,21.700000000000003,29.8,29.8,30.4,300.0,300.0,31.3,35.1,29.6,28.9,30.700000000000003,4.96,1.99,4.96,0.16,0.0,0.0,1027.0,8228.0,0.0,0.0,0.0,0.0,0.0,1.0,0.0,0.0,0.0,0.0,0.0,0.8,0.0,-0.8,0.0,0.0001,16.0,25903.0
2026-07-30T19:00:05.355Z,174.838,174.852,0.0,7.4,0.0,0.0,0.0,0.0,0.0,0.0,0.0,0.0,1.0,0.0,0.0,0.0,9.0,4.0,0.0,0.0,0.0,0.0,0.0,0.0,0.0,0.0,1.0,12.0,1.0,12.11,5.0200000000000005,2.51,1.49,0.0,0.0,0.0,0.4,0.0,-0.3,-1.0,0.3,-169.70000000000002,0.0,0.0,169.70000000000002,0.0,21.700000000000003,29.8,29.8,30.4,300.0,300.0,31.3,35.1,29.6,28.9,30.700000000000003,4.95,1.99,4.96,0.16,0.0,0.0,1027.0,8228.0,0.0,0.0,0.0,0.0,0.0,1.0,0.0,0.0,0.0,0.0,0.0,-0.9,0.0,-0.5,0.0,0.0,16.0,25903.0
2026-07-30T19:00:05.367Z,174.85,174.864,0.0,7.4,0.0,0.0,0.0,0.0,0.0,0.0,0.0,0.0,1.0,0.0,0.0,0.0,9.0,4.0,0.0,0.0,0.0,0.0,0.0,0.0,0.0,0.0,2.0,12.0,1.0,12.11,5.0200000000000005,2.51,1.49,0.0,0.0,0.0,0.5,0.0,0.2,-0.4,0.4,-169.70000000000002,0.0,0.0,169.60000000000002,0.0,21.700000000000003,29.8,29.8,30.4,300.0,300.0,31.3,35.1,29.6,28.9,30.700000000000003,4.96,1.99,4.97,0.16,0.0,0.0,1027.0,8228.0,0.0,0.0,0.0,0.0,0.0,1.0,0.0,0.0,0.0,0.0,0.0,-0.2,0.0,-0.4,0.0,0.0,16.0,25903.0
2026-07-30T19:00:05.379Z,174.862,174.876,0.0,7.4,0.0,0.0,0.0,0.0,0.0,0.0,0.0,0.0,1.0,0.0,0.0,0.0,9.0,4.0,0.0,0.0,0.0,0.0,0.0,0.0,0.0,0.0,4.0,12.0,1.0,12.11,5.0200000000000005,2.51,1.49,0.0,0.0,0.0,0.5,0.0,0.8,1.2000000000000002,-0.1,-169.70000000000002,0.0,0.0,169.70000000000002,0.0,21.700000000000003,29.8,29.8,30.4,300.0,300.0,31.3,35.1,29.6,28.9,30.700000000000003,4.96,1.99,4.96,0.16,0.0,0.0,1027.0,8228.0,0.0,0.0,0.0,0.0,0.0,1.0,0.0,0.0,0.0,0.0,0.0,1.3,0.0,0.3,0.0,0.0001,16.0,25903.0
2026-07-30T19:00:05.391Z,174.874,174.888,0.0,7.4,0.0,0.0,0.0,0.0,0.0,0.0,0.0,0.0,1.0,0.0,0.0,0.0,9.0,4.0,0.0,0.0,0.0,0.0,0.0,0.0,0.0,0.0,5.0,12.0,1.0,12.11,5.0200000000000005,2.51,1.49,0.0,0.1,0.0,0.4,0.0,0.2,0.1,-0.1,-169.70000000000002,0.0,0.0,169.8,0.0,21.700000000000003,29.8,29.8,30.4,300.0,300.0,31.3,35.1,29.6,28.9,30.700000000000003,4.96,1.99,4.96,0.16,0.0,0.0,1027.0,8228.0,0.0,0.0,0.0,0.0,0.0,1.0,0.0,0.0,0.0,0.0,0.0,0.0,0.0,0.1,0.0,0.0001,16.0,25903.0
2026-07-30T19:00:05.403Z,174.886,174.9,0.0,7.4,0.0,0.0,0.0,0.0,0.0,0.0,0.0,0.0,1.0,0.0,0.0,0.0,9.0,4.0,0.0,0.0,0.0,0.0,0.0,0.0,0.0,0.0,6.0,12.0,1.0,12.11,5.0200000000000005,2.51,1.49,0.0,0.0,0.0,0.4,0.0,-0.8,-0.4,-0.1,-169.70000000000002,0.0,0.0,169.8,0.0,21.700000000000003,29.8,29.8,30.4,300.0,300.0,31.3,35.1,29.6,28.9,30.700000000000003,4.95,1.99,4.96,0.16,0.0,0.0,1027.0,8228.0,0.0,0.0,0.0,0.0,0.0,1.0,0.0,0.0,0.0,0.0,0.0,-0.5,0.0,0.0,0.0,0.0002,16.0,25903.0
2026-07-30T19:00:05.415Z,174.898,174.912,0.0,7.4,0.0,0.0,0.0,0.0,0.0,0.0,0.0,0.0,1.0,0.0,0.0,0.0,9.0,4.0,0.0,0.0,0.0,0.0,0.0,0.0,0.0,0.0,2.0,12.0,1.0,12.11,5.0200000000000005,2.51,1.49,0.0,0.0,0.0,0.4,0.0,0.2,-0.4,1.6,-169.70000000000002,0.0,0.0,169.60000000000002,0.0,21.700000000000003,29.8,29.8,30.4,300.0,300.0,31.3,35.1,29.6,28.9,30.700000000000003,4.96,1.99,4.96,0.16,0.0,0.0,1027.0,8228.0,0.0,0.0,0.0,0.0,0.0,1.0,0.0,0.0,0.0,0.0,0.0,0.6000000000000001,0.0,-1.5,0.0,0.0,16.0,25903.0
2026-07-30T19:00:05.428Z,174.911,174.924,0.0,7.4,0.0,0.0,0.0,0.0,0.0,0.0,0.0,0.0,1.0,0.0,0.0,0.0,9.0,4.0,0.0,0.0,0.0,0.0,0.0,0.0,0.0,0.0,4.0,12.0,1.0,12.17,5.01,2.51,1.49,0.0,0.0,0.0,0.4,0.0,-0.3,0.1,0.4,-169.70000000000002,0.0,0.0,169.8,0.0,21.8,29.8,29.8,30.4,300.0,300.0,31.200000000000003,35.1,29.6,28.9,30.700000000000003,4.96,2.0,4.96,0.16,0.0,0.0,1027.0,8228.0,0.0,0.0,0.0,0.0,0.0,1.0,0.0,0.0,0.0,0.0,0.0,0.5,0.0,-0.3,0.0,0.0002,16.0,25903.0
2026-07-30T19:00:05.439Z,174.922,174.936,0.0,7.4,0.0,0.0,0.0,0.0,0.0,0.0,0.0,0.0,1.0,0.0,0.0,0.0,9.0,4.0,0.0,0.0,0.0,0.0,0.0,0.0,0.0,0.0,5.0,12.0,1.0,12.17,5.01,2.51,1.49,0.0,0.0,0.0,0.4,0.0,-0.3,0.7000000000000001,-0.7000000000000001,-169.70000000000002,0.0,0.0,169.8,0.0,21.8,29.8,29.8,30.4,300.0,300.0,31.200000000000003,35.1,29.6,28.9,30.700000000000003,4.95,1.99,4.96,0.16,0.0,0.0,1027.0,8228.0,0.0,0.0,0.0,0.0,0.0,1.0,0.0,0.0,0.0,0.0,0.0,0.3,0.0,0.7000000000000001,0.0,0.0002,16.0,25903.0
2026-07-30T19:00:05.451Z,174.934,174.948,0.0,7.4,0.0,0.0,0.0,0.0,0.0,0.0,0.0,0.0,1.0,0.0,0.0,0.0,9.0,4.0,0.0,0.0,0.0,0.0,0.0,0.0,0.0,0.0,1.0,12.0,1.0,12.17,5.01,2.51,1.49,0.0,0.1,0.0,0.4,0.0,0.3,0.1,1.0,-169.70000000000002,0.0,0.0,169.60000000000002,0.0,21.8,29.8,29.8,30.4,300.0,300.0,31.200000000000003,35.1,29.6,28.9,30.700000000000003,4.95,1.99,4.97,0.16,0.0,0.0,1027.0,8228.0,0.0,0.0,0.0,0.0,0.0,1.0,0.0,0.0,0.0,0.0,0.0,0.9,0.0,-0.8,0.0,0.0,16.0,25903.0
2026-07-30T19:00:05.473Z,174.956,174.96,0.0,7.4,0.0,0.0,0.0,0.0,0.0,0.0,0.0,0.0,1.0,0.0,0.0,0.0,9.0,4.0,0.0,0.0,0.0,0.0,0.0,0.0,0.0,0.0,2.0,12.0,1.0,12.17,5.01,2.51,1.49,0.0,0.0,0.0,0.4,0.0,0.8,0.7000000000000001,-0.7000000000000001,-169.70000000000002,0.0,0.0,169.60000000000002,0.0,21.8,29.8,29.8,30.4,300.0,300.0,31.200000000000003,35.1,29.6,28.9,30.700000000000003,4.96,2.0,4.96,0.16,0.0,0.0,1027.0,8228.0,0.0,0.0,0.0,0.0,0.0,1.0,0.0,0.0,0.0,0.0,0.0,0.2,0.0,0.7000000000000001,0.0,0.0001,16.0,25903.0
2026-07-30T19:00:05.475Z,174.958,174.972,0.0,7.4,0.0,0.0,0.0,0.0,0.0,0.0,0.0,0.0,1.0,0.0,0.0,0.0,9.0,4.0,0.0,0.0,0.0,0.0,0.0,0.0,0.0,0.0,1.0,12.0,1.0,12.17,5.01,2.51,1.49,0.0,0.0,0.0,0.4,0.0,-0.2,-0.4,-0.1,-169.70000000000002,0.0,0.0,169.8,0.0,21.8,29.8,29.8,30.4,300.0,300.0,31.200000000000003,35.1,29.6,28.9,30.700000000000003,4.96,2.0,4.97,0.16,0.0,0.0,1027.0,8228.0,0.0,0.0,0.0,0.0,0.0,1.0,0.0,0.0,0.0,0.0,0.0,-0.6000000000000001,0.0,0.0,0.0,0.0,16.0,25903.0
2026-07-30T19:00:05.487Z,174.97,174.984,0.0,7.4,0.0,0.0,0.0,0.0,0.0,0.0,0.0,0.0,1.0,0.0,0.0,0.0,9.0,4.0,0.0,0.0,0.0,0.0,0.0,0.0,0.0,0.0,1.0,12.0,1.0,12.17,5.01,2.51,1.49,0.0,0.0,0.0,0.4,0.0,0.2,0.1,0.9,-169.70000000000002,0.0,0.0,169.70000000000002,0.0,21.8,29.8,29.8,30.4,300.0,300.0,31.200000000000003,35.1,29.6,28.9,30.700000000000003,4.95,2.0,4.97,0.16,0.0,0.0,1027.0,8228.0,0.0,0.0,0.0,0.0,0.0,1.0,0.0,0.0,0.0,0.0,0.0,0.8,0.0,-0.8,0.0,0.0002,16.0,25903.0
2026-07-30T19:00:05.499Z,174.982,174.996,0.0,7.4,0.0,0.0,0.0,0.0,0.0,0.0,0.0,0.0,1.0,0.0,0.0,0.0,9.0,4.0,0.0,0.0,0.0,0.0,0.0,0.0,0.0,0.0,2.0,12.0,1.0,12.17,5.01,2.51,1.49,0.0,0.1,0.0,0.4,0.0,0.2,-0.4,-0.1,-169.70000000000002,0.0,0.0,169.70000000000002,0.0,21.8,29.8,29.8,30.4,300.0,300.0,31.200000000000003,35.1,29.6,28.9,30.700000000000003,4.95,2.0,4.96,0.16,0.0,0.0,1027.0,8228.0,0.0,0.0,0.0,0.0,0.0,1.0,0.0,0.0,0.0,0.0,0.0,-0.6000000000000001,0.0,0.0,0.0,0.0001,16.0,25903.0
2026-07-30T19:00:05.512Z,174.995,175.008,0.0,7.4,0.0,0.0,0.0,0.0,0.0,0.0,0.0,0.0,1.0,0.0,0.0,0.0,9.0,4.0,0.0,0.0,0.0,0.0,0.0,0.0,0.0,0.0,3.0,12.0,1.0,12.17,5.01,2.51,1.49,0.0,0.0,0.0,0.4,0.0,-0.2,0.1,0.9,-169.70000000000002,0.0,0.0,169.70000000000002,0.0,21.8,29.8,29.8,30.4,300.0,300.0,31.200000000000003,35.1,29.6,28.9,30.700000000000003,4.95,2.0,4.96,0.16,0.0,0.0,1027.0,8228.0,0.0,0.0,0.0,0.0,0.0,1.0,0.0,0.0,0.0,0.0,0.0,0.8,0.0,-0.8,0.0,0.0,16.0,25903.0
2026-07-30T19:00:05.523Z,175.006,175.02,0.0,7.4,0.0,0.0,0.0,0.0,0.0,0.0,0.0,0.0,1.0,0.0,0.0,0.0,9.0,4.0,0.0,0.0,0.0,0.0,0.0,0.0,0.0,0.0,4.0,12.0,1.0,12.17,5.01,2.51,1.49,0.0,0.0,0.0,0.4,0.0,-0.2,0.1,-0.1,-169.70000000000002,0.0,0.0,169.70000000000002,0.0,21.8,29.8,29.8,30.4,300.0,300.0,31.200000000000003,35.1,29.6,28.9,30.700000000000003,4.95,1.99,4.97,0.16,0.0,0.0,1027.0,8228.0,0.0,0.0,0.0,0.0,0.0,1.0,0.0,0.0,0.0,0.0,0.0,0.0,0.0,0.1,0.0,0.0,16.0,25903.0
2026-07-30T19:00:05.535Z,175.018,175.032,0.0,7.4,0.0,0.0,0.0,0.0,0.0,0.0,0.0,0.0,1.0,0.0,0.0,0.0,9.0,4.0,0.0,0.0,0.0,0.0,0.0,0.0,0.0,0.0,6.0,12.0,1.0,12.17,5.0200000000000005,2.51,1.49,0.0,0.0,0.0,0.4,0.0,0.2,0.1,-0.1,-169.70000000000002,0.0,0.0,169.60000000000002,0.0,21.3,29.8,29.8,30.4,300.0,300.0,31.1,35.1,29.6,28.9,30.700000000000003,4.95,2.0,4.97,0.16,0.0,0.0,1027.0,8228.0,0.0,0.0,0.0,0.0,0.0,1.0,0.0,0.0,0.0,0.0,0.0,0.0,0.0,0.1,0.0,0.0,16.0,25903.0
2026-07-30T19:00:05.547Z,175.03,175.044,0.0,7.4,0.0,0.0,0.0,0.0,0.0,0.0,0.0,0.0,1.0,0.0,0.0,0.0,9.0,4.0,0.0,0.0,0.0,0.0,0.0,0.0,0.0,0.0,1.0,12.0,1.0,12.17,5.0200000000000005,2.51,1.49,0.0,0.0,0.0,0.4,0.0,-0.2,0.1,0.9,-169.70000000000002,0.0,0.0,169.60000000000002,0.0,21.3,29.8,29.8,30.4,300.0,300.0,31.1,35.1,29.6,28.9,30.700000000000003,4.96,2.0,4.96,0.16,0.0,0.0,1027.0,8228.0,0.0,0.0,0.0,0.0,0.0,1.0,0.0,0.0,0.0,0.0,0.0,0.8,0.0,-0.8,0.0,0.0001,16.0,25903.0
2026-07-30T19:00:05.559Z,175.042,175.056,0.0,7.4,0.0,0.0,0.0,0.0,0.0,0.0,0.0,0.0,1.0,0.0,0.0,0.0,9.0,4.0,0.0,0.0,0.0,0.0,0.0,0.0,0.0,0.0,3.0,12.0,1.0,12.17,5.0200000000000005,2.51,1.49,-0.1,0.0,0.0,0.4,0.0,0.2,-0.4,-0.1,-169.70000000000002,0.0,0.0,169.8,0.0,21.3,29.8,29.8,30.4,300.0,300.0,31.1,35.1,29.6,28.9,30.700000000000003,4.95,1.99,4.97,0.16,0.0,0.0,1027.0,8228.0,0.0,0.0,0.0,0.0,0.0,1.0,0.0,0.0,0.0,0.0,0.0,-0.6000000000000001,0.0,0.0,0.0,0.0,16.0,25903.0
2026-07-30T19:00:05.571Z,175.054,175.068,0.0,7.4,0.0,0.0,0.0,0.0,0.0,0.0,0.0,0.0,1.0,0.0,0.0,0.0,9.0,4.0,0.0,0.0,0.0,0.0,0.0,0.0,0.0,0.0,4.0,12.0,1.0,12.17,5.0200000000000005,2.51,1.49,0.0,0.0,0.0,0.4,0.0,0.8,1.3,1.5,-169.70000000000002,0.0,0.0,169.70000000000002,0.0,21.3,29.8,29.8,30.4,300.0,300.0,31.1,35.1,29.6,28.9,30.700000000000003,4.95,1.99,4.97,0.16,0.0,0.0,1027.0,8228.0,0.0,0.0,0.0,0.0,0.0,1.0,0.0,0.0,0.0,0.0,0.0,2.6,0.0,-1.0,0.0,0.0002,16.0,25903.0
2026-07-30T19:00:05.583Z,175.066,175.08,0.0,7.4,0.0,0.0,0.0,0.0,0.0,0.0,0.0,0.0,1.0,0.0,0.0,0.0,9.0,4.0,0.0,0.0,0.0,0.0,0.0,0.0,0.0,0.0,6.0,12.0,1.0,12.17,5.0200000000000005,2.51,1.49,0.0,0.0,0.0,0.4,0.0,-0.3,0.1,-1.4,-169.70000000000002,0.0,0.0,169.70000000000002,0.0,21.3,29.8,29.8,30.4,300.0,300.0,31.1,35.1,29.6,28.9,30.700000000000003,4.95,2.0,4.97,0.16,0.0,0.0,1027.0,8228.0,0.0,0.0,0.0,0.0,0.0,1.0,0.0,0.0,0.0,0.0,0.0,-0.8,0.0,1.3,0.0,0.0001,16.0,25903.0
2026-07-30T19:00:05.595Z,175.078,175.092,0.0,7.4,0.0,0.0,0.0,0.0,0.0,0.0,0.0,0.0,1.0,0.0,0.0,0.0,9.0,4.0,0.0,0.0,0.0,0.0,0.0,0.0,0.0,0.0,1.0,12.0,1.0,12.17,5.0200000000000005,2.51,1.49,0.0,0.1,0.0,0.4,0.0,-0.2,-0.9,-1.3,-169.70000000000002,0.0,0.0,169.8,0.0,21.3,29.8,29.8,30.4,300.0,300.0,31.1,35.1,29.6,28.9,30.700000000000003,4.95,2.0,4.96,0.16,0.0,0.0,1027.0,8228.0,0.0,0.0,0.0,0.0,0.0,1.0,0.0,0.0,0.0,0.0,0.0,-2.1,0.0,1.0,0.0,0.0001,16.0,25903.0
2026-07-30T19:00:05.608Z,175.091,175.104,0.0,7.4,0.0,0.0,0.0,0.0,0.0,0.0,0.0,0.0,1.0,0.0,0.0,0.0,9.0,4.0,0.0,0.0,0.0,0.0,0.0,0.0,0.0,0.0,2.0,12.0,1.0,12.17,5.0200000000000005,2.51,1.49,0.0,0.0,0.0,0.4,0.0,0.3,0.7000000000000001,-0.1,-169.70000000000002,0.0,0.0,169.60000000000002,0.0,21.3,29.8,29.8,30.4,300.0,300.0,31.1,35.1,29.6,28.9,30.700000000000003,4.96,1.99,4.97,0.16,0.0,0.0,1027.0,8228.0,0.0,0.0,0.0,0.0,0.0,1.0,0.0,0.0,0.0,0.0,0.0,0.7000000000000001,0.0,0.3,0.0,0.0001,16.0,25903.0
2026-07-30T19:00:05.620Z,175.103,175.116,0.0,7.4,0.0,0.0,0.0,0.0,0.0,0.0,0.0,0.0,1.0,0.0,0.0,0.0,9.0,4.0,0.0,0.0,0.0,0.0,0.0,0.0,0.0,0.0,4.0,12.0,1.0,12.17,5.0200000000000005,2.51,1.49,0.0,0.0,0.0,0.4,0.0,0.9,0.8,-0.1,-169.70000000000002,0.0,0.0,169.60000000000002,0.0,21.3,29.8,29.8,30.4,300.0,300.0,31.1,35.1,29.6,28.9,30.700000000000003,4.96,1.99,4.96,0.16,0.0,0.0,1027.0,8228.0,0.0,0.0,0.0,0.0,0.0,1.0,0.0,0.0,0.0,0.0,0.0,0.8,0.0,0.2,0.0,0.0002,16.0,25903.0
2026-07-30T19:00:05.633Z,175.116,175.128,0.0,7.4,0.0,0.0,0.0,0.0,0.0,0.0,0.0,0.0,1.0,0.0,0.0,0.0,9.0,4.0,0.0,0.0,0.0,0.0,0.0,0.0,0.0,0.0,5.0,12.0,1.0,12.17,5.01,2.51,1.49,0.0,0.0,0.0,0.5,0.0,0.3,0.8,0.4,-169.70000000000002,0.0,0.0,169.60000000000002,0.0,21.4,29.8,29.8,30.4,300.0,300.0,31.1,35.1,29.6,28.9,30.700000000000003,4.96,1.99,4.96,0.16,0.0,0.0,1027.0,8228.0,0.0,0.0,0.0,0.0,0.0,1.0,0.0,0.0,0.0,0.0,0.0,1.3,0.0,-0.2,0.0,0.0001,16.0,25903.0
2026-07-30T19:00:05.643Z,175.126,175.14,0.0,7.4,0.0,0.0,0.0,0.0,0.0,0.0,0.0,0.0,1.0,0.0,0.0,0.0,9.0,4.0,0.0,0.0,0.0,0.0,0.0,0.0,0.0,0.0,6.0,12.0,1.0,12.17,5.01,2.51,1.49,0.0,0.1,0.0,0.4,0.0,0.3,0.2,-0.7000000000000001,-169.60000000000002,0.0,0.0,169.70000000000002,0.0,21.4,29.8,29.8,30.4,300.0,300.0,31.1,35.1,29.6,28.9,30.700000000000003,4.95,1.99,4.97,0.16,0.0,0.0,1027.0,8228.0,0.0,0.0,0.0,0.0,0.0,1.0,0.0,0.0,0.0,0.0,0.0,-0.2,0.0,0.6000000000000001,0.0,0.0,16.0,25903.0
2026-07-30T19:00:05.655Z,175.138,175.15200000000002,0.0,7.4,0.0,0.0,0.0,0.0,0.0,0.0,0.0,0.0,1.0,0.0,0.0,0.0,9.0,4.0,0.0,0.0,0.0,0.0,0.0,0.0,0.0,0.0,1.0,12.0,1.0,12.17,5.01,2.51,1.49,0.0,0.0,0.0,0.4,0.0,0.3,0.2,0.0,-169.60000000000002,0.0,0.0,169.60000000000002,0.0,21.4,29.8,29.8,30.4,300.0,300.0,31.1,35.1,29.6,28.9,30.700000000000003,4.95,1.99,4.96,0.16,0.0,0.0,1027.0,8228.0,0.0,0.0,0.0,0.0,0.0,1.0,0.0,0.0,0.0,0.0,0.0,0.2,0.0,0.1,0.0,0.0,16.0,25903.0
2026-07-30T19:00:05.667Z,175.15,175.16400000000002,0.0,7.4,0.0,0.0,0.0,0.0,0.0,0.0,0.0,0.0,1.0,0.0,0.0,0.0,9.0,4.0,0.0,0.0,0.0,0.0,0.0,0.0,0.0,0.0,2.0,12.0,1.0,12.17,5.01,2.51,1.49,0.0,0.0,0.0,0.4,0.0,-0.2,0.2,0.4,-169.60000000000002,0.0,0.0,169.70000000000002,0.0,21.4,29.8,29.8,30.4,300.0,300.0,31.1,35.1,29.6,28.9,30.700000000000003,4.95,2.0,4.96,0.16,0.0,0.0,1027.0,8228.0,0.0,0.0,0.0,0.0,0.0,1.0,0.0,0.0,0.0,0.0,0.0,-0.2,0.0,0.6000000000000001,0.0,0.0,16.0,25903.0
2026-07-30T19:00:05.679Z,175.162,175.17600000000002,0.0,7.4,0.0,0.0,0.0,0.0,0.0,0.0,0.0,0.0,1.0,0.0,0.0,0.0,9.0,4.0,0.0,0.0,0.0,0.0,0.0,0.0,0.0,0.0,3.0,12.0,1.0,12.17,5.01,2.51,1.49,0.0,0.0,0.0,0.5,0.0,-0.2,0.1,-0.1,-169.60000000000002,0.0,0.0,169.60000000000002,0.0,21.4,29.8,29.8,30.4,300.0,300.0,31.1,35.1,29.6,28.9,30.700000000000003,4.95,1.99,4.96,0.16,0.0,0.0,1027.0,8228.0,0.0,0.0,0.0,0.0,0.0,1.0,0.0,0.0,0.0,0.0,0.0,1.1,0.0,-0.2,0.0,0.0001,16.0,25903.0
2026-07-30T19:00:05.692Z,175.175,175.18800000000002,0.0,7.4,0.0,0.0,0.0,0.0,0.0,0.0,0.0,0.0,1.0,0.0,0.0,0.0,9.0,4.0,0.0,0.0,0.0,0.0,0.0,0.0,0.0,0.0,4.0,12.0,1.0,12.17,5.01,2.51,1.49,0.0,0.0,0.0,0.4,0.0,-0.2,-0.4,1.0,-169.60000000000002,0.0,0.0,169.8,0.0,21.4,29.8,29.8,30.4,300.0,300.0,31.1,35.1,29.6,28.9,30.700000000000003,4.96,1.99,4.97,0.16,0.0,0.0,1027.0,8228.0,0.0,0.0,0.0,0.0,0.0,1.0,0.0,0.0,0.0,0.0,0.0,1.5,0.0,-0.7000000000000001,0.0,0.0001,16.0,25903.0
2026-07-30T19:00:05.703Z,175.186,175.20000000000002,0.0,7.4,0.0,0.0,0.0,0.0,0.0,0.0,0.0,0.0,1.0,0.0,0.0,0.0,9.0,4.0,0.0,0.0,0.0,0.0,0.0,0.0,0.0,0.0,5.0,12.0,1.0,12.17,5.01,2.51,1.49,0.0,0.0,0.0,0.4,0.0,-0.2,0.0,-0.7000000000000001,-169.60000000000002,0.0,0.0,169.70000000000002,0.0,21.4,29.8,29.8,30.4,300.0,300.0,31.1,35.1,29.6,28.9,30.700000000000003,4.96,1.99,4.96,0.16,0.0,0.0,1027.0,8228.0,0.0,0.0,0.0,0.0,0.0,1.0,0.0,0.0,0.0,0.0,0.0,1.3,0.0,-1.4,0.0,0.0002,16.0,25903.0
2026-07-30T19:00:05.715Z,175.198,175.21200000000002,0.0,7.4,0.0,0.0,0.0,0.0,0.0,0.0,0.0,0.0,1.0,0.0,0.0,0.0,9.0,4.0,0.0,0.0,0.0,0.0,0.0,0.0,0.0,0.0,1.0,12.0,1.0,12.17,5.01,2.51,1.49,0.0,0.0,0.0,0.4,0.0,-0.2,0.6000000000000001,0.4,-169.60000000000002,0.0,0.0,169.8,0.0,21.4,29.8,29.8,30.4,300.0,300.0,31.1,35.1,29.6,28.9,30.700000000000003,4.96,1.99,4.96,0.16,0.0,0.0,1027.0,8228.0,0.0,0.0,0.0,0.0,0.0,1.0,0.0,0.0,0.0,0.0,0.0,1.1,0.0,-0.2,0.0,0.0,16.0,25903.0
2026-07-30T19:00:05.727Z,175.21,175.224,0.0,7.4,0.0,0.0,0.0,0.0,0.0,0.0,0.0,0.0,1.0,0.0,0.0,0.0,9.0,4.0,0.0,0.0,0.0,0.0,0.0,0.0,0.0,0.0,2.0,12.0,1.0,12.17,5.01,2.51,1.49,0.0,0.0,0.0,0.4,0.0,-0.8,-1.0,-1.2000000000000002,-169.60000000000002,0.0,0.0,169.60000000000002,0.0,21.4,29.8,29.8,30.4,300.0,300.0,31.1,35.1,29.6,28.9,30.700000000000003,4.95,1.99,4.96,0.16,0.0,0.0,1027.0,8228.0,0.0,0.0,0.0,0.0,0.0,1.0,0.0,0.0,0.0,0.0,0.0,-2.1,0.0,0.8,0.0,0.0,16.0,25903.0
2026-07-30T19:00:05.739Z,175.222,175.236,0.0,7.4,0.0,0.0,0.0,0.0,0.0,0.0,0.0,0.0,1.0,0.0,0.0,0.0,9.0,4.0,0.0,0.0,0.0,0.0,0.0,0.0,0.0,0.0,3.0,12.0,1.0,12.2,5.0200000000000005,2.5,1.49,0.0,0.1,0.0,0.5,0.0,0.3,0.1,0.4,-169.60000000000002,0.0,0.0,169.8,0.0,21.4,29.8,29.8,30.4,300.0,300.0,31.3,35.1,29.6,28.9,30.700000000000003,4.95,1.99,4.96,0.16,0.0,0.0,1027.0,8228.0,0.0,0.0,0.0,0.0,0.0,1.0,0.0,0.0,0.0,0.0,0.0,0.5,0.0,-0.3,0.0,0.0001,16.0,25903.0
2026-07-30T19:00:05.751Z,175.234,175.248,0.0,7.4,0.0,0.0,0.0,0.0,0.0,0.0,0.0,0.0,1.0,0.0,0.0,0.0,9.0,4.0,0.0,0.0,0.0,0.0,0.0,0.0,0.0,0.0,5.0,12.0,1.0,12.2,5.0200000000000005,2.5,1.49,0.0,0.0,0.0,0.5,0.0,0.3,-1.1,-0.1,-169.70000000000002,0.0,0.0,169.8,0.0,21.4,29.8,29.8,30.4,300.0,300.0,31.3,35.1,29.6,28.9,30.700000000000003,4.95,2.0,4.97,0.16,0.0,0.0,1027.0,8228.0,0.0,0.0,0.0,0.0,0.0,1.0,0.0,0.0,0.0,0.0,0.0,-1.4,0.0,0.0,0.0,0.0001,16.0,25903.0
2026-07-30T19:00:05.763Z,175.246,175.26,0.0,7.4,0.0,0.0,0.0,0.0,0.0,0.0,0.0,0.0,1.0,0.0,0.0,0.0,9.0,4.0,0.0,0.0,0.0,0.0,0.0,0.0,0.0,0.0,6.0,12.0,1.0,12.2,5.0200000000000005,2.5,1.49,0.0,0.0,0.0,0.4,0.0,-0.8,-1.0,0.9,-169.70000000000002,0.0,0.0,169.70000000000002,0.0,21.4,29.8,29.8,30.4,300.0,300.0,31.3,35.1,29.6,28.9,30.700000000000003,4.95,1.99,4.97,0.16,0.0,0.0,1027.0,8228.0,0.0,0.0,0.0,0.0,0.0,1.0,0.0,0.0,0.0,0.0,0.0,-0.5,0.0,-1.0,0.0,0.0001,16.0,25903.0
2026-07-30T19:00:05.775Z,175.258,175.272,0.0,7.4,0.0,0.0,0.0,0.0,0.0,0.0,0.0,0.0,1.0,0.0,0.0,0.0,9.0,4.0,0.0,0.0,0.0,0.0,0.0,0.0,0.0,0.0,1.0,12.0,1.0,12.2,5.0200000000000005,2.5,1.49,0.0,0.0,0.0,0.5,0.0,0.2,0.6000000000000001,-0.7000000000000001,-169.70000000000002,0.0,0.0,169.8,0.0,21.4,29.8,29.8,30.4,300.0,300.0,31.3,35.1,29.6,28.9,30.700000000000003,4.95,2.0,4.97,0.16,0.0,0.0,1027.0,8228.0,0.0,0.0,0.0,0.0,0.0,1.0,0.0,0.0,0.0,0.0,0.0,0.2,0.0,0.7000000000000001,0.0,0.0,16.0,25903.0
2026-07-30T19:00:05.795Z,175.278,175.284,0.0,7.4,0.0,0.0,0.0,0.0,0.0,0.0,0.0,0.0,1.0,0.0,0.0,0.0,9.0,4.0,0.0,0.0,0.0,0.0,0.0,0.0,0.0,0.0,1.0,12.0,1.0,12.2,5.0200000000000005,2.5,1.49,0.0,0.0,0.0,0.4,0.0,-0.3,1.2000000000000002,1.0,-169.70000000000002,0.0,0.0,169.70000000000002,0.0,21.4,29.8,29.8,30.4,300.0,300.0,31.3,35.1,29.6,28.9,30.700000000000003,4.95,2.0,4.96,0.16,0.0,0.0,1027.0,8228.0,0.0,0.0,0.0,0.0,0.0,1.0,0.0,0.0,0.0,0.0,0.0,2.1,0.0,-0.6000000000000001,0.0,0.0001,16.0,25903.0
2026-07-30T19:00:05.800Z,175.283,175.296,0.0,7.4,0.0,0.0,0.0,0.0,0.0,0.0,0.0,0.0,1.0,0.0,0.0,0.0,9.0,4.0,0.0,0.0,0.0,0.0,0.0,0.0,0.0,0.0,4.0,12.0,1.0,12.2,5.0200000000000005,2.5,1.49,0.0,0.1,0.0,0.4,0.0,-0.2,-0.4,-0.7000000000000001,-169.70000000000002,0.0,0.0,169.60000000000002,0.0,21.4,29.8,29.8,30.4,300.0,300.0,31.3,35.1,29.6,28.9,30.700000000000003,4.95,1.99,4.97,0.16,0.0,0.0,1027.0,8228.0,0.0,0.0,0.0,0.0,0.0,1.0,0.0,0.0,0.0,0.0,0.0,-1.1,0.0,0.5,0.0,0.0,16.0,25903.0
2026-07-30T19:00:05.811Z,175.294,175.308,0.0,7.4,0.0,0.0,0.0,0.0,0.0,0.0,0.0,0.0,1.0,0.0,0.0,0.0,9.0,4.0,0.0,0.0,0.0,0.0,0.0,0.0,0.0,0.0,4.0,12.0,1.0,12.2,5.0200000000000005,2.5,1.49,0.0,0.0,0.0,0.4,0.0,0.3,0.0,-0.1,-169.70000000000002,0.0,0.0,169.70000000000002,0.0,21.4,29.8,29.8,30.4,300.0,300.0,31.3,35.1,29.6,28.9,30.700000000000003,4.95,1.99,4.96,0.16,0.0,0.0,1027.0,8228.0,0.0,0.0,0.0,0.0,0.0,1.0,0.0,0.0,0.0,0.0,0.0,0.0,0.0,0.1,0.0,0.0002,16.0,25903.0
2026-07-30T19:00:05.823Z,175.306,175.32,0.0,7.4,0.0,0.0,0.0,0.0,0.0,0.0,0.0,0.0,1.0,0.0,0.0,0.0,9.0,4.0,0.0,0.0,0.0,0.0,0.0,0.0,0.0,0.0,5.0,12.0,1.0,12.2,5.0200000000000005,2.5,1.49,0.0,0.0,0.0,0.4,0.0,0.2,0.0,0.4,-169.70000000000002,0.0,0.0,169.70000000000002,0.0,21.4,29.8,29.8,30.4,300.0,300.0,31.3,35.1,29.6,28.9,30.700000000000003,4.96,1.99,4.96,0.16,0.0,0.0,1027.0,8228.0,0.0,0.0,0.0,0.0,0.0,1.0,0.0,0.0,0.0,0.0,0.0,0.4,0.0,-0.3,0.0,0.0001,16.0,25903.0
2026-07-30T19:00:05.836Z,175.319,175.332,0.0,7.4,0.0,0.0,0.0,0.0,0.0,0.0,0.0,0.0,1.0,0.0,0.0,0.0,9.0,4.0,0.0,0.0,0.0,0.0,0.0,0.0,0.0,0.0,1.0,12.0,1.0,12.17,5.01,2.51,1.49,0.0,0.0,0.0,0.5,0.0,0.8,0.6000000000000001,-0.1,-169.70000000000002,0.0,0.0,169.70000000000002,0.0,21.4,29.8,29.8,30.4,300.0,300.0,31.3,35.1,29.6,28.9,30.700000000000003,4.95,1.99,4.96,0.16,0.0,0.0,1027.0,8228.0,0.0,0.0,0.0,0.0,0.0,1.0,0.0,0.0,0.0,0.0,0.0,0.6000000000000001,0.0,0.3,0.0,0.0,16.0,25903.0
2026-07-30T19:00:05.847Z,175.33,175.344,0.0,7.4,0.0,0.0,0.0,0.0,0.0,0.0,0.0,0.0,1.0,0.0,0.0,0.0,9.0,4.0,0.0,0.0,0.0,0.0,0.0,0.0,0.0,0.0,2.0,12.0,1.0,12.17,5.01,2.51,1.49,0.0,0.0,0.0,0.4,0.0,-0.2,-1.6,-0.7000000000000001,-169.70000000000002,0.0,0.0,169.60000000000002,0.0,21.4,29.8,29.8,30.4,300.0,300.0,31.3,35.1,29.6,28.9,30.700000000000003,4.96,1.99,4.97,0.16,0.0,0.0,1027.0,8228.0,0.0,0.0,0.0,0.0,0.0,1.0,0.0,0.0,0.0,0.0,0.0,-2.4000000000000004,0.0,0.3,0.0,0.0,16.0,25903.0
2026-07-30T19:00:05.859Z,175.342,175.356,0.0,7.4,0.0,0.0,0.0,0.0,0.0,0.0,0.0,0.0,1.0,0.0,0.0,0.0,9.0,4.0,0.0,0.0,0.0,0.0,0.0,0.0,0.0,0.0,4.0,12.0,1.0,12.17,5.01,2.51,1.49,0.0,0.0,0.0,0.4,0.0,-0.2,1.2000000000000002,-0.2,-169.70000000000002,0.0,0.0,169.70000000000002,0.0,21.4,29.8,29.8,30.4,300.0,300.0,31.3,35.1,29.6,28.9,30.700000000000003,4.96,1.99,4.96,0.16,0.0,0.0,1027.0,8228.0,0.0,0.0,0.0,0.0,0.0,1.0,0.0,0.0,0.0,0.0,0.0,1.2000000000000002,0.0,0.4,0.0,0.0001,16.0,25903.0
2026-07-30T19:00:05.871Z,175.354,175.368,0.0,7.4,0.0,0.0,0.0,0.0,0.0,0.0,0.0,0.0,1.0,0.0,0.0,0.0,9.0,4.0,0.0,0.0,0.0,0.0,0.0,0.0,0.0,0.0,5.0,12.0,1.0,12.17,5.01,2.51,1.49,0.0,0.1,0.0,0.5,0.0,0.2,-0.5,-0.2,-169.60000000000002,0.0,0.0,169.60000000000002,0.0,21.4,29.8,29.8,30.4,300.0,300.0,31.3,35.1,29.6,28.9,30.700000000000003,4.96,1.99,4.96,0.16,0.0,0.0,1027.0,8228.0,0.0,0.0,0.0,0.0,0.0,1.0,0.0,0.0,0.0,0.0,0.0,-0.7000000000000001,0.0,0.0,0.0,0.0,16.0,25903.0
2026-07-30T19:00:05.884Z,175.367,175.38,0.0,7.4,0.0,0.0,0.0,0.0,0.0,0.0,0.0,0.0,1.0,0.0,0.0,0.0,9.0,4.0,0.0,0.0,0.0,0.0,0.0,0.0,0.0,0.0,6.0,12.0,1.0,12.17,5.01,2.51,1.49,0.0,0.0,0.0,0.4,0.0,-0.3,-1.1,-0.8,-169.60000000000002,0.0,0.0,169.70000000000002,0.0,21.4,29.8,29.8,30.4,300.0,300.0,31.3,35.1,29.6,28.9,30.700000000000003,4.95,1.99,4.97,0.16,0.0,0.0,1027.0,8228.0,0.0,0.0,0.0,0.0,0.0,1.0,0.0,0.0,0.0,0.0,0.0,-1.9,0.0,0.5,0.0,0.0,16.0,25903.0
2026-07-30T19:00:05.895Z,175.378,175.392,0.0,7.4,0.0,0.0,0.0,0.0,0.0,0.0,0.0,0.0,1.0,0.0,0.0,0.0,9.0,4.0,0.0,0.0,0.0,0.0,0.0,0.0,0.0,0.0,2.0,12.0,1.0,12.17,5.01,2.51,1.49,0.0,0.0,0.0,0.4,0.0,0.8,0.0,0.3,-169.60000000000002,0.0,0.0,169.70000000000002,0.0,21.4,29.8,29.8,30.4,300.0,300.0,31.3,35.1,29.6,28.9,30.700000000000003,4.96,2.0,4.96,0.16,0.0,0.0,1027.0,8228.0,0.0,0.0,0.0,0.0,0.0,1.0,0.0,0.0,0.0,0.0,0.0,0.2,0.0,-0.2,0.0,0.0001,16.0,25903.0
2026-07-30T19:00:05.907Z,175.39,175.404,0.0,7.4,0.0,0.0,0.0,0.0,0.0,0.0,0.0,0.0,1.0,0.0,0.0,0.0,9.0,4.0,0.0,0.0,0.0,0.0,0.0,0.0,0.0,0.0,3.0,12.0,1.0,12.17,5.01,2.51,1.49,0.0,0.0,0.0,0.4,0.0,0.2,0.0,-1.4,-169.60000000000002,0.0,0.0,169.60000000000002,0.0,21.4,29.8,29.8,30.4,300.0,300.0,31.3,35.1,29.6,28.9,30.700000000000003,4.96,1.99,4.96,0.16,0.0,0.0,1027.0,8228.0,0.0,0.0,0.0,0.0,0.0,1.0,0.0,0.0,0.0,0.0,0.0,-1.0,0.0,1.2000000000000002,0.0,0.0,16.0,25903.0
2026-07-30T19:00:05.920Z,175.403,175.416,0.0,7.4,0.0,0.0,0.0,0.0,0.0,0.0,0.0,0.0,1.0,0.0,0.0,0.0,9.0,4.0,0.0,0.0,0.0,0.0,0.0,0.0,0.0,0.0,4.0,12.0,1.0,12.17,5.01,2.51,1.49,0.0,0.0,0.0,0.4,0.0,-0.3,0.0,-0.3,-169.60000000000002,0.0,0.0,169.60000000000002,0.0,21.4,29.8,29.8,30.4,300.0,300.0,31.3,35.1,29.6,28.9,30.700000000000003,4.95,1.99,4.96,0.16,0.0,0.0,1027.0,8228.0,0.0,0.0,0.0,0.0,0.0,1.0,0.0,0.0,0.0,0.0,0.0,-0.2,0.0,0.2,0.0,0.0,16.0,25903.0
2026-07-30T19:00:05.931Z,175.414,175.428,0.0,7.4,0.0,0.0,0.0,0.0,0.0,0.0,0.0,0.0,1.0,0.0,0.0,0.0,9.0,4.0,0.0,0.0,0.0,0.0,0.0,0.0,0.0,0.0,6.0,12.0,1.0,12.17,5.01,2.51,1.49,0.0,0.0,0.0,0.5,0.0,-0.3,-0.6000000000000001,0.8,-169.60000000000002,0.0,0.0,169.70000000000002,0.0,21.4,29.8,29.8,30.4,300.0,300.0,31.3,35.1,29.6,28.9,30.700000000000003,4.96,1.99,4.97,0.16,0.0,0.0,1027.0,8228.0,0.0,0.0,0.0,0.0,0.0,1.0,0.0,0.0,0.0,0.0,0.0,0.0,0.0,-0.8,0.0,0.0,16.0,25903.0
2026-07-30T19:00:05.943Z,175.426,175.44,0.0,7.4,0.0,0.0,0.0,0.0,0.0,0.0,0.0,0.0,1.0,0.0,0.0,0.0,9.0,4.0,0.0,0.0,0.0,0.0,0.0,0.0,0.0,0.0,1.0,12.0,1.0,12.17,5.0200000000000005,2.51,1.49,0.0,0.0,0.0,0.4,0.0,-0.3,0.5,1.4,-169.60000000000002,0.0,0.0,169.70000000000002,0.0,21.9,29.8,29.8,30.4,300.0,300.0,31.3,35.1,29.6,28.9,30.700000000000003,4.96,2.0,4.96,0.16,0.0,0.0,1027.0,8228.0,0.0,0.0,0.0,0.0,0.0,1.0,0.0,0.0,0.0,0.0,0.0,1.6,0.0,-1.1,0.0,0.0001,16.0,25903.0
2026-07-30T19:00:05.955Z,175.438,175.452,0.0,7.4,0.0,0.0,0.0,0.0,0.0,0.0,0.0,0.0,1.0,0.0,0.0,0.0,9.0,4.0,0.0,0.0,0.0,0.0,0.0,0.0,0.0,0.0,2.0,12.0,1.0,12.17,5.0200000000000005,2.51,1.49,0.0,0.0,0.0,0.4,0.0,0.2,1.1,0.2,-169.60000000000002,0.0,0.0,169.70000000000002,0.0,21.9,29.8,29.8,30.4,300.0,300.0,31.3,35.1,29.6,28.9,30.700000000000003,4.96,1.99,4.97,0.16,0.0,0.0,1027.0,8228.0,0.0,0.0,0.0,0.0,0.0,1.0,0.0,0.0,0.0,0.0,0.0,1.4,0.0,0.0,0.0,0.0,16.0,25903.0
2026-07-30T19:00:05.968Z,175.451,175.464,0.0,7.4,0.0,0.0,0.0,0.0,0.0,0.0,0.0,0.0,1.0,0.0,0.0,0.0,9.0,4.0,0.0,0.0,0.0,0.0,0.0,0.0,0.0,0.0,3.0,12.0,1.0,12.17,5.0200000000000005,2.51,1.49,0.0,0.0,0.0,0.4,0.0,-0.8,0.5,-0.9,-169.60000000000002,0.0,0.0,169.70000000000002,0.0,21.9,29.8,29.8,30.4,300.0,300.0,31.3,35.1,29.6,28.9,30.700000000000003,4.95,1.99,4.97,0.16,0.0,0.0,1027.0,8228.0,0.0,0.0,0.0,0.0,0.0,1.0,0.0,0.0,0.0,0.0,0.0,-0.1,0.0,0.9,0.0,0.0001,16.0,25903.0
2026-07-30T19:00:05.979Z,175.462,175.476,0.0,7.4,0.0,0.0,0.0,0.0,0.0,0.0,0.0,0.0,1.0,0.0,0.0,0.0,9.0,4.0,0.0,0.0,0.0,0.0,0.0,0.0,0.0,0.0,4.0,12.0,1.0,12.17,5.0200000000000005,2.51,1.49,0.0,0.0,0.0,0.4,0.0,-0.2,0.4,0.8,-169.60000000000002,0.0,0.0,169.70000000000002,0.0,21.9,29.8,29.8,30.4,300.0,300.0,31.3,35.1,29.6,28.9,30.700000000000003,4.96,1.99,4.96,0.16,0.0,0.0,1027.0,8228.0,0.0,0.0,0.0,0.0,0.0,1.0,0.0,0.0,0.0,0.0,0.0,1.1,0.0,-0.6000000000000001,0.0,0.0001,16.0,25903.0
2026-07-30T19:00:05.991Z,175.474,175.488,0.0,7.4,0.0,0.0,0.0,0.0,0.0,0.0,0.0,0.0,1.0,0.0,0.0,0.0,9.0,4.0,0.0,0.0,0.0,0.0,0.0,0.0,0.0,0.0,5.0,12.0,1.0,12.17,5.0200000000000005,2.51,1.49,0.0,0.0,0.0,0.4,0.0,0.9,-0.6000000000000001,2.6,-169.60000000000002,0.0,0.0,169.8,0.0,21.9,29.8,29.8,30.4,300.0,300.0,31.3,35.1,29.6,28.9,30.700000000000003,4.96,1.99,4.96,0.16,0.0,0.0,1027.0,8228.0,0.0,0.0,0.0,0.0,0.0,1.0,0.0,0.0,0.0,0.0,0.0,1.2000000000000002,0.0,-2.4000000000000004,0.0,0.0001,16.0,25903.0
2026-07-30T19:00:06.003Z,175.486,175.5,0.0,7.4,0.0,0.0,0.0,0.0,0.0,0.0,0.0,0.0,1.0,0.0,0.0,0.0,9.0,4.0,0.0,0.0,0.0,0.0,0.0,0.0,0.0,0.0,1.0,12.0,1.0,12.17,5.0200000000000005,2.51,1.49,0.0,0.0,0.0,0.4,0.0,-0.8,0.0,0.2,-169.60000000000002,0.0,0.0,169.70000000000002,0.0,21.9,29.8,29.8,30.4,300.0,300.0,31.3,35.1,29.6,28.9,30.700000000000003,4.96,1.99,4.97,0.16,0.0,0.0,1027.0,8228.0,0.0,0.0,0.0,0.0,0.0,1.0,0.0,0.0,0.0,0.0,0.0,0.0,0.0,-0.2,0.0,0.0001,16.0,25903.0
2026-07-30T19:00:06.016Z,175.499,175.512,0.0,7.4,0.0,0.0,0.0,0.0,0.0,0.0,0.0,0.0,1.0,0.0,0.0,0.0,9.0,4.0,0.0,0.0,0.0,0.0,0.0,0.0,0.0,0.0,2.0,12.0,1.0,12.17,5.0200000000000005,2.51,1.49,0.0,0.0,0.0,0.4,0.0,0.3,-0.1,-0.3,-169.60000000000002,0.0,0.0,169.70000000000002,0.0,21.9,29.8,29.8,30.4,300.0,300.0,31.3,35.1,29.6,28.9,30.700000000000003,4.95,2.0,4.97,0.16,0.0,0.0,1027.0,8228.0,0.0,0.0,0.0,0.0,0.0,1.0,0.0,0.0,0.0,0.0,0.0,-0.4,0.0,0.2,0.0,0.0,16.0,25903.0
2026-07-30T19:00:06.027Z,175.51,175.524,0.0,7.4,0.0,0.0,0.0,0.0,0.0,0.0,0.0,0.0,1.0,0.0,0.0,0.0,9.0,4.0,0.0,0.0,0.0,0.0,0.0,0.0,0.0,0.0,4.0,12.0,1.0,12.17,5.0200000000000005,2.51,1.49,0.0,0.1,0.0,0.4,0.0,0.3,0.0,0.2,-169.60000000000002,0.0,0.0,169.60000000000002,0.0,21.9,29.8,29.8,30.4,300.0,300.0,31.3,35.1,29.6,28.9,30.700000000000003,4.96,2.0,4.96,0.16,0.0,0.0,1027.0,8228.0,0.0,0.0,0.0,0.0,0.0,1.0,0.0,0.0,0.0,0.0,0.0,0.1,0.0,-0.2,0.0,0.0001,16.0,25903.0
2026-07-30T19:00:06.040Z,175.523,175.536,0.0,7.4,0.0,0.0,0.0,0.0,0.0,0.0,0.0,0.0,1.0,0.0,0.0,0.0,9.0,4.0,0.0,0.0,0.0,0.0,0.0,0.0,0.0,0.0,5.0,12.0,1.0,12.13,5.0200000000000005,2.5,1.49,0.0,0.0,0.0,0.4,0.0,-0.2,0.5,0.2,-169.60000000000002,0.0,0.0,169.70000000000002,0.0,21.3,29.8,29.8,30.4,300.0,300.0,31.3,35.1,29.6,28.9,30.700000000000003,4.95,1.99,4.97,0.16,0.0,0.0,1027.0,8228.0,0.0,0.0,0.0,0.0,0.0,1.0,0.0,0.0,0.0,0.0,0.0,0.8,0.0,-0.1,0.0,0.0001,16.0,25903.0
2026-07-30T19:00:06.052Z,175.535,175.548,0.0,7.4,0.0,0.0,0.0,0.0,0.0,0.0,0.0,0.0,1.0,0.0,0.0,0.0,9.0,4.0,0.0,0.0,0.0,0.0,0.0,0.0,0.0,0.0,6.0,12.0,1.0,12.13,5.0200000000000005,2.5,1.49,0.0,0.0,0.0,0.4,0.0,-0.8,0.0,-0.3,-169.60000000000002,0.0,0.0,169.70000000000002,0.0,21.3,29.8,29.8,30.4,300.0,300.0,31.3,35.1,29.6,28.9,30.700000000000003,4.95,1.99,4.96,0.16,0.0,0.0,1027.0,8228.0,0.0,0.0,0.0,0.0,0.0,1.0,0.0,0.0,0.0,0.0,0.0,-0.2,0.0,0.2,0.0,0.0,16.0,25903.0
2026-07-30T19:00:06.063Z,175.546,175.56,0.0,7.4,0.0,0.0,0.0,0.0,0.0,0.0,0.0,0.0,1.0,0.0,0.0,0.0,9.0,4.0,0.0,0.0,0.0,0.0,0.0,0.0,0.0,0.0,1.0,12.0,1.0,12.13,5.0200000000000005,2.5,1.49,0.0,0.0,0.0,0.4,0.0,-0.2,0.0,0.9,-169.60000000000002,0.0,0.0,169.60000000000002,0.0,21.3,29.8,29.8,30.4,300.0,300.0,31.3,35.1,29.6,28.9,30.700000000000003,4.95,1.99,4.96,0.16,0.0,0.0,1027.0,8228.0,0.0,0.0,0.0,0.0,0.0,1.0,0.0,0.0,0.0,0.0,0.0,0.6000000000000001,0.0,-0.7000000000000001,0.0,0.0,16.0,25903.0
2026-07-30T19:00:06.075Z,175.558,175.572,0.0,7.4,0.0,0.0,0.0,0.0,0.0,0.0,0.0,0.0,1.0,0.0,0.0,0.0,9.0,4.0,0.0,0.0,0.0,0.0,0.0,0.0,0.0,0.0,3.0,12.0,1.0,12.13,5.0200000000000005,2.5,1.49,0.0,0.0,0.0,0.4,0.0,-0.2,0.0,0.2,-169.60000000000002,0.0,0.0,169.70000000000002,0.0,21.3,29.8,29.8,30.4,300.0,300.0,31.3,35.1,29.6,28.9,30.700000000000003,4.95,1.99,4.96,0.16,0.0,0.0,1027.0,8228.0,0.0,0.0,0.0,0.0,0.0,1.0,0.0,0.0,0.0,0.0,0.0,0.1,0.0,-0.2,0.0,0.0,16.0,25903.0
2026-07-30T19:00:06.087Z,175.57,175.584,0.0,7.4,0.0,0.0,0.0,0.0,0.0,0.0,0.0,0.0,1.0,0.0,0.0,0.0,9.0,4.0,0.0,0.0,0.0,0.0,0.0,0.0,0.0,0.0,4.0,12.0,1.0,12.13,5.0200000000000005,2.5,1.49,0.0,0.1,0.0,0.4,0.0,-1.4,-1.1,-1.4,-169.60000000000002,0.0,0.0,169.8,0.0,21.3,29.8,29.8,30.4,300.0,300.0,31.3,35.1,29.6,28.9,30.700000000000003,4.95,1.99,4.97,0.16,0.0,0.0,1027.0,8228.0,0.0,0.0,0.0,0.0,0.0,1.0,0.0,0.0,0.0,0.0,0.0,-2.4000000000000004,0.0,1.0,0.0,0.0001,16.0,25903.0
2026-07-30T19:00:06.100Z,175.583,175.596,0.0,7.4,0.0,0.0,0.0,0.0,0.0,0.0,0.0,0.0,1.0,0.0,0.0,0.0,9.0,4.0,0.0,0.0,0.0,0.0,0.0,0.0,0.0,0.0,5.0,12.0,1.0,12.13,5.0200000000000005,2.5,1.49,0.0,0.0,0.0,0.4,0.0,-0.2,1.1,-0.3,-169.60000000000002,0.0,0.0,169.70000000000002,0.0,21.3,29.8,29.8,30.4,300.0,300.0,31.3,35.1,29.6,28.9,30.700000000000003,4.95,2.0,4.97,0.16,0.0,0.0,1027.0,8228.0,0.0,0.0,0.0,0.0,0.0,1.0,0.0,0.0,0.0,0.0,0.0,1.1,0.0,0.5,0.0,0.0002,16.0,25903.0
2026-07-30T19:00:06.116Z,175.599,175.608,0.0,7.4,0.0,0.0,0.0,0.0,0.0,0.0,0.0,0.0,1.0,0.0,0.0,0.0,9.0,4.0,0.0,0.0,0.0,0.0,0.0,0.0,0.0,0.0,5.0,12.0,1.0,12.13,5.0200000000000005,2.5,1.49,0.0,0.0,0.0,0.4,0.0,-0.2,-1.1,-1.4,-169.60000000000002,0.0,0.0,169.70000000000002,0.0,21.3,29.8,29.8,30.4,300.0,300.0,31.3,35.1,29.6,28.9,30.700000000000003,4.96,1.99,4.97,0.16,0.0,0.0,1027.0,8228.0,0.0,0.0,0.0,0.0,0.0,1.0,0.0,0.0,0.0,0.0,0.0,-2.3000000000000003,0.0,1.0,0.0,0.0,16.0,25903.0
2026-07-30T19:00:06.123Z,175.606,175.62,0.0,7.4,0.0,0.0,0.0,0.0,0.0,0.0,0.0,0.0,1.0,0.0,0.0,0.0,9.0,4.0,0.0,0.0,0.0,0.0,0.0,0.0,0.0,0.0,2.0,12.0,1.0,12.13,5.0200000000000005,2.5,1.49,0.0,0.0,0.0,0.4,0.0,0.2,0.0,-0.3,-169.60000000000002,0.0,0.0,169.70000000000002,0.0,21.3,29.8,29.8,30.4,300.0,300.0,31.3,35.1,29.6,28.9,30.700000000000003,4.95,1.99,4.97,0.16,0.0,0.0,1027.0,8228.0,0.0,0.0,0.0,0.0,0.0,1.0,0.0,0.0,0.0,0.0,0.0,-0.2,0.0,0.2,0.0,0.0,16.0,25903.0
2026-07-30T19:00:06.135Z,175.618,175.632,0.0,7.4,0.0,0.0,0.0,0.0,0.0,0.0,0.0,0.0,1.0,0.0,0.0,0.0,9.0,4.0,0.0,0.0,0.0,0.0,0.0,0.0,0.0,0.0,4.0,12.0,1.0,12.13,5.0200000000000005,2.5,1.49,0.0,0.0,0.0,0.4,0.0,0.9,-0.5,-0.3,-169.60000000000002,0.0,0.0,169.70000000000002,0.0,21.3,29.8,29.8,30.4,300.0,300.0,31.3,35.1,29.6,28.9,30.700000000000003,4.96,1.99,4.96,0.16,0.0,0.0,1027.0,8228.0,0.0,0.0,0.0,0.0,0.0,1.0,0.0,0.0,0.0,0.0,0.0,-0.8,0.0,0.1,0.0,0.0,16.0,25903.0
2026-07-30T19:00:06.147Z,175.63,175.644,0.0,7.4,0.0,0.0,0.0,0.0,0.0,0.0,0.0,0.0,1.0,0.0,0.0,0.0,9.0,4.0,0.0,0.0,0.0,0.0,0.0,0.0,0.0,0.0,6.0,12.0,1.0,12.17,5.01,2.51,1.49,0.0,0.0,0.0,0.4,0.0,0.9,0.0,-0.9,-169.60000000000002,0.0,0.0,169.8,0.0,21.700000000000003,29.8,29.8,30.4,300.0,300.0,31.200000000000003,35.1,29.6,28.9,30.700000000000003,4.96,1.99,4.96,0.16,0.0,0.0,1027.0,8228.0,0.0,0.0,0.0,0.0,0.0,1.0,0.0,0.0,0.0,0.0,0.0,-0.6000000000000001,0.0,0.8,0.0,0.0,16.0,25903.0
2026-07-30T19:00:06.159Z,175.642,175.656,0.0,7.4,0.0,0.0,0.0,0.0,0.0,0.0,0.0,0.0,1.0,0.0,0.0,0.0,9.0,4.0,0.0,0.0,0.0,0.0,0.0,0.0,0.0,0.0,1.0,12.0,1.0,12.17,5.01,2.51,1.49,0.0,0.0,0.0,0.4,0.0,-0.8,0.6000000000000001,-0.3,-169.60000000000002,0.0,0.0,169.8,0.0,21.700000000000003,29.8,29.8,30.4,300.0,300.0,31.200000000000003,35.1,29.6,28.9,30.700000000000003,4.95,1.99,4.96,0.16,0.0,0.0,1027.0,8228.0,0.0,0.0,0.0,0.0,0.0,1.0,0.0,0.0,0.0,0.0,0.0,0.4,0.0,0.4,0.0,0.0002,16.0,25903.0
2026-07-30T19:00:06.172Z,175.655,175.668,0.0,7.4,0.0,0.0,0.0,0.0,0.0,0.0,0.0,0.0,1.0,0.0,0.0,0.0,9.0,4.0,0.0,0.0,0.0,0.0,0.0,0.0,0.0,0.0,2.0,12.0,1.0,12.17,5.01,2.51,1.49,0.0,0.0,0.0,0.4,0.0,0.9,0.0,-0.3,-169.60000000000002,0.0,0.0,169.70000000000002,0.0,21.700000000000003,29.8,29.8,30.4,300.0,300.0,31.200000000000003,35.1,29.6,28.9,30.700000000000003,4.95,1.99,4.97,0.16,0.0,0.0,1027.0,8228.0,0.0,0.0,0.0,0.0,0.0,1.0,0.0,0.0,0.0,0.0,0.0,-0.1,0.0,0.3,0.0,0.0,16.0,25903.0
2026-07-30T19:00:06.183Z,175.666,175.68,0.0,7.4,0.0,0.0,0.0,0.0,0.0,0.0,0.0,0.0,1.0,0.0,0.0,0.0,9.0,4.0,0.0,0.0,0.0,0.0,0.0,0.0,0.0,0.0,4.0,12.0,1.0,12.17,5.01,2.51,1.49,0.0,0.0,0.0,0.4,0.0,-0.2,-0.5,1.4,-169.60000000000002,0.0,0.0,169.70000000000002,0.0,21.700000000000003,29.8,29.8,30.4,300.0,300.0,31.200000000000003,35.1,29.6,28.9,30.700000000000003,4.96,2.0,4.96,0.16,0.0,0.0,1027.0,8228.0,0.0,0.0,0.0,0.0,0.0,1.0,0.0,0.0,0.0,0.0,0.0,-0.6000000000000001,0.0,0.8,0.0,0.0,16.0,25903.0
2026-07-30T19:00:06.195Z,175.678,175.692,0.0,7.4,0.0,0.0,0.0,0.0,0.0,0.0,0.0,0.0,1.0,0.0,0.0,0.0,9.0,4.0,0.0,0.0,0.0,0.0,0.0,0.0,0.0,0.0,5.0,12.0,1.0,12.17,5.01,2.51,1.49,0.0,0.0,0.0,0.4,0.0,-0.2,0.0,-0.8,-169.60000000000002,0.0,0.0,169.70000000000002,0.0,21.700000000000003,29.8,29.8,30.4,300.0,300.0,31.200000000000003,35.1,29.6,28.9,30.700000000000003,4.96,1.99,4.97,0.16,0.0,0.0,1027.0,8228.0,0.0,0.0,0.0,0.0,0.0,1.0,0.0,0.0,0.0,0.0,0.0,2.4000000000000004,0.0,-1.0,0.0,0.0,16.0,25903.0
2026-07-30T19:00:06.207Z,175.69,175.704,0.0,7.4,0.0,0.0,0.0,0.0,0.0,0.0,0.0,0.0,1.0,0.0,0.0,0.0,9.0,4.0,0.0,0.0,0.0,0.0,0.0,0.0,0.0,0.0,6.0,12.0,1.0,12.17,5.01,2.51,1.49,0.0,0.0,0.0,0.4,0.0,-0.8,-1.1,-0.2,-169.60000000000002,0.0,0.0,169.70000000000002,0.0,21.700000000000003,29.8,29.8,30.4,300.0,300.0,31.200000000000003,35.1,29.6,28.9,30.700000000000003,4.95,1.99,4.97,0.16,0.0,0.0,1027.0,8228.0,0.0,0.0,0.0,0.0,0.0,1.0,0.0,0.0,0.0,0.0,0.0,0.3,0.0,1.4,0.0,0.0,16.0,25903.0
2026-07-30T19:00:06.220Z,175.703,175.716,0.0,7.4,0.0,0.0,0.0,0.0,0.0,0.0,0.0,0.0,1.0,0.0,0.0,0.0,9.0,4.0,0.0,0.0,0.0,0.0,0.0,0.0,0.0,0.0,2.0,12.0,1.0,12.17,5.01,2.51,1.49,0.0,0.0,0.0,0.4,0.0,0.8,-0.5,-0.8,-169.60000000000002,0.0,0.0,169.70000000000002,0.0,21.700000000000003,29.8,29.8,30.4,300.0,300.0,31.200000000000003,35.1,29.6,28.9,30.700000000000003,4.96,1.99,4.96,0.16,0.0,0.0,1027.0,8228.0,0.0,0.0,0.0,0.0,0.0,1.0,0.0,0.0,0.0,0.0,0.0,0.7000000000000001,0.0,-0.8,0.0,0.0001,16.0,25903.0
2026-07-30T19:00:06.231Z,175.714,175.728,0.0,7.4,0.0,0.0,0.0,0.0,0.0,0.0,0.0,0.0,1.0,0.0,0.0,0.0,9.0,4.0,0.0,0.0,0.0,0.0,0.0,0.0,0.0,0.0,3.0,12.0,1.0,12.17,5.01,2.51,1.49,0.0,0.0,0.0,0.4,0.0,0.2,0.6000000000000001,0.3,-169.60000000000002,0.0,0.0,169.70000000000002,0.0,21.700000000000003,29.8,29.8,30.4,300.0,300.0,31.200000000000003,35.1,29.6,28.9,30.700000000000003,4.96,1.99,4.96,0.16,0.0,0.0,1027.0,8228.0,0.0,0.0,0.0,0.0,0.0,1.0,0.0,0.0,0.0,0.0,0.0,1.0,0.0,-0.1,0.0,0.0001,16.0,25903.0
2026-07-30T19:00:06.244Z,175.727,175.74,0.0,7.4,0.0,0.0,0.0,0.0,0.0,0.0,0.0,0.0,1.0,0.0,0.0,0.0,9.0,4.0,0.0,0.0,0.0,0.0,0.0,0.0,0.0,0.0,4.0,12.0,1.0,12.18,5.01,2.51,1.49,0.0,0.0,0.0,0.5,0.0,0.2,-0.5,-0.2,-169.60000000000002,0.0,0.0,169.70000000000002,0.0,21.0,29.8,29.8,30.4,300.0,300.0,31.200000000000003,35.1,29.6,28.9,30.700000000000003,4.96,1.99,4.97,0.16,0.0,0.0,1027.0,8228.0,0.0,0.0,0.0,0.0,0.0,1.0,0.0,0.0,0.0,0.0,0.0,-0.8,0.0,0.0,0.0,0.0001,16.0,25903.0
2026-07-30T19:00:06.256Z,175.739,175.752,0.0,7.4,0.0,0.0,0.0,0.0,0.0,0.0,0.0,0.0,1.0,0.0,0.0,0.0,9.0,4.0,0.0,0.0,0.0,0.0,0.0,0.0,0.0,0.0,5.0,12.0,1.0,12.18,5.01,2.51,1.49,0.0,0.0,0.0,0.5,0.0,-0.3,0.6000000000000001,0.9,-169.60000000000002,0.0,0.0,169.70000000000002,0.0,21.0,29.8,29.8,30.4,300.0,300.0,31.200000000000003,35.1,29.6,28.9,30.700000000000003,4.96,1.99,4.97,0.16,0.0,0.0,1027.0,8228.0,0.0,0.0,0.0,0.0,0.0,1.0,0.0,0.0,0.0,0.0,0.0,1.4,0.0,-0.7000000000000001,0.0,0.0001,16.0,25903.0
2026-07-30T19:00:06.268Z,175.751,175.764,0.0,7.4,0.0,0.0,0.0,0.0,0.0,0.0,0.0,0.0,1.0,0.0,0.0,0.0,9.0,4.0,0.0,0.0,0.0,0.0,0.0,0.0,0.0,0.0,6.0,12.0,1.0,12.18,5.01,2.51,1.49,0.0,0.0,0.0,0.4,0.0,-0.3,-0.5,-0.7000000000000001,-169.60000000000002,0.0,0.0,169.60000000000002,0.0,21.0,29.8,29.8,30.4,300.0,300.0,31.200000000000003,35.1,29.6,28.9,30.700000000000003,4.96,1.99,4.96,0.16,0.0,0.0,1027.0,8228.0,0.0,0.0,0.0,0.0,0.0,1.0,0.0,0.0,0.0,0.0,0.0,-1.2000000000000002,0.0,0.5,0.0,0.0001,16.0,25903.0
2026-07-30T19:00:06.279Z,175.762,175.776,0.0,7.4,0.0,0.0,0.0,0.0,0.0,0.0,0.0,0.0,1.0,0.0,0.0,0.0,9.0,4.0,0.0,0.0,0.0,0.0,0.0,0.0,0.0,0.0,1.0,12.0,1.0,12.18,5.01,2.51,1.49,0.0,0.0,0.0,0.4,0.0,0.8,-1.1,-0.7000000000000001,-169.60000000000002,0.0,0.0,169.70000000000002,0.0,21.0,29.8,29.8,30.4,300.0,300.0,31.200000000000003,35.1,29.6,28.9,30.700000000000003,4.95,1.99,4.97,0.16,0.0,0.0,1027.0,8228.0,0.0,0.0,0.0,0.0,0.0,1.0,0.0,0.0,0.0,0.0,0.0,-1.8,0.0,0.4,0.0,0.0001,16.0,25903.0
2026-07-30T19:00:06.292Z,175.775,175.788,0.0,7.4,0.0,0.0,0.0,0.0,0.0,0.0,0.0,0.0,1.0,0.0,0.0,0.0,9.0,4.0,0.0,0.0,0.0,0.0,0.0,0.0,0.0,0.0,3.0,12.0,1.0,12.18,5.01,2.51,1.49,0.0,0.0,0.0,0.4,0.0,0.2,-0.5,-0.7000000000000001,-169.60000000000002,0.0,0.0,169.70000000000002,0.0,21.0,29.8,29.8,30.4,300.0,300.0,31.200000000000003,35.1,29.6,28.9,30.700000000000003,4.95,2.0,4.96,0.16,0.0,0.0,1027.0,8228.0,0.0,0.0,0.0,0.0,0.0,1.0,0.0,0.0,0.0,0.0,0.0,-1.2000000000000002,0.0,0.5,0.0,0.0001,16.0,25903.0
2026-07-30T19:00:06.304Z,175.787,175.8,0.0,7.4,0.0,0.0,0.0,0.0,0.0,0.0,0.0,0.0,1.0,0.0,0.0,0.0,9.0,4.0,0.0,0.0,0.0,0.0,0.0,0.0,0.0,0.0,4.0,12.0,1.0,12.18,5.01,2.51,1.49,0.0,0.0,0.0,0.4,0.0,-0.8,1.8,-0.2,-169.60000000000002,0.0,0.0,169.60000000000002,0.0,21.0,29.8,29.8,30.4,300.0,300.0,31.200000000000003,35.1,29.6,28.9,30.700000000000003,4.96,1.99,4.96,0.16,0.0,0.0,1027.0,8228.0,0.0,0.0,0.0,0.0,0.0,1.0,0.0,0.0,0.0,0.0,0.0,1.9,0.0,0.5,0.0,0.0,16.0,25903.0
2026-07-30T19:00:06.315Z,175.798,175.812,0.0,7.4,0.0,0.0,0.0,0.0,0.0,0.0,0.0,0.0,1.0,0.0,0.0,0.0,9.0,4.0,0.0,0.0,0.0,0.0,0.0,0.0,0.0,0.0,6.0,12.0,1.0,12.18,5.01,2.51,1.49,0.0,0.0,0.0,0.4,0.0,0.2,0.0,0.9,-169.60000000000002,0.0,0.0,169.70000000000002,0.0,21.0,29.8,29.8,30.4,300.0,300.0,31.200000000000003,35.1,29.6,28.9,30.700000000000003,4.95,1.99,4.97,0.16,0.0,0.0,1027.0,8228.0,0.0,0.0,0.0,0.0,0.0,1.0,0.0,0.0,0.0,0.0,0.0,0.7000000000000001,0.0,-0.8,0.0,0.0001,16.0,25903.0
2026-07-30T19:00:06.327Z,175.81,175.824,0.0,7.4,0.0,0.0,0.0,0.0,0.0,0.0,0.0,0.0,1.0,0.0,0.0,0.0,9.0,4.0,0.0,0.0,0.0,0.0,0.0,0.0,0.0,0.0,1.0,12.0,1.0,12.18,5.01,2.51,1.49,0.0,0.0,0.0,0.4,0.0,0.3,-0.4,-0.2,-169.60000000000002,0.0,0.0,169.70000000000002,0.0,21.0,29.8,29.8,30.4,300.0,300.0,31.200000000000003,35.1,29.6,28.9,30.700000000000003,4.95,1.99,4.97,0.16,0.0,0.0,1027.0,8228.0,0.0,0.0,0.0,0.0,0.0,1.0,0.0,0.0,0.0,0.0,0.0,-0.7000000000000001,0.0,0.1,0.0,0.0,16.0,25903.0
2026-07-30T19:00:06.339Z,175.822,175.836,0.0,7.4,0.0,0.0,0.0,0.0,0.0,0.0,0.0,0.0,1.0,0.0,0.0,0.0,9.0,4.0,0.0,0.0,0.0,0.0,0.0,0.0,0.0,0.0,2.0,12.0,1.0,12.18,5.01,2.51,1.49,0.0,0.0,0.0,0.4,0.0,0.3,0.0,-0.2,-169.60000000000002,0.0,0.0,169.70000000000002,0.0,21.0,29.8,29.8,30.4,300.0,300.0,31.200000000000003,35.1,29.6,28.9,30.700000000000003,4.95,1.99,4.96,0.16,0.0,0.0,1027.0,8228.0,0.0,0.0,0.0,0.0,0.0,1.0,0.0,0.0,0.0,0.0,0.0,-0.1,0.0,0.2,0.0,0.0,16.0,25903.0
2026-07-30T19:00:06.351Z,175.834,175.848,0.0,7.4,0.0,0.0,0.0,0.0,0.0,0.0,0.0,0.0,1.0,0.0,0.0,0.0,9.0,4.0,0.0,0.0,0.0,0.0,0.0,0.0,0.0,0.0,3.0,12.0,1.0,12.18,5.01,2.51,1.49,0.0,0.0,0.0,0.4,0.0,-0.2,1.2000000000000002,0.9,-169.60000000000002,0.0,0.0,169.70000000000002,0.0,21.700000000000003,29.8,29.8,30.4,300.0,300.0,31.1,35.1,29.6,28.9,30.700000000000003,4.96,1.99,4.96,0.16,0.0,0.0,1027.0,8228.0,0.0,0.0,0.0,0.0,0.0,1.0,0.0,0.0,0.0,0.0,0.0,2.1,0.0,-0.5,0.0,0.0,16.0,25903.0
2026-07-30T19:00:06.364Z,175.847,175.86,0.0,7.4,0.0,0.0,0.0,0.0,0.0,0.0,0.0,0.0,1.0,0.0,0.0,0.0,9.0,4.0,0.0,0.0,0.0,0.0,0.0,0.0,0.0,0.0,4.0,12.0,1.0,12.18,5.01,2.51,1.49,0.0,0.0,0.0,0.4,0.0,0.3,0.6000000000000001,-0.2,-169.60000000000002,0.0,0.0,169.70000000000002,0.0,21.700000000000003,29.8,29.8,30.4,300.0,300.0,31.1,35.1,29.6,28.9,30.700000000000003,4.95,1.99,4.97,0.16,0.0,0.0,1027.0,8228.0,0.0,0.0,0.0,0.0,0.0,1.0,0.0,0.0,0.0,0.0,0.0,0.5,0.0,0.3,0.0,0.0001,16.0,25903.0
2026-07-30T19:00:06.375Z,175.858,175.872,0.0,7.4,0.0,0.0,0.0,0.0,0.0,0.0,0.0,0.0,1.0,0.0,0.0,0.0,9.0,4.0,0.0,0.0,0.0,0.0,0.0,0.0,0.0,0.0,5.0,12.0,1.0,12.18,5.01,2.51,1.49,0.0,0.0,0.0,0.4,0.0,-0.8,-0.4,0.3,-169.60000000000002,0.0,0.0,169.60000000000002,0.0,21.700000000000003,29.8,29.8,30.4,300.0,300.0,31.1,35.1,29.6,28.9,30.700000000000003,4.96,2.0,4.96,0.16,0.0,0.0,1027.0,8228.0,0.0,0.0,0.0,0.0,0.0,1.0,0.0,0.0,0.0,0.0,0.0,-0.2,0.0,-0.4,0.0,0.0,16.0,25903.0
2026-07-30T19:00:06.387Z,175.87,175.884,0.0,7.4,0.0,0.0,0.0,0.0,0.0,0.0,0.0,0.0,1.0,0.0,0.0,0.0,9.0,4.0,0.0,0.0,0.0,0.0,0.0,0.0,0.0,0.0,6.0,12.0,1.0,12.18,5.01,2.51,1.49,0.0,0.0,0.0,0.5,0.0,-0.2,0.1,-1.9,-169.60000000000002,0.0,0.0,169.70000000000002,0.0,21.700000000000003,29.8,29.8,30.4,300.0,300.0,31.1,35.1,29.6,28.9,30.700000000000003,4.96,2.0,4.96,0.15,0.0,0.0,1027.0,8228.0,0.0,0.0,0.0,0.0,0.0,1.0,0.0,0.0,0.0,0.0,0.0,-1.2000000000000002,0.0,1.7000000000000002,0.0,0.0001,16.0,25903.0
2026-07-30T19:00:06.399Z,175.882,175.89600000000002,0.0,7.4,0.0,0.0,0.0,0.0,0.0,0.0,0.0,0.0,1.0,0.0,0.0,0.0,9.0,4.0,0.0,0.0,0.0,0.0,0.0,0.0,0.0,0.0,1.0,12.0,1.0,12.18,5.01,2.51,1.49,0.0,0.0,0.0,0.4,0.0,0.3,-1.1,0.3,-169.60000000000002,0.0,0.0,169.70000000000002,0.0,21.700000000000003,29.8,29.8,30.4,300.0,300.0,31.1,35.1,29.6,28.9,30.700000000000003,4.95,1.99,4.96,0.16,0.0,0.0,1027.0,8228.0,0.0,0.0,0.0,0.0,0.0,1.0,0.0,0.0,0.0,0.0,0.0,-0.9,0.0,-0.5,0.0,0.0001,16.0,25903.0
2026-07-30T19:00:06.411Z,175.894,175.90800000000002,0.0,7.4,0.0,0.0,0.0,0.0,0.0,0.0,0.0,0.0,1.0,0.0,0.0,0.0,9.0,4.0,0.0,0.0,0.0,0.0,0.0,0.0,0.0,0.0,2.0,12.0,1.0,12.18,5.01,2.51,1.49,0.0,0.0,0.0,0.4,0.0,0.3,0.0,-0.1,-169.60000000000002,0.0,0.0,169.70000000000002,0.0,21.700000000000003,29.8,29.8,30.4,300.0,300.0,31.1,35.1,29.6,28.9,30.700000000000003,4.95,1.99,4.97,0.16,0.0,0.0,1027.0,8228.0,0.0,0.0,0.0,0.0,0.0,1.0,0.0,0.0,0.0,0.0,0.0,0.0,0.0,0.1,0.0,0.0001,16.0,25903.0
2026-07-30T19:00:06.431Z,175.914,175.92000000000002,0.0,7.4,0.0,0.0,0.0,0.0,0.0,0.0,0.0,0.0,1.0,0.0,0.0,0.0,9.0,4.0,0.0,0.0,0.0,0.0,0.0,0.0,0.0,0.0,1.0,12.0,1.0,12.18,5.01,2.51,1.49,0.0,0.0,0.0,0.4,0.0,0.3,-0.4,1.0,-169.60000000000002,0.0,0.0,169.70000000000002,0.0,21.700000000000003,29.8,29.8,30.4,300.0,300.0,31.1,35.1,29.6,28.9,30.700000000000003,4.96,2.0,4.96,0.16,0.0,0.0,1027.0,8228.0,0.0,0.0,0.0,0.0,0.0,1.0,0.0,0.0,0.0,0.0,0.0,0.2,0.0,-0.9,0.0,0.0,16.0,25903.0
2026-07-30T19:00:06.436Z,175.919,175.93200000000002,0.0,7.4,0.0,0.0,0.0,0.0,0.0,0.0,0.0,0.0,1.0,0.0,0.0,0.0,9.0,4.0,0.0,0.0,0.0,0.0,0.0,0.0,0.0,0.0,5.0,12.0,1.0,12.18,5.01,2.51,1.49,0.0,0.0,0.0,0.4,0.0,-0.8,1.2000000000000002,-0.1,-169.60000000000002,0.0,0.0,169.60000000000002,0.0,21.700000000000003,29.8,29.8,30.4,300.0,300.0,31.1,35.1,29.6,28.9,30.700000000000003,4.96,1.99,4.97,0.15,0.0,0.0,1027.0,8228.0,0.0,0.0,0.0,0.0,0.0,1.0,0.0,0.0,0.0,0.0,0.0,1.3,0.0,0.4,0.0,0.0,16.0,25903.0
2026-07-30T19:00:06.448Z,175.931,175.94400000000002,0.0,7.4,0.0,0.0,0.0,0.0,0.0,0.0,0.0,0.0,1.0,0.0,0.0,0.0,9.0,4.0,0.0,0.0,0.0,0.0,0.0,0.0,0.0,0.0,5.0,12.0,1.0,12.18,5.01,2.5,1.5,0.0,0.0,0.0,0.4,0.0,0.3,0.6000000000000001,-0.7000000000000001,-169.60000000000002,0.0,0.0,169.60000000000002,0.0,21.200000000000003,29.8,29.8,30.4,300.0,300.0,31.3,35.2,29.6,28.9,30.700000000000003,4.96,1.99,4.97,0.16,0.0,0.0,1027.0,8228.0,0.0,0.0,0.0,0.0,0.0,1.0,0.0,0.0,0.0,0.0,0.0,0.2,0.0,0.8,0.0,0.0,16.0,25903.0
2026-07-30T19:00:06.459Z,175.942,175.95600000000002,0.0,7.4,0.0,0.0,0.0,0.0,0.0,0.0,0.0,0.0,1.0,0.0,0.0,0.0,9.0,4.0,0.0,0.0,0.0,0.0,0.0,0.0,0.0,0.0,6.0,12.0,1.0,12.18,5.01,2.5,1.5,0.0,0.0,0.0,0.4,0.0,0.3,0.6000000000000001,1.5,-169.60000000000002,0.0,0.0,169.60000000000002,0.0,21.200000000000003,29.8,29.8,30.4,300.0,300.0,31.3,35.2,29.6,28.9,30.700000000000003,4.96,1.99,4.97,0.16,0.0,0.0,1027.0,8228.0,0.0,0.0,0.0,0.0,0.0,1.0,0.0,0.0,0.0,0.0,0.0,1.8,0.0,-1.2000000000000002,0.0,0.0,16.0,25903.0
2026-07-30T19:00:06.471Z,175.954,175.96800000000002,0.0,7.4,0.0,0.0,0.0,0.0,0.0,0.0,0.0,0.0,1.0,0.0,0.0,0.0,9.0,4.0,0.0,0.0,0.0,0.0,0.0,0.0,0.0,0.0,2.0,12.0,1.0,12.18,5.01,2.5,1.5,0.0,0.0,0.0,0.4,0.0,0.3,-0.5,-0.8,-169.60000000000002,0.0,0.0,169.60000000000002,0.0,21.200000000000003,29.8,29.8,30.4,300.0,300.0,31.3,35.2,29.6,28.9,30.700000000000003,4.95,2.0,4.96,0.16,0.0,0.0,1027.0,8228.0,0.0,0.0,0.0,0.0,0.0,1.0,0.0,0.0,0.0,0.0,0.0,-1.2000000000000002,0.0,0.5,0.0,0.0,16.0,25903.0
2026-07-30T19:00:06.484Z,175.967,175.98,0.0,7.4,0.0,0.0,0.0,0.0,0.0,0.0,0.0,0.0,1.0,0.0,0.0,0.0,9.0,4.0,0.0,0.0,0.0,0.0,0.0,0.0,0.0,0.0,3.0,12.0,1.0,12.18,5.01,2.5,1.5,0.0,0.0,0.0,0.4,0.0,-0.2,0.0,-0.7000000000000001,-169.60000000000002,0.0,0.0,169.70000000000002,0.0,21.200000000000003,29.8,29.8,30.4,300.0,300.0,31.3,35.2,29.6,28.9,30.700000000000003,4.95,1.99,4.97,0.16,0.0,0.0,1027.0,8228.0,0.0,0.0,0.0,0.0,0.0,1.0,0.0,0.0,0.0,0.0,0.0,-0.4,0.0,0.6000000000000001,0.0,0.0,16.0,25903.0
2026-07-30T19:00:06.495Z,175.978,175.992,0.0,7.4,0.0,0.0,0.0,0.0,0.0,0.0,0.0,0.0,1.0,0.0,0.0,0.0,9.0,4.0,0.0,0.0,0.0,0.0,0.0,0.0,0.0,0.0,4.0,12.0,1.0,12.18,5.01,2.5,1.5,0.0,0.0,0.0,0.4,0.0,-0.2,0.6000000000000001,1.0,-169.60000000000002,0.0,0.0,169.60000000000002,0.0,21.200000000000003,29.8,29.8,30.4,300.0,300.0,31.3,35.2,29.6,28.9,30.700000000000003,4.95,1.99,4.97,0.16,0.0,0.0,1027.0,8228.0,0.0,0.0,0.0,0.0,0.0,1.0,0.0,0.0,0.0,0.0,0.0,1.5,0.0,-0.7000000000000001,0.0,0.0,16.0,25903.0
2026-07-30T19:00:06.507Z,175.99,176.004,0.0,7.4,0.0,0.0,0.0,0.0,0.0,0.0,0.0,0.0,1.0,0.0,0.0,0.0,9.0,4.0,0.0,0.0,0.0,0.0,0.0,0.0,0.0,0.0,5.0,12.0,1.0,12.18,5.01,2.5,1.5,0.0,0.1,0.0,0.4,0.0,-0.2,-0.5,0.4,-169.60000000000002,0.0,0.0,169.60000000000002,0.0,21.200000000000003,29.8,29.8,30.4,300.0,300.0,31.3,35.2,29.6,28.9,30.700000000000003,4.96,1.99,4.96,0.16,0.0,0.0,1027.0,8228.0,0.0,0.0,0.0,0.0,0.0,1.0,0.0,0.0,0.0,0.0,0.0,-0.2,0.0,-0.4,0.0,0.0,16.0,25903.0
2026-07-30T19:00:06.519Z,176.002,176.016,0.0,7.4,0.0,0.0,0.0,0.0,0.0,0.0,0.0,0.0,1.0,0.0,0.0,0.0,9.0,4.0,0.0,0.0,0.0,0.0,0.0,0.0,0.0,0.0,1.0,12.0,1.0,12.18,5.01,2.5,1.5,0.0,0.1,0.0,0.4,0.0,0.2,-0.5,-0.1,-169.60000000000002,0.0,0.0,169.60000000000002,0.0,21.200000000000003,29.8,29.8,30.4,300.0,300.0,31.3,35.2,29.6,28.9,30.700000000000003,4.95,1.99,4.97,0.16,0.0,0.0,1027.0,8228.0,0.0,0.0,0.0,0.0,0.0,1.0,0.0,0.0,0.0,0.0,0.0,-0.7000000000000001,0.0,0.0,0.0,0.0,16.0,25903.0
2026-07-30T19:00:06.531Z,176.014,176.028,0.0,7.4,0.0,0.0,0.0,0.0,0.0,0.0,0.0,0.0,1.0,0.0,0.0,0.0,9.0,4.0,0.0,0.0,0.0,0.0,0.0,0.0,0.0,0.0,2.0,12.0,1.0,12.18,5.01,2.5,1.5,0.0,0.0,0.0,0.4,0.0,-0.2,0.6000000000000001,2.1,-169.60000000000002,0.0,0.0,169.60000000000002,0.0,21.200000000000003,29.8,29.8,30.4,300.0,300.0,31.3,35.2,29.6,28.9,30.700000000000003,4.95,1.99,4.96,0.16,0.0,0.0,1027.0,8228.0,0.0,0.0,0.0,0.0,0.0,1.0,0.0,0.0,0.0,0.0,0.0,2.3000000000000003,0.0,-1.7000000000000002,0.0,0.0,16.0,25903.0
2026-07-30T19:00:06.543Z,176.026,176.04,0.0,7.4,0.0,0.0,0.0,0.0,0.0,0.0,0.0,0.0,1.0,0.0,0.0,0.0,9.0,4.0,0.0,0.0,0.0,0.0,0.0,0.0,0.0,0.0,3.0,12.0,1.0,12.18,5.01,2.5,1.5,0.0,0.0,0.0,0.4,0.0,-1.4,0.0,-0.7000000000000001,-169.60000000000002,0.0,0.0,169.70000000000002,0.0,21.200000000000003,29.8,29.8,30.4,300.0,300.0,31.3,35.2,29.6,28.9,30.700000000000003,4.96,1.99,4.96,0.16,0.0,0.0,1027.0,8228.0,0.0,0.0,0.0,0.0,0.0,1.0,0.0,0.0,0.0,0.0,0.0,-0.5,0.0,0.6000000000000001,0.0,0.0,16.0,25903.0
2026-07-30T19:00:06.555Z,176.038,176.052,0.0,7.4,0.0,0.0,0.0,0.0,0.0,0.0,0.0,0.0,1.0,0.0,0.0,0.0,9.0,4.0,0.0,0.0,0.0,0.0,0.0,0.0,0.0,0.0,5.0,12.0,1.0,12.18,5.01,2.5,1.49,0.0,0.0,0.0,0.4,0.0,0.2,-1.7000000000000002,-0.7000000000000001,-169.60000000000002,0.0,0.0,169.70000000000002,0.0,21.700000000000003,29.8,29.8,30.4,300.0,300.0,31.200000000000003,35.1,29.6,28.9,30.700000000000003,4.96,1.99,4.96,0.16,0.0,0.0,1027.0,8228.0,0.0,0.0,0.0,0.0,0.0,1.0,0.0,0.0,0.0,0.0,0.0,-2.5,0.0,0.2,0.0,0.0,16.0,25903.0
2026-07-30T19:00:06.567Z,176.05,176.064,0.0,7.4,0.0,0.0,0.0,0.0,0.0,0.0,0.0,0.0,1.0,0.0,0.0,0.0,9.0,4.0,0.0,0.0,0.0,0.0,0.0,0.0,0.0,0.0,6.0,12.0,1.0,12.18,5.01,2.5,1.49,0.0,0.1,0.0,0.4,0.0,0.3,-1.1,-0.7000000000000001,-169.60000000000002,0.0,0.0,169.70000000000002,0.0,21.700000000000003,29.8,29.8,30.4,300.0,300.0,31.200000000000003,35.1,29.6,28.9,30.700000000000003,4.95,1.99,4.97,0.16,0.0,0.0,1027.0,8228.0,0.0,0.0,0.0,0.0,0.0,1.0,0.0,0.0,0.0,0.0,0.0,-1.8,0.0,0.4,0.0,0.0,16.0,25903.0
2026-07-30T19:00:06.579Z,176.062,176.076,0.0,7.4,0.0,0.0,0.0,0.0,0.0,0.0,0.0,0.0,1.0,0.0,0.0,0.0,9.0,4.0,0.0,0.0,0.0,0.0,0.0,0.0,0.0,0.0,1.0,12.0,1.0,12.18,5.01,2.5,1.49,0.0,0.1,0.0,0.4,0.0,0.8,-0.4,0.4,-169.60000000000002,0.0,0.0,169.60000000000002,0.0,21.700000000000003,29.8,29.8,30.4,300.0,300.0,31.200000000000003,35.1,29.6,28.9,30.700000000000003,4.95,1.99,4.96,0.16,0.0,0.0,1027.0,8228.0,0.0,0.0,0.0,0.0,0.0,1.0,0.0,0.0,0.0,0.0,0.0,-0.2,0.0,-0.4,0.0,0.0002,16.0,25903.0
2026-07-30T19:00:06.591Z,176.074,176.088,0.0,7.4,0.0,0.0,0.0,0.0,0.0,0.0,0.0,0.0,1.0,0.0,0.0,0.0,9.0,4.0,0.0,0.0,0.0,0.0,0.0,0.0,0.0,0.0,2.0,12.0,1.0,12.18,5.01,2.5,1.49,0.0,0.0,0.0,0.4,0.0,-0.2,0.6000000000000001,1.0,-169.60000000000002,0.0,0.0,169.60000000000002,0.0,21.700000000000003,29.8,29.8,30.4,300.0,300.0,31.200000000000003,35.1,29.6,28.9,30.700000000000003,4.96,2.0,4.96,0.16,0.0,0.0,1027.0,8228.0,0.0,0.0,0.0,0.0,0.0,1.0,0.0,0.0,0.0,0.0,0.0,1.5,0.0,-0.7000000000000001,0.0,0.0001,16.0,25903.0
2026-07-30T19:00:06.603Z,176.086,176.1,0.0,7.4,0.0,0.0,0.0,0.0,0.0,0.0,0.0,0.0,1.0,0.0,0.0,0.0,9.0,4.0,0.0,0.0,0.0,0.0,0.0,0.0,0.0,0.0,4.0,12.0,1.0,12.18,5.01,2.5,1.49,0.0,0.0,0.0,0.4,0.0,0.8,1.2000000000000002,1.6,-169.60000000000002,0.0,0.0,169.60000000000002,0.0,21.700000000000003,29.8,29.8,30.4,300.0,300.0,31.200000000000003,35.1,29.6,28.9,30.700000000000003,4.95,2.0,4.97,0.16,0.0,0.0,1027.0,8228.0,0.0,0.0,0.0,0.0,0.0,1.0,0.0,0.0,0.0,0.0,0.0,2.6,0.0,-1.1,0.0,0.0001,16.0,25903.0
2026-07-30T19:00:06.615Z,176.098,176.112,0.0,7.4,0.0,0.0,0.0,0.0,0.0,0.0,0.0,0.0,1.0,0.0,0.0,0.0,9.0,4.0,0.0,0.0,0.0,0.0,0.0,0.0,0.0,0.0,6.0,12.0,1.0,12.18,5.01,2.5,1.49,0.0,0.0,0.0,0.4,0.0,-0.2,-1.0,1.6,-169.60000000000002,0.0,0.0,169.60000000000002,0.0,21.700000000000003,29.8,29.8,30.4,300.0,300.0,31.200000000000003,35.1,29.6,28.9,30.700000000000003,4.96,1.99,4.96,0.16,0.0,0.0,1027.0,8228.0,0.0,0.0,0.0,0.0,0.0,1.0,0.0,0.0,0.0,0.0,0.0,0.0,0.0,-1.6,0.0,0.0,16.0,25903.0
2026-07-30T19:00:06.627Z,176.11,176.124,0.0,7.4,0.0,0.0,0.0,0.0,0.0,0.0,0.0,0.0,1.0,0.0,0.0,0.0,9.0,4.0,0.0,0.0,0.0,0.0,0.0,0.0,0.0,0.0,1.0,12.0,1.0,12.18,5.01,2.5,1.49,0.0,0.0,0.0,0.5,0.0,0.3,1.2000000000000002,1.6,-169.60000000000002,0.0,0.0,169.60000000000002,0.0,21.700000000000003,29.8,29.8,30.4,300.0,300.0,31.200000000000003,35.1,29.6,28.9,30.700000000000003,4.96,1.99,4.97,0.16,0.0,0.0,1027.0,8228.0,0.0,0.0,0.0,0.0,0.0,1.0,0.0,0.0,0.0,0.0,0.0,2.6,0.0,-1.1,0.0,0.0,16.0,25903.0
2026-07-30T19:00:06.639Z,176.122,176.136,0.0,7.4,0.0,0.0,0.0,0.0,0.0,0.0,0.0,0.0,1.0,0.0,0.0,0.0,9.0,4.0,0.0,0.0,0.0,0.0,0.0,0.0,0.0,0.0,2.0,12.0,1.0,12.18,5.01,2.5,1.49,0.0,0.0,0.0,0.4,0.0,0.3,0.6000000000000001,0.4,-169.60000000000002,0.0,0.0,169.60000000000002,0.0,21.700000000000003,29.8,29.8,30.4,300.0,300.0,31.200000000000003,35.1,29.6,28.9,30.700000000000003,4.95,1.99,4.97,0.16,0.0,0.0,1027.0,8228.0,0.0,0.0,0.0,0.0,0.0,1.0,0.0,0.0,0.0,0.0,0.0,1.0,0.0,-0.2,0.0,0.0,16.0,25903.0
2026-07-30T19:00:06.652Z,176.135,176.148,0.0,7.4,0.0,0.0,0.0,0.0,0.0,0.0,0.0,0.0,1.0,0.0,0.0,0.0,9.0,4.0,0.0,0.0,0.0,0.0,0.0,0.0,0.0,0.0,4.0,12.0,1.0,12.17,5.0200000000000005,2.51,1.49,0.0,0.0,0.0,0.4,0.0,-0.8,-1.1,0.4,-169.60000000000002,0.0,0.0,169.60000000000002,0.0,21.4,29.8,29.8,30.4,300.0,300.0,31.1,35.1,29.6,28.9,30.700000000000003,4.95,1.99,4.97,0.16,0.0,0.0,1027.0,8228.0,0.0,0.0,0.0,0.0,0.0,1.0,0.0,0.0,0.0,0.0,0.0,-0.9,0.0,-0.6000000000000001,0.0,0.0,16.0,25903.0
2026-07-30T19:00:06.664Z,176.147,176.16,0.0,7.4,0.0,0.0,0.0,0.0,0.0,0.0,0.0,0.0,1.0,0.0,0.0,0.0,9.0,4.0,0.0,0.0,0.0,0.0,0.0,0.0,0.0,0.0,5.0,12.0,1.0,12.17,5.0200000000000005,2.51,1.49,0.0,0.0,0.0,0.5,0.0,-0.2,-0.5,-0.7000000000000001,-169.60000000000002,0.0,0.0,169.60000000000002,0.0,21.4,29.8,29.8,30.4,300.0,300.0,31.1,35.1,29.6,28.9,30.700000000000003,4.96,2.0,4.97,0.16,0.0,0.0,1027.0,8228.0,0.0,0.0,0.0,0.0,0.0,1.0,0.0,0.0,0.0,0.0,0.0,-1.1,0.0,0.5,0.0,0.0,16.0,25903.0
2026-07-30T19:00:06.675Z,176.158,176.172,0.0,7.4,0.0,0.0,0.0,0.0,0.0,0.0,0.0,0.0,1.0,0.0,0.0,0.0,9.0,4.0,0.0,0.0,0.0,0.0,0.0,0.0,0.0,0.0,6.0,12.0,1.0,12.17,5.0200000000000005,2.51,1.49,0.0,0.0,0.0,0.4,0.0,-0.2,0.6000000000000001,0.3,-169.60000000000002,0.0,0.0,169.60000000000002,0.0,21.4,29.8,29.8,30.4,300.0,300.0,31.1,35.1,29.6,28.9,30.700000000000003,4.96,1.99,4.97,0.16,0.0,0.0,1027.0,8228.0,0.0,0.0,0.0,0.0,0.0,1.0,0.0,0.0,0.0,0.0,0.0,1.0,0.0,-0.2,0.0,0.0,16.0,25903.0
2026-07-30T19:00:06.687Z,176.17,176.184,0.0,7.4,0.0,0.0,0.0,0.0,0.0,0.0,0.0,0.0,1.0,0.0,0.0,0.0,9.0,4.0,0.0,0.0,0.0,0.0,0.0,0.0,0.0,0.0,2.0,12.0,1.0,12.17,5.0200000000000005,2.51,1.49,0.0,0.0,0.0,0.4,0.0,-0.2,0.0,-0.7000000000000001,-169.60000000000002,0.0,0.0,169.60000000000002,0.0,21.4,29.8,29.8,30.4,300.0,300.0,31.1,35.1,29.6,28.9,30.700000000000003,4.95,1.99,4.97,0.16,0.0,0.0,1027.0,8228.0,0.0,0.0,0.0,0.0,0.0,1.0,0.0,0.0,0.0,0.0,0.0,-0.5,0.0,0.6000000000000001,0.0,0.0,16.0,25903.0
2026-07-30T19:00:06.700Z,176.183,176.196,0.0,7.4,0.0,0.0,0.0,0.0,0.0,0.0,0.0,0.0,1.0,0.0,0.0,0.0,9.0,4.0,0.0,0.0,0.0,0.0,0.0,0.0,0.0,0.0,3.0,12.0,1.0,12.17,5.0200000000000005,2.51,1.49,0.0,0.1,0.0,0.4,0.0,-0.8,-1.0,-1.3,-169.60000000000002,0.0,0.0,169.60000000000002,0.0,21.4,29.8,29.8,30.4,300.0,300.0,31.1,35.1,29.6,28.9,30.700000000000003,4.96,1.99,4.96,0.16,0.0,0.0,1027.0,8228.0,0.0,0.0,0.0,0.0,0.0,1.0,0.0,0.0,0.0,0.0,0.0,-1.5,0.0,1.1,0.0,0.0,16.0,25903.0
2026-07-30T19:00:06.711Z,176.194,176.208,0.0,7.4,0.0,0.0,0.0,0.0,0.0,0.0,0.0,0.0,1.0,0.0,0.0,0.0,9.0,4.0,0.0,0.0,0.0,0.0,0.0,0.0,0.0,0.0,5.0,12.0,1.0,12.17,5.0200000000000005,2.51,1.49,0.0,0.0,0.0,0.4,0.0,-0.2,0.1,-0.1,-169.60000000000002,0.0,0.0,169.60000000000002,0.0,21.4,29.8,29.8,30.4,300.0,300.0,31.1,35.1,29.6,28.9,30.700000000000003,4.95,1.99,4.97,0.16,0.0,0.0,1027.0,8228.0,0.0,0.0,0.0,0.0,0.0,1.0,0.0,0.0,0.0,0.0,0.0,1.9,0.0,-1.2000000000000002,0.0,0.0,16.0,25903.0
2026-07-30T19:00:06.724Z,176.207,176.22,0.0,7.4,0.0,0.0,0.0,0.0,0.0,0.0,0.0,0.0,1.0,0.0,0.0,0.0,9.0,4.0,0.0,0.0,0.0,0.0,0.0,0.0,0.0,0.0,6.0,12.0,1.0,12.17,5.0200000000000005,2.51,1.49,0.0,0.0,0.0,0.4,0.0,-0.2,0.7000000000000001,0.9,-169.60000000000002,0.0,0.0,169.70000000000002,0.0,21.4,29.8,29.8,30.4,300.0,300.0,31.1,35.1,29.6,28.9,30.700000000000003,4.95,1.99,4.97,0.16,0.0,0.0,1027.0,8228.0,0.0,0.0,0.0,0.0,0.0,1.0,0.0,0.0,0.0,0.0,0.0,0.2,0.0,0.8,0.0,0.0,16.0,25903.0
2026-07-30T19:00:06.735Z,176.218,176.232,0.0,7.4,0.0,0.0,0.0,0.0,0.0,0.0,0.0,0.0,1.0,0.0,0.0,0.0,9.0,4.0,0.0,0.0,0.0,0.0,0.0,0.0,0.0,0.0,5.0,12.0,1.0,12.17,5.0200000000000005,2.51,1.49,0.0,0.0,0.0,0.4,0.0,-0.2,0.7000000000000001,-0.1,-169.60000000000002,0.0,0.0,169.60000000000002,0.0,21.4,29.8,29.8,30.4,300.0,300.0,31.1,35.1,29.6,28.9,30.700000000000003,4.95,1.99,4.97,0.16,0.0,0.0,1027.0,8228.0,0.0,0.0,0.0,0.0,0.0,1.0,0.0,0.0,0.0,0.0,0.0,0.6000000000000001,0.0,0.2,0.0,0.0,16.0,25903.0
2026-07-30T19:00:06.748Z,176.231,176.244,0.0,7.4,0.0,0.0,0.0,0.0,0.0,0.0,0.0,0.0,1.0,0.0,0.0,0.0,9.0,4.0,0.0,0.0,0.0,0.0,0.0,0.0,0.0,0.0,4.0,12.0,1.0,12.17,5.0200000000000005,2.51,1.49,0.0,0.0,0.0,0.4,0.0,0.3,-0.5,0.3,-169.60000000000002,0.0,0.0,169.70000000000002,0.0,21.4,29.8,29.8,30.4,300.0,300.0,31.1,35.1,29.6,28.9,30.700000000000003,4.96,1.99,4.96,0.16,0.0,0.0,1027.0,8228.0,0.0,0.0,0.0,0.0,0.0,1.0,0.0,0.0,0.0,0.0,0.0,-0.2,0.0,-0.4,0.0,0.0,16.0,25903.0
2026-07-30T19:00:06.759Z,176.242,176.256,0.0,7.4,0.0,0.0,0.0,0.0,0.0,0.0,0.0,0.0,1.0,0.0,0.0,0.0,9.0,4.0,0.0,0.0,0.0,0.0,0.0,0.0,0.0,0.0,6.0,12.0,1.0,12.18,5.01,2.5,1.49,0.0,0.0,0.0,0.4,0.0,-0.8,-1.1,-0.2,-169.60000000000002,0.0,0.0,169.70000000000002,0.0,21.200000000000003,29.8,29.8,30.4,300.0,300.0,31.200000000000003,35.0,29.6,28.9,30.700000000000003,4.95,1.99,4.97,0.16,0.0,0.0,1027.0,8228.0,0.0,0.0,0.0,0.0,0.0,1.0,0.0,0.0,0.0,0.0,0.0,-1.4,0.0,0.0,0.0,0.0,16.0,25903.0
2026-07-30T19:00:06.771Z,176.254,176.268,0.0,7.4,0.0,0.0,0.0,0.0,0.0,0.0,0.0,0.0,1.0,0.0,0.0,0.0,9.0,4.0,0.0,0.0,0.0,0.0,0.0,0.0,0.0,0.0,6.0,12.0,1.0,12.18,5.01,2.5,1.49,0.0,0.0,0.0,0.4,0.0,0.3,1.2000000000000002,1.0,-169.60000000000002,0.0,0.0,169.70000000000002,0.0,21.200000000000003,29.8,29.8,30.4,300.0,300.0,31.200000000000003,35.0,29.6,28.9,30.700000000000003,4.95,2.0,4.96,0.16,0.0,0.0,1027.0,8228.0,0.0,0.0,0.0,0.0,0.0,1.0,0.0,0.0,0.0,0.0,0.0,2.1,0.0,-0.6000000000000001,0.0,0.0,16.0,25903.0
2026-07-30T19:00:06.783Z,176.266,176.28,0.0,7.4,0.0,0.0,0.0,0.0,0.0,0.0,0.0,0.0,1.0,0.0,0.0,0.0,9.0,4.0,0.0,0.0,0.0,0.0,0.0,0.0,0.0,0.0,2.0,12.0,1.0,12.18,5.01,2.5,1.49,0.0,0.0,0.0,0.4,0.0,-0.8,-0.4,-0.1,-169.60000000000002,0.0,0.0,169.70000000000002,0.0,21.200000000000003,29.8,29.8,30.4,300.0,300.0,31.200000000000003,35.0,29.6,28.9,30.700000000000003,4.96,1.99,4.96,0.16,0.0,0.0,1027.0,8228.0,0.0,0.0,0.0,0.0,0.0,1.0,0.0,0.0,0.0,0.0,0.0,-0.6000000000000001,0.0,0.0,0.0,0.0001,16.0,25903.0
2026-07-30T19:00:06.795Z,176.278,176.292,0.0,7.4,0.0,0.0,0.0,0.0,0.0,0.0,0.0,0.0,1.0,0.0,0.0,0.0,9.0,4.0,0.0,0.0,0.0,0.0,0.0,0.0,0.0,0.0,3.0,12.0,1.0,12.18,5.01,2.5,1.49,0.0,0.0,0.0,0.4,0.0,-0.2,-0.5,-0.7000000000000001,-169.60000000000002,0.0,0.0,169.60000000000002,0.0,21.200000000000003,29.8,29.8,30.4,300.0,300.0,31.200000000000003,35.0,29.6,28.9,30.700000000000003,4.95,1.99,4.96,0.16,0.0,0.0,1027.0,8228.0,0.0,0.0,0.0,0.0,0.0,1.0,0.0,0.0,0.0,0.0,0.0,-1.1,0.0,0.5,0.0,0.0001,16.0,25903.0
2026-07-30T19:00:06.808Z,176.291,176.304,0.0,7.4,0.0,0.0,0.0,0.0,0.0,0.0,0.0,0.0,1.0,0.0,0.0,0.0,9.0,4.0,0.0,0.0,0.0,0.0,0.0,0.0,0.0,0.0,4.0,12.0,1.0,12.18,5.01,2.5,1.49,0.0,0.0,0.0,0.4,0.0,-0.8,-1.7000000000000002,0.4,-169.60000000000002,0.0,0.0,169.60000000000002,0.0,21.200000000000003,29.8,29.8,30.4,300.0,300.0,31.200000000000003,35.0,29.6,28.9,30.700000000000003,4.95,1.99,4.97,0.16,0.0,0.0,1027.0,8228.0,0.0,0.0,0.0,0.0,0.0,1.0,0.0,0.0,0.0,0.0,0.0,-1.6,0.0,-0.7000000000000001,0.0,0.0001,16.0,25903.0
2026-07-30T19:00:06.819Z,176.302,176.316,0.0,7.4,0.0,0.0,0.0,0.0,0.0,0.0,0.0,0.0,1.0,0.0,0.0,0.0,9.0,4.0,0.0,0.0,0.0,0.0,0.0,0.0,0.0,0.0,5.0,12.0,1.0,12.18,5.01,2.5,1.49,0.0,0.0,0.0,0.4,0.0,1.5,0.6000000000000001,-0.7000000000000001,-169.60000000000002,0.0,0.0,169.70000000000002,0.0,21.200000000000003,29.8,29.8,30.4,300.0,300.0,31.200000000000003,35.0,29.6,28.9,30.700000000000003,4.95,1.99,4.96,0.16,0.0,0.0,1027.0,8228.0,0.0,0.0,0.0,0.0,0.0,1.0,0.0,0.0,0.0,0.0,0.0,0.1,0.0,0.8,0.0,0.0,16.0,25903.0
2026-07-30T19:00:06.831Z,176.314,176.328,0.0,7.4,0.0,0.0,0.0,0.0,0.0,0.0,0.0,0.0,1.0,0.0,0.0,0.0,9.0,4.0,0.0,0.0,0.0,0.0,0.0,0.0,0.0,0.0,6.0,12.0,1.0,12.18,5.01,2.5,1.49,0.0,0.0,0.0,0.4,0.0,-0.7000000000000001,0.0,-0.7000000000000001,-169.60000000000002,0.0,0.0,169.8,0.0,21.200000000000003,29.8,29.8,30.4,300.0,300.0,31.200000000000003,35.0,29.6,28.9,30.700000000000003,4.96,1.99,4.96,0.16,0.0,0.0,1027.0,8228.0,0.0,0.0,0.0,0.0,0.0,1.0,0.0,0.0,0.0,0.0,0.0,-0.4,0.0,0.6000000000000001,0.0,0.0,16.0,25903.0
2026-07-30T19:00:06.843Z,176.326,176.34,0.0,7.4,0.0,0.0,0.0,0.0,0.0,0.0,0.0,0.0,1.0,0.0,0.0,0.0,9.0,4.0,0.0,0.0,0.0,0.0,0.0,0.0,0.0,0.0,2.0,12.0,1.0,12.18,5.01,2.5,1.49,0.0,0.0,0.0,0.4,0.0,0.4,0.6000000000000001,-0.7000000000000001,-169.60000000000002,0.0,0.0,169.70000000000002,0.0,21.200000000000003,29.8,29.8,30.4,300.0,300.0,31.200000000000003,35.0,29.6,28.9,30.700000000000003,4.95,1.99,4.97,0.16,0.0,0.0,1027.0,8228.0,0.0,0.0,0.0,0.0,0.0,1.0,0.0,0.0,0.0,0.0,0.0,0.2,0.0,0.8,0.0,0.0002,16.0,25903.0
2026-07-30T19:00:06.856Z,176.339,176.352,0.0,7.4,0.0,0.0,0.0,0.0,0.0,0.0,0.0,0.0,1.0,0.0,0.0,0.0,9.0,4.0,0.0,0.0,0.0,0.0,0.0,0.0,0.0,0.0,3.0,12.0,1.0,12.17,5.01,2.51,1.49,0.0,0.0,0.0,0.4,0.0,-0.1,-0.4,-0.1,-169.60000000000002,0.0,0.0,169.60000000000002,0.0,21.200000000000003,29.8,29.8,30.4,300.0,300.0,31.4,35.0,29.6,28.9,30.700000000000003,4.96,1.99,4.96,0.16,0.0,0.0,1027.0,8228.0,0.0,0.0,0.0,0.0,0.0,1.0,0.0,0.0,0.0,0.0,0.0,-0.6000000000000001,0.0,0.0,0.0,0.0001,16.0,25903.0
2026-07-30T19:00:06.867Z,176.35,176.364,0.0,7.4,0.0,0.0,0.0,0.0,0.0,0.0,0.0,0.0,1.0,0.0,0.0,0.0,9.0,4.0,0.0,0.0,0.0,0.0,0.0,0.0,0.0,0.0,4.0,12.0,1.0,12.17,5.01,2.51,1.49,0.0,0.0,0.0,0.5,0.0,-0.1,0.0,0.4,-169.60000000000002,0.0,0.0,169.60000000000002,0.0,21.200000000000003,29.8,29.8,30.4,300.0,300.0,31.4,35.0,29.6,28.9,30.700000000000003,4.96,2.0,4.97,0.16,0.0,0.0,1027.0,8228.0,0.0,0.0,0.0,0.0,0.0,1.0,0.0,0.0,0.0,0.0,0.0,0.4,0.0,-0.3,0.0,0.0001,16.0,25903.0
2026-07-30T19:00:06.879Z,176.362,176.376,0.0,7.4,0.0,0.0,0.0,0.0,0.0,0.0,0.0,0.0,1.0,0.0,0.0,0.0,9.0,4.0,0.0,0.0,0.0,0.0,0.0,0.0,0.0,0.0,5.0,12.0,1.0,12.17,5.01,2.51,1.49,0.0,0.1,0.0,0.4,0.0,-0.1,0.0,-1.2000000000000002,-169.60000000000002,0.0,0.0,169.70000000000002,0.0,21.200000000000003,29.8,29.8,30.4,300.0,300.0,31.4,35.0,29.6,28.9,30.700000000000003,4.95,1.99,4.97,0.16,0.0,0.0,1027.0,8228.0,0.0,0.0,0.0,0.0,0.0,1.0,0.0,0.0,0.0,0.0,0.0,-0.8,0.0,1.1,0.0,0.0,16.0,25903.0
2026-07-30T19:00:06.891Z,176.374,176.388,0.0,7.4,0.0,0.0,0.0,0.0,0.0,0.0,0.0,0.0,1.0,0.0,0.0,0.0,9.0,4.0,0.0,0.0,0.0,0.0,0.0,0.0,0.0,0.0,6.0,12.0,1.0,12.17,5.01,2.51,1.49,0.0,0.0,0.0,0.4,0.0,0.9,0.6000000000000001,-0.7000000000000001,-169.60000000000002,0.0,0.0,169.70000000000002,0.0,21.200000000000003,29.8,29.8,30.4,300.0,300.0,31.4,35.0,29.6,28.9,30.700000000000003,4.95,1.99,4.97,0.16,0.0,0.0,1027.0,8228.0,0.0,0.0,0.0,0.0,0.0,1.0,0.0,0.0,0.0,0.0,0.0,0.2,0.0,0.7000000000000001,0.0,0.0001,16.0,25903.0
2026-07-30T19:00:06.903Z,176.386,176.4,0.0,7.4,0.0,0.0,0.0,0.0,0.0,0.0,0.0,0.0,1.0,0.0,0.0,0.0,9.0,4.0,0.0,0.0,0.0,0.0,0.0,0.0,0.0,0.0,1.0,12.0,1.0,12.17,5.01,2.51,1.49,0.0,0.1,0.0,0.4,0.0,0.4,-0.4,0.0,-169.60000000000002,0.0,0.0,169.70000000000002,0.0,21.200000000000003,29.8,29.8,30.4,300.0,300.0,31.4,35.0,29.6,28.9,30.700000000000003,4.96,2.0,4.96,0.16,0.0,0.0,1027.0,8228.0,0.0,0.0,0.0,0.0,0.0,1.0,0.0,0.0,0.0,0.0,0.0,-0.5,0.0,0.0,0.0,0.0,16.0,25903.0
2026-07-30T19:00:06.916Z,176.399,176.412,0.0,7.4,0.0,0.0,0.0,0.0,0.0,0.0,0.0,0.0,1.0,0.0,0.0,0.0,9.0,4.0,0.0,0.0,0.0,0.0,0.0,0.0,0.0,0.0,2.0,12.0,1.0,12.17,5.01,2.51,1.49,0.0,0.0,0.0,0.4,0.0,0.4,0.1,0.0,-169.60000000000002,0.0,0.0,169.70000000000002,0.0,21.200000000000003,29.8,29.8,30.4,300.0,300.0,31.4,35.0,29.6,28.9,30.700000000000003,4.96,1.99,4.96,0.16,0.0,0.0,1027.0,8228.0,0.0,0.0,0.0,0.0,0.0,1.0,0.0,0.0,0.0,0.0,0.0,0.0,0.0,0.0,0.0,0.0,16.0,25903.0
2026-07-30T19:00:06.927Z,176.41,176.424,0.0,7.4,0.0,0.0,0.0,0.0,0.0,0.0,0.0,0.0,1.0,0.0,0.0,0.0,9.0,4.0,0.0,0.0,0.0,0.0,0.0,0.0,0.0,0.0,4.0,12.0,1.0,12.17,5.01,2.51,1.49,0.0,0.1,0.0,0.4,0.0,0.4,0.7000000000000001,0.0,-169.60000000000002,0.0,0.0,169.8,0.0,21.200000000000003,29.8,29.8,30.4,300.0,300.0,31.4,35.0,29.6,28.9,30.700000000000003,4.95,1.99,4.96,0.16,0.0,0.0,1027.0,8228.0,0.0,0.0,0.0,0.0,0.0,1.0,0.0,0.0,0.0,0.0,0.0,0.8,0.0,0.1,0.0,0.0,16.0,25903.0
2026-07-30T19:00:06.939Z,176.422,176.436,0.0,7.4,0.0,0.0,0.0,0.0,0.0,0.0,0.0,0.0,1.0,0.0,0.0,0.0,9.0,4.0,0.0,0.0,0.0,0.0,0.0,0.0,0.0,0.0,6.0,12.0,1.0,12.17,5.01,2.51,1.49,0.0,0.0,0.0,0.4,0.0,0.4,-1.0,-2.3000000000000003,-169.60000000000002,0.0,0.0,169.8,0.0,21.200000000000003,29.8,29.8,30.4,300.0,300.0,31.4,35.0,29.6,28.9,30.700000000000003,4.96,1.99,4.96,0.16,0.0,0.0,1027.0,8228.0,0.0,0.0,0.0,0.0,0.0,1.0,0.0,0.0,0.0,0.0,0.0,-2.8000000000000003,0.0,1.8,0.0,0.0002,16.0,25903.0
2026-07-30T19:00:06.951Z,176.434,176.448,0.0,7.4,0.0,0.0,0.0,0.0,0.0,0.0,0.0,0.0,1.0,0.0,0.0,0.0,9.0,4.0,0.0,0.0,0.0,0.0,0.0,0.0,0.0,0.0,1.0,12.0,1.0,12.17,5.01,2.51,1.49,0.0,0.1,0.0,0.4,0.0,-0.1,-1.0,-1.1,-169.60000000000002,0.0,0.0,169.70000000000002,0.0,21.200000000000003,29.8,29.8,30.4,300.0,300.0,31.4,35.0,29.6,28.9,30.700000000000003,4.95,1.99,4.96,0.16,0.0,0.0,1027.0,8228.0,0.0,0.0,0.0,0.0,0.0,1.0,0.0,0.0,0.0,0.0,0.0,-2.0,0.0,0.7000000000000001,0.0,0.0,16.0,25903.0
2026-07-30T19:00:06.963Z,176.446,176.46,0.0,7.4,0.0,0.0,0.0,0.0,0.0,0.0,0.0,0.0,1.0,0.0,0.0,0.0,9.0,4.0,0.0,0.0,0.0,0.0,0.0,0.0,0.0,0.0,3.0,12.0,1.0,12.17,5.01,2.51,1.49,0.0,0.1,0.0,0.4,0.0,-0.1,0.7000000000000001,0.0,-169.60000000000002,0.0,0.0,169.8,0.0,21.700000000000003,29.8,29.8,30.4,300.0,300.0,31.200000000000003,35.1,29.6,28.9,30.700000000000003,4.95,1.99,4.97,0.16,0.0,0.0,1027.0,8228.0,0.0,0.0,0.0,0.0,0.0,1.0,0.0,0.0,0.0,0.0,0.0,0.8,0.0,0.1,0.0,0.0001,16.0,25903.0
2026-07-30T19:00:06.975Z,176.458,176.472,0.0,7.4,0.0,0.0,0.0,0.0,0.0,0.0,0.0,0.0,1.0,0.0,0.0,0.0,9.0,4.0,0.0,0.0,0.0,0.0,0.0,0.0,0.0,0.0,4.0,12.0,1.0,12.17,5.01,2.51,1.49,0.0,0.1,0.0,0.4,0.0,-0.1,0.1,0.5,-169.70000000000002,0.0,0.0,169.70000000000002,0.0,21.700000000000003,29.8,29.8,30.4,300.0,300.0,31.200000000000003,35.1,29.6,28.9,30.700000000000003,4.95,1.99,4.97,0.16,0.0,0.0,1027.0,8228.0,0.0,0.0,0.0,0.0,0.0,1.0,0.0,0.0,0.0,0.0,0.0,0.6000000000000001,0.0,-0.4,0.0,0.0001,16.0,25903.0
2026-07-30T19:00:06.987Z,176.47,176.484,0.0,7.4,0.0,0.0,0.0,0.0,0.0,0.0,0.0,0.0,1.0,0.0,0.0,0.0,9.0,4.0,0.0,0.0,0.0,0.0,0.0,0.0,0.0,0.0,5.0,12.0,1.0,12.17,5.01,2.51,1.49,0.0,0.0,0.0,0.4,0.0,0.3,0.1,0.5,-169.70000000000002,0.0,0.0,169.70000000000002,0.0,21.700000000000003,29.8,29.8,30.4,300.0,300.0,31.200000000000003,35.1,29.6,28.9,30.700000000000003,4.96,1.99,4.96,0.16,0.0,0.0,1027.0,8228.0,0.0,0.0,0.0,0.0,0.0,1.0,0.0,0.0,0.0,0.0,0.0,0.6000000000000001,0.0,-0.4,0.0,0.0001,16.0,25903.0
2026-07-30T19:00:07.000Z,176.483,176.496,0.0,7.4,0.0,0.0,0.0,0.0,0.0,0.0,0.0,0.0,1.0,0.0,0.0,0.0,9.0,4.0,0.0,0.0,0.0,0.0,0.0,0.0,0.0,0.0,6.0,12.0,1.0,12.17,5.01,2.51,1.49,0.0,0.0,0.0,0.4,0.0,-0.2,-1.0,-1.2000000000000002,-169.70000000000002,0.0,0.0,169.8,0.0,21.700000000000003,29.8,29.8,30.4,300.0,300.0,31.200000000000003,35.1,29.6,28.9,30.700000000000003,4.95,2.0,4.97,0.16,0.0,0.0,1027.0,8228.0,0.0,0.0,0.0,0.0,0.0,1.0,0.0,0.0,0.0,0.0,0.0,-2.0,0.0,0.8,0.0,0.0001,16.0,25903.0
2026-07-30T19:00:07.011Z,176.494,176.508,0.0,7.4,0.0,0.0,0.0,0.0,0.0,0.0,0.0,0.0,1.0,0.0,0.0,0.0,9.0,4.0,0.0,0.0,0.0,0.0,0.0,0.0,0.0,0.0,2.0,12.0,1.0,12.17,5.01,2.51,1.49,0.0,0.0,0.0,0.4,0.0,-0.7000000000000001,-0.4,0.5,-169.70000000000002,0.0,0.0,169.8,0.0,21.700000000000003,29.8,29.8,30.4,300.0,300.0,31.200000000000003,35.1,29.6,28.9,30.700000000000003,4.95,1.99,4.96,0.16,0.0,0.0,1027.0,8228.0,0.0,0.0,0.0,0.0,0.0,1.0,0.0,0.0,0.0,0.0,0.0,0.0,0.0,-0.5,0.0,0.0,16.0,25903.0
2026-07-30T19:00:07.023Z,176.506,176.52,0.0,7.4,0.0,0.0,0.0,0.0,0.0,0.0,0.0,0.0,1.0,0.0,0.0,0.0,9.0,4.0,0.0,0.0,0.0,0.0,0.0,0.0,0.0,0.0,3.0,12.0,1.0,12.17,5.01,2.51,1.49,0.0,0.1,0.0,0.4,0.0,0.3,-0.4,0.5,-169.70000000000002,0.0,0.0,169.60000000000002,0.0,21.700000000000003,29.8,29.8,30.4,300.0,300.0,31.200000000000003,35.1,29.6,28.9,30.700000000000003,4.96,1.99,4.96,0.16,0.0,0.0,1027.0,8228.0,0.0,0.0,0.0,0.0,0.0,1.0,0.0,0.0,0.0,0.0,0.0,0.0,0.0,-0.5,0.0,0.0,16.0,25903.0
2026-07-30T19:00:07.035Z,176.518,176.532,0.0,7.4,0.0,0.0,0.0,0.0,0.0,0.0,0.0,0.0,1.0,0.0,0.0,0.0,9.0,4.0,0.0,0.0,0.0,0.0,0.0,0.0,0.0,0.0,4.0,12.0,1.0,12.17,5.01,2.51,1.49,0.0,0.0,0.0,0.4,0.0,-0.1,-0.4,-0.6000000000000001,-169.70000000000002,0.0,0.0,169.70000000000002,0.0,21.700000000000003,29.8,29.8,30.4,300.0,300.0,31.200000000000003,35.1,29.6,28.9,30.700000000000003,4.96,1.99,4.97,0.16,0.0,0.0,1027.0,8228.0,0.0,0.0,0.0,0.0,0.0,1.0,0.0,0.0,0.0,0.0,0.0,-0.9,0.0,0.4,0.0,0.0002,16.0,25903.0
2026-07-30T19:00:07.052Z,176.535,176.544,0.0,7.4,0.0,0.0,0.0,0.0,0.0,0.0,0.0,0.0,1.0,0.0,0.0,0.0,9.0,4.0,0.0,0.0,0.0,0.0,0.0,0.0,0.0,0.0,4.0,12.0,1.0,12.17,5.01,2.51,1.49,0.0,0.0,0.0,0.4,0.0,-0.2,-0.4,0.5,-169.70000000000002,0.0,0.0,169.60000000000002,0.0,21.700000000000003,29.8,29.8,30.4,300.0,300.0,31.200000000000003,35.1,29.6,28.9,30.700000000000003,4.95,1.99,4.96,0.16,0.0,0.0,1027.0,8228.0,0.0,0.0,0.0,0.0,0.0,1.0,0.0,0.0,0.0,0.0,0.0,-0.1,0.0,-0.5,0.0,0.0,16.0,25903.0
2026-07-30T19:00:07.061Z,176.544,176.556,0.0,7.4,0.0,0.0,0.0,0.0,0.0,0.0,0.0,0.0,1.0,0.0,0.0,0.0,9.0,4.0,0.0,0.0,0.0,0.0,0.0,0.0,0.0,0.0,2.0,12.0,1.0,12.17,5.01,2.5,1.49,0.0,0.0,0.0,0.4,0.0,0.3,1.2000000000000002,-0.6000000000000001,-169.70000000000002,0.0,0.0,169.60000000000002,0.0,21.8,29.8,29.8,30.4,300.0,300.0,31.200000000000003,35.1,29.6,28.9,30.700000000000003,4.95,2.0,4.96,0.16,0.0,0.0,1027.0,8228.0,0.0,0.0,0.0,0.0,0.0,1.0,0.0,0.0,0.0,0.0,0.0,0.9,0.0,0.8,0.0,0.0,16.0,25903.0
2026-07-30T19:00:07.072Z,176.555,176.568,0.0,7.4,0.0,0.0,0.0,0.0,0.0,0.0,0.0,0.0,1.0,0.0,0.0,0.0,9.0,4.0,0.0,0.0,0.0,0.0,0.0,0.0,0.0,0.0,3.0,12.0,1.0,12.17,5.01,2.5,1.49,0.0,0.0,0.0,0.4,0.0,-0.8,-0.4,-1.2000000000000002,-169.60000000000002,0.0,0.0,169.70000000000002,0.0,21.8,29.8,29.8,30.4,300.0,300.0,31.200000000000003,35.1,29.6,28.9,30.700000000000003,4.96,2.0,4.96,0.16,0.0,0.0,1027.0,8228.0,0.0,0.0,0.0,0.0,0.0,1.0,0.0,0.0,0.0,0.0,0.0,-1.4,0.0,0.9,0.0,0.0,16.0,25903.0
2026-07-30T19:00:07.083Z,176.566,176.58,0.0,7.4,0.0,0.0,0.0,0.0,0.0,0.0,0.0,0.0,1.0,0.0,0.0,0.0,9.0,4.0,0.0,0.0,0.0,0.0,0.0,0.0,0.0,0.0,5.0,12.0,1.0,12.17,5.01,2.5,1.49,0.0,0.1,0.0,0.4,0.0,0.3,0.1,2.2,-169.70000000000002,0.0,0.0,169.70000000000002,0.0,21.8,29.8,29.8,30.4,300.0,300.0,31.200000000000003,35.1,29.6,28.9,30.700000000000003,4.95,2.0,4.96,0.16,0.0,0.0,1027.0,8228.0,0.0,0.0,0.0,0.0,0.0,1.0,0.0,0.0,0.0,0.0,0.0,1.8,0.0,-1.9,0.0,0.0002,16.0,25903.0
2026-07-30T19:00:07.095Z,176.578,176.592,0.0,7.4,0.0,0.0,0.0,0.0,0.0,0.0,0.0,0.0,1.0,0.0,0.0,0.0,9.0,4.0,0.0,0.0,0.0,0.0,0.0,0.0,0.0,0.0,6.0,12.0,1.0,12.17,5.01,2.5,1.49,0.0,0.0,0.0,0.4,0.0,0.8,-0.4,1.6,-169.70000000000002,0.0,0.0,169.70000000000002,0.0,21.8,29.8,29.8,30.4,300.0,300.0,31.200000000000003,35.1,29.6,28.9,30.700000000000003,4.96,2.0,4.96,0.16,0.0,0.0,1027.0,8228.0,0.0,0.0,0.0,0.0,0.0,1.0,0.0,0.0,0.0,0.0,0.0,0.7000000000000001,0.0,-1.5,0.0,0.0001,16.0,25903.0
2026-07-30T19:00:07.107Z,176.59,176.604,0.0,7.4,0.0,0.0,0.0,0.0,0.0,0.0,0.0,0.0,1.0,0.0,0.0,0.0,9.0,4.0,0.0,0.0,0.0,0.0,0.0,0.0,0.0,0.0,1.0,12.0,1.0,12.17,5.01,2.5,1.49,0.0,0.0,0.0,0.4,0.0,-0.8,1.2000000000000002,1.0,-169.70000000000002,0.0,0.0,169.70000000000002,0.0,21.8,29.8,29.8,30.4,300.0,300.0,31.200000000000003,35.1,29.6,28.9,30.700000000000003,4.96,1.99,4.96,0.16,0.0,0.0,1027.0,8228.0,0.0,0.0,0.0,0.0,0.0,1.0,0.0,0.0,0.0,0.0,0.0,2.2,0.0,-0.6000000000000001,0.0,0.0,16.0,25903.0
2026-07-30T19:00:07.119Z,176.602,176.616,0.0,7.4,0.0,0.0,0.0,0.0,0.0,0.0,0.0,0.0,1.0,0.0,0.0,0.0,9.0,4.0,0.0,0.0,0.0,0.0,0.0,0.0,0.0,0.0,2.0,12.0,1.0,12.17,5.01,2.5,1.49,0.0,0.0,0.0,0.4,0.0,-0.2,1.2000000000000002,-1.2000000000000002,-169.70000000000002,0.0,0.0,169.8,0.0,21.8,29.8,29.8,30.4,300.0,300.0,31.200000000000003,35.1,29.6,28.9,30.700000000000003,4.96,2.0,4.96,0.16,0.0,0.0,1027.0,8228.0,0.0,0.0,0.0,0.0,0.0,1.0,0.0,0.0,0.0,0.0,0.0,0.4,0.0,1.3,0.0,0.0001,16.0,25903.0
2026-07-30T19:00:07.132Z,176.615,176.628,0.0,7.4,0.0,0.0,0.0,0.0,0.0,0.0,0.0,0.0,1.0,0.0,0.0,0.0,9.0,4.0,0.0,0.0,0.0,0.0,0.0,0.0,0.0,0.0,3.0,12.0,1.0,12.17,5.01,2.5,1.49,0.0,0.0,0.0,0.4,0.0,-0.2,-0.4,-0.7000000000000001,-169.70000000000002,0.0,0.0,169.70000000000002,0.0,21.8,29.8,29.8,30.4,300.0,300.0,31.200000000000003,35.1,29.6,28.9,30.700000000000003,4.95,2.0,4.96,0.16,0.0,0.0,1027.0,8228.0,0.0,0.0,0.0,0.0,0.0,1.0,0.0,0.0,0.0,0.0,0.0,-1.1,0.0,0.5,0.0,0.0,16.0,25903.0
2026-07-30T19:00:07.144Z,176.627,176.64,0.0,7.4,0.0,0.0,0.0,0.0,0.0,0.0,0.0,0.0,1.0,0.0,0.0,0.0,9.0,4.0,0.0,0.0,0.0,0.0,0.0,0.0,0.0,0.0,4.0,12.0,1.0,12.17,5.01,2.5,1.49,0.0,0.0,0.0,0.4,0.0,-0.2,-0.4,-0.1,-169.60000000000002,0.0,0.0,169.60000000000002,0.0,21.8,29.8,29.8,30.4,300.0,300.0,31.200000000000003,35.1,29.6,28.9,30.700000000000003,4.95,1.99,4.96,0.16,0.0,0.0,1027.0,8228.0,0.0,0.0,0.0,0.0,0.0,1.0,0.0,0.0,0.0,0.0,0.0,-0.6000000000000001,0.0,0.0,0.0,0.0,16.0,25903.0
2026-07-30T19:00:07.155Z,176.638,176.65200000000002,0.0,7.4,0.0,0.0,0.0,0.0,0.0,0.0,0.0,0.0,1.0,0.0,0.0,0.0,9.0,4.0,0.0,0.0,0.0,0.0,0.0,0.0,0.0,0.0,5.0,12.0,1.0,12.17,5.01,2.5,1.49,0.0,0.0,0.0,0.4,0.0,-0.2,0.1,-0.7000000000000001,-169.60000000000002,0.0,0.0,169.70000000000002,0.0,21.8,29.8,29.8,30.4,300.0,300.0,31.200000000000003,35.1,29.6,28.9,30.700000000000003,4.95,1.99,4.97,0.16,0.0,0.0,1027.0,8228.0,0.0,0.0,0.0,0.0,0.0,1.0,0.0,0.0,0.0,0.0,0.0,-0.3,0.0,0.6000000000000001,0.0,0.0001,16.0,25903.0
2026-07-30T19:00:07.167Z,176.65,176.66400000000002,0.0,7.4,0.0,0.0,0.0,0.0,0.0,0.0,0.0,0.0,1.0,0.0,0.0,0.0,9.0,4.0,0.0,0.0,0.0,0.0,0.0,0.0,0.0,0.0,6.0,12.0,1.0,12.11,5.0200000000000005,2.51,1.5,0.0,0.0,0.0,0.4,0.0,0.9,0.7000000000000001,1.0,-169.60000000000002,0.0,0.0,169.70000000000002,0.0,21.700000000000003,29.8,29.8,30.4,300.0,300.0,31.200000000000003,35.1,29.6,28.9,30.700000000000003,4.95,1.99,4.97,0.16,0.0,0.0,1027.0,8228.0,0.0,0.0,0.0,0.0,0.0,1.0,0.0,0.0,0.0,0.0,0.0,1.6,0.0,-0.7000000000000001,0.0,0.0,16.0,25903.0
2026-07-30T19:00:07.180Z,176.663,176.67600000000002,0.0,7.4,0.0,0.0,0.0,0.0,0.0,0.0,0.0,0.0,1.0,0.0,0.0,0.0,9.0,4.0,0.0,0.0,0.0,0.0,0.0,0.0,0.0,0.0,2.0,12.0,1.0,12.11,5.0200000000000005,2.51,1.5,0.0,0.0,0.0,0.4,0.0,0.3,0.1,-0.1,-169.60000000000002,0.0,0.0,169.70000000000002,0.0,21.700000000000003,29.8,29.8,30.4,300.0,300.0,31.200000000000003,35.1,29.6,28.9,30.700000000000003,4.96,1.99,4.96,0.16,0.0,0.0,1027.0,8228.0,0.0,0.0,0.0,0.0,0.0,1.0,0.0,0.0,0.0,0.0,0.0,0.0,0.0,0.1,0.0,0.0,16.0,25903.0
2026-07-30T19:00:07.191Z,176.674,176.68800000000002,0.0,7.4,0.0,0.0,0.0,0.0,0.0,0.0,0.0,0.0,1.0,0.0,0.0,0.0,9.0,4.0,0.0,0.0,0.0,0.0,0.0,0.0,0.0,0.0,3.0,12.0,1.0,12.11,5.0200000000000005,2.51,1.5,0.0,0.0,0.0,0.4,0.0,-0.2,-1.0,-0.1,-169.60000000000002,0.0,0.0,169.8,0.0,21.700000000000003,29.8,29.8,30.4,300.0,300.0,31.200000000000003,35.1,29.6,28.9,30.700000000000003,4.95,1.99,4.96,0.16,0.0,0.0,1027.0,8228.0,0.0,0.0,0.0,0.0,0.0,1.0,0.0,0.0,0.0,0.0,0.0,-1.2000000000000002,0.0,0.0,0.0,0.0,16.0,25903.0
2026-07-30T19:00:07.203Z,176.686,176.70000000000002,0.0,7.4,0.0,0.0,0.0,0.0,0.0,0.0,0.0,0.0,1.0,0.0,0.0,0.0,9.0,4.0,0.0,0.0,0.0,0.0,0.0,0.0,0.0,0.0,4.0,12.0,1.0,12.11,5.0200000000000005,2.51,1.5,0.0,0.1,0.0,0.4,0.0,-0.8,0.1,0.0,-169.60000000000002,0.0,0.0,169.70000000000002,0.0,21.700000000000003,29.8,29.8,30.4,300.0,300.0,31.200000000000003,35.1,29.6,28.9,30.700000000000003,4.95,1.99,4.96,0.16,0.0,0.0,1027.0,8228.0,0.0,0.0,0.0,0.0,0.0,1.0,0.0,0.0,0.0,0.0,0.0,0.1,0.0,0.1,0.0,0.0001,16.0,25903.0
2026-07-30T19:00:07.216Z,176.699,176.71200000000002,0.0,7.4,0.0,0.0,0.0,0.0,0.0,0.0,0.0,0.0,1.0,0.0,0.0,0.0,9.0,4.0,0.0,0.0,0.0,0.0,0.0,0.0,0.0,0.0,5.0,12.0,1.0,12.11,5.0200000000000005,2.51,1.5,0.0,0.0,0.0,0.4,0.0,0.2,0.1,-0.6000000000000001,-169.60000000000002,0.0,0.0,169.60000000000002,0.0,21.700000000000003,29.8,29.8,30.4,300.0,300.0,31.200000000000003,35.1,29.6,28.9,30.700000000000003,4.95,2.0,4.96,0.16,0.0,0.0,1027.0,8228.0,0.0,0.0,0.0,0.0,0.0,1.0,0.0,0.0,0.0,0.0,0.0,1.4,0.0,0.3,0.0,0.0,16.0,25903.0
2026-07-30T19:00:07.227Z,176.71,176.724,0.0,7.4,0.0,0.0,0.0,0.0,0.0,0.0,0.0,0.0,1.0,0.0,0.0,0.0,9.0,4.0,0.0,0.0,0.0,0.0,0.0,0.0,0.0,0.0,6.0,12.0,1.0,12.11,5.0200000000000005,2.51,1.5,0.0,0.0,0.0,0.4,0.0,-0.3,-0.4,1.0,-169.60000000000002,0.0,0.0,169.60000000000002,0.0,21.700000000000003,29.8,29.8,30.4,300.0,300.0,31.200000000000003,35.1,29.6,28.9,30.700000000000003,4.96,2.0,4.96,0.16,0.0,0.0,1027.0,8228.0,0.0,0.0,0.0,0.0,0.0,1.0,0.0,0.0,0.0,0.0,0.0,0.5,0.0,-0.3,0.0,0.0001,16.0,25903.0
2026-07-30T19:00:07.239Z,176.722,176.736,0.0,7.4,0.0,0.0,0.0,0.0,0.0,0.0,0.0,0.0,1.0,0.0,0.0,0.0,9.0,4.0,0.0,0.0,0.0,0.0,0.0,0.0,0.0,0.0,2.0,12.0,1.0,12.11,5.0200000000000005,2.51,1.5,0.0,0.0,0.0,0.4,0.0,0.2,1.2000000000000002,0.4,-169.60000000000002,0.0,0.0,169.70000000000002,0.0,21.700000000000003,29.8,29.8,30.4,300.0,300.0,31.200000000000003,35.1,29.6,28.9,30.700000000000003,4.95,1.99,4.97,0.16,0.0,0.0,1027.0,8228.0,0.0,0.0,0.0,0.0,0.0,1.0,0.0,0.0,0.0,0.0,0.0,-0.8,0.0,-0.6000000000000001,0.0,0.0,16.0,25903.0
2026-07-30T19:00:07.252Z,176.735,176.748,0.0,7.4,0.0,0.0,0.0,0.0,0.0,0.0,0.0,0.0,1.0,0.0,0.0,0.0,9.0,4.0,0.0,0.0,0.0,0.0,0.0,0.0,0.0,0.0,3.0,12.0,1.0,12.11,5.0200000000000005,2.51,1.5,0.0,0.0,0.0,0.4,0.0,0.8,0.6000000000000001,-0.6000000000000001,-169.60000000000002,0.0,0.0,169.70000000000002,0.0,21.700000000000003,29.8,29.8,30.4,300.0,300.0,31.200000000000003,35.1,29.6,28.9,30.700000000000003,4.95,2.0,4.96,0.16,0.0,0.0,1027.0,8228.0,0.0,0.0,0.0,0.0,0.0,1.0,0.0,0.0,0.0,0.0,0.0,0.2,0.0,0.7000000000000001,0.0,0.0002,16.0,25903.0
2026-07-30T19:00:07.264Z,176.747,176.76,0.0,7.4,0.0,0.0,0.0,0.0,0.0,0.0,0.0,0.0,1.0,0.0,0.0,0.0,9.0,4.0,0.0,0.0,0.0,0.0,0.0,0.0,0.0,0.0,4.0,12.0,1.0,12.15,5.01,2.51,1.49,0.0,0.1,0.0,0.4,0.0,-0.3,0.0,-0.7000000000000001,-169.60000000000002,0.0,0.0,169.8,0.0,21.700000000000003,29.8,29.8,30.4,300.0,300.0,31.3,35.1,29.6,28.9,30.700000000000003,4.96,1.99,4.96,0.16,0.0,0.0,1027.0,8228.0,0.0,0.0,0.0,0.0,0.0,1.0,0.0,0.0,0.0,0.0,0.0,-0.4,0.0,0.6000000000000001,0.0,0.0001,16.0,25903.0
2026-07-30T19:00:07.275Z,176.758,176.772,0.0,7.4,0.0,0.0,0.0,0.0,0.0,0.0,0.0,0.0,1.0,0.0,0.0,0.0,9.0,4.0,0.0,0.0,0.0,0.0,0.0,0.0,0.0,0.0,5.0,12.0,1.0,12.15,5.01,2.51,1.49,0.0,0.0,0.0,0.4,0.0,-0.3,0.7000000000000001,0.4,-169.60000000000002,0.0,0.0,169.8,0.0,21.700000000000003,29.8,29.8,30.4,300.0,300.0,31.3,35.1,29.6,28.9,30.700000000000003,4.95,1.99,4.96,0.16,0.0,0.0,1027.0,8228.0,0.0,0.0,0.0,0.0,0.0,1.0,0.0,0.0,0.0,0.0,0.0,1.1,0.0,-0.2,0.0,0.0,16.0,25903.0
2026-07-30T19:00:07.287Z,176.77,176.784,0.0,7.4,0.0,0.0,0.0,0.0,0.0,0.0,0.0,0.0,1.0,0.0,0.0,0.0,9.0,4.0,0.0,0.0,0.0,0.0,0.0,0.0,0.0,0.0,1.0,12.0,1.0,12.15,5.01,2.51,1.49,0.0,0.0,0.0,0.4,0.0,-0.3,0.1,1.0,-169.60000000000002,0.0,0.0,169.70000000000002,0.0,21.700000000000003,29.8,29.8,30.4,300.0,300.0,31.3,35.1,29.6,28.9,30.700000000000003,4.95,1.99,4.96,0.16,0.0,0.0,1027.0,8228.0,0.0,0.0,0.0,0.0,0.0,1.0,0.0,0.0,0.0,0.0,0.0,0.8,0.0,-0.8,0.0,0.0001,16.0,25903.0
2026-07-30T19:00:07.299Z,176.782,176.796,0.0,7.4,0.0,0.0,0.0,0.0,0.0,0.0,0.0,0.0,1.0,0.0,0.0,0.0,9.0,4.0,0.0,0.0,0.0,0.0,0.0,0.0,0.0,0.0,2.0,12.0,1.0,12.15,5.01,2.51,1.49,0.0,0.0,0.0,0.4,0.0,0.2,-0.4,1.5,-169.60000000000002,0.0,0.0,169.70000000000002,0.0,21.700000000000003,29.8,29.8,30.4,300.0,300.0,31.3,35.1,29.6,28.9,30.700000000000003,4.95,2.0,4.96,0.16,0.0,0.0,1027.0,8228.0,0.0,0.0,0.0,0.0,0.0,1.0,0.0,0.0,0.0,0.0,0.0,0.6000000000000001,0.0,-1.4,0.0,0.0001,16.0,25903.0
2026-07-30T19:00:07.312Z,176.795,176.808,0.0,7.4,0.0,0.0,0.0,0.0,0.0,0.0,0.0,0.0,1.0,0.0,0.0,0.0,9.0,4.0,0.0,0.0,0.0,0.0,0.0,0.0,0.0,0.0,3.0,12.0,1.0,12.15,5.01,2.51,1.49,0.0,0.0,0.0,0.4,0.0,-0.4,0.0,-0.1,-169.60000000000002,0.0,0.0,169.70000000000002,0.0,21.700000000000003,29.8,29.8,30.4,300.0,300.0,31.3,35.1,29.6,28.9,30.700000000000003,4.96,1.99,4.96,0.16,0.0,0.0,1027.0,8228.0,0.0,0.0,0.0,0.0,0.0,1.0,0.0,0.0,0.0,0.0,0.0,0.0,0.0,0.1,0.0,0.0001,16.0,25903.0
2026-07-30T19:00:07.323Z,176.806,176.82,0.0,7.4,0.0,0.0,0.0,0.0,0.0,0.0,0.0,0.0,1.0,0.0,0.0,0.0,9.0,4.0,0.0,0.0,0.0,0.0,0.0,0.0,0.0,0.0,5.0,12.0,1.0,12.15,5.01,2.51,1.49,0.0,0.0,0.0,0.4,0.0,-0.4,-0.4,-0.7000000000000001,-169.60000000000002,0.0,0.0,169.70000000000002,0.0,21.700000000000003,29.8,29.8,30.4,300.0,300.0,31.3,35.1,29.6,28.9,30.700000000000003,4.95,1.99,4.97,0.16,0.0,0.0,1027.0,8228.0,0.0,0.0,0.0,0.0,0.0,1.0,0.0,0.0,0.0,0.0,0.0,-1.1,0.0,0.6000000000000001,0.0,0.0,16.0,25903.0
2026-07-30T19:00:07.335Z,176.818,176.832,0.0,7.4,0.0,0.0,0.0,0.0,0.0,0.0,0.0,0.0,1.0,0.0,0.0,0.0,9.0,4.0,0.0,0.0,0.0,0.0,0.0,0.0,0.0,0.0,6.0,12.0,1.0,12.15,5.01,2.51,1.49,0.0,0.0,0.0,0.4,0.0,-0.3,0.1,0.4,-169.60000000000002,0.0,0.0,169.8,0.0,21.700000000000003,29.8,29.8,30.4,300.0,300.0,31.3,35.1,29.6,28.9,30.700000000000003,4.96,1.99,4.96,0.16,0.0,0.0,1027.0,8228.0,0.0,0.0,0.0,0.0,0.0,1.0,0.0,0.0,0.0,0.0,0.0,0.4,0.0,-0.3,0.0,0.0001,16.0,25903.0
2026-07-30T19:00:07.348Z,176.831,176.844,0.0,7.4,0.0,0.0,0.0,0.0,0.0,0.0,0.0,0.0,1.0,0.0,0.0,0.0,9.0,4.0,0.0,0.0,0.0,0.0,0.0,0.0,0.0,0.0,1.0,12.0,1.0,12.15,5.01,2.51,1.49,0.0,0.0,0.0,0.4,0.0,-0.3,1.2000000000000002,-0.6000000000000001,-169.70000000000002,0.0,0.0,169.8,0.0,21.700000000000003,29.8,29.8,30.4,300.0,300.0,31.3,35.1,29.6,28.9,30.700000000000003,4.96,2.0,4.96,0.16,0.0,0.0,1027.0,8228.0,0.0,0.0,0.0,0.0,0.0,1.0,0.0,0.0,0.0,0.0,0.0,0.9,0.0,0.8,0.0,0.0,16.0,25903.0
2026-07-30T19:00:07.365Z,176.848,176.856,0.0,7.4,0.0,0.0,0.0,0.0,0.0,0.0,0.0,0.0,1.0,0.0,0.0,0.0,9.0,4.0,0.0,0.0,0.0,0.0,0.0,0.0,0.0,0.0,3.0,12.0,1.0,12.15,5.01,2.51,1.49,0.0,0.0,0.0,0.4,0.0,-0.9,-1.0,0.5,-169.70000000000002,0.0,0.0,169.70000000000002,0.0,21.700000000000003,29.8,29.8,30.4,300.0,300.0,31.3,35.1,29.6,28.9,30.700000000000003,4.95,1.99,4.96,0.16,0.0,0.0,1027.0,8228.0,0.0,0.0,0.0,0.0,0.0,1.0,0.0,0.0,0.0,0.0,0.0,-0.7000000000000001,0.0,-0.6000000000000001,0.0,0.0001,16.0,25903.0
2026-07-30T19:00:07.371Z,176.854,176.868,0.0,7.4,0.0,0.0,0.0,0.0,0.0,0.0,0.0,0.0,1.0,0.0,0.0,0.0,9.0,4.0,0.0,0.0,0.0,0.0,0.0,0.0,0.0,0.0,1.0,12.0,1.0,12.17,5.0200000000000005,2.51,1.49,0.0,0.0,0.0,0.4,0.0,-0.2,0.1,-0.6000000000000001,-169.70000000000002,0.0,0.0,169.8,0.0,21.3,29.8,29.8,30.4,300.0,300.0,31.3,35.1,29.6,28.9,30.700000000000003,4.95,1.99,4.97,0.16,0.0,0.0,1027.0,8228.0,0.0,0.0,0.0,0.0,0.0,1.0,0.0,0.0,0.0,0.0,0.0,-0.3,0.0,0.5,0.0,0.0001,16.0,25903.0
2026-07-30T19:00:07.384Z,176.867,176.88,0.0,7.4,0.0,0.0,0.0,0.0,0.0,0.0,0.0,0.0,1.0,0.0,0.0,0.0,9.0,4.0,0.0,0.0,0.0,0.0,0.0,0.0,0.0,0.0,6.0,12.0,1.0,12.17,5.0200000000000005,2.51,1.49,0.0,0.0,0.0,0.4,0.0,0.2,0.1,1.1,-169.70000000000002,0.0,0.0,169.70000000000002,0.0,21.3,29.8,29.8,30.4,300.0,300.0,31.3,35.1,29.6,28.9,30.700000000000003,4.96,2.0,4.96,0.16,0.0,0.0,1027.0,8228.0,0.0,0.0,0.0,0.0,0.0,1.0,0.0,0.0,0.0,0.0,0.0,0.9,0.0,-0.9,0.0,0.0001,16.0,25903.0
2026-07-30T19:00:07.395Z,176.878,176.892,0.0,7.4,0.0,0.0,0.0,0.0,0.0,0.0,0.0,0.0,1.0,0.0,0.0,0.0,9.0,4.0,0.0,0.0,0.0,0.0,0.0,0.0,0.0,0.0,1.0,12.0,1.0,12.17,5.0200000000000005,2.51,1.49,0.0,0.0,0.0,0.4,0.0,0.2,0.1,0.0,-169.70000000000002,0.0,0.0,169.70000000000002,0.0,21.3,29.8,29.8,30.4,300.0,300.0,31.3,35.1,29.6,28.9,30.700000000000003,4.96,1.99,4.97,0.16,0.0,0.0,1027.0,8228.0,0.0,0.0,0.0,0.0,0.0,1.0,0.0,0.0,0.0,0.0,0.0,0.1,0.0,0.0,0.0,0.0001,16.0,25903.0
2026-07-30T19:00:07.407Z,176.89,176.904,0.0,7.4,0.0,0.0,0.0,0.0,0.0,0.0,0.0,0.0,1.0,0.0,0.0,0.0,9.0,4.0,0.0,0.0,0.0,0.0,0.0,0.0,0.0,0.0,3.0,12.0,1.0,12.17,5.0200000000000005,2.51,1.49,0.0,0.0,0.0,0.4,0.0,-0.3,-0.4,0.0,-169.70000000000002,0.0,0.0,169.60000000000002,0.0,21.3,29.8,29.8,30.4,300.0,300.0,31.3,35.1,29.6,28.9,30.700000000000003,4.95,1.99,4.97,0.16,0.0,0.0,1027.0,8228.0,0.0,0.0,0.0,0.0,0.0,1.0,0.0,0.0,0.0,0.0,0.0,-0.5,0.0,0.0,0.0,0.0001,16.0,25903.0
2026-07-30T19:00:07.419Z,176.902,176.916,0.0,7.4,0.0,0.0,0.0,0.0,0.0,0.0,0.0,0.0,1.0,0.0,0.0,0.0,9.0,4.0,0.0,0.0,0.0,0.0,0.0,0.0,0.0,0.0,4.0,12.0,1.0,12.17,5.0200000000000005,2.51,1.49,0.0,0.0,0.0,0.4,0.0,-0.3,0.0,0.0,-169.70000000000002,0.0,0.0,169.70000000000002,0.0,21.3,29.8,29.8,30.4,300.0,300.0,31.3,35.1,29.6,28.9,30.700000000000003,4.96,1.99,4.96,0.16,0.0,0.0,1027.0,8228.0,0.0,0.0,0.0,0.0,0.0,1.0,0.0,0.0,0.0,0.0,0.0,0.0,0.0,0.0,0.0,0.0001,16.0,25903.0
2026-07-30T19:00:07.432Z,176.915,176.928,0.0,7.4,0.0,0.0,0.0,0.0,0.0,0.0,0.0,0.0,1.0,0.0,0.0,0.0,9.0,4.0,0.0,0.0,0.0,0.0,0.0,0.0,0.0,0.0,5.0,12.0,1.0,12.17,5.0200000000000005,2.51,1.49,0.0,0.0,0.0,0.4,0.0,0.8,-1.0,-1.1,-169.70000000000002,0.0,0.0,169.70000000000002,0.0,21.3,29.8,29.8,30.4,300.0,300.0,31.3,35.1,29.6,28.9,30.700000000000003,4.95,2.0,4.96,0.16,0.0,0.0,1027.0,8228.0,0.0,0.0,0.0,0.0,0.0,1.0,0.0,0.0,0.0,0.0,0.0,-2.0,0.0,0.8,0.0,0.0001,16.0,25903.0
2026-07-30T19:00:07.443Z,176.926,176.94,0.0,7.4,0.0,0.0,0.0,0.0,0.0,0.0,0.0,0.0,1.0,0.0,0.0,0.0,9.0,4.0,0.0,0.0,0.0,0.0,0.0,0.0,0.0,0.0,1.0,12.0,1.0,12.17,5.0200000000000005,2.51,1.49,0.0,0.0,0.0,0.4,0.0,0.8,0.1,0.0,-169.70000000000002,0.0,0.0,169.70000000000002,0.0,21.3,29.8,29.8,30.4,300.0,300.0,31.3,35.1,29.6,28.9,30.700000000000003,4.95,1.99,4.97,0.16,0.0,0.0,1027.0,8228.0,0.0,0.0,0.0,0.0,0.0,1.0,0.0,0.0,0.0,0.0,0.0,0.1,0.0,0.0,0.0,0.0001,16.0,25903.0
2026-07-30T19:00:07.455Z,176.938,176.952,0.0,7.4,0.0,0.0,0.0,0.0,0.0,0.0,0.0,0.0,1.0,0.0,0.0,0.0,9.0,4.0,0.0,0.0,0.0,0.0,0.0,0.0,0.0,0.0,2.0,12.0,1.0,12.17,5.0200000000000005,2.51,1.49,0.0,0.0,0.0,0.4,0.0,-0.8,1.2000000000000002,-1.1,-169.70000000000002,0.0,0.0,169.70000000000002,0.0,21.3,29.8,29.8,30.4,300.0,300.0,31.3,35.1,29.6,28.9,30.700000000000003,4.95,1.99,4.97,0.16,0.0,0.0,1027.0,8228.0,0.0,0.0,0.0,0.0,0.0,1.0,0.0,0.0,0.0,0.0,0.0,0.5,0.0,1.2000000000000002,0.0,0.0001,16.0,25903.0
2026-07-30T19:00:07.468Z,176.951,176.964,0.0,7.4,0.0,0.0,0.0,0.0,0.0,0.0,0.0,0.0,1.0,0.0,0.0,0.0,9.0,4.0,0.0,0.0,0.0,0.0,0.0,0.0,0.0,0.0,3.0,12.0,1.0,12.18,5.01,2.51,1.49,0.0,0.1,0.0,0.4,0.0,-0.2,-1.1,-1.1,-169.70000000000002,0.0,0.0,169.70000000000002,0.0,21.4,29.8,29.8,30.4,300.0,300.0,31.200000000000003,35.0,29.6,28.8,30.700000000000003,4.96,1.99,4.96,0.16,0.0,0.0,1027.0,8228.0,0.0,0.0,0.0,0.0,0.0,1.0,0.0,0.0,0.0,0.0,0.0,-2.1,0.0,0.8,0.0,0.0,16.0,25903.0
2026-07-30T19:00:07.479Z,176.962,176.976,0.0,7.4,0.0,0.0,0.0,0.0,0.0,0.0,0.0,0.0,1.0,0.0,0.0,0.0,9.0,4.0,0.0,0.0,0.0,0.0,0.0,0.0,0.0,0.0,5.0,12.0,1.0,12.18,5.01,2.51,1.49,-0.1,0.1,0.0,0.4,0.0,0.8,0.0,0.5,-169.70000000000002,0.0,0.0,169.8,0.0,21.4,29.8,29.8,30.4,300.0,300.0,31.200000000000003,35.0,29.6,28.8,30.700000000000003,4.95,1.99,4.97,0.16,0.0,0.0,1027.0,8228.0,0.0,0.0,0.0,0.0,0.0,1.0,0.0,0.0,0.0,0.0,0.0,0.4,0.0,-0.4,0.0,0.0,16.0,25903.0
2026-07-30T19:00:07.491Z,176.974,176.988,0.0,7.4,0.0,0.0,0.0,0.0,0.0,0.0,0.0,0.0,1.0,0.0,0.0,0.0,9.0,4.0,0.0,0.0,0.0,0.0,0.0,0.0,0.0,0.0,6.0,12.0,1.0,12.18,5.01,2.51,1.49,0.0,0.1,0.0,0.4,0.0,0.3,1.2000000000000002,-1.2000000000000002,-169.70000000000002,0.0,0.0,169.8,0.0,21.4,29.8,29.8,30.4,300.0,300.0,31.200000000000003,35.0,29.6,28.8,30.700000000000003,4.95,1.99,4.96,0.16,0.0,0.0,1027.0,8228.0,0.0,0.0,0.0,0.0,0.0,1.0,0.0,0.0,0.0,0.0,0.0,0.4,0.0,1.3,0.0,0.0001,16.0,25903.0
2026-07-30T19:00:07.503Z,176.986,177.0,0.0,7.4,0.0,0.0,0.0,0.0,0.0,0.0,0.0,0.0,1.0,0.0,0.0,0.0,9.0,4.0,0.0,0.0,0.0,0.0,0.0,0.0,0.0,0.0,2.0,12.0,1.0,12.18,5.01,2.51,1.49,0.0,0.1,0.0,0.4,0.0,-0.2,0.0,0.0,-169.70000000000002,0.0,0.0,169.8,0.0,21.4,29.8,29.8,30.4,300.0,300.0,31.200000000000003,35.0,29.6,28.8,30.700000000000003,4.95,1.99,4.96,0.16,0.0,0.0,1027.0,8228.0,0.0,0.0,0.0,0.0,0.0,1.0,0.0,0.0,0.0,0.0,0.0,0.1,0.0,0.0,0.0,0.0,16.0,25903.0
2026-07-30T19:00:07.515Z,176.998,177.012,0.0,7.4,0.0,0.0,0.0,0.0,0.0,0.0,0.0,0.0,1.0,0.0,0.0,0.0,9.0,4.0,0.0,0.0,0.0,0.0,0.0,0.0,0.0,0.0,3.0,12.0,1.0,12.18,5.01,2.51,1.49,0.0,0.1,0.0,0.4,0.0,0.9,0.1,0.0,-169.70000000000002,0.0,0.0,169.70000000000002,0.0,21.4,29.8,29.8,30.4,300.0,300.0,31.200000000000003,35.0,29.6,28.8,30.700000000000003,4.95,1.99,4.97,0.16,0.0,0.0,1027.0,8228.0,0.0,0.0,0.0,0.0,0.0,1.0,0.0,0.0,0.0,0.0,0.0,0.1,0.0,0.0,0.0,0.0001,16.0,25903.0
2026-07-30T19:00:07.527Z,177.01,177.024,0.0,7.4,0.0,0.0,0.0,0.0,0.0,0.0,0.0,0.0,1.0,0.0,0.0,0.0,9.0,4.0,0.0,0.0,0.0,0.0,0.0,0.0,0.0,0.0,5.0,12.0,1.0,12.18,5.01,2.51,1.49,0.0,0.0,0.0,0.4,0.0,0.3,-0.4,0.0,-169.70000000000002,0.0,0.0,169.8,0.0,21.4,29.8,29.8,30.4,300.0,300.0,31.200000000000003,35.0,29.6,28.8,30.700000000000003,4.95,1.99,4.97,0.16,0.0,0.0,1027.0,8228.0,0.0,0.0,0.0,0.0,0.0,1.0,0.0,0.0,0.0,0.0,0.0,-0.5,0.0,0.0,0.0,0.0002,16.0,25903.0
2026-07-30T19:00:07.539Z,177.022,177.036,0.0,7.4,0.0,0.0,0.0,0.0,0.0,0.0,0.0,0.0,1.0,0.0,0.0,0.0,9.0,4.0,0.0,0.0,0.0,0.0,0.0,0.0,0.0,0.0,1.0,12.0,1.0,12.18,5.01,2.51,1.49,0.0,0.0,0.0,0.5,0.0,0.3,1.8,1.1,-169.70000000000002,0.0,0.0,169.70000000000002,0.0,21.4,29.8,29.8,30.4,300.0,300.0,31.200000000000003,35.0,29.6,28.8,30.700000000000003,4.95,1.99,4.96,0.16,0.0,0.0,1027.0,8228.0,0.0,0.0,0.0,0.0,0.0,1.0,0.0,0.0,0.0,0.0,0.0,2.9000000000000004,0.0,-0.6000000000000001,0.0,0.0,16.0,25903.0
2026-07-30T19:00:07.551Z,177.034,177.048,0.0,7.4,0.0,0.0,0.0,0.0,0.0,0.0,0.0,0.0,1.0,0.0,0.0,0.0,9.0,4.0,0.0,0.0,0.0,0.0,0.0,0.0,0.0,0.0,2.0,12.0,1.0,12.18,5.01,2.51,1.49,0.0,0.0,0.0,0.4,0.0,0.3,1.3,-0.5,-169.70000000000002,0.0,0.0,169.70000000000002,0.0,21.4,29.8,29.8,30.4,300.0,300.0,31.200000000000003,35.0,29.6,28.8,30.700000000000003,4.96,2.0,4.96,0.16,0.0,0.0,1027.0,8228.0,0.0,0.0,0.0,0.0,0.0,1.0,0.0,0.0,0.0,0.0,0.0,1.0,0.0,0.7000000000000001,0.0,0.0001,16.0,25903.0
2026-07-30T19:00:07.563Z,177.046,177.06,0.0,7.4,0.0,0.0,0.0,0.0,0.0,0.0,0.0,0.0,1.0,0.0,0.0,0.0,9.0,4.0,0.0,0.0,0.0,0.0,0.0,0.0,0.0,0.0,4.0,12.0,1.0,12.18,5.01,2.51,1.49,0.0,0.0,0.0,0.4,0.0,1.5,-0.4,0.6000000000000001,-169.70000000000002,0.0,0.0,169.70000000000002,0.0,21.4,29.8,29.8,30.4,300.0,300.0,31.200000000000003,35.0,29.6,28.8,30.700000000000003,4.95,2.0,4.97,0.16,0.0,0.0,1027.0,8228.0,0.0,0.0,0.0,0.0,0.0,1.0,0.0,0.0,0.0,0.0,0.0,0.0,0.0,-0.6000000000000001,0.0,0.0001,16.0,25903.0
2026-07-30T19:00:07.576Z,177.059,177.072,0.0,7.4,0.0,0.0,0.0,0.0,0.0,0.0,0.0,0.0,1.0,0.0,0.0,0.0,9.0,4.0,0.0,0.0,0.0,0.0,0.0,0.0,0.0,0.0,5.0,12.0,1.0,12.18,5.01,2.5,1.49,0.0,0.1,0.0,0.4,0.0,-0.2,-0.3,0.0,-169.70000000000002,0.0,0.0,169.60000000000002,0.0,20.9,29.8,29.8,30.4,300.0,300.0,31.1,35.1,29.6,28.9,30.700000000000003,4.95,1.99,4.96,0.16,0.0,0.0,1027.0,8228.0,0.0,0.0,0.0,0.0,0.0,1.0,0.0,0.0,0.0,0.0,0.0,-0.4,0.0,-0.1,0.0,0.0,16.0,25903.0
2026-07-30T19:00:07.587Z,177.07,177.084,0.0,7.4,0.0,0.0,0.0,0.0,0.0,0.0,0.0,0.0,1.0,0.0,0.0,0.0,9.0,4.0,0.0,0.0,0.0,0.0,0.0,0.0,0.0,0.0,1.0,12.0,1.0,12.18,5.01,2.5,1.49,0.0,0.1,0.0,0.4,0.0,0.3,0.2,1.7000000000000002,-169.70000000000002,0.0,0.0,169.60000000000002,0.0,20.9,29.8,29.8,30.4,300.0,300.0,31.1,35.1,29.6,28.9,30.700000000000003,4.95,1.99,4.96,0.16,0.0,0.0,1027.0,8228.0,0.0,0.0,0.0,0.0,0.0,1.0,0.0,0.0,0.0,0.0,0.0,1.5,0.0,-1.5,0.0,0.0001,16.0,25903.0
2026-07-30T19:00:07.599Z,177.082,177.096,0.0,7.4,0.0,0.0,0.0,0.0,0.0,0.0,0.0,0.0,1.0,0.0,0.0,0.0,9.0,4.0,0.0,0.0,0.0,0.0,0.0,0.0,0.0,0.0,2.0,12.0,1.0,12.18,5.01,2.5,1.49,0.0,0.0,0.0,0.4,0.0,0.9,0.7000000000000001,0.0,-169.70000000000002,0.0,0.0,169.70000000000002,0.0,20.9,29.8,29.8,30.4,300.0,300.0,31.1,35.1,29.6,28.9,30.700000000000003,4.95,1.99,4.96,0.16,0.0,0.0,1027.0,8228.0,0.0,0.0,0.0,0.0,0.0,1.0,0.0,0.0,0.0,0.0,0.0,0.9,0.0,0.1,0.0,0.0,16.0,25903.0
2026-07-30T19:00:07.611Z,177.094,177.108,0.0,7.4,0.0,0.0,0.0,0.0,0.0,0.0,0.0,0.0,1.0,0.0,0.0,0.0,9.0,4.0,0.0,0.0,0.0,0.0,0.0,0.0,0.0,0.0,4.0,12.0,1.0,12.18,5.01,2.5,1.49,0.0,0.0,0.0,0.4,0.0,-0.2,-0.4,0.0,-169.70000000000002,0.0,0.0,169.70000000000002,0.0,20.9,29.8,29.8,30.4,300.0,300.0,31.1,35.1,29.6,28.9,30.700000000000003,4.95,1.99,4.97,0.16,0.0,0.0,1027.0,8228.0,0.0,0.0,0.0,0.0,0.0,1.0,0.0,0.0,0.0,0.0,0.0,-0.4,0.0,0.0,0.0,0.0001,16.0,25903.0
2026-07-30T19:00:07.623Z,177.106,177.12,0.0,7.4,0.0,0.0,0.0,0.0,0.0,0.0,0.0,0.0,1.0,0.0,0.0,0.0,9.0,4.0,0.0,0.0,0.0,0.0,0.0,0.0,0.0,0.0,5.0,12.0,1.0,12.18,5.01,2.5,1.49,0.0,0.0,0.0,0.5,0.0,-0.1,0.2,-0.5,-169.70000000000002,0.0,0.0,169.70000000000002,0.0,20.9,29.8,29.8,30.4,300.0,300.0,31.1,35.1,29.6,28.9,30.700000000000003,4.96,1.99,4.96,0.16,0.0,0.0,1027.0,8228.0,0.0,0.0,0.0,0.0,0.0,1.0,0.0,0.0,0.0,0.0,0.0,-0.1,0.0,0.5,0.0,0.0,16.0,25903.0
2026-07-30T19:00:07.635Z,177.118,177.132,0.0,7.4,0.0,0.0,0.0,0.0,0.0,0.0,0.0,0.0,1.0,0.0,0.0,0.0,9.0,4.0,0.0,0.0,0.0,0.0,0.0,0.0,0.0,0.0,6.0,12.0,1.0,12.18,5.01,2.5,1.49,0.0,0.0,0.0,0.4,0.0,0.4,0.8,0.0,-169.70000000000002,0.0,0.0,169.70000000000002,0.0,20.9,29.8,29.8,30.4,300.0,300.0,31.1,35.1,29.6,28.9,30.700000000000003,4.96,1.99,4.97,0.16,0.0,0.0,1027.0,8228.0,0.0,0.0,0.0,0.0,0.0,1.0,0.0,0.0,0.0,0.0,0.0,1.0,0.0,0.0,0.0,0.0001,16.0,25903.0
2026-07-30T19:00:07.647Z,177.13,177.144,0.0,7.4,0.0,0.0,0.0,0.0,0.0,0.0,0.0,0.0,1.0,0.0,0.0,0.0,9.0,4.0,0.0,0.0,0.0,0.0,0.0,0.0,0.0,0.0,2.0,12.0,1.0,12.18,5.01,2.5,1.49,0.0,0.0,0.0,0.4,0.0,-0.7000000000000001,0.8,0.0,-169.60000000000002,0.0,0.0,169.70000000000002,0.0,20.9,29.8,29.8,30.4,300.0,300.0,31.1,35.1,29.6,28.9,30.700000000000003,4.95,1.99,4.97,0.16,0.0,0.0,1027.0,8228.0,0.0,0.0,0.0,0.0,0.0,1.0,0.0,0.0,0.0,0.0,0.0,0.9,0.0,0.1,0.0,0.0001,16.0,25903.0
2026-07-30T19:00:07.659Z,177.142,177.156,0.0,7.4,0.0,0.0,0.0,0.0,0.0,0.0,0.0,0.0,1.0,0.0,0.0,0.0,9.0,4.0,0.0,0.0,0.0,0.0,0.0,0.0,0.0,0.0,3.0,12.0,1.0,12.18,5.01,2.5,1.49,0.0,0.0,0.0,0.4,0.0,0.3,-0.3,1.2000000000000002,-169.60000000000002,0.0,0.0,169.70000000000002,0.0,20.9,29.8,29.8,30.4,300.0,300.0,31.1,35.1,29.6,28.9,30.700000000000003,4.96,1.99,4.96,0.16,0.0,0.0,1027.0,8228.0,0.0,0.0,0.0,0.0,0.0,1.0,0.0,0.0,0.0,0.0,0.0,0.5,0.0,-1.1,0.0,0.0,16.0,25903.0
2026-07-30T19:00:07.681Z,177.164,177.168,0.0,7.4,0.0,0.0,0.0,0.0,0.0,0.0,0.0,0.0,1.0,0.0,0.0,0.0,9.0,4.0,0.0,0.0,0.0,0.0,0.0,0.0,0.0,0.0,5.0,12.0,1.0,12.15,5.0200000000000005,2.51,1.49,0.0,0.0,0.0,0.4,0.0,0.4,-0.2,0.0,-169.60000000000002,0.0,0.0,169.70000000000002,0.0,21.8,29.8,29.8,30.4,300.0,300.0,31.200000000000003,35.0,29.6,28.9,30.700000000000003,4.95,2.0,4.96,0.16,0.0,0.0,1027.0,8228.0,0.0,0.0,0.0,0.0,0.0,1.0,0.0,0.0,0.0,0.0,0.0,-0.2,0.0,-0.1,0.0,0.0,16.0,25903.0
2026-07-30T19:00:07.684Z,177.167,177.18,0.0,7.4,0.0,0.0,0.0,0.0,0.0,0.0,0.0,0.0,1.0,0.0,0.0,0.0,9.0,4.0,0.0,0.0,0.0,0.0,0.0,0.0,0.0,0.0,3.0,12.0,1.0,12.15,5.0200000000000005,2.51,1.49,0.0,0.0,0.0,0.4,0.0,0.3,0.8,1.2000000000000002,-169.60000000000002,0.0,0.0,169.60000000000002,0.0,21.8,29.8,29.8,30.4,300.0,300.0,31.200000000000003,35.0,29.6,28.9,30.700000000000003,4.95,2.0,4.97,0.16,0.0,0.0,1027.0,8228.0,0.0,0.0,0.0,0.0,0.0,1.0,0.0,0.0,0.0,0.0,0.0,1.8,0.0,-0.8,0.0,0.0,16.0,25903.0
2026-07-30T19:00:07.695Z,177.178,177.192,0.0,7.4,0.0,0.0,0.0,0.0,0.0,0.0,0.0,0.0,1.0,0.0,0.0,0.0,9.0,4.0,0.0,0.0,0.0,0.0,0.0,0.0,0.0,0.0,4.0,12.0,1.0,12.15,5.0200000000000005,2.51,1.49,0.0,0.0,0.0,0.4,0.0,0.3,0.2,1.8,-169.60000000000002,0.0,0.0,169.8,0.0,21.8,29.8,29.8,30.4,300.0,300.0,31.200000000000003,35.0,29.6,28.9,30.700000000000003,4.96,2.0,4.97,0.16,0.0,0.0,1027.0,8228.0,0.0,0.0,0.0,0.0,0.0,1.0,0.0,0.0,0.0,0.0,0.0,1.6,0.0,-1.5,0.0,0.0001,16.0,25903.0
2026-07-30T19:00:07.707Z,177.19,177.204,0.0,7.4,0.0,0.0,0.0,0.0,0.0,0.0,0.0,0.0,1.0,0.0,0.0,0.0,9.0,4.0,0.0,0.0,0.0,0.0,0.0,0.0,0.0,0.0,5.0,12.0,1.0,12.15,5.0200000000000005,2.51,1.49,0.0,0.0,0.0,0.4,0.0,0.3,-0.3,0.0,-169.60000000000002,0.0,0.0,169.70000000000002,0.0,21.8,29.8,29.8,30.4,300.0,300.0,31.200000000000003,35.0,29.6,28.9,30.700000000000003,4.96,2.0,4.96,0.16,0.0,0.0,1027.0,8228.0,0.0,0.0,0.0,0.0,0.0,1.0,0.0,0.0,0.0,0.0,0.0,-0.3,0.0,-0.1,0.0,0.0002,16.0,25903.0
2026-07-30T19:00:07.720Z,177.203,177.216,0.0,7.4,0.0,0.0,0.0,0.0,0.0,0.0,0.0,0.0,1.0,0.0,0.0,0.0,9.0,4.0,0.0,0.0,0.0,0.0,0.0,0.0,0.0,0.0,6.0,12.0,1.0,12.15,5.0200000000000005,2.51,1.49,0.0,0.0,0.0,0.4,0.0,-0.2,0.2,1.1,-169.60000000000002,0.0,0.0,169.70000000000002,0.0,21.8,29.8,29.8,30.4,300.0,300.0,31.200000000000003,35.0,29.6,28.9,30.700000000000003,4.95,1.99,4.97,0.16,0.0,0.0,1027.0,8228.0,0.0,0.0,0.0,0.0,0.0,1.0,0.0,0.0,0.0,0.0,0.0,1.1,0.0,-0.9,0.0,0.0,16.0,25903.0
2026-07-30T19:00:07.731Z,177.214,177.228,0.0,7.4,0.0,0.0,0.0,0.0,0.0,0.0,0.0,0.0,1.0,0.0,0.0,0.0,9.0,4.0,0.0,0.0,0.0,0.0,0.0,0.0,0.0,0.0,2.0,12.0,1.0,12.15,5.0200000000000005,2.51,1.49,0.0,0.0,0.0,0.4,0.0,-0.8,1.3,-0.6000000000000001,-169.60000000000002,0.0,0.0,169.70000000000002,0.0,21.8,29.8,29.8,30.4,300.0,300.0,31.200000000000003,35.0,29.6,28.9,30.700000000000003,4.95,1.99,4.97,0.16,0.0,0.0,1027.0,8228.0,0.0,0.0,0.0,0.0,0.0,1.0,0.0,0.0,0.0,0.0,0.0,-0.6000000000000001,0.0,1.1,0.0,0.0,16.0,25903.0
2026-07-30T19:00:07.743Z,177.226,177.24,0.0,7.4,0.0,0.0,0.0,0.0,0.0,0.0,0.0,0.0,1.0,0.0,0.0,0.0,9.0,4.0,0.0,0.0,0.0,0.0,0.0,0.0,0.0,0.0,3.0,12.0,1.0,12.15,5.0200000000000005,2.51,1.49,0.0,0.0,0.0,0.4,0.0,-0.2,-0.3,-0.6000000000000001,-169.70000000000002,0.0,0.0,169.8,0.0,21.8,29.8,29.8,30.4,300.0,300.0,31.200000000000003,35.0,29.6,28.9,30.700000000000003,4.96,2.0,4.97,0.16,0.0,0.0,1027.0,8228.0,0.0,0.0,0.0,0.0,0.0,1.0,0.0,0.0,0.0,0.0,0.0,-1.7000000000000002,0.0,1.5,0.0,0.0001,16.0,25903.0
2026-07-30T19:00:07.756Z,177.239,177.252,0.0,7.4,0.0,0.0,0.0,0.0,0.0,0.0,0.0,0.0,1.0,0.0,0.0,0.0,9.0,4.0,0.0,0.0,0.0,0.0,0.0,0.0,0.0,0.0,4.0,12.0,1.0,12.15,5.0200000000000005,2.51,1.49,0.0,0.0,0.0,0.4,0.0,-0.2,-0.3,0.5,-169.70000000000002,0.0,0.0,169.70000000000002,0.0,21.8,29.8,29.8,30.4,300.0,300.0,31.200000000000003,35.0,29.6,28.9,30.700000000000003,4.96,2.0,4.96,0.16,0.0,0.0,1027.0,8228.0,0.0,0.0,0.0,0.0,0.0,1.0,0.0,0.0,0.0,0.0,0.0,-0.9,0.0,0.4,0.0,0.0001,16.0,25903.0
2026-07-30T19:00:07.767Z,177.25,177.264,0.0,7.4,0.0,0.0,0.0,0.0,0.0,0.0,0.0,0.0,1.0,0.0,0.0,0.0,9.0,4.0,0.0,0.0,0.0,0.0,0.0,0.0,0.0,0.0,5.0,12.0,1.0,12.15,5.0200000000000005,2.51,1.49,0.0,0.0,0.0,0.4,0.0,0.3,0.1,0.0,-169.70000000000002,0.0,0.0,169.8,0.0,21.8,29.8,29.8,30.4,300.0,300.0,31.200000000000003,35.0,29.6,28.9,30.700000000000003,4.96,1.99,4.97,0.16,0.0,0.0,1027.0,8228.0,0.0,0.0,0.0,0.0,0.0,1.0,0.0,0.0,0.0,0.0,0.0,0.0,0.0,0.0,0.0,0.0001,16.0,25903.0
2026-07-30T19:00:07.779Z,177.262,177.276,0.0,7.4,0.0,0.0,0.0,0.0,0.0,0.0,0.0,0.0,1.0,0.0,0.0,0.0,9.0,4.0,0.0,0.0,0.0,0.0,0.0,0.0,0.0,0.0,1.0,12.0,1.0,12.15,5.0200000000000005,2.5,1.49,0.0,0.0,0.0,0.4,0.0,0.3,0.6000000000000001,0.4,-169.70000000000002,0.0,0.0,169.70000000000002,0.0,21.3,29.8,29.8,30.4,300.0,300.0,31.1,35.1,29.6,28.9,30.700000000000003,4.96,2.0,4.96,0.16,0.0,0.0,1027.0,8228.0,0.0,0.0,0.0,0.0,0.0,1.0,0.0,0.0,0.0,0.0,0.0,1.1,0.0,-0.2,0.0,0.0,16.0,25903.0
2026-07-30T19:00:07.791Z,177.274,177.288,0.0,7.4,0.0,0.0,0.0,0.0,0.0,0.0,0.0,0.0,1.0,0.0,0.0,0.0,9.0,4.0,0.0,0.0,0.0,0.0,0.0,0.0,0.0,0.0,2.0,12.0,1.0,12.15,5.0200000000000005,2.5,1.49,0.0,0.0,0.0,0.4,0.0,-0.8,0.7000000000000001,-0.6000000000000001,-169.70000000000002,0.0,0.0,169.70000000000002,0.0,21.3,29.8,29.8,30.4,300.0,300.0,31.1,35.1,29.6,28.9,30.700000000000003,4.95,1.99,4.96,0.16,0.0,0.0,1027.0,8228.0,0.0,0.0,0.0,0.0,0.0,1.0,0.0,0.0,0.0,0.0,0.0,0.2,0.0,0.7000000000000001,0.0,0.0,16.0,25903.0
2026-07-30T19:00:07.803Z,177.286,177.3,0.0,7.4,0.0,0.0,0.0,0.0,0.0,0.0,0.0,0.0,1.0,0.0,0.0,0.0,9.0,4.0,0.0,0.0,0.0,0.0,0.0,0.0,0.0,0.0,3.0,12.0,1.0,12.15,5.0200000000000005,2.5,1.49,0.0,0.0,0.0,0.4,0.0,-0.2,-0.4,-0.1,-169.70000000000002,0.0,0.0,169.70000000000002,0.0,21.3,29.8,29.8,30.4,300.0,300.0,31.1,35.1,29.6,28.9,30.700000000000003,4.95,1.99,4.97,0.16,0.0,0.0,1027.0,8228.0,0.0,0.0,0.0,0.0,0.0,1.0,0.0,0.0,0.0,0.0,0.0,-0.6000000000000001,0.0,0.0,0.0,0.0001,16.0,25903.0
2026-07-30T19:00:07.815Z,177.298,177.312,0.0,7.4,0.0,0.0,0.0,0.0,0.0,0.0,0.0,0.0,1.0,0.0,0.0,0.0,9.0,4.0,0.0,0.0,0.0,0.0,0.0,0.0,0.0,0.0,4.0,12.0,1.0,12.15,5.0200000000000005,2.5,1.49,0.0,0.0,0.0,0.4,0.0,0.3,-1.0,0.4,-169.70000000000002,0.0,0.0,169.70000000000002,0.0,21.3,29.8,29.8,30.4,300.0,300.0,31.1,35.1,29.6,28.9,30.700000000000003,4.96,1.99,4.96,0.16,0.0,0.0,1027.0,8228.0,0.0,0.0,0.0,0.0,0.0,1.0,0.0,0.0,0.0,0.0,0.0,-0.8,0.0,-0.6000000000000001,0.0,0.0,16.0,25903.0
2026-07-30T19:00:07.827Z,177.31,177.324,0.0,7.4,0.0,0.0,0.0,0.0,0.0,0.0,0.0,0.0,1.0,0.0,0.0,0.0,9.0,4.0,0.0,0.0,0.0,0.0,0.0,0.0,0.0,0.0,5.0,12.0,1.0,12.15,5.0200000000000005,2.5,1.49,0.0,0.0,0.0,0.4,0.0,-0.8,0.6000000000000001,0.4,-169.70000000000002,0.0,0.0,169.8,0.0,21.3,29.8,29.8,30.4,300.0,300.0,31.1,35.1,29.6,28.9,30.700000000000003,4.96,2.0,4.96,0.16,0.0,0.0,1027.0,8228.0,0.0,0.0,0.0,0.0,0.0,1.0,0.0,0.0,0.0,0.0,0.0,1.1,0.0,-0.2,0.0,0.0,16.0,25903.0
2026-07-30T19:00:07.839Z,177.322,177.336,0.0,7.4,0.0,0.0,0.0,0.0,0.0,0.0,0.0,0.0,1.0,0.0,0.0,0.0,9.0,4.0,0.0,0.0,0.0,0.0,0.0,0.0,0.0,0.0,6.0,12.0,1.0,12.15,5.0200000000000005,2.5,1.49,0.0,0.0,0.0,0.4,0.0,-0.1,-0.4,-0.6000000000000001,-169.70000000000002,0.0,0.0,169.8,0.0,21.3,29.8,29.8,30.4,300.0,300.0,31.1,35.1,29.6,28.9,30.700000000000003,4.95,1.99,4.96,0.16,0.0,0.0,1027.0,8228.0,0.0,0.0,0.0,0.0,0.0,1.0,0.0,0.0,0.0,0.0,0.0,-1.0,0.0,0.4,0.0,0.0,16.0,25903.0
2026-07-30T19:00:07.851Z,177.334,177.348,0.0,7.4,0.0,0.0,0.0,0.0,0.0,0.0,0.0,0.0,1.0,0.0,0.0,0.0,9.0,4.0,0.0,0.0,0.0,0.0,0.0,0.0,0.0,0.0,1.0,12.0,1.0,12.15,5.0200000000000005,2.5,1.49,0.0,0.0,0.0,0.5,0.0,-0.1,1.3,0.4,-169.70000000000002,0.0,0.0,169.8,0.0,21.3,29.8,29.8,30.4,300.0,300.0,31.1,35.1,29.6,28.9,30.700000000000003,4.95,1.99,4.97,0.16,0.0,0.0,1027.0,8228.0,0.0,0.0,0.0,0.0,0.0,1.0,0.0,0.0,0.0,0.0,0.0,1.8,0.0,-0.1,0.0,0.0001,16.0,25903.0
2026-07-30T19:00:07.863Z,177.346,177.36,0.0,7.4,0.0,0.0,0.0,0.0,0.0,0.0,0.0,0.0,1.0,0.0,0.0,0.0,9.0,4.0,0.0,0.0,0.0,0.0,0.0,0.0,0.0,0.0,2.0,12.0,1.0,12.15,5.0200000000000005,2.5,1.49,0.0,0.0,0.0,0.4,0.0,0.3,-1.0,-0.1,-169.70000000000002,0.0,0.0,169.8,0.0,21.3,29.8,29.8,30.4,300.0,300.0,31.1,35.1,29.6,28.9,30.700000000000003,4.96,2.0,4.96,0.16,0.0,0.0,1027.0,8228.0,0.0,0.0,0.0,0.0,0.0,1.0,0.0,0.0,0.0,0.0,0.0,-1.2000000000000002,0.0,-0.1,0.0,0.0,16.0,25903.0
2026-07-30T19:00:07.877Z,177.36,177.372,0.0,7.4,0.0,0.0,0.0,0.0,0.0,0.0,0.0,0.0,1.0,0.0,0.0,0.0,9.0,4.0,0.0,0.0,0.0,0.0,0.0,0.0,0.0,0.0,3.0,12.0,1.0,12.18,5.0200000000000005,2.51,1.5,0.0,0.0,0.0,0.4,0.0,-0.2,-0.4,-0.6000000000000001,-169.70000000000002,0.0,0.0,169.70000000000002,0.0,22.3,29.8,29.8,30.4,300.0,300.0,31.200000000000003,35.1,29.6,28.9,30.700000000000003,4.96,2.0,4.97,0.16,0.0,0.0,1027.0,8228.0,0.0,0.0,0.0,0.0,0.0,1.0,0.0,0.0,0.0,0.0,0.0,-1.0,0.0,0.4,0.0,0.0001,16.0,25903.0
2026-07-30T19:00:07.887Z,177.37,177.384,0.0,7.4,0.0,0.0,0.0,0.0,0.0,0.0,0.0,0.0,1.0,0.0,0.0,0.0,9.0,4.0,0.0,0.0,0.0,0.0,0.0,0.0,0.0,0.0,5.0,12.0,1.0,12.18,5.0200000000000005,2.51,1.5,0.0,0.0,0.0,0.4,0.0,-0.2,0.1,0.5,-169.70000000000002,0.0,0.0,169.8,0.0,22.3,29.8,29.8,30.4,300.0,300.0,31.200000000000003,35.1,29.6,28.9,30.700000000000003,4.95,1.99,4.97,0.16,0.0,0.0,1027.0,8228.0,0.0,0.0,0.0,0.0,0.0,1.0,0.0,0.0,0.0,0.0,0.0,0.5,0.0,-0.4,0.0,0.0002,16.0,25903.0
2026-07-30T19:00:07.899Z,177.382,177.39600000000002,0.0,7.4,0.0,0.0,0.0,0.0,0.0,0.0,0.0,0.0,1.0,0.0,0.0,0.0,9.0,4.0,0.0,0.0,0.0,0.0,0.0,0.0,0.0,0.0,1.0,12.0,1.0,12.18,5.0200000000000005,2.51,1.5,0.0,0.0,0.0,0.5,0.0,0.9,-0.4,0.5,-169.70000000000002,0.0,0.0,169.8,0.0,22.3,29.8,29.8,30.4,300.0,300.0,31.200000000000003,35.1,29.6,28.9,30.700000000000003,4.96,1.99,4.96,0.16,0.0,0.0,1027.0,8228.0,0.0,0.0,0.0,0.0,0.0,1.0,0.0,0.0,0.0,0.0,0.0,-0.1,0.0,-0.5,0.0,0.0,16.0,25903.0
2026-07-30T19:00:07.911Z,177.394,177.40800000000002,0.0,7.4,0.0,0.0,0.0,0.0,0.0,0.0,0.0,0.0,1.0,0.0,0.0,0.0,9.0,4.0,0.0,0.0,0.0,0.0,0.0,0.0,0.0,0.0,2.0,12.0,1.0,12.18,5.0200000000000005,2.51,1.5,0.0,0.0,0.0,0.4,0.0,-0.2,0.7000000000000001,0.5,-169.70000000000002,0.0,0.0,169.70000000000002,0.0,22.3,29.8,29.8,30.4,300.0,300.0,31.200000000000003,35.1,29.6,28.9,30.700000000000003,4.95,2.0,4.96,0.16,0.0,0.0,1027.0,8228.0,0.0,0.0,0.0,0.0,0.0,1.0,0.0,0.0,0.0,0.0,0.0,1.2000000000000002,0.0,-0.3,0.0,0.0001,16.0,25903.0
2026-07-30T19:00:07.923Z,177.406,177.42000000000002,0.0,7.4,0.0,0.0,0.0,0.0,0.0,0.0,0.0,0.0,1.0,0.0,0.0,0.0,9.0,4.0,0.0,0.0,0.0,0.0,0.0,0.0,0.0,0.0,4.0,12.0,1.0,12.18,5.0200000000000005,2.51,1.5,0.0,0.1,0.0,0.4,0.0,-0.2,0.1,0.0,-169.70000000000002,0.0,0.0,169.70000000000002,0.0,22.3,29.8,29.8,30.4,300.0,300.0,31.200000000000003,35.1,29.6,28.9,30.700000000000003,4.95,1.99,4.97,0.16,0.0,0.0,1027.0,8228.0,0.0,0.0,0.0,0.0,0.0,1.0,0.0,0.0,0.0,0.0,0.0,0.1,0.0,0.0,0.0,0.0001,16.0,25903.0
2026-07-30T19:00:07.936Z,177.419,177.43200000000002,0.0,7.4,0.0,0.0,0.0,0.0,0.0,0.0,0.0,0.0,1.0,0.0,0.0,0.0,9.0,4.0,0.0,0.0,0.0,0.0,0.0,0.0,0.0,0.0,5.0,12.0,1.0,12.18,5.0200000000000005,2.51,1.5,0.0,0.0,0.0,0.4,0.0,0.3,0.0,1.1,-169.70000000000002,0.0,0.0,169.70000000000002,0.0,22.3,29.8,29.8,30.4,300.0,300.0,31.200000000000003,35.1,29.6,28.9,30.700000000000003,4.95,1.99,4.97,0.16,0.0,0.0,1027.0,8228.0,0.0,0.0,0.0,0.0,0.0,1.0,0.0,0.0,0.0,0.0,0.0,0.9,0.0,-0.9,0.0,0.0,16.0,25903.0
2026-07-30T19:00:07.947Z,177.43,177.44400000000002,0.0,7.4,0.0,0.0,0.0,0.0,0.0,0.0,0.0,0.0,1.0,0.0,0.0,0.0,9.0,4.0,0.0,0.0,0.0,0.0,0.0,0.0,0.0,0.0,1.0,12.0,1.0,12.18,5.0200000000000005,2.51,1.5,0.0,0.0,0.0,0.4,0.0,-0.2,0.0,-0.6000000000000001,-169.70000000000002,0.0,0.0,169.70000000000002,0.0,22.3,29.8,29.8,30.4,300.0,300.0,31.200000000000003,35.1,29.6,28.9,30.700000000000003,4.96,1.99,4.96,0.16,0.0,0.0,1027.0,8228.0,0.0,0.0,0.0,0.0,0.0,1.0,0.0,0.0,0.0,0.0,0.0,-0.3,0.0,0.5,0.0,0.0,16.0,25903.0
2026-07-30T19:00:07.959Z,177.442,177.45600000000002,0.0,7.4,0.0,0.0,0.0,0.0,0.0,0.0,0.0,0.0,1.0,0.0,0.0,0.0,9.0,4.0,0.0,0.0,0.0,0.0,0.0,0.0,0.0,0.0,2.0,12.0,1.0,12.18,5.0200000000000005,2.51,1.5,0.0,0.0,0.0,0.4,0.0,0.3,0.0,-0.6000000000000001,-169.70000000000002,0.0,0.0,169.70000000000002,0.0,22.3,29.8,29.8,30.4,300.0,300.0,31.200000000000003,35.1,29.6,28.9,30.700000000000003,4.95,1.99,4.97,0.16,0.0,0.0,1027.0,8228.0,0.0,0.0,0.0,0.0,0.0,1.0,0.0,0.0,0.0,0.0,0.0,-0.3,0.0,0.5,0.0,0.0001,16.0,25903.0
2026-07-30T19:00:07.971Z,177.454,177.46800000000002,0.0,7.4,0.0,0.0,0.0,0.0,0.0,0.0,0.0,0.0,1.0,0.0,0.0,0.0,9.0,4.0,0.0,0.0,0.0,0.0,0.0,0.0,0.0,0.0,3.0,12.0,1.0,12.18,5.0200000000000005,2.51,1.5,0.0,0.0,0.0,0.4,0.0,-0.8,0.5,-0.6000000000000001,-169.70000000000002,0.0,0.0,169.70000000000002,0.0,22.3,29.8,29.8,30.4,300.0,300.0,31.200000000000003,35.1,29.6,28.9,30.700000000000003,4.95,1.99,4.96,0.16,0.0,0.0,1027.0,8228.0,0.0,0.0,0.0,0.0,0.0,1.0,0.0,0.0,0.0,0.0,0.0,0.1,0.0,0.7000000000000001,0.0,0.0,16.0,25903.0
2026-07-30T19:00:07.984Z,177.467,177.48,0.0,7.4,0.0,0.0,0.0,0.0,0.0,0.0,0.0,0.0,1.0,0.0,0.0,0.0,9.0,4.0,0.0,0.0,0.0,0.0,0.0,0.0,0.0,0.0,4.0,12.0,1.0,12.18,5.01,2.5,1.49,0.0,0.0,0.0,0.4,0.0,0.3,0.0,0.4,-169.70000000000002,0.0,0.0,169.70000000000002,0.0,21.0,29.8,29.8,30.4,300.0,300.0,31.3,35.1,29.6,28.9,30.700000000000003,4.96,1.99,4.96,0.16,0.0,0.0,1027.0,8228.0,0.0,0.0,0.0,0.0,0.0,1.0,0.0,0.0,0.0,0.0,0.0,0.3,0.0,-0.4,0.0,0.0,16.0,25903.0
2026-07-30T19:00:08.001Z,177.484,177.492,0.0,7.4,0.0,0.0,0.0,0.0,0.0,0.0,0.0,0.0,1.0,0.0,0.0,0.0,9.0,4.0,0.0,0.0,0.0,0.0,0.0,0.0,0.0,0.0,5.0,12.0,1.0,12.18,5.01,2.5,1.49,0.0,0.0,0.0,0.5,0.0,-0.2,-1.1,-0.7000000000000001,-169.70000000000002,0.0,0.0,169.70000000000002,0.0,21.0,29.8,29.8,30.4,300.0,300.0,31.3,35.1,29.6,28.9,30.700000000000003,4.96,1.99,4.96,0.16,0.0,0.0,1027.0,8228.0,0.0,0.0,0.0,0.0,0.0,1.0,0.0,0.0,0.0,0.0,0.0,-1.8,0.0,0.3,0.0,0.0,16.0,25903.0
2026-07-30T19:00:08.007Z,177.49,177.504,0.0,7.4,0.0,0.0,0.0,0.0,0.0,0.0,0.0,0.0,1.0,0.0,0.0,0.0,9.0,4.0,0.0,0.0,0.0,0.0,0.0,0.0,0.0,0.0,2.0,12.0,1.0,12.18,5.01,2.5,1.49,0.0,0.0,0.0,0.5,0.0,-0.2,-1.1,-1.3,-169.70000000000002,0.0,0.0,169.8,0.0,21.0,29.8,29.8,30.4,300.0,300.0,31.3,35.1,29.6,28.9,30.700000000000003,4.95,1.99,4.97,0.16,0.0,0.0,1027.0,8228.0,0.0,0.0,0.0,0.0,0.0,1.0,0.0,0.0,0.0,0.0,0.0,-2.3000000000000003,0.0,0.9,0.0,0.0,16.0,25903.0
2026-07-30T19:00:08.020Z,177.503,177.516,0.0,7.4,0.0,0.0,0.0,0.0,0.0,0.0,0.0,0.0,1.0,0.0,0.0,0.0,9.0,4.0,0.0,0.0,0.0,0.0,0.0,0.0,0.0,0.0,3.0,12.0,1.0,12.18,5.01,2.5,1.49,0.0,0.0,0.0,0.4,0.0,-0.8,1.1,-0.1,-169.70000000000002,0.0,0.0,169.8,0.0,21.0,29.8,29.8,30.4,300.0,300.0,31.3,35.1,29.6,28.9,30.700000000000003,4.95,1.99,4.96,0.16,0.0,0.0,1027.0,8228.0,0.0,0.0,0.0,0.0,0.0,1.0,0.0,0.0,0.0,0.0,0.0,1.2000000000000002,0.0,0.3,0.0,0.0003,16.0,25903.0
2026-07-30T19:00:08.031Z,177.514,177.528,0.0,7.4,0.0,0.0,0.0,0.0,0.0,0.0,0.0,0.0,1.0,0.0,0.0,0.0,9.0,4.0,0.0,0.0,0.0,0.0,0.0,0.0,0.0,0.0,5.0,12.0,1.0,12.18,5.01,2.5,1.49,0.0,0.0,0.0,0.5,0.0,0.3,0.0,1.0,-169.70000000000002,0.0,0.0,169.8,0.0,21.0,29.8,29.8,30.4,300.0,300.0,31.3,35.1,29.6,28.9,30.700000000000003,4.96,1.99,4.96,0.16,0.0,0.0,1027.0,8228.0,0.0,0.0,0.0,0.0,0.0,1.0,0.0,0.0,0.0,0.0,0.0,0.8,0.0,-0.9,0.0,0.0,16.0,25903.0
2026-07-30T19:00:08.043Z,177.526,177.54,0.0,7.4,0.0,0.0,0.0,0.0,0.0,0.0,0.0,0.0,1.0,0.0,0.0,0.0,9.0,4.0,0.0,0.0,0.0,0.0,0.0,0.0,0.0,0.0,6.0,12.0,1.0,12.18,5.01,2.5,1.49,0.0,0.0,0.0,0.4,0.0,0.3,0.6000000000000001,-0.1,-169.70000000000002,0.0,0.0,169.70000000000002,0.0,21.0,29.8,29.8,30.4,300.0,300.0,31.3,35.1,29.6,28.9,30.700000000000003,4.95,1.99,4.97,0.16,0.0,0.0,1027.0,8228.0,0.0,0.0,0.0,0.0,0.0,1.0,0.0,0.0,0.0,0.0,0.0,0.6000000000000001,0.0,0.2,0.0,0.0001,16.0,25903.0
2026-07-30T19:00:08.056Z,177.539,177.552,0.0,7.4,0.0,0.0,0.0,0.0,0.0,0.0,0.0,0.0,1.0,0.0,0.0,0.0,9.0,4.0,0.0,0.0,0.0,0.0,0.0,0.0,0.0,0.0,6.0,12.0,1.0,12.18,5.01,2.5,1.49,0.0,0.1,0.0,0.4,0.0,1.4,0.6000000000000001,0.4,-169.70000000000002,0.0,0.0,169.8,0.0,21.0,29.8,29.8,30.4,300.0,300.0,31.3,35.1,29.6,28.9,30.700000000000003,4.95,1.99,4.97,0.16,0.0,0.0,1027.0,8228.0,0.0,0.0,0.0,0.0,0.0,1.0,0.0,0.0,0.0,0.0,0.0,1.0,0.0,-0.2,0.0,0.0001,16.0,25903.0
2026-07-30T19:00:08.067Z,177.55,177.564,0.0,7.4,0.0,0.0,0.0,0.0,0.0,0.0,0.0,0.0,1.0,0.0,0.0,0.0,9.0,4.0,0.0,0.0,0.0,0.0,0.0,0.0,0.0,0.0,1.0,12.0,1.0,12.18,5.01,2.5,1.49,0.0,0.0,0.0,0.4,0.0,0.3,1.2000000000000002,0.0,-169.70000000000002,0.0,0.0,169.8,0.0,21.0,29.8,29.8,30.4,300.0,300.0,31.3,35.1,29.6,28.9,30.700000000000003,4.95,2.0,4.96,0.16,0.0,0.0,1027.0,8228.0,0.0,0.0,0.0,0.0,0.0,1.0,0.0,0.0,0.0,0.0,0.0,1.3,0.0,0.3,0.0,0.0002,16.0,25903.0
2026-07-30T19:00:08.081Z,177.564,177.576,0.0,7.4,0.0,0.0,0.0,0.0,0.0,0.0,0.0,0.0,1.0,0.0,0.0,0.0,9.0,4.0,0.0,0.0,0.0,0.0,0.0,0.0,0.0,0.0,3.0,12.0,1.0,12.17,5.01,2.51,1.5,0.0,0.0,0.0,0.4,0.0,-0.2,1.2000000000000002,0.5,-169.70000000000002,0.0,0.0,169.8,0.0,21.700000000000003,29.8,29.8,30.4,300.0,300.0,31.200000000000003,35.1,29.6,28.9,30.700000000000003,4.95,1.99,4.96,0.16,0.0,0.0,1027.0,8228.0,0.0,0.0,0.0,0.0,0.0,1.0,0.0,0.0,0.0,0.0,0.0,1.8,0.0,-0.2,0.0,0.0,16.0,25903.0
2026-07-30T19:00:08.091Z,177.574,177.588,0.0,7.4,0.0,0.0,0.0,0.0,0.0,0.0,0.0,0.0,1.0,0.0,0.0,0.0,9.0,4.0,0.0,0.0,0.0,0.0,0.0,0.0,0.0,0.0,4.0,12.0,1.0,12.17,5.01,2.51,1.5,0.0,0.0,0.0,0.4,0.0,-0.2,0.0,1.7000000000000002,-169.70000000000002,0.0,0.0,169.70000000000002,0.0,21.700000000000003,29.8,29.8,30.4,300.0,300.0,31.200000000000003,35.1,29.6,28.9,30.700000000000003,4.96,1.99,4.97,0.16,0.0,0.0,1027.0,8228.0,0.0,0.0,0.0,0.0,0.0,1.0,0.0,0.0,0.0,0.0,0.0,1.3,0.0,-1.5,0.0,0.0001,16.0,25903.0
2026-07-30T19:00:08.103Z,177.586,177.6,0.0,7.4,0.0,0.0,0.0,0.0,0.0,0.0,0.0,0.0,1.0,0.0,0.0,0.0,9.0,4.0,0.0,0.0,0.0,0.0,0.0,0.0,0.0,0.0,5.0,12.0,1.0,12.17,5.01,2.51,1.5,0.0,0.0,0.0,0.4,0.0,-0.2,-0.5,0.0,-169.70000000000002,0.0,0.0,169.70000000000002,0.0,21.700000000000003,29.8,29.8,30.4,300.0,300.0,31.200000000000003,35.1,29.6,28.9,30.700000000000003,4.96,1.99,4.96,0.16,0.0,0.0,1027.0,8228.0,0.0,0.0,0.0,0.0,0.0,1.0,0.0,0.0,0.0,0.0,0.0,-0.6000000000000001,0.0,0.0,0.0,0.0002,16.0,25903.0
2026-07-30T19:00:08.115Z,177.598,177.612,0.0,7.4,0.0,0.0,0.0,0.0,0.0,0.0,0.0,0.0,1.0,0.0,0.0,0.0,9.0,4.0,0.0,0.0,0.0,0.0,0.0,0.0,0.0,0.0,6.0,12.0,1.0,12.17,5.01,2.51,1.5,0.0,0.0,0.0,0.4,0.0,0.9,0.6000000000000001,1.1,-169.70000000000002,0.0,0.0,169.70000000000002,0.0,21.700000000000003,29.8,29.8,30.4,300.0,300.0,31.200000000000003,35.1,29.6,28.9,30.700000000000003,4.96,1.99,4.97,0.16,0.0,0.0,1027.0,8228.0,0.0,0.0,0.0,0.0,0.0,1.0,0.0,0.0,0.0,0.0,0.0,1.5,0.0,-0.8,0.0,0.0001,16.0,25903.0
2026-07-30T19:00:08.127Z,177.61,177.624,0.0,7.4,0.0,0.0,0.0,0.0,0.0,0.0,0.0,0.0,1.0,0.0,0.0,0.0,9.0,4.0,0.0,0.0,0.0,0.0,0.0,0.0,0.0,0.0,2.0,12.0,1.0,12.17,5.01,2.51,1.5,0.0,0.0,0.0,0.4,0.0,0.3,0.6000000000000001,0.5,-169.70000000000002,0.0,0.0,169.70000000000002,0.0,21.700000000000003,29.8,29.8,30.4,300.0,300.0,31.200000000000003,35.1,29.6,28.9,30.700000000000003,4.96,2.0,4.97,0.17,0.0,0.0,1027.0,8228.0,0.0,0.0,0.0,0.0,0.0,1.0,0.0,0.0,0.0,0.0,0.0,1.1,0.0,-0.3,0.0,0.0001,16.0,25903.0
2026-07-30T19:00:08.139Z,177.622,177.636,0.0,7.4,0.0,0.0,0.0,0.0,0.0,0.0,0.0,0.0,1.0,0.0,0.0,0.0,9.0,4.0,0.0,0.0,0.0,0.0,0.0,0.0,0.0,0.0,3.0,12.0,1.0,12.17,5.01,2.51,1.5,0.0,0.0,0.0,0.4,0.0,-0.2,-0.5,0.0,-169.70000000000002,0.0,0.0,169.70000000000002,0.0,21.700000000000003,29.8,29.8,30.4,300.0,300.0,31.200000000000003,35.1,29.6,28.9,30.700000000000003,4.96,2.0,4.96,0.16,0.0,0.0,1027.0,8228.0,0.0,0.0,0.0,0.0,0.0,1.0,0.0,0.0,0.0,0.0,0.0,-0.6000000000000001,0.0,0.0,0.0,0.0,16.0,25903.0
2026-07-30T19:00:08.151Z,177.634,177.648,0.0,7.4,0.0,0.0,0.0,0.0,0.0,0.0,0.0,0.0,1.0,0.0,0.0,0.0,9.0,4.0,0.0,0.0,0.0,0.0,0.0,0.0,0.0,0.0,4.0,12.0,1.0,12.17,5.01,2.51,1.5,0.0,0.0,0.0,0.4,0.0,1.4,-0.5,-0.1,-169.70000000000002,0.0,0.0,169.70000000000002,0.0,21.700000000000003,29.8,29.8,30.4,300.0,300.0,31.200000000000003,35.1,29.6,28.9,30.700000000000003,4.95,2.0,4.97,0.16,0.0,0.0,1027.0,8228.0,0.0,0.0,0.0,0.0,0.0,1.0,0.0,0.0,0.0,0.0,0.0,-0.7000000000000001,0.0,0.0,0.0,0.0001,16.0,25903.0
2026-07-30T19:00:08.164Z,177.647,177.66,0.0,7.4,0.0,0.0,0.0,0.0,0.0,0.0,0.0,0.0,1.0,0.0,0.0,0.0,9.0,4.0,0.0,0.0,0.0,0.0,0.0,0.0,0.0,0.0,5.0,12.0,1.0,12.17,5.01,2.51,1.5,0.0,0.0,0.0,0.5,0.0,-0.2,0.0,-1.3,-169.70000000000002,0.0,0.0,169.8,0.0,21.700000000000003,29.8,29.8,30.4,300.0,300.0,31.200000000000003,35.1,29.6,28.9,30.700000000000003,4.95,1.99,4.96,0.16,0.0,0.0,1027.0,8228.0,0.0,0.0,0.0,0.0,0.0,1.0,0.0,0.0,0.0,0.0,0.0,-0.9,0.0,1.1,0.0,0.0001,16.0,25903.0
2026-07-30T19:00:08.176Z,177.659,177.672,0.0,7.4,0.0,0.0,0.0,0.0,0.0,0.0,0.0,0.0,1.0,0.0,0.0,0.0,9.0,4.0,0.0,0.0,0.0,0.0,0.0,0.0,0.0,0.0,6.0,12.0,1.0,12.17,5.01,2.51,1.5,0.0,0.0,0.0,0.4,0.0,0.2,0.0,-0.1,-169.70000000000002,0.0,0.0,169.8,0.0,21.700000000000003,29.8,29.8,30.4,300.0,300.0,31.200000000000003,35.1,29.6,28.9,30.700000000000003,4.95,2.0,4.96,0.16,0.0,0.0,1027.0,8228.0,0.0,0.0,0.0,0.0,0.0,1.0,0.0,0.0,0.0,0.0,0.0,0.0,0.0,0.1,0.0,0.0002,16.0,25903.0
2026-07-30T19:00:08.188Z,177.671,177.684,0.0,7.4,0.0,0.0,0.0,0.0,0.0,0.0,0.0,0.0,1.0,0.0,0.0,0.0,9.0,4.0,0.0,0.0,0.0,0.0,0.0,0.0,0.0,0.0,1.0,12.0,1.0,12.18,5.01,2.51,1.49,0.0,0.0,0.0,0.4,0.0,0.2,0.0,1.6,-169.70000000000002,0.0,0.0,169.8,0.0,21.9,29.8,29.8,30.4,300.0,300.0,31.0,35.0,29.6,28.9,30.700000000000003,4.96,2.0,4.96,0.16,0.0,0.0,1027.0,8228.0,0.0,0.0,0.0,0.0,0.0,1.0,0.0,0.0,0.0,0.0,0.0,1.2000000000000002,0.0,-1.4,0.0,0.0,16.0,25903.0
2026-07-30T19:00:08.199Z,177.682,177.696,0.0,7.4,0.0,0.0,0.0,0.0,0.0,0.0,0.0,0.0,1.0,0.0,0.0,0.0,9.0,4.0,0.0,0.0,0.0,0.0,0.0,0.0,0.0,0.0,3.0,12.0,1.0,12.18,5.01,2.51,1.49,0.0,0.0,0.0,0.4,0.0,-0.2,-1.1,-0.6000000000000001,-169.70000000000002,0.0,0.0,169.8,0.0,21.9,29.8,29.8,30.4,300.0,300.0,31.0,35.0,29.6,28.9,30.700000000000003,4.95,1.99,4.97,0.16,0.0,0.0,1027.0,8228.0,0.0,0.0,0.0,0.0,0.0,1.0,0.0,0.0,0.0,0.0,0.0,-1.7000000000000002,0.0,0.3,0.0,0.0,16.0,25903.0
2026-07-30T19:00:08.211Z,177.694,177.708,0.0,7.4,0.0,0.0,0.0,0.0,0.0,0.0,0.0,0.0,1.0,0.0,0.0,0.0,9.0,4.0,0.0,0.0,0.0,0.0,0.0,0.0,0.0,0.0,4.0,12.0,1.0,12.18,5.01,2.51,1.49,0.0,0.0,0.0,0.4,0.0,-0.8,-1.1,0.0,-169.70000000000002,0.0,0.0,169.8,0.0,21.9,29.8,29.8,30.4,300.0,300.0,31.0,35.0,29.6,28.9,30.700000000000003,4.95,1.99,4.97,0.16,0.0,0.0,1027.0,8228.0,0.0,0.0,0.0,0.0,0.0,1.0,0.0,0.0,0.0,0.0,0.0,-1.3,0.0,-0.1,0.0,0.0001,16.0,25903.0
2026-07-30T19:00:08.224Z,177.707,177.72,0.0,7.4,0.0,0.0,0.0,0.0,0.0,0.0,0.0,0.0,1.0,0.0,0.0,0.0,9.0,4.0,0.0,0.0,0.0,0.0,0.0,0.0,0.0,0.0,5.0,12.0,1.0,12.18,5.01,2.51,1.49,0.0,0.0,0.0,0.4,0.0,0.2,0.0,0.0,-169.70000000000002,0.0,0.0,169.60000000000002,0.0,21.9,29.8,29.8,30.4,300.0,300.0,31.0,35.0,29.6,28.9,30.700000000000003,4.96,2.0,4.97,0.17,0.0,0.0,1027.0,8228.0,0.0,0.0,0.0,0.0,0.0,1.0,0.0,0.0,0.0,0.0,0.0,0.0,0.0,0.0,0.0,0.0,16.0,25903.0
2026-07-30T19:00:08.235Z,177.718,177.732,0.0,7.4,0.0,0.0,0.0,0.0,0.0,0.0,0.0,0.0,1.0,0.0,0.0,0.0,9.0,4.0,0.0,0.0,0.0,0.0,0.0,0.0,0.0,0.0,6.0,12.0,1.0,12.18,5.01,2.51,1.49,0.0,0.0,0.0,0.4,0.0,-0.8,-0.5,1.0,-169.70000000000002,0.0,0.0,169.70000000000002,0.0,21.9,29.8,29.8,30.4,300.0,300.0,31.0,35.0,29.6,28.9,30.700000000000003,4.95,2.0,4.96,0.16,0.0,0.0,1027.0,8228.0,0.0,0.0,0.0,0.0,0.0,1.0,0.0,0.0,0.0,0.0,0.0,0.1,0.0,-1.0,0.0,0.0003,16.0,25903.0
2026-07-30T19:00:08.247Z,177.73,177.744,0.0,7.4,0.0,0.0,0.0,0.0,0.0,0.0,0.0,0.0,1.0,0.0,0.0,0.0,9.0,4.0,0.0,0.0,0.0,0.0,0.0,0.0,0.0,0.0,2.0,12.0,1.0,12.18,5.01,2.51,1.49,0.0,0.1,0.0,0.4,0.0,-0.8,0.0,-0.1,-169.70000000000002,0.0,0.0,169.8,0.0,21.9,29.8,29.8,30.4,300.0,300.0,31.0,35.0,29.6,28.9,30.700000000000003,4.95,1.99,4.97,0.16,0.0,0.0,1027.0,8228.0,0.0,0.0,0.0,0.0,0.0,1.0,0.0,0.0,0.0,0.0,0.0,0.0,0.0,0.0,0.0,0.0,16.0,25903.0
2026-07-30T19:00:08.260Z,177.743,177.756,0.0,7.4,0.0,0.0,0.0,0.0,0.0,0.0,0.0,0.0,1.0,0.0,0.0,0.0,9.0,4.0,0.0,0.0,0.0,0.0,0.0,0.0,0.0,0.0,3.0,12.0,1.0,12.18,5.01,2.51,1.49,0.0,0.0,0.0,0.4,0.0,-0.2,1.1,1.0,-169.70000000000002,0.0,0.0,169.70000000000002,0.0,21.9,29.8,29.8,30.4,300.0,300.0,31.0,35.0,29.6,28.9,30.700000000000003,4.95,1.99,4.96,0.16,0.0,0.0,1027.0,8228.0,0.0,0.0,0.0,0.0,0.0,1.0,0.0,0.0,0.0,0.0,0.0,0.0,0.0,0.1,0.0,0.0001,16.0,25903.0
2026-07-30T19:00:08.271Z,177.754,177.768,0.0,7.4,0.0,0.0,0.0,0.0,0.0,0.0,0.0,0.0,1.0,0.0,0.0,0.0,9.0,4.0,0.0,0.0,0.0,0.0,0.0,0.0,0.0,0.0,4.0,12.0,1.0,12.18,5.01,2.51,1.49,0.0,0.0,0.0,0.4,0.0,-0.2,1.2000000000000002,-0.1,-169.70000000000002,0.0,0.0,169.60000000000002,0.0,21.9,29.8,29.8,30.4,300.0,300.0,31.0,35.0,29.6,28.9,30.700000000000003,4.96,1.99,4.96,0.16,0.0,0.0,1027.0,8228.0,0.0,0.0,0.0,0.0,0.0,1.0,0.0,0.0,0.0,0.0,0.0,0.6000000000000001,0.0,0.2,0.0,0.0001,16.0,25903.0
2026-07-30T19:00:08.285Z,177.768,177.78,0.0,7.4,0.0,0.0,0.0,0.0,0.0,0.0,0.0,0.0,1.0,0.0,0.0,0.0,9.0,4.0,0.0,0.0,0.0,0.0,0.0,0.0,0.0,0.0,6.0,12.0,1.0,12.17,5.01,2.51,1.5,0.0,0.0,0.0,0.4,0.0,0.2,-0.5,0.4,-169.70000000000002,0.0,0.0,169.70000000000002,0.0,21.700000000000003,29.8,29.8,30.4,300.0,300.0,31.0,35.2,29.6,28.9,30.700000000000003,4.95,1.99,4.97,0.16,0.0,0.0,1027.0,8228.0,0.0,0.0,0.0,0.0,0.0,1.0,0.0,0.0,0.0,0.0,0.0,-0.2,0.0,-0.5,0.0,0.0001,16.0,25903.0
2026-07-30T19:00:08.295Z,177.778,177.792,0.0,7.4,0.0,0.0,0.0,0.0,0.0,0.0,0.0,0.0,1.0,0.0,0.0,0.0,9.0,4.0,0.0,0.0,0.0,0.0,0.0,0.0,0.0,0.0,1.0,12.0,1.0,12.17,5.01,2.51,1.5,0.0,0.0,0.0,0.4,0.0,-0.3,-0.5,-0.6000000000000001,-169.70000000000002,0.0,0.0,169.60000000000002,0.0,21.700000000000003,29.8,29.8,30.4,300.0,300.0,31.0,35.2,29.6,28.9,30.700000000000003,4.96,1.99,4.97,0.16,0.0,0.0,1027.0,8228.0,0.0,0.0,0.0,0.0,0.0,1.0,0.0,0.0,0.0,0.0,0.0,-1.1,0.0,0.4,0.0,0.0001,16.0,25903.0
2026-07-30T19:00:08.307Z,177.79,177.804,0.0,7.4,0.0,0.0,0.0,0.0,0.0,0.0,0.0,0.0,1.0,0.0,0.0,0.0,9.0,4.0,0.0,0.0,0.0,0.0,0.0,0.0,0.0,0.0,1.0,12.0,1.0,12.17,5.01,2.51,1.5,0.0,0.1,0.0,0.4,0.0,-0.8,-0.5,0.0,-169.70000000000002,0.0,0.0,169.60000000000002,0.0,21.700000000000003,29.8,29.8,30.4,300.0,300.0,31.0,35.2,29.6,28.9,30.700000000000003,4.96,1.99,4.97,0.16,0.0,0.0,1027.0,8228.0,0.0,0.0,0.0,0.0,0.0,1.0,0.0,0.0,0.0,0.0,0.0,-0.6000000000000001,0.0,0.0,0.0,0.0,16.0,25903.0
2026-07-30T19:00:08.320Z,177.803,177.816,0.0,7.4,0.0,0.0,0.0,0.0,0.0,0.0,0.0,0.0,1.0,0.0,0.0,0.0,9.0,4.0,0.0,0.0,0.0,0.0,0.0,0.0,0.0,0.0,1.0,12.0,1.0,12.17,5.01,2.51,1.5,0.0,0.0,0.0,0.5,0.0,0.3,0.0,1.1,-169.70000000000002,0.0,0.0,169.70000000000002,0.0,21.700000000000003,29.8,29.8,30.4,300.0,300.0,31.0,35.2,29.6,28.9,30.700000000000003,4.96,1.99,4.97,0.16,0.0,0.0,1027.0,8228.0,0.0,0.0,0.0,0.0,0.0,1.0,0.0,0.0,0.0,0.0,0.0,0.9,0.0,-0.9,0.0,0.0,16.0,25903.0
2026-07-30T19:00:08.332Z,177.815,177.828,0.0,7.4,0.0,0.0,0.0,0.0,0.0,0.0,0.0,0.0,1.0,0.0,0.0,0.0,9.0,4.0,0.0,0.0,0.0,0.0,0.0,0.0,0.0,0.0,1.0,12.0,1.0,12.17,5.01,2.51,1.5,0.0,0.0,0.0,0.4,0.0,-0.2,-0.5,-0.6000000000000001,-169.70000000000002,0.0,0.0,169.70000000000002,0.0,21.700000000000003,29.8,29.8,30.4,300.0,300.0,31.0,35.2,29.6,28.9,30.700000000000003,4.95,1.99,4.97,0.16,0.0,0.0,1027.0,8228.0,0.0,0.0,0.0,0.0,0.0,1.0,0.0,0.0,0.0,0.0,0.0,-1.0,0.0,0.4,0.0,0.0,16.0,25903.0
2026-07-30T19:00:08.343Z,177.826,177.84,0.0,7.4,0.0,0.0,0.0,0.0,0.0,0.0,0.0,0.0,1.0,0.0,0.0,0.0,9.0,4.0,0.0,0.0,0.0,0.0,0.0,0.0,0.0,0.0,2.0,12.0,1.0,12.17,5.01,2.51,1.5,0.0,0.0,0.0,0.5,0.0,-0.8,0.1,0.0,-169.70000000000002,0.0,0.0,169.70000000000002,0.0,21.700000000000003,29.8,29.8,30.4,300.0,300.0,31.0,35.2,29.6,28.9,30.700000000000003,4.96,2.0,4.96,0.16,0.0,0.0,1027.0,8228.0,0.0,0.0,0.0,0.0,0.0,1.0,0.0,0.0,0.0,0.0,0.0,0.0,0.0,0.0,0.0,0.0001,16.0,25903.0
2026-07-30T19:00:08.355Z,177.838,177.852,0.0,7.4,0.0,0.0,0.0,0.0,0.0,0.0,0.0,0.0,1.0,0.0,0.0,0.0,9.0,4.0,0.0,0.0,0.0,0.0,0.0,0.0,0.0,0.0,3.0,12.0,1.0,12.17,5.01,2.51,1.5,0.0,0.0,0.0,0.4,0.0,0.3,0.1,0.0,-169.60000000000002,0.0,0.0,169.60000000000002,0.0,21.700000000000003,29.8,29.8,30.4,300.0,300.0,31.0,35.2,29.6,28.9,30.700000000000003,4.96,2.0,4.97,0.16,0.0,0.0,1027.0,8228.0,0.0,0.0,0.0,0.0,0.0,1.0,0.0,0.0,0.0,0.0,0.0,0.1,0.0,0.0,0.0,0.0001,16.0,25903.0
2026-07-30T19:00:08.367Z,177.85,177.864,0.0,7.4,0.0,0.0,0.0,0.0,0.0,0.0,0.0,0.0,1.0,0.0,0.0,0.0,9.0,4.0,0.0,0.0,0.0,0.0,0.0,0.0,0.0,0.0,5.0,12.0,1.0,12.17,5.01,2.51,1.5,0.0,0.0,0.0,0.4,0.0,0.3,0.7000000000000001,0.0,-169.60000000000002,0.0,0.0,169.70000000000002,0.0,21.700000000000003,29.8,29.8,30.4,300.0,300.0,31.0,35.2,29.6,28.9,30.700000000000003,4.95,1.99,4.97,0.16,0.0,0.0,1027.0,8228.0,0.0,0.0,0.0,0.0,0.0,1.0,0.0,0.0,0.0,0.0,0.0,0.8,0.0,0.1,0.0,0.0,16.0,25903.0
2026-07-30T19:00:08.379Z,177.862,177.876,0.0,7.4,0.0,0.0,0.0,0.0,0.0,0.0,0.0,0.0,1.0,0.0,0.0,0.0,9.0,4.0,0.0,0.0,0.0,0.0,0.0,0.0,0.0,0.0,6.0,12.0,1.0,12.17,5.01,2.51,1.5,0.0,0.1,0.0,0.4,0.0,-0.2,-0.4,1.7000000000000002,-169.60000000000002,0.0,0.0,169.70000000000002,0.0,21.700000000000003,29.8,29.8,30.4,300.0,300.0,31.0,35.2,29.6,28.9,30.700000000000003,4.95,1.99,4.97,0.16,0.0,0.0,1027.0,8228.0,0.0,0.0,0.0,0.0,0.0,1.0,0.0,0.0,0.0,0.0,0.0,0.7000000000000001,0.0,-1.6,0.0,0.0001,16.0,25903.0
2026-07-30T19:00:08.391Z,177.874,177.888,0.0,7.4,0.0,0.0,0.0,0.0,0.0,0.0,0.0,0.0,1.0,0.0,0.0,0.0,9.0,4.0,0.0,0.0,0.0,0.0,0.0,0.0,0.0,0.0,2.0,12.0,1.0,12.15,5.01,2.51,1.49,0.0,0.0,0.0,0.4,0.0,-0.2,0.7000000000000001,0.0,-169.60000000000002,0.0,0.0,169.70000000000002,0.0,21.9,29.8,29.8,30.4,300.0,300.0,31.1,35.2,29.6,28.9,30.700000000000003,4.96,2.0,4.96,0.16,0.0,0.0,1027.0,8228.0,0.0,0.0,0.0,0.0,0.0,1.0,0.0,0.0,0.0,0.0,0.0,0.8,0.0,0.1,0.0,0.0002,16.0,25903.0
2026-07-30T19:00:08.403Z,177.886,177.9,0.0,7.4,0.0,0.0,0.0,0.0,0.0,0.0,0.0,0.0,1.0,0.0,0.0,0.0,9.0,4.0,0.0,0.0,0.0,0.0,0.0,0.0,0.0,0.0,3.0,12.0,1.0,12.15,5.01,2.51,1.49,0.0,0.1,0.0,0.4,0.0,0.3,0.7000000000000001,1.7000000000000002,-169.60000000000002,0.0,0.0,169.70000000000002,0.0,21.9,29.8,29.8,30.4,300.0,300.0,31.1,35.2,29.6,28.9,30.700000000000003,4.96,1.99,4.97,0.16,0.0,0.0,1027.0,8228.0,0.0,0.0,0.0,0.0,0.0,1.0,0.0,0.0,0.0,0.0,0.0,2.1,0.0,-1.4,0.0,0.0001,16.0,25903.0
2026-07-30T19:00:08.415Z,177.898,177.912,0.0,7.4,0.0,0.0,0.0,0.0,0.0,0.0,0.0,0.0,1.0,0.0,0.0,0.0,9.0,4.0,0.0,0.0,0.0,0.0,0.0,0.0,0.0,0.0,4.0,12.0,1.0,12.15,5.01,2.51,1.49,0.0,0.0,0.0,0.4,0.0,0.3,0.6000000000000001,-0.5,-169.60000000000002,0.0,0.0,169.60000000000002,0.0,21.9,29.8,29.8,30.4,300.0,300.0,31.1,35.2,29.6,28.9,30.700000000000003,4.95,2.0,4.97,0.16,0.0,0.0,1027.0,8228.0,0.0,0.0,0.0,0.0,0.0,1.0,0.0,0.0,0.0,0.0,0.0,0.3,0.0,0.6000000000000001,0.0,0.0,16.0,25903.0
2026-07-30T19:00:08.427Z,177.91,177.924,0.0,7.4,0.0,0.0,0.0,0.0,0.0,0.0,0.0,0.0,1.0,0.0,0.0,0.0,9.0,4.0,0.0,0.0,0.0,0.0,0.0,0.0,0.0,0.0,5.0,12.0,1.0,12.15,5.01,2.51,1.49,0.0,0.0,0.0,0.4,0.0,-0.2,0.1,0.0,-169.60000000000002,0.0,0.0,169.60000000000002,0.0,21.9,29.8,29.8,30.4,300.0,300.0,31.1,35.2,29.6,28.9,30.700000000000003,4.96,2.0,4.96,0.16,0.0,0.0,1027.0,8228.0,0.0,0.0,0.0,0.0,0.0,1.0,0.0,0.0,0.0,0.0,0.0,0.1,0.0,0.0,0.0,0.0,16.0,25903.0
2026-07-30T19:00:08.439Z,177.922,177.936,0.0,7.4,0.0,0.0,0.0,0.0,0.0,0.0,0.0,0.0,1.0,0.0,0.0,0.0,9.0,4.0,0.0,0.0,0.0,0.0,0.0,0.0,0.0,0.0,1.0,12.0,1.0,12.15,5.01,2.51,1.49,0.0,0.0,0.0,0.4,0.0,-0.2,-1.5,-1.1,-169.60000000000002,0.0,0.0,169.60000000000002,0.0,21.9,29.8,29.8,30.4,300.0,300.0,31.1,35.2,29.6,28.9,30.700000000000003,4.95,1.99,4.97,0.16,0.0,0.0,1027.0,8228.0,0.0,0.0,0.0,0.0,0.0,1.0,0.0,0.0,0.0,0.0,0.0,-2.7,0.0,0.7000000000000001,0.0,0.0,16.0,25903.0
2026-07-30T19:00:08.451Z,177.934,177.948,0.0,7.4,0.0,0.0,0.0,0.0,0.0,0.0,0.0,0.0,1.0,0.0,0.0,0.0,9.0,4.0,0.0,0.0,0.0,0.0,0.0,0.0,0.0,0.0,2.0,12.0,1.0,12.15,5.01,2.51,1.49,0.0,0.0,0.0,0.4,0.0,-0.8,0.1,0.0,-169.60000000000002,0.0,0.0,169.60000000000002,0.0,21.9,29.8,29.8,30.4,300.0,300.0,31.1,35.2,29.6,28.9,30.700000000000003,4.95,2.0,4.96,0.16,0.0,0.0,1027.0,8228.0,0.0,0.0,0.0,0.0,0.0,1.0,0.0,0.0,0.0,0.0,0.0,0.1,0.0,0.0,0.0,0.0,16.0,25903.0
2026-07-30T19:00:08.463Z,177.946,177.96,0.0,7.4,0.0,0.0,0.0,0.0,0.0,0.0,0.0,0.0,1.0,0.0,0.0,0.0,9.0,4.0,0.0,0.0,0.0,0.0,0.0,0.0,0.0,0.0,3.0,12.0,1.0,12.15,5.01,2.51,1.49,0.0,0.0,0.0,0.4,0.0,0.3,0.1,0.6000000000000001,-169.60000000000002,0.0,0.0,169.70000000000002,0.0,21.9,29.8,29.8,30.4,300.0,300.0,31.1,35.2,29.6,28.9,30.700000000000003,4.96,2.0,4.96,0.16,0.0,0.0,1027.0,8228.0,0.0,0.0,0.0,0.0,0.0,1.0,0.0,0.0,0.0,0.0,0.0,0.6000000000000001,0.0,-0.4,0.0,0.0,16.0,25903.0
2026-07-30T19:00:08.475Z,177.958,177.972,0.0,7.4,0.0,0.0,0.0,0.0,0.0,0.0,0.0,0.0,1.0,0.0,0.0,0.0,9.0,4.0,0.0,0.0,0.0,0.0,0.0,0.0,0.0,0.0,4.0,12.0,1.0,12.15,5.01,2.51,1.49,0.0,0.0,0.0,0.4,0.0,-0.7000000000000001,-0.4,0.0,-169.60000000000002,0.0,0.0,169.70000000000002,0.0,21.9,29.8,29.8,30.4,300.0,300.0,31.1,35.2,29.6,28.9,30.700000000000003,4.95,2.0,4.96,0.16,0.0,0.0,1027.0,8228.0,0.0,0.0,0.0,0.0,0.0,1.0,0.0,0.0,0.0,0.0,0.0,-0.5,0.0,0.0,0.0,0.0,16.0,25903.0
2026-07-30T19:00:08.488Z,177.971,177.984,0.0,7.4,0.0,0.0,0.0,0.0,0.0,0.0,0.0,0.0,1.0,0.0,0.0,0.0,9.0,4.0,0.0,0.0,0.0,0.0,0.0,0.0,0.0,0.0,6.0,12.0,1.0,12.17,5.0200000000000005,2.51,1.49,0.0,0.0,0.0,0.4,0.0,-0.2,-0.9,-0.6000000000000001,-169.60000000000002,0.0,0.0,169.60000000000002,0.0,21.4,29.8,29.8,30.4,300.0,300.0,31.1,35.1,29.6,28.9,30.700000000000003,4.95,1.99,4.97,0.16,0.0,0.0,1027.0,8228.0,0.0,0.0,0.0,0.0,0.0,1.0,0.0,0.0,0.0,0.0,0.0,-1.5,0.0,0.3,0.0,0.0001,16.0,25903.0
2026-07-30T19:00:08.499Z,177.982,177.996,0.0,7.4,0.0,0.0,0.0,0.0,0.0,0.0,0.0,0.0,1.0,0.0,0.0,0.0,9.0,4.0,0.0,0.0,0.0,0.0,0.0,0.0,0.0,0.0,1.0,12.0,1.0,12.17,5.0200000000000005,2.51,1.49,0.0,0.0,0.0,0.4,0.0,-0.7000000000000001,0.1,0.0,-169.60000000000002,0.0,0.0,169.70000000000002,0.0,21.4,29.8,29.8,30.4,300.0,300.0,31.1,35.1,29.6,28.9,30.700000000000003,4.95,1.99,4.96,0.16,0.0,0.0,1027.0,8228.0,0.0,0.0,0.0,0.0,0.0,1.0,0.0,0.0,0.0,0.0,0.0,0.1,0.0,0.0,0.0,0.0,16.0,25903.0
2026-07-30T19:00:08.512Z,177.995,178.008,0.0,7.4,0.0,0.0,0.0,0.0,0.0,0.0,0.0,0.0,1.0,0.0,0.0,0.0,9.0,4.0,0.0,0.0,0.0,0.0,0.0,0.0,0.0,0.0,3.0,12.0,1.0,12.17,5.0200000000000005,2.51,1.49,0.0,0.0,0.0,0.4,0.0,-0.8,-1.0,-1.8,-169.60000000000002,0.0,0.0,169.60000000000002,0.0,21.4,29.8,29.8,30.4,300.0,300.0,31.1,35.1,29.6,28.9,30.700000000000003,4.96,1.99,4.96,0.16,0.0,0.0,1027.0,8228.0,0.0,0.0,0.0,0.0,0.0,1.0,0.0,0.0,0.0,0.0,0.0,-2.5,0.0,1.3,0.0,0.0,16.0,25903.0
2026-07-30T19:00:08.524Z,178.007,178.02,0.0,7.4,0.0,0.0,0.0,0.0,0.0,0.0,0.0,0.0,1.0,0.0,0.0,0.0,9.0,4.0,0.0,0.0,0.0,0.0,0.0,0.0,0.0,0.0,4.0,12.0,1.0,12.17,5.0200000000000005,2.51,1.49,0.0,0.0,0.0,0.4,0.0,0.2,0.0,1.6,-169.60000000000002,0.0,0.0,169.70000000000002,0.0,21.4,29.8,29.8,30.4,300.0,300.0,31.1,35.1,29.6,28.9,30.700000000000003,4.95,1.99,4.97,0.16,0.0,0.0,1027.0,8228.0,0.0,0.0,0.0,0.0,0.0,1.0,0.0,0.0,0.0,0.0,0.0,1.3,0.0,-1.4,0.0,0.0,16.0,25903.0
2026-07-30T19:00:08.536Z,178.019,178.032,0.0,7.4,0.0,0.0,0.0,0.0,0.0,0.0,0.0,0.0,1.0,0.0,0.0,0.0,9.0,4.0,0.0,0.0,0.0,0.0,0.0,0.0,0.0,0.0,5.0,12.0,1.0,12.17,5.0200000000000005,2.51,1.49,0.0,0.1,0.0,0.4,0.0,0.2,-1.1,-0.1,-169.60000000000002,0.0,0.0,169.70000000000002,0.0,21.4,29.8,29.8,30.4,300.0,300.0,31.1,35.1,29.6,28.9,30.700000000000003,4.96,2.0,4.96,0.16,0.0,0.0,1027.0,8228.0,0.0,0.0,0.0,0.0,0.0,1.0,0.0,0.0,0.0,0.0,0.0,-1.3,0.0,-0.1,0.0,0.0002,16.0,25903.0
2026-07-30T19:00:08.547Z,178.03,178.044,0.0,7.4,0.0,0.0,0.0,0.0,0.0,0.0,0.0,0.0,1.0,0.0,0.0,0.0,9.0,4.0,0.0,0.0,0.0,0.0,0.0,0.0,0.0,0.0,6.0,12.0,1.0,12.17,5.0200000000000005,2.51,1.49,0.0,0.0,0.0,0.4,0.0,0.8,0.0,-0.1,-169.60000000000002,0.0,0.0,169.70000000000002,0.0,21.4,29.8,29.8,30.4,300.0,300.0,31.1,35.1,29.6,28.9,30.700000000000003,4.96,1.99,4.96,0.16,0.0,0.0,1027.0,8228.0,0.0,0.0,0.0,0.0,0.0,1.0,0.0,0.0,0.0,0.0,0.0,0.0,0.0,0.1,0.0,0.0,16.0,25903.0
2026-07-30T19:00:08.559Z,178.042,178.056,0.0,7.4,0.0,0.0,0.0,0.0,0.0,0.0,0.0,0.0,1.0,0.0,0.0,0.0,9.0,4.0,0.0,0.0,0.0,0.0,0.0,0.0,0.0,0.0,1.0,12.0,1.0,12.17,5.0200000000000005,2.51,1.49,0.0,0.0,0.0,0.4,0.0,-0.3,0.0,0.4,-169.60000000000002,0.0,0.0,169.70000000000002,0.0,21.4,29.8,29.8,30.4,300.0,300.0,31.1,35.1,29.6,28.9,30.700000000000003,4.95,2.0,4.96,0.16,0.0,0.0,1027.0,8228.0,0.0,0.0,0.0,0.0,0.0,1.0,0.0,0.0,0.0,0.0,0.0,0.3,0.0,-0.3,0.0,0.0001,16.0,25903.0
2026-07-30T19:00:08.571Z,178.054,178.068,0.0,7.4,0.0,0.0,0.0,0.0,0.0,0.0,0.0,0.0,1.0,0.0,0.0,0.0,9.0,4.0,0.0,0.0,0.0,0.0,0.0,0.0,0.0,0.0,3.0,12.0,1.0,12.17,5.0200000000000005,2.51,1.49,0.0,0.0,0.0,0.4,0.0,-0.8,-0.5,-0.7000000000000001,-169.60000000000002,0.0,0.0,169.60000000000002,0.0,21.4,29.8,29.8,30.4,300.0,300.0,31.1,35.1,29.6,28.9,30.700000000000003,4.95,2.0,4.96,0.16,0.0,0.0,1027.0,8228.0,0.0,0.0,0.0,0.0,0.0,1.0,0.0,0.0,0.0,0.0,0.0,-1.2000000000000002,0.0,0.5,0.0,0.0001,16.0,25903.0
2026-07-30T19:00:08.583Z,178.066,178.08,0.0,7.4,0.0,0.0,0.0,0.0,0.0,0.0,0.0,0.0,1.0,0.0,0.0,0.0,9.0,4.0,0.0,0.0,0.0,0.0,0.0,0.0,0.0,0.0,4.0,12.0,1.0,12.17,5.0200000000000005,2.51,1.49,0.0,0.0,0.0,0.4,0.0,-0.8,-0.5,-1.9,-169.60000000000002,0.0,0.0,169.70000000000002,0.0,21.4,29.8,29.8,30.4,300.0,300.0,31.1,35.1,29.6,28.9,30.700000000000003,4.96,2.0,4.96,0.16,0.0,0.0,1027.0,8228.0,0.0,0.0,0.0,0.0,0.0,1.0,0.0,0.0,0.0,0.0,0.0,-2.0,0.0,1.6,0.0,0.0001,16.0,25903.0
2026-07-30T19:00:08.595Z,178.078,178.092,0.0,7.4,0.0,0.0,0.0,0.0,0.0,0.0,0.0,0.0,1.0,0.0,0.0,0.0,9.0,4.0,0.0,0.0,0.0,0.0,0.0,0.0,0.0,0.0,6.0,12.0,1.0,12.15,5.01,2.5,1.49,0.0,0.1,0.0,0.4,0.0,-0.2,0.6000000000000001,-0.7000000000000001,-169.60000000000002,0.0,0.0,169.70000000000002,0.0,21.9,29.8,29.8,30.4,300.0,300.0,31.1,35.1,29.6,28.9,30.700000000000003,4.96,1.99,4.97,0.16,0.0,0.0,1027.0,8228.0,0.0,0.0,0.0,0.0,0.0,1.0,0.0,0.0,0.0,0.0,0.0,0.1,0.0,0.8,0.0,0.0002,16.0,25903.0
2026-07-30T19:00:08.608Z,178.091,178.104,0.0,7.4,0.0,0.0,0.0,0.0,0.0,0.0,0.0,0.0,1.0,0.0,0.0,0.0,9.0,4.0,0.0,0.0,0.0,0.0,0.0,0.0,0.0,0.0,1.0,12.0,1.0,12.15,5.01,2.5,1.49,0.0,0.0,0.0,0.4,0.0,-0.3,0.0,1.5,-169.60000000000002,0.0,0.0,169.70000000000002,0.0,21.9,29.8,29.8,30.4,300.0,300.0,31.1,35.1,29.6,28.9,30.700000000000003,4.95,1.99,4.97,0.16,0.0,0.0,1027.0,8228.0,0.0,0.0,0.0,0.0,0.0,1.0,0.0,0.0,0.0,0.0,0.0,1.2000000000000002,0.0,-1.3,0.0,0.0,16.0,25903.0
2026-07-30T19:00:08.619Z,178.102,178.116,0.0,7.4,0.0,0.0,0.0,0.0,0.0,0.0,0.0,0.0,1.0,0.0,0.0,0.0,9.0,4.0,0.0,0.0,0.0,0.0,0.0,0.0,0.0,0.0,3.0,12.0,1.0,12.15,5.01,2.5,1.49,0.0,0.0,0.0,0.4,0.0,-0.2,1.2000000000000002,1.0,-169.60000000000002,0.0,0.0,169.60000000000002,0.0,21.9,29.8,29.8,30.4,300.0,300.0,31.1,35.1,29.6,28.9,30.700000000000003,4.96,1.99,4.96,0.16,0.0,0.0,1027.0,8228.0,0.0,0.0,0.0,0.0,0.0,1.0,0.0,0.0,0.0,0.0,0.0,2.2,0.0,-0.6000000000000001,0.0,0.0,16.0,25903.0
2026-07-30T19:00:08.642Z,178.125,178.128,0.0,7.4,0.0,0.0,0.0,0.0,0.0,0.0,0.0,0.0,1.0,0.0,0.0,0.0,9.0,4.0,0.0,0.0,0.0,0.0,0.0,0.0,0.0,0.0,4.0,12.0,1.0,12.15,5.01,2.5,1.49,0.0,0.0,0.0,0.4,0.0,0.3,-1.0,-0.1,-169.60000000000002,0.0,0.0,169.60000000000002,0.0,21.9,29.8,29.8,30.4,300.0,300.0,31.1,35.1,29.6,28.9,30.700000000000003,4.95,2.0,4.97,0.16,0.0,0.0,1027.0,8228.0,0.0,0.0,0.0,0.0,0.0,1.0,0.0,0.0,0.0,0.0,0.0,-1.3,0.0,0.0,0.0,0.0001,16.0,25903.0
2026-07-30T19:00:08.644Z,178.127,178.14,0.0,7.4,0.0,0.0,0.0,0.0,0.0,0.0,0.0,0.0,1.0,0.0,0.0,0.0,9.0,4.0,0.0,0.0,0.0,0.0,0.0,0.0,0.0,0.0,3.0,12.0,1.0,12.15,5.01,2.5,1.49,0.0,0.0,0.0,0.4,0.0,0.2,1.8,2.1,-169.60000000000002,0.0,0.0,169.70000000000002,0.0,21.9,29.8,29.8,30.4,300.0,300.0,31.1,35.1,29.6,28.9,30.700000000000003,4.95,1.99,4.97,0.16,0.0,0.0,1027.0,8228.0,0.0,0.0,0.0,0.0,0.0,1.0,0.0,0.0,0.0,0.0,0.0,3.7,0.0,-1.5,0.0,0.0,16.0,25903.0
2026-07-30T19:00:08.656Z,178.139,178.15200000000002,0.0,7.4,0.0,0.0,0.0,0.0,0.0,0.0,0.0,0.0,1.0,0.0,0.0,0.0,9.0,4.0,0.0,0.0,0.0,0.0,0.0,0.0,0.0,0.0,1.0,12.0,1.0,12.15,5.01,2.5,1.49,0.0,0.0,0.0,0.5,0.0,-0.8,1.2000000000000002,-1.3,-169.60000000000002,0.0,0.0,169.60000000000002,0.0,21.9,29.8,29.8,30.4,300.0,300.0,31.1,35.1,29.6,28.9,30.700000000000003,4.96,1.99,4.97,0.16,0.0,0.0,1027.0,8228.0,0.0,0.0,0.0,0.0,0.0,1.0,0.0,0.0,0.0,0.0,0.0,0.4,0.0,1.4,0.0,0.0001,16.0,25903.0
2026-07-30T19:00:08.667Z,178.15,178.16400000000002,0.0,7.4,0.0,0.0,0.0,0.0,0.0,0.0,0.0,0.0,1.0,0.0,0.0,0.0,9.0,4.0,0.0,0.0,0.0,0.0,0.0,0.0,0.0,0.0,3.0,12.0,1.0,12.15,5.01,2.5,1.49,-0.1,0.0,0.0,0.4,0.0,0.2,-1.0,-0.7000000000000001,-169.60000000000002,0.0,0.0,169.70000000000002,0.0,21.9,29.8,29.8,30.4,300.0,300.0,31.1,35.1,29.6,28.9,30.700000000000003,4.96,1.99,4.96,0.16,0.0,0.0,1027.0,8228.0,0.0,0.0,0.0,0.0,0.0,1.0,0.0,0.0,0.0,0.0,0.0,-1.7000000000000002,0.0,0.4,0.0,0.0,16.0,25903.0
2026-07-30T19:00:08.680Z,178.163,178.17600000000002,0.0,7.4,0.0,0.0,0.0,0.0,0.0,0.0,0.0,0.0,1.0,0.0,0.0,0.0,9.0,4.0,0.0,0.0,0.0,0.0,0.0,0.0,0.0,0.0,4.0,12.0,1.0,12.15,5.01,2.5,1.49,0.0,0.0,0.0,0.4,0.0,0.8,-0.9,1.0,-169.60000000000002,0.0,0.0,169.60000000000002,0.0,21.9,29.8,29.8,30.4,300.0,300.0,31.1,35.1,29.6,28.9,30.700000000000003,4.95,1.99,4.97,0.16,0.0,0.0,1027.0,8228.0,0.0,0.0,0.0,0.0,0.0,1.0,0.0,0.0,0.0,0.0,0.0,-0.3,0.0,-1.1,0.0,0.0001,16.0,25903.0
2026-07-30T19:00:08.692Z,178.175,178.18800000000002,0.0,7.4,0.0,0.0,0.0,0.0,0.0,0.0,0.0,0.0,1.0,0.0,0.0,0.0,9.0,4.0,0.0,0.0,0.0,0.0,0.0,0.0,0.0,0.0,5.0,12.0,1.0,12.18,5.01,2.5,1.49,0.0,0.0,0.0,0.4,0.0,0.2,1.2000000000000002,-0.1,-169.60000000000002,0.0,0.0,169.60000000000002,0.0,21.3,29.8,29.8,30.4,300.0,300.0,31.200000000000003,35.1,29.6,28.9,30.700000000000003,4.95,1.99,4.96,0.16,0.0,0.0,1027.0,8228.0,0.0,0.0,0.0,0.0,0.0,1.0,0.0,0.0,0.0,0.0,0.0,1.3,0.0,0.4,0.0,0.0,16.0,25903.0
2026-07-30T19:00:08.703Z,178.186,178.20000000000002,0.0,7.4,0.0,0.0,0.0,0.0,0.0,0.0,0.0,0.0,1.0,0.0,0.0,0.0,9.0,4.0,0.0,0.0,0.0,0.0,0.0,0.0,0.0,0.0,1.0,12.0,1.0,12.18,5.01,2.5,1.49,0.0,0.1,0.0,0.4,0.0,-0.3,0.0,-0.1,-169.60000000000002,0.0,0.0,169.60000000000002,0.0,21.3,29.8,29.8,30.4,300.0,300.0,31.200000000000003,35.1,29.6,28.9,30.700000000000003,4.96,1.99,4.96,0.16,0.0,0.0,1027.0,8228.0,0.0,0.0,0.0,0.0,0.0,1.0,0.0,0.0,0.0,0.0,0.0,0.0,0.0,0.1,0.0,0.0001,16.0,25903.0
2026-07-30T19:00:08.715Z,178.198,178.21200000000002,0.0,7.4,0.0,0.0,0.0,0.0,0.0,0.0,0.0,0.0,1.0,0.0,0.0,0.0,9.0,4.0,0.0,0.0,0.0,0.0,0.0,0.0,0.0,0.0,3.0,12.0,1.0,12.18,5.01,2.5,1.49,0.0,0.0,0.0,0.4,0.0,-0.3,0.1,-1.9,-169.60000000000002,0.0,0.0,169.70000000000002,0.0,21.3,29.8,29.8,30.4,300.0,300.0,31.200000000000003,35.1,29.6,28.9,30.700000000000003,4.96,1.99,4.97,0.16,0.0,0.0,1027.0,8228.0,0.0,0.0,0.0,0.0,0.0,1.0,0.0,0.0,0.0,0.0,0.0,-1.3,0.0,1.7000000000000002,0.0,0.0,16.0,25903.0
2026-07-30T19:00:08.727Z,178.21,178.224,0.0,7.4,0.0,0.0,0.0,0.0,0.0,0.0,0.0,0.0,1.0,0.0,0.0,0.0,9.0,4.0,0.0,0.0,0.0,0.0,0.0,0.0,0.0,0.0,4.0,12.0,1.0,12.18,5.01,2.5,1.49,0.0,0.0,0.0,0.4,0.0,-0.3,-0.5,0.3,-169.60000000000002,0.0,0.0,169.60000000000002,0.0,21.3,29.8,29.8,30.4,300.0,300.0,31.200000000000003,35.1,29.6,28.9,30.700000000000003,4.95,1.99,4.97,0.16,0.0,0.0,1027.0,8228.0,0.0,0.0,0.0,0.0,0.0,1.0,0.0,0.0,0.0,0.0,0.0,-0.3,0.0,-0.3,0.0,0.0001,16.0,25903.0
2026-07-30T19:00:08.739Z,178.222,178.236,0.0,7.4,0.0,0.0,0.0,0.0,0.0,0.0,0.0,0.0,1.0,0.0,0.0,0.0,9.0,4.0,0.0,0.0,0.0,0.0,0.0,0.0,0.0,0.0,5.0,12.0,1.0,12.18,5.01,2.5,1.49,0.0,0.0,0.0,0.4,0.0,0.2,0.6000000000000001,0.9,-169.60000000000002,0.0,0.0,169.60000000000002,0.0,21.3,29.8,29.8,30.4,300.0,300.0,31.200000000000003,35.1,29.6,28.9,30.700000000000003,4.95,1.99,4.96,0.16,0.0,0.0,1027.0,8228.0,0.0,0.0,0.0,0.0,0.0,1.0,0.0,0.0,0.0,0.0,0.0,1.4,0.0,-0.6000000000000001,0.0,0.0001,16.0,25903.0
2026-07-30T19:00:08.751Z,178.234,178.248,0.0,7.4,0.0,0.0,0.0,0.0,0.0,0.0,0.0,0.0,1.0,0.0,0.0,0.0,9.0,4.0,0.0,0.0,0.0,0.0,0.0,0.0,0.0,0.0,1.0,12.0,1.0,12.18,5.01,2.5,1.49,0.0,0.0,0.0,0.4,0.0,0.8,0.6000000000000001,0.8,-169.60000000000002,0.0,0.0,169.60000000000002,0.0,21.3,29.8,29.8,30.4,300.0,300.0,31.200000000000003,35.1,29.6,28.9,30.700000000000003,4.96,1.99,4.96,0.16,0.0,0.0,1027.0,8228.0,0.0,0.0,0.0,0.0,0.0,1.0,0.0,0.0,0.0,0.0,0.0,1.4,0.0,-0.6000000000000001,0.0,0.0,16.0,25903.0
2026-07-30T19:00:08.763Z,178.246,178.26,0.0,7.4,0.0,0.0,0.0,0.0,0.0,0.0,0.0,0.0,1.0,0.0,0.0,0.0,9.0,4.0,0.0,0.0,0.0,0.0,0.0,0.0,0.0,0.0,2.0,12.0,1.0,12.18,5.01,2.5,1.49,0.0,0.1,0.0,0.4,0.0,-0.3,-0.5,-0.3,-169.60000000000002,0.0,0.0,169.60000000000002,0.0,21.3,29.8,29.8,30.4,300.0,300.0,31.200000000000003,35.1,29.6,28.9,30.700000000000003,4.95,1.99,4.97,0.16,0.0,0.0,1027.0,8228.0,0.0,0.0,0.0,0.0,0.0,1.0,0.0,0.0,0.0,0.0,0.0,-0.1,0.0,0.2,0.0,0.0,16.0,25903.0
2026-07-30T19:00:08.776Z,178.259,178.272,0.0,7.4,0.0,0.0,0.0,0.0,0.0,0.0,0.0,0.0,1.0,0.0,0.0,0.0,9.0,4.0,0.0,0.0,0.0,0.0,0.0,0.0,0.0,0.0,3.0,12.0,1.0,12.18,5.01,2.5,1.49,0.0,0.0,0.0,0.4,0.0,0.8,-0.5,-0.2,-169.60000000000002,0.0,0.0,169.60000000000002,0.0,21.3,29.8,29.8,30.4,300.0,300.0,31.200000000000003,35.1,29.6,28.9,30.700000000000003,4.96,1.99,4.96,0.16,0.0,0.0,1027.0,8228.0,0.0,0.0,0.0,0.0,0.0,1.0,0.0,0.0,0.0,0.0,0.0,1.6,0.0,-1.7000000000000002,0.0,0.0,16.0,25903.0
2026-07-30T19:00:08.787Z,178.27,178.284,0.0,7.4,0.0,0.0,0.0,0.0,0.0,0.0,0.0,0.0,1.0,0.0,0.0,0.0,9.0,4.0,0.0,0.0,0.0,0.0,0.0,0.0,0.0,0.0,4.0,12.0,1.0,12.18,5.01,2.5,1.49,0.0,0.0,0.0,0.4,0.0,0.2,0.0,0.2,-169.60000000000002,0.0,0.0,169.60000000000002,0.0,21.3,29.8,29.8,30.4,300.0,300.0,31.200000000000003,35.1,29.6,28.9,30.700000000000003,4.96,2.0,4.96,0.16,0.0,0.0,1027.0,8228.0,0.0,0.0,0.0,0.0,0.0,1.0,0.0,0.0,0.0,0.0,0.0,1.1,0.0,-1.2000000000000002,0.0,0.0,16.0,25903.0
2026-07-30T19:00:08.799Z,178.282,178.296,0.0,7.4,0.0,0.0,0.0,0.0,0.0,0.0,0.0,0.0,1.0,0.0,0.0,0.0,9.0,4.0,0.0,0.0,0.0,0.0,0.0,0.0,0.0,0.0,6.0,12.0,1.0,12.15,5.01,2.51,1.49,0.0,0.0,0.0,0.4,0.0,0.8,1.2000000000000002,-0.3,-169.60000000000002,0.0,0.0,169.60000000000002,0.0,21.9,29.8,29.8,30.4,300.0,300.0,31.3,35.1,29.6,28.9,30.700000000000003,4.95,1.99,4.96,0.16,0.0,0.0,1027.0,8228.0,0.0,0.0,0.0,0.0,0.0,1.0,0.0,0.0,0.0,0.0,0.0,1.1,0.0,0.5,0.0,0.0,16.0,25903.0
2026-07-30T19:00:08.811Z,178.294,178.308,0.0,7.4,0.0,0.0,0.0,0.0,0.0,0.0,0.0,0.0,1.0,0.0,0.0,0.0,9.0,4.0,0.0,0.0,0.0,0.0,0.0,0.0,0.0,0.0,1.0,12.0,1.0,12.15,5.01,2.51,1.49,0.0,0.0,0.0,0.4,0.0,0.2,-0.5,-0.3,-169.60000000000002,0.0,0.0,169.60000000000002,0.0,21.9,29.8,29.8,30.4,300.0,300.0,31.3,35.1,29.6,28.9,30.700000000000003,4.95,1.99,4.97,0.16,0.0,0.0,1027.0,8228.0,0.0,0.0,0.0,0.0,0.0,1.0,0.0,0.0,0.0,0.0,0.0,-0.8,0.0,0.2,0.0,0.0,16.0,25903.0
2026-07-30T19:00:08.823Z,178.306,178.32,0.0,7.4,0.0,0.0,0.0,0.0,0.0,0.0,0.0,0.0,1.0,0.0,0.0,0.0,9.0,4.0,0.0,0.0,0.0,0.0,0.0,0.0,0.0,0.0,2.0,12.0,1.0,12.15,5.01,2.51,1.49,0.0,0.1,0.0,0.4,0.0,0.2,0.0,0.2,-169.60000000000002,0.0,0.0,169.70000000000002,0.0,21.9,29.8,29.8,30.4,300.0,300.0,31.3,35.1,29.6,28.9,30.700000000000003,4.96,1.99,4.96,0.16,0.0,0.0,1027.0,8228.0,0.0,0.0,0.0,0.0,0.0,1.0,0.0,0.0,0.0,0.0,0.0,0.2,0.0,-0.2,0.0,0.0,16.0,25903.0
2026-07-30T19:00:08.835Z,178.318,178.332,0.0,7.4,0.0,0.0,0.0,0.0,0.0,0.0,0.0,0.0,1.0,0.0,0.0,0.0,9.0,4.0,0.0,0.0,0.0,0.0,0.0,0.0,0.0,0.0,3.0,12.0,1.0,12.15,5.01,2.51,1.49,0.0,0.0,0.0,0.4,0.0,-0.3,1.2000000000000002,1.4,-169.60000000000002,0.0,0.0,169.60000000000002,0.0,21.9,29.8,29.8,30.4,300.0,300.0,31.3,35.1,29.6,28.9,30.700000000000003,4.96,1.99,4.97,0.16,0.0,0.0,1027.0,8228.0,0.0,0.0,0.0,0.0,0.0,1.0,0.0,0.0,0.0,0.0,0.0,2.5,0.0,-1.0,0.0,0.0,16.0,25903.0
2026-07-30T19:00:08.847Z,178.33,178.344,0.0,7.4,0.0,0.0,0.0,0.0,0.0,0.0,0.0,0.0,1.0,0.0,0.0,0.0,9.0,4.0,0.0,0.0,0.0,0.0,0.0,0.0,0.0,0.0,5.0,12.0,1.0,12.15,5.01,2.51,1.49,0.0,0.1,0.0,0.4,0.0,-0.8,0.1,-0.3,-169.60000000000002,0.0,0.0,169.60000000000002,0.0,21.9,29.8,29.8,30.4,300.0,300.0,31.3,35.1,29.6,28.9,30.700000000000003,4.95,1.99,4.97,0.16,0.0,0.0,1027.0,8228.0,0.0,0.0,0.0,0.0,0.0,1.0,0.0,0.0,0.0,0.0,0.0,-0.1,0.0,0.3,0.0,0.0,16.0,25903.0
2026-07-30T19:00:08.859Z,178.342,178.356,0.0,7.4,0.0,0.0,0.0,0.0,0.0,0.0,0.0,0.0,1.0,0.0,0.0,0.0,9.0,4.0,0.0,0.0,0.0,0.0,0.0,0.0,0.0,0.0,6.0,12.0,1.0,12.15,5.01,2.51,1.49,0.0,0.0,0.0,0.4,0.0,-0.2,0.1,-0.2,-169.60000000000002,0.0,0.0,169.70000000000002,0.0,21.9,29.8,29.8,30.4,300.0,300.0,31.3,35.1,29.6,28.9,30.700000000000003,4.96,1.99,4.96,0.16,0.0,0.0,1027.0,8228.0,0.0,0.0,0.0,0.0,0.0,1.0,0.0,0.0,0.0,0.0,0.0,0.0,0.0,0.2,0.0,0.0,16.0,25903.0
2026-07-30T19:00:08.871Z,178.354,178.368,0.0,7.4,0.0,0.0,0.0,0.0,0.0,0.0,0.0,0.0,1.0,0.0,0.0,0.0,9.0,4.0,0.0,0.0,0.0,0.0,0.0,0.0,0.0,0.0,1.0,12.0,1.0,12.15,5.01,2.51,1.49,0.0,0.0,0.0,0.5,0.0,-0.3,-1.0,0.3,-169.60000000000002,0.0,0.0,169.70000000000002,0.0,21.9,29.8,29.8,30.4,300.0,300.0,31.3,35.1,29.6,28.9,30.700000000000003,4.95,2.0,4.96,0.16,0.0,0.0,1027.0,8228.0,0.0,0.0,0.0,0.0,0.0,1.0,0.0,0.0,0.0,0.0,0.0,-0.9,0.0,-0.5,0.0,0.0001,16.0,25903.0
2026-07-30T19:00:08.884Z,178.367,178.38,0.1,7.4,0.0,0.0,0.0,0.0,0.0,0.0,0.0,0.0,1.0,0.0,0.0,0.0,9.0,4.0,0.0,0.0,0.0,0.0,0.0,0.0,0.0,0.0,2.0,12.0,1.0,12.15,5.01,2.51,1.49,0.0,0.0,0.0,0.4,0.0,-0.8,-0.4,-0.2,-169.60000000000002,0.0,0.0,169.70000000000002,0.0,21.9,29.8,29.8,30.4,300.0,300.0,31.3,35.1,29.6,28.9,30.700000000000003,4.95,1.99,4.97,0.16,0.0,0.0,1027.0,8228.0,0.0,0.0,0.0,0.0,0.0,1.0,0.0,0.0,0.0,0.0,0.0,-0.6000000000000001,0.0,0.1,0.0,0.0,16.0,25903.0
2026-07-30T19:00:08.897Z,178.38,178.392,0.0,7.4,0.0,0.0,0.0,0.0,0.0,0.0,0.0,0.0,1.0,0.0,0.0,0.0,9.0,4.0,0.0,0.0,0.0,0.0,0.0,0.0,0.0,0.0,4.0,12.0,1.0,12.18,5.01,2.51,1.49,0.0,0.0,0.0,0.4,0.0,-0.2,1.8,1.5,-169.60000000000002,0.0,0.0,169.60000000000002,0.0,21.700000000000003,29.8,29.8,30.4,300.0,300.0,31.5,35.1,29.6,28.8,30.700000000000003,4.95,1.99,4.97,0.16,0.0,0.0,1027.0,8228.0,0.0,0.0,0.0,0.0,0.0,1.0,0.0,0.0,0.0,0.0,0.0,3.3000000000000003,0.0,-0.9,0.0,0.0,16.0,25903.0
2026-07-30T19:00:08.907Z,178.39,178.404,0.1,7.4,0.0,0.0,0.0,0.0,0.0,0.0,0.0,0.0,1.0,0.0,0.0,0.0,9.0,4.0,0.0,0.0,0.0,0.0,0.0,0.0,0.0,0.0,5.0,12.0,1.0,12.18,5.01,2.51,1.49,0.0,0.0,0.0,0.4,0.0,-0.9,0.1,-0.2,-169.60000000000002,0.0,0.0,169.60000000000002,0.0,21.700000000000003,29.8,29.8,30.4,300.0,300.0,31.5,35.1,29.6,28.8,30.700000000000003,4.96,1.99,4.96,0.16,0.0,0.0,1027.0,8228.0,0.0,0.0,0.0,0.0,0.0,1.0,0.0,0.0,0.0,0.0,0.0,0.0,0.0,0.2,0.0,0.0,16.0,25903.0
2026-07-30T19:00:08.920Z,178.403,178.416,0.1,7.4,0.0,0.0,0.0,0.0,0.0,0.0,0.0,0.0,1.0,0.0,0.0,0.0,9.0,4.0,0.0,0.0,0.0,0.0,0.0,0.0,0.0,0.0,6.0,12.0,1.0,12.18,5.01,2.51,1.49,0.0,0.0,0.0,0.4,0.0,-1.4,-1.6,-0.7000000000000001,-169.60000000000002,0.0,0.0,169.60000000000002,0.0,21.700000000000003,29.8,29.8,30.4,300.0,300.0,31.5,35.1,29.6,28.8,30.700000000000003,4.95,1.99,4.97,0.16,0.0,0.0,1027.0,8228.0,0.0,0.0,0.0,0.0,0.0,1.0,0.0,0.0,0.0,0.0,0.0,-2.4000000000000004,0.0,0.3,0.0,0.0001,16.0,25903.0
2026-07-30T19:00:08.931Z,178.414,178.428,0.0,7.4,0.0,0.0,0.0,0.0,0.0,0.0,0.0,0.0,1.0,0.0,0.0,0.0,9.0,4.0,0.0,0.0,0.0,0.0,0.0,0.0,0.0,0.0,2.0,12.0,1.0,12.18,5.01,2.51,1.49,0.0,0.0,0.0,0.4,0.0,0.2,0.1,-0.1,-169.60000000000002,0.0,0.0,169.70000000000002,0.0,21.700000000000003,29.8,29.8,30.4,300.0,300.0,31.5,35.1,29.6,28.8,30.700000000000003,4.95,1.99,4.97,0.16,0.0,0.0,1027.0,8228.0,0.0,0.0,0.0,0.0,0.0,1.0,0.0,0.0,0.0,0.0,0.0,0.0,0.0,0.1,0.0,0.0,16.0,25903.0
2026-07-30T19:00:08.950Z,178.433,178.44,0.0,7.4,0.0,0.0,0.0,0.0,0.0,0.0,0.0,0.0,1.0,0.0,0.0,0.0,9.0,4.0,0.0,0.0,0.0,0.0,0.0,0.0,0.0,0.0,3.0,12.0,1.0,12.18,5.01,2.51,1.49,0.0,0.0,0.0,0.5,0.0,-0.9,0.0,-0.7000000000000001,-169.60000000000002,0.0,0.0,169.70000000000002,0.0,21.700000000000003,29.8,29.8,30.4,300.0,300.0,31.5,35.1,29.6,28.8,30.700000000000003,4.96,1.99,4.97,0.16,0.0,0.0,1027.0,8228.0,0.0,0.0,0.0,0.0,0.0,1.0,0.0,0.0,0.0,0.0,0.0,-0.4,0.0,0.6000000000000001,0.0,0.0001,16.0,25903.0
2026-07-30T19:00:08.956Z,178.439,178.452,0.0,7.4,0.0,0.0,0.0,0.0,0.0,0.0,0.0,0.0,1.0,0.0,0.0,0.0,9.0,4.0,0.0,0.0,0.0,0.0,0.0,0.0,0.0,0.0,1.0,12.0,1.0,12.18,5.01,2.51,1.49,0.0,0.1,0.0,0.4,0.0,-0.3,-1.0,-0.1,-169.60000000000002,0.0,0.0,169.8,0.0,21.700000000000003,29.8,29.8,30.4,300.0,300.0,31.5,35.1,29.6,28.8,30.700000000000003,4.96,1.99,4.96,0.16,0.0,0.0,1027.0,8228.0,0.0,0.0,0.0,0.0,0.0,1.0,0.0,0.0,0.0,0.0,0.0,-1.3,0.0,-0.1,0.0,0.0001,16.0,25903.0
2026-07-30T19:00:08.968Z,178.451,178.464,0.0,7.4,0.0,0.0,0.0,0.0,0.0,0.0,0.0,0.0,1.0,0.0,0.0,0.0,9.0,4.0,0.0,0.0,0.0,0.0,0.0,0.0,0.0,0.0,6.0,12.0,1.0,12.18,5.01,2.51,1.49,0.0,0.0,0.0,0.4,0.0,-0.3,-0.5,-0.1,-169.60000000000002,0.0,0.0,169.60000000000002,0.0,21.700000000000003,29.8,29.8,30.4,300.0,300.0,31.5,35.1,29.6,28.8,30.700000000000003,4.95,1.99,4.97,0.16,0.0,0.0,1027.0,8228.0,0.0,0.0,0.0,0.0,0.0,1.0,0.0,0.0,0.0,0.0,0.0,-0.6000000000000001,0.0,0.0,0.0,0.0002,16.0,25903.0
2026-07-30T19:00:08.980Z,178.463,178.476,0.0,7.4,0.0,0.0,0.0,0.0,0.0,0.0,0.0,0.0,1.0,0.0,0.0,0.0,9.0,4.0,0.0,0.0,0.0,0.0,0.0,0.0,0.0,0.0,1.0,12.0,1.0,12.18,5.01,2.51,1.49,0.0,0.0,0.0,0.4,0.0,-0.3,0.0,-1.2000000000000002,-169.60000000000002,0.0,0.0,169.70000000000002,0.0,21.700000000000003,29.8,29.8,30.4,300.0,300.0,31.5,35.1,29.6,28.8,30.700000000000003,4.95,1.99,4.96,0.16,0.0,0.0,1027.0,8228.0,0.0,0.0,0.0,0.0,0.0,1.0,0.0,0.0,0.0,0.0,0.0,-0.8,0.0,1.1,0.0,0.0002,16.0,25903.0
2026-07-30T19:00:08.991Z,178.474,178.488,0.0,7.4,0.0,0.0,0.0,0.0,0.0,0.0,0.0,0.0,1.0,0.0,0.0,0.0,9.0,4.0,0.0,0.0,0.0,0.0,0.0,0.0,0.0,0.0,3.0,12.0,1.0,12.18,5.01,2.51,1.49,0.0,0.0,0.0,0.4,0.0,-0.3,0.6000000000000001,0.0,-169.60000000000002,0.0,0.0,169.70000000000002,0.0,21.700000000000003,29.8,29.8,30.4,300.0,300.0,31.5,35.1,29.6,28.8,30.700000000000003,4.95,1.99,4.96,0.16,0.0,0.0,1027.0,8228.0,0.0,0.0,0.0,0.0,0.0,1.0,0.0,0.0,0.0,0.0,0.0,0.7000000000000001,0.0,0.1,0.0,0.0,16.0,25903.0
2026-07-30T19:00:09.004Z,178.487,178.5,0.0,7.4,0.0,0.0,0.0,0.0,0.0,0.0,0.0,0.0,1.0,0.0,0.0,0.0,9.0,4.0,0.0,0.0,0.0,0.0,0.0,0.0,0.0,0.0,4.0,12.0,1.0,12.14,5.01,2.5,1.49,0.0,0.0,0.0,0.4,0.0,-0.3,-1.0,0.0,-169.60000000000002,0.0,0.0,169.60000000000002,0.0,21.4,29.8,29.8,30.4,300.0,300.0,31.4,35.0,29.6,28.8,30.700000000000003,4.95,1.99,4.96,0.16,0.0,0.0,1027.0,8228.0,0.0,0.0,0.0,0.0,0.0,1.0,0.0,0.0,0.0,0.0,0.0,-1.2000000000000002,0.0,-0.2,0.0,0.0001,16.0,25903.0
2026-07-30T19:00:09.015Z,178.498,178.512,0.0,7.4,0.0,0.0,0.0,0.0,0.0,0.0,0.0,0.0,1.0,0.0,0.0,0.0,9.0,4.0,0.0,0.0,0.0,0.0,0.0,0.0,0.0,0.0,5.0,12.0,1.0,12.14,5.01,2.5,1.49,0.0,0.1,0.0,0.5,0.0,0.8,-0.4,1.1,-169.60000000000002,0.0,0.0,169.70000000000002,0.0,21.4,29.8,29.8,30.4,300.0,300.0,31.4,35.0,29.6,28.8,30.700000000000003,4.96,1.99,4.96,0.16,0.0,0.0,1027.0,8228.0,0.0,0.0,0.0,0.0,0.0,1.0,0.0,0.0,0.0,0.0,0.0,0.3,0.0,-1.1,0.0,0.0002,16.0,25903.0
2026-07-30T19:00:09.027Z,178.51,178.524,0.0,7.4,0.0,0.0,0.0,0.0,0.0,0.0,0.0,0.0,1.0,0.0,0.0,0.0,9.0,4.0,0.0,0.0,0.0,0.0,0.0,0.0,0.0,0.0,1.0,12.0,1.0,12.14,5.01,2.5,1.49,0.0,0.0,0.0,0.5,0.0,-0.2,0.0,-0.6000000000000001,-169.60000000000002,0.0,0.0,169.70000000000002,0.0,21.4,29.8,29.8,30.4,300.0,300.0,31.4,35.0,29.6,28.8,30.700000000000003,4.96,1.99,4.97,0.17,0.0,0.0,1027.0,8228.0,0.0,0.0,0.0,0.0,0.0,1.0,0.0,0.0,0.0,0.0,0.0,-0.3,0.0,0.5,0.0,0.0001,16.0,25903.0
2026-07-30T19:00:09.039Z,178.522,178.536,0.0,7.4,0.0,0.0,0.0,0.0,0.0,0.0,0.0,0.0,1.0,0.0,0.0,0.0,9.0,4.0,0.0,0.0,0.0,0.0,0.0,0.0,0.0,0.0,2.0,12.0,1.0,12.14,5.01,2.5,1.49,0.0,0.0,0.0,0.4,0.0,-0.2,0.6000000000000001,0.5,-169.60000000000002,0.0,0.0,169.70000000000002,0.0,21.4,29.8,29.8,30.4,300.0,300.0,31.4,35.0,29.6,28.8,30.700000000000003,4.95,1.99,4.97,0.16,0.0,0.0,1027.0,8228.0,0.0,0.0,0.0,0.0,0.0,1.0,0.0,0.0,0.0,0.0,0.0,1.1,0.0,-0.3,0.0,0.0,16.0,25903.0
2026-07-30T19:00:09.051Z,178.534,178.548,0.0,7.4,0.0,0.0,0.0,0.0,0.0,0.0,0.0,0.0,1.0,0.0,0.0,0.0,9.0,4.0,0.0,0.0,0.0,0.0,0.0,0.0,0.0,0.0,4.0,12.0,1.0,12.14,5.01,2.5,1.49,0.0,0.0,0.0,0.4,0.0,-0.2,-1.0,1.6,-169.60000000000002,0.0,0.0,169.8,0.0,21.4,29.8,29.8,30.4,300.0,300.0,31.4,35.0,29.6,28.8,30.700000000000003,4.95,1.99,4.97,0.16,0.0,0.0,1027.0,8228.0,0.0,0.0,0.0,0.0,0.0,1.0,0.0,0.0,0.0,0.0,0.0,0.0,0.0,-1.6,0.0,0.0,16.0,25903.0
2026-07-30T19:00:09.064Z,178.547,178.56,0.0,7.4,0.0,0.0,0.0,0.0,0.0,0.0,0.0,0.0,1.0,0.0,0.0,0.0,9.0,4.0,0.0,0.0,0.0,0.0,0.0,0.0,0.0,0.0,5.0,12.0,1.0,12.14,5.01,2.5,1.49,0.0,0.1,0.0,0.4,0.0,-0.8,0.0,-0.5,-169.60000000000002,0.0,0.0,169.8,0.0,21.4,29.8,29.8,30.4,300.0,300.0,31.4,35.0,29.6,28.8,30.700000000000003,4.95,1.99,4.96,0.16,0.0,0.0,1027.0,8228.0,0.0,0.0,0.0,0.0,0.0,1.0,0.0,0.0,0.0,0.0,0.0,-0.3,0.0,0.5,0.0,0.0001,16.0,25903.0
2026-07-30T19:00:09.075Z,178.558,178.572,0.0,7.4,0.0,0.0,0.0,0.0,0.0,0.0,0.0,0.0,1.0,0.0,0.0,0.0,9.0,4.0,0.0,0.0,0.0,0.0,0.0,0.0,0.0,0.0,6.0,12.0,1.0,12.14,5.01,2.5,1.49,0.0,0.0,0.0,0.4,0.0,-0.2,0.6000000000000001,1.7000000000000002,-169.60000000000002,0.0,0.0,169.70000000000002,0.0,21.4,29.8,29.8,30.4,300.0,300.0,31.4,35.0,29.6,28.8,30.700000000000003,4.95,1.99,4.97,0.16,0.0,0.0,1027.0,8228.0,0.0,0.0,0.0,0.0,0.0,1.0,0.0,0.0,0.0,0.0,0.0,2.0,0.0,-1.3,0.0,0.0,16.0,25903.0
2026-07-30T19:00:09.087Z,178.57,178.584,0.0,7.4,0.0,0.0,0.0,0.0,0.0,0.0,0.0,0.0,1.0,0.0,0.0,0.0,9.0,4.0,0.0,0.0,0.0,0.0,0.0,0.0,0.0,0.0,2.0,12.0,1.0,12.14,5.01,2.5,1.49,0.0,0.1,0.0,0.4,0.0,-0.8,0.0,1.1,-169.60000000000002,0.0,0.0,169.8,0.0,21.4,29.8,29.8,30.4,300.0,300.0,31.4,35.0,29.6,28.8,30.700000000000003,4.95,1.99,4.97,0.16,0.0,0.0,1027.0,8228.0,0.0,0.0,0.0,0.0,0.0,1.0,0.0,0.0,0.0,0.0,0.0,0.9,0.0,-1.0,0.0,0.0,16.0,25903.0
2026-07-30T19:00:09.100Z,178.583,178.596,0.0,7.4,0.0,0.0,0.0,0.0,0.0,0.0,0.0,0.0,1.0,0.0,0.0,0.0,9.0,4.0,0.0,0.0,0.0,0.0,0.0,0.0,0.0,0.0,4.0,12.0,1.0,12.18,5.01,2.51,1.49,0.0,0.0,0.0,0.4,0.0,0.3,0.6000000000000001,0.5,-169.60000000000002,0.0,0.0,169.8,0.0,21.700000000000003,29.8,29.8,30.4,300.0,300.0,31.200000000000003,35.1,29.6,28.8,30.700000000000003,4.96,1.99,4.96,0.16,0.0,0.0,1027.0,8228.0,0.0,0.0,0.0,0.0,0.0,1.0,0.0,0.0,0.0,0.0,0.0,1.2000000000000002,0.0,-0.3,0.0,0.0002,16.0,25903.0
2026-07-30T19:00:09.111Z,178.594,178.608,0.0,7.4,0.0,0.0,0.0,0.0,0.0,0.0,0.0,0.0,1.0,0.0,0.0,0.0,9.0,4.0,0.0,0.0,0.0,0.0,0.0,0.0,0.0,0.0,5.0,12.0,1.0,12.18,5.01,2.51,1.49,0.0,0.0,0.0,0.4,0.0,0.9,0.0,1.7000000000000002,-169.60000000000002,0.0,0.0,169.8,0.0,21.700000000000003,29.8,29.8,30.4,300.0,300.0,31.200000000000003,35.1,29.6,28.8,30.700000000000003,4.95,1.99,4.97,0.16,0.0,0.0,1027.0,8228.0,0.0,0.0,0.0,0.0,0.0,1.0,0.0,0.0,0.0,0.0,0.0,1.3,0.0,-1.5,0.0,0.0001,16.0,25903.0
2026-07-30T19:00:09.123Z,178.606,178.62,0.0,7.4,0.0,0.0,0.0,0.0,0.0,0.0,0.0,0.0,1.0,0.0,0.0,0.0,9.0,4.0,0.0,0.0,0.0,0.0,0.0,0.0,0.0,0.0,1.0,12.0,1.0,12.18,5.01,2.51,1.49,0.0,0.1,0.0,0.4,0.0,-0.2,-0.5,-0.5,-169.70000000000002,0.0,0.0,169.8,0.0,21.700000000000003,29.8,29.8,30.4,300.0,300.0,31.200000000000003,35.1,29.6,28.8,30.700000000000003,4.95,1.99,4.97,0.16,0.0,0.0,1027.0,8228.0,0.0,0.0,0.0,0.0,0.0,1.0,0.0,0.0,0.0,0.0,0.0,-0.9,0.0,0.3,0.0,0.0,16.0,25903.0
2026-07-30T19:00:09.135Z,178.618,178.632,0.0,7.4,0.0,0.0,0.0,0.0,0.0,0.0,0.0,0.0,1.0,0.0,0.0,0.0,9.0,4.0,0.0,0.0,0.0,0.0,0.0,0.0,0.0,0.0,2.0,12.0,1.0,12.18,5.01,2.51,1.49,0.0,0.0,0.0,0.4,0.0,0.3,0.6000000000000001,1.7000000000000002,-169.70000000000002,0.0,0.0,169.8,0.0,21.700000000000003,29.8,29.8,30.4,300.0,300.0,31.200000000000003,35.1,29.6,28.8,30.700000000000003,4.95,1.99,4.97,0.16,0.0,0.0,1027.0,8228.0,0.0,0.0,0.0,0.0,0.0,1.0,0.0,0.0,0.0,0.0,0.0,2.0,0.0,-1.4,0.0,0.0,16.0,25903.0
2026-07-30T19:00:09.147Z,178.63,178.644,0.0,7.4,0.0,0.0,0.0,0.0,0.0,0.0,0.0,0.0,1.0,0.0,0.0,0.0,9.0,4.0,0.0,0.0,0.0,0.0,0.0,0.0,0.0,0.0,4.0,12.0,1.0,12.18,5.01,2.51,1.49,0.0,0.0,0.0,0.4,0.0,-0.2,-0.5,-1.1,-169.70000000000002,0.0,0.0,169.70000000000002,0.0,21.700000000000003,29.8,29.8,30.4,300.0,300.0,31.200000000000003,35.1,29.6,28.8,30.700000000000003,4.96,1.99,4.96,0.16,0.0,0.0,1027.0,8228.0,0.0,0.0,0.0,0.0,0.0,1.0,0.0,0.0,0.0,0.0,0.0,-1.4,0.0,0.9,0.0,0.0,16.0,25903.0
2026-07-30T19:00:09.160Z,178.643,178.656,0.0,7.4,0.0,0.0,0.0,0.0,0.0,0.0,0.0,0.0,1.0,0.0,0.0,0.0,9.0,4.0,0.0,0.0,0.0,0.0,0.0,0.0,0.0,0.0,5.0,12.0,1.0,12.18,5.01,2.51,1.49,0.0,0.0,0.0,0.4,0.0,-0.2,-1.7000000000000002,0.5,-169.70000000000002,0.0,0.0,169.60000000000002,0.0,21.700000000000003,29.8,29.8,30.4,300.0,300.0,31.200000000000003,35.1,29.6,28.8,30.700000000000003,4.95,1.99,4.97,0.16,0.0,0.0,1027.0,8228.0,0.0,0.0,0.0,0.0,0.0,1.0,0.0,0.0,0.0,0.0,0.0,-1.5,0.0,-0.8,0.0,0.0002,16.0,25903.0
2026-07-30T19:00:09.171Z,178.654,178.668,0.0,7.4,0.0,0.0,0.0,0.0,0.0,0.0,0.0,0.0,1.0,0.0,0.0,0.0,9.0,4.0,0.0,0.0,0.0,0.0,0.0,0.0,0.0,0.0,6.0,12.0,1.0,12.18,5.01,2.51,1.49,0.0,0.1,0.0,0.4,0.0,0.3,0.5,0.5,-169.70000000000002,0.0,0.0,169.8,0.0,21.700000000000003,29.8,29.8,30.4,300.0,300.0,31.200000000000003,35.1,29.6,28.8,30.700000000000003,4.95,1.99,4.96,0.16,0.0,0.0,1027.0,8228.0,0.0,0.0,0.0,0.0,0.0,1.0,0.0,0.0,0.0,0.0,0.0,1.0,0.0,-0.3,0.0,0.0002,16.0,25903.0
2026-07-30T19:00:09.183Z,178.666,178.68,0.0,7.4,0.0,0.0,0.0,0.0,0.0,0.0,0.0,0.0,1.0,0.0,0.0,0.0,9.0,4.0,0.0,0.0,0.0,0.0,0.0,0.0,0.0,0.0,2.0,12.0,1.0,12.18,5.01,2.51,1.49,0.0,0.0,0.0,0.4,0.0,-0.2,-0.5,0.0,-169.70000000000002,0.0,0.0,169.70000000000002,0.0,21.700000000000003,29.8,29.8,30.4,300.0,300.0,31.200000000000003,35.1,29.6,28.8,30.700000000000003,4.96,2.0,4.96,0.16,0.0,0.0,1027.0,8228.0,0.0,0.0,0.0,0.0,0.0,1.0,0.0,0.0,0.0,0.0,0.0,-0.6000000000000001,0.0,0.0,0.0,0.0002,16.0,25903.0
2026-07-30T19:00:09.196Z,178.679,178.692,0.0,7.4,0.0,0.0,0.0,0.0,0.0,0.0,0.0,0.0,1.0,0.0,0.0,0.0,9.0,4.0,0.0,0.0,0.0,0.0,0.0,0.0,0.0,0.0,3.0,12.0,1.0,12.18,5.01,2.51,1.49,0.0,0.0,0.0,0.4,0.0,-0.2,0.0,0.0,-169.70000000000002,0.0,0.0,169.8,0.0,21.700000000000003,29.8,29.8,30.4,300.0,300.0,31.200000000000003,35.1,29.6,28.8,30.700000000000003,4.96,2.0,4.97,0.17,0.0,0.0,1027.0,8228.0,0.0,0.0,0.0,0.0,0.0,1.0,0.0,0.0,0.0,0.0,0.0,0.0,0.0,0.0,0.0,0.0001,16.0,25903.0
2026-07-30T19:00:09.207Z,178.69,178.704,0.0,7.4,0.0,0.0,0.0,0.0,0.0,0.0,0.0,0.0,1.0,0.0,0.0,0.0,9.0,4.0,0.0,0.0,0.0,0.0,0.0,0.0,0.0,0.0,5.0,12.0,1.0,12.14,5.0200000000000005,2.5,1.49,0.0,0.0,0.0,0.4,0.0,-0.8,-1.7000000000000002,-1.8,-169.70000000000002,0.0,0.0,169.8,0.0,21.4,29.8,29.8,30.4,300.0,300.0,31.3,35.0,29.6,28.9,30.700000000000003,4.95,1.99,4.97,0.17,0.0,0.0,1027.0,8228.0,0.0,0.0,0.0,0.0,0.0,1.0,0.0,0.0,0.0,0.0,0.0,-3.3000000000000003,0.0,1.2000000000000002,0.0,0.0,16.0,25903.0
2026-07-30T19:00:09.220Z,178.703,178.716,0.0,7.4,0.0,0.0,0.0,0.0,0.0,0.0,0.0,0.0,1.0,0.0,0.0,0.0,9.0,4.0,0.0,0.0,0.0,0.0,0.0,0.0,0.0,0.0,6.0,12.0,1.0,12.14,5.0200000000000005,2.5,1.49,0.0,0.0,0.0,0.5,0.0,0.3,0.0,1.0,-169.70000000000002,0.0,0.0,169.8,0.0,21.4,29.8,29.8,30.4,300.0,300.0,31.3,35.0,29.6,28.9,30.700000000000003,4.95,1.99,4.96,0.16,0.0,0.0,1027.0,8228.0,0.0,0.0,0.0,0.0,0.0,1.0,0.0,0.0,0.0,0.0,0.0,0.7000000000000001,0.0,-0.9,0.0,0.0,16.0,25903.0
2026-07-30T19:00:09.231Z,178.714,178.728,0.0,7.4,0.0,0.0,0.0,0.0,0.0,0.0,0.0,0.0,1.0,0.0,0.0,0.0,9.0,4.0,0.0,0.0,0.0,0.0,0.0,0.0,0.0,0.0,2.0,12.0,1.0,12.14,5.0200000000000005,2.5,1.49,0.0,0.0,0.0,0.4,0.0,-0.2,0.6000000000000001,0.4,-169.70000000000002,0.0,0.0,169.8,0.0,21.4,29.8,29.8,30.4,300.0,300.0,31.3,35.0,29.6,28.9,30.700000000000003,4.96,1.99,4.96,0.16,0.0,0.0,1027.0,8228.0,0.0,0.0,0.0,0.0,0.0,1.0,0.0,0.0,0.0,0.0,0.0,1.0,0.0,-0.2,0.0,0.0001,16.0,25903.0
2026-07-30T19:00:09.244Z,178.727,178.74,0.0,7.4,0.0,0.0,0.0,0.0,0.0,0.0,0.0,0.0,1.0,0.0,0.0,0.0,9.0,4.0,0.0,0.0,0.0,0.0,0.0,0.0,0.0,0.0,3.0,12.0,1.0,12.14,5.0200000000000005,2.5,1.49,0.0,0.0,0.0,0.4,0.0,-0.2,-0.5,-0.7000000000000001,-169.70000000000002,0.0,0.0,169.8,0.0,21.4,29.8,29.8,30.4,300.0,300.0,31.3,35.0,29.6,28.9,30.700000000000003,4.95,1.99,4.96,0.16,0.0,0.0,1027.0,8228.0,0.0,0.0,0.0,0.0,0.0,1.0,0.0,0.0,0.0,0.0,0.0,-1.2000000000000002,0.0,0.5,0.0,0.0,16.0,25903.0
2026-07-30T19:00:09.255Z,178.738,178.752,0.0,7.4,0.0,0.0,0.0,0.0,0.0,0.0,0.0,0.0,1.0,0.0,0.0,0.0,9.0,4.0,0.0,0.0,0.0,0.0,0.0,0.0,0.0,0.0,5.0,12.0,1.0,12.14,5.0200000000000005,2.5,1.49,0.0,0.0,0.0,0.4,0.0,-0.8,0.0,-0.1,-169.70000000000002,0.0,0.0,169.70000000000002,0.0,21.4,29.8,29.8,30.4,300.0,300.0,31.3,35.0,29.6,28.9,30.700000000000003,4.96,2.0,4.97,0.16,0.0,0.0,1027.0,8228.0,0.0,0.0,0.0,0.0,0.0,1.0,0.0,0.0,0.0,0.0,0.0,0.0,0.0,0.1,0.0,0.0,16.0,25903.0
2026-07-30T19:00:09.277Z,178.76,178.764,0.0,7.4,0.0,0.0,0.0,0.0,0.0,0.0,0.0,0.0,1.0,0.0,0.0,0.0,9.0,4.0,0.0,0.0,0.0,0.0,0.0,0.0,0.0,0.0,6.0,12.0,1.0,12.14,5.0200000000000005,2.5,1.49,0.0,0.0,0.0,0.4,0.0,0.3,0.6000000000000001,-0.1,-169.70000000000002,0.0,0.0,169.8,0.0,21.4,29.8,29.8,30.4,300.0,300.0,31.3,35.0,29.6,28.9,30.700000000000003,4.96,2.0,4.96,0.16,0.0,0.0,1027.0,8228.0,0.0,0.0,0.0,0.0,0.0,1.0,0.0,0.0,0.0,0.0,0.0,0.5,0.0,0.2,0.0,0.0002,16.0,25903.0
2026-07-30T19:00:09.279Z,178.762,178.776,0.0,7.4,0.0,0.0,0.0,0.0,0.0,0.0,0.0,0.0,1.0,0.0,0.0,0.0,9.0,4.0,0.0,0.0,0.0,0.0,0.0,0.0,0.0,0.0,3.0,12.0,1.0,12.14,5.0200000000000005,2.5,1.49,0.0,0.0,0.0,0.4,0.0,-0.8,-0.5,-2.5,-169.70000000000002,0.0,0.0,169.8,0.0,21.4,29.8,29.8,30.4,300.0,300.0,31.3,35.0,29.6,28.9,30.700000000000003,4.96,1.99,4.96,0.16,0.0,0.0,1027.0,8228.0,0.0,0.0,0.0,0.0,0.0,1.0,0.0,0.0,0.0,0.0,0.0,2.4000000000000004,0.0,-1.1,0.0,0.0,16.0,25903.0
2026-07-30T19:00:09.291Z,178.774,178.788,0.0,7.4,0.0,0.0,0.0,0.0,0.0,0.0,0.0,0.0,1.0,0.0,0.0,0.0,9.0,4.0,0.0,0.0,0.0,0.0,0.0,0.0,0.0,0.0,3.0,12.0,1.0,12.14,5.0200000000000005,2.5,1.49,0.0,0.1,0.0,0.5,0.0,0.3,0.6000000000000001,1.0,-169.70000000000002,0.0,0.0,169.8,0.0,21.4,29.8,29.8,30.4,300.0,300.0,31.3,35.0,29.6,28.9,30.700000000000003,4.96,1.99,4.97,0.16,0.0,0.0,1027.0,8228.0,0.0,0.0,0.0,0.0,0.0,1.0,0.0,0.0,0.0,0.0,0.0,-0.7000000000000001,0.0,0.0,0.0,0.0,16.0,25903.0
2026-07-30T19:00:09.304Z,178.787,178.8,0.0,7.4,0.0,0.0,0.0,0.0,0.0,0.0,0.0,0.0,1.0,0.0,0.0,0.0,9.0,4.0,0.0,0.0,0.0,0.0,0.0,0.0,0.0,0.0,4.0,12.0,1.0,12.26,5.01,2.5,1.49,0.0,0.0,0.0,0.4,0.0,0.2,-0.5,-0.7000000000000001,-169.70000000000002,0.0,0.0,169.70000000000002,0.0,21.3,29.8,29.8,30.4,300.0,300.0,31.200000000000003,35.1,29.6,28.9,30.700000000000003,4.96,1.99,4.96,0.16,0.0,0.0,1027.0,8228.0,0.0,0.0,0.0,0.0,0.0,1.0,0.0,0.0,0.0,0.0,0.0,-0.8,0.0,0.0,0.0,0.0,16.0,25903.0
2026-07-30T19:00:09.315Z,178.798,178.812,0.0,7.4,0.0,0.0,0.0,0.0,0.0,0.0,0.0,0.0,1.0,0.0,0.0,0.0,9.0,4.0,0.0,0.0,0.0,0.0,0.0,0.0,0.0,0.0,5.0,12.0,1.0,12.26,5.01,2.5,1.49,0.0,0.0,0.0,0.4,0.0,0.2,0.0,-0.7000000000000001,-169.70000000000002,0.0,0.0,169.8,0.0,21.3,29.8,29.8,30.4,300.0,300.0,31.200000000000003,35.1,29.6,28.9,30.700000000000003,4.96,1.99,4.97,0.16,0.0,0.0,1027.0,8228.0,0.0,0.0,0.0,0.0,0.0,1.0,0.0,0.0,0.0,0.0,0.0,-0.5,0.0,0.6000000000000001,0.0,0.0,16.0,25903.0
2026-07-30T19:00:09.327Z,178.81,178.824,0.0,7.4,0.0,0.0,0.0,0.0,0.0,0.0,0.0,0.0,1.0,0.0,0.0,0.0,9.0,4.0,0.0,0.0,0.0,0.0,0.0,0.0,0.0,0.0,5.0,12.0,1.0,12.26,5.01,2.5,1.49,-0.1,0.0,0.0,0.4,0.0,-0.3,-0.5,-0.1,-169.70000000000002,0.0,0.0,169.8,0.0,21.3,29.8,29.8,30.4,300.0,300.0,31.200000000000003,35.1,29.6,28.9,30.700000000000003,4.95,1.99,4.97,0.16,0.0,0.0,1027.0,8228.0,0.0,0.0,0.0,0.0,0.0,1.0,0.0,0.0,0.0,0.0,0.0,-0.8,0.0,0.0,0.0,0.0,16.0,25903.0
2026-07-30T19:00:09.339Z,178.822,178.836,0.0,7.4,0.0,0.0,0.0,0.0,0.0,0.0,0.0,0.0,1.0,0.0,0.0,0.0,9.0,4.0,0.0,0.0,0.0,0.0,0.0,0.0,0.0,0.0,6.0,12.0,1.0,12.26,5.01,2.5,1.49,0.0,0.0,0.0,0.4,0.0,-0.8,0.0,-0.1,-169.70000000000002,0.0,0.0,169.8,0.0,21.3,29.8,29.8,30.4,300.0,300.0,31.200000000000003,35.1,29.6,28.9,30.700000000000003,4.96,1.99,4.96,0.16,0.0,0.0,1027.0,8228.0,0.0,0.0,0.0,0.0,0.0,1.0,0.0,0.0,0.0,0.0,0.0,-0.1,0.0,0.1,0.0,0.0001,16.0,25903.0
2026-07-30T19:00:09.351Z,178.834,178.848,0.0,7.4,0.0,0.0,0.0,0.0,0.0,0.0,0.0,0.0,1.0,0.0,0.0,0.0,9.0,4.0,0.0,0.0,0.0,0.0,0.0,0.0,0.0,0.0,1.0,12.0,1.0,12.26,5.01,2.5,1.49,0.0,0.0,0.0,0.4,0.0,-0.2,-1.1,-1.3,-169.70000000000002,0.0,0.0,169.8,0.0,21.3,29.8,29.8,30.4,300.0,300.0,31.200000000000003,35.1,29.6,28.9,30.700000000000003,4.95,2.0,4.97,0.16,0.0,0.0,1027.0,8228.0,0.0,0.0,0.0,0.0,0.0,1.0,0.0,0.0,0.0,0.0,0.0,-2.3000000000000003,0.0,0.9,0.0,0.0,16.0,25903.0
2026-07-30T19:00:09.363Z,178.846,178.86,0.0,7.4,0.0,0.0,0.0,0.0,0.0,0.0,0.0,0.0,1.0,0.0,0.0,0.0,9.0,4.0,0.0,0.0,0.0,0.0,0.0,0.0,0.0,0.0,2.0,12.0,1.0,12.26,5.01,2.5,1.49,0.0,0.0,0.0,0.4,0.0,0.2,1.7000000000000002,0.9,-169.70000000000002,0.0,0.0,169.8,0.0,21.3,29.8,29.8,30.4,300.0,300.0,31.200000000000003,35.1,29.6,28.9,30.700000000000003,4.95,1.99,4.97,0.16,0.0,0.0,1027.0,8228.0,0.0,0.0,0.0,0.0,0.0,1.0,0.0,0.0,0.0,0.0,0.0,2.6,0.0,-0.4,0.0,0.0,16.0,25903.0
2026-07-30T19:00:09.375Z,178.858,178.872,0.0,7.4,0.0,0.0,0.0,0.0,0.0,0.0,0.0,0.0,1.0,0.0,0.0,0.0,9.0,4.0,0.0,0.0,0.0,0.0,0.0,0.0,0.0,0.0,4.0,12.0,1.0,12.26,5.01,2.5,1.49,0.0,0.0,0.0,0.4,0.0,-0.2,0.0,0.3,-169.70000000000002,0.0,0.0,169.8,0.0,21.3,29.8,29.8,30.4,300.0,300.0,31.200000000000003,35.1,29.6,28.9,30.700000000000003,4.95,1.99,4.97,0.16,0.0,0.0,1027.0,8228.0,0.0,0.0,0.0,0.0,0.0,1.0,0.0,0.0,0.0,0.0,0.0,0.2,0.0,-0.3,0.0,0.0001,16.0,25903.0
2026-07-30T19:00:09.387Z,178.87,178.884,0.0,7.4,0.0,0.0,0.0,0.0,0.0,0.0,0.0,0.0,1.0,0.0,0.0,0.0,9.0,4.0,0.0,0.0,0.0,0.0,0.0,0.0,0.0,0.0,5.0,12.0,1.0,12.26,5.01,2.5,1.49,0.0,0.0,0.0,0.4,0.0,0.2,0.0,0.9,-169.70000000000002,0.0,0.0,169.8,0.0,21.3,29.8,29.8,30.4,300.0,300.0,31.200000000000003,35.1,29.6,28.9,30.700000000000003,4.96,1.99,4.96,0.16,0.0,0.0,1027.0,8228.0,0.0,0.0,0.0,0.0,0.0,1.0,0.0,0.0,0.0,0.0,0.0,0.7000000000000001,0.0,-0.8,0.0,0.0001,16.0,25903.0
2026-07-30T19:00:09.400Z,178.883,178.89600000000002,0.0,7.4,0.0,0.0,0.0,0.0,0.0,0.0,0.0,0.0,1.0,0.0,0.0,0.0,9.0,4.0,0.0,0.0,0.0,0.0,0.0,0.0,0.0,0.0,1.0,12.0,1.0,12.26,5.01,2.5,1.49,0.0,0.0,0.0,0.4,0.0,0.9,-1.7000000000000002,0.3,-169.70000000000002,0.0,0.0,169.8,0.0,21.3,29.8,29.8,30.4,300.0,300.0,31.200000000000003,35.1,29.6,28.9,30.700000000000003,4.95,1.99,4.95,0.16,0.0,0.0,1027.0,8228.0,0.0,0.0,0.0,0.0,0.0,1.0,0.0,0.0,0.0,0.0,0.0,-1.6,0.0,-0.6000000000000001,0.0,0.0,16.0,25903.0
2026-07-30T19:00:09.411Z,178.894,178.90800000000002,0.0,7.4,0.0,0.0,0.0,0.0,0.0,0.0,0.0,0.0,1.0,0.0,0.0,0.0,9.0,4.0,0.0,0.0,0.0,0.0,0.0,0.0,0.0,0.0,2.0,12.0,1.0,12.18,5.0200000000000005,2.5,1.49,0.0,0.0,0.0,0.4,0.0,-0.2,-0.5,-1.3,-169.70000000000002,0.0,0.0,169.70000000000002,0.0,21.4,29.8,29.8,30.4,300.0,300.0,31.200000000000003,35.1,29.6,28.8,30.700000000000003,4.95,1.99,4.96,0.16,0.0,0.0,1027.0,8228.0,0.0,0.0,0.0,0.0,0.0,1.0,0.0,0.0,0.0,0.0,0.0,-1.6,0.0,1.0,0.0,0.0001,16.0,25903.0
2026-07-30T19:00:09.423Z,178.906,178.92000000000002,0.0,7.4,0.0,0.0,0.0,0.0,0.0,0.0,0.0,0.0,1.0,0.0,0.0,0.0,9.0,4.0,0.0,0.0,0.0,0.0,0.0,0.0,0.0,0.0,3.0,12.0,1.0,12.18,5.0200000000000005,2.5,1.49,0.0,0.0,0.0,0.4,0.0,-0.2,0.6000000000000001,-0.1,-169.70000000000002,0.0,0.0,169.70000000000002,0.0,21.4,29.8,29.8,30.4,300.0,300.0,31.200000000000003,35.1,29.6,28.8,30.700000000000003,4.95,1.99,4.96,0.16,0.0,0.0,1027.0,8228.0,0.0,0.0,0.0,0.0,0.0,1.0,0.0,0.0,0.0,0.0,0.0,0.6000000000000001,0.0,0.2,0.0,0.0002,16.0,25903.0
2026-07-30T19:00:09.435Z,178.918,178.93200000000002,0.0,7.4,0.0,0.0,0.0,0.0,0.0,0.0,0.0,0.0,1.0,0.0,0.0,0.0,9.0,4.0,0.0,0.0,0.0,0.0,0.0,0.0,0.0,0.0,5.0,12.0,1.0,12.18,5.0200000000000005,2.5,1.49,0.0,0.0,0.0,0.4,0.0,0.3,-0.5,-0.7000000000000001,-169.70000000000002,0.0,0.0,169.8,0.0,21.4,29.8,29.8,30.4,300.0,300.0,31.200000000000003,35.1,29.6,28.8,30.700000000000003,4.96,1.99,4.97,0.16,0.0,0.0,1027.0,8228.0,0.0,0.0,0.0,0.0,0.0,1.0,0.0,0.0,0.0,0.0,0.0,-1.1,0.0,0.5,0.0,0.0,16.0,25903.0
2026-07-30T19:00:09.448Z,178.931,178.94400000000002,0.0,7.4,0.0,0.0,0.0,0.0,0.0,0.0,0.0,0.0,1.0,0.0,0.0,0.0,9.0,4.0,0.0,0.0,0.0,0.0,0.0,0.0,0.0,0.0,6.0,12.0,1.0,12.18,5.0200000000000005,2.5,1.49,0.0,0.0,0.0,0.4,0.0,-0.2,-1.7000000000000002,0.4,-169.70000000000002,0.0,0.0,169.70000000000002,0.0,21.4,29.8,29.8,30.4,300.0,300.0,31.200000000000003,35.1,29.6,28.8,30.700000000000003,4.95,1.99,4.97,0.16,0.0,0.0,1027.0,8228.0,0.0,0.0,0.0,0.0,0.0,1.0,0.0,0.0,0.0,0.0,0.0,-1.6,0.0,-0.7000000000000001,0.0,0.0,16.0,25903.0
2026-07-30T19:00:09.459Z,178.942,178.95600000000002,0.0,7.4,0.0,0.0,0.0,0.0,0.0,0.0,0.0,0.0,1.0,0.0,0.0,0.0,9.0,4.0,0.0,0.0,0.0,0.0,0.0,0.0,0.0,0.0,1.0,12.0,1.0,12.18,5.0200000000000005,2.5,1.49,0.0,0.0,0.0,0.4,0.0,0.3,0.5,1.0,-169.70000000000002,0.0,0.0,169.8,0.0,21.4,29.8,29.8,30.4,300.0,300.0,31.200000000000003,35.1,29.6,28.8,30.700000000000003,4.95,1.99,4.96,0.16,0.0,0.0,1027.0,8228.0,0.0,0.0,0.0,0.0,0.0,1.0,0.0,0.0,0.0,0.0,0.0,1.4,0.0,-0.8,0.0,0.0,16.0,25903.0
2026-07-30T19:00:09.472Z,178.955,178.96800000000002,0.0,7.4,0.0,0.0,0.0,0.0,0.0,0.0,0.0,0.0,1.0,0.0,0.0,0.0,9.0,4.0,0.0,0.0,0.0,0.0,0.0,0.0,0.0,0.0,2.0,12.0,1.0,12.18,5.0200000000000005,2.5,1.49,0.0,0.1,0.0,0.4,0.0,-0.2,0.5,-0.6000000000000001,-169.70000000000002,0.0,0.0,169.70000000000002,0.0,21.4,29.8,29.8,30.4,300.0,300.0,31.200000000000003,35.1,29.6,28.8,30.700000000000003,4.95,1.99,4.96,0.16,0.0,0.0,1027.0,8228.0,0.0,0.0,0.0,0.0,0.0,1.0,0.0,0.0,0.0,0.0,0.0,0.1,0.0,0.7000000000000001,0.0,0.0,16.0,25903.0
2026-07-30T19:00:09.483Z,178.966,178.98,0.0,7.4,0.0,0.0,0.0,0.0,0.0,0.0,0.0,0.0,1.0,0.0,0.0,0.0,9.0,4.0,0.0,0.0,0.0,0.0,0.0,0.0,0.0,0.0,3.0,12.0,1.0,12.18,5.0200000000000005,2.5,1.49,0.0,0.0,0.0,0.4,0.0,-0.8,0.6000000000000001,1.0,-169.70000000000002,0.0,0.0,169.70000000000002,0.0,21.4,29.8,29.8,30.4,300.0,300.0,31.200000000000003,35.1,29.6,28.8,30.700000000000003,4.95,1.99,4.97,0.16,0.0,0.0,1027.0,8228.0,0.0,0.0,0.0,0.0,0.0,1.0,0.0,0.0,0.0,0.0,0.0,1.4,0.0,-0.7000000000000001,0.0,0.0001,16.0,25903.0
2026-07-30T19:00:09.496Z,178.979,178.992,0.0,7.4,0.0,0.0,0.0,0.0,0.0,0.0,0.0,0.0,1.0,0.0,0.0,0.0,9.0,4.0,0.0,0.0,0.0,0.0,0.0,0.0,0.0,0.0,4.0,12.0,1.0,12.18,5.0200000000000005,2.5,1.49,0.0,0.0,0.0,0.4,0.0,0.3,0.0,0.4,-169.70000000000002,0.0,0.0,169.70000000000002,0.0,21.4,29.8,29.8,30.4,300.0,300.0,31.200000000000003,35.1,29.6,28.8,30.700000000000003,4.95,1.99,4.96,0.16,0.0,0.0,1027.0,8228.0,0.0,0.0,0.0,0.0,0.0,1.0,0.0,0.0,0.0,0.0,0.0,0.3,0.0,-0.3,0.0,0.0,16.0,25903.0
2026-07-30T19:00:09.509Z,178.992,179.004,0.0,7.4,0.0,0.0,0.0,0.0,0.0,0.0,0.0,0.0,1.0,0.0,0.0,0.0,9.0,4.0,0.0,0.0,0.0,0.0,0.0,0.0,0.0,0.0,6.0,12.0,1.0,12.15,5.01,2.5,1.49,0.0,0.0,0.0,0.4,0.0,0.9,1.2000000000000002,-0.1,-169.70000000000002,0.0,0.0,169.70000000000002,0.0,21.4,29.8,29.8,30.4,300.0,300.0,31.200000000000003,35.0,29.6,28.8,30.700000000000003,4.95,1.99,4.96,0.16,0.0,0.0,1027.0,8228.0,0.0,0.0,0.0,0.0,0.0,1.0,0.0,0.0,0.0,0.0,0.0,1.2000000000000002,0.0,0.3,0.0,0.0001,16.0,25903.0
2026-07-30T19:00:09.519Z,179.002,179.016,0.0,7.4,0.0,0.0,0.0,0.0,0.0,0.0,0.0,0.0,1.0,0.0,0.0,0.0,9.0,4.0,0.0,0.0,0.0,0.0,0.0,0.0,0.0,0.0,1.0,12.0,1.0,12.15,5.01,2.5,1.49,0.0,0.0,0.0,0.4,0.0,-0.8,-0.5,-1.2000000000000002,-169.70000000000002,0.0,0.0,169.70000000000002,0.0,21.4,29.8,29.8,30.4,300.0,300.0,31.200000000000003,35.0,29.6,28.8,30.700000000000003,4.95,1.99,4.96,0.16,0.0,0.0,1027.0,8228.0,0.0,0.0,0.0,0.0,0.0,1.0,0.0,0.0,0.0,0.0,0.0,-1.5,0.0,1.0,0.0,0.0,16.0,25903.0
2026-07-30T19:00:09.531Z,179.014,179.028,0.0,7.4,0.0,0.0,0.0,0.0,0.0,0.0,0.0,0.0,1.0,0.0,0.0,0.0,9.0,4.0,0.0,0.0,0.0,0.0,0.0,0.0,0.0,0.0,2.0,12.0,1.0,12.15,5.01,2.5,1.49,0.0,0.0,0.0,0.4,0.0,0.3,0.0,0.0,-169.70000000000002,0.0,0.0,169.8,0.0,21.4,29.8,29.8,30.4,300.0,300.0,31.200000000000003,35.0,29.6,28.8,30.700000000000003,4.96,1.99,4.97,0.16,0.0,0.0,1027.0,8228.0,0.0,0.0,0.0,0.0,0.0,1.0,0.0,0.0,0.0,0.0,0.0,0.0,0.0,0.0,0.0,0.0001,16.0,25903.0
2026-07-30T19:00:09.543Z,179.026,179.04,0.0,7.4,0.0,0.0,0.0,0.0,0.0,0.0,0.0,0.0,1.0,0.0,0.0,0.0,9.0,4.0,0.0,0.0,0.0,0.0,0.0,0.0,0.0,0.0,3.0,12.0,1.0,12.15,5.01,2.5,1.49,0.0,0.0,0.0,0.4,0.0,0.3,-0.5,1.1,-169.70000000000002,0.0,0.0,169.70000000000002,0.0,21.4,29.8,29.8,30.4,300.0,300.0,31.200000000000003,35.0,29.6,28.8,30.700000000000003,4.96,1.99,4.96,0.16,0.0,0.0,1027.0,8228.0,0.0,0.0,0.0,0.0,0.0,1.0,0.0,0.0,0.0,0.0,0.0,0.1,0.0,-1.0,0.0,0.0002,16.0,25903.0
2026-07-30T19:00:09.556Z,179.039,179.052,0.0,7.4,0.0,0.0,0.0,0.0,0.0,0.0,0.0,0.0,1.0,0.0,0.0,0.0,9.0,4.0,0.0,0.0,0.0,0.0,0.0,0.0,0.0,0.0,4.0,12.0,1.0,12.15,5.01,2.5,1.49,0.0,0.0,0.0,0.4,0.0,-0.2,0.6000000000000001,0.0,-169.70000000000002,0.0,0.0,169.70000000000002,0.0,21.4,29.8,29.8,30.4,300.0,300.0,31.200000000000003,35.0,29.6,28.8,30.700000000000003,4.96,1.99,4.97,0.16,0.0,0.0,1027.0,8228.0,0.0,0.0,0.0,0.0,0.0,1.0,0.0,0.0,0.0,0.0,0.0,0.6000000000000001,0.0,0.2,0.0,0.0001,16.0,25903.0
2026-07-30T19:00:09.568Z,179.051,179.064,0.0,7.4,0.0,0.0,0.0,0.0,0.0,0.0,0.0,0.0,1.0,0.0,0.0,0.0,9.0,4.0,0.0,0.0,0.0,0.0,0.0,0.0,0.0,0.0,5.0,12.0,1.0,12.15,5.01,2.5,1.49,0.0,0.0,0.0,0.4,0.0,-0.8,0.0,0.4,-169.70000000000002,0.0,0.0,169.8,0.0,21.4,29.8,29.8,30.4,300.0,300.0,31.200000000000003,35.0,29.6,28.8,30.700000000000003,4.95,2.0,4.97,0.16,0.0,0.0,1027.0,8228.0,0.0,0.0,0.0,0.0,0.0,1.0,0.0,0.0,0.0,0.0,0.0,0.4,0.0,-0.4,0.0,0.0001,16.0,25903.0
2026-07-30T19:00:09.580Z,179.063,179.076,0.0,7.4,0.0,0.0,0.0,0.0,0.0,0.0,0.0,0.0,1.0,0.0,0.0,0.0,9.0,4.0,0.0,0.0,0.0,0.0,0.0,0.0,0.0,0.0,6.0,12.0,1.0,12.15,5.01,2.5,1.49,0.0,0.0,0.0,0.4,0.0,0.3,0.5,1.6,-169.70000000000002,0.0,0.0,169.8,0.0,21.4,29.8,29.8,30.4,300.0,300.0,31.200000000000003,35.0,29.6,28.8,30.700000000000003,4.96,2.0,4.96,0.16,0.0,0.0,1027.0,8228.0,0.0,0.0,0.0,0.0,0.0,1.0,0.0,0.0,0.0,0.0,0.0,1.8,0.0,-1.3,0.0,0.0,16.0,25903.0
2026-07-30T19:00:09.594Z,179.077,179.088,0.0,7.4,0.0,0.0,0.0,0.0,0.0,0.0,0.0,0.0,1.0,0.0,0.0,0.0,9.0,4.0,0.0,0.0,0.0,0.0,0.0,0.0,0.0,0.0,6.0,12.0,1.0,12.15,5.01,2.5,1.49,0.0,0.0,0.0,0.4,0.0,-0.2,-1.1,-0.1,-169.70000000000002,0.0,0.0,169.8,0.0,21.4,29.8,29.8,30.4,300.0,300.0,31.200000000000003,35.0,29.6,28.8,30.700000000000003,4.95,1.99,4.97,0.16,0.0,0.0,1027.0,8228.0,0.0,0.0,0.0,0.0,0.0,1.0,0.0,0.0,0.0,0.0,0.0,-1.4,0.0,-0.1,0.0,0.0001,16.0,25903.0
2026-07-30T19:00:09.603Z,179.086,179.1,0.0,7.4,0.0,0.0,0.0,0.0,0.0,0.0,0.0,0.0,1.0,0.0,0.0,0.0,9.0,4.0,0.0,0.0,0.0,0.0,0.0,0.0,0.0,0.0,4.0,12.0,1.0,12.15,5.01,2.5,1.49,0.0,0.1,0.0,0.5,0.0,0.3,1.2000000000000002,-0.1,-169.70000000000002,0.0,0.0,169.70000000000002,0.0,21.4,29.8,29.8,30.4,300.0,300.0,31.200000000000003,35.0,29.6,28.8,30.700000000000003,4.95,1.99,4.97,0.16,0.0,0.0,1027.0,8228.0,0.0,0.0,0.0,0.0,0.0,1.0,0.0,0.0,0.0,0.0,0.0,1.3,0.0,0.3,0.0,0.0001,16.0,25903.0
2026-07-30T19:00:09.615Z,179.098,179.112,0.0,7.4,0.0,0.0,0.0,0.0,0.0,0.0,0.0,0.0,1.0,0.0,0.0,0.0,9.0,4.0,0.0,0.0,0.0,0.0,0.0,0.0,0.0,0.0,6.0,12.0,1.0,12.17,5.0200000000000005,2.51,1.49,0.0,0.0,0.0,0.5,0.0,0.3,-1.1,-0.7000000000000001,-169.70000000000002,0.0,0.0,169.70000000000002,0.0,21.4,29.8,29.8,30.4,300.0,300.0,31.200000000000003,35.0,29.6,28.8,30.700000000000003,4.96,2.0,4.97,0.16,0.0,0.0,1027.0,8228.0,0.0,0.0,0.0,0.0,0.0,1.0,0.0,0.0,0.0,0.0,0.0,-1.8,0.0,0.4,0.0,0.0001,16.0,25903.0
2026-07-30T19:00:09.627Z,179.11,179.124,0.0,7.4,0.0,0.0,0.0,0.0,0.0,0.0,0.0,0.0,1.0,0.0,0.0,0.0,9.0,4.0,0.0,0.0,0.0,0.0,0.0,0.0,0.0,0.0,6.0,12.0,1.0,12.17,5.0200000000000005,2.51,1.49,0.0,0.0,0.0,0.4,0.0,-0.2,-0.5,0.3,-169.70000000000002,0.0,0.0,169.8,0.0,21.4,29.8,29.8,30.4,300.0,300.0,31.200000000000003,35.0,29.6,28.8,30.700000000000003,4.96,2.0,4.96,0.16,0.0,0.0,1027.0,8228.0,0.0,0.0,0.0,0.0,0.0,1.0,0.0,0.0,0.0,0.0,0.0,-0.3,0.0,-0.4,0.0,0.0002,16.0,25903.0
2026-07-30T19:00:09.639Z,179.122,179.136,0.0,7.4,0.0,0.0,0.0,0.0,0.0,0.0,0.0,0.0,1.0,0.0,0.0,0.0,9.0,4.0,0.0,0.0,0.0,0.0,0.0,0.0,0.0,0.0,2.0,12.0,1.0,12.17,5.0200000000000005,2.51,1.49,0.0,0.0,0.0,0.5,0.0,-0.2,-1.1,-0.2,-169.70000000000002,0.0,0.0,169.8,0.0,21.4,29.8,29.8,30.4,300.0,300.0,31.200000000000003,35.0,29.6,28.8,30.700000000000003,4.95,1.99,4.97,0.16,0.0,0.0,1027.0,8228.0,0.0,0.0,0.0,0.0,0.0,1.0,0.0,0.0,0.0,0.0,0.0,-1.4,0.0,0.0,0.0,0.0002,16.0,25903.0
2026-07-30T19:00:09.651Z,179.134,179.148,0.0,7.4,0.0,0.0,0.0,0.0,0.0,0.0,0.0,0.0,1.0,0.0,0.0,0.0,9.0,4.0,0.0,0.0,0.0,0.0,0.0,0.0,0.0,0.0,3.0,12.0,1.0,12.17,5.0200000000000005,2.51,1.49,0.0,0.0,0.0,0.4,0.0,-0.8,-0.4,-0.7000000000000001,-169.70000000000002,0.0,0.0,169.70000000000002,0.0,21.4,29.8,29.8,30.4,300.0,300.0,31.200000000000003,35.0,29.6,28.8,30.700000000000003,4.95,1.99,4.96,0.16,0.0,0.0,1027.0,8228.0,0.0,0.0,0.0,0.0,0.0,1.0,0.0,0.0,0.0,0.0,0.0,-1.1,0.0,0.5,0.0,0.0001,16.0,25903.0
2026-07-30T19:00:09.663Z,179.146,179.16,0.0,7.4,0.0,0.0,0.0,0.0,0.0,0.0,0.0,0.0,1.0,0.0,0.0,0.0,9.0,4.0,0.0,0.0,0.0,0.0,0.0,0.0,0.0,0.0,4.0,12.0,1.0,12.17,5.0200000000000005,2.51,1.49,0.0,0.1,0.0,0.4,0.0,-0.2,0.7000000000000001,-0.1,-169.70000000000002,0.0,0.0,169.8,0.0,21.4,29.8,29.8,30.4,300.0,300.0,31.200000000000003,35.0,29.6,28.8,30.700000000000003,4.96,2.0,4.96,0.16,0.0,0.0,1027.0,8228.0,0.0,0.0,0.0,0.0,0.0,1.0,0.0,0.0,0.0,0.0,0.0,0.7000000000000001,0.0,0.2,0.0,0.0,16.0,25903.0
2026-07-30T19:00:09.675Z,179.158,179.172,0.0,7.4,0.0,0.0,0.0,0.0,0.0,0.0,0.0,0.0,1.0,0.0,0.0,0.0,9.0,4.0,0.0,0.0,0.0,0.0,0.0,0.0,0.0,0.0,5.0,12.0,1.0,12.17,5.0200000000000005,2.51,1.49,0.0,0.0,0.0,0.4,0.0,0.3,0.7000000000000001,0.5,-169.70000000000002,0.0,0.0,169.60000000000002,0.0,21.4,29.8,29.8,30.4,300.0,300.0,31.200000000000003,35.0,29.6,28.8,30.700000000000003,4.95,2.0,4.96,0.16,0.0,0.0,1027.0,8228.0,0.0,0.0,0.0,0.0,0.0,1.0,0.0,0.0,0.0,0.0,0.0,1.2000000000000002,0.0,-0.3,0.0,0.0001,16.0,25903.0
2026-07-30T19:00:09.687Z,179.17,179.184,0.0,7.4,0.0,0.0,0.0,0.0,0.0,0.0,0.0,0.0,1.0,0.0,0.0,0.0,9.0,4.0,0.0,0.0,0.0,0.0,0.0,0.0,0.0,0.0,1.0,12.0,1.0,12.17,5.0200000000000005,2.51,1.49,0.0,0.0,0.0,0.4,0.0,-0.8,-0.4,1.6,-169.70000000000002,0.0,0.0,169.8,0.0,21.4,29.8,29.8,30.4,300.0,300.0,31.200000000000003,35.0,29.6,28.8,30.700000000000003,4.95,1.99,4.97,0.16,0.0,0.0,1027.0,8228.0,0.0,0.0,0.0,0.0,0.0,1.0,0.0,0.0,0.0,0.0,0.0,0.6000000000000001,0.0,-1.5,0.0,0.0002,16.0,25903.0
2026-07-30T19:00:09.700Z,179.183,179.196,0.0,7.4,0.0,0.0,0.0,0.0,0.0,0.0,0.0,0.0,1.0,0.0,0.0,0.0,9.0,4.0,0.0,0.0,0.0,0.0,0.0,0.0,0.0,0.0,2.0,12.0,1.0,12.17,5.0200000000000005,2.51,1.49,0.0,0.1,0.0,0.4,0.0,0.3,-0.4,-1.2000000000000002,-169.70000000000002,0.0,0.0,169.70000000000002,0.0,21.4,29.8,29.8,30.4,300.0,300.0,31.200000000000003,35.0,29.6,28.8,30.700000000000003,4.95,1.99,4.96,0.16,0.0,0.0,1027.0,8228.0,0.0,0.0,0.0,0.0,0.0,1.0,0.0,0.0,0.0,0.0,0.0,-1.4,0.0,1.0,0.0,0.0,16.0,25903.0
2026-07-30T19:00:09.713Z,179.196,179.208,0.0,7.4,0.0,0.0,0.0,0.0,0.0,0.0,0.0,0.0,1.0,0.0,0.0,0.0,9.0,4.0,0.0,0.0,0.0,0.0,0.0,0.0,0.0,0.0,4.0,12.0,1.0,12.17,5.01,2.5,1.49,0.0,0.0,0.0,0.4,0.0,-0.2,-0.4,-1.2000000000000002,-169.70000000000002,0.0,0.0,169.70000000000002,0.0,21.4,29.8,29.8,30.4,300.0,300.0,31.200000000000003,35.1,29.6,28.8,30.700000000000003,4.96,1.99,4.96,0.16,0.0,0.0,1027.0,8228.0,0.0,0.0,0.0,0.0,0.0,1.0,0.0,0.0,0.0,0.0,0.0,-1.4,0.0,1.0,0.0,0.0001,16.0,25903.0
2026-07-30T19:00:09.723Z,179.206,179.22,0.0,7.4,0.0,0.0,0.0,0.0,0.0,0.0,0.0,0.0,1.0,0.0,0.0,0.0,9.0,4.0,0.0,0.0,0.0,0.0,0.0,0.0,0.0,0.0,5.0,12.0,1.0,12.17,5.01,2.5,1.49,0.0,0.0,0.0,0.4,0.0,-0.1,0.1,0.5,-169.70000000000002,0.0,0.0,169.70000000000002,0.0,21.4,29.8,29.8,30.4,300.0,300.0,31.200000000000003,35.1,29.6,28.8,30.700000000000003,4.95,1.99,4.97,0.16,0.0,0.0,1027.0,8228.0,0.0,0.0,0.0,0.0,0.0,1.0,0.0,0.0,0.0,0.0,0.0,0.5,0.0,-0.4,0.0,0.0,16.0,25903.0
2026-07-30T19:00:09.735Z,179.218,179.232,0.0,7.4,0.0,0.0,0.0,0.0,0.0,0.0,0.0,0.0,1.0,0.0,0.0,0.0,9.0,4.0,0.0,0.0,0.0,0.0,0.0,0.0,0.0,0.0,6.0,12.0,1.0,12.17,5.01,2.5,1.49,0.0,0.0,0.0,0.4,0.0,-0.2,-1.0,0.0,-169.70000000000002,0.0,0.0,169.8,0.0,21.4,29.8,29.8,30.4,300.0,300.0,31.200000000000003,35.1,29.6,28.8,30.700000000000003,4.96,1.99,4.96,0.16,0.0,0.0,1027.0,8228.0,0.0,0.0,0.0,0.0,0.0,1.0,0.0,0.0,0.0,0.0,0.0,-1.2000000000000002,0.0,-0.1,0.0,0.0001,16.0,25903.0
2026-07-30T19:00:09.747Z,179.23,179.244,0.0,7.4,0.0,0.0,0.0,0.0,0.0,0.0,0.0,0.0,1.0,0.0,0.0,0.0,9.0,4.0,0.0,0.0,0.0,0.0,0.0,0.0,0.0,0.0,1.0,12.0,1.0,12.17,5.01,2.5,1.49,0.0,0.0,0.0,0.4,0.0,0.3,0.0,1.0,-169.70000000000002,0.0,0.0,169.70000000000002,0.0,21.4,29.8,29.8,30.4,300.0,300.0,31.200000000000003,35.1,29.6,28.8,30.700000000000003,4.96,1.99,4.96,0.16,0.0,0.0,1027.0,8228.0,0.0,0.0,0.0,0.0,0.0,1.0,0.0,0.0,0.0,0.0,0.0,0.8,0.0,-0.9,0.0,0.0001,16.0,25903.0
2026-07-30T19:00:09.760Z,179.243,179.256,0.0,7.4,0.0,0.0,0.0,0.0,0.0,0.0,0.0,0.0,1.0,0.0,0.0,0.0,9.0,4.0,0.0,0.0,0.0,0.0,0.0,0.0,0.0,0.0,2.0,12.0,1.0,12.17,5.01,2.5,1.49,0.0,0.1,0.0,0.4,0.0,0.3,0.6000000000000001,-1.2000000000000002,-169.70000000000002,0.0,0.0,169.8,0.0,21.4,29.8,29.8,30.4,300.0,300.0,31.200000000000003,35.1,29.6,28.8,30.700000000000003,4.95,1.99,4.96,0.16,0.0,0.0,1027.0,8228.0,0.0,0.0,0.0,0.0,0.0,1.0,0.0,0.0,0.0,0.0,0.0,-0.2,0.0,1.2000000000000002,0.0,0.0002,16.0,25903.0
2026-07-30T19:00:09.771Z,179.254,179.268,0.0,7.4,0.0,0.0,0.0,0.0,0.0,0.0,0.0,0.0,1.0,0.0,0.0,0.0,9.0,4.0,0.0,0.0,0.0,0.0,0.0,0.0,0.0,0.0,3.0,12.0,1.0,12.17,5.01,2.5,1.49,0.0,0.0,0.0,0.5,0.0,-0.8,-1.1,1.0,-169.70000000000002,0.0,0.0,169.8,0.0,21.4,29.8,29.8,30.4,300.0,300.0,31.200000000000003,35.1,29.6,28.8,30.700000000000003,4.95,1.99,4.97,0.16,0.0,0.0,1027.0,8228.0,0.0,0.0,0.0,0.0,0.0,1.0,0.0,0.0,0.0,0.0,0.0,-0.4,0.0,-1.1,0.0,0.0001,16.0,25903.0
2026-07-30T19:00:09.784Z,179.267,179.28,0.0,7.4,0.0,0.0,0.0,0.0,0.0,0.0,0.0,0.0,1.0,0.0,0.0,0.0,9.0,4.0,0.0,0.0,0.0,0.0,0.0,0.0,0.0,0.0,4.0,12.0,1.0,12.17,5.01,2.5,1.49,0.0,0.0,0.0,0.4,0.0,-0.2,0.0,0.4,-169.70000000000002,0.0,0.0,169.70000000000002,0.0,21.4,29.8,29.8,30.4,300.0,300.0,31.200000000000003,35.1,29.6,28.8,30.700000000000003,4.96,1.99,4.96,0.16,0.0,0.0,1027.0,8228.0,0.0,0.0,0.0,0.0,0.0,1.0,0.0,0.0,0.0,0.0,0.0,0.3,0.0,-0.3,0.0,0.0,16.0,25903.0
2026-07-30T19:00:09.796Z,179.279,179.292,0.0,7.4,0.0,0.0,0.0,0.0,0.0,0.0,0.0,0.0,1.0,0.0,0.0,0.0,9.0,4.0,0.0,0.0,0.0,0.0,0.0,0.0,0.0,0.0,5.0,12.0,1.0,12.17,5.01,2.5,1.49,0.0,0.0,0.0,0.4,0.0,0.2,0.6000000000000001,-0.7000000000000001,-169.70000000000002,0.0,0.0,169.70000000000002,0.0,21.4,29.8,29.8,30.4,300.0,300.0,31.200000000000003,35.1,29.6,28.8,30.700000000000003,4.96,1.99,4.97,0.16,0.0,0.0,1027.0,8228.0,0.0,0.0,0.0,0.0,0.0,1.0,0.0,0.0,0.0,0.0,0.0,1.2000000000000002,0.0,0.4,0.0,0.0001,16.0,25903.0
2026-07-30T19:00:09.807Z,179.29,179.304,0.0,7.4,0.0,0.0,0.0,0.0,0.0,0.0,0.0,0.0,1.0,0.0,0.0,0.0,9.0,4.0,0.0,0.0,0.0,0.0,0.0,0.0,0.0,0.0,6.0,12.0,1.0,12.17,5.01,2.5,1.49,0.0,0.0,0.0,0.4,0.0,-0.9,-0.5,-0.2,-169.70000000000002,0.0,0.0,169.8,0.0,21.4,29.8,29.8,30.4,300.0,300.0,31.200000000000003,35.1,29.6,28.8,30.700000000000003,4.95,1.99,4.97,0.16,0.0,0.0,1027.0,8228.0,0.0,0.0,0.0,0.0,0.0,1.0,0.0,0.0,0.0,0.0,0.0,-0.1,0.0,0.2,0.0,0.0,16.0,25903.0
2026-07-30T19:00:09.820Z,179.303,179.316,0.0,7.4,0.0,0.0,0.0,0.0,0.0,0.0,0.0,0.0,1.0,0.0,0.0,0.0,9.0,4.0,0.0,0.0,0.0,0.0,0.0,0.0,0.0,0.0,1.0,12.0,1.0,12.18,5.0200000000000005,2.5,1.49,0.0,0.0,0.0,0.4,0.0,-0.3,-0.5,0.3,-169.70000000000002,0.0,0.0,169.60000000000002,0.0,21.700000000000003,29.8,29.8,30.4,300.0,300.0,31.200000000000003,35.1,29.6,28.8,30.700000000000003,4.96,1.99,4.96,0.16,0.0,0.0,1027.0,8228.0,0.0,0.0,0.0,0.0,0.0,1.0,0.0,0.0,0.0,0.0,0.0,0.7000000000000001,0.0,-0.8,0.0,0.0002,16.0,25903.0
2026-07-30T19:00:09.831Z,179.314,179.328,0.0,7.4,0.0,0.0,0.0,0.0,0.0,0.0,0.0,0.0,1.0,0.0,0.0,0.0,9.0,4.0,0.0,0.0,0.0,0.0,0.0,0.0,0.0,0.0,3.0,12.0,1.0,12.18,5.0200000000000005,2.5,1.49,0.0,0.0,0.0,0.4,0.0,0.8,0.0,-0.7000000000000001,-169.70000000000002,0.0,0.0,169.70000000000002,0.0,21.700000000000003,29.8,29.8,30.4,300.0,300.0,31.200000000000003,35.1,29.6,28.8,30.700000000000003,4.95,1.99,4.97,0.16,0.0,0.0,1027.0,8228.0,0.0,0.0,0.0,0.0,0.0,1.0,0.0,0.0,0.0,0.0,0.0,-0.5,0.0,0.6000000000000001,0.0,0.0001,16.0,25903.0
2026-07-30T19:00:09.843Z,179.326,179.34,0.0,7.4,0.0,0.0,0.0,0.0,0.0,0.0,0.0,0.0,1.0,0.0,0.0,0.0,9.0,4.0,0.0,0.0,0.0,0.0,0.0,0.0,0.0,0.0,4.0,12.0,1.0,12.18,5.0200000000000005,2.5,1.49,0.0,0.1,0.0,0.4,0.0,0.2,0.0,0.4,-169.70000000000002,0.0,0.0,169.70000000000002,0.0,21.700000000000003,29.8,29.8,30.4,300.0,300.0,31.200000000000003,35.1,29.6,28.8,30.700000000000003,4.95,1.99,4.97,0.16,0.0,0.0,1027.0,8228.0,0.0,0.0,0.0,0.0,0.0,1.0,0.0,0.0,0.0,0.0,0.0,0.2,0.0,-0.3,0.0,0.0,16.0,25903.0
2026-07-30T19:00:09.855Z,179.338,179.352,0.0,7.4,0.0,0.0,0.0,0.0,0.0,0.0,0.0,0.0,1.0,0.0,0.0,0.0,9.0,4.0,0.0,0.0,0.0,0.0,0.0,0.0,0.0,0.0,5.0,12.0,1.0,12.18,5.0200000000000005,2.5,1.49,0.0,0.0,0.0,0.4,0.0,-0.8,-0.5,0.4,-169.70000000000002,0.0,0.0,169.8,0.0,21.700000000000003,29.8,29.8,30.4,300.0,300.0,31.200000000000003,35.1,29.6,28.8,30.700000000000003,4.95,1.99,4.97,0.16,0.0,0.0,1027.0,8228.0,0.0,0.0,0.0,0.0,0.0,1.0,0.0,0.0,0.0,0.0,0.0,-0.3,0.0,-0.4,0.0,0.0,16.0,25903.0
2026-07-30T19:00:09.867Z,179.35,179.364,0.0,7.4,0.0,0.0,0.0,0.0,0.0,0.0,0.0,0.0,1.0,0.0,0.0,0.0,9.0,4.0,0.0,0.0,0.0,0.0,0.0,0.0,0.0,0.0,6.0,12.0,1.0,12.18,5.0200000000000005,2.5,1.49,0.0,0.0,0.0,0.5,0.0,-0.3,1.1,2.1,-169.70000000000002,0.0,0.0,169.70000000000002,0.0,21.700000000000003,29.8,29.8,30.4,300.0,300.0,31.200000000000003,35.1,29.6,28.8,30.700000000000003,4.96,1.99,4.96,0.15,0.0,0.0,1027.0,8228.0,0.0,0.0,0.0,0.0,0.0,1.0,0.0,0.0,0.0,0.0,0.0,2.9000000000000004,0.0,-1.6,0.0,0.0002,16.0,25903.0
2026-07-30T19:00:09.879Z,179.362,179.376,0.0,7.4,0.0,0.0,0.0,0.0,0.0,0.0,0.0,0.0,1.0,0.0,0.0,0.0,9.0,4.0,0.0,0.0,0.0,0.0,0.0,0.0,0.0,0.0,1.0,12.0,1.0,12.18,5.0200000000000005,2.5,1.49,0.0,0.0,0.0,0.5,0.0,-0.9,-1.1,-0.1,-169.70000000000002,0.0,0.0,169.70000000000002,0.0,21.700000000000003,29.8,29.8,30.4,300.0,300.0,31.200000000000003,35.1,29.6,28.8,30.700000000000003,4.95,1.99,4.97,0.15,0.0,0.0,1027.0,8228.0,0.0,0.0,0.0,0.0,0.0,1.0,0.0,0.0,0.0,0.0,0.0,-1.4,0.0,0.0,0.0,0.0,16.0,25903.0
2026-07-30T19:00:09.891Z,179.374,179.388,0.0,7.4,0.0,0.0,0.0,0.0,0.0,0.0,0.0,0.0,1.0,0.0,0.0,0.0,9.0,4.0,0.0,0.0,0.0,0.0,0.0,0.0,0.0,0.0,2.0,12.0,1.0,12.18,5.0200000000000005,2.5,1.49,0.0,0.0,0.0,0.4,0.0,0.2,0.0,-0.1,-169.70000000000002,0.0,0.0,169.8,0.0,21.700000000000003,29.8,29.8,30.4,300.0,300.0,31.200000000000003,35.1,29.6,28.8,30.700000000000003,4.95,1.99,4.97,0.16,0.0,0.0,1027.0,8228.0,0.0,0.0,0.0,0.0,0.0,1.0,0.0,0.0,0.0,0.0,0.0,-0.1,0.0,0.1,0.0,0.0,16.0,25903.0
2026-07-30T19:00:09.905Z,179.388,179.4,0.0,7.4,0.0,0.0,0.0,0.0,0.0,0.0,0.0,0.0,1.0,0.0,0.0,0.0,9.0,4.0,0.0,0.0,0.0,0.0,0.0,0.0,0.0,0.0,2.0,12.0,1.0,12.18,5.0200000000000005,2.5,1.49,0.0,0.1,0.0,0.4,0.0,-0.3,0.0,-1.3,-169.70000000000002,0.0,0.0,169.70000000000002,0.0,21.700000000000003,29.8,29.8,30.4,300.0,300.0,31.200000000000003,35.1,29.6,28.8,30.700000000000003,4.96,1.99,4.97,0.16,0.0,0.0,1027.0,8228.0,0.0,0.0,0.0,0.0,0.0,1.0,0.0,0.0,0.0,0.0,0.0,-1.0,0.0,1.1,0.0,0.0001,16.0,25903.0
2026-07-30T19:00:09.916Z,179.399,179.412,0.0,7.4,0.0,0.0,0.0,0.0,0.0,0.0,0.0,0.0,1.0,0.0,0.0,0.0,9.0,4.0,0.0,0.0,0.0,0.0,0.0,0.0,0.0,0.0,1.0,12.0,1.0,12.15,5.0200000000000005,2.51,1.49,0.0,0.0,0.0,0.5,0.0,-0.3,0.5,-0.1,-169.70000000000002,0.0,0.0,169.70000000000002,0.0,21.700000000000003,29.8,29.8,30.4,300.0,300.0,31.1,35.1,29.6,28.8,30.700000000000003,4.95,1.99,4.97,0.16,0.0,0.0,1027.0,8228.0,0.0,0.0,0.0,0.0,0.0,1.0,0.0,0.0,0.0,0.0,0.0,0.4,0.0,0.2,0.0,0.0003,16.0,25903.0
2026-07-30T19:00:09.927Z,179.41,179.424,0.0,7.4,0.0,0.0,0.0,0.0,0.0,0.0,0.0,0.0,1.0,0.0,0.0,0.0,9.0,4.0,0.0,0.0,0.0,0.0,0.0,0.0,0.0,0.0,2.0,12.0,1.0,12.15,5.0200000000000005,2.51,1.49,0.0,0.0,0.0,0.5,0.0,-0.9,-0.6000000000000001,0.4,-169.70000000000002,0.0,0.0,169.8,0.0,21.700000000000003,29.8,29.8,30.4,300.0,300.0,31.1,35.1,29.6,28.8,30.700000000000003,4.95,1.99,4.97,0.16,0.0,0.0,1027.0,8228.0,0.0,0.0,0.0,0.0,0.0,1.0,0.0,0.0,0.0,0.0,0.0,-0.4,0.0,-0.4,0.0,0.0001,16.0,25903.0
2026-07-30T19:00:09.939Z,179.422,179.436,0.0,7.4,0.0,0.0,0.0,0.0,0.0,0.0,0.0,0.0,1.0,0.0,0.0,0.0,9.0,4.0,0.0,0.0,0.0,0.0,0.0,0.0,0.0,0.0,3.0,12.0,1.0,12.15,5.0200000000000005,2.51,1.49,0.0,0.0,0.0,0.4,0.0,-0.9,0.0,0.4,-169.70000000000002,0.0,0.0,169.70000000000002,0.0,21.700000000000003,29.8,29.8,30.4,300.0,300.0,31.1,35.1,29.6,28.8,30.700000000000003,4.95,2.0,4.96,0.16,0.0,0.0,1027.0,8228.0,0.0,0.0,0.0,0.0,0.0,1.0,0.0,0.0,0.0,0.0,0.0,0.2,0.0,-0.3,0.0,0.0002,16.0,25903.0
2026-07-30T19:00:09.952Z,179.435,179.448,0.0,7.4,0.0,0.0,0.0,0.0,0.0,0.0,0.0,0.0,1.0,0.0,0.0,0.0,9.0,4.0,0.0,0.0,0.0,0.0,0.0,0.0,0.0,0.0,4.0,12.0,1.0,12.15,5.0200000000000005,2.51,1.49,0.0,0.0,0.0,0.4,0.0,-0.2,0.0,1.5,-169.70000000000002,0.0,0.0,169.8,0.0,21.700000000000003,29.8,29.8,30.4,300.0,300.0,31.1,35.1,29.6,28.8,30.700000000000003,4.96,1.99,4.96,0.16,0.0,0.0,1027.0,8228.0,0.0,0.0,0.0,0.0,0.0,1.0,0.0,0.0,0.0,0.0,0.0,1.1,0.0,-1.4,0.0,0.0,16.0,25903.0
2026-07-30T19:00:09.964Z,179.447,179.46,0.0,7.4,0.0,0.0,0.0,0.0,0.0,0.0,0.0,0.0,1.0,0.0,0.0,0.0,9.0,4.0,0.0,0.0,0.0,0.0,0.0,0.0,0.0,0.0,5.0,12.0,1.0,12.15,5.0200000000000005,2.51,1.49,0.0,0.0,0.0,0.5,0.0,0.3,0.5,-0.7000000000000001,-169.70000000000002,0.0,0.0,169.8,0.0,21.700000000000003,29.8,29.8,30.4,300.0,300.0,31.1,35.1,29.6,28.8,30.700000000000003,4.95,1.99,4.97,0.16,0.0,0.0,1027.0,8228.0,0.0,0.0,0.0,0.0,0.0,1.0,0.0,0.0,0.0,0.0,0.0,0.0,0.0,0.7000000000000001,0.0,0.0,16.0,25903.0
2026-07-30T19:00:09.976Z,179.459,179.472,0.0,7.4,0.0,0.0,0.0,0.0,0.0,0.0,0.0,0.0,1.0,0.0,0.0,0.0,9.0,4.0,0.0,0.0,0.0,0.0,0.0,0.0,0.0,0.0,6.0,12.0,1.0,12.15,5.0200000000000005,2.51,1.49,0.0,0.0,0.0,0.4,0.0,-0.8,0.0,-1.3,-169.70000000000002,0.0,0.0,169.70000000000002,0.0,21.700000000000003,29.8,29.8,30.4,300.0,300.0,31.1,35.1,29.6,28.8,30.700000000000003,4.96,1.99,4.97,0.16,0.0,0.0,1027.0,8228.0,0.0,0.0,0.0,0.0,0.0,1.0,0.0,0.0,0.0,0.0,0.0,-1.0,0.0,1.1,0.0,0.0,16.0,25903.0
2026-07-30T19:00:09.988Z,179.471,179.484,0.0,7.4,0.0,0.0,0.0,0.0,0.0,0.0,0.0,0.0,1.0,0.0,0.0,0.0,9.0,4.0,0.0,0.0,0.0,0.0,0.0,0.0,0.0,0.0,1.0,12.0,1.0,12.15,5.0200000000000005,2.51,1.49,0.0,0.0,0.0,0.5,0.0,-0.3,0.0,0.3,-169.70000000000002,0.0,0.0,169.60000000000002,0.0,21.700000000000003,29.8,29.8,30.4,300.0,300.0,31.1,35.1,29.6,28.8,30.700000000000003,4.96,2.0,4.97,0.16,0.0,0.0,1027.0,8228.0,0.0,0.0,0.0,0.0,0.0,1.0,0.0,0.0,0.0,0.0,0.0,0.2,0.0,-0.3,0.0,0.0001,16.0,25903.0
2026-07-30T19:00:09.999Z,179.482,179.496,0.0,7.4,0.0,0.0,0.0,0.0,0.0,0.0,0.0,0.0,1.0,0.0,0.0,0.0,9.0,4.0,0.0,0.0,0.0,0.0,0.0,0.0,0.0,0.0,3.0,12.0,1.0,12.15,5.0200000000000005,2.51,1.49,0.0,0.0,0.0,0.4,0.0,-0.2,1.1,1.0,-169.70000000000002,0.0,0.0,169.70000000000002,0.0,21.700000000000003,29.8,29.8,30.4,300.0,300.0,31.1,35.1,29.6,28.8,30.700000000000003,4.96,1.99,4.97,0.16,0.0,0.0,1027.0,8228.0,0.0,0.0,0.0,0.0,0.0,1.0,0.0,0.0,0.0,0.0,0.0,2.0,0.0,-0.6000000000000001,0.0,0.0001,16.0,25903.0
2026-07-30T19:00:10.011Z,179.494,179.508,0.0,7.4,0.0,0.0,0.0,0.0,0.0,0.0,0.0,0.0,1.0,0.0,0.0,0.0,9.0,4.0,0.0,0.0,0.0,0.0,0.0,0.0,0.0,0.0,4.0,12.0,1.0,12.15,5.0200000000000005,2.51,1.49,0.0,0.1,0.0,0.4,0.0,-0.2,-1.1,-1.3,-169.70000000000002,0.0,0.0,169.60000000000002,0.0,21.700000000000003,29.8,29.8,30.4,300.0,300.0,31.1,35.1,29.6,28.8,30.700000000000003,4.95,1.99,4.97,0.16,0.0,0.0,1027.0,8228.0,0.0,0.0,0.0,0.0,0.0,1.0,0.0,0.0,0.0,0.0,0.0,-2.3000000000000003,0.0,0.9,0.0,0.0,16.0,25903.0
2026-07-30T19:00:10.023Z,179.506,179.52,0.0,7.4,0.0,0.0,0.0,0.0,0.0,0.0,0.0,0.0,1.0,0.0,0.0,0.0,9.0,4.0,0.0,0.0,0.0,0.0,0.0,0.0,0.0,0.0,5.0,12.0,1.0,12.18,5.01,2.51,1.49,0.0,0.0,0.0,0.4,0.0,-0.8,-1.7000000000000002,-1.3,-169.70000000000002,0.0,0.0,169.70000000000002,0.0,21.4,29.8,29.8,30.4,300.0,300.0,31.1,35.1,29.6,28.8,30.700000000000003,4.96,1.99,4.96,0.16,0.0,0.0,1027.0,8228.0,0.0,0.0,0.0,0.0,0.0,1.0,0.0,0.0,0.0,0.0,0.0,-2.9000000000000004,0.0,0.8,0.0,0.0001,16.0,25903.0
2026-07-30T19:00:10.035Z,179.518,179.532,0.0,7.4,0.0,0.0,0.0,0.0,0.0,0.0,0.0,0.0,1.0,0.0,0.0,0.0,9.0,4.0,0.0,0.0,0.0,0.0,0.0,0.0,0.0,0.0,6.0,12.0,1.0,12.18,5.01,2.51,1.49,0.0,0.0,0.0,0.4,0.0,0.2,0.0,-0.2,-169.70000000000002,0.0,0.0,169.70000000000002,0.0,21.4,29.8,29.8,30.4,300.0,300.0,31.1,35.1,29.6,28.8,30.700000000000003,4.96,1.99,4.97,0.16,0.0,0.0,1027.0,8228.0,0.0,0.0,0.0,0.0,0.0,1.0,0.0,0.0,0.0,0.0,0.0,-0.1,0.0,0.1,0.0,0.0,16.0,25903.0
2026-07-30T19:00:10.047Z,179.53,179.544,0.0,7.4,0.0,0.0,0.0,0.0,0.0,0.0,0.0,0.0,1.0,0.0,0.0,0.0,9.0,4.0,0.0,0.0,0.0,0.0,0.0,0.0,0.0,0.0,1.0,12.0,1.0,12.18,5.01,2.51,1.49,0.0,0.1,0.0,0.4,0.0,-0.9,0.0,-0.2,-169.70000000000002,0.0,0.0,169.70000000000002,0.0,21.4,29.8,29.8,30.4,300.0,300.0,31.1,35.1,29.6,28.8,30.700000000000003,4.95,1.99,4.97,0.16,0.0,0.0,1027.0,8228.0,0.0,0.0,0.0,0.0,0.0,1.0,0.0,0.0,0.0,0.0,0.0,-0.2,0.0,0.1,0.0,0.0001,16.0,25903.0
2026-07-30T19:00:10.060Z,179.543,179.556,0.0,7.4,0.0,0.0,0.0,0.0,0.0,0.0,0.0,0.0,1.0,0.0,0.0,0.0,9.0,4.0,0.0,0.0,0.0,0.0,0.0,0.0,0.0,0.0,3.0,12.0,1.0,12.18,5.01,2.51,1.49,0.0,0.0,0.0,0.4,0.0,0.8,-0.6000000000000001,0.3,-169.70000000000002,0.0,0.0,169.70000000000002,0.0,21.4,29.8,29.8,30.4,300.0,300.0,31.1,35.1,29.6,28.8,30.700000000000003,4.96,1.99,4.96,0.16,0.0,0.0,1027.0,8228.0,0.0,0.0,0.0,0.0,0.0,1.0,0.0,0.0,0.0,0.0,0.0,-0.4,0.0,-0.4,0.0,0.0,16.0,25903.0
2026-07-30T19:00:10.071Z,179.554,179.568,0.0,7.4,0.0,0.0,0.0,0.0,0.0,0.0,0.0,0.0,1.0,0.0,0.0,0.0,9.0,4.0,0.0,0.0,0.0,0.0,0.0,0.0,0.0,0.0,3.0,12.0,1.0,12.18,5.01,2.51,1.49,0.0,0.0,0.0,0.4,0.0,0.2,-1.2000000000000002,-0.2,-169.70000000000002,0.0,0.0,169.70000000000002,0.0,21.4,29.8,29.8,30.4,300.0,300.0,31.1,35.1,29.6,28.8,30.700000000000003,4.95,2.0,4.97,0.16,0.0,0.0,1027.0,8228.0,0.0,0.0,0.0,0.0,0.0,1.0,0.0,0.0,0.0,0.0,0.0,-1.5,0.0,0.0,0.0,0.0001,16.0,25903.0
2026-07-30T19:00:10.083Z,179.566,179.58,0.0,7.4,0.0,0.0,0.0,0.0,0.0,0.0,0.0,0.0,1.0,0.0,0.0,0.0,9.0,4.0,0.0,0.0,0.0,0.0,0.0,0.0,0.0,0.0,4.0,12.0,1.0,12.18,5.01,2.51,1.49,0.0,0.0,0.0,0.4,0.0,-0.3,-0.6000000000000001,-0.1,-169.70000000000002,0.0,0.0,169.60000000000002,0.0,21.4,29.8,29.8,30.4,300.0,300.0,31.1,35.1,29.6,28.8,30.700000000000003,4.95,1.99,4.97,0.16,0.0,0.0,1027.0,8228.0,0.0,0.0,0.0,0.0,0.0,1.0,0.0,0.0,0.0,0.0,0.0,-0.7000000000000001,0.0,0.0,0.0,0.0,16.0,25903.0
2026-07-30T19:00:10.096Z,179.579,179.592,0.0,7.4,0.0,0.0,0.0,0.0,0.0,0.0,0.0,0.0,1.0,0.0,0.0,0.0,9.0,4.0,0.0,0.0,0.0,0.0,0.0,0.0,0.0,0.0,5.0,12.0,1.0,12.18,5.01,2.51,1.49,0.0,0.0,0.0,0.4,0.0,0.2,0.0,-0.1,-169.70000000000002,0.0,0.0,169.60000000000002,0.0,21.4,29.8,29.8,30.4,300.0,300.0,31.1,35.1,29.6,28.8,30.700000000000003,4.96,1.99,4.97,0.16,0.0,0.0,1027.0,8228.0,0.0,0.0,0.0,0.0,0.0,1.0,0.0,0.0,0.0,0.0,0.0,-0.1,0.0,0.1,0.0,0.0001,16.0,25903.0
2026-07-30T19:00:10.108Z,179.591,179.604,0.0,7.4,0.0,0.0,0.0,0.0,0.0,0.0,0.0,0.0,1.0,0.0,0.0,0.0,9.0,4.0,0.0,0.0,0.0,0.0,0.0,0.0,0.0,0.0,6.0,12.0,1.0,12.18,5.01,2.51,1.49,0.0,0.0,0.0,0.4,0.0,0.2,-0.6000000000000001,-0.1,-169.70000000000002,0.0,0.0,169.70000000000002,0.0,21.4,29.8,29.8,30.4,300.0,300.0,31.1,35.1,29.6,28.8,30.700000000000003,4.96,1.99,4.96,0.16,0.0,0.0,1027.0,8228.0,0.0,0.0,0.0,0.0,0.0,1.0,0.0,0.0,0.0,0.0,0.0,-0.8,0.0,0.0,0.0,0.0,16.0,25903.0
2026-07-30T19:00:10.121Z,179.604,179.616,0.0,7.4,0.0,0.0,0.0,0.0,0.0,0.0,0.0,0.0,1.0,0.0,0.0,0.0,9.0,4.0,0.0,0.0,0.0,0.0,0.0,0.0,0.0,0.0,1.0,12.0,1.0,12.17,5.01,2.51,1.5,0.0,0.0,0.0,0.4,0.0,-0.2,-1.1,0.4,-169.60000000000002,0.0,0.0,169.70000000000002,0.0,21.700000000000003,29.8,29.8,30.4,300.0,300.0,31.200000000000003,35.1,29.6,28.8,30.700000000000003,4.95,1.99,4.96,0.16,0.0,0.0,1027.0,8228.0,0.0,0.0,0.0,0.0,0.0,1.0,0.0,0.0,0.0,0.0,0.0,-1.0,0.0,-0.6000000000000001,0.0,0.0001,16.0,25903.0
2026-07-30T19:00:10.131Z,179.614,179.628,0.0,7.4,0.0,0.0,0.0,0.0,0.0,0.0,0.0,0.0,1.0,0.0,0.0,0.0,9.0,4.0,0.0,0.0,0.0,0.0,0.0,0.0,0.0,0.0,3.0,12.0,1.0,12.17,5.01,2.51,1.5,0.0,0.0,0.0,0.4,0.0,-0.8,0.5,-0.1,-169.60000000000002,0.0,0.0,169.70000000000002,0.0,21.700000000000003,29.8,29.8,30.4,300.0,300.0,31.200000000000003,35.1,29.6,28.8,30.700000000000003,4.95,1.99,4.96,0.16,0.0,0.0,1027.0,8228.0,0.0,0.0,0.0,0.0,0.0,1.0,0.0,0.0,0.0,0.0,0.0,0.5,0.0,0.2,0.0,0.0,16.0,25903.0
2026-07-30T19:00:10.143Z,179.626,179.64,0.0,7.4,0.0,0.0,0.0,0.0,0.0,0.0,0.0,0.0,1.0,0.0,0.0,0.0,9.0,4.0,0.0,0.0,0.0,0.0,0.0,0.0,0.0,0.0,4.0,12.0,1.0,12.17,5.01,2.51,1.5,0.0,0.0,0.0,0.4,0.0,0.8,0.0,-0.1,-169.60000000000002,0.0,0.0,169.70000000000002,0.0,21.700000000000003,29.8,29.8,30.4,300.0,300.0,31.200000000000003,35.1,29.6,28.8,30.700000000000003,4.96,2.0,4.96,0.16,0.0,0.0,1027.0,8228.0,0.0,0.0,0.0,0.0,0.0,1.0,0.0,0.0,0.0,0.0,0.0,-0.1,0.0,0.1,0.0,0.0,16.0,25903.0
2026-07-30T19:00:10.156Z,179.639,179.65200000000002,0.0,7.4,0.0,0.0,0.0,0.0,0.0,0.0,0.0,0.0,1.0,0.0,0.0,0.0,9.0,4.0,0.0,0.0,0.0,0.0,0.0,0.0,0.0,0.0,5.0,12.0,1.0,12.17,5.01,2.51,1.5,0.0,0.0,0.0,0.4,0.0,-0.2,0.0,0.4,-169.60000000000002,0.0,0.0,169.60000000000002,0.0,21.700000000000003,29.8,29.8,30.4,300.0,300.0,31.200000000000003,35.1,29.6,28.8,30.700000000000003,4.95,2.0,4.96,0.16,0.0,0.0,1027.0,8228.0,0.0,0.0,0.0,0.0,0.0,1.0,0.0,0.0,0.0,0.0,0.0,0.3,0.0,-0.3,0.0,0.0001,16.0,25903.0
2026-07-30T19:00:10.167Z,179.65,179.66400000000002,0.0,7.4,0.0,0.0,0.0,0.0,0.0,0.0,0.0,0.0,1.0,0.0,0.0,0.0,9.0,4.0,0.0,0.0,0.0,0.0,0.0,0.0,0.0,0.0,6.0,12.0,1.0,12.17,5.01,2.51,1.5,0.0,0.0,0.0,0.4,0.0,-0.2,0.0,-0.6000000000000001,-169.60000000000002,0.0,0.0,169.70000000000002,0.0,21.700000000000003,29.8,29.8,30.4,300.0,300.0,31.200000000000003,35.1,29.6,28.8,30.700000000000003,4.95,1.99,4.97,0.16,0.0,0.0,1027.0,8228.0,0.0,0.0,0.0,0.0,0.0,1.0,0.0,0.0,0.0,0.0,0.0,-0.4,0.0,0.6000000000000001,0.0,0.0001,16.0,25903.0
2026-07-30T19:00:10.180Z,179.663,179.67600000000002,0.0,7.4,0.0,0.0,0.0,0.0,0.0,0.0,0.0,0.0,1.0,0.0,0.0,0.0,9.0,4.0,0.0,0.0,0.0,0.0,0.0,0.0,0.0,0.0,1.0,12.0,1.0,12.17,5.01,2.51,1.5,0.0,0.0,0.0,0.4,0.0,0.9,-0.5,1.0,-169.60000000000002,0.0,0.0,169.70000000000002,0.0,21.700000000000003,29.8,29.8,30.4,300.0,300.0,31.200000000000003,35.1,29.6,28.8,30.700000000000003,4.95,1.99,4.96,0.16,0.0,0.0,1027.0,8228.0,0.0,0.0,0.0,0.0,0.0,1.0,0.0,0.0,0.0,0.0,0.0,0.1,0.0,-1.0,0.0,0.0,16.0,25903.0
2026-07-30T19:00:10.192Z,179.675,179.68800000000002,0.0,7.4,0.0,0.0,0.0,0.0,0.0,0.0,0.0,0.0,1.0,0.0,0.0,0.0,9.0,4.0,0.0,0.0,0.0,0.0,0.0,0.0,0.0,0.0,2.0,12.0,1.0,12.17,5.01,2.51,1.5,0.0,0.0,0.0,0.5,0.0,-0.2,0.0,-1.8,-169.60000000000002,0.0,0.0,169.70000000000002,0.0,21.700000000000003,29.8,29.8,30.4,300.0,300.0,31.200000000000003,35.1,29.6,28.8,30.700000000000003,4.96,1.99,4.96,0.16,0.0,0.0,1027.0,8228.0,0.0,0.0,0.0,0.0,0.0,1.0,0.0,0.0,0.0,0.0,0.0,-1.4,0.0,1.6,0.0,0.0,16.0,25903.0
2026-07-30T19:00:10.204Z,179.687,179.70000000000002,0.0,7.4,0.0,0.0,0.0,0.0,0.0,0.0,0.0,0.0,1.0,0.0,0.0,0.0,9.0,4.0,0.0,0.0,0.0,0.0,0.0,0.0,0.0,0.0,3.0,12.0,1.0,12.17,5.01,2.51,1.5,0.0,0.0,0.0,0.5,0.0,-0.2,-0.6000000000000001,-1.2000000000000002,-169.60000000000002,0.0,0.0,169.60000000000002,0.0,21.700000000000003,29.8,29.8,30.4,300.0,300.0,31.200000000000003,35.1,29.6,28.8,30.700000000000003,4.95,1.99,4.97,0.16,0.0,0.0,1027.0,8228.0,0.0,0.0,0.0,0.0,0.0,1.0,0.0,0.0,0.0,0.0,0.0,-1.6,0.0,1.0,0.0,0.0001,16.0,25903.0
2026-07-30T19:00:10.222Z,179.705,179.71200000000002,0.0,7.4,0.0,0.0,0.0,0.0,0.0,0.0,0.0,0.0,1.0,0.0,0.0,0.0,9.0,4.0,0.0,0.0,0.0,0.0,0.0,0.0,0.0,0.0,4.0,12.0,1.0,12.17,5.01,2.51,1.5,0.0,0.0,0.0,0.4,0.0,-0.2,0.0,-0.1,-169.60000000000002,0.0,0.0,169.60000000000002,0.0,21.700000000000003,29.8,29.8,30.4,300.0,300.0,31.200000000000003,35.1,29.6,28.8,30.700000000000003,4.96,1.99,4.96,0.16,0.0,0.0,1027.0,8228.0,0.0,0.0,0.0,0.0,0.0,1.0,0.0,0.0,0.0,0.0,0.0,-0.1,0.0,0.1,0.0,0.0001,16.0,25903.0
2026-07-30T19:00:10.227Z,179.71,179.724,0.0,7.4,0.0,0.0,0.0,0.0,0.0,0.0,0.0,0.0,1.0,0.0,0.0,0.0,9.0,4.0,0.0,0.0,0.0,0.0,0.0,0.0,0.0,0.0,1.0,12.0,1.0,12.18,5.01,2.51,1.49,0.0,0.0,0.0,0.4,0.0,-0.2,1.1,-0.6000000000000001,-169.60000000000002,0.0,0.0,169.60000000000002,0.0,21.4,29.8,29.8,30.4,300.0,300.0,31.3,35.1,29.6,28.8,30.700000000000003,4.96,2.0,4.96,0.16,0.0,0.0,1027.0,8228.0,0.0,0.0,0.0,0.0,0.0,1.0,0.0,0.0,0.0,0.0,0.0,0.8,0.0,0.8,0.0,0.0,16.0,25903.0
2026-07-30T19:00:10.239Z,179.722,179.736,0.0,7.4,0.0,0.0,0.0,0.0,0.0,0.0,0.0,0.0,1.0,0.0,0.0,0.0,9.0,4.0,0.0,0.0,0.0,0.0,0.0,0.0,0.0,0.0,2.0,12.0,1.0,12.18,5.01,2.51,1.49,0.0,0.0,0.0,0.4,0.0,-0.8,-1.1,-0.7000000000000001,-169.60000000000002,0.0,0.0,169.60000000000002,0.0,21.4,29.8,29.8,30.4,300.0,300.0,31.3,35.1,29.6,28.8,30.700000000000003,4.95,1.99,4.96,0.16,0.0,0.0,1027.0,8228.0,0.0,0.0,0.0,0.0,0.0,1.0,0.0,0.0,0.0,0.0,0.0,-1.8,0.0,0.4,0.0,0.0,16.0,25903.0
2026-07-30T19:00:10.251Z,179.734,179.748,0.0,7.4,0.0,0.0,0.0,0.0,0.0,0.0,0.0,0.0,1.0,0.0,0.0,0.0,9.0,4.0,0.0,0.0,0.0,0.0,0.0,0.0,0.0,0.0,4.0,12.0,1.0,12.18,5.01,2.51,1.49,0.0,0.0,0.0,0.4,0.0,0.3,-0.6000000000000001,-0.1,-169.60000000000002,0.0,0.0,169.70000000000002,0.0,21.4,29.8,29.8,30.4,300.0,300.0,31.3,35.1,29.6,28.8,30.700000000000003,4.95,1.99,4.97,0.16,0.0,0.0,1027.0,8228.0,0.0,0.0,0.0,0.0,0.0,1.0,0.0,0.0,0.0,0.0,0.0,-0.8,0.0,0.0,0.0,0.0,16.0,25903.0
2026-07-30T19:00:10.263Z,179.746,179.76,0.0,7.4,0.0,0.0,0.0,0.0,0.0,0.0,0.0,0.0,1.0,0.0,0.0,0.0,9.0,4.0,0.0,0.0,0.0,0.0,0.0,0.0,0.0,0.0,5.0,12.0,1.0,12.18,5.01,2.51,1.49,0.0,0.0,0.0,0.4,0.0,-0.8,-2.3000000000000003,-1.3,-169.60000000000002,0.0,0.0,169.60000000000002,0.0,21.4,29.8,29.8,30.4,300.0,300.0,31.3,35.1,29.6,28.8,30.700000000000003,4.96,1.99,4.96,0.16,0.0,0.0,1027.0,8228.0,0.0,0.0,0.0,0.0,0.0,1.0,0.0,0.0,0.0,0.0,0.0,-3.7,0.0,0.6000000000000001,0.0,0.0,16.0,25903.0
2026-07-30T19:00:10.275Z,179.758,179.772,0.0,7.4,0.0,0.0,0.0,0.0,0.0,0.0,0.0,0.0,1.0,0.0,0.0,0.0,9.0,4.0,0.0,0.0,0.0,0.0,0.0,0.0,0.0,0.0,6.0,12.0,1.0,12.18,5.01,2.51,1.49,0.0,0.1,0.0,0.4,0.0,0.3,0.5,-0.1,-169.60000000000002,0.0,0.0,169.70000000000002,0.0,21.4,29.8,29.8,30.4,300.0,300.0,31.3,35.1,29.6,28.8,30.700000000000003,4.96,1.99,4.97,0.16,0.0,0.0,1027.0,8228.0,0.0,0.0,0.0,0.0,0.0,1.0,0.0,0.0,0.0,0.0,0.0,0.5,0.0,0.2,0.0,0.0,16.0,25903.0
2026-07-30T19:00:10.288Z,179.771,179.784,0.0,7.4,0.0,0.0,0.0,0.0,0.0,0.0,0.0,0.0,1.0,0.0,0.0,0.0,9.0,4.0,0.0,0.0,0.0,0.0,0.0,0.0,0.0,0.0,1.0,12.0,1.0,12.18,5.01,2.51,1.49,0.0,0.0,0.0,0.4,0.0,0.3,0.0,0.4,-169.60000000000002,0.0,0.0,169.60000000000002,0.0,21.4,29.8,29.8,30.4,300.0,300.0,31.3,35.1,29.6,28.8,30.700000000000003,4.95,1.99,4.97,0.16,0.0,0.0,1027.0,8228.0,0.0,0.0,0.0,0.0,0.0,1.0,0.0,0.0,0.0,0.0,0.0,0.3,0.0,-0.3,0.0,0.0,16.0,25903.0
2026-07-30T19:00:10.300Z,179.783,179.796,0.0,7.4,0.0,0.0,0.0,0.0,0.0,0.0,0.0,0.0,1.0,0.0,0.0,0.0,9.0,4.0,0.0,0.0,0.0,0.0,0.0,0.0,0.0,0.0,2.0,12.0,1.0,12.18,5.01,2.51,1.49,-0.1,0.0,0.0,0.4,0.0,0.3,0.5,1.0,-169.60000000000002,0.0,0.0,169.60000000000002,0.0,21.4,29.8,29.8,30.4,300.0,300.0,31.3,35.1,29.6,28.8,30.700000000000003,4.96,1.99,4.97,0.16,0.0,0.0,1027.0,8228.0,0.0,0.0,0.0,0.0,0.0,1.0,0.0,0.0,0.0,0.0,0.0,1.4,0.0,-0.7000000000000001,0.0,0.0001,16.0,25903.0
2026-07-30T19:00:10.312Z,179.795,179.808,0.0,7.4,0.0,0.0,0.0,0.0,0.0,0.0,0.0,0.0,1.0,0.0,0.0,0.0,9.0,4.0,0.0,0.0,0.0,0.0,0.0,0.0,0.0,0.0,3.0,12.0,1.0,12.18,5.01,2.51,1.49,0.0,0.0,0.0,0.4,0.0,-0.2,0.0,-1.2000000000000002,-169.60000000000002,0.0,0.0,169.60000000000002,0.0,21.4,29.8,29.8,30.4,300.0,300.0,31.3,35.1,29.6,28.8,30.700000000000003,4.96,2.0,4.96,0.16,0.0,0.0,1027.0,8228.0,0.0,0.0,0.0,0.0,0.0,1.0,0.0,0.0,0.0,0.0,0.0,0.8,0.0,-0.9,0.0,0.0,16.0,25903.0
2026-07-30T19:00:10.325Z,179.808,179.82,0.0,7.4,0.0,0.0,0.0,0.0,0.0,0.0,0.0,0.0,1.0,0.0,0.0,0.0,9.0,4.0,0.0,0.0,0.0,0.0,0.0,0.0,0.0,0.0,5.0,12.0,1.0,12.2,5.0200000000000005,2.51,1.49,0.0,0.0,0.0,0.4,0.0,-0.8,0.6000000000000001,-1.2000000000000002,-169.60000000000002,0.0,0.0,169.70000000000002,0.0,21.3,29.8,29.8,30.4,300.0,300.0,31.1,35.1,29.6,28.8,30.700000000000003,4.96,1.99,4.97,0.16,0.0,0.0,1027.0,8228.0,0.0,0.0,0.0,0.0,0.0,1.0,0.0,0.0,0.0,0.0,0.0,0.1,0.0,0.7000000000000001,0.0,0.0,16.0,25903.0
2026-07-30T19:00:10.336Z,179.819,179.832,0.0,7.4,0.0,0.0,0.0,0.0,0.0,0.0,0.0,0.0,1.0,0.0,0.0,0.0,9.0,4.0,0.0,0.0,0.0,0.0,0.0,0.0,0.0,0.0,5.0,12.0,1.0,12.2,5.0200000000000005,2.51,1.49,0.0,0.0,0.0,0.4,0.0,0.2,0.0,0.5,-169.60000000000002,0.0,0.0,169.70000000000002,0.0,21.3,29.8,29.8,30.4,300.0,300.0,31.1,35.1,29.6,28.8,30.700000000000003,4.96,1.99,4.97,0.16,0.0,0.0,1027.0,8228.0,0.0,0.0,0.0,0.0,0.0,1.0,0.0,0.0,0.0,0.0,0.0,2.0,0.0,0.4,0.0,0.0001,16.0,25903.0
2026-07-30T19:00:10.347Z,179.83,179.844,0.0,7.4,0.0,0.0,0.0,0.0,0.0,0.0,0.0,0.0,1.0,0.0,0.0,0.0,9.0,4.0,0.0,0.0,0.0,0.0,0.0,0.0,0.0,0.0,6.0,12.0,1.0,12.2,5.0200000000000005,2.51,1.49,0.0,0.0,0.0,0.4,0.0,-0.3,0.0,1.6,-169.60000000000002,0.0,0.0,169.70000000000002,0.0,21.3,29.8,29.8,30.4,300.0,300.0,31.1,35.1,29.6,28.8,30.700000000000003,4.96,1.99,4.96,0.16,0.0,0.0,1027.0,8228.0,0.0,0.0,0.0,0.0,0.0,1.0,0.0,0.0,0.0,0.0,0.0,1.2000000000000002,0.0,-1.4,0.0,0.0,16.0,25903.0
2026-07-30T19:00:10.359Z,179.842,179.856,0.0,7.4,0.0,0.0,0.0,0.0,0.0,0.0,0.0,0.0,1.0,0.0,0.0,0.0,9.0,4.0,0.0,0.0,0.0,0.0,0.0,0.0,0.0,0.0,2.0,12.0,1.0,12.2,5.0200000000000005,2.51,1.49,0.0,0.0,0.0,0.4,0.0,0.2,0.6000000000000001,1.0,-169.60000000000002,0.0,0.0,169.60000000000002,0.0,21.3,29.8,29.8,30.4,300.0,300.0,31.1,35.1,29.6,28.8,30.700000000000003,4.95,1.99,4.97,0.16,0.0,0.0,1027.0,8228.0,0.0,0.0,0.0,0.0,0.0,1.0,0.0,0.0,0.0,0.0,0.0,1.5,0.0,-0.8,0.0,0.0,16.0,25903.0
2026-07-30T19:00:10.371Z,179.854,179.868,0.0,7.4,0.0,0.0,0.0,0.0,0.0,0.0,0.0,0.0,1.0,0.0,0.0,0.0,9.0,4.0,0.0,0.0,0.0,0.0,0.0,0.0,0.0,0.0,3.0,12.0,1.0,12.2,5.0200000000000005,2.51,1.49,0.0,0.0,0.0,0.4,0.0,0.2,-0.5,-0.6000000000000001,-169.60000000000002,0.0,0.0,169.70000000000002,0.0,21.3,29.8,29.8,30.4,300.0,300.0,31.1,35.1,29.6,28.8,30.700000000000003,4.95,1.99,4.96,0.16,0.0,0.0,1027.0,8228.0,0.0,0.0,0.0,0.0,0.0,1.0,0.0,0.0,0.0,0.0,0.0,-1.0,0.0,0.4,0.0,0.0001,16.0,25903.0
2026-07-30T19:00:10.383Z,179.866,179.88,0.0,7.4,0.0,0.0,0.0,0.0,0.0,0.0,0.0,0.0,1.0,0.0,0.0,0.0,9.0,4.0,0.0,0.0,0.0,0.0,0.0,0.0,0.0,0.0,4.0,12.0,1.0,12.2,5.0200000000000005,2.51,1.49,0.0,0.0,0.0,0.4,0.0,0.2,0.0,-1.2000000000000002,-169.60000000000002,0.0,0.0,169.70000000000002,0.0,21.3,29.8,29.8,30.4,300.0,300.0,31.1,35.1,29.6,28.8,30.700000000000003,4.96,2.0,4.96,0.16,0.0,0.0,1027.0,8228.0,0.0,0.0,0.0,0.0,0.0,1.0,0.0,0.0,0.0,0.0,0.0,-0.8,0.0,1.1,0.0,0.0,16.0,25903.0
2026-07-30T19:00:10.395Z,179.878,179.892,0.0,7.4,0.0,0.0,0.0,0.0,0.0,0.0,0.0,0.0,1.0,0.0,0.0,0.0,9.0,4.0,0.0,0.0,0.0,0.0,0.0,0.0,0.0,0.0,5.0,12.0,1.0,12.2,5.0200000000000005,2.51,1.49,0.0,0.0,0.0,0.4,0.0,0.8,0.6000000000000001,0.4,-169.60000000000002,0.0,0.0,169.70000000000002,0.0,21.3,29.8,29.8,30.4,300.0,300.0,31.1,35.1,29.6,28.8,30.700000000000003,4.95,2.0,4.96,0.16,0.0,0.0,1027.0,8228.0,0.0,0.0,0.0,0.0,0.0,1.0,0.0,0.0,0.0,0.0,0.0,1.1,0.0,-0.2,0.0,0.0001,16.0,25903.0
2026-07-30T19:00:10.408Z,179.891,179.904,0.0,7.4,0.0,0.0,0.0,0.0,0.0,0.0,0.0,0.0,1.0,0.0,0.0,0.0,9.0,4.0,0.0,0.0,0.0,0.0,0.0,0.0,0.0,0.0,6.0,12.0,1.0,12.2,5.0200000000000005,2.51,1.49,0.0,0.1,0.0,0.4,0.0,-0.8,0.0,1.6,-169.60000000000002,0.0,0.0,169.70000000000002,0.0,21.3,29.8,29.8,30.4,300.0,300.0,31.1,35.1,29.6,28.8,30.700000000000003,4.95,1.99,4.97,0.16,0.0,0.0,1027.0,8228.0,0.0,0.0,0.0,0.0,0.0,1.0,0.0,0.0,0.0,0.0,0.0,1.3,0.0,-1.4,0.0,0.0,16.0,25903.0
2026-07-30T19:00:10.419Z,179.902,179.916,0.0,7.4,0.0,0.0,0.0,0.0,0.0,0.0,0.0,0.0,1.0,0.0,0.0,0.0,9.0,4.0,0.0,0.0,0.0,0.0,0.0,0.0,0.0,0.0,1.0,12.0,1.0,12.2,5.0200000000000005,2.51,1.49,0.0,0.0,0.0,0.5,0.0,-0.8,0.6000000000000001,-0.6000000000000001,-169.60000000000002,0.0,0.0,169.60000000000002,0.0,21.3,29.8,29.8,30.4,300.0,300.0,31.1,35.1,29.6,28.8,30.700000000000003,4.95,2.0,4.97,0.16,0.0,0.0,1027.0,8228.0,0.0,0.0,0.0,0.0,0.0,1.0,0.0,0.0,0.0,0.0,0.0,0.2,0.0,0.7000000000000001,0.0,0.0,16.0,25903.0
2026-07-30T19:00:10.432Z,179.915,179.928,0.0,7.4,0.0,0.0,0.0,0.0,0.0,0.0,0.0,0.0,1.0,0.0,0.0,0.0,9.0,4.0,0.0,0.0,0.0,0.0,0.0,0.0,0.0,0.0,3.0,12.0,1.0,12.17,5.0200000000000005,2.51,1.49,0.0,0.1,0.0,0.4,0.0,-0.2,0.6000000000000001,0.0,-169.60000000000002,0.0,0.0,169.60000000000002,0.0,21.8,29.8,29.8,30.4,300.0,300.0,31.200000000000003,35.1,29.6,28.9,30.700000000000003,4.96,1.99,4.97,0.16,0.0,0.0,1027.0,8228.0,0.0,0.0,0.0,0.0,0.0,1.0,0.0,0.0,0.0,0.0,0.0,0.7000000000000001,0.0,0.1,0.0,0.0,16.0,25903.0
2026-07-30T19:00:10.443Z,179.926,179.94,0.0,7.4,0.0,0.0,0.0,0.0,0.0,0.0,0.0,0.0,1.0,0.0,0.0,0.0,9.0,4.0,0.0,0.0,0.0,0.0,0.0,0.0,0.0,0.0,4.0,12.0,1.0,12.17,5.0200000000000005,2.51,1.49,0.0,0.0,0.0,0.4,0.0,0.2,-0.5,-0.6000000000000001,-169.60000000000002,0.0,0.0,169.60000000000002,0.0,21.8,29.8,29.8,30.4,300.0,300.0,31.200000000000003,35.1,29.6,28.9,30.700000000000003,4.95,1.99,4.97,0.16,0.0,0.0,1027.0,8228.0,0.0,0.0,0.0,0.0,0.0,1.0,0.0,0.0,0.0,0.0,0.0,-1.0,0.0,0.4,0.0,0.0,16.0,25903.0
2026-07-30T19:00:10.455Z,179.938,179.952,0.0,7.4,0.0,0.0,0.0,0.0,0.0,0.0,0.0,0.0,1.0,0.0,0.0,0.0,9.0,4.0,0.0,0.0,0.0,0.0,0.0,0.0,0.0,0.0,5.0,12.0,1.0,12.17,5.0200000000000005,2.51,1.49,0.0,0.0,0.0,0.4,0.0,-0.2,-1.0,-0.6000000000000001,-169.60000000000002,0.0,0.0,169.60000000000002,0.0,21.8,29.8,29.8,30.4,300.0,300.0,31.200000000000003,35.1,29.6,28.9,30.700000000000003,4.96,1.99,4.96,0.16,0.0,0.0,1027.0,8228.0,0.0,0.0,0.0,0.0,0.0,1.0,0.0,0.0,0.0,0.0,0.0,-1.7000000000000002,0.0,0.3,0.0,0.0,16.0,25903.0
2026-07-30T19:00:10.467Z,179.95,179.964,0.0,7.4,0.0,0.0,0.0,0.0,0.0,0.0,0.0,0.0,1.0,0.0,0.0,0.0,9.0,4.0,0.0,0.0,0.0,0.0,0.0,0.0,0.0,0.0,6.0,12.0,1.0,12.17,5.0200000000000005,2.51,1.49,0.0,0.0,0.0,0.5,0.0,-0.2,0.6000000000000001,-0.1,-169.60000000000002,0.0,0.0,169.60000000000002,0.0,21.8,29.8,29.8,30.4,300.0,300.0,31.200000000000003,35.1,29.6,28.9,30.700000000000003,4.96,1.99,4.97,0.16,0.0,0.0,1027.0,8228.0,0.0,0.0,0.0,0.0,0.0,1.0,0.0,0.0,0.0,0.0,0.0,0.6000000000000001,0.0,0.2,0.0,0.0,16.0,25903.0
2026-07-30T19:00:10.479Z,179.962,179.976,0.0,7.4,0.0,0.0,0.0,0.0,0.0,0.0,0.0,0.0,1.0,0.0,0.0,0.0,9.0,4.0,0.0,0.0,0.0,0.0,0.0,0.0,0.0,0.0,1.0,12.0,1.0,12.17,5.0200000000000005,2.51,1.49,0.0,0.0,0.0,0.4,0.0,-0.2,0.1,-0.6000000000000001,-169.60000000000002,0.0,0.0,169.60000000000002,0.0,21.8,29.8,29.8,30.4,300.0,300.0,31.200000000000003,35.1,29.6,28.9,30.700000000000003,4.95,1.99,4.97,0.16,0.0,0.0,1027.0,8228.0,0.0,0.0,0.0,0.0,0.0,1.0,0.0,0.0,0.0,0.0,0.0,-0.3,0.0,0.6000000000000001,0.0,0.0,16.0,25903.0
2026-07-30T19:00:10.491Z,179.974,179.988,0.0,7.4,0.0,0.0,0.0,0.0,0.0,0.0,0.0,0.0,1.0,0.0,0.0,0.0,9.0,4.0,0.0,0.0,0.0,0.0,0.0,0.0,0.0,0.0,2.0,12.0,1.0,12.17,5.0200000000000005,2.51,1.49,0.0,0.0,0.0,0.4,0.0,-0.3,-0.4,0.4,-169.60000000000002,0.0,0.0,169.8,0.0,21.8,29.8,29.8,30.4,300.0,300.0,31.200000000000003,35.1,29.6,28.9,30.700000000000003,4.95,1.99,4.96,0.16,0.0,0.0,1027.0,8228.0,0.0,0.0,0.0,0.0,0.0,1.0,0.0,0.0,0.0,0.0,0.0,-0.1,0.0,-0.5,0.0,0.0,16.0,25903.0
2026-07-30T19:00:10.503Z,179.986,180.0,0.0,7.4,0.0,0.0,0.0,0.0,0.0,0.0,0.0,0.0,1.0,0.0,0.0,0.0,9.0,4.0,0.0,0.0,0.0,0.0,0.0,0.0,0.0,0.0,4.0,12.0,1.0,12.17,5.0200000000000005,2.51,1.49,-0.1,0.1,0.0,0.5,0.0,-0.3,-0.4,-0.1,-169.60000000000002,0.0,0.0,169.70000000000002,0.0,21.8,29.8,29.8,30.4,300.0,300.0,31.200000000000003,35.1,29.6,28.9,30.700000000000003,4.95,1.99,4.96,0.16,0.0,0.0,1027.0,8228.0,0.0,0.0,0.0,0.0,0.0,1.0,0.0,0.0,0.0,0.0,0.0,-0.6000000000000001,0.0,0.0,0.0,0.0002,16.0,25903.0
2026-07-30T19:00:10.516Z,179.999,180.012,0.0,7.4,0.0,0.0,0.0,0.0,0.0,0.0,0.0,0.0,1.0,0.0,0.0,0.0,9.0,4.0,0.0,0.0,0.0,0.0,0.0,0.0,0.0,0.0,5.0,12.0,1.0,12.17,5.0200000000000005,2.51,1.49,0.0,0.0,0.0,0.4,0.0,-0.3,-0.4,-0.6000000000000001,-169.60000000000002,0.0,0.0,169.60000000000002,0.0,21.8,29.8,29.8,30.4,300.0,300.0,31.200000000000003,35.1,29.6,28.9,30.700000000000003,4.95,1.99,4.97,0.16,0.0,0.0,1027.0,8228.0,0.0,0.0,0.0,0.0,0.0,1.0,0.0,0.0,0.0,0.0,0.0,-1.0,0.0,0.5,0.0,0.0,16.0,25903.0
2026-07-30T19:00:10.532Z,180.015,180.024,0.0,7.4,0.0,0.0,0.0,0.0,0.0,0.0,0.0,0.0,1.0,0.0,0.0,0.0,9.0,4.0,0.0,0.0,0.0,0.0,0.0,0.0,0.0,0.0,5.0,12.0,1.0,12.18,5.0200000000000005,2.5,1.49,0.0,0.0,0.0,0.4,0.0,-0.3,0.1,0.4,-169.60000000000002,0.0,0.0,169.60000000000002,0.0,21.0,29.8,29.8,30.4,300.0,300.0,31.3,35.1,29.6,28.9,30.700000000000003,4.95,1.99,4.97,0.16,0.0,0.0,1027.0,8228.0,0.0,0.0,0.0,0.0,0.0,1.0,0.0,0.0,0.0,0.0,0.0,0.4,0.0,-0.3,0.0,0.0001,16.0,25903.0
2026-07-30T19:00:10.544Z,180.027,180.036,0.0,7.4,0.0,0.0,0.0,0.0,0.0,0.0,0.0,0.0,1.0,0.0,0.0,0.0,9.0,4.0,0.0,0.0,0.0,0.0,0.0,0.0,0.0,0.0,5.0,12.0,1.0,12.18,5.0200000000000005,2.5,1.49,0.0,0.0,0.0,0.4,0.0,0.8,0.1,1.0,-169.60000000000002,0.0,0.0,169.60000000000002,0.0,21.0,29.8,29.8,30.4,300.0,300.0,31.3,35.1,29.6,28.9,30.700000000000003,4.96,1.99,4.96,0.16,0.0,0.0,1027.0,8228.0,0.0,0.0,0.0,0.0,0.0,1.0,0.0,0.0,0.0,0.0,0.0,0.9,0.0,-0.9,0.0,0.0,16.0,25903.0
2026-07-30T19:00:10.551Z,180.034,180.048,0.0,7.4,0.0,0.0,0.0,0.0,0.0,0.0,0.0,0.0,1.0,0.0,0.0,0.0,9.0,4.0,0.0,0.0,0.0,0.0,0.0,0.0,0.0,0.0,4.0,12.0,1.0,12.18,5.0200000000000005,2.5,1.49,0.0,0.1,0.0,0.4,0.0,0.8,0.1,0.4,-169.60000000000002,0.0,0.0,169.70000000000002,0.0,21.0,29.8,29.8,30.4,300.0,300.0,31.3,35.1,29.6,28.9,30.700000000000003,4.95,1.99,4.96,0.16,0.0,0.0,1027.0,8228.0,0.0,0.0,0.0,0.0,0.0,1.0,0.0,0.0,0.0,0.0,0.0,0.4,0.0,-0.3,0.0,0.0,16.0,25903.0
2026-07-30T19:00:10.563Z,180.046,180.06,0.0,7.4,0.0,0.0,0.0,0.0,0.0,0.0,0.0,0.0,1.0,0.0,0.0,0.0,9.0,4.0,0.0,0.0,0.0,0.0,0.0,0.0,0.0,0.0,5.0,12.0,1.0,12.18,5.0200000000000005,2.5,1.49,0.0,0.0,0.0,0.4,0.0,-0.2,-0.4,-1.3,-169.60000000000002,0.0,0.0,169.70000000000002,0.0,21.0,29.8,29.8,30.4,300.0,300.0,31.3,35.1,29.6,28.9,30.700000000000003,4.95,1.99,4.97,0.16,0.0,0.0,1027.0,8228.0,0.0,0.0,0.0,0.0,0.0,1.0,0.0,0.0,0.0,0.0,0.0,-1.5,0.0,1.0,0.0,0.0,16.0,25903.0
2026-07-30T19:00:10.575Z,180.058,180.072,0.0,7.4,0.0,0.0,0.0,0.0,0.0,0.0,0.0,0.0,1.0,0.0,0.0,0.0,9.0,4.0,0.0,0.0,0.0,0.0,0.0,0.0,0.0,0.0,6.0,12.0,1.0,12.18,5.0200000000000005,2.5,1.49,0.0,0.0,0.0,0.4,0.0,-0.2,0.0,-0.1,-169.60000000000002,0.0,0.0,169.60000000000002,0.0,21.0,29.8,29.8,30.4,300.0,300.0,31.3,35.1,29.6,28.9,30.700000000000003,4.96,1.99,4.97,0.16,0.0,0.0,1027.0,8228.0,0.0,0.0,0.0,0.0,0.0,1.0,0.0,0.0,0.0,0.0,0.0,0.0,0.0,0.1,0.0,0.0001,16.0,25903.0
2026-07-30T19:00:10.588Z,180.071,180.084,0.0,7.4,0.0,0.0,0.0,0.0,0.0,0.0,0.0,0.0,1.0,0.0,0.0,0.0,9.0,4.0,0.0,0.0,0.0,0.0,0.0,0.0,0.0,0.0,1.0,12.0,1.0,12.18,5.0200000000000005,2.5,1.49,0.0,0.0,0.0,0.4,0.0,0.3,0.1,1.6,-169.60000000000002,0.0,0.0,169.60000000000002,0.0,21.0,29.8,29.8,30.4,300.0,300.0,31.3,35.1,29.6,28.9,30.700000000000003,4.96,1.99,4.96,0.16,0.0,0.0,1027.0,8228.0,0.0,0.0,0.0,0.0,0.0,1.0,0.0,0.0,0.0,0.0,0.0,1.3,0.0,-1.4,0.0,0.0001,16.0,25903.0
2026-07-30T19:00:10.599Z,180.082,180.096,0.0,7.4,0.0,0.0,0.0,0.0,0.0,0.0,0.0,0.0,1.0,0.0,0.0,0.0,9.0,4.0,0.0,0.0,0.0,0.0,0.0,0.0,0.0,0.0,2.0,12.0,1.0,12.18,5.0200000000000005,2.5,1.49,0.0,0.0,0.0,0.4,0.0,0.9,-0.4,-0.1,-169.60000000000002,0.0,0.0,169.60000000000002,0.0,21.0,29.8,29.8,30.4,300.0,300.0,31.3,35.1,29.6,28.9,30.700000000000003,4.95,1.99,4.97,0.16,0.0,0.0,1027.0,8228.0,0.0,0.0,0.0,0.0,0.0,1.0,0.0,0.0,0.0,0.0,0.0,-0.6000000000000001,0.0,0.0,0.0,0.0,16.0,25903.0
2026-07-30T19:00:10.611Z,180.094,180.108,0.0,7.4,0.0,0.0,0.0,0.0,0.0,0.0,0.0,0.0,1.0,0.0,0.0,0.0,9.0,4.0,0.0,0.0,0.0,0.0,0.0,0.0,0.0,0.0,4.0,12.0,1.0,12.18,5.0200000000000005,2.5,1.49,0.0,0.1,0.0,0.4,0.0,0.3,1.3,1.0,-169.60000000000002,0.0,0.0,169.60000000000002,0.0,21.0,29.8,29.8,30.4,300.0,300.0,31.3,35.1,29.6,28.9,30.700000000000003,4.95,1.99,4.96,0.16,0.0,0.0,1027.0,8228.0,0.0,0.0,0.0,0.0,0.0,1.0,0.0,0.0,0.0,0.0,0.0,2.2,0.0,-0.6000000000000001,0.0,0.0,16.0,25903.0
2026-07-30T19:00:10.623Z,180.106,180.12,0.0,7.4,0.0,0.0,0.0,0.0,0.0,0.0,0.0,0.0,1.0,0.0,0.0,0.0,9.0,4.0,0.0,0.0,0.0,0.0,0.0,0.0,0.0,0.0,5.0,12.0,1.0,12.18,5.0200000000000005,2.5,1.49,0.0,0.0,0.0,0.4,0.0,-0.8,0.1,-1.3,-169.60000000000002,0.0,0.0,169.70000000000002,0.0,21.0,29.8,29.8,30.4,300.0,300.0,31.3,35.1,29.6,28.9,30.700000000000003,4.96,1.99,4.96,0.16,0.0,0.0,1027.0,8228.0,0.0,0.0,0.0,0.0,0.0,1.0,0.0,0.0,0.0,0.0,0.0,-0.7000000000000001,0.0,1.1,0.0,0.0,16.0,25903.0
2026-07-30T19:00:10.635Z,180.118,180.132,0.0,7.4,0.0,0.0,0.0,0.0,0.0,0.0,0.0,0.0,1.0,0.0,0.0,0.0,9.0,4.0,0.0,0.0,0.0,0.0,0.0,0.0,0.0,0.0,1.0,12.0,1.0,12.17,5.01,2.51,1.49,0.0,0.0,0.0,0.4,0.0,0.3,0.2,0.4,-169.60000000000002,0.0,0.0,169.60000000000002,0.0,21.4,29.8,29.8,30.4,300.0,300.0,31.3,35.1,29.6,28.9,30.700000000000003,4.95,1.99,4.97,0.16,0.0,0.0,1027.0,8228.0,0.0,0.0,0.0,0.0,0.0,1.0,0.0,0.0,0.0,0.0,0.0,0.5,0.0,-0.3,0.0,0.0,16.0,25903.0
2026-07-30T19:00:10.647Z,180.13,180.144,0.0,7.4,0.0,0.0,0.0,0.0,0.0,0.0,0.0,0.0,1.0,0.0,0.0,0.0,9.0,4.0,0.0,0.0,0.0,0.0,0.0,0.0,0.0,0.0,2.0,12.0,1.0,12.17,5.01,2.51,1.49,0.0,0.0,0.0,0.4,0.0,0.3,0.2,0.4,-169.60000000000002,0.0,0.0,169.60000000000002,0.0,21.4,29.8,29.8,30.4,300.0,300.0,31.3,35.1,29.6,28.9,30.700000000000003,4.95,1.99,4.97,0.16,0.0,0.0,1027.0,8228.0,0.0,0.0,0.0,0.0,0.0,1.0,0.0,0.0,0.0,0.0,0.0,0.5,0.0,-0.3,0.0,0.0,16.0,25903.0
2026-07-30T19:00:10.659Z,180.142,180.156,0.0,7.4,0.0,0.0,0.0,0.0,0.0,0.0,0.0,0.0,1.0,0.0,0.0,0.0,9.0,4.0,0.0,0.0,0.0,0.0,0.0,0.0,0.0,0.0,3.0,12.0,1.0,12.17,5.01,2.51,1.49,0.0,0.1,0.0,0.4,0.0,-0.8,-0.3,0.4,-169.60000000000002,0.0,0.0,169.70000000000002,0.0,21.4,29.8,29.8,30.4,300.0,300.0,31.3,35.1,29.6,28.9,30.700000000000003,4.95,2.0,4.96,0.16,0.0,0.0,1027.0,8228.0,0.0,0.0,0.0,0.0,0.0,1.0,0.0,0.0,0.0,0.0,0.0,0.0,0.0,-0.4,0.0,0.0,16.0,25903.0
2026-07-30T19:00:10.671Z,180.154,180.168,0.0,7.4,0.0,0.0,0.0,0.0,0.0,0.0,0.0,0.0,1.0,0.0,0.0,0.0,9.0,4.0,0.0,0.0,0.0,0.0,0.0,0.0,0.0,0.0,4.0,12.0,1.0,12.17,5.01,2.51,1.49,0.0,0.0,0.0,0.4,0.0,-0.2,0.2,-0.1,-169.60000000000002,0.0,0.0,169.70000000000002,0.0,21.4,29.8,29.8,30.4,300.0,300.0,31.3,35.1,29.6,28.9,30.700000000000003,4.96,1.99,4.96,0.16,0.0,0.0,1027.0,8228.0,0.0,0.0,0.0,0.0,0.0,1.0,0.0,0.0,0.0,0.0,0.0,0.1,0.0,0.1,0.0,0.0001,16.0,25903.0
2026-07-30T19:00:10.683Z,180.166,180.18,0.0,7.4,0.0,0.0,0.0,0.0,0.0,0.0,0.0,0.0,1.0,0.0,0.0,0.0,9.0,4.0,0.0,0.0,0.0,0.0,0.0,0.0,0.0,0.0,5.0,12.0,1.0,12.17,5.01,2.51,1.49,0.0,0.0,0.0,0.4,0.0,0.3,-0.3,-0.7000000000000001,-169.60000000000002,0.0,0.0,169.8,0.0,21.4,29.8,29.8,30.4,300.0,300.0,31.3,35.1,29.6,28.9,30.700000000000003,4.95,1.99,4.97,0.16,0.0,0.0,1027.0,8228.0,0.0,0.0,0.0,0.0,0.0,1.0,0.0,0.0,0.0,0.0,0.0,-0.9,0.0,0.5,0.0,0.0002,16.0,25903.0
2026-07-30T19:00:10.695Z,180.178,180.192,0.0,7.4,0.0,0.0,0.0,0.0,0.0,0.0,0.0,0.0,1.0,0.0,0.0,0.0,9.0,4.0,0.0,0.0,0.0,0.0,0.0,0.0,0.0,0.0,6.0,12.0,1.0,12.17,5.01,2.51,1.49,0.0,0.0,0.0,0.4,0.0,-0.2,-0.9,-1.3,-169.60000000000002,0.0,0.0,169.8,0.0,21.4,29.8,29.8,30.4,300.0,300.0,31.3,35.1,29.6,28.9,30.700000000000003,4.96,1.99,4.96,0.16,0.0,0.0,1027.0,8228.0,0.0,0.0,0.0,0.0,0.0,1.0,0.0,0.0,0.0,0.0,0.0,-2.0,0.0,0.9,0.0,0.0,16.0,25903.0
2026-07-30T19:00:10.708Z,180.191,180.204,0.0,7.4,0.0,0.0,0.0,0.0,0.0,0.0,0.0,0.0,1.0,0.0,0.0,0.0,9.0,4.0,0.0,0.0,0.0,0.0,0.0,0.0,0.0,0.0,1.0,12.0,1.0,12.17,5.01,2.51,1.49,0.0,0.0,0.0,0.4,0.0,0.3,0.7000000000000001,-0.1,-169.60000000000002,0.0,0.0,169.70000000000002,0.0,21.4,29.8,29.8,30.4,300.0,300.0,31.3,35.1,29.6,28.9,30.700000000000003,4.96,1.99,4.96,0.16,0.0,0.0,1027.0,8228.0,0.0,0.0,0.0,0.0,0.0,1.0,0.0,0.0,0.0,0.0,0.0,0.7000000000000001,0.0,0.2,0.0,0.0,16.0,25903.0
2026-07-30T19:00:10.719Z,180.202,180.216,0.0,7.4,0.0,0.0,0.0,0.0,0.0,0.0,0.0,0.0,1.0,0.0,0.0,0.0,9.0,4.0,0.0,0.0,0.0,0.0,0.0,0.0,0.0,0.0,3.0,12.0,1.0,12.17,5.01,2.51,1.49,0.0,0.0,0.0,0.4,0.0,-0.7000000000000001,-0.9,0.0,-169.60000000000002,0.0,0.0,169.70000000000002,0.0,21.4,29.8,29.8,30.4,300.0,300.0,31.3,35.1,29.6,28.9,30.700000000000003,4.96,1.99,4.96,0.16,0.0,0.0,1027.0,8228.0,0.0,0.0,0.0,0.0,0.0,1.0,0.0,0.0,0.0,0.0,0.0,-1.1,0.0,-0.1,0.0,0.0,16.0,25903.0
2026-07-30T19:00:10.733Z,180.216,180.228,0.0,7.4,0.0,0.0,0.0,0.0,0.0,0.0,0.0,0.0,1.0,0.0,0.0,0.0,9.0,4.0,0.0,0.0,0.0,0.0,0.0,0.0,0.0,0.0,4.0,12.0,1.0,12.17,5.0200000000000005,2.5,1.49,0.0,0.0,0.0,0.4,0.0,-0.2,-0.9,0.5,-169.60000000000002,0.0,0.0,169.70000000000002,0.0,21.3,29.8,29.8,30.4,300.0,300.0,31.200000000000003,35.1,29.6,28.9,30.700000000000003,4.95,1.99,4.97,0.16,0.0,0.0,1027.0,8228.0,0.0,0.0,0.0,0.0,0.0,1.0,0.0,0.0,0.0,0.0,0.0,-0.7000000000000001,0.0,-0.6000000000000001,0.0,0.0001,16.0,25903.0
2026-07-30T19:00:10.743Z,180.226,180.24,0.0,7.4,0.0,0.0,0.0,0.0,0.0,0.0,0.0,0.0,1.0,0.0,0.0,0.0,9.0,4.0,0.0,0.0,0.0,0.0,0.0,0.0,0.0,0.0,6.0,12.0,1.0,12.17,5.0200000000000005,2.5,1.49,0.0,0.0,0.0,0.4,0.0,0.3,-0.3,0.0,-169.60000000000002,0.0,0.0,169.70000000000002,0.0,21.3,29.8,29.8,30.4,300.0,300.0,31.200000000000003,35.1,29.6,28.9,30.700000000000003,4.96,1.99,4.96,0.16,0.0,0.0,1027.0,8228.0,0.0,0.0,0.0,0.0,0.0,1.0,0.0,0.0,0.0,0.0,0.0,-0.4,0.0,0.0,0.0,0.0,16.0,25903.0
2026-07-30T19:00:10.756Z,180.239,180.252,0.0,7.4,0.0,0.0,0.0,0.0,0.0,0.0,0.0,0.0,1.0,0.0,0.0,0.0,9.0,4.0,0.0,0.0,0.0,0.0,0.0,0.0,0.0,0.0,1.0,12.0,1.0,12.17,5.0200000000000005,2.5,1.49,0.0,0.1,0.0,0.4,0.0,0.3,-0.4,-0.1,-169.60000000000002,0.0,0.0,169.70000000000002,0.0,21.3,29.8,29.8,30.4,300.0,300.0,31.200000000000003,35.1,29.6,28.9,30.700000000000003,4.96,2.0,4.97,0.16,0.0,0.0,1027.0,8228.0,0.0,0.0,0.0,0.0,0.0,1.0,0.0,0.0,0.0,0.0,0.0,-0.5,0.0,0.0,0.0,0.0001,16.0,25903.0
2026-07-30T19:00:10.768Z,180.251,180.264,0.0,7.4,0.0,0.0,0.0,0.0,0.0,0.0,0.0,0.0,1.0,0.0,0.0,0.0,9.0,4.0,0.0,0.0,0.0,0.0,0.0,0.0,0.0,0.0,2.0,12.0,1.0,12.17,5.0200000000000005,2.5,1.49,0.0,0.0,0.0,0.5,0.0,0.9,-0.4,-0.7000000000000001,-169.60000000000002,0.0,0.0,169.60000000000002,0.0,21.3,29.8,29.8,30.4,300.0,300.0,31.200000000000003,35.1,29.6,28.9,30.700000000000003,4.95,1.99,4.97,0.17,0.0,0.0,1027.0,8228.0,0.0,0.0,0.0,0.0,0.0,1.0,0.0,0.0,0.0,0.0,0.0,-1.1,0.0,0.5,0.0,0.0001,16.0,25903.0
2026-07-30T19:00:10.779Z,180.262,180.276,0.0,7.4,0.0,0.0,0.0,0.0,0.0,0.0,0.0,0.0,1.0,0.0,0.0,0.0,9.0,4.0,0.0,0.0,0.0,0.0,0.0,0.0,0.0,0.0,4.0,12.0,1.0,12.17,5.0200000000000005,2.5,1.49,0.0,0.0,0.0,0.4,0.0,-0.2,-0.5,-0.7000000000000001,-169.60000000000002,0.0,0.0,169.8,0.0,21.3,29.8,29.8,30.4,300.0,300.0,31.200000000000003,35.1,29.6,28.9,30.700000000000003,4.96,1.99,4.96,0.16,0.0,0.0,1027.0,8228.0,0.0,0.0,0.0,0.0,0.0,1.0,0.0,0.0,0.0,0.0,0.0,-1.1,0.0,0.5,0.0,0.0001,16.0,25903.0
2026-07-30T19:00:10.791Z,180.274,180.288,0.0,7.4,0.0,0.0,0.0,0.0,0.0,0.0,0.0,0.0,1.0,0.0,0.0,0.0,9.0,4.0,0.0,0.0,0.0,0.0,0.0,0.0,0.0,0.0,5.0,12.0,1.0,12.17,5.0200000000000005,2.5,1.49,0.0,0.1,0.0,0.4,0.0,-0.2,-0.5,-0.2,-169.60000000000002,0.0,0.0,169.60000000000002,0.0,21.3,29.8,29.8,30.4,300.0,300.0,31.200000000000003,35.1,29.6,28.9,30.700000000000003,4.96,1.99,4.96,0.16,0.0,0.0,1027.0,8228.0,0.0,0.0,0.0,0.0,0.0,1.0,0.0,0.0,0.0,0.0,0.0,-0.7000000000000001,0.0,0.0,0.0,0.0001,16.0,25903.0
2026-07-30T19:00:10.804Z,180.287,180.3,0.0,7.4,0.0,0.0,0.0,0.0,0.0,0.0,0.0,0.0,1.0,0.0,0.0,0.0,9.0,4.0,0.0,0.0,0.0,0.0,0.0,0.0,0.0,0.0,6.0,12.0,1.0,12.17,5.0200000000000005,2.5,1.49,0.0,0.0,0.0,0.4,0.0,0.2,0.6000000000000001,-0.8,-169.60000000000002,0.0,0.0,169.60000000000002,0.0,21.3,29.8,29.8,30.4,300.0,300.0,31.200000000000003,35.1,29.6,28.9,30.700000000000003,4.96,1.99,4.97,0.16,0.0,0.0,1027.0,8228.0,0.0,0.0,0.0,0.0,0.0,1.0,0.0,0.0,0.0,0.0,0.0,0.1,0.0,0.8,0.0,0.0001,16.0,25903.0
2026-07-30T19:00:10.816Z,180.299,180.312,0.0,7.4,0.0,0.0,0.0,0.0,0.0,0.0,0.0,0.0,1.0,0.0,0.0,0.0,9.0,4.0,0.0,0.0,0.0,0.0,0.0,0.0,0.0,0.0,1.0,12.0,1.0,12.17,5.0200000000000005,2.5,1.49,0.0,0.0,0.0,0.4,0.0,-0.3,-0.5,0.3,-169.60000000000002,0.0,0.0,169.60000000000002,0.0,21.3,29.8,29.8,30.4,300.0,300.0,31.200000000000003,35.1,29.6,28.9,30.700000000000003,4.95,2.0,4.97,0.16,0.0,0.0,1027.0,8228.0,0.0,0.0,0.0,0.0,0.0,1.0,0.0,0.0,0.0,0.0,0.0,-0.2,0.0,0.8,0.0,0.0,16.0,25903.0
2026-07-30T19:00:10.828Z,180.311,180.324,0.0,7.4,0.0,0.0,0.0,0.0,0.0,0.0,0.0,0.0,1.0,0.0,0.0,0.0,9.0,4.0,0.0,0.0,0.0,0.0,0.0,0.0,0.0,0.0,3.0,12.0,1.0,12.17,5.0200000000000005,2.5,1.49,0.0,0.0,0.0,0.4,0.0,0.8,-0.4,0.3,-169.60000000000002,0.0,0.0,169.60000000000002,0.0,21.3,29.8,29.8,30.4,300.0,300.0,31.200000000000003,35.1,29.6,28.9,30.700000000000003,4.96,2.0,4.96,0.16,0.0,0.0,1027.0,8228.0,0.0,0.0,0.0,0.0,0.0,1.0,0.0,0.0,0.0,0.0,0.0,0.4,0.0,-0.3,0.0,0.0,16.0,25903.0
2026-07-30T19:00:10.839Z,180.322,180.336,0.0,7.4,0.0,0.0,0.0,0.0,0.0,0.0,0.0,0.0,1.0,0.0,0.0,0.0,9.0,4.0,0.0,0.0,0.0,0.0,0.0,0.0,0.0,0.0,4.0,12.0,1.0,12.14,5.01,2.51,1.49,0.0,0.0,0.0,0.4,0.0,-0.2,-1.6,-0.1,-169.60000000000002,0.0,0.0,169.60000000000002,0.0,21.700000000000003,29.8,29.8,30.4,300.0,300.0,31.1,35.1,29.6,28.8,30.700000000000003,4.95,1.99,4.97,0.16,0.0,0.0,1027.0,8228.0,0.0,0.0,0.0,0.0,0.0,1.0,0.0,0.0,0.0,0.0,0.0,0.4,0.0,-0.3,0.0,0.0,16.0,25903.0
2026-07-30T19:00:10.857Z,180.34,180.348,0.0,7.4,0.0,0.0,0.0,0.0,0.0,0.0,0.0,0.0,1.0,0.0,0.0,0.0,9.0,4.0,0.0,0.0,0.0,0.0,0.0,0.0,0.0,0.0,5.0,12.0,1.0,12.14,5.01,2.51,1.49,0.0,0.0,0.0,0.4,0.0,0.3,0.1,0.4,-169.60000000000002,0.0,0.0,169.70000000000002,0.0,21.700000000000003,29.8,29.8,30.4,300.0,300.0,31.1,35.1,29.6,28.8,30.700000000000003,4.95,1.99,4.97,0.16,0.0,0.0,1027.0,8228.0,0.0,0.0,0.0,0.0,0.0,1.0,0.0,0.0,0.0,0.0,0.0,-1.0,0.0,0.5,0.0,0.0,16.0,25903.0
2026-07-30T19:00:10.863Z,180.346,180.36,0.0,7.4,0.0,0.0,0.0,0.0,0.0,0.0,0.0,0.0,1.0,0.0,0.0,0.0,9.0,4.0,0.0,0.0,0.0,0.0,0.0,0.0,0.0,0.0,2.0,12.0,1.0,12.14,5.01,2.51,1.49,0.0,0.1,0.0,0.4,0.0,0.9,1.9,0.4,-169.60000000000002,0.0,0.0,169.70000000000002,0.0,21.700000000000003,29.8,29.8,30.4,300.0,300.0,31.1,35.1,29.6,28.8,30.700000000000003,4.96,1.99,4.97,0.16,0.0,0.0,1027.0,8228.0,0.0,0.0,0.0,0.0,0.0,1.0,0.0,0.0,0.0,0.0,0.0,2.5,0.0,0.0,0.0,0.0,16.0,25903.0
2026-07-30T19:00:10.875Z,180.358,180.372,0.0,7.4,0.0,0.0,0.0,0.0,0.0,0.0,0.0,0.0,1.0,0.0,0.0,0.0,9.0,4.0,0.0,0.0,0.0,0.0,0.0,0.0,0.0,0.0,3.0,12.0,1.0,12.14,5.01,2.51,1.49,0.0,0.0,0.0,0.5,0.0,0.3,-0.4,-1.3,-169.60000000000002,0.0,0.0,169.60000000000002,0.0,21.700000000000003,29.8,29.8,30.4,300.0,300.0,31.1,35.1,29.6,28.8,30.700000000000003,4.95,1.99,4.96,0.16,0.0,0.0,1027.0,8228.0,0.0,0.0,0.0,0.0,0.0,1.0,0.0,0.0,0.0,0.0,0.0,-1.4,0.0,1.1,0.0,0.0001,16.0,25903.0
2026-07-30T19:00:10.888Z,180.371,180.384,0.0,7.4,0.0,0.0,0.0,0.0,0.0,0.0,0.0,0.0,1.0,0.0,0.0,0.0,9.0,4.0,0.0,0.0,0.0,0.0,0.0,0.0,0.0,0.0,4.0,12.0,1.0,12.14,5.01,2.51,1.49,0.0,0.0,0.0,0.4,0.0,0.3,-0.3,1.5,-169.60000000000002,0.0,0.0,169.70000000000002,0.0,21.700000000000003,29.8,29.8,30.4,300.0,300.0,31.1,35.1,29.6,28.8,30.700000000000003,4.95,1.99,4.97,0.16,0.0,0.0,1027.0,8228.0,0.0,0.0,0.0,0.0,0.0,1.0,0.0,0.0,0.0,0.0,0.0,0.7000000000000001,0.0,-1.4,0.0,0.0001,16.0,25903.0
2026-07-30T19:00:10.899Z,180.382,180.396,0.0,7.4,0.0,0.0,0.0,0.0,0.0,0.0,0.0,0.0,1.0,0.0,0.0,0.0,9.0,4.0,0.0,0.0,0.0,0.0,0.0,0.0,0.0,0.0,6.0,12.0,1.0,12.14,5.01,2.51,1.49,0.0,0.0,0.0,0.4,0.0,-0.2,0.1,-0.2,-169.60000000000002,0.0,0.0,169.60000000000002,0.0,21.700000000000003,29.8,29.8,30.4,300.0,300.0,31.1,35.1,29.6,28.8,30.700000000000003,4.95,1.99,4.96,0.16,0.0,0.0,1027.0,8228.0,0.0,0.0,0.0,0.0,0.0,1.0,0.0,0.0,0.0,0.0,0.0,0.0,0.0,0.2,0.0,0.0,16.0,25903.0
2026-07-30T19:00:10.911Z,180.394,180.408,0.0,7.4,0.0,0.0,0.0,0.0,0.0,0.0,0.0,0.0,1.0,0.0,0.0,0.0,9.0,4.0,0.0,0.0,0.0,0.0,0.0,0.0,0.0,0.0,1.0,12.0,1.0,12.14,5.01,2.51,1.49,-0.1,0.1,0.0,0.5,0.0,-0.2,-0.4,-1.3,-169.60000000000002,0.0,0.0,169.60000000000002,0.0,21.700000000000003,29.8,29.8,30.4,300.0,300.0,31.1,35.1,29.6,28.8,30.700000000000003,4.95,1.99,4.96,0.16,0.0,0.0,1027.0,8228.0,0.0,0.0,0.0,0.0,0.0,1.0,0.0,0.0,0.0,0.0,0.0,-1.5,0.0,1.0,0.0,0.0001,16.0,25903.0
2026-07-30T19:00:10.923Z,180.406,180.42,0.0,7.4,0.0,0.0,0.0,0.0,0.0,0.0,0.0,0.0,1.0,0.0,0.0,0.0,9.0,4.0,0.0,0.0,0.0,0.0,0.0,0.0,0.0,0.0,2.0,12.0,1.0,12.14,5.01,2.51,1.49,-0.1,0.1,0.0,0.4,0.0,-0.7000000000000001,0.7000000000000001,0.4,-169.60000000000002,0.0,0.0,169.60000000000002,0.0,21.700000000000003,29.8,29.8,30.4,300.0,300.0,31.1,35.1,29.6,28.8,30.700000000000003,4.95,1.99,4.97,0.16,0.0,0.0,1027.0,8228.0,0.0,0.0,0.0,0.0,0.0,1.0,0.0,0.0,0.0,0.0,0.0,1.1,0.0,-0.2,0.0,0.0,16.0,25903.0
2026-07-30T19:00:10.937Z,180.42,180.432,0.0,7.4,0.0,0.0,0.0,0.0,0.0,0.0,0.0,0.0,1.0,0.0,0.0,0.0,9.0,4.0,0.0,0.0,0.0,0.0,0.0,0.0,0.0,0.0,3.0,12.0,1.0,12.18,5.01,2.51,1.49,0.0,0.0,0.0,0.4,0.0,-0.2,-0.4,-0.7000000000000001,-169.60000000000002,0.0,0.0,169.60000000000002,0.0,21.0,29.8,29.8,30.4,300.0,300.0,31.200000000000003,35.1,29.6,28.8,30.700000000000003,4.96,1.99,4.96,0.16,0.0,0.0,1027.0,8228.0,0.0,0.0,0.0,0.0,0.0,1.0,0.0,0.0,0.0,0.0,0.0,-1.1,0.0,0.5,0.0,0.0,16.0,25903.0
2026-07-30T19:00:10.947Z,180.43,180.444,0.0,7.4,0.0,0.0,0.0,0.0,0.0,0.0,0.0,0.0,1.0,0.0,0.0,0.0,9.0,4.0,0.0,0.0,0.0,0.0,0.0,0.0,0.0,0.0,4.0,12.0,1.0,12.18,5.01,2.51,1.49,0.0,0.0,0.0,0.4,0.0,-0.2,-0.4,-0.7000000000000001,-169.60000000000002,0.0,0.0,169.60000000000002,0.0,21.0,29.8,29.8,30.4,300.0,300.0,31.200000000000003,35.1,29.6,28.8,30.700000000000003,4.96,1.99,4.97,0.16,0.0,0.0,1027.0,8228.0,0.0,0.0,0.0,0.0,0.0,1.0,0.0,0.0,0.0,0.0,0.0,-1.0,0.0,0.5,0.0,0.0,16.0,25903.0
2026-07-30T19:00:10.960Z,180.443,180.456,0.0,7.4,0.0,0.0,0.0,0.0,0.0,0.0,0.0,0.0,1.0,0.0,0.0,0.0,9.0,4.0,0.0,0.0,0.0,0.0,0.0,0.0,0.0,0.0,5.0,12.0,1.0,12.18,5.01,2.51,1.49,0.0,0.0,0.0,0.4,0.0,-0.2,-0.4,0.4,-169.60000000000002,0.0,0.0,169.70000000000002,0.0,21.0,29.8,29.8,30.4,300.0,300.0,31.200000000000003,35.1,29.6,28.8,30.700000000000003,4.95,1.99,4.97,0.16,0.0,0.0,1027.0,8228.0,0.0,0.0,0.0,0.0,0.0,1.0,0.0,0.0,0.0,0.0,0.0,-0.1,0.0,-0.5,0.0,0.0,16.0,25903.0
2026-07-30T19:00:10.971Z,180.454,180.468,0.0,7.4,0.0,0.0,0.0,0.0,0.0,0.0,0.0,0.0,1.0,0.0,0.0,0.0,9.0,4.0,0.0,0.0,0.0,0.0,0.0,0.0,0.0,0.0,6.0,12.0,1.0,12.18,5.01,2.51,1.49,0.0,0.0,0.0,0.4,0.0,-0.2,0.7000000000000001,1.0,-169.60000000000002,0.0,0.0,169.60000000000002,0.0,21.0,29.8,29.8,30.4,300.0,300.0,31.200000000000003,35.1,29.6,28.8,30.700000000000003,4.95,1.99,4.96,0.16,0.0,0.0,1027.0,8228.0,0.0,0.0,0.0,0.0,0.0,1.0,0.0,0.0,0.0,0.0,0.0,1.6,0.0,-0.7000000000000001,0.0,0.0,16.0,25903.0
2026-07-30T19:00:10.983Z,180.466,180.48,0.0,7.4,0.0,0.0,0.0,0.0,0.0,0.0,0.0,0.0,1.0,0.0,0.0,0.0,9.0,4.0,0.0,0.0,0.0,0.0,0.0,0.0,0.0,0.0,1.0,12.0,1.0,12.18,5.01,2.51,1.49,0.0,0.0,0.0,0.4,0.0,-0.2,-1.6,-0.6000000000000001,-169.60000000000002,0.0,0.0,169.70000000000002,0.0,21.0,29.8,29.8,30.4,300.0,300.0,31.200000000000003,35.1,29.6,28.8,30.700000000000003,4.96,2.0,4.96,0.16,0.0,0.0,1027.0,8228.0,0.0,0.0,0.0,0.0,0.0,1.0,0.0,0.0,0.0,0.0,0.0,-2.3000000000000003,0.0,0.2,0.0,0.0,16.0,25903.0
2026-07-30T19:00:10.996Z,180.479,180.492,0.0,7.4,0.0,0.0,0.0,0.0,0.0,0.0,0.0,0.0,1.0,0.0,0.0,0.0,9.0,4.0,0.0,0.0,0.0,0.0,0.0,0.0,0.0,0.0,2.0,12.0,1.0,12.18,5.01,2.51,1.49,0.0,0.0,0.0,0.4,0.0,-0.2,1.2000000000000002,-1.2000000000000002,-169.60000000000002,0.0,0.0,169.70000000000002,0.0,21.0,29.8,29.8,30.4,300.0,300.0,31.200000000000003,35.1,29.6,28.8,30.700000000000003,4.96,1.99,4.97,0.16,0.0,0.0,1027.0,8228.0,0.0,0.0,0.0,0.0,0.0,1.0,0.0,0.0,0.0,0.0,0.0,0.5,0.0,1.4,0.0,0.0,16.0,25903.0
2026-07-30T19:00:11.008Z,180.491,180.504,0.0,7.4,0.0,0.0,0.0,0.0,0.0,0.0,0.0,0.0,1.0,0.0,0.0,0.0,9.0,4.0,0.0,0.0,0.0,0.0,0.0,0.0,0.0,0.0,3.0,12.0,1.0,12.18,5.01,2.51,1.49,0.0,0.0,0.0,0.4,0.0,-0.2,-0.5,-0.7000000000000001,-169.60000000000002,0.0,0.0,169.70000000000002,0.0,21.0,29.8,29.8,30.4,300.0,300.0,31.200000000000003,35.1,29.6,28.8,30.700000000000003,4.95,1.99,4.97,0.16,0.0,0.0,1027.0,8228.0,0.0,0.0,0.0,0.0,0.0,1.0,0.0,0.0,0.0,0.0,0.0,-1.1,0.0,0.5,0.0,0.0,16.0,25903.0
2026-07-30T19:00:11.019Z,180.502,180.516,0.0,7.4,0.0,0.0,0.0,0.0,0.0,0.0,0.0,0.0,1.0,0.0,0.0,0.0,9.0,4.0,0.0,0.0,0.0,0.0,0.0,0.0,0.0,0.0,4.0,12.0,1.0,12.18,5.01,2.51,1.49,0.0,0.1,0.0,0.4,0.0,-0.2,-0.4,-0.1,-169.60000000000002,0.0,0.0,169.70000000000002,0.0,21.0,29.8,29.8,30.4,300.0,300.0,31.200000000000003,35.1,29.6,28.8,30.700000000000003,4.96,1.99,4.95,0.16,0.0,0.0,1027.0,8228.0,0.0,0.0,0.0,0.0,0.0,1.0,0.0,0.0,0.0,0.0,0.0,-0.6000000000000001,0.0,0.0,0.0,0.0001,16.0,25903.0
2026-07-30T19:00:11.031Z,180.514,180.528,0.0,7.4,0.0,0.0,0.0,0.0,0.0,0.0,0.0,0.0,1.0,0.0,0.0,0.0,9.0,4.0,0.0,0.0,0.0,0.0,0.0,0.0,0.0,0.0,6.0,12.0,1.0,12.18,5.01,2.51,1.49,0.0,0.0,0.0,0.4,0.0,0.3,0.0,1.0,-169.60000000000002,0.0,0.0,169.60000000000002,0.0,21.0,29.8,29.8,30.4,300.0,300.0,31.200000000000003,35.1,29.6,28.8,30.700000000000003,4.95,2.0,4.96,0.16,0.0,0.0,1027.0,8228.0,0.0,0.0,0.0,0.0,0.0,1.0,0.0,0.0,0.0,0.0,0.0,0.8,0.0,-0.8,0.0,0.0,16.0,25903.0
2026-07-30T19:00:11.043Z,180.526,180.54,0.0,7.4,0.0,0.0,0.0,0.0,0.0,0.0,0.0,0.0,1.0,0.0,0.0,0.0,9.0,4.0,0.0,0.0,0.0,0.0,0.0,0.0,0.0,0.0,1.0,12.0,1.0,12.17,5.0200000000000005,2.51,1.49,0.0,0.0,0.0,0.4,0.0,0.3,0.7000000000000001,1.6,-169.60000000000002,0.0,0.0,169.70000000000002,0.0,21.8,29.8,29.8,30.4,300.0,300.0,31.200000000000003,35.2,29.6,28.8,30.700000000000003,4.95,1.99,4.97,0.17,0.0,0.0,1027.0,8228.0,0.0,0.0,0.0,0.0,0.0,1.0,0.0,0.0,0.0,0.0,0.0,2.0,0.0,-1.2000000000000002,0.0,0.0001,16.0,25903.0
2026-07-30T19:00:11.055Z,180.538,180.552,0.0,7.4,0.0,0.0,0.0,0.0,0.0,0.0,0.0,0.0,1.0,0.0,0.0,0.0,9.0,4.0,0.0,0.0,0.0,0.0,0.0,0.0,0.0,0.0,2.0,12.0,1.0,12.17,5.0200000000000005,2.51,1.49,0.0,0.0,0.0,0.4,0.0,-0.2,0.1,1.5,-169.60000000000002,0.0,0.0,169.60000000000002,0.0,21.8,29.8,29.8,30.4,300.0,300.0,31.200000000000003,35.2,29.6,28.8,30.700000000000003,4.95,2.0,4.97,0.16,0.0,0.0,1027.0,8228.0,0.0,0.0,0.0,0.0,0.0,1.0,0.0,0.0,0.0,0.0,0.0,1.3,0.0,-1.3,0.0,0.0002,16.0,25903.0
2026-07-30T19:00:11.067Z,180.55,180.564,0.0,7.4,0.0,0.0,0.0,0.0,0.0,0.0,0.0,0.0,1.0,0.0,0.0,0.0,9.0,4.0,0.0,0.0,0.0,0.0,0.0,0.0,0.0,0.0,3.0,12.0,1.0,12.17,5.0200000000000005,2.51,1.49,0.0,0.1,0.0,0.4,0.0,0.3,0.1,1.0,-169.60000000000002,0.0,0.0,169.8,0.0,21.8,29.8,29.8,30.4,300.0,300.0,31.200000000000003,35.2,29.6,28.8,30.700000000000003,4.96,2.0,4.96,0.16,0.0,0.0,1027.0,8228.0,0.0,0.0,0.0,0.0,0.0,1.0,0.0,0.0,0.0,0.0,0.0,0.8,0.0,-0.8,0.0,0.0001,16.0,25903.0
2026-07-30T19:00:11.079Z,180.562,180.576,0.0,7.4,0.0,0.0,0.0,0.0,0.0,0.0,0.0,0.0,1.0,0.0,0.0,0.0,9.0,4.0,0.0,0.0,0.0,0.0,0.0,0.0,0.0,0.0,5.0,12.0,1.0,12.17,5.0200000000000005,2.51,1.49,0.0,0.0,0.0,0.4,0.0,-0.2,0.6000000000000001,-0.1,-169.60000000000002,0.0,0.0,169.70000000000002,0.0,21.8,29.8,29.8,30.4,300.0,300.0,31.200000000000003,35.2,29.6,28.8,30.700000000000003,4.95,1.99,4.97,0.16,0.0,0.0,1027.0,8228.0,0.0,0.0,0.0,0.0,0.0,1.0,0.0,0.0,0.0,0.0,0.0,0.6000000000000001,0.0,0.2,0.0,0.0002,16.0,25903.0
2026-07-30T19:00:11.091Z,180.574,180.588,0.0,7.4,0.0,0.0,0.0,0.0,0.0,0.0,0.0,0.0,1.0,0.0,0.0,0.0,9.0,4.0,0.0,0.0,0.0,0.0,0.0,0.0,0.0,0.0,6.0,12.0,1.0,12.17,5.0200000000000005,2.51,1.49,0.0,0.0,0.0,0.5,0.0,0.9,0.0,0.4,-169.60000000000002,0.0,0.0,169.70000000000002,0.0,21.8,29.8,29.8,30.4,300.0,300.0,31.200000000000003,35.2,29.6,28.8,30.700000000000003,4.95,1.99,4.96,0.16,0.0,0.0,1027.0,8228.0,0.0,0.0,0.0,0.0,0.0,1.0,0.0,0.0,0.0,0.0,0.0,0.3,0.0,-0.3,0.0,0.0,16.0,25903.0
2026-07-30T19:00:11.103Z,180.586,180.6,0.0,7.4,0.0,0.0,0.0,0.0,0.0,0.0,0.0,0.0,1.0,0.0,0.0,0.0,9.0,4.0,0.0,0.0,0.0,0.0,0.0,0.0,0.0,0.0,1.0,12.0,1.0,12.17,5.0200000000000005,2.51,1.49,0.0,0.0,0.0,0.4,0.0,-0.1,-0.5,0.4,-169.60000000000002,0.0,0.0,169.8,0.0,21.8,29.8,29.8,30.4,300.0,300.0,31.200000000000003,35.2,29.6,28.8,30.700000000000003,4.96,1.99,4.96,0.16,0.0,0.0,1027.0,8228.0,0.0,0.0,0.0,0.0,0.0,1.0,0.0,0.0,0.0,0.0,0.0,-0.2,0.0,-0.5,0.0,0.0,16.0,25903.0
2026-07-30T19:00:11.115Z,180.598,180.612,0.0,7.4,0.0,0.0,0.0,0.0,0.0,0.0,0.0,0.0,1.0,0.0,0.0,0.0,9.0,4.0,0.0,0.0,0.0,0.0,0.0,0.0,0.0,0.0,2.0,12.0,1.0,12.17,5.0200000000000005,2.51,1.49,0.0,0.0,0.0,0.5,0.0,0.4,0.6000000000000001,0.4,-169.60000000000002,0.0,0.0,169.70000000000002,0.0,21.8,29.8,29.8,30.4,300.0,300.0,31.200000000000003,35.2,29.6,28.8,30.700000000000003,4.95,1.99,4.96,0.16,0.0,0.0,1027.0,8228.0,0.0,0.0,0.0,0.0,0.0,1.0,0.0,0.0,0.0,0.0,0.0,1.1,0.0,-0.3,0.0,0.0,16.0,25903.0
2026-07-30T19:00:11.127Z,180.61,180.624,0.0,7.4,0.0,0.0,0.0,0.0,0.0,0.0,0.0,0.0,1.0,0.0,0.0,0.0,9.0,4.0,0.0,0.0,0.0,0.0,0.0,0.0,0.0,0.0,3.0,12.0,1.0,12.17,5.0200000000000005,2.51,1.49,0.0,0.0,0.0,0.4,0.0,1.0,-0.5,0.0,-169.60000000000002,0.0,0.0,169.70000000000002,0.0,21.8,29.8,29.8,30.4,300.0,300.0,31.200000000000003,35.2,29.6,28.8,30.700000000000003,4.95,1.99,4.97,0.16,0.0,0.0,1027.0,8228.0,0.0,0.0,0.0,0.0,0.0,1.0,0.0,0.0,0.0,0.0,0.0,-0.6000000000000001,0.0,0.0,0.0,0.0001,16.0,25903.0
2026-07-30T19:00:11.140Z,180.623,180.636,0.0,7.4,0.0,0.0,0.0,0.0,0.0,0.0,0.0,0.0,1.0,0.0,0.0,0.0,9.0,4.0,0.0,0.0,0.0,0.0,0.0,0.0,0.0,0.0,4.0,12.0,1.0,12.15,5.01,2.51,1.49,0.0,0.0,0.0,0.4,0.0,-0.1,1.8,-0.1,-169.60000000000002,0.0,0.0,169.70000000000002,0.0,21.9,29.8,29.8,30.4,300.0,300.0,31.1,35.1,29.6,28.8,30.700000000000003,4.95,2.0,4.96,0.16,0.0,0.0,1027.0,8228.0,0.0,0.0,0.0,0.0,0.0,1.0,0.0,0.0,0.0,0.0,0.0,1.9,0.0,0.5,0.0,0.0001,16.0,25903.0
2026-07-30T19:00:11.151Z,180.634,180.648,0.0,7.4,0.0,0.0,0.0,0.0,0.0,0.0,0.0,0.0,1.0,0.0,0.0,0.0,9.0,4.0,0.0,0.0,0.0,0.0,0.0,0.0,0.0,0.0,5.0,12.0,1.0,12.15,5.01,2.51,1.49,0.0,0.0,0.0,0.4,0.0,-0.1,1.2000000000000002,0.4,-169.60000000000002,0.0,0.0,169.8,0.0,21.9,29.8,29.8,30.4,300.0,300.0,31.1,35.1,29.6,28.8,30.700000000000003,4.96,2.0,4.96,0.16,0.0,0.0,1027.0,8228.0,0.0,0.0,0.0,0.0,0.0,1.0,0.0,0.0,0.0,0.0,0.0,1.7000000000000002,0.0,-0.1,0.0,0.0,16.0,25903.0
2026-07-30T19:00:11.163Z,180.646,180.66,0.0,7.4,0.0,0.0,0.0,0.0,0.0,0.0,0.0,0.0,1.0,0.0,0.0,0.0,9.0,4.0,0.0,0.0,0.0,0.0,0.0,0.0,0.0,0.0,6.0,12.0,1.0,12.15,5.01,2.51,1.49,0.0,0.0,0.0,0.4,0.0,-0.8,1.2000000000000002,-0.2,-169.60000000000002,0.0,0.0,169.70000000000002,0.0,21.9,29.8,29.8,30.4,300.0,300.0,31.1,35.1,29.6,28.8,30.700000000000003,4.95,2.0,4.97,0.16,0.0,0.0,1027.0,8228.0,0.0,0.0,0.0,0.0,0.0,1.0,0.0,0.0,0.0,0.0,0.0,1.2000000000000002,0.0,0.4,0.0,0.0002,16.0,25903.0
2026-07-30T19:00:11.175Z,180.658,180.672,0.0,7.4,0.0,0.0,0.0,0.0,0.0,0.0,0.0,0.0,1.0,0.0,0.0,0.0,9.0,4.0,0.0,0.0,0.0,0.0,0.0,0.0,0.0,0.0,4.0,12.0,1.0,12.15,5.01,2.51,1.49,0.0,0.0,0.0,0.4,0.0,0.3,-1.0,-0.1,-169.60000000000002,0.0,0.0,169.70000000000002,0.0,21.9,29.8,29.8,30.4,300.0,300.0,31.1,35.1,29.6,28.8,30.700000000000003,4.96,1.99,4.96,0.16,0.0,0.0,1027.0,8228.0,0.0,0.0,0.0,0.0,0.0,1.0,0.0,0.0,0.0,0.0,0.0,-1.3,0.0,0.0,0.0,0.0001,16.0,25903.0
2026-07-30T19:00:11.187Z,180.67,180.684,0.0,7.4,0.0,0.0,0.0,0.0,0.0,0.0,0.0,0.0,1.0,0.0,0.0,0.0,9.0,4.0,0.0,0.0,0.0,0.0,0.0,0.0,0.0,0.0,4.0,12.0,1.0,12.15,5.01,2.51,1.49,0.0,0.0,0.0,0.4,0.0,-0.1,0.1,-0.1,-169.60000000000002,0.0,0.0,169.60000000000002,0.0,21.9,29.8,29.8,30.4,300.0,300.0,31.1,35.1,29.6,28.8,30.700000000000003,4.96,1.99,4.96,0.16,0.0,0.0,1027.0,8228.0,0.0,0.0,0.0,0.0,0.0,1.0,0.0,0.0,0.0,0.0,0.0,0.0,0.0,0.1,0.0,0.0001,16.0,25903.0
2026-07-30T19:00:11.200Z,180.683,180.696,0.0,7.4,0.0,0.0,0.0,0.0,0.0,0.0,0.0,0.0,1.0,0.0,0.0,0.0,9.0,4.0,0.0,0.0,0.0,0.0,0.0,0.0,0.0,0.0,5.0,12.0,1.0,12.15,5.01,2.51,1.49,0.0,0.0,0.0,0.4,0.0,0.3,1.2000000000000002,0.4,-169.60000000000002,0.0,0.0,169.70000000000002,0.0,21.9,29.8,29.8,30.4,300.0,300.0,31.1,35.1,29.6,28.8,30.700000000000003,4.95,1.99,4.96,0.16,0.0,0.0,1027.0,8228.0,0.0,0.0,0.0,0.0,0.0,1.0,0.0,0.0,0.0,0.0,0.0,1.7000000000000002,0.0,-0.1,0.0,0.0001,16.0,25903.0
2026-07-30T19:00:11.212Z,180.695,180.708,0.0,7.4,0.0,0.0,0.0,0.0,0.0,0.0,0.0,0.0,1.0,0.0,0.0,0.0,9.0,4.0,0.0,0.0,0.0,0.0,0.0,0.0,0.0,0.0,6.0,12.0,1.0,12.15,5.01,2.51,1.49,0.0,0.1,0.0,0.4,0.0,0.3,1.2000000000000002,0.4,-169.60000000000002,0.0,0.0,169.70000000000002,0.0,21.9,29.8,29.8,30.4,300.0,300.0,31.1,35.1,29.6,28.8,30.700000000000003,4.95,1.99,4.97,0.16,0.0,0.0,1027.0,8228.0,0.0,0.0,0.0,0.0,0.0,1.0,0.0,0.0,0.0,0.0,0.0,1.7000000000000002,0.0,-0.1,0.0,0.0,16.0,25903.0
2026-07-30T19:00:11.223Z,180.706,180.72,0.0,7.4,0.0,0.0,0.0,0.0,0.0,0.0,0.0,0.0,1.0,0.0,0.0,0.0,9.0,4.0,0.0,0.0,0.0,0.0,0.0,0.0,0.0,0.0,2.0,12.0,1.0,12.15,5.01,2.51,1.49,0.0,0.0,0.0,0.4,0.0,0.3,-0.5,0.4,-169.60000000000002,0.0,0.0,169.70000000000002,0.0,21.9,29.8,29.8,30.4,300.0,300.0,31.1,35.1,29.6,28.8,30.700000000000003,4.96,1.99,4.96,0.16,0.0,0.0,1027.0,8228.0,0.0,0.0,0.0,0.0,0.0,1.0,0.0,0.0,0.0,0.0,0.0,-0.2,0.0,-0.5,0.0,0.0,16.0,25903.0
2026-07-30T19:00:11.235Z,180.718,180.732,0.0,7.4,0.0,0.0,0.0,0.0,0.0,0.0,0.0,0.0,1.0,0.0,0.0,0.0,9.0,4.0,0.0,0.0,0.0,0.0,0.0,0.0,0.0,0.0,3.0,12.0,1.0,12.15,5.01,2.51,1.49,0.0,0.0,0.0,0.4,0.0,0.3,-0.5,-0.6000000000000001,-169.60000000000002,0.0,0.0,169.70000000000002,0.0,21.9,29.8,29.8,30.4,300.0,300.0,31.1,35.1,29.6,28.8,30.700000000000003,4.96,1.99,4.97,0.16,0.0,0.0,1027.0,8228.0,0.0,0.0,0.0,0.0,0.0,1.0,0.0,0.0,0.0,0.0,0.0,-1.1,0.0,0.4,0.0,0.0001,16.0,25903.0
2026-07-30T19:00:11.247Z,180.73,180.744,0.0,7.4,0.0,0.0,0.0,0.0,0.0,0.0,0.0,0.0,1.0,0.0,0.0,0.0,9.0,4.0,0.0,0.0,0.0,0.0,0.0,0.0,0.0,0.0,4.0,12.0,1.0,12.18,5.01,2.51,1.5,0.0,0.0,0.0,0.4,0.0,0.3,0.0,-0.6000000000000001,-169.60000000000002,0.0,0.0,169.70000000000002,0.0,21.4,29.8,29.8,30.4,300.0,300.0,31.200000000000003,35.2,29.6,28.8,30.700000000000003,4.95,2.0,4.97,0.16,0.0,0.0,1027.0,8228.0,0.0,0.0,0.0,0.0,0.0,1.0,0.0,0.0,0.0,0.0,0.0,-0.4,0.0,0.5,0.0,0.0,16.0,25903.0
2026-07-30T19:00:11.259Z,180.742,180.756,0.0,7.4,0.0,0.0,0.0,0.0,0.0,0.0,0.0,0.0,1.0,0.0,0.0,0.0,9.0,4.0,0.0,0.0,0.0,0.0,0.0,0.0,0.0,0.0,5.0,12.0,1.0,12.18,5.01,2.51,1.5,0.0,0.0,0.0,0.4,0.0,0.8,-0.5,0.0,-169.60000000000002,0.0,0.0,169.8,0.0,21.4,29.8,29.8,30.4,300.0,300.0,31.200000000000003,35.2,29.6,28.8,30.700000000000003,4.96,2.0,4.96,0.16,0.0,0.0,1027.0,8228.0,0.0,0.0,0.0,0.0,0.0,1.0,0.0,0.0,0.0,0.0,0.0,-0.6000000000000001,0.0,0.0,0.0,0.0,16.0,25903.0
2026-07-30T19:00:11.271Z,180.754,180.768,0.0,7.4,0.0,0.0,0.0,0.0,0.0,0.0,0.0,0.0,1.0,0.0,0.0,0.0,9.0,4.0,0.0,0.0,0.0,0.0,0.0,0.0,0.0,0.0,6.0,12.0,1.0,12.18,5.01,2.51,1.5,0.0,0.0,0.0,0.4,0.0,0.8,0.0,0.5,-169.60000000000002,0.0,0.0,169.70000000000002,0.0,21.4,29.8,29.8,30.4,300.0,300.0,31.200000000000003,35.2,29.6,28.8,30.700000000000003,4.95,2.0,4.96,0.16,0.0,0.0,1027.0,8228.0,0.0,0.0,0.0,0.0,0.0,1.0,0.0,0.0,0.0,0.0,0.0,0.4,0.0,-0.4,0.0,0.0002,16.0,25903.0
2026-07-30T19:00:11.283Z,180.766,180.78,0.0,7.4,0.0,0.0,0.0,0.0,0.0,0.0,0.0,0.0,1.0,0.0,0.0,0.0,9.0,4.0,0.0,0.0,0.0,0.0,0.0,0.0,0.0,0.0,1.0,12.0,1.0,12.18,5.01,2.51,1.5,0.0,0.0,0.0,0.4,0.0,1.4,0.0,1.0,-169.60000000000002,0.0,0.0,169.70000000000002,0.0,21.4,29.8,29.8,30.4,300.0,300.0,31.200000000000003,35.2,29.6,28.8,30.700000000000003,4.95,1.99,4.97,0.16,0.0,0.0,1027.0,8228.0,0.0,0.0,0.0,0.0,0.0,1.0,0.0,0.0,0.0,0.0,0.0,0.7000000000000001,0.0,-0.8,0.0,0.0001,16.0,25903.0
2026-07-30T19:00:11.295Z,180.778,180.792,0.0,7.4,0.0,0.0,0.0,0.0,0.0,0.0,0.0,0.0,1.0,0.0,0.0,0.0,9.0,4.0,0.0,0.0,0.0,0.0,0.0,0.0,0.0,0.0,2.0,12.0,1.0,12.18,5.01,2.51,1.5,0.0,0.0,0.0,0.4,0.0,0.2,0.0,-1.3,-169.60000000000002,0.0,0.0,169.70000000000002,0.0,21.4,29.8,29.8,30.4,300.0,300.0,31.200000000000003,35.2,29.6,28.8,30.700000000000003,4.96,1.99,4.97,0.16,0.0,0.0,1027.0,8228.0,0.0,0.0,0.0,0.0,0.0,1.0,0.0,0.0,0.0,0.0,0.0,-0.9,0.0,1.1,0.0,0.0001,16.0,25903.0
2026-07-30T19:00:11.307Z,180.79,180.804,0.0,7.4,0.0,0.0,0.0,0.0,0.0,0.0,0.0,0.0,1.0,0.0,0.0,0.0,9.0,4.0,0.0,0.0,0.0,0.0,0.0,0.0,0.0,0.0,3.0,12.0,1.0,12.18,5.01,2.51,1.5,0.0,0.0,0.0,0.4,0.0,1.4,-0.5,1.6,-169.60000000000002,0.0,0.0,169.8,0.0,21.4,29.8,29.8,30.4,300.0,300.0,31.200000000000003,35.2,29.6,28.8,30.700000000000003,4.96,1.99,4.96,0.16,0.0,0.0,1027.0,8228.0,0.0,0.0,0.0,0.0,0.0,1.0,0.0,0.0,0.0,0.0,0.0,0.5,0.0,-1.5,0.0,0.0,16.0,25903.0
2026-07-30T19:00:11.319Z,180.802,180.816,0.0,7.4,0.0,0.0,0.0,0.0,0.0,0.0,0.0,0.0,1.0,0.0,0.0,0.0,9.0,4.0,0.0,0.0,0.0,0.0,0.0,0.0,0.0,0.0,4.0,12.0,1.0,12.18,5.01,2.51,1.5,0.0,0.0,0.0,0.4,0.0,0.2,1.7000000000000002,1.6,-169.60000000000002,0.0,0.0,169.8,0.0,21.4,29.8,29.8,30.4,300.0,300.0,31.200000000000003,35.2,29.6,28.8,30.700000000000003,4.95,1.99,4.97,0.16,0.0,0.0,1027.0,8228.0,0.0,0.0,0.0,0.0,0.0,1.0,0.0,0.0,0.0,0.0,0.0,3.1,0.0,-1.0,0.0,0.0002,16.0,25903.0
2026-07-30T19:00:11.331Z,180.814,180.828,0.0,7.4,0.0,0.0,0.0,0.0,0.0,0.0,0.0,0.0,1.0,0.0,0.0,0.0,9.0,4.0,0.0,0.0,0.0,0.0,0.0,0.0,0.0,0.0,5.0,12.0,1.0,12.18,5.01,2.51,1.5,-0.1,0.0,0.0,0.4,0.0,-0.9,-0.5,-0.1,-169.60000000000002,0.0,0.0,169.70000000000002,0.0,21.4,29.8,29.8,30.4,300.0,300.0,31.200000000000003,35.2,29.6,28.8,30.700000000000003,4.95,1.99,4.96,0.16,0.0,0.0,1027.0,8228.0,0.0,0.0,0.0,0.0,0.0,1.0,0.0,0.0,0.0,0.0,0.0,-0.7000000000000001,0.0,0.0,0.0,0.0,16.0,25903.0
2026-07-30T19:00:11.344Z,180.827,180.84,0.0,7.4,0.0,0.0,0.0,0.0,0.0,0.0,0.0,0.0,1.0,0.0,0.0,0.0,9.0,4.0,0.0,0.0,0.0,0.0,0.0,0.0,0.0,0.0,6.0,12.0,1.0,12.15,5.01,2.5,1.49,0.0,0.1,0.0,0.4,0.0,0.8,1.1,1.6,-169.70000000000002,0.0,0.0,169.8,0.0,21.8,29.8,29.8,30.4,300.0,300.0,31.200000000000003,35.2,29.6,28.9,30.700000000000003,4.95,2.0,4.96,0.16,0.0,0.0,1027.0,8228.0,0.0,0.0,0.0,0.0,0.0,1.0,0.0,0.0,0.0,0.0,0.0,1.0,0.0,-2.0,0.0,0.0001,16.0,25903.0
2026-07-30T19:00:11.355Z,180.838,180.852,0.0,7.4,0.0,0.0,0.0,0.0,0.0,0.0,0.0,0.0,1.0,0.0,0.0,0.0,9.0,4.0,0.0,0.0,0.0,0.0,0.0,0.0,0.0,0.0,2.0,12.0,1.0,12.15,5.01,2.5,1.49,0.0,0.0,0.0,0.4,0.0,0.2,0.6000000000000001,-1.3,-169.70000000000002,0.0,0.0,169.8,0.0,21.8,29.8,29.8,30.4,300.0,300.0,31.200000000000003,35.2,29.6,28.9,30.700000000000003,4.95,2.0,4.96,0.16,0.0,0.0,1027.0,8228.0,0.0,0.0,0.0,0.0,0.0,1.0,0.0,0.0,0.0,0.0,0.0,0.1,0.0,-1.0,0.0,0.0001,16.0,25903.0
2026-07-30T19:00:11.367Z,180.85,180.864,0.0,7.4,0.0,0.0,0.0,0.0,0.0,0.0,0.0,0.0,1.0,0.0,0.0,0.0,9.0,4.0,0.0,0.0,0.0,0.0,0.0,0.0,0.0,0.0,3.0,12.0,1.0,12.15,5.01,2.5,1.49,0.0,0.0,0.0,0.4,0.0,-0.2,-1.1,0.4,-169.70000000000002,0.0,0.0,169.8,0.0,21.8,29.8,29.8,30.4,300.0,300.0,31.200000000000003,35.2,29.6,28.9,30.700000000000003,4.95,1.99,4.97,0.16,0.0,0.0,1027.0,8228.0,0.0,0.0,0.0,0.0,0.0,1.0,0.0,0.0,0.0,0.0,0.0,-1.8,0.0,0.4,0.0,0.0001,16.0,25903.0
2026-07-30T19:00:11.379Z,180.862,180.876,0.0,7.4,0.0,0.0,0.0,0.0,0.0,0.0,0.0,0.0,1.0,0.0,0.0,0.0,9.0,4.0,0.0,0.0,0.0,0.0,0.0,0.0,0.0,0.0,5.0,12.0,1.0,12.15,5.01,2.5,1.49,0.0,0.0,0.0,0.4,0.0,0.8,0.0,-0.7000000000000001,-169.70000000000002,0.0,0.0,169.70000000000002,0.0,21.8,29.8,29.8,30.4,300.0,300.0,31.200000000000003,35.2,29.6,28.9,30.700000000000003,4.95,2.0,4.96,0.16,0.0,0.0,1027.0,8228.0,0.0,0.0,0.0,0.0,0.0,1.0,0.0,0.0,0.0,0.0,0.0,-0.5,0.0,0.7000000000000001,0.0,0.0001,16.0,25903.0
2026-07-30T19:00:11.391Z,180.874,180.888,0.0,7.4,0.0,0.0,0.0,0.0,0.0,0.0,0.0,0.0,1.0,0.0,0.0,0.0,9.0,4.0,0.0,0.0,0.0,0.0,0.0,0.0,0.0,0.0,6.0,12.0,1.0,12.15,5.01,2.5,1.49,0.0,0.0,0.0,0.4,0.0,-0.2,0.6000000000000001,0.4,-169.70000000000002,0.0,0.0,169.8,0.0,21.8,29.8,29.8,30.4,300.0,300.0,31.200000000000003,35.2,29.6,28.9,30.700000000000003,4.96,1.99,4.96,0.16,0.0,0.0,1027.0,8228.0,0.0,0.0,0.0,0.0,0.0,1.0,0.0,0.0,0.0,0.0,0.0,1.0,0.0,-0.2,0.0,0.0002,16.0,25903.0
2026-07-30T19:00:11.403Z,180.886,180.9,0.0,7.4,0.0,0.0,0.0,0.0,0.0,0.0,0.0,0.0,1.0,0.0,0.0,0.0,9.0,4.0,0.0,0.0,0.0,0.0,0.0,0.0,0.0,0.0,2.0,12.0,1.0,12.15,5.01,2.5,1.49,0.0,0.0,0.0,0.4,0.0,-0.2,0.0,-0.7000000000000001,-169.70000000000002,0.0,0.0,169.70000000000002,0.0,21.8,29.8,29.8,30.4,300.0,300.0,31.200000000000003,35.2,29.6,28.9,30.700000000000003,4.95,1.99,4.97,0.16,0.0,0.0,1027.0,8228.0,0.0,0.0,0.0,0.0,0.0,1.0,0.0,0.0,0.0,0.0,0.0,-0.4,0.0,0.6000000000000001,0.0,0.0002,16.0,25903.0
2026-07-30T19:00:11.415Z,180.898,180.912,0.0,7.4,0.0,0.0,0.0,0.0,0.0,0.0,0.0,0.0,1.0,0.0,0.0,0.0,9.0,4.0,0.0,0.0,0.0,0.0,0.0,0.0,0.0,0.0,3.0,12.0,1.0,12.15,5.01,2.5,1.49,0.0,0.0,0.0,0.5,0.0,-0.8,-1.6,0.3,-169.70000000000002,0.0,0.0,169.70000000000002,0.0,21.8,29.8,29.8,30.4,300.0,300.0,31.200000000000003,35.2,29.6,28.9,30.700000000000003,4.96,2.0,4.96,0.16,0.0,0.0,1027.0,8228.0,0.0,0.0,0.0,0.0,0.0,1.0,0.0,0.0,0.0,0.0,0.0,-1.6,0.0,-0.6000000000000001,0.0,0.0,16.0,25903.0
2026-07-30T19:00:11.427Z,180.91,180.924,0.0,7.4,0.0,0.0,0.0,0.0,0.0,0.0,0.0,0.0,1.0,0.0,0.0,0.0,9.0,4.0,0.0,0.0,0.0,0.0,0.0,0.0,0.0,0.0,5.0,12.0,1.0,12.15,5.01,2.5,1.49,0.0,0.0,0.0,0.4,0.0,-0.8,0.0,-0.1,-169.70000000000002,0.0,0.0,169.8,0.0,21.8,29.8,29.8,30.4,300.0,300.0,31.200000000000003,35.2,29.6,28.9,30.700000000000003,4.96,2.0,4.96,0.16,0.0,0.0,1027.0,8228.0,0.0,0.0,0.0,0.0,0.0,1.0,0.0,0.0,0.0,0.0,0.0,0.0,0.0,0.1,0.0,0.0,16.0,25903.0
2026-07-30T19:00:11.439Z,180.922,180.936,0.0,7.4,0.0,0.0,0.0,0.0,0.0,0.0,0.0,0.0,1.0,0.0,0.0,0.0,9.0,4.0,0.0,0.0,0.0,0.0,0.0,0.0,0.0,0.0,6.0,12.0,1.0,12.15,5.01,2.5,1.49,0.0,0.0,0.0,0.4,0.0,0.2,0.6000000000000001,-0.7000000000000001,-169.70000000000002,0.0,0.0,169.70000000000002,0.0,21.8,29.8,29.8,30.4,300.0,300.0,31.200000000000003,35.2,29.6,28.9,30.700000000000003,4.95,1.99,4.96,0.16,0.0,0.0,1027.0,8228.0,0.0,0.0,0.0,0.0,0.0,1.0,0.0,0.0,0.0,0.0,0.0,0.1,0.0,0.8,0.0,0.0001,16.0,25903.0
2026-07-30T19:00:11.451Z,180.934,180.948,0.0,7.4,0.0,0.0,0.0,0.0,0.0,0.0,0.0,0.0,1.0,0.0,0.0,0.0,9.0,4.0,0.0,0.0,0.0,0.0,0.0,0.0,0.0,0.0,2.0,12.0,1.0,12.17,5.0200000000000005,2.51,1.49,0.0,0.0,0.0,0.4,0.0,0.2,-0.4,-0.1,-169.70000000000002,0.0,0.0,169.8,0.0,21.3,29.8,29.8,30.4,300.0,300.0,31.1,35.1,29.6,28.9,30.700000000000003,4.95,1.99,4.97,0.16,0.0,0.0,1027.0,8228.0,0.0,0.0,0.0,0.0,0.0,1.0,0.0,0.0,0.0,0.0,0.0,-0.6000000000000001,0.0,0.0,0.0,0.0001,16.0,25903.0
2026-07-30T19:00:11.463Z,180.946,180.96,0.0,7.4,0.0,0.0,0.0,0.0,0.0,0.0,0.0,0.0,1.0,0.0,0.0,0.0,9.0,4.0,0.0,0.0,0.0,0.0,0.0,0.0,0.0,0.0,3.0,12.0,1.0,12.17,5.0200000000000005,2.51,1.49,0.0,0.0,0.0,0.4,0.0,-0.3,-1.0,-0.7000000000000001,-169.70000000000002,0.0,0.0,169.8,0.0,21.3,29.8,29.8,30.4,300.0,300.0,31.1,35.1,29.6,28.9,30.700000000000003,4.96,2.0,4.96,0.16,0.0,0.0,1027.0,8228.0,0.0,0.0,0.0,0.0,0.0,1.0,0.0,0.0,0.0,0.0,0.0,-1.7000000000000002,0.0,0.4,0.0,0.0002,16.0,25903.0
2026-07-30T19:00:11.481Z,180.964,180.972,0.0,7.4,0.0,0.0,0.0,0.0,0.0,0.0,0.0,0.0,1.0,0.0,0.0,0.0,9.0,4.0,0.0,0.0,0.0,0.0,0.0,0.0,0.0,0.0,4.0,12.0,1.0,12.17,5.0200000000000005,2.51,1.49,0.0,0.0,0.0,0.4,0.0,0.2,0.1,1.0,-169.70000000000002,0.0,0.0,169.8,0.0,21.3,29.8,29.8,30.4,300.0,300.0,31.1,35.1,29.6,28.9,30.700000000000003,4.96,1.99,4.97,0.16,0.0,0.0,1027.0,8228.0,0.0,0.0,0.0,0.0,0.0,1.0,0.0,0.0,0.0,0.0,0.0,0.8,0.0,-0.8,0.0,0.0,16.0,25903.0
2026-07-30T19:00:11.488Z,180.971,180.984,0.0,7.4,0.0,0.0,0.0,0.0,0.0,0.0,0.0,0.0,1.0,0.0,0.0,0.0,9.0,4.0,0.0,0.0,0.0,0.0,0.0,0.0,0.0,0.0,3.0,12.0,1.0,12.17,5.0200000000000005,2.51,1.49,0.0,0.0,0.0,0.4,0.0,-0.9,0.1,-1.3,-169.70000000000002,0.0,0.0,169.8,0.0,21.3,29.8,29.8,30.4,300.0,300.0,31.1,35.1,29.6,28.9,30.700000000000003,4.95,1.99,4.97,0.16,0.0,0.0,1027.0,8228.0,0.0,0.0,0.0,0.0,0.0,1.0,0.0,0.0,0.0,0.0,0.0,-0.9,0.0,1.2000000000000002,0.0,0.0,16.0,25903.0
2026-07-30T19:00:11.499Z,180.982,180.996,0.0,7.4,0.0,0.0,0.0,0.0,0.0,0.0,0.0,0.0,1.0,0.0,0.0,0.0,9.0,4.0,0.0,0.0,0.0,0.0,0.0,0.0,0.0,0.0,1.0,12.0,1.0,12.17,5.0200000000000005,2.51,1.49,0.0,0.0,0.0,0.4,0.0,-0.3,-1.0,0.3,-169.70000000000002,0.0,0.0,169.8,0.0,21.3,29.8,29.8,30.4,300.0,300.0,31.1,35.1,29.6,28.9,30.700000000000003,4.96,1.99,4.96,0.16,0.0,0.0,1027.0,8228.0,0.0,0.0,0.0,0.0,0.0,1.0,0.0,0.0,0.0,0.0,0.0,-0.9,0.0,-0.5,0.0,0.0,16.0,25903.0
2026-07-30T19:00:11.511Z,180.994,181.008,0.0,7.4,0.0,0.0,0.0,0.0,0.0,0.0,0.0,0.0,1.0,0.0,0.0,0.0,9.0,4.0,0.0,0.0,0.0,0.0,0.0,0.0,0.0,0.0,2.0,12.0,1.0,12.17,5.0200000000000005,2.51,1.49,0.0,0.1,0.0,0.4,0.0,0.2,0.6000000000000001,-0.1,-169.70000000000002,0.0,0.0,169.8,0.0,21.3,29.8,29.8,30.4,300.0,300.0,31.1,35.1,29.6,28.9,30.700000000000003,4.95,1.99,4.96,0.16,0.0,0.0,1027.0,8228.0,0.0,0.0,0.0,0.0,0.0,1.0,0.0,0.0,0.0,0.0,0.0,0.6000000000000001,0.0,0.2,0.0,0.0,16.0,25903.0
2026-07-30T19:00:11.523Z,181.006,181.02,0.0,7.4,0.0,0.0,0.0,0.0,0.0,0.0,0.0,0.0,1.0,0.0,0.0,0.0,9.0,4.0,0.0,0.0,0.0,0.0,0.0,0.0,0.0,0.0,4.0,12.0,1.0,12.17,5.0200000000000005,2.51,1.49,0.0,0.0,0.0,0.4,0.0,-0.3,1.2000000000000002,0.4,-169.70000000000002,0.0,0.0,169.8,0.0,21.3,29.8,29.8,30.4,300.0,300.0,31.1,35.1,29.6,28.9,30.700000000000003,4.95,1.99,4.97,0.16,0.0,0.0,1027.0,8228.0,0.0,0.0,0.0,0.0,0.0,1.0,0.0,0.0,0.0,0.0,0.0,1.7000000000000002,0.0,-0.1,0.0,0.0001,16.0,25903.0
2026-07-30T19:00:11.535Z,181.018,181.032,0.0,7.4,0.0,0.0,0.0,0.0,0.0,0.0,0.0,0.0,1.0,0.0,0.0,0.0,9.0,4.0,0.0,0.0,0.0,0.0,0.0,0.0,0.0,0.0,5.0,12.0,1.0,12.17,5.0200000000000005,2.51,1.49,0.0,0.0,0.0,0.4,0.0,-0.8,0.6000000000000001,1.0,-169.70000000000002,0.0,0.0,169.8,0.0,21.3,29.8,29.8,30.4,300.0,300.0,31.1,35.1,29.6,28.9,30.700000000000003,4.95,2.0,4.97,0.16,0.0,0.0,1027.0,8228.0,0.0,0.0,0.0,0.0,0.0,1.0,0.0,0.0,0.0,0.0,0.0,1.5,0.0,-0.7000000000000001,0.0,0.0,16.0,25903.0
2026-07-30T19:00:11.548Z,181.031,181.044,0.0,7.4,0.0,0.0,0.0,0.0,0.0,0.0,0.0,0.0,1.0,0.0,0.0,0.0,9.0,4.0,0.0,0.0,0.0,0.0,0.0,0.0,0.0,0.0,6.0,12.0,1.0,12.17,5.01,2.51,1.49,0.0,0.0,0.0,0.4,0.0,-0.3,0.6000000000000001,0.4,-169.70000000000002,0.0,0.0,169.8,0.0,21.9,29.8,29.8,30.4,300.0,300.0,31.1,35.1,29.6,28.9,30.700000000000003,4.96,2.0,4.96,0.16,0.0,0.0,1027.0,8228.0,0.0,0.0,0.0,0.0,0.0,1.0,0.0,0.0,0.0,0.0,0.0,1.1,0.0,-0.2,0.0,0.0,16.0,25903.0
2026-07-30T19:00:11.560Z,181.043,181.056,0.0,7.4,0.0,0.0,0.0,0.0,0.0,0.0,0.0,0.0,1.0,0.0,0.0,0.0,9.0,4.0,0.0,0.0,0.0,0.0,0.0,0.0,0.0,0.0,1.0,12.0,1.0,12.17,5.01,2.51,1.49,0.0,0.0,0.0,0.4,0.0,0.2,0.1,0.4,-169.70000000000002,0.0,0.0,169.8,0.0,21.9,29.8,29.8,30.4,300.0,300.0,31.1,35.1,29.6,28.9,30.700000000000003,4.95,1.99,4.97,0.16,0.0,0.0,1027.0,8228.0,0.0,0.0,0.0,0.0,0.0,1.0,0.0,0.0,0.0,0.0,0.0,0.4,0.0,-0.3,0.0,0.0,16.0,25903.0
2026-07-30T19:00:11.571Z,181.054,181.068,0.0,7.4,0.0,0.0,0.0,0.0,0.0,0.0,0.0,0.0,1.0,0.0,0.0,0.0,9.0,4.0,0.0,0.0,0.0,0.0,0.0,0.0,0.0,0.0,3.0,12.0,1.0,12.17,5.01,2.51,1.49,0.0,0.0,0.0,0.4,0.0,0.8,-0.5,-0.1,-169.70000000000002,0.0,0.0,169.8,0.0,21.9,29.8,29.8,30.4,300.0,300.0,31.1,35.1,29.6,28.9,30.700000000000003,4.95,1.99,4.96,0.16,0.0,0.0,1027.0,8228.0,0.0,0.0,0.0,0.0,0.0,1.0,0.0,0.0,0.0,0.0,0.0,-0.7000000000000001,0.0,0.0,0.0,0.0001,16.0,25903.0
2026-07-30T19:00:11.583Z,181.066,181.08,0.0,7.4,0.0,0.0,0.0,0.0,0.0,0.0,0.0,0.0,1.0,0.0,0.0,0.0,9.0,4.0,0.0,0.0,0.0,0.0,0.0,0.0,0.0,0.0,4.0,12.0,1.0,12.17,5.01,2.51,1.49,0.0,0.0,0.0,0.4,0.0,-1.4,0.0,-0.7000000000000001,-169.70000000000002,0.0,0.0,169.70000000000002,0.0,21.9,29.8,29.8,30.4,300.0,300.0,31.1,35.1,29.6,28.9,30.700000000000003,4.96,1.99,4.96,0.16,0.0,0.0,1027.0,8228.0,0.0,0.0,0.0,0.0,0.0,1.0,0.0,0.0,0.0,0.0,0.0,-0.4,0.0,0.6000000000000001,0.0,0.0,16.0,25903.0
2026-07-30T19:00:11.595Z,181.078,181.092,0.0,7.4,0.0,0.0,0.0,0.0,0.0,0.0,0.0,0.0,1.0,0.0,0.0,0.0,9.0,4.0,0.0,0.0,0.0,0.0,0.0,0.0,0.0,0.0,5.0,12.0,1.0,12.17,5.01,2.51,1.49,0.0,0.1,0.0,0.4,0.0,-0.8,-0.5,-1.3,-169.70000000000002,0.0,0.0,169.8,0.0,21.9,29.8,29.8,30.4,300.0,300.0,31.1,35.1,29.6,28.9,30.700000000000003,4.96,1.99,4.96,0.16,0.0,0.0,1027.0,8228.0,0.0,0.0,0.0,0.0,0.0,1.0,0.0,0.0,0.0,0.0,0.0,-1.5,0.0,1.0,0.0,0.0001,16.0,25903.0
2026-07-30T19:00:11.607Z,181.09,181.104,0.0,7.4,0.0,0.0,0.0,0.0,0.0,0.0,0.0,0.0,1.0,0.0,0.0,0.0,9.0,4.0,0.0,0.0,0.0,0.0,0.0,0.0,0.0,0.0,6.0,12.0,1.0,12.17,5.01,2.51,1.49,0.0,0.1,0.0,0.4,0.0,-0.3,0.6000000000000001,-0.1,-169.70000000000002,0.0,0.0,169.70000000000002,0.0,21.9,29.8,29.8,30.4,300.0,300.0,31.1,35.1,29.6,28.9,30.700000000000003,4.95,2.0,4.97,0.16,0.0,0.0,1027.0,8228.0,0.0,0.0,0.0,0.0,0.0,1.0,0.0,0.0,0.0,0.0,0.0,0.5,0.0,0.2,0.0,0.0001,16.0,25903.0
2026-07-30T19:00:11.619Z,181.102,181.116,0.0,7.4,0.0,0.0,0.0,0.0,0.0,0.0,0.0,0.0,1.0,0.0,0.0,0.0,9.0,4.0,0.0,0.0,0.0,0.0,0.0,0.0,0.0,0.0,1.0,12.0,1.0,12.17,5.01,2.51,1.49,0.0,0.0,0.0,0.4,0.0,0.2,-0.5,-0.7000000000000001,-169.70000000000002,0.0,0.0,169.70000000000002,0.0,21.9,29.8,29.8,30.4,300.0,300.0,31.1,35.1,29.6,28.9,30.700000000000003,4.95,1.99,4.96,0.16,0.0,0.0,1027.0,8228.0,0.0,0.0,0.0,0.0,0.0,1.0,0.0,0.0,0.0,0.0,0.0,-1.1,0.0,0.5,0.0,0.0,16.0,25903.0
2026-07-30T19:00:11.631Z,181.114,181.128,0.0,7.4,0.0,0.0,0.0,0.0,0.0,0.0,0.0,0.0,1.0,0.0,0.0,0.0,9.0,4.0,0.0,0.0,0.0,0.0,0.0,0.0,0.0,0.0,2.0,12.0,1.0,12.17,5.01,2.51,1.49,0.0,0.0,0.0,0.4,0.0,-0.3,0.0,0.4,-169.70000000000002,0.0,0.0,169.8,0.0,21.9,29.8,29.8,30.4,300.0,300.0,31.1,35.1,29.6,28.9,30.700000000000003,4.96,1.99,4.96,0.16,0.0,0.0,1027.0,8228.0,0.0,0.0,0.0,0.0,0.0,1.0,0.0,0.0,0.0,0.0,0.0,0.4,0.0,-0.3,0.0,0.0001,16.0,25903.0
2026-07-30T19:00:11.643Z,181.126,181.14,0.0,7.4,0.0,0.0,0.0,0.0,0.0,0.0,0.0,0.0,1.0,0.0,0.0,0.0,9.0,4.0,0.0,0.0,0.0,0.0,0.0,0.0,0.0,0.0,3.0,12.0,1.0,12.17,5.01,2.51,1.49,0.0,0.0,0.0,0.4,0.0,-0.9,0.0,0.3,-169.70000000000002,0.0,0.0,169.8,0.0,21.9,29.8,29.8,30.4,300.0,300.0,31.1,35.1,29.6,28.9,30.700000000000003,4.95,1.99,4.97,0.16,0.0,0.0,1027.0,8228.0,0.0,0.0,0.0,0.0,0.0,1.0,0.0,0.0,0.0,0.0,0.0,0.3,0.0,-0.3,0.0,0.0001,16.0,25903.0
2026-07-30T19:00:11.655Z,181.138,181.152,0.0,7.4,0.0,0.0,0.0,0.0,0.0,0.0,0.0,0.0,1.0,0.0,0.0,0.0,9.0,4.0,0.0,0.0,0.0,0.0,0.0,0.0,0.0,0.0,4.0,12.0,1.0,12.17,5.01,2.5,1.49,0.0,0.0,0.0,0.4,0.0,0.8,0.6000000000000001,0.9,-169.70000000000002,0.0,0.0,169.8,0.0,20.9,29.8,29.8,30.4,300.0,300.0,31.1,35.2,29.6,28.8,30.700000000000003,4.96,1.99,4.96,0.16,0.0,0.0,1027.0,8228.0,0.0,0.0,0.0,0.0,0.0,1.0,0.0,0.0,0.0,0.0,0.0,1.4,0.0,-0.7000000000000001,0.0,0.0,16.0,25903.0
2026-07-30T19:00:11.668Z,181.151,181.164,0.0,7.4,0.0,0.0,0.0,0.0,0.0,0.0,0.0,0.0,1.0,0.0,0.0,0.0,9.0,4.0,0.0,0.0,0.0,0.0,0.0,0.0,0.0,0.0,5.0,12.0,1.0,12.17,5.01,2.5,1.49,0.0,0.0,0.0,0.4,0.0,-0.3,0.6000000000000001,-0.7000000000000001,-169.70000000000002,0.0,0.0,169.70000000000002,0.0,20.9,29.8,29.8,30.4,300.0,300.0,31.1,35.2,29.6,28.8,30.700000000000003,4.96,1.99,4.96,0.16,0.0,0.0,1027.0,8228.0,0.0,0.0,0.0,0.0,0.0,1.0,0.0,0.0,0.0,0.0,0.0,0.0,0.0,0.8,0.0,0.0001,16.0,25903.0
2026-07-30T19:00:11.679Z,181.162,181.176,0.0,7.4,0.0,0.0,0.0,0.0,0.0,0.0,0.0,0.0,1.0,0.0,0.0,0.0,9.0,4.0,0.0,0.0,0.0,0.0,0.0,0.0,0.0,0.0,6.0,12.0,1.0,12.17,5.01,2.5,1.49,0.0,0.0,0.0,0.4,0.0,0.2,0.5,-0.2,-169.70000000000002,0.0,0.0,169.8,0.0,20.9,29.8,29.8,30.4,300.0,300.0,31.1,35.2,29.6,28.8,30.700000000000003,4.95,1.99,4.96,0.16,0.0,0.0,1027.0,8228.0,0.0,0.0,0.0,0.0,0.0,1.0,0.0,0.0,0.0,0.0,0.0,0.4,0.0,0.3,0.0,0.0001,16.0,25903.0
2026-07-30T19:00:11.691Z,181.174,181.188,0.0,7.4,0.0,0.0,0.0,0.0,0.0,0.0,0.0,0.0,1.0,0.0,0.0,0.0,9.0,4.0,0.0,0.0,0.0,0.0,0.0,0.0,0.0,0.0,2.0,12.0,1.0,12.17,5.01,2.5,1.49,0.0,0.0,0.0,0.4,0.0,-0.9,-1.1,-2.0,-169.70000000000002,0.0,0.0,169.70000000000002,0.0,20.9,29.8,29.8,30.4,300.0,300.0,31.1,35.2,29.6,28.8,30.700000000000003,4.95,1.99,4.97,0.16,0.0,0.0,1027.0,8228.0,0.0,0.0,0.0,0.0,0.0,1.0,0.0,0.0,0.0,0.0,0.0,-2.8000000000000003,0.0,1.5,0.0,0.0001,16.0,25903.0
2026-07-30T19:00:11.703Z,181.186,181.2,0.0,7.4,0.0,0.0,0.0,0.0,0.0,0.0,0.0,0.0,1.0,0.0,0.0,0.0,9.0,4.0,0.0,0.0,0.0,0.0,0.0,0.0,0.0,0.0,3.0,12.0,1.0,12.17,5.01,2.5,1.49,0.0,0.0,0.0,0.4,0.0,-0.3,-0.5,-0.1,-169.70000000000002,0.0,0.0,169.70000000000002,0.0,20.9,29.8,29.8,30.4,300.0,300.0,31.1,35.2,29.6,28.8,30.700000000000003,4.96,1.99,4.96,0.16,0.0,0.0,1027.0,8228.0,0.0,0.0,0.0,0.0,0.0,1.0,0.0,0.0,0.0,0.0,0.0,-0.7000000000000001,0.0,0.0,0.0,0.0002,16.0,25903.0
2026-07-30T19:00:11.716Z,181.199,181.212,0.0,7.4,0.0,0.0,0.0,0.0,0.0,0.0,0.0,0.0,1.0,0.0,0.0,0.0,9.0,4.0,0.0,0.0,0.0,0.0,0.0,0.0,0.0,0.0,4.0,12.0,1.0,12.17,5.01,2.5,1.49,0.0,0.0,0.0,0.4,0.0,0.1,0.0,-0.1,-169.70000000000002,0.0,0.0,169.60000000000002,0.0,20.9,29.8,29.8,30.4,300.0,300.0,31.1,35.2,29.6,28.8,30.700000000000003,4.96,1.99,4.97,0.16,0.0,0.0,1027.0,8228.0,0.0,0.0,0.0,0.0,0.0,1.0,0.0,0.0,0.0,0.0,0.0,-0.1,0.0,0.1,0.0,0.0001,16.0,25903.0
2026-07-30T19:00:11.728Z,181.211,181.224,0.0,7.4,0.0,0.0,0.0,0.0,0.0,0.0,0.0,0.0,1.0,0.0,0.0,0.0,9.0,4.0,0.0,0.0,0.0,0.0,0.0,0.0,0.0,0.0,5.0,12.0,1.0,12.17,5.01,2.5,1.49,0.0,0.0,0.0,0.4,0.0,0.2,1.1,-0.7000000000000001,-169.70000000000002,0.0,0.0,169.70000000000002,0.0,20.9,29.8,29.8,30.4,300.0,300.0,31.1,35.2,29.6,28.8,30.700000000000003,4.95,1.99,4.97,0.16,0.0,0.0,1027.0,8228.0,0.0,0.0,0.0,0.0,0.0,1.0,0.0,0.0,0.0,0.0,0.0,0.8,0.0,0.8,0.0,0.0001,16.0,25903.0
2026-07-30T19:00:11.739Z,181.222,181.236,0.0,7.4,0.0,0.0,0.0,0.0,0.0,0.0,0.0,0.0,1.0,0.0,0.0,0.0,9.0,4.0,0.0,0.0,0.0,0.0,0.0,0.0,0.0,0.0,6.0,12.0,1.0,12.17,5.01,2.5,1.49,0.0,0.1,0.0,0.4,0.0,-0.3,-1.1,-0.6000000000000001,-169.70000000000002,0.0,0.0,169.70000000000002,0.0,20.9,29.8,29.8,30.4,300.0,300.0,31.1,35.2,29.6,28.8,30.700000000000003,4.96,1.99,4.96,0.16,0.0,0.0,1027.0,8228.0,0.0,0.0,0.0,0.0,0.0,1.0,0.0,0.0,0.0,0.0,0.0,-1.7000000000000002,0.0,0.3,0.0,0.0001,16.0,25903.0
2026-07-30T19:00:11.752Z,181.235,181.248,0.0,7.4,0.0,0.0,0.0,0.0,0.0,0.0,0.0,0.0,1.0,0.0,0.0,0.0,9.0,4.0,0.0,0.0,0.0,0.0,0.0,0.0,0.0,0.0,2.0,12.0,1.0,12.14,5.01,2.51,1.5,0.0,0.0,0.0,0.4,0.0,-0.9,0.0,-1.2000000000000002,-169.70000000000002,0.0,0.0,169.70000000000002,0.0,21.8,29.8,29.8,30.4,300.0,300.0,31.200000000000003,35.1,29.6,28.8,30.700000000000003,4.96,2.0,4.96,0.16,0.0,0.0,1027.0,8228.0,0.0,0.0,0.0,0.0,0.0,1.0,0.0,0.0,0.0,0.0,0.0,-0.8,0.0,1.1,0.0,0.0,16.0,25903.0
2026-07-30T19:00:11.763Z,181.246,181.26,0.0,7.4,0.0,0.0,0.0,0.0,0.0,0.0,0.0,0.0,1.0,0.0,0.0,0.0,9.0,4.0,0.0,0.0,0.0,0.0,0.0,0.0,0.0,0.0,3.0,12.0,1.0,12.14,5.01,2.51,1.5,0.0,0.0,0.0,0.4,0.0,0.2,0.0,-0.6000000000000001,-169.70000000000002,0.0,0.0,169.70000000000002,0.0,21.8,29.8,29.8,30.4,300.0,300.0,31.200000000000003,35.1,29.6,28.8,30.700000000000003,4.96,1.99,4.97,0.16,0.0,0.0,1027.0,8228.0,0.0,0.0,0.0,0.0,0.0,1.0,0.0,0.0,0.0,0.0,0.0,-0.4,0.0,0.5,0.0,0.0001,16.0,25903.0
2026-07-30T19:00:11.775Z,181.258,181.272,0.0,7.4,0.0,0.0,0.0,0.0,0.0,0.0,0.0,0.0,1.0,0.0,0.0,0.0,9.0,4.0,0.0,0.0,0.0,0.0,0.0,0.0,0.0,0.0,4.0,12.0,1.0,12.14,5.01,2.51,1.5,0.0,0.0,0.0,0.5,0.0,-0.3,0.6000000000000001,0.4,-169.70000000000002,0.0,0.0,169.70000000000002,0.0,21.8,29.8,29.8,30.4,300.0,300.0,31.200000000000003,35.1,29.6,28.8,30.700000000000003,4.96,1.99,4.97,0.16,0.0,0.0,1027.0,8228.0,0.0,0.0,0.0,0.0,0.0,1.0,0.0,0.0,0.0,0.0,0.0,1.1,0.0,-0.2,0.0,0.0001,16.0,25903.0
2026-07-30T19:00:11.797Z,181.28,181.284,0.0,7.4,0.0,0.0,0.0,0.0,0.0,0.0,0.0,0.0,1.0,0.0,0.0,0.0,9.0,4.0,0.0,0.0,0.0,0.0,0.0,0.0,0.0,0.0,6.0,12.0,1.0,12.14,5.01,2.51,1.5,0.0,0.0,0.0,0.4,0.0,0.1,0.6000000000000001,-0.1,-169.70000000000002,0.0,0.0,169.70000000000002,0.0,21.8,29.8,29.8,30.4,300.0,300.0,31.200000000000003,35.1,29.6,28.8,30.700000000000003,4.96,1.99,4.96,0.16,0.0,0.0,1027.0,8228.0,0.0,0.0,0.0,0.0,0.0,1.0,0.0,0.0,0.0,0.0,0.0,0.6000000000000001,0.0,0.2,0.0,0.0001,16.0,25903.0
2026-07-30T19:00:11.801Z,181.284,181.296,0.0,7.4,0.0,0.0,0.0,0.0,0.0,0.0,0.0,0.0,1.0,0.0,0.0,0.0,9.0,4.0,0.0,0.0,0.0,0.0,0.0,0.0,0.0,0.0,4.0,12.0,1.0,12.14,5.01,2.51,1.5,0.0,0.0,0.0,0.4,0.0,-0.3,0.0,0.4,-169.70000000000002,0.0,0.0,169.60000000000002,0.0,21.8,29.8,29.8,30.4,300.0,300.0,31.200000000000003,35.1,29.6,28.8,30.700000000000003,4.95,1.99,4.96,0.16,0.0,0.0,1027.0,8228.0,0.0,0.0,0.0,0.0,0.0,1.0,0.0,0.0,0.0,0.0,0.0,0.3,0.0,-0.3,0.0,0.0,16.0,25903.0
2026-07-30T19:00:11.811Z,181.294,181.308,0.0,7.4,0.0,0.0,0.0,0.0,0.0,0.0,0.0,0.0,1.0,0.0,0.0,0.0,9.0,4.0,0.0,0.0,0.0,0.0,0.0,0.0,0.0,0.0,3.0,12.0,1.0,12.14,5.01,2.51,1.5,0.0,0.0,0.0,0.4,0.0,0.2,1.8,2.1,-169.70000000000002,0.0,0.0,169.8,0.0,21.8,29.8,29.8,30.4,300.0,300.0,31.200000000000003,35.1,29.6,28.8,30.700000000000003,4.95,1.99,4.96,0.16,0.0,0.0,1027.0,8228.0,0.0,0.0,0.0,0.0,0.0,1.0,0.0,0.0,0.0,0.0,0.0,3.6,0.0,-1.5,0.0,0.0001,16.0,25903.0
2026-07-30T19:00:11.823Z,181.306,181.32,0.0,7.4,0.0,0.0,0.0,0.0,0.0,0.0,0.0,0.0,1.0,0.0,0.0,0.0,9.0,4.0,0.0,0.0,0.0,0.0,0.0,0.0,0.0,0.0,4.0,12.0,1.0,12.14,5.01,2.51,1.5,0.0,0.0,0.0,0.4,0.0,-0.3,1.2000000000000002,-0.7000000000000001,-169.70000000000002,0.0,0.0,169.8,0.0,21.8,29.8,29.8,30.4,300.0,300.0,31.200000000000003,35.1,29.6,28.8,30.700000000000003,4.95,2.0,4.96,0.16,0.0,0.0,1027.0,8228.0,0.0,0.0,0.0,0.0,0.0,1.0,0.0,0.0,0.0,0.0,0.0,0.8,0.0,0.8,0.0,0.0001,16.0,25903.0
2026-07-30T19:00:11.835Z,181.318,181.332,0.0,7.4,0.0,0.0,0.0,0.0,0.0,0.0,0.0,0.0,1.0,0.0,0.0,0.0,9.0,4.0,0.0,0.0,0.0,0.0,0.0,0.0,0.0,0.0,5.0,12.0,1.0,12.14,5.01,2.51,1.5,0.0,0.0,0.0,0.4,0.0,0.2,0.0,0.4,-169.70000000000002,0.0,0.0,169.8,0.0,21.8,29.8,29.8,30.4,300.0,300.0,31.200000000000003,35.1,29.6,28.8,30.700000000000003,4.95,2.0,4.96,0.16,0.0,0.0,1027.0,8228.0,0.0,0.0,0.0,0.0,0.0,1.0,0.0,0.0,0.0,0.0,0.0,0.4,0.0,-0.4,0.0,0.0001,16.0,25903.0
2026-07-30T19:00:11.847Z,181.33,181.344,0.0,7.4,0.0,0.0,0.0,0.0,0.0,0.0,0.0,0.0,1.0,0.0,0.0,0.0,9.0,4.0,0.0,0.0,0.0,0.0,0.0,0.0,0.0,0.0,1.0,12.0,1.0,12.14,5.01,2.51,1.5,0.0,0.0,0.0,0.4,0.0,-0.3,-0.5,0.0,-169.70000000000002,0.0,0.0,169.8,0.0,21.8,29.8,29.8,30.4,300.0,300.0,31.200000000000003,35.1,29.6,28.8,30.700000000000003,4.96,1.99,4.97,0.16,0.0,0.0,1027.0,8228.0,0.0,0.0,0.0,0.0,0.0,1.0,0.0,0.0,0.0,0.0,0.0,-0.6000000000000001,0.0,0.0,0.0,0.0,16.0,25903.0
2026-07-30T19:00:11.859Z,181.342,181.356,0.0,7.4,0.0,0.0,0.0,0.0,0.0,0.0,0.0,0.0,1.0,0.0,0.0,0.0,9.0,4.0,0.0,0.0,0.0,0.0,0.0,0.0,0.0,0.0,2.0,12.0,1.0,12.17,5.0200000000000005,2.51,1.49,0.0,0.0,0.0,0.4,0.0,0.2,0.0,1.1,-169.70000000000002,0.0,0.0,169.8,0.0,21.700000000000003,29.8,29.8,30.4,300.0,300.0,31.1,35.1,29.6,28.8,30.700000000000003,4.96,2.0,4.96,0.16,0.0,0.0,1027.0,8228.0,0.0,0.0,0.0,0.0,0.0,1.0,0.0,0.0,0.0,0.0,0.0,0.0,0.0,0.0,0.0,0.0,16.0,25903.0
2026-07-30T19:00:11.871Z,181.354,181.368,0.0,7.4,0.0,0.0,0.0,0.0,0.0,0.0,0.0,0.0,1.0,0.0,0.0,0.0,9.0,4.0,0.0,0.0,0.0,0.0,0.0,0.0,0.0,0.0,3.0,12.0,1.0,12.17,5.0200000000000005,2.51,1.49,0.0,0.0,0.0,0.4,0.0,-0.3,0.0,0.0,-169.70000000000002,0.0,0.0,169.8,0.0,21.700000000000003,29.8,29.8,30.4,300.0,300.0,31.1,35.1,29.6,28.8,30.700000000000003,4.95,1.99,4.96,0.16,0.0,0.0,1027.0,8228.0,0.0,0.0,0.0,0.0,0.0,1.0,0.0,0.0,0.0,0.0,0.0,-2.1,0.0,0.8,0.0,0.0002,16.0,25903.0
2026-07-30T19:00:11.883Z,181.366,181.38,0.0,7.4,0.0,0.0,0.0,0.0,0.0,0.0,0.0,0.0,1.0,0.0,0.0,0.0,9.0,4.0,0.0,0.0,0.0,0.0,0.0,0.0,0.0,0.0,5.0,12.0,1.0,12.17,5.0200000000000005,2.51,1.49,0.0,0.1,0.0,0.4,0.0,0.2,0.0,1.1,-169.70000000000002,0.0,0.0,169.8,0.0,21.700000000000003,29.8,29.8,30.4,300.0,300.0,31.1,35.1,29.6,28.8,30.700000000000003,4.95,1.99,4.97,0.16,0.0,0.0,1027.0,8228.0,0.0,0.0,0.0,0.0,0.0,1.0,0.0,0.0,0.0,0.0,0.0,0.9,0.0,-1.0,0.0,0.0,16.0,25903.0
2026-07-30T19:00:11.895Z,181.378,181.392,0.0,7.4,0.0,0.0,0.0,0.0,0.0,0.0,0.0,0.0,1.0,0.0,0.0,0.0,9.0,4.0,0.0,0.0,0.0,0.0,0.0,0.0,0.0,0.0,6.0,12.0,1.0,12.17,5.0200000000000005,2.51,1.49,0.0,0.1,0.0,0.4,0.0,-0.3,-0.5,1.1,-169.70000000000002,0.0,0.0,169.60000000000002,0.0,21.700000000000003,29.8,29.8,30.4,300.0,300.0,31.1,35.1,29.6,28.8,30.700000000000003,4.95,1.99,4.96,0.16,0.0,0.0,1027.0,8228.0,0.0,0.0,0.0,0.0,0.0,1.0,0.0,0.0,0.0,0.0,0.0,0.2,0.0,-1.0,0.0,0.0,16.0,25903.0
2026-07-30T19:00:11.907Z,181.39,181.404,0.0,7.4,0.0,0.0,0.0,0.0,0.0,0.0,0.0,0.0,1.0,0.0,0.0,0.0,9.0,4.0,0.0,0.0,0.0,0.0,0.0,0.0,0.0,0.0,2.0,12.0,1.0,12.17,5.0200000000000005,2.51,1.49,0.0,0.0,0.0,0.4,0.0,-0.3,-0.5,0.4,-169.70000000000002,0.0,0.0,169.70000000000002,0.0,21.700000000000003,29.8,29.8,30.4,300.0,300.0,31.1,35.1,29.6,28.8,30.700000000000003,4.95,1.99,4.97,0.16,0.0,0.0,1027.0,8228.0,0.0,0.0,0.0,0.0,0.0,1.0,0.0,0.0,0.0,0.0,0.0,-0.2,0.0,-0.5,0.0,0.0002,16.0,25903.0
2026-07-30T19:00:11.919Z,181.402,181.416,0.0,7.4,0.0,0.0,0.0,0.0,0.0,0.0,0.0,0.0,1.0,0.0,0.0,0.0,9.0,4.0,0.0,0.0,0.0,0.0,0.0,0.0,0.0,0.0,3.0,12.0,1.0,12.17,5.0200000000000005,2.51,1.49,0.0,0.0,0.0,0.4,0.0,0.8,0.0,-0.6000000000000001,-169.70000000000002,0.0,0.0,169.60000000000002,0.0,21.700000000000003,29.8,29.8,30.4,300.0,300.0,31.1,35.1,29.6,28.8,30.700000000000003,4.95,1.99,4.97,0.16,0.0,0.0,1027.0,8228.0,0.0,0.0,0.0,0.0,0.0,1.0,0.0,0.0,0.0,0.0,0.0,-0.4,0.0,0.6000000000000001,0.0,0.0001,16.0,25903.0
2026-07-30T19:00:11.931Z,181.414,181.428,0.0,7.4,0.0,0.0,0.0,0.0,0.0,0.0,0.0,0.0,1.0,0.0,0.0,0.0,9.0,4.0,0.0,0.0,0.0,0.0,0.0,0.0,0.0,0.0,4.0,12.0,1.0,12.17,5.0200000000000005,2.51,1.49,0.0,0.0,0.0,0.4,0.0,-0.3,-1.1,-0.7000000000000001,-169.70000000000002,0.0,0.0,169.70000000000002,0.0,21.700000000000003,29.8,29.8,30.4,300.0,300.0,31.1,35.1,29.6,28.8,30.700000000000003,4.95,1.99,4.97,0.16,0.0,0.0,1027.0,8228.0,0.0,0.0,0.0,0.0,0.0,1.0,0.0,0.0,0.0,0.0,0.0,-1.8,0.0,0.4,0.0,0.0001,16.0,25903.0
2026-07-30T19:00:11.943Z,181.426,181.44,0.0,7.4,0.0,0.0,0.0,0.0,0.0,0.0,0.0,0.0,1.0,0.0,0.0,0.0,9.0,4.0,0.0,0.0,0.0,0.0,0.0,0.0,0.0,0.0,6.0,12.0,1.0,12.17,5.0200000000000005,2.51,1.49,0.0,0.0,0.0,0.4,0.0,-0.3,-0.5,1.6,-169.70000000000002,0.0,0.0,169.70000000000002,0.0,21.700000000000003,29.8,29.8,30.4,300.0,300.0,31.1,35.1,29.6,28.8,30.700000000000003,4.96,1.99,4.96,0.16,0.0,0.0,1027.0,8228.0,0.0,0.0,0.0,0.0,0.0,1.0,0.0,0.0,0.0,0.0,0.0,0.5,0.0,-1.5,0.0,0.0,16.0,25903.0
2026-07-30T19:00:11.956Z,181.439,181.452,0.0,7.4,0.0,0.0,0.0,0.0,0.0,0.0,0.0,0.0,1.0,0.0,0.0,0.0,9.0,4.0,0.0,0.0,0.0,0.0,0.0,0.0,0.0,0.0,1.0,12.0,1.0,12.17,5.01,2.51,1.5,0.0,0.0,0.0,0.4,0.0,-0.3,-0.5,-0.1,-169.70000000000002,0.0,0.0,169.70000000000002,0.0,21.700000000000003,29.8,29.8,30.4,300.0,300.0,31.200000000000003,35.1,29.6,28.8,30.700000000000003,4.96,1.99,4.97,0.16,0.0,0.0,1027.0,8228.0,0.0,0.0,0.0,0.0,0.0,1.0,0.0,0.0,0.0,0.0,0.0,-0.7000000000000001,0.0,0.0,0.0,0.0,16.0,25903.0
2026-07-30T19:00:11.967Z,181.45,181.464,0.0,7.4,0.0,0.0,0.0,0.0,0.0,0.0,0.0,0.0,1.0,0.0,0.0,0.0,9.0,4.0,0.0,0.0,0.0,0.0,0.0,0.0,0.0,0.0,2.0,12.0,1.0,12.17,5.01,2.51,1.5,0.0,0.0,0.0,0.4,0.0,-0.9,0.0,0.4,-169.70000000000002,0.0,0.0,169.8,0.0,21.700000000000003,29.8,29.8,30.4,300.0,300.0,31.200000000000003,35.1,29.6,28.8,30.700000000000003,4.95,2.0,4.97,0.16,0.0,0.0,1027.0,8228.0,0.0,0.0,0.0,0.0,0.0,1.0,0.0,0.0,0.0,0.0,0.0,0.3,0.0,-0.3,0.0,0.0,16.0,25903.0
2026-07-30T19:00:11.979Z,181.462,181.476,0.0,7.4,0.0,0.0,0.0,0.0,0.0,0.0,0.0,0.0,1.0,0.0,0.0,0.0,9.0,4.0,0.0,0.0,0.0,0.0,0.0,0.0,0.0,0.0,4.0,12.0,1.0,12.17,5.01,2.51,1.5,0.0,0.0,0.0,0.4,0.0,0.2,0.6000000000000001,0.4,-169.70000000000002,0.0,0.0,169.70000000000002,0.0,21.700000000000003,29.8,29.8,30.4,300.0,300.0,31.200000000000003,35.1,29.6,28.8,30.700000000000003,4.96,2.0,4.96,0.16,0.0,0.0,1027.0,8228.0,0.0,0.0,0.0,0.0,0.0,1.0,0.0,0.0,0.0,0.0,0.0,1.0,0.0,-0.2,0.0,0.0002,16.0,25903.0
2026-07-30T19:00:11.991Z,181.474,181.488,0.0,7.4,0.0,0.0,0.0,0.0,0.0,0.0,0.0,0.0,1.0,0.0,0.0,0.0,9.0,4.0,0.0,0.0,0.0,0.0,0.0,0.0,0.0,0.0,5.0,12.0,1.0,12.17,5.01,2.51,1.5,0.0,0.1,0.0,0.4,0.0,-0.8,0.0,-0.7000000000000001,-169.70000000000002,0.0,0.0,169.70000000000002,0.0,21.700000000000003,29.8,29.8,30.4,300.0,300.0,31.200000000000003,35.1,29.6,28.8,30.700000000000003,4.95,2.0,4.96,0.16,0.0,0.0,1027.0,8228.0,0.0,0.0,0.0,0.0,0.0,1.0,0.0,0.0,0.0,0.0,0.0,-0.5,0.0,0.7000000000000001,0.0,0.0,16.0,25903.0
2026-07-30T19:00:12.003Z,181.486,181.5,0.0,7.4,0.0,0.0,0.0,0.0,0.0,0.0,0.0,0.0,1.0,0.0,0.0,0.0,9.0,4.0,0.0,0.0,0.0,0.0,0.0,0.0,0.0,0.0,6.0,12.0,1.0,12.17,5.01,2.51,1.5,0.0,0.0,0.0,0.4,0.0,0.2,0.0,-0.2,-169.70000000000002,0.0,0.0,169.70000000000002,0.0,21.700000000000003,29.8,29.8,30.4,300.0,300.0,31.200000000000003,35.1,29.6,28.8,30.700000000000003,4.95,1.99,4.97,0.16,0.0,0.0,1027.0,8228.0,0.0,0.0,0.0,0.0,0.0,1.0,0.0,0.0,0.0,0.0,0.0,-0.1,0.0,0.1,0.0,0.0,16.0,25903.0
2026-07-30T19:00:12.015Z,181.498,181.512,0.0,7.4,0.0,0.0,0.0,0.0,0.0,0.0,0.0,0.0,1.0,0.0,0.0,0.0,9.0,4.0,0.0,0.0,0.0,0.0,0.0,0.0,0.0,0.0,1.0,12.0,1.0,12.17,5.01,2.51,1.5,0.0,0.0,0.0,0.4,0.0,0.3,0.0,0.3,-169.70000000000002,0.0,0.0,169.8,0.0,21.700000000000003,29.8,29.8,30.4,300.0,300.0,31.200000000000003,35.1,29.6,28.8,30.700000000000003,4.95,1.99,4.97,0.16,0.0,0.0,1027.0,8228.0,0.0,0.0,0.0,0.0,0.0,1.0,0.0,0.0,0.0,0.0,0.0,0.2,0.0,-0.3,0.0,0.0,16.0,25903.0
2026-07-30T19:00:12.027Z,181.51,181.524,0.0,7.4,0.0,0.0,0.0,0.0,0.0,0.0,0.0,0.0,1.0,0.0,0.0,0.0,9.0,4.0,0.0,0.0,0.0,0.0,0.0,0.0,0.0,0.0,2.0,12.0,1.0,12.17,5.01,2.51,1.5,0.0,0.0,0.0,0.4,0.0,-0.8,-0.5,-0.1,-169.70000000000002,0.0,0.0,169.70000000000002,0.0,21.700000000000003,29.8,29.8,30.4,300.0,300.0,31.200000000000003,35.1,29.6,28.8,30.700000000000003,4.95,1.99,4.96,0.16,0.0,0.0,1027.0,8228.0,0.0,0.0,0.0,0.0,0.0,1.0,0.0,0.0,0.0,0.0,0.0,-0.7000000000000001,0.0,0.0,0.0,0.0001,16.0,25903.0
2026-07-30T19:00:12.039Z,181.522,181.536,0.0,7.4,0.0,0.0,0.0,0.0,0.0,0.0,0.0,0.0,1.0,0.0,0.0,0.0,9.0,4.0,0.0,0.0,0.0,0.0,0.0,0.0,0.0,0.0,3.0,12.0,1.0,12.17,5.01,2.51,1.5,0.0,0.0,0.0,0.4,0.0,-0.2,-0.5,-0.7000000000000001,-169.70000000000002,0.0,0.0,169.70000000000002,0.0,21.700000000000003,29.8,29.8,30.4,300.0,300.0,31.200000000000003,35.1,29.6,28.8,30.700000000000003,4.95,1.99,4.97,0.16,0.0,0.0,1027.0,8228.0,0.0,0.0,0.0,0.0,0.0,1.0,0.0,0.0,0.0,0.0,0.0,-1.2000000000000002,0.0,0.5,0.0,0.0001,16.0,25903.0
2026-07-30T19:00:12.051Z,181.534,181.548,0.0,7.4,0.0,0.0,0.0,0.0,0.0,0.0,0.0,0.0,1.0,0.0,0.0,0.0,9.0,4.0,0.0,0.0,0.0,0.0,0.0,0.0,0.0,0.0,4.0,12.0,1.0,12.17,5.01,2.51,1.5,0.0,0.0,0.0,0.4,0.0,0.3,1.2000000000000002,-0.2,-169.70000000000002,0.0,0.0,169.8,0.0,21.700000000000003,29.8,29.8,30.4,300.0,300.0,31.200000000000003,35.1,29.6,28.8,30.700000000000003,4.95,1.99,4.96,0.16,0.0,0.0,1027.0,8228.0,0.0,0.0,0.0,0.0,0.0,1.0,0.0,0.0,0.0,0.0,0.0,1.2000000000000002,0.0,0.4,0.0,0.0,16.0,25903.0
2026-07-30T19:00:12.063Z,181.546,181.56,0.0,7.4,0.0,0.0,0.0,0.0,0.0,0.0,0.0,0.0,1.0,0.0,0.0,0.0,9.0,4.0,0.0,0.0,0.0,0.0,0.0,0.0,0.0,0.0,5.0,12.0,1.0,12.15,5.0200000000000005,2.51,1.49,0.0,0.1,0.0,0.4,0.0,-0.2,0.7000000000000001,-0.8,-169.70000000000002,0.0,0.0,169.8,0.0,21.3,29.8,29.8,30.4,300.0,300.0,31.1,35.1,29.6,28.8,30.700000000000003,4.95,1.99,4.96,0.16,0.0,0.0,1027.0,8228.0,0.0,0.0,0.0,0.0,0.0,1.0,0.0,0.0,0.0,0.0,0.0,0.2,0.0,0.8,0.0,0.0001,16.0,25903.0
2026-07-30T19:00:12.075Z,181.558,181.572,0.0,7.4,0.0,0.0,0.0,0.0,0.0,0.0,0.0,0.0,1.0,0.0,0.0,0.0,9.0,4.0,0.0,0.0,0.0,0.0,0.0,0.0,0.0,0.0,6.0,12.0,1.0,12.15,5.0200000000000005,2.51,1.49,0.0,0.0,0.0,0.4,0.0,0.3,-0.4,-0.1,-169.70000000000002,0.0,0.0,169.8,0.0,21.3,29.8,29.8,30.4,300.0,300.0,31.1,35.1,29.6,28.8,30.700000000000003,4.95,1.99,4.96,0.16,0.0,0.0,1027.0,8228.0,0.0,0.0,0.0,0.0,0.0,1.0,0.0,0.0,0.0,0.0,0.0,-0.6000000000000001,0.0,0.0,0.0,0.0,16.0,25903.0
2026-07-30T19:00:12.087Z,181.57,181.584,0.0,7.4,0.0,0.0,0.0,0.0,0.0,0.0,0.0,0.0,1.0,0.0,0.0,0.0,9.0,4.0,0.0,0.0,0.0,0.0,0.0,0.0,0.0,0.0,2.0,12.0,1.0,12.15,5.0200000000000005,2.51,1.49,0.0,0.0,0.0,0.4,0.0,0.3,-0.4,0.4,-169.70000000000002,0.0,0.0,169.70000000000002,0.0,21.3,29.8,29.8,30.4,300.0,300.0,31.1,35.1,29.6,28.8,30.700000000000003,4.96,1.99,4.97,0.16,0.0,0.0,1027.0,8228.0,0.0,0.0,0.0,0.0,0.0,1.0,0.0,0.0,0.0,0.0,0.0,-0.1,0.0,-0.4,0.0,0.0,16.0,25903.0
2026-07-30T19:00:12.099Z,181.582,181.596,0.0,7.4,0.0,0.0,0.0,0.0,0.0,0.0,0.0,0.0,1.0,0.0,0.0,0.0,9.0,4.0,0.0,0.0,0.0,0.0,0.0,0.0,0.0,0.0,3.0,12.0,1.0,12.15,5.0200000000000005,2.51,1.49,0.0,0.0,0.0,0.4,0.0,-0.2,0.1,-0.7000000000000001,-169.70000000000002,0.0,0.0,169.8,0.0,21.3,29.8,29.8,30.4,300.0,300.0,31.1,35.1,29.6,28.8,30.700000000000003,4.96,2.0,4.96,0.16,0.0,0.0,1027.0,8228.0,0.0,0.0,0.0,0.0,0.0,1.0,0.0,0.0,0.0,0.0,0.0,-0.3,0.0,0.6000000000000001,0.0,0.0,16.0,25903.0
2026-07-30T19:00:12.117Z,181.6,181.608,0.0,7.4,0.0,0.0,0.0,0.0,0.0,0.0,0.0,0.0,1.0,0.0,0.0,0.0,9.0,4.0,0.0,0.0,0.0,0.0,0.0,0.0,0.0,0.0,3.0,12.0,1.0,12.15,5.0200000000000005,2.51,1.49,0.0,0.0,0.0,0.4,0.0,-0.2,-0.3,-0.7000000000000001,-169.70000000000002,0.0,0.0,169.8,0.0,21.3,29.8,29.8,30.4,300.0,300.0,31.1,35.1,29.6,28.8,30.700000000000003,4.96,1.99,4.96,0.16,0.0,0.0,1027.0,8228.0,0.0,0.0,0.0,0.0,0.0,1.0,0.0,0.0,0.0,0.0,0.0,-0.9,0.0,0.5,0.0,0.0001,16.0,25903.0
2026-07-30T19:00:12.124Z,181.607,181.62,0.0,7.4,0.0,0.0,0.0,0.0,0.0,0.0,0.0,0.0,1.0,0.0,0.0,0.0,9.0,4.0,0.0,0.0,0.0,0.0,0.0,0.0,0.0,0.0,1.0,12.0,1.0,12.15,5.0200000000000005,2.51,1.49,0.0,0.0,0.0,0.4,0.0,-0.2,-0.3,0.4,-169.70000000000002,0.0,0.0,169.70000000000002,0.0,21.3,29.8,29.8,30.4,300.0,300.0,31.1,35.1,29.6,28.8,30.700000000000003,4.95,1.99,4.97,0.16,0.0,0.0,1027.0,8228.0,0.0,0.0,0.0,0.0,0.0,1.0,0.0,0.0,0.0,0.0,0.0,0.0,0.0,-0.5,0.0,0.0,16.0,25903.0
2026-07-30T19:00:12.135Z,181.618,181.632,0.0,7.4,0.0,0.0,0.0,0.0,0.0,0.0,0.0,0.0,1.0,0.0,0.0,0.0,9.0,4.0,0.0,0.0,0.0,0.0,0.0,0.0,0.0,0.0,3.0,12.0,1.0,12.15,5.0200000000000005,2.51,1.49,0.0,0.0,0.0,0.4,0.0,0.3,-0.9,0.0,-169.70000000000002,0.0,0.0,169.70000000000002,0.0,21.3,29.8,29.8,30.4,300.0,300.0,31.1,35.1,29.6,28.8,30.700000000000003,4.96,1.99,4.97,0.16,0.0,0.0,1027.0,8228.0,0.0,0.0,0.0,0.0,0.0,1.0,0.0,0.0,0.0,0.0,0.0,-1.1,0.0,-0.1,0.0,0.0003,16.0,25903.0
2026-07-30T19:00:12.147Z,181.63,181.644,0.0,7.4,0.0,0.0,0.0,0.0,0.0,0.0,0.0,0.0,1.0,0.0,0.0,0.0,9.0,4.0,0.0,0.0,0.0,0.0,0.0,0.0,0.0,0.0,4.0,12.0,1.0,12.15,5.0200000000000005,2.51,1.49,0.0,0.0,0.0,0.4,0.0,0.3,0.2,0.0,-169.70000000000002,0.0,0.0,169.70000000000002,0.0,21.3,29.8,29.8,30.4,300.0,300.0,31.1,35.1,29.6,28.8,30.700000000000003,4.96,1.99,4.96,0.16,0.0,0.0,1027.0,8228.0,0.0,0.0,0.0,0.0,0.0,1.0,0.0,0.0,0.0,0.0,0.0,0.2,0.0,0.0,0.0,0.0,16.0,25903.0
2026-07-30T19:00:12.160Z,181.643,181.656,0.0,7.4,0.0,0.0,0.0,0.0,0.0,0.0,0.0,0.0,1.0,0.0,0.0,0.0,9.0,4.0,0.0,0.0,0.0,0.0,0.0,0.0,0.0,0.0,5.0,12.0,1.0,12.17,5.0200000000000005,2.51,1.49,0.0,0.0,0.0,0.4,0.0,0.9,0.1,-1.2000000000000002,-169.70000000000002,0.0,0.0,169.8,0.0,21.3,29.8,29.8,30.4,300.0,300.0,31.1,35.1,29.6,28.8,30.700000000000003,4.96,1.99,4.96,0.16,0.0,0.0,1027.0,8228.0,0.0,0.0,0.0,0.0,0.0,1.0,0.0,0.0,0.0,0.0,0.0,-0.6000000000000001,0.0,1.1,0.0,0.0002,16.0,25903.0
2026-07-30T19:00:12.171Z,181.654,181.668,0.0,7.4,0.0,0.0,0.0,0.0,0.0,0.0,0.0,0.0,1.0,0.0,0.0,0.0,9.0,4.0,0.0,0.0,0.0,0.0,0.0,0.0,0.0,0.0,6.0,12.0,1.0,12.17,5.0200000000000005,2.51,1.49,0.0,0.0,0.0,0.4,0.0,0.9,-0.3,0.5,-169.70000000000002,0.0,0.0,169.8,0.0,21.3,29.8,29.8,30.4,300.0,300.0,31.1,35.1,29.6,28.8,30.700000000000003,4.95,1.99,4.97,0.16,0.0,0.0,1027.0,8228.0,0.0,0.0,0.0,0.0,0.0,1.0,0.0,0.0,0.0,0.0,0.0,0.0,0.0,-0.5,0.0,0.0,16.0,25903.0
2026-07-30T19:00:12.183Z,181.666,181.68,0.0,7.4,0.0,0.0,0.0,0.0,0.0,0.0,0.0,0.0,1.0,0.0,0.0,0.0,9.0,4.0,0.0,0.0,0.0,0.0,0.0,0.0,0.0,0.0,1.0,12.0,1.0,12.17,5.0200000000000005,2.51,1.49,0.0,0.0,0.0,0.4,0.0,-0.2,-1.4,-0.6000000000000001,-169.70000000000002,0.0,0.0,169.8,0.0,21.3,29.8,29.8,30.4,300.0,300.0,31.1,35.1,29.6,28.8,30.700000000000003,4.96,1.99,4.96,0.16,0.0,0.0,1027.0,8228.0,0.0,0.0,0.0,0.0,0.0,1.0,0.0,0.0,0.0,0.0,0.0,-2.1,0.0,0.2,0.0,0.0001,16.0,25903.0
2026-07-30T19:00:12.195Z,181.678,181.692,0.0,7.4,0.0,0.0,0.0,0.0,0.0,0.0,0.0,0.0,1.0,0.0,0.0,0.0,9.0,4.0,0.0,0.0,0.0,0.0,0.0,0.0,0.0,0.0,2.0,12.0,1.0,12.17,5.0200000000000005,2.51,1.49,0.0,0.0,0.0,0.4,0.0,0.3,0.8,1.1,-169.70000000000002,0.0,0.0,169.70000000000002,0.0,21.3,29.8,29.8,30.4,300.0,300.0,31.1,35.1,29.6,28.8,30.700000000000003,4.96,1.99,4.97,0.16,0.0,0.0,1027.0,8228.0,0.0,0.0,0.0,0.0,0.0,1.0,0.0,0.0,0.0,0.0,0.0,1.8,0.0,-0.8,0.0,0.0001,16.0,25903.0
2026-07-30T19:00:12.207Z,181.69,181.704,0.0,7.4,0.0,0.0,0.0,0.0,0.0,0.0,0.0,0.0,1.0,0.0,0.0,0.0,9.0,4.0,0.0,0.0,0.0,0.0,0.0,0.0,0.0,0.0,3.0,12.0,1.0,12.17,5.0200000000000005,2.51,1.49,0.0,0.0,0.0,0.4,0.0,-1.4,1.4,0.0,-169.70000000000002,0.0,0.0,169.8,0.0,21.3,29.8,29.8,30.4,300.0,300.0,31.1,35.1,29.6,28.8,30.700000000000003,4.95,1.99,4.97,0.16,0.0,0.0,1027.0,8228.0,0.0,0.0,0.0,0.0,0.0,1.0,0.0,0.0,0.0,0.0,0.0,1.5,0.0,0.3,0.0,0.0002,16.0,25903.0
2026-07-30T19:00:12.220Z,181.703,181.716,0.0,7.4,0.0,0.0,0.0,0.0,0.0,0.0,0.0,0.0,1.0,0.0,0.0,0.0,9.0,4.0,0.0,0.0,0.0,0.0,0.0,0.0,0.0,0.0,4.0,12.0,1.0,12.17,5.0200000000000005,2.51,1.49,0.0,0.0,0.0,0.4,0.0,0.3,-0.3,-0.6000000000000001,-169.70000000000002,0.0,0.0,169.8,0.0,21.3,29.8,29.8,30.4,300.0,300.0,31.1,35.1,29.6,28.8,30.700000000000003,4.96,1.99,4.97,0.16,0.0,0.0,1027.0,8228.0,0.0,0.0,0.0,0.0,0.0,1.0,0.0,0.0,0.0,0.0,0.0,-0.8,0.0,0.5,0.0,0.0001,16.0,25903.0
2026-07-30T19:00:12.231Z,181.714,181.728,0.0,7.4,0.0,0.0,0.0,0.0,0.0,0.0,0.0,0.0,1.0,0.0,0.0,0.0,9.0,4.0,0.0,0.0,0.0,0.0,0.0,0.0,0.0,0.0,6.0,12.0,1.0,12.17,5.0200000000000005,2.51,1.49,0.0,0.1,0.0,0.4,0.0,-0.2,-0.3,0.4,-169.70000000000002,0.0,0.0,169.70000000000002,0.0,21.3,29.8,29.8,30.4,300.0,300.0,31.1,35.1,29.6,28.8,30.700000000000003,4.95,2.0,4.96,0.16,0.0,0.0,1027.0,8228.0,0.0,0.0,0.0,0.0,0.0,1.0,0.0,0.0,0.0,0.0,0.0,0.0,0.0,-0.4,0.0,0.0001,16.0,25903.0
2026-07-30T19:00:12.243Z,181.726,181.74,0.0,7.4,0.0,0.0,0.0,0.0,0.0,0.0,0.0,0.0,1.0,0.0,0.0,0.0,9.0,4.0,0.0,0.0,0.0,0.0,0.0,0.0,0.0,0.0,1.0,12.0,1.0,12.17,5.0200000000000005,2.51,1.49,0.0,0.0,0.0,0.4,0.0,-0.3,0.2,-0.1,-169.70000000000002,0.0,0.0,169.8,0.0,21.3,29.8,29.8,30.4,300.0,300.0,31.1,35.1,29.6,28.8,30.700000000000003,4.95,1.99,4.97,0.16,0.0,0.0,1027.0,8228.0,0.0,0.0,0.0,0.0,0.0,1.0,0.0,0.0,0.0,0.0,0.0,0.1,0.0,0.1,0.0,0.0001,16.0,25903.0
2026-07-30T19:00:12.255Z,181.738,181.752,0.0,7.4,0.0,0.0,0.0,0.0,0.0,0.0,0.0,0.0,1.0,0.0,0.0,0.0,9.0,4.0,0.0,0.0,0.0,0.0,0.0,0.0,0.0,0.0,2.0,12.0,1.0,12.17,5.0200000000000005,2.51,1.49,0.0,0.0,0.0,0.4,0.0,0.2,2.0,1.6,-169.70000000000002,0.0,0.0,169.8,0.0,21.3,29.8,29.8,30.4,300.0,300.0,31.1,35.1,29.6,28.8,30.700000000000003,4.96,1.99,4.97,0.16,0.0,0.0,1027.0,8228.0,0.0,0.0,0.0,0.0,0.0,1.0,0.0,0.0,0.0,0.0,0.0,3.5,0.0,-1.0,0.0,0.0002,16.0,25903.0
2026-07-30T19:00:12.268Z,181.751,181.764,0.0,7.4,0.0,0.0,0.0,0.0,0.0,0.0,0.0,0.0,1.0,0.0,0.0,0.0,9.0,4.0,0.0,0.0,0.0,0.0,0.0,0.0,0.0,0.0,2.0,12.0,1.0,12.15,5.01,2.51,1.49,0.0,0.0,0.0,0.4,0.0,0.8,-0.3,0.5,-169.70000000000002,0.0,0.0,169.8,0.0,21.700000000000003,29.8,29.8,30.4,300.0,300.0,31.200000000000003,35.1,29.6,28.8,30.700000000000003,4.96,1.99,4.96,0.16,0.0,0.0,1027.0,8228.0,0.0,0.0,0.0,0.0,0.0,1.0,0.0,0.0,0.0,0.0,0.0,0.0,0.0,-0.5,0.0,0.0,16.0,25903.0
2026-07-30T19:00:12.279Z,181.762,181.776,0.0,7.4,0.0,0.0,0.0,0.0,0.0,0.0,0.0,0.0,1.0,0.0,0.0,0.0,9.0,4.0,0.0,0.0,0.0,0.0,0.0,0.0,0.0,0.0,3.0,12.0,1.0,12.15,5.01,2.51,1.49,0.0,0.0,0.0,0.4,0.0,-0.3,-0.3,-1.2000000000000002,-169.70000000000002,0.0,0.0,169.70000000000002,0.0,21.700000000000003,29.8,29.8,30.4,300.0,300.0,31.200000000000003,35.1,29.6,28.8,30.700000000000003,4.95,1.99,4.97,0.16,0.0,0.0,1027.0,8228.0,0.0,0.0,0.0,0.0,0.0,1.0,0.0,0.0,0.0,0.0,0.0,-1.2000000000000002,0.0,1.0,0.0,0.0,16.0,25903.0
2026-07-30T19:00:12.292Z,181.775,181.788,0.0,7.4,0.0,0.0,0.0,0.0,0.0,0.0,0.0,0.0,1.0,0.0,0.0,0.0,9.0,4.0,0.0,0.0,0.0,0.0,0.0,0.0,0.0,0.0,5.0,12.0,1.0,12.15,5.01,2.51,1.49,0.0,0.0,0.0,0.4,0.0,-0.9,-0.3,-0.6000000000000001,-169.70000000000002,0.0,0.0,169.70000000000002,0.0,21.700000000000003,29.8,29.8,30.4,300.0,300.0,31.200000000000003,35.1,29.6,28.8,30.700000000000003,4.95,1.99,4.97,0.16,0.0,0.0,1027.0,8228.0,0.0,0.0,0.0,0.0,0.0,1.0,0.0,0.0,0.0,0.0,0.0,-0.8,0.0,0.5,0.0,0.0001,16.0,25903.0
2026-07-30T19:00:12.304Z,181.787,181.8,0.0,7.4,0.0,0.0,0.0,0.0,0.0,0.0,0.0,0.0,1.0,0.0,0.0,0.0,9.0,4.0,0.0,0.0,0.0,0.0,0.0,0.0,0.0,0.0,5.0,12.0,1.0,12.15,5.01,2.51,1.49,0.0,0.0,0.0,0.5,0.0,0.2,1.4,0.0,-169.70000000000002,0.0,0.0,169.70000000000002,0.0,21.700000000000003,29.8,29.8,30.4,300.0,300.0,31.200000000000003,35.1,29.6,28.8,30.700000000000003,4.96,1.99,4.97,0.16,0.0,0.0,1027.0,8228.0,0.0,0.0,0.0,0.0,0.0,1.0,0.0,0.0,0.0,0.0,0.0,1.5,0.0,0.3,0.0,0.0001,16.0,25903.0
2026-07-30T19:00:12.315Z,181.798,181.812,0.0,7.4,0.0,0.0,0.0,0.0,0.0,0.0,0.0,0.0,1.0,0.0,0.0,0.0,9.0,4.0,0.0,0.0,0.0,0.0,0.0,0.0,0.0,0.0,6.0,12.0,1.0,12.15,5.01,2.51,1.49,0.0,0.0,0.0,0.4,0.0,-0.8,-0.3,-0.6000000000000001,-169.70000000000002,0.0,0.0,169.70000000000002,0.0,21.700000000000003,29.8,29.8,30.4,300.0,300.0,31.200000000000003,35.1,29.6,28.8,30.700000000000003,4.96,1.99,4.97,0.16,0.0,0.0,1027.0,8228.0,0.0,0.0,0.0,0.0,0.0,1.0,0.0,0.0,0.0,0.0,0.0,-0.8,0.0,0.4,0.0,0.0,16.0,25903.0
2026-07-30T19:00:12.327Z,181.81,181.824,0.0,7.4,0.0,0.0,0.0,0.0,0.0,0.0,0.0,0.0,1.0,0.0,0.0,0.0,9.0,4.0,0.0,0.0,0.0,0.0,0.0,0.0,0.0,0.0,1.0,12.0,1.0,12.15,5.01,2.51,1.49,0.0,0.0,0.0,0.4,0.0,-0.2,-0.3,1.7000000000000002,-169.70000000000002,0.0,0.0,169.8,0.0,21.700000000000003,29.8,29.8,30.4,300.0,300.0,31.200000000000003,35.1,29.6,28.8,30.700000000000003,4.95,1.99,4.97,0.16,0.0,0.0,1027.0,8228.0,0.0,0.0,0.0,0.0,0.0,1.0,0.0,0.0,0.0,0.0,0.0,0.8,0.0,-1.5,0.0,0.0,16.0,25903.0
2026-07-30T19:00:12.339Z,181.822,181.836,0.0,7.4,0.0,0.0,0.0,0.0,0.0,0.0,0.0,0.0,1.0,0.0,0.0,0.0,9.0,4.0,0.0,0.0,0.0,0.0,0.0,0.0,0.0,0.0,2.0,12.0,1.0,12.15,5.01,2.51,1.49,0.0,0.0,0.0,0.4,0.0,0.2,0.2,-0.5,-169.70000000000002,0.0,0.0,169.8,0.0,21.700000000000003,29.8,29.8,30.4,300.0,300.0,31.200000000000003,35.1,29.6,28.8,30.700000000000003,4.95,1.99,4.96,0.16,0.0,0.0,1027.0,8228.0,0.0,0.0,0.0,0.0,0.0,1.0,0.0,0.0,0.0,0.0,0.0,-0.1,0.0,0.5,0.0,0.0001,16.0,25903.0
2026-07-30T19:00:12.351Z,181.834,181.848,0.0,7.4,0.0,0.0,0.0,0.0,0.0,0.0,0.0,0.0,1.0,0.0,0.0,0.0,9.0,4.0,0.0,0.0,0.0,0.0,0.0,0.0,0.0,0.0,3.0,12.0,1.0,12.15,5.01,2.51,1.49,0.0,0.0,0.0,0.4,0.0,0.2,1.4,0.6000000000000001,-169.70000000000002,0.0,0.0,169.70000000000002,0.0,21.700000000000003,29.8,29.8,30.4,300.0,300.0,31.200000000000003,35.1,29.6,28.8,30.700000000000003,4.96,1.99,4.96,0.16,0.0,0.0,1027.0,8228.0,0.0,0.0,0.0,0.0,0.0,1.0,0.0,0.0,0.0,0.0,0.0,2.0,0.0,-0.2,0.0,0.0,16.0,25903.0
2026-07-30T19:00:12.364Z,181.847,181.86,0.0,7.4,0.0,0.0,0.0,0.0,0.0,0.0,0.0,0.0,1.0,0.0,0.0,0.0,9.0,4.0,0.0,0.0,0.0,0.0,0.0,0.0,0.0,0.0,4.0,12.0,1.0,12.13,5.01,2.5,1.5,0.0,0.0,0.0,0.5,0.0,0.2,0.8,0.5,-169.70000000000002,0.0,0.0,169.70000000000002,0.0,21.4,29.8,29.8,30.4,300.0,300.0,31.200000000000003,35.1,29.6,28.8,30.700000000000003,4.95,1.99,4.97,0.16,0.0,0.0,1027.0,8228.0,0.0,0.0,0.0,0.0,0.0,1.0,0.0,0.0,0.0,0.0,0.0,-0.4,0.0,0.0,0.0,0.0,16.0,25903.0
2026-07-30T19:00:12.375Z,181.858,181.872,0.0,7.4,0.0,0.0,0.0,0.0,0.0,0.0,0.0,0.0,1.0,0.0,0.0,0.0,9.0,4.0,0.0,0.0,0.0,0.0,0.0,0.0,0.0,0.0,4.0,12.0,1.0,12.13,5.01,2.5,1.5,0.0,0.0,0.0,0.4,0.0,-0.3,-0.3,1.2000000000000002,-169.70000000000002,0.0,0.0,169.70000000000002,0.0,21.4,29.8,29.8,30.4,300.0,300.0,31.200000000000003,35.1,29.6,28.8,30.700000000000003,4.96,2.0,4.96,0.16,0.0,0.0,1027.0,8228.0,0.0,0.0,0.0,0.0,0.0,1.0,0.0,0.0,0.0,0.0,0.0,0.0,0.0,-0.6000000000000001,0.0,0.0001,16.0,25903.0
2026-07-30T19:00:12.387Z,181.87,181.884,0.0,7.4,0.0,0.0,0.0,0.0,0.0,0.0,0.0,0.0,1.0,0.0,0.0,0.0,9.0,4.0,0.0,0.0,0.0,0.0,0.0,0.0,0.0,0.0,6.0,12.0,1.0,12.13,5.01,2.5,1.5,0.0,0.0,0.0,0.4,0.0,0.8,1.3,-0.5,-169.70000000000002,0.0,0.0,169.70000000000002,0.0,21.4,29.8,29.8,30.4,300.0,300.0,31.200000000000003,35.1,29.6,28.8,30.700000000000003,4.96,2.0,4.96,0.16,0.0,0.0,1027.0,8228.0,0.0,0.0,0.0,0.0,0.0,1.0,0.0,0.0,0.0,0.0,0.0,1.1,0.0,0.7000000000000001,0.0,0.0001,16.0,25903.0
2026-07-30T19:00:12.399Z,181.882,181.896,0.0,7.4,0.0,0.0,0.0,0.0,0.0,0.0,0.0,0.0,1.0,0.0,0.0,0.0,9.0,4.0,0.0,0.0,0.0,0.0,0.0,0.0,0.0,0.0,1.0,12.0,1.0,12.13,5.01,2.5,1.5,0.0,0.0,0.0,0.4,0.0,0.2,-0.3,0.0,-169.70000000000002,0.0,0.0,169.70000000000002,0.0,21.4,29.8,29.8,30.4,300.0,300.0,31.200000000000003,35.1,29.6,28.8,30.700000000000003,4.95,1.99,4.96,0.16,0.0,0.0,1027.0,8228.0,0.0,0.0,0.0,0.0,0.0,1.0,0.0,0.0,0.0,0.0,0.0,2.8000000000000003,0.0,-1.2000000000000002,0.0,0.0002,16.0,25903.0
2026-07-30T19:00:12.411Z,181.894,181.908,0.0,7.4,0.0,0.0,0.0,0.0,0.0,0.0,0.0,0.0,1.0,0.0,0.0,0.0,9.0,4.0,0.0,0.0,0.0,0.0,0.0,0.0,0.0,0.0,2.0,12.0,1.0,12.13,5.01,2.5,1.5,0.0,0.0,0.0,0.5,0.0,0.2,0.1,0.6000000000000001,-169.70000000000002,0.0,0.0,169.8,0.0,21.4,29.8,29.8,30.4,300.0,300.0,31.200000000000003,35.1,29.6,28.8,30.700000000000003,4.96,1.99,4.97,0.16,0.0,0.0,1027.0,8228.0,0.0,0.0,0.0,0.0,0.0,1.0,0.0,0.0,0.0,0.0,0.0,0.6000000000000001,0.0,-0.5,0.0,0.0001,16.0,25903.0
2026-07-30T19:00:12.434Z,181.917,181.92,0.0,7.4,0.0,0.0,0.0,0.0,0.0,0.0,0.0,0.0,1.0,0.0,0.0,0.0,9.0,4.0,0.0,0.0,0.0,0.0,0.0,0.0,0.0,0.0,4.0,12.0,1.0,12.13,5.01,2.5,1.5,0.0,0.0,0.0,0.5,0.0,-0.3,0.1,0.5,-169.70000000000002,0.0,0.0,169.60000000000002,0.0,21.4,29.8,29.8,30.4,300.0,300.0,31.200000000000003,35.1,29.6,28.8,30.700000000000003,4.96,1.99,4.97,0.16,0.0,0.0,1027.0,8228.0,0.0,0.0,0.0,0.0,0.0,1.0,0.0,0.0,0.0,0.0,0.0,0.6000000000000001,0.0,-0.4,0.0,0.0002,16.0,25903.0
2026-07-30T19:00:12.437Z,181.92,181.932,0.0,7.4,0.0,0.0,0.0,0.0,0.0,0.0,0.0,0.0,1.0,0.0,0.0,0.0,9.0,4.0,0.0,0.0,0.0,0.0,0.0,0.0,0.0,0.0,1.0,12.0,1.0,12.13,5.01,2.5,1.5,0.0,0.0,0.0,0.4,0.0,0.3,0.7000000000000001,1.1,-169.70000000000002,0.0,0.0,169.8,0.0,21.4,29.8,29.8,30.4,300.0,300.0,31.200000000000003,35.1,29.6,28.8,30.700000000000003,4.96,1.99,4.97,0.16,0.0,0.0,1027.0,8228.0,0.0,0.0,0.0,0.0,0.0,1.0,0.0,0.0,0.0,0.0,0.0,1.7000000000000002,0.0,-0.8,0.0,0.0002,16.0,25903.0
2026-07-30T19:00:12.447Z,181.93,181.944,0.0,7.4,0.0,0.0,0.0,0.0,0.0,0.0,0.0,0.0,1.0,0.0,0.0,0.0,9.0,4.0,0.0,0.0,0.0,0.0,0.0,0.0,0.0,0.0,6.0,12.0,1.0,12.13,5.01,2.5,1.5,0.0,0.1,0.0,0.4,0.0,0.3,1.3,1.1,-169.70000000000002,0.0,0.0,169.8,0.0,21.4,29.8,29.8,30.4,300.0,300.0,31.200000000000003,35.1,29.6,28.8,30.700000000000003,4.95,1.99,4.97,0.16,0.0,0.0,1027.0,8228.0,0.0,0.0,0.0,0.0,0.0,1.0,0.0,0.0,0.0,0.0,0.0,2.4000000000000004,0.0,-0.7000000000000001,0.0,0.0002,16.0,25903.0
2026-07-30T19:00:12.459Z,181.942,181.956,0.0,7.4,0.0,0.0,0.0,0.0,0.0,0.0,0.0,0.0,1.0,0.0,0.0,0.0,9.0,4.0,0.0,0.0,0.0,0.0,0.0,0.0,0.0,0.0,2.0,12.0,1.0,12.13,5.01,2.5,1.5,0.0,0.0,0.0,0.4,0.0,0.8,-0.3,1.1,-169.70000000000002,0.0,0.0,169.8,0.0,21.4,29.8,29.8,30.4,300.0,300.0,31.200000000000003,35.1,29.6,28.8,30.700000000000003,4.95,1.99,4.96,0.16,0.0,0.0,1027.0,8228.0,0.0,0.0,0.0,0.0,0.0,1.0,0.0,0.0,0.0,0.0,0.0,0.3,0.0,-1.0,0.0,0.0001,16.0,25903.0
2026-07-30T19:00:12.471Z,181.954,181.968,0.0,7.4,0.0,0.0,0.0,0.0,0.0,0.0,0.0,0.0,1.0,0.0,0.0,0.0,9.0,4.0,0.0,0.0,0.0,0.0,0.0,0.0,0.0,0.0,3.0,12.0,1.0,12.17,5.01,2.51,1.49,0.0,0.1,0.0,0.5,0.0,0.3,-0.9,-1.2000000000000002,-169.70000000000002,0.0,0.0,169.8,0.0,21.700000000000003,29.8,29.8,30.4,300.0,300.0,31.200000000000003,35.1,29.6,28.8,30.700000000000003,4.95,1.99,4.97,0.16,0.0,0.0,1027.0,8228.0,0.0,0.0,0.0,0.0,0.0,1.0,0.0,0.0,0.0,0.0,0.0,-2.0,0.0,0.8,0.0,0.0,16.0,25903.0
2026-07-30T19:00:12.483Z,181.966,181.98,0.0,7.4,0.0,0.0,0.0,0.0,0.0,0.0,0.0,0.0,1.0,0.0,0.0,0.0,9.0,4.0,0.0,0.0,0.0,0.0,0.0,0.0,0.0,0.0,4.0,12.0,1.0,12.17,5.01,2.51,1.49,0.0,0.0,0.0,0.4,0.0,0.3,-0.4,-0.7000000000000001,-169.70000000000002,0.0,0.0,169.8,0.0,21.700000000000003,29.8,29.8,30.4,300.0,300.0,31.200000000000003,35.1,29.6,28.8,30.700000000000003,4.95,1.99,4.97,0.16,0.0,0.0,1027.0,8228.0,0.0,0.0,0.0,0.0,0.0,1.0,0.0,0.0,0.0,0.0,0.0,-0.9,0.0,0.5,0.0,0.0,16.0,25903.0
2026-07-30T19:00:12.495Z,181.978,181.992,0.0,7.4,0.0,0.0,0.0,0.0,0.0,0.0,0.0,0.0,1.0,0.0,0.0,0.0,9.0,4.0,0.0,0.0,0.0,0.0,0.0,0.0,0.0,0.0,6.0,12.0,1.0,12.17,5.01,2.51,1.49,0.0,0.0,0.0,0.4,0.0,0.3,0.7000000000000001,-0.1,-169.70000000000002,0.0,0.0,169.8,0.0,21.700000000000003,29.8,29.8,30.4,300.0,300.0,31.200000000000003,35.1,29.6,28.8,30.700000000000003,4.95,2.0,4.97,0.16,0.0,0.0,1027.0,8228.0,0.0,0.0,0.0,0.0,0.0,1.0,0.0,0.0,0.0,0.0,0.0,0.7000000000000001,0.0,0.2,0.0,0.0001,16.0,25903.0
2026-07-30T19:00:12.507Z,181.99,182.004,0.0,7.4,0.0,0.0,0.0,0.0,0.0,0.0,0.0,0.0,1.0,0.0,0.0,0.0,9.0,4.0,0.0,0.0,0.0,0.0,0.0,0.0,0.0,0.0,1.0,12.0,1.0,12.17,5.01,2.51,1.49,0.0,0.0,0.0,0.4,0.0,-0.2,-0.3,-0.1,-169.70000000000002,0.0,0.0,169.8,0.0,21.700000000000003,29.8,29.8,30.4,300.0,300.0,31.200000000000003,35.1,29.6,28.8,30.700000000000003,4.96,2.0,4.96,0.16,0.0,0.0,1027.0,8228.0,0.0,0.0,0.0,0.0,0.0,1.0,0.0,0.0,0.0,0.0,0.0,-0.5,0.0,0.0,0.0,0.0,16.0,25903.0
2026-07-30T19:00:12.519Z,182.002,182.016,0.0,7.4,0.0,0.0,0.0,0.0,0.0,0.0,0.0,0.0,1.0,0.0,0.0,0.0,9.0,4.0,0.0,0.0,0.0,0.0,0.0,0.0,0.0,0.0,3.0,12.0,1.0,12.17,5.01,2.51,1.49,0.0,0.0,0.0,0.4,0.0,1.5,-0.3,0.5,-169.70000000000002,0.0,0.0,169.8,0.0,21.700000000000003,29.8,29.8,30.4,300.0,300.0,31.200000000000003,35.1,29.6,28.8,30.700000000000003,4.95,1.99,4.97,0.16,0.0,0.0,1027.0,8228.0,0.0,0.0,0.0,0.0,0.0,1.0,0.0,0.0,0.0,0.0,0.0,0.0,0.0,-0.5,0.0,0.0,16.0,25903.0
2026-07-30T19:00:12.531Z,182.014,182.028,0.0,7.4,0.0,0.0,0.0,0.0,0.0,0.0,0.0,0.0,1.0,0.0,0.0,0.0,9.0,4.0,0.0,0.0,0.0,0.0,0.0,0.0,0.0,0.0,4.0,12.0,1.0,12.17,5.01,2.51,1.49,0.0,0.0,0.0,0.4,0.0,-0.1,0.8,-0.5,-169.70000000000002,0.0,0.0,169.8,0.0,21.700000000000003,29.8,29.8,30.4,300.0,300.0,31.200000000000003,35.1,29.6,28.8,30.700000000000003,4.95,1.99,4.96,0.16,0.0,0.0,1027.0,8228.0,0.0,0.0,0.0,0.0,0.0,1.0,0.0,0.0,0.0,0.0,0.0,0.4,0.0,0.6000000000000001,0.0,0.0,16.0,25903.0
2026-07-30T19:00:12.543Z,182.026,182.04,0.0,7.4,0.0,0.0,0.0,0.0,0.0,0.0,0.0,0.0,1.0,0.0,0.0,0.0,9.0,4.0,0.0,0.0,0.0,0.0,0.0,0.0,0.0,0.0,6.0,12.0,1.0,12.17,5.01,2.51,1.49,0.0,0.0,0.0,0.4,0.0,0.3,0.1,1.1,-169.70000000000002,0.0,0.0,169.70000000000002,0.0,21.700000000000003,29.8,29.8,30.4,300.0,300.0,31.200000000000003,35.1,29.6,28.8,30.700000000000003,4.96,2.0,4.96,0.16,0.0,0.0,1027.0,8228.0,0.0,0.0,0.0,0.0,0.0,1.0,0.0,0.0,0.0,0.0,0.0,1.0,0.0,-0.9,0.0,0.0,16.0,25903.0
2026-07-30T19:00:12.555Z,182.038,182.052,0.0,7.4,0.0,0.0,0.0,0.0,0.0,0.0,0.0,0.0,1.0,0.0,0.0,0.0,9.0,4.0,0.0,0.0,0.0,0.0,0.0,0.0,0.0,0.0,1.0,12.0,1.0,12.17,5.01,2.51,1.49,0.0,0.0,0.0,0.4,0.0,-0.2,0.8,0.5,-169.70000000000002,0.0,0.0,169.8,0.0,21.700000000000003,29.8,29.8,30.4,300.0,300.0,31.200000000000003,35.1,29.6,28.8,30.700000000000003,4.96,2.0,4.96,0.16,0.0,0.0,1027.0,8228.0,0.0,0.0,0.0,0.0,0.0,1.0,0.0,0.0,0.0,0.0,0.0,1.3,0.0,-0.3,0.0,0.0001,16.0,25903.0
2026-07-30T19:00:12.568Z,182.051,182.064,0.0,7.4,0.0,0.0,0.0,0.0,0.0,0.0,0.0,0.0,1.0,0.0,0.0,0.0,9.0,4.0,0.0,0.0,0.0,0.0,0.0,0.0,0.0,0.0,3.0,12.0,1.0,12.18,5.0200000000000005,2.51,1.49,0.0,0.0,0.0,0.4,0.0,0.3,-0.4,-0.5,-169.70000000000002,0.0,0.0,169.70000000000002,0.0,21.200000000000003,29.8,29.8,30.4,300.0,300.0,31.0,35.1,29.6,28.8,30.700000000000003,4.96,1.99,4.97,0.16,0.0,0.0,1027.0,8228.0,0.0,0.0,0.0,0.0,0.0,1.0,0.0,0.0,0.0,0.0,0.0,-0.8,0.0,0.4,0.0,0.0001,16.0,25903.0
2026-07-30T19:00:12.579Z,182.062,182.076,0.0,7.4,0.0,0.0,0.0,0.0,0.0,0.0,0.0,0.0,1.0,0.0,0.0,0.0,9.0,4.0,0.0,0.0,0.0,0.0,0.0,0.0,0.0,0.0,5.0,12.0,1.0,12.18,5.0200000000000005,2.51,1.49,0.0,0.0,0.0,0.4,0.0,0.3,-0.4,0.5,-169.70000000000002,0.0,0.0,169.8,0.0,21.200000000000003,29.8,29.8,30.4,300.0,300.0,31.0,35.1,29.6,28.8,30.700000000000003,4.96,2.0,4.96,0.16,0.0,0.0,1027.0,8228.0,0.0,0.0,0.0,0.0,0.0,1.0,0.0,0.0,0.0,0.0,0.0,0.0,0.0,-0.5,0.0,0.0001,16.0,25903.0
2026-07-30T19:00:12.591Z,182.074,182.088,0.0,7.4,0.0,0.0,0.0,0.0,0.0,0.0,0.0,0.0,1.0,0.0,0.0,0.0,9.0,4.0,0.0,0.0,0.0,0.0,0.0,0.0,0.0,0.0,6.0,12.0,1.0,12.18,5.0200000000000005,2.51,1.49,0.0,0.0,0.0,0.4,0.0,-0.2,0.1,0.0,-169.70000000000002,0.0,0.0,169.70000000000002,0.0,21.200000000000003,29.8,29.8,30.4,300.0,300.0,31.0,35.1,29.6,28.8,30.700000000000003,4.96,1.99,4.96,0.16,0.0,0.0,1027.0,8228.0,0.0,0.0,0.0,0.0,0.0,1.0,0.0,0.0,0.0,0.0,0.0,0.1,0.0,0.0,0.0,0.0,16.0,25903.0
2026-07-30T19:00:12.603Z,182.086,182.1,0.0,7.4,0.0,0.0,0.0,0.0,0.0,0.0,0.0,0.0,1.0,0.0,0.0,0.0,9.0,4.0,0.0,0.0,0.0,0.0,0.0,0.0,0.0,0.0,1.0,12.0,1.0,12.18,5.0200000000000005,2.51,1.49,0.0,0.0,0.0,0.4,0.0,0.3,0.1,0.0,-169.70000000000002,0.0,0.0,169.8,0.0,21.200000000000003,29.8,29.8,30.4,300.0,300.0,31.0,35.1,29.6,28.8,30.700000000000003,4.95,1.99,4.97,0.16,0.0,0.0,1027.0,8228.0,0.0,0.0,0.0,0.0,0.0,1.0,0.0,0.0,0.0,0.0,0.0,0.2,0.0,0.0,0.0,0.0001,16.0,25903.0
2026-07-30T19:00:12.615Z,182.098,182.112,0.0,7.4,0.0,0.0,0.0,0.0,0.0,0.0,0.0,0.0,1.0,0.0,0.0,0.0,9.0,4.0,0.0,0.0,0.0,0.0,0.0,0.0,0.0,0.0,2.0,12.0,1.0,12.18,5.0200000000000005,2.51,1.49,0.0,0.0,0.0,0.4,0.0,0.3,-0.9,0.0,-169.70000000000002,0.0,0.0,169.70000000000002,0.0,21.200000000000003,29.8,29.8,30.4,300.0,300.0,31.0,35.1,29.6,28.8,30.700000000000003,4.96,1.99,4.96,0.16,0.0,0.0,1027.0,8228.0,0.0,0.0,0.0,0.0,0.0,1.0,0.0,0.0,0.0,0.0,0.0,-1.1,0.0,-0.2,0.0,0.0002,16.0,25903.0
2026-07-30T19:00:12.627Z,182.11,182.124,0.0,7.4,0.0,0.0,0.0,0.0,0.0,0.0,0.0,0.0,1.0,0.0,0.0,0.0,9.0,4.0,0.0,0.0,0.0,0.0,0.0,0.0,0.0,0.0,4.0,12.0,1.0,12.18,5.0200000000000005,2.51,1.49,0.0,0.0,0.0,0.4,0.0,0.9,0.1,0.5,-169.70000000000002,0.0,0.0,169.8,0.0,21.200000000000003,29.8,29.8,30.4,300.0,300.0,31.0,35.1,29.6,28.8,30.700000000000003,4.96,2.0,4.96,0.16,0.0,0.0,1027.0,8228.0,0.0,0.0,0.0,0.0,0.0,1.0,0.0,0.0,0.0,0.0,0.0,0.6000000000000001,0.0,-0.4,0.0,0.0001,16.0,25903.0
2026-07-30T19:00:12.640Z,182.123,182.136,0.0,7.4,0.0,0.0,0.0,0.0,0.0,0.0,0.0,0.0,1.0,0.0,0.0,0.0,9.0,4.0,0.0,0.0,0.0,0.0,0.0,0.0,0.0,0.0,5.0,12.0,1.0,12.18,5.0200000000000005,2.51,1.49,0.0,0.1,0.0,0.4,0.0,-0.2,-0.4,0.0,-169.70000000000002,0.0,0.0,169.70000000000002,0.0,21.200000000000003,29.8,29.8,30.4,300.0,300.0,31.0,35.1,29.6,28.8,30.700000000000003,4.95,1.99,4.96,0.16,0.0,0.0,1027.0,8228.0,0.0,0.0,0.0,0.0,0.0,1.0,0.0,0.0,0.0,0.0,0.0,-0.4,0.0,0.0,0.0,0.0001,16.0,25903.0
2026-07-30T19:00:12.651Z,182.134,182.148,0.0,7.4,0.0,0.0,0.0,0.0,0.0,0.0,0.0,0.0,1.0,0.0,0.0,0.0,9.0,4.0,0.0,0.0,0.0,0.0,0.0,0.0,0.0,0.0,1.0,12.0,1.0,12.18,5.0200000000000005,2.51,1.49,0.0,0.0,0.0,0.4,0.0,0.3,-0.3,0.0,-169.70000000000002,0.0,0.0,169.70000000000002,0.0,21.200000000000003,29.8,29.8,30.4,300.0,300.0,31.0,35.1,29.6,28.8,30.700000000000003,4.96,1.99,4.97,0.16,0.0,0.0,1027.0,8228.0,0.0,0.0,0.0,0.0,0.0,1.0,0.0,0.0,0.0,0.0,0.0,-0.4,0.0,-0.1,0.0,0.0001,16.0,25903.0
2026-07-30T19:00:12.663Z,182.146,182.16,0.0,7.4,0.0,0.0,0.0,0.0,0.0,0.0,0.0,0.0,1.0,0.0,0.0,0.0,9.0,4.0,0.0,0.0,0.0,0.0,0.0,0.0,0.0,0.0,2.0,12.0,1.0,12.18,5.0200000000000005,2.51,1.49,0.0,0.0,0.0,0.4,0.0,0.9,0.7000000000000001,0.0,-169.70000000000002,0.0,0.0,169.8,0.0,21.200000000000003,29.8,29.8,30.4,300.0,300.0,31.0,35.1,29.6,28.8,30.700000000000003,4.96,2.0,4.96,0.16,0.0,0.0,1027.0,8228.0,0.0,0.0,0.0,0.0,0.0,1.0,0.0,0.0,0.0,0.0,0.0,0.8,0.0,0.1,0.0,0.0001,16.0,25903.0
2026-07-30T19:00:12.676Z,182.159,182.172,0.0,7.4,0.0,0.0,0.0,0.0,0.0,0.0,0.0,0.0,1.0,0.0,0.0,0.0,9.0,4.0,0.0,0.0,0.0,0.0,0.0,0.0,0.0,0.0,3.0,12.0,1.0,12.14,5.01,2.51,1.49,0.0,0.0,0.0,0.5,0.0,-0.7000000000000001,0.1,0.6000000000000001,-169.70000000000002,0.0,0.0,169.8,0.0,21.8,29.8,29.8,30.4,300.0,300.0,31.1,35.1,29.6,28.8,30.700000000000003,4.96,1.99,4.97,0.16,0.0,0.0,1027.0,8228.0,0.0,0.0,0.0,0.0,0.0,1.0,0.0,0.0,0.0,0.0,0.0,0.6000000000000001,0.0,-0.5,0.0,0.0001,16.0,25903.0
2026-07-30T19:00:12.687Z,182.17,182.184,0.0,7.4,0.0,0.0,0.0,0.0,0.0,0.0,0.0,0.0,1.0,0.0,0.0,0.0,9.0,4.0,0.0,0.0,0.0,0.0,0.0,0.0,0.0,0.0,4.0,12.0,1.0,12.14,5.01,2.51,1.49,0.0,0.0,0.0,0.4,0.0,0.3,0.2,0.6000000000000001,-169.70000000000002,0.0,0.0,169.8,0.0,21.8,29.8,29.8,30.4,300.0,300.0,31.1,35.1,29.6,28.8,30.700000000000003,4.95,1.99,4.97,0.16,0.0,0.0,1027.0,8228.0,0.0,0.0,0.0,0.0,0.0,1.0,0.0,0.0,0.0,0.0,0.0,0.7000000000000001,0.0,-0.5,0.0,0.0001,16.0,25903.0
2026-07-30T19:00:12.700Z,182.183,182.196,0.0,7.4,0.0,0.0,0.0,0.0,0.0,0.0,0.0,0.0,1.0,0.0,0.0,0.0,9.0,4.0,0.0,0.0,0.0,0.0,0.0,0.0,0.0,0.0,5.0,12.0,1.0,12.14,5.01,2.51,1.49,0.0,0.0,0.0,0.4,0.0,0.3,-0.3,1.2000000000000002,-169.70000000000002,0.0,0.0,169.70000000000002,0.0,21.8,29.8,29.8,30.4,300.0,300.0,31.1,35.1,29.6,28.8,30.700000000000003,4.96,1.99,4.97,0.16,0.0,0.0,1027.0,8228.0,0.0,0.0,0.0,0.0,0.0,1.0,0.0,0.0,0.0,0.0,0.0,0.5,0.0,-1.1,0.0,0.0,16.0,25903.0
2026-07-30T19:00:12.711Z,182.194,182.208,0.0,7.4,0.0,0.0,0.0,0.0,0.0,0.0,0.0,0.0,1.0,0.0,0.0,0.0,9.0,4.0,0.0,0.0,0.0,0.0,0.0,0.0,0.0,0.0,6.0,12.0,1.0,12.14,5.01,2.51,1.49,0.0,0.1,0.0,0.4,0.0,-0.1,-0.3,0.0,-169.70000000000002,0.0,0.0,169.8,0.0,21.8,29.8,29.8,30.4,300.0,300.0,31.1,35.1,29.6,28.8,30.700000000000003,4.95,1.99,4.96,0.16,0.0,0.0,1027.0,8228.0,0.0,0.0,0.0,0.0,0.0,1.0,0.0,0.0,0.0,0.0,0.0,-0.3,0.0,-0.1,0.0,0.0001,16.0,25903.0
2026-07-30T19:00:12.723Z,182.206,182.22,0.0,7.4,0.0,0.0,0.0,0.0,0.0,0.0,0.0,0.0,1.0,0.0,0.0,0.0,9.0,4.0,0.0,0.0,0.0,0.0,0.0,0.0,0.0,0.0,1.0,12.0,1.0,12.14,5.01,2.51,1.49,0.0,0.0,0.0,0.4,0.0,-0.2,0.7000000000000001,-0.5,-169.70000000000002,0.0,0.0,169.70000000000002,0.0,21.8,29.8,29.8,30.4,300.0,300.0,31.1,35.1,29.6,28.8,30.700000000000003,4.95,1.99,4.96,0.16,0.0,0.0,1027.0,8228.0,0.0,0.0,0.0,0.0,0.0,1.0,0.0,0.0,0.0,0.0,0.0,0.4,0.0,0.6000000000000001,0.0,0.0,16.0,25903.0
2026-07-30T19:00:12.735Z,182.218,182.232,0.0,7.4,0.0,0.0,0.0,0.0,0.0,0.0,0.0,0.0,1.0,0.0,0.0,0.0,9.0,4.0,0.0,0.0,0.0,0.0,0.0,0.0,0.0,0.0,2.0,12.0,1.0,12.14,5.01,2.51,1.49,-0.1,0.0,0.0,0.4,0.0,-0.8,1.3,1.2000000000000002,-169.70000000000002,0.0,0.0,169.70000000000002,0.0,21.8,29.8,29.8,30.4,300.0,300.0,31.1,35.1,29.6,28.8,30.700000000000003,4.96,1.99,4.96,0.16,0.0,0.0,1027.0,8228.0,0.0,0.0,0.0,0.0,0.0,1.0,0.0,0.0,0.0,0.0,0.0,2.4000000000000004,0.0,-0.7000000000000001,0.0,0.0001,16.0,25903.0
2026-07-30T19:00:12.754Z,182.237,182.244,-0.1,7.4,0.0,0.0,0.0,0.0,0.0,0.0,0.0,0.0,1.0,0.0,0.0,0.0,9.0,4.0,0.0,0.0,0.0,0.0,0.0,0.0,0.0,0.0,3.0,12.0,1.0,12.14,5.01,2.51,1.49,0.0,0.0,0.0,0.4,0.0,-0.2,0.8,0.6000000000000001,-169.70000000000002,0.0,0.0,169.70000000000002,0.0,21.8,29.8,29.8,30.4,300.0,300.0,31.1,35.1,29.6,28.8,30.700000000000003,4.95,1.99,4.96,0.16,0.0,0.0,1027.0,8228.0,0.0,0.0,0.0,0.0,0.0,1.0,0.0,0.0,0.0,0.0,0.0,1.3,0.0,-0.3,0.0,0.0,16.0,25903.0
2026-07-30T19:00:12.760Z,182.243,182.256,-0.1,7.4,0.0,0.0,0.0,0.0,0.0,0.0,0.0,0.0,1.0,0.0,0.0,0.0,9.0,4.0,0.0,0.0,0.0,0.0,0.0,0.0,0.0,0.0,6.0,12.0,1.0,12.14,5.01,2.51,1.49,0.0,0.0,0.0,0.4,0.0,0.2,1.3,1.7000000000000002,-169.70000000000002,0.0,0.0,169.70000000000002,0.0,21.8,29.8,29.8,30.4,300.0,300.0,31.1,35.1,29.6,28.8,30.700000000000003,4.95,1.99,4.97,0.16,0.0,0.0,1027.0,8228.0,0.0,0.0,0.0,0.0,0.0,1.0,0.0,0.0,0.0,0.0,0.0,2.7,0.0,-1.2000000000000002,0.0,0.0001,16.0,25903.0
2026-07-30T19:00:12.772Z,182.255,182.268,0.0,7.4,0.0,0.0,0.0,0.0,0.0,0.0,0.0,0.0,1.0,0.0,0.0,0.0,9.0,4.0,0.0,0.0,0.0,0.0,0.0,0.0,0.0,0.0,1.0,12.0,1.0,12.18,5.01,2.5,1.49,0.0,0.1,0.0,0.5,0.0,-0.3,-1.0,-0.6000000000000001,-169.70000000000002,0.0,0.0,169.60000000000002,0.0,21.200000000000003,29.8,29.8,30.3,300.0,300.0,31.1,35.1,29.6,28.8,30.700000000000003,4.95,1.99,4.97,0.16,0.0,0.0,1027.0,8228.0,0.0,0.0,0.0,0.0,0.0,1.0,0.0,0.0,0.0,0.0,0.0,-1.6,0.0,0.3,0.0,0.0001,16.0,25903.0
2026-07-30T19:00:12.783Z,182.266,182.28,0.0,7.4,0.0,0.0,0.0,0.0,0.0,0.0,0.0,0.0,1.0,0.0,0.0,0.0,9.0,4.0,0.0,0.0,0.0,0.0,0.0,0.0,0.0,0.0,3.0,12.0,1.0,12.18,5.01,2.5,1.49,0.0,0.0,0.0,0.4,0.0,0.2,-0.3,-0.6000000000000001,-169.70000000000002,0.0,0.0,169.70000000000002,0.0,21.200000000000003,29.8,29.8,30.3,300.0,300.0,31.1,35.1,29.6,28.8,30.700000000000003,4.96,1.99,4.97,0.16,0.0,0.0,1027.0,8228.0,0.0,0.0,0.0,0.0,0.0,1.0,0.0,0.0,0.0,0.0,0.0,-0.9,0.0,0.4,0.0,0.0001,16.0,25903.0
2026-07-30T19:00:12.796Z,182.279,182.292,0.0,7.4,0.0,0.0,0.0,0.0,0.0,0.0,0.0,0.0,1.0,0.0,0.0,0.0,9.0,4.0,0.0,0.0,0.0,0.0,0.0,0.0,0.0,0.0,4.0,12.0,1.0,12.18,5.01,2.5,1.49,0.0,0.0,0.0,0.4,0.0,-0.8,-0.4,1.1,-169.70000000000002,0.0,0.0,169.60000000000002,0.0,21.200000000000003,29.8,29.8,30.3,300.0,300.0,31.1,35.1,29.6,28.8,30.700000000000003,4.96,1.99,4.96,0.16,0.0,0.0,1027.0,8228.0,0.0,0.0,0.0,0.0,0.0,1.0,0.0,0.0,0.0,0.0,0.0,0.3,0.0,-1.0,0.0,0.0,16.0,25903.0
2026-07-30T19:00:12.807Z,182.29,182.304,0.0,7.4,0.0,0.0,0.0,0.0,0.0,0.0,0.0,0.0,1.0,0.0,0.0,0.0,9.0,4.0,0.0,0.0,0.0,0.0,0.0,0.0,0.0,0.0,6.0,12.0,1.0,12.18,5.01,2.5,1.49,0.0,0.0,0.0,0.4,0.0,-0.3,-1.5,1.0,-169.70000000000002,0.0,0.0,169.70000000000002,0.0,21.200000000000003,29.8,29.8,30.3,300.0,300.0,31.1,35.1,29.6,28.8,30.700000000000003,4.95,1.99,4.97,0.16,0.0,0.0,1027.0,8228.0,0.0,0.0,0.0,0.0,0.0,1.0,0.0,0.0,0.0,0.0,0.0,-0.9,0.0,-1.2000000000000002,0.0,0.0,16.0,25903.0
2026-07-30T19:00:12.820Z,182.303,182.316,0.0,7.4,0.0,0.0,0.0,0.0,0.0,0.0,0.0,0.0,1.0,0.0,0.0,0.0,9.0,4.0,0.0,0.0,0.0,0.0,0.0,0.0,0.0,0.0,1.0,12.0,1.0,12.18,5.01,2.5,1.49,0.0,0.1,0.0,0.5,0.0,-0.3,-0.4,0.0,-169.70000000000002,0.0,0.0,169.70000000000002,0.0,21.200000000000003,29.8,29.8,30.3,300.0,300.0,31.1,35.1,29.6,28.8,30.700000000000003,4.95,1.99,4.96,0.16,0.0,0.0,1027.0,8228.0,0.0,0.0,0.0,0.0,0.0,1.0,0.0,0.0,0.0,0.0,0.0,-0.5,0.0,0.0,0.0,0.0,16.0,25903.0
2026-07-30T19:00:12.832Z,182.315,182.328,0.0,7.4,0.0,0.0,0.0,0.0,0.0,0.0,0.0,0.0,1.0,0.0,0.0,0.0,9.0,4.0,0.0,0.0,0.0,0.0,0.0,0.0,0.0,0.0,2.0,12.0,1.0,12.18,5.01,2.5,1.49,0.0,0.0,0.0,0.4,0.0,-0.8,0.1,-0.7000000000000001,-169.70000000000002,0.0,0.0,169.70000000000002,0.0,21.200000000000003,29.8,29.8,30.3,300.0,300.0,31.1,35.1,29.6,28.8,30.700000000000003,4.95,1.99,4.96,0.16,0.0,0.0,1027.0,8228.0,0.0,0.0,0.0,0.0,0.0,1.0,0.0,0.0,0.0,0.0,0.0,-0.3,0.0,0.6000000000000001,0.0,0.0,16.0,25903.0
2026-07-30T19:00:12.843Z,182.326,182.34,0.0,7.4,0.0,0.0,0.0,0.0,0.0,0.0,0.0,0.0,1.0,0.0,0.0,0.0,9.0,4.0,0.0,0.0,0.0,0.0,0.0,0.0,0.0,0.0,3.0,12.0,1.0,12.18,5.01,2.5,1.49,0.0,0.0,0.0,0.4,0.0,-0.2,-0.9,-1.2000000000000002,-169.70000000000002,0.0,0.0,169.70000000000002,0.0,21.200000000000003,29.8,29.8,30.3,300.0,300.0,31.1,35.1,29.6,28.8,30.700000000000003,4.95,1.99,4.97,0.16,0.0,0.0,1027.0,8228.0,0.0,0.0,0.0,0.0,0.0,1.0,0.0,0.0,0.0,0.0,0.0,-2.0,0.0,0.9,0.0,0.0001,16.0,25903.0
2026-07-30T19:00:12.855Z,182.338,182.352,0.0,7.4,0.0,0.0,0.0,0.0,0.0,0.0,0.0,0.0,1.0,0.0,0.0,0.0,9.0,4.0,0.0,0.0,0.0,0.0,0.0,0.0,0.0,0.0,4.0,12.0,1.0,12.18,5.01,2.5,1.49,0.0,0.1,0.0,0.4,0.0,0.2,0.2,0.5,-169.70000000000002,0.0,0.0,169.70000000000002,0.0,21.200000000000003,29.8,29.8,30.3,300.0,300.0,31.1,35.1,29.6,28.8,30.700000000000003,4.96,1.99,4.97,0.16,0.0,0.0,1027.0,8228.0,0.0,0.0,0.0,0.0,0.0,1.0,0.0,0.0,0.0,0.0,0.0,0.6000000000000001,0.0,-0.4,0.0,0.0,16.0,25903.0
2026-07-30T19:00:12.868Z,182.351,182.364,0.0,7.4,0.0,0.0,0.0,0.0,0.0,0.0,0.0,0.0,1.0,0.0,0.0,0.0,9.0,4.0,0.0,0.0,0.0,0.0,0.0,0.0,0.0,0.0,5.0,12.0,1.0,12.18,5.01,2.5,1.49,0.0,0.0,0.0,0.4,0.0,-0.2,0.8,1.0,-169.70000000000002,0.0,0.0,169.70000000000002,0.0,21.200000000000003,29.8,29.8,30.3,300.0,300.0,31.1,35.1,29.6,28.8,30.700000000000003,4.96,1.99,4.97,0.16,0.0,0.0,1027.0,8228.0,0.0,0.0,0.0,0.0,0.0,1.0,0.0,0.0,0.0,0.0,0.0,1.7000000000000002,0.0,-0.7000000000000001,0.0,0.0002,16.0,25903.0
2026-07-30T19:00:12.879Z,182.362,182.376,0.0,7.4,0.0,0.0,0.0,0.0,0.0,0.0,0.0,0.0,1.0,0.0,0.0,0.0,9.0,4.0,0.0,0.0,0.0,0.0,0.0,0.0,0.0,0.0,6.0,12.0,1.0,12.17,5.0200000000000005,2.5,1.49,0.0,0.0,0.0,0.4,0.0,-0.2,-0.3,-0.6000000000000001,-169.70000000000002,0.0,0.0,169.8,0.0,21.700000000000003,29.8,29.8,30.4,300.0,300.0,31.200000000000003,35.2,29.6,28.9,30.700000000000003,4.95,1.99,4.97,0.16,0.0,0.0,1027.0,8228.0,0.0,0.0,0.0,0.0,0.0,1.0,0.0,0.0,0.0,0.0,0.0,-0.9,0.0,1.1,0.0,0.0001,16.0,25903.0
2026-07-30T19:00:12.891Z,182.374,182.388,0.0,7.4,0.0,0.0,0.0,0.0,0.0,0.0,0.0,0.0,1.0,0.0,0.0,0.0,9.0,4.0,0.0,0.0,0.0,0.0,0.0,0.0,0.0,0.0,2.0,12.0,1.0,12.17,5.0200000000000005,2.5,1.49,0.0,0.0,0.0,0.4,0.0,-0.8,0.7000000000000001,1.0,-169.70000000000002,0.0,0.0,169.8,0.0,21.700000000000003,29.8,29.8,30.4,300.0,300.0,31.200000000000003,35.2,29.6,28.9,30.700000000000003,4.95,1.99,4.97,0.16,0.0,0.0,1027.0,8228.0,0.0,0.0,0.0,0.0,0.0,1.0,0.0,0.0,0.0,0.0,0.0,1.6,0.0,-0.7000000000000001,0.0,0.0001,16.0,25903.0
2026-07-30T19:00:12.904Z,182.387,182.4,0.0,7.4,0.0,0.0,0.0,0.0,0.0,0.0,0.0,0.0,1.0,0.0,0.0,0.0,9.0,4.0,0.0,0.0,0.0,0.0,0.0,0.0,0.0,0.0,3.0,12.0,1.0,12.17,5.0200000000000005,2.5,1.49,0.0,0.0,0.0,0.4,0.0,-0.8,-0.4,-1.2000000000000002,-169.70000000000002,0.0,0.0,169.8,0.0,21.700000000000003,29.8,29.8,30.4,300.0,300.0,31.200000000000003,35.2,29.6,28.9,30.700000000000003,4.96,2.0,4.96,0.16,0.0,0.0,1027.0,8228.0,0.0,0.0,0.0,0.0,0.0,1.0,0.0,0.0,0.0,0.0,0.0,-0.9,0.0,0.5,0.0,0.0001,16.0,25903.0
2026-07-30T19:00:12.916Z,182.399,182.412,0.0,7.4,0.0,0.0,0.0,0.0,0.0,0.0,0.0,0.0,1.0,0.0,0.0,0.0,9.0,4.0,0.0,0.0,0.0,0.0,0.0,0.0,0.0,0.0,4.0,12.0,1.0,12.17,5.0200000000000005,2.5,1.49,0.0,0.0,0.0,0.4,0.0,-0.2,0.2,0.4,-169.70000000000002,0.0,0.0,169.8,0.0,21.700000000000003,29.8,29.8,30.4,300.0,300.0,31.200000000000003,35.2,29.6,28.9,30.700000000000003,4.96,1.99,4.97,0.16,0.0,0.0,1027.0,8228.0,0.0,0.0,0.0,0.0,0.0,1.0,0.0,0.0,0.0,0.0,0.0,-0.9,0.0,0.5,0.0,0.0002,16.0,25903.0
2026-07-30T19:00:12.927Z,182.41,182.424,0.0,7.4,0.0,0.0,0.0,0.0,0.0,0.0,0.0,0.0,1.0,0.0,0.0,0.0,9.0,4.0,0.0,0.0,0.0,0.0,0.0,0.0,0.0,0.0,6.0,12.0,1.0,12.17,5.0200000000000005,2.5,1.49,0.0,0.0,0.0,0.4,0.0,-0.2,0.2,-0.1,-169.70000000000002,0.0,0.0,169.70000000000002,0.0,21.700000000000003,29.8,29.8,30.4,300.0,300.0,31.200000000000003,35.2,29.6,28.9,30.700000000000003,4.95,1.99,4.97,0.16,0.0,0.0,1027.0,8228.0,0.0,0.0,0.0,0.0,0.0,1.0,0.0,0.0,0.0,0.0,0.0,0.1,0.0,0.1,0.0,0.0001,16.0,25903.0
2026-07-30T19:00:12.940Z,182.423,182.436,0.0,7.4,0.0,0.0,0.0,0.0,0.0,0.0,0.0,0.0,1.0,0.0,0.0,0.0,9.0,4.0,0.0,0.0,0.0,0.0,0.0,0.0,0.0,0.0,1.0,12.0,1.0,12.17,5.0200000000000005,2.5,1.49,0.0,0.0,0.0,0.4,0.0,0.2,0.1,-0.7000000000000001,-169.70000000000002,0.0,0.0,169.8,0.0,21.700000000000003,29.8,29.8,30.4,300.0,300.0,31.200000000000003,35.2,29.6,28.9,30.700000000000003,4.96,1.99,4.97,0.16,0.0,0.0,1027.0,8228.0,0.0,0.0,0.0,0.0,0.0,1.0,0.0,0.0,0.0,0.0,0.0,-0.3,0.0,0.6000000000000001,0.0,0.0002,16.0,25903.0
2026-07-30T19:00:12.951Z,182.434,182.448,0.0,7.4,0.0,0.0,0.0,0.0,0.0,0.0,0.0,0.0,1.0,0.0,0.0,0.0,9.0,4.0,0.0,0.0,0.0,0.0,0.0,0.0,0.0,0.0,3.0,12.0,1.0,12.17,5.0200000000000005,2.5,1.49,0.0,0.1,0.0,0.4,0.0,-0.3,0.1,-0.6000000000000001,-169.70000000000002,0.0,0.0,169.70000000000002,0.0,21.700000000000003,29.8,29.8,30.4,300.0,300.0,31.200000000000003,35.2,29.6,28.9,30.700000000000003,4.95,2.0,4.96,0.16,0.0,0.0,1027.0,8228.0,0.0,0.0,0.0,0.0,0.0,1.0,0.0,0.0,0.0,0.0,0.0,-0.2,0.0,0.6000000000000001,0.0,0.0,16.0,25903.0
2026-07-30T19:00:12.963Z,182.446,182.46,0.0,7.4,0.0,0.0,0.0,0.0,0.0,0.0,0.0,0.0,1.0,0.0,0.0,0.0,9.0,4.0,0.0,0.0,0.0,0.0,0.0,0.0,0.0,0.0,4.0,12.0,1.0,12.17,5.0200000000000005,2.5,1.49,0.0,0.1,0.0,0.4,0.0,-0.2,0.7000000000000001,-1.2000000000000002,-169.70000000000002,0.0,0.0,169.8,0.0,21.700000000000003,29.8,29.8,30.4,300.0,300.0,31.200000000000003,35.2,29.6,28.9,30.700000000000003,4.95,1.99,4.98,0.16,0.0,0.0,1027.0,8228.0,0.0,0.0,0.0,0.0,0.0,1.0,0.0,0.0,0.0,0.0,0.0,0.0,0.0,1.2000000000000002,0.0,0.0001,16.0,25903.0
2026-07-30T19:00:12.976Z,182.459,182.472,0.0,7.4,0.0,0.0,0.0,0.0,0.0,0.0,0.0,0.0,1.0,0.0,0.0,0.0,9.0,4.0,0.0,0.0,0.0,0.0,0.0,0.0,0.0,0.0,5.0,12.0,1.0,12.17,5.01,2.51,1.49,0.0,0.0,0.0,0.5,0.0,-0.3,0.1,-0.6000000000000001,-169.70000000000002,0.0,0.0,169.8,0.0,21.700000000000003,29.8,29.8,30.4,300.0,300.0,31.1,35.2,29.6,28.8,30.700000000000003,4.96,1.99,4.98,0.16,0.0,0.0,1027.0,8228.0,0.0,0.0,0.0,0.0,0.0,1.0,0.0,0.0,0.0,0.0,0.0,-0.3,0.0,0.6000000000000001,0.0,0.0001,16.0,25903.0
2026-07-30T19:00:12.987Z,182.47,182.484,0.0,7.4,0.0,0.0,0.0,0.0,0.0,0.0,0.0,0.0,1.0,0.0,0.0,0.0,9.0,4.0,0.0,0.0,0.0,0.0,0.0,0.0,0.0,0.0,1.0,12.0,1.0,12.17,5.01,2.51,1.49,0.0,0.0,0.0,0.4,0.0,0.2,0.0,1.1,-169.70000000000002,0.0,0.0,169.8,0.0,21.700000000000003,29.8,29.8,30.4,300.0,300.0,31.1,35.2,29.6,28.8,30.700000000000003,4.96,1.99,4.96,0.16,0.0,0.0,1027.0,8228.0,0.0,0.0,0.0,0.0,0.0,1.0,0.0,0.0,0.0,0.0,0.0,0.9,0.0,-0.9,0.0,0.0,16.0,25903.0
2026-07-30T19:00:12.999Z,182.482,182.496,0.0,7.4,0.0,0.0,0.0,0.0,0.0,0.0,0.0,0.0,1.0,0.0,0.0,0.0,9.0,4.0,0.0,0.0,0.0,0.0,0.0,0.0,0.0,0.0,2.0,12.0,1.0,12.17,5.01,2.51,1.49,0.0,0.1,0.0,0.4,0.0,1.4,-1.0,1.6,-169.70000000000002,0.0,0.0,169.8,0.0,21.700000000000003,29.8,29.8,30.4,300.0,300.0,31.1,35.2,29.6,28.8,30.700000000000003,4.95,1.99,4.97,0.16,0.0,0.0,1027.0,8228.0,0.0,0.0,0.0,0.0,0.0,1.0,0.0,0.0,0.0,0.0,0.0,0.0,0.0,-1.6,0.0,0.0,16.0,25903.0
2026-07-30T19:00:13.011Z,182.494,182.508,0.0,7.4,0.0,0.0,0.0,0.0,0.0,0.0,0.0,0.0,1.0,0.0,0.0,0.0,9.0,4.0,0.0,0.0,0.0,0.0,0.0,0.0,0.0,0.0,3.0,12.0,1.0,12.17,5.01,2.51,1.49,0.0,0.0,0.0,0.4,0.0,0.8,1.8,1.1,-169.70000000000002,0.0,0.0,169.8,0.0,21.700000000000003,29.8,29.8,30.4,300.0,300.0,31.1,35.2,29.6,28.8,30.700000000000003,4.95,2.0,4.96,0.16,0.0,0.0,1027.0,8228.0,0.0,0.0,0.0,0.0,0.0,1.0,0.0,0.0,0.0,0.0,0.0,2.8000000000000003,0.0,-0.6000000000000001,0.0,0.0,16.0,25903.0
2026-07-30T19:00:13.023Z,182.506,182.52,0.0,7.4,0.0,0.0,0.0,0.0,0.0,0.0,0.0,0.0,1.0,0.0,0.0,0.0,9.0,4.0,0.0,0.0,0.0,0.0,0.0,0.0,0.0,0.0,5.0,12.0,1.0,12.17,5.01,2.51,1.49,0.0,0.0,0.0,0.4,0.0,-0.3,-0.5,-1.2000000000000002,-169.70000000000002,0.0,0.0,169.8,0.0,21.700000000000003,29.8,29.8,30.4,300.0,300.0,31.1,35.2,29.6,28.8,30.700000000000003,4.95,2.0,4.96,0.16,0.0,0.0,1027.0,8228.0,0.0,0.0,0.0,0.0,0.0,1.0,0.0,0.0,0.0,0.0,0.0,-1.5,0.0,1.0,0.0,0.0001,16.0,25903.0
2026-07-30T19:00:13.035Z,182.518,182.532,0.0,7.4,0.0,0.0,0.0,0.0,0.0,0.0,0.0,0.0,1.0,0.0,0.0,0.0,9.0,4.0,0.0,0.0,0.0,0.0,0.0,0.0,0.0,0.0,6.0,12.0,1.0,12.17,5.01,2.51,1.49,0.0,0.0,0.0,0.5,0.0,0.2,0.0,-0.1,-169.70000000000002,0.0,0.0,169.8,0.0,21.700000000000003,29.8,29.8,30.4,300.0,300.0,31.1,35.2,29.6,28.8,30.700000000000003,4.95,2.0,4.96,0.16,0.0,0.0,1027.0,8228.0,0.0,0.0,0.0,0.0,0.0,1.0,0.0,0.0,0.0,0.0,0.0,0.0,0.0,0.1,0.0,0.0,16.0,25903.0
2026-07-30T19:00:13.047Z,182.53,182.544,0.0,7.4,0.0,0.0,0.0,0.0,0.0,0.0,0.0,0.0,1.0,0.0,0.0,0.0,9.0,4.0,0.0,0.0,0.0,0.0,0.0,0.0,0.0,0.0,2.0,12.0,1.0,12.17,5.01,2.51,1.49,0.0,0.0,0.0,0.4,0.0,0.8,-0.5,-0.1,-169.70000000000002,0.0,0.0,169.8,0.0,21.700000000000003,29.8,29.8,30.4,300.0,300.0,31.1,35.2,29.6,28.8,30.700000000000003,4.95,1.99,4.97,0.16,0.0,0.0,1027.0,8228.0,0.0,0.0,0.0,0.0,0.0,1.0,0.0,0.0,0.0,0.0,0.0,-0.7000000000000001,0.0,0.0,0.0,0.0,16.0,25903.0
2026-07-30T19:00:13.069Z,182.552,182.556,0.0,7.4,0.0,0.0,0.0,0.0,0.0,0.0,0.0,0.0,1.0,0.0,0.0,0.0,9.0,4.0,0.0,0.0,0.0,0.0,0.0,0.0,0.0,0.0,3.0,12.0,1.0,12.17,5.01,2.51,1.49,0.0,0.0,0.0,0.4,0.0,0.2,0.5,1.6,-169.70000000000002,0.0,0.0,169.8,0.0,21.700000000000003,29.8,29.8,30.4,300.0,300.0,31.1,35.2,29.6,28.8,30.700000000000003,4.95,1.99,4.96,0.16,0.0,0.0,1027.0,8228.0,0.0,0.0,0.0,0.0,0.0,1.0,0.0,0.0,0.0,0.0,0.0,1.8,0.0,-1.3,0.0,0.0001,16.0,25903.0
2026-07-30T19:00:13.071Z,182.554,182.568,0.0,7.4,0.0,0.0,0.0,0.0,0.0,0.0,0.0,0.0,1.0,0.0,0.0,0.0,9.0,4.0,0.0,0.0,0.0,0.0,0.0,0.0,0.0,0.0,1.0,12.0,1.0,12.17,5.01,2.51,1.49,0.0,0.1,0.0,0.4,0.0,-0.3,1.1,1.6,-169.70000000000002,0.0,0.0,169.8,0.0,21.700000000000003,29.8,29.8,30.4,300.0,300.0,31.1,35.2,29.6,28.8,30.700000000000003,4.96,1.99,4.96,0.16,0.0,0.0,1027.0,8228.0,0.0,0.0,0.0,0.0,0.0,1.0,0.0,0.0,0.0,0.0,0.0,2.5,0.0,-1.2000000000000002,0.0,0.0001,16.0,25903.0
2026-07-30T19:00:13.083Z,182.566,182.58,0.0,7.4,0.0,0.0,0.0,0.0,0.0,0.0,0.0,0.0,1.0,0.0,0.0,0.0,9.0,4.0,0.0,0.0,0.0,0.0,0.0,0.0,0.0,0.0,1.0,12.0,1.0,12.17,5.01,2.51,1.5,0.0,0.0,0.0,0.4,0.0,-0.3,-0.5,-1.2000000000000002,-169.70000000000002,0.0,0.0,169.8,0.0,21.4,29.8,29.8,30.4,300.0,300.0,31.1,35.2,29.6,28.8,30.700000000000003,4.95,1.99,4.96,0.16,0.0,0.0,1027.0,8228.0,0.0,0.0,0.0,0.0,0.0,1.0,0.0,0.0,0.0,0.0,0.0,-1.6,0.0,1.0,0.0,0.0,16.0,25903.0
2026-07-30T19:00:13.095Z,182.578,182.592,0.0,7.4,0.0,0.0,0.0,0.0,0.0,0.0,0.0,0.0,1.0,0.0,0.0,0.0,9.0,4.0,0.0,0.0,0.0,0.0,0.0,0.0,0.0,0.0,2.0,12.0,1.0,12.17,5.01,2.51,1.5,0.0,0.0,0.0,0.4,0.0,-0.8,0.0,-1.2000000000000002,-169.70000000000002,0.0,0.0,169.8,0.0,21.4,29.8,29.8,30.4,300.0,300.0,31.1,35.2,29.6,28.8,30.700000000000003,4.96,1.99,4.96,0.16,0.0,0.0,1027.0,8228.0,0.0,0.0,0.0,0.0,0.0,1.0,0.0,0.0,0.0,0.0,0.0,-0.9,0.0,1.1,0.0,0.0,16.0,25903.0
2026-07-30T19:00:13.107Z,182.59,182.604,0.0,7.4,0.0,0.0,0.0,0.0,0.0,0.0,0.0,0.0,1.0,0.0,0.0,0.0,9.0,4.0,0.0,0.0,0.0,0.0,0.0,0.0,0.0,0.0,3.0,12.0,1.0,12.17,5.01,2.51,1.5,0.0,0.0,0.0,0.4,0.0,0.3,0.5,-0.1,-169.70000000000002,0.0,0.0,169.8,0.0,21.4,29.8,29.8,30.4,300.0,300.0,31.1,35.2,29.6,28.8,30.700000000000003,4.96,2.0,4.97,0.16,0.0,0.0,1027.0,8228.0,0.0,0.0,0.0,0.0,0.0,1.0,0.0,0.0,0.0,0.0,0.0,0.5,0.0,0.2,0.0,0.0001,16.0,25903.0
2026-07-30T19:00:13.119Z,182.602,182.616,0.0,7.4,0.0,0.0,0.0,0.0,0.0,0.0,0.0,0.0,1.0,0.0,0.0,0.0,9.0,4.0,0.0,0.0,0.0,0.0,0.0,0.0,0.0,0.0,5.0,12.0,1.0,12.17,5.01,2.51,1.5,0.0,0.0,0.0,0.4,0.0,-0.2,-0.5,0.4,-169.70000000000002,0.0,0.0,169.8,0.0,21.4,29.8,29.8,30.4,300.0,300.0,31.1,35.2,29.6,28.8,30.700000000000003,4.95,1.99,4.97,0.16,0.0,0.0,1027.0,8228.0,0.0,0.0,0.0,0.0,0.0,1.0,0.0,0.0,0.0,0.0,0.0,-0.2,0.0,-0.5,0.0,0.0,16.0,25903.0
2026-07-30T19:00:13.131Z,182.614,182.628,0.0,7.4,0.0,0.0,0.0,0.0,0.0,0.0,0.0,0.0,1.0,0.0,0.0,0.0,9.0,4.0,0.0,0.0,0.0,0.0,0.0,0.0,0.0,0.0,5.0,12.0,1.0,12.17,5.01,2.51,1.5,0.0,0.0,0.0,0.4,0.0,-0.2,-1.1,-0.1,-169.70000000000002,0.0,0.0,169.8,0.0,21.4,29.8,29.8,30.4,300.0,300.0,31.1,35.2,29.6,28.8,30.700000000000003,4.96,1.99,4.97,0.16,0.0,0.0,1027.0,8228.0,0.0,0.0,0.0,0.0,0.0,1.0,0.0,0.0,0.0,0.0,0.0,-1.4,0.0,0.0,0.0,0.0,16.0,25903.0
2026-07-30T19:00:13.144Z,182.627,182.64,0.0,7.4,0.0,0.0,0.0,0.0,0.0,0.0,0.0,0.0,1.0,0.0,0.0,0.0,9.0,4.0,0.0,0.0,0.0,0.0,0.0,0.0,0.0,0.0,1.0,12.0,1.0,12.17,5.01,2.51,1.5,0.0,0.1,0.0,0.4,0.0,0.3,0.0,-0.7000000000000001,-169.70000000000002,0.0,0.0,169.8,0.0,21.4,29.8,29.8,30.4,300.0,300.0,31.1,35.2,29.6,28.8,30.700000000000003,4.96,1.99,4.96,0.16,0.0,0.0,1027.0,8228.0,0.0,0.0,0.0,0.0,0.0,1.0,0.0,0.0,0.0,0.0,0.0,-0.5,0.0,0.6000000000000001,0.0,0.0001,16.0,25903.0
2026-07-30T19:00:13.155Z,182.638,182.652,0.0,7.4,0.0,0.0,0.0,0.0,0.0,0.0,0.0,0.0,1.0,0.0,0.0,0.0,9.0,4.0,0.0,0.0,0.0,0.0,0.0,0.0,0.0,0.0,2.0,12.0,1.0,12.17,5.01,2.51,1.5,0.0,0.0,0.0,0.4,0.0,0.3,-1.1,-0.2,-169.70000000000002,0.0,0.0,169.70000000000002,0.0,21.4,29.8,29.8,30.4,300.0,300.0,31.1,35.2,29.6,28.8,30.700000000000003,4.96,1.99,4.96,0.16,0.0,0.0,1027.0,8228.0,0.0,0.0,0.0,0.0,0.0,1.0,0.0,0.0,0.0,0.0,0.0,-1.4,0.0,0.0,0.0,0.0001,16.0,25903.0
2026-07-30T19:00:13.167Z,182.65,182.664,0.0,7.4,0.0,0.0,0.0,0.0,0.0,0.0,0.0,0.0,1.0,0.0,0.0,0.0,9.0,4.0,0.0,0.0,0.0,0.0,0.0,0.0,0.0,0.0,4.0,12.0,1.0,12.17,5.01,2.51,1.5,0.0,0.0,0.0,0.4,0.0,0.3,0.7000000000000001,0.4,-169.70000000000002,0.0,0.0,169.8,0.0,21.4,29.8,29.8,30.4,300.0,300.0,31.1,35.2,29.6,28.8,30.700000000000003,4.95,2.0,4.96,0.16,0.0,0.0,1027.0,8228.0,0.0,0.0,0.0,0.0,0.0,1.0,0.0,0.0,0.0,0.0,0.0,1.1,0.0,-0.2,0.0,0.0001,16.0,25903.0
2026-07-30T19:00:13.180Z,182.663,182.676,0.0,7.4,0.0,0.0,0.0,0.0,0.0,0.0,0.0,0.0,1.0,0.0,0.0,0.0,9.0,4.0,0.0,0.0,0.0,0.0,0.0,0.0,0.0,0.0,5.0,12.0,1.0,12.18,5.01,2.51,1.49,0.0,0.0,0.0,0.4,0.0,-0.2,-0.4,-0.7000000000000001,-169.70000000000002,0.0,0.0,169.8,0.0,22.1,29.8,29.8,30.4,300.0,300.0,31.1,35.1,29.6,28.8,30.700000000000003,4.95,2.0,4.97,0.16,0.0,0.0,1027.0,8228.0,0.0,0.0,0.0,0.0,0.0,1.0,0.0,0.0,0.0,0.0,0.0,-1.1,0.0,0.5,0.0,0.0,16.0,25903.0
2026-07-30T19:00:13.192Z,182.675,182.688,0.0,7.4,0.0,0.0,0.0,0.0,0.0,0.0,0.0,0.0,1.0,0.0,0.0,0.0,9.0,4.0,0.0,0.0,0.0,0.0,0.0,0.0,0.0,0.0,6.0,12.0,1.0,12.18,5.01,2.51,1.49,0.0,0.0,0.0,0.4,0.0,-0.2,-0.5,1.0,-169.70000000000002,0.0,0.0,169.70000000000002,0.0,22.1,29.8,29.8,30.4,300.0,300.0,31.1,35.1,29.6,28.8,30.700000000000003,4.95,2.0,4.97,0.16,0.0,0.0,1027.0,8228.0,0.0,0.0,0.0,0.0,0.0,1.0,0.0,0.0,0.0,0.0,0.0,0.1,0.0,-1.0,0.0,0.0001,16.0,25903.0
2026-07-30T19:00:13.203Z,182.686,182.7,0.0,7.4,0.0,0.0,0.0,0.0,0.0,0.0,0.0,0.0,1.0,0.0,0.0,0.0,9.0,4.0,0.0,0.0,0.0,0.0,0.0,0.0,0.0,0.0,2.0,12.0,1.0,12.18,5.01,2.51,1.49,0.0,0.0,0.0,0.4,0.0,0.3,0.0,-0.7000000000000001,-169.70000000000002,0.0,0.0,169.70000000000002,0.0,22.1,29.8,29.8,30.4,300.0,300.0,31.1,35.1,29.6,28.8,30.700000000000003,4.95,1.99,4.97,0.16,0.0,0.0,1027.0,8228.0,0.0,0.0,0.0,0.0,0.0,1.0,0.0,0.0,0.0,0.0,0.0,-0.5,0.0,0.6000000000000001,0.0,0.0001,16.0,25903.0
2026-07-30T19:00:13.215Z,182.698,182.712,0.0,7.4,0.0,0.0,0.0,0.0,0.0,0.0,0.0,0.0,1.0,0.0,0.0,0.0,9.0,4.0,0.0,0.0,0.0,0.0,0.0,0.0,0.0,0.0,3.0,12.0,1.0,12.18,5.01,2.51,1.49,0.0,0.0,0.0,0.4,0.0,-0.2,-0.6000000000000001,-1.8,-169.70000000000002,0.0,0.0,169.70000000000002,0.0,22.1,29.8,29.8,30.4,300.0,300.0,31.1,35.1,29.6,28.8,30.700000000000003,4.95,1.99,4.97,0.16,0.0,0.0,1027.0,8228.0,0.0,0.0,0.0,0.0,0.0,1.0,0.0,0.0,0.0,0.0,0.0,-2.1,0.0,1.5,0.0,0.0001,16.0,25903.0
2026-07-30T19:00:13.227Z,182.71,182.724,0.0,7.4,0.0,0.0,0.0,0.0,0.0,0.0,0.0,0.0,1.0,0.0,0.0,0.0,9.0,4.0,0.0,0.0,0.0,0.0,0.0,0.0,0.0,0.0,4.0,12.0,1.0,12.18,5.01,2.51,1.49,0.0,0.0,0.0,0.4,0.0,-0.2,0.5,1.0,-169.70000000000002,0.0,0.0,169.70000000000002,0.0,22.1,29.8,29.8,30.4,300.0,300.0,31.1,35.1,29.6,28.8,30.700000000000003,4.96,1.99,4.96,0.16,0.0,0.0,1027.0,8228.0,0.0,0.0,0.0,0.0,0.0,1.0,0.0,0.0,0.0,0.0,0.0,1.4,0.0,-0.8,0.0,0.0001,16.0,25903.0
2026-07-30T19:00:13.239Z,182.722,182.736,0.0,7.4,0.0,0.0,0.0,0.0,0.0,0.0,0.0,0.0,1.0,0.0,0.0,0.0,9.0,4.0,0.0,0.0,0.0,0.0,0.0,0.0,0.0,0.0,6.0,12.0,1.0,12.18,5.01,2.51,1.49,0.0,0.0,0.0,0.4,0.0,0.3,-1.1,0.0,-169.70000000000002,0.0,0.0,169.70000000000002,0.0,22.1,29.8,29.8,30.4,300.0,300.0,31.1,35.1,29.6,28.8,30.700000000000003,4.95,1.99,4.96,0.16,0.0,0.0,1027.0,8228.0,0.0,0.0,0.0,0.0,0.0,1.0,0.0,0.0,0.0,0.0,0.0,-1.3,0.0,-0.1,0.0,0.0,16.0,25903.0
2026-07-30T19:00:13.251Z,182.734,182.748,0.0,7.4,0.0,0.0,0.0,0.0,0.0,0.0,0.0,0.0,1.0,0.0,0.0,0.0,9.0,4.0,0.0,0.0,0.0,0.0,0.0,0.0,0.0,0.0,1.0,12.0,1.0,12.18,5.01,2.51,1.49,0.0,0.1,0.0,0.4,0.0,-0.2,-0.5,-0.1,-169.70000000000002,0.0,0.0,169.70000000000002,0.0,22.1,29.8,29.8,30.4,300.0,300.0,31.1,35.1,29.6,28.8,30.700000000000003,4.95,1.99,4.96,0.16,0.0,0.0,1027.0,8228.0,0.0,0.0,0.0,0.0,0.0,1.0,0.0,0.0,0.0,0.0,0.0,-0.7000000000000001,0.0,0.0,0.0,0.0,16.0,25903.0
2026-07-30T19:00:13.264Z,182.747,182.76,0.0,7.4,0.0,0.0,0.0,0.0,0.0,0.0,0.0,0.0,1.0,0.0,0.0,0.0,9.0,4.0,0.0,0.0,0.0,0.0,0.0,0.0,0.0,0.0,2.0,12.0,1.0,12.18,5.01,2.51,1.49,0.0,0.0,0.0,0.4,0.0,-0.1,0.0,-0.7000000000000001,-169.70000000000002,0.0,0.0,169.8,0.0,22.1,29.8,29.8,30.4,300.0,300.0,31.1,35.1,29.6,28.8,30.700000000000003,4.96,1.99,4.96,0.16,0.0,0.0,1027.0,8228.0,0.0,0.0,0.0,0.0,0.0,1.0,0.0,0.0,0.0,0.0,0.0,-0.5,0.0,0.6000000000000001,0.0,0.0,16.0,25903.0
2026-07-30T19:00:13.275Z,182.758,182.772,0.0,7.4,0.0,0.0,0.0,0.0,0.0,0.0,0.0,0.0,1.0,0.0,0.0,0.0,9.0,4.0,0.0,0.0,0.0,0.0,0.0,0.0,0.0,0.0,3.0,12.0,1.0,12.18,5.01,2.51,1.49,0.0,0.0,0.0,0.4,0.0,0.3,0.0,1.0,-169.70000000000002,0.0,0.0,169.8,0.0,22.1,29.8,29.8,30.4,300.0,300.0,31.1,35.1,29.6,28.8,30.700000000000003,4.95,1.99,4.96,0.16,0.0,0.0,1027.0,8228.0,0.0,0.0,0.0,0.0,0.0,1.0,0.0,0.0,0.0,0.0,0.0,0.8,0.0,-0.8,0.0,0.0001,16.0,25903.0
2026-07-30T19:00:13.287Z,182.77,182.784,0.0,7.4,0.0,0.0,0.0,0.0,0.0,0.0,0.0,0.0,1.0,0.0,0.0,0.0,9.0,4.0,0.0,0.0,0.0,0.0,0.0,0.0,0.0,0.0,4.0,12.0,1.0,12.17,5.01,2.51,1.49,0.0,0.1,0.0,0.4,0.0,-0.1,0.0,-0.1,-169.70000000000002,0.0,0.0,169.8,0.0,21.3,29.8,29.8,30.4,300.0,300.0,31.200000000000003,35.1,29.6,28.9,30.700000000000003,4.96,1.99,4.97,0.16,0.0,0.0,1027.0,8228.0,0.0,0.0,0.0,0.0,0.0,1.0,0.0,0.0,0.0,0.0,0.0,0.0,0.0,0.1,0.0,0.0001,16.0,25903.0
2026-07-30T19:00:13.299Z,182.782,182.796,0.0,7.4,0.0,0.0,0.0,0.0,0.0,0.0,0.0,0.0,1.0,0.0,0.0,0.0,9.0,4.0,0.0,0.0,0.0,0.0,0.0,0.0,0.0,0.0,5.0,12.0,1.0,12.17,5.01,2.51,1.49,0.0,0.0,0.0,0.4,0.0,-0.1,1.2000000000000002,-0.6000000000000001,-169.70000000000002,0.0,0.0,169.70000000000002,0.0,21.3,29.8,29.8,30.4,300.0,300.0,31.200000000000003,35.1,29.6,28.9,30.700000000000003,4.96,1.99,4.96,0.16,0.0,0.0,1027.0,8228.0,0.0,0.0,0.0,0.0,0.0,1.0,0.0,0.0,0.0,0.0,0.0,0.9,0.0,0.8,0.0,0.0,16.0,25903.0
2026-07-30T19:00:13.311Z,182.794,182.808,0.0,7.4,0.0,0.0,0.0,0.0,0.0,0.0,0.0,0.0,1.0,0.0,0.0,0.0,9.0,4.0,0.0,0.0,0.0,0.0,0.0,0.0,0.0,0.0,6.0,12.0,1.0,12.17,5.01,2.51,1.49,0.0,0.0,0.0,0.4,0.0,-0.1,0.6000000000000001,1.0,-169.70000000000002,0.0,0.0,169.8,0.0,21.3,29.8,29.8,30.4,300.0,300.0,31.200000000000003,35.1,29.6,28.9,30.700000000000003,4.96,1.99,4.96,0.16,0.0,0.0,1027.0,8228.0,0.0,0.0,0.0,0.0,0.0,1.0,0.0,0.0,0.0,0.0,0.0,1.5,0.0,-0.7000000000000001,0.0,0.0001,16.0,25903.0
2026-07-30T19:00:13.323Z,182.806,182.82,0.0,7.4,0.0,0.0,0.0,0.0,0.0,0.0,0.0,0.0,1.0,0.0,0.0,0.0,9.0,4.0,0.0,0.0,0.0,0.0,0.0,0.0,0.0,0.0,1.0,12.0,1.0,12.17,5.01,2.51,1.49,0.0,0.0,0.0,0.4,0.0,0.4,-0.4,-0.1,-169.70000000000002,0.0,0.0,169.8,0.0,21.3,29.8,29.8,30.4,300.0,300.0,31.200000000000003,35.1,29.6,28.9,30.700000000000003,4.95,1.99,4.97,0.16,0.0,0.0,1027.0,8228.0,0.0,0.0,0.0,0.0,0.0,1.0,0.0,0.0,0.0,0.0,0.0,-0.6000000000000001,0.0,0.0,0.0,0.0,16.0,25903.0
2026-07-30T19:00:13.335Z,182.818,182.832,0.0,7.4,0.0,0.0,0.0,0.0,0.0,0.0,0.0,0.0,1.0,0.0,0.0,0.0,9.0,4.0,0.0,0.0,0.0,0.0,0.0,0.0,0.0,0.0,3.0,12.0,1.0,12.17,5.01,2.51,1.49,0.0,0.0,0.0,0.4,0.0,0.4,-1.0,-0.7000000000000001,-169.70000000000002,0.0,0.0,169.8,0.0,21.3,29.8,29.8,30.4,300.0,300.0,31.200000000000003,35.1,29.6,28.9,30.700000000000003,4.95,1.99,4.96,0.16,0.0,0.0,1027.0,8228.0,0.0,0.0,0.0,0.0,0.0,1.0,0.0,0.0,0.0,0.0,0.0,-1.7000000000000002,0.0,0.4,0.0,0.0001,16.0,25903.0
2026-07-30T19:00:13.347Z,182.83,182.844,0.0,7.4,0.0,0.0,0.0,0.0,0.0,0.0,0.0,0.0,1.0,0.0,0.0,0.0,9.0,4.0,0.0,0.0,0.0,0.0,0.0,0.0,0.0,0.0,4.0,12.0,1.0,12.17,5.01,2.51,1.49,0.0,0.1,0.0,0.4,0.0,0.4,0.0,0.4,-169.70000000000002,0.0,0.0,169.70000000000002,0.0,21.3,29.8,29.8,30.4,300.0,300.0,31.200000000000003,35.1,29.6,28.9,30.700000000000003,4.95,1.99,4.96,0.16,0.0,0.0,1027.0,8228.0,0.0,0.0,0.0,0.0,0.0,1.0,0.0,0.0,0.0,0.0,0.0,0.3,0.0,-0.3,0.0,0.0,16.0,25903.0
2026-07-30T19:00:13.359Z,182.842,182.856,0.0,7.4,0.0,0.0,0.0,0.0,0.0,0.0,0.0,0.0,1.0,0.0,0.0,0.0,9.0,4.0,0.0,0.0,0.0,0.0,0.0,0.0,0.0,0.0,6.0,12.0,1.0,12.17,5.01,2.51,1.49,0.0,0.0,0.0,0.4,0.0,0.3,0.0,-0.1,-169.70000000000002,0.0,0.0,169.70000000000002,0.0,21.3,29.8,29.8,30.4,300.0,300.0,31.200000000000003,35.1,29.6,28.9,30.700000000000003,4.95,1.99,4.96,0.16,0.0,0.0,1027.0,8228.0,0.0,0.0,0.0,0.0,0.0,1.0,0.0,0.0,0.0,0.0,0.0,0.0,0.0,0.1,0.0,0.0001,16.0,25903.0
2026-07-30T19:00:13.371Z,182.854,182.868,0.0,7.4,0.0,0.0,0.0,0.0,0.0,0.0,0.0,0.0,1.0,0.0,0.0,0.0,9.0,4.0,0.0,0.0,0.0,0.0,0.0,0.0,0.0,0.0,2.0,12.0,1.0,12.17,5.01,2.51,1.49,0.0,0.1,0.0,0.4,0.0,0.3,1.8,2.1,-169.70000000000002,0.0,0.0,169.70000000000002,0.0,21.3,29.8,29.8,30.4,300.0,300.0,31.200000000000003,35.1,29.6,28.9,30.700000000000003,4.95,1.99,4.96,0.16,0.0,0.0,1027.0,8228.0,0.0,0.0,0.0,0.0,0.0,1.0,0.0,0.0,0.0,0.0,0.0,3.6,0.0,-1.5,0.0,0.0,16.0,25903.0
2026-07-30T19:00:13.389Z,182.872,182.88,0.0,7.4,0.0,0.0,0.0,0.0,0.0,0.0,0.0,0.0,1.0,0.0,0.0,0.0,9.0,4.0,0.0,0.0,0.0,0.0,0.0,0.0,0.0,0.0,1.0,12.0,1.0,12.17,5.01,2.51,1.49,0.0,0.0,0.0,0.4,0.0,0.4,0.0,0.4,-169.70000000000002,0.0,0.0,169.70000000000002,0.0,21.700000000000003,29.8,29.700000000000003,30.3,300.0,300.0,31.200000000000003,35.1,29.6,28.8,30.700000000000003,4.96,1.99,4.96,0.16,0.0,0.0,1027.0,8228.0,0.0,0.0,0.0,0.0,0.0,1.0,0.0,0.0,0.0,0.0,0.0,0.3,0.0,-0.3,0.0,0.0,16.0,25903.0
2026-07-30T19:00:13.395Z,182.878,182.892,0.0,7.4,0.0,0.0,0.0,0.0,0.0,0.0,0.0,0.0,1.0,0.0,0.0,0.0,9.0,4.0,0.0,0.0,0.0,0.0,0.0,0.0,0.0,0.0,5.0,12.0,1.0,12.17,5.01,2.51,1.49,0.0,0.0,0.0,0.4,0.0,0.4,0.1,-0.7000000000000001,-169.70000000000002,0.0,0.0,169.70000000000002,0.0,21.700000000000003,29.8,29.700000000000003,30.3,300.0,300.0,31.200000000000003,35.1,29.6,28.8,30.700000000000003,4.96,1.99,4.97,0.16,0.0,0.0,1027.0,8228.0,0.0,0.0,0.0,0.0,0.0,1.0,0.0,0.0,0.0,0.0,0.0,-0.4,0.0,0.6000000000000001,0.0,0.0,16.0,25903.0
2026-07-30T19:00:13.407Z,182.89,182.904,0.0,7.4,0.0,0.0,0.0,0.0,0.0,0.0,0.0,0.0,1.0,0.0,0.0,0.0,9.0,4.0,0.0,0.0,0.0,0.0,0.0,0.0,0.0,0.0,1.0,12.0,1.0,12.17,5.01,2.51,1.49,0.0,0.0,0.0,0.4,0.0,0.4,1.2000000000000002,1.5,-169.70000000000002,0.0,0.0,169.8,0.0,21.700000000000003,29.8,29.700000000000003,30.3,300.0,300.0,31.200000000000003,35.1,29.6,28.8,30.700000000000003,4.95,1.99,4.97,0.16,0.0,0.0,1027.0,8228.0,0.0,0.0,0.0,0.0,0.0,1.0,0.0,0.0,0.0,0.0,0.0,0.3,0.0,-0.3,0.0,0.0,16.0,25903.0
2026-07-30T19:00:13.419Z,182.902,182.916,0.0,7.4,0.0,0.0,0.0,0.0,0.0,0.0,0.0,0.0,1.0,0.0,0.0,0.0,9.0,4.0,0.0,0.0,0.0,0.0,0.0,0.0,0.0,0.0,2.0,12.0,1.0,12.17,5.01,2.51,1.49,0.0,0.0,0.0,0.4,0.0,0.4,0.6000000000000001,-1.9,-169.70000000000002,0.0,0.0,169.8,0.0,21.700000000000003,29.8,29.700000000000003,30.3,300.0,300.0,31.200000000000003,35.1,29.6,28.8,30.700000000000003,4.96,1.99,4.96,0.16,0.0,0.0,1027.0,8228.0,0.0,0.0,0.0,0.0,0.0,1.0,0.0,0.0,0.0,0.0,0.0,2.3000000000000003,0.0,-1.7000000000000002,0.0,0.0002,16.0,25903.0
2026-07-30T19:00:13.431Z,182.914,182.928,0.0,7.4,0.0,0.0,0.0,0.0,0.0,0.0,0.0,0.0,1.0,0.0,0.0,0.0,9.0,4.0,0.0,0.0,0.0,0.0,0.0,0.0,0.0,0.0,3.0,12.0,1.0,12.17,5.01,2.51,1.49,0.0,0.0,0.0,0.4,0.0,0.4,-1.0,-0.7000000000000001,-169.70000000000002,0.0,0.0,169.70000000000002,0.0,21.700000000000003,29.8,29.700000000000003,30.3,300.0,300.0,31.200000000000003,35.1,29.6,28.8,30.700000000000003,4.95,2.0,4.96,0.16,0.0,0.0,1027.0,8228.0,0.0,0.0,0.0,0.0,0.0,1.0,0.0,0.0,0.0,0.0,0.0,-0.4,0.0,0.6000000000000001,0.0,0.0,16.0,25903.0
2026-07-30T19:00:13.443Z,182.926,182.94,0.0,7.4,0.0,0.0,0.0,0.0,0.0,0.0,0.0,0.0,1.0,0.0,0.0,0.0,9.0,4.0,0.0,0.0,0.0,0.0,0.0,0.0,0.0,0.0,4.0,12.0,1.0,12.17,5.01,2.51,1.49,0.0,0.0,0.0,0.4,0.0,-0.7000000000000001,-0.5,-0.7000000000000001,-169.70000000000002,0.0,0.0,169.60000000000002,0.0,21.700000000000003,29.8,29.700000000000003,30.3,300.0,300.0,31.200000000000003,35.1,29.6,28.8,30.700000000000003,4.95,1.99,4.97,0.16,0.0,0.0,1027.0,8228.0,0.0,0.0,0.0,0.0,0.0,1.0,0.0,0.0,0.0,0.0,0.0,-1.1,0.0,0.5,0.0,0.0001,16.0,25903.0
2026-07-30T19:00:13.455Z,182.938,182.952,0.0,7.4,0.0,0.0,0.0,0.0,0.0,0.0,0.0,0.0,1.0,0.0,0.0,0.0,9.0,4.0,0.0,0.0,0.0,0.0,0.0,0.0,0.0,0.0,6.0,12.0,1.0,12.17,5.01,2.51,1.49,0.0,0.0,0.0,0.4,0.0,-0.2,1.2000000000000002,-0.1,-169.70000000000002,0.0,0.0,169.70000000000002,0.0,21.700000000000003,29.8,29.700000000000003,30.3,300.0,300.0,31.200000000000003,35.1,29.6,28.8,30.700000000000003,4.95,1.99,4.97,0.16,0.0,0.0,1027.0,8228.0,0.0,0.0,0.0,0.0,0.0,1.0,0.0,0.0,0.0,0.0,0.0,1.2000000000000002,0.0,0.3,0.0,0.0001,16.0,25903.0
2026-07-30T19:00:13.467Z,182.95,182.964,0.0,7.4,0.0,0.0,0.0,0.0,0.0,0.0,0.0,0.0,1.0,0.0,0.0,0.0,9.0,4.0,0.0,0.0,0.0,0.0,0.0,0.0,0.0,0.0,1.0,12.0,1.0,12.17,5.01,2.51,1.49,0.0,0.0,0.0,0.4,0.0,0.9,0.6000000000000001,1.0,-169.70000000000002,0.0,0.0,169.60000000000002,0.0,21.700000000000003,29.8,29.700000000000003,30.3,300.0,300.0,31.200000000000003,35.1,29.6,28.8,30.700000000000003,4.96,1.99,4.96,0.16,0.0,0.0,1027.0,8228.0,0.0,0.0,0.0,0.0,0.0,1.0,0.0,0.0,0.0,0.0,0.0,1.5,0.0,-0.8,0.0,0.0,16.0,25903.0
2026-07-30T19:00:13.479Z,182.962,182.976,0.0,7.4,0.0,0.0,0.0,0.0,0.0,0.0,0.0,0.0,1.0,0.0,0.0,0.0,9.0,4.0,0.0,0.0,0.0,0.0,0.0,0.0,0.0,0.0,3.0,12.0,1.0,12.17,5.01,2.51,1.49,0.0,0.0,0.0,0.4,0.0,-0.2,0.1,2.2,-169.70000000000002,0.0,0.0,169.60000000000002,0.0,21.700000000000003,29.8,29.700000000000003,30.3,300.0,300.0,31.200000000000003,35.1,29.6,28.8,30.700000000000003,4.95,1.99,4.97,0.16,0.0,0.0,1027.0,8228.0,0.0,0.0,0.0,0.0,0.0,1.0,0.0,0.0,0.0,0.0,0.0,1.8,0.0,-1.9,0.0,0.0001,16.0,25903.0
2026-07-30T19:00:13.491Z,182.974,182.988,0.0,7.4,0.0,0.0,0.0,0.0,0.0,0.0,0.0,0.0,1.0,0.0,0.0,0.0,9.0,4.0,0.0,0.0,0.0,0.0,0.0,0.0,0.0,0.0,4.0,12.0,1.0,12.18,5.01,2.5,1.49,0.0,0.0,0.0,0.4,0.0,-0.2,0.6000000000000001,-0.1,-169.70000000000002,0.0,0.0,169.60000000000002,0.0,21.4,29.8,29.700000000000003,30.4,300.0,300.0,31.200000000000003,35.2,29.6,28.8,30.700000000000003,4.95,1.99,4.96,0.16,0.0,0.0,1027.0,8228.0,0.0,0.0,0.0,0.0,0.0,1.0,0.0,0.0,0.0,0.0,0.0,0.6000000000000001,0.0,0.2,0.0,0.0,16.0,25903.0
2026-07-30T19:00:13.503Z,182.986,183.0,0.0,7.4,0.0,0.0,0.0,0.0,0.0,0.0,0.0,0.0,1.0,0.0,0.0,0.0,9.0,4.0,0.0,0.0,0.0,0.0,0.0,0.0,0.0,0.0,5.0,12.0,1.0,12.18,5.01,2.5,1.49,0.0,0.0,0.0,0.4,0.0,0.9,0.6000000000000001,1.0,-169.70000000000002,0.0,0.0,169.60000000000002,0.0,21.4,29.8,29.700000000000003,30.4,300.0,300.0,31.200000000000003,35.2,29.6,28.8,30.700000000000003,4.96,1.99,4.96,0.16,0.0,0.0,1027.0,8228.0,0.0,0.0,0.0,0.0,0.0,1.0,0.0,0.0,0.0,0.0,0.0,1.5,0.0,-0.8,0.0,0.0,16.0,25903.0
2026-07-30T19:00:13.515Z,182.998,183.012,0.0,7.4,0.0,0.0,0.0,0.0,0.0,0.0,0.0,0.0,1.0,0.0,0.0,0.0,9.0,4.0,0.0,0.0,0.0,0.0,0.0,0.0,0.0,0.0,6.0,12.0,1.0,12.18,5.01,2.5,1.49,0.0,0.0,0.0,0.4,0.0,-0.2,0.6000000000000001,-1.8,-169.70000000000002,0.0,0.0,169.70000000000002,0.0,21.4,29.8,29.700000000000003,30.4,300.0,300.0,31.200000000000003,35.2,29.6,28.8,30.700000000000003,4.95,1.99,4.97,0.16,0.0,0.0,1027.0,8228.0,0.0,0.0,0.0,0.0,0.0,1.0,0.0,0.0,0.0,0.0,0.0,-0.6000000000000001,0.0,1.7000000000000002,0.0,0.0,16.0,25903.0
2026-07-30T19:00:13.527Z,183.01,183.024,0.0,7.4,0.0,0.0,0.0,0.0,0.0,0.0,0.0,0.0,1.0,0.0,0.0,0.0,9.0,4.0,0.0,0.0,0.0,0.0,0.0,0.0,0.0,0.0,2.0,12.0,1.0,12.18,5.01,2.5,1.49,0.0,0.0,0.0,0.4,0.0,0.3,1.1,1.0,-169.70000000000002,0.0,0.0,169.70000000000002,0.0,21.4,29.8,29.700000000000003,30.4,300.0,300.0,31.200000000000003,35.2,29.6,28.8,30.700000000000003,4.95,1.99,4.97,0.16,0.0,0.0,1027.0,8228.0,0.0,0.0,0.0,0.0,0.0,1.0,0.0,0.0,0.0,0.0,0.0,2.1,0.0,-0.6000000000000001,0.0,0.0001,16.0,25903.0
2026-07-30T19:00:13.539Z,183.022,183.036,0.0,7.4,0.0,0.0,0.0,0.0,0.0,0.0,0.0,0.0,1.0,0.0,0.0,0.0,9.0,4.0,0.0,0.0,0.0,0.0,0.0,0.0,0.0,0.0,3.0,12.0,1.0,12.18,5.01,2.5,1.49,0.0,0.0,0.0,0.4,0.0,-0.2,1.1,1.0,-169.70000000000002,0.0,0.0,169.70000000000002,0.0,21.4,29.8,29.700000000000003,30.4,300.0,300.0,31.200000000000003,35.2,29.6,28.8,30.700000000000003,4.95,2.0,4.96,0.16,0.0,0.0,1027.0,8228.0,0.0,0.0,0.0,0.0,0.0,1.0,0.0,0.0,0.0,0.0,0.0,2.1,0.0,-0.6000000000000001,0.0,0.0001,16.0,25903.0
2026-07-30T19:00:13.551Z,183.034,183.048,0.0,7.4,0.0,0.0,0.0,0.0,0.0,0.0,0.0,0.0,1.0,0.0,0.0,0.0,9.0,4.0,0.0,0.0,0.0,0.0,0.0,0.0,0.0,0.0,4.0,12.0,1.0,12.18,5.01,2.5,1.49,0.0,0.0,0.0,0.4,0.0,-0.2,0.0,-1.2000000000000002,-169.70000000000002,0.0,0.0,169.8,0.0,21.4,29.8,29.700000000000003,30.4,300.0,300.0,31.200000000000003,35.2,29.6,28.8,30.700000000000003,4.96,1.99,4.96,0.16,0.0,0.0,1027.0,8228.0,0.0,0.0,0.0,0.0,0.0,1.0,0.0,0.0,0.0,0.0,0.0,-0.8,0.0,1.1,0.0,0.0,16.0,25903.0
2026-07-30T19:00:13.563Z,183.046,183.06,0.0,7.4,0.0,0.0,0.0,0.0,0.0,0.0,0.0,0.0,1.0,0.0,0.0,0.0,9.0,4.0,0.0,0.0,0.0,0.0,0.0,0.0,0.0,0.0,5.0,12.0,1.0,12.18,5.01,2.5,1.49,0.0,0.0,0.0,0.5,0.0,-1.4,0.6000000000000001,0.4,-169.70000000000002,0.0,0.0,169.60000000000002,0.0,21.4,29.8,29.700000000000003,30.4,300.0,300.0,31.200000000000003,35.2,29.6,28.8,30.700000000000003,4.95,1.99,4.97,0.16,0.0,0.0,1027.0,8228.0,0.0,0.0,0.0,0.0,0.0,1.0,0.0,0.0,0.0,0.0,0.0,1.0,0.0,-0.2,0.0,0.0002,16.0,25903.0
2026-07-30T19:00:13.576Z,183.059,183.072,0.0,7.4,0.0,0.0,0.0,0.0,0.0,0.0,0.0,0.0,1.0,0.0,0.0,0.0,9.0,4.0,0.0,0.0,0.0,0.0,0.0,0.0,0.0,0.0,6.0,12.0,1.0,12.18,5.01,2.5,1.49,0.0,0.0,0.0,0.4,0.0,0.3,-0.5,0.4,-169.70000000000002,0.0,0.0,169.8,0.0,21.4,29.8,29.700000000000003,30.4,300.0,300.0,31.200000000000003,35.2,29.6,28.8,30.700000000000003,4.96,1.99,4.97,0.16,0.0,0.0,1027.0,8228.0,0.0,0.0,0.0,0.0,0.0,1.0,0.0,0.0,0.0,0.0,0.0,-0.2,0.0,-0.5,0.0,0.0001,16.0,25903.0
2026-07-30T19:00:13.588Z,183.071,183.084,0.0,7.4,0.0,0.0,0.0,0.0,0.0,0.0,0.0,0.0,1.0,0.0,0.0,0.0,9.0,4.0,0.0,0.0,0.0,0.0,0.0,0.0,0.0,0.0,1.0,12.0,1.0,12.15,5.01,2.51,1.49,0.0,0.0,0.0,0.4,0.0,-0.2,0.0,0.4,-169.70000000000002,0.0,0.0,169.8,0.0,21.8,29.8,29.700000000000003,30.3,300.0,300.0,31.200000000000003,35.2,29.6,28.8,30.700000000000003,4.96,2.0,4.96,0.16,0.0,0.0,1027.0,8228.0,0.0,0.0,0.0,0.0,0.0,1.0,0.0,0.0,0.0,0.0,0.0,0.3,0.0,-0.3,0.0,0.0001,16.0,25903.0
2026-07-30T19:00:13.599Z,183.082,183.096,0.0,7.4,0.0,0.0,0.0,0.0,0.0,0.0,0.0,0.0,1.0,0.0,0.0,0.0,9.0,4.0,0.0,0.0,0.0,0.0,0.0,0.0,0.0,0.0,3.0,12.0,1.0,12.15,5.01,2.51,1.49,0.0,0.0,0.0,0.4,0.0,0.3,1.2000000000000002,-0.1,-169.70000000000002,0.0,0.0,169.70000000000002,0.0,21.8,29.8,29.700000000000003,30.3,300.0,300.0,31.200000000000003,35.2,29.6,28.8,30.700000000000003,4.95,1.99,4.96,0.16,0.0,0.0,1027.0,8228.0,0.0,0.0,0.0,0.0,0.0,1.0,0.0,0.0,0.0,0.0,0.0,1.2000000000000002,0.0,0.3,0.0,0.0001,16.0,25903.0
2026-07-30T19:00:13.611Z,183.094,183.108,0.0,7.4,0.0,0.0,0.0,0.0,0.0,0.0,0.0,0.0,1.0,0.0,0.0,0.0,9.0,4.0,0.0,0.0,0.0,0.0,0.0,0.0,0.0,0.0,4.0,12.0,1.0,12.15,5.01,2.51,1.49,0.0,0.0,0.0,0.4,0.0,-0.7000000000000001,-1.0,-0.6000000000000001,-169.70000000000002,0.0,0.0,169.60000000000002,0.0,21.8,29.8,29.700000000000003,30.3,300.0,300.0,31.200000000000003,35.2,29.6,28.8,30.700000000000003,4.95,1.99,4.97,0.16,0.0,0.0,1027.0,8228.0,0.0,0.0,0.0,0.0,0.0,1.0,0.0,0.0,0.0,0.0,0.0,-1.7000000000000002,0.0,0.3,0.0,0.0001,16.0,25903.0
2026-07-30T19:00:13.623Z,183.106,183.12,0.0,7.4,0.0,0.0,0.0,0.0,0.0,0.0,0.0,0.0,1.0,0.0,0.0,0.0,9.0,4.0,0.0,0.0,0.0,0.0,0.0,0.0,0.0,0.0,6.0,12.0,1.0,12.15,5.01,2.51,1.49,-0.1,0.1,0.0,0.4,0.0,-1.3,-1.0,-0.7000000000000001,-169.70000000000002,0.0,0.0,169.60000000000002,0.0,21.8,29.8,29.700000000000003,30.3,300.0,300.0,31.200000000000003,35.2,29.6,28.8,30.700000000000003,4.96,1.99,4.96,0.16,0.0,0.0,1027.0,8228.0,0.0,0.0,0.0,0.0,0.0,1.0,0.0,0.0,0.0,0.0,0.0,-1.7000000000000002,0.0,0.4,0.0,0.0001,16.0,25903.0
2026-07-30T19:00:13.635Z,183.118,183.132,0.0,7.4,0.0,0.0,0.0,0.0,0.0,0.0,0.0,0.0,1.0,0.0,0.0,0.0,9.0,4.0,0.0,0.0,0.0,0.0,0.0,0.0,0.0,0.0,1.0,12.0,1.0,12.15,5.01,2.51,1.49,0.0,0.1,0.0,0.4,0.0,0.3,-0.4,0.4,-169.60000000000002,0.0,0.0,169.60000000000002,0.0,21.8,29.8,29.700000000000003,30.3,300.0,300.0,31.200000000000003,35.2,29.6,28.8,30.700000000000003,4.96,1.99,4.97,0.16,0.0,0.0,1027.0,8228.0,0.0,0.0,0.0,0.0,0.0,1.0,0.0,0.0,0.0,0.0,0.0,-0.1,0.0,-0.4,0.0,0.0,16.0,25903.0
2026-07-30T19:00:13.647Z,183.13,183.144,0.0,7.4,0.0,0.0,0.0,0.0,0.0,0.0,0.0,0.0,1.0,0.0,0.0,0.0,9.0,4.0,0.0,0.0,0.0,0.0,0.0,0.0,0.0,0.0,3.0,12.0,1.0,12.15,5.01,2.51,1.49,0.0,0.0,0.0,0.4,0.0,0.3,0.7000000000000001,-0.1,-169.60000000000002,0.0,0.0,169.8,0.0,21.8,29.8,29.700000000000003,30.3,300.0,300.0,31.200000000000003,35.2,29.6,28.8,30.700000000000003,4.95,1.99,4.97,0.16,0.0,0.0,1027.0,8228.0,0.0,0.0,0.0,0.0,0.0,1.0,0.0,0.0,0.0,0.0,0.0,0.6000000000000001,0.0,0.2,0.0,0.0,16.0,25903.0
2026-07-30T19:00:13.659Z,183.142,183.156,0.0,7.4,0.0,0.0,0.0,0.0,0.0,0.0,0.0,0.0,1.0,0.0,0.0,0.0,9.0,4.0,0.0,0.0,0.0,0.0,0.0,0.0,0.0,0.0,4.0,12.0,1.0,12.15,5.01,2.51,1.49,0.0,0.1,0.0,0.4,0.0,0.3,0.7000000000000001,0.4,-169.60000000000002,0.0,0.0,169.60000000000002,0.0,21.8,29.8,29.700000000000003,30.3,300.0,300.0,31.200000000000003,35.2,29.6,28.8,30.700000000000003,4.96,1.99,4.96,0.16,0.0,0.0,1027.0,8228.0,0.0,0.0,0.0,0.0,0.0,1.0,0.0,0.0,0.0,0.0,0.0,1.1,0.0,-0.2,0.0,0.0001,16.0,25903.0
2026-07-30T19:00:13.671Z,183.154,183.168,0.0,7.4,0.0,0.0,0.0,0.0,0.0,0.0,0.0,0.0,1.0,0.0,0.0,0.0,9.0,4.0,0.0,0.0,0.0,0.0,0.0,0.0,0.0,0.0,6.0,12.0,1.0,12.15,5.01,2.51,1.49,0.0,0.0,0.0,0.4,0.0,-0.7000000000000001,-0.4,-0.6000000000000001,-169.60000000000002,0.0,0.0,169.70000000000002,0.0,21.8,29.8,29.700000000000003,30.3,300.0,300.0,31.200000000000003,35.2,29.6,28.8,30.700000000000003,4.95,2.0,4.96,0.16,0.0,0.0,1027.0,8228.0,0.0,0.0,0.0,0.0,0.0,1.0,0.0,0.0,0.0,0.0,0.0,-1.0,0.0,0.5,0.0,0.0001,16.0,25903.0
2026-07-30T19:00:13.683Z,183.166,183.18,0.0,7.4,0.0,0.0,0.0,0.0,0.0,0.0,0.0,0.0,1.0,0.0,0.0,0.0,9.0,4.0,0.0,0.0,0.0,0.0,0.0,0.0,0.0,0.0,1.0,12.0,1.0,12.15,5.01,2.51,1.49,0.0,0.1,0.0,0.4,0.0,0.3,0.1,1.0,-169.60000000000002,0.0,0.0,169.70000000000002,0.0,21.8,29.8,29.700000000000003,30.3,300.0,300.0,31.200000000000003,35.2,29.6,28.8,30.700000000000003,4.95,1.99,4.97,0.16,0.0,0.0,1027.0,8228.0,0.0,0.0,0.0,0.0,0.0,1.0,0.0,0.0,0.0,0.0,0.0,0.9,0.0,-0.8,0.0,0.0002,16.0,25903.0
2026-07-30T19:00:13.700Z,183.183,183.192,0.0,7.4,0.0,0.0,0.0,0.0,0.0,0.0,0.0,0.0,1.0,0.0,0.0,0.0,9.0,4.0,0.0,0.0,0.0,0.0,0.0,0.0,0.0,0.0,3.0,12.0,1.0,12.17,5.01,2.5,1.49,0.0,0.0,0.0,0.5,0.0,0.4,0.1,1.6,-169.60000000000002,0.0,0.0,169.60000000000002,0.0,21.700000000000003,29.8,29.700000000000003,30.4,300.0,300.0,31.200000000000003,35.1,29.6,28.8,30.700000000000003,4.95,1.99,4.97,0.16,0.0,0.0,1027.0,8228.0,0.0,0.0,0.0,0.0,0.0,1.0,0.0,0.0,0.0,0.0,0.0,1.4,0.0,-1.4,0.0,0.0,16.0,25903.0
2026-07-30T19:00:13.712Z,183.195,183.204,0.0,7.4,0.0,0.0,0.0,0.0,0.0,0.0,0.0,0.0,1.0,0.0,0.0,0.0,9.0,4.0,0.0,0.0,0.0,0.0,0.0,0.0,0.0,0.0,1.0,12.0,1.0,12.17,5.01,2.5,1.49,0.0,0.0,0.0,0.4,0.0,0.3,0.1,0.4,-169.60000000000002,0.0,0.0,169.70000000000002,0.0,21.700000000000003,29.8,29.700000000000003,30.4,300.0,300.0,31.200000000000003,35.1,29.6,28.8,30.700000000000003,4.95,1.99,4.96,0.16,0.0,0.0,1027.0,8228.0,0.0,0.0,0.0,0.0,0.0,1.0,0.0,0.0,0.0,0.0,0.0,0.5,0.0,-0.3,0.0,0.0001,16.0,25903.0
2026-07-30T19:00:13.719Z,183.202,183.216,0.0,7.4,0.0,0.0,0.0,0.0,0.0,0.0,0.0,0.0,1.0,0.0,0.0,0.0,9.0,4.0,0.0,0.0,0.0,0.0,0.0,0.0,0.0,0.0,6.0,12.0,1.0,12.17,5.01,2.5,1.49,0.0,0.0,0.0,0.4,0.0,0.4,0.7000000000000001,0.0,-169.60000000000002,0.0,0.0,169.70000000000002,0.0,21.700000000000003,29.8,29.700000000000003,30.4,300.0,300.0,31.200000000000003,35.1,29.6,28.8,30.700000000000003,4.95,1.99,4.97,0.16,0.0,0.0,1027.0,8228.0,0.0,0.0,0.0,0.0,0.0,1.0,0.0,0.0,0.0,0.0,0.0,0.7000000000000001,0.0,0.2,0.0,0.0,16.0,25903.0
2026-07-30T19:00:13.731Z,183.214,183.228,0.0,7.4,0.0,0.0,0.0,0.0,0.0,0.0,0.0,0.0,1.0,0.0,0.0,0.0,9.0,4.0,0.0,0.0,0.0,0.0,0.0,0.0,0.0,0.0,2.0,12.0,1.0,12.17,5.01,2.5,1.49,0.0,0.0,0.0,0.4,0.0,-0.7000000000000001,-0.4,-0.6000000000000001,-169.60000000000002,0.0,0.0,169.70000000000002,0.0,21.700000000000003,29.8,29.700000000000003,30.4,300.0,300.0,31.200000000000003,35.1,29.6,28.8,30.700000000000003,4.95,1.99,4.96,0.16,0.0,0.0,1027.0,8228.0,0.0,0.0,0.0,0.0,0.0,1.0,0.0,0.0,0.0,0.0,0.0,-1.0,0.0,0.4,0.0,0.0,16.0,25903.0
2026-07-30T19:00:13.744Z,183.227,183.24,0.0,7.4,0.0,0.0,0.0,0.0,0.0,0.0,0.0,0.0,1.0,0.0,0.0,0.0,9.0,4.0,0.0,0.0,0.0,0.0,0.0,0.0,0.0,0.0,3.0,12.0,1.0,12.17,5.01,2.5,1.49,0.0,0.0,0.0,0.4,0.0,-0.1,0.7000000000000001,0.0,-169.60000000000002,0.0,0.0,169.70000000000002,0.0,21.700000000000003,29.8,29.700000000000003,30.4,300.0,300.0,31.200000000000003,35.1,29.6,28.8,30.700000000000003,4.96,2.0,4.96,0.16,0.0,0.0,1027.0,8228.0,0.0,0.0,0.0,0.0,0.0,1.0,0.0,0.0,0.0,0.0,0.0,0.7000000000000001,0.0,0.2,0.0,0.0001,16.0,25903.0
2026-07-30T19:00:13.755Z,183.238,183.252,0.0,7.4,0.0,0.0,0.0,0.0,0.0,0.0,0.0,0.0,1.0,0.0,0.0,0.0,9.0,4.0,0.0,0.0,0.0,0.0,0.0,0.0,0.0,0.0,4.0,12.0,1.0,12.17,5.01,2.5,1.49,0.0,0.0,0.0,0.4,0.0,-0.2,0.7000000000000001,0.0,-169.60000000000002,0.0,0.0,169.60000000000002,0.0,21.700000000000003,29.8,29.700000000000003,30.4,300.0,300.0,31.200000000000003,35.1,29.6,28.8,30.700000000000003,4.96,2.0,4.97,0.16,0.0,0.0,1027.0,8228.0,0.0,0.0,0.0,0.0,0.0,1.0,0.0,0.0,0.0,0.0,0.0,0.7000000000000001,0.0,0.2,0.0,0.0001,16.0,25903.0
2026-07-30T19:00:13.767Z,183.25,183.264,0.0,7.4,0.0,0.0,0.0,0.0,0.0,0.0,0.0,0.0,1.0,0.0,0.0,0.0,9.0,4.0,0.0,0.0,0.0,0.0,0.0,0.0,0.0,0.0,5.0,12.0,1.0,12.17,5.01,2.5,1.49,0.0,0.0,0.0,0.5,0.0,-0.2,0.1,-0.1,-169.60000000000002,0.0,0.0,169.60000000000002,0.0,21.700000000000003,29.8,29.700000000000003,30.4,300.0,300.0,31.200000000000003,35.1,29.6,28.8,30.700000000000003,4.96,1.99,4.97,0.16,0.0,0.0,1027.0,8228.0,0.0,0.0,0.0,0.0,0.0,1.0,0.0,0.0,0.0,0.0,0.0,0.0,0.0,0.1,0.0,0.0001,16.0,25903.0
2026-07-30T19:00:13.779Z,183.262,183.276,0.0,7.4,0.0,0.0,0.0,0.0,0.0,0.0,0.0,0.0,1.0,0.0,0.0,0.0,9.0,4.0,0.0,0.0,0.0,0.0,0.0,0.0,0.0,0.0,6.0,12.0,1.0,12.17,5.01,2.5,1.49,0.0,0.1,0.0,0.4,0.0,-0.7000000000000001,1.8,1.6,-169.60000000000002,0.0,0.0,169.60000000000002,0.0,21.700000000000003,29.8,29.700000000000003,30.4,300.0,300.0,31.200000000000003,35.1,29.6,28.8,30.700000000000003,4.96,1.99,4.96,0.16,0.0,0.0,1027.0,8228.0,0.0,0.0,0.0,0.0,0.0,1.0,0.0,0.0,0.0,0.0,0.0,3.3000000000000003,0.0,-1.0,0.0,0.0,16.0,25903.0
2026-07-30T19:00:13.792Z,183.275,183.288,0.0,7.4,0.0,0.0,0.0,0.0,0.0,0.0,0.0,0.0,1.0,0.0,0.0,0.0,9.0,4.0,0.0,0.0,0.0,0.0,0.0,0.0,0.0,0.0,1.0,12.0,1.0,12.11,5.01,2.5,1.49,0.0,0.0,0.0,0.4,0.0,0.3,0.7000000000000001,-0.6000000000000001,-169.60000000000002,0.0,0.0,169.60000000000002,0.0,21.8,29.8,29.700000000000003,30.3,300.0,300.0,31.200000000000003,35.1,29.6,28.8,30.700000000000003,4.96,2.0,4.96,0.16,0.0,0.0,1027.0,8228.0,0.0,0.0,0.0,0.0,0.0,1.0,0.0,0.0,0.0,0.0,0.0,0.2,0.0,0.7000000000000001,0.0,0.0,16.0,25903.0
2026-07-30T19:00:13.803Z,183.286,183.3,0.0,7.4,0.0,0.0,0.0,0.0,0.0,0.0,0.0,0.0,1.0,0.0,0.0,0.0,9.0,4.0,0.0,0.0,0.0,0.0,0.0,0.0,0.0,0.0,2.0,12.0,1.0,12.11,5.01,2.5,1.49,0.0,0.0,0.0,0.4,0.0,-0.8,-1.0,-0.6000000000000001,-169.60000000000002,0.0,0.0,169.60000000000002,0.0,21.8,29.8,29.700000000000003,30.3,300.0,300.0,31.200000000000003,35.1,29.6,28.8,30.700000000000003,4.95,2.0,4.97,0.16,0.0,0.0,1027.0,8228.0,0.0,0.0,0.0,0.0,0.0,1.0,0.0,0.0,0.0,0.0,0.0,-1.7000000000000002,0.0,0.3,0.0,0.0,16.0,25903.0
2026-07-30T19:00:13.815Z,183.298,183.312,0.0,7.4,0.0,0.0,0.0,0.0,0.0,0.0,0.0,0.0,1.0,0.0,0.0,0.0,9.0,4.0,0.0,0.0,0.0,0.0,0.0,0.0,0.0,0.0,3.0,12.0,1.0,12.11,5.01,2.5,1.49,0.0,0.0,0.0,0.4,0.0,1.5,-0.5,-0.1,-169.60000000000002,0.0,0.0,169.70000000000002,0.0,21.8,29.8,29.700000000000003,30.3,300.0,300.0,31.200000000000003,35.1,29.6,28.8,30.700000000000003,4.95,2.0,4.96,0.16,0.0,0.0,1027.0,8228.0,0.0,0.0,0.0,0.0,0.0,1.0,0.0,0.0,0.0,0.0,0.0,-0.6000000000000001,0.0,0.0,0.0,0.0,16.0,25903.0
2026-07-30T19:00:13.827Z,183.31,183.324,0.0,7.4,0.0,0.0,0.0,0.0,0.0,0.0,0.0,0.0,1.0,0.0,0.0,0.0,9.0,4.0,0.0,0.0,0.0,0.0,0.0,0.0,0.0,0.0,4.0,12.0,1.0,12.11,5.01,2.5,1.49,0.0,0.0,0.0,0.4,0.0,-0.1,1.2000000000000002,0.0,-169.60000000000002,0.0,0.0,169.70000000000002,0.0,21.8,29.8,29.700000000000003,30.3,300.0,300.0,31.200000000000003,35.1,29.6,28.8,30.700000000000003,4.95,1.99,4.97,0.16,0.0,0.0,1027.0,8228.0,0.0,0.0,0.0,0.0,0.0,1.0,0.0,0.0,0.0,0.0,0.0,1.3,0.0,0.3,0.0,0.0,16.0,25903.0
2026-07-30T19:00:13.839Z,183.322,183.336,0.0,7.4,0.0,0.0,0.0,0.0,0.0,0.0,0.0,0.0,1.0,0.0,0.0,0.0,9.0,4.0,0.0,0.0,0.0,0.0,0.0,0.0,0.0,0.0,5.0,12.0,1.0,12.11,5.01,2.5,1.49,0.0,0.1,0.0,0.4,0.0,0.3,1.2000000000000002,2.2,-169.60000000000002,0.0,0.0,169.60000000000002,0.0,21.8,29.8,29.700000000000003,30.3,300.0,300.0,31.200000000000003,35.1,29.6,28.8,30.700000000000003,4.96,1.99,4.97,0.16,0.0,0.0,1027.0,8228.0,0.0,0.0,0.0,0.0,0.0,1.0,0.0,0.0,0.0,0.0,0.0,3.1,0.0,-1.7000000000000002,0.0,0.0,16.0,25903.0
2026-07-30T19:00:13.851Z,183.334,183.348,0.0,7.4,0.0,0.0,0.0,0.0,0.0,0.0,0.0,0.0,1.0,0.0,0.0,0.0,9.0,4.0,0.0,0.0,0.0,0.0,0.0,0.0,0.0,0.0,6.0,12.0,1.0,12.11,5.01,2.5,1.49,0.0,0.1,0.0,0.4,0.0,-0.7000000000000001,0.0,-0.6000000000000001,-169.60000000000002,0.0,0.0,169.60000000000002,0.0,21.8,29.8,29.700000000000003,30.3,300.0,300.0,31.200000000000003,35.1,29.6,28.8,30.700000000000003,4.96,1.99,4.97,0.16,0.0,0.0,1027.0,8228.0,0.0,0.0,0.0,0.0,0.0,1.0,0.0,0.0,0.0,0.0,0.0,-0.4,0.0,0.6000000000000001,0.0,0.0,16.0,25903.0
2026-07-30T19:00:13.863Z,183.346,183.36,0.0,7.4,0.0,0.0,0.0,0.0,0.0,0.0,0.0,0.0,1.0,0.0,0.0,0.0,9.0,4.0,0.0,0.0,0.0,0.0,0.0,0.0,0.0,0.0,2.0,12.0,1.0,12.11,5.01,2.5,1.49,0.0,0.1,0.0,0.4,0.0,-0.7000000000000001,0.0,-1.3,-169.60000000000002,0.0,0.0,169.60000000000002,0.0,21.8,29.8,29.700000000000003,30.3,300.0,300.0,31.200000000000003,35.1,29.6,28.8,30.700000000000003,4.96,1.99,4.96,0.16,0.0,0.0,1027.0,8228.0,0.0,0.0,0.0,0.0,0.0,1.0,0.0,0.0,0.0,0.0,0.0,-0.9,0.0,1.1,0.0,0.0,16.0,25903.0
2026-07-30T19:00:13.875Z,183.358,183.372,0.0,7.4,0.0,0.0,0.0,0.0,0.0,0.0,0.0,0.0,1.0,0.0,0.0,0.0,9.0,4.0,0.0,0.0,0.0,0.0,0.0,0.0,0.0,0.0,3.0,12.0,1.0,12.11,5.01,2.5,1.49,0.0,0.0,0.0,0.4,0.0,-0.8,0.0,-1.3,-169.60000000000002,0.0,0.0,169.60000000000002,0.0,21.8,29.8,29.700000000000003,30.3,300.0,300.0,31.200000000000003,35.1,29.6,28.8,30.700000000000003,4.96,1.99,4.96,0.16,0.0,0.0,1027.0,8228.0,0.0,0.0,0.0,0.0,0.0,1.0,0.0,0.0,0.0,0.0,0.0,-0.9,0.0,1.1,0.0,0.0,16.0,25903.0
2026-07-30T19:00:13.888Z,183.371,183.384,0.0,7.4,0.0,0.0,0.0,0.0,0.0,0.0,0.0,0.0,1.0,0.0,0.0,0.0,9.0,4.0,0.0,0.0,0.0,0.0,0.0,0.0,0.0,0.0,4.0,12.0,1.0,12.11,5.01,2.5,1.49,0.0,0.0,0.0,0.4,0.0,-0.2,0.6000000000000001,-0.1,-169.60000000000002,0.0,0.0,169.60000000000002,0.0,21.8,29.8,29.700000000000003,30.3,300.0,300.0,31.200000000000003,35.1,29.6,28.8,30.700000000000003,4.95,2.0,4.96,0.16,0.0,0.0,1027.0,8228.0,0.0,0.0,0.0,0.0,0.0,1.0,0.0,0.0,0.0,0.0,0.0,0.6000000000000001,0.0,0.2,0.0,0.0,16.0,25903.0
2026-07-30T19:00:13.899Z,183.382,183.396,0.0,7.4,0.0,0.0,0.0,0.0,0.0,0.0,0.0,0.0,1.0,0.0,0.0,0.0,9.0,4.0,0.0,0.0,0.0,0.0,0.0,0.0,0.0,0.0,5.0,12.0,1.0,12.17,5.01,2.5,1.49,0.0,0.0,0.0,0.4,0.0,0.3,0.6000000000000001,-0.1,-169.60000000000002,0.0,0.0,169.60000000000002,0.0,21.9,29.8,29.700000000000003,30.3,300.0,300.0,31.200000000000003,35.1,29.6,28.8,30.700000000000003,4.96,2.0,4.96,0.16,0.0,0.0,1027.0,8228.0,0.0,0.0,0.0,0.0,0.0,1.0,0.0,0.0,0.0,0.0,0.0,0.5,0.0,0.2,0.0,0.0,16.0,25903.0
2026-07-30T19:00:13.911Z,183.394,183.408,0.0,7.4,0.0,0.0,0.0,0.0,0.0,0.0,0.0,0.0,1.0,0.0,0.0,0.0,9.0,4.0,0.0,0.0,0.0,0.0,0.0,0.0,0.0,0.0,6.0,12.0,1.0,12.17,5.01,2.5,1.49,0.0,0.0,0.0,0.4,0.0,0.3,-0.5,1.0,-169.60000000000002,0.0,0.0,169.70000000000002,0.0,21.9,29.8,29.700000000000003,30.3,300.0,300.0,31.200000000000003,35.1,29.6,28.8,30.700000000000003,4.95,1.99,4.96,0.16,0.0,0.0,1027.0,8228.0,0.0,0.0,0.0,0.0,0.0,1.0,0.0,0.0,0.0,0.0,0.0,0.5,0.0,0.2,0.0,0.0,16.0,25903.0
2026-07-30T19:00:13.924Z,183.407,183.42,0.0,7.4,0.0,0.0,0.0,0.0,0.0,0.0,0.0,0.0,1.0,0.0,0.0,0.0,9.0,4.0,0.0,0.0,0.0,0.0,0.0,0.0,0.0,0.0,1.0,12.0,1.0,12.17,5.01,2.5,1.49,0.0,0.0,0.0,0.4,0.0,-0.8,0.0,-0.7000000000000001,-169.60000000000002,0.0,0.0,169.70000000000002,0.0,21.9,29.8,29.700000000000003,30.3,300.0,300.0,31.200000000000003,35.1,29.6,28.8,30.700000000000003,4.95,1.99,4.97,0.16,0.0,0.0,1027.0,8228.0,0.0,0.0,0.0,0.0,0.0,1.0,0.0,0.0,0.0,0.0,0.0,0.1,0.0,0.7000000000000001,0.0,0.0001,16.0,25903.0
2026-07-30T19:00:13.935Z,183.418,183.432,0.0,7.4,0.0,0.0,0.0,0.0,0.0,0.0,0.0,0.0,1.0,0.0,0.0,0.0,9.0,4.0,0.0,0.0,0.0,0.0,0.0,0.0,0.0,0.0,2.0,12.0,1.0,12.17,5.01,2.5,1.49,0.0,0.0,0.0,0.4,0.0,0.3,-0.5,-0.7000000000000001,-169.60000000000002,0.0,0.0,169.70000000000002,0.0,21.9,29.8,29.700000000000003,30.3,300.0,300.0,31.200000000000003,35.1,29.6,28.8,30.700000000000003,4.95,2.0,4.97,0.16,0.0,0.0,1027.0,8228.0,0.0,0.0,0.0,0.0,0.0,1.0,0.0,0.0,0.0,0.0,0.0,1.9,0.0,-1.3,0.0,0.0001,16.0,25903.0
2026-07-30T19:00:13.947Z,183.43,183.444,0.0,7.4,0.0,0.0,0.0,0.0,0.0,0.0,0.0,0.0,1.0,0.0,0.0,0.0,9.0,4.0,0.0,0.0,0.0,0.0,0.0,0.0,0.0,0.0,3.0,12.0,1.0,12.17,5.01,2.5,1.49,0.0,0.1,0.0,0.4,0.0,-0.2,-0.5,-0.6000000000000001,-169.60000000000002,0.0,0.0,169.70000000000002,0.0,21.9,29.8,29.700000000000003,30.3,300.0,300.0,31.200000000000003,35.1,29.6,28.8,30.700000000000003,4.96,2.0,4.96,0.16,0.0,0.0,1027.0,8228.0,0.0,0.0,0.0,0.0,0.0,1.0,0.0,0.0,0.0,0.0,0.0,0.6000000000000001,0.0,0.2,0.0,0.0001,16.0,25903.0
2026-07-30T19:00:13.959Z,183.442,183.456,0.0,7.4,0.0,0.0,0.0,0.0,0.0,0.0,0.0,0.0,1.0,0.0,0.0,0.0,9.0,4.0,0.0,0.0,0.0,0.0,0.0,0.0,0.0,0.0,4.0,12.0,1.0,12.17,5.01,2.5,1.49,0.0,0.0,0.0,0.4,0.0,0.3,-0.5,-0.6000000000000001,-169.60000000000002,0.0,0.0,169.60000000000002,0.0,21.9,29.8,29.700000000000003,30.3,300.0,300.0,31.200000000000003,35.1,29.6,28.8,30.700000000000003,4.95,1.99,4.96,0.16,0.0,0.0,1027.0,8228.0,0.0,0.0,0.0,0.0,0.0,1.0,0.0,0.0,0.0,0.0,0.0,-1.1,0.0,0.4,0.0,0.0001,16.0,25903.0
2026-07-30T19:00:13.971Z,183.454,183.468,0.0,7.4,0.0,0.0,0.0,0.0,0.0,0.0,0.0,0.0,1.0,0.0,0.0,0.0,9.0,4.0,0.0,0.0,0.0,0.0,0.0,0.0,0.0,0.0,5.0,12.0,1.0,12.17,5.01,2.5,1.49,0.0,0.0,0.0,0.4,0.0,-0.2,0.6000000000000001,-0.1,-169.60000000000002,0.0,0.0,169.70000000000002,0.0,21.9,29.8,29.700000000000003,30.3,300.0,300.0,31.200000000000003,35.1,29.6,28.8,30.700000000000003,4.95,1.99,4.97,0.16,0.0,0.0,1027.0,8228.0,0.0,0.0,0.0,0.0,0.0,1.0,0.0,0.0,0.0,0.0,0.0,0.6000000000000001,0.0,0.2,0.0,0.0001,16.0,25903.0
2026-07-30T19:00:13.983Z,183.466,183.48,0.0,7.4,0.0,0.0,0.0,0.0,0.0,0.0,0.0,0.0,1.0,0.0,0.0,0.0,9.0,4.0,0.0,0.0,0.0,0.0,0.0,0.0,0.0,0.0,6.0,12.0,1.0,12.17,5.01,2.5,1.49,0.0,0.0,0.0,0.4,0.0,-0.2,1.2000000000000002,-0.7000000000000001,-169.60000000000002,0.0,0.0,169.70000000000002,0.0,21.9,29.8,29.700000000000003,30.3,300.0,300.0,31.200000000000003,35.1,29.6,28.8,30.700000000000003,4.96,2.0,4.97,0.16,0.0,0.0,1027.0,8228.0,0.0,0.0,0.0,0.0,0.0,1.0,0.0,0.0,0.0,0.0,0.0,0.8,0.0,0.8,0.0,0.0001,16.0,25903.0
2026-07-30T19:00:13.996Z,183.479,183.492,0.0,7.4,0.0,0.0,0.0,0.0,0.0,0.0,0.0,0.0,1.0,0.0,0.0,0.0,9.0,4.0,0.0,0.0,0.0,0.0,0.0,0.0,0.0,0.0,1.0,12.0,1.0,12.15,5.0200000000000005,2.51,1.49,0.0,0.1,0.0,0.4,0.0,0.3,-0.5,1.6,-169.60000000000002,0.0,0.0,169.60000000000002,0.0,21.8,29.8,29.700000000000003,30.3,300.0,300.0,31.3,35.1,29.6,28.8,30.700000000000003,4.95,2.0,4.96,0.16,0.0,0.0,1027.0,8228.0,0.0,0.0,0.0,0.0,0.0,1.0,0.0,0.0,0.0,0.0,0.0,0.6000000000000001,0.0,-1.5,0.0,0.0,16.0,25903.0
2026-07-30T19:00:14.007Z,183.49,183.504,0.0,7.4,0.0,0.0,0.0,0.0,0.0,0.0,0.0,0.0,1.0,0.0,0.0,0.0,9.0,4.0,0.0,0.0,0.0,0.0,0.0,0.0,0.0,0.0,3.0,12.0,1.0,12.15,5.0200000000000005,2.51,1.49,0.0,0.0,0.0,0.4,0.0,-0.2,-1.1,-1.9,-169.60000000000002,0.0,0.0,169.60000000000002,0.0,21.8,29.8,29.700000000000003,30.3,300.0,300.0,31.3,35.1,29.6,28.8,30.700000000000003,4.95,1.99,4.97,0.16,0.0,0.0,1027.0,8228.0,0.0,0.0,0.0,0.0,0.0,1.0,0.0,0.0,0.0,0.0,0.0,-2.7,0.0,1.4,0.0,0.0001,16.0,25903.0
2026-07-30T19:00:14.024Z,183.507,183.516,0.0,7.4,0.0,0.0,0.0,0.0,0.0,0.0,0.0,0.0,1.0,0.0,0.0,0.0,9.0,4.0,0.0,0.0,0.0,0.0,0.0,0.0,0.0,0.0,3.0,12.0,1.0,12.15,5.0200000000000005,2.51,1.49,0.0,0.0,0.0,0.4,0.0,-0.7000000000000001,0.0,0.4,-169.60000000000002,0.0,0.0,169.70000000000002,0.0,21.8,29.8,29.700000000000003,30.3,300.0,300.0,31.3,35.1,29.6,28.8,30.700000000000003,4.95,2.0,4.96,0.16,0.0,0.0,1027.0,8228.0,0.0,0.0,0.0,0.0,0.0,1.0,0.0,0.0,0.0,0.0,0.0,0.4,0.0,-0.4,0.0,0.0,16.0,25903.0
2026-07-30T19:00:14.032Z,183.515,183.528,0.0,7.4,0.0,0.0,0.0,0.0,0.0,0.0,0.0,0.0,1.0,0.0,0.0,0.0,9.0,4.0,0.0,0.0,0.0,0.0,0.0,0.0,0.0,0.0,2.0,12.0,1.0,12.15,5.0200000000000005,2.51,1.49,0.0,0.0,0.0,0.4,0.0,0.3,-0.4,-0.6000000000000001,-169.60000000000002,0.0,0.0,169.70000000000002,0.0,21.8,29.8,29.700000000000003,30.3,300.0,300.0,31.3,35.1,29.6,28.8,30.700000000000003,4.96,1.99,4.96,0.16,0.0,0.0,1027.0,8228.0,0.0,0.0,0.0,0.0,0.0,1.0,0.0,0.0,0.0,0.0,0.0,-1.0,0.0,0.4,0.0,0.0,16.0,25903.0
2026-07-30T19:00:14.043Z,183.526,183.54,0.0,7.4,0.0,0.0,0.0,0.0,0.0,0.0,0.0,0.0,1.0,0.0,0.0,0.0,9.0,4.0,0.0,0.0,0.0,0.0,0.0,0.0,0.0,0.0,3.0,12.0,1.0,12.15,5.0200000000000005,2.51,1.49,0.0,0.0,0.0,0.4,0.0,0.3,-0.4,-0.6000000000000001,-169.60000000000002,0.0,0.0,169.8,0.0,21.8,29.8,29.700000000000003,30.3,300.0,300.0,31.3,35.1,29.6,28.8,30.700000000000003,4.95,1.99,4.96,0.16,0.0,0.0,1027.0,8228.0,0.0,0.0,0.0,0.0,0.0,1.0,0.0,0.0,0.0,0.0,0.0,-1.0,0.0,0.4,0.0,0.0,16.0,25903.0
2026-07-30T19:00:14.055Z,183.538,183.552,0.0,7.4,0.0,0.0,0.0,0.0,0.0,0.0,0.0,0.0,1.0,0.0,0.0,0.0,9.0,4.0,0.0,0.0,0.0,0.0,0.0,0.0,0.0,0.0,4.0,12.0,1.0,12.15,5.0200000000000005,2.51,1.49,0.0,0.0,0.0,0.4,0.0,-0.8,-1.0,-0.6000000000000001,-169.60000000000002,0.0,0.0,169.60000000000002,0.0,21.8,29.8,29.700000000000003,30.3,300.0,300.0,31.3,35.1,29.6,28.8,30.700000000000003,4.96,1.99,4.97,0.16,0.0,0.0,1027.0,8228.0,0.0,0.0,0.0,0.0,0.0,1.0,0.0,0.0,0.0,0.0,0.0,-1.6,0.0,0.3,0.0,0.0002,16.0,25903.0
2026-07-30T19:00:14.069Z,183.552,183.564,0.0,7.4,0.0,0.0,0.0,0.0,0.0,0.0,0.0,0.0,1.0,0.0,0.0,0.0,9.0,4.0,0.0,0.0,0.0,0.0,0.0,0.0,0.0,0.0,5.0,12.0,1.0,12.15,5.0200000000000005,2.51,1.49,0.0,0.0,0.0,0.4,0.0,-0.7000000000000001,0.1,0.0,-169.60000000000002,0.0,0.0,169.70000000000002,0.0,21.8,29.8,29.700000000000003,30.3,300.0,300.0,31.3,35.1,29.6,28.8,30.700000000000003,4.96,1.99,4.96,0.16,0.0,0.0,1027.0,8228.0,0.0,0.0,0.0,0.0,0.0,1.0,0.0,0.0,0.0,0.0,0.0,0.0,0.0,0.0,0.0,0.0002,16.0,25903.0
2026-07-30T19:00:14.079Z,183.562,183.576,0.0,7.4,0.0,0.0,0.0,0.0,0.0,0.0,0.0,0.0,1.0,0.0,0.0,0.0,9.0,4.0,0.0,0.0,0.0,0.0,0.0,0.0,0.0,0.0,5.0,12.0,1.0,12.15,5.0200000000000005,2.51,1.49,0.0,0.0,0.0,0.4,0.0,-0.1,-0.4,0.0,-169.60000000000002,0.0,0.0,169.70000000000002,0.0,21.8,29.8,29.700000000000003,30.3,300.0,300.0,31.3,35.1,29.6,28.8,30.700000000000003,4.96,1.99,4.96,0.16,0.0,0.0,1027.0,8228.0,0.0,0.0,0.0,0.0,0.0,1.0,0.0,0.0,0.0,0.0,0.0,-0.5,0.0,0.0,0.0,0.0001,16.0,25903.0
2026-07-30T19:00:14.091Z,183.574,183.588,0.0,7.4,0.0,0.0,0.0,0.0,0.0,0.0,0.0,0.0,1.0,0.0,0.0,0.0,9.0,4.0,0.0,0.0,0.0,0.0,0.0,0.0,0.0,0.0,1.0,12.0,1.0,12.15,5.0200000000000005,2.51,1.49,0.0,0.0,0.0,0.4,0.0,-0.1,0.1,-0.5,-169.60000000000002,0.0,0.0,169.60000000000002,0.0,21.8,29.8,29.700000000000003,30.3,300.0,300.0,31.3,35.1,29.6,28.8,30.700000000000003,4.96,1.99,4.97,0.16,0.0,0.0,1027.0,8228.0,0.0,0.0,0.0,0.0,0.0,1.0,0.0,0.0,0.0,0.0,0.0,-0.3,0.0,0.5,0.0,0.0001,16.0,25903.0
2026-07-30T19:00:14.103Z,183.586,183.6,0.0,7.4,0.0,0.0,0.0,0.0,0.0,0.0,0.0,0.0,1.0,0.0,0.0,0.0,9.0,4.0,0.0,0.0,0.0,0.0,0.0,0.0,0.0,0.0,3.0,12.0,1.0,12.14,5.01,2.5,1.49,0.0,0.0,0.0,0.4,0.0,-0.1,-0.4,1.1,-169.60000000000002,0.0,0.0,169.60000000000002,0.0,21.700000000000003,29.8,29.700000000000003,30.4,300.0,300.0,31.200000000000003,35.1,29.6,28.8,30.700000000000003,4.96,1.99,4.96,0.16,0.0,0.0,1027.0,8228.0,0.0,0.0,0.0,0.0,0.0,1.0,0.0,0.0,0.0,0.0,0.0,0.2,0.0,-1.1,0.0,0.0001,16.0,25903.0
2026-07-30T19:00:14.115Z,183.598,183.612,0.0,7.4,0.0,0.0,0.0,0.0,0.0,0.0,0.0,0.0,1.0,0.0,0.0,0.0,9.0,4.0,0.0,0.0,0.0,0.0,0.0,0.0,0.0,0.0,4.0,12.0,1.0,12.14,5.01,2.5,1.49,0.0,0.0,0.0,0.4,0.0,-0.1,-0.4,1.1,-169.60000000000002,0.0,0.0,169.60000000000002,0.0,21.700000000000003,29.8,29.700000000000003,30.4,300.0,300.0,31.200000000000003,35.1,29.6,28.8,30.700000000000003,4.96,2.0,4.96,0.16,0.0,0.0,1027.0,8228.0,0.0,0.0,0.0,0.0,0.0,1.0,0.0,0.0,0.0,0.0,0.0,0.2,0.0,-1.1,0.0,0.0001,16.0,25903.0
2026-07-30T19:00:14.127Z,183.61,183.624,0.0,7.4,0.0,0.0,0.0,0.0,0.0,0.0,0.0,0.0,1.0,0.0,0.0,0.0,9.0,4.0,0.0,0.0,0.0,0.0,0.0,0.0,0.0,0.0,5.0,12.0,1.0,12.14,5.01,2.5,1.49,0.0,0.0,0.0,0.4,0.0,-0.1,0.6000000000000001,-0.6000000000000001,-169.60000000000002,0.0,0.0,169.70000000000002,0.0,21.700000000000003,29.8,29.700000000000003,30.4,300.0,300.0,31.200000000000003,35.1,29.6,28.8,30.700000000000003,4.95,1.99,4.96,0.16,0.0,0.0,1027.0,8228.0,0.0,0.0,0.0,0.0,0.0,1.0,0.0,0.0,0.0,0.0,0.0,0.3,0.0,0.6000000000000001,0.0,0.0,16.0,25903.0
2026-07-30T19:00:14.139Z,183.622,183.636,0.0,7.4,0.0,0.0,0.0,0.0,0.0,0.0,0.0,0.0,1.0,0.0,0.0,0.0,9.0,4.0,0.0,0.0,0.0,0.0,0.0,0.0,0.0,0.0,1.0,12.0,1.0,12.14,5.01,2.5,1.49,0.0,0.1,0.0,0.4,0.0,0.4,-0.4,0.5,-169.60000000000002,0.0,0.0,169.60000000000002,0.0,21.700000000000003,29.8,29.700000000000003,30.4,300.0,300.0,31.200000000000003,35.1,29.6,28.8,30.700000000000003,4.96,1.99,4.96,0.16,0.0,0.0,1027.0,8228.0,0.0,0.0,0.0,0.0,0.0,1.0,0.0,0.0,0.0,0.0,0.0,0.0,0.0,-0.6000000000000001,0.0,0.0,16.0,25903.0
2026-07-30T19:00:14.151Z,183.634,183.648,0.0,7.4,0.0,0.0,0.0,0.0,0.0,0.0,0.0,0.0,1.0,0.0,0.0,0.0,9.0,4.0,0.0,0.0,0.0,0.0,0.0,0.0,0.0,0.0,2.0,12.0,1.0,12.14,5.01,2.5,1.49,0.0,0.0,0.0,0.5,0.0,0.4,0.1,0.0,-169.60000000000002,0.0,0.0,169.70000000000002,0.0,21.700000000000003,29.8,29.700000000000003,30.4,300.0,300.0,31.200000000000003,35.1,29.6,28.8,30.700000000000003,4.95,2.0,4.97,0.16,0.0,0.0,1027.0,8228.0,0.0,0.0,0.0,0.0,0.0,1.0,0.0,0.0,0.0,0.0,0.0,0.1,0.0,0.0,0.0,0.0,16.0,25903.0
2026-07-30T19:00:14.164Z,183.647,183.66,0.0,7.4,0.0,0.0,0.0,0.0,0.0,0.0,0.0,0.0,1.0,0.0,0.0,0.0,9.0,4.0,0.0,0.0,0.0,0.0,0.0,0.0,0.0,0.0,4.0,12.0,1.0,12.14,5.01,2.5,1.49,0.0,0.0,0.0,0.4,0.0,-0.1,1.2000000000000002,0.0,-169.60000000000002,0.0,0.0,169.70000000000002,0.0,21.700000000000003,29.8,29.700000000000003,30.4,300.0,300.0,31.200000000000003,35.1,29.6,28.8,30.700000000000003,4.95,1.99,4.97,0.16,0.0,0.0,1027.0,8228.0,0.0,0.0,0.0,0.0,0.0,1.0,0.0,0.0,0.0,0.0,0.0,1.4,0.0,0.3,0.0,0.0002,16.0,25903.0
2026-07-30T19:00:14.175Z,183.658,183.672,0.0,7.4,0.0,0.0,0.0,0.0,0.0,0.0,0.0,0.0,1.0,0.0,0.0,0.0,9.0,4.0,0.0,0.0,0.0,0.0,0.0,0.0,0.0,0.0,6.0,12.0,1.0,12.14,5.01,2.5,1.49,0.0,0.0,0.0,0.4,0.0,-0.1,1.2000000000000002,1.6,-169.60000000000002,0.0,0.0,169.8,0.0,21.700000000000003,29.8,29.700000000000003,30.4,300.0,300.0,31.200000000000003,35.1,29.6,28.8,30.700000000000003,4.95,1.99,4.97,0.16,0.0,0.0,1027.0,8228.0,0.0,0.0,0.0,0.0,0.0,1.0,0.0,0.0,0.0,0.0,0.0,2.7,0.0,-1.2000000000000002,0.0,0.0001,16.0,25903.0
2026-07-30T19:00:14.187Z,183.67,183.684,0.0,7.4,0.0,0.0,0.0,0.0,0.0,0.0,0.0,0.0,1.0,0.0,0.0,0.0,9.0,4.0,0.0,0.0,0.0,0.0,0.0,0.0,0.0,0.0,1.0,12.0,1.0,12.14,5.01,2.5,1.49,0.0,0.0,0.0,0.4,0.0,0.4,-0.4,-0.6000000000000001,-169.60000000000002,0.0,0.0,169.70000000000002,0.0,21.700000000000003,29.8,29.700000000000003,30.4,300.0,300.0,31.200000000000003,35.1,29.6,28.8,30.700000000000003,4.96,1.99,4.96,0.16,0.0,0.0,1027.0,8228.0,0.0,0.0,0.0,0.0,0.0,1.0,0.0,0.0,0.0,0.0,0.0,-0.9,0.0,0.4,0.0,0.0001,16.0,25903.0
2026-07-30T19:00:14.200Z,183.683,183.696,0.0,7.4,0.0,0.0,0.0,0.0,0.0,0.0,0.0,0.0,1.0,0.0,0.0,0.0,9.0,4.0,0.0,0.0,0.0,0.0,0.0,0.0,0.0,0.0,2.0,12.0,1.0,12.14,5.0200000000000005,2.5,1.49,0.0,0.0,0.0,0.4,0.0,-0.1,0.1,1.1,-169.60000000000002,0.0,0.0,169.8,0.0,21.4,29.8,29.700000000000003,30.3,300.0,300.0,31.200000000000003,35.2,29.6,28.8,30.700000000000003,4.95,1.99,4.97,0.16,0.0,0.0,1027.0,8228.0,0.0,0.0,0.0,0.0,0.0,1.0,0.0,0.0,0.0,0.0,0.0,0.9,0.0,-0.9,0.0,0.0,16.0,25903.0
2026-07-30T19:00:14.211Z,183.694,183.708,0.0,7.4,0.0,0.0,0.0,0.0,0.0,0.0,0.0,0.0,1.0,0.0,0.0,0.0,9.0,4.0,0.0,0.0,0.0,0.0,0.0,0.0,0.0,0.0,4.0,12.0,1.0,12.14,5.0200000000000005,2.5,1.49,0.0,0.0,0.0,0.4,0.0,0.3,-0.4,0.0,-169.70000000000002,0.0,0.0,169.8,0.0,21.4,29.8,29.700000000000003,30.3,300.0,300.0,31.200000000000003,35.2,29.6,28.8,30.700000000000003,4.95,1.99,4.96,0.16,0.0,0.0,1027.0,8228.0,0.0,0.0,0.0,0.0,0.0,1.0,0.0,0.0,0.0,0.0,0.0,-0.5,0.0,0.0,0.0,0.0001,16.0,25903.0
2026-07-30T19:00:14.223Z,183.706,183.72,0.0,7.4,0.0,0.0,0.0,0.0,0.0,0.0,0.0,0.0,1.0,0.0,0.0,0.0,9.0,4.0,0.0,0.0,0.0,0.0,0.0,0.0,0.0,0.0,5.0,12.0,1.0,12.14,5.0200000000000005,2.5,1.49,0.0,0.0,0.0,0.4,0.0,-0.1,0.1,-1.1,-169.70000000000002,0.0,0.0,169.8,0.0,21.4,29.8,29.700000000000003,30.3,300.0,300.0,31.200000000000003,35.2,29.6,28.8,30.700000000000003,4.95,2.0,4.96,0.16,0.0,0.0,1027.0,8228.0,0.0,0.0,0.0,0.0,0.0,1.0,0.0,0.0,0.0,0.0,0.0,-0.6000000000000001,0.0,1.0,0.0,0.0001,16.0,25903.0
2026-07-30T19:00:14.235Z,183.718,183.732,0.0,7.4,0.0,0.0,0.0,0.0,0.0,0.0,0.0,0.0,1.0,0.0,0.0,0.0,9.0,4.0,0.0,0.0,0.0,0.0,0.0,0.0,0.0,0.0,1.0,12.0,1.0,12.14,5.0200000000000005,2.5,1.49,0.0,0.0,0.0,0.4,0.0,-0.7000000000000001,0.1,0.0,-169.70000000000002,0.0,0.0,169.70000000000002,0.0,21.4,29.8,29.700000000000003,30.3,300.0,300.0,31.200000000000003,35.2,29.6,28.8,30.700000000000003,4.95,2.0,4.96,0.16,0.0,0.0,1027.0,8228.0,0.0,0.0,0.0,0.0,0.0,1.0,0.0,0.0,0.0,0.0,0.0,0.1,0.0,0.0,0.0,0.0001,16.0,25903.0
2026-07-30T19:00:14.247Z,183.73,183.744,0.0,7.4,0.0,0.0,0.0,0.0,0.0,0.0,0.0,0.0,1.0,0.0,0.0,0.0,9.0,4.0,0.0,0.0,0.0,0.0,0.0,0.0,0.0,0.0,2.0,12.0,1.0,12.14,5.0200000000000005,2.5,1.49,0.0,0.0,0.0,0.4,0.0,-0.1,0.1,-1.1,-169.70000000000002,0.0,0.0,169.8,0.0,21.4,29.8,29.700000000000003,30.3,300.0,300.0,31.200000000000003,35.2,29.6,28.8,30.700000000000003,4.96,1.99,4.96,0.16,0.0,0.0,1027.0,8228.0,0.0,0.0,0.0,0.0,0.0,1.0,0.0,0.0,0.0,0.0,0.0,-0.7000000000000001,0.0,1.0,0.0,0.0002,16.0,25903.0
2026-07-30T19:00:14.259Z,183.742,183.756,0.0,7.4,0.0,0.0,0.0,0.0,0.0,0.0,0.0,0.0,1.0,0.0,0.0,0.0,9.0,4.0,0.0,0.0,0.0,0.0,0.0,0.0,0.0,0.0,4.0,12.0,1.0,12.14,5.0200000000000005,2.5,1.49,0.0,0.0,0.0,0.4,0.0,-0.1,0.1,0.0,-169.70000000000002,0.0,0.0,169.70000000000002,0.0,21.4,29.8,29.700000000000003,30.3,300.0,300.0,31.200000000000003,35.2,29.6,28.8,30.700000000000003,4.96,1.99,4.96,0.16,0.0,0.0,1027.0,8228.0,0.0,0.0,0.0,0.0,0.0,1.0,0.0,0.0,0.0,0.0,0.0,0.1,0.0,0.0,0.0,0.0001,16.0,25903.0
2026-07-30T19:00:14.271Z,183.754,183.768,0.0,7.4,0.0,0.0,0.0,0.0,0.0,0.0,0.0,0.0,1.0,0.0,0.0,0.0,9.0,4.0,0.0,0.0,0.0,0.0,0.0,0.0,0.0,0.0,5.0,12.0,1.0,12.14,5.0200000000000005,2.5,1.49,0.0,0.1,0.0,0.5,0.0,0.4,1.3,0.0,-169.70000000000002,0.0,0.0,169.8,0.0,21.4,29.8,29.700000000000003,30.3,300.0,300.0,31.200000000000003,35.2,29.6,28.8,30.700000000000003,4.96,1.99,4.96,0.16,0.0,0.0,1027.0,8228.0,0.0,0.0,0.0,0.0,0.0,1.0,0.0,0.0,0.0,0.0,0.0,1.4,0.0,0.2,0.0,0.0,16.0,25903.0
2026-07-30T19:00:14.284Z,183.767,183.78,0.0,7.4,0.0,0.0,0.0,0.0,0.0,0.0,0.0,0.0,1.0,0.0,0.0,0.0,9.0,4.0,0.0,0.0,0.0,0.0,0.0,0.0,0.0,0.0,6.0,12.0,1.0,12.14,5.0200000000000005,2.5,1.49,0.0,0.0,0.0,0.4,0.0,0.4,-0.4,0.5,-169.70000000000002,0.0,0.0,169.60000000000002,0.0,21.4,29.8,29.700000000000003,30.3,300.0,300.0,31.200000000000003,35.2,29.6,28.8,30.700000000000003,4.95,1.99,4.97,0.16,0.0,0.0,1027.0,8228.0,0.0,0.0,0.0,0.0,0.0,1.0,0.0,0.0,0.0,0.0,0.0,0.0,0.0,-0.5,0.0,0.0001,16.0,25903.0
2026-07-30T19:00:14.295Z,183.778,183.792,0.0,7.4,0.0,0.0,0.0,0.0,0.0,0.0,0.0,0.0,1.0,0.0,0.0,0.0,9.0,4.0,0.0,0.0,0.0,0.0,0.0,0.0,0.0,0.0,6.0,12.0,1.0,12.14,5.0200000000000005,2.5,1.49,0.0,0.0,0.0,0.5,0.0,-0.7000000000000001,-1.0,0.0,-169.70000000000002,0.0,0.0,169.8,0.0,21.4,29.8,29.700000000000003,30.3,300.0,300.0,31.200000000000003,35.2,29.6,28.8,30.700000000000003,4.96,2.0,4.96,0.16,0.0,0.0,1027.0,8228.0,0.0,0.0,0.0,0.0,0.0,1.0,0.0,0.0,0.0,0.0,0.0,-1.2000000000000002,0.0,-0.1,0.0,0.0001,16.0,25903.0
2026-07-30T19:00:14.307Z,183.79,183.804,0.0,7.4,0.0,0.0,0.0,0.0,0.0,0.0,0.0,0.0,1.0,0.0,0.0,0.0,9.0,4.0,0.0,0.0,0.0,0.0,0.0,0.0,0.0,0.0,2.0,12.0,1.0,12.18,5.01,2.51,1.49,0.0,0.0,0.0,0.4,0.0,-0.1,0.1,-0.6000000000000001,-169.70000000000002,0.0,0.0,169.60000000000002,0.0,21.9,29.8,29.700000000000003,30.3,300.0,300.0,31.200000000000003,35.2,29.6,28.8,30.700000000000003,4.96,2.0,4.97,0.16,0.0,0.0,1027.0,8228.0,0.0,0.0,0.0,0.0,0.0,1.0,0.0,0.0,0.0,0.0,0.0,-0.3,0.0,0.6000000000000001,0.0,0.0001,16.0,25903.0
2026-07-30T19:00:14.319Z,183.802,183.816,0.0,7.4,0.0,0.0,0.0,0.0,0.0,0.0,0.0,0.0,1.0,0.0,0.0,0.0,9.0,4.0,0.0,0.0,0.0,0.0,0.0,0.0,0.0,0.0,3.0,12.0,1.0,12.18,5.01,2.51,1.49,0.0,0.0,0.0,0.4,0.0,0.3,0.0,-0.1,-169.70000000000002,0.0,0.0,169.60000000000002,0.0,21.9,29.8,29.700000000000003,30.3,300.0,300.0,31.200000000000003,35.2,29.6,28.8,30.700000000000003,4.95,1.99,4.97,0.16,0.0,0.0,1027.0,8228.0,0.0,0.0,0.0,0.0,0.0,1.0,0.0,0.0,0.0,0.0,0.0,0.0,0.0,0.1,0.0,0.0001,16.0,25903.0
2026-07-30T19:00:14.340Z,183.823,183.828,0.0,7.4,0.0,0.0,0.0,0.0,0.0,0.0,0.0,0.0,1.0,0.0,0.0,0.0,9.0,4.0,0.0,0.0,0.0,0.0,0.0,0.0,0.0,0.0,4.0,12.0,1.0,12.18,5.01,2.51,1.49,0.0,0.1,0.0,0.4,0.0,-0.7000000000000001,0.7000000000000001,0.0,-169.70000000000002,0.0,0.0,169.60000000000002,0.0,21.9,29.8,29.700000000000003,30.3,300.0,300.0,31.200000000000003,35.2,29.6,28.8,30.700000000000003,4.96,1.99,4.96,0.16,0.0,0.0,1027.0,8228.0,0.0,0.0,0.0,0.0,0.0,1.0,0.0,0.0,0.0,0.0,0.0,0.7000000000000001,0.0,0.2,0.0,0.0001,16.0,25903.0
2026-07-30T19:00:14.344Z,183.827,183.84,0.0,7.4,0.0,0.0,0.0,0.0,0.0,0.0,0.0,0.0,1.0,0.0,0.0,0.0,9.0,4.0,0.0,0.0,0.0,0.0,0.0,0.0,0.0,0.0,2.0,12.0,1.0,12.18,5.01,2.51,1.49,0.0,0.0,0.0,0.4,0.0,0.3,-0.4,1.1,-169.70000000000002,0.0,0.0,169.60000000000002,0.0,21.9,29.8,29.700000000000003,30.3,300.0,300.0,31.200000000000003,35.2,29.6,28.8,30.700000000000003,4.96,1.99,4.96,0.16,0.0,0.0,1027.0,8228.0,0.0,0.0,0.0,0.0,0.0,1.0,0.0,0.0,0.0,0.0,0.0,0.3,0.0,-1.0,0.0,0.0001,16.0,25903.0
2026-07-30T19:00:14.355Z,183.838,183.852,0.0,7.4,0.0,0.0,0.0,0.0,0.0,0.0,0.0,0.0,1.0,0.0,0.0,0.0,9.0,4.0,0.0,0.0,0.0,0.0,0.0,0.0,0.0,0.0,3.0,12.0,1.0,12.18,5.01,2.51,1.49,0.0,0.0,0.0,0.4,0.0,0.3,0.7000000000000001,1.0,-169.70000000000002,0.0,0.0,169.60000000000002,0.0,21.9,29.8,29.700000000000003,30.3,300.0,300.0,31.200000000000003,35.2,29.6,28.8,30.700000000000003,4.96,1.99,4.97,0.16,0.0,0.0,1027.0,8228.0,0.0,0.0,0.0,0.0,0.0,1.0,0.0,0.0,0.0,0.0,0.0,1.6,0.0,-0.8,0.0,0.0,16.0,25903.0
2026-07-30T19:00:14.367Z,183.85,183.864,0.0,7.4,0.0,0.0,0.0,0.0,0.0,0.0,0.0,0.0,1.0,0.0,0.0,0.0,9.0,4.0,0.0,0.0,0.0,0.0,0.0,0.0,0.0,0.0,3.0,12.0,1.0,12.18,5.01,2.51,1.49,0.0,0.0,0.0,0.4,0.0,-0.1,0.7000000000000001,-0.6000000000000001,-169.60000000000002,0.0,0.0,169.60000000000002,0.0,21.9,29.8,29.700000000000003,30.3,300.0,300.0,31.200000000000003,35.2,29.6,28.8,30.700000000000003,4.95,1.99,4.97,0.16,0.0,0.0,1027.0,8228.0,0.0,0.0,0.0,0.0,0.0,1.0,0.0,0.0,0.0,0.0,0.0,0.3,0.0,0.7000000000000001,0.0,0.0,16.0,25903.0
2026-07-30T19:00:14.379Z,183.862,183.876,0.0,7.4,0.0,0.0,0.0,0.0,0.0,0.0,0.0,0.0,1.0,0.0,0.0,0.0,9.0,4.0,0.0,0.0,0.0,0.0,0.0,0.0,0.0,0.0,5.0,12.0,1.0,12.18,5.01,2.51,1.49,0.0,0.0,0.0,0.4,0.0,0.3,-0.4,-0.6000000000000001,-169.60000000000002,0.0,0.0,169.60000000000002,0.0,21.9,29.8,29.700000000000003,30.3,300.0,300.0,31.200000000000003,35.2,29.6,28.8,30.700000000000003,4.96,1.99,4.96,0.16,0.0,0.0,1027.0,8228.0,0.0,0.0,0.0,0.0,0.0,1.0,0.0,0.0,0.0,0.0,0.0,-0.9,0.0,0.5,0.0,0.0,16.0,25903.0
2026-07-30T19:00:14.392Z,183.875,183.888,0.0,7.4,0.0,0.0,0.0,0.0,0.0,0.0,0.0,0.0,1.0,0.0,0.0,0.0,9.0,4.0,0.0,0.0,0.0,0.0,0.0,0.0,0.0,0.0,5.0,12.0,1.0,12.18,5.01,2.51,1.49,0.0,0.1,0.0,0.4,0.0,-0.2,-0.4,1.0,-169.60000000000002,0.0,0.0,169.60000000000002,0.0,21.9,29.8,29.700000000000003,30.3,300.0,300.0,31.200000000000003,35.2,29.6,28.8,30.700000000000003,4.95,2.0,4.96,0.16,0.0,0.0,1027.0,8228.0,0.0,0.0,0.0,0.0,0.0,1.0,0.0,0.0,0.0,0.0,0.0,0.2,0.0,-1.0,0.0,0.0,16.0,25903.0
2026-07-30T19:00:14.405Z,183.888,183.9,0.0,7.4,0.0,0.0,0.0,0.0,0.0,0.0,0.0,0.0,1.0,0.0,0.0,0.0,9.0,4.0,0.0,0.0,0.0,0.0,0.0,0.0,0.0,0.0,1.0,12.0,1.0,12.15,5.0200000000000005,2.51,1.49,0.0,0.0,0.0,0.4,0.0,-0.2,0.1,0.0,-169.60000000000002,0.0,0.0,169.70000000000002,0.0,21.200000000000003,29.8,29.700000000000003,30.3,300.0,300.0,31.200000000000003,35.1,29.6,28.8,30.700000000000003,4.95,1.99,4.97,0.16,0.0,0.0,1027.0,8228.0,0.0,0.0,0.0,0.0,0.0,1.0,0.0,0.0,0.0,0.0,0.0,2.0,0.0,-1.3,0.0,0.0,16.0,25903.0
2026-07-30T19:00:14.415Z,183.898,183.912,0.0,7.4,0.0,0.0,0.0,0.0,0.0,0.0,0.0,0.0,1.0,0.0,0.0,0.0,9.0,4.0,0.0,0.0,0.0,0.0,0.0,0.0,0.0,0.0,2.0,12.0,1.0,12.15,5.0200000000000005,2.51,1.49,0.0,0.0,0.0,0.4,0.0,0.4,0.7000000000000001,0.5,-169.60000000000002,0.0,0.0,169.8,0.0,21.200000000000003,29.8,29.700000000000003,30.3,300.0,300.0,31.200000000000003,35.1,29.6,28.8,30.700000000000003,4.95,1.99,4.97,0.16,0.0,0.0,1027.0,8228.0,0.0,0.0,0.0,0.0,0.0,1.0,0.0,0.0,0.0,0.0,0.0,1.1,0.0,-0.3,0.0,0.0,16.0,25903.0
2026-07-30T19:00:14.427Z,183.91,183.924,0.0,7.4,0.0,0.0,0.0,0.0,0.0,0.0,0.0,0.0,1.0,0.0,0.0,0.0,9.0,4.0,0.0,0.0,0.0,0.0,0.0,0.0,0.0,0.0,3.0,12.0,1.0,12.15,5.0200000000000005,2.51,1.49,0.0,0.0,0.0,0.5,0.0,-0.1,0.7000000000000001,-0.1,-169.60000000000002,0.0,0.0,169.60000000000002,0.0,21.200000000000003,29.8,29.700000000000003,30.3,300.0,300.0,31.200000000000003,35.1,29.6,28.8,30.700000000000003,4.96,1.99,4.96,0.16,0.0,0.0,1027.0,8228.0,0.0,0.0,0.0,0.0,0.0,1.0,0.0,0.0,0.0,0.0,0.0,-1.7000000000000002,0.0,0.4,0.0,0.0002,16.0,25903.0
2026-07-30T19:00:14.439Z,183.922,183.936,0.0,7.4,0.0,0.0,0.0,0.0,0.0,0.0,0.0,0.0,1.0,0.0,0.0,0.0,9.0,4.0,0.0,0.0,0.0,0.0,0.0,0.0,0.0,0.0,4.0,12.0,1.0,12.15,5.0200000000000005,2.51,1.49,0.0,0.0,0.0,0.4,0.0,-0.1,-1.0,-1.2000000000000002,-169.60000000000002,0.0,0.0,169.60000000000002,0.0,21.200000000000003,29.8,29.700000000000003,30.3,300.0,300.0,31.200000000000003,35.1,29.6,28.8,30.700000000000003,4.95,1.99,4.97,0.16,0.0,0.0,1027.0,8228.0,0.0,0.0,0.0,0.0,0.0,1.0,0.0,0.0,0.0,0.0,0.0,-1.2000000000000002,0.0,-0.1,0.0,0.0001,16.0,25903.0
2026-07-30T19:00:14.451Z,183.934,183.948,0.0,7.4,0.0,0.0,0.0,0.0,0.0,0.0,0.0,0.0,1.0,0.0,0.0,0.0,9.0,4.0,0.0,0.0,0.0,0.0,0.0,0.0,0.0,0.0,5.0,12.0,1.0,12.15,5.0200000000000005,2.51,1.49,0.0,0.0,0.0,0.4,0.0,-0.1,-0.4,-0.1,-169.60000000000002,0.0,0.0,169.60000000000002,0.0,21.200000000000003,29.8,29.700000000000003,30.3,300.0,300.0,31.200000000000003,35.1,29.6,28.8,30.700000000000003,4.95,1.99,4.96,0.16,0.0,0.0,1027.0,8228.0,0.0,0.0,0.0,0.0,0.0,1.0,0.0,0.0,0.0,0.0,0.0,-2.3000000000000003,0.0,2.0,0.0,0.0001,16.0,25903.0
2026-07-30T19:00:14.463Z,183.946,183.96,0.0,7.4,0.0,0.0,0.0,0.0,0.0,0.0,0.0,0.0,1.0,0.0,0.0,0.0,9.0,4.0,0.0,0.0,0.0,0.0,0.0,0.0,0.0,0.0,6.0,12.0,1.0,12.15,5.0200000000000005,2.51,1.49,0.0,0.0,0.0,0.4,0.0,-0.1,0.1,1.6,-169.60000000000002,0.0,0.0,169.70000000000002,0.0,21.200000000000003,29.8,29.700000000000003,30.3,300.0,300.0,31.200000000000003,35.1,29.6,28.8,30.700000000000003,4.96,1.99,4.96,0.16,0.0,0.0,1027.0,8228.0,0.0,0.0,0.0,0.0,0.0,1.0,0.0,0.0,0.0,0.0,0.0,-0.1,0.0,-0.4,0.0,0.0,16.0,25903.0
2026-07-30T19:00:14.475Z,183.958,183.972,0.0,7.4,0.0,0.0,0.0,0.0,0.0,0.0,0.0,0.0,1.0,0.0,0.0,0.0,9.0,4.0,0.0,0.0,0.0,0.0,0.0,0.0,0.0,0.0,1.0,12.0,1.0,12.15,5.0200000000000005,2.51,1.49,0.0,0.0,0.0,0.4,0.0,-0.1,-0.3,0.9,-169.60000000000002,0.0,0.0,169.70000000000002,0.0,21.200000000000003,29.8,29.700000000000003,30.3,300.0,300.0,31.200000000000003,35.1,29.6,28.8,30.700000000000003,4.96,1.99,4.96,0.16,0.0,0.0,1027.0,8228.0,0.0,0.0,0.0,0.0,0.0,1.0,0.0,0.0,0.0,0.0,0.0,0.2,0.0,-0.9,0.0,0.0001,16.0,25903.0
2026-07-30T19:00:14.487Z,183.97,183.984,0.0,7.4,0.0,0.0,0.0,0.0,0.0,0.0,0.0,0.0,1.0,0.0,0.0,0.0,9.0,4.0,0.0,0.0,0.0,0.0,0.0,0.0,0.0,0.0,2.0,12.0,1.0,12.15,5.0200000000000005,2.51,1.49,0.0,0.0,0.0,0.4,0.0,-0.1,-0.3,0.9,-169.60000000000002,0.0,0.0,169.70000000000002,0.0,21.200000000000003,29.8,29.700000000000003,30.3,300.0,300.0,31.200000000000003,35.1,29.6,28.8,30.700000000000003,4.95,1.99,4.97,0.16,0.0,0.0,1027.0,8228.0,0.0,0.0,0.0,0.0,0.0,1.0,0.0,0.0,0.0,0.0,0.0,0.3,0.0,-0.9,0.0,0.0,16.0,25903.0
2026-07-30T19:00:14.500Z,183.983,183.996,0.0,7.4,0.0,0.0,0.0,0.0,0.0,0.0,0.0,0.0,1.0,0.0,0.0,0.0,9.0,4.0,0.0,0.0,0.0,0.0,0.0,0.0,0.0,0.0,3.0,12.0,1.0,12.15,5.0200000000000005,2.51,1.49,0.0,0.0,0.0,0.4,0.0,0.4,0.1,-0.1,-169.60000000000002,0.0,0.0,169.60000000000002,0.0,21.200000000000003,29.8,29.700000000000003,30.3,300.0,300.0,31.200000000000003,35.1,29.6,28.8,30.700000000000003,4.95,1.99,4.96,0.15,0.0,0.0,1027.0,8228.0,0.0,0.0,0.0,0.0,0.0,1.0,0.0,0.0,0.0,0.0,0.0,0.1,0.0,0.1,0.0,0.0,16.0,25903.0
2026-07-30T19:00:14.511Z,183.994,184.008,0.0,7.4,0.0,0.0,0.0,0.0,0.0,0.0,0.0,0.0,1.0,0.0,0.0,0.0,9.0,4.0,0.0,0.0,0.0,0.0,0.0,0.0,0.0,0.0,5.0,12.0,1.0,12.17,5.01,2.5,1.49,0.0,0.0,0.0,0.4,0.0,-0.1,0.2,-0.6000000000000001,-169.60000000000002,0.0,0.0,169.70000000000002,0.0,21.4,29.700000000000003,29.700000000000003,30.3,300.0,300.0,31.200000000000003,35.1,29.6,28.8,30.700000000000003,4.96,2.0,4.96,0.16,0.0,0.0,1027.0,8228.0,0.0,0.0,0.0,0.0,0.0,1.0,0.0,0.0,0.0,0.0,0.0,-0.2,0.0,0.6000000000000001,0.0,0.0,16.0,25903.0
2026-07-30T19:00:14.523Z,184.006,184.02,0.0,7.4,0.0,0.0,0.0,0.0,0.0,0.0,0.0,0.0,1.0,0.0,0.0,0.0,9.0,4.0,0.0,0.0,0.0,0.0,0.0,0.0,0.0,0.0,6.0,12.0,1.0,12.17,5.01,2.5,1.49,0.0,0.0,0.0,0.5,0.0,0.4,-0.3,-0.1,-169.60000000000002,0.0,0.0,169.70000000000002,0.0,21.4,29.700000000000003,29.700000000000003,30.3,300.0,300.0,31.200000000000003,35.1,29.6,28.8,30.700000000000003,4.95,2.0,4.97,0.16,0.0,0.0,1027.0,8228.0,0.0,0.0,0.0,0.0,0.0,1.0,0.0,0.0,0.0,0.0,0.0,-0.5,0.0,0.0,0.0,0.0001,16.0,25903.0
2026-07-30T19:00:14.535Z,184.018,184.032,0.0,7.4,0.0,0.0,0.0,0.0,0.0,0.0,0.0,0.0,1.0,0.0,0.0,0.0,9.0,4.0,0.0,0.0,0.0,0.0,0.0,0.0,0.0,0.0,1.0,12.0,1.0,12.17,5.01,2.5,1.49,0.0,0.0,0.0,0.4,0.0,-0.7000000000000001,0.1,1.0,-169.60000000000002,0.0,0.0,169.70000000000002,0.0,21.4,29.700000000000003,29.700000000000003,30.3,300.0,300.0,31.200000000000003,35.1,29.6,28.8,30.700000000000003,4.96,1.99,4.97,0.16,0.0,0.0,1027.0,8228.0,0.0,0.0,0.0,0.0,0.0,1.0,0.0,0.0,0.0,0.0,0.0,0.9,0.0,-0.9,0.0,0.0,16.0,25903.0
2026-07-30T19:00:14.547Z,184.03,184.044,0.0,7.4,0.0,0.0,0.0,0.0,0.0,0.0,0.0,0.0,1.0,0.0,0.0,0.0,9.0,4.0,0.0,0.0,0.0,0.0,0.0,0.0,0.0,0.0,2.0,12.0,1.0,12.17,5.01,2.5,1.49,0.0,0.0,0.0,0.4,0.0,-0.1,0.1,0.4,-169.60000000000002,0.0,0.0,169.8,0.0,21.4,29.700000000000003,29.700000000000003,30.3,300.0,300.0,31.200000000000003,35.1,29.6,28.8,30.700000000000003,4.96,1.99,4.96,0.16,0.0,0.0,1027.0,8228.0,0.0,0.0,0.0,0.0,0.0,1.0,0.0,0.0,0.0,0.0,0.0,0.5,0.0,-0.3,0.0,0.0001,16.0,25903.0
2026-07-30T19:00:14.559Z,184.042,184.056,0.0,7.4,0.0,0.0,0.0,0.0,0.0,0.0,0.0,0.0,1.0,0.0,0.0,0.0,9.0,4.0,0.0,0.0,0.0,0.0,0.0,0.0,0.0,0.0,3.0,12.0,1.0,12.17,5.01,2.5,1.49,0.0,0.0,0.0,0.4,0.0,0.4,0.1,-0.6000000000000001,-169.60000000000002,0.0,0.0,169.70000000000002,0.0,21.4,29.700000000000003,29.700000000000003,30.3,300.0,300.0,31.200000000000003,35.1,29.6,28.8,30.700000000000003,4.96,1.99,4.96,0.16,0.0,0.0,1027.0,8228.0,0.0,0.0,0.0,0.0,0.0,1.0,0.0,0.0,0.0,0.0,0.0,-0.2,0.0,0.6000000000000001,0.0,0.0001,16.0,25903.0
2026-07-30T19:00:14.571Z,184.054,184.068,0.0,7.4,0.0,0.0,0.0,0.0,0.0,0.0,0.0,0.0,1.0,0.0,0.0,0.0,9.0,4.0,0.0,0.0,0.0,0.0,0.0,0.0,0.0,0.0,4.0,12.0,1.0,12.17,5.01,2.5,1.49,0.0,0.0,0.0,0.4,0.0,0.4,0.7000000000000001,1.7000000000000002,-169.60000000000002,0.0,0.0,169.70000000000002,0.0,21.4,29.700000000000003,29.700000000000003,30.3,300.0,300.0,31.200000000000003,35.1,29.6,28.8,30.700000000000003,4.95,1.99,4.96,0.16,0.0,0.0,1027.0,8228.0,0.0,0.0,0.0,0.0,0.0,1.0,0.0,0.0,0.0,0.0,0.0,2.1,0.0,-1.3,0.0,0.0001,16.0,25903.0
2026-07-30T19:00:14.583Z,184.066,184.08,0.0,7.4,0.0,0.0,0.0,0.0,0.0,0.0,0.0,0.0,1.0,0.0,0.0,0.0,9.0,4.0,0.0,0.0,0.0,0.0,0.0,0.0,0.0,0.0,4.0,12.0,1.0,12.17,5.01,2.5,1.49,0.0,0.0,0.0,0.4,0.0,0.4,-0.3,0.0,-169.60000000000002,0.0,0.0,169.8,0.0,21.4,29.700000000000003,29.700000000000003,30.3,300.0,300.0,31.200000000000003,35.1,29.6,28.8,30.700000000000003,4.95,2.0,4.97,0.16,0.0,0.0,1027.0,8228.0,0.0,0.0,0.0,0.0,0.0,1.0,0.0,0.0,0.0,0.0,0.0,-0.4,0.0,0.0,0.0,0.0002,16.0,25903.0
2026-07-30T19:00:14.595Z,184.078,184.092,0.0,7.4,0.0,0.0,0.0,0.0,0.0,0.0,0.0,0.0,1.0,0.0,0.0,0.0,9.0,4.0,0.0,0.0,0.0,0.0,0.0,0.0,0.0,0.0,6.0,12.0,1.0,12.17,5.01,2.5,1.49,0.0,0.0,0.0,0.4,0.0,-1.3,0.1,-1.1,-169.60000000000002,0.0,0.0,169.60000000000002,0.0,21.4,29.700000000000003,29.700000000000003,30.3,300.0,300.0,31.200000000000003,35.1,29.6,28.8,30.700000000000003,4.95,2.0,4.97,0.15,0.0,0.0,1027.0,8228.0,0.0,0.0,0.0,0.0,0.0,1.0,0.0,0.0,0.0,0.0,0.0,-0.6000000000000001,0.0,1.0,0.0,0.0001,16.0,25903.0
2026-07-30T19:00:14.608Z,184.091,184.104,0.0,7.4,0.0,0.0,0.0,0.0,0.0,0.0,0.0,0.0,1.0,0.0,0.0,0.0,9.0,4.0,0.0,0.0,0.0,0.0,0.0,0.0,0.0,0.0,1.0,12.0,1.0,12.17,5.01,2.51,1.5,0.0,0.1,0.0,0.4,0.0,0.4,0.8,2.3000000000000003,-169.60000000000002,0.0,0.0,169.60000000000002,0.0,21.4,29.700000000000003,29.700000000000003,30.3,300.0,300.0,31.3,35.2,29.6,28.8,30.700000000000003,4.95,1.99,4.97,0.16,0.0,0.0,1027.0,8228.0,0.0,0.0,0.0,0.0,0.0,1.0,0.0,0.0,0.0,0.0,0.0,2.6,0.0,-1.8,0.0,0.0002,16.0,25903.0
2026-07-30T19:00:14.619Z,184.102,184.116,0.0,7.4,0.0,0.0,0.0,0.0,0.0,0.0,0.0,0.0,1.0,0.0,0.0,0.0,9.0,4.0,0.0,0.0,0.0,0.0,0.0,0.0,0.0,0.0,2.0,12.0,1.0,12.17,5.01,2.51,1.5,0.0,0.0,0.0,0.4,0.0,0.4,-0.3,-0.6000000000000001,-169.60000000000002,0.0,0.0,169.60000000000002,0.0,21.4,29.700000000000003,29.700000000000003,30.3,300.0,300.0,31.3,35.2,29.6,28.8,30.700000000000003,4.95,1.99,4.96,0.16,0.0,0.0,1027.0,8228.0,0.0,0.0,0.0,0.0,0.0,1.0,0.0,0.0,0.0,0.0,0.0,-0.8,0.0,0.4,0.0,0.0001,16.0,25903.0
2026-07-30T19:00:14.631Z,184.114,184.128,0.0,7.4,0.0,0.0,0.0,0.0,0.0,0.0,0.0,0.0,1.0,0.0,0.0,0.0,9.0,4.0,0.0,0.0,0.0,0.0,0.0,0.0,0.0,0.0,3.0,12.0,1.0,12.17,5.01,2.51,1.5,0.0,0.0,0.0,0.4,0.0,0.4,-0.3,0.5,-169.60000000000002,0.0,0.0,169.70000000000002,0.0,21.4,29.700000000000003,29.700000000000003,30.3,300.0,300.0,31.3,35.2,29.6,28.8,30.700000000000003,4.96,1.99,4.96,0.16,0.0,0.0,1027.0,8228.0,0.0,0.0,0.0,0.0,0.0,1.0,0.0,0.0,0.0,0.0,0.0,0.0,0.0,-0.5,0.0,0.0,16.0,25903.0
2026-07-30T19:00:14.655Z,184.138,184.14,0.0,7.4,0.0,0.0,0.0,0.0,0.0,0.0,0.0,0.0,1.0,0.0,0.0,0.0,9.0,4.0,0.0,0.0,0.0,0.0,0.0,0.0,0.0,0.0,4.0,12.0,1.0,12.17,5.01,2.51,1.5,0.0,0.0,0.0,0.4,0.0,0.4,0.2,0.5,-169.60000000000002,0.0,0.0,169.70000000000002,0.0,21.4,29.700000000000003,29.700000000000003,30.3,300.0,300.0,31.3,35.2,29.6,28.8,30.700000000000003,4.96,1.99,4.96,0.16,0.0,0.0,1027.0,8228.0,0.0,0.0,0.0,0.0,0.0,1.0,0.0,0.0,0.0,0.0,0.0,0.7000000000000001,0.0,-0.4,0.0,0.0001,16.0,25903.0
2026-07-30T19:00:14.658Z,184.141,184.152,0.0,7.4,0.0,0.0,0.0,0.0,0.0,0.0,0.0,0.0,1.0,0.0,0.0,0.0,9.0,4.0,0.0,0.0,0.0,0.0,0.0,0.0,0.0,0.0,2.0,12.0,1.0,12.17,5.01,2.51,1.5,0.0,0.0,0.0,0.4,0.0,-0.1,0.2,0.0,-169.60000000000002,0.0,0.0,169.60000000000002,0.0,21.4,29.700000000000003,29.700000000000003,30.3,300.0,300.0,31.3,35.2,29.6,28.8,30.700000000000003,4.95,2.0,4.96,0.16,0.0,0.0,1027.0,8228.0,0.0,0.0,0.0,0.0,0.0,1.0,0.0,0.0,0.0,0.0,0.0,0.2,0.0,0.1,0.0,0.0001,16.0,25903.0
2026-07-30T19:00:14.667Z,184.15,184.164,0.0,7.4,0.0,0.0,0.0,0.0,0.0,0.0,0.0,0.0,1.0,0.0,0.0,0.0,9.0,4.0,0.0,0.0,0.0,0.0,0.0,0.0,0.0,0.0,2.0,12.0,1.0,12.17,5.01,2.51,1.5,0.0,0.1,0.0,0.4,0.0,-0.7000000000000001,0.2,1.0,-169.60000000000002,0.0,0.0,169.60000000000002,0.0,21.4,29.700000000000003,29.700000000000003,30.3,300.0,300.0,31.3,35.2,29.6,28.8,30.700000000000003,4.96,2.0,4.96,0.16,0.0,0.0,1027.0,8228.0,0.0,0.0,0.0,0.0,0.0,1.0,0.0,0.0,0.0,0.0,0.0,1.1,0.0,-0.8,0.0,0.0001,16.0,25903.0
2026-07-30T19:00:14.679Z,184.162,184.176,0.0,7.4,0.0,0.0,0.0,0.0,0.0,0.0,0.0,0.0,1.0,0.0,0.0,0.0,9.0,4.0,0.0,0.0,0.0,0.0,0.0,0.0,0.0,0.0,3.0,12.0,1.0,12.17,5.01,2.51,1.5,0.0,0.1,0.0,0.4,0.0,0.4,0.2,-0.6000000000000001,-169.60000000000002,0.0,0.0,169.60000000000002,0.0,21.4,29.700000000000003,29.700000000000003,30.3,300.0,300.0,31.3,35.2,29.6,28.8,30.700000000000003,4.95,1.99,4.97,0.16,0.0,0.0,1027.0,8228.0,0.0,0.0,0.0,0.0,0.0,1.0,0.0,0.0,0.0,0.0,0.0,-0.2,0.0,0.6000000000000001,0.0,0.0,16.0,25903.0
2026-07-30T19:00:14.691Z,184.174,184.188,0.0,7.4,0.0,0.0,0.0,0.0,0.0,0.0,0.0,0.0,1.0,0.0,0.0,0.0,9.0,4.0,0.0,0.0,0.0,0.0,0.0,0.0,0.0,0.0,4.0,12.0,1.0,12.17,5.01,2.51,1.5,0.0,0.0,0.0,0.4,0.0,-0.7000000000000001,0.2,-0.6000000000000001,-169.60000000000002,0.0,0.0,169.60000000000002,0.0,21.4,29.700000000000003,29.700000000000003,30.3,300.0,300.0,31.3,35.2,29.6,28.8,30.700000000000003,4.95,1.99,4.96,0.16,0.0,0.0,1027.0,8228.0,0.0,0.0,0.0,0.0,0.0,1.0,0.0,0.0,0.0,0.0,0.0,-0.2,0.0,0.6000000000000001,0.0,0.0,16.0,25903.0
2026-07-30T19:00:14.704Z,184.187,184.2,0.0,7.4,0.0,0.0,0.0,0.0,0.0,0.0,0.0,0.0,1.0,0.0,0.0,0.0,9.0,4.0,0.0,0.0,0.0,0.0,0.0,0.0,0.0,0.0,5.0,12.0,1.0,12.17,5.01,2.51,1.5,0.0,0.0,0.0,0.4,0.0,0.4,0.8,0.5,-169.60000000000002,0.0,0.0,169.60000000000002,0.0,21.4,29.700000000000003,29.700000000000003,30.3,300.0,300.0,31.3,35.2,29.6,28.8,30.700000000000003,4.96,2.0,4.96,0.16,0.0,0.0,1027.0,8228.0,0.0,0.0,0.0,0.0,0.0,1.0,0.0,0.0,0.0,0.0,0.0,1.3,0.0,-0.2,0.0,0.0,16.0,25903.0
2026-07-30T19:00:14.715Z,184.198,184.212,0.0,7.4,0.0,0.0,0.0,0.0,0.0,0.0,0.0,0.0,1.0,0.0,0.0,0.0,9.0,4.0,0.0,0.0,0.0,0.0,0.0,0.0,0.0,0.0,6.0,12.0,1.0,12.17,5.0200000000000005,2.51,1.49,0.0,0.0,0.0,0.4,0.0,0.4,0.8,0.0,-169.60000000000002,0.0,0.0,169.70000000000002,0.0,21.8,29.700000000000003,29.700000000000003,30.3,300.0,300.0,31.200000000000003,35.1,29.6,28.8,30.700000000000003,4.95,2.0,4.97,0.16,0.0,0.0,1027.0,8228.0,0.0,0.0,0.0,0.0,0.0,1.0,0.0,0.0,0.0,0.0,0.0,0.9,0.0,0.1,0.0,0.0,16.0,25903.0
2026-07-30T19:00:14.727Z,184.21,184.224,0.0,7.4,0.0,0.0,0.0,0.0,0.0,0.0,0.0,0.0,1.0,0.0,0.0,0.0,9.0,4.0,0.0,0.0,0.0,0.0,0.0,0.0,0.0,0.0,1.0,12.0,1.0,12.17,5.0200000000000005,2.51,1.49,0.0,0.0,0.0,0.4,0.0,0.4,-0.3,0.0,-169.60000000000002,0.0,0.0,169.70000000000002,0.0,21.8,29.700000000000003,29.700000000000003,30.3,300.0,300.0,31.200000000000003,35.1,29.6,28.8,30.700000000000003,4.95,1.99,4.97,0.16,0.0,0.0,1027.0,8228.0,0.0,0.0,0.0,0.0,0.0,1.0,0.0,0.0,0.0,0.0,0.0,-0.4,0.0,0.0,0.0,0.0,16.0,25903.0
2026-07-30T19:00:14.739Z,184.222,184.236,0.0,7.4,0.0,0.0,0.0,0.0,0.0,0.0,0.0,0.0,1.0,0.0,0.0,0.0,9.0,4.0,0.0,0.0,0.0,0.0,0.0,0.0,0.0,0.0,3.0,12.0,1.0,12.17,5.0200000000000005,2.51,1.49,0.0,0.0,0.0,0.4,0.0,0.4,0.1,0.0,-169.60000000000002,0.0,0.0,169.60000000000002,0.0,21.8,29.700000000000003,29.700000000000003,30.3,300.0,300.0,31.200000000000003,35.1,29.6,28.8,30.700000000000003,4.95,2.0,4.96,0.16,0.0,0.0,1027.0,8228.0,0.0,0.0,0.0,0.0,0.0,1.0,0.0,0.0,0.0,0.0,0.0,0.1,0.0,0.0,0.0,0.0,16.0,25903.0
2026-07-30T19:00:14.751Z,184.234,184.248,0.0,7.4,0.0,0.0,0.0,0.0,0.0,0.0,0.0,0.0,1.0,0.0,0.0,0.0,9.0,4.0,0.0,0.0,0.0,0.0,0.0,0.0,0.0,0.0,4.0,12.0,1.0,12.17,5.0200000000000005,2.51,1.49,0.0,0.0,0.0,0.4,0.0,-0.1,-0.3,0.0,-169.60000000000002,0.0,0.0,169.60000000000002,0.0,21.8,29.700000000000003,29.700000000000003,30.3,300.0,300.0,31.200000000000003,35.1,29.6,28.8,30.700000000000003,4.95,1.99,4.96,0.16,0.0,0.0,1027.0,8228.0,0.0,0.0,0.0,0.0,0.0,1.0,0.0,0.0,0.0,0.0,0.0,-0.4,0.0,0.0,0.0,0.0,16.0,25903.0
2026-07-30T19:00:14.763Z,184.246,184.26,0.0,7.4,0.0,0.0,0.0,0.0,0.0,0.0,0.0,0.0,1.0,0.0,0.0,0.0,9.0,4.0,0.0,0.0,0.0,0.0,0.0,0.0,0.0,0.0,6.0,12.0,1.0,12.17,5.0200000000000005,2.51,1.49,0.0,0.0,0.0,0.5,0.0,-0.1,0.7000000000000001,-0.5,-169.60000000000002,0.0,0.0,169.70000000000002,0.0,21.8,29.700000000000003,29.700000000000003,30.3,300.0,300.0,31.200000000000003,35.1,29.6,28.8,30.700000000000003,4.95,1.99,4.97,0.16,0.0,0.0,1027.0,8228.0,0.0,0.0,0.0,0.0,0.0,1.0,0.0,0.0,0.0,0.0,0.0,0.4,0.0,0.6000000000000001,0.0,0.0,16.0,25903.0
2026-07-30T19:00:14.775Z,184.258,184.272,0.0,7.4,0.0,0.0,0.0,0.0,0.0,0.0,0.0,0.0,1.0,0.0,0.0,0.0,9.0,4.0,0.0,0.0,0.0,0.0,0.0,0.0,0.0,0.0,1.0,12.0,1.0,12.17,5.0200000000000005,2.51,1.49,0.0,0.0,0.0,0.4,0.0,-0.1,-1.6,-0.5,-169.60000000000002,0.0,0.0,169.70000000000002,0.0,21.8,29.700000000000003,29.700000000000003,30.3,300.0,300.0,31.200000000000003,35.1,29.6,28.8,30.700000000000003,4.96,2.0,4.96,0.16,0.0,0.0,1027.0,8228.0,0.0,0.0,0.0,0.0,0.0,1.0,0.0,0.0,0.0,0.0,0.0,-2.2,0.0,0.1,0.0,0.0001,16.0,25903.0
2026-07-30T19:00:14.787Z,184.27,184.284,0.0,7.4,0.0,0.0,0.0,0.0,0.0,0.0,0.0,0.0,1.0,0.0,0.0,0.0,9.0,4.0,0.0,0.0,0.0,0.0,0.0,0.0,0.0,0.0,3.0,12.0,1.0,12.17,5.0200000000000005,2.51,1.49,-0.1,0.1,0.0,0.4,0.0,-0.1,0.6000000000000001,1.7000000000000002,-169.60000000000002,0.0,0.0,169.60000000000002,0.0,21.8,29.700000000000003,29.700000000000003,30.3,300.0,300.0,31.200000000000003,35.1,29.6,28.8,30.700000000000003,4.96,2.0,4.97,0.16,0.0,0.0,1027.0,8228.0,0.0,0.0,0.0,0.0,0.0,1.0,0.0,0.0,0.0,0.0,0.0,2.0,0.0,-1.3,0.0,0.0001,16.0,25903.0
2026-07-30T19:00:14.799Z,184.282,184.296,0.0,7.4,0.0,0.0,0.0,0.0,0.0,0.0,0.0,0.0,1.0,0.0,0.0,0.0,9.0,4.0,0.0,0.0,0.0,0.0,0.0,0.0,0.0,0.0,4.0,12.0,1.0,12.17,5.0200000000000005,2.51,1.49,0.0,0.0,0.0,0.4,0.0,0.9,-0.5,-1.2000000000000002,-169.60000000000002,0.0,0.0,169.60000000000002,0.0,21.8,29.700000000000003,29.700000000000003,30.3,300.0,300.0,31.200000000000003,35.1,29.6,28.8,30.700000000000003,4.95,1.99,4.97,0.16,0.0,0.0,1027.0,8228.0,0.0,0.0,0.0,0.0,0.0,1.0,0.0,0.0,0.0,0.0,0.0,-1.5,0.0,0.9,0.0,0.0001,16.0,25903.0
2026-07-30T19:00:14.812Z,184.295,184.308,0.0,7.4,0.0,0.0,0.0,0.0,0.0,0.0,0.0,0.0,1.0,0.0,0.0,0.0,9.0,4.0,0.0,0.0,0.0,0.0,0.0,0.0,0.0,0.0,6.0,12.0,1.0,12.17,5.0200000000000005,2.51,1.49,0.0,0.0,0.0,0.4,0.0,1.0,0.6000000000000001,0.5,-169.60000000000002,0.0,0.0,169.60000000000002,0.0,21.3,29.700000000000003,29.700000000000003,30.3,300.0,300.0,31.200000000000003,35.2,29.6,28.8,30.700000000000003,4.96,1.99,4.97,0.16,0.0,0.0,1027.0,8228.0,0.0,0.0,0.0,0.0,0.0,1.0,0.0,0.0,0.0,0.0,0.0,1.1,0.0,-0.3,0.0,0.0,16.0,25903.0
2026-07-30T19:00:14.824Z,184.307,184.32,0.0,7.4,0.0,0.0,0.0,0.0,0.0,0.0,0.0,0.0,1.0,0.0,0.0,0.0,9.0,4.0,0.0,0.0,0.0,0.0,0.0,0.0,0.0,0.0,1.0,12.0,1.0,12.17,5.0200000000000005,2.51,1.49,0.0,0.0,0.0,0.4,0.0,-0.1,-0.4,0.0,-169.60000000000002,0.0,0.0,169.60000000000002,0.0,21.3,29.700000000000003,29.700000000000003,30.3,300.0,300.0,31.200000000000003,35.2,29.6,28.8,30.700000000000003,4.96,2.0,4.96,0.16,0.0,0.0,1027.0,8228.0,0.0,0.0,0.0,0.0,0.0,1.0,0.0,0.0,0.0,0.0,0.0,-0.5,0.0,-0.1,0.0,0.0,16.0,25903.0
2026-07-30T19:00:14.835Z,184.318,184.332,0.0,7.4,0.0,0.0,0.0,0.0,0.0,0.0,0.0,0.0,1.0,0.0,0.0,0.0,9.0,4.0,0.0,0.0,0.0,0.0,0.0,0.0,0.0,0.0,3.0,12.0,1.0,12.17,5.0200000000000005,2.51,1.49,0.0,0.0,0.0,0.4,0.0,0.0,0.7000000000000001,0.6000000000000001,-169.60000000000002,0.0,0.0,169.60000000000002,0.0,21.3,29.700000000000003,29.700000000000003,30.3,300.0,300.0,31.200000000000003,35.2,29.6,28.8,30.700000000000003,4.96,1.99,4.97,0.16,0.0,0.0,1027.0,8228.0,0.0,0.0,0.0,0.0,0.0,1.0,0.0,0.0,0.0,0.0,0.0,1.2000000000000002,0.0,-0.4,0.0,0.0,16.0,25903.0
2026-07-30T19:00:14.847Z,184.33,184.344,0.0,7.4,0.0,0.0,0.0,0.0,0.0,0.0,0.0,0.0,1.0,0.0,0.0,0.0,9.0,4.0,0.0,0.0,0.0,0.0,0.0,0.0,0.0,0.0,4.0,12.0,1.0,12.17,5.0200000000000005,2.51,1.49,0.0,0.0,0.0,0.4,0.0,1.0,1.2000000000000002,2.3000000000000003,-169.60000000000002,0.0,0.0,169.60000000000002,0.0,21.3,29.700000000000003,29.700000000000003,30.3,300.0,300.0,31.200000000000003,35.2,29.6,28.8,30.700000000000003,4.95,1.99,4.97,0.16,0.0,0.0,1027.0,8228.0,0.0,0.0,0.0,0.0,0.0,1.0,0.0,0.0,0.0,0.0,0.0,3.1,0.0,-1.7000000000000002,0.0,0.0,16.0,25903.0
2026-07-30T19:00:14.859Z,184.342,184.356,0.0,7.4,0.0,0.0,0.0,0.0,0.0,0.0,0.0,0.0,1.0,0.0,0.0,0.0,9.0,4.0,0.0,0.0,0.0,0.0,0.0,0.0,0.0,0.0,5.0,12.0,1.0,12.17,5.0200000000000005,2.51,1.49,0.0,0.0,0.0,0.5,0.0,-0.1,0.1,0.0,-169.60000000000002,0.0,0.0,169.60000000000002,0.0,21.3,29.700000000000003,29.700000000000003,30.3,300.0,300.0,31.200000000000003,35.2,29.6,28.8,30.700000000000003,4.96,1.99,4.97,0.16,0.0,0.0,1027.0,8228.0,0.0,0.0,0.0,0.0,0.0,1.0,0.0,0.0,0.0,0.0,0.0,0.1,0.0,0.0,0.0,0.0,16.0,25903.0
2026-07-30T19:00:14.872Z,184.355,184.368,0.0,7.4,0.0,0.0,0.0,0.0,0.0,0.0,0.0,0.0,1.0,0.0,0.0,0.0,9.0,4.0,0.0,0.0,0.0,0.0,0.0,0.0,0.0,0.0,6.0,12.0,1.0,12.17,5.0200000000000005,2.51,1.49,0.0,0.0,0.0,0.4,0.0,0.4,-1.1,0.5,-169.60000000000002,0.0,0.0,169.60000000000002,0.0,21.3,29.700000000000003,29.700000000000003,30.3,300.0,300.0,31.200000000000003,35.2,29.6,28.8,30.700000000000003,4.95,2.0,4.96,0.16,0.0,0.0,1027.0,8228.0,0.0,0.0,0.0,0.0,0.0,1.0,0.0,0.0,0.0,0.0,0.0,-0.8,0.0,-0.7000000000000001,0.0,0.0,16.0,25903.0
2026-07-30T19:00:14.884Z,184.367,184.38,0.0,7.4,0.0,0.0,0.0,0.0,0.0,0.0,0.0,0.0,1.0,0.0,0.0,0.0,9.0,4.0,0.0,0.0,0.0,0.0,0.0,0.0,0.0,0.0,1.0,12.0,1.0,12.17,5.0200000000000005,2.51,1.49,0.0,0.0,0.0,0.4,0.0,0.4,0.6000000000000001,0.0,-169.60000000000002,0.0,0.0,169.60000000000002,0.0,21.3,29.700000000000003,29.700000000000003,30.3,300.0,300.0,31.200000000000003,35.2,29.6,28.8,30.700000000000003,4.95,1.99,4.97,0.16,0.0,0.0,1027.0,8228.0,0.0,0.0,0.0,0.0,0.0,1.0,0.0,0.0,0.0,0.0,0.0,0.7000000000000001,0.0,0.1,0.0,0.0,16.0,25903.0
2026-07-30T19:00:14.895Z,184.378,184.392,0.0,7.4,0.0,0.0,0.0,0.0,0.0,0.0,0.0,0.0,1.0,0.0,0.0,0.0,9.0,4.0,0.0,0.0,0.0,0.0,0.0,0.0,0.0,0.0,3.0,12.0,1.0,12.17,5.0200000000000005,2.51,1.49,0.0,0.0,0.0,0.4,0.0,-0.7000000000000001,0.0,0.0,-169.60000000000002,0.0,0.0,169.60000000000002,0.0,21.3,29.700000000000003,29.700000000000003,30.3,300.0,300.0,31.200000000000003,35.2,29.6,28.8,30.700000000000003,4.96,2.0,4.97,0.16,0.0,0.0,1027.0,8228.0,0.0,0.0,0.0,0.0,0.0,1.0,0.0,0.0,0.0,0.0,0.0,0.0,0.0,0.0,0.0,0.0,16.0,25903.0
2026-07-30T19:00:14.907Z,184.39,184.404,0.0,7.4,0.0,0.0,0.0,0.0,0.0,0.0,0.0,0.0,1.0,0.0,0.0,0.0,9.0,4.0,0.0,0.0,0.0,0.0,0.0,0.0,0.0,0.0,4.0,12.0,1.0,12.17,5.0200000000000005,2.51,1.49,0.0,0.1,0.0,0.4,0.0,-0.2,0.6000000000000001,1.7000000000000002,-169.60000000000002,0.0,0.0,169.70000000000002,0.0,21.3,29.700000000000003,29.700000000000003,30.3,300.0,300.0,31.200000000000003,35.2,29.6,28.8,30.700000000000003,4.96,2.0,4.96,0.16,0.0,0.0,1027.0,8228.0,0.0,0.0,0.0,0.0,0.0,1.0,0.0,0.0,0.0,0.0,0.0,0.7000000000000001,0.0,0.1,0.0,0.0,16.0,25903.0
2026-07-30T19:00:14.919Z,184.402,184.416,0.0,7.4,0.0,0.0,0.0,0.0,0.0,0.0,0.0,0.0,1.0,0.0,0.0,0.0,9.0,4.0,0.0,0.0,0.0,0.0,0.0,0.0,0.0,0.0,5.0,12.0,1.0,12.19,5.01,2.51,1.49,0.0,0.0,0.0,0.4,0.0,-0.2,-1.0,0.5,-169.60000000000002,0.0,0.0,169.60000000000002,0.0,21.3,29.700000000000003,29.700000000000003,30.3,300.0,300.0,31.0,35.2,29.6,28.8,30.700000000000003,4.95,1.99,4.96,0.16,0.0,0.0,1027.0,8228.0,0.0,0.0,0.0,0.0,0.0,1.0,0.0,0.0,0.0,0.0,0.0,-0.8,0.0,-0.6000000000000001,0.0,0.0,16.0,25903.0
2026-07-30T19:00:14.931Z,184.414,184.428,0.0,7.4,0.0,0.0,0.0,0.0,0.0,0.0,0.0,0.0,1.0,0.0,0.0,0.0,9.0,4.0,0.0,0.0,0.0,0.0,0.0,0.0,0.0,0.0,6.0,12.0,1.0,12.19,5.01,2.51,1.49,0.0,0.0,0.0,0.4,0.0,0.9,1.2000000000000002,1.1,-169.60000000000002,0.0,0.0,169.60000000000002,0.0,21.3,29.700000000000003,29.700000000000003,30.3,300.0,300.0,31.0,35.2,29.6,28.8,30.700000000000003,4.95,1.99,4.96,0.16,0.0,0.0,1027.0,8228.0,0.0,0.0,0.0,0.0,0.0,1.0,0.0,0.0,0.0,0.0,0.0,2.2,0.0,-0.7000000000000001,0.0,0.0,16.0,25903.0
2026-07-30T19:00:14.943Z,184.426,184.44,0.0,7.4,0.0,0.0,0.0,0.0,0.0,0.0,0.0,0.0,1.0,0.0,0.0,0.0,9.0,4.0,0.0,0.0,0.0,0.0,0.0,0.0,0.0,0.0,1.0,12.0,1.0,12.19,5.01,2.51,1.49,0.0,0.0,0.0,0.5,0.0,-0.8,0.0,0.0,-169.60000000000002,0.0,0.0,169.70000000000002,0.0,21.3,29.700000000000003,29.700000000000003,30.3,300.0,300.0,31.0,35.2,29.6,28.8,30.700000000000003,4.95,2.0,4.96,0.16,0.0,0.0,1027.0,8228.0,0.0,0.0,0.0,0.0,0.0,1.0,0.0,0.0,0.0,0.0,0.0,-1.9,0.0,1.5,0.0,0.0,16.0,25903.0
2026-07-30T19:00:14.956Z,184.439,184.452,0.0,7.4,0.0,0.0,0.0,0.0,0.0,0.0,0.0,0.0,1.0,0.0,0.0,0.0,9.0,4.0,0.0,0.0,0.0,0.0,0.0,0.0,0.0,0.0,2.0,12.0,1.0,12.19,5.01,2.51,1.49,0.0,0.0,0.0,0.4,0.0,0.9,0.0,1.0,-169.60000000000002,0.0,0.0,169.60000000000002,0.0,21.3,29.700000000000003,29.700000000000003,30.3,300.0,300.0,31.0,35.2,29.6,28.8,30.700000000000003,4.96,2.0,4.98,0.16,0.0,0.0,1027.0,8228.0,0.0,0.0,0.0,0.0,0.0,1.0,0.0,0.0,0.0,0.0,0.0,0.8,0.0,-0.9,0.0,0.0001,16.0,25903.0
2026-07-30T19:00:14.975Z,184.458,184.464,0.0,7.4,0.0,0.0,0.0,0.0,0.0,0.0,0.0,0.0,1.0,0.0,0.0,0.0,9.0,4.0,0.0,0.0,0.0,0.0,0.0,0.0,0.0,0.0,3.0,12.0,1.0,12.19,5.01,2.51,1.49,0.0,0.0,0.0,0.4,0.0,-0.2,-0.5,1.6,-169.60000000000002,0.0,0.0,169.70000000000002,0.0,21.3,29.700000000000003,29.700000000000003,30.3,300.0,300.0,31.0,35.2,29.6,28.8,30.700000000000003,4.95,1.99,4.97,0.16,0.0,0.0,1027.0,8228.0,0.0,0.0,0.0,0.0,0.0,1.0,0.0,0.0,0.0,0.0,0.0,-0.8,0.0,-0.6000000000000001,0.0,0.0,16.0,25903.0
2026-07-30T19:00:14.979Z,184.462,184.476,0.0,7.4,0.0,0.0,0.0,0.0,0.0,0.0,0.0,0.0,1.0,0.0,0.0,0.0,9.0,4.0,0.0,0.0,0.0,0.0,0.0,0.0,0.0,0.0,3.0,12.0,1.0,12.19,5.01,2.51,1.49,0.0,0.0,0.0,0.5,0.0,-0.2,0.6000000000000001,-1.2000000000000002,-169.60000000000002,0.0,0.0,169.60000000000002,0.0,21.3,29.700000000000003,29.700000000000003,30.3,300.0,300.0,31.0,35.2,29.6,28.8,30.700000000000003,4.95,1.99,4.96,0.16,0.0,0.0,1027.0,8228.0,0.0,0.0,0.0,0.0,0.0,1.0,0.0,0.0,0.0,0.0,0.0,-0.2,0.0,1.2000000000000002,0.0,0.0001,16.0,25903.0
2026-07-30T19:00:14.991Z,184.474,184.488,0.0,7.4,0.0,0.0,0.0,0.0,0.0,0.0,0.0,0.0,1.0,0.0,0.0,0.0,9.0,4.0,0.0,0.0,0.0,0.0,0.0,0.0,0.0,0.0,3.0,12.0,1.0,12.19,5.01,2.51,1.49,0.0,0.0,0.0,0.4,0.0,0.9,-0.5,-0.6000000000000001,-169.60000000000002,0.0,0.0,169.60000000000002,0.0,21.3,29.700000000000003,29.700000000000003,30.3,300.0,300.0,31.0,35.2,29.6,28.8,30.700000000000003,4.95,1.99,4.96,0.16,0.0,0.0,1027.0,8228.0,0.0,0.0,0.0,0.0,0.0,1.0,0.0,0.0,0.0,0.0,0.0,-1.0,0.0,0.4,0.0,0.0001,16.0,25903.0
2026-07-30T19:00:15.003Z,184.486,184.5,0.0,7.4,0.0,0.0,0.0,0.0,0.0,0.0,0.0,0.0,1.0,0.0,0.0,0.0,9.0,4.0,0.0,0.0,0.0,0.0,0.0,0.0,0.0,0.0,4.0,12.0,1.0,12.19,5.01,2.51,1.49,0.0,0.0,0.0,0.4,0.0,-0.2,-0.5,0.0,-169.60000000000002,0.0,0.0,169.60000000000002,0.0,21.3,29.700000000000003,29.700000000000003,30.3,300.0,300.0,31.0,35.2,29.6,28.8,30.700000000000003,4.95,1.99,4.97,0.16,0.0,0.0,1027.0,8228.0,0.0,0.0,0.0,0.0,0.0,1.0,0.0,0.0,0.0,0.0,0.0,-0.7000000000000001,0.0,0.0,0.0,0.0,16.0,25903.0
2026-07-30T19:00:15.017Z,184.5,184.512,0.0,7.4,0.0,0.0,0.0,0.0,0.0,0.0,0.0,0.0,1.0,0.0,0.0,0.0,9.0,4.0,0.0,0.0,0.0,0.0,0.0,0.0,0.0,0.0,5.0,12.0,1.0,12.15,5.01,2.51,1.49,0.0,0.0,0.0,0.4,0.0,-0.8,-1.7000000000000002,-1.3,-169.60000000000002,0.0,0.0,169.60000000000002,0.0,21.200000000000003,29.700000000000003,29.700000000000003,30.3,300.0,300.0,31.1,35.1,29.5,28.8,30.700000000000003,4.95,1.99,4.97,0.16,0.0,0.0,1027.0,8228.0,0.0,0.0,0.0,0.0,0.0,1.0,0.0,0.0,0.0,0.0,0.0,-3.0,0.0,0.8,0.0,0.0,16.0,25903.0
2026-07-30T19:00:15.028Z,184.511,184.524,0.0,7.4,0.0,0.0,0.0,0.0,0.0,0.0,0.0,0.0,1.0,0.0,0.0,0.0,9.0,4.0,0.0,0.0,0.0,0.0,0.0,0.0,0.0,0.0,6.0,12.0,1.0,12.15,5.01,2.51,1.49,0.0,0.0,0.0,0.4,0.0,0.3,0.0,-0.1,-169.60000000000002,0.0,0.0,169.60000000000002,0.0,21.200000000000003,29.700000000000003,29.700000000000003,30.3,300.0,300.0,31.1,35.1,29.5,28.8,30.700000000000003,4.95,2.0,4.96,0.16,0.0,0.0,1027.0,8228.0,0.0,0.0,0.0,0.0,0.0,1.0,0.0,0.0,0.0,0.0,0.0,-0.1,0.0,0.1,0.0,0.0,16.0,25903.0
2026-07-30T19:00:15.039Z,184.522,184.536,0.0,7.4,0.0,0.0,0.0,0.0,0.0,0.0,0.0,0.0,1.0,0.0,0.0,0.0,9.0,4.0,0.0,0.0,0.0,0.0,0.0,0.0,0.0,0.0,2.0,12.0,1.0,12.15,5.01,2.51,1.49,0.0,0.0,0.0,0.4,0.0,-0.2,0.0,1.0,-169.60000000000002,0.0,0.0,169.70000000000002,0.0,21.200000000000003,29.700000000000003,29.700000000000003,30.3,300.0,300.0,31.1,35.1,29.5,28.8,30.700000000000003,4.95,1.99,4.96,0.16,0.0,0.0,1027.0,8228.0,0.0,0.0,0.0,0.0,0.0,1.0,0.0,0.0,0.0,0.0,0.0,0.7000000000000001,0.0,-0.8,0.0,0.0,16.0,25903.0
2026-07-30T19:00:15.052Z,184.535,184.548,0.0,7.4,0.0,0.0,0.0,0.0,0.0,0.0,0.0,0.0,1.0,0.0,0.0,0.0,9.0,4.0,0.0,0.0,0.0,0.0,0.0,0.0,0.0,0.0,3.0,12.0,1.0,12.15,5.01,2.51,1.49,0.0,0.0,0.0,0.4,0.0,0.9,0.0,0.4,-169.60000000000002,0.0,0.0,169.60000000000002,0.0,21.200000000000003,29.700000000000003,29.700000000000003,30.3,300.0,300.0,31.1,35.1,29.5,28.8,30.700000000000003,4.96,1.99,4.96,0.16,0.0,0.0,1027.0,8228.0,0.0,0.0,0.0,0.0,0.0,1.0,0.0,0.0,0.0,0.0,0.0,0.3,0.0,-0.3,0.0,0.0,16.0,25903.0
2026-07-30T19:00:15.063Z,184.546,184.56,0.0,7.4,0.0,0.0,0.0,0.0,0.0,0.0,0.0,0.0,1.0,0.0,0.0,0.0,9.0,4.0,0.0,0.0,0.0,0.0,0.0,0.0,0.0,0.0,4.0,12.0,1.0,12.15,5.01,2.51,1.49,0.0,0.0,0.0,0.5,0.0,-0.1,0.0,0.4,-169.60000000000002,0.0,0.0,169.60000000000002,0.0,21.200000000000003,29.700000000000003,29.700000000000003,30.3,300.0,300.0,31.1,35.1,29.5,28.8,30.700000000000003,4.96,1.99,4.96,0.16,0.0,0.0,1027.0,8228.0,0.0,0.0,0.0,0.0,0.0,1.0,0.0,0.0,0.0,0.0,0.0,0.3,0.0,-0.4,0.0,0.0001,16.0,25903.0
2026-07-30T19:00:15.075Z,184.558,184.572,0.0,7.4,0.0,0.0,0.0,0.0,0.0,0.0,0.0,0.0,1.0,0.0,0.0,0.0,9.0,4.0,0.0,0.0,0.0,0.0,0.0,0.0,0.0,0.0,5.0,12.0,1.0,12.15,5.01,2.51,1.49,0.0,0.0,0.0,0.4,0.0,-0.1,1.1,1.0,-169.60000000000002,0.0,0.0,169.60000000000002,0.0,21.200000000000003,29.700000000000003,29.700000000000003,30.3,300.0,300.0,31.1,35.1,29.5,28.8,30.700000000000003,4.96,1.99,4.96,0.16,0.0,0.0,1027.0,8228.0,0.0,0.0,0.0,0.0,0.0,1.0,0.0,0.0,0.0,0.0,0.0,2.0,0.0,-0.6000000000000001,0.0,0.0,16.0,25903.0
2026-07-30T19:00:15.087Z,184.57,184.584,0.0,7.4,0.0,0.0,0.0,0.0,0.0,0.0,0.0,0.0,1.0,0.0,0.0,0.0,9.0,4.0,0.0,0.0,0.0,0.0,0.0,0.0,0.0,0.0,1.0,12.0,1.0,12.15,5.01,2.51,1.49,0.0,0.0,0.0,0.4,0.0,-0.2,0.0,-0.7000000000000001,-169.60000000000002,0.0,0.0,169.60000000000002,0.0,21.200000000000003,29.700000000000003,29.700000000000003,30.3,300.0,300.0,31.1,35.1,29.5,28.8,30.700000000000003,4.95,1.99,4.96,0.16,0.0,0.0,1027.0,8228.0,0.0,0.0,0.0,0.0,0.0,1.0,0.0,0.0,0.0,0.0,0.0,-0.5,0.0,0.6000000000000001,0.0,0.0,16.0,25903.0
2026-07-30T19:00:15.099Z,184.582,184.596,0.0,7.4,0.0,0.0,0.0,0.0,0.0,0.0,0.0,0.0,1.0,0.0,0.0,0.0,9.0,4.0,0.0,0.0,0.0,0.0,0.0,0.0,0.0,0.0,3.0,12.0,1.0,12.15,5.01,2.51,1.49,0.0,0.0,0.0,0.4,0.0,0.3,0.0,0.9,-169.60000000000002,0.0,0.0,169.60000000000002,0.0,21.200000000000003,29.700000000000003,29.700000000000003,30.3,300.0,300.0,31.1,35.1,29.5,28.8,30.700000000000003,4.95,1.99,4.96,0.16,0.0,0.0,1027.0,8228.0,0.0,0.0,0.0,0.0,0.0,1.0,0.0,0.0,0.0,0.0,0.0,0.7000000000000001,0.0,-0.8,0.0,0.0,16.0,25903.0
2026-07-30T19:00:15.111Z,184.594,184.608,0.0,7.4,0.0,0.0,0.0,0.0,0.0,0.0,0.0,0.0,1.0,0.0,0.0,0.0,9.0,4.0,0.0,0.0,0.0,0.0,0.0,0.0,0.0,0.0,4.0,12.0,1.0,12.15,5.01,2.51,1.49,0.0,0.0,0.0,0.4,0.0,-1.4,-1.7000000000000002,-2.5,-169.60000000000002,0.0,0.0,169.60000000000002,0.0,21.200000000000003,29.700000000000003,29.700000000000003,30.3,300.0,300.0,31.1,35.1,29.5,28.8,30.700000000000003,4.95,2.0,4.97,0.16,0.0,0.0,1027.0,8228.0,0.0,0.0,0.0,0.0,0.0,1.0,0.0,0.0,0.0,0.0,0.0,-3.8,0.0,1.8,0.0,0.0,16.0,25903.0
2026-07-30T19:00:15.123Z,184.606,184.62,0.0,7.4,0.0,0.0,0.0,0.0,0.0,0.0,0.0,0.0,1.0,0.0,0.0,0.0,9.0,4.0,0.0,0.0,0.0,0.0,0.0,0.0,0.0,0.0,6.0,12.0,1.0,12.2,5.0200000000000005,2.51,1.49,0.0,0.0,0.0,0.4,0.0,0.3,1.2000000000000002,1.5,-169.60000000000002,0.0,0.0,169.70000000000002,0.0,21.8,29.700000000000003,29.700000000000003,30.3,300.0,300.0,31.200000000000003,35.1,29.6,28.8,30.700000000000003,4.95,1.99,4.97,0.16,0.0,0.0,1027.0,8228.0,0.0,0.0,0.0,0.0,0.0,1.0,0.0,0.0,0.0,0.0,0.0,2.6,0.0,-1.1,0.0,0.0,16.0,25903.0
2026-07-30T19:00:15.135Z,184.618,184.632,0.0,7.4,0.0,0.0,0.0,0.0,0.0,0.0,0.0,0.0,1.0,0.0,0.0,0.0,9.0,4.0,0.0,0.0,0.0,0.0,0.0,0.0,0.0,0.0,1.0,12.0,1.0,12.2,5.0200000000000005,2.51,1.49,0.0,0.0,0.0,0.4,0.0,0.3,0.0,-0.1,-169.60000000000002,0.0,0.0,169.60000000000002,0.0,21.8,29.700000000000003,29.700000000000003,30.3,300.0,300.0,31.200000000000003,35.1,29.6,28.8,30.700000000000003,4.96,1.99,4.97,0.16,0.0,0.0,1027.0,8228.0,0.0,0.0,0.0,0.0,0.0,1.0,0.0,0.0,0.0,0.0,0.0,0.0,0.0,0.1,0.0,0.0,16.0,25903.0
2026-07-30T19:00:15.147Z,184.63,184.644,0.0,7.4,0.0,0.0,0.0,0.0,0.0,0.0,0.0,0.0,1.0,0.0,0.0,0.0,9.0,4.0,0.0,0.0,0.0,0.0,0.0,0.0,0.0,0.0,3.0,12.0,1.0,12.2,5.0200000000000005,2.51,1.49,0.0,0.0,0.0,0.4,0.0,-0.2,-1.0,-0.7000000000000001,-169.60000000000002,0.0,0.0,169.70000000000002,0.0,21.8,29.700000000000003,29.700000000000003,30.3,300.0,300.0,31.200000000000003,35.1,29.6,28.8,30.700000000000003,4.95,1.99,4.96,0.16,0.0,0.0,1027.0,8228.0,0.0,0.0,0.0,0.0,0.0,1.0,0.0,0.0,0.0,0.0,0.0,-1.7000000000000002,0.0,0.4,0.0,0.0,16.0,25903.0
2026-07-30T19:00:15.159Z,184.642,184.656,0.0,7.4,0.0,0.0,0.0,0.0,0.0,0.0,0.0,0.0,1.0,0.0,0.0,0.0,9.0,4.0,0.0,0.0,0.0,0.0,0.0,0.0,0.0,0.0,4.0,12.0,1.0,12.2,5.0200000000000005,2.51,1.49,0.0,0.0,0.0,0.4,0.0,-0.2,-1.1,0.9,-169.60000000000002,0.0,0.0,169.60000000000002,0.0,21.8,29.700000000000003,29.700000000000003,30.3,300.0,300.0,31.200000000000003,35.1,29.6,28.8,30.700000000000003,4.95,1.99,4.97,0.16,0.0,0.0,1027.0,8228.0,0.0,0.0,0.0,0.0,0.0,1.0,0.0,0.0,0.0,0.0,0.0,-0.5,0.0,-1.0,0.0,0.0001,16.0,25903.0
2026-07-30T19:00:15.171Z,184.654,184.668,0.0,7.4,0.0,0.0,0.0,0.0,0.0,0.0,0.0,0.0,1.0,0.0,0.0,0.0,9.0,4.0,0.0,0.0,0.0,0.0,0.0,0.0,0.0,0.0,6.0,12.0,1.0,12.2,5.0200000000000005,2.51,1.49,0.0,0.0,0.0,0.4,0.0,-0.2,0.0,-0.2,-169.60000000000002,0.0,0.0,169.60000000000002,0.0,21.8,29.700000000000003,29.700000000000003,30.3,300.0,300.0,31.200000000000003,35.1,29.6,28.8,30.700000000000003,4.95,2.0,4.96,0.16,0.0,0.0,1027.0,8228.0,0.0,0.0,0.0,0.0,0.0,1.0,0.0,0.0,0.0,0.0,0.0,-0.1,0.0,0.2,0.0,0.0,16.0,25903.0
2026-07-30T19:00:15.183Z,184.666,184.68,0.0,7.4,0.0,0.0,0.0,0.0,0.0,0.0,0.0,0.0,1.0,0.0,0.0,0.0,9.0,4.0,0.0,0.0,0.0,0.0,0.0,0.0,0.0,0.0,1.0,12.0,1.0,12.2,5.0200000000000005,2.51,1.49,0.0,0.1,0.0,0.4,0.0,0.3,-0.5,-1.3,-169.60000000000002,0.0,0.0,169.70000000000002,0.0,21.8,29.700000000000003,29.700000000000003,30.3,300.0,300.0,31.200000000000003,35.1,29.6,28.8,30.700000000000003,4.95,1.99,4.96,0.16,0.0,0.0,1027.0,8228.0,0.0,0.0,0.0,0.0,0.0,1.0,0.0,0.0,0.0,0.0,0.0,-1.6,0.0,1.1,0.0,0.0,16.0,25903.0
2026-07-30T19:00:15.195Z,184.678,184.692,0.0,7.4,0.0,0.0,0.0,0.0,0.0,0.0,0.0,0.0,1.0,0.0,0.0,0.0,9.0,4.0,0.0,0.0,0.0,0.0,0.0,0.0,0.0,0.0,3.0,12.0,1.0,12.2,5.0200000000000005,2.51,1.49,0.0,0.1,0.0,0.4,0.0,-0.8,-0.5,-0.2,-169.60000000000002,0.0,0.0,169.60000000000002,0.0,21.8,29.700000000000003,29.700000000000003,30.3,300.0,300.0,31.200000000000003,35.1,29.6,28.8,30.700000000000003,4.95,1.99,4.97,0.16,0.0,0.0,1027.0,8228.0,0.0,0.0,0.0,0.0,0.0,1.0,0.0,0.0,0.0,0.0,0.0,-0.7000000000000001,0.0,0.0,0.0,0.0,16.0,25903.0
2026-07-30T19:00:15.207Z,184.69,184.704,0.0,7.4,0.0,0.0,0.0,0.0,0.0,0.0,0.0,0.0,1.0,0.0,0.0,0.0,9.0,4.0,0.0,0.0,0.0,0.0,0.0,0.0,0.0,0.0,4.0,12.0,1.0,12.2,5.0200000000000005,2.51,1.49,-0.1,0.1,0.0,0.4,0.0,0.3,-1.0,-1.3,-169.60000000000002,0.0,0.0,169.60000000000002,0.0,21.8,29.700000000000003,29.700000000000003,30.3,300.0,300.0,31.200000000000003,35.1,29.6,28.8,30.700000000000003,4.95,1.99,4.97,0.16,0.0,0.0,1027.0,8228.0,0.0,0.0,0.0,0.0,0.0,1.0,0.0,0.0,0.0,0.0,0.0,-2.2,0.0,0.9,0.0,0.0,16.0,25903.0
2026-07-30T19:00:15.220Z,184.703,184.716,0.0,7.4,0.0,0.0,0.0,0.0,0.0,0.0,0.0,0.0,1.0,0.0,0.0,0.0,9.0,4.0,0.0,0.0,0.0,0.0,0.0,0.0,0.0,0.0,6.0,12.0,1.0,12.17,5.0200000000000005,2.51,1.49,0.0,0.0,0.0,0.4,0.0,-0.2,1.8,0.9,-169.60000000000002,0.0,0.0,169.60000000000002,0.0,21.8,29.700000000000003,29.700000000000003,30.3,300.0,300.0,31.1,35.1,29.6,28.8,30.700000000000003,4.95,2.0,4.96,0.16,0.0,0.0,1027.0,8228.0,0.0,0.0,0.0,0.0,0.0,1.0,0.0,0.0,0.0,0.0,0.0,2.8000000000000003,0.0,-0.4,0.0,0.0,16.0,25903.0
2026-07-30T19:00:15.231Z,184.714,184.728,0.0,7.4,0.0,0.0,0.0,0.0,0.0,0.0,0.0,0.0,1.0,0.0,0.0,0.0,9.0,4.0,0.0,0.0,0.0,0.0,0.0,0.0,0.0,0.0,1.0,12.0,1.0,12.17,5.0200000000000005,2.51,1.49,0.0,0.0,0.0,0.4,0.0,0.3,0.1,-1.4,-169.60000000000002,0.0,0.0,169.60000000000002,0.0,21.8,29.700000000000003,29.700000000000003,30.3,300.0,300.0,31.1,35.1,29.6,28.8,30.700000000000003,4.96,1.99,4.96,0.16,0.0,0.0,1027.0,8228.0,0.0,0.0,0.0,0.0,0.0,1.0,0.0,0.0,0.0,0.0,0.0,-0.9,0.0,1.2000000000000002,0.0,0.0,16.0,25903.0
2026-07-30T19:00:15.243Z,184.726,184.74,0.0,7.4,0.0,0.0,0.0,0.0,0.0,0.0,0.0,0.0,1.0,0.0,0.0,0.0,9.0,4.0,0.0,0.0,0.0,0.0,0.0,0.0,0.0,0.0,3.0,12.0,1.0,12.17,5.0200000000000005,2.51,1.49,0.0,0.1,0.0,0.4,0.0,0.3,1.3,1.0,-169.60000000000002,0.0,0.0,169.60000000000002,0.0,21.8,29.700000000000003,29.700000000000003,30.3,300.0,300.0,31.1,35.1,29.6,28.8,30.700000000000003,4.95,1.99,4.97,0.16,0.0,0.0,1027.0,8228.0,0.0,0.0,0.0,0.0,0.0,1.0,0.0,0.0,0.0,0.0,0.0,2.2,0.0,-0.6000000000000001,0.0,0.0,16.0,25903.0
2026-07-30T19:00:15.255Z,184.738,184.752,0.0,7.4,0.0,0.0,0.0,0.0,0.0,0.0,0.0,0.0,1.0,0.0,0.0,0.0,9.0,4.0,0.0,0.0,0.0,0.0,0.0,0.0,0.0,0.0,4.0,12.0,1.0,12.17,5.0200000000000005,2.51,1.49,0.0,0.0,0.0,0.4,0.0,-0.2,0.7000000000000001,1.6,-169.60000000000002,0.0,0.0,169.8,0.0,21.8,29.700000000000003,29.700000000000003,30.3,300.0,300.0,31.1,35.1,29.6,28.8,30.700000000000003,4.96,1.99,4.97,0.16,0.0,0.0,1027.0,8228.0,0.0,0.0,0.0,0.0,0.0,1.0,0.0,0.0,0.0,0.0,0.0,2.1,0.0,-1.2000000000000002,0.0,0.0,16.0,25903.0
2026-07-30T19:00:15.267Z,184.75,184.764,0.0,7.4,0.0,0.0,0.0,0.0,0.0,0.0,0.0,0.0,1.0,0.0,0.0,0.0,9.0,4.0,0.0,0.0,0.0,0.0,0.0,0.0,0.0,0.0,6.0,12.0,1.0,12.17,5.0200000000000005,2.51,1.49,0.0,0.1,0.0,0.5,0.0,0.8,0.1,-1.2000000000000002,-169.60000000000002,0.0,0.0,169.60000000000002,0.0,21.8,29.700000000000003,29.700000000000003,30.3,300.0,300.0,31.1,35.1,29.6,28.8,30.700000000000003,4.96,1.99,4.97,0.16,0.0,0.0,1027.0,8228.0,0.0,0.0,0.0,0.0,0.0,1.0,0.0,0.0,0.0,0.0,0.0,-0.7000000000000001,0.0,1.1,0.0,0.0001,16.0,25903.0
2026-07-30T19:00:15.279Z,184.762,184.776,0.0,7.4,0.0,0.0,0.0,0.0,0.0,0.0,0.0,0.0,1.0,0.0,0.0,0.0,9.0,4.0,0.0,0.0,0.0,0.0,0.0,0.0,0.0,0.0,1.0,12.0,1.0,12.17,5.0200000000000005,2.51,1.49,0.0,0.1,0.0,0.4,0.0,-0.2,0.8,0.4,-169.60000000000002,0.0,0.0,169.60000000000002,0.0,21.8,29.700000000000003,29.700000000000003,30.3,300.0,300.0,31.1,35.1,29.6,28.8,30.700000000000003,4.96,1.99,4.97,0.16,0.0,0.0,1027.0,8228.0,0.0,0.0,0.0,0.0,0.0,1.0,0.0,0.0,0.0,0.0,0.0,1.2000000000000002,0.0,-0.2,0.0,0.0001,16.0,25903.0
2026-07-30T19:00:15.297Z,184.78,184.788,0.0,7.4,0.0,0.0,0.0,0.0,0.0,0.0,0.0,0.0,1.0,0.0,0.0,0.0,9.0,4.0,0.0,0.0,0.0,0.0,0.0,0.0,0.0,0.0,1.0,12.0,1.0,12.17,5.0200000000000005,2.51,1.49,0.0,0.0,0.0,0.5,0.0,-0.2,-0.3,0.3,-169.60000000000002,0.0,0.0,169.60000000000002,0.0,21.8,29.700000000000003,29.700000000000003,30.3,300.0,300.0,31.1,35.1,29.6,28.8,30.700000000000003,4.95,1.99,4.96,0.16,0.0,0.0,1027.0,8228.0,0.0,0.0,0.0,0.0,0.0,1.0,0.0,0.0,0.0,0.0,0.0,0.0,0.0,-0.4,0.0,0.0,16.0,25903.0
2026-07-30T19:00:15.303Z,184.786,184.8,0.0,7.4,0.0,0.0,0.0,0.0,0.0,0.0,0.0,0.0,1.0,0.0,0.0,0.0,9.0,4.0,0.0,0.0,0.0,0.0,0.0,0.0,0.0,0.0,5.0,12.0,1.0,12.17,5.0200000000000005,2.51,1.49,0.0,0.0,0.0,0.4,0.0,-0.8,-1.5,-1.3,-169.60000000000002,0.0,0.0,169.60000000000002,0.0,21.8,29.700000000000003,29.700000000000003,30.3,300.0,300.0,31.1,35.1,29.6,28.8,30.700000000000003,4.96,1.99,4.97,0.16,0.0,0.0,1027.0,8228.0,0.0,0.0,0.0,0.0,0.0,1.0,0.0,0.0,0.0,0.0,0.0,-2.7,0.0,0.8,0.0,0.0,16.0,25903.0
2026-07-30T19:00:15.315Z,184.798,184.812,0.0,7.4,0.0,0.0,0.0,0.0,0.0,0.0,0.0,0.0,1.0,0.0,0.0,0.0,9.0,4.0,0.0,0.0,0.0,0.0,0.0,0.0,0.0,0.0,1.0,12.0,1.0,12.17,5.0200000000000005,2.51,1.49,0.0,0.0,0.0,0.4,0.0,-0.2,0.2,0.4,-169.60000000000002,0.0,0.0,169.70000000000002,0.0,21.8,29.700000000000003,29.700000000000003,30.3,300.0,300.0,31.1,35.1,29.6,28.8,30.700000000000003,4.96,1.99,4.97,0.16,0.0,0.0,1027.0,8228.0,0.0,0.0,0.0,0.0,0.0,1.0,0.0,0.0,0.0,0.0,0.0,0.5,0.0,-0.3,0.0,0.0,16.0,25903.0
2026-07-30T19:00:15.327Z,184.81,184.824,0.0,7.4,0.0,0.0,0.0,0.0,0.0,0.0,0.0,0.0,1.0,0.0,0.0,0.0,9.0,4.0,0.0,0.0,0.0,0.0,0.0,0.0,0.0,0.0,3.0,12.0,1.0,12.17,5.0200000000000005,2.51,1.5,0.0,0.0,0.0,0.4,0.0,-0.3,0.8,-0.1,-169.60000000000002,0.0,0.0,169.70000000000002,0.0,21.4,29.700000000000003,29.700000000000003,30.3,300.0,300.0,31.1,35.1,29.6,28.8,30.700000000000003,4.95,1.99,4.97,0.16,0.0,0.0,1027.0,8228.0,0.0,0.0,0.0,0.0,0.0,1.0,0.0,0.0,0.0,0.0,0.0,0.8,0.0,0.2,0.0,0.0,16.0,25903.0
2026-07-30T19:00:15.339Z,184.822,184.836,0.0,7.4,0.0,0.0,0.0,0.0,0.0,0.0,0.0,0.0,1.0,0.0,0.0,0.0,9.0,4.0,0.0,0.0,0.0,0.0,0.0,0.0,0.0,0.0,4.0,12.0,1.0,12.17,5.0200000000000005,2.51,1.5,0.0,0.0,0.0,0.4,0.0,0.3,0.2,1.5,-169.60000000000002,0.0,0.0,169.60000000000002,0.0,21.4,29.700000000000003,29.700000000000003,30.3,300.0,300.0,31.1,35.1,29.6,28.8,30.700000000000003,4.96,1.99,4.96,0.16,0.0,0.0,1027.0,8228.0,0.0,0.0,0.0,0.0,0.0,1.0,0.0,0.0,0.0,0.0,0.0,1.4,0.0,-1.3,0.0,0.0001,16.0,25903.0
2026-07-30T19:00:15.351Z,184.834,184.848,0.0,7.4,0.0,0.0,0.0,0.0,0.0,0.0,0.0,0.0,1.0,0.0,0.0,0.0,9.0,4.0,0.0,0.0,0.0,0.0,0.0,0.0,0.0,0.0,5.0,12.0,1.0,12.17,5.0200000000000005,2.51,1.5,0.0,0.1,0.0,0.4,0.0,-0.8,-1.5,-0.6000000000000001,-169.60000000000002,0.0,0.0,169.60000000000002,0.0,21.4,29.700000000000003,29.700000000000003,30.3,300.0,300.0,31.1,35.1,29.6,28.8,30.700000000000003,4.96,2.0,4.96,0.16,0.0,0.0,1027.0,8228.0,0.0,0.0,0.0,0.0,0.0,1.0,0.0,0.0,0.0,0.0,0.0,-2.2,0.0,0.2,0.0,0.0001,16.0,25903.0
2026-07-30T19:00:15.363Z,184.846,184.86,0.0,7.4,0.0,0.0,0.0,0.0,0.0,0.0,0.0,0.0,1.0,0.0,0.0,0.0,9.0,4.0,0.0,0.0,0.0,0.0,0.0,0.0,0.0,0.0,1.0,12.0,1.0,12.17,5.0200000000000005,2.51,1.5,0.0,0.0,0.0,0.4,0.0,0.3,1.3,-0.1,-169.60000000000002,0.0,0.0,169.60000000000002,0.0,21.4,29.700000000000003,29.700000000000003,30.3,300.0,300.0,31.1,35.1,29.6,28.8,30.700000000000003,4.96,1.99,4.97,0.16,0.0,0.0,1027.0,8228.0,0.0,0.0,0.0,0.0,0.0,1.0,0.0,0.0,0.0,0.0,0.0,1.4,0.0,0.3,0.0,0.0,16.0,25903.0
2026-07-30T19:00:15.375Z,184.858,184.872,0.0,7.4,0.0,0.0,0.0,0.0,0.0,0.0,0.0,0.0,1.0,0.0,0.0,0.0,9.0,4.0,0.0,0.0,0.0,0.0,0.0,0.0,0.0,0.0,1.0,12.0,1.0,12.17,5.0200000000000005,2.51,1.5,0.0,0.0,0.0,0.4,0.0,0.3,0.8,1.0,-169.60000000000002,0.0,0.0,169.70000000000002,0.0,21.4,29.700000000000003,29.700000000000003,30.3,300.0,300.0,31.1,35.1,29.6,28.8,30.700000000000003,4.95,2.0,4.97,0.16,0.0,0.0,1027.0,8228.0,0.0,0.0,0.0,0.0,0.0,1.0,0.0,0.0,0.0,0.0,0.0,1.7000000000000002,0.0,-0.7000000000000001,0.0,0.0,16.0,25903.0
2026-07-30T19:00:15.387Z,184.87,184.884,0.0,7.4,0.0,0.0,0.0,0.0,0.0,0.0,0.0,0.0,1.0,0.0,0.0,0.0,9.0,4.0,0.0,0.0,0.0,0.0,0.0,0.0,0.0,0.0,2.0,12.0,1.0,12.17,5.0200000000000005,2.51,1.5,0.0,0.0,0.0,0.4,0.0,-0.2,-0.3,0.0,-169.60000000000002,0.0,0.0,169.60000000000002,0.0,21.4,29.700000000000003,29.700000000000003,30.3,300.0,300.0,31.1,35.1,29.6,28.8,30.700000000000003,4.96,2.0,4.96,0.16,0.0,0.0,1027.0,8228.0,0.0,0.0,0.0,0.0,0.0,1.0,0.0,0.0,0.0,0.0,0.0,-0.4,0.0,0.0,0.0,0.0,16.0,25903.0
2026-07-30T19:00:15.399Z,184.882,184.896,0.0,7.4,0.0,0.0,0.0,0.0,0.0,0.0,0.0,0.0,1.0,0.0,0.0,0.0,9.0,4.0,0.0,0.0,0.0,0.0,0.0,0.0,0.0,0.0,4.0,12.0,1.0,12.17,5.0200000000000005,2.51,1.5,0.0,0.0,0.0,0.4,0.0,0.3,-0.9,0.5,-169.60000000000002,0.0,0.0,169.60000000000002,0.0,21.4,29.700000000000003,29.700000000000003,30.3,300.0,300.0,31.1,35.1,29.6,28.8,30.700000000000003,4.95,1.99,4.97,0.16,0.0,0.0,1027.0,8228.0,0.0,0.0,0.0,0.0,0.0,1.0,0.0,0.0,0.0,0.0,0.0,-0.6000000000000001,0.0,-0.6000000000000001,0.0,0.0,16.0,25903.0
2026-07-30T19:00:15.411Z,184.894,184.908,0.0,7.4,0.0,0.0,0.0,0.0,0.0,0.0,0.0,0.0,1.0,0.0,0.0,0.0,9.0,4.0,0.0,0.0,0.0,0.0,0.0,0.0,0.0,0.0,5.0,12.0,1.0,12.17,5.0200000000000005,2.51,1.5,0.0,0.0,0.0,0.4,0.0,0.3,0.2,-0.6000000000000001,-169.60000000000002,0.0,0.0,169.70000000000002,0.0,21.4,29.700000000000003,29.700000000000003,30.3,300.0,300.0,31.1,35.1,29.6,28.8,30.700000000000003,4.95,1.99,4.97,0.16,0.0,0.0,1027.0,8228.0,0.0,0.0,0.0,0.0,0.0,1.0,0.0,0.0,0.0,0.0,0.0,1.0,0.0,-0.9,0.0,0.0,16.0,25903.0
2026-07-30T19:00:15.424Z,184.907,184.92,0.0,7.4,0.0,0.0,0.0,0.0,0.0,0.0,0.0,0.0,1.0,0.0,0.0,0.0,9.0,4.0,0.0,0.0,0.0,0.0,0.0,0.0,0.0,0.0,6.0,12.0,1.0,12.17,5.01,2.51,1.49,0.0,0.0,0.0,0.4,0.0,-0.2,1.3,-0.6000000000000001,-169.60000000000002,0.0,0.0,169.60000000000002,0.0,21.700000000000003,29.700000000000003,29.700000000000003,30.3,300.0,300.0,31.200000000000003,35.2,29.5,28.8,30.700000000000003,4.96,1.99,4.97,0.16,0.0,0.0,1027.0,8228.0,0.0,0.0,0.0,0.0,0.0,1.0,0.0,0.0,0.0,0.0,0.0,1.0,0.0,0.8,0.0,0.0,16.0,25903.0
2026-07-30T19:00:15.435Z,184.918,184.932,0.0,7.4,0.0,0.0,0.0,0.0,0.0,0.0,0.0,0.0,1.0,0.0,0.0,0.0,9.0,4.0,0.0,0.0,0.0,0.0,0.0,0.0,0.0,0.0,1.0,12.0,1.0,12.17,5.01,2.51,1.49,0.0,0.0,0.0,0.4,0.0,0.3,0.1,-0.1,-169.60000000000002,0.0,0.0,169.60000000000002,0.0,21.700000000000003,29.700000000000003,29.700000000000003,30.3,300.0,300.0,31.200000000000003,35.2,29.5,28.8,30.700000000000003,4.95,1.99,4.96,0.16,0.0,0.0,1027.0,8228.0,0.0,0.0,0.0,0.0,0.0,1.0,0.0,0.0,0.0,0.0,0.0,0.0,0.0,0.1,0.0,0.0,16.0,25903.0
2026-07-30T19:00:15.447Z,184.93,184.944,0.0,7.4,0.0,0.0,0.0,0.0,0.0,0.0,0.0,0.0,1.0,0.0,0.0,0.0,9.0,4.0,0.0,0.0,0.0,0.0,0.0,0.0,0.0,0.0,2.0,12.0,1.0,12.17,5.01,2.51,1.49,0.0,0.0,0.0,0.4,0.0,0.3,0.1,0.5,-169.60000000000002,0.0,0.0,169.60000000000002,0.0,21.700000000000003,29.700000000000003,29.700000000000003,30.3,300.0,300.0,31.200000000000003,35.2,29.5,28.8,30.700000000000003,4.95,1.99,4.97,0.16,0.0,0.0,1027.0,8228.0,0.0,0.0,0.0,0.0,0.0,1.0,0.0,0.0,0.0,0.0,0.0,0.5,0.0,-0.4,0.0,0.0,16.0,25903.0
2026-07-30T19:00:15.459Z,184.942,184.956,0.0,7.4,0.0,0.0,0.0,0.0,0.0,0.0,0.0,0.0,1.0,0.0,0.0,0.0,9.0,4.0,0.0,0.0,0.0,0.0,0.0,0.0,0.0,0.0,3.0,12.0,1.0,12.17,5.01,2.51,1.49,0.0,0.0,0.0,0.4,0.0,-0.8,0.7000000000000001,0.0,-169.60000000000002,0.0,0.0,169.60000000000002,0.0,21.700000000000003,29.700000000000003,29.700000000000003,30.3,300.0,300.0,31.200000000000003,35.2,29.5,28.8,30.700000000000003,4.95,1.99,4.96,0.16,0.0,0.0,1027.0,8228.0,0.0,0.0,0.0,0.0,0.0,1.0,0.0,0.0,0.0,0.0,0.0,1.8,0.0,-0.1,0.0,0.0,16.0,25903.0
2026-07-30T19:00:15.471Z,184.954,184.968,0.0,7.4,0.0,0.0,0.0,0.0,0.0,0.0,0.0,0.0,1.0,0.0,0.0,0.0,9.0,4.0,0.0,0.0,0.0,0.0,0.0,0.0,0.0,0.0,5.0,12.0,1.0,12.17,5.01,2.51,1.49,0.0,0.0,0.0,0.5,0.0,-0.2,0.7000000000000001,0.0,-169.60000000000002,0.0,0.0,169.8,0.0,21.700000000000003,29.700000000000003,29.700000000000003,30.3,300.0,300.0,31.200000000000003,35.2,29.5,28.8,30.700000000000003,4.96,1.99,4.96,0.16,0.0,0.0,1027.0,8228.0,0.0,0.0,0.0,0.0,0.0,1.0,0.0,0.0,0.0,0.0,0.0,2.2,0.0,-0.7000000000000001,0.0,0.0,16.0,25903.0
2026-07-30T19:00:15.483Z,184.966,184.98,0.0,7.4,0.0,0.0,0.0,0.0,0.0,0.0,0.0,0.0,1.0,0.0,0.0,0.0,9.0,4.0,0.0,0.0,0.0,0.0,0.0,0.0,0.0,0.0,6.0,12.0,1.0,12.17,5.01,2.51,1.49,0.0,0.0,0.0,0.4,0.0,-0.2,-0.4,0.4,-169.60000000000002,0.0,0.0,169.70000000000002,0.0,21.700000000000003,29.700000000000003,29.700000000000003,30.3,300.0,300.0,31.200000000000003,35.2,29.5,28.8,30.700000000000003,4.95,1.99,4.97,0.16,0.0,0.0,1027.0,8228.0,0.0,0.0,0.0,0.0,0.0,1.0,0.0,0.0,0.0,0.0,0.0,-0.6000000000000001,0.0,0.0,0.0,0.0003,16.0,25903.0
2026-07-30T19:00:15.495Z,184.978,184.992,0.0,7.4,0.0,0.0,0.0,0.0,0.0,0.0,0.0,0.0,1.0,0.0,0.0,0.0,9.0,4.0,0.0,0.0,0.0,0.0,0.0,0.0,0.0,0.0,1.0,12.0,1.0,12.17,5.01,2.51,1.49,0.0,0.0,0.0,0.4,0.0,0.2,-0.5,1.0,-169.60000000000002,0.0,0.0,169.60000000000002,0.0,21.700000000000003,29.700000000000003,29.700000000000003,30.3,300.0,300.0,31.200000000000003,35.2,29.5,28.8,30.700000000000003,4.96,1.99,4.96,0.16,0.0,0.0,1027.0,8228.0,0.0,0.0,0.0,0.0,0.0,1.0,0.0,0.0,0.0,0.0,0.0,0.3,0.0,-0.3,0.0,0.0001,16.0,25903.0
2026-07-30T19:00:15.507Z,184.99,185.004,0.0,7.4,0.0,0.0,0.0,0.0,0.0,0.0,0.0,0.0,1.0,0.0,0.0,0.0,9.0,4.0,0.0,0.0,0.0,0.0,0.0,0.0,0.0,0.0,2.0,12.0,1.0,12.17,5.01,2.51,1.49,0.0,0.0,0.0,0.4,0.0,-0.3,0.5,-1.3,-169.60000000000002,0.0,0.0,169.60000000000002,0.0,21.700000000000003,29.700000000000003,29.700000000000003,30.3,300.0,300.0,31.200000000000003,35.2,29.5,28.8,30.700000000000003,4.96,2.0,4.96,0.16,0.0,0.0,1027.0,8228.0,0.0,0.0,0.0,0.0,0.0,1.0,0.0,0.0,0.0,0.0,0.0,-0.3,0.0,1.2000000000000002,0.0,0.0,16.0,25903.0
2026-07-30T19:00:15.519Z,185.002,185.016,0.0,7.4,0.0,0.0,0.0,0.0,0.0,0.0,0.0,0.0,1.0,0.0,0.0,0.0,9.0,4.0,0.0,0.0,0.0,0.0,0.0,0.0,0.0,0.0,3.0,12.0,1.0,12.17,5.01,2.51,1.49,0.0,0.0,0.0,0.4,0.0,0.2,0.0,1.0,-169.60000000000002,0.0,0.0,169.60000000000002,0.0,21.700000000000003,29.700000000000003,29.700000000000003,30.3,300.0,300.0,31.200000000000003,35.2,29.5,28.8,30.700000000000003,4.95,1.99,4.96,0.16,0.0,0.0,1027.0,8228.0,0.0,0.0,0.0,0.0,0.0,1.0,0.0,0.0,0.0,0.0,0.0,0.8,0.0,-0.9,0.0,0.0,16.0,25903.0
2026-07-30T19:00:15.531Z,185.014,185.028,0.0,7.4,0.0,0.0,0.0,0.0,0.0,0.0,0.0,0.0,1.0,0.0,0.0,0.0,9.0,4.0,0.0,0.0,0.0,0.0,0.0,0.0,0.0,0.0,4.0,12.0,1.0,12.17,5.0200000000000005,2.51,1.49,0.0,0.0,0.0,0.4,0.0,0.8,0.0,0.4,-169.60000000000002,0.0,0.0,169.60000000000002,0.0,21.700000000000003,29.700000000000003,29.700000000000003,30.3,300.0,300.0,31.1,35.1,29.6,28.8,30.700000000000003,4.95,1.99,4.97,0.16,0.0,0.0,1027.0,8228.0,0.0,0.0,0.0,0.0,0.0,1.0,0.0,0.0,0.0,0.0,0.0,0.3,0.0,-0.4,0.0,0.0,16.0,25903.0
2026-07-30T19:00:15.544Z,185.027,185.04,0.0,7.4,0.0,0.0,0.0,0.0,0.0,0.0,0.0,0.0,1.0,0.0,0.0,0.0,9.0,4.0,0.0,0.0,0.0,0.0,0.0,0.0,0.0,0.0,5.0,12.0,1.0,12.17,5.0200000000000005,2.51,1.49,0.0,0.0,0.0,0.4,0.0,-0.2,0.0,-0.1,-169.60000000000002,0.0,0.0,169.60000000000002,0.0,21.700000000000003,29.700000000000003,29.700000000000003,30.3,300.0,300.0,31.1,35.1,29.6,28.8,30.700000000000003,4.96,1.99,4.96,0.16,0.0,0.0,1027.0,8228.0,0.0,0.0,0.0,0.0,0.0,1.0,0.0,0.0,0.0,0.0,0.0,-0.1,0.0,0.1,0.0,0.0,16.0,25903.0
2026-07-30T19:00:15.555Z,185.038,185.052,0.0,7.4,0.0,0.0,0.0,0.0,0.0,0.0,0.0,0.0,1.0,0.0,0.0,0.0,9.0,4.0,0.0,0.0,0.0,0.0,0.0,0.0,0.0,0.0,6.0,12.0,1.0,12.17,5.0200000000000005,2.51,1.49,0.0,0.1,0.0,0.4,0.0,1.4,0.6000000000000001,1.0,-169.60000000000002,0.0,0.0,169.60000000000002,0.0,21.700000000000003,29.700000000000003,29.700000000000003,30.3,300.0,300.0,31.1,35.1,29.6,28.8,30.700000000000003,4.96,1.99,4.97,0.16,0.0,0.0,1027.0,8228.0,0.0,0.0,0.0,0.0,0.0,1.0,0.0,0.0,0.0,0.0,0.0,1.4,0.0,-0.7000000000000001,0.0,0.0,16.0,25903.0
2026-07-30T19:00:15.567Z,185.05,185.064,0.0,7.4,0.0,0.0,0.0,0.0,0.0,0.0,0.0,0.0,1.0,0.0,0.0,0.0,9.0,4.0,0.0,0.0,0.0,0.0,0.0,0.0,0.0,0.0,1.0,12.0,1.0,12.17,5.0200000000000005,2.51,1.49,0.0,0.0,0.0,0.5,0.0,0.3,0.6000000000000001,-0.1,-169.60000000000002,0.0,0.0,169.60000000000002,0.0,21.700000000000003,29.700000000000003,29.700000000000003,30.3,300.0,300.0,31.1,35.1,29.6,28.8,30.700000000000003,4.95,1.99,4.97,0.16,0.0,0.0,1027.0,8228.0,0.0,0.0,0.0,0.0,0.0,1.0,0.0,0.0,0.0,0.0,0.0,0.5,0.0,0.2,0.0,0.0,16.0,25903.0
2026-07-30T19:00:15.579Z,185.062,185.076,0.0,7.4,0.0,0.0,0.0,0.0,0.0,0.0,0.0,0.0,1.0,0.0,0.0,0.0,9.0,4.0,0.0,0.0,0.0,0.0,0.0,0.0,0.0,0.0,2.0,12.0,1.0,12.17,5.0200000000000005,2.51,1.49,0.0,0.0,0.0,0.4,0.0,-0.2,-0.5,-0.1,-169.60000000000002,0.0,0.0,169.60000000000002,0.0,21.700000000000003,29.700000000000003,29.700000000000003,30.3,300.0,300.0,31.1,35.1,29.6,28.8,30.700000000000003,4.96,1.99,4.97,0.16,0.0,0.0,1027.0,8228.0,0.0,0.0,0.0,0.0,0.0,1.0,0.0,0.0,0.0,0.0,0.0,-0.7000000000000001,0.0,0.0,0.0,0.0,16.0,25903.0
2026-07-30T19:00:15.591Z,185.074,185.088,0.0,7.4,0.0,0.0,0.0,0.0,0.0,0.0,0.0,0.0,1.0,0.0,0.0,0.0,9.0,4.0,0.0,0.0,0.0,0.0,0.0,0.0,0.0,0.0,3.0,12.0,1.0,12.17,5.0200000000000005,2.51,1.49,0.0,0.0,0.0,0.5,0.0,-0.8,-1.1,-1.3,-169.60000000000002,0.0,0.0,169.60000000000002,0.0,21.700000000000003,29.700000000000003,29.700000000000003,30.3,300.0,300.0,31.1,35.1,29.6,28.8,30.700000000000003,4.96,1.99,4.97,0.16,0.0,0.0,1027.0,8228.0,0.0,0.0,0.0,0.0,0.0,1.0,0.0,0.0,0.0,0.0,0.0,-2.2,0.0,0.9,0.0,0.0,16.0,25903.0
2026-07-30T19:00:15.613Z,185.096,185.1,0.0,7.4,0.0,0.0,0.0,0.0,0.0,0.0,0.0,0.0,1.0,0.0,0.0,0.0,9.0,4.0,0.0,0.0,0.0,0.0,0.0,0.0,0.0,0.0,5.0,12.0,1.0,12.17,5.0200000000000005,2.51,1.49,0.0,0.0,0.0,0.5,0.0,-0.8,-0.5,-1.3,-169.60000000000002,0.0,0.0,169.60000000000002,0.0,21.700000000000003,29.700000000000003,29.700000000000003,30.3,300.0,300.0,31.1,35.1,29.6,28.8,30.700000000000003,4.96,1.99,4.97,0.16,0.0,0.0,1027.0,8228.0,0.0,0.0,0.0,0.0,0.0,1.0,0.0,0.0,0.0,0.0,0.0,-1.6,0.0,1.0,0.0,0.0,16.0,25903.0
2026-07-30T19:00:15.617Z,185.1,185.112,0.0,7.4,0.0,0.0,0.0,0.0,0.0,0.0,0.0,0.0,1.0,0.0,0.0,0.0,9.0,4.0,0.0,0.0,0.0,0.0,0.0,0.0,0.0,0.0,3.0,12.0,1.0,12.17,5.0200000000000005,2.51,1.49,0.0,0.0,0.0,0.4,0.0,0.3,0.0,0.4,-169.60000000000002,0.0,0.0,169.60000000000002,0.0,21.700000000000003,29.700000000000003,29.700000000000003,30.3,300.0,300.0,31.1,35.1,29.6,28.8,30.700000000000003,4.96,1.99,4.97,0.16,0.0,0.0,1027.0,8228.0,0.0,0.0,0.0,0.0,0.0,1.0,0.0,0.0,0.0,0.0,0.0,0.3,0.0,-0.3,0.0,0.0,16.0,25903.0
2026-07-30T19:00:15.629Z,185.112,185.124,0.0,7.4,0.0,0.0,0.0,0.0,0.0,0.0,0.0,0.0,1.0,0.0,0.0,0.0,9.0,4.0,0.0,0.0,0.0,0.0,0.0,0.0,0.0,0.0,1.0,12.0,1.0,12.18,5.0200000000000005,2.5,1.49,0.0,0.0,0.0,0.5,0.0,0.8,-0.5,1.0,-169.60000000000002,0.0,0.0,169.60000000000002,0.0,21.700000000000003,29.700000000000003,29.700000000000003,30.3,300.0,300.0,31.200000000000003,35.2,29.6,28.8,30.700000000000003,4.95,1.99,4.96,0.16,0.0,0.0,1027.0,8228.0,0.0,0.0,0.0,0.0,0.0,1.0,0.0,0.0,0.0,0.0,0.0,0.1,0.0,-1.0,0.0,0.0,16.0,25903.0
2026-07-30T19:00:15.640Z,185.123,185.136,0.0,7.4,0.0,0.0,0.0,0.0,0.0,0.0,0.0,0.0,1.0,0.0,0.0,0.0,9.0,4.0,0.0,0.0,0.0,0.0,0.0,0.0,0.0,0.0,3.0,12.0,1.0,12.18,5.0200000000000005,2.5,1.49,0.0,0.0,0.0,0.4,0.0,-0.2,0.0,-0.7000000000000001,-169.60000000000002,0.0,0.0,169.60000000000002,0.0,21.700000000000003,29.700000000000003,29.700000000000003,30.3,300.0,300.0,31.200000000000003,35.2,29.6,28.8,30.700000000000003,4.95,1.99,4.97,0.16,0.0,0.0,1027.0,8228.0,0.0,0.0,0.0,0.0,0.0,1.0,0.0,0.0,0.0,0.0,0.0,-0.5,0.0,0.6000000000000001,0.0,0.0,16.0,25903.0
2026-07-30T19:00:15.651Z,185.134,185.148,0.0,7.4,0.0,0.0,0.0,0.0,0.0,0.0,0.0,0.0,1.0,0.0,0.0,0.0,9.0,4.0,0.0,0.0,0.0,0.0,0.0,0.0,0.0,0.0,4.0,12.0,1.0,12.18,5.0200000000000005,2.5,1.49,0.0,0.0,0.0,0.5,0.0,-0.2,0.0,-1.2000000000000002,-169.60000000000002,0.0,0.0,169.70000000000002,0.0,21.700000000000003,29.700000000000003,29.700000000000003,30.3,300.0,300.0,31.200000000000003,35.2,29.6,28.8,30.700000000000003,4.95,2.0,4.97,0.17,0.0,0.0,1027.0,8228.0,0.0,0.0,0.0,0.0,0.0,1.0,0.0,0.0,0.0,0.0,0.0,-0.8,0.0,1.1,0.0,0.0,16.0,25903.0
2026-07-30T19:00:15.663Z,185.146,185.16,0.0,7.4,0.0,0.0,0.0,0.0,0.0,0.0,0.0,0.0,1.0,0.0,0.0,0.0,9.0,4.0,0.0,0.0,0.0,0.0,0.0,0.0,0.0,0.0,6.0,12.0,1.0,12.18,5.0200000000000005,2.5,1.49,0.0,0.1,0.0,0.4,0.0,0.9,0.6000000000000001,-1.3,-169.60000000000002,0.0,0.0,169.60000000000002,0.0,21.700000000000003,29.700000000000003,29.700000000000003,30.3,300.0,300.0,31.200000000000003,35.2,29.6,28.8,30.700000000000003,4.96,2.0,4.97,0.16,0.0,0.0,1027.0,8228.0,0.0,0.0,0.0,0.0,0.0,1.0,0.0,0.0,0.0,0.0,0.0,-0.2,0.0,1.2000000000000002,0.0,0.0,16.0,25903.0
2026-07-30T19:00:15.675Z,185.158,185.172,0.0,7.4,0.0,0.0,0.0,0.0,0.0,0.0,0.0,0.0,1.0,0.0,0.0,0.0,9.0,4.0,0.0,0.0,0.0,0.0,0.0,0.0,0.0,0.0,5.0,12.0,1.0,12.18,5.0200000000000005,2.5,1.49,0.0,0.0,0.0,0.5,0.0,-0.7000000000000001,-0.5,-1.3,-169.60000000000002,0.0,0.0,169.70000000000002,0.0,21.700000000000003,29.700000000000003,29.700000000000003,30.3,300.0,300.0,31.200000000000003,35.2,29.6,28.8,30.700000000000003,4.95,2.0,4.96,0.16,0.0,0.0,1027.0,8228.0,0.0,0.0,0.0,0.0,0.0,1.0,0.0,0.0,0.0,0.0,0.0,-1.5,0.0,1.0,0.0,0.0,16.0,25903.0
2026-07-30T19:00:15.687Z,185.17,185.184,0.0,7.4,0.0,0.0,0.0,0.0,0.0,0.0,0.0,0.0,1.0,0.0,0.0,0.0,9.0,4.0,0.0,0.0,0.0,0.0,0.0,0.0,0.0,0.0,1.0,12.0,1.0,12.18,5.0200000000000005,2.5,1.49,0.0,0.0,0.0,0.4,0.0,-0.1,0.6000000000000001,0.4,-169.60000000000002,0.0,0.0,169.70000000000002,0.0,21.700000000000003,29.700000000000003,29.700000000000003,30.3,300.0,300.0,31.200000000000003,35.2,29.6,28.8,30.700000000000003,4.95,1.99,4.97,0.16,0.0,0.0,1027.0,8228.0,0.0,0.0,0.0,0.0,0.0,1.0,0.0,0.0,0.0,0.0,0.0,1.0,0.0,-0.2,0.0,0.0,16.0,25903.0
2026-07-30T19:00:15.700Z,185.183,185.196,0.0,7.4,0.0,0.0,0.0,0.0,0.0,0.0,0.0,0.0,1.0,0.0,0.0,0.0,9.0,4.0,0.0,0.0,0.0,0.0,0.0,0.0,0.0,0.0,1.0,12.0,1.0,12.18,5.0200000000000005,2.5,1.49,0.0,0.0,0.0,0.4,0.0,-0.1,0.0,0.4,-169.60000000000002,0.0,0.0,169.60000000000002,0.0,21.700000000000003,29.700000000000003,29.700000000000003,30.3,300.0,300.0,31.200000000000003,35.2,29.6,28.8,30.700000000000003,4.95,1.99,4.96,0.17,0.0,0.0,1027.0,8228.0,0.0,0.0,0.0,0.0,0.0,1.0,0.0,0.0,0.0,0.0,0.0,0.3,0.0,-0.4,0.0,0.0001,16.0,25903.0
2026-07-30T19:00:15.711Z,185.194,185.208,0.0,7.4,0.0,0.0,0.0,0.0,0.0,0.0,0.0,0.0,1.0,0.0,0.0,0.0,9.0,4.0,0.0,0.0,0.0,0.0,0.0,0.0,0.0,0.0,2.0,12.0,1.0,12.18,5.0200000000000005,2.5,1.49,0.0,0.0,0.0,0.4,0.0,-0.2,0.0,-0.7000000000000001,-169.60000000000002,0.0,0.0,169.60000000000002,0.0,21.700000000000003,29.700000000000003,29.700000000000003,30.3,300.0,300.0,31.200000000000003,35.2,29.6,28.8,30.700000000000003,4.96,1.99,4.96,0.16,0.0,0.0,1027.0,8228.0,0.0,0.0,0.0,0.0,0.0,1.0,0.0,0.0,0.0,0.0,0.0,-0.5,0.0,0.6000000000000001,0.0,0.0001,16.0,25903.0
2026-07-30T19:00:15.723Z,185.206,185.22,0.0,7.4,0.0,0.0,0.0,0.0,0.0,0.0,0.0,0.0,1.0,0.0,0.0,0.0,9.0,4.0,0.0,0.0,0.0,0.0,0.0,0.0,0.0,0.0,3.0,12.0,1.0,12.18,5.0200000000000005,2.5,1.49,0.0,0.0,0.0,0.4,0.0,0.9,-0.5,-1.3,-169.60000000000002,0.0,0.0,169.70000000000002,0.0,21.700000000000003,29.700000000000003,29.700000000000003,30.3,300.0,300.0,31.200000000000003,35.2,29.6,28.8,30.700000000000003,4.95,1.99,4.97,0.16,0.0,0.0,1027.0,8228.0,0.0,0.0,0.0,0.0,0.0,1.0,0.0,0.0,0.0,0.0,0.0,-1.6,0.0,1.0,0.0,0.0,16.0,25903.0
2026-07-30T19:00:15.735Z,185.218,185.232,0.0,7.4,0.0,0.0,0.0,0.0,0.0,0.0,0.0,0.0,1.0,0.0,0.0,0.0,9.0,4.0,0.0,0.0,0.0,0.0,0.0,0.0,0.0,0.0,4.0,12.0,1.0,12.14,5.01,2.5,1.5,0.0,0.0,0.0,0.4,0.0,-0.2,-1.1,-0.1,-169.60000000000002,0.0,0.0,169.60000000000002,0.0,21.8,29.700000000000003,29.700000000000003,30.3,300.0,300.0,31.200000000000003,35.2,29.6,28.8,30.700000000000003,4.96,2.0,4.96,0.16,0.0,0.0,1027.0,8228.0,0.0,0.0,0.0,0.0,0.0,1.0,0.0,0.0,0.0,0.0,0.0,-1.4,0.0,-0.1,0.0,0.0,16.0,25903.0
2026-07-30T19:00:15.747Z,185.23,185.244,0.0,7.4,0.0,0.0,0.0,0.0,0.0,0.0,0.0,0.0,1.0,0.0,0.0,0.0,9.0,4.0,0.0,0.0,0.0,0.0,0.0,0.0,0.0,0.0,6.0,12.0,1.0,12.14,5.01,2.5,1.5,0.0,0.1,0.0,0.4,0.0,0.9,0.0,-1.2000000000000002,-169.60000000000002,0.0,0.0,169.70000000000002,0.0,21.8,29.700000000000003,29.700000000000003,30.3,300.0,300.0,31.200000000000003,35.2,29.6,28.8,30.700000000000003,4.96,2.0,4.97,0.16,0.0,0.0,1027.0,8228.0,0.0,0.0,0.0,0.0,0.0,1.0,0.0,0.0,0.0,0.0,0.0,-0.9,0.0,1.1,0.0,0.0,16.0,25903.0
2026-07-30T19:00:15.759Z,185.242,185.256,0.0,7.4,0.0,0.0,0.0,0.0,0.0,0.0,0.0,0.0,1.0,0.0,0.0,0.0,9.0,4.0,0.0,0.0,0.0,0.0,0.0,0.0,0.0,0.0,1.0,12.0,1.0,12.14,5.01,2.5,1.5,0.0,0.0,0.0,0.4,0.0,0.3,1.1,1.0,-169.60000000000002,0.0,0.0,169.8,0.0,21.8,29.700000000000003,29.700000000000003,30.3,300.0,300.0,31.200000000000003,35.2,29.6,28.8,30.700000000000003,4.96,1.99,4.97,0.16,0.0,0.0,1027.0,8228.0,0.0,0.0,0.0,0.0,0.0,1.0,0.0,0.0,0.0,0.0,0.0,2.0,0.0,-0.6000000000000001,0.0,0.0002,16.0,25903.0
2026-07-30T19:00:15.771Z,185.254,185.268,0.0,7.4,0.0,0.0,0.0,0.0,0.0,0.0,0.0,0.0,1.0,0.0,0.0,0.0,9.0,4.0,0.0,0.0,0.0,0.0,0.0,0.0,0.0,0.0,2.0,12.0,1.0,12.14,5.01,2.5,1.5,0.0,0.0,0.0,0.4,0.0,-0.2,0.5,0.4,-169.60000000000002,0.0,0.0,169.60000000000002,0.0,21.8,29.700000000000003,29.700000000000003,30.3,300.0,300.0,31.200000000000003,35.2,29.6,28.8,30.700000000000003,4.95,1.99,4.97,0.16,0.0,0.0,1027.0,8228.0,0.0,0.0,0.0,0.0,0.0,1.0,0.0,0.0,0.0,0.0,0.0,0.9,0.0,-0.2,0.0,0.0001,16.0,25903.0
2026-07-30T19:00:15.783Z,185.266,185.28,0.0,7.4,0.0,0.0,0.0,0.0,0.0,0.0,0.0,0.0,1.0,0.0,0.0,0.0,9.0,4.0,0.0,0.0,0.0,0.0,0.0,0.0,0.0,0.0,4.0,12.0,1.0,12.14,5.01,2.5,1.5,0.0,0.0,0.0,0.5,0.0,-0.2,-0.6000000000000001,-0.1,-169.60000000000002,0.0,0.0,169.70000000000002,0.0,21.8,29.700000000000003,29.700000000000003,30.3,300.0,300.0,31.200000000000003,35.2,29.6,28.8,30.700000000000003,4.96,1.99,4.96,0.16,0.0,0.0,1027.0,8228.0,0.0,0.0,0.0,0.0,0.0,1.0,0.0,0.0,0.0,0.0,0.0,-0.8,0.0,0.0,0.0,0.0002,16.0,25903.0
2026-07-30T19:00:15.796Z,185.279,185.292,0.0,7.4,0.0,0.0,0.0,0.0,0.0,0.0,0.0,0.0,1.0,0.0,0.0,0.0,9.0,4.0,0.0,0.0,0.0,0.0,0.0,0.0,0.0,0.0,5.0,12.0,1.0,12.14,5.01,2.5,1.5,0.0,0.0,0.0,0.4,0.0,-0.3,0.0,-0.7000000000000001,-169.60000000000002,0.0,0.0,169.60000000000002,0.0,21.8,29.700000000000003,29.700000000000003,30.3,300.0,300.0,31.200000000000003,35.2,29.6,28.8,30.700000000000003,4.96,2.0,4.97,0.16,0.0,0.0,1027.0,8228.0,0.0,0.0,0.0,0.0,0.0,1.0,0.0,0.0,0.0,0.0,0.0,-0.5,0.0,0.6000000000000001,0.0,0.0,16.0,25903.0
2026-07-30T19:00:15.808Z,185.291,185.304,0.0,7.4,0.0,0.0,0.0,0.0,0.0,0.0,0.0,0.0,1.0,0.0,0.0,0.0,9.0,4.0,0.0,0.0,0.0,0.0,0.0,0.0,0.0,0.0,5.0,12.0,1.0,12.14,5.01,2.5,1.5,0.0,0.0,0.0,0.4,0.0,-0.3,0.0,-0.1,-169.60000000000002,0.0,0.0,169.70000000000002,0.0,21.8,29.700000000000003,29.700000000000003,30.3,300.0,300.0,31.200000000000003,35.2,29.6,28.8,30.700000000000003,4.95,2.0,4.97,0.16,0.0,0.0,1027.0,8228.0,0.0,0.0,0.0,0.0,0.0,1.0,0.0,0.0,0.0,0.0,0.0,-0.1,0.0,0.1,0.0,0.0001,16.0,25903.0
2026-07-30T19:00:15.819Z,185.302,185.316,0.0,7.4,0.0,0.0,0.0,0.0,0.0,0.0,0.0,0.0,1.0,0.0,0.0,0.0,9.0,4.0,0.0,0.0,0.0,0.0,0.0,0.0,0.0,0.0,6.0,12.0,1.0,12.14,5.01,2.5,1.5,0.0,0.0,0.0,0.5,0.0,-0.8,-0.5,-0.7000000000000001,-169.60000000000002,0.0,0.0,169.60000000000002,0.0,21.8,29.700000000000003,29.700000000000003,30.3,300.0,300.0,31.200000000000003,35.2,29.6,28.8,30.700000000000003,4.95,2.0,4.96,0.16,0.0,0.0,1027.0,8228.0,0.0,0.0,0.0,0.0,0.0,1.0,0.0,0.0,0.0,0.0,0.0,-1.1,0.0,0.5,0.0,0.0,16.0,25903.0
2026-07-30T19:00:15.833Z,185.316,185.328,0.0,7.4,0.0,0.0,0.0,0.0,0.0,0.0,0.0,0.0,1.0,0.0,0.0,0.0,9.0,4.0,0.0,0.0,0.0,0.0,0.0,0.0,0.0,0.0,1.0,12.0,1.0,12.17,5.01,2.51,1.49,0.0,0.1,0.0,0.4,0.0,-0.3,0.0,0.5,-169.60000000000002,0.0,0.0,169.60000000000002,0.0,21.9,29.700000000000003,29.700000000000003,30.3,300.0,300.0,31.4,35.300000000000004,29.6,28.8,30.700000000000003,4.95,2.0,4.96,0.16,0.0,0.0,1027.0,8228.0,0.0,0.0,0.0,0.0,0.0,1.0,0.0,0.0,0.0,0.0,0.0,0.4,0.0,-0.4,0.0,0.0,16.0,25903.0
2026-07-30T19:00:15.844Z,185.327,185.34,0.0,7.4,0.0,0.0,0.0,0.0,0.0,0.0,0.0,0.0,1.0,0.0,0.0,0.0,9.0,4.0,0.0,0.0,0.0,0.0,0.0,0.0,0.0,0.0,2.0,12.0,1.0,12.17,5.01,2.51,1.49,0.0,0.1,0.0,0.4,0.0,-0.2,0.0,0.0,-169.60000000000002,0.0,0.0,169.70000000000002,0.0,21.9,29.700000000000003,29.700000000000003,30.3,300.0,300.0,31.4,35.300000000000004,29.6,28.8,30.700000000000003,4.95,1.99,4.96,0.16,0.0,0.0,1027.0,8228.0,0.0,0.0,0.0,0.0,0.0,1.0,0.0,0.0,0.0,0.0,0.0,0.0,0.0,0.0,0.0,0.0,16.0,25903.0
2026-07-30T19:00:15.856Z,185.339,185.352,0.0,7.4,0.0,0.0,0.0,0.0,0.0,0.0,0.0,0.0,1.0,0.0,0.0,0.0,9.0,4.0,0.0,0.0,0.0,0.0,0.0,0.0,0.0,0.0,3.0,12.0,1.0,12.17,5.01,2.51,1.49,0.0,0.0,0.0,0.4,0.0,0.8,0.6000000000000001,0.0,-169.60000000000002,0.0,0.0,169.60000000000002,0.0,21.9,29.700000000000003,29.700000000000003,30.3,300.0,300.0,31.4,35.300000000000004,29.6,28.8,30.700000000000003,4.96,1.99,4.96,0.16,0.0,0.0,1027.0,8228.0,0.0,0.0,0.0,0.0,0.0,1.0,0.0,0.0,0.0,0.0,0.0,0.6000000000000001,0.0,0.1,0.0,0.0,16.0,25903.0
2026-07-30T19:00:15.868Z,185.351,185.364,0.0,7.4,0.0,0.0,0.0,0.0,0.0,0.0,0.0,0.0,1.0,0.0,0.0,0.0,9.0,4.0,0.0,0.0,0.0,0.0,0.0,0.0,0.0,0.0,5.0,12.0,1.0,12.17,5.01,2.51,1.49,0.0,0.0,0.0,0.5,0.0,0.3,0.6000000000000001,0.5,-169.60000000000002,0.0,0.0,169.60000000000002,0.0,21.9,29.700000000000003,29.700000000000003,30.3,300.0,300.0,31.4,35.300000000000004,29.6,28.8,30.700000000000003,4.96,1.99,4.97,0.16,0.0,0.0,1027.0,8228.0,0.0,0.0,0.0,0.0,0.0,1.0,0.0,0.0,0.0,0.0,0.0,1.1,0.0,-0.3,0.0,0.0,16.0,25903.0
2026-07-30T19:00:15.879Z,185.362,185.376,0.0,7.4,0.0,0.0,0.0,0.0,0.0,0.0,0.0,0.0,1.0,0.0,0.0,0.0,9.0,4.0,0.0,0.0,0.0,0.0,0.0,0.0,0.0,0.0,5.0,12.0,1.0,12.17,5.01,2.51,1.49,0.0,0.0,0.0,0.4,0.0,0.9,-0.5,0.0,-169.60000000000002,0.0,0.0,169.60000000000002,0.0,21.9,29.700000000000003,29.700000000000003,30.3,300.0,300.0,31.4,35.300000000000004,29.6,28.8,30.700000000000003,4.95,1.99,4.97,0.16,0.0,0.0,1027.0,8228.0,0.0,0.0,0.0,0.0,0.0,1.0,0.0,0.0,0.0,0.0,0.0,-0.6000000000000001,0.0,-0.1,0.0,0.0,16.0,25903.0
2026-07-30T19:00:15.892Z,185.375,185.388,0.0,7.4,0.0,0.0,0.0,0.0,0.0,0.0,0.0,0.0,1.0,0.0,0.0,0.0,9.0,4.0,0.0,0.0,0.0,0.0,0.0,0.0,0.0,0.0,6.0,12.0,1.0,12.17,5.01,2.51,1.49,0.0,0.0,0.0,0.4,0.0,0.3,2.3000000000000003,1.7000000000000002,-169.60000000000002,0.0,0.0,169.60000000000002,0.0,21.9,29.700000000000003,29.700000000000003,30.3,300.0,300.0,31.4,35.300000000000004,29.6,28.8,30.700000000000003,4.95,1.99,4.96,0.17,0.0,0.0,1027.0,8228.0,0.0,0.0,0.0,0.0,0.0,1.0,0.0,0.0,0.0,0.0,0.0,4.0,0.0,-1.0,0.0,0.0,16.0,25903.0
2026-07-30T19:00:15.903Z,185.386,185.4,0.0,7.4,0.0,0.0,0.0,0.0,0.0,0.0,0.0,0.0,1.0,0.0,0.0,0.0,9.0,4.0,0.0,0.0,0.0,0.0,0.0,0.0,0.0,0.0,1.0,12.0,1.0,12.17,5.01,2.51,1.49,0.0,0.0,0.0,0.4,0.0,0.3,0.0,-0.6000000000000001,-169.60000000000002,0.0,0.0,169.60000000000002,0.0,21.9,29.700000000000003,29.700000000000003,30.3,300.0,300.0,31.4,35.300000000000004,29.6,28.8,30.700000000000003,4.96,2.0,4.96,0.16,0.0,0.0,1027.0,8228.0,0.0,0.0,0.0,0.0,0.0,1.0,0.0,0.0,0.0,0.0,0.0,-0.3,0.0,0.5,0.0,0.0,16.0,25903.0
2026-07-30T19:00:15.915Z,185.398,185.412,0.0,7.4,0.0,0.0,0.0,0.0,0.0,0.0,0.0,0.0,1.0,0.0,0.0,0.0,9.0,4.0,0.0,0.0,0.0,0.0,0.0,0.0,0.0,0.0,2.0,12.0,1.0,12.17,5.01,2.51,1.49,0.0,0.0,0.0,0.4,0.0,-0.7000000000000001,-1.0,-1.1,-169.60000000000002,0.0,0.0,169.60000000000002,0.0,21.9,29.700000000000003,29.700000000000003,30.3,300.0,300.0,31.4,35.300000000000004,29.6,28.8,30.700000000000003,4.95,2.0,4.96,0.16,0.0,0.0,1027.0,8228.0,0.0,0.0,0.0,0.0,0.0,1.0,0.0,0.0,0.0,0.0,0.0,-0.1,0.0,-0.6000000000000001,0.0,0.0,16.0,25903.0
2026-07-30T19:00:15.934Z,185.417,185.424,0.0,7.4,0.0,0.0,0.0,0.0,0.0,0.0,0.0,0.0,1.0,0.0,0.0,0.0,9.0,4.0,0.0,0.0,0.0,0.0,0.0,0.0,0.0,0.0,4.0,12.0,1.0,12.17,5.01,2.51,1.49,0.0,0.1,0.0,0.4,0.0,0.3,0.1,0.5,-169.60000000000002,0.0,0.0,169.60000000000002,0.0,21.9,29.700000000000003,29.700000000000003,30.3,300.0,300.0,31.4,35.300000000000004,29.6,28.8,30.700000000000003,4.95,1.99,4.97,0.16,0.0,0.0,1027.0,8228.0,0.0,0.0,0.0,0.0,0.0,1.0,0.0,0.0,0.0,0.0,0.0,0.5,0.0,-0.4,0.0,0.0,16.0,25903.0
2026-07-30T19:00:15.939Z,185.422,185.436,0.0,7.4,0.0,0.0,0.0,0.0,0.0,0.0,0.0,0.0,1.0,0.0,0.0,0.0,9.0,4.0,0.0,0.0,0.0,0.0,0.0,0.0,0.0,0.0,2.0,12.0,1.0,12.17,5.01,2.5,1.49,0.0,0.0,0.0,0.4,0.0,-0.2,1.2000000000000002,1.1,-169.60000000000002,0.0,0.0,169.60000000000002,0.0,21.200000000000003,29.700000000000003,29.700000000000003,30.3,300.0,300.0,31.200000000000003,35.2,29.6,28.8,30.700000000000003,4.95,1.99,4.96,0.16,0.0,0.0,1027.0,8228.0,0.0,0.0,0.0,0.0,0.0,1.0,0.0,0.0,0.0,0.0,0.0,2.2,0.0,-0.7000000000000001,0.0,0.0,16.0,25903.0
2026-07-30T19:00:15.951Z,185.434,185.448,0.0,7.4,0.0,0.0,0.0,0.0,0.0,0.0,0.0,0.0,1.0,0.0,0.0,0.0,9.0,4.0,0.0,0.0,0.0,0.0,0.0,0.0,0.0,0.0,2.0,12.0,1.0,12.17,5.01,2.5,1.49,0.0,0.0,0.0,0.4,0.0,-0.1,0.1,1.6,-169.60000000000002,0.0,0.0,169.60000000000002,0.0,21.200000000000003,29.700000000000003,29.700000000000003,30.3,300.0,300.0,31.200000000000003,35.2,29.6,28.8,30.700000000000003,4.96,1.99,4.96,0.16,0.0,0.0,1027.0,8228.0,0.0,0.0,0.0,0.0,0.0,1.0,0.0,0.0,0.0,0.0,0.0,1.3,0.0,-1.4,0.0,0.0,16.0,25903.0
2026-07-30T19:00:15.963Z,185.446,185.46,0.0,7.4,0.0,0.0,0.0,0.0,0.0,0.0,0.0,0.0,1.0,0.0,0.0,0.0,9.0,4.0,0.0,0.0,0.0,0.0,0.0,0.0,0.0,0.0,3.0,12.0,1.0,12.17,5.01,2.5,1.49,0.0,0.0,0.0,0.4,0.0,0.3,-1.1,-1.8,-169.60000000000002,0.0,0.0,169.60000000000002,0.0,21.200000000000003,29.700000000000003,29.700000000000003,30.3,300.0,300.0,31.200000000000003,35.2,29.6,28.8,30.700000000000003,4.95,1.99,4.97,0.16,0.0,0.0,1027.0,8228.0,0.0,0.0,0.0,0.0,0.0,1.0,0.0,0.0,0.0,0.0,0.0,-2.6,0.0,1.4,0.0,0.0,16.0,25903.0
2026-07-30T19:00:15.976Z,185.459,185.472,0.0,7.4,0.0,0.0,0.0,0.0,0.0,0.0,0.0,0.0,1.0,0.0,0.0,0.0,9.0,4.0,0.0,0.0,0.0,0.0,0.0,0.0,0.0,0.0,4.0,12.0,1.0,12.17,5.01,2.5,1.49,0.0,0.0,0.0,0.4,0.0,-0.2,-1.1,-0.7000000000000001,-169.60000000000002,0.0,0.0,169.60000000000002,0.0,21.200000000000003,29.700000000000003,29.700000000000003,30.3,300.0,300.0,31.200000000000003,35.2,29.6,28.8,30.700000000000003,4.96,1.99,4.97,0.16,0.0,0.0,1027.0,8228.0,0.0,0.0,0.0,0.0,0.0,1.0,0.0,0.0,0.0,0.0,0.0,-1.7000000000000002,0.0,1.4,0.0,0.0,16.0,25903.0
2026-07-30T19:00:15.988Z,185.471,185.484,0.0,7.4,0.0,0.0,0.0,0.0,0.0,0.0,0.0,0.0,1.0,0.0,0.0,0.0,9.0,4.0,0.0,0.0,0.0,0.0,0.0,0.0,0.0,0.0,6.0,12.0,1.0,12.17,5.01,2.5,1.49,0.0,0.0,0.0,0.4,0.0,0.3,0.0,1.1,-169.60000000000002,0.0,0.0,169.60000000000002,0.0,21.200000000000003,29.700000000000003,29.700000000000003,30.3,300.0,300.0,31.200000000000003,35.2,29.6,28.8,30.700000000000003,4.96,2.0,4.96,0.16,0.0,0.0,1027.0,8228.0,0.0,0.0,0.0,0.0,0.0,1.0,0.0,0.0,0.0,0.0,0.0,-0.1,0.0,1.2000000000000002,0.0,0.0,16.0,25903.0
2026-07-30T19:00:15.999Z,185.482,185.496,0.0,7.4,0.0,0.0,0.0,0.0,0.0,0.0,0.0,0.0,1.0,0.0,0.0,0.0,9.0,4.0,0.0,0.0,0.0,0.0,0.0,0.0,0.0,0.0,6.0,12.0,1.0,12.17,5.01,2.5,1.49,0.0,0.0,0.0,0.4,0.0,-0.2,0.6000000000000001,0.5,-169.60000000000002,0.0,0.0,169.60000000000002,0.0,21.200000000000003,29.700000000000003,29.700000000000003,30.3,300.0,300.0,31.200000000000003,35.2,29.6,28.8,30.700000000000003,4.95,1.99,4.96,0.16,0.0,0.0,1027.0,8228.0,0.0,0.0,0.0,0.0,0.0,1.0,0.0,0.0,0.0,0.0,0.0,0.7000000000000001,0.0,0.1,0.0,0.0,16.0,25903.0
2026-07-30T19:00:16.011Z,185.494,185.508,0.0,7.4,0.0,0.0,0.0,0.0,0.0,0.0,0.0,0.0,1.0,0.0,0.0,0.0,9.0,4.0,0.0,0.0,0.0,0.0,0.0,0.0,0.0,0.0,2.0,12.0,1.0,12.17,5.01,2.5,1.49,0.0,0.0,0.0,0.4,0.0,0.3,-0.5,1.0,-169.60000000000002,0.0,0.0,169.60000000000002,0.0,21.200000000000003,29.700000000000003,29.700000000000003,30.3,300.0,300.0,31.200000000000003,35.2,29.6,28.8,30.700000000000003,4.95,1.99,4.97,0.16,0.0,0.0,1027.0,8228.0,0.0,0.0,0.0,0.0,0.0,1.0,0.0,0.0,0.0,0.0,0.0,0.1,0.0,-1.0,0.0,0.0,16.0,25903.0
2026-07-30T19:00:16.024Z,185.507,185.52,0.0,7.4,0.0,0.0,0.0,0.0,0.0,0.0,0.0,0.0,1.0,0.0,0.0,0.0,9.0,4.0,0.0,0.0,0.0,0.0,0.0,0.0,0.0,0.0,2.0,12.0,1.0,12.17,5.01,2.5,1.49,0.0,0.1,0.0,0.4,0.0,0.3,-0.5,1.0,-169.60000000000002,0.0,0.0,169.70000000000002,0.0,21.200000000000003,29.700000000000003,29.700000000000003,30.3,300.0,300.0,31.200000000000003,35.2,29.6,28.8,30.700000000000003,4.96,1.99,4.96,0.16,0.0,0.0,1027.0,8228.0,0.0,0.0,0.0,0.0,0.0,1.0,0.0,0.0,0.0,0.0,0.0,0.0,0.0,-1.0,0.0,0.0,16.0,25903.0
2026-07-30T19:00:16.036Z,185.519,185.532,0.0,7.4,0.0,0.0,0.0,0.0,0.0,0.0,0.0,0.0,1.0,0.0,0.0,0.0,9.0,4.0,0.0,0.0,0.0,0.0,0.0,0.0,0.0,0.0,3.0,12.0,1.0,12.18,5.01,2.51,1.5,0.0,0.0,0.0,0.4,0.0,0.9,0.0,-0.1,-169.60000000000002,0.0,0.0,169.70000000000002,0.0,21.4,29.700000000000003,29.700000000000003,30.3,300.0,300.0,31.200000000000003,35.300000000000004,29.6,28.8,30.700000000000003,4.96,1.99,4.97,0.16,0.0,0.0,1027.0,8228.0,0.0,0.0,0.0,0.0,0.0,1.0,0.0,0.0,0.0,0.0,0.0,0.0,0.0,0.1,0.0,0.0,16.0,25903.0
2026-07-30T19:00:16.048Z,185.531,185.544,0.0,7.4,0.0,0.0,0.0,0.0,0.0,0.0,0.0,0.0,1.0,0.0,0.0,0.0,9.0,4.0,0.0,0.0,0.0,0.0,0.0,0.0,0.0,0.0,4.0,12.0,1.0,12.18,5.01,2.51,1.5,0.0,0.0,0.0,0.4,0.0,-0.8,-0.4,-0.1,-169.60000000000002,0.0,0.0,169.70000000000002,0.0,21.4,29.700000000000003,29.700000000000003,30.3,300.0,300.0,31.200000000000003,35.300000000000004,29.6,28.8,30.700000000000003,4.96,1.99,4.97,0.17,0.0,0.0,1027.0,8228.0,0.0,0.0,0.0,0.0,0.0,1.0,0.0,0.0,0.0,0.0,0.0,-0.6000000000000001,0.0,0.0,0.0,0.0,16.0,25903.0
2026-07-30T19:00:16.059Z,185.542,185.556,0.0,7.4,0.0,0.0,0.0,0.0,0.0,0.0,0.0,0.0,1.0,0.0,0.0,0.0,9.0,4.0,0.0,0.0,0.0,0.0,0.0,0.0,0.0,0.0,6.0,12.0,1.0,12.18,5.01,2.51,1.5,0.0,0.0,0.0,0.4,0.0,-0.2,-0.5,0.0,-169.60000000000002,0.0,0.0,169.70000000000002,0.0,21.4,29.700000000000003,29.700000000000003,30.3,300.0,300.0,31.200000000000003,35.300000000000004,29.6,28.8,30.700000000000003,4.96,1.99,4.96,0.16,0.0,0.0,1027.0,8228.0,0.0,0.0,0.0,0.0,0.0,1.0,0.0,0.0,0.0,0.0,0.0,-0.6000000000000001,0.0,0.0,0.0,0.0,16.0,25903.0
2026-07-30T19:00:16.071Z,185.554,185.568,0.0,7.4,0.0,0.0,0.0,0.0,0.0,0.0,0.0,0.0,1.0,0.0,0.0,0.0,9.0,4.0,0.0,0.0,0.0,0.0,0.0,0.0,0.0,0.0,1.0,12.0,1.0,12.18,5.01,2.51,1.5,0.0,0.0,0.0,0.4,0.0,0.3,-0.5,1.0,-169.60000000000002,0.0,0.0,169.60000000000002,0.0,21.4,29.700000000000003,29.700000000000003,30.3,300.0,300.0,31.200000000000003,35.300000000000004,29.6,28.8,30.700000000000003,4.96,1.99,4.96,0.16,0.0,0.0,1027.0,8228.0,0.0,0.0,0.0,0.0,0.0,1.0,0.0,0.0,0.0,0.0,0.0,0.1,0.0,-1.0,0.0,0.0,16.0,25903.0
2026-07-30T19:00:16.083Z,185.566,185.58,0.0,7.4,0.0,0.0,0.0,0.0,0.0,0.0,0.0,0.0,1.0,0.0,0.0,0.0,9.0,4.0,0.0,0.0,0.0,0.0,0.0,0.0,0.0,0.0,2.0,12.0,1.0,12.18,5.01,2.51,1.5,0.0,0.1,0.0,0.4,0.0,0.8,0.0,0.4,-169.60000000000002,0.0,0.0,169.60000000000002,0.0,21.4,29.700000000000003,29.700000000000003,30.3,300.0,300.0,31.200000000000003,35.300000000000004,29.6,28.8,30.700000000000003,4.96,1.99,4.97,0.16,0.0,0.0,1027.0,8228.0,0.0,0.0,0.0,0.0,0.0,1.0,0.0,0.0,0.0,0.0,0.0,0.3,0.0,-0.3,0.0,0.0,16.0,25903.0
2026-07-30T19:00:16.095Z,185.578,185.592,0.0,7.4,0.0,0.0,0.0,0.0,0.0,0.0,0.0,0.0,1.0,0.0,0.0,0.0,9.0,4.0,0.0,0.0,0.0,0.0,0.0,0.0,0.0,0.0,3.0,12.0,1.0,12.18,5.01,2.51,1.5,0.0,0.0,0.0,0.4,0.0,0.9,1.1,-1.3,-169.60000000000002,0.0,0.0,169.60000000000002,0.0,21.4,29.700000000000003,29.700000000000003,30.3,300.0,300.0,31.200000000000003,35.300000000000004,29.6,28.8,30.700000000000003,4.95,1.99,4.97,0.16,0.0,0.0,1027.0,8228.0,0.0,0.0,0.0,0.0,0.0,1.0,0.0,0.0,0.0,0.0,0.0,0.3,0.0,1.3,0.0,0.0,16.0,25903.0
2026-07-30T19:00:16.108Z,185.591,185.604,0.0,7.4,0.0,0.0,0.0,0.0,0.0,0.0,0.0,0.0,1.0,0.0,0.0,0.0,9.0,4.0,0.0,0.0,0.0,0.0,0.0,0.0,0.0,0.0,4.0,12.0,1.0,12.18,5.01,2.51,1.5,0.0,0.0,0.0,0.4,0.0,0.3,-0.5,-0.6000000000000001,-169.60000000000002,0.0,0.0,169.70000000000002,0.0,21.4,29.700000000000003,29.700000000000003,30.3,300.0,300.0,31.200000000000003,35.300000000000004,29.6,28.8,30.700000000000003,4.96,1.99,4.96,0.16,0.0,0.0,1027.0,8228.0,0.0,0.0,0.0,0.0,0.0,1.0,0.0,0.0,0.0,0.0,0.0,-1.1,0.0,0.4,0.0,0.0,16.0,25903.0
2026-07-30T19:00:16.120Z,185.603,185.616,0.0,7.4,0.0,0.0,0.0,0.0,0.0,0.0,0.0,0.0,1.0,0.0,0.0,0.0,9.0,4.0,0.0,0.0,0.0,0.0,0.0,0.0,0.0,0.0,5.0,12.0,1.0,12.18,5.01,2.51,1.5,0.0,0.0,0.0,0.4,0.0,0.3,0.6000000000000001,0.0,-169.60000000000002,0.0,0.0,169.60000000000002,0.0,21.4,29.700000000000003,29.700000000000003,30.3,300.0,300.0,31.200000000000003,35.300000000000004,29.6,28.8,30.700000000000003,4.95,1.99,4.97,0.16,0.0,0.0,1027.0,8228.0,0.0,0.0,0.0,0.0,0.0,1.0,0.0,0.0,0.0,0.0,0.0,0.6000000000000001,0.0,0.1,0.0,0.0,16.0,25903.0
2026-07-30T19:00:16.131Z,185.614,185.628,0.0,7.4,0.0,0.0,0.0,0.0,0.0,0.0,0.0,0.0,1.0,0.0,0.0,0.0,9.0,4.0,0.0,0.0,0.0,0.0,0.0,0.0,0.0,0.0,1.0,12.0,1.0,12.18,5.01,2.51,1.5,0.0,0.0,0.0,0.4,0.0,-0.8,1.2000000000000002,0.0,-169.60000000000002,0.0,0.0,169.60000000000002,0.0,21.4,29.700000000000003,29.700000000000003,30.3,300.0,300.0,31.200000000000003,35.300000000000004,29.6,28.8,30.700000000000003,4.95,1.99,4.96,0.16,0.0,0.0,1027.0,8228.0,0.0,0.0,0.0,0.0,0.0,1.0,0.0,0.0,0.0,0.0,0.0,1.3,0.0,0.3,0.0,0.0,16.0,25903.0
2026-07-30T19:00:16.143Z,185.626,185.64,0.0,7.4,0.0,0.0,0.0,0.0,0.0,0.0,0.0,0.0,1.0,0.0,0.0,0.0,9.0,4.0,0.0,0.0,0.0,0.0,0.0,0.0,0.0,0.0,2.0,12.0,1.0,12.18,5.01,2.5,1.49,0.0,0.1,0.0,0.4,0.0,0.9,0.6000000000000001,1.1,-169.60000000000002,0.0,0.0,169.60000000000002,0.0,21.700000000000003,29.700000000000003,29.700000000000003,30.3,300.0,300.0,31.4,35.2,29.6,28.8,30.700000000000003,4.96,1.99,4.96,0.16,0.0,0.0,1027.0,8228.0,0.0,0.0,0.0,0.0,0.0,1.0,0.0,0.0,0.0,0.0,0.0,1.5,0.0,-0.8,0.0,0.0,16.0,25903.0
2026-07-30T19:00:16.155Z,185.638,185.652,0.0,7.4,0.0,0.0,0.0,0.0,0.0,0.0,0.0,0.0,1.0,0.0,0.0,0.0,9.0,4.0,0.0,0.0,0.0,0.0,0.0,0.0,0.0,0.0,3.0,12.0,1.0,12.18,5.01,2.5,1.49,0.0,0.1,0.0,0.4,0.0,0.3,-0.5,-0.6000000000000001,-169.60000000000002,0.0,0.0,169.60000000000002,0.0,21.700000000000003,29.700000000000003,29.700000000000003,30.3,300.0,300.0,31.4,35.2,29.6,28.8,30.700000000000003,4.95,1.99,4.96,0.16,0.0,0.0,1027.0,8228.0,0.0,0.0,0.0,0.0,0.0,1.0,0.0,0.0,0.0,0.0,0.0,-1.1,0.0,0.4,0.0,0.0,16.0,25903.0
2026-07-30T19:00:16.167Z,185.65,185.664,0.0,7.4,0.0,0.0,0.0,0.0,0.0,0.0,0.0,0.0,1.0,0.0,0.0,0.0,9.0,4.0,0.0,0.0,0.0,0.0,0.0,0.0,0.0,0.0,4.0,12.0,1.0,12.18,5.01,2.5,1.49,0.0,0.0,0.0,0.4,0.0,-0.2,-1.1,-1.2000000000000002,-169.60000000000002,0.0,0.0,169.70000000000002,0.0,21.700000000000003,29.700000000000003,29.700000000000003,30.3,300.0,300.0,31.4,35.2,29.6,28.8,30.700000000000003,4.95,1.99,4.97,0.16,0.0,0.0,1027.0,8228.0,0.0,0.0,0.0,0.0,0.0,1.0,0.0,0.0,0.0,0.0,0.0,-2.1,0.0,0.8,0.0,0.0,16.0,25903.0
2026-07-30T19:00:16.179Z,185.662,185.676,0.0,7.4,0.0,0.0,0.0,0.0,0.0,0.0,0.0,0.0,1.0,0.0,0.0,0.0,9.0,4.0,0.0,0.0,0.0,0.0,0.0,0.0,0.0,0.0,5.0,12.0,1.0,12.18,5.01,2.5,1.49,0.0,0.0,0.0,0.4,0.0,0.3,-0.5,0.0,-169.60000000000002,0.0,0.0,169.60000000000002,0.0,21.700000000000003,29.700000000000003,29.700000000000003,30.3,300.0,300.0,31.4,35.2,29.6,28.8,30.700000000000003,4.95,1.99,4.96,0.16,0.0,0.0,1027.0,8228.0,0.0,0.0,0.0,0.0,0.0,1.0,0.0,0.0,0.0,0.0,0.0,-0.6000000000000001,0.0,0.0,0.0,0.0,16.0,25903.0
2026-07-30T19:00:16.191Z,185.674,185.688,0.0,7.4,0.0,0.0,0.0,0.0,0.0,0.0,0.0,0.0,1.0,0.0,0.0,0.0,9.0,4.0,0.0,0.0,0.0,0.0,0.0,0.0,0.0,0.0,6.0,12.0,1.0,12.18,5.01,2.5,1.49,0.0,0.0,0.0,0.5,0.0,0.3,1.2000000000000002,0.0,-169.60000000000002,0.0,0.0,169.70000000000002,0.0,21.700000000000003,29.700000000000003,29.700000000000003,30.3,300.0,300.0,31.4,35.2,29.6,28.8,30.700000000000003,4.96,1.99,4.96,0.16,0.0,0.0,1027.0,8228.0,0.0,0.0,0.0,0.0,0.0,1.0,0.0,0.0,0.0,0.0,0.0,1.3,0.0,0.3,0.0,0.0,16.0,25903.0
2026-07-30T19:00:16.203Z,185.686,185.7,0.0,7.4,0.0,0.0,0.0,0.0,0.0,0.0,0.0,0.0,1.0,0.0,0.0,0.0,9.0,4.0,0.0,0.0,0.0,0.0,0.0,0.0,0.0,0.0,1.0,12.0,1.0,12.18,5.01,2.5,1.49,0.0,0.1,0.0,0.4,0.0,-0.8,-0.5,0.0,-169.60000000000002,0.0,0.0,169.60000000000002,0.0,21.700000000000003,29.700000000000003,29.700000000000003,30.3,300.0,300.0,31.4,35.2,29.6,28.8,30.700000000000003,4.95,1.99,4.97,0.16,0.0,0.0,1027.0,8228.0,0.0,0.0,0.0,0.0,0.0,1.0,0.0,0.0,0.0,0.0,0.0,-0.6000000000000001,0.0,0.0,0.0,0.0,16.0,25903.0
2026-07-30T19:00:16.215Z,185.698,185.712,0.0,7.4,0.0,0.0,0.0,0.0,0.0,0.0,0.0,0.0,1.0,0.0,0.0,0.0,9.0,4.0,0.0,0.0,0.0,0.0,0.0,0.0,0.0,0.0,2.0,12.0,1.0,12.18,5.01,2.5,1.49,0.0,0.0,0.0,0.4,0.0,-0.8,-0.5,-1.2000000000000002,-169.60000000000002,0.0,0.0,169.60000000000002,0.0,21.700000000000003,29.700000000000003,29.700000000000003,30.3,300.0,300.0,31.4,35.2,29.6,28.8,30.700000000000003,4.96,1.99,4.96,0.16,0.0,0.0,1027.0,8228.0,0.0,0.0,0.0,0.0,0.0,1.0,0.0,0.0,0.0,0.0,0.0,-1.5,0.0,0.9,0.0,0.0,16.0,25903.0
2026-07-30T19:00:16.227Z,185.71,185.724,0.0,7.4,0.0,0.0,0.0,0.0,0.0,0.0,0.0,0.0,1.0,0.0,0.0,0.0,9.0,4.0,0.0,0.0,0.0,0.0,0.0,0.0,0.0,0.0,2.0,12.0,1.0,12.18,5.01,2.5,1.49,0.0,0.0,0.0,0.5,0.0,-0.8,0.0,1.1,-169.60000000000002,0.0,0.0,169.70000000000002,0.0,21.700000000000003,29.700000000000003,29.700000000000003,30.3,300.0,300.0,31.4,35.2,29.6,28.8,30.700000000000003,4.96,1.99,4.96,0.16,0.0,0.0,1027.0,8228.0,0.0,0.0,0.0,0.0,0.0,1.0,0.0,0.0,0.0,0.0,0.0,0.8,0.0,-1.0,0.0,0.0,16.0,25903.0
2026-07-30T19:00:16.246Z,185.729,185.736,0.0,7.4,0.0,0.0,0.0,0.0,0.0,0.0,0.0,0.0,1.0,0.0,0.0,0.0,9.0,4.0,0.0,0.0,0.0,0.0,0.0,0.0,0.0,0.0,4.0,12.0,1.0,12.17,5.01,2.51,1.49,0.0,0.1,0.0,0.4,0.0,-0.8,0.6000000000000001,0.0,-169.60000000000002,0.0,0.0,169.60000000000002,0.0,21.3,29.700000000000003,29.700000000000003,30.3,300.0,300.0,31.4,35.2,29.6,28.8,30.700000000000003,4.95,1.99,4.96,0.16,0.0,0.0,1027.0,8228.0,0.0,0.0,0.0,0.0,0.0,1.0,0.0,0.0,0.0,0.0,0.0,0.6000000000000001,0.0,0.1,0.0,0.0,16.0,25903.0
2026-07-30T19:00:16.251Z,185.734,185.748,0.0,7.4,0.0,0.0,0.0,0.0,0.0,0.0,0.0,0.0,1.0,0.0,0.0,0.0,9.0,4.0,0.0,0.0,0.0,0.0,0.0,0.0,0.0,0.0,2.0,12.0,1.0,12.17,5.01,2.51,1.49,0.0,0.0,0.0,0.5,0.0,-0.3,-0.5,-0.6000000000000001,-169.60000000000002,0.0,0.0,169.60000000000002,0.0,21.3,29.700000000000003,29.700000000000003,30.3,300.0,300.0,31.4,35.2,29.6,28.8,30.700000000000003,4.95,1.99,4.97,0.16,0.0,0.0,1027.0,8228.0,0.0,0.0,0.0,0.0,0.0,1.0,0.0,0.0,0.0,0.0,0.0,-1.1,0.0,0.4,0.0,0.0,16.0,25903.0
2026-07-30T19:00:16.263Z,185.746,185.76,0.0,7.4,0.0,0.0,0.0,0.0,0.0,0.0,0.0,0.0,1.0,0.0,0.0,0.0,9.0,4.0,0.0,0.0,0.0,0.0,0.0,0.0,0.0,0.0,2.0,12.0,1.0,12.17,5.01,2.51,1.49,0.0,0.0,0.0,0.5,0.0,0.3,-1.7000000000000002,-0.7000000000000001,-169.60000000000002,0.0,0.0,169.60000000000002,0.0,21.3,29.700000000000003,29.700000000000003,30.3,300.0,300.0,31.4,35.2,29.6,28.8,30.700000000000003,4.96,1.99,4.96,0.16,0.0,0.0,1027.0,8228.0,0.0,0.0,0.0,0.0,0.0,1.0,0.0,0.0,0.0,0.0,0.0,-2.5,0.0,0.3,0.0,0.0,16.0,25903.0
2026-07-30T19:00:16.275Z,185.758,185.772,0.0,7.4,0.0,0.0,0.0,0.0,0.0,0.0,0.0,0.0,1.0,0.0,0.0,0.0,9.0,4.0,0.0,0.0,0.0,0.0,0.0,0.0,0.0,0.0,3.0,12.0,1.0,12.17,5.01,2.51,1.49,0.0,0.1,0.0,0.5,0.0,-0.2,1.1,0.4,-169.60000000000002,0.0,0.0,169.60000000000002,0.0,21.3,29.700000000000003,29.700000000000003,30.3,300.0,300.0,31.4,35.2,29.6,28.8,30.700000000000003,4.96,1.99,4.97,0.16,0.0,0.0,1027.0,8228.0,0.0,0.0,0.0,0.0,0.0,1.0,0.0,0.0,0.0,0.0,0.0,1.6,0.0,-0.1,0.0,0.0,16.0,25903.0
2026-07-30T19:00:16.287Z,185.77,185.784,0.0,7.4,0.0,0.0,0.0,0.0,0.0,0.0,0.0,0.0,1.0,0.0,0.0,0.0,9.0,4.0,0.0,0.0,0.0,0.0,0.0,0.0,0.0,0.0,4.0,12.0,1.0,12.17,5.01,2.51,1.49,0.0,0.0,0.0,0.4,0.0,0.3,0.0,1.0,-169.60000000000002,0.0,0.0,169.60000000000002,0.0,21.3,29.700000000000003,29.700000000000003,30.3,300.0,300.0,31.4,35.2,29.6,28.8,30.700000000000003,4.95,1.99,4.97,0.16,0.0,0.0,1027.0,8228.0,0.0,0.0,0.0,0.0,0.0,1.0,0.0,0.0,0.0,0.0,0.0,0.7000000000000001,0.0,-0.8,0.0,0.0,16.0,25903.0
2026-07-30T19:00:16.299Z,185.782,185.796,0.0,7.4,0.0,0.0,0.0,0.0,0.0,0.0,0.0,0.0,1.0,0.0,0.0,0.0,9.0,4.0,0.0,0.0,0.0,0.0,0.0,0.0,0.0,0.0,5.0,12.0,1.0,12.17,5.01,2.51,1.49,0.0,0.1,0.0,0.4,0.0,0.8,0.0,0.9,-169.60000000000002,0.0,0.0,169.60000000000002,0.0,21.3,29.700000000000003,29.700000000000003,30.3,300.0,300.0,31.4,35.2,29.6,28.8,30.700000000000003,4.96,1.99,4.96,0.16,0.0,0.0,1027.0,8228.0,0.0,0.0,0.0,0.0,0.0,1.0,0.0,0.0,0.0,0.0,0.0,0.6000000000000001,0.0,-0.8,0.0,0.0,16.0,25903.0
2026-07-30T19:00:16.311Z,185.794,185.808,0.0,7.4,0.0,0.0,0.0,0.0,0.0,0.0,0.0,0.0,1.0,0.0,0.0,0.0,9.0,4.0,0.0,0.0,0.0,0.0,0.0,0.0,0.0,0.0,1.0,12.0,1.0,12.17,5.01,2.51,1.49,0.0,0.0,0.0,0.4,0.0,0.2,-0.5,0.3,-169.60000000000002,0.0,0.0,169.60000000000002,0.0,21.3,29.700000000000003,29.700000000000003,30.3,300.0,300.0,31.4,35.2,29.6,28.8,30.700000000000003,4.95,2.0,4.96,0.16,0.0,0.0,1027.0,8228.0,0.0,0.0,0.0,0.0,0.0,1.0,0.0,0.0,0.0,0.0,0.0,-0.3,0.0,-0.4,0.0,0.0,16.0,25903.0
2026-07-30T19:00:16.323Z,185.806,185.82,0.0,7.4,0.0,0.0,0.0,0.0,0.0,0.0,0.0,0.0,1.0,0.0,0.0,0.0,9.0,4.0,0.0,0.0,0.0,0.0,0.0,0.0,0.0,0.0,2.0,12.0,1.0,12.17,5.01,2.51,1.49,0.0,0.0,0.0,0.4,0.0,0.2,0.5,-0.2,-169.60000000000002,0.0,0.0,169.60000000000002,0.0,21.3,29.700000000000003,29.700000000000003,30.3,300.0,300.0,31.4,35.2,29.6,28.8,30.700000000000003,4.95,1.99,4.97,0.17,0.0,0.0,1027.0,8228.0,0.0,0.0,0.0,0.0,0.0,1.0,0.0,0.0,0.0,0.0,0.0,0.4,0.0,0.3,0.0,0.0,16.0,25903.0
2026-07-30T19:00:16.336Z,185.819,185.832,0.0,7.4,0.0,0.0,0.0,0.0,0.0,0.0,0.0,0.0,1.0,0.0,0.0,0.0,9.0,4.0,0.0,0.0,0.0,0.0,0.0,0.0,0.0,0.0,3.0,12.0,1.0,12.17,5.01,2.51,1.49,0.0,0.0,0.0,0.4,0.0,-0.2,0.5,-0.8,-169.60000000000002,0.0,0.0,169.60000000000002,0.0,21.3,29.700000000000003,29.700000000000003,30.3,300.0,300.0,31.4,35.2,29.6,28.8,30.700000000000003,4.95,1.99,4.97,0.16,0.0,0.0,1027.0,8228.0,0.0,0.0,0.0,0.0,0.0,1.0,0.0,0.0,0.0,0.0,0.0,0.0,0.0,0.9,0.0,0.0,16.0,25903.0
2026-07-30T19:00:16.348Z,185.831,185.844,0.0,7.4,0.0,0.0,0.0,0.0,0.0,0.0,0.0,0.0,1.0,0.0,0.0,0.0,9.0,4.0,0.0,0.0,0.0,0.0,0.0,0.0,0.0,0.0,4.0,12.0,1.0,12.18,5.01,2.5,1.49,0.0,0.0,0.0,0.4,0.0,0.2,0.0,0.8,-169.60000000000002,0.0,0.0,169.60000000000002,0.0,21.3,29.700000000000003,29.700000000000003,30.3,300.0,300.0,31.200000000000003,35.2,29.6,28.8,30.700000000000003,4.96,1.99,4.96,0.16,0.0,0.0,1027.0,8228.0,0.0,0.0,0.0,0.0,0.0,1.0,0.0,0.0,0.0,0.0,0.0,0.7000000000000001,0.0,-0.7000000000000001,0.0,0.0,16.0,25903.0
2026-07-30T19:00:16.360Z,185.843,185.856,0.0,7.4,0.0,0.0,0.0,0.0,0.0,0.0,0.0,0.0,1.0,0.0,0.0,0.0,9.0,4.0,0.0,0.0,0.0,0.0,0.0,0.0,0.0,0.0,5.0,12.0,1.0,12.18,5.01,2.5,1.49,0.0,0.0,0.0,0.4,0.0,-0.3,-0.5,0.2,-169.60000000000002,0.0,0.0,169.60000000000002,0.0,21.3,29.700000000000003,29.700000000000003,30.3,300.0,300.0,31.200000000000003,35.2,29.6,28.8,30.700000000000003,4.95,1.99,4.97,0.16,0.0,0.0,1027.0,8228.0,0.0,0.0,0.0,0.0,0.0,1.0,0.0,0.0,0.0,0.0,0.0,-0.4,0.0,-0.3,0.0,0.0,16.0,25903.0
2026-07-30T19:00:16.371Z,185.854,185.868,0.0,7.4,0.0,0.0,0.0,0.0,0.0,0.0,0.0,0.0,1.0,0.0,0.0,0.0,9.0,4.0,0.0,0.0,0.0,0.0,0.0,0.0,0.0,0.0,6.0,12.0,1.0,12.18,5.01,2.5,1.49,0.0,0.0,0.0,0.4,0.0,0.2,0.0,-0.3,-169.60000000000002,0.0,0.0,169.60000000000002,0.0,21.3,29.700000000000003,29.700000000000003,30.3,300.0,300.0,31.200000000000003,35.2,29.6,28.8,30.700000000000003,4.95,1.99,4.97,0.16,0.0,0.0,1027.0,8228.0,0.0,0.0,0.0,0.0,0.0,1.0,0.0,0.0,0.0,0.0,0.0,-0.2,0.0,0.2,0.0,0.0,16.0,25903.0
2026-07-30T19:00:16.384Z,185.867,185.88,0.0,7.4,0.0,0.0,0.0,0.0,0.0,0.0,0.0,0.0,1.0,0.0,0.0,0.0,9.0,4.0,0.0,0.0,0.0,0.0,0.0,0.0,0.0,0.0,1.0,12.0,1.0,12.18,5.01,2.5,1.49,0.0,0.0,0.0,0.4,0.0,0.8,0.0,-0.3,-169.60000000000002,0.0,0.0,169.60000000000002,0.0,21.3,29.700000000000003,29.700000000000003,30.3,300.0,300.0,31.200000000000003,35.2,29.6,28.8,30.700000000000003,4.96,2.0,4.97,0.16,0.0,0.0,1027.0,8228.0,0.0,0.0,0.0,0.0,0.0,1.0,0.0,0.0,0.0,0.0,0.0,-0.2,0.0,0.2,0.0,0.0,16.0,25903.0
2026-07-30T19:00:16.395Z,185.878,185.892,0.0,7.4,0.0,0.0,0.0,0.0,0.0,0.0,0.0,0.0,1.0,0.0,0.0,0.0,9.0,4.0,0.0,0.0,0.0,0.0,0.0,0.0,0.0,0.0,3.0,12.0,1.0,12.18,5.01,2.5,1.49,0.0,0.0,0.0,0.4,0.0,0.2,0.6000000000000001,-0.8,-169.60000000000002,0.0,0.0,169.60000000000002,0.0,21.3,29.700000000000003,29.700000000000003,30.3,300.0,300.0,31.200000000000003,35.2,29.6,28.8,30.700000000000003,4.95,2.0,4.96,0.16,0.0,0.0,1027.0,8228.0,0.0,0.0,0.0,0.0,0.0,1.0,0.0,0.0,0.0,0.0,0.0,0.0,0.0,0.8,0.0,0.0,16.0,25903.0
2026-07-30T19:00:16.407Z,185.89,185.904,0.0,7.4,0.0,0.0,0.0,0.0,0.0,0.0,0.0,0.0,1.0,0.0,0.0,0.0,9.0,4.0,0.0,0.0,0.0,0.0,0.0,0.0,0.0,0.0,4.0,12.0,1.0,12.18,5.01,2.5,1.49,0.0,0.0,0.0,0.4,0.0,0.1,-1.1,0.3,-169.60000000000002,0.0,0.0,169.60000000000002,0.0,21.3,29.700000000000003,29.700000000000003,30.3,300.0,300.0,31.200000000000003,35.2,29.6,28.8,30.700000000000003,4.95,1.99,4.97,0.16,0.0,0.0,1027.0,8228.0,0.0,0.0,0.0,0.0,0.0,1.0,0.0,0.0,0.0,0.0,0.0,-1.1,0.0,-0.5,0.0,0.0,16.0,25903.0
2026-07-30T19:00:16.419Z,185.902,185.916,0.0,7.4,0.0,0.0,0.0,0.0,0.0,0.0,0.0,0.0,1.0,0.0,0.0,0.0,9.0,4.0,0.0,0.0,0.0,0.0,0.0,0.0,0.0,0.0,5.0,12.0,1.0,12.18,5.01,2.5,1.49,0.0,0.0,0.0,0.4,0.0,-0.3,0.0,-0.2,-169.60000000000002,0.0,0.0,169.60000000000002,0.0,21.3,29.700000000000003,29.700000000000003,30.3,300.0,300.0,31.200000000000003,35.2,29.6,28.8,30.700000000000003,4.95,2.0,4.96,0.16,0.0,0.0,1027.0,8228.0,0.0,0.0,0.0,0.0,0.0,1.0,0.0,0.0,0.0,0.0,0.0,-0.2,0.0,0.2,0.0,0.0,16.0,25903.0
2026-07-30T19:00:16.431Z,185.914,185.928,0.0,7.4,0.0,0.0,0.0,0.0,0.0,0.0,0.0,0.0,1.0,0.0,0.0,0.0,9.0,4.0,0.0,0.0,0.0,0.0,0.0,0.0,0.0,0.0,6.0,12.0,1.0,12.18,5.01,2.5,1.49,0.0,0.0,0.0,0.4,0.0,-0.3,0.0,-0.8,-169.60000000000002,0.0,0.0,169.60000000000002,0.0,21.3,29.700000000000003,29.700000000000003,30.3,300.0,300.0,31.200000000000003,35.2,29.6,28.8,30.700000000000003,4.96,2.0,4.96,0.16,0.0,0.0,1027.0,8228.0,0.0,0.0,0.0,0.0,0.0,1.0,0.0,0.0,0.0,0.0,0.0,-0.6000000000000001,0.0,0.7000000000000001,0.0,0.0,16.0,25903.0
2026-07-30T19:00:16.445Z,185.928,185.94,0.0,7.4,0.0,0.0,0.0,0.0,0.0,0.0,0.0,0.0,1.0,0.0,0.0,0.0,9.0,4.0,0.0,0.0,0.0,0.0,0.0,0.0,0.0,0.0,1.0,12.0,1.0,12.18,5.0200000000000005,2.5,1.49,0.0,0.0,0.0,0.4,0.0,0.7000000000000001,-0.5,1.4,-169.60000000000002,0.0,0.0,169.60000000000002,0.0,21.9,29.700000000000003,29.700000000000003,30.3,300.0,300.0,31.3,35.1,29.6,28.8,30.700000000000003,4.95,2.0,4.97,0.16,0.0,0.0,1027.0,8228.0,0.0,0.0,0.0,0.0,0.0,1.0,0.0,0.0,0.0,0.0,0.0,0.4,0.0,-1.4,0.0,0.0,16.0,25903.0
2026-07-30T19:00:16.456Z,185.939,185.952,0.0,7.4,0.0,0.0,0.0,0.0,0.0,0.0,0.0,0.0,1.0,0.0,0.0,0.0,9.0,4.0,0.0,0.0,0.0,0.0,0.0,0.0,0.0,0.0,2.0,12.0,1.0,12.18,5.0200000000000005,2.5,1.49,0.0,0.0,0.0,0.4,0.0,-0.4,-0.5,2.0,-169.60000000000002,0.0,0.0,169.60000000000002,0.0,21.9,29.700000000000003,29.700000000000003,30.3,300.0,300.0,31.3,35.1,29.6,28.8,30.700000000000003,4.96,1.99,4.97,0.16,0.0,0.0,1027.0,8228.0,0.0,0.0,0.0,0.0,0.0,1.0,0.0,0.0,0.0,0.0,0.0,0.9,0.0,-1.9,0.0,0.0,16.0,25903.0
2026-07-30T19:00:16.467Z,185.95,185.964,0.0,7.4,0.0,0.0,0.0,0.0,0.0,0.0,0.0,0.0,1.0,0.0,0.0,0.0,9.0,4.0,0.0,0.0,0.0,0.0,0.0,0.0,0.0,0.0,2.0,12.0,1.0,12.18,5.0200000000000005,2.5,1.49,0.0,0.0,0.0,0.4,0.0,0.7000000000000001,0.6000000000000001,0.9,-169.60000000000002,0.0,0.0,169.60000000000002,0.0,21.9,29.700000000000003,29.700000000000003,30.3,300.0,300.0,31.3,35.1,29.6,28.8,30.700000000000003,4.96,2.0,4.96,0.16,0.0,0.0,1027.0,8228.0,0.0,0.0,0.0,0.0,0.0,1.0,0.0,0.0,0.0,0.0,0.0,1.3,0.0,-0.7000000000000001,0.0,0.0,16.0,25903.0
2026-07-30T19:00:16.479Z,185.962,185.976,0.0,7.4,0.0,0.0,0.0,0.0,0.0,0.0,0.0,0.0,1.0,0.0,0.0,0.0,9.0,4.0,0.0,0.0,0.0,0.0,0.0,0.0,0.0,0.0,4.0,12.0,1.0,12.18,5.0200000000000005,2.5,1.49,0.0,0.0,0.0,0.4,0.0,0.1,0.0,-0.2,-169.60000000000002,0.0,0.0,169.60000000000002,0.0,21.9,29.700000000000003,29.700000000000003,30.3,300.0,300.0,31.3,35.1,29.6,28.8,30.700000000000003,4.96,1.99,4.96,0.16,0.0,0.0,1027.0,8228.0,0.0,0.0,0.0,0.0,0.0,1.0,0.0,0.0,0.0,0.0,0.0,-0.1,0.0,0.2,0.0,0.0,16.0,25903.0
2026-07-30T19:00:16.491Z,185.974,185.988,0.0,7.4,0.0,0.0,0.0,0.0,0.0,0.0,0.0,0.0,1.0,0.0,0.0,0.0,9.0,4.0,0.0,0.0,0.0,0.0,0.0,0.0,0.0,0.0,5.0,12.0,1.0,12.18,5.0200000000000005,2.5,1.49,0.0,0.0,0.0,0.4,0.0,-0.4,-0.6000000000000001,-0.2,-169.60000000000002,0.0,0.0,169.70000000000002,0.0,21.9,29.700000000000003,29.700000000000003,30.3,300.0,300.0,31.3,35.1,29.6,28.8,30.700000000000003,4.96,1.99,4.97,0.16,0.0,0.0,1027.0,8228.0,0.0,0.0,0.0,0.0,0.0,1.0,0.0,0.0,0.0,0.0,0.0,0.6000000000000001,0.0,-0.7000000000000001,0.0,0.0,16.0,25903.0
2026-07-30T19:00:16.503Z,185.986,186.0,0.0,7.4,0.0,0.0,0.0,0.0,0.0,0.0,0.0,0.0,1.0,0.0,0.0,0.0,9.0,4.0,0.0,0.0,0.0,0.0,0.0,0.0,0.0,0.0,6.0,12.0,1.0,12.18,5.0200000000000005,2.5,1.49,0.0,0.0,0.0,0.5,0.0,0.1,-0.6000000000000001,0.8,-169.60000000000002,0.0,0.0,169.70000000000002,0.0,21.9,29.700000000000003,29.700000000000003,30.3,300.0,300.0,31.3,35.1,29.6,28.8,30.700000000000003,4.96,1.99,4.96,0.16,0.0,0.0,1027.0,8228.0,0.0,0.0,0.0,0.0,0.0,1.0,0.0,0.0,0.0,0.0,0.0,-0.7000000000000001,0.0,-1.0,0.0,0.0,16.0,25903.0
2026-07-30T19:00:16.515Z,185.998,186.012,0.0,7.4,0.0,0.0,0.0,0.0,0.0,0.0,0.0,0.0,1.0,0.0,0.0,0.0,9.0,4.0,0.0,0.0,0.0,0.0,0.0,0.0,0.0,0.0,1.0,12.0,1.0,12.18,5.0200000000000005,2.5,1.49,0.0,0.0,0.0,0.4,0.0,0.1,0.0,0.8,-169.60000000000002,0.0,0.0,169.70000000000002,0.0,21.9,29.700000000000003,29.700000000000003,30.3,300.0,300.0,31.3,35.1,29.6,28.8,30.700000000000003,4.96,1.99,4.97,0.16,0.0,0.0,1027.0,8228.0,0.0,0.0,0.0,0.0,0.0,1.0,0.0,0.0,0.0,0.0,0.0,0.4,0.0,0.3,0.0,0.0,16.0,25903.0
2026-07-30T19:00:16.527Z,186.01,186.024,0.0,7.4,0.0,0.0,0.0,0.0,0.0,0.0,0.0,0.0,1.0,0.0,0.0,0.0,9.0,4.0,0.0,0.0,0.0,0.0,0.0,0.0,0.0,0.0,2.0,12.0,1.0,12.18,5.0200000000000005,2.5,1.49,0.0,0.1,0.0,0.5,0.0,-0.4,1.1,-0.8,-169.60000000000002,0.0,0.0,169.70000000000002,0.0,21.9,29.700000000000003,29.700000000000003,30.3,300.0,300.0,31.3,35.1,29.6,28.8,30.700000000000003,4.95,1.99,4.97,0.16,0.0,0.0,1027.0,8228.0,0.0,0.0,0.0,0.0,0.0,1.0,0.0,0.0,0.0,0.0,0.0,2.3000000000000003,0.0,-1.0,0.0,0.0,16.0,25903.0
2026-07-30T19:00:16.539Z,186.022,186.036,0.0,7.4,0.0,0.0,0.0,0.0,0.0,0.0,0.0,0.0,1.0,0.0,0.0,0.0,9.0,4.0,0.0,0.0,0.0,0.0,0.0,0.0,0.0,0.0,3.0,12.0,1.0,12.18,5.0200000000000005,2.5,1.49,0.0,0.0,0.0,0.4,0.0,0.1,-1.2000000000000002,-0.3,-169.60000000000002,0.0,0.0,169.70000000000002,0.0,21.9,29.700000000000003,29.700000000000003,30.3,300.0,300.0,31.3,35.1,29.6,28.8,30.700000000000003,4.96,1.99,4.97,0.16,0.0,0.0,1027.0,8228.0,0.0,0.0,0.0,0.0,0.0,1.0,0.0,0.0,0.0,0.0,0.0,-1.6,0.0,0.0,0.0,0.0,16.0,25903.0
2026-07-30T19:00:16.562Z,186.045,186.048,0.0,7.4,0.0,0.0,0.0,0.0,0.0,0.0,0.0,0.0,1.0,0.0,0.0,0.0,9.0,4.0,0.0,0.0,0.0,0.0,0.0,0.0,0.0,0.0,4.0,12.0,1.0,12.15,5.01,2.51,1.49,0.0,0.0,0.0,0.4,0.0,-0.4,0.5,-0.2,-169.60000000000002,0.0,0.0,169.70000000000002,0.0,21.700000000000003,29.700000000000003,29.700000000000003,30.3,300.0,300.0,31.3,35.2,29.6,28.8,30.700000000000003,4.95,1.99,4.96,0.16,0.0,0.0,1027.0,8228.0,0.0,0.0,0.0,0.0,0.0,1.0,0.0,0.0,0.0,0.0,0.0,0.3,0.0,0.3,0.0,0.0001,16.0,25903.0
2026-07-30T19:00:16.566Z,186.049,186.06,0.0,7.4,0.0,0.0,0.0,0.0,0.0,0.0,0.0,0.0,1.0,0.0,0.0,0.0,9.0,4.0,0.0,0.0,0.0,0.0,0.0,0.0,0.0,0.0,3.0,12.0,1.0,12.15,5.01,2.51,1.49,0.0,0.0,0.0,0.4,0.0,-0.4,0.5,-0.8,-169.60000000000002,0.0,0.0,169.60000000000002,0.0,21.700000000000003,29.700000000000003,29.700000000000003,30.3,300.0,300.0,31.3,35.2,29.6,28.8,30.700000000000003,4.95,1.99,4.97,0.16,0.0,0.0,1027.0,8228.0,0.0,0.0,0.0,0.0,0.0,1.0,0.0,0.0,0.0,0.0,0.0,0.0,0.0,0.8,0.0,0.0,16.0,25903.0
2026-07-30T19:00:16.575Z,186.058,186.072,0.0,7.4,0.0,0.0,0.0,0.0,0.0,0.0,0.0,0.0,1.0,0.0,0.0,0.0,9.0,4.0,0.0,0.0,0.0,0.0,0.0,0.0,0.0,0.0,2.0,12.0,1.0,12.15,5.01,2.51,1.49,0.0,0.1,0.0,0.4,0.0,0.1,1.7000000000000002,0.2,-169.60000000000002,0.0,0.0,169.60000000000002,0.0,21.700000000000003,29.700000000000003,29.700000000000003,30.3,300.0,300.0,31.3,35.2,29.6,28.8,30.700000000000003,4.95,1.99,4.97,0.16,0.0,0.0,1027.0,8228.0,0.0,0.0,0.0,0.0,0.0,1.0,0.0,0.0,0.0,0.0,0.0,2.2,0.0,0.1,0.0,0.0001,16.0,25903.0
2026-07-30T19:00:16.587Z,186.07,186.084,0.0,7.4,0.0,0.0,0.0,0.0,0.0,0.0,0.0,0.0,1.0,0.0,0.0,0.0,9.0,4.0,0.0,0.0,0.0,0.0,0.0,0.0,0.0,0.0,3.0,12.0,1.0,12.15,5.01,2.51,1.49,0.0,0.1,0.0,0.4,0.0,0.2,0.0,0.2,-169.60000000000002,0.0,0.0,169.60000000000002,0.0,21.700000000000003,29.700000000000003,29.700000000000003,30.3,300.0,300.0,31.3,35.2,29.6,28.8,30.700000000000003,4.95,1.99,4.96,0.16,0.0,0.0,1027.0,8228.0,0.0,0.0,0.0,0.0,0.0,1.0,0.0,0.0,0.0,0.0,0.0,0.2,0.0,-0.2,0.0,0.0001,16.0,25903.0
2026-07-30T19:00:16.599Z,186.082,186.096,0.0,7.4,0.0,0.0,0.0,0.0,0.0,0.0,0.0,0.0,1.0,0.0,0.0,0.0,9.0,4.0,0.0,0.0,0.0,0.0,0.0,0.0,0.0,0.0,4.0,12.0,1.0,12.15,5.01,2.51,1.49,0.0,0.0,0.0,0.5,0.0,0.8,0.6000000000000001,0.3,-169.60000000000002,0.0,0.0,169.60000000000002,0.0,21.700000000000003,29.700000000000003,29.700000000000003,30.3,300.0,300.0,31.3,35.2,29.6,28.8,30.700000000000003,4.95,1.99,4.97,0.16,0.0,0.0,1027.0,8228.0,0.0,0.0,0.0,0.0,0.0,1.0,0.0,0.0,0.0,0.0,0.0,0.9,0.0,-0.1,0.0,0.0,16.0,25903.0
2026-07-30T19:00:16.611Z,186.094,186.108,0.0,7.4,0.0,0.0,0.0,0.0,0.0,0.0,0.0,0.0,1.0,0.0,0.0,0.0,9.0,4.0,0.0,0.0,0.0,0.0,0.0,0.0,0.0,0.0,5.0,12.0,1.0,12.15,5.01,2.51,1.49,0.0,0.0,0.0,0.4,0.0,-0.3,1.1,-0.2,-169.60000000000002,0.0,0.0,169.60000000000002,0.0,21.700000000000003,29.700000000000003,29.700000000000003,30.3,300.0,300.0,31.3,35.2,29.6,28.8,30.700000000000003,4.95,1.99,4.96,0.16,0.0,0.0,1027.0,8228.0,0.0,0.0,0.0,0.0,0.0,1.0,0.0,0.0,0.0,0.0,0.0,1.1,0.0,0.4,0.0,0.0,16.0,25903.0
2026-07-30T19:00:16.624Z,186.107,186.12,0.0,7.4,0.0,0.0,0.0,0.0,0.0,0.0,0.0,0.0,1.0,0.0,0.0,0.0,9.0,4.0,0.0,0.0,0.0,0.0,0.0,0.0,0.0,0.0,6.0,12.0,1.0,12.15,5.01,2.51,1.49,0.0,0.0,0.0,0.4,0.0,-0.3,0.0,-0.7000000000000001,-169.60000000000002,0.0,0.0,169.60000000000002,0.0,21.700000000000003,29.700000000000003,29.700000000000003,30.3,300.0,300.0,31.3,35.2,29.6,28.8,30.700000000000003,4.96,1.99,4.96,0.16,0.0,0.0,1027.0,8228.0,0.0,0.0,0.0,0.0,0.0,1.0,0.0,0.0,0.0,0.0,0.0,-0.5,0.0,0.6000000000000001,0.0,0.0,16.0,25903.0
2026-07-30T19:00:16.635Z,186.118,186.132,0.0,7.4,0.0,0.0,0.0,0.0,0.0,0.0,0.0,0.0,1.0,0.0,0.0,0.0,9.0,4.0,0.0,0.0,0.0,0.0,0.0,0.0,0.0,0.0,1.0,12.0,1.0,12.15,5.01,2.51,1.49,0.0,0.0,0.0,0.4,0.0,-0.9,0.0,-0.1,-169.60000000000002,0.0,0.0,169.60000000000002,0.0,21.700000000000003,29.700000000000003,29.700000000000003,30.3,300.0,300.0,31.3,35.2,29.6,28.8,30.700000000000003,4.95,1.99,4.96,0.16,0.0,0.0,1027.0,8228.0,0.0,0.0,0.0,0.0,0.0,1.0,0.0,0.0,0.0,0.0,0.0,-0.1,0.0,0.1,0.0,0.0,16.0,25903.0
2026-07-30T19:00:16.649Z,186.132,186.144,0.0,7.4,0.0,0.0,0.0,0.0,0.0,0.0,0.0,0.0,1.0,0.0,0.0,0.0,9.0,4.0,0.0,0.0,0.0,0.0,0.0,0.0,0.0,0.0,2.0,12.0,1.0,12.15,5.01,2.51,1.49,0.0,0.0,0.0,0.4,0.0,-0.3,-1.1,-1.9,-169.60000000000002,0.0,0.0,169.60000000000002,0.0,21.3,29.700000000000003,29.700000000000003,30.3,300.0,300.0,31.1,35.1,29.5,28.8,30.700000000000003,4.95,1.99,4.97,0.16,0.0,0.0,1027.0,8228.0,0.0,0.0,0.0,0.0,0.0,1.0,0.0,0.0,0.0,0.0,0.0,-2.7,0.0,1.4,0.0,0.0,16.0,25903.0
2026-07-30T19:00:16.659Z,186.142,186.156,0.0,7.4,0.0,0.0,0.0,0.0,0.0,0.0,0.0,0.0,1.0,0.0,0.0,0.0,9.0,4.0,0.0,0.0,0.0,0.0,0.0,0.0,0.0,0.0,4.0,12.0,1.0,12.15,5.01,2.51,1.49,0.0,0.0,0.0,0.4,0.0,-0.9,0.0,-0.1,-169.60000000000002,0.0,0.0,169.60000000000002,0.0,21.3,29.700000000000003,29.700000000000003,30.3,300.0,300.0,31.1,35.1,29.5,28.8,30.700000000000003,4.95,1.99,4.96,0.16,0.0,0.0,1027.0,8228.0,0.0,0.0,0.0,0.0,0.0,1.0,0.0,0.0,0.0,0.0,0.0,-0.1,0.0,0.1,0.0,0.0,16.0,25903.0
2026-07-30T19:00:16.671Z,186.154,186.168,0.0,7.4,0.0,0.0,0.0,0.0,0.0,0.0,0.0,0.0,1.0,0.0,0.0,0.0,9.0,4.0,0.0,0.0,0.0,0.0,0.0,0.0,0.0,0.0,5.0,12.0,1.0,12.15,5.01,2.51,1.49,0.0,0.0,0.0,0.4,0.0,-0.3,0.0,-0.1,-169.60000000000002,0.0,0.0,169.60000000000002,0.0,21.3,29.700000000000003,29.700000000000003,30.3,300.0,300.0,31.1,35.1,29.5,28.8,30.700000000000003,4.95,1.99,4.96,0.16,0.0,0.0,1027.0,8228.0,0.0,0.0,0.0,0.0,0.0,1.0,0.0,0.0,0.0,0.0,0.0,-0.1,0.0,0.1,0.0,0.0,16.0,25903.0
2026-07-30T19:00:16.684Z,186.167,186.18,0.0,7.4,0.0,0.0,0.0,0.0,0.0,0.0,0.0,0.0,1.0,0.0,0.0,0.0,9.0,4.0,0.0,0.0,0.0,0.0,0.0,0.0,0.0,0.0,6.0,12.0,1.0,12.15,5.01,2.51,1.49,0.0,0.0,0.0,0.5,0.0,-0.2,-0.5,-0.7000000000000001,-169.60000000000002,0.0,0.0,169.60000000000002,0.0,21.3,29.700000000000003,29.700000000000003,30.3,300.0,300.0,31.1,35.1,29.5,28.8,30.700000000000003,4.95,1.99,4.97,0.16,0.0,0.0,1027.0,8228.0,0.0,0.0,0.0,0.0,0.0,1.0,0.0,0.0,0.0,0.0,0.0,-1.1,0.0,0.5,0.0,0.0,16.0,25903.0
2026-07-30T19:00:16.696Z,186.179,186.192,0.0,7.4,0.0,0.0,0.0,0.0,0.0,0.0,0.0,0.0,1.0,0.0,0.0,0.0,9.0,4.0,0.0,0.0,0.0,0.0,0.0,0.0,0.0,0.0,1.0,12.0,1.0,12.15,5.01,2.51,1.49,0.0,0.1,0.0,0.4,0.0,-0.3,-1.1,-0.1,-169.60000000000002,0.0,0.0,169.60000000000002,0.0,21.3,29.700000000000003,29.700000000000003,30.3,300.0,300.0,31.1,35.1,29.5,28.8,30.700000000000003,4.96,2.0,4.96,0.16,0.0,0.0,1027.0,8228.0,0.0,0.0,0.0,0.0,0.0,1.0,0.0,0.0,0.0,0.0,0.0,-1.4,0.0,0.0,0.0,0.0,16.0,25903.0
2026-07-30T19:00:16.708Z,186.191,186.204,0.0,7.4,0.0,0.0,0.0,0.0,0.0,0.0,0.0,0.0,1.0,0.0,0.0,0.0,9.0,4.0,0.0,0.0,0.0,0.0,0.0,0.0,0.0,0.0,2.0,12.0,1.0,12.15,5.01,2.51,1.49,0.0,0.0,0.0,0.4,0.0,0.2,0.0,-0.1,-169.60000000000002,0.0,0.0,169.60000000000002,0.0,21.3,29.700000000000003,29.700000000000003,30.3,300.0,300.0,31.1,35.1,29.5,28.8,30.700000000000003,4.96,1.99,4.96,0.16,0.0,0.0,1027.0,8228.0,0.0,0.0,0.0,0.0,0.0,1.0,0.0,0.0,0.0,0.0,0.0,-0.1,0.0,0.1,0.0,0.0,16.0,25903.0
2026-07-30T19:00:16.719Z,186.202,186.216,0.0,7.4,0.0,0.0,0.0,0.0,0.0,0.0,0.0,0.0,1.0,0.0,0.0,0.0,9.0,4.0,0.0,0.0,0.0,0.0,0.0,0.0,0.0,0.0,4.0,12.0,1.0,12.15,5.01,2.51,1.49,0.0,0.0,0.0,0.4,0.0,-0.9,-1.2000000000000002,-0.7000000000000001,-169.60000000000002,0.0,0.0,169.60000000000002,0.0,21.3,29.700000000000003,29.700000000000003,30.3,300.0,300.0,31.1,35.1,29.5,28.8,30.700000000000003,4.95,1.99,4.96,0.16,0.0,0.0,1027.0,8228.0,0.0,0.0,0.0,0.0,0.0,1.0,0.0,0.0,0.0,0.0,0.0,-1.9,0.0,0.4,0.0,0.0,16.0,25903.0
2026-07-30T19:00:16.731Z,186.214,186.228,0.0,7.4,0.0,0.0,0.0,0.0,0.0,0.0,0.0,0.0,1.0,0.0,0.0,0.0,9.0,4.0,0.0,0.0,0.0,0.0,0.0,0.0,0.0,0.0,5.0,12.0,1.0,12.15,5.01,2.51,1.49,0.0,0.0,0.0,0.5,0.0,-0.3,-0.6000000000000001,0.3,-169.60000000000002,0.0,0.0,169.70000000000002,0.0,21.3,29.700000000000003,29.700000000000003,30.3,300.0,300.0,31.1,35.1,29.5,28.8,30.700000000000003,4.95,1.99,4.97,0.16,0.0,0.0,1027.0,8228.0,0.0,0.0,0.0,0.0,0.0,1.0,0.0,0.0,0.0,0.0,0.0,-0.4,0.0,-0.4,0.0,0.0,16.0,25903.0
2026-07-30T19:00:16.743Z,186.226,186.24,0.0,7.4,0.0,0.0,0.0,0.0,0.0,0.0,0.0,0.0,1.0,0.0,0.0,0.0,9.0,4.0,0.0,0.0,0.0,0.0,0.0,0.0,0.0,0.0,6.0,12.0,1.0,12.15,5.01,2.51,1.49,0.0,0.0,0.0,0.4,0.0,0.2,-0.6000000000000001,1.5,-169.60000000000002,0.0,0.0,169.60000000000002,0.0,21.3,29.700000000000003,29.700000000000003,30.3,300.0,300.0,31.1,35.1,29.5,28.8,30.700000000000003,4.96,1.99,4.96,0.16,0.0,0.0,1027.0,8228.0,0.0,0.0,0.0,0.0,0.0,1.0,0.0,0.0,0.0,0.0,0.0,0.3,0.0,-1.4,0.0,0.0,16.0,25903.0
2026-07-30T19:00:16.756Z,186.239,186.252,0.0,7.4,0.0,0.0,0.0,0.0,0.0,0.0,0.0,0.0,1.0,0.0,0.0,0.0,9.0,4.0,0.0,0.0,0.0,0.0,0.0,0.0,0.0,0.0,1.0,12.0,1.0,12.18,5.01,2.51,1.49,0.0,0.0,0.0,0.5,0.0,1.3,0.0,0.3,-169.60000000000002,0.0,0.0,169.60000000000002,0.0,21.4,29.700000000000003,29.700000000000003,30.3,300.0,300.0,31.200000000000003,35.1,29.5,28.8,30.700000000000003,4.96,1.99,4.97,0.16,0.0,0.0,1027.0,8228.0,0.0,0.0,0.0,0.0,0.0,1.0,0.0,0.0,0.0,0.0,0.0,0.1,0.0,-0.3,0.0,0.0,16.0,25903.0
2026-07-30T19:00:16.768Z,186.251,186.264,0.0,7.4,0.0,0.0,0.0,0.0,0.0,0.0,0.0,0.0,1.0,0.0,0.0,0.0,9.0,4.0,0.0,0.0,0.0,0.0,0.0,0.0,0.0,0.0,2.0,12.0,1.0,12.18,5.01,2.51,1.49,0.0,0.1,0.0,0.5,0.0,-0.3,0.0,-0.7000000000000001,-169.60000000000002,0.0,0.0,169.70000000000002,0.0,21.4,29.700000000000003,29.700000000000003,30.3,300.0,300.0,31.200000000000003,35.1,29.5,28.8,30.700000000000003,4.95,1.99,4.97,0.16,0.0,0.0,1027.0,8228.0,0.0,0.0,0.0,0.0,0.0,1.0,0.0,0.0,0.0,0.0,0.0,-0.6000000000000001,0.0,0.6000000000000001,0.0,0.0,16.0,25903.0
2026-07-30T19:00:16.779Z,186.262,186.276,0.0,7.4,0.0,0.0,0.0,0.0,0.0,0.0,0.0,0.0,1.0,0.0,0.0,0.0,9.0,4.0,0.0,0.0,0.0,0.0,0.0,0.0,0.0,0.0,3.0,12.0,1.0,12.18,5.01,2.51,1.49,0.0,0.0,0.0,0.4,0.0,0.2,-0.5,0.4,-169.60000000000002,0.0,0.0,169.70000000000002,0.0,21.4,29.700000000000003,29.700000000000003,30.3,300.0,300.0,31.200000000000003,35.1,29.5,28.8,30.700000000000003,4.96,1.99,4.96,0.16,0.0,0.0,1027.0,8228.0,0.0,0.0,0.0,0.0,0.0,1.0,0.0,0.0,0.0,0.0,0.0,-0.3,0.0,-0.4,0.0,0.0,16.0,25903.0
2026-07-30T19:00:16.792Z,186.275,186.288,0.0,7.4,0.0,0.0,0.0,0.0,0.0,0.0,0.0,0.0,1.0,0.0,0.0,0.0,9.0,4.0,0.0,0.0,0.0,0.0,0.0,0.0,0.0,0.0,4.0,12.0,1.0,12.18,5.01,2.51,1.49,0.0,0.0,0.0,0.4,0.0,0.8,0.6000000000000001,3.3000000000000003,-169.60000000000002,0.0,0.0,169.70000000000002,0.0,21.4,29.700000000000003,29.700000000000003,30.3,300.0,300.0,31.200000000000003,35.1,29.5,28.8,30.700000000000003,4.95,2.0,4.96,0.16,0.0,0.0,1027.0,8228.0,0.0,0.0,0.0,0.0,0.0,1.0,0.0,0.0,0.0,0.0,0.0,3.2,0.0,-2.7,0.0,0.0001,16.0,25903.0
2026-07-30T19:00:16.803Z,186.286,186.3,0.0,7.4,0.0,0.0,0.0,0.0,0.0,0.0,0.0,0.0,1.0,0.0,0.0,0.0,9.0,4.0,0.0,0.0,0.0,0.0,0.0,0.0,0.0,0.0,5.0,12.0,1.0,12.18,5.01,2.51,1.49,0.0,0.0,0.0,0.4,0.0,0.8,0.0,1.0,-169.60000000000002,0.0,0.0,169.60000000000002,0.0,21.4,29.700000000000003,29.700000000000003,30.3,300.0,300.0,31.200000000000003,35.1,29.5,28.8,30.700000000000003,4.95,1.99,4.97,0.16,0.0,0.0,1027.0,8228.0,0.0,0.0,0.0,0.0,0.0,1.0,0.0,0.0,0.0,0.0,0.0,0.8,0.0,-0.8,0.0,0.0,16.0,25903.0
2026-07-30T19:00:16.816Z,186.299,186.312,0.0,7.4,0.0,0.0,0.0,0.0,0.0,0.0,0.0,0.0,1.0,0.0,0.0,0.0,9.0,4.0,0.0,0.0,0.0,0.0,0.0,0.0,0.0,0.0,6.0,12.0,1.0,12.18,5.01,2.51,1.49,0.0,0.0,0.0,0.5,0.0,0.2,1.8,1.6,-169.60000000000002,0.0,0.0,169.60000000000002,0.0,21.4,29.700000000000003,29.700000000000003,30.3,300.0,300.0,31.200000000000003,35.1,29.5,28.8,30.700000000000003,4.95,1.99,4.97,0.16,0.0,0.0,1027.0,8228.0,0.0,0.0,0.0,0.0,0.0,1.0,0.0,0.0,0.0,0.0,0.0,3.3000000000000003,0.0,-1.0,0.0,0.0001,16.0,25903.0
2026-07-30T19:00:16.828Z,186.311,186.324,0.0,7.4,0.0,0.0,0.0,0.0,0.0,0.0,0.0,0.0,1.0,0.0,0.0,0.0,9.0,4.0,0.0,0.0,0.0,0.0,0.0,0.0,0.0,0.0,1.0,12.0,1.0,12.18,5.01,2.51,1.49,0.0,0.0,0.0,0.4,0.0,-1.4,-0.4,-1.3,-169.60000000000002,0.0,0.0,169.60000000000002,0.0,21.4,29.700000000000003,29.700000000000003,30.3,300.0,300.0,31.200000000000003,35.1,29.5,28.8,30.700000000000003,4.96,1.99,4.96,0.15,0.0,0.0,1027.0,8228.0,0.0,0.0,0.0,0.0,0.0,1.0,0.0,0.0,0.0,0.0,0.0,-1.5,0.0,1.0,0.0,0.0,16.0,25903.0
2026-07-30T19:00:16.839Z,186.322,186.336,0.0,7.4,0.0,0.0,0.0,0.0,0.0,0.0,0.0,0.0,1.0,0.0,0.0,0.0,9.0,4.0,0.0,0.0,0.0,0.0,0.0,0.0,0.0,0.0,2.0,12.0,1.0,12.18,5.01,2.51,1.49,0.0,0.0,0.0,0.5,0.0,-0.2,-1.0,-0.7000000000000001,-169.60000000000002,0.0,0.0,169.70000000000002,0.0,21.4,29.700000000000003,29.700000000000003,30.3,300.0,300.0,31.200000000000003,35.1,29.5,28.8,30.700000000000003,4.95,1.99,4.97,0.15,0.0,0.0,1027.0,8228.0,0.0,0.0,0.0,0.0,0.0,1.0,0.0,0.0,0.0,0.0,0.0,-1.7000000000000002,0.0,0.4,0.0,0.0,16.0,25903.0
2026-07-30T19:00:16.853Z,186.336,186.348,0.0,7.4,0.0,0.0,0.0,0.0,0.0,0.0,0.0,0.0,1.0,0.0,0.0,0.0,9.0,4.0,0.0,0.0,0.0,0.0,0.0,0.0,0.0,0.0,4.0,12.0,1.0,12.18,5.01,2.51,1.49,0.0,0.0,0.0,0.4,0.0,0.3,0.6000000000000001,-0.1,-169.60000000000002,0.0,0.0,169.70000000000002,0.0,21.4,29.700000000000003,29.700000000000003,30.3,300.0,300.0,31.4,35.2,29.5,28.8,30.6,4.95,1.99,4.96,0.16,0.0,0.0,1027.0,8228.0,0.0,0.0,0.0,0.0,0.0,1.0,0.0,0.0,0.0,0.0,0.0,0.6000000000000001,0.0,0.2,0.0,0.0,16.0,25903.0
2026-07-30T19:00:16.872Z,186.355,186.36,0.0,7.4,0.0,0.0,0.0,0.0,0.0,0.0,0.0,0.0,1.0,0.0,0.0,0.0,9.0,4.0,0.0,0.0,0.0,0.0,0.0,0.0,0.0,0.0,5.0,12.0,1.0,12.18,5.01,2.51,1.49,0.0,0.0,0.0,0.4,0.0,0.9,0.6000000000000001,-0.7000000000000001,-169.60000000000002,0.0,0.0,169.60000000000002,0.0,21.4,29.700000000000003,29.700000000000003,30.3,300.0,300.0,31.4,35.2,29.5,28.8,30.6,4.96,1.99,4.96,0.16,0.0,0.0,1027.0,8228.0,0.0,0.0,0.0,0.0,0.0,1.0,0.0,0.0,0.0,0.0,0.0,0.2,0.0,0.7000000000000001,0.0,0.0001,16.0,25903.0
2026-07-30T19:00:16.880Z,186.363,186.372,0.0,7.4,0.0,0.0,0.0,0.0,0.0,0.0,0.0,0.0,1.0,0.0,0.0,0.0,9.0,4.0,0.0,0.0,0.0,0.0,0.0,0.0,0.0,0.0,4.0,12.0,1.0,12.18,5.01,2.51,1.49,0.0,0.0,0.0,0.4,0.0,0.9,-0.4,0.4,-169.60000000000002,0.0,0.0,169.60000000000002,0.0,21.4,29.700000000000003,29.700000000000003,30.3,300.0,300.0,31.4,35.2,29.5,28.8,30.6,4.96,1.99,4.96,0.16,0.0,0.0,1027.0,8228.0,0.0,0.0,0.0,0.0,0.0,1.0,0.0,0.0,0.0,0.0,0.0,-0.1,0.0,-0.5,0.0,0.0,16.0,25903.0
2026-07-30T19:00:16.888Z,186.371,186.384,0.0,7.4,0.0,0.0,0.0,0.0,0.0,0.0,0.0,0.0,1.0,0.0,0.0,0.0,9.0,4.0,0.0,0.0,0.0,0.0,0.0,0.0,0.0,0.0,2.0,12.0,1.0,12.18,5.01,2.51,1.49,0.0,0.0,0.0,0.4,0.0,0.3,-1.6,-0.7000000000000001,-169.60000000000002,0.0,0.0,169.60000000000002,0.0,21.4,29.700000000000003,29.700000000000003,30.3,300.0,300.0,31.4,35.2,29.5,28.8,30.6,4.95,1.99,4.97,0.16,0.0,0.0,1027.0,8228.0,0.0,0.0,0.0,0.0,0.0,1.0,0.0,0.0,0.0,0.0,0.0,-2.3000000000000003,0.0,0.2,0.0,0.0,16.0,25903.0
2026-07-30T19:00:16.899Z,186.382,186.396,0.0,7.4,0.0,0.0,0.0,0.0,0.0,0.0,0.0,0.0,1.0,0.0,0.0,0.0,9.0,4.0,0.0,0.0,0.0,0.0,0.0,0.0,0.0,0.0,3.0,12.0,1.0,12.18,5.01,2.51,1.49,0.0,0.1,0.0,0.4,0.0,-0.2,0.7000000000000001,0.4,-169.60000000000002,0.0,0.0,169.70000000000002,0.0,21.4,29.700000000000003,29.700000000000003,30.3,300.0,300.0,31.4,35.2,29.5,28.8,30.6,4.95,1.99,4.96,0.16,0.0,0.0,1027.0,8228.0,0.0,0.0,0.0,0.0,0.0,1.0,0.0,0.0,0.0,0.0,0.0,1.1,0.0,-0.2,0.0,0.0,16.0,25903.0
2026-07-30T19:00:16.911Z,186.394,186.408,0.0,7.4,0.0,0.0,0.0,0.0,0.0,0.0,0.0,0.0,1.0,0.0,0.0,0.0,9.0,4.0,0.0,0.0,0.0,0.0,0.0,0.0,0.0,0.0,5.0,12.0,1.0,12.18,5.01,2.51,1.49,0.0,0.0,0.0,0.4,0.0,0.3,1.9,1.6,-169.60000000000002,0.0,0.0,169.70000000000002,0.0,21.4,29.700000000000003,29.700000000000003,30.3,300.0,300.0,31.4,35.2,29.5,28.8,30.6,4.96,1.99,4.96,0.16,0.0,0.0,1027.0,8228.0,0.0,0.0,0.0,0.0,0.0,1.0,0.0,0.0,0.0,0.0,0.0,3.4000000000000004,0.0,-1.0,0.0,0.0,16.0,25903.0
2026-07-30T19:00:16.923Z,186.406,186.42,0.0,7.4,0.0,0.0,0.0,0.0,0.0,0.0,0.0,0.0,1.0,0.0,0.0,0.0,9.0,4.0,0.0,0.0,0.0,0.0,0.0,0.0,0.0,0.0,6.0,12.0,1.0,12.18,5.01,2.51,1.49,0.0,0.0,0.0,0.4,0.0,0.3,-0.4,-0.6000000000000001,-169.60000000000002,0.0,0.0,169.60000000000002,0.0,21.4,29.700000000000003,29.700000000000003,30.3,300.0,300.0,31.4,35.2,29.5,28.8,30.6,4.95,1.99,4.96,0.16,0.0,0.0,1027.0,8228.0,0.0,0.0,0.0,0.0,0.0,1.0,0.0,0.0,0.0,0.0,0.0,-1.0,0.0,0.5,0.0,0.0,16.0,25903.0
2026-07-30T19:00:16.935Z,186.418,186.432,0.0,7.4,0.0,0.0,0.0,0.0,0.0,0.0,0.0,0.0,1.0,0.0,0.0,0.0,9.0,4.0,0.0,0.0,0.0,0.0,0.0,0.0,0.0,0.0,1.0,12.0,1.0,12.18,5.01,2.51,1.49,0.0,0.0,0.0,0.5,0.0,-0.8,-1.6,0.0,-169.60000000000002,0.0,0.0,169.70000000000002,0.0,21.4,29.700000000000003,29.700000000000003,30.3,300.0,300.0,31.4,35.2,29.5,28.8,30.6,4.96,1.99,4.96,0.16,0.0,0.0,1027.0,8228.0,0.0,0.0,0.0,0.0,0.0,1.0,0.0,0.0,0.0,0.0,0.0,-1.9,0.0,-0.2,0.0,0.0,16.0,25903.0
2026-07-30T19:00:16.948Z,186.431,186.444,0.0,7.4,0.0,0.0,0.0,0.0,0.0,0.0,0.0,0.0,1.0,0.0,0.0,0.0,9.0,4.0,0.0,0.0,0.0,0.0,0.0,0.0,0.0,0.0,2.0,12.0,1.0,12.18,5.01,2.51,1.49,0.0,0.0,0.0,0.4,0.0,0.9,0.1,-1.2000000000000002,-169.60000000000002,0.0,0.0,169.60000000000002,0.0,21.4,29.700000000000003,29.700000000000003,30.3,300.0,300.0,31.4,35.2,29.5,28.8,30.6,4.96,2.0,4.97,0.16,0.0,0.0,1027.0,8228.0,0.0,0.0,0.0,0.0,0.0,1.0,0.0,0.0,0.0,0.0,0.0,-0.7000000000000001,0.0,1.1,0.0,0.0,16.0,25903.0
2026-07-30T19:00:16.959Z,186.442,186.456,0.0,7.4,0.0,0.0,0.0,0.0,0.0,0.0,0.0,0.0,1.0,0.0,0.0,0.0,9.0,4.0,0.0,0.0,0.0,0.0,0.0,0.0,0.0,0.0,3.0,12.0,1.0,12.14,5.0200000000000005,2.51,1.49,0.0,0.0,0.0,0.4,0.0,0.3,-0.4,-1.1,-169.60000000000002,0.0,0.0,169.60000000000002,0.0,21.8,29.700000000000003,29.700000000000003,30.3,300.0,300.0,31.3,35.2,29.5,28.8,30.700000000000003,4.95,1.99,4.97,0.16,0.0,0.0,1027.0,8228.0,0.0,0.0,0.0,0.0,0.0,1.0,0.0,0.0,0.0,0.0,0.0,-1.3,0.0,0.9,0.0,0.0001,16.0,25903.0
2026-07-30T19:00:16.972Z,186.455,186.468,0.0,7.4,0.0,0.0,0.0,0.0,0.0,0.0,0.0,0.0,1.0,0.0,0.0,0.0,9.0,4.0,0.0,0.0,0.0,0.0,0.0,0.0,0.0,0.0,4.0,12.0,1.0,12.14,5.0200000000000005,2.51,1.49,0.0,0.0,0.0,0.4,0.0,-0.7000000000000001,1.3,1.1,-169.60000000000002,0.0,0.0,169.60000000000002,0.0,21.8,29.700000000000003,29.700000000000003,30.3,300.0,300.0,31.3,35.2,29.5,28.8,30.700000000000003,4.95,1.99,4.97,0.16,0.0,0.0,1027.0,8228.0,0.0,0.0,0.0,0.0,0.0,1.0,0.0,0.0,0.0,0.0,0.0,2.3000000000000003,0.0,-0.7000000000000001,0.0,0.0,16.0,25903.0
2026-07-30T19:00:16.983Z,186.466,186.48,0.0,7.4,0.0,0.0,0.0,0.0,0.0,0.0,0.0,0.0,1.0,0.0,0.0,0.0,9.0,4.0,0.0,0.0,0.0,0.0,0.0,0.0,0.0,0.0,5.0,12.0,1.0,12.14,5.0200000000000005,2.51,1.49,-0.1,0.1,0.0,0.4,0.0,-0.8,-0.4,-0.6000000000000001,-169.60000000000002,0.0,0.0,169.60000000000002,0.0,21.8,29.700000000000003,29.700000000000003,30.3,300.0,300.0,31.3,35.2,29.5,28.8,30.700000000000003,4.96,1.99,4.97,0.16,0.0,0.0,1027.0,8228.0,0.0,0.0,0.0,0.0,0.0,1.0,0.0,0.0,0.0,0.0,0.0,-1.0,0.0,0.4,0.0,0.0,16.0,25903.0
2026-07-30T19:00:16.996Z,186.479,186.492,0.0,7.4,0.0,0.0,0.0,0.0,0.0,0.0,0.0,0.0,1.0,0.0,0.0,0.0,9.0,4.0,0.0,0.0,0.0,0.0,0.0,0.0,0.0,0.0,6.0,12.0,1.0,12.14,5.0200000000000005,2.51,1.49,0.0,0.1,0.0,0.4,0.0,-0.8,-0.4,-0.7000000000000001,-169.60000000000002,0.0,0.0,169.60000000000002,0.0,21.8,29.700000000000003,29.700000000000003,30.3,300.0,300.0,31.3,35.2,29.5,28.8,30.700000000000003,4.96,1.99,4.96,0.16,0.0,0.0,1027.0,8228.0,0.0,0.0,0.0,0.0,0.0,1.0,0.0,0.0,0.0,0.0,0.0,-1.0,0.0,0.5,0.0,0.0,16.0,25903.0
2026-07-30T19:00:17.007Z,186.49,186.504,0.0,7.4,0.0,0.0,0.0,0.0,0.0,0.0,0.0,0.0,1.0,0.0,0.0,0.0,9.0,4.0,0.0,0.0,0.0,0.0,0.0,0.0,0.0,0.0,1.0,12.0,1.0,12.14,5.0200000000000005,2.51,1.49,0.0,0.0,0.0,0.4,0.0,0.2,-0.4,-0.2,-169.60000000000002,0.0,0.0,169.60000000000002,0.0,21.8,29.700000000000003,29.700000000000003,30.3,300.0,300.0,31.3,35.2,29.5,28.8,30.700000000000003,4.95,1.99,4.96,0.16,0.0,0.0,1027.0,8228.0,0.0,0.0,0.0,0.0,0.0,1.0,0.0,0.0,0.0,0.0,0.0,-1.3,0.0,1.7000000000000002,0.0,0.0,16.0,25903.0
2026-07-30T19:00:17.019Z,186.502,186.516,0.0,7.4,0.0,0.0,0.0,0.0,0.0,0.0,0.0,0.0,1.0,0.0,0.0,0.0,9.0,4.0,0.0,0.0,0.0,0.0,0.0,0.0,0.0,0.0,2.0,12.0,1.0,12.14,5.0200000000000005,2.51,1.49,0.0,0.0,0.0,0.4,0.0,-0.3,-1.1,-1.9,-169.60000000000002,0.0,0.0,169.60000000000002,0.0,21.8,29.700000000000003,29.700000000000003,30.3,300.0,300.0,31.3,35.2,29.5,28.8,30.700000000000003,4.96,1.99,4.96,0.16,0.0,0.0,1027.0,8228.0,0.0,0.0,0.0,0.0,0.0,1.0,0.0,0.0,0.0,0.0,0.0,0.0,0.0,0.1,0.0,0.0,16.0,25903.0
2026-07-30T19:00:17.031Z,186.514,186.528,0.0,7.4,0.0,0.0,0.0,0.0,0.0,0.0,0.0,0.0,1.0,0.0,0.0,0.0,9.0,4.0,0.0,0.0,0.0,0.0,0.0,0.0,0.0,0.0,4.0,12.0,1.0,12.14,5.0200000000000005,2.51,1.49,0.0,0.0,0.0,0.4,0.0,0.2,-0.5,-0.1,-169.60000000000002,0.0,0.0,169.60000000000002,0.0,21.8,29.700000000000003,29.700000000000003,30.3,300.0,300.0,31.3,35.2,29.5,28.8,30.700000000000003,4.95,1.99,4.96,0.16,0.0,0.0,1027.0,8228.0,0.0,0.0,0.0,0.0,0.0,1.0,0.0,0.0,0.0,0.0,0.0,0.6000000000000001,0.0,0.3,0.0,0.0,16.0,25903.0
2026-07-30T19:00:17.043Z,186.526,186.54,0.0,7.4,0.0,0.0,0.0,0.0,0.0,0.0,0.0,0.0,1.0,0.0,0.0,0.0,9.0,4.0,0.0,0.0,0.0,0.0,0.0,0.0,0.0,0.0,5.0,12.0,1.0,12.14,5.0200000000000005,2.51,1.49,0.0,0.0,0.0,0.5,0.0,-0.3,0.0,-0.1,-169.60000000000002,0.0,0.0,169.60000000000002,0.0,21.8,29.700000000000003,29.700000000000003,30.3,300.0,300.0,31.3,35.2,29.5,28.8,30.700000000000003,4.95,1.99,4.97,0.16,0.0,0.0,1027.0,8228.0,0.0,0.0,0.0,0.0,0.0,1.0,0.0,0.0,0.0,0.0,0.0,0.0,0.0,0.1,0.0,0.0,16.0,25903.0
2026-07-30T19:00:17.056Z,186.539,186.552,0.0,7.4,0.0,0.0,0.0,0.0,0.0,0.0,0.0,0.0,1.0,0.0,0.0,0.0,9.0,4.0,0.0,0.0,0.0,0.0,0.0,0.0,0.0,0.0,6.0,12.0,1.0,12.18,5.0200000000000005,2.51,1.49,0.0,0.0,0.0,0.4,0.0,-0.3,0.0,0.3,-169.60000000000002,0.0,0.0,169.70000000000002,0.0,21.700000000000003,29.700000000000003,29.700000000000003,30.3,300.0,300.0,31.3,35.300000000000004,29.5,28.8,30.700000000000003,4.95,1.99,4.97,0.16,0.0,0.0,1027.0,8228.0,0.0,0.0,0.0,0.0,0.0,1.0,0.0,0.0,0.0,0.0,0.0,0.3,0.0,-0.3,0.0,0.0,16.0,25903.0
2026-07-30T19:00:17.067Z,186.55,186.564,0.0,7.4,0.0,0.0,0.0,0.0,0.0,0.0,0.0,0.0,1.0,0.0,0.0,0.0,9.0,4.0,0.0,0.0,0.0,0.0,0.0,0.0,0.0,0.0,2.0,12.0,1.0,12.18,5.0200000000000005,2.51,1.49,0.0,0.0,0.0,0.5,0.0,-0.8,-0.5,-0.1,-169.60000000000002,0.0,0.0,169.70000000000002,0.0,21.700000000000003,29.700000000000003,29.700000000000003,30.3,300.0,300.0,31.3,35.300000000000004,29.5,28.8,30.700000000000003,4.95,1.99,4.96,0.16,0.0,0.0,1027.0,8228.0,0.0,0.0,0.0,0.0,0.0,1.0,0.0,0.0,0.0,0.0,0.0,-0.7000000000000001,0.0,0.0,0.0,0.0,16.0,25903.0
2026-07-30T19:00:17.079Z,186.562,186.576,0.0,7.4,0.0,0.0,0.0,0.0,0.0,0.0,0.0,0.0,1.0,0.0,0.0,0.0,9.0,4.0,0.0,0.0,0.0,0.0,0.0,0.0,0.0,0.0,3.0,12.0,1.0,12.18,5.0200000000000005,2.51,1.49,0.0,0.0,0.0,0.4,0.0,0.3,0.6000000000000001,-0.1,-169.60000000000002,0.0,0.0,169.60000000000002,0.0,21.700000000000003,29.700000000000003,29.700000000000003,30.3,300.0,300.0,31.3,35.300000000000004,29.5,28.8,30.700000000000003,4.95,1.99,4.97,0.16,0.0,0.0,1027.0,8228.0,0.0,0.0,0.0,0.0,0.0,1.0,0.0,0.0,0.0,0.0,0.0,0.6000000000000001,0.0,0.2,0.0,0.0001,16.0,25903.0
2026-07-30T19:00:17.091Z,186.574,186.588,0.0,7.4,0.0,0.0,0.0,0.0,0.0,0.0,0.0,0.0,1.0,0.0,0.0,0.0,9.0,4.0,0.0,0.0,0.0,0.0,0.0,0.0,0.0,0.0,5.0,12.0,1.0,12.18,5.0200000000000005,2.51,1.49,0.0,0.1,0.0,0.4,0.0,0.3,0.6000000000000001,0.9,-169.60000000000002,0.0,0.0,169.60000000000002,0.0,21.700000000000003,29.700000000000003,29.700000000000003,30.3,300.0,300.0,31.3,35.300000000000004,29.5,28.8,30.700000000000003,4.95,1.99,4.96,0.16,0.0,0.0,1027.0,8228.0,0.0,0.0,0.0,0.0,0.0,1.0,0.0,0.0,0.0,0.0,0.0,1.4,0.0,-0.7000000000000001,0.0,0.0001,16.0,25903.0
2026-07-30T19:00:17.103Z,186.586,186.6,0.0,7.4,0.0,0.0,0.0,0.0,0.0,0.0,0.0,0.0,1.0,0.0,0.0,0.0,9.0,4.0,0.0,0.0,0.0,0.0,0.0,0.0,0.0,0.0,6.0,12.0,1.0,12.18,5.0200000000000005,2.51,1.49,0.0,0.0,0.0,0.4,0.0,-0.7000000000000001,1.2000000000000002,1.0,-169.60000000000002,0.0,0.0,169.60000000000002,0.0,21.700000000000003,29.700000000000003,29.700000000000003,30.3,300.0,300.0,31.3,35.300000000000004,29.5,28.8,30.700000000000003,4.96,1.99,4.96,0.16,0.0,0.0,1027.0,8228.0,0.0,0.0,0.0,0.0,0.0,1.0,0.0,0.0,0.0,0.0,0.0,2.2,0.0,-0.6000000000000001,0.0,0.0,16.0,25903.0
2026-07-30T19:00:17.115Z,186.598,186.612,0.0,7.4,0.0,0.0,0.0,0.0,0.0,0.0,0.0,0.0,1.0,0.0,0.0,0.0,9.0,4.0,0.0,0.0,0.0,0.0,0.0,0.0,0.0,0.0,1.0,12.0,1.0,12.18,5.0200000000000005,2.51,1.49,0.0,0.0,0.0,0.4,0.0,-0.2,0.0,0.0,-169.60000000000002,0.0,0.0,169.60000000000002,0.0,21.700000000000003,29.700000000000003,29.700000000000003,30.3,300.0,300.0,31.3,35.300000000000004,29.5,28.8,30.700000000000003,4.95,1.99,4.96,0.16,0.0,0.0,1027.0,8228.0,0.0,0.0,0.0,0.0,0.0,1.0,0.0,0.0,0.0,0.0,0.0,0.0,0.0,0.0,0.0,0.0,16.0,25903.0
2026-07-30T19:00:17.127Z,186.61,186.624,0.0,7.4,0.0,0.0,0.0,0.0,0.0,0.0,0.0,0.0,1.0,0.0,0.0,0.0,9.0,4.0,0.0,0.0,0.0,0.0,0.0,0.0,0.0,0.0,2.0,12.0,1.0,12.18,5.0200000000000005,2.51,1.49,0.0,0.0,0.0,0.4,0.0,-0.2,0.0,-0.6000000000000001,-169.60000000000002,0.0,0.0,169.60000000000002,0.0,21.700000000000003,29.700000000000003,29.700000000000003,30.3,300.0,300.0,31.3,35.300000000000004,29.5,28.8,30.700000000000003,4.95,1.99,4.97,0.16,0.0,0.0,1027.0,8228.0,0.0,0.0,0.0,0.0,0.0,1.0,0.0,0.0,0.0,0.0,0.0,-0.3,0.0,0.5,0.0,0.0,16.0,25903.0
2026-07-30T19:00:17.139Z,186.622,186.636,0.0,7.4,0.0,0.0,0.0,0.0,0.0,0.0,0.0,0.0,1.0,0.0,0.0,0.0,9.0,4.0,0.0,0.0,0.0,0.0,0.0,0.0,0.0,0.0,4.0,12.0,1.0,12.18,5.0200000000000005,2.51,1.49,0.0,0.0,0.0,0.4,0.0,0.9,1.2000000000000002,-1.2000000000000002,-169.60000000000002,0.0,0.0,169.60000000000002,0.0,21.700000000000003,29.700000000000003,29.700000000000003,30.3,300.0,300.0,31.3,35.300000000000004,29.5,28.8,30.700000000000003,4.95,1.99,4.96,0.16,0.0,0.0,1027.0,8228.0,0.0,0.0,0.0,0.0,0.0,1.0,0.0,0.0,0.0,0.0,0.0,0.5,0.0,1.3,0.0,0.0,16.0,25903.0
2026-07-30T19:00:17.151Z,186.634,186.648,0.0,7.4,0.0,0.0,0.0,0.0,0.0,0.0,0.0,0.0,1.0,0.0,0.0,0.0,9.0,4.0,0.0,0.0,0.0,0.0,0.0,0.0,0.0,0.0,5.0,12.0,1.0,12.18,5.0200000000000005,2.51,1.49,0.0,0.0,0.0,0.4,0.0,-0.8,-0.4,0.0,-169.60000000000002,0.0,0.0,169.70000000000002,0.0,21.700000000000003,29.700000000000003,29.700000000000003,30.3,300.0,300.0,31.3,35.300000000000004,29.5,28.8,30.700000000000003,4.95,1.99,4.96,0.16,0.0,0.0,1027.0,8228.0,0.0,0.0,0.0,0.0,0.0,1.0,0.0,0.0,0.0,0.0,0.0,-0.5,0.0,0.0,0.0,0.0,16.0,25903.0
2026-07-30T19:00:17.163Z,186.646,186.66,0.0,7.4,0.0,0.0,0.0,0.0,0.0,0.0,0.0,0.0,1.0,0.0,0.0,0.0,9.0,4.0,0.0,0.0,0.0,0.0,0.0,0.0,0.0,0.0,6.0,12.0,1.0,12.15,5.01,2.51,1.49,0.0,0.0,0.0,0.4,0.0,0.3,-0.4,1.1,-169.60000000000002,0.0,0.0,169.60000000000002,0.0,21.4,29.700000000000003,29.700000000000003,30.3,300.0,300.0,31.3,35.2,29.5,28.8,30.700000000000003,4.96,1.99,4.97,0.16,0.0,0.0,1027.0,8228.0,0.0,0.0,0.0,0.0,0.0,1.0,0.0,0.0,0.0,0.0,0.0,0.3,0.0,-1.0,0.0,0.0,16.0,25903.0
2026-07-30T19:00:17.175Z,186.658,186.672,0.0,7.4,0.0,0.0,0.0,0.0,0.0,0.0,0.0,0.0,1.0,0.0,0.0,0.0,9.0,4.0,0.0,0.0,0.0,0.0,0.0,0.0,0.0,0.0,1.0,12.0,1.0,12.15,5.01,2.51,1.49,0.0,0.0,0.0,0.4,0.0,-0.3,0.7000000000000001,0.5,-169.60000000000002,0.0,0.0,169.60000000000002,0.0,21.4,29.700000000000003,29.700000000000003,30.3,300.0,300.0,31.3,35.2,29.5,28.8,30.700000000000003,4.96,1.99,4.96,0.16,0.0,0.0,1027.0,8228.0,0.0,0.0,0.0,0.0,0.0,1.0,0.0,0.0,0.0,0.0,0.0,1.1,0.0,-0.2,0.0,0.0,16.0,25903.0
2026-07-30T19:00:17.193Z,186.676,186.684,0.0,7.4,0.0,0.0,0.0,0.0,0.0,0.0,0.0,0.0,1.0,0.0,0.0,0.0,9.0,4.0,0.0,0.0,0.0,0.0,0.0,0.0,0.0,0.0,1.0,12.0,1.0,12.15,5.01,2.51,1.49,0.0,0.0,0.0,0.4,0.0,-0.2,-0.4,0.0,-169.60000000000002,0.0,0.0,169.60000000000002,0.0,21.4,29.700000000000003,29.700000000000003,30.3,300.0,300.0,31.3,35.2,29.5,28.8,30.700000000000003,4.96,2.0,4.96,0.16,0.0,0.0,1027.0,8228.0,0.0,0.0,0.0,0.0,0.0,1.0,0.0,0.0,0.0,0.0,0.0,-0.5,0.0,0.0,0.0,0.0,16.0,25903.0
2026-07-30T19:00:17.199Z,186.682,186.696,0.0,7.4,0.0,0.0,0.0,0.0,0.0,0.0,0.0,0.0,1.0,0.0,0.0,0.0,9.0,4.0,0.0,0.0,0.0,0.0,0.0,0.0,0.0,0.0,5.0,12.0,1.0,12.15,5.01,2.51,1.49,0.0,0.0,0.0,0.4,0.0,-0.2,0.7000000000000001,-1.8,-169.60000000000002,0.0,0.0,169.70000000000002,0.0,21.4,29.700000000000003,29.700000000000003,30.3,300.0,300.0,31.3,35.2,29.5,28.8,30.700000000000003,4.95,1.99,4.96,0.16,0.0,0.0,1027.0,8228.0,0.0,0.0,0.0,0.0,0.0,1.0,0.0,0.0,0.0,0.0,0.0,-0.5,0.0,1.7000000000000002,0.0,0.0,16.0,25903.0
2026-07-30T19:00:17.211Z,186.694,186.708,0.0,7.4,0.0,0.0,0.0,0.0,0.0,0.0,0.0,0.0,1.0,0.0,0.0,0.0,9.0,4.0,0.0,0.0,0.0,0.0,0.0,0.0,0.0,0.0,1.0,12.0,1.0,12.15,5.01,2.51,1.49,0.0,0.0,0.0,0.5,0.0,0.2,0.1,0.0,-169.60000000000002,0.0,0.0,169.60000000000002,0.0,21.4,29.700000000000003,29.700000000000003,30.3,300.0,300.0,31.3,35.2,29.5,28.8,30.700000000000003,4.96,1.99,4.97,0.16,0.0,0.0,1027.0,8228.0,0.0,0.0,0.0,0.0,0.0,1.0,0.0,0.0,0.0,0.0,0.0,0.1,0.0,0.1,0.0,0.0,16.0,25903.0
2026-07-30T19:00:17.223Z,186.706,186.72,0.0,7.4,0.0,0.0,0.0,0.0,0.0,0.0,0.0,0.0,1.0,0.0,0.0,0.0,9.0,4.0,0.0,0.0,0.0,0.0,0.0,0.0,0.0,0.0,2.0,12.0,1.0,12.15,5.01,2.51,1.49,0.0,0.0,0.0,0.4,0.0,0.2,0.1,1.0,-169.60000000000002,0.0,0.0,169.60000000000002,0.0,21.4,29.700000000000003,29.700000000000003,30.3,300.0,300.0,31.3,35.2,29.5,28.8,30.700000000000003,4.96,2.0,4.96,0.16,0.0,0.0,1027.0,8228.0,0.0,0.0,0.0,0.0,0.0,1.0,0.0,0.0,0.0,0.0,0.0,0.9,0.0,-0.8,0.0,0.0,16.0,25903.0
2026-07-30T19:00:17.235Z,186.718,186.732,0.0,7.4,0.0,0.0,0.0,0.0,0.0,0.0,0.0,0.0,1.0,0.0,0.0,0.0,9.0,4.0,0.0,0.0,0.0,0.0,0.0,0.0,0.0,0.0,3.0,12.0,1.0,12.15,5.01,2.51,1.49,0.0,0.0,0.0,0.4,0.0,0.2,1.3,-0.6000000000000001,-169.60000000000002,0.0,0.0,169.60000000000002,0.0,21.4,29.700000000000003,29.700000000000003,30.3,300.0,300.0,31.3,35.2,29.5,28.8,30.700000000000003,4.96,1.99,4.97,0.16,0.0,0.0,1027.0,8228.0,0.0,0.0,0.0,0.0,0.0,1.0,0.0,0.0,0.0,0.0,0.0,0.9,0.0,0.8,0.0,0.0,16.0,25903.0
2026-07-30T19:00:17.247Z,186.73,186.744,0.0,7.4,0.0,0.0,0.0,0.0,0.0,0.0,0.0,0.0,1.0,0.0,0.0,0.0,9.0,4.0,0.0,0.0,0.0,0.0,0.0,0.0,0.0,0.0,4.0,12.0,1.0,12.15,5.01,2.51,1.49,0.0,0.0,0.0,0.5,0.0,-0.9,-0.4,-0.7000000000000001,-169.60000000000002,0.0,0.0,169.60000000000002,0.0,21.4,29.700000000000003,29.700000000000003,30.3,300.0,300.0,31.3,35.2,29.5,28.8,30.700000000000003,4.95,1.99,4.97,0.16,0.0,0.0,1027.0,8228.0,0.0,0.0,0.0,0.0,0.0,1.0,0.0,0.0,0.0,0.0,0.0,-1.0,0.0,0.5,0.0,0.0,16.0,25903.0
2026-07-30T19:00:17.260Z,186.743,186.756,0.0,7.4,0.0,0.0,0.0,0.0,0.0,0.0,0.0,0.0,1.0,0.0,0.0,0.0,9.0,4.0,0.0,0.0,0.0,0.0,0.0,0.0,0.0,0.0,5.0,12.0,1.0,12.18,5.01,2.51,1.49,0.0,0.0,0.0,0.4,0.0,-0.3,0.1,-0.7000000000000001,-169.60000000000002,0.0,0.0,169.60000000000002,0.0,20.8,29.700000000000003,29.700000000000003,30.3,300.0,300.0,31.200000000000003,35.2,29.5,28.8,30.700000000000003,4.96,1.99,4.96,0.16,0.0,0.0,1027.0,8228.0,0.0,0.0,0.0,0.0,0.0,1.0,0.0,0.0,0.0,0.0,0.0,-0.3,0.0,0.6000000000000001,0.0,0.0,16.0,25903.0
2026-07-30T19:00:17.271Z,186.754,186.768,0.0,7.4,0.0,0.0,0.0,0.0,0.0,0.0,0.0,0.0,1.0,0.0,0.0,0.0,9.0,4.0,0.0,0.0,0.0,0.0,0.0,0.0,0.0,0.0,6.0,12.0,1.0,12.18,5.01,2.51,1.49,0.0,0.0,0.0,0.4,0.0,0.2,-1.0,-0.6000000000000001,-169.60000000000002,0.0,0.0,169.60000000000002,0.0,20.8,29.700000000000003,29.700000000000003,30.3,300.0,300.0,31.200000000000003,35.2,29.5,28.8,30.700000000000003,4.95,1.99,4.96,0.16,0.0,0.0,1027.0,8228.0,0.0,0.0,0.0,0.0,0.0,1.0,0.0,0.0,0.0,0.0,0.0,-1.7000000000000002,0.0,0.3,0.0,0.0,16.0,25903.0
2026-07-30T19:00:17.284Z,186.767,186.78,0.0,7.4,0.0,0.0,0.0,0.0,0.0,0.0,0.0,0.0,1.0,0.0,0.0,0.0,9.0,4.0,0.0,0.0,0.0,0.0,0.0,0.0,0.0,0.0,1.0,12.0,1.0,12.18,5.01,2.51,1.49,0.0,0.0,0.0,0.4,0.0,0.2,0.1,1.0,-169.60000000000002,0.0,0.0,169.60000000000002,0.0,20.8,29.700000000000003,29.700000000000003,30.3,300.0,300.0,31.200000000000003,35.2,29.5,28.8,30.700000000000003,4.95,1.99,4.97,0.16,0.0,0.0,1027.0,8228.0,0.0,0.0,0.0,0.0,0.0,1.0,0.0,0.0,0.0,0.0,0.0,0.9,0.0,-0.9,0.0,0.0,16.0,25903.0
2026-07-30T19:00:17.295Z,186.778,186.792,0.0,7.4,0.0,0.0,0.0,0.0,0.0,0.0,0.0,0.0,1.0,0.0,0.0,0.0,9.0,4.0,0.0,0.0,0.0,0.0,0.0,0.0,0.0,0.0,2.0,12.0,1.0,12.18,5.01,2.51,1.49,0.0,0.0,0.0,0.4,0.0,0.2,0.1,1.1,-169.60000000000002,0.0,0.0,169.60000000000002,0.0,20.8,29.700000000000003,29.700000000000003,30.3,300.0,300.0,31.200000000000003,35.2,29.5,28.8,30.700000000000003,4.95,2.0,4.97,0.16,0.0,0.0,1027.0,8228.0,0.0,0.0,0.0,0.0,0.0,1.0,0.0,0.0,0.0,0.0,0.0,0.9,0.0,-0.9,0.0,0.0,16.0,25903.0
2026-07-30T19:00:17.307Z,186.79,186.804,0.0,7.4,0.0,0.0,0.0,0.0,0.0,0.0,0.0,0.0,1.0,0.0,0.0,0.0,9.0,4.0,0.0,0.0,0.0,0.0,0.0,0.0,0.0,0.0,3.0,12.0,1.0,12.18,5.01,2.51,1.49,0.0,0.0,0.0,0.4,0.0,0.2,0.1,1.1,-169.60000000000002,0.0,0.0,169.60000000000002,0.0,20.8,29.700000000000003,29.700000000000003,30.3,300.0,300.0,31.200000000000003,35.2,29.5,28.8,30.700000000000003,4.96,2.0,4.96,0.16,0.0,0.0,1027.0,8228.0,0.0,0.0,0.0,0.0,0.0,1.0,0.0,0.0,0.0,0.0,0.0,0.9,0.0,-0.9,0.0,0.0,16.0,25903.0
2026-07-30T19:00:17.320Z,186.803,186.816,0.0,7.4,0.0,0.0,0.0,0.0,0.0,0.0,0.0,0.0,1.0,0.0,0.0,0.0,9.0,4.0,0.0,0.0,0.0,0.0,0.0,0.0,0.0,0.0,4.0,12.0,1.0,12.18,5.01,2.51,1.49,0.0,0.0,0.0,0.5,0.0,-0.3,-0.4,-0.6000000000000001,-169.60000000000002,0.0,0.0,169.70000000000002,0.0,20.8,29.700000000000003,29.700000000000003,30.3,300.0,300.0,31.200000000000003,35.2,29.5,28.8,30.700000000000003,4.95,1.99,4.97,0.16,0.0,0.0,1027.0,8228.0,0.0,0.0,0.0,0.0,0.0,1.0,0.0,0.0,0.0,0.0,0.0,-1.0,0.0,0.4,0.0,0.0,16.0,25903.0
2026-07-30T19:00:17.331Z,186.814,186.828,0.0,7.4,0.0,0.0,0.0,0.0,0.0,0.0,0.0,0.0,1.0,0.0,0.0,0.0,9.0,4.0,0.0,0.0,0.0,0.0,0.0,0.0,0.0,0.0,5.0,12.0,1.0,12.18,5.01,2.51,1.49,0.0,0.1,0.0,0.4,0.0,-0.3,0.1,0.0,-169.60000000000002,0.0,0.0,169.60000000000002,0.0,20.8,29.700000000000003,29.700000000000003,30.3,300.0,300.0,31.200000000000003,35.2,29.5,28.8,30.700000000000003,4.95,1.98,4.96,0.16,0.0,0.0,1027.0,8228.0,0.0,0.0,0.0,0.0,0.0,1.0,0.0,0.0,0.0,0.0,0.0,0.1,0.0,0.0,0.0,0.0001,16.0,25903.0
2026-07-30T19:00:17.343Z,186.826,186.84,0.0,7.4,0.0,0.0,0.0,0.0,0.0,0.0,0.0,0.0,1.0,0.0,0.0,0.0,9.0,4.0,0.0,0.0,0.0,0.0,0.0,0.0,0.0,0.0,1.0,12.0,1.0,12.18,5.01,2.51,1.49,0.0,0.0,0.0,0.4,0.0,0.2,0.7000000000000001,0.0,-169.60000000000002,0.0,0.0,169.70000000000002,0.0,20.8,29.700000000000003,29.700000000000003,30.3,300.0,300.0,31.200000000000003,35.2,29.5,28.8,30.700000000000003,4.96,2.0,4.96,0.16,0.0,0.0,1027.0,8228.0,0.0,0.0,0.0,0.0,0.0,1.0,0.0,0.0,0.0,0.0,0.0,0.7000000000000001,0.0,0.2,0.0,0.0001,16.0,25903.0
2026-07-30T19:00:17.355Z,186.838,186.852,0.0,7.4,0.0,0.0,0.0,0.0,0.0,0.0,0.0,0.0,1.0,0.0,0.0,0.0,9.0,4.0,0.0,0.0,0.0,0.0,0.0,0.0,0.0,0.0,2.0,12.0,1.0,12.18,5.01,2.51,1.49,0.0,0.0,0.0,0.4,0.0,0.2,1.3,0.5,-169.60000000000002,0.0,0.0,169.60000000000002,0.0,20.8,29.700000000000003,29.700000000000003,30.3,300.0,300.0,31.200000000000003,35.2,29.5,28.8,30.700000000000003,4.96,2.0,4.97,0.16,0.0,0.0,1027.0,8228.0,0.0,0.0,0.0,0.0,0.0,1.0,0.0,0.0,0.0,0.0,0.0,1.8,0.0,-0.1,0.0,0.0001,16.0,25903.0
2026-07-30T19:00:17.367Z,186.85,186.864,0.0,7.4,0.0,0.0,0.0,0.0,0.0,0.0,0.0,0.0,1.0,0.0,0.0,0.0,9.0,4.0,0.0,0.0,0.0,0.0,0.0,0.0,0.0,0.0,3.0,12.0,1.0,12.17,5.0200000000000005,2.51,1.49,0.0,0.1,0.0,0.4,0.0,0.3,-0.4,1.1,-169.60000000000002,0.0,0.0,169.70000000000002,0.0,21.3,29.700000000000003,29.700000000000003,30.3,300.0,300.0,31.200000000000003,35.2,29.5,28.8,30.700000000000003,4.95,1.99,4.97,0.16,0.0,0.0,1027.0,8228.0,0.0,0.0,0.0,0.0,0.0,1.0,0.0,0.0,0.0,0.0,0.0,0.3,0.0,-1.0,0.0,0.0001,16.0,25903.0
2026-07-30T19:00:17.379Z,186.862,186.876,0.0,7.4,0.0,0.0,0.0,0.0,0.0,0.0,0.0,0.0,1.0,0.0,0.0,0.0,9.0,4.0,0.0,0.0,0.0,0.0,0.0,0.0,0.0,0.0,4.0,12.0,1.0,12.17,5.0200000000000005,2.51,1.49,0.0,0.0,0.0,0.4,0.0,-0.2,0.1,0.0,-169.60000000000002,0.0,0.0,169.70000000000002,0.0,21.3,29.700000000000003,29.700000000000003,30.3,300.0,300.0,31.200000000000003,35.2,29.5,28.8,30.700000000000003,4.95,2.0,4.96,0.16,0.0,0.0,1027.0,8228.0,0.0,0.0,0.0,0.0,0.0,1.0,0.0,0.0,0.0,0.0,0.0,0.0,0.0,0.1,0.0,0.0,16.0,25903.0
2026-07-30T19:00:17.391Z,186.874,186.888,0.0,7.4,0.0,0.0,0.0,0.0,0.0,0.0,0.0,0.0,1.0,0.0,0.0,0.0,9.0,4.0,0.0,0.0,0.0,0.0,0.0,0.0,0.0,0.0,5.0,12.0,1.0,12.17,5.0200000000000005,2.51,1.49,0.0,0.0,0.0,0.4,0.0,-0.8,-0.4,0.0,-169.60000000000002,0.0,0.0,169.60000000000002,0.0,21.3,29.700000000000003,29.700000000000003,30.3,300.0,300.0,31.200000000000003,35.2,29.5,28.8,30.700000000000003,4.95,1.99,4.96,0.16,0.0,0.0,1027.0,8228.0,0.0,0.0,0.0,0.0,0.0,1.0,0.0,0.0,0.0,0.0,0.0,-0.5,0.0,0.0,0.0,0.0002,16.0,25903.0
2026-07-30T19:00:17.403Z,186.886,186.9,0.0,7.4,0.0,0.0,0.0,0.0,0.0,0.0,0.0,0.0,1.0,0.0,0.0,0.0,9.0,4.0,0.0,0.0,0.0,0.0,0.0,0.0,0.0,0.0,6.0,12.0,1.0,12.17,5.0200000000000005,2.51,1.49,0.0,0.1,0.0,0.4,0.0,0.3,0.7000000000000001,1.7000000000000002,-169.60000000000002,0.0,0.0,169.70000000000002,0.0,21.3,29.700000000000003,29.700000000000003,30.3,300.0,300.0,31.200000000000003,35.2,29.5,28.8,30.700000000000003,4.95,1.99,4.97,0.16,0.0,0.0,1027.0,8228.0,0.0,0.0,0.0,0.0,0.0,1.0,0.0,0.0,0.0,0.0,0.0,2.1,0.0,-1.3,0.0,0.0001,16.0,25903.0
2026-07-30T19:00:17.415Z,186.898,186.912,0.0,7.4,0.0,0.0,0.0,0.0,0.0,0.0,0.0,0.0,1.0,0.0,0.0,0.0,9.0,4.0,0.0,0.0,0.0,0.0,0.0,0.0,0.0,0.0,1.0,12.0,1.0,12.17,5.0200000000000005,2.51,1.49,0.0,0.0,0.0,0.4,0.0,0.9,0.1,1.7000000000000002,-169.60000000000002,0.0,0.0,169.60000000000002,0.0,21.3,29.700000000000003,29.700000000000003,30.3,300.0,300.0,31.200000000000003,35.2,29.5,28.8,30.700000000000003,4.95,1.99,4.96,0.16,0.0,0.0,1027.0,8228.0,0.0,0.0,0.0,0.0,0.0,1.0,0.0,0.0,0.0,0.0,0.0,1.5,0.0,-1.5,0.0,0.0,16.0,25903.0
2026-07-30T19:00:17.427Z,186.91,186.924,0.0,7.4,0.0,0.0,0.0,0.0,0.0,0.0,0.0,0.0,1.0,0.0,0.0,0.0,9.0,4.0,0.0,0.0,0.0,0.0,0.0,0.0,0.0,0.0,2.0,12.0,1.0,12.17,5.0200000000000005,2.51,1.49,0.0,0.0,0.0,0.4,0.0,-0.8,-1.0,-0.5,-169.60000000000002,0.0,0.0,169.60000000000002,0.0,21.3,29.700000000000003,29.700000000000003,30.3,300.0,300.0,31.200000000000003,35.2,29.5,28.8,30.700000000000003,4.95,1.99,4.96,0.16,0.0,0.0,1027.0,8228.0,0.0,0.0,0.0,0.0,0.0,1.0,0.0,0.0,0.0,0.0,0.0,-1.5,0.0,0.2,0.0,0.0,16.0,25903.0
2026-07-30T19:00:17.439Z,186.922,186.936,0.0,7.4,0.0,0.0,0.0,0.0,0.0,0.0,0.0,0.0,1.0,0.0,0.0,0.0,9.0,4.0,0.0,0.0,0.0,0.0,0.0,0.0,0.0,0.0,3.0,12.0,1.0,12.17,5.0200000000000005,2.51,1.49,0.0,0.0,0.0,0.4,0.0,0.3,1.3,1.7000000000000002,-169.60000000000002,0.0,0.0,169.60000000000002,0.0,21.3,29.700000000000003,29.700000000000003,30.3,300.0,300.0,31.200000000000003,35.2,29.5,28.8,30.700000000000003,4.96,1.99,4.96,0.16,0.0,0.0,1027.0,8228.0,0.0,0.0,0.0,0.0,0.0,1.0,0.0,0.0,0.0,0.0,0.0,2.7,0.0,-1.2000000000000002,0.0,0.0,16.0,25903.0
2026-07-30T19:00:17.452Z,186.935,186.948,0.0,7.4,0.0,0.0,0.0,0.0,0.0,0.0,0.0,0.0,1.0,0.0,0.0,0.0,9.0,4.0,0.0,0.0,0.0,0.0,0.0,0.0,0.0,0.0,4.0,12.0,1.0,12.17,5.0200000000000005,2.51,1.49,0.0,0.0,0.0,0.4,0.0,0.3,-0.4,-0.6000000000000001,-169.60000000000002,0.0,0.0,169.70000000000002,0.0,21.3,29.700000000000003,29.700000000000003,30.3,300.0,300.0,31.200000000000003,35.2,29.5,28.8,30.700000000000003,4.96,1.99,4.97,0.16,0.0,0.0,1027.0,8228.0,0.0,0.0,0.0,0.0,0.0,1.0,0.0,0.0,0.0,0.0,0.0,-1.0,0.0,0.4,0.0,0.0,16.0,25903.0
2026-07-30T19:00:17.465Z,186.948,186.96,0.0,7.4,0.0,0.0,0.0,0.0,0.0,0.0,0.0,0.0,1.0,0.0,0.0,0.0,9.0,4.0,0.0,0.0,0.0,0.0,0.0,0.0,0.0,0.0,5.0,12.0,1.0,12.17,5.0200000000000005,2.5,1.49,0.0,0.0,0.0,0.4,0.0,0.8,0.7000000000000001,1.7000000000000002,-169.60000000000002,0.0,0.0,169.70000000000002,0.0,21.9,29.700000000000003,29.700000000000003,30.3,300.0,300.0,31.1,35.2,29.5,28.8,30.700000000000003,4.96,2.0,4.96,0.16,0.0,0.0,1027.0,8228.0,0.0,0.0,0.0,0.0,0.0,1.0,0.0,0.0,0.0,0.0,0.0,2.0,0.0,-1.3,0.0,0.0,16.0,25903.0
2026-07-30T19:00:17.475Z,186.958,186.972,0.0,7.4,0.0,0.0,0.0,0.0,0.0,0.0,0.0,0.0,1.0,0.0,0.0,0.0,9.0,4.0,0.0,0.0,0.0,0.0,0.0,0.0,0.0,0.0,1.0,12.0,1.0,12.17,5.0200000000000005,2.5,1.49,0.0,0.0,0.0,0.4,0.0,-0.3,0.1,-0.6000000000000001,-169.60000000000002,0.0,0.0,169.70000000000002,0.0,21.9,29.700000000000003,29.700000000000003,30.3,300.0,300.0,31.1,35.2,29.5,28.8,30.700000000000003,4.96,1.99,4.97,0.16,0.0,0.0,1027.0,8228.0,0.0,0.0,0.0,0.0,0.0,1.0,0.0,0.0,0.0,0.0,0.0,-0.3,0.0,0.5,0.0,0.0001,16.0,25903.0
2026-07-30T19:00:17.487Z,186.97,186.984,0.0,7.4,0.0,0.0,0.0,0.0,0.0,0.0,0.0,0.0,1.0,0.0,0.0,0.0,9.0,4.0,0.0,0.0,0.0,0.0,0.0,0.0,0.0,0.0,2.0,12.0,1.0,12.17,5.0200000000000005,2.5,1.49,0.0,0.0,0.0,0.4,0.0,-0.9,-0.4,0.0,-169.60000000000002,0.0,0.0,169.70000000000002,0.0,21.9,29.700000000000003,29.700000000000003,30.3,300.0,300.0,31.1,35.2,29.5,28.8,30.700000000000003,4.95,1.99,4.97,0.16,0.0,0.0,1027.0,8228.0,0.0,0.0,0.0,0.0,0.0,1.0,0.0,0.0,0.0,0.0,0.0,-0.5,0.0,0.0,0.0,0.0,16.0,25903.0
2026-07-30T19:00:17.506Z,186.989,186.996,0.0,7.4,0.0,0.0,0.0,0.0,0.0,0.0,0.0,0.0,1.0,0.0,0.0,0.0,9.0,4.0,0.0,0.0,0.0,0.0,0.0,0.0,0.0,0.0,3.0,12.0,1.0,12.17,5.0200000000000005,2.5,1.49,0.0,0.0,0.0,0.4,0.0,0.2,-0.4,0.0,-169.60000000000002,0.0,0.0,169.70000000000002,0.0,21.9,29.700000000000003,29.700000000000003,30.3,300.0,300.0,31.1,35.2,29.5,28.8,30.700000000000003,4.96,1.99,4.96,0.16,0.0,0.0,1027.0,8228.0,0.0,0.0,0.0,0.0,0.0,1.0,0.0,0.0,0.0,0.0,0.0,-0.6000000000000001,0.0,0.0,0.0,0.0,16.0,25903.0
2026-07-30T19:00:17.511Z,186.994,187.008,0.0,7.4,0.0,0.0,0.0,0.0,0.0,0.0,0.0,0.0,1.0,0.0,0.0,0.0,9.0,4.0,0.0,0.0,0.0,0.0,0.0,0.0,0.0,0.0,6.0,12.0,1.0,12.17,5.0200000000000005,2.5,1.49,0.0,0.0,0.0,0.4,0.0,0.8,-0.4,0.5,-169.60000000000002,0.0,0.0,169.70000000000002,0.0,21.9,29.700000000000003,29.700000000000003,30.3,300.0,300.0,31.1,35.2,29.5,28.8,30.700000000000003,4.95,2.0,4.96,0.16,0.0,0.0,1027.0,8228.0,0.0,0.0,0.0,0.0,0.0,1.0,0.0,0.0,0.0,0.0,0.0,-0.1,0.0,-0.5,0.0,0.0002,16.0,25903.0
2026-07-30T19:00:17.523Z,187.006,187.02,0.0,7.4,0.0,0.0,0.0,0.0,0.0,0.0,0.0,0.0,1.0,0.0,0.0,0.0,9.0,4.0,0.0,0.0,0.0,0.0,0.0,0.0,0.0,0.0,6.0,12.0,1.0,12.17,5.0200000000000005,2.5,1.49,0.0,0.0,0.0,0.4,0.0,-0.9,0.6000000000000001,1.0,-169.60000000000002,0.0,0.0,169.70000000000002,0.0,21.9,29.700000000000003,29.700000000000003,30.3,300.0,300.0,31.1,35.2,29.5,28.8,30.700000000000003,4.95,1.99,4.97,0.16,0.0,0.0,1027.0,8228.0,0.0,0.0,0.0,0.0,0.0,1.0,0.0,0.0,0.0,0.0,0.0,-1.1,0.0,0.5,0.0,0.0001,16.0,25903.0
2026-07-30T19:00:17.535Z,187.018,187.032,0.0,7.4,0.0,0.0,0.0,0.0,0.0,0.0,0.0,0.0,1.0,0.0,0.0,0.0,9.0,4.0,0.0,0.0,0.0,0.0,0.0,0.0,0.0,0.0,2.0,12.0,1.0,12.17,5.0200000000000005,2.5,1.49,0.0,0.0,0.0,0.4,0.0,-0.3,0.0,-0.7000000000000001,-169.60000000000002,0.0,0.0,169.60000000000002,0.0,21.9,29.700000000000003,29.700000000000003,30.3,300.0,300.0,31.1,35.2,29.5,28.8,30.700000000000003,4.96,1.99,4.97,0.16,0.0,0.0,1027.0,8228.0,0.0,0.0,0.0,0.0,0.0,1.0,0.0,0.0,0.0,0.0,0.0,1.3,0.0,0.3,0.0,0.0,16.0,25903.0
2026-07-30T19:00:17.548Z,187.031,187.044,0.0,7.4,0.0,0.0,0.0,0.0,0.0,0.0,0.0,0.0,1.0,0.0,0.0,0.0,9.0,4.0,0.0,0.0,0.0,0.0,0.0,0.0,0.0,0.0,3.0,12.0,1.0,12.17,5.0200000000000005,2.5,1.49,0.0,0.0,0.0,0.4,0.0,0.1,-1.1,0.3,-169.60000000000002,0.0,0.0,169.60000000000002,0.0,21.9,29.700000000000003,29.700000000000003,30.3,300.0,300.0,31.1,35.2,29.5,28.8,30.700000000000003,4.96,1.99,4.96,0.16,0.0,0.0,1027.0,8228.0,0.0,0.0,0.0,0.0,0.0,1.0,0.0,0.0,0.0,0.0,0.0,0.1,0.0,-0.9,0.0,0.0,16.0,25903.0
2026-07-30T19:00:17.560Z,187.043,187.056,0.0,7.4,0.0,0.0,0.0,0.0,0.0,0.0,0.0,0.0,1.0,0.0,0.0,0.0,9.0,4.0,0.0,0.0,0.0,0.0,0.0,0.0,0.0,0.0,3.0,12.0,1.0,12.17,5.0200000000000005,2.5,1.49,0.0,0.0,0.0,0.4,0.0,-0.9,0.0,-0.7000000000000001,-169.60000000000002,0.0,0.0,169.70000000000002,0.0,21.9,29.700000000000003,29.700000000000003,30.3,300.0,300.0,31.1,35.2,29.5,28.8,30.700000000000003,4.95,1.99,4.97,0.16,0.0,0.0,1027.0,8228.0,0.0,0.0,0.0,0.0,0.0,1.0,0.0,0.0,0.0,0.0,0.0,0.2,0.0,-0.3,0.0,0.0,16.0,25903.0
2026-07-30T19:00:17.571Z,187.054,187.068,0.0,7.4,0.0,0.0,0.0,0.0,0.0,0.0,0.0,0.0,1.0,0.0,0.0,0.0,9.0,4.0,0.0,0.0,0.0,0.0,0.0,0.0,0.0,0.0,5.0,12.0,1.0,12.17,5.01,2.5,1.49,0.0,0.0,0.0,0.4,0.0,0.7000000000000001,0.5,-1.3,-169.60000000000002,0.0,0.0,169.70000000000002,0.0,21.4,29.700000000000003,29.700000000000003,30.3,300.0,300.0,31.1,35.2,29.5,28.8,30.700000000000003,4.95,1.99,4.97,0.16,0.0,0.0,1027.0,8228.0,0.0,0.0,0.0,0.0,0.0,1.0,0.0,0.0,0.0,0.0,0.0,-0.3,0.0,1.3,0.0,0.0,16.0,25903.0
2026-07-30T19:00:17.583Z,187.066,187.08,0.0,7.4,0.0,0.0,0.0,0.0,0.0,0.0,0.0,0.0,1.0,0.0,0.0,0.0,9.0,4.0,0.0,0.0,0.0,0.0,0.0,0.0,0.0,0.0,6.0,12.0,1.0,12.17,5.01,2.5,1.49,0.0,0.0,0.0,0.4,0.0,0.2,-0.5,0.4,-169.60000000000002,0.0,0.0,169.60000000000002,0.0,21.4,29.700000000000003,29.700000000000003,30.3,300.0,300.0,31.1,35.2,29.5,28.8,30.700000000000003,4.95,2.0,4.97,0.16,0.0,0.0,1027.0,8228.0,0.0,0.0,0.0,0.0,0.0,1.0,0.0,0.0,0.0,0.0,0.0,-0.3,0.0,-0.4,0.0,0.0,16.0,25903.0
2026-07-30T19:00:17.595Z,187.078,187.092,0.0,7.4,0.0,0.0,0.0,0.0,0.0,0.0,0.0,0.0,1.0,0.0,0.0,0.0,9.0,4.0,0.0,0.0,0.0,0.0,0.0,0.0,0.0,0.0,1.0,12.0,1.0,12.17,5.01,2.5,1.49,0.0,0.0,0.0,0.4,0.0,0.2,0.0,-0.1,-169.60000000000002,0.0,0.0,169.60000000000002,0.0,21.4,29.700000000000003,29.700000000000003,30.3,300.0,300.0,31.1,35.2,29.5,28.8,30.700000000000003,4.95,2.0,4.96,0.16,0.0,0.0,1027.0,8228.0,0.0,0.0,0.0,0.0,0.0,1.0,0.0,0.0,0.0,0.0,0.0,0.0,0.0,0.1,0.0,0.0,16.0,25903.0
2026-07-30T19:00:17.607Z,187.09,187.104,0.0,7.4,0.0,0.0,0.0,0.0,0.0,0.0,0.0,0.0,1.0,0.0,0.0,0.0,9.0,4.0,0.0,0.0,0.0,0.0,0.0,0.0,0.0,0.0,2.0,12.0,1.0,12.17,5.01,2.5,1.49,0.0,0.0,0.0,0.4,0.0,0.8,-1.1,-0.7000000000000001,-169.60000000000002,0.0,0.0,169.60000000000002,0.0,21.4,29.700000000000003,29.700000000000003,30.3,300.0,300.0,31.1,35.2,29.5,28.8,30.700000000000003,4.95,1.99,4.97,0.16,0.0,0.0,1027.0,8228.0,0.0,0.0,0.0,0.0,0.0,1.0,0.0,0.0,0.0,0.0,0.0,-1.8,0.0,0.4,0.0,0.0,16.0,25903.0
2026-07-30T19:00:17.619Z,187.102,187.116,0.0,7.4,0.0,0.0,0.0,0.0,0.0,0.0,0.0,0.0,1.0,0.0,0.0,0.0,9.0,4.0,0.0,0.0,0.0,0.0,0.0,0.0,0.0,0.0,3.0,12.0,1.0,12.17,5.01,2.5,1.49,0.0,0.0,0.0,0.4,0.0,0.8,1.8,1.0,-169.60000000000002,0.0,0.0,169.60000000000002,0.0,21.4,29.700000000000003,29.700000000000003,30.3,300.0,300.0,31.1,35.2,29.5,28.8,30.700000000000003,4.95,1.99,4.96,0.16,0.0,0.0,1027.0,8228.0,0.0,0.0,0.0,0.0,0.0,1.0,0.0,0.0,0.0,0.0,0.0,2.8000000000000003,0.0,-0.5,0.0,0.0,16.0,25903.0
2026-07-30T19:00:17.631Z,187.114,187.128,0.0,7.4,0.0,0.0,0.0,0.0,0.0,0.0,0.0,0.0,1.0,0.0,0.0,0.0,9.0,4.0,0.0,0.0,0.0,0.0,0.0,0.0,0.0,0.0,5.0,12.0,1.0,12.17,5.01,2.5,1.49,0.0,0.0,0.0,0.4,0.0,-0.2,0.0,0.4,-169.60000000000002,0.0,0.0,169.70000000000002,0.0,21.4,29.700000000000003,29.700000000000003,30.3,300.0,300.0,31.1,35.2,29.5,28.8,30.700000000000003,4.95,1.99,4.96,0.16,0.0,0.0,1027.0,8228.0,0.0,0.0,0.0,0.0,0.0,1.0,0.0,0.0,0.0,0.0,0.0,0.3,0.0,-0.3,0.0,0.0,16.0,25903.0
2026-07-30T19:00:17.643Z,187.126,187.14,0.0,7.4,0.0,0.0,0.0,0.0,0.0,0.0,0.0,0.0,1.0,0.0,0.0,0.0,9.0,4.0,0.0,0.0,0.0,0.0,0.0,0.0,0.0,0.0,6.0,12.0,1.0,12.17,5.01,2.5,1.49,0.0,0.0,0.0,0.5,0.0,-0.8,-0.5,-0.7000000000000001,-169.60000000000002,0.0,0.0,169.70000000000002,0.0,21.4,29.700000000000003,29.700000000000003,30.3,300.0,300.0,31.1,35.2,29.5,28.8,30.700000000000003,4.95,1.99,4.97,0.16,0.0,0.0,1027.0,8228.0,0.0,0.0,0.0,0.0,0.0,1.0,0.0,0.0,0.0,0.0,0.0,-1.2000000000000002,0.0,0.5,0.0,0.0001,16.0,25903.0
2026-07-30T19:00:17.655Z,187.138,187.152,0.0,7.4,0.0,0.0,0.0,0.0,0.0,0.0,0.0,0.0,1.0,0.0,0.0,0.0,9.0,4.0,0.0,0.0,0.0,0.0,0.0,0.0,0.0,0.0,1.0,12.0,1.0,12.17,5.01,2.5,1.49,0.0,0.0,0.0,0.4,0.0,0.2,0.5,0.4,-169.60000000000002,0.0,0.0,169.60000000000002,0.0,21.4,29.700000000000003,29.700000000000003,30.3,300.0,300.0,31.1,35.2,29.5,28.8,30.700000000000003,4.96,1.99,4.97,0.16,0.0,0.0,1027.0,8228.0,0.0,0.0,0.0,0.0,0.0,1.0,0.0,0.0,0.0,0.0,0.0,1.0,0.0,-0.2,0.0,0.0,16.0,25903.0
2026-07-30T19:00:17.668Z,187.151,187.164,0.0,7.4,0.0,0.0,0.0,0.0,0.0,0.0,0.0,0.0,1.0,0.0,0.0,0.0,9.0,4.0,0.0,0.0,0.0,0.0,0.0,0.0,0.0,0.0,3.0,12.0,1.0,12.15,5.0200000000000005,2.51,1.49,0.0,0.0,0.0,0.5,0.0,-0.8,0.0,-2.4000000000000004,-169.60000000000002,0.0,0.0,169.60000000000002,0.0,21.8,29.700000000000003,29.700000000000003,30.3,300.0,300.0,31.200000000000003,35.2,29.5,28.8,30.6,4.96,2.0,4.97,0.16,0.0,0.0,1027.0,8228.0,0.0,0.0,0.0,0.0,0.0,1.0,0.0,0.0,0.0,0.0,0.0,-1.8,0.0,2.1,0.0,0.0001,16.0,25903.0
2026-07-30T19:00:17.679Z,187.162,187.176,0.0,7.4,0.0,0.0,0.0,0.0,0.0,0.0,0.0,0.0,1.0,0.0,0.0,0.0,9.0,4.0,0.0,0.0,0.0,0.0,0.0,0.0,0.0,0.0,4.0,12.0,1.0,12.15,5.0200000000000005,2.51,1.49,0.0,0.0,0.0,0.4,0.0,0.9,0.5,1.6,-169.60000000000002,0.0,0.0,169.60000000000002,0.0,21.8,29.700000000000003,29.700000000000003,30.3,300.0,300.0,31.200000000000003,35.2,29.5,28.8,30.6,4.96,1.99,4.97,0.16,0.0,0.0,1027.0,8228.0,0.0,0.0,0.0,0.0,0.0,1.0,0.0,0.0,0.0,0.0,0.0,1.8,0.0,-1.3,0.0,0.0,16.0,25903.0
2026-07-30T19:00:17.691Z,187.174,187.188,0.0,7.4,0.0,0.0,0.0,0.0,0.0,0.0,0.0,0.0,1.0,0.0,0.0,0.0,9.0,4.0,0.0,0.0,0.0,0.0,0.0,0.0,0.0,0.0,6.0,12.0,1.0,12.15,5.0200000000000005,2.51,1.49,0.0,0.0,0.0,0.4,0.0,0.3,-0.5,-0.6000000000000001,-169.60000000000002,0.0,0.0,169.60000000000002,0.0,21.8,29.700000000000003,29.700000000000003,30.3,300.0,300.0,31.200000000000003,35.2,29.5,28.8,30.6,4.96,1.99,4.97,0.16,0.0,0.0,1027.0,8228.0,0.0,0.0,0.0,0.0,0.0,1.0,0.0,0.0,0.0,0.0,0.0,-1.1,0.0,0.4,0.0,0.0,16.0,25903.0
2026-07-30T19:00:17.703Z,187.186,187.2,0.0,7.4,0.0,0.0,0.0,0.0,0.0,0.0,0.0,0.0,1.0,0.0,0.0,0.0,9.0,4.0,0.0,0.0,0.0,0.0,0.0,0.0,0.0,0.0,1.0,12.0,1.0,12.15,5.0200000000000005,2.51,1.49,0.0,0.0,0.0,0.4,0.0,0.8,-1.1,0.0,-169.60000000000002,0.0,0.0,169.60000000000002,0.0,21.8,29.700000000000003,29.700000000000003,30.3,300.0,300.0,31.200000000000003,35.2,29.5,28.8,30.6,4.96,2.0,4.96,0.16,0.0,0.0,1027.0,8228.0,0.0,0.0,0.0,0.0,0.0,1.0,0.0,0.0,0.0,0.0,0.0,-1.3,0.0,-0.2,0.0,0.0,16.0,25903.0
2026-07-30T19:00:17.715Z,187.198,187.212,0.0,7.4,0.0,0.0,0.0,0.0,0.0,0.0,0.0,0.0,1.0,0.0,0.0,0.0,9.0,4.0,0.0,0.0,0.0,0.0,0.0,0.0,0.0,0.0,3.0,12.0,1.0,12.15,5.0200000000000005,2.51,1.49,0.0,0.0,0.0,0.5,0.0,0.2,-0.6000000000000001,0.0,-169.60000000000002,0.0,0.0,169.60000000000002,0.0,21.8,29.700000000000003,29.700000000000003,30.3,300.0,300.0,31.200000000000003,35.2,29.5,28.8,30.6,4.96,1.99,4.97,0.16,0.0,0.0,1027.0,8228.0,0.0,0.0,0.0,0.0,0.0,1.0,0.0,0.0,0.0,0.0,0.0,-0.7000000000000001,0.0,0.0,0.0,0.0,16.0,25903.0
2026-07-30T19:00:17.727Z,187.21,187.224,0.0,7.4,0.0,0.0,0.0,0.0,0.0,0.0,0.0,0.0,1.0,0.0,0.0,0.0,9.0,4.0,0.0,0.0,0.0,0.0,0.0,0.0,0.0,0.0,4.0,12.0,1.0,12.15,5.0200000000000005,2.51,1.49,0.0,0.0,0.0,0.4,0.0,0.2,0.0,-0.6000000000000001,-169.60000000000002,0.0,0.0,169.60000000000002,0.0,21.8,29.700000000000003,29.700000000000003,30.3,300.0,300.0,31.200000000000003,35.2,29.5,28.8,30.6,4.95,1.99,4.97,0.16,0.0,0.0,1027.0,8228.0,0.0,0.0,0.0,0.0,0.0,1.0,0.0,0.0,0.0,0.0,0.0,-0.5,0.0,0.5,0.0,0.0,16.0,25903.0
2026-07-30T19:00:17.739Z,187.222,187.236,0.0,7.4,0.0,0.0,0.0,0.0,0.0,0.0,0.0,0.0,1.0,0.0,0.0,0.0,9.0,4.0,0.0,0.0,0.0,0.0,0.0,0.0,0.0,0.0,5.0,12.0,1.0,12.15,5.0200000000000005,2.51,1.49,0.0,0.0,0.0,0.4,0.0,-0.8,-1.1,-0.6000000000000001,-169.60000000000002,0.0,0.0,169.5,0.0,21.8,29.700000000000003,29.700000000000003,30.3,300.0,300.0,31.200000000000003,35.2,29.5,28.8,30.6,4.96,1.99,4.96,0.16,0.0,0.0,1027.0,8228.0,0.0,0.0,0.0,0.0,0.0,1.0,0.0,0.0,0.0,0.0,0.0,-1.8,0.0,0.3,0.0,0.0,16.0,25903.0
2026-07-30T19:00:17.751Z,187.234,187.248,0.0,7.4,0.0,0.0,0.0,0.0,0.0,0.0,0.0,0.0,1.0,0.0,0.0,0.0,9.0,4.0,0.0,0.0,0.0,0.0,0.0,0.0,0.0,0.0,6.0,12.0,1.0,12.15,5.0200000000000005,2.51,1.49,0.0,0.0,0.0,0.4,0.0,-0.2,0.0,1.1,-169.60000000000002,0.0,0.0,169.60000000000002,0.0,21.8,29.700000000000003,29.700000000000003,30.3,300.0,300.0,31.200000000000003,35.2,29.5,28.8,30.6,4.96,2.0,4.97,0.16,0.0,0.0,1027.0,8228.0,0.0,0.0,0.0,0.0,0.0,1.0,0.0,0.0,0.0,0.0,0.0,0.8,0.0,-0.9,0.0,0.0,16.0,25903.0
2026-07-30T19:00:17.763Z,187.246,187.26,0.0,7.4,0.0,0.0,0.0,0.0,0.0,0.0,0.0,0.0,1.0,0.0,0.0,0.0,9.0,4.0,0.0,0.0,0.0,0.0,0.0,0.0,0.0,0.0,2.0,12.0,1.0,12.15,5.0200000000000005,2.51,1.49,0.0,0.0,0.0,0.4,0.0,0.3,0.0,0.5,-169.60000000000002,0.0,0.0,169.60000000000002,0.0,21.8,29.700000000000003,29.700000000000003,30.3,300.0,300.0,31.200000000000003,35.2,29.5,28.8,30.6,4.96,1.99,4.97,0.16,0.0,0.0,1027.0,8228.0,0.0,0.0,0.0,0.0,0.0,1.0,0.0,0.0,0.0,0.0,0.0,0.4,0.0,-0.4,0.0,0.0001,16.0,25903.0
2026-07-30T19:00:17.775Z,187.258,187.272,0.0,7.4,0.0,0.0,0.0,0.0,0.0,0.0,0.0,0.0,1.0,0.0,0.0,0.0,9.0,4.0,0.0,0.0,0.0,0.0,0.0,0.0,0.0,0.0,3.0,12.0,1.0,12.17,5.0200000000000005,2.51,1.49,0.0,0.0,0.0,0.5,0.0,-0.2,0.0,0.5,-169.60000000000002,0.0,0.0,169.60000000000002,0.0,21.3,29.700000000000003,29.700000000000003,30.3,300.0,300.0,31.3,35.2,29.5,28.8,30.6,4.96,1.99,4.97,0.16,0.0,0.0,1027.0,8228.0,0.0,0.0,0.0,0.0,0.0,1.0,0.0,0.0,0.0,0.0,0.0,0.4,0.0,-0.5,0.0,0.0,16.0,25903.0
2026-07-30T19:00:17.787Z,187.27,187.284,0.0,7.4,0.0,0.0,0.0,0.0,0.0,0.0,0.0,0.0,1.0,0.0,0.0,0.0,9.0,4.0,0.0,0.0,0.0,0.0,0.0,0.0,0.0,0.0,5.0,12.0,1.0,12.17,5.0200000000000005,2.51,1.49,0.0,0.0,0.0,0.4,0.0,0.3,-0.5,-0.5,-169.60000000000002,0.0,0.0,169.60000000000002,0.0,21.3,29.700000000000003,29.700000000000003,30.3,300.0,300.0,31.3,35.2,29.5,28.8,30.6,4.96,1.99,4.96,0.16,0.0,0.0,1027.0,8228.0,0.0,0.0,0.0,0.0,0.0,1.0,0.0,0.0,0.0,0.0,0.0,-1.0,0.0,0.3,0.0,0.0,16.0,25903.0
2026-07-30T19:00:17.799Z,187.282,187.296,0.0,7.4,0.0,0.0,0.0,0.0,0.0,0.0,0.0,0.0,1.0,0.0,0.0,0.0,9.0,4.0,0.0,0.0,0.0,0.0,0.0,0.0,0.0,0.0,6.0,12.0,1.0,12.17,5.0200000000000005,2.51,1.49,0.0,0.1,0.0,0.4,0.0,-0.2,0.5,0.0,-169.60000000000002,0.0,0.0,169.60000000000002,0.0,21.3,29.700000000000003,29.700000000000003,30.3,300.0,300.0,31.3,35.2,29.5,28.8,30.6,4.95,1.99,4.97,0.16,0.0,0.0,1027.0,8228.0,0.0,0.0,0.0,0.0,0.0,1.0,0.0,0.0,0.0,0.0,0.0,0.6000000000000001,0.0,0.0,0.0,0.0,16.0,25903.0
2026-07-30T19:00:17.811Z,187.294,187.308,0.0,7.4,0.0,0.0,0.0,0.0,0.0,0.0,0.0,0.0,1.0,0.0,0.0,0.0,9.0,4.0,0.0,0.0,0.0,0.0,0.0,0.0,0.0,0.0,2.0,12.0,1.0,12.17,5.0200000000000005,2.51,1.49,0.0,0.0,0.0,0.4,0.0,-0.2,-0.5,-0.4,-169.60000000000002,0.0,0.0,169.60000000000002,0.0,21.3,29.700000000000003,29.700000000000003,30.3,300.0,300.0,31.3,35.2,29.5,28.8,30.6,4.95,1.99,4.97,0.16,0.0,0.0,1027.0,8228.0,0.0,0.0,0.0,0.0,0.0,1.0,0.0,0.0,0.0,0.0,0.0,-1.0,0.0,0.3,0.0,0.0,16.0,25903.0
2026-07-30T19:00:17.823Z,187.306,187.32,0.0,7.4,0.0,0.0,0.0,0.0,0.0,0.0,0.0,0.0,1.0,0.0,0.0,0.0,9.0,4.0,0.0,0.0,0.0,0.0,0.0,0.0,0.0,0.0,1.0,12.0,1.0,12.17,5.0200000000000005,2.51,1.49,0.0,0.0,0.0,0.4,0.0,0.3,1.2000000000000002,-0.4,-169.60000000000002,0.0,0.0,169.60000000000002,0.0,21.3,29.700000000000003,29.700000000000003,30.3,300.0,300.0,31.3,35.2,29.5,28.8,30.6,4.95,2.0,4.97,0.16,0.0,0.0,1027.0,8228.0,0.0,0.0,0.0,0.0,0.0,1.0,0.0,0.0,0.0,0.0,0.0,1.0,0.0,0.6000000000000001,0.0,0.0,16.0,25903.0
2026-07-30T19:00:17.835Z,187.318,187.332,0.0,7.4,0.0,0.0,0.0,0.0,0.0,0.0,0.0,0.0,1.0,0.0,0.0,0.0,9.0,4.0,0.0,0.0,0.0,0.0,0.0,0.0,0.0,0.0,5.0,12.0,1.0,12.17,5.0200000000000005,2.51,1.49,0.0,0.1,0.0,0.4,0.0,-0.1,-0.5,0.1,-169.60000000000002,0.0,0.0,169.60000000000002,0.0,21.3,29.700000000000003,29.700000000000003,30.3,300.0,300.0,31.3,35.2,29.5,28.8,30.6,4.95,2.0,4.96,0.16,0.0,0.0,1027.0,8228.0,0.0,0.0,0.0,0.0,0.0,1.0,0.0,0.0,0.0,0.0,0.0,-0.5,0.0,-0.2,0.0,0.0,16.0,25903.0
2026-07-30T19:00:17.847Z,187.33,187.344,0.0,7.4,0.0,0.0,0.0,0.0,0.0,0.0,0.0,0.0,1.0,0.0,0.0,0.0,9.0,4.0,0.0,0.0,0.0,0.0,0.0,0.0,0.0,0.0,6.0,12.0,1.0,12.17,5.0200000000000005,2.51,1.49,0.0,0.0,0.0,0.5,0.0,0.3,-0.5,0.6000000000000001,-169.60000000000002,0.0,0.0,169.60000000000002,0.0,21.3,29.700000000000003,29.700000000000003,30.3,300.0,300.0,31.3,35.2,29.5,28.8,30.6,4.95,1.99,4.97,0.16,0.0,0.0,1027.0,8228.0,0.0,0.0,0.0,0.0,0.0,1.0,0.0,0.0,0.0,0.0,0.0,0.0,0.0,-0.7000000000000001,0.0,0.0,16.0,25903.0
2026-07-30T19:00:17.859Z,187.342,187.356,0.0,7.4,0.0,0.0,0.0,0.0,0.0,0.0,0.0,0.0,1.0,0.0,0.0,0.0,9.0,4.0,0.0,0.0,0.0,0.0,0.0,0.0,0.0,0.0,2.0,12.0,1.0,12.17,5.0200000000000005,2.51,1.49,0.0,0.0,0.0,0.5,0.0,-0.7000000000000001,1.2000000000000002,0.7000000000000001,-169.60000000000002,0.0,0.0,169.60000000000002,0.0,21.3,29.700000000000003,29.700000000000003,30.3,300.0,300.0,31.3,35.2,29.5,28.8,30.6,4.95,1.99,4.96,0.16,0.0,0.0,1027.0,8228.0,0.0,0.0,0.0,0.0,0.0,1.0,0.0,0.0,0.0,0.0,0.0,1.9,0.0,-0.3,0.0,0.0,16.0,25903.0
2026-07-30T19:00:17.872Z,187.355,187.368,0.0,7.4,0.0,0.0,0.0,0.0,0.0,0.0,0.0,0.0,1.0,0.0,0.0,0.0,9.0,4.0,0.0,0.0,0.0,0.0,0.0,0.0,0.0,0.0,3.0,12.0,1.0,12.19,5.01,2.51,1.49,0.0,0.0,0.0,0.5,0.0,-0.1,0.6000000000000001,0.7000000000000001,-169.60000000000002,0.0,0.0,169.60000000000002,0.0,21.700000000000003,29.700000000000003,29.700000000000003,30.3,300.0,300.0,31.200000000000003,35.2,29.5,28.8,30.6,4.96,1.99,4.96,0.16,0.0,0.0,1027.0,8228.0,0.0,0.0,0.0,0.0,0.0,1.0,0.0,0.0,0.0,0.0,0.0,1.2000000000000002,0.0,-0.4,0.0,0.0,16.0,25903.0
2026-07-30T19:00:17.883Z,187.366,187.38,0.0,7.4,0.0,0.0,0.0,0.0,0.0,0.0,0.0,0.0,1.0,0.0,0.0,0.0,9.0,4.0,0.0,0.0,0.0,0.0,0.0,0.0,0.0,0.0,4.0,12.0,1.0,12.19,5.01,2.51,1.49,0.0,0.0,0.0,0.5,0.0,0.4,-0.4,0.1,-169.60000000000002,0.0,0.0,169.70000000000002,0.0,21.700000000000003,29.700000000000003,29.700000000000003,30.3,300.0,300.0,31.200000000000003,35.2,29.5,28.8,30.6,4.95,1.99,4.97,0.16,0.0,0.0,1027.0,8228.0,0.0,0.0,0.0,0.0,0.0,1.0,0.0,0.0,0.0,0.0,0.0,-0.4,0.0,-0.2,0.0,0.0,16.0,25903.0
2026-07-30T19:00:17.895Z,187.378,187.392,0.0,7.4,0.0,0.0,0.0,0.0,0.0,0.0,0.0,0.0,1.0,0.0,0.0,0.0,9.0,4.0,0.0,0.0,0.0,0.0,0.0,0.0,0.0,0.0,5.0,12.0,1.0,12.19,5.01,2.51,1.49,0.0,0.0,0.0,0.4,0.0,0.4,-0.4,0.1,-169.60000000000002,0.0,0.0,169.70000000000002,0.0,21.700000000000003,29.700000000000003,29.700000000000003,30.3,300.0,300.0,31.200000000000003,35.2,29.5,28.8,30.6,4.96,1.98,4.96,0.16,0.0,0.0,1027.0,8228.0,0.0,0.0,0.0,0.0,0.0,1.0,0.0,0.0,0.0,0.0,0.0,-0.3,0.0,-0.2,0.0,0.0001,16.0,25903.0
2026-07-30T19:00:17.907Z,187.39,187.404,-0.1,7.4,0.0,0.0,0.0,0.0,0.0,0.0,0.0,0.0,1.0,0.0,0.0,0.0,9.0,4.0,0.0,0.0,0.0,0.0,0.0,0.0,0.0,0.0,6.0,12.0,1.0,12.19,5.01,2.51,1.49,0.0,0.0,0.0,0.5,0.0,-0.1,1.8,2.5,-169.60000000000002,0.0,0.0,169.60000000000002,0.0,21.700000000000003,29.700000000000003,29.700000000000003,30.3,300.0,300.0,31.200000000000003,35.2,29.5,28.8,30.6,4.96,2.0,4.96,0.16,0.0,0.0,1027.0,8228.0,0.0,0.0,0.0,0.0,0.0,1.0,0.0,0.0,0.0,0.0,0.0,4.0,0.0,-1.8,0.0,0.0,16.0,25903.0
2026-07-30T19:00:17.919Z,187.402,187.416,-0.1,7.4,0.0,0.0,0.0,0.0,0.0,0.0,0.0,0.0,1.0,0.0,0.0,0.0,9.0,4.0,0.0,0.0,0.0,0.0,0.0,0.0,0.0,0.0,1.0,12.0,1.0,12.19,5.01,2.51,1.49,0.0,0.0,0.0,0.5,0.0,-0.6000000000000001,0.1,0.1,-169.60000000000002,0.0,0.0,169.60000000000002,0.0,21.700000000000003,29.700000000000003,29.700000000000003,30.3,300.0,300.0,31.200000000000003,35.2,29.5,28.8,30.6,4.96,1.99,4.96,0.16,0.0,0.0,1027.0,8228.0,0.0,0.0,0.0,0.0,0.0,1.0,0.0,0.0,0.0,0.0,0.0,0.2,0.0,-0.1,0.0,0.0,16.0,25903.0
2026-07-30T19:00:17.931Z,187.414,187.428,-0.1,7.4,0.0,0.0,0.0,0.0,0.0,0.0,0.0,0.0,1.0,0.0,0.0,0.0,9.0,4.0,0.0,0.0,0.0,0.0,0.0,0.0,0.0,0.0,3.0,12.0,1.0,12.19,5.01,2.51,1.49,0.0,0.0,0.0,0.4,0.0,-0.1,-1.6,-0.4,-169.60000000000002,0.0,0.0,169.60000000000002,0.0,21.700000000000003,29.700000000000003,29.700000000000003,30.3,300.0,300.0,31.200000000000003,35.2,29.5,28.8,30.6,4.95,1.99,4.97,0.16,0.0,0.0,1027.0,8228.0,0.0,0.0,0.0,0.0,0.0,1.0,0.0,0.0,0.0,0.0,0.0,-2.1,0.0,0.0,0.0,0.0,16.0,25903.0
2026-07-30T19:00:17.944Z,187.427,187.44,-0.1,7.4,0.0,0.0,0.0,0.0,0.0,0.0,0.0,0.0,1.0,0.0,0.0,0.0,9.0,4.0,0.0,0.0,0.0,0.0,0.0,0.0,0.0,0.0,4.0,12.0,1.0,12.19,5.01,2.51,1.49,0.0,0.0,0.0,0.5,0.0,0.4,0.6000000000000001,0.7000000000000001,-169.60000000000002,0.0,0.0,169.60000000000002,0.0,21.700000000000003,29.700000000000003,29.700000000000003,30.3,300.0,300.0,31.200000000000003,35.2,29.5,28.8,30.6,4.96,2.0,4.97,0.16,0.0,0.0,1027.0,8228.0,0.0,0.0,0.0,0.0,0.0,1.0,0.0,0.0,0.0,0.0,0.0,1.2000000000000002,0.0,-0.4,0.0,0.0,16.0,25903.0
2026-07-30T19:00:17.955Z,187.438,187.452,-0.1,7.4,0.0,0.0,0.0,0.0,0.0,0.0,0.0,0.0,1.0,0.0,0.0,0.0,9.0,4.0,0.0,0.0,0.0,0.0,0.0,0.0,0.0,0.0,5.0,12.0,1.0,12.19,5.01,2.51,1.49,0.0,0.1,0.0,0.4,0.0,0.4,-0.5,0.1,-169.60000000000002,0.0,0.0,169.60000000000002,0.0,21.700000000000003,29.700000000000003,29.700000000000003,30.3,300.0,300.0,31.200000000000003,35.2,29.5,28.8,30.6,4.96,1.99,4.97,0.16,0.0,0.0,1027.0,8228.0,0.0,0.0,0.0,0.0,0.0,1.0,0.0,0.0,0.0,0.0,0.0,-0.5,0.0,-0.2,0.0,0.0,16.0,25903.0
2026-07-30T19:00:17.968Z,187.451,187.464,-0.1,7.4,0.0,0.0,0.0,0.0,0.0,0.0,0.0,0.0,1.0,0.0,0.0,0.0,9.0,4.0,0.0,0.0,0.0,0.0,0.0,0.0,0.0,0.0,6.0,12.0,1.0,12.19,5.01,2.51,1.49,0.0,0.0,0.0,0.4,0.0,-0.1,0.0,-0.4,-169.60000000000002,0.0,0.0,169.60000000000002,0.0,21.700000000000003,29.700000000000003,29.700000000000003,30.3,300.0,300.0,31.200000000000003,35.2,29.5,28.8,30.6,4.95,1.99,4.97,0.16,0.0,0.0,1027.0,8228.0,0.0,0.0,0.0,0.0,0.0,1.0,0.0,0.0,0.0,0.0,0.0,-0.3,0.0,0.3,0.0,0.0,16.0,25903.0
2026-07-30T19:00:17.979Z,187.462,187.476,-0.1,7.4,0.0,0.0,0.0,0.0,0.0,0.0,0.0,0.0,1.0,0.0,0.0,0.0,9.0,4.0,0.0,0.0,0.0,0.0,0.0,0.0,0.0,0.0,1.0,12.0,1.0,12.18,5.01,2.5,1.49,0.0,0.0,0.0,0.5,0.0,-0.2,-0.5,0.1,-169.60000000000002,0.0,0.0,169.60000000000002,0.0,21.3,29.700000000000003,29.700000000000003,30.3,300.0,300.0,31.200000000000003,35.2,29.6,28.8,30.6,4.96,1.99,4.97,0.16,0.0,0.0,1027.0,8228.0,0.0,0.0,0.0,0.0,0.0,1.0,0.0,0.0,0.0,0.0,0.0,-0.5,0.0,-0.2,0.0,0.0,16.0,25903.0
2026-07-30T19:00:17.991Z,187.474,187.488,-0.1,7.4,0.0,0.0,0.0,0.0,0.0,0.0,0.0,0.0,1.0,0.0,0.0,0.0,9.0,4.0,0.0,0.0,0.0,0.0,0.0,0.0,0.0,0.0,3.0,12.0,1.0,12.18,5.01,2.5,1.49,-0.1,0.1,0.0,0.4,0.0,-0.2,-0.5,-0.4,-169.60000000000002,0.0,0.0,169.60000000000002,0.0,21.3,29.700000000000003,29.700000000000003,30.3,300.0,300.0,31.200000000000003,35.2,29.6,28.8,30.6,4.95,2.0,4.96,0.16,0.0,0.0,1027.0,8228.0,0.0,0.0,0.0,0.0,0.0,1.0,0.0,0.0,0.0,0.0,0.0,-0.9,0.0,0.2,0.0,0.0,16.0,25903.0
2026-07-30T19:00:18.004Z,187.487,187.5,0.0,7.4,0.0,0.0,0.0,0.0,0.0,0.0,0.0,0.0,1.0,0.0,0.0,0.0,9.0,4.0,0.0,0.0,0.0,0.0,0.0,0.0,0.0,0.0,4.0,12.0,1.0,12.18,5.01,2.5,1.49,0.0,0.0,0.0,0.4,0.0,0.2,0.0,-0.4,-169.60000000000002,0.0,0.0,169.70000000000002,0.0,21.3,29.700000000000003,29.700000000000003,30.3,300.0,300.0,31.200000000000003,35.2,29.6,28.8,30.6,4.95,1.99,4.97,0.17,0.0,0.0,1027.0,8228.0,0.0,0.0,0.0,0.0,0.0,1.0,0.0,0.0,0.0,0.0,0.0,-0.3,0.0,0.4,0.0,0.0,16.0,25903.0
2026-07-30T19:00:18.015Z,187.498,187.512,0.0,7.4,0.0,0.0,0.0,0.0,0.0,0.0,0.0,0.0,1.0,0.0,0.0,0.0,9.0,4.0,0.0,0.0,0.0,0.0,0.0,0.0,0.0,0.0,4.0,12.0,1.0,12.18,5.01,2.5,1.49,0.0,0.0,0.0,0.4,0.0,0.2,0.5,1.2000000000000002,-169.60000000000002,0.0,0.0,169.60000000000002,0.0,21.3,29.700000000000003,29.700000000000003,30.3,300.0,300.0,31.200000000000003,35.2,29.6,28.8,30.6,4.96,2.0,4.97,0.16,0.0,0.0,1027.0,8228.0,0.0,0.0,0.0,0.0,0.0,1.0,0.0,0.0,0.0,0.0,0.0,1.5,0.0,-0.9,0.0,0.0,16.0,25903.0
2026-07-30T19:00:18.027Z,187.51,187.524,0.0,7.4,0.0,0.0,0.0,0.0,0.0,0.0,0.0,0.0,1.0,0.0,0.0,0.0,9.0,4.0,0.0,0.0,0.0,0.0,0.0,0.0,0.0,0.0,6.0,12.0,1.0,12.18,5.01,2.5,1.49,0.0,0.1,0.0,0.4,0.0,-0.3,0.5,0.0,-169.60000000000002,0.0,0.0,169.60000000000002,0.0,21.3,29.700000000000003,29.700000000000003,30.3,300.0,300.0,31.200000000000003,35.2,29.6,28.8,30.6,4.96,2.0,4.96,0.16,0.0,0.0,1027.0,8228.0,0.0,0.0,0.0,0.0,0.0,1.0,0.0,0.0,0.0,0.0,0.0,0.6000000000000001,0.0,0.0,0.0,0.0,16.0,25903.0
2026-07-30T19:00:18.039Z,187.522,187.536,0.0,7.4,0.0,0.0,0.0,0.0,0.0,0.0,0.0,0.0,1.0,0.0,0.0,0.0,9.0,4.0,0.0,0.0,0.0,0.0,0.0,0.0,0.0,0.0,1.0,12.0,1.0,12.18,5.01,2.5,1.49,0.0,0.0,0.0,0.4,0.0,0.8,-0.6000000000000001,1.7000000000000002,-169.60000000000002,0.0,0.0,169.60000000000002,0.0,21.3,29.700000000000003,29.700000000000003,30.3,300.0,300.0,31.200000000000003,35.2,29.6,28.8,30.6,4.95,1.99,4.96,0.16,0.0,0.0,1027.0,8228.0,0.0,0.0,0.0,0.0,0.0,1.0,0.0,0.0,0.0,0.0,0.0,0.0,0.0,0.0,0.0,0.0,16.0,25903.0
2026-07-30T19:00:18.052Z,187.535,187.548,0.0,7.4,0.0,0.0,0.0,0.0,0.0,0.0,0.0,0.0,1.0,0.0,0.0,0.0,9.0,4.0,0.0,0.0,0.0,0.0,0.0,0.0,0.0,0.0,2.0,12.0,1.0,12.18,5.01,2.5,1.49,0.0,0.0,0.0,0.4,0.0,-0.3,-0.1,-1.1,-169.60000000000002,0.0,0.0,169.60000000000002,0.0,21.3,29.700000000000003,29.700000000000003,30.3,300.0,300.0,31.200000000000003,35.2,29.6,28.8,30.6,4.95,1.99,4.96,0.16,0.0,0.0,1027.0,8228.0,0.0,0.0,0.0,0.0,0.0,1.0,0.0,0.0,0.0,0.0,0.0,1.4,0.0,-0.9,0.0,0.0,16.0,25903.0
2026-07-30T19:00:18.063Z,187.546,187.56,0.0,7.4,0.0,0.0,0.0,0.0,0.0,0.0,0.0,0.0,1.0,0.0,0.0,0.0,9.0,4.0,0.0,0.0,0.0,0.0,0.0,0.0,0.0,0.0,3.0,12.0,1.0,12.18,5.01,2.5,1.49,0.0,0.0,0.0,0.4,0.0,-0.3,-0.6000000000000001,0.0,-169.60000000000002,0.0,0.0,169.60000000000002,0.0,21.3,29.700000000000003,29.700000000000003,30.3,300.0,300.0,31.200000000000003,35.2,29.6,28.8,30.6,4.96,1.99,4.96,0.16,0.0,0.0,1027.0,8228.0,0.0,0.0,0.0,0.0,0.0,1.0,0.0,0.0,0.0,0.0,0.0,-1.1,0.0,0.3,0.0,0.0,16.0,25903.0
2026-07-30T19:00:18.077Z,187.56,187.572,0.0,7.4,0.0,0.0,0.0,0.0,0.0,0.0,0.0,0.0,1.0,0.0,0.0,0.0,9.0,4.0,0.0,0.0,0.0,0.0,0.0,0.0,0.0,0.0,4.0,12.0,1.0,12.15,5.01,2.51,1.49,0.0,0.0,0.0,0.4,0.0,-0.9,-0.6000000000000001,-1.1,-169.60000000000002,0.0,0.0,169.60000000000002,0.0,21.4,29.700000000000003,29.700000000000003,30.3,300.0,300.0,31.200000000000003,35.2,29.5,28.8,30.6,4.95,1.99,4.96,0.16,0.0,0.0,1027.0,8228.0,0.0,0.0,0.0,0.0,0.0,1.0,0.0,0.0,0.0,0.0,0.0,-1.5,0.0,0.8,0.0,0.0,16.0,25903.0
2026-07-30T19:00:18.087Z,187.57,187.584,0.0,7.4,0.0,0.0,0.0,0.0,0.0,0.0,0.0,0.0,1.0,0.0,0.0,0.0,9.0,4.0,0.0,0.0,0.0,0.0,0.0,0.0,0.0,0.0,5.0,12.0,1.0,12.15,5.01,2.51,1.49,0.0,0.1,0.0,0.4,0.0,-0.9,0.0,0.5,-169.60000000000002,0.0,0.0,169.70000000000002,0.0,21.4,29.700000000000003,29.700000000000003,30.3,300.0,300.0,31.200000000000003,35.2,29.5,28.8,30.6,4.95,1.99,4.97,0.16,0.0,0.0,1027.0,8228.0,0.0,0.0,0.0,0.0,0.0,1.0,0.0,0.0,0.0,0.0,0.0,0.3,0.0,-0.5,0.0,0.0,16.0,25903.0
2026-07-30T19:00:18.099Z,187.582,187.596,0.0,7.4,0.0,0.0,0.0,0.0,0.0,0.0,0.0,0.0,1.0,0.0,0.0,0.0,9.0,4.0,0.0,0.0,0.0,0.0,0.0,0.0,0.0,0.0,6.0,12.0,1.0,12.15,5.01,2.51,1.49,0.0,0.0,0.0,0.4,0.0,0.2,0.5,0.5,-169.60000000000002,0.0,0.0,169.60000000000002,0.0,21.4,29.700000000000003,29.700000000000003,30.3,300.0,300.0,31.200000000000003,35.2,29.5,28.8,30.6,4.95,2.0,4.96,0.16,0.0,0.0,1027.0,8228.0,0.0,0.0,0.0,0.0,0.0,1.0,0.0,0.0,0.0,0.0,0.0,1.0,0.0,-0.3,0.0,0.0001,16.0,25903.0
2026-07-30T19:00:18.111Z,187.594,187.608,0.0,7.4,0.0,0.0,0.0,0.0,0.0,0.0,0.0,0.0,1.0,0.0,0.0,0.0,9.0,4.0,0.0,0.0,0.0,0.0,0.0,0.0,0.0,0.0,1.0,12.0,1.0,12.15,5.01,2.51,1.49,0.0,0.0,0.0,0.4,0.0,-0.3,0.0,0.5,-169.60000000000002,0.0,0.0,169.60000000000002,0.0,21.4,29.700000000000003,29.700000000000003,30.3,300.0,300.0,31.200000000000003,35.2,29.5,28.8,30.6,4.96,1.99,4.96,0.16,0.0,0.0,1027.0,8228.0,0.0,0.0,0.0,0.0,0.0,1.0,0.0,0.0,0.0,0.0,0.0,0.3,0.0,-0.5,0.0,0.0,16.0,25903.0
2026-07-30T19:00:18.123Z,187.606,187.62,0.0,7.4,0.0,0.0,0.0,0.0,0.0,0.0,0.0,0.0,1.0,0.0,0.0,0.0,9.0,4.0,0.0,0.0,0.0,0.0,0.0,0.0,0.0,0.0,2.0,12.0,1.0,12.15,5.01,2.51,1.49,0.0,0.0,0.0,0.4,0.0,-0.3,-1.1,-0.5,-169.60000000000002,0.0,0.0,169.60000000000002,0.0,21.4,29.700000000000003,29.700000000000003,30.3,300.0,300.0,31.200000000000003,35.2,29.5,28.8,30.6,4.95,1.99,4.97,0.16,0.0,0.0,1027.0,8228.0,0.0,0.0,0.0,0.0,0.0,1.0,0.0,0.0,0.0,0.0,0.0,-1.7000000000000002,0.0,0.2,0.0,0.0,16.0,25903.0
2026-07-30T19:00:18.140Z,187.623,187.632,0.0,7.4,0.0,0.0,0.0,0.0,0.0,0.0,0.0,0.0,1.0,0.0,0.0,0.0,9.0,4.0,0.0,0.0,0.0,0.0,0.0,0.0,0.0,0.0,3.0,12.0,1.0,12.15,5.01,2.51,1.49,0.0,0.0,0.0,0.5,0.0,0.2,-1.1,0.0,-169.60000000000002,0.0,0.0,169.70000000000002,0.0,21.4,29.700000000000003,29.700000000000003,30.3,300.0,300.0,31.200000000000003,35.2,29.5,28.8,30.6,4.96,1.99,4.96,0.16,0.0,0.0,1027.0,8228.0,0.0,0.0,0.0,0.0,0.0,1.0,0.0,0.0,0.0,0.0,0.0,-1.3,0.0,-0.2,0.0,0.0,16.0,25903.0
2026-07-30T19:00:18.147Z,187.63,187.644,0.0,7.4,0.0,0.0,0.0,0.0,0.0,0.0,0.0,0.0,1.0,0.0,0.0,0.0,9.0,4.0,0.0,0.0,0.0,0.0,0.0,0.0,0.0,0.0,6.0,12.0,1.0,12.15,5.01,2.51,1.49,0.0,0.1,0.0,0.4,0.0,-0.3,1.1,0.0,-169.60000000000002,0.0,0.0,169.70000000000002,0.0,21.4,29.700000000000003,29.700000000000003,30.3,300.0,300.0,31.200000000000003,35.2,29.5,28.8,30.6,4.96,1.99,4.96,0.16,0.0,0.0,1027.0,8228.0,0.0,0.0,0.0,0.0,0.0,1.0,0.0,0.0,0.0,0.0,0.0,1.3,0.0,0.2,0.0,0.0,16.0,25903.0
2026-07-30T19:00:18.159Z,187.642,187.656,0.0,7.4,0.0,0.0,0.0,0.0,0.0,0.0,0.0,0.0,1.0,0.0,0.0,0.0,9.0,4.0,0.0,0.0,0.0,0.0,0.0,0.0,0.0,0.0,2.0,12.0,1.0,12.15,5.01,2.51,1.49,0.0,0.0,0.0,0.4,0.0,0.1,0.0,1.1,-169.60000000000002,0.0,0.0,169.60000000000002,0.0,21.4,29.700000000000003,29.700000000000003,30.3,300.0,300.0,31.200000000000003,35.2,29.5,28.8,30.6,4.95,1.99,4.96,0.16,0.0,0.0,1027.0,8228.0,0.0,0.0,0.0,0.0,0.0,1.0,0.0,0.0,0.0,0.0,0.0,0.8,0.0,-1.0,0.0,0.0,16.0,25903.0
2026-07-30T19:00:18.171Z,187.654,187.668,0.0,7.4,0.0,0.0,0.0,0.0,0.0,0.0,0.0,0.0,1.0,0.0,0.0,0.0,9.0,4.0,0.0,0.0,0.0,0.0,0.0,0.0,0.0,0.0,3.0,12.0,1.0,12.15,5.01,2.51,1.49,0.0,0.0,0.0,0.4,0.0,0.2,-0.5,0.0,-169.60000000000002,0.0,0.0,169.60000000000002,0.0,21.4,29.700000000000003,29.700000000000003,30.3,300.0,300.0,31.200000000000003,35.2,29.5,28.8,30.6,4.95,1.99,4.97,0.16,0.0,0.0,1027.0,8228.0,0.0,0.0,0.0,0.0,0.0,1.0,0.0,0.0,0.0,0.0,0.0,-0.6000000000000001,0.0,-0.1,0.0,0.0,16.0,25903.0
2026-07-30T19:00:18.183Z,187.666,187.68,0.0,7.4,0.0,0.0,0.0,0.0,0.0,0.0,0.0,0.0,1.0,0.0,0.0,0.0,9.0,4.0,0.0,0.0,0.0,0.0,0.0,0.0,0.0,0.0,4.0,12.0,1.0,12.15,5.01,2.5,1.49,0.0,0.0,0.0,0.4,0.0,-0.9,0.0,-1.1,-169.60000000000002,0.0,0.0,169.60000000000002,0.0,21.700000000000003,29.700000000000003,29.700000000000003,30.3,300.0,300.0,31.3,35.2,29.5,28.8,30.6,4.96,1.99,4.96,0.16,0.0,0.0,1027.0,8228.0,0.0,0.0,0.0,0.0,0.0,1.0,0.0,0.0,0.0,0.0,0.0,-0.8,0.0,1.0,0.0,0.0,16.0,25903.0
2026-07-30T19:00:18.195Z,187.678,187.692,0.0,7.4,0.0,0.0,0.0,0.0,0.0,0.0,0.0,0.0,1.0,0.0,0.0,0.0,9.0,4.0,0.0,0.0,0.0,0.0,0.0,0.0,0.0,0.0,5.0,12.0,1.0,12.15,5.01,2.5,1.49,0.0,0.0,0.0,0.4,0.0,-0.4,0.0,0.5,-169.60000000000002,0.0,0.0,169.60000000000002,0.0,21.700000000000003,29.700000000000003,29.700000000000003,30.3,300.0,300.0,31.3,35.2,29.5,28.8,30.6,4.96,1.99,4.97,0.16,0.0,0.0,1027.0,8228.0,0.0,0.0,0.0,0.0,0.0,1.0,0.0,0.0,0.0,0.0,0.0,0.4,0.0,-0.4,0.0,0.0,16.0,25903.0
2026-07-30T19:00:18.207Z,187.69,187.704,0.0,7.4,0.0,0.0,0.0,0.0,0.0,0.0,0.0,0.0,1.0,0.0,0.0,0.0,9.0,4.0,0.0,0.0,0.0,0.0,0.0,0.0,0.0,0.0,6.0,12.0,1.0,12.15,5.01,2.5,1.49,0.0,0.0,0.0,0.4,0.0,-0.3,1.1,0.5,-169.60000000000002,0.0,0.0,169.70000000000002,0.0,21.700000000000003,29.700000000000003,29.700000000000003,30.3,300.0,300.0,31.3,35.2,29.5,28.8,30.6,4.95,2.0,4.97,0.16,0.0,0.0,1027.0,8228.0,0.0,0.0,0.0,0.0,0.0,1.0,0.0,0.0,0.0,0.0,0.0,1.7000000000000002,0.0,-0.2,0.0,0.0,16.0,25903.0
2026-07-30T19:00:18.220Z,187.703,187.716,0.0,7.4,0.0,0.0,0.0,0.0,0.0,0.0,0.0,0.0,1.0,0.0,0.0,0.0,9.0,4.0,0.0,0.0,0.0,0.0,0.0,0.0,0.0,0.0,1.0,12.0,1.0,12.15,5.01,2.5,1.49,0.0,0.0,0.0,0.4,0.0,0.1,-0.5,-0.6000000000000001,-169.60000000000002,0.0,0.0,169.70000000000002,0.0,21.700000000000003,29.700000000000003,29.700000000000003,30.3,300.0,300.0,31.3,35.2,29.5,28.8,30.6,4.96,2.0,4.96,0.16,0.0,0.0,1027.0,8228.0,0.0,0.0,0.0,0.0,0.0,1.0,0.0,0.0,0.0,0.0,0.0,-1.1,0.0,0.4,0.0,0.0,16.0,25903.0
2026-07-30T19:00:18.231Z,187.714,187.728,0.0,7.4,0.0,0.0,0.0,0.0,0.0,0.0,0.0,0.0,1.0,0.0,0.0,0.0,9.0,4.0,0.0,0.0,0.0,0.0,0.0,0.0,0.0,0.0,2.0,12.0,1.0,12.15,5.01,2.5,1.49,0.0,0.0,0.0,0.4,0.0,-0.4,-1.7000000000000002,0.0,-169.60000000000002,0.0,0.0,169.60000000000002,0.0,21.700000000000003,29.700000000000003,29.700000000000003,30.3,300.0,300.0,31.3,35.2,29.5,28.8,30.6,4.95,1.99,4.97,0.16,0.0,0.0,1027.0,8228.0,0.0,0.0,0.0,0.0,0.0,1.0,0.0,0.0,0.0,0.0,0.0,-2.0,0.0,-0.2,0.0,0.0,16.0,25903.0
2026-07-30T19:00:18.243Z,187.726,187.74,0.0,7.4,0.0,0.0,0.0,0.0,0.0,0.0,0.0,0.0,1.0,0.0,0.0,0.0,9.0,4.0,0.0,0.0,0.0,0.0,0.0,0.0,0.0,0.0,4.0,12.0,1.0,12.15,5.01,2.5,1.49,0.0,0.0,0.0,0.4,0.0,0.1,0.0,-0.6000000000000001,-169.60000000000002,0.0,0.0,169.70000000000002,0.0,21.700000000000003,29.700000000000003,29.700000000000003,30.3,300.0,300.0,31.3,35.2,29.5,28.8,30.6,4.95,1.99,4.97,0.16,0.0,0.0,1027.0,8228.0,0.0,0.0,0.0,0.0,0.0,1.0,0.0,0.0,0.0,0.0,0.0,-0.4,0.0,0.5,0.0,0.0,16.0,25903.0
2026-07-30T19:00:18.256Z,187.739,187.752,0.0,7.4,0.0,0.0,0.0,0.0,0.0,0.0,0.0,0.0,1.0,0.0,0.0,0.0,9.0,4.0,0.0,0.0,0.0,0.0,0.0,0.0,0.0,0.0,5.0,12.0,1.0,12.15,5.01,2.5,1.49,0.0,0.0,0.0,0.4,0.0,0.1,0.0,-0.6000000000000001,-169.60000000000002,0.0,0.0,169.70000000000002,0.0,21.700000000000003,29.700000000000003,29.700000000000003,30.3,300.0,300.0,31.3,35.2,29.5,28.8,30.6,4.95,2.0,4.97,0.16,0.0,0.0,1027.0,8228.0,0.0,0.0,0.0,0.0,0.0,1.0,0.0,0.0,0.0,0.0,0.0,-0.4,0.0,0.5,0.0,0.0001,16.0,25903.0
2026-07-30T19:00:18.267Z,187.75,187.764,0.0,7.4,0.0,0.0,0.0,0.0,0.0,0.0,0.0,0.0,1.0,0.0,0.0,0.0,9.0,4.0,0.0,0.0,0.0,0.0,0.0,0.0,0.0,0.0,6.0,12.0,1.0,12.15,5.01,2.5,1.49,0.0,0.0,0.0,0.4,0.0,0.1,0.0,0.0,-169.60000000000002,0.0,0.0,169.60000000000002,0.0,21.700000000000003,29.700000000000003,29.700000000000003,30.3,300.0,300.0,31.3,35.2,29.5,28.8,30.6,4.96,2.0,4.96,0.16,0.0,0.0,1027.0,8228.0,0.0,0.0,0.0,0.0,0.0,1.0,0.0,0.0,0.0,0.0,0.0,0.0,0.0,0.0,0.0,0.0,16.0,25903.0
2026-07-30T19:00:18.280Z,187.763,187.776,0.0,7.4,0.0,0.0,0.0,0.0,0.0,0.0,0.0,0.0,1.0,0.0,0.0,0.0,9.0,4.0,0.0,0.0,0.0,0.0,0.0,0.0,0.0,0.0,1.0,12.0,1.0,12.14,5.01,2.5,1.5,0.0,0.0,0.0,0.4,0.0,-0.3,-0.6000000000000001,0.5,-169.60000000000002,0.0,0.0,169.60000000000002,0.0,21.700000000000003,29.700000000000003,29.700000000000003,30.3,300.0,300.0,31.3,35.2,29.5,28.8,30.6,4.95,1.99,4.96,0.16,0.0,0.0,1027.0,8228.0,0.0,0.0,0.0,0.0,0.0,1.0,0.0,0.0,0.0,0.0,0.0,-0.3,0.0,-0.6000000000000001,0.0,0.0001,16.0,25903.0
2026-07-30T19:00:18.291Z,187.774,187.788,0.0,7.4,0.0,0.0,0.0,0.0,0.0,0.0,0.0,0.0,1.0,0.0,0.0,0.0,9.0,4.0,0.0,0.0,0.0,0.0,0.0,0.0,0.0,0.0,3.0,12.0,1.0,12.14,5.01,2.5,1.5,0.0,0.0,0.0,0.4,0.0,-0.9,-0.6000000000000001,-0.6000000000000001,-169.60000000000002,0.0,0.0,169.70000000000002,0.0,21.700000000000003,29.700000000000003,29.700000000000003,30.3,300.0,300.0,31.3,35.2,29.5,28.8,30.6,4.95,1.99,4.97,0.16,0.0,0.0,1027.0,8228.0,0.0,0.0,0.0,0.0,0.0,1.0,0.0,0.0,0.0,0.0,0.0,-1.2000000000000002,0.0,0.4,0.0,0.0,16.0,25903.0
2026-07-30T19:00:18.303Z,187.786,187.8,0.0,7.4,0.0,0.0,0.0,0.0,0.0,0.0,0.0,0.0,1.0,0.0,0.0,0.0,9.0,4.0,0.0,0.0,0.0,0.0,0.0,0.0,0.0,0.0,4.0,12.0,1.0,12.14,5.01,2.5,1.5,0.0,0.0,0.0,0.4,0.0,-0.3,0.0,-0.6000000000000001,-169.60000000000002,0.0,0.0,169.60000000000002,0.0,21.700000000000003,29.700000000000003,29.700000000000003,30.3,300.0,300.0,31.3,35.2,29.5,28.8,30.6,4.96,1.99,4.97,0.16,0.0,0.0,1027.0,8228.0,0.0,0.0,0.0,0.0,0.0,1.0,0.0,0.0,0.0,0.0,0.0,-0.5,0.0,0.5,0.0,0.0,16.0,25903.0
2026-07-30T19:00:18.315Z,187.798,187.812,0.0,7.4,0.0,0.0,0.0,0.0,0.0,0.0,0.0,0.0,1.0,0.0,0.0,0.0,9.0,4.0,0.0,0.0,0.0,0.0,0.0,0.0,0.0,0.0,5.0,12.0,1.0,12.14,5.01,2.5,1.5,0.0,0.0,0.0,0.4,0.0,-0.3,-0.5,-1.2000000000000002,-169.60000000000002,0.0,0.0,169.70000000000002,0.0,21.700000000000003,29.700000000000003,29.700000000000003,30.3,300.0,300.0,31.3,35.2,29.5,28.8,30.6,4.95,1.99,4.97,0.16,0.0,0.0,1027.0,8228.0,0.0,0.0,0.0,0.0,0.0,1.0,0.0,0.0,0.0,0.0,0.0,-1.6,0.0,0.9,0.0,0.0,16.0,25903.0
2026-07-30T19:00:18.327Z,187.81,187.824,0.0,7.4,0.0,0.0,0.0,0.0,0.0,0.0,0.0,0.0,1.0,0.0,0.0,0.0,9.0,4.0,0.0,0.0,0.0,0.0,0.0,0.0,0.0,0.0,6.0,12.0,1.0,12.14,5.01,2.5,1.5,0.0,0.0,0.0,0.4,0.0,0.2,0.0,0.5,-169.60000000000002,0.0,0.0,169.70000000000002,0.0,21.700000000000003,29.700000000000003,29.700000000000003,30.3,300.0,300.0,31.3,35.2,29.5,28.8,30.6,4.95,1.99,4.97,0.16,0.0,0.0,1027.0,8228.0,0.0,0.0,0.0,0.0,0.0,1.0,0.0,0.0,0.0,0.0,0.0,0.3,0.0,-0.4,0.0,0.0001,16.0,25903.0
2026-07-30T19:00:18.339Z,187.822,187.836,0.0,7.4,0.0,0.0,0.0,0.0,0.0,0.0,0.0,0.0,1.0,0.0,0.0,0.0,9.0,4.0,0.0,0.0,0.0,0.0,0.0,0.0,0.0,0.0,1.0,12.0,1.0,12.14,5.01,2.5,1.5,0.0,0.1,0.0,0.5,0.0,-0.9,1.1,0.5,-169.60000000000002,0.0,0.0,169.60000000000002,0.0,21.700000000000003,29.700000000000003,29.700000000000003,30.3,300.0,300.0,31.3,35.2,29.5,28.8,30.6,4.95,1.99,4.96,0.16,0.0,0.0,1027.0,8228.0,0.0,0.0,0.0,0.0,0.0,1.0,0.0,0.0,0.0,0.0,0.0,1.7000000000000002,0.0,-0.2,0.0,0.0,16.0,25903.0
2026-07-30T19:00:18.351Z,187.834,187.848,0.0,7.4,0.0,0.0,0.0,0.0,0.0,0.0,0.0,0.0,1.0,0.0,0.0,0.0,9.0,4.0,0.0,0.0,0.0,0.0,0.0,0.0,0.0,0.0,3.0,12.0,1.0,12.14,5.01,2.5,1.5,0.0,0.1,0.0,0.4,0.0,0.2,0.0,0.5,-169.60000000000002,0.0,0.0,169.70000000000002,0.0,21.700000000000003,29.700000000000003,29.700000000000003,30.3,300.0,300.0,31.3,35.2,29.5,28.8,30.6,4.95,2.0,4.96,0.16,0.0,0.0,1027.0,8228.0,0.0,0.0,0.0,0.0,0.0,1.0,0.0,0.0,0.0,0.0,0.0,0.4,0.0,-0.4,0.0,0.0,16.0,25903.0
2026-07-30T19:00:18.363Z,187.846,187.86,0.0,7.4,0.0,0.0,0.0,0.0,0.0,0.0,0.0,0.0,1.0,0.0,0.0,0.0,9.0,4.0,0.0,0.0,0.0,0.0,0.0,0.0,0.0,0.0,4.0,12.0,1.0,12.14,5.01,2.5,1.5,0.0,0.0,0.0,0.4,0.0,0.2,-0.5,0.5,-169.60000000000002,0.0,0.0,169.70000000000002,0.0,21.700000000000003,29.700000000000003,29.700000000000003,30.3,300.0,300.0,31.3,35.2,29.5,28.8,30.6,4.95,2.0,4.97,0.16,0.0,0.0,1027.0,8228.0,0.0,0.0,0.0,0.0,0.0,1.0,0.0,0.0,0.0,0.0,0.0,-0.2,0.0,-0.5,0.0,0.0,16.0,25903.0
2026-07-30T19:00:18.375Z,187.858,187.872,0.0,7.4,0.0,0.0,0.0,0.0,0.0,0.0,0.0,0.0,1.0,0.0,0.0,0.0,9.0,4.0,0.0,0.0,0.0,0.0,0.0,0.0,0.0,0.0,4.0,12.0,1.0,12.14,5.01,2.5,1.5,0.0,0.0,0.0,0.4,0.0,-0.3,-1.0,-0.5,-169.60000000000002,0.0,0.0,169.60000000000002,0.0,21.700000000000003,29.700000000000003,29.700000000000003,30.3,300.0,300.0,31.3,35.2,29.5,28.8,30.6,4.96,1.99,4.96,0.16,0.0,0.0,1027.0,8228.0,0.0,0.0,0.0,0.0,0.0,1.0,0.0,0.0,0.0,0.0,0.0,-1.6,0.0,0.2,0.0,0.0001,16.0,25903.0
2026-07-30T19:00:18.387Z,187.87,187.884,0.0,7.4,0.0,0.0,0.0,0.0,0.0,0.0,0.0,0.0,1.0,0.0,0.0,0.0,9.0,4.0,0.0,0.0,0.0,0.0,0.0,0.0,0.0,0.0,6.0,12.0,1.0,12.15,5.0200000000000005,2.5,1.49,0.0,0.1,0.0,0.4,0.0,-0.2,0.0,1.1,-169.60000000000002,0.0,0.0,169.60000000000002,0.0,21.700000000000003,29.700000000000003,29.700000000000003,30.3,300.0,300.0,31.200000000000003,35.2,29.5,28.8,30.700000000000003,4.96,1.99,4.96,0.16,0.0,0.0,1027.0,8228.0,0.0,0.0,0.0,0.0,0.0,1.0,0.0,0.0,0.0,0.0,0.0,0.9,0.0,-1.0,0.0,0.0001,16.0,25903.0
2026-07-30T19:00:18.399Z,187.882,187.896,0.0,7.4,0.0,0.0,0.0,0.0,0.0,0.0,0.0,0.0,1.0,0.0,0.0,0.0,9.0,4.0,0.0,0.0,0.0,0.0,0.0,0.0,0.0,0.0,1.0,12.0,1.0,12.15,5.0200000000000005,2.5,1.49,0.0,0.0,0.0,0.4,0.0,-0.2,0.1,-0.5,-169.60000000000002,0.0,0.0,169.60000000000002,0.0,21.700000000000003,29.700000000000003,29.700000000000003,30.3,300.0,300.0,31.200000000000003,35.2,29.5,28.8,30.700000000000003,4.96,1.99,4.96,0.16,0.0,0.0,1027.0,8228.0,0.0,0.0,0.0,0.0,0.0,1.0,0.0,0.0,0.0,0.0,0.0,-0.2,0.0,0.5,0.0,0.0,16.0,25903.0
2026-07-30T19:00:18.411Z,187.894,187.908,0.0,7.4,0.0,0.0,0.0,0.0,0.0,0.0,0.0,0.0,1.0,0.0,0.0,0.0,9.0,4.0,0.0,0.0,0.0,0.0,0.0,0.0,0.0,0.0,3.0,12.0,1.0,12.15,5.0200000000000005,2.5,1.49,0.0,0.0,0.0,0.4,0.0,0.9,0.1,0.5,-169.60000000000002,0.0,0.0,169.60000000000002,0.0,21.700000000000003,29.700000000000003,29.700000000000003,30.3,300.0,300.0,31.200000000000003,35.2,29.5,28.8,30.700000000000003,4.96,1.99,4.97,0.16,0.0,0.0,1027.0,8228.0,0.0,0.0,0.0,0.0,0.0,1.0,0.0,0.0,0.0,0.0,0.0,0.6000000000000001,0.0,-0.4,0.0,0.0,16.0,25903.0
2026-07-30T19:00:18.423Z,187.906,187.92,0.0,7.4,0.0,0.0,0.0,0.0,0.0,0.0,0.0,0.0,1.0,0.0,0.0,0.0,9.0,4.0,0.0,0.0,0.0,0.0,0.0,0.0,0.0,0.0,4.0,12.0,1.0,12.15,5.0200000000000005,2.5,1.49,0.0,0.0,0.0,0.5,0.0,0.3,-0.4,0.0,-169.60000000000002,0.0,0.0,169.60000000000002,0.0,21.700000000000003,29.700000000000003,29.700000000000003,30.3,300.0,300.0,31.200000000000003,35.2,29.5,28.8,30.700000000000003,4.96,1.99,4.96,0.16,0.0,0.0,1027.0,8228.0,0.0,0.0,0.0,0.0,0.0,1.0,0.0,0.0,0.0,0.0,0.0,-0.5,0.0,0.0,0.0,0.0,16.0,25903.0
2026-07-30T19:00:18.435Z,187.918,187.932,0.0,7.4,0.0,0.0,0.0,0.0,0.0,0.0,0.0,0.0,1.0,0.0,0.0,0.0,9.0,4.0,0.0,0.0,0.0,0.0,0.0,0.0,0.0,0.0,5.0,12.0,1.0,12.15,5.0200000000000005,2.5,1.49,0.0,0.0,0.0,0.5,0.0,-0.2,0.6000000000000001,0.0,-169.60000000000002,0.0,0.0,169.60000000000002,0.0,21.700000000000003,29.700000000000003,29.700000000000003,30.3,300.0,300.0,31.200000000000003,35.2,29.5,28.8,30.700000000000003,4.96,1.99,4.97,0.16,0.0,0.0,1027.0,8228.0,0.0,0.0,0.0,0.0,0.0,1.0,0.0,0.0,0.0,0.0,0.0,0.7000000000000001,0.0,0.1,0.0,0.0,16.0,25903.0
2026-07-30T19:00:18.456Z,187.939,187.944,0.0,7.4,0.0,0.0,0.0,0.0,0.0,0.0,0.0,0.0,1.0,0.0,0.0,0.0,9.0,4.0,0.0,0.0,0.0,0.0,0.0,0.0,0.0,0.0,6.0,12.0,1.0,12.15,5.0200000000000005,2.5,1.49,0.0,0.0,0.0,0.4,0.0,-0.2,0.0,0.5,-169.60000000000002,0.0,0.0,169.60000000000002,0.0,21.700000000000003,29.700000000000003,29.700000000000003,30.3,300.0,300.0,31.200000000000003,35.2,29.5,28.8,30.700000000000003,4.95,1.99,4.97,0.16,0.0,0.0,1027.0,8228.0,0.0,0.0,0.0,0.0,0.0,1.0,0.0,0.0,0.0,0.0,0.0,0.4,0.0,-0.4,0.0,0.0,16.0,25903.0
2026-07-30T19:00:18.459Z,187.942,187.956,0.0,7.4,0.0,0.0,0.0,0.0,0.0,0.0,0.0,0.0,1.0,0.0,0.0,0.0,9.0,4.0,0.0,0.0,0.0,0.0,0.0,0.0,0.0,0.0,4.0,12.0,1.0,12.15,5.0200000000000005,2.5,1.49,0.0,0.1,0.0,0.4,0.0,0.3,-0.5,0.0,-169.60000000000002,0.0,0.0,169.70000000000002,0.0,21.700000000000003,29.700000000000003,29.700000000000003,30.3,300.0,300.0,31.200000000000003,35.2,29.5,28.8,30.700000000000003,4.96,1.99,4.97,0.16,0.0,0.0,1027.0,8228.0,0.0,0.0,0.0,0.0,0.0,1.0,0.0,0.0,0.0,0.0,0.0,-0.5,0.0,-0.1,0.0,0.0,16.0,25903.0
2026-07-30T19:00:18.471Z,187.954,187.968,0.0,7.4,0.0,0.0,0.0,0.0,0.0,0.0,0.0,0.0,1.0,0.0,0.0,0.0,9.0,4.0,0.0,0.0,0.0,0.0,0.0,0.0,0.0,0.0,4.0,12.0,1.0,12.15,5.0200000000000005,2.5,1.49,0.0,0.0,0.0,0.4,0.0,0.3,0.6000000000000001,0.6000000000000001,-169.60000000000002,0.0,0.0,169.70000000000002,0.0,21.700000000000003,29.700000000000003,29.700000000000003,30.3,300.0,300.0,31.200000000000003,35.2,29.5,28.8,30.700000000000003,4.96,1.99,4.97,0.16,0.0,0.0,1027.0,8228.0,0.0,0.0,0.0,0.0,0.0,1.0,0.0,0.0,0.0,0.0,0.0,1.1,0.0,-0.4,0.0,0.0001,16.0,25903.0
2026-07-30T19:00:18.484Z,187.967,187.98,0.0,7.4,0.0,0.0,0.0,0.0,0.0,0.0,0.0,0.0,1.0,0.0,0.0,0.0,9.0,4.0,0.0,0.0,0.0,0.0,0.0,0.0,0.0,0.0,6.0,12.0,1.0,12.17,5.01,2.51,1.49,0.0,0.0,0.0,0.4,0.0,-0.2,0.5,-0.5,-169.60000000000002,0.0,0.0,169.60000000000002,0.0,21.3,29.700000000000003,29.700000000000003,30.3,300.0,300.0,31.200000000000003,35.2,29.5,28.8,30.700000000000003,4.96,1.99,4.96,0.16,0.0,0.0,1027.0,8228.0,0.0,0.0,0.0,0.0,0.0,1.0,0.0,0.0,0.0,0.0,0.0,0.2,0.0,0.5,0.0,0.0,16.0,25903.0
2026-07-30T19:00:18.495Z,187.978,187.992,0.0,7.4,0.0,0.0,0.0,0.0,0.0,0.0,0.0,0.0,1.0,0.0,0.0,0.0,9.0,4.0,0.0,0.0,0.0,0.0,0.0,0.0,0.0,0.0,1.0,12.0,1.0,12.17,5.01,2.51,1.49,0.0,0.0,0.0,0.4,0.0,0.9,0.0,-1.0,-169.60000000000002,0.0,0.0,169.70000000000002,0.0,21.3,29.700000000000003,29.700000000000003,30.3,300.0,300.0,31.200000000000003,35.2,29.5,28.8,30.700000000000003,4.95,1.99,4.96,0.16,0.0,0.0,1027.0,8228.0,0.0,0.0,0.0,0.0,0.0,1.0,0.0,0.0,0.0,0.0,0.0,-0.7000000000000001,0.0,0.9,0.0,0.0,16.0,25903.0
2026-07-30T19:00:18.507Z,187.99,188.004,0.0,7.4,0.0,0.0,0.0,0.0,0.0,0.0,0.0,0.0,1.0,0.0,0.0,0.0,9.0,4.0,0.0,0.0,0.0,0.0,0.0,0.0,0.0,0.0,2.0,12.0,1.0,12.17,5.01,2.51,1.49,0.0,0.0,0.0,0.4,0.0,0.3,-0.5,1.7000000000000002,-169.60000000000002,0.0,0.0,169.60000000000002,0.0,21.3,29.700000000000003,29.700000000000003,30.3,300.0,300.0,31.200000000000003,35.2,29.5,28.8,30.700000000000003,4.96,1.99,4.96,0.16,0.0,0.0,1027.0,8228.0,0.0,0.0,0.0,0.0,0.0,1.0,0.0,0.0,0.0,0.0,0.0,0.7000000000000001,0.0,-1.6,0.0,0.0,16.0,25903.0
2026-07-30T19:00:18.519Z,188.002,188.016,0.0,7.4,0.0,0.0,0.0,0.0,0.0,0.0,0.0,0.0,1.0,0.0,0.0,0.0,9.0,4.0,0.0,0.0,0.0,0.0,0.0,0.0,0.0,0.0,4.0,12.0,1.0,12.17,5.01,2.51,1.49,0.0,0.0,0.0,0.4,0.0,-0.2,0.0,-0.5,-169.60000000000002,0.0,0.0,169.70000000000002,0.0,21.3,29.700000000000003,29.700000000000003,30.3,300.0,300.0,31.200000000000003,35.2,29.5,28.8,30.700000000000003,4.95,1.99,4.97,0.16,0.0,0.0,1027.0,8228.0,0.0,0.0,0.0,0.0,0.0,1.0,0.0,0.0,0.0,0.0,0.0,-0.3,0.0,0.5,0.0,0.0,16.0,25903.0
2026-07-30T19:00:18.531Z,188.014,188.028,0.0,7.4,0.0,0.0,0.0,0.0,0.0,0.0,0.0,0.0,1.0,0.0,0.0,0.0,9.0,4.0,0.0,0.0,0.0,0.0,0.0,0.0,0.0,0.0,5.0,12.0,1.0,12.17,5.01,2.51,1.49,0.0,0.0,0.0,0.4,0.0,0.2,0.0,0.6000000000000001,-169.60000000000002,0.0,0.0,169.70000000000002,0.0,21.3,29.700000000000003,29.700000000000003,30.3,300.0,300.0,31.200000000000003,35.2,29.5,28.8,30.700000000000003,4.95,1.99,4.96,0.16,0.0,0.0,1027.0,8228.0,0.0,0.0,0.0,0.0,0.0,1.0,0.0,0.0,0.0,0.0,0.0,0.4,0.0,-0.5,0.0,0.0002,16.0,25903.0
2026-07-30T19:00:18.543Z,188.026,188.04,0.0,7.4,0.0,0.0,0.0,0.0,0.0,0.0,0.0,0.0,1.0,0.0,0.0,0.0,9.0,4.0,0.0,0.0,0.0,0.0,0.0,0.0,0.0,0.0,6.0,12.0,1.0,12.17,5.01,2.51,1.49,0.0,0.1,0.0,0.4,0.0,-0.9,0.0,-1.7000000000000002,-169.60000000000002,0.0,0.0,169.70000000000002,0.0,21.3,29.700000000000003,29.700000000000003,30.3,300.0,300.0,31.200000000000003,35.2,29.5,28.8,30.700000000000003,4.96,1.99,4.96,0.16,0.0,0.0,1027.0,8228.0,0.0,0.0,0.0,0.0,0.0,1.0,0.0,0.0,0.0,0.0,0.0,-1.3,0.0,1.5,0.0,0.0,16.0,25903.0
2026-07-30T19:00:18.555Z,188.038,188.052,0.0,7.4,0.0,0.0,0.0,0.0,0.0,0.0,0.0,0.0,1.0,0.0,0.0,0.0,9.0,4.0,0.0,0.0,0.0,0.0,0.0,0.0,0.0,0.0,1.0,12.0,1.0,12.17,5.01,2.51,1.49,0.0,0.1,0.0,0.4,0.0,-0.3,-1.1,0.0,-169.60000000000002,0.0,0.0,169.70000000000002,0.0,21.3,29.700000000000003,29.700000000000003,30.3,300.0,300.0,31.200000000000003,35.2,29.5,28.8,30.700000000000003,4.95,1.99,4.96,0.16,0.0,0.0,1027.0,8228.0,0.0,0.0,0.0,0.0,0.0,1.0,0.0,0.0,0.0,0.0,0.0,-0.8,0.0,1.0,0.0,0.0001,16.0,25903.0
2026-07-30T19:00:18.567Z,188.05,188.064,0.0,7.4,0.0,0.0,0.0,0.0,0.0,0.0,0.0,0.0,1.0,0.0,0.0,0.0,9.0,4.0,0.0,0.0,0.0,0.0,0.0,0.0,0.0,0.0,3.0,12.0,1.0,12.17,5.01,2.51,1.49,0.0,0.0,0.0,0.4,0.0,0.3,0.6000000000000001,1.1,-169.60000000000002,0.0,0.0,169.70000000000002,0.0,21.3,29.700000000000003,29.700000000000003,30.3,300.0,300.0,31.200000000000003,35.2,29.5,28.8,30.700000000000003,4.95,1.99,4.96,0.16,0.0,0.0,1027.0,8228.0,0.0,0.0,0.0,0.0,0.0,1.0,0.0,0.0,0.0,0.0,0.0,-0.6000000000000001,0.0,0.0,0.0,0.0,16.0,25903.0
2026-07-30T19:00:18.579Z,188.062,188.076,0.0,7.4,0.0,0.0,0.0,0.0,0.0,0.0,0.0,0.0,1.0,0.0,0.0,0.0,9.0,4.0,0.0,0.0,0.0,0.0,0.0,0.0,0.0,0.0,4.0,12.0,1.0,12.17,5.01,2.51,1.49,0.0,0.0,0.0,0.4,0.0,0.3,0.0,0.5,-169.60000000000002,0.0,0.0,169.70000000000002,0.0,21.3,29.700000000000003,29.700000000000003,30.3,300.0,300.0,31.200000000000003,35.2,29.5,28.8,30.700000000000003,4.95,2.0,4.96,0.16,0.0,0.0,1027.0,8228.0,0.0,0.0,0.0,0.0,0.0,1.0,0.0,0.0,0.0,0.0,0.0,-0.1,0.0,-0.6000000000000001,0.0,0.0,16.0,25903.0
2026-07-30T19:00:18.591Z,188.074,188.088,0.0,7.4,0.0,0.0,0.0,0.0,0.0,0.0,0.0,0.0,1.0,0.0,0.0,0.0,9.0,4.0,0.0,0.0,0.0,0.0,0.0,0.0,0.0,0.0,5.0,12.0,1.0,12.15,5.01,2.51,1.49,0.0,0.1,0.0,0.5,0.0,0.3,0.6000000000000001,0.5,-169.60000000000002,0.0,0.0,169.60000000000002,0.0,21.8,29.700000000000003,29.700000000000003,30.3,300.0,300.0,31.3,35.300000000000004,29.6,28.8,30.6,4.96,1.99,4.96,0.16,0.0,0.0,1027.0,8228.0,0.0,0.0,0.0,0.0,0.0,1.0,0.0,0.0,0.0,0.0,0.0,1.1,0.0,-0.3,0.0,0.0,16.0,25903.0
2026-07-30T19:00:18.603Z,188.086,188.1,0.0,7.4,0.0,0.0,0.0,0.0,0.0,0.0,0.0,0.0,1.0,0.0,0.0,0.0,9.0,4.0,0.0,0.0,0.0,0.0,0.0,0.0,0.0,0.0,1.0,12.0,1.0,12.15,5.01,2.51,1.49,0.0,0.0,0.0,0.4,0.0,0.8,1.2000000000000002,1.7000000000000002,-169.60000000000002,0.0,0.0,169.70000000000002,0.0,21.8,29.700000000000003,29.700000000000003,30.3,300.0,300.0,31.3,35.300000000000004,29.6,28.8,30.6,4.95,1.99,4.97,0.16,0.0,0.0,1027.0,8228.0,0.0,0.0,0.0,0.0,0.0,1.0,0.0,0.0,0.0,0.0,0.0,2.7,0.0,-1.2000000000000002,0.0,0.0001,16.0,25903.0
2026-07-30T19:00:18.615Z,188.098,188.112,0.0,7.4,0.0,0.0,0.0,0.0,0.0,0.0,0.0,0.0,1.0,0.0,0.0,0.0,9.0,4.0,0.0,0.0,0.0,0.0,0.0,0.0,0.0,0.0,2.0,12.0,1.0,12.15,5.01,2.51,1.49,0.0,0.0,0.0,0.4,0.0,-0.2,0.1,-1.1,-169.60000000000002,0.0,0.0,169.60000000000002,0.0,21.8,29.700000000000003,29.700000000000003,30.3,300.0,300.0,31.3,35.300000000000004,29.6,28.8,30.6,4.96,1.99,4.97,0.16,0.0,0.0,1027.0,8228.0,0.0,0.0,0.0,0.0,0.0,1.0,0.0,0.0,0.0,0.0,0.0,-0.7000000000000001,0.0,1.0,0.0,0.0,16.0,25903.0
2026-07-30T19:00:18.628Z,188.111,188.124,0.0,7.4,0.0,0.0,0.0,0.0,0.0,0.0,0.0,0.0,1.0,0.0,0.0,0.0,9.0,4.0,0.0,0.0,0.0,0.0,0.0,0.0,0.0,0.0,3.0,12.0,1.0,12.15,5.01,2.51,1.49,0.0,0.0,0.0,0.4,0.0,-0.8,-0.4,0.0,-169.60000000000002,0.0,0.0,169.60000000000002,0.0,21.8,29.700000000000003,29.700000000000003,30.3,300.0,300.0,31.3,35.300000000000004,29.6,28.8,30.6,4.96,2.0,4.96,0.16,0.0,0.0,1027.0,8228.0,0.0,0.0,0.0,0.0,0.0,1.0,0.0,0.0,0.0,0.0,0.0,-0.5,0.0,-0.1,0.0,0.0,16.0,25903.0
2026-07-30T19:00:18.639Z,188.122,188.136,0.0,7.4,0.0,0.0,0.0,0.0,0.0,0.0,0.0,0.0,1.0,0.0,0.0,0.0,9.0,4.0,0.0,0.0,0.0,0.0,0.0,0.0,0.0,0.0,4.0,12.0,1.0,12.15,5.01,2.51,1.49,0.0,0.0,0.0,0.4,0.0,0.3,0.1,0.0,-169.60000000000002,0.0,0.0,169.60000000000002,0.0,21.8,29.700000000000003,29.700000000000003,30.3,300.0,300.0,31.3,35.300000000000004,29.6,28.8,30.6,4.95,1.99,4.96,0.16,0.0,0.0,1027.0,8228.0,0.0,0.0,0.0,0.0,0.0,1.0,0.0,0.0,0.0,0.0,0.0,0.1,0.0,0.0,0.0,0.0,16.0,25903.0
2026-07-30T19:00:18.651Z,188.134,188.148,0.0,7.4,0.0,0.0,0.0,0.0,0.0,0.0,0.0,0.0,1.0,0.0,0.0,0.0,9.0,4.0,0.0,0.0,0.0,0.0,0.0,0.0,0.0,0.0,6.0,12.0,1.0,12.15,5.01,2.51,1.49,0.0,0.0,0.0,0.4,0.0,0.3,-1.0,0.0,-169.60000000000002,0.0,0.0,169.60000000000002,0.0,21.8,29.700000000000003,29.700000000000003,30.3,300.0,300.0,31.3,35.300000000000004,29.6,28.8,30.6,4.95,1.99,4.97,0.16,0.0,0.0,1027.0,8228.0,0.0,0.0,0.0,0.0,0.0,1.0,0.0,0.0,0.0,0.0,0.0,-1.1,0.0,-0.2,0.0,0.0,16.0,25903.0
2026-07-30T19:00:18.663Z,188.146,188.16,0.0,7.4,0.0,0.0,0.0,0.0,0.0,0.0,0.0,0.0,1.0,0.0,0.0,0.0,9.0,4.0,0.0,0.0,0.0,0.0,0.0,0.0,0.0,0.0,1.0,12.0,1.0,12.15,5.01,2.51,1.49,0.0,0.1,0.0,0.4,0.0,-1.4,-1.1,-0.5,-169.60000000000002,0.0,0.0,169.60000000000002,0.0,21.8,29.700000000000003,29.700000000000003,30.3,300.0,300.0,31.3,35.300000000000004,29.6,28.8,30.6,4.96,2.0,4.96,0.16,0.0,0.0,1027.0,8228.0,0.0,0.0,0.0,0.0,0.0,1.0,0.0,0.0,0.0,0.0,0.0,-1.6,0.0,0.2,0.0,0.0,16.0,25903.0
2026-07-30T19:00:18.675Z,188.158,188.172,0.0,7.4,0.0,0.0,0.0,0.0,0.0,0.0,0.0,0.0,1.0,0.0,0.0,0.0,9.0,4.0,0.0,0.0,0.0,0.0,0.0,0.0,0.0,0.0,2.0,12.0,1.0,12.15,5.01,2.51,1.49,0.0,0.0,0.0,0.4,0.0,-0.2,0.0,-1.1,-169.60000000000002,0.0,0.0,169.60000000000002,0.0,21.8,29.700000000000003,29.700000000000003,30.3,300.0,300.0,31.3,35.300000000000004,29.6,28.8,30.6,4.96,2.0,4.97,0.16,0.0,0.0,1027.0,8228.0,0.0,0.0,0.0,0.0,0.0,1.0,0.0,0.0,0.0,0.0,0.0,-0.8,0.0,1.0,0.0,0.0,16.0,25903.0
2026-07-30T19:00:18.688Z,188.171,188.184,0.0,7.4,0.0,0.0,0.0,0.0,0.0,0.0,0.0,0.0,1.0,0.0,0.0,0.0,9.0,4.0,0.0,0.0,0.0,0.0,0.0,0.0,0.0,0.0,3.0,12.0,1.0,12.18,5.0200000000000005,2.5,1.49,0.0,0.0,0.0,0.4,0.0,-0.2,0.6000000000000001,-0.6000000000000001,-169.60000000000002,0.0,0.0,169.60000000000002,0.0,21.200000000000003,29.700000000000003,29.700000000000003,30.3,300.0,300.0,31.3,35.2,29.6,28.8,30.6,4.95,1.99,4.97,0.17,0.0,0.0,1027.0,8228.0,0.0,0.0,0.0,0.0,0.0,1.0,0.0,0.0,0.0,0.0,0.0,0.3,0.0,0.6000000000000001,0.0,0.0,16.0,25903.0
2026-07-30T19:00:18.699Z,188.182,188.196,0.0,7.4,0.0,0.0,0.0,0.0,0.0,0.0,0.0,0.0,1.0,0.0,0.0,0.0,9.0,4.0,0.0,0.0,0.0,0.0,0.0,0.0,0.0,0.0,4.0,12.0,1.0,12.18,5.0200000000000005,2.5,1.49,0.0,0.0,0.0,0.4,0.0,-0.2,0.6000000000000001,1.1,-169.60000000000002,0.0,0.0,169.60000000000002,0.0,21.200000000000003,29.700000000000003,29.700000000000003,30.3,300.0,300.0,31.3,35.2,29.6,28.8,30.6,4.96,1.99,4.96,0.16,0.0,0.0,1027.0,8228.0,0.0,0.0,0.0,0.0,0.0,1.0,0.0,0.0,0.0,0.0,0.0,1.5,0.0,-0.8,0.0,0.0,16.0,25903.0
2026-07-30T19:00:18.712Z,188.195,188.208,0.0,7.4,0.0,0.0,0.0,0.0,0.0,0.0,0.0,0.0,1.0,0.0,0.0,0.0,9.0,4.0,0.0,0.0,0.0,0.0,0.0,0.0,0.0,0.0,5.0,12.0,1.0,12.18,5.0200000000000005,2.5,1.49,0.0,0.0,0.0,0.4,0.0,0.2,-0.5,2.2,-169.60000000000002,0.0,0.0,169.60000000000002,0.0,21.200000000000003,29.700000000000003,29.700000000000003,30.3,300.0,300.0,31.3,35.2,29.6,28.8,30.6,4.95,2.0,4.96,0.16,0.0,0.0,1027.0,8228.0,0.0,0.0,0.0,0.0,0.0,1.0,0.0,0.0,0.0,0.0,0.0,1.1,0.0,-2.1,0.0,0.0,16.0,25903.0
2026-07-30T19:00:18.724Z,188.207,188.22,0.0,7.4,0.0,0.0,0.0,0.0,0.0,0.0,0.0,0.0,1.0,0.0,0.0,0.0,9.0,4.0,0.0,0.0,0.0,0.0,0.0,0.0,0.0,0.0,1.0,12.0,1.0,12.18,5.0200000000000005,2.5,1.49,0.0,0.1,0.0,0.4,0.0,0.2,0.1,0.5,-169.60000000000002,0.0,0.0,169.60000000000002,0.0,21.200000000000003,29.700000000000003,29.700000000000003,30.3,300.0,300.0,31.3,35.2,29.6,28.8,30.6,4.95,1.99,4.97,0.16,0.0,0.0,1027.0,8228.0,0.0,0.0,0.0,0.0,0.0,1.0,0.0,0.0,0.0,0.0,0.0,0.5,0.0,-0.4,0.0,0.0,16.0,25903.0
2026-07-30T19:00:18.735Z,188.218,188.232,0.0,7.4,0.0,0.0,0.0,0.0,0.0,0.0,0.0,0.0,1.0,0.0,0.0,0.0,9.0,4.0,0.0,0.0,0.0,0.0,0.0,0.0,0.0,0.0,2.0,12.0,1.0,12.18,5.0200000000000005,2.5,1.49,0.0,0.0,0.0,0.4,0.0,-0.2,-0.4,-0.6000000000000001,-169.60000000000002,0.0,0.0,169.60000000000002,0.0,21.200000000000003,29.700000000000003,29.700000000000003,30.3,300.0,300.0,31.3,35.2,29.6,28.8,30.6,4.95,2.0,4.97,0.16,0.0,0.0,1027.0,8228.0,0.0,0.0,0.0,0.0,0.0,1.0,0.0,0.0,0.0,0.0,0.0,-0.9,0.0,0.4,0.0,0.0,16.0,25903.0
2026-07-30T19:00:18.747Z,188.23,188.244,0.0,7.4,0.0,0.0,0.0,0.0,0.0,0.0,0.0,0.0,1.0,0.0,0.0,0.0,9.0,4.0,0.0,0.0,0.0,0.0,0.0,0.0,0.0,0.0,3.0,12.0,1.0,12.18,5.0200000000000005,2.5,1.49,0.0,0.1,0.0,0.4,0.0,-0.2,-0.4,-0.7000000000000001,-169.60000000000002,0.0,0.0,169.60000000000002,0.0,21.200000000000003,29.700000000000003,29.700000000000003,30.3,300.0,300.0,31.3,35.2,29.6,28.8,30.6,4.96,2.0,4.96,0.16,0.0,0.0,1027.0,8228.0,0.0,0.0,0.0,0.0,0.0,1.0,0.0,0.0,0.0,0.0,0.0,-1.0,0.0,0.5,0.0,0.0,16.0,25903.0
2026-07-30T19:00:18.771Z,188.254,188.256,0.0,7.4,0.0,0.0,0.0,0.0,0.0,0.0,0.0,0.0,1.0,0.0,0.0,0.0,9.0,4.0,0.0,0.0,0.0,0.0,0.0,0.0,0.0,0.0,4.0,12.0,1.0,12.18,5.0200000000000005,2.5,1.49,0.0,0.0,0.0,0.4,0.0,0.2,0.1,1.0,-169.60000000000002,0.0,0.0,169.60000000000002,0.0,21.200000000000003,29.700000000000003,29.700000000000003,30.3,300.0,300.0,31.3,35.2,29.6,28.8,30.6,4.95,1.99,4.97,0.16,0.0,0.0,1027.0,8228.0,0.0,0.0,0.0,0.0,0.0,1.0,0.0,0.0,0.0,0.0,0.0,0.9,0.0,-0.8,0.0,0.0,16.0,25903.0
2026-07-30T19:00:18.775Z,188.258,188.268,0.0,7.4,0.0,0.0,0.0,0.0,0.0,0.0,0.0,0.0,1.0,0.0,0.0,0.0,9.0,4.0,0.0,0.0,0.0,0.0,0.0,0.0,0.0,0.0,3.0,12.0,1.0,12.18,5.0200000000000005,2.5,1.49,0.0,0.1,0.0,0.4,0.0,-0.3,0.1,-1.3,-169.60000000000002,0.0,0.0,169.60000000000002,0.0,21.200000000000003,29.700000000000003,29.700000000000003,30.3,300.0,300.0,31.3,35.2,29.6,28.8,30.6,4.95,1.99,4.97,0.16,0.0,0.0,1027.0,8228.0,0.0,0.0,0.0,0.0,0.0,1.0,0.0,0.0,0.0,0.0,0.0,-0.8,0.0,1.1,0.0,0.0,16.0,25903.0
2026-07-30T19:00:18.783Z,188.266,188.28,0.0,7.4,0.0,0.0,0.0,0.0,0.0,0.0,0.0,0.0,1.0,0.0,0.0,0.0,9.0,4.0,0.0,0.0,0.0,0.0,0.0,0.0,0.0,0.0,1.0,12.0,1.0,12.18,5.0200000000000005,2.5,1.49,0.0,0.0,0.0,0.4,0.0,0.2,0.1,-0.1,-169.60000000000002,0.0,0.0,169.60000000000002,0.0,21.200000000000003,29.700000000000003,29.700000000000003,30.3,300.0,300.0,31.3,35.2,29.6,28.8,30.6,4.96,2.0,4.97,0.16,0.0,0.0,1027.0,8228.0,0.0,0.0,0.0,0.0,0.0,1.0,0.0,0.0,0.0,0.0,0.0,0.0,0.0,0.1,0.0,0.0,16.0,25903.0
2026-07-30T19:00:18.795Z,188.278,188.292,0.0,7.4,0.0,0.0,0.0,0.0,0.0,0.0,0.0,0.0,1.0,0.0,0.0,0.0,9.0,4.0,0.0,0.0,0.0,0.0,0.0,0.0,0.0,0.0,2.0,12.0,1.0,12.17,5.01,2.51,1.49,0.0,0.0,0.0,0.4,0.0,-0.2,-0.4,0.0,-169.60000000000002,0.0,0.0,169.60000000000002,0.0,21.8,29.700000000000003,29.700000000000003,30.3,300.0,300.0,31.200000000000003,35.2,29.5,28.8,30.6,4.96,2.0,4.97,0.16,0.0,0.0,1027.0,8228.0,0.0,0.0,0.0,0.0,0.0,1.0,0.0,0.0,0.0,0.0,0.0,-0.5,0.0,0.0,0.0,0.0,16.0,25903.0
2026-07-30T19:00:18.807Z,188.29,188.304,0.0,7.4,0.0,0.0,0.0,0.0,0.0,0.0,0.0,0.0,1.0,0.0,0.0,0.0,9.0,4.0,0.0,0.0,0.0,0.0,0.0,0.0,0.0,0.0,4.0,12.0,1.0,12.17,5.01,2.51,1.49,0.0,0.1,0.0,0.4,0.0,0.3,0.7000000000000001,1.7000000000000002,-169.60000000000002,0.0,0.0,169.60000000000002,0.0,21.8,29.700000000000003,29.700000000000003,30.3,300.0,300.0,31.200000000000003,35.2,29.5,28.8,30.6,4.95,1.99,4.97,0.16,0.0,0.0,1027.0,8228.0,0.0,0.0,0.0,0.0,0.0,1.0,0.0,0.0,0.0,0.0,0.0,2.1,0.0,-1.3,0.0,0.0,16.0,25903.0
2026-07-30T19:00:18.819Z,188.302,188.316,0.0,7.4,0.0,0.0,0.0,0.0,0.0,0.0,0.0,0.0,1.0,0.0,0.0,0.0,9.0,4.0,0.0,0.0,0.0,0.0,0.0,0.0,0.0,0.0,5.0,12.0,1.0,12.17,5.01,2.51,1.49,0.0,0.0,0.0,0.4,0.0,-0.3,1.3,1.1,-169.60000000000002,0.0,0.0,169.60000000000002,0.0,21.8,29.700000000000003,29.700000000000003,30.3,300.0,300.0,31.200000000000003,35.2,29.5,28.8,30.6,4.95,1.99,4.96,0.16,0.0,0.0,1027.0,8228.0,0.0,0.0,0.0,0.0,0.0,1.0,0.0,0.0,0.0,0.0,0.0,2.3000000000000003,0.0,-0.7000000000000001,0.0,0.0,16.0,25903.0
2026-07-30T19:00:18.831Z,188.314,188.328,0.0,7.4,0.0,0.0,0.0,0.0,0.0,0.0,0.0,0.0,1.0,0.0,0.0,0.0,9.0,4.0,0.0,0.0,0.0,0.0,0.0,0.0,0.0,0.0,5.0,12.0,1.0,12.17,5.01,2.51,1.49,0.0,0.0,0.0,0.5,0.0,-0.2,1.3,-1.1,-169.60000000000002,0.0,0.0,169.60000000000002,0.0,21.8,29.700000000000003,29.700000000000003,30.3,300.0,300.0,31.200000000000003,35.2,29.5,28.8,30.6,4.96,1.99,4.96,0.16,0.0,0.0,1027.0,8228.0,0.0,0.0,0.0,0.0,0.0,1.0,0.0,0.0,0.0,0.0,0.0,0.6000000000000001,0.0,1.3,0.0,0.0,16.0,25903.0
2026-07-30T19:00:18.844Z,188.327,188.34,0.0,7.4,0.0,0.0,0.0,0.0,0.0,0.0,0.0,0.0,1.0,0.0,0.0,0.0,9.0,4.0,0.0,0.0,0.0,0.0,0.0,0.0,0.0,0.0,6.0,12.0,1.0,12.17,5.01,2.51,1.49,0.0,0.0,0.0,0.4,0.0,0.3,0.2,0.6000000000000001,-169.60000000000002,0.0,0.0,169.60000000000002,0.0,21.8,29.700000000000003,29.700000000000003,30.3,300.0,300.0,31.200000000000003,35.2,29.5,28.8,30.6,4.95,1.99,4.96,0.16,0.0,0.0,1027.0,8228.0,0.0,0.0,0.0,0.0,0.0,1.0,0.0,0.0,0.0,0.0,0.0,0.7000000000000001,0.0,-0.5,0.0,0.0,16.0,25903.0
2026-07-30T19:00:18.855Z,188.338,188.352,0.0,7.4,0.0,0.0,0.0,0.0,0.0,0.0,0.0,0.0,1.0,0.0,0.0,0.0,9.0,4.0,0.0,0.0,0.0,0.0,0.0,0.0,0.0,0.0,1.0,12.0,1.0,12.17,5.01,2.51,1.49,0.0,0.0,0.0,0.4,0.0,-0.2,0.1,-0.5,-169.60000000000002,0.0,0.0,169.60000000000002,0.0,21.8,29.700000000000003,29.700000000000003,30.3,300.0,300.0,31.200000000000003,35.2,29.5,28.8,30.6,4.95,1.99,4.96,0.16,0.0,0.0,1027.0,8228.0,0.0,0.0,0.0,0.0,0.0,1.0,0.0,0.0,0.0,0.0,0.0,-0.1,0.0,0.4,0.0,0.0,16.0,25903.0
2026-07-30T19:00:18.867Z,188.35,188.364,0.0,7.4,0.0,0.0,0.0,0.0,0.0,0.0,0.0,0.0,1.0,0.0,0.0,0.0,9.0,4.0,0.0,0.0,0.0,0.0,0.0,0.0,0.0,0.0,3.0,12.0,1.0,12.17,5.01,2.51,1.49,0.0,0.0,0.0,0.4,0.0,0.9,-0.9,-1.0,-169.60000000000002,0.0,0.0,169.60000000000002,0.0,21.8,29.700000000000003,29.700000000000003,30.3,300.0,300.0,31.200000000000003,35.2,29.5,28.8,30.6,4.95,2.0,4.96,0.16,0.0,0.0,1027.0,8228.0,0.0,0.0,0.0,0.0,0.0,1.0,0.0,0.0,0.0,0.0,0.0,-1.9,0.0,0.7000000000000001,0.0,0.0,16.0,25903.0
2026-07-30T19:00:18.879Z,188.362,188.376,0.0,7.4,0.0,0.0,0.0,0.0,0.0,0.0,0.0,0.0,1.0,0.0,0.0,0.0,9.0,4.0,0.0,0.0,0.0,0.0,0.0,0.0,0.0,0.0,4.0,12.0,1.0,12.17,5.01,2.51,1.49,0.0,0.0,0.0,0.4,0.0,-0.7000000000000001,0.1,1.3,-169.60000000000002,0.0,0.0,169.60000000000002,0.0,21.8,29.700000000000003,29.700000000000003,30.3,300.0,300.0,31.200000000000003,35.2,29.5,28.8,30.6,4.95,1.99,4.96,0.16,0.0,0.0,1027.0,8228.0,0.0,0.0,0.0,0.0,0.0,1.0,0.0,0.0,0.0,0.0,0.0,1.2000000000000002,0.0,-1.1,0.0,0.0,16.0,25903.0
2026-07-30T19:00:18.892Z,188.375,188.388,0.0,7.4,0.0,0.0,0.0,0.0,0.0,0.0,0.0,0.0,1.0,0.0,0.0,0.0,9.0,4.0,0.0,0.0,0.0,0.0,0.0,0.0,0.0,0.0,6.0,12.0,1.0,12.17,5.0200000000000005,2.51,1.49,0.0,0.0,0.0,0.4,0.0,-0.2,0.2,-0.3,-169.60000000000002,0.0,0.0,169.60000000000002,0.0,21.3,29.700000000000003,29.700000000000003,30.3,300.0,300.0,31.200000000000003,35.2,29.5,28.8,30.6,4.95,1.99,4.97,0.16,0.0,0.0,1027.0,8228.0,0.0,0.0,0.0,0.0,0.0,1.0,0.0,0.0,0.0,0.0,0.0,0.0,0.0,0.3,0.0,0.0,16.0,25903.0
2026-07-30T19:00:18.904Z,188.387,188.4,0.0,7.4,0.0,0.0,0.0,0.0,0.0,0.0,0.0,0.0,1.0,0.0,0.0,0.0,9.0,4.0,0.0,0.0,0.0,0.0,0.0,0.0,0.0,0.0,1.0,12.0,1.0,12.17,5.0200000000000005,2.51,1.49,0.0,0.1,0.0,0.4,0.0,-0.1,-0.3,0.1,-169.60000000000002,0.0,0.0,169.60000000000002,0.0,21.3,29.700000000000003,29.700000000000003,30.3,300.0,300.0,31.200000000000003,35.2,29.5,28.8,30.6,4.96,1.99,4.96,0.16,0.0,0.0,1027.0,8228.0,0.0,0.0,0.0,0.0,0.0,1.0,0.0,0.0,0.0,0.0,0.0,-0.3,0.0,-0.2,0.0,0.0,16.0,25903.0
2026-07-30T19:00:18.915Z,188.398,188.412,0.0,7.4,0.0,0.0,0.0,0.0,0.0,0.0,0.0,0.0,1.0,0.0,0.0,0.0,9.0,4.0,0.0,0.0,0.0,0.0,0.0,0.0,0.0,0.0,3.0,12.0,1.0,12.17,5.0200000000000005,2.51,1.49,0.0,0.0,0.0,0.4,0.0,0.3,0.1,-0.3,-169.60000000000002,0.0,0.0,169.60000000000002,0.0,21.3,29.700000000000003,29.700000000000003,30.3,300.0,300.0,31.200000000000003,35.2,29.5,28.8,30.6,4.96,1.99,4.97,0.16,0.0,0.0,1027.0,8228.0,0.0,0.0,0.0,0.0,0.0,1.0,0.0,0.0,0.0,0.0,0.0,0.0,0.0,0.3,0.0,0.0,16.0,25903.0
2026-07-30T19:00:18.927Z,188.41,188.424,0.0,7.4,0.0,0.0,0.0,0.0,0.0,0.0,0.0,0.0,1.0,0.0,0.0,0.0,9.0,4.0,0.0,0.0,0.0,0.0,0.0,0.0,0.0,0.0,4.0,12.0,1.0,12.17,5.0200000000000005,2.51,1.49,0.0,0.0,0.0,0.4,0.0,-0.1,1.3,0.7000000000000001,-169.60000000000002,0.0,0.0,169.60000000000002,0.0,21.3,29.700000000000003,29.700000000000003,30.3,300.0,300.0,31.200000000000003,35.2,29.5,28.8,30.6,4.95,1.99,4.97,0.16,0.0,0.0,1027.0,8228.0,0.0,0.0,0.0,0.0,0.0,1.0,0.0,0.0,0.0,0.0,0.0,2.1,0.0,-0.4,0.0,0.0,16.0,25903.0
2026-07-30T19:00:18.939Z,188.422,188.436,0.0,7.4,0.0,0.0,0.0,0.0,0.0,0.0,0.0,0.0,1.0,0.0,0.0,0.0,9.0,4.0,0.0,0.0,0.0,0.0,0.0,0.0,0.0,0.0,5.0,12.0,1.0,12.17,5.0200000000000005,2.51,1.49,0.0,0.0,0.0,0.4,0.0,0.3,-0.4,1.3,-169.60000000000002,0.0,0.0,169.60000000000002,0.0,21.3,29.700000000000003,29.700000000000003,30.3,300.0,300.0,31.200000000000003,35.2,29.5,28.8,30.6,4.95,1.99,4.96,0.16,0.0,0.0,1027.0,8228.0,0.0,0.0,0.0,0.0,0.0,1.0,0.0,0.0,0.0,0.0,0.0,0.4,0.0,-1.2000000000000002,0.0,0.0,16.0,25903.0
2026-07-30T19:00:18.951Z,188.434,188.448,0.0,7.4,0.0,0.0,0.0,0.0,0.0,0.0,0.0,0.0,1.0,0.0,0.0,0.0,9.0,4.0,0.0,0.0,0.0,0.0,0.0,0.0,0.0,0.0,1.0,12.0,1.0,12.17,5.0200000000000005,2.51,1.49,0.0,0.0,0.0,0.4,0.0,-0.2,0.1,-0.3,-169.60000000000002,0.0,0.0,169.60000000000002,0.0,21.3,29.700000000000003,29.700000000000003,30.3,300.0,300.0,31.200000000000003,35.2,29.5,28.8,30.6,4.96,1.99,4.97,0.16,0.0,0.0,1027.0,8228.0,0.0,0.0,0.0,0.0,0.0,1.0,0.0,0.0,0.0,0.0,0.0,-0.1,0.0,0.3,0.0,0.0,16.0,25903.0
2026-07-30T19:00:18.963Z,188.446,188.46,0.0,7.4,0.0,0.0,0.0,0.0,0.0,0.0,0.0,0.0,1.0,0.0,0.0,0.0,9.0,4.0,0.0,0.0,0.0,0.0,0.0,0.0,0.0,0.0,1.0,12.0,1.0,12.17,5.0200000000000005,2.51,1.49,0.0,0.0,0.0,0.4,0.0,-0.8,0.6000000000000001,1.3,-169.60000000000002,0.0,0.0,169.70000000000002,0.0,21.3,29.700000000000003,29.700000000000003,30.3,300.0,300.0,31.200000000000003,35.2,29.5,28.8,30.6,4.96,1.99,4.96,0.16,0.0,0.0,1027.0,8228.0,0.0,0.0,0.0,0.0,0.0,1.0,0.0,0.0,0.0,0.0,0.0,1.7000000000000002,0.0,-1.0,0.0,0.0,16.0,25903.0
2026-07-30T19:00:18.975Z,188.458,188.472,0.0,7.4,0.0,0.0,0.0,0.0,0.0,0.0,0.0,0.0,1.0,0.0,0.0,0.0,9.0,4.0,0.0,0.0,0.0,0.0,0.0,0.0,0.0,0.0,2.0,12.0,1.0,12.17,5.0200000000000005,2.51,1.49,0.0,0.0,0.0,0.5,0.0,-0.2,0.6000000000000001,0.6000000000000001,-169.60000000000002,0.0,0.0,169.60000000000002,0.0,21.3,29.700000000000003,29.700000000000003,30.3,300.0,300.0,31.200000000000003,35.2,29.5,28.8,30.6,4.96,1.99,4.96,0.16,0.0,0.0,1027.0,8228.0,0.0,0.0,0.0,0.0,0.0,1.0,0.0,0.0,0.0,0.0,0.0,1.2000000000000002,0.0,-0.4,0.0,0.0,16.0,25903.0
2026-07-30T19:00:18.987Z,188.47,188.484,0.0,7.4,0.0,0.0,0.0,0.0,0.0,0.0,0.0,0.0,1.0,0.0,0.0,0.0,9.0,4.0,0.0,0.0,0.0,0.0,0.0,0.0,0.0,0.0,4.0,12.0,1.0,12.17,5.0200000000000005,2.51,1.49,0.0,0.0,0.0,0.4,0.0,0.3,0.6000000000000001,-0.4,-169.60000000000002,0.0,0.0,169.70000000000002,0.0,21.3,29.700000000000003,29.700000000000003,30.3,300.0,300.0,31.200000000000003,35.2,29.5,28.8,30.6,4.96,1.99,4.96,0.16,0.0,0.0,1027.0,8228.0,0.0,0.0,0.0,0.0,0.0,1.0,0.0,0.0,0.0,0.0,0.0,0.4,0.0,0.5,0.0,0.0,16.0,25903.0
2026-07-30T19:00:18.999Z,188.482,188.496,0.0,7.4,0.0,0.0,0.0,0.0,0.0,0.0,0.0,0.0,1.0,0.0,0.0,0.0,9.0,4.0,0.0,0.0,0.0,0.0,0.0,0.0,0.0,0.0,5.0,12.0,1.0,12.15,5.01,2.5,1.49,0.0,0.0,0.0,0.4,0.0,0.2,0.0,0.0,-169.60000000000002,0.0,0.0,169.60000000000002,0.0,21.3,29.700000000000003,29.700000000000003,30.3,300.0,300.0,31.3,35.1,29.5,28.8,30.6,4.95,1.99,4.96,0.16,0.0,0.0,1027.0,8228.0,0.0,0.0,0.0,0.0,0.0,1.0,0.0,0.0,0.0,0.0,0.0,0.0,0.0,0.0,0.0,0.0,16.0,25903.0
2026-07-30T19:00:19.011Z,188.494,188.508,0.0,7.4,0.0,0.0,0.0,0.0,0.0,0.0,0.0,0.0,1.0,0.0,0.0,0.0,9.0,4.0,0.0,0.0,0.0,0.0,0.0,0.0,0.0,0.0,1.0,12.0,1.0,12.15,5.01,2.5,1.49,0.0,0.0,0.0,0.4,0.0,-0.8,1.1,-0.5,-169.60000000000002,0.0,0.0,169.70000000000002,0.0,21.3,29.700000000000003,29.700000000000003,30.3,300.0,300.0,31.3,35.1,29.5,28.8,30.6,4.95,1.99,4.96,0.16,0.0,0.0,1027.0,8228.0,0.0,0.0,0.0,0.0,0.0,1.0,0.0,0.0,0.0,0.0,0.0,0.9,0.0,0.7000000000000001,0.0,0.0001,16.0,25903.0
2026-07-30T19:00:19.023Z,188.506,188.52,0.0,7.4,0.0,0.0,0.0,0.0,0.0,0.0,0.0,0.0,1.0,0.0,0.0,0.0,9.0,4.0,0.0,0.0,0.0,0.0,0.0,0.0,0.0,0.0,2.0,12.0,1.0,12.15,5.01,2.5,1.49,0.0,0.0,0.0,0.4,0.0,0.8,1.1,0.6000000000000001,-169.60000000000002,0.0,0.0,169.60000000000002,0.0,21.3,29.700000000000003,29.700000000000003,30.3,300.0,300.0,31.3,35.1,29.5,28.8,30.6,4.96,1.99,4.96,0.16,0.0,0.0,1027.0,8228.0,0.0,0.0,0.0,0.0,0.0,1.0,0.0,0.0,0.0,0.0,0.0,1.8,0.0,-0.3,0.0,0.0,16.0,25903.0
2026-07-30T19:00:19.035Z,188.518,188.532,0.0,7.4,0.0,0.0,0.0,0.0,0.0,0.0,0.0,0.0,1.0,0.0,0.0,0.0,9.0,4.0,0.0,0.0,0.0,0.0,0.0,0.0,0.0,0.0,4.0,12.0,1.0,12.15,5.01,2.5,1.49,0.0,0.1,0.0,0.4,0.0,-0.3,0.6000000000000001,-1.1,-169.60000000000002,0.0,0.0,169.70000000000002,0.0,21.3,29.700000000000003,29.700000000000003,30.3,300.0,300.0,31.3,35.1,29.5,28.8,30.6,4.95,1.99,4.96,0.16,0.0,0.0,1027.0,8228.0,0.0,0.0,0.0,0.0,0.0,1.0,0.0,0.0,0.0,0.0,0.0,-0.1,0.0,1.1,0.0,0.0001,16.0,25903.0
2026-07-30T19:00:19.047Z,188.53,188.544,0.0,7.4,0.0,0.0,0.0,0.0,0.0,0.0,0.0,0.0,1.0,0.0,0.0,0.0,9.0,4.0,0.0,0.0,0.0,0.0,0.0,0.0,0.0,0.0,6.0,12.0,1.0,12.15,5.01,2.5,1.49,0.0,0.0,0.0,0.4,0.0,0.2,-1.1,-1.1,-169.60000000000002,0.0,0.0,169.60000000000002,0.0,21.3,29.700000000000003,29.700000000000003,30.3,300.0,300.0,31.3,35.1,29.5,28.8,30.6,4.95,1.99,4.97,0.16,0.0,0.0,1027.0,8228.0,0.0,0.0,0.0,0.0,0.0,1.0,0.0,0.0,0.0,0.0,0.0,-2.1,0.0,0.7000000000000001,0.0,0.0,16.0,25903.0
2026-07-30T19:00:19.059Z,188.542,188.556,0.0,7.4,0.0,0.0,0.0,0.0,0.0,0.0,0.0,0.0,1.0,0.0,0.0,0.0,9.0,4.0,0.0,0.0,0.0,0.0,0.0,0.0,0.0,0.0,1.0,12.0,1.0,12.15,5.01,2.5,1.49,0.0,0.0,0.0,0.4,0.0,-0.4,0.5,0.0,-169.60000000000002,0.0,0.0,169.60000000000002,0.0,21.3,29.700000000000003,29.700000000000003,30.3,300.0,300.0,31.3,35.1,29.5,28.8,30.6,4.95,2.0,4.96,0.16,0.0,0.0,1027.0,8228.0,0.0,0.0,0.0,0.0,0.0,1.0,0.0,0.0,0.0,0.0,0.0,0.6000000000000001,0.0,0.0,0.0,0.0,16.0,25903.0
2026-07-30T19:00:19.072Z,188.555,188.568,0.0,7.4,0.0,0.0,0.0,0.0,0.0,0.0,0.0,0.0,1.0,0.0,0.0,0.0,9.0,4.0,0.0,0.0,0.0,0.0,0.0,0.0,0.0,0.0,2.0,12.0,1.0,12.15,5.01,2.5,1.49,0.0,0.1,0.0,0.4,0.0,0.1,0.0,-0.5,-169.60000000000002,0.0,0.0,169.70000000000002,0.0,21.3,29.700000000000003,29.700000000000003,30.3,300.0,300.0,31.3,35.1,29.5,28.8,30.6,4.96,1.99,4.96,0.16,0.0,0.0,1027.0,8228.0,0.0,0.0,0.0,0.0,0.0,1.0,0.0,0.0,0.0,0.0,0.0,1.3,0.0,0.2,0.0,0.0,16.0,25903.0
2026-07-30T19:00:19.085Z,188.568,188.58,0.0,7.4,0.0,0.0,0.0,0.0,0.0,0.0,0.0,0.0,1.0,0.0,0.0,0.0,9.0,4.0,0.0,0.0,0.0,0.0,0.0,0.0,0.0,0.0,3.0,12.0,1.0,12.15,5.01,2.5,1.49,0.0,0.0,0.0,0.4,0.0,0.7000000000000001,2.3000000000000003,2.9000000000000004,-169.60000000000002,0.0,0.0,169.70000000000002,0.0,21.3,29.700000000000003,29.700000000000003,30.3,300.0,300.0,31.3,35.1,29.5,28.8,30.6,4.95,1.99,4.97,0.16,0.0,0.0,1027.0,8228.0,0.0,0.0,0.0,0.0,0.0,1.0,0.0,0.0,0.0,0.0,0.0,1.5,0.0,-0.9,0.0,0.0001,16.0,25903.0
2026-07-30T19:00:19.096Z,188.579,188.592,0.0,7.4,0.0,0.0,0.0,0.0,0.0,0.0,0.0,0.0,1.0,0.0,0.0,0.0,9.0,4.0,0.0,0.0,0.0,0.0,0.0,0.0,0.0,0.0,5.0,12.0,1.0,12.18,5.0200000000000005,2.51,1.49,0.0,0.0,0.0,0.4,0.0,0.1,-0.5,0.0,-169.60000000000002,0.0,0.0,169.70000000000002,0.0,20.9,29.700000000000003,29.700000000000003,30.3,300.0,300.0,31.200000000000003,35.2,29.5,28.8,30.700000000000003,4.96,1.99,4.96,0.16,0.0,0.0,1027.0,8228.0,0.0,0.0,0.0,0.0,0.0,1.0,0.0,0.0,0.0,0.0,0.0,0.9,0.0,-1.0,0.0,0.0001,16.0,25903.0
2026-07-30T19:00:19.107Z,188.59,188.604,0.0,7.4,0.0,0.0,0.0,0.0,0.0,0.0,0.0,0.0,1.0,0.0,0.0,0.0,9.0,4.0,0.0,0.0,0.0,0.0,0.0,0.0,0.0,0.0,6.0,12.0,1.0,12.18,5.0200000000000005,2.51,1.49,0.0,0.0,0.0,0.4,0.0,0.1,1.1,-0.5,-169.60000000000002,0.0,0.0,169.70000000000002,0.0,20.9,29.700000000000003,29.700000000000003,30.3,300.0,300.0,31.200000000000003,35.2,29.5,28.8,30.700000000000003,4.96,2.0,4.97,0.16,0.0,0.0,1027.0,8228.0,0.0,0.0,0.0,0.0,0.0,1.0,0.0,0.0,0.0,0.0,0.0,0.9,0.0,0.7000000000000001,0.0,0.0,16.0,25903.0
2026-07-30T19:00:19.119Z,188.602,188.616,0.0,7.4,0.0,0.0,0.0,0.0,0.0,0.0,0.0,0.0,1.0,0.0,0.0,0.0,9.0,4.0,0.0,0.0,0.0,0.0,0.0,0.0,0.0,0.0,1.0,12.0,1.0,12.18,5.0200000000000005,2.51,1.49,0.0,0.0,0.0,0.4,0.0,-0.3,1.1,0.0,-169.60000000000002,0.0,0.0,169.60000000000002,0.0,20.9,29.700000000000003,29.700000000000003,30.3,300.0,300.0,31.200000000000003,35.2,29.5,28.8,30.700000000000003,4.95,1.99,4.97,0.16,0.0,0.0,1027.0,8228.0,0.0,0.0,0.0,0.0,0.0,1.0,0.0,0.0,0.0,0.0,0.0,1.3,0.0,0.1,0.0,0.0,16.0,25903.0
2026-07-30T19:00:19.132Z,188.615,188.628,0.0,7.4,0.0,0.0,0.0,0.0,0.0,0.0,0.0,0.0,1.0,0.0,0.0,0.0,9.0,4.0,0.0,0.0,0.0,0.0,0.0,0.0,0.0,0.0,3.0,12.0,1.0,12.18,5.0200000000000005,2.51,1.49,0.0,0.0,0.0,0.4,0.0,-0.9,-0.5,0.6000000000000001,-169.60000000000002,0.0,0.0,169.70000000000002,0.0,20.9,29.700000000000003,29.700000000000003,30.3,300.0,300.0,31.200000000000003,35.2,29.5,28.8,30.700000000000003,4.95,1.99,4.97,0.16,0.0,0.0,1027.0,8228.0,0.0,0.0,0.0,0.0,0.0,1.0,0.0,0.0,0.0,0.0,0.0,-0.1,0.0,-0.6000000000000001,0.0,0.0001,16.0,25903.0
2026-07-30T19:00:19.144Z,188.627,188.64,0.0,7.4,0.0,0.0,0.0,0.0,0.0,0.0,0.0,0.0,1.0,0.0,0.0,0.0,9.0,4.0,0.0,0.0,0.0,0.0,0.0,0.0,0.0,0.0,4.0,12.0,1.0,12.18,5.0200000000000005,2.51,1.49,0.0,0.0,0.0,0.4,0.0,0.8,-1.1,-0.5,-169.60000000000002,0.0,0.0,169.70000000000002,0.0,20.9,29.700000000000003,29.700000000000003,30.3,300.0,300.0,31.200000000000003,35.2,29.5,28.8,30.700000000000003,4.96,2.0,4.96,0.16,0.0,0.0,1027.0,8228.0,0.0,0.0,0.0,0.0,0.0,1.0,0.0,0.0,0.0,0.0,0.0,-1.6,0.0,0.2,0.0,0.0,16.0,25903.0
2026-07-30T19:00:19.155Z,188.638,188.652,0.0,7.4,0.0,0.0,0.0,0.0,0.0,0.0,0.0,0.0,1.0,0.0,0.0,0.0,9.0,4.0,0.0,0.0,0.0,0.0,0.0,0.0,0.0,0.0,5.0,12.0,1.0,12.18,5.0200000000000005,2.51,1.49,0.0,0.1,0.0,0.4,0.0,0.2,0.6000000000000001,1.2000000000000002,-169.60000000000002,0.0,0.0,169.60000000000002,0.0,20.9,29.700000000000003,29.700000000000003,30.3,300.0,300.0,31.200000000000003,35.2,29.5,28.8,30.700000000000003,4.96,1.99,4.97,0.16,0.0,0.0,1027.0,8228.0,0.0,0.0,0.0,0.0,0.0,1.0,0.0,0.0,0.0,0.0,0.0,1.6,0.0,-0.9,0.0,0.0001,16.0,25903.0
2026-07-30T19:00:19.167Z,188.65,188.664,0.0,7.4,0.0,0.0,0.0,0.0,0.0,0.0,0.0,0.0,1.0,0.0,0.0,0.0,9.0,4.0,0.0,0.0,0.0,0.0,0.0,0.0,0.0,0.0,6.0,12.0,1.0,12.18,5.0200000000000005,2.51,1.49,0.0,0.0,0.0,0.4,0.0,-0.2,-0.5,0.6000000000000001,-169.60000000000002,0.0,0.0,169.70000000000002,0.0,20.9,29.700000000000003,29.700000000000003,30.3,300.0,300.0,31.200000000000003,35.2,29.5,28.8,30.700000000000003,4.95,1.99,4.97,0.16,0.0,0.0,1027.0,8228.0,0.0,0.0,0.0,0.0,0.0,1.0,0.0,0.0,0.0,0.0,0.0,-0.1,0.0,-0.6000000000000001,0.0,0.0001,16.0,25903.0
2026-07-30T19:00:19.179Z,188.662,188.676,0.0,7.4,0.0,0.0,0.0,0.0,0.0,0.0,0.0,0.0,1.0,0.0,0.0,0.0,9.0,4.0,0.0,0.0,0.0,0.0,0.0,0.0,0.0,0.0,1.0,12.0,1.0,12.18,5.0200000000000005,2.51,1.49,0.0,0.0,0.0,0.4,0.0,-0.3,-1.1,0.6000000000000001,-169.60000000000002,0.0,0.0,169.70000000000002,0.0,20.9,29.700000000000003,29.700000000000003,30.3,300.0,300.0,31.200000000000003,35.2,29.5,28.8,30.700000000000003,4.96,1.99,4.96,0.16,0.0,0.0,1027.0,8228.0,0.0,0.0,0.0,0.0,0.0,1.0,0.0,0.0,0.0,0.0,0.0,-0.8,0.0,-0.7000000000000001,0.0,0.0,16.0,25903.0
2026-07-30T19:00:19.191Z,188.674,188.688,0.0,7.4,0.0,0.0,0.0,0.0,0.0,0.0,0.0,0.0,1.0,0.0,0.0,0.0,9.0,4.0,0.0,0.0,0.0,0.0,0.0,0.0,0.0,0.0,2.0,12.0,1.0,12.18,5.0200000000000005,2.51,1.49,0.0,0.0,0.0,0.4,0.0,-0.2,-0.5,0.0,-169.60000000000002,0.0,0.0,169.70000000000002,0.0,20.9,29.700000000000003,29.700000000000003,30.3,300.0,300.0,31.200000000000003,35.2,29.5,28.8,30.700000000000003,4.95,1.99,4.96,0.16,0.0,0.0,1027.0,8228.0,0.0,0.0,0.0,0.0,0.0,1.0,0.0,0.0,0.0,0.0,0.0,-0.5,0.0,-0.1,0.0,0.0,16.0,25903.0
2026-07-30T19:00:19.203Z,188.686,188.7,0.0,7.4,0.0,0.0,0.0,0.0,0.0,0.0,0.0,0.0,1.0,0.0,0.0,0.0,9.0,4.0,0.0,0.0,0.0,0.0,0.0,0.0,0.0,0.0,3.0,12.0,1.0,12.17,5.0,2.51,1.49,0.0,0.0,0.0,0.4,0.0,-0.8,0.0,1.8,-169.60000000000002,0.0,0.0,169.70000000000002,0.0,21.200000000000003,29.700000000000003,29.700000000000003,30.3,300.0,300.0,31.200000000000003,35.2,29.5,28.8,30.700000000000003,4.95,1.99,4.97,0.16,0.0,0.0,1027.0,8228.0,0.0,0.0,0.0,0.0,0.0,1.0,0.0,0.0,0.0,0.0,0.0,1.4,0.0,-1.6,0.0,0.0001,16.0,25903.0
2026-07-30T19:00:19.215Z,188.698,188.712,0.0,7.4,0.0,0.0,0.0,0.0,0.0,0.0,0.0,0.0,1.0,0.0,0.0,0.0,9.0,4.0,0.0,0.0,0.0,0.0,0.0,0.0,0.0,0.0,4.0,12.0,1.0,12.17,5.0,2.51,1.49,0.0,0.0,0.0,0.4,0.0,-0.2,1.1,1.1,-169.60000000000002,0.0,0.0,169.70000000000002,0.0,21.200000000000003,29.700000000000003,29.700000000000003,30.3,300.0,300.0,31.200000000000003,35.2,29.5,28.8,30.700000000000003,4.95,1.99,4.97,0.16,0.0,0.0,1027.0,8228.0,0.0,0.0,0.0,0.0,0.0,1.0,0.0,0.0,0.0,0.0,0.0,2.2,0.0,-0.7000000000000001,0.0,0.0,16.0,25903.0
2026-07-30T19:00:19.227Z,188.71,188.724,0.0,7.4,0.0,0.0,0.0,0.0,0.0,0.0,0.0,0.0,1.0,0.0,0.0,0.0,9.0,4.0,0.0,0.0,0.0,0.0,0.0,0.0,0.0,0.0,5.0,12.0,1.0,12.17,5.0,2.51,1.49,0.0,0.0,0.0,0.4,0.0,0.3,0.0,-1.1,-169.60000000000002,0.0,0.0,169.70000000000002,0.0,21.200000000000003,29.700000000000003,29.700000000000003,30.3,300.0,300.0,31.200000000000003,35.2,29.5,28.8,30.700000000000003,4.95,1.99,4.96,0.16,0.0,0.0,1027.0,8228.0,0.0,0.0,0.0,0.0,0.0,1.0,0.0,0.0,0.0,0.0,0.0,-0.8,0.0,1.0,0.0,0.0,16.0,25903.0
2026-07-30T19:00:19.239Z,188.722,188.736,0.0,7.4,0.0,0.0,0.0,0.0,0.0,0.0,0.0,0.0,1.0,0.0,0.0,0.0,9.0,4.0,0.0,0.0,0.0,0.0,0.0,0.0,0.0,0.0,6.0,12.0,1.0,12.17,5.0,2.51,1.49,0.0,0.0,0.0,0.5,0.0,0.2,0.0,0.0,-169.60000000000002,0.0,0.0,169.60000000000002,0.0,21.200000000000003,29.700000000000003,29.700000000000003,30.3,300.0,300.0,31.200000000000003,35.2,29.5,28.8,30.700000000000003,4.95,1.99,4.97,0.16,0.0,0.0,1027.0,8228.0,0.0,0.0,0.0,0.0,0.0,1.0,0.0,0.0,0.0,0.0,0.0,0.0,0.0,0.0,0.0,0.0,16.0,25903.0
2026-07-30T19:00:19.251Z,188.734,188.748,0.0,7.4,0.0,0.0,0.0,0.0,0.0,0.0,0.0,0.0,1.0,0.0,0.0,0.0,9.0,4.0,0.0,0.0,0.0,0.0,0.0,0.0,0.0,0.0,1.0,12.0,1.0,12.17,5.0,2.51,1.49,0.0,0.0,0.0,0.5,0.0,-0.8,1.1,0.0,-169.60000000000002,0.0,0.0,169.60000000000002,0.0,21.200000000000003,29.700000000000003,29.700000000000003,30.3,300.0,300.0,31.200000000000003,35.2,29.5,28.8,30.700000000000003,4.95,1.99,4.96,0.16,0.0,0.0,1027.0,8228.0,0.0,0.0,0.0,0.0,0.0,1.0,0.0,0.0,0.0,0.0,0.0,1.3,0.0,0.2,0.0,0.0,16.0,25903.0
2026-07-30T19:00:19.263Z,188.746,188.76,0.0,7.4,0.0,0.0,0.0,0.0,0.0,0.0,0.0,0.0,1.0,0.0,0.0,0.0,9.0,4.0,0.0,0.0,0.0,0.0,0.0,0.0,0.0,0.0,2.0,12.0,1.0,12.17,5.0,2.51,1.49,0.0,0.0,0.0,0.5,0.0,-0.2,0.6000000000000001,1.1,-169.60000000000002,0.0,0.0,169.70000000000002,0.0,21.200000000000003,29.700000000000003,29.700000000000003,30.3,300.0,300.0,31.200000000000003,35.2,29.5,28.8,30.700000000000003,4.96,2.0,4.96,0.16,0.0,0.0,1027.0,8228.0,0.0,0.0,0.0,0.0,0.0,1.0,0.0,0.0,0.0,0.0,0.0,1.5,0.0,-0.8,0.0,0.0,16.0,25903.0
2026-07-30T19:00:19.275Z,188.758,188.772,0.0,7.4,0.0,0.0,0.0,0.0,0.0,0.0,0.0,0.0,1.0,0.0,0.0,0.0,9.0,4.0,0.0,0.0,0.0,0.0,0.0,0.0,0.0,0.0,3.0,12.0,1.0,12.17,5.0,2.51,1.49,0.0,0.0,0.0,0.4,0.0,1.4,1.8,1.7000000000000002,-169.60000000000002,0.0,0.0,169.60000000000002,0.0,21.200000000000003,29.700000000000003,29.700000000000003,30.3,300.0,300.0,31.200000000000003,35.2,29.5,28.8,30.700000000000003,4.95,2.0,4.96,0.16,0.0,0.0,1027.0,8228.0,0.0,0.0,0.0,0.0,0.0,1.0,0.0,0.0,0.0,0.0,0.0,3.3000000000000003,0.0,-1.1,0.0,0.0001,16.0,25903.0
2026-07-30T19:00:19.287Z,188.77,188.784,0.0,7.4,0.0,0.0,0.0,0.0,0.0,0.0,0.0,0.0,1.0,0.0,0.0,0.0,9.0,4.0,0.0,0.0,0.0,0.0,0.0,0.0,0.0,0.0,4.0,12.0,1.0,12.17,5.0,2.51,1.49,0.0,0.0,0.0,0.4,0.0,0.3,-1.1,0.0,-169.60000000000002,0.0,0.0,169.70000000000002,0.0,21.200000000000003,29.700000000000003,29.700000000000003,30.3,300.0,300.0,31.200000000000003,35.2,29.5,28.8,30.700000000000003,4.95,1.99,4.97,0.16,0.0,0.0,1027.0,8228.0,0.0,0.0,0.0,0.0,0.0,1.0,0.0,0.0,0.0,0.0,0.0,-1.2000000000000002,0.0,-0.2,0.0,0.0001,16.0,25903.0
2026-07-30T19:00:19.300Z,188.783,188.796,0.0,7.4,0.0,0.0,0.0,0.0,0.0,0.0,0.0,0.0,1.0,0.0,0.0,0.0,9.0,4.0,0.0,0.0,0.0,0.0,0.0,0.0,0.0,0.0,5.0,12.0,1.0,12.17,5.0200000000000005,2.51,1.49,0.0,0.0,0.0,0.4,0.0,-0.2,-0.5,-0.5,-169.60000000000002,0.0,0.0,169.60000000000002,0.0,21.4,29.700000000000003,29.700000000000003,30.3,300.0,300.0,31.200000000000003,35.2,29.5,28.8,30.6,4.95,1.99,4.96,0.16,0.0,0.0,1027.0,8228.0,0.0,0.0,0.0,0.0,0.0,1.0,0.0,0.0,0.0,0.0,0.0,-1.0,0.0,0.3,0.0,0.0,16.0,25903.0
2026-07-30T19:00:19.311Z,188.794,188.808,0.0,7.4,0.0,0.0,0.0,0.0,0.0,0.0,0.0,0.0,1.0,0.0,0.0,0.0,9.0,4.0,0.0,0.0,0.0,0.0,0.0,0.0,0.0,0.0,6.0,12.0,1.0,12.17,5.0200000000000005,2.51,1.49,0.0,0.0,0.0,0.4,0.0,-0.2,0.6000000000000001,0.5,-169.60000000000002,0.0,0.0,169.60000000000002,0.0,21.4,29.700000000000003,29.700000000000003,30.3,300.0,300.0,31.200000000000003,35.2,29.5,28.8,30.6,4.96,1.99,4.96,0.16,0.0,0.0,1027.0,8228.0,0.0,0.0,0.0,0.0,0.0,1.0,0.0,0.0,0.0,0.0,0.0,1.1,0.0,-0.3,0.0,0.0,16.0,25903.0
2026-07-30T19:00:19.323Z,188.806,188.82,0.0,7.4,0.0,0.0,0.0,0.0,0.0,0.0,0.0,0.0,1.0,0.0,0.0,0.0,9.0,4.0,0.0,0.0,0.0,0.0,0.0,0.0,0.0,0.0,2.0,12.0,1.0,12.17,5.0200000000000005,2.51,1.49,0.0,0.0,0.0,0.4,0.0,0.9,0.1,1.1,-169.60000000000002,0.0,0.0,169.60000000000002,0.0,21.4,29.700000000000003,29.700000000000003,30.3,300.0,300.0,31.200000000000003,35.2,29.5,28.8,30.6,4.95,1.99,4.96,0.16,0.0,0.0,1027.0,8228.0,0.0,0.0,0.0,0.0,0.0,1.0,0.0,0.0,0.0,0.0,0.0,0.9,0.0,-1.0,0.0,0.0,16.0,25903.0
2026-07-30T19:00:19.335Z,188.818,188.832,0.0,7.4,0.0,0.0,0.0,0.0,0.0,0.0,0.0,0.0,1.0,0.0,0.0,0.0,9.0,4.0,0.0,0.0,0.0,0.0,0.0,0.0,0.0,0.0,3.0,12.0,1.0,12.17,5.0200000000000005,2.51,1.49,0.0,0.0,0.0,0.4,0.0,0.2,0.7000000000000001,1.1,-169.60000000000002,0.0,0.0,169.60000000000002,0.0,21.4,29.700000000000003,29.700000000000003,30.3,300.0,300.0,31.200000000000003,35.2,29.5,28.8,30.6,4.96,2.0,4.96,0.16,0.0,0.0,1027.0,8228.0,0.0,0.0,0.0,0.0,0.0,1.0,0.0,0.0,0.0,0.0,0.0,1.6,0.0,-0.8,0.0,0.0,16.0,25903.0
2026-07-30T19:00:19.347Z,188.83,188.844,0.0,7.4,0.0,0.0,0.0,0.0,0.0,0.0,0.0,0.0,1.0,0.0,0.0,0.0,9.0,4.0,0.0,0.0,0.0,0.0,0.0,0.0,0.0,0.0,4.0,12.0,1.0,12.17,5.0200000000000005,2.51,1.49,0.0,0.0,0.0,0.4,0.0,0.2,0.6000000000000001,-1.8,-169.60000000000002,0.0,0.0,169.60000000000002,0.0,21.4,29.700000000000003,29.700000000000003,30.3,300.0,300.0,31.200000000000003,35.2,29.5,28.8,30.6,4.96,1.99,4.96,0.16,0.0,0.0,1027.0,8228.0,0.0,0.0,0.0,0.0,0.0,1.0,0.0,0.0,0.0,0.0,0.0,-0.6000000000000001,0.0,1.7000000000000002,0.0,0.0,16.0,25903.0
2026-07-30T19:00:19.359Z,188.842,188.856,0.0,7.4,0.0,0.0,0.0,0.0,0.0,0.0,0.0,0.0,1.0,0.0,0.0,0.0,9.0,4.0,0.0,0.0,0.0,0.0,0.0,0.0,0.0,0.0,5.0,12.0,1.0,12.17,5.0200000000000005,2.51,1.49,0.0,0.0,0.0,0.4,0.0,-0.3,0.0,-0.6000000000000001,-169.60000000000002,0.0,0.0,169.60000000000002,0.0,21.4,29.700000000000003,29.700000000000003,30.3,300.0,300.0,31.200000000000003,35.2,29.5,28.8,30.6,4.95,1.99,4.96,0.16,0.0,0.0,1027.0,8228.0,0.0,0.0,0.0,0.0,0.0,1.0,0.0,0.0,0.0,0.0,0.0,-0.3,0.0,0.5,0.0,0.0,16.0,25903.0
2026-07-30T19:00:19.371Z,188.854,188.868,0.0,7.4,0.0,0.0,0.0,0.0,0.0,0.0,0.0,0.0,1.0,0.0,0.0,0.0,9.0,4.0,0.0,0.0,0.0,0.0,0.0,0.0,0.0,0.0,6.0,12.0,1.0,12.17,5.0200000000000005,2.51,1.49,0.0,0.0,0.0,0.4,0.0,-0.2,-1.0,0.6000000000000001,-169.60000000000002,0.0,0.0,169.70000000000002,0.0,21.4,29.700000000000003,29.700000000000003,30.3,300.0,300.0,31.200000000000003,35.2,29.5,28.8,30.6,4.95,1.99,4.97,0.16,0.0,0.0,1027.0,8228.0,0.0,0.0,0.0,0.0,0.0,1.0,0.0,0.0,0.0,0.0,0.0,-0.7000000000000001,0.0,-0.7000000000000001,0.0,0.0,16.0,25903.0
2026-07-30T19:00:19.383Z,188.866,188.88,0.0,7.4,0.0,0.0,0.0,0.0,0.0,0.0,0.0,0.0,1.0,0.0,0.0,0.0,9.0,4.0,0.0,0.0,0.0,0.0,0.0,0.0,0.0,0.0,1.0,12.0,1.0,12.17,5.0200000000000005,2.51,1.49,0.0,0.1,0.0,0.4,0.0,-0.8,-1.0,1.1,-169.60000000000002,0.0,0.0,169.70000000000002,0.0,21.4,29.700000000000003,29.700000000000003,30.3,300.0,300.0,31.200000000000003,35.2,29.5,28.8,30.6,4.96,1.99,4.96,0.16,0.0,0.0,1027.0,8228.0,0.0,0.0,0.0,0.0,0.0,1.0,0.0,0.0,0.0,0.0,0.0,-0.2,0.0,-1.2000000000000002,0.0,0.0001,16.0,25903.0
2026-07-30T19:00:19.404Z,188.887,188.892,0.0,7.4,0.0,0.0,0.0,0.0,0.0,0.0,0.0,0.0,1.0,0.0,0.0,0.0,9.0,4.0,0.0,0.0,0.0,0.0,0.0,0.0,0.0,0.0,3.0,12.0,1.0,12.17,5.0200000000000005,2.51,1.49,0.0,0.0,0.0,0.4,0.0,-0.8,-0.4,-1.2000000000000002,-169.60000000000002,0.0,0.0,169.70000000000002,0.0,21.4,29.700000000000003,29.700000000000003,30.3,300.0,300.0,31.200000000000003,35.2,29.5,28.8,30.6,4.96,1.99,4.96,0.16,0.0,0.0,1027.0,8228.0,0.0,0.0,0.0,0.0,0.0,1.0,0.0,0.0,0.0,0.0,0.0,-1.4,0.0,0.9,0.0,0.0,16.0,25903.0
2026-07-30T19:00:19.410Z,188.893,188.904,0.0,7.4,0.0,0.0,0.0,0.0,0.0,0.0,0.0,0.0,1.0,0.0,0.0,0.0,9.0,4.0,0.0,0.0,0.0,0.0,0.0,0.0,0.0,0.0,6.0,12.0,1.0,12.11,5.01,2.51,1.5,0.0,0.0,0.0,0.4,0.0,0.3,0.1,-0.5,-169.60000000000002,0.0,0.0,169.70000000000002,0.0,21.3,29.700000000000003,29.700000000000003,30.3,300.0,300.0,31.3,35.1,29.5,28.8,30.6,4.96,1.99,4.96,0.16,0.0,0.0,1027.0,8228.0,0.0,0.0,0.0,0.0,0.0,1.0,0.0,0.0,0.0,0.0,0.0,-0.2,0.0,0.5,0.0,0.0001,16.0,25903.0
2026-07-30T19:00:19.419Z,188.902,188.916,0.0,7.4,0.0,0.0,0.0,0.0,0.0,0.0,0.0,0.0,1.0,0.0,0.0,0.0,9.0,4.0,0.0,0.0,0.0,0.0,0.0,0.0,0.0,0.0,5.0,12.0,1.0,12.11,5.01,2.51,1.5,0.0,0.0,0.0,0.4,0.0,0.3,-1.0,-0.6000000000000001,-169.60000000000002,0.0,0.0,169.70000000000002,0.0,21.3,29.700000000000003,29.700000000000003,30.3,300.0,300.0,31.3,35.1,29.5,28.8,30.6,4.96,1.99,4.96,0.16,0.0,0.0,1027.0,8228.0,0.0,0.0,0.0,0.0,0.0,1.0,0.0,0.0,0.0,0.0,0.0,-1.7000000000000002,0.0,0.3,0.0,0.0,16.0,25903.0
2026-07-30T19:00:19.431Z,188.914,188.928,0.0,7.4,0.0,0.0,0.0,0.0,0.0,0.0,0.0,0.0,1.0,0.0,0.0,0.0,9.0,4.0,0.0,0.0,0.0,0.0,0.0,0.0,0.0,0.0,6.0,12.0,1.0,12.11,5.01,2.51,1.5,0.0,0.0,0.0,0.4,0.0,0.3,0.1,0.0,-169.60000000000002,0.0,0.0,169.60000000000002,0.0,21.3,29.700000000000003,29.700000000000003,30.3,300.0,300.0,31.3,35.1,29.5,28.8,30.6,4.95,1.99,4.97,0.16,0.0,0.0,1027.0,8228.0,0.0,0.0,0.0,0.0,0.0,1.0,0.0,0.0,0.0,0.0,0.0,0.1,0.0,0.0,0.0,0.0,16.0,25903.0
2026-07-30T19:00:19.443Z,188.926,188.94,0.0,7.4,0.0,0.0,0.0,0.0,0.0,0.0,0.0,0.0,1.0,0.0,0.0,0.0,9.0,4.0,0.0,0.0,0.0,0.0,0.0,0.0,0.0,0.0,1.0,12.0,1.0,12.11,5.01,2.51,1.5,0.0,0.0,0.0,0.4,0.0,-0.2,0.7000000000000001,0.5,-169.60000000000002,0.0,0.0,169.60000000000002,0.0,21.3,29.700000000000003,29.700000000000003,30.3,300.0,300.0,31.3,35.1,29.5,28.8,30.6,4.95,1.99,4.97,0.16,0.0,0.0,1027.0,8228.0,0.0,0.0,0.0,0.0,0.0,1.0,0.0,0.0,0.0,0.0,0.0,1.2000000000000002,0.0,-0.3,0.0,0.0,16.0,25903.0
2026-07-30T19:00:19.455Z,188.938,188.952,0.0,7.4,0.0,0.0,0.0,0.0,0.0,0.0,0.0,0.0,1.0,0.0,0.0,0.0,9.0,4.0,0.0,0.0,0.0,0.0,0.0,0.0,0.0,0.0,2.0,12.0,1.0,12.11,5.01,2.51,1.5,0.0,0.0,0.0,0.4,0.0,-0.2,1.3,0.5,-169.60000000000002,0.0,0.0,169.70000000000002,0.0,21.3,29.700000000000003,29.700000000000003,30.3,300.0,300.0,31.3,35.1,29.5,28.8,30.6,4.95,2.0,4.97,0.16,0.0,0.0,1027.0,8228.0,0.0,0.0,0.0,0.0,0.0,1.0,0.0,0.0,0.0,0.0,0.0,1.8,0.0,-0.2,0.0,0.0,16.0,25903.0
2026-07-30T19:00:19.467Z,188.95,188.964,0.0,7.4,0.0,0.0,0.0,0.0,0.0,0.0,0.0,0.0,1.0,0.0,0.0,0.0,9.0,4.0,0.0,0.0,0.0,0.0,0.0,0.0,0.0,0.0,3.0,12.0,1.0,12.11,5.01,2.51,1.5,0.0,0.1,0.0,0.4,0.0,0.9,1.2000000000000002,0.0,-169.60000000000002,0.0,0.0,169.70000000000002,0.0,21.3,29.700000000000003,29.700000000000003,30.3,300.0,300.0,31.3,35.1,29.5,28.8,30.6,4.96,2.0,4.96,0.16,0.0,0.0,1027.0,8228.0,0.0,0.0,0.0,0.0,0.0,1.0,0.0,0.0,0.0,0.0,0.0,1.4,0.0,0.2,0.0,0.0,16.0,25903.0
2026-07-30T19:00:19.479Z,188.962,188.976,0.0,7.4,0.0,0.0,0.0,0.0,0.0,0.0,0.0,0.0,1.0,0.0,0.0,0.0,9.0,4.0,0.0,0.0,0.0,0.0,0.0,0.0,0.0,0.0,4.0,12.0,1.0,12.11,5.01,2.51,1.5,0.0,0.0,0.0,0.5,0.0,-0.2,-0.5,-0.6000000000000001,-169.60000000000002,0.0,0.0,169.60000000000002,0.0,21.3,29.700000000000003,29.700000000000003,30.3,300.0,300.0,31.3,35.1,29.5,28.8,30.6,4.95,1.99,4.96,0.16,0.0,0.0,1027.0,8228.0,0.0,0.0,0.0,0.0,0.0,1.0,0.0,0.0,0.0,0.0,0.0,-1.0,0.0,0.4,0.0,0.0001,16.0,25903.0
2026-07-30T19:00:19.491Z,188.974,188.988,0.0,7.4,0.0,0.0,0.0,0.0,0.0,0.0,0.0,0.0,1.0,0.0,0.0,0.0,9.0,4.0,0.0,0.0,0.0,0.0,0.0,0.0,0.0,0.0,6.0,12.0,1.0,12.11,5.01,2.51,1.5,0.0,0.0,0.0,0.5,0.0,-0.7000000000000001,0.0,-0.6000000000000001,-169.60000000000002,0.0,0.0,169.60000000000002,0.0,21.3,29.700000000000003,29.700000000000003,30.3,300.0,300.0,31.3,35.1,29.5,28.8,30.6,4.95,1.99,4.96,0.16,0.0,0.0,1027.0,8228.0,0.0,0.0,0.0,0.0,0.0,1.0,0.0,0.0,0.0,0.0,0.0,-0.4,0.0,0.5,0.0,0.0,16.0,25903.0
2026-07-30T19:00:19.504Z,188.987,189.0,0.0,7.4,0.0,0.0,0.0,0.0,0.0,0.0,0.0,0.0,1.0,0.0,0.0,0.0,9.0,4.0,0.0,0.0,0.0,0.0,0.0,0.0,0.0,0.0,1.0,12.0,1.0,12.15,5.01,2.51,1.49,0.0,0.0,0.0,0.5,0.0,-0.2,1.2000000000000002,0.0,-169.60000000000002,0.0,0.0,169.70000000000002,0.0,21.700000000000003,29.700000000000003,29.700000000000003,30.3,300.0,300.0,31.3,35.2,29.5,28.8,30.700000000000003,4.95,1.99,4.96,0.16,0.0,0.0,1027.0,8228.0,0.0,0.0,0.0,0.0,0.0,1.0,0.0,0.0,0.0,0.0,0.0,1.3,0.0,0.2,0.0,0.0,16.0,25903.0
2026-07-30T19:00:19.515Z,188.998,189.012,0.0,7.4,0.0,0.0,0.0,0.0,0.0,0.0,0.0,0.0,1.0,0.0,0.0,0.0,9.0,4.0,0.0,0.0,0.0,0.0,0.0,0.0,0.0,0.0,2.0,12.0,1.0,12.15,5.01,2.51,1.49,0.0,0.0,0.0,0.4,0.0,0.3,0.0,1.0,-169.60000000000002,0.0,0.0,169.8,0.0,21.700000000000003,29.700000000000003,29.700000000000003,30.3,300.0,300.0,31.3,35.2,29.5,28.8,30.700000000000003,4.95,1.99,4.96,0.16,0.0,0.0,1027.0,8228.0,0.0,0.0,0.0,0.0,0.0,1.0,0.0,0.0,0.0,0.0,0.0,0.8,0.0,-0.9,0.0,0.0001,16.0,25903.0
2026-07-30T19:00:19.527Z,189.01,189.024,0.0,7.4,0.0,0.0,0.0,0.0,0.0,0.0,0.0,0.0,1.0,0.0,0.0,0.0,9.0,4.0,0.0,0.0,0.0,0.0,0.0,0.0,0.0,0.0,3.0,12.0,1.0,12.15,5.01,2.51,1.49,0.0,0.0,0.0,0.5,0.0,0.4,-0.5,-0.7000000000000001,-169.60000000000002,0.0,0.0,169.70000000000002,0.0,21.700000000000003,29.700000000000003,29.700000000000003,30.3,300.0,300.0,31.3,35.2,29.5,28.8,30.700000000000003,4.95,1.99,4.97,0.16,0.0,0.0,1027.0,8228.0,0.0,0.0,0.0,0.0,0.0,1.0,0.0,0.0,0.0,0.0,0.0,-1.1,0.0,0.5,0.0,0.0001,16.0,25903.0
2026-07-30T19:00:19.540Z,189.023,189.036,0.0,7.4,0.0,0.0,0.0,0.0,0.0,0.0,0.0,0.0,1.0,0.0,0.0,0.0,9.0,4.0,0.0,0.0,0.0,0.0,0.0,0.0,0.0,0.0,4.0,12.0,1.0,12.15,5.01,2.51,1.49,0.0,0.0,0.0,0.5,0.0,0.3,0.0,-0.1,-169.60000000000002,0.0,0.0,169.60000000000002,0.0,21.700000000000003,29.700000000000003,29.700000000000003,30.3,300.0,300.0,31.3,35.2,29.5,28.8,30.700000000000003,4.95,1.99,4.96,0.16,0.0,0.0,1027.0,8228.0,0.0,0.0,0.0,0.0,0.0,1.0,0.0,0.0,0.0,0.0,0.0,0.0,0.0,0.1,0.0,0.0001,16.0,25903.0
2026-07-30T19:00:19.551Z,189.034,189.048,0.0,7.4,0.0,0.0,0.0,0.0,0.0,0.0,0.0,0.0,1.0,0.0,0.0,0.0,9.0,4.0,0.0,0.0,0.0,0.0,0.0,0.0,0.0,0.0,5.0,12.0,1.0,12.15,5.01,2.51,1.49,0.0,0.0,0.0,0.5,0.0,0.3,0.6000000000000001,0.9,-169.60000000000002,0.0,0.0,169.60000000000002,0.0,21.700000000000003,29.700000000000003,29.700000000000003,30.3,300.0,300.0,31.3,35.2,29.5,28.8,30.700000000000003,4.96,1.99,4.96,0.16,0.0,0.0,1027.0,8228.0,0.0,0.0,0.0,0.0,0.0,1.0,0.0,0.0,0.0,0.0,0.0,1.4,0.0,-0.7000000000000001,0.0,0.0001,16.0,25903.0
2026-07-30T19:00:19.563Z,189.046,189.06,0.0,7.4,0.0,0.0,0.0,0.0,0.0,0.0,0.0,0.0,1.0,0.0,0.0,0.0,9.0,4.0,0.0,0.0,0.0,0.0,0.0,0.0,0.0,0.0,6.0,12.0,1.0,12.15,5.01,2.51,1.49,0.0,0.0,0.0,0.5,0.0,0.3,-1.0,1.0,-169.60000000000002,0.0,0.0,169.60000000000002,0.0,21.700000000000003,29.700000000000003,29.700000000000003,30.3,300.0,300.0,31.3,35.2,29.5,28.8,30.700000000000003,4.95,1.99,4.97,0.16,0.0,0.0,1027.0,8228.0,0.0,0.0,0.0,0.0,0.0,1.0,0.0,0.0,0.0,0.0,0.0,-0.4,0.0,-1.1,0.0,0.0,16.0,25903.0
2026-07-30T19:00:19.575Z,189.058,189.072,0.0,7.4,0.0,0.0,0.0,0.0,0.0,0.0,0.0,0.0,1.0,0.0,0.0,0.0,9.0,4.0,0.0,0.0,0.0,0.0,0.0,0.0,0.0,0.0,6.0,12.0,1.0,12.15,5.01,2.51,1.49,0.0,0.1,0.0,0.4,0.0,0.9,0.0,1.5,-169.60000000000002,0.0,0.0,169.70000000000002,0.0,21.700000000000003,29.700000000000003,29.700000000000003,30.3,300.0,300.0,31.3,35.2,29.5,28.8,30.700000000000003,4.96,2.0,4.96,0.16,0.0,0.0,1027.0,8228.0,0.0,0.0,0.0,0.0,0.0,1.0,0.0,0.0,0.0,0.0,0.0,1.2000000000000002,0.0,-1.3,0.0,0.0,16.0,25903.0
2026-07-30T19:00:19.587Z,189.07,189.084,0.0,7.4,0.0,0.0,0.0,0.0,0.0,0.0,0.0,0.0,1.0,0.0,0.0,0.0,9.0,4.0,0.0,0.0,0.0,0.0,0.0,0.0,0.0,0.0,1.0,12.0,1.0,12.15,5.01,2.51,1.49,0.0,0.0,0.0,0.4,0.0,0.3,-0.5,-0.7000000000000001,-169.60000000000002,0.0,0.0,169.70000000000002,0.0,21.700000000000003,29.700000000000003,29.700000000000003,30.3,300.0,300.0,31.3,35.2,29.5,28.8,30.700000000000003,4.96,1.99,4.96,0.16,0.0,0.0,1027.0,8228.0,0.0,0.0,0.0,0.0,0.0,1.0,0.0,0.0,0.0,0.0,0.0,1.9,0.0,-1.2000000000000002,0.0,0.0001,16.0,25903.0
2026-07-30T19:00:19.599Z,189.082,189.096,0.0,7.4,0.0,0.0,0.0,0.0,0.0,0.0,0.0,0.0,1.0,0.0,0.0,0.0,9.0,4.0,0.0,0.0,0.0,0.0,0.0,0.0,0.0,0.0,3.0,12.0,1.0,12.15,5.01,2.51,1.49,0.0,0.0,0.0,0.4,0.0,-0.8,-0.5,-0.7000000000000001,-169.60000000000002,0.0,0.0,169.8,0.0,21.700000000000003,29.700000000000003,29.700000000000003,30.3,300.0,300.0,31.3,35.2,29.5,28.8,30.700000000000003,4.95,1.99,4.96,0.16,0.0,0.0,1027.0,8228.0,0.0,0.0,0.0,0.0,0.0,1.0,0.0,0.0,0.0,0.0,0.0,-0.9,0.0,1.2000000000000002,0.0,0.0,16.0,25903.0
2026-07-30T19:00:19.611Z,189.094,189.108,0.0,7.4,0.0,0.0,0.0,0.0,0.0,0.0,0.0,0.0,1.0,0.0,0.0,0.0,9.0,4.0,0.0,0.0,0.0,0.0,0.0,0.0,0.0,0.0,4.0,12.0,1.0,12.17,5.0200000000000005,2.51,1.49,0.0,0.0,0.0,0.4,0.0,0.3,0.6000000000000001,-0.1,-169.60000000000002,0.0,0.0,169.70000000000002,0.0,21.0,29.700000000000003,29.700000000000003,30.3,300.0,300.0,31.5,35.2,29.5,28.8,30.6,4.95,1.99,4.97,0.16,0.0,0.0,1027.0,8228.0,0.0,0.0,0.0,0.0,0.0,1.0,0.0,0.0,0.0,0.0,0.0,0.0,0.0,0.1,0.0,0.0002,16.0,25903.0
2026-07-30T19:00:19.623Z,189.106,189.12,0.0,7.4,0.0,0.0,0.0,0.0,0.0,0.0,0.0,0.0,1.0,0.0,0.0,0.0,9.0,4.0,0.0,0.0,0.0,0.0,0.0,0.0,0.0,0.0,5.0,12.0,1.0,12.17,5.0200000000000005,2.51,1.49,0.0,0.0,0.0,0.4,0.0,-0.8,-1.0,-0.7000000000000001,-169.60000000000002,0.0,0.0,169.70000000000002,0.0,21.0,29.700000000000003,29.700000000000003,30.3,300.0,300.0,31.5,35.2,29.5,28.8,30.6,4.96,1.99,4.96,0.16,0.0,0.0,1027.0,8228.0,0.0,0.0,0.0,0.0,0.0,1.0,0.0,0.0,0.0,0.0,0.0,-1.7000000000000002,0.0,0.4,0.0,0.0,16.0,25903.0
2026-07-30T19:00:19.636Z,189.119,189.132,0.0,7.4,0.0,0.0,0.0,0.0,0.0,0.0,0.0,0.0,1.0,0.0,0.0,0.0,9.0,4.0,0.0,0.0,0.0,0.0,0.0,0.0,0.0,0.0,6.0,12.0,1.0,12.17,5.0200000000000005,2.51,1.49,0.0,0.0,0.0,0.4,0.0,-0.2,-0.4,-1.3,-169.60000000000002,0.0,0.0,169.70000000000002,0.0,21.0,29.700000000000003,29.700000000000003,30.3,300.0,300.0,31.5,35.2,29.5,28.8,30.6,4.96,1.99,4.96,0.16,0.0,0.0,1027.0,8228.0,0.0,0.0,0.0,0.0,0.0,1.0,0.0,0.0,0.0,0.0,0.0,-1.5,0.0,1.0,0.0,0.0,16.0,25903.0
2026-07-30T19:00:19.647Z,189.13,189.144,0.0,7.4,0.0,0.0,0.0,0.0,0.0,0.0,0.0,0.0,1.0,0.0,0.0,0.0,9.0,4.0,0.0,0.0,0.0,0.0,0.0,0.0,0.0,0.0,1.0,12.0,1.0,12.17,5.0200000000000005,2.51,1.49,0.0,0.0,0.0,0.4,0.0,-0.8,0.0,-0.7000000000000001,-169.60000000000002,0.0,0.0,169.60000000000002,0.0,21.0,29.700000000000003,29.700000000000003,30.3,300.0,300.0,31.5,35.2,29.5,28.8,30.6,4.95,1.99,4.96,0.16,0.0,0.0,1027.0,8228.0,0.0,0.0,0.0,0.0,0.0,1.0,0.0,0.0,0.0,0.0,0.0,-0.5,0.0,0.6000000000000001,0.0,0.0,16.0,25903.0
2026-07-30T19:00:19.659Z,189.142,189.156,0.0,7.4,0.0,0.0,0.0,0.0,0.0,0.0,0.0,0.0,1.0,0.0,0.0,0.0,9.0,4.0,0.0,0.0,0.0,0.0,0.0,0.0,0.0,0.0,2.0,12.0,1.0,12.17,5.0200000000000005,2.51,1.49,0.0,0.0,0.0,0.4,0.0,0.3,-0.5,0.9,-169.60000000000002,0.0,0.0,169.60000000000002,0.0,21.0,29.700000000000003,29.700000000000003,30.3,300.0,300.0,31.5,35.2,29.5,28.8,30.6,4.95,1.99,4.97,0.16,0.0,0.0,1027.0,8228.0,0.0,0.0,0.0,0.0,0.0,1.0,0.0,0.0,0.0,0.0,0.0,0.1,0.0,-0.9,0.0,0.0001,16.0,25903.0
2026-07-30T19:00:19.671Z,189.154,189.168,0.0,7.4,0.0,0.0,0.0,0.0,0.0,0.0,0.0,0.0,1.0,0.0,0.0,0.0,9.0,4.0,0.0,0.0,0.0,0.0,0.0,0.0,0.0,0.0,3.0,12.0,1.0,12.17,5.0200000000000005,2.51,1.49,0.0,0.0,0.0,0.4,0.0,-0.1,-1.6,-1.9,-169.60000000000002,0.0,0.0,169.60000000000002,0.0,21.0,29.700000000000003,29.700000000000003,30.3,300.0,300.0,31.5,35.2,29.5,28.8,30.6,4.96,1.99,4.96,0.16,0.0,0.0,1027.0,8228.0,0.0,0.0,0.0,0.0,0.0,1.0,0.0,0.0,0.0,0.0,0.0,-3.3000000000000003,0.0,1.3,0.0,0.0,16.0,25903.0
2026-07-30T19:00:19.683Z,189.166,189.18,0.0,7.4,0.0,0.0,0.0,0.0,0.0,0.0,0.0,0.0,1.0,0.0,0.0,0.0,9.0,4.0,0.0,0.0,0.0,0.0,0.0,0.0,0.0,0.0,4.0,12.0,1.0,12.17,5.0200000000000005,2.51,1.49,0.0,0.0,0.0,0.4,0.0,0.9,1.2000000000000002,1.5,-169.60000000000002,0.0,0.0,169.60000000000002,0.0,21.0,29.700000000000003,29.700000000000003,30.3,300.0,300.0,31.5,35.2,29.5,28.8,30.6,4.96,1.99,4.96,0.16,0.0,0.0,1027.0,8228.0,0.0,0.0,0.0,0.0,0.0,1.0,0.0,0.0,0.0,0.0,0.0,2.5,0.0,-1.1,0.0,0.0,16.0,25903.0
2026-07-30T19:00:19.695Z,189.178,189.192,0.0,7.4,0.0,0.0,0.0,0.0,0.0,0.0,0.0,0.0,1.0,0.0,0.0,0.0,9.0,4.0,0.0,0.0,0.0,0.0,0.0,0.0,0.0,0.0,5.0,12.0,1.0,12.17,5.0200000000000005,2.51,1.49,0.0,0.0,0.0,0.4,0.0,-0.1,0.0,-0.7000000000000001,-169.60000000000002,0.0,0.0,169.60000000000002,0.0,21.0,29.700000000000003,29.700000000000003,30.3,300.0,300.0,31.5,35.2,29.5,28.8,30.6,4.95,1.99,4.96,0.16,0.0,0.0,1027.0,8228.0,0.0,0.0,0.0,0.0,0.0,1.0,0.0,0.0,0.0,0.0,0.0,-0.4,0.0,0.6000000000000001,0.0,0.0,16.0,25903.0
2026-07-30T19:00:19.708Z,189.191,189.204,0.0,7.4,0.0,0.0,0.0,0.0,0.0,0.0,0.0,0.0,1.0,0.0,0.0,0.0,9.0,4.0,0.0,0.0,0.0,0.0,0.0,0.0,0.0,0.0,6.0,12.0,1.0,12.18,5.01,2.51,1.5,0.0,0.0,0.0,0.4,0.0,-0.7000000000000001,0.6000000000000001,1.0,-169.60000000000002,0.0,0.0,169.60000000000002,0.0,21.4,29.700000000000003,29.700000000000003,30.3,300.0,300.0,31.3,35.2,29.5,28.8,30.6,4.96,1.99,4.96,0.16,0.0,0.0,1027.0,8228.0,0.0,0.0,0.0,0.0,0.0,1.0,0.0,0.0,0.0,0.0,0.0,1.5,0.0,-0.8,0.0,0.0,16.0,25903.0
2026-07-30T19:00:19.721Z,189.204,189.216,0.0,7.4,0.0,0.0,0.0,0.0,0.0,0.0,0.0,0.0,1.0,0.0,0.0,0.0,9.0,4.0,0.0,0.0,0.0,0.0,0.0,0.0,0.0,0.0,1.0,12.0,1.0,12.18,5.01,2.51,1.5,0.0,0.0,0.0,0.4,0.0,0.3,0.0,-0.7000000000000001,-169.60000000000002,0.0,0.0,169.70000000000002,0.0,21.4,29.700000000000003,29.700000000000003,30.3,300.0,300.0,31.3,35.2,29.5,28.8,30.6,4.95,1.99,4.97,0.16,0.0,0.0,1027.0,8228.0,0.0,0.0,0.0,0.0,0.0,1.0,0.0,0.0,0.0,0.0,0.0,-0.4,0.0,0.6000000000000001,0.0,0.0,16.0,25903.0
2026-07-30T19:00:19.731Z,189.214,189.228,0.0,7.4,0.0,0.0,0.0,0.0,0.0,0.0,0.0,0.0,1.0,0.0,0.0,0.0,9.0,4.0,0.0,0.0,0.0,0.0,0.0,0.0,0.0,0.0,1.0,12.0,1.0,12.18,5.01,2.51,1.5,0.0,0.1,0.0,0.4,0.0,-0.8,-1.1,-0.7000000000000001,-169.60000000000002,0.0,0.0,169.60000000000002,0.0,21.4,29.700000000000003,29.700000000000003,30.3,300.0,300.0,31.3,35.2,29.5,28.8,30.6,4.95,2.0,4.97,0.16,0.0,0.0,1027.0,8228.0,0.0,0.0,0.0,0.0,0.0,1.0,0.0,0.0,0.0,0.0,0.0,-1.7000000000000002,0.0,0.3,0.0,0.0001,16.0,25903.0
2026-07-30T19:00:19.743Z,189.226,189.24,0.0,7.4,0.0,0.0,0.0,0.0,0.0,0.0,0.0,0.0,1.0,0.0,0.0,0.0,9.0,4.0,0.0,0.0,0.0,0.0,0.0,0.0,0.0,0.0,2.0,12.0,1.0,12.18,5.01,2.51,1.5,0.0,0.0,0.0,0.4,0.0,-0.2,1.2000000000000002,-0.1,-169.60000000000002,0.0,0.0,169.70000000000002,0.0,21.4,29.700000000000003,29.700000000000003,30.3,300.0,300.0,31.3,35.2,29.5,28.8,30.6,4.96,2.0,4.97,0.16,0.0,0.0,1027.0,8228.0,0.0,0.0,0.0,0.0,0.0,1.0,0.0,0.0,0.0,0.0,0.0,1.3,0.0,0.3,0.0,0.0,16.0,25903.0
2026-07-30T19:00:19.755Z,189.238,189.252,0.0,7.4,0.0,0.0,0.0,0.0,0.0,0.0,0.0,0.0,1.0,0.0,0.0,0.0,9.0,4.0,0.0,0.0,0.0,0.0,0.0,0.0,0.0,0.0,3.0,12.0,1.0,12.18,5.01,2.51,1.5,0.0,0.0,0.0,0.4,0.0,-0.2,-0.4,-0.1,-169.60000000000002,0.0,0.0,169.70000000000002,0.0,21.4,29.700000000000003,29.700000000000003,30.3,300.0,300.0,31.3,35.2,29.5,28.8,30.6,4.95,2.0,4.96,0.16,0.0,0.0,1027.0,8228.0,0.0,0.0,0.0,0.0,0.0,1.0,0.0,0.0,0.0,0.0,0.0,-0.6000000000000001,0.0,0.0,0.0,0.0,16.0,25903.0
2026-07-30T19:00:19.767Z,189.25,189.264,0.0,7.4,0.0,0.0,0.0,0.0,0.0,0.0,0.0,0.0,1.0,0.0,0.0,0.0,9.0,4.0,0.0,0.0,0.0,0.0,0.0,0.0,0.0,0.0,4.0,12.0,1.0,12.18,5.01,2.51,1.5,0.0,0.0,0.0,0.4,0.0,0.3,-0.5,0.4,-169.60000000000002,0.0,0.0,169.70000000000002,0.0,21.4,29.700000000000003,29.700000000000003,30.3,300.0,300.0,31.3,35.2,29.5,28.8,30.6,4.95,1.99,4.97,0.16,0.0,0.0,1027.0,8228.0,0.0,0.0,0.0,0.0,0.0,1.0,0.0,0.0,0.0,0.0,0.0,-0.2,0.0,-0.4,0.0,0.0,16.0,25903.0
2026-07-30T19:00:19.780Z,189.263,189.276,0.0,7.4,0.0,0.0,0.0,0.0,0.0,0.0,0.0,0.0,1.0,0.0,0.0,0.0,9.0,4.0,0.0,0.0,0.0,0.0,0.0,0.0,0.0,0.0,5.0,12.0,1.0,12.18,5.01,2.51,1.5,0.0,0.0,0.0,0.4,0.0,0.9,-0.5,-1.3,-169.60000000000002,0.0,0.0,169.60000000000002,0.0,21.4,29.700000000000003,29.700000000000003,30.3,300.0,300.0,31.3,35.2,29.5,28.8,30.6,4.95,1.99,4.96,0.16,0.0,0.0,1027.0,8228.0,0.0,0.0,0.0,0.0,0.0,1.0,0.0,0.0,0.0,0.0,0.0,-1.5,0.0,1.0,0.0,0.0,16.0,25903.0
2026-07-30T19:00:19.791Z,189.274,189.288,0.0,7.4,0.0,0.0,0.0,0.0,0.0,0.0,0.0,0.0,1.0,0.0,0.0,0.0,9.0,4.0,0.0,0.0,0.0,0.0,0.0,0.0,0.0,0.0,1.0,12.0,1.0,12.18,5.01,2.51,1.5,0.0,0.0,0.0,0.4,0.0,0.3,0.0,0.4,-169.60000000000002,0.0,0.0,169.60000000000002,0.0,21.4,29.700000000000003,29.700000000000003,30.3,300.0,300.0,31.3,35.2,29.5,28.8,30.6,4.96,1.99,4.96,0.16,0.0,0.0,1027.0,8228.0,0.0,0.0,0.0,0.0,0.0,1.0,0.0,0.0,0.0,0.0,0.0,0.3,0.0,-0.3,0.0,0.0,16.0,25903.0
2026-07-30T19:00:19.803Z,189.286,189.3,0.0,7.4,0.0,0.0,0.0,0.0,0.0,0.0,0.0,0.0,1.0,0.0,0.0,0.0,9.0,4.0,0.0,0.0,0.0,0.0,0.0,0.0,0.0,0.0,2.0,12.0,1.0,12.18,5.01,2.51,1.5,0.0,0.0,0.0,0.4,0.0,0.2,-1.1,-0.2,-169.60000000000002,0.0,0.0,169.70000000000002,0.0,21.4,29.700000000000003,29.700000000000003,30.3,300.0,300.0,31.3,35.2,29.5,28.8,30.6,4.95,1.99,4.97,0.16,0.0,0.0,1027.0,8228.0,0.0,0.0,0.0,0.0,0.0,1.0,0.0,0.0,0.0,0.0,0.0,-1.4,0.0,0.0,0.0,0.0,16.0,25903.0
2026-07-30T19:00:19.816Z,189.299,189.312,0.0,7.4,0.0,0.0,0.0,0.0,0.0,0.0,0.0,0.0,1.0,0.0,0.0,0.0,9.0,4.0,0.0,0.0,0.0,0.0,0.0,0.0,0.0,0.0,3.0,12.0,1.0,12.18,5.0200000000000005,2.5,1.49,0.0,0.0,0.0,0.4,0.0,0.2,-0.5,0.3,-169.60000000000002,0.0,0.0,169.60000000000002,0.0,20.8,29.700000000000003,29.700000000000003,30.3,300.0,300.0,31.3,35.2,29.5,28.8,30.6,4.95,1.99,4.97,0.16,0.0,0.0,1027.0,8228.0,0.0,0.0,0.0,0.0,0.0,1.0,0.0,0.0,0.0,0.0,0.0,-0.3,0.0,-0.4,0.0,0.0001,16.0,25903.0
2026-07-30T19:00:19.827Z,189.31,189.324,0.0,7.4,0.0,0.0,0.0,0.0,0.0,0.0,0.0,0.0,1.0,0.0,0.0,0.0,9.0,4.0,0.0,0.0,0.0,0.0,0.0,0.0,0.0,0.0,4.0,12.0,1.0,12.18,5.0200000000000005,2.5,1.49,0.0,0.1,0.0,0.4,0.0,-0.2,0.0,-0.1,-169.60000000000002,0.0,0.0,169.70000000000002,0.0,20.8,29.700000000000003,29.700000000000003,30.3,300.0,300.0,31.3,35.2,29.5,28.8,30.6,4.95,2.0,4.97,0.16,0.0,0.0,1027.0,8228.0,0.0,0.0,0.0,0.0,0.0,1.0,0.0,0.0,0.0,0.0,0.0,0.0,0.0,0.1,0.0,0.0,16.0,25903.0
2026-07-30T19:00:19.840Z,189.323,189.336,0.0,7.4,0.0,0.0,0.0,0.0,0.0,0.0,0.0,0.0,1.0,0.0,0.0,0.0,9.0,4.0,0.0,0.0,0.0,0.0,0.0,0.0,0.0,0.0,6.0,12.0,1.0,12.18,5.0200000000000005,2.5,1.49,0.0,0.0,0.0,0.5,0.0,0.9,1.8,-0.1,-169.60000000000002,0.0,0.0,169.60000000000002,0.0,20.8,29.700000000000003,29.700000000000003,30.3,300.0,300.0,31.3,35.2,29.5,28.8,30.6,4.96,1.99,4.97,0.16,0.0,0.0,1027.0,8228.0,0.0,0.0,0.0,0.0,0.0,1.0,0.0,0.0,0.0,0.0,0.0,2.0,0.0,0.4,0.0,0.0002,16.0,25903.0
2026-07-30T19:00:19.852Z,189.335,189.348,0.0,7.4,0.0,0.0,0.0,0.0,0.0,0.0,0.0,0.0,1.0,0.0,0.0,0.0,9.0,4.0,0.0,0.0,0.0,0.0,0.0,0.0,0.0,0.0,6.0,12.0,1.0,12.18,5.0200000000000005,2.5,1.49,0.0,0.1,0.0,0.4,0.0,-0.8,-0.4,-1.2000000000000002,-169.60000000000002,0.0,0.0,169.70000000000002,0.0,20.8,29.700000000000003,29.700000000000003,30.3,300.0,300.0,31.3,35.2,29.5,28.8,30.6,4.95,1.99,4.96,0.16,0.0,0.0,1027.0,8228.0,0.0,0.0,0.0,0.0,0.0,1.0,0.0,0.0,0.0,0.0,0.0,-1.5,0.0,1.0,0.0,0.0001,16.0,25903.0
2026-07-30T19:00:19.863Z,189.346,189.36,0.0,7.4,0.0,0.0,0.0,0.0,0.0,0.0,0.0,0.0,1.0,0.0,0.0,0.0,9.0,4.0,0.0,0.0,0.0,0.0,0.0,0.0,0.0,0.0,1.0,12.0,1.0,12.18,5.0200000000000005,2.5,1.49,0.0,0.0,0.0,0.5,0.0,0.3,-0.4,0.5,-169.60000000000002,0.0,0.0,169.70000000000002,0.0,20.8,29.700000000000003,29.700000000000003,30.3,300.0,300.0,31.3,35.2,29.5,28.8,30.6,4.96,1.99,4.96,0.16,0.0,0.0,1027.0,8228.0,0.0,0.0,0.0,0.0,0.0,1.0,0.0,0.0,0.0,0.0,0.0,0.0,0.0,-0.5,0.0,0.0,16.0,25903.0
2026-07-30T19:00:19.875Z,189.358,189.372,0.0,7.4,0.0,0.0,0.0,0.0,0.0,0.0,0.0,0.0,1.0,0.0,0.0,0.0,9.0,4.0,0.0,0.0,0.0,0.0,0.0,0.0,0.0,0.0,2.0,12.0,1.0,12.18,5.0200000000000005,2.5,1.49,0.0,0.0,0.0,0.4,0.0,0.9,1.9,0.5,-169.60000000000002,0.0,0.0,169.60000000000002,0.0,20.8,29.700000000000003,29.700000000000003,30.3,300.0,300.0,31.3,35.2,29.5,28.8,30.6,4.96,1.99,4.97,0.16,0.0,0.0,1027.0,8228.0,0.0,0.0,0.0,0.0,0.0,1.0,0.0,0.0,0.0,0.0,0.0,2.6,0.0,0.0,0.0,0.0,16.0,25903.0
2026-07-30T19:00:19.888Z,189.371,189.384,0.0,7.4,0.0,0.0,0.0,0.0,0.0,0.0,0.0,0.0,1.0,0.0,0.0,0.0,9.0,4.0,0.0,0.0,0.0,0.0,0.0,0.0,0.0,0.0,2.0,12.0,1.0,12.18,5.0200000000000005,2.5,1.49,0.0,0.0,0.0,0.4,0.0,-0.1,0.7000000000000001,1.7000000000000002,-169.60000000000002,0.0,0.0,169.60000000000002,0.0,20.8,29.700000000000003,29.700000000000003,30.3,300.0,300.0,31.3,35.2,29.5,28.8,30.6,4.95,1.99,4.97,0.17,0.0,0.0,1027.0,8228.0,0.0,0.0,0.0,0.0,0.0,1.0,0.0,0.0,0.0,0.0,0.0,2.1,0.0,-1.3,0.0,0.0,16.0,25903.0
2026-07-30T19:00:19.899Z,189.382,189.396,0.0,7.4,0.0,0.0,0.0,0.0,0.0,0.0,0.0,0.0,1.0,0.0,0.0,0.0,9.0,4.0,0.0,0.0,0.0,0.0,0.0,0.0,0.0,0.0,4.0,12.0,1.0,12.18,5.0200000000000005,2.5,1.49,0.0,0.0,0.0,0.4,0.0,1.0,-0.9,0.0,-169.60000000000002,0.0,0.0,169.60000000000002,0.0,20.8,29.700000000000003,29.700000000000003,30.3,300.0,300.0,31.3,35.2,29.5,28.8,30.6,4.96,1.99,4.96,0.16,0.0,0.0,1027.0,8228.0,0.0,0.0,0.0,0.0,0.0,1.0,0.0,0.0,0.0,0.0,0.0,-1.0,0.0,-0.1,0.0,0.0,16.0,25903.0
2026-07-30T19:00:19.912Z,189.395,189.408,0.0,7.4,0.0,0.0,0.0,0.0,0.0,0.0,0.0,0.0,1.0,0.0,0.0,0.0,9.0,4.0,0.0,0.0,0.0,0.0,0.0,0.0,0.0,0.0,5.0,12.0,1.0,12.15,5.03,2.5,1.49,0.0,0.0,0.0,0.4,0.0,0.4,-0.3,0.0,-169.60000000000002,0.0,0.0,169.70000000000002,0.0,21.8,29.700000000000003,29.700000000000003,30.3,300.0,300.0,31.200000000000003,35.2,29.5,28.8,30.6,4.95,2.0,4.97,0.16,0.0,0.0,1027.0,8228.0,0.0,0.0,0.0,0.0,0.0,1.0,0.0,0.0,0.0,0.0,0.0,-0.3,0.0,0.0,0.0,0.0,16.0,25903.0
2026-07-30T19:00:19.923Z,189.406,189.42,0.0,7.4,0.0,0.0,0.0,0.0,0.0,0.0,0.0,0.0,1.0,0.0,0.0,0.0,9.0,4.0,0.0,0.0,0.0,0.0,0.0,0.0,0.0,0.0,6.0,12.0,1.0,12.15,5.03,2.5,1.49,0.0,0.0,0.0,0.4,0.0,0.4,1.4,0.0,-169.60000000000002,0.0,0.0,169.70000000000002,0.0,21.8,29.700000000000003,29.700000000000003,30.3,300.0,300.0,31.200000000000003,35.2,29.5,28.8,30.6,4.95,1.99,4.97,0.16,0.0,0.0,1027.0,8228.0,0.0,0.0,0.0,0.0,0.0,1.0,0.0,0.0,0.0,0.0,0.0,1.6,0.0,0.3,0.0,0.0,16.0,25903.0
2026-07-30T19:00:19.935Z,189.418,189.432,0.0,7.4,0.0,0.0,0.0,0.0,0.0,0.0,0.0,0.0,1.0,0.0,0.0,0.0,9.0,4.0,0.0,0.0,0.0,0.0,0.0,0.0,0.0,0.0,6.0,12.0,1.0,12.15,5.03,2.5,1.49,0.0,0.0,0.0,0.4,0.0,0.4,0.3,1.1,-169.60000000000002,0.0,0.0,169.70000000000002,0.0,21.8,29.700000000000003,29.700000000000003,30.3,300.0,300.0,31.200000000000003,35.2,29.5,28.8,30.6,4.96,1.99,4.97,0.16,0.0,0.0,1027.0,8228.0,0.0,0.0,0.0,0.0,0.0,1.0,0.0,0.0,0.0,0.0,0.0,1.2000000000000002,0.0,-0.9,0.0,0.0001,16.0,25903.0
2026-07-30T19:00:19.947Z,189.43,189.444,0.0,7.4,0.0,0.0,0.0,0.0,0.0,0.0,0.0,0.0,1.0,0.0,0.0,0.0,9.0,4.0,0.0,0.0,0.0,0.0,0.0,0.0,0.0,0.0,1.0,12.0,1.0,12.15,5.03,2.5,1.49,0.0,0.0,0.0,0.4,0.0,1.0,1.4,3.5,-169.60000000000002,0.0,0.0,169.60000000000002,0.0,21.8,29.700000000000003,29.700000000000003,30.3,300.0,300.0,31.200000000000003,35.2,29.5,28.8,30.6,4.96,1.99,4.96,0.16,0.0,0.0,1027.0,8228.0,0.0,0.0,0.0,0.0,0.0,1.0,0.0,0.0,0.0,0.0,0.0,4.3,0.0,-2.7,0.0,0.0001,16.0,25903.0
2026-07-30T19:00:19.959Z,189.442,189.456,0.0,7.4,0.0,0.0,0.0,0.0,0.0,0.0,0.0,0.0,1.0,0.0,0.0,0.0,9.0,4.0,0.0,0.0,0.0,0.0,0.0,0.0,0.0,0.0,2.0,12.0,1.0,12.15,5.03,2.5,1.49,0.0,0.0,0.0,0.4,0.0,0.4,0.8,1.7000000000000002,-169.60000000000002,0.0,0.0,169.70000000000002,0.0,21.8,29.700000000000003,29.700000000000003,30.3,300.0,300.0,31.200000000000003,35.2,29.5,28.8,30.6,4.96,1.99,4.96,0.16,0.0,0.0,1027.0,8228.0,0.0,0.0,0.0,0.0,0.0,1.0,0.0,0.0,0.0,0.0,0.0,2.2,0.0,-1.3,0.0,0.0001,16.0,25903.0
2026-07-30T19:00:19.971Z,189.454,189.468,0.0,7.4,0.0,0.0,0.0,0.0,0.0,0.0,0.0,0.0,1.0,0.0,0.0,0.0,9.0,4.0,0.0,0.0,0.0,0.0,0.0,0.0,0.0,0.0,3.0,12.0,1.0,12.15,5.03,2.5,1.49,0.0,0.0,0.0,0.4,0.0,-0.8,-0.3,-0.6000000000000001,-169.60000000000002,0.0,0.0,169.60000000000002,0.0,21.8,29.700000000000003,29.700000000000003,30.3,300.0,300.0,31.200000000000003,35.2,29.5,28.8,30.6,4.96,1.99,4.96,0.16,0.0,0.0,1027.0,8228.0,0.0,0.0,0.0,0.0,0.0,1.0,0.0,0.0,0.0,0.0,0.0,-0.8,0.0,0.4,0.0,0.0,16.0,25903.0
2026-07-30T19:00:19.983Z,189.466,189.48,0.0,7.4,0.0,0.0,0.0,0.0,0.0,0.0,0.0,0.0,1.0,0.0,0.0,0.0,9.0,4.0,0.0,0.0,0.0,0.0,0.0,0.0,0.0,0.0,4.0,12.0,1.0,12.15,5.03,2.5,1.49,0.0,0.0,0.0,0.4,0.0,-0.8,1.3,1.0,-169.60000000000002,0.0,0.0,169.8,0.0,21.8,29.700000000000003,29.700000000000003,30.3,300.0,300.0,31.200000000000003,35.2,29.5,28.8,30.6,4.96,2.0,4.96,0.16,0.0,0.0,1027.0,8228.0,0.0,0.0,0.0,0.0,0.0,1.0,0.0,0.0,0.0,0.0,0.0,2.3000000000000003,0.0,-0.6000000000000001,0.0,0.0,16.0,25903.0
2026-07-30T19:00:19.995Z,189.478,189.492,0.0,7.4,0.0,0.0,0.0,0.0,0.0,0.0,0.0,0.0,1.0,0.0,0.0,0.0,9.0,4.0,0.0,0.0,0.0,0.0,0.0,0.0,0.0,0.0,5.0,12.0,1.0,12.15,5.03,2.5,1.49,0.0,0.0,0.0,0.4,0.0,0.3,-0.9,0.0,-169.60000000000002,0.0,0.0,169.70000000000002,0.0,21.8,29.700000000000003,29.700000000000003,30.3,300.0,300.0,31.200000000000003,35.2,29.5,28.8,30.6,4.95,2.0,4.96,0.16,0.0,0.0,1027.0,8228.0,0.0,0.0,0.0,0.0,0.0,1.0,0.0,0.0,0.0,0.0,0.0,-1.1,0.0,-0.1,0.0,0.0003,16.0,25903.0
2026-07-30T19:00:20.007Z,189.49,189.504,0.0,7.4,0.0,0.0,0.0,0.0,0.0,0.0,0.0,0.0,1.0,0.0,0.0,0.0,9.0,4.0,0.0,0.0,0.0,0.0,0.0,0.0,0.0,0.0,5.0,12.0,1.0,12.15,5.03,2.5,1.49,0.0,0.0,0.0,0.4,0.0,0.8,-0.4,-0.6000000000000001,-169.60000000000002,0.0,0.0,169.70000000000002,0.0,21.8,29.700000000000003,29.700000000000003,30.3,300.0,300.0,31.200000000000003,35.2,29.5,28.8,30.6,4.95,1.99,4.97,0.16,0.0,0.0,1027.0,8228.0,0.0,0.0,0.0,0.0,0.0,1.0,0.0,0.0,0.0,0.0,0.0,-1.0,0.0,0.5,0.0,0.0001,16.0,25903.0
2026-07-30T19:00:20.019Z,189.502,189.516,0.0,7.4,0.0,0.0,0.0,0.0,0.0,0.0,0.0,0.0,1.0,0.0,0.0,0.0,9.0,4.0,0.0,0.0,0.0,0.0,0.0,0.0,0.0,0.0,6.0,12.0,1.0,12.17,5.0200000000000005,2.51,1.49,0.0,0.0,0.0,0.5,0.0,0.8,1.2000000000000002,1.1,-169.60000000000002,0.0,0.0,169.8,0.0,21.700000000000003,29.700000000000003,29.700000000000003,30.3,300.0,300.0,31.3,35.300000000000004,29.5,28.8,30.6,4.95,1.99,4.96,0.16,0.0,0.0,1027.0,8228.0,0.0,0.0,0.0,0.0,0.0,1.0,0.0,0.0,0.0,0.0,0.0,2.2,0.0,-0.7000000000000001,0.0,0.0001,16.0,25903.0
2026-07-30T19:00:20.035Z,189.518,189.528,0.0,7.4,0.0,0.0,0.0,0.0,0.0,0.0,0.0,0.0,1.0,0.0,0.0,0.0,9.0,4.0,0.0,0.0,0.0,0.0,0.0,0.0,0.0,0.0,1.0,12.0,1.0,12.17,5.0200000000000005,2.51,1.49,0.0,0.0,0.0,0.4,0.0,0.8,1.2000000000000002,-0.1,-169.60000000000002,0.0,0.0,169.70000000000002,0.0,21.700000000000003,29.700000000000003,29.700000000000003,30.3,300.0,300.0,31.3,35.300000000000004,29.5,28.8,30.6,4.96,1.99,4.96,0.16,0.0,0.0,1027.0,8228.0,0.0,0.0,0.0,0.0,0.0,1.0,0.0,0.0,0.0,0.0,0.0,1.3,0.0,0.3,0.0,0.0,16.0,25903.0
2026-07-30T19:00:20.046Z,189.529,189.54,0.0,7.4,0.0,0.0,0.0,0.0,0.0,0.0,0.0,0.0,1.0,0.0,0.0,0.0,9.0,4.0,0.0,0.0,0.0,0.0,0.0,0.0,0.0,0.0,4.0,12.0,1.0,12.17,5.0200000000000005,2.51,1.49,0.0,0.0,0.0,0.4,0.0,0.8,0.0,0.4,-169.60000000000002,0.0,0.0,169.60000000000002,0.0,21.700000000000003,29.700000000000003,29.700000000000003,30.3,300.0,300.0,31.3,35.300000000000004,29.5,28.8,30.6,4.95,1.99,4.97,0.16,0.0,0.0,1027.0,8228.0,0.0,0.0,0.0,0.0,0.0,1.0,0.0,0.0,0.0,0.0,0.0,0.4,0.0,-0.3,0.0,0.0001,16.0,25903.0
2026-07-30T19:00:20.055Z,189.538,189.552,0.0,7.4,0.0,0.0,0.0,0.0,0.0,0.0,0.0,0.0,1.0,0.0,0.0,0.0,9.0,4.0,0.0,0.0,0.0,0.0,0.0,0.0,0.0,0.0,3.0,12.0,1.0,12.17,5.0200000000000005,2.51,1.49,0.0,0.1,0.0,0.4,0.0,0.2,-0.5,-0.1,-169.60000000000002,0.0,0.0,169.70000000000002,0.0,21.700000000000003,29.700000000000003,29.700000000000003,30.3,300.0,300.0,31.3,35.300000000000004,29.5,28.8,30.6,4.96,1.99,4.96,0.16,0.0,0.0,1027.0,8228.0,0.0,0.0,0.0,0.0,0.0,1.0,0.0,0.0,0.0,0.0,0.0,-0.7000000000000001,0.0,0.0,0.0,0.0001,16.0,25903.0
2026-07-30T19:00:20.067Z,189.55,189.564,0.0,7.4,0.0,0.0,0.0,0.0,0.0,0.0,0.0,0.0,1.0,0.0,0.0,0.0,9.0,4.0,0.0,0.0,0.0,0.0,0.0,0.0,0.0,0.0,5.0,12.0,1.0,12.17,5.0200000000000005,2.51,1.49,0.0,0.0,0.0,0.4,0.0,0.2,0.6000000000000001,0.4,-169.60000000000002,0.0,0.0,169.60000000000002,0.0,21.700000000000003,29.700000000000003,29.700000000000003,30.3,300.0,300.0,31.3,35.300000000000004,29.5,28.8,30.6,4.96,2.0,4.96,0.16,0.0,0.0,1027.0,8228.0,0.0,0.0,0.0,0.0,0.0,1.0,0.0,0.0,0.0,0.0,0.0,1.0,0.0,-0.3,0.0,0.0001,16.0,25903.0
2026-07-30T19:00:20.079Z,189.562,189.576,0.0,7.4,0.0,0.0,0.0,0.0,0.0,0.0,0.0,0.0,1.0,0.0,0.0,0.0,9.0,4.0,0.0,0.0,0.0,0.0,0.0,0.0,0.0,0.0,6.0,12.0,1.0,12.17,5.0200000000000005,2.51,1.49,0.0,0.0,0.0,0.4,0.0,0.2,0.0,-0.1,-169.60000000000002,0.0,0.0,169.70000000000002,0.0,21.700000000000003,29.700000000000003,29.700000000000003,30.3,300.0,300.0,31.3,35.300000000000004,29.5,28.8,30.6,4.95,1.99,4.96,0.16,0.0,0.0,1027.0,8228.0,0.0,0.0,0.0,0.0,0.0,1.0,0.0,0.0,0.0,0.0,0.0,0.0,0.0,0.0,0.0,0.0001,16.0,25903.0
2026-07-30T19:00:20.091Z,189.574,189.588,0.0,7.4,0.0,0.0,0.0,0.0,0.0,0.0,0.0,0.0,1.0,0.0,0.0,0.0,9.0,4.0,0.0,0.0,0.0,0.0,0.0,0.0,0.0,0.0,1.0,12.0,1.0,12.17,5.0200000000000005,2.51,1.49,0.0,0.0,0.0,0.4,0.0,0.2,0.0,-0.7000000000000001,-169.60000000000002,0.0,0.0,169.70000000000002,0.0,21.700000000000003,29.700000000000003,29.700000000000003,30.3,300.0,300.0,31.3,35.300000000000004,29.5,28.8,30.6,4.95,1.99,4.97,0.16,0.0,0.0,1027.0,8228.0,0.0,0.0,0.0,0.0,0.0,1.0,0.0,0.0,0.0,0.0,0.0,-0.4,0.0,0.6000000000000001,0.0,0.0,16.0,25903.0
2026-07-30T19:00:20.103Z,189.586,189.6,0.0,7.4,0.0,0.0,0.0,0.0,0.0,0.0,0.0,0.0,1.0,0.0,0.0,0.0,9.0,4.0,0.0,0.0,0.0,0.0,0.0,0.0,0.0,0.0,2.0,12.0,1.0,12.17,5.0200000000000005,2.51,1.49,0.0,0.0,0.0,0.4,0.0,-0.9,0.0,-0.1,-169.60000000000002,0.0,0.0,169.60000000000002,0.0,21.700000000000003,29.700000000000003,29.700000000000003,30.3,300.0,300.0,31.3,35.300000000000004,29.5,28.8,30.6,4.96,1.99,4.96,0.16,0.0,0.0,1027.0,8228.0,0.0,0.0,0.0,0.0,0.0,1.0,0.0,0.0,0.0,0.0,0.0,-1.1,0.0,0.5,0.0,0.0,16.0,25903.0
2026-07-30T19:00:20.116Z,189.599,189.612,0.0,7.4,0.0,0.0,0.0,0.0,0.0,0.0,0.0,0.0,1.0,0.0,0.0,0.0,9.0,4.0,0.0,0.0,0.0,0.0,0.0,0.0,0.0,0.0,3.0,12.0,1.0,12.19,5.0200000000000005,2.5,1.5,0.0,0.0,0.0,0.4,0.0,-0.3,0.6000000000000001,-0.6000000000000001,-169.60000000000002,0.0,0.0,169.60000000000002,0.0,21.4,29.700000000000003,29.700000000000003,30.3,300.0,300.0,31.200000000000003,35.300000000000004,29.5,28.8,30.6,4.96,1.99,4.97,0.16,0.0,0.0,1027.0,8228.0,0.0,0.0,0.0,0.0,0.0,1.0,0.0,0.0,0.0,0.0,0.0,1.3,0.0,0.3,0.0,0.0,16.0,25903.0
2026-07-30T19:00:20.127Z,189.61,189.624,0.0,7.4,0.0,0.0,0.0,0.0,0.0,0.0,0.0,0.0,1.0,0.0,0.0,0.0,9.0,4.0,0.0,0.0,0.0,0.0,0.0,0.0,0.0,0.0,4.0,12.0,1.0,12.19,5.0200000000000005,2.5,1.5,0.0,0.0,0.0,0.5,0.0,0.2,0.7000000000000001,1.0,-169.60000000000002,0.0,0.0,169.70000000000002,0.0,21.4,29.700000000000003,29.700000000000003,30.3,300.0,300.0,31.200000000000003,35.300000000000004,29.5,28.8,30.6,4.95,1.99,4.97,0.16,0.0,0.0,1027.0,8228.0,0.0,0.0,0.0,0.0,0.0,1.0,0.0,0.0,0.0,0.0,0.0,-1.0,0.0,0.5,0.0,0.0,16.0,25903.0
2026-07-30T19:00:20.139Z,189.622,189.636,0.0,7.4,0.0,0.0,0.0,0.0,0.0,0.0,0.0,0.0,1.0,0.0,0.0,0.0,9.0,4.0,0.0,0.0,0.0,0.0,0.0,0.0,0.0,0.0,5.0,12.0,1.0,12.19,5.0200000000000005,2.5,1.5,0.0,0.0,0.0,0.4,0.0,-0.3,-1.0,0.4,-169.60000000000002,0.0,0.0,169.60000000000002,0.0,21.4,29.700000000000003,29.700000000000003,30.3,300.0,300.0,31.200000000000003,35.300000000000004,29.5,28.8,30.6,4.96,1.99,4.96,0.16,0.0,0.0,1027.0,8228.0,0.0,0.0,0.0,0.0,0.0,1.0,0.0,0.0,0.0,0.0,0.0,-0.8,0.0,-0.6000000000000001,0.0,0.0,16.0,25903.0
2026-07-30T19:00:20.151Z,189.634,189.648,0.0,7.4,0.0,0.0,0.0,0.0,0.0,0.0,0.0,0.0,1.0,0.0,0.0,0.0,9.0,4.0,0.0,0.0,0.0,0.0,0.0,0.0,0.0,0.0,5.0,12.0,1.0,12.19,5.0200000000000005,2.5,1.5,0.0,0.0,0.0,0.5,0.0,0.8,1.3,1.1,-169.60000000000002,0.0,0.0,169.70000000000002,0.0,21.4,29.700000000000003,29.700000000000003,30.3,300.0,300.0,31.200000000000003,35.300000000000004,29.5,28.8,30.6,4.95,2.0,4.96,0.16,0.0,0.0,1027.0,8228.0,0.0,0.0,0.0,0.0,0.0,1.0,0.0,0.0,0.0,0.0,0.0,2.3000000000000003,0.0,-0.7000000000000001,0.0,0.0001,16.0,25903.0
2026-07-30T19:00:20.164Z,189.647,189.66,0.0,7.4,0.0,0.0,0.0,0.0,0.0,0.0,0.0,0.0,1.0,0.0,0.0,0.0,9.0,4.0,0.0,0.0,0.0,0.0,0.0,0.0,0.0,0.0,1.0,12.0,1.0,12.19,5.0200000000000005,2.5,1.5,0.0,0.0,0.0,0.4,0.0,0.8,1.3,-0.6000000000000001,-169.60000000000002,0.0,0.0,169.60000000000002,0.0,21.4,29.700000000000003,29.700000000000003,30.3,300.0,300.0,31.200000000000003,35.300000000000004,29.5,28.8,30.6,4.95,1.99,4.97,0.16,0.0,0.0,1027.0,8228.0,0.0,0.0,0.0,0.0,0.0,1.0,0.0,0.0,0.0,0.0,0.0,1.0,0.0,0.8,0.0,0.0,16.0,25903.0
2026-07-30T19:00:20.175Z,189.658,189.672,0.0,7.4,0.0,0.0,0.0,0.0,0.0,0.0,0.0,0.0,1.0,0.0,0.0,0.0,9.0,4.0,0.0,0.0,0.0,0.0,0.0,0.0,0.0,0.0,2.0,12.0,1.0,12.19,5.0200000000000005,2.5,1.5,0.0,0.0,0.0,0.4,0.0,0.2,1.3,0.5,-169.60000000000002,0.0,0.0,169.60000000000002,0.0,21.4,29.700000000000003,29.700000000000003,30.3,300.0,300.0,31.200000000000003,35.300000000000004,29.5,28.8,30.6,4.95,2.0,4.97,0.16,0.0,0.0,1027.0,8228.0,0.0,0.0,0.0,0.0,0.0,1.0,0.0,0.0,0.0,0.0,0.0,1.9,0.0,-0.2,0.0,0.0,16.0,25903.0
2026-07-30T19:00:20.187Z,189.67,189.684,0.0,7.4,0.0,0.0,0.0,0.0,0.0,0.0,0.0,0.0,1.0,0.0,0.0,0.0,9.0,4.0,0.0,0.0,0.0,0.0,0.0,0.0,0.0,0.0,3.0,12.0,1.0,12.19,5.0200000000000005,2.5,1.5,0.0,0.0,0.0,0.4,0.0,0.8,0.7000000000000001,0.0,-169.60000000000002,0.0,0.0,169.60000000000002,0.0,21.4,29.700000000000003,29.700000000000003,30.3,300.0,300.0,31.200000000000003,35.300000000000004,29.5,28.8,30.6,4.96,2.0,4.96,0.16,0.0,0.0,1027.0,8228.0,0.0,0.0,0.0,0.0,0.0,1.0,0.0,0.0,0.0,0.0,0.0,0.8,0.0,0.1,0.0,0.0,16.0,25903.0
2026-07-30T19:00:20.199Z,189.682,189.696,0.0,7.4,0.0,0.0,0.0,0.0,0.0,0.0,0.0,0.0,1.0,0.0,0.0,0.0,9.0,4.0,0.0,0.0,0.0,0.0,0.0,0.0,0.0,0.0,4.0,12.0,1.0,12.19,5.0200000000000005,2.5,1.5,0.0,0.0,0.0,0.4,0.0,-0.8,-0.4,0.0,-169.60000000000002,0.0,0.0,169.60000000000002,0.0,21.4,29.700000000000003,29.700000000000003,30.3,300.0,300.0,31.200000000000003,35.300000000000004,29.5,28.8,30.6,4.95,1.99,4.97,0.16,0.0,0.0,1027.0,8228.0,0.0,0.0,0.0,0.0,0.0,1.0,0.0,0.0,0.0,0.0,0.0,-0.5,0.0,0.0,0.0,0.0,16.0,25903.0
2026-07-30T19:00:20.211Z,189.694,189.708,0.0,7.4,0.0,0.0,0.0,0.0,0.0,0.0,0.0,0.0,1.0,0.0,0.0,0.0,9.0,4.0,0.0,0.0,0.0,0.0,0.0,0.0,0.0,0.0,5.0,12.0,1.0,12.19,5.0200000000000005,2.5,1.5,0.0,0.0,0.0,0.4,0.0,-0.3,1.2000000000000002,-1.2000000000000002,-169.60000000000002,0.0,0.0,169.70000000000002,0.0,21.4,29.700000000000003,29.700000000000003,30.3,300.0,300.0,31.200000000000003,35.300000000000004,29.5,28.8,30.6,4.95,1.99,4.97,0.16,0.0,0.0,1027.0,8228.0,0.0,0.0,0.0,0.0,0.0,1.0,0.0,0.0,0.0,0.0,0.0,0.5,0.0,1.3,0.0,0.0,16.0,25903.0
2026-07-30T19:00:20.223Z,189.706,189.72,0.0,7.4,0.0,0.0,0.0,0.0,0.0,0.0,0.0,0.0,1.0,0.0,0.0,0.0,9.0,4.0,0.0,0.0,0.0,0.0,0.0,0.0,0.0,0.0,1.0,12.0,1.0,12.18,5.0200000000000005,2.5,1.49,0.0,0.0,0.0,0.4,0.0,-0.8,0.1,0.5,-169.60000000000002,0.0,0.0,169.70000000000002,0.0,21.4,29.700000000000003,29.700000000000003,30.3,300.0,300.0,31.3,35.2,29.5,28.8,30.6,4.95,2.0,4.97,0.16,0.0,0.0,1027.0,8228.0,0.0,0.0,0.0,0.0,0.0,1.0,0.0,0.0,0.0,0.0,0.0,0.6000000000000001,0.0,-0.4,0.0,0.0002,16.0,25903.0
2026-07-30T19:00:20.235Z,189.718,189.732,0.0,7.4,0.0,0.0,0.0,0.0,0.0,0.0,0.0,0.0,1.0,0.0,0.0,0.0,9.0,4.0,0.0,0.0,0.0,0.0,0.0,0.0,0.0,0.0,2.0,12.0,1.0,12.18,5.0200000000000005,2.5,1.49,0.0,0.0,0.0,0.4,0.0,0.2,0.7000000000000001,0.0,-169.60000000000002,0.0,0.0,169.8,0.0,21.4,29.700000000000003,29.700000000000003,30.3,300.0,300.0,31.3,35.2,29.5,28.8,30.6,4.96,2.0,4.96,0.16,0.0,0.0,1027.0,8228.0,0.0,0.0,0.0,0.0,0.0,1.0,0.0,0.0,0.0,0.0,0.0,0.8,0.0,0.1,0.0,0.0,16.0,25903.0
2026-07-30T19:00:20.247Z,189.73,189.744,0.0,7.4,0.0,0.0,0.0,0.0,0.0,0.0,0.0,0.0,1.0,0.0,0.0,0.0,9.0,4.0,0.0,0.0,0.0,0.0,0.0,0.0,0.0,0.0,4.0,12.0,1.0,12.18,5.0200000000000005,2.5,1.49,0.0,0.0,0.0,0.4,0.0,0.8,-0.4,0.5,-169.60000000000002,0.0,0.0,169.60000000000002,0.0,21.4,29.700000000000003,29.700000000000003,30.3,300.0,300.0,31.3,35.2,29.5,28.8,30.6,4.96,1.99,4.97,0.16,0.0,0.0,1027.0,8228.0,0.0,0.0,0.0,0.0,0.0,1.0,0.0,0.0,0.0,0.0,0.0,-0.1,0.0,-0.5,0.0,0.0,16.0,25903.0
2026-07-30T19:00:20.259Z,189.742,189.756,0.0,7.4,0.0,0.0,0.0,0.0,0.0,0.0,0.0,0.0,1.0,0.0,0.0,0.0,9.0,4.0,0.0,0.0,0.0,0.0,0.0,0.0,0.0,0.0,6.0,12.0,1.0,12.18,5.0200000000000005,2.5,1.49,0.0,0.0,0.0,0.4,0.0,1.3,1.8,1.6,-169.60000000000002,0.0,0.0,169.8,0.0,21.4,29.700000000000003,29.700000000000003,30.3,300.0,300.0,31.3,35.2,29.5,28.8,30.6,4.96,1.99,4.96,0.16,0.0,0.0,1027.0,8228.0,0.0,0.0,0.0,0.0,0.0,1.0,0.0,0.0,0.0,0.0,0.0,3.3000000000000003,0.0,-1.0,0.0,0.0001,16.0,25903.0
2026-07-30T19:00:20.271Z,189.754,189.768,0.0,7.4,0.0,0.0,0.0,0.0,0.0,0.0,0.0,0.0,1.0,0.0,0.0,0.0,9.0,4.0,0.0,0.0,0.0,0.0,0.0,0.0,0.0,0.0,1.0,12.0,1.0,12.18,5.0200000000000005,2.5,1.49,0.0,0.0,0.0,0.4,0.0,0.2,0.1,-0.7000000000000001,-169.60000000000002,0.0,0.0,169.8,0.0,21.4,29.700000000000003,29.700000000000003,30.3,300.0,300.0,31.3,35.2,29.5,28.8,30.6,4.96,1.99,4.96,0.16,0.0,0.0,1027.0,8228.0,0.0,0.0,0.0,0.0,0.0,1.0,0.0,0.0,0.0,0.0,0.0,-0.3,0.0,0.6000000000000001,0.0,0.0001,16.0,25903.0
2026-07-30T19:00:20.283Z,189.766,189.78,0.0,7.4,0.0,0.0,0.0,0.0,0.0,0.0,0.0,0.0,1.0,0.0,0.0,0.0,9.0,4.0,0.0,0.0,0.0,0.0,0.0,0.0,0.0,0.0,2.0,12.0,1.0,12.18,5.0200000000000005,2.5,1.49,0.0,0.1,0.0,0.4,0.0,0.2,-0.4,-0.1,-169.60000000000002,0.0,0.0,169.8,0.0,21.4,29.700000000000003,29.700000000000003,30.3,300.0,300.0,31.3,35.2,29.5,28.8,30.6,4.95,1.99,4.97,0.16,0.0,0.0,1027.0,8228.0,0.0,0.0,0.0,0.0,0.0,1.0,0.0,0.0,0.0,0.0,0.0,-0.5,0.0,0.0,0.0,0.0002,16.0,25903.0
2026-07-30T19:00:20.295Z,189.778,189.792,0.0,7.4,0.0,0.0,0.0,0.0,0.0,0.0,0.0,0.0,1.0,0.0,0.0,0.0,9.0,4.0,0.0,0.0,0.0,0.0,0.0,0.0,0.0,0.0,4.0,12.0,1.0,12.18,5.0200000000000005,2.5,1.49,0.0,0.0,0.0,0.4,0.0,0.8,-0.4,0.4,-169.60000000000002,0.0,0.0,169.8,0.0,21.4,29.700000000000003,29.700000000000003,30.3,300.0,300.0,31.3,35.2,29.5,28.8,30.6,4.96,1.99,4.97,0.16,0.0,0.0,1027.0,8228.0,0.0,0.0,0.0,0.0,0.0,1.0,0.0,0.0,0.0,0.0,0.0,-0.2,0.0,-0.4,0.0,0.0,16.0,25903.0
2026-07-30T19:00:20.307Z,189.79,189.804,0.0,7.4,0.0,0.0,0.0,0.0,0.0,0.0,0.0,0.0,1.0,0.0,0.0,0.0,9.0,4.0,0.0,0.0,0.0,0.0,0.0,0.0,0.0,0.0,5.0,12.0,1.0,12.18,5.0200000000000005,2.5,1.49,0.0,0.0,0.0,0.4,0.0,0.2,0.6000000000000001,-0.2,-169.70000000000002,0.0,0.0,169.8,0.0,21.4,29.700000000000003,29.700000000000003,30.3,300.0,300.0,31.3,35.2,29.5,28.8,30.6,4.96,1.99,4.96,0.16,0.0,0.0,1027.0,8228.0,0.0,0.0,0.0,0.0,0.0,1.0,0.0,0.0,0.0,0.0,0.0,0.6000000000000001,0.0,0.3,0.0,0.0,16.0,25903.0
2026-07-30T19:00:20.320Z,189.803,189.816,0.0,7.4,0.0,0.0,0.0,0.0,0.0,0.0,0.0,0.0,1.0,0.0,0.0,0.0,9.0,4.0,0.0,0.0,0.0,0.0,0.0,0.0,0.0,0.0,6.0,12.0,1.0,12.18,5.0200000000000005,2.51,1.49,0.0,0.0,0.0,0.4,0.0,-0.3,0.1,-0.1,-169.70000000000002,0.0,0.0,169.70000000000002,0.0,21.3,29.700000000000003,29.700000000000003,30.3,300.0,300.0,31.3,35.2,29.5,28.8,30.6,4.95,1.99,4.96,0.16,0.0,0.0,1027.0,8228.0,0.0,0.0,0.0,0.0,0.0,1.0,0.0,0.0,0.0,0.0,0.0,0.0,0.0,0.1,0.0,0.0001,16.0,25903.0
2026-07-30T19:00:20.331Z,189.814,189.828,0.0,7.4,0.0,0.0,0.0,0.0,0.0,0.0,0.0,0.0,1.0,0.0,0.0,0.0,9.0,4.0,0.0,0.0,0.0,0.0,0.0,0.0,0.0,0.0,1.0,12.0,1.0,12.18,5.0200000000000005,2.51,1.49,0.0,0.0,0.0,0.4,0.0,0.2,-1.0,-1.2000000000000002,-169.70000000000002,0.0,0.0,169.8,0.0,21.3,29.700000000000003,29.700000000000003,30.3,300.0,300.0,31.3,35.2,29.5,28.8,30.6,4.95,1.99,4.96,0.16,0.0,0.0,1027.0,8228.0,0.0,0.0,0.0,0.0,0.0,1.0,0.0,0.0,0.0,0.0,0.0,-2.1,0.0,0.9,0.0,0.0001,16.0,25903.0
2026-07-30T19:00:20.353Z,189.836,189.84,0.0,7.4,0.0,0.0,0.0,0.0,0.0,0.0,0.0,0.0,1.0,0.0,0.0,0.0,9.0,4.0,0.0,0.0,0.0,0.0,0.0,0.0,0.0,0.0,2.0,12.0,1.0,12.18,5.0200000000000005,2.51,1.49,0.0,0.0,0.0,0.4,0.0,0.2,-1.0,-0.6000000000000001,-169.70000000000002,0.0,0.0,169.8,0.0,21.3,29.700000000000003,29.700000000000003,30.3,300.0,300.0,31.3,35.2,29.5,28.8,30.6,4.95,2.0,4.96,0.16,0.0,0.0,1027.0,8228.0,0.0,0.0,0.0,0.0,0.0,1.0,0.0,0.0,0.0,0.0,0.0,-1.7000000000000002,0.0,0.3,0.0,0.0002,16.0,25903.0
2026-07-30T19:00:20.357Z,189.84,189.852,0.0,7.4,0.0,0.0,0.0,0.0,0.0,0.0,0.0,0.0,1.0,0.0,0.0,0.0,9.0,4.0,0.0,0.0,0.0,0.0,0.0,0.0,0.0,0.0,6.0,12.0,1.0,12.18,5.0200000000000005,2.51,1.49,0.0,0.0,0.0,0.4,0.0,-0.9,0.6000000000000001,0.5,-169.70000000000002,0.0,0.0,169.70000000000002,0.0,21.3,29.700000000000003,29.700000000000003,30.3,300.0,300.0,31.3,35.2,29.5,28.8,30.6,4.95,1.99,4.97,0.16,0.0,0.0,1027.0,8228.0,0.0,0.0,0.0,0.0,0.0,1.0,0.0,0.0,0.0,0.0,0.0,1.1,0.0,-0.3,0.0,0.0001,16.0,25903.0
2026-07-30T19:00:20.367Z,189.85,189.864,0.0,7.4,0.0,0.0,0.0,0.0,0.0,0.0,0.0,0.0,1.0,0.0,0.0,0.0,9.0,4.0,0.0,0.0,0.0,0.0,0.0,0.0,0.0,0.0,5.0,12.0,1.0,12.18,5.0200000000000005,2.51,1.49,0.0,0.1,0.0,0.4,0.0,0.1,0.0,0.5,-169.70000000000002,0.0,0.0,169.70000000000002,0.0,21.3,29.700000000000003,29.700000000000003,30.3,300.0,300.0,31.3,35.2,29.5,28.8,30.6,4.95,1.99,4.97,0.16,0.0,0.0,1027.0,8228.0,0.0,0.0,0.0,0.0,0.0,1.0,0.0,0.0,0.0,0.0,0.0,0.4,0.0,-0.4,0.0,0.0001,16.0,25903.0
2026-07-30T19:00:20.379Z,189.862,189.876,0.0,7.4,0.0,0.0,0.0,0.0,0.0,0.0,0.0,0.0,1.0,0.0,0.0,0.0,9.0,4.0,0.0,0.0,0.0,0.0,0.0,0.0,0.0,0.0,6.0,12.0,1.0,12.18,5.0200000000000005,2.51,1.49,0.0,0.0,0.0,0.4,0.0,-0.3,-0.5,-0.7000000000000001,-169.70000000000002,0.0,0.0,169.70000000000002,0.0,21.3,29.700000000000003,29.700000000000003,30.3,300.0,300.0,31.3,35.2,29.5,28.8,30.6,4.96,1.99,4.96,0.16,0.0,0.0,1027.0,8228.0,0.0,0.0,0.0,0.0,0.0,1.0,0.0,0.0,0.0,0.0,0.0,-1.1,0.0,0.5,0.0,0.0,16.0,25903.0
2026-07-30T19:00:20.391Z,189.874,189.888,0.0,7.4,0.0,0.0,0.0,0.0,0.0,0.0,0.0,0.0,1.0,0.0,0.0,0.0,9.0,4.0,0.0,0.0,0.0,0.0,0.0,0.0,0.0,0.0,1.0,12.0,1.0,12.18,5.0200000000000005,2.51,1.49,0.0,0.0,0.0,0.4,0.0,0.2,-1.0,-0.6000000000000001,-169.70000000000002,0.0,0.0,169.60000000000002,0.0,21.3,29.700000000000003,29.700000000000003,30.3,300.0,300.0,31.3,35.2,29.5,28.8,30.6,4.95,1.99,4.96,0.16,0.0,0.0,1027.0,8228.0,0.0,0.0,0.0,0.0,0.0,1.0,0.0,0.0,0.0,0.0,0.0,-1.7000000000000002,0.0,0.3,0.0,0.0001,16.0,25903.0
2026-07-30T19:00:20.403Z,189.886,189.9,0.0,7.4,0.0,0.0,0.0,0.0,0.0,0.0,0.0,0.0,1.0,0.0,0.0,0.0,9.0,4.0,0.0,0.0,0.0,0.0,0.0,0.0,0.0,0.0,2.0,12.0,1.0,12.18,5.0200000000000005,2.51,1.49,0.0,0.0,0.0,0.4,0.0,0.2,-1.0,-0.6000000000000001,-169.70000000000002,0.0,0.0,169.70000000000002,0.0,21.3,29.700000000000003,29.700000000000003,30.3,300.0,300.0,31.3,35.2,29.5,28.8,30.6,4.95,1.99,4.97,0.16,0.0,0.0,1027.0,8228.0,0.0,0.0,0.0,0.0,0.0,1.0,0.0,0.0,0.0,0.0,0.0,-1.7000000000000002,0.0,0.3,0.0,0.0001,16.0,25903.0
2026-07-30T19:00:20.415Z,189.898,189.912,0.0,7.4,0.0,0.0,0.0,0.0,0.0,0.0,0.0,0.0,1.0,0.0,0.0,0.0,9.0,4.0,0.0,0.0,0.0,0.0,0.0,0.0,0.0,0.0,4.0,12.0,1.0,12.18,5.0200000000000005,2.51,1.49,0.0,0.0,0.0,0.4,0.0,0.8,1.8,0.5,-169.70000000000002,0.0,0.0,169.60000000000002,0.0,21.3,29.700000000000003,29.700000000000003,30.3,300.0,300.0,31.3,35.2,29.5,28.8,30.6,4.95,1.99,4.97,0.16,0.0,0.0,1027.0,8228.0,0.0,0.0,0.0,0.0,0.0,1.0,0.0,0.0,0.0,0.0,0.0,2.5,0.0,0.0,0.0,0.0,16.0,25903.0
2026-07-30T19:00:20.427Z,189.91,189.924,0.0,7.4,0.0,0.0,0.0,0.0,0.0,0.0,0.0,0.0,1.0,0.0,0.0,0.0,9.0,4.0,0.0,0.0,0.0,0.0,0.0,0.0,0.0,0.0,5.0,12.0,1.0,12.17,5.01,2.51,1.49,0.0,0.0,0.0,0.4,0.0,0.2,-0.4,0.0,-169.70000000000002,0.0,0.0,169.70000000000002,0.0,21.700000000000003,29.700000000000003,29.700000000000003,30.3,300.0,300.0,31.3,35.2,29.5,28.8,30.6,4.95,1.99,4.96,0.16,0.0,0.0,1027.0,8228.0,0.0,0.0,0.0,0.0,0.0,1.0,0.0,0.0,0.0,0.0,0.0,-0.5,0.0,0.0,0.0,0.0,16.0,25903.0
2026-07-30T19:00:20.439Z,189.922,189.936,0.0,7.4,0.0,0.0,0.0,0.0,0.0,0.0,0.0,0.0,1.0,0.0,0.0,0.0,9.0,4.0,0.0,0.0,0.0,0.0,0.0,0.0,0.0,0.0,1.0,12.0,1.0,12.17,5.01,2.51,1.49,0.0,0.0,0.0,0.4,0.0,0.2,0.1,1.7000000000000002,-169.60000000000002,0.0,0.0,169.70000000000002,0.0,21.700000000000003,29.700000000000003,29.700000000000003,30.3,300.0,300.0,31.3,35.2,29.5,28.8,30.6,4.95,1.99,4.97,0.16,0.0,0.0,1027.0,8228.0,0.0,0.0,0.0,0.0,0.0,1.0,0.0,0.0,0.0,0.0,0.0,1.4,0.0,-1.4,0.0,0.0,16.0,25903.0
2026-07-30T19:00:20.451Z,189.934,189.948,0.0,7.4,0.0,0.0,0.0,0.0,0.0,0.0,0.0,0.0,1.0,0.0,0.0,0.0,9.0,4.0,0.0,0.0,0.0,0.0,0.0,0.0,0.0,0.0,2.0,12.0,1.0,12.17,5.01,2.51,1.49,0.0,0.0,0.0,0.4,0.0,0.2,1.3,0.5,-169.60000000000002,0.0,0.0,169.60000000000002,0.0,21.700000000000003,29.700000000000003,29.700000000000003,30.3,300.0,300.0,31.3,35.2,29.5,28.8,30.6,4.95,1.99,4.96,0.16,0.0,0.0,1027.0,8228.0,0.0,0.0,0.0,0.0,0.0,1.0,0.0,0.0,0.0,0.0,0.0,1.9,0.0,-0.2,0.0,0.0,16.0,25903.0
2026-07-30T19:00:20.463Z,189.946,189.96,0.0,7.4,0.0,0.0,0.0,0.0,0.0,0.0,0.0,0.0,1.0,0.0,0.0,0.0,9.0,4.0,0.0,0.0,0.0,0.0,0.0,0.0,0.0,0.0,4.0,12.0,1.0,12.17,5.01,2.51,1.49,0.0,0.0,0.0,0.4,0.0,0.2,0.7000000000000001,0.0,-169.60000000000002,0.0,0.0,169.60000000000002,0.0,21.700000000000003,29.700000000000003,29.700000000000003,30.3,300.0,300.0,31.3,35.2,29.5,28.8,30.6,4.96,1.99,4.96,0.16,0.0,0.0,1027.0,8228.0,0.0,0.0,0.0,0.0,0.0,1.0,0.0,0.0,0.0,0.0,0.0,0.8,0.0,0.1,0.0,0.0,16.0,25903.0
2026-07-30T19:00:20.475Z,189.958,189.972,0.0,7.4,0.0,0.0,0.0,0.0,0.0,0.0,0.0,0.0,1.0,0.0,0.0,0.0,9.0,4.0,0.0,0.0,0.0,0.0,0.0,0.0,0.0,0.0,5.0,12.0,1.0,12.17,5.01,2.51,1.49,0.0,0.0,0.0,0.5,0.0,-0.3,0.1,0.5,-169.60000000000002,0.0,0.0,169.60000000000002,0.0,21.700000000000003,29.700000000000003,29.700000000000003,30.3,300.0,300.0,31.3,35.2,29.5,28.8,30.6,4.95,1.99,4.97,0.16,0.0,0.0,1027.0,8228.0,0.0,0.0,0.0,0.0,0.0,1.0,0.0,0.0,0.0,0.0,0.0,0.6000000000000001,0.0,-0.4,0.0,0.0,16.0,25903.0
2026-07-30T19:00:20.487Z,189.97,189.984,0.0,7.4,0.0,0.0,0.0,0.0,0.0,0.0,0.0,0.0,1.0,0.0,0.0,0.0,9.0,4.0,0.0,0.0,0.0,0.0,0.0,0.0,0.0,0.0,1.0,12.0,1.0,12.17,5.01,2.51,1.49,0.0,0.0,0.0,0.4,0.0,0.2,0.1,0.0,-169.60000000000002,0.0,0.0,169.60000000000002,0.0,21.700000000000003,29.700000000000003,29.700000000000003,30.3,300.0,300.0,31.3,35.2,29.5,28.8,30.6,4.95,1.99,4.96,0.16,0.0,0.0,1027.0,8228.0,0.0,0.0,0.0,0.0,0.0,1.0,0.0,0.0,0.0,0.0,0.0,0.1,0.0,0.0,0.0,0.0,16.0,25903.0
2026-07-30T19:00:20.499Z,189.982,189.996,0.0,7.4,0.0,0.0,0.0,0.0,0.0,0.0,0.0,0.0,1.0,0.0,0.0,0.0,9.0,4.0,0.0,0.0,0.0,0.0,0.0,0.0,0.0,0.0,2.0,12.0,1.0,12.17,5.01,2.51,1.49,0.0,0.0,0.0,0.4,0.0,-0.9,0.1,1.7000000000000002,-169.60000000000002,0.0,0.0,169.70000000000002,0.0,21.700000000000003,29.700000000000003,29.700000000000003,30.3,300.0,300.0,31.3,35.2,29.5,28.8,30.6,4.95,1.99,4.96,0.16,0.0,0.0,1027.0,8228.0,0.0,0.0,0.0,0.0,0.0,1.0,0.0,0.0,0.0,0.0,0.0,1.4,0.0,-1.4,0.0,0.0,16.0,25903.0
2026-07-30T19:00:20.511Z,189.994,190.008,0.0,7.4,0.0,0.0,0.0,0.0,0.0,0.0,0.0,0.0,1.0,0.0,0.0,0.0,9.0,4.0,0.0,0.0,0.0,0.0,0.0,0.0,0.0,0.0,3.0,12.0,1.0,12.17,5.01,2.51,1.49,0.0,0.0,0.0,0.4,0.0,0.8,0.1,-0.6000000000000001,-169.60000000000002,0.0,0.0,169.60000000000002,0.0,21.700000000000003,29.700000000000003,29.700000000000003,30.3,300.0,300.0,31.3,35.2,29.5,28.8,30.6,4.96,1.99,4.96,0.15,0.0,0.0,1027.0,8228.0,0.0,0.0,0.0,0.0,0.0,1.0,0.0,0.0,0.0,0.0,0.0,-0.3,0.0,0.6000000000000001,0.0,0.0,16.0,25903.0
2026-07-30T19:00:20.524Z,190.007,190.02,0.0,7.4,0.0,0.0,0.0,0.0,0.0,0.0,0.0,0.0,1.0,0.0,0.0,0.0,9.0,4.0,0.0,0.0,0.0,0.0,0.0,0.0,0.0,0.0,5.0,12.0,1.0,12.17,5.0200000000000005,2.5,1.5,0.0,0.0,0.0,0.5,0.0,0.8,0.7000000000000001,0.0,-169.60000000000002,0.0,0.0,169.70000000000002,0.0,21.700000000000003,29.700000000000003,29.700000000000003,30.3,300.0,300.0,31.3,35.2,29.5,28.8,30.6,4.95,1.99,4.97,0.16,0.0,0.0,1027.0,8228.0,0.0,0.0,0.0,0.0,0.0,1.0,0.0,0.0,0.0,0.0,0.0,0.7000000000000001,0.0,0.2,0.0,0.0,16.0,25903.0
2026-07-30T19:00:20.535Z,190.018,190.032,0.0,7.4,0.0,0.0,0.0,0.0,0.0,0.0,0.0,0.0,1.0,0.0,0.0,0.0,9.0,4.0,0.0,0.0,0.0,0.0,0.0,0.0,0.0,0.0,6.0,12.0,1.0,12.17,5.0200000000000005,2.5,1.5,0.0,0.0,0.0,0.4,0.0,0.2,0.1,1.0,-169.60000000000002,0.0,0.0,169.70000000000002,0.0,21.700000000000003,29.700000000000003,29.700000000000003,30.3,300.0,300.0,31.3,35.2,29.5,28.8,30.6,4.96,1.99,4.96,0.16,0.0,0.0,1027.0,8228.0,0.0,0.0,0.0,0.0,0.0,1.0,0.0,0.0,0.0,0.0,0.0,1.0,0.0,-0.9,0.0,0.0,16.0,25903.0
2026-07-30T19:00:20.547Z,190.03,190.044,0.0,7.4,0.0,0.0,0.0,0.0,0.0,0.0,0.0,0.0,1.0,0.0,0.0,0.0,9.0,4.0,0.0,0.0,0.0,0.0,0.0,0.0,0.0,0.0,1.0,12.0,1.0,12.17,5.0200000000000005,2.5,1.5,0.0,0.0,0.0,0.4,0.0,0.2,0.1,-0.1,-169.60000000000002,0.0,0.0,169.70000000000002,0.0,21.700000000000003,29.700000000000003,29.700000000000003,30.3,300.0,300.0,31.3,35.2,29.5,28.8,30.6,4.96,2.0,4.96,0.16,0.0,0.0,1027.0,8228.0,0.0,0.0,0.0,0.0,0.0,1.0,0.0,0.0,0.0,0.0,0.0,0.0,0.0,0.1,0.0,0.0001,16.0,25903.0
2026-07-30T19:00:20.559Z,190.042,190.056,0.0,7.4,0.0,0.0,0.0,0.0,0.0,0.0,0.0,0.0,1.0,0.0,0.0,0.0,9.0,4.0,0.0,0.0,0.0,0.0,0.0,0.0,0.0,0.0,2.0,12.0,1.0,12.17,5.0200000000000005,2.5,1.5,0.0,0.0,0.0,0.4,0.0,-0.9,1.3,1.0,-169.60000000000002,0.0,0.0,169.70000000000002,0.0,21.700000000000003,29.700000000000003,29.700000000000003,30.3,300.0,300.0,31.3,35.2,29.5,28.8,30.6,4.95,1.99,4.96,0.16,0.0,0.0,1027.0,8228.0,0.0,0.0,0.0,0.0,0.0,1.0,0.0,0.0,0.0,0.0,0.0,2.3000000000000003,0.0,-0.6000000000000001,0.0,0.0001,16.0,25903.0
2026-07-30T19:00:20.571Z,190.054,190.068,0.0,7.4,0.0,0.0,0.0,0.0,0.0,0.0,0.0,0.0,1.0,0.0,0.0,0.0,9.0,4.0,0.0,0.0,0.0,0.0,0.0,0.0,0.0,0.0,3.0,12.0,1.0,12.17,5.0200000000000005,2.5,1.5,0.0,0.0,0.0,0.4,0.0,-0.3,0.1,-1.3,-169.60000000000002,0.0,0.0,169.70000000000002,0.0,21.700000000000003,29.700000000000003,29.700000000000003,30.3,300.0,300.0,31.3,35.2,29.5,28.8,30.6,4.95,1.99,4.96,0.16,0.0,0.0,1027.0,8228.0,0.0,0.0,0.0,0.0,0.0,1.0,0.0,0.0,0.0,0.0,0.0,-0.7000000000000001,0.0,1.1,0.0,0.0,16.0,25903.0
2026-07-30T19:00:20.583Z,190.066,190.08,0.0,7.4,0.0,0.0,0.0,0.0,0.0,0.0,0.0,0.0,1.0,0.0,0.0,0.0,9.0,4.0,0.0,0.0,0.0,0.0,0.0,0.0,0.0,0.0,5.0,12.0,1.0,12.17,5.0200000000000005,2.5,1.5,0.0,0.1,0.0,0.4,0.0,0.2,-1.0,-0.7000000000000001,-169.60000000000002,0.0,0.0,169.70000000000002,0.0,21.700000000000003,29.700000000000003,29.700000000000003,30.3,300.0,300.0,31.3,35.2,29.5,28.8,30.6,4.96,1.99,4.96,0.16,0.0,0.0,1027.0,8228.0,0.0,0.0,0.0,0.0,0.0,1.0,0.0,0.0,0.0,0.0,0.0,-1.7000000000000002,0.0,0.4,0.0,0.0,16.0,25903.0
2026-07-30T19:00:20.595Z,190.078,190.092,0.0,7.4,0.0,0.0,0.0,0.0,0.0,0.0,0.0,0.0,1.0,0.0,0.0,0.0,9.0,4.0,0.0,0.0,0.0,0.0,0.0,0.0,0.0,0.0,5.0,12.0,1.0,12.17,5.0200000000000005,2.5,1.5,0.0,0.1,0.0,0.4,0.0,0.2,0.7000000000000001,0.4,-169.60000000000002,0.0,0.0,169.70000000000002,0.0,21.700000000000003,29.700000000000003,29.700000000000003,30.3,300.0,300.0,31.3,35.2,29.5,28.8,30.6,4.96,1.99,4.97,0.16,0.0,0.0,1027.0,8228.0,0.0,0.0,0.0,0.0,0.0,1.0,0.0,0.0,0.0,0.0,0.0,1.1,0.0,-0.2,0.0,0.0001,16.0,25903.0
2026-07-30T19:00:20.607Z,190.09,190.104,0.0,7.4,0.0,0.0,0.0,0.0,0.0,0.0,0.0,0.0,1.0,0.0,0.0,0.0,9.0,4.0,0.0,0.0,0.0,0.0,0.0,0.0,0.0,0.0,6.0,12.0,1.0,12.17,5.0200000000000005,2.5,1.5,0.0,0.0,0.0,0.4,0.0,0.2,0.7000000000000001,0.9,-169.60000000000002,0.0,0.0,169.60000000000002,0.0,21.700000000000003,29.700000000000003,29.700000000000003,30.3,300.0,300.0,31.3,35.2,29.5,28.8,30.6,4.95,2.0,4.97,0.16,0.0,0.0,1027.0,8228.0,0.0,0.0,0.0,0.0,0.0,1.0,0.0,0.0,0.0,0.0,0.0,1.5,0.0,-0.6000000000000001,0.0,0.0001,16.0,25903.0
2026-07-30T19:00:20.619Z,190.102,190.116,0.0,7.4,0.0,0.0,0.0,0.0,0.0,0.0,0.0,0.0,1.0,0.0,0.0,0.0,9.0,4.0,0.0,0.0,0.0,0.0,0.0,0.0,0.0,0.0,1.0,12.0,1.0,12.17,5.0200000000000005,2.5,1.5,0.0,0.0,0.0,0.4,0.0,-0.3,1.3,0.3,-169.60000000000002,0.0,0.0,169.60000000000002,0.0,21.700000000000003,29.700000000000003,29.700000000000003,30.3,300.0,300.0,31.3,35.2,29.5,28.8,30.6,4.96,2.0,4.96,0.16,0.0,0.0,1027.0,8228.0,0.0,0.0,0.0,0.0,0.0,1.0,0.0,0.0,0.0,0.0,0.0,-0.8,0.0,-0.5,0.0,0.0001,16.0,25903.0
2026-07-30T19:00:20.632Z,190.115,190.128,0.0,7.4,0.0,0.0,0.0,0.0,0.0,0.0,0.0,0.0,1.0,0.0,0.0,0.0,9.0,4.0,0.0,0.0,0.0,0.0,0.0,0.0,0.0,0.0,2.0,12.0,1.0,12.15,5.01,2.51,1.49,0.0,0.0,0.0,0.4,0.0,-0.3,0.1,-1.3,-169.60000000000002,0.0,0.0,169.60000000000002,0.0,21.9,29.700000000000003,29.700000000000003,30.3,300.0,300.0,31.3,35.2,29.5,28.8,30.6,4.95,2.0,4.97,0.16,0.0,0.0,1027.0,8228.0,0.0,0.0,0.0,0.0,0.0,1.0,0.0,0.0,0.0,0.0,0.0,1.5,0.0,-0.6000000000000001,0.0,0.0,16.0,25903.0
2026-07-30T19:00:20.644Z,190.127,190.14,0.0,7.4,0.0,0.0,0.0,0.0,0.0,0.0,0.0,0.0,1.0,0.0,0.0,0.0,9.0,4.0,0.0,0.0,0.0,0.0,0.0,0.0,0.0,0.0,4.0,12.0,1.0,12.15,5.01,2.51,1.49,0.0,0.1,0.0,0.4,0.0,-0.3,1.2000000000000002,-0.1,-169.60000000000002,0.0,0.0,169.70000000000002,0.0,21.9,29.700000000000003,29.700000000000003,30.3,300.0,300.0,31.3,35.2,29.5,28.8,30.6,4.95,1.99,4.97,0.16,0.0,0.0,1027.0,8228.0,0.0,0.0,0.0,0.0,0.0,1.0,0.0,0.0,0.0,0.0,0.0,0.6000000000000001,0.0,0.3,0.0,0.0,16.0,25903.0
2026-07-30T19:00:20.655Z,190.138,190.152,0.0,7.4,0.0,0.0,0.0,0.0,0.0,0.0,0.0,0.0,1.0,0.0,0.0,0.0,9.0,4.0,0.0,0.0,0.0,0.0,0.0,0.0,0.0,0.0,4.0,12.0,1.0,12.15,5.01,2.51,1.49,0.0,0.0,0.0,0.4,0.0,-0.3,0.7000000000000001,-0.7000000000000001,-169.60000000000002,0.0,0.0,169.70000000000002,0.0,21.9,29.700000000000003,29.700000000000003,30.3,300.0,300.0,31.3,35.2,29.5,28.8,30.6,4.96,1.99,4.97,0.16,0.0,0.0,1027.0,8228.0,0.0,0.0,0.0,0.0,0.0,1.0,0.0,0.0,0.0,0.0,0.0,0.2,0.0,0.8,0.0,0.0001,16.0,25903.0
2026-07-30T19:00:20.672Z,190.155,190.164,0.0,7.4,0.0,0.0,0.0,0.0,0.0,0.0,0.0,0.0,1.0,0.0,0.0,0.0,9.0,4.0,0.0,0.0,0.0,0.0,0.0,0.0,0.0,0.0,5.0,12.0,1.0,12.15,5.01,2.51,1.49,0.0,0.0,0.0,0.4,0.0,0.2,0.1,0.3,-169.60000000000002,0.0,0.0,169.8,0.0,21.9,29.700000000000003,29.700000000000003,30.3,300.0,300.0,31.3,35.2,29.5,28.8,30.6,4.96,1.99,4.96,0.16,0.0,0.0,1027.0,8228.0,0.0,0.0,0.0,0.0,0.0,1.0,0.0,0.0,0.0,0.0,0.0,0.3,0.0,-0.2,0.0,0.0,16.0,25903.0
2026-07-30T19:00:20.679Z,190.162,190.176,0.0,7.4,0.0,0.0,0.0,0.0,0.0,0.0,0.0,0.0,1.0,0.0,0.0,0.0,9.0,4.0,0.0,0.0,0.0,0.0,0.0,0.0,0.0,0.0,3.0,12.0,1.0,12.15,5.01,2.51,1.49,0.0,0.0,0.0,0.4,0.0,0.7000000000000001,0.1,-0.1,-169.60000000000002,0.0,0.0,169.60000000000002,0.0,21.9,29.700000000000003,29.700000000000003,30.3,300.0,300.0,31.3,35.2,29.5,28.8,30.6,4.95,1.99,4.97,0.16,0.0,0.0,1027.0,8228.0,0.0,0.0,0.0,0.0,0.0,1.0,0.0,0.0,0.0,0.0,0.0,0.0,0.0,0.1,0.0,0.0001,16.0,25903.0
2026-07-30T19:00:20.691Z,190.174,190.188,0.0,7.4,0.0,0.0,0.0,0.0,0.0,0.0,0.0,0.0,1.0,0.0,0.0,0.0,9.0,4.0,0.0,0.0,0.0,0.0,0.0,0.0,0.0,0.0,3.0,12.0,1.0,12.15,5.01,2.51,1.49,0.0,0.0,0.0,0.4,0.0,-0.3,0.1,-0.1,-169.60000000000002,0.0,0.0,169.70000000000002,0.0,21.9,29.700000000000003,29.700000000000003,30.3,300.0,300.0,31.3,35.2,29.5,28.8,30.6,4.95,1.99,4.96,0.16,0.0,0.0,1027.0,8228.0,0.0,0.0,0.0,0.0,0.0,1.0,0.0,0.0,0.0,0.0,0.0,0.0,0.0,0.1,0.0,0.0001,16.0,25903.0
2026-07-30T19:00:20.703Z,190.186,190.2,0.0,7.4,0.0,0.0,0.0,0.0,0.0,0.0,0.0,0.0,1.0,0.0,0.0,0.0,9.0,4.0,0.0,0.0,0.0,0.0,0.0,0.0,0.0,0.0,4.0,12.0,1.0,12.15,5.01,2.51,1.49,0.0,0.0,0.0,0.4,0.0,0.2,1.2000000000000002,-0.7000000000000001,-169.60000000000002,0.0,0.0,169.60000000000002,0.0,21.9,29.700000000000003,29.700000000000003,30.3,300.0,300.0,31.3,35.2,29.5,28.8,30.6,4.96,2.0,4.96,0.16,0.0,0.0,1027.0,8228.0,0.0,0.0,0.0,0.0,0.0,1.0,0.0,0.0,0.0,0.0,0.0,0.8,0.0,0.9,0.0,0.0,16.0,25903.0
2026-07-30T19:00:20.715Z,190.198,190.212,0.0,7.4,0.0,0.0,0.0,0.0,0.0,0.0,0.0,0.0,1.0,0.0,0.0,0.0,9.0,4.0,0.0,0.0,0.0,0.0,0.0,0.0,0.0,0.0,6.0,12.0,1.0,12.15,5.01,2.51,1.49,0.0,0.0,0.0,0.4,0.0,-0.3,0.1,0.4,-169.60000000000002,0.0,0.0,169.60000000000002,0.0,21.9,29.700000000000003,29.700000000000003,30.3,300.0,300.0,31.3,35.2,29.5,28.8,30.6,4.95,2.0,4.96,0.16,0.0,0.0,1027.0,8228.0,0.0,0.0,0.0,0.0,0.0,1.0,0.0,0.0,0.0,0.0,0.0,0.4,0.0,-0.3,0.0,0.0,16.0,25903.0
2026-07-30T19:00:20.728Z,190.211,190.224,0.0,7.4,0.0,0.0,0.0,0.0,0.0,0.0,0.0,0.0,1.0,0.0,0.0,0.0,9.0,4.0,0.0,0.0,0.0,0.0,0.0,0.0,0.0,0.0,5.0,12.0,1.0,12.17,5.0200000000000005,2.51,1.49,0.0,0.0,0.0,0.4,0.0,-0.3,-0.4,-0.8,-169.60000000000002,0.0,0.0,169.70000000000002,0.0,21.3,29.700000000000003,29.700000000000003,30.3,300.0,300.0,31.3,35.2,29.5,28.8,30.6,4.96,1.99,4.97,0.16,0.0,0.0,1027.0,8228.0,0.0,0.0,0.0,0.0,0.0,1.0,0.0,0.0,0.0,0.0,0.0,-1.1,0.0,0.6000000000000001,0.0,0.0,16.0,25903.0
2026-07-30T19:00:20.739Z,190.222,190.236,0.0,7.4,0.0,0.0,0.0,0.0,0.0,0.0,0.0,0.0,1.0,0.0,0.0,0.0,9.0,4.0,0.0,0.0,0.0,0.0,0.0,0.0,0.0,0.0,1.0,12.0,1.0,12.17,5.0200000000000005,2.51,1.49,0.0,0.0,0.0,0.4,0.0,-0.3,0.1,-0.2,-169.60000000000002,0.0,0.0,169.60000000000002,0.0,21.3,29.700000000000003,29.700000000000003,30.3,300.0,300.0,31.3,35.2,29.5,28.8,30.6,4.96,1.99,4.96,0.16,0.0,0.0,1027.0,8228.0,0.0,0.0,0.0,0.0,0.0,1.0,0.0,0.0,0.0,0.0,0.0,0.0,0.0,0.2,0.0,0.0,16.0,25903.0
2026-07-30T19:00:20.751Z,190.234,190.248,0.0,7.4,0.0,0.0,0.0,0.0,0.0,0.0,0.0,0.0,1.0,0.0,0.0,0.0,9.0,4.0,0.0,0.0,0.0,0.0,0.0,0.0,0.0,0.0,2.0,12.0,1.0,12.17,5.0200000000000005,2.51,1.49,0.0,0.0,0.0,0.4,0.0,-0.9,0.1,-0.8,-169.60000000000002,0.0,0.0,169.60000000000002,0.0,21.3,29.700000000000003,29.700000000000003,30.3,300.0,300.0,31.3,35.2,29.5,28.8,30.6,4.96,1.99,4.96,0.16,0.0,0.0,1027.0,8228.0,0.0,0.0,0.0,0.0,0.0,1.0,0.0,0.0,0.0,0.0,0.0,-0.4,0.0,0.7000000000000001,0.0,0.0,16.0,25903.0
2026-07-30T19:00:20.763Z,190.246,190.26,0.0,7.4,0.0,0.0,0.0,0.0,0.0,0.0,0.0,0.0,1.0,0.0,0.0,0.0,9.0,4.0,0.0,0.0,0.0,0.0,0.0,0.0,0.0,0.0,2.0,12.0,1.0,12.17,5.0200000000000005,2.51,1.49,0.0,0.0,0.0,0.4,0.0,0.8,-1.0,-1.4,-169.60000000000002,0.0,0.0,169.60000000000002,0.0,21.3,29.700000000000003,29.700000000000003,30.3,300.0,300.0,31.3,35.2,29.5,28.8,30.6,4.95,1.99,4.96,0.16,0.0,0.0,1027.0,8228.0,0.0,0.0,0.0,0.0,0.0,1.0,0.0,0.0,0.0,0.0,0.0,-2.2,0.0,1.0,0.0,0.0,16.0,25903.0
2026-07-30T19:00:20.775Z,190.258,190.272,0.0,7.4,0.0,0.0,0.0,0.0,0.0,0.0,0.0,0.0,1.0,0.0,0.0,0.0,9.0,4.0,0.0,0.0,0.0,0.0,0.0,0.0,0.0,0.0,3.0,12.0,1.0,12.17,5.0200000000000005,2.51,1.49,0.0,0.1,0.0,0.4,0.0,1.3,-1.0,-0.2,-169.60000000000002,0.0,0.0,169.70000000000002,0.0,21.3,29.700000000000003,29.700000000000003,30.3,300.0,300.0,31.3,35.2,29.5,28.8,30.6,4.95,1.99,4.96,0.16,0.0,0.0,1027.0,8228.0,0.0,0.0,0.0,0.0,0.0,1.0,0.0,0.0,0.0,0.0,0.0,-1.3,0.0,0.0,0.0,0.0,16.0,25903.0
2026-07-30T19:00:20.787Z,190.27,190.284,0.0,7.4,0.0,0.0,0.0,0.0,0.0,0.0,0.0,0.0,1.0,0.0,0.0,0.0,9.0,4.0,0.0,0.0,0.0,0.0,0.0,0.0,0.0,0.0,4.0,12.0,1.0,12.17,5.0200000000000005,2.51,1.49,0.0,0.0,0.0,0.4,0.0,-0.9,0.1,0.3,-169.60000000000002,0.0,0.0,169.60000000000002,0.0,21.3,29.700000000000003,29.700000000000003,30.3,300.0,300.0,31.3,35.2,29.5,28.8,30.6,4.95,2.0,4.97,0.16,0.0,0.0,1027.0,8228.0,0.0,0.0,0.0,0.0,0.0,1.0,0.0,0.0,0.0,0.0,0.0,0.3,0.0,-0.2,0.0,0.0,16.0,25903.0
2026-07-30T19:00:20.799Z,190.282,190.296,0.0,7.4,0.0,0.0,0.0,0.0,0.0,0.0,0.0,0.0,1.0,0.0,0.0,0.0,9.0,4.0,0.0,0.0,0.0,0.0,0.0,0.0,0.0,0.0,5.0,12.0,1.0,12.17,5.0200000000000005,2.51,1.49,0.0,0.0,0.0,0.4,0.0,-0.9,0.6000000000000001,-1.3,-169.60000000000002,0.0,0.0,169.70000000000002,0.0,21.3,29.700000000000003,29.700000000000003,30.3,300.0,300.0,31.3,35.2,29.5,28.8,30.6,4.95,1.99,4.97,0.16,0.0,0.0,1027.0,8228.0,0.0,0.0,0.0,0.0,0.0,1.0,0.0,0.0,0.0,0.0,0.0,-0.2,0.0,1.3,0.0,0.0,16.0,25903.0
2026-07-30T19:00:20.811Z,190.294,190.308,0.0,7.4,0.0,0.0,0.0,0.0,0.0,0.0,0.0,0.0,1.0,0.0,0.0,0.0,9.0,4.0,0.0,0.0,0.0,0.0,0.0,0.0,0.0,0.0,1.0,12.0,1.0,12.17,5.0200000000000005,2.51,1.49,0.0,0.0,0.0,0.4,0.0,-0.4,-1.1,-0.8,-169.60000000000002,0.0,0.0,169.60000000000002,0.0,21.3,29.700000000000003,29.700000000000003,30.3,300.0,300.0,31.3,35.2,29.5,28.8,30.6,4.96,1.99,4.96,0.16,0.0,0.0,1027.0,8228.0,0.0,0.0,0.0,0.0,0.0,1.0,0.0,0.0,0.0,0.0,0.0,-1.8,0.0,0.5,0.0,0.0,16.0,25903.0
2026-07-30T19:00:20.823Z,190.306,190.32,0.0,7.4,0.0,0.0,0.0,0.0,0.0,0.0,0.0,0.0,1.0,0.0,0.0,0.0,9.0,4.0,0.0,0.0,0.0,0.0,0.0,0.0,0.0,0.0,2.0,12.0,1.0,12.17,5.0200000000000005,2.51,1.49,0.0,0.0,0.0,0.4,0.0,0.1,-0.5,-1.4,-169.60000000000002,0.0,0.0,169.60000000000002,0.0,21.3,29.700000000000003,29.700000000000003,30.3,300.0,300.0,31.3,35.2,29.5,28.8,30.6,4.96,1.99,4.96,0.16,0.0,0.0,1027.0,8228.0,0.0,0.0,0.0,0.0,0.0,1.0,0.0,0.0,0.0,0.0,0.0,-1.7000000000000002,0.0,1.1,0.0,0.0,16.0,25903.0
2026-07-30T19:00:20.835Z,190.318,190.332,0.0,7.4,0.0,0.0,0.0,0.0,0.0,0.0,0.0,0.0,1.0,0.0,0.0,0.0,9.0,4.0,0.0,0.0,0.0,0.0,0.0,0.0,0.0,0.0,4.0,12.0,1.0,12.14,5.01,2.5,1.49,0.0,0.0,0.0,0.4,0.0,-0.4,1.8,0.3,-169.60000000000002,0.0,0.0,169.70000000000002,0.0,21.4,29.700000000000003,29.700000000000003,30.3,300.0,300.0,31.4,35.2,29.5,28.8,30.6,4.96,1.99,4.97,0.16,0.0,0.0,1027.0,8228.0,0.0,0.0,0.0,0.0,0.0,1.0,0.0,0.0,0.0,0.0,0.0,2.3000000000000003,0.0,0.0,0.0,0.0,16.0,25903.0
2026-07-30T19:00:20.847Z,190.33,190.344,0.0,7.4,0.0,0.0,0.0,0.0,0.0,0.0,0.0,0.0,1.0,0.0,0.0,0.0,9.0,4.0,0.0,0.0,0.0,0.0,0.0,0.0,0.0,0.0,5.0,12.0,1.0,12.14,5.01,2.5,1.49,0.0,0.0,0.0,0.4,0.0,0.1,1.2000000000000002,-0.2,-169.60000000000002,0.0,0.0,169.60000000000002,0.0,21.4,29.700000000000003,29.700000000000003,30.3,300.0,300.0,31.4,35.2,29.5,28.8,30.6,4.95,1.99,4.97,0.16,0.0,0.0,1027.0,8228.0,0.0,0.0,0.0,0.0,0.0,1.0,0.0,0.0,0.0,0.0,0.0,1.1,0.0,0.5,0.0,0.0,16.0,25903.0
2026-07-30T19:00:20.859Z,190.342,190.356,0.0,7.4,0.0,0.0,0.0,0.0,0.0,0.0,0.0,0.0,1.0,0.0,0.0,0.0,9.0,4.0,0.0,0.0,0.0,0.0,0.0,0.0,0.0,0.0,1.0,12.0,1.0,12.14,5.01,2.5,1.49,0.0,0.0,0.0,0.5,0.0,-0.4,-1.6,-1.3,-169.60000000000002,0.0,0.0,169.70000000000002,0.0,21.4,29.700000000000003,29.700000000000003,30.3,300.0,300.0,31.4,35.2,29.5,28.8,30.6,4.96,1.99,4.96,0.16,0.0,0.0,1027.0,8228.0,0.0,0.0,0.0,0.0,0.0,1.0,0.0,0.0,0.0,0.0,0.0,-2.9000000000000004,0.0,0.8,0.0,0.0001,16.0,25903.0
2026-07-30T19:00:20.871Z,190.354,190.368,0.0,7.4,0.0,0.0,0.0,0.0,0.0,0.0,0.0,0.0,1.0,0.0,0.0,0.0,9.0,4.0,0.0,0.0,0.0,0.0,0.0,0.0,0.0,0.0,2.0,12.0,1.0,12.14,5.01,2.5,1.49,0.0,0.1,0.0,0.4,0.0,0.1,-0.5,0.9,-169.60000000000002,0.0,0.0,169.60000000000002,0.0,21.4,29.700000000000003,29.700000000000003,30.3,300.0,300.0,31.4,35.2,29.5,28.8,30.6,4.95,1.99,4.97,0.16,0.0,0.0,1027.0,8228.0,0.0,0.0,0.0,0.0,0.0,1.0,0.0,0.0,0.0,0.0,0.0,0.1,0.0,-0.9,0.0,0.0,16.0,25903.0
2026-07-30T19:00:20.883Z,190.366,190.38,0.0,7.4,0.0,0.0,0.0,0.0,0.0,0.0,0.0,0.0,1.0,0.0,0.0,0.0,9.0,4.0,0.0,0.0,0.0,0.0,0.0,0.0,0.0,0.0,4.0,12.0,1.0,12.14,5.01,2.5,1.49,0.0,0.1,0.0,0.4,0.0,-0.3,0.6000000000000001,-1.3,-169.60000000000002,0.0,0.0,169.70000000000002,0.0,21.4,29.700000000000003,29.700000000000003,30.3,300.0,300.0,31.4,35.2,29.5,28.8,30.6,4.95,1.99,4.97,0.16,0.0,0.0,1027.0,8228.0,0.0,0.0,0.0,0.0,0.0,1.0,0.0,0.0,0.0,0.0,0.0,-0.3,0.0,1.3,0.0,0.0,16.0,25903.0
2026-07-30T19:00:20.895Z,190.378,190.392,0.0,7.4,0.0,0.0,0.0,0.0,0.0,0.0,0.0,0.0,1.0,0.0,0.0,0.0,9.0,4.0,0.0,0.0,0.0,0.0,0.0,0.0,0.0,0.0,5.0,12.0,1.0,12.14,5.01,2.5,1.49,0.0,0.0,0.0,0.4,0.0,-0.3,-1.0,-1.3,-169.60000000000002,0.0,0.0,169.60000000000002,0.0,21.4,29.700000000000003,29.700000000000003,30.3,300.0,300.0,31.4,35.2,29.5,28.8,30.6,4.95,2.0,4.97,0.16,0.0,0.0,1027.0,8228.0,0.0,0.0,0.0,0.0,0.0,1.0,0.0,0.0,0.0,0.0,0.0,-2.2,0.0,0.9,0.0,0.0,16.0,25903.0
2026-07-30T19:00:20.907Z,190.39,190.404,0.0,7.4,0.0,0.0,0.0,0.0,0.0,0.0,0.0,0.0,1.0,0.0,0.0,0.0,9.0,4.0,0.0,0.0,0.0,0.0,0.0,0.0,0.0,0.0,1.0,12.0,1.0,12.14,5.01,2.5,1.49,0.0,0.0,0.0,0.5,0.0,0.2,0.1,0.4,-169.60000000000002,0.0,0.0,169.60000000000002,0.0,21.4,29.700000000000003,29.700000000000003,30.3,300.0,300.0,31.4,35.2,29.5,28.8,30.6,4.95,2.0,4.96,0.16,0.0,0.0,1027.0,8228.0,0.0,0.0,0.0,0.0,0.0,1.0,0.0,0.0,0.0,0.0,0.0,0.4,0.0,-0.3,0.0,0.0,16.0,25903.0
2026-07-30T19:00:20.919Z,190.402,190.416,0.0,7.4,0.0,0.0,0.0,0.0,0.0,0.0,0.0,0.0,1.0,0.0,0.0,0.0,9.0,4.0,0.0,0.0,0.0,0.0,0.0,0.0,0.0,0.0,2.0,12.0,1.0,12.14,5.01,2.5,1.49,0.0,0.0,0.0,0.4,0.0,0.2,0.0,-0.1,-169.60000000000002,0.0,0.0,169.70000000000002,0.0,21.4,29.700000000000003,29.700000000000003,30.3,300.0,300.0,31.4,35.2,29.5,28.8,30.6,4.95,1.99,4.97,0.16,0.0,0.0,1027.0,8228.0,0.0,0.0,0.0,0.0,0.0,1.0,0.0,0.0,0.0,0.0,0.0,0.0,0.0,0.1,0.0,0.0,16.0,25903.0
2026-07-30T19:00:20.932Z,190.415,190.428,0.0,7.4,0.0,0.0,0.0,0.0,0.0,0.0,0.0,0.0,1.0,0.0,0.0,0.0,9.0,4.0,0.0,0.0,0.0,0.0,0.0,0.0,0.0,0.0,4.0,12.0,1.0,12.18,5.0200000000000005,2.5,1.49,0.0,0.0,0.0,0.4,0.0,0.2,0.0,0.4,-169.60000000000002,0.0,0.0,169.70000000000002,0.0,21.3,29.700000000000003,29.700000000000003,30.3,300.0,300.0,31.3,35.300000000000004,29.5,28.8,30.6,4.95,1.99,4.97,0.16,0.0,0.0,1027.0,8228.0,0.0,0.0,0.0,0.0,0.0,1.0,0.0,0.0,0.0,0.0,0.0,0.4,0.0,-0.3,0.0,0.0001,16.0,25903.0
2026-07-30T19:00:20.943Z,190.426,190.44,0.0,7.4,0.0,0.0,0.0,0.0,0.0,0.0,0.0,0.0,1.0,0.0,0.0,0.0,9.0,4.0,0.0,0.0,0.0,0.0,0.0,0.0,0.0,0.0,5.0,12.0,1.0,12.18,5.0200000000000005,2.5,1.49,0.0,0.1,0.0,0.4,0.0,0.2,0.0,-0.1,-169.60000000000002,0.0,0.0,169.70000000000002,0.0,21.3,29.700000000000003,29.700000000000003,30.3,300.0,300.0,31.3,35.300000000000004,29.5,28.8,30.6,4.96,1.99,4.97,0.16,0.0,0.0,1027.0,8228.0,0.0,0.0,0.0,0.0,0.0,1.0,0.0,0.0,0.0,0.0,0.0,0.0,0.0,0.1,0.0,0.0,16.0,25903.0
2026-07-30T19:00:20.955Z,190.438,190.452,0.0,7.4,0.0,0.0,0.0,0.0,0.0,0.0,0.0,0.0,1.0,0.0,0.0,0.0,9.0,4.0,0.0,0.0,0.0,0.0,0.0,0.0,0.0,0.0,1.0,12.0,1.0,12.18,5.0200000000000005,2.5,1.49,0.0,0.1,0.0,0.5,0.0,0.2,1.2000000000000002,-0.6000000000000001,-169.60000000000002,0.0,0.0,169.60000000000002,0.0,21.3,29.700000000000003,29.700000000000003,30.3,300.0,300.0,31.3,35.300000000000004,29.5,28.8,30.6,4.95,1.99,4.97,0.16,0.0,0.0,1027.0,8228.0,0.0,0.0,0.0,0.0,0.0,1.0,0.0,0.0,0.0,0.0,0.0,0.9,0.0,0.8,0.0,0.0,16.0,25903.0
2026-07-30T19:00:20.967Z,190.45,190.464,0.0,7.4,0.0,0.0,0.0,0.0,0.0,0.0,0.0,0.0,1.0,0.0,0.0,0.0,9.0,4.0,0.0,0.0,0.0,0.0,0.0,0.0,0.0,0.0,2.0,12.0,1.0,12.18,5.0200000000000005,2.5,1.49,0.0,0.0,0.0,0.4,0.0,-0.8,-1.1,0.4,-169.60000000000002,0.0,0.0,169.8,0.0,21.3,29.700000000000003,29.700000000000003,30.3,300.0,300.0,31.3,35.300000000000004,29.5,28.8,30.6,4.95,1.99,4.97,0.16,0.0,0.0,1027.0,8228.0,0.0,0.0,0.0,0.0,0.0,1.0,0.0,0.0,0.0,0.0,0.0,-0.9,0.0,-0.6000000000000001,0.0,0.0,16.0,25903.0
2026-07-30T19:00:20.991Z,190.474,190.476,0.0,7.4,0.0,0.0,0.0,0.0,0.0,0.0,0.0,0.0,1.0,0.0,0.0,0.0,9.0,4.0,0.0,0.0,0.0,0.0,0.0,0.0,0.0,0.0,4.0,12.0,1.0,12.18,5.0200000000000005,2.5,1.49,0.0,0.0,0.0,0.4,0.0,-0.3,0.0,-0.7000000000000001,-169.60000000000002,0.0,0.0,169.60000000000002,0.0,21.3,29.700000000000003,29.700000000000003,30.3,300.0,300.0,31.3,35.300000000000004,29.5,28.8,30.6,4.95,1.99,4.96,0.16,0.0,0.0,1027.0,8228.0,0.0,0.0,0.0,0.0,0.0,1.0,0.0,0.0,0.0,0.0,0.0,-0.5,0.0,0.6000000000000001,0.0,0.0002,16.0,25903.0
2026-07-30T19:00:20.993Z,190.476,190.488,0.0,7.4,0.0,0.0,0.0,0.0,0.0,0.0,0.0,0.0,1.0,0.0,0.0,0.0,9.0,4.0,0.0,0.0,0.0,0.0,0.0,0.0,0.0,0.0,3.0,12.0,1.0,12.18,5.0200000000000005,2.5,1.49,0.0,0.1,0.0,0.4,0.0,0.2,0.6000000000000001,0.4,-169.60000000000002,0.0,0.0,169.70000000000002,0.0,21.3,29.700000000000003,29.700000000000003,30.3,300.0,300.0,31.3,35.300000000000004,29.5,28.8,30.6,4.96,1.99,4.96,0.16,0.0,0.0,1027.0,8228.0,0.0,0.0,0.0,0.0,0.0,1.0,0.0,0.0,0.0,0.0,0.0,1.0,0.0,-0.2,0.0,0.0001,16.0,25903.0
2026-07-30T19:00:21.003Z,190.486,190.5,0.0,7.4,0.0,0.0,0.0,0.0,0.0,0.0,0.0,0.0,1.0,0.0,0.0,0.0,9.0,4.0,0.0,0.0,0.0,0.0,0.0,0.0,0.0,0.0,3.0,12.0,1.0,12.18,5.0200000000000005,2.5,1.49,0.0,0.0,0.0,0.4,0.0,-0.3,0.6000000000000001,-0.1,-169.60000000000002,0.0,0.0,169.70000000000002,0.0,21.3,29.700000000000003,29.700000000000003,30.3,300.0,300.0,31.3,35.300000000000004,29.5,28.8,30.6,4.95,1.99,4.97,0.16,0.0,0.0,1027.0,8228.0,0.0,0.0,0.0,0.0,0.0,1.0,0.0,0.0,0.0,0.0,0.0,0.6000000000000001,0.0,0.2,0.0,0.0,16.0,25903.0
2026-07-30T19:00:21.015Z,190.498,190.512,0.0,7.4,0.0,0.0,0.0,0.0,0.0,0.0,0.0,0.0,1.0,0.0,0.0,0.0,9.0,4.0,0.0,0.0,0.0,0.0,0.0,0.0,0.0,0.0,4.0,12.0,1.0,12.18,5.0200000000000005,2.5,1.49,0.0,0.0,0.0,0.5,0.0,0.2,-1.1,1.0,-169.60000000000002,0.0,0.0,169.70000000000002,0.0,21.3,29.700000000000003,29.700000000000003,30.3,300.0,300.0,31.3,35.300000000000004,29.5,28.8,30.6,4.96,1.99,4.96,0.16,0.0,0.0,1027.0,8228.0,0.0,0.0,0.0,0.0,0.0,1.0,0.0,0.0,0.0,0.0,0.0,-0.5,0.0,-1.1,0.0,0.0,16.0,25903.0
2026-07-30T19:00:21.027Z,190.51,190.524,0.0,7.4,0.0,0.0,0.0,0.0,0.0,0.0,0.0,0.0,1.0,0.0,0.0,0.0,9.0,4.0,0.0,0.0,0.0,0.0,0.0,0.0,0.0,0.0,5.0,12.0,1.0,12.18,5.0200000000000005,2.5,1.49,0.0,0.0,0.0,0.5,0.0,0.2,0.0,0.4,-169.60000000000002,0.0,0.0,169.60000000000002,0.0,21.3,29.700000000000003,29.700000000000003,30.3,300.0,300.0,31.3,35.300000000000004,29.5,28.8,30.6,4.96,2.0,4.96,0.16,0.0,0.0,1027.0,8228.0,0.0,0.0,0.0,0.0,0.0,1.0,0.0,0.0,0.0,0.0,0.0,0.3,0.0,-0.3,0.0,0.0,16.0,25903.0
2026-07-30T19:00:21.039Z,190.522,190.536,0.0,7.4,0.0,0.0,0.0,0.0,0.0,0.0,0.0,0.0,1.0,0.0,0.0,0.0,9.0,4.0,0.0,0.0,0.0,0.0,0.0,0.0,0.0,0.0,6.0,12.0,1.0,12.17,5.01,2.5,1.49,0.0,0.0,0.0,0.4,0.0,-0.9,0.0,-0.6000000000000001,-169.60000000000002,0.0,0.0,169.60000000000002,0.0,21.8,29.700000000000003,29.700000000000003,30.3,300.0,300.0,31.4,35.300000000000004,29.5,28.8,30.6,4.95,1.99,4.96,0.16,0.0,0.0,1027.0,8228.0,0.0,0.0,0.0,0.0,0.0,1.0,0.0,0.0,0.0,0.0,0.0,-0.4,0.0,0.6000000000000001,0.0,0.0001,16.0,25903.0
2026-07-30T19:00:21.052Z,190.535,190.548,0.0,7.4,0.0,0.0,0.0,0.0,0.0,0.0,0.0,0.0,1.0,0.0,0.0,0.0,9.0,4.0,0.0,0.0,0.0,0.0,0.0,0.0,0.0,0.0,1.0,12.0,1.0,12.17,5.01,2.5,1.49,0.0,0.0,0.0,0.4,0.0,0.8,-0.5,0.4,-169.60000000000002,0.0,0.0,169.60000000000002,0.0,21.8,29.700000000000003,29.700000000000003,30.3,300.0,300.0,31.4,35.300000000000004,29.5,28.8,30.6,4.95,1.99,4.97,0.16,0.0,0.0,1027.0,8228.0,0.0,0.0,0.0,0.0,0.0,1.0,0.0,0.0,0.0,0.0,0.0,-0.2,0.0,-0.5,0.0,0.0,16.0,25903.0
2026-07-30T19:00:21.063Z,190.546,190.56,0.0,7.4,0.0,0.0,0.0,0.0,0.0,0.0,0.0,0.0,1.0,0.0,0.0,0.0,9.0,4.0,0.0,0.0,0.0,0.0,0.0,0.0,0.0,0.0,2.0,12.0,1.0,12.17,5.01,2.5,1.49,0.0,0.0,0.0,0.4,0.0,0.2,-0.5,-1.8,-169.60000000000002,0.0,0.0,169.60000000000002,0.0,21.8,29.700000000000003,29.700000000000003,30.3,300.0,300.0,31.4,35.300000000000004,29.5,28.8,30.6,4.96,2.0,4.96,0.16,0.0,0.0,1027.0,8228.0,0.0,0.0,0.0,0.0,0.0,1.0,0.0,0.0,0.0,0.0,0.0,-2.0,0.0,1.5,0.0,0.0,16.0,25903.0
2026-07-30T19:00:21.075Z,190.558,190.572,0.0,7.4,0.0,0.0,0.0,0.0,0.0,0.0,0.0,0.0,1.0,0.0,0.0,0.0,9.0,4.0,0.0,0.0,0.0,0.0,0.0,0.0,0.0,0.0,4.0,12.0,1.0,12.17,5.01,2.5,1.49,0.0,0.1,0.0,0.4,0.0,0.2,1.2000000000000002,0.4,-169.60000000000002,0.0,0.0,169.60000000000002,0.0,21.8,29.700000000000003,29.700000000000003,30.3,300.0,300.0,31.4,35.300000000000004,29.5,28.8,30.6,4.96,1.99,4.97,0.16,0.0,0.0,1027.0,8228.0,0.0,0.0,0.0,0.0,0.0,1.0,0.0,0.0,0.0,0.0,0.0,1.7000000000000002,0.0,-0.1,0.0,0.0,16.0,25903.0
2026-07-30T19:00:21.087Z,190.57,190.584,0.0,7.4,0.0,0.0,0.0,0.0,0.0,0.0,0.0,0.0,1.0,0.0,0.0,0.0,9.0,4.0,0.0,0.0,0.0,0.0,0.0,0.0,0.0,0.0,5.0,12.0,1.0,12.17,5.01,2.5,1.49,0.0,0.0,0.0,0.4,0.0,-0.3,0.6000000000000001,1.0,-169.60000000000002,0.0,0.0,169.60000000000002,0.0,21.8,29.700000000000003,29.700000000000003,30.3,300.0,300.0,31.4,35.300000000000004,29.5,28.8,30.6,4.95,1.99,4.97,0.16,0.0,0.0,1027.0,8228.0,0.0,0.0,0.0,0.0,0.0,1.0,0.0,0.0,0.0,0.0,0.0,1.4,0.0,-0.7000000000000001,0.0,0.0,16.0,25903.0
2026-07-30T19:00:21.099Z,190.582,190.596,0.0,7.4,0.0,0.0,0.0,0.0,0.0,0.0,0.0,0.0,1.0,0.0,0.0,0.0,9.0,4.0,0.0,0.0,0.0,0.0,0.0,0.0,0.0,0.0,6.0,12.0,1.0,12.17,5.01,2.5,1.49,0.0,0.0,0.0,0.5,0.0,0.2,-0.5,-1.2000000000000002,-169.60000000000002,0.0,0.0,169.60000000000002,0.0,21.8,29.700000000000003,29.700000000000003,30.3,300.0,300.0,31.4,35.300000000000004,29.5,28.8,30.6,4.96,1.99,4.97,0.16,0.0,0.0,1027.0,8228.0,0.0,0.0,0.0,0.0,0.0,1.0,0.0,0.0,0.0,0.0,0.0,-1.5,0.0,1.0,0.0,0.0,16.0,25903.0
2026-07-30T19:00:21.112Z,190.595,190.608,0.0,7.4,0.0,0.0,0.0,0.0,0.0,0.0,0.0,0.0,1.0,0.0,0.0,0.0,9.0,4.0,0.0,0.0,0.0,0.0,0.0,0.0,0.0,0.0,6.0,12.0,1.0,12.17,5.01,2.5,1.49,0.0,0.0,0.0,0.5,0.0,-0.3,-1.1,-0.7000000000000001,-169.60000000000002,0.0,0.0,169.60000000000002,0.0,21.8,29.700000000000003,29.700000000000003,30.3,300.0,300.0,31.4,35.300000000000004,29.5,28.8,30.6,4.96,2.0,4.96,0.16,0.0,0.0,1027.0,8228.0,0.0,0.0,0.0,0.0,0.0,1.0,0.0,0.0,0.0,0.0,0.0,-1.8,0.0,0.3,0.0,0.0,16.0,25903.0
2026-07-30T19:00:21.123Z,190.606,190.62,0.0,7.4,0.0,0.0,0.0,0.0,0.0,0.0,0.0,0.0,1.0,0.0,0.0,0.0,9.0,4.0,0.0,0.0,0.0,0.0,0.0,0.0,0.0,0.0,2.0,12.0,1.0,12.17,5.01,2.5,1.49,0.0,0.0,0.0,0.5,0.0,-0.3,0.0,-1.2000000000000002,-169.60000000000002,0.0,0.0,169.70000000000002,0.0,21.8,29.700000000000003,29.700000000000003,30.3,300.0,300.0,31.4,35.300000000000004,29.5,28.8,30.6,4.96,1.99,4.97,0.16,0.0,0.0,1027.0,8228.0,0.0,0.0,0.0,0.0,0.0,1.0,0.0,0.0,0.0,0.0,0.0,-0.9,0.0,1.1,0.0,0.0,16.0,25903.0
2026-07-30T19:00:21.136Z,190.619,190.632,0.0,7.4,0.0,0.0,0.0,0.0,0.0,0.0,0.0,0.0,1.0,0.0,0.0,0.0,9.0,4.0,0.0,0.0,0.0,0.0,0.0,0.0,0.0,0.0,3.0,12.0,1.0,12.14,5.0200000000000005,2.51,1.49,0.0,0.0,0.0,0.4,0.0,0.2,-0.5,-0.1,-169.60000000000002,0.0,0.0,169.70000000000002,0.0,21.8,29.700000000000003,29.700000000000003,30.3,300.0,300.0,31.4,35.300000000000004,29.5,28.8,30.6,4.95,2.0,4.97,0.16,0.0,0.0,1027.0,8228.0,0.0,0.0,0.0,0.0,0.0,1.0,0.0,0.0,0.0,0.0,0.0,0.3,0.0,-0.3,0.0,0.0,16.0,25903.0
2026-07-30T19:00:21.147Z,190.63,190.644,0.0,7.4,0.0,0.0,0.0,0.0,0.0,0.0,0.0,0.0,1.0,0.0,0.0,0.0,9.0,4.0,0.0,0.0,0.0,0.0,0.0,0.0,0.0,0.0,4.0,12.0,1.0,12.14,5.0200000000000005,2.51,1.49,0.0,0.0,0.0,0.5,0.0,0.2,0.0,1.0,-169.60000000000002,0.0,0.0,169.60000000000002,0.0,21.8,29.700000000000003,29.700000000000003,30.3,300.0,300.0,31.4,35.300000000000004,29.5,28.8,30.6,4.96,2.0,4.97,0.15,0.0,0.0,1027.0,8228.0,0.0,0.0,0.0,0.0,0.0,1.0,0.0,0.0,0.0,0.0,0.0,-1.3,0.0,-0.1,0.0,0.0,16.0,25903.0
2026-07-30T19:00:21.159Z,190.642,190.656,0.0,7.4,0.0,0.0,0.0,0.0,0.0,0.0,0.0,0.0,1.0,0.0,0.0,0.0,9.0,4.0,0.0,0.0,0.0,0.0,0.0,0.0,0.0,0.0,5.0,12.0,1.0,12.14,5.0200000000000005,2.51,1.49,0.0,0.0,0.0,0.4,0.0,0.3,-0.5,-0.1,-169.60000000000002,0.0,0.0,169.60000000000002,0.0,21.8,29.700000000000003,29.700000000000003,30.3,300.0,300.0,31.4,35.300000000000004,29.5,28.8,30.6,4.95,1.99,4.97,0.15,0.0,0.0,1027.0,8228.0,0.0,0.0,0.0,0.0,0.0,1.0,0.0,0.0,0.0,0.0,0.0,-1.1,0.0,0.5,0.0,0.0,16.0,25903.0
2026-07-30T19:00:21.171Z,190.654,190.668,0.0,7.4,0.0,0.0,0.0,0.0,0.0,0.0,0.0,0.0,1.0,0.0,0.0,0.0,9.0,4.0,0.0,0.0,0.0,0.0,0.0,0.0,0.0,0.0,5.0,12.0,1.0,12.14,5.0200000000000005,2.51,1.49,0.0,0.0,0.0,0.4,0.0,-0.2,1.1,-0.1,-169.60000000000002,0.0,0.0,169.60000000000002,0.0,21.8,29.700000000000003,29.700000000000003,30.3,300.0,300.0,31.4,35.300000000000004,29.5,28.8,30.6,4.95,1.99,4.97,0.16,0.0,0.0,1027.0,8228.0,0.0,0.0,0.0,0.0,0.0,1.0,0.0,0.0,0.0,0.0,0.0,1.2000000000000002,0.0,0.4,0.0,0.0,16.0,25903.0
2026-07-30T19:00:21.183Z,190.666,190.68,0.0,7.4,0.0,0.0,0.0,0.0,0.0,0.0,0.0,0.0,1.0,0.0,0.0,0.0,9.0,4.0,0.0,0.0,0.0,0.0,0.0,0.0,0.0,0.0,1.0,12.0,1.0,12.14,5.0200000000000005,2.51,1.49,0.0,0.0,0.0,0.4,0.0,-0.8,0.6000000000000001,-0.2,-169.60000000000002,0.0,0.0,169.60000000000002,0.0,21.8,29.700000000000003,29.700000000000003,30.3,300.0,300.0,31.4,35.300000000000004,29.5,28.8,30.6,4.96,1.99,4.97,0.16,0.0,0.0,1027.0,8228.0,0.0,0.0,0.0,0.0,0.0,1.0,0.0,0.0,0.0,0.0,0.0,0.5,0.0,0.3,0.0,0.0,16.0,25903.0
2026-07-30T19:00:21.195Z,190.678,190.692,0.0,7.4,0.0,0.0,0.0,0.0,0.0,0.0,0.0,0.0,1.0,0.0,0.0,0.0,9.0,4.0,0.0,0.0,0.0,0.0,0.0,0.0,0.0,0.0,2.0,12.0,1.0,12.14,5.0200000000000005,2.51,1.49,0.0,0.0,0.0,0.4,0.0,-0.8,0.0,-0.8,-169.60000000000002,0.0,0.0,169.60000000000002,0.0,21.8,29.700000000000003,29.700000000000003,30.3,300.0,300.0,31.4,35.300000000000004,29.5,28.8,30.6,4.95,1.99,4.96,0.16,0.0,0.0,1027.0,8228.0,0.0,0.0,0.0,0.0,0.0,1.0,0.0,0.0,0.0,0.0,0.0,-0.5,0.0,0.7000000000000001,0.0,0.0,16.0,25903.0
2026-07-30T19:00:21.207Z,190.69,190.704,0.0,7.4,0.0,0.0,0.0,0.0,0.0,0.0,0.0,0.0,1.0,0.0,0.0,0.0,9.0,4.0,0.0,0.0,0.0,0.0,0.0,0.0,0.0,0.0,2.0,12.0,1.0,12.14,5.0200000000000005,2.51,1.49,0.0,0.0,0.0,0.4,0.0,-0.3,-0.5,0.3,-169.60000000000002,0.0,0.0,169.60000000000002,0.0,21.8,29.700000000000003,29.700000000000003,30.3,300.0,300.0,31.4,35.300000000000004,29.5,28.8,30.6,4.95,1.99,4.97,0.16,0.0,0.0,1027.0,8228.0,0.0,0.0,0.0,0.0,0.0,1.0,0.0,0.0,0.0,0.0,0.0,-0.4,0.0,-0.4,0.0,0.0,16.0,25903.0
2026-07-30T19:00:21.219Z,190.702,190.716,0.0,7.4,0.0,0.0,0.0,0.0,0.0,0.0,0.0,0.0,1.0,0.0,0.0,0.0,9.0,4.0,0.0,0.0,0.0,0.0,0.0,0.0,0.0,0.0,4.0,12.0,1.0,12.14,5.0200000000000005,2.51,1.49,0.0,0.0,0.0,0.4,0.0,-0.3,0.0,0.9,-169.60000000000002,0.0,0.0,169.70000000000002,0.0,21.8,29.700000000000003,29.700000000000003,30.3,300.0,300.0,31.4,35.300000000000004,29.5,28.8,30.6,4.95,2.0,4.96,0.16,0.0,0.0,1027.0,8228.0,0.0,0.0,0.0,0.0,0.0,1.0,0.0,0.0,0.0,0.0,0.0,0.6000000000000001,0.0,-0.8,0.0,0.0,16.0,25903.0
2026-07-30T19:00:21.231Z,190.714,190.728,0.0,7.4,0.0,0.0,0.0,0.0,0.0,0.0,0.0,0.0,1.0,0.0,0.0,0.0,9.0,4.0,0.0,0.0,0.0,0.0,0.0,0.0,0.0,0.0,6.0,12.0,1.0,12.14,5.0200000000000005,2.51,1.49,0.0,0.0,0.0,0.4,0.0,-0.3,0.0,0.9,-169.60000000000002,0.0,0.0,169.60000000000002,0.0,21.8,29.700000000000003,29.700000000000003,30.3,300.0,300.0,31.4,35.300000000000004,29.5,28.8,30.6,4.96,1.99,4.96,0.16,0.0,0.0,1027.0,8228.0,0.0,0.0,0.0,0.0,0.0,1.0,0.0,0.0,0.0,0.0,0.0,0.7000000000000001,0.0,-0.8,0.0,0.0,16.0,25903.0
2026-07-30T19:00:21.243Z,190.726,190.74,0.0,7.4,0.0,0.0,0.0,0.0,0.0,0.0,0.0,0.0,1.0,0.0,0.0,0.0,9.0,4.0,0.0,0.0,0.0,0.0,0.0,0.0,0.0,0.0,1.0,12.0,1.0,12.18,5.01,2.51,1.5,0.0,0.1,0.0,0.4,0.0,-0.9,-0.5,0.4,-169.60000000000002,0.0,0.0,169.60000000000002,0.0,21.4,29.700000000000003,29.700000000000003,30.3,300.0,300.0,31.4,35.300000000000004,29.5,28.8,30.6,4.95,1.99,4.97,0.16,0.0,0.0,1027.0,8228.0,0.0,0.0,0.0,0.0,0.0,1.0,0.0,0.0,0.0,0.0,0.0,-0.3,0.0,-0.5,0.0,0.0,16.0,25903.0
2026-07-30T19:00:21.255Z,190.738,190.752,0.0,7.4,0.0,0.0,0.0,0.0,0.0,0.0,0.0,0.0,1.0,0.0,0.0,0.0,9.0,4.0,0.0,0.0,0.0,0.0,0.0,0.0,0.0,0.0,3.0,12.0,1.0,12.18,5.01,2.51,1.5,0.0,0.0,0.0,0.4,0.0,0.2,-0.5,-0.1,-169.60000000000002,0.0,0.0,169.60000000000002,0.0,21.4,29.700000000000003,29.700000000000003,30.3,300.0,300.0,31.4,35.300000000000004,29.5,28.8,30.6,4.96,1.99,4.96,0.16,0.0,0.0,1027.0,8228.0,0.0,0.0,0.0,0.0,0.0,1.0,0.0,0.0,0.0,0.0,0.0,-0.7000000000000001,0.0,0.0,0.0,0.0,16.0,25903.0
2026-07-30T19:00:21.267Z,190.75,190.764,0.0,7.4,0.0,0.0,0.0,0.0,0.0,0.0,0.0,0.0,1.0,0.0,0.0,0.0,9.0,4.0,0.0,0.0,0.0,0.0,0.0,0.0,0.0,0.0,4.0,12.0,1.0,12.18,5.01,2.51,1.5,0.0,0.1,0.0,0.4,0.0,0.8,1.7000000000000002,0.0,-169.60000000000002,0.0,0.0,169.60000000000002,0.0,21.4,29.700000000000003,29.700000000000003,30.3,300.0,300.0,31.4,35.300000000000004,29.5,28.8,30.6,4.96,1.99,4.96,0.16,0.0,0.0,1027.0,8228.0,0.0,0.0,0.0,0.0,0.0,1.0,0.0,0.0,0.0,0.0,0.0,1.9,0.0,0.4,0.0,0.0,16.0,25903.0
2026-07-30T19:00:21.279Z,190.762,190.776,0.0,7.4,0.0,0.0,0.0,0.0,0.0,0.0,0.0,0.0,1.0,0.0,0.0,0.0,9.0,4.0,0.0,0.0,0.0,0.0,0.0,0.0,0.0,0.0,6.0,12.0,1.0,12.18,5.01,2.51,1.5,0.0,0.0,0.0,0.4,0.0,0.2,0.5,-0.1,-169.60000000000002,0.0,0.0,169.60000000000002,0.0,21.4,29.700000000000003,29.700000000000003,30.3,300.0,300.0,31.4,35.300000000000004,29.5,28.8,30.6,4.96,1.99,4.96,0.16,0.0,0.0,1027.0,8228.0,0.0,0.0,0.0,0.0,0.0,1.0,0.0,0.0,0.0,0.0,0.0,0.5,0.0,0.2,0.0,0.0,16.0,25903.0
2026-07-30T19:00:21.291Z,190.774,190.788,0.0,7.4,0.0,0.0,0.0,0.0,0.0,0.0,0.0,0.0,1.0,0.0,0.0,0.0,9.0,4.0,0.0,0.0,0.0,0.0,0.0,0.0,0.0,0.0,1.0,12.0,1.0,12.18,5.01,2.51,1.5,0.0,0.0,0.0,0.4,0.0,-0.2,-0.5,-0.6000000000000001,-169.60000000000002,0.0,0.0,169.60000000000002,0.0,21.4,29.700000000000003,29.700000000000003,30.3,300.0,300.0,31.4,35.300000000000004,29.5,28.8,30.6,4.96,1.99,4.97,0.16,0.0,0.0,1027.0,8228.0,0.0,0.0,0.0,0.0,0.0,1.0,0.0,0.0,0.0,0.0,0.0,-1.1,0.0,0.4,0.0,0.0,16.0,25903.0
2026-07-30T19:00:21.309Z,190.792,190.8,0.0,7.4,0.0,0.0,0.0,0.0,0.0,0.0,0.0,0.0,1.0,0.0,0.0,0.0,9.0,4.0,0.0,0.0,0.0,0.0,0.0,0.0,0.0,0.0,2.0,12.0,1.0,12.18,5.01,2.51,1.5,0.0,0.0,0.0,0.4,0.0,0.3,0.0,-0.1,-169.60000000000002,0.0,0.0,169.60000000000002,0.0,21.4,29.700000000000003,29.700000000000003,30.3,300.0,300.0,31.4,35.300000000000004,29.5,28.8,30.6,4.96,1.99,4.96,0.16,0.0,0.0,1027.0,8228.0,0.0,0.0,0.0,0.0,0.0,1.0,0.0,0.0,0.0,0.0,0.0,0.0,0.0,0.0,0.0,0.0,16.0,25903.0
2026-07-30T19:00:21.315Z,190.798,190.812,0.0,7.4,0.0,0.0,0.0,0.0,0.0,0.0,0.0,0.0,1.0,0.0,0.0,0.0,9.0,4.0,0.0,0.0,0.0,0.0,0.0,0.0,0.0,0.0,6.0,12.0,1.0,12.18,5.01,2.51,1.5,0.0,0.0,0.0,0.4,0.0,0.3,0.5,0.5,-169.60000000000002,0.0,0.0,169.60000000000002,0.0,21.4,29.700000000000003,29.700000000000003,30.3,300.0,300.0,31.4,35.300000000000004,29.5,28.8,30.6,4.96,1.99,4.97,0.15,0.0,0.0,1027.0,8228.0,0.0,0.0,0.0,0.0,0.0,1.0,0.0,0.0,0.0,0.0,0.0,1.0,0.0,-0.3,0.0,0.0,16.0,25903.0
2026-07-30T19:00:21.327Z,190.81,190.824,0.0,7.4,0.0,0.0,0.0,0.0,0.0,0.0,0.0,0.0,1.0,0.0,0.0,0.0,9.0,4.0,0.0,0.0,0.0,0.0,0.0,0.0,0.0,0.0,1.0,12.0,1.0,12.18,5.01,2.51,1.5,0.0,0.0,0.0,0.4,0.0,-0.2,-0.5,-2.4000000000000004,-169.60000000000002,0.0,0.0,169.60000000000002,0.0,21.4,29.700000000000003,29.700000000000003,30.3,300.0,300.0,31.4,35.300000000000004,29.5,28.8,30.6,4.95,2.0,4.97,0.16,0.0,0.0,1027.0,8228.0,0.0,0.0,0.0,0.0,0.0,1.0,0.0,0.0,0.0,0.0,0.0,-2.4000000000000004,0.0,2.0,0.0,0.0,16.0,25903.0
2026-07-30T19:00:21.340Z,190.823,190.836,0.0,7.4,0.0,0.0,0.0,0.0,0.0,0.0,0.0,0.0,1.0,0.0,0.0,0.0,9.0,4.0,0.0,0.0,0.0,0.0,0.0,0.0,0.0,0.0,2.0,12.0,1.0,12.17,5.01,2.5,1.49,0.0,0.0,0.0,0.4,0.0,-0.2,0.6000000000000001,-1.2000000000000002,-169.60000000000002,0.0,0.0,169.60000000000002,0.0,22.1,29.700000000000003,29.700000000000003,30.3,300.0,300.0,31.4,35.2,29.5,28.8,30.6,4.95,2.0,4.96,0.16,0.0,0.0,1027.0,8228.0,0.0,0.0,0.0,0.0,0.0,1.0,0.0,0.0,0.0,0.0,0.0,-0.2,0.0,1.2000000000000002,0.0,0.0,16.0,25903.0
2026-07-30T19:00:21.351Z,190.834,190.848,0.0,7.4,0.0,0.0,0.0,0.0,0.0,0.0,0.0,0.0,1.0,0.0,0.0,0.0,9.0,4.0,0.0,0.0,0.0,0.0,0.0,0.0,0.0,0.0,4.0,12.0,1.0,12.17,5.01,2.5,1.49,0.0,0.0,0.0,0.4,0.0,0.3,-0.5,0.4,-169.60000000000002,0.0,0.0,169.60000000000002,0.0,22.1,29.700000000000003,29.700000000000003,30.3,300.0,300.0,31.4,35.2,29.5,28.8,30.6,4.95,1.99,4.96,0.16,0.0,0.0,1027.0,8228.0,0.0,0.0,0.0,0.0,0.0,1.0,0.0,0.0,0.0,0.0,0.0,-0.2,0.0,-0.5,0.0,0.0,16.0,25903.0
2026-07-30T19:00:21.363Z,190.846,190.86,0.0,7.4,0.0,0.0,0.0,0.0,0.0,0.0,0.0,0.0,1.0,0.0,0.0,0.0,9.0,4.0,0.0,0.0,0.0,0.0,0.0,0.0,0.0,0.0,5.0,12.0,1.0,12.17,5.01,2.5,1.49,0.0,0.0,0.0,0.5,0.0,0.9,0.0,0.4,-169.60000000000002,0.0,0.0,169.60000000000002,0.0,22.1,29.700000000000003,29.700000000000003,30.3,300.0,300.0,31.4,35.2,29.5,28.8,30.6,4.95,1.99,4.97,0.16,0.0,0.0,1027.0,8228.0,0.0,0.0,0.0,0.0,0.0,1.0,0.0,0.0,0.0,0.0,0.0,0.4,0.0,-0.4,0.0,0.0,16.0,25903.0
2026-07-30T19:00:21.375Z,190.858,190.872,0.0,7.4,0.0,0.0,0.0,0.0,0.0,0.0,0.0,0.0,1.0,0.0,0.0,0.0,9.0,4.0,0.0,0.0,0.0,0.0,0.0,0.0,0.0,0.0,6.0,12.0,1.0,12.17,5.01,2.5,1.49,0.0,0.0,0.0,0.4,0.0,0.3,0.0,0.4,-169.60000000000002,0.0,0.0,169.60000000000002,0.0,22.1,29.700000000000003,29.700000000000003,30.3,300.0,300.0,31.4,35.2,29.5,28.8,30.6,4.97,1.99,4.97,0.16,0.0,0.0,1027.0,8228.0,0.0,0.0,0.0,0.0,0.0,1.0,0.0,0.0,0.0,0.0,0.0,0.4,0.0,-0.3,0.0,0.0,16.0,25903.0
2026-07-30T19:00:21.387Z,190.87,190.884,0.0,7.4,0.0,0.0,0.0,0.0,0.0,0.0,0.0,0.0,1.0,0.0,0.0,0.0,9.0,4.0,0.0,0.0,0.0,0.0,0.0,0.0,0.0,0.0,2.0,12.0,1.0,12.17,5.01,2.5,1.49,0.0,0.0,0.0,0.5,0.0,-0.8,-0.4,-1.2000000000000002,-169.60000000000002,0.0,0.0,169.60000000000002,0.0,22.1,29.700000000000003,29.700000000000003,30.3,300.0,300.0,31.4,35.2,29.5,28.8,30.6,4.96,1.99,4.96,0.16,0.0,0.0,1027.0,8228.0,0.0,0.0,0.0,0.0,0.0,1.0,0.0,0.0,0.0,0.0,0.0,-1.4,0.0,1.0,0.0,0.0,16.0,25903.0
2026-07-30T19:00:21.399Z,190.882,190.896,0.0,7.4,0.0,0.0,0.0,0.0,0.0,0.0,0.0,0.0,1.0,0.0,0.0,0.0,9.0,4.0,0.0,0.0,0.0,0.0,0.0,0.0,0.0,0.0,3.0,12.0,1.0,12.17,5.01,2.5,1.49,0.0,0.1,0.0,0.4,0.0,-0.8,-0.4,0.0,-169.60000000000002,0.0,0.0,169.60000000000002,0.0,22.1,29.700000000000003,29.700000000000003,30.3,300.0,300.0,31.4,35.2,29.5,28.8,30.6,4.95,1.99,4.97,0.16,0.0,0.0,1027.0,8228.0,0.0,0.0,0.0,0.0,0.0,1.0,0.0,0.0,0.0,0.0,0.0,-0.5,0.0,0.0,0.0,0.0,16.0,25903.0
2026-07-30T19:00:21.411Z,190.894,190.908,0.0,7.4,0.0,0.0,0.0,0.0,0.0,0.0,0.0,0.0,1.0,0.0,0.0,0.0,9.0,4.0,0.0,0.0,0.0,0.0,0.0,0.0,0.0,0.0,4.0,12.0,1.0,12.17,5.01,2.5,1.49,0.0,0.1,0.0,0.4,0.0,-0.8,0.1,-0.6000000000000001,-169.60000000000002,0.0,0.0,169.60000000000002,0.0,22.1,29.700000000000003,29.700000000000003,30.3,300.0,300.0,31.4,35.2,29.5,28.8,30.6,4.95,1.99,4.96,0.16,0.0,0.0,1027.0,8228.0,0.0,0.0,0.0,0.0,0.0,1.0,0.0,0.0,0.0,0.0,0.0,-0.3,0.0,0.6000000000000001,0.0,0.0,16.0,25903.0
2026-07-30T19:00:21.423Z,190.906,190.92,0.0,7.4,0.0,0.0,0.0,0.0,0.0,0.0,0.0,0.0,1.0,0.0,0.0,0.0,9.0,4.0,0.0,0.0,0.0,0.0,0.0,0.0,0.0,0.0,6.0,12.0,1.0,12.17,5.01,2.5,1.49,0.0,0.0,0.0,0.4,0.0,0.3,1.2000000000000002,0.0,-169.60000000000002,0.0,0.0,169.70000000000002,0.0,22.1,29.700000000000003,29.700000000000003,30.3,300.0,300.0,31.4,35.2,29.5,28.8,30.6,4.96,1.99,4.96,0.16,0.0,0.0,1027.0,8228.0,0.0,0.0,0.0,0.0,0.0,1.0,0.0,0.0,0.0,0.0,0.0,1.3,0.0,0.3,0.0,0.0,16.0,25903.0
2026-07-30T19:00:21.435Z,190.918,190.932,0.0,7.4,0.0,0.0,0.0,0.0,0.0,0.0,0.0,0.0,1.0,0.0,0.0,0.0,9.0,4.0,0.0,0.0,0.0,0.0,0.0,0.0,0.0,0.0,1.0,12.0,1.0,12.17,5.01,2.5,1.49,0.0,0.0,0.0,0.4,0.0,-0.2,-0.4,0.0,-169.60000000000002,0.0,0.0,169.60000000000002,0.0,22.1,29.700000000000003,29.700000000000003,30.3,300.0,300.0,31.4,35.2,29.5,28.8,30.6,4.95,1.99,4.96,0.16,0.0,0.0,1027.0,8228.0,0.0,0.0,0.0,0.0,0.0,1.0,0.0,0.0,0.0,0.0,0.0,-0.5,0.0,0.0,0.0,0.0,16.0,25903.0
2026-07-30T19:00:21.447Z,190.93,190.944,0.0,7.4,0.0,0.0,0.0,0.0,0.0,0.0,0.0,0.0,1.0,0.0,0.0,0.0,9.0,4.0,0.0,0.0,0.0,0.0,0.0,0.0,0.0,0.0,2.0,12.0,1.0,12.18,5.0200000000000005,2.5,1.49,0.0,0.0,0.0,0.5,0.0,1.4,-0.4,-0.6000000000000001,-169.60000000000002,0.0,0.0,169.70000000000002,0.0,21.200000000000003,29.700000000000003,29.700000000000003,30.3,300.0,300.0,31.3,35.2,29.5,28.8,30.6,4.95,1.99,4.97,0.16,0.0,0.0,1027.0,8228.0,0.0,0.0,0.0,0.0,0.0,1.0,0.0,0.0,0.0,0.0,0.0,-1.0,0.0,0.4,0.0,0.0,16.0,25903.0
2026-07-30T19:00:21.459Z,190.942,190.956,0.0,7.4,0.0,0.0,0.0,0.0,0.0,0.0,0.0,0.0,1.0,0.0,0.0,0.0,9.0,4.0,0.0,0.0,0.0,0.0,0.0,0.0,0.0,0.0,3.0,12.0,1.0,12.18,5.0200000000000005,2.5,1.49,0.0,0.0,0.0,0.4,0.0,-0.2,0.6000000000000001,0.0,-169.60000000000002,0.0,0.0,169.60000000000002,0.0,21.200000000000003,29.700000000000003,29.700000000000003,30.3,300.0,300.0,31.3,35.2,29.5,28.8,30.6,4.95,1.99,4.96,0.16,0.0,0.0,1027.0,8228.0,0.0,0.0,0.0,0.0,0.0,1.0,0.0,0.0,0.0,0.0,0.0,0.6000000000000001,0.0,0.1,0.0,0.0,16.0,25903.0
2026-07-30T19:00:21.471Z,190.954,190.968,0.0,7.4,0.0,0.0,0.0,0.0,0.0,0.0,0.0,0.0,1.0,0.0,0.0,0.0,9.0,4.0,0.0,0.0,0.0,0.0,0.0,0.0,0.0,0.0,4.0,12.0,1.0,12.18,5.0200000000000005,2.5,1.49,0.0,0.0,0.0,0.4,0.0,0.2,0.0,-0.6000000000000001,-169.60000000000002,0.0,0.0,169.60000000000002,0.0,21.200000000000003,29.700000000000003,29.700000000000003,30.3,300.0,300.0,31.3,35.2,29.5,28.8,30.6,4.96,1.99,4.96,0.16,0.0,0.0,1027.0,8228.0,0.0,0.0,0.0,0.0,0.0,1.0,0.0,0.0,0.0,0.0,0.0,-0.4,0.0,0.5,0.0,0.0,16.0,25903.0
2026-07-30T19:00:21.483Z,190.966,190.98,0.0,7.4,0.0,0.0,0.0,0.0,0.0,0.0,0.0,0.0,1.0,0.0,0.0,0.0,9.0,4.0,0.0,0.0,0.0,0.0,0.0,0.0,0.0,0.0,6.0,12.0,1.0,12.18,5.0200000000000005,2.5,1.49,0.0,0.0,0.0,0.4,0.0,-0.2,0.6000000000000001,1.0,-169.60000000000002,0.0,0.0,169.70000000000002,0.0,21.200000000000003,29.700000000000003,29.700000000000003,30.3,300.0,300.0,31.3,35.2,29.5,28.8,30.6,4.96,1.99,4.97,0.16,0.0,0.0,1027.0,8228.0,0.0,0.0,0.0,0.0,0.0,1.0,0.0,0.0,0.0,0.0,0.0,1.5,0.0,-0.8,0.0,0.0,16.0,25903.0
2026-07-30T19:00:21.496Z,190.979,190.992,0.0,7.4,0.0,0.0,0.0,0.0,0.0,0.0,0.0,0.0,1.0,0.0,0.0,0.0,9.0,4.0,0.0,0.0,0.0,0.0,0.0,0.0,0.0,0.0,6.0,12.0,1.0,12.18,5.0200000000000005,2.5,1.49,0.0,0.0,0.0,0.4,0.0,0.8,0.0,-0.6000000000000001,-169.60000000000002,0.0,0.0,169.60000000000002,0.0,21.200000000000003,29.700000000000003,29.700000000000003,30.3,300.0,300.0,31.3,35.2,29.5,28.8,30.6,4.96,2.0,4.96,0.16,0.0,0.0,1027.0,8228.0,0.0,0.0,0.0,0.0,0.0,1.0,0.0,0.0,0.0,0.0,0.0,-0.4,0.0,0.6000000000000001,0.0,0.0,16.0,25903.0
2026-07-30T19:00:21.507Z,190.99,191.004,0.0,7.4,0.0,0.0,0.0,0.0,0.0,0.0,0.0,0.0,1.0,0.0,0.0,0.0,9.0,4.0,0.0,0.0,0.0,0.0,0.0,0.0,0.0,0.0,1.0,12.0,1.0,12.18,5.0200000000000005,2.5,1.49,0.0,0.0,0.0,0.4,0.0,-0.3,-0.5,-0.7000000000000001,-169.60000000000002,0.0,0.0,169.70000000000002,0.0,21.200000000000003,29.700000000000003,29.700000000000003,30.3,300.0,300.0,31.3,35.2,29.5,28.8,30.6,4.96,2.0,4.96,0.16,0.0,0.0,1027.0,8228.0,0.0,0.0,0.0,0.0,0.0,1.0,0.0,0.0,0.0,0.0,0.0,-1.1,0.0,0.5,0.0,0.0,16.0,25903.0
2026-07-30T19:00:21.519Z,191.002,191.016,0.0,7.4,0.0,0.0,0.0,0.0,0.0,0.0,0.0,0.0,1.0,0.0,0.0,0.0,9.0,4.0,0.0,0.0,0.0,0.0,0.0,0.0,0.0,0.0,2.0,12.0,1.0,12.18,5.0200000000000005,2.5,1.49,0.0,0.0,0.0,0.4,0.0,0.8,1.2000000000000002,-0.2,-169.60000000000002,0.0,0.0,169.60000000000002,0.0,21.200000000000003,29.700000000000003,29.700000000000003,30.3,300.0,300.0,31.3,35.2,29.5,28.8,30.6,4.95,1.99,4.96,0.16,0.0,0.0,1027.0,8228.0,0.0,0.0,0.0,0.0,0.0,1.0,0.0,0.0,0.0,0.0,0.0,1.2000000000000002,0.0,0.4,0.0,0.0,16.0,25903.0
2026-07-30T19:00:21.531Z,191.014,191.028,0.0,7.4,0.0,0.0,0.0,0.0,0.0,0.0,0.0,0.0,1.0,0.0,0.0,0.0,9.0,4.0,0.0,0.0,0.0,0.0,0.0,0.0,0.0,0.0,3.0,12.0,1.0,12.18,5.0200000000000005,2.5,1.49,0.0,0.0,0.0,0.5,0.0,-0.9,0.6000000000000001,-0.8,-169.60000000000002,0.0,0.0,169.60000000000002,0.0,21.200000000000003,29.700000000000003,29.700000000000003,30.3,300.0,300.0,31.3,35.2,29.5,28.8,30.6,4.96,1.99,4.97,0.16,0.0,0.0,1027.0,8228.0,0.0,0.0,0.0,0.0,0.0,1.0,0.0,0.0,0.0,0.0,0.0,0.1,0.0,0.8,0.0,0.0001,16.0,25903.0
2026-07-30T19:00:21.543Z,191.026,191.04,0.0,7.4,0.0,0.0,0.0,0.0,0.0,0.0,0.0,0.0,1.0,0.0,0.0,0.0,9.0,4.0,0.0,0.0,0.0,0.0,0.0,0.0,0.0,0.0,5.0,12.0,1.0,12.18,5.01,2.51,1.49,0.0,0.0,0.0,0.4,0.0,1.4,1.2000000000000002,2.7,-169.60000000000002,0.0,0.0,169.60000000000002,0.0,21.4,29.700000000000003,29.700000000000003,30.3,300.0,300.0,31.3,35.2,29.5,28.8,30.6,4.96,1.99,4.96,0.16,0.0,0.0,1027.0,8228.0,0.0,0.0,0.0,0.0,0.0,1.0,0.0,0.0,0.0,0.0,0.0,3.4000000000000004,0.0,-2.1,0.0,0.0,16.0,25903.0
2026-07-30T19:00:21.555Z,191.038,191.052,0.0,7.4,0.0,0.0,0.0,0.0,0.0,0.0,0.0,0.0,1.0,0.0,0.0,0.0,9.0,4.0,0.0,0.0,0.0,0.0,0.0,0.0,0.0,0.0,6.0,12.0,1.0,12.18,5.01,2.51,1.49,0.0,0.1,0.0,0.4,0.0,-0.3,0.0,-1.4,-169.60000000000002,0.0,0.0,169.70000000000002,0.0,21.4,29.700000000000003,29.700000000000003,30.3,300.0,300.0,31.3,35.2,29.5,28.8,30.6,4.96,1.99,4.97,0.16,0.0,0.0,1027.0,8228.0,0.0,0.0,0.0,0.0,0.0,1.0,0.0,0.0,0.0,0.0,0.0,-1.0,0.0,1.2000000000000002,0.0,0.0,16.0,25903.0
2026-07-30T19:00:21.567Z,191.05,191.064,0.0,7.4,0.0,0.0,0.0,0.0,0.0,0.0,0.0,0.0,1.0,0.0,0.0,0.0,9.0,4.0,0.0,0.0,0.0,0.0,0.0,0.0,0.0,0.0,2.0,12.0,1.0,12.18,5.01,2.51,1.49,0.0,0.0,0.0,0.4,0.0,0.2,-0.5,0.3,-169.60000000000002,0.0,0.0,169.60000000000002,0.0,21.4,29.700000000000003,29.700000000000003,30.3,300.0,300.0,31.3,35.2,29.5,28.8,30.6,4.95,1.99,4.97,0.16,0.0,0.0,1027.0,8228.0,0.0,0.0,0.0,0.0,0.0,1.0,0.0,0.0,0.0,0.0,0.0,-0.3,0.0,-0.4,0.0,0.0,16.0,25903.0
2026-07-30T19:00:21.579Z,191.062,191.076,0.0,7.4,0.0,0.0,0.0,0.0,0.0,0.0,0.0,0.0,1.0,0.0,0.0,0.0,9.0,4.0,0.0,0.0,0.0,0.0,0.0,0.0,0.0,0.0,3.0,12.0,1.0,12.18,5.01,2.51,1.49,0.0,0.0,0.0,0.4,0.0,0.2,1.2000000000000002,0.3,-169.60000000000002,0.0,0.0,169.60000000000002,0.0,21.4,29.700000000000003,29.700000000000003,30.3,300.0,300.0,31.3,35.2,29.5,28.8,30.6,4.95,1.99,4.96,0.16,0.0,0.0,1027.0,8228.0,0.0,0.0,0.0,0.0,0.0,1.0,0.0,0.0,0.0,0.0,0.0,1.6,0.0,0.0,0.0,0.0,16.0,25903.0
2026-07-30T19:00:21.591Z,191.074,191.088,0.0,7.4,0.0,0.0,0.0,0.0,0.0,0.0,0.0,0.0,1.0,0.0,0.0,0.0,9.0,4.0,0.0,0.0,0.0,0.0,0.0,0.0,0.0,0.0,5.0,12.0,1.0,12.18,5.01,2.51,1.49,0.0,0.1,0.0,0.4,0.0,0.2,-0.5,-0.2,-169.60000000000002,0.0,0.0,169.60000000000002,0.0,21.4,29.700000000000003,29.700000000000003,30.3,300.0,300.0,31.3,35.2,29.5,28.8,30.6,4.96,2.0,4.97,0.16,0.0,0.0,1027.0,8228.0,0.0,0.0,0.0,0.0,0.0,1.0,0.0,0.0,0.0,0.0,0.0,-0.7000000000000001,0.0,0.1,0.0,0.0,16.0,25903.0
2026-07-30T19:00:21.603Z,191.086,191.1,0.0,7.4,0.0,0.0,0.0,0.0,0.0,0.0,0.0,0.0,1.0,0.0,0.0,0.0,9.0,4.0,0.0,0.0,0.0,0.0,0.0,0.0,0.0,0.0,1.0,12.0,1.0,12.18,5.01,2.51,1.49,0.0,0.0,0.0,0.4,0.0,0.2,0.0,0.3,-169.60000000000002,0.0,0.0,169.60000000000002,0.0,21.4,29.700000000000003,29.700000000000003,30.3,300.0,300.0,31.3,35.2,29.5,28.8,30.6,4.96,1.99,4.97,0.16,0.0,0.0,1027.0,8228.0,0.0,0.0,0.0,0.0,0.0,1.0,0.0,0.0,0.0,0.0,0.0,0.2,0.0,-0.2,0.0,0.0,16.0,25903.0
2026-07-30T19:00:21.627Z,191.11,191.112,0.0,7.4,0.0,0.0,0.0,0.0,0.0,0.0,0.0,0.0,1.0,0.0,0.0,0.0,9.0,4.0,0.0,0.0,0.0,0.0,0.0,0.0,0.0,0.0,2.0,12.0,1.0,12.18,5.01,2.51,1.49,0.0,0.0,0.0,0.4,0.0,0.2,1.2000000000000002,-0.8,-169.60000000000002,0.0,0.0,169.60000000000002,0.0,21.4,29.700000000000003,29.700000000000003,30.3,300.0,300.0,31.3,35.2,29.5,28.8,30.6,4.95,1.99,4.97,0.16,0.0,0.0,1027.0,8228.0,0.0,0.0,0.0,0.0,0.0,1.0,0.0,0.0,0.0,0.0,0.0,0.7000000000000001,0.0,0.9,0.0,0.0,16.0,25903.0
2026-07-30T19:00:21.630Z,191.113,191.124,0.0,7.4,0.0,0.0,0.0,0.0,0.0,0.0,0.0,0.0,1.0,0.0,0.0,0.0,9.0,4.0,0.0,0.0,0.0,0.0,0.0,0.0,0.0,0.0,1.0,12.0,1.0,12.18,5.01,2.51,1.49,0.0,0.0,0.0,0.5,0.0,0.3,-0.4,0.3,-169.60000000000002,0.0,0.0,169.60000000000002,0.0,21.4,29.700000000000003,29.700000000000003,30.3,300.0,300.0,31.3,35.2,29.5,28.8,30.6,4.96,1.99,4.96,0.16,0.0,0.0,1027.0,8228.0,0.0,0.0,0.0,0.0,0.0,1.0,0.0,0.0,0.0,0.0,0.0,-0.2,0.0,-0.4,0.0,0.0,16.0,25903.0
2026-07-30T19:00:21.639Z,191.122,191.136,0.0,7.4,0.0,0.0,0.0,0.0,0.0,0.0,0.0,0.0,1.0,0.0,0.0,0.0,9.0,4.0,0.0,0.0,0.0,0.0,0.0,0.0,0.0,0.0,5.0,12.0,1.0,12.18,5.01,2.51,1.49,0.0,0.0,0.0,0.4,0.0,0.8,1.2000000000000002,0.9,-169.60000000000002,0.0,0.0,169.60000000000002,0.0,21.4,29.700000000000003,29.700000000000003,30.3,300.0,300.0,31.3,35.2,29.5,28.8,30.6,4.95,1.99,4.97,0.16,0.0,0.0,1027.0,8228.0,0.0,0.0,0.0,0.0,0.0,1.0,0.0,0.0,0.0,0.0,0.0,-1.8,0.0,0.5,0.0,0.0,16.0,25903.0
2026-07-30T19:00:21.651Z,191.134,191.148,0.0,7.4,0.0,0.0,0.0,0.0,0.0,0.0,0.0,0.0,1.0,0.0,0.0,0.0,9.0,4.0,0.0,0.0,0.0,0.0,0.0,0.0,0.0,0.0,1.0,12.0,1.0,12.19,5.01,2.5,1.5,0.0,0.1,0.0,0.4,0.0,0.2,0.0,-0.2,-169.60000000000002,0.0,0.0,169.70000000000002,0.0,21.700000000000003,29.700000000000003,29.700000000000003,30.3,300.0,300.0,31.4,35.2,29.5,28.8,30.6,4.95,1.99,4.96,0.16,0.0,0.0,1027.0,8228.0,0.0,0.0,0.0,0.0,0.0,1.0,0.0,0.0,0.0,0.0,0.0,-0.1,0.0,0.2,0.0,0.0,16.0,25903.0
2026-07-30T19:00:21.663Z,191.146,191.16,0.0,7.4,0.0,0.0,0.0,0.0,0.0,0.0,0.0,0.0,1.0,0.0,0.0,0.0,9.0,4.0,0.0,0.0,0.0,0.0,0.0,0.0,0.0,0.0,2.0,12.0,1.0,12.19,5.01,2.5,1.5,0.0,0.0,0.0,0.4,0.0,0.2,1.2000000000000002,0.9,-169.60000000000002,0.0,0.0,169.70000000000002,0.0,21.700000000000003,29.700000000000003,29.700000000000003,30.3,300.0,300.0,31.4,35.2,29.5,28.8,30.6,4.96,2.0,4.96,0.16,0.0,0.0,1027.0,8228.0,0.0,0.0,0.0,0.0,0.0,1.0,0.0,0.0,0.0,0.0,0.0,0.7000000000000001,0.0,0.9,0.0,0.0,16.0,25903.0
2026-07-30T19:00:21.675Z,191.158,191.172,0.0,7.4,0.0,0.0,0.0,0.0,0.0,0.0,0.0,0.0,1.0,0.0,0.0,0.0,9.0,4.0,0.0,0.0,0.0,0.0,0.0,0.0,0.0,0.0,3.0,12.0,1.0,12.19,5.01,2.5,1.5,0.0,0.1,0.0,0.4,0.0,-0.3,-1.1,-0.8,-169.60000000000002,0.0,0.0,169.70000000000002,0.0,21.700000000000003,29.700000000000003,29.700000000000003,30.3,300.0,300.0,31.4,35.2,29.5,28.8,30.6,4.96,2.0,4.96,0.16,0.0,0.0,1027.0,8228.0,0.0,0.0,0.0,0.0,0.0,1.0,0.0,0.0,0.0,0.0,0.0,-0.7000000000000001,0.0,0.1,0.0,0.0001,16.0,25903.0
2026-07-30T19:00:21.687Z,191.17,191.184,0.0,7.4,0.0,0.0,0.0,0.0,0.0,0.0,0.0,0.0,1.0,0.0,0.0,0.0,9.0,4.0,0.0,0.0,0.0,0.0,0.0,0.0,0.0,0.0,4.0,12.0,1.0,12.19,5.01,2.5,1.5,0.0,0.1,0.0,0.4,0.0,-0.3,0.6000000000000001,-0.2,-169.60000000000002,0.0,0.0,169.60000000000002,0.0,21.700000000000003,29.700000000000003,29.700000000000003,30.3,300.0,300.0,31.4,35.2,29.5,28.8,30.6,4.95,1.99,4.97,0.16,0.0,0.0,1027.0,8228.0,0.0,0.0,0.0,0.0,0.0,1.0,0.0,0.0,0.0,0.0,0.0,0.5,0.0,0.3,0.0,0.0,16.0,25903.0
2026-07-30T19:00:21.699Z,191.182,191.196,0.0,7.4,0.0,0.0,0.0,0.0,0.0,0.0,0.0,0.0,1.0,0.0,0.0,0.0,9.0,4.0,0.0,0.0,0.0,0.0,0.0,0.0,0.0,0.0,5.0,12.0,1.0,12.19,5.01,2.5,1.5,0.0,0.0,0.0,0.4,0.0,-0.9,0.6000000000000001,-2.0,-169.60000000000002,0.0,0.0,169.60000000000002,0.0,21.700000000000003,29.700000000000003,29.700000000000003,30.3,300.0,300.0,31.4,35.2,29.5,28.8,30.6,4.95,1.99,4.96,0.16,0.0,0.0,1027.0,8228.0,0.0,0.0,0.0,0.0,0.0,1.0,0.0,0.0,0.0,0.0,0.0,-0.8,0.0,1.9,0.0,0.0,16.0,25903.0
2026-07-30T19:00:21.711Z,191.194,191.208,0.0,7.4,0.0,0.0,0.0,0.0,0.0,0.0,0.0,0.0,1.0,0.0,0.0,0.0,9.0,4.0,0.0,0.0,0.0,0.0,0.0,0.0,0.0,0.0,1.0,12.0,1.0,12.19,5.01,2.5,1.5,0.0,0.0,0.0,0.4,0.0,0.2,0.6000000000000001,1.4,-169.60000000000002,0.0,0.0,169.60000000000002,0.0,21.700000000000003,29.700000000000003,29.700000000000003,30.3,300.0,300.0,31.4,35.2,29.5,28.8,30.6,4.96,1.99,4.96,0.16,0.0,0.0,1027.0,8228.0,0.0,0.0,0.0,0.0,0.0,1.0,0.0,0.0,0.0,0.0,0.0,1.8,0.0,-1.1,0.0,0.0,16.0,25903.0
2026-07-30T19:00:21.723Z,191.206,191.22,0.0,7.4,0.0,0.0,0.0,0.0,0.0,0.0,0.0,0.0,1.0,0.0,0.0,0.0,9.0,4.0,0.0,0.0,0.0,0.0,0.0,0.0,0.0,0.0,2.0,12.0,1.0,12.19,5.01,2.5,1.5,0.0,0.0,0.0,0.4,0.0,-0.9,0.0,0.3,-169.60000000000002,0.0,0.0,169.70000000000002,0.0,21.700000000000003,29.700000000000003,29.700000000000003,30.3,300.0,300.0,31.4,35.2,29.5,28.8,30.6,4.95,1.99,4.97,0.16,0.0,0.0,1027.0,8228.0,0.0,0.0,0.0,0.0,0.0,1.0,0.0,0.0,0.0,0.0,0.0,0.3,0.0,-0.3,0.0,0.0,16.0,25903.0
2026-07-30T19:00:21.735Z,191.218,191.232,0.0,7.4,0.0,0.0,0.0,0.0,0.0,0.0,0.0,0.0,1.0,0.0,0.0,0.0,9.0,4.0,0.0,0.0,0.0,0.0,0.0,0.0,0.0,0.0,3.0,12.0,1.0,12.19,5.01,2.5,1.5,0.0,0.0,0.0,0.4,0.0,0.2,0.5,0.3,-169.60000000000002,0.0,0.0,169.60000000000002,0.0,21.700000000000003,29.700000000000003,29.700000000000003,30.3,300.0,300.0,31.4,35.2,29.5,28.8,30.6,4.96,1.99,4.96,0.16,0.0,0.0,1027.0,8228.0,0.0,0.0,0.0,0.0,0.0,1.0,0.0,0.0,0.0,0.0,0.0,0.8,0.0,-0.1,0.0,0.0,16.0,25903.0
2026-07-30T19:00:21.747Z,191.23,191.244,0.0,7.4,0.0,0.0,0.0,0.0,0.0,0.0,0.0,0.0,1.0,0.0,0.0,0.0,9.0,4.0,0.0,0.0,0.0,0.0,0.0,0.0,0.0,0.0,4.0,12.0,1.0,12.15,5.01,2.5,1.49,0.0,0.1,0.0,0.4,0.0,-0.3,0.0,-1.4,-169.60000000000002,0.0,0.0,169.60000000000002,0.0,21.9,29.700000000000003,29.700000000000003,30.3,300.0,300.0,31.3,35.2,29.5,28.8,30.6,4.96,2.0,4.97,0.16,0.0,0.0,1027.0,8228.0,0.0,0.0,0.0,0.0,0.0,1.0,0.0,0.0,0.0,0.0,0.0,-1.1,0.0,1.2000000000000002,0.0,0.0001,16.0,25903.0
2026-07-30T19:00:21.759Z,191.242,191.256,0.0,7.4,0.0,0.0,0.0,0.0,0.0,0.0,0.0,0.0,1.0,0.0,0.0,0.0,9.0,4.0,0.0,0.0,0.0,0.0,0.0,0.0,0.0,0.0,5.0,12.0,1.0,12.15,5.01,2.5,1.49,0.0,0.0,0.0,0.5,0.0,-0.3,0.0,0.2,-169.60000000000002,0.0,0.0,169.70000000000002,0.0,21.9,29.700000000000003,29.700000000000003,30.3,300.0,300.0,31.3,35.2,29.5,28.8,30.6,4.96,1.99,4.97,0.16,0.0,0.0,1027.0,8228.0,0.0,0.0,0.0,0.0,0.0,1.0,0.0,0.0,0.0,0.0,0.0,0.1,0.0,-0.2,0.0,0.0,16.0,25903.0
2026-07-30T19:00:21.771Z,191.254,191.268,0.0,7.4,0.0,0.0,0.0,0.0,0.0,0.0,0.0,0.0,1.0,0.0,0.0,0.0,9.0,4.0,0.0,0.0,0.0,0.0,0.0,0.0,0.0,0.0,6.0,12.0,1.0,12.15,5.01,2.5,1.49,0.0,0.0,0.0,0.4,0.0,-0.3,0.5,0.3,-169.60000000000002,0.0,0.0,169.60000000000002,0.0,21.9,29.700000000000003,29.700000000000003,30.3,300.0,300.0,31.3,35.2,29.5,28.8,30.6,4.95,1.99,4.97,0.16,0.0,0.0,1027.0,8228.0,0.0,0.0,0.0,0.0,0.0,1.0,0.0,0.0,0.0,0.0,0.0,0.8,0.0,-0.1,0.0,0.0,16.0,25903.0
2026-07-30T19:00:21.783Z,191.266,191.28,0.0,7.4,0.0,0.0,0.0,0.0,0.0,0.0,0.0,0.0,1.0,0.0,0.0,0.0,9.0,4.0,0.0,0.0,0.0,0.0,0.0,0.0,0.0,0.0,2.0,12.0,1.0,12.15,5.01,2.5,1.49,-0.1,0.1,0.0,0.4,0.0,0.8,0.0,0.3,-169.60000000000002,0.0,0.0,169.60000000000002,0.0,21.9,29.700000000000003,29.700000000000003,30.3,300.0,300.0,31.3,35.2,29.5,28.8,30.6,4.96,1.99,4.96,0.16,0.0,0.0,1027.0,8228.0,0.0,0.0,0.0,0.0,0.0,1.0,0.0,0.0,0.0,0.0,0.0,0.2,0.0,-0.2,0.0,0.0,16.0,25903.0
2026-07-30T19:00:21.795Z,191.278,191.292,0.0,7.4,0.0,0.0,0.0,0.0,0.0,0.0,0.0,0.0,1.0,0.0,0.0,0.0,9.0,4.0,0.0,0.0,0.0,0.0,0.0,0.0,0.0,0.0,2.0,12.0,1.0,12.15,5.01,2.5,1.49,0.0,0.0,0.0,0.4,0.0,0.2,0.5,0.9,-169.60000000000002,0.0,0.0,169.70000000000002,0.0,21.9,29.700000000000003,29.700000000000003,30.3,300.0,300.0,31.3,35.2,29.5,28.8,30.6,4.96,1.99,4.96,0.16,0.0,0.0,1027.0,8228.0,0.0,0.0,0.0,0.0,0.0,1.0,0.0,0.0,0.0,0.0,0.0,1.3,0.0,-0.7000000000000001,0.0,0.0,16.0,25903.0
2026-07-30T19:00:21.807Z,191.29,191.304,0.0,7.4,0.0,0.0,0.0,0.0,0.0,0.0,0.0,0.0,1.0,0.0,0.0,0.0,9.0,4.0,0.0,0.0,0.0,0.0,0.0,0.0,0.0,0.0,3.0,12.0,1.0,12.15,5.01,2.5,1.49,0.0,0.0,0.0,0.4,0.0,-0.2,0.0,-0.2,-169.60000000000002,0.0,0.0,169.60000000000002,0.0,21.9,29.700000000000003,29.700000000000003,30.3,300.0,300.0,31.3,35.2,29.5,28.8,30.6,4.96,2.0,4.96,0.16,0.0,0.0,1027.0,8228.0,0.0,0.0,0.0,0.0,0.0,1.0,0.0,0.0,0.0,0.0,0.0,-0.2,0.0,0.1,0.0,0.0,16.0,25903.0
2026-07-30T19:00:21.819Z,191.302,191.316,0.0,7.4,0.0,0.0,0.0,0.0,0.0,0.0,0.0,0.0,1.0,0.0,0.0,0.0,9.0,4.0,0.0,0.0,0.0,0.0,0.0,0.0,0.0,0.0,5.0,12.0,1.0,12.15,5.01,2.5,1.49,0.0,0.0,0.0,0.5,0.0,0.3,0.0,0.3,-169.60000000000002,0.0,0.0,169.60000000000002,0.0,21.9,29.700000000000003,29.700000000000003,30.3,300.0,300.0,31.3,35.2,29.5,28.8,30.6,4.96,2.0,4.96,0.16,0.0,0.0,1027.0,8228.0,0.0,0.0,0.0,0.0,0.0,1.0,0.0,0.0,0.0,0.0,0.0,0.2,0.0,-0.2,0.0,0.0,16.0,25903.0
2026-07-30T19:00:21.831Z,191.314,191.328,0.0,7.4,0.0,0.0,0.0,0.0,0.0,0.0,0.0,0.0,1.0,0.0,0.0,0.0,9.0,4.0,0.0,0.0,0.0,0.0,0.0,0.0,0.0,0.0,6.0,12.0,1.0,12.15,5.01,2.5,1.49,0.0,0.0,0.0,0.4,0.0,0.2,-0.6000000000000001,-0.2,-169.60000000000002,0.0,0.0,169.60000000000002,0.0,21.9,29.700000000000003,29.700000000000003,30.3,300.0,300.0,31.3,35.2,29.5,28.8,30.6,4.95,2.0,4.96,0.16,0.0,0.0,1027.0,8228.0,0.0,0.0,0.0,0.0,0.0,1.0,0.0,0.0,0.0,0.0,0.0,-0.8,0.0,0.0,0.0,0.0,16.0,25903.0
2026-07-30T19:00:21.843Z,191.326,191.34,0.0,7.4,0.0,0.0,0.0,0.0,0.0,0.0,0.0,0.0,1.0,0.0,0.0,0.0,9.0,4.0,0.0,0.0,0.0,0.0,0.0,0.0,0.0,0.0,2.0,12.0,1.0,12.15,5.01,2.5,1.49,0.0,0.0,0.0,0.4,0.0,0.8,1.1,-0.7000000000000001,-169.60000000000002,0.0,0.0,169.60000000000002,0.0,21.9,29.700000000000003,29.700000000000003,30.3,300.0,300.0,31.3,35.2,29.5,28.8,30.6,4.95,1.99,4.97,0.16,0.0,0.0,1027.0,8228.0,0.0,0.0,0.0,0.0,0.0,1.0,0.0,0.0,0.0,0.0,0.0,0.7000000000000001,0.0,0.9,0.0,0.0,16.0,25903.0
2026-07-30T19:00:21.855Z,191.338,191.352,0.0,7.4,0.0,0.0,0.0,0.0,0.0,0.0,0.0,0.0,1.0,0.0,0.0,0.0,9.0,4.0,0.0,0.0,0.0,0.0,0.0,0.0,0.0,0.0,4.0,12.0,1.0,12.15,5.0200000000000005,2.51,1.49,0.0,0.0,0.0,0.4,0.0,0.3,0.0,0.4,-169.60000000000002,0.0,0.0,169.60000000000002,0.0,21.4,29.700000000000003,29.700000000000003,30.3,300.0,300.0,31.3,35.2,29.5,28.8,30.6,4.95,1.99,4.97,0.16,0.0,0.0,1027.0,8228.0,0.0,0.0,0.0,0.0,0.0,1.0,0.0,0.0,0.0,0.0,0.0,0.3,0.0,-0.3,0.0,0.0,16.0,25903.0
2026-07-30T19:00:21.867Z,191.35,191.364,0.0,7.4,0.0,0.0,0.0,0.0,0.0,0.0,0.0,0.0,1.0,0.0,0.0,0.0,9.0,4.0,0.0,0.0,0.0,0.0,0.0,0.0,0.0,0.0,5.0,12.0,1.0,12.15,5.0200000000000005,2.51,1.49,0.0,0.0,0.0,0.4,0.0,-0.2,-1.1,-0.7000000000000001,-169.60000000000002,0.0,0.0,169.60000000000002,0.0,21.4,29.700000000000003,29.700000000000003,30.3,300.0,300.0,31.3,35.2,29.5,28.8,30.6,4.96,1.99,4.96,0.16,0.0,0.0,1027.0,8228.0,0.0,0.0,0.0,0.0,0.0,1.0,0.0,0.0,0.0,0.0,0.0,-1.8,0.0,0.4,0.0,0.0,16.0,25903.0
2026-07-30T19:00:21.879Z,191.362,191.376,0.0,7.4,0.0,0.0,0.0,0.0,0.0,0.0,0.0,0.0,1.0,0.0,0.0,0.0,9.0,4.0,0.0,0.0,0.0,0.0,0.0,0.0,0.0,0.0,1.0,12.0,1.0,12.15,5.0200000000000005,2.51,1.49,0.0,0.0,0.0,0.4,0.0,0.2,0.0,0.4,-169.60000000000002,0.0,0.0,169.70000000000002,0.0,21.4,29.700000000000003,29.700000000000003,30.3,300.0,300.0,31.3,35.2,29.5,28.8,30.6,4.95,1.99,4.97,0.16,0.0,0.0,1027.0,8228.0,0.0,0.0,0.0,0.0,0.0,1.0,0.0,0.0,0.0,0.0,0.0,0.3,0.0,-0.4,0.0,0.0,16.0,25903.0
2026-07-30T19:00:21.891Z,191.374,191.388,0.0,7.4,0.0,0.0,0.0,0.0,0.0,0.0,0.0,0.0,1.0,0.0,0.0,0.0,9.0,4.0,0.0,0.0,0.0,0.0,0.0,0.0,0.0,0.0,2.0,12.0,1.0,12.15,5.0200000000000005,2.51,1.49,0.0,0.0,0.0,0.4,0.0,-0.3,1.1,-0.1,-169.60000000000002,0.0,0.0,169.60000000000002,0.0,21.4,29.700000000000003,29.700000000000003,30.3,300.0,300.0,31.3,35.2,29.5,28.8,30.6,4.95,1.99,4.96,0.16,0.0,0.0,1027.0,8228.0,0.0,0.0,0.0,0.0,0.0,1.0,0.0,0.0,0.0,0.0,0.0,1.2000000000000002,0.0,0.3,0.0,0.0,16.0,25903.0
2026-07-30T19:00:21.903Z,191.386,191.4,0.0,7.4,0.0,0.0,0.0,0.0,0.0,0.0,0.0,0.0,1.0,0.0,0.0,0.0,9.0,4.0,0.0,0.0,0.0,0.0,0.0,0.0,0.0,0.0,4.0,12.0,1.0,12.15,5.0200000000000005,2.51,1.49,0.0,0.0,0.0,0.4,0.0,0.2,0.0,-0.1,-169.60000000000002,0.0,0.0,169.60000000000002,0.0,21.4,29.700000000000003,29.700000000000003,30.3,300.0,300.0,31.3,35.2,29.5,28.8,30.6,4.95,1.99,4.96,0.16,0.0,0.0,1027.0,8228.0,0.0,0.0,0.0,0.0,0.0,1.0,0.0,0.0,0.0,0.0,0.0,0.0,0.0,0.0,0.0,0.0,16.0,25903.0
2026-07-30T19:00:21.915Z,191.398,191.412,0.0,7.4,0.0,0.0,0.0,0.0,0.0,0.0,0.0,0.0,1.0,0.0,0.0,0.0,9.0,4.0,0.0,0.0,0.0,0.0,0.0,0.0,0.0,0.0,5.0,12.0,1.0,12.15,5.0200000000000005,2.51,1.49,0.0,0.1,0.0,0.5,0.0,-0.2,-0.5,-0.6000000000000001,-169.60000000000002,0.0,0.0,169.60000000000002,0.0,21.4,29.700000000000003,29.700000000000003,30.3,300.0,300.0,31.3,35.2,29.5,28.8,30.6,4.95,1.99,4.97,0.16,0.0,0.0,1027.0,8228.0,0.0,0.0,0.0,0.0,0.0,1.0,0.0,0.0,0.0,0.0,0.0,-1.0,0.0,0.4,0.0,0.0,16.0,25903.0
2026-07-30T19:00:21.927Z,191.41,191.424,0.0,7.4,0.0,0.0,0.0,0.0,0.0,0.0,0.0,0.0,1.0,0.0,0.0,0.0,9.0,4.0,0.0,0.0,0.0,0.0,0.0,0.0,0.0,0.0,1.0,12.0,1.0,12.15,5.0200000000000005,2.51,1.49,0.0,0.0,0.0,0.4,0.0,0.3,-0.5,-1.2000000000000002,-169.60000000000002,0.0,0.0,169.60000000000002,0.0,21.4,29.700000000000003,29.700000000000003,30.3,300.0,300.0,31.3,35.2,29.5,28.8,30.6,4.95,1.99,4.97,0.16,0.0,0.0,1027.0,8228.0,0.0,0.0,0.0,0.0,0.0,1.0,0.0,0.0,0.0,0.0,0.0,-1.4,0.0,0.9,0.0,0.0,16.0,25903.0
2026-07-30T19:00:21.946Z,191.429,191.436,0.0,7.4,0.0,0.0,0.0,0.0,0.0,0.0,0.0,0.0,1.0,0.0,0.0,0.0,9.0,4.0,0.0,0.0,0.0,0.0,0.0,0.0,0.0,0.0,2.0,12.0,1.0,12.15,5.0200000000000005,2.51,1.49,0.0,0.0,0.0,0.4,0.0,-0.2,0.0,0.5,-169.60000000000002,0.0,0.0,169.60000000000002,0.0,21.4,29.700000000000003,29.700000000000003,30.3,300.0,300.0,31.3,35.2,29.5,28.8,30.6,4.95,1.99,4.96,0.16,0.0,0.0,1027.0,8228.0,0.0,0.0,0.0,0.0,0.0,1.0,0.0,0.0,0.0,0.0,0.0,0.4,0.0,-0.5,0.0,0.0,16.0,25903.0
2026-07-30T19:00:21.951Z,191.434,191.448,0.0,7.4,0.0,0.0,0.0,0.0,0.0,0.0,0.0,0.0,1.0,0.0,0.0,0.0,9.0,4.0,0.0,0.0,0.0,0.0,0.0,0.0,0.0,0.0,6.0,12.0,1.0,12.17,5.01,2.51,1.49,0.0,0.0,0.0,0.4,0.0,-0.8,0.6000000000000001,0.0,-169.60000000000002,0.0,0.0,169.70000000000002,0.0,21.700000000000003,29.700000000000003,29.700000000000003,30.3,300.0,300.0,31.3,35.2,29.5,28.8,30.6,4.96,1.99,4.96,0.16,0.0,0.0,1027.0,8228.0,0.0,0.0,0.0,0.0,0.0,1.0,0.0,0.0,0.0,0.0,0.0,0.7000000000000001,0.0,0.1,0.0,0.0,16.0,25903.0
2026-07-30T19:00:21.963Z,191.446,191.46,0.0,7.4,0.0,0.0,0.0,0.0,0.0,0.0,0.0,0.0,1.0,0.0,0.0,0.0,9.0,4.0,0.0,0.0,0.0,0.0,0.0,0.0,0.0,0.0,1.0,12.0,1.0,12.17,5.01,2.51,1.49,0.0,0.0,0.0,0.4,0.0,0.3,-0.4,-1.1,-169.60000000000002,0.0,0.0,169.70000000000002,0.0,21.700000000000003,29.700000000000003,29.700000000000003,30.3,300.0,300.0,31.3,35.2,29.5,28.8,30.6,4.95,1.99,4.97,0.16,0.0,0.0,1027.0,8228.0,0.0,0.0,0.0,0.0,0.0,1.0,0.0,0.0,0.0,0.0,0.0,-1.4,0.0,0.9,0.0,0.0,16.0,25903.0
2026-07-30T19:00:21.975Z,191.458,191.472,0.0,7.4,0.0,0.0,0.0,0.0,0.0,0.0,0.0,0.0,1.0,0.0,0.0,0.0,9.0,4.0,0.0,0.0,0.0,0.0,0.0,0.0,0.0,0.0,2.0,12.0,1.0,12.17,5.01,2.51,1.49,0.0,0.0,0.0,0.4,0.0,0.9,-0.5,0.5,-169.60000000000002,0.0,0.0,169.70000000000002,0.0,21.700000000000003,29.700000000000003,29.700000000000003,30.3,300.0,300.0,31.3,35.2,29.5,28.8,30.6,4.96,1.99,4.96,0.16,0.0,0.0,1027.0,8228.0,0.0,0.0,0.0,0.0,0.0,1.0,0.0,0.0,0.0,0.0,0.0,-0.1,0.0,-0.6000000000000001,0.0,0.0001,16.0,25903.0
2026-07-30T19:00:21.987Z,191.47,191.484,0.0,7.4,0.0,0.0,0.0,0.0,0.0,0.0,0.0,0.0,1.0,0.0,0.0,0.0,9.0,4.0,0.0,0.0,0.0,0.0,0.0,0.0,0.0,0.0,4.0,12.0,1.0,12.17,5.01,2.51,1.49,0.0,0.0,0.0,0.4,0.0,-0.2,0.0,1.1,-169.60000000000002,0.0,0.0,169.60000000000002,0.0,21.700000000000003,29.700000000000003,29.700000000000003,30.3,300.0,300.0,31.3,35.2,29.5,28.8,30.6,4.96,1.99,4.97,0.16,0.0,0.0,1027.0,8228.0,0.0,0.0,0.0,0.0,0.0,1.0,0.0,0.0,0.0,0.0,0.0,0.9,0.0,-0.9,0.0,0.0,16.0,25903.0
2026-07-30T19:00:21.999Z,191.482,191.496,0.0,7.4,0.0,0.0,0.0,0.0,0.0,0.0,0.0,0.0,1.0,0.0,0.0,0.0,9.0,4.0,0.0,0.0,0.0,0.0,0.0,0.0,0.0,0.0,5.0,12.0,1.0,12.17,5.01,2.51,1.49,0.0,0.0,0.0,0.4,0.0,0.2,0.0,-0.5,-169.60000000000002,0.0,0.0,169.60000000000002,0.0,21.700000000000003,29.700000000000003,29.700000000000003,30.3,300.0,300.0,31.3,35.2,29.5,28.8,30.6,4.95,1.99,4.97,0.16,0.0,0.0,1027.0,8228.0,0.0,0.0,0.0,0.0,0.0,1.0,0.0,0.0,0.0,0.0,0.0,-0.3,0.0,0.5,0.0,0.0,16.0,25903.0
2026-07-30T19:00:22.011Z,191.494,191.508,0.0,7.4,0.0,0.0,0.0,0.0,0.0,0.0,0.0,0.0,1.0,0.0,0.0,0.0,9.0,4.0,0.0,0.0,0.0,0.0,0.0,0.0,0.0,0.0,6.0,12.0,1.0,12.17,5.01,2.51,1.49,0.0,0.0,0.0,0.4,0.0,-1.4,-0.4,0.0,-169.60000000000002,0.0,0.0,169.60000000000002,0.0,21.700000000000003,29.700000000000003,29.700000000000003,30.3,300.0,300.0,31.3,35.2,29.5,28.8,30.6,4.95,1.99,4.97,0.16,0.0,0.0,1027.0,8228.0,0.0,0.0,0.0,0.0,0.0,1.0,0.0,0.0,0.0,0.0,0.0,-0.5,0.0,-0.1,0.0,0.0,16.0,25903.0
2026-07-30T19:00:22.023Z,191.506,191.52,0.0,7.4,0.0,0.0,0.0,0.0,0.0,0.0,0.0,0.0,1.0,0.0,0.0,0.0,9.0,4.0,0.0,0.0,0.0,0.0,0.0,0.0,0.0,0.0,2.0,12.0,1.0,12.17,5.01,2.51,1.49,0.0,0.1,0.0,0.4,0.0,-0.3,-1.1,0.6000000000000001,-169.60000000000002,0.0,0.0,169.70000000000002,0.0,21.700000000000003,29.700000000000003,29.700000000000003,30.3,300.0,300.0,31.3,35.2,29.5,28.8,30.6,4.96,2.0,4.96,0.16,0.0,0.0,1027.0,8228.0,0.0,0.0,0.0,0.0,0.0,1.0,0.0,0.0,0.0,0.0,0.0,-0.7000000000000001,0.0,-0.7000000000000001,0.0,0.0,16.0,25903.0
2026-07-30T19:00:22.035Z,191.518,191.532,0.0,7.4,0.0,0.0,0.0,0.0,0.0,0.0,0.0,0.0,1.0,0.0,0.0,0.0,9.0,4.0,0.0,0.0,0.0,0.0,0.0,0.0,0.0,0.0,3.0,12.0,1.0,12.17,5.01,2.51,1.49,0.0,0.1,0.0,0.4,0.0,-0.8,0.0,1.2000000000000002,-169.60000000000002,0.0,0.0,169.60000000000002,0.0,21.700000000000003,29.700000000000003,29.700000000000003,30.3,300.0,300.0,31.3,35.2,29.5,28.8,30.6,4.96,1.99,4.97,0.16,0.0,0.0,1027.0,8228.0,0.0,0.0,0.0,0.0,0.0,1.0,0.0,0.0,0.0,0.0,0.0,0.9,0.0,-1.0,0.0,0.0,16.0,25903.0
2026-07-30T19:00:22.047Z,191.53,191.544,0.0,7.4,0.0,0.0,0.0,0.0,0.0,0.0,0.0,0.0,1.0,0.0,0.0,0.0,9.0,4.0,0.0,0.0,0.0,0.0,0.0,0.0,0.0,0.0,4.0,12.0,1.0,12.17,5.01,2.51,1.49,0.0,0.1,0.0,0.4,0.0,0.3,0.0,-0.5,-169.60000000000002,0.0,0.0,169.60000000000002,0.0,21.700000000000003,29.700000000000003,29.700000000000003,30.3,300.0,300.0,31.3,35.2,29.5,28.8,30.6,4.95,1.99,4.97,0.16,0.0,0.0,1027.0,8228.0,0.0,0.0,0.0,0.0,0.0,1.0,0.0,0.0,0.0,0.0,0.0,-0.3,0.0,0.4,0.0,0.0,16.0,25903.0
2026-07-30T19:00:22.059Z,191.542,191.556,0.0,7.4,0.0,0.0,0.0,0.0,0.0,0.0,0.0,0.0,1.0,0.0,0.0,0.0,9.0,4.0,0.0,0.0,0.0,0.0,0.0,0.0,0.0,0.0,6.0,12.0,1.0,12.22,5.01,2.5,1.49,0.0,0.0,0.0,0.4,0.0,0.3,0.0,0.6000000000000001,-169.60000000000002,0.0,0.0,169.60000000000002,0.0,21.4,29.700000000000003,29.700000000000003,30.3,300.0,300.0,31.3,35.1,29.5,28.700000000000003,30.6,4.96,1.99,4.96,0.16,0.0,0.0,1027.0,8228.0,0.0,0.0,0.0,0.0,0.0,1.0,0.0,0.0,0.0,0.0,0.0,0.5,0.0,-0.5,0.0,0.0,16.0,25903.0
2026-07-30T19:00:22.071Z,191.554,191.568,0.0,7.4,0.0,0.0,0.0,0.0,0.0,0.0,0.0,0.0,1.0,0.0,0.0,0.0,9.0,4.0,0.0,0.0,0.0,0.0,0.0,0.0,0.0,0.0,1.0,12.0,1.0,12.22,5.01,2.5,1.49,0.0,0.0,0.0,0.4,0.0,-0.2,-0.5,0.6000000000000001,-169.60000000000002,0.0,0.0,169.60000000000002,0.0,21.4,29.700000000000003,29.700000000000003,30.3,300.0,300.0,31.3,35.1,29.5,28.700000000000003,30.6,4.95,2.0,4.97,0.16,0.0,0.0,1027.0,8228.0,0.0,0.0,0.0,0.0,0.0,1.0,0.0,0.0,0.0,0.0,0.0,0.0,0.0,-0.7000000000000001,0.0,0.0,16.0,25903.0
2026-07-30T19:00:22.084Z,191.567,191.58,0.0,7.4,0.0,0.0,0.0,0.0,0.0,0.0,0.0,0.0,1.0,0.0,0.0,0.0,9.0,4.0,0.0,0.0,0.0,0.0,0.0,0.0,0.0,0.0,2.0,12.0,1.0,12.22,5.01,2.5,1.49,0.0,0.0,0.0,0.4,0.0,-0.2,1.2000000000000002,0.0,-169.60000000000002,0.0,0.0,169.70000000000002,0.0,21.4,29.700000000000003,29.700000000000003,30.3,300.0,300.0,31.3,35.1,29.5,28.700000000000003,30.6,4.95,1.99,4.97,0.16,0.0,0.0,1027.0,8228.0,0.0,0.0,0.0,0.0,0.0,1.0,0.0,0.0,0.0,0.0,0.0,1.4,0.0,0.1,0.0,0.0,16.0,25903.0
2026-07-30T19:00:22.095Z,191.578,191.592,0.0,7.4,0.0,0.0,0.0,0.0,0.0,0.0,0.0,0.0,1.0,0.0,0.0,0.0,9.0,4.0,0.0,0.0,0.0,0.0,0.0,0.0,0.0,0.0,3.0,12.0,1.0,12.22,5.01,2.5,1.49,0.0,0.0,0.0,0.4,0.0,-0.2,0.0,0.0,-169.60000000000002,0.0,0.0,169.60000000000002,0.0,21.4,29.700000000000003,29.700000000000003,30.3,300.0,300.0,31.3,35.1,29.5,28.700000000000003,30.6,4.95,1.99,4.97,0.16,0.0,0.0,1027.0,8228.0,0.0,0.0,0.0,0.0,0.0,1.0,0.0,0.0,0.0,0.0,0.0,0.1,0.0,0.0,0.0,0.0,16.0,25903.0
2026-07-30T19:00:22.108Z,191.591,191.604,0.0,7.4,0.0,0.0,0.0,0.0,0.0,0.0,0.0,0.0,1.0,0.0,0.0,0.0,9.0,4.0,0.0,0.0,0.0,0.0,0.0,0.0,0.0,0.0,4.0,12.0,1.0,12.22,5.01,2.5,1.49,0.0,0.0,0.0,0.4,0.0,0.9,0.1,0.6000000000000001,-169.60000000000002,0.0,0.0,169.70000000000002,0.0,21.4,29.700000000000003,29.700000000000003,30.3,300.0,300.0,31.3,35.1,29.5,28.700000000000003,30.6,4.96,1.99,4.96,0.16,0.0,0.0,1027.0,8228.0,0.0,0.0,0.0,0.0,0.0,1.0,0.0,0.0,0.0,0.0,0.0,0.6000000000000001,0.0,-0.5,0.0,0.0,16.0,25903.0
2026-07-30T19:00:22.120Z,191.603,191.616,0.0,7.4,0.0,0.0,0.0,0.0,0.0,0.0,0.0,0.0,1.0,0.0,0.0,0.0,9.0,4.0,0.0,0.0,0.0,0.0,0.0,0.0,0.0,0.0,5.0,12.0,1.0,12.22,5.01,2.5,1.49,0.0,0.0,0.0,0.5,0.0,-0.2,-1.0,-0.5,-169.60000000000002,0.0,0.0,169.70000000000002,0.0,21.4,29.700000000000003,29.700000000000003,30.3,300.0,300.0,31.3,35.1,29.5,28.700000000000003,30.6,4.96,1.99,4.97,0.16,0.0,0.0,1027.0,8228.0,0.0,0.0,0.0,0.0,0.0,1.0,0.0,0.0,0.0,0.0,0.0,-1.5,0.0,0.2,0.0,0.0002,16.0,25903.0
2026-07-30T19:00:22.132Z,191.615,191.628,0.0,7.4,0.0,0.0,0.0,0.0,0.0,0.0,0.0,0.0,1.0,0.0,0.0,0.0,9.0,4.0,0.0,0.0,0.0,0.0,0.0,0.0,0.0,0.0,6.0,12.0,1.0,12.22,5.01,2.5,1.49,0.0,0.0,0.0,0.4,0.0,0.9,0.0,0.1,-169.60000000000002,0.0,0.0,169.60000000000002,0.0,21.4,29.700000000000003,29.700000000000003,30.3,300.0,300.0,31.3,35.1,29.5,28.700000000000003,30.6,4.96,1.99,4.97,0.16,0.0,0.0,1027.0,8228.0,0.0,0.0,0.0,0.0,0.0,1.0,0.0,0.0,0.0,0.0,0.0,0.1,0.0,0.0,0.0,0.0001,16.0,25903.0
2026-07-30T19:00:22.143Z,191.626,191.64,0.0,7.4,0.0,0.0,0.0,0.0,0.0,0.0,0.0,0.0,1.0,0.0,0.0,0.0,9.0,4.0,0.0,0.0,0.0,0.0,0.0,0.0,0.0,0.0,2.0,12.0,1.0,12.22,5.01,2.5,1.49,0.0,0.0,0.0,0.5,0.0,-0.2,-1.1,-1.0,-169.60000000000002,0.0,0.0,169.60000000000002,0.0,21.4,29.700000000000003,29.700000000000003,30.3,300.0,300.0,31.3,35.1,29.5,28.700000000000003,30.6,4.96,1.99,4.97,0.16,0.0,0.0,1027.0,8228.0,0.0,0.0,0.0,0.0,0.0,1.0,0.0,0.0,0.0,0.0,0.0,-2.0,0.0,0.7000000000000001,0.0,0.0001,16.0,25903.0
2026-07-30T19:00:22.155Z,191.638,191.652,0.0,7.4,0.0,0.0,0.0,0.0,0.0,0.0,0.0,0.0,1.0,0.0,0.0,0.0,9.0,4.0,0.0,0.0,0.0,0.0,0.0,0.0,0.0,0.0,3.0,12.0,1.0,12.15,5.01,2.51,1.49,0.0,0.0,0.0,0.4,0.0,0.3,-0.5,0.0,-169.60000000000002,0.0,0.0,169.70000000000002,0.0,21.700000000000003,29.700000000000003,29.700000000000003,30.3,300.0,300.0,31.3,35.2,29.5,28.700000000000003,30.6,4.96,1.99,4.96,0.16,0.0,0.0,1027.0,8228.0,0.0,0.0,0.0,0.0,0.0,1.0,0.0,0.0,0.0,0.0,0.0,-0.5,0.0,-0.1,0.0,0.0,16.0,25903.0
2026-07-30T19:00:22.168Z,191.651,191.664,0.0,7.4,0.0,0.0,0.0,0.0,0.0,0.0,0.0,0.0,1.0,0.0,0.0,0.0,9.0,4.0,0.0,0.0,0.0,0.0,0.0,0.0,0.0,0.0,4.0,12.0,1.0,12.15,5.01,2.51,1.49,0.0,0.1,0.0,0.4,0.0,-0.2,-1.1,-0.5,-169.60000000000002,0.0,0.0,169.60000000000002,0.0,21.700000000000003,29.700000000000003,29.700000000000003,30.3,300.0,300.0,31.3,35.2,29.5,28.700000000000003,30.6,4.95,1.99,4.97,0.16,0.0,0.0,1027.0,8228.0,0.0,0.0,0.0,0.0,0.0,1.0,0.0,0.0,0.0,0.0,0.0,-0.1,0.0,-0.6000000000000001,0.0,0.0001,16.0,25903.0
2026-07-30T19:00:22.179Z,191.662,191.676,0.0,7.4,0.0,0.0,0.0,0.0,0.0,0.0,0.0,0.0,1.0,0.0,0.0,0.0,9.0,4.0,0.0,0.0,0.0,0.0,0.0,0.0,0.0,0.0,5.0,12.0,1.0,12.15,5.01,2.51,1.49,0.0,0.0,0.0,0.4,0.0,-0.8,-0.5,-0.5,-169.60000000000002,0.0,0.0,169.70000000000002,0.0,21.700000000000003,29.700000000000003,29.700000000000003,30.3,300.0,300.0,31.3,35.2,29.5,28.700000000000003,30.6,4.95,1.99,4.96,0.16,0.0,0.0,1027.0,8228.0,0.0,0.0,0.0,0.0,0.0,1.0,0.0,0.0,0.0,0.0,0.0,0.0,0.0,0.0,0.0,0.0001,16.0,25903.0
2026-07-30T19:00:22.191Z,191.674,191.688,0.0,7.4,0.0,0.0,0.0,0.0,0.0,0.0,0.0,0.0,1.0,0.0,0.0,0.0,9.0,4.0,0.0,0.0,0.0,0.0,0.0,0.0,0.0,0.0,6.0,12.0,1.0,12.15,5.01,2.51,1.49,0.0,0.0,0.0,0.4,0.0,-0.2,0.0,0.5,-169.60000000000002,0.0,0.0,169.8,0.0,21.700000000000003,29.700000000000003,29.700000000000003,30.3,300.0,300.0,31.3,35.2,29.5,28.700000000000003,30.6,4.96,1.99,4.96,0.16,0.0,0.0,1027.0,8228.0,0.0,0.0,0.0,0.0,0.0,1.0,0.0,0.0,0.0,0.0,0.0,-0.4,0.0,0.5,0.0,0.0,16.0,25903.0
2026-07-30T19:00:22.203Z,191.686,191.7,0.0,7.4,0.0,0.0,0.0,0.0,0.0,0.0,0.0,0.0,1.0,0.0,0.0,0.0,9.0,4.0,0.0,0.0,0.0,0.0,0.0,0.0,0.0,0.0,1.0,12.0,1.0,12.15,5.01,2.51,1.49,0.0,0.0,0.0,0.4,0.0,0.3,0.0,-0.6000000000000001,-169.60000000000002,0.0,0.0,169.70000000000002,0.0,21.700000000000003,29.700000000000003,29.700000000000003,30.3,300.0,300.0,31.3,35.2,29.5,28.700000000000003,30.6,4.95,1.99,4.97,0.16,0.0,0.0,1027.0,8228.0,0.0,0.0,0.0,0.0,0.0,1.0,0.0,0.0,0.0,0.0,0.0,-0.4,0.0,0.5,0.0,0.0001,16.0,25903.0
2026-07-30T19:00:22.216Z,191.699,191.712,0.0,7.4,0.0,0.0,0.0,0.0,0.0,0.0,0.0,0.0,1.0,0.0,0.0,0.0,9.0,4.0,0.0,0.0,0.0,0.0,0.0,0.0,0.0,0.0,2.0,12.0,1.0,12.15,5.01,2.51,1.49,0.0,0.0,0.0,0.4,0.0,-0.2,-0.5,-0.6000000000000001,-169.60000000000002,0.0,0.0,169.60000000000002,0.0,21.700000000000003,29.700000000000003,29.700000000000003,30.3,300.0,300.0,31.3,35.2,29.5,28.700000000000003,30.6,4.96,1.99,4.96,0.16,0.0,0.0,1027.0,8228.0,0.0,0.0,0.0,0.0,0.0,1.0,0.0,0.0,0.0,0.0,0.0,-1.1,0.0,0.4,0.0,0.0,16.0,25903.0
2026-07-30T19:00:22.227Z,191.71,191.724,0.0,7.4,0.0,0.0,0.0,0.0,0.0,0.0,0.0,0.0,1.0,0.0,0.0,0.0,9.0,4.0,0.0,0.0,0.0,0.0,0.0,0.0,0.0,0.0,4.0,12.0,1.0,12.15,5.01,2.51,1.49,0.0,0.0,0.0,0.4,0.0,-0.2,1.7000000000000002,0.5,-169.60000000000002,0.0,0.0,169.60000000000002,0.0,21.700000000000003,29.700000000000003,29.700000000000003,30.3,300.0,300.0,31.3,35.2,29.5,28.700000000000003,30.6,4.96,2.0,4.97,0.16,0.0,0.0,1027.0,8228.0,0.0,0.0,0.0,0.0,0.0,1.0,0.0,0.0,0.0,0.0,0.0,2.3000000000000003,0.0,0.0,0.0,0.0001,16.0,25903.0
2026-07-30T19:00:22.239Z,191.722,191.736,0.0,7.4,0.0,0.0,0.0,0.0,0.0,0.0,0.0,0.0,1.0,0.0,0.0,0.0,9.0,4.0,0.0,0.0,0.0,0.0,0.0,0.0,0.0,0.0,5.0,12.0,1.0,12.15,5.01,2.51,1.49,0.0,0.1,0.0,0.4,0.0,0.3,0.5,-1.2000000000000002,-169.60000000000002,0.0,0.0,169.60000000000002,0.0,21.700000000000003,29.700000000000003,29.700000000000003,30.3,300.0,300.0,31.3,35.2,29.5,28.700000000000003,30.6,4.96,1.99,4.97,0.16,0.0,0.0,1027.0,8228.0,0.0,0.0,0.0,0.0,0.0,1.0,0.0,0.0,0.0,0.0,0.0,-0.2,0.0,1.1,0.0,0.0,16.0,25903.0
2026-07-30T19:00:22.262Z,191.745,191.748,0.0,7.4,0.0,0.0,0.0,0.0,0.0,0.0,0.0,0.0,1.0,0.0,0.0,0.0,9.0,4.0,0.0,0.0,0.0,0.0,0.0,0.0,0.0,0.0,1.0,12.0,1.0,12.15,5.01,2.51,1.49,0.0,0.0,0.0,0.5,0.0,-0.8,0.0,-0.6000000000000001,-169.60000000000002,0.0,0.0,169.70000000000002,0.0,21.700000000000003,29.700000000000003,29.700000000000003,30.3,300.0,300.0,31.3,35.2,29.5,28.700000000000003,30.6,4.95,1.99,4.96,0.16,0.0,0.0,1027.0,8228.0,0.0,0.0,0.0,0.0,0.0,1.0,0.0,0.0,0.0,0.0,0.0,-0.5,0.0,0.5,0.0,0.0,16.0,25903.0
2026-07-30T19:00:22.267Z,191.75,191.76,0.0,7.4,0.0,0.0,0.0,0.0,0.0,0.0,0.0,0.0,1.0,0.0,0.0,0.0,9.0,4.0,0.0,0.0,0.0,0.0,0.0,0.0,0.0,0.0,6.0,12.0,1.0,12.15,5.01,2.51,1.49,0.0,0.0,0.0,0.5,0.0,-0.2,-0.5,0.0,-169.60000000000002,0.0,0.0,169.60000000000002,0.0,21.4,29.700000000000003,29.700000000000003,30.3,300.0,300.0,31.3,35.2,29.5,28.700000000000003,30.6,4.96,1.99,4.96,0.16,0.0,0.0,1027.0,8228.0,0.0,0.0,0.0,0.0,0.0,1.0,0.0,0.0,0.0,0.0,0.0,-0.6000000000000001,0.0,-0.1,0.0,0.0,16.0,25903.0
2026-07-30T19:00:22.275Z,191.758,191.772,0.0,7.4,0.0,0.0,0.0,0.0,0.0,0.0,0.0,0.0,1.0,0.0,0.0,0.0,9.0,4.0,0.0,0.0,0.0,0.0,0.0,0.0,0.0,0.0,5.0,12.0,1.0,12.15,5.01,2.51,1.49,0.0,0.0,0.0,0.4,0.0,0.3,1.7000000000000002,0.0,-169.60000000000002,0.0,0.0,169.70000000000002,0.0,21.4,29.700000000000003,29.700000000000003,30.3,300.0,300.0,31.3,35.2,29.5,28.700000000000003,30.6,4.96,1.99,4.97,0.16,0.0,0.0,1027.0,8228.0,0.0,0.0,0.0,0.0,0.0,1.0,0.0,0.0,0.0,0.0,0.0,1.9,0.0,0.4,0.0,0.0,16.0,25903.0
2026-07-30T19:00:22.287Z,191.77,191.784,0.0,7.4,0.0,0.0,0.0,0.0,0.0,0.0,0.0,0.0,1.0,0.0,0.0,0.0,9.0,4.0,0.0,0.0,0.0,0.0,0.0,0.0,0.0,0.0,1.0,12.0,1.0,12.15,5.01,2.51,1.49,0.0,0.0,0.0,0.4,0.0,-0.8,-0.5,-0.6000000000000001,-169.60000000000002,0.0,0.0,169.60000000000002,0.0,21.4,29.700000000000003,29.700000000000003,30.3,300.0,300.0,31.3,35.2,29.5,28.700000000000003,30.6,4.95,1.99,4.97,0.16,0.0,0.0,1027.0,8228.0,0.0,0.0,0.0,0.0,0.0,1.0,0.0,0.0,0.0,0.0,0.0,-1.0,0.0,0.4,0.0,0.0001,16.0,25903.0
2026-07-30T19:00:22.299Z,191.782,191.796,0.0,7.4,0.0,0.0,0.0,0.0,0.0,0.0,0.0,0.0,1.0,0.0,0.0,0.0,9.0,4.0,0.0,0.0,0.0,0.0,0.0,0.0,0.0,0.0,2.0,12.0,1.0,12.15,5.01,2.51,1.49,0.0,0.0,0.0,0.4,0.0,0.3,-0.5,0.0,-169.60000000000002,0.0,0.0,169.60000000000002,0.0,21.4,29.700000000000003,29.700000000000003,30.3,300.0,300.0,31.3,35.2,29.5,28.700000000000003,30.6,4.96,1.99,4.97,0.16,0.0,0.0,1027.0,8228.0,0.0,0.0,0.0,0.0,0.0,1.0,0.0,0.0,0.0,0.0,0.0,-0.6000000000000001,0.0,0.0,0.0,0.0001,16.0,25903.0
2026-07-30T19:00:22.311Z,191.794,191.808,0.0,7.4,0.0,0.0,0.0,0.0,0.0,0.0,0.0,0.0,1.0,0.0,0.0,0.0,9.0,4.0,0.0,0.0,0.0,0.0,0.0,0.0,0.0,0.0,3.0,12.0,1.0,12.15,5.01,2.51,1.49,0.0,0.0,0.0,0.4,0.0,0.3,0.0,1.1,-169.60000000000002,0.0,0.0,169.60000000000002,0.0,21.4,29.700000000000003,29.700000000000003,30.3,300.0,300.0,31.3,35.2,29.5,28.700000000000003,30.6,4.96,1.99,4.96,0.16,0.0,0.0,1027.0,8228.0,0.0,0.0,0.0,0.0,0.0,1.0,0.0,0.0,0.0,0.0,0.0,0.9,0.0,-0.9,0.0,0.0,16.0,25903.0
2026-07-30T19:00:22.323Z,191.806,191.82,0.0,7.4,0.0,0.0,0.0,0.0,0.0,0.0,0.0,0.0,1.0,0.0,0.0,0.0,9.0,4.0,0.0,0.0,0.0,0.0,0.0,0.0,0.0,0.0,5.0,12.0,1.0,12.15,5.01,2.51,1.49,0.0,0.0,0.0,0.4,0.0,-0.2,1.2000000000000002,0.0,-169.60000000000002,0.0,0.0,169.60000000000002,0.0,21.4,29.700000000000003,29.700000000000003,30.3,300.0,300.0,31.3,35.2,29.5,28.700000000000003,30.6,4.96,1.99,4.96,0.16,0.0,0.0,1027.0,8228.0,0.0,0.0,0.0,0.0,0.0,1.0,0.0,0.0,0.0,0.0,0.0,1.4,0.0,0.2,0.0,0.0,16.0,25903.0
2026-07-30T19:00:22.335Z,191.818,191.832,0.0,7.4,0.0,0.0,0.0,0.0,0.0,0.0,0.0,0.0,1.0,0.0,0.0,0.0,9.0,4.0,0.0,0.0,0.0,0.0,0.0,0.0,0.0,0.0,6.0,12.0,1.0,12.15,5.01,2.51,1.49,0.0,0.0,0.0,0.4,0.0,0.9,1.8,2.3000000000000003,-169.60000000000002,0.0,0.0,169.60000000000002,0.0,21.4,29.700000000000003,29.700000000000003,30.3,300.0,300.0,31.3,35.2,29.5,28.700000000000003,30.6,4.95,2.0,4.96,0.16,0.0,0.0,1027.0,8228.0,0.0,0.0,0.0,0.0,0.0,1.0,0.0,0.0,0.0,0.0,0.0,3.8,0.0,-1.7000000000000002,0.0,0.0,16.0,25903.0
2026-07-30T19:00:22.347Z,191.83,191.844,0.0,7.4,0.0,0.0,0.0,0.0,0.0,0.0,0.0,0.0,1.0,0.0,0.0,0.0,9.0,4.0,0.0,0.0,0.0,0.0,0.0,0.0,0.0,0.0,2.0,12.0,1.0,12.15,5.01,2.51,1.49,0.0,0.0,0.0,0.4,0.0,0.9,-0.3,0.6000000000000001,-169.60000000000002,0.0,0.0,169.60000000000002,0.0,21.4,29.700000000000003,29.700000000000003,30.3,300.0,300.0,31.3,35.2,29.5,28.700000000000003,30.6,4.96,2.0,4.96,0.16,0.0,0.0,1027.0,8228.0,0.0,0.0,0.0,0.0,0.0,1.0,0.0,0.0,0.0,0.0,0.0,0.0,0.0,-0.6000000000000001,0.0,0.0,16.0,25903.0
2026-07-30T19:00:22.359Z,191.842,191.856,0.0,7.4,0.0,0.0,0.0,0.0,0.0,0.0,0.0,0.0,1.0,0.0,0.0,0.0,9.0,4.0,0.0,0.0,0.0,0.0,0.0,0.0,0.0,0.0,4.0,12.0,1.0,12.15,5.0200000000000005,2.5,1.49,0.0,0.0,0.0,0.4,0.0,-0.7000000000000001,-1.0,-0.4,-169.60000000000002,0.0,0.0,169.70000000000002,0.0,21.4,29.700000000000003,29.700000000000003,30.3,300.0,300.0,31.3,35.2,29.5,28.8,30.6,4.95,1.99,4.97,0.16,0.0,0.0,1027.0,8228.0,0.0,0.0,0.0,0.0,0.0,1.0,0.0,0.0,0.0,0.0,0.0,-1.5,0.0,0.2,0.0,0.0,16.0,25903.0
2026-07-30T19:00:22.371Z,191.854,191.868,0.0,7.4,0.0,0.0,0.0,0.0,0.0,0.0,0.0,0.0,1.0,0.0,0.0,0.0,9.0,4.0,0.0,0.0,0.0,0.0,0.0,0.0,0.0,0.0,5.0,12.0,1.0,12.15,5.0200000000000005,2.5,1.49,0.0,0.0,0.0,0.4,0.0,-0.7000000000000001,0.6000000000000001,-0.4,-169.60000000000002,0.0,0.0,169.60000000000002,0.0,21.4,29.700000000000003,29.700000000000003,30.3,300.0,300.0,31.3,35.2,29.5,28.8,30.6,4.95,1.99,4.96,0.16,0.0,0.0,1027.0,8228.0,0.0,0.0,0.0,0.0,0.0,1.0,0.0,0.0,0.0,0.0,0.0,0.4,0.0,0.5,0.0,0.0,16.0,25903.0
2026-07-30T19:00:22.383Z,191.866,191.88,0.0,7.4,0.0,0.0,0.0,0.0,0.0,0.0,0.0,0.0,1.0,0.0,0.0,0.0,9.0,4.0,0.0,0.0,0.0,0.0,0.0,0.0,0.0,0.0,1.0,12.0,1.0,12.15,5.0200000000000005,2.5,1.49,0.0,0.0,0.0,0.4,0.0,0.4,1.3,0.0,-169.60000000000002,0.0,0.0,169.60000000000002,0.0,21.4,29.700000000000003,29.700000000000003,30.3,300.0,300.0,31.3,35.2,29.5,28.8,30.6,4.96,1.99,4.96,0.16,0.0,0.0,1027.0,8228.0,0.0,0.0,0.0,0.0,0.0,1.0,0.0,0.0,0.0,0.0,0.0,1.5,0.0,0.2,0.0,0.0,16.0,25903.0
2026-07-30T19:00:22.395Z,191.878,191.892,0.0,7.4,0.0,0.0,0.0,0.0,0.0,0.0,0.0,0.0,1.0,0.0,0.0,0.0,9.0,4.0,0.0,0.0,0.0,0.0,0.0,0.0,0.0,0.0,2.0,12.0,1.0,12.15,5.0200000000000005,2.5,1.49,0.0,0.0,0.0,0.4,0.0,0.4,0.1,1.2000000000000002,-169.60000000000002,0.0,0.0,169.60000000000002,0.0,21.4,29.700000000000003,29.700000000000003,30.3,300.0,300.0,31.3,35.2,29.5,28.8,30.6,4.95,1.99,4.96,0.16,0.0,0.0,1027.0,8228.0,0.0,0.0,0.0,0.0,0.0,1.0,0.0,0.0,0.0,0.0,0.0,1.1,0.0,-1.1,0.0,0.0,16.0,25903.0
2026-07-30T19:00:22.407Z,191.89,191.904,0.0,7.4,0.0,0.0,0.0,0.0,0.0,0.0,0.0,0.0,1.0,0.0,0.0,0.0,9.0,4.0,0.0,0.0,0.0,0.0,0.0,0.0,0.0,0.0,3.0,12.0,1.0,12.15,5.0200000000000005,2.5,1.49,0.0,0.1,0.0,0.4,0.0,-1.3,-0.4,1.9,-169.60000000000002,0.0,0.0,169.60000000000002,0.0,21.4,29.700000000000003,29.700000000000003,30.3,300.0,300.0,31.3,35.2,29.5,28.8,30.6,4.95,1.99,4.97,0.16,0.0,0.0,1027.0,8228.0,0.0,0.0,0.0,0.0,0.0,1.0,0.0,0.0,0.0,0.0,0.0,0.9,0.0,-1.7000000000000002,0.0,0.0,16.0,25903.0
2026-07-30T19:00:22.419Z,191.902,191.916,0.0,7.4,0.0,0.0,0.0,0.0,0.0,0.0,0.0,0.0,1.0,0.0,0.0,0.0,9.0,4.0,0.0,0.0,0.0,0.0,0.0,0.0,0.0,0.0,5.0,12.0,1.0,12.15,5.0200000000000005,2.5,1.49,0.0,0.0,0.0,0.5,0.0,-0.1,0.0,0.7000000000000001,-169.60000000000002,0.0,0.0,169.60000000000002,0.0,21.4,29.700000000000003,29.700000000000003,30.3,300.0,300.0,31.3,35.2,29.5,28.8,30.6,4.95,2.0,4.96,0.16,0.0,0.0,1027.0,8228.0,0.0,0.0,0.0,0.0,0.0,1.0,0.0,0.0,0.0,0.0,0.0,0.6000000000000001,0.0,-0.6000000000000001,0.0,0.0,16.0,25903.0
2026-07-30T19:00:22.431Z,191.914,191.928,0.0,7.4,0.0,0.0,0.0,0.0,0.0,0.0,0.0,0.0,1.0,0.0,0.0,0.0,9.0,4.0,0.0,0.0,0.0,0.0,0.0,0.0,0.0,0.0,6.0,12.0,1.0,12.15,5.0200000000000005,2.5,1.49,0.0,0.0,0.0,0.4,0.0,0.4,0.6000000000000001,0.7000000000000001,-169.60000000000002,0.0,0.0,169.70000000000002,0.0,21.4,29.700000000000003,29.700000000000003,30.3,300.0,300.0,31.3,35.2,29.5,28.8,30.6,4.96,1.99,4.96,0.16,0.0,0.0,1027.0,8228.0,0.0,0.0,0.0,0.0,0.0,1.0,0.0,0.0,0.0,0.0,0.0,1.2000000000000002,0.0,-0.4,0.0,0.0,16.0,25903.0
2026-07-30T19:00:22.443Z,191.926,191.94,0.0,7.4,0.0,0.0,0.0,0.0,0.0,0.0,0.0,0.0,1.0,0.0,0.0,0.0,9.0,4.0,0.0,0.0,0.0,0.0,0.0,0.0,0.0,0.0,1.0,12.0,1.0,12.15,5.0200000000000005,2.5,1.49,0.0,0.0,0.0,0.4,0.0,-0.1,-1.0,-1.0,-169.60000000000002,0.0,0.0,169.60000000000002,0.0,21.4,29.700000000000003,29.700000000000003,30.3,300.0,300.0,31.3,35.2,29.5,28.8,30.6,4.95,1.99,4.97,0.17,0.0,0.0,1027.0,8228.0,0.0,0.0,0.0,0.0,0.0,1.0,0.0,0.0,0.0,0.0,0.0,-2.0,0.0,0.7000000000000001,0.0,0.0001,16.0,25903.0
2026-07-30T19:00:22.456Z,191.939,191.952,0.0,7.4,0.0,0.0,0.0,0.0,0.0,0.0,0.0,0.0,1.0,0.0,0.0,0.0,9.0,4.0,0.0,0.0,0.0,0.0,0.0,0.0,0.0,0.0,2.0,12.0,1.0,12.15,5.0200000000000005,2.5,1.49,0.0,0.0,0.0,0.4,0.0,-0.1,-1.0,0.6000000000000001,-169.60000000000002,0.0,0.0,169.60000000000002,0.0,21.4,29.700000000000003,29.700000000000003,30.3,300.0,300.0,31.3,35.2,29.5,28.8,30.6,4.96,2.0,4.97,0.17,0.0,0.0,1027.0,8228.0,0.0,0.0,0.0,0.0,0.0,1.0,0.0,0.0,0.0,0.0,0.0,-0.7000000000000001,0.0,-0.7000000000000001,0.0,0.0,16.0,25903.0
2026-07-30T19:00:22.467Z,191.95,191.964,0.0,7.4,0.0,0.0,0.0,0.0,0.0,0.0,0.0,0.0,1.0,0.0,0.0,0.0,9.0,4.0,0.0,0.0,0.0,0.0,0.0,0.0,0.0,0.0,4.0,12.0,1.0,12.18,5.01,2.51,1.49,0.0,0.0,0.0,0.4,0.0,-0.1,0.0,-0.5,-169.60000000000002,0.0,0.0,169.70000000000002,0.0,21.9,29.700000000000003,29.700000000000003,30.3,300.0,300.0,31.3,35.2,29.5,28.700000000000003,30.6,4.96,1.99,4.97,0.16,0.0,0.0,1027.0,8228.0,0.0,0.0,0.0,0.0,0.0,1.0,0.0,0.0,0.0,0.0,0.0,-0.2,0.0,0.4,0.0,0.0,16.0,25903.0
2026-07-30T19:00:22.479Z,191.962,191.976,0.0,7.4,0.0,0.0,0.0,0.0,0.0,0.0,0.0,0.0,1.0,0.0,0.0,0.0,9.0,4.0,0.0,0.0,0.0,0.0,0.0,0.0,0.0,0.0,5.0,12.0,1.0,12.18,5.01,2.51,1.49,0.0,0.0,0.0,0.4,0.0,0.3,0.0,0.0,-169.60000000000002,0.0,0.0,169.60000000000002,0.0,21.9,29.700000000000003,29.700000000000003,30.3,300.0,300.0,31.3,35.2,29.5,28.700000000000003,30.6,4.95,1.99,4.97,0.16,0.0,0.0,1027.0,8228.0,0.0,0.0,0.0,0.0,0.0,1.0,0.0,0.0,0.0,0.0,0.0,0.1,0.0,0.0,0.0,0.0,16.0,25903.0
2026-07-30T19:00:22.491Z,191.974,191.988,0.0,7.4,0.0,0.0,0.0,0.0,0.0,0.0,0.0,0.0,1.0,0.0,0.0,0.0,9.0,4.0,0.0,0.0,0.0,0.0,0.0,0.0,0.0,0.0,6.0,12.0,1.0,12.18,5.01,2.51,1.49,0.0,0.0,0.0,0.4,0.0,0.3,-0.5,0.6000000000000001,-169.60000000000002,0.0,0.0,169.60000000000002,0.0,21.9,29.700000000000003,29.700000000000003,30.3,300.0,300.0,31.3,35.2,29.5,28.700000000000003,30.6,4.95,1.99,4.97,0.16,0.0,0.0,1027.0,8228.0,0.0,0.0,0.0,0.0,0.0,1.0,0.0,0.0,0.0,0.0,0.0,-0.1,0.0,-0.6000000000000001,0.0,0.0,16.0,25903.0
2026-07-30T19:00:22.503Z,191.986,192.0,0.0,7.4,0.0,0.0,0.0,0.0,0.0,0.0,0.0,0.0,1.0,0.0,0.0,0.0,9.0,4.0,0.0,0.0,0.0,0.0,0.0,0.0,0.0,0.0,1.0,12.0,1.0,12.18,5.01,2.51,1.49,0.0,0.0,0.0,0.4,0.0,0.3,0.0,0.0,-169.60000000000002,0.0,0.0,169.60000000000002,0.0,21.9,29.700000000000003,29.700000000000003,30.3,300.0,300.0,31.3,35.2,29.5,28.700000000000003,30.6,4.96,1.99,4.96,0.16,0.0,0.0,1027.0,8228.0,0.0,0.0,0.0,0.0,0.0,1.0,0.0,0.0,0.0,0.0,0.0,0.0,0.0,0.0,0.0,0.0,16.0,25903.0
2026-07-30T19:00:22.515Z,191.998,192.012,0.0,7.4,0.0,0.0,0.0,0.0,0.0,0.0,0.0,0.0,1.0,0.0,0.0,0.0,9.0,4.0,0.0,0.0,0.0,0.0,0.0,0.0,0.0,0.0,2.0,12.0,1.0,12.18,5.01,2.51,1.49,0.0,0.0,0.0,0.5,0.0,0.2,0.6000000000000001,-1.1,-169.60000000000002,0.0,0.0,169.60000000000002,0.0,21.9,29.700000000000003,29.700000000000003,30.3,300.0,300.0,31.3,35.2,29.5,28.700000000000003,30.6,4.96,1.99,4.97,0.16,0.0,0.0,1027.0,8228.0,0.0,0.0,0.0,0.0,0.0,1.0,0.0,0.0,0.0,0.0,0.0,-0.1,0.0,1.1,0.0,0.0,16.0,25903.0
2026-07-30T19:00:22.527Z,192.01,192.024,0.0,7.4,0.0,0.0,0.0,0.0,0.0,0.0,0.0,0.0,1.0,0.0,0.0,0.0,9.0,4.0,0.0,0.0,0.0,0.0,0.0,0.0,0.0,0.0,2.0,12.0,1.0,12.18,5.01,2.51,1.49,0.0,0.0,0.0,0.4,0.0,0.8,0.6000000000000001,0.6000000000000001,-169.60000000000002,0.0,0.0,169.60000000000002,0.0,21.9,29.700000000000003,29.700000000000003,30.3,300.0,300.0,31.3,35.2,29.5,28.700000000000003,30.6,4.95,1.99,4.97,0.16,0.0,0.0,1027.0,8228.0,0.0,0.0,0.0,0.0,0.0,1.0,0.0,0.0,0.0,0.0,0.0,1.1,0.0,-0.4,0.0,0.0,16.0,25903.0
2026-07-30T19:00:22.539Z,192.022,192.036,0.0,7.4,0.0,0.0,0.0,0.0,0.0,0.0,0.0,0.0,1.0,0.0,0.0,0.0,9.0,4.0,0.0,0.0,0.0,0.0,0.0,0.0,0.0,0.0,4.0,12.0,1.0,12.18,5.01,2.51,1.49,0.0,0.0,0.0,0.4,0.0,-0.8,0.0,-1.1,-169.60000000000002,0.0,0.0,169.60000000000002,0.0,21.9,29.700000000000003,29.700000000000003,30.3,300.0,300.0,31.3,35.2,29.5,28.700000000000003,30.6,4.96,1.99,4.96,0.16,0.0,0.0,1027.0,8228.0,0.0,0.0,0.0,0.0,0.0,1.0,0.0,0.0,0.0,0.0,0.0,-0.7000000000000001,0.0,1.0,0.0,0.0,16.0,25903.0
2026-07-30T19:00:22.551Z,192.034,192.048,0.0,7.4,0.0,0.0,0.0,0.0,0.0,0.0,0.0,0.0,1.0,0.0,0.0,0.0,9.0,4.0,0.0,0.0,0.0,0.0,0.0,0.0,0.0,0.0,4.0,12.0,1.0,12.18,5.01,2.51,1.49,0.0,0.0,0.0,0.4,0.0,0.2,0.0,0.0,-169.60000000000002,0.0,0.0,169.60000000000002,0.0,21.9,29.700000000000003,29.700000000000003,30.3,300.0,300.0,31.3,35.2,29.5,28.700000000000003,30.6,4.96,1.99,4.96,0.16,0.0,0.0,1027.0,8228.0,0.0,0.0,0.0,0.0,0.0,1.0,0.0,0.0,0.0,0.0,0.0,0.0,0.0,0.0,0.0,0.0,16.0,25903.0
2026-07-30T19:00:22.563Z,192.046,192.06,0.0,7.4,0.0,0.0,0.0,0.0,0.0,0.0,0.0,0.0,1.0,0.0,0.0,0.0,9.0,4.0,0.0,0.0,0.0,0.0,0.0,0.0,0.0,0.0,6.0,12.0,1.0,12.17,5.0200000000000005,2.51,1.49,0.0,0.1,0.0,0.4,0.0,0.2,0.6000000000000001,1.7000000000000002,-169.60000000000002,0.0,0.0,169.70000000000002,0.0,21.3,29.700000000000003,29.700000000000003,30.3,300.0,300.0,31.3,35.2,29.5,28.700000000000003,30.6,4.96,1.99,4.97,0.16,0.0,0.0,1027.0,8228.0,0.0,0.0,0.0,0.0,0.0,1.0,0.0,0.0,0.0,0.0,0.0,2.0,0.0,-1.4,0.0,0.0,16.0,25903.0
2026-07-30T19:00:22.580Z,192.063,192.072,0.0,7.4,0.0,0.0,0.0,0.0,0.0,0.0,0.0,0.0,1.0,0.0,0.0,0.0,9.0,4.0,0.0,0.0,0.0,0.0,0.0,0.0,0.0,0.0,6.0,12.0,1.0,12.17,5.0200000000000005,2.51,1.49,0.0,0.0,0.0,0.4,0.0,-0.8,-0.5,-1.7000000000000002,-169.60000000000002,0.0,0.0,169.60000000000002,0.0,21.3,29.700000000000003,29.700000000000003,30.3,300.0,300.0,31.3,35.2,29.5,28.700000000000003,30.6,4.96,1.99,4.97,0.16,0.0,0.0,1027.0,8228.0,0.0,0.0,0.0,0.0,0.0,1.0,0.0,0.0,0.0,0.0,0.0,-1.9,0.0,1.4,0.0,0.0001,16.0,25903.0
2026-07-30T19:00:22.587Z,192.07,192.084,0.0,7.4,0.0,0.0,0.0,0.0,0.0,0.0,0.0,0.0,1.0,0.0,0.0,0.0,9.0,4.0,0.0,0.0,0.0,0.0,0.0,0.0,0.0,0.0,4.0,12.0,1.0,12.17,5.0200000000000005,2.51,1.49,0.0,0.0,0.0,0.5,0.0,-0.9,-0.5,0.0,-169.60000000000002,0.0,0.0,169.70000000000002,0.0,21.3,29.700000000000003,29.700000000000003,30.3,300.0,300.0,31.3,35.2,29.5,28.700000000000003,30.6,4.96,1.99,4.96,0.16,0.0,0.0,1027.0,8228.0,0.0,0.0,0.0,0.0,0.0,1.0,0.0,0.0,0.0,0.0,0.0,-0.6000000000000001,0.0,-0.1,0.0,0.0,16.0,25903.0
2026-07-30T19:00:22.599Z,192.082,192.096,0.0,7.4,0.0,0.0,0.0,0.0,0.0,0.0,0.0,0.0,1.0,0.0,0.0,0.0,9.0,4.0,0.0,0.0,0.0,0.0,0.0,0.0,0.0,0.0,6.0,12.0,1.0,12.17,5.0200000000000005,2.51,1.49,0.0,0.1,0.0,0.4,0.0,-0.3,-0.5,-1.1,-169.60000000000002,0.0,0.0,169.70000000000002,0.0,21.3,29.700000000000003,29.700000000000003,30.3,300.0,300.0,31.3,35.2,29.5,28.700000000000003,30.6,4.95,1.99,4.97,0.16,0.0,0.0,1027.0,8228.0,0.0,0.0,0.0,0.0,0.0,1.0,0.0,0.0,0.0,0.0,0.0,-1.5,0.0,0.9,0.0,0.0,16.0,25903.0
2026-07-30T19:00:22.611Z,192.094,192.108,0.0,7.4,0.0,0.0,0.0,0.0,0.0,0.0,0.0,0.0,1.0,0.0,0.0,0.0,9.0,4.0,0.0,0.0,0.0,0.0,0.0,0.0,0.0,0.0,1.0,12.0,1.0,12.17,5.0200000000000005,2.51,1.49,0.0,0.0,0.0,0.4,0.0,0.8,0.5,0.0,-169.60000000000002,0.0,0.0,169.60000000000002,0.0,21.3,29.700000000000003,29.700000000000003,30.3,300.0,300.0,31.3,35.2,29.5,28.700000000000003,30.6,4.95,1.99,4.96,0.16,0.0,0.0,1027.0,8228.0,0.0,0.0,0.0,0.0,0.0,1.0,0.0,0.0,0.0,0.0,0.0,0.6000000000000001,0.0,0.1,0.0,0.0,16.0,25903.0
2026-07-30T19:00:22.623Z,192.106,192.12,0.0,7.4,0.0,0.0,0.0,0.0,0.0,0.0,0.0,0.0,1.0,0.0,0.0,0.0,9.0,4.0,0.0,0.0,0.0,0.0,0.0,0.0,0.0,0.0,1.0,12.0,1.0,12.17,5.0200000000000005,2.51,1.49,0.0,0.0,0.0,0.4,0.0,0.2,1.1,0.0,-169.60000000000002,0.0,0.0,169.70000000000002,0.0,21.3,29.700000000000003,29.700000000000003,30.3,300.0,300.0,31.3,35.2,29.5,28.700000000000003,30.6,4.95,2.0,4.96,0.16,0.0,0.0,1027.0,8228.0,0.0,0.0,0.0,0.0,0.0,1.0,0.0,0.0,0.0,0.0,0.0,1.3,0.0,0.1,0.0,0.0,16.0,25903.0
2026-07-30T19:00:22.635Z,192.118,192.132,0.0,7.4,0.0,0.0,0.0,0.0,0.0,0.0,0.0,0.0,1.0,0.0,0.0,0.0,9.0,4.0,0.0,0.0,0.0,0.0,0.0,0.0,0.0,0.0,3.0,12.0,1.0,12.17,5.0200000000000005,2.51,1.49,0.0,0.0,0.0,0.4,0.0,-0.8,-1.1,1.1,-169.60000000000002,0.0,0.0,169.70000000000002,0.0,21.3,29.700000000000003,29.700000000000003,30.3,300.0,300.0,31.3,35.2,29.5,28.700000000000003,30.6,4.95,2.0,4.96,0.16,0.0,0.0,1027.0,8228.0,0.0,0.0,0.0,0.0,0.0,1.0,0.0,0.0,0.0,0.0,0.0,-0.3,0.0,-1.2000000000000002,0.0,0.0,16.0,25903.0
2026-07-30T19:00:22.647Z,192.13,192.144,0.0,7.4,0.0,0.0,0.0,0.0,0.0,0.0,0.0,0.0,1.0,0.0,0.0,0.0,9.0,4.0,0.0,0.0,0.0,0.0,0.0,0.0,0.0,0.0,4.0,12.0,1.0,12.17,5.0200000000000005,2.51,1.49,0.0,0.0,0.0,0.4,0.0,-0.8,0.6000000000000001,0.0,-169.60000000000002,0.0,0.0,169.60000000000002,0.0,21.3,29.700000000000003,29.700000000000003,30.3,300.0,300.0,31.3,35.2,29.5,28.700000000000003,30.6,4.95,1.99,4.96,0.16,0.0,0.0,1027.0,8228.0,0.0,0.0,0.0,0.0,0.0,1.0,0.0,0.0,0.0,0.0,0.0,0.7000000000000001,0.0,0.1,0.0,0.0,16.0,25903.0
2026-07-30T19:00:22.660Z,192.143,192.156,0.0,7.4,0.0,0.0,0.0,0.0,0.0,0.0,0.0,0.0,1.0,0.0,0.0,0.0,9.0,4.0,0.0,0.0,0.0,0.0,0.0,0.0,0.0,0.0,5.0,12.0,1.0,12.17,5.0200000000000005,2.51,1.49,0.0,0.0,0.0,0.4,0.0,0.3,-1.1,-0.6000000000000001,-169.60000000000002,0.0,0.0,169.60000000000002,0.0,21.3,29.700000000000003,29.700000000000003,30.3,300.0,300.0,31.3,35.2,29.5,28.700000000000003,30.6,4.95,1.99,4.96,0.16,0.0,0.0,1027.0,8228.0,0.0,0.0,0.0,0.0,0.0,1.0,0.0,0.0,0.0,0.0,0.0,-1.7000000000000002,0.0,0.2,0.0,0.0,16.0,25903.0
2026-07-30T19:00:22.671Z,192.154,192.168,0.0,7.4,0.0,0.0,0.0,0.0,0.0,0.0,0.0,0.0,1.0,0.0,0.0,0.0,9.0,4.0,0.0,0.0,0.0,0.0,0.0,0.0,0.0,0.0,1.0,12.0,1.0,12.17,5.01,2.51,1.49,0.0,0.0,0.0,0.4,0.0,0.3,0.0,0.0,-169.60000000000002,0.0,0.0,169.60000000000002,0.0,21.3,29.700000000000003,29.700000000000003,30.200000000000003,300.0,300.0,31.200000000000003,35.2,29.5,28.700000000000003,30.6,4.96,1.99,4.96,0.16,0.0,0.0,1027.0,8228.0,0.0,0.0,0.0,0.0,0.0,1.0,0.0,0.0,0.0,0.0,0.0,-1.0,0.0,0.4,0.0,0.0,16.0,25903.0
2026-07-30T19:00:22.683Z,192.166,192.18,0.0,7.4,0.0,0.0,0.0,0.0,0.0,0.0,0.0,0.0,1.0,0.0,0.0,0.0,9.0,4.0,0.0,0.0,0.0,0.0,0.0,0.0,0.0,0.0,2.0,12.0,1.0,12.17,5.01,2.51,1.49,0.0,0.0,0.0,0.4,0.0,0.3,0.7000000000000001,0.0,-169.60000000000002,0.0,0.0,169.60000000000002,0.0,21.3,29.700000000000003,29.700000000000003,30.200000000000003,300.0,300.0,31.200000000000003,35.2,29.5,28.700000000000003,30.6,4.95,1.99,4.97,0.16,0.0,0.0,1027.0,8228.0,0.0,0.0,0.0,0.0,0.0,1.0,0.0,0.0,0.0,0.0,0.0,-0.2,0.0,0.5,0.0,0.0,16.0,25903.0
2026-07-30T19:00:22.695Z,192.178,192.192,0.0,7.4,0.0,0.0,0.0,0.0,0.0,0.0,0.0,0.0,1.0,0.0,0.0,0.0,9.0,4.0,0.0,0.0,0.0,0.0,0.0,0.0,0.0,0.0,2.0,12.0,1.0,12.17,5.01,2.51,1.49,-0.1,0.0,0.0,0.4,0.0,-0.2,-1.0,0.0,-169.60000000000002,0.0,0.0,169.70000000000002,0.0,21.3,29.700000000000003,29.700000000000003,30.200000000000003,300.0,300.0,31.200000000000003,35.2,29.5,28.700000000000003,30.6,4.95,1.99,4.96,0.16,0.0,0.0,1027.0,8228.0,0.0,0.0,0.0,0.0,0.0,1.0,0.0,0.0,0.0,0.0,0.0,0.1,0.0,0.0,0.0,0.0,16.0,25903.0
2026-07-30T19:00:22.707Z,192.19,192.204,0.0,7.4,0.0,0.0,0.0,0.0,0.0,0.0,0.0,0.0,1.0,0.0,0.0,0.0,9.0,4.0,0.0,0.0,0.0,0.0,0.0,0.0,0.0,0.0,4.0,12.0,1.0,12.17,5.01,2.51,1.49,0.0,0.0,0.0,0.4,0.0,-0.2,0.7000000000000001,1.1,-169.60000000000002,0.0,0.0,169.60000000000002,0.0,21.3,29.700000000000003,29.700000000000003,30.200000000000003,300.0,300.0,31.200000000000003,35.2,29.5,28.700000000000003,30.6,4.95,2.0,4.97,0.16,0.0,0.0,1027.0,8228.0,0.0,0.0,0.0,0.0,0.0,1.0,0.0,0.0,0.0,0.0,0.0,0.3,0.0,0.6000000000000001,0.0,0.0,16.0,25903.0
2026-07-30T19:00:22.719Z,192.202,192.216,0.0,7.4,0.0,0.0,0.0,0.0,0.0,0.0,0.0,0.0,1.0,0.0,0.0,0.0,9.0,4.0,0.0,0.0,0.0,0.0,0.0,0.0,0.0,0.0,5.0,12.0,1.0,12.17,5.01,2.51,1.49,0.0,0.0,0.0,0.4,0.0,-0.2,0.1,0.0,-169.60000000000002,0.0,0.0,169.60000000000002,0.0,21.3,29.700000000000003,29.700000000000003,30.200000000000003,300.0,300.0,31.200000000000003,35.2,29.5,28.700000000000003,30.6,4.95,1.99,4.97,0.16,0.0,0.0,1027.0,8228.0,0.0,0.0,0.0,0.0,0.0,1.0,0.0,0.0,0.0,0.0,0.0,0.0,0.0,0.0,0.0,0.0001,16.0,25903.0
2026-07-30T19:00:22.731Z,192.214,192.228,0.0,7.4,0.0,0.0,0.0,0.0,0.0,0.0,0.0,0.0,1.0,0.0,0.0,0.0,9.0,4.0,0.0,0.0,0.0,0.0,0.0,0.0,0.0,0.0,6.0,12.0,1.0,12.17,5.01,2.51,1.49,0.0,0.0,0.0,0.4,0.0,0.3,-0.4,0.0,-169.60000000000002,0.0,0.0,169.60000000000002,0.0,21.3,29.700000000000003,29.700000000000003,30.200000000000003,300.0,300.0,31.200000000000003,35.2,29.5,28.700000000000003,30.6,4.95,1.99,4.97,0.16,0.0,0.0,1027.0,8228.0,0.0,0.0,0.0,0.0,0.0,1.0,0.0,0.0,0.0,0.0,0.0,-0.5,0.0,0.0,0.0,0.0,16.0,25903.0
2026-07-30T19:00:22.743Z,192.226,192.24,0.0,7.4,0.0,0.0,0.0,0.0,0.0,0.0,0.0,0.0,1.0,0.0,0.0,0.0,9.0,4.0,0.0,0.0,0.0,0.0,0.0,0.0,0.0,0.0,1.0,12.0,1.0,12.17,5.01,2.51,1.49,0.0,0.0,0.0,0.4,0.0,0.3,0.7000000000000001,0.5,-169.60000000000002,0.0,0.0,169.70000000000002,0.0,21.3,29.700000000000003,29.700000000000003,30.200000000000003,300.0,300.0,31.200000000000003,35.2,29.5,28.700000000000003,30.6,4.96,1.99,4.96,0.16,0.0,0.0,1027.0,8228.0,0.0,0.0,0.0,0.0,0.0,1.0,0.0,0.0,0.0,0.0,0.0,1.2000000000000002,0.0,-0.3,0.0,0.0,16.0,25903.0
2026-07-30T19:00:22.755Z,192.238,192.252,0.0,7.4,0.0,0.0,0.0,0.0,0.0,0.0,0.0,0.0,1.0,0.0,0.0,0.0,9.0,4.0,0.0,0.0,0.0,0.0,0.0,0.0,0.0,0.0,2.0,12.0,1.0,12.17,5.01,2.51,1.49,0.0,0.0,0.0,0.5,0.0,0.3,0.1,0.0,-169.60000000000002,0.0,0.0,169.60000000000002,0.0,21.3,29.700000000000003,29.700000000000003,30.200000000000003,300.0,300.0,31.200000000000003,35.2,29.5,28.700000000000003,30.6,4.96,1.99,4.96,0.16,0.0,0.0,1027.0,8228.0,0.0,0.0,0.0,0.0,0.0,1.0,0.0,0.0,0.0,0.0,0.0,0.1,0.0,0.0,0.0,0.0,16.0,25903.0
2026-07-30T19:00:22.767Z,192.25,192.264,0.0,7.4,0.0,0.0,0.0,0.0,0.0,0.0,0.0,0.0,1.0,0.0,0.0,0.0,9.0,4.0,0.0,0.0,0.0,0.0,0.0,0.0,0.0,0.0,3.0,12.0,1.0,12.18,5.01,2.5,1.5,0.0,0.0,0.0,0.4,0.0,-0.2,0.1,-0.6000000000000001,-169.60000000000002,0.0,0.0,169.60000000000002,0.0,20.9,29.700000000000003,29.700000000000003,30.200000000000003,300.0,300.0,31.4,35.2,29.5,28.700000000000003,30.6,4.95,1.99,4.96,0.16,0.0,0.0,1027.0,8228.0,0.0,0.0,0.0,0.0,0.0,1.0,0.0,0.0,0.0,0.0,0.0,-0.2,0.0,0.5,0.0,0.0,16.0,25903.0
2026-07-30T19:00:22.779Z,192.262,192.276,0.0,7.4,0.0,0.0,0.0,0.0,0.0,0.0,0.0,0.0,1.0,0.0,0.0,0.0,9.0,4.0,0.0,0.0,0.0,0.0,0.0,0.0,0.0,0.0,5.0,12.0,1.0,12.18,5.01,2.5,1.5,0.0,0.0,0.0,0.4,0.0,0.3,1.3,1.1,-169.60000000000002,0.0,0.0,169.60000000000002,0.0,20.9,29.700000000000003,29.700000000000003,30.200000000000003,300.0,300.0,31.4,35.2,29.5,28.700000000000003,30.6,4.96,1.99,4.96,0.16,0.0,0.0,1027.0,8228.0,0.0,0.0,0.0,0.0,0.0,1.0,0.0,0.0,0.0,0.0,0.0,2.3000000000000003,0.0,-0.7000000000000001,0.0,0.0,16.0,25903.0
2026-07-30T19:00:22.791Z,192.274,192.288,0.0,7.4,0.0,0.0,0.0,0.0,0.0,0.0,0.0,0.0,1.0,0.0,0.0,0.0,9.0,4.0,0.0,0.0,0.0,0.0,0.0,0.0,0.0,0.0,6.0,12.0,1.0,12.18,5.01,2.5,1.5,0.0,0.0,0.0,0.4,0.0,0.9,0.7000000000000001,0.0,-169.60000000000002,0.0,0.0,169.70000000000002,0.0,20.9,29.700000000000003,29.700000000000003,30.200000000000003,300.0,300.0,31.4,35.2,29.5,28.700000000000003,30.6,4.95,1.99,4.96,0.16,0.0,0.0,1027.0,8228.0,0.0,0.0,0.0,0.0,0.0,1.0,0.0,0.0,0.0,0.0,0.0,0.7000000000000001,0.0,0.1,0.0,0.0,16.0,25903.0
2026-07-30T19:00:22.803Z,192.286,192.3,0.0,7.4,0.0,0.0,0.0,0.0,0.0,0.0,0.0,0.0,1.0,0.0,0.0,0.0,9.0,4.0,0.0,0.0,0.0,0.0,0.0,0.0,0.0,0.0,1.0,12.0,1.0,12.18,5.01,2.5,1.5,0.0,0.0,0.0,0.4,0.0,0.3,-0.4,0.0,-169.60000000000002,0.0,0.0,169.60000000000002,0.0,20.9,29.700000000000003,29.700000000000003,30.200000000000003,300.0,300.0,31.4,35.2,29.5,28.700000000000003,30.6,4.95,1.99,4.96,0.16,0.0,0.0,1027.0,8228.0,0.0,0.0,0.0,0.0,0.0,1.0,0.0,0.0,0.0,0.0,0.0,-0.4,0.0,0.0,0.0,0.0,16.0,25903.0
2026-07-30T19:00:22.815Z,192.298,192.312,0.0,7.4,0.0,0.0,0.0,0.0,0.0,0.0,0.0,0.0,1.0,0.0,0.0,0.0,9.0,4.0,0.0,0.0,0.0,0.0,0.0,0.0,0.0,0.0,2.0,12.0,1.0,12.18,5.01,2.5,1.5,0.0,0.0,0.0,0.4,0.0,0.4,-0.4,-0.5,-169.60000000000002,0.0,0.0,169.60000000000002,0.0,20.9,29.700000000000003,29.700000000000003,30.200000000000003,300.0,300.0,31.4,35.2,29.5,28.700000000000003,30.6,4.95,1.99,4.96,0.16,0.0,0.0,1027.0,8228.0,0.0,0.0,0.0,0.0,0.0,1.0,0.0,0.0,0.0,0.0,0.0,-0.8,0.0,0.3,0.0,0.0,16.0,25903.0
2026-07-30T19:00:22.828Z,192.311,192.324,0.0,7.4,0.0,0.0,0.0,0.0,0.0,0.0,0.0,0.0,1.0,0.0,0.0,0.0,9.0,4.0,0.0,0.0,0.0,0.0,0.0,0.0,0.0,0.0,2.0,12.0,1.0,12.18,5.01,2.5,1.5,0.0,0.0,0.0,0.4,0.0,0.4,-0.4,0.0,-169.60000000000002,0.0,0.0,169.70000000000002,0.0,20.9,29.700000000000003,29.700000000000003,30.200000000000003,300.0,300.0,31.4,35.2,29.5,28.700000000000003,30.6,4.96,1.99,4.96,0.16,0.0,0.0,1027.0,8228.0,0.0,0.0,0.0,0.0,0.0,1.0,0.0,0.0,0.0,0.0,0.0,-0.4,0.0,-0.1,0.0,0.0,16.0,25903.0
2026-07-30T19:00:22.839Z,192.322,192.336,0.0,7.4,0.0,0.0,0.0,0.0,0.0,0.0,0.0,0.0,1.0,0.0,0.0,0.0,9.0,4.0,0.0,0.0,0.0,0.0,0.0,0.0,0.0,0.0,3.0,12.0,1.0,12.18,5.01,2.5,1.5,0.0,0.1,0.0,0.4,0.0,-0.1,-1.0,0.0,-169.60000000000002,0.0,0.0,169.60000000000002,0.0,20.9,29.700000000000003,29.700000000000003,30.200000000000003,300.0,300.0,31.4,35.2,29.5,28.700000000000003,30.6,4.95,1.99,4.96,0.16,0.0,0.0,1027.0,8228.0,0.0,0.0,0.0,0.0,0.0,1.0,0.0,0.0,0.0,0.0,0.0,-1.1,0.0,-0.2,0.0,0.0,16.0,25903.0
2026-07-30T19:00:22.851Z,192.334,192.348,0.0,7.4,0.0,0.0,0.0,0.0,0.0,0.0,0.0,0.0,1.0,0.0,0.0,0.0,9.0,4.0,0.0,0.0,0.0,0.0,0.0,0.0,0.0,0.0,5.0,12.0,1.0,12.18,5.01,2.5,1.5,0.0,0.0,0.0,0.4,0.0,-0.1,0.0,0.0,-169.60000000000002,0.0,0.0,169.70000000000002,0.0,20.9,29.700000000000003,29.700000000000003,30.200000000000003,300.0,300.0,31.4,35.2,29.5,28.700000000000003,30.6,4.95,1.99,4.97,0.16,0.0,0.0,1027.0,8228.0,0.0,0.0,0.0,0.0,0.0,1.0,0.0,0.0,0.0,0.0,0.0,0.0,0.0,0.0,0.0,0.0,16.0,25903.0
2026-07-30T19:00:22.863Z,192.346,192.36,0.0,7.4,0.0,0.0,0.0,0.0,0.0,0.0,0.0,0.0,1.0,0.0,0.0,0.0,9.0,4.0,0.0,0.0,0.0,0.0,0.0,0.0,0.0,0.0,6.0,12.0,1.0,12.18,5.01,2.5,1.5,0.0,0.0,0.0,0.4,0.0,-0.1,0.1,-0.6000000000000001,-169.60000000000002,0.0,0.0,169.60000000000002,0.0,20.9,29.700000000000003,29.700000000000003,30.200000000000003,300.0,300.0,31.4,35.2,29.5,28.700000000000003,30.6,4.96,1.99,4.97,0.16,0.0,0.0,1027.0,8228.0,0.0,0.0,0.0,0.0,0.0,1.0,0.0,0.0,0.0,0.0,0.0,-0.3,0.0,0.5,0.0,0.0,16.0,25903.0
2026-07-30T19:00:22.875Z,192.358,192.372,0.0,7.4,0.0,0.0,0.0,0.0,0.0,0.0,0.0,0.0,1.0,0.0,0.0,0.0,9.0,4.0,0.0,0.0,0.0,0.0,0.0,0.0,0.0,0.0,1.0,12.0,1.0,12.17,5.0200000000000005,2.5,1.49,0.0,0.0,0.0,0.4,0.0,-0.1,1.3,1.1,-169.60000000000002,0.0,0.0,169.60000000000002,0.0,21.700000000000003,29.700000000000003,29.700000000000003,30.200000000000003,300.0,300.0,31.3,35.2,29.5,28.700000000000003,30.6,4.96,1.99,4.97,0.16,0.0,0.0,1027.0,8228.0,0.0,0.0,0.0,0.0,0.0,1.0,0.0,0.0,0.0,0.0,0.0,2.3000000000000003,0.0,-0.7000000000000001,0.0,0.0,16.0,25903.0
2026-07-30T19:00:22.897Z,192.38,192.384,0.0,7.4,0.0,0.0,0.0,0.0,0.0,0.0,0.0,0.0,1.0,0.0,0.0,0.0,9.0,4.0,0.0,0.0,0.0,0.0,0.0,0.0,0.0,0.0,2.0,12.0,1.0,12.17,5.0200000000000005,2.5,1.49,0.0,0.0,0.0,0.4,0.0,-0.1,-1.0,0.0,-169.60000000000002,0.0,0.0,169.60000000000002,0.0,21.700000000000003,29.700000000000003,29.700000000000003,30.200000000000003,300.0,300.0,31.3,35.2,29.5,28.700000000000003,30.6,4.95,1.99,4.97,0.16,0.0,0.0,1027.0,8228.0,0.0,0.0,0.0,0.0,0.0,1.0,0.0,0.0,0.0,0.0,0.0,-1.1,0.0,-0.2,0.0,0.0,16.0,25903.0
2026-07-30T19:00:22.900Z,192.383,192.396,0.0,7.4,0.0,0.0,0.0,0.0,0.0,0.0,0.0,0.0,1.0,0.0,0.0,0.0,9.0,4.0,0.0,0.0,0.0,0.0,0.0,0.0,0.0,0.0,6.0,12.0,1.0,12.17,5.0200000000000005,2.5,1.49,0.0,0.0,0.0,0.5,0.0,0.0,0.7000000000000001,0.5,-169.60000000000002,0.0,0.0,169.60000000000002,0.0,21.700000000000003,29.700000000000003,29.700000000000003,30.200000000000003,300.0,300.0,31.3,35.2,29.5,28.700000000000003,30.6,4.95,2.0,4.96,0.16,0.0,0.0,1027.0,8228.0,0.0,0.0,0.0,0.0,0.0,1.0,0.0,0.0,0.0,0.0,0.0,1.3,0.0,-0.3,0.0,0.0,16.0,25903.0
2026-07-30T19:00:22.911Z,192.394,192.408,0.0,7.4,0.0,0.0,0.0,0.0,0.0,0.0,0.0,0.0,1.0,0.0,0.0,0.0,9.0,4.0,0.0,0.0,0.0,0.0,0.0,0.0,0.0,0.0,5.0,12.0,1.0,12.17,5.0200000000000005,2.5,1.49,0.0,0.0,0.0,0.4,0.0,0.4,0.1,-1.2000000000000002,-169.60000000000002,0.0,0.0,169.8,0.0,21.700000000000003,29.700000000000003,29.700000000000003,30.200000000000003,300.0,300.0,31.3,35.2,29.5,28.700000000000003,30.6,4.96,1.99,4.96,0.16,0.0,0.0,1027.0,8228.0,0.0,0.0,0.0,0.0,0.0,1.0,0.0,0.0,0.0,0.0,0.0,-0.6000000000000001,0.0,1.0,0.0,0.0,16.0,25903.0
2026-07-30T19:00:22.923Z,192.406,192.42,0.0,7.4,0.0,0.0,0.0,0.0,0.0,0.0,0.0,0.0,1.0,0.0,0.0,0.0,9.0,4.0,0.0,0.0,0.0,0.0,0.0,0.0,0.0,0.0,6.0,12.0,1.0,12.17,5.0200000000000005,2.5,1.49,-0.1,0.0,0.0,0.4,0.0,1.6,0.2,0.5,-169.60000000000002,0.0,0.0,169.60000000000002,0.0,21.700000000000003,29.700000000000003,29.700000000000003,30.200000000000003,300.0,300.0,31.3,35.2,29.5,28.700000000000003,30.6,4.95,1.99,4.97,0.16,0.0,0.0,1027.0,8228.0,0.0,0.0,0.0,0.0,0.0,1.0,0.0,0.0,0.0,0.0,0.0,0.6000000000000001,0.0,-0.4,0.0,0.0001,16.0,25903.0
2026-07-30T19:00:22.935Z,192.418,192.432,0.0,7.4,0.0,0.0,0.0,0.0,0.0,0.0,0.0,0.0,1.0,0.0,0.0,0.0,9.0,4.0,0.0,0.0,0.0,0.0,0.0,0.0,0.0,0.0,2.0,12.0,1.0,12.17,5.0200000000000005,2.5,1.49,0.0,0.0,0.0,0.4,0.0,-0.1,-0.4,0.0,-169.60000000000002,0.0,0.0,169.60000000000002,0.0,21.700000000000003,29.700000000000003,29.700000000000003,30.200000000000003,300.0,300.0,31.3,35.2,29.5,28.700000000000003,30.6,4.96,1.99,4.96,0.16,0.0,0.0,1027.0,8228.0,0.0,0.0,0.0,0.0,0.0,1.0,0.0,0.0,0.0,0.0,0.0,-0.4,0.0,0.0,0.0,0.0001,16.0,25903.0
2026-07-30T19:00:22.947Z,192.43,192.444,0.0,7.4,0.0,0.0,0.0,0.0,0.0,0.0,0.0,0.0,1.0,0.0,0.0,0.0,9.0,4.0,0.0,0.0,0.0,0.0,0.0,0.0,0.0,0.0,3.0,12.0,1.0,12.17,5.0200000000000005,2.5,1.49,0.0,0.0,0.0,0.4,0.0,0.4,0.6000000000000001,-0.6000000000000001,-169.60000000000002,0.0,0.0,169.60000000000002,0.0,21.700000000000003,29.700000000000003,29.700000000000003,30.200000000000003,300.0,300.0,31.3,35.2,29.5,28.700000000000003,30.6,4.96,1.99,4.96,0.16,0.0,0.0,1027.0,8228.0,0.0,0.0,0.0,0.0,0.0,1.0,0.0,0.0,0.0,0.0,0.0,0.3,0.0,0.6000000000000001,0.0,0.0,16.0,25903.0
2026-07-30T19:00:22.959Z,192.442,192.456,0.0,7.4,0.0,0.0,0.0,0.0,0.0,0.0,0.0,0.0,1.0,0.0,0.0,0.0,9.0,4.0,0.0,0.0,0.0,0.0,0.0,0.0,0.0,0.0,4.0,12.0,1.0,12.17,5.0200000000000005,2.5,1.49,0.0,0.0,0.0,0.4,0.0,-1.3,-0.4,0.0,-169.60000000000002,0.0,0.0,169.60000000000002,0.0,21.700000000000003,29.700000000000003,29.700000000000003,30.200000000000003,300.0,300.0,31.3,35.2,29.5,28.700000000000003,30.6,4.95,1.99,4.96,0.16,0.0,0.0,1027.0,8228.0,0.0,0.0,0.0,0.0,0.0,1.0,0.0,0.0,0.0,0.0,0.0,-0.5,0.0,0.0,0.0,0.0,16.0,25903.0
2026-07-30T19:00:22.971Z,192.454,192.468,0.0,7.4,0.0,0.0,0.0,0.0,0.0,0.0,0.0,0.0,1.0,0.0,0.0,0.0,9.0,4.0,0.0,0.0,0.0,0.0,0.0,0.0,0.0,0.0,6.0,12.0,1.0,12.17,5.0200000000000005,2.51,1.5,0.0,0.0,0.0,0.4,0.0,-0.1,0.1,-1.2000000000000002,-169.60000000000002,0.0,0.0,169.70000000000002,0.0,21.3,29.700000000000003,29.700000000000003,30.200000000000003,300.0,300.0,31.3,35.2,29.5,28.700000000000003,30.6,4.96,1.99,4.97,0.16,0.0,0.0,1027.0,8228.0,0.0,0.0,0.0,0.0,0.0,1.0,0.0,0.0,0.0,0.0,0.0,-0.8,0.0,1.1,0.0,0.0,16.0,25903.0
2026-07-30T19:00:22.983Z,192.466,192.48,0.0,7.4,0.0,0.0,0.0,0.0,0.0,0.0,0.0,0.0,1.0,0.0,0.0,0.0,9.0,4.0,0.0,0.0,0.0,0.0,0.0,0.0,0.0,0.0,1.0,12.0,1.0,12.17,5.0200000000000005,2.51,1.5,0.0,0.0,0.0,0.4,0.0,0.3,0.1,-0.1,-169.60000000000002,0.0,0.0,169.70000000000002,0.0,21.3,29.700000000000003,29.700000000000003,30.200000000000003,300.0,300.0,31.3,35.2,29.5,28.700000000000003,30.6,4.96,2.0,4.96,0.16,0.0,0.0,1027.0,8228.0,0.0,0.0,0.0,0.0,0.0,1.0,0.0,0.0,0.0,0.0,0.0,0.0,0.0,0.1,0.0,0.0001,16.0,25903.0
2026-07-30T19:00:22.995Z,192.478,192.492,0.0,7.4,0.0,0.0,0.0,0.0,0.0,0.0,0.0,0.0,1.0,0.0,0.0,0.0,9.0,4.0,0.0,0.0,0.0,0.0,0.0,0.0,0.0,0.0,3.0,12.0,1.0,12.17,5.0200000000000005,2.51,1.5,0.0,0.0,0.0,0.4,0.0,-0.2,1.2000000000000002,0.9,-169.60000000000002,0.0,0.0,169.60000000000002,0.0,21.3,29.700000000000003,29.700000000000003,30.200000000000003,300.0,300.0,31.3,35.2,29.5,28.700000000000003,30.6,4.96,1.99,4.96,0.16,0.0,0.0,1027.0,8228.0,0.0,0.0,0.0,0.0,0.0,1.0,0.0,0.0,0.0,0.0,0.0,2.1,0.0,-0.6000000000000001,0.0,0.0,16.0,25903.0
2026-07-30T19:00:23.007Z,192.49,192.504,0.0,7.4,0.0,0.0,0.0,0.0,0.0,0.0,0.0,0.0,1.0,0.0,0.0,0.0,9.0,4.0,0.0,0.0,0.0,0.0,0.0,0.0,0.0,0.0,4.0,12.0,1.0,12.17,5.0200000000000005,2.51,1.5,0.0,0.1,0.0,0.4,0.0,0.3,0.0,-0.1,-169.60000000000002,0.0,0.0,169.60000000000002,0.0,21.3,29.700000000000003,29.700000000000003,30.200000000000003,300.0,300.0,31.3,35.2,29.5,28.700000000000003,30.6,4.95,1.99,4.96,0.16,0.0,0.0,1027.0,8228.0,0.0,0.0,0.0,0.0,0.0,1.0,0.0,0.0,0.0,0.0,0.0,0.0,0.0,0.1,0.0,0.0,16.0,25903.0
2026-07-30T19:00:23.019Z,192.502,192.516,0.0,7.4,0.0,0.0,0.0,0.0,0.0,0.0,0.0,0.0,1.0,0.0,0.0,0.0,9.0,4.0,0.0,0.0,0.0,0.0,0.0,0.0,0.0,0.0,6.0,12.0,1.0,12.17,5.0200000000000005,2.51,1.5,0.0,0.0,0.0,0.4,0.0,0.3,0.0,0.9,-169.60000000000002,0.0,0.0,169.60000000000002,0.0,21.3,29.700000000000003,29.700000000000003,30.200000000000003,300.0,300.0,31.3,35.2,29.5,28.700000000000003,30.6,4.96,1.99,4.96,0.16,0.0,0.0,1027.0,8228.0,0.0,0.0,0.0,0.0,0.0,1.0,0.0,0.0,0.0,0.0,0.0,0.8,0.0,-0.8,0.0,0.0,16.0,25903.0
2026-07-30T19:00:23.031Z,192.514,192.528,0.0,7.4,0.0,0.0,0.0,0.0,0.0,0.0,0.0,0.0,1.0,0.0,0.0,0.0,9.0,4.0,0.0,0.0,0.0,0.0,0.0,0.0,0.0,0.0,1.0,12.0,1.0,12.17,5.0200000000000005,2.51,1.5,0.0,0.0,0.0,0.4,0.0,0.9,-0.5,-0.2,-169.60000000000002,0.0,0.0,169.60000000000002,0.0,21.3,29.700000000000003,29.700000000000003,30.200000000000003,300.0,300.0,31.3,35.2,29.5,28.700000000000003,30.6,4.95,2.0,4.96,0.16,0.0,0.0,1027.0,8228.0,0.0,0.0,0.0,0.0,0.0,1.0,0.0,0.0,0.0,0.0,0.0,-0.7000000000000001,0.0,0.0,0.0,0.0,16.0,25903.0
2026-07-30T19:00:23.043Z,192.526,192.54,0.0,7.4,0.0,0.0,0.0,0.0,0.0,0.0,0.0,0.0,1.0,0.0,0.0,0.0,9.0,4.0,0.0,0.0,0.0,0.0,0.0,0.0,0.0,0.0,3.0,12.0,1.0,12.17,5.0200000000000005,2.51,1.5,0.0,0.0,0.0,0.4,0.0,-0.2,-1.1,-1.4,-169.60000000000002,0.0,0.0,169.60000000000002,0.0,21.3,29.700000000000003,29.700000000000003,30.200000000000003,300.0,300.0,31.3,35.2,29.5,28.700000000000003,30.6,4.95,1.99,4.97,0.16,0.0,0.0,1027.0,8228.0,0.0,0.0,0.0,0.0,0.0,1.0,0.0,0.0,0.0,0.0,0.0,-2.3000000000000003,0.0,0.9,0.0,0.0,16.0,25903.0
2026-07-30T19:00:23.055Z,192.538,192.552,0.0,7.4,0.0,0.0,0.0,0.0,0.0,0.0,0.0,0.0,1.0,0.0,0.0,0.0,9.0,4.0,0.0,0.0,0.0,0.0,0.0,0.0,0.0,0.0,4.0,12.0,1.0,12.17,5.0200000000000005,2.51,1.5,0.0,0.1,0.0,0.4,0.0,-0.3,0.6000000000000001,0.3,-169.60000000000002,0.0,0.0,169.60000000000002,0.0,21.3,29.700000000000003,29.700000000000003,30.200000000000003,300.0,300.0,31.3,35.2,29.5,28.700000000000003,30.6,4.95,2.0,4.97,0.16,0.0,0.0,1027.0,8228.0,0.0,0.0,0.0,0.0,0.0,1.0,0.0,0.0,0.0,0.0,0.0,0.9,0.0,-0.1,0.0,0.0,16.0,25903.0
2026-07-30T19:00:23.067Z,192.55,192.564,0.0,7.4,0.0,0.0,0.0,0.0,0.0,0.0,0.0,0.0,1.0,0.0,0.0,0.0,9.0,4.0,0.0,0.0,0.0,0.0,0.0,0.0,0.0,0.0,6.0,12.0,1.0,12.17,5.0200000000000005,2.51,1.5,0.0,0.0,0.0,0.4,0.0,-0.2,0.6000000000000001,-0.7000000000000001,-169.60000000000002,0.0,0.0,169.60000000000002,0.0,21.3,29.700000000000003,29.700000000000003,30.200000000000003,300.0,300.0,31.3,35.2,29.5,28.700000000000003,30.6,4.96,2.0,4.97,0.16,0.0,0.0,1027.0,8228.0,0.0,0.0,0.0,0.0,0.0,1.0,0.0,0.0,0.0,0.0,0.0,0.1,0.0,0.8,0.0,0.0,16.0,25903.0
2026-07-30T19:00:23.079Z,192.562,192.576,0.0,7.4,0.0,0.0,0.0,0.0,0.0,0.0,0.0,0.0,1.0,0.0,0.0,0.0,9.0,4.0,0.0,0.0,0.0,0.0,0.0,0.0,0.0,0.0,1.0,12.0,1.0,12.18,5.0200000000000005,2.51,1.48,0.0,0.0,0.0,0.4,0.0,-0.2,-0.4,-0.1,-169.60000000000002,0.0,0.0,169.60000000000002,0.0,21.4,29.700000000000003,29.700000000000003,30.3,300.0,300.0,31.3,35.2,29.5,28.700000000000003,30.6,4.95,1.99,4.96,0.16,0.0,0.0,1027.0,8228.0,0.0,0.0,0.0,0.0,0.0,1.0,0.0,0.0,0.0,0.0,0.0,-0.6000000000000001,0.0,0.0,0.0,0.0,16.0,25903.0
2026-07-30T19:00:23.091Z,192.574,192.588,0.0,7.4,0.0,0.0,0.0,0.0,0.0,0.0,0.0,0.0,1.0,0.0,0.0,0.0,9.0,4.0,0.0,0.0,0.0,0.0,0.0,0.0,0.0,0.0,3.0,12.0,1.0,12.18,5.0200000000000005,2.51,1.48,0.0,0.0,0.0,0.4,0.0,-0.2,1.1,-1.3,-169.60000000000002,0.0,0.0,169.70000000000002,0.0,21.4,29.700000000000003,29.700000000000003,30.3,300.0,300.0,31.3,35.2,29.5,28.700000000000003,30.6,4.95,1.99,4.97,0.16,0.0,0.0,1027.0,8228.0,0.0,0.0,0.0,0.0,0.0,1.0,0.0,0.0,0.0,0.0,0.0,0.3,0.0,1.4,0.0,0.0,16.0,25903.0
2026-07-30T19:00:23.103Z,192.586,192.6,0.0,7.4,0.0,0.0,0.0,0.0,0.0,0.0,0.0,0.0,1.0,0.0,0.0,0.0,9.0,4.0,0.0,0.0,0.0,0.0,0.0,0.0,0.0,0.0,4.0,12.0,1.0,12.18,5.0200000000000005,2.51,1.48,0.0,0.1,0.0,0.4,0.0,0.9,1.2000000000000002,-0.1,-169.60000000000002,0.0,0.0,169.60000000000002,0.0,21.4,29.700000000000003,29.700000000000003,30.3,300.0,300.0,31.3,35.2,29.5,28.700000000000003,30.6,4.96,2.0,4.97,0.16,0.0,0.0,1027.0,8228.0,0.0,0.0,0.0,0.0,0.0,1.0,0.0,0.0,0.0,0.0,0.0,1.2000000000000002,0.0,0.3,0.0,0.0,16.0,25903.0
2026-07-30T19:00:23.115Z,192.598,192.612,0.0,7.4,0.0,0.0,0.0,0.0,0.0,0.0,0.0,0.0,1.0,0.0,0.0,0.0,9.0,4.0,0.0,0.0,0.0,0.0,0.0,0.0,0.0,0.0,5.0,12.0,1.0,12.18,5.0200000000000005,2.51,1.48,0.0,0.0,0.0,0.5,0.0,-0.2,-1.0,-0.7000000000000001,-169.60000000000002,0.0,0.0,169.60000000000002,0.0,21.4,29.700000000000003,29.700000000000003,30.3,300.0,300.0,31.3,35.2,29.5,28.700000000000003,30.6,4.95,2.0,4.96,0.16,0.0,0.0,1027.0,8228.0,0.0,0.0,0.0,0.0,0.0,1.0,0.0,0.0,0.0,0.0,0.0,-1.8,0.0,0.4,0.0,0.0,16.0,25903.0
2026-07-30T19:00:23.127Z,192.61,192.624,0.0,7.4,0.0,0.0,0.0,0.0,0.0,0.0,0.0,0.0,1.0,0.0,0.0,0.0,9.0,4.0,0.0,0.0,0.0,0.0,0.0,0.0,0.0,0.0,6.0,12.0,1.0,12.18,5.0200000000000005,2.51,1.48,0.0,0.0,0.0,0.4,0.0,-0.2,-1.6,-1.3,-169.60000000000002,0.0,0.0,169.70000000000002,0.0,21.4,29.700000000000003,29.700000000000003,30.3,300.0,300.0,31.3,35.2,29.5,28.700000000000003,30.6,4.95,1.99,4.97,0.16,0.0,0.0,1027.0,8228.0,0.0,0.0,0.0,0.0,0.0,1.0,0.0,0.0,0.0,0.0,0.0,-2.8000000000000003,0.0,0.8,0.0,0.0,16.0,25903.0
2026-07-30T19:00:23.139Z,192.622,192.636,0.0,7.4,0.0,0.0,0.0,0.0,0.0,0.0,0.0,0.0,1.0,0.0,0.0,0.0,9.0,4.0,0.0,0.0,0.0,0.0,0.0,0.0,0.0,0.0,2.0,12.0,1.0,12.18,5.0200000000000005,2.51,1.48,0.0,0.0,0.0,0.4,0.0,0.3,1.2000000000000002,1.0,-169.60000000000002,0.0,0.0,169.60000000000002,0.0,21.4,29.700000000000003,29.700000000000003,30.3,300.0,300.0,31.3,35.2,29.5,28.700000000000003,30.6,4.95,1.99,4.97,0.16,0.0,0.0,1027.0,8228.0,0.0,0.0,0.0,0.0,0.0,1.0,0.0,0.0,0.0,0.0,0.0,2.2,0.0,-0.6000000000000001,0.0,0.0,16.0,25903.0
2026-07-30T19:00:23.151Z,192.634,192.648,0.0,7.4,0.0,0.0,0.0,0.0,0.0,0.0,0.0,0.0,1.0,0.0,0.0,0.0,9.0,4.0,0.0,0.0,0.0,0.0,0.0,0.0,0.0,0.0,3.0,12.0,1.0,12.18,5.0200000000000005,2.51,1.48,0.0,0.0,0.0,0.4,0.0,0.3,1.2000000000000002,0.4,-169.60000000000002,0.0,0.0,169.70000000000002,0.0,21.4,29.700000000000003,29.700000000000003,30.3,300.0,300.0,31.3,35.2,29.5,28.700000000000003,30.6,4.96,1.99,4.97,0.16,0.0,0.0,1027.0,8228.0,0.0,0.0,0.0,0.0,0.0,1.0,0.0,0.0,0.0,0.0,0.0,1.7000000000000002,0.0,-0.1,0.0,0.0,16.0,25903.0
2026-07-30T19:00:23.163Z,192.646,192.66,0.0,7.4,0.0,0.0,0.0,0.0,0.0,0.0,0.0,0.0,1.0,0.0,0.0,0.0,9.0,4.0,0.0,0.0,0.0,0.0,0.0,0.0,0.0,0.0,5.0,12.0,1.0,12.18,5.0200000000000005,2.51,1.48,0.0,0.0,0.0,0.4,0.0,0.9,0.7000000000000001,0.4,-169.60000000000002,0.0,0.0,169.8,0.0,21.4,29.700000000000003,29.700000000000003,30.3,300.0,300.0,31.3,35.2,29.5,28.700000000000003,30.6,4.95,1.99,4.97,0.16,0.0,0.0,1027.0,8228.0,0.0,0.0,0.0,0.0,0.0,1.0,0.0,0.0,0.0,0.0,0.0,1.1,0.0,-0.2,0.0,0.0,16.0,25903.0
2026-07-30T19:00:23.175Z,192.658,192.672,0.0,7.4,0.0,0.0,0.0,0.0,0.0,0.0,0.0,0.0,1.0,0.0,0.0,0.0,9.0,4.0,0.0,0.0,0.0,0.0,0.0,0.0,0.0,0.0,6.0,12.0,1.0,12.18,5.01,2.51,1.49,0.0,0.0,0.0,0.4,0.0,0.3,-1.0,0.4,-169.60000000000002,0.0,0.0,169.60000000000002,0.0,21.4,29.700000000000003,29.700000000000003,30.200000000000003,300.0,300.0,31.200000000000003,35.2,29.5,28.700000000000003,30.6,4.96,1.99,4.96,0.16,0.0,0.0,1027.0,8228.0,0.0,0.0,0.0,0.0,0.0,1.0,0.0,0.0,0.0,0.0,0.0,-0.9,0.0,-0.6000000000000001,0.0,0.0002,16.0,25903.0
2026-07-30T19:00:23.187Z,192.67,192.684,0.0,7.4,0.0,0.0,0.0,0.0,0.0,0.0,0.0,0.0,1.0,0.0,0.0,0.0,9.0,4.0,0.0,0.0,0.0,0.0,0.0,0.0,0.0,0.0,2.0,12.0,1.0,12.18,5.01,2.51,1.49,0.0,0.0,0.0,0.4,0.0,-0.7000000000000001,0.6000000000000001,-1.2000000000000002,-169.60000000000002,0.0,0.0,169.70000000000002,0.0,21.4,29.700000000000003,29.700000000000003,30.200000000000003,300.0,300.0,31.200000000000003,35.2,29.5,28.700000000000003,30.6,4.96,2.0,4.96,0.16,0.0,0.0,1027.0,8228.0,0.0,0.0,0.0,0.0,0.0,1.0,0.0,0.0,0.0,0.0,0.0,-0.1,0.0,-0.1,0.0,0.0001,16.0,25903.0
2026-07-30T19:00:23.199Z,192.682,192.696,0.0,7.4,0.0,0.0,0.0,0.0,0.0,0.0,0.0,0.0,1.0,0.0,0.0,0.0,9.0,4.0,0.0,0.0,0.0,0.0,0.0,0.0,0.0,0.0,3.0,12.0,1.0,12.18,5.01,2.51,1.49,0.0,0.0,0.0,0.4,0.0,-0.1,0.0,0.4,-169.60000000000002,0.0,0.0,169.70000000000002,0.0,21.4,29.700000000000003,29.700000000000003,30.200000000000003,300.0,300.0,31.200000000000003,35.2,29.5,28.700000000000003,30.6,4.95,1.99,4.96,0.16,0.0,0.0,1027.0,8228.0,0.0,0.0,0.0,0.0,0.0,1.0,0.0,0.0,0.0,0.0,0.0,-1.7000000000000002,0.0,0.3,0.0,0.0,16.0,25903.0
2026-07-30T19:00:23.216Z,192.699,192.708,0.0,7.4,0.0,0.0,0.0,0.0,0.0,0.0,0.0,0.0,1.0,0.0,0.0,0.0,9.0,4.0,0.0,0.0,0.0,0.0,0.0,0.0,0.0,0.0,4.0,12.0,1.0,12.18,5.01,2.51,1.49,0.0,0.0,0.0,0.4,0.0,-0.8,-1.0,-1.3,-169.60000000000002,0.0,0.0,169.60000000000002,0.0,21.4,29.700000000000003,29.700000000000003,30.200000000000003,300.0,300.0,31.200000000000003,35.2,29.5,28.700000000000003,30.6,4.95,1.99,4.96,0.16,0.0,0.0,1027.0,8228.0,0.0,0.0,0.0,0.0,0.0,1.0,0.0,0.0,0.0,0.0,0.0,-0.6000000000000001,0.0,0.0,0.0,0.0,16.0,25903.0
2026-07-30T19:00:23.223Z,192.706,192.72,0.0,7.4,0.0,0.0,0.0,0.0,0.0,0.0,0.0,0.0,1.0,0.0,0.0,0.0,9.0,4.0,0.0,0.0,0.0,0.0,0.0,0.0,0.0,0.0,2.0,12.0,1.0,12.18,5.01,2.51,1.49,0.0,0.0,0.0,0.4,0.0,0.9,0.0,-0.7000000000000001,-169.60000000000002,0.0,0.0,169.70000000000002,0.0,21.4,29.700000000000003,29.700000000000003,30.200000000000003,300.0,300.0,31.200000000000003,35.2,29.5,28.700000000000003,30.6,4.96,1.99,4.96,0.16,0.0,0.0,1027.0,8228.0,0.0,0.0,0.0,0.0,0.0,1.0,0.0,0.0,0.0,0.0,0.0,-0.4,0.0,0.6000000000000001,0.0,0.0001,16.0,25903.0
2026-07-30T19:00:23.235Z,192.718,192.732,0.0,7.4,0.0,0.0,0.0,0.0,0.0,0.0,0.0,0.0,1.0,0.0,0.0,0.0,9.0,4.0,0.0,0.0,0.0,0.0,0.0,0.0,0.0,0.0,3.0,12.0,1.0,12.18,5.01,2.51,1.49,0.0,0.0,0.0,0.4,0.0,0.9,0.0,-0.7000000000000001,-169.60000000000002,0.0,0.0,169.60000000000002,0.0,21.4,29.700000000000003,29.700000000000003,30.200000000000003,300.0,300.0,31.200000000000003,35.2,29.5,28.700000000000003,30.6,4.96,1.99,4.97,0.16,0.0,0.0,1027.0,8228.0,0.0,0.0,0.0,0.0,0.0,1.0,0.0,0.0,0.0,0.0,0.0,-0.5,0.0,0.6000000000000001,0.0,0.0002,16.0,25903.0
2026-07-30T19:00:23.247Z,192.73,192.744,0.0,7.4,0.0,0.0,0.0,0.0,0.0,0.0,0.0,0.0,1.0,0.0,0.0,0.0,9.0,4.0,0.0,0.0,0.0,0.0,0.0,0.0,0.0,0.0,5.0,12.0,1.0,12.18,5.01,2.51,1.49,0.0,0.0,0.0,0.4,0.0,-0.2,0.0,-0.1,-169.60000000000002,0.0,0.0,169.60000000000002,0.0,21.4,29.700000000000003,29.700000000000003,30.200000000000003,300.0,300.0,31.200000000000003,35.2,29.5,28.700000000000003,30.6,4.95,1.99,4.97,0.16,0.0,0.0,1027.0,8228.0,0.0,0.0,0.0,0.0,0.0,1.0,0.0,0.0,0.0,0.0,0.0,-0.1,0.0,0.1,0.0,0.0001,16.0,25903.0
2026-07-30T19:00:23.259Z,192.742,192.756,0.0,7.4,0.0,0.0,0.0,0.0,0.0,0.0,0.0,0.0,1.0,0.0,0.0,0.0,9.0,4.0,0.0,0.0,0.0,0.0,0.0,0.0,0.0,0.0,6.0,12.0,1.0,12.18,5.01,2.51,1.49,0.0,0.0,0.0,0.4,0.0,0.3,-0.5,0.4,-169.60000000000002,0.0,0.0,169.70000000000002,0.0,21.4,29.700000000000003,29.700000000000003,30.200000000000003,300.0,300.0,31.200000000000003,35.2,29.5,28.700000000000003,30.6,4.96,1.99,4.96,0.16,0.0,0.0,1027.0,8228.0,0.0,0.0,0.0,0.0,0.0,1.0,0.0,0.0,0.0,0.0,0.0,-0.3,0.0,-0.4,0.0,0.0001,16.0,25903.0
2026-07-30T19:00:23.271Z,192.754,192.768,0.0,7.4,0.0,0.0,0.0,0.0,0.0,0.0,0.0,0.0,1.0,0.0,0.0,0.0,9.0,4.0,0.0,0.0,0.0,0.0,0.0,0.0,0.0,0.0,2.0,12.0,1.0,12.18,5.01,2.51,1.49,0.0,0.0,0.0,0.5,0.0,-0.8,-1.7000000000000002,0.4,-169.60000000000002,0.0,0.0,169.70000000000002,0.0,21.4,29.700000000000003,29.700000000000003,30.200000000000003,300.0,300.0,31.200000000000003,35.2,29.5,28.700000000000003,30.6,4.95,1.99,4.96,0.16,0.0,0.0,1027.0,8228.0,0.0,0.0,0.0,0.0,0.0,1.0,0.0,0.0,0.0,0.0,0.0,-1.6,0.0,-0.7000000000000001,0.0,0.0,16.0,25903.0
2026-07-30T19:00:23.283Z,192.766,192.78,0.0,7.4,0.0,0.0,0.0,0.0,0.0,0.0,0.0,0.0,1.0,0.0,0.0,0.0,9.0,4.0,0.0,0.0,0.0,0.0,0.0,0.0,0.0,0.0,3.0,12.0,1.0,12.15,5.01,2.51,1.49,0.0,0.0,0.0,0.4,0.0,0.3,-0.5,-0.6000000000000001,-169.60000000000002,0.0,0.0,169.70000000000002,0.0,21.700000000000003,29.700000000000003,29.700000000000003,30.200000000000003,300.0,300.0,31.200000000000003,35.2,29.5,28.700000000000003,30.6,4.95,1.99,4.97,0.16,0.0,0.0,1027.0,8228.0,0.0,0.0,0.0,0.0,0.0,1.0,0.0,0.0,0.0,0.0,0.0,-1.1,0.0,0.5,0.0,0.0001,16.0,25903.0
2026-07-30T19:00:23.295Z,192.778,192.792,0.0,7.4,0.0,0.0,0.0,0.0,0.0,0.0,0.0,0.0,1.0,0.0,0.0,0.0,9.0,4.0,0.0,0.0,0.0,0.0,0.0,0.0,0.0,0.0,5.0,12.0,1.0,12.15,5.01,2.51,1.49,0.0,0.0,0.0,0.4,0.0,0.3,0.0,-0.1,-169.60000000000002,0.0,0.0,169.60000000000002,0.0,21.700000000000003,29.700000000000003,29.700000000000003,30.200000000000003,300.0,300.0,31.200000000000003,35.2,29.5,28.700000000000003,30.6,4.95,1.99,4.97,0.16,0.0,0.0,1027.0,8228.0,0.0,0.0,0.0,0.0,0.0,1.0,0.0,0.0,0.0,0.0,0.0,0.0,0.0,0.1,0.0,0.0,16.0,25903.0
2026-07-30T19:00:23.307Z,192.79,192.804,0.0,7.4,0.0,0.0,0.0,0.0,0.0,0.0,0.0,0.0,1.0,0.0,0.0,0.0,9.0,4.0,0.0,0.0,0.0,0.0,0.0,0.0,0.0,0.0,6.0,12.0,1.0,12.15,5.01,2.51,1.49,0.0,0.0,0.0,0.4,0.0,-0.2,-1.1,1.0,-169.60000000000002,0.0,0.0,169.70000000000002,0.0,21.700000000000003,29.700000000000003,29.700000000000003,30.200000000000003,300.0,300.0,31.200000000000003,35.2,29.5,28.700000000000003,30.6,4.96,1.99,4.96,0.16,0.0,0.0,1027.0,8228.0,0.0,0.0,0.0,0.0,0.0,1.0,0.0,0.0,0.0,0.0,0.0,-0.4,0.0,-1.1,0.0,0.0001,16.0,25903.0
2026-07-30T19:00:23.319Z,192.802,192.816,0.0,7.4,0.0,0.0,0.0,0.0,0.0,0.0,0.0,0.0,1.0,0.0,0.0,0.0,9.0,4.0,0.0,0.0,0.0,0.0,0.0,0.0,0.0,0.0,2.0,12.0,1.0,12.15,5.01,2.51,1.49,0.0,0.0,0.0,0.4,0.0,0.9,-0.5,1.0,-169.60000000000002,0.0,0.0,169.70000000000002,0.0,21.700000000000003,29.700000000000003,29.700000000000003,30.200000000000003,300.0,300.0,31.200000000000003,35.2,29.5,28.700000000000003,30.6,4.95,1.99,4.97,0.16,0.0,0.0,1027.0,8228.0,0.0,0.0,0.0,0.0,0.0,1.0,0.0,0.0,0.0,0.0,0.0,0.1,0.0,-1.0,0.0,0.0001,16.0,25903.0
2026-07-30T19:00:23.331Z,192.814,192.828,0.0,7.4,0.0,0.0,0.0,0.0,0.0,0.0,0.0,0.0,1.0,0.0,0.0,0.0,9.0,4.0,0.0,0.0,0.0,0.0,0.0,0.0,0.0,0.0,3.0,12.0,1.0,12.15,5.01,2.51,1.49,0.0,0.0,0.0,0.4,0.0,0.3,0.6000000000000001,0.4,-169.60000000000002,0.0,0.0,169.70000000000002,0.0,21.700000000000003,29.700000000000003,29.700000000000003,30.200000000000003,300.0,300.0,31.200000000000003,35.2,29.5,28.700000000000003,30.6,4.95,1.99,4.96,0.16,0.0,0.0,1027.0,8228.0,0.0,0.0,0.0,0.0,0.0,1.0,0.0,0.0,0.0,0.0,0.0,1.0,0.0,-0.2,0.0,0.0001,16.0,25903.0
2026-07-30T19:00:23.343Z,192.826,192.84,0.0,7.4,0.0,0.0,0.0,0.0,0.0,0.0,0.0,0.0,1.0,0.0,0.0,0.0,9.0,4.0,0.0,0.0,0.0,0.0,0.0,0.0,0.0,0.0,5.0,12.0,1.0,12.15,5.01,2.51,1.49,0.0,0.0,0.0,0.4,0.0,0.9,1.2000000000000002,-0.1,-169.60000000000002,0.0,0.0,169.60000000000002,0.0,21.700000000000003,29.700000000000003,29.700000000000003,30.200000000000003,300.0,300.0,31.200000000000003,35.2,29.5,28.700000000000003,30.6,4.96,2.0,4.96,0.16,0.0,0.0,1027.0,8228.0,0.0,0.0,0.0,0.0,0.0,1.0,0.0,0.0,0.0,0.0,0.0,1.2000000000000002,0.0,0.3,0.0,0.0,16.0,25903.0
2026-07-30T19:00:23.356Z,192.839,192.852,0.0,7.4,0.0,0.0,0.0,0.0,0.0,0.0,0.0,0.0,1.0,0.0,0.0,0.0,9.0,4.0,0.0,0.0,0.0,0.0,0.0,0.0,0.0,0.0,6.0,12.0,1.0,12.15,5.01,2.51,1.49,0.0,0.1,0.0,0.5,0.0,-0.2,0.6000000000000001,-0.7000000000000001,-169.60000000000002,0.0,0.0,169.60000000000002,0.0,21.700000000000003,29.700000000000003,29.700000000000003,30.200000000000003,300.0,300.0,31.200000000000003,35.2,29.5,28.700000000000003,30.6,4.95,2.0,4.97,0.16,0.0,0.0,1027.0,8228.0,0.0,0.0,0.0,0.0,0.0,1.0,0.0,0.0,0.0,0.0,0.0,0.1,0.0,0.7000000000000001,0.0,0.0,16.0,25903.0
2026-07-30T19:00:23.368Z,192.851,192.864,0.0,7.4,0.0,0.0,0.0,0.0,0.0,0.0,0.0,0.0,1.0,0.0,0.0,0.0,9.0,4.0,0.0,0.0,0.0,0.0,0.0,0.0,0.0,0.0,1.0,12.0,1.0,12.15,5.01,2.51,1.49,0.0,0.0,0.0,0.5,0.0,-0.2,-0.5,-0.1,-169.60000000000002,0.0,0.0,169.60000000000002,0.0,21.700000000000003,29.700000000000003,29.700000000000003,30.200000000000003,300.0,300.0,31.200000000000003,35.2,29.5,28.700000000000003,30.6,4.95,1.99,4.97,0.16,0.0,0.0,1027.0,8228.0,0.0,0.0,0.0,0.0,0.0,1.0,0.0,0.0,0.0,0.0,0.0,-0.7000000000000001,0.0,0.0,0.0,0.0,16.0,25903.0
2026-07-30T19:00:23.379Z,192.862,192.876,0.0,7.4,0.0,0.0,0.0,0.0,0.0,0.0,0.0,0.0,1.0,0.0,0.0,0.0,9.0,4.0,0.0,0.0,0.0,0.0,0.0,0.0,0.0,0.0,2.0,12.0,1.0,12.18,5.01,2.51,1.49,0.0,0.0,0.0,0.4,0.0,-0.2,1.1,-0.6000000000000001,-169.60000000000002,0.0,0.0,169.70000000000002,0.0,21.3,29.700000000000003,29.700000000000003,30.200000000000003,300.0,300.0,31.3,35.2,29.5,28.700000000000003,30.6,4.95,1.99,4.96,0.16,0.0,0.0,1027.0,8228.0,0.0,0.0,0.0,0.0,0.0,1.0,0.0,0.0,0.0,0.0,0.0,0.8,0.0,0.8,0.0,0.0,16.0,25903.0
2026-07-30T19:00:23.392Z,192.875,192.888,0.0,7.4,0.0,0.0,0.0,0.0,0.0,0.0,0.0,0.0,1.0,0.0,0.0,0.0,9.0,4.0,0.0,0.0,0.0,0.0,0.0,0.0,0.0,0.0,3.0,12.0,1.0,12.18,5.01,2.51,1.49,0.0,0.0,0.0,0.4,0.0,0.3,1.7000000000000002,-0.1,-169.60000000000002,0.0,0.0,169.60000000000002,0.0,21.3,29.700000000000003,29.700000000000003,30.200000000000003,300.0,300.0,31.3,35.2,29.5,28.700000000000003,30.6,4.96,1.99,4.96,0.16,0.0,0.0,1027.0,8228.0,0.0,0.0,0.0,0.0,0.0,1.0,0.0,0.0,0.0,0.0,0.0,1.9,0.0,0.4,0.0,0.0,16.0,25903.0
2026-07-30T19:00:23.403Z,192.886,192.9,0.0,7.4,0.0,0.0,0.0,0.0,0.0,0.0,0.0,0.0,1.0,0.0,0.0,0.0,9.0,4.0,0.0,0.0,0.0,0.0,0.0,0.0,0.0,0.0,5.0,12.0,1.0,12.18,5.01,2.51,1.49,0.0,0.0,0.0,0.4,0.0,0.3,0.0,-0.7000000000000001,-169.60000000000002,0.0,0.0,169.60000000000002,0.0,21.3,29.700000000000003,29.700000000000003,30.200000000000003,300.0,300.0,31.3,35.2,29.5,28.700000000000003,30.6,4.95,1.99,4.97,0.16,0.0,0.0,1027.0,8228.0,0.0,0.0,0.0,0.0,0.0,1.0,0.0,0.0,0.0,0.0,0.0,-0.5,0.0,0.6000000000000001,0.0,0.0,16.0,25903.0
2026-07-30T19:00:23.415Z,192.898,192.912,0.0,7.4,0.0,0.0,0.0,0.0,0.0,0.0,0.0,0.0,1.0,0.0,0.0,0.0,9.0,4.0,0.0,0.0,0.0,0.0,0.0,0.0,0.0,0.0,6.0,12.0,1.0,12.18,5.01,2.51,1.49,0.0,0.0,0.0,0.4,0.0,-0.7000000000000001,-1.7000000000000002,-1.2000000000000002,-169.60000000000002,0.0,0.0,169.60000000000002,0.0,21.3,29.700000000000003,29.700000000000003,30.200000000000003,300.0,300.0,31.3,35.2,29.5,28.700000000000003,30.6,4.96,1.99,4.96,0.16,0.0,0.0,1027.0,8228.0,0.0,0.0,0.0,0.0,0.0,1.0,0.0,0.0,0.0,0.0,0.0,-2.8000000000000003,0.0,0.7000000000000001,0.0,0.0,16.0,25903.0
2026-07-30T19:00:23.427Z,192.91,192.924,0.0,7.4,0.0,0.0,0.0,0.0,0.0,0.0,0.0,0.0,1.0,0.0,0.0,0.0,9.0,4.0,0.0,0.0,0.0,0.0,0.0,0.0,0.0,0.0,2.0,12.0,1.0,12.18,5.01,2.51,1.49,0.0,0.0,0.0,0.4,0.0,-0.1,0.0,0.0,-169.60000000000002,0.0,0.0,169.70000000000002,0.0,21.3,29.700000000000003,29.700000000000003,30.200000000000003,300.0,300.0,31.3,35.2,29.5,28.700000000000003,30.6,4.96,2.0,4.96,0.16,0.0,0.0,1027.0,8228.0,0.0,0.0,0.0,0.0,0.0,1.0,0.0,0.0,0.0,0.0,0.0,0.0,0.0,0.0,0.0,0.0,16.0,25903.0
2026-07-30T19:00:23.439Z,192.922,192.936,0.0,7.4,0.0,0.0,0.0,0.0,0.0,0.0,0.0,0.0,1.0,0.0,0.0,0.0,9.0,4.0,0.0,0.0,0.0,0.0,0.0,0.0,0.0,0.0,3.0,12.0,1.0,12.18,5.01,2.51,1.49,0.0,0.0,0.0,0.4,0.0,-0.7000000000000001,0.0,1.1,-169.60000000000002,0.0,0.0,169.70000000000002,0.0,21.3,29.700000000000003,29.700000000000003,30.200000000000003,300.0,300.0,31.3,35.2,29.5,28.700000000000003,30.6,4.96,1.99,4.96,0.16,0.0,0.0,1027.0,8228.0,0.0,0.0,0.0,0.0,0.0,1.0,0.0,0.0,0.0,0.0,0.0,0.8,0.0,-0.9,0.0,0.0001,16.0,25903.0
2026-07-30T19:00:23.451Z,192.934,192.948,0.0,7.4,0.0,0.0,0.0,0.0,0.0,0.0,0.0,0.0,1.0,0.0,0.0,0.0,9.0,4.0,0.0,0.0,0.0,0.0,0.0,0.0,0.0,0.0,5.0,12.0,1.0,12.18,5.01,2.51,1.49,0.0,0.0,0.0,0.4,0.0,0.3,0.0,0.0,-169.60000000000002,0.0,0.0,169.60000000000002,0.0,21.3,29.700000000000003,29.700000000000003,30.200000000000003,300.0,300.0,31.3,35.2,29.5,28.700000000000003,30.6,4.96,1.99,4.97,0.16,0.0,0.0,1027.0,8228.0,0.0,0.0,0.0,0.0,0.0,1.0,0.0,0.0,0.0,0.0,0.0,0.0,0.0,0.0,0.0,0.0,16.0,25903.0
2026-07-30T19:00:23.463Z,192.946,192.96,0.0,7.4,0.0,0.0,0.0,0.0,0.0,0.0,0.0,0.0,1.0,0.0,0.0,0.0,9.0,4.0,0.0,0.0,0.0,0.0,0.0,0.0,0.0,0.0,6.0,12.0,1.0,12.18,5.01,2.51,1.49,0.0,0.0,0.0,0.5,0.0,-0.2,-1.1,-1.2000000000000002,-169.60000000000002,0.0,0.0,169.60000000000002,0.0,21.3,29.700000000000003,29.700000000000003,30.200000000000003,300.0,300.0,31.3,35.2,29.5,28.700000000000003,30.6,4.96,2.0,4.96,0.16,0.0,0.0,1027.0,8228.0,0.0,0.0,0.0,0.0,0.0,1.0,0.0,0.0,0.0,0.0,0.0,-2.2,0.0,0.8,0.0,0.0001,16.0,25903.0
2026-07-30T19:00:23.475Z,192.958,192.972,0.0,7.4,0.0,0.0,0.0,0.0,0.0,0.0,0.0,0.0,1.0,0.0,0.0,0.0,9.0,4.0,0.0,0.0,0.0,0.0,0.0,0.0,0.0,0.0,2.0,12.0,1.0,12.18,5.01,2.51,1.49,0.0,0.0,0.0,0.4,0.0,0.3,0.0,-0.6000000000000001,-169.60000000000002,0.0,0.0,169.60000000000002,0.0,21.3,29.700000000000003,29.700000000000003,30.200000000000003,300.0,300.0,31.3,35.2,29.5,28.700000000000003,30.6,4.96,1.99,4.97,0.16,0.0,0.0,1027.0,8228.0,0.0,0.0,0.0,0.0,0.0,1.0,0.0,0.0,0.0,0.0,0.0,-0.4,0.0,0.5,0.0,0.0,16.0,25903.0
2026-07-30T19:00:23.487Z,192.97,192.984,0.0,7.4,0.0,0.0,0.0,0.0,0.0,0.0,0.0,0.0,1.0,0.0,0.0,0.0,9.0,4.0,0.0,0.0,0.0,0.0,0.0,0.0,0.0,0.0,3.0,12.0,1.0,12.17,5.01,2.51,1.49,0.0,0.0,0.0,0.4,0.0,-0.2,1.2000000000000002,1.1,-169.60000000000002,0.0,0.0,169.70000000000002,0.0,21.4,29.700000000000003,29.700000000000003,30.200000000000003,300.0,300.0,31.3,35.2,29.5,28.8,30.6,4.95,2.0,4.97,0.16,0.0,0.0,1027.0,8228.0,0.0,0.0,0.0,0.0,0.0,1.0,0.0,0.0,0.0,0.0,0.0,2.2,0.0,-0.7000000000000001,0.0,0.0,16.0,25903.0
2026-07-30T19:00:23.499Z,192.982,192.996,0.0,7.4,0.0,0.0,0.0,0.0,0.0,0.0,0.0,0.0,1.0,0.0,0.0,0.0,9.0,4.0,0.0,0.0,0.0,0.0,0.0,0.0,0.0,0.0,5.0,12.0,1.0,12.17,5.01,2.51,1.49,0.0,0.0,0.0,0.4,0.0,0.2,0.0,1.1,-169.60000000000002,0.0,0.0,169.8,0.0,21.4,29.700000000000003,29.700000000000003,30.200000000000003,300.0,300.0,31.3,35.2,29.5,28.8,30.6,4.96,2.0,4.96,0.16,0.0,0.0,1027.0,8228.0,0.0,0.0,0.0,0.0,0.0,1.0,0.0,0.0,0.0,0.0,0.0,0.9,0.0,-0.9,0.0,0.0001,16.0,25903.0
2026-07-30T19:00:23.511Z,192.994,193.008,0.0,7.4,0.0,0.0,0.0,0.0,0.0,0.0,0.0,0.0,1.0,0.0,0.0,0.0,9.0,4.0,0.0,0.0,0.0,0.0,0.0,0.0,0.0,0.0,6.0,12.0,1.0,12.17,5.01,2.51,1.49,0.0,0.0,0.0,0.5,0.0,1.4,-0.4,3.4000000000000004,-169.60000000000002,0.0,0.0,169.8,0.0,21.4,29.700000000000003,29.700000000000003,30.200000000000003,300.0,300.0,31.3,35.2,29.5,28.8,30.6,4.96,2.0,4.96,0.16,0.0,0.0,1027.0,8228.0,0.0,0.0,0.0,0.0,0.0,1.0,0.0,0.0,0.0,0.0,0.0,2.0,0.0,-3.1,0.0,0.0,16.0,25903.0
2026-07-30T19:00:23.537Z,193.02,193.02,0.0,7.4,0.0,0.0,0.0,0.0,0.0,0.0,0.0,0.0,1.0,0.0,0.0,0.0,9.0,4.0,0.0,0.0,0.0,0.0,0.0,0.0,0.0,0.0,2.0,12.0,1.0,12.17,5.01,2.51,1.49,0.0,0.0,0.0,0.4,0.0,-0.3,1.2000000000000002,-0.6000000000000001,-169.60000000000002,0.0,0.0,169.60000000000002,0.0,21.4,29.700000000000003,29.700000000000003,30.200000000000003,300.0,300.0,31.3,35.2,29.5,28.8,30.6,4.96,1.99,4.97,0.16,0.0,0.0,1027.0,8228.0,0.0,0.0,0.0,0.0,0.0,1.0,0.0,0.0,0.0,0.0,0.0,0.9,0.0,0.8,0.0,0.0001,16.0,25903.0
2026-07-30T19:00:23.540Z,193.023,193.032,0.0,7.4,0.0,0.0,0.0,0.0,0.0,0.0,0.0,0.0,1.0,0.0,0.0,0.0,9.0,4.0,0.0,0.0,0.0,0.0,0.0,0.0,0.0,0.0,6.0,12.0,1.0,12.17,5.01,2.51,1.49,0.0,0.0,0.0,0.5,0.0,0.8,0.0,-0.6000000000000001,-169.60000000000002,0.0,0.0,169.8,0.0,21.4,29.700000000000003,29.700000000000003,30.200000000000003,300.0,300.0,31.3,35.2,29.5,28.8,30.6,4.95,1.99,4.97,0.16,0.0,0.0,1027.0,8228.0,0.0,0.0,0.0,0.0,0.0,1.0,0.0,0.0,0.0,0.0,0.0,-0.4,0.0,0.5,0.0,0.0002,16.0,25903.0
2026-07-30T19:00:23.547Z,193.03,193.044,0.0,7.4,0.0,0.0,0.0,0.0,0.0,0.0,0.0,0.0,1.0,0.0,0.0,0.0,9.0,4.0,0.0,0.0,0.0,0.0,0.0,0.0,0.0,0.0,5.0,12.0,1.0,12.17,5.01,2.51,1.49,0.0,0.0,0.0,0.4,0.0,0.2,0.0,-0.1,-169.60000000000002,0.0,0.0,169.8,0.0,21.4,29.700000000000003,29.700000000000003,30.200000000000003,300.0,300.0,31.3,35.2,29.5,28.8,30.6,4.96,1.99,4.96,0.16,0.0,0.0,1027.0,8228.0,0.0,0.0,0.0,0.0,0.0,1.0,0.0,0.0,0.0,0.0,0.0,0.0,0.0,0.1,0.0,0.0001,16.0,25903.0
2026-07-30T19:00:23.559Z,193.042,193.056,0.0,7.4,0.0,0.0,0.0,0.0,0.0,0.0,0.0,0.0,1.0,0.0,0.0,0.0,9.0,4.0,0.0,0.0,0.0,0.0,0.0,0.0,0.0,0.0,6.0,12.0,1.0,12.17,5.01,2.51,1.49,0.0,0.0,0.0,0.5,0.0,0.2,-0.4,0.5,-169.60000000000002,0.0,0.0,169.70000000000002,0.0,21.4,29.700000000000003,29.700000000000003,30.200000000000003,300.0,300.0,31.3,35.2,29.5,28.8,30.6,4.95,1.99,4.97,0.16,0.0,0.0,1027.0,8228.0,0.0,0.0,0.0,0.0,0.0,1.0,0.0,0.0,0.0,0.0,0.0,-0.1,0.0,-0.5,0.0,0.0002,16.0,25903.0
2026-07-30T19:00:23.571Z,193.054,193.068,0.0,7.4,0.0,0.0,0.0,0.0,0.0,0.0,0.0,0.0,1.0,0.0,0.0,0.0,9.0,4.0,0.0,0.0,0.0,0.0,0.0,0.0,0.0,0.0,1.0,12.0,1.0,12.17,5.01,2.51,1.49,0.0,0.0,0.0,0.4,0.0,-0.3,0.0,0.0,-169.60000000000002,0.0,0.0,169.60000000000002,0.0,21.4,29.700000000000003,29.700000000000003,30.200000000000003,300.0,300.0,31.3,35.2,29.5,28.8,30.6,4.95,1.99,4.96,0.16,0.0,0.0,1027.0,8228.0,0.0,0.0,0.0,0.0,0.0,1.0,0.0,0.0,0.0,0.0,0.0,0.0,0.0,0.0,0.0,0.0001,16.0,25903.0
2026-07-30T19:00:23.583Z,193.066,193.08,0.0,7.4,0.0,0.0,0.0,0.0,0.0,0.0,0.0,0.0,1.0,0.0,0.0,0.0,9.0,4.0,0.0,0.0,0.0,0.0,0.0,0.0,0.0,0.0,1.0,12.0,1.0,12.15,5.01,2.5,1.49,0.0,0.0,0.0,0.4,0.0,0.2,-0.4,0.0,-169.60000000000002,0.0,0.0,169.8,0.0,21.8,29.700000000000003,29.6,30.200000000000003,300.0,300.0,31.3,35.300000000000004,29.5,28.8,30.6,4.96,2.0,4.96,0.16,0.0,0.0,1027.0,8228.0,0.0,0.0,0.0,0.0,0.0,1.0,0.0,0.0,0.0,0.0,0.0,-0.5,0.0,0.0,0.0,0.0001,16.0,25903.0
2026-07-30T19:00:23.595Z,193.078,193.092,0.0,7.4,0.0,0.0,0.0,0.0,0.0,0.0,0.0,0.0,1.0,0.0,0.0,0.0,9.0,4.0,0.0,0.0,0.0,0.0,0.0,0.0,0.0,0.0,3.0,12.0,1.0,12.15,5.01,2.5,1.49,0.0,0.0,0.0,0.4,0.0,-0.3,-0.5,0.5,-169.60000000000002,0.0,0.0,169.70000000000002,0.0,21.8,29.700000000000003,29.6,30.200000000000003,300.0,300.0,31.3,35.300000000000004,29.5,28.8,30.6,4.95,2.0,4.96,0.16,0.0,0.0,1027.0,8228.0,0.0,0.0,0.0,0.0,0.0,1.0,0.0,0.0,0.0,0.0,0.0,-0.1,0.0,-0.5,0.0,0.0002,16.0,25903.0
2026-07-30T19:00:23.608Z,193.091,193.104,0.0,7.4,0.0,0.0,0.0,0.0,0.0,0.0,0.0,0.0,1.0,0.0,0.0,0.0,9.0,4.0,0.0,0.0,0.0,0.0,0.0,0.0,0.0,0.0,4.0,12.0,1.0,12.15,5.01,2.5,1.49,0.0,0.0,0.0,0.4,0.0,0.1,-1.0,0.4,-169.60000000000002,0.0,0.0,169.8,0.0,21.8,29.700000000000003,29.6,30.200000000000003,300.0,300.0,31.3,35.300000000000004,29.5,28.8,30.6,4.95,1.99,4.97,0.16,0.0,0.0,1027.0,8228.0,0.0,0.0,0.0,0.0,0.0,1.0,0.0,0.0,0.0,0.0,0.0,-0.8,0.0,-0.6000000000000001,0.0,0.0001,16.0,25903.0
2026-07-30T19:00:23.619Z,193.102,193.116,0.0,7.4,0.0,0.0,0.0,0.0,0.0,0.0,0.0,0.0,1.0,0.0,0.0,0.0,9.0,4.0,0.0,0.0,0.0,0.0,0.0,0.0,0.0,0.0,5.0,12.0,1.0,12.15,5.01,2.5,1.49,0.0,0.0,0.0,0.4,0.0,0.2,0.0,0.5,-169.70000000000002,0.0,0.0,169.70000000000002,0.0,21.8,29.700000000000003,29.6,30.200000000000003,300.0,300.0,31.3,35.300000000000004,29.5,28.8,30.6,4.95,1.99,4.96,0.16,0.0,0.0,1027.0,8228.0,0.0,0.0,0.0,0.0,0.0,1.0,0.0,0.0,0.0,0.0,0.0,0.3,0.0,-0.4,0.0,0.0,16.0,25903.0
2026-07-30T19:00:23.631Z,193.114,193.128,0.0,7.4,0.0,0.0,0.0,0.0,0.0,0.0,0.0,0.0,1.0,0.0,0.0,0.0,9.0,4.0,0.0,0.0,0.0,0.0,0.0,0.0,0.0,0.0,6.0,12.0,1.0,12.15,5.01,2.5,1.49,0.0,0.0,0.0,0.4,0.0,0.1,0.6000000000000001,0.4,-169.70000000000002,0.0,0.0,169.8,0.0,21.8,29.700000000000003,29.6,30.200000000000003,300.0,300.0,31.3,35.300000000000004,29.5,28.8,30.6,4.96,1.99,4.96,0.16,0.0,0.0,1027.0,8228.0,0.0,0.0,0.0,0.0,0.0,1.0,0.0,0.0,0.0,0.0,0.0,1.0,0.0,-0.3,0.0,0.0,16.0,25903.0
2026-07-30T19:00:23.643Z,193.126,193.14,0.0,7.4,0.0,0.0,0.0,0.0,0.0,0.0,0.0,0.0,1.0,0.0,0.0,0.0,9.0,4.0,0.0,0.0,0.0,0.0,0.0,0.0,0.0,0.0,2.0,12.0,1.0,12.15,5.01,2.5,1.49,0.0,0.0,0.0,0.5,0.0,0.1,-0.5,-0.7000000000000001,-169.70000000000002,0.0,0.0,169.70000000000002,0.0,21.8,29.700000000000003,29.6,30.200000000000003,300.0,300.0,31.3,35.300000000000004,29.5,28.8,30.6,4.95,1.99,4.96,0.16,0.0,0.0,1027.0,8228.0,0.0,0.0,0.0,0.0,0.0,1.0,0.0,0.0,0.0,0.0,0.0,-1.1,0.0,0.5,0.0,0.0,16.0,25903.0
2026-07-30T19:00:23.655Z,193.138,193.152,0.0,7.4,0.0,0.0,0.0,0.0,0.0,0.0,0.0,0.0,1.0,0.0,0.0,0.0,9.0,4.0,0.0,0.0,0.0,0.0,0.0,0.0,0.0,0.0,3.0,12.0,1.0,12.15,5.01,2.5,1.49,0.0,0.0,0.0,0.4,0.0,0.2,0.0,1.0,-169.70000000000002,0.0,0.0,169.8,0.0,21.8,29.700000000000003,29.6,30.200000000000003,300.0,300.0,31.3,35.300000000000004,29.5,28.8,30.6,4.96,1.99,4.97,0.16,0.0,0.0,1027.0,8228.0,0.0,0.0,0.0,0.0,0.0,1.0,0.0,0.0,0.0,0.0,0.0,0.7000000000000001,0.0,-0.9,0.0,0.0001,16.0,25903.0
2026-07-30T19:00:23.667Z,193.15,193.164,0.0,7.4,0.0,0.0,0.0,0.0,0.0,0.0,0.0,0.0,1.0,0.0,0.0,0.0,9.0,4.0,0.0,0.0,0.0,0.0,0.0,0.0,0.0,0.0,4.0,12.0,1.0,12.15,5.01,2.5,1.49,0.0,0.0,0.0,0.5,0.0,0.2,0.0,0.4,-169.70000000000002,0.0,0.0,169.8,0.0,21.8,29.700000000000003,29.6,30.200000000000003,300.0,300.0,31.3,35.300000000000004,29.5,28.8,30.6,4.96,2.0,4.97,0.16,0.0,0.0,1027.0,8228.0,0.0,0.0,0.0,0.0,0.0,1.0,0.0,0.0,0.0,0.0,0.0,0.3,0.0,-0.3,0.0,0.0,16.0,25903.0
2026-07-30T19:00:23.680Z,193.163,193.176,0.0,7.4,0.0,0.0,0.0,0.0,0.0,0.0,0.0,0.0,1.0,0.0,0.0,0.0,9.0,4.0,0.0,0.0,0.0,0.0,0.0,0.0,0.0,0.0,5.0,12.0,1.0,12.15,5.01,2.5,1.49,0.0,0.0,0.0,0.5,0.0,0.2,0.0,1.0,-169.70000000000002,0.0,0.0,169.70000000000002,0.0,21.8,29.700000000000003,29.6,30.200000000000003,300.0,300.0,31.3,35.300000000000004,29.5,28.8,30.6,4.95,1.99,4.97,0.16,0.0,0.0,1027.0,8228.0,0.0,0.0,0.0,0.0,0.0,1.0,0.0,0.0,0.0,0.0,0.0,0.7000000000000001,0.0,-0.9,0.0,0.0001,16.0,25903.0
2026-07-30T19:00:23.692Z,193.175,193.188,0.0,7.4,0.0,0.0,0.0,0.0,0.0,0.0,0.0,0.0,1.0,0.0,0.0,0.0,9.0,4.0,0.0,0.0,0.0,0.0,0.0,0.0,0.0,0.0,6.0,12.0,1.0,12.15,5.0200000000000005,2.51,1.49,0.0,0.1,0.0,0.4,0.0,0.2,-0.5,1.0,-169.70000000000002,0.0,0.0,169.70000000000002,0.0,21.4,29.700000000000003,29.6,30.200000000000003,300.0,300.0,31.4,35.2,29.5,28.700000000000003,30.6,4.95,1.99,4.97,0.16,0.0,0.0,1027.0,8228.0,0.0,0.0,0.0,0.0,0.0,1.0,0.0,0.0,0.0,0.0,0.0,0.1,0.0,-1.0,0.0,0.0001,16.0,25903.0
2026-07-30T19:00:23.703Z,193.186,193.2,0.0,7.4,0.0,0.0,0.0,0.0,0.0,0.0,0.0,0.0,1.0,0.0,0.0,0.0,9.0,4.0,0.0,0.0,0.0,0.0,0.0,0.0,0.0,0.0,2.0,12.0,1.0,12.15,5.0200000000000005,2.51,1.49,0.0,0.0,0.0,0.4,0.0,-0.3,-1.1,-0.6000000000000001,-169.70000000000002,0.0,0.0,169.8,0.0,21.4,29.700000000000003,29.6,30.200000000000003,300.0,300.0,31.4,35.2,29.5,28.700000000000003,30.6,4.96,2.0,4.96,0.16,0.0,0.0,1027.0,8228.0,0.0,0.0,0.0,0.0,0.0,1.0,0.0,0.0,0.0,0.0,0.0,0.1,0.0,-1.0,0.0,0.0001,16.0,25903.0
2026-07-30T19:00:23.715Z,193.198,193.212,0.0,7.4,0.0,0.0,0.0,0.0,0.0,0.0,0.0,0.0,1.0,0.0,0.0,0.0,9.0,4.0,0.0,0.0,0.0,0.0,0.0,0.0,0.0,0.0,2.0,12.0,1.0,12.15,5.0200000000000005,2.51,1.49,0.0,0.1,0.0,0.4,0.0,0.8,0.5,1.0,-169.70000000000002,0.0,0.0,169.8,0.0,21.4,29.700000000000003,29.6,30.200000000000003,300.0,300.0,31.4,35.2,29.5,28.700000000000003,30.6,4.96,2.0,4.97,0.16,0.0,0.0,1027.0,8228.0,0.0,0.0,0.0,0.0,0.0,1.0,0.0,0.0,0.0,0.0,0.0,-0.5,0.0,0.6000000000000001,0.0,0.0001,16.0,25903.0
2026-07-30T19:00:23.727Z,193.21,193.224,0.0,7.4,0.0,0.0,0.0,0.0,0.0,0.0,0.0,0.0,1.0,0.0,0.0,0.0,9.0,4.0,0.0,0.0,0.0,0.0,0.0,0.0,0.0,0.0,3.0,12.0,1.0,12.15,5.0200000000000005,2.51,1.49,0.0,0.0,0.0,0.4,0.0,-0.3,-0.5,-0.7000000000000001,-169.70000000000002,0.0,0.0,169.8,0.0,21.4,29.700000000000003,29.6,30.200000000000003,300.0,300.0,31.4,35.2,29.5,28.700000000000003,30.6,4.95,1.99,4.97,0.16,0.0,0.0,1027.0,8228.0,0.0,0.0,0.0,0.0,0.0,1.0,0.0,0.0,0.0,0.0,0.0,-1.1,0.0,0.5,0.0,0.0,16.0,25903.0
2026-07-30T19:00:23.739Z,193.222,193.236,0.0,7.4,0.0,0.0,0.0,0.0,0.0,0.0,0.0,0.0,1.0,0.0,0.0,0.0,9.0,4.0,0.0,0.0,0.0,0.0,0.0,0.0,0.0,0.0,5.0,12.0,1.0,12.15,5.0200000000000005,2.51,1.49,0.0,0.1,0.0,0.4,0.0,-0.8,0.6000000000000001,-0.1,-169.70000000000002,0.0,0.0,169.70000000000002,0.0,21.4,29.700000000000003,29.6,30.200000000000003,300.0,300.0,31.4,35.2,29.5,28.700000000000003,30.6,4.96,1.99,4.96,0.16,0.0,0.0,1027.0,8228.0,0.0,0.0,0.0,0.0,0.0,1.0,0.0,0.0,0.0,0.0,0.0,0.6000000000000001,0.0,0.2,0.0,0.0,16.0,25903.0
2026-07-30T19:00:23.752Z,193.235,193.248,0.0,7.4,0.0,0.0,0.0,0.0,0.0,0.0,0.0,0.0,1.0,0.0,0.0,0.0,9.0,4.0,0.0,0.0,0.0,0.0,0.0,0.0,0.0,0.0,6.0,12.0,1.0,12.15,5.0200000000000005,2.51,1.49,0.0,0.0,0.0,0.4,0.0,-0.2,-0.5,-0.7000000000000001,-169.70000000000002,0.0,0.0,169.60000000000002,0.0,21.4,29.700000000000003,29.6,30.200000000000003,300.0,300.0,31.4,35.2,29.5,28.700000000000003,30.6,4.95,1.99,4.96,0.16,0.0,0.0,1027.0,8228.0,0.0,0.0,0.0,0.0,0.0,1.0,0.0,0.0,0.0,0.0,0.0,-1.2000000000000002,0.0,0.5,0.0,0.0001,16.0,25903.0
2026-07-30T19:00:23.764Z,193.247,193.26,0.0,7.4,0.0,0.0,0.0,0.0,0.0,0.0,0.0,0.0,1.0,0.0,0.0,0.0,9.0,4.0,0.0,0.0,0.0,0.0,0.0,0.0,0.0,0.0,1.0,12.0,1.0,12.15,5.0200000000000005,2.51,1.49,0.0,0.0,0.0,0.4,0.0,-0.3,0.5,1.0,-169.70000000000002,0.0,0.0,169.60000000000002,0.0,21.4,29.700000000000003,29.6,30.200000000000003,300.0,300.0,31.4,35.2,29.5,28.700000000000003,30.6,4.95,1.99,4.97,0.16,0.0,0.0,1027.0,8228.0,0.0,0.0,0.0,0.0,0.0,1.0,0.0,0.0,0.0,0.0,0.0,1.3,0.0,-0.7000000000000001,0.0,0.0002,16.0,25903.0
2026-07-30T19:00:23.776Z,193.259,193.272,0.0,7.4,0.0,0.0,0.0,0.0,0.0,0.0,0.0,0.0,1.0,0.0,0.0,0.0,9.0,4.0,0.0,0.0,0.0,0.0,0.0,0.0,0.0,0.0,2.0,12.0,1.0,12.15,5.0200000000000005,2.51,1.49,0.0,0.0,0.0,0.4,0.0,-0.2,0.0,-1.2000000000000002,-169.70000000000002,0.0,0.0,169.60000000000002,0.0,21.4,29.700000000000003,29.6,30.200000000000003,300.0,300.0,31.4,35.2,29.5,28.700000000000003,30.6,4.95,1.99,4.97,0.16,0.0,0.0,1027.0,8228.0,0.0,0.0,0.0,0.0,0.0,1.0,0.0,0.0,0.0,0.0,0.0,-0.9,0.0,1.1,0.0,0.0001,16.0,25903.0
2026-07-30T19:00:23.788Z,193.271,193.284,0.0,7.4,0.0,0.0,0.0,0.0,0.0,0.0,0.0,0.0,1.0,0.0,0.0,0.0,9.0,4.0,0.0,0.0,0.0,0.0,0.0,0.0,0.0,0.0,3.0,12.0,1.0,12.18,5.01,2.5,1.49,0.0,0.0,0.0,0.4,0.0,-0.2,-1.1,-0.7000000000000001,-169.70000000000002,0.0,0.0,169.60000000000002,0.0,21.200000000000003,29.700000000000003,29.6,30.200000000000003,300.0,300.0,31.5,35.2,29.4,28.700000000000003,30.6,4.96,1.99,4.96,0.16,0.0,0.0,1027.0,8228.0,0.0,0.0,0.0,0.0,0.0,1.0,0.0,0.0,0.0,0.0,0.0,-1.8,0.0,0.3,0.0,0.0,16.0,25903.0
2026-07-30T19:00:23.799Z,193.282,193.296,0.0,7.4,0.0,0.0,0.0,0.0,0.0,0.0,0.0,0.0,1.0,0.0,0.0,0.0,9.0,4.0,0.0,0.0,0.0,0.0,0.0,0.0,0.0,0.0,4.0,12.0,1.0,12.18,5.01,2.5,1.49,0.0,0.0,0.0,0.4,0.0,-0.8,-0.5,0.4,-169.70000000000002,0.0,0.0,169.60000000000002,0.0,21.200000000000003,29.700000000000003,29.6,30.200000000000003,300.0,300.0,31.5,35.2,29.4,28.700000000000003,30.6,4.95,1.99,4.97,0.16,0.0,0.0,1027.0,8228.0,0.0,0.0,0.0,0.0,0.0,1.0,0.0,0.0,0.0,0.0,0.0,-0.3,0.0,-0.5,0.0,0.0,16.0,25903.0
2026-07-30T19:00:23.811Z,193.294,193.308,0.0,7.4,0.0,0.0,0.0,0.0,0.0,0.0,0.0,0.0,1.0,0.0,0.0,0.0,9.0,4.0,0.0,0.0,0.0,0.0,0.0,0.0,0.0,0.0,5.0,12.0,1.0,12.18,5.01,2.5,1.49,0.0,0.0,0.0,0.4,0.0,0.3,0.0,0.0,-169.70000000000002,0.0,0.0,169.70000000000002,0.0,21.200000000000003,29.700000000000003,29.6,30.200000000000003,300.0,300.0,31.5,35.2,29.4,28.700000000000003,30.6,4.95,1.99,4.96,0.16,0.0,0.0,1027.0,8228.0,0.0,0.0,0.0,0.0,0.0,1.0,0.0,0.0,0.0,0.0,0.0,0.0,0.0,0.0,0.0,0.0,16.0,25903.0
2026-07-30T19:00:23.823Z,193.306,193.32,0.0,7.4,0.0,0.0,0.0,0.0,0.0,0.0,0.0,0.0,1.0,0.0,0.0,0.0,9.0,4.0,0.0,0.0,0.0,0.0,0.0,0.0,0.0,0.0,1.0,12.0,1.0,12.18,5.01,2.5,1.49,0.0,0.0,0.0,0.4,0.0,-0.2,0.5,1.0,-169.70000000000002,0.0,0.0,169.70000000000002,0.0,21.200000000000003,29.700000000000003,29.6,30.200000000000003,300.0,300.0,31.5,35.2,29.4,28.700000000000003,30.6,4.96,2.0,4.96,0.16,0.0,0.0,1027.0,8228.0,0.0,0.0,0.0,0.0,0.0,1.0,0.0,0.0,0.0,0.0,0.0,1.4,0.0,-0.8,0.0,0.0001,16.0,25903.0
2026-07-30T19:00:23.835Z,193.318,193.332,0.0,7.4,0.0,0.0,0.0,0.0,0.0,0.0,0.0,0.0,1.0,0.0,0.0,0.0,9.0,4.0,0.0,0.0,0.0,0.0,0.0,0.0,0.0,0.0,2.0,12.0,1.0,12.18,5.01,2.5,1.49,0.0,0.0,0.0,0.4,0.0,0.3,0.6000000000000001,-0.7000000000000001,-169.60000000000002,0.0,0.0,169.60000000000002,0.0,21.200000000000003,29.700000000000003,29.6,30.200000000000003,300.0,300.0,31.5,35.2,29.4,28.700000000000003,30.6,4.95,2.0,4.96,0.16,0.0,0.0,1027.0,8228.0,0.0,0.0,0.0,0.0,0.0,1.0,0.0,0.0,0.0,0.0,0.0,0.1,0.0,0.7000000000000001,0.0,0.0,16.0,25903.0
2026-07-30T19:00:23.852Z,193.335,193.344,0.0,7.4,0.0,0.0,0.0,0.0,0.0,0.0,0.0,0.0,1.0,0.0,0.0,0.0,9.0,4.0,0.0,0.0,0.0,0.0,0.0,0.0,0.0,0.0,1.0,12.0,1.0,12.18,5.01,2.5,1.49,0.0,0.0,0.0,0.4,0.0,-0.2,-1.1,-0.1,-169.60000000000002,0.0,0.0,169.60000000000002,0.0,21.200000000000003,29.700000000000003,29.6,30.200000000000003,300.0,300.0,31.5,35.2,29.4,28.700000000000003,30.6,4.95,1.99,4.97,0.16,0.0,0.0,1027.0,8228.0,0.0,0.0,0.0,0.0,0.0,1.0,0.0,0.0,0.0,0.0,0.0,-1.3,0.0,-0.1,0.0,0.0,16.0,25903.0
2026-07-30T19:00:23.859Z,193.342,193.356,0.0,7.4,0.0,0.0,0.0,0.0,0.0,0.0,0.0,0.0,1.0,0.0,0.0,0.0,9.0,4.0,0.0,0.0,0.0,0.0,0.0,0.0,0.0,0.0,6.0,12.0,1.0,12.18,5.01,2.5,1.49,0.0,0.0,0.0,0.4,0.0,-0.2,1.2000000000000002,0.0,-169.60000000000002,0.0,0.0,169.60000000000002,0.0,21.200000000000003,29.700000000000003,29.6,30.200000000000003,300.0,300.0,31.5,35.2,29.4,28.700000000000003,30.6,4.95,1.99,4.96,0.16,0.0,0.0,1027.0,8228.0,0.0,0.0,0.0,0.0,0.0,1.0,0.0,0.0,0.0,0.0,0.0,1.2000000000000002,0.0,0.3,0.0,0.0,16.0,25903.0
2026-07-30T19:00:23.871Z,193.354,193.368,0.0,7.4,0.0,0.0,0.0,0.0,0.0,0.0,0.0,0.0,1.0,0.0,0.0,0.0,9.0,4.0,0.0,0.0,0.0,0.0,0.0,0.0,0.0,0.0,1.0,12.0,1.0,12.18,5.01,2.5,1.49,0.0,0.1,0.0,0.4,0.0,0.3,0.6000000000000001,1.1,-169.60000000000002,0.0,0.0,169.70000000000002,0.0,21.200000000000003,29.700000000000003,29.6,30.200000000000003,300.0,300.0,31.5,35.2,29.4,28.700000000000003,30.6,4.96,2.0,4.96,0.16,0.0,0.0,1027.0,8228.0,0.0,0.0,0.0,0.0,0.0,1.0,0.0,0.0,0.0,0.0,0.0,1.5,0.0,-0.8,0.0,0.0,16.0,25903.0
2026-07-30T19:00:23.883Z,193.366,193.38,0.0,7.4,0.0,0.0,0.0,0.0,0.0,0.0,0.0,0.0,1.0,0.0,0.0,0.0,9.0,4.0,0.0,0.0,0.0,0.0,0.0,0.0,0.0,0.0,3.0,12.0,1.0,12.18,5.01,2.5,1.49,0.0,0.1,0.0,0.4,0.0,1.5,1.2000000000000002,1.0,-169.60000000000002,0.0,0.0,169.60000000000002,0.0,21.200000000000003,29.700000000000003,29.6,30.200000000000003,300.0,300.0,31.5,35.2,29.4,28.700000000000003,30.6,4.95,2.0,4.96,0.16,0.0,0.0,1027.0,8228.0,0.0,0.0,0.0,0.0,0.0,1.0,0.0,0.0,0.0,0.0,0.0,2.1,0.0,-0.6000000000000001,0.0,0.0001,16.0,25903.0
2026-07-30T19:00:23.895Z,193.378,193.392,0.0,7.4,0.0,0.0,0.0,0.0,0.0,0.0,0.0,0.0,1.0,0.0,0.0,0.0,9.0,4.0,0.0,0.0,0.0,0.0,0.0,0.0,0.0,0.0,4.0,12.0,1.0,12.18,5.01,2.5,1.49,0.0,0.0,0.0,0.4,0.0,-0.2,0.0,-0.1,-169.60000000000002,0.0,0.0,169.60000000000002,0.0,20.9,29.700000000000003,29.6,30.200000000000003,300.0,300.0,31.5,35.300000000000004,29.4,28.700000000000003,30.6,4.96,1.99,4.96,0.16,0.0,0.0,1027.0,8228.0,0.0,0.0,0.0,0.0,0.0,1.0,0.0,0.0,0.0,0.0,0.0,0.0,0.0,0.1,0.0,0.0001,16.0,25903.0
2026-07-30T19:00:23.907Z,193.39,193.404,0.0,7.4,0.0,0.0,0.0,0.0,0.0,0.0,0.0,0.0,1.0,0.0,0.0,0.0,9.0,4.0,0.0,0.0,0.0,0.0,0.0,0.0,0.0,0.0,6.0,12.0,1.0,12.18,5.01,2.5,1.49,0.0,0.0,0.0,0.4,0.0,-0.2,0.6000000000000001,0.5,-169.60000000000002,0.0,0.0,169.70000000000002,0.0,20.9,29.700000000000003,29.6,30.200000000000003,300.0,300.0,31.5,35.300000000000004,29.4,28.700000000000003,30.6,4.96,2.0,4.97,0.16,0.0,0.0,1027.0,8228.0,0.0,0.0,0.0,0.0,0.0,1.0,0.0,0.0,0.0,0.0,0.0,1.1,0.0,-0.3,0.0,0.0,16.0,25903.0
2026-07-30T19:00:23.919Z,193.402,193.416,0.0,7.4,0.0,0.0,0.0,0.0,0.0,0.0,0.0,0.0,1.0,0.0,0.0,0.0,9.0,4.0,0.0,0.0,0.0,0.0,0.0,0.0,0.0,0.0,1.0,12.0,1.0,12.18,5.01,2.5,1.49,0.0,0.0,0.0,0.4,0.0,-0.8,1.2000000000000002,1.6,-169.60000000000002,0.0,0.0,169.70000000000002,0.0,20.9,29.700000000000003,29.6,30.200000000000003,300.0,300.0,31.5,35.300000000000004,29.4,28.700000000000003,30.6,4.95,1.99,4.97,0.16,0.0,0.0,1027.0,8228.0,0.0,0.0,0.0,0.0,0.0,1.0,0.0,0.0,0.0,0.0,0.0,2.6,0.0,-1.2000000000000002,0.0,0.0,16.0,25903.0
2026-07-30T19:00:23.931Z,193.414,193.428,0.0,7.4,0.0,0.0,0.0,0.0,0.0,0.0,0.0,0.0,1.0,0.0,0.0,0.0,9.0,4.0,0.0,0.0,0.0,0.0,0.0,0.0,0.0,0.0,3.0,12.0,1.0,12.18,5.01,2.5,1.49,0.0,0.0,0.0,0.4,0.0,-0.2,-0.5,0.0,-169.60000000000002,0.0,0.0,169.70000000000002,0.0,20.9,29.700000000000003,29.6,30.200000000000003,300.0,300.0,31.5,35.300000000000004,29.4,28.700000000000003,30.6,4.95,1.99,4.97,0.16,0.0,0.0,1027.0,8228.0,0.0,0.0,0.0,0.0,0.0,1.0,0.0,0.0,0.0,0.0,0.0,-0.7000000000000001,0.0,0.0,0.0,0.0001,16.0,25903.0
2026-07-30T19:00:23.943Z,193.426,193.44,0.0,7.4,0.0,0.0,0.0,0.0,0.0,0.0,0.0,0.0,1.0,0.0,0.0,0.0,9.0,4.0,0.0,0.0,0.0,0.0,0.0,0.0,0.0,0.0,5.0,12.0,1.0,12.18,5.01,2.5,1.49,0.0,0.0,0.0,0.4,0.0,-0.2,-1.1,-0.7000000000000001,-169.60000000000002,0.0,0.0,169.8,0.0,20.9,29.700000000000003,29.6,30.200000000000003,300.0,300.0,31.5,35.300000000000004,29.4,28.700000000000003,30.6,4.96,1.99,4.96,0.16,0.0,0.0,1027.0,8228.0,0.0,0.0,0.0,0.0,0.0,1.0,0.0,0.0,0.0,0.0,0.0,-1.8,0.0,0.3,0.0,0.0001,16.0,25903.0
2026-07-30T19:00:23.955Z,193.438,193.452,0.0,7.4,0.0,0.0,0.0,0.0,0.0,0.0,0.0,0.0,1.0,0.0,0.0,0.0,9.0,4.0,0.0,0.0,0.0,0.0,0.0,0.0,0.0,0.0,6.0,12.0,1.0,12.18,5.01,2.5,1.49,0.0,0.0,0.0,0.4,0.0,0.2,-0.6000000000000001,-0.1,-169.60000000000002,0.0,0.0,169.8,0.0,20.9,29.700000000000003,29.6,30.200000000000003,300.0,300.0,31.5,35.300000000000004,29.4,28.700000000000003,30.6,4.96,1.99,4.97,0.16,0.0,0.0,1027.0,8228.0,0.0,0.0,0.0,0.0,0.0,1.0,0.0,0.0,0.0,0.0,0.0,-0.8,0.0,0.0,0.0,0.0001,16.0,25903.0
2026-07-30T19:00:23.967Z,193.45,193.464,0.0,7.4,0.0,0.0,0.0,0.0,0.0,0.0,0.0,0.0,1.0,0.0,0.0,0.0,9.0,4.0,0.0,0.0,0.0,0.0,0.0,0.0,0.0,0.0,2.0,12.0,1.0,12.18,5.01,2.5,1.49,0.0,0.0,0.0,0.4,0.0,-0.2,-1.2000000000000002,-1.2000000000000002,-169.70000000000002,0.0,0.0,169.8,0.0,20.9,29.700000000000003,29.6,30.200000000000003,300.0,300.0,31.5,35.300000000000004,29.4,28.700000000000003,30.6,4.95,1.99,4.97,0.16,0.0,0.0,1027.0,8228.0,0.0,0.0,0.0,0.0,0.0,1.0,0.0,0.0,0.0,0.0,0.0,-2.3000000000000003,0.0,0.8,0.0,0.0001,16.0,25903.0
2026-07-30T19:00:23.979Z,193.462,193.476,0.0,7.4,0.0,0.0,0.0,0.0,0.0,0.0,0.0,0.0,1.0,0.0,0.0,0.0,9.0,4.0,0.0,0.0,0.0,0.0,0.0,0.0,0.0,0.0,3.0,12.0,1.0,12.18,5.01,2.5,1.49,0.0,0.0,0.0,0.4,0.0,-0.2,-0.6000000000000001,1.0,-169.70000000000002,0.0,0.0,169.70000000000002,0.0,20.9,29.700000000000003,29.6,30.200000000000003,300.0,300.0,31.5,35.300000000000004,29.4,28.700000000000003,30.6,4.96,1.99,4.96,0.16,0.0,0.0,1027.0,8228.0,0.0,0.0,0.0,0.0,0.0,1.0,0.0,0.0,0.0,0.0,0.0,0.0,0.0,-1.0,0.0,0.0001,16.0,25903.0
2026-07-30T19:00:23.992Z,193.475,193.488,0.0,7.4,0.0,0.0,0.0,0.0,0.0,0.0,0.0,0.0,1.0,0.0,0.0,0.0,9.0,4.0,0.0,0.0,0.0,0.0,0.0,0.0,0.0,0.0,5.0,12.0,1.0,12.15,5.0200000000000005,2.51,1.49,0.0,0.0,0.0,0.4,0.0,-0.2,-0.6000000000000001,0.4,-169.70000000000002,0.0,0.0,169.70000000000002,0.0,21.9,29.700000000000003,29.6,30.200000000000003,300.0,300.0,31.4,35.2,29.4,28.700000000000003,30.6,4.95,2.0,4.96,0.16,0.0,0.0,1027.0,8228.0,0.0,0.0,0.0,0.0,0.0,1.0,0.0,0.0,0.0,0.0,0.0,-0.3,0.0,-0.5,0.0,0.0,16.0,25903.0
2026-07-30T19:00:24.003Z,193.486,193.5,0.0,7.4,0.0,0.0,0.0,0.0,0.0,0.0,0.0,0.0,1.0,0.0,0.0,0.0,9.0,4.0,0.0,0.0,0.0,0.0,0.0,0.0,0.0,0.0,6.0,12.0,1.0,12.15,5.0200000000000005,2.51,1.49,0.0,0.0,0.0,0.5,0.0,-1.4,-0.6000000000000001,-0.7000000000000001,-169.70000000000002,0.0,0.0,169.60000000000002,0.0,21.9,29.700000000000003,29.6,30.200000000000003,300.0,300.0,31.4,35.2,29.4,28.700000000000003,30.6,4.95,1.99,4.97,0.16,0.0,0.0,1027.0,8228.0,0.0,0.0,0.0,0.0,0.0,1.0,0.0,0.0,0.0,0.0,0.0,-1.2000000000000002,0.0,0.4,0.0,0.0001,16.0,25903.0
2026-07-30T19:00:24.015Z,193.498,193.512,0.0,7.4,0.0,0.0,0.0,0.0,0.0,0.0,0.0,0.0,1.0,0.0,0.0,0.0,9.0,4.0,0.0,0.0,0.0,0.0,0.0,0.0,0.0,0.0,1.0,12.0,1.0,12.15,5.0200000000000005,2.51,1.49,0.0,0.0,0.0,0.4,0.0,0.3,0.0,-0.7000000000000001,-169.70000000000002,0.0,0.0,169.70000000000002,0.0,21.9,29.700000000000003,29.6,30.200000000000003,300.0,300.0,31.4,35.2,29.4,28.700000000000003,30.6,4.95,2.0,4.97,0.16,0.0,0.0,1027.0,8228.0,0.0,0.0,0.0,0.0,0.0,1.0,0.0,0.0,0.0,0.0,0.0,-0.6000000000000001,0.0,0.6000000000000001,0.0,0.0001,16.0,25903.0
2026-07-30T19:00:24.027Z,193.51,193.524,0.0,7.4,0.0,0.0,0.0,0.0,0.0,0.0,0.0,0.0,1.0,0.0,0.0,0.0,9.0,4.0,0.0,0.0,0.0,0.0,0.0,0.0,0.0,0.0,3.0,12.0,1.0,12.15,5.0200000000000005,2.51,1.49,0.0,0.0,0.0,0.5,0.0,0.9,0.5,-0.1,-169.70000000000002,0.0,0.0,169.8,0.0,21.9,29.700000000000003,29.6,30.200000000000003,300.0,300.0,31.4,35.2,29.4,28.700000000000003,30.6,4.96,2.0,4.96,0.16,0.0,0.0,1027.0,8228.0,0.0,0.0,0.0,0.0,0.0,1.0,0.0,0.0,0.0,0.0,0.0,0.5,0.0,0.2,0.0,0.0,16.0,25903.0
2026-07-30T19:00:24.039Z,193.522,193.536,0.0,7.4,0.0,0.0,0.0,0.0,0.0,0.0,0.0,0.0,1.0,0.0,0.0,0.0,9.0,4.0,0.0,0.0,0.0,0.0,0.0,0.0,0.0,0.0,4.0,12.0,1.0,12.15,5.0200000000000005,2.51,1.49,0.0,0.1,0.0,0.4,0.0,-0.2,-0.6000000000000001,2.2,-169.70000000000002,0.0,0.0,169.70000000000002,0.0,21.9,29.700000000000003,29.6,30.200000000000003,300.0,300.0,31.4,35.2,29.4,28.700000000000003,30.6,4.95,1.99,4.97,0.16,0.0,0.0,1027.0,8228.0,0.0,0.0,0.0,0.0,0.0,1.0,0.0,0.0,0.0,0.0,0.0,0.9,0.0,-2.0,0.0,0.0002,16.0,25903.0
2026-07-30T19:00:24.052Z,193.535,193.548,0.0,7.4,0.0,0.0,0.0,0.0,0.0,0.0,0.0,0.0,1.0,0.0,0.0,0.0,9.0,4.0,0.0,0.0,0.0,0.0,0.0,0.0,0.0,0.0,5.0,12.0,1.0,12.15,5.0200000000000005,2.51,1.49,-0.1,0.1,0.0,0.4,0.0,0.9,0.5,0.0,-169.70000000000002,0.0,0.0,169.70000000000002,0.0,21.9,29.700000000000003,29.6,30.200000000000003,300.0,300.0,31.4,35.2,29.4,28.700000000000003,30.6,4.95,1.99,4.97,0.16,0.0,0.0,1027.0,8228.0,0.0,0.0,0.0,0.0,0.0,1.0,0.0,0.0,0.0,0.0,0.0,0.5,0.0,0.1,0.0,0.0001,16.0,25903.0
2026-07-30T19:00:24.063Z,193.546,193.56,0.0,7.4,0.0,0.0,0.0,0.0,0.0,0.0,0.0,0.0,1.0,0.0,0.0,0.0,9.0,4.0,0.0,0.0,0.0,0.0,0.0,0.0,0.0,0.0,6.0,12.0,1.0,12.15,5.0200000000000005,2.51,1.49,0.0,0.0,0.0,0.4,0.0,-0.2,0.0,0.0,-169.70000000000002,0.0,0.0,169.70000000000002,0.0,21.9,29.700000000000003,29.6,30.200000000000003,300.0,300.0,31.4,35.2,29.4,28.700000000000003,30.6,4.96,1.99,4.97,0.16,0.0,0.0,1027.0,8228.0,0.0,0.0,0.0,0.0,0.0,1.0,0.0,0.0,0.0,0.0,0.0,0.0,0.0,0.0,0.0,0.0001,16.0,25903.0
2026-07-30T19:00:24.075Z,193.558,193.572,0.0,7.4,0.0,0.0,0.0,0.0,0.0,0.0,0.0,0.0,1.0,0.0,0.0,0.0,9.0,4.0,0.0,0.0,0.0,0.0,0.0,0.0,0.0,0.0,1.0,12.0,1.0,12.15,5.0200000000000005,2.51,1.49,0.0,0.0,0.0,0.4,0.0,-0.2,-0.5,0.0,-169.70000000000002,0.0,0.0,169.70000000000002,0.0,21.9,29.700000000000003,29.6,30.200000000000003,300.0,300.0,31.4,35.2,29.4,28.700000000000003,30.6,4.95,1.99,4.97,0.16,0.0,0.0,1027.0,8228.0,0.0,0.0,0.0,0.0,0.0,1.0,0.0,0.0,0.0,0.0,0.0,-0.6000000000000001,0.0,0.0,0.0,0.0001,16.0,25903.0
2026-07-30T19:00:24.088Z,193.571,193.584,0.0,7.4,0.0,0.0,0.0,0.0,0.0,0.0,0.0,0.0,1.0,0.0,0.0,0.0,9.0,4.0,0.0,0.0,0.0,0.0,0.0,0.0,0.0,0.0,2.0,12.0,1.0,12.15,5.0200000000000005,2.51,1.49,0.0,0.0,0.0,0.5,0.0,0.3,-1.1,-0.6000000000000001,-169.70000000000002,0.0,0.0,169.70000000000002,0.0,21.9,29.700000000000003,29.6,30.200000000000003,300.0,300.0,31.4,35.2,29.4,28.700000000000003,30.6,4.95,1.99,4.97,0.16,0.0,0.0,1027.0,8228.0,0.0,0.0,0.0,0.0,0.0,1.0,0.0,0.0,0.0,0.0,0.0,-1.7000000000000002,0.0,0.2,0.0,0.0,16.0,25903.0
2026-07-30T19:00:24.099Z,193.582,193.596,0.0,7.4,0.0,0.0,0.0,0.0,0.0,0.0,0.0,0.0,1.0,0.0,0.0,0.0,9.0,4.0,0.0,0.0,0.0,0.0,0.0,0.0,0.0,0.0,3.0,12.0,1.0,12.18,5.01,2.51,1.49,0.0,0.0,0.0,0.4,0.0,0.3,1.2000000000000002,-0.6000000000000001,-169.70000000000002,0.0,0.0,169.70000000000002,0.0,21.4,29.700000000000003,29.6,30.200000000000003,300.0,300.0,31.4,35.300000000000004,29.5,28.700000000000003,30.6,4.95,1.99,4.96,0.16,0.0,0.0,1027.0,8228.0,0.0,0.0,0.0,0.0,0.0,1.0,0.0,0.0,0.0,0.0,0.0,0.9,0.0,0.8,0.0,0.0001,16.0,25903.0
2026-07-30T19:00:24.111Z,193.594,193.608,0.0,7.4,0.0,0.0,0.0,0.0,0.0,0.0,0.0,0.0,1.0,0.0,0.0,0.0,9.0,4.0,0.0,0.0,0.0,0.0,0.0,0.0,0.0,0.0,5.0,12.0,1.0,12.18,5.01,2.51,1.49,0.0,0.1,0.0,0.5,0.0,0.3,0.0,-0.6000000000000001,-169.70000000000002,0.0,0.0,169.70000000000002,0.0,21.4,29.700000000000003,29.6,30.200000000000003,300.0,300.0,31.4,35.300000000000004,29.5,28.700000000000003,30.6,4.96,1.99,4.96,0.16,0.0,0.0,1027.0,8228.0,0.0,0.0,0.0,0.0,0.0,1.0,0.0,0.0,0.0,0.0,0.0,-0.3,0.0,0.5,0.0,0.0,16.0,25903.0
2026-07-30T19:00:24.123Z,193.606,193.62,0.0,7.4,0.0,0.0,0.0,0.0,0.0,0.0,0.0,0.0,1.0,0.0,0.0,0.0,9.0,4.0,0.0,0.0,0.0,0.0,0.0,0.0,0.0,0.0,6.0,12.0,1.0,12.18,5.01,2.51,1.49,0.0,0.0,0.0,0.4,0.0,0.3,0.0,1.7000000000000002,-169.70000000000002,0.0,0.0,169.70000000000002,0.0,21.4,29.700000000000003,29.6,30.200000000000003,300.0,300.0,31.4,35.300000000000004,29.5,28.700000000000003,30.6,4.95,1.99,4.97,0.16,0.0,0.0,1027.0,8228.0,0.0,0.0,0.0,0.0,0.0,1.0,0.0,0.0,0.0,0.0,0.0,1.4,0.0,-1.5,0.0,0.0001,16.0,25903.0
2026-07-30T19:00:24.135Z,193.618,193.632,0.0,7.4,0.0,0.0,0.0,0.0,0.0,0.0,0.0,0.0,1.0,0.0,0.0,0.0,9.0,4.0,0.0,0.0,0.0,0.0,0.0,0.0,0.0,0.0,1.0,12.0,1.0,12.18,5.01,2.51,1.49,0.0,0.0,0.0,0.5,0.0,0.3,-0.4,-1.7000000000000002,-169.70000000000002,0.0,0.0,169.70000000000002,0.0,21.4,29.700000000000003,29.6,30.200000000000003,300.0,300.0,31.4,35.300000000000004,29.5,28.700000000000003,30.6,4.96,1.99,4.97,0.16,0.0,0.0,1027.0,8228.0,0.0,0.0,0.0,0.0,0.0,1.0,0.0,0.0,0.0,0.0,0.0,-1.8,0.0,1.4,0.0,0.0001,16.0,25903.0
2026-07-30T19:00:24.147Z,193.63,193.644,0.0,7.4,0.0,0.0,0.0,0.0,0.0,0.0,0.0,0.0,1.0,0.0,0.0,0.0,9.0,4.0,0.0,0.0,0.0,0.0,0.0,0.0,0.0,0.0,2.0,12.0,1.0,12.18,5.01,2.51,1.49,0.0,0.0,0.0,0.4,0.0,0.9,1.2000000000000002,-0.6000000000000001,-169.70000000000002,0.0,0.0,169.70000000000002,0.0,21.4,29.700000000000003,29.6,30.200000000000003,300.0,300.0,31.4,35.300000000000004,29.5,28.700000000000003,30.6,4.96,1.99,4.96,0.16,0.0,0.0,1027.0,8228.0,0.0,0.0,0.0,0.0,0.0,1.0,0.0,0.0,0.0,0.0,0.0,0.9,0.0,0.8,0.0,0.0,16.0,25903.0
2026-07-30T19:00:24.166Z,193.649,193.656,0.0,7.4,0.0,0.0,0.0,0.0,0.0,0.0,0.0,0.0,1.0,0.0,0.0,0.0,9.0,4.0,0.0,0.0,0.0,0.0,0.0,0.0,0.0,0.0,3.0,12.0,1.0,12.18,5.01,2.51,1.49,0.0,0.1,0.0,0.5,0.0,0.3,0.6000000000000001,1.0,-169.70000000000002,0.0,0.0,169.60000000000002,0.0,21.4,29.700000000000003,29.6,30.200000000000003,300.0,300.0,31.4,35.300000000000004,29.5,28.700000000000003,30.6,4.96,1.99,4.96,0.16,0.0,0.0,1027.0,8228.0,0.0,0.0,0.0,0.0,0.0,1.0,0.0,0.0,0.0,0.0,0.0,1.5,0.0,-0.8,0.0,0.0,16.0,25903.0
2026-07-30T19:00:24.172Z,193.655,193.668,0.0,7.4,0.0,0.0,0.0,0.0,0.0,0.0,0.0,0.0,1.0,0.0,0.0,0.0,9.0,4.0,0.0,0.0,0.0,0.0,0.0,0.0,0.0,0.0,6.0,12.0,1.0,12.18,5.01,2.51,1.49,0.0,0.0,0.0,0.4,0.0,-0.8,-1.0,-1.8,-169.70000000000002,0.0,0.0,169.70000000000002,0.0,21.4,29.700000000000003,29.6,30.200000000000003,300.0,300.0,31.4,35.300000000000004,29.5,28.700000000000003,30.6,4.95,1.99,4.96,0.16,0.0,0.0,1027.0,8228.0,0.0,0.0,0.0,0.0,0.0,1.0,0.0,0.0,0.0,0.0,0.0,-2.5,0.0,1.3,0.0,0.0001,16.0,25903.0
2026-07-30T19:00:24.183Z,193.666,193.68,0.0,7.4,0.0,0.0,0.0,0.0,0.0,0.0,0.0,0.0,1.0,0.0,0.0,0.0,9.0,4.0,0.0,0.0,0.0,0.0,0.0,0.0,0.0,0.0,6.0,12.0,1.0,12.18,5.01,2.51,1.49,0.0,0.0,0.0,0.4,0.0,-0.3,-1.6,1.6,-169.70000000000002,0.0,0.0,169.8,0.0,21.4,29.700000000000003,29.6,30.200000000000003,300.0,300.0,31.4,35.300000000000004,29.5,28.700000000000003,30.6,4.95,1.99,4.96,0.16,0.0,0.0,1027.0,8228.0,0.0,0.0,0.0,0.0,0.0,1.0,0.0,0.0,0.0,0.0,0.0,-0.6000000000000001,0.0,-1.8,0.0,0.0,16.0,25903.0
2026-07-30T19:00:24.196Z,193.679,193.692,0.0,7.4,0.0,0.0,0.0,0.0,0.0,0.0,0.0,0.0,1.0,0.0,0.0,0.0,9.0,4.0,0.0,0.0,0.0,0.0,0.0,0.0,0.0,0.0,2.0,12.0,1.0,12.14,5.01,2.51,1.5,0.0,0.0,0.0,0.5,0.0,-0.3,0.0,0.0,-169.70000000000002,0.0,0.0,169.60000000000002,0.0,21.4,29.700000000000003,29.6,30.200000000000003,300.0,300.0,31.4,35.300000000000004,29.5,28.700000000000003,30.6,4.95,1.99,4.97,0.16,0.0,0.0,1027.0,8228.0,0.0,0.0,0.0,0.0,0.0,1.0,0.0,0.0,0.0,0.0,0.0,0.0,0.0,0.0,0.0,0.0001,16.0,25903.0
2026-07-30T19:00:24.207Z,193.69,193.704,0.0,7.4,0.0,0.0,0.0,0.0,0.0,0.0,0.0,0.0,1.0,0.0,0.0,0.0,9.0,4.0,0.0,0.0,0.0,0.0,0.0,0.0,0.0,0.0,3.0,12.0,1.0,12.14,5.01,2.51,1.5,0.0,0.0,0.0,0.5,0.0,0.8,0.6000000000000001,1.1,-169.70000000000002,0.0,0.0,169.8,0.0,21.4,29.700000000000003,29.6,30.200000000000003,300.0,300.0,31.4,35.300000000000004,29.5,28.700000000000003,30.6,4.95,1.99,4.97,0.16,0.0,0.0,1027.0,8228.0,0.0,0.0,0.0,0.0,0.0,1.0,0.0,0.0,0.0,0.0,0.0,1.5,0.0,-0.8,0.0,0.0002,16.0,25903.0
2026-07-30T19:00:24.219Z,193.702,193.716,0.0,7.4,0.0,0.0,0.0,0.0,0.0,0.0,0.0,0.0,1.0,0.0,0.0,0.0,9.0,4.0,0.0,0.0,0.0,0.0,0.0,0.0,0.0,0.0,4.0,12.0,1.0,12.14,5.01,2.51,1.5,0.0,0.0,0.0,0.4,0.0,0.2,0.6000000000000001,0.0,-169.70000000000002,0.0,0.0,169.60000000000002,0.0,21.4,29.700000000000003,29.6,30.200000000000003,300.0,300.0,31.4,35.300000000000004,29.5,28.700000000000003,30.6,4.96,1.99,4.96,0.16,0.0,0.0,1027.0,8228.0,0.0,0.0,0.0,0.0,0.0,1.0,0.0,0.0,0.0,0.0,0.0,-2.1,0.0,0.8,0.0,0.0001,16.0,25903.0
2026-07-30T19:00:24.231Z,193.714,193.728,0.0,7.4,0.0,0.0,0.0,0.0,0.0,0.0,0.0,0.0,1.0,0.0,0.0,0.0,9.0,4.0,0.0,0.0,0.0,0.0,0.0,0.0,0.0,0.0,5.0,12.0,1.0,12.14,5.01,2.51,1.5,0.0,0.0,0.0,0.4,0.0,-0.9,0.0,-0.5,-169.70000000000002,0.0,0.0,169.60000000000002,0.0,21.4,29.700000000000003,29.6,30.200000000000003,300.0,300.0,31.4,35.300000000000004,29.5,28.700000000000003,30.6,4.96,1.99,4.96,0.16,0.0,0.0,1027.0,8228.0,0.0,0.0,0.0,0.0,0.0,1.0,0.0,0.0,0.0,0.0,0.0,-0.3,0.0,0.5,0.0,0.0001,16.0,25903.0
2026-07-30T19:00:24.243Z,193.726,193.74,0.0,7.4,0.0,0.0,0.0,0.0,0.0,0.0,0.0,0.0,1.0,0.0,0.0,0.0,9.0,4.0,0.0,0.0,0.0,0.0,0.0,0.0,0.0,0.0,6.0,12.0,1.0,12.14,5.01,2.51,1.5,0.0,0.0,0.0,0.5,0.0,0.2,0.0,-0.6000000000000001,-169.70000000000002,0.0,0.0,169.70000000000002,0.0,21.4,29.700000000000003,29.6,30.200000000000003,300.0,300.0,31.4,35.300000000000004,29.5,28.700000000000003,30.6,4.96,1.99,4.97,0.16,0.0,0.0,1027.0,8228.0,0.0,0.0,0.0,0.0,0.0,1.0,0.0,0.0,0.0,0.0,0.0,0.0,0.0,0.0,0.0,0.0001,16.0,25903.0
2026-07-30T19:00:24.255Z,193.738,193.752,0.0,7.4,0.0,0.0,0.0,0.0,0.0,0.0,0.0,0.0,1.0,0.0,0.0,0.0,9.0,4.0,0.0,0.0,0.0,0.0,0.0,0.0,0.0,0.0,1.0,12.0,1.0,12.14,5.01,2.51,1.5,0.0,0.1,0.0,0.4,0.0,-1.5,-0.5,-1.2000000000000002,-169.70000000000002,0.0,0.0,169.70000000000002,0.0,21.4,29.700000000000003,29.6,30.200000000000003,300.0,300.0,31.4,35.300000000000004,29.5,28.700000000000003,30.6,4.96,2.0,4.97,0.16,0.0,0.0,1027.0,8228.0,0.0,0.0,0.0,0.0,0.0,1.0,0.0,0.0,0.0,0.0,0.0,0.2,0.0,-1.0,0.0,0.0,16.0,25903.0
2026-07-30T19:00:24.267Z,193.75,193.764,0.0,7.4,0.0,0.0,0.0,0.0,0.0,0.0,0.0,0.0,1.0,0.0,0.0,0.0,9.0,4.0,0.0,0.0,0.0,0.0,0.0,0.0,0.0,0.0,2.0,12.0,1.0,12.14,5.01,2.51,1.5,0.0,0.0,0.0,0.4,0.0,0.7000000000000001,0.0,1.0,-169.70000000000002,0.0,0.0,169.70000000000002,0.0,21.4,29.700000000000003,29.6,30.200000000000003,300.0,300.0,31.4,35.300000000000004,29.5,28.700000000000003,30.6,4.95,2.0,4.96,0.16,0.0,0.0,1027.0,8228.0,0.0,0.0,0.0,0.0,0.0,1.0,0.0,0.0,0.0,0.0,0.0,0.8,0.0,-0.9,0.0,0.0,16.0,25903.0
2026-07-30T19:00:24.279Z,193.762,193.776,0.0,7.4,0.0,0.0,0.0,0.0,0.0,0.0,0.0,0.0,1.0,0.0,0.0,0.0,9.0,4.0,0.0,0.0,0.0,0.0,0.0,0.0,0.0,0.0,3.0,12.0,1.0,12.14,5.01,2.51,1.5,0.0,0.0,0.0,0.4,0.0,0.2,-1.1,-0.1,-169.70000000000002,0.0,0.0,169.60000000000002,0.0,21.4,29.700000000000003,29.6,30.200000000000003,300.0,300.0,31.4,35.300000000000004,29.5,28.700000000000003,30.6,4.95,1.99,4.97,0.16,0.0,0.0,1027.0,8228.0,0.0,0.0,0.0,0.0,0.0,1.0,0.0,0.0,0.0,0.0,0.0,-1.3,0.0,-0.1,0.0,0.0001,16.0,25903.0
2026-07-30T19:00:24.291Z,193.774,193.788,0.0,7.4,0.0,0.0,0.0,0.0,0.0,0.0,0.0,0.0,1.0,0.0,0.0,0.0,9.0,4.0,0.0,0.0,0.0,0.0,0.0,0.0,0.0,0.0,4.0,12.0,1.0,12.14,5.01,2.51,1.5,0.0,0.0,0.0,0.5,0.0,0.2,0.0,0.5,-169.70000000000002,0.0,0.0,169.70000000000002,0.0,21.4,29.700000000000003,29.6,30.200000000000003,300.0,300.0,31.4,35.300000000000004,29.5,28.700000000000003,30.6,4.95,2.0,4.96,0.16,0.0,0.0,1027.0,8228.0,0.0,0.0,0.0,0.0,0.0,1.0,0.0,0.0,0.0,0.0,0.0,0.4,0.0,-0.4,0.0,0.0001,16.0,25903.0
2026-07-30T19:00:24.303Z,193.786,193.8,0.0,7.4,0.0,0.0,0.0,0.0,0.0,0.0,0.0,0.0,1.0,0.0,0.0,0.0,9.0,4.0,0.0,0.0,0.0,0.0,0.0,0.0,0.0,0.0,5.0,12.0,1.0,12.17,5.01,2.51,1.49,0.0,0.1,0.0,0.4,0.0,0.2,0.0,0.5,-169.70000000000002,0.0,0.0,169.8,0.0,21.8,29.700000000000003,29.6,30.200000000000003,300.0,300.0,31.5,35.2,29.5,28.700000000000003,30.6,4.96,1.99,4.96,0.16,0.0,0.0,1027.0,8228.0,0.0,0.0,0.0,0.0,0.0,1.0,0.0,0.0,0.0,0.0,0.0,0.4,0.0,-0.4,0.0,0.0001,16.0,25903.0
2026-07-30T19:00:24.315Z,193.798,193.812,0.0,7.4,0.0,0.0,0.0,0.0,0.0,0.0,0.0,0.0,1.0,0.0,0.0,0.0,9.0,4.0,0.0,0.0,0.0,0.0,0.0,0.0,0.0,0.0,6.0,12.0,1.0,12.17,5.01,2.51,1.49,0.0,0.0,0.0,0.4,0.0,-0.9,-1.0,-0.6000000000000001,-169.70000000000002,0.0,0.0,169.70000000000002,0.0,21.8,29.700000000000003,29.6,30.200000000000003,300.0,300.0,31.5,35.2,29.5,28.700000000000003,30.6,4.95,1.99,4.96,0.16,0.0,0.0,1027.0,8228.0,0.0,0.0,0.0,0.0,0.0,1.0,0.0,0.0,0.0,0.0,0.0,-1.7000000000000002,0.0,0.3,0.0,0.0002,16.0,25903.0
2026-07-30T19:00:24.327Z,193.81,193.824,0.0,7.4,0.0,0.0,0.0,0.0,0.0,0.0,0.0,0.0,1.0,0.0,0.0,0.0,9.0,4.0,0.0,0.0,0.0,0.0,0.0,0.0,0.0,0.0,1.0,12.0,1.0,12.17,5.01,2.51,1.49,0.0,0.0,0.0,0.4,0.0,-0.3,-0.5,-0.6000000000000001,-169.70000000000002,0.0,0.0,169.70000000000002,0.0,21.8,29.700000000000003,29.6,30.200000000000003,300.0,300.0,31.5,35.2,29.5,28.700000000000003,30.6,4.95,1.99,4.97,0.16,0.0,0.0,1027.0,8228.0,0.0,0.0,0.0,0.0,0.0,1.0,0.0,0.0,0.0,0.0,0.0,-1.1,0.0,0.4,0.0,0.0001,16.0,25903.0
2026-07-30T19:00:24.339Z,193.822,193.836,0.0,7.4,0.0,0.0,0.0,0.0,0.0,0.0,0.0,0.0,1.0,0.0,0.0,0.0,9.0,4.0,0.0,0.0,0.0,0.0,0.0,0.0,0.0,0.0,2.0,12.0,1.0,12.17,5.01,2.51,1.49,0.0,0.0,0.0,0.4,0.0,0.2,0.0,0.4,-169.60000000000002,0.0,0.0,169.60000000000002,0.0,21.8,29.700000000000003,29.6,30.200000000000003,300.0,300.0,31.5,35.2,29.5,28.700000000000003,30.6,4.95,2.0,4.96,0.16,0.0,0.0,1027.0,8228.0,0.0,0.0,0.0,0.0,0.0,1.0,0.0,0.0,0.0,0.0,0.0,0.3,0.0,-0.4,0.0,0.0002,16.0,25903.0
2026-07-30T19:00:24.351Z,193.834,193.848,0.0,7.4,0.0,0.0,0.0,0.0,0.0,0.0,0.0,0.0,1.0,0.0,0.0,0.0,9.0,4.0,0.0,0.0,0.0,0.0,0.0,0.0,0.0,0.0,3.0,12.0,1.0,12.17,5.01,2.51,1.49,0.0,0.0,0.0,0.4,0.0,0.2,0.6000000000000001,1.0,-169.60000000000002,0.0,0.0,169.60000000000002,0.0,21.8,29.700000000000003,29.6,30.200000000000003,300.0,300.0,31.5,35.2,29.5,28.700000000000003,30.6,4.96,2.0,4.96,0.16,0.0,0.0,1027.0,8228.0,0.0,0.0,0.0,0.0,0.0,1.0,0.0,0.0,0.0,0.0,0.0,1.5,0.0,-0.8,0.0,0.0001,16.0,25903.0
2026-07-30T19:00:24.363Z,193.846,193.86,0.0,7.4,0.0,0.0,0.0,0.0,0.0,0.0,0.0,0.0,1.0,0.0,0.0,0.0,9.0,4.0,0.0,0.0,0.0,0.0,0.0,0.0,0.0,0.0,4.0,12.0,1.0,12.17,5.01,2.51,1.49,0.0,0.0,0.0,0.4,0.0,-0.2,-0.5,-0.1,-169.60000000000002,0.0,0.0,169.60000000000002,0.0,21.8,29.700000000000003,29.6,30.200000000000003,300.0,300.0,31.5,35.2,29.5,28.700000000000003,30.6,4.95,2.0,4.97,0.16,0.0,0.0,1027.0,8228.0,0.0,0.0,0.0,0.0,0.0,1.0,0.0,0.0,0.0,0.0,0.0,-0.7000000000000001,0.0,0.0,0.0,0.0,16.0,25903.0
2026-07-30T19:00:24.375Z,193.858,193.872,0.0,7.4,0.0,0.0,0.0,0.0,0.0,0.0,0.0,0.0,1.0,0.0,0.0,0.0,9.0,4.0,0.0,0.0,0.0,0.0,0.0,0.0,0.0,0.0,5.0,12.0,1.0,12.17,5.01,2.51,1.49,0.0,0.0,0.0,0.4,0.0,0.3,-0.5,0.4,-169.60000000000002,0.0,0.0,169.60000000000002,0.0,21.8,29.700000000000003,29.6,30.200000000000003,300.0,300.0,31.5,35.2,29.5,28.700000000000003,30.6,4.96,1.99,4.96,0.16,0.0,0.0,1027.0,8228.0,0.0,0.0,0.0,0.0,0.0,1.0,0.0,0.0,0.0,0.0,0.0,-0.2,0.0,-0.5,0.0,0.0,16.0,25903.0
2026-07-30T19:00:24.387Z,193.87,193.884,0.0,7.4,0.0,0.0,0.0,0.0,0.0,0.0,0.0,0.0,1.0,0.0,0.0,0.0,9.0,4.0,0.0,0.0,0.0,0.0,0.0,0.0,0.0,0.0,6.0,12.0,1.0,12.17,5.01,2.51,1.49,0.0,0.0,0.0,0.4,0.0,0.3,0.0,0.5,-169.60000000000002,0.0,0.0,169.60000000000002,0.0,21.8,29.700000000000003,29.6,30.200000000000003,300.0,300.0,31.5,35.2,29.5,28.700000000000003,30.6,4.96,2.0,4.97,0.16,0.0,0.0,1027.0,8228.0,0.0,0.0,0.0,0.0,0.0,1.0,0.0,0.0,0.0,0.0,0.0,0.4,0.0,-0.4,0.0,0.0,16.0,25903.0
2026-07-30T19:00:24.401Z,193.884,193.896,0.0,7.4,0.0,0.0,0.0,0.0,0.0,0.0,0.0,0.0,1.0,0.0,0.0,0.0,9.0,4.0,0.0,0.0,0.0,0.0,0.0,0.0,0.0,0.0,2.0,12.0,1.0,12.17,5.01,2.51,1.49,0.0,0.0,0.0,0.4,0.0,-0.2,0.0,0.0,-169.60000000000002,0.0,0.0,169.60000000000002,0.0,21.3,29.700000000000003,29.6,30.200000000000003,300.0,300.0,31.4,35.2,29.5,28.700000000000003,30.6,4.95,1.99,4.97,0.16,0.0,0.0,1027.0,8228.0,0.0,0.0,0.0,0.0,0.0,1.0,0.0,0.0,0.0,0.0,0.0,0.0,0.0,0.0,0.0,0.0,16.0,25903.0
2026-07-30T19:00:24.411Z,193.894,193.908,0.0,7.4,0.0,0.0,0.0,0.0,0.0,0.0,0.0,0.0,1.0,0.0,0.0,0.0,9.0,4.0,0.0,0.0,0.0,0.0,0.0,0.0,0.0,0.0,3.0,12.0,1.0,12.17,5.01,2.51,1.49,0.0,0.0,0.0,0.4,0.0,-0.2,0.6000000000000001,0.0,-169.60000000000002,0.0,0.0,169.60000000000002,0.0,21.3,29.700000000000003,29.6,30.200000000000003,300.0,300.0,31.4,35.2,29.5,28.700000000000003,30.6,4.95,1.99,4.97,0.16,0.0,0.0,1027.0,8228.0,0.0,0.0,0.0,0.0,0.0,1.0,0.0,0.0,0.0,0.0,0.0,0.7000000000000001,0.0,0.1,0.0,0.0,16.0,25903.0
2026-07-30T19:00:24.423Z,193.906,193.92,0.0,7.4,0.0,0.0,0.0,0.0,0.0,0.0,0.0,0.0,1.0,0.0,0.0,0.0,9.0,4.0,0.0,0.0,0.0,0.0,0.0,0.0,0.0,0.0,4.0,12.0,1.0,12.17,5.01,2.51,1.49,0.0,0.0,0.0,0.4,0.0,-0.8,-1.6,-1.1,-169.60000000000002,0.0,0.0,169.60000000000002,0.0,21.3,29.700000000000003,29.6,30.200000000000003,300.0,300.0,31.4,35.2,29.5,28.700000000000003,30.6,4.96,1.99,4.96,0.16,0.0,0.0,1027.0,8228.0,0.0,0.0,0.0,0.0,0.0,1.0,0.0,0.0,0.0,0.0,0.0,-2.7,0.0,0.6000000000000001,0.0,0.0,16.0,25903.0
2026-07-30T19:00:24.435Z,193.918,193.932,0.0,7.4,0.0,0.0,0.0,0.0,0.0,0.0,0.0,0.0,1.0,0.0,0.0,0.0,9.0,4.0,0.0,0.0,0.0,0.0,0.0,0.0,0.0,0.0,5.0,12.0,1.0,12.17,5.01,2.51,1.49,0.0,0.0,0.0,0.4,0.0,0.2,-0.5,1.2000000000000002,-169.60000000000002,0.0,0.0,169.60000000000002,0.0,21.3,29.700000000000003,29.6,30.200000000000003,300.0,300.0,31.4,35.2,29.5,28.700000000000003,30.6,4.96,1.99,4.97,0.16,0.0,0.0,1027.0,8228.0,0.0,0.0,0.0,0.0,0.0,1.0,0.0,0.0,0.0,0.0,0.0,0.3,0.0,-1.1,0.0,0.0,16.0,25903.0
2026-07-30T19:00:24.447Z,193.93,193.944,0.0,7.4,0.0,0.0,0.0,0.0,0.0,0.0,0.0,0.0,1.0,0.0,0.0,0.0,9.0,4.0,0.0,0.0,0.0,0.0,0.0,0.0,0.0,0.0,6.0,12.0,1.0,12.17,5.01,2.51,1.49,0.0,0.1,0.0,0.4,0.0,-0.2,1.2000000000000002,-1.1,-169.60000000000002,0.0,0.0,169.60000000000002,0.0,21.3,29.700000000000003,29.6,30.200000000000003,300.0,300.0,31.4,35.2,29.5,28.700000000000003,30.6,4.95,1.99,4.97,0.16,0.0,0.0,1027.0,8228.0,0.0,0.0,0.0,0.0,0.0,1.0,0.0,0.0,0.0,0.0,0.0,0.5,0.0,1.2000000000000002,0.0,0.0,16.0,25903.0
2026-07-30T19:00:24.459Z,193.942,193.956,0.0,7.4,0.0,0.0,0.0,0.0,0.0,0.0,0.0,0.0,1.0,0.0,0.0,0.0,9.0,4.0,0.0,0.0,0.0,0.0,0.0,0.0,0.0,0.0,1.0,12.0,1.0,12.17,5.01,2.51,1.49,0.0,0.0,0.0,0.4,0.0,0.2,-0.5,-1.1,-169.60000000000002,0.0,0.0,169.70000000000002,0.0,21.3,29.700000000000003,29.6,30.200000000000003,300.0,300.0,31.4,35.2,29.5,28.700000000000003,30.6,4.95,1.99,4.97,0.16,0.0,0.0,1027.0,8228.0,0.0,0.0,0.0,0.0,0.0,1.0,0.0,0.0,0.0,0.0,0.0,-1.4,0.0,0.8,0.0,0.0,16.0,25903.0
2026-07-30T19:00:24.478Z,193.961,193.968,0.0,7.4,0.0,0.0,0.0,0.0,0.0,0.0,0.0,0.0,1.0,0.0,0.0,0.0,9.0,4.0,0.0,0.0,0.0,0.0,0.0,0.0,0.0,0.0,2.0,12.0,1.0,12.17,5.01,2.51,1.49,0.0,0.0,0.0,0.4,0.0,-0.3,0.0,0.0,-169.60000000000002,0.0,0.0,169.60000000000002,0.0,21.3,29.700000000000003,29.6,30.200000000000003,300.0,300.0,31.4,35.2,29.5,28.700000000000003,30.6,4.96,2.0,4.96,0.16,0.0,0.0,1027.0,8228.0,0.0,0.0,0.0,0.0,0.0,1.0,0.0,0.0,0.0,0.0,0.0,0.1,0.0,0.0,0.0,0.0001,16.0,25903.0
2026-07-30T19:00:24.483Z,193.966,193.98,0.0,7.4,0.0,0.0,0.0,0.0,0.0,0.0,0.0,0.0,1.0,0.0,0.0,0.0,9.0,4.0,0.0,0.0,0.0,0.0,0.0,0.0,0.0,0.0,1.0,12.0,1.0,12.17,5.01,2.51,1.49,0.0,0.0,0.0,0.4,0.0,0.2,0.6000000000000001,0.6000000000000001,-169.60000000000002,0.0,0.0,169.60000000000002,0.0,21.3,29.700000000000003,29.6,30.200000000000003,300.0,300.0,31.4,35.2,29.5,28.700000000000003,30.6,4.96,1.99,4.97,0.16,0.0,0.0,1027.0,8228.0,0.0,0.0,0.0,0.0,0.0,1.0,0.0,0.0,0.0,0.0,0.0,1.2000000000000002,0.0,-0.3,0.0,0.0,16.0,25903.0
2026-07-30T19:00:24.495Z,193.978,193.992,0.0,7.4,0.0,0.0,0.0,0.0,0.0,0.0,0.0,0.0,1.0,0.0,0.0,0.0,9.0,4.0,0.0,0.0,0.0,0.0,0.0,0.0,0.0,0.0,1.0,12.0,1.0,12.17,5.01,2.51,1.49,0.0,0.0,0.0,0.4,0.0,-0.2,0.6000000000000001,0.5,-169.60000000000002,0.0,0.0,169.60000000000002,0.0,21.3,29.700000000000003,29.6,30.200000000000003,300.0,300.0,31.4,35.2,29.5,28.700000000000003,30.6,4.95,1.99,4.97,0.16,0.0,0.0,1027.0,8228.0,0.0,0.0,0.0,0.0,0.0,1.0,0.0,0.0,0.0,0.0,0.0,1.2000000000000002,0.0,-0.3,0.0,0.0,16.0,25903.0
2026-07-30T19:00:24.507Z,193.99,194.004,0.0,7.4,0.0,0.0,0.0,0.0,0.0,0.0,0.0,0.0,1.0,0.0,0.0,0.0,9.0,4.0,0.0,0.0,0.0,0.0,0.0,0.0,0.0,0.0,2.0,12.0,1.0,12.18,5.01,2.51,1.49,0.0,0.0,0.0,0.5,0.0,0.3,0.1,-1.2000000000000002,-169.60000000000002,0.0,0.0,169.60000000000002,0.0,21.4,29.700000000000003,29.6,30.200000000000003,300.0,300.0,31.3,35.300000000000004,29.4,28.700000000000003,30.6,4.96,1.99,4.96,0.16,0.0,0.0,1027.0,8228.0,0.0,0.0,0.0,0.0,0.0,1.0,0.0,0.0,0.0,0.0,0.0,-0.7000000000000001,0.0,1.0,0.0,0.0,16.0,25903.0
2026-07-30T19:00:24.519Z,194.002,194.016,0.0,7.4,0.0,0.0,0.0,0.0,0.0,0.0,0.0,0.0,1.0,0.0,0.0,0.0,9.0,4.0,0.0,0.0,0.0,0.0,0.0,0.0,0.0,0.0,4.0,12.0,1.0,12.18,5.01,2.51,1.49,0.0,0.0,0.0,0.4,0.0,0.3,-0.4,0.5,-169.60000000000002,0.0,0.0,169.60000000000002,0.0,21.4,29.700000000000003,29.6,30.200000000000003,300.0,300.0,31.3,35.300000000000004,29.4,28.700000000000003,30.6,4.96,1.99,4.96,0.16,0.0,0.0,1027.0,8228.0,0.0,0.0,0.0,0.0,0.0,1.0,0.0,0.0,0.0,0.0,0.0,0.0,0.0,-0.5,0.0,0.0,16.0,25903.0
2026-07-30T19:00:24.531Z,194.014,194.028,0.0,7.4,0.0,0.0,0.0,0.0,0.0,0.0,0.0,0.0,1.0,0.0,0.0,0.0,9.0,4.0,0.0,0.0,0.0,0.0,0.0,0.0,0.0,0.0,4.0,12.0,1.0,12.18,5.01,2.51,1.49,0.0,0.0,0.0,0.5,0.0,-0.2,1.2000000000000002,0.4,-169.60000000000002,0.0,0.0,169.60000000000002,0.0,21.4,29.700000000000003,29.6,30.200000000000003,300.0,300.0,31.3,35.300000000000004,29.4,28.700000000000003,30.6,4.96,1.99,4.96,0.16,0.0,0.0,1027.0,8228.0,0.0,0.0,0.0,0.0,0.0,1.0,0.0,0.0,0.0,0.0,0.0,1.8,0.0,-0.1,0.0,0.0,16.0,25903.0
2026-07-30T19:00:24.543Z,194.026,194.04,0.0,7.4,0.0,0.0,0.0,0.0,0.0,0.0,0.0,0.0,1.0,0.0,0.0,0.0,9.0,4.0,0.0,0.0,0.0,0.0,0.0,0.0,0.0,0.0,6.0,12.0,1.0,12.18,5.01,2.51,1.49,0.0,0.0,0.0,0.4,0.0,0.9,0.0,-0.7000000000000001,-169.60000000000002,0.0,0.0,169.60000000000002,0.0,21.4,29.700000000000003,29.6,30.200000000000003,300.0,300.0,31.3,35.300000000000004,29.4,28.700000000000003,30.6,4.96,2.0,4.96,0.16,0.0,0.0,1027.0,8228.0,0.0,0.0,0.0,0.0,0.0,1.0,0.0,0.0,0.0,0.0,0.0,-0.4,0.0,0.6000000000000001,0.0,0.0,16.0,25903.0
2026-07-30T19:00:24.555Z,194.038,194.052,0.0,7.4,0.0,0.0,0.0,0.0,0.0,0.0,0.0,0.0,1.0,0.0,0.0,0.0,9.0,4.0,0.0,0.0,0.0,0.0,0.0,0.0,0.0,0.0,1.0,12.0,1.0,12.18,5.01,2.51,1.49,0.0,0.1,0.0,0.4,0.0,0.9,1.2000000000000002,1.6,-169.60000000000002,0.0,0.0,169.60000000000002,0.0,21.4,29.700000000000003,29.6,30.200000000000003,300.0,300.0,31.3,35.300000000000004,29.4,28.700000000000003,30.6,4.95,2.0,4.97,0.16,0.0,0.0,1027.0,8228.0,0.0,0.0,0.0,0.0,0.0,1.0,0.0,0.0,0.0,0.0,0.0,2.6,0.0,-1.1,0.0,0.0,16.0,25903.0
2026-07-30T19:00:24.567Z,194.05,194.064,0.0,7.4,0.0,0.0,0.0,0.0,0.0,0.0,0.0,0.0,1.0,0.0,0.0,0.0,9.0,4.0,0.0,0.0,0.0,0.0,0.0,0.0,0.0,0.0,3.0,12.0,1.0,12.18,5.01,2.51,1.49,0.0,0.0,0.0,0.4,0.0,0.3,0.6000000000000001,-0.7000000000000001,-169.60000000000002,0.0,0.0,169.60000000000002,0.0,21.4,29.700000000000003,29.6,30.200000000000003,300.0,300.0,31.3,35.300000000000004,29.4,28.700000000000003,30.6,4.96,1.99,4.97,0.16,0.0,0.0,1027.0,8228.0,0.0,0.0,0.0,0.0,0.0,1.0,0.0,0.0,0.0,0.0,0.0,0.2,0.0,0.7000000000000001,0.0,0.0,16.0,25903.0
2026-07-30T19:00:24.579Z,194.062,194.076,0.0,7.4,0.0,0.0,0.0,0.0,0.0,0.0,0.0,0.0,1.0,0.0,0.0,0.0,9.0,4.0,0.0,0.0,0.0,0.0,0.0,0.0,0.0,0.0,4.0,12.0,1.0,12.18,5.01,2.51,1.49,0.0,0.0,0.0,0.4,0.0,0.3,0.0,-0.7000000000000001,-169.60000000000002,0.0,0.0,169.70000000000002,0.0,21.4,29.700000000000003,29.6,30.200000000000003,300.0,300.0,31.3,35.300000000000004,29.4,28.700000000000003,30.6,4.96,1.99,4.96,0.16,0.0,0.0,1027.0,8228.0,0.0,0.0,0.0,0.0,0.0,1.0,0.0,0.0,0.0,0.0,0.0,-0.4,0.0,0.6000000000000001,0.0,0.0,16.0,25903.0
2026-07-30T19:00:24.591Z,194.074,194.088,0.0,7.4,0.0,0.0,0.0,0.0,0.0,0.0,0.0,0.0,1.0,0.0,0.0,0.0,9.0,4.0,0.0,0.0,0.0,0.0,0.0,0.0,0.0,0.0,6.0,12.0,1.0,12.18,5.01,2.51,1.49,0.0,0.0,0.0,0.4,0.0,0.8,0.0,1.6,-169.60000000000002,0.0,0.0,169.60000000000002,0.0,21.4,29.700000000000003,29.6,30.200000000000003,300.0,300.0,31.3,35.300000000000004,29.4,28.700000000000003,30.6,4.96,1.99,4.96,0.16,0.0,0.0,1027.0,8228.0,0.0,0.0,0.0,0.0,0.0,1.0,0.0,0.0,0.0,0.0,0.0,1.2000000000000002,0.0,-1.4,0.0,0.0,16.0,25903.0
2026-07-30T19:00:24.604Z,194.087,194.1,0.0,7.4,0.0,0.0,0.0,0.0,0.0,0.0,0.0,0.0,1.0,0.0,0.0,0.0,9.0,4.0,0.0,0.0,0.0,0.0,0.0,0.0,0.0,0.0,1.0,12.0,1.0,12.17,5.01,2.51,1.5,0.0,0.0,0.0,0.5,0.0,-0.3,0.0,-0.1,-169.60000000000002,0.0,0.0,169.8,0.0,21.4,29.6,29.6,30.200000000000003,300.0,300.0,31.200000000000003,35.2,29.4,28.700000000000003,30.6,4.95,1.99,4.96,0.16,0.0,0.0,1027.0,8228.0,0.0,0.0,0.0,0.0,0.0,1.0,0.0,0.0,0.0,0.0,0.0,-0.1,0.0,0.1,0.0,0.0001,16.0,25903.0
2026-07-30T19:00:24.615Z,194.098,194.112,0.0,7.4,0.0,0.0,0.0,0.0,0.0,0.0,0.0,0.0,1.0,0.0,0.0,0.0,9.0,4.0,0.0,0.0,0.0,0.0,0.0,0.0,0.0,0.0,3.0,12.0,1.0,12.17,5.01,2.51,1.5,0.0,0.0,0.0,0.4,0.0,-0.2,0.6000000000000001,2.1,-169.60000000000002,0.0,0.0,169.70000000000002,0.0,21.4,29.6,29.6,30.200000000000003,300.0,300.0,31.200000000000003,35.2,29.4,28.700000000000003,30.6,4.95,1.99,4.96,0.16,0.0,0.0,1027.0,8228.0,0.0,0.0,0.0,0.0,0.0,1.0,0.0,0.0,0.0,0.0,0.0,2.3000000000000003,0.0,-1.7000000000000002,0.0,0.0003,16.0,25903.0
2026-07-30T19:00:24.627Z,194.11,194.124,0.0,7.4,0.0,0.0,0.0,0.0,0.0,0.0,0.0,0.0,1.0,0.0,0.0,0.0,9.0,4.0,0.0,0.0,0.0,0.0,0.0,0.0,0.0,0.0,4.0,12.0,1.0,12.17,5.01,2.51,1.5,0.0,0.0,0.0,0.5,0.0,-0.2,0.5,1.6,-169.60000000000002,0.0,0.0,169.70000000000002,0.0,21.4,29.6,29.6,30.200000000000003,300.0,300.0,31.200000000000003,35.2,29.4,28.700000000000003,30.6,4.95,2.0,4.96,0.16,0.0,0.0,1027.0,8228.0,0.0,0.0,0.0,0.0,0.0,1.0,0.0,0.0,0.0,0.0,0.0,1.8,0.0,-1.2000000000000002,0.0,0.0002,16.0,25903.0
2026-07-30T19:00:24.639Z,194.122,194.136,0.0,7.4,0.0,0.0,0.0,0.0,0.0,0.0,0.0,0.0,1.0,0.0,0.0,0.0,9.0,4.0,0.0,0.0,0.0,0.0,0.0,0.0,0.0,0.0,6.0,12.0,1.0,12.17,5.01,2.51,1.5,0.0,0.0,0.0,0.4,0.0,-0.2,-0.5,0.4,-169.60000000000002,0.0,0.0,169.70000000000002,0.0,21.4,29.6,29.6,30.200000000000003,300.0,300.0,31.200000000000003,35.2,29.4,28.700000000000003,30.6,4.96,1.99,4.96,0.16,0.0,0.0,1027.0,8228.0,0.0,0.0,0.0,0.0,0.0,1.0,0.0,0.0,0.0,0.0,0.0,-0.2,0.0,-0.5,0.0,0.0,16.0,25903.0
2026-07-30T19:00:24.651Z,194.134,194.148,0.0,7.4,0.0,0.0,0.0,0.0,0.0,0.0,0.0,0.0,1.0,0.0,0.0,0.0,9.0,4.0,0.0,0.0,0.0,0.0,0.0,0.0,0.0,0.0,1.0,12.0,1.0,12.17,5.01,2.51,1.5,0.0,0.0,0.0,0.4,0.0,-0.2,0.0,0.0,-169.60000000000002,0.0,0.0,169.60000000000002,0.0,21.4,29.6,29.6,30.200000000000003,300.0,300.0,31.200000000000003,35.2,29.4,28.700000000000003,30.6,4.95,1.99,4.97,0.16,0.0,0.0,1027.0,8228.0,0.0,0.0,0.0,0.0,0.0,1.0,0.0,0.0,0.0,0.0,0.0,0.0,0.0,0.0,0.0,0.0,16.0,25903.0
2026-07-30T19:00:24.663Z,194.146,194.16,0.0,7.4,0.0,0.0,0.0,0.0,0.0,0.0,0.0,0.0,1.0,0.0,0.0,0.0,9.0,4.0,0.0,0.0,0.0,0.0,0.0,0.0,0.0,0.0,3.0,12.0,1.0,12.17,5.01,2.51,1.5,0.0,0.0,0.0,0.4,0.0,0.3,-0.4,1.0,-169.60000000000002,0.0,0.0,169.70000000000002,0.0,21.4,29.6,29.6,30.200000000000003,300.0,300.0,31.200000000000003,35.2,29.4,28.700000000000003,30.6,4.96,2.0,4.96,0.16,0.0,0.0,1027.0,8228.0,0.0,0.0,0.0,0.0,0.0,1.0,0.0,0.0,0.0,0.0,0.0,0.2,0.0,-1.0,0.0,0.0001,16.0,25903.0
2026-07-30T19:00:24.675Z,194.158,194.172,0.0,7.4,0.0,0.0,0.0,0.0,0.0,0.0,0.0,0.0,1.0,0.0,0.0,0.0,9.0,4.0,0.0,0.0,0.0,0.0,0.0,0.0,0.0,0.0,5.0,12.0,1.0,12.17,5.01,2.51,1.5,0.0,0.0,0.0,0.4,0.0,-0.7000000000000001,-0.5,0.0,-169.60000000000002,0.0,0.0,169.70000000000002,0.0,21.4,29.6,29.6,30.200000000000003,300.0,300.0,31.200000000000003,35.2,29.4,28.700000000000003,30.6,4.96,1.99,4.97,0.16,0.0,0.0,1027.0,8228.0,0.0,0.0,0.0,0.0,0.0,1.0,0.0,0.0,0.0,0.0,0.0,-0.6000000000000001,0.0,0.0,0.0,0.0001,16.0,25903.0
2026-07-30T19:00:24.687Z,194.17,194.184,0.0,7.4,0.0,0.0,0.0,0.0,0.0,0.0,0.0,0.0,1.0,0.0,0.0,0.0,9.0,4.0,0.0,0.0,0.0,0.0,0.0,0.0,0.0,0.0,6.0,12.0,1.0,12.17,5.01,2.51,1.5,0.0,0.1,0.0,0.5,0.0,-0.1,0.0,-0.1,-169.60000000000002,0.0,0.0,169.60000000000002,0.0,21.4,29.6,29.6,30.200000000000003,300.0,300.0,31.200000000000003,35.2,29.4,28.700000000000003,30.6,4.95,1.99,4.97,0.16,0.0,0.0,1027.0,8228.0,0.0,0.0,0.0,0.0,0.0,1.0,0.0,0.0,0.0,0.0,0.0,0.0,0.0,0.1,0.0,0.0,16.0,25903.0
2026-07-30T19:00:24.699Z,194.182,194.196,0.0,7.4,0.0,0.0,0.0,0.0,0.0,0.0,0.0,0.0,1.0,0.0,0.0,0.0,9.0,4.0,0.0,0.0,0.0,0.0,0.0,0.0,0.0,0.0,1.0,12.0,1.0,12.17,5.01,2.51,1.5,0.0,0.1,0.0,0.4,0.0,0.4,0.0,0.5,-169.60000000000002,0.0,0.0,169.60000000000002,0.0,21.4,29.6,29.6,30.200000000000003,300.0,300.0,31.200000000000003,35.2,29.4,28.700000000000003,30.6,4.96,1.99,4.96,0.16,0.0,0.0,1027.0,8228.0,0.0,0.0,0.0,0.0,0.0,1.0,0.0,0.0,0.0,0.0,0.0,0.4,0.0,-0.4,0.0,0.0,16.0,25903.0
2026-07-30T19:00:24.711Z,194.194,194.208,0.0,7.4,0.0,0.0,0.0,0.0,0.0,0.0,0.0,0.0,1.0,0.0,0.0,0.0,9.0,4.0,0.0,0.0,0.0,0.0,0.0,0.0,0.0,0.0,3.0,12.0,1.0,12.15,5.0200000000000005,2.5,1.49,0.0,0.0,0.0,0.5,0.0,-0.2,-1.0,0.0,-169.60000000000002,0.0,0.0,169.60000000000002,0.0,21.700000000000003,29.6,29.6,30.200000000000003,300.0,300.0,31.200000000000003,35.2,29.4,28.700000000000003,30.6,4.95,1.99,4.97,0.16,0.0,0.0,1027.0,8228.0,0.0,0.0,0.0,0.0,0.0,1.0,0.0,0.0,0.0,0.0,0.0,-1.2000000000000002,0.0,-0.1,0.0,0.0,16.0,25903.0
2026-07-30T19:00:24.723Z,194.206,194.22,0.0,7.4,0.0,0.0,0.0,0.0,0.0,0.0,0.0,0.0,1.0,0.0,0.0,0.0,9.0,4.0,0.0,0.0,0.0,0.0,0.0,0.0,0.0,0.0,4.0,12.0,1.0,12.15,5.0200000000000005,2.5,1.49,0.0,0.1,0.0,0.4,0.0,0.3,1.2000000000000002,-0.6000000000000001,-169.60000000000002,0.0,0.0,169.70000000000002,0.0,21.700000000000003,29.6,29.6,30.200000000000003,300.0,300.0,31.200000000000003,35.2,29.4,28.700000000000003,30.6,4.95,1.99,4.97,0.16,0.0,0.0,1027.0,8228.0,0.0,0.0,0.0,0.0,0.0,1.0,0.0,0.0,0.0,0.0,0.0,0.9,0.0,0.8,0.0,0.0,16.0,25903.0
2026-07-30T19:00:24.735Z,194.218,194.232,0.0,7.4,0.0,0.0,0.0,0.0,0.0,0.0,0.0,0.0,1.0,0.0,0.0,0.0,9.0,4.0,0.0,0.0,0.0,0.0,0.0,0.0,0.0,0.0,5.0,12.0,1.0,12.15,5.0200000000000005,2.5,1.49,0.0,0.0,0.0,0.5,0.0,0.3,0.0,0.0,-169.60000000000002,0.0,0.0,169.60000000000002,0.0,21.700000000000003,29.6,29.6,30.200000000000003,300.0,300.0,31.200000000000003,35.2,29.4,28.700000000000003,30.6,4.96,1.99,4.97,0.16,0.0,0.0,1027.0,8228.0,0.0,0.0,0.0,0.0,0.0,1.0,0.0,0.0,0.0,0.0,0.0,0.0,0.0,0.0,0.0,0.0002,16.0,25903.0
2026-07-30T19:00:24.747Z,194.23,194.244,0.0,7.4,0.0,0.0,0.0,0.0,0.0,0.0,0.0,0.0,1.0,0.0,0.0,0.0,9.0,4.0,0.0,0.0,0.0,0.0,0.0,0.0,0.0,0.0,6.0,12.0,1.0,12.15,5.0200000000000005,2.5,1.49,0.0,0.0,0.0,0.4,0.0,-0.2,-1.1,-0.6000000000000001,-169.60000000000002,0.0,0.0,169.60000000000002,0.0,21.700000000000003,29.6,29.6,30.200000000000003,300.0,300.0,31.200000000000003,35.2,29.4,28.700000000000003,30.6,4.96,1.99,4.96,0.16,0.0,0.0,1027.0,8228.0,0.0,0.0,0.0,0.0,0.0,1.0,0.0,0.0,0.0,0.0,0.0,0.4,0.0,-0.4,0.0,0.0001,16.0,25903.0
2026-07-30T19:00:24.759Z,194.242,194.256,0.0,7.4,0.0,0.0,0.0,0.0,0.0,0.0,0.0,0.0,1.0,0.0,0.0,0.0,9.0,4.0,0.0,0.0,0.0,0.0,0.0,0.0,0.0,0.0,1.0,12.0,1.0,12.15,5.0200000000000005,2.5,1.49,0.0,0.0,0.0,0.4,0.0,0.3,-1.1,0.5,-169.60000000000002,0.0,0.0,169.70000000000002,0.0,21.700000000000003,29.6,29.6,30.200000000000003,300.0,300.0,31.200000000000003,35.2,29.4,28.700000000000003,30.6,4.95,1.99,4.97,0.16,0.0,0.0,1027.0,8228.0,0.0,0.0,0.0,0.0,0.0,1.0,0.0,0.0,0.0,0.0,0.0,-0.9,0.0,1.0,0.0,0.0001,16.0,25903.0
2026-07-30T19:00:24.771Z,194.254,194.268,0.0,7.4,0.0,0.0,0.0,0.0,0.0,0.0,0.0,0.0,1.0,0.0,0.0,0.0,9.0,4.0,0.0,0.0,0.0,0.0,0.0,0.0,0.0,0.0,2.0,12.0,1.0,12.15,5.0200000000000005,2.5,1.49,0.0,0.0,0.0,0.4,0.0,-0.2,0.0,0.0,-169.60000000000002,0.0,0.0,169.8,0.0,21.700000000000003,29.6,29.6,30.200000000000003,300.0,300.0,31.200000000000003,35.2,29.4,28.700000000000003,30.6,4.95,1.99,4.96,0.16,0.0,0.0,1027.0,8228.0,0.0,0.0,0.0,0.0,0.0,1.0,0.0,0.0,0.0,0.0,0.0,1.4,0.0,0.9,0.0,0.0001,16.0,25903.0
2026-07-30T19:00:24.785Z,194.268,194.28,0.0,7.4,0.0,0.0,0.0,0.0,0.0,0.0,0.0,0.0,1.0,0.0,0.0,0.0,9.0,4.0,0.0,0.0,0.0,0.0,0.0,0.0,0.0,0.0,3.0,12.0,1.0,12.15,5.0200000000000005,2.5,1.49,0.0,0.0,0.0,0.4,0.0,-0.3,1.1,1.0,-169.60000000000002,0.0,0.0,169.70000000000002,0.0,21.700000000000003,29.6,29.6,30.200000000000003,300.0,300.0,31.200000000000003,35.2,29.4,28.700000000000003,30.6,4.96,1.99,4.96,0.16,0.0,0.0,1027.0,8228.0,0.0,0.0,0.0,0.0,0.0,1.0,0.0,0.0,0.0,0.0,0.0,2.1,0.0,-0.7000000000000001,0.0,0.0001,16.0,25903.0
2026-07-30T19:00:24.798Z,194.281,194.292,0.0,7.4,0.0,0.0,0.0,0.0,0.0,0.0,0.0,0.0,1.0,0.0,0.0,0.0,9.0,4.0,0.0,0.0,0.0,0.0,0.0,0.0,0.0,0.0,3.0,12.0,1.0,12.15,5.0200000000000005,2.5,1.49,0.0,0.0,0.0,0.4,0.0,-0.3,-0.5,0.0,-169.60000000000002,0.0,0.0,169.70000000000002,0.0,21.700000000000003,29.6,29.6,30.200000000000003,300.0,300.0,31.200000000000003,35.2,29.4,28.700000000000003,30.6,4.95,1.99,4.96,0.18,0.0,0.0,1027.0,8228.0,0.0,0.0,0.0,0.0,0.0,1.0,0.0,0.0,0.0,0.0,0.0,-0.6000000000000001,0.0,0.0,0.0,0.0002,16.0,25903.0
2026-07-30T19:00:24.808Z,194.291,194.304,0.0,7.4,0.0,0.0,0.0,0.0,0.0,0.0,0.0,0.0,1.0,0.0,0.0,0.0,9.0,4.0,0.0,0.0,0.0,0.0,0.0,0.0,0.0,0.0,2.0,12.0,1.0,12.17,5.0200000000000005,2.51,1.49,0.0,0.0,0.0,0.4,0.0,0.2,-0.5,0.0,-169.60000000000002,0.0,0.0,169.70000000000002,0.0,21.3,29.6,29.6,30.200000000000003,300.0,300.0,31.200000000000003,35.2,29.4,28.700000000000003,30.6,4.95,1.99,4.97,0.18,0.0,0.0,1027.0,8228.0,0.0,0.0,0.0,0.0,0.0,1.0,0.0,0.0,0.0,0.0,0.0,-0.6000000000000001,0.0,0.0,0.0,0.0,16.0,25903.0
2026-07-30T19:00:24.819Z,194.302,194.316,0.0,7.4,0.0,0.0,0.0,0.0,0.0,0.0,0.0,0.0,1.0,0.0,0.0,0.0,9.0,4.0,0.0,0.0,0.0,0.0,0.0,0.0,0.0,0.0,3.0,12.0,1.0,12.17,5.0200000000000005,2.51,1.49,0.0,0.0,0.0,0.4,0.0,0.2,1.1,-1.1,-169.60000000000002,0.0,0.0,169.8,0.0,21.3,29.6,29.6,30.200000000000003,300.0,300.0,31.200000000000003,35.2,29.4,28.700000000000003,30.6,4.95,2.0,4.96,0.16,0.0,0.0,1027.0,8228.0,0.0,0.0,0.0,0.0,0.0,1.0,0.0,0.0,0.0,0.0,0.0,0.4,0.0,1.2000000000000002,0.0,0.0,16.0,25903.0
2026-07-30T19:00:24.831Z,194.314,194.328,0.0,7.4,0.0,0.0,0.0,0.0,0.0,0.0,0.0,0.0,1.0,0.0,0.0,0.0,9.0,4.0,0.0,0.0,0.0,0.0,0.0,0.0,0.0,0.0,4.0,12.0,1.0,12.17,5.0200000000000005,2.51,1.49,0.0,0.0,0.0,0.4,0.0,0.2,-0.5,-1.1,-169.60000000000002,0.0,0.0,169.70000000000002,0.0,21.3,29.6,29.6,30.200000000000003,300.0,300.0,31.200000000000003,35.2,29.4,28.700000000000003,30.6,4.96,1.99,4.96,0.16,0.0,0.0,1027.0,8228.0,0.0,0.0,0.0,0.0,0.0,1.0,0.0,0.0,0.0,0.0,0.0,-1.5,0.0,0.9,0.0,0.0001,16.0,25903.0
2026-07-30T19:00:24.843Z,194.326,194.34,0.0,7.4,0.0,0.0,0.0,0.0,0.0,0.0,0.0,0.0,1.0,0.0,0.0,0.0,9.0,4.0,0.0,0.0,0.0,0.0,0.0,0.0,0.0,0.0,6.0,12.0,1.0,12.17,5.0200000000000005,2.51,1.49,0.0,0.0,0.0,0.4,0.0,0.2,0.0,0.5,-169.60000000000002,0.0,0.0,169.60000000000002,0.0,21.3,29.6,29.6,30.200000000000003,300.0,300.0,31.200000000000003,35.2,29.4,28.700000000000003,30.6,4.95,1.99,4.97,0.16,0.0,0.0,1027.0,8228.0,0.0,0.0,0.0,0.0,0.0,1.0,0.0,0.0,0.0,0.0,0.0,0.5,0.0,-0.5,0.0,0.0,16.0,25903.0
2026-07-30T19:00:24.855Z,194.338,194.352,0.0,7.4,0.0,0.0,0.0,0.0,0.0,0.0,0.0,0.0,1.0,0.0,0.0,0.0,9.0,4.0,0.0,0.0,0.0,0.0,0.0,0.0,0.0,0.0,1.0,12.0,1.0,12.17,5.0200000000000005,2.51,1.49,0.0,0.0,0.0,0.5,0.0,0.8,-0.5,0.5,-169.60000000000002,0.0,0.0,169.60000000000002,0.0,21.3,29.6,29.6,30.200000000000003,300.0,300.0,31.200000000000003,35.2,29.4,28.700000000000003,30.6,4.96,1.99,4.96,0.16,0.0,0.0,1027.0,8228.0,0.0,0.0,0.0,0.0,0.0,1.0,0.0,0.0,0.0,0.0,0.0,-0.1,0.0,-0.6000000000000001,0.0,0.0001,16.0,25903.0
2026-07-30T19:00:24.867Z,194.35,194.364,0.0,7.4,0.0,0.0,0.0,0.0,0.0,0.0,0.0,0.0,1.0,0.0,0.0,0.0,9.0,4.0,0.0,0.0,0.0,0.0,0.0,0.0,0.0,0.0,1.0,12.0,1.0,12.17,5.0200000000000005,2.51,1.49,0.0,0.0,0.0,0.4,0.0,-0.3,0.0,0.5,-169.60000000000002,0.0,0.0,169.70000000000002,0.0,21.3,29.6,29.6,30.200000000000003,300.0,300.0,31.200000000000003,35.2,29.4,28.700000000000003,30.6,4.96,1.99,4.96,0.16,0.0,0.0,1027.0,8228.0,0.0,0.0,0.0,0.0,0.0,1.0,0.0,0.0,0.0,0.0,0.0,0.4,0.0,-0.4,0.0,0.0001,16.0,25903.0
2026-07-30T19:00:24.879Z,194.362,194.376,0.0,7.4,0.0,0.0,0.0,0.0,0.0,0.0,0.0,0.0,1.0,0.0,0.0,0.0,9.0,4.0,0.0,0.0,0.0,0.0,0.0,0.0,0.0,0.0,3.0,12.0,1.0,12.17,5.0200000000000005,2.51,1.49,0.0,0.1,0.0,0.4,0.0,-0.2,-0.5,0.0,-169.60000000000002,0.0,0.0,169.60000000000002,0.0,21.3,29.6,29.6,30.200000000000003,300.0,300.0,31.200000000000003,35.2,29.4,28.700000000000003,30.6,4.95,1.99,4.96,0.16,0.0,0.0,1027.0,8228.0,0.0,0.0,0.0,0.0,0.0,1.0,0.0,0.0,0.0,0.0,0.0,-0.6000000000000001,0.0,0.0,0.0,0.0,16.0,25903.0
2026-07-30T19:00:24.891Z,194.374,194.388,0.0,7.4,0.0,0.0,0.0,0.0,0.0,0.0,0.0,0.0,1.0,0.0,0.0,0.0,9.0,4.0,0.0,0.0,0.0,0.0,0.0,0.0,0.0,0.0,5.0,12.0,1.0,12.17,5.0200000000000005,2.51,1.49,0.0,0.0,0.0,0.4,0.0,-0.2,-1.1,1.0,-169.60000000000002,0.0,0.0,169.60000000000002,0.0,21.3,29.6,29.6,30.200000000000003,300.0,300.0,31.200000000000003,35.2,29.4,28.700000000000003,30.6,4.95,1.99,4.97,0.16,0.0,0.0,1027.0,8228.0,0.0,0.0,0.0,0.0,0.0,1.0,0.0,0.0,0.0,0.0,0.0,-0.4,0.0,-1.1,0.0,0.0,16.0,25903.0
2026-07-30T19:00:24.903Z,194.386,194.4,0.0,7.4,0.0,0.0,0.0,0.0,0.0,0.0,0.0,0.0,1.0,0.0,0.0,0.0,9.0,4.0,0.0,0.0,0.0,0.0,0.0,0.0,0.0,0.0,6.0,12.0,1.0,12.17,5.0200000000000005,2.51,1.49,0.0,0.1,0.0,0.4,0.0,-0.2,0.6000000000000001,1.0,-169.60000000000002,0.0,0.0,169.60000000000002,0.0,21.3,29.6,29.6,30.200000000000003,300.0,300.0,31.200000000000003,35.2,29.4,28.700000000000003,30.6,4.96,2.0,4.96,0.16,0.0,0.0,1027.0,8228.0,0.0,0.0,0.0,0.0,0.0,1.0,0.0,0.0,0.0,0.0,0.0,1.5,0.0,-0.8,0.0,0.0,16.0,25903.0
2026-07-30T19:00:24.915Z,194.398,194.412,0.0,7.4,0.0,0.0,0.0,0.0,0.0,0.0,0.0,0.0,1.0,0.0,0.0,0.0,9.0,4.0,0.0,0.0,0.0,0.0,0.0,0.0,0.0,0.0,1.0,12.0,1.0,12.17,5.01,2.51,1.49,0.0,0.0,0.0,0.4,0.0,-0.8,0.0,-1.8,-169.60000000000002,0.0,0.0,169.60000000000002,0.0,21.4,29.6,29.6,30.200000000000003,300.0,300.0,31.3,35.2,29.4,28.700000000000003,30.6,4.96,1.99,4.97,0.16,0.0,0.0,1027.0,8228.0,0.0,0.0,0.0,0.0,0.0,1.0,0.0,0.0,0.0,0.0,0.0,-1.3,0.0,1.6,0.0,0.0,16.0,25903.0
2026-07-30T19:00:24.927Z,194.41,194.424,0.0,7.4,0.0,0.0,0.0,0.0,0.0,0.0,0.0,0.0,1.0,0.0,0.0,0.0,9.0,4.0,0.0,0.0,0.0,0.0,0.0,0.0,0.0,0.0,2.0,12.0,1.0,12.17,5.01,2.51,1.49,0.0,0.0,0.0,0.4,0.0,0.2,0.6000000000000001,1.6,-169.60000000000002,0.0,0.0,169.60000000000002,0.0,21.4,29.6,29.6,30.200000000000003,300.0,300.0,31.3,35.2,29.4,28.700000000000003,30.6,4.96,1.98,4.97,0.16,0.0,0.0,1027.0,8228.0,0.0,0.0,0.0,0.0,0.0,1.0,0.0,0.0,0.0,0.0,0.0,1.9,0.0,-1.3,0.0,0.0,16.0,25903.0
2026-07-30T19:00:24.939Z,194.422,194.436,0.0,7.4,0.0,0.0,0.0,0.0,0.0,0.0,0.0,0.0,1.0,0.0,0.0,0.0,9.0,4.0,0.0,0.0,0.0,0.0,0.0,0.0,0.0,0.0,3.0,12.0,1.0,12.17,5.01,2.51,1.49,0.0,0.1,0.0,0.4,0.0,-0.2,-0.5,0.0,-169.60000000000002,0.0,0.0,169.70000000000002,0.0,21.4,29.6,29.6,30.200000000000003,300.0,300.0,31.3,35.2,29.4,28.700000000000003,30.6,4.96,1.98,4.96,0.16,0.0,0.0,1027.0,8228.0,0.0,0.0,0.0,0.0,0.0,1.0,0.0,0.0,0.0,0.0,0.0,-0.6000000000000001,0.0,0.0,0.0,0.0,16.0,25903.0
2026-07-30T19:00:24.951Z,194.434,194.448,0.0,7.4,0.0,0.0,0.0,0.0,0.0,0.0,0.0,0.0,1.0,0.0,0.0,0.0,9.0,4.0,0.0,0.0,0.0,0.0,0.0,0.0,0.0,0.0,4.0,12.0,1.0,12.17,5.01,2.51,1.49,0.0,0.0,0.0,0.4,0.0,0.3,0.1,-0.7000000000000001,-169.60000000000002,0.0,0.0,169.70000000000002,0.0,21.4,29.6,29.6,30.200000000000003,300.0,300.0,31.3,35.2,29.4,28.700000000000003,30.6,4.95,1.99,4.97,0.16,0.0,0.0,1027.0,8228.0,0.0,0.0,0.0,0.0,0.0,1.0,0.0,0.0,0.0,0.0,0.0,-0.3,0.0,0.6000000000000001,0.0,0.0,16.0,25903.0
2026-07-30T19:00:24.963Z,194.446,194.46,0.0,7.4,0.0,0.0,0.0,0.0,0.0,0.0,0.0,0.0,1.0,0.0,0.0,0.0,9.0,4.0,0.0,0.0,0.0,0.0,0.0,0.0,0.0,0.0,5.0,12.0,1.0,12.17,5.01,2.51,1.49,0.0,0.0,0.0,0.4,0.0,0.3,2.4000000000000004,0.4,-169.60000000000002,0.0,0.0,169.60000000000002,0.0,21.4,29.6,29.6,30.200000000000003,300.0,300.0,31.3,35.2,29.4,28.700000000000003,30.6,4.95,1.99,4.97,0.16,0.0,0.0,1027.0,8228.0,0.0,0.0,0.0,0.0,0.0,1.0,0.0,0.0,0.0,0.0,0.0,3.0,0.0,0.1,0.0,0.0,16.0,25903.0
2026-07-30T19:00:24.976Z,194.459,194.472,0.0,7.4,0.0,0.0,0.0,0.0,0.0,0.0,0.0,0.0,1.0,0.0,0.0,0.0,9.0,4.0,0.0,0.0,0.0,0.0,0.0,0.0,0.0,0.0,6.0,12.0,1.0,12.17,5.01,2.51,1.49,0.0,0.1,0.0,0.4,0.0,-0.8,0.0,-0.7000000000000001,-169.60000000000002,0.0,0.0,169.60000000000002,0.0,21.4,29.6,29.6,30.200000000000003,300.0,300.0,31.3,35.2,29.4,28.700000000000003,30.6,4.95,2.0,4.97,0.16,0.0,0.0,1027.0,8228.0,0.0,0.0,0.0,0.0,0.0,1.0,0.0,0.0,0.0,0.0,0.0,-0.4,0.0,0.6000000000000001,0.0,0.0001,16.0,25903.0
2026-07-30T19:00:24.987Z,194.47,194.484,0.0,7.4,0.0,0.0,0.0,0.0,0.0,0.0,0.0,0.0,1.0,0.0,0.0,0.0,9.0,4.0,0.0,0.0,0.0,0.0,0.0,0.0,0.0,0.0,1.0,12.0,1.0,12.17,5.01,2.51,1.49,0.0,0.0,0.0,0.4,0.0,-0.2,-0.5,-0.1,-169.60000000000002,0.0,0.0,169.60000000000002,0.0,21.4,29.6,29.6,30.200000000000003,300.0,300.0,31.3,35.2,29.4,28.700000000000003,30.6,4.96,2.0,4.96,0.16,0.0,0.0,1027.0,8228.0,0.0,0.0,0.0,0.0,0.0,1.0,0.0,0.0,0.0,0.0,0.0,-0.7000000000000001,0.0,0.0,0.0,0.0001,16.0,25903.0
2026-07-30T19:00:24.999Z,194.482,194.496,0.0,7.4,0.0,0.0,0.0,0.0,0.0,0.0,0.0,0.0,1.0,0.0,0.0,0.0,9.0,4.0,0.0,0.0,0.0,0.0,0.0,0.0,0.0,0.0,3.0,12.0,1.0,12.17,5.01,2.51,1.49,0.0,0.1,0.0,0.4,0.0,0.3,0.0,-0.1,-169.60000000000002,0.0,0.0,169.70000000000002,0.0,21.4,29.6,29.6,30.200000000000003,300.0,300.0,31.3,35.2,29.4,28.700000000000003,30.6,4.95,1.99,4.96,0.16,0.0,0.0,1027.0,8228.0,0.0,0.0,0.0,0.0,0.0,1.0,0.0,0.0,0.0,0.0,0.0,0.0,0.0,0.1,0.0,0.0,16.0,25903.0
2026-07-30T19:00:25.013Z,194.496,194.508,0.0,7.4,0.0,0.0,0.0,0.0,0.0,0.0,0.0,0.0,1.0,0.0,0.0,0.0,9.0,4.0,0.0,0.0,0.0,0.0,0.0,0.0,0.0,0.0,4.0,12.0,1.0,12.18,5.01,2.5,1.49,0.0,0.0,0.0,0.4,0.0,0.3,1.7000000000000002,0.3,-169.60000000000002,0.0,0.0,169.60000000000002,0.0,21.0,29.6,29.6,30.200000000000003,300.0,300.0,31.3,35.2,29.4,28.700000000000003,30.6,4.95,1.99,4.96,0.16,0.0,0.0,1027.0,8228.0,0.0,0.0,0.0,0.0,0.0,1.0,0.0,0.0,0.0,0.0,0.0,2.3000000000000003,0.0,0.0,0.0,0.0,16.0,25903.0
2026-07-30T19:00:25.024Z,194.507,194.52,0.0,7.4,0.0,0.0,0.0,0.0,0.0,0.0,0.0,0.0,1.0,0.0,0.0,0.0,9.0,4.0,0.0,0.0,0.0,0.0,0.0,0.0,0.0,0.0,5.0,12.0,1.0,12.18,5.01,2.5,1.49,0.0,0.1,0.0,0.5,0.0,-0.2,1.2000000000000002,0.9,-169.60000000000002,0.0,0.0,169.60000000000002,0.0,21.0,29.6,29.6,30.200000000000003,300.0,300.0,31.3,35.2,29.4,28.700000000000003,30.6,4.96,2.0,4.96,0.16,0.0,0.0,1027.0,8228.0,0.0,0.0,0.0,0.0,0.0,1.0,0.0,0.0,0.0,0.0,0.0,2.0,0.0,-0.5,0.0,0.0,16.0,25903.0
2026-07-30T19:00:25.035Z,194.518,194.532,0.0,7.4,0.0,0.0,0.0,0.0,0.0,0.0,0.0,0.0,1.0,0.0,0.0,0.0,9.0,4.0,0.0,0.0,0.0,0.0,0.0,0.0,0.0,0.0,6.0,12.0,1.0,12.18,5.01,2.5,1.49,0.0,0.1,0.0,0.4,0.0,0.3,-0.5,0.3,-169.60000000000002,0.0,0.0,169.60000000000002,0.0,21.0,29.6,29.6,30.200000000000003,300.0,300.0,31.3,35.2,29.4,28.700000000000003,30.6,4.95,2.0,4.96,0.16,0.0,0.0,1027.0,8228.0,0.0,0.0,0.0,0.0,0.0,1.0,0.0,0.0,0.0,0.0,0.0,-0.3,0.0,-0.4,0.0,0.0,16.0,25903.0
2026-07-30T19:00:25.047Z,194.53,194.544,0.0,7.4,0.0,0.0,0.0,0.0,0.0,0.0,0.0,0.0,1.0,0.0,0.0,0.0,9.0,4.0,0.0,0.0,0.0,0.0,0.0,0.0,0.0,0.0,1.0,12.0,1.0,12.18,5.01,2.5,1.49,0.0,0.0,0.0,0.4,0.0,-0.2,-1.1,-0.8,-169.60000000000002,0.0,0.0,169.70000000000002,0.0,21.0,29.6,29.6,30.200000000000003,300.0,300.0,31.3,35.2,29.4,28.700000000000003,30.6,4.95,1.99,4.96,0.16,0.0,0.0,1027.0,8228.0,0.0,0.0,0.0,0.0,0.0,1.0,0.0,0.0,0.0,0.0,0.0,-1.9,0.0,0.5,0.0,0.0001,16.0,25903.0
2026-07-30T19:00:25.059Z,194.542,194.556,0.0,7.4,0.0,0.0,0.0,0.0,0.0,0.0,0.0,0.0,1.0,0.0,0.0,0.0,9.0,4.0,0.0,0.0,0.0,0.0,0.0,0.0,0.0,0.0,3.0,12.0,1.0,12.18,5.01,2.5,1.49,0.0,0.0,0.0,0.4,0.0,0.3,0.5,-0.8,-169.60000000000002,0.0,0.0,169.60000000000002,0.0,21.0,29.6,29.6,30.200000000000003,300.0,300.0,31.3,35.2,29.4,28.700000000000003,30.6,4.95,1.99,4.96,0.16,0.0,0.0,1027.0,8228.0,0.0,0.0,0.0,0.0,0.0,1.0,0.0,0.0,0.0,0.0,0.0,0.0,0.0,0.8,0.0,0.0,16.0,25903.0
2026-07-30T19:00:25.071Z,194.554,194.568,0.0,7.4,0.0,0.0,0.0,0.0,0.0,0.0,0.0,0.0,1.0,0.0,0.0,0.0,9.0,4.0,0.0,0.0,0.0,0.0,0.0,0.0,0.0,0.0,4.0,12.0,1.0,12.18,5.01,2.5,1.49,0.0,0.0,0.0,0.4,0.0,-0.8,1.2000000000000002,-0.8,-169.60000000000002,0.0,0.0,169.60000000000002,0.0,21.0,29.6,29.6,30.200000000000003,300.0,300.0,31.3,35.2,29.4,28.700000000000003,30.6,4.96,1.99,4.96,0.16,0.0,0.0,1027.0,8228.0,0.0,0.0,0.0,0.0,0.0,1.0,0.0,0.0,0.0,0.0,0.0,0.7000000000000001,0.0,0.9,0.0,0.0,16.0,25903.0
2026-07-30T19:00:25.083Z,194.566,194.58,0.0,7.4,0.0,0.0,0.0,0.0,0.0,0.0,0.0,0.0,1.0,0.0,0.0,0.0,9.0,4.0,0.0,0.0,0.0,0.0,0.0,0.0,0.0,0.0,5.0,12.0,1.0,12.18,5.01,2.5,1.49,0.0,0.0,0.0,0.4,0.0,0.3,0.0,-0.3,-169.60000000000002,0.0,0.0,169.60000000000002,0.0,21.0,29.6,29.6,30.200000000000003,300.0,300.0,31.3,35.2,29.4,28.700000000000003,30.6,4.95,1.99,4.96,0.16,0.0,0.0,1027.0,8228.0,0.0,0.0,0.0,0.0,0.0,1.0,0.0,0.0,0.0,0.0,0.0,-0.1,0.0,0.2,0.0,0.0,16.0,25903.0
2026-07-30T19:00:25.095Z,194.578,194.592,0.0,7.4,0.0,0.0,0.0,0.0,0.0,0.0,0.0,0.0,1.0,0.0,0.0,0.0,9.0,4.0,0.0,0.0,0.0,0.0,0.0,0.0,0.0,0.0,6.0,12.0,1.0,12.18,5.01,2.5,1.49,0.0,0.0,0.0,0.4,0.0,0.3,-0.5,0.2,-169.60000000000002,0.0,0.0,169.70000000000002,0.0,21.0,29.6,29.6,30.200000000000003,300.0,300.0,31.3,35.2,29.4,28.700000000000003,30.6,4.96,2.0,4.96,0.16,0.0,0.0,1027.0,8228.0,0.0,0.0,0.0,0.0,0.0,1.0,0.0,0.0,0.0,0.0,0.0,-0.3,0.0,-0.3,0.0,0.0,16.0,25903.0
2026-07-30T19:00:25.113Z,194.596,194.604,0.0,7.4,0.0,0.0,0.0,0.0,0.0,0.0,0.0,0.0,1.0,0.0,0.0,0.0,9.0,4.0,0.0,0.0,0.0,0.0,0.0,0.0,0.0,0.0,6.0,12.0,1.0,12.18,5.01,2.5,1.49,0.0,0.0,0.0,0.4,0.0,-1.4,-1.1,-0.8,-169.60000000000002,0.0,0.0,169.60000000000002,0.0,21.0,29.6,29.6,30.200000000000003,300.0,300.0,31.3,35.2,29.4,28.700000000000003,30.6,4.96,2.0,4.97,0.16,0.0,0.0,1027.0,8228.0,0.0,0.0,0.0,0.0,0.0,1.0,0.0,0.0,0.0,0.0,0.0,-1.9,0.0,0.5,0.0,0.0,16.0,25903.0
2026-07-30T19:00:25.119Z,194.602,194.616,0.0,7.4,0.0,0.0,0.0,0.0,0.0,0.0,0.0,0.0,1.0,0.0,0.0,0.0,9.0,4.0,0.0,0.0,0.0,0.0,0.0,0.0,0.0,0.0,5.0,12.0,1.0,12.15,5.0200000000000005,2.51,1.49,0.0,0.0,0.0,0.4,0.0,0.9,0.6000000000000001,-0.8,-169.60000000000002,0.0,0.0,169.60000000000002,0.0,21.8,29.6,29.6,30.200000000000003,300.0,300.0,31.3,35.300000000000004,29.5,28.700000000000003,30.6,4.95,1.99,4.97,0.16,0.0,0.0,1027.0,8228.0,0.0,0.0,0.0,0.0,0.0,1.0,0.0,0.0,0.0,0.0,0.0,0.0,0.0,0.8,0.0,0.0,16.0,25903.0
2026-07-30T19:00:25.131Z,194.614,194.628,0.0,7.4,0.0,0.0,0.0,0.0,0.0,0.0,0.0,0.0,1.0,0.0,0.0,0.0,9.0,4.0,0.0,0.0,0.0,0.0,0.0,0.0,0.0,0.0,6.0,12.0,1.0,12.15,5.0200000000000005,2.51,1.49,0.0,0.0,0.0,0.4,0.0,-0.2,-0.5,-0.8,-169.60000000000002,0.0,0.0,169.60000000000002,0.0,21.8,29.6,29.6,30.200000000000003,300.0,300.0,31.3,35.300000000000004,29.5,28.700000000000003,30.6,4.96,1.99,4.97,0.16,0.0,0.0,1027.0,8228.0,0.0,0.0,0.0,0.0,0.0,1.0,0.0,0.0,0.0,0.0,0.0,-1.2000000000000002,0.0,0.6000000000000001,0.0,0.0,16.0,25903.0
2026-07-30T19:00:25.143Z,194.626,194.64,0.0,7.4,0.0,0.0,0.0,0.0,0.0,0.0,0.0,0.0,1.0,0.0,0.0,0.0,9.0,4.0,0.0,0.0,0.0,0.0,0.0,0.0,0.0,0.0,2.0,12.0,1.0,12.15,5.0200000000000005,2.51,1.49,0.0,0.1,0.0,0.5,0.0,-0.2,-1.1,0.9,-169.60000000000002,0.0,0.0,169.70000000000002,0.0,21.8,29.6,29.6,30.200000000000003,300.0,300.0,31.3,35.300000000000004,29.5,28.700000000000003,30.6,4.96,1.99,4.96,0.16,0.0,0.0,1027.0,8228.0,0.0,0.0,0.0,0.0,0.0,1.0,0.0,0.0,0.0,0.0,0.0,-0.6000000000000001,0.0,-1.0,0.0,0.0,16.0,25903.0
2026-07-30T19:00:25.155Z,194.638,194.652,0.1,7.4,0.0,0.0,0.0,0.0,0.0,0.0,0.0,0.0,1.0,0.0,0.0,0.0,9.0,4.0,0.0,0.0,0.0,0.0,0.0,0.0,0.0,0.0,3.0,12.0,1.0,12.15,5.0200000000000005,2.51,1.49,0.0,0.1,0.0,0.4,0.0,0.9,0.0,-0.2,-169.60000000000002,0.0,0.0,169.60000000000002,0.0,21.8,29.6,29.6,30.200000000000003,300.0,300.0,31.3,35.300000000000004,29.5,28.700000000000003,30.6,4.96,1.99,4.97,0.16,0.0,0.0,1027.0,8228.0,0.0,0.0,0.0,0.0,0.0,1.0,0.0,0.0,0.0,0.0,0.0,-0.1,0.0,0.2,0.0,0.0001,16.0,25903.0
2026-07-30T19:00:25.168Z,194.651,194.664,0.1,7.4,0.0,0.0,0.0,0.0,0.0,0.0,0.0,0.0,1.0,0.0,0.0,0.0,9.0,4.0,0.0,0.0,0.0,0.0,0.0,0.0,0.0,0.0,4.0,12.0,1.0,12.15,5.0200000000000005,2.51,1.49,0.0,0.1,0.0,0.4,0.0,-0.8,0.0,-0.2,-169.60000000000002,0.0,0.0,169.70000000000002,0.0,21.8,29.6,29.6,30.200000000000003,300.0,300.0,31.3,35.300000000000004,29.5,28.700000000000003,30.6,4.95,2.0,4.97,0.16,0.0,0.0,1027.0,8228.0,0.0,0.0,0.0,0.0,0.0,1.0,0.0,0.0,0.0,0.0,0.0,0.0,0.0,0.2,0.0,0.0,16.0,25903.0
2026-07-30T19:00:25.179Z,194.662,194.676,0.0,7.4,0.0,0.0,0.0,0.0,0.0,0.0,0.0,0.0,1.0,0.0,0.0,0.0,9.0,4.0,0.0,0.0,0.0,0.0,0.0,0.0,0.0,0.0,5.0,12.0,1.0,12.15,5.0200000000000005,2.51,1.49,0.0,0.0,0.0,0.4,0.0,-0.8,0.0,-0.2,-169.60000000000002,0.0,0.0,169.70000000000002,0.0,21.8,29.6,29.6,30.200000000000003,300.0,300.0,31.3,35.300000000000004,29.5,28.700000000000003,30.6,4.96,2.0,4.97,0.16,0.0,0.0,1027.0,8228.0,0.0,0.0,0.0,0.0,0.0,1.0,0.0,0.0,0.0,0.0,0.0,-0.1,0.0,0.2,0.0,0.0,16.0,25903.0
2026-07-30T19:00:25.191Z,194.674,194.688,0.0,7.4,0.0,0.0,0.0,0.0,0.0,0.0,0.0,0.0,1.0,0.0,0.0,0.0,9.0,4.0,0.0,0.0,0.0,0.0,0.0,0.0,0.0,0.0,1.0,12.0,1.0,12.15,5.0200000000000005,2.51,1.49,0.0,0.0,0.0,0.4,0.0,-0.2,-1.1,-0.7000000000000001,-169.60000000000002,0.0,0.0,169.60000000000002,0.0,21.8,29.6,29.6,30.200000000000003,300.0,300.0,31.3,35.300000000000004,29.5,28.700000000000003,30.6,4.95,2.0,4.96,0.16,0.0,0.0,1027.0,8228.0,0.0,0.0,0.0,0.0,0.0,1.0,0.0,0.0,0.0,0.0,0.0,-1.8,0.0,0.4,0.0,0.0,16.0,25903.0
2026-07-30T19:00:25.203Z,194.686,194.7,0.0,7.4,0.0,0.0,0.0,0.0,0.0,0.0,0.0,0.0,1.0,0.0,0.0,0.0,9.0,4.0,0.0,0.0,0.0,0.0,0.0,0.0,0.0,0.0,2.0,12.0,1.0,12.15,5.0200000000000005,2.51,1.49,0.0,0.0,0.0,0.4,0.0,-0.3,0.6000000000000001,0.3,-169.60000000000002,0.0,0.0,169.60000000000002,0.0,21.8,29.6,29.6,30.200000000000003,300.0,300.0,31.3,35.300000000000004,29.5,28.700000000000003,30.6,4.95,1.99,4.97,0.16,0.0,0.0,1027.0,8228.0,0.0,0.0,0.0,0.0,0.0,1.0,0.0,0.0,0.0,0.0,0.0,0.9,0.0,-0.1,0.0,0.0,16.0,25903.0
2026-07-30T19:00:25.216Z,194.699,194.712,0.0,7.4,0.0,0.0,0.0,0.0,0.0,0.0,0.0,0.0,1.0,0.0,0.0,0.0,9.0,4.0,0.0,0.0,0.0,0.0,0.0,0.0,0.0,0.0,3.0,12.0,1.0,12.18,5.01,2.51,1.49,0.0,0.0,0.0,0.4,0.0,-0.2,0.0,-0.7000000000000001,-169.60000000000002,0.0,0.0,169.60000000000002,0.0,21.4,29.6,29.6,30.200000000000003,300.0,300.0,31.200000000000003,35.300000000000004,29.4,28.700000000000003,30.6,4.96,1.99,4.97,0.16,0.0,0.0,1027.0,8228.0,0.0,0.0,0.0,0.0,0.0,1.0,0.0,0.0,0.0,0.0,0.0,-0.5,0.0,0.6000000000000001,0.0,0.0,16.0,25903.0
2026-07-30T19:00:25.227Z,194.71,194.724,0.0,7.4,0.0,0.0,0.0,0.0,0.0,0.0,0.0,0.0,1.0,0.0,0.0,0.0,9.0,4.0,0.0,0.0,0.0,0.0,0.0,0.0,0.0,0.0,4.0,12.0,1.0,12.18,5.01,2.51,1.49,0.0,0.0,0.0,0.4,0.0,0.2,-0.5,-0.7000000000000001,-169.60000000000002,0.0,0.0,169.60000000000002,0.0,21.4,29.6,29.6,30.200000000000003,300.0,300.0,31.200000000000003,35.300000000000004,29.4,28.700000000000003,30.6,4.96,1.99,4.96,0.16,0.0,0.0,1027.0,8228.0,0.0,0.0,0.0,0.0,0.0,1.0,0.0,0.0,0.0,0.0,0.0,-1.1,0.0,0.5,0.0,0.0,16.0,25903.0
2026-07-30T19:00:25.239Z,194.722,194.736,0.0,7.4,0.0,0.0,0.0,0.0,0.0,0.0,0.0,0.0,1.0,0.0,0.0,0.0,9.0,4.0,0.0,0.0,0.0,0.0,0.0,0.0,0.0,0.0,5.0,12.0,1.0,12.18,5.01,2.51,1.49,0.0,0.0,0.0,0.4,0.0,-0.3,-0.5,0.4,-169.60000000000002,0.0,0.0,169.60000000000002,0.0,21.4,29.6,29.6,30.200000000000003,300.0,300.0,31.200000000000003,35.300000000000004,29.4,28.700000000000003,30.6,4.95,1.99,4.96,0.16,0.0,0.0,1027.0,8228.0,0.0,0.0,0.0,0.0,0.0,1.0,0.0,0.0,0.0,0.0,0.0,-0.2,0.0,-0.5,0.0,0.0,16.0,25903.0
2026-07-30T19:00:25.251Z,194.734,194.748,0.0,7.4,0.0,0.0,0.0,0.0,0.0,0.0,0.0,0.0,1.0,0.0,0.0,0.0,9.0,4.0,0.0,0.0,0.0,0.0,0.0,0.0,0.0,0.0,1.0,12.0,1.0,12.18,5.01,2.51,1.49,0.0,0.0,0.0,0.4,0.0,-0.3,-0.5,0.4,-169.60000000000002,0.0,0.0,169.60000000000002,0.0,21.4,29.6,29.6,30.200000000000003,300.0,300.0,31.200000000000003,35.300000000000004,29.4,28.700000000000003,30.6,4.95,2.0,4.97,0.16,0.0,0.0,1027.0,8228.0,0.0,0.0,0.0,0.0,0.0,1.0,0.0,0.0,0.0,0.0,0.0,0.6000000000000001,0.0,0.2,0.0,0.0,16.0,25903.0
2026-07-30T19:00:25.263Z,194.746,194.76,0.0,7.4,0.0,0.0,0.0,0.0,0.0,0.0,0.0,0.0,1.0,0.0,0.0,0.0,9.0,4.0,0.0,0.0,0.0,0.0,0.0,0.0,0.0,0.0,2.0,12.0,1.0,12.18,5.01,2.51,1.49,0.0,0.0,0.0,0.4,0.0,-0.3,0.6000000000000001,-0.1,-169.60000000000002,0.0,0.0,169.60000000000002,0.0,21.4,29.6,29.6,30.200000000000003,300.0,300.0,31.200000000000003,35.300000000000004,29.4,28.700000000000003,30.6,4.96,2.0,4.97,0.16,0.0,0.0,1027.0,8228.0,0.0,0.0,0.0,0.0,0.0,1.0,0.0,0.0,0.0,0.0,0.0,1.4,0.0,-0.7000000000000001,0.0,0.0,16.0,25903.0
2026-07-30T19:00:25.275Z,194.758,194.772,0.0,7.4,0.0,0.0,0.0,0.0,0.0,0.0,0.0,0.0,1.0,0.0,0.0,0.0,9.0,4.0,0.0,0.0,0.0,0.0,0.0,0.0,0.0,0.0,3.0,12.0,1.0,12.18,5.01,2.51,1.49,0.0,0.0,0.0,0.4,0.0,0.2,0.0,0.9,-169.60000000000002,0.0,0.0,169.60000000000002,0.0,21.4,29.6,29.6,30.200000000000003,300.0,300.0,31.200000000000003,35.300000000000004,29.4,28.700000000000003,30.6,4.95,2.0,4.97,0.16,0.0,0.0,1027.0,8228.0,0.0,0.0,0.0,0.0,0.0,1.0,0.0,0.0,0.0,0.0,0.0,1.1,0.0,-1.3,0.0,0.0,16.0,25903.0
2026-07-30T19:00:25.287Z,194.77,194.784,0.0,7.4,0.0,0.0,0.0,0.0,0.0,0.0,0.0,0.0,1.0,0.0,0.0,0.0,9.0,4.0,0.0,0.0,0.0,0.0,0.0,0.0,0.0,0.0,4.0,12.0,1.0,12.18,5.01,2.51,1.49,0.0,0.0,0.0,0.4,0.0,0.2,-1.2000000000000002,0.3,-169.60000000000002,0.0,0.0,169.60000000000002,0.0,21.4,29.6,29.6,30.200000000000003,300.0,300.0,31.200000000000003,35.300000000000004,29.4,28.700000000000003,30.6,4.96,1.99,4.97,0.16,0.0,0.0,1027.0,8228.0,0.0,0.0,0.0,0.0,0.0,1.0,0.0,0.0,0.0,0.0,0.0,-1.9,0.0,0.4,0.0,0.0,16.0,25903.0
2026-07-30T19:00:25.299Z,194.782,194.796,0.0,7.4,0.0,0.0,0.0,0.0,0.0,0.0,0.0,0.0,1.0,0.0,0.0,0.0,9.0,4.0,0.0,0.0,0.0,0.0,0.0,0.0,0.0,0.0,5.0,12.0,1.0,12.18,5.01,2.51,1.49,0.0,0.0,0.0,0.5,0.0,0.8,1.0,1.5,-169.60000000000002,0.0,0.0,169.70000000000002,0.0,21.4,29.6,29.6,30.200000000000003,300.0,300.0,31.200000000000003,35.300000000000004,29.4,28.700000000000003,30.6,4.96,2.0,4.96,0.16,0.0,0.0,1027.0,8228.0,0.0,0.0,0.0,0.0,0.0,1.0,0.0,0.0,0.0,0.0,0.0,2.3000000000000003,0.0,-1.1,0.0,0.0,16.0,25903.0
2026-07-30T19:00:25.311Z,194.794,194.808,0.0,7.4,0.0,0.0,0.0,0.0,0.0,0.0,0.0,0.0,1.0,0.0,0.0,0.0,9.0,4.0,0.0,0.0,0.0,0.0,0.0,0.0,0.0,0.0,6.0,12.0,1.0,12.18,5.01,2.51,1.49,0.0,0.1,0.0,0.4,0.0,-0.3,0.0,-0.1,-169.60000000000002,0.0,0.0,169.70000000000002,0.0,21.4,29.6,29.6,30.200000000000003,300.0,300.0,31.200000000000003,35.300000000000004,29.4,28.700000000000003,30.6,4.96,1.99,4.96,0.16,0.0,0.0,1027.0,8228.0,0.0,0.0,0.0,0.0,0.0,1.0,0.0,0.0,0.0,0.0,0.0,-0.2,0.0,0.1,0.0,0.0,16.0,25903.0
2026-07-30T19:00:25.323Z,194.806,194.82,0.0,7.4,0.0,0.0,0.0,0.0,0.0,0.0,0.0,0.0,1.0,0.0,0.0,0.0,9.0,4.0,0.0,0.0,0.0,0.0,0.0,0.0,0.0,0.0,2.0,12.0,1.0,12.19,5.01,2.5,1.49,0.0,0.0,0.0,0.4,0.0,-0.3,-0.6000000000000001,-0.1,-169.60000000000002,0.0,0.0,169.70000000000002,0.0,21.4,29.6,29.6,30.200000000000003,300.0,300.0,31.3,35.300000000000004,29.4,28.700000000000003,30.6,4.95,1.99,4.97,0.16,0.0,0.0,1027.0,8228.0,0.0,0.0,0.0,0.0,0.0,1.0,0.0,0.0,0.0,0.0,0.0,-0.7000000000000001,0.0,0.0,0.0,0.0,16.0,25903.0
2026-07-30T19:00:25.335Z,194.818,194.832,0.0,7.4,0.0,0.0,0.0,0.0,0.0,0.0,0.0,0.0,1.0,0.0,0.0,0.0,9.0,4.0,0.0,0.0,0.0,0.0,0.0,0.0,0.0,0.0,3.0,12.0,1.0,12.19,5.01,2.5,1.49,0.0,0.0,0.0,0.5,0.0,-0.2,0.0,0.0,-169.60000000000002,0.0,0.0,169.60000000000002,0.0,21.4,29.6,29.6,30.200000000000003,300.0,300.0,31.3,35.300000000000004,29.4,28.700000000000003,30.6,4.96,1.99,4.97,0.16,0.0,0.0,1027.0,8228.0,0.0,0.0,0.0,0.0,0.0,1.0,0.0,0.0,0.0,0.0,0.0,0.0,0.0,0.0,0.0,0.0001,16.0,25903.0
2026-07-30T19:00:25.347Z,194.83,194.844,0.0,7.4,0.0,0.0,0.0,0.0,0.0,0.0,0.0,0.0,1.0,0.0,0.0,0.0,9.0,4.0,0.0,0.0,0.0,0.0,0.0,0.0,0.0,0.0,5.0,12.0,1.0,12.19,5.01,2.5,1.49,0.0,0.1,0.0,0.4,0.0,-0.3,0.0,0.0,-169.60000000000002,0.0,0.0,169.70000000000002,0.0,21.4,29.6,29.6,30.200000000000003,300.0,300.0,31.3,35.300000000000004,29.4,28.700000000000003,30.6,4.96,2.0,4.97,0.16,0.0,0.0,1027.0,8228.0,0.0,0.0,0.0,0.0,0.0,1.0,0.0,0.0,0.0,0.0,0.0,0.0,0.0,0.0,0.0,0.0001,16.0,25903.0
2026-07-30T19:00:25.359Z,194.842,194.856,0.0,7.4,0.0,0.0,0.0,0.0,0.0,0.0,0.0,0.0,1.0,0.0,0.0,0.0,9.0,4.0,0.0,0.0,0.0,0.0,0.0,0.0,0.0,0.0,6.0,12.0,1.0,12.19,5.01,2.5,1.49,-0.1,0.1,0.0,0.4,0.0,0.2,0.6000000000000001,1.1,-169.60000000000002,0.0,0.0,169.60000000000002,0.0,21.4,29.6,29.6,30.200000000000003,300.0,300.0,31.3,35.300000000000004,29.4,28.700000000000003,30.6,4.96,1.99,4.97,0.16,0.0,0.0,1027.0,8228.0,0.0,0.0,0.0,0.0,0.0,1.0,0.0,0.0,0.0,0.0,0.0,1.5,0.0,-0.8,0.0,0.0,16.0,25903.0
2026-07-30T19:00:25.371Z,194.854,194.868,0.0,7.4,0.0,0.0,0.0,0.0,0.0,0.0,0.0,0.0,1.0,0.0,0.0,0.0,9.0,4.0,0.0,0.0,0.0,0.0,0.0,0.0,0.0,0.0,2.0,12.0,1.0,12.19,5.01,2.5,1.49,0.0,0.0,0.0,0.4,0.0,-0.2,0.0,0.0,-169.60000000000002,0.0,0.0,169.70000000000002,0.0,21.4,29.6,29.6,30.200000000000003,300.0,300.0,31.3,35.300000000000004,29.4,28.700000000000003,30.6,4.96,1.99,4.97,0.16,0.0,0.0,1027.0,8228.0,0.0,0.0,0.0,0.0,0.0,1.0,0.0,0.0,0.0,0.0,0.0,0.0,0.0,0.0,0.0,0.0,16.0,25903.0
2026-07-30T19:00:25.383Z,194.866,194.88,0.0,7.4,0.0,0.0,0.0,0.0,0.0,0.0,0.0,0.0,1.0,0.0,0.0,0.0,9.0,4.0,0.0,0.0,0.0,0.0,0.0,0.0,0.0,0.0,3.0,12.0,1.0,12.19,5.01,2.5,1.49,0.0,0.1,0.0,0.4,0.0,0.3,-0.4,0.0,-169.60000000000002,0.0,0.0,169.60000000000002,0.0,21.4,29.6,29.6,30.200000000000003,300.0,300.0,31.3,35.300000000000004,29.4,28.700000000000003,30.6,4.96,1.99,4.96,0.16,0.0,0.0,1027.0,8228.0,0.0,0.0,0.0,0.0,0.0,1.0,0.0,0.0,0.0,0.0,0.0,-0.6000000000000001,0.0,0.0,0.0,0.0,16.0,25903.0
2026-07-30T19:00:25.395Z,194.878,194.892,0.0,7.4,0.0,0.0,0.0,0.0,0.0,0.0,0.0,0.0,1.0,0.0,0.0,0.0,9.0,4.0,0.0,0.0,0.0,0.0,0.0,0.0,0.0,0.0,5.0,12.0,1.0,12.19,5.01,2.5,1.49,0.0,0.0,0.0,0.4,0.0,-0.8,0.6000000000000001,0.0,-169.60000000000002,0.0,0.0,169.70000000000002,0.0,21.4,29.6,29.6,30.200000000000003,300.0,300.0,31.3,35.300000000000004,29.4,28.700000000000003,30.6,4.96,1.99,4.97,0.16,0.0,0.0,1027.0,8228.0,0.0,0.0,0.0,0.0,0.0,1.0,0.0,0.0,0.0,0.0,0.0,0.6000000000000001,0.0,0.2,0.0,0.0,16.0,25903.0
2026-07-30T19:00:25.407Z,194.89,194.904,0.0,7.4,0.0,0.0,0.0,0.0,0.0,0.0,0.0,0.0,1.0,0.0,0.0,0.0,9.0,4.0,0.0,0.0,0.0,0.0,0.0,0.0,0.0,0.0,1.0,12.0,1.0,12.19,5.01,2.5,1.49,0.0,0.0,0.0,0.4,0.0,-0.2,1.2000000000000002,-1.2000000000000002,-169.60000000000002,0.0,0.0,169.60000000000002,0.0,21.4,29.6,29.6,30.200000000000003,300.0,300.0,31.3,35.300000000000004,29.4,28.700000000000003,30.6,4.95,2.0,4.97,0.16,0.0,0.0,1027.0,8228.0,0.0,0.0,0.0,0.0,0.0,1.0,0.0,0.0,0.0,0.0,0.0,0.4,0.0,1.3,0.0,0.0,16.0,25903.0
2026-07-30T19:00:25.433Z,194.916,194.916,0.0,7.4,0.0,0.0,0.0,0.0,0.0,0.0,0.0,0.0,1.0,0.0,0.0,0.0,9.0,4.0,0.0,0.0,0.0,0.0,0.0,0.0,0.0,0.0,2.0,12.0,1.0,12.18,5.01,2.51,1.49,0.0,0.0,0.0,0.4,0.0,-0.2,1.2000000000000002,1.0,-169.60000000000002,0.0,0.0,169.60000000000002,0.0,21.8,29.6,29.6,30.200000000000003,300.0,300.0,31.200000000000003,35.300000000000004,29.4,28.700000000000003,30.6,4.96,2.0,4.96,0.16,0.0,0.0,1027.0,8228.0,0.0,0.0,0.0,0.0,0.0,1.0,0.0,0.0,0.0,0.0,0.0,2.2,0.0,-0.6000000000000001,0.0,0.0,16.0,25903.0
2026-07-30T19:00:25.434Z,194.917,194.928,0.0,7.4,0.0,0.0,0.0,0.0,0.0,0.0,0.0,0.0,1.0,0.0,0.0,0.0,9.0,4.0,0.0,0.0,0.0,0.0,0.0,0.0,0.0,0.0,1.0,12.0,1.0,12.18,5.01,2.51,1.49,0.0,0.0,0.0,0.4,0.0,-0.8,0.0,-1.2000000000000002,-169.60000000000002,0.0,0.0,169.60000000000002,0.0,21.8,29.6,29.6,30.200000000000003,300.0,300.0,31.200000000000003,35.300000000000004,29.4,28.700000000000003,30.6,4.95,2.0,4.97,0.16,0.0,0.0,1027.0,8228.0,0.0,0.0,0.0,0.0,0.0,1.0,0.0,0.0,0.0,0.0,0.0,-0.8,0.0,1.1,0.0,0.0,16.0,25903.0
2026-07-30T19:00:25.443Z,194.926,194.94,0.0,7.4,0.0,0.0,0.0,0.0,0.0,0.0,0.0,0.0,1.0,0.0,0.0,0.0,9.0,4.0,0.0,0.0,0.0,0.0,0.0,0.0,0.0,0.0,6.0,12.0,1.0,12.18,5.01,2.51,1.49,0.0,0.0,0.0,0.5,0.0,0.3,0.0,0.0,-169.60000000000002,0.0,0.0,169.70000000000002,0.0,21.8,29.6,29.6,30.200000000000003,300.0,300.0,31.200000000000003,35.300000000000004,29.4,28.700000000000003,30.6,4.95,1.99,4.97,0.16,0.0,0.0,1027.0,8228.0,0.0,0.0,0.0,0.0,0.0,1.0,0.0,0.0,0.0,0.0,0.0,0.0,0.0,0.0,0.0,0.0,16.0,25903.0
2026-07-30T19:00:25.455Z,194.938,194.952,0.0,7.4,0.0,0.0,0.0,0.0,0.0,0.0,0.0,0.0,1.0,0.0,0.0,0.0,9.0,4.0,0.0,0.0,0.0,0.0,0.0,0.0,0.0,0.0,1.0,12.0,1.0,12.18,5.01,2.51,1.49,0.0,0.0,0.0,0.4,0.0,-0.8,0.6000000000000001,0.5,-169.60000000000002,0.0,0.0,169.70000000000002,0.0,21.8,29.6,29.6,30.200000000000003,300.0,300.0,31.200000000000003,35.300000000000004,29.4,28.700000000000003,30.6,4.95,1.99,4.97,0.16,0.0,0.0,1027.0,8228.0,0.0,0.0,0.0,0.0,0.0,1.0,0.0,0.0,0.0,0.0,0.0,1.1,0.0,-0.3,0.0,0.0,16.0,25903.0
2026-07-30T19:00:25.467Z,194.95,194.964,0.0,7.4,0.0,0.0,0.0,0.0,0.0,0.0,0.0,0.0,1.0,0.0,0.0,0.0,9.0,4.0,0.0,0.0,0.0,0.0,0.0,0.0,0.0,0.0,2.0,12.0,1.0,12.18,5.01,2.51,1.49,0.0,0.0,0.0,0.4,0.0,-0.8,-0.5,1.1,-169.60000000000002,0.0,0.0,169.8,0.0,21.8,29.6,29.6,30.200000000000003,300.0,300.0,31.200000000000003,35.300000000000004,29.4,28.700000000000003,30.6,4.96,1.99,4.96,0.16,0.0,0.0,1027.0,8228.0,0.0,0.0,0.0,0.0,0.0,1.0,0.0,0.0,0.0,0.0,0.0,0.2,0.0,-1.1,0.0,0.0,16.0,25903.0
2026-07-30T19:00:25.479Z,194.962,194.976,0.0,7.4,0.0,0.0,0.0,0.0,0.0,0.0,0.0,0.0,1.0,0.0,0.0,0.0,9.0,4.0,0.0,0.0,0.0,0.0,0.0,0.0,0.0,0.0,4.0,12.0,1.0,12.18,5.01,2.51,1.49,0.0,0.0,0.0,0.4,0.0,0.3,-0.5,1.7000000000000002,-169.60000000000002,0.0,0.0,169.70000000000002,0.0,21.8,29.6,29.6,30.200000000000003,300.0,300.0,31.200000000000003,35.300000000000004,29.4,28.700000000000003,30.6,4.96,2.0,4.97,0.16,0.0,0.0,1027.0,8228.0,0.0,0.0,0.0,0.0,0.0,1.0,0.0,0.0,0.0,0.0,0.0,0.6000000000000001,0.0,-1.6,0.0,0.0001,16.0,25903.0
2026-07-30T19:00:25.491Z,194.974,194.988,0.0,7.4,0.0,0.0,0.0,0.0,0.0,0.0,0.0,0.0,1.0,0.0,0.0,0.0,9.0,4.0,0.0,0.0,0.0,0.0,0.0,0.0,0.0,0.0,4.0,12.0,1.0,12.18,5.01,2.51,1.49,0.0,0.0,0.0,0.4,0.0,-0.2,0.6000000000000001,0.0,-169.60000000000002,0.0,0.0,169.70000000000002,0.0,21.8,29.6,29.6,30.200000000000003,300.0,300.0,31.200000000000003,35.300000000000004,29.4,28.700000000000003,30.6,4.96,1.99,4.97,0.16,0.0,0.0,1027.0,8228.0,0.0,0.0,0.0,0.0,0.0,1.0,0.0,0.0,0.0,0.0,0.0,0.6000000000000001,0.0,0.1,0.0,0.0,16.0,25903.0
2026-07-30T19:00:25.503Z,194.986,195.0,0.0,7.4,0.0,0.0,0.0,0.0,0.0,0.0,0.0,0.0,1.0,0.0,0.0,0.0,9.0,4.0,0.0,0.0,0.0,0.0,0.0,0.0,0.0,0.0,6.0,12.0,1.0,12.18,5.01,2.51,1.49,0.0,0.0,0.0,0.5,0.0,0.3,0.0,0.0,-169.60000000000002,0.0,0.0,169.70000000000002,0.0,21.8,29.6,29.6,30.200000000000003,300.0,300.0,31.200000000000003,35.300000000000004,29.4,28.700000000000003,30.6,4.96,2.0,4.97,0.16,0.0,0.0,1027.0,8228.0,0.0,0.0,0.0,0.0,0.0,1.0,0.0,0.0,0.0,0.0,0.0,0.0,0.0,0.0,0.0,0.0,16.0,25903.0
2026-07-30T19:00:25.515Z,194.998,195.012,0.0,7.4,0.0,0.0,0.0,0.0,0.0,0.0,0.0,0.0,1.0,0.0,0.0,0.0,9.0,4.0,0.0,0.0,0.0,0.0,0.0,0.0,0.0,0.0,1.0,12.0,1.0,12.18,5.01,2.51,1.49,0.0,0.0,0.0,0.4,0.0,-0.2,0.0,0.5,-169.60000000000002,0.0,0.0,169.70000000000002,0.0,21.8,29.6,29.6,30.200000000000003,300.0,300.0,31.200000000000003,35.300000000000004,29.4,28.700000000000003,30.6,4.96,2.0,4.96,0.16,0.0,0.0,1027.0,8228.0,0.0,0.0,0.0,0.0,0.0,1.0,0.0,0.0,0.0,0.0,0.0,0.4,0.0,-0.4,0.0,0.0,16.0,25903.0
2026-07-30T19:00:25.527Z,195.01,195.024,0.0,7.4,0.0,0.0,0.0,0.0,0.0,0.0,0.0,0.0,1.0,0.0,0.0,0.0,9.0,4.0,0.0,0.0,0.0,0.0,0.0,0.0,0.0,0.0,3.0,12.0,1.0,12.17,5.0200000000000005,2.5,1.49,0.0,0.0,0.0,0.5,0.0,-0.2,-1.1,0.0,-169.60000000000002,0.0,0.0,169.60000000000002,0.0,21.4,29.6,29.6,30.200000000000003,300.0,300.0,31.3,35.300000000000004,29.5,28.700000000000003,30.5,4.95,1.99,4.96,0.16,0.0,0.0,1027.0,8228.0,0.0,0.0,0.0,0.0,0.0,1.0,0.0,0.0,0.0,0.0,0.0,-1.2000000000000002,0.0,-0.2,0.0,0.0,16.0,25903.0
2026-07-30T19:00:25.539Z,195.022,195.036,0.0,7.4,0.0,0.0,0.0,0.0,0.0,0.0,0.0,0.0,1.0,0.0,0.0,0.0,9.0,4.0,0.0,0.0,0.0,0.0,0.0,0.0,0.0,0.0,4.0,12.0,1.0,12.17,5.0200000000000005,2.5,1.49,0.0,0.0,0.0,0.4,0.0,-0.8,0.0,0.0,-169.60000000000002,0.0,0.0,169.60000000000002,0.0,21.4,29.6,29.6,30.200000000000003,300.0,300.0,31.3,35.300000000000004,29.5,28.700000000000003,30.5,4.95,1.99,4.96,0.16,0.0,0.0,1027.0,8228.0,0.0,0.0,0.0,0.0,0.0,1.0,0.0,0.0,0.0,0.0,0.0,0.0,0.0,0.0,0.0,0.0,16.0,25903.0
2026-07-30T19:00:25.551Z,195.034,195.048,0.0,7.4,0.0,0.0,0.0,0.0,0.0,0.0,0.0,0.0,1.0,0.0,0.0,0.0,9.0,4.0,0.0,0.0,0.0,0.0,0.0,0.0,0.0,0.0,5.0,12.0,1.0,12.17,5.0200000000000005,2.5,1.49,0.0,0.0,0.0,0.4,0.0,0.3,0.0,1.0,-169.60000000000002,0.0,0.0,169.60000000000002,0.0,21.4,29.6,29.6,30.200000000000003,300.0,300.0,31.3,35.300000000000004,29.5,28.700000000000003,30.5,4.96,1.99,4.96,0.16,0.0,0.0,1027.0,8228.0,0.0,0.0,0.0,0.0,0.0,1.0,0.0,0.0,0.0,0.0,0.0,0.7000000000000001,0.0,-0.9,0.0,0.0,16.0,25903.0
2026-07-30T19:00:25.563Z,195.046,195.06,0.0,7.4,0.0,0.0,0.0,0.0,0.0,0.0,0.0,0.0,1.0,0.0,0.0,0.0,9.0,4.0,0.0,0.0,0.0,0.0,0.0,0.0,0.0,0.0,6.0,12.0,1.0,12.17,5.0200000000000005,2.5,1.49,0.0,0.0,0.0,0.4,0.0,0.3,0.0,0.5,-169.60000000000002,0.0,0.0,169.60000000000002,0.0,21.4,29.6,29.6,30.200000000000003,300.0,300.0,31.3,35.300000000000004,29.5,28.700000000000003,30.5,4.95,1.99,4.96,0.16,0.0,0.0,1027.0,8228.0,0.0,0.0,0.0,0.0,0.0,1.0,0.0,0.0,0.0,0.0,0.0,0.3,0.0,-0.4,0.0,0.0,16.0,25903.0
2026-07-30T19:00:25.575Z,195.058,195.072,0.0,7.4,0.0,0.0,0.0,0.0,0.0,0.0,0.0,0.0,1.0,0.0,0.0,0.0,9.0,4.0,0.0,0.0,0.0,0.0,0.0,0.0,0.0,0.0,1.0,12.0,1.0,12.17,5.0200000000000005,2.5,1.49,0.0,0.0,0.0,0.4,0.0,-0.2,-0.6000000000000001,1.0,-169.60000000000002,0.0,0.0,169.70000000000002,0.0,21.4,29.6,29.6,30.200000000000003,300.0,300.0,31.3,35.300000000000004,29.5,28.700000000000003,30.5,4.96,1.99,4.96,0.16,0.0,0.0,1027.0,8228.0,0.0,0.0,0.0,0.0,0.0,1.0,0.0,0.0,0.0,0.0,0.0,0.0,0.0,-1.1,0.0,0.0,16.0,25903.0
2026-07-30T19:00:25.587Z,195.07,195.084,0.0,7.4,0.0,0.0,0.0,0.0,0.0,0.0,0.0,0.0,1.0,0.0,0.0,0.0,9.0,4.0,0.0,0.0,0.0,0.0,0.0,0.0,0.0,0.0,2.0,12.0,1.0,12.17,5.0200000000000005,2.5,1.49,0.0,0.0,0.0,0.5,0.0,-0.2,0.4,0.0,-169.60000000000002,0.0,0.0,169.70000000000002,0.0,21.4,29.6,29.6,30.200000000000003,300.0,300.0,31.3,35.300000000000004,29.5,28.700000000000003,30.5,4.96,2.0,4.96,0.16,0.0,0.0,1027.0,8228.0,0.0,0.0,0.0,0.0,0.0,1.0,0.0,0.0,0.0,0.0,0.0,0.4,0.0,0.1,0.0,0.0001,16.0,25903.0
2026-07-30T19:00:25.599Z,195.082,195.096,0.0,7.4,0.0,0.0,0.0,0.0,0.0,0.0,0.0,0.0,1.0,0.0,0.0,0.0,9.0,4.0,0.0,0.0,0.0,0.0,0.0,0.0,0.0,0.0,3.0,12.0,1.0,12.17,5.0200000000000005,2.5,1.49,0.0,0.0,0.0,0.4,0.0,0.3,0.5,1.6,-169.60000000000002,0.0,0.0,169.60000000000002,0.0,21.4,29.6,29.6,30.200000000000003,300.0,300.0,31.3,35.300000000000004,29.5,28.700000000000003,30.5,4.95,1.99,4.96,0.16,0.0,0.0,1027.0,8228.0,0.0,0.0,0.0,0.0,0.0,1.0,0.0,0.0,0.0,0.0,0.0,1.8,0.0,-1.3,0.0,0.0,16.0,25903.0
2026-07-30T19:00:25.611Z,195.094,195.108,0.0,7.4,0.0,0.0,0.0,0.0,0.0,0.0,0.0,0.0,1.0,0.0,0.0,0.0,9.0,4.0,0.0,0.0,0.0,0.0,0.0,0.0,0.0,0.0,4.0,12.0,1.0,12.17,5.0200000000000005,2.5,1.49,0.0,0.0,0.0,0.4,0.0,0.3,0.0,1.6,-169.60000000000002,0.0,0.0,169.60000000000002,0.0,21.4,29.6,29.6,30.200000000000003,300.0,300.0,31.3,35.300000000000004,29.5,28.700000000000003,30.5,4.95,1.99,4.97,0.17,0.0,0.0,1027.0,8228.0,0.0,0.0,0.0,0.0,0.0,1.0,0.0,0.0,0.0,0.0,0.0,1.1,0.0,-1.4,0.0,0.0,16.0,25903.0
2026-07-30T19:00:25.624Z,195.107,195.12,0.0,7.4,0.0,0.0,0.0,0.0,0.0,0.0,0.0,0.0,1.0,0.0,0.0,0.0,9.0,4.0,0.0,0.0,0.0,0.0,0.0,0.0,0.0,0.0,5.0,12.0,1.0,12.17,5.01,2.51,1.49,0.0,0.0,0.0,0.4,0.0,0.3,0.0,0.0,-169.60000000000002,0.0,0.0,169.70000000000002,0.0,21.700000000000003,29.6,29.6,30.200000000000003,300.0,300.0,31.200000000000003,35.2,29.4,28.700000000000003,30.5,4.96,1.99,4.96,0.17,0.0,0.0,1027.0,8228.0,0.0,0.0,0.0,0.0,0.0,1.0,0.0,0.0,0.0,0.0,0.0,0.0,0.0,0.0,0.0,0.0001,16.0,25903.0
2026-07-30T19:00:25.636Z,195.119,195.132,0.0,7.4,0.0,0.0,0.0,0.0,0.0,0.0,0.0,0.0,1.0,0.0,0.0,0.0,9.0,4.0,0.0,0.0,0.0,0.0,0.0,0.0,0.0,0.0,6.0,12.0,1.0,12.17,5.01,2.51,1.49,0.0,0.0,0.0,0.4,0.0,-0.8,-0.5,-0.1,-169.60000000000002,0.0,0.0,169.60000000000002,0.0,21.700000000000003,29.6,29.6,30.200000000000003,300.0,300.0,31.200000000000003,35.2,29.4,28.700000000000003,30.5,4.96,1.99,4.97,0.16,0.0,0.0,1027.0,8228.0,0.0,0.0,0.0,0.0,0.0,1.0,0.0,0.0,0.0,0.0,0.0,-0.7000000000000001,0.0,0.0,0.0,0.0,16.0,25903.0
2026-07-30T19:00:25.648Z,195.131,195.144,0.0,7.4,0.0,0.0,0.0,0.0,0.0,0.0,0.0,0.0,1.0,0.0,0.0,0.0,9.0,4.0,0.0,0.0,0.0,0.0,0.0,0.0,0.0,0.0,1.0,12.0,1.0,12.17,5.01,2.51,1.49,0.0,0.0,0.0,0.4,0.0,-0.8,0.6000000000000001,0.0,-169.60000000000002,0.0,0.0,169.60000000000002,0.0,21.700000000000003,29.6,29.6,30.200000000000003,300.0,300.0,31.200000000000003,35.2,29.4,28.700000000000003,30.5,4.95,1.99,4.97,0.17,0.0,0.0,1027.0,8228.0,0.0,0.0,0.0,0.0,0.0,1.0,0.0,0.0,0.0,0.0,0.0,0.6000000000000001,0.0,0.2,0.0,0.0,16.0,25903.0
2026-07-30T19:00:25.659Z,195.142,195.156,0.0,7.4,0.0,0.0,0.0,0.0,0.0,0.0,0.0,0.0,1.0,0.0,0.0,0.0,9.0,4.0,0.0,0.0,0.0,0.0,0.0,0.0,0.0,0.0,2.0,12.0,1.0,12.17,5.01,2.51,1.49,0.0,0.0,0.0,0.4,0.0,-0.7000000000000001,0.6000000000000001,0.4,-169.60000000000002,0.0,0.0,169.60000000000002,0.0,21.700000000000003,29.6,29.6,30.200000000000003,300.0,300.0,31.200000000000003,35.2,29.4,28.700000000000003,30.5,4.95,1.99,4.96,0.16,0.0,0.0,1027.0,8228.0,0.0,0.0,0.0,0.0,0.0,1.0,0.0,0.0,0.0,0.0,0.0,1.1,0.0,-0.3,0.0,0.0,16.0,25903.0
2026-07-30T19:00:25.671Z,195.154,195.168,0.0,7.4,0.0,0.0,0.0,0.0,0.0,0.0,0.0,0.0,1.0,0.0,0.0,0.0,9.0,4.0,0.0,0.0,0.0,0.0,0.0,0.0,0.0,0.0,4.0,12.0,1.0,12.17,5.01,2.51,1.49,0.0,0.0,0.0,0.4,0.0,-0.2,0.6000000000000001,-1.2000000000000002,-169.60000000000002,0.0,0.0,169.60000000000002,0.0,21.700000000000003,29.6,29.6,30.200000000000003,300.0,300.0,31.200000000000003,35.2,29.4,28.700000000000003,30.5,4.95,2.0,4.96,0.16,0.0,0.0,1027.0,8228.0,0.0,0.0,0.0,0.0,0.0,1.0,0.0,0.0,0.0,0.0,0.0,-0.2,0.0,1.2000000000000002,0.0,0.0,16.0,25903.0
2026-07-30T19:00:25.683Z,195.166,195.18,0.0,7.4,0.0,0.0,0.0,0.0,0.0,0.0,0.0,0.0,1.0,0.0,0.0,0.0,9.0,4.0,0.0,0.0,0.0,0.0,0.0,0.0,0.0,0.0,5.0,12.0,1.0,12.17,5.01,2.51,1.49,0.0,0.0,0.0,0.4,0.0,0.4,0.0,-0.6000000000000001,-169.60000000000002,0.0,0.0,169.70000000000002,0.0,21.700000000000003,29.6,29.6,30.200000000000003,300.0,300.0,31.200000000000003,35.2,29.4,28.700000000000003,30.5,4.95,1.99,4.97,0.16,0.0,0.0,1027.0,8228.0,0.0,0.0,0.0,0.0,0.0,1.0,0.0,0.0,0.0,0.0,0.0,-0.4,0.0,0.6000000000000001,0.0,0.0,16.0,25903.0
2026-07-30T19:00:25.695Z,195.178,195.192,0.0,7.4,0.0,0.0,0.0,0.0,0.0,0.0,0.0,0.0,1.0,0.0,0.0,0.0,9.0,4.0,0.0,0.0,0.0,0.0,0.0,0.0,0.0,0.0,6.0,12.0,1.0,12.17,5.01,2.51,1.49,0.0,0.0,0.0,0.4,0.0,0.4,1.1,0.4,-169.60000000000002,0.0,0.0,169.60000000000002,0.0,21.700000000000003,29.6,29.6,30.200000000000003,300.0,300.0,31.200000000000003,35.2,29.4,28.700000000000003,30.5,4.95,1.99,4.97,0.16,0.0,0.0,1027.0,8228.0,0.0,0.0,0.0,0.0,0.0,1.0,0.0,0.0,0.0,0.0,0.0,1.6,0.0,-0.1,0.0,0.0,16.0,25903.0
2026-07-30T19:00:25.707Z,195.19,195.204,0.0,7.4,0.0,0.0,0.0,0.0,0.0,0.0,0.0,0.0,1.0,0.0,0.0,0.0,9.0,4.0,0.0,0.0,0.0,0.0,0.0,0.0,0.0,0.0,1.0,12.0,1.0,12.17,5.01,2.51,1.49,0.0,0.0,0.0,0.4,0.0,-0.2,-0.5,0.4,-169.60000000000002,0.0,0.0,169.60000000000002,0.0,21.700000000000003,29.6,29.6,30.200000000000003,300.0,300.0,31.200000000000003,35.2,29.4,28.700000000000003,30.5,4.95,1.99,4.96,0.16,0.0,0.0,1027.0,8228.0,0.0,0.0,0.0,0.0,0.0,1.0,0.0,0.0,0.0,0.0,0.0,-0.3,0.0,-0.4,0.0,0.0,16.0,25903.0
2026-07-30T19:00:25.719Z,195.202,195.216,0.0,7.4,0.0,0.0,0.0,0.0,0.0,0.0,0.0,0.0,1.0,0.0,0.0,0.0,9.0,4.0,0.0,0.0,0.0,0.0,0.0,0.0,0.0,0.0,2.0,12.0,1.0,12.17,5.01,2.51,1.49,0.0,0.0,0.0,0.4,0.0,0.9,0.0,2.2,-169.60000000000002,0.0,0.0,169.60000000000002,0.0,21.700000000000003,29.6,29.6,30.200000000000003,300.0,300.0,31.200000000000003,35.2,29.4,28.700000000000003,30.5,4.95,1.99,4.97,0.16,0.0,0.0,1027.0,8228.0,0.0,0.0,0.0,0.0,0.0,1.0,0.0,0.0,0.0,0.0,0.0,1.7000000000000002,0.0,-1.9,0.0,0.0,16.0,25903.0
2026-07-30T19:00:25.732Z,195.215,195.228,0.0,7.4,0.0,0.0,0.0,0.0,0.0,0.0,0.0,0.0,1.0,0.0,0.0,0.0,9.0,4.0,0.0,0.0,0.0,0.0,0.0,0.0,0.0,0.0,3.0,12.0,1.0,12.18,5.0200000000000005,2.51,1.5,0.0,0.0,0.0,0.4,0.0,0.3,0.0,-0.7000000000000001,-169.60000000000002,0.0,0.0,169.60000000000002,0.0,20.9,29.6,29.6,30.200000000000003,300.0,300.0,31.3,35.2,29.4,28.700000000000003,30.5,4.95,1.99,4.96,0.16,0.0,0.0,1027.0,8228.0,0.0,0.0,0.0,0.0,0.0,1.0,0.0,0.0,0.0,0.0,0.0,-0.5,0.0,0.6000000000000001,0.0,0.0,16.0,25903.0
2026-07-30T19:00:25.748Z,195.231,195.24,0.0,7.4,0.0,0.0,0.0,0.0,0.0,0.0,0.0,0.0,1.0,0.0,0.0,0.0,9.0,4.0,0.0,0.0,0.0,0.0,0.0,0.0,0.0,0.0,3.0,12.0,1.0,12.18,5.0200000000000005,2.51,1.5,0.0,0.1,0.0,0.4,0.0,0.3,0.0,0.4,-169.60000000000002,0.0,0.0,169.60000000000002,0.0,20.9,29.6,29.6,30.200000000000003,300.0,300.0,31.3,35.2,29.4,28.700000000000003,30.5,4.95,2.0,4.96,0.16,0.0,0.0,1027.0,8228.0,0.0,0.0,0.0,0.0,0.0,1.0,0.0,0.0,0.0,0.0,0.0,-0.9,0.0,1.1,0.0,0.0,16.0,25903.0
2026-07-30T19:00:25.755Z,195.238,195.252,0.0,7.4,0.0,0.0,0.0,0.0,0.0,0.0,0.0,0.0,1.0,0.0,0.0,0.0,9.0,4.0,0.0,0.0,0.0,0.0,0.0,0.0,0.0,0.0,1.0,12.0,1.0,12.18,5.0200000000000005,2.51,1.5,0.0,0.0,0.0,0.4,0.0,-0.8,-1.1,1.0,-169.60000000000002,0.0,0.0,169.60000000000002,0.0,20.9,29.6,29.6,30.200000000000003,300.0,300.0,31.3,35.2,29.4,28.700000000000003,30.5,4.95,2.0,4.96,0.16,0.0,0.0,1027.0,8228.0,0.0,0.0,0.0,0.0,0.0,1.0,0.0,0.0,0.0,0.0,0.0,-0.4,0.0,-1.1,0.0,0.0,16.0,25903.0
2026-07-30T19:00:25.767Z,195.25,195.264,0.0,7.4,0.0,0.0,0.0,0.0,0.0,0.0,0.0,0.0,1.0,0.0,0.0,0.0,9.0,4.0,0.0,0.0,0.0,0.0,0.0,0.0,0.0,0.0,2.0,12.0,1.0,12.18,5.0200000000000005,2.51,1.5,0.0,0.0,0.0,0.4,0.0,0.3,-0.5,-0.1,-169.60000000000002,0.0,0.0,169.70000000000002,0.0,20.9,29.6,29.6,30.200000000000003,300.0,300.0,31.3,35.2,29.4,28.700000000000003,30.5,4.95,1.99,4.97,0.16,0.0,0.0,1027.0,8228.0,0.0,0.0,0.0,0.0,0.0,1.0,0.0,0.0,0.0,0.0,0.0,-1.6,0.0,1.0,0.0,0.0,16.0,25903.0
2026-07-30T19:00:25.779Z,195.262,195.276,0.0,7.4,0.0,0.0,0.0,0.0,0.0,0.0,0.0,0.0,1.0,0.0,0.0,0.0,9.0,4.0,0.0,0.0,0.0,0.0,0.0,0.0,0.0,0.0,3.0,12.0,1.0,12.18,5.0200000000000005,2.51,1.5,0.0,0.1,0.0,0.4,0.0,0.3,0.0,-0.7000000000000001,-169.60000000000002,0.0,0.0,169.60000000000002,0.0,20.9,29.6,29.6,30.200000000000003,300.0,300.0,31.3,35.2,29.4,28.700000000000003,30.5,4.95,2.0,4.96,0.16,0.0,0.0,1027.0,8228.0,0.0,0.0,0.0,0.0,0.0,1.0,0.0,0.0,0.0,0.0,0.0,-1.1,0.0,0.5,0.0,0.0,16.0,25903.0
2026-07-30T19:00:25.791Z,195.274,195.288,0.0,7.4,0.0,0.0,0.0,0.0,0.0,0.0,0.0,0.0,1.0,0.0,0.0,0.0,9.0,4.0,0.0,0.0,0.0,0.0,0.0,0.0,0.0,0.0,5.0,12.0,1.0,12.18,5.0200000000000005,2.51,1.5,0.0,0.0,0.0,0.4,0.0,0.3,1.2000000000000002,-0.7000000000000001,-169.60000000000002,0.0,0.0,169.60000000000002,0.0,20.9,29.6,29.6,30.200000000000003,300.0,300.0,31.3,35.2,29.4,28.700000000000003,30.5,4.96,1.99,4.96,0.16,0.0,0.0,1027.0,8228.0,0.0,0.0,0.0,0.0,0.0,1.0,0.0,0.0,0.0,0.0,0.0,1.0,0.0,-0.2,0.0,0.0,16.0,25903.0
2026-07-30T19:00:25.803Z,195.286,195.3,0.0,7.4,0.0,0.0,0.0,0.0,0.0,0.0,0.0,0.0,1.0,0.0,0.0,0.0,9.0,4.0,0.0,0.0,0.0,0.0,0.0,0.0,0.0,0.0,6.0,12.0,1.0,12.18,5.0200000000000005,2.51,1.5,0.0,0.0,0.0,0.4,0.0,-0.2,-0.5,-0.7000000000000001,-169.60000000000002,0.0,0.0,169.60000000000002,0.0,20.9,29.6,29.6,30.200000000000003,300.0,300.0,31.3,35.2,29.4,28.700000000000003,30.5,4.95,1.99,4.97,0.16,0.0,0.0,1027.0,8228.0,0.0,0.0,0.0,0.0,0.0,1.0,0.0,0.0,0.0,0.0,0.0,1.2000000000000002,0.0,0.3,0.0,0.0,16.0,25903.0
2026-07-30T19:00:25.815Z,195.298,195.312,0.0,7.4,0.0,0.0,0.0,0.0,0.0,0.0,0.0,0.0,1.0,0.0,0.0,0.0,9.0,4.0,0.0,0.0,0.0,0.0,0.0,0.0,0.0,0.0,1.0,12.0,1.0,12.18,5.0200000000000005,2.51,1.5,0.0,0.0,0.0,0.4,0.0,0.9,0.6000000000000001,0.4,-169.60000000000002,0.0,0.0,169.70000000000002,0.0,20.9,29.6,29.6,30.200000000000003,300.0,300.0,31.3,35.2,29.4,28.700000000000003,30.5,4.96,1.99,4.96,0.16,0.0,0.0,1027.0,8228.0,0.0,0.0,0.0,0.0,0.0,1.0,0.0,0.0,0.0,0.0,0.0,1.0,0.0,-0.2,0.0,0.0,16.0,25903.0
2026-07-30T19:00:25.828Z,195.311,195.324,0.0,7.4,0.0,0.0,0.0,0.0,0.0,0.0,0.0,0.0,1.0,0.0,0.0,0.0,9.0,4.0,0.0,0.0,0.0,0.0,0.0,0.0,0.0,0.0,2.0,12.0,1.0,12.17,5.01,2.51,1.49,0.0,0.0,0.0,0.4,0.0,-0.2,0.6000000000000001,2.1,-169.60000000000002,0.0,0.0,169.70000000000002,0.0,21.700000000000003,29.6,29.6,30.200000000000003,300.0,300.0,31.3,35.2,29.5,28.700000000000003,30.5,4.96,1.99,4.96,0.16,0.0,0.0,1027.0,8228.0,0.0,0.0,0.0,0.0,0.0,1.0,0.0,0.0,0.0,0.0,0.0,2.3000000000000003,0.0,-1.7000000000000002,0.0,0.0001,16.0,25903.0
2026-07-30T19:00:25.839Z,195.322,195.336,0.0,7.4,0.0,0.0,0.0,0.0,0.0,0.0,0.0,0.0,1.0,0.0,0.0,0.0,9.0,4.0,0.0,0.0,0.0,0.0,0.0,0.0,0.0,0.0,3.0,12.0,1.0,12.17,5.01,2.51,1.49,0.0,0.0,0.0,0.4,0.0,-0.8,-0.5,-0.7000000000000001,-169.60000000000002,0.0,0.0,169.70000000000002,0.0,21.700000000000003,29.6,29.6,30.200000000000003,300.0,300.0,31.3,35.2,29.5,28.700000000000003,30.5,4.95,1.99,4.96,0.16,0.0,0.0,1027.0,8228.0,0.0,0.0,0.0,0.0,0.0,1.0,0.0,0.0,0.0,0.0,0.0,-1.1,0.0,0.5,0.0,0.0,16.0,25903.0
2026-07-30T19:00:25.851Z,195.334,195.348,0.0,7.4,0.0,0.0,0.0,0.0,0.0,0.0,0.0,0.0,1.0,0.0,0.0,0.0,9.0,4.0,0.0,0.0,0.0,0.0,0.0,0.0,0.0,0.0,4.0,12.0,1.0,12.17,5.01,2.51,1.49,0.0,0.0,0.0,0.4,0.0,0.4,0.7000000000000001,1.0,-169.60000000000002,0.0,0.0,169.60000000000002,0.0,21.700000000000003,29.6,29.6,30.200000000000003,300.0,300.0,31.3,35.2,29.5,28.700000000000003,30.5,4.95,1.99,4.97,0.16,0.0,0.0,1027.0,8228.0,0.0,0.0,0.0,0.0,0.0,1.0,0.0,0.0,0.0,0.0,0.0,1.6,0.0,-0.7000000000000001,0.0,0.0,16.0,25903.0
2026-07-30T19:00:25.863Z,195.346,195.36,0.0,7.4,0.0,0.0,0.0,0.0,0.0,0.0,0.0,0.0,1.0,0.0,0.0,0.0,9.0,4.0,0.0,0.0,0.0,0.0,0.0,0.0,0.0,0.0,5.0,12.0,1.0,12.17,5.01,2.51,1.49,0.0,0.0,0.0,0.4,0.0,-0.1,-0.4,-1.2000000000000002,-169.60000000000002,0.0,0.0,169.60000000000002,0.0,21.700000000000003,29.6,29.6,30.200000000000003,300.0,300.0,31.3,35.2,29.5,28.700000000000003,30.5,4.96,1.99,4.96,0.16,0.0,0.0,1027.0,8228.0,0.0,0.0,0.0,0.0,0.0,1.0,0.0,0.0,0.0,0.0,0.0,-1.4,0.0,1.0,0.0,0.0,16.0,25903.0
2026-07-30T19:00:25.875Z,195.358,195.372,0.0,7.4,0.0,0.0,0.0,0.0,0.0,0.0,0.0,0.0,1.0,0.0,0.0,0.0,9.0,4.0,0.0,0.0,0.0,0.0,0.0,0.0,0.0,0.0,6.0,12.0,1.0,12.17,5.01,2.51,1.49,0.0,0.0,0.0,0.4,0.0,-0.7000000000000001,-0.4,-1.8,-169.60000000000002,0.0,0.0,169.60000000000002,0.0,21.700000000000003,29.6,29.6,30.200000000000003,300.0,300.0,31.3,35.2,29.5,28.700000000000003,30.5,4.96,1.99,4.97,0.16,0.0,0.0,1027.0,8228.0,0.0,0.0,0.0,0.0,0.0,1.0,0.0,0.0,0.0,0.0,0.0,-1.8,0.0,1.4,0.0,0.0,16.0,25903.0
2026-07-30T19:00:25.887Z,195.37,195.384,0.0,7.4,0.0,0.0,0.0,0.0,0.0,0.0,0.0,0.0,1.0,0.0,0.0,0.0,9.0,4.0,0.0,0.0,0.0,0.0,0.0,0.0,0.0,0.0,1.0,12.0,1.0,12.17,5.01,2.51,1.49,0.0,0.0,0.0,0.4,0.0,0.3,0.7000000000000001,0.0,-169.60000000000002,0.0,0.0,169.60000000000002,0.0,21.700000000000003,29.6,29.6,30.200000000000003,300.0,300.0,31.3,35.2,29.5,28.700000000000003,30.5,4.95,1.99,4.97,0.16,0.0,0.0,1027.0,8228.0,0.0,0.0,0.0,0.0,0.0,1.0,0.0,0.0,0.0,0.0,0.0,0.7000000000000001,0.0,0.2,0.0,0.0,16.0,25903.0
2026-07-30T19:00:25.899Z,195.382,195.396,0.0,7.4,0.0,0.0,0.0,0.0,0.0,0.0,0.0,0.0,1.0,0.0,0.0,0.0,9.0,4.0,0.0,0.0,0.0,0.0,0.0,0.0,0.0,0.0,2.0,12.0,1.0,12.17,5.01,2.51,1.49,0.0,0.0,0.0,0.5,0.0,-0.7000000000000001,-0.4,0.4,-169.60000000000002,0.0,0.0,169.60000000000002,0.0,21.700000000000003,29.6,29.6,30.200000000000003,300.0,300.0,31.3,35.2,29.5,28.700000000000003,30.5,4.96,1.99,4.96,0.16,0.0,0.0,1027.0,8228.0,0.0,0.0,0.0,0.0,0.0,1.0,0.0,0.0,0.0,0.0,0.0,-0.1,0.0,-0.5,0.0,0.0,16.0,25903.0
2026-07-30T19:00:25.912Z,195.395,195.408,0.0,7.4,0.0,0.0,0.0,0.0,0.0,0.0,0.0,0.0,1.0,0.0,0.0,0.0,9.0,4.0,0.0,0.0,0.0,0.0,0.0,0.0,0.0,0.0,3.0,12.0,1.0,12.17,5.01,2.51,1.49,0.0,0.0,0.0,0.5,0.0,0.3,-1.1,-0.1,-169.60000000000002,0.0,0.0,169.60000000000002,0.0,21.700000000000003,29.6,29.6,30.200000000000003,300.0,300.0,31.3,35.2,29.5,28.700000000000003,30.5,4.96,2.0,4.96,0.16,0.0,0.0,1027.0,8228.0,0.0,0.0,0.0,0.0,0.0,1.0,0.0,0.0,0.0,0.0,0.0,-1.3,0.0,-0.1,0.0,0.0,16.0,25903.0
2026-07-30T19:00:25.923Z,195.406,195.42,0.0,7.4,0.0,0.0,0.0,0.0,0.0,0.0,0.0,0.0,1.0,0.0,0.0,0.0,9.0,4.0,0.0,0.0,0.0,0.0,0.0,0.0,0.0,0.0,4.0,12.0,1.0,12.17,5.01,2.51,1.49,0.0,0.0,0.0,0.4,0.0,0.3,1.2000000000000002,-0.1,-169.60000000000002,0.0,0.0,169.60000000000002,0.0,21.700000000000003,29.6,29.6,30.200000000000003,300.0,300.0,31.3,35.2,29.5,28.700000000000003,30.5,4.96,1.99,4.97,0.16,0.0,0.0,1027.0,8228.0,0.0,0.0,0.0,0.0,0.0,1.0,0.0,0.0,0.0,0.0,0.0,1.2000000000000002,0.0,0.3,0.0,0.0,16.0,25903.0
2026-07-30T19:00:25.935Z,195.418,195.432,0.0,7.4,0.0,0.0,0.0,0.0,0.0,0.0,0.0,0.0,1.0,0.0,0.0,0.0,9.0,4.0,0.0,0.0,0.0,0.0,0.0,0.0,0.0,0.0,6.0,12.0,1.0,12.18,5.0200000000000005,2.51,1.49,0.0,0.1,0.0,0.5,0.0,0.9,0.6000000000000001,0.4,-169.60000000000002,0.0,0.0,169.60000000000002,0.0,21.200000000000003,29.6,29.6,30.200000000000003,300.0,300.0,31.3,35.2,29.4,28.700000000000003,30.5,4.95,1.99,4.97,0.16,0.0,0.0,1027.0,8228.0,0.0,0.0,0.0,0.0,0.0,1.0,0.0,0.0,0.0,0.0,0.0,1.0,0.0,-0.2,0.0,0.0,16.0,25903.0
2026-07-30T19:00:25.947Z,195.43,195.444,0.0,7.4,0.0,0.0,0.0,0.0,0.0,0.0,0.0,0.0,1.0,0.0,0.0,0.0,9.0,4.0,0.0,0.0,0.0,0.0,0.0,0.0,0.0,0.0,1.0,12.0,1.0,12.18,5.0200000000000005,2.51,1.49,0.0,0.0,0.0,0.4,0.0,0.3,-0.5,0.9,-169.60000000000002,0.0,0.0,169.60000000000002,0.0,21.200000000000003,29.6,29.6,30.200000000000003,300.0,300.0,31.3,35.2,29.4,28.700000000000003,30.5,4.96,1.99,4.96,0.16,0.0,0.0,1027.0,8228.0,0.0,0.0,0.0,0.0,0.0,1.0,0.0,0.0,0.0,0.0,0.0,0.1,0.0,-0.9,0.0,0.0,16.0,25903.0
2026-07-30T19:00:25.959Z,195.442,195.456,0.0,7.4,0.0,0.0,0.0,0.0,0.0,0.0,0.0,0.0,1.0,0.0,0.0,0.0,9.0,4.0,0.0,0.0,0.0,0.0,0.0,0.0,0.0,0.0,2.0,12.0,1.0,12.18,5.0200000000000005,2.51,1.49,0.0,0.0,0.0,0.4,0.0,0.3,-0.5,0.3,-169.60000000000002,0.0,0.0,169.70000000000002,0.0,21.200000000000003,29.6,29.6,30.200000000000003,300.0,300.0,31.3,35.2,29.4,28.700000000000003,30.5,4.95,2.0,4.97,0.16,0.0,0.0,1027.0,8228.0,0.0,0.0,0.0,0.0,0.0,1.0,0.0,0.0,0.0,0.0,0.0,-0.3,0.0,-0.4,0.0,0.0,16.0,25903.0
2026-07-30T19:00:25.971Z,195.454,195.468,0.0,7.4,0.0,0.0,0.0,0.0,0.0,0.0,0.0,0.0,1.0,0.0,0.0,0.0,9.0,4.0,0.0,0.0,0.0,0.0,0.0,0.0,0.0,0.0,2.0,12.0,1.0,12.18,5.0200000000000005,2.51,1.49,0.0,0.0,0.0,0.4,0.0,0.3,-0.6000000000000001,0.9,-169.60000000000002,0.0,0.0,169.70000000000002,0.0,21.200000000000003,29.6,29.6,30.200000000000003,300.0,300.0,31.3,35.2,29.4,28.700000000000003,30.5,4.95,1.99,4.97,0.16,0.0,0.0,1027.0,8228.0,0.0,0.0,0.0,0.0,0.0,1.0,0.0,0.0,0.0,0.0,0.0,0.0,0.0,-0.9,0.0,0.0,16.0,25903.0
2026-07-30T19:00:25.983Z,195.466,195.48,0.0,7.4,0.0,0.0,0.0,0.0,0.0,0.0,0.0,0.0,1.0,0.0,0.0,0.0,9.0,4.0,0.0,0.0,0.0,0.0,0.0,0.0,0.0,0.0,4.0,12.0,1.0,12.18,5.0200000000000005,2.51,1.49,0.0,0.0,0.0,0.4,0.0,-0.2,0.5,-0.2,-169.60000000000002,0.0,0.0,169.60000000000002,0.0,21.200000000000003,29.6,29.6,30.200000000000003,300.0,300.0,31.3,35.2,29.4,28.700000000000003,30.5,4.96,1.99,4.97,0.16,0.0,0.0,1027.0,8228.0,0.0,0.0,0.0,0.0,0.0,1.0,0.0,0.0,0.0,0.0,0.0,0.3,0.0,0.3,0.0,0.0,16.0,25903.0
2026-07-30T19:00:25.995Z,195.478,195.492,0.0,7.4,0.0,0.0,0.0,0.0,0.0,0.0,0.0,0.0,1.0,0.0,0.0,0.0,9.0,4.0,0.0,0.0,0.0,0.0,0.0,0.0,0.0,0.0,5.0,12.0,1.0,12.18,5.0200000000000005,2.51,1.49,0.0,0.1,0.0,0.4,0.0,0.2,-1.2000000000000002,0.3,-169.60000000000002,0.0,0.0,169.60000000000002,0.0,21.200000000000003,29.6,29.6,30.200000000000003,300.0,300.0,31.3,35.2,29.4,28.700000000000003,30.5,4.95,1.99,4.97,0.16,0.0,0.0,1027.0,8228.0,0.0,0.0,0.0,0.0,0.0,1.0,0.0,0.0,0.0,0.0,0.0,-1.1,0.0,-0.5,0.0,0.0,16.0,25903.0
2026-07-30T19:00:26.007Z,195.49,195.504,0.0,7.4,0.0,0.0,0.0,0.0,0.0,0.0,0.0,0.0,1.0,0.0,0.0,0.0,9.0,4.0,0.0,0.0,0.0,0.0,0.0,0.0,0.0,0.0,6.0,12.0,1.0,12.18,5.0200000000000005,2.51,1.49,0.0,0.0,0.0,0.4,0.0,0.3,-0.6000000000000001,0.3,-169.60000000000002,0.0,0.0,169.60000000000002,0.0,21.200000000000003,29.6,29.6,30.200000000000003,300.0,300.0,31.3,35.2,29.4,28.700000000000003,30.5,4.95,1.99,4.96,0.16,0.0,0.0,1027.0,8228.0,0.0,0.0,0.0,0.0,0.0,1.0,0.0,0.0,0.0,0.0,0.0,-0.4,0.0,-0.4,0.0,0.0,16.0,25903.0
2026-07-30T19:00:26.019Z,195.502,195.516,0.0,7.4,0.0,0.0,0.0,0.0,0.0,0.0,0.0,0.0,1.0,0.0,0.0,0.0,9.0,4.0,0.0,0.0,0.0,0.0,0.0,0.0,0.0,0.0,1.0,12.0,1.0,12.18,5.0200000000000005,2.51,1.49,0.0,0.0,0.0,0.4,0.0,0.3,1.1,-0.2,-169.60000000000002,0.0,0.0,169.60000000000002,0.0,21.200000000000003,29.6,29.6,30.200000000000003,300.0,300.0,31.3,35.2,29.4,28.700000000000003,30.5,4.95,2.0,4.96,0.16,0.0,0.0,1027.0,8228.0,0.0,0.0,0.0,0.0,0.0,1.0,0.0,0.0,0.0,0.0,0.0,1.1,0.0,0.4,0.0,0.0,16.0,25903.0
2026-07-30T19:00:26.032Z,195.515,195.528,0.0,7.4,0.0,0.0,0.0,0.0,0.0,0.0,0.0,0.0,1.0,0.0,0.0,0.0,9.0,4.0,0.0,0.0,0.0,0.0,0.0,0.0,0.0,0.0,2.0,12.0,1.0,12.17,5.01,2.5,1.49,0.0,0.0,0.0,0.4,0.0,0.3,0.5,2.1,-169.60000000000002,0.0,0.0,169.60000000000002,0.0,21.8,29.6,29.6,30.200000000000003,300.0,300.0,31.4,35.1,29.5,28.700000000000003,30.5,4.96,2.0,4.96,0.16,0.0,0.0,1027.0,8228.0,0.0,0.0,0.0,0.0,0.0,1.0,0.0,0.0,0.0,0.0,0.0,2.2,0.0,-1.7000000000000002,0.0,0.0,16.0,25903.0
2026-07-30T19:00:26.043Z,195.526,195.54,0.0,7.4,0.0,0.0,0.0,0.0,0.0,0.0,0.0,0.0,1.0,0.0,0.0,0.0,9.0,4.0,0.0,0.0,0.0,0.0,0.0,0.0,0.0,0.0,3.0,12.0,1.0,12.17,5.01,2.5,1.49,0.0,0.0,0.0,0.4,0.0,-0.2,0.0,-0.8,-169.60000000000002,0.0,0.0,169.60000000000002,0.0,21.8,29.6,29.6,30.200000000000003,300.0,300.0,31.4,35.1,29.5,28.700000000000003,30.5,4.95,2.0,4.96,0.16,0.0,0.0,1027.0,8228.0,0.0,0.0,0.0,0.0,0.0,1.0,0.0,0.0,0.0,0.0,0.0,-0.6000000000000001,0.0,0.7000000000000001,0.0,0.0,16.0,25903.0
2026-07-30T19:00:26.060Z,195.543,195.552,0.0,7.4,0.0,0.0,0.0,0.0,0.0,0.0,0.0,0.0,1.0,0.0,0.0,0.0,9.0,4.0,0.0,0.0,0.0,0.0,0.0,0.0,0.0,0.0,3.0,12.0,1.0,12.17,5.01,2.5,1.49,0.0,0.0,0.0,0.4,0.0,-0.3,0.0,0.3,-169.60000000000002,0.0,0.0,169.60000000000002,0.0,21.8,29.6,29.6,30.200000000000003,300.0,300.0,31.4,35.1,29.5,28.700000000000003,30.5,4.96,2.0,4.97,0.16,0.0,0.0,1027.0,8228.0,0.0,0.0,0.0,0.0,0.0,1.0,0.0,0.0,0.0,0.0,0.0,0.2,0.0,-0.3,0.0,0.0,16.0,25903.0
2026-07-30T19:00:26.067Z,195.55,195.564,0.0,7.4,0.0,0.0,0.0,0.0,0.0,0.0,0.0,0.0,1.0,0.0,0.0,0.0,9.0,4.0,0.0,0.0,0.0,0.0,0.0,0.0,0.0,0.0,1.0,12.0,1.0,12.17,5.01,2.5,1.49,0.0,0.0,0.0,0.4,0.0,-0.8,0.5,-0.1,-169.60000000000002,0.0,0.0,169.60000000000002,0.0,21.8,29.6,29.6,30.200000000000003,300.0,300.0,31.4,35.1,29.5,28.700000000000003,30.5,4.96,1.99,4.96,0.16,0.0,0.0,1027.0,8228.0,0.0,0.0,0.0,0.0,0.0,1.0,0.0,0.0,0.0,0.0,0.0,0.5,0.0,0.2,0.0,0.0,16.0,25903.0
2026-07-30T19:00:26.079Z,195.562,195.576,0.0,7.4,0.0,0.0,0.0,0.0,0.0,0.0,0.0,0.0,1.0,0.0,0.0,0.0,9.0,4.0,0.0,0.0,0.0,0.0,0.0,0.0,0.0,0.0,2.0,12.0,1.0,12.17,5.01,2.5,1.49,0.0,0.1,0.0,0.5,0.0,0.2,0.0,-0.1,-169.60000000000002,0.0,0.0,169.60000000000002,0.0,21.8,29.6,29.6,30.200000000000003,300.0,300.0,31.4,35.1,29.5,28.700000000000003,30.5,4.96,1.99,4.96,0.16,0.0,0.0,1027.0,8228.0,0.0,0.0,0.0,0.0,0.0,1.0,0.0,0.0,0.0,0.0,0.0,-0.1,0.0,0.1,0.0,0.0,16.0,25903.0
2026-07-30T19:00:26.091Z,195.574,195.588,0.0,7.4,0.0,0.0,0.0,0.0,0.0,0.0,0.0,0.0,1.0,0.0,0.0,0.0,9.0,4.0,0.0,0.0,0.0,0.0,0.0,0.0,0.0,0.0,3.0,12.0,1.0,12.17,5.01,2.5,1.49,0.0,0.0,0.0,0.4,0.0,0.9,0.0,0.4,-169.60000000000002,0.0,0.0,169.60000000000002,0.0,21.8,29.6,29.6,30.200000000000003,300.0,300.0,31.4,35.1,29.5,28.700000000000003,30.5,4.95,1.99,4.96,0.16,0.0,0.0,1027.0,8228.0,0.0,0.0,0.0,0.0,0.0,1.0,0.0,0.0,0.0,0.0,0.0,0.3,0.0,-0.3,0.0,0.0002,16.0,25903.0
2026-07-30T19:00:26.104Z,195.587,195.6,0.0,7.4,0.0,0.0,0.0,0.0,0.0,0.0,0.0,0.0,1.0,0.0,0.0,0.0,9.0,4.0,0.0,0.0,0.0,0.0,0.0,0.0,0.0,0.0,4.0,12.0,1.0,12.17,5.01,2.5,1.49,0.0,0.1,0.0,0.5,0.0,-0.2,-0.5,-0.1,-169.60000000000002,0.0,0.0,169.60000000000002,0.0,21.8,29.6,29.6,30.200000000000003,300.0,300.0,31.4,35.1,29.5,28.700000000000003,30.5,4.95,1.99,4.96,0.16,0.0,0.0,1027.0,8228.0,0.0,0.0,0.0,0.0,0.0,1.0,0.0,0.0,0.0,0.0,0.0,-0.7000000000000001,0.0,0.0,0.0,0.0001,16.0,25903.0
2026-07-30T19:00:26.115Z,195.598,195.612,0.0,7.4,0.0,0.0,0.0,0.0,0.0,0.0,0.0,0.0,1.0,0.0,0.0,0.0,9.0,4.0,0.0,0.0,0.0,0.0,0.0,0.0,0.0,0.0,6.0,12.0,1.0,12.17,5.01,2.5,1.49,0.0,0.1,0.0,0.4,0.0,0.9,0.6000000000000001,-0.1,-169.60000000000002,0.0,0.0,169.60000000000002,0.0,21.8,29.6,29.6,30.200000000000003,300.0,300.0,31.4,35.1,29.5,28.700000000000003,30.5,4.95,1.99,4.97,0.16,0.0,0.0,1027.0,8228.0,0.0,0.0,0.0,0.0,0.0,1.0,0.0,0.0,0.0,0.0,0.0,0.6000000000000001,0.0,0.2,0.0,0.0,16.0,25903.0
2026-07-30T19:00:26.127Z,195.61,195.624,0.0,7.4,0.0,0.0,0.0,0.0,0.0,0.0,0.0,0.0,1.0,0.0,0.0,0.0,9.0,4.0,0.0,0.0,0.0,0.0,0.0,0.0,0.0,0.0,1.0,12.0,1.0,12.17,5.01,2.5,1.49,0.0,0.0,0.0,0.4,0.0,0.3,0.6000000000000001,-0.1,-169.60000000000002,0.0,0.0,169.60000000000002,0.0,21.8,29.6,29.6,30.200000000000003,300.0,300.0,31.4,35.1,29.5,28.700000000000003,30.5,4.95,1.99,4.97,0.16,0.0,0.0,1027.0,8228.0,0.0,0.0,0.0,0.0,0.0,1.0,0.0,0.0,0.0,0.0,0.0,0.6000000000000001,0.0,0.2,0.0,0.0,16.0,25903.0
2026-07-30T19:00:26.140Z,195.623,195.636,0.0,7.4,0.0,0.0,0.0,0.0,0.0,0.0,0.0,0.0,1.0,0.0,0.0,0.0,9.0,4.0,0.0,0.0,0.0,0.0,0.0,0.0,0.0,0.0,2.0,12.0,1.0,12.17,5.01,2.5,1.49,0.0,0.0,0.0,0.4,0.0,0.3,-0.4,1.0,-169.60000000000002,0.0,0.0,169.60000000000002,0.0,21.200000000000003,29.6,29.6,30.200000000000003,300.0,300.0,31.3,35.2,29.5,28.700000000000003,30.5,4.96,1.99,4.97,0.16,0.0,0.0,1027.0,8228.0,0.0,0.0,0.0,0.0,0.0,1.0,0.0,0.0,0.0,0.0,0.0,0.2,0.0,-1.0,0.0,0.0,16.0,25903.0
2026-07-30T19:00:26.151Z,195.634,195.648,0.0,7.4,0.0,0.0,0.0,0.0,0.0,0.0,0.0,0.0,1.0,0.0,0.0,0.0,9.0,4.0,0.0,0.0,0.0,0.0,0.0,0.0,0.0,0.0,3.0,12.0,1.0,12.17,5.01,2.5,1.49,0.0,0.0,0.0,0.4,0.0,0.3,-1.0,-0.1,-169.60000000000002,0.0,0.0,169.60000000000002,0.0,21.200000000000003,29.6,29.6,30.200000000000003,300.0,300.0,31.3,35.2,29.5,28.700000000000003,30.5,4.96,2.0,4.96,0.16,0.0,0.0,1027.0,8228.0,0.0,0.0,0.0,0.0,0.0,1.0,0.0,0.0,0.0,0.0,0.0,-1.2000000000000002,0.0,-0.1,0.0,0.0,16.0,25903.0
2026-07-30T19:00:26.163Z,195.646,195.66,0.0,7.4,0.0,0.0,0.0,0.0,0.0,0.0,0.0,0.0,1.0,0.0,0.0,0.0,9.0,4.0,0.0,0.0,0.0,0.0,0.0,0.0,0.0,0.0,4.0,12.0,1.0,12.17,5.01,2.5,1.49,0.0,0.0,0.0,0.5,0.0,-0.2,0.1,-1.2000000000000002,-169.60000000000002,0.0,0.0,169.70000000000002,0.0,21.200000000000003,29.6,29.6,30.200000000000003,300.0,300.0,31.3,35.2,29.5,28.700000000000003,30.5,4.96,1.99,4.96,0.16,0.0,0.0,1027.0,8228.0,0.0,0.0,0.0,0.0,0.0,1.0,0.0,0.0,0.0,0.0,0.0,-0.8,0.0,1.1,0.0,0.0,16.0,25903.0
2026-07-30T19:00:26.175Z,195.658,195.672,0.0,7.4,0.0,0.0,0.0,0.0,0.0,0.0,0.0,0.0,1.0,0.0,0.0,0.0,9.0,4.0,0.0,0.0,0.0,0.0,0.0,0.0,0.0,0.0,5.0,12.0,1.0,12.17,5.01,2.5,1.49,0.0,0.0,0.0,0.4,0.0,0.3,0.6000000000000001,1.0,-169.60000000000002,0.0,0.0,169.70000000000002,0.0,21.200000000000003,29.6,29.6,30.200000000000003,300.0,300.0,31.3,35.2,29.5,28.700000000000003,30.5,4.96,2.0,4.96,0.16,0.0,0.0,1027.0,8228.0,0.0,0.0,0.0,0.0,0.0,1.0,0.0,0.0,0.0,0.0,0.0,1.5,0.0,-0.8,0.0,0.0,16.0,25903.0
2026-07-30T19:00:26.187Z,195.67,195.684,0.0,7.4,0.0,0.0,0.0,0.0,0.0,0.0,0.0,0.0,1.0,0.0,0.0,0.0,9.0,4.0,0.0,0.0,0.0,0.0,0.0,0.0,0.0,0.0,6.0,12.0,1.0,12.17,5.01,2.5,1.49,0.0,0.0,0.0,0.5,0.0,0.3,0.1,0.0,-169.60000000000002,0.0,0.0,169.60000000000002,0.0,21.200000000000003,29.6,29.6,30.200000000000003,300.0,300.0,31.3,35.2,29.5,28.700000000000003,30.5,4.96,2.0,4.96,0.16,0.0,0.0,1027.0,8228.0,0.0,0.0,0.0,0.0,0.0,1.0,0.0,0.0,0.0,0.0,0.0,0.0,0.0,0.0,0.0,0.0,16.0,25903.0
2026-07-30T19:00:26.200Z,195.683,195.696,0.0,7.4,0.0,0.0,0.0,0.0,0.0,0.0,0.0,0.0,1.0,0.0,0.0,0.0,9.0,4.0,0.0,0.0,0.0,0.0,0.0,0.0,0.0,0.0,1.0,12.0,1.0,12.17,5.01,2.5,1.49,0.0,0.1,0.0,0.4,0.0,-0.1,-1.0,0.0,-169.60000000000002,0.0,0.0,169.60000000000002,0.0,21.200000000000003,29.6,29.6,30.200000000000003,300.0,300.0,31.3,35.2,29.5,28.700000000000003,30.5,4.95,1.99,4.97,0.16,0.0,0.0,1027.0,8228.0,0.0,0.0,0.0,0.0,0.0,1.0,0.0,0.0,0.0,0.0,0.0,-1.2000000000000002,0.0,-0.1,0.0,0.0,16.0,25903.0
2026-07-30T19:00:26.211Z,195.694,195.708,0.0,7.4,0.0,0.0,0.0,0.0,0.0,0.0,0.0,0.0,1.0,0.0,0.0,0.0,9.0,4.0,0.0,0.0,0.0,0.0,0.0,0.0,0.0,0.0,2.0,12.0,1.0,12.17,5.01,2.5,1.49,0.0,0.0,0.0,0.4,0.0,0.3,-0.4,-0.6000000000000001,-169.60000000000002,0.0,0.0,169.60000000000002,0.0,21.200000000000003,29.6,29.6,30.200000000000003,300.0,300.0,31.3,35.2,29.5,28.700000000000003,30.5,4.95,1.99,4.96,0.16,0.0,0.0,1027.0,8228.0,0.0,0.0,0.0,0.0,0.0,1.0,0.0,0.0,0.0,0.0,0.0,-1.0,0.0,0.4,0.0,0.0,16.0,25903.0
2026-07-30T19:00:26.223Z,195.706,195.72,0.0,7.4,0.0,0.0,0.0,0.0,0.0,0.0,0.0,0.0,1.0,0.0,0.0,0.0,9.0,4.0,0.0,0.0,0.0,0.0,0.0,0.0,0.0,0.0,4.0,12.0,1.0,12.17,5.01,2.5,1.49,0.0,0.0,0.0,0.4,0.0,-0.8,0.0,-0.6000000000000001,-169.60000000000002,0.0,0.0,169.60000000000002,0.0,21.200000000000003,29.6,29.6,30.200000000000003,300.0,300.0,31.3,35.2,29.5,28.700000000000003,30.5,4.96,2.0,4.96,0.16,0.0,0.0,1027.0,8228.0,0.0,0.0,0.0,0.0,0.0,1.0,0.0,0.0,0.0,0.0,0.0,-0.4,0.0,0.6000000000000001,0.0,0.0,16.0,25903.0
2026-07-30T19:00:26.236Z,195.719,195.732,0.0,7.4,0.0,0.0,0.0,0.0,0.0,0.0,0.0,0.0,1.0,0.0,0.0,0.0,9.0,4.0,0.0,0.0,0.0,0.0,0.0,0.0,0.0,0.0,5.0,12.0,1.0,12.18,5.0200000000000005,2.51,1.49,0.0,0.0,0.0,0.4,0.0,-1.4,-1.6,-1.2000000000000002,-169.60000000000002,0.0,0.0,169.60000000000002,0.0,21.8,29.6,29.6,30.200000000000003,300.0,300.0,31.3,35.2,29.5,28.700000000000003,30.5,4.95,2.0,4.97,0.16,0.0,0.0,1027.0,8228.0,0.0,0.0,0.0,0.0,0.0,1.0,0.0,0.0,0.0,0.0,0.0,-2.8000000000000003,0.0,0.7000000000000001,0.0,0.0,16.0,25903.0
2026-07-30T19:00:26.247Z,195.73,195.744,0.0,7.4,0.0,0.0,0.0,0.0,0.0,0.0,0.0,0.0,1.0,0.0,0.0,0.0,9.0,4.0,0.0,0.0,0.0,0.0,0.0,0.0,0.0,0.0,6.0,12.0,1.0,12.18,5.0200000000000005,2.51,1.49,0.0,0.0,0.0,0.4,0.0,-0.2,-0.4,1.6,-169.60000000000002,0.0,0.0,169.60000000000002,0.0,21.8,29.6,29.6,30.200000000000003,300.0,300.0,31.3,35.2,29.5,28.700000000000003,30.5,4.95,1.99,4.97,0.16,0.0,0.0,1027.0,8228.0,0.0,0.0,0.0,0.0,0.0,1.0,0.0,0.0,0.0,0.0,0.0,-0.5,0.0,0.0,0.0,0.0,16.0,25903.0
2026-07-30T19:00:26.259Z,195.742,195.756,0.0,7.4,0.0,0.0,0.0,0.0,0.0,0.0,0.0,0.0,1.0,0.0,0.0,0.0,9.0,4.0,0.0,0.0,0.0,0.0,0.0,0.0,0.0,0.0,1.0,12.0,1.0,12.18,5.0200000000000005,2.51,1.49,0.0,0.0,0.0,0.4,0.0,0.2,0.7000000000000001,-0.6000000000000001,-169.60000000000002,0.0,0.0,169.60000000000002,0.0,21.8,29.6,29.6,30.200000000000003,300.0,300.0,31.3,35.2,29.5,28.700000000000003,30.5,4.95,2.0,4.96,0.16,0.0,0.0,1027.0,8228.0,0.0,0.0,0.0,0.0,0.0,1.0,0.0,0.0,0.0,0.0,0.0,0.2,0.0,0.7000000000000001,0.0,0.0,16.0,25903.0
2026-07-30T19:00:26.271Z,195.754,195.768,0.0,7.4,0.0,0.0,0.0,0.0,0.0,0.0,0.0,0.0,1.0,0.0,0.0,0.0,9.0,4.0,0.0,0.0,0.0,0.0,0.0,0.0,0.0,0.0,2.0,12.0,1.0,12.18,5.0200000000000005,2.51,1.49,0.0,0.0,0.0,0.4,0.0,0.2,0.6000000000000001,0.4,-169.60000000000002,0.0,0.0,169.70000000000002,0.0,21.8,29.6,29.6,30.200000000000003,300.0,300.0,31.3,35.2,29.5,28.700000000000003,30.5,4.96,1.99,4.96,0.16,0.0,0.0,1027.0,8228.0,0.0,0.0,0.0,0.0,0.0,1.0,0.0,0.0,0.0,0.0,0.0,1.0,0.0,-0.2,0.0,0.0,16.0,25903.0
2026-07-30T19:00:26.283Z,195.766,195.78,0.0,7.4,0.0,0.0,0.0,0.0,0.0,0.0,0.0,0.0,1.0,0.0,0.0,0.0,9.0,4.0,0.0,0.0,0.0,0.0,0.0,0.0,0.0,0.0,3.0,12.0,1.0,12.18,5.0200000000000005,2.51,1.49,0.0,0.0,0.0,0.4,0.0,0.3,0.1,-0.6000000000000001,-169.60000000000002,0.0,0.0,169.60000000000002,0.0,21.8,29.6,29.6,30.200000000000003,300.0,300.0,31.3,35.2,29.5,28.700000000000003,30.5,4.95,1.99,4.97,0.16,0.0,0.0,1027.0,8228.0,0.0,0.0,0.0,0.0,0.0,1.0,0.0,0.0,0.0,0.0,0.0,-0.1,0.0,-0.5,0.0,0.0001,16.0,25903.0
2026-07-30T19:00:26.295Z,195.778,195.792,0.0,7.4,0.0,0.0,0.0,0.0,0.0,0.0,0.0,0.0,1.0,0.0,0.0,0.0,9.0,4.0,0.0,0.0,0.0,0.0,0.0,0.0,0.0,0.0,4.0,12.0,1.0,12.18,5.0200000000000005,2.51,1.49,0.0,0.0,0.0,0.4,0.0,1.4,0.6000000000000001,1.0,-169.60000000000002,0.0,0.0,169.60000000000002,0.0,21.8,29.6,29.6,30.200000000000003,300.0,300.0,31.3,35.2,29.5,28.700000000000003,30.5,4.96,1.99,4.96,0.16,0.0,0.0,1027.0,8228.0,0.0,0.0,0.0,0.0,0.0,1.0,0.0,0.0,0.0,0.0,0.0,-1.0,0.0,0.5,0.0,0.0001,16.0,25903.0
2026-07-30T19:00:26.307Z,195.79,195.804,0.0,7.4,0.0,0.0,0.0,0.0,0.0,0.0,0.0,0.0,1.0,0.0,0.0,0.0,9.0,4.0,0.0,0.0,0.0,0.0,0.0,0.0,0.0,0.0,6.0,12.0,1.0,12.18,5.0200000000000005,2.51,1.49,0.0,0.0,0.0,0.4,0.0,-0.2,0.6000000000000001,0.4,-169.60000000000002,0.0,0.0,169.70000000000002,0.0,21.8,29.6,29.6,30.200000000000003,300.0,300.0,31.3,35.2,29.5,28.700000000000003,30.5,4.96,1.99,4.96,0.16,0.0,0.0,1027.0,8228.0,0.0,0.0,0.0,0.0,0.0,1.0,0.0,0.0,0.0,0.0,0.0,0.8,0.0,-0.9,0.0,0.0,16.0,25903.0
2026-07-30T19:00:26.319Z,195.802,195.816,0.0,7.4,0.0,0.0,0.0,0.0,0.0,0.0,0.0,0.0,1.0,0.0,0.0,0.0,9.0,4.0,0.0,0.0,0.0,0.0,0.0,0.0,0.0,0.0,1.0,12.0,1.0,12.18,5.0200000000000005,2.51,1.49,0.0,0.0,0.0,0.4,0.0,-0.2,0.6000000000000001,0.4,-169.60000000000002,0.0,0.0,169.60000000000002,0.0,21.8,29.6,29.6,30.200000000000003,300.0,300.0,31.3,35.2,29.5,28.700000000000003,30.5,4.96,1.99,4.96,0.16,0.0,0.0,1027.0,8228.0,0.0,0.0,0.0,0.0,0.0,1.0,0.0,0.0,0.0,0.0,0.0,1.1,0.0,-0.2,0.0,0.0,16.0,25903.0
2026-07-30T19:00:26.331Z,195.814,195.828,0.0,7.4,0.0,0.0,0.0,0.0,0.0,0.0,0.0,0.0,1.0,0.0,0.0,0.0,9.0,4.0,0.0,0.0,0.0,0.0,0.0,0.0,0.0,0.0,2.0,12.0,1.0,12.18,5.0200000000000005,2.51,1.49,0.0,0.0,0.0,0.5,0.0,0.2,-1.1,-1.2000000000000002,-169.60000000000002,0.0,0.0,169.4,0.0,21.8,29.6,29.6,30.200000000000003,300.0,300.0,31.3,35.2,29.5,28.700000000000003,30.5,4.95,1.99,4.97,0.16,0.0,0.0,1027.0,8228.0,0.0,0.0,0.0,0.0,0.0,1.0,0.0,0.0,0.0,0.0,0.0,-2.2,0.0,0.8,0.0,0.0,16.0,25903.0
2026-07-30T19:00:26.343Z,195.826,195.84,0.0,7.4,0.0,0.0,0.0,0.0,0.0,0.0,0.0,0.0,1.0,0.0,0.0,0.0,9.0,4.0,0.0,0.0,0.0,0.0,0.0,0.0,0.0,0.0,3.0,12.0,1.0,12.18,5.01,2.51,1.49,0.0,0.0,0.0,0.4,0.0,0.2,-1.0,0.4,-169.60000000000002,0.0,0.0,169.70000000000002,0.0,21.9,29.6,29.6,30.200000000000003,300.0,300.0,31.3,35.300000000000004,29.5,28.700000000000003,30.5,4.96,2.0,4.96,0.16,0.0,0.0,1027.0,8228.0,0.0,0.0,0.0,0.0,0.0,1.0,0.0,0.0,0.0,0.0,0.0,-0.8,0.0,-0.6000000000000001,0.0,0.0002,16.0,25903.0
2026-07-30T19:00:26.355Z,195.838,195.852,0.0,7.4,0.0,0.0,0.0,0.0,0.0,0.0,0.0,0.0,1.0,0.0,0.0,0.0,9.0,4.0,0.0,0.0,0.0,0.0,0.0,0.0,0.0,0.0,4.0,12.0,1.0,12.18,5.01,2.51,1.49,0.0,0.0,0.0,0.4,0.0,-0.8,0.6000000000000001,0.0,-169.60000000000002,0.0,0.0,169.60000000000002,0.0,21.9,29.6,29.6,30.200000000000003,300.0,300.0,31.3,35.300000000000004,29.5,28.700000000000003,30.5,4.96,1.99,4.97,0.16,0.0,0.0,1027.0,8228.0,0.0,0.0,0.0,0.0,0.0,1.0,0.0,0.0,0.0,0.0,0.0,0.7000000000000001,0.0,0.1,0.0,0.0001,16.0,25903.0
2026-07-30T19:00:26.376Z,195.859,195.864,0.0,7.4,0.0,0.0,0.0,0.0,0.0,0.0,0.0,0.0,1.0,0.0,0.0,0.0,9.0,4.0,0.0,0.0,0.0,0.0,0.0,0.0,0.0,0.0,5.0,12.0,1.0,12.18,5.01,2.51,1.49,0.0,0.0,0.0,0.4,0.0,0.2,0.0,0.5,-169.60000000000002,0.0,0.0,169.60000000000002,0.0,21.9,29.6,29.6,30.200000000000003,300.0,300.0,31.3,35.300000000000004,29.5,28.700000000000003,30.5,4.95,1.99,4.97,0.16,0.0,0.0,1027.0,8228.0,0.0,0.0,0.0,0.0,0.0,1.0,0.0,0.0,0.0,0.0,0.0,0.4,0.0,-0.4,0.0,0.0,16.0,25903.0
2026-07-30T19:00:26.381Z,195.864,195.876,0.0,7.4,0.0,0.0,0.0,0.0,0.0,0.0,0.0,0.0,1.0,0.0,0.0,0.0,9.0,4.0,0.0,0.0,0.0,0.0,0.0,0.0,0.0,0.0,4.0,12.0,1.0,12.18,5.01,2.51,1.49,0.0,0.0,0.0,0.4,0.0,-0.3,0.0,0.0,-169.60000000000002,0.0,0.0,169.60000000000002,0.0,21.9,29.6,29.6,30.200000000000003,300.0,300.0,31.3,35.300000000000004,29.5,28.700000000000003,30.5,4.96,1.99,4.97,0.16,0.0,0.0,1027.0,8228.0,0.0,0.0,0.0,0.0,0.0,1.0,0.0,0.0,0.0,0.0,0.0,0.0,0.0,0.0,0.0,0.0,16.0,25903.0
2026-07-30T19:00:26.391Z,195.874,195.888,0.0,7.4,0.0,0.0,0.0,0.0,0.0,0.0,0.0,0.0,1.0,0.0,0.0,0.0,9.0,4.0,0.0,0.0,0.0,0.0,0.0,0.0,0.0,0.0,4.0,12.0,1.0,12.18,5.01,2.51,1.49,0.0,0.0,0.0,0.4,0.0,0.8,-0.4,0.0,-169.60000000000002,0.0,0.0,169.60000000000002,0.0,21.9,29.6,29.6,30.200000000000003,300.0,300.0,31.3,35.300000000000004,29.5,28.700000000000003,30.5,4.95,2.0,4.96,0.16,0.0,0.0,1027.0,8228.0,0.0,0.0,0.0,0.0,0.0,1.0,0.0,0.0,0.0,0.0,0.0,-0.5,0.0,0.0,0.0,0.0,16.0,25903.0
2026-07-30T19:00:26.403Z,195.886,195.9,0.0,7.4,0.0,0.0,0.0,0.0,0.0,0.0,0.0,0.0,1.0,0.0,0.0,0.0,9.0,4.0,0.0,0.0,0.0,0.0,0.0,0.0,0.0,0.0,5.0,12.0,1.0,12.18,5.01,2.51,1.49,0.0,0.0,0.0,0.4,0.0,-0.8,-0.5,0.0,-169.60000000000002,0.0,0.0,169.60000000000002,0.0,21.9,29.6,29.6,30.200000000000003,300.0,300.0,31.3,35.300000000000004,29.5,28.700000000000003,30.5,4.95,1.99,4.97,0.16,0.0,0.0,1027.0,8228.0,0.0,0.0,0.0,0.0,0.0,1.0,0.0,0.0,0.0,0.0,0.0,-0.6000000000000001,0.0,0.0,0.0,0.0,16.0,25903.0
2026-07-30T19:00:26.415Z,195.898,195.912,0.0,7.4,0.0,0.0,0.0,0.0,0.0,0.0,0.0,0.0,1.0,0.0,0.0,0.0,9.0,4.0,0.0,0.0,0.0,0.0,0.0,0.0,0.0,0.0,6.0,12.0,1.0,12.18,5.01,2.51,1.49,0.0,0.1,0.0,0.4,0.0,-0.8,0.0,-0.6000000000000001,-169.60000000000002,0.0,0.0,169.60000000000002,0.0,21.9,29.6,29.6,30.200000000000003,300.0,300.0,31.3,35.300000000000004,29.5,28.700000000000003,30.5,4.96,1.99,4.97,0.16,0.0,0.0,1027.0,8228.0,0.0,0.0,0.0,0.0,0.0,1.0,0.0,0.0,0.0,0.0,0.0,-0.3,0.0,0.5,0.0,0.0,16.0,25903.0
2026-07-30T19:00:26.427Z,195.91,195.924,0.0,7.4,0.0,0.0,0.0,0.0,0.0,0.0,0.0,0.0,1.0,0.0,0.0,0.0,9.0,4.0,0.0,0.0,0.0,0.0,0.0,0.0,0.0,0.0,2.0,12.0,1.0,12.18,5.01,2.51,1.49,0.0,0.1,0.0,0.4,0.0,-0.3,-0.5,-1.2000000000000002,-169.60000000000002,0.0,0.0,169.60000000000002,0.0,21.9,29.6,29.6,30.200000000000003,300.0,300.0,31.3,35.300000000000004,29.5,28.700000000000003,30.5,4.96,1.99,4.96,0.16,0.0,0.0,1027.0,8228.0,0.0,0.0,0.0,0.0,0.0,1.0,0.0,0.0,0.0,0.0,0.0,-1.5,0.0,0.9,0.0,0.0,16.0,25903.0
2026-07-30T19:00:26.440Z,195.923,195.936,0.0,7.4,0.0,0.0,0.0,0.0,0.0,0.0,0.0,0.0,1.0,0.0,0.0,0.0,9.0,4.0,0.0,0.0,0.0,0.0,0.0,0.0,0.0,0.0,2.0,12.0,1.0,12.13,5.0200000000000005,2.5,1.49,0.0,0.0,0.0,0.4,0.0,-0.3,-0.4,-1.2000000000000002,-169.60000000000002,0.0,0.0,169.60000000000002,0.0,21.4,29.6,29.6,30.200000000000003,300.0,300.0,31.200000000000003,35.300000000000004,29.5,28.700000000000003,30.5,4.95,1.99,4.96,0.16,0.0,0.0,1027.0,8228.0,0.0,0.0,0.0,0.0,0.0,1.0,0.0,0.0,0.0,0.0,0.0,-1.4,0.0,0.9,0.0,0.0,16.0,25903.0
2026-07-30T19:00:26.451Z,195.934,195.948,0.0,7.4,0.0,0.0,0.0,0.0,0.0,0.0,0.0,0.0,1.0,0.0,0.0,0.0,9.0,4.0,0.0,0.0,0.0,0.0,0.0,0.0,0.0,0.0,4.0,12.0,1.0,12.13,5.0200000000000005,2.5,1.49,0.0,0.0,0.0,0.4,0.0,-0.9,-0.5,0.0,-169.60000000000002,0.0,0.0,169.70000000000002,0.0,21.4,29.6,29.6,30.200000000000003,300.0,300.0,31.200000000000003,35.300000000000004,29.5,28.700000000000003,30.5,4.95,1.99,4.96,0.16,0.0,0.0,1027.0,8228.0,0.0,0.0,0.0,0.0,0.0,1.0,0.0,0.0,0.0,0.0,0.0,-0.5,0.0,0.0,0.0,0.0,16.0,25903.0
2026-07-30T19:00:26.463Z,195.946,195.96,0.0,7.4,0.0,0.0,0.0,0.0,0.0,0.0,0.0,0.0,1.0,0.0,0.0,0.0,9.0,4.0,0.0,0.0,0.0,0.0,0.0,0.0,0.0,0.0,5.0,12.0,1.0,12.13,5.0200000000000005,2.5,1.49,0.0,0.0,0.0,0.4,0.0,-0.8,-1.0,0.0,-169.60000000000002,0.0,0.0,169.70000000000002,0.0,21.4,29.6,29.6,30.200000000000003,300.0,300.0,31.200000000000003,35.300000000000004,29.5,28.700000000000003,30.5,4.95,1.99,4.96,0.16,0.0,0.0,1027.0,8228.0,0.0,0.0,0.0,0.0,0.0,1.0,0.0,0.0,0.0,0.0,0.0,-1.2000000000000002,0.0,-0.2,0.0,0.0,16.0,25903.0
2026-07-30T19:00:26.475Z,195.958,195.972,0.0,7.4,0.0,0.0,0.0,0.0,0.0,0.0,0.0,0.0,1.0,0.0,0.0,0.0,9.0,4.0,0.0,0.0,0.0,0.0,0.0,0.0,0.0,0.0,1.0,12.0,1.0,12.13,5.0200000000000005,2.5,1.49,0.0,0.0,0.0,0.4,0.0,-0.2,-0.4,-1.8,-169.60000000000002,0.0,0.0,169.70000000000002,0.0,21.4,29.6,29.6,30.200000000000003,300.0,300.0,31.200000000000003,35.300000000000004,29.5,28.700000000000003,30.5,4.95,1.99,4.96,0.16,0.0,0.0,1027.0,8228.0,0.0,0.0,0.0,0.0,0.0,1.0,0.0,0.0,0.0,0.0,0.0,-1.9,0.0,1.5,0.0,0.0,16.0,25903.0
2026-07-30T19:00:26.487Z,195.97,195.984,0.0,7.4,0.0,0.0,0.0,0.0,0.0,0.0,0.0,0.0,1.0,0.0,0.0,0.0,9.0,4.0,0.0,0.0,0.0,0.0,0.0,0.0,0.0,0.0,2.0,12.0,1.0,12.13,5.0200000000000005,2.5,1.49,0.0,0.0,0.0,0.5,0.0,0.2,0.6000000000000001,0.0,-169.60000000000002,0.0,0.0,169.70000000000002,0.0,21.4,29.6,29.6,30.200000000000003,300.0,300.0,31.200000000000003,35.300000000000004,29.5,28.700000000000003,30.5,4.95,1.99,4.97,0.16,0.0,0.0,1027.0,8228.0,0.0,0.0,0.0,0.0,0.0,1.0,0.0,0.0,0.0,0.0,0.0,0.6000000000000001,0.0,0.1,0.0,0.0,16.0,25903.0
2026-07-30T19:00:26.499Z,195.982,195.996,0.0,7.4,0.0,0.0,0.0,0.0,0.0,0.0,0.0,0.0,1.0,0.0,0.0,0.0,9.0,4.0,0.0,0.0,0.0,0.0,0.0,0.0,0.0,0.0,4.0,12.0,1.0,12.13,5.0200000000000005,2.5,1.49,0.0,0.0,0.0,0.4,0.0,0.2,0.6000000000000001,0.5,-169.60000000000002,0.0,0.0,169.60000000000002,0.0,21.4,29.6,29.6,30.200000000000003,300.0,300.0,31.200000000000003,35.300000000000004,29.5,28.700000000000003,30.5,4.95,1.99,4.96,0.16,0.0,0.0,1027.0,8228.0,0.0,0.0,0.0,0.0,0.0,1.0,0.0,0.0,0.0,0.0,0.0,1.1,0.0,-0.3,0.0,0.0,16.0,25903.0
2026-07-30T19:00:26.511Z,195.994,196.008,0.0,7.4,0.0,0.0,0.0,0.0,0.0,0.0,0.0,0.0,1.0,0.0,0.0,0.0,9.0,4.0,0.0,0.0,0.0,0.0,0.0,0.0,0.0,0.0,5.0,12.0,1.0,12.13,5.0200000000000005,2.5,1.49,0.0,0.1,0.0,0.4,0.0,-0.2,-0.5,-0.6000000000000001,-169.60000000000002,0.0,0.0,169.60000000000002,0.0,21.4,29.6,29.6,30.200000000000003,300.0,300.0,31.200000000000003,35.300000000000004,29.5,28.700000000000003,30.5,4.95,1.99,4.96,0.16,0.0,0.0,1027.0,8228.0,0.0,0.0,0.0,0.0,0.0,1.0,0.0,0.0,0.0,0.0,0.0,-1.0,0.0,0.4,0.0,0.0,16.0,25903.0
2026-07-30T19:00:26.523Z,196.006,196.02,0.0,7.4,0.0,0.0,0.0,0.0,0.0,0.0,0.0,0.0,1.0,0.0,0.0,0.0,9.0,4.0,0.0,0.0,0.0,0.0,0.0,0.0,0.0,0.0,6.0,12.0,1.0,12.13,5.0200000000000005,2.5,1.49,0.0,0.0,0.0,0.5,0.0,-0.2,-0.4,-0.1,-169.60000000000002,0.0,0.0,169.60000000000002,0.0,21.4,29.6,29.6,30.200000000000003,300.0,300.0,31.200000000000003,35.300000000000004,29.5,28.700000000000003,30.5,4.95,1.99,4.97,0.16,0.0,0.0,1027.0,8228.0,0.0,0.0,0.0,0.0,0.0,1.0,0.0,0.0,0.0,0.0,0.0,-0.6000000000000001,0.0,0.0,0.0,0.0,16.0,25903.0
2026-07-30T19:00:26.535Z,196.018,196.032,0.0,7.4,0.0,0.0,0.0,0.0,0.0,0.0,0.0,0.0,1.0,0.0,0.0,0.0,9.0,4.0,0.0,0.0,0.0,0.0,0.0,0.0,0.0,0.0,1.0,12.0,1.0,12.13,5.0200000000000005,2.5,1.49,0.0,0.0,0.0,0.4,0.0,-0.2,-0.4,-1.8,-169.60000000000002,0.0,0.0,169.60000000000002,0.0,21.4,29.6,29.6,30.200000000000003,300.0,300.0,31.200000000000003,35.300000000000004,29.5,28.700000000000003,30.5,4.95,1.99,4.96,0.16,0.0,0.0,1027.0,8228.0,0.0,0.0,0.0,0.0,0.0,1.0,0.0,0.0,0.0,0.0,0.0,-1.9,0.0,1.5,0.0,0.0,16.0,25903.0
2026-07-30T19:00:26.547Z,196.03,196.044,0.0,7.4,0.0,0.0,0.0,0.0,0.0,0.0,0.0,0.0,1.0,0.0,0.0,0.0,9.0,4.0,0.0,0.0,0.0,0.0,0.0,0.0,0.0,0.0,2.0,12.0,1.0,12.15,5.01,2.5,1.49,0.0,0.0,0.0,0.4,0.0,0.8,0.6000000000000001,0.4,-169.60000000000002,0.0,0.0,169.70000000000002,0.0,21.700000000000003,29.6,29.6,30.200000000000003,300.0,300.0,31.3,35.300000000000004,29.5,28.700000000000003,30.5,4.95,1.99,4.97,0.16,0.0,0.0,1027.0,8228.0,0.0,0.0,0.0,0.0,0.0,1.0,0.0,0.0,0.0,0.0,0.0,1.0,0.0,-0.2,0.0,0.0,16.0,25903.0
2026-07-30T19:00:26.559Z,196.042,196.056,0.0,7.4,0.0,0.0,0.0,0.0,0.0,0.0,0.0,0.0,1.0,0.0,0.0,0.0,9.0,4.0,0.0,0.0,0.0,0.0,0.0,0.0,0.0,0.0,3.0,12.0,1.0,12.15,5.01,2.5,1.49,0.0,0.0,0.0,0.5,0.0,-1.4,0.6000000000000001,1.0,-169.60000000000002,0.0,0.0,169.70000000000002,0.0,21.700000000000003,29.6,29.6,30.200000000000003,300.0,300.0,31.3,35.300000000000004,29.5,28.700000000000003,30.5,4.95,1.99,4.97,0.16,0.0,0.0,1027.0,8228.0,0.0,0.0,0.0,0.0,0.0,1.0,0.0,0.0,0.0,0.0,0.0,1.5,0.0,-0.7000000000000001,0.0,0.0,16.0,25903.0
2026-07-30T19:00:26.571Z,196.054,196.068,0.0,7.4,0.0,0.0,0.0,0.0,0.0,0.0,0.0,0.0,1.0,0.0,0.0,0.0,9.0,4.0,0.0,0.0,0.0,0.0,0.0,0.0,0.0,0.0,5.0,12.0,1.0,12.15,5.01,2.5,1.49,0.0,0.0,0.0,0.4,0.0,-0.3,0.6000000000000001,-0.7000000000000001,-169.60000000000002,0.0,0.0,169.60000000000002,0.0,21.700000000000003,29.6,29.6,30.200000000000003,300.0,300.0,31.3,35.300000000000004,29.5,28.700000000000003,30.5,4.95,1.99,4.96,0.16,0.0,0.0,1027.0,8228.0,0.0,0.0,0.0,0.0,0.0,1.0,0.0,0.0,0.0,0.0,0.0,0.1,0.0,0.8,0.0,0.0,16.0,25903.0
2026-07-30T19:00:26.583Z,196.066,196.08,0.0,7.4,0.0,0.0,0.0,0.0,0.0,0.0,0.0,0.0,1.0,0.0,0.0,0.0,9.0,4.0,0.0,0.0,0.0,0.0,0.0,0.0,0.0,0.0,6.0,12.0,1.0,12.15,5.01,2.5,1.49,0.0,0.0,0.0,0.4,0.0,0.2,-0.4,1.6,-169.60000000000002,0.0,0.0,169.70000000000002,0.0,21.700000000000003,29.6,29.6,30.200000000000003,300.0,300.0,31.3,35.300000000000004,29.5,28.700000000000003,30.5,4.95,1.99,4.96,0.16,0.0,0.0,1027.0,8228.0,0.0,0.0,0.0,0.0,0.0,1.0,0.0,0.0,0.0,0.0,0.0,0.6000000000000001,0.0,-1.5,0.0,0.0,16.0,25903.0
2026-07-30T19:00:26.595Z,196.078,196.092,0.0,7.4,0.0,0.0,0.0,0.0,0.0,0.0,0.0,0.0,1.0,0.0,0.0,0.0,9.0,4.0,0.0,0.0,0.0,0.0,0.0,0.0,0.0,0.0,2.0,12.0,1.0,12.15,5.01,2.5,1.49,0.0,0.0,0.0,0.4,0.0,0.2,0.0,-0.6000000000000001,-169.60000000000002,0.0,0.0,169.70000000000002,0.0,21.700000000000003,29.6,29.6,30.200000000000003,300.0,300.0,31.3,35.300000000000004,29.5,28.700000000000003,30.5,4.95,1.99,4.97,0.16,0.0,0.0,1027.0,8228.0,0.0,0.0,0.0,0.0,0.0,1.0,0.0,0.0,0.0,0.0,0.0,-0.4,0.0,0.6000000000000001,0.0,0.0,16.0,25903.0
2026-07-30T19:00:26.607Z,196.09,196.104,0.0,7.4,0.0,0.0,0.0,0.0,0.0,0.0,0.0,0.0,1.0,0.0,0.0,0.0,9.0,4.0,0.0,0.0,0.0,0.0,0.0,0.0,0.0,0.0,3.0,12.0,1.0,12.15,5.01,2.5,1.49,0.0,0.0,0.0,0.4,0.0,-0.2,0.1,-0.6000000000000001,-169.60000000000002,0.0,0.0,169.70000000000002,0.0,21.700000000000003,29.6,29.6,30.200000000000003,300.0,300.0,31.3,35.300000000000004,29.5,28.700000000000003,30.5,4.96,1.99,4.97,0.16,0.0,0.0,1027.0,8228.0,0.0,0.0,0.0,0.0,0.0,1.0,0.0,0.0,0.0,0.0,0.0,-0.3,0.0,0.6000000000000001,0.0,0.0,16.0,25903.0
2026-07-30T19:00:26.619Z,196.102,196.116,0.0,7.4,0.0,0.0,0.0,0.0,0.0,0.0,0.0,0.0,1.0,0.0,0.0,0.0,9.0,4.0,0.0,0.0,0.0,0.0,0.0,0.0,0.0,0.0,5.0,12.0,1.0,12.15,5.01,2.5,1.49,0.0,0.1,0.0,0.4,0.0,0.3,1.3,1.7000000000000002,-169.60000000000002,0.0,0.0,169.60000000000002,0.0,21.700000000000003,29.6,29.6,30.200000000000003,300.0,300.0,31.3,35.300000000000004,29.5,28.700000000000003,30.5,4.96,1.99,4.96,0.16,0.0,0.0,1027.0,8228.0,0.0,0.0,0.0,0.0,0.0,1.0,0.0,0.0,0.0,0.0,0.0,2.7,0.0,-1.2000000000000002,0.0,0.0,16.0,25903.0
2026-07-30T19:00:26.631Z,196.114,196.128,0.0,7.4,0.0,0.0,0.0,0.0,0.0,0.0,0.0,0.0,1.0,0.0,0.0,0.0,9.0,4.0,0.0,0.0,0.0,0.0,0.0,0.0,0.0,0.0,1.0,12.0,1.0,12.15,5.01,2.5,1.49,0.0,0.0,0.0,0.5,0.0,0.3,-1.0,1.1,-169.60000000000002,0.0,0.0,169.60000000000002,0.0,21.700000000000003,29.6,29.6,30.200000000000003,300.0,300.0,31.3,35.300000000000004,29.5,28.700000000000003,30.5,4.95,1.99,4.97,0.16,0.0,0.0,1027.0,8228.0,0.0,0.0,0.0,0.0,0.0,1.0,0.0,0.0,0.0,0.0,0.0,-0.2,0.0,-1.2000000000000002,0.0,0.0,16.0,25903.0
2026-07-30T19:00:26.644Z,196.127,196.14,0.0,7.4,0.0,0.0,0.0,0.0,0.0,0.0,0.0,0.0,1.0,0.0,0.0,0.0,9.0,4.0,0.0,0.0,0.0,0.0,0.0,0.0,0.0,0.0,2.0,12.0,1.0,12.17,5.01,2.5,1.49,0.0,0.0,0.0,0.4,0.0,-0.2,0.1,0.0,-169.60000000000002,0.0,0.0,169.60000000000002,0.0,21.3,29.6,29.6,30.200000000000003,300.0,300.0,31.3,35.300000000000004,29.4,28.700000000000003,30.5,4.95,1.99,4.97,0.16,0.0,0.0,1027.0,8228.0,0.0,0.0,0.0,0.0,0.0,1.0,0.0,0.0,0.0,0.0,0.0,0.1,0.0,0.0,0.0,0.0,16.0,25903.0
2026-07-30T19:00:26.655Z,196.138,196.152,0.0,7.4,0.0,0.0,0.0,0.0,0.0,0.0,0.0,0.0,1.0,0.0,0.0,0.0,9.0,4.0,0.0,0.0,0.0,0.0,0.0,0.0,0.0,0.0,3.0,12.0,1.0,12.17,5.01,2.5,1.49,0.0,0.0,0.0,0.4,0.0,-0.1,0.1,-1.1,-169.60000000000002,0.0,0.0,169.70000000000002,0.0,21.3,29.6,29.6,30.200000000000003,300.0,300.0,31.3,35.300000000000004,29.4,28.700000000000003,30.5,4.95,2.0,4.97,0.16,0.0,0.0,1027.0,8228.0,0.0,0.0,0.0,0.0,0.0,1.0,0.0,0.0,0.0,0.0,0.0,-0.6000000000000001,0.0,1.0,0.0,0.0,16.0,25903.0
2026-07-30T19:00:26.668Z,196.151,196.164,0.0,7.4,0.0,0.0,0.0,0.0,0.0,0.0,0.0,0.0,1.0,0.0,0.0,0.0,9.0,4.0,0.0,0.0,0.0,0.0,0.0,0.0,0.0,0.0,4.0,12.0,1.0,12.17,5.01,2.5,1.49,0.0,0.0,0.0,0.4,0.0,0.9,1.3,0.6000000000000001,-169.60000000000002,0.0,0.0,169.70000000000002,0.0,21.3,29.6,29.6,30.200000000000003,300.0,300.0,31.3,35.300000000000004,29.4,28.700000000000003,30.5,4.96,2.0,4.96,0.16,0.0,0.0,1027.0,8228.0,0.0,0.0,0.0,0.0,0.0,1.0,0.0,0.0,0.0,0.0,0.0,1.9,0.0,-0.2,0.0,0.0001,16.0,25903.0
2026-07-30T19:00:26.687Z,196.17,196.176,0.0,7.4,0.0,0.0,0.0,0.0,0.0,0.0,0.0,0.0,1.0,0.0,0.0,0.0,9.0,4.0,0.0,0.0,0.0,0.0,0.0,0.0,0.0,0.0,5.0,12.0,1.0,12.17,5.01,2.5,1.49,0.0,0.1,0.0,0.4,0.0,-0.7000000000000001,0.1,0.0,-169.60000000000002,0.0,0.0,169.70000000000002,0.0,21.3,29.6,29.6,30.200000000000003,300.0,300.0,31.3,35.300000000000004,29.4,28.700000000000003,30.5,4.95,2.0,4.97,0.16,0.0,0.0,1027.0,8228.0,0.0,0.0,0.0,0.0,0.0,1.0,0.0,0.0,0.0,0.0,0.0,0.2,0.0,0.0,0.0,0.0001,16.0,25903.0
2026-07-30T19:00:26.693Z,196.176,196.188,0.0,7.4,0.0,0.0,0.0,0.0,0.0,0.0,0.0,0.0,1.0,0.0,0.0,0.0,9.0,4.0,0.0,0.0,0.0,0.0,0.0,0.0,0.0,0.0,5.0,12.0,1.0,12.17,5.01,2.5,1.49,0.0,0.0,0.0,0.4,0.0,0.4,0.1,0.0,-169.60000000000002,0.0,0.0,169.60000000000002,0.0,21.3,29.6,29.6,30.200000000000003,300.0,300.0,31.3,35.300000000000004,29.4,28.700000000000003,30.5,4.95,1.99,4.96,0.16,0.0,0.0,1027.0,8228.0,0.0,0.0,0.0,0.0,0.0,1.0,0.0,0.0,0.0,0.0,0.0,0.2,0.0,0.0,0.0,0.0001,16.0,25903.0
2026-07-30T19:00:26.703Z,196.186,196.2,0.0,7.4,0.0,0.0,0.0,0.0,0.0,0.0,0.0,0.0,1.0,0.0,0.0,0.0,9.0,4.0,0.0,0.0,0.0,0.0,0.0,0.0,0.0,0.0,3.0,12.0,1.0,12.17,5.01,2.5,1.49,0.0,0.1,0.0,0.4,0.0,-0.1,0.1,0.1,-169.60000000000002,0.0,0.0,169.70000000000002,0.0,21.3,29.6,29.6,30.200000000000003,300.0,300.0,31.3,35.300000000000004,29.4,28.700000000000003,30.5,4.96,2.0,4.96,0.16,0.0,0.0,1027.0,8228.0,0.0,0.0,0.0,0.0,0.0,1.0,0.0,0.0,0.0,0.0,0.0,0.2,0.0,0.0,0.0,0.0001,16.0,25903.0
2026-07-30T19:00:26.715Z,196.198,196.212,0.0,7.4,0.0,0.0,0.0,0.0,0.0,0.0,0.0,0.0,1.0,0.0,0.0,0.0,9.0,4.0,0.0,0.0,0.0,0.0,0.0,0.0,0.0,0.0,5.0,12.0,1.0,12.17,5.01,2.5,1.49,0.0,0.1,0.0,0.4,0.0,-0.1,-0.9,-1.0,-169.60000000000002,0.0,0.0,169.70000000000002,0.0,21.3,29.6,29.6,30.200000000000003,300.0,300.0,31.3,35.300000000000004,29.4,28.700000000000003,30.5,4.95,2.0,4.97,0.16,0.0,0.0,1027.0,8228.0,0.0,0.0,0.0,0.0,0.0,1.0,0.0,0.0,0.0,0.0,0.0,-1.9,0.0,0.7000000000000001,0.0,0.0002,16.0,25903.0
2026-07-30T19:00:26.727Z,196.21,196.224,0.0,7.4,0.0,0.0,0.0,0.0,0.0,0.0,0.0,0.0,1.0,0.0,0.0,0.0,9.0,4.0,0.0,0.0,0.0,0.0,0.0,0.0,0.0,0.0,6.0,12.0,1.0,12.17,5.01,2.5,1.49,0.0,0.0,0.0,0.4,0.0,-0.2,-1.0,0.0,-169.60000000000002,0.0,0.0,169.70000000000002,0.0,21.3,29.6,29.6,30.200000000000003,300.0,300.0,31.3,35.300000000000004,29.4,28.700000000000003,30.5,4.95,1.99,4.97,0.16,0.0,0.0,1027.0,8228.0,0.0,0.0,0.0,0.0,0.0,1.0,0.0,0.0,0.0,0.0,0.0,-1.1,0.0,-0.2,0.0,0.0,16.0,25903.0
2026-07-30T19:00:26.739Z,196.222,196.236,0.0,7.4,0.0,0.0,0.0,0.0,0.0,0.0,0.0,0.0,1.0,0.0,0.0,0.0,9.0,4.0,0.0,0.0,0.0,0.0,0.0,0.0,0.0,0.0,1.0,12.0,1.0,12.17,5.01,2.5,1.49,0.0,0.0,0.0,0.4,0.0,0.3,0.1,1.8,-169.60000000000002,0.0,0.0,169.8,0.0,21.3,29.6,29.6,30.200000000000003,300.0,300.0,31.3,35.300000000000004,29.4,28.700000000000003,30.5,4.95,2.0,4.96,0.16,0.0,0.0,1027.0,8228.0,0.0,0.0,0.0,0.0,0.0,1.0,0.0,0.0,0.0,0.0,0.0,1.5,0.0,-1.5,0.0,0.0001,16.0,25903.0
2026-07-30T19:00:26.751Z,196.234,196.248,0.0,7.4,0.0,0.0,0.0,0.0,0.0,0.0,0.0,0.0,1.0,0.0,0.0,0.0,9.0,4.0,0.0,0.0,0.0,0.0,0.0,0.0,0.0,0.0,2.0,12.0,1.0,12.15,5.01,2.51,1.49,0.0,0.0,0.0,0.5,0.0,-0.8,0.1,-0.5,-169.60000000000002,0.0,0.0,169.70000000000002,0.0,21.8,29.6,29.6,30.200000000000003,300.0,300.0,31.200000000000003,35.300000000000004,29.4,28.700000000000003,30.5,4.96,1.99,4.96,0.16,0.0,0.0,1027.0,8228.0,0.0,0.0,0.0,0.0,0.0,1.0,0.0,0.0,0.0,0.0,0.0,0.1,0.0,0.0,0.0,0.0002,16.0,25903.0
2026-07-30T19:00:26.763Z,196.246,196.26,0.0,7.4,0.0,0.0,0.0,0.0,0.0,0.0,0.0,0.0,1.0,0.0,0.0,0.0,9.0,4.0,0.0,0.0,0.0,0.0,0.0,0.0,0.0,0.0,3.0,12.0,1.0,12.15,5.01,2.51,1.49,0.0,0.0,0.0,0.4,0.0,0.3,-0.4,0.0,-169.60000000000002,0.0,0.0,169.70000000000002,0.0,21.8,29.6,29.6,30.200000000000003,300.0,300.0,31.200000000000003,35.300000000000004,29.4,28.700000000000003,30.5,4.96,1.99,4.97,0.16,0.0,0.0,1027.0,8228.0,0.0,0.0,0.0,0.0,0.0,1.0,0.0,0.0,0.0,0.0,0.0,-0.4,0.0,-0.1,0.0,0.0002,16.0,25903.0
2026-07-30T19:00:26.775Z,196.258,196.272,0.0,7.4,0.0,0.0,0.0,0.0,0.0,0.0,0.0,0.0,1.0,0.0,0.0,0.0,9.0,4.0,0.0,0.0,0.0,0.0,0.0,0.0,0.0,0.0,4.0,12.0,1.0,12.15,5.01,2.51,1.49,0.0,0.0,0.0,0.4,0.0,0.3,0.1,-0.6000000000000001,-169.60000000000002,0.0,0.0,169.70000000000002,0.0,21.8,29.6,29.6,30.200000000000003,300.0,300.0,31.200000000000003,35.300000000000004,29.4,28.700000000000003,30.5,4.96,1.99,4.97,0.16,0.0,0.0,1027.0,8228.0,0.0,0.0,0.0,0.0,0.0,1.0,0.0,0.0,0.0,0.0,0.0,-0.3,0.0,0.5,0.0,0.0001,16.0,25903.0
2026-07-30T19:00:26.787Z,196.27,196.284,0.0,7.4,0.0,0.0,0.0,0.0,0.0,0.0,0.0,0.0,1.0,0.0,0.0,0.0,9.0,4.0,0.0,0.0,0.0,0.0,0.0,0.0,0.0,0.0,5.0,12.0,1.0,12.15,5.01,2.51,1.49,0.0,0.0,0.0,0.4,0.0,0.8,0.1,-1.1,-169.60000000000002,0.0,0.0,169.70000000000002,0.0,21.8,29.6,29.6,30.200000000000003,300.0,300.0,31.200000000000003,35.300000000000004,29.4,28.700000000000003,30.5,4.96,2.0,4.96,0.16,0.0,0.0,1027.0,8228.0,0.0,0.0,0.0,0.0,0.0,1.0,0.0,0.0,0.0,0.0,0.0,-0.7000000000000001,0.0,1.0,0.0,0.0,16.0,25903.0
2026-07-30T19:00:26.799Z,196.282,196.296,0.0,7.4,0.0,0.0,0.0,0.0,0.0,0.0,0.0,0.0,1.0,0.0,0.0,0.0,9.0,4.0,0.0,0.0,0.0,0.0,0.0,0.0,0.0,0.0,6.0,12.0,1.0,12.15,5.01,2.51,1.49,0.0,0.0,0.0,0.4,0.0,-0.2,0.7000000000000001,0.0,-169.60000000000002,0.0,0.0,169.70000000000002,0.0,21.8,29.6,29.6,30.200000000000003,300.0,300.0,31.200000000000003,35.300000000000004,29.4,28.700000000000003,30.5,4.96,1.99,4.96,0.16,0.0,0.0,1027.0,8228.0,0.0,0.0,0.0,0.0,0.0,1.0,0.0,0.0,0.0,0.0,0.0,0.7000000000000001,0.0,0.1,0.0,0.0001,16.0,25903.0
2026-07-30T19:00:26.811Z,196.294,196.308,0.0,7.4,0.0,0.0,0.0,0.0,0.0,0.0,0.0,0.0,1.0,0.0,0.0,0.0,9.0,4.0,0.0,0.0,0.0,0.0,0.0,0.0,0.0,0.0,1.0,12.0,1.0,12.15,5.01,2.51,1.49,0.0,0.0,0.0,0.4,0.0,-0.8,-0.4,-1.2000000000000002,-169.60000000000002,0.0,0.0,169.60000000000002,0.0,21.8,29.6,29.6,30.200000000000003,300.0,300.0,31.200000000000003,35.300000000000004,29.4,28.700000000000003,30.5,4.95,1.99,4.97,0.16,0.0,0.0,1027.0,8228.0,0.0,0.0,0.0,0.0,0.0,1.0,0.0,0.0,0.0,0.0,0.0,0.7000000000000001,0.0,0.1,0.0,0.0002,16.0,25903.0
2026-07-30T19:00:26.823Z,196.306,196.32,0.0,7.4,0.0,0.0,0.0,0.0,0.0,0.0,0.0,0.0,1.0,0.0,0.0,0.0,9.0,4.0,0.0,0.0,0.0,0.0,0.0,0.0,0.0,0.0,2.0,12.0,1.0,12.15,5.01,2.51,1.49,0.0,0.0,0.0,0.4,0.0,-0.2,0.7000000000000001,0.0,-169.60000000000002,0.0,0.0,169.70000000000002,0.0,21.8,29.6,29.6,30.200000000000003,300.0,300.0,31.200000000000003,35.300000000000004,29.4,28.700000000000003,30.5,4.96,2.0,4.96,0.16,0.0,0.0,1027.0,8228.0,0.0,0.0,0.0,0.0,0.0,1.0,0.0,0.0,0.0,0.0,0.0,0.2,0.0,-1.0,0.0,0.0001,16.0,25903.0
2026-07-30T19:00:26.835Z,196.318,196.332,0.0,7.4,0.0,0.0,0.0,0.0,0.0,0.0,0.0,0.0,1.0,0.0,0.0,0.0,9.0,4.0,0.0,0.0,0.0,0.0,0.0,0.0,0.0,0.0,3.0,12.0,1.0,12.15,5.01,2.51,1.49,0.0,0.0,0.0,0.4,0.0,0.3,1.8,2.2,-169.60000000000002,0.0,0.0,169.70000000000002,0.0,21.8,29.6,29.6,30.200000000000003,300.0,300.0,31.200000000000003,35.300000000000004,29.4,28.700000000000003,30.5,4.96,1.99,4.97,0.16,0.0,0.0,1027.0,8228.0,0.0,0.0,0.0,0.0,0.0,1.0,0.0,0.0,0.0,0.0,0.0,3.8,0.0,-1.6,0.0,0.0002,16.0,25903.0
2026-07-30T19:00:26.849Z,196.332,196.344,0.0,7.4,0.0,0.0,0.0,0.0,0.0,0.0,0.0,0.0,1.0,0.0,0.0,0.0,9.0,4.0,0.0,0.0,0.0,0.0,0.0,0.0,0.0,0.0,4.0,12.0,1.0,12.18,5.0200000000000005,2.51,1.49,0.0,0.1,0.0,0.4,0.0,-0.2,0.1,-1.2000000000000002,-169.60000000000002,0.0,0.0,169.60000000000002,0.0,21.4,29.6,29.6,30.200000000000003,300.0,300.0,31.3,35.300000000000004,29.4,28.700000000000003,30.5,4.95,1.99,4.97,0.16,0.0,0.0,1027.0,8228.0,0.0,0.0,0.0,0.0,0.0,1.0,0.0,0.0,0.0,0.0,0.0,-0.8,0.0,1.1,0.0,0.0001,16.0,25903.0
2026-07-30T19:00:26.859Z,196.342,196.356,0.0,7.4,0.0,0.0,0.0,0.0,0.0,0.0,0.0,0.0,1.0,0.0,0.0,0.0,9.0,4.0,0.0,0.0,0.0,0.0,0.0,0.0,0.0,0.0,5.0,12.0,1.0,12.18,5.0200000000000005,2.51,1.49,0.0,0.0,0.0,0.4,0.0,-0.8,-0.4,0.4,-169.60000000000002,0.0,0.0,169.60000000000002,0.0,21.4,29.6,29.6,30.200000000000003,300.0,300.0,31.3,35.300000000000004,29.4,28.700000000000003,30.5,4.96,1.99,4.96,0.16,0.0,0.0,1027.0,8228.0,0.0,0.0,0.0,0.0,0.0,1.0,0.0,0.0,0.0,0.0,0.0,-0.1,0.0,-0.5,0.0,0.0002,16.0,25903.0
2026-07-30T19:00:26.871Z,196.354,196.368,0.0,7.4,0.0,0.0,0.0,0.0,0.0,0.0,0.0,0.0,1.0,0.0,0.0,0.0,9.0,4.0,0.0,0.0,0.0,0.0,0.0,0.0,0.0,0.0,6.0,12.0,1.0,12.18,5.0200000000000005,2.51,1.49,0.0,0.1,0.0,0.4,0.0,-0.3,0.7000000000000001,0.4,-169.60000000000002,0.0,0.0,169.60000000000002,0.0,21.4,29.6,29.6,30.200000000000003,300.0,300.0,31.3,35.300000000000004,29.4,28.700000000000003,30.5,4.96,2.0,4.96,0.16,0.0,0.0,1027.0,8228.0,0.0,0.0,0.0,0.0,0.0,1.0,0.0,0.0,0.0,0.0,0.0,1.2000000000000002,0.0,-0.2,0.0,0.0,16.0,25903.0
2026-07-30T19:00:26.883Z,196.366,196.38,0.0,7.4,0.0,0.0,0.0,0.0,0.0,0.0,0.0,0.0,1.0,0.0,0.0,0.0,9.0,4.0,0.0,0.0,0.0,0.0,0.0,0.0,0.0,0.0,1.0,12.0,1.0,12.18,5.0200000000000005,2.51,1.49,0.0,0.0,0.0,0.4,0.0,-0.3,0.1,-0.7000000000000001,-169.60000000000002,0.0,0.0,169.60000000000002,0.0,21.4,29.6,29.6,30.200000000000003,300.0,300.0,31.3,35.300000000000004,29.4,28.700000000000003,30.5,4.96,1.99,4.97,0.16,0.0,0.0,1027.0,8228.0,0.0,0.0,0.0,0.0,0.0,1.0,0.0,0.0,0.0,0.0,0.0,-0.3,0.0,0.6000000000000001,0.0,0.0,16.0,25903.0
2026-07-30T19:00:26.895Z,196.378,196.392,0.0,7.4,0.0,0.0,0.0,0.0,0.0,0.0,0.0,0.0,1.0,0.0,0.0,0.0,9.0,4.0,0.0,0.0,0.0,0.0,0.0,0.0,0.0,0.0,2.0,12.0,1.0,12.18,5.0200000000000005,2.51,1.49,0.0,0.0,0.0,0.4,0.0,-0.9,-0.4,0.9,-169.60000000000002,0.0,0.0,169.60000000000002,0.0,21.4,29.6,29.6,30.200000000000003,300.0,300.0,31.3,35.300000000000004,29.4,28.700000000000003,30.5,4.95,1.99,4.97,0.16,0.0,0.0,1027.0,8228.0,0.0,0.0,0.0,0.0,0.0,1.0,0.0,0.0,0.0,0.0,0.0,0.2,0.0,-0.9,0.0,0.0,16.0,25903.0
2026-07-30T19:00:26.907Z,196.39,196.404,0.0,7.4,0.0,0.0,0.0,0.0,0.0,0.0,0.0,0.0,1.0,0.0,0.0,0.0,9.0,4.0,0.0,0.0,0.0,0.0,0.0,0.0,0.0,0.0,4.0,12.0,1.0,12.18,5.0200000000000005,2.51,1.49,0.0,0.0,0.0,0.4,0.0,-0.3,0.7000000000000001,-0.7000000000000001,-169.60000000000002,0.0,0.0,169.70000000000002,0.0,21.4,29.6,29.6,30.200000000000003,300.0,300.0,31.3,35.300000000000004,29.4,28.700000000000003,30.5,4.96,1.99,4.96,0.16,0.0,0.0,1027.0,8228.0,0.0,0.0,0.0,0.0,0.0,1.0,0.0,0.0,0.0,0.0,0.0,0.2,0.0,0.8,0.0,0.0,16.0,25903.0
2026-07-30T19:00:26.919Z,196.402,196.416,0.0,7.4,0.0,0.0,0.0,0.0,0.0,0.0,0.0,0.0,1.0,0.0,0.0,0.0,9.0,4.0,0.0,0.0,0.0,0.0,0.0,0.0,0.0,0.0,5.0,12.0,1.0,12.18,5.0200000000000005,2.51,1.49,0.0,0.0,0.0,0.4,0.0,0.2,-0.4,-0.1,-169.60000000000002,0.0,0.0,169.60000000000002,0.0,21.4,29.6,29.6,30.200000000000003,300.0,300.0,31.3,35.300000000000004,29.4,28.700000000000003,30.5,4.95,1.99,4.96,0.16,0.0,0.0,1027.0,8228.0,0.0,0.0,0.0,0.0,0.0,1.0,0.0,0.0,0.0,0.0,0.0,-0.5,0.0,0.0,0.0,0.0,16.0,25903.0
2026-07-30T19:00:26.931Z,196.414,196.428,0.0,7.4,0.0,0.0,0.0,0.0,0.0,0.0,0.0,0.0,1.0,0.0,0.0,0.0,9.0,4.0,0.0,0.0,0.0,0.0,0.0,0.0,0.0,0.0,1.0,12.0,1.0,12.18,5.0200000000000005,2.51,1.49,0.0,0.0,0.0,0.4,0.0,0.2,0.7000000000000001,-0.1,-169.60000000000002,0.0,0.0,169.60000000000002,0.0,21.4,29.6,29.6,30.200000000000003,300.0,300.0,31.3,35.300000000000004,29.4,28.700000000000003,30.5,4.95,1.99,4.97,0.16,0.0,0.0,1027.0,8228.0,0.0,0.0,0.0,0.0,0.0,1.0,0.0,0.0,0.0,0.0,0.0,0.7000000000000001,0.0,0.2,0.0,0.0001,16.0,25903.0
2026-07-30T19:00:26.943Z,196.426,196.44,0.0,7.4,0.0,0.0,0.0,0.0,0.0,0.0,0.0,0.0,1.0,0.0,0.0,0.0,9.0,4.0,0.0,0.0,0.0,0.0,0.0,0.0,0.0,0.0,2.0,12.0,1.0,12.18,5.0200000000000005,2.51,1.49,0.0,0.0,0.0,0.4,0.0,0.2,0.1,0.0,-169.60000000000002,0.0,0.0,169.60000000000002,0.0,21.4,29.6,29.6,30.200000000000003,300.0,300.0,31.3,35.300000000000004,29.4,28.700000000000003,30.5,4.95,2.0,4.97,0.15,0.0,0.0,1027.0,8228.0,0.0,0.0,0.0,0.0,0.0,1.0,0.0,0.0,0.0,0.0,0.0,0.0,0.0,0.1,0.0,0.0,16.0,25903.0
2026-07-30T19:00:26.955Z,196.438,196.452,0.0,7.4,0.0,0.0,0.0,0.0,0.0,0.0,0.0,0.0,1.0,0.0,0.0,0.0,9.0,4.0,0.0,0.0,0.0,0.0,0.0,0.0,0.0,0.0,3.0,12.0,1.0,12.15,5.01,2.51,1.49,0.0,0.0,0.0,0.4,0.0,-0.3,-0.4,0.0,-169.60000000000002,0.0,0.0,169.60000000000002,0.0,21.8,29.6,29.6,30.200000000000003,300.0,300.0,31.3,35.300000000000004,29.4,28.700000000000003,30.5,4.95,2.0,4.96,0.16,0.0,0.0,1027.0,8228.0,0.0,0.0,0.0,0.0,0.0,1.0,0.0,0.0,0.0,0.0,0.0,-0.5,0.0,0.0,0.0,0.0,16.0,25903.0
2026-07-30T19:00:26.967Z,196.45,196.464,0.0,7.4,0.0,0.0,0.0,0.0,0.0,0.0,0.0,0.0,1.0,0.0,0.0,0.0,9.0,4.0,0.0,0.0,0.0,0.0,0.0,0.0,0.0,0.0,4.0,12.0,1.0,12.15,5.01,2.51,1.49,0.0,0.0,0.0,0.4,0.0,-0.3,0.1,-0.6000000000000001,-169.60000000000002,0.0,0.0,169.60000000000002,0.0,21.8,29.6,29.6,30.200000000000003,300.0,300.0,31.3,35.300000000000004,29.4,28.700000000000003,30.5,4.96,1.99,4.97,0.16,0.0,0.0,1027.0,8228.0,0.0,0.0,0.0,0.0,0.0,1.0,0.0,0.0,0.0,0.0,0.0,-0.3,0.0,0.6000000000000001,0.0,0.0,16.0,25903.0
2026-07-30T19:00:26.979Z,196.462,196.476,0.0,7.4,0.0,0.0,0.0,0.0,0.0,0.0,0.0,0.0,1.0,0.0,0.0,0.0,9.0,4.0,0.0,0.0,0.0,0.0,0.0,0.0,0.0,0.0,6.0,12.0,1.0,12.15,5.01,2.51,1.49,0.0,0.0,0.0,0.4,0.0,-0.2,0.1,0.5,-169.60000000000002,0.0,0.0,169.60000000000002,0.0,21.8,29.6,29.6,30.200000000000003,300.0,300.0,31.3,35.300000000000004,29.4,28.700000000000003,30.5,4.96,1.99,4.96,0.16,0.0,0.0,1027.0,8228.0,0.0,0.0,0.0,0.0,0.0,1.0,0.0,0.0,0.0,0.0,0.0,0.5,0.0,-0.4,0.0,0.0,16.0,25903.0
2026-07-30T19:00:26.991Z,196.474,196.488,0.0,7.4,0.0,0.0,0.0,0.0,0.0,0.0,0.0,0.0,1.0,0.0,0.0,0.0,9.0,4.0,0.0,0.0,0.0,0.0,0.0,0.0,0.0,0.0,1.0,12.0,1.0,12.15,5.01,2.51,1.49,0.0,0.1,0.0,0.4,0.0,0.3,0.0,-0.1,-169.60000000000002,0.0,0.0,169.60000000000002,0.0,21.8,29.6,29.6,30.200000000000003,300.0,300.0,31.3,35.300000000000004,29.4,28.700000000000003,30.5,4.96,1.99,4.96,0.16,0.0,0.0,1027.0,8228.0,0.0,0.0,0.0,0.0,0.0,1.0,0.0,0.0,0.0,0.0,0.0,0.0,0.0,0.1,0.0,0.0,16.0,25903.0
2026-07-30T19:00:27.009Z,196.492,196.5,0.0,7.4,0.0,0.0,0.0,0.0,0.0,0.0,0.0,0.0,1.0,0.0,0.0,0.0,9.0,4.0,0.0,0.0,0.0,0.0,0.0,0.0,0.0,0.0,2.0,12.0,1.0,12.15,5.01,2.51,1.49,0.0,0.0,0.0,0.4,0.0,0.3,-0.4,0.0,-169.60000000000002,0.0,0.0,169.60000000000002,0.0,21.8,29.6,29.6,30.200000000000003,300.0,300.0,31.3,35.300000000000004,29.4,28.700000000000003,30.5,4.95,1.99,4.97,0.16,0.0,0.0,1027.0,8228.0,0.0,0.0,0.0,0.0,0.0,1.0,0.0,0.0,0.0,0.0,0.0,-0.6000000000000001,0.0,0.0,0.0,0.0,16.0,25903.0
2026-07-30T19:00:27.015Z,196.498,196.512,0.0,7.4,0.0,0.0,0.0,0.0,0.0,0.0,0.0,0.0,1.0,0.0,0.0,0.0,9.0,4.0,0.0,0.0,0.0,0.0,0.0,0.0,0.0,0.0,5.0,12.0,1.0,12.15,5.01,2.51,1.49,0.0,0.0,0.0,0.4,0.0,0.8,-0.4,-0.1,-169.60000000000002,0.0,0.0,169.60000000000002,0.0,21.8,29.6,29.6,30.200000000000003,300.0,300.0,31.3,35.300000000000004,29.4,28.700000000000003,30.5,4.96,1.99,4.97,0.16,0.0,0.0,1027.0,8228.0,0.0,0.0,0.0,0.0,0.0,1.0,0.0,0.0,0.0,0.0,0.0,-0.6000000000000001,0.0,0.0,0.0,0.0,16.0,25903.0
2026-07-30T19:00:27.027Z,196.51,196.524,0.0,7.4,0.0,0.0,0.0,0.0,0.0,0.0,0.0,0.0,1.0,0.0,0.0,0.0,9.0,4.0,0.0,0.0,0.0,0.0,0.0,0.0,0.0,0.0,6.0,12.0,1.0,12.15,5.01,2.51,1.49,0.0,0.0,0.0,0.4,0.0,-0.2,0.0,-1.3,-169.60000000000002,0.0,0.0,169.60000000000002,0.0,21.8,29.6,29.6,30.200000000000003,300.0,300.0,31.3,35.300000000000004,29.4,28.700000000000003,30.5,4.96,1.99,4.96,0.16,0.0,0.0,1027.0,8228.0,0.0,0.0,0.0,0.0,0.0,1.0,0.0,0.0,0.0,0.0,0.0,-0.9,0.0,1.2000000000000002,0.0,0.0,16.0,25903.0
2026-07-30T19:00:27.039Z,196.522,196.536,0.0,7.4,0.0,0.0,0.0,0.0,0.0,0.0,0.0,0.0,1.0,0.0,0.0,0.0,9.0,4.0,0.0,0.0,0.0,0.0,0.0,0.0,0.0,0.0,2.0,12.0,1.0,12.15,5.01,2.51,1.49,0.0,0.0,0.0,0.4,0.0,0.3,0.0,-0.1,-169.60000000000002,0.0,0.0,169.60000000000002,0.0,21.8,29.6,29.6,30.200000000000003,300.0,300.0,31.3,35.300000000000004,29.4,28.700000000000003,30.5,4.96,1.99,4.96,0.16,0.0,0.0,1027.0,8228.0,0.0,0.0,0.0,0.0,0.0,1.0,0.0,0.0,0.0,0.0,0.0,0.0,0.0,0.1,0.0,0.0,16.0,25903.0
2026-07-30T19:00:27.052Z,196.535,196.548,0.0,7.4,0.0,0.0,0.0,0.0,0.0,0.0,0.0,0.0,1.0,0.0,0.0,0.0,9.0,4.0,0.0,0.0,0.0,0.0,0.0,0.0,0.0,0.0,3.0,12.0,1.0,12.19,5.0200000000000005,2.51,1.49,0.0,0.0,0.0,0.4,0.0,0.3,0.1,-0.1,-169.60000000000002,0.0,0.0,169.60000000000002,0.0,21.4,29.6,29.6,30.200000000000003,300.0,300.0,31.3,35.300000000000004,29.4,28.700000000000003,30.6,4.96,1.99,4.97,0.16,0.0,0.0,1027.0,8228.0,0.0,0.0,0.0,0.0,0.0,1.0,0.0,0.0,0.0,0.0,0.0,0.0,0.0,0.1,0.0,0.0,16.0,25903.0
2026-07-30T19:00:27.063Z,196.546,196.56,0.0,7.4,0.0,0.0,0.0,0.0,0.0,0.0,0.0,0.0,1.0,0.0,0.0,0.0,9.0,4.0,0.0,0.0,0.0,0.0,0.0,0.0,0.0,0.0,5.0,12.0,1.0,12.19,5.0200000000000005,2.51,1.49,0.0,0.0,0.0,0.4,0.0,-0.2,-0.4,0.9,-169.60000000000002,0.0,0.0,169.70000000000002,0.0,21.4,29.6,29.6,30.200000000000003,300.0,300.0,31.3,35.300000000000004,29.4,28.700000000000003,30.6,4.96,1.99,4.96,0.16,0.0,0.0,1027.0,8228.0,0.0,0.0,0.0,0.0,0.0,1.0,0.0,0.0,0.0,0.0,0.0,0.2,0.0,-0.9,0.0,0.0,16.0,25903.0
2026-07-30T19:00:27.075Z,196.558,196.572,0.0,7.4,0.0,0.0,0.0,0.0,0.0,0.0,0.0,0.0,1.0,0.0,0.0,0.0,9.0,4.0,0.0,0.0,0.0,0.0,0.0,0.0,0.0,0.0,6.0,12.0,1.0,12.19,5.0200000000000005,2.51,1.49,0.0,0.0,0.0,0.4,0.0,-0.2,-0.4,-0.1,-169.60000000000002,0.0,0.0,169.70000000000002,0.0,21.4,29.6,29.6,30.200000000000003,300.0,300.0,31.3,35.300000000000004,29.4,28.700000000000003,30.6,4.96,1.99,4.97,0.16,0.0,0.0,1027.0,8228.0,0.0,0.0,0.0,0.0,0.0,1.0,0.0,0.0,0.0,0.0,0.0,-0.6000000000000001,0.0,0.0,0.0,0.0,16.0,25903.0
2026-07-30T19:00:27.087Z,196.57,196.584,0.0,7.4,0.0,0.0,0.0,0.0,0.0,0.0,0.0,0.0,1.0,0.0,0.0,0.0,9.0,4.0,0.0,0.0,0.0,0.0,0.0,0.0,0.0,0.0,1.0,12.0,1.0,12.19,5.0200000000000005,2.51,1.49,0.0,0.0,0.0,0.4,0.0,0.3,0.7000000000000001,-0.7000000000000001,-169.60000000000002,0.0,0.0,169.8,0.0,21.4,29.6,29.6,30.200000000000003,300.0,300.0,31.3,35.300000000000004,29.4,28.700000000000003,30.6,4.95,1.99,4.97,0.16,0.0,0.0,1027.0,8228.0,0.0,0.0,0.0,0.0,0.0,1.0,0.0,0.0,0.0,0.0,0.0,0.2,0.0,0.7000000000000001,0.0,0.0,16.0,25903.0
2026-07-30T19:00:27.099Z,196.582,196.596,0.0,7.4,0.0,0.0,0.0,0.0,0.0,0.0,0.0,0.0,1.0,0.0,0.0,0.0,9.0,4.0,0.0,0.0,0.0,0.0,0.0,0.0,0.0,0.0,2.0,12.0,1.0,12.19,5.0200000000000005,2.51,1.49,0.0,0.0,0.0,0.4,0.0,0.9,-0.9,1.0,-169.60000000000002,0.0,0.0,169.8,0.0,21.4,29.6,29.6,30.200000000000003,300.0,300.0,31.3,35.300000000000004,29.4,28.700000000000003,30.6,4.96,1.99,4.96,0.16,0.0,0.0,1027.0,8228.0,0.0,0.0,0.0,0.0,0.0,1.0,0.0,0.0,0.0,0.0,0.0,-0.3,0.0,-1.1,0.0,0.0001,16.0,25903.0
2026-07-30T19:00:27.111Z,196.594,196.608,0.0,7.4,0.0,0.0,0.0,0.0,0.0,0.0,0.0,0.0,1.0,0.0,0.0,0.0,9.0,4.0,0.0,0.0,0.0,0.0,0.0,0.0,0.0,0.0,3.0,12.0,1.0,12.19,5.0200000000000005,2.51,1.49,0.0,0.0,0.0,0.4,0.0,0.3,-0.3,-1.2000000000000002,-169.60000000000002,0.0,0.0,169.60000000000002,0.0,21.4,29.6,29.6,30.200000000000003,300.0,300.0,31.3,35.300000000000004,29.4,28.700000000000003,30.6,4.95,1.99,4.96,0.16,0.0,0.0,1027.0,8228.0,0.0,0.0,0.0,0.0,0.0,1.0,0.0,0.0,0.0,0.0,0.0,-1.4,0.0,1.0,0.0,0.0,16.0,25903.0
2026-07-30T19:00:27.123Z,196.606,196.62,0.0,7.4,0.0,0.0,0.0,0.0,0.0,0.0,0.0,0.0,1.0,0.0,0.0,0.0,9.0,4.0,0.0,0.0,0.0,0.0,0.0,0.0,0.0,0.0,5.0,12.0,1.0,12.19,5.0200000000000005,2.51,1.49,0.0,0.0,0.0,0.4,0.0,0.4,0.7000000000000001,1.0,-169.60000000000002,0.0,0.0,169.60000000000002,0.0,21.4,29.6,29.6,30.200000000000003,300.0,300.0,31.3,35.300000000000004,29.4,28.700000000000003,30.6,4.95,1.99,4.97,0.16,0.0,0.0,1027.0,8228.0,0.0,0.0,0.0,0.0,0.0,1.0,0.0,0.0,0.0,0.0,0.0,1.7000000000000002,0.0,-0.7000000000000001,0.0,0.0001,16.0,25903.0
2026-07-30T19:00:27.135Z,196.618,196.632,0.0,7.4,0.0,0.0,0.0,0.0,0.0,0.0,0.0,0.0,1.0,0.0,0.0,0.0,9.0,4.0,0.0,0.0,0.0,0.0,0.0,0.0,0.0,0.0,6.0,12.0,1.0,12.19,5.0200000000000005,2.51,1.49,0.0,0.0,0.0,0.5,0.0,-0.7000000000000001,0.7000000000000001,0.0,-169.60000000000002,0.0,0.0,169.60000000000002,0.0,21.4,29.6,29.6,30.200000000000003,300.0,300.0,31.3,35.300000000000004,29.4,28.700000000000003,30.6,4.95,1.99,4.97,0.16,0.0,0.0,1027.0,8228.0,0.0,0.0,0.0,0.0,0.0,1.0,0.0,0.0,0.0,0.0,0.0,0.7000000000000001,0.0,0.2,0.0,0.0,16.0,25903.0
2026-07-30T19:00:27.147Z,196.63,196.644,0.0,7.4,0.0,0.0,0.0,0.0,0.0,0.0,0.0,0.0,1.0,0.0,0.0,0.0,9.0,4.0,0.0,0.0,0.0,0.0,0.0,0.0,0.0,0.0,1.0,12.0,1.0,12.19,5.0200000000000005,2.51,1.49,0.0,0.0,0.0,0.5,0.0,0.3,-0.4,-0.6000000000000001,-169.60000000000002,0.0,0.0,169.60000000000002,0.0,21.4,29.6,29.6,30.200000000000003,300.0,300.0,31.3,35.300000000000004,29.4,28.700000000000003,30.6,4.96,1.99,4.96,0.16,0.0,0.0,1027.0,8228.0,0.0,0.0,0.0,0.0,0.0,1.0,0.0,0.0,0.0,0.0,0.0,-0.9,0.0,0.4,0.0,0.0,16.0,25903.0
2026-07-30T19:00:27.159Z,196.642,196.656,0.0,7.4,0.0,0.0,0.0,0.0,0.0,0.0,0.0,0.0,1.0,0.0,0.0,0.0,9.0,4.0,0.0,0.0,0.0,0.0,0.0,0.0,0.0,0.0,2.0,12.0,1.0,12.15,5.01,2.51,1.49,0.0,0.0,0.0,0.4,0.0,-0.7000000000000001,-0.9,-1.1,-169.60000000000002,0.0,0.0,169.70000000000002,0.0,21.4,29.6,29.6,30.200000000000003,300.0,300.0,31.4,35.2,29.4,28.700000000000003,30.5,4.95,1.99,4.97,0.16,0.0,0.0,1027.0,8228.0,0.0,0.0,0.0,0.0,0.0,1.0,0.0,0.0,0.0,0.0,0.0,-1.9,0.0,0.8,0.0,0.0,16.0,25903.0
2026-07-30T19:00:27.171Z,196.654,196.668,0.0,7.4,0.0,0.0,0.0,0.0,0.0,0.0,0.0,0.0,1.0,0.0,0.0,0.0,9.0,4.0,0.0,0.0,0.0,0.0,0.0,0.0,0.0,0.0,3.0,12.0,1.0,12.15,5.01,2.51,1.49,0.0,0.0,0.0,0.5,0.0,0.3,0.2,-0.5,-169.60000000000002,0.0,0.0,169.60000000000002,0.0,21.4,29.6,29.6,30.200000000000003,300.0,300.0,31.4,35.2,29.4,28.700000000000003,30.5,4.95,1.99,4.97,0.16,0.0,0.0,1027.0,8228.0,0.0,0.0,0.0,0.0,0.0,1.0,0.0,0.0,0.0,0.0,0.0,-0.1,0.0,0.5,0.0,0.0,16.0,25903.0
2026-07-30T19:00:27.183Z,196.666,196.68,0.0,7.4,0.0,0.0,0.0,0.0,0.0,0.0,0.0,0.0,1.0,0.0,0.0,0.0,9.0,4.0,0.0,0.0,0.0,0.0,0.0,0.0,0.0,0.0,4.0,12.0,1.0,12.15,5.01,2.51,1.49,0.0,0.1,0.0,0.5,0.0,0.3,0.7000000000000001,0.0,-169.60000000000002,0.0,0.0,169.70000000000002,0.0,21.4,29.6,29.6,30.200000000000003,300.0,300.0,31.4,35.2,29.4,28.700000000000003,30.5,4.96,1.99,4.97,0.16,0.0,0.0,1027.0,8228.0,0.0,0.0,0.0,0.0,0.0,1.0,0.0,0.0,0.0,0.0,0.0,0.9,0.0,0.1,0.0,0.0,16.0,25903.0
2026-07-30T19:00:27.195Z,196.678,196.692,0.0,7.4,0.0,0.0,0.0,0.0,0.0,0.0,0.0,0.0,1.0,0.0,0.0,0.0,9.0,4.0,0.0,0.0,0.0,0.0,0.0,0.0,0.0,0.0,5.0,12.0,1.0,12.15,5.01,2.51,1.49,0.0,0.1,0.0,0.5,0.0,-0.2,-0.9,0.0,-169.60000000000002,0.0,0.0,169.60000000000002,0.0,21.4,29.6,29.6,30.200000000000003,300.0,300.0,31.4,35.2,29.4,28.700000000000003,30.5,4.95,1.99,4.97,0.16,0.0,0.0,1027.0,8228.0,0.0,0.0,0.0,0.0,0.0,1.0,0.0,0.0,0.0,0.0,0.0,-1.0,0.0,-0.2,0.0,0.0,16.0,25903.0
2026-07-30T19:00:27.207Z,196.69,196.704,0.0,7.4,0.0,0.0,0.0,0.0,0.0,0.0,0.0,0.0,1.0,0.0,0.0,0.0,9.0,4.0,0.0,0.0,0.0,0.0,0.0,0.0,0.0,0.0,6.0,12.0,1.0,12.15,5.01,2.51,1.49,-0.1,0.0,0.0,0.4,0.0,-0.2,0.2,-1.1,-169.60000000000002,0.0,0.0,169.60000000000002,0.0,21.4,29.6,29.6,30.200000000000003,300.0,300.0,31.4,35.2,29.4,28.700000000000003,30.5,4.95,1.99,4.97,0.16,0.0,0.0,1027.0,8228.0,0.0,0.0,0.0,0.0,0.0,1.0,0.0,0.0,0.0,0.0,0.0,-0.5,0.0,1.0,0.0,0.0,16.0,25903.0
2026-07-30T19:00:27.219Z,196.702,196.716,0.0,7.4,0.0,0.0,0.0,0.0,0.0,0.0,0.0,0.0,1.0,0.0,0.0,0.0,9.0,4.0,0.0,0.0,0.0,0.0,0.0,0.0,0.0,0.0,1.0,12.0,1.0,12.15,5.01,2.51,1.49,0.0,0.0,0.0,0.5,0.0,-0.2,0.1,-0.5,-169.60000000000002,0.0,0.0,169.60000000000002,0.0,21.4,29.6,29.6,30.200000000000003,300.0,300.0,31.4,35.2,29.4,28.700000000000003,30.5,4.95,1.99,4.96,0.16,0.0,0.0,1027.0,8228.0,0.0,0.0,0.0,0.0,0.0,1.0,0.0,0.0,0.0,0.0,0.0,-0.2,0.0,0.5,0.0,0.0,16.0,25903.0
2026-07-30T19:00:27.231Z,196.714,196.728,0.0,7.4,0.0,0.0,0.0,0.0,0.0,0.0,0.0,0.0,1.0,0.0,0.0,0.0,9.0,4.0,0.0,0.0,0.0,0.0,0.0,0.0,0.0,0.0,2.0,12.0,1.0,12.15,5.01,2.51,1.49,0.0,0.0,0.0,0.4,0.0,-0.2,-0.4,0.0,-169.60000000000002,0.0,0.0,169.60000000000002,0.0,21.4,29.6,29.6,30.200000000000003,300.0,300.0,31.4,35.2,29.4,28.700000000000003,30.5,4.95,1.99,4.96,0.16,0.0,0.0,1027.0,8228.0,0.0,0.0,0.0,0.0,0.0,1.0,0.0,0.0,0.0,0.0,0.0,-0.4,0.0,-0.1,0.0,0.0,16.0,25903.0
2026-07-30T19:00:27.243Z,196.726,196.74,0.0,7.4,0.0,0.0,0.0,0.0,0.0,0.0,0.0,0.0,1.0,0.0,0.0,0.0,9.0,4.0,0.0,0.0,0.0,0.0,0.0,0.0,0.0,0.0,3.0,12.0,1.0,12.15,5.01,2.51,1.49,0.0,0.0,0.0,0.4,0.0,0.3,-1.0,1.1,-169.60000000000002,0.0,0.0,169.70000000000002,0.0,21.4,29.6,29.6,30.200000000000003,300.0,300.0,31.4,35.2,29.4,28.700000000000003,30.5,4.95,1.99,4.97,0.16,0.0,0.0,1027.0,8228.0,0.0,0.0,0.0,0.0,0.0,1.0,0.0,0.0,0.0,0.0,0.0,-0.3,0.0,-1.2000000000000002,0.0,0.0,16.0,25903.0
2026-07-30T19:00:27.256Z,196.739,196.752,0.0,7.4,0.0,0.0,0.0,0.0,0.0,0.0,0.0,0.0,1.0,0.0,0.0,0.0,9.0,4.0,0.0,0.0,0.0,0.0,0.0,0.0,0.0,0.0,4.0,12.0,1.0,12.15,5.01,2.5,1.49,0.0,0.1,0.0,0.4,0.0,0.3,-0.5,0.6000000000000001,-169.60000000000002,0.0,0.0,169.70000000000002,0.0,21.200000000000003,29.6,29.6,30.200000000000003,300.0,300.0,31.3,35.1,29.4,28.700000000000003,30.5,4.95,1.99,4.97,0.16,0.0,0.0,1027.0,8228.0,0.0,0.0,0.0,0.0,0.0,1.0,0.0,0.0,0.0,0.0,0.0,0.9,0.0,-1.0,0.0,0.0,16.0,25903.0
2026-07-30T19:00:27.267Z,196.75,196.764,0.0,7.4,0.0,0.0,0.0,0.0,0.0,0.0,0.0,0.0,1.0,0.0,0.0,0.0,9.0,4.0,0.0,0.0,0.0,0.0,0.0,0.0,0.0,0.0,5.0,12.0,1.0,12.15,5.01,2.5,1.49,0.0,0.0,0.0,0.4,0.0,-0.2,0.0,-1.1,-169.60000000000002,0.0,0.0,169.60000000000002,0.0,21.200000000000003,29.6,29.6,30.200000000000003,300.0,300.0,31.3,35.1,29.4,28.700000000000003,30.5,4.95,2.0,4.97,0.16,0.0,0.0,1027.0,8228.0,0.0,0.0,0.0,0.0,0.0,1.0,0.0,0.0,0.0,0.0,0.0,-0.8,0.0,1.0,0.0,0.0,16.0,25903.0
2026-07-30T19:00:27.279Z,196.762,196.776,0.0,7.4,0.0,0.0,0.0,0.0,0.0,0.0,0.0,0.0,1.0,0.0,0.0,0.0,9.0,4.0,0.0,0.0,0.0,0.0,0.0,0.0,0.0,0.0,6.0,12.0,1.0,12.15,5.01,2.5,1.49,0.0,0.0,0.0,0.4,0.0,-0.3,-0.5,-1.2000000000000002,-169.60000000000002,0.0,0.0,169.60000000000002,0.0,21.200000000000003,29.6,29.6,30.200000000000003,300.0,300.0,31.3,35.1,29.4,28.700000000000003,30.5,4.95,1.99,4.97,0.16,0.0,0.0,1027.0,8228.0,0.0,0.0,0.0,0.0,0.0,1.0,0.0,0.0,0.0,0.0,0.0,-1.5,0.0,0.9,0.0,0.0,16.0,25903.0
2026-07-30T19:00:27.291Z,196.774,196.788,0.0,7.4,0.0,0.0,0.0,0.0,0.0,0.0,0.0,0.0,1.0,0.0,0.0,0.0,9.0,4.0,0.0,0.0,0.0,0.0,0.0,0.0,0.0,0.0,1.0,12.0,1.0,12.15,5.01,2.5,1.49,0.0,0.0,0.0,0.4,0.0,0.8,-0.5,0.0,-169.60000000000002,0.0,0.0,169.60000000000002,0.0,21.200000000000003,29.6,29.6,30.200000000000003,300.0,300.0,31.3,35.1,29.4,28.700000000000003,30.5,4.95,1.99,4.97,0.16,0.0,0.0,1027.0,8228.0,0.0,0.0,0.0,0.0,0.0,1.0,0.0,0.0,0.0,0.0,0.0,-0.7000000000000001,0.0,0.0,0.0,0.0,16.0,25903.0
2026-07-30T19:00:27.303Z,196.786,196.8,0.0,7.4,0.0,0.0,0.0,0.0,0.0,0.0,0.0,0.0,1.0,0.0,0.0,0.0,9.0,4.0,0.0,0.0,0.0,0.0,0.0,0.0,0.0,0.0,2.0,12.0,1.0,12.15,5.01,2.5,1.49,0.0,0.0,0.0,0.5,0.0,0.8,-0.6000000000000001,0.4,-169.60000000000002,0.0,0.0,169.70000000000002,0.0,21.200000000000003,29.6,29.6,30.200000000000003,300.0,300.0,31.3,35.1,29.4,28.700000000000003,30.5,4.96,2.0,4.96,0.16,0.0,0.0,1027.0,8228.0,0.0,0.0,0.0,0.0,0.0,1.0,0.0,0.0,0.0,0.0,0.0,-0.3,0.0,-0.5,0.0,0.0,16.0,25903.0
2026-07-30T19:00:27.319Z,196.802,196.812,0.0,7.4,0.0,0.0,0.0,0.0,0.0,0.0,0.0,0.0,1.0,0.0,0.0,0.0,9.0,4.0,0.0,0.0,0.0,0.0,0.0,0.0,0.0,0.0,3.0,12.0,1.0,12.15,5.01,2.5,1.49,0.0,0.0,0.0,0.4,0.0,-0.3,0.0,-0.1,-169.60000000000002,0.0,0.0,169.70000000000002,0.0,21.200000000000003,29.6,29.6,30.200000000000003,300.0,300.0,31.3,35.1,29.4,28.700000000000003,30.5,4.96,1.99,4.97,0.16,0.0,0.0,1027.0,8228.0,0.0,0.0,0.0,0.0,0.0,1.0,0.0,0.0,0.0,0.0,0.0,-0.1,0.0,0.1,0.0,0.0,16.0,25903.0
2026-07-30T19:00:27.333Z,196.816,196.824,0.0,7.4,0.0,0.0,0.0,0.0,0.0,0.0,0.0,0.0,1.0,0.0,0.0,0.0,9.0,4.0,0.0,0.0,0.0,0.0,0.0,0.0,0.0,0.0,2.0,12.0,1.0,12.15,5.01,2.5,1.49,0.0,0.0,0.0,0.5,0.0,0.8,0.0,-0.1,-169.60000000000002,0.0,0.0,169.70000000000002,0.0,21.200000000000003,29.6,29.6,30.200000000000003,300.0,300.0,31.3,35.1,29.4,28.700000000000003,30.5,4.95,1.99,4.97,0.16,0.0,0.0,1027.0,8228.0,0.0,0.0,0.0,0.0,0.0,1.0,0.0,0.0,0.0,0.0,0.0,1.0,0.0,-0.2,0.0,0.0,16.0,25903.0
2026-07-30T19:00:27.339Z,196.822,196.836,0.0,7.4,0.0,0.0,0.0,0.0,0.0,0.0,0.0,0.0,1.0,0.0,0.0,0.0,9.0,4.0,0.0,0.0,0.0,0.0,0.0,0.0,0.0,0.0,6.0,12.0,1.0,12.15,5.01,2.5,1.49,0.0,0.0,0.0,0.4,0.0,-0.3,-0.5,-0.1,-169.60000000000002,0.0,0.0,169.8,0.0,21.200000000000003,29.6,29.6,30.200000000000003,300.0,300.0,31.3,35.1,29.4,28.700000000000003,30.5,4.96,1.99,4.96,0.16,0.0,0.0,1027.0,8228.0,0.0,0.0,0.0,0.0,0.0,1.0,0.0,0.0,0.0,0.0,0.0,-0.7000000000000001,0.0,0.0,0.0,0.0,16.0,25903.0
2026-07-30T19:00:27.351Z,196.834,196.848,0.0,7.4,0.0,0.0,0.0,0.0,0.0,0.0,0.0,0.0,1.0,0.0,0.0,0.0,9.0,4.0,0.0,0.0,0.0,0.0,0.0,0.0,0.0,0.0,1.0,12.0,1.0,12.15,5.01,2.5,1.49,0.0,0.0,0.0,0.4,0.0,-0.8,-1.1,-1.3,-169.60000000000002,0.0,0.0,169.70000000000002,0.0,21.200000000000003,29.6,29.6,30.200000000000003,300.0,300.0,31.3,35.1,29.4,28.700000000000003,30.5,4.96,2.0,4.96,0.16,0.0,0.0,1027.0,8228.0,0.0,0.0,0.0,0.0,0.0,1.0,0.0,0.0,0.0,0.0,0.0,-2.3000000000000003,0.0,0.9,0.0,0.0002,16.0,25903.0
2026-07-30T19:00:27.363Z,196.846,196.86,0.0,7.4,0.0,0.0,0.0,0.0,0.0,0.0,0.0,0.0,1.0,0.0,0.0,0.0,9.0,4.0,0.0,0.0,0.0,0.0,0.0,0.0,0.0,0.0,2.0,12.0,1.0,12.17,5.0200000000000005,2.51,1.49,0.0,0.0,0.0,0.4,0.0,0.3,0.0,-0.1,-169.60000000000002,0.0,0.0,169.60000000000002,0.0,21.3,29.6,29.6,30.200000000000003,300.0,300.0,31.5,35.2,29.4,28.700000000000003,30.5,4.96,1.99,4.97,0.16,0.0,0.0,1027.0,8228.0,0.0,0.0,0.0,0.0,0.0,1.0,0.0,0.0,0.0,0.0,0.0,-0.1,0.0,0.1,0.0,0.0001,16.0,25903.0
2026-07-30T19:00:27.375Z,196.858,196.872,0.0,7.4,0.0,0.0,0.0,0.0,0.0,0.0,0.0,0.0,1.0,0.0,0.0,0.0,9.0,4.0,0.0,0.0,0.0,0.0,0.0,0.0,0.0,0.0,4.0,12.0,1.0,12.17,5.0200000000000005,2.51,1.49,0.0,0.0,0.0,0.4,0.0,-0.8,-0.5,-0.6000000000000001,-169.60000000000002,0.0,0.0,169.70000000000002,0.0,21.3,29.6,29.6,30.200000000000003,300.0,300.0,31.5,35.2,29.4,28.700000000000003,30.5,4.95,2.0,4.97,0.16,0.0,0.0,1027.0,8228.0,0.0,0.0,0.0,0.0,0.0,1.0,0.0,0.0,0.0,0.0,0.0,-1.1,0.0,0.4,0.0,0.0001,16.0,25903.0
2026-07-30T19:00:27.387Z,196.87,196.884,0.0,7.4,0.0,0.0,0.0,0.0,0.0,0.0,0.0,0.0,1.0,0.0,0.0,0.0,9.0,4.0,0.0,0.0,0.0,0.0,0.0,0.0,0.0,0.0,3.0,12.0,1.0,12.17,5.0200000000000005,2.51,1.49,0.0,0.0,0.0,0.4,0.0,-0.8,-1.1,0.5,-169.60000000000002,0.0,0.0,169.8,0.0,21.3,29.6,29.6,30.200000000000003,300.0,300.0,31.5,35.2,29.4,28.700000000000003,30.5,4.96,2.0,4.96,0.16,0.0,0.0,1027.0,8228.0,0.0,0.0,0.0,0.0,0.0,1.0,0.0,0.0,0.0,0.0,0.0,-0.8,0.0,-0.7000000000000001,0.0,0.0,16.0,25903.0
2026-07-30T19:00:27.399Z,196.882,196.896,0.0,7.4,0.0,0.0,0.0,0.0,0.0,0.0,0.0,0.0,1.0,0.0,0.0,0.0,9.0,4.0,0.0,0.0,0.0,0.0,0.0,0.0,0.0,0.0,5.0,12.0,1.0,12.17,5.0200000000000005,2.51,1.49,0.0,0.0,0.0,0.4,0.0,0.9,0.6000000000000001,-1.2000000000000002,-169.60000000000002,0.0,0.0,169.60000000000002,0.0,21.3,29.6,29.6,30.200000000000003,300.0,300.0,31.5,35.2,29.4,28.700000000000003,30.5,4.95,2.0,4.96,0.16,0.0,0.0,1027.0,8228.0,0.0,0.0,0.0,0.0,0.0,1.0,0.0,0.0,0.0,0.0,0.0,-0.1,0.0,1.2000000000000002,0.0,0.0002,16.0,25903.0
2026-07-30T19:00:27.411Z,196.894,196.908,0.0,7.4,0.0,0.0,0.0,0.0,0.0,0.0,0.0,0.0,1.0,0.0,0.0,0.0,9.0,4.0,0.0,0.0,0.0,0.0,0.0,0.0,0.0,0.0,5.0,12.0,1.0,12.17,5.0200000000000005,2.51,1.49,0.0,0.0,0.0,0.4,0.0,0.3,0.0,-0.6000000000000001,-169.60000000000002,0.0,0.0,169.60000000000002,0.0,21.3,29.6,29.6,30.200000000000003,300.0,300.0,31.5,35.2,29.4,28.700000000000003,30.5,4.95,1.99,4.97,0.16,0.0,0.0,1027.0,8228.0,0.0,0.0,0.0,0.0,0.0,1.0,0.0,0.0,0.0,0.0,0.0,-0.3,0.0,0.5,0.0,0.0001,16.0,25903.0
2026-07-30T19:00:27.423Z,196.906,196.92,0.0,7.4,0.0,0.0,0.0,0.0,0.0,0.0,0.0,0.0,1.0,0.0,0.0,0.0,9.0,4.0,0.0,0.0,0.0,0.0,0.0,0.0,0.0,0.0,6.0,12.0,1.0,12.17,5.0200000000000005,2.51,1.49,0.0,0.1,0.0,0.4,0.0,-0.8,0.6000000000000001,1.1,-169.60000000000002,0.0,0.0,169.60000000000002,0.0,21.3,29.6,29.6,30.200000000000003,300.0,300.0,31.5,35.2,29.4,28.700000000000003,30.5,4.96,2.0,4.97,0.16,0.0,0.0,1027.0,8228.0,0.0,0.0,0.0,0.0,0.0,1.0,0.0,0.0,0.0,0.0,0.0,1.5,0.0,-0.8,0.0,0.0001,16.0,25903.0
2026-07-30T19:00:27.435Z,196.918,196.932,0.0,7.4,0.0,0.0,0.0,0.0,0.0,0.0,0.0,0.0,1.0,0.0,0.0,0.0,9.0,4.0,0.0,0.0,0.0,0.0,0.0,0.0,0.0,0.0,1.0,12.0,1.0,12.17,5.0200000000000005,2.51,1.49,0.0,0.0,0.0,0.4,0.0,-0.2,0.0,-0.6000000000000001,-169.60000000000002,0.0,0.0,169.60000000000002,0.0,21.3,29.6,29.6,30.200000000000003,300.0,300.0,31.5,35.2,29.4,28.700000000000003,30.5,4.95,2.0,4.96,0.16,0.0,0.0,1027.0,8228.0,0.0,0.0,0.0,0.0,0.0,1.0,0.0,0.0,0.0,0.0,0.0,-0.3,0.0,0.5,0.0,0.0,16.0,25903.0
2026-07-30T19:00:27.447Z,196.93,196.944,0.0,7.4,0.0,0.0,0.0,0.0,0.0,0.0,0.0,0.0,1.0,0.0,0.0,0.0,9.0,4.0,0.0,0.0,0.0,0.0,0.0,0.0,0.0,0.0,2.0,12.0,1.0,12.17,5.0200000000000005,2.51,1.49,0.0,0.1,0.0,0.4,0.0,0.3,0.1,0.5,-169.60000000000002,0.0,0.0,169.70000000000002,0.0,21.3,29.6,29.6,30.200000000000003,300.0,300.0,31.5,35.2,29.4,28.700000000000003,30.5,4.95,1.99,4.97,0.16,0.0,0.0,1027.0,8228.0,0.0,0.0,0.0,0.0,0.0,1.0,0.0,0.0,0.0,0.0,0.0,0.5,0.0,-0.4,0.0,0.0,16.0,25903.0
2026-07-30T19:00:27.460Z,196.943,196.956,0.0,7.4,0.0,0.0,0.0,0.0,0.0,0.0,0.0,0.0,1.0,0.0,0.0,0.0,9.0,4.0,0.0,0.0,0.0,0.0,0.0,0.0,0.0,0.0,3.0,12.0,1.0,12.18,5.01,2.51,1.49,0.0,0.0,0.0,0.4,0.0,-0.2,0.7000000000000001,-1.2000000000000002,-169.60000000000002,0.0,0.0,169.8,0.0,21.700000000000003,29.6,29.6,30.200000000000003,300.0,300.0,31.3,35.1,29.4,28.700000000000003,30.5,4.95,1.99,4.96,0.16,0.0,0.0,1027.0,8228.0,0.0,0.0,0.0,0.0,0.0,1.0,0.0,0.0,0.0,0.0,0.0,-0.1,0.0,1.2000000000000002,0.0,0.0,16.0,25903.0
2026-07-30T19:00:27.471Z,196.954,196.968,0.0,7.4,0.0,0.0,0.0,0.0,0.0,0.0,0.0,0.0,1.0,0.0,0.0,0.0,9.0,4.0,0.0,0.0,0.0,0.0,0.0,0.0,0.0,0.0,5.0,12.0,1.0,12.18,5.01,2.51,1.49,0.0,0.0,0.0,0.4,0.0,0.9,1.2000000000000002,1.6,-169.60000000000002,0.0,0.0,169.70000000000002,0.0,21.700000000000003,29.6,29.6,30.200000000000003,300.0,300.0,31.3,35.1,29.4,28.700000000000003,30.5,4.95,1.99,4.96,0.16,0.0,0.0,1027.0,8228.0,0.0,0.0,0.0,0.0,0.0,1.0,0.0,0.0,0.0,0.0,0.0,2.7,0.0,-1.2000000000000002,0.0,0.0002,16.0,25903.0
2026-07-30T19:00:27.483Z,196.966,196.98,0.0,7.4,0.0,0.0,0.0,0.0,0.0,0.0,0.0,0.0,1.0,0.0,0.0,0.0,9.0,4.0,0.0,0.0,0.0,0.0,0.0,0.0,0.0,0.0,6.0,12.0,1.0,12.18,5.01,2.51,1.49,0.0,0.0,0.0,0.4,0.0,0.3,0.1,0.0,-169.60000000000002,0.0,0.0,169.70000000000002,0.0,21.700000000000003,29.6,29.6,30.200000000000003,300.0,300.0,31.3,35.1,29.4,28.700000000000003,30.5,4.96,1.99,4.97,0.16,0.0,0.0,1027.0,8228.0,0.0,0.0,0.0,0.0,0.0,1.0,0.0,0.0,0.0,0.0,0.0,0.0,0.0,0.1,0.0,0.0001,16.0,25903.0
2026-07-30T19:00:27.495Z,196.978,196.992,0.0,7.4,0.0,0.0,0.0,0.0,0.0,0.0,0.0,0.0,1.0,0.0,0.0,0.0,9.0,4.0,0.0,0.0,0.0,0.0,0.0,0.0,0.0,0.0,1.0,12.0,1.0,12.18,5.01,2.51,1.49,0.0,0.0,0.0,0.5,0.0,-0.2,-0.4,0.0,-169.60000000000002,0.0,0.0,169.60000000000002,0.0,21.700000000000003,29.6,29.6,30.200000000000003,300.0,300.0,31.3,35.1,29.4,28.700000000000003,30.5,4.96,1.99,4.97,0.16,0.0,0.0,1027.0,8228.0,0.0,0.0,0.0,0.0,0.0,1.0,0.0,0.0,0.0,0.0,0.0,-0.5,0.0,0.0,0.0,0.0001,16.0,25903.0
2026-07-30T19:00:27.507Z,196.99,197.004,0.0,7.4,0.0,0.0,0.0,0.0,0.0,0.0,0.0,0.0,1.0,0.0,0.0,0.0,9.0,4.0,0.0,0.0,0.0,0.0,0.0,0.0,0.0,0.0,2.0,12.0,1.0,12.18,5.01,2.51,1.49,0.0,0.0,0.0,0.4,0.0,-0.8,0.1,0.0,-169.60000000000002,0.0,0.0,169.70000000000002,0.0,21.700000000000003,29.6,29.6,30.200000000000003,300.0,300.0,31.3,35.1,29.4,28.700000000000003,30.5,4.96,2.0,4.97,0.16,0.0,0.0,1027.0,8228.0,0.0,0.0,0.0,0.0,0.0,1.0,0.0,0.0,0.0,0.0,0.0,0.0,0.0,0.0,0.0,0.0002,16.0,25903.0
2026-07-30T19:00:27.519Z,197.002,197.016,0.0,7.4,0.0,0.0,0.0,0.0,0.0,0.0,0.0,0.0,1.0,0.0,0.0,0.0,9.0,4.0,0.0,0.0,0.0,0.0,0.0,0.0,0.0,0.0,3.0,12.0,1.0,12.18,5.01,2.51,1.49,0.0,0.0,0.0,0.4,0.0,-0.2,1.2000000000000002,-0.6000000000000001,-169.60000000000002,0.0,0.0,169.60000000000002,0.0,21.700000000000003,29.6,29.6,30.200000000000003,300.0,300.0,31.3,35.1,29.4,28.700000000000003,30.5,4.95,1.99,4.97,0.16,0.0,0.0,1027.0,8228.0,0.0,0.0,0.0,0.0,0.0,1.0,0.0,0.0,0.0,0.0,0.0,0.9,0.0,0.8,0.0,0.0,16.0,25903.0
2026-07-30T19:00:27.531Z,197.014,197.028,0.0,7.4,0.0,0.0,0.0,0.0,0.0,0.0,0.0,0.0,1.0,0.0,0.0,0.0,9.0,4.0,0.0,0.0,0.0,0.0,0.0,0.0,0.0,0.0,4.0,12.0,1.0,12.18,5.01,2.51,1.49,0.0,0.0,0.0,0.4,0.0,0.3,-1.0,0.5,-169.60000000000002,0.0,0.0,169.60000000000002,0.0,21.700000000000003,29.6,29.6,30.200000000000003,300.0,300.0,31.3,35.1,29.4,28.700000000000003,30.5,4.95,1.99,4.97,0.16,0.0,0.0,1027.0,8228.0,0.0,0.0,0.0,0.0,0.0,1.0,0.0,0.0,0.0,0.0,0.0,-0.8,0.0,-0.7000000000000001,0.0,0.0001,16.0,25903.0
2026-07-30T19:00:27.543Z,197.026,197.04,0.0,7.4,0.0,0.0,0.0,0.0,0.0,0.0,0.0,0.0,1.0,0.0,0.0,0.0,9.0,4.0,0.0,0.0,0.0,0.0,0.0,0.0,0.0,0.0,5.0,12.0,1.0,12.18,5.01,2.51,1.49,0.0,0.1,0.0,0.4,0.0,-0.2,-1.0,0.5,-169.60000000000002,0.0,0.0,169.60000000000002,0.0,21.700000000000003,29.6,29.6,30.200000000000003,300.0,300.0,31.3,35.1,29.4,28.700000000000003,30.5,4.96,2.0,4.96,0.16,0.0,0.0,1027.0,8228.0,0.0,0.0,0.0,0.0,0.0,1.0,0.0,0.0,0.0,0.0,0.0,-0.8,0.0,-0.6000000000000001,0.0,0.0,16.0,25903.0
2026-07-30T19:00:27.555Z,197.038,197.052,0.0,7.4,0.0,0.0,0.0,0.0,0.0,0.0,0.0,0.0,1.0,0.0,0.0,0.0,9.0,4.0,0.0,0.0,0.0,0.0,0.0,0.0,0.0,0.0,6.0,12.0,1.0,12.18,5.01,2.51,1.49,0.0,0.0,0.0,0.4,0.0,-0.3,0.0,-1.7000000000000002,-169.60000000000002,0.0,0.0,169.8,0.0,21.700000000000003,29.6,29.6,30.200000000000003,300.0,300.0,31.3,35.1,29.4,28.700000000000003,30.5,4.96,1.99,4.97,0.16,0.0,0.0,1027.0,8228.0,0.0,0.0,0.0,0.0,0.0,1.0,0.0,0.0,0.0,0.0,0.0,-1.2000000000000002,0.0,1.5,0.0,0.0,16.0,25903.0
2026-07-30T19:00:27.567Z,197.05,197.064,0.0,7.4,0.0,0.0,0.0,0.0,0.0,0.0,0.0,0.0,1.0,0.0,0.0,0.0,9.0,4.0,0.0,0.0,0.0,0.0,0.0,0.0,0.0,0.0,1.0,12.0,1.0,12.18,5.01,2.51,1.49,0.0,0.0,0.0,0.4,0.0,0.2,0.0,1.1,-169.60000000000002,0.0,0.0,169.8,0.0,21.3,29.6,29.6,30.200000000000003,300.0,300.0,31.4,35.2,29.4,28.700000000000003,30.5,4.95,1.99,4.97,0.16,0.0,0.0,1027.0,8228.0,0.0,0.0,0.0,0.0,0.0,1.0,0.0,0.0,0.0,0.0,0.0,0.9,0.0,-0.9,0.0,0.0002,16.0,25903.0
2026-07-30T19:00:27.579Z,197.062,197.076,0.0,7.4,0.0,0.0,0.0,0.0,0.0,0.0,0.0,0.0,1.0,0.0,0.0,0.0,9.0,4.0,0.0,0.0,0.0,0.0,0.0,0.0,0.0,0.0,1.0,12.0,1.0,12.18,5.01,2.51,1.49,0.0,0.0,0.0,0.4,0.0,0.3,-0.4,0.5,-169.60000000000002,0.0,0.0,169.70000000000002,0.0,21.3,29.6,29.6,30.200000000000003,300.0,300.0,31.4,35.2,29.4,28.700000000000003,30.5,4.96,1.99,4.96,0.16,0.0,0.0,1027.0,8228.0,0.0,0.0,0.0,0.0,0.0,1.0,0.0,0.0,0.0,0.0,0.0,-0.1,0.0,-0.5,0.0,0.0001,16.0,25903.0
2026-07-30T19:00:27.591Z,197.074,197.088,0.0,7.4,0.0,0.0,0.0,0.0,0.0,0.0,0.0,0.0,1.0,0.0,0.0,0.0,9.0,4.0,0.0,0.0,0.0,0.0,0.0,0.0,0.0,0.0,2.0,12.0,1.0,12.18,5.01,2.51,1.49,0.0,0.0,0.0,0.4,0.0,0.3,-0.4,-0.6000000000000001,-169.60000000000002,0.0,0.0,169.70000000000002,0.0,21.3,29.6,29.6,30.200000000000003,300.0,300.0,31.4,35.2,29.4,28.700000000000003,30.5,4.95,2.0,4.97,0.16,0.0,0.0,1027.0,8228.0,0.0,0.0,0.0,0.0,0.0,1.0,0.0,0.0,0.0,0.0,0.0,-0.9,0.0,0.4,0.0,0.0001,16.0,25903.0
2026-07-30T19:00:27.603Z,197.086,197.1,0.0,7.4,0.0,0.0,0.0,0.0,0.0,0.0,0.0,0.0,1.0,0.0,0.0,0.0,9.0,4.0,0.0,0.0,0.0,0.0,0.0,0.0,0.0,0.0,4.0,12.0,1.0,12.18,5.01,2.51,1.49,0.0,0.0,0.0,0.4,0.0,0.3,1.2000000000000002,0.0,-169.60000000000002,0.0,0.0,169.70000000000002,0.0,21.3,29.6,29.6,30.200000000000003,300.0,300.0,31.4,35.2,29.4,28.700000000000003,30.5,4.95,1.99,4.97,0.16,0.0,0.0,1027.0,8228.0,0.0,0.0,0.0,0.0,0.0,1.0,0.0,0.0,0.0,0.0,0.0,1.4,0.0,0.2,0.0,0.0,16.0,25903.0
2026-07-30T19:00:27.615Z,197.098,197.112,0.0,7.4,0.0,0.0,0.0,0.0,0.0,0.0,0.0,0.0,1.0,0.0,0.0,0.0,9.0,4.0,0.0,0.0,0.0,0.0,0.0,0.0,0.0,0.0,5.0,12.0,1.0,12.18,5.01,2.51,1.49,0.0,0.0,0.0,0.4,0.0,0.9,1.2000000000000002,0.0,-169.60000000000002,0.0,0.0,169.70000000000002,0.0,21.3,29.6,29.6,30.200000000000003,300.0,300.0,31.4,35.2,29.4,28.700000000000003,30.5,4.96,1.99,4.97,0.16,0.0,0.0,1027.0,8228.0,0.0,0.0,0.0,0.0,0.0,1.0,0.0,0.0,0.0,0.0,0.0,1.4,0.0,0.2,0.0,0.0001,16.0,25903.0
2026-07-30T19:00:27.627Z,197.11,197.124,0.0,7.4,0.0,0.0,0.0,0.0,0.0,0.0,0.0,0.0,1.0,0.0,0.0,0.0,9.0,4.0,0.0,0.0,0.0,0.0,0.0,0.0,0.0,0.0,6.0,12.0,1.0,12.18,5.01,2.51,1.49,0.0,0.0,0.0,0.4,0.0,0.3,-0.5,1.1,-169.60000000000002,0.0,0.0,169.8,0.0,21.3,29.6,29.6,30.200000000000003,300.0,300.0,31.4,35.2,29.4,28.700000000000003,30.5,4.96,1.99,4.96,0.16,0.0,0.0,1027.0,8228.0,0.0,0.0,0.0,0.0,0.0,1.0,0.0,0.0,0.0,0.0,0.0,0.3,0.0,-1.1,0.0,0.0,16.0,25903.0
2026-07-30T19:00:27.650Z,197.133,197.136,0.0,7.4,0.0,0.0,0.0,0.0,0.0,0.0,0.0,0.0,1.0,0.0,0.0,0.0,9.0,4.0,0.0,0.0,0.0,0.0,0.0,0.0,0.0,0.0,1.0,12.0,1.0,12.18,5.01,2.51,1.49,0.0,0.0,0.0,0.4,0.0,0.8,-0.5,0.0,-169.60000000000002,0.0,0.0,169.70000000000002,0.0,21.3,29.6,29.6,30.200000000000003,300.0,300.0,31.4,35.2,29.4,28.700000000000003,30.5,4.95,1.99,4.96,0.16,0.0,0.0,1027.0,8228.0,0.0,0.0,0.0,0.0,0.0,1.0,0.0,0.0,0.0,0.0,0.0,-0.6000000000000001,0.0,0.0,0.0,0.0,16.0,25903.0
2026-07-30T19:00:27.654Z,197.137,197.148,0.0,7.4,0.0,0.0,0.0,0.0,0.0,0.0,0.0,0.0,1.0,0.0,0.0,0.0,9.0,4.0,0.0,0.0,0.0,0.0,0.0,0.0,0.0,0.0,6.0,12.0,1.0,12.18,5.01,2.51,1.49,-0.1,0.1,0.0,0.4,0.0,-0.2,0.6000000000000001,0.5,-169.60000000000002,0.0,0.0,169.60000000000002,0.0,21.3,29.6,29.6,30.200000000000003,300.0,300.0,31.4,35.2,29.4,28.700000000000003,30.5,4.95,1.99,4.96,0.16,0.0,0.0,1027.0,8228.0,0.0,0.0,0.0,0.0,0.0,1.0,0.0,0.0,0.0,0.0,0.0,1.1,0.0,-0.3,0.0,0.0,16.0,25903.0
2026-07-30T19:00:27.664Z,197.147,197.16,0.0,7.4,0.0,0.0,0.0,0.0,0.0,0.0,0.0,0.0,1.0,0.0,0.0,0.0,9.0,4.0,0.0,0.0,0.0,0.0,0.0,0.0,0.0,0.0,5.0,12.0,1.0,12.17,5.01,2.51,1.49,0.0,0.1,0.0,0.4,0.0,-0.8,-0.5,0.5,-169.60000000000002,0.0,0.0,169.60000000000002,0.0,21.9,29.6,29.6,30.200000000000003,300.0,300.0,31.3,35.300000000000004,29.4,28.700000000000003,30.5,4.96,2.0,4.96,0.16,0.0,0.0,1027.0,8228.0,0.0,0.0,0.0,0.0,0.0,1.0,0.0,0.0,0.0,0.0,0.0,-0.2,0.0,-0.5,0.0,0.0001,16.0,25903.0
2026-07-30T19:00:27.675Z,197.158,197.172,0.0,7.4,0.0,0.0,0.0,0.0,0.0,0.0,0.0,0.0,1.0,0.0,0.0,0.0,9.0,4.0,0.0,0.0,0.0,0.0,0.0,0.0,0.0,0.0,6.0,12.0,1.0,12.17,5.01,2.51,1.49,0.0,0.0,0.0,0.4,0.0,-0.2,0.6000000000000001,-0.6000000000000001,-169.60000000000002,0.0,0.0,169.60000000000002,0.0,21.9,29.6,29.6,30.200000000000003,300.0,300.0,31.3,35.300000000000004,29.4,28.700000000000003,30.5,4.95,2.0,4.96,0.16,0.0,0.0,1027.0,8228.0,0.0,0.0,0.0,0.0,0.0,1.0,0.0,0.0,0.0,0.0,0.0,0.2,0.0,0.6000000000000001,0.0,0.0,16.0,25903.0
2026-07-30T19:00:27.687Z,197.17,197.184,0.0,7.4,0.0,0.0,0.0,0.0,0.0,0.0,0.0,0.0,1.0,0.0,0.0,0.0,9.0,4.0,0.0,0.0,0.0,0.0,0.0,0.0,0.0,0.0,1.0,12.0,1.0,12.17,5.01,2.51,1.49,0.0,0.0,0.0,0.4,0.0,-0.2,0.1,0.0,-169.60000000000002,0.0,0.0,169.70000000000002,0.0,21.9,29.6,29.6,30.200000000000003,300.0,300.0,31.3,35.300000000000004,29.4,28.700000000000003,30.5,4.95,1.99,4.97,0.16,0.0,0.0,1027.0,8228.0,0.0,0.0,0.0,0.0,0.0,1.0,0.0,0.0,0.0,0.0,0.0,0.0,0.0,0.0,0.0,0.0,16.0,25903.0
2026-07-30T19:00:27.699Z,197.182,197.196,0.0,7.4,0.0,0.0,0.0,0.0,0.0,0.0,0.0,0.0,1.0,0.0,0.0,0.0,9.0,4.0,0.0,0.0,0.0,0.0,0.0,0.0,0.0,0.0,3.0,12.0,1.0,12.17,5.01,2.51,1.49,0.0,0.0,0.0,0.4,0.0,0.9,0.1,0.0,-169.60000000000002,0.0,0.0,169.70000000000002,0.0,21.9,29.6,29.6,30.200000000000003,300.0,300.0,31.3,35.300000000000004,29.4,28.700000000000003,30.5,4.95,1.99,4.96,0.16,0.0,0.0,1027.0,8228.0,0.0,0.0,0.0,0.0,0.0,1.0,0.0,0.0,0.0,0.0,0.0,0.0,0.0,0.0,0.0,0.0,16.0,25903.0
2026-07-30T19:00:27.711Z,197.194,197.208,0.0,7.4,0.0,0.0,0.0,0.0,0.0,0.0,0.0,0.0,1.0,0.0,0.0,0.0,9.0,4.0,0.0,0.0,0.0,0.0,0.0,0.0,0.0,0.0,4.0,12.0,1.0,12.17,5.01,2.51,1.49,0.0,0.0,0.0,0.4,0.0,-0.2,-0.5,-0.6000000000000001,-169.60000000000002,0.0,0.0,169.60000000000002,0.0,21.9,29.6,29.6,30.200000000000003,300.0,300.0,31.3,35.300000000000004,29.4,28.700000000000003,30.5,4.96,1.99,4.96,0.16,0.0,0.0,1027.0,8228.0,0.0,0.0,0.0,0.0,0.0,1.0,0.0,0.0,0.0,0.0,0.0,-1.0,0.0,0.5,0.0,0.0,16.0,25903.0
2026-07-30T19:00:27.723Z,197.206,197.22,0.0,7.4,0.0,0.0,0.0,0.0,0.0,0.0,0.0,0.0,1.0,0.0,0.0,0.0,9.0,4.0,0.0,0.0,0.0,0.0,0.0,0.0,0.0,0.0,5.0,12.0,1.0,12.17,5.01,2.51,1.49,0.0,0.0,0.0,0.4,0.0,0.3,0.6000000000000001,-0.1,-169.60000000000002,0.0,0.0,169.60000000000002,0.0,21.9,29.6,29.6,30.200000000000003,300.0,300.0,31.3,35.300000000000004,29.4,28.700000000000003,30.5,4.95,1.99,4.97,0.16,0.0,0.0,1027.0,8228.0,0.0,0.0,0.0,0.0,0.0,1.0,0.0,0.0,0.0,0.0,0.0,0.6000000000000001,0.0,0.2,0.0,0.0,16.0,25903.0
2026-07-30T19:00:27.735Z,197.218,197.232,0.0,7.4,0.0,0.0,0.0,0.0,0.0,0.0,0.0,0.0,1.0,0.0,0.0,0.0,9.0,4.0,0.0,0.0,0.0,0.0,0.0,0.0,0.0,0.0,6.0,12.0,1.0,12.17,5.01,2.51,1.49,0.0,0.0,0.0,0.5,0.0,-0.3,-0.5,0.4,-169.60000000000002,0.0,0.0,169.60000000000002,0.0,21.9,29.6,29.6,30.200000000000003,300.0,300.0,31.3,35.300000000000004,29.4,28.700000000000003,30.5,4.96,1.99,4.96,0.16,0.0,0.0,1027.0,8228.0,0.0,0.0,0.0,0.0,0.0,1.0,0.0,0.0,0.0,0.0,0.0,-0.2,0.0,-0.5,0.0,0.0,16.0,25903.0
2026-07-30T19:00:27.747Z,197.23,197.244,0.0,7.4,0.0,0.0,0.0,0.0,0.0,0.0,0.0,0.0,1.0,0.0,0.0,0.0,9.0,4.0,0.0,0.0,0.0,0.0,0.0,0.0,0.0,0.0,6.0,12.0,1.0,12.17,5.01,2.51,1.49,0.0,0.0,0.0,0.4,0.0,-0.3,0.5,1.0,-169.60000000000002,0.0,0.0,169.70000000000002,0.0,21.9,29.6,29.6,30.200000000000003,300.0,300.0,31.3,35.300000000000004,29.4,28.700000000000003,30.5,4.96,1.99,4.96,0.16,0.0,0.0,1027.0,8228.0,0.0,0.0,0.0,0.0,0.0,1.0,0.0,0.0,0.0,0.0,0.0,1.4,0.0,-0.8,0.0,0.0,16.0,25903.0
2026-07-30T19:00:27.759Z,197.242,197.256,0.0,7.4,0.0,0.0,0.0,0.0,0.0,0.0,0.0,0.0,1.0,0.0,0.0,0.0,9.0,4.0,0.0,0.0,0.0,0.0,0.0,0.0,0.0,0.0,2.0,12.0,1.0,12.17,5.01,2.51,1.49,0.0,0.0,0.0,0.4,0.0,0.3,1.1,-0.1,-169.60000000000002,0.0,0.0,169.70000000000002,0.0,21.9,29.6,29.6,30.200000000000003,300.0,300.0,31.3,35.300000000000004,29.4,28.700000000000003,30.5,4.95,1.99,4.96,0.16,0.0,0.0,1027.0,8228.0,0.0,0.0,0.0,0.0,0.0,1.0,0.0,0.0,0.0,0.0,0.0,1.1,0.0,0.3,0.0,0.0,16.0,25903.0
2026-07-30T19:00:27.771Z,197.254,197.268,0.0,7.4,0.0,0.0,0.0,0.0,0.0,0.0,0.0,0.0,1.0,0.0,0.0,0.0,9.0,4.0,0.0,0.0,0.0,0.0,0.0,0.0,0.0,0.0,3.0,12.0,1.0,12.17,5.0200000000000005,2.51,1.49,0.0,0.0,0.0,0.4,0.0,-0.2,-0.5,-0.2,-169.60000000000002,0.0,0.0,169.70000000000002,0.0,21.200000000000003,29.6,29.6,30.200000000000003,300.0,300.0,31.200000000000003,35.2,29.4,28.700000000000003,30.5,4.95,1.99,4.96,0.16,0.0,0.0,1027.0,8228.0,0.0,0.0,0.0,0.0,0.0,1.0,0.0,0.0,0.0,0.0,0.0,-0.8,0.0,0.0,0.0,0.0,16.0,25903.0
2026-07-30T19:00:27.783Z,197.266,197.28,0.0,7.4,0.0,0.0,0.0,0.0,0.0,0.0,0.0,0.0,1.0,0.0,0.0,0.0,9.0,4.0,0.0,0.0,0.0,0.0,0.0,0.0,0.0,0.0,4.0,12.0,1.0,12.17,5.0200000000000005,2.51,1.49,0.0,0.0,0.0,0.4,0.0,0.8,0.5,-0.2,-169.60000000000002,0.0,0.0,169.60000000000002,0.0,21.200000000000003,29.6,29.6,30.200000000000003,300.0,300.0,31.200000000000003,35.2,29.4,28.700000000000003,30.5,4.96,1.99,4.96,0.16,0.0,0.0,1027.0,8228.0,0.0,0.0,0.0,0.0,0.0,1.0,0.0,0.0,0.0,0.0,0.0,0.4,0.0,0.3,0.0,0.0001,16.0,25903.0
2026-07-30T19:00:27.795Z,197.278,197.292,0.0,7.4,0.0,0.0,0.0,0.0,0.0,0.0,0.0,0.0,1.0,0.0,0.0,0.0,9.0,4.0,0.0,0.0,0.0,0.0,0.0,0.0,0.0,0.0,5.0,12.0,1.0,12.17,5.0200000000000005,2.51,1.49,0.0,0.0,0.0,0.4,0.0,0.2,1.1,0.3,-169.60000000000002,0.0,0.0,169.70000000000002,0.0,21.200000000000003,29.6,29.6,30.200000000000003,300.0,300.0,31.200000000000003,35.2,29.4,28.700000000000003,30.5,4.96,1.99,4.97,0.16,0.0,0.0,1027.0,8228.0,0.0,0.0,0.0,0.0,0.0,1.0,0.0,0.0,0.0,0.0,0.0,1.5,0.0,0.0,0.0,0.0,16.0,25903.0
2026-07-30T19:00:27.807Z,197.29,197.304,0.0,7.4,0.0,0.0,0.0,0.0,0.0,0.0,0.0,0.0,1.0,0.0,0.0,0.0,9.0,4.0,0.0,0.0,0.0,0.0,0.0,0.0,0.0,0.0,6.0,12.0,1.0,12.17,5.0200000000000005,2.51,1.49,0.0,0.0,0.0,0.4,0.0,-0.8,-1.7000000000000002,-0.1,-169.60000000000002,0.0,0.0,169.60000000000002,0.0,21.200000000000003,29.6,29.6,30.200000000000003,300.0,300.0,31.200000000000003,35.2,29.4,28.700000000000003,30.5,4.95,2.0,4.97,0.16,0.0,0.0,1027.0,8228.0,0.0,0.0,0.0,0.0,0.0,1.0,0.0,0.0,0.0,0.0,0.0,-2.1,0.0,-0.2,0.0,0.0001,16.0,25903.0
2026-07-30T19:00:27.819Z,197.302,197.316,0.0,7.4,0.0,0.0,0.0,0.0,0.0,0.0,0.0,0.0,1.0,0.0,0.0,0.0,9.0,4.0,0.0,0.0,0.0,0.0,0.0,0.0,0.0,0.0,1.0,12.0,1.0,12.17,5.0200000000000005,2.51,1.49,0.0,0.0,0.0,0.4,0.0,0.2,0.0,-0.7000000000000001,-169.60000000000002,0.0,0.0,169.70000000000002,0.0,21.200000000000003,29.6,29.6,30.200000000000003,300.0,300.0,31.200000000000003,35.2,29.4,28.700000000000003,30.5,4.96,2.0,4.97,0.16,0.0,0.0,1027.0,8228.0,0.0,0.0,0.0,0.0,0.0,1.0,0.0,0.0,0.0,0.0,0.0,-0.5,0.0,0.6000000000000001,0.0,0.0001,16.0,25903.0
2026-07-30T19:00:27.831Z,197.314,197.328,0.0,7.4,0.0,0.0,0.0,0.0,0.0,0.0,0.0,0.0,1.0,0.0,0.0,0.0,9.0,4.0,0.0,0.0,0.0,0.0,0.0,0.0,0.0,0.0,1.0,12.0,1.0,12.17,5.0200000000000005,2.51,1.49,0.0,0.1,0.0,0.5,0.0,-0.2,-0.5,-0.2,-169.60000000000002,0.0,0.0,169.60000000000002,0.0,21.200000000000003,29.6,29.6,30.200000000000003,300.0,300.0,31.200000000000003,35.2,29.4,28.700000000000003,30.5,4.95,2.0,4.97,0.16,0.0,0.0,1027.0,8228.0,0.0,0.0,0.0,0.0,0.0,1.0,0.0,0.0,0.0,0.0,0.0,0.5,0.0,0.3,0.0,0.0,16.0,25903.0
2026-07-30T19:00:27.843Z,197.326,197.34,0.0,7.4,0.0,0.0,0.0,0.0,0.0,0.0,0.0,0.0,1.0,0.0,0.0,0.0,9.0,4.0,0.0,0.0,0.0,0.0,0.0,0.0,0.0,0.0,3.0,12.0,1.0,12.17,5.0200000000000005,2.51,1.49,0.0,0.0,0.0,0.4,0.0,0.2,1.1,0.9,-169.60000000000002,0.0,0.0,169.70000000000002,0.0,21.200000000000003,29.6,29.6,30.200000000000003,300.0,300.0,31.200000000000003,35.2,29.4,28.700000000000003,30.5,4.95,1.99,4.97,0.18,0.0,0.0,1027.0,8228.0,0.0,0.0,0.0,0.0,0.0,1.0,0.0,0.0,0.0,0.0,0.0,-0.6000000000000001,0.0,0.7000000000000001,0.0,0.0,16.0,25903.0
2026-07-30T19:00:27.855Z,197.338,197.352,0.0,7.4,0.0,0.0,0.0,0.0,0.0,0.0,0.0,0.0,1.0,0.0,0.0,0.0,9.0,4.0,0.0,0.0,0.0,0.0,0.0,0.0,0.0,0.0,4.0,12.0,1.0,12.17,5.0200000000000005,2.51,1.49,0.0,0.0,0.0,0.4,0.0,0.8,0.5,-0.8,-169.60000000000002,0.0,0.0,169.8,0.0,21.200000000000003,29.6,29.6,30.200000000000003,300.0,300.0,31.200000000000003,35.2,29.4,28.700000000000003,30.5,4.95,1.99,4.97,0.16,0.0,0.0,1027.0,8228.0,0.0,0.0,0.0,0.0,0.0,1.0,0.0,0.0,0.0,0.0,0.0,1.5,0.0,-1.8,0.0,0.0001,16.0,25903.0
2026-07-30T19:00:27.868Z,197.351,197.364,0.0,7.4,0.0,0.0,0.0,0.0,0.0,0.0,0.0,0.0,1.0,0.0,0.0,0.0,9.0,4.0,0.0,0.0,0.0,0.0,0.0,0.0,0.0,0.0,5.0,12.0,1.0,12.17,5.01,2.51,1.49,0.0,0.0,0.0,0.4,0.0,-0.8,-0.5,0.3,-169.60000000000002,0.0,0.0,169.8,0.0,21.700000000000003,29.6,29.6,30.200000000000003,300.0,300.0,31.200000000000003,35.2,29.5,28.700000000000003,30.5,4.96,1.99,4.96,0.16,0.0,0.0,1027.0,8228.0,0.0,0.0,0.0,0.0,0.0,1.0,0.0,0.0,0.0,0.0,0.0,-0.4,0.0,-0.4,0.0,0.0,16.0,25903.0
2026-07-30T19:00:27.879Z,197.362,197.376,0.0,7.4,0.0,0.0,0.0,0.0,0.0,0.0,0.0,0.0,1.0,0.0,0.0,0.0,9.0,4.0,0.0,0.0,0.0,0.0,0.0,0.0,0.0,0.0,6.0,12.0,1.0,12.17,5.01,2.51,1.49,0.0,0.0,0.0,0.4,0.0,-0.9,0.0,-0.1,-169.60000000000002,0.0,0.0,169.8,0.0,21.700000000000003,29.6,29.6,30.200000000000003,300.0,300.0,31.200000000000003,35.2,29.5,28.700000000000003,30.5,4.95,1.99,4.97,0.16,0.0,0.0,1027.0,8228.0,0.0,0.0,0.0,0.0,0.0,1.0,0.0,0.0,0.0,0.0,0.0,-0.1,0.0,0.1,0.0,0.0,16.0,25903.0
2026-07-30T19:00:27.891Z,197.374,197.388,0.0,7.4,0.0,0.0,0.0,0.0,0.0,0.0,0.0,0.0,1.0,0.0,0.0,0.0,9.0,4.0,0.0,0.0,0.0,0.0,0.0,0.0,0.0,0.0,1.0,12.0,1.0,12.17,5.01,2.51,1.49,0.0,0.0,0.0,0.4,0.0,-0.8,0.0,-1.3,-169.60000000000002,0.0,0.0,169.70000000000002,0.0,21.700000000000003,29.6,29.6,30.200000000000003,300.0,300.0,31.200000000000003,35.2,29.5,28.700000000000003,30.5,4.95,1.99,4.96,0.16,0.0,0.0,1027.0,8228.0,0.0,0.0,0.0,0.0,0.0,1.0,0.0,0.0,0.0,0.0,0.0,-1.0,0.0,1.1,0.0,0.0,16.0,25903.0
2026-07-30T19:00:27.903Z,197.386,197.4,0.0,7.4,0.0,0.0,0.0,0.0,0.0,0.0,0.0,0.0,1.0,0.0,0.0,0.0,9.0,4.0,0.0,0.0,0.0,0.0,0.0,0.0,0.0,0.0,2.0,12.0,1.0,12.17,5.01,2.51,1.49,0.0,0.1,0.0,0.5,0.0,-0.8,0.0,-0.6000000000000001,-169.60000000000002,0.0,0.0,169.70000000000002,0.0,21.700000000000003,29.6,29.6,30.200000000000003,300.0,300.0,31.200000000000003,35.2,29.5,28.700000000000003,30.5,4.96,1.99,4.96,0.16,0.0,0.0,1027.0,8228.0,0.0,0.0,0.0,0.0,0.0,1.0,0.0,0.0,0.0,0.0,0.0,-0.4,0.0,0.6000000000000001,0.0,0.0001,16.0,25903.0
2026-07-30T19:00:27.915Z,197.398,197.412,0.0,7.4,0.0,0.0,0.0,0.0,0.0,0.0,0.0,0.0,1.0,0.0,0.0,0.0,9.0,4.0,0.0,0.0,0.0,0.0,0.0,0.0,0.0,0.0,3.0,12.0,1.0,12.17,5.01,2.51,1.49,0.0,0.0,0.0,0.4,0.0,-0.2,-0.5,-0.1,-169.60000000000002,0.0,0.0,169.70000000000002,0.0,21.700000000000003,29.6,29.6,30.200000000000003,300.0,300.0,31.200000000000003,35.2,29.5,28.700000000000003,30.5,4.96,1.99,4.96,0.16,0.0,0.0,1027.0,8228.0,0.0,0.0,0.0,0.0,0.0,1.0,0.0,0.0,0.0,0.0,0.0,-0.6000000000000001,0.0,0.0,0.0,0.0,16.0,25903.0
2026-07-30T19:00:27.927Z,197.41,197.424,0.0,7.4,0.0,0.0,0.0,0.0,0.0,0.0,0.0,0.0,1.0,0.0,0.0,0.0,9.0,4.0,0.0,0.0,0.0,0.0,0.0,0.0,0.0,0.0,4.0,12.0,1.0,12.17,5.01,2.51,1.49,0.0,0.0,0.0,0.4,0.0,0.3,-1.1,-0.7000000000000001,-169.60000000000002,0.0,0.0,169.70000000000002,0.0,21.700000000000003,29.6,29.6,30.200000000000003,300.0,300.0,31.200000000000003,35.2,29.5,28.700000000000003,30.5,4.95,1.99,4.97,0.16,0.0,0.0,1027.0,8228.0,0.0,0.0,0.0,0.0,0.0,1.0,0.0,0.0,0.0,0.0,0.0,-1.8,0.0,0.3,0.0,0.0,16.0,25903.0
2026-07-30T19:00:27.939Z,197.422,197.436,0.0,7.4,0.0,0.0,0.0,0.0,0.0,0.0,0.0,0.0,1.0,0.0,0.0,0.0,9.0,4.0,0.0,0.0,0.0,0.0,0.0,0.0,0.0,0.0,4.0,12.0,1.0,12.17,5.01,2.51,1.49,0.0,0.0,0.0,0.4,0.0,-0.2,-1.1,-0.6000000000000001,-169.60000000000002,0.0,0.0,169.60000000000002,0.0,21.700000000000003,29.6,29.6,30.200000000000003,300.0,300.0,31.200000000000003,35.2,29.5,28.700000000000003,30.5,4.95,1.99,4.96,0.16,0.0,0.0,1027.0,8228.0,0.0,0.0,0.0,0.0,0.0,1.0,0.0,0.0,0.0,0.0,0.0,-1.7000000000000002,0.0,0.3,0.0,0.0,16.0,25903.0
2026-07-30T19:00:27.953Z,197.436,197.448,0.0,7.4,0.0,0.0,0.0,0.0,0.0,0.0,0.0,0.0,1.0,0.0,0.0,0.0,9.0,4.0,0.0,0.0,0.0,0.0,0.0,0.0,0.0,0.0,5.0,12.0,1.0,12.17,5.01,2.51,1.49,0.0,0.0,0.0,0.4,0.0,-0.8,-0.4,-0.6000000000000001,-169.60000000000002,0.0,0.0,169.70000000000002,0.0,21.700000000000003,29.6,29.6,30.200000000000003,300.0,300.0,31.200000000000003,35.2,29.5,28.700000000000003,30.5,4.95,1.99,4.96,0.16,0.0,0.0,1027.0,8228.0,0.0,0.0,0.0,0.0,0.0,1.0,0.0,0.0,0.0,0.0,0.0,-1.0,0.0,0.4,0.0,0.0,16.0,25903.0
2026-07-30T19:00:27.966Z,197.449,197.46,0.0,7.4,0.0,0.0,0.0,0.0,0.0,0.0,0.0,0.0,1.0,0.0,0.0,0.0,9.0,4.0,0.0,0.0,0.0,0.0,0.0,0.0,0.0,0.0,3.0,12.0,1.0,12.17,5.01,2.51,1.49,0.0,0.0,0.0,0.4,0.0,-0.2,0.6000000000000001,-0.6000000000000001,-169.60000000000002,0.0,0.0,169.70000000000002,0.0,21.700000000000003,29.6,29.6,30.200000000000003,300.0,300.0,31.200000000000003,35.2,29.5,28.700000000000003,30.5,4.95,1.99,4.97,0.16,0.0,0.0,1027.0,8228.0,0.0,0.0,0.0,0.0,0.0,1.0,0.0,0.0,0.0,0.0,0.0,0.3,0.0,0.6000000000000001,0.0,0.0,16.0,25903.0
2026-07-30T19:00:27.975Z,197.458,197.472,0.0,7.4,0.0,0.0,0.0,0.0,0.0,0.0,0.0,0.0,1.0,0.0,0.0,0.0,9.0,4.0,0.0,0.0,0.0,0.0,0.0,0.0,0.0,0.0,2.0,12.0,1.0,12.18,5.01,2.5,1.49,0.0,0.0,0.0,0.4,0.0,0.3,0.0,0.0,-169.60000000000002,0.0,0.0,169.60000000000002,0.0,21.200000000000003,29.6,29.6,30.200000000000003,300.0,300.0,31.200000000000003,35.2,29.5,28.700000000000003,30.5,4.96,1.99,4.97,0.16,0.0,0.0,1027.0,8228.0,0.0,0.0,0.0,0.0,0.0,1.0,0.0,0.0,0.0,0.0,0.0,0.0,0.0,0.0,0.0,0.0,16.0,25903.0
2026-07-30T19:00:27.987Z,197.47,197.484,0.0,7.4,0.0,0.0,0.0,0.0,0.0,0.0,0.0,0.0,1.0,0.0,0.0,0.0,9.0,4.0,0.0,0.0,0.0,0.0,0.0,0.0,0.0,0.0,3.0,12.0,1.0,12.18,5.01,2.5,1.49,0.0,0.0,0.0,0.4,0.0,0.3,0.0,-0.6000000000000001,-169.60000000000002,0.0,0.0,169.70000000000002,0.0,21.200000000000003,29.6,29.6,30.200000000000003,300.0,300.0,31.200000000000003,35.2,29.5,28.700000000000003,30.5,4.96,1.99,4.97,0.16,0.0,0.0,1027.0,8228.0,0.0,0.0,0.0,0.0,0.0,1.0,0.0,0.0,0.0,0.0,0.0,-0.4,0.0,0.5,0.0,0.0001,16.0,25903.0
2026-07-30T19:00:27.999Z,197.482,197.496,0.0,7.4,0.0,0.0,0.0,0.0,0.0,0.0,0.0,0.0,1.0,0.0,0.0,0.0,9.0,4.0,0.0,0.0,0.0,0.0,0.0,0.0,0.0,0.0,5.0,12.0,1.0,12.18,5.01,2.5,1.49,0.0,0.0,0.0,0.4,0.0,-0.2,0.6000000000000001,0.5,-169.60000000000002,0.0,0.0,169.60000000000002,0.0,21.200000000000003,29.6,29.6,30.200000000000003,300.0,300.0,31.200000000000003,35.2,29.5,28.700000000000003,30.5,4.95,1.99,4.97,0.16,0.0,0.0,1027.0,8228.0,0.0,0.0,0.0,0.0,0.0,1.0,0.0,0.0,0.0,0.0,0.0,1.1,0.0,-0.3,0.0,0.0,16.0,25903.0
2026-07-30T19:00:28.011Z,197.494,197.508,0.0,7.4,0.0,0.0,0.0,0.0,0.0,0.0,0.0,0.0,1.0,0.0,0.0,0.0,9.0,4.0,0.0,0.0,0.0,0.0,0.0,0.0,0.0,0.0,6.0,12.0,1.0,12.18,5.01,2.5,1.49,0.0,0.1,0.0,0.4,0.0,0.3,0.0,-0.6000000000000001,-169.60000000000002,0.0,0.0,169.60000000000002,0.0,21.200000000000003,29.6,29.6,30.200000000000003,300.0,300.0,31.200000000000003,35.2,29.5,28.700000000000003,30.5,4.96,1.99,4.97,0.16,0.0,0.0,1027.0,8228.0,0.0,0.0,0.0,0.0,0.0,1.0,0.0,0.0,0.0,0.0,0.0,-0.4,0.0,0.5,0.0,0.0,16.0,25903.0
2026-07-30T19:00:28.023Z,197.506,197.52,0.0,7.4,0.0,0.0,0.0,0.0,0.0,0.0,0.0,0.0,1.0,0.0,0.0,0.0,9.0,4.0,0.0,0.0,0.0,0.0,0.0,0.0,0.0,0.0,6.0,12.0,1.0,12.18,5.01,2.5,1.49,0.0,0.1,0.0,0.4,0.0,0.8,-0.6000000000000001,0.0,-169.60000000000002,0.0,0.0,169.60000000000002,0.0,21.200000000000003,29.6,29.6,30.200000000000003,300.0,300.0,31.200000000000003,35.2,29.5,28.700000000000003,30.5,4.95,1.99,4.96,0.16,0.0,0.0,1027.0,8228.0,0.0,0.0,0.0,0.0,0.0,1.0,0.0,0.0,0.0,0.0,0.0,-0.7000000000000001,0.0,0.0,0.0,0.0,16.0,25903.0
2026-07-30T19:00:28.035Z,197.518,197.532,0.0,7.4,0.0,0.0,0.0,0.0,0.0,0.0,0.0,0.0,1.0,0.0,0.0,0.0,9.0,4.0,0.0,0.0,0.0,0.0,0.0,0.0,0.0,0.0,2.0,12.0,1.0,12.18,5.01,2.5,1.49,0.0,0.0,0.0,0.4,0.0,0.2,1.6,0.5,-169.60000000000002,0.0,0.0,169.60000000000002,0.0,21.200000000000003,29.6,29.6,30.200000000000003,300.0,300.0,31.200000000000003,35.2,29.5,28.700000000000003,30.5,4.95,1.99,4.97,0.16,0.0,0.0,1027.0,8228.0,0.0,0.0,0.0,0.0,0.0,1.0,0.0,0.0,0.0,0.0,0.0,2.3000000000000003,0.0,-0.1,0.0,0.0,16.0,25903.0
2026-07-30T19:00:28.047Z,197.53,197.544,0.0,7.4,0.0,0.0,0.0,0.0,0.0,0.0,0.0,0.0,1.0,0.0,0.0,0.0,9.0,4.0,0.0,0.0,0.0,0.0,0.0,0.0,0.0,0.0,3.0,12.0,1.0,12.18,5.01,2.5,1.49,0.0,0.0,0.0,0.4,0.0,-0.8,1.1,1.1,-169.60000000000002,0.0,0.0,169.70000000000002,0.0,21.200000000000003,29.6,29.6,30.200000000000003,300.0,300.0,31.200000000000003,35.2,29.5,28.700000000000003,30.5,4.95,1.99,4.97,0.16,0.0,0.0,1027.0,8228.0,0.0,0.0,0.0,0.0,0.0,1.0,0.0,0.0,0.0,0.0,0.0,2.1,0.0,-0.7000000000000001,0.0,0.0,16.0,25903.0
2026-07-30T19:00:28.059Z,197.542,197.556,0.0,7.4,0.0,0.0,0.0,0.0,0.0,0.0,0.0,0.0,1.0,0.0,0.0,0.0,9.0,4.0,0.0,0.0,0.0,0.0,0.0,0.0,0.0,0.0,5.0,12.0,1.0,12.18,5.01,2.5,1.49,0.0,0.0,0.0,0.4,0.0,0.8,0.4,0.0,-169.60000000000002,0.0,0.0,169.70000000000002,0.0,21.200000000000003,29.6,29.6,30.200000000000003,300.0,300.0,31.200000000000003,35.2,29.5,28.700000000000003,30.5,4.96,1.99,4.96,0.16,0.0,0.0,1027.0,8228.0,0.0,0.0,0.0,0.0,0.0,1.0,0.0,0.0,0.0,0.0,0.0,0.5,0.0,0.1,0.0,0.0,16.0,25903.0
2026-07-30T19:00:28.072Z,197.555,197.568,0.0,7.4,0.0,0.0,0.0,0.0,0.0,0.0,0.0,0.0,1.0,0.0,0.0,0.0,9.0,4.0,0.0,0.0,0.0,0.0,0.0,0.0,0.0,0.0,6.0,12.0,1.0,12.17,5.01,2.51,1.49,0.0,0.1,0.0,0.4,0.0,-0.2,0.0,-0.6000000000000001,-169.60000000000002,0.0,0.0,169.70000000000002,0.0,21.9,29.6,29.6,30.200000000000003,300.0,300.0,31.3,35.2,29.4,28.6,30.5,4.95,2.0,4.96,0.16,0.0,0.0,1027.0,8228.0,0.0,0.0,0.0,0.0,0.0,1.0,0.0,0.0,0.0,0.0,0.0,-0.5,0.0,0.5,0.0,0.0,16.0,25903.0
2026-07-30T19:00:28.083Z,197.566,197.58,0.0,7.4,0.0,0.0,0.0,0.0,0.0,0.0,0.0,0.0,1.0,0.0,0.0,0.0,9.0,4.0,0.0,0.0,0.0,0.0,0.0,0.0,0.0,0.0,2.0,12.0,1.0,12.17,5.01,2.51,1.49,0.0,0.0,0.0,0.4,0.0,-0.2,-0.7000000000000001,-0.6000000000000001,-169.60000000000002,0.0,0.0,169.70000000000002,0.0,21.9,29.6,29.6,30.200000000000003,300.0,300.0,31.3,35.2,29.4,28.6,30.5,4.95,1.99,4.97,0.16,0.0,0.0,1027.0,8228.0,0.0,0.0,0.0,0.0,0.0,1.0,0.0,0.0,0.0,0.0,0.0,-1.2000000000000002,0.0,0.3,0.0,0.0,16.0,25903.0
2026-07-30T19:00:28.095Z,197.578,197.592,0.0,7.4,0.0,0.0,0.0,0.0,0.0,0.0,0.0,0.0,1.0,0.0,0.0,0.0,9.0,4.0,0.0,0.0,0.0,0.0,0.0,0.0,0.0,0.0,3.0,12.0,1.0,12.17,5.01,2.51,1.49,0.0,0.0,0.0,0.4,0.0,0.3,1.6,0.0,-169.60000000000002,0.0,0.0,169.70000000000002,0.0,21.9,29.6,29.6,30.200000000000003,300.0,300.0,31.3,35.2,29.4,28.6,30.5,4.95,1.99,4.97,0.16,0.0,0.0,1027.0,8228.0,0.0,0.0,0.0,0.0,0.0,1.0,0.0,0.0,0.0,0.0,0.0,1.8,0.0,0.3,0.0,0.0001,16.0,25903.0
2026-07-30T19:00:28.107Z,197.59,197.604,0.0,7.4,0.0,0.0,0.0,0.0,0.0,0.0,0.0,0.0,1.0,0.0,0.0,0.0,9.0,4.0,0.0,0.0,0.0,0.0,0.0,0.0,0.0,0.0,4.0,12.0,1.0,12.17,5.01,2.51,1.49,0.0,0.0,0.0,0.4,0.0,-0.2,-0.6000000000000001,0.0,-169.60000000000002,0.0,0.0,169.60000000000002,0.0,21.9,29.6,29.6,30.200000000000003,300.0,300.0,31.3,35.2,29.4,28.6,30.5,4.96,1.99,4.96,0.16,0.0,0.0,1027.0,8228.0,0.0,0.0,0.0,0.0,0.0,1.0,0.0,0.0,0.0,0.0,0.0,-0.8,0.0,-0.1,0.0,0.0001,16.0,25903.0
2026-07-30T19:00:28.119Z,197.602,197.616,0.0,7.4,0.0,0.0,0.0,0.0,0.0,0.0,0.0,0.0,1.0,0.0,0.0,0.0,9.0,4.0,0.0,0.0,0.0,0.0,0.0,0.0,0.0,0.0,5.0,12.0,1.0,12.17,5.01,2.51,1.49,0.0,0.0,0.0,0.5,0.0,0.3,-1.2000000000000002,-0.5,-169.60000000000002,0.0,0.0,169.70000000000002,0.0,21.9,29.6,29.6,30.200000000000003,300.0,300.0,31.3,35.2,29.4,28.6,30.5,4.95,1.99,4.97,0.16,0.0,0.0,1027.0,8228.0,0.0,0.0,0.0,0.0,0.0,1.0,0.0,0.0,0.0,0.0,0.0,-1.8,0.0,0.2,0.0,0.0001,16.0,25903.0
2026-07-30T19:00:28.131Z,197.614,197.628,0.0,7.4,0.0,0.0,0.0,0.0,0.0,0.0,0.0,0.0,1.0,0.0,0.0,0.0,9.0,4.0,0.0,0.0,0.0,0.0,0.0,0.0,0.0,0.0,6.0,12.0,1.0,12.17,5.01,2.51,1.49,0.0,0.0,0.0,0.5,0.0,0.3,0.0,0.5,-169.60000000000002,0.0,0.0,169.8,0.0,21.9,29.6,29.6,30.200000000000003,300.0,300.0,31.3,35.2,29.4,28.6,30.5,4.95,1.98,4.96,0.16,0.0,0.0,1027.0,8228.0,0.0,0.0,0.0,0.0,0.0,1.0,0.0,0.0,0.0,0.0,0.0,0.3,0.0,-0.5,0.0,0.0001,16.0,25903.0
2026-07-30T19:00:28.143Z,197.626,197.64,0.0,7.4,0.0,0.0,0.0,0.0,0.0,0.0,0.0,0.0,1.0,0.0,0.0,0.0,9.0,4.0,0.0,0.0,0.0,0.0,0.0,0.0,0.0,0.0,2.0,12.0,1.0,12.17,5.01,2.51,1.49,0.0,0.0,0.0,0.5,0.0,0.3,0.5,0.5,-169.60000000000002,0.0,0.0,169.8,0.0,21.9,29.6,29.6,30.200000000000003,300.0,300.0,31.3,35.2,29.4,28.6,30.5,4.96,2.0,4.96,0.16,0.0,0.0,1027.0,8228.0,0.0,0.0,0.0,0.0,0.0,1.0,0.0,0.0,0.0,0.0,0.0,1.0,0.0,-0.3,0.0,0.0002,16.0,25903.0
2026-07-30T19:00:28.155Z,197.638,197.652,0.0,7.4,0.0,0.0,0.0,0.0,0.0,0.0,0.0,0.0,1.0,0.0,0.0,0.0,9.0,4.0,0.0,0.0,0.0,0.0,0.0,0.0,0.0,0.0,3.0,12.0,1.0,12.17,5.01,2.51,1.49,0.0,0.1,0.0,0.4,0.0,0.3,0.0,0.5,-169.60000000000002,0.0,0.0,169.70000000000002,0.0,21.9,29.6,29.6,30.200000000000003,300.0,300.0,31.3,35.2,29.4,28.6,30.5,4.95,2.0,4.96,0.16,0.0,0.0,1027.0,8228.0,0.0,0.0,0.0,0.0,0.0,1.0,0.0,0.0,0.0,0.0,0.0,0.4,0.0,-0.5,0.0,0.0001,16.0,25903.0
2026-07-30T19:00:28.167Z,197.65,197.664,0.0,7.4,0.0,0.0,0.0,0.0,0.0,0.0,0.0,0.0,1.0,0.0,0.0,0.0,9.0,4.0,0.0,0.0,0.0,0.0,0.0,0.0,0.0,0.0,4.0,12.0,1.0,12.17,5.01,2.51,1.49,0.0,0.0,0.0,0.4,0.0,0.3,0.0,-0.5,-169.60000000000002,0.0,0.0,169.60000000000002,0.0,21.9,29.6,29.6,30.200000000000003,300.0,300.0,31.3,35.2,29.4,28.6,30.5,4.95,1.99,4.97,0.16,0.0,0.0,1027.0,8228.0,0.0,0.0,0.0,0.0,0.0,1.0,0.0,0.0,0.0,0.0,0.0,-0.4,0.0,0.5,0.0,0.0,16.0,25903.0
2026-07-30T19:00:28.179Z,197.662,197.676,0.0,7.4,0.0,0.0,0.0,0.0,0.0,0.0,0.0,0.0,1.0,0.0,0.0,0.0,9.0,4.0,0.0,0.0,0.0,0.0,0.0,0.0,0.0,0.0,6.0,12.0,1.0,12.15,5.01,2.51,1.49,0.0,0.1,0.0,0.4,0.0,0.3,1.1,1.7000000000000002,-169.60000000000002,0.0,0.0,169.60000000000002,0.0,21.700000000000003,29.6,29.6,30.200000000000003,300.0,300.0,31.3,35.2,29.4,28.700000000000003,30.5,4.95,1.99,4.96,0.16,0.0,0.0,1027.0,8228.0,0.0,0.0,0.0,0.0,0.0,1.0,0.0,0.0,0.0,0.0,0.0,2.6,0.0,-1.3,0.0,0.0002,16.0,25903.0
2026-07-30T19:00:28.191Z,197.674,197.688,0.0,7.4,0.0,0.0,0.0,0.0,0.0,0.0,0.0,0.0,1.0,0.0,0.0,0.0,9.0,4.0,0.0,0.0,0.0,0.0,0.0,0.0,0.0,0.0,1.0,12.0,1.0,12.15,5.01,2.51,1.49,0.0,0.0,0.0,0.4,0.0,-0.2,1.1,-0.6000000000000001,-169.60000000000002,0.0,0.0,169.60000000000002,0.0,21.700000000000003,29.6,29.6,30.200000000000003,300.0,300.0,31.3,35.2,29.4,28.700000000000003,30.5,4.96,1.99,4.96,0.16,0.0,0.0,1027.0,8228.0,0.0,0.0,0.0,0.0,0.0,1.0,0.0,0.0,0.0,0.0,0.0,0.8,0.0,0.7000000000000001,0.0,0.0001,16.0,25903.0
2026-07-30T19:00:28.203Z,197.686,197.7,0.0,7.4,0.0,0.0,0.0,0.0,0.0,0.0,0.0,0.0,1.0,0.0,0.0,0.0,9.0,4.0,0.0,0.0,0.0,0.0,0.0,0.0,0.0,0.0,3.0,12.0,1.0,12.15,5.01,2.51,1.49,0.0,0.0,0.0,0.4,0.0,0.9,0.0,0.0,-169.60000000000002,0.0,0.0,169.60000000000002,0.0,21.700000000000003,29.6,29.6,30.200000000000003,300.0,300.0,31.3,35.2,29.4,28.700000000000003,30.5,4.95,1.99,4.97,0.16,0.0,0.0,1027.0,8228.0,0.0,0.0,0.0,0.0,0.0,1.0,0.0,0.0,0.0,0.0,0.0,0.0,0.0,0.0,0.0,0.0,16.0,25903.0
2026-07-30T19:00:28.215Z,197.698,197.712,0.0,7.4,0.0,0.0,0.0,0.0,0.0,0.0,0.0,0.0,1.0,0.0,0.0,0.0,9.0,4.0,0.0,0.0,0.0,0.0,0.0,0.0,0.0,0.0,4.0,12.0,1.0,12.15,5.01,2.51,1.49,0.0,0.0,0.0,0.4,0.0,0.2,0.0,-1.2000000000000002,-169.60000000000002,0.0,0.0,169.70000000000002,0.0,21.700000000000003,29.6,29.6,30.200000000000003,300.0,300.0,31.3,35.2,29.4,28.700000000000003,30.5,4.96,1.99,4.96,0.16,0.0,0.0,1027.0,8228.0,0.0,0.0,0.0,0.0,0.0,1.0,0.0,0.0,0.0,0.0,0.0,-0.9,0.0,1.1,0.0,0.0,16.0,25903.0
2026-07-30T19:00:28.227Z,197.71,197.724,0.0,7.4,0.0,0.0,0.0,0.0,0.0,0.0,0.0,0.0,1.0,0.0,0.0,0.0,9.0,4.0,0.0,0.0,0.0,0.0,0.0,0.0,0.0,0.0,4.0,12.0,1.0,12.15,5.01,2.51,1.49,0.0,0.0,0.0,0.4,0.0,-0.2,0.5,0.0,-169.60000000000002,0.0,0.0,169.60000000000002,0.0,21.700000000000003,29.6,29.6,30.200000000000003,300.0,300.0,31.3,35.2,29.4,28.700000000000003,30.5,4.96,2.0,4.97,0.16,0.0,0.0,1027.0,8228.0,0.0,0.0,0.0,0.0,0.0,1.0,0.0,0.0,0.0,0.0,0.0,0.6000000000000001,0.0,0.1,0.0,0.0,16.0,25903.0
2026-07-30T19:00:28.239Z,197.722,197.736,0.0,7.4,0.0,0.0,0.0,0.0,0.0,0.0,0.0,0.0,1.0,0.0,0.0,0.0,9.0,4.0,0.0,0.0,0.0,0.0,0.0,0.0,0.0,0.0,5.0,12.0,1.0,12.15,5.01,2.51,1.49,0.0,0.0,0.0,0.4,0.0,-0.3,1.1,0.0,-169.60000000000002,0.0,0.0,169.70000000000002,0.0,21.700000000000003,29.6,29.6,30.200000000000003,300.0,300.0,31.3,35.2,29.4,28.700000000000003,30.5,4.95,1.99,4.97,0.16,0.0,0.0,1027.0,8228.0,0.0,0.0,0.0,0.0,0.0,1.0,0.0,0.0,0.0,0.0,0.0,1.2000000000000002,0.0,0.3,0.0,0.0,16.0,25903.0
2026-07-30T19:00:28.251Z,197.734,197.748,0.0,7.4,0.0,0.0,0.0,0.0,0.0,0.0,0.0,0.0,1.0,0.0,0.0,0.0,9.0,4.0,0.0,0.0,0.0,0.0,0.0,0.0,0.0,0.0,6.0,12.0,1.0,12.15,5.01,2.51,1.49,0.0,0.0,0.0,0.4,0.0,0.2,0.0,-0.6000000000000001,-169.60000000000002,0.0,0.0,169.60000000000002,0.0,21.700000000000003,29.6,29.6,30.200000000000003,300.0,300.0,31.3,35.2,29.4,28.700000000000003,30.5,4.95,1.99,4.97,0.16,0.0,0.0,1027.0,8228.0,0.0,0.0,0.0,0.0,0.0,1.0,0.0,0.0,0.0,0.0,0.0,-0.5,0.0,0.5,0.0,0.0,16.0,25903.0
2026-07-30T19:00:28.263Z,197.746,197.76,0.0,7.4,0.0,0.0,0.0,0.0,0.0,0.0,0.0,0.0,1.0,0.0,0.0,0.0,9.0,4.0,0.0,0.0,0.0,0.0,0.0,0.0,0.0,0.0,1.0,12.0,1.0,12.15,5.01,2.51,1.49,0.0,0.0,0.0,0.4,0.0,-0.3,-1.1,0.5,-169.60000000000002,0.0,0.0,169.70000000000002,0.0,21.700000000000003,29.6,29.6,30.200000000000003,300.0,300.0,31.3,35.2,29.4,28.700000000000003,30.5,4.96,1.99,4.96,0.16,0.0,0.0,1027.0,8228.0,0.0,0.0,0.0,0.0,0.0,1.0,0.0,0.0,0.0,0.0,0.0,-0.8,0.0,-0.7000000000000001,0.0,0.0,16.0,25903.0
2026-07-30T19:00:28.281Z,197.764,197.772,0.0,7.4,0.0,0.0,0.0,0.0,0.0,0.0,0.0,0.0,1.0,0.0,0.0,0.0,9.0,4.0,0.0,0.0,0.0,0.0,0.0,0.0,0.0,0.0,2.0,12.0,1.0,12.18,5.01,2.51,1.5,0.0,0.0,0.0,0.4,0.0,-0.3,0.0,-0.6000000000000001,-169.60000000000002,0.0,0.0,169.60000000000002,0.0,21.700000000000003,29.6,29.6,30.200000000000003,300.0,300.0,31.200000000000003,35.300000000000004,29.4,28.6,30.5,4.96,1.99,4.96,0.16,0.0,0.0,1027.0,8228.0,0.0,0.0,0.0,0.0,0.0,1.0,0.0,0.0,0.0,0.0,0.0,-0.4,0.0,0.5,0.0,0.0,16.0,25903.0
2026-07-30T19:00:28.287Z,197.77,197.784,0.0,7.4,0.0,0.0,0.0,0.0,0.0,0.0,0.0,0.0,1.0,0.0,0.0,0.0,9.0,4.0,0.0,0.0,0.0,0.0,0.0,0.0,0.0,0.0,6.0,12.0,1.0,12.18,5.01,2.51,1.5,0.0,0.0,0.0,0.4,0.0,-0.3,0.5,-1.2000000000000002,-169.60000000000002,0.0,0.0,169.70000000000002,0.0,21.700000000000003,29.6,29.6,30.200000000000003,300.0,300.0,31.200000000000003,35.300000000000004,29.4,28.6,30.5,4.95,1.99,4.96,0.16,0.0,0.0,1027.0,8228.0,0.0,0.0,0.0,0.0,0.0,1.0,0.0,0.0,0.0,0.0,0.0,-0.2,0.0,1.2000000000000002,0.0,0.0,16.0,25903.0
2026-07-30T19:00:28.299Z,197.782,197.796,0.0,7.4,0.0,0.0,0.0,0.0,0.0,0.0,0.0,0.0,1.0,0.0,0.0,0.0,9.0,4.0,0.0,0.0,0.0,0.0,0.0,0.0,0.0,0.0,5.0,12.0,1.0,12.18,5.01,2.51,1.5,0.0,0.0,0.0,0.4,0.0,0.2,1.7000000000000002,1.0,-169.60000000000002,0.0,0.0,169.70000000000002,0.0,21.700000000000003,29.6,29.6,30.200000000000003,300.0,300.0,31.200000000000003,35.300000000000004,29.4,28.6,30.5,4.96,1.99,4.97,0.16,0.0,0.0,1027.0,8228.0,0.0,0.0,0.0,0.0,0.0,1.0,0.0,0.0,0.0,0.0,0.0,2.8000000000000003,0.0,-0.5,0.0,0.0,16.0,25903.0
2026-07-30T19:00:28.311Z,197.794,197.808,0.0,7.4,0.0,0.0,0.0,0.0,0.0,0.0,0.0,0.0,1.0,0.0,0.0,0.0,9.0,4.0,0.0,0.0,0.0,0.0,0.0,0.0,0.0,0.0,1.0,12.0,1.0,12.18,5.01,2.51,1.5,-0.1,0.0,0.0,0.4,0.0,0.8,0.0,-0.1,-169.60000000000002,0.0,0.0,169.60000000000002,0.0,21.700000000000003,29.6,29.6,30.200000000000003,300.0,300.0,31.200000000000003,35.300000000000004,29.4,28.6,30.5,4.95,2.0,4.96,0.16,0.0,0.0,1027.0,8228.0,0.0,0.0,0.0,0.0,0.0,1.0,0.0,0.0,0.0,0.0,0.0,0.0,0.0,0.1,0.0,0.0,16.0,25903.0
2026-07-30T19:00:28.323Z,197.806,197.82,0.0,7.4,0.0,0.0,0.0,0.0,0.0,0.0,0.0,0.0,1.0,0.0,0.0,0.0,9.0,4.0,0.0,0.0,0.0,0.0,0.0,0.0,0.0,0.0,2.0,12.0,1.0,12.18,5.01,2.51,1.5,0.0,0.0,0.0,0.4,0.0,0.2,0.0,-1.3,-169.60000000000002,0.0,0.0,169.60000000000002,0.0,21.700000000000003,29.6,29.6,30.200000000000003,300.0,300.0,31.200000000000003,35.300000000000004,29.4,28.6,30.5,4.95,1.99,4.97,0.16,0.0,0.0,1027.0,8228.0,0.0,0.0,0.0,0.0,0.0,1.0,0.0,0.0,0.0,0.0,0.0,-0.9,0.0,1.1,0.0,0.0,16.0,25903.0
2026-07-30T19:00:28.335Z,197.818,197.832,0.0,7.4,0.0,0.0,0.0,0.0,0.0,0.0,0.0,0.0,1.0,0.0,0.0,0.0,9.0,4.0,0.0,0.0,0.0,0.0,0.0,0.0,0.0,0.0,2.0,12.0,1.0,12.18,5.01,2.51,1.5,0.0,0.0,0.0,0.4,0.0,0.2,0.6000000000000001,1.0,-169.60000000000002,0.0,0.0,169.60000000000002,0.0,21.700000000000003,29.6,29.6,30.200000000000003,300.0,300.0,31.200000000000003,35.300000000000004,29.4,28.6,30.5,4.95,1.99,4.97,0.16,0.0,0.0,1027.0,8228.0,0.0,0.0,0.0,0.0,0.0,1.0,0.0,0.0,0.0,0.0,0.0,1.5,0.0,0.1,0.0,0.0,16.0,25903.0
2026-07-30T19:00:28.347Z,197.83,197.844,0.0,7.4,0.0,0.0,0.0,0.0,0.0,0.0,0.0,0.0,1.0,0.0,0.0,0.0,9.0,4.0,0.0,0.0,0.0,0.0,0.0,0.0,0.0,0.0,4.0,12.0,1.0,12.18,5.01,2.51,1.5,0.0,0.0,0.0,0.4,0.0,-0.3,0.6000000000000001,-0.1,-169.60000000000002,0.0,0.0,169.70000000000002,0.0,21.700000000000003,29.6,29.6,30.200000000000003,300.0,300.0,31.200000000000003,35.300000000000004,29.4,28.6,30.5,4.96,1.99,4.96,0.16,0.0,0.0,1027.0,8228.0,0.0,0.0,0.0,0.0,0.0,1.0,0.0,0.0,0.0,0.0,0.0,-0.4,0.0,0.6000000000000001,0.0,0.0,16.0,25903.0
2026-07-30T19:00:28.359Z,197.842,197.856,0.0,7.4,0.0,0.0,0.0,0.0,0.0,0.0,0.0,0.0,1.0,0.0,0.0,0.0,9.0,4.0,0.0,0.0,0.0,0.0,0.0,0.0,0.0,0.0,5.0,12.0,1.0,12.18,5.01,2.51,1.5,0.0,0.1,0.0,0.4,0.0,-0.9,-0.5,-0.1,-169.60000000000002,0.0,0.0,169.60000000000002,0.0,21.700000000000003,29.6,29.6,30.200000000000003,300.0,300.0,31.200000000000003,35.300000000000004,29.4,28.6,30.5,4.95,1.99,4.96,0.16,0.0,0.0,1027.0,8228.0,0.0,0.0,0.0,0.0,0.0,1.0,0.0,0.0,0.0,0.0,0.0,0.3,0.0,-0.3,0.0,0.0,16.0,25903.0
2026-07-30T19:00:28.371Z,197.854,197.868,0.0,7.4,0.0,0.0,0.0,0.0,0.0,0.0,0.0,0.0,1.0,0.0,0.0,0.0,9.0,4.0,0.0,0.0,0.0,0.0,0.0,0.0,0.0,0.0,6.0,12.0,1.0,12.18,5.01,2.51,1.5,0.1,0.0,0.0,0.4,0.0,0.2,-0.6000000000000001,-0.7000000000000001,-169.60000000000002,0.0,0.0,169.60000000000002,0.0,21.700000000000003,29.6,29.6,30.200000000000003,300.0,300.0,31.200000000000003,35.300000000000004,29.4,28.6,30.5,4.96,2.0,4.96,0.16,0.0,0.0,1027.0,8228.0,0.0,0.0,0.0,0.0,0.0,1.0,0.0,0.0,0.0,0.0,0.0,3.1,0.0,-1.0,0.0,0.0,16.0,25903.0
2026-07-30T19:00:28.384Z,197.867,197.88,0.0,7.4,0.0,0.0,0.0,0.0,0.0,0.0,0.0,0.0,1.0,0.0,0.0,0.0,9.0,4.0,0.0,0.0,0.0,0.0,0.0,0.0,0.0,0.0,1.0,12.0,1.0,12.18,5.01,2.5,1.49,0.0,0.0,0.0,0.4,0.0,-0.3,0.5,-0.1,-169.60000000000002,0.0,0.0,169.60000000000002,0.0,21.8,29.6,29.6,30.200000000000003,300.0,300.0,31.200000000000003,35.300000000000004,29.4,28.700000000000003,30.5,4.96,1.99,4.96,0.16,0.0,0.0,1027.0,8228.0,0.0,0.0,0.0,0.0,0.0,1.0,0.0,0.0,0.0,0.0,0.0,0.5,0.0,0.2,0.0,0.0,16.0,25903.0
2026-07-30T19:00:28.395Z,197.878,197.892,0.0,7.4,0.0,0.0,0.0,0.0,0.0,0.0,0.0,0.0,1.0,0.0,0.0,0.0,9.0,4.0,0.0,0.0,0.0,0.0,0.0,0.0,0.0,0.0,2.0,12.0,1.0,12.18,5.01,2.5,1.49,0.0,0.0,0.0,0.4,0.0,-0.3,-1.2000000000000002,-0.6000000000000001,-169.60000000000002,0.0,0.0,169.60000000000002,0.0,21.8,29.6,29.6,30.200000000000003,300.0,300.0,31.200000000000003,35.300000000000004,29.4,28.700000000000003,30.5,4.95,1.99,4.96,0.16,0.0,0.0,1027.0,8228.0,0.0,0.0,0.0,0.0,0.0,1.0,0.0,0.0,0.0,0.0,0.0,-1.9,0.0,0.3,0.0,0.0,16.0,25903.0
2026-07-30T19:00:28.407Z,197.89,197.904,0.0,7.4,0.0,0.0,0.0,0.0,0.0,0.0,0.0,0.0,1.0,0.0,0.0,0.0,9.0,4.0,0.0,0.0,0.0,0.0,0.0,0.0,0.0,0.0,3.0,12.0,1.0,12.18,5.01,2.5,1.49,0.0,0.0,0.0,0.4,0.0,0.2,-0.6000000000000001,-0.6000000000000001,-169.60000000000002,0.0,0.0,169.60000000000002,0.0,21.8,29.6,29.6,30.200000000000003,300.0,300.0,31.200000000000003,35.300000000000004,29.4,28.700000000000003,30.5,4.95,1.99,4.97,0.16,0.0,0.0,1027.0,8228.0,0.0,0.0,0.0,0.0,0.0,1.0,0.0,0.0,0.0,0.0,0.0,-1.2000000000000002,0.0,0.4,0.0,0.0,16.0,25903.0
2026-07-30T19:00:28.419Z,197.902,197.916,0.0,7.4,0.0,0.0,0.0,0.0,0.0,0.0,0.0,0.0,1.0,0.0,0.0,0.0,9.0,4.0,0.0,0.0,0.0,0.0,0.0,0.0,0.0,0.0,4.0,12.0,1.0,12.18,5.01,2.5,1.49,0.0,0.0,0.0,0.4,0.0,-0.3,0.0,0.4,-169.60000000000002,0.0,0.0,169.60000000000002,0.0,21.8,29.6,29.6,30.200000000000003,300.0,300.0,31.200000000000003,35.300000000000004,29.4,28.700000000000003,30.5,4.96,1.99,4.96,0.16,0.0,0.0,1027.0,8228.0,0.0,0.0,0.0,0.0,0.0,1.0,0.0,0.0,0.0,0.0,0.0,0.2,0.0,-0.4,0.0,0.0,16.0,25903.0
2026-07-30T19:00:28.431Z,197.914,197.928,0.0,7.4,0.0,0.0,0.0,0.0,0.0,0.0,0.0,0.0,1.0,0.0,0.0,0.0,9.0,4.0,0.0,0.0,0.0,0.0,0.0,0.0,0.0,0.0,6.0,12.0,1.0,12.18,5.01,2.5,1.49,0.0,0.0,0.0,0.4,0.0,-0.3,0.0,1.0,-169.60000000000002,0.0,0.0,169.60000000000002,0.0,21.8,29.6,29.6,30.200000000000003,300.0,300.0,31.200000000000003,35.300000000000004,29.4,28.700000000000003,30.5,4.96,1.99,4.96,0.16,0.0,0.0,1027.0,8228.0,0.0,0.0,0.0,0.0,0.0,1.0,0.0,0.0,0.0,0.0,0.0,0.6000000000000001,0.0,-0.9,0.0,0.0,16.0,25903.0
2026-07-30T19:00:28.443Z,197.926,197.94,0.0,7.4,0.0,0.0,0.0,0.0,0.0,0.0,0.0,0.0,1.0,0.0,0.0,0.0,9.0,4.0,0.0,0.0,0.0,0.0,0.0,0.0,0.0,0.0,6.0,12.0,1.0,12.18,5.01,2.5,1.49,0.0,0.0,0.0,0.4,0.0,-0.9,0.5,-1.2000000000000002,-169.60000000000002,0.0,0.0,169.60000000000002,0.0,21.8,29.6,29.6,30.200000000000003,300.0,300.0,31.200000000000003,35.300000000000004,29.4,28.700000000000003,30.5,4.95,1.99,4.96,0.16,0.0,0.0,1027.0,8228.0,0.0,0.0,0.0,0.0,0.0,1.0,0.0,0.0,0.0,0.0,0.0,-0.2,0.0,1.2000000000000002,0.0,0.0,16.0,25903.0
2026-07-30T19:00:28.455Z,197.938,197.952,0.0,7.4,0.0,0.0,0.0,0.0,0.0,0.0,0.0,0.0,1.0,0.0,0.0,0.0,9.0,4.0,0.0,0.0,0.0,0.0,0.0,0.0,0.0,0.0,2.0,12.0,1.0,12.18,5.01,2.5,1.49,0.0,0.2,0.0,0.4,0.0,-0.3,-1.7000000000000002,-0.6000000000000001,-169.60000000000002,0.0,0.0,169.60000000000002,0.0,21.8,29.6,29.6,30.200000000000003,300.0,300.0,31.200000000000003,35.300000000000004,29.4,28.700000000000003,30.5,4.96,1.99,4.96,0.16,0.0,0.0,1027.0,8228.0,0.0,0.0,0.0,0.0,0.0,1.0,0.0,0.0,0.0,0.0,0.0,-2.4000000000000004,0.0,0.2,0.0,0.0,16.0,25903.0
2026-07-30T19:00:28.467Z,197.95,197.964,0.0,7.4,0.0,0.0,0.0,0.0,0.0,0.0,0.0,0.0,1.0,0.0,0.0,0.0,9.0,4.0,0.0,0.0,0.0,0.0,0.0,0.0,0.0,0.0,3.0,12.0,1.0,12.18,5.01,2.5,1.49,0.0,0.0,0.0,0.4,0.0,-0.3,1.2000000000000002,0.5,-169.60000000000002,0.0,0.0,169.60000000000002,0.0,21.8,29.6,29.6,30.200000000000003,300.0,300.0,31.200000000000003,35.300000000000004,29.4,28.700000000000003,30.5,4.95,2.0,4.97,0.16,0.0,0.0,1027.0,8228.0,0.0,0.0,0.0,0.0,0.0,1.0,0.0,0.0,0.0,0.0,0.0,1.7000000000000002,0.0,-0.1,0.0,0.0,16.0,25903.0
2026-07-30T19:00:28.480Z,197.963,197.976,0.0,7.4,0.0,0.0,0.0,0.0,0.0,0.0,0.0,0.0,1.0,0.0,0.0,0.0,9.0,4.0,0.0,0.0,0.0,0.0,0.0,0.0,0.0,0.0,4.0,12.0,1.0,12.17,5.0200000000000005,2.51,1.49,0.0,0.1,0.0,0.4,0.0,0.7000000000000001,1.2000000000000002,0.4,-169.60000000000002,0.0,0.0,169.70000000000002,0.0,21.3,29.6,29.6,30.200000000000003,300.0,300.0,31.3,35.2,29.4,28.700000000000003,30.5,4.95,1.99,4.97,0.16,0.0,0.0,1027.0,8228.0,0.0,0.0,0.0,0.0,0.0,1.0,0.0,0.0,0.0,0.0,0.0,1.7000000000000002,0.0,-0.1,0.0,0.0,16.0,25903.0
2026-07-30T19:00:28.491Z,197.974,197.988,0.0,7.4,0.0,0.0,0.0,0.0,0.0,0.0,0.0,0.0,1.0,0.0,0.0,0.0,9.0,4.0,0.0,0.0,0.0,0.0,0.0,0.0,0.0,0.0,5.0,12.0,1.0,12.17,5.0200000000000005,2.51,1.49,0.0,0.1,0.0,0.4,0.0,0.2,-1.1,-0.7000000000000001,-169.60000000000002,0.0,0.0,169.60000000000002,0.0,21.3,29.6,29.6,30.200000000000003,300.0,300.0,31.3,35.2,29.4,28.700000000000003,30.5,4.95,2.0,4.97,0.16,0.0,0.0,1027.0,8228.0,0.0,0.0,0.0,0.0,0.0,1.0,0.0,0.0,0.0,0.0,0.0,-1.8,0.0,0.3,0.0,0.0,16.0,25903.0
2026-07-30T19:00:28.503Z,197.986,198.0,0.0,7.4,0.0,0.0,0.0,0.0,0.0,0.0,0.0,0.0,1.0,0.0,0.0,0.0,9.0,4.0,0.0,0.0,0.0,0.0,0.0,0.0,0.0,0.0,6.0,12.0,1.0,12.17,5.0200000000000005,2.51,1.49,0.0,0.0,0.0,0.4,0.0,0.2,0.6000000000000001,-0.1,-169.60000000000002,0.0,0.0,169.60000000000002,0.0,21.3,29.6,29.6,30.200000000000003,300.0,300.0,31.3,35.2,29.4,28.700000000000003,30.5,4.96,2.0,4.96,0.15,0.0,0.0,1027.0,8228.0,0.0,0.0,0.0,0.0,0.0,1.0,0.0,0.0,0.0,0.0,0.0,0.5,0.0,0.2,0.0,0.0,16.0,25903.0
2026-07-30T19:00:28.516Z,197.999,198.012,0.0,7.4,0.0,0.0,0.0,0.0,0.0,0.0,0.0,0.0,1.0,0.0,0.0,0.0,9.0,4.0,0.0,0.0,0.0,0.0,0.0,0.0,0.0,0.0,1.0,12.0,1.0,12.17,5.0200000000000005,2.51,1.49,0.0,0.0,0.0,0.4,0.0,0.2,0.0,-0.6000000000000001,-169.60000000000002,0.0,0.0,169.60000000000002,0.0,21.3,29.6,29.6,30.200000000000003,300.0,300.0,31.3,35.2,29.4,28.700000000000003,30.5,4.95,1.99,4.97,0.15,0.0,0.0,1027.0,8228.0,0.0,0.0,0.0,0.0,0.0,1.0,0.0,0.0,0.0,0.0,0.0,-0.4,0.0,0.6000000000000001,0.0,0.0,16.0,25903.0
2026-07-30T19:00:28.527Z,198.01,198.024,0.0,7.4,0.0,0.0,0.0,0.0,0.0,0.0,0.0,0.0,1.0,0.0,0.0,0.0,9.0,4.0,0.0,0.0,0.0,0.0,0.0,0.0,0.0,0.0,2.0,12.0,1.0,12.17,5.0200000000000005,2.51,1.49,0.0,0.0,0.0,0.4,0.0,0.2,0.0,0.0,-169.60000000000002,0.0,0.0,169.60000000000002,0.0,21.3,29.6,29.6,30.200000000000003,300.0,300.0,31.3,35.2,29.4,28.700000000000003,30.5,4.95,1.99,4.96,0.16,0.0,0.0,1027.0,8228.0,0.0,0.0,0.0,0.0,0.0,1.0,0.0,0.0,0.0,0.0,0.0,0.0,0.0,0.0,0.0,0.0,16.0,25903.0
2026-07-30T19:00:28.540Z,198.023,198.036,0.0,7.4,0.0,0.0,0.0,0.0,0.0,0.0,0.0,0.0,1.0,0.0,0.0,0.0,9.0,4.0,0.0,0.0,0.0,0.0,0.0,0.0,0.0,0.0,3.0,12.0,1.0,12.17,5.0200000000000005,2.51,1.49,0.0,0.1,0.0,0.4,0.0,-0.9,0.6000000000000001,0.0,-169.60000000000002,0.0,0.0,169.60000000000002,0.0,21.3,29.6,29.6,30.200000000000003,300.0,300.0,31.3,35.2,29.4,28.700000000000003,30.5,4.96,1.99,4.96,0.16,0.0,0.0,1027.0,8228.0,0.0,0.0,0.0,0.0,0.0,1.0,0.0,0.0,0.0,0.0,0.0,0.6000000000000001,0.0,0.1,0.0,0.0,16.0,25903.0
2026-07-30T19:00:28.551Z,198.034,198.048,0.0,7.4,0.0,0.0,0.0,0.0,0.0,0.0,0.0,0.0,1.0,0.0,0.0,0.0,9.0,4.0,0.0,0.0,0.0,0.0,0.0,0.0,0.0,0.0,4.0,12.0,1.0,12.17,5.0200000000000005,2.51,1.49,0.0,0.0,0.0,0.4,0.0,0.2,0.0,1.1,-169.60000000000002,0.0,0.0,169.60000000000002,0.0,21.3,29.6,29.6,30.200000000000003,300.0,300.0,31.3,35.2,29.4,28.700000000000003,30.5,4.95,1.99,4.97,0.16,0.0,0.0,1027.0,8228.0,0.0,0.0,0.0,0.0,0.0,1.0,0.0,0.0,0.0,0.0,0.0,0.9,0.0,-1.0,0.0,0.0,16.0,25903.0
2026-07-30T19:00:28.563Z,198.046,198.06,0.0,7.4,0.0,0.0,0.0,0.0,0.0,0.0,0.0,0.0,1.0,0.0,0.0,0.0,9.0,4.0,0.0,0.0,0.0,0.0,0.0,0.0,0.0,0.0,5.0,12.0,1.0,12.17,5.0200000000000005,2.51,1.49,0.0,0.0,0.0,0.4,0.0,0.2,0.6000000000000001,-1.1,-169.60000000000002,0.0,0.0,169.60000000000002,0.0,21.3,29.6,29.6,30.200000000000003,300.0,300.0,31.3,35.2,29.4,28.700000000000003,30.5,4.96,1.99,4.97,0.16,0.0,0.0,1027.0,8228.0,0.0,0.0,0.0,0.0,0.0,1.0,0.0,0.0,0.0,0.0,0.0,-0.2,0.0,1.1,0.0,0.0,16.0,25903.0
2026-07-30T19:00:28.575Z,198.058,198.072,0.0,7.4,0.0,0.0,0.0,0.0,0.0,0.0,0.0,0.0,1.0,0.0,0.0,0.0,9.0,4.0,0.0,0.0,0.0,0.0,0.0,0.0,0.0,0.0,6.0,12.0,1.0,12.17,5.0200000000000005,2.51,1.49,0.0,0.0,0.0,0.4,0.0,0.2,-1.1,0.0,-169.60000000000002,0.0,0.0,169.70000000000002,0.0,21.3,29.6,29.6,30.200000000000003,300.0,300.0,31.3,35.2,29.4,28.700000000000003,30.5,4.96,2.0,4.96,0.16,0.0,0.0,1027.0,8228.0,0.0,0.0,0.0,0.0,0.0,1.0,0.0,0.0,0.0,0.0,0.0,-1.3,0.0,-0.1,0.0,0.0,16.0,25903.0
2026-07-30T19:00:28.593Z,198.076,198.084,0.0,7.4,0.0,0.0,0.0,0.0,0.0,0.0,0.0,0.0,1.0,0.0,0.0,0.0,9.0,4.0,0.0,0.0,0.0,0.0,0.0,0.0,0.0,0.0,1.0,12.0,1.0,12.17,5.01,2.51,1.49,0.0,0.0,0.0,0.4,0.0,-0.3,0.6000000000000001,1.6,-169.60000000000002,0.0,0.0,169.70000000000002,0.0,21.9,29.6,29.6,30.200000000000003,300.0,300.0,31.3,35.2,29.4,28.700000000000003,30.5,4.96,1.99,4.96,0.15,0.0,0.0,1027.0,8228.0,0.0,0.0,0.0,0.0,0.0,1.0,0.0,0.0,0.0,0.0,0.0,1.9,0.0,-1.3,0.0,0.0001,16.0,25903.0
2026-07-30T19:00:28.599Z,198.082,198.096,0.0,7.4,0.0,0.0,0.0,0.0,0.0,0.0,0.0,0.0,1.0,0.0,0.0,0.0,9.0,4.0,0.0,0.0,0.0,0.0,0.0,0.0,0.0,0.0,5.0,12.0,1.0,12.17,5.01,2.51,1.49,0.0,0.1,0.0,0.4,0.0,-0.3,0.0,-0.6000000000000001,-169.60000000000002,0.0,0.0,169.60000000000002,0.0,21.9,29.6,29.6,30.200000000000003,300.0,300.0,31.3,35.2,29.4,28.700000000000003,30.5,4.95,1.99,4.97,0.16,0.0,0.0,1027.0,8228.0,0.0,0.0,0.0,0.0,0.0,1.0,0.0,0.0,0.0,0.0,0.0,-0.4,0.0,0.5,0.0,0.0,16.0,25903.0
2026-07-30T19:00:28.611Z,198.094,198.108,0.0,7.4,0.0,0.0,0.0,0.0,0.0,0.0,0.0,0.0,1.0,0.0,0.0,0.0,9.0,4.0,0.0,0.0,0.0,0.0,0.0,0.0,0.0,0.0,5.0,12.0,1.0,12.17,5.01,2.51,1.49,0.0,0.0,0.0,0.4,0.0,0.2,0.0,0.5,-169.60000000000002,0.0,0.0,169.60000000000002,0.0,21.9,29.6,29.6,30.200000000000003,300.0,300.0,31.3,35.2,29.4,28.700000000000003,30.5,4.96,1.99,4.97,0.16,0.0,0.0,1027.0,8228.0,0.0,0.0,0.0,0.0,0.0,1.0,0.0,0.0,0.0,0.0,0.0,0.4,0.0,-0.4,0.0,0.0,16.0,25903.0
2026-07-30T19:00:28.623Z,198.106,198.12,0.0,7.4,0.0,0.0,0.0,0.0,0.0,0.0,0.0,0.0,1.0,0.0,0.0,0.0,9.0,4.0,0.0,0.0,0.0,0.0,0.0,0.0,0.0,0.0,6.0,12.0,1.0,12.17,5.01,2.51,1.49,0.0,0.0,0.0,0.4,0.0,-0.8,-0.5,-1.2000000000000002,-169.60000000000002,0.0,0.0,169.70000000000002,0.0,21.9,29.6,29.6,30.200000000000003,300.0,300.0,31.3,35.2,29.4,28.700000000000003,30.5,4.96,1.99,4.97,0.16,0.0,0.0,1027.0,8228.0,0.0,0.0,0.0,0.0,0.0,1.0,0.0,0.0,0.0,0.0,0.0,-1.5,0.0,0.9,0.0,0.0,16.0,25903.0
2026-07-30T19:00:28.635Z,198.118,198.132,0.0,7.4,0.0,0.0,0.0,0.0,0.0,0.0,0.0,0.0,1.0,0.0,0.0,0.0,9.0,4.0,0.0,0.0,0.0,0.0,0.0,0.0,0.0,0.0,1.0,12.0,1.0,12.17,5.01,2.51,1.49,0.0,0.0,0.0,0.4,0.0,-0.2,1.1,0.5,-169.60000000000002,0.0,0.0,169.8,0.0,21.9,29.6,29.6,30.200000000000003,300.0,300.0,31.3,35.2,29.4,28.700000000000003,30.5,4.95,1.99,4.97,0.16,0.0,0.0,1027.0,8228.0,0.0,0.0,0.0,0.0,0.0,1.0,0.0,0.0,0.0,0.0,0.0,1.7000000000000002,0.0,-0.2,0.0,0.0001,16.0,25903.0
2026-07-30T19:00:28.647Z,198.13,198.144,0.0,7.4,0.0,0.0,0.0,0.0,0.0,0.0,0.0,0.0,1.0,0.0,0.0,0.0,9.0,4.0,0.0,0.0,0.0,0.0,0.0,0.0,0.0,0.0,2.0,12.0,1.0,12.17,5.01,2.51,1.49,0.0,0.0,0.0,0.4,0.0,-0.2,-1.1,0.0,-169.60000000000002,0.0,0.0,169.70000000000002,0.0,21.9,29.6,29.6,30.200000000000003,300.0,300.0,31.3,35.2,29.4,28.700000000000003,30.5,4.95,1.99,4.97,0.16,0.0,0.0,1027.0,8228.0,0.0,0.0,0.0,0.0,0.0,1.0,0.0,0.0,0.0,0.0,0.0,-1.3,0.0,-0.1,0.0,0.0,16.0,25903.0
2026-07-30T19:00:28.659Z,198.142,198.156,0.0,7.4,0.0,0.0,0.0,0.0,0.0,0.0,0.0,0.0,1.0,0.0,0.0,0.0,9.0,4.0,0.0,0.0,0.0,0.0,0.0,0.0,0.0,0.0,4.0,12.0,1.0,12.17,5.01,2.51,1.49,0.0,0.0,0.0,0.4,0.0,0.3,0.6000000000000001,-0.6000000000000001,-169.60000000000002,0.0,0.0,169.70000000000002,0.0,21.9,29.6,29.6,30.200000000000003,300.0,300.0,31.3,35.2,29.4,28.700000000000003,30.5,4.96,2.0,4.97,0.16,0.0,0.0,1027.0,8228.0,0.0,0.0,0.0,0.0,0.0,1.0,0.0,0.0,0.0,0.0,0.0,0.2,0.0,0.7000000000000001,0.0,0.0,16.0,25903.0
2026-07-30T19:00:28.671Z,198.154,198.168,0.0,7.4,0.0,0.0,0.0,0.0,0.0,0.0,0.0,0.0,1.0,0.0,0.0,0.0,9.0,4.0,0.0,0.0,0.0,0.0,0.0,0.0,0.0,0.0,6.0,12.0,1.0,12.17,5.01,2.51,1.49,0.0,0.0,0.0,0.4,0.0,0.3,-0.4,0.4,-169.60000000000002,0.0,0.0,169.8,0.0,21.9,29.6,29.6,30.200000000000003,300.0,300.0,31.3,35.2,29.4,28.700000000000003,30.5,4.96,1.99,4.97,0.16,0.0,0.0,1027.0,8228.0,0.0,0.0,0.0,0.0,0.0,1.0,0.0,0.0,0.0,0.0,0.0,-0.1,0.0,-0.5,0.0,0.0,16.0,25903.0
2026-07-30T19:00:28.684Z,198.167,198.18,0.0,7.4,0.0,0.0,0.0,0.0,0.0,0.0,0.0,0.0,1.0,0.0,0.0,0.0,9.0,4.0,0.0,0.0,0.0,0.0,0.0,0.0,0.0,0.0,1.0,12.0,1.0,12.18,5.0200000000000005,2.5,1.49,0.0,0.1,0.0,0.4,0.0,0.3,0.1,-1.3,-169.60000000000002,0.0,0.0,169.8,0.0,20.5,29.6,29.6,30.200000000000003,300.0,300.0,31.4,35.2,29.4,28.700000000000003,30.5,4.95,1.98,4.97,0.16,0.0,0.0,1027.0,8228.0,0.0,0.0,0.0,0.0,0.0,1.0,0.0,0.0,0.0,0.0,0.0,-0.8,0.0,1.1,0.0,0.0001,16.0,25903.0
2026-07-30T19:00:28.695Z,198.178,198.192,0.0,7.4,0.0,0.0,0.0,0.0,0.0,0.0,0.0,0.0,1.0,0.0,0.0,0.0,9.0,4.0,0.0,0.0,0.0,0.0,0.0,0.0,0.0,0.0,2.0,12.0,1.0,12.18,5.0200000000000005,2.5,1.49,0.0,0.0,0.0,0.5,0.0,0.9,0.1,1.0,-169.60000000000002,0.0,0.0,169.70000000000002,0.0,20.5,29.6,29.6,30.200000000000003,300.0,300.0,31.4,35.2,29.4,28.700000000000003,30.5,4.96,1.98,4.97,0.16,0.0,0.0,1027.0,8228.0,0.0,0.0,0.0,0.0,0.0,1.0,0.0,0.0,0.0,0.0,0.0,0.9,0.0,-0.9,0.0,0.0,16.0,25903.0
2026-07-30T19:00:28.707Z,198.19,198.204,0.0,7.4,0.0,0.0,0.0,0.0,0.0,0.0,0.0,0.0,1.0,0.0,0.0,0.0,9.0,4.0,0.0,0.0,0.0,0.0,0.0,0.0,0.0,0.0,3.0,12.0,1.0,12.18,5.0200000000000005,2.5,1.49,0.0,0.0,0.0,0.4,0.0,-0.2,0.0,0.4,-169.60000000000002,0.0,0.0,169.60000000000002,0.0,20.5,29.6,29.6,30.200000000000003,300.0,300.0,31.4,35.2,29.4,28.700000000000003,30.5,4.96,2.0,4.96,0.16,0.0,0.0,1027.0,8228.0,0.0,0.0,0.0,0.0,0.0,1.0,0.0,0.0,0.0,0.0,0.0,0.3,0.0,-0.3,0.0,0.0002,16.0,25903.0
2026-07-30T19:00:28.719Z,198.202,198.216,0.0,7.4,0.0,0.0,0.0,0.0,0.0,0.0,0.0,0.0,1.0,0.0,0.0,0.0,9.0,4.0,0.0,0.0,0.0,0.0,0.0,0.0,0.0,0.0,4.0,12.0,1.0,12.18,5.0200000000000005,2.5,1.49,0.0,0.0,0.0,0.4,0.0,-0.2,-0.5,-0.7000000000000001,-169.60000000000002,0.0,0.0,169.60000000000002,0.0,20.5,29.6,29.6,30.200000000000003,300.0,300.0,31.4,35.2,29.4,28.700000000000003,30.5,4.96,1.99,4.97,0.16,0.0,0.0,1027.0,8228.0,0.0,0.0,0.0,0.0,0.0,1.0,0.0,0.0,0.0,0.0,0.0,-1.1,0.0,0.5,0.0,0.0,16.0,25903.0
2026-07-30T19:00:28.731Z,198.214,198.228,0.0,7.4,0.0,0.0,0.0,0.0,0.0,0.0,0.0,0.0,1.0,0.0,0.0,0.0,9.0,4.0,0.0,0.0,0.0,0.0,0.0,0.0,0.0,0.0,5.0,12.0,1.0,12.18,5.0200000000000005,2.5,1.49,0.0,0.0,0.0,0.4,0.0,-0.2,0.0,1.6,-169.60000000000002,0.0,0.0,169.60000000000002,0.0,20.5,29.6,29.6,30.200000000000003,300.0,300.0,31.4,35.2,29.4,28.700000000000003,30.5,4.95,2.0,4.97,0.16,0.0,0.0,1027.0,8228.0,0.0,0.0,0.0,0.0,0.0,1.0,0.0,0.0,0.0,0.0,0.0,1.2000000000000002,0.0,-1.4,0.0,0.0,16.0,25903.0
2026-07-30T19:00:28.743Z,198.226,198.24,0.0,7.4,0.0,0.0,0.0,0.0,0.0,0.0,0.0,0.0,1.0,0.0,0.0,0.0,9.0,4.0,0.0,0.0,0.0,0.0,0.0,0.0,0.0,0.0,6.0,12.0,1.0,12.18,5.0200000000000005,2.5,1.49,0.0,0.0,0.0,0.4,0.0,-0.2,-1.1,-0.7000000000000001,-169.60000000000002,0.0,0.0,169.60000000000002,0.0,20.5,29.6,29.6,30.200000000000003,300.0,300.0,31.4,35.2,29.4,28.700000000000003,30.5,4.96,2.0,4.96,0.16,0.0,0.0,1027.0,8228.0,0.0,0.0,0.0,0.0,0.0,1.0,0.0,0.0,0.0,0.0,0.0,-1.8,0.0,0.4,0.0,0.0,16.0,25903.0
2026-07-30T19:00:28.755Z,198.238,198.252,0.0,7.4,0.0,0.0,0.0,0.0,0.0,0.0,0.0,0.0,1.0,0.0,0.0,0.0,9.0,4.0,0.0,0.0,0.0,0.0,0.0,0.0,0.0,0.0,1.0,12.0,1.0,12.18,5.0200000000000005,2.5,1.49,0.0,0.0,0.0,0.4,0.0,-0.2,0.5,-0.1,-169.60000000000002,0.0,0.0,169.8,0.0,20.5,29.6,29.6,30.200000000000003,300.0,300.0,31.4,35.2,29.4,28.700000000000003,30.5,4.95,1.99,4.97,0.16,0.0,0.0,1027.0,8228.0,0.0,0.0,0.0,0.0,0.0,1.0,0.0,0.0,0.0,0.0,0.0,0.5,0.0,0.2,0.0,0.0,16.0,25903.0
2026-07-30T19:00:28.767Z,198.25,198.264,0.0,7.4,0.0,0.0,0.0,0.0,0.0,0.0,0.0,0.0,1.0,0.0,0.0,0.0,9.0,4.0,0.0,0.0,0.0,0.0,0.0,0.0,0.0,0.0,2.0,12.0,1.0,12.18,5.0200000000000005,2.5,1.49,0.0,0.0,0.0,0.4,0.0,-0.3,1.0,0.3,-169.60000000000002,0.0,0.0,169.60000000000002,0.0,20.5,29.6,29.6,30.200000000000003,300.0,300.0,31.4,35.2,29.4,28.700000000000003,30.5,4.95,1.99,4.96,0.16,0.0,0.0,1027.0,8228.0,0.0,0.0,0.0,0.0,0.0,1.0,0.0,0.0,0.0,0.0,0.0,1.4,0.0,0.0,0.0,0.0003,16.0,25903.0
2026-07-30T19:00:28.779Z,198.262,198.276,0.0,7.4,0.0,0.0,0.0,0.0,0.0,0.0,0.0,0.0,1.0,0.0,0.0,0.0,9.0,4.0,0.0,0.0,0.0,0.0,0.0,0.0,0.0,0.0,3.0,12.0,1.0,12.18,5.0200000000000005,2.5,1.49,0.0,0.0,0.0,0.4,0.0,0.2,0.0,-0.8,-169.60000000000002,0.0,0.0,169.70000000000002,0.0,20.5,29.6,29.6,30.200000000000003,300.0,300.0,31.4,35.2,29.4,28.700000000000003,30.5,4.96,2.0,4.96,0.16,0.0,0.0,1027.0,8228.0,0.0,0.0,0.0,0.0,0.0,1.0,0.0,0.0,0.0,0.0,0.0,-0.6000000000000001,0.0,0.7000000000000001,0.0,0.0002,16.0,25903.0
2026-07-30T19:00:28.791Z,198.274,198.288,0.0,7.4,0.0,0.0,0.0,0.0,0.0,0.0,0.0,0.0,1.0,0.0,0.0,0.0,9.0,4.0,0.0,0.0,0.0,0.0,0.0,0.0,0.0,0.0,5.0,12.0,1.0,12.17,5.01,2.51,1.49,0.0,0.0,0.0,0.4,0.0,0.2,-0.6000000000000001,0.3,-169.60000000000002,0.0,0.0,169.60000000000002,0.0,21.8,29.6,29.6,30.200000000000003,300.0,300.0,31.4,35.300000000000004,29.4,28.700000000000003,30.5,4.96,2.0,4.96,0.16,0.0,0.0,1027.0,8228.0,0.0,0.0,0.0,0.0,0.0,1.0,0.0,0.0,0.0,0.0,0.0,-0.4,0.0,-0.4,0.0,0.0,16.0,25903.0
2026-07-30T19:00:28.803Z,198.286,198.3,0.0,7.4,0.0,0.0,0.0,0.0,0.0,0.0,0.0,0.0,1.0,0.0,0.0,0.0,9.0,4.0,0.0,0.0,0.0,0.0,0.0,0.0,0.0,0.0,1.0,12.0,1.0,12.17,5.01,2.51,1.49,0.0,0.0,0.0,0.4,0.0,0.3,0.0,-0.2,-169.60000000000002,0.0,0.0,169.60000000000002,0.0,21.8,29.6,29.6,30.200000000000003,300.0,300.0,31.4,35.300000000000004,29.4,28.700000000000003,30.5,4.95,1.99,4.97,0.16,0.0,0.0,1027.0,8228.0,0.0,0.0,0.0,0.0,0.0,1.0,0.0,0.0,0.0,0.0,0.0,-0.2,0.0,0.2,0.0,0.0001,16.0,25903.0
2026-07-30T19:00:28.815Z,198.298,198.312,0.0,7.4,0.0,0.0,0.0,0.0,0.0,0.0,0.0,0.0,1.0,0.0,0.0,0.0,9.0,4.0,0.0,0.0,0.0,0.0,0.0,0.0,0.0,0.0,2.0,12.0,1.0,12.17,5.01,2.51,1.49,0.0,0.0,0.0,0.4,0.0,0.2,0.0,-0.2,-169.60000000000002,0.0,0.0,169.60000000000002,0.0,21.8,29.6,29.6,30.200000000000003,300.0,300.0,31.4,35.300000000000004,29.4,28.700000000000003,30.5,4.95,1.99,4.96,0.16,0.0,0.0,1027.0,8228.0,0.0,0.0,0.0,0.0,0.0,1.0,0.0,0.0,0.0,0.0,0.0,-0.2,0.0,0.1,0.0,0.0,16.0,25903.0
2026-07-30T19:00:28.827Z,198.31,198.324,0.0,7.4,0.0,0.0,0.0,0.0,0.0,0.0,0.0,0.0,1.0,0.0,0.0,0.0,9.0,4.0,0.0,0.0,0.0,0.0,0.0,0.0,0.0,0.0,3.0,12.0,1.0,12.17,5.01,2.51,1.49,0.0,0.0,0.0,0.4,0.0,0.2,0.5,0.3,-169.60000000000002,0.0,0.0,169.70000000000002,0.0,21.8,29.6,29.6,30.200000000000003,300.0,300.0,31.4,35.300000000000004,29.4,28.700000000000003,30.5,4.96,1.99,4.96,0.16,0.0,0.0,1027.0,8228.0,0.0,0.0,0.0,0.0,0.0,1.0,0.0,0.0,0.0,0.0,0.0,0.8,0.0,-0.2,0.0,0.0,16.0,25903.0
2026-07-30T19:00:28.839Z,198.322,198.336,0.0,7.4,0.0,0.0,0.0,0.0,0.0,0.0,0.0,0.0,1.0,0.0,0.0,0.0,9.0,4.0,0.0,0.0,0.0,0.0,0.0,0.0,0.0,0.0,5.0,12.0,1.0,12.17,5.01,2.51,1.49,0.0,0.0,0.0,0.4,0.0,0.2,0.5,0.3,-169.60000000000002,0.0,0.0,169.60000000000002,0.0,21.8,29.6,29.6,30.200000000000003,300.0,300.0,31.4,35.300000000000004,29.4,28.700000000000003,30.5,4.95,1.99,4.97,0.16,0.0,0.0,1027.0,8228.0,0.0,0.0,0.0,0.0,0.0,1.0,0.0,0.0,0.0,0.0,0.0,0.8,0.0,-0.2,0.0,0.0,16.0,25903.0
2026-07-30T19:00:28.851Z,198.334,198.348,0.0,7.4,0.0,0.0,0.0,0.0,0.0,0.0,0.0,0.0,1.0,0.0,0.0,0.0,9.0,4.0,0.0,0.0,0.0,0.0,0.0,0.0,0.0,0.0,6.0,12.0,1.0,12.17,5.01,2.51,1.49,0.0,0.0,0.0,0.4,0.0,-0.2,-0.7000000000000001,-0.2,-169.60000000000002,0.0,0.0,169.60000000000002,0.0,21.8,29.6,29.6,30.200000000000003,300.0,300.0,31.4,35.300000000000004,29.4,28.700000000000003,30.5,4.96,1.99,4.96,0.16,0.0,0.0,1027.0,8228.0,0.0,0.0,0.0,0.0,0.0,1.0,0.0,0.0,0.0,0.0,0.0,-0.9,0.0,0.0,0.0,0.0,16.0,25903.0
2026-07-30T19:00:28.863Z,198.346,198.36,0.0,7.4,0.0,0.0,0.0,0.0,0.0,0.0,0.0,0.0,1.0,0.0,0.0,0.0,9.0,4.0,0.0,0.0,0.0,0.0,0.0,0.0,0.0,0.0,2.0,12.0,1.0,12.17,5.01,2.51,1.49,0.0,0.0,0.0,0.4,0.0,0.2,0.5,-0.8,-169.60000000000002,0.0,0.0,169.60000000000002,0.0,21.8,29.6,29.6,30.200000000000003,300.0,300.0,31.4,35.300000000000004,29.4,28.700000000000003,30.5,4.96,1.99,4.97,0.16,0.0,0.0,1027.0,8228.0,0.0,0.0,0.0,0.0,0.0,1.0,0.0,0.0,0.0,0.0,0.0,0.8,0.0,-0.2,0.0,0.0,16.0,25903.0
2026-07-30T19:00:28.875Z,198.358,198.372,0.0,7.4,0.0,0.0,0.0,0.0,0.0,0.0,0.0,0.0,1.0,0.0,0.0,0.0,9.0,4.0,0.0,0.0,0.0,0.0,0.0,0.0,0.0,0.0,3.0,12.0,1.0,12.17,5.01,2.51,1.49,0.0,0.0,0.0,0.4,0.0,0.8,0.5,0.9,-169.60000000000002,0.0,0.0,169.60000000000002,0.0,21.8,29.6,29.6,30.200000000000003,300.0,300.0,31.4,35.300000000000004,29.4,28.700000000000003,30.5,4.95,1.99,4.97,0.16,0.0,0.0,1027.0,8228.0,0.0,0.0,0.0,0.0,0.0,1.0,0.0,0.0,0.0,0.0,0.0,-0.2,0.0,0.2,0.0,0.0,16.0,25903.0
2026-07-30T19:00:28.888Z,198.371,198.384,0.0,7.4,0.0,0.0,0.0,0.0,0.0,0.0,0.0,0.0,1.0,0.0,0.0,0.0,9.0,4.0,0.0,0.0,0.0,0.0,0.0,0.0,0.0,0.0,4.0,12.0,1.0,12.17,5.01,2.51,1.49,0.0,0.1,0.0,0.4,0.0,-0.3,0.5,0.3,-169.60000000000002,0.0,0.0,169.70000000000002,0.0,21.4,29.6,29.6,30.200000000000003,300.0,300.0,31.3,35.300000000000004,29.4,28.700000000000003,30.5,4.95,1.99,4.96,0.16,0.0,0.0,1027.0,8228.0,0.0,0.0,0.0,0.0,0.0,1.0,0.0,0.0,0.0,0.0,0.0,-1.6,0.0,0.0,0.0,0.0,16.0,25903.0
2026-07-30T19:00:28.899Z,198.382,198.396,0.0,7.4,0.0,0.0,0.0,0.0,0.0,0.0,0.0,0.0,1.0,0.0,0.0,0.0,9.0,4.0,0.0,0.0,0.0,0.0,0.0,0.0,0.0,0.0,6.0,12.0,1.0,12.17,5.01,2.51,1.49,0.0,0.0,0.0,0.4,0.0,0.3,0.5,-0.2,-169.60000000000002,0.0,0.0,169.60000000000002,0.0,21.4,29.6,29.6,30.200000000000003,300.0,300.0,31.3,35.300000000000004,29.4,28.700000000000003,30.5,4.96,1.99,4.97,0.16,0.0,0.0,1027.0,8228.0,0.0,0.0,0.0,0.0,0.0,1.0,0.0,0.0,0.0,0.0,0.0,0.3,0.0,0.3,0.0,0.0,16.0,25903.0
2026-07-30T19:00:28.915Z,198.398,198.408,0.0,7.4,0.0,0.0,0.0,0.0,0.0,0.0,0.0,0.0,1.0,0.0,0.0,0.0,9.0,4.0,0.0,0.0,0.0,0.0,0.0,0.0,0.0,0.0,6.0,12.0,1.0,12.17,5.01,2.51,1.49,0.0,0.0,0.0,0.4,0.0,0.3,1.1,-1.4,-169.60000000000002,0.0,0.0,169.60000000000002,0.0,21.4,29.6,29.6,30.200000000000003,300.0,300.0,31.3,35.300000000000004,29.4,28.700000000000003,30.5,4.96,2.0,4.96,0.16,0.0,0.0,1027.0,8228.0,0.0,0.0,0.0,0.0,0.0,1.0,0.0,0.0,0.0,0.0,0.0,0.1,0.0,1.5,0.0,0.0,16.0,25903.0
2026-07-30T19:00:28.923Z,198.406,198.42,0.0,7.4,0.0,0.0,0.0,0.0,0.0,0.0,0.0,0.0,1.0,0.0,0.0,0.0,9.0,4.0,0.0,0.0,0.0,0.0,0.0,0.0,0.0,0.0,5.0,12.0,1.0,12.17,5.01,2.51,1.49,0.0,0.0,0.0,0.4,0.0,-0.8,-0.6000000000000001,-0.8,-169.60000000000002,0.0,0.0,169.60000000000002,0.0,21.4,29.6,29.6,30.200000000000003,300.0,300.0,31.3,35.300000000000004,29.4,28.700000000000003,30.5,4.95,1.99,4.96,0.16,0.0,0.0,1027.0,8228.0,0.0,0.0,0.0,0.0,0.0,1.0,0.0,0.0,0.0,0.0,0.0,-1.3,0.0,0.6000000000000001,0.0,0.0,16.0,25903.0
2026-07-30T19:00:28.935Z,198.418,198.432,0.0,7.4,0.0,0.0,0.0,0.0,0.0,0.0,0.0,0.0,1.0,0.0,0.0,0.0,9.0,4.0,0.0,0.0,0.0,0.0,0.0,0.0,0.0,0.0,6.0,12.0,1.0,12.17,5.01,2.51,1.49,0.0,0.0,0.0,0.4,0.0,0.9,0.5,-0.3,-169.60000000000002,0.0,0.0,169.60000000000002,0.0,21.4,29.6,29.6,30.200000000000003,300.0,300.0,31.3,35.300000000000004,29.4,28.700000000000003,30.5,4.96,1.99,4.97,0.16,0.0,0.0,1027.0,8228.0,0.0,0.0,0.0,0.0,0.0,1.0,0.0,0.0,0.0,0.0,0.0,0.3,0.0,0.3,0.0,0.0,16.0,25903.0
2026-07-30T19:00:28.947Z,198.43,198.444,0.0,7.4,0.0,0.0,0.0,0.0,0.0,0.0,0.0,0.0,1.0,0.0,0.0,0.0,9.0,4.0,0.0,0.0,0.0,0.0,0.0,0.0,0.0,0.0,2.0,12.0,1.0,12.17,5.01,2.51,1.49,0.0,0.0,0.0,0.5,0.0,0.3,-1.2000000000000002,-0.8,-169.60000000000002,0.0,0.0,169.70000000000002,0.0,21.4,29.6,29.6,30.200000000000003,300.0,300.0,31.3,35.300000000000004,29.4,28.700000000000003,30.5,4.95,2.0,4.96,0.16,0.0,0.0,1027.0,8228.0,0.0,0.0,0.0,0.0,0.0,1.0,0.0,0.0,0.0,0.0,0.0,-2.0,0.0,0.4,0.0,0.0,16.0,25903.0
2026-07-30T19:00:28.959Z,198.442,198.456,0.0,7.4,0.0,0.0,0.0,0.0,0.0,0.0,0.0,0.0,1.0,0.0,0.0,0.0,9.0,4.0,0.0,0.0,0.0,0.0,0.0,0.0,0.0,0.0,3.0,12.0,1.0,12.17,5.01,2.51,1.49,0.0,0.0,0.0,0.4,0.0,0.3,0.0,0.8,-169.60000000000002,0.0,0.0,169.60000000000002,0.0,21.4,29.6,29.6,30.200000000000003,300.0,300.0,31.3,35.300000000000004,29.4,28.700000000000003,30.5,4.95,1.99,4.97,0.16,0.0,0.0,1027.0,8228.0,0.0,0.0,0.0,0.0,0.0,1.0,0.0,0.0,0.0,0.0,0.0,0.5,0.0,-0.7000000000000001,0.0,0.0,16.0,25903.0
2026-07-30T19:00:28.971Z,198.454,198.468,0.0,7.4,0.0,0.0,0.0,0.0,0.0,0.0,0.0,0.0,1.0,0.0,0.0,0.0,9.0,4.0,0.0,0.0,0.0,0.0,0.0,0.0,0.0,0.0,4.0,12.0,1.0,12.17,5.01,2.51,1.49,0.0,0.1,0.0,0.4,0.0,0.9,0.5,-0.3,-169.60000000000002,0.0,0.0,169.70000000000002,0.0,21.4,29.6,29.6,30.200000000000003,300.0,300.0,31.3,35.300000000000004,29.4,28.700000000000003,30.5,4.96,1.99,4.97,0.16,0.0,0.0,1027.0,8228.0,0.0,0.0,0.0,0.0,0.0,1.0,0.0,0.0,0.0,0.0,0.0,0.3,0.0,0.3,0.0,0.0,16.0,25903.0
2026-07-30T19:00:28.983Z,198.466,198.48,0.0,7.4,0.0,0.0,0.0,0.0,0.0,0.0,0.0,0.0,1.0,0.0,0.0,0.0,9.0,4.0,0.0,0.0,0.0,0.0,0.0,0.0,0.0,0.0,5.0,12.0,1.0,12.17,5.01,2.51,1.49,0.0,0.0,0.0,0.4,0.0,-0.8,-1.2000000000000002,-0.9,-169.60000000000002,0.0,0.0,169.60000000000002,0.0,21.4,29.6,29.6,30.200000000000003,300.0,300.0,31.3,35.300000000000004,29.4,28.700000000000003,30.5,4.96,1.99,4.96,0.16,0.0,0.0,1027.0,8228.0,0.0,0.0,0.0,0.0,0.0,1.0,0.0,0.0,0.0,0.0,0.0,-2.0,0.0,0.5,0.0,0.0001,16.0,25903.0
2026-07-30T19:00:28.995Z,198.478,198.492,0.0,7.4,0.0,0.0,0.0,0.0,0.0,0.0,0.0,0.0,1.0,0.0,0.0,0.0,9.0,4.0,0.0,0.0,0.0,0.0,0.0,0.0,0.0,0.0,6.0,12.0,1.0,12.17,5.0200000000000005,2.51,1.49,0.0,0.0,0.0,0.4,0.0,0.3,0.0,0.2,-169.60000000000002,0.0,0.0,169.60000000000002,0.0,21.700000000000003,29.6,29.6,30.200000000000003,300.0,300.0,31.200000000000003,35.2,29.4,28.700000000000003,30.5,4.95,1.99,4.97,0.16,0.0,0.0,1027.0,8228.0,0.0,0.0,0.0,0.0,0.0,1.0,0.0,0.0,0.0,0.0,0.0,0.1,0.0,-0.2,0.0,0.0001,16.0,25903.0
2026-07-30T19:00:29.007Z,198.49,198.504,0.0,7.4,0.0,0.0,0.0,0.0,0.0,0.0,0.0,0.0,1.0,0.0,0.0,0.0,9.0,4.0,0.0,0.0,0.0,0.0,0.0,0.0,0.0,0.0,6.0,12.0,1.0,12.17,5.0200000000000005,2.51,1.49,0.0,0.0,0.0,0.4,0.0,0.8,-0.6000000000000001,-0.9,-169.60000000000002,0.0,0.0,169.60000000000002,0.0,21.700000000000003,29.6,29.6,30.200000000000003,300.0,300.0,31.200000000000003,35.2,29.4,28.700000000000003,30.5,4.95,2.0,4.96,0.16,0.0,0.0,1027.0,8228.0,0.0,0.0,0.0,0.0,0.0,1.0,0.0,0.0,0.0,0.0,0.0,-1.4,0.0,0.6000000000000001,0.0,0.0001,16.0,25903.0
2026-07-30T19:00:29.019Z,198.502,198.516,0.0,7.4,0.0,0.0,0.0,0.0,0.0,0.0,0.0,0.0,1.0,0.0,0.0,0.0,9.0,4.0,0.0,0.0,0.0,0.0,0.0,0.0,0.0,0.0,1.0,12.0,1.0,12.17,5.0200000000000005,2.51,1.49,0.0,0.0,0.0,0.4,0.0,0.3,0.5,-0.3,-169.60000000000002,0.0,0.0,169.60000000000002,0.0,21.700000000000003,29.6,29.6,30.200000000000003,300.0,300.0,31.200000000000003,35.2,29.4,28.700000000000003,30.5,4.96,1.99,4.96,0.16,0.0,0.0,1027.0,8228.0,0.0,0.0,0.0,0.0,0.0,1.0,0.0,0.0,0.0,0.0,0.0,0.3,0.0,0.3,0.0,0.0,16.0,25903.0
2026-07-30T19:00:29.031Z,198.514,198.528,0.0,7.4,0.0,0.0,0.0,0.0,0.0,0.0,0.0,0.0,1.0,0.0,0.0,0.0,9.0,4.0,0.0,0.0,0.0,0.0,0.0,0.0,0.0,0.0,2.0,12.0,1.0,12.17,5.0200000000000005,2.51,1.49,0.0,0.0,0.0,0.4,0.0,-0.2,0.0,0.2,-169.60000000000002,0.0,0.0,169.70000000000002,0.0,21.700000000000003,29.6,29.6,30.200000000000003,300.0,300.0,31.200000000000003,35.2,29.4,28.700000000000003,30.5,4.95,1.99,4.96,0.16,0.0,0.0,1027.0,8228.0,0.0,0.0,0.0,0.0,0.0,1.0,0.0,0.0,0.0,0.0,0.0,0.1,0.0,-0.2,0.0,0.0,16.0,25903.0
2026-07-30T19:00:29.043Z,198.526,198.54,0.0,7.4,0.0,0.0,0.0,0.0,0.0,0.0,0.0,0.0,1.0,0.0,0.0,0.0,9.0,4.0,0.0,0.0,0.0,0.0,0.0,0.0,0.0,0.0,3.0,12.0,1.0,12.17,5.0200000000000005,2.51,1.49,0.0,0.0,0.0,0.4,0.0,-0.2,0.0,2.0,-169.60000000000002,0.0,0.0,169.60000000000002,0.0,21.700000000000003,29.6,29.6,30.200000000000003,300.0,300.0,31.200000000000003,35.2,29.4,28.700000000000003,30.5,4.95,1.99,4.96,0.16,0.0,0.0,1027.0,8228.0,0.0,0.0,0.0,0.0,0.0,1.0,0.0,0.0,0.0,0.0,0.0,1.4,0.0,-1.7000000000000002,0.0,0.0,16.0,25903.0
2026-07-30T19:00:29.055Z,198.538,198.552,0.0,7.4,0.0,0.0,0.0,0.0,0.0,0.0,0.0,0.0,1.0,0.0,0.0,0.0,9.0,4.0,0.0,0.0,0.0,0.0,0.0,0.0,0.0,0.0,4.0,12.0,1.0,12.17,5.0200000000000005,2.51,1.49,0.0,0.0,0.0,0.4,0.0,0.3,0.0,-0.8,-169.60000000000002,0.0,0.0,169.70000000000002,0.0,21.700000000000003,29.6,29.6,30.200000000000003,300.0,300.0,31.200000000000003,35.2,29.4,28.700000000000003,30.5,4.95,2.0,4.96,0.16,0.0,0.0,1027.0,8228.0,0.0,0.0,0.0,0.0,0.0,1.0,0.0,0.0,0.0,0.0,0.0,-0.7000000000000001,0.0,0.7000000000000001,0.0,0.0,16.0,25903.0
2026-07-30T19:00:29.067Z,198.55,198.564,0.0,7.4,0.0,0.0,0.0,0.0,0.0,0.0,0.0,0.0,1.0,0.0,0.0,0.0,9.0,4.0,0.0,0.0,0.0,0.0,0.0,0.0,0.0,0.0,5.0,12.0,1.0,12.17,5.0200000000000005,2.51,1.49,0.0,0.0,0.0,0.4,0.0,-0.7000000000000001,-0.6000000000000001,-0.8,-169.60000000000002,0.0,0.0,169.70000000000002,0.0,21.700000000000003,29.6,29.6,30.200000000000003,300.0,300.0,31.200000000000003,35.2,29.4,28.700000000000003,30.5,4.96,1.99,4.96,0.16,0.0,0.0,1027.0,8228.0,0.0,0.0,0.0,0.0,0.0,1.0,0.0,0.0,0.0,0.0,0.0,-1.3,0.0,0.6000000000000001,0.0,0.0001,16.0,25903.0
2026-07-30T19:00:29.079Z,198.562,198.576,0.0,7.4,0.0,0.0,0.0,0.0,0.0,0.0,0.0,0.0,1.0,0.0,0.0,0.0,9.0,4.0,0.0,0.0,0.0,0.0,0.0,0.0,0.0,0.0,6.0,12.0,1.0,12.17,5.0200000000000005,2.51,1.49,0.0,0.0,0.0,0.4,0.0,0.3,0.5,-0.3,-169.60000000000002,0.0,0.0,169.60000000000002,0.0,21.700000000000003,29.6,29.6,30.200000000000003,300.0,300.0,31.200000000000003,35.2,29.4,28.700000000000003,30.5,4.95,1.99,4.97,0.16,0.0,0.0,1027.0,8228.0,0.0,0.0,0.0,0.0,0.0,1.0,0.0,0.0,0.0,0.0,0.0,0.3,0.0,0.4,0.0,0.0,16.0,25903.0
2026-07-30T19:00:29.092Z,198.575,198.588,0.0,7.4,0.0,0.0,0.0,0.0,0.0,0.0,0.0,0.0,1.0,0.0,0.0,0.0,9.0,4.0,0.0,0.0,0.0,0.0,0.0,0.0,0.0,0.0,1.0,12.0,1.0,12.17,5.01,2.5,1.49,0.0,0.0,0.0,0.4,0.0,0.3,0.5,1.4,-169.60000000000002,0.0,0.0,169.60000000000002,0.0,21.700000000000003,29.6,29.6,30.200000000000003,300.0,300.0,31.4,35.2,29.4,28.700000000000003,30.5,4.96,1.99,4.96,0.16,0.0,0.0,1027.0,8228.0,0.0,0.0,0.0,0.0,0.0,1.0,0.0,0.0,0.0,0.0,0.0,1.6,0.0,-1.1,0.0,0.0001,16.0,25903.0
2026-07-30T19:00:29.103Z,198.586,198.6,0.0,7.4,0.0,0.0,0.0,0.0,0.0,0.0,0.0,0.0,1.0,0.0,0.0,0.0,9.0,4.0,0.0,0.0,0.0,0.0,0.0,0.0,0.0,0.0,2.0,12.0,1.0,12.17,5.01,2.5,1.49,0.0,0.0,0.0,0.4,0.0,0.3,0.0,0.8,-169.60000000000002,0.0,0.0,169.60000000000002,0.0,21.700000000000003,29.6,29.6,30.200000000000003,300.0,300.0,31.4,35.2,29.4,28.700000000000003,30.5,4.96,2.0,4.97,0.16,0.0,0.0,1027.0,8228.0,0.0,0.0,0.0,0.0,0.0,1.0,0.0,0.0,0.0,0.0,0.0,0.5,0.0,-0.7000000000000001,0.0,0.0,16.0,25903.0
2026-07-30T19:00:29.115Z,198.598,198.612,0.0,7.4,0.0,0.0,0.0,0.0,0.0,0.0,0.0,0.0,1.0,0.0,0.0,0.0,9.0,4.0,0.0,0.0,0.0,0.0,0.0,0.0,0.0,0.0,3.0,12.0,1.0,12.17,5.01,2.5,1.49,0.0,0.0,0.0,0.5,0.0,0.3,0.0,-0.3,-169.60000000000002,0.0,0.0,169.60000000000002,0.0,21.700000000000003,29.6,29.6,30.200000000000003,300.0,300.0,31.4,35.2,29.4,28.700000000000003,30.5,4.95,1.99,4.97,0.16,0.0,0.0,1027.0,8228.0,0.0,0.0,0.0,0.0,0.0,1.0,0.0,0.0,0.0,0.0,0.0,-0.3,0.0,0.3,0.0,0.0,16.0,25903.0
2026-07-30T19:00:29.127Z,198.61,198.624,0.0,7.4,0.0,0.0,0.0,0.0,0.0,0.0,0.0,0.0,1.0,0.0,0.0,0.0,9.0,4.0,0.0,0.0,0.0,0.0,0.0,0.0,0.0,0.0,4.0,12.0,1.0,12.17,5.01,2.5,1.49,0.0,0.0,0.0,0.5,0.0,-0.2,0.0,0.8,-169.60000000000002,0.0,0.0,169.60000000000002,0.0,21.700000000000003,29.6,29.6,30.200000000000003,300.0,300.0,31.4,35.2,29.4,28.700000000000003,30.5,4.95,1.99,4.97,0.16,0.0,0.0,1027.0,8228.0,0.0,0.0,0.0,0.0,0.0,1.0,0.0,0.0,0.0,0.0,0.0,0.6000000000000001,0.0,-0.7000000000000001,0.0,0.0,16.0,25903.0
2026-07-30T19:00:29.139Z,198.622,198.636,0.0,7.4,0.0,0.0,0.0,0.0,0.0,0.0,0.0,0.0,1.0,0.0,0.0,0.0,9.0,4.0,0.0,0.0,0.0,0.0,0.0,0.0,0.0,0.0,5.0,12.0,1.0,12.17,5.01,2.5,1.49,0.0,0.0,0.0,0.4,0.0,-0.2,-0.6000000000000001,0.2,-169.60000000000002,0.0,0.0,169.60000000000002,0.0,21.700000000000003,29.6,29.6,30.200000000000003,300.0,300.0,31.4,35.2,29.4,28.700000000000003,30.5,4.96,1.99,4.96,0.16,0.0,0.0,1027.0,8228.0,0.0,0.0,0.0,0.0,0.0,1.0,0.0,0.0,0.0,0.0,0.0,-0.5,0.0,-0.3,0.0,0.0,16.0,25903.0
2026-07-30T19:00:29.151Z,198.634,198.648,0.0,7.4,0.0,0.0,0.0,0.0,0.0,0.0,0.0,0.0,1.0,0.0,0.0,0.0,9.0,4.0,0.0,0.0,0.0,0.0,0.0,0.0,0.0,0.0,6.0,12.0,1.0,12.17,5.01,2.5,1.49,0.0,0.0,0.0,0.4,0.0,0.3,-0.6000000000000001,-0.2,-169.60000000000002,0.0,0.0,169.60000000000002,0.0,21.700000000000003,29.6,29.6,30.200000000000003,300.0,300.0,31.4,35.2,29.4,28.700000000000003,30.5,4.96,1.99,4.97,0.16,0.0,0.0,1027.0,8228.0,0.0,0.0,0.0,0.0,0.0,1.0,0.0,0.0,0.0,0.0,0.0,-0.9,0.0,0.1,0.0,0.0,16.0,25903.0
2026-07-30T19:00:29.163Z,198.646,198.66,0.0,7.4,0.0,0.0,0.0,0.0,0.0,0.0,0.0,0.0,1.0,0.0,0.0,0.0,9.0,4.0,0.0,0.0,0.0,0.0,0.0,0.0,0.0,0.0,1.0,12.0,1.0,12.17,5.01,2.5,1.49,0.0,0.0,0.0,0.4,0.0,0.3,1.1,0.2,-169.60000000000002,0.0,0.0,169.60000000000002,0.0,21.700000000000003,29.6,29.6,30.200000000000003,300.0,300.0,31.4,35.2,29.4,28.700000000000003,30.5,4.95,1.99,4.97,0.16,0.0,0.0,1027.0,8228.0,0.0,0.0,0.0,0.0,0.0,1.0,0.0,0.0,0.0,0.0,0.0,1.4,0.0,0.0,0.0,0.0,16.0,25903.0
2026-07-30T19:00:29.175Z,198.658,198.672,0.0,7.4,0.0,0.0,0.0,0.0,0.0,0.0,0.0,0.0,1.0,0.0,0.0,0.0,9.0,4.0,0.0,0.0,0.0,0.0,0.0,0.0,0.0,0.0,2.0,12.0,1.0,12.17,5.01,2.5,1.49,0.0,0.0,0.0,0.4,0.0,-0.8,-0.5,0.2,-169.60000000000002,0.0,0.0,169.60000000000002,0.0,21.700000000000003,29.6,29.6,30.200000000000003,300.0,300.0,31.4,35.2,29.4,28.700000000000003,30.5,4.95,1.99,4.97,0.16,0.0,0.0,1027.0,8228.0,0.0,0.0,0.0,0.0,0.0,1.0,0.0,0.0,0.0,0.0,0.0,-0.4,0.0,-0.3,0.0,0.0,16.0,25903.0
2026-07-30T19:00:29.187Z,198.67,198.684,0.0,7.4,0.0,0.0,0.0,0.0,0.0,0.0,0.0,0.0,1.0,0.0,0.0,0.0,9.0,4.0,0.0,0.0,0.0,0.0,0.0,0.0,0.0,0.0,3.0,12.0,1.0,12.17,5.01,2.5,1.49,0.0,0.0,0.0,0.4,0.0,0.3,-1.7000000000000002,-0.2,-169.60000000000002,0.0,0.0,169.60000000000002,0.0,21.700000000000003,29.6,29.6,30.200000000000003,300.0,300.0,31.4,35.2,29.4,28.700000000000003,30.5,4.96,2.0,4.97,0.16,0.0,0.0,1027.0,8228.0,0.0,0.0,0.0,0.0,0.0,1.0,0.0,0.0,0.0,0.0,0.0,-2.2,0.0,-0.1,0.0,0.0,16.0,25903.0
2026-07-30T19:00:29.199Z,198.682,198.696,0.0,7.4,0.0,0.0,0.0,0.0,0.0,0.0,0.0,0.0,1.0,0.0,0.0,0.0,9.0,4.0,0.0,0.0,0.0,0.0,0.0,0.0,0.0,0.0,4.0,12.0,1.0,12.15,5.0200000000000005,2.51,1.49,0.0,0.0,0.0,0.4,0.0,-0.2,1.1,0.3,-169.60000000000002,0.0,0.0,169.60000000000002,0.0,21.8,29.6,29.6,30.200000000000003,300.0,300.0,31.4,35.2,29.4,28.700000000000003,30.5,4.96,1.99,4.97,0.16,0.0,0.0,1027.0,8228.0,0.0,0.0,0.0,0.0,0.0,1.0,0.0,0.0,0.0,0.0,0.0,1.5,0.0,0.0,0.0,0.0,16.0,25903.0
2026-07-30T19:00:29.211Z,198.694,198.708,0.0,7.4,0.0,0.0,0.0,0.0,0.0,0.0,0.0,0.0,1.0,0.0,0.0,0.0,9.0,4.0,0.0,0.0,0.0,0.0,0.0,0.0,0.0,0.0,5.0,12.0,1.0,12.15,5.0200000000000005,2.51,1.49,0.0,0.0,0.0,0.4,0.0,0.3,0.0,-0.8,-169.60000000000002,0.0,0.0,169.70000000000002,0.0,21.8,29.6,29.6,30.200000000000003,300.0,300.0,31.4,35.2,29.4,28.700000000000003,30.5,4.95,1.99,4.97,0.16,0.0,0.0,1027.0,8228.0,0.0,0.0,0.0,0.0,0.0,1.0,0.0,0.0,0.0,0.0,0.0,-0.5,0.0,0.7000000000000001,0.0,0.0,16.0,25903.0
2026-07-30T19:00:29.225Z,198.708,198.72,0.0,7.4,0.0,0.0,0.0,0.0,0.0,0.0,0.0,0.0,1.0,0.0,0.0,0.0,9.0,4.0,0.0,0.0,0.0,0.0,0.0,0.0,0.0,0.0,6.0,12.0,1.0,12.15,5.0200000000000005,2.51,1.49,0.0,0.1,0.0,0.4,0.0,0.3,-0.5,-0.2,-169.60000000000002,0.0,0.0,169.60000000000002,0.0,21.8,29.6,29.6,30.200000000000003,300.0,300.0,31.4,35.2,29.4,28.700000000000003,30.5,4.96,1.99,4.96,0.16,0.0,0.0,1027.0,8228.0,0.0,0.0,0.0,0.0,0.0,1.0,0.0,0.0,0.0,0.0,0.0,-0.7000000000000001,0.0,0.1,0.0,0.0,16.0,25903.0
2026-07-30T19:00:29.235Z,198.718,198.732,0.0,7.4,0.0,0.0,0.0,0.0,0.0,0.0,0.0,0.0,1.0,0.0,0.0,0.0,9.0,4.0,0.0,0.0,0.0,0.0,0.0,0.0,0.0,0.0,3.0,12.0,1.0,12.15,5.0200000000000005,2.51,1.49,0.0,0.0,0.0,0.4,0.0,0.3,-0.5,-0.3,-169.60000000000002,0.0,0.0,169.70000000000002,0.0,21.8,29.6,29.6,30.200000000000003,300.0,300.0,31.4,35.2,29.4,28.700000000000003,30.5,4.95,2.0,4.97,0.16,0.0,0.0,1027.0,8228.0,0.0,0.0,0.0,0.0,0.0,1.0,0.0,0.0,0.0,0.0,0.0,-0.8,0.0,0.1,0.0,0.0,16.0,25903.0
2026-07-30T19:00:29.247Z,198.73,198.744,0.0,7.4,0.0,0.0,0.0,0.0,0.0,0.0,0.0,0.0,1.0,0.0,0.0,0.0,9.0,4.0,0.0,0.0,0.0,0.0,0.0,0.0,0.0,0.0,4.0,12.0,1.0,12.15,5.0200000000000005,2.51,1.49,0.0,0.0,0.0,0.4,0.0,-0.2,1.2000000000000002,-0.2,-169.60000000000002,0.0,0.0,169.60000000000002,0.0,21.8,29.6,29.6,30.200000000000003,300.0,300.0,31.4,35.2,29.4,28.700000000000003,30.5,4.95,2.0,4.97,0.16,0.0,0.0,1027.0,8228.0,0.0,0.0,0.0,0.0,0.0,1.0,0.0,0.0,0.0,0.0,0.0,1.1,0.0,0.4,0.0,0.0,16.0,25903.0
2026-07-30T19:00:29.259Z,198.742,198.756,0.0,7.4,0.0,0.0,0.0,0.0,0.0,0.0,0.0,0.0,1.0,0.0,0.0,0.0,9.0,4.0,0.0,0.0,0.0,0.0,0.0,0.0,0.0,0.0,5.0,12.0,1.0,12.15,5.0200000000000005,2.51,1.49,0.0,0.1,0.0,0.4,0.0,0.3,0.6000000000000001,-0.2,-169.60000000000002,0.0,0.0,169.60000000000002,0.0,21.8,29.6,29.6,30.200000000000003,300.0,300.0,31.4,35.2,29.4,28.700000000000003,30.5,4.96,1.99,4.97,0.16,0.0,0.0,1027.0,8228.0,0.0,0.0,0.0,0.0,0.0,1.0,0.0,0.0,0.0,0.0,0.0,0.4,0.0,0.3,0.0,0.0,16.0,25903.0
2026-07-30T19:00:29.271Z,198.754,198.768,0.0,7.4,0.0,0.0,0.0,0.0,0.0,0.0,0.0,0.0,1.0,0.0,0.0,0.0,9.0,4.0,0.0,0.0,0.0,0.0,0.0,0.0,0.0,0.0,5.0,12.0,1.0,12.15,5.0200000000000005,2.51,1.49,0.0,0.0,0.0,0.4,0.0,0.3,-0.5,-0.2,-169.60000000000002,0.0,0.0,169.70000000000002,0.0,21.8,29.6,29.6,30.200000000000003,300.0,300.0,31.4,35.2,29.4,28.700000000000003,30.5,4.96,1.99,4.96,0.16,0.0,0.0,1027.0,8228.0,0.0,0.0,0.0,0.0,0.0,1.0,0.0,0.0,0.0,0.0,0.0,-0.8,0.0,0.1,0.0,0.0,16.0,25903.0
2026-07-30T19:00:29.283Z,198.766,198.78,0.0,7.4,0.0,0.0,0.0,0.0,0.0,0.0,0.0,0.0,1.0,0.0,0.0,0.0,9.0,4.0,0.0,0.0,0.0,0.0,0.0,0.0,0.0,0.0,5.0,12.0,1.0,12.15,5.0200000000000005,2.51,1.49,0.0,0.1,0.0,0.4,0.0,-0.2,-0.6000000000000001,0.2,-169.60000000000002,0.0,0.0,169.70000000000002,0.0,21.8,29.6,29.6,30.200000000000003,300.0,300.0,31.4,35.2,29.4,28.700000000000003,30.5,4.96,1.99,4.97,0.16,0.0,0.0,1027.0,8228.0,0.0,0.0,0.0,0.0,0.0,1.0,0.0,0.0,0.0,0.0,0.0,-0.4,0.0,-0.3,0.0,0.0,16.0,25903.0
2026-07-30T19:00:29.296Z,198.779,198.792,0.0,7.4,0.0,0.0,0.0,0.0,0.0,0.0,0.0,0.0,1.0,0.0,0.0,0.0,9.0,4.0,0.0,0.0,0.0,0.0,0.0,0.0,0.0,0.0,6.0,12.0,1.0,12.17,5.01,2.51,1.49,0.0,0.0,0.0,0.4,0.0,0.3,1.1,-0.9,-169.60000000000002,0.0,0.0,169.70000000000002,0.0,21.700000000000003,29.6,29.6,30.200000000000003,300.0,300.0,31.3,35.2,29.4,28.700000000000003,30.5,4.96,1.99,4.97,0.16,0.0,0.0,1027.0,8228.0,0.0,0.0,0.0,0.0,0.0,1.0,0.0,0.0,0.0,0.0,0.0,0.6000000000000001,0.0,1.0,0.0,0.0,16.0,25903.0
2026-07-30T19:00:29.307Z,198.79,198.804,0.0,7.4,0.0,0.0,0.0,0.0,0.0,0.0,0.0,0.0,1.0,0.0,0.0,0.0,9.0,4.0,0.0,0.0,0.0,0.0,0.0,0.0,0.0,0.0,1.0,12.0,1.0,12.17,5.01,2.51,1.49,0.0,0.0,0.0,0.4,0.0,0.3,1.1,-0.2,-169.60000000000002,0.0,0.0,169.60000000000002,0.0,21.700000000000003,29.6,29.6,30.200000000000003,300.0,300.0,31.3,35.2,29.4,28.700000000000003,30.5,4.96,2.0,4.97,0.16,0.0,0.0,1027.0,8228.0,0.0,0.0,0.0,0.0,0.0,1.0,0.0,0.0,0.0,0.0,0.0,1.1,0.0,0.4,0.0,0.0,16.0,25903.0
2026-07-30T19:00:29.319Z,198.802,198.816,0.0,7.4,0.0,0.0,0.0,0.0,0.0,0.0,0.0,0.0,1.0,0.0,0.0,0.0,9.0,4.0,0.0,0.0,0.0,0.0,0.0,0.0,0.0,0.0,2.0,12.0,1.0,12.17,5.01,2.51,1.49,-0.1,0.0,0.0,0.4,0.0,-0.3,0.0,0.2,-169.60000000000002,0.0,0.0,169.70000000000002,0.0,21.700000000000003,29.6,29.6,30.200000000000003,300.0,300.0,31.3,35.2,29.4,28.700000000000003,30.5,4.95,2.0,4.97,0.16,0.0,0.0,1027.0,8228.0,0.0,0.0,0.0,0.0,0.0,1.0,0.0,0.0,0.0,0.0,0.0,0.1,0.0,-0.2,0.0,0.0001,16.0,25903.0
2026-07-30T19:00:29.331Z,198.814,198.828,0.0,7.4,0.0,0.0,0.0,0.0,0.0,0.0,0.0,0.0,1.0,0.0,0.0,0.0,9.0,4.0,0.0,0.0,0.0,0.0,0.0,0.0,0.0,0.0,2.0,12.0,1.0,12.17,5.01,2.51,1.49,0.0,0.0,0.0,0.4,0.0,-0.3,0.0,-0.8,-169.60000000000002,0.0,0.0,169.70000000000002,0.0,21.700000000000003,29.6,29.6,30.200000000000003,300.0,300.0,31.3,35.2,29.4,28.700000000000003,30.5,4.96,1.99,4.96,0.16,0.0,0.0,1027.0,8228.0,0.0,0.0,0.0,0.0,0.0,1.0,0.0,0.0,0.0,0.0,0.0,-0.7000000000000001,0.0,0.7000000000000001,0.0,0.0,16.0,25903.0
2026-07-30T19:00:29.343Z,198.826,198.84,0.0,7.4,0.0,0.0,0.0,0.0,0.0,0.0,0.0,0.0,1.0,0.0,0.0,0.0,9.0,4.0,0.0,0.0,0.0,0.0,0.0,0.0,0.0,0.0,3.0,12.0,1.0,12.17,5.01,2.51,1.49,0.0,0.1,0.0,0.5,0.0,-0.3,-0.1,1.4,-169.60000000000002,0.0,0.0,169.70000000000002,0.0,21.700000000000003,29.6,29.6,30.200000000000003,300.0,300.0,31.3,35.2,29.4,28.700000000000003,30.5,4.96,2.0,4.96,0.16,0.0,0.0,1027.0,8228.0,0.0,0.0,0.0,0.0,0.0,1.0,0.0,0.0,0.0,0.0,0.0,0.9,0.0,-1.3,0.0,0.0002,16.0,25903.0
2026-07-30T19:00:29.355Z,198.838,198.852,0.0,7.4,0.0,0.0,0.0,0.0,0.0,0.0,0.0,0.0,1.0,0.0,0.0,0.0,9.0,4.0,0.0,0.0,0.0,0.0,0.0,0.0,0.0,0.0,4.0,12.0,1.0,12.17,5.01,2.51,1.49,0.0,0.0,0.0,0.5,0.0,-0.2,0.0,-1.4,-169.60000000000002,0.0,0.0,169.70000000000002,0.0,21.700000000000003,29.6,29.6,30.200000000000003,300.0,300.0,31.3,35.2,29.4,28.700000000000003,30.5,4.95,1.99,4.96,0.16,0.0,0.0,1027.0,8228.0,0.0,0.0,0.0,0.0,0.0,1.0,0.0,0.0,0.0,0.0,0.0,-1.1,0.0,1.2000000000000002,0.0,0.0,16.0,25903.0
2026-07-30T19:00:29.367Z,198.85,198.864,0.0,7.4,0.0,0.0,0.0,0.0,0.0,0.0,0.0,0.0,1.0,0.0,0.0,0.0,9.0,4.0,0.0,0.0,0.0,0.0,0.0,0.0,0.0,0.0,5.0,12.0,1.0,12.17,5.01,2.51,1.49,0.0,0.0,0.0,0.4,0.0,-0.3,-0.6000000000000001,-0.1,-169.60000000000002,0.0,0.0,169.70000000000002,0.0,21.700000000000003,29.6,29.6,30.200000000000003,300.0,300.0,31.3,35.2,29.4,28.700000000000003,30.5,4.95,1.99,4.97,0.16,0.0,0.0,1027.0,8228.0,0.0,0.0,0.0,0.0,0.0,1.0,0.0,0.0,0.0,0.0,0.0,-0.9,0.0,0.0,0.0,0.0,16.0,25903.0
2026-07-30T19:00:29.379Z,198.862,198.876,0.0,7.4,0.0,0.0,0.0,0.0,0.0,0.0,0.0,0.0,1.0,0.0,0.0,0.0,9.0,4.0,0.0,0.0,0.0,0.0,0.0,0.0,0.0,0.0,6.0,12.0,1.0,12.17,5.01,2.51,1.49,0.0,0.0,0.0,0.4,0.0,0.8,0.0,0.3,-169.60000000000002,0.0,0.0,169.70000000000002,0.0,21.700000000000003,29.6,29.6,30.200000000000003,300.0,300.0,31.3,35.2,29.4,28.700000000000003,30.5,4.96,1.99,4.97,0.16,0.0,0.0,1027.0,8228.0,0.0,0.0,0.0,0.0,0.0,1.0,0.0,0.0,0.0,0.0,0.0,-0.8,0.0,0.0,0.0,0.0001,16.0,25903.0
2026-07-30T19:00:29.391Z,198.874,198.888,0.0,7.4,0.0,0.0,0.0,0.0,0.0,0.0,0.0,0.0,1.0,0.0,0.0,0.0,9.0,4.0,0.0,0.0,0.0,0.0,0.0,0.0,0.0,0.0,1.0,12.0,1.0,12.17,5.01,2.51,1.49,0.0,0.0,0.0,0.4,0.0,0.3,0.0,-0.1,-169.60000000000002,0.0,0.0,169.70000000000002,0.0,21.700000000000003,29.6,29.6,30.200000000000003,300.0,300.0,31.3,35.2,29.4,28.700000000000003,30.5,4.96,1.99,4.97,0.16,0.0,0.0,1027.0,8228.0,0.0,0.0,0.0,0.0,0.0,1.0,0.0,0.0,0.0,0.0,0.0,2.9000000000000004,0.0,-1.6,0.0,0.0,16.0,25903.0
2026-07-30T19:00:29.403Z,198.886,198.9,0.0,7.4,0.0,0.0,0.0,0.0,0.0,0.0,0.0,0.0,1.0,0.0,0.0,0.0,9.0,4.0,0.0,0.0,0.0,0.0,0.0,0.0,0.0,0.0,2.0,12.0,1.0,12.15,5.01,2.51,1.5,0.0,0.0,0.0,0.4,0.0,0.8,0.0,0.4,-169.60000000000002,0.0,0.0,169.60000000000002,0.0,21.3,29.6,29.6,30.200000000000003,300.0,300.0,31.200000000000003,35.2,29.4,28.6,30.5,4.95,1.99,4.97,0.16,0.0,0.0,1027.0,8228.0,0.0,0.0,0.0,0.0,0.0,1.0,0.0,0.0,0.0,0.0,0.0,-0.5,0.0,0.6000000000000001,0.0,0.0001,16.0,25903.0
2026-07-30T19:00:29.415Z,198.898,198.912,0.0,7.4,0.0,0.0,0.0,0.0,0.0,0.0,0.0,0.0,1.0,0.0,0.0,0.0,9.0,4.0,0.0,0.0,0.0,0.0,0.0,0.0,0.0,0.0,4.0,12.0,1.0,12.15,5.01,2.51,1.5,0.0,0.0,0.0,0.4,0.0,-0.8,-0.6000000000000001,-0.1,-169.60000000000002,0.0,0.0,169.70000000000002,0.0,21.3,29.6,29.6,30.200000000000003,300.0,300.0,31.200000000000003,35.2,29.4,28.6,30.5,4.96,1.99,4.96,0.16,0.0,0.0,1027.0,8228.0,0.0,0.0,0.0,0.0,0.0,1.0,0.0,0.0,0.0,0.0,0.0,-0.8,0.0,0.0,0.0,0.0001,16.0,25903.0
2026-07-30T19:00:29.427Z,198.91,198.924,0.0,7.4,0.0,0.0,0.0,0.0,0.0,0.0,0.0,0.0,1.0,0.0,0.0,0.0,9.0,4.0,0.0,0.0,0.0,0.0,0.0,0.0,0.0,0.0,5.0,12.0,1.0,12.15,5.01,2.51,1.5,0.0,0.0,0.0,0.4,0.0,0.8,0.5,-0.1,-169.60000000000002,0.0,0.0,169.60000000000002,0.0,21.3,29.6,29.6,30.200000000000003,300.0,300.0,31.200000000000003,35.2,29.4,28.6,30.5,4.95,1.99,4.96,0.16,0.0,0.0,1027.0,8228.0,0.0,0.0,0.0,0.0,0.0,1.0,0.0,0.0,0.0,0.0,0.0,0.5,0.0,0.2,0.0,0.0002,16.0,25903.0
2026-07-30T19:00:29.439Z,198.922,198.936,0.0,7.4,0.0,0.0,0.0,0.0,0.0,0.0,0.0,0.0,1.0,0.0,0.0,0.0,9.0,4.0,0.0,0.0,0.0,0.0,0.0,0.0,0.0,0.0,6.0,12.0,1.0,12.15,5.01,2.51,1.5,0.0,0.0,0.0,0.4,0.0,-0.3,1.1,-0.1,-169.60000000000002,0.0,0.0,169.8,0.0,21.3,29.6,29.6,30.200000000000003,300.0,300.0,31.200000000000003,35.2,29.4,28.6,30.5,4.95,1.99,4.97,0.16,0.0,0.0,1027.0,8228.0,0.0,0.0,0.0,0.0,0.0,1.0,0.0,0.0,0.0,0.0,0.0,1.1,0.0,0.3,0.0,0.0001,16.0,25903.0
2026-07-30T19:00:29.451Z,198.934,198.948,0.0,7.4,0.0,0.0,0.0,0.0,0.0,0.0,0.0,0.0,1.0,0.0,0.0,0.0,9.0,4.0,0.0,0.0,0.0,0.0,0.0,0.0,0.0,0.0,1.0,12.0,1.0,12.15,5.01,2.51,1.5,0.0,0.0,0.0,0.4,0.0,-0.9,0.0,-0.7000000000000001,-169.60000000000002,0.0,0.0,169.70000000000002,0.0,21.3,29.6,29.6,30.200000000000003,300.0,300.0,31.200000000000003,35.2,29.4,28.6,30.5,4.95,1.99,4.97,0.16,0.0,0.0,1027.0,8228.0,0.0,0.0,0.0,0.0,0.0,1.0,0.0,0.0,0.0,0.0,0.0,-0.5,0.0,0.6000000000000001,0.0,0.0002,16.0,25903.0
2026-07-30T19:00:29.463Z,198.946,198.96,0.0,7.4,0.0,0.0,0.0,0.0,0.0,0.0,0.0,0.0,1.0,0.0,0.0,0.0,9.0,4.0,0.0,0.0,0.0,0.0,0.0,0.0,0.0,0.0,2.0,12.0,1.0,12.15,5.01,2.51,1.5,0.0,0.0,0.0,0.4,0.0,-0.3,-0.5,1.0,-169.60000000000002,0.0,0.0,169.60000000000002,0.0,21.3,29.6,29.6,30.200000000000003,300.0,300.0,31.200000000000003,35.2,29.4,28.6,30.5,4.96,1.99,4.96,0.16,0.0,0.0,1027.0,8228.0,0.0,0.0,0.0,0.0,0.0,1.0,0.0,0.0,0.0,0.0,0.0,0.1,0.0,-1.0,0.0,0.0001,16.0,25903.0
2026-07-30T19:00:29.475Z,198.958,198.972,0.0,7.4,0.0,0.0,0.0,0.0,0.0,0.0,0.0,0.0,1.0,0.0,0.0,0.0,9.0,4.0,0.0,0.0,0.0,0.0,0.0,0.0,0.0,0.0,3.0,12.0,1.0,12.15,5.01,2.51,1.5,0.0,0.0,0.0,0.4,0.0,-0.3,-1.1,0.4,-169.60000000000002,0.0,0.0,169.70000000000002,0.0,21.3,29.6,29.6,30.200000000000003,300.0,300.0,31.200000000000003,35.2,29.4,28.6,30.5,4.95,1.99,4.97,0.16,0.0,0.0,1027.0,8228.0,0.0,0.0,0.0,0.0,0.0,1.0,0.0,0.0,0.0,0.0,0.0,-0.8,0.0,-0.6000000000000001,0.0,0.0002,16.0,25903.0
2026-07-30T19:00:29.487Z,198.97,198.984,0.0,7.4,0.0,0.0,0.0,0.0,0.0,0.0,0.0,0.0,1.0,0.0,0.0,0.0,9.0,4.0,0.0,0.0,0.0,0.0,0.0,0.0,0.0,0.0,4.0,12.0,1.0,12.15,5.01,2.51,1.5,0.0,0.0,0.0,0.4,0.0,0.2,0.6000000000000001,-1.2000000000000002,-169.60000000000002,0.0,0.0,169.8,0.0,21.3,29.6,29.6,30.200000000000003,300.0,300.0,31.200000000000003,35.2,29.4,28.6,30.5,4.95,2.0,4.96,0.16,0.0,0.0,1027.0,8228.0,0.0,0.0,0.0,0.0,0.0,1.0,0.0,0.0,0.0,0.0,0.0,-0.2,0.0,1.2000000000000002,0.0,0.0001,16.0,25903.0
2026-07-30T19:00:29.500Z,198.983,198.996,0.0,7.4,0.0,0.0,0.0,0.0,0.0,0.0,0.0,0.0,1.0,0.0,0.0,0.0,9.0,4.0,0.0,0.0,0.0,0.0,0.0,0.0,0.0,0.0,6.0,12.0,1.0,12.13,5.01,2.51,1.49,0.0,0.0,0.0,0.5,0.0,-0.3,-0.5,0.0,-169.60000000000002,0.0,0.0,169.8,0.0,21.700000000000003,29.6,29.6,30.200000000000003,300.0,300.0,31.4,35.2,29.4,28.6,30.5,4.96,1.99,4.96,0.16,0.0,0.0,1027.0,8228.0,0.0,0.0,0.0,0.0,0.0,1.0,0.0,0.0,0.0,0.0,0.0,-0.6000000000000001,0.0,0.0,0.0,0.0002,16.0,25903.0
2026-07-30T19:00:29.511Z,198.994,199.008,0.0,7.4,0.0,0.0,0.0,0.0,0.0,0.0,0.0,0.0,1.0,0.0,0.0,0.0,9.0,4.0,0.0,0.0,0.0,0.0,0.0,0.0,0.0,0.0,1.0,12.0,1.0,12.13,5.01,2.51,1.49,0.0,0.1,0.0,0.4,0.0,-0.3,0.0,-0.1,-169.70000000000002,0.0,0.0,169.8,0.0,21.700000000000003,29.6,29.6,30.200000000000003,300.0,300.0,31.4,35.2,29.4,28.6,30.5,4.95,1.99,4.97,0.16,0.0,0.0,1027.0,8228.0,0.0,0.0,0.0,0.0,0.0,1.0,0.0,0.0,0.0,0.0,0.0,0.0,0.0,0.1,0.0,0.0001,16.0,25903.0
2026-07-30T19:00:29.523Z,199.006,199.02,0.0,7.4,0.0,0.0,0.0,0.0,0.0,0.0,0.0,0.0,1.0,0.0,0.0,0.0,9.0,4.0,0.0,0.0,0.0,0.0,0.0,0.0,0.0,0.0,2.0,12.0,1.0,12.13,5.01,2.51,1.49,0.0,0.0,0.0,0.4,0.0,0.2,-0.5,-0.1,-169.70000000000002,0.0,0.0,169.70000000000002,0.0,21.700000000000003,29.6,29.6,30.200000000000003,300.0,300.0,31.4,35.2,29.4,28.6,30.5,4.95,1.99,4.96,0.16,0.0,0.0,1027.0,8228.0,0.0,0.0,0.0,0.0,0.0,1.0,0.0,0.0,0.0,0.0,0.0,-0.7000000000000001,0.0,0.0,0.0,0.0001,16.0,25903.0
2026-07-30T19:00:29.538Z,199.021,199.032,0.0,7.4,0.0,0.0,0.0,0.0,0.0,0.0,0.0,0.0,1.0,0.0,0.0,0.0,9.0,4.0,0.0,0.0,0.0,0.0,0.0,0.0,0.0,0.0,3.0,12.0,1.0,12.13,5.01,2.51,1.49,0.0,0.0,0.0,0.4,0.0,0.1,0.0,-0.7000000000000001,-169.70000000000002,0.0,0.0,169.70000000000002,0.0,21.700000000000003,29.6,29.6,30.200000000000003,300.0,300.0,31.4,35.2,29.4,28.6,30.5,4.95,1.99,4.96,0.16,0.0,0.0,1027.0,8228.0,0.0,0.0,0.0,0.0,0.0,1.0,0.0,0.0,0.0,0.0,0.0,-0.5,0.0,0.6000000000000001,0.0,0.0,16.0,25903.0
2026-07-30T19:00:29.548Z,199.031,199.044,0.0,7.4,0.0,0.0,0.0,0.0,0.0,0.0,0.0,0.0,1.0,0.0,0.0,0.0,9.0,4.0,0.0,0.0,0.0,0.0,0.0,0.0,0.0,0.0,1.0,12.0,1.0,12.13,5.01,2.51,1.49,0.0,0.0,0.0,0.5,0.0,0.7000000000000001,0.0,2.1,-169.70000000000002,0.0,0.0,169.8,0.0,21.700000000000003,29.6,29.6,30.200000000000003,300.0,300.0,31.4,35.2,29.4,28.6,30.5,4.96,1.99,4.96,0.16,0.0,0.0,1027.0,8228.0,0.0,0.0,0.0,0.0,0.0,1.0,0.0,0.0,0.0,0.0,0.0,1.6,0.0,-1.9,0.0,0.0,16.0,25903.0
2026-07-30T19:00:29.559Z,199.042,199.056,0.0,7.4,0.0,0.0,0.0,0.0,0.0,0.0,0.0,0.0,1.0,0.0,0.0,0.0,9.0,4.0,0.0,0.0,0.0,0.0,0.0,0.0,0.0,0.0,6.0,12.0,1.0,12.13,5.01,2.51,1.49,0.0,0.0,0.0,0.4,0.0,-0.3,-0.5,-0.7000000000000001,-169.70000000000002,0.0,0.0,169.8,0.0,21.700000000000003,29.6,29.6,30.200000000000003,300.0,300.0,31.4,35.2,29.4,28.6,30.5,4.95,1.99,4.97,0.16,0.0,0.0,1027.0,8228.0,0.0,0.0,0.0,0.0,0.0,1.0,0.0,0.0,0.0,0.0,0.0,-1.1,0.0,0.5,0.0,0.0001,16.0,25903.0
2026-07-30T19:00:29.571Z,199.054,199.068,0.0,7.4,0.0,0.0,0.0,0.0,0.0,0.0,0.0,0.0,1.0,0.0,0.0,0.0,9.0,4.0,0.0,0.0,0.0,0.0,0.0,0.0,0.0,0.0,2.0,12.0,1.0,12.13,5.01,2.51,1.49,0.0,0.0,0.0,0.5,0.0,0.2,-0.5,-0.1,-169.70000000000002,0.0,0.0,169.8,0.0,21.700000000000003,29.6,29.6,30.200000000000003,300.0,300.0,31.4,35.2,29.4,28.6,30.5,4.96,1.99,4.96,0.16,0.0,0.0,1027.0,8228.0,0.0,0.0,0.0,0.0,0.0,1.0,0.0,0.0,0.0,0.0,0.0,-0.7000000000000001,0.0,0.0,0.0,0.0001,16.0,25903.0
2026-07-30T19:00:29.583Z,199.066,199.08,0.0,7.4,0.0,0.0,0.0,0.0,0.0,0.0,0.0,0.0,1.0,0.0,0.0,0.0,9.0,4.0,0.0,0.0,0.0,0.0,0.0,0.0,0.0,0.0,3.0,12.0,1.0,12.13,5.01,2.51,1.49,0.0,0.1,0.0,0.4,0.0,-0.3,0.0,0.5,-169.70000000000002,0.0,0.0,169.60000000000002,0.0,21.700000000000003,29.6,29.6,30.200000000000003,300.0,300.0,31.4,35.2,29.4,28.6,30.5,4.96,2.0,4.96,0.16,0.0,0.0,1027.0,8228.0,0.0,0.0,0.0,0.0,0.0,1.0,0.0,0.0,0.0,0.0,0.0,0.3,0.0,-0.4,0.0,0.0001,16.0,25903.0
2026-07-30T19:00:29.595Z,199.078,199.092,0.0,7.4,0.0,0.0,0.0,0.0,0.0,0.0,0.0,0.0,1.0,0.0,0.0,0.0,9.0,4.0,0.0,0.0,0.0,0.0,0.0,0.0,0.0,0.0,4.0,12.0,1.0,12.13,5.01,2.51,1.49,0.0,0.1,0.0,0.4,0.0,0.1,0.5,-0.1,-169.70000000000002,0.0,0.0,169.70000000000002,0.0,21.700000000000003,29.6,29.6,30.200000000000003,300.0,300.0,31.4,35.2,29.4,28.6,30.5,4.95,1.99,4.96,0.16,0.0,0.0,1027.0,8228.0,0.0,0.0,0.0,0.0,0.0,1.0,0.0,0.0,0.0,0.0,0.0,0.5,0.0,0.2,0.0,0.0002,16.0,25903.0
2026-07-30T19:00:29.607Z,199.09,199.104,0.0,7.4,0.0,0.0,0.0,0.0,0.0,0.0,0.0,0.0,1.0,0.0,0.0,0.0,9.0,4.0,0.0,0.0,0.0,0.0,0.0,0.0,0.0,0.0,5.0,12.0,1.0,12.17,5.0200000000000005,2.51,1.49,0.0,0.0,0.0,0.4,0.0,-0.4,0.5,-1.2000000000000002,-169.70000000000002,0.0,0.0,169.8,0.0,21.3,29.6,29.6,30.200000000000003,300.0,300.0,31.6,35.2,29.4,28.6,30.5,4.95,1.99,4.97,0.16,0.0,0.0,1027.0,8228.0,0.0,0.0,0.0,0.0,0.0,1.0,0.0,0.0,0.0,0.0,0.0,-0.3,0.0,1.2000000000000002,0.0,0.0,16.0,25903.0
2026-07-30T19:00:29.619Z,199.102,199.116,0.0,7.4,0.0,0.0,0.0,0.0,0.0,0.0,0.0,0.0,1.0,0.0,0.0,0.0,9.0,4.0,0.0,0.0,0.0,0.0,0.0,0.0,0.0,0.0,6.0,12.0,1.0,12.17,5.0200000000000005,2.51,1.49,0.0,0.0,0.0,0.5,0.0,0.2,-1.2000000000000002,0.0,-169.70000000000002,0.0,0.0,169.70000000000002,0.0,21.3,29.6,29.6,30.200000000000003,300.0,300.0,31.6,35.2,29.4,28.6,30.5,4.96,2.0,4.96,0.16,0.0,0.0,1027.0,8228.0,0.0,0.0,0.0,0.0,0.0,1.0,0.0,0.0,0.0,0.0,0.0,-1.4,0.0,-0.1,0.0,0.0002,16.0,25903.0
2026-07-30T19:00:29.631Z,199.114,199.128,0.0,7.4,0.0,0.0,0.0,0.0,0.0,0.0,0.0,0.0,1.0,0.0,0.0,0.0,9.0,4.0,0.0,0.0,0.0,0.0,0.0,0.0,0.0,0.0,2.0,12.0,1.0,12.17,5.0200000000000005,2.51,1.49,0.0,0.0,0.0,0.4,0.0,-0.3,0.5,-0.1,-169.70000000000002,0.0,0.0,169.70000000000002,0.0,21.3,29.6,29.6,30.200000000000003,300.0,300.0,31.6,35.2,29.4,28.6,30.5,4.96,1.99,4.97,0.15,0.0,0.0,1027.0,8228.0,0.0,0.0,0.0,0.0,0.0,1.0,0.0,0.0,0.0,0.0,0.0,0.5,0.0,0.2,0.0,0.0,16.0,25903.0
2026-07-30T19:00:29.643Z,199.126,199.14,0.0,7.4,0.0,0.0,0.0,0.0,0.0,0.0,0.0,0.0,1.0,0.0,0.0,0.0,9.0,4.0,0.0,0.0,0.0,0.0,0.0,0.0,0.0,0.0,3.0,12.0,1.0,12.17,5.0200000000000005,2.51,1.49,0.0,0.0,0.0,0.5,0.0,-0.9,0.5,-1.2000000000000002,-169.70000000000002,0.0,0.0,169.70000000000002,0.0,21.3,29.6,29.6,30.200000000000003,300.0,300.0,31.6,35.2,29.4,28.6,30.5,4.95,1.99,4.97,0.16,0.0,0.0,1027.0,8228.0,0.0,0.0,0.0,0.0,0.0,1.0,0.0,0.0,0.0,0.0,0.0,-0.3,0.0,1.2000000000000002,0.0,0.0,16.0,25903.0
2026-07-30T19:00:29.655Z,199.138,199.152,0.0,7.4,0.0,0.0,0.0,0.0,0.0,0.0,0.0,0.0,1.0,0.0,0.0,0.0,9.0,4.0,0.0,0.0,0.0,0.0,0.0,0.0,0.0,0.0,4.0,12.0,1.0,12.17,5.0200000000000005,2.51,1.49,0.0,0.0,0.0,0.4,0.0,-0.9,-1.1,-0.6000000000000001,-169.70000000000002,0.0,0.0,169.8,0.0,21.3,29.6,29.6,30.200000000000003,300.0,300.0,31.6,35.2,29.4,28.6,30.5,4.95,1.99,4.96,0.16,0.0,0.0,1027.0,8228.0,0.0,0.0,0.0,0.0,0.0,1.0,0.0,0.0,0.0,0.0,0.0,-1.8,0.0,0.3,0.0,0.0001,16.0,25903.0
2026-07-30T19:00:29.667Z,199.15,199.164,0.0,7.4,0.0,0.0,0.0,0.0,0.0,0.0,0.0,0.0,1.0,0.0,0.0,0.0,9.0,4.0,0.0,0.0,0.0,0.0,0.0,0.0,0.0,0.0,5.0,12.0,1.0,12.17,5.0200000000000005,2.51,1.49,0.0,0.0,0.0,0.5,0.0,0.2,-0.6000000000000001,0.0,-169.70000000000002,0.0,0.0,169.70000000000002,0.0,21.3,29.6,29.6,30.200000000000003,300.0,300.0,31.6,35.2,29.4,28.6,30.5,4.96,2.0,4.96,0.16,0.0,0.0,1027.0,8228.0,0.0,0.0,0.0,0.0,0.0,1.0,0.0,0.0,0.0,0.0,0.0,-0.8,0.0,0.0,0.0,0.0,16.0,25903.0
2026-07-30T19:00:29.679Z,199.162,199.176,0.0,7.4,0.0,0.0,0.0,0.0,0.0,0.0,0.0,0.0,1.0,0.0,0.0,0.0,9.0,4.0,0.0,0.0,0.0,0.0,0.0,0.0,0.0,0.0,6.0,12.0,1.0,12.17,5.0200000000000005,2.51,1.49,0.0,0.0,0.0,0.4,0.0,-0.3,0.5,0.0,-169.70000000000002,0.0,0.0,169.8,0.0,21.3,29.6,29.6,30.200000000000003,300.0,300.0,31.6,35.2,29.4,28.6,30.5,4.96,1.99,4.97,0.16,0.0,0.0,1027.0,8228.0,0.0,0.0,0.0,0.0,0.0,1.0,0.0,0.0,0.0,0.0,0.0,0.5,0.0,0.1,0.0,0.0001,16.0,25903.0
2026-07-30T19:00:29.691Z,199.174,199.188,0.0,7.4,0.0,0.0,0.0,0.0,0.0,0.0,0.0,0.0,1.0,0.0,0.0,0.0,9.0,4.0,0.0,0.0,0.0,0.0,0.0,0.0,0.0,0.0,1.0,12.0,1.0,12.17,5.0200000000000005,2.51,1.49,0.0,0.0,0.0,0.4,0.0,-0.3,0.0,-0.6000000000000001,-169.70000000000002,0.0,0.0,169.8,0.0,21.3,29.6,29.6,30.200000000000003,300.0,300.0,31.6,35.2,29.4,28.6,30.5,4.95,1.99,4.97,0.16,0.0,0.0,1027.0,8228.0,0.0,0.0,0.0,0.0,0.0,1.0,0.0,0.0,0.0,0.0,0.0,-0.5,0.0,0.5,0.0,0.0002,16.0,25903.0
2026-07-30T19:00:29.705Z,199.188,199.2,0.0,7.4,0.0,0.0,0.0,0.0,0.0,0.0,0.0,0.0,1.0,0.0,0.0,0.0,9.0,4.0,0.0,0.0,0.0,0.0,0.0,0.0,0.0,0.0,2.0,12.0,1.0,12.17,5.01,2.51,1.49,0.0,0.1,0.0,0.4,0.0,0.8,-0.5,0.0,-169.70000000000002,0.0,0.0,169.8,0.0,21.700000000000003,29.6,29.6,30.200000000000003,300.0,300.0,31.5,35.2,29.4,28.6,30.5,4.96,1.99,4.96,0.16,0.0,0.0,1027.0,8228.0,0.0,0.0,0.0,0.0,0.0,1.0,0.0,0.0,0.0,0.0,0.0,-0.6000000000000001,0.0,0.0,0.0,0.0,16.0,25903.0
2026-07-30T19:00:29.715Z,199.198,199.212,0.0,7.4,0.0,0.0,0.0,0.0,0.0,0.0,0.0,0.0,1.0,0.0,0.0,0.0,9.0,4.0,0.0,0.0,0.0,0.0,0.0,0.0,0.0,0.0,3.0,12.0,1.0,12.17,5.01,2.51,1.49,0.0,0.0,0.0,0.4,0.0,-0.3,0.5,0.5,-169.70000000000002,0.0,0.0,169.70000000000002,0.0,21.700000000000003,29.6,29.6,30.200000000000003,300.0,300.0,31.5,35.2,29.4,28.6,30.5,4.95,2.0,4.97,0.16,0.0,0.0,1027.0,8228.0,0.0,0.0,0.0,0.0,0.0,1.0,0.0,0.0,0.0,0.0,0.0,1.0,0.0,-0.3,0.0,0.0,16.0,25903.0
2026-07-30T19:00:29.727Z,199.21,199.224,0.0,7.4,0.0,0.0,0.0,0.0,0.0,0.0,0.0,0.0,1.0,0.0,0.0,0.0,9.0,4.0,0.0,0.0,0.0,0.0,0.0,0.0,0.0,0.0,4.0,12.0,1.0,12.17,5.01,2.51,1.49,0.0,0.0,0.0,0.4,0.0,-0.3,0.5,1.0,-169.70000000000002,0.0,0.0,169.70000000000002,0.0,21.700000000000003,29.6,29.6,30.200000000000003,300.0,300.0,31.5,35.2,29.4,28.6,30.5,4.95,2.0,4.97,0.16,0.0,0.0,1027.0,8228.0,0.0,0.0,0.0,0.0,0.0,1.0,0.0,0.0,0.0,0.0,0.0,1.4,0.0,-0.8,0.0,0.0002,16.0,25903.0
2026-07-30T19:00:29.739Z,199.222,199.236,0.0,7.4,0.0,0.0,0.0,0.0,0.0,0.0,0.0,0.0,1.0,0.0,0.0,0.0,9.0,4.0,0.0,0.0,0.0,0.0,0.0,0.0,0.0,0.0,6.0,12.0,1.0,12.17,5.01,2.51,1.49,0.0,0.0,0.0,0.4,0.0,-0.3,0.0,0.0,-169.70000000000002,0.0,0.0,169.70000000000002,0.0,21.700000000000003,29.6,29.6,30.200000000000003,300.0,300.0,31.5,35.2,29.4,28.6,30.5,4.96,2.0,4.97,0.16,0.0,0.0,1027.0,8228.0,0.0,0.0,0.0,0.0,0.0,1.0,0.0,0.0,0.0,0.0,0.0,0.0,0.0,0.0,0.0,0.0001,16.0,25903.0
2026-07-30T19:00:29.751Z,199.234,199.248,0.0,7.4,0.0,0.0,0.0,0.0,0.0,0.0,0.0,0.0,1.0,0.0,0.0,0.0,9.0,4.0,0.0,0.0,0.0,0.0,0.0,0.0,0.0,0.0,1.0,12.0,1.0,12.17,5.01,2.51,1.49,0.0,0.0,0.0,0.4,0.0,-0.3,0.0,1.6,-169.70000000000002,0.0,0.0,169.8,0.0,21.700000000000003,29.6,29.6,30.200000000000003,300.0,300.0,31.5,35.2,29.4,28.6,30.5,4.96,2.0,4.96,0.16,0.0,0.0,1027.0,8228.0,0.0,0.0,0.0,0.0,0.0,1.0,0.0,0.0,0.0,0.0,0.0,1.2000000000000002,0.0,-1.4,0.0,0.0001,16.0,25903.0
2026-07-30T19:00:29.764Z,199.247,199.26,0.0,7.4,0.0,0.0,0.0,0.0,0.0,0.0,0.0,0.0,1.0,0.0,0.0,0.0,9.0,4.0,0.0,0.0,0.0,0.0,0.0,0.0,0.0,0.0,2.0,12.0,1.0,12.17,5.01,2.51,1.49,0.0,0.0,0.0,0.4,0.0,-0.9,-1.1,0.5,-169.70000000000002,0.0,0.0,169.70000000000002,0.0,21.700000000000003,29.6,29.6,30.200000000000003,300.0,300.0,31.5,35.2,29.4,28.6,30.5,4.95,1.99,4.96,0.16,0.0,0.0,1027.0,8228.0,0.0,0.0,0.0,0.0,0.0,1.0,0.0,0.0,0.0,0.0,0.0,-0.9,0.0,-0.7000000000000001,0.0,0.0001,16.0,25903.0
2026-07-30T19:00:29.775Z,199.258,199.272,0.0,7.4,0.0,0.0,0.0,0.0,0.0,0.0,0.0,0.0,1.0,0.0,0.0,0.0,9.0,4.0,0.0,0.0,0.0,0.0,0.0,0.0,0.0,0.0,3.0,12.0,1.0,12.17,5.01,2.51,1.49,0.0,0.0,0.0,0.4,0.0,0.2,0.5,0.0,-169.70000000000002,0.0,0.0,169.70000000000002,0.0,21.700000000000003,29.6,29.6,30.200000000000003,300.0,300.0,31.5,35.2,29.4,28.6,30.5,4.95,1.99,4.96,0.17,0.0,0.0,1027.0,8228.0,0.0,0.0,0.0,0.0,0.0,1.0,0.0,0.0,0.0,0.0,0.0,0.6000000000000001,0.0,0.1,0.0,0.0,16.0,25903.0
2026-07-30T19:00:29.787Z,199.27,199.284,0.0,7.4,0.0,0.0,0.0,0.0,0.0,0.0,0.0,0.0,1.0,0.0,0.0,0.0,9.0,4.0,0.0,0.0,0.0,0.0,0.0,0.0,0.0,0.0,4.0,12.0,1.0,12.17,5.01,2.51,1.49,0.0,0.0,0.0,0.4,0.0,-0.3,1.1,-1.2000000000000002,-169.70000000000002,0.0,0.0,169.8,0.0,21.700000000000003,29.6,29.6,30.200000000000003,300.0,300.0,31.5,35.2,29.4,28.6,30.5,4.96,1.99,4.96,0.16,0.0,0.0,1027.0,8228.0,0.0,0.0,0.0,0.0,0.0,1.0,0.0,0.0,0.0,0.0,0.0,0.3,0.0,1.3,0.0,0.0001,16.0,25903.0
2026-07-30T19:00:29.799Z,199.282,199.296,0.0,7.4,0.0,0.0,0.0,0.0,0.0,0.0,0.0,0.0,1.0,0.0,0.0,0.0,9.0,4.0,0.0,0.0,0.0,0.0,0.0,0.0,0.0,0.0,6.0,12.0,1.0,12.17,5.01,2.51,1.49,0.0,0.0,0.0,0.4,0.0,-0.3,-0.5,0.0,-169.70000000000002,0.0,0.0,169.8,0.0,21.700000000000003,29.6,29.6,30.200000000000003,300.0,300.0,31.5,35.2,29.4,28.6,30.5,4.95,1.99,4.97,0.16,0.0,0.0,1027.0,8228.0,0.0,0.0,0.0,0.0,0.0,1.0,0.0,0.0,0.0,0.0,0.0,-0.6000000000000001,0.0,0.0,0.0,0.0001,16.0,25903.0
2026-07-30T19:00:29.811Z,199.294,199.308,0.0,7.4,0.0,0.0,0.0,0.0,0.0,0.0,0.0,0.0,1.0,0.0,0.0,0.0,9.0,4.0,0.0,0.0,0.0,0.0,0.0,0.0,0.0,0.0,1.0,12.0,1.0,12.17,5.01,2.5,1.5,0.0,0.0,0.0,0.4,0.0,-0.3,0.0,-0.1,-169.70000000000002,0.0,0.0,169.60000000000002,0.0,21.8,29.6,29.6,30.200000000000003,300.0,300.0,31.4,35.2,29.4,28.700000000000003,30.5,4.96,2.0,4.97,0.16,0.0,0.0,1027.0,8228.0,0.0,0.0,0.0,0.0,0.0,1.0,0.0,0.0,0.0,0.0,0.0,0.0,0.0,0.0,0.0,0.0,16.0,25903.0
2026-07-30T19:00:29.823Z,199.306,199.32,0.0,7.4,0.0,0.0,0.0,0.0,0.0,0.0,0.0,0.0,1.0,0.0,0.0,0.0,9.0,4.0,0.0,0.0,0.0,0.0,0.0,0.0,0.0,0.0,2.0,12.0,1.0,12.17,5.01,2.5,1.5,0.0,0.0,0.0,0.4,0.0,-0.2,0.5,-0.6000000000000001,-169.70000000000002,0.0,0.0,169.8,0.0,21.8,29.6,29.6,30.200000000000003,300.0,300.0,31.4,35.2,29.4,28.700000000000003,30.5,4.96,1.99,4.97,0.16,0.0,0.0,1027.0,8228.0,0.0,0.0,0.0,0.0,0.0,1.0,0.0,0.0,0.0,0.0,0.0,0.1,0.0,0.7000000000000001,0.0,0.0002,16.0,25903.0
2026-07-30T19:00:29.835Z,199.318,199.332,0.0,7.4,0.0,0.0,0.0,0.0,0.0,0.0,0.0,0.0,1.0,0.0,0.0,0.0,9.0,4.0,0.0,0.0,0.0,0.0,0.0,0.0,0.0,0.0,3.0,12.0,1.0,12.17,5.01,2.5,1.5,0.0,0.0,0.0,0.4,0.0,1.4,2.3000000000000003,2.2,-169.70000000000002,0.0,0.0,169.70000000000002,0.0,21.8,29.6,29.6,30.200000000000003,300.0,300.0,31.4,35.2,29.4,28.700000000000003,30.5,4.95,1.99,4.97,0.16,0.0,0.0,1027.0,8228.0,0.0,0.0,0.0,0.0,0.0,1.0,0.0,0.0,0.0,0.0,0.0,4.3,0.0,-1.5,0.0,0.0001,16.0,25903.0
2026-07-30T19:00:29.847Z,199.33,199.344,0.0,7.4,0.0,0.0,0.0,0.0,0.0,0.0,0.0,0.0,1.0,0.0,0.0,0.0,9.0,4.0,0.0,0.0,0.0,0.0,0.0,0.0,0.0,0.0,4.0,12.0,1.0,12.17,5.01,2.5,1.5,0.0,0.0,0.0,0.4,0.0,0.2,0.0,-0.7000000000000001,-169.70000000000002,0.0,0.0,169.70000000000002,0.0,21.8,29.6,29.6,30.200000000000003,300.0,300.0,31.4,35.2,29.4,28.700000000000003,30.5,4.95,1.99,4.97,0.16,0.0,0.0,1027.0,8228.0,0.0,0.0,0.0,0.0,0.0,1.0,0.0,0.0,0.0,0.0,0.0,-0.5,0.0,0.6000000000000001,0.0,0.0,16.0,25903.0
2026-07-30T19:00:29.861Z,199.344,199.356,0.0,7.4,0.0,0.0,0.0,0.0,0.0,0.0,0.0,0.0,1.0,0.0,0.0,0.0,9.0,4.0,0.0,0.0,0.0,0.0,0.0,0.0,0.0,0.0,4.0,12.0,1.0,12.17,5.01,2.5,1.5,0.0,0.0,0.0,0.5,0.0,-0.8,-1.1,-0.6000000000000001,-169.70000000000002,0.0,0.0,169.70000000000002,0.0,21.8,29.6,29.6,30.200000000000003,300.0,300.0,31.4,35.2,29.4,28.700000000000003,30.5,4.96,2.0,4.96,0.16,0.0,0.0,1027.0,8228.0,0.0,0.0,0.0,0.0,0.0,1.0,0.0,0.0,0.0,0.0,0.0,-1.8,0.0,0.3,0.0,0.0,16.0,25903.0
2026-07-30T19:00:29.871Z,199.354,199.368,0.0,7.4,0.0,0.0,0.0,0.0,0.0,0.0,0.0,0.0,1.0,0.0,0.0,0.0,9.0,4.0,0.0,0.0,0.0,0.0,0.0,0.0,0.0,0.0,2.0,12.0,1.0,12.17,5.01,2.5,1.5,0.0,0.0,0.0,0.4,0.0,-0.3,0.5,0.4,-169.70000000000002,0.0,0.0,169.70000000000002,0.0,21.8,29.6,29.6,30.200000000000003,300.0,300.0,31.4,35.2,29.4,28.700000000000003,30.5,4.96,1.99,4.97,0.15,0.0,0.0,1027.0,8228.0,0.0,0.0,0.0,0.0,0.0,1.0,0.0,0.0,0.0,0.0,0.0,1.0,0.0,-0.2,0.0,0.0,16.0,25903.0
2026-07-30T19:00:29.883Z,199.366,199.38,0.0,7.4,0.0,0.0,0.0,0.0,0.0,0.0,0.0,0.0,1.0,0.0,0.0,0.0,9.0,4.0,0.0,0.0,0.0,0.0,0.0,0.0,0.0,0.0,2.0,12.0,1.0,12.17,5.01,2.5,1.5,0.0,0.0,0.0,0.5,0.0,-0.2,0.0,-0.7000000000000001,-169.70000000000002,0.0,0.0,169.60000000000002,0.0,21.8,29.6,29.6,30.200000000000003,300.0,300.0,31.4,35.2,29.4,28.700000000000003,30.5,4.95,1.99,4.97,0.16,0.0,0.0,1027.0,8228.0,0.0,0.0,0.0,0.0,0.0,1.0,0.0,0.0,0.0,0.0,0.0,-0.5,0.0,0.6000000000000001,0.0,0.0,16.0,25903.0
2026-07-30T19:00:29.895Z,199.378,199.392,0.0,7.4,0.0,0.0,0.0,0.0,0.0,0.0,0.0,0.0,1.0,0.0,0.0,0.0,9.0,4.0,0.0,0.0,0.0,0.0,0.0,0.0,0.0,0.0,4.0,12.0,1.0,12.17,5.01,2.5,1.5,0.0,0.0,0.0,0.4,0.0,0.2,0.0,1.0,-169.70000000000002,0.0,0.0,169.8,0.0,21.8,29.6,29.6,30.200000000000003,300.0,300.0,31.4,35.2,29.4,28.700000000000003,30.5,4.96,1.99,4.96,0.16,0.0,0.0,1027.0,8228.0,0.0,0.0,0.0,0.0,0.0,1.0,0.0,0.0,0.0,0.0,0.0,-1.7000000000000002,0.0,0.4,0.0,0.0001,16.0,25903.0
2026-07-30T19:00:29.908Z,199.391,199.404,0.0,7.4,0.0,0.0,0.0,0.0,0.0,0.0,0.0,0.0,1.0,0.0,0.0,0.0,9.0,4.0,0.0,0.0,0.0,0.0,0.0,0.0,0.0,0.0,5.0,12.0,1.0,12.15,5.0200000000000005,2.5,1.49,0.0,0.0,0.0,0.4,0.0,-0.8,-1.7000000000000002,-0.7000000000000001,-169.70000000000002,0.0,0.0,169.60000000000002,0.0,21.700000000000003,29.6,29.6,30.200000000000003,300.0,300.0,31.5,35.2,29.4,28.6,30.5,4.96,1.99,4.97,0.16,0.0,0.0,1027.0,8228.0,0.0,0.0,0.0,0.0,0.0,1.0,0.0,0.0,0.0,0.0,0.0,-1.4,0.0,-0.1,0.0,0.0003,16.0,25903.0
2026-07-30T19:00:29.919Z,199.402,199.416,0.0,7.4,0.0,0.0,0.0,0.0,0.0,0.0,0.0,0.0,1.0,0.0,0.0,0.0,9.0,4.0,0.0,0.0,0.0,0.0,0.0,0.0,0.0,0.0,6.0,12.0,1.0,12.15,5.0200000000000005,2.5,1.49,0.0,0.1,0.0,0.4,0.0,0.3,0.0,0.4,-169.70000000000002,0.0,0.0,169.70000000000002,0.0,21.700000000000003,29.6,29.6,30.200000000000003,300.0,300.0,31.5,35.2,29.4,28.6,30.5,4.96,1.99,4.96,0.16,0.0,0.0,1027.0,8228.0,0.0,0.0,0.0,0.0,0.0,1.0,0.0,0.0,0.0,0.0,0.0,-1.8,0.0,0.3,0.0,0.0002,16.0,25903.0
2026-07-30T19:00:29.931Z,199.414,199.428,0.0,7.4,0.0,0.0,0.0,0.0,0.0,0.0,0.0,0.0,1.0,0.0,0.0,0.0,9.0,4.0,0.0,0.0,0.0,0.0,0.0,0.0,0.0,0.0,1.0,12.0,1.0,12.15,5.0200000000000005,2.5,1.49,0.0,0.0,0.0,0.5,0.0,-0.2,0.0,-0.7000000000000001,-169.70000000000002,0.0,0.0,169.60000000000002,0.0,21.700000000000003,29.6,29.6,30.200000000000003,300.0,300.0,31.5,35.2,29.4,28.6,30.5,4.95,1.99,4.96,0.17,0.0,0.0,1027.0,8228.0,0.0,0.0,0.0,0.0,0.0,1.0,0.0,0.0,0.0,0.0,0.0,-0.4,0.0,0.6000000000000001,0.0,0.0,16.0,25903.0
2026-07-30T19:00:29.943Z,199.426,199.44,0.0,7.4,0.0,0.0,0.0,0.0,0.0,0.0,0.0,0.0,1.0,0.0,0.0,0.0,9.0,4.0,0.0,0.0,0.0,0.0,0.0,0.0,0.0,0.0,2.0,12.0,1.0,12.15,5.0200000000000005,2.5,1.49,0.0,0.0,0.0,0.4,0.0,-0.2,0.6000000000000001,0.4,-169.70000000000002,0.0,0.0,169.70000000000002,0.0,21.700000000000003,29.6,29.6,30.200000000000003,300.0,300.0,31.5,35.2,29.4,28.6,30.5,4.96,1.99,4.96,0.16,0.0,0.0,1027.0,8228.0,0.0,0.0,0.0,0.0,0.0,1.0,0.0,0.0,0.0,0.0,0.0,1.1,0.0,-0.2,0.0,0.0001,16.0,25903.0
2026-07-30T19:00:29.955Z,199.438,199.452,0.0,7.4,0.0,0.0,0.0,0.0,0.0,0.0,0.0,0.0,1.0,0.0,0.0,0.0,9.0,4.0,0.0,0.0,0.0,0.0,0.0,0.0,0.0,0.0,3.0,12.0,1.0,12.15,5.0200000000000005,2.5,1.49,0.0,0.0,0.0,0.5,0.0,-0.8,0.0,-0.1,-169.70000000000002,0.0,0.0,169.70000000000002,0.0,21.700000000000003,29.6,29.6,30.200000000000003,300.0,300.0,31.5,35.2,29.4,28.6,30.5,4.95,1.99,4.97,0.16,0.0,0.0,1027.0,8228.0,0.0,0.0,0.0,0.0,0.0,1.0,0.0,0.0,0.0,0.0,0.0,0.0,0.0,0.1,0.0,0.0,16.0,25903.0
2026-07-30T19:00:29.967Z,199.45,199.464,0.0,7.4,0.0,0.0,0.0,0.0,0.0,0.0,0.0,0.0,1.0,0.0,0.0,0.0,9.0,4.0,0.0,0.0,0.0,0.0,0.0,0.0,0.0,0.0,3.0,12.0,1.0,12.15,5.0200000000000005,2.5,1.49,0.0,0.0,0.0,0.4,0.0,0.3,0.6000000000000001,0.4,-169.70000000000002,0.0,0.0,169.60000000000002,0.0,21.700000000000003,29.6,29.6,30.200000000000003,300.0,300.0,31.5,35.2,29.4,28.6,30.5,4.95,2.0,4.96,0.16,0.0,0.0,1027.0,8228.0,0.0,0.0,0.0,0.0,0.0,1.0,0.0,0.0,0.0,0.0,0.0,1.0,0.0,-0.2,0.0,0.0,16.0,25903.0
2026-07-30T19:00:29.979Z,199.462,199.476,0.0,7.4,0.0,0.0,0.0,0.0,0.0,0.0,0.0,0.0,1.0,0.0,0.0,0.0,9.0,4.0,0.0,0.0,0.0,0.0,0.0,0.0,0.0,0.0,4.0,12.0,1.0,12.15,5.0200000000000005,2.5,1.49,0.0,0.0,0.0,0.5,0.0,0.3,-0.5,-0.1,-169.70000000000002,0.0,0.0,169.70000000000002,0.0,21.700000000000003,29.6,29.6,30.200000000000003,300.0,300.0,31.5,35.2,29.4,28.6,30.5,4.96,1.99,4.96,0.16,0.0,0.0,1027.0,8228.0,0.0,0.0,0.0,0.0,0.0,1.0,0.0,0.0,0.0,0.0,0.0,-0.6000000000000001,0.0,0.0,0.0,0.0001,16.0,25903.0
2026-07-30T19:00:29.991Z,199.474,199.488,0.0,7.4,0.0,0.0,0.0,0.0,0.0,0.0,0.0,0.0,1.0,0.0,0.0,0.0,9.0,4.0,0.0,0.0,0.0,0.0,0.0,0.0,0.0,0.0,5.0,12.0,1.0,12.15,5.0200000000000005,2.5,1.49,0.0,0.0,0.0,0.4,0.0,-0.2,0.0,-0.7000000000000001,-169.60000000000002,0.0,0.0,169.60000000000002,0.0,21.700000000000003,29.6,29.6,30.200000000000003,300.0,300.0,31.5,35.2,29.4,28.6,30.5,4.95,1.99,4.97,0.16,0.0,0.0,1027.0,8228.0,0.0,0.0,0.0,0.0,0.0,1.0,0.0,0.0,0.0,0.0,0.0,-0.4,0.0,0.6000000000000001,0.0,0.0001,16.0,25903.0
2026-07-30T19:00:30.003Z,199.486,199.5,0.0,7.4,0.0,0.0,0.0,0.0,0.0,0.0,0.0,0.0,1.0,0.0,0.0,0.0,9.0,4.0,0.0,0.0,0.0,0.0,0.0,0.0,0.0,0.0,6.0,12.0,1.0,12.15,5.0200000000000005,2.5,1.49,0.0,0.0,0.0,0.4,0.0,0.3,1.2000000000000002,-0.7000000000000001,-169.60000000000002,0.0,0.0,169.60000000000002,0.0,21.700000000000003,29.6,29.6,30.200000000000003,300.0,300.0,31.5,35.2,29.4,28.6,30.5,4.96,1.99,4.97,0.16,0.0,0.0,1027.0,8228.0,0.0,0.0,0.0,0.0,0.0,1.0,0.0,0.0,0.0,0.0,0.0,0.9,0.0,0.8,0.0,0.0001,16.0,25903.0
2026-07-30T19:00:30.015Z,199.498,199.512,0.0,7.4,0.0,0.0,0.0,0.0,0.0,0.0,0.0,0.0,1.0,0.0,0.0,0.0,9.0,4.0,0.0,0.0,0.0,0.0,0.0,0.0,0.0,0.0,2.0,12.0,1.0,12.17,5.0200000000000005,2.51,1.49,0.0,0.0,0.0,0.4,0.0,-0.2,0.1,0.4,-169.60000000000002,0.0,0.0,169.60000000000002,0.0,21.3,29.6,29.6,30.200000000000003,300.0,300.0,31.3,35.300000000000004,29.4,28.700000000000003,30.5,4.96,2.0,4.96,0.16,0.0,0.0,1027.0,8228.0,0.0,0.0,0.0,0.0,0.0,1.0,0.0,0.0,0.0,0.0,0.0,0.5,0.0,-0.3,0.0,0.0,16.0,25903.0
2026-07-30T19:00:30.027Z,199.51,199.524,0.0,7.4,0.0,0.0,0.0,0.0,0.0,0.0,0.0,0.0,1.0,0.0,0.0,0.0,9.0,4.0,0.0,0.0,0.0,0.0,0.0,0.0,0.0,0.0,3.0,12.0,1.0,12.17,5.0200000000000005,2.51,1.49,0.0,0.0,0.0,0.4,0.0,0.9,0.7000000000000001,1.6,-169.60000000000002,0.0,0.0,169.60000000000002,0.0,21.3,29.6,29.6,30.200000000000003,300.0,300.0,31.3,35.300000000000004,29.4,28.700000000000003,30.5,4.96,1.99,4.96,0.16,0.0,0.0,1027.0,8228.0,0.0,0.0,0.0,0.0,0.0,1.0,0.0,0.0,0.0,0.0,0.0,2.0,0.0,-1.2000000000000002,0.0,0.0,16.0,25903.0
2026-07-30T19:00:30.040Z,199.523,199.536,0.0,7.4,0.0,0.0,0.0,0.0,0.0,0.0,0.0,0.0,1.0,0.0,0.0,0.0,9.0,4.0,0.0,0.0,0.0,0.0,0.0,0.0,0.0,0.0,4.0,12.0,1.0,12.17,5.0200000000000005,2.51,1.49,0.0,0.1,0.0,0.4,0.0,0.3,-0.4,0.5,-169.60000000000002,0.0,0.0,169.60000000000002,0.0,21.3,29.6,29.6,30.200000000000003,300.0,300.0,31.3,35.300000000000004,29.4,28.700000000000003,30.5,4.95,1.99,4.97,0.17,0.0,0.0,1027.0,8228.0,0.0,0.0,0.0,0.0,0.0,1.0,0.0,0.0,0.0,0.0,0.0,-0.1,0.0,-0.5,0.0,0.0,16.0,25903.0
2026-07-30T19:00:30.051Z,199.534,199.548,0.0,7.4,0.0,0.0,0.0,0.0,0.0,0.0,0.0,0.0,1.0,0.0,0.0,0.0,9.0,4.0,0.0,0.0,0.0,0.0,0.0,0.0,0.0,0.0,6.0,12.0,1.0,12.17,5.0200000000000005,2.51,1.49,0.0,0.0,0.0,0.4,0.0,0.3,0.7000000000000001,-0.1,-169.60000000000002,0.0,0.0,169.60000000000002,0.0,21.3,29.6,29.6,30.200000000000003,300.0,300.0,31.3,35.300000000000004,29.4,28.700000000000003,30.5,4.96,1.99,4.96,0.17,0.0,0.0,1027.0,8228.0,0.0,0.0,0.0,0.0,0.0,1.0,0.0,0.0,0.0,0.0,0.0,0.7000000000000001,0.0,0.2,0.0,0.0,16.0,25903.0
2026-07-30T19:00:30.063Z,199.546,199.56,0.0,7.4,0.0,0.0,0.0,0.0,0.0,0.0,0.0,0.0,1.0,0.0,0.0,0.0,9.0,4.0,0.0,0.0,0.0,0.0,0.0,0.0,0.0,0.0,1.0,12.0,1.0,12.17,5.0200000000000005,2.51,1.49,0.0,0.0,0.0,0.4,0.0,0.3,0.7000000000000001,0.5,-169.60000000000002,0.0,0.0,169.60000000000002,0.0,21.3,29.6,29.6,30.200000000000003,300.0,300.0,31.3,35.300000000000004,29.4,28.700000000000003,30.5,4.96,2.0,4.96,0.16,0.0,0.0,1027.0,8228.0,0.0,0.0,0.0,0.0,0.0,1.0,0.0,0.0,0.0,0.0,0.0,1.2000000000000002,0.0,-0.3,0.0,0.0,16.0,25903.0
2026-07-30T19:00:30.076Z,199.559,199.572,0.0,7.4,0.0,0.0,0.0,0.0,0.0,0.0,0.0,0.0,1.0,0.0,0.0,0.0,9.0,4.0,0.0,0.0,0.0,0.0,0.0,0.0,0.0,0.0,1.0,12.0,1.0,12.17,5.0200000000000005,2.51,1.49,0.0,0.0,0.0,0.4,0.0,-0.2,0.1,0.0,-169.60000000000002,0.0,0.0,169.60000000000002,0.0,21.3,29.6,29.6,30.200000000000003,300.0,300.0,31.3,35.300000000000004,29.4,28.700000000000003,30.5,4.96,2.0,4.96,0.16,0.0,0.0,1027.0,8228.0,0.0,0.0,0.0,0.0,0.0,1.0,0.0,0.0,0.0,0.0,0.0,0.1,0.0,0.0,0.0,0.0,16.0,25903.0
2026-07-30T19:00:30.087Z,199.57,199.584,0.0,7.4,0.0,0.0,0.0,0.0,0.0,0.0,0.0,0.0,1.0,0.0,0.0,0.0,9.0,4.0,0.0,0.0,0.0,0.0,0.0,0.0,0.0,0.0,2.0,12.0,1.0,12.17,5.0200000000000005,2.51,1.49,0.0,0.0,0.0,0.5,0.0,-0.2,-0.4,0.5,-169.60000000000002,0.0,0.0,169.60000000000002,0.0,21.3,29.6,29.6,30.200000000000003,300.0,300.0,31.3,35.300000000000004,29.4,28.700000000000003,30.5,4.95,2.0,4.97,0.16,0.0,0.0,1027.0,8228.0,0.0,0.0,0.0,0.0,0.0,1.0,0.0,0.0,0.0,0.0,0.0,0.0,0.0,-0.5,0.0,0.0,16.0,25903.0
2026-07-30T19:00:30.099Z,199.582,199.596,0.0,7.4,0.0,0.0,0.0,0.0,0.0,0.0,0.0,0.0,1.0,0.0,0.0,0.0,9.0,4.0,0.0,0.0,0.0,0.0,0.0,0.0,0.0,0.0,4.0,12.0,1.0,12.17,5.0200000000000005,2.51,1.49,0.0,0.1,0.0,0.5,0.0,-0.2,-1.0,-1.2000000000000002,-169.60000000000002,0.0,0.0,169.70000000000002,0.0,21.3,29.6,29.6,30.200000000000003,300.0,300.0,31.3,35.300000000000004,29.4,28.700000000000003,30.5,4.96,1.99,4.96,0.16,0.0,0.0,1027.0,8228.0,0.0,0.0,0.0,0.0,0.0,1.0,0.0,0.0,0.0,0.0,0.0,-2.0,0.0,0.8,0.0,0.0,16.0,25903.0
2026-07-30T19:00:30.112Z,199.595,199.608,0.0,7.4,0.0,0.0,0.0,0.0,0.0,0.0,0.0,0.0,1.0,0.0,0.0,0.0,9.0,4.0,0.0,0.0,0.0,0.0,0.0,0.0,0.0,0.0,5.0,12.0,1.0,12.17,5.01,2.5,1.49,0.0,0.0,0.0,0.4,0.0,0.3,1.9,0.4,-169.60000000000002,0.0,0.0,169.60000000000002,0.0,21.8,29.6,29.6,30.200000000000003,300.0,300.0,31.3,35.300000000000004,29.4,28.700000000000003,30.5,4.96,2.0,4.97,0.16,0.0,0.0,1027.0,8228.0,0.0,0.0,0.0,0.0,0.0,1.0,0.0,0.0,0.0,0.0,0.0,2.4000000000000004,0.0,0.0,0.0,0.0,16.0,25903.0
2026-07-30T19:00:30.123Z,199.606,199.62,0.0,7.4,0.0,0.0,0.0,0.0,0.0,0.0,0.0,0.0,1.0,0.0,0.0,0.0,9.0,4.0,0.0,0.0,0.0,0.0,0.0,0.0,0.0,0.0,6.0,12.0,1.0,12.17,5.01,2.5,1.49,0.0,0.0,0.0,0.4,0.0,-0.2,0.1,0.4,-169.60000000000002,0.0,0.0,169.60000000000002,0.0,21.8,29.6,29.6,30.200000000000003,300.0,300.0,31.3,35.300000000000004,29.4,28.700000000000003,30.5,4.95,1.99,4.97,0.16,0.0,0.0,1027.0,8228.0,0.0,0.0,0.0,0.0,0.0,1.0,0.0,0.0,0.0,0.0,0.0,0.4,0.0,-0.3,0.0,0.0,16.0,25903.0
2026-07-30T19:00:30.135Z,199.618,199.632,0.0,7.4,0.0,0.0,0.0,0.0,0.0,0.0,0.0,0.0,1.0,0.0,0.0,0.0,9.0,4.0,0.0,0.0,0.0,0.0,0.0,0.0,0.0,0.0,1.0,12.0,1.0,12.17,5.01,2.5,1.49,0.0,0.0,0.0,0.5,0.0,-0.8,-0.4,-0.7000000000000001,-169.60000000000002,0.0,0.0,169.60000000000002,0.0,21.8,29.6,29.6,30.200000000000003,300.0,300.0,31.3,35.300000000000004,29.4,28.700000000000003,30.5,4.95,1.99,4.96,0.16,0.0,0.0,1027.0,8228.0,0.0,0.0,0.0,0.0,0.0,1.0,0.0,0.0,0.0,0.0,0.0,-1.0,0.0,0.5,0.0,0.0,16.0,25903.0
2026-07-30T19:00:30.147Z,199.63,199.644,0.0,7.4,0.0,0.0,0.0,0.0,0.0,0.0,0.0,0.0,1.0,0.0,0.0,0.0,9.0,4.0,0.0,0.0,0.0,0.0,0.0,0.0,0.0,0.0,2.0,12.0,1.0,12.17,5.01,2.5,1.49,0.0,0.0,0.0,0.4,0.0,0.3,-1.0,-0.1,-169.60000000000002,0.0,0.0,169.60000000000002,0.0,21.8,29.6,29.6,30.200000000000003,300.0,300.0,31.3,35.300000000000004,29.4,28.700000000000003,30.5,4.95,2.0,4.97,0.16,0.0,0.0,1027.0,8228.0,0.0,0.0,0.0,0.0,0.0,1.0,0.0,0.0,0.0,0.0,0.0,-1.2000000000000002,0.0,-0.1,0.0,0.0,16.0,25903.0
2026-07-30T19:00:30.159Z,199.642,199.656,0.0,7.4,0.0,0.0,0.0,0.0,0.0,0.0,0.0,0.0,1.0,0.0,0.0,0.0,9.0,4.0,0.0,0.0,0.0,0.0,0.0,0.0,0.0,0.0,3.0,12.0,1.0,12.17,5.01,2.5,1.49,0.0,0.0,0.0,0.4,0.0,-0.2,0.1,-1.2000000000000002,-169.60000000000002,0.0,0.0,169.60000000000002,0.0,21.8,29.6,29.6,30.200000000000003,300.0,300.0,31.3,35.300000000000004,29.4,28.700000000000003,30.5,4.95,1.99,4.97,0.16,0.0,0.0,1027.0,8228.0,0.0,0.0,0.0,0.0,0.0,1.0,0.0,0.0,0.0,0.0,0.0,-0.7000000000000001,0.0,1.1,0.0,0.0,16.0,25903.0
2026-07-30T19:00:30.177Z,199.66,199.668,0.0,7.4,0.0,0.0,0.0,0.0,0.0,0.0,0.0,0.0,1.0,0.0,0.0,0.0,9.0,4.0,0.0,0.0,0.0,0.0,0.0,0.0,0.0,0.0,5.0,12.0,1.0,12.17,5.01,2.5,1.49,0.0,0.0,0.0,0.4,0.0,-0.8,-0.3,-1.7000000000000002,-169.60000000000002,0.0,0.0,169.60000000000002,0.0,21.8,29.6,29.6,30.200000000000003,300.0,300.0,31.3,35.300000000000004,29.4,28.700000000000003,30.5,4.95,1.99,4.97,0.16,0.0,0.0,1027.0,8228.0,0.0,0.0,0.0,0.0,0.0,1.0,0.0,0.0,0.0,0.0,0.0,-1.7000000000000002,0.0,1.4,0.0,0.0,16.0,25903.0
2026-07-30T19:00:30.183Z,199.666,199.68,0.0,7.4,0.0,0.0,0.0,0.0,0.0,0.0,0.0,0.0,1.0,0.0,0.0,0.0,9.0,4.0,0.0,0.0,0.0,0.0,0.0,0.0,0.0,0.0,3.0,12.0,1.0,12.17,5.01,2.5,1.49,0.0,0.0,0.0,0.4,0.0,0.3,0.1,0.0,-169.60000000000002,0.0,0.0,169.70000000000002,0.0,21.8,29.6,29.6,30.200000000000003,300.0,300.0,31.3,35.300000000000004,29.4,28.700000000000003,30.5,4.96,1.99,4.96,0.16,0.0,0.0,1027.0,8228.0,0.0,0.0,0.0,0.0,0.0,1.0,0.0,0.0,0.0,0.0,0.0,0.1,0.0,0.1,0.0,0.0,16.0,25903.0
2026-07-30T19:00:30.195Z,199.678,199.692,0.0,7.4,0.0,0.0,0.0,0.0,0.0,0.0,0.0,0.0,1.0,0.0,0.0,0.0,9.0,4.0,0.0,0.0,0.0,0.0,0.0,0.0,0.0,0.0,3.0,12.0,1.0,12.17,5.01,2.5,1.49,0.0,0.0,0.0,0.5,0.0,0.3,-0.9,0.0,-169.60000000000002,0.0,0.0,169.60000000000002,0.0,21.8,29.6,29.6,30.200000000000003,300.0,300.0,31.3,35.300000000000004,29.4,28.700000000000003,30.5,4.95,1.99,4.97,0.16,0.0,0.0,1027.0,8228.0,0.0,0.0,0.0,0.0,0.0,1.0,0.0,0.0,0.0,0.0,0.0,-1.1,0.0,-0.1,0.0,0.0,16.0,25903.0
2026-07-30T19:00:30.207Z,199.69,199.704,0.0,7.4,0.0,0.0,0.0,0.0,0.0,0.0,0.0,0.0,1.0,0.0,0.0,0.0,9.0,4.0,0.0,0.0,0.0,0.0,0.0,0.0,0.0,0.0,4.0,12.0,1.0,12.17,5.01,2.5,1.49,0.0,0.1,0.0,0.4,0.0,1.4,0.7000000000000001,2.8000000000000003,-169.60000000000002,0.0,0.0,169.60000000000002,0.0,21.8,29.6,29.6,30.200000000000003,300.0,300.0,31.3,35.300000000000004,29.4,28.700000000000003,30.5,4.95,1.99,4.96,0.16,0.0,0.0,1027.0,8228.0,0.0,0.0,0.0,0.0,0.0,1.0,0.0,0.0,0.0,0.0,0.0,2.9000000000000004,0.0,-2.3000000000000003,0.0,0.0,16.0,25903.0
2026-07-30T19:00:30.221Z,199.704,199.716,0.0,7.4,0.0,0.0,0.0,0.0,0.0,0.0,0.0,0.0,1.0,0.0,0.0,0.0,9.0,4.0,0.0,0.0,0.0,0.0,0.0,0.0,0.0,0.0,5.0,12.0,1.0,12.18,5.0200000000000005,2.51,1.49,0.0,0.0,0.0,0.4,0.0,-0.2,0.2,0.0,-169.60000000000002,0.0,0.0,169.70000000000002,0.0,21.200000000000003,29.6,29.6,30.200000000000003,300.0,300.0,31.4,35.300000000000004,29.4,28.6,30.5,4.95,1.99,4.96,0.16,0.0,0.0,1027.0,8228.0,0.0,0.0,0.0,0.0,0.0,1.0,0.0,0.0,0.0,0.0,0.0,0.1,0.0,0.1,0.0,0.0,16.0,25903.0
2026-07-30T19:00:30.231Z,199.714,199.728,0.0,7.4,0.0,0.0,0.0,0.0,0.0,0.0,0.0,0.0,1.0,0.0,0.0,0.0,9.0,4.0,0.0,0.0,0.0,0.0,0.0,0.0,0.0,0.0,5.0,12.0,1.0,12.18,5.0200000000000005,2.51,1.49,0.0,0.0,0.0,0.4,0.0,0.8,0.1,0.0,-169.60000000000002,0.0,0.0,169.70000000000002,0.0,21.200000000000003,29.6,29.6,30.200000000000003,300.0,300.0,31.4,35.300000000000004,29.4,28.6,30.5,4.95,1.99,4.96,0.16,0.0,0.0,1027.0,8228.0,0.0,0.0,0.0,0.0,0.0,1.0,0.0,0.0,0.0,0.0,0.0,0.1,0.0,0.0,0.0,0.0,16.0,25903.0
2026-07-30T19:00:30.243Z,199.726,199.74,0.0,7.4,0.0,0.0,0.0,0.0,0.0,0.0,0.0,0.0,1.0,0.0,0.0,0.0,9.0,4.0,0.0,0.0,0.0,0.0,0.0,0.0,0.0,0.0,1.0,12.0,1.0,12.18,5.0200000000000005,2.51,1.49,0.0,0.0,0.0,0.4,0.0,-1.4,-0.3,0.0,-169.60000000000002,0.0,0.0,169.60000000000002,0.0,21.200000000000003,29.6,29.6,30.200000000000003,300.0,300.0,31.4,35.300000000000004,29.4,28.6,30.5,4.95,1.99,4.97,0.16,0.0,0.0,1027.0,8228.0,0.0,0.0,0.0,0.0,0.0,1.0,0.0,0.0,0.0,0.0,0.0,-0.4,0.0,0.0,0.0,0.0,16.0,25903.0
2026-07-30T19:00:30.255Z,199.738,199.752,0.0,7.4,0.0,0.0,0.0,0.0,0.0,0.0,0.0,0.0,1.0,0.0,0.0,0.0,9.0,4.0,0.0,0.0,0.0,0.0,0.0,0.0,0.0,0.0,2.0,12.0,1.0,12.18,5.0200000000000005,2.51,1.49,0.0,0.0,0.0,0.4,0.0,-0.8,0.2,1.0,-169.60000000000002,0.0,0.0,169.60000000000002,0.0,21.200000000000003,29.6,29.6,30.200000000000003,300.0,300.0,31.4,35.300000000000004,29.4,28.6,30.5,4.95,1.99,4.96,0.16,0.0,0.0,1027.0,8228.0,0.0,0.0,0.0,0.0,0.0,1.0,0.0,0.0,0.0,0.0,0.0,1.0,0.0,-0.8,0.0,0.0,16.0,25903.0
2026-07-30T19:00:30.267Z,199.75,199.764,0.0,7.4,0.0,0.0,0.0,0.0,0.0,0.0,0.0,0.0,1.0,0.0,0.0,0.0,9.0,4.0,0.0,0.0,0.0,0.0,0.0,0.0,0.0,0.0,3.0,12.0,1.0,12.18,5.0200000000000005,2.51,1.49,0.0,0.0,0.0,0.4,0.0,0.2,0.7000000000000001,-1.3,-169.60000000000002,0.0,0.0,169.60000000000002,0.0,21.200000000000003,29.6,29.6,30.200000000000003,300.0,300.0,31.4,35.300000000000004,29.4,28.6,30.5,4.96,1.99,4.96,0.16,0.0,0.0,1027.0,8228.0,0.0,0.0,0.0,0.0,0.0,1.0,0.0,0.0,0.0,0.0,0.0,0.0,0.0,1.3,0.0,0.0,16.0,25903.0
2026-07-30T19:00:30.280Z,199.763,199.776,0.0,7.4,0.0,0.0,0.0,0.0,0.0,0.0,0.0,0.0,1.0,0.0,0.0,0.0,9.0,4.0,0.0,0.0,0.0,0.0,0.0,0.0,0.0,0.0,4.0,12.0,1.0,12.18,5.0200000000000005,2.51,1.49,0.0,0.0,0.0,0.4,0.0,-0.3,0.1,-0.7000000000000001,-169.60000000000002,0.0,0.0,169.60000000000002,0.0,21.200000000000003,29.6,29.6,30.200000000000003,300.0,300.0,31.4,35.300000000000004,29.4,28.6,30.5,4.95,1.99,4.96,0.16,0.0,0.0,1027.0,8228.0,0.0,0.0,0.0,0.0,0.0,1.0,0.0,0.0,0.0,0.0,0.0,-0.3,0.0,0.6000000000000001,0.0,0.0,16.0,25903.0
2026-07-30T19:00:30.291Z,199.774,199.788,0.0,7.4,0.0,0.0,0.0,0.0,0.0,0.0,0.0,0.0,1.0,0.0,0.0,0.0,9.0,4.0,0.0,0.0,0.0,0.0,0.0,0.0,0.0,0.0,6.0,12.0,1.0,12.18,5.0200000000000005,2.51,1.49,0.0,0.0,0.0,0.4,0.0,0.2,0.7000000000000001,-0.1,-169.60000000000002,0.0,0.0,169.60000000000002,0.0,21.200000000000003,29.6,29.6,30.200000000000003,300.0,300.0,31.4,35.300000000000004,29.4,28.6,30.5,4.95,1.99,4.96,0.16,0.0,0.0,1027.0,8228.0,0.0,0.0,0.0,0.0,0.0,1.0,0.0,0.0,0.0,0.0,0.0,0.7000000000000001,0.0,0.2,0.0,0.0,16.0,25903.0
2026-07-30T19:00:30.303Z,199.786,199.8,0.0,7.4,0.0,0.0,0.0,0.0,0.0,0.0,0.0,0.0,1.0,0.0,0.0,0.0,9.0,4.0,0.0,0.0,0.0,0.0,0.0,0.0,0.0,0.0,1.0,12.0,1.0,12.18,5.0200000000000005,2.51,1.49,0.0,0.0,0.0,0.4,0.0,-0.3,0.1,0.0,-169.60000000000002,0.0,0.0,169.60000000000002,0.0,21.200000000000003,29.6,29.6,30.200000000000003,300.0,300.0,31.4,35.300000000000004,29.4,28.6,30.5,4.95,1.99,4.96,0.16,0.0,0.0,1027.0,8228.0,0.0,0.0,0.0,0.0,0.0,1.0,0.0,0.0,0.0,0.0,0.0,0.1,0.0,0.1,0.0,0.0,16.0,25903.0
2026-07-30T19:00:30.317Z,199.8,199.812,0.0,7.4,0.0,0.0,0.0,0.0,0.0,0.0,0.0,0.0,1.0,0.0,0.0,0.0,9.0,4.0,0.0,0.0,0.0,0.0,0.0,0.0,0.0,0.0,2.0,12.0,1.0,12.17,5.0200000000000005,2.51,1.49,0.0,0.1,0.0,0.4,0.0,0.2,0.1,0.4,-169.60000000000002,0.0,0.0,169.60000000000002,0.0,21.3,29.6,29.6,30.200000000000003,300.0,300.0,31.3,35.300000000000004,29.4,28.700000000000003,30.5,4.95,1.99,4.96,0.16,0.0,0.0,1027.0,8228.0,0.0,0.0,0.0,0.0,0.0,1.0,0.0,0.0,0.0,0.0,0.0,0.4,0.0,-0.4,0.0,0.0,16.0,25903.0
2026-07-30T19:00:30.327Z,199.81,199.824,0.0,7.4,0.0,0.0,0.0,0.0,0.0,0.0,0.0,0.0,1.0,0.0,0.0,0.0,9.0,4.0,0.0,0.0,0.0,0.0,0.0,0.0,0.0,0.0,3.0,12.0,1.0,12.17,5.0200000000000005,2.51,1.49,0.0,0.0,0.0,0.4,0.0,0.2,1.3,1.6,-169.60000000000002,0.0,0.0,169.60000000000002,0.0,21.3,29.6,29.6,30.200000000000003,300.0,300.0,31.3,35.300000000000004,29.4,28.700000000000003,30.5,4.95,1.99,4.96,0.16,0.0,0.0,1027.0,8228.0,0.0,0.0,0.0,0.0,0.0,1.0,0.0,0.0,0.0,0.0,0.0,2.7,0.0,-1.1,0.0,0.0,16.0,25903.0
2026-07-30T19:00:30.339Z,199.822,199.836,0.0,7.4,0.0,0.0,0.0,0.0,0.0,0.0,0.0,0.0,1.0,0.0,0.0,0.0,9.0,4.0,0.0,0.0,0.0,0.0,0.0,0.0,0.0,0.0,4.0,12.0,1.0,12.17,5.0200000000000005,2.51,1.49,0.0,0.1,0.0,0.4,0.0,0.2,-0.4,-0.6000000000000001,-169.60000000000002,0.0,0.0,169.60000000000002,0.0,21.3,29.6,29.6,30.200000000000003,300.0,300.0,31.3,35.300000000000004,29.4,28.700000000000003,30.5,4.96,2.0,4.96,0.16,0.0,0.0,1027.0,8228.0,0.0,0.0,0.0,0.0,0.0,1.0,0.0,0.0,0.0,0.0,0.0,-1.0,0.0,0.4,0.0,0.0,16.0,25903.0
2026-07-30T19:00:30.352Z,199.835,199.848,0.0,7.4,0.0,0.0,0.0,0.0,0.0,0.0,0.0,0.0,1.0,0.0,0.0,0.0,9.0,4.0,0.0,0.0,0.0,0.0,0.0,0.0,0.0,0.0,5.0,12.0,1.0,12.17,5.0200000000000005,2.51,1.49,0.0,0.0,0.0,0.4,0.0,0.2,0.1,-0.7000000000000001,-169.60000000000002,0.0,0.0,169.60000000000002,0.0,21.3,29.6,29.6,30.200000000000003,300.0,300.0,31.3,35.300000000000004,29.4,28.700000000000003,30.5,4.96,1.99,4.96,0.16,0.0,0.0,1027.0,8228.0,0.0,0.0,0.0,0.0,0.0,1.0,0.0,0.0,0.0,0.0,0.0,-0.4,0.0,0.6000000000000001,0.0,0.0,16.0,25903.0
2026-07-30T19:00:30.363Z,199.846,199.86,0.0,7.4,0.0,0.0,0.0,0.0,0.0,0.0,0.0,0.0,1.0,0.0,0.0,0.0,9.0,4.0,0.0,0.0,0.0,0.0,0.0,0.0,0.0,0.0,6.0,12.0,1.0,12.17,5.0200000000000005,2.51,1.49,0.0,0.0,0.0,0.4,0.0,-0.2,0.0,-1.2000000000000002,-169.60000000000002,0.0,0.0,169.60000000000002,0.0,21.3,29.6,29.6,30.200000000000003,300.0,300.0,31.3,35.300000000000004,29.4,28.700000000000003,30.5,4.95,1.99,4.96,0.16,0.0,0.0,1027.0,8228.0,0.0,0.0,0.0,0.0,0.0,1.0,0.0,0.0,0.0,0.0,0.0,-0.8,0.0,1.1,0.0,0.0,16.0,25903.0
2026-07-30T19:00:30.376Z,199.859,199.872,0.0,7.4,0.0,0.0,0.0,0.0,0.0,0.0,0.0,0.0,1.0,0.0,0.0,0.0,9.0,4.0,0.0,0.0,0.0,0.0,0.0,0.0,0.0,0.0,1.0,12.0,1.0,12.17,5.0200000000000005,2.51,1.49,0.0,0.1,0.0,0.4,0.0,0.3,0.0,-0.6000000000000001,-169.60000000000002,0.0,0.0,169.60000000000002,0.0,21.3,29.6,29.6,30.200000000000003,300.0,300.0,31.3,35.300000000000004,29.4,28.700000000000003,30.5,4.96,1.99,4.96,0.16,0.0,0.0,1027.0,8228.0,0.0,0.0,0.0,0.0,0.0,1.0,0.0,0.0,0.0,0.0,0.0,-0.4,0.0,0.5,0.0,0.0,16.0,25903.0
2026-07-30T19:00:30.388Z,199.871,199.884,0.0,7.4,0.0,0.0,0.0,0.0,0.0,0.0,0.0,0.0,1.0,0.0,0.0,0.0,9.0,4.0,0.0,0.0,0.0,0.0,0.0,0.0,0.0,0.0,2.0,12.0,1.0,12.17,5.0200000000000005,2.51,1.49,0.0,0.0,0.0,0.4,0.0,0.9,0.0,0.0,-169.60000000000002,0.0,0.0,169.60000000000002,0.0,21.3,29.6,29.6,30.200000000000003,300.0,300.0,31.3,35.300000000000004,29.4,28.700000000000003,30.5,4.96,2.0,4.96,0.16,0.0,0.0,1027.0,8228.0,0.0,0.0,0.0,0.0,0.0,1.0,0.0,0.0,0.0,0.0,0.0,0.0,0.0,0.0,0.0,0.0,16.0,25903.0
2026-07-30T19:00:30.399Z,199.882,199.896,0.0,7.4,0.0,0.0,0.0,0.0,0.0,0.0,0.0,0.0,1.0,0.0,0.0,0.0,9.0,4.0,0.0,0.0,0.0,0.0,0.0,0.0,0.0,0.0,3.0,12.0,1.0,12.17,5.0200000000000005,2.51,1.49,0.0,0.0,0.0,0.4,0.0,0.3,1.2000000000000002,-0.1,-169.60000000000002,0.0,0.0,169.60000000000002,0.0,21.3,29.6,29.6,30.200000000000003,300.0,300.0,31.3,35.300000000000004,29.4,28.700000000000003,30.5,4.96,1.99,4.97,0.17,0.0,0.0,1027.0,8228.0,0.0,0.0,0.0,0.0,0.0,1.0,0.0,0.0,0.0,0.0,0.0,1.3,0.0,0.3,0.0,0.0,16.0,25903.0
2026-07-30T19:00:30.411Z,199.894,199.908,0.0,7.4,0.0,0.0,0.0,0.0,0.0,0.0,0.0,0.0,1.0,0.0,0.0,0.0,9.0,4.0,0.0,0.0,0.0,0.0,0.0,0.0,0.0,0.0,5.0,12.0,1.0,12.17,5.0200000000000005,2.51,1.49,0.0,0.0,0.0,0.4,0.0,0.3,0.6000000000000001,-0.6000000000000001,-169.60000000000002,0.0,0.0,169.60000000000002,0.0,21.3,29.6,29.6,30.200000000000003,300.0,300.0,31.3,35.300000000000004,29.4,28.700000000000003,30.5,4.95,2.0,4.97,0.16,0.0,0.0,1027.0,8228.0,0.0,0.0,0.0,0.0,0.0,1.0,0.0,0.0,0.0,0.0,0.0,-2.2,0.0,0.8,0.0,0.0,16.0,25903.0
2026-07-30T19:00:30.423Z,199.906,199.92,0.0,7.4,0.0,0.0,0.0,0.0,0.0,0.0,0.0,0.0,1.0,0.0,0.0,0.0,9.0,4.0,0.0,0.0,0.0,0.0,0.0,0.0,0.0,0.0,6.0,12.0,1.0,12.18,5.01,2.51,1.49,0.0,0.1,0.0,0.4,0.0,-0.2,0.0,0.5,-169.60000000000002,0.0,0.0,169.60000000000002,0.0,21.8,29.6,29.6,30.200000000000003,300.0,300.0,31.200000000000003,35.300000000000004,29.4,28.700000000000003,30.5,4.95,2.0,4.96,0.16,0.0,0.0,1027.0,8228.0,0.0,0.0,0.0,0.0,0.0,1.0,0.0,0.0,0.0,0.0,0.0,0.8,0.0,-0.9,0.0,0.0,16.0,25903.0
2026-07-30T19:00:30.435Z,199.918,199.932,0.0,7.4,0.0,0.0,0.0,0.0,0.0,0.0,0.0,0.0,1.0,0.0,0.0,0.0,9.0,4.0,0.0,0.0,0.0,0.0,0.0,0.0,0.0,0.0,1.0,12.0,1.0,12.18,5.01,2.51,1.49,0.0,0.0,0.0,0.4,0.0,0.9,0.6000000000000001,0.5,-169.60000000000002,0.0,0.0,169.60000000000002,0.0,21.8,29.6,29.6,30.200000000000003,300.0,300.0,31.200000000000003,35.300000000000004,29.4,28.700000000000003,30.5,4.95,1.99,4.97,0.16,0.0,0.0,1027.0,8228.0,0.0,0.0,0.0,0.0,0.0,1.0,0.0,0.0,0.0,0.0,0.0,0.7000000000000001,0.0,0.1,0.0,0.0,16.0,25903.0
2026-07-30T19:00:30.447Z,199.93,199.944,0.0,7.4,0.0,0.0,0.0,0.0,0.0,0.0,0.0,0.0,1.0,0.0,0.0,0.0,9.0,4.0,0.0,0.0,0.0,0.0,0.0,0.0,0.0,0.0,2.0,12.0,1.0,12.18,5.01,2.51,1.49,0.0,0.0,0.0,0.4,0.0,-0.2,-0.4,-0.5,-169.60000000000002,0.0,0.0,169.60000000000002,0.0,21.8,29.6,29.6,30.200000000000003,300.0,300.0,31.200000000000003,35.300000000000004,29.4,28.700000000000003,30.5,4.95,1.99,4.96,0.16,0.0,0.0,1027.0,8228.0,0.0,0.0,0.0,0.0,0.0,1.0,0.0,0.0,0.0,0.0,0.0,-0.9,0.0,0.4,0.0,0.0,16.0,25903.0
2026-07-30T19:00:30.459Z,199.942,199.956,0.0,7.4,0.0,0.0,0.0,0.0,0.0,0.0,0.0,0.0,1.0,0.0,0.0,0.0,9.0,4.0,0.0,0.0,0.0,0.0,0.0,0.0,0.0,0.0,2.0,12.0,1.0,12.18,5.01,2.51,1.49,0.0,0.0,0.0,0.4,0.0,0.3,1.8,0.5,-169.60000000000002,0.0,0.0,169.60000000000002,0.0,21.8,29.6,29.6,30.200000000000003,300.0,300.0,31.200000000000003,35.300000000000004,29.4,28.700000000000003,30.5,4.96,1.99,4.96,0.16,0.0,0.0,1027.0,8228.0,0.0,0.0,0.0,0.0,0.0,1.0,0.0,0.0,0.0,0.0,0.0,2.5,0.0,0.0,0.0,0.0,16.0,25903.0
2026-07-30T19:00:30.471Z,199.954,199.968,0.0,7.4,0.0,0.0,0.0,0.0,0.0,0.0,0.0,0.0,1.0,0.0,0.0,0.0,9.0,4.0,0.0,0.0,0.0,0.0,0.0,0.0,0.0,0.0,4.0,12.0,1.0,12.18,5.01,2.51,1.49,0.0,0.0,0.0,0.4,0.0,0.3,-0.5,0.0,-169.60000000000002,0.0,0.0,169.60000000000002,0.0,21.8,29.6,29.6,30.200000000000003,300.0,300.0,31.200000000000003,35.300000000000004,29.4,28.700000000000003,30.5,4.95,1.99,4.96,0.16,0.0,0.0,1027.0,8228.0,0.0,0.0,0.0,0.0,0.0,1.0,0.0,0.0,0.0,0.0,0.0,-0.6000000000000001,0.0,0.0,0.0,0.0,16.0,25903.0
2026-07-30T19:00:30.488Z,199.971,199.98,0.0,7.4,0.0,0.0,0.0,0.0,0.0,0.0,0.0,0.0,1.0,0.0,0.0,0.0,9.0,4.0,0.0,0.0,0.0,0.0,0.0,0.0,0.0,0.0,5.0,12.0,1.0,12.18,5.01,2.51,1.49,0.0,0.0,0.0,0.4,0.0,-0.2,0.0,1.6,-169.60000000000002,0.0,0.0,169.60000000000002,0.0,21.8,29.6,29.6,30.200000000000003,300.0,300.0,31.200000000000003,35.300000000000004,29.4,28.700000000000003,30.5,4.95,1.99,4.97,0.16,0.0,0.0,1027.0,8228.0,0.0,0.0,0.0,0.0,0.0,1.0,0.0,0.0,0.0,0.0,0.0,1.3,0.0,-1.4,0.0,0.0,16.0,25903.0
2026-07-30T19:00:30.496Z,199.979,199.992,0.0,7.4,0.0,0.0,0.0,0.0,0.0,0.0,0.0,0.0,1.0,0.0,0.0,0.0,9.0,4.0,0.0,0.0,0.0,0.0,0.0,0.0,0.0,0.0,5.0,12.0,1.0,12.18,5.01,2.51,1.49,0.0,0.0,0.0,0.4,0.0,0.3,0.6000000000000001,1.1,-169.60000000000002,0.0,0.0,169.60000000000002,0.0,21.8,29.6,29.6,30.200000000000003,300.0,300.0,31.200000000000003,35.300000000000004,29.4,28.700000000000003,30.5,4.95,2.0,4.96,0.16,0.0,0.0,1027.0,8228.0,0.0,0.0,0.0,0.0,0.0,1.0,0.0,0.0,0.0,0.0,0.0,1.5,0.0,-0.8,0.0,0.0,16.0,25903.0
2026-07-30T19:00:30.507Z,199.99,200.004,0.0,7.4,0.0,0.0,0.0,0.0,0.0,0.0,0.0,0.0,1.0,0.0,0.0,0.0,9.0,4.0,0.0,0.0,0.0,0.0,0.0,0.0,0.0,0.0,4.0,12.0,1.0,12.18,5.01,2.51,1.49,0.0,0.0,0.0,0.4,0.0,0.8,0.0,1.1,-169.60000000000002,0.0,0.0,169.70000000000002,0.0,21.8,29.6,29.6,30.200000000000003,300.0,300.0,31.200000000000003,35.300000000000004,29.4,28.700000000000003,30.5,4.96,1.99,4.96,0.16,0.0,0.0,1027.0,8228.0,0.0,0.0,0.0,0.0,0.0,1.0,0.0,0.0,0.0,0.0,0.0,0.8,0.0,-0.9,0.0,0.0,16.0,25903.0
2026-07-30T19:00:30.520Z,200.003,200.016,0.0,7.4,0.0,0.0,0.0,0.0,0.0,0.0,0.0,0.0,1.0,0.0,0.0,0.0,9.0,4.0,0.0,0.0,0.0,0.0,0.0,0.0,0.0,0.0,4.0,12.0,1.0,12.14,5.01,2.5,1.5,0.0,0.0,0.0,0.4,0.0,-2.0,-1.0,-0.6000000000000001,-169.60000000000002,0.0,0.0,169.8,0.0,21.4,29.6,29.6,30.200000000000003,300.0,300.0,31.1,35.2,29.4,28.700000000000003,30.5,4.95,1.99,4.97,0.16,0.0,0.0,1027.0,8228.0,0.0,0.0,0.0,0.0,0.0,1.0,0.0,0.0,0.0,0.0,0.0,-1.6,0.0,0.3,0.0,0.0001,16.0,25903.0
2026-07-30T19:00:30.531Z,200.014,200.028,0.0,7.4,0.0,0.0,0.0,0.0,0.0,0.0,0.0,0.0,1.0,0.0,0.0,0.0,9.0,4.0,0.0,0.0,0.0,0.0,0.0,0.0,0.0,0.0,6.0,12.0,1.0,12.14,5.01,2.5,1.5,0.0,0.0,0.0,0.4,0.0,0.8,0.0,0.0,-169.60000000000002,0.0,0.0,169.8,0.0,21.4,29.6,29.6,30.200000000000003,300.0,300.0,31.1,35.2,29.4,28.700000000000003,30.5,4.96,2.0,4.97,0.16,0.0,0.0,1027.0,8228.0,0.0,0.0,0.0,0.0,0.0,1.0,0.0,0.0,0.0,0.0,0.0,0.0,0.0,0.0,0.0,0.0002,16.0,25903.0
2026-07-30T19:00:30.543Z,200.026,200.04,0.0,7.4,0.0,0.0,0.0,0.0,0.0,0.0,0.0,0.0,1.0,0.0,0.0,0.0,9.0,4.0,0.0,0.0,0.0,0.0,0.0,0.0,0.0,0.0,1.0,12.0,1.0,12.14,5.01,2.5,1.5,0.0,0.0,0.0,0.4,0.0,0.2,0.6000000000000001,0.5,-169.60000000000002,0.0,0.0,169.70000000000002,0.0,21.4,29.6,29.6,30.200000000000003,300.0,300.0,31.1,35.2,29.4,28.700000000000003,30.5,4.96,1.99,4.96,0.16,0.0,0.0,1027.0,8228.0,0.0,0.0,0.0,0.0,0.0,1.0,0.0,0.0,0.0,0.0,0.0,1.1,0.0,-0.3,0.0,0.0001,16.0,25903.0
2026-07-30T19:00:30.555Z,200.038,200.052,0.0,7.4,0.0,0.0,0.0,0.0,0.0,0.0,0.0,0.0,1.0,0.0,0.0,0.0,9.0,4.0,0.0,0.0,0.0,0.0,0.0,0.0,0.0,0.0,2.0,12.0,1.0,12.14,5.01,2.5,1.5,0.0,0.0,0.0,0.4,0.0,-0.3,0.0,-1.2000000000000002,-169.60000000000002,0.0,0.0,169.8,0.0,21.4,29.6,29.6,30.200000000000003,300.0,300.0,31.1,35.2,29.4,28.700000000000003,30.5,4.96,1.99,4.96,0.16,0.0,0.0,1027.0,8228.0,0.0,0.0,0.0,0.0,0.0,1.0,0.0,0.0,0.0,0.0,0.0,-0.9,0.0,1.1,0.0,0.0001,16.0,25903.0
2026-07-30T19:00:30.567Z,200.05,200.064,0.0,7.4,0.0,0.0,0.0,0.0,0.0,0.0,0.0,0.0,1.0,0.0,0.0,0.0,9.0,4.0,0.0,0.0,0.0,0.0,0.0,0.0,0.0,0.0,3.0,12.0,1.0,12.14,5.01,2.5,1.5,0.0,0.0,0.0,0.4,0.0,-0.2,-0.5,0.0,-169.60000000000002,0.0,0.0,169.70000000000002,0.0,21.4,29.6,29.6,30.200000000000003,300.0,300.0,31.1,35.2,29.4,28.700000000000003,30.5,4.95,1.99,4.97,0.16,0.0,0.0,1027.0,8228.0,0.0,0.0,0.0,0.0,0.0,1.0,0.0,0.0,0.0,0.0,0.0,-0.6000000000000001,0.0,0.0,0.0,0.0,16.0,25903.0
2026-07-30T19:00:30.579Z,200.062,200.076,0.0,7.4,0.0,0.0,0.0,0.0,0.0,0.0,0.0,0.0,1.0,0.0,0.0,0.0,9.0,4.0,0.0,0.0,0.0,0.0,0.0,0.0,0.0,0.0,5.0,12.0,1.0,12.14,5.01,2.5,1.5,0.0,0.0,0.0,0.4,0.0,0.3,1.2000000000000002,1.0,-169.60000000000002,0.0,0.0,169.70000000000002,0.0,21.4,29.6,29.6,30.200000000000003,300.0,300.0,31.1,35.2,29.4,28.700000000000003,30.5,4.95,2.0,4.96,0.16,0.0,0.0,1027.0,8228.0,0.0,0.0,0.0,0.0,0.0,1.0,0.0,0.0,0.0,0.0,0.0,2.1,0.0,-0.6000000000000001,0.0,0.0001,16.0,25903.0
2026-07-30T19:00:30.591Z,200.074,200.088,0.0,7.4,0.0,0.0,0.0,0.0,0.0,0.0,0.0,0.0,1.0,0.0,0.0,0.0,9.0,4.0,0.0,0.0,0.0,0.0,0.0,0.0,0.0,0.0,6.0,12.0,1.0,12.14,5.01,2.5,1.5,0.0,0.0,0.0,0.4,0.0,-0.2,0.0,0.4,-169.60000000000002,0.0,0.0,169.60000000000002,0.0,21.4,29.6,29.6,30.200000000000003,300.0,300.0,31.1,35.2,29.4,28.700000000000003,30.5,4.95,1.99,4.97,0.16,0.0,0.0,1027.0,8228.0,0.0,0.0,0.0,0.0,0.0,1.0,0.0,0.0,0.0,0.0,0.0,0.3,0.0,-0.3,0.0,0.0001,16.0,25903.0
2026-07-30T19:00:30.603Z,200.086,200.1,0.0,7.4,0.0,0.0,0.0,0.0,0.0,0.0,0.0,0.0,1.0,0.0,0.0,0.0,9.0,4.0,0.0,0.0,0.0,0.0,0.0,0.0,0.0,0.0,1.0,12.0,1.0,12.14,5.01,2.5,1.5,0.0,0.0,0.0,0.4,0.0,-0.2,-0.5,0.4,-169.60000000000002,0.0,0.0,169.60000000000002,0.0,21.4,29.6,29.6,30.200000000000003,300.0,300.0,31.1,35.2,29.4,28.700000000000003,30.5,4.95,1.99,4.97,0.16,0.0,0.0,1027.0,8228.0,0.0,0.0,0.0,0.0,0.0,1.0,0.0,0.0,0.0,0.0,0.0,-0.2,0.0,-0.5,0.0,0.0,16.0,25903.0
2026-07-30T19:00:30.615Z,200.098,200.112,0.0,7.4,0.0,0.0,0.0,0.0,0.0,0.0,0.0,0.0,1.0,0.0,0.0,0.0,9.0,4.0,0.0,0.0,0.0,0.0,0.0,0.0,0.0,0.0,2.0,12.0,1.0,12.14,5.01,2.5,1.5,0.0,0.0,0.0,0.4,0.0,-0.2,-0.5,1.0,-169.60000000000002,0.0,0.0,169.70000000000002,0.0,21.4,29.6,29.6,30.200000000000003,300.0,300.0,31.1,35.2,29.4,28.700000000000003,30.5,4.96,1.99,4.97,0.16,0.0,0.0,1027.0,8228.0,0.0,0.0,0.0,0.0,0.0,1.0,0.0,0.0,0.0,0.0,0.0,0.1,0.0,-1.0,0.0,0.0,16.0,25903.0
2026-07-30T19:00:30.627Z,200.11,200.124,0.0,7.4,0.0,0.0,0.0,0.0,0.0,0.0,0.0,0.0,1.0,0.0,0.0,0.0,9.0,4.0,0.0,0.0,0.0,0.0,0.0,0.0,0.0,0.0,3.0,12.0,1.0,12.15,5.01,2.51,1.49,0.0,0.0,0.0,0.4,0.0,0.3,-1.1,-0.6000000000000001,-169.60000000000002,0.0,0.0,169.60000000000002,0.0,21.700000000000003,29.6,29.6,30.200000000000003,300.0,300.0,31.3,35.2,29.4,28.6,30.5,4.95,1.99,4.96,0.16,0.0,0.0,1027.0,8228.0,0.0,0.0,0.0,0.0,0.0,1.0,0.0,0.0,0.0,0.0,0.0,-1.7000000000000002,0.0,0.3,0.0,0.0001,16.0,25903.0
2026-07-30T19:00:30.639Z,200.122,200.136,0.0,7.4,0.0,0.0,0.0,0.0,0.0,0.0,0.0,0.0,1.0,0.0,0.0,0.0,9.0,4.0,0.0,0.0,0.0,0.0,0.0,0.0,0.0,0.0,4.0,12.0,1.0,12.15,5.01,2.51,1.49,0.0,0.0,0.0,0.4,0.0,-0.2,1.2000000000000002,0.4,-169.60000000000002,0.0,0.0,169.70000000000002,0.0,21.700000000000003,29.6,29.6,30.200000000000003,300.0,300.0,31.3,35.2,29.4,28.6,30.5,4.95,1.99,4.97,0.16,0.0,0.0,1027.0,8228.0,0.0,0.0,0.0,0.0,0.0,1.0,0.0,0.0,0.0,0.0,0.0,1.7000000000000002,0.0,-0.1,0.0,0.0,16.0,25903.0
2026-07-30T19:00:30.651Z,200.134,200.148,0.0,7.4,0.0,0.0,0.0,0.0,0.0,0.0,0.0,0.0,1.0,0.0,0.0,0.0,9.0,4.0,0.0,0.0,0.0,0.0,0.0,0.0,0.0,0.0,5.0,12.0,1.0,12.15,5.01,2.51,1.49,0.0,0.0,0.0,0.4,0.0,-0.8,0.0,-1.8,-169.60000000000002,0.0,0.0,169.70000000000002,0.0,21.700000000000003,29.6,29.6,30.200000000000003,300.0,300.0,31.3,35.2,29.4,28.6,30.5,4.96,1.99,4.97,0.16,0.0,0.0,1027.0,8228.0,0.0,0.0,0.0,0.0,0.0,1.0,0.0,0.0,0.0,0.0,0.0,-1.3,0.0,1.6,0.0,0.0001,16.0,25903.0
2026-07-30T19:00:30.663Z,200.146,200.16,0.0,7.4,0.0,0.0,0.0,0.0,0.0,0.0,0.0,0.0,1.0,0.0,0.0,0.0,9.0,4.0,0.0,0.0,0.0,0.0,0.0,0.0,0.0,0.0,1.0,12.0,1.0,12.15,5.01,2.51,1.49,0.0,0.0,0.0,0.4,0.0,-0.2,-1.6,0.9,-169.60000000000002,0.0,0.0,169.70000000000002,0.0,21.700000000000003,29.6,29.6,30.200000000000003,300.0,300.0,31.3,35.2,29.4,28.6,30.5,4.96,1.99,4.96,0.16,0.0,0.0,1027.0,8228.0,0.0,0.0,0.0,0.0,0.0,1.0,0.0,0.0,0.0,0.0,0.0,-1.1,0.0,-1.2000000000000002,0.0,0.0,16.0,25903.0
2026-07-30T19:00:30.675Z,200.158,200.172,0.0,7.4,0.0,0.0,0.0,0.0,0.0,0.0,0.0,0.0,1.0,0.0,0.0,0.0,9.0,4.0,0.0,0.0,0.0,0.0,0.0,0.0,0.0,0.0,2.0,12.0,1.0,12.15,5.01,2.51,1.49,0.0,0.0,0.0,0.4,0.0,-0.2,-0.4,0.4,-169.60000000000002,0.0,0.0,169.70000000000002,0.0,21.700000000000003,29.6,29.6,30.200000000000003,300.0,300.0,31.3,35.2,29.4,28.6,30.5,4.95,1.99,4.97,0.16,0.0,0.0,1027.0,8228.0,0.0,0.0,0.0,0.0,0.0,1.0,0.0,0.0,0.0,0.0,0.0,-0.2,0.0,-0.4,0.0,0.0001,16.0,25903.0
2026-07-30T19:00:30.687Z,200.17,200.184,0.0,7.4,0.0,0.0,0.0,0.0,0.0,0.0,0.0,0.0,1.0,0.0,0.0,0.0,9.0,4.0,0.0,0.0,0.0,0.0,0.0,0.0,0.0,0.0,3.0,12.0,1.0,12.15,5.01,2.51,1.49,0.0,0.0,0.0,0.4,0.0,-0.2,0.6000000000000001,-0.1,-169.60000000000002,0.0,0.0,169.70000000000002,0.0,21.700000000000003,29.6,29.6,30.200000000000003,300.0,300.0,31.3,35.2,29.4,28.6,30.5,4.95,1.99,4.96,0.16,0.0,0.0,1027.0,8228.0,0.0,0.0,0.0,0.0,0.0,1.0,0.0,0.0,0.0,0.0,0.0,0.6000000000000001,0.0,0.2,0.0,0.0001,16.0,25903.0
2026-07-30T19:00:30.699Z,200.182,200.196,0.0,7.4,0.0,0.0,0.0,0.0,0.0,0.0,0.0,0.0,1.0,0.0,0.0,0.0,9.0,4.0,0.0,0.0,0.0,0.0,0.0,0.0,0.0,0.0,4.0,12.0,1.0,12.15,5.01,2.51,1.49,0.0,0.0,0.0,0.5,0.0,-0.8,0.6000000000000001,-0.1,-169.60000000000002,0.0,0.0,169.70000000000002,0.0,21.700000000000003,29.6,29.6,30.200000000000003,300.0,300.0,31.3,35.2,29.4,28.6,30.5,4.96,2.0,4.96,0.16,0.0,0.0,1027.0,8228.0,0.0,0.0,0.0,0.0,0.0,1.0,0.0,0.0,0.0,0.0,0.0,0.6000000000000001,0.0,0.2,0.0,0.0,16.0,25903.0
2026-07-30T19:00:30.711Z,200.194,200.208,0.0,7.4,0.0,0.0,0.0,0.0,0.0,0.0,0.0,0.0,1.0,0.0,0.0,0.0,9.0,4.0,0.0,0.0,0.0,0.0,0.0,0.0,0.0,0.0,4.0,12.0,1.0,12.15,5.01,2.51,1.49,0.0,0.0,0.0,0.5,0.0,-0.2,0.0,-0.7000000000000001,-169.60000000000002,0.0,0.0,169.60000000000002,0.0,21.700000000000003,29.6,29.6,30.200000000000003,300.0,300.0,31.3,35.2,29.4,28.6,30.5,4.96,2.0,4.96,0.16,0.0,0.0,1027.0,8228.0,0.0,0.0,0.0,0.0,0.0,1.0,0.0,0.0,0.0,0.0,0.0,-0.5,0.0,0.6000000000000001,0.0,0.0001,16.0,25903.0
2026-07-30T19:00:30.724Z,200.207,200.22,0.0,7.4,0.0,0.0,0.0,0.0,0.0,0.0,0.0,0.0,1.0,0.0,0.0,0.0,9.0,4.0,0.0,0.0,0.0,0.0,0.0,0.0,0.0,0.0,5.0,12.0,1.0,12.17,5.01,2.5,1.49,0.0,0.0,0.0,0.5,0.0,-0.2,-0.5,0.4,-169.60000000000002,0.0,0.0,169.60000000000002,0.0,21.4,29.6,29.6,30.200000000000003,300.0,300.0,31.200000000000003,35.2,29.4,28.700000000000003,30.5,4.95,1.99,4.97,0.16,0.0,0.0,1027.0,8228.0,0.0,0.0,0.0,0.0,0.0,1.0,0.0,0.0,0.0,0.0,0.0,-0.3,0.0,-0.5,0.0,0.0001,16.0,25903.0
2026-07-30T19:00:30.736Z,200.219,200.232,0.0,7.4,0.0,0.0,0.0,0.0,0.0,0.0,0.0,0.0,1.0,0.0,0.0,0.0,9.0,4.0,0.0,0.0,0.0,0.0,0.0,0.0,0.0,0.0,6.0,12.0,1.0,12.17,5.01,2.5,1.49,0.0,0.0,0.0,0.4,0.0,-0.2,1.1,0.4,-169.60000000000002,0.0,0.0,169.60000000000002,0.0,21.4,29.6,29.6,30.200000000000003,300.0,300.0,31.200000000000003,35.2,29.4,28.700000000000003,30.5,4.95,1.99,4.96,0.16,0.0,0.0,1027.0,8228.0,0.0,0.0,0.0,0.0,0.0,1.0,0.0,0.0,0.0,0.0,0.0,1.6,0.0,-0.1,0.0,0.0001,16.0,25903.0
2026-07-30T19:00:30.748Z,200.231,200.244,0.0,7.4,0.0,0.0,0.0,0.0,0.0,0.0,0.0,0.0,1.0,0.0,0.0,0.0,9.0,4.0,0.0,0.0,0.0,0.0,0.0,0.0,0.0,0.0,1.0,12.0,1.0,12.17,5.01,2.5,1.49,0.0,0.0,0.0,0.5,0.0,0.8,0.5,-0.1,-169.60000000000002,0.0,0.0,169.70000000000002,0.0,21.4,29.6,29.6,30.200000000000003,300.0,300.0,31.200000000000003,35.2,29.4,28.700000000000003,30.5,4.96,2.0,4.96,0.16,0.0,0.0,1027.0,8228.0,0.0,0.0,0.0,0.0,0.0,1.0,0.0,0.0,0.0,0.0,0.0,0.5,0.0,0.2,0.0,0.0,16.0,25903.0
2026-07-30T19:00:30.759Z,200.242,200.256,0.0,7.4,0.0,0.0,0.0,0.0,0.0,0.0,0.0,0.0,1.0,0.0,0.0,0.0,9.0,4.0,0.0,0.0,0.0,0.0,0.0,0.0,0.0,0.0,2.0,12.0,1.0,12.17,5.01,2.5,1.49,0.0,0.1,0.0,0.4,0.0,-0.3,0.0,1.0,-169.60000000000002,0.0,0.0,169.60000000000002,0.0,21.4,29.6,29.6,30.200000000000003,300.0,300.0,31.200000000000003,35.2,29.4,28.700000000000003,30.5,4.95,2.0,4.97,0.16,0.0,0.0,1027.0,8228.0,0.0,0.0,0.0,0.0,0.0,1.0,0.0,0.0,0.0,0.0,0.0,0.7000000000000001,0.0,-0.9,0.0,0.0,16.0,25903.0
2026-07-30T19:00:30.771Z,200.254,200.268,0.0,7.4,0.0,0.0,0.0,0.0,0.0,0.0,0.0,0.0,1.0,0.0,0.0,0.0,9.0,4.0,0.0,0.0,0.0,0.0,0.0,0.0,0.0,0.0,3.0,12.0,1.0,12.17,5.01,2.5,1.49,0.0,0.0,0.0,0.4,0.0,-0.2,-0.6000000000000001,-0.1,-169.60000000000002,0.0,0.0,169.60000000000002,0.0,21.4,29.6,29.6,30.200000000000003,300.0,300.0,31.200000000000003,35.2,29.4,28.700000000000003,30.5,4.95,1.99,4.96,0.16,0.0,0.0,1027.0,8228.0,0.0,0.0,0.0,0.0,0.0,1.0,0.0,0.0,0.0,0.0,0.0,-0.7000000000000001,0.0,0.0,0.0,0.0,16.0,25903.0
2026-07-30T19:00:30.783Z,200.266,200.28,0.0,7.4,0.0,0.0,0.0,0.0,0.0,0.0,0.0,0.0,1.0,0.0,0.0,0.0,9.0,4.0,0.0,0.0,0.0,0.0,0.0,0.0,0.0,0.0,4.0,12.0,1.0,12.17,5.01,2.5,1.49,0.0,0.0,0.0,0.4,0.0,-1.4,0.0,-0.7000000000000001,-169.60000000000002,0.0,0.0,169.8,0.0,21.4,29.6,29.6,30.200000000000003,300.0,300.0,31.200000000000003,35.2,29.4,28.700000000000003,30.5,4.95,2.0,4.96,0.16,0.0,0.0,1027.0,8228.0,0.0,0.0,0.0,0.0,0.0,1.0,0.0,0.0,0.0,0.0,0.0,-0.6000000000000001,0.0,0.6000000000000001,0.0,0.0,16.0,25903.0
2026-07-30T19:00:30.795Z,200.278,200.292,0.0,7.4,0.0,0.0,0.0,0.0,0.0,0.0,0.0,0.0,1.0,0.0,0.0,0.0,9.0,4.0,0.0,0.0,0.0,0.0,0.0,0.0,0.0,0.0,6.0,12.0,1.0,12.17,5.01,2.5,1.49,0.0,0.0,0.0,0.4,0.0,-0.2,1.1,-0.7000000000000001,-169.60000000000002,0.0,0.0,169.70000000000002,0.0,21.4,29.6,29.6,30.200000000000003,300.0,300.0,31.200000000000003,35.2,29.4,28.700000000000003,30.5,4.96,1.99,4.96,0.16,0.0,0.0,1027.0,8228.0,0.0,0.0,0.0,0.0,0.0,1.0,0.0,0.0,0.0,0.0,0.0,0.7000000000000001,0.0,0.9,0.0,0.0002,16.0,25903.0
2026-07-30T19:00:30.813Z,200.296,200.304,0.0,7.4,0.0,0.0,0.0,0.0,0.0,0.0,0.0,0.0,1.0,0.0,0.0,0.0,9.0,4.0,0.0,0.0,0.0,0.0,0.0,0.0,0.0,0.0,6.0,12.0,1.0,12.17,5.01,2.5,1.49,0.0,0.0,0.0,0.4,0.0,0.9,-0.6000000000000001,-0.1,-169.60000000000002,0.0,0.0,169.60000000000002,0.0,21.4,29.6,29.6,30.200000000000003,300.0,300.0,31.200000000000003,35.2,29.4,28.700000000000003,30.5,4.95,1.99,4.97,0.16,0.0,0.0,1027.0,8228.0,0.0,0.0,0.0,0.0,0.0,1.0,0.0,0.0,0.0,0.0,0.0,-0.8,0.0,0.0,0.0,0.0,16.0,25903.0
2026-07-30T19:00:30.819Z,200.302,200.316,0.0,7.4,0.0,0.0,0.0,0.0,0.0,0.0,0.0,0.0,1.0,0.0,0.0,0.0,9.0,4.0,0.0,0.0,0.0,0.0,0.0,0.0,0.0,0.0,4.0,12.0,1.0,12.17,5.01,2.5,1.49,0.0,0.0,0.0,0.5,0.0,0.9,0.5,1.0,-169.60000000000002,0.0,0.0,169.70000000000002,0.0,21.4,29.6,29.6,30.200000000000003,300.0,300.0,31.200000000000003,35.2,29.4,28.700000000000003,30.5,4.96,2.0,4.96,0.16,0.0,0.0,1027.0,8228.0,0.0,0.0,0.0,0.0,0.0,1.0,0.0,0.0,0.0,0.0,0.0,1.3,0.0,-0.7000000000000001,0.0,0.0,16.0,25903.0
2026-07-30T19:00:30.831Z,200.314,200.328,0.0,7.4,0.0,0.0,0.0,0.0,0.0,0.0,0.0,0.0,1.0,0.0,0.0,0.0,9.0,4.0,0.0,0.0,0.0,0.0,0.0,0.0,0.0,0.0,6.0,12.0,1.0,12.18,5.01,2.51,1.49,0.0,0.0,0.0,0.4,0.0,0.3,1.0,-0.7000000000000001,-169.60000000000002,0.0,0.0,169.8,0.0,21.9,29.6,29.6,30.1,300.0,300.0,31.200000000000003,35.2,29.4,28.700000000000003,30.5,4.96,1.99,4.97,0.16,0.0,0.0,1027.0,8228.0,0.0,0.0,0.0,0.0,0.0,1.0,0.0,0.0,0.0,0.0,0.0,0.6000000000000001,0.0,0.8,0.0,0.0,16.0,25903.0
2026-07-30T19:00:30.843Z,200.326,200.34,0.0,7.4,0.0,0.0,0.0,0.0,0.0,0.0,0.0,0.0,1.0,0.0,0.0,0.0,9.0,4.0,0.0,0.0,0.0,0.0,0.0,0.0,0.0,0.0,1.0,12.0,1.0,12.18,5.01,2.51,1.49,0.0,0.0,0.0,0.4,0.0,-0.7000000000000001,0.0,-0.8,-169.60000000000002,0.0,0.0,169.70000000000002,0.0,21.9,29.6,29.6,30.1,300.0,300.0,31.200000000000003,35.2,29.4,28.700000000000003,30.5,4.95,1.99,4.97,0.16,0.0,0.0,1027.0,8228.0,0.0,0.0,0.0,0.0,0.0,1.0,0.0,0.0,0.0,0.0,0.0,-0.6000000000000001,0.0,0.6000000000000001,0.0,0.0002,16.0,25903.0
2026-07-30T19:00:30.855Z,200.338,200.352,0.0,7.4,0.0,0.0,0.0,0.0,0.0,0.0,0.0,0.0,1.0,0.0,0.0,0.0,9.0,4.0,0.0,0.0,0.0,0.0,0.0,0.0,0.0,0.0,2.0,12.0,1.0,12.18,5.01,2.51,1.49,0.0,0.0,0.0,0.4,0.0,-0.1,0.5,-0.7000000000000001,-169.60000000000002,0.0,0.0,169.70000000000002,0.0,21.9,29.6,29.6,30.1,300.0,300.0,31.200000000000003,35.2,29.4,28.700000000000003,30.5,4.96,1.99,4.96,0.16,0.0,0.0,1027.0,8228.0,0.0,0.0,0.0,0.0,0.0,1.0,0.0,0.0,0.0,0.0,0.0,0.0,0.0,0.7000000000000001,0.0,0.0001,16.0,25903.0
2026-07-30T19:00:30.868Z,200.351,200.364,0.0,7.4,0.0,0.0,0.0,0.0,0.0,0.0,0.0,0.0,1.0,0.0,0.0,0.0,9.0,4.0,0.0,0.0,0.0,0.0,0.0,0.0,0.0,0.0,3.0,12.0,1.0,12.18,5.01,2.51,1.49,0.0,0.0,0.0,0.4,0.0,0.3,-0.6000000000000001,1.0,-169.60000000000002,0.0,0.0,169.70000000000002,0.0,21.9,29.6,29.6,30.1,300.0,300.0,31.200000000000003,35.2,29.4,28.700000000000003,30.5,4.95,2.0,4.97,0.16,0.0,0.0,1027.0,8228.0,0.0,0.0,0.0,0.0,0.0,1.0,0.0,0.0,0.0,0.0,0.0,0.0,0.0,-1.0,0.0,0.0,16.0,25903.0
2026-07-30T19:00:30.879Z,200.362,200.376,0.0,7.4,0.0,0.0,0.0,0.0,0.0,0.0,0.0,0.0,1.0,0.0,0.0,0.0,9.0,4.0,0.0,0.0,0.0,0.0,0.0,0.0,0.0,0.0,4.0,12.0,1.0,12.18,5.01,2.51,1.49,0.0,0.0,0.0,0.4,0.0,0.3,0.5,0.4,-169.60000000000002,0.0,0.0,169.60000000000002,0.0,21.9,29.6,29.6,30.1,300.0,300.0,31.200000000000003,35.2,29.4,28.700000000000003,30.5,4.95,1.99,4.97,0.16,0.0,0.0,1027.0,8228.0,0.0,0.0,0.0,0.0,0.0,1.0,0.0,0.0,0.0,0.0,0.0,1.0,0.0,-0.2,0.0,0.0,16.0,25903.0
2026-07-30T19:00:30.891Z,200.374,200.388,0.0,7.4,0.0,0.0,0.0,0.0,0.0,0.0,0.0,0.0,1.0,0.0,0.0,0.0,9.0,4.0,0.0,0.0,0.0,0.0,0.0,0.0,0.0,0.0,5.0,12.0,1.0,12.18,5.01,2.51,1.49,0.0,0.0,0.0,0.4,0.0,-0.2,1.1,-0.7000000000000001,-169.60000000000002,0.0,0.0,169.60000000000002,0.0,21.9,29.6,29.6,30.1,300.0,300.0,31.200000000000003,35.2,29.4,28.700000000000003,30.5,4.95,1.99,4.97,0.16,0.0,0.0,1027.0,8228.0,0.0,0.0,0.0,0.0,0.0,1.0,0.0,0.0,0.0,0.0,0.0,0.7000000000000001,0.0,0.9,0.0,0.0,16.0,25903.0
2026-07-30T19:00:30.903Z,200.386,200.4,0.0,7.4,0.0,0.0,0.0,0.0,0.0,0.0,0.0,0.0,1.0,0.0,0.0,0.0,9.0,4.0,0.0,0.0,0.0,0.0,0.0,0.0,0.0,0.0,6.0,12.0,1.0,12.18,5.01,2.51,1.49,0.0,0.0,0.0,0.4,0.0,0.3,0.6000000000000001,-0.7000000000000001,-169.60000000000002,0.0,0.0,169.60000000000002,0.0,21.9,29.6,29.6,30.1,300.0,300.0,31.200000000000003,35.2,29.4,28.700000000000003,30.5,4.96,1.99,4.96,0.16,0.0,0.0,1027.0,8228.0,0.0,0.0,0.0,0.0,0.0,1.0,0.0,0.0,0.0,0.0,0.0,0.1,0.0,0.8,0.0,0.0,16.0,25903.0
2026-07-30T19:00:30.915Z,200.398,200.412,0.0,7.4,0.0,0.0,0.0,0.0,0.0,0.0,0.0,0.0,1.0,0.0,0.0,0.0,9.0,4.0,0.0,0.0,0.0,0.0,0.0,0.0,0.0,0.0,6.0,12.0,1.0,12.18,5.01,2.51,1.49,0.0,0.1,0.0,0.4,0.0,0.3,0.0,0.9,-169.60000000000002,0.0,0.0,169.60000000000002,0.0,21.9,29.6,29.6,30.1,300.0,300.0,31.200000000000003,35.2,29.4,28.700000000000003,30.5,4.95,1.99,4.97,0.16,0.0,0.0,1027.0,8228.0,0.0,0.0,0.0,0.0,0.0,1.0,0.0,0.0,0.0,0.0,0.0,0.7000000000000001,0.0,-0.4,0.0,0.0,16.0,25903.0
2026-07-30T19:00:30.929Z,200.412,200.424,0.0,7.4,0.0,0.0,0.0,0.0,0.0,0.0,0.0,0.0,1.0,0.0,0.0,0.0,9.0,4.0,0.0,0.0,0.0,0.0,0.0,0.0,0.0,0.0,2.0,12.0,1.0,12.15,5.01,2.5,1.49,0.0,0.0,0.0,0.4,0.0,-0.2,1.1,0.3,-169.60000000000002,0.0,0.0,169.60000000000002,0.0,21.200000000000003,29.6,29.6,30.1,300.0,300.0,31.3,35.300000000000004,29.4,28.6,30.5,4.95,1.99,4.97,0.16,0.0,0.0,1027.0,8228.0,0.0,0.0,0.0,0.0,0.0,1.0,0.0,0.0,0.0,0.0,0.0,1.3,0.0,-0.7000000000000001,0.0,0.0,16.0,25903.0
2026-07-30T19:00:30.939Z,200.422,200.436,0.0,7.4,0.0,0.0,0.0,0.0,0.0,0.0,0.0,0.0,1.0,0.0,0.0,0.0,9.0,4.0,0.0,0.0,0.0,0.0,0.0,0.0,0.0,0.0,3.0,12.0,1.0,12.15,5.01,2.5,1.49,0.0,0.1,0.0,0.4,0.0,-0.8,0.0,-0.1,-169.60000000000002,0.0,0.0,169.70000000000002,0.0,21.200000000000003,29.6,29.6,30.1,300.0,300.0,31.3,35.300000000000004,29.4,28.6,30.5,4.96,1.99,4.97,0.16,0.0,0.0,1027.0,8228.0,0.0,0.0,0.0,0.0,0.0,1.0,0.0,0.0,0.0,0.0,0.0,1.6,0.0,-1.9,0.0,0.0,16.0,25903.0
2026-07-30T19:00:30.951Z,200.434,200.448,0.0,7.4,0.0,0.0,0.0,0.0,0.0,0.0,0.0,0.0,1.0,0.0,0.0,0.0,9.0,4.0,0.0,0.0,0.0,0.0,0.0,0.0,0.0,0.0,4.0,12.0,1.0,12.15,5.01,2.5,1.49,0.0,0.0,0.0,0.4,0.0,0.9,-0.5,0.4,-169.60000000000002,0.0,0.0,169.70000000000002,0.0,21.200000000000003,29.6,29.6,30.1,300.0,300.0,31.3,35.300000000000004,29.4,28.6,30.5,4.96,1.99,4.97,0.16,0.0,0.0,1027.0,8228.0,0.0,0.0,0.0,0.0,0.0,1.0,0.0,0.0,0.0,0.0,0.0,-2.1,0.0,-0.2,0.0,0.0,16.0,25903.0
2026-07-30T19:00:30.963Z,200.446,200.46,0.0,7.4,0.0,0.0,0.0,0.0,0.0,0.0,0.0,0.0,1.0,0.0,0.0,0.0,9.0,4.0,0.0,0.0,0.0,0.0,0.0,0.0,0.0,0.0,5.0,12.0,1.0,12.15,5.01,2.5,1.49,0.0,0.0,0.0,0.4,0.0,-0.2,-1.1,-0.7000000000000001,-169.60000000000002,0.0,0.0,169.60000000000002,0.0,21.200000000000003,29.6,29.6,30.1,300.0,300.0,31.3,35.300000000000004,29.4,28.6,30.5,4.96,1.99,4.97,0.16,0.0,0.0,1027.0,8228.0,0.0,0.0,0.0,0.0,0.0,1.0,0.0,0.0,0.0,0.0,0.0,-1.7000000000000002,0.0,0.3,0.0,0.0002,16.0,25903.0
2026-07-30T19:00:30.975Z,200.458,200.472,0.0,7.4,0.0,0.0,0.0,0.0,0.0,0.0,0.0,0.0,1.0,0.0,0.0,0.0,9.0,4.0,0.0,0.0,0.0,0.0,0.0,0.0,0.0,0.0,6.0,12.0,1.0,12.15,5.01,2.5,1.49,0.0,0.0,0.0,0.5,0.0,0.3,0.0,-0.7000000000000001,-169.60000000000002,0.0,0.0,169.60000000000002,0.0,21.200000000000003,29.6,29.6,30.1,300.0,300.0,31.3,35.300000000000004,29.4,28.6,30.5,4.96,1.99,4.96,0.16,0.0,0.0,1027.0,8228.0,0.0,0.0,0.0,0.0,0.0,1.0,0.0,0.0,0.0,0.0,0.0,-0.4,0.0,0.6000000000000001,0.0,0.0001,16.0,25903.0
2026-07-30T19:00:30.987Z,200.47,200.484,0.0,7.4,0.0,0.0,0.0,0.0,0.0,0.0,0.0,0.0,1.0,0.0,0.0,0.0,9.0,4.0,0.0,0.0,0.0,0.0,0.0,0.0,0.0,0.0,1.0,12.0,1.0,12.15,5.01,2.5,1.49,0.0,0.0,0.0,0.4,0.0,0.3,1.7000000000000002,1.6,-169.60000000000002,0.0,0.0,169.60000000000002,0.0,21.200000000000003,29.6,29.6,30.1,300.0,300.0,31.3,35.300000000000004,29.4,28.6,30.5,4.96,1.99,4.96,0.16,0.0,0.0,1027.0,8228.0,0.0,0.0,0.0,0.0,0.0,1.0,0.0,0.0,0.0,0.0,0.0,3.2,0.0,-1.0,0.0,0.0001,16.0,25903.0
2026-07-30T19:00:30.999Z,200.482,200.496,0.0,7.4,0.0,0.0,0.0,0.0,0.0,0.0,0.0,0.0,1.0,0.0,0.0,0.0,9.0,4.0,0.0,0.0,0.0,0.0,0.0,0.0,0.0,0.0,2.0,12.0,1.0,12.15,5.01,2.5,1.49,0.0,0.0,0.0,0.4,0.0,0.9,0.0,0.4,-169.60000000000002,0.0,0.0,169.60000000000002,0.0,21.200000000000003,29.6,29.6,30.1,300.0,300.0,31.3,35.300000000000004,29.4,28.6,30.5,4.95,1.99,4.97,0.16,0.0,0.0,1027.0,8228.0,0.0,0.0,0.0,0.0,0.0,1.0,0.0,0.0,0.0,0.0,0.0,0.3,0.0,-0.3,0.0,0.0,16.0,25903.0
2026-07-30T19:00:31.011Z,200.494,200.508,0.0,7.4,0.0,0.0,0.0,0.0,0.0,0.0,0.0,0.0,1.0,0.0,0.0,0.0,9.0,4.0,0.0,0.0,0.0,0.0,0.0,0.0,0.0,0.0,3.0,12.0,1.0,12.15,5.01,2.5,1.49,0.0,0.0,0.0,0.4,0.0,0.3,-0.5,0.9,-169.60000000000002,0.0,0.0,169.60000000000002,0.0,21.200000000000003,29.6,29.6,30.1,300.0,300.0,31.3,35.300000000000004,29.4,28.6,30.5,4.96,1.99,4.96,0.16,0.0,0.0,1027.0,8228.0,0.0,0.0,0.0,0.0,0.0,1.0,0.0,0.0,0.0,0.0,0.0,0.1,0.0,-0.9,0.0,0.0,16.0,25903.0
2026-07-30T19:00:31.024Z,200.507,200.52,0.0,7.4,0.0,0.0,0.0,0.0,0.0,0.0,0.0,0.0,1.0,0.0,0.0,0.0,9.0,4.0,0.0,0.0,0.0,0.0,0.0,0.0,0.0,0.0,4.0,12.0,1.0,12.15,5.01,2.5,1.49,0.0,0.0,0.0,0.4,0.0,-0.2,0.0,0.4,-169.60000000000002,0.0,0.0,169.60000000000002,0.0,21.200000000000003,29.6,29.6,30.1,300.0,300.0,31.3,35.300000000000004,29.4,28.6,30.5,4.96,1.99,4.96,0.16,0.0,0.0,1027.0,8228.0,0.0,0.0,0.0,0.0,0.0,1.0,0.0,0.0,0.0,0.0,0.0,0.3,0.0,-0.3,0.0,0.0,16.0,25903.0
2026-07-30T19:00:31.035Z,200.518,200.532,0.0,7.4,0.0,0.0,0.0,0.0,0.0,0.0,0.0,0.0,1.0,0.0,0.0,0.0,9.0,4.0,0.0,0.0,0.0,0.0,0.0,0.0,0.0,0.0,5.0,12.0,1.0,12.15,5.0200000000000005,2.5,1.49,0.0,0.0,0.0,0.4,0.0,0.3,0.0,-0.7000000000000001,-169.60000000000002,0.0,0.0,169.60000000000002,0.0,21.700000000000003,29.6,29.6,30.1,300.0,300.0,31.4,35.300000000000004,29.4,28.6,30.5,4.96,1.99,4.96,0.16,0.0,0.0,1027.0,8228.0,0.0,0.0,0.0,0.0,0.0,1.0,0.0,0.0,0.0,0.0,0.0,-0.5,0.0,0.6000000000000001,0.0,0.0,16.0,25903.0
2026-07-30T19:00:31.047Z,200.53,200.544,0.0,7.4,0.0,0.0,0.0,0.0,0.0,0.0,0.0,0.0,1.0,0.0,0.0,0.0,9.0,4.0,0.0,0.0,0.0,0.0,0.0,0.0,0.0,0.0,1.0,12.0,1.0,12.15,5.0200000000000005,2.5,1.49,0.0,0.0,0.0,0.4,0.0,0.3,0.0,0.4,-169.60000000000002,0.0,0.0,169.60000000000002,0.0,21.700000000000003,29.6,29.6,30.1,300.0,300.0,31.4,35.300000000000004,29.4,28.6,30.5,4.95,1.99,4.97,0.16,0.0,0.0,1027.0,8228.0,0.0,0.0,0.0,0.0,0.0,1.0,0.0,0.0,0.0,0.0,0.0,0.3,0.0,-0.3,0.0,0.0,16.0,25903.0
2026-07-30T19:00:31.059Z,200.542,200.556,0.0,7.4,0.0,0.0,0.0,0.0,0.0,0.0,0.0,0.0,1.0,0.0,0.0,0.0,9.0,4.0,0.0,0.0,0.0,0.0,0.0,0.0,0.0,0.0,1.0,12.0,1.0,12.15,5.0200000000000005,2.5,1.49,0.0,0.0,0.0,0.4,0.0,-0.2,-1.1,-0.7000000000000001,-169.60000000000002,0.0,0.0,169.60000000000002,0.0,21.700000000000003,29.6,29.6,30.1,300.0,300.0,31.4,35.300000000000004,29.4,28.6,30.5,4.96,1.99,4.96,0.16,0.0,0.0,1027.0,8228.0,0.0,0.0,0.0,0.0,0.0,1.0,0.0,0.0,0.0,0.0,0.0,-1.9,0.0,0.4,0.0,0.0,16.0,25903.0
2026-07-30T19:00:31.071Z,200.554,200.568,0.0,7.4,0.0,0.0,0.0,0.0,0.0,0.0,0.0,0.0,1.0,0.0,0.0,0.0,9.0,4.0,0.0,0.0,0.0,0.0,0.0,0.0,0.0,0.0,3.0,12.0,1.0,12.15,5.0200000000000005,2.5,1.49,0.0,0.0,0.0,0.4,0.0,0.3,0.5,0.4,-169.60000000000002,0.0,0.0,169.60000000000002,0.0,21.700000000000003,29.6,29.6,30.1,300.0,300.0,31.4,35.300000000000004,29.4,28.6,30.5,4.96,1.99,4.97,0.16,0.0,0.0,1027.0,8228.0,0.0,0.0,0.0,0.0,0.0,1.0,0.0,0.0,0.0,0.0,0.0,0.9,0.0,-0.2,0.0,0.0,16.0,25903.0
2026-07-30T19:00:31.083Z,200.566,200.58,0.0,7.4,0.0,0.0,0.0,0.0,0.0,0.0,0.0,0.0,1.0,0.0,0.0,0.0,9.0,4.0,0.0,0.0,0.0,0.0,0.0,0.0,0.0,0.0,3.0,12.0,1.0,12.15,5.0200000000000005,2.5,1.49,0.0,0.0,0.0,0.4,0.0,0.9,1.1,-0.1,-169.60000000000002,0.0,0.0,169.60000000000002,0.0,21.700000000000003,29.6,29.6,30.1,300.0,300.0,31.4,35.300000000000004,29.4,28.6,30.5,4.95,1.99,4.97,0.16,0.0,0.0,1027.0,8228.0,0.0,0.0,0.0,0.0,0.0,1.0,0.0,0.0,0.0,0.0,0.0,1.1,0.0,0.3,0.0,0.0,16.0,25903.0
2026-07-30T19:00:31.095Z,200.578,200.592,0.0,7.4,0.0,0.0,0.0,0.0,0.0,0.0,0.0,0.0,1.0,0.0,0.0,0.0,9.0,4.0,0.0,0.0,0.0,0.0,0.0,0.0,0.0,0.0,5.0,12.0,1.0,12.15,5.0200000000000005,2.5,1.49,0.0,0.0,0.0,0.4,0.0,-0.2,-1.2000000000000002,-1.3,-169.60000000000002,0.0,0.0,169.60000000000002,0.0,21.700000000000003,29.6,29.6,30.1,300.0,300.0,31.4,35.300000000000004,29.4,28.6,30.5,4.96,1.99,4.97,0.16,0.0,0.0,1027.0,8228.0,0.0,0.0,0.0,0.0,0.0,1.0,0.0,0.0,0.0,0.0,0.0,-2.4000000000000004,0.0,0.8,0.0,0.0,16.0,25903.0
2026-07-30T19:00:31.107Z,200.59,200.604,0.0,7.4,0.0,0.0,0.0,0.0,0.0,0.0,0.0,0.0,1.0,0.0,0.0,0.0,9.0,4.0,0.0,0.0,0.0,0.0,0.0,0.0,0.0,0.0,6.0,12.0,1.0,12.15,5.0200000000000005,2.5,1.49,0.0,0.0,0.0,0.4,0.0,0.3,0.0,0.0,-169.60000000000002,0.0,0.0,169.60000000000002,0.0,21.700000000000003,29.6,29.6,30.1,300.0,300.0,31.4,35.300000000000004,29.4,28.6,30.5,4.96,1.99,4.96,0.16,0.0,0.0,1027.0,8228.0,0.0,0.0,0.0,0.0,0.0,1.0,0.0,0.0,0.0,0.0,0.0,-0.1,0.0,0.0,0.0,0.0,16.0,25903.0
2026-07-30T19:00:31.128Z,200.611,200.616,0.0,7.4,0.0,0.0,0.0,0.0,0.0,0.0,0.0,0.0,1.0,0.0,0.0,0.0,9.0,4.0,0.0,0.0,0.0,0.0,0.0,0.0,0.0,0.0,1.0,12.0,1.0,12.15,5.0200000000000005,2.5,1.49,0.0,0.0,0.0,0.4,0.0,-0.7000000000000001,-0.6000000000000001,-0.6000000000000001,-169.60000000000002,0.0,0.0,169.70000000000002,0.0,21.700000000000003,29.6,29.6,30.1,300.0,300.0,31.4,35.300000000000004,29.4,28.6,30.5,4.96,1.99,4.96,0.16,0.0,0.0,1027.0,8228.0,0.0,0.0,0.0,0.0,0.0,1.0,0.0,0.0,0.0,0.0,0.0,-1.2000000000000002,0.0,0.4,0.0,0.0,16.0,25903.0
2026-07-30T19:00:31.135Z,200.618,200.628,0.0,7.4,0.0,0.0,0.0,0.0,0.0,0.0,0.0,0.0,1.0,0.0,0.0,0.0,9.0,4.0,0.0,0.0,0.0,0.0,0.0,0.0,0.0,0.0,6.0,12.0,1.0,12.18,5.0200000000000005,2.5,1.49,0.0,0.0,0.0,0.4,0.0,-0.2,1.1,0.5,-169.60000000000002,0.0,0.0,169.60000000000002,0.0,21.700000000000003,29.6,29.6,30.1,300.0,300.0,31.4,35.300000000000004,29.4,28.6,30.5,4.96,1.99,4.96,0.16,0.0,0.0,1027.0,8228.0,0.0,0.0,0.0,0.0,0.0,1.0,0.0,0.0,0.0,0.0,0.0,1.6,0.0,-0.2,0.0,0.0,16.0,25903.0
2026-07-30T19:00:31.143Z,200.626,200.64,0.0,7.4,0.0,0.0,0.0,0.0,0.0,0.0,0.0,0.0,1.0,0.0,0.0,0.0,9.0,4.0,0.0,0.0,0.0,0.0,0.0,0.0,0.0,0.0,4.0,12.0,1.0,12.18,5.0200000000000005,2.5,1.49,0.0,0.0,0.0,0.4,0.0,0.3,-0.6000000000000001,-0.1,-169.60000000000002,0.0,0.0,169.60000000000002,0.0,21.700000000000003,29.6,29.6,30.1,300.0,300.0,31.4,35.300000000000004,29.4,28.6,30.5,4.96,1.99,4.96,0.16,0.0,0.0,1027.0,8228.0,0.0,0.0,0.0,0.0,0.0,1.0,0.0,0.0,0.0,0.0,0.0,-0.8,0.0,0.0,0.0,0.0,16.0,25903.0
2026-07-30T19:00:31.155Z,200.638,200.652,0.0,7.4,0.0,0.0,0.0,0.0,0.0,0.0,0.0,0.0,1.0,0.0,0.0,0.0,9.0,4.0,0.0,0.0,0.0,0.0,0.0,0.0,0.0,0.0,6.0,12.0,1.0,12.18,5.0200000000000005,2.5,1.49,0.0,0.0,0.0,0.4,0.0,-1.3,-1.8,-1.2000000000000002,-169.60000000000002,0.0,0.0,169.70000000000002,0.0,21.700000000000003,29.6,29.6,30.1,300.0,300.0,31.4,35.300000000000004,29.4,28.6,30.5,4.95,1.99,4.97,0.16,0.0,0.0,1027.0,8228.0,0.0,0.0,0.0,0.0,0.0,1.0,0.0,0.0,0.0,0.0,0.0,-3.0,0.0,0.7000000000000001,0.0,0.0,16.0,25903.0
2026-07-30T19:00:31.167Z,200.65,200.664,0.0,7.4,0.0,0.0,0.0,0.0,0.0,0.0,0.0,0.0,1.0,0.0,0.0,0.0,9.0,4.0,0.0,0.0,0.0,0.0,0.0,0.0,0.0,0.0,1.0,12.0,1.0,12.18,5.0200000000000005,2.5,1.49,0.0,0.0,0.0,0.4,0.0,-0.8,1.1,1.1,-169.60000000000002,0.0,0.0,169.60000000000002,0.0,21.700000000000003,29.6,29.6,30.1,300.0,300.0,31.4,35.300000000000004,29.4,28.6,30.5,4.95,1.99,4.97,0.16,0.0,0.0,1027.0,8228.0,0.0,0.0,0.0,0.0,0.0,1.0,0.0,0.0,0.0,0.0,0.0,2.1,0.0,-0.7000000000000001,0.0,0.0,16.0,25903.0
2026-07-30T19:00:31.179Z,200.662,200.676,0.0,7.4,0.0,0.0,0.0,0.0,0.0,0.0,0.0,0.0,1.0,0.0,0.0,0.0,9.0,4.0,0.0,0.0,0.0,0.0,0.0,0.0,0.0,0.0,1.0,12.0,1.0,12.18,5.0200000000000005,2.5,1.49,0.0,0.1,0.0,0.4,0.0,0.9,1.1,0.0,-169.60000000000002,0.0,0.0,169.60000000000002,0.0,21.700000000000003,29.6,29.6,30.1,300.0,300.0,31.4,35.300000000000004,29.4,28.6,30.5,4.96,2.0,4.97,0.16,0.0,0.0,1027.0,8228.0,0.0,0.0,0.0,0.0,0.0,1.0,0.0,0.0,0.0,0.0,0.0,1.2000000000000002,0.0,0.2,0.0,0.0001,16.0,25903.0
2026-07-30T19:00:31.191Z,200.674,200.688,0.0,7.4,0.0,0.0,0.0,0.0,0.0,0.0,0.0,0.0,1.0,0.0,0.0,0.0,9.0,4.0,0.0,0.0,0.0,0.0,0.0,0.0,0.0,0.0,2.0,12.0,1.0,12.18,5.0200000000000005,2.5,1.49,0.0,0.0,0.0,0.4,0.0,-0.8,0.0,0.5,-169.60000000000002,0.0,0.0,169.70000000000002,0.0,21.700000000000003,29.6,29.6,30.1,300.0,300.0,31.4,35.300000000000004,29.4,28.6,30.5,4.95,2.0,4.96,0.16,0.0,0.0,1027.0,8228.0,0.0,0.0,0.0,0.0,0.0,1.0,0.0,0.0,0.0,0.0,0.0,0.3,0.0,-0.4,0.0,0.0,16.0,25903.0
2026-07-30T19:00:31.203Z,200.686,200.7,0.0,7.4,0.0,0.0,0.0,0.0,0.0,0.0,0.0,0.0,1.0,0.0,0.0,0.0,9.0,4.0,0.0,0.0,0.0,0.0,0.0,0.0,0.0,0.0,3.0,12.0,1.0,12.18,5.0200000000000005,2.5,1.49,0.0,0.0,0.0,0.5,0.0,-0.2,-1.1,-0.6000000000000001,-169.60000000000002,0.0,0.0,169.70000000000002,0.0,21.700000000000003,29.6,29.6,30.1,300.0,300.0,31.4,35.300000000000004,29.4,28.6,30.5,4.96,1.99,4.97,0.16,0.0,0.0,1027.0,8228.0,0.0,0.0,0.0,0.0,0.0,1.0,0.0,0.0,0.0,0.0,0.0,-1.8,0.0,0.3,0.0,0.0,16.0,25903.0
2026-07-30T19:00:31.215Z,200.698,200.712,0.0,7.4,0.0,0.0,0.0,0.0,0.0,0.0,0.0,0.0,1.0,0.0,0.0,0.0,9.0,4.0,0.0,0.0,0.0,0.0,0.0,0.0,0.0,0.0,4.0,12.0,1.0,12.18,5.0200000000000005,2.5,1.49,0.0,0.0,0.0,0.4,0.0,0.3,0.0,0.0,-169.60000000000002,0.0,0.0,169.60000000000002,0.0,21.700000000000003,29.6,29.6,30.1,300.0,300.0,31.4,35.300000000000004,29.4,28.6,30.5,4.96,2.0,4.96,0.16,0.0,0.0,1027.0,8228.0,0.0,0.0,0.0,0.0,0.0,1.0,0.0,0.0,0.0,0.0,0.0,0.0,0.0,0.0,0.0,0.0,16.0,25903.0
2026-07-30T19:00:31.227Z,200.71,200.724,0.0,7.4,0.0,0.0,0.0,0.0,0.0,0.0,0.0,0.0,1.0,0.0,0.0,0.0,9.0,4.0,0.0,0.0,0.0,0.0,0.0,0.0,0.0,0.0,5.0,12.0,1.0,12.18,5.0200000000000005,2.5,1.49,0.0,0.0,0.0,0.5,0.0,-0.2,0.0,0.5,-169.60000000000002,0.0,0.0,169.60000000000002,0.0,21.700000000000003,29.6,29.6,30.1,300.0,300.0,31.4,35.300000000000004,29.4,28.6,30.5,4.96,1.99,4.96,0.16,0.0,0.0,1027.0,8228.0,0.0,0.0,0.0,0.0,0.0,1.0,0.0,0.0,0.0,0.0,0.0,0.4,0.0,-0.4,0.0,0.0,16.0,25903.0
2026-07-30T19:00:31.239Z,200.722,200.736,0.0,7.4,0.0,0.0,0.0,0.0,0.0,0.0,0.0,0.0,1.0,0.0,0.0,0.0,9.0,4.0,0.0,0.0,0.0,0.0,0.0,0.0,0.0,0.0,6.0,12.0,1.0,12.17,5.0200000000000005,2.51,1.49,0.0,0.1,0.0,0.4,0.0,0.2,0.6000000000000001,-0.6000000000000001,-169.60000000000002,0.0,0.0,169.60000000000002,0.0,21.700000000000003,29.6,29.6,30.1,300.0,300.0,31.4,35.300000000000004,29.4,28.6,30.5,4.96,1.99,4.97,0.16,0.0,0.0,1027.0,8228.0,0.0,0.0,0.0,0.0,0.0,1.0,0.0,0.0,0.0,0.0,0.0,0.2,0.0,0.6000000000000001,0.0,0.0,16.0,25903.0
2026-07-30T19:00:31.251Z,200.734,200.748,0.0,7.4,0.0,0.0,0.0,0.0,0.0,0.0,0.0,0.0,1.0,0.0,0.0,0.0,9.0,4.0,0.0,0.0,0.0,0.0,0.0,0.0,0.0,0.0,2.0,12.0,1.0,12.17,5.0200000000000005,2.51,1.49,0.0,0.0,0.0,0.4,0.0,-0.2,-1.0,0.5,-169.60000000000002,0.0,0.0,169.60000000000002,0.0,21.700000000000003,29.6,29.6,30.1,300.0,300.0,31.4,35.300000000000004,29.4,28.6,30.5,4.96,1.99,4.96,0.16,0.0,0.0,1027.0,8228.0,0.0,0.0,0.0,0.0,0.0,1.0,0.0,0.0,0.0,0.0,0.0,-0.8,0.0,-0.6000000000000001,0.0,0.0,16.0,25903.0
2026-07-30T19:00:31.263Z,200.746,200.76,0.0,7.4,0.0,0.0,0.0,0.0,0.0,0.0,0.0,0.0,1.0,0.0,0.0,0.0,9.0,4.0,0.0,0.0,0.0,0.0,0.0,0.0,0.0,0.0,3.0,12.0,1.0,12.17,5.0200000000000005,2.51,1.49,0.0,0.0,0.0,0.4,0.0,0.3,1.2000000000000002,-1.2000000000000002,-169.60000000000002,0.0,0.0,169.70000000000002,0.0,21.700000000000003,29.6,29.6,30.1,300.0,300.0,31.4,35.300000000000004,29.4,28.6,30.5,4.96,1.99,4.96,0.16,0.0,0.0,1027.0,8228.0,0.0,0.0,0.0,0.0,0.0,1.0,0.0,0.0,0.0,0.0,0.0,0.4,0.0,1.3,0.0,0.0,16.0,25903.0
2026-07-30T19:00:31.275Z,200.758,200.772,0.0,7.4,0.0,0.0,0.0,0.0,0.0,0.0,0.0,0.0,1.0,0.0,0.0,0.0,9.0,4.0,0.0,0.0,0.0,0.0,0.0,0.0,0.0,0.0,4.0,12.0,1.0,12.17,5.0200000000000005,2.51,1.49,0.0,0.1,0.0,0.4,0.0,-0.2,0.6000000000000001,0.0,-169.60000000000002,0.0,0.0,169.60000000000002,0.0,21.700000000000003,29.6,29.6,30.1,300.0,300.0,31.4,35.300000000000004,29.4,28.6,30.5,4.95,1.99,4.96,0.16,0.0,0.0,1027.0,8228.0,0.0,0.0,0.0,0.0,0.0,1.0,0.0,0.0,0.0,0.0,0.0,0.6000000000000001,0.0,0.1,0.0,0.0,16.0,25903.0
2026-07-30T19:00:31.287Z,200.77,200.784,0.0,7.4,0.0,0.0,0.0,0.0,0.0,0.0,0.0,0.0,1.0,0.0,0.0,0.0,9.0,4.0,0.0,0.0,0.0,0.0,0.0,0.0,0.0,0.0,5.0,12.0,1.0,12.17,5.0200000000000005,2.51,1.49,0.0,0.1,0.0,0.4,0.0,-0.8,-0.5,-0.1,-169.60000000000002,0.0,0.0,169.70000000000002,0.0,21.700000000000003,29.6,29.6,30.1,300.0,300.0,31.4,35.300000000000004,29.4,28.6,30.5,4.95,1.99,4.97,0.16,0.0,0.0,1027.0,8228.0,0.0,0.0,0.0,0.0,0.0,1.0,0.0,0.0,0.0,0.0,0.0,-0.7000000000000001,0.0,0.0,0.0,0.0,16.0,25903.0
2026-07-30T19:00:31.299Z,200.782,200.796,0.0,7.4,0.0,0.0,0.0,0.0,0.0,0.0,0.0,0.0,1.0,0.0,0.0,0.0,9.0,4.0,0.0,0.0,0.0,0.0,0.0,0.0,0.0,0.0,6.0,12.0,1.0,12.17,5.0200000000000005,2.51,1.49,0.0,0.0,0.0,0.4,0.0,0.2,-0.5,0.5,-169.60000000000002,0.0,0.0,169.70000000000002,0.0,21.700000000000003,29.6,29.6,30.1,300.0,300.0,31.4,35.300000000000004,29.4,28.6,30.5,4.96,2.0,4.97,0.16,0.0,0.0,1027.0,8228.0,0.0,0.0,0.0,0.0,0.0,1.0,0.0,0.0,0.0,0.0,0.0,-0.2,0.0,-0.5,0.0,0.0,16.0,25903.0
2026-07-30T19:00:31.311Z,200.794,200.808,0.0,7.4,0.0,0.0,0.0,0.0,0.0,0.0,0.0,0.0,1.0,0.0,0.0,0.0,9.0,4.0,0.0,0.0,0.0,0.0,0.0,0.0,0.0,0.0,1.0,12.0,1.0,12.17,5.0200000000000005,2.51,1.49,0.0,0.0,0.0,0.4,0.0,0.8,0.6000000000000001,0.4,-169.60000000000002,0.0,0.0,169.70000000000002,0.0,21.700000000000003,29.6,29.6,30.1,300.0,300.0,31.4,35.300000000000004,29.4,28.6,30.5,4.96,1.99,4.97,0.16,0.0,0.0,1027.0,8228.0,0.0,0.0,0.0,0.0,0.0,1.0,0.0,0.0,0.0,0.0,0.0,1.0,0.0,-0.3,0.0,0.0001,16.0,25903.0
2026-07-30T19:00:31.323Z,200.806,200.82,0.0,7.4,0.0,0.0,0.0,0.0,0.0,0.0,0.0,0.0,1.0,0.0,0.0,0.0,9.0,4.0,0.0,0.0,0.0,0.0,0.0,0.0,0.0,0.0,2.0,12.0,1.0,12.17,5.0200000000000005,2.51,1.49,0.0,0.0,0.0,0.4,0.0,-0.3,0.6000000000000001,0.0,-169.60000000000002,0.0,0.0,169.70000000000002,0.0,21.700000000000003,29.6,29.6,30.1,300.0,300.0,31.4,35.300000000000004,29.4,28.6,30.5,4.96,1.99,4.97,0.16,0.0,0.0,1027.0,8228.0,0.0,0.0,0.0,0.0,0.0,1.0,0.0,0.0,0.0,0.0,0.0,0.6000000000000001,0.0,0.1,0.0,0.0,16.0,25903.0
2026-07-30T19:00:31.336Z,200.819,200.832,0.0,7.4,0.0,0.0,0.0,0.0,0.0,0.0,0.0,0.0,1.0,0.0,0.0,0.0,9.0,4.0,0.0,0.0,0.0,0.0,0.0,0.0,0.0,0.0,3.0,12.0,1.0,12.17,5.01,2.5,1.49,0.0,0.0,0.0,0.4,0.0,0.8,-1.0,0.0,-169.60000000000002,0.0,0.0,169.60000000000002,0.0,21.700000000000003,29.6,29.6,30.1,300.0,300.0,31.3,35.4,29.4,28.6,30.5,4.96,1.99,4.96,0.15,0.0,0.0,1027.0,8228.0,0.0,0.0,0.0,0.0,0.0,1.0,0.0,0.0,0.0,0.0,0.0,-1.2000000000000002,0.0,-0.2,0.0,0.0,16.0,25903.0
2026-07-30T19:00:31.347Z,200.83,200.844,0.0,7.4,0.0,0.0,0.0,0.0,0.0,0.0,0.0,0.0,1.0,0.0,0.0,0.0,9.0,4.0,0.0,0.0,0.0,0.0,0.0,0.0,0.0,0.0,4.0,12.0,1.0,12.17,5.01,2.5,1.49,0.0,0.0,0.0,0.4,0.0,0.8,0.6000000000000001,1.2000000000000002,-169.60000000000002,0.0,0.0,169.70000000000002,0.0,21.700000000000003,29.6,29.6,30.1,300.0,300.0,31.3,35.4,29.4,28.6,30.5,4.95,1.99,4.96,0.15,0.0,0.0,1027.0,8228.0,0.0,0.0,0.0,0.0,0.0,1.0,0.0,0.0,0.0,0.0,0.0,1.6,0.0,-0.9,0.0,0.0,16.0,25903.0
2026-07-30T19:00:31.359Z,200.842,200.856,0.0,7.4,0.0,0.0,0.0,0.0,0.0,0.0,0.0,0.0,1.0,0.0,0.0,0.0,9.0,4.0,0.0,0.0,0.0,0.0,0.0,0.0,0.0,0.0,6.0,12.0,1.0,12.17,5.01,2.5,1.49,0.0,0.0,0.0,0.4,0.0,0.3,0.0,0.6000000000000001,-169.60000000000002,0.0,0.0,169.60000000000002,0.0,21.700000000000003,29.6,29.6,30.1,300.0,300.0,31.3,35.4,29.4,28.6,30.5,4.95,1.99,4.97,0.16,0.0,0.0,1027.0,8228.0,0.0,0.0,0.0,0.0,0.0,1.0,0.0,0.0,0.0,0.0,0.0,0.5,0.0,-0.5,0.0,0.0,16.0,25903.0
2026-07-30T19:00:31.372Z,200.855,200.868,0.0,7.4,0.0,0.0,0.0,0.0,0.0,0.0,0.0,0.0,1.0,0.0,0.0,0.0,9.0,4.0,0.0,0.0,0.0,0.0,0.0,0.0,0.0,0.0,1.0,12.0,1.0,12.17,5.01,2.5,1.49,0.0,0.0,0.0,0.4,0.0,0.3,0.6000000000000001,0.5,-169.60000000000002,0.0,0.0,169.70000000000002,0.0,21.700000000000003,29.6,29.6,30.1,300.0,300.0,31.3,35.4,29.4,28.6,30.5,4.95,1.99,4.97,0.16,0.0,0.0,1027.0,8228.0,0.0,0.0,0.0,0.0,0.0,1.0,0.0,0.0,0.0,0.0,0.0,1.2000000000000002,0.0,-0.3,0.0,0.0,16.0,25903.0
2026-07-30T19:00:31.383Z,200.866,200.88,0.0,7.4,0.0,0.0,0.0,0.0,0.0,0.0,0.0,0.0,1.0,0.0,0.0,0.0,9.0,4.0,0.0,0.0,0.0,0.0,0.0,0.0,0.0,0.0,2.0,12.0,1.0,12.17,5.01,2.5,1.49,0.0,0.0,0.0,0.4,0.0,0.3,0.6000000000000001,0.0,-169.60000000000002,0.0,0.0,169.60000000000002,0.0,21.700000000000003,29.6,29.6,30.1,300.0,300.0,31.3,35.4,29.4,28.6,30.5,4.96,1.99,4.96,0.16,0.0,0.0,1027.0,8228.0,0.0,0.0,0.0,0.0,0.0,1.0,0.0,0.0,0.0,0.0,0.0,0.7000000000000001,0.0,0.1,0.0,0.0,16.0,25903.0
2026-07-30T19:00:31.396Z,200.879,200.892,0.0,7.4,0.0,0.0,0.0,0.0,0.0,0.0,0.0,0.0,1.0,0.0,0.0,0.0,9.0,4.0,0.0,0.0,0.0,0.0,0.0,0.0,0.0,0.0,3.0,12.0,1.0,12.17,5.01,2.5,1.49,0.0,0.0,0.0,0.4,0.0,0.9,-0.4,-0.6000000000000001,-169.60000000000002,0.0,0.0,169.60000000000002,0.0,21.700000000000003,29.6,29.6,30.1,300.0,300.0,31.3,35.4,29.4,28.6,30.5,4.95,1.99,4.97,0.16,0.0,0.0,1027.0,8228.0,0.0,0.0,0.0,0.0,0.0,1.0,0.0,0.0,0.0,0.0,0.0,-1.0,0.0,0.4,0.0,0.0,16.0,25903.0
2026-07-30T19:00:31.408Z,200.891,200.904,0.0,7.4,0.0,0.0,0.0,0.0,0.0,0.0,0.0,0.0,1.0,0.0,0.0,0.0,9.0,4.0,0.0,0.0,0.0,0.0,0.0,0.0,0.0,0.0,4.0,12.0,1.0,12.17,5.01,2.5,1.49,0.0,0.0,0.0,0.4,0.0,-0.8,0.6000000000000001,0.0,-169.60000000000002,0.0,0.0,169.60000000000002,0.0,21.700000000000003,29.6,29.6,30.1,300.0,300.0,31.3,35.4,29.4,28.6,30.5,4.95,2.0,4.96,0.16,0.0,0.0,1027.0,8228.0,0.0,0.0,0.0,0.0,0.0,1.0,0.0,0.0,0.0,0.0,0.0,0.7000000000000001,0.0,0.1,0.0,0.0,16.0,25903.0
2026-07-30T19:00:31.419Z,200.902,200.916,0.0,7.4,0.0,0.0,0.0,0.0,0.0,0.0,0.0,0.0,1.0,0.0,0.0,0.0,9.0,4.0,0.0,0.0,0.0,0.0,0.0,0.0,0.0,0.0,5.0,12.0,1.0,12.17,5.01,2.5,1.49,0.0,0.0,0.0,0.4,0.0,0.3,0.0,-0.6000000000000001,-169.60000000000002,0.0,0.0,169.60000000000002,0.0,21.700000000000003,29.6,29.6,30.1,300.0,300.0,31.3,35.4,29.4,28.6,30.5,4.96,1.99,4.96,0.16,0.0,0.0,1027.0,8228.0,0.0,0.0,0.0,0.0,0.0,1.0,0.0,0.0,0.0,0.0,0.0,-0.3,0.0,0.5,0.0,0.0,16.0,25903.0
2026-07-30T19:00:31.431Z,200.914,200.928,0.0,7.4,0.0,0.0,0.0,0.0,0.0,0.0,0.0,0.0,1.0,0.0,0.0,0.0,9.0,4.0,0.0,0.0,0.0,0.0,0.0,0.0,0.0,0.0,6.0,12.0,1.0,12.17,5.01,2.5,1.49,0.0,0.0,0.0,0.4,0.0,0.2,0.0,0.5,-169.60000000000002,0.0,0.0,169.60000000000002,0.0,21.700000000000003,29.6,29.6,30.1,300.0,300.0,31.3,35.4,29.4,28.6,30.5,4.95,1.99,4.96,0.16,0.0,0.0,1027.0,8228.0,0.0,0.0,0.0,0.0,0.0,1.0,0.0,0.0,0.0,0.0,0.0,-2.1,0.0,0.8,0.0,0.0,16.0,25903.0
2026-07-30T19:00:31.446Z,200.929,200.94,0.0,7.4,0.0,0.0,0.0,0.0,0.0,0.0,0.0,0.0,1.0,0.0,0.0,0.0,9.0,4.0,0.0,0.0,0.0,0.0,0.0,0.0,0.0,0.0,1.0,12.0,1.0,12.17,5.01,2.51,1.49,0.0,0.0,0.0,0.4,0.0,-1.4,-1.0,-1.2000000000000002,-169.60000000000002,0.0,0.0,169.60000000000002,0.0,21.3,29.6,29.6,30.1,300.0,300.0,31.3,35.300000000000004,29.4,28.700000000000003,30.5,4.95,1.99,4.97,0.16,0.0,0.0,1027.0,8228.0,0.0,0.0,0.0,0.0,0.0,1.0,0.0,0.0,0.0,0.0,0.0,0.9,0.0,-0.9,0.0,0.0,16.0,25903.0
2026-07-30T19:00:31.455Z,200.938,200.952,0.0,7.4,0.0,0.0,0.0,0.0,0.0,0.0,0.0,0.0,1.0,0.0,0.0,0.0,9.0,4.0,0.0,0.0,0.0,0.0,0.0,0.0,0.0,0.0,6.0,12.0,1.0,12.17,5.01,2.51,1.49,0.0,0.0,0.0,0.4,0.0,-0.2,0.1,-1.2000000000000002,-169.60000000000002,0.0,0.0,169.60000000000002,0.0,21.3,29.6,29.6,30.1,300.0,300.0,31.3,35.300000000000004,29.4,28.700000000000003,30.5,4.95,1.99,4.96,0.16,0.0,0.0,1027.0,8228.0,0.0,0.0,0.0,0.0,0.0,1.0,0.0,0.0,0.0,0.0,0.0,1.4,0.0,0.3,0.0,0.0,16.0,25903.0
2026-07-30T19:00:31.467Z,200.95,200.964,0.0,7.4,0.0,0.0,0.0,0.0,0.0,0.0,0.0,0.0,1.0,0.0,0.0,0.0,9.0,4.0,0.0,0.0,0.0,0.0,0.0,0.0,0.0,0.0,1.0,12.0,1.0,12.17,5.01,2.51,1.49,0.0,0.0,0.0,0.4,0.0,-0.2,1.3,0.0,-169.60000000000002,0.0,0.0,169.60000000000002,0.0,21.3,29.6,29.6,30.1,300.0,300.0,31.3,35.300000000000004,29.4,28.700000000000003,30.5,4.96,1.99,4.96,0.16,0.0,0.0,1027.0,8228.0,0.0,0.0,0.0,0.0,0.0,1.0,0.0,0.0,0.0,0.0,0.0,-0.3,0.0,0.5,0.0,0.0,16.0,25903.0
2026-07-30T19:00:31.479Z,200.962,200.976,0.0,7.4,0.0,0.0,0.0,0.0,0.0,0.0,0.0,0.0,1.0,0.0,0.0,0.0,9.0,4.0,0.0,0.0,0.0,0.0,0.0,0.0,0.0,0.0,2.0,12.0,1.0,12.17,5.01,2.51,1.49,0.0,0.0,0.0,0.4,0.0,-0.8,-0.4,1.1,-169.60000000000002,0.0,0.0,169.60000000000002,0.0,21.3,29.6,29.6,30.1,300.0,300.0,31.3,35.300000000000004,29.4,28.700000000000003,30.5,4.95,1.99,4.97,0.16,0.0,0.0,1027.0,8228.0,0.0,0.0,0.0,0.0,0.0,1.0,0.0,0.0,0.0,0.0,0.0,0.3,0.0,-1.0,0.0,0.0,16.0,25903.0
2026-07-30T19:00:31.491Z,200.974,200.988,0.0,7.4,0.0,0.0,0.0,0.0,0.0,0.0,0.0,0.0,1.0,0.0,0.0,0.0,9.0,4.0,0.0,0.0,0.0,0.0,0.0,0.0,0.0,0.0,3.0,12.0,1.0,12.17,5.01,2.51,1.49,0.0,0.0,0.0,0.4,0.0,-0.3,-1.0,-1.7000000000000002,-169.60000000000002,0.0,0.0,169.60000000000002,0.0,21.3,29.6,29.6,30.1,300.0,300.0,31.3,35.300000000000004,29.4,28.700000000000003,30.5,4.96,1.99,4.96,0.16,0.0,0.0,1027.0,8228.0,0.0,0.0,0.0,0.0,0.0,1.0,0.0,0.0,0.0,0.0,0.0,-2.4000000000000004,0.0,1.3,0.0,0.0,16.0,25903.0
2026-07-30T19:00:31.503Z,200.986,201.0,0.0,7.4,0.0,0.0,0.0,0.0,0.0,0.0,0.0,0.0,1.0,0.0,0.0,0.0,9.0,4.0,0.0,0.0,0.0,0.0,0.0,0.0,0.0,0.0,4.0,12.0,1.0,12.17,5.01,2.51,1.49,0.0,0.0,0.0,0.4,0.0,-0.9,0.1,1.1,-169.60000000000002,0.0,0.0,169.60000000000002,0.0,21.3,29.6,29.6,30.1,300.0,300.0,31.3,35.300000000000004,29.4,28.700000000000003,30.5,4.96,2.0,4.96,0.16,0.0,0.0,1027.0,8228.0,0.0,0.0,0.0,0.0,0.0,1.0,0.0,0.0,0.0,0.0,0.0,0.9,0.0,-0.9,0.0,0.0,16.0,25903.0
2026-07-30T19:00:31.515Z,200.998,201.012,0.0,7.4,0.0,0.0,0.0,0.0,0.0,0.0,0.0,0.0,1.0,0.0,0.0,0.0,9.0,4.0,0.0,0.0,0.0,0.0,0.0,0.0,0.0,0.0,5.0,12.0,1.0,12.17,5.01,2.51,1.49,0.0,0.0,0.0,0.4,0.0,0.2,0.7000000000000001,0.0,-169.60000000000002,0.0,0.0,169.60000000000002,0.0,21.3,29.6,29.6,30.1,300.0,300.0,31.3,35.300000000000004,29.4,28.700000000000003,30.5,4.95,1.99,4.96,0.16,0.0,0.0,1027.0,8228.0,0.0,0.0,0.0,0.0,0.0,1.0,0.0,0.0,0.0,0.0,0.0,0.8,0.0,0.1,0.0,0.0,16.0,25903.0
2026-07-30T19:00:31.527Z,201.01,201.024,0.0,7.4,0.0,0.0,0.0,0.0,0.0,0.0,0.0,0.0,1.0,0.0,0.0,0.0,9.0,4.0,0.0,0.0,0.0,0.0,0.0,0.0,0.0,0.0,6.0,12.0,1.0,12.17,5.01,2.51,1.49,0.0,0.0,0.0,0.4,0.0,0.2,-0.4,-1.7000000000000002,-169.60000000000002,0.0,0.0,169.60000000000002,0.0,21.3,29.6,29.6,30.1,300.0,300.0,31.3,35.300000000000004,29.4,28.700000000000003,30.5,4.95,1.99,4.97,0.16,0.0,0.0,1027.0,8228.0,0.0,0.0,0.0,0.0,0.0,1.0,0.0,0.0,0.0,0.0,0.0,-1.7000000000000002,0.0,1.4,0.0,0.0,16.0,25903.0
2026-07-30T19:00:31.541Z,201.024,201.036,0.0,7.4,0.0,0.0,0.0,0.0,0.0,0.0,0.0,0.0,1.0,0.0,0.0,0.0,9.0,4.0,0.0,0.0,0.0,0.0,0.0,0.0,0.0,0.0,1.0,12.0,1.0,12.17,5.01,2.51,1.49,0.0,0.0,0.0,0.4,0.0,0.8,-0.3,1.7000000000000002,-169.60000000000002,0.0,0.0,169.60000000000002,0.0,21.8,29.6,29.6,30.1,300.0,300.0,31.4,35.300000000000004,29.4,28.6,30.5,4.96,2.0,4.96,0.16,0.0,0.0,1027.0,8228.0,0.0,0.0,0.0,0.0,0.0,1.0,0.0,0.0,0.0,0.0,0.0,0.9,0.0,-1.6,0.0,0.0,16.0,25903.0
2026-07-30T19:00:31.551Z,201.034,201.048,0.0,7.4,0.0,0.0,0.0,0.0,0.0,0.0,0.0,0.0,1.0,0.0,0.0,0.0,9.0,4.0,0.0,0.0,0.0,0.0,0.0,0.0,0.0,0.0,2.0,12.0,1.0,12.17,5.01,2.51,1.49,0.0,0.0,0.0,0.4,0.0,0.3,1.3,0.0,-169.60000000000002,0.0,0.0,169.70000000000002,0.0,21.8,29.6,29.6,30.1,300.0,300.0,31.4,35.300000000000004,29.4,28.6,30.5,4.96,1.99,4.97,0.16,0.0,0.0,1027.0,8228.0,0.0,0.0,0.0,0.0,0.0,1.0,0.0,0.0,0.0,0.0,0.0,1.5,0.0,0.2,0.0,0.0,16.0,25903.0
2026-07-30T19:00:31.563Z,201.046,201.06,0.0,7.4,0.0,0.0,0.0,0.0,0.0,0.0,0.0,0.0,1.0,0.0,0.0,0.0,9.0,4.0,0.0,0.0,0.0,0.0,0.0,0.0,0.0,0.0,3.0,12.0,1.0,12.17,5.01,2.51,1.49,0.0,0.0,0.0,0.4,0.0,0.3,-0.4,0.5,-169.60000000000002,0.0,0.0,169.60000000000002,0.0,21.8,29.6,29.6,30.1,300.0,300.0,31.4,35.300000000000004,29.4,28.6,30.5,4.95,2.0,4.97,0.16,0.0,0.0,1027.0,8228.0,0.0,0.0,0.0,0.0,0.0,1.0,0.0,0.0,0.0,0.0,0.0,0.0,0.0,-0.6000000000000001,0.0,0.0002,16.0,25903.0
2026-07-30T19:00:31.575Z,201.058,201.072,0.0,7.4,0.0,0.0,0.0,0.0,0.0,0.0,0.0,0.0,1.0,0.0,0.0,0.0,9.0,4.0,0.0,0.0,0.0,0.0,0.0,0.0,0.0,0.0,4.0,12.0,1.0,12.17,5.01,2.51,1.49,0.0,0.0,0.0,0.5,0.0,0.3,-0.4,2.3000000000000003,-169.60000000000002,0.0,0.0,169.60000000000002,0.0,21.8,29.6,29.6,30.1,300.0,300.0,31.4,35.300000000000004,29.4,28.6,30.5,4.96,2.0,4.97,0.16,0.0,0.0,1027.0,8228.0,0.0,0.0,0.0,0.0,0.0,1.0,0.0,0.0,0.0,0.0,0.0,1.2000000000000002,0.0,-2.1,0.0,0.0001,16.0,25903.0
2026-07-30T19:00:31.587Z,201.07,201.084,0.0,7.4,0.0,0.0,0.0,0.0,0.0,0.0,0.0,0.0,1.0,0.0,0.0,0.0,9.0,4.0,0.0,0.0,0.0,0.0,0.0,0.0,0.0,0.0,5.0,12.0,1.0,12.17,5.01,2.51,1.49,0.0,0.0,0.0,0.4,0.0,-0.2,-1.0,0.0,-169.60000000000002,0.0,0.0,169.70000000000002,0.0,21.8,29.6,29.6,30.1,300.0,300.0,31.4,35.300000000000004,29.4,28.6,30.5,4.96,2.0,4.96,0.16,0.0,0.0,1027.0,8228.0,0.0,0.0,0.0,0.0,0.0,1.0,0.0,0.0,0.0,0.0,0.0,-1.1,0.0,-0.2,0.0,0.0,16.0,25903.0
2026-07-30T19:00:31.599Z,201.082,201.096,0.0,7.4,0.0,0.0,0.0,0.0,0.0,0.0,0.0,0.0,1.0,0.0,0.0,0.0,9.0,4.0,0.0,0.0,0.0,0.0,0.0,0.0,0.0,0.0,6.0,12.0,1.0,12.17,5.01,2.51,1.49,0.0,0.0,0.0,0.4,0.0,-0.2,0.1,1.2000000000000002,-169.60000000000002,0.0,0.0,169.70000000000002,0.0,21.8,29.6,29.6,30.1,300.0,300.0,31.4,35.300000000000004,29.4,28.6,30.5,4.96,1.99,4.97,0.16,0.0,0.0,1027.0,8228.0,0.0,0.0,0.0,0.0,0.0,1.0,0.0,0.0,0.0,0.0,0.0,1.0,0.0,-1.0,0.0,0.0001,16.0,25903.0
2026-07-30T19:00:31.611Z,201.094,201.108,0.0,7.4,0.0,0.0,0.0,0.0,0.0,0.0,0.0,0.0,1.0,0.0,0.0,0.0,9.0,4.0,0.0,0.0,0.0,0.0,0.0,0.0,0.0,0.0,1.0,12.0,1.0,12.17,5.01,2.51,1.49,0.0,0.0,0.0,0.4,0.0,-0.2,1.3,1.1,-169.60000000000002,0.0,0.0,169.60000000000002,0.0,21.8,29.6,29.6,30.1,300.0,300.0,31.4,35.300000000000004,29.4,28.6,30.5,4.95,2.0,4.97,0.16,0.0,0.0,1027.0,8228.0,0.0,0.0,0.0,0.0,0.0,1.0,0.0,0.0,0.0,0.0,0.0,2.3000000000000003,0.0,-0.7000000000000001,0.0,0.0,16.0,25903.0
2026-07-30T19:00:31.623Z,201.106,201.12,0.0,7.4,0.0,0.0,0.0,0.0,0.0,0.0,0.0,0.0,1.0,0.0,0.0,0.0,9.0,4.0,0.0,0.0,0.0,0.0,0.0,0.0,0.0,0.0,2.0,12.0,1.0,12.17,5.01,2.51,1.49,0.0,0.0,0.0,0.4,0.0,-0.2,-0.4,-0.5,-169.60000000000002,0.0,0.0,169.8,0.0,21.8,29.6,29.6,30.1,300.0,300.0,31.4,35.300000000000004,29.4,28.6,30.5,4.96,2.0,4.96,0.16,0.0,0.0,1027.0,8228.0,0.0,0.0,0.0,0.0,0.0,1.0,0.0,0.0,0.0,0.0,0.0,-0.9,0.0,0.4,0.0,0.0001,16.0,25903.0
2026-07-30T19:00:31.635Z,201.118,201.132,0.0,7.4,0.0,0.0,0.0,0.0,0.0,0.0,0.0,0.0,1.0,0.0,0.0,0.0,9.0,4.0,0.0,0.0,0.0,0.0,0.0,0.0,0.0,0.0,4.0,12.0,1.0,12.17,5.01,2.51,1.49,0.0,0.0,0.0,0.4,0.0,0.3,0.1,0.0,-169.60000000000002,0.0,0.0,169.70000000000002,0.0,21.8,29.6,29.6,30.1,300.0,300.0,31.4,35.300000000000004,29.4,28.6,30.5,4.95,1.99,4.97,0.16,0.0,0.0,1027.0,8228.0,0.0,0.0,0.0,0.0,0.0,1.0,0.0,0.0,0.0,0.0,0.0,0.1,0.0,0.0,0.0,0.0002,16.0,25903.0
2026-07-30T19:00:31.647Z,201.13,201.144,0.0,7.4,0.0,0.0,0.0,0.0,0.0,0.0,0.0,0.0,1.0,0.0,0.0,0.0,9.0,4.0,0.0,0.0,0.0,0.0,0.0,0.0,0.0,0.0,5.0,12.0,1.0,12.11,5.0200000000000005,2.5,1.49,0.0,0.0,0.0,0.5,0.0,0.3,0.7000000000000001,-0.5,-169.60000000000002,0.0,0.0,169.70000000000002,0.0,21.700000000000003,29.6,29.6,30.1,300.0,300.0,31.3,35.300000000000004,29.4,28.6,30.5,4.95,1.99,4.97,0.16,0.0,0.0,1027.0,8228.0,0.0,0.0,0.0,0.0,0.0,1.0,0.0,0.0,0.0,0.0,0.0,0.4,0.0,0.6000000000000001,0.0,0.0,16.0,25903.0
2026-07-30T19:00:31.659Z,201.142,201.156,0.0,7.4,0.0,0.0,0.0,0.0,0.0,0.0,0.0,0.0,1.0,0.0,0.0,0.0,9.0,4.0,0.0,0.0,0.0,0.0,0.0,0.0,0.0,0.0,6.0,12.0,1.0,12.11,5.0200000000000005,2.5,1.49,0.0,0.0,0.0,0.4,0.0,0.3,0.7000000000000001,0.0,-169.60000000000002,0.0,0.0,169.70000000000002,0.0,21.700000000000003,29.6,29.6,30.1,300.0,300.0,31.3,35.300000000000004,29.4,28.6,30.5,4.96,1.99,4.97,0.16,0.0,0.0,1027.0,8228.0,0.0,0.0,0.0,0.0,0.0,1.0,0.0,0.0,0.0,0.0,0.0,0.8,0.0,0.1,0.0,0.0001,16.0,25903.0
2026-07-30T19:00:31.671Z,201.154,201.168,0.0,7.4,0.0,0.0,0.0,0.0,0.0,0.0,0.0,0.0,1.0,0.0,0.0,0.0,9.0,4.0,0.0,0.0,0.0,0.0,0.0,0.0,0.0,0.0,1.0,12.0,1.0,12.11,5.0200000000000005,2.5,1.49,0.0,0.0,0.0,0.4,0.0,0.3,-0.9,0.0,-169.60000000000002,0.0,0.0,169.70000000000002,0.0,21.700000000000003,29.6,29.6,30.1,300.0,300.0,31.3,35.300000000000004,29.4,28.6,30.5,4.96,1.99,4.96,0.16,0.0,0.0,1027.0,8228.0,0.0,0.0,0.0,0.0,0.0,1.0,0.0,0.0,0.0,0.0,0.0,-1.1,0.0,-0.1,0.0,0.0001,16.0,25903.0
2026-07-30T19:00:31.683Z,201.166,201.18,0.0,7.4,0.0,0.0,0.0,0.0,0.0,0.0,0.0,0.0,1.0,0.0,0.0,0.0,9.0,4.0,0.0,0.0,0.0,0.0,0.0,0.0,0.0,0.0,2.0,12.0,1.0,12.11,5.0200000000000005,2.5,1.49,0.0,0.0,0.0,0.4,0.0,0.3,-0.3,1.7000000000000002,-169.60000000000002,0.0,0.0,169.8,0.0,21.700000000000003,29.6,29.6,30.1,300.0,300.0,31.3,35.300000000000004,29.4,28.6,30.5,4.95,1.99,4.97,0.16,0.0,0.0,1027.0,8228.0,0.0,0.0,0.0,0.0,0.0,1.0,0.0,0.0,0.0,0.0,0.0,0.8,0.0,-1.6,0.0,0.0,16.0,25903.0
2026-07-30T19:00:31.695Z,201.178,201.192,0.0,7.4,0.0,0.0,0.0,0.0,0.0,0.0,0.0,0.0,1.0,0.0,0.0,0.0,9.0,4.0,0.0,0.0,0.0,0.0,0.0,0.0,0.0,0.0,3.0,12.0,1.0,12.11,5.0200000000000005,2.5,1.49,0.0,0.0,0.0,0.4,0.0,0.2,0.7000000000000001,-0.6000000000000001,-169.60000000000002,0.0,0.0,169.8,0.0,21.700000000000003,29.6,29.6,30.1,300.0,300.0,31.3,35.300000000000004,29.4,28.6,30.5,4.95,1.99,4.96,0.16,0.0,0.0,1027.0,8228.0,0.0,0.0,0.0,0.0,0.0,1.0,0.0,0.0,0.0,0.0,0.0,0.3,0.0,0.7000000000000001,0.0,0.0001,16.0,25903.0
2026-07-30T19:00:31.707Z,201.19,201.204,0.0,7.4,0.0,0.0,0.0,0.0,0.0,0.0,0.0,0.0,1.0,0.0,0.0,0.0,9.0,4.0,0.0,0.0,0.0,0.0,0.0,0.0,0.0,0.0,4.0,12.0,1.0,12.11,5.0200000000000005,2.5,1.49,0.0,0.0,0.0,0.4,0.0,-0.2,0.1,0.0,-169.60000000000002,0.0,0.0,169.8,0.0,21.700000000000003,29.6,29.6,30.1,300.0,300.0,31.3,35.300000000000004,29.4,28.6,30.5,4.95,1.99,4.96,0.16,0.0,0.0,1027.0,8228.0,0.0,0.0,0.0,0.0,0.0,1.0,0.0,0.0,0.0,0.0,0.0,0.1,0.0,0.0,0.0,0.0,16.0,25903.0
2026-07-30T19:00:31.720Z,201.203,201.216,0.0,7.4,0.0,0.0,0.0,0.0,0.0,0.0,0.0,0.0,1.0,0.0,0.0,0.0,9.0,4.0,0.0,0.0,0.0,0.0,0.0,0.0,0.0,0.0,5.0,12.0,1.0,12.11,5.0200000000000005,2.5,1.49,0.0,0.0,0.0,0.4,0.0,0.2,0.6000000000000001,1.6,-169.60000000000002,0.0,0.0,169.70000000000002,0.0,21.700000000000003,29.6,29.6,30.1,300.0,300.0,31.3,35.300000000000004,29.4,28.6,30.5,4.95,1.99,4.97,0.16,0.0,0.0,1027.0,8228.0,0.0,0.0,0.0,0.0,0.0,1.0,0.0,0.0,0.0,0.0,0.0,2.0,0.0,-1.3,0.0,0.0,16.0,25903.0
2026-07-30T19:00:31.731Z,201.214,201.228,0.0,7.4,0.0,0.0,0.0,0.0,0.0,0.0,0.0,0.0,1.0,0.0,0.0,0.0,9.0,4.0,0.0,0.0,0.0,0.0,0.0,0.0,0.0,0.0,1.0,12.0,1.0,12.11,5.0200000000000005,2.5,1.49,0.0,0.0,0.0,0.4,0.0,0.8,-1.6,-0.1,-169.60000000000002,0.0,0.0,169.60000000000002,0.0,21.700000000000003,29.6,29.6,30.1,300.0,300.0,31.3,35.300000000000004,29.4,28.6,30.5,4.95,1.99,4.97,0.16,0.0,0.0,1027.0,8228.0,0.0,0.0,0.0,0.0,0.0,1.0,0.0,0.0,0.0,0.0,0.0,-1.9,0.0,-0.2,0.0,0.0,16.0,25903.0
2026-07-30T19:00:31.744Z,201.227,201.24,0.0,7.4,0.0,0.0,0.0,0.0,0.0,0.0,0.0,0.0,1.0,0.0,0.0,0.0,9.0,4.0,0.0,0.0,0.0,0.0,0.0,0.0,0.0,0.0,2.0,12.0,1.0,12.17,5.0200000000000005,2.51,1.5,0.0,0.0,0.0,0.4,0.0,0.3,0.0,0.4,-169.60000000000002,0.0,0.0,169.70000000000002,0.0,21.4,29.6,29.6,30.1,300.0,300.0,31.3,35.300000000000004,29.4,28.6,30.5,4.95,1.99,4.97,0.16,0.0,0.0,1027.0,8228.0,0.0,0.0,0.0,0.0,0.0,1.0,0.0,0.0,0.0,0.0,0.0,0.4,0.0,-0.3,0.0,0.0001,16.0,25903.0
2026-07-30T19:00:31.756Z,201.239,201.252,0.0,7.4,0.0,0.0,0.0,0.0,0.0,0.0,0.0,0.0,1.0,0.0,0.0,0.0,9.0,4.0,0.0,0.0,0.0,0.0,0.0,0.0,0.0,0.0,3.0,12.0,1.0,12.17,5.0200000000000005,2.51,1.5,0.0,0.0,0.0,0.4,0.0,0.3,1.2000000000000002,-1.2000000000000002,-169.60000000000002,0.0,0.0,169.60000000000002,0.0,21.4,29.6,29.6,30.1,300.0,300.0,31.3,35.300000000000004,29.4,28.6,30.5,4.95,1.99,4.97,0.16,0.0,0.0,1027.0,8228.0,0.0,0.0,0.0,0.0,0.0,1.0,0.0,0.0,0.0,0.0,0.0,0.4,0.0,1.3,0.0,0.0,16.0,25903.0
2026-07-30T19:00:31.768Z,201.251,201.264,0.0,7.4,0.0,0.0,0.0,0.0,0.0,0.0,0.0,0.0,1.0,0.0,0.0,0.0,9.0,4.0,0.0,0.0,0.0,0.0,0.0,0.0,0.0,0.0,1.0,12.0,1.0,12.17,5.0200000000000005,2.51,1.5,0.0,0.0,0.0,0.4,0.0,0.8,0.6000000000000001,-0.7000000000000001,-169.60000000000002,0.0,0.0,169.60000000000002,0.0,21.4,29.6,29.6,30.1,300.0,300.0,31.3,35.300000000000004,29.4,28.6,30.5,4.95,1.99,4.97,0.16,0.0,0.0,1027.0,8228.0,0.0,0.0,0.0,0.0,0.0,1.0,0.0,0.0,0.0,0.0,0.0,0.2,0.0,0.7000000000000001,0.0,0.0001,16.0,25903.0
2026-07-30T19:00:31.779Z,201.262,201.276,0.0,7.4,0.0,0.0,0.0,0.0,0.0,0.0,0.0,0.0,1.0,0.0,0.0,0.0,9.0,4.0,0.0,0.0,0.0,0.0,0.0,0.0,0.0,0.0,5.0,12.0,1.0,12.17,5.0200000000000005,2.51,1.5,0.0,0.0,0.0,0.4,0.0,-0.8,-1.0,-0.1,-169.60000000000002,0.0,0.0,169.70000000000002,0.0,21.4,29.6,29.6,30.1,300.0,300.0,31.3,35.300000000000004,29.4,28.6,30.5,4.95,1.99,4.96,0.16,0.0,0.0,1027.0,8228.0,0.0,0.0,0.0,0.0,0.0,1.0,0.0,0.0,0.0,0.0,0.0,-1.3,0.0,-0.1,0.0,0.0,16.0,25903.0
2026-07-30T19:00:31.791Z,201.274,201.288,0.0,7.4,0.0,0.0,0.0,0.0,0.0,0.0,0.0,0.0,1.0,0.0,0.0,0.0,9.0,4.0,0.0,0.0,0.0,0.0,0.0,0.0,0.0,0.0,6.0,12.0,1.0,12.17,5.0200000000000005,2.51,1.5,0.0,0.0,0.0,0.4,0.0,0.3,0.0,-0.1,-169.60000000000002,0.0,0.0,169.70000000000002,0.0,21.4,29.6,29.6,30.1,300.0,300.0,31.3,35.300000000000004,29.4,28.6,30.5,4.95,1.99,4.96,0.16,0.0,0.0,1027.0,8228.0,0.0,0.0,0.0,0.0,0.0,1.0,0.0,0.0,0.0,0.0,0.0,0.0,0.0,0.1,0.0,0.0001,16.0,25903.0
2026-07-30T19:00:31.803Z,201.286,201.3,0.0,7.4,0.0,0.0,0.0,0.0,0.0,0.0,0.0,0.0,1.0,0.0,0.0,0.0,9.0,4.0,0.0,0.0,0.0,0.0,0.0,0.0,0.0,0.0,2.0,12.0,1.0,12.17,5.0200000000000005,2.51,1.5,0.0,0.0,0.0,0.4,0.0,-0.3,0.1,-0.7000000000000001,-169.60000000000002,0.0,0.0,169.70000000000002,0.0,21.4,29.6,29.6,30.1,300.0,300.0,31.3,35.300000000000004,29.4,28.6,30.5,4.95,1.99,4.96,0.16,0.0,0.0,1027.0,8228.0,0.0,0.0,0.0,0.0,0.0,1.0,0.0,0.0,0.0,0.0,0.0,-0.3,0.0,0.6000000000000001,0.0,0.0,16.0,25903.0
2026-07-30T19:00:31.815Z,201.298,201.312,0.0,7.4,0.0,0.0,0.0,0.0,0.0,0.0,0.0,0.0,1.0,0.0,0.0,0.0,9.0,4.0,0.0,0.0,0.0,0.0,0.0,0.0,0.0,0.0,3.0,12.0,1.0,12.17,5.0200000000000005,2.51,1.5,0.0,0.0,0.0,0.4,0.0,0.8,0.7000000000000001,-0.1,-169.60000000000002,0.0,0.0,169.70000000000002,0.0,21.4,29.6,29.6,30.1,300.0,300.0,31.3,35.300000000000004,29.4,28.6,30.5,4.96,1.99,4.96,0.16,0.0,0.0,1027.0,8228.0,0.0,0.0,0.0,0.0,0.0,1.0,0.0,0.0,0.0,0.0,0.0,0.7000000000000001,0.0,0.2,0.0,0.0,16.0,25903.0
2026-07-30T19:00:31.827Z,201.31,201.324,0.0,7.4,0.0,0.0,0.0,0.0,0.0,0.0,0.0,0.0,1.0,0.0,0.0,0.0,9.0,4.0,0.0,0.0,0.0,0.0,0.0,0.0,0.0,0.0,4.0,12.0,1.0,12.17,5.0200000000000005,2.51,1.5,0.0,0.0,0.0,0.4,0.0,0.8,-1.0,-0.1,-169.60000000000002,0.0,0.0,169.70000000000002,0.0,21.4,29.6,29.6,30.1,300.0,300.0,31.3,35.300000000000004,29.4,28.6,30.5,4.95,1.99,4.96,0.16,0.0,0.0,1027.0,8228.0,0.0,0.0,0.0,0.0,0.0,1.0,0.0,0.0,0.0,0.0,0.0,-1.2000000000000002,0.0,-0.1,0.0,0.0,16.0,25903.0
2026-07-30T19:00:31.839Z,201.322,201.336,0.0,7.4,0.0,0.0,0.0,0.0,0.0,0.0,0.0,0.0,1.0,0.0,0.0,0.0,9.0,4.0,0.0,0.0,0.0,0.0,0.0,0.0,0.0,0.0,5.0,12.0,1.0,12.17,5.0200000000000005,2.51,1.5,0.0,0.0,0.0,0.4,0.0,0.3,0.7000000000000001,0.4,-169.60000000000002,0.0,0.0,169.8,0.0,21.4,29.6,29.6,30.1,300.0,300.0,31.3,35.300000000000004,29.4,28.6,30.5,4.95,1.99,4.97,0.16,0.0,0.0,1027.0,8228.0,0.0,0.0,0.0,0.0,0.0,1.0,0.0,0.0,0.0,0.0,0.0,1.1,0.0,-0.2,0.0,0.0001,16.0,25903.0
2026-07-30T19:00:31.851Z,201.334,201.348,0.0,7.4,0.0,0.0,0.0,0.0,0.0,0.0,0.0,0.0,1.0,0.0,0.0,0.0,9.0,4.0,0.0,0.0,0.0,0.0,0.0,0.0,0.0,0.0,6.0,12.0,1.0,12.17,5.0200000000000005,2.51,1.49,0.0,0.0,0.0,0.4,0.0,0.2,0.1,0.4,-169.60000000000002,0.0,0.0,169.70000000000002,0.0,21.3,29.6,29.6,30.1,300.0,300.0,31.3,35.300000000000004,29.4,28.6,30.5,4.96,2.0,4.97,0.16,0.0,0.0,1027.0,8228.0,0.0,0.0,0.0,0.0,0.0,1.0,0.0,0.0,0.0,0.0,0.0,0.4,0.0,-0.3,0.0,0.0002,16.0,25903.0
2026-07-30T19:00:31.863Z,201.346,201.36,0.0,7.4,0.0,0.0,0.0,0.0,0.0,0.0,0.0,0.0,1.0,0.0,0.0,0.0,9.0,4.0,0.0,0.0,0.0,0.0,0.0,0.0,0.0,0.0,1.0,12.0,1.0,12.17,5.0200000000000005,2.51,1.49,0.0,0.0,0.0,0.4,0.0,-0.8,-0.4,1.0,-169.70000000000002,0.0,0.0,169.8,0.0,21.3,29.6,29.6,30.1,300.0,300.0,31.3,35.300000000000004,29.4,28.6,30.5,4.96,2.0,4.96,0.15,0.0,0.0,1027.0,8228.0,0.0,0.0,0.0,0.0,0.0,1.0,0.0,0.0,0.0,0.0,0.0,0.3,0.0,-1.0,0.0,0.0001,16.0,25903.0
2026-07-30T19:00:31.875Z,201.358,201.372,0.0,7.4,0.0,0.0,0.0,0.0,0.0,0.0,0.0,0.0,1.0,0.0,0.0,0.0,9.0,4.0,0.0,0.0,0.0,0.0,0.0,0.0,0.0,0.0,2.0,12.0,1.0,12.17,5.0200000000000005,2.51,1.49,0.0,0.0,0.0,0.4,0.0,0.3,-0.4,0.5,-169.70000000000002,0.0,0.0,169.8,0.0,21.3,29.6,29.6,30.1,300.0,300.0,31.3,35.300000000000004,29.4,28.6,30.5,4.95,1.99,4.97,0.15,0.0,0.0,1027.0,8228.0,0.0,0.0,0.0,0.0,0.0,1.0,0.0,0.0,0.0,0.0,0.0,-0.1,0.0,-0.5,0.0,0.0001,16.0,25903.0
2026-07-30T19:00:31.887Z,201.37,201.384,0.0,7.4,0.0,0.0,0.0,0.0,0.0,0.0,0.0,0.0,1.0,0.0,0.0,0.0,9.0,4.0,0.0,0.0,0.0,0.0,0.0,0.0,0.0,0.0,3.0,12.0,1.0,12.17,5.0200000000000005,2.51,1.49,0.0,0.0,0.0,0.4,0.0,-0.2,-1.0,-0.6000000000000001,-169.70000000000002,0.0,0.0,169.8,0.0,21.3,29.6,29.6,30.1,300.0,300.0,31.3,35.300000000000004,29.4,28.6,30.5,4.95,1.99,4.96,0.16,0.0,0.0,1027.0,8228.0,0.0,0.0,0.0,0.0,0.0,1.0,0.0,0.0,0.0,0.0,0.0,-1.6,0.0,0.3,0.0,0.0001,16.0,25903.0
2026-07-30T19:00:31.900Z,201.383,201.396,0.0,7.4,0.0,0.0,0.0,0.0,0.0,0.0,0.0,0.0,1.0,0.0,0.0,0.0,9.0,4.0,0.0,0.0,0.0,0.0,0.0,0.0,0.0,0.0,4.0,12.0,1.0,12.17,5.0200000000000005,2.51,1.49,0.0,0.0,0.0,0.4,0.0,0.3,0.7000000000000001,0.0,-169.70000000000002,0.0,0.0,169.70000000000002,0.0,21.3,29.6,29.6,30.1,300.0,300.0,31.3,35.300000000000004,29.4,28.6,30.5,4.95,2.0,4.96,0.16,0.0,0.0,1027.0,8228.0,0.0,0.0,0.0,0.0,0.0,1.0,0.0,0.0,0.0,0.0,0.0,0.7000000000000001,0.0,0.1,0.0,0.0,16.0,25903.0
2026-07-30T19:00:31.911Z,201.394,201.408,0.0,7.4,0.0,0.0,0.0,0.0,0.0,0.0,0.0,0.0,1.0,0.0,0.0,0.0,9.0,4.0,0.0,0.0,0.0,0.0,0.0,0.0,0.0,0.0,5.0,12.0,1.0,12.17,5.0200000000000005,2.51,1.49,0.0,0.0,0.0,0.4,0.0,0.3,-0.4,1.1,-169.70000000000002,0.0,0.0,169.8,0.0,21.3,29.6,29.6,30.1,300.0,300.0,31.3,35.300000000000004,29.4,28.6,30.5,4.95,2.0,4.96,0.16,0.0,0.0,1027.0,8228.0,0.0,0.0,0.0,0.0,0.0,1.0,0.0,0.0,0.0,0.0,0.0,0.3,0.0,-1.0,0.0,0.0001,16.0,25903.0
2026-07-30T19:00:31.924Z,201.407,201.42,0.0,7.4,0.0,0.0,0.0,0.0,0.0,0.0,0.0,0.0,1.0,0.0,0.0,0.0,9.0,4.0,0.0,0.0,0.0,0.0,0.0,0.0,0.0,0.0,1.0,12.0,1.0,12.17,5.0200000000000005,2.51,1.49,0.0,0.0,0.0,0.4,0.0,-0.2,-0.4,-0.6000000000000001,-169.70000000000002,0.0,0.0,169.70000000000002,0.0,21.3,29.6,29.6,30.1,300.0,300.0,31.3,35.300000000000004,29.4,28.6,30.5,4.95,1.99,4.97,0.16,0.0,0.0,1027.0,8228.0,0.0,0.0,0.0,0.0,0.0,1.0,0.0,0.0,0.0,0.0,0.0,-0.9,0.0,0.4,0.0,0.0002,16.0,25903.0
2026-07-30T19:00:31.936Z,201.419,201.432,0.0,7.4,0.0,0.0,0.0,0.0,0.0,0.0,0.0,0.0,1.0,0.0,0.0,0.0,9.0,4.0,0.0,0.0,0.0,0.0,0.0,0.0,0.0,0.0,1.0,12.0,1.0,12.17,5.0200000000000005,2.51,1.49,0.0,0.0,0.0,0.4,0.0,-0.2,0.7000000000000001,0.0,-169.70000000000002,0.0,0.0,169.70000000000002,0.0,21.3,29.6,29.6,30.1,300.0,300.0,31.3,35.300000000000004,29.4,28.6,30.5,4.95,1.99,4.96,0.16,0.0,0.0,1027.0,8228.0,0.0,0.0,0.0,0.0,0.0,1.0,0.0,0.0,0.0,0.0,0.0,0.8,0.0,0.2,0.0,0.0001,16.0,25903.0
2026-07-30T19:00:31.948Z,201.431,201.444,0.0,7.4,0.0,0.0,0.0,0.0,0.0,0.0,0.0,0.0,1.0,0.0,0.0,0.0,9.0,4.0,0.0,0.0,0.0,0.0,0.0,0.0,0.0,0.0,2.0,12.0,1.0,12.2,5.01,2.51,1.49,0.0,0.0,0.0,0.5,0.0,0.3,0.1,0.5,-169.70000000000002,0.0,0.0,169.70000000000002,0.0,21.4,29.6,29.6,30.1,300.0,300.0,31.3,35.300000000000004,29.4,28.6,30.5,4.96,1.99,4.96,0.16,0.0,0.0,1027.0,8228.0,0.0,0.0,0.0,0.0,0.0,1.0,0.0,0.0,0.0,0.0,0.0,-1.3,0.0,0.9,0.0,0.0,16.0,25903.0
2026-07-30T19:00:31.959Z,201.442,201.456,0.0,7.4,0.0,0.0,0.0,0.0,0.0,0.0,0.0,0.0,1.0,0.0,0.0,0.0,9.0,4.0,0.0,0.0,0.0,0.0,0.0,0.0,0.0,0.0,4.0,12.0,1.0,12.2,5.01,2.51,1.49,0.0,0.0,0.0,0.4,0.0,0.3,0.1,1.7000000000000002,-169.70000000000002,0.0,0.0,169.8,0.0,21.4,29.6,29.6,30.1,300.0,300.0,31.3,35.300000000000004,29.4,28.6,30.5,4.95,1.99,4.96,0.16,0.0,0.0,1027.0,8228.0,0.0,0.0,0.0,0.0,0.0,1.0,0.0,0.0,0.0,0.0,0.0,-0.7000000000000001,0.0,1.0,0.0,0.0001,16.0,25903.0
2026-07-30T19:00:31.971Z,201.454,201.468,0.0,7.4,0.0,0.0,0.0,0.0,0.0,0.0,0.0,0.0,1.0,0.0,0.0,0.0,9.0,4.0,0.0,0.0,0.0,0.0,0.0,0.0,0.0,0.0,5.0,12.0,1.0,12.2,5.01,2.51,1.49,0.0,0.1,0.0,0.4,0.0,0.3,-0.4,1.7000000000000002,-169.70000000000002,0.0,0.0,169.8,0.0,21.4,29.6,29.6,30.1,300.0,300.0,31.3,35.300000000000004,29.4,28.6,30.5,4.95,2.0,4.96,0.16,0.0,0.0,1027.0,8228.0,0.0,0.0,0.0,0.0,0.0,1.0,0.0,0.0,0.0,0.0,0.0,1.6,0.0,-0.9,0.0,0.0,16.0,25903.0
2026-07-30T19:00:31.983Z,201.466,201.48,0.0,7.4,0.0,0.0,0.0,0.0,0.0,0.0,0.0,0.0,1.0,0.0,0.0,0.0,9.0,4.0,0.0,0.0,0.0,0.0,0.0,0.0,0.0,0.0,6.0,12.0,1.0,12.2,5.01,2.51,1.49,0.0,0.0,0.0,0.5,0.0,-0.7000000000000001,0.1,0.6000000000000001,-169.70000000000002,0.0,0.0,169.8,0.0,21.4,29.6,29.6,30.1,300.0,300.0,31.3,35.300000000000004,29.4,28.6,30.5,4.95,2.0,4.97,0.16,0.0,0.0,1027.0,8228.0,0.0,0.0,0.0,0.0,0.0,1.0,0.0,0.0,0.0,0.0,0.0,0.8,0.0,0.1,0.0,0.0001,16.0,25903.0
2026-07-30T19:00:31.995Z,201.478,201.492,0.0,7.4,0.0,0.0,0.0,0.0,0.0,0.0,0.0,0.0,1.0,0.0,0.0,0.0,9.0,4.0,0.0,0.0,0.0,0.0,0.0,0.0,0.0,0.0,1.0,12.0,1.0,12.2,5.01,2.51,1.49,0.0,0.0,0.0,0.4,0.0,-0.1,0.0,-0.5,-169.70000000000002,0.0,0.0,169.8,0.0,21.4,29.6,29.6,30.1,300.0,300.0,31.3,35.300000000000004,29.4,28.6,30.5,4.96,1.99,4.97,0.16,0.0,0.0,1027.0,8228.0,0.0,0.0,0.0,0.0,0.0,1.0,0.0,0.0,0.0,0.0,0.0,-0.3,0.0,0.5,0.0,0.0,16.0,25903.0
2026-07-30T19:00:32.007Z,201.49,201.504,0.0,7.4,0.0,0.0,0.0,0.0,0.0,0.0,0.0,0.0,1.0,0.0,0.0,0.0,9.0,4.0,0.0,0.0,0.0,0.0,0.0,0.0,0.0,0.0,2.0,12.0,1.0,12.2,5.01,2.51,1.49,0.0,0.0,0.0,0.4,0.0,-0.7000000000000001,0.0,0.0,-169.70000000000002,0.0,0.0,169.70000000000002,0.0,21.4,29.6,29.6,30.1,300.0,300.0,31.3,35.300000000000004,29.4,28.6,30.5,4.95,1.99,4.97,0.16,0.0,0.0,1027.0,8228.0,0.0,0.0,0.0,0.0,0.0,1.0,0.0,0.0,0.0,0.0,0.0,0.0,0.0,0.0,0.0,0.0,16.0,25903.0
2026-07-30T19:00:32.019Z,201.502,201.516,0.0,7.4,0.0,0.0,0.0,0.0,0.0,0.0,0.0,0.0,1.0,0.0,0.0,0.0,9.0,4.0,0.0,0.0,0.0,0.0,0.0,0.0,0.0,0.0,4.0,12.0,1.0,12.2,5.01,2.51,1.49,0.0,0.0,0.0,0.4,0.0,0.4,-0.4,0.5,-169.70000000000002,0.0,0.0,169.8,0.0,21.4,29.6,29.6,30.1,300.0,300.0,31.3,35.300000000000004,29.4,28.6,30.5,4.96,1.99,4.96,0.16,0.0,0.0,1027.0,8228.0,0.0,0.0,0.0,0.0,0.0,1.0,0.0,0.0,0.0,0.0,0.0,-0.1,0.0,-0.5,0.0,0.0002,16.0,25903.0
2026-07-30T19:00:32.031Z,201.514,201.528,0.0,7.4,0.0,0.0,0.0,0.0,0.0,0.0,0.0,0.0,1.0,0.0,0.0,0.0,9.0,4.0,0.0,0.0,0.0,0.0,0.0,0.0,0.0,0.0,5.0,12.0,1.0,12.2,5.01,2.51,1.49,0.0,0.1,0.0,0.4,0.0,0.3,1.2000000000000002,0.4,-169.70000000000002,0.0,0.0,169.60000000000002,0.0,21.4,29.6,29.6,30.1,300.0,300.0,31.3,35.300000000000004,29.4,28.6,30.5,4.96,1.99,4.97,0.16,0.0,0.0,1027.0,8228.0,0.0,0.0,0.0,0.0,0.0,1.0,0.0,0.0,0.0,0.0,0.0,1.7000000000000002,0.0,-0.1,0.0,0.0001,16.0,25903.0
2026-07-30T19:00:32.043Z,201.526,201.54,0.0,7.4,0.0,0.0,0.0,0.0,0.0,0.0,0.0,0.0,1.0,0.0,0.0,0.0,9.0,4.0,0.0,0.0,0.0,0.0,0.0,0.0,0.0,0.0,6.0,12.0,1.0,12.2,5.01,2.51,1.49,0.0,0.0,0.0,0.5,0.0,-0.2,0.0,0.0,-169.70000000000002,0.0,0.0,169.8,0.0,21.4,29.6,29.6,30.1,300.0,300.0,31.3,35.300000000000004,29.4,28.6,30.5,4.95,1.99,4.97,0.16,0.0,0.0,1027.0,8228.0,0.0,0.0,0.0,0.0,0.0,1.0,0.0,0.0,0.0,0.0,0.0,0.0,0.0,0.0,0.0,0.0002,16.0,25903.0
2026-07-30T19:00:32.055Z,201.538,201.552,0.0,7.4,0.0,0.0,0.0,0.0,0.0,0.0,0.0,0.0,1.0,0.0,0.0,0.0,9.0,4.0,0.0,0.0,0.0,0.0,0.0,0.0,0.0,0.0,1.0,12.0,1.0,12.18,5.0200000000000005,2.5,1.49,0.0,0.0,0.0,0.4,0.0,0.3,1.7000000000000002,2.8000000000000003,-169.70000000000002,0.0,0.0,169.70000000000002,0.0,21.700000000000003,29.6,29.6,30.1,300.0,300.0,31.4,35.300000000000004,29.4,28.6,30.5,4.96,1.99,4.97,0.16,0.0,0.0,1027.0,8228.0,0.0,0.0,0.0,0.0,0.0,1.0,0.0,0.0,0.0,0.0,0.0,4.1000000000000005,0.0,-2.1,0.0,0.0002,16.0,25903.0
2026-07-30T19:00:32.067Z,201.55,201.564,0.0,7.4,0.0,0.0,0.0,0.0,0.0,0.0,0.0,0.0,1.0,0.0,0.0,0.0,9.0,4.0,0.0,0.0,0.0,0.0,0.0,0.0,0.0,0.0,2.0,12.0,1.0,12.18,5.0200000000000005,2.5,1.49,0.0,0.0,0.0,0.5,0.0,-0.2,0.0,-1.2000000000000002,-169.70000000000002,0.0,0.0,169.70000000000002,0.0,21.700000000000003,29.6,29.6,30.1,300.0,300.0,31.4,35.300000000000004,29.4,28.6,30.5,4.95,1.99,4.97,0.16,0.0,0.0,1027.0,8228.0,0.0,0.0,0.0,0.0,0.0,1.0,0.0,0.0,0.0,0.0,0.0,-0.8,0.0,1.0,0.0,0.0,16.0,25903.0
2026-07-30T19:00:32.085Z,201.568,201.576,0.0,7.4,0.0,0.0,0.0,0.0,0.0,0.0,0.0,0.0,1.0,0.0,0.0,0.0,9.0,4.0,0.0,0.0,0.0,0.0,0.0,0.0,0.0,0.0,1.0,12.0,1.0,12.18,5.0200000000000005,2.5,1.49,0.0,0.1,0.0,0.4,0.0,-0.2,-0.5,0.0,-169.70000000000002,0.0,0.0,169.8,0.0,21.700000000000003,29.6,29.6,30.1,300.0,300.0,31.4,35.300000000000004,29.4,28.6,30.5,4.95,1.99,4.97,0.16,0.0,0.0,1027.0,8228.0,0.0,0.0,0.0,0.0,0.0,1.0,0.0,0.0,0.0,0.0,0.0,-0.5,0.0,-0.1,0.0,0.0001,16.0,25903.0
2026-07-30T19:00:32.092Z,201.575,201.588,0.0,7.4,0.0,0.0,0.0,0.0,0.0,0.0,0.0,0.0,1.0,0.0,0.0,0.0,9.0,4.0,0.0,0.0,0.0,0.0,0.0,0.0,0.0,0.0,6.0,12.0,1.0,12.18,5.0200000000000005,2.5,1.49,0.0,0.0,0.0,0.5,0.0,0.3,1.8,1.1,-169.70000000000002,0.0,0.0,169.70000000000002,0.0,21.700000000000003,29.6,29.6,30.1,300.0,300.0,31.4,35.300000000000004,29.4,28.6,30.5,4.95,1.99,4.97,0.16,0.0,0.0,1027.0,8228.0,0.0,0.0,0.0,0.0,0.0,1.0,0.0,0.0,0.0,0.0,0.0,2.9000000000000004,0.0,-0.6000000000000001,0.0,0.0002,16.0,25903.0
2026-07-30T19:00:32.103Z,201.586,201.6,0.0,7.4,0.0,0.0,0.0,0.0,0.0,0.0,0.0,0.0,1.0,0.0,0.0,0.0,9.0,4.0,0.0,0.0,0.0,0.0,0.0,0.0,0.0,0.0,1.0,12.0,1.0,12.18,5.0200000000000005,2.5,1.49,0.0,0.0,0.0,0.4,0.0,-0.7000000000000001,-0.4,-0.5,-169.70000000000002,0.0,0.0,169.60000000000002,0.0,21.700000000000003,29.6,29.6,30.1,300.0,300.0,31.4,35.300000000000004,29.4,28.6,30.5,4.96,1.99,4.96,0.16,0.0,0.0,1027.0,8228.0,0.0,0.0,0.0,0.0,0.0,1.0,0.0,0.0,0.0,0.0,0.0,-0.9,0.0,0.3,0.0,0.0002,16.0,25903.0
2026-07-30T19:00:32.115Z,201.598,201.612,0.0,7.4,0.0,0.0,0.0,0.0,0.0,0.0,0.0,0.0,1.0,0.0,0.0,0.0,9.0,4.0,0.0,0.0,0.0,0.0,0.0,0.0,0.0,0.0,2.0,12.0,1.0,12.18,5.0200000000000005,2.5,1.49,0.0,0.1,0.0,0.4,0.0,-0.7000000000000001,-0.4,0.0,-169.70000000000002,0.0,0.0,169.70000000000002,0.0,21.700000000000003,29.6,29.6,30.1,300.0,300.0,31.4,35.300000000000004,29.4,28.6,30.5,4.95,1.99,4.96,0.16,0.0,0.0,1027.0,8228.0,0.0,0.0,0.0,0.0,0.0,1.0,0.0,0.0,0.0,0.0,0.0,-0.5,0.0,-0.1,0.0,0.0001,16.0,25903.0
2026-07-30T19:00:32.127Z,201.61,201.624,0.0,7.4,0.0,0.0,0.0,0.0,0.0,0.0,0.0,0.0,1.0,0.0,0.0,0.0,9.0,4.0,0.0,0.0,0.0,0.0,0.0,0.0,0.0,0.0,3.0,12.0,1.0,12.18,5.0200000000000005,2.5,1.49,0.0,0.1,0.0,0.4,0.0,-0.1,0.7000000000000001,-1.0,-169.70000000000002,0.0,0.0,169.70000000000002,0.0,21.700000000000003,29.6,29.6,30.1,300.0,300.0,31.4,35.300000000000004,29.4,28.6,30.5,4.95,1.99,4.96,0.16,0.0,0.0,1027.0,8228.0,0.0,0.0,0.0,0.0,0.0,1.0,0.0,0.0,0.0,0.0,0.0,0.0,0.0,1.1,0.0,0.0,16.0,25903.0
2026-07-30T19:00:32.139Z,201.622,201.636,0.0,7.4,0.0,0.0,0.0,0.0,0.0,0.0,0.0,0.0,1.0,0.0,0.0,0.0,9.0,4.0,0.0,0.0,0.0,0.0,0.0,0.0,0.0,0.0,3.0,12.0,1.0,12.18,5.0200000000000005,2.5,1.49,0.0,0.0,0.0,0.5,0.0,0.3,0.6000000000000001,-0.5,-169.70000000000002,0.0,0.0,169.70000000000002,0.0,21.700000000000003,29.6,29.6,30.1,300.0,300.0,31.4,35.300000000000004,29.4,28.6,30.5,4.95,2.0,4.96,0.16,0.0,0.0,1027.0,8228.0,0.0,0.0,0.0,0.0,0.0,1.0,0.0,0.0,0.0,0.0,0.0,0.3,0.0,0.6000000000000001,0.0,0.0,16.0,25903.0
2026-07-30T19:00:32.153Z,201.636,201.648,0.0,7.4,0.0,0.0,0.0,0.0,0.0,0.0,0.0,0.0,1.0,0.0,0.0,0.0,9.0,4.0,0.0,0.0,0.0,0.0,0.0,0.0,0.0,0.0,4.0,12.0,1.0,12.15,5.0200000000000005,2.51,1.49,0.0,0.0,0.0,0.4,0.0,0.3,0.6000000000000001,2.3000000000000003,-169.70000000000002,0.0,0.0,169.70000000000002,0.0,21.8,29.6,29.6,30.1,300.0,300.0,31.5,35.2,29.4,28.6,30.5,4.95,2.0,4.96,0.16,0.0,0.0,1027.0,8228.0,0.0,0.0,0.0,0.0,0.0,1.0,0.0,0.0,0.0,0.0,0.0,2.5,0.0,-1.9,0.0,0.0,16.0,25903.0
2026-07-30T19:00:32.163Z,201.646,201.66,0.0,7.4,0.0,0.0,0.0,0.0,0.0,0.0,0.0,0.0,1.0,0.0,0.0,0.0,9.0,4.0,0.0,0.0,0.0,0.0,0.0,0.0,0.0,0.0,6.0,12.0,1.0,12.15,5.0200000000000005,2.51,1.49,0.0,0.0,0.0,0.4,0.0,0.3,-1.0,0.0,-169.70000000000002,0.0,0.0,169.70000000000002,0.0,21.8,29.6,29.6,30.1,300.0,300.0,31.5,35.2,29.4,28.6,30.5,4.95,1.99,4.97,0.16,0.0,0.0,1027.0,8228.0,0.0,0.0,0.0,0.0,0.0,1.0,0.0,0.0,0.0,0.0,0.0,-1.1,0.0,-0.3,0.0,0.0,16.0,25903.0
2026-07-30T19:00:32.175Z,201.658,201.672,0.0,7.4,0.0,0.0,0.0,0.0,0.0,0.0,0.0,0.0,1.0,0.0,0.0,0.0,9.0,4.0,0.0,0.0,0.0,0.0,0.0,0.0,0.0,0.0,1.0,12.0,1.0,12.15,5.0200000000000005,2.51,1.49,0.0,0.0,0.0,0.4,0.0,0.3,0.7000000000000001,1.2000000000000002,-169.70000000000002,0.0,0.0,169.70000000000002,0.0,21.8,29.6,29.6,30.1,300.0,300.0,31.5,35.2,29.4,28.6,30.5,4.95,1.99,4.96,0.16,0.0,0.0,1027.0,8228.0,0.0,0.0,0.0,0.0,0.0,1.0,0.0,0.0,0.0,0.0,0.0,1.7000000000000002,0.0,-0.9,0.0,0.0001,16.0,25903.0
2026-07-30T19:00:32.188Z,201.671,201.684,0.0,7.4,0.0,0.0,0.0,0.0,0.0,0.0,0.0,0.0,1.0,0.0,0.0,0.0,9.0,4.0,0.0,0.0,0.0,0.0,0.0,0.0,0.0,0.0,2.0,12.0,1.0,12.15,5.0200000000000005,2.51,1.49,0.0,0.1,0.0,0.4,0.0,-0.1,-0.4,-1.1,-169.70000000000002,0.0,0.0,169.70000000000002,0.0,21.8,29.6,29.6,30.1,300.0,300.0,31.5,35.2,29.4,28.6,30.5,4.96,1.99,4.96,0.16,0.0,0.0,1027.0,8228.0,0.0,0.0,0.0,0.0,0.0,1.0,0.0,0.0,0.0,0.0,0.0,-1.3,0.0,0.8,0.0,0.0,16.0,25903.0
2026-07-30T19:00:32.199Z,201.682,201.696,0.0,7.4,0.0,0.0,0.0,0.0,0.0,0.0,0.0,0.0,1.0,0.0,0.0,0.0,9.0,4.0,0.0,0.0,0.0,0.0,0.0,0.0,0.0,0.0,3.0,12.0,1.0,12.15,5.0200000000000005,2.51,1.49,0.0,0.0,0.0,0.5,0.0,-0.2,-1.0,0.0,-169.70000000000002,0.0,0.0,169.70000000000002,0.0,21.8,29.6,29.6,30.1,300.0,300.0,31.5,35.2,29.4,28.6,30.5,4.95,1.99,4.96,0.16,0.0,0.0,1027.0,8228.0,0.0,0.0,0.0,0.0,0.0,1.0,0.0,0.0,0.0,0.0,0.0,-1.1,0.0,-0.2,0.0,0.0,16.0,25903.0
2026-07-30T19:00:32.211Z,201.694,201.708,0.0,7.4,0.0,0.0,0.0,0.0,0.0,0.0,0.0,0.0,1.0,0.0,0.0,0.0,9.0,4.0,0.0,0.0,0.0,0.0,0.0,0.0,0.0,0.0,5.0,12.0,1.0,12.15,5.0200000000000005,2.51,1.49,0.0,0.0,0.0,0.4,0.0,-0.7000000000000001,-0.4,1.2000000000000002,-169.70000000000002,0.0,0.0,169.70000000000002,0.0,21.8,29.6,29.6,30.1,300.0,300.0,31.5,35.2,29.4,28.6,30.5,4.96,2.0,4.96,0.16,0.0,0.0,1027.0,8228.0,0.0,0.0,0.0,0.0,0.0,1.0,0.0,0.0,0.0,0.0,0.0,0.3,0.0,-1.1,0.0,0.0,16.0,25903.0
2026-07-30T19:00:32.223Z,201.706,201.72,0.0,7.4,0.0,0.0,0.0,0.0,0.0,0.0,0.0,0.0,1.0,0.0,0.0,0.0,9.0,4.0,0.0,0.0,0.0,0.0,0.0,0.0,0.0,0.0,6.0,12.0,1.0,12.15,5.0200000000000005,2.51,1.49,0.0,0.0,0.0,0.5,0.0,-0.1,0.0,-0.6000000000000001,-169.70000000000002,0.0,0.0,169.8,0.0,21.8,29.6,29.6,30.1,300.0,300.0,31.5,35.2,29.4,28.6,30.5,4.96,2.0,4.97,0.16,0.0,0.0,1027.0,8228.0,0.0,0.0,0.0,0.0,0.0,1.0,0.0,0.0,0.0,0.0,0.0,-0.3,0.0,0.5,0.0,0.0001,16.0,25903.0
2026-07-30T19:00:32.235Z,201.718,201.732,0.0,7.4,0.0,0.0,0.0,0.0,0.0,0.0,0.0,0.0,1.0,0.0,0.0,0.0,9.0,4.0,0.0,0.0,0.0,0.0,0.0,0.0,0.0,0.0,1.0,12.0,1.0,12.15,5.0200000000000005,2.51,1.49,0.0,0.0,0.0,0.5,0.0,0.4,0.6000000000000001,1.7000000000000002,-169.70000000000002,0.0,0.0,169.70000000000002,0.0,21.8,29.6,29.6,30.1,300.0,300.0,31.5,35.2,29.4,28.6,30.5,4.95,1.99,4.97,0.16,0.0,0.0,1027.0,8228.0,0.0,0.0,0.0,0.0,0.0,1.0,0.0,0.0,0.0,0.0,0.0,2.0,0.0,-1.4,0.0,0.0002,16.0,25903.0
2026-07-30T19:00:32.247Z,201.73,201.744,0.0,7.4,0.0,0.0,0.0,0.0,0.0,0.0,0.0,0.0,1.0,0.0,0.0,0.0,9.0,4.0,0.0,0.0,0.0,0.0,0.0,0.0,0.0,0.0,2.0,12.0,1.0,12.15,5.0200000000000005,2.51,1.49,0.0,0.0,0.0,0.5,0.0,-0.1,-0.4,0.0,-169.70000000000002,0.0,0.0,169.8,0.0,21.8,29.6,29.6,30.1,300.0,300.0,31.5,35.2,29.4,28.6,30.5,4.95,1.99,4.97,0.16,0.0,0.0,1027.0,8228.0,0.0,0.0,0.0,0.0,0.0,1.0,0.0,0.0,0.0,0.0,0.0,-0.5,0.0,-0.1,0.0,0.0001,16.0,25903.0
2026-07-30T19:00:32.259Z,201.742,201.756,0.0,7.4,0.0,0.0,0.0,0.0,0.0,0.0,0.0,0.0,1.0,0.0,0.0,0.0,9.0,4.0,0.0,0.0,0.0,0.0,0.0,0.0,0.0,0.0,3.0,12.0,1.0,12.18,5.0200000000000005,2.51,1.49,0.0,0.0,0.0,0.4,0.0,-0.1,-0.4,-1.1,-169.70000000000002,0.0,0.0,169.8,0.0,21.700000000000003,29.6,29.5,30.1,300.0,300.0,31.4,35.300000000000004,29.4,28.6,30.5,4.96,1.99,4.96,0.16,0.0,0.0,1027.0,8228.0,0.0,0.0,0.0,0.0,0.0,1.0,0.0,0.0,0.0,0.0,0.0,-1.4,0.0,0.9,0.0,0.0,16.0,25903.0
2026-07-30T19:00:32.271Z,201.754,201.768,0.0,7.4,0.0,0.0,0.0,0.0,0.0,0.0,0.0,0.0,1.0,0.0,0.0,0.0,9.0,4.0,0.0,0.0,0.0,0.0,0.0,0.0,0.0,0.0,4.0,12.0,1.0,12.18,5.0200000000000005,2.51,1.49,0.0,0.0,0.0,0.4,0.0,0.4,1.2000000000000002,0.0,-169.70000000000002,0.0,0.0,169.70000000000002,0.0,21.700000000000003,29.6,29.5,30.1,300.0,300.0,31.4,35.300000000000004,29.4,28.6,30.5,4.96,1.99,4.97,0.16,0.0,0.0,1027.0,8228.0,0.0,0.0,0.0,0.0,0.0,1.0,0.0,0.0,0.0,0.0,0.0,1.4,0.0,0.2,0.0,0.0,16.0,25903.0
2026-07-30T19:00:32.283Z,201.766,201.78,0.0,7.4,0.0,0.0,0.0,0.0,0.0,0.0,0.0,0.0,1.0,0.0,0.0,0.0,9.0,4.0,0.0,0.0,0.0,0.0,0.0,0.0,0.0,0.0,5.0,12.0,1.0,12.18,5.0200000000000005,2.51,1.49,0.0,0.0,0.0,0.5,0.0,-0.1,-0.5,1.1,-169.70000000000002,0.0,0.0,169.70000000000002,0.0,21.700000000000003,29.6,29.5,30.1,300.0,300.0,31.4,35.300000000000004,29.4,28.6,30.5,4.95,1.99,4.97,0.16,0.0,0.0,1027.0,8228.0,0.0,0.0,0.0,0.0,0.0,1.0,0.0,0.0,0.0,0.0,0.0,0.2,0.0,-1.0,0.0,0.0002,16.0,25903.0
2026-07-30T19:00:32.295Z,201.778,201.792,0.0,7.4,0.0,0.0,0.0,0.0,0.0,0.0,0.0,0.0,1.0,0.0,0.0,0.0,9.0,4.0,0.0,0.0,0.0,0.0,0.0,0.0,0.0,0.0,6.0,12.0,1.0,12.18,5.0200000000000005,2.51,1.49,0.0,0.1,0.0,0.4,0.0,-0.1,0.6000000000000001,1.1,-169.70000000000002,0.0,0.0,169.70000000000002,0.0,21.700000000000003,29.6,29.5,30.1,300.0,300.0,31.4,35.300000000000004,29.4,28.6,30.5,4.96,1.99,4.96,0.16,0.0,0.0,1027.0,8228.0,0.0,0.0,0.0,0.0,0.0,1.0,0.0,0.0,0.0,0.0,0.0,1.5,0.0,-0.8,0.0,0.0001,16.0,25903.0
2026-07-30T19:00:32.307Z,201.79,201.804,0.0,7.4,0.0,0.0,0.0,0.0,0.0,0.0,0.0,0.0,1.0,0.0,0.0,0.0,9.0,4.0,0.0,0.0,0.0,0.0,0.0,0.0,0.0,0.0,2.0,12.0,1.0,12.18,5.0200000000000005,2.51,1.49,0.0,0.0,0.0,0.4,0.0,-0.1,-0.5,-0.6000000000000001,-169.70000000000002,0.0,0.0,169.70000000000002,0.0,21.700000000000003,29.6,29.5,30.1,300.0,300.0,31.4,35.300000000000004,29.4,28.6,30.5,4.95,2.0,4.96,0.16,0.0,0.0,1027.0,8228.0,0.0,0.0,0.0,0.0,0.0,1.0,0.0,0.0,0.0,0.0,0.0,-1.1,0.0,0.5,0.0,0.0,16.0,25903.0
2026-07-30T19:00:32.319Z,201.802,201.816,0.0,7.4,0.0,0.0,0.0,0.0,0.0,0.0,0.0,0.0,1.0,0.0,0.0,0.0,9.0,4.0,0.0,0.0,0.0,0.0,0.0,0.0,0.0,0.0,3.0,12.0,1.0,12.18,5.0200000000000005,2.51,1.49,0.0,0.1,0.0,0.4,0.0,-0.1,0.6000000000000001,-0.6000000000000001,-169.70000000000002,0.0,0.0,169.70000000000002,0.0,21.700000000000003,29.6,29.5,30.1,300.0,300.0,31.4,35.300000000000004,29.4,28.6,30.5,4.95,1.99,4.97,0.16,0.0,0.0,1027.0,8228.0,0.0,0.0,0.0,0.0,0.0,1.0,0.0,0.0,0.0,0.0,0.0,0.2,0.0,0.7000000000000001,0.0,0.0001,16.0,25903.0
2026-07-30T19:00:32.331Z,201.814,201.828,0.0,7.4,0.0,0.0,0.0,0.0,0.0,0.0,0.0,0.0,1.0,0.0,0.0,0.0,9.0,4.0,0.0,0.0,0.0,0.0,0.0,0.0,0.0,0.0,4.0,12.0,1.0,12.18,5.0200000000000005,2.51,1.49,0.0,0.0,0.0,0.4,0.0,0.4,0.1,1.6,-169.70000000000002,0.0,0.0,169.70000000000002,0.0,21.700000000000003,29.6,29.5,30.1,300.0,300.0,31.4,35.300000000000004,29.4,28.6,30.5,4.96,1.99,4.97,0.16,0.0,0.0,1027.0,8228.0,0.0,0.0,0.0,0.0,0.0,1.0,0.0,0.0,0.0,0.0,0.0,1.3,0.0,-1.4,0.0,0.0,16.0,25903.0
2026-07-30T19:00:32.343Z,201.826,201.84,0.0,7.4,0.0,0.0,0.0,0.0,0.0,0.0,0.0,0.0,1.0,0.0,0.0,0.0,9.0,4.0,0.0,0.0,0.0,0.0,0.0,0.0,0.0,0.0,5.0,12.0,1.0,12.18,5.0200000000000005,2.51,1.49,0.0,0.0,0.0,0.4,0.0,0.4,-0.5,1.0,-169.70000000000002,0.0,0.0,169.70000000000002,0.0,21.700000000000003,29.6,29.5,30.1,300.0,300.0,31.4,35.300000000000004,29.4,28.6,30.5,4.96,1.99,4.96,0.16,0.0,0.0,1027.0,8228.0,0.0,0.0,0.0,0.0,0.0,1.0,0.0,0.0,0.0,0.0,0.0,0.2,0.0,-1.0,0.0,0.0,16.0,25903.0
2026-07-30T19:00:32.356Z,201.839,201.852,0.0,7.4,0.0,0.0,0.0,0.0,0.0,0.0,0.0,0.0,1.0,0.0,0.0,0.0,9.0,4.0,0.0,0.0,0.0,0.0,0.0,0.0,0.0,0.0,5.0,12.0,1.0,12.2,5.01,2.5,1.49,0.0,0.0,0.0,0.4,0.0,1.0,-1.0,-1.2000000000000002,-169.70000000000002,0.0,0.0,169.70000000000002,0.0,21.700000000000003,29.6,29.5,30.1,300.0,300.0,31.5,35.300000000000004,29.4,28.6,30.5,4.95,1.99,4.97,0.16,0.0,0.0,1027.0,8228.0,0.0,0.0,0.0,0.0,0.0,1.0,0.0,0.0,0.0,0.0,0.0,-2.2,0.0,0.9,0.0,0.0001,16.0,25903.0
2026-07-30T19:00:32.367Z,201.85,201.864,0.0,7.4,0.0,0.0,0.0,0.0,0.0,0.0,0.0,0.0,1.0,0.0,0.0,0.0,9.0,4.0,0.0,0.0,0.0,0.0,0.0,0.0,0.0,0.0,6.0,12.0,1.0,12.2,5.01,2.5,1.49,0.0,0.1,0.0,0.4,0.0,0.4,0.1,0.0,-169.70000000000002,0.0,0.0,169.60000000000002,0.0,21.700000000000003,29.6,29.5,30.1,300.0,300.0,31.5,35.300000000000004,29.4,28.6,30.5,4.95,1.99,4.96,0.16,0.0,0.0,1027.0,8228.0,0.0,0.0,0.0,0.0,0.0,1.0,0.0,0.0,0.0,0.0,0.0,0.1,0.0,0.0,0.0,0.0001,16.0,25903.0
2026-07-30T19:00:32.379Z,201.862,201.876,0.0,7.4,0.0,0.0,0.0,0.0,0.0,0.0,0.0,0.0,1.0,0.0,0.0,0.0,9.0,4.0,0.0,0.0,0.0,0.0,0.0,0.0,0.0,0.0,2.0,12.0,1.0,12.2,5.01,2.5,1.49,0.0,0.0,0.0,0.4,0.0,-0.7000000000000001,-0.4,-0.6000000000000001,-169.70000000000002,0.0,0.0,169.70000000000002,0.0,21.700000000000003,29.6,29.5,30.1,300.0,300.0,31.5,35.300000000000004,29.4,28.6,30.5,4.96,2.0,4.96,0.16,0.0,0.0,1027.0,8228.0,0.0,0.0,0.0,0.0,0.0,1.0,0.0,0.0,0.0,0.0,0.0,-0.9,0.0,0.4,0.0,0.0,16.0,25903.0
2026-07-30T19:00:32.396Z,201.879,201.888,0.0,7.4,0.0,0.0,0.0,0.0,0.0,0.0,0.0,0.0,1.0,0.0,0.0,0.0,9.0,4.0,0.0,0.0,0.0,0.0,0.0,0.0,0.0,0.0,2.0,12.0,1.0,12.2,5.01,2.5,1.49,0.0,0.1,0.0,0.4,0.0,-0.1,1.2000000000000002,1.0,-169.60000000000002,0.0,0.0,169.70000000000002,0.0,21.700000000000003,29.6,29.5,30.1,300.0,300.0,31.5,35.300000000000004,29.4,28.6,30.5,4.95,2.0,4.96,0.16,0.0,0.0,1027.0,8228.0,0.0,0.0,0.0,0.0,0.0,1.0,0.0,0.0,0.0,0.0,0.0,2.2,0.0,-0.6000000000000001,0.0,0.0001,16.0,25903.0
2026-07-30T19:00:32.403Z,201.886,201.9,0.0,7.4,0.0,0.0,0.0,0.0,0.0,0.0,0.0,0.0,1.0,0.0,0.0,0.0,9.0,4.0,0.0,0.0,0.0,0.0,0.0,0.0,0.0,0.0,1.0,12.0,1.0,12.2,5.01,2.5,1.49,0.0,0.0,0.0,0.4,0.0,-0.7000000000000001,-1.0,-0.6000000000000001,-169.60000000000002,0.0,0.0,169.70000000000002,0.0,21.700000000000003,29.6,29.5,30.1,300.0,300.0,31.5,35.300000000000004,29.4,28.6,30.5,4.95,1.99,4.97,0.16,0.0,0.0,1027.0,8228.0,0.0,0.0,0.0,0.0,0.0,1.0,0.0,0.0,0.0,0.0,0.0,-1.6,0.0,0.3,0.0,0.0,16.0,25903.0
2026-07-30T19:00:32.415Z,201.898,201.912,0.0,7.4,0.0,0.0,0.0,0.0,0.0,0.0,0.0,0.0,1.0,0.0,0.0,0.0,9.0,4.0,0.0,0.0,0.0,0.0,0.0,0.0,0.0,0.0,2.0,12.0,1.0,12.2,5.01,2.5,1.49,0.0,0.0,0.0,0.4,0.0,-0.1,0.1,0.4,-169.60000000000002,0.0,0.0,169.70000000000002,0.0,21.700000000000003,29.6,29.5,30.1,300.0,300.0,31.5,35.300000000000004,29.4,28.6,30.5,4.95,1.99,4.96,0.16,0.0,0.0,1027.0,8228.0,0.0,0.0,0.0,0.0,0.0,1.0,0.0,0.0,0.0,0.0,0.0,0.5,0.0,-0.3,0.0,0.0,16.0,25903.0
2026-07-30T19:00:32.427Z,201.91,201.924,0.0,7.4,0.0,0.0,0.0,0.0,0.0,0.0,0.0,0.0,1.0,0.0,0.0,0.0,9.0,4.0,0.0,0.0,0.0,0.0,0.0,0.0,0.0,0.0,4.0,12.0,1.0,12.2,5.01,2.5,1.49,0.0,0.0,0.0,0.4,0.0,-0.1,0.1,0.0,-169.60000000000002,0.0,0.0,169.60000000000002,0.0,21.700000000000003,29.6,29.5,30.1,300.0,300.0,31.5,35.300000000000004,29.4,28.6,30.5,4.96,1.99,4.96,0.16,0.0,0.0,1027.0,8228.0,0.0,0.0,0.0,0.0,0.0,1.0,0.0,0.0,0.0,0.0,0.0,0.1,0.0,0.1,0.0,0.0,16.0,25903.0
2026-07-30T19:00:32.439Z,201.922,201.936,0.0,7.4,0.0,0.0,0.0,0.0,0.0,0.0,0.0,0.0,1.0,0.0,0.0,0.0,9.0,4.0,0.0,0.0,0.0,0.0,0.0,0.0,0.0,0.0,5.0,12.0,1.0,12.2,5.01,2.5,1.49,0.0,0.0,0.0,0.4,0.0,-0.1,-1.0,-1.2000000000000002,-169.60000000000002,0.0,0.0,169.60000000000002,0.0,21.700000000000003,29.6,29.5,30.1,300.0,300.0,31.5,35.300000000000004,29.4,28.6,30.5,4.95,1.99,4.97,0.16,0.0,0.0,1027.0,8228.0,0.0,0.0,0.0,0.0,0.0,1.0,0.0,0.0,0.0,0.0,0.0,-2.1,0.0,0.8,0.0,0.0,16.0,25903.0
2026-07-30T19:00:32.451Z,201.934,201.948,0.0,7.4,0.0,0.0,0.0,0.0,0.0,0.0,0.0,0.0,1.0,0.0,0.0,0.0,9.0,4.0,0.0,0.0,0.0,0.0,0.0,0.0,0.0,0.0,6.0,12.0,1.0,12.2,5.01,2.5,1.49,-0.1,0.1,0.0,0.4,0.0,-0.7000000000000001,0.0,0.4,-169.60000000000002,0.0,0.0,169.8,0.0,21.700000000000003,29.6,29.5,30.1,300.0,300.0,31.5,35.300000000000004,29.4,28.6,30.5,4.96,1.99,4.97,0.16,0.0,0.0,1027.0,8228.0,0.0,0.0,0.0,0.0,0.0,1.0,0.0,0.0,0.0,0.0,0.0,0.4,0.0,-0.3,0.0,0.0,16.0,25903.0
2026-07-30T19:00:32.463Z,201.946,201.96,0.0,7.4,0.0,0.0,0.0,0.0,0.0,0.0,0.0,0.0,1.0,0.0,0.0,0.0,9.0,4.0,0.0,0.0,0.0,0.0,0.0,0.0,0.0,0.0,1.0,12.0,1.0,12.15,5.01,2.51,1.49,0.0,0.0,0.0,0.4,0.0,1.0,1.2000000000000002,-0.1,-169.60000000000002,0.0,0.0,169.8,0.0,21.3,29.6,29.5,30.1,300.0,300.0,31.5,35.300000000000004,29.4,28.6,30.5,4.96,1.99,4.96,0.16,0.0,0.0,1027.0,8228.0,0.0,0.0,0.0,0.0,0.0,1.0,0.0,0.0,0.0,0.0,0.0,1.3,0.0,0.2,0.0,0.0003,16.0,25903.0
2026-07-30T19:00:32.475Z,201.958,201.972,0.0,7.4,0.0,0.0,0.0,0.0,0.0,0.0,0.0,0.0,1.0,0.0,0.0,0.0,9.0,4.0,0.0,0.0,0.0,0.0,0.0,0.0,0.0,0.0,3.0,12.0,1.0,12.15,5.01,2.51,1.49,0.0,0.0,0.0,0.4,0.0,-0.1,0.6000000000000001,0.9,-169.60000000000002,0.0,0.0,169.70000000000002,0.0,21.3,29.6,29.5,30.1,300.0,300.0,31.5,35.300000000000004,29.4,28.6,30.5,4.95,1.99,4.96,0.16,0.0,0.0,1027.0,8228.0,0.0,0.0,0.0,0.0,0.0,1.0,0.0,0.0,0.0,0.0,0.0,0.4,0.0,-0.3,0.0,0.0,16.0,25903.0
2026-07-30T19:00:32.487Z,201.97,201.984,0.0,7.4,0.0,0.0,0.0,0.0,0.0,0.0,0.0,0.0,1.0,0.0,0.0,0.0,9.0,4.0,0.0,0.0,0.0,0.0,0.0,0.0,0.0,0.0,4.0,12.0,1.0,12.15,5.01,2.51,1.49,0.0,0.1,0.0,0.4,0.0,0.3,-0.5,1.5,-169.60000000000002,0.0,0.0,169.60000000000002,0.0,21.3,29.6,29.5,30.1,300.0,300.0,31.5,35.300000000000004,29.4,28.6,30.5,4.95,1.99,4.97,0.16,0.0,0.0,1027.0,8228.0,0.0,0.0,0.0,0.0,0.0,1.0,0.0,0.0,0.0,0.0,0.0,0.7000000000000001,0.0,-0.8,0.0,0.0,16.0,25903.0
2026-07-30T19:00:32.499Z,201.982,201.996,0.0,7.4,0.0,0.0,0.0,0.0,0.0,0.0,0.0,0.0,1.0,0.0,0.0,0.0,9.0,4.0,0.0,0.0,0.0,0.0,0.0,0.0,0.0,0.0,5.0,12.0,1.0,12.15,5.01,2.51,1.49,0.0,0.0,0.0,0.4,0.0,1.0,0.0,0.3,-169.60000000000002,0.0,0.0,169.60000000000002,0.0,21.3,29.6,29.5,30.1,300.0,300.0,31.5,35.300000000000004,29.4,28.6,30.5,4.96,1.99,4.96,0.16,0.0,0.0,1027.0,8228.0,0.0,0.0,0.0,0.0,0.0,1.0,0.0,0.0,0.0,0.0,0.0,-1.1,0.0,0.5,0.0,0.0001,16.0,25903.0
2026-07-30T19:00:32.512Z,201.995,202.008,0.0,7.4,0.0,0.0,0.0,0.0,0.0,0.0,0.0,0.0,1.0,0.0,0.0,0.0,9.0,4.0,0.0,0.0,0.0,0.0,0.0,0.0,0.0,0.0,1.0,12.0,1.0,12.15,5.01,2.51,1.49,0.0,0.0,0.0,0.4,0.0,-0.1,-0.5,0.3,-169.60000000000002,0.0,0.0,169.60000000000002,0.0,21.3,29.6,29.5,30.1,300.0,300.0,31.5,35.300000000000004,29.4,28.6,30.5,4.96,1.99,4.97,0.16,0.0,0.0,1027.0,8228.0,0.0,0.0,0.0,0.0,0.0,1.0,0.0,0.0,0.0,0.0,0.0,-0.3,0.0,-0.4,0.0,0.0,16.0,25903.0
2026-07-30T19:00:32.523Z,202.006,202.02,0.0,7.4,0.0,0.0,0.0,0.0,0.0,0.0,0.0,0.0,1.0,0.0,0.0,0.0,9.0,4.0,0.0,0.0,0.0,0.0,0.0,0.0,0.0,0.0,1.0,12.0,1.0,12.15,5.01,2.51,1.49,0.0,0.0,0.0,0.4,0.0,0.4,0.6000000000000001,0.3,-169.60000000000002,0.0,0.0,169.60000000000002,0.0,21.3,29.6,29.5,30.1,300.0,300.0,31.5,35.300000000000004,29.4,28.6,30.5,4.95,1.99,4.97,0.16,0.0,0.0,1027.0,8228.0,0.0,0.0,0.0,0.0,0.0,1.0,0.0,0.0,0.0,0.0,0.0,1.0,0.0,-0.2,0.0,0.0,16.0,25903.0
2026-07-30T19:00:32.535Z,202.018,202.032,0.0,7.4,0.0,0.0,0.0,0.0,0.0,0.0,0.0,0.0,1.0,0.0,0.0,0.0,9.0,4.0,0.0,0.0,0.0,0.0,0.0,0.0,0.0,0.0,2.0,12.0,1.0,12.15,5.01,2.51,1.49,0.0,0.0,0.0,0.4,0.0,0.9,0.0,-0.1,-169.60000000000002,0.0,0.0,169.60000000000002,0.0,21.3,29.6,29.5,30.1,300.0,300.0,31.5,35.300000000000004,29.4,28.6,30.5,4.96,1.99,4.97,0.16,0.0,0.0,1027.0,8228.0,0.0,0.0,0.0,0.0,0.0,1.0,0.0,0.0,0.0,0.0,0.0,0.0,0.0,0.1,0.0,0.0,16.0,25903.0
2026-07-30T19:00:32.548Z,202.031,202.044,0.0,7.4,0.0,0.0,0.0,0.0,0.0,0.0,0.0,0.0,1.0,0.0,0.0,0.0,9.0,4.0,0.0,0.0,0.0,0.0,0.0,0.0,0.0,0.0,3.0,12.0,1.0,12.15,5.01,2.51,1.49,0.0,0.0,0.0,0.4,0.0,-0.1,0.6000000000000001,-0.1,-169.60000000000002,0.0,0.0,169.60000000000002,0.0,21.3,29.6,29.5,30.1,300.0,300.0,31.5,35.300000000000004,29.4,28.6,30.5,4.96,1.99,4.96,0.16,0.0,0.0,1027.0,8228.0,0.0,0.0,0.0,0.0,0.0,1.0,0.0,0.0,0.0,0.0,0.0,0.6000000000000001,0.0,0.2,0.0,0.0,16.0,25903.0
2026-07-30T19:00:32.560Z,202.043,202.056,0.0,7.4,0.0,0.0,0.0,0.0,0.0,0.0,0.0,0.0,1.0,0.0,0.0,0.0,9.0,4.0,0.0,0.0,0.0,0.0,0.0,0.0,0.0,0.0,4.0,12.0,1.0,12.17,5.01,2.51,1.49,0.0,0.0,0.0,0.4,0.0,1.0,0.0,-0.1,-169.60000000000002,0.0,0.0,169.70000000000002,0.0,21.3,29.6,29.5,30.1,300.0,300.0,31.5,35.300000000000004,29.4,28.6,30.5,4.96,1.99,4.96,0.16,0.0,0.0,1027.0,8228.0,0.0,0.0,0.0,0.0,0.0,1.0,0.0,0.0,0.0,0.0,0.0,0.0,0.0,0.1,0.0,0.0,16.0,25903.0
2026-07-30T19:00:32.571Z,202.054,202.068,0.0,7.4,0.0,0.0,0.0,0.0,0.0,0.0,0.0,0.0,1.0,0.0,0.0,0.0,9.0,4.0,0.0,0.0,0.0,0.0,0.0,0.0,0.0,0.0,5.0,12.0,1.0,12.17,5.01,2.51,1.49,0.0,0.0,0.0,0.4,0.0,0.4,1.2000000000000002,1.0,-169.60000000000002,0.0,0.0,169.70000000000002,0.0,21.3,29.6,29.5,30.1,300.0,300.0,31.5,35.300000000000004,29.4,28.6,30.5,4.95,1.99,4.96,0.16,0.0,0.0,1027.0,8228.0,0.0,0.0,0.0,0.0,0.0,1.0,0.0,0.0,0.0,0.0,0.0,2.1,0.0,-0.6000000000000001,0.0,0.0,16.0,25903.0
2026-07-30T19:00:32.583Z,202.066,202.08,0.0,7.4,0.0,0.0,0.0,0.0,0.0,0.0,0.0,0.0,1.0,0.0,0.0,0.0,9.0,4.0,0.0,0.0,0.0,0.0,0.0,0.0,0.0,0.0,1.0,12.0,1.0,12.17,5.01,2.51,1.49,0.0,0.0,0.0,0.5,0.0,-1.3,-1.1,1.0,-169.60000000000002,0.0,0.0,169.60000000000002,0.0,21.3,29.6,29.5,30.1,300.0,300.0,31.5,35.300000000000004,29.4,28.6,30.5,4.96,1.99,4.96,0.16,0.0,0.0,1027.0,8228.0,0.0,0.0,0.0,0.0,0.0,1.0,0.0,0.0,0.0,0.0,0.0,-0.4,0.0,-1.1,0.0,0.0001,16.0,25903.0
2026-07-30T19:00:32.595Z,202.078,202.092,0.0,7.4,0.0,0.0,0.0,0.0,0.0,0.0,0.0,0.0,1.0,0.0,0.0,0.0,9.0,4.0,0.0,0.0,0.0,0.0,0.0,0.0,0.0,0.0,2.0,12.0,1.0,12.17,5.01,2.51,1.49,0.0,0.0,0.0,0.4,0.0,-0.2,-0.5,-0.7000000000000001,-169.60000000000002,0.0,0.0,169.60000000000002,0.0,21.3,29.6,29.5,30.1,300.0,300.0,31.5,35.300000000000004,29.4,28.6,30.5,4.95,1.99,4.97,0.16,0.0,0.0,1027.0,8228.0,0.0,0.0,0.0,0.0,0.0,1.0,0.0,0.0,0.0,0.0,0.0,-1.1,0.0,0.5,0.0,0.0,16.0,25903.0
2026-07-30T19:00:32.607Z,202.09,202.104,0.0,7.4,0.0,0.0,0.0,0.0,0.0,0.0,0.0,0.0,1.0,0.0,0.0,0.0,9.0,4.0,0.0,0.0,0.0,0.0,0.0,0.0,0.0,0.0,3.0,12.0,1.0,12.17,5.01,2.51,1.49,0.0,0.0,0.0,0.4,0.0,-0.1,1.8,0.9,-169.60000000000002,0.0,0.0,169.70000000000002,0.0,21.3,29.6,29.5,30.1,300.0,300.0,31.5,35.300000000000004,29.4,28.6,30.5,4.95,1.99,4.97,0.16,0.0,0.0,1027.0,8228.0,0.0,0.0,0.0,0.0,0.0,1.0,0.0,0.0,0.0,0.0,0.0,2.8000000000000003,0.0,-0.5,0.0,0.0,16.0,25903.0
2026-07-30T19:00:32.619Z,202.102,202.116,0.0,7.4,0.0,0.0,0.0,0.0,0.0,0.0,0.0,0.0,1.0,0.0,0.0,0.0,9.0,4.0,0.0,0.0,0.0,0.0,0.0,0.0,0.0,0.0,4.0,12.0,1.0,12.17,5.01,2.51,1.49,0.0,0.0,0.0,0.4,0.0,0.9,1.2000000000000002,-1.3,-169.60000000000002,0.0,0.0,169.70000000000002,0.0,21.3,29.6,29.5,30.1,300.0,300.0,31.5,35.300000000000004,29.4,28.6,30.5,4.96,2.0,4.97,0.16,0.0,0.0,1027.0,8228.0,0.0,0.0,0.0,0.0,0.0,1.0,0.0,0.0,0.0,0.0,0.0,0.3,0.0,1.4,0.0,0.0001,16.0,25903.0
2026-07-30T19:00:32.631Z,202.114,202.128,0.0,7.4,0.0,0.0,0.0,0.0,0.0,0.0,0.0,0.0,1.0,0.0,0.0,0.0,9.0,4.0,0.0,0.0,0.0,0.0,0.0,0.0,0.0,0.0,5.0,12.0,1.0,12.17,5.01,2.51,1.49,0.0,0.0,0.0,0.4,0.0,-0.8,-1.1,-1.9,-169.60000000000002,0.0,0.0,169.70000000000002,0.0,21.3,29.6,29.5,30.1,300.0,300.0,31.5,35.300000000000004,29.4,28.6,30.5,4.95,2.0,4.96,0.16,0.0,0.0,1027.0,8228.0,0.0,0.0,0.0,0.0,0.0,1.0,0.0,0.0,0.0,0.0,0.0,-2.8000000000000003,0.0,1.5,0.0,0.0,16.0,25903.0
2026-07-30T19:00:32.643Z,202.126,202.14,0.0,7.4,0.0,0.0,0.0,0.0,0.0,0.0,0.0,0.0,1.0,0.0,0.0,0.0,9.0,4.0,0.0,0.0,0.0,0.0,0.0,0.0,0.0,0.0,6.0,12.0,1.0,12.17,5.01,2.51,1.49,0.0,0.0,0.0,0.4,0.0,0.3,0.0,-0.2,-169.60000000000002,0.0,0.0,169.60000000000002,0.0,21.3,29.6,29.5,30.1,300.0,300.0,31.5,35.300000000000004,29.4,28.6,30.5,4.96,1.99,4.97,0.16,0.0,0.0,1027.0,8228.0,0.0,0.0,0.0,0.0,0.0,1.0,0.0,0.0,0.0,0.0,0.0,-0.1,0.0,0.2,0.0,0.0001,16.0,25903.0
2026-07-30T19:00:32.655Z,202.138,202.152,0.0,7.4,0.0,0.0,0.0,0.0,0.0,0.0,0.0,0.0,1.0,0.0,0.0,0.0,9.0,4.0,0.0,0.0,0.0,0.0,0.0,0.0,0.0,0.0,1.0,12.0,1.0,12.17,5.01,2.51,1.49,0.0,0.1,0.0,0.4,0.0,-0.2,-0.6000000000000001,-0.2,-169.60000000000002,0.0,0.0,169.60000000000002,0.0,21.3,29.6,29.5,30.1,300.0,300.0,31.5,35.300000000000004,29.4,28.6,30.5,4.96,1.99,4.97,0.16,0.0,0.0,1027.0,8228.0,0.0,0.0,0.0,0.0,0.0,1.0,0.0,0.0,0.0,0.0,0.0,-0.8,0.0,0.1,0.0,0.0001,16.0,25903.0
2026-07-30T19:00:32.667Z,202.15,202.164,0.0,7.4,0.0,0.0,0.0,0.0,0.0,0.0,0.0,0.0,1.0,0.0,0.0,0.0,9.0,4.0,0.0,0.0,0.0,0.0,0.0,0.0,0.0,0.0,2.0,12.0,1.0,12.18,5.01,2.5,1.49,0.0,0.0,0.0,0.4,0.0,-0.2,0.0,0.8,-169.60000000000002,0.0,0.0,169.60000000000002,0.0,21.700000000000003,29.6,29.5,30.1,300.0,300.0,31.3,35.300000000000004,29.4,28.6,30.5,4.96,1.99,4.97,0.16,0.0,0.0,1027.0,8228.0,0.0,0.0,0.0,0.0,0.0,1.0,0.0,0.0,0.0,0.0,0.0,0.5,0.0,-0.7000000000000001,0.0,0.0,16.0,25903.0
2026-07-30T19:00:32.679Z,202.162,202.176,0.0,7.4,0.0,0.0,0.0,0.0,0.0,0.0,0.0,0.0,1.0,0.0,0.0,0.0,9.0,4.0,0.0,0.0,0.0,0.0,0.0,0.0,0.0,0.0,3.0,12.0,1.0,12.18,5.01,2.5,1.49,0.0,0.0,0.0,0.4,0.0,-0.3,-0.6000000000000001,-1.4,-169.60000000000002,0.0,0.0,169.70000000000002,0.0,21.700000000000003,29.6,29.5,30.1,300.0,300.0,31.3,35.300000000000004,29.4,28.6,30.5,4.95,1.99,4.97,0.16,0.0,0.0,1027.0,8228.0,0.0,0.0,0.0,0.0,0.0,1.0,0.0,0.0,0.0,0.0,0.0,-1.8,0.0,1.1,0.0,0.0,16.0,25903.0
2026-07-30T19:00:32.692Z,202.175,202.188,0.0,7.4,0.0,0.0,0.0,0.0,0.0,0.0,0.0,0.0,1.0,0.0,0.0,0.0,9.0,4.0,0.0,0.0,0.0,0.0,0.0,0.0,0.0,0.0,4.0,12.0,1.0,12.18,5.01,2.5,1.49,0.0,0.0,0.0,0.4,0.0,-0.3,-1.1,-0.2,-169.60000000000002,0.0,0.0,169.70000000000002,0.0,21.700000000000003,29.6,29.5,30.1,300.0,300.0,31.3,35.300000000000004,29.4,28.6,30.5,4.96,1.99,4.96,0.16,0.0,0.0,1027.0,8228.0,0.0,0.0,0.0,0.0,0.0,1.0,0.0,0.0,0.0,0.0,0.0,-1.5,0.0,0.0,0.0,0.0001,16.0,25903.0
2026-07-30T19:00:32.712Z,202.195,202.2,0.0,7.4,0.0,0.0,0.0,0.0,0.0,0.0,0.0,0.0,1.0,0.0,0.0,0.0,9.0,4.0,0.0,0.0,0.0,0.0,0.0,0.0,0.0,0.0,5.0,12.0,1.0,12.18,5.01,2.5,1.49,0.0,0.0,0.0,0.4,0.0,-0.9,0.0,-0.2,-169.60000000000002,0.0,0.0,169.60000000000002,0.0,21.700000000000003,29.6,29.5,30.1,300.0,300.0,31.3,35.300000000000004,29.4,28.6,30.5,4.96,2.0,4.96,0.16,0.0,0.0,1027.0,8228.0,0.0,0.0,0.0,0.0,0.0,1.0,0.0,0.0,0.0,0.0,0.0,-0.1,0.0,0.2,0.0,0.0,16.0,25903.0
2026-07-30T19:00:32.715Z,202.198,202.212,0.0,7.4,0.0,0.0,0.0,0.0,0.0,0.0,0.0,0.0,1.0,0.0,0.0,0.0,9.0,4.0,0.0,0.0,0.0,0.0,0.0,0.0,0.0,0.0,3.0,12.0,1.0,12.18,5.01,2.5,1.49,0.0,0.1,0.0,0.4,0.0,-0.9,-0.5,-0.2,-169.60000000000002,0.0,0.0,169.70000000000002,0.0,21.700000000000003,29.6,29.5,30.1,300.0,300.0,31.3,35.300000000000004,29.4,28.6,30.5,4.95,1.99,4.96,0.16,0.0,0.0,1027.0,8228.0,0.0,0.0,0.0,0.0,0.0,1.0,0.0,0.0,0.0,0.0,0.0,-0.8,0.0,0.1,0.0,0.0,16.0,25903.0
2026-07-30T19:00:32.727Z,202.21,202.224,0.0,7.4,0.0,0.0,0.0,0.0,0.0,0.0,0.0,0.0,1.0,0.0,0.0,0.0,9.0,4.0,0.0,0.0,0.0,0.0,0.0,0.0,0.0,0.0,3.0,12.0,1.0,12.18,5.01,2.5,1.49,0.0,0.0,0.0,0.5,0.0,-0.3,0.0,0.3,-169.60000000000002,0.0,0.0,169.60000000000002,0.0,21.700000000000003,29.6,29.5,30.1,300.0,300.0,31.3,35.300000000000004,29.4,28.6,30.5,4.95,1.99,4.97,0.16,0.0,0.0,1027.0,8228.0,0.0,0.0,0.0,0.0,0.0,1.0,0.0,0.0,0.0,0.0,0.0,0.2,0.0,-0.2,0.0,0.0,16.0,25903.0
2026-07-30T19:00:32.739Z,202.222,202.236,0.0,7.4,0.0,0.0,0.0,0.0,0.0,0.0,0.0,0.0,1.0,0.0,0.0,0.0,9.0,4.0,0.0,0.0,0.0,0.0,0.0,0.0,0.0,0.0,4.0,12.0,1.0,12.18,5.01,2.5,1.49,0.0,0.0,0.0,0.4,0.0,-0.9,-1.1,-1.4,-169.60000000000002,0.0,0.0,169.60000000000002,0.0,21.700000000000003,29.6,29.5,30.1,300.0,300.0,31.3,35.300000000000004,29.4,28.6,30.5,4.96,1.99,4.96,0.16,0.0,0.0,1027.0,8228.0,0.0,0.0,0.0,0.0,0.0,1.0,0.0,0.0,0.0,0.0,0.0,-2.4000000000000004,0.0,1.0,0.0,0.0001,16.0,25903.0
2026-07-30T19:00:32.751Z,202.234,202.248,0.0,7.4,0.0,0.0,0.0,0.0,0.0,0.0,0.0,0.0,1.0,0.0,0.0,0.0,9.0,4.0,0.0,0.0,0.0,0.0,0.0,0.0,0.0,0.0,5.0,12.0,1.0,12.18,5.01,2.5,1.49,0.0,0.0,0.0,0.4,0.0,1.3,0.0,0.2,-169.60000000000002,0.0,0.0,169.70000000000002,0.0,21.700000000000003,29.6,29.5,30.1,300.0,300.0,31.3,35.300000000000004,29.4,28.6,30.5,4.96,1.99,4.97,0.17,0.0,0.0,1027.0,8228.0,0.0,0.0,0.0,0.0,0.0,1.0,0.0,0.0,0.0,0.0,0.0,0.1,0.0,-0.2,0.0,0.0,16.0,25903.0
2026-07-30T19:00:32.764Z,202.247,202.26,0.0,7.4,0.0,0.0,0.0,0.0,0.0,0.0,0.0,0.0,1.0,0.0,0.0,0.0,9.0,4.0,0.0,0.0,0.0,0.0,0.0,0.0,0.0,0.0,6.0,12.0,1.0,12.15,5.01,2.51,1.5,0.0,0.0,0.0,0.4,0.0,0.2,1.1,-0.3,-169.60000000000002,0.0,0.0,169.60000000000002,0.0,21.9,29.6,29.5,30.1,300.0,300.0,31.4,35.2,29.4,28.6,30.5,4.95,2.0,4.97,0.16,0.0,0.0,1027.0,8228.0,0.0,0.0,0.0,0.0,0.0,1.0,0.0,0.0,0.0,0.0,0.0,1.0,0.0,0.5,0.0,0.0001,16.0,25903.0
2026-07-30T19:00:32.775Z,202.258,202.272,0.0,7.4,0.0,0.0,0.0,0.0,0.0,0.0,0.0,0.0,1.0,0.0,0.0,0.0,9.0,4.0,0.0,0.0,0.0,0.0,0.0,0.0,0.0,0.0,1.0,12.0,1.0,12.15,5.01,2.51,1.5,0.0,0.0,0.0,0.4,0.0,-0.3,-1.1,-0.3,-169.60000000000002,0.0,0.0,169.60000000000002,0.0,21.9,29.6,29.5,30.1,300.0,300.0,31.4,35.2,29.4,28.6,30.5,4.96,2.0,4.96,0.16,0.0,0.0,1027.0,8228.0,0.0,0.0,0.0,0.0,0.0,1.0,0.0,0.0,0.0,0.0,0.0,-1.5,0.0,0.0,0.0,0.0001,16.0,25903.0
2026-07-30T19:00:32.787Z,202.27,202.284,0.0,7.4,0.0,0.0,0.0,0.0,0.0,0.0,0.0,0.0,1.0,0.0,0.0,0.0,9.0,4.0,0.0,0.0,0.0,0.0,0.0,0.0,0.0,0.0,3.0,12.0,1.0,12.15,5.01,2.51,1.5,0.0,0.0,0.0,0.5,0.0,0.2,-0.5,-0.3,-169.60000000000002,0.0,0.0,169.70000000000002,0.0,21.9,29.6,29.5,30.1,300.0,300.0,31.4,35.2,29.4,28.6,30.5,4.95,2.0,4.96,0.16,0.0,0.0,1027.0,8228.0,0.0,0.0,0.0,0.0,0.0,1.0,0.0,0.0,0.0,0.0,0.0,-0.8,0.0,0.1,0.0,0.0,16.0,25903.0
2026-07-30T19:00:32.799Z,202.282,202.296,0.0,7.4,0.0,0.0,0.0,0.0,0.0,0.0,0.0,0.0,1.0,0.0,0.0,0.0,9.0,4.0,0.0,0.0,0.0,0.0,0.0,0.0,0.0,0.0,4.0,12.0,1.0,12.15,5.01,2.51,1.5,0.0,0.0,0.0,0.4,0.0,0.7000000000000001,0.5,-0.8,-169.60000000000002,0.0,0.0,169.70000000000002,0.0,21.9,29.6,29.5,30.1,300.0,300.0,31.4,35.2,29.4,28.6,30.5,4.95,1.99,4.97,0.16,0.0,0.0,1027.0,8228.0,0.0,0.0,0.0,0.0,0.0,1.0,0.0,0.0,0.0,0.0,0.0,0.0,0.0,0.8,0.0,0.0001,16.0,25903.0
2026-07-30T19:00:32.811Z,202.294,202.308,0.0,7.4,0.0,0.0,0.0,0.0,0.0,0.0,0.0,0.0,1.0,0.0,0.0,0.0,9.0,4.0,0.0,0.0,0.0,0.0,0.0,0.0,0.0,0.0,5.0,12.0,1.0,12.15,5.01,2.51,1.5,0.0,0.0,0.0,0.4,0.0,-1.5,0.5,-2.6,-169.60000000000002,0.0,0.0,169.70000000000002,0.0,21.9,29.6,29.5,30.1,300.0,300.0,31.4,35.2,29.4,28.6,30.5,4.95,1.99,4.97,0.16,0.0,0.0,1027.0,8228.0,0.0,0.0,0.0,0.0,0.0,1.0,0.0,0.0,0.0,0.0,0.0,-1.3,0.0,2.4000000000000004,0.0,0.0,16.0,25903.0
2026-07-30T19:00:32.823Z,202.306,202.32,0.0,7.4,0.0,0.0,0.0,0.0,0.0,0.0,0.0,0.0,1.0,0.0,0.0,0.0,9.0,4.0,0.0,0.0,0.0,0.0,0.0,0.0,0.0,0.0,1.0,12.0,1.0,12.15,5.01,2.51,1.5,0.0,0.0,0.0,0.5,0.0,-0.3,1.6,-0.2,-169.60000000000002,0.0,0.0,169.70000000000002,0.0,21.9,29.6,29.5,30.1,300.0,300.0,31.4,35.2,29.4,28.6,30.5,4.96,1.99,4.96,0.16,0.0,0.0,1027.0,8228.0,0.0,0.0,0.0,0.0,0.0,1.0,0.0,0.0,0.0,0.0,0.0,1.7000000000000002,0.0,0.5,0.0,0.0001,16.0,25903.0
2026-07-30T19:00:32.835Z,202.318,202.332,0.0,7.4,0.0,0.0,0.0,0.0,0.0,0.0,0.0,0.0,1.0,0.0,0.0,0.0,9.0,4.0,0.0,0.0,0.0,0.0,0.0,0.0,0.0,0.0,2.0,12.0,1.0,12.15,5.01,2.51,1.5,0.0,0.0,0.0,0.4,0.0,-0.3,-0.6000000000000001,-0.1,-169.60000000000002,0.0,0.0,169.8,0.0,21.9,29.6,29.5,30.1,300.0,300.0,31.4,35.2,29.4,28.6,30.5,4.96,1.99,4.97,0.16,0.0,0.0,1027.0,8228.0,0.0,0.0,0.0,0.0,0.0,1.0,0.0,0.0,0.0,0.0,0.0,-0.8,0.0,0.0,0.0,0.0,16.0,25903.0
2026-07-30T19:00:32.847Z,202.33,202.344,0.0,7.4,0.0,0.0,0.0,0.0,0.0,0.0,0.0,0.0,1.0,0.0,0.0,0.0,9.0,4.0,0.0,0.0,0.0,0.0,0.0,0.0,0.0,0.0,3.0,12.0,1.0,12.15,5.01,2.51,1.5,0.0,0.0,0.0,0.4,0.0,-0.3,0.0,-0.2,-169.60000000000002,0.0,0.0,169.8,0.0,21.9,29.6,29.5,30.1,300.0,300.0,31.4,35.2,29.4,28.6,30.5,4.96,2.0,4.96,0.16,0.0,0.0,1027.0,8228.0,0.0,0.0,0.0,0.0,0.0,1.0,0.0,0.0,0.0,0.0,0.0,-0.1,0.0,0.1,0.0,0.0001,16.0,25903.0
2026-07-30T19:00:32.859Z,202.342,202.356,0.0,7.4,0.0,0.0,0.0,0.0,0.0,0.0,0.0,0.0,1.0,0.0,0.0,0.0,9.0,4.0,0.0,0.0,0.0,0.0,0.0,0.0,0.0,0.0,4.0,12.0,1.0,12.15,5.01,2.51,1.5,0.0,0.0,0.0,0.4,0.0,0.2,0.0,-0.7000000000000001,-169.60000000000002,0.0,0.0,169.8,0.0,21.9,29.6,29.5,30.1,300.0,300.0,31.4,35.2,29.4,28.6,30.5,4.96,2.0,4.96,0.16,0.0,0.0,1027.0,8228.0,0.0,0.0,0.0,0.0,0.0,1.0,0.0,0.0,0.0,0.0,0.0,-0.6000000000000001,0.0,0.6000000000000001,0.0,0.0,16.0,25903.0
2026-07-30T19:00:32.872Z,202.355,202.368,0.0,7.4,0.0,0.0,0.0,0.0,0.0,0.0,0.0,0.0,1.0,0.0,0.0,0.0,9.0,4.0,0.0,0.0,0.0,0.0,0.0,0.0,0.0,0.0,5.0,12.0,1.0,12.15,5.01,2.51,1.49,0.0,0.1,0.0,0.4,0.0,-0.9,-0.5,-0.7000000000000001,-169.60000000000002,0.0,0.0,169.8,0.0,21.8,29.6,29.5,30.1,300.0,300.0,31.5,35.2,29.4,28.6,30.5,4.95,2.0,4.96,0.16,0.0,0.0,1027.0,8228.0,0.0,0.0,0.0,0.0,0.0,1.0,0.0,0.0,0.0,0.0,0.0,-1.2000000000000002,0.0,0.5,0.0,0.0001,16.0,25903.0
2026-07-30T19:00:32.883Z,202.366,202.38,0.0,7.4,0.0,0.0,0.0,0.0,0.0,0.0,0.0,0.0,1.0,0.0,0.0,0.0,9.0,4.0,0.0,0.0,0.0,0.0,0.0,0.0,0.0,0.0,6.0,12.0,1.0,12.15,5.01,2.51,1.49,0.0,0.0,0.0,0.4,0.0,-0.3,0.0,-0.1,-169.60000000000002,0.0,0.0,169.70000000000002,0.0,21.8,29.6,29.5,30.1,300.0,300.0,31.5,35.2,29.4,28.6,30.5,4.95,1.99,4.97,0.16,0.0,0.0,1027.0,8228.0,0.0,0.0,0.0,0.0,0.0,1.0,0.0,0.0,0.0,0.0,0.0,0.0,0.0,0.1,0.0,0.0001,16.0,25903.0
2026-07-30T19:00:32.895Z,202.378,202.392,0.0,7.4,0.0,0.0,0.0,0.0,0.0,0.0,0.0,0.0,1.0,0.0,0.0,0.0,9.0,4.0,0.0,0.0,0.0,0.0,0.0,0.0,0.0,0.0,2.0,12.0,1.0,12.15,5.01,2.51,1.49,0.0,0.0,0.0,0.4,0.0,-0.2,0.6000000000000001,0.4,-169.70000000000002,0.0,0.0,169.8,0.0,21.8,29.6,29.5,30.1,300.0,300.0,31.5,35.2,29.4,28.6,30.5,4.95,1.99,4.96,0.16,0.0,0.0,1027.0,8228.0,0.0,0.0,0.0,0.0,0.0,1.0,0.0,0.0,0.0,0.0,0.0,1.0,0.0,-0.2,0.0,0.0002,16.0,25903.0
2026-07-30T19:00:32.907Z,202.39,202.404,0.0,7.4,0.0,0.0,0.0,0.0,0.0,0.0,0.0,0.0,1.0,0.0,0.0,0.0,9.0,4.0,0.0,0.0,0.0,0.0,0.0,0.0,0.0,0.0,3.0,12.0,1.0,12.15,5.01,2.51,1.49,0.0,0.0,0.0,0.4,0.0,-0.2,0.0,-0.1,-169.70000000000002,0.0,0.0,169.70000000000002,0.0,21.8,29.6,29.5,30.1,300.0,300.0,31.5,35.2,29.4,28.6,30.5,4.95,1.99,4.96,0.16,0.0,0.0,1027.0,8228.0,0.0,0.0,0.0,0.0,0.0,1.0,0.0,0.0,0.0,0.0,0.0,0.0,0.0,0.1,0.0,0.0001,16.0,25903.0
2026-07-30T19:00:32.919Z,202.402,202.416,0.0,7.4,0.0,0.0,0.0,0.0,0.0,0.0,0.0,0.0,1.0,0.0,0.0,0.0,9.0,4.0,0.0,0.0,0.0,0.0,0.0,0.0,0.0,0.0,4.0,12.0,1.0,12.15,5.01,2.51,1.49,0.0,0.1,0.0,0.4,0.0,-0.2,-0.5,0.0,-169.70000000000002,0.0,0.0,169.70000000000002,0.0,21.8,29.6,29.5,30.1,300.0,300.0,31.5,35.2,29.4,28.6,30.5,4.95,1.99,4.97,0.16,0.0,0.0,1027.0,8228.0,0.0,0.0,0.0,0.0,0.0,1.0,0.0,0.0,0.0,0.0,0.0,-0.7000000000000001,0.0,0.0,0.0,0.0002,16.0,25903.0
2026-07-30T19:00:32.932Z,202.415,202.428,0.0,7.4,0.0,0.0,0.0,0.0,0.0,0.0,0.0,0.0,1.0,0.0,0.0,0.0,9.0,4.0,0.0,0.0,0.0,0.0,0.0,0.0,0.0,0.0,5.0,12.0,1.0,12.15,5.01,2.51,1.49,0.0,0.0,0.0,0.4,0.0,0.8,-1.1,0.5,-169.70000000000002,0.0,0.0,169.70000000000002,0.0,21.8,29.6,29.5,30.1,300.0,300.0,31.5,35.2,29.4,28.6,30.5,4.96,1.99,4.96,0.16,0.0,0.0,1027.0,8228.0,0.0,0.0,0.0,0.0,0.0,1.0,0.0,0.0,0.0,0.0,0.0,-0.9,0.0,-0.6000000000000001,0.0,0.0,16.0,25903.0
2026-07-30T19:00:32.944Z,202.427,202.44,0.0,7.4,0.0,0.0,0.0,0.0,0.0,0.0,0.0,0.0,1.0,0.0,0.0,0.0,9.0,4.0,0.0,0.0,0.0,0.0,0.0,0.0,0.0,0.0,6.0,12.0,1.0,12.15,5.01,2.51,1.49,0.0,0.0,0.0,0.4,0.0,0.3,-0.5,0.0,-169.70000000000002,0.0,0.0,169.8,0.0,21.8,29.6,29.5,30.1,300.0,300.0,31.5,35.2,29.4,28.6,30.5,4.96,2.0,4.96,0.16,0.0,0.0,1027.0,8228.0,0.0,0.0,0.0,0.0,0.0,1.0,0.0,0.0,0.0,0.0,0.0,-0.6000000000000001,0.0,0.0,0.0,0.0,16.0,25903.0
2026-07-30T19:00:32.955Z,202.438,202.452,0.0,7.4,0.0,0.0,0.0,0.0,0.0,0.0,0.0,0.0,1.0,0.0,0.0,0.0,9.0,4.0,0.0,0.0,0.0,0.0,0.0,0.0,0.0,0.0,1.0,12.0,1.0,12.15,5.01,2.51,1.49,0.0,0.0,0.0,0.4,0.0,-0.2,1.2000000000000002,1.1,-169.70000000000002,0.0,0.0,169.8,0.0,21.8,29.6,29.5,30.1,300.0,300.0,31.5,35.2,29.4,28.6,30.5,4.96,1.99,4.96,0.16,0.0,0.0,1027.0,8228.0,0.0,0.0,0.0,0.0,0.0,1.0,0.0,0.0,0.0,0.0,0.0,2.2,0.0,-0.7000000000000001,0.0,0.0001,16.0,25903.0
2026-07-30T19:00:32.969Z,202.452,202.464,0.0,7.4,0.0,0.0,0.0,0.0,0.0,0.0,0.0,0.0,1.0,0.0,0.0,0.0,9.0,4.0,0.0,0.0,0.0,0.0,0.0,0.0,0.0,0.0,3.0,12.0,1.0,12.17,5.0200000000000005,2.51,1.49,0.0,0.0,0.0,0.5,0.0,0.3,-0.5,0.5,-169.70000000000002,0.0,0.0,169.8,0.0,21.3,29.6,29.5,30.1,300.0,300.0,31.4,35.300000000000004,29.4,28.6,30.5,4.95,1.99,4.97,0.16,0.0,0.0,1027.0,8228.0,0.0,0.0,0.0,0.0,0.0,1.0,0.0,0.0,0.0,0.0,0.0,-0.2,0.0,-0.5,0.0,0.0,16.0,25903.0
2026-07-30T19:00:32.979Z,202.462,202.476,0.0,7.4,0.0,0.0,0.0,0.0,0.0,0.0,0.0,0.0,1.0,0.0,0.0,0.0,9.0,4.0,0.0,0.0,0.0,0.0,0.0,0.0,0.0,0.0,4.0,12.0,1.0,12.17,5.0200000000000005,2.51,1.49,0.0,0.0,0.0,0.5,0.0,0.2,-1.1,-0.6000000000000001,-169.70000000000002,0.0,0.0,169.60000000000002,0.0,21.3,29.6,29.5,30.1,300.0,300.0,31.4,35.300000000000004,29.4,28.6,30.5,4.96,1.99,4.96,0.16,0.0,0.0,1027.0,8228.0,0.0,0.0,0.0,0.0,0.0,1.0,0.0,0.0,0.0,0.0,0.0,-1.3,0.0,-0.1,0.0,0.0001,16.0,25903.0
2026-07-30T19:00:32.991Z,202.474,202.488,0.0,7.4,0.0,0.0,0.0,0.0,0.0,0.0,0.0,0.0,1.0,0.0,0.0,0.0,9.0,4.0,0.0,0.0,0.0,0.0,0.0,0.0,0.0,0.0,5.0,12.0,1.0,12.17,5.0200000000000005,2.51,1.49,0.0,0.0,0.0,0.4,0.0,-0.3,0.0,0.0,-169.70000000000002,0.0,0.0,169.8,0.0,21.3,29.6,29.5,30.1,300.0,300.0,31.4,35.300000000000004,29.4,28.6,30.5,4.96,2.0,4.97,0.16,0.0,0.0,1027.0,8228.0,0.0,0.0,0.0,0.0,0.0,1.0,0.0,0.0,0.0,0.0,0.0,0.0,0.0,0.0,0.0,0.0002,16.0,25903.0
2026-07-30T19:00:33.003Z,202.486,202.5,0.0,7.4,0.0,0.0,0.0,0.0,0.0,0.0,0.0,0.0,1.0,0.0,0.0,0.0,9.0,4.0,0.0,0.0,0.0,0.0,0.0,0.0,0.0,0.0,1.0,12.0,1.0,12.17,5.0200000000000005,2.51,1.49,0.0,0.0,0.0,0.4,0.0,-0.3,0.0,0.0,-169.70000000000002,0.0,0.0,169.8,0.0,21.3,29.6,29.5,30.1,300.0,300.0,31.4,35.300000000000004,29.4,28.6,30.5,4.95,1.99,4.97,0.16,0.0,0.0,1027.0,8228.0,0.0,0.0,0.0,0.0,0.0,1.0,0.0,0.0,0.0,0.0,0.0,1.0,0.0,-0.3,0.0,0.0,16.0,25903.0
2026-07-30T19:00:33.015Z,202.498,202.512,0.0,7.4,0.0,0.0,0.0,0.0,0.0,0.0,0.0,0.0,1.0,0.0,0.0,0.0,9.0,4.0,0.0,0.0,0.0,0.0,0.0,0.0,0.0,0.0,2.0,12.0,1.0,12.17,5.0200000000000005,2.51,1.49,0.0,0.0,0.0,0.4,0.0,0.8,-0.6000000000000001,-0.6000000000000001,-169.70000000000002,0.0,0.0,169.8,0.0,21.3,29.6,29.5,30.1,300.0,300.0,31.4,35.300000000000004,29.4,28.6,30.5,4.95,1.99,4.97,0.16,0.0,0.0,1027.0,8228.0,0.0,0.0,0.0,0.0,0.0,1.0,0.0,0.0,0.0,0.0,0.0,-0.3,0.0,-0.5,0.0,0.0001,16.0,25903.0
2026-07-30T19:00:33.034Z,202.517,202.524,0.0,7.4,0.0,0.0,0.0,0.0,0.0,0.0,0.0,0.0,1.0,0.0,0.0,0.0,9.0,4.0,0.0,0.0,0.0,0.0,0.0,0.0,0.0,0.0,3.0,12.0,1.0,12.17,5.0200000000000005,2.51,1.49,0.0,0.0,0.0,0.4,0.0,-0.3,-1.2000000000000002,-0.7000000000000001,-169.70000000000002,0.0,0.0,169.8,0.0,21.3,29.6,29.5,30.1,300.0,300.0,31.4,35.300000000000004,29.4,28.6,30.5,4.96,2.0,4.97,0.16,0.0,0.0,1027.0,8228.0,0.0,0.0,0.0,0.0,0.0,1.0,0.0,0.0,0.0,0.0,0.0,-1.9,0.0,0.3,0.0,0.0001,16.0,25903.0
2026-07-30T19:00:33.039Z,202.522,202.536,0.0,7.4,0.0,0.0,0.0,0.0,0.0,0.0,0.0,0.0,1.0,0.0,0.0,0.0,9.0,4.0,0.0,0.0,0.0,0.0,0.0,0.0,0.0,0.0,1.0,12.0,1.0,12.17,5.0200000000000005,2.51,1.49,0.0,0.0,0.0,0.4,0.0,0.2,0.0,1.0,-169.70000000000002,0.0,0.0,169.70000000000002,0.0,21.3,29.6,29.5,30.1,300.0,300.0,31.4,35.300000000000004,29.4,28.6,30.5,4.96,1.99,4.97,0.16,0.0,0.0,1027.0,8228.0,0.0,0.0,0.0,0.0,0.0,1.0,0.0,0.0,0.0,0.0,0.0,0.8,0.0,-0.9,0.0,0.0001,16.0,25903.0
2026-07-30T19:00:33.051Z,202.534,202.548,0.0,7.4,0.0,0.0,0.0,0.0,0.0,0.0,0.0,0.0,1.0,0.0,0.0,0.0,9.0,4.0,0.0,0.0,0.0,0.0,0.0,0.0,0.0,0.0,2.0,12.0,1.0,12.17,5.0200000000000005,2.51,1.49,0.0,0.1,0.0,0.4,0.0,0.2,0.5,-1.2000000000000002,-169.70000000000002,0.0,0.0,169.8,0.0,21.3,29.6,29.5,30.1,300.0,300.0,31.4,35.300000000000004,29.4,28.6,30.5,4.95,2.0,4.97,0.16,0.0,0.0,1027.0,8228.0,0.0,0.0,0.0,0.0,0.0,1.0,0.0,0.0,0.0,0.0,0.0,-0.3,0.0,1.2000000000000002,0.0,0.0001,16.0,25903.0
2026-07-30T19:00:33.063Z,202.546,202.56,0.0,7.4,0.0,0.0,0.0,0.0,0.0,0.0,0.0,0.0,1.0,0.0,0.0,0.0,9.0,4.0,0.0,0.0,0.0,0.0,0.0,0.0,0.0,0.0,3.0,12.0,1.0,12.17,5.0200000000000005,2.51,1.49,0.0,0.0,0.0,0.4,0.0,0.2,0.0,0.4,-169.70000000000002,0.0,0.0,169.8,0.0,21.3,29.6,29.5,30.1,300.0,300.0,31.4,35.300000000000004,29.4,28.6,30.5,4.96,2.0,4.97,0.16,0.0,0.0,1027.0,8228.0,0.0,0.0,0.0,0.0,0.0,1.0,0.0,0.0,0.0,0.0,0.0,0.3,0.0,-0.4,0.0,0.0001,16.0,25903.0
2026-07-30T19:00:33.075Z,202.558,202.572,0.0,7.4,0.0,0.0,0.0,0.0,0.0,0.0,0.0,0.0,1.0,0.0,0.0,0.0,9.0,4.0,0.0,0.0,0.0,0.0,0.0,0.0,0.0,0.0,4.0,12.0,1.0,12.18,5.01,2.51,1.49,0.0,0.0,0.0,0.4,0.0,0.2,-0.5,1.0,-169.70000000000002,0.0,0.0,169.8,0.0,21.700000000000003,29.5,29.5,30.1,300.0,300.0,31.3,35.2,29.4,28.6,30.5,4.95,1.99,4.97,0.16,0.0,0.0,1027.0,8228.0,0.0,0.0,0.0,0.0,0.0,1.0,0.0,0.0,0.0,0.0,0.0,0.1,0.0,-1.0,0.0,0.0001,16.0,25903.0
2026-07-30T19:00:33.087Z,202.57,202.584,0.0,7.4,0.0,0.0,0.0,0.0,0.0,0.0,0.0,0.0,1.0,0.0,0.0,0.0,9.0,4.0,0.0,0.0,0.0,0.0,0.0,0.0,0.0,0.0,5.0,12.0,1.0,12.18,5.01,2.51,1.49,0.0,0.1,0.0,0.4,0.0,0.2,-0.5,-0.7000000000000001,-169.70000000000002,0.0,0.0,169.8,0.0,21.700000000000003,29.5,29.5,30.1,300.0,300.0,31.3,35.2,29.4,28.6,30.5,4.95,1.99,4.96,0.16,0.0,0.0,1027.0,8228.0,0.0,0.0,0.0,0.0,0.0,1.0,0.0,0.0,0.0,0.0,0.0,-1.1,0.0,0.5,0.0,0.0,16.0,25903.0
2026-07-30T19:00:33.099Z,202.582,202.596,0.0,7.4,0.0,0.0,0.0,0.0,0.0,0.0,0.0,0.0,1.0,0.0,0.0,0.0,9.0,4.0,0.0,0.0,0.0,0.0,0.0,0.0,0.0,0.0,6.0,12.0,1.0,12.18,5.01,2.51,1.49,0.0,0.1,0.0,0.4,0.0,0.2,0.0,1.0,-169.70000000000002,0.0,0.0,169.60000000000002,0.0,21.700000000000003,29.5,29.5,30.1,300.0,300.0,31.3,35.2,29.4,28.6,30.5,4.95,1.99,4.96,0.16,0.0,0.0,1027.0,8228.0,0.0,0.0,0.0,0.0,0.0,1.0,0.0,0.0,0.0,0.0,0.0,0.8,0.0,-0.8,0.0,0.0,16.0,25903.0
2026-07-30T19:00:33.111Z,202.594,202.608,0.0,7.4,0.0,0.0,0.0,0.0,0.0,0.0,0.0,0.0,1.0,0.0,0.0,0.0,9.0,4.0,0.0,0.0,0.0,0.0,0.0,0.0,0.0,0.0,1.0,12.0,1.0,12.18,5.01,2.51,1.49,0.0,0.0,0.0,0.4,0.0,0.2,0.0,-0.7000000000000001,-169.70000000000002,0.0,0.0,169.8,0.0,21.700000000000003,29.5,29.5,30.1,300.0,300.0,31.3,35.2,29.4,28.6,30.5,4.95,1.99,4.96,0.16,0.0,0.0,1027.0,8228.0,0.0,0.0,0.0,0.0,0.0,1.0,0.0,0.0,0.0,0.0,0.0,-0.4,0.0,0.6000000000000001,0.0,0.0002,16.0,25903.0
2026-07-30T19:00:33.123Z,202.606,202.62,0.0,7.4,0.0,0.0,0.0,0.0,0.0,0.0,0.0,0.0,1.0,0.0,0.0,0.0,9.0,4.0,0.0,0.0,0.0,0.0,0.0,0.0,0.0,0.0,3.0,12.0,1.0,12.18,5.01,2.51,1.49,0.0,0.0,0.0,0.4,0.0,0.8,0.0,-0.2,-169.70000000000002,0.0,0.0,169.70000000000002,0.0,21.700000000000003,29.5,29.5,30.1,300.0,300.0,31.3,35.2,29.4,28.6,30.5,4.95,1.99,4.97,0.16,0.0,0.0,1027.0,8228.0,0.0,0.0,0.0,0.0,0.0,1.0,0.0,0.0,0.0,0.0,0.0,0.0,0.0,0.1,0.0,0.0002,16.0,25903.0
2026-07-30T19:00:33.135Z,202.618,202.632,0.0,7.4,0.0,0.0,0.0,0.0,0.0,0.0,0.0,0.0,1.0,0.0,0.0,0.0,9.0,4.0,0.0,0.0,0.0,0.0,0.0,0.0,0.0,0.0,4.0,12.0,1.0,12.18,5.01,2.51,1.49,0.0,0.0,0.0,0.4,0.0,-0.3,0.0,-0.7000000000000001,-169.70000000000002,0.0,0.0,169.8,0.0,21.700000000000003,29.5,29.5,30.1,300.0,300.0,31.3,35.2,29.4,28.6,30.5,4.95,1.99,4.96,0.16,0.0,0.0,1027.0,8228.0,0.0,0.0,0.0,0.0,0.0,1.0,0.0,0.0,0.0,0.0,0.0,-0.4,0.0,0.7000000000000001,0.0,0.0,16.0,25903.0
2026-07-30T19:00:33.147Z,202.63,202.644,0.0,7.4,0.0,0.0,0.0,0.0,0.0,0.0,0.0,0.0,1.0,0.0,0.0,0.0,9.0,4.0,0.0,0.0,0.0,0.0,0.0,0.0,0.0,0.0,6.0,12.0,1.0,12.18,5.01,2.51,1.49,0.0,0.0,0.0,0.4,0.0,0.2,0.1,-0.7000000000000001,-169.70000000000002,0.0,0.0,169.70000000000002,0.0,21.700000000000003,29.5,29.5,30.1,300.0,300.0,31.3,35.2,29.4,28.6,30.5,4.96,1.99,4.96,0.16,0.0,0.0,1027.0,8228.0,0.0,0.0,0.0,0.0,0.0,1.0,0.0,0.0,0.0,0.0,0.0,-0.4,0.0,0.6000000000000001,0.0,0.0001,16.0,25903.0
2026-07-30T19:00:33.159Z,202.642,202.656,0.0,7.4,0.0,0.0,0.0,0.0,0.0,0.0,0.0,0.0,1.0,0.0,0.0,0.0,9.0,4.0,0.0,0.0,0.0,0.0,0.0,0.0,0.0,0.0,1.0,12.0,1.0,12.18,5.01,2.51,1.49,0.0,0.0,0.0,0.4,0.0,-0.3,0.0,-0.1,-169.70000000000002,0.0,0.0,169.8,0.0,21.700000000000003,29.5,29.5,30.1,300.0,300.0,31.3,35.2,29.4,28.6,30.5,4.95,1.99,4.97,0.16,0.0,0.0,1027.0,8228.0,0.0,0.0,0.0,0.0,0.0,1.0,0.0,0.0,0.0,0.0,0.0,0.0,0.0,0.1,0.0,0.0001,16.0,25903.0
2026-07-30T19:00:33.172Z,202.655,202.668,0.0,7.4,0.0,0.0,0.0,0.0,0.0,0.0,0.0,0.0,1.0,0.0,0.0,0.0,9.0,4.0,0.0,0.0,0.0,0.0,0.0,0.0,0.0,0.0,3.0,12.0,1.0,12.18,5.01,2.5,1.49,0.0,0.0,0.0,0.4,0.0,-0.3,-0.4,-1.3,-169.70000000000002,0.0,0.0,169.8,0.0,21.200000000000003,29.5,29.5,30.1,300.0,300.0,31.4,35.300000000000004,29.4,28.6,30.5,4.96,1.99,4.96,0.16,0.0,0.0,1027.0,8228.0,0.0,0.0,0.0,0.0,0.0,1.0,0.0,0.0,0.0,0.0,0.0,-1.5,0.0,1.0,0.0,0.0001,16.0,25903.0
2026-07-30T19:00:33.184Z,202.667,202.68,0.0,7.4,0.0,0.0,0.0,0.0,0.0,0.0,0.0,0.0,1.0,0.0,0.0,0.0,9.0,4.0,0.0,0.0,0.0,0.0,0.0,0.0,0.0,0.0,4.0,12.0,1.0,12.18,5.01,2.5,1.49,0.0,0.0,0.0,0.4,0.0,-0.9,0.6000000000000001,-0.7000000000000001,-169.70000000000002,0.0,0.0,169.8,0.0,21.200000000000003,29.5,29.5,30.1,300.0,300.0,31.4,35.300000000000004,29.4,28.6,30.5,4.96,2.0,4.97,0.16,0.0,0.0,1027.0,8228.0,0.0,0.0,0.0,0.0,0.0,1.0,0.0,0.0,0.0,0.0,0.0,0.1,0.0,0.8,0.0,0.0,16.0,25903.0
2026-07-30T19:00:33.195Z,202.678,202.692,0.0,7.4,0.0,0.0,0.0,0.0,0.0,0.0,0.0,0.0,1.0,0.0,0.0,0.0,9.0,4.0,0.0,0.0,0.0,0.0,0.0,0.0,0.0,0.0,5.0,12.0,1.0,12.18,5.01,2.5,1.49,0.0,0.0,0.0,0.4,0.0,-0.9,-0.4,-0.7000000000000001,-169.70000000000002,0.0,0.0,169.8,0.0,21.200000000000003,29.5,29.5,30.1,300.0,300.0,31.4,35.300000000000004,29.4,28.6,30.5,4.95,1.99,4.97,0.16,0.0,0.0,1027.0,8228.0,0.0,0.0,0.0,0.0,0.0,1.0,0.0,0.0,0.0,0.0,0.0,-1.1,0.0,0.5,0.0,0.0001,16.0,25903.0
2026-07-30T19:00:33.207Z,202.69,202.704,0.0,7.4,0.0,0.0,0.0,0.0,0.0,0.0,0.0,0.0,1.0,0.0,0.0,0.0,9.0,4.0,0.0,0.0,0.0,0.0,0.0,0.0,0.0,0.0,6.0,12.0,1.0,12.18,5.01,2.5,1.49,0.0,0.0,0.0,0.4,0.0,0.2,-0.4,-0.1,-169.70000000000002,0.0,0.0,169.70000000000002,0.0,21.200000000000003,29.5,29.5,30.1,300.0,300.0,31.4,35.300000000000004,29.4,28.6,30.5,4.95,1.99,4.97,0.16,0.0,0.0,1027.0,8228.0,0.0,0.0,0.0,0.0,0.0,1.0,0.0,0.0,0.0,0.0,0.0,-0.6000000000000001,0.0,0.0,0.0,0.0,16.0,25903.0
2026-07-30T19:00:33.219Z,202.702,202.716,0.0,7.4,0.0,0.0,0.0,0.0,0.0,0.0,0.0,0.0,1.0,0.0,0.0,0.0,9.0,4.0,0.0,0.0,0.0,0.0,0.0,0.0,0.0,0.0,2.0,12.0,1.0,12.18,5.01,2.5,1.49,0.0,0.1,0.0,0.4,0.0,0.3,0.6000000000000001,2.2,-169.70000000000002,0.0,0.0,169.8,0.0,21.200000000000003,29.5,29.5,30.1,300.0,300.0,31.4,35.300000000000004,29.4,28.6,30.5,4.96,1.99,4.96,0.16,0.0,0.0,1027.0,8228.0,0.0,0.0,0.0,0.0,0.0,1.0,0.0,0.0,0.0,0.0,0.0,2.4000000000000004,0.0,-1.8,0.0,0.0002,16.0,25903.0
2026-07-30T19:00:33.231Z,202.714,202.728,0.0,7.4,0.0,0.0,0.0,0.0,0.0,0.0,0.0,0.0,1.0,0.0,0.0,0.0,9.0,4.0,0.0,0.0,0.0,0.0,0.0,0.0,0.0,0.0,3.0,12.0,1.0,12.18,5.01,2.5,1.49,0.0,0.0,0.0,0.5,0.0,0.2,0.7000000000000001,-0.6000000000000001,-169.70000000000002,0.0,0.0,169.70000000000002,0.0,21.200000000000003,29.5,29.5,30.1,300.0,300.0,31.4,35.300000000000004,29.4,28.6,30.5,4.96,1.99,4.97,0.16,0.0,0.0,1027.0,8228.0,0.0,0.0,0.0,0.0,0.0,1.0,0.0,0.0,0.0,0.0,0.0,0.3,0.0,0.7000000000000001,0.0,0.0,16.0,25903.0
2026-07-30T19:00:33.243Z,202.726,202.74,0.0,7.4,0.0,0.0,0.0,0.0,0.0,0.0,0.0,0.0,1.0,0.0,0.0,0.0,9.0,4.0,0.0,0.0,0.0,0.0,0.0,0.0,0.0,0.0,3.0,12.0,1.0,12.18,5.01,2.5,1.49,0.0,0.1,0.0,0.4,0.0,-0.8,-0.4,-1.2000000000000002,-169.70000000000002,0.0,0.0,169.8,0.0,21.200000000000003,29.5,29.5,30.1,300.0,300.0,31.4,35.300000000000004,29.4,28.6,30.5,4.95,2.0,4.97,0.16,0.0,0.0,1027.0,8228.0,0.0,0.0,0.0,0.0,0.0,1.0,0.0,0.0,0.0,0.0,0.0,-1.4,0.0,1.0,0.0,0.0001,16.0,25903.0
2026-07-30T19:00:33.255Z,202.738,202.752,0.0,7.4,0.0,0.0,0.0,0.0,0.0,0.0,0.0,0.0,1.0,0.0,0.0,0.0,9.0,4.0,0.0,0.0,0.0,0.0,0.0,0.0,0.0,0.0,5.0,12.0,1.0,12.18,5.01,2.5,1.49,0.0,0.0,0.0,0.4,0.0,-0.3,-0.4,0.4,-169.70000000000002,0.0,0.0,169.8,0.0,21.200000000000003,29.5,29.5,30.1,300.0,300.0,31.4,35.300000000000004,29.4,28.6,30.5,4.96,2.0,4.96,0.16,0.0,0.0,1027.0,8228.0,0.0,0.0,0.0,0.0,0.0,1.0,0.0,0.0,0.0,0.0,0.0,-0.1,0.0,-0.5,0.0,0.0,16.0,25903.0
2026-07-30T19:00:33.267Z,202.75,202.764,0.0,7.4,0.0,0.0,0.0,0.0,0.0,0.0,0.0,0.0,1.0,0.0,0.0,0.0,9.0,4.0,0.0,0.0,0.0,0.0,0.0,0.0,0.0,0.0,6.0,12.0,1.0,12.18,5.01,2.5,1.49,0.0,0.1,0.0,0.4,0.0,-0.2,-0.4,-0.1,-169.70000000000002,0.0,0.0,169.70000000000002,0.0,21.200000000000003,29.5,29.5,30.1,300.0,300.0,31.4,35.300000000000004,29.4,28.6,30.5,4.95,2.0,4.96,0.16,0.0,0.0,1027.0,8228.0,0.0,0.0,0.0,0.0,0.0,1.0,0.0,0.0,0.0,0.0,0.0,-0.6000000000000001,0.0,0.0,0.0,0.0001,16.0,25903.0
2026-07-30T19:00:33.279Z,202.762,202.776,0.0,7.4,0.0,0.0,0.0,0.0,0.0,0.0,0.0,0.0,1.0,0.0,0.0,0.0,9.0,4.0,0.0,0.0,0.0,0.0,0.0,0.0,0.0,0.0,1.0,12.0,1.0,12.15,5.01,2.51,1.49,0.0,0.0,0.0,0.4,0.0,0.8,1.2000000000000002,1.6,-169.70000000000002,0.0,0.0,169.70000000000002,0.0,21.8,29.5,29.5,30.1,300.0,300.0,31.4,35.300000000000004,29.4,28.6,30.5,4.95,1.99,4.97,0.16,0.0,0.0,1027.0,8228.0,0.0,0.0,0.0,0.0,0.0,1.0,0.0,0.0,0.0,0.0,0.0,2.7,0.0,-1.1,0.0,0.0,16.0,25903.0
2026-07-30T19:00:33.291Z,202.774,202.788,0.0,7.4,0.0,0.0,0.0,0.0,0.0,0.0,0.0,0.0,1.0,0.0,0.0,0.0,9.0,4.0,0.0,0.0,0.0,0.0,0.0,0.0,0.0,0.0,2.0,12.0,1.0,12.15,5.01,2.51,1.49,0.0,0.0,0.0,0.4,0.0,0.9,0.1,-1.2000000000000002,-169.70000000000002,0.0,0.0,169.8,0.0,21.8,29.5,29.5,30.1,300.0,300.0,31.4,35.300000000000004,29.4,28.6,30.5,4.95,1.99,4.97,0.16,0.0,0.0,1027.0,8228.0,0.0,0.0,0.0,0.0,0.0,1.0,0.0,0.0,0.0,0.0,0.0,-0.7000000000000001,0.0,1.1,0.0,0.0001,16.0,25903.0
2026-07-30T19:00:33.303Z,202.786,202.8,0.0,7.4,0.0,0.0,0.0,0.0,0.0,0.0,0.0,0.0,1.0,0.0,0.0,0.0,9.0,4.0,0.0,0.0,0.0,0.0,0.0,0.0,0.0,0.0,2.0,12.0,1.0,12.15,5.01,2.51,1.49,0.0,0.0,0.0,0.4,0.0,0.3,0.1,0.5,-169.70000000000002,0.0,0.0,169.70000000000002,0.0,21.8,29.5,29.5,30.1,300.0,300.0,31.4,35.300000000000004,29.4,28.6,30.5,4.96,1.99,4.96,0.16,0.0,0.0,1027.0,8228.0,0.0,0.0,0.0,0.0,0.0,1.0,0.0,0.0,0.0,0.0,0.0,0.5,0.0,-0.4,0.0,0.0,16.0,25903.0
2026-07-30T19:00:33.315Z,202.798,202.812,0.0,7.4,0.0,0.0,0.0,0.0,0.0,0.0,0.0,0.0,1.0,0.0,0.0,0.0,9.0,4.0,0.0,0.0,0.0,0.0,0.0,0.0,0.0,0.0,3.0,12.0,1.0,12.15,5.01,2.51,1.49,0.0,0.0,0.0,0.4,0.0,-0.2,0.1,1.6,-169.70000000000002,0.0,0.0,169.60000000000002,0.0,21.8,29.5,29.5,30.1,300.0,300.0,31.4,35.300000000000004,29.4,28.6,30.5,4.95,1.99,4.97,0.16,0.0,0.0,1027.0,8228.0,0.0,0.0,0.0,0.0,0.0,1.0,0.0,0.0,0.0,0.0,0.0,1.3,0.0,-1.4,0.0,0.0,16.0,25903.0
2026-07-30T19:00:33.327Z,202.81,202.824,0.0,7.4,0.0,0.0,0.0,0.0,0.0,0.0,0.0,0.0,1.0,0.0,0.0,0.0,9.0,4.0,0.0,0.0,0.0,0.0,0.0,0.0,0.0,0.0,4.0,12.0,1.0,12.15,5.01,2.51,1.49,0.0,0.1,0.0,0.4,0.0,-0.2,0.7000000000000001,0.0,-169.70000000000002,0.0,0.0,169.70000000000002,0.0,21.8,29.5,29.5,30.1,300.0,300.0,31.4,35.300000000000004,29.4,28.6,30.5,4.95,1.99,4.96,0.17,0.0,0.0,1027.0,8228.0,0.0,0.0,0.0,0.0,0.0,1.0,0.0,0.0,0.0,0.0,0.0,0.8,0.0,0.1,0.0,0.0001,16.0,25903.0
2026-07-30T19:00:33.346Z,202.829,202.836,0.0,7.4,0.0,0.0,0.0,0.0,0.0,0.0,0.0,0.0,1.0,0.0,0.0,0.0,9.0,4.0,0.0,0.0,0.0,0.0,0.0,0.0,0.0,0.0,6.0,12.0,1.0,12.15,5.01,2.51,1.49,0.0,0.1,0.0,0.4,0.0,-0.8,1.3,0.5,-169.70000000000002,0.0,0.0,169.70000000000002,0.0,21.8,29.5,29.5,30.1,300.0,300.0,31.4,35.300000000000004,29.4,28.6,30.5,4.96,1.99,4.96,0.16,0.0,0.0,1027.0,8228.0,0.0,0.0,0.0,0.0,0.0,1.0,0.0,0.0,0.0,0.0,0.0,1.9,0.0,-0.2,0.0,0.0001,16.0,25903.0
2026-07-30T19:00:33.352Z,202.835,202.848,0.0,7.4,0.0,0.0,0.0,0.0,0.0,0.0,0.0,0.0,1.0,0.0,0.0,0.0,9.0,4.0,0.0,0.0,0.0,0.0,0.0,0.0,0.0,0.0,4.0,12.0,1.0,12.15,5.01,2.51,1.49,0.0,0.0,0.0,0.4,0.0,-0.2,0.7000000000000001,-1.1,-169.70000000000002,0.0,0.0,169.60000000000002,0.0,21.8,29.5,29.5,30.1,300.0,300.0,31.4,35.300000000000004,29.4,28.6,30.5,4.96,1.99,4.96,0.16,0.0,0.0,1027.0,8228.0,0.0,0.0,0.0,0.0,0.0,1.0,0.0,0.0,0.0,0.0,0.0,0.0,0.0,1.1,0.0,0.0,16.0,25903.0
2026-07-30T19:00:33.363Z,202.846,202.86,0.0,7.4,0.0,0.0,0.0,0.0,0.0,0.0,0.0,0.0,1.0,0.0,0.0,0.0,9.0,4.0,0.0,0.0,0.0,0.0,0.0,0.0,0.0,0.0,3.0,12.0,1.0,12.15,5.01,2.51,1.49,0.0,0.0,0.0,0.4,0.0,0.9,-1.0,-0.5,-169.70000000000002,0.0,0.0,169.70000000000002,0.0,21.8,29.5,29.5,30.1,300.0,300.0,31.4,35.300000000000004,29.4,28.6,30.5,4.95,1.99,4.97,0.16,0.0,0.0,1027.0,8228.0,0.0,0.0,0.0,0.0,0.0,1.0,0.0,0.0,0.0,0.0,0.0,-1.6,0.0,0.2,0.0,0.0001,16.0,25903.0
2026-07-30T19:00:33.376Z,202.859,202.872,0.0,7.4,0.0,0.0,0.0,0.0,0.0,0.0,0.0,0.0,1.0,0.0,0.0,0.0,9.0,4.0,0.0,0.0,0.0,0.0,0.0,0.0,0.0,0.0,4.0,12.0,1.0,12.18,5.0200000000000005,2.51,1.49,0.0,0.0,0.0,0.4,0.0,0.3,1.2000000000000002,2.3000000000000003,-169.70000000000002,0.0,0.0,169.70000000000002,0.0,21.8,29.5,29.5,30.1,300.0,300.0,31.4,35.2,29.4,28.6,30.5,4.95,2.0,4.96,0.16,0.0,0.0,1027.0,8228.0,0.0,0.0,0.0,0.0,0.0,1.0,0.0,0.0,0.0,0.0,0.0,3.2,0.0,-1.8,0.0,0.0001,16.0,25903.0
2026-07-30T19:00:33.387Z,202.87,202.884,0.0,7.4,0.0,0.0,0.0,0.0,0.0,0.0,0.0,0.0,1.0,0.0,0.0,0.0,9.0,4.0,0.0,0.0,0.0,0.0,0.0,0.0,0.0,0.0,4.0,12.0,1.0,12.18,5.0200000000000005,2.51,1.49,0.0,0.1,0.0,0.4,0.0,-0.2,0.1,-0.6000000000000001,-169.70000000000002,0.0,0.0,169.60000000000002,0.0,21.8,29.5,29.5,30.1,300.0,300.0,31.4,35.2,29.4,28.6,30.5,4.96,2.0,4.96,0.16,0.0,0.0,1027.0,8228.0,0.0,0.0,0.0,0.0,0.0,1.0,0.0,0.0,0.0,0.0,0.0,-0.3,0.0,0.5,0.0,0.0,16.0,25903.0
2026-07-30T19:00:33.399Z,202.882,202.896,0.0,7.4,0.0,0.0,0.0,0.0,0.0,0.0,0.0,0.0,1.0,0.0,0.0,0.0,9.0,4.0,0.0,0.0,0.0,0.0,0.0,0.0,0.0,0.0,6.0,12.0,1.0,12.18,5.0200000000000005,2.51,1.49,0.0,0.0,0.0,0.4,0.0,-0.2,0.7000000000000001,1.1,-169.70000000000002,0.0,0.0,169.8,0.0,21.8,29.5,29.5,30.1,300.0,300.0,31.4,35.2,29.4,28.6,30.5,4.95,2.0,4.97,0.16,0.0,0.0,1027.0,8228.0,0.0,0.0,0.0,0.0,0.0,1.0,0.0,0.0,0.0,0.0,0.0,1.6,0.0,-0.8,0.0,0.0001,16.0,25903.0
2026-07-30T19:00:33.411Z,202.894,202.908,0.0,7.4,0.0,0.0,0.0,0.0,0.0,0.0,0.0,0.0,1.0,0.0,0.0,0.0,9.0,4.0,0.0,0.0,0.0,0.0,0.0,0.0,0.0,0.0,1.0,12.0,1.0,12.18,5.0200000000000005,2.51,1.49,0.0,0.1,0.0,0.4,0.0,-0.1,-1.6,0.0,-169.70000000000002,0.0,0.0,169.70000000000002,0.0,21.8,29.5,29.5,30.1,300.0,300.0,31.4,35.2,29.4,28.6,30.5,4.96,2.0,4.97,0.16,0.0,0.0,1027.0,8228.0,0.0,0.0,0.0,0.0,0.0,1.0,0.0,0.0,0.0,0.0,0.0,-1.8,0.0,-0.3,0.0,0.0002,16.0,25903.0
2026-07-30T19:00:33.423Z,202.906,202.92,0.0,7.4,0.0,0.0,0.0,0.0,0.0,0.0,0.0,0.0,1.0,0.0,0.0,0.0,9.0,4.0,0.0,0.0,0.0,0.0,0.0,0.0,0.0,0.0,3.0,12.0,1.0,12.18,5.0200000000000005,2.51,1.49,0.0,0.0,0.0,0.4,0.0,0.4,0.1,-0.5,-169.70000000000002,0.0,0.0,169.8,0.0,21.8,29.5,29.5,30.1,300.0,300.0,31.4,35.2,29.4,28.6,30.5,4.96,1.99,4.96,0.16,0.0,0.0,1027.0,8228.0,0.0,0.0,0.0,0.0,0.0,1.0,0.0,0.0,0.0,0.0,0.0,-0.1,0.0,0.4,0.0,0.0,16.0,25903.0
2026-07-30T19:00:33.435Z,202.918,202.932,0.0,7.4,0.0,0.0,0.0,0.0,0.0,0.0,0.0,0.0,1.0,0.0,0.0,0.0,9.0,4.0,0.0,0.0,0.0,0.0,0.0,0.0,0.0,0.0,4.0,12.0,1.0,12.18,5.0200000000000005,2.51,1.49,0.0,0.0,0.0,0.4,0.0,0.4,0.7000000000000001,1.7000000000000002,-169.70000000000002,0.0,0.0,169.70000000000002,0.0,21.8,29.5,29.5,30.1,300.0,300.0,31.4,35.2,29.4,28.6,30.5,4.96,1.99,4.96,0.16,0.0,0.0,1027.0,8228.0,0.0,0.0,0.0,0.0,0.0,1.0,0.0,0.0,0.0,0.0,0.0,2.1,0.0,-1.4,0.0,0.0,16.0,25903.0
2026-07-30T19:00:33.447Z,202.93,202.944,0.0,7.4,0.0,0.0,0.0,0.0,0.0,0.0,0.0,0.0,1.0,0.0,0.0,0.0,9.0,4.0,0.0,0.0,0.0,0.0,0.0,0.0,0.0,0.0,6.0,12.0,1.0,12.18,5.0200000000000005,2.51,1.49,0.0,0.0,0.0,0.4,0.0,0.3,-1.0,0.0,-169.70000000000002,0.0,0.0,169.70000000000002,0.0,21.8,29.5,29.5,30.1,300.0,300.0,31.4,35.2,29.4,28.6,30.5,4.96,1.99,4.97,0.16,0.0,0.0,1027.0,8228.0,0.0,0.0,0.0,0.0,0.0,1.0,0.0,0.0,0.0,0.0,0.0,-1.1,0.0,-0.2,0.0,0.0,16.0,25903.0
2026-07-30T19:00:33.459Z,202.942,202.956,0.0,7.4,0.0,0.0,0.0,0.0,0.0,0.0,0.0,0.0,1.0,0.0,0.0,0.0,9.0,4.0,0.0,0.0,0.0,0.0,0.0,0.0,0.0,0.0,2.0,12.0,1.0,12.18,5.0200000000000005,2.51,1.49,0.0,0.0,0.0,0.5,0.0,0.3,-0.4,0.0,-169.70000000000002,0.0,0.0,169.60000000000002,0.0,21.8,29.5,29.5,30.1,300.0,300.0,31.4,35.2,29.4,28.6,30.5,4.96,2.0,4.96,0.16,0.0,0.0,1027.0,8228.0,0.0,0.0,0.0,0.0,0.0,1.0,0.0,0.0,0.0,0.0,0.0,-0.4,0.0,-0.1,0.0,0.0,16.0,25903.0
2026-07-30T19:00:33.471Z,202.954,202.968,0.0,7.4,0.0,0.0,0.0,0.0,0.0,0.0,0.0,0.0,1.0,0.0,0.0,0.0,9.0,4.0,0.0,0.0,0.0,0.0,0.0,0.0,0.0,0.0,3.0,12.0,1.0,12.18,5.0200000000000005,2.51,1.49,0.0,0.0,0.0,0.5,0.0,0.3,0.7000000000000001,0.0,-169.70000000000002,0.0,0.0,169.70000000000002,0.0,21.8,29.5,29.5,30.1,300.0,300.0,31.4,35.2,29.4,28.6,30.5,4.96,1.99,4.96,0.16,0.0,0.0,1027.0,8228.0,0.0,0.0,0.0,0.0,0.0,1.0,0.0,0.0,0.0,0.0,0.0,0.8,0.0,0.0,0.0,0.0001,16.0,25903.0
2026-07-30T19:00:33.483Z,202.966,202.98,0.0,7.4,0.0,0.0,0.0,0.0,0.0,0.0,0.0,0.0,1.0,0.0,0.0,0.0,9.0,4.0,0.0,0.0,0.0,0.0,0.0,0.0,0.0,0.0,5.0,12.0,1.0,12.11,5.0200000000000005,2.51,1.5,0.0,0.0,0.0,0.4,0.0,-0.1,0.1,-0.5,-169.70000000000002,0.0,0.0,169.8,0.0,21.700000000000003,29.5,29.5,30.1,300.0,300.0,31.5,35.2,29.4,28.6,30.5,4.95,1.99,4.96,0.16,0.0,0.0,1027.0,8228.0,0.0,0.0,0.0,0.0,0.0,1.0,0.0,0.0,0.0,0.0,0.0,-0.2,0.0,0.4,0.0,0.0001,16.0,25903.0
2026-07-30T19:00:33.495Z,202.978,202.992,0.0,7.4,0.0,0.0,0.0,0.0,0.0,0.0,0.0,0.0,1.0,0.0,0.0,0.0,9.0,4.0,0.0,0.0,0.0,0.0,0.0,0.0,0.0,0.0,6.0,12.0,1.0,12.11,5.0200000000000005,2.51,1.5,0.0,0.0,0.0,0.4,0.0,-0.7000000000000001,0.1,1.2000000000000002,-169.70000000000002,0.0,0.0,169.8,0.0,21.700000000000003,29.5,29.5,30.1,300.0,300.0,31.5,35.2,29.4,28.6,30.5,4.96,1.99,4.97,0.16,0.0,0.0,1027.0,8228.0,0.0,0.0,0.0,0.0,0.0,1.0,0.0,0.0,0.0,0.0,0.0,1.3,0.0,-0.4,0.0,0.0001,16.0,25903.0
2026-07-30T19:00:33.507Z,202.99,203.004,0.0,7.4,0.0,0.0,0.0,0.0,0.0,0.0,0.0,0.0,1.0,0.0,0.0,0.0,9.0,4.0,0.0,0.0,0.0,0.0,0.0,0.0,0.0,0.0,2.0,12.0,1.0,12.11,5.0200000000000005,2.51,1.5,0.0,0.0,0.0,0.4,0.0,-0.2,-1.0,-0.5,-169.70000000000002,0.0,0.0,169.8,0.0,21.700000000000003,29.5,29.5,30.1,300.0,300.0,31.5,35.2,29.4,28.6,30.5,4.96,1.99,4.97,0.16,0.0,0.0,1027.0,8228.0,0.0,0.0,0.0,0.0,0.0,1.0,0.0,0.0,0.0,0.0,0.0,0.1,0.0,0.0,0.0,0.0,16.0,25903.0
2026-07-30T19:00:33.519Z,203.002,203.016,0.0,7.4,0.0,0.0,0.0,0.0,0.0,0.0,0.0,0.0,1.0,0.0,0.0,0.0,9.0,4.0,0.0,0.0,0.0,0.0,0.0,0.0,0.0,0.0,3.0,12.0,1.0,12.11,5.0200000000000005,2.51,1.5,0.0,0.0,0.0,0.4,0.0,-0.8,1.2000000000000002,1.7000000000000002,-169.70000000000002,0.0,0.0,169.70000000000002,0.0,21.700000000000003,29.5,29.5,30.1,300.0,300.0,31.5,35.2,29.4,28.6,30.5,4.96,1.99,4.96,0.16,0.0,0.0,1027.0,8228.0,0.0,0.0,0.0,0.0,0.0,1.0,0.0,0.0,0.0,0.0,0.0,0.9,0.0,0.7000000000000001,0.0,0.0001,16.0,25903.0
2026-07-30T19:00:33.531Z,203.014,203.028,0.0,7.4,0.0,0.0,0.0,0.0,0.0,0.0,0.0,0.0,1.0,0.0,0.0,0.0,9.0,4.0,0.0,0.0,0.0,0.0,0.0,0.0,0.0,0.0,5.0,12.0,1.0,12.11,5.0200000000000005,2.51,1.5,0.0,0.0,0.0,0.5,0.0,0.3,0.0,-0.6000000000000001,-169.70000000000002,0.0,0.0,169.8,0.0,21.700000000000003,29.5,29.5,30.1,300.0,300.0,31.5,35.2,29.4,28.6,30.5,4.95,1.99,4.96,0.16,0.0,0.0,1027.0,8228.0,0.0,0.0,0.0,0.0,0.0,1.0,0.0,0.0,0.0,0.0,0.0,0.5,0.0,-0.4,0.0,0.0001,16.0,25903.0
2026-07-30T19:00:33.543Z,203.026,203.04,0.0,7.4,0.0,0.0,0.0,0.0,0.0,0.0,0.0,0.0,1.0,0.0,0.0,0.0,9.0,4.0,0.0,0.0,0.0,0.0,0.0,0.0,0.0,0.0,6.0,12.0,1.0,12.11,5.0200000000000005,2.51,1.5,0.0,0.1,0.0,0.5,0.0,0.3,0.1,0.0,-169.70000000000002,0.0,0.0,169.8,0.0,21.700000000000003,29.5,29.5,30.1,300.0,300.0,31.5,35.2,29.4,28.6,30.5,4.96,1.99,4.96,0.16,0.0,0.0,1027.0,8228.0,0.0,0.0,0.0,0.0,0.0,1.0,0.0,0.0,0.0,0.0,0.0,0.1,0.0,0.0,0.0,0.0,16.0,25903.0
2026-07-30T19:00:33.555Z,203.038,203.052,0.0,7.4,0.0,0.0,0.0,0.0,0.0,0.0,0.0,0.0,1.0,0.0,0.0,0.0,9.0,4.0,0.0,0.0,0.0,0.0,0.0,0.0,0.0,0.0,2.0,12.0,1.0,12.11,5.0200000000000005,2.51,1.5,0.0,0.0,0.0,0.4,0.0,0.3,0.6000000000000001,0.0,-169.70000000000002,0.0,0.0,169.8,0.0,21.700000000000003,29.5,29.5,30.1,300.0,300.0,31.5,35.2,29.4,28.6,30.5,4.95,1.99,4.97,0.16,0.0,0.0,1027.0,8228.0,0.0,0.0,0.0,0.0,0.0,1.0,0.0,0.0,0.0,0.0,0.0,0.7000000000000001,0.0,0.1,0.0,0.0001,16.0,25903.0
2026-07-30T19:00:33.567Z,203.05,203.064,0.0,7.4,0.0,0.0,0.0,0.0,0.0,0.0,0.0,0.0,1.0,0.0,0.0,0.0,9.0,4.0,0.0,0.0,0.0,0.0,0.0,0.0,0.0,0.0,3.0,12.0,1.0,12.11,5.0200000000000005,2.51,1.5,0.0,0.0,0.0,0.4,0.0,0.3,0.6000000000000001,0.0,-169.70000000000002,0.0,0.0,169.70000000000002,0.0,21.700000000000003,29.5,29.5,30.1,300.0,300.0,31.5,35.2,29.4,28.6,30.5,4.95,1.99,4.97,0.16,0.0,0.0,1027.0,8228.0,0.0,0.0,0.0,0.0,0.0,1.0,0.0,0.0,0.0,0.0,0.0,0.7000000000000001,0.0,0.1,0.0,0.0,16.0,25903.0
2026-07-30T19:00:33.580Z,203.063,203.076,0.0,7.4,0.0,0.0,0.0,0.0,0.0,0.0,0.0,0.0,1.0,0.0,0.0,0.0,9.0,4.0,0.0,0.0,0.0,0.0,0.0,0.0,0.0,0.0,5.0,12.0,1.0,12.18,5.01,2.51,1.49,0.0,0.0,0.0,0.4,0.0,-0.7000000000000001,0.0,0.0,-169.70000000000002,0.0,0.0,169.8,0.0,21.700000000000003,29.5,29.5,30.1,300.0,300.0,31.5,35.2,29.4,28.6,30.5,4.95,1.99,4.97,0.16,0.0,0.0,1027.0,8228.0,0.0,0.0,0.0,0.0,0.0,1.0,0.0,0.0,0.0,0.0,0.0,0.0,0.0,0.0,0.0,0.0001,16.0,25903.0
2026-07-30T19:00:33.591Z,203.074,203.088,0.0,7.4,0.0,0.0,0.0,0.0,0.0,0.0,0.0,0.0,1.0,0.0,0.0,0.0,9.0,4.0,0.0,0.0,0.0,0.0,0.0,0.0,0.0,0.0,6.0,12.0,1.0,12.18,5.01,2.51,1.49,0.0,0.1,0.0,0.4,0.0,0.9,-0.4,0.5,-169.70000000000002,0.0,0.0,169.60000000000002,0.0,21.700000000000003,29.5,29.5,30.1,300.0,300.0,31.5,35.2,29.4,28.6,30.5,4.96,1.99,4.96,0.16,0.0,0.0,1027.0,8228.0,0.0,0.0,0.0,0.0,0.0,1.0,0.0,0.0,0.0,0.0,0.0,-0.1,0.0,-0.5,0.0,0.0001,16.0,25903.0
2026-07-30T19:00:33.603Z,203.086,203.1,0.0,7.4,0.0,0.0,0.0,0.0,0.0,0.0,0.0,0.0,1.0,0.0,0.0,0.0,9.0,4.0,0.0,0.0,0.0,0.0,0.0,0.0,0.0,0.0,1.0,12.0,1.0,12.18,5.01,2.51,1.49,0.0,0.0,0.0,0.4,0.0,-0.2,0.0,-0.6000000000000001,-169.70000000000002,0.0,0.0,169.70000000000002,0.0,21.700000000000003,29.5,29.5,30.1,300.0,300.0,31.5,35.2,29.4,28.6,30.5,4.95,1.99,4.96,0.16,0.0,0.0,1027.0,8228.0,0.0,0.0,0.0,0.0,0.0,1.0,0.0,0.0,0.0,0.0,0.0,-0.3,0.0,0.5,0.0,0.0002,16.0,25903.0
2026-07-30T19:00:33.615Z,203.098,203.112,0.0,7.4,0.0,0.0,0.0,0.0,0.0,0.0,0.0,0.0,1.0,0.0,0.0,0.0,9.0,4.0,0.0,0.0,0.0,0.0,0.0,0.0,0.0,0.0,2.0,12.0,1.0,12.18,5.01,2.51,1.49,0.0,0.0,0.0,0.5,0.0,1.0,0.6000000000000001,1.1,-169.70000000000002,0.0,0.0,169.70000000000002,0.0,21.700000000000003,29.5,29.5,30.1,300.0,300.0,31.5,35.2,29.4,28.6,30.5,4.95,1.99,4.96,0.16,0.0,0.0,1027.0,8228.0,0.0,0.0,0.0,0.0,0.0,1.0,0.0,0.0,0.0,0.0,0.0,1.6,0.0,-0.8,0.0,0.0,16.0,25903.0
2026-07-30T19:00:33.627Z,203.11,203.124,0.0,7.4,0.0,0.0,0.0,0.0,0.0,0.0,0.0,0.0,1.0,0.0,0.0,0.0,9.0,4.0,0.0,0.0,0.0,0.0,0.0,0.0,0.0,0.0,3.0,12.0,1.0,12.18,5.01,2.51,1.49,0.0,0.0,0.0,0.4,0.0,0.3,0.0,0.0,-169.70000000000002,0.0,0.0,169.70000000000002,0.0,21.700000000000003,29.5,29.5,30.1,300.0,300.0,31.5,35.2,29.4,28.6,30.5,4.96,1.99,4.96,0.16,0.0,0.0,1027.0,8228.0,0.0,0.0,0.0,0.0,0.0,1.0,0.0,0.0,0.0,0.0,0.0,0.0,0.0,0.0,0.0,0.0,16.0,25903.0
2026-07-30T19:00:33.639Z,203.122,203.136,0.0,7.4,0.0,0.0,0.0,0.0,0.0,0.0,0.0,0.0,1.0,0.0,0.0,0.0,9.0,4.0,0.0,0.0,0.0,0.0,0.0,0.0,0.0,0.0,4.0,12.0,1.0,12.18,5.01,2.51,1.49,0.0,0.0,0.0,0.4,0.0,0.3,0.0,-1.1,-169.70000000000002,0.0,0.0,169.70000000000002,0.0,21.700000000000003,29.5,29.5,30.1,300.0,300.0,31.5,35.2,29.4,28.6,30.5,4.95,1.99,4.97,0.16,0.0,0.0,1027.0,8228.0,0.0,0.0,0.0,0.0,0.0,1.0,0.0,0.0,0.0,0.0,0.0,-0.8,0.0,1.0,0.0,0.0001,16.0,25903.0
2026-07-30T19:00:33.651Z,203.134,203.148,0.0,7.4,0.0,0.0,0.0,0.0,0.0,0.0,0.0,0.0,1.0,0.0,0.0,0.0,9.0,4.0,0.0,0.0,0.0,0.0,0.0,0.0,0.0,0.0,5.0,12.0,1.0,12.18,5.01,2.51,1.49,0.0,0.0,0.0,0.4,0.0,-0.2,0.6000000000000001,0.0,-169.70000000000002,0.0,0.0,169.70000000000002,0.0,21.700000000000003,29.5,29.5,30.1,300.0,300.0,31.5,35.2,29.4,28.6,30.5,4.96,2.0,4.96,0.16,0.0,0.0,1027.0,8228.0,0.0,0.0,0.0,0.0,0.0,1.0,0.0,0.0,0.0,0.0,0.0,0.6000000000000001,0.0,0.1,0.0,0.0,16.0,25903.0
2026-07-30T19:00:33.668Z,203.151,203.16,0.0,7.4,0.0,0.0,0.0,0.0,0.0,0.0,0.0,0.0,1.0,0.0,0.0,0.0,9.0,4.0,0.0,0.0,0.0,0.0,0.0,0.0,0.0,0.0,6.0,12.0,1.0,12.18,5.01,2.51,1.49,0.0,0.1,0.0,0.4,0.0,0.3,1.2000000000000002,-1.2000000000000002,-169.70000000000002,0.0,0.0,169.8,0.0,21.700000000000003,29.5,29.5,30.1,300.0,300.0,31.5,35.2,29.4,28.6,30.5,4.96,1.99,4.97,0.16,0.0,0.0,1027.0,8228.0,0.0,0.0,0.0,0.0,0.0,1.0,0.0,0.0,0.0,0.0,0.0,0.4,0.0,1.3,0.0,0.0001,16.0,25903.0
2026-07-30T19:00:33.675Z,203.158,203.172,0.0,7.4,0.0,0.0,0.0,0.0,0.0,0.0,0.0,0.0,1.0,0.0,0.0,0.0,9.0,4.0,0.0,0.0,0.0,0.0,0.0,0.0,0.0,0.0,4.0,12.0,1.0,12.18,5.01,2.51,1.49,0.0,0.1,0.0,0.4,0.0,-0.8,-0.5,-1.2000000000000002,-169.70000000000002,0.0,0.0,169.70000000000002,0.0,21.700000000000003,29.5,29.5,30.1,300.0,300.0,31.5,35.2,29.4,28.6,30.5,4.95,1.99,4.97,0.16,0.0,0.0,1027.0,8228.0,0.0,0.0,0.0,0.0,0.0,1.0,0.0,0.0,0.0,0.0,0.0,-1.5,0.0,0.9,0.0,0.0002,16.0,25903.0
2026-07-30T19:00:33.687Z,203.17,203.184,0.0,7.4,0.0,0.0,0.0,0.0,0.0,0.0,0.0,0.0,1.0,0.0,0.0,0.0,9.0,4.0,0.0,0.0,0.0,0.0,0.0,0.0,0.0,0.0,5.0,12.0,1.0,12.17,5.01,2.51,1.49,0.0,0.0,0.0,0.4,0.0,0.3,0.6000000000000001,-0.1,-169.70000000000002,0.0,0.0,169.70000000000002,0.0,21.3,29.5,29.5,30.1,300.0,300.0,31.5,35.2,29.4,28.6,30.5,4.95,1.99,4.97,0.16,0.0,0.0,1027.0,8228.0,0.0,0.0,0.0,0.0,0.0,1.0,0.0,0.0,0.0,0.0,0.0,0.6000000000000001,0.0,0.2,0.0,0.0001,16.0,25903.0
2026-07-30T19:00:33.699Z,203.182,203.196,0.0,7.4,0.0,0.0,0.0,0.0,0.0,0.0,0.0,0.0,1.0,0.0,0.0,0.0,9.0,4.0,0.0,0.0,0.0,0.0,0.0,0.0,0.0,0.0,6.0,12.0,1.0,12.17,5.01,2.51,1.49,0.0,0.0,0.0,0.4,0.0,0.3,-0.5,-0.1,-169.70000000000002,0.0,0.0,169.70000000000002,0.0,21.3,29.5,29.5,30.1,300.0,300.0,31.5,35.2,29.4,28.6,30.5,4.95,1.99,4.96,0.16,0.0,0.0,1027.0,8228.0,0.0,0.0,0.0,0.0,0.0,1.0,0.0,0.0,0.0,0.0,0.0,-0.7000000000000001,0.0,0.0,0.0,0.0002,16.0,25903.0
2026-07-30T19:00:33.711Z,203.194,203.208,0.0,7.4,0.0,0.0,0.0,0.0,0.0,0.0,0.0,0.0,1.0,0.0,0.0,0.0,9.0,4.0,0.0,0.0,0.0,0.0,0.0,0.0,0.0,0.0,1.0,12.0,1.0,12.17,5.01,2.51,1.49,0.0,0.0,0.0,0.4,0.0,-0.2,0.6000000000000001,1.6,-169.70000000000002,0.0,0.0,169.70000000000002,0.0,21.3,29.5,29.5,30.1,300.0,300.0,31.5,35.2,29.4,28.6,30.5,4.95,1.99,4.97,0.16,0.0,0.0,1027.0,8228.0,0.0,0.0,0.0,0.0,0.0,1.0,0.0,0.0,0.0,0.0,0.0,1.9,0.0,-1.3,0.0,0.0,16.0,25903.0
2026-07-30T19:00:33.723Z,203.206,203.22,0.0,7.4,0.0,0.0,0.0,0.0,0.0,0.0,0.0,0.0,1.0,0.0,0.0,0.0,9.0,4.0,0.0,0.0,0.0,0.0,0.0,0.0,0.0,0.0,2.0,12.0,1.0,12.17,5.01,2.51,1.49,0.0,0.0,0.0,0.4,0.0,-1.4,-0.5,-0.6000000000000001,-169.70000000000002,0.0,0.0,169.8,0.0,21.3,29.5,29.5,30.1,300.0,300.0,31.5,35.2,29.4,28.6,30.5,4.95,1.99,4.97,0.16,0.0,0.0,1027.0,8228.0,0.0,0.0,0.0,0.0,0.0,1.0,0.0,0.0,0.0,0.0,0.0,-1.1,0.0,0.4,0.0,0.0,16.0,25903.0
2026-07-30T19:00:33.735Z,203.218,203.232,0.0,7.4,0.0,0.0,0.0,0.0,0.0,0.0,0.0,0.0,1.0,0.0,0.0,0.0,9.0,4.0,0.0,0.0,0.0,0.0,0.0,0.0,0.0,0.0,4.0,12.0,1.0,12.17,5.01,2.51,1.49,0.0,0.0,0.0,0.4,0.0,-0.2,-1.7000000000000002,-0.6000000000000001,-169.70000000000002,0.0,0.0,169.8,0.0,21.3,29.5,29.5,30.1,300.0,300.0,31.5,35.2,29.4,28.6,30.5,4.96,1.99,4.96,0.16,0.0,0.0,1027.0,8228.0,0.0,0.0,0.0,0.0,0.0,1.0,0.0,0.0,0.0,0.0,0.0,-2.4000000000000004,0.0,0.2,0.0,0.0,16.0,25903.0
2026-07-30T19:00:33.747Z,203.23,203.244,0.0,7.4,0.0,0.0,0.0,0.0,0.0,0.0,0.0,0.0,1.0,0.0,0.0,0.0,9.0,4.0,0.0,0.0,0.0,0.0,0.0,0.0,0.0,0.0,5.0,12.0,1.0,12.17,5.01,2.51,1.49,0.0,0.0,0.0,0.4,0.0,-0.8,-1.1,0.0,-169.70000000000002,0.0,0.0,169.8,0.0,21.3,29.5,29.5,30.1,300.0,300.0,31.5,35.2,29.4,28.6,30.5,4.95,2.0,4.96,0.16,0.0,0.0,1027.0,8228.0,0.0,0.0,0.0,0.0,0.0,1.0,0.0,0.0,0.0,0.0,0.0,-1.3,0.0,-0.1,0.0,0.0,16.0,25903.0
2026-07-30T19:00:33.759Z,203.242,203.256,0.0,7.4,0.0,0.0,0.0,0.0,0.0,0.0,0.0,0.0,1.0,0.0,0.0,0.0,9.0,4.0,0.0,0.0,0.0,0.0,0.0,0.0,0.0,0.0,6.0,12.0,1.0,12.17,5.01,2.51,1.49,0.0,0.0,0.0,0.4,0.0,0.2,0.0,0.4,-169.70000000000002,0.0,0.0,169.8,0.0,21.3,29.5,29.5,30.1,300.0,300.0,31.5,35.2,29.4,28.6,30.5,4.95,1.99,4.97,0.16,0.0,0.0,1027.0,8228.0,0.0,0.0,0.0,0.0,0.0,1.0,0.0,0.0,0.0,0.0,0.0,0.4,0.0,-0.4,0.0,0.0002,16.0,25903.0
2026-07-30T19:00:33.772Z,203.255,203.268,0.0,7.4,0.0,0.0,0.0,0.0,0.0,0.0,0.0,0.0,1.0,0.0,0.0,0.0,9.0,4.0,0.0,0.0,0.0,0.0,0.0,0.0,0.0,0.0,1.0,12.0,1.0,12.17,5.01,2.51,1.49,0.0,0.0,0.0,0.4,0.0,0.2,-0.5,-0.6000000000000001,-169.70000000000002,0.0,0.0,169.8,0.0,21.3,29.5,29.5,30.1,300.0,300.0,31.5,35.2,29.4,28.6,30.5,4.95,2.0,4.97,0.16,0.0,0.0,1027.0,8228.0,0.0,0.0,0.0,0.0,0.0,1.0,0.0,0.0,0.0,0.0,0.0,-1.1,0.0,0.4,0.0,0.0001,16.0,25903.0
2026-07-30T19:00:33.784Z,203.267,203.28,0.0,7.4,0.0,0.0,0.0,0.0,0.0,0.0,0.0,0.0,1.0,0.0,0.0,0.0,9.0,4.0,0.0,0.0,0.0,0.0,0.0,0.0,0.0,0.0,2.0,12.0,1.0,12.18,5.01,2.51,1.49,0.0,0.0,0.0,0.4,0.0,0.3,-1.1,0.0,-169.70000000000002,0.0,0.0,169.8,0.0,21.8,29.5,29.5,30.1,300.0,300.0,31.5,35.2,29.4,28.6,30.5,4.96,2.0,4.96,0.16,0.0,0.0,1027.0,8228.0,0.0,0.0,0.0,0.0,0.0,1.0,0.0,0.0,0.0,0.0,0.0,-1.2000000000000002,0.0,-0.1,0.0,0.0,16.0,25903.0
2026-07-30T19:00:33.796Z,203.279,203.292,0.0,7.4,0.0,0.0,0.0,0.0,0.0,0.0,0.0,0.0,1.0,0.0,0.0,0.0,9.0,4.0,0.0,0.0,0.0,0.0,0.0,0.0,0.0,0.0,3.0,12.0,1.0,12.18,5.01,2.51,1.49,0.0,0.0,0.0,0.4,0.0,-0.3,0.6000000000000001,-0.7000000000000001,-169.70000000000002,0.0,0.0,169.70000000000002,0.0,21.8,29.5,29.5,30.1,300.0,300.0,31.5,35.2,29.4,28.6,30.5,4.95,1.99,4.97,0.16,0.0,0.0,1027.0,8228.0,0.0,0.0,0.0,0.0,0.0,1.0,0.0,0.0,0.0,0.0,0.0,0.2,0.0,0.7000000000000001,0.0,0.0002,16.0,25903.0
2026-07-30T19:00:33.807Z,203.29,203.304,0.0,7.4,0.0,0.0,0.0,0.0,0.0,0.0,0.0,0.0,1.0,0.0,0.0,0.0,9.0,4.0,0.0,0.0,0.0,0.0,0.0,0.0,0.0,0.0,5.0,12.0,1.0,12.18,5.01,2.51,1.49,0.0,0.0,0.0,0.4,0.0,0.2,1.2000000000000002,1.6,-169.70000000000002,0.0,0.0,169.70000000000002,0.0,21.8,29.5,29.5,30.1,300.0,300.0,31.5,35.2,29.4,28.6,30.5,4.95,1.99,4.96,0.16,0.0,0.0,1027.0,8228.0,0.0,0.0,0.0,0.0,0.0,1.0,0.0,0.0,0.0,0.0,0.0,2.6,0.0,-1.1,0.0,0.0,16.0,25903.0
2026-07-30T19:00:33.819Z,203.302,203.316,0.0,7.4,0.0,0.0,0.0,0.0,0.0,0.0,0.0,0.0,1.0,0.0,0.0,0.0,9.0,4.0,0.0,0.0,0.0,0.0,0.0,0.0,0.0,0.0,6.0,12.0,1.0,12.18,5.01,2.51,1.49,0.0,0.0,0.0,0.4,0.0,0.8,0.0,1.0,-169.70000000000002,0.0,0.0,169.70000000000002,0.0,21.8,29.5,29.5,30.1,300.0,300.0,31.5,35.2,29.4,28.6,30.5,4.95,2.0,4.96,0.16,0.0,0.0,1027.0,8228.0,0.0,0.0,0.0,0.0,0.0,1.0,0.0,0.0,0.0,0.0,0.0,0.9,0.0,-0.9,0.0,0.0001,16.0,25903.0
2026-07-30T19:00:33.831Z,203.314,203.328,0.0,7.4,0.0,0.0,0.0,0.0,0.0,0.0,0.0,0.0,1.0,0.0,0.0,0.0,9.0,4.0,0.0,0.0,0.0,0.0,0.0,0.0,0.0,0.0,1.0,12.0,1.0,12.18,5.01,2.51,1.49,0.0,0.0,0.0,0.5,0.0,0.3,-0.5,1.0,-169.70000000000002,0.0,0.0,169.60000000000002,0.0,21.8,29.5,29.5,30.1,300.0,300.0,31.5,35.2,29.4,28.6,30.5,4.96,2.0,4.96,0.16,0.0,0.0,1027.0,8228.0,0.0,0.0,0.0,0.0,0.0,1.0,0.0,0.0,0.0,0.0,0.0,0.2,0.0,-1.0,0.0,0.0,16.0,25903.0
2026-07-30T19:00:33.843Z,203.326,203.34,0.0,7.4,0.0,0.0,0.0,0.0,0.0,0.0,0.0,0.0,1.0,0.0,0.0,0.0,9.0,4.0,0.0,0.0,0.0,0.0,0.0,0.0,0.0,0.0,2.0,12.0,1.0,12.18,5.01,2.51,1.49,0.0,0.0,0.0,0.4,0.0,0.3,-0.4,-0.6000000000000001,-169.70000000000002,0.0,0.0,169.8,0.0,21.8,29.5,29.5,30.1,300.0,300.0,31.5,35.2,29.4,28.6,30.5,4.95,1.99,4.97,0.16,0.0,0.0,1027.0,8228.0,0.0,0.0,0.0,0.0,0.0,1.0,0.0,0.0,0.0,0.0,0.0,-1.0,0.0,0.5,0.0,0.0,16.0,25903.0
2026-07-30T19:00:33.855Z,203.338,203.352,0.0,7.4,0.0,0.0,0.0,0.0,0.0,0.0,0.0,0.0,1.0,0.0,0.0,0.0,9.0,4.0,0.0,0.0,0.0,0.0,0.0,0.0,0.0,0.0,3.0,12.0,1.0,12.18,5.01,2.51,1.49,0.0,0.0,0.0,0.4,0.0,-0.2,-1.0,-1.2000000000000002,-169.70000000000002,0.0,0.0,169.60000000000002,0.0,21.8,29.5,29.5,30.1,300.0,300.0,31.5,35.2,29.4,28.6,30.5,4.95,1.99,4.96,0.16,0.0,0.0,1027.0,8228.0,0.0,0.0,0.0,0.0,0.0,1.0,0.0,0.0,0.0,0.0,0.0,-2.1,0.0,0.8,0.0,0.0002,16.0,25903.0
2026-07-30T19:00:33.867Z,203.35,203.364,0.0,7.4,0.0,0.0,0.0,0.0,0.0,0.0,0.0,0.0,1.0,0.0,0.0,0.0,9.0,4.0,0.0,0.0,0.0,0.0,0.0,0.0,0.0,0.0,4.0,12.0,1.0,12.18,5.01,2.51,1.49,0.0,0.0,0.0,0.4,0.0,-0.2,0.6000000000000001,1.7000000000000002,-169.70000000000002,0.0,0.0,169.8,0.0,21.8,29.5,29.5,30.1,300.0,300.0,31.5,35.2,29.4,28.6,30.5,4.96,1.99,4.96,0.16,0.0,0.0,1027.0,8228.0,0.0,0.0,0.0,0.0,0.0,1.0,0.0,0.0,0.0,0.0,0.0,2.0,0.0,-1.3,0.0,0.0001,16.0,25903.0
2026-07-30T19:00:33.879Z,203.362,203.376,0.0,7.4,0.0,0.0,0.0,0.0,0.0,0.0,0.0,0.0,1.0,0.0,0.0,0.0,9.0,4.0,0.0,0.0,0.0,0.0,0.0,0.0,0.0,0.0,5.0,12.0,1.0,12.18,5.01,2.51,1.49,0.0,0.1,0.0,0.4,0.0,0.4,0.7000000000000001,0.0,-169.70000000000002,0.0,0.0,169.60000000000002,0.0,21.8,29.5,29.5,30.1,300.0,300.0,31.5,35.2,29.4,28.6,30.5,4.96,1.99,4.96,0.16,0.0,0.0,1027.0,8228.0,0.0,0.0,0.0,0.0,0.0,1.0,0.0,0.0,0.0,0.0,0.0,0.7000000000000001,0.0,0.1,0.0,0.0003,16.0,25903.0
2026-07-30T19:00:33.891Z,203.374,203.388,0.0,7.4,0.0,0.0,0.0,0.0,0.0,0.0,0.0,0.0,1.0,0.0,0.0,0.0,9.0,4.0,0.0,0.0,0.0,0.0,0.0,0.0,0.0,0.0,6.0,12.0,1.0,12.17,5.0200000000000005,2.5,1.5,0.0,0.0,0.0,0.5,0.0,-0.1,-1.0,-0.5,-169.70000000000002,0.0,0.0,169.70000000000002,0.0,21.700000000000003,29.5,29.5,30.1,300.0,300.0,31.4,35.300000000000004,29.4,28.6,30.5,4.95,1.99,4.96,0.16,0.0,0.0,1027.0,8228.0,0.0,0.0,0.0,0.0,0.0,1.0,0.0,0.0,0.0,0.0,0.0,-1.6,0.0,0.2,0.0,0.0002,16.0,25903.0
2026-07-30T19:00:33.903Z,203.386,203.4,0.0,7.4,0.0,0.0,0.0,0.0,0.0,0.0,0.0,0.0,1.0,0.0,0.0,0.0,9.0,4.0,0.0,0.0,0.0,0.0,0.0,0.0,0.0,0.0,1.0,12.0,1.0,12.17,5.0200000000000005,2.5,1.5,0.0,0.0,0.0,0.4,0.0,0.3,0.7000000000000001,-1.1,-169.70000000000002,0.0,0.0,169.60000000000002,0.0,21.700000000000003,29.5,29.5,30.1,300.0,300.0,31.4,35.300000000000004,29.4,28.6,30.5,4.95,1.99,4.97,0.16,0.0,0.0,1027.0,8228.0,0.0,0.0,0.0,0.0,0.0,1.0,0.0,0.0,0.0,0.0,0.0,0.0,0.0,1.1,0.0,0.0,16.0,25903.0
2026-07-30T19:00:33.916Z,203.399,203.412,0.0,7.4,0.0,0.0,0.0,0.0,0.0,0.0,0.0,0.0,1.0,0.0,0.0,0.0,9.0,4.0,0.0,0.0,0.0,0.0,0.0,0.0,0.0,0.0,2.0,12.0,1.0,12.17,5.0200000000000005,2.5,1.5,0.0,0.0,0.0,0.4,0.0,-0.1,-0.4,-0.5,-169.70000000000002,0.0,0.0,169.70000000000002,0.0,21.700000000000003,29.5,29.5,30.1,300.0,300.0,31.4,35.300000000000004,29.4,28.6,30.5,4.96,1.99,4.97,0.16,0.0,0.0,1027.0,8228.0,0.0,0.0,0.0,0.0,0.0,1.0,0.0,0.0,0.0,0.0,0.0,-0.9,0.0,0.4,0.0,0.0001,16.0,25903.0
2026-07-30T19:00:33.927Z,203.41,203.424,0.0,7.4,0.0,0.0,0.0,0.0,0.0,0.0,0.0,0.0,1.0,0.0,0.0,0.0,9.0,4.0,0.0,0.0,0.0,0.0,0.0,0.0,0.0,0.0,3.0,12.0,1.0,12.17,5.0200000000000005,2.5,1.5,0.0,0.0,0.0,0.4,0.0,-0.1,0.6000000000000001,0.0,-169.70000000000002,0.0,0.0,169.60000000000002,0.0,21.700000000000003,29.5,29.5,30.1,300.0,300.0,31.4,35.300000000000004,29.4,28.6,30.5,4.95,1.99,4.97,0.16,0.0,0.0,1027.0,8228.0,0.0,0.0,0.0,0.0,0.0,1.0,0.0,0.0,0.0,0.0,0.0,0.7000000000000001,0.0,0.1,0.0,0.0,16.0,25903.0
2026-07-30T19:00:33.939Z,203.422,203.436,0.0,7.4,0.0,0.0,0.0,0.0,0.0,0.0,0.0,0.0,1.0,0.0,0.0,0.0,9.0,4.0,0.0,0.0,0.0,0.0,0.0,0.0,0.0,0.0,5.0,12.0,1.0,12.17,5.0200000000000005,2.5,1.5,0.0,0.0,0.0,0.4,0.0,-0.7000000000000001,0.7000000000000001,-0.5,-169.70000000000002,0.0,0.0,169.70000000000002,0.0,21.700000000000003,29.5,29.5,30.1,300.0,300.0,31.4,35.300000000000004,29.4,28.6,30.5,4.96,1.99,4.96,0.16,0.0,0.0,1027.0,8228.0,0.0,0.0,0.0,0.0,0.0,1.0,0.0,0.0,0.0,0.0,0.0,0.4,0.0,0.5,0.0,0.0,16.0,25903.0
2026-07-30T19:00:33.951Z,203.434,203.448,0.0,7.4,0.0,0.0,0.0,0.0,0.0,0.0,0.0,0.0,1.0,0.0,0.0,0.0,9.0,4.0,0.0,0.0,0.0,0.0,0.0,0.0,0.0,0.0,6.0,12.0,1.0,12.17,5.0200000000000005,2.5,1.5,0.0,0.0,0.0,0.5,0.0,-0.1,-0.4,1.2000000000000002,-169.70000000000002,0.0,0.0,169.60000000000002,0.0,21.700000000000003,29.5,29.5,30.1,300.0,300.0,31.4,35.300000000000004,29.4,28.6,30.5,4.96,1.99,4.97,0.16,0.0,0.0,1027.0,8228.0,0.0,0.0,0.0,0.0,0.0,1.0,0.0,0.0,0.0,0.0,0.0,0.4,0.0,-1.2000000000000002,0.0,0.0,16.0,25903.0
2026-07-30T19:00:33.965Z,203.448,203.46,0.0,7.4,0.0,0.0,0.0,0.0,0.0,0.0,0.0,0.0,1.0,0.0,0.0,0.0,9.0,4.0,0.0,0.0,0.0,0.0,0.0,0.0,0.0,0.0,1.0,12.0,1.0,12.17,5.0200000000000005,2.5,1.5,0.0,0.0,0.0,0.4,0.0,-0.1,0.6000000000000001,-0.5,-169.70000000000002,0.0,0.0,169.60000000000002,0.0,21.700000000000003,29.5,29.5,30.1,300.0,300.0,31.4,35.300000000000004,29.4,28.6,30.5,4.95,2.0,4.97,0.16,0.0,0.0,1027.0,8228.0,0.0,0.0,0.0,0.0,0.0,1.0,0.0,0.0,0.0,0.0,0.0,0.3,0.0,0.6000000000000001,0.0,0.0,16.0,25903.0
2026-07-30T19:00:33.979Z,203.462,203.472,0.0,7.4,0.0,0.0,0.0,0.0,0.0,0.0,0.0,0.0,1.0,0.0,0.0,0.0,9.0,4.0,0.0,0.0,0.0,0.0,0.0,0.0,0.0,0.0,6.0,12.0,1.0,12.17,5.0200000000000005,2.5,1.5,0.0,0.0,0.0,0.4,0.0,-0.1,0.0,0.0,-169.70000000000002,0.0,0.0,169.70000000000002,0.0,21.700000000000003,29.5,29.5,30.1,300.0,300.0,31.4,35.300000000000004,29.4,28.6,30.5,4.95,2.0,4.96,0.16,0.0,0.0,1027.0,8228.0,0.0,0.0,0.0,0.0,0.0,1.0,0.0,0.0,0.0,0.0,0.0,0.0,0.0,0.0,0.0,0.0,16.0,25903.0
2026-07-30T19:00:33.988Z,203.471,203.484,0.0,7.4,0.0,0.0,0.0,0.0,0.0,0.0,0.0,0.0,1.0,0.0,0.0,0.0,9.0,4.0,0.0,0.0,0.0,0.0,0.0,0.0,0.0,0.0,5.0,12.0,1.0,12.13,5.0200000000000005,2.5,1.49,0.0,0.0,0.0,0.4,0.0,0.3,-1.1,-0.6000000000000001,-169.70000000000002,0.0,0.0,169.60000000000002,0.0,21.8,29.5,29.5,30.1,300.0,300.0,31.3,35.300000000000004,29.4,28.6,30.5,4.96,2.0,4.97,0.16,0.0,0.0,1027.0,8228.0,0.0,0.0,0.0,0.0,0.0,1.0,0.0,0.0,0.0,0.0,0.0,-1.7000000000000002,0.0,0.2,0.0,0.0001,16.0,25903.0
2026-07-30T19:00:33.999Z,203.482,203.496,0.0,7.4,0.0,0.0,0.0,0.0,0.0,0.0,0.0,0.0,1.0,0.0,0.0,0.0,9.0,4.0,0.0,0.0,0.0,0.0,0.0,0.0,0.0,0.0,6.0,12.0,1.0,12.13,5.0200000000000005,2.5,1.49,0.0,0.0,0.0,0.4,0.0,-0.2,0.0,-0.6000000000000001,-169.60000000000002,0.0,0.0,169.60000000000002,0.0,21.8,29.5,29.5,30.1,300.0,300.0,31.3,35.300000000000004,29.4,28.6,30.5,4.96,1.99,4.97,0.16,0.0,0.0,1027.0,8228.0,0.0,0.0,0.0,0.0,0.0,1.0,0.0,0.0,0.0,0.0,0.0,-0.5,0.0,0.5,0.0,0.0001,16.0,25903.0
2026-07-30T19:00:34.011Z,203.494,203.508,0.0,7.4,0.0,0.0,0.0,0.0,0.0,0.0,0.0,0.0,1.0,0.0,0.0,0.0,9.0,4.0,0.0,0.0,0.0,0.0,0.0,0.0,0.0,0.0,1.0,12.0,1.0,12.13,5.0200000000000005,2.5,1.49,0.0,0.0,0.0,0.4,0.0,0.3,-0.6000000000000001,1.0,-169.60000000000002,0.0,0.0,169.70000000000002,0.0,21.8,29.5,29.5,30.1,300.0,300.0,31.3,35.300000000000004,29.4,28.6,30.5,4.96,1.99,4.97,0.16,0.0,0.0,1027.0,8228.0,0.0,0.0,0.0,0.0,0.0,1.0,0.0,0.0,0.0,0.0,0.0,1.3,0.0,-0.8,0.0,0.0,16.0,25903.0
2026-07-30T19:00:34.023Z,203.506,203.52,0.0,7.4,0.0,0.0,0.0,0.0,0.0,0.0,0.0,0.0,1.0,0.0,0.0,0.0,9.0,4.0,0.0,0.0,0.0,0.0,0.0,0.0,0.0,0.0,2.0,12.0,1.0,12.13,5.0200000000000005,2.5,1.49,0.0,0.0,0.0,0.5,0.0,0.3,0.0,1.0,-169.60000000000002,0.0,0.0,169.70000000000002,0.0,21.8,29.5,29.5,30.1,300.0,300.0,31.3,35.300000000000004,29.4,28.6,30.5,4.96,1.99,4.96,0.16,0.0,0.0,1027.0,8228.0,0.0,0.0,0.0,0.0,0.0,1.0,0.0,0.0,0.0,0.0,0.0,0.1,0.0,0.7000000000000001,0.0,0.0,16.0,25903.0
2026-07-30T19:00:34.035Z,203.518,203.532,0.0,7.4,0.0,0.0,0.0,0.0,0.0,0.0,0.0,0.0,1.0,0.0,0.0,0.0,9.0,4.0,0.0,0.0,0.0,0.0,0.0,0.0,0.0,0.0,3.0,12.0,1.0,12.13,5.0200000000000005,2.5,1.49,0.0,0.1,0.0,0.4,0.0,0.2,-1.2000000000000002,-1.2000000000000002,-169.60000000000002,0.0,0.0,169.70000000000002,0.0,21.8,29.5,29.5,30.1,300.0,300.0,31.3,35.300000000000004,29.4,28.6,30.5,4.95,1.99,4.97,0.16,0.0,0.0,1027.0,8228.0,0.0,0.0,0.0,0.0,0.0,1.0,0.0,0.0,0.0,0.0,0.0,-1.9,0.0,0.3,0.0,0.0,16.0,25903.0
2026-07-30T19:00:34.048Z,203.531,203.544,0.0,7.4,0.0,0.0,0.0,0.0,0.0,0.0,0.0,0.0,1.0,0.0,0.0,0.0,9.0,4.0,0.0,0.0,0.0,0.0,0.0,0.0,0.0,0.0,4.0,12.0,1.0,12.13,5.0200000000000005,2.5,1.49,0.0,0.0,0.0,0.4,0.0,0.2,1.1,-0.1,-169.60000000000002,0.0,0.0,169.70000000000002,0.0,21.8,29.5,29.5,30.1,300.0,300.0,31.3,35.300000000000004,29.4,28.6,30.5,4.95,2.0,4.96,0.16,0.0,0.0,1027.0,8228.0,0.0,0.0,0.0,0.0,0.0,1.0,0.0,0.0,0.0,0.0,0.0,-0.1,0.0,0.1,0.0,0.0,16.0,25903.0
2026-07-30T19:00:34.059Z,203.542,203.556,0.0,7.4,0.0,0.0,0.0,0.0,0.0,0.0,0.0,0.0,1.0,0.0,0.0,0.0,9.0,4.0,0.0,0.0,0.0,0.0,0.0,0.0,0.0,0.0,5.0,12.0,1.0,12.13,5.0200000000000005,2.5,1.49,0.0,0.0,0.0,0.4,0.0,0.2,0.0,0.4,-169.60000000000002,0.0,0.0,169.70000000000002,0.0,21.8,29.5,29.5,30.1,300.0,300.0,31.3,35.300000000000004,29.4,28.6,30.5,4.95,2.0,4.96,0.16,0.0,0.0,1027.0,8228.0,0.0,0.0,0.0,0.0,0.0,1.0,0.0,0.0,0.0,0.0,0.0,0.2,0.0,-0.3,0.0,0.0,16.0,25903.0
2026-07-30T19:00:34.071Z,203.554,203.568,0.0,7.4,0.0,0.0,0.0,0.0,0.0,0.0,0.0,0.0,1.0,0.0,0.0,0.0,9.0,4.0,0.0,0.0,0.0,0.0,0.0,0.0,0.0,0.0,1.0,12.0,1.0,12.13,5.0200000000000005,2.5,1.49,0.0,0.0,0.0,0.5,0.0,-0.3,-0.6000000000000001,-0.7000000000000001,-169.60000000000002,0.0,0.0,169.70000000000002,0.0,21.8,29.5,29.5,30.1,300.0,300.0,31.3,35.300000000000004,29.4,28.6,30.5,4.96,2.0,4.96,0.16,0.0,0.0,1027.0,8228.0,0.0,0.0,0.0,0.0,0.0,1.0,0.0,0.0,0.0,0.0,0.0,-1.3,0.0,0.5,0.0,0.0,16.0,25903.0
2026-07-30T19:00:34.083Z,203.566,203.58,0.0,7.4,0.0,0.0,0.0,0.0,0.0,0.0,0.0,0.0,1.0,0.0,0.0,0.0,9.0,4.0,0.0,0.0,0.0,0.0,0.0,0.0,0.0,0.0,3.0,12.0,1.0,12.13,5.0200000000000005,2.5,1.49,0.0,0.0,0.0,0.4,0.0,-0.3,-1.8,0.4,-169.60000000000002,0.0,0.0,169.70000000000002,0.0,21.8,29.5,29.5,30.1,300.0,300.0,31.3,35.300000000000004,29.4,28.6,30.5,4.96,1.99,4.97,0.16,0.0,0.0,1027.0,8228.0,0.0,0.0,0.0,0.0,0.0,1.0,0.0,0.0,0.0,0.0,0.0,-1.7000000000000002,0.0,-0.7000000000000001,0.0,0.0,16.0,25903.0
2026-07-30T19:00:34.095Z,203.578,203.592,0.0,7.4,0.0,0.0,0.0,0.0,0.0,0.0,0.0,0.0,1.0,0.0,0.0,0.0,9.0,4.0,0.0,0.0,0.0,0.0,0.0,0.0,0.0,0.0,4.0,12.0,1.0,12.17,5.0200000000000005,2.5,1.5,0.0,0.0,0.0,0.5,0.0,-0.8,0.0,-1.3,-169.60000000000002,0.0,0.0,169.70000000000002,0.0,21.3,29.5,29.5,30.1,300.0,300.0,31.3,35.300000000000004,29.4,28.6,30.5,4.96,1.99,4.96,0.16,0.0,0.0,1027.0,8228.0,0.0,0.0,0.0,0.0,0.0,1.0,0.0,0.0,0.0,0.0,0.0,-1.1,0.0,1.2000000000000002,0.0,0.0,16.0,25903.0
2026-07-30T19:00:34.107Z,203.59,203.604,0.0,7.4,0.0,0.0,0.0,0.0,0.0,0.0,0.0,0.0,1.0,0.0,0.0,0.0,9.0,4.0,0.0,0.0,0.0,0.0,0.0,0.0,0.0,0.0,6.0,12.0,1.0,12.17,5.0200000000000005,2.5,1.5,0.0,0.1,0.0,0.4,0.0,-0.2,1.0,-0.2,-169.60000000000002,0.0,0.0,169.8,0.0,21.3,29.5,29.5,30.1,300.0,300.0,31.3,35.300000000000004,29.4,28.6,30.5,4.96,1.99,4.96,0.16,0.0,0.0,1027.0,8228.0,0.0,0.0,0.0,0.0,0.0,1.0,0.0,0.0,0.0,0.0,0.0,1.0,0.0,0.4,0.0,0.0001,16.0,25903.0
2026-07-30T19:00:34.119Z,203.602,203.616,0.0,7.4,0.0,0.0,0.0,0.0,0.0,0.0,0.0,0.0,1.0,0.0,0.0,0.0,9.0,4.0,0.0,0.0,0.0,0.0,0.0,0.0,0.0,0.0,1.0,12.0,1.0,12.17,5.0200000000000005,2.5,1.5,0.0,0.0,0.0,0.4,0.0,-0.2,-1.2000000000000002,0.3,-169.70000000000002,0.0,0.0,169.8,0.0,21.3,29.5,29.5,30.1,300.0,300.0,31.3,35.300000000000004,29.4,28.6,30.5,4.95,1.99,4.97,0.16,0.0,0.0,1027.0,8228.0,0.0,0.0,0.0,0.0,0.0,1.0,0.0,0.0,0.0,0.0,0.0,-1.1,0.0,-0.5,0.0,0.0001,16.0,25903.0
2026-07-30T19:00:34.131Z,203.614,203.628,0.0,7.4,0.0,0.0,0.0,0.0,0.0,0.0,0.0,0.0,1.0,0.0,0.0,0.0,9.0,4.0,0.0,0.0,0.0,0.0,0.0,0.0,0.0,0.0,3.0,12.0,1.0,12.17,5.0200000000000005,2.5,1.5,0.0,0.0,0.0,0.4,0.0,0.3,-0.6000000000000001,-0.1,-169.60000000000002,0.0,0.0,169.70000000000002,0.0,21.3,29.5,29.5,30.1,300.0,300.0,31.3,35.300000000000004,29.4,28.6,30.5,4.95,1.99,4.96,0.16,0.0,0.0,1027.0,8228.0,0.0,0.0,0.0,0.0,0.0,1.0,0.0,0.0,0.0,0.0,0.0,-0.8,0.0,0.0,0.0,0.0,16.0,25903.0
2026-07-30T19:00:34.143Z,203.626,203.64,0.0,7.4,0.0,0.0,0.0,0.0,0.0,0.0,0.0,0.0,1.0,0.0,0.0,0.0,9.0,4.0,0.0,0.0,0.0,0.0,0.0,0.0,0.0,0.0,4.0,12.0,1.0,12.17,5.0200000000000005,2.5,1.5,0.0,0.0,0.0,0.4,0.0,-0.2,0.0,0.4,-169.60000000000002,0.0,0.0,169.60000000000002,0.0,21.3,29.5,29.5,30.1,300.0,300.0,31.3,35.300000000000004,29.4,28.6,30.5,4.95,1.99,4.97,0.16,0.0,0.0,1027.0,8228.0,0.0,0.0,0.0,0.0,0.0,1.0,0.0,0.0,0.0,0.0,0.0,0.3,0.0,-0.3,0.0,0.0001,16.0,25903.0
2026-07-30T19:00:34.155Z,203.638,203.652,0.0,7.4,0.0,0.0,0.0,0.0,0.0,0.0,0.0,0.0,1.0,0.0,0.0,0.0,9.0,4.0,0.0,0.0,0.0,0.0,0.0,0.0,0.0,0.0,6.0,12.0,1.0,12.17,5.0200000000000005,2.5,1.5,0.0,0.0,0.0,0.4,0.0,-0.2,0.5,-0.1,-169.60000000000002,0.0,0.0,169.60000000000002,0.0,21.3,29.5,29.5,30.1,300.0,300.0,31.3,35.300000000000004,29.4,28.6,30.5,4.95,1.99,4.97,0.16,0.0,0.0,1027.0,8228.0,0.0,0.0,0.0,0.0,0.0,1.0,0.0,0.0,0.0,0.0,0.0,0.5,0.0,0.2,0.0,0.0001,16.0,25903.0
2026-07-30T19:00:34.167Z,203.65,203.664,0.0,7.4,0.0,0.0,0.0,0.0,0.0,0.0,0.0,0.0,1.0,0.0,0.0,0.0,9.0,4.0,0.0,0.0,0.0,0.0,0.0,0.0,0.0,0.0,1.0,12.0,1.0,12.17,5.0200000000000005,2.5,1.5,0.0,0.0,0.0,0.4,0.0,-0.2,-1.1,0.0,-169.60000000000002,0.0,0.0,169.60000000000002,0.0,21.3,29.5,29.5,30.1,300.0,300.0,31.3,35.300000000000004,29.4,28.6,30.5,4.95,1.99,4.97,0.16,0.0,0.0,1027.0,8228.0,0.0,0.0,0.0,0.0,0.0,1.0,0.0,0.0,0.0,0.0,0.0,-1.3,0.0,-0.1,0.0,0.0,16.0,25903.0
2026-07-30T19:00:34.178Z,203.661,203.676,0.0,7.4,0.0,0.0,0.0,0.0,0.0,0.0,0.0,0.0,1.0,0.0,0.0,0.0,9.0,4.0,0.0,0.0,0.0,0.0,0.0,0.0,0.0,0.0,3.0,12.0,1.0,12.17,5.0200000000000005,2.5,1.5,0.0,0.0,0.0,0.4,0.0,-0.1,0.5,0.5,-169.60000000000002,0.0,0.0,169.70000000000002,0.0,21.3,29.5,29.5,30.1,300.0,300.0,31.3,35.300000000000004,29.4,28.6,30.5,4.95,2.0,4.96,0.16,0.0,0.0,1027.0,8228.0,0.0,0.0,0.0,0.0,0.0,1.0,0.0,0.0,0.0,0.0,0.0,1.0,0.0,-0.3,0.0,0.0,16.0,25903.0
2026-07-30T19:00:34.192Z,203.675,203.688,0.0,7.4,0.0,0.0,0.0,0.0,0.0,0.0,0.0,0.0,1.0,0.0,0.0,0.0,9.0,4.0,0.0,0.0,0.0,0.0,0.0,0.0,0.0,0.0,5.0,12.0,1.0,12.17,5.0200000000000005,2.51,1.49,0.0,0.0,0.0,0.4,0.0,-0.1,-0.5,-0.6000000000000001,-169.60000000000002,0.0,0.0,169.70000000000002,0.0,21.4,29.5,29.5,30.1,300.0,300.0,31.4,35.300000000000004,29.4,28.6,30.5,4.95,1.99,4.97,0.16,0.0,0.0,1027.0,8228.0,0.0,0.0,0.0,0.0,0.0,1.0,0.0,0.0,0.0,0.0,0.0,-1.1,0.0,0.4,0.0,0.0002,16.0,25903.0
2026-07-30T19:00:34.203Z,203.686,203.7,0.0,7.4,0.0,0.0,0.0,0.0,0.0,0.0,0.0,0.0,1.0,0.0,0.0,0.0,9.0,4.0,0.0,0.0,0.0,0.0,0.0,0.0,0.0,0.0,6.0,12.0,1.0,12.17,5.0200000000000005,2.51,1.49,0.0,0.1,0.0,0.4,0.0,1.6,1.7000000000000002,1.6,-169.60000000000002,0.0,0.0,169.60000000000002,0.0,21.4,29.5,29.5,30.1,300.0,300.0,31.4,35.300000000000004,29.4,28.6,30.5,4.95,1.99,4.97,0.16,0.0,0.0,1027.0,8228.0,0.0,0.0,0.0,0.0,0.0,1.0,0.0,0.0,0.0,0.0,0.0,3.2,0.0,-1.1,0.0,0.0,16.0,25903.0
2026-07-30T19:00:34.215Z,203.698,203.712,0.0,7.4,0.0,0.0,0.0,0.0,0.0,0.0,0.0,0.0,1.0,0.0,0.0,0.0,9.0,4.0,0.0,0.0,0.0,0.0,0.0,0.0,0.0,0.0,2.0,12.0,1.0,12.17,5.0200000000000005,2.51,1.49,0.0,0.0,0.0,0.4,0.0,-0.7000000000000001,-0.5,-1.2000000000000002,-169.60000000000002,0.0,0.0,169.70000000000002,0.0,21.4,29.5,29.5,30.1,300.0,300.0,31.4,35.300000000000004,29.4,28.6,30.5,4.96,1.99,4.97,0.16,0.0,0.0,1027.0,8228.0,0.0,0.0,0.0,0.0,0.0,1.0,0.0,0.0,0.0,0.0,0.0,-1.6,0.0,0.9,0.0,0.0001,16.0,25903.0
2026-07-30T19:00:34.227Z,203.71,203.724,0.0,7.4,0.0,0.0,0.0,0.0,0.0,0.0,0.0,0.0,1.0,0.0,0.0,0.0,9.0,4.0,0.0,0.0,0.0,0.0,0.0,0.0,0.0,0.0,3.0,12.0,1.0,12.17,5.0200000000000005,2.51,1.49,0.0,0.0,0.0,0.4,0.0,0.4,0.0,0.0,-169.60000000000002,0.0,0.0,169.60000000000002,0.0,21.4,29.5,29.5,30.1,300.0,300.0,31.4,35.300000000000004,29.4,28.6,30.5,4.95,2.0,4.96,0.16,0.0,0.0,1027.0,8228.0,0.0,0.0,0.0,0.0,0.0,1.0,0.0,0.0,0.0,0.0,0.0,0.0,0.0,0.0,0.0,0.0,16.0,25903.0
2026-07-30T19:00:34.239Z,203.722,203.736,0.0,7.4,0.0,0.0,0.0,0.0,0.0,0.0,0.0,0.0,1.0,0.0,0.0,0.0,9.0,4.0,0.0,0.0,0.0,0.0,0.0,0.0,0.0,0.0,5.0,12.0,1.0,12.17,5.0200000000000005,2.51,1.49,0.0,0.0,0.0,0.4,0.0,-0.1,1.1,0.0,-169.60000000000002,0.0,0.0,169.8,0.0,21.4,29.5,29.5,30.1,300.0,300.0,31.4,35.300000000000004,29.4,28.6,30.5,4.95,1.99,4.97,0.16,0.0,0.0,1027.0,8228.0,0.0,0.0,0.0,0.0,0.0,1.0,0.0,0.0,0.0,0.0,0.0,1.2000000000000002,0.0,0.3,0.0,0.0001,16.0,25903.0
2026-07-30T19:00:34.251Z,203.734,203.748,0.0,7.4,0.0,0.0,0.0,0.0,0.0,0.0,0.0,0.0,1.0,0.0,0.0,0.0,9.0,4.0,0.0,0.0,0.0,0.0,0.0,0.0,0.0,0.0,6.0,12.0,1.0,12.17,5.0200000000000005,2.51,1.49,0.0,0.0,0.0,0.4,0.0,-0.7000000000000001,-0.6000000000000001,-0.6000000000000001,-169.60000000000002,0.0,0.0,169.70000000000002,0.0,21.4,29.5,29.5,30.1,300.0,300.0,31.4,35.300000000000004,29.4,28.6,30.5,4.95,2.0,4.97,0.16,0.0,0.0,1027.0,8228.0,0.0,0.0,0.0,0.0,0.0,1.0,0.0,0.0,0.0,0.0,0.0,-1.1,0.0,0.4,0.0,0.0002,16.0,25903.0
2026-07-30T19:00:34.263Z,203.746,203.76,0.0,7.4,0.0,0.0,0.0,0.0,0.0,0.0,0.0,0.0,1.0,0.0,0.0,0.0,9.0,4.0,0.0,0.0,0.0,0.0,0.0,0.0,0.0,0.0,2.0,12.0,1.0,12.17,5.0200000000000005,2.51,1.49,0.0,0.0,0.0,0.4,0.0,-0.7000000000000001,-0.6000000000000001,-0.1,-169.60000000000002,0.0,0.0,169.70000000000002,0.0,21.4,29.5,29.5,30.1,300.0,300.0,31.4,35.300000000000004,29.4,28.6,30.5,4.96,2.0,4.96,0.15,0.0,0.0,1027.0,8228.0,0.0,0.0,0.0,0.0,0.0,1.0,0.0,0.0,0.0,0.0,0.0,-0.8,0.0,0.0,0.0,0.0001,16.0,25903.0
2026-07-30T19:00:34.275Z,203.758,203.772,0.0,7.4,0.0,0.0,0.0,0.0,0.0,0.0,0.0,0.0,1.0,0.0,0.0,0.0,9.0,4.0,0.0,0.0,0.0,0.0,0.0,0.0,0.0,0.0,3.0,12.0,1.0,12.17,5.0200000000000005,2.51,1.49,0.0,0.0,0.0,0.4,0.0,-0.1,-1.1,-0.6000000000000001,-169.60000000000002,0.0,0.0,169.60000000000002,0.0,21.4,29.5,29.5,30.1,300.0,300.0,31.4,35.300000000000004,29.4,28.6,30.5,4.95,1.99,4.97,0.15,0.0,0.0,1027.0,8228.0,0.0,0.0,0.0,0.0,0.0,1.0,0.0,0.0,0.0,0.0,0.0,-1.8,0.0,0.3,0.0,0.0,16.0,25903.0
2026-07-30T19:00:34.292Z,203.775,203.784,0.0,7.4,0.0,0.0,0.0,0.0,0.0,0.0,0.0,0.0,1.0,0.0,0.0,0.0,9.0,4.0,0.0,0.0,0.0,0.0,0.0,0.0,0.0,0.0,4.0,12.0,1.0,12.17,5.0200000000000005,2.51,1.49,0.0,0.0,0.0,0.4,0.0,-0.1,0.0,1.0,-169.60000000000002,0.0,0.0,169.60000000000002,0.0,21.4,29.5,29.5,30.1,300.0,300.0,31.4,35.300000000000004,29.4,28.6,30.5,4.95,1.99,4.96,0.16,0.0,0.0,1027.0,8228.0,0.0,0.0,0.0,0.0,0.0,1.0,0.0,0.0,0.0,0.0,0.0,0.7000000000000001,0.0,-0.9,0.0,0.0001,16.0,25903.0
2026-07-30T19:00:34.299Z,203.782,203.796,0.0,7.4,0.0,0.0,0.0,0.0,0.0,0.0,0.0,0.0,1.0,0.0,0.0,0.0,9.0,4.0,0.0,0.0,0.0,0.0,0.0,0.0,0.0,0.0,2.0,12.0,1.0,12.22,5.01,2.5,1.49,0.0,0.0,0.0,0.4,0.0,-0.1,-0.6000000000000001,0.0,-169.60000000000002,0.0,0.0,169.60000000000002,0.0,21.200000000000003,29.5,29.5,30.1,300.0,300.0,31.4,35.2,29.4,28.6,30.5,4.96,2.0,4.96,0.16,0.0,0.0,1027.0,8228.0,0.0,0.0,0.0,0.0,0.0,1.0,0.0,0.0,0.0,0.0,0.0,-0.7000000000000001,0.0,0.0,0.0,0.0,16.0,25903.0
2026-07-30T19:00:34.311Z,203.794,203.808,0.0,7.4,0.0,0.0,0.0,0.0,0.0,0.0,0.0,0.0,1.0,0.0,0.0,0.0,9.0,4.0,0.0,0.0,0.0,0.0,0.0,0.0,0.0,0.0,2.0,12.0,1.0,12.22,5.01,2.5,1.49,0.0,0.0,0.0,0.4,0.0,0.4,-0.5,-1.8,-169.60000000000002,0.0,0.0,169.60000000000002,0.0,21.200000000000003,29.5,29.5,30.1,300.0,300.0,31.4,35.2,29.4,28.6,30.5,4.96,2.0,4.96,0.16,0.0,0.0,1027.0,8228.0,0.0,0.0,0.0,0.0,0.0,1.0,0.0,0.0,0.0,0.0,0.0,-2.0,0.0,1.4,0.0,0.0,16.0,25903.0
2026-07-30T19:00:34.323Z,203.806,203.82,0.0,7.4,0.0,0.0,0.0,0.0,0.0,0.0,0.0,0.0,1.0,0.0,0.0,0.0,9.0,4.0,0.0,0.0,0.0,0.0,0.0,0.0,0.0,0.0,3.0,12.0,1.0,12.22,5.01,2.5,1.49,0.0,0.0,0.0,0.4,0.0,-0.7000000000000001,-1.1,0.0,-169.60000000000002,0.0,0.0,169.70000000000002,0.0,21.200000000000003,29.5,29.5,30.1,300.0,300.0,31.4,35.2,29.4,28.6,30.5,4.96,1.99,4.97,0.16,0.0,0.0,1027.0,8228.0,0.0,0.0,0.0,0.0,0.0,1.0,0.0,0.0,0.0,0.0,0.0,-1.3,0.0,-0.1,0.0,0.0,16.0,25903.0
2026-07-30T19:00:34.335Z,203.818,203.832,0.0,7.4,0.0,0.0,0.0,0.0,0.0,0.0,0.0,0.0,1.0,0.0,0.0,0.0,9.0,4.0,0.0,0.0,0.0,0.0,0.0,0.0,0.0,0.0,4.0,12.0,1.0,12.22,5.01,2.5,1.49,0.0,0.0,0.0,0.4,0.0,-0.1,0.0,-1.1,-169.60000000000002,0.0,0.0,169.70000000000002,0.0,21.200000000000003,29.5,29.5,30.1,300.0,300.0,31.4,35.2,29.4,28.6,30.5,4.96,1.99,4.96,0.16,0.0,0.0,1027.0,8228.0,0.0,0.0,0.0,0.0,0.0,1.0,0.0,0.0,0.0,0.0,0.0,-0.8,0.0,1.0,0.0,0.0,16.0,25903.0
2026-07-30T19:00:34.347Z,203.83,203.844,0.0,7.4,0.0,0.0,0.0,0.0,0.0,0.0,0.0,0.0,1.0,0.0,0.0,0.0,9.0,4.0,0.0,0.0,0.0,0.0,0.0,0.0,0.0,0.0,5.0,12.0,1.0,12.22,5.01,2.5,1.49,0.0,0.0,0.0,0.4,0.0,0.4,0.0,0.6000000000000001,-169.60000000000002,0.0,0.0,169.70000000000002,0.0,21.200000000000003,29.5,29.5,30.1,300.0,300.0,31.4,35.2,29.4,28.6,30.5,4.96,1.99,4.96,0.15,0.0,0.0,1027.0,8228.0,0.0,0.0,0.0,0.0,0.0,1.0,0.0,0.0,0.0,0.0,0.0,0.5,0.0,-0.5,0.0,0.0,16.0,25903.0
2026-07-30T19:00:34.359Z,203.842,203.856,0.0,7.4,0.0,0.0,0.0,0.0,0.0,0.0,0.0,0.0,1.0,0.0,0.0,0.0,9.0,4.0,0.0,0.0,0.0,0.0,0.0,0.0,0.0,0.0,6.0,12.0,1.0,12.22,5.01,2.5,1.49,0.0,0.0,0.0,0.5,0.0,-0.1,0.0,1.7000000000000002,-169.60000000000002,0.0,0.0,169.70000000000002,0.0,21.200000000000003,29.5,29.5,30.1,300.0,300.0,31.4,35.2,29.4,28.6,30.5,4.95,1.99,4.97,0.16,0.0,0.0,1027.0,8228.0,0.0,0.0,0.0,0.0,0.0,1.0,0.0,0.0,0.0,0.0,0.0,1.3,0.0,-1.5,0.0,0.0,16.0,25903.0
2026-07-30T19:00:34.371Z,203.854,203.868,0.0,7.4,0.0,0.0,0.0,0.0,0.0,0.0,0.0,0.0,1.0,0.0,0.0,0.0,9.0,4.0,0.0,0.0,0.0,0.0,0.0,0.0,0.0,0.0,2.0,12.0,1.0,12.22,5.01,2.5,1.49,0.0,0.0,0.0,0.4,0.0,0.4,-0.5,-0.5,-169.60000000000002,0.0,0.0,169.60000000000002,0.0,21.200000000000003,29.5,29.5,30.1,300.0,300.0,31.4,35.2,29.4,28.6,30.5,4.96,1.99,4.96,0.16,0.0,0.0,1027.0,8228.0,0.0,0.0,0.0,0.0,0.0,1.0,0.0,0.0,0.0,0.0,0.0,-1.0,0.0,0.4,0.0,0.0001,16.0,25903.0
2026-07-30T19:00:34.383Z,203.866,203.88,0.0,7.4,0.0,0.0,0.0,0.0,0.0,0.0,0.0,0.0,1.0,0.0,0.0,0.0,9.0,4.0,0.0,0.0,0.0,0.0,0.0,0.0,0.0,0.0,2.0,12.0,1.0,12.22,5.01,2.5,1.49,0.0,0.0,0.0,0.4,0.0,0.4,-0.5,0.5,-169.60000000000002,0.0,0.0,169.70000000000002,0.0,21.200000000000003,29.5,29.5,30.1,300.0,300.0,31.4,35.2,29.4,28.6,30.5,4.96,1.99,4.96,0.16,0.0,0.0,1027.0,8228.0,0.0,0.0,0.0,0.0,0.0,1.0,0.0,0.0,0.0,0.0,0.0,-0.1,0.0,-0.6000000000000001,0.0,0.0,16.0,25903.0
2026-07-30T19:00:34.397Z,203.88,203.892,0.0,7.4,0.0,0.0,0.0,0.0,0.0,0.0,0.0,0.0,1.0,0.0,0.0,0.0,9.0,4.0,0.0,0.0,0.0,0.0,0.0,0.0,0.0,0.0,3.0,12.0,1.0,12.17,5.01,2.51,1.49,0.0,0.0,0.0,0.4,0.0,0.4,0.0,-1.1,-169.60000000000002,0.0,0.0,169.70000000000002,0.0,21.3,29.5,29.5,30.1,300.0,300.0,31.4,35.300000000000004,29.4,28.6,30.5,4.95,1.99,4.96,0.16,0.0,0.0,1027.0,8228.0,0.0,0.0,0.0,0.0,0.0,1.0,0.0,0.0,0.0,0.0,0.0,-0.8,0.0,1.0,0.0,0.0,16.0,25903.0
2026-07-30T19:00:34.407Z,203.89,203.904,0.0,7.4,0.0,0.0,0.0,0.0,0.0,0.0,0.0,0.0,1.0,0.0,0.0,0.0,9.0,4.0,0.0,0.0,0.0,0.0,0.0,0.0,0.0,0.0,4.0,12.0,1.0,12.17,5.01,2.51,1.49,0.0,0.0,0.0,0.4,0.0,0.4,-0.5,-1.1,-169.60000000000002,0.0,0.0,169.60000000000002,0.0,21.3,29.5,29.5,30.1,300.0,300.0,31.4,35.300000000000004,29.4,28.6,30.5,4.95,1.99,4.97,0.16,0.0,0.0,1027.0,8228.0,0.0,0.0,0.0,0.0,0.0,1.0,0.0,0.0,0.0,0.0,0.0,-1.4,0.0,0.8,0.0,0.0,16.0,25903.0
2026-07-30T19:00:34.419Z,203.902,203.916,0.0,7.4,0.0,0.0,0.0,0.0,0.0,0.0,0.0,0.0,1.0,0.0,0.0,0.0,9.0,4.0,0.0,0.0,0.0,0.0,0.0,0.0,0.0,0.0,6.0,12.0,1.0,12.17,5.01,2.51,1.49,0.0,0.0,0.0,0.4,0.0,-0.1,0.6000000000000001,2.3000000000000003,-169.60000000000002,0.0,0.0,169.70000000000002,0.0,21.3,29.5,29.5,30.1,300.0,300.0,31.4,35.300000000000004,29.4,28.6,30.5,4.96,1.99,4.96,0.16,0.0,0.0,1027.0,8228.0,0.0,0.0,0.0,0.0,0.0,1.0,0.0,0.0,0.0,0.0,0.0,2.5,0.0,-1.9,0.0,0.0001,16.0,25903.0
2026-07-30T19:00:34.431Z,203.914,203.928,0.0,7.4,0.0,0.0,0.0,0.0,0.0,0.0,0.0,0.0,1.0,0.0,0.0,0.0,9.0,4.0,0.0,0.0,0.0,0.0,0.0,0.0,0.0,0.0,6.0,12.0,1.0,12.17,5.01,2.51,1.49,0.0,0.0,0.0,0.4,0.0,0.3,1.8,-1.1,-169.60000000000002,0.0,0.0,169.70000000000002,0.0,21.3,29.5,29.5,30.1,300.0,300.0,31.4,35.300000000000004,29.4,28.6,30.5,4.96,1.99,4.97,0.16,0.0,0.0,1027.0,8228.0,0.0,0.0,0.0,0.0,0.0,1.0,0.0,0.0,0.0,0.0,0.0,1.2000000000000002,0.0,1.3,0.0,0.0,16.0,25903.0
2026-07-30T19:00:34.443Z,203.926,203.94,0.0,7.4,0.0,0.0,0.0,0.0,0.0,0.0,0.0,0.0,1.0,0.0,0.0,0.0,9.0,4.0,0.0,0.0,0.0,0.0,0.0,0.0,0.0,0.0,1.0,12.0,1.0,12.17,5.01,2.51,1.49,0.0,0.0,0.0,0.4,0.0,0.4,0.6000000000000001,1.2000000000000002,-169.60000000000002,0.0,0.0,169.70000000000002,0.0,21.3,29.5,29.5,30.1,300.0,300.0,31.4,35.300000000000004,29.4,28.6,30.5,4.95,1.99,4.97,0.16,0.0,0.0,1027.0,8228.0,0.0,0.0,0.0,0.0,0.0,1.0,0.0,0.0,0.0,0.0,0.0,1.7000000000000002,0.0,-0.9,0.0,0.0001,16.0,25903.0
2026-07-30T19:00:34.455Z,203.938,203.952,0.0,7.4,0.0,0.0,0.0,0.0,0.0,0.0,0.0,0.0,1.0,0.0,0.0,0.0,9.0,4.0,0.0,0.0,0.0,0.0,0.0,0.0,0.0,0.0,2.0,12.0,1.0,12.17,5.01,2.51,1.49,0.0,0.0,0.0,0.4,0.0,1.0,-0.4,-0.4,-169.60000000000002,0.0,0.0,169.70000000000002,0.0,21.3,29.5,29.5,30.1,300.0,300.0,31.4,35.300000000000004,29.4,28.6,30.5,4.95,1.99,4.97,0.16,0.0,0.0,1027.0,8228.0,0.0,0.0,0.0,0.0,0.0,1.0,0.0,0.0,0.0,0.0,0.0,-0.8,0.0,0.3,0.0,0.0,16.0,25903.0
2026-07-30T19:00:34.467Z,203.95,203.964,0.0,7.4,0.0,0.0,0.0,0.0,0.0,0.0,0.0,0.0,1.0,0.0,0.0,0.0,9.0,4.0,0.0,0.0,0.0,0.0,0.0,0.0,0.0,0.0,4.0,12.0,1.0,12.17,5.01,2.51,1.49,0.0,0.0,0.0,0.4,0.0,0.4,-1.0,0.1,-169.60000000000002,0.0,0.0,169.70000000000002,0.0,21.3,29.5,29.5,30.1,300.0,300.0,31.4,35.300000000000004,29.4,28.6,30.5,4.95,2.0,4.96,0.16,0.0,0.0,1027.0,8228.0,0.0,0.0,0.0,0.0,0.0,1.0,0.0,0.0,0.0,0.0,0.0,-1.1,0.0,-0.3,0.0,0.0,16.0,25903.0
2026-07-30T19:00:34.480Z,203.963,203.976,0.0,7.4,0.0,0.0,0.0,0.0,0.0,0.0,0.0,0.0,1.0,0.0,0.0,0.0,9.0,4.0,0.0,0.0,0.0,0.0,0.0,0.0,0.0,0.0,5.0,12.0,1.0,12.17,5.01,2.51,1.49,0.0,0.0,0.0,0.4,0.0,0.4,1.2000000000000002,0.6000000000000001,-169.60000000000002,0.0,0.0,169.70000000000002,0.0,21.3,29.5,29.5,30.1,300.0,300.0,31.4,35.300000000000004,29.4,28.6,30.5,4.95,1.99,4.97,0.16,0.0,0.0,1027.0,8228.0,0.0,0.0,0.0,0.0,0.0,1.0,0.0,0.0,0.0,0.0,0.0,1.8,0.0,-0.3,0.0,0.0,16.0,25903.0
2026-07-30T19:00:34.491Z,203.974,203.988,0.0,7.4,0.0,0.0,0.0,0.0,0.0,0.0,0.0,0.0,1.0,0.0,0.0,0.0,9.0,4.0,0.0,0.0,0.0,0.0,0.0,0.0,0.0,0.0,6.0,12.0,1.0,12.17,5.01,2.51,1.49,0.0,0.0,0.0,0.5,0.0,-0.1,0.0,0.6000000000000001,-169.60000000000002,0.0,0.0,169.70000000000002,0.0,21.3,29.5,29.5,30.1,300.0,300.0,31.4,35.300000000000004,29.4,28.6,30.5,4.95,1.99,4.97,0.16,0.0,0.0,1027.0,8228.0,0.0,0.0,0.0,0.0,0.0,1.0,0.0,0.0,0.0,0.0,0.0,0.5,0.0,-0.5,0.0,0.0,16.0,25903.0
2026-07-30T19:00:34.503Z,203.986,204.0,0.0,7.4,0.0,0.0,0.0,0.0,0.0,0.0,0.0,0.0,1.0,0.0,0.0,0.0,9.0,4.0,0.0,0.0,0.0,0.0,0.0,0.0,0.0,0.0,1.0,12.0,1.0,12.18,5.01,2.51,1.49,0.0,0.0,0.0,0.4,0.0,0.4,-0.4,0.0,-169.70000000000002,0.0,0.0,169.70000000000002,0.0,21.700000000000003,29.5,29.5,30.1,300.0,300.0,31.3,35.300000000000004,29.4,28.6,30.5,4.96,1.99,4.96,0.16,0.0,0.0,1027.0,8228.0,0.0,0.0,0.0,0.0,0.0,1.0,0.0,0.0,0.0,0.0,0.0,-0.4,0.0,-0.1,0.0,0.0001,16.0,25903.0
2026-07-30T19:00:34.515Z,203.998,204.012,0.0,7.4,0.0,0.0,0.0,0.0,0.0,0.0,0.0,0.0,1.0,0.0,0.0,0.0,9.0,4.0,0.0,0.0,0.0,0.0,0.0,0.0,0.0,0.0,2.0,12.0,1.0,12.18,5.01,2.51,1.49,0.0,0.0,0.0,0.4,0.0,-0.1,-1.0,0.0,-169.70000000000002,0.0,0.0,169.70000000000002,0.0,21.700000000000003,29.5,29.5,30.1,300.0,300.0,31.3,35.300000000000004,29.4,28.6,30.5,4.95,1.99,4.97,0.16,0.0,0.0,1027.0,8228.0,0.0,0.0,0.0,0.0,0.0,1.0,0.0,0.0,0.0,0.0,0.0,-1.1,0.0,-0.2,0.0,0.0001,16.0,25903.0
2026-07-30T19:00:34.527Z,204.01,204.024,0.0,7.4,0.0,0.0,0.0,0.0,0.0,0.0,0.0,0.0,1.0,0.0,0.0,0.0,9.0,4.0,0.0,0.0,0.0,0.0,0.0,0.0,0.0,0.0,3.0,12.0,1.0,12.18,5.01,2.51,1.49,0.0,0.0,0.0,0.4,0.0,-0.7000000000000001,-0.4,-1.1,-169.70000000000002,0.0,0.0,169.8,0.0,21.700000000000003,29.5,29.5,30.1,300.0,300.0,31.3,35.300000000000004,29.4,28.6,30.5,4.95,1.99,4.96,0.16,0.0,0.0,1027.0,8228.0,0.0,0.0,0.0,0.0,0.0,1.0,0.0,0.0,0.0,0.0,0.0,-0.5,0.0,0.0,0.0,0.0001,16.0,25903.0
2026-07-30T19:00:34.539Z,204.022,204.036,0.0,7.4,0.0,0.0,0.0,0.0,0.0,0.0,0.0,0.0,1.0,0.0,0.0,0.0,9.0,4.0,0.0,0.0,0.0,0.0,0.0,0.0,0.0,0.0,5.0,12.0,1.0,12.18,5.01,2.51,1.49,0.0,0.0,0.0,0.4,0.0,0.3,0.6000000000000001,1.6,-169.70000000000002,0.0,0.0,169.8,0.0,21.700000000000003,29.5,29.5,30.1,300.0,300.0,31.3,35.300000000000004,29.4,28.6,30.5,4.95,1.99,4.96,0.16,0.0,0.0,1027.0,8228.0,0.0,0.0,0.0,0.0,0.0,1.0,0.0,0.0,0.0,0.0,0.0,1.1,0.0,-0.3,0.0,0.0,16.0,25903.0
2026-07-30T19:00:34.551Z,204.034,204.048,0.0,7.4,0.0,0.0,0.0,0.0,0.0,0.0,0.0,0.0,1.0,0.0,0.0,0.0,9.0,4.0,0.0,0.0,0.0,0.0,0.0,0.0,0.0,0.0,5.0,12.0,1.0,12.18,5.01,2.51,1.49,0.0,0.0,0.0,0.4,0.0,0.3,-1.0,1.1,-169.70000000000002,0.0,0.0,169.70000000000002,0.0,21.700000000000003,29.5,29.5,30.1,300.0,300.0,31.3,35.300000000000004,29.4,28.6,30.5,4.95,1.99,4.96,0.16,0.0,0.0,1027.0,8228.0,0.0,0.0,0.0,0.0,0.0,1.0,0.0,0.0,0.0,0.0,0.0,-1.6,0.0,0.3,0.0,0.0,16.0,25903.0
2026-07-30T19:00:34.563Z,204.046,204.06,0.0,7.4,0.0,0.0,0.0,0.0,0.0,0.0,0.0,0.0,1.0,0.0,0.0,0.0,9.0,4.0,0.0,0.0,0.0,0.0,0.0,0.0,0.0,0.0,1.0,12.0,1.0,12.18,5.01,2.51,1.49,0.0,0.1,0.0,0.4,0.0,0.3,0.0,1.7000000000000002,-169.70000000000002,0.0,0.0,169.8,0.0,21.700000000000003,29.5,29.5,30.1,300.0,300.0,31.3,35.300000000000004,29.4,28.6,30.5,4.95,1.99,4.97,0.16,0.0,0.0,1027.0,8228.0,0.0,0.0,0.0,0.0,0.0,1.0,0.0,0.0,0.0,0.0,0.0,1.3,0.0,-1.4,0.0,0.0001,16.0,25903.0
2026-07-30T19:00:34.575Z,204.058,204.072,0.0,7.4,0.0,0.0,0.0,0.0,0.0,0.0,0.0,0.0,1.0,0.0,0.0,0.0,9.0,4.0,0.0,0.0,0.0,0.0,0.0,0.0,0.0,0.0,2.0,12.0,1.0,12.18,5.01,2.51,1.49,0.0,0.0,0.0,0.4,0.0,0.9,0.6000000000000001,1.7000000000000002,-169.70000000000002,0.0,0.0,169.8,0.0,21.700000000000003,29.5,29.5,30.1,300.0,300.0,31.3,35.300000000000004,29.4,28.6,30.5,4.95,2.0,4.96,0.16,0.0,0.0,1027.0,8228.0,0.0,0.0,0.0,0.0,0.0,1.0,0.0,0.0,0.0,0.0,0.0,2.0,0.0,-1.3,0.0,0.0001,16.0,25903.0
2026-07-30T19:00:34.587Z,204.07,204.084,0.0,7.4,0.0,0.0,0.0,0.0,0.0,0.0,0.0,0.0,1.0,0.0,0.0,0.0,9.0,4.0,0.0,0.0,0.0,0.0,0.0,0.0,0.0,0.0,3.0,12.0,1.0,12.18,5.01,2.51,1.49,0.0,0.0,0.0,0.4,0.0,1.5,1.8,1.0,-169.70000000000002,0.0,0.0,169.70000000000002,0.0,21.700000000000003,29.5,29.5,30.1,300.0,300.0,31.3,35.300000000000004,29.4,28.6,30.5,4.96,1.99,4.96,0.16,0.0,0.0,1027.0,8228.0,0.0,0.0,0.0,0.0,0.0,1.0,0.0,0.0,0.0,0.0,0.0,2.9000000000000004,0.0,-0.5,0.0,0.0001,16.0,25903.0
2026-07-30T19:00:34.611Z,204.094,204.096,0.0,7.4,0.0,0.0,0.0,0.0,0.0,0.0,0.0,0.0,1.0,0.0,0.0,0.0,9.0,4.0,0.0,0.0,0.0,0.0,0.0,0.0,0.0,0.0,4.0,12.0,1.0,12.15,5.01,2.51,1.5,0.0,0.0,0.0,0.4,0.0,0.4,0.1,1.7000000000000002,-169.70000000000002,0.0,0.0,169.60000000000002,0.0,21.700000000000003,29.5,29.5,30.1,300.0,300.0,31.5,35.2,29.4,28.6,30.5,4.95,1.99,4.96,0.16,0.0,0.0,1027.0,8228.0,0.0,0.0,0.0,0.0,0.0,1.0,0.0,0.0,0.0,0.0,0.0,1.4,0.0,-1.5,0.0,0.0001,16.0,25903.0
2026-07-30T19:00:34.613Z,204.096,204.108,0.0,7.4,0.0,0.0,0.0,0.0,0.0,0.0,0.0,0.0,1.0,0.0,0.0,0.0,9.0,4.0,0.0,0.0,0.0,0.0,0.0,0.0,0.0,0.0,2.0,12.0,1.0,12.15,5.01,2.51,1.5,0.0,0.0,0.0,0.4,0.0,0.4,0.1,0.0,-169.70000000000002,0.0,0.0,169.60000000000002,0.0,21.700000000000003,29.5,29.5,30.1,300.0,300.0,31.5,35.2,29.4,28.6,30.5,4.95,1.99,4.96,0.16,0.0,0.0,1027.0,8228.0,0.0,0.0,0.0,0.0,0.0,1.0,0.0,0.0,0.0,0.0,0.0,0.1,0.0,0.0,0.0,0.0001,16.0,25903.0
2026-07-30T19:00:34.623Z,204.106,204.12,0.0,7.4,0.0,0.0,0.0,0.0,0.0,0.0,0.0,0.0,1.0,0.0,0.0,0.0,9.0,4.0,0.0,0.0,0.0,0.0,0.0,0.0,0.0,0.0,6.0,12.0,1.0,12.15,5.01,2.51,1.5,0.0,0.0,0.0,0.4,0.0,-0.1,-0.9,-0.5,-169.70000000000002,0.0,0.0,169.60000000000002,0.0,21.700000000000003,29.5,29.5,30.1,300.0,300.0,31.5,35.2,29.4,28.6,30.5,4.95,2.0,4.96,0.16,0.0,0.0,1027.0,8228.0,0.0,0.0,0.0,0.0,0.0,1.0,0.0,0.0,0.0,0.0,0.0,-1.5,0.0,0.3,0.0,0.0,16.0,25903.0
2026-07-30T19:00:34.635Z,204.118,204.132,0.0,7.4,0.0,0.0,0.0,0.0,0.0,0.0,0.0,0.0,1.0,0.0,0.0,0.0,9.0,4.0,0.0,0.0,0.0,0.0,0.0,0.0,0.0,0.0,1.0,12.0,1.0,12.15,5.01,2.51,1.5,0.0,0.1,0.0,0.5,0.0,-0.7000000000000001,0.7000000000000001,0.0,-169.60000000000002,0.0,0.0,169.70000000000002,0.0,21.700000000000003,29.5,29.5,30.1,300.0,300.0,31.5,35.2,29.4,28.6,30.5,4.95,1.99,4.96,0.17,0.0,0.0,1027.0,8228.0,0.0,0.0,0.0,0.0,0.0,1.0,0.0,0.0,0.0,0.0,0.0,0.8,0.0,0.2,0.0,0.0,16.0,25903.0
2026-07-30T19:00:34.647Z,204.13,204.144,0.0,7.4,0.0,0.0,0.0,0.0,0.0,0.0,0.0,0.0,1.0,0.0,0.0,0.0,9.0,4.0,0.0,0.0,0.0,0.0,0.0,0.0,0.0,0.0,2.0,12.0,1.0,12.15,5.01,2.51,1.5,0.0,0.0,0.0,0.5,0.0,-0.7000000000000001,0.1,-0.6000000000000001,-169.60000000000002,0.0,0.0,169.70000000000002,0.0,21.700000000000003,29.5,29.5,30.1,300.0,300.0,31.5,35.2,29.4,28.6,30.5,4.96,1.99,4.97,0.17,0.0,0.0,1027.0,8228.0,0.0,0.0,0.0,0.0,0.0,1.0,0.0,0.0,0.0,0.0,0.0,-0.2,0.0,0.6000000000000001,0.0,0.0,16.0,25903.0
2026-07-30T19:00:34.659Z,204.142,204.156,0.0,7.4,0.0,0.0,0.0,0.0,0.0,0.0,0.0,0.0,1.0,0.0,0.0,0.0,9.0,4.0,0.0,0.0,0.0,0.0,0.0,0.0,0.0,0.0,3.0,12.0,1.0,12.15,5.01,2.51,1.5,0.0,0.0,0.0,0.4,0.0,0.4,-1.5,0.5,-169.60000000000002,0.0,0.0,169.8,0.0,21.700000000000003,29.5,29.5,30.1,300.0,300.0,31.5,35.2,29.4,28.6,30.5,4.96,1.99,4.96,0.17,0.0,0.0,1027.0,8228.0,0.0,0.0,0.0,0.0,0.0,1.0,0.0,0.0,0.0,0.0,0.0,-1.4,0.0,-0.8,0.0,0.0001,16.0,25903.0
2026-07-30T19:00:34.671Z,204.154,204.168,0.0,7.4,0.0,0.0,0.0,0.0,0.0,0.0,0.0,0.0,1.0,0.0,0.0,0.0,9.0,4.0,0.0,0.0,0.0,0.0,0.0,0.0,0.0,0.0,4.0,12.0,1.0,12.15,5.01,2.51,1.5,0.0,0.0,0.0,0.4,0.0,-0.7000000000000001,0.1,0.5,-169.70000000000002,0.0,0.0,169.70000000000002,0.0,21.700000000000003,29.5,29.5,30.1,300.0,300.0,31.5,35.2,29.4,28.6,30.5,4.96,1.99,4.97,0.16,0.0,0.0,1027.0,8228.0,0.0,0.0,0.0,0.0,0.0,1.0,0.0,0.0,0.0,0.0,0.0,0.5,0.0,-0.4,0.0,0.0001,16.0,25903.0
2026-07-30T19:00:34.683Z,204.166,204.18,0.0,7.4,0.0,0.0,0.0,0.0,0.0,0.0,0.0,0.0,1.0,0.0,0.0,0.0,9.0,4.0,0.0,0.0,0.0,0.0,0.0,0.0,0.0,0.0,5.0,12.0,1.0,12.15,5.01,2.51,1.5,0.0,0.0,0.0,0.4,0.0,-0.1,0.1,1.0,-169.70000000000002,0.0,0.0,169.60000000000002,0.0,21.700000000000003,29.5,29.5,30.1,300.0,300.0,31.5,35.2,29.4,28.6,30.5,4.95,1.99,4.97,0.16,0.0,0.0,1027.0,8228.0,0.0,0.0,0.0,0.0,0.0,1.0,0.0,0.0,0.0,0.0,0.0,0.9,0.0,-0.9,0.0,0.0,16.0,25903.0
2026-07-30T19:00:34.695Z,204.178,204.192,0.0,7.4,0.0,0.0,0.0,0.0,0.0,0.0,0.0,0.0,1.0,0.0,0.0,0.0,9.0,4.0,0.0,0.0,0.0,0.0,0.0,0.0,0.0,0.0,6.0,12.0,1.0,12.15,5.01,2.51,1.5,0.0,0.1,0.0,0.4,0.0,-0.1,-0.4,-0.1,-169.70000000000002,0.0,0.0,169.70000000000002,0.0,21.700000000000003,29.5,29.5,30.1,300.0,300.0,31.5,35.2,29.4,28.6,30.5,4.96,1.99,4.97,0.16,0.0,0.0,1027.0,8228.0,0.0,0.0,0.0,0.0,0.0,1.0,0.0,0.0,0.0,0.0,0.0,-0.5,0.0,0.0,0.0,0.0002,16.0,25903.0
2026-07-30T19:00:34.707Z,204.19,204.204,0.0,7.4,0.0,0.0,0.0,0.0,0.0,0.0,0.0,0.0,1.0,0.0,0.0,0.0,9.0,4.0,0.0,0.0,0.0,0.0,0.0,0.0,0.0,0.0,1.0,12.0,1.0,12.15,5.01,2.51,1.49,0.0,0.0,0.0,0.5,0.0,0.4,-1.0,-0.6000000000000001,-169.70000000000002,0.0,0.0,169.70000000000002,0.0,21.700000000000003,29.5,29.5,30.1,300.0,300.0,31.4,35.300000000000004,29.4,28.6,30.5,4.95,1.99,4.96,0.16,0.0,0.0,1027.0,8228.0,0.0,0.0,0.0,0.0,0.0,1.0,0.0,0.0,0.0,0.0,0.0,-1.6,0.0,0.3,0.0,0.0,16.0,25903.0
2026-07-30T19:00:34.719Z,204.202,204.216,0.0,7.4,0.0,0.0,0.0,0.0,0.0,0.0,0.0,0.0,1.0,0.0,0.0,0.0,9.0,4.0,0.0,0.0,0.0,0.0,0.0,0.0,0.0,0.0,3.0,12.0,1.0,12.15,5.01,2.51,1.49,0.0,0.0,0.0,0.4,0.0,-0.1,0.1,-0.6000000000000001,-169.70000000000002,0.0,0.0,169.70000000000002,0.0,21.700000000000003,29.5,29.5,30.1,300.0,300.0,31.4,35.300000000000004,29.4,28.6,30.5,4.95,1.99,4.97,0.16,0.0,0.0,1027.0,8228.0,0.0,0.0,0.0,0.0,0.0,1.0,0.0,0.0,0.0,0.0,0.0,-0.3,0.0,0.6000000000000001,0.0,0.0,16.0,25903.0
2026-07-30T19:00:34.731Z,204.214,204.228,0.0,7.4,0.0,0.0,0.0,0.0,0.0,0.0,0.0,0.0,1.0,0.0,0.0,0.0,9.0,4.0,0.0,0.0,0.0,0.0,0.0,0.0,0.0,0.0,4.0,12.0,1.0,12.15,5.01,2.51,1.49,0.0,0.0,0.0,0.4,0.0,0.0,1.3,0.0,-169.70000000000002,0.0,0.0,169.70000000000002,0.0,21.700000000000003,29.5,29.5,30.1,300.0,300.0,31.4,35.300000000000004,29.4,28.6,30.5,4.95,1.99,4.97,0.16,0.0,0.0,1027.0,8228.0,0.0,0.0,0.0,0.0,0.0,1.0,0.0,0.0,0.0,0.0,0.0,1.5,0.0,0.2,0.0,0.0,16.0,25903.0
2026-07-30T19:00:34.743Z,204.226,204.24,0.0,7.4,0.0,0.0,0.0,0.0,0.0,0.0,0.0,0.0,1.0,0.0,0.0,0.0,9.0,4.0,0.0,0.0,0.0,0.0,0.0,0.0,0.0,0.0,5.0,12.0,1.0,12.15,5.01,2.51,1.49,0.0,0.0,0.0,0.4,0.0,-0.7000000000000001,-1.0,0.0,-169.70000000000002,0.0,0.0,169.8,0.0,21.700000000000003,29.5,29.5,30.1,300.0,300.0,31.4,35.300000000000004,29.4,28.6,30.5,4.95,1.99,4.96,0.16,0.0,0.0,1027.0,8228.0,0.0,0.0,0.0,0.0,0.0,1.0,0.0,0.0,0.0,0.0,0.0,-1.1,0.0,-0.2,0.0,0.0,16.0,25903.0
2026-07-30T19:00:34.755Z,204.238,204.252,0.0,7.4,0.0,0.0,0.0,0.0,0.0,0.0,0.0,0.0,1.0,0.0,0.0,0.0,9.0,4.0,0.0,0.0,0.0,0.0,0.0,0.0,0.0,0.0,6.0,12.0,1.0,12.15,5.01,2.51,1.49,0.0,0.1,0.0,0.4,0.0,1.0,0.1,0.5,-169.70000000000002,0.0,0.0,169.70000000000002,0.0,21.700000000000003,29.5,29.5,30.1,300.0,300.0,31.4,35.300000000000004,29.4,28.6,30.5,4.95,1.99,4.96,0.16,0.0,0.0,1027.0,8228.0,0.0,0.0,0.0,0.0,0.0,1.0,0.0,0.0,0.0,0.0,0.0,0.6000000000000001,0.0,-0.4,0.0,0.0001,16.0,25903.0
2026-07-30T19:00:34.767Z,204.25,204.264,0.0,7.4,0.0,0.0,0.0,0.0,0.0,0.0,0.0,0.0,1.0,0.0,0.0,0.0,9.0,4.0,0.0,0.0,0.0,0.0,0.0,0.0,0.0,0.0,1.0,12.0,1.0,12.15,5.01,2.51,1.49,0.0,0.0,0.0,0.4,0.0,-0.1,-0.4,-1.1,-169.70000000000002,0.0,0.0,169.70000000000002,0.0,21.700000000000003,29.5,29.5,30.1,300.0,300.0,31.4,35.300000000000004,29.4,28.6,30.5,4.95,1.99,4.97,0.16,0.0,0.0,1027.0,8228.0,0.0,0.0,0.0,0.0,0.0,1.0,0.0,0.0,0.0,0.0,0.0,-1.3,0.0,0.9,0.0,0.0001,16.0,25903.0
2026-07-30T19:00:34.779Z,204.262,204.276,0.0,7.4,0.0,0.0,0.0,0.0,0.0,0.0,0.0,0.0,1.0,0.0,0.0,0.0,9.0,4.0,0.0,0.0,0.0,0.0,0.0,0.0,0.0,0.0,2.0,12.0,1.0,12.15,5.01,2.51,1.49,0.0,0.0,0.0,0.5,0.0,1.0,0.7000000000000001,1.7000000000000002,-169.60000000000002,0.0,0.0,169.60000000000002,0.0,21.700000000000003,29.5,29.5,30.1,300.0,300.0,31.4,35.300000000000004,29.4,28.6,30.5,4.95,2.0,4.97,0.16,0.0,0.0,1027.0,8228.0,0.0,0.0,0.0,0.0,0.0,1.0,0.0,0.0,0.0,0.0,0.0,2.1,0.0,-1.4,0.0,0.0001,16.0,25903.0
2026-07-30T19:00:34.791Z,204.274,204.288,0.0,7.4,0.0,0.0,0.0,0.0,0.0,0.0,0.0,0.0,1.0,0.0,0.0,0.0,9.0,4.0,0.0,0.0,0.0,0.0,0.0,0.0,0.0,0.0,2.0,12.0,1.0,12.15,5.01,2.51,1.49,0.0,0.1,0.0,0.4,0.0,-0.1,0.1,0.0,-169.60000000000002,0.0,0.0,169.70000000000002,0.0,21.700000000000003,29.5,29.5,30.1,300.0,300.0,31.4,35.300000000000004,29.4,28.6,30.5,4.96,2.0,4.96,0.16,0.0,0.0,1027.0,8228.0,0.0,0.0,0.0,0.0,0.0,1.0,0.0,0.0,0.0,0.0,0.0,0.1,0.0,0.0,0.0,0.0001,16.0,25903.0
2026-07-30T19:00:34.804Z,204.287,204.3,0.0,7.4,0.0,0.0,0.0,0.0,0.0,0.0,0.0,0.0,1.0,0.0,0.0,0.0,9.0,4.0,0.0,0.0,0.0,0.0,0.0,0.0,0.0,0.0,3.0,12.0,1.0,12.17,5.0200000000000005,2.51,1.49,0.0,0.0,0.0,0.4,0.0,0.4,-0.4,-0.5,-169.60000000000002,0.0,0.0,169.70000000000002,0.0,21.200000000000003,29.5,29.5,30.1,300.0,300.0,31.3,35.2,29.4,28.6,30.5,4.96,1.99,4.97,0.16,0.0,0.0,1027.0,8228.0,0.0,0.0,0.0,0.0,0.0,1.0,0.0,0.0,0.0,0.0,0.0,-0.9,0.0,0.3,0.0,0.0,16.0,25903.0
2026-07-30T19:00:34.815Z,204.298,204.312,0.0,7.4,0.0,0.0,0.0,0.0,0.0,0.0,0.0,0.0,1.0,0.0,0.0,0.0,9.0,4.0,0.0,0.0,0.0,0.0,0.0,0.0,0.0,0.0,4.0,12.0,1.0,12.17,5.0200000000000005,2.51,1.49,0.0,0.0,0.0,0.5,0.0,0.4,0.1,1.7000000000000002,-169.60000000000002,0.0,0.0,169.70000000000002,0.0,21.200000000000003,29.5,29.5,30.1,300.0,300.0,31.3,35.2,29.4,28.6,30.5,4.96,1.99,4.96,0.16,0.0,0.0,1027.0,8228.0,0.0,0.0,0.0,0.0,0.0,1.0,0.0,0.0,0.0,0.0,0.0,1.4,0.0,-1.5,0.0,0.0,16.0,25903.0
2026-07-30T19:00:34.827Z,204.31,204.324,0.0,7.4,0.0,0.0,0.0,0.0,0.0,0.0,0.0,0.0,1.0,0.0,0.0,0.0,9.0,4.0,0.0,0.0,0.0,0.0,0.0,0.0,0.0,0.0,5.0,12.0,1.0,12.17,5.0200000000000005,2.51,1.49,0.0,0.0,0.0,0.5,0.0,0.4,1.3,0.0,-169.60000000000002,0.0,0.0,169.70000000000002,0.0,21.200000000000003,29.5,29.5,30.1,300.0,300.0,31.3,35.2,29.4,28.6,30.5,4.96,2.0,4.96,0.16,0.0,0.0,1027.0,8228.0,0.0,0.0,0.0,0.0,0.0,1.0,0.0,0.0,0.0,0.0,0.0,1.5,0.0,0.2,0.0,0.0,16.0,25903.0
2026-07-30T19:00:34.839Z,204.322,204.336,0.0,7.4,0.0,0.0,0.0,0.0,0.0,0.0,0.0,0.0,1.0,0.0,0.0,0.0,9.0,4.0,0.0,0.0,0.0,0.0,0.0,0.0,0.0,0.0,6.0,12.0,1.0,12.17,5.0200000000000005,2.51,1.49,0.0,0.1,0.0,0.5,0.0,0.0,0.7000000000000001,0.5,-169.60000000000002,0.0,0.0,169.70000000000002,0.0,21.200000000000003,29.5,29.5,30.1,300.0,300.0,31.3,35.2,29.4,28.6,30.5,4.95,2.0,4.97,0.16,0.0,0.0,1027.0,8228.0,0.0,0.0,0.0,0.0,0.0,1.0,0.0,0.0,0.0,0.0,0.0,1.2000000000000002,0.0,-0.3,0.0,0.0,16.0,25903.0
2026-07-30T19:00:34.851Z,204.334,204.348,0.0,7.4,0.0,0.0,0.0,0.0,0.0,0.0,0.0,0.0,1.0,0.0,0.0,0.0,9.0,4.0,0.0,0.0,0.0,0.0,0.0,0.0,0.0,0.0,1.0,12.0,1.0,12.17,5.0200000000000005,2.51,1.49,0.0,0.0,0.0,0.4,0.0,0.0,0.1,1.0,-169.60000000000002,0.0,0.0,169.70000000000002,0.0,21.200000000000003,29.5,29.5,30.1,300.0,300.0,31.3,35.2,29.4,28.6,30.5,4.96,2.0,4.97,0.16,0.0,0.0,1027.0,8228.0,0.0,0.0,0.0,0.0,0.0,1.0,0.0,0.0,0.0,0.0,0.0,0.9,0.0,-0.9,0.0,0.0001,16.0,25903.0
2026-07-30T19:00:34.863Z,204.346,204.36,0.0,7.4,0.0,0.0,0.0,0.0,0.0,0.0,0.0,0.0,1.0,0.0,0.0,0.0,9.0,4.0,0.0,0.0,0.0,0.0,0.0,0.0,0.0,0.0,1.0,12.0,1.0,12.17,5.0200000000000005,2.51,1.49,0.0,0.0,0.0,0.4,0.0,0.5,0.1,0.5,-169.60000000000002,0.0,0.0,169.70000000000002,0.0,21.200000000000003,29.5,29.5,30.1,300.0,300.0,31.3,35.2,29.4,28.6,30.5,4.96,1.99,4.97,0.16,0.0,0.0,1027.0,8228.0,0.0,0.0,0.0,0.0,0.0,1.0,0.0,0.0,0.0,0.0,0.0,0.5,0.0,-0.4,0.0,0.0001,16.0,25903.0
2026-07-30T19:00:34.875Z,204.358,204.372,0.0,7.4,0.0,0.0,0.0,0.0,0.0,0.0,0.0,0.0,1.0,0.0,0.0,0.0,9.0,4.0,0.0,0.0,0.0,0.0,0.0,0.0,0.0,0.0,3.0,12.0,1.0,12.17,5.0200000000000005,2.51,1.49,0.0,0.0,0.0,0.4,0.0,-0.6000000000000001,-0.4,0.0,-169.60000000000002,0.0,0.0,169.8,0.0,21.200000000000003,29.5,29.5,30.1,300.0,300.0,31.3,35.2,29.4,28.6,30.5,4.95,1.99,4.97,0.16,0.0,0.0,1027.0,8228.0,0.0,0.0,0.0,0.0,0.0,1.0,0.0,0.0,0.0,0.0,0.0,-0.6000000000000001,0.0,0.0,0.0,0.0,16.0,25903.0
2026-07-30T19:00:34.887Z,204.37,204.384,0.0,7.4,0.0,0.0,0.0,0.0,0.0,0.0,0.0,0.0,1.0,0.0,0.0,0.0,9.0,4.0,0.0,0.0,0.0,0.0,0.0,0.0,0.0,0.0,4.0,12.0,1.0,12.17,5.0200000000000005,2.51,1.49,0.0,0.0,0.0,0.4,0.0,0.4,-0.4,0.0,-169.60000000000002,0.0,0.0,169.60000000000002,0.0,21.200000000000003,29.5,29.5,30.1,300.0,300.0,31.3,35.2,29.4,28.6,30.5,4.95,1.99,4.97,0.16,0.0,0.0,1027.0,8228.0,0.0,0.0,0.0,0.0,0.0,1.0,0.0,0.0,0.0,0.0,0.0,-0.5,0.0,0.0,0.0,0.0,16.0,25903.0
2026-07-30T19:00:34.899Z,204.382,204.396,0.0,7.4,0.0,0.0,0.0,0.0,0.0,0.0,0.0,0.0,1.0,0.0,0.0,0.0,9.0,4.0,0.0,0.0,0.0,0.0,0.0,0.0,0.0,0.0,5.0,12.0,1.0,12.17,5.0200000000000005,2.51,1.49,0.0,0.0,0.0,0.4,0.0,-0.1,-1.0,0.0,-169.60000000000002,0.0,0.0,169.70000000000002,0.0,21.200000000000003,29.5,29.5,30.1,300.0,300.0,31.3,35.2,29.4,28.6,30.5,4.96,1.99,4.96,0.16,0.0,0.0,1027.0,8228.0,0.0,0.0,0.0,0.0,0.0,1.0,0.0,0.0,0.0,0.0,0.0,-1.2000000000000002,0.0,-0.1,0.0,0.0001,16.0,25903.0
2026-07-30T19:00:34.921Z,204.404,204.408,0.0,7.4,0.0,0.0,0.0,0.0,0.0,0.0,0.0,0.0,1.0,0.0,0.0,0.0,9.0,4.0,0.0,0.0,0.0,0.0,0.0,0.0,0.0,0.0,6.0,12.0,1.0,12.17,5.01,2.51,1.5,0.0,0.0,0.0,0.4,0.0,-0.1,1.2000000000000002,-0.6000000000000001,-169.60000000000002,0.0,0.0,169.70000000000002,0.0,21.4,29.5,29.5,30.1,300.0,300.0,31.3,35.300000000000004,29.4,28.6,30.5,4.96,1.99,4.97,0.16,0.0,0.0,1027.0,8228.0,0.0,0.0,0.0,0.0,0.0,1.0,0.0,0.0,0.0,0.0,0.0,0.9,0.0,0.8,0.0,0.0,16.0,25903.0
2026-07-30T19:00:34.925Z,204.408,204.42,0.0,7.4,0.0,0.0,0.0,0.0,0.0,0.0,0.0,0.0,1.0,0.0,0.0,0.0,9.0,4.0,0.0,0.0,0.0,0.0,0.0,0.0,0.0,0.0,4.0,12.0,1.0,12.17,5.01,2.51,1.5,0.0,0.0,0.0,0.4,0.0,-0.7000000000000001,-0.4,1.1,-169.60000000000002,0.0,0.0,169.60000000000002,0.0,21.4,29.5,29.5,30.1,300.0,300.0,31.3,35.300000000000004,29.4,28.6,30.5,4.95,2.0,4.97,0.16,0.0,0.0,1027.0,8228.0,0.0,0.0,0.0,0.0,0.0,1.0,0.0,0.0,0.0,0.0,0.0,0.2,0.0,-1.0,0.0,0.0,16.0,25903.0
2026-07-30T19:00:34.935Z,204.418,204.432,0.0,7.4,0.0,0.0,0.0,0.0,0.0,0.0,0.0,0.0,1.0,0.0,0.0,0.0,9.0,4.0,0.0,0.0,0.0,0.0,0.0,0.0,0.0,0.0,2.0,12.0,1.0,12.17,5.01,2.51,1.5,0.0,0.0,0.0,0.4,0.0,-0.1,0.7000000000000001,0.4,-169.60000000000002,0.0,0.0,169.70000000000002,0.0,21.4,29.5,29.5,30.1,300.0,300.0,31.3,35.300000000000004,29.4,28.6,30.5,4.96,2.0,4.97,0.16,0.0,0.0,1027.0,8228.0,0.0,0.0,0.0,0.0,0.0,1.0,0.0,0.0,0.0,0.0,0.0,1.1,0.0,-0.2,0.0,0.0,16.0,25903.0
2026-07-30T19:00:34.947Z,204.43,204.444,0.0,7.4,0.0,0.0,0.0,0.0,0.0,0.0,0.0,0.0,1.0,0.0,0.0,0.0,9.0,4.0,0.0,0.0,0.0,0.0,0.0,0.0,0.0,0.0,3.0,12.0,1.0,12.17,5.01,2.51,1.5,0.0,0.0,0.0,0.4,0.0,-0.1,-1.0,-1.2000000000000002,-169.60000000000002,0.0,0.0,169.8,0.0,21.4,29.5,29.5,30.1,300.0,300.0,31.3,35.300000000000004,29.4,28.6,30.5,4.96,2.0,4.96,0.16,0.0,0.0,1027.0,8228.0,0.0,0.0,0.0,0.0,0.0,1.0,0.0,0.0,0.0,0.0,0.0,-2.1,0.0,0.8,0.0,0.0,16.0,25903.0
2026-07-30T19:00:34.959Z,204.442,204.456,0.0,7.4,0.0,0.0,0.0,0.0,0.0,0.0,0.0,0.0,1.0,0.0,0.0,0.0,9.0,4.0,0.0,0.0,0.0,0.0,0.0,0.0,0.0,0.0,4.0,12.0,1.0,12.17,5.01,2.51,1.5,0.0,0.0,0.0,0.4,0.0,-0.1,-0.5,0.4,-169.60000000000002,0.0,0.0,169.70000000000002,0.0,21.4,29.5,29.5,30.1,300.0,300.0,31.3,35.300000000000004,29.4,28.6,30.5,4.96,1.99,4.97,0.16,0.0,0.0,1027.0,8228.0,0.0,0.0,0.0,0.0,0.0,1.0,0.0,0.0,0.0,0.0,0.0,-0.2,0.0,-0.5,0.0,0.0003,16.0,25903.0
2026-07-30T19:00:34.971Z,204.454,204.468,0.0,7.4,0.0,0.0,0.0,0.0,0.0,0.0,0.0,0.0,1.0,0.0,0.0,0.0,9.0,4.0,0.0,0.0,0.0,0.0,0.0,0.0,0.0,0.0,5.0,12.0,1.0,12.17,5.01,2.51,1.5,0.0,0.0,0.0,0.5,0.0,-0.1,0.1,0.4,-169.60000000000002,0.0,0.0,169.8,0.0,21.4,29.5,29.5,30.1,300.0,300.0,31.3,35.300000000000004,29.4,28.6,30.5,4.96,1.99,4.97,0.16,0.0,0.0,1027.0,8228.0,0.0,0.0,0.0,0.0,0.0,1.0,0.0,0.0,0.0,0.0,0.0,0.4,0.0,-0.4,0.0,0.0001,16.0,25903.0
2026-07-30T19:00:34.983Z,204.466,204.48,0.0,7.4,0.0,0.0,0.0,0.0,0.0,0.0,0.0,0.0,1.0,0.0,0.0,0.0,9.0,4.0,0.0,0.0,0.0,0.0,0.0,0.0,0.0,0.0,6.0,12.0,1.0,12.17,5.01,2.51,1.5,0.0,0.0,0.0,0.5,0.0,-0.2,-0.4,1.0,-169.60000000000002,0.0,0.0,169.70000000000002,0.0,21.4,29.5,29.5,30.1,300.0,300.0,31.3,35.300000000000004,29.4,28.6,30.5,4.96,1.99,4.96,0.16,0.0,0.0,1027.0,8228.0,0.0,0.0,0.0,0.0,0.0,1.0,0.0,0.0,0.0,0.0,0.0,0.2,0.0,-1.0,0.0,0.0,16.0,25903.0
2026-07-30T19:00:34.995Z,204.478,204.492,0.0,7.4,0.0,0.0,0.0,0.0,0.0,0.0,0.0,0.0,1.0,0.0,0.0,0.0,9.0,4.0,0.0,0.0,0.0,0.0,0.0,0.0,0.0,0.0,1.0,12.0,1.0,12.17,5.01,2.51,1.5,0.0,0.0,0.0,0.4,0.0,-0.8,-1.6,0.4,-169.60000000000002,0.0,0.0,169.60000000000002,0.0,21.4,29.5,29.5,30.1,300.0,300.0,31.3,35.300000000000004,29.4,28.6,30.5,4.95,2.0,4.97,0.16,0.0,0.0,1027.0,8228.0,0.0,0.0,0.0,0.0,0.0,1.0,0.0,0.0,0.0,0.0,0.0,-1.5,0.0,-0.7000000000000001,0.0,0.0,16.0,25903.0
2026-07-30T19:00:35.008Z,204.491,204.504,0.0,7.4,0.0,0.0,0.0,0.0,0.0,0.0,0.0,0.0,1.0,0.0,0.0,0.0,9.0,4.0,0.0,0.0,0.0,0.0,0.0,0.0,0.0,0.0,2.0,12.0,1.0,12.17,5.01,2.51,1.49,0.0,0.0,0.0,0.5,0.0,-0.2,1.2000000000000002,-0.1,-169.60000000000002,0.0,0.0,169.60000000000002,0.0,21.3,29.5,29.5,30.1,300.0,300.0,31.4,35.300000000000004,29.4,28.6,30.5,4.95,1.99,4.96,0.16,0.0,0.0,1027.0,8228.0,0.0,0.0,0.0,0.0,0.0,1.0,0.0,0.0,0.0,0.0,0.0,1.3,0.0,0.3,0.0,0.0001,16.0,25903.0
2026-07-30T19:00:35.019Z,204.502,204.516,0.0,7.4,0.0,0.0,0.0,0.0,0.0,0.0,0.0,0.0,1.0,0.0,0.0,0.0,9.0,4.0,0.0,0.0,0.0,0.0,0.0,0.0,0.0,0.0,3.0,12.0,1.0,12.17,5.01,2.51,1.49,0.0,0.0,0.0,0.5,0.0,-0.2,0.0,-0.1,-169.60000000000002,0.0,0.0,169.70000000000002,0.0,21.3,29.5,29.5,30.1,300.0,300.0,31.4,35.300000000000004,29.4,28.6,30.5,4.96,2.0,4.96,0.16,0.0,0.0,1027.0,8228.0,0.0,0.0,0.0,0.0,0.0,1.0,0.0,0.0,0.0,0.0,0.0,0.0,0.0,0.1,0.0,0.0,16.0,25903.0
2026-07-30T19:00:35.031Z,204.514,204.528,0.0,7.4,0.0,0.0,0.0,0.0,0.0,0.0,0.0,0.0,1.0,0.0,0.0,0.0,9.0,4.0,0.0,0.0,0.0,0.0,0.0,0.0,0.0,0.0,4.0,12.0,1.0,12.17,5.01,2.51,1.49,0.0,0.0,0.0,0.4,0.0,-0.2,0.6000000000000001,-0.1,-169.60000000000002,0.0,0.0,169.60000000000002,0.0,21.3,29.5,29.5,30.1,300.0,300.0,31.4,35.300000000000004,29.4,28.6,30.5,4.95,2.0,4.96,0.16,0.0,0.0,1027.0,8228.0,0.0,0.0,0.0,0.0,0.0,1.0,0.0,0.0,0.0,0.0,0.0,0.6000000000000001,0.0,0.2,0.0,0.0,16.0,25903.0
2026-07-30T19:00:35.043Z,204.526,204.54,0.0,7.4,0.0,0.0,0.0,0.0,0.0,0.0,0.0,0.0,1.0,0.0,0.0,0.0,9.0,4.0,0.0,0.0,0.0,0.0,0.0,0.0,0.0,0.0,5.0,12.0,1.0,12.17,5.01,2.51,1.49,0.0,0.0,0.0,0.4,0.0,-0.8,0.0,-0.7000000000000001,-169.60000000000002,0.0,0.0,169.60000000000002,0.0,21.3,29.5,29.5,30.1,300.0,300.0,31.4,35.300000000000004,29.4,28.6,30.5,4.95,1.99,4.97,0.16,0.0,0.0,1027.0,8228.0,0.0,0.0,0.0,0.0,0.0,1.0,0.0,0.0,0.0,0.0,0.0,-1.3,0.0,0.0,0.0,0.0,16.0,25903.0
2026-07-30T19:00:35.055Z,204.538,204.552,0.0,7.4,0.0,0.0,0.0,0.0,0.0,0.0,0.0,0.0,1.0,0.0,0.0,0.0,9.0,4.0,0.0,0.0,0.0,0.0,0.0,0.0,0.0,0.0,6.0,12.0,1.0,12.17,5.01,2.51,1.49,0.0,0.0,0.0,0.4,0.0,-0.2,0.6000000000000001,2.1,-169.60000000000002,0.0,0.0,169.70000000000002,0.0,21.3,29.5,29.5,30.1,300.0,300.0,31.4,35.300000000000004,29.4,28.6,30.5,4.95,1.99,4.96,0.16,0.0,0.0,1027.0,8228.0,0.0,0.0,0.0,0.0,0.0,1.0,0.0,0.0,0.0,0.0,0.0,0.4,0.0,1.4,0.0,0.0,16.0,25903.0
2026-07-30T19:00:35.067Z,204.55,204.564,0.0,7.4,0.0,0.0,0.0,0.0,0.0,0.0,0.0,0.0,1.0,0.0,0.0,0.0,9.0,4.0,0.0,0.0,0.0,0.0,0.0,0.0,0.0,0.0,2.0,12.0,1.0,12.17,5.01,2.51,1.49,0.0,0.0,0.0,0.4,0.0,0.3,0.0,-0.1,-169.60000000000002,0.0,0.0,169.70000000000002,0.0,21.3,29.5,29.5,30.1,300.0,300.0,31.4,35.300000000000004,29.4,28.6,30.5,4.96,1.99,4.96,0.16,0.0,0.0,1027.0,8228.0,0.0,0.0,0.0,0.0,0.0,1.0,0.0,0.0,0.0,0.0,0.0,0.0,0.0,0.1,0.0,0.0001,16.0,25903.0
2026-07-30T19:00:35.079Z,204.562,204.576,0.0,7.4,0.0,0.0,0.0,0.0,0.0,0.0,0.0,0.0,1.0,0.0,0.0,0.0,9.0,4.0,0.0,0.0,0.0,0.0,0.0,0.0,0.0,0.0,4.0,12.0,1.0,12.17,5.01,2.51,1.49,0.0,0.1,0.0,0.5,0.0,-0.2,0.6000000000000001,-0.1,-169.60000000000002,0.0,0.0,169.70000000000002,0.0,21.3,29.5,29.5,30.1,300.0,300.0,31.4,35.300000000000004,29.4,28.6,30.5,4.95,1.99,4.97,0.16,0.0,0.0,1027.0,8228.0,0.0,0.0,0.0,0.0,0.0,1.0,0.0,0.0,0.0,0.0,0.0,-0.9,0.0,1.1,0.0,0.0,16.0,25903.0
2026-07-30T19:00:35.091Z,204.574,204.588,0.0,7.4,0.0,0.0,0.0,0.0,0.0,0.0,0.0,0.0,1.0,0.0,0.0,0.0,9.0,4.0,0.0,0.0,0.0,0.0,0.0,0.0,0.0,0.0,5.0,12.0,1.0,12.17,5.01,2.51,1.49,0.0,0.0,0.0,0.4,0.0,0.2,-0.5,-0.2,-169.60000000000002,0.0,0.0,169.8,0.0,21.3,29.5,29.5,30.1,300.0,300.0,31.4,35.300000000000004,29.4,28.6,30.5,4.96,1.99,4.96,0.16,0.0,0.0,1027.0,8228.0,0.0,0.0,0.0,0.0,0.0,1.0,0.0,0.0,0.0,0.0,0.0,-0.7000000000000001,0.0,0.0,0.0,0.0,16.0,25903.0
2026-07-30T19:00:35.103Z,204.586,204.6,0.0,7.4,0.0,0.0,0.0,0.0,0.0,0.0,0.0,0.0,1.0,0.0,0.0,0.0,9.0,4.0,0.0,0.0,0.0,0.0,0.0,0.0,0.0,0.0,6.0,12.0,1.0,12.17,5.01,2.51,1.49,0.0,0.1,0.0,0.4,0.0,-0.3,0.0,-0.2,-169.60000000000002,0.0,0.0,169.70000000000002,0.0,21.3,29.5,29.5,30.1,300.0,300.0,31.4,35.300000000000004,29.4,28.6,30.5,4.96,2.0,4.97,0.16,0.0,0.0,1027.0,8228.0,0.0,0.0,0.0,0.0,0.0,1.0,0.0,0.0,0.0,0.0,0.0,-0.1,0.0,0.1,0.0,0.0,16.0,25903.0
2026-07-30T19:00:35.115Z,204.598,204.612,0.0,7.4,0.0,0.0,0.0,0.0,0.0,0.0,0.0,0.0,1.0,0.0,0.0,0.0,9.0,4.0,0.0,0.0,0.0,0.0,0.0,0.0,0.0,0.0,2.0,12.0,1.0,12.15,5.0200000000000005,2.5,1.49,0.0,0.0,0.0,0.4,0.0,-0.3,-0.5,-1.3,-169.60000000000002,0.0,0.0,169.70000000000002,0.0,21.8,29.5,29.5,30.1,300.0,300.0,31.3,35.300000000000004,29.4,28.6,30.5,4.95,1.99,4.97,0.16,0.0,0.0,1027.0,8228.0,0.0,0.0,0.0,0.0,0.0,1.0,0.0,0.0,0.0,0.0,0.0,-1.6,0.0,1.0,0.0,0.0,16.0,25903.0
2026-07-30T19:00:35.127Z,204.61,204.624,0.0,7.4,0.0,0.0,0.0,0.0,0.0,0.0,0.0,0.0,1.0,0.0,0.0,0.0,9.0,4.0,0.0,0.0,0.0,0.0,0.0,0.0,0.0,0.0,3.0,12.0,1.0,12.15,5.0200000000000005,2.5,1.49,0.0,0.0,0.0,0.4,0.0,0.8,-0.5,1.6,-169.60000000000002,0.0,0.0,169.60000000000002,0.0,21.8,29.5,29.5,30.1,300.0,300.0,31.3,35.300000000000004,29.4,28.6,30.5,4.95,1.99,4.97,0.16,0.0,0.0,1027.0,8228.0,0.0,0.0,0.0,0.0,0.0,1.0,0.0,0.0,0.0,0.0,0.0,0.6000000000000001,0.0,-1.5,0.0,0.0,16.0,25903.0
2026-07-30T19:00:35.139Z,204.622,204.636,0.0,7.4,0.0,0.0,0.0,0.0,0.0,0.0,0.0,0.0,1.0,0.0,0.0,0.0,9.0,4.0,0.0,0.0,0.0,0.0,0.0,0.0,0.0,0.0,5.0,12.0,1.0,12.15,5.0200000000000005,2.5,1.49,0.0,0.1,0.0,0.4,0.0,-0.8,0.0,-0.7000000000000001,-169.60000000000002,0.0,0.0,169.70000000000002,0.0,21.8,29.5,29.5,30.1,300.0,300.0,31.3,35.300000000000004,29.4,28.6,30.5,4.96,1.99,4.96,0.16,0.0,0.0,1027.0,8228.0,0.0,0.0,0.0,0.0,0.0,1.0,0.0,0.0,0.0,0.0,0.0,-0.4,0.0,0.6000000000000001,0.0,0.0,16.0,25903.0
2026-07-30T19:00:35.151Z,204.634,204.648,0.0,7.4,0.0,0.0,0.0,0.0,0.0,0.0,0.0,0.0,1.0,0.0,0.0,0.0,9.0,4.0,0.0,0.0,0.0,0.0,0.0,0.0,0.0,0.0,6.0,12.0,1.0,12.15,5.0200000000000005,2.5,1.49,0.0,0.0,0.0,0.4,0.0,-0.3,0.0,0.0,-169.60000000000002,0.0,0.0,169.70000000000002,0.0,21.8,29.5,29.5,30.1,300.0,300.0,31.3,35.300000000000004,29.4,28.6,30.5,4.96,2.0,4.97,0.16,0.0,0.0,1027.0,8228.0,0.0,0.0,0.0,0.0,0.0,1.0,0.0,0.0,0.0,0.0,0.0,0.0,0.0,0.0,0.0,0.0,16.0,25903.0
2026-07-30T19:00:35.163Z,204.646,204.66,0.0,7.4,0.0,0.0,0.0,0.0,0.0,0.0,0.0,0.0,1.0,0.0,0.0,0.0,9.0,4.0,0.0,0.0,0.0,0.0,0.0,0.0,0.0,0.0,2.0,12.0,1.0,12.15,5.0200000000000005,2.5,1.49,0.0,0.0,0.0,0.5,0.0,0.2,0.0,0.0,-169.60000000000002,0.0,0.0,169.60000000000002,0.0,21.8,29.5,29.5,30.1,300.0,300.0,31.3,35.300000000000004,29.4,28.6,30.5,4.95,1.99,4.97,0.16,0.0,0.0,1027.0,8228.0,0.0,0.0,0.0,0.0,0.0,1.0,0.0,0.0,0.0,0.0,0.0,0.0,0.0,0.0,0.0,0.0001,16.0,25903.0
2026-07-30T19:00:35.175Z,204.658,204.672,0.0,7.4,0.0,0.0,0.0,0.0,0.0,0.0,0.0,0.0,1.0,0.0,0.0,0.0,9.0,4.0,0.0,0.0,0.0,0.0,0.0,0.0,0.0,0.0,3.0,12.0,1.0,12.15,5.0200000000000005,2.5,1.49,0.0,0.0,0.0,0.4,0.0,-0.2,-0.4,0.0,-169.60000000000002,0.0,0.0,169.70000000000002,0.0,21.8,29.5,29.5,30.1,300.0,300.0,31.3,35.300000000000004,29.4,28.6,30.5,4.96,1.99,4.96,0.16,0.0,0.0,1027.0,8228.0,0.0,0.0,0.0,0.0,0.0,1.0,0.0,0.0,0.0,0.0,0.0,-0.5,0.0,0.0,0.0,0.0001,16.0,25903.0
2026-07-30T19:00:35.187Z,204.67,204.684,0.0,7.4,0.0,0.0,0.0,0.0,0.0,0.0,0.0,0.0,1.0,0.0,0.0,0.0,9.0,4.0,0.0,0.0,0.0,0.0,0.0,0.0,0.0,0.0,5.0,12.0,1.0,12.15,5.0200000000000005,2.5,1.49,0.0,0.0,0.0,0.4,0.0,0.3,0.1,0.5,-169.60000000000002,0.0,0.0,169.8,0.0,21.8,29.5,29.5,30.1,300.0,300.0,31.3,35.300000000000004,29.4,28.6,30.5,4.95,2.0,4.97,0.16,0.0,0.0,1027.0,8228.0,0.0,0.0,0.0,0.0,0.0,1.0,0.0,0.0,0.0,0.0,0.0,0.5,0.0,-0.4,0.0,0.0,16.0,25903.0
2026-07-30T19:00:35.199Z,204.682,204.696,0.0,7.4,0.0,0.0,0.0,0.0,0.0,0.0,0.0,0.0,1.0,0.0,0.0,0.0,9.0,4.0,0.0,0.0,0.0,0.0,0.0,0.0,0.0,0.0,6.0,12.0,1.0,12.15,5.0200000000000005,2.5,1.49,0.0,0.0,0.0,0.4,0.0,-0.2,-0.4,-1.8,-169.60000000000002,0.0,0.0,169.70000000000002,0.0,21.8,29.5,29.5,30.1,300.0,300.0,31.3,35.300000000000004,29.4,28.6,30.5,4.95,1.99,4.97,0.16,0.0,0.0,1027.0,8228.0,0.0,0.0,0.0,0.0,0.0,1.0,0.0,0.0,0.0,0.0,0.0,-1.8,0.0,1.5,0.0,0.0003,16.0,25903.0
2026-07-30T19:00:35.212Z,204.695,204.708,0.0,7.4,0.0,0.0,0.0,0.0,0.0,0.0,0.0,0.0,1.0,0.0,0.0,0.0,9.0,4.0,0.0,0.0,0.0,0.0,0.0,0.0,0.0,0.0,1.0,12.0,1.0,12.15,5.0200000000000005,2.51,1.49,0.0,0.0,0.0,0.4,0.0,-0.8,0.7000000000000001,-1.2000000000000002,-169.60000000000002,0.0,0.0,169.60000000000002,0.0,21.4,29.5,29.5,30.1,300.0,300.0,31.4,35.2,29.4,28.6,30.5,4.96,1.99,4.97,0.16,0.0,0.0,1027.0,8228.0,0.0,0.0,0.0,0.0,0.0,1.0,0.0,0.0,0.0,0.0,0.0,0.0,0.0,1.2000000000000002,0.0,0.0001,16.0,25903.0
2026-07-30T19:00:35.223Z,204.706,204.72,0.0,7.4,0.0,0.0,0.0,0.0,0.0,0.0,0.0,0.0,1.0,0.0,0.0,0.0,9.0,4.0,0.0,0.0,0.0,0.0,0.0,0.0,0.0,0.0,2.0,12.0,1.0,12.15,5.0200000000000005,2.51,1.49,0.0,0.0,0.0,0.4,0.0,0.2,0.7000000000000001,1.0,-169.60000000000002,0.0,0.0,169.60000000000002,0.0,21.4,29.5,29.5,30.1,300.0,300.0,31.4,35.2,29.4,28.6,30.5,4.96,1.99,4.96,0.16,0.0,0.0,1027.0,8228.0,0.0,0.0,0.0,0.0,0.0,1.0,0.0,0.0,0.0,0.0,0.0,1.6,0.0,-0.7000000000000001,0.0,0.0002,16.0,25903.0
2026-07-30T19:00:35.241Z,204.724,204.732,0.0,7.4,0.0,0.0,0.0,0.0,0.0,0.0,0.0,0.0,1.0,0.0,0.0,0.0,9.0,4.0,0.0,0.0,0.0,0.0,0.0,0.0,0.0,0.0,3.0,12.0,1.0,12.15,5.0200000000000005,2.51,1.49,0.0,0.0,0.0,0.4,0.0,0.2,-0.4,0.0,-169.60000000000002,0.0,0.0,169.8,0.0,21.4,29.5,29.5,30.1,300.0,300.0,31.4,35.2,29.4,28.6,30.5,4.95,1.99,4.97,0.16,0.0,0.0,1027.0,8228.0,0.0,0.0,0.0,0.0,0.0,1.0,0.0,0.0,0.0,0.0,0.0,-0.5,0.0,0.0,0.0,0.0,16.0,25903.0
2026-07-30T19:00:35.247Z,204.73,204.744,0.0,7.4,0.0,0.0,0.0,0.0,0.0,0.0,0.0,0.0,1.0,0.0,0.0,0.0,9.0,4.0,0.0,0.0,0.0,0.0,0.0,0.0,0.0,0.0,6.0,12.0,1.0,12.15,5.0200000000000005,2.51,1.49,0.0,0.0,0.0,0.4,0.0,0.8,0.7000000000000001,1.6,-169.60000000000002,0.0,0.0,169.70000000000002,0.0,21.4,29.5,29.5,30.1,300.0,300.0,31.4,35.2,29.4,28.6,30.5,4.95,2.0,4.97,0.16,0.0,0.0,1027.0,8228.0,0.0,0.0,0.0,0.0,0.0,1.0,0.0,0.0,0.0,0.0,0.0,2.0,0.0,-1.2000000000000002,0.0,0.0002,16.0,25903.0
2026-07-30T19:00:35.259Z,204.742,204.756,0.0,7.4,0.0,0.0,0.0,0.0,0.0,0.0,0.0,0.0,1.0,0.0,0.0,0.0,9.0,4.0,0.0,0.0,0.0,0.0,0.0,0.0,0.0,0.0,2.0,12.0,1.0,12.15,5.0200000000000005,2.51,1.49,0.0,0.0,0.0,0.4,0.0,0.2,0.0,-0.1,-169.60000000000002,0.0,0.0,169.70000000000002,0.0,21.4,29.5,29.5,30.1,300.0,300.0,31.4,35.2,29.4,28.6,30.5,4.96,2.0,4.97,0.16,0.0,0.0,1027.0,8228.0,0.0,0.0,0.0,0.0,0.0,1.0,0.0,0.0,0.0,0.0,0.0,0.0,0.0,0.1,0.0,0.0,16.0,25903.0
2026-07-30T19:00:35.271Z,204.754,204.768,0.0,7.4,0.0,0.0,0.0,0.0,0.0,0.0,0.0,0.0,1.0,0.0,0.0,0.0,9.0,4.0,0.0,0.0,0.0,0.0,0.0,0.0,0.0,0.0,3.0,12.0,1.0,12.15,5.0200000000000005,2.51,1.49,0.0,0.0,0.0,0.4,0.0,-0.9,0.0,-0.1,-169.60000000000002,0.0,0.0,169.8,0.0,21.4,29.5,29.5,30.1,300.0,300.0,31.4,35.2,29.4,28.6,30.5,4.96,2.0,4.97,0.16,0.0,0.0,1027.0,8228.0,0.0,0.0,0.0,0.0,0.0,1.0,0.0,0.0,0.0,0.0,0.0,0.0,0.0,0.1,0.0,0.0,16.0,25903.0
2026-07-30T19:00:35.283Z,204.766,204.78,0.0,7.4,0.0,0.0,0.0,0.0,0.0,0.0,0.0,0.0,1.0,0.0,0.0,0.0,9.0,4.0,0.0,0.0,0.0,0.0,0.0,0.0,0.0,0.0,5.0,12.0,1.0,12.15,5.0200000000000005,2.51,1.49,0.0,0.1,0.0,0.4,0.0,-0.2,0.6000000000000001,1.0,-169.60000000000002,0.0,0.0,169.8,0.0,21.4,29.5,29.5,30.1,300.0,300.0,31.4,35.2,29.4,28.6,30.5,4.95,1.99,4.97,0.16,0.0,0.0,1027.0,8228.0,0.0,0.0,0.0,0.0,0.0,1.0,0.0,0.0,0.0,0.0,0.0,1.5,0.0,-0.7000000000000001,0.0,0.0002,16.0,25903.0
2026-07-30T19:00:35.295Z,204.778,204.792,0.0,7.4,0.0,0.0,0.0,0.0,0.0,0.0,0.0,0.0,1.0,0.0,0.0,0.0,9.0,4.0,0.0,0.0,0.0,0.0,0.0,0.0,0.0,0.0,6.0,12.0,1.0,12.15,5.0200000000000005,2.51,1.49,0.0,0.0,0.0,0.4,0.0,-0.8,-0.5,-0.6000000000000001,-169.70000000000002,0.0,0.0,169.70000000000002,0.0,21.4,29.5,29.5,30.1,300.0,300.0,31.4,35.2,29.4,28.6,30.5,4.95,1.99,4.96,0.16,0.0,0.0,1027.0,8228.0,0.0,0.0,0.0,0.0,0.0,1.0,0.0,0.0,0.0,0.0,0.0,-1.1,0.0,0.5,0.0,0.0002,16.0,25903.0
2026-07-30T19:00:35.307Z,204.79,204.804,0.0,7.4,0.0,0.0,0.0,0.0,0.0,0.0,0.0,0.0,1.0,0.0,0.0,0.0,9.0,4.0,0.0,0.0,0.0,0.0,0.0,0.0,0.0,0.0,1.0,12.0,1.0,12.15,5.0200000000000005,2.51,1.49,0.0,0.0,0.0,0.4,0.0,-0.8,-0.4,-0.7000000000000001,-169.70000000000002,0.0,0.0,169.8,0.0,21.4,29.5,29.5,30.1,300.0,300.0,31.4,35.2,29.4,28.6,30.5,4.96,1.99,4.96,0.16,0.0,0.0,1027.0,8228.0,0.0,0.0,0.0,0.0,0.0,1.0,0.0,0.0,0.0,0.0,0.0,-1.1,0.0,0.5,0.0,0.0001,16.0,25903.0
2026-07-30T19:00:35.319Z,204.802,204.816,0.0,7.4,0.0,0.0,0.0,0.0,0.0,0.0,0.0,0.0,1.0,0.0,0.0,0.0,9.0,4.0,0.0,0.0,0.0,0.0,0.0,0.0,0.0,0.0,3.0,12.0,1.0,12.17,5.01,2.51,1.49,0.0,0.1,0.0,0.4,0.0,-0.2,0.7000000000000001,-0.7000000000000001,-169.70000000000002,0.0,0.0,169.8,0.0,21.700000000000003,29.5,29.5,30.1,300.0,300.0,31.5,35.2,29.4,28.6,30.5,4.95,1.99,4.97,0.16,0.0,0.0,1027.0,8228.0,0.0,0.0,0.0,0.0,0.0,1.0,0.0,0.0,0.0,0.0,0.0,0.2,0.0,0.7000000000000001,0.0,0.0,16.0,25903.0
2026-07-30T19:00:35.331Z,204.814,204.828,0.0,7.4,0.0,0.0,0.0,0.0,0.0,0.0,0.0,0.0,1.0,0.0,0.0,0.0,9.0,4.0,0.0,0.0,0.0,0.0,0.0,0.0,0.0,0.0,4.0,12.0,1.0,12.17,5.01,2.51,1.49,0.0,0.1,0.0,0.4,0.0,0.3,-0.4,-1.2000000000000002,-169.70000000000002,0.0,0.0,169.8,0.0,21.700000000000003,29.5,29.5,30.1,300.0,300.0,31.5,35.2,29.4,28.6,30.5,4.96,1.99,4.97,0.16,0.0,0.0,1027.0,8228.0,0.0,0.0,0.0,0.0,0.0,1.0,0.0,0.0,0.0,0.0,0.0,-1.4,0.0,1.0,0.0,0.0001,16.0,25903.0
2026-07-30T19:00:35.343Z,204.826,204.84,0.0,7.4,0.0,0.0,0.0,0.0,0.0,0.0,0.0,0.0,1.0,0.0,0.0,0.0,9.0,4.0,0.0,0.0,0.0,0.0,0.0,0.0,0.0,0.0,5.0,12.0,1.0,12.17,5.01,2.51,1.49,0.0,0.0,0.0,0.4,0.0,-0.1,0.1,0.5,-169.70000000000002,0.0,0.0,169.70000000000002,0.0,21.700000000000003,29.5,29.5,30.1,300.0,300.0,31.5,35.2,29.4,28.6,30.5,4.96,2.0,4.96,0.16,0.0,0.0,1027.0,8228.0,0.0,0.0,0.0,0.0,0.0,1.0,0.0,0.0,0.0,0.0,0.0,0.5,0.0,-0.4,0.0,0.0001,16.0,25903.0
2026-07-30T19:00:35.355Z,204.838,204.852,0.0,7.4,0.0,0.0,0.0,0.0,0.0,0.0,0.0,0.0,1.0,0.0,0.0,0.0,9.0,4.0,0.0,0.0,0.0,0.0,0.0,0.0,0.0,0.0,6.0,12.0,1.0,12.17,5.01,2.51,1.49,-0.1,0.0,0.0,0.4,0.0,-0.1,0.7000000000000001,-0.6000000000000001,-169.70000000000002,0.0,0.0,169.60000000000002,0.0,21.700000000000003,29.5,29.5,30.1,300.0,300.0,31.5,35.2,29.4,28.6,30.5,4.95,1.99,4.96,0.16,0.0,0.0,1027.0,8228.0,0.0,0.0,0.0,0.0,0.0,1.0,0.0,0.0,0.0,0.0,0.0,0.3,0.0,0.7000000000000001,0.0,0.0001,16.0,25903.0
2026-07-30T19:00:35.367Z,204.85,204.864,0.0,7.4,0.0,0.0,0.0,0.0,0.0,0.0,0.0,0.0,1.0,0.0,0.0,0.0,9.0,4.0,0.0,0.0,0.0,0.0,0.0,0.0,0.0,0.0,6.0,12.0,1.0,12.17,5.01,2.51,1.49,0.0,0.0,0.0,0.4,0.0,1.0,0.1,0.5,-169.70000000000002,0.0,0.0,169.70000000000002,0.0,21.700000000000003,29.5,29.5,30.1,300.0,300.0,31.5,35.2,29.4,28.6,30.5,4.95,1.99,4.97,0.16,0.0,0.0,1027.0,8228.0,0.0,0.0,0.0,0.0,0.0,1.0,0.0,0.0,0.0,0.0,0.0,0.5,0.0,-0.4,0.0,0.0001,16.0,25903.0
2026-07-30T19:00:35.379Z,204.862,204.876,0.0,7.4,0.0,0.0,0.0,0.0,0.0,0.0,0.0,0.0,1.0,0.0,0.0,0.0,9.0,4.0,0.0,0.0,0.0,0.0,0.0,0.0,0.0,0.0,1.0,12.0,1.0,12.17,5.01,2.51,1.49,0.0,0.0,0.0,0.4,0.0,-0.1,-1.6,-0.6000000000000001,-169.70000000000002,0.0,0.0,169.70000000000002,0.0,21.700000000000003,29.5,29.5,30.1,300.0,300.0,31.5,35.2,29.4,28.6,30.5,4.96,1.99,4.96,0.16,0.0,0.0,1027.0,8228.0,0.0,0.0,0.0,0.0,0.0,1.0,0.0,0.0,0.0,0.0,0.0,-2.3000000000000003,0.0,0.2,0.0,0.0001,16.0,25903.0
2026-07-30T19:00:35.391Z,204.874,204.888,0.0,7.4,0.0,0.0,0.0,0.0,0.0,0.0,0.0,0.0,1.0,0.0,0.0,0.0,9.0,4.0,0.0,0.0,0.0,0.0,0.0,0.0,0.0,0.0,2.0,12.0,1.0,12.17,5.01,2.51,1.49,0.0,0.1,0.0,0.5,0.0,-0.1,0.6000000000000001,-1.8,-169.60000000000002,0.0,0.0,169.70000000000002,0.0,21.700000000000003,29.5,29.5,30.1,300.0,300.0,31.5,35.2,29.4,28.6,30.5,4.96,1.99,4.96,0.16,0.0,0.0,1027.0,8228.0,0.0,0.0,0.0,0.0,0.0,1.0,0.0,0.0,0.0,0.0,0.0,-0.5,0.0,1.7000000000000002,0.0,0.0,16.0,25903.0
2026-07-30T19:00:35.403Z,204.886,204.9,0.0,7.4,0.0,0.0,0.0,0.0,0.0,0.0,0.0,0.0,1.0,0.0,0.0,0.0,9.0,4.0,0.0,0.0,0.0,0.0,0.0,0.0,0.0,0.0,3.0,12.0,1.0,12.17,5.01,2.51,1.49,0.0,0.0,0.0,0.5,0.0,-0.1,0.7000000000000001,0.0,-169.60000000000002,0.0,0.0,169.70000000000002,0.0,21.700000000000003,29.5,29.5,30.1,300.0,300.0,31.5,35.2,29.4,28.6,30.5,4.95,1.99,4.96,0.18,0.0,0.0,1027.0,8228.0,0.0,0.0,0.0,0.0,0.0,1.0,0.0,0.0,0.0,0.0,0.0,0.7000000000000001,0.0,0.1,0.0,0.0,16.0,25903.0
2026-07-30T19:00:35.416Z,204.899,204.912,0.0,7.4,0.0,0.0,0.0,0.0,0.0,0.0,0.0,0.0,1.0,0.0,0.0,0.0,9.0,4.0,0.0,0.0,0.0,0.0,0.0,0.0,0.0,0.0,4.0,12.0,1.0,12.18,5.01,2.51,1.49,0.0,0.0,0.0,0.5,0.0,-1.3,-0.4,-0.6000000000000001,-169.60000000000002,0.0,0.0,169.70000000000002,0.0,21.700000000000003,29.5,29.5,30.1,300.0,300.0,31.3,35.300000000000004,29.4,28.6,30.5,4.96,1.99,4.97,0.16,0.0,0.0,1027.0,8228.0,0.0,0.0,0.0,0.0,0.0,1.0,0.0,0.0,0.0,0.0,0.0,-1.0,0.0,0.4,0.0,0.0,16.0,25903.0
2026-07-30T19:00:35.427Z,204.91,204.924,0.0,7.4,0.0,0.0,0.0,0.0,0.0,0.0,0.0,0.0,1.0,0.0,0.0,0.0,9.0,4.0,0.0,0.0,0.0,0.0,0.0,0.0,0.0,0.0,4.0,12.0,1.0,12.18,5.01,2.51,1.49,0.0,0.0,0.0,0.5,0.0,-0.1,-1.0,0.0,-169.70000000000002,0.0,0.0,169.70000000000002,0.0,21.700000000000003,29.5,29.5,30.1,300.0,300.0,31.3,35.300000000000004,29.4,28.6,30.5,4.96,1.99,4.96,0.16,0.0,0.0,1027.0,8228.0,0.0,0.0,0.0,0.0,0.0,1.0,0.0,0.0,0.0,0.0,0.0,-1.2000000000000002,0.0,-0.1,0.0,0.0,16.0,25903.0
2026-07-30T19:00:35.439Z,204.922,204.936,0.0,7.4,0.0,0.0,0.0,0.0,0.0,0.0,0.0,0.0,1.0,0.0,0.0,0.0,9.0,4.0,0.0,0.0,0.0,0.0,0.0,0.0,0.0,0.0,5.0,12.0,1.0,12.18,5.01,2.51,1.49,0.0,0.0,0.0,0.4,0.0,-0.7000000000000001,0.1,0.5,-169.60000000000002,0.0,0.0,169.70000000000002,0.0,21.700000000000003,29.5,29.5,30.1,300.0,300.0,31.3,35.300000000000004,29.4,28.6,30.5,4.96,1.99,4.96,0.16,0.0,0.0,1027.0,8228.0,0.0,0.0,0.0,0.0,0.0,1.0,0.0,0.0,0.0,0.0,0.0,0.5,0.0,-0.4,0.0,0.0001,16.0,25903.0
2026-07-30T19:00:35.451Z,204.934,204.948,0.0,7.4,0.0,0.0,0.0,0.0,0.0,0.0,0.0,0.0,1.0,0.0,0.0,0.0,9.0,4.0,0.0,0.0,0.0,0.0,0.0,0.0,0.0,0.0,6.0,12.0,1.0,12.18,5.01,2.51,1.49,0.0,0.0,0.0,0.4,0.0,0.3,0.1,0.0,-169.60000000000002,0.0,0.0,169.60000000000002,0.0,21.700000000000003,29.5,29.5,30.1,300.0,300.0,31.3,35.300000000000004,29.4,28.6,30.5,4.95,1.99,4.96,0.16,0.0,0.0,1027.0,8228.0,0.0,0.0,0.0,0.0,0.0,1.0,0.0,0.0,0.0,0.0,0.0,0.1,0.0,0.0,0.0,0.0001,16.0,25903.0
2026-07-30T19:00:35.463Z,204.946,204.96,0.0,7.4,0.0,0.0,0.0,0.0,0.0,0.0,0.0,0.0,1.0,0.0,0.0,0.0,9.0,4.0,0.0,0.0,0.0,0.0,0.0,0.0,0.0,0.0,1.0,12.0,1.0,12.18,5.01,2.51,1.49,0.0,0.0,0.0,0.4,0.0,-0.1,0.1,0.0,-169.60000000000002,0.0,0.0,169.60000000000002,0.0,21.700000000000003,29.5,29.5,30.1,300.0,300.0,31.3,35.300000000000004,29.4,28.6,30.5,4.95,1.99,4.96,0.15,0.0,0.0,1027.0,8228.0,0.0,0.0,0.0,0.0,0.0,1.0,0.0,0.0,0.0,0.0,0.0,0.1,0.0,0.0,0.0,0.0,16.0,25903.0
2026-07-30T19:00:35.475Z,204.958,204.972,0.0,7.4,0.0,0.0,0.0,0.0,0.0,0.0,0.0,0.0,1.0,0.0,0.0,0.0,9.0,4.0,0.0,0.0,0.0,0.0,0.0,0.0,0.0,0.0,2.0,12.0,1.0,12.18,5.01,2.51,1.49,0.0,0.0,0.0,0.4,0.0,-0.7000000000000001,0.1,-0.5,-169.60000000000002,0.0,0.0,169.60000000000002,0.0,21.700000000000003,29.5,29.5,30.1,300.0,300.0,31.3,35.300000000000004,29.4,28.6,30.5,4.95,1.99,4.97,0.15,0.0,0.0,1027.0,8228.0,0.0,0.0,0.0,0.0,0.0,1.0,0.0,0.0,0.0,0.0,0.0,-0.2,0.0,0.4,0.0,0.0,16.0,25903.0
2026-07-30T19:00:35.487Z,204.97,204.984,0.0,7.4,0.0,0.0,0.0,0.0,0.0,0.0,0.0,0.0,1.0,0.0,0.0,0.0,9.0,4.0,0.0,0.0,0.0,0.0,0.0,0.0,0.0,0.0,3.0,12.0,1.0,12.18,5.01,2.51,1.49,-0.1,0.1,0.0,0.4,0.0,0.9,0.6000000000000001,1.7000000000000002,-169.60000000000002,0.0,0.0,169.60000000000002,0.0,21.700000000000003,29.5,29.5,30.1,300.0,300.0,31.3,35.300000000000004,29.4,28.6,30.5,4.95,1.99,4.97,0.16,0.0,0.0,1027.0,8228.0,0.0,0.0,0.0,0.0,0.0,1.0,0.0,0.0,0.0,0.0,0.0,2.1,0.0,-1.4,0.0,0.0,16.0,25903.0
2026-07-30T19:00:35.499Z,204.982,204.996,0.0,7.4,0.0,0.0,0.0,0.0,0.0,0.0,0.0,0.0,1.0,0.0,0.0,0.0,9.0,4.0,0.0,0.0,0.0,0.0,0.0,0.0,0.0,0.0,3.0,12.0,1.0,12.18,5.01,2.51,1.49,0.0,0.0,0.0,0.4,0.0,-0.1,0.1,-0.5,-169.60000000000002,0.0,0.0,169.8,0.0,21.700000000000003,29.5,29.5,30.1,300.0,300.0,31.3,35.300000000000004,29.4,28.6,30.5,4.96,1.99,4.97,0.16,0.0,0.0,1027.0,8228.0,0.0,0.0,0.0,0.0,0.0,1.0,0.0,0.0,0.0,0.0,0.0,-0.2,0.0,0.4,0.0,0.0,16.0,25903.0
2026-07-30T19:00:35.511Z,204.994,205.008,0.0,7.4,0.0,0.0,0.0,0.0,0.0,0.0,0.0,0.0,1.0,0.0,0.0,0.0,9.0,4.0,0.0,0.0,0.0,0.0,0.0,0.0,0.0,0.0,5.0,12.0,1.0,12.18,5.01,2.51,1.49,0.0,0.0,0.0,0.5,0.0,-0.1,-0.4,-1.7000000000000002,-169.60000000000002,0.0,0.0,169.70000000000002,0.0,21.700000000000003,29.5,29.5,30.1,300.0,300.0,31.3,35.300000000000004,29.4,28.6,30.5,4.95,1.99,4.96,0.16,0.0,0.0,1027.0,8228.0,0.0,0.0,0.0,0.0,0.0,1.0,0.0,0.0,0.0,0.0,0.0,-1.8,0.0,1.4,0.0,0.0002,16.0,25903.0
2026-07-30T19:00:35.523Z,205.006,205.02,0.0,7.4,0.0,0.0,0.0,0.0,0.0,0.0,0.0,0.0,1.0,0.0,0.0,0.0,9.0,4.0,0.0,0.0,0.0,0.0,0.0,0.0,0.0,0.0,6.0,12.0,1.0,12.17,5.01,2.51,1.49,0.0,0.0,0.0,0.4,0.0,0.4,-0.4,0.0,-169.60000000000002,0.0,0.0,169.70000000000002,0.0,21.3,29.5,29.5,30.1,300.0,300.0,31.3,35.2,29.4,28.6,30.5,4.95,1.99,4.97,0.16,0.0,0.0,1027.0,8228.0,0.0,0.0,0.0,0.0,0.0,1.0,0.0,0.0,0.0,0.0,0.0,-0.4,0.0,-0.1,0.0,0.0001,16.0,25903.0
2026-07-30T19:00:35.535Z,205.018,205.032,0.0,7.4,0.0,0.0,0.0,0.0,0.0,0.0,0.0,0.0,1.0,0.0,0.0,0.0,9.0,4.0,0.0,0.0,0.0,0.0,0.0,0.0,0.0,0.0,1.0,12.0,1.0,12.17,5.01,2.51,1.49,0.0,0.0,0.0,0.4,0.0,-0.1,0.7000000000000001,0.5,-169.70000000000002,0.0,0.0,169.70000000000002,0.0,21.3,29.5,29.5,30.1,300.0,300.0,31.3,35.2,29.4,28.6,30.5,4.95,1.99,4.96,0.16,0.0,0.0,1027.0,8228.0,0.0,0.0,0.0,0.0,0.0,1.0,0.0,0.0,0.0,0.0,0.0,1.2000000000000002,0.0,-0.3,0.0,0.0001,16.0,25903.0
2026-07-30T19:00:35.547Z,205.03,205.044,0.0,7.4,0.0,0.0,0.0,0.0,0.0,0.0,0.0,0.0,1.0,0.0,0.0,0.0,9.0,4.0,0.0,0.0,0.0,0.0,0.0,0.0,0.0,0.0,3.0,12.0,1.0,12.17,5.01,2.51,1.49,0.0,0.0,0.0,0.4,0.0,-0.1,0.1,0.0,-169.60000000000002,0.0,0.0,169.70000000000002,0.0,21.3,29.5,29.5,30.1,300.0,300.0,31.3,35.2,29.4,28.6,30.5,4.95,2.0,4.96,0.16,0.0,0.0,1027.0,8228.0,0.0,0.0,0.0,0.0,0.0,1.0,0.0,0.0,0.0,0.0,0.0,0.1,0.0,0.0,0.0,0.0,16.0,25903.0
2026-07-30T19:00:35.563Z,205.046,205.056,0.0,7.4,0.0,0.0,0.0,0.0,0.0,0.0,0.0,0.0,1.0,0.0,0.0,0.0,9.0,4.0,0.0,0.0,0.0,0.0,0.0,0.0,0.0,0.0,3.0,12.0,1.0,12.17,5.01,2.51,1.49,0.0,0.0,0.0,0.4,0.0,-0.7000000000000001,-0.4,-1.2000000000000002,-169.60000000000002,0.0,0.0,169.70000000000002,0.0,21.3,29.5,29.5,30.1,300.0,300.0,31.3,35.2,29.4,28.6,30.5,4.95,2.0,4.97,0.16,0.0,0.0,1027.0,8228.0,0.0,0.0,0.0,0.0,0.0,1.0,0.0,0.0,0.0,0.0,0.0,-0.1,0.0,-0.5,0.0,0.0,16.0,25903.0
2026-07-30T19:00:35.571Z,205.054,205.068,0.0,7.4,0.0,0.0,0.0,0.0,0.0,0.0,0.0,0.0,1.0,0.0,0.0,0.0,9.0,4.0,0.0,0.0,0.0,0.0,0.0,0.0,0.0,0.0,2.0,12.0,1.0,12.17,5.01,2.51,1.49,0.0,0.0,0.0,0.4,0.0,0.3,-1.0,0.5,-169.60000000000002,0.0,0.0,169.60000000000002,0.0,21.3,29.5,29.5,30.1,300.0,300.0,31.3,35.2,29.4,28.6,30.5,4.96,1.99,4.96,0.16,0.0,0.0,1027.0,8228.0,0.0,0.0,0.0,0.0,0.0,1.0,0.0,0.0,0.0,0.0,0.0,-0.8,0.0,-0.6000000000000001,0.0,0.0001,16.0,25903.0
2026-07-30T19:00:35.583Z,205.066,205.08,0.0,7.4,0.0,0.0,0.0,0.0,0.0,0.0,0.0,0.0,1.0,0.0,0.0,0.0,9.0,4.0,0.0,0.0,0.0,0.0,0.0,0.0,0.0,0.0,3.0,12.0,1.0,12.17,5.01,2.51,1.49,0.0,0.0,0.0,0.4,0.0,-0.2,0.1,-0.6000000000000001,-169.60000000000002,0.0,0.0,169.70000000000002,0.0,21.3,29.5,29.5,30.1,300.0,300.0,31.3,35.2,29.4,28.6,30.5,4.96,1.99,4.96,0.16,0.0,0.0,1027.0,8228.0,0.0,0.0,0.0,0.0,0.0,1.0,0.0,0.0,0.0,0.0,0.0,-2.3000000000000003,0.0,0.2,0.0,0.0001,16.0,25903.0
2026-07-30T19:00:35.595Z,205.078,205.092,0.0,7.4,0.0,0.0,0.0,0.0,0.0,0.0,0.0,0.0,1.0,0.0,0.0,0.0,9.0,4.0,0.0,0.0,0.0,0.0,0.0,0.0,0.0,0.0,4.0,12.0,1.0,12.17,5.01,2.51,1.49,0.0,0.0,0.0,0.4,0.0,0.3,0.6000000000000001,0.4,-169.60000000000002,0.0,0.0,169.70000000000002,0.0,21.3,29.5,29.5,30.1,300.0,300.0,31.3,35.2,29.4,28.6,30.5,4.95,1.99,4.96,0.16,0.0,0.0,1027.0,8228.0,0.0,0.0,0.0,0.0,0.0,1.0,0.0,0.0,0.0,0.0,0.0,0.0,0.0,0.1,0.0,0.0,16.0,25903.0
2026-07-30T19:00:35.607Z,205.09,205.104,0.0,7.4,0.0,0.0,0.0,0.0,0.0,0.0,0.0,0.0,1.0,0.0,0.0,0.0,9.0,4.0,0.0,0.0,0.0,0.0,0.0,0.0,0.0,0.0,5.0,12.0,1.0,12.17,5.01,2.51,1.49,0.0,0.0,0.0,0.4,0.0,-0.2,0.6000000000000001,1.0,-169.60000000000002,0.0,0.0,169.60000000000002,0.0,21.3,29.5,29.5,30.1,300.0,300.0,31.3,35.2,29.4,28.6,30.5,4.96,1.99,4.97,0.16,0.0,0.0,1027.0,8228.0,0.0,0.0,0.0,0.0,0.0,1.0,0.0,0.0,0.0,0.0,0.0,1.5,0.0,-0.7000000000000001,0.0,0.0001,16.0,25903.0
2026-07-30T19:00:35.620Z,205.103,205.116,0.0,7.4,0.0,0.0,0.0,0.0,0.0,0.0,0.0,0.0,1.0,0.0,0.0,0.0,9.0,4.0,0.0,0.0,0.0,0.0,0.0,0.0,0.0,0.0,1.0,12.0,1.0,12.18,5.01,2.51,1.49,0.0,0.0,0.0,0.4,0.0,-0.2,-0.4,1.0,-169.60000000000002,0.0,0.0,169.70000000000002,0.0,21.700000000000003,29.5,29.5,30.1,300.0,300.0,31.4,35.300000000000004,29.4,28.6,30.5,4.96,1.99,4.96,0.16,0.0,0.0,1027.0,8228.0,0.0,0.0,0.0,0.0,0.0,1.0,0.0,0.0,0.0,0.0,0.0,0.2,0.0,-1.0,0.0,0.0001,16.0,25903.0
2026-07-30T19:00:35.631Z,205.114,205.128,0.0,7.4,0.0,0.0,0.0,0.0,0.0,0.0,0.0,0.0,1.0,0.0,0.0,0.0,9.0,4.0,0.0,0.0,0.0,0.0,0.0,0.0,0.0,0.0,2.0,12.0,1.0,12.18,5.01,2.51,1.49,0.0,0.0,0.0,0.4,0.0,-0.2,0.1,-1.2000000000000002,-169.60000000000002,0.0,0.0,169.60000000000002,0.0,21.700000000000003,29.5,29.5,30.1,300.0,300.0,31.4,35.300000000000004,29.4,28.6,30.5,4.96,1.99,4.97,0.16,0.0,0.0,1027.0,8228.0,0.0,0.0,0.0,0.0,0.0,1.0,0.0,0.0,0.0,0.0,0.0,-0.7000000000000001,0.0,1.1,0.0,0.0,16.0,25903.0
2026-07-30T19:00:35.643Z,205.126,205.14,0.0,7.4,0.0,0.0,0.0,0.0,0.0,0.0,0.0,0.0,1.0,0.0,0.0,0.0,9.0,4.0,0.0,0.0,0.0,0.0,0.0,0.0,0.0,0.0,3.0,12.0,1.0,12.18,5.01,2.51,1.49,0.0,0.0,0.0,0.4,0.0,-0.7000000000000001,0.1,-1.2000000000000002,-169.60000000000002,0.0,0.0,169.60000000000002,0.0,21.700000000000003,29.5,29.5,30.1,300.0,300.0,31.4,35.300000000000004,29.4,28.6,30.5,4.95,2.0,4.97,0.16,0.0,0.0,1027.0,8228.0,0.0,0.0,0.0,0.0,0.0,1.0,0.0,0.0,0.0,0.0,0.0,-0.7000000000000001,0.0,1.1,0.0,0.0,16.0,25903.0
2026-07-30T19:00:35.655Z,205.138,205.152,0.0,7.4,0.0,0.0,0.0,0.0,0.0,0.0,0.0,0.0,1.0,0.0,0.0,0.0,9.0,4.0,0.0,0.0,0.0,0.0,0.0,0.0,0.0,0.0,5.0,12.0,1.0,12.18,5.01,2.51,1.49,0.0,0.0,0.0,0.4,0.0,-0.7000000000000001,0.7000000000000001,-0.6000000000000001,-169.60000000000002,0.0,0.0,169.70000000000002,0.0,21.700000000000003,29.5,29.5,30.1,300.0,300.0,31.4,35.300000000000004,29.4,28.6,30.5,4.96,2.0,4.96,0.16,0.0,0.0,1027.0,8228.0,0.0,0.0,0.0,0.0,0.0,1.0,0.0,0.0,0.0,0.0,0.0,0.3,0.0,0.7000000000000001,0.0,0.0,16.0,25903.0
2026-07-30T19:00:35.667Z,205.15,205.164,0.0,7.4,0.0,0.0,0.0,0.0,0.0,0.0,0.0,0.0,1.0,0.0,0.0,0.0,9.0,4.0,0.0,0.0,0.0,0.0,0.0,0.0,0.0,0.0,6.0,12.0,1.0,12.18,5.01,2.51,1.49,0.0,0.0,0.0,0.4,0.0,0.4,0.1,-0.7000000000000001,-169.60000000000002,0.0,0.0,169.60000000000002,0.0,21.700000000000003,29.5,29.5,30.1,300.0,300.0,31.4,35.300000000000004,29.4,28.6,30.5,4.95,2.0,4.97,0.16,0.0,0.0,1027.0,8228.0,0.0,0.0,0.0,0.0,0.0,1.0,0.0,0.0,0.0,0.0,0.0,-0.4,0.0,0.6000000000000001,0.0,0.0001,16.0,25903.0
2026-07-30T19:00:35.679Z,205.162,205.176,0.0,7.4,0.0,0.0,0.0,0.0,0.0,0.0,0.0,0.0,1.0,0.0,0.0,0.0,9.0,4.0,0.0,0.0,0.0,0.0,0.0,0.0,0.0,0.0,2.0,12.0,1.0,12.18,5.01,2.51,1.49,0.0,0.0,0.0,0.4,0.0,-0.1,-0.4,-0.7000000000000001,-169.60000000000002,0.0,0.0,169.60000000000002,0.0,21.700000000000003,29.5,29.5,30.1,300.0,300.0,31.4,35.300000000000004,29.4,28.6,30.5,4.95,1.99,4.97,0.16,0.0,0.0,1027.0,8228.0,0.0,0.0,0.0,0.0,0.0,1.0,0.0,0.0,0.0,0.0,0.0,-1.0,0.0,0.5,0.0,0.0001,16.0,25903.0
2026-07-30T19:00:35.691Z,205.174,205.188,0.0,7.4,0.0,0.0,0.0,0.0,0.0,0.0,0.0,0.0,1.0,0.0,0.0,0.0,9.0,4.0,0.0,0.0,0.0,0.0,0.0,0.0,0.0,0.0,3.0,12.0,1.0,12.18,5.01,2.51,1.49,0.0,0.0,0.0,0.4,0.0,0.4,0.7000000000000001,-0.7000000000000001,-169.60000000000002,0.0,0.0,169.60000000000002,0.0,21.700000000000003,29.5,29.5,30.1,300.0,300.0,31.4,35.300000000000004,29.4,28.6,30.5,4.95,1.99,4.97,0.16,0.0,0.0,1027.0,8228.0,0.0,0.0,0.0,0.0,0.0,1.0,0.0,0.0,0.0,0.0,0.0,0.3,0.0,0.8,0.0,0.0,16.0,25903.0
2026-07-30T19:00:35.703Z,205.186,205.2,0.0,7.4,0.0,0.0,0.0,0.0,0.0,0.0,0.0,0.0,1.0,0.0,0.0,0.0,9.0,4.0,0.0,0.0,0.0,0.0,0.0,0.0,0.0,0.0,4.0,12.0,1.0,12.18,5.01,2.51,1.49,-0.1,0.0,0.0,0.4,0.0,-0.1,-0.9,-0.1,-169.60000000000002,0.0,0.0,169.70000000000002,0.0,21.700000000000003,29.5,29.5,30.1,300.0,300.0,31.4,35.300000000000004,29.4,28.6,30.5,4.96,1.99,4.96,0.16,0.0,0.0,1027.0,8228.0,0.0,0.0,0.0,0.0,0.0,1.0,0.0,0.0,0.0,0.0,0.0,-1.2000000000000002,0.0,0.0,0.0,0.0,16.0,25903.0
2026-07-30T19:00:35.715Z,205.198,205.212,0.0,7.4,0.0,0.0,0.0,0.0,0.0,0.0,0.0,0.0,1.0,0.0,0.0,0.0,9.0,4.0,0.0,0.0,0.0,0.0,0.0,0.0,0.0,0.0,6.0,12.0,1.0,12.18,5.01,2.51,1.49,0.0,0.0,0.0,0.4,0.0,-0.2,-1.0,-0.2,-169.60000000000002,0.0,0.0,169.60000000000002,0.0,21.700000000000003,29.5,29.5,30.1,300.0,300.0,31.4,35.300000000000004,29.4,28.6,30.5,4.95,1.99,4.97,0.16,0.0,0.0,1027.0,8228.0,0.0,0.0,0.0,0.0,0.0,1.0,0.0,0.0,0.0,0.0,0.0,-1.3,0.0,0.0,0.0,0.0,16.0,25903.0
2026-07-30T19:00:35.727Z,205.21,205.224,0.0,7.4,0.0,0.0,0.0,0.0,0.0,0.0,0.0,0.0,1.0,0.0,0.0,0.0,9.0,4.0,0.0,0.0,0.0,0.0,0.0,0.0,0.0,0.0,2.0,12.0,1.0,12.15,5.01,2.51,1.49,0.0,0.0,0.0,0.4,0.0,-0.2,0.1,-0.8,-169.60000000000002,0.0,0.0,169.70000000000002,0.0,21.700000000000003,29.5,29.5,30.1,300.0,300.0,31.4,35.300000000000004,29.4,28.6,30.5,4.95,1.99,4.96,0.16,0.0,0.0,1027.0,8228.0,0.0,0.0,0.0,0.0,0.0,1.0,0.0,0.0,0.0,0.0,0.0,-0.4,0.0,0.7000000000000001,0.0,0.0,16.0,25903.0
2026-07-30T19:00:35.739Z,205.222,205.236,0.0,7.4,0.0,0.0,0.0,0.0,0.0,0.0,0.0,0.0,1.0,0.0,0.0,0.0,9.0,4.0,0.0,0.0,0.0,0.0,0.0,0.0,0.0,0.0,3.0,12.0,1.0,12.15,5.01,2.51,1.49,0.0,0.0,0.0,0.4,0.0,-0.2,0.1,1.5,-169.60000000000002,0.0,0.0,169.60000000000002,0.0,21.700000000000003,29.5,29.5,30.1,300.0,300.0,31.4,35.300000000000004,29.4,28.6,30.5,4.96,2.0,4.96,0.16,0.0,0.0,1027.0,8228.0,0.0,0.0,0.0,0.0,0.0,1.0,0.0,0.0,0.0,0.0,0.0,1.2000000000000002,0.0,-1.3,0.0,0.0,16.0,25903.0
2026-07-30T19:00:35.751Z,205.234,205.248,0.0,7.4,0.0,0.0,0.0,0.0,0.0,0.0,0.0,0.0,1.0,0.0,0.0,0.0,9.0,4.0,0.0,0.0,0.0,0.0,0.0,0.0,0.0,0.0,4.0,12.0,1.0,12.15,5.01,2.51,1.49,0.0,0.0,0.0,0.4,0.0,-0.2,-0.4,-1.3,-169.60000000000002,0.0,0.0,169.70000000000002,0.0,21.700000000000003,29.5,29.5,30.1,300.0,300.0,31.4,35.300000000000004,29.4,28.6,30.5,4.95,2.0,4.96,0.16,0.0,0.0,1027.0,8228.0,0.0,0.0,0.0,0.0,0.0,1.0,0.0,0.0,0.0,0.0,0.0,-1.5,0.0,1.1,0.0,0.0,16.0,25903.0
2026-07-30T19:00:35.763Z,205.246,205.26,0.0,7.4,0.0,0.0,0.0,0.0,0.0,0.0,0.0,0.0,1.0,0.0,0.0,0.0,9.0,4.0,0.0,0.0,0.0,0.0,0.0,0.0,0.0,0.0,5.0,12.0,1.0,12.15,5.01,2.51,1.49,0.0,0.1,0.0,0.5,0.0,0.3,-1.0,1.5,-169.60000000000002,0.0,0.0,169.70000000000002,0.0,21.700000000000003,29.5,29.5,30.1,300.0,300.0,31.4,35.300000000000004,29.4,28.6,30.5,4.95,1.99,4.97,0.16,0.0,0.0,1027.0,8228.0,0.0,0.0,0.0,0.0,0.0,1.0,0.0,0.0,0.0,0.0,0.0,0.0,0.0,-1.6,0.0,0.0001,16.0,25903.0
2026-07-30T19:00:35.775Z,205.258,205.272,0.0,7.4,0.0,0.0,0.0,0.0,0.0,0.0,0.0,0.0,1.0,0.0,0.0,0.0,9.0,4.0,0.0,0.0,0.0,0.0,0.0,0.0,0.0,0.0,6.0,12.0,1.0,12.15,5.01,2.51,1.49,0.0,0.0,0.0,0.4,0.0,0.3,0.1,-0.1,-169.60000000000002,0.0,0.0,169.60000000000002,0.0,21.700000000000003,29.5,29.5,30.1,300.0,300.0,31.4,35.300000000000004,29.4,28.6,30.5,4.95,1.99,4.97,0.16,0.0,0.0,1027.0,8228.0,0.0,0.0,0.0,0.0,0.0,1.0,0.0,0.0,0.0,0.0,0.0,0.0,0.0,0.1,0.0,0.0001,16.0,25903.0
2026-07-30T19:00:35.787Z,205.27,205.284,0.0,7.4,0.0,0.0,0.0,0.0,0.0,0.0,0.0,0.0,1.0,0.0,0.0,0.0,9.0,4.0,0.0,0.0,0.0,0.0,0.0,0.0,0.0,0.0,1.0,12.0,1.0,12.15,5.01,2.51,1.49,0.0,0.0,0.0,0.4,0.0,0.3,-0.4,-0.6000000000000001,-169.60000000000002,0.0,0.0,169.60000000000002,0.0,21.700000000000003,29.5,29.5,30.1,300.0,300.0,31.4,35.300000000000004,29.4,28.6,30.5,4.96,1.99,4.97,0.17,0.0,0.0,1027.0,8228.0,0.0,0.0,0.0,0.0,0.0,1.0,0.0,0.0,0.0,0.0,0.0,-1.0,0.0,0.5,0.0,0.0001,16.0,25903.0
2026-07-30T19:00:35.799Z,205.282,205.296,0.0,7.4,0.0,0.0,0.0,0.0,0.0,0.0,0.0,0.0,1.0,0.0,0.0,0.0,9.0,4.0,0.0,0.0,0.0,0.0,0.0,0.0,0.0,0.0,2.0,12.0,1.0,12.15,5.01,2.51,1.49,0.0,0.0,0.0,0.4,0.0,-0.2,-0.4,-0.1,-169.60000000000002,0.0,0.0,169.70000000000002,0.0,21.700000000000003,29.5,29.5,30.1,300.0,300.0,31.4,35.300000000000004,29.4,28.6,30.5,4.95,1.99,4.96,0.17,0.0,0.0,1027.0,8228.0,0.0,0.0,0.0,0.0,0.0,1.0,0.0,0.0,0.0,0.0,0.0,-0.5,0.0,0.0,0.0,0.0,16.0,25903.0
2026-07-30T19:00:35.811Z,205.294,205.308,0.0,7.4,0.0,0.0,0.0,0.0,0.0,0.0,0.0,0.0,1.0,0.0,0.0,0.0,9.0,4.0,0.0,0.0,0.0,0.0,0.0,0.0,0.0,0.0,2.0,12.0,1.0,12.15,5.01,2.51,1.49,0.0,0.0,0.0,0.4,0.0,0.3,0.7000000000000001,0.4,-169.60000000000002,0.0,0.0,169.70000000000002,0.0,21.700000000000003,29.5,29.5,30.1,300.0,300.0,31.4,35.300000000000004,29.4,28.6,30.5,4.96,1.99,4.97,0.17,0.0,0.0,1027.0,8228.0,0.0,0.0,0.0,0.0,0.0,1.0,0.0,0.0,0.0,0.0,0.0,1.1,0.0,-0.2,0.0,0.0001,16.0,25903.0
2026-07-30T19:00:35.824Z,205.307,205.32,0.0,7.4,0.0,0.0,0.0,0.0,0.0,0.0,0.0,0.0,1.0,0.0,0.0,0.0,9.0,4.0,0.0,0.0,0.0,0.0,0.0,0.0,0.0,0.0,3.0,12.0,1.0,12.15,5.0200000000000005,2.5,1.49,0.0,0.1,0.0,0.4,0.0,0.3,0.6000000000000001,-0.6000000000000001,-169.60000000000002,0.0,0.0,169.60000000000002,0.0,21.700000000000003,29.5,29.5,30.1,300.0,300.0,31.4,35.2,29.4,28.6,30.5,4.96,1.99,4.97,0.15,0.0,0.0,1027.0,8228.0,0.0,0.0,0.0,0.0,0.0,1.0,0.0,0.0,0.0,0.0,0.0,0.2,0.0,0.7000000000000001,0.0,0.0,16.0,25903.0
2026-07-30T19:00:35.835Z,205.318,205.332,0.0,7.4,0.0,0.0,0.0,0.0,0.0,0.0,0.0,0.0,1.0,0.0,0.0,0.0,9.0,4.0,0.0,0.0,0.0,0.0,0.0,0.0,0.0,0.0,4.0,12.0,1.0,12.15,5.0200000000000005,2.5,1.49,0.0,0.0,0.0,0.4,0.0,0.4,-0.4,-0.1,-169.60000000000002,0.0,0.0,169.60000000000002,0.0,21.700000000000003,29.5,29.5,30.1,300.0,300.0,31.4,35.2,29.4,28.6,30.5,4.95,1.99,4.97,0.16,0.0,0.0,1027.0,8228.0,0.0,0.0,0.0,0.0,0.0,1.0,0.0,0.0,0.0,0.0,0.0,-0.6000000000000001,0.0,0.0,0.0,0.0,16.0,25903.0
2026-07-30T19:00:35.847Z,205.33,205.344,0.0,7.4,0.0,0.0,0.0,0.0,0.0,0.0,0.0,0.0,1.0,0.0,0.0,0.0,9.0,4.0,0.0,0.0,0.0,0.0,0.0,0.0,0.0,0.0,4.0,12.0,1.0,12.15,5.0200000000000005,2.5,1.49,0.0,0.1,0.0,0.4,0.0,-0.1,-0.4,-1.2000000000000002,-169.60000000000002,0.0,0.0,169.60000000000002,0.0,21.700000000000003,29.5,29.5,30.1,300.0,300.0,31.4,35.2,29.4,28.6,30.5,4.95,1.99,4.97,0.16,0.0,0.0,1027.0,8228.0,0.0,0.0,0.0,0.0,0.0,1.0,0.0,0.0,0.0,0.0,0.0,-1.4,0.0,0.9,0.0,0.0,16.0,25903.0
2026-07-30T19:00:35.859Z,205.342,205.356,0.0,7.4,0.0,0.0,0.0,0.0,0.0,0.0,0.0,0.0,1.0,0.0,0.0,0.0,9.0,4.0,0.0,0.0,0.0,0.0,0.0,0.0,0.0,0.0,5.0,12.0,1.0,12.15,5.0200000000000005,2.5,1.49,0.0,0.0,0.0,0.4,0.0,0.4,0.1,0.5,-169.60000000000002,0.0,0.0,169.60000000000002,0.0,21.700000000000003,29.5,29.5,30.1,300.0,300.0,31.4,35.2,29.4,28.6,30.5,4.96,1.99,4.96,0.16,0.0,0.0,1027.0,8228.0,0.0,0.0,0.0,0.0,0.0,1.0,0.0,0.0,0.0,0.0,0.0,0.5,0.0,-0.4,0.0,0.0,16.0,25903.0
2026-07-30T19:00:35.874Z,205.357,205.368,0.0,7.4,0.0,0.0,0.0,0.0,0.0,0.0,0.0,0.0,1.0,0.0,0.0,0.0,9.0,4.0,0.0,0.0,0.0,0.0,0.0,0.0,0.0,0.0,6.0,12.0,1.0,12.15,5.0200000000000005,2.5,1.49,0.0,0.0,0.0,0.4,0.0,0.4,1.3,0.0,-169.60000000000002,0.0,0.0,169.60000000000002,0.0,21.700000000000003,29.5,29.5,30.1,300.0,300.0,31.4,35.2,29.4,28.6,30.5,4.96,1.99,4.96,0.16,0.0,0.0,1027.0,8228.0,0.0,0.0,0.0,0.0,0.0,1.0,0.0,0.0,0.0,0.0,0.0,1.5,0.0,0.2,0.0,0.0,16.0,25903.0
2026-07-30T19:00:35.883Z,205.366,205.38,0.0,7.4,0.0,0.0,0.0,0.0,0.0,0.0,0.0,0.0,1.0,0.0,0.0,0.0,9.0,4.0,0.0,0.0,0.0,0.0,0.0,0.0,0.0,0.0,6.0,12.0,1.0,12.15,5.0200000000000005,2.5,1.49,0.0,0.0,0.0,0.4,0.0,0.4,0.7000000000000001,1.7000000000000002,-169.60000000000002,0.0,0.0,169.60000000000002,0.0,21.700000000000003,29.5,29.5,30.1,300.0,300.0,31.4,35.2,29.4,28.6,30.5,4.95,1.99,4.96,0.16,0.0,0.0,1027.0,8228.0,0.0,0.0,0.0,0.0,0.0,1.0,0.0,0.0,0.0,0.0,0.0,2.1,0.0,-1.3,0.0,0.0,16.0,25903.0
2026-07-30T19:00:35.895Z,205.378,205.392,0.0,7.4,0.0,0.0,0.0,0.0,0.0,0.0,0.0,0.0,1.0,0.0,0.0,0.0,9.0,4.0,0.0,0.0,0.0,0.0,0.0,0.0,0.0,0.0,6.0,12.0,1.0,12.15,5.0200000000000005,2.5,1.49,0.0,0.0,0.0,0.4,0.0,0.0,0.7000000000000001,0.0,-169.60000000000002,0.0,0.0,169.60000000000002,0.0,21.700000000000003,29.5,29.5,30.1,300.0,300.0,31.4,35.2,29.4,28.6,30.5,4.96,1.99,4.96,0.16,0.0,0.0,1027.0,8228.0,0.0,0.0,0.0,0.0,0.0,1.0,0.0,0.0,0.0,0.0,0.0,0.7000000000000001,0.0,0.1,0.0,0.0,16.0,25903.0
2026-07-30T19:00:35.907Z,205.39,205.404,0.0,7.4,0.0,0.0,0.0,0.0,0.0,0.0,0.0,0.0,1.0,0.0,0.0,0.0,9.0,4.0,0.0,0.0,0.0,0.0,0.0,0.0,0.0,0.0,2.0,12.0,1.0,12.15,5.0200000000000005,2.5,1.49,0.0,0.0,0.0,0.4,0.0,0.0,0.7000000000000001,0.6000000000000001,-169.60000000000002,0.0,0.0,169.70000000000002,0.0,21.700000000000003,29.5,29.5,30.1,300.0,300.0,31.4,35.2,29.4,28.6,30.5,4.95,1.99,4.96,0.16,0.0,0.0,1027.0,8228.0,0.0,0.0,0.0,0.0,0.0,1.0,0.0,0.0,0.0,0.0,0.0,1.3,0.0,-0.3,0.0,0.0,16.0,25903.0
2026-07-30T19:00:35.920Z,205.403,205.416,0.0,7.4,0.0,0.0,0.0,0.0,0.0,0.0,0.0,0.0,1.0,0.0,0.0,0.0,9.0,4.0,0.0,0.0,0.0,0.0,0.0,0.0,0.0,0.0,3.0,12.0,1.0,12.15,5.0200000000000005,2.5,1.49,0.0,0.0,0.0,0.4,0.0,1.1,0.1,0.6000000000000001,-169.60000000000002,0.0,0.0,169.60000000000002,0.0,21.700000000000003,29.5,29.5,30.1,300.0,300.0,31.4,35.2,29.4,28.6,30.5,4.95,1.99,4.96,0.16,0.0,0.0,1027.0,8228.0,0.0,0.0,0.0,0.0,0.0,1.0,0.0,0.0,0.0,0.0,0.0,0.6000000000000001,0.0,-0.5,0.0,0.0001,16.0,25903.0
2026-07-30T19:00:35.931Z,205.414,205.428,0.0,7.4,0.0,0.0,0.0,0.0,0.0,0.0,0.0,0.0,1.0,0.0,0.0,0.0,9.0,4.0,0.0,0.0,0.0,0.0,0.0,0.0,0.0,0.0,3.0,12.0,1.0,12.17,5.0200000000000005,2.51,1.49,0.0,0.0,0.0,0.4,0.0,0.0,-0.4,-1.1,-169.60000000000002,0.0,0.0,169.70000000000002,0.0,21.3,29.5,29.5,30.1,300.0,300.0,31.4,35.4,29.4,28.6,30.5,4.96,1.99,4.96,0.16,0.0,0.0,1027.0,8228.0,0.0,0.0,0.0,0.0,0.0,1.0,0.0,0.0,0.0,0.0,0.0,-1.3,0.0,0.9,0.0,0.0,16.0,25903.0
2026-07-30T19:00:35.943Z,205.426,205.44,0.0,7.4,0.0,0.0,0.0,0.0,0.0,0.0,0.0,0.0,1.0,0.0,0.0,0.0,9.0,4.0,0.0,0.0,0.0,0.0,0.0,0.0,0.0,0.0,5.0,12.0,1.0,12.17,5.0200000000000005,2.51,1.49,0.0,0.0,0.0,0.4,0.0,0.5,0.1,0.6000000000000001,-169.60000000000002,0.0,0.0,169.60000000000002,0.0,21.3,29.5,29.5,30.1,300.0,300.0,31.4,35.4,29.4,28.6,30.5,4.96,1.99,4.97,0.16,0.0,0.0,1027.0,8228.0,0.0,0.0,0.0,0.0,0.0,1.0,0.0,0.0,0.0,0.0,0.0,0.6000000000000001,0.0,-0.4,0.0,0.0,16.0,25903.0
2026-07-30T19:00:35.955Z,205.438,205.452,0.0,7.4,0.0,0.0,0.0,0.0,0.0,0.0,0.0,0.0,1.0,0.0,0.0,0.0,9.0,4.0,0.0,0.0,0.0,0.0,0.0,0.0,0.0,0.0,6.0,12.0,1.0,12.17,5.0200000000000005,2.51,1.49,0.0,0.1,0.0,0.4,0.0,0.5,-1.0,0.0,-169.60000000000002,0.0,0.0,169.70000000000002,0.0,21.3,29.5,29.5,30.1,300.0,300.0,31.4,35.4,29.4,28.6,30.5,4.95,1.99,4.97,0.16,0.0,0.0,1027.0,8228.0,0.0,0.0,0.0,0.0,0.0,1.0,0.0,0.0,0.0,0.0,0.0,-1.1,0.0,-0.1,0.0,0.0,16.0,25903.0
2026-07-30T19:00:35.967Z,205.45,205.464,0.0,7.4,0.0,0.0,0.0,0.0,0.0,0.0,0.0,0.0,1.0,0.0,0.0,0.0,9.0,4.0,0.0,0.0,0.0,0.0,0.0,0.0,0.0,0.0,2.0,12.0,1.0,12.17,5.0200000000000005,2.51,1.49,0.0,0.1,0.0,0.4,0.0,0.4,0.1,-0.6000000000000001,-169.60000000000002,0.0,0.0,169.70000000000002,0.0,21.3,29.5,29.5,30.1,300.0,300.0,31.4,35.4,29.4,28.6,30.5,4.95,1.99,4.96,0.16,0.0,0.0,1027.0,8228.0,0.0,0.0,0.0,0.0,0.0,1.0,0.0,0.0,0.0,0.0,0.0,-0.2,0.0,0.5,0.0,0.0,16.0,25903.0
2026-07-30T19:00:35.979Z,205.462,205.476,0.0,7.4,0.0,0.0,0.0,0.0,0.0,0.0,0.0,0.0,1.0,0.0,0.0,0.0,9.0,4.0,0.0,0.0,0.0,0.0,0.0,0.0,0.0,0.0,3.0,12.0,1.0,12.17,5.0200000000000005,2.51,1.49,0.0,0.1,0.0,0.5,0.0,-0.1,0.1,-1.2000000000000002,-169.60000000000002,0.0,0.0,169.60000000000002,0.0,21.3,29.5,29.5,30.1,300.0,300.0,31.4,35.4,29.4,28.6,30.5,4.96,1.99,4.96,0.16,0.0,0.0,1027.0,8228.0,0.0,0.0,0.0,0.0,0.0,1.0,0.0,0.0,0.0,0.0,0.0,-0.7000000000000001,0.0,1.0,0.0,0.0,16.0,25903.0
2026-07-30T19:00:35.991Z,205.474,205.488,0.0,7.4,0.0,0.0,0.0,0.0,0.0,0.0,0.0,0.0,1.0,0.0,0.0,0.0,9.0,4.0,0.0,0.0,0.0,0.0,0.0,0.0,0.0,0.0,4.0,12.0,1.0,12.17,5.0200000000000005,2.51,1.49,0.0,0.1,0.0,0.4,0.0,-0.1,-0.4,0.0,-169.60000000000002,0.0,0.0,169.60000000000002,0.0,21.3,29.5,29.5,30.1,300.0,300.0,31.4,35.4,29.4,28.6,30.5,4.95,1.99,4.96,0.16,0.0,0.0,1027.0,8228.0,0.0,0.0,0.0,0.0,0.0,1.0,0.0,0.0,0.0,0.0,0.0,-0.5,0.0,0.0,0.0,0.0,16.0,25903.0
2026-07-30T19:00:36.003Z,205.486,205.5,0.0,7.4,0.0,0.0,0.0,0.0,0.0,0.0,0.0,0.0,1.0,0.0,0.0,0.0,9.0,4.0,0.0,0.0,0.0,0.0,0.0,0.0,0.0,0.0,5.0,12.0,1.0,12.17,5.0200000000000005,2.51,1.49,0.0,0.0,0.0,0.4,0.0,0.9,-0.4,1.0,-169.60000000000002,0.0,0.0,169.60000000000002,0.0,21.3,29.5,29.5,30.1,300.0,300.0,31.4,35.4,29.4,28.6,30.5,4.95,1.99,4.97,0.16,0.0,0.0,1027.0,8228.0,0.0,0.0,0.0,0.0,0.0,1.0,0.0,0.0,0.0,0.0,0.0,0.3,0.0,-1.0,0.0,0.0,16.0,25903.0
2026-07-30T19:00:36.015Z,205.498,205.512,0.0,7.4,0.0,0.0,0.0,0.0,0.0,0.0,0.0,0.0,1.0,0.0,0.0,0.0,9.0,4.0,0.0,0.0,0.0,0.0,0.0,0.0,0.0,0.0,1.0,12.0,1.0,12.17,5.0200000000000005,2.51,1.49,0.0,0.0,0.0,0.4,0.0,-0.1,0.7000000000000001,0.4,-169.60000000000002,0.0,0.0,169.70000000000002,0.0,21.3,29.5,29.5,30.1,300.0,300.0,31.4,35.4,29.4,28.6,30.5,4.95,1.99,4.96,0.16,0.0,0.0,1027.0,8228.0,0.0,0.0,0.0,0.0,0.0,1.0,0.0,0.0,0.0,0.0,0.0,1.1,0.0,-0.2,0.0,0.0,16.0,25903.0
2026-07-30T19:00:36.028Z,205.511,205.524,0.0,7.4,0.0,0.0,0.0,0.0,0.0,0.0,0.0,0.0,1.0,0.0,0.0,0.0,9.0,4.0,0.0,0.0,0.0,0.0,0.0,0.0,0.0,0.0,2.0,12.0,1.0,12.17,5.01,2.5,1.49,0.0,0.0,0.0,0.4,0.0,0.9,0.0,0.4,-169.60000000000002,0.0,0.0,169.60000000000002,0.0,22.700000000000003,29.5,29.5,30.1,300.0,300.0,31.3,35.4,29.4,28.6,30.5,4.96,2.0,4.96,0.15,0.0,0.0,1027.0,8228.0,0.0,0.0,0.0,0.0,0.0,1.0,0.0,0.0,0.0,0.0,0.0,0.4,0.0,-0.3,0.0,0.0,16.0,25903.0
2026-07-30T19:00:36.039Z,205.522,205.536,0.0,7.4,0.0,0.0,0.0,0.0,0.0,0.0,0.0,0.0,1.0,0.0,0.0,0.0,9.0,4.0,0.0,0.0,0.0,0.0,0.0,0.0,0.0,0.0,3.0,12.0,1.0,12.17,5.01,2.5,1.49,0.0,0.0,0.0,0.4,0.0,0.3,-0.5,-0.1,-169.60000000000002,0.0,0.0,169.70000000000002,0.0,22.700000000000003,29.5,29.5,30.1,300.0,300.0,31.3,35.4,29.4,28.6,30.5,4.96,2.0,4.97,0.17,0.0,0.0,1027.0,8228.0,0.0,0.0,0.0,0.0,0.0,1.0,0.0,0.0,0.0,0.0,0.0,-0.7000000000000001,0.0,0.0,0.0,0.0,16.0,25903.0
2026-07-30T19:00:36.051Z,205.534,205.548,0.0,7.4,0.0,0.0,0.0,0.0,0.0,0.0,0.0,0.0,1.0,0.0,0.0,0.0,9.0,4.0,0.0,0.0,0.0,0.0,0.0,0.0,0.0,0.0,4.0,12.0,1.0,12.17,5.01,2.5,1.49,0.0,0.0,0.0,0.4,0.0,0.3,-1.1,0.3,-169.60000000000002,0.0,0.0,169.70000000000002,0.0,22.700000000000003,29.5,29.5,30.1,300.0,300.0,31.3,35.4,29.4,28.6,30.5,4.96,1.99,4.96,0.17,0.0,0.0,1027.0,8228.0,0.0,0.0,0.0,0.0,0.0,1.0,0.0,0.0,0.0,0.0,0.0,-0.9,0.0,-0.5,0.0,0.0,16.0,25903.0
2026-07-30T19:00:36.063Z,205.546,205.56,0.0,7.4,0.0,0.0,0.0,0.0,0.0,0.0,0.0,0.0,1.0,0.0,0.0,0.0,9.0,4.0,0.0,0.0,0.0,0.0,0.0,0.0,0.0,0.0,5.0,12.0,1.0,12.17,5.01,2.5,1.49,0.0,0.0,0.0,0.4,0.0,-0.8,-0.5,-0.8,-169.60000000000002,0.0,0.0,169.70000000000002,0.0,22.700000000000003,29.5,29.5,30.1,300.0,300.0,31.3,35.4,29.4,28.6,30.5,4.96,1.99,4.96,0.16,0.0,0.0,1027.0,8228.0,0.0,0.0,0.0,0.0,0.0,1.0,0.0,0.0,0.0,0.0,0.0,-1.2000000000000002,0.0,0.6000000000000001,0.0,0.0001,16.0,25903.0
2026-07-30T19:00:36.075Z,205.558,205.572,0.0,7.4,0.0,0.0,0.0,0.0,0.0,0.0,0.0,0.0,1.0,0.0,0.0,0.0,9.0,4.0,0.0,0.0,0.0,0.0,0.0,0.0,0.0,0.0,6.0,12.0,1.0,12.17,5.01,2.5,1.49,0.0,0.0,0.0,0.5,0.0,-0.2,1.2000000000000002,-0.8,-169.60000000000002,0.0,0.0,169.70000000000002,0.0,22.700000000000003,29.5,29.5,30.1,300.0,300.0,31.3,35.4,29.4,28.6,30.5,4.95,1.99,4.96,0.16,0.0,0.0,1027.0,8228.0,0.0,0.0,0.0,0.0,0.0,1.0,0.0,0.0,0.0,0.0,0.0,0.7000000000000001,0.0,0.9,0.0,0.0001,16.0,25903.0
2026-07-30T19:00:36.087Z,205.57,205.584,0.0,7.4,0.0,0.0,0.0,0.0,0.0,0.0,0.0,0.0,1.0,0.0,0.0,0.0,9.0,4.0,0.0,0.0,0.0,0.0,0.0,0.0,0.0,0.0,1.0,12.0,1.0,12.17,5.01,2.5,1.49,0.0,0.1,0.0,0.4,0.0,-0.3,0.0,0.9,-169.60000000000002,0.0,0.0,169.60000000000002,0.0,22.700000000000003,29.5,29.5,30.1,300.0,300.0,31.3,35.4,29.4,28.6,30.5,4.95,1.99,4.97,0.16,0.0,0.0,1027.0,8228.0,0.0,0.0,0.0,0.0,0.0,1.0,0.0,0.0,0.0,0.0,0.0,0.2,0.0,-0.2,0.0,0.0,16.0,25903.0
2026-07-30T19:00:36.099Z,205.582,205.596,0.0,7.4,0.0,0.0,0.0,0.0,0.0,0.0,0.0,0.0,1.0,0.0,0.0,0.0,9.0,4.0,0.0,0.0,0.0,0.0,0.0,0.0,0.0,0.0,2.0,12.0,1.0,12.17,5.01,2.5,1.49,0.0,0.1,0.0,0.4,0.0,0.2,-0.6000000000000001,1.5,-169.60000000000002,0.0,0.0,169.60000000000002,0.0,22.700000000000003,29.5,29.5,30.1,300.0,300.0,31.3,35.4,29.4,28.6,30.5,4.96,2.0,4.96,0.16,0.0,0.0,1027.0,8228.0,0.0,0.0,0.0,0.0,0.0,1.0,0.0,0.0,0.0,0.0,0.0,0.2,0.0,-0.3,0.0,0.0,16.0,25903.0
2026-07-30T19:00:36.111Z,205.594,205.608,0.0,7.4,0.0,0.0,0.0,0.0,0.0,0.0,0.0,0.0,1.0,0.0,0.0,0.0,9.0,4.0,0.0,0.0,0.0,0.0,0.0,0.0,0.0,0.0,3.0,12.0,1.0,12.17,5.01,2.5,1.49,0.0,0.0,0.0,0.4,0.0,-0.3,0.0,-0.2,-169.60000000000002,0.0,0.0,169.60000000000002,0.0,22.700000000000003,29.5,29.5,30.1,300.0,300.0,31.3,35.4,29.4,28.6,30.5,4.96,1.99,4.97,0.16,0.0,0.0,1027.0,8228.0,0.0,0.0,0.0,0.0,0.0,1.0,0.0,0.0,0.0,0.0,0.0,0.4,0.0,0.2,0.0,0.0,16.0,25903.0
2026-07-30T19:00:36.123Z,205.606,205.62,0.0,7.4,0.0,0.0,0.0,0.0,0.0,0.0,0.0,0.0,1.0,0.0,0.0,0.0,9.0,4.0,0.0,0.0,0.0,0.0,0.0,0.0,0.0,0.0,4.0,12.0,1.0,12.17,5.01,2.5,1.49,0.0,0.0,0.0,0.4,0.0,-0.3,1.1,-0.8,-169.60000000000002,0.0,0.0,169.60000000000002,0.0,22.700000000000003,29.5,29.5,30.1,300.0,300.0,31.3,35.4,29.4,28.6,30.5,4.95,1.99,4.97,0.16,0.0,0.0,1027.0,8228.0,0.0,0.0,0.0,0.0,0.0,1.0,0.0,0.0,0.0,0.0,0.0,0.6000000000000001,0.0,0.9,0.0,0.0,16.0,25903.0
2026-07-30T19:00:36.135Z,205.618,205.632,0.0,7.4,0.0,0.0,0.0,0.0,0.0,0.0,0.0,0.0,1.0,0.0,0.0,0.0,9.0,4.0,0.0,0.0,0.0,0.0,0.0,0.0,0.0,0.0,5.0,12.0,1.0,12.18,5.0200000000000005,2.5,1.49,0.0,0.0,0.0,0.4,0.0,-0.9,-1.1,-0.2,-169.60000000000002,0.0,0.0,169.60000000000002,0.0,21.200000000000003,29.5,29.5,30.1,300.0,300.0,31.4,35.4,29.4,28.6,30.5,4.96,1.99,4.96,0.16,0.0,0.0,1027.0,8228.0,0.0,0.0,0.0,0.0,0.0,1.0,0.0,0.0,0.0,0.0,0.0,-1.5,0.0,0.0,0.0,0.0,16.0,25903.0
2026-07-30T19:00:36.147Z,205.63,205.644,0.0,7.4,0.0,0.0,0.0,0.0,0.0,0.0,0.0,0.0,1.0,0.0,0.0,0.0,9.0,4.0,0.0,0.0,0.0,0.0,0.0,0.0,0.0,0.0,6.0,12.0,1.0,12.18,5.0200000000000005,2.5,1.49,0.0,0.0,0.0,0.4,0.0,-0.8,-1.7000000000000002,-1.4,-169.60000000000002,0.0,0.0,169.60000000000002,0.0,21.200000000000003,29.5,29.5,30.1,300.0,300.0,31.4,35.4,29.4,28.6,30.5,4.96,1.99,4.96,0.16,0.0,0.0,1027.0,8228.0,0.0,0.0,0.0,0.0,0.0,1.0,0.0,0.0,0.0,0.0,0.0,-3.0,0.0,0.8,0.0,0.0,16.0,25903.0
2026-07-30T19:00:36.159Z,205.642,205.656,0.0,7.4,0.0,0.0,0.0,0.0,0.0,0.0,0.0,0.0,1.0,0.0,0.0,0.0,9.0,4.0,0.0,0.0,0.0,0.0,0.0,0.0,0.0,0.0,1.0,12.0,1.0,12.18,5.0200000000000005,2.5,1.49,0.0,0.1,0.0,0.4,0.0,-0.8,0.5,0.3,-169.60000000000002,0.0,0.0,169.60000000000002,0.0,21.200000000000003,29.5,29.5,30.1,300.0,300.0,31.4,35.4,29.4,28.6,30.5,4.96,1.99,4.97,0.16,0.0,0.0,1027.0,8228.0,0.0,0.0,0.0,0.0,0.0,1.0,0.0,0.0,0.0,0.0,0.0,0.8,0.0,-0.1,0.0,0.0,16.0,25903.0
2026-07-30T19:00:36.171Z,205.654,205.668,0.0,7.4,0.0,0.0,0.0,0.0,0.0,0.0,0.0,0.0,1.0,0.0,0.0,0.0,9.0,4.0,0.0,0.0,0.0,0.0,0.0,0.0,0.0,0.0,2.0,12.0,1.0,12.18,5.0200000000000005,2.5,1.49,0.0,0.0,0.0,0.4,0.0,-0.3,0.5,0.2,-169.60000000000002,0.0,0.0,169.60000000000002,0.0,21.200000000000003,29.5,29.5,30.1,300.0,300.0,31.4,35.4,29.4,28.6,30.5,4.95,2.0,4.97,0.16,0.0,0.0,1027.0,8228.0,0.0,0.0,0.0,0.0,0.0,1.0,0.0,0.0,0.0,0.0,0.0,0.8,0.0,-0.1,0.0,0.0,16.0,25903.0
2026-07-30T19:00:36.188Z,205.671,205.68,0.0,7.4,0.0,0.0,0.0,0.0,0.0,0.0,0.0,0.0,1.0,0.0,0.0,0.0,9.0,4.0,0.0,0.0,0.0,0.0,0.0,0.0,0.0,0.0,4.0,12.0,1.0,12.18,5.0200000000000005,2.5,1.49,0.0,0.0,0.0,0.4,0.0,0.3,-1.1,-1.4,-169.60000000000002,0.0,0.0,169.60000000000002,0.0,21.200000000000003,29.5,29.5,30.1,300.0,300.0,31.4,35.4,29.4,28.6,30.5,4.96,2.0,4.96,0.15,0.0,0.0,1027.0,8228.0,0.0,0.0,0.0,0.0,0.0,1.0,0.0,0.0,0.0,0.0,0.0,-2.3000000000000003,0.0,0.9,0.0,0.0,16.0,25903.0
2026-07-30T19:00:36.195Z,205.678,205.692,0.0,7.4,0.0,0.0,0.0,0.0,0.0,0.0,0.0,0.0,1.0,0.0,0.0,0.0,9.0,4.0,0.0,0.0,0.0,0.0,0.0,0.0,0.0,0.0,1.0,12.0,1.0,12.18,5.0200000000000005,2.5,1.49,0.0,0.0,0.0,0.4,0.0,-0.8,-1.2000000000000002,-1.3,-169.60000000000002,0.0,0.0,169.60000000000002,0.0,21.200000000000003,29.5,29.5,30.1,300.0,300.0,31.4,35.4,29.4,28.6,30.5,4.95,1.99,4.97,0.15,0.0,0.0,1027.0,8228.0,0.0,0.0,0.0,0.0,0.0,1.0,0.0,0.0,0.0,0.0,0.0,-2.3000000000000003,0.0,0.9,0.0,0.0,16.0,25903.0
2026-07-30T19:00:36.207Z,205.69,205.704,0.0,7.4,0.0,0.0,0.0,0.0,0.0,0.0,0.0,0.0,1.0,0.0,0.0,0.0,9.0,4.0,0.0,0.0,0.0,0.0,0.0,0.0,0.0,0.0,1.0,12.0,1.0,12.18,5.0200000000000005,2.5,1.49,0.0,0.0,0.0,0.4,0.0,0.3,0.0,-0.7000000000000001,-169.60000000000002,0.0,0.0,169.70000000000002,0.0,21.200000000000003,29.5,29.5,30.1,300.0,300.0,31.4,35.4,29.4,28.6,30.5,4.95,1.99,4.96,0.16,0.0,0.0,1027.0,8228.0,0.0,0.0,0.0,0.0,0.0,1.0,0.0,0.0,0.0,0.0,0.0,-0.5,0.0,0.6000000000000001,0.0,0.0,16.0,25903.0
2026-07-30T19:00:36.219Z,205.702,205.716,0.0,7.4,0.0,0.0,0.0,0.0,0.0,0.0,0.0,0.0,1.0,0.0,0.0,0.0,9.0,4.0,0.0,0.0,0.0,0.0,0.0,0.0,0.0,0.0,2.0,12.0,1.0,12.18,5.0200000000000005,2.5,1.49,0.0,0.0,0.0,0.4,0.0,-0.2,-0.5,0.5,-169.60000000000002,0.0,0.0,169.60000000000002,0.0,21.200000000000003,29.5,29.5,30.1,300.0,300.0,31.4,35.4,29.4,28.6,30.5,4.96,1.99,4.96,0.16,0.0,0.0,1027.0,8228.0,0.0,0.0,0.0,0.0,0.0,1.0,0.0,0.0,0.0,0.0,0.0,-0.2,0.0,-0.5,0.0,0.0,16.0,25903.0
2026-07-30T19:00:36.232Z,205.715,205.728,0.0,7.4,0.0,0.0,0.0,0.0,0.0,0.0,0.0,0.0,1.0,0.0,0.0,0.0,9.0,4.0,0.0,0.0,0.0,0.0,0.0,0.0,0.0,0.0,3.0,12.0,1.0,12.15,5.01,2.51,1.49,0.0,0.0,0.0,0.4,0.0,-0.8,0.0,0.5,-169.60000000000002,0.0,0.0,169.60000000000002,0.0,21.700000000000003,29.5,29.5,30.1,300.0,300.0,31.4,35.4,29.4,28.6,30.5,4.95,1.99,4.96,0.16,0.0,0.0,1027.0,8228.0,0.0,0.0,0.0,0.0,0.0,1.0,0.0,0.0,0.0,0.0,0.0,0.4,0.0,-0.4,0.0,0.0,16.0,25903.0
2026-07-30T19:00:36.243Z,205.726,205.74,0.0,7.4,0.0,0.0,0.0,0.0,0.0,0.0,0.0,0.0,1.0,0.0,0.0,0.0,9.0,4.0,0.0,0.0,0.0,0.0,0.0,0.0,0.0,0.0,5.0,12.0,1.0,12.15,5.01,2.51,1.49,0.0,0.1,0.0,0.5,0.0,0.2,0.0,0.0,-169.60000000000002,0.0,0.0,169.60000000000002,0.0,21.700000000000003,29.5,29.5,30.1,300.0,300.0,31.4,35.4,29.4,28.6,30.5,4.95,1.99,4.97,0.16,0.0,0.0,1027.0,8228.0,0.0,0.0,0.0,0.0,0.0,1.0,0.0,0.0,0.0,0.0,0.0,0.0,0.0,0.0,0.0,0.0,16.0,25903.0
2026-07-30T19:00:36.255Z,205.738,205.752,0.0,7.4,0.0,0.0,0.0,0.0,0.0,0.0,0.0,0.0,1.0,0.0,0.0,0.0,9.0,4.0,0.0,0.0,0.0,0.0,0.0,0.0,0.0,0.0,6.0,12.0,1.0,12.15,5.01,2.51,1.49,0.0,0.0,0.0,0.4,0.0,0.2,0.0,-1.1,-169.60000000000002,0.0,0.0,169.60000000000002,0.0,21.700000000000003,29.5,29.5,30.1,300.0,300.0,31.4,35.4,29.4,28.6,30.5,4.95,1.99,4.96,0.16,0.0,0.0,1027.0,8228.0,0.0,0.0,0.0,0.0,0.0,1.0,0.0,0.0,0.0,0.0,0.0,-0.8,0.0,1.0,0.0,0.0,16.0,25903.0
2026-07-30T19:00:36.267Z,205.75,205.764,0.0,7.4,0.0,0.0,0.0,0.0,0.0,0.0,0.0,0.0,1.0,0.0,0.0,0.0,9.0,4.0,0.0,0.0,0.0,0.0,0.0,0.0,0.0,0.0,2.0,12.0,1.0,12.15,5.01,2.51,1.49,0.0,0.0,0.0,0.4,0.0,0.2,1.8,2.3000000000000003,-169.60000000000002,0.0,0.0,169.60000000000002,0.0,21.700000000000003,29.5,29.5,30.1,300.0,300.0,31.4,35.4,29.4,28.6,30.5,4.96,1.99,4.96,0.16,0.0,0.0,1027.0,8228.0,0.0,0.0,0.0,0.0,0.0,1.0,0.0,0.0,0.0,0.0,0.0,3.8,0.0,-1.6,0.0,0.0,16.0,25903.0
2026-07-30T19:00:36.279Z,205.762,205.776,0.0,7.4,0.0,0.0,0.0,0.0,0.0,0.0,0.0,0.0,1.0,0.0,0.0,0.0,9.0,4.0,0.0,0.0,0.0,0.0,0.0,0.0,0.0,0.0,3.0,12.0,1.0,12.15,5.01,2.51,1.49,0.0,0.0,0.0,0.4,0.0,-0.3,0.0,0.0,-169.60000000000002,0.0,0.0,169.70000000000002,0.0,21.700000000000003,29.5,29.5,30.1,300.0,300.0,31.4,35.4,29.4,28.6,30.5,4.95,1.99,4.96,0.16,0.0,0.0,1027.0,8228.0,0.0,0.0,0.0,0.0,0.0,1.0,0.0,0.0,0.0,0.0,0.0,0.0,0.0,0.0,0.0,0.0,16.0,25903.0
2026-07-30T19:00:36.291Z,205.774,205.788,0.0,7.4,0.0,0.0,0.0,0.0,0.0,0.0,0.0,0.0,1.0,0.0,0.0,0.0,9.0,4.0,0.0,0.0,0.0,0.0,0.0,0.0,0.0,0.0,5.0,12.0,1.0,12.15,5.01,2.51,1.49,0.0,0.0,0.0,0.5,0.0,-0.8,0.0,1.7000000000000002,-169.60000000000002,0.0,0.0,169.60000000000002,0.0,21.700000000000003,29.5,29.5,30.1,300.0,300.0,31.4,35.4,29.4,28.6,30.5,4.96,1.99,4.97,0.16,0.0,0.0,1027.0,8228.0,0.0,0.0,0.0,0.0,0.0,1.0,0.0,0.0,0.0,0.0,0.0,1.3,0.0,-1.5,0.0,0.0001,16.0,25903.0
2026-07-30T19:00:36.303Z,205.786,205.8,0.0,7.4,0.0,0.0,0.0,0.0,0.0,0.0,0.0,0.0,1.0,0.0,0.0,0.0,9.0,4.0,0.0,0.0,0.0,0.0,0.0,0.0,0.0,0.0,6.0,12.0,1.0,12.15,5.01,2.51,1.49,0.0,0.0,0.0,0.4,0.0,-0.8,0.0,-0.6000000000000001,-169.60000000000002,0.0,0.0,169.60000000000002,0.0,21.700000000000003,29.5,29.5,30.1,300.0,300.0,31.4,35.4,29.4,28.6,30.5,4.96,1.99,4.97,0.16,0.0,0.0,1027.0,8228.0,0.0,0.0,0.0,0.0,0.0,1.0,0.0,0.0,0.0,0.0,0.0,-0.3,0.0,0.5,0.0,0.0001,16.0,25903.0
2026-07-30T19:00:36.315Z,205.798,205.812,0.0,7.4,0.0,0.0,0.0,0.0,0.0,0.0,0.0,0.0,1.0,0.0,0.0,0.0,9.0,4.0,0.0,0.0,0.0,0.0,0.0,0.0,0.0,0.0,2.0,12.0,1.0,12.15,5.01,2.51,1.49,0.0,0.1,0.0,0.4,0.0,-0.2,0.1,-0.6000000000000001,-169.60000000000002,0.0,0.0,169.60000000000002,0.0,21.700000000000003,29.5,29.5,30.1,300.0,300.0,31.4,35.4,29.4,28.6,30.5,4.95,1.99,4.97,0.16,0.0,0.0,1027.0,8228.0,0.0,0.0,0.0,0.0,0.0,1.0,0.0,0.0,0.0,0.0,0.0,-0.3,0.0,0.5,0.0,0.0,16.0,25903.0
2026-07-30T19:00:36.327Z,205.81,205.824,0.0,7.4,0.0,0.0,0.0,0.0,0.0,0.0,0.0,0.0,1.0,0.0,0.0,0.0,9.0,4.0,0.0,0.0,0.0,0.0,0.0,0.0,0.0,0.0,3.0,12.0,1.0,12.15,5.01,2.51,1.49,0.0,0.1,0.0,0.4,0.0,0.9,0.1,0.0,-169.60000000000002,0.0,0.0,169.60000000000002,0.0,21.700000000000003,29.5,29.5,30.1,300.0,300.0,31.4,35.4,29.4,28.6,30.5,4.95,1.99,4.97,0.16,0.0,0.0,1027.0,8228.0,0.0,0.0,0.0,0.0,0.0,1.0,0.0,0.0,0.0,0.0,0.0,0.1,0.0,0.1,0.0,0.0,16.0,25903.0
2026-07-30T19:00:36.339Z,205.822,205.836,0.0,7.4,0.0,0.0,0.0,0.0,0.0,0.0,0.0,0.0,1.0,0.0,0.0,0.0,9.0,4.0,0.0,0.0,0.0,0.0,0.0,0.0,0.0,0.0,5.0,12.0,1.0,12.15,5.01,2.5,1.49,0.0,0.0,0.0,0.4,0.0,-0.2,-1.5,0.0,-169.60000000000002,0.0,0.0,169.70000000000002,0.0,21.8,29.5,29.5,30.1,300.0,300.0,31.4,35.4,29.4,28.6,30.5,4.96,2.0,4.96,0.16,0.0,0.0,1027.0,8228.0,0.0,0.0,0.0,0.0,0.0,1.0,0.0,0.0,0.0,0.0,0.0,-1.8,0.0,-0.2,0.0,0.0,16.0,25903.0
2026-07-30T19:00:36.351Z,205.834,205.848,0.0,7.4,0.0,0.0,0.0,0.0,0.0,0.0,0.0,0.0,1.0,0.0,0.0,0.0,9.0,4.0,0.0,0.0,0.0,0.0,0.0,0.0,0.0,0.0,6.0,12.0,1.0,12.15,5.01,2.5,1.49,0.0,0.0,0.0,0.4,0.0,-0.2,0.7000000000000001,0.0,-169.60000000000002,0.0,0.0,169.60000000000002,0.0,21.8,29.5,29.5,30.1,300.0,300.0,31.4,35.4,29.4,28.6,30.5,4.96,1.99,4.97,0.16,0.0,0.0,1027.0,8228.0,0.0,0.0,0.0,0.0,0.0,1.0,0.0,0.0,0.0,0.0,0.0,0.8,0.0,0.2,0.0,0.0,16.0,25903.0
2026-07-30T19:00:36.363Z,205.846,205.86,0.0,7.4,0.0,0.0,0.0,0.0,0.0,0.0,0.0,0.0,1.0,0.0,0.0,0.0,9.0,4.0,0.0,0.0,0.0,0.0,0.0,0.0,0.0,0.0,2.0,12.0,1.0,12.15,5.01,2.5,1.49,0.0,0.0,0.0,0.5,0.0,-0.1,0.7000000000000001,-0.6000000000000001,-169.60000000000002,0.0,0.0,169.60000000000002,0.0,21.8,29.5,29.5,30.1,300.0,300.0,31.4,35.4,29.4,28.6,30.5,4.95,1.99,4.97,0.16,0.0,0.0,1027.0,8228.0,0.0,0.0,0.0,0.0,0.0,1.0,0.0,0.0,0.0,0.0,0.0,0.3,0.0,0.7000000000000001,0.0,0.0,16.0,25903.0
2026-07-30T19:00:36.375Z,205.858,205.872,0.0,7.4,0.0,0.0,0.0,0.0,0.0,0.0,0.0,0.0,1.0,0.0,0.0,0.0,9.0,4.0,0.0,0.0,0.0,0.0,0.0,0.0,0.0,0.0,3.0,12.0,1.0,12.15,5.01,2.5,1.49,0.0,0.0,0.0,0.5,0.0,-0.1,-0.3,-1.8,-169.60000000000002,0.0,0.0,169.70000000000002,0.0,21.8,29.5,29.5,30.1,300.0,300.0,31.4,35.4,29.4,28.6,30.5,4.96,1.99,4.96,0.16,0.0,0.0,1027.0,8228.0,0.0,0.0,0.0,0.0,0.0,1.0,0.0,0.0,0.0,0.0,0.0,-1.7000000000000002,0.0,1.5,0.0,0.0,16.0,25903.0
2026-07-30T19:00:36.387Z,205.87,205.884,0.0,7.4,0.0,0.0,0.0,0.0,0.0,0.0,0.0,0.0,1.0,0.0,0.0,0.0,9.0,4.0,0.0,0.0,0.0,0.0,0.0,0.0,0.0,0.0,5.0,12.0,1.0,12.15,5.01,2.5,1.49,0.0,0.1,0.0,0.4,0.0,0.4,0.7000000000000001,1.1,-169.60000000000002,0.0,0.0,169.60000000000002,0.0,21.8,29.5,29.5,30.1,300.0,300.0,31.4,35.4,29.4,28.6,30.5,4.95,2.0,4.96,0.16,0.0,0.0,1027.0,8228.0,0.0,0.0,0.0,0.0,0.0,1.0,0.0,0.0,0.0,0.0,0.0,1.7000000000000002,0.0,-0.8,0.0,0.0001,16.0,25903.0
2026-07-30T19:00:36.399Z,205.882,205.896,0.0,7.4,0.0,0.0,0.0,0.0,0.0,0.0,0.0,0.0,1.0,0.0,0.0,0.0,9.0,4.0,0.0,0.0,0.0,0.0,0.0,0.0,0.0,0.0,6.0,12.0,1.0,12.15,5.01,2.5,1.49,0.0,0.0,0.0,0.4,0.0,1.0,0.2,-0.6000000000000001,-169.60000000000002,0.0,0.0,169.60000000000002,0.0,21.8,29.5,29.5,30.1,300.0,300.0,31.4,35.4,29.4,28.6,30.5,4.95,1.99,4.97,0.16,0.0,0.0,1027.0,8228.0,0.0,0.0,0.0,0.0,0.0,1.0,0.0,0.0,0.0,0.0,0.0,-0.2,0.0,0.5,0.0,0.0,16.0,25903.0
2026-07-30T19:00:36.411Z,205.894,205.908,0.0,7.4,0.0,0.0,0.0,0.0,0.0,0.0,0.0,0.0,1.0,0.0,0.0,0.0,9.0,4.0,0.0,0.0,0.0,0.0,0.0,0.0,0.0,0.0,2.0,12.0,1.0,12.15,5.01,2.5,1.49,0.0,0.0,0.0,0.4,0.0,-0.1,-0.3,0.0,-169.60000000000002,0.0,0.0,169.70000000000002,0.0,21.8,29.5,29.5,30.1,300.0,300.0,31.4,35.4,29.4,28.6,30.5,4.95,2.0,4.97,0.16,0.0,0.0,1027.0,8228.0,0.0,0.0,0.0,0.0,0.0,1.0,0.0,0.0,0.0,0.0,0.0,-0.4,0.0,0.0,0.0,0.0,16.0,25903.0
2026-07-30T19:00:36.424Z,205.907,205.92,0.0,7.4,0.0,0.0,0.0,0.0,0.0,0.0,0.0,0.0,1.0,0.0,0.0,0.0,9.0,4.0,0.0,0.0,0.0,0.0,0.0,0.0,0.0,0.0,2.0,12.0,1.0,12.15,5.01,2.5,1.49,0.0,0.0,0.0,0.4,0.0,1.0,0.7000000000000001,-1.2000000000000002,-169.60000000000002,0.0,0.0,169.60000000000002,0.0,21.8,29.5,29.5,30.1,300.0,300.0,31.4,35.4,29.4,28.6,30.5,4.96,2.0,4.96,0.16,0.0,0.0,1027.0,8228.0,0.0,0.0,0.0,0.0,0.0,1.0,0.0,0.0,0.0,0.0,0.0,0.0,0.0,1.2000000000000002,0.0,0.0,16.0,25903.0
2026-07-30T19:00:36.437Z,205.92,205.932,0.0,7.4,0.0,0.0,0.0,0.0,0.0,0.0,0.0,0.0,1.0,0.0,0.0,0.0,9.0,4.0,0.0,0.0,0.0,0.0,0.0,0.0,0.0,0.0,4.0,12.0,1.0,12.14,5.01,2.51,1.49,0.0,0.1,0.0,0.4,0.0,-0.1,-0.3,1.1,-169.60000000000002,0.0,0.0,169.60000000000002,0.0,21.700000000000003,29.5,29.5,30.1,300.0,300.0,31.3,35.300000000000004,29.4,28.6,30.5,4.95,1.99,4.97,0.16,0.0,0.0,1027.0,8228.0,0.0,0.0,0.0,0.0,0.0,1.0,0.0,0.0,0.0,0.0,0.0,0.4,0.0,-1.0,0.0,0.0001,16.0,25903.0
2026-07-30T19:00:36.447Z,205.93,205.944,0.0,7.4,0.0,0.0,0.0,0.0,0.0,0.0,0.0,0.0,1.0,0.0,0.0,0.0,9.0,4.0,0.0,0.0,0.0,0.0,0.0,0.0,0.0,0.0,4.0,12.0,1.0,12.14,5.01,2.51,1.49,0.0,0.0,0.0,0.4,0.0,-0.1,1.3,0.0,-169.60000000000002,0.0,0.0,169.70000000000002,0.0,21.700000000000003,29.5,29.5,30.1,300.0,300.0,31.3,35.300000000000004,29.4,28.6,30.5,4.95,1.99,4.96,0.16,0.0,0.0,1027.0,8228.0,0.0,0.0,0.0,0.0,0.0,1.0,0.0,0.0,0.0,0.0,0.0,1.5,0.0,0.3,0.0,0.0001,16.0,25903.0
2026-07-30T19:00:36.459Z,205.942,205.956,0.0,7.4,0.0,0.0,0.0,0.0,0.0,0.0,0.0,0.0,1.0,0.0,0.0,0.0,9.0,4.0,0.0,0.0,0.0,0.0,0.0,0.0,0.0,0.0,6.0,12.0,1.0,12.14,5.01,2.51,1.49,0.0,0.1,0.0,0.4,0.0,-0.1,0.1,0.0,-169.60000000000002,0.0,0.0,169.70000000000002,0.0,21.700000000000003,29.5,29.5,30.1,300.0,300.0,31.3,35.300000000000004,29.4,28.6,30.5,4.96,2.0,4.96,0.16,0.0,0.0,1027.0,8228.0,0.0,0.0,0.0,0.0,0.0,1.0,0.0,0.0,0.0,0.0,0.0,0.2,0.0,0.0,0.0,0.0,16.0,25903.0
2026-07-30T19:00:36.471Z,205.954,205.968,0.0,7.4,0.0,0.0,0.0,0.0,0.0,0.0,0.0,0.0,1.0,0.0,0.0,0.0,9.0,4.0,0.0,0.0,0.0,0.0,0.0,0.0,0.0,0.0,1.0,12.0,1.0,12.14,5.01,2.51,1.49,0.0,0.0,0.0,0.4,0.0,1.5,1.3,1.7000000000000002,-169.60000000000002,0.0,0.0,169.70000000000002,0.0,21.700000000000003,29.5,29.5,30.1,300.0,300.0,31.3,35.300000000000004,29.4,28.6,30.5,4.95,2.0,4.96,0.16,0.0,0.0,1027.0,8228.0,0.0,0.0,0.0,0.0,0.0,1.0,0.0,0.0,0.0,0.0,0.0,2.8000000000000003,0.0,-1.2000000000000002,0.0,0.0,16.0,25903.0
2026-07-30T19:00:36.483Z,205.966,205.98,0.0,7.4,0.0,0.0,0.0,0.0,0.0,0.0,0.0,0.0,1.0,0.0,0.0,0.0,9.0,4.0,0.0,0.0,0.0,0.0,0.0,0.0,0.0,0.0,2.0,12.0,1.0,12.14,5.01,2.51,1.49,0.0,0.0,0.0,0.4,0.0,0.3,0.1,-0.6000000000000001,-169.60000000000002,0.0,0.0,169.70000000000002,0.0,21.700000000000003,29.5,29.5,30.1,300.0,300.0,31.3,35.300000000000004,29.4,28.6,30.5,4.96,1.99,4.97,0.16,0.0,0.0,1027.0,8228.0,0.0,0.0,0.0,0.0,0.0,1.0,0.0,0.0,0.0,0.0,0.0,-0.2,0.0,0.5,0.0,0.0,16.0,25903.0
2026-07-30T19:00:36.497Z,205.98,205.992,0.0,7.4,0.0,0.0,0.0,0.0,0.0,0.0,0.0,0.0,1.0,0.0,0.0,0.0,9.0,4.0,0.0,0.0,0.0,0.0,0.0,0.0,0.0,0.0,2.0,12.0,1.0,12.14,5.01,2.51,1.49,0.0,0.1,0.0,0.4,0.0,0.9,0.1,0.5,-169.60000000000002,0.0,0.0,169.70000000000002,0.0,21.700000000000003,29.5,29.5,30.1,300.0,300.0,31.3,35.300000000000004,29.4,28.6,30.5,4.96,1.99,4.96,0.16,0.0,0.0,1027.0,8228.0,0.0,0.0,0.0,0.0,0.0,1.0,0.0,0.0,0.0,0.0,0.0,0.5,0.0,-0.4,0.0,0.0001,16.0,25903.0
2026-07-30T19:00:36.510Z,205.993,206.004,0.0,7.4,0.0,0.0,0.0,0.0,0.0,0.0,0.0,0.0,1.0,0.0,0.0,0.0,9.0,4.0,0.0,0.0,0.0,0.0,0.0,0.0,0.0,0.0,1.0,12.0,1.0,12.14,5.01,2.51,1.49,0.0,0.0,0.0,0.4,0.0,-0.8,1.3,-0.1,-169.60000000000002,0.0,0.0,169.70000000000002,0.0,21.700000000000003,29.5,29.5,30.1,300.0,300.0,31.3,35.300000000000004,29.4,28.6,30.5,4.96,1.99,4.96,0.16,0.0,0.0,1027.0,8228.0,0.0,0.0,0.0,0.0,0.0,1.0,0.0,0.0,0.0,0.0,0.0,1.4,0.0,0.3,0.0,0.0,16.0,25903.0
2026-07-30T19:00:36.519Z,206.002,206.016,0.0,7.4,0.0,0.0,0.0,0.0,0.0,0.0,0.0,0.0,1.0,0.0,0.0,0.0,9.0,4.0,0.0,0.0,0.0,0.0,0.0,0.0,0.0,0.0,5.0,12.0,1.0,12.14,5.01,2.51,1.49,0.0,0.1,0.0,0.4,0.0,-0.2,-0.4,-1.3,-169.60000000000002,0.0,0.0,169.70000000000002,0.0,21.700000000000003,29.5,29.5,30.1,300.0,300.0,31.3,35.300000000000004,29.4,28.6,30.5,4.95,1.99,4.97,0.16,0.0,0.0,1027.0,8228.0,0.0,0.0,0.0,0.0,0.0,1.0,0.0,0.0,0.0,0.0,0.0,-1.4,0.0,1.0,0.0,0.0,16.0,25903.0
2026-07-30T19:00:36.531Z,206.014,206.028,0.0,7.4,0.0,0.0,0.0,0.0,0.0,0.0,0.0,0.0,1.0,0.0,0.0,0.0,9.0,4.0,0.0,0.0,0.0,0.0,0.0,0.0,0.0,0.0,1.0,12.0,1.0,12.14,5.01,2.51,1.49,0.0,0.0,0.0,0.4,0.0,0.3,-0.4,0.4,-169.60000000000002,0.0,0.0,169.8,0.0,21.700000000000003,29.5,29.5,30.1,300.0,300.0,31.3,35.300000000000004,29.4,28.6,30.5,4.96,1.99,4.97,0.16,0.0,0.0,1027.0,8228.0,0.0,0.0,0.0,0.0,0.0,1.0,0.0,0.0,0.0,0.0,0.0,-0.2,0.0,-0.4,0.0,0.0,16.0,25903.0
2026-07-30T19:00:36.543Z,206.026,206.04,0.0,7.4,0.0,0.0,0.0,0.0,0.0,0.0,0.0,0.0,1.0,0.0,0.0,0.0,9.0,4.0,0.0,0.0,0.0,0.0,0.0,0.0,0.0,0.0,2.0,12.0,1.0,12.17,5.0200000000000005,2.51,1.49,0.0,0.0,0.0,0.4,0.0,-0.8,-0.4,-0.7000000000000001,-169.60000000000002,0.0,0.0,169.70000000000002,0.0,21.4,29.5,29.5,30.1,300.0,300.0,31.4,35.300000000000004,29.4,28.6,30.5,4.96,1.99,4.97,0.16,0.0,0.0,1027.0,8228.0,0.0,0.0,0.0,0.0,0.0,1.0,0.0,0.0,0.0,0.0,0.0,-1.1,0.0,0.5,0.0,0.0,16.0,25903.0
2026-07-30T19:00:36.555Z,206.038,206.052,0.0,7.4,0.0,0.0,0.0,0.0,0.0,0.0,0.0,0.0,1.0,0.0,0.0,0.0,9.0,4.0,0.0,0.0,0.0,0.0,0.0,0.0,0.0,0.0,3.0,12.0,1.0,12.17,5.0200000000000005,2.51,1.49,0.0,0.0,0.0,0.4,0.0,0.3,0.1,0.4,-169.60000000000002,0.0,0.0,169.70000000000002,0.0,21.4,29.5,29.5,30.1,300.0,300.0,31.4,35.300000000000004,29.4,28.6,30.5,4.95,1.99,4.97,0.16,0.0,0.0,1027.0,8228.0,0.0,0.0,0.0,0.0,0.0,1.0,0.0,0.0,0.0,0.0,0.0,0.4,0.0,-0.3,0.0,0.0,16.0,25903.0
2026-07-30T19:00:36.567Z,206.05,206.064,0.0,7.4,0.0,0.0,0.0,0.0,0.0,0.0,0.0,0.0,1.0,0.0,0.0,0.0,9.0,4.0,0.0,0.0,0.0,0.0,0.0,0.0,0.0,0.0,4.0,12.0,1.0,12.17,5.0200000000000005,2.51,1.49,0.0,0.0,0.0,0.4,0.0,-0.8,0.1,-0.1,-169.60000000000002,0.0,0.0,169.8,0.0,21.4,29.5,29.5,30.1,300.0,300.0,31.4,35.300000000000004,29.4,28.6,30.5,4.95,1.99,4.97,0.16,0.0,0.0,1027.0,8228.0,0.0,0.0,0.0,0.0,0.0,1.0,0.0,0.0,0.0,0.0,0.0,0.0,0.0,0.1,0.0,0.0001,16.0,25903.0
2026-07-30T19:00:36.579Z,206.062,206.076,0.0,7.4,0.0,0.0,0.0,0.0,0.0,0.0,0.0,0.0,1.0,0.0,0.0,0.0,9.0,4.0,0.0,0.0,0.0,0.0,0.0,0.0,0.0,0.0,6.0,12.0,1.0,12.17,5.0200000000000005,2.51,1.49,0.0,0.1,0.0,0.4,0.0,0.3,0.1,-0.1,-169.60000000000002,0.0,0.0,169.70000000000002,0.0,21.4,29.5,29.5,30.1,300.0,300.0,31.4,35.300000000000004,29.4,28.6,30.5,4.96,1.99,4.96,0.16,0.0,0.0,1027.0,8228.0,0.0,0.0,0.0,0.0,0.0,1.0,0.0,0.0,0.0,0.0,0.0,0.0,0.0,0.1,0.0,0.0,16.0,25903.0
2026-07-30T19:00:36.591Z,206.074,206.088,0.0,7.4,0.0,0.0,0.0,0.0,0.0,0.0,0.0,0.0,1.0,0.0,0.0,0.0,9.0,4.0,0.0,0.0,0.0,0.0,0.0,0.0,0.0,0.0,1.0,12.0,1.0,12.17,5.0200000000000005,2.51,1.49,0.0,0.0,0.0,0.4,0.0,-0.2,0.6000000000000001,0.4,-169.60000000000002,0.0,0.0,169.60000000000002,0.0,21.4,29.5,29.5,30.1,300.0,300.0,31.4,35.300000000000004,29.4,28.6,30.5,4.96,1.99,4.97,0.17,0.0,0.0,1027.0,8228.0,0.0,0.0,0.0,0.0,0.0,1.0,0.0,0.0,0.0,0.0,0.0,2.8000000000000003,0.0,-0.5,0.0,0.0,16.0,25903.0
2026-07-30T19:00:36.603Z,206.086,206.1,0.0,7.4,0.0,0.0,0.0,0.0,0.0,0.0,0.0,0.0,1.0,0.0,0.0,0.0,9.0,4.0,0.0,0.0,0.0,0.0,0.0,0.0,0.0,0.0,3.0,12.0,1.0,12.17,5.0200000000000005,2.51,1.49,0.0,0.0,0.0,0.4,0.0,0.2,0.6000000000000001,-1.3,-169.60000000000002,0.0,0.0,169.70000000000002,0.0,21.4,29.5,29.5,30.1,300.0,300.0,31.4,35.300000000000004,29.4,28.6,30.5,4.95,1.99,4.97,0.16,0.0,0.0,1027.0,8228.0,0.0,0.0,0.0,0.0,0.0,1.0,0.0,0.0,0.0,0.0,0.0,-2.0,0.0,1.5,0.0,0.0001,16.0,25903.0
2026-07-30T19:00:36.615Z,206.098,206.112,0.0,7.4,0.0,0.0,0.0,0.0,0.0,0.0,0.0,0.0,1.0,0.0,0.0,0.0,9.0,4.0,0.0,0.0,0.0,0.0,0.0,0.0,0.0,0.0,4.0,12.0,1.0,12.17,5.0200000000000005,2.51,1.49,0.0,0.0,0.0,0.4,0.0,-0.3,0.6000000000000001,-0.7000000000000001,-169.60000000000002,0.0,0.0,169.60000000000002,0.0,21.4,29.5,29.5,30.1,300.0,300.0,31.4,35.300000000000004,29.4,28.6,30.5,4.96,1.99,4.97,0.16,0.0,0.0,1027.0,8228.0,0.0,0.0,0.0,0.0,0.0,1.0,0.0,0.0,0.0,0.0,0.0,-1.8,0.0,0.4,0.0,0.0,16.0,25903.0
2026-07-30T19:00:36.627Z,206.11,206.124,0.0,7.4,0.0,0.0,0.0,0.0,0.0,0.0,0.0,0.0,1.0,0.0,0.0,0.0,9.0,4.0,0.0,0.0,0.0,0.0,0.0,0.0,0.0,0.0,5.0,12.0,1.0,12.17,5.0200000000000005,2.51,1.49,0.0,0.1,0.0,0.4,0.0,1.4,-0.5,-0.7000000000000001,-169.60000000000002,0.0,0.0,169.60000000000002,0.0,21.4,29.5,29.5,30.1,300.0,300.0,31.4,35.300000000000004,29.4,28.6,30.5,4.95,2.0,4.96,0.16,0.0,0.0,1027.0,8228.0,0.0,0.0,0.0,0.0,0.0,1.0,0.0,0.0,0.0,0.0,0.0,0.3,0.0,-0.3,0.0,0.0,16.0,25903.0
2026-07-30T19:00:36.640Z,206.123,206.136,0.0,7.4,0.0,0.0,0.0,0.0,0.0,0.0,0.0,0.0,1.0,0.0,0.0,0.0,9.0,4.0,0.0,0.0,0.0,0.0,0.0,0.0,0.0,0.0,6.0,12.0,1.0,12.18,5.01,2.51,1.49,0.0,0.0,0.0,0.4,0.0,-0.3,0.0,0.3,-169.60000000000002,0.0,0.0,169.60000000000002,0.0,21.3,29.5,29.5,30.1,300.0,300.0,31.4,35.300000000000004,29.4,28.6,30.5,4.95,1.99,4.96,0.16,0.0,0.0,1027.0,8228.0,0.0,0.0,0.0,0.0,0.0,1.0,0.0,0.0,0.0,0.0,0.0,0.2,0.0,-0.3,0.0,0.0001,16.0,25903.0
2026-07-30T19:00:36.651Z,206.134,206.148,0.0,7.4,0.0,0.0,0.0,0.0,0.0,0.0,0.0,0.0,1.0,0.0,0.0,0.0,9.0,4.0,0.0,0.0,0.0,0.0,0.0,0.0,0.0,0.0,2.0,12.0,1.0,12.18,5.01,2.51,1.49,0.0,0.0,0.0,0.4,0.0,-0.3,0.0,-0.7000000000000001,-169.60000000000002,0.0,0.0,169.70000000000002,0.0,21.3,29.5,29.5,30.1,300.0,300.0,31.4,35.300000000000004,29.4,28.6,30.5,4.95,1.99,4.96,0.16,0.0,0.0,1027.0,8228.0,0.0,0.0,0.0,0.0,0.0,1.0,0.0,0.0,0.0,0.0,0.0,-0.5,0.0,0.6000000000000001,0.0,0.0001,16.0,25903.0
2026-07-30T19:00:36.663Z,206.146,206.16,0.0,7.4,0.0,0.0,0.0,0.0,0.0,0.0,0.0,0.0,1.0,0.0,0.0,0.0,9.0,4.0,0.0,0.0,0.0,0.0,0.0,0.0,0.0,0.0,3.0,12.0,1.0,12.18,5.01,2.51,1.49,0.0,0.1,0.0,0.4,0.0,-0.3,-0.5,0.3,-169.60000000000002,0.0,0.0,169.60000000000002,0.0,21.3,29.5,29.5,30.1,300.0,300.0,31.4,35.300000000000004,29.4,28.6,30.5,4.96,1.99,4.96,0.16,0.0,0.0,1027.0,8228.0,0.0,0.0,0.0,0.0,0.0,1.0,0.0,0.0,0.0,0.0,0.0,-0.3,0.0,-0.4,0.0,0.0,16.0,25903.0
2026-07-30T19:00:36.675Z,206.158,206.172,0.0,7.4,0.0,0.0,0.0,0.0,0.0,0.0,0.0,0.0,1.0,0.0,0.0,0.0,9.0,4.0,0.0,0.0,0.0,0.0,0.0,0.0,0.0,0.0,5.0,12.0,1.0,12.18,5.01,2.51,1.49,0.0,0.0,0.0,0.4,0.0,-0.3,-0.5,-0.1,-169.60000000000002,0.0,0.0,169.70000000000002,0.0,21.3,29.5,29.5,30.1,300.0,300.0,31.4,35.300000000000004,29.4,28.6,30.5,4.95,1.99,4.97,0.16,0.0,0.0,1027.0,8228.0,0.0,0.0,0.0,0.0,0.0,1.0,0.0,0.0,0.0,0.0,0.0,-0.7000000000000001,0.0,0.0,0.0,0.0,16.0,25903.0
2026-07-30T19:00:36.687Z,206.17,206.184,0.0,7.4,0.0,0.0,0.0,0.0,0.0,0.0,0.0,0.0,1.0,0.0,0.0,0.0,9.0,4.0,0.0,0.0,0.0,0.0,0.0,0.0,0.0,0.0,6.0,12.0,1.0,12.18,5.01,2.51,1.49,0.0,0.1,0.0,0.4,0.0,0.2,-1.0,-1.2000000000000002,-169.60000000000002,0.0,0.0,169.60000000000002,0.0,21.3,29.5,29.5,30.1,300.0,300.0,31.4,35.300000000000004,29.4,28.6,30.5,4.95,1.99,4.96,0.16,0.0,0.0,1027.0,8228.0,0.0,0.0,0.0,0.0,0.0,1.0,0.0,0.0,0.0,0.0,0.0,-2.1,0.0,0.8,0.0,0.0,16.0,25903.0
2026-07-30T19:00:36.699Z,206.182,206.196,0.0,7.4,0.0,0.0,0.0,0.0,0.0,0.0,0.0,0.0,1.0,0.0,0.0,0.0,9.0,4.0,0.0,0.0,0.0,0.0,0.0,0.0,0.0,0.0,2.0,12.0,1.0,12.18,5.01,2.51,1.49,0.0,0.0,0.0,0.5,0.0,0.2,1.2000000000000002,0.0,-169.60000000000002,0.0,0.0,169.60000000000002,0.0,21.3,29.5,29.5,30.1,300.0,300.0,31.4,35.300000000000004,29.4,28.6,30.5,4.96,1.99,4.96,0.16,0.0,0.0,1027.0,8228.0,0.0,0.0,0.0,0.0,0.0,1.0,0.0,0.0,0.0,0.0,0.0,1.4,0.0,0.3,0.0,0.0,16.0,25903.0
2026-07-30T19:00:36.711Z,206.194,206.208,0.0,7.4,0.0,0.0,0.0,0.0,0.0,0.0,0.0,0.0,1.0,0.0,0.0,0.0,9.0,4.0,0.0,0.0,0.0,0.0,0.0,0.0,0.0,0.0,3.0,12.0,1.0,12.18,5.01,2.51,1.49,0.0,0.0,0.0,0.4,0.0,0.2,-1.0,1.0,-169.60000000000002,0.0,0.0,169.70000000000002,0.0,21.3,29.5,29.5,30.1,300.0,300.0,31.4,35.300000000000004,29.4,28.6,30.5,4.96,1.99,4.96,0.16,0.0,0.0,1027.0,8228.0,0.0,0.0,0.0,0.0,0.0,1.0,0.0,0.0,0.0,0.0,0.0,-0.3,0.0,-1.1,0.0,0.0,16.0,25903.0
2026-07-30T19:00:36.723Z,206.206,206.22,0.0,7.4,0.0,0.0,0.0,0.0,0.0,0.0,0.0,0.0,1.0,0.0,0.0,0.0,9.0,4.0,0.0,0.0,0.0,0.0,0.0,0.0,0.0,0.0,5.0,12.0,1.0,12.18,5.01,2.51,1.49,0.0,0.0,0.0,0.4,0.0,0.2,-1.0,0.4,-169.60000000000002,0.0,0.0,169.60000000000002,0.0,21.3,29.5,29.5,30.1,300.0,300.0,31.4,35.300000000000004,29.4,28.6,30.5,4.96,1.99,4.97,0.16,0.0,0.0,1027.0,8228.0,0.0,0.0,0.0,0.0,0.0,1.0,0.0,0.0,0.0,0.0,0.0,-0.8,0.0,-0.6000000000000001,0.0,0.0,16.0,25903.0
2026-07-30T19:00:36.735Z,206.218,206.232,0.0,7.4,0.0,0.0,0.0,0.0,0.0,0.0,0.0,0.0,1.0,0.0,0.0,0.0,9.0,4.0,0.0,0.0,0.0,0.0,0.0,0.0,0.0,0.0,6.0,12.0,1.0,12.18,5.01,2.51,1.49,0.0,0.0,0.0,0.4,0.0,0.8,0.6000000000000001,-0.1,-169.60000000000002,0.0,0.0,169.60000000000002,0.0,21.3,29.5,29.5,30.1,300.0,300.0,31.4,35.300000000000004,29.4,28.6,30.5,4.96,1.99,4.96,0.16,0.0,0.0,1027.0,8228.0,0.0,0.0,0.0,0.0,0.0,1.0,0.0,0.0,0.0,0.0,0.0,0.6000000000000001,0.0,0.2,0.0,0.0,16.0,25903.0
2026-07-30T19:00:36.747Z,206.23,206.244,0.0,7.4,0.0,0.0,0.0,0.0,0.0,0.0,0.0,0.0,1.0,0.0,0.0,0.0,9.0,4.0,0.0,0.0,0.0,0.0,0.0,0.0,0.0,0.0,2.0,12.0,1.0,12.17,5.01,2.51,1.49,0.0,0.0,0.0,0.4,0.0,-0.3,-0.5,-1.2000000000000002,-169.60000000000002,0.0,0.0,169.70000000000002,0.0,21.4,29.5,29.5,30.1,300.0,300.0,31.3,35.300000000000004,29.4,28.6,30.5,4.96,2.0,4.96,0.16,0.0,0.0,1027.0,8228.0,0.0,0.0,0.0,0.0,0.0,1.0,0.0,0.0,0.0,0.0,0.0,-1.5,0.0,1.0,0.0,0.0,16.0,25903.0
2026-07-30T19:00:36.759Z,206.242,206.256,0.0,7.4,0.0,0.0,0.0,0.0,0.0,0.0,0.0,0.0,1.0,0.0,0.0,0.0,9.0,4.0,0.0,0.0,0.0,0.0,0.0,0.0,0.0,0.0,3.0,12.0,1.0,12.17,5.01,2.51,1.49,0.0,0.0,0.0,0.4,0.0,0.2,-0.4,0.0,-169.60000000000002,0.0,0.0,169.60000000000002,0.0,21.4,29.5,29.5,30.1,300.0,300.0,31.3,35.300000000000004,29.4,28.6,30.5,4.95,2.0,4.96,0.16,0.0,0.0,1027.0,8228.0,0.0,0.0,0.0,0.0,0.0,1.0,0.0,0.0,0.0,0.0,0.0,-0.6000000000000001,0.0,0.0,0.0,0.0,16.0,25903.0
2026-07-30T19:00:36.771Z,206.254,206.268,0.0,7.4,0.0,0.0,0.0,0.0,0.0,0.0,0.0,0.0,1.0,0.0,0.0,0.0,9.0,4.0,0.0,0.0,0.0,0.0,0.0,0.0,0.0,0.0,5.0,12.0,1.0,12.17,5.01,2.51,1.49,0.0,0.0,0.0,0.4,0.0,-0.3,-1.0,-0.6000000000000001,-169.60000000000002,0.0,0.0,169.60000000000002,0.0,21.4,29.5,29.5,30.1,300.0,300.0,31.3,35.300000000000004,29.4,28.6,30.5,4.96,1.99,4.96,0.16,0.0,0.0,1027.0,8228.0,0.0,0.0,0.0,0.0,0.0,1.0,0.0,0.0,0.0,0.0,0.0,-1.7000000000000002,0.0,0.3,0.0,0.0,16.0,25903.0
2026-07-30T19:00:36.783Z,206.266,206.28,0.0,7.4,0.0,0.0,0.0,0.0,0.0,0.0,0.0,0.0,1.0,0.0,0.0,0.0,9.0,4.0,0.0,0.0,0.0,0.0,0.0,0.0,0.0,0.0,1.0,12.0,1.0,12.17,5.01,2.51,1.49,0.0,0.0,0.0,0.4,0.0,-0.3,-0.5,-0.1,-169.60000000000002,0.0,0.0,169.60000000000002,0.0,21.4,29.5,29.5,30.1,300.0,300.0,31.3,35.300000000000004,29.4,28.6,30.5,4.96,1.99,4.96,0.16,0.0,0.0,1027.0,8228.0,0.0,0.0,0.0,0.0,0.0,1.0,0.0,0.0,0.0,0.0,0.0,-0.6000000000000001,0.0,0.0,0.0,0.0,16.0,25903.0
2026-07-30T19:00:36.795Z,206.278,206.292,0.0,7.4,0.0,0.0,0.0,0.0,0.0,0.0,0.0,0.0,1.0,0.0,0.0,0.0,9.0,4.0,0.0,0.0,0.0,0.0,0.0,0.0,0.0,0.0,2.0,12.0,1.0,12.17,5.01,2.51,1.49,0.0,0.0,0.0,0.4,0.0,0.2,-0.5,-1.3,-169.60000000000002,0.0,0.0,169.60000000000002,0.0,21.4,29.5,29.5,30.1,300.0,300.0,31.3,35.300000000000004,29.4,28.6,30.5,4.95,1.99,4.96,0.16,0.0,0.0,1027.0,8228.0,0.0,0.0,0.0,0.0,0.0,1.0,0.0,0.0,0.0,0.0,0.0,-1.5,0.0,1.0,0.0,0.0,16.0,25903.0
2026-07-30T19:00:36.807Z,206.29,206.304,0.0,7.4,0.0,0.0,0.0,0.0,0.0,0.0,0.0,0.0,1.0,0.0,0.0,0.0,9.0,4.0,0.0,0.0,0.0,0.0,0.0,0.0,0.0,0.0,3.0,12.0,1.0,12.17,5.01,2.51,1.49,0.0,0.0,0.0,0.4,0.0,0.2,-1.0,0.4,-169.60000000000002,0.0,0.0,169.60000000000002,0.0,21.4,29.5,29.5,30.1,300.0,300.0,31.3,35.300000000000004,29.4,28.6,30.5,4.95,1.99,4.97,0.16,0.0,0.0,1027.0,8228.0,0.0,0.0,0.0,0.0,0.0,1.0,0.0,0.0,0.0,0.0,0.0,-0.8,0.0,-0.6000000000000001,0.0,0.0,16.0,25903.0
2026-07-30T19:00:36.823Z,206.306,206.316,0.0,7.4,0.0,0.0,0.0,0.0,0.0,0.0,0.0,0.0,1.0,0.0,0.0,0.0,9.0,4.0,0.0,0.0,0.0,0.0,0.0,0.0,0.0,0.0,4.0,12.0,1.0,12.17,5.01,2.51,1.49,0.0,0.0,0.0,0.5,0.0,0.2,-0.5,1.0,-169.60000000000002,0.0,0.0,169.60000000000002,0.0,21.4,29.5,29.5,30.1,300.0,300.0,31.3,35.300000000000004,29.4,28.6,30.5,4.96,1.99,4.97,0.16,0.0,0.0,1027.0,8228.0,0.0,0.0,0.0,0.0,0.0,1.0,0.0,0.0,0.0,0.0,0.0,0.2,0.0,-1.0,0.0,0.0,16.0,25903.0
2026-07-30T19:00:36.833Z,206.316,206.328,0.0,7.4,0.0,0.0,0.0,0.0,0.0,0.0,0.0,0.0,1.0,0.0,0.0,0.0,9.0,4.0,0.0,0.0,0.0,0.0,0.0,0.0,0.0,0.0,4.0,12.0,1.0,12.17,5.01,2.51,1.49,0.0,0.0,0.0,0.4,0.0,-0.9,0.0,-0.7000000000000001,-169.60000000000002,0.0,0.0,169.60000000000002,0.0,21.4,29.5,29.5,30.1,300.0,300.0,31.3,35.300000000000004,29.4,28.6,30.5,4.96,2.0,4.97,0.15,0.0,0.0,1027.0,8228.0,0.0,0.0,0.0,0.0,0.0,1.0,0.0,0.0,0.0,0.0,0.0,-0.4,0.0,0.6000000000000001,0.0,0.0,16.0,25903.0
2026-07-30T19:00:36.844Z,206.327,206.34,0.0,7.4,0.0,0.0,0.0,0.0,0.0,0.0,0.0,0.0,1.0,0.0,0.0,0.0,9.0,4.0,0.0,0.0,0.0,0.0,0.0,0.0,0.0,0.0,3.0,12.0,1.0,12.18,5.01,2.5,1.5,0.0,0.0,0.0,0.4,0.0,0.2,0.6000000000000001,1.0,-169.60000000000002,0.0,0.0,169.60000000000002,0.0,21.3,29.5,29.5,30.1,300.0,300.0,31.4,35.300000000000004,29.4,28.6,30.5,4.95,1.99,4.97,0.16,0.0,0.0,1027.0,8228.0,0.0,0.0,0.0,0.0,0.0,1.0,0.0,0.0,0.0,0.0,0.0,1.5,0.0,-0.7000000000000001,0.0,0.0,16.0,25903.0
2026-07-30T19:00:36.855Z,206.338,206.352,0.0,7.4,0.0,0.0,0.0,0.0,0.0,0.0,0.0,0.0,1.0,0.0,0.0,0.0,9.0,4.0,0.0,0.0,0.0,0.0,0.0,0.0,0.0,0.0,5.0,12.0,1.0,12.18,5.01,2.5,1.5,0.0,0.0,0.0,0.4,0.0,-0.3,-0.5,-1.3,-169.60000000000002,0.0,0.0,169.60000000000002,0.0,21.3,29.5,29.5,30.1,300.0,300.0,31.4,35.300000000000004,29.4,28.6,30.5,4.96,1.99,4.96,0.16,0.0,0.0,1027.0,8228.0,0.0,0.0,0.0,0.0,0.0,1.0,0.0,0.0,0.0,0.0,0.0,-1.5,0.0,1.0,0.0,0.0001,16.0,25903.0
2026-07-30T19:00:36.867Z,206.35,206.364,0.0,7.4,0.0,0.0,0.0,0.0,0.0,0.0,0.0,0.0,1.0,0.0,0.0,0.0,9.0,4.0,0.0,0.0,0.0,0.0,0.0,0.0,0.0,0.0,5.0,12.0,1.0,12.18,5.01,2.5,1.5,0.0,0.0,0.0,0.4,0.0,-0.3,-0.4,-0.7000000000000001,-169.60000000000002,0.0,0.0,169.60000000000002,0.0,21.3,29.5,29.5,30.1,300.0,300.0,31.4,35.300000000000004,29.4,28.6,30.5,4.95,2.0,4.96,0.16,0.0,0.0,1027.0,8228.0,0.0,0.0,0.0,0.0,0.0,1.0,0.0,0.0,0.0,0.0,0.0,-1.0,0.0,0.5,0.0,0.0001,16.0,25903.0
2026-07-30T19:00:36.879Z,206.362,206.376,0.0,7.4,0.0,0.0,0.0,0.0,0.0,0.0,0.0,0.0,1.0,0.0,0.0,0.0,9.0,4.0,0.0,0.0,0.0,0.0,0.0,0.0,0.0,0.0,6.0,12.0,1.0,12.18,5.01,2.5,1.5,0.0,0.0,0.0,0.4,0.0,0.2,1.2000000000000002,1.0,-169.60000000000002,0.0,0.0,169.60000000000002,0.0,21.3,29.5,29.5,30.1,300.0,300.0,31.4,35.300000000000004,29.4,28.6,30.5,4.95,1.99,4.97,0.16,0.0,0.0,1027.0,8228.0,0.0,0.0,0.0,0.0,0.0,1.0,0.0,0.0,0.0,0.0,0.0,2.1,0.0,-0.6000000000000001,0.0,0.0,16.0,25903.0
2026-07-30T19:00:36.891Z,206.374,206.388,0.0,7.4,0.0,0.0,0.0,0.0,0.0,0.0,0.0,0.0,1.0,0.0,0.0,0.0,9.0,4.0,0.0,0.0,0.0,0.0,0.0,0.0,0.0,0.0,1.0,12.0,1.0,12.18,5.01,2.5,1.5,0.0,0.0,0.0,0.4,0.0,0.3,0.1,-0.7000000000000001,-169.60000000000002,0.0,0.0,169.60000000000002,0.0,21.3,29.5,29.5,30.1,300.0,300.0,31.4,35.300000000000004,29.4,28.6,30.5,4.95,1.99,4.97,0.16,0.0,0.0,1027.0,8228.0,0.0,0.0,0.0,0.0,0.0,1.0,0.0,0.0,0.0,0.0,0.0,-0.3,0.0,0.6000000000000001,0.0,0.0,16.0,25903.0
2026-07-30T19:00:36.903Z,206.386,206.4,0.0,7.4,0.0,0.0,0.0,0.0,0.0,0.0,0.0,0.0,1.0,0.0,0.0,0.0,9.0,4.0,0.0,0.0,0.0,0.0,0.0,0.0,0.0,0.0,2.0,12.0,1.0,12.18,5.01,2.5,1.5,0.0,0.0,0.0,0.4,0.0,-0.3,-0.4,-0.7000000000000001,-169.60000000000002,0.0,0.0,169.60000000000002,0.0,21.3,29.5,29.5,30.1,300.0,300.0,31.4,35.300000000000004,29.4,28.6,30.5,4.96,1.99,4.96,0.16,0.0,0.0,1027.0,8228.0,0.0,0.0,0.0,0.0,0.0,1.0,0.0,0.0,0.0,0.0,0.0,-1.0,0.0,0.5,0.0,0.0,16.0,25903.0
2026-07-30T19:00:36.915Z,206.398,206.412,0.0,7.4,0.0,0.0,0.0,0.0,0.0,0.0,0.0,0.0,1.0,0.0,0.0,0.0,9.0,4.0,0.0,0.0,0.0,0.0,0.0,0.0,0.0,0.0,2.0,12.0,1.0,12.18,5.01,2.5,1.5,0.0,0.0,0.0,0.4,0.0,0.2,-0.4,-0.7000000000000001,-169.60000000000002,0.0,0.0,169.60000000000002,0.0,21.3,29.5,29.5,30.1,300.0,300.0,31.4,35.300000000000004,29.4,28.6,30.5,4.95,1.99,4.97,0.16,0.0,0.0,1027.0,8228.0,0.0,0.0,0.0,0.0,0.0,1.0,0.0,0.0,0.0,0.0,0.0,-1.1,0.0,0.5,0.0,0.0,16.0,25903.0
2026-07-30T19:00:36.927Z,206.41,206.424,0.0,7.4,0.0,0.0,0.0,0.0,0.0,0.0,0.0,0.0,1.0,0.0,0.0,0.0,9.0,4.0,0.0,0.0,0.0,0.0,0.0,0.0,0.0,0.0,4.0,12.0,1.0,12.18,5.01,2.5,1.5,0.0,0.1,0.0,0.4,0.0,0.3,0.1,0.0,-169.60000000000002,0.0,0.0,169.60000000000002,0.0,21.3,29.5,29.5,30.1,300.0,300.0,31.4,35.300000000000004,29.4,28.6,30.5,4.95,1.99,4.96,0.15,0.0,0.0,1027.0,8228.0,0.0,0.0,0.0,0.0,0.0,1.0,0.0,0.0,0.0,0.0,0.0,0.0,0.0,0.1,0.0,0.0,16.0,25903.0
2026-07-30T19:00:36.939Z,206.422,206.436,0.0,7.4,0.0,0.0,0.0,0.0,0.0,0.0,0.0,0.0,1.0,0.0,0.0,0.0,9.0,4.0,0.0,0.0,0.0,0.0,0.0,0.0,0.0,0.0,5.0,12.0,1.0,12.18,5.01,2.5,1.5,0.0,0.0,0.0,0.5,0.0,-1.4,1.2000000000000002,1.0,-169.60000000000002,0.0,0.0,169.60000000000002,0.0,21.3,29.5,29.5,30.1,300.0,300.0,31.4,35.300000000000004,29.4,28.6,30.5,4.96,2.0,4.96,0.16,0.0,0.0,1027.0,8228.0,0.0,0.0,0.0,0.0,0.0,1.0,0.0,0.0,0.0,0.0,0.0,2.2,0.0,-0.6000000000000001,0.0,0.0,16.0,25903.0
2026-07-30T19:00:36.951Z,206.434,206.448,0.0,7.4,0.0,0.0,0.0,0.0,0.0,0.0,0.0,0.0,1.0,0.0,0.0,0.0,9.0,4.0,0.0,0.0,0.0,0.0,0.0,0.0,0.0,0.0,1.0,12.0,1.0,12.17,5.01,2.5,1.5,0.0,0.0,0.0,0.5,0.0,-0.2,-0.4,-0.1,-169.60000000000002,0.0,0.0,169.60000000000002,0.0,21.8,29.5,29.5,30.1,300.0,300.0,31.5,35.2,29.4,28.6,30.5,4.95,2.0,4.97,0.16,0.0,0.0,1027.0,8228.0,0.0,0.0,0.0,0.0,0.0,1.0,0.0,0.0,0.0,0.0,0.0,-0.6000000000000001,0.0,0.0,0.0,0.0,16.0,25903.0
2026-07-30T19:00:36.963Z,206.446,206.46,0.0,7.4,0.0,0.0,0.0,0.0,0.0,0.0,0.0,0.0,1.0,0.0,0.0,0.0,9.0,4.0,0.0,0.0,0.0,0.0,0.0,0.0,0.0,0.0,2.0,12.0,1.0,12.17,5.01,2.5,1.5,0.0,0.0,0.0,0.4,0.0,-0.2,0.1,-0.1,-169.60000000000002,0.0,0.0,169.60000000000002,0.0,21.8,29.5,29.5,30.1,300.0,300.0,31.5,35.2,29.4,28.6,30.5,4.95,1.99,4.97,0.16,0.0,0.0,1027.0,8228.0,0.0,0.0,0.0,0.0,0.0,1.0,0.0,0.0,0.0,0.0,0.0,0.0,0.0,0.1,0.0,0.0,16.0,25903.0
2026-07-30T19:00:36.975Z,206.458,206.472,0.0,7.4,0.0,0.0,0.0,0.0,0.0,0.0,0.0,0.0,1.0,0.0,0.0,0.0,9.0,4.0,0.0,0.0,0.0,0.0,0.0,0.0,0.0,0.0,3.0,12.0,1.0,12.17,5.01,2.5,1.5,0.0,0.0,0.0,0.4,0.0,-0.2,-1.0,-1.3,-169.60000000000002,0.0,0.0,169.60000000000002,0.0,21.8,29.5,29.5,30.1,300.0,300.0,31.5,35.2,29.4,28.6,30.5,4.95,2.0,4.96,0.16,0.0,0.0,1027.0,8228.0,0.0,0.0,0.0,0.0,0.0,1.0,0.0,0.0,0.0,0.0,0.0,-2.1,0.0,0.9,0.0,0.0,16.0,25903.0
2026-07-30T19:00:36.987Z,206.47,206.484,0.0,7.4,0.0,0.0,0.0,0.0,0.0,0.0,0.0,0.0,1.0,0.0,0.0,0.0,9.0,4.0,0.0,0.0,0.0,0.0,0.0,0.0,0.0,0.0,5.0,12.0,1.0,12.17,5.01,2.5,1.5,0.0,0.0,0.0,0.4,0.0,0.9,1.3,-0.1,-169.60000000000002,0.0,0.0,169.60000000000002,0.0,21.8,29.5,29.5,30.1,300.0,300.0,31.5,35.2,29.4,28.6,30.5,4.96,1.99,4.96,0.16,0.0,0.0,1027.0,8228.0,0.0,0.0,0.0,0.0,0.0,1.0,0.0,0.0,0.0,0.0,0.0,1.3,0.0,0.4,0.0,0.0,16.0,25903.0
2026-07-30T19:00:36.999Z,206.482,206.496,0.0,7.4,0.0,0.0,0.0,0.0,0.0,0.0,0.0,0.0,1.0,0.0,0.0,0.0,9.0,4.0,0.0,0.0,0.0,0.0,0.0,0.0,0.0,0.0,6.0,12.0,1.0,12.17,5.01,2.5,1.5,0.0,0.0,0.0,0.5,0.0,-0.8,-1.0,-0.1,-169.60000000000002,0.0,0.0,169.60000000000002,0.0,21.8,29.5,29.5,30.1,300.0,300.0,31.5,35.2,29.4,28.6,30.5,4.95,1.99,4.97,0.16,0.0,0.0,1027.0,8228.0,0.0,0.0,0.0,0.0,0.0,1.0,0.0,0.0,0.0,0.0,0.0,-1.2000000000000002,0.0,0.0,0.0,0.0,16.0,25903.0
2026-07-30T19:00:37.011Z,206.494,206.508,0.0,7.4,0.0,0.0,0.0,0.0,0.0,0.0,0.0,0.0,1.0,0.0,0.0,0.0,9.0,4.0,0.0,0.0,0.0,0.0,0.0,0.0,0.0,0.0,1.0,12.0,1.0,12.17,5.01,2.5,1.5,0.0,0.0,0.0,0.4,0.0,-0.8,-1.6,-0.7000000000000001,-169.60000000000002,0.0,0.0,169.60000000000002,0.0,21.8,29.5,29.5,30.1,300.0,300.0,31.5,35.2,29.4,28.6,30.5,4.96,2.0,4.96,0.16,0.0,0.0,1027.0,8228.0,0.0,0.0,0.0,0.0,0.0,1.0,0.0,0.0,0.0,0.0,0.0,-2.4000000000000004,0.0,0.3,0.0,0.0,16.0,25903.0
2026-07-30T19:00:37.023Z,206.506,206.52,0.0,7.4,0.0,0.0,0.0,0.0,0.0,0.0,0.0,0.0,1.0,0.0,0.0,0.0,9.0,4.0,0.0,0.0,0.0,0.0,0.0,0.0,0.0,0.0,3.0,12.0,1.0,12.17,5.01,2.5,1.5,0.0,0.0,0.0,0.4,0.0,0.3,0.7000000000000001,-0.7000000000000001,-169.60000000000002,0.0,0.0,169.60000000000002,0.0,21.8,29.5,29.5,30.1,300.0,300.0,31.5,35.2,29.4,28.6,30.5,4.96,2.0,4.96,0.16,0.0,0.0,1027.0,8228.0,0.0,0.0,0.0,0.0,0.0,1.0,0.0,0.0,0.0,0.0,0.0,0.2,0.0,0.8,0.0,0.0,16.0,25903.0
2026-07-30T19:00:37.035Z,206.518,206.532,0.0,7.4,0.0,0.0,0.0,0.0,0.0,0.0,0.0,0.0,1.0,0.0,0.0,0.0,9.0,4.0,0.0,0.0,0.0,0.0,0.0,0.0,0.0,0.0,4.0,12.0,1.0,12.17,5.01,2.5,1.5,0.0,0.0,0.0,0.5,0.0,0.8,0.7000000000000001,-0.1,-169.60000000000002,0.0,0.0,169.70000000000002,0.0,21.8,29.5,29.5,30.1,300.0,300.0,31.5,35.2,29.4,28.6,30.5,4.95,1.99,4.96,0.16,0.0,0.0,1027.0,8228.0,0.0,0.0,0.0,0.0,0.0,1.0,0.0,0.0,0.0,0.0,0.0,0.6000000000000001,0.0,0.3,0.0,0.0,16.0,25903.0
2026-07-30T19:00:37.048Z,206.531,206.544,0.0,7.4,0.0,0.0,0.0,0.0,0.0,0.0,0.0,0.0,1.0,0.0,0.0,0.0,9.0,4.0,0.0,0.0,0.0,0.0,0.0,0.0,0.0,0.0,4.0,12.0,1.0,12.15,5.0200000000000005,2.51,1.49,0.0,0.0,0.0,0.4,0.0,0.8,-1.0,-0.1,-169.60000000000002,0.0,0.0,169.60000000000002,0.0,21.200000000000003,29.5,29.5,30.1,300.0,300.0,31.5,35.300000000000004,29.4,28.6,30.5,4.95,1.99,4.97,0.16,0.0,0.0,1027.0,8228.0,0.0,0.0,0.0,0.0,0.0,1.0,0.0,0.0,0.0,0.0,0.0,-1.2000000000000002,0.0,0.0,0.0,0.0001,16.0,25903.0
2026-07-30T19:00:37.059Z,206.542,206.556,0.0,7.4,0.0,0.0,0.0,0.0,0.0,0.0,0.0,0.0,1.0,0.0,0.0,0.0,9.0,4.0,0.0,0.0,0.0,0.0,0.0,0.0,0.0,0.0,4.0,12.0,1.0,12.15,5.0200000000000005,2.51,1.49,0.0,0.0,0.0,0.4,0.0,0.2,0.1,0.0,-169.60000000000002,0.0,0.0,169.60000000000002,0.0,21.200000000000003,29.5,29.5,30.1,300.0,300.0,31.5,35.300000000000004,29.4,28.6,30.5,4.96,2.0,4.96,0.16,0.0,0.0,1027.0,8228.0,0.0,0.0,0.0,0.0,0.0,1.0,0.0,0.0,0.0,0.0,0.0,0.1,0.0,0.1,0.0,0.0001,16.0,25903.0
2026-07-30T19:00:37.071Z,206.554,206.568,0.0,7.4,0.0,0.0,0.0,0.0,0.0,0.0,0.0,0.0,1.0,0.0,0.0,0.0,9.0,4.0,0.0,0.0,0.0,0.0,0.0,0.0,0.0,0.0,5.0,12.0,1.0,12.15,5.0200000000000005,2.51,1.49,0.0,0.0,0.0,0.4,0.0,0.2,0.7000000000000001,-0.6000000000000001,-169.60000000000002,0.0,0.0,169.60000000000002,0.0,21.200000000000003,29.5,29.5,30.1,300.0,300.0,31.5,35.300000000000004,29.4,28.6,30.5,4.96,1.99,4.96,0.16,0.0,0.0,1027.0,8228.0,0.0,0.0,0.0,0.0,0.0,1.0,0.0,0.0,0.0,0.0,0.0,0.2,0.0,0.7000000000000001,0.0,0.0,16.0,25903.0
2026-07-30T19:00:37.083Z,206.566,206.58,0.0,7.4,0.0,0.0,0.0,0.0,0.0,0.0,0.0,0.0,1.0,0.0,0.0,0.0,9.0,4.0,0.0,0.0,0.0,0.0,0.0,0.0,0.0,0.0,1.0,12.0,1.0,12.15,5.0200000000000005,2.51,1.49,0.0,0.0,0.0,0.4,0.0,-0.3,-0.4,0.0,-169.60000000000002,0.0,0.0,169.70000000000002,0.0,21.200000000000003,29.5,29.5,30.1,300.0,300.0,31.5,35.300000000000004,29.4,28.6,30.5,4.95,1.99,4.96,0.16,0.0,0.0,1027.0,8228.0,0.0,0.0,0.0,0.0,0.0,1.0,0.0,0.0,0.0,0.0,0.0,0.0,0.0,0.0,0.0,0.0,16.0,25903.0
2026-07-30T19:00:37.095Z,206.578,206.592,0.0,7.4,0.0,0.0,0.0,0.0,0.0,0.0,0.0,0.0,1.0,0.0,0.0,0.0,9.0,4.0,0.0,0.0,0.0,0.0,0.0,0.0,0.0,0.0,2.0,12.0,1.0,12.15,5.0200000000000005,2.51,1.49,0.0,0.1,0.0,0.4,0.0,-0.3,0.0,-0.6000000000000001,-169.60000000000002,0.0,0.0,169.70000000000002,0.0,21.200000000000003,29.5,29.5,30.1,300.0,300.0,31.5,35.300000000000004,29.4,28.6,30.5,4.96,1.99,4.96,0.16,0.0,0.0,1027.0,8228.0,0.0,0.0,0.0,0.0,0.0,1.0,0.0,0.0,0.0,0.0,0.0,-0.3,0.0,0.6000000000000001,0.0,0.0,16.0,25903.0
2026-07-30T19:00:37.107Z,206.59,206.604,0.0,7.4,0.0,0.0,0.0,0.0,0.0,0.0,0.0,0.0,1.0,0.0,0.0,0.0,9.0,4.0,0.0,0.0,0.0,0.0,0.0,0.0,0.0,0.0,3.0,12.0,1.0,12.15,5.0200000000000005,2.51,1.49,0.0,0.0,0.0,0.4,0.0,1.3,0.0,1.7000000000000002,-169.60000000000002,0.0,0.0,169.70000000000002,0.0,21.200000000000003,29.5,29.5,30.1,300.0,300.0,31.5,35.300000000000004,29.4,28.6,30.5,4.96,1.99,4.96,0.16,0.0,0.0,1027.0,8228.0,0.0,0.0,0.0,0.0,0.0,1.0,0.0,0.0,0.0,0.0,0.0,-2.1,0.0,0.8,0.0,0.0,16.0,25903.0
2026-07-30T19:00:37.119Z,206.602,206.616,0.0,7.4,0.0,0.0,0.0,0.0,0.0,0.0,0.0,0.0,1.0,0.0,0.0,0.0,9.0,4.0,0.0,0.0,0.0,0.0,0.0,0.0,0.0,0.0,4.0,12.0,1.0,12.15,5.0200000000000005,2.51,1.49,0.0,0.1,0.0,0.4,0.0,0.1,0.0,0.5,-169.60000000000002,0.0,0.0,169.70000000000002,0.0,21.200000000000003,29.5,29.5,30.1,300.0,300.0,31.5,35.300000000000004,29.4,28.6,30.5,4.96,1.99,4.97,0.16,0.0,0.0,1027.0,8228.0,0.0,0.0,0.0,0.0,0.0,1.0,0.0,0.0,0.0,0.0,0.0,-1.2000000000000002,0.0,-0.1,0.0,0.0,16.0,25903.0
2026-07-30T19:00:37.131Z,206.614,206.628,0.0,7.4,0.0,0.0,0.0,0.0,0.0,0.0,0.0,0.0,1.0,0.0,0.0,0.0,9.0,4.0,0.0,0.0,0.0,0.0,0.0,0.0,0.0,0.0,5.0,12.0,1.0,12.15,5.0200000000000005,2.51,1.49,0.0,0.0,0.0,0.4,0.0,-0.4,-0.5,0.0,-169.60000000000002,0.0,0.0,169.60000000000002,0.0,21.200000000000003,29.5,29.5,30.1,300.0,300.0,31.5,35.300000000000004,29.4,28.6,30.5,4.95,1.99,4.97,0.16,0.0,0.0,1027.0,8228.0,0.0,0.0,0.0,0.0,0.0,1.0,0.0,0.0,0.0,0.0,0.0,0.6000000000000001,0.0,0.2,0.0,0.0,16.0,25903.0
2026-07-30T19:00:37.147Z,206.63,206.64,0.0,7.4,0.0,0.0,0.0,0.0,0.0,0.0,0.0,0.0,1.0,0.0,0.0,0.0,9.0,4.0,0.0,0.0,0.0,0.0,0.0,0.0,0.0,0.0,5.0,12.0,1.0,12.15,5.0200000000000005,2.51,1.49,0.0,0.0,0.0,0.4,0.0,0.1,0.0,1.1,-169.60000000000002,0.0,0.0,169.60000000000002,0.0,21.200000000000003,29.5,29.5,30.1,300.0,300.0,31.5,35.300000000000004,29.4,28.6,30.5,4.96,1.99,4.96,0.16,0.0,0.0,1027.0,8228.0,0.0,0.0,0.0,0.0,0.0,1.0,0.0,0.0,0.0,0.0,0.0,0.4,0.0,-0.4,0.0,0.0001,16.0,25903.0
2026-07-30T19:00:37.155Z,206.638,206.652,0.0,7.4,0.0,0.0,0.0,0.0,0.0,0.0,0.0,0.0,1.0,0.0,0.0,0.0,9.0,4.0,0.0,0.0,0.0,0.0,0.0,0.0,0.0,0.0,4.0,12.0,1.0,12.11,5.01,2.51,1.49,0.0,0.1,0.0,0.4,0.0,0.7000000000000001,0.0,1.1,-169.60000000000002,0.0,0.0,169.60000000000002,0.0,21.4,29.5,29.5,30.1,300.0,300.0,31.4,35.300000000000004,29.4,28.6,30.5,4.95,1.99,4.97,0.16,0.0,0.0,1027.0,8228.0,0.0,0.0,0.0,0.0,0.0,1.0,0.0,0.0,0.0,0.0,0.0,0.9,0.0,-0.9,0.0,0.0,16.0,25903.0
2026-07-30T19:00:37.167Z,206.65,206.664,0.0,7.4,0.0,0.0,0.0,0.0,0.0,0.0,0.0,0.0,1.0,0.0,0.0,0.0,9.0,4.0,0.0,0.0,0.0,0.0,0.0,0.0,0.0,0.0,5.0,12.0,1.0,12.11,5.01,2.51,1.49,0.0,0.1,0.0,0.4,0.0,-0.3,0.0,1.0,-169.60000000000002,0.0,0.0,169.60000000000002,0.0,21.4,29.5,29.5,30.1,300.0,300.0,31.4,35.300000000000004,29.4,28.6,30.5,4.95,1.99,4.96,0.16,0.0,0.0,1027.0,8228.0,0.0,0.0,0.0,0.0,0.0,1.0,0.0,0.0,0.0,0.0,0.0,0.9,0.0,-0.9,0.0,0.0,16.0,25903.0
2026-07-30T19:00:37.179Z,206.662,206.676,0.0,7.4,0.0,0.0,0.0,0.0,0.0,0.0,0.0,0.0,1.0,0.0,0.0,0.0,9.0,4.0,0.0,0.0,0.0,0.0,0.0,0.0,0.0,0.0,6.0,12.0,1.0,12.11,5.01,2.51,1.49,0.0,0.0,0.0,0.4,0.0,-0.3,-0.4,0.4,-169.60000000000002,0.0,0.0,169.60000000000002,0.0,21.4,29.5,29.5,30.1,300.0,300.0,31.4,35.300000000000004,29.4,28.6,30.5,4.96,1.99,4.96,0.16,0.0,0.0,1027.0,8228.0,0.0,0.0,0.0,0.0,0.0,1.0,0.0,0.0,0.0,0.0,0.0,-0.1,0.0,-0.5,0.0,0.0,16.0,25903.0
2026-07-30T19:00:37.191Z,206.674,206.688,0.0,7.4,0.0,0.0,0.0,0.0,0.0,0.0,0.0,0.0,1.0,0.0,0.0,0.0,9.0,4.0,0.0,0.0,0.0,0.0,0.0,0.0,0.0,0.0,1.0,12.0,1.0,12.11,5.01,2.51,1.49,0.0,0.1,0.0,0.4,0.0,0.2,0.7000000000000001,1.0,-169.60000000000002,0.0,0.0,169.60000000000002,0.0,21.4,29.5,29.5,30.1,300.0,300.0,31.4,35.300000000000004,29.4,28.6,30.5,4.96,1.99,4.96,0.16,0.0,0.0,1027.0,8228.0,0.0,0.0,0.0,0.0,0.0,1.0,0.0,0.0,0.0,0.0,0.0,1.6,0.0,-0.7000000000000001,0.0,0.0,16.0,25903.0
2026-07-30T19:00:37.203Z,206.686,206.7,0.0,7.4,0.0,0.0,0.0,0.0,0.0,0.0,0.0,0.0,1.0,0.0,0.0,0.0,9.0,4.0,0.0,0.0,0.0,0.0,0.0,0.0,0.0,0.0,2.0,12.0,1.0,12.11,5.01,2.51,1.49,0.0,0.1,0.0,0.4,0.0,0.2,0.7000000000000001,0.0,-169.60000000000002,0.0,0.0,169.60000000000002,0.0,21.4,29.5,29.5,30.1,300.0,300.0,31.4,35.300000000000004,29.4,28.6,30.5,4.96,1.99,4.97,0.16,0.0,0.0,1027.0,8228.0,0.0,0.0,0.0,0.0,0.0,1.0,0.0,0.0,0.0,0.0,0.0,0.7000000000000001,0.0,0.2,0.0,0.0,16.0,25903.0
2026-07-30T19:00:37.215Z,206.698,206.712,0.0,7.4,0.0,0.0,0.0,0.0,0.0,0.0,0.0,0.0,1.0,0.0,0.0,0.0,9.0,4.0,0.0,0.0,0.0,0.0,0.0,0.0,0.0,0.0,4.0,12.0,1.0,12.11,5.01,2.51,1.49,0.0,0.0,0.0,0.4,0.0,-0.3,1.2000000000000002,1.0,-169.60000000000002,0.0,0.0,169.70000000000002,0.0,21.4,29.5,29.5,30.1,300.0,300.0,31.4,35.300000000000004,29.4,28.6,30.5,4.96,1.99,4.96,0.16,0.0,0.0,1027.0,8228.0,0.0,0.0,0.0,0.0,0.0,1.0,0.0,0.0,0.0,0.0,0.0,2.2,0.0,-0.6000000000000001,0.0,0.0,16.0,25903.0
2026-07-30T19:00:37.227Z,206.71,206.724,0.0,7.4,0.0,0.0,0.0,0.0,0.0,0.0,0.0,0.0,1.0,0.0,0.0,0.0,9.0,4.0,0.0,0.0,0.0,0.0,0.0,0.0,0.0,0.0,5.0,12.0,1.0,12.11,5.01,2.51,1.49,0.0,0.0,0.0,0.4,0.0,-0.3,-0.4,-0.7000000000000001,-169.60000000000002,0.0,0.0,169.70000000000002,0.0,21.4,29.5,29.5,30.1,300.0,300.0,31.4,35.300000000000004,29.4,28.6,30.5,4.95,1.99,4.96,0.16,0.0,0.0,1027.0,8228.0,0.0,0.0,0.0,0.0,0.0,1.0,0.0,0.0,0.0,0.0,0.0,-1.0,0.0,0.5,0.0,0.0,16.0,25903.0
2026-07-30T19:00:37.239Z,206.722,206.736,0.0,7.4,0.0,0.0,0.0,0.0,0.0,0.0,0.0,0.0,1.0,0.0,0.0,0.0,9.0,4.0,0.0,0.0,0.0,0.0,0.0,0.0,0.0,0.0,6.0,12.0,1.0,12.11,5.01,2.51,1.49,0.0,0.0,0.0,0.4,0.0,1.4,0.1,0.3,-169.60000000000002,0.0,0.0,169.60000000000002,0.0,21.4,29.5,29.5,30.1,300.0,300.0,31.4,35.300000000000004,29.4,28.6,30.5,4.95,1.99,4.97,0.16,0.0,0.0,1027.0,8228.0,0.0,0.0,0.0,0.0,0.0,1.0,0.0,0.0,0.0,0.0,0.0,0.4,0.0,-0.3,0.0,0.0001,16.0,25903.0
2026-07-30T19:00:37.252Z,206.735,206.748,0.0,7.4,0.0,0.0,0.0,0.0,0.0,0.0,0.0,0.0,1.0,0.0,0.0,0.0,9.0,4.0,0.0,0.0,0.0,0.0,0.0,0.0,0.0,0.0,1.0,12.0,1.0,12.18,5.01,2.5,1.49,0.0,0.0,0.0,0.4,0.0,0.2,0.7000000000000001,0.9,-169.60000000000002,0.0,0.0,169.60000000000002,0.0,21.9,29.5,29.5,30.1,300.0,300.0,31.4,35.300000000000004,29.4,28.6,30.5,4.96,2.0,4.97,0.16,0.0,0.0,1027.0,8228.0,0.0,0.0,0.0,0.0,0.0,1.0,0.0,0.0,0.0,0.0,0.0,1.5,0.0,-0.6000000000000001,0.0,0.0,16.0,25903.0
2026-07-30T19:00:37.263Z,206.746,206.76,0.0,7.4,0.0,0.0,0.0,0.0,0.0,0.0,0.0,0.0,1.0,0.0,0.0,0.0,9.0,4.0,0.0,0.0,0.0,0.0,0.0,0.0,0.0,0.0,2.0,12.0,1.0,12.18,5.01,2.5,1.49,0.0,0.0,0.0,0.4,0.0,-0.3,1.2000000000000002,0.9,-169.60000000000002,0.0,0.0,169.60000000000002,0.0,21.9,29.5,29.5,30.1,300.0,300.0,31.4,35.300000000000004,29.4,28.6,30.5,4.96,1.99,4.96,0.16,0.0,0.0,1027.0,8228.0,0.0,0.0,0.0,0.0,0.0,1.0,0.0,0.0,0.0,0.0,0.0,2.1,0.0,-0.5,0.0,0.0,16.0,25903.0
2026-07-30T19:00:37.275Z,206.758,206.772,0.0,7.4,0.0,0.0,0.0,0.0,0.0,0.0,0.0,0.0,1.0,0.0,0.0,0.0,9.0,4.0,0.0,0.0,0.0,0.0,0.0,0.0,0.0,0.0,3.0,12.0,1.0,12.18,5.01,2.5,1.49,0.0,0.1,0.0,0.5,0.0,0.2,1.3,0.9,-169.60000000000002,0.0,0.0,169.60000000000002,0.0,21.9,29.5,29.5,30.1,300.0,300.0,31.4,35.300000000000004,29.4,28.6,30.5,4.96,1.99,4.96,0.16,0.0,0.0,1027.0,8228.0,0.0,0.0,0.0,0.0,0.0,1.0,0.0,0.0,0.0,0.0,0.0,2.2,0.0,-0.5,0.0,0.0,16.0,25903.0
2026-07-30T19:00:37.287Z,206.77,206.784,0.0,7.4,0.0,0.0,0.0,0.0,0.0,0.0,0.0,0.0,1.0,0.0,0.0,0.0,9.0,4.0,0.0,0.0,0.0,0.0,0.0,0.0,0.0,0.0,4.0,12.0,1.0,12.18,5.01,2.5,1.49,0.0,0.0,0.0,0.4,0.0,0.8,-0.4,-0.1,-169.60000000000002,0.0,0.0,169.60000000000002,0.0,21.9,29.5,29.5,30.1,300.0,300.0,31.4,35.300000000000004,29.4,28.6,30.5,4.95,1.99,4.96,0.16,0.0,0.0,1027.0,8228.0,0.0,0.0,0.0,0.0,0.0,1.0,0.0,0.0,0.0,0.0,0.0,-0.6000000000000001,0.0,0.0,0.0,0.0,16.0,25903.0
2026-07-30T19:00:37.299Z,206.782,206.796,0.0,7.4,0.0,0.0,0.0,0.0,0.0,0.0,0.0,0.0,1.0,0.0,0.0,0.0,9.0,4.0,0.0,0.0,0.0,0.0,0.0,0.0,0.0,0.0,5.0,12.0,1.0,12.18,5.01,2.5,1.49,0.0,0.0,0.0,0.4,0.0,-0.8,-1.6,-0.2,-169.60000000000002,0.0,0.0,169.60000000000002,0.0,21.9,29.5,29.5,30.1,300.0,300.0,31.4,35.300000000000004,29.4,28.6,30.5,4.95,1.99,4.96,0.16,0.0,0.0,1027.0,8228.0,0.0,0.0,0.0,0.0,0.0,1.0,0.0,0.0,0.0,0.0,0.0,-1.9,0.0,-0.1,0.0,0.0,16.0,25903.0
2026-07-30T19:00:37.311Z,206.794,206.808,0.0,7.4,0.0,0.0,0.0,0.0,0.0,0.0,0.0,0.0,1.0,0.0,0.0,0.0,9.0,4.0,0.0,0.0,0.0,0.0,0.0,0.0,0.0,0.0,1.0,12.0,1.0,12.18,5.01,2.5,1.49,0.0,0.0,0.0,0.4,0.0,-0.2,-0.4,-0.7000000000000001,-169.60000000000002,0.0,0.0,169.60000000000002,0.0,21.9,29.5,29.5,30.1,300.0,300.0,31.4,35.300000000000004,29.4,28.6,30.5,4.95,1.99,4.97,0.16,0.0,0.0,1027.0,8228.0,0.0,0.0,0.0,0.0,0.0,1.0,0.0,0.0,0.0,0.0,0.0,-1.0,0.0,0.5,0.0,0.0,16.0,25903.0
2026-07-30T19:00:37.323Z,206.806,206.82,0.0,7.4,0.0,0.0,0.0,0.0,0.0,0.0,0.0,0.0,1.0,0.0,0.0,0.0,9.0,4.0,0.0,0.0,0.0,0.0,0.0,0.0,0.0,0.0,2.0,12.0,1.0,12.18,5.01,2.5,1.49,0.0,0.0,0.0,0.4,0.0,0.4,0.2,1.0,-169.60000000000002,0.0,0.0,169.70000000000002,0.0,21.9,29.5,29.5,30.1,300.0,300.0,31.4,35.300000000000004,29.4,28.6,30.5,4.95,1.99,4.97,0.16,0.0,0.0,1027.0,8228.0,0.0,0.0,0.0,0.0,0.0,1.0,0.0,0.0,0.0,0.0,0.0,1.0,0.0,-0.8,0.0,0.0,16.0,25903.0
2026-07-30T19:00:37.334Z,206.817,206.832,0.0,7.4,0.0,0.0,0.0,0.0,0.0,0.0,0.0,0.0,1.0,0.0,0.0,0.0,9.0,4.0,0.0,0.0,0.0,0.0,0.0,0.0,0.0,0.0,4.0,12.0,1.0,12.18,5.01,2.5,1.49,0.0,0.1,0.0,0.4,0.0,-0.1,-0.9,-0.6000000000000001,-169.60000000000002,0.0,0.0,169.60000000000002,0.0,21.9,29.5,29.5,30.1,300.0,300.0,31.4,35.300000000000004,29.4,28.6,30.5,4.96,1.99,4.97,0.16,0.0,0.0,1027.0,8228.0,0.0,0.0,0.0,0.0,0.0,1.0,0.0,0.0,0.0,0.0,0.0,-1.5,0.0,0.4,0.0,0.0001,16.0,25903.0
2026-07-30T19:00:37.347Z,206.83,206.844,0.0,7.4,0.0,0.0,0.0,0.0,0.0,0.0,0.0,0.0,1.0,0.0,0.0,0.0,9.0,4.0,0.0,0.0,0.0,0.0,0.0,0.0,0.0,0.0,6.0,12.0,1.0,12.18,5.01,2.5,1.49,0.0,0.0,0.0,0.4,0.0,0.4,0.2,0.4,-169.60000000000002,0.0,0.0,169.60000000000002,0.0,21.9,29.5,29.5,30.1,300.0,300.0,31.4,35.300000000000004,29.4,28.6,30.5,4.96,1.99,4.96,0.16,0.0,0.0,1027.0,8228.0,0.0,0.0,0.0,0.0,0.0,1.0,0.0,0.0,0.0,0.0,0.0,0.6000000000000001,0.0,-0.3,0.0,0.0,16.0,25903.0
2026-07-30T19:00:37.359Z,206.842,206.856,0.0,7.4,0.0,0.0,0.0,0.0,0.0,0.0,0.0,0.0,1.0,0.0,0.0,0.0,9.0,4.0,0.0,0.0,0.0,0.0,0.0,0.0,0.0,0.0,1.0,12.0,1.0,12.15,5.0200000000000005,2.51,1.49,0.0,0.0,0.0,0.4,0.0,0.9,0.8,0.0,-169.60000000000002,0.0,0.0,169.60000000000002,0.0,21.700000000000003,29.5,29.5,30.1,300.0,300.0,31.4,35.300000000000004,29.4,28.6,30.5,4.96,1.99,4.96,0.16,0.0,0.0,1027.0,8228.0,0.0,0.0,0.0,0.0,0.0,1.0,0.0,0.0,0.0,0.0,0.0,0.8,0.0,0.2,0.0,0.0,16.0,25903.0
2026-07-30T19:00:37.371Z,206.854,206.868,0.0,7.4,0.0,0.0,0.0,0.0,0.0,0.0,0.0,0.0,1.0,0.0,0.0,0.0,9.0,4.0,0.0,0.0,0.0,0.0,0.0,0.0,0.0,0.0,3.0,12.0,1.0,12.15,5.0200000000000005,2.51,1.49,0.0,0.0,0.0,0.5,0.0,0.4,0.8,1.1,-169.60000000000002,0.0,0.0,169.60000000000002,0.0,21.700000000000003,29.5,29.5,30.1,300.0,300.0,31.4,35.300000000000004,29.4,28.6,30.5,4.96,1.99,4.96,0.16,0.0,0.0,1027.0,8228.0,0.0,0.0,0.0,0.0,0.0,1.0,0.0,0.0,0.0,0.0,0.0,1.7000000000000002,0.0,-0.7000000000000001,0.0,0.0,16.0,25903.0
2026-07-30T19:00:37.383Z,206.866,206.88,0.0,7.4,0.0,0.0,0.0,0.0,0.0,0.0,0.0,0.0,1.0,0.0,0.0,0.0,9.0,4.0,0.0,0.0,0.0,0.0,0.0,0.0,0.0,0.0,4.0,12.0,1.0,12.15,5.0200000000000005,2.51,1.49,0.0,0.0,0.0,0.4,0.0,-0.1,0.2,0.5,-169.60000000000002,0.0,0.0,169.70000000000002,0.0,21.700000000000003,29.5,29.5,30.1,300.0,300.0,31.4,35.300000000000004,29.4,28.6,30.5,4.96,1.99,4.96,0.16,0.0,0.0,1027.0,8228.0,0.0,0.0,0.0,0.0,0.0,1.0,0.0,0.0,0.0,0.0,0.0,0.7000000000000001,0.0,-0.4,0.0,0.0,16.0,25903.0
2026-07-30T19:00:37.395Z,206.878,206.892,0.0,7.4,0.0,0.0,0.0,0.0,0.0,0.0,0.0,0.0,1.0,0.0,0.0,0.0,9.0,4.0,0.0,0.0,0.0,0.0,0.0,0.0,0.0,0.0,6.0,12.0,1.0,12.15,5.0200000000000005,2.51,1.49,0.0,0.0,0.0,0.4,0.0,0.4,0.2,0.5,-169.60000000000002,0.0,0.0,169.70000000000002,0.0,21.700000000000003,29.5,29.5,30.1,300.0,300.0,31.4,35.300000000000004,29.4,28.6,30.5,4.95,1.99,4.97,0.16,0.0,0.0,1027.0,8228.0,0.0,0.0,0.0,0.0,0.0,1.0,0.0,0.0,0.0,0.0,0.0,0.6000000000000001,0.0,-0.4,0.0,0.0,16.0,25903.0
2026-07-30T19:00:37.407Z,206.89,206.904,0.0,7.4,0.0,0.0,0.0,0.0,0.0,0.0,0.0,0.0,1.0,0.0,0.0,0.0,9.0,4.0,0.0,0.0,0.0,0.0,0.0,0.0,0.0,0.0,1.0,12.0,1.0,12.15,5.0200000000000005,2.51,1.49,0.0,0.0,0.0,0.4,0.0,-0.7000000000000001,0.2,-0.6000000000000001,-169.60000000000002,0.0,0.0,169.8,0.0,21.700000000000003,29.5,29.5,30.1,300.0,300.0,31.4,35.300000000000004,29.4,28.6,30.5,4.95,1.99,4.97,0.16,0.0,0.0,1027.0,8228.0,0.0,0.0,0.0,0.0,0.0,1.0,0.0,0.0,0.0,0.0,0.0,-0.2,0.0,0.5,0.0,0.0,16.0,25903.0
2026-07-30T19:00:37.419Z,206.902,206.916,0.0,7.4,0.0,0.0,0.0,0.0,0.0,0.0,0.0,0.0,1.0,0.0,0.0,0.0,9.0,4.0,0.0,0.0,0.0,0.0,0.0,0.0,0.0,0.0,3.0,12.0,1.0,12.15,5.0200000000000005,2.51,1.49,0.0,0.0,0.0,0.4,0.0,-0.1,0.2,-0.6000000000000001,-169.60000000000002,0.0,0.0,169.70000000000002,0.0,21.700000000000003,29.5,29.5,30.1,300.0,300.0,31.4,35.300000000000004,29.4,28.6,30.5,4.96,1.99,4.97,0.16,0.0,0.0,1027.0,8228.0,0.0,0.0,0.0,0.0,0.0,1.0,0.0,0.0,0.0,0.0,0.0,-0.1,0.0,0.5,0.0,0.0002,16.0,25903.0
2026-07-30T19:00:37.431Z,206.914,206.928,0.0,7.4,0.0,0.0,0.0,0.0,0.0,0.0,0.0,0.0,1.0,0.0,0.0,0.0,9.0,4.0,0.0,0.0,0.0,0.0,0.0,0.0,0.0,0.0,4.0,12.0,1.0,12.15,5.0200000000000005,2.51,1.49,0.0,0.0,0.0,0.4,0.0,-0.1,-0.9,0.5,-169.60000000000002,0.0,0.0,169.70000000000002,0.0,21.700000000000003,29.5,29.5,30.1,300.0,300.0,31.4,35.300000000000004,29.4,28.6,30.5,4.95,1.99,4.96,0.16,0.0,0.0,1027.0,8228.0,0.0,0.0,0.0,0.0,0.0,1.0,0.0,0.0,0.0,0.0,0.0,-0.6000000000000001,0.0,-0.6000000000000001,0.0,0.0,16.0,25903.0
2026-07-30T19:00:37.443Z,206.926,206.94,0.0,7.4,0.0,0.0,0.0,0.0,0.0,0.0,0.0,0.0,1.0,0.0,0.0,0.0,9.0,4.0,0.0,0.0,0.0,0.0,0.0,0.0,0.0,0.0,6.0,12.0,1.0,12.15,5.0200000000000005,2.51,1.49,0.0,0.0,0.0,0.5,0.0,-0.1,-0.9,0.0,-169.60000000000002,0.0,0.0,169.8,0.0,21.700000000000003,29.5,29.5,30.1,300.0,300.0,31.4,35.300000000000004,29.4,28.6,30.5,4.95,1.99,4.96,0.16,0.0,0.0,1027.0,8228.0,0.0,0.0,0.0,0.0,0.0,1.0,0.0,0.0,0.0,0.0,0.0,-1.0,0.0,-0.1,0.0,0.0,16.0,25903.0
2026-07-30T19:00:37.467Z,206.95,206.952,0.0,7.4,0.0,0.0,0.0,0.0,0.0,0.0,0.0,0.0,1.0,0.0,0.0,0.0,9.0,4.0,0.0,0.0,0.0,0.0,0.0,0.0,0.0,0.0,1.0,12.0,1.0,12.17,5.01,2.51,1.49,0.0,0.0,0.0,0.4,0.0,-0.1,0.7000000000000001,1.7000000000000002,-169.60000000000002,0.0,0.0,169.8,0.0,21.3,29.5,29.5,30.1,300.0,300.0,31.3,35.300000000000004,29.4,28.6,30.5,4.95,1.99,4.96,0.16,0.0,0.0,1027.0,8228.0,0.0,0.0,0.0,0.0,0.0,1.0,0.0,0.0,0.0,0.0,0.0,2.1,0.0,-1.3,0.0,0.0001,16.0,25903.0
2026-07-30T19:00:37.469Z,206.952,206.964,0.0,7.4,0.0,0.0,0.0,0.0,0.0,0.0,0.0,0.0,1.0,0.0,0.0,0.0,9.0,4.0,0.0,0.0,0.0,0.0,0.0,0.0,0.0,0.0,6.0,12.0,1.0,12.17,5.01,2.51,1.49,0.0,0.1,0.0,0.4,0.0,-0.7000000000000001,0.1,-0.6000000000000001,-169.60000000000002,0.0,0.0,169.8,0.0,21.3,29.5,29.5,30.1,300.0,300.0,31.3,35.300000000000004,29.4,28.6,30.5,4.96,1.99,4.96,0.16,0.0,0.0,1027.0,8228.0,0.0,0.0,0.0,0.0,0.0,1.0,0.0,0.0,0.0,0.0,0.0,-0.2,0.0,0.5,0.0,0.0,16.0,25903.0
2026-07-30T19:00:37.479Z,206.962,206.976,0.0,7.4,0.0,0.0,0.0,0.0,0.0,0.0,0.0,0.0,1.0,0.0,0.0,0.0,9.0,4.0,0.0,0.0,0.0,0.0,0.0,0.0,0.0,0.0,6.0,12.0,1.0,12.17,5.01,2.51,1.49,0.0,0.0,0.0,0.4,0.0,0.4,-0.3,0.0,-169.60000000000002,0.0,0.0,169.70000000000002,0.0,21.3,29.5,29.5,30.1,300.0,300.0,31.3,35.300000000000004,29.4,28.6,30.5,4.95,1.99,4.97,0.16,0.0,0.0,1027.0,8228.0,0.0,0.0,0.0,0.0,0.0,1.0,0.0,0.0,0.0,0.0,0.0,-0.3,0.0,0.0,0.0,0.0,16.0,25903.0
2026-07-30T19:00:37.491Z,206.974,206.988,0.0,7.4,0.0,0.0,0.0,0.0,0.0,0.0,0.0,0.0,1.0,0.0,0.0,0.0,9.0,4.0,0.0,0.0,0.0,0.0,0.0,0.0,0.0,0.0,2.0,12.0,1.0,12.17,5.01,2.51,1.49,0.0,0.0,0.0,0.4,0.0,0.4,-0.3,0.0,-169.60000000000002,0.0,0.0,169.8,0.0,21.3,29.5,29.5,30.1,300.0,300.0,31.3,35.300000000000004,29.4,28.6,30.5,4.96,1.99,4.96,0.16,0.0,0.0,1027.0,8228.0,0.0,0.0,0.0,0.0,0.0,1.0,0.0,0.0,0.0,0.0,0.0,-0.3,0.0,0.0,0.0,0.0001,16.0,25903.0
2026-07-30T19:00:37.503Z,206.986,207.0,0.0,7.4,0.0,0.0,0.0,0.0,0.0,0.0,0.0,0.0,1.0,0.0,0.0,0.0,9.0,4.0,0.0,0.0,0.0,0.0,0.0,0.0,0.0,0.0,3.0,12.0,1.0,12.17,5.01,2.51,1.49,0.0,0.0,0.0,0.4,0.0,-0.1,0.2,-0.5,-169.70000000000002,0.0,0.0,169.70000000000002,0.0,21.3,29.5,29.5,30.1,300.0,300.0,31.3,35.300000000000004,29.4,28.6,30.5,4.96,2.0,4.97,0.16,0.0,0.0,1027.0,8228.0,0.0,0.0,0.0,0.0,0.0,1.0,0.0,0.0,0.0,0.0,0.0,-0.1,0.0,0.5,0.0,0.0,16.0,25903.0
2026-07-30T19:00:37.515Z,206.998,207.012,0.0,7.4,0.0,0.0,0.0,0.0,0.0,0.0,0.0,0.0,1.0,0.0,0.0,0.0,9.0,4.0,0.0,0.0,0.0,0.0,0.0,0.0,0.0,0.0,4.0,12.0,1.0,12.17,5.01,2.51,1.49,-0.1,0.0,0.0,0.4,0.0,0.3,0.8,0.6000000000000001,-169.70000000000002,0.0,0.0,169.70000000000002,0.0,21.3,29.5,29.5,30.1,300.0,300.0,31.3,35.300000000000004,29.4,28.6,30.5,4.95,1.99,4.97,0.16,0.0,0.0,1027.0,8228.0,0.0,0.0,0.0,0.0,0.0,1.0,0.0,0.0,0.0,0.0,0.0,1.4,0.0,-0.3,0.0,0.0,16.0,25903.0
2026-07-30T19:00:37.527Z,207.01,207.024,0.0,7.4,0.0,0.0,0.0,0.0,0.0,0.0,0.0,0.0,1.0,0.0,0.0,0.0,9.0,4.0,0.0,0.0,0.0,0.0,0.0,0.0,0.0,0.0,5.0,12.0,1.0,12.17,5.01,2.51,1.49,0.0,0.0,0.0,0.4,0.0,0.9,-0.9,-1.1,-169.70000000000002,0.0,0.0,169.70000000000002,0.0,21.3,29.5,29.5,30.1,300.0,300.0,31.3,35.300000000000004,29.4,28.6,30.5,4.95,1.99,4.97,0.16,0.0,0.0,1027.0,8228.0,0.0,0.0,0.0,0.0,0.0,1.0,0.0,0.0,0.0,0.0,0.0,-1.9,0.0,0.8,0.0,0.0001,16.0,25903.0
2026-07-30T19:00:37.539Z,207.022,207.036,0.0,7.4,0.0,0.0,0.0,0.0,0.0,0.0,0.0,0.0,1.0,0.0,0.0,0.0,9.0,4.0,0.0,0.0,0.0,0.0,0.0,0.0,0.0,0.0,6.0,12.0,1.0,12.17,5.01,2.51,1.49,0.0,0.0,0.0,0.5,0.0,0.3,-0.4,0.0,-169.70000000000002,0.0,0.0,169.8,0.0,21.3,29.5,29.5,30.1,300.0,300.0,31.3,35.300000000000004,29.4,28.6,30.5,4.96,1.99,4.96,0.16,0.0,0.0,1027.0,8228.0,0.0,0.0,0.0,0.0,0.0,1.0,0.0,0.0,0.0,0.0,0.0,-0.4,0.0,0.0,0.0,0.0,16.0,25903.0
2026-07-30T19:00:37.551Z,207.034,207.048,0.0,7.4,0.0,0.0,0.0,0.0,0.0,0.0,0.0,0.0,1.0,0.0,0.0,0.0,9.0,4.0,0.0,0.0,0.0,0.0,0.0,0.0,0.0,0.0,2.0,12.0,1.0,12.17,5.01,2.51,1.49,0.0,0.0,0.0,0.4,0.0,0.3,0.8,0.0,-169.60000000000002,0.0,0.0,169.70000000000002,0.0,21.3,29.5,29.5,30.1,300.0,300.0,31.3,35.300000000000004,29.4,28.6,30.5,4.96,1.99,4.96,0.16,0.0,0.0,1027.0,8228.0,0.0,0.0,0.0,0.0,0.0,1.0,0.0,0.0,0.0,0.0,0.0,0.9,0.0,0.1,0.0,0.0001,16.0,25903.0
2026-07-30T19:00:37.563Z,207.046,207.06,0.0,7.4,0.0,0.0,0.0,0.0,0.0,0.0,0.0,0.0,1.0,0.0,0.0,0.0,9.0,4.0,0.0,0.0,0.0,0.0,0.0,0.0,0.0,0.0,3.0,12.0,1.0,12.15,5.01,2.51,1.5,0.0,0.0,0.0,0.4,0.0,-0.2,-0.2,0.0,-169.60000000000002,0.0,0.0,169.70000000000002,0.0,21.3,29.5,29.5,30.1,300.0,300.0,31.5,35.300000000000004,29.4,28.6,30.5,4.95,1.99,4.96,0.16,0.0,0.0,1027.0,8228.0,0.0,0.0,0.0,0.0,0.0,1.0,0.0,0.0,0.0,0.0,0.0,-0.3,0.0,0.0,0.0,0.0001,16.0,25903.0
2026-07-30T19:00:37.575Z,207.058,207.072,0.0,7.4,0.0,0.0,0.0,0.0,0.0,0.0,0.0,0.0,1.0,0.0,0.0,0.0,9.0,4.0,0.0,0.0,0.0,0.0,0.0,0.0,0.0,0.0,5.0,12.0,1.0,12.15,5.01,2.51,1.5,0.0,0.0,0.0,0.5,0.0,-0.8,-0.3,0.0,-169.60000000000002,0.0,0.0,169.70000000000002,0.0,21.3,29.5,29.5,30.1,300.0,300.0,31.5,35.300000000000004,29.4,28.6,30.5,4.96,1.99,4.96,0.16,0.0,0.0,1027.0,8228.0,0.0,0.0,0.0,0.0,0.0,1.0,0.0,0.0,0.0,0.0,0.0,-0.3,0.0,0.0,0.0,0.0,16.0,25903.0
2026-07-30T19:00:37.587Z,207.07,207.084,0.0,7.4,0.0,0.0,0.0,0.0,0.0,0.0,0.0,0.0,1.0,0.0,0.0,0.0,9.0,4.0,0.0,0.0,0.0,0.0,0.0,0.0,0.0,0.0,6.0,12.0,1.0,12.15,5.01,2.51,1.5,0.0,0.1,0.0,0.5,0.0,-0.8,-0.3,-1.1,-169.60000000000002,0.0,0.0,169.8,0.0,21.3,29.5,29.5,30.1,300.0,300.0,31.5,35.300000000000004,29.4,28.6,30.5,4.95,1.99,4.96,0.16,0.0,0.0,1027.0,8228.0,0.0,0.0,0.0,0.0,0.0,1.0,0.0,0.0,0.0,0.0,0.0,2.2,0.0,-1.3,0.0,0.0,16.0,25903.0
2026-07-30T19:00:37.599Z,207.082,207.096,0.0,7.4,0.0,0.0,0.0,0.0,0.0,0.0,0.0,0.0,1.0,0.0,0.0,0.0,9.0,4.0,0.0,0.0,0.0,0.0,0.0,0.0,0.0,0.0,1.0,12.0,1.0,12.15,5.01,2.51,1.5,0.0,0.0,0.0,0.5,0.0,0.2,0.7000000000000001,0.5,-169.60000000000002,0.0,0.0,169.8,0.0,21.3,29.5,29.5,30.1,300.0,300.0,31.5,35.300000000000004,29.4,28.6,30.5,4.95,1.99,4.97,0.16,0.0,0.0,1027.0,8228.0,0.0,0.0,0.0,0.0,0.0,1.0,0.0,0.0,0.0,0.0,0.0,1.2000000000000002,0.0,-0.3,0.0,0.0002,16.0,25903.0
2026-07-30T19:00:37.611Z,207.094,207.108,0.0,7.4,0.0,0.0,0.0,0.0,0.0,0.0,0.0,0.0,1.0,0.0,0.0,0.0,9.0,4.0,0.0,0.0,0.0,0.0,0.0,0.0,0.0,0.0,2.0,12.0,1.0,12.15,5.01,2.51,1.5,0.0,0.0,0.0,0.4,0.0,-0.3,0.8,0.5,-169.70000000000002,0.0,0.0,169.8,0.0,21.3,29.5,29.5,30.1,300.0,300.0,31.5,35.300000000000004,29.4,28.6,30.5,4.96,1.99,4.97,0.16,0.0,0.0,1027.0,8228.0,0.0,0.0,0.0,0.0,0.0,1.0,0.0,0.0,0.0,0.0,0.0,1.3,0.0,-0.2,0.0,0.0,16.0,25903.0
2026-07-30T19:00:37.623Z,207.106,207.12,0.0,7.4,0.0,0.0,0.0,0.0,0.0,0.0,0.0,0.0,1.0,0.0,0.0,0.0,9.0,4.0,0.0,0.0,0.0,0.0,0.0,0.0,0.0,0.0,3.0,12.0,1.0,12.15,5.01,2.51,1.5,0.0,0.0,0.0,0.4,0.0,0.8,0.2,0.5,-169.70000000000002,0.0,0.0,169.70000000000002,0.0,21.3,29.5,29.5,30.1,300.0,300.0,31.5,35.300000000000004,29.4,28.6,30.5,4.96,1.99,4.96,0.16,0.0,0.0,1027.0,8228.0,0.0,0.0,0.0,0.0,0.0,1.0,0.0,0.0,0.0,0.0,0.0,0.0,0.0,-0.5,0.0,0.0001,16.0,25903.0
2026-07-30T19:00:37.635Z,207.118,207.132,0.0,7.4,0.0,0.0,0.0,0.0,0.0,0.0,0.0,0.0,1.0,0.0,0.0,0.0,9.0,4.0,0.0,0.0,0.0,0.0,0.0,0.0,0.0,0.0,4.0,12.0,1.0,12.15,5.01,2.51,1.5,0.0,0.0,0.0,0.4,0.0,0.3,-0.9,1.1,-169.70000000000002,0.0,0.0,169.70000000000002,0.0,21.3,29.5,29.5,30.1,300.0,300.0,31.5,35.300000000000004,29.4,28.6,30.5,4.95,1.99,4.97,0.16,0.0,0.0,1027.0,8228.0,0.0,0.0,0.0,0.0,0.0,1.0,0.0,0.0,0.0,0.0,0.0,-1.5,0.0,0.3,0.0,0.0001,16.0,25903.0
2026-07-30T19:00:37.647Z,207.13,207.144,0.0,7.4,0.0,0.0,0.0,0.0,0.0,0.0,0.0,0.0,1.0,0.0,0.0,0.0,9.0,4.0,0.0,0.0,0.0,0.0,0.0,0.0,0.0,0.0,5.0,12.0,1.0,12.15,5.01,2.51,1.5,0.0,0.0,0.0,0.5,0.0,-0.2,0.2,-0.6000000000000001,-169.70000000000002,0.0,0.0,169.70000000000002,0.0,21.3,29.5,29.5,30.1,300.0,300.0,31.5,35.300000000000004,29.4,28.6,30.5,4.95,2.0,4.96,0.16,0.0,0.0,1027.0,8228.0,0.0,0.0,0.0,0.0,0.0,1.0,0.0,0.0,0.0,0.0,0.0,-1.5,0.0,0.3,0.0,0.0001,16.0,25903.0
2026-07-30T19:00:37.661Z,207.144,207.156,0.0,7.4,0.0,0.0,0.0,0.0,0.0,0.0,0.0,0.0,1.0,0.0,0.0,0.0,9.0,4.0,0.0,0.0,0.0,0.0,0.0,0.0,0.0,0.0,6.0,12.0,1.0,12.14,5.01,2.5,1.49,0.0,0.0,0.0,0.4,0.0,-0.2,0.8,-0.5,-169.70000000000002,0.0,0.0,169.8,0.0,21.9,29.5,29.5,30.1,300.0,300.0,31.5,35.4,29.4,28.6,30.5,4.95,2.0,4.96,0.16,0.0,0.0,1027.0,8228.0,0.0,0.0,0.0,0.0,0.0,1.0,0.0,0.0,0.0,0.0,0.0,2.6,0.0,-1.9,0.0,0.0001,16.0,25903.0
2026-07-30T19:00:37.671Z,207.154,207.168,0.0,7.4,0.0,0.0,0.0,0.0,0.0,0.0,0.0,0.0,1.0,0.0,0.0,0.0,9.0,4.0,0.0,0.0,0.0,0.0,0.0,0.0,0.0,0.0,1.0,12.0,1.0,12.14,5.01,2.5,1.49,-0.1,0.1,0.0,0.4,0.0,-1.4,-0.3,-1.1,-169.70000000000002,0.0,0.0,169.70000000000002,0.0,21.9,29.5,29.5,30.1,300.0,300.0,31.5,35.4,29.4,28.6,30.5,4.96,2.0,4.96,0.16,0.0,0.0,1027.0,8228.0,0.0,0.0,0.0,0.0,0.0,1.0,0.0,0.0,0.0,0.0,0.0,-1.2000000000000002,0.0,0.9,0.0,0.0002,16.0,25903.0
2026-07-30T19:00:37.683Z,207.166,207.18,0.0,7.4,0.0,0.0,0.0,0.0,0.0,0.0,0.0,0.0,1.0,0.0,0.0,0.0,9.0,4.0,0.0,0.0,0.0,0.0,0.0,0.0,0.0,0.0,2.0,12.0,1.0,12.14,5.01,2.5,1.49,0.0,0.0,0.0,0.4,0.0,-0.2,-0.9,0.5,-169.70000000000002,0.0,0.0,169.70000000000002,0.0,21.9,29.5,29.5,30.1,300.0,300.0,31.5,35.4,29.4,28.6,30.5,4.96,1.99,4.97,0.16,0.0,0.0,1027.0,8228.0,0.0,0.0,0.0,0.0,0.0,1.0,0.0,0.0,0.0,0.0,0.0,-0.6000000000000001,0.0,-0.7000000000000001,0.0,0.0001,16.0,25903.0
2026-07-30T19:00:37.696Z,207.179,207.192,0.0,7.4,0.0,0.0,0.0,0.0,0.0,0.0,0.0,0.0,1.0,0.0,0.0,0.0,9.0,4.0,0.0,0.0,0.0,0.0,0.0,0.0,0.0,0.0,3.0,12.0,1.0,12.14,5.01,2.5,1.49,0.0,0.1,0.0,0.4,0.0,0.3,1.4,0.0,-169.70000000000002,0.0,0.0,169.8,0.0,21.9,29.5,29.5,30.1,300.0,300.0,31.5,35.4,29.4,28.6,30.5,4.96,1.99,4.96,0.16,0.0,0.0,1027.0,8228.0,0.0,0.0,0.0,0.0,0.0,1.0,0.0,0.0,0.0,0.0,0.0,1.5,0.0,0.3,0.0,0.0001,16.0,25903.0
2026-07-30T19:00:37.707Z,207.19,207.204,0.0,7.4,0.0,0.0,0.0,0.0,0.0,0.0,0.0,0.0,1.0,0.0,0.0,0.0,9.0,4.0,0.0,0.0,0.0,0.0,0.0,0.0,0.0,0.0,4.0,12.0,1.0,12.14,5.01,2.5,1.49,0.0,0.0,0.0,0.4,0.0,-0.2,0.8,0.0,-169.70000000000002,0.0,0.0,169.8,0.0,21.9,29.5,29.5,30.1,300.0,300.0,31.5,35.4,29.4,28.6,30.5,4.96,1.99,4.96,0.16,0.0,0.0,1027.0,8228.0,0.0,0.0,0.0,0.0,0.0,1.0,0.0,0.0,0.0,0.0,0.0,0.9,0.0,0.2,0.0,0.0,16.0,25903.0
2026-07-30T19:00:37.719Z,207.202,207.216,0.0,7.4,0.0,0.0,0.0,0.0,0.0,0.0,0.0,0.0,1.0,0.0,0.0,0.0,9.0,4.0,0.0,0.0,0.0,0.0,0.0,0.0,0.0,0.0,6.0,12.0,1.0,12.14,5.01,2.5,1.49,0.0,0.0,0.0,0.4,0.0,0.3,0.2,-0.6000000000000001,-169.70000000000002,0.0,0.0,169.8,0.0,21.9,29.5,29.5,30.1,300.0,300.0,31.5,35.4,29.4,28.6,30.5,4.95,1.99,4.96,0.16,0.0,0.0,1027.0,8228.0,0.0,0.0,0.0,0.0,0.0,1.0,0.0,0.0,0.0,0.0,0.0,-0.1,0.0,0.6000000000000001,0.0,0.0002,16.0,25903.0
2026-07-30T19:00:37.731Z,207.214,207.228,0.0,7.4,0.0,0.0,0.0,0.0,0.0,0.0,0.0,0.0,1.0,0.0,0.0,0.0,9.0,4.0,0.0,0.0,0.0,0.0,0.0,0.0,0.0,0.0,1.0,12.0,1.0,12.14,5.01,2.5,1.49,0.0,0.0,0.0,0.4,0.0,-0.2,-0.9,0.0,-169.70000000000002,0.0,0.0,169.70000000000002,0.0,21.9,29.5,29.5,30.1,300.0,300.0,31.5,35.4,29.4,28.6,30.5,4.96,1.99,4.96,0.16,0.0,0.0,1027.0,8228.0,0.0,0.0,0.0,0.0,0.0,1.0,0.0,0.0,0.0,0.0,0.0,-1.0,0.0,-0.1,0.0,0.0,16.0,25903.0
2026-07-30T19:00:37.743Z,207.226,207.24,0.0,7.4,0.0,0.0,0.0,0.0,0.0,0.0,0.0,0.0,1.0,0.0,0.0,0.0,9.0,4.0,0.0,0.0,0.0,0.0,0.0,0.0,0.0,0.0,2.0,12.0,1.0,12.14,5.01,2.5,1.49,0.0,0.1,0.0,0.4,0.0,0.3,0.2,-0.1,-169.70000000000002,0.0,0.0,169.70000000000002,0.0,21.9,29.5,29.5,30.1,300.0,300.0,31.5,35.4,29.4,28.6,30.5,4.96,1.99,4.97,0.16,0.0,0.0,1027.0,8228.0,0.0,0.0,0.0,0.0,0.0,1.0,0.0,0.0,0.0,0.0,0.0,0.1,0.0,0.1,0.0,0.0002,16.0,25903.0
2026-07-30T19:00:37.755Z,207.238,207.252,0.0,7.4,0.0,0.0,0.0,0.0,0.0,0.0,0.0,0.0,1.0,0.0,0.0,0.0,9.0,4.0,0.0,0.0,0.0,0.0,0.0,0.0,0.0,0.0,3.0,12.0,1.0,12.14,5.01,2.5,1.49,0.0,0.1,0.0,0.4,0.0,-0.2,1.3,1.0,-169.70000000000002,0.0,0.0,169.8,0.0,21.9,29.5,29.5,30.1,300.0,300.0,31.5,35.4,29.4,28.6,30.5,4.95,1.99,4.97,0.16,0.0,0.0,1027.0,8228.0,0.0,0.0,0.0,0.0,0.0,1.0,0.0,0.0,0.0,0.0,0.0,2.3000000000000003,0.0,-0.6000000000000001,0.0,0.0001,16.0,25903.0
2026-07-30T19:00:37.768Z,207.251,207.264,0.0,7.4,0.0,0.0,0.0,0.0,0.0,0.0,0.0,0.0,1.0,0.0,0.0,0.0,9.0,4.0,0.0,0.0,0.0,0.0,0.0,0.0,0.0,0.0,4.0,12.0,1.0,12.17,5.0200000000000005,2.51,1.49,0.0,0.0,0.0,0.4,0.0,-0.2,-0.4,0.4,-169.70000000000002,0.0,0.0,169.8,0.0,21.3,29.5,29.5,30.1,300.0,300.0,31.4,35.300000000000004,29.4,28.6,30.5,4.95,1.99,4.97,0.16,0.0,0.0,1027.0,8228.0,0.0,0.0,0.0,0.0,0.0,1.0,0.0,0.0,0.0,0.0,0.0,-0.1,0.0,-0.5,0.0,0.0002,16.0,25903.0
2026-07-30T19:00:37.782Z,207.265,207.276,0.0,7.4,0.0,0.0,0.0,0.0,0.0,0.0,0.0,0.0,1.0,0.0,0.0,0.0,9.0,4.0,0.0,0.0,0.0,0.0,0.0,0.0,0.0,0.0,4.0,12.0,1.0,12.17,5.0200000000000005,2.51,1.49,0.0,0.0,0.0,0.4,0.0,-1.4,-1.6,-1.9,-169.70000000000002,0.0,0.0,169.70000000000002,0.0,21.3,29.5,29.5,30.1,300.0,300.0,31.4,35.300000000000004,29.4,28.6,30.5,4.96,1.99,4.96,0.16,0.0,0.0,1027.0,8228.0,0.0,0.0,0.0,0.0,0.0,1.0,0.0,0.0,0.0,0.0,0.0,-3.2,0.0,1.3,0.0,0.0001,16.0,25903.0
2026-07-30T19:00:37.791Z,207.274,207.288,0.0,7.4,0.0,0.0,0.0,0.0,0.0,0.0,0.0,0.0,1.0,0.0,0.0,0.0,9.0,4.0,0.0,0.0,0.0,0.0,0.0,0.0,0.0,0.0,2.0,12.0,1.0,12.17,5.0200000000000005,2.51,1.49,0.0,0.0,0.0,0.5,0.0,-0.3,0.1,-0.7000000000000001,-169.70000000000002,0.0,0.0,169.70000000000002,0.0,21.3,29.5,29.5,30.1,300.0,300.0,31.4,35.300000000000004,29.4,28.6,30.5,4.96,1.99,4.97,0.16,0.0,0.0,1027.0,8228.0,0.0,0.0,0.0,0.0,0.0,1.0,0.0,0.0,0.0,0.0,0.0,-0.3,0.0,0.6000000000000001,0.0,0.0001,16.0,25903.0
2026-07-30T19:00:37.803Z,207.286,207.3,0.0,7.4,0.0,0.0,0.0,0.0,0.0,0.0,0.0,0.0,1.0,0.0,0.0,0.0,9.0,4.0,0.0,0.0,0.0,0.0,0.0,0.0,0.0,0.0,3.0,12.0,1.0,12.17,5.0200000000000005,2.51,1.49,0.0,0.0,0.0,0.4,0.0,0.3,0.7000000000000001,0.4,-169.70000000000002,0.0,0.0,169.70000000000002,0.0,21.3,29.5,29.5,30.1,300.0,300.0,31.4,35.300000000000004,29.4,28.6,30.5,4.95,1.99,4.97,0.16,0.0,0.0,1027.0,8228.0,0.0,0.0,0.0,0.0,0.0,1.0,0.0,0.0,0.0,0.0,0.0,1.2000000000000002,0.0,-0.2,0.0,0.0,16.0,25903.0
2026-07-30T19:00:37.815Z,207.298,207.312,0.0,7.4,0.0,0.0,0.0,0.0,0.0,0.0,0.0,0.0,1.0,0.0,0.0,0.0,9.0,4.0,0.0,0.0,0.0,0.0,0.0,0.0,0.0,0.0,4.0,12.0,1.0,12.17,5.0200000000000005,2.51,1.49,0.0,0.1,0.0,0.4,0.0,-0.3,-0.4,-1.8,-169.70000000000002,0.0,0.0,169.8,0.0,21.3,29.5,29.5,30.1,300.0,300.0,31.4,35.300000000000004,29.4,28.6,30.5,4.96,1.99,4.96,0.16,0.0,0.0,1027.0,8228.0,0.0,0.0,0.0,0.0,0.0,1.0,0.0,0.0,0.0,0.0,0.0,-1.8,0.0,1.5,0.0,0.0001,16.0,25903.0
2026-07-30T19:00:37.827Z,207.31,207.324,0.0,7.4,0.0,0.0,0.0,0.0,0.0,0.0,0.0,0.0,1.0,0.0,0.0,0.0,9.0,4.0,0.0,0.0,0.0,0.0,0.0,0.0,0.0,0.0,6.0,12.0,1.0,12.17,5.0200000000000005,2.51,1.49,0.0,0.0,0.0,0.5,0.0,0.2,0.1,-0.1,-169.70000000000002,0.0,0.0,169.70000000000002,0.0,21.3,29.5,29.5,30.1,300.0,300.0,31.4,35.300000000000004,29.4,28.6,30.5,4.95,2.0,4.97,0.16,0.0,0.0,1027.0,8228.0,0.0,0.0,0.0,0.0,0.0,1.0,0.0,0.0,0.0,0.0,0.0,0.0,0.0,0.1,0.0,0.0002,16.0,25903.0
2026-07-30T19:00:37.839Z,207.322,207.336,0.0,7.4,0.0,0.0,0.0,0.0,0.0,0.0,0.0,0.0,1.0,0.0,0.0,0.0,9.0,4.0,0.0,0.0,0.0,0.0,0.0,0.0,0.0,0.0,6.0,12.0,1.0,12.17,5.0200000000000005,2.51,1.49,0.0,0.0,0.0,0.5,0.0,0.2,1.9,1.0,-169.70000000000002,0.0,0.0,169.8,0.0,21.3,29.5,29.5,30.1,300.0,300.0,31.4,35.300000000000004,29.4,28.6,30.5,4.95,1.99,4.97,0.16,0.0,0.0,1027.0,8228.0,0.0,0.0,0.0,0.0,0.0,1.0,0.0,0.0,0.0,0.0,0.0,2.9000000000000004,0.0,-0.5,0.0,0.0001,16.0,25903.0
2026-07-30T19:00:37.852Z,207.335,207.348,0.0,7.4,0.0,0.0,0.0,0.0,0.0,0.0,0.0,0.0,1.0,0.0,0.0,0.0,9.0,4.0,0.0,0.0,0.0,0.0,0.0,0.0,0.0,0.0,1.0,12.0,1.0,12.17,5.0200000000000005,2.51,1.49,0.0,0.1,0.0,0.4,0.0,0.2,0.1,0.5,-169.70000000000002,0.0,0.0,169.70000000000002,0.0,21.3,29.5,29.5,30.1,300.0,300.0,31.4,35.300000000000004,29.4,28.6,30.5,4.95,2.0,4.97,0.16,0.0,0.0,1027.0,8228.0,0.0,0.0,0.0,0.0,0.0,1.0,0.0,0.0,0.0,0.0,0.0,0.5,0.0,-0.4,0.0,0.0001,16.0,25903.0
2026-07-30T19:00:37.865Z,207.348,207.36,0.0,7.4,0.0,0.0,0.0,0.0,0.0,0.0,0.0,0.0,1.0,0.0,0.0,0.0,9.0,4.0,0.0,0.0,0.0,0.0,0.0,0.0,0.0,0.0,2.0,12.0,1.0,12.17,5.01,2.51,1.49,0.0,0.1,0.0,0.4,0.0,0.2,-0.4,-0.1,-169.70000000000002,0.0,0.0,169.70000000000002,0.0,21.8,29.5,29.5,30.1,300.0,300.0,31.4,35.300000000000004,29.4,28.6,30.5,4.96,2.0,4.96,0.16,0.0,0.0,1027.0,8228.0,0.0,0.0,0.0,0.0,0.0,1.0,0.0,0.0,0.0,0.0,0.0,-0.5,0.0,0.0,0.0,0.0,16.0,25903.0
2026-07-30T19:00:37.875Z,207.358,207.372,0.0,7.4,0.0,0.0,0.0,0.0,0.0,0.0,0.0,0.0,1.0,0.0,0.0,0.0,9.0,4.0,0.0,0.0,0.0,0.0,0.0,0.0,0.0,0.0,4.0,12.0,1.0,12.17,5.01,2.51,1.49,0.0,0.0,0.0,0.4,0.0,0.8,-0.4,0.0,-169.70000000000002,0.0,0.0,169.70000000000002,0.0,21.8,29.5,29.5,30.1,300.0,300.0,31.4,35.300000000000004,29.4,28.6,30.5,4.95,1.99,4.97,0.16,0.0,0.0,1027.0,8228.0,0.0,0.0,0.0,0.0,0.0,1.0,0.0,0.0,0.0,0.0,0.0,-0.5,0.0,0.0,0.0,0.0,16.0,25903.0
2026-07-30T19:00:37.887Z,207.37,207.384,0.0,7.4,0.0,0.0,0.0,0.0,0.0,0.0,0.0,0.0,1.0,0.0,0.0,0.0,9.0,4.0,0.0,0.0,0.0,0.0,0.0,0.0,0.0,0.0,5.0,12.0,1.0,12.17,5.01,2.51,1.49,0.0,0.1,0.0,0.4,0.0,-0.3,-0.4,-0.6000000000000001,-169.70000000000002,0.0,0.0,169.70000000000002,0.0,21.8,29.5,29.5,30.1,300.0,300.0,31.4,35.300000000000004,29.4,28.6,30.5,4.95,1.99,4.97,0.16,0.0,0.0,1027.0,8228.0,0.0,0.0,0.0,0.0,0.0,1.0,0.0,0.0,0.0,0.0,0.0,-0.9,0.0,0.4,0.0,0.0002,16.0,25903.0
2026-07-30T19:00:37.899Z,207.382,207.396,0.0,7.4,0.0,0.0,0.0,0.0,0.0,0.0,0.0,0.0,1.0,0.0,0.0,0.0,9.0,4.0,0.0,0.0,0.0,0.0,0.0,0.0,0.0,0.0,1.0,12.0,1.0,12.17,5.01,2.51,1.49,0.0,0.0,0.0,0.4,0.0,0.2,0.7000000000000001,-1.2000000000000002,-169.70000000000002,0.0,0.0,169.70000000000002,0.0,21.8,29.5,29.5,30.1,300.0,300.0,31.4,35.300000000000004,29.4,28.6,30.5,4.96,1.99,4.97,0.16,0.0,0.0,1027.0,8228.0,0.0,0.0,0.0,0.0,0.0,1.0,0.0,0.0,0.0,0.0,0.0,0.0,0.0,1.2000000000000002,0.0,0.0,16.0,25903.0
2026-07-30T19:00:37.911Z,207.394,207.408,0.0,7.4,0.0,0.0,0.0,0.0,0.0,0.0,0.0,0.0,1.0,0.0,0.0,0.0,9.0,4.0,0.0,0.0,0.0,0.0,0.0,0.0,0.0,0.0,2.0,12.0,1.0,12.17,5.01,2.51,1.49,0.0,0.0,0.0,0.4,0.0,-0.3,0.1,0.0,-169.70000000000002,0.0,0.0,169.70000000000002,0.0,21.8,29.5,29.5,30.1,300.0,300.0,31.4,35.300000000000004,29.4,28.6,30.5,4.95,1.99,4.96,0.16,0.0,0.0,1027.0,8228.0,0.0,0.0,0.0,0.0,0.0,1.0,0.0,0.0,0.0,0.0,0.0,0.1,0.0,0.0,0.0,0.0001,16.0,25903.0
2026-07-30T19:00:37.923Z,207.406,207.42,0.0,7.4,0.0,0.0,0.0,0.0,0.0,0.0,0.0,0.0,1.0,0.0,0.0,0.0,9.0,4.0,0.0,0.0,0.0,0.0,0.0,0.0,0.0,0.0,3.0,12.0,1.0,12.17,5.01,2.51,1.49,0.0,0.0,0.0,0.4,0.0,-0.8,0.1,1.0,-169.70000000000002,0.0,0.0,169.70000000000002,0.0,21.8,29.5,29.5,30.1,300.0,300.0,31.4,35.300000000000004,29.4,28.6,30.5,4.95,1.99,4.97,0.16,0.0,0.0,1027.0,8228.0,0.0,0.0,0.0,0.0,0.0,1.0,0.0,0.0,0.0,0.0,0.0,0.9,0.0,-0.9,0.0,0.0002,16.0,25903.0
2026-07-30T19:00:37.935Z,207.418,207.432,0.0,7.4,0.0,0.0,0.0,0.0,0.0,0.0,0.0,0.0,1.0,0.0,0.0,0.0,9.0,4.0,0.0,0.0,0.0,0.0,0.0,0.0,0.0,0.0,4.0,12.0,1.0,12.17,5.01,2.51,1.49,0.0,0.0,0.0,0.4,0.0,-0.8,0.1,-0.6000000000000001,-169.70000000000002,0.0,0.0,169.70000000000002,0.0,21.8,29.5,29.5,30.1,300.0,300.0,31.4,35.300000000000004,29.4,28.6,30.5,4.95,2.0,4.96,0.16,0.0,0.0,1027.0,8228.0,0.0,0.0,0.0,0.0,0.0,1.0,0.0,0.0,0.0,0.0,0.0,-0.3,0.0,0.6000000000000001,0.0,0.0,16.0,25903.0
2026-07-30T19:00:37.947Z,207.43,207.444,0.0,7.4,0.0,0.0,0.0,0.0,0.0,0.0,0.0,0.0,1.0,0.0,0.0,0.0,9.0,4.0,0.0,0.0,0.0,0.0,0.0,0.0,0.0,0.0,6.0,12.0,1.0,12.17,5.01,2.51,1.49,0.0,0.0,0.0,0.4,0.0,0.2,1.2000000000000002,1.0,-169.70000000000002,0.0,0.0,169.70000000000002,0.0,21.8,29.5,29.5,30.1,300.0,300.0,31.4,35.300000000000004,29.4,28.6,30.5,4.96,1.99,4.96,0.16,0.0,0.0,1027.0,8228.0,0.0,0.0,0.0,0.0,0.0,1.0,0.0,0.0,0.0,0.0,0.0,2.2,0.0,-0.6000000000000001,0.0,0.0001,16.0,25903.0
2026-07-30T19:00:37.959Z,207.442,207.456,0.0,7.4,0.0,0.0,0.0,0.0,0.0,0.0,0.0,0.0,1.0,0.0,0.0,0.0,9.0,4.0,0.0,0.0,0.0,0.0,0.0,0.0,0.0,0.0,1.0,12.0,1.0,12.17,5.01,2.51,1.49,0.0,0.0,0.0,0.4,0.0,-0.3,-0.4,1.0,-169.70000000000002,0.0,0.0,169.8,0.0,21.8,29.5,29.5,30.1,300.0,300.0,31.4,35.300000000000004,29.4,28.6,30.5,4.95,1.99,4.97,0.16,0.0,0.0,1027.0,8228.0,0.0,0.0,0.0,0.0,0.0,1.0,0.0,0.0,0.0,0.0,0.0,0.2,0.0,-1.0,0.0,0.0001,16.0,25903.0
2026-07-30T19:00:37.971Z,207.454,207.468,0.0,7.4,0.0,0.0,0.0,0.0,0.0,0.0,0.0,0.0,1.0,0.0,0.0,0.0,9.0,4.0,0.0,0.0,0.0,0.0,0.0,0.0,0.0,0.0,2.0,12.0,1.0,12.17,5.0200000000000005,2.51,1.49,0.0,0.0,0.0,0.4,0.0,-0.8,-0.5,0.0,-169.70000000000002,0.0,0.0,169.8,0.0,20.6,29.5,29.5,30.1,300.0,300.0,31.3,35.300000000000004,29.4,28.6,30.5,4.96,1.98,4.96,0.16,0.0,0.0,1027.0,8228.0,0.0,0.0,0.0,0.0,0.0,1.0,0.0,0.0,0.0,0.0,0.0,-0.6000000000000001,0.0,0.0,0.0,0.0001,16.0,25903.0
2026-07-30T19:00:37.983Z,207.466,207.48,0.0,7.4,0.0,0.0,0.0,0.0,0.0,0.0,0.0,0.0,1.0,0.0,0.0,0.0,9.0,4.0,0.0,0.0,0.0,0.0,0.0,0.0,0.0,0.0,3.0,12.0,1.0,12.17,5.0200000000000005,2.51,1.49,0.0,0.2,0.0,0.4,0.0,0.3,0.0,0.0,-169.70000000000002,0.0,0.0,169.70000000000002,0.0,20.6,29.5,29.5,30.1,300.0,300.0,31.3,35.300000000000004,29.4,28.6,30.5,4.96,1.99,4.96,0.16,0.0,0.0,1027.0,8228.0,0.0,0.0,0.0,0.0,0.0,1.0,0.0,0.0,0.0,0.0,0.0,0.0,0.0,0.0,0.0,0.0001,16.0,25903.0
2026-07-30T19:00:37.995Z,207.478,207.492,0.0,7.4,0.0,0.0,0.0,0.0,0.0,0.0,0.0,0.0,1.0,0.0,0.0,0.0,9.0,4.0,0.0,0.0,0.0,0.0,0.0,0.0,0.0,0.0,4.0,12.0,1.0,12.17,5.0200000000000005,2.51,1.49,0.0,0.0,0.0,0.4,0.0,0.3,0.1,-0.6000000000000001,-169.70000000000002,0.0,0.0,169.70000000000002,0.0,20.6,29.5,29.5,30.1,300.0,300.0,31.3,35.300000000000004,29.4,28.6,30.5,4.95,1.99,4.96,0.16,0.0,0.0,1027.0,8228.0,0.0,0.0,0.0,0.0,0.0,1.0,0.0,0.0,0.0,0.0,0.0,-0.2,0.0,0.5,0.0,0.0001,16.0,25903.0
2026-07-30T19:00:38.007Z,207.49,207.504,0.0,7.4,0.0,0.0,0.0,0.0,0.0,0.0,0.0,0.0,1.0,0.0,0.0,0.0,9.0,4.0,0.0,0.0,0.0,0.0,0.0,0.0,0.0,0.0,5.0,12.0,1.0,12.17,5.0200000000000005,2.51,1.49,0.0,0.0,0.0,0.4,0.0,-0.2,1.2000000000000002,0.0,-169.70000000000002,0.0,0.0,169.8,0.0,20.6,29.5,29.5,30.1,300.0,300.0,31.3,35.300000000000004,29.4,28.6,30.5,4.95,1.99,4.97,0.16,0.0,0.0,1027.0,8228.0,0.0,0.0,0.0,0.0,0.0,1.0,0.0,0.0,0.0,0.0,0.0,1.4,0.0,0.3,0.0,0.0,16.0,25903.0
2026-07-30T19:00:38.019Z,207.502,207.516,0.0,7.4,0.0,0.0,0.0,0.0,0.0,0.0,0.0,0.0,1.0,0.0,0.0,0.0,9.0,4.0,0.0,0.0,0.0,0.0,0.0,0.0,0.0,0.0,6.0,12.0,1.0,12.17,5.0200000000000005,2.51,1.49,0.0,0.0,0.0,0.4,0.0,0.9,0.0,-0.7000000000000001,-169.70000000000002,0.0,0.0,169.8,0.0,20.6,29.5,29.5,30.1,300.0,300.0,31.3,35.300000000000004,29.4,28.6,30.5,4.96,2.0,4.96,0.16,0.0,0.0,1027.0,8228.0,0.0,0.0,0.0,0.0,0.0,1.0,0.0,0.0,0.0,0.0,0.0,-0.4,0.0,0.6000000000000001,0.0,0.0001,16.0,25903.0
2026-07-30T19:00:38.031Z,207.514,207.528,0.0,7.4,0.0,0.0,0.0,0.0,0.0,0.0,0.0,0.0,1.0,0.0,0.0,0.0,9.0,4.0,0.0,0.0,0.0,0.0,0.0,0.0,0.0,0.0,1.0,12.0,1.0,12.17,5.0200000000000005,2.51,1.49,0.0,0.0,0.0,0.4,0.0,0.3,-1.0,-1.2000000000000002,-169.70000000000002,0.0,0.0,169.8,0.0,20.6,29.5,29.5,30.1,300.0,300.0,31.3,35.300000000000004,29.4,28.6,30.5,4.96,1.99,4.97,0.16,0.0,0.0,1027.0,8228.0,0.0,0.0,0.0,0.0,0.0,1.0,0.0,0.0,0.0,0.0,0.0,-2.1,0.0,0.9,0.0,0.0001,16.0,25903.0
2026-07-30T19:00:38.044Z,207.527,207.54,0.0,7.4,0.0,0.0,0.0,0.0,0.0,0.0,0.0,0.0,1.0,0.0,0.0,0.0,9.0,4.0,0.0,0.0,0.0,0.0,0.0,0.0,0.0,0.0,2.0,12.0,1.0,12.17,5.0200000000000005,2.51,1.49,0.0,0.1,0.0,0.4,0.0,-0.8,1.2000000000000002,0.0,-169.70000000000002,0.0,0.0,169.70000000000002,0.0,20.6,29.5,29.5,30.1,300.0,300.0,31.3,35.300000000000004,29.4,28.6,30.5,4.95,1.99,4.97,0.16,0.0,0.0,1027.0,8228.0,0.0,0.0,0.0,0.0,0.0,1.0,0.0,0.0,0.0,0.0,0.0,1.4,0.0,0.3,0.0,0.0,16.0,25903.0
2026-07-30T19:00:38.055Z,207.538,207.552,0.0,7.4,0.0,0.0,0.0,0.0,0.0,0.0,0.0,0.0,1.0,0.0,0.0,0.0,9.0,4.0,0.0,0.0,0.0,0.0,0.0,0.0,0.0,0.0,4.0,12.0,1.0,12.17,5.0200000000000005,2.51,1.49,0.0,0.0,0.0,0.4,0.0,0.3,0.0,0.5,-169.70000000000002,0.0,0.0,169.8,0.0,20.6,29.5,29.5,30.1,300.0,300.0,31.3,35.300000000000004,29.4,28.6,30.5,4.96,1.99,4.96,0.16,0.0,0.0,1027.0,8228.0,0.0,0.0,0.0,0.0,0.0,1.0,0.0,0.0,0.0,0.0,0.0,0.5,0.0,-0.4,0.0,0.0,16.0,25903.0
2026-07-30T19:00:38.068Z,207.551,207.564,0.0,7.4,0.0,0.0,0.0,0.0,0.0,0.0,0.0,0.0,1.0,0.0,0.0,0.0,9.0,4.0,0.0,0.0,0.0,0.0,0.0,0.0,0.0,0.0,5.0,12.0,1.0,12.17,5.0200000000000005,2.51,1.49,0.0,0.0,0.0,0.4,0.0,-0.2,-1.0,0.0,-169.70000000000002,0.0,0.0,169.8,0.0,21.700000000000003,29.5,29.5,30.1,300.0,300.0,31.4,35.300000000000004,29.4,28.6,30.5,4.95,1.99,4.97,0.16,0.0,0.0,1027.0,8228.0,0.0,0.0,0.0,0.0,0.0,1.0,0.0,0.0,0.0,0.0,0.0,-1.3,0.0,-0.1,0.0,0.0,16.0,25903.0
2026-07-30T19:00:38.079Z,207.562,207.576,0.0,7.4,0.0,0.0,0.0,0.0,0.0,0.0,0.0,0.0,1.0,0.0,0.0,0.0,9.0,4.0,0.0,0.0,0.0,0.0,0.0,0.0,0.0,0.0,6.0,12.0,1.0,12.17,5.0200000000000005,2.51,1.49,0.0,0.0,0.0,0.4,0.0,-0.2,-0.5,0.0,-169.70000000000002,0.0,0.0,169.70000000000002,0.0,21.700000000000003,29.5,29.5,30.1,300.0,300.0,31.4,35.300000000000004,29.4,28.6,30.5,4.95,1.99,4.97,0.16,0.0,0.0,1027.0,8228.0,0.0,0.0,0.0,0.0,0.0,1.0,0.0,0.0,0.0,0.0,0.0,-0.6000000000000001,0.0,0.0,0.0,0.0001,16.0,25903.0
2026-07-30T19:00:38.098Z,207.581,207.588,0.0,7.4,0.0,0.0,0.0,0.0,0.0,0.0,0.0,0.0,1.0,0.0,0.0,0.0,9.0,4.0,0.0,0.0,0.0,0.0,0.0,0.0,0.0,0.0,1.0,12.0,1.0,12.17,5.0200000000000005,2.51,1.49,0.0,0.0,0.0,0.4,0.0,-0.2,0.1,-1.2000000000000002,-169.70000000000002,0.0,0.0,169.8,0.0,21.700000000000003,29.5,29.5,30.1,300.0,300.0,31.4,35.300000000000004,29.4,28.6,30.5,4.95,1.99,4.97,0.16,0.0,0.0,1027.0,8228.0,0.0,0.0,0.0,0.0,0.0,1.0,0.0,0.0,0.0,0.0,0.0,-1.4,0.0,0.9,0.0,0.0001,16.0,25903.0
2026-07-30T19:00:38.103Z,207.586,207.6,0.0,7.4,0.0,0.0,0.0,0.0,0.0,0.0,0.0,0.0,1.0,0.0,0.0,0.0,9.0,4.0,0.0,0.0,0.0,0.0,0.0,0.0,0.0,0.0,6.0,12.0,1.0,12.17,5.0200000000000005,2.51,1.49,0.0,0.0,0.0,0.4,0.0,0.3,0.1,-0.1,-169.70000000000002,0.0,0.0,169.70000000000002,0.0,21.700000000000003,29.5,29.5,30.1,300.0,300.0,31.4,35.300000000000004,29.4,28.6,30.5,4.96,1.99,4.96,0.16,0.0,0.0,1027.0,8228.0,0.0,0.0,0.0,0.0,0.0,1.0,0.0,0.0,0.0,0.0,0.0,0.0,0.0,0.1,0.0,0.0001,16.0,25903.0
2026-07-30T19:00:38.115Z,207.598,207.612,0.0,7.4,0.0,0.0,0.0,0.0,0.0,0.0,0.0,0.0,1.0,0.0,0.0,0.0,9.0,4.0,0.0,0.0,0.0,0.0,0.0,0.0,0.0,0.0,5.0,12.0,1.0,12.17,5.0200000000000005,2.51,1.49,0.0,0.0,0.0,0.5,0.0,-0.3,0.0,1.0,-169.70000000000002,0.0,0.0,169.70000000000002,0.0,21.700000000000003,29.5,29.5,30.1,300.0,300.0,31.4,35.300000000000004,29.4,28.6,30.5,4.95,1.99,4.97,0.16,0.0,0.0,1027.0,8228.0,0.0,0.0,0.0,0.0,0.0,1.0,0.0,0.0,0.0,0.0,0.0,0.8,0.0,-0.9,0.0,0.0001,16.0,25903.0
2026-07-30T19:00:38.127Z,207.61,207.624,0.0,7.4,0.0,0.0,0.0,0.0,0.0,0.0,0.0,0.0,1.0,0.0,0.0,0.0,9.0,4.0,0.0,0.0,0.0,0.0,0.0,0.0,0.0,0.0,1.0,12.0,1.0,12.17,5.0200000000000005,2.51,1.49,0.0,0.0,0.0,0.5,0.0,0.3,0.1,1.6,-169.70000000000002,0.0,0.0,169.70000000000002,0.0,21.700000000000003,29.5,29.5,30.1,300.0,300.0,31.4,35.300000000000004,29.4,28.6,30.5,4.95,2.0,4.97,0.16,0.0,0.0,1027.0,8228.0,0.0,0.0,0.0,0.0,0.0,1.0,0.0,0.0,0.0,0.0,0.0,1.3,0.0,-1.4,0.0,0.0001,16.0,25903.0
2026-07-30T19:00:38.139Z,207.622,207.636,0.0,7.4,0.0,0.0,0.0,0.0,0.0,0.0,0.0,0.0,1.0,0.0,0.0,0.0,9.0,4.0,0.0,0.0,0.0,0.0,0.0,0.0,0.0,0.0,2.0,12.0,1.0,12.17,5.0200000000000005,2.51,1.49,0.0,0.0,0.0,0.4,0.0,0.3,0.0,-0.1,-169.70000000000002,0.0,0.0,169.8,0.0,21.700000000000003,29.5,29.5,30.1,300.0,300.0,31.4,35.300000000000004,29.4,28.6,30.5,4.95,1.99,4.97,0.16,0.0,0.0,1027.0,8228.0,0.0,0.0,0.0,0.0,0.0,1.0,0.0,0.0,0.0,0.0,0.0,-0.2,0.0,-0.5,0.0,0.0,16.0,25903.0
2026-07-30T19:00:38.151Z,207.634,207.648,0.0,7.4,0.0,0.0,0.0,0.0,0.0,0.0,0.0,0.0,1.0,0.0,0.0,0.0,9.0,4.0,0.0,0.0,0.0,0.0,0.0,0.0,0.0,0.0,4.0,12.0,1.0,12.17,5.0200000000000005,2.51,1.49,0.0,0.0,0.0,0.4,0.0,-0.8,-0.5,0.4,-169.70000000000002,0.0,0.0,169.8,0.0,21.700000000000003,29.5,29.5,30.1,300.0,300.0,31.4,35.300000000000004,29.4,28.6,30.5,4.95,1.99,4.96,0.16,0.0,0.0,1027.0,8228.0,0.0,0.0,0.0,0.0,0.0,1.0,0.0,0.0,0.0,0.0,0.0,1.3,0.0,-1.4,0.0,0.0001,16.0,25903.0
2026-07-30T19:00:38.163Z,207.646,207.66,0.0,7.4,0.0,0.0,0.0,0.0,0.0,0.0,0.0,0.0,1.0,0.0,0.0,0.0,9.0,4.0,0.0,0.0,0.0,0.0,0.0,0.0,0.0,0.0,5.0,12.0,1.0,12.17,5.0200000000000005,2.51,1.49,0.0,0.0,0.0,0.4,0.0,-0.3,-0.5,0.0,-169.70000000000002,0.0,0.0,169.70000000000002,0.0,21.700000000000003,29.5,29.5,30.1,300.0,300.0,31.4,35.300000000000004,29.4,28.6,30.5,4.95,1.99,4.97,0.16,0.0,0.0,1027.0,8228.0,0.0,0.0,0.0,0.0,0.0,1.0,0.0,0.0,0.0,0.0,0.0,-1.3,0.0,-0.1,0.0,0.0,16.0,25903.0
2026-07-30T19:00:38.175Z,207.658,207.672,0.0,7.4,0.0,0.0,0.0,0.0,0.0,0.0,0.0,0.0,1.0,0.0,0.0,0.0,9.0,4.0,0.0,0.0,0.0,0.0,0.0,0.0,0.0,0.0,6.0,12.0,1.0,12.15,5.0200000000000005,2.51,1.49,0.0,0.0,0.0,0.4,0.0,-0.3,0.0,0.0,-169.70000000000002,0.0,0.0,169.8,0.0,21.4,29.5,29.5,30.1,300.0,300.0,31.5,35.300000000000004,29.4,28.6,30.5,4.95,1.99,4.96,0.16,0.0,0.0,1027.0,8228.0,0.0,0.0,0.0,0.0,0.0,1.0,0.0,0.0,0.0,0.0,0.0,0.0,0.0,0.0,0.0,0.0001,16.0,25903.0
2026-07-30T19:00:38.188Z,207.671,207.684,0.0,7.4,0.0,0.0,0.0,0.0,0.0,0.0,0.0,0.0,1.0,0.0,0.0,0.0,9.0,4.0,0.0,0.0,0.0,0.0,0.0,0.0,0.0,0.0,1.0,12.0,1.0,12.15,5.0200000000000005,2.51,1.49,0.0,0.0,0.0,0.4,0.0,0.2,1.2000000000000002,0.0,-169.70000000000002,0.0,0.0,169.8,0.0,21.4,29.5,29.5,30.1,300.0,300.0,31.5,35.300000000000004,29.4,28.6,30.5,4.96,1.99,4.96,0.15,0.0,0.0,1027.0,8228.0,0.0,0.0,0.0,0.0,0.0,1.0,0.0,0.0,0.0,0.0,0.0,1.3,0.0,0.3,0.0,0.0,16.0,25903.0
2026-07-30T19:00:38.199Z,207.682,207.696,0.0,7.4,0.0,0.0,0.0,0.0,0.0,0.0,0.0,0.0,1.0,0.0,0.0,0.0,9.0,4.0,0.0,0.0,0.0,0.0,0.0,0.0,0.0,0.0,2.0,12.0,1.0,12.15,5.0200000000000005,2.51,1.49,0.0,0.0,0.0,0.4,0.0,-0.3,0.0,1.0,-169.70000000000002,0.0,0.0,169.8,0.0,21.4,29.5,29.5,30.1,300.0,300.0,31.5,35.300000000000004,29.4,28.6,30.5,4.95,1.99,4.97,0.16,0.0,0.0,1027.0,8228.0,0.0,0.0,0.0,0.0,0.0,1.0,0.0,0.0,0.0,0.0,0.0,0.8,0.0,-0.9,0.0,0.0001,16.0,25903.0
2026-07-30T19:00:38.211Z,207.694,207.708,0.0,7.4,0.0,0.0,0.0,0.0,0.0,0.0,0.0,0.0,1.0,0.0,0.0,0.0,9.0,4.0,0.0,0.0,0.0,0.0,0.0,0.0,0.0,0.0,4.0,12.0,1.0,12.15,5.0200000000000005,2.51,1.49,0.0,0.0,0.0,0.4,0.0,-0.3,-0.5,-1.2000000000000002,-169.70000000000002,0.0,0.0,169.70000000000002,0.0,21.4,29.5,29.5,30.1,300.0,300.0,31.5,35.300000000000004,29.4,28.6,30.5,4.96,1.99,4.97,0.16,0.0,0.0,1027.0,8228.0,0.0,0.0,0.0,0.0,0.0,1.0,0.0,0.0,0.0,0.0,0.0,-1.5,0.0,1.0,0.0,0.0001,16.0,25903.0
2026-07-30T19:00:38.223Z,207.706,207.72,0.0,7.4,0.0,0.0,0.0,0.0,0.0,0.0,0.0,0.0,1.0,0.0,0.0,0.0,9.0,4.0,0.0,0.0,0.0,0.0,0.0,0.0,0.0,0.0,5.0,12.0,1.0,12.15,5.0200000000000005,2.51,1.49,0.0,0.0,0.0,0.4,0.0,0.2,0.0,-0.1,-169.70000000000002,0.0,0.0,169.70000000000002,0.0,21.4,29.5,29.5,30.1,300.0,300.0,31.5,35.300000000000004,29.4,28.6,30.5,4.96,1.99,4.96,0.16,0.0,0.0,1027.0,8228.0,0.0,0.0,0.0,0.0,0.0,1.0,0.0,0.0,0.0,0.0,0.0,0.0,0.0,0.1,0.0,0.0001,16.0,25903.0
2026-07-30T19:00:38.235Z,207.718,207.732,0.0,7.4,0.0,0.0,0.0,0.0,0.0,0.0,0.0,0.0,1.0,0.0,0.0,0.0,9.0,4.0,0.0,0.0,0.0,0.0,0.0,0.0,0.0,0.0,6.0,12.0,1.0,12.15,5.0200000000000005,2.51,1.49,0.0,0.0,0.0,0.4,0.0,-0.3,0.0,1.0,-169.70000000000002,0.0,0.0,169.70000000000002,0.0,21.4,29.5,29.5,30.1,300.0,300.0,31.5,35.300000000000004,29.4,28.6,30.5,4.95,1.99,4.96,0.16,0.0,0.0,1027.0,8228.0,0.0,0.0,0.0,0.0,0.0,1.0,0.0,0.0,0.0,0.0,0.0,0.8,0.0,-0.8,0.0,0.0,16.0,25903.0
2026-07-30T19:00:38.247Z,207.73,207.744,0.0,7.4,0.0,0.0,0.0,0.0,0.0,0.0,0.0,0.0,1.0,0.0,0.0,0.0,9.0,4.0,0.0,0.0,0.0,0.0,0.0,0.0,0.0,0.0,1.0,12.0,1.0,12.15,5.0200000000000005,2.51,1.49,0.0,0.0,0.0,0.4,0.0,0.2,0.6000000000000001,-1.8,-169.70000000000002,0.0,0.0,169.70000000000002,0.0,21.4,29.5,29.5,30.1,300.0,300.0,31.5,35.300000000000004,29.4,28.6,30.5,4.95,1.99,4.97,0.16,0.0,0.0,1027.0,8228.0,0.0,0.0,0.0,0.0,0.0,1.0,0.0,0.0,0.0,0.0,0.0,-0.6000000000000001,0.0,1.7000000000000002,0.0,0.0001,16.0,25903.0
2026-07-30T19:00:38.259Z,207.742,207.756,0.0,7.4,0.0,0.0,0.0,0.0,0.0,0.0,0.0,0.0,1.0,0.0,0.0,0.0,9.0,4.0,0.0,0.0,0.0,0.0,0.0,0.0,0.0,0.0,2.0,12.0,1.0,12.15,5.0200000000000005,2.51,1.49,0.0,0.1,0.0,0.4,0.0,-0.3,-1.1,-0.1,-169.70000000000002,0.0,0.0,169.60000000000002,0.0,21.4,29.5,29.5,30.1,300.0,300.0,31.5,35.300000000000004,29.4,28.6,30.5,4.96,1.99,4.96,0.16,0.0,0.0,1027.0,8228.0,0.0,0.0,0.0,0.0,0.0,1.0,0.0,0.0,0.0,0.0,0.0,-1.3,0.0,-0.1,0.0,0.0001,16.0,25903.0
2026-07-30T19:00:38.272Z,207.755,207.768,0.0,7.4,0.0,0.0,0.0,0.0,0.0,0.0,0.0,0.0,1.0,0.0,0.0,0.0,9.0,4.0,0.0,0.0,0.0,0.0,0.0,0.0,0.0,0.0,3.0,12.0,1.0,12.15,5.0200000000000005,2.51,1.49,0.0,0.0,0.0,0.4,0.0,0.2,1.2000000000000002,-0.1,-169.70000000000002,0.0,0.0,169.70000000000002,0.0,21.4,29.5,29.5,30.1,300.0,300.0,31.5,35.4,29.4,28.6,30.5,4.96,1.99,4.97,0.16,0.0,0.0,1027.0,8228.0,0.0,0.0,0.0,0.0,0.0,1.0,0.0,0.0,0.0,0.0,0.0,1.2000000000000002,0.0,0.3,0.0,0.0001,16.0,25903.0
2026-07-30T19:00:38.284Z,207.767,207.78,0.0,7.4,0.0,0.0,0.0,0.0,0.0,0.0,0.0,0.0,1.0,0.0,0.0,0.0,9.0,4.0,0.0,0.0,0.0,0.0,0.0,0.0,0.0,0.0,4.0,12.0,1.0,12.15,5.0200000000000005,2.51,1.49,0.0,0.0,0.0,0.5,0.0,0.2,0.6000000000000001,0.5,-169.70000000000002,0.0,0.0,169.60000000000002,0.0,21.4,29.5,29.5,30.1,300.0,300.0,31.5,35.4,29.4,28.6,30.5,4.95,1.99,4.97,0.16,0.0,0.0,1027.0,8228.0,0.0,0.0,0.0,0.0,0.0,1.0,0.0,0.0,0.0,0.0,0.0,1.1,0.0,-0.3,0.0,0.0,16.0,25903.0
2026-07-30T19:00:38.295Z,207.778,207.792,0.0,7.4,0.0,0.0,0.0,0.0,0.0,0.0,0.0,0.0,1.0,0.0,0.0,0.0,9.0,4.0,0.0,0.0,0.0,0.0,0.0,0.0,0.0,0.0,5.0,12.0,1.0,12.15,5.0200000000000005,2.51,1.49,0.0,0.0,0.0,0.4,0.0,0.3,-0.5,0.0,-169.70000000000002,0.0,0.0,169.8,0.0,21.4,29.5,29.5,30.1,300.0,300.0,31.5,35.4,29.4,28.6,30.5,4.95,1.99,4.96,0.16,0.0,0.0,1027.0,8228.0,0.0,0.0,0.0,0.0,0.0,1.0,0.0,0.0,0.0,0.0,0.0,-0.6000000000000001,0.0,0.0,0.0,0.0,16.0,25903.0
2026-07-30T19:00:38.307Z,207.79,207.804,0.0,7.4,0.0,0.0,0.0,0.0,0.0,0.0,0.0,0.0,1.0,0.0,0.0,0.0,9.0,4.0,0.0,0.0,0.0,0.0,0.0,0.0,0.0,0.0,1.0,12.0,1.0,12.15,5.0200000000000005,2.51,1.49,0.0,0.1,0.0,0.4,0.0,-0.2,-1.0,0.5,-169.70000000000002,0.0,0.0,169.70000000000002,0.0,21.4,29.5,29.5,30.1,300.0,300.0,31.5,35.4,29.4,28.6,30.5,4.95,1.99,4.96,0.16,0.0,0.0,1027.0,8228.0,0.0,0.0,0.0,0.0,0.0,1.0,0.0,0.0,0.0,0.0,0.0,-0.7000000000000001,0.0,-0.7000000000000001,0.0,0.0002,16.0,25903.0
2026-07-30T19:00:38.319Z,207.802,207.816,0.0,7.4,0.0,0.0,0.0,0.0,0.0,0.0,0.0,0.0,1.0,0.0,0.0,0.0,9.0,4.0,0.0,0.0,0.0,0.0,0.0,0.0,0.0,0.0,2.0,12.0,1.0,12.15,5.0200000000000005,2.51,1.49,0.0,0.0,0.0,0.4,0.0,-0.8,-0.4,-0.6000000000000001,-169.70000000000002,0.0,0.0,169.70000000000002,0.0,21.4,29.5,29.5,30.1,300.0,300.0,31.5,35.4,29.4,28.6,30.5,4.95,1.99,4.97,0.16,0.0,0.0,1027.0,8228.0,0.0,0.0,0.0,0.0,0.0,1.0,0.0,0.0,0.0,0.0,0.0,-1.0,0.0,0.4,0.0,0.0001,16.0,25903.0
2026-07-30T19:00:38.331Z,207.814,207.828,0.0,7.4,0.0,0.0,0.0,0.0,0.0,0.0,0.0,0.0,1.0,0.0,0.0,0.0,9.0,4.0,0.0,0.0,0.0,0.0,0.0,0.0,0.0,0.0,3.0,12.0,1.0,12.15,5.0200000000000005,2.51,1.49,0.0,0.1,0.0,0.4,0.0,0.8,0.7000000000000001,-1.2000000000000002,-169.70000000000002,0.0,0.0,169.70000000000002,0.0,21.4,29.5,29.5,30.1,300.0,300.0,31.5,35.4,29.4,28.6,30.5,4.95,1.99,4.97,0.16,0.0,0.0,1027.0,8228.0,0.0,0.0,0.0,0.0,0.0,1.0,0.0,0.0,0.0,0.0,0.0,-0.1,0.0,1.2000000000000002,0.0,0.0,16.0,25903.0
2026-07-30T19:00:38.343Z,207.826,207.84,0.0,7.4,0.0,0.0,0.0,0.0,0.0,0.0,0.0,0.0,1.0,0.0,0.0,0.0,9.0,4.0,0.0,0.0,0.0,0.0,0.0,0.0,0.0,0.0,4.0,12.0,1.0,12.15,5.0200000000000005,2.51,1.49,0.0,0.1,0.0,0.4,0.0,0.8,1.8,2.2,-169.70000000000002,0.0,0.0,169.70000000000002,0.0,21.4,29.5,29.5,30.1,300.0,300.0,31.5,35.4,29.4,28.6,30.5,4.96,1.99,4.96,0.16,0.0,0.0,1027.0,8228.0,0.0,0.0,0.0,0.0,0.0,1.0,0.0,0.0,0.0,0.0,0.0,3.8,0.0,-1.6,0.0,0.0,16.0,25903.0
2026-07-30T19:00:38.355Z,207.838,207.852,0.0,7.4,0.0,0.0,0.0,0.0,0.0,0.0,0.0,0.0,1.0,0.0,0.0,0.0,9.0,4.0,0.0,0.0,0.0,0.0,0.0,0.0,0.0,0.0,5.0,12.0,1.0,12.15,5.0200000000000005,2.51,1.49,0.0,0.0,0.0,0.4,0.0,0.3,0.6000000000000001,1.6,-169.70000000000002,0.0,0.0,169.8,0.0,21.4,29.5,29.5,30.1,300.0,300.0,31.5,35.4,29.4,28.6,30.5,4.95,1.99,4.97,0.16,0.0,0.0,1027.0,8228.0,0.0,0.0,0.0,0.0,0.0,1.0,0.0,0.0,0.0,0.0,0.0,2.0,0.0,-1.3,0.0,0.0,16.0,25903.0
2026-07-30T19:00:38.367Z,207.85,207.864,0.0,7.4,0.0,0.0,0.0,0.0,0.0,0.0,0.0,0.0,1.0,0.0,0.0,0.0,9.0,4.0,0.0,0.0,0.0,0.0,0.0,0.0,0.0,0.0,6.0,12.0,1.0,12.15,5.0200000000000005,2.51,1.49,0.0,0.0,0.0,0.5,0.0,-0.2,0.6000000000000001,-0.6000000000000001,-169.70000000000002,0.0,0.0,169.70000000000002,0.0,21.4,29.5,29.5,30.1,300.0,300.0,31.5,35.4,29.4,28.6,30.5,4.95,1.99,4.96,0.16,0.0,0.0,1027.0,8228.0,0.0,0.0,0.0,0.0,0.0,1.0,0.0,0.0,0.0,0.0,0.0,0.2,0.0,0.7000000000000001,0.0,0.0001,16.0,25903.0
2026-07-30T19:00:38.379Z,207.862,207.876,0.0,7.4,0.0,0.0,0.0,0.0,0.0,0.0,0.0,0.0,1.0,0.0,0.0,0.0,9.0,4.0,0.0,0.0,0.0,0.0,0.0,0.0,0.0,0.0,2.0,12.0,1.0,12.18,5.01,2.5,1.49,0.0,0.0,0.0,0.4,0.0,-0.8,0.6000000000000001,1.0,-169.70000000000002,0.0,0.0,169.70000000000002,0.0,21.4,29.5,29.5,30.1,300.0,300.0,31.4,35.300000000000004,29.4,28.6,30.5,4.96,1.99,4.96,0.16,0.0,0.0,1027.0,8228.0,0.0,0.0,0.0,0.0,0.0,1.0,0.0,0.0,0.0,0.0,0.0,1.5,0.0,-0.7000000000000001,0.0,0.0,16.0,25903.0
2026-07-30T19:00:38.391Z,207.874,207.888,0.0,7.4,0.0,0.0,0.0,0.0,0.0,0.0,0.0,0.0,1.0,0.0,0.0,0.0,9.0,4.0,0.0,0.0,0.0,0.0,0.0,0.0,0.0,0.0,3.0,12.0,1.0,12.18,5.01,2.5,1.49,0.0,0.0,0.0,0.4,0.0,0.2,0.6000000000000001,-0.7000000000000001,-169.70000000000002,0.0,0.0,169.70000000000002,0.0,21.4,29.5,29.5,30.1,300.0,300.0,31.4,35.300000000000004,29.4,28.6,30.5,4.95,1.99,4.97,0.16,0.0,0.0,1027.0,8228.0,0.0,0.0,0.0,0.0,0.0,1.0,0.0,0.0,0.0,0.0,0.0,0.2,0.0,0.7000000000000001,0.0,0.0001,16.0,25903.0
2026-07-30T19:00:38.404Z,207.887,207.9,0.0,7.4,0.0,0.0,0.0,0.0,0.0,0.0,0.0,0.0,1.0,0.0,0.0,0.0,9.0,4.0,0.0,0.0,0.0,0.0,0.0,0.0,0.0,0.0,4.0,12.0,1.0,12.18,5.01,2.5,1.49,0.0,0.0,0.0,0.4,0.0,-0.2,-1.1,-0.7000000000000001,-169.70000000000002,0.0,0.0,169.70000000000002,0.0,21.4,29.5,29.5,30.1,300.0,300.0,31.4,35.300000000000004,29.4,28.6,30.5,4.95,1.99,4.97,0.16,0.0,0.0,1027.0,8228.0,0.0,0.0,0.0,0.0,0.0,1.0,0.0,0.0,0.0,0.0,0.0,-1.8,0.0,0.3,0.0,0.0001,16.0,25903.0
2026-07-30T19:00:38.418Z,207.901,207.912,0.0,7.4,0.0,0.0,0.0,0.0,0.0,0.0,0.0,0.0,1.0,0.0,0.0,0.0,9.0,4.0,0.0,0.0,0.0,0.0,0.0,0.0,0.0,0.0,4.0,12.0,1.0,12.18,5.01,2.5,1.49,0.0,0.0,0.0,0.5,0.0,0.3,1.1,0.4,-169.70000000000002,0.0,0.0,169.60000000000002,0.0,21.4,29.5,29.5,30.1,300.0,300.0,31.4,35.300000000000004,29.4,28.6,30.5,4.95,2.0,4.96,0.16,0.0,0.0,1027.0,8228.0,0.0,0.0,0.0,0.0,0.0,1.0,0.0,0.0,0.0,0.0,0.0,1.6,0.0,-0.1,0.0,0.0001,16.0,25903.0
2026-07-30T19:00:38.427Z,207.91,207.924,0.0,7.4,0.0,0.0,0.0,0.0,0.0,0.0,0.0,0.0,1.0,0.0,0.0,0.0,9.0,4.0,0.0,0.0,0.0,0.0,0.0,0.0,0.0,0.0,3.0,12.0,1.0,12.18,5.01,2.5,1.49,0.0,0.0,0.0,0.4,0.0,-0.2,0.0,-0.1,-169.70000000000002,0.0,0.0,169.70000000000002,0.0,21.4,29.5,29.5,30.1,300.0,300.0,31.4,35.300000000000004,29.4,28.6,30.5,4.96,1.99,4.96,0.16,0.0,0.0,1027.0,8228.0,0.0,0.0,0.0,0.0,0.0,1.0,0.0,0.0,0.0,0.0,0.0,0.0,0.0,0.1,0.0,0.0001,16.0,25903.0
2026-07-30T19:00:38.439Z,207.922,207.936,0.0,7.4,0.0,0.0,0.0,0.0,0.0,0.0,0.0,0.0,1.0,0.0,0.0,0.0,9.0,4.0,0.0,0.0,0.0,0.0,0.0,0.0,0.0,0.0,4.0,12.0,1.0,12.18,5.01,2.5,1.49,0.0,0.0,0.0,0.4,0.0,-0.2,-0.5,-0.1,-169.60000000000002,0.0,0.0,169.60000000000002,0.0,21.4,29.5,29.5,30.1,300.0,300.0,31.4,35.300000000000004,29.4,28.6,30.5,4.95,1.99,4.97,0.16,0.0,0.0,1027.0,8228.0,0.0,0.0,0.0,0.0,0.0,1.0,0.0,0.0,0.0,0.0,0.0,-0.7000000000000001,0.0,0.0,0.0,0.0001,16.0,25903.0
2026-07-30T19:00:38.451Z,207.934,207.948,0.0,7.4,0.0,0.0,0.0,0.0,0.0,0.0,0.0,0.0,1.0,0.0,0.0,0.0,9.0,4.0,0.0,0.0,0.0,0.0,0.0,0.0,0.0,0.0,5.0,12.0,1.0,12.18,5.01,2.5,1.49,0.0,0.0,0.0,0.4,0.0,-0.2,-0.5,-0.1,-169.60000000000002,0.0,0.0,169.60000000000002,0.0,21.4,29.5,29.5,30.1,300.0,300.0,31.4,35.300000000000004,29.4,28.6,30.5,4.96,1.99,4.96,0.16,0.0,0.0,1027.0,8228.0,0.0,0.0,0.0,0.0,0.0,1.0,0.0,0.0,0.0,0.0,0.0,-0.7000000000000001,0.0,0.0,0.0,0.0001,16.0,25903.0
2026-07-30T19:00:38.463Z,207.946,207.96,0.0,7.4,0.0,0.0,0.0,0.0,0.0,0.0,0.0,0.0,1.0,0.0,0.0,0.0,9.0,4.0,0.0,0.0,0.0,0.0,0.0,0.0,0.0,0.0,6.0,12.0,1.0,12.18,5.01,2.5,1.49,0.0,0.0,0.0,0.4,0.0,-0.2,0.0,-1.3,-169.60000000000002,0.0,0.0,169.60000000000002,0.0,21.4,29.5,29.5,30.1,300.0,300.0,31.4,35.300000000000004,29.4,28.6,30.5,4.96,2.0,4.96,0.16,0.0,0.0,1027.0,8228.0,0.0,0.0,0.0,0.0,0.0,1.0,0.0,0.0,0.0,0.0,0.0,-0.9,0.0,1.2000000000000002,0.0,0.0,16.0,25903.0
2026-07-30T19:00:38.476Z,207.959,207.972,0.0,7.4,0.0,0.0,0.0,0.0,0.0,0.0,0.0,0.0,1.0,0.0,0.0,0.0,9.0,4.0,0.0,0.0,0.0,0.0,0.0,0.0,0.0,0.0,2.0,12.0,1.0,12.17,5.01,2.51,1.49,0.0,0.0,0.0,0.4,0.0,0.3,0.1,-1.3,-169.60000000000002,0.0,0.0,169.60000000000002,0.0,20.9,29.5,29.5,30.1,300.0,300.0,31.3,35.300000000000004,29.4,28.6,30.4,4.95,1.99,4.96,0.16,0.0,0.0,1027.0,8228.0,0.0,0.0,0.0,0.0,0.0,1.0,0.0,0.0,0.0,0.0,0.0,-0.8,0.0,1.2000000000000002,0.0,0.0,16.0,25903.0
2026-07-30T19:00:38.487Z,207.97,207.984,0.0,7.4,0.0,0.0,0.0,0.0,0.0,0.0,0.0,0.0,1.0,0.0,0.0,0.0,9.0,4.0,0.0,0.0,0.0,0.0,0.0,0.0,0.0,0.0,4.0,12.0,1.0,12.17,5.01,2.51,1.49,0.0,0.0,0.0,0.4,0.0,0.3,0.1,-0.1,-169.60000000000002,0.0,0.0,169.60000000000002,0.0,20.9,29.5,29.5,30.1,300.0,300.0,31.3,35.300000000000004,29.4,28.6,30.4,4.96,1.99,4.97,0.16,0.0,0.0,1027.0,8228.0,0.0,0.0,0.0,0.0,0.0,1.0,0.0,0.0,0.0,0.0,0.0,0.0,0.0,0.1,0.0,0.0,16.0,25903.0
2026-07-30T19:00:38.499Z,207.982,207.996,0.0,7.4,0.0,0.0,0.0,0.0,0.0,0.0,0.0,0.0,1.0,0.0,0.0,0.0,9.0,4.0,0.0,0.0,0.0,0.0,0.0,0.0,0.0,0.0,5.0,12.0,1.0,12.17,5.01,2.51,1.49,0.0,0.0,0.0,0.4,0.0,0.3,-0.4,0.4,-169.60000000000002,0.0,0.0,169.60000000000002,0.0,20.9,29.5,29.5,30.1,300.0,300.0,31.3,35.300000000000004,29.4,28.6,30.4,4.96,1.99,4.96,0.16,0.0,0.0,1027.0,8228.0,0.0,0.0,0.0,0.0,0.0,1.0,0.0,0.0,0.0,0.0,0.0,-0.2,0.0,-0.4,0.0,0.0,16.0,25903.0
2026-07-30T19:00:38.511Z,207.994,208.008,0.0,7.4,0.0,0.0,0.0,0.0,0.0,0.0,0.0,0.0,1.0,0.0,0.0,0.0,9.0,4.0,0.0,0.0,0.0,0.0,0.0,0.0,0.0,0.0,6.0,12.0,1.0,12.17,5.01,2.51,1.49,0.0,0.0,0.0,0.4,0.0,0.3,0.6000000000000001,-0.7000000000000001,-169.60000000000002,0.0,0.0,169.60000000000002,0.0,20.9,29.5,29.5,30.1,300.0,300.0,31.3,35.300000000000004,29.4,28.6,30.4,4.96,1.99,4.97,0.15,0.0,0.0,1027.0,8228.0,0.0,0.0,0.0,0.0,0.0,1.0,0.0,0.0,0.0,0.0,0.0,0.1,0.0,0.8,0.0,0.0,16.0,25903.0
2026-07-30T19:00:38.523Z,208.006,208.02,0.0,7.4,0.0,0.0,0.0,0.0,0.0,0.0,0.0,0.0,1.0,0.0,0.0,0.0,9.0,4.0,0.0,0.0,0.0,0.0,0.0,0.0,0.0,0.0,1.0,12.0,1.0,12.17,5.01,2.51,1.49,0.0,0.0,0.0,0.4,0.0,-0.8,0.1,-0.7000000000000001,-169.60000000000002,0.0,0.0,169.60000000000002,0.0,20.9,29.5,29.5,30.1,300.0,300.0,31.3,35.300000000000004,29.4,28.6,30.4,4.95,1.99,4.97,0.16,0.0,0.0,1027.0,8228.0,0.0,0.0,0.0,0.0,0.0,1.0,0.0,0.0,0.0,0.0,0.0,-0.4,0.0,0.6000000000000001,0.0,0.0,16.0,25903.0
2026-07-30T19:00:38.535Z,208.018,208.032,0.0,7.4,0.0,0.0,0.0,0.0,0.0,0.0,0.0,0.0,1.0,0.0,0.0,0.0,9.0,4.0,0.0,0.0,0.0,0.0,0.0,0.0,0.0,0.0,2.0,12.0,1.0,12.17,5.01,2.51,1.49,0.0,0.0,0.0,0.4,0.0,-0.8,-0.4,-0.7000000000000001,-169.60000000000002,0.0,0.0,169.60000000000002,0.0,20.9,29.5,29.5,30.1,300.0,300.0,31.3,35.300000000000004,29.4,28.6,30.4,4.96,1.99,4.96,0.16,0.0,0.0,1027.0,8228.0,0.0,0.0,0.0,0.0,0.0,1.0,0.0,0.0,0.0,0.0,0.0,-1.0,0.0,0.5,0.0,0.0,16.0,25903.0
2026-07-30T19:00:38.547Z,208.03,208.044,0.0,7.4,0.0,0.0,0.0,0.0,0.0,0.0,0.0,0.0,1.0,0.0,0.0,0.0,9.0,4.0,0.0,0.0,0.0,0.0,0.0,0.0,0.0,0.0,3.0,12.0,1.0,12.17,5.01,2.51,1.49,0.0,0.0,0.0,0.4,0.0,-0.2,-0.4,-0.1,-169.60000000000002,0.0,0.0,169.60000000000002,0.0,20.9,29.5,29.5,30.1,300.0,300.0,31.3,35.300000000000004,29.4,28.6,30.4,4.96,2.0,4.97,0.16,0.0,0.0,1027.0,8228.0,0.0,0.0,0.0,0.0,0.0,1.0,0.0,0.0,0.0,0.0,0.0,-0.6000000000000001,0.0,0.0,0.0,0.0,16.0,25903.0
2026-07-30T19:00:38.559Z,208.042,208.056,0.0,7.4,0.0,0.0,0.0,0.0,0.0,0.0,0.0,0.0,1.0,0.0,0.0,0.0,9.0,4.0,0.0,0.0,0.0,0.0,0.0,0.0,0.0,0.0,4.0,12.0,1.0,12.17,5.01,2.51,1.49,0.0,0.0,0.0,0.4,0.0,0.2,-0.4,1.0,-169.60000000000002,0.0,0.0,169.60000000000002,0.0,20.9,29.5,29.5,30.1,300.0,300.0,31.3,35.300000000000004,29.4,28.6,30.4,4.96,1.99,4.97,0.16,0.0,0.0,1027.0,8228.0,0.0,0.0,0.0,0.0,0.0,1.0,0.0,0.0,0.0,0.0,0.0,0.2,0.0,-0.9,0.0,0.0,16.0,25903.0
2026-07-30T19:00:38.571Z,208.054,208.068,0.0,7.4,0.0,0.0,0.0,0.0,0.0,0.0,0.0,0.0,1.0,0.0,0.0,0.0,9.0,4.0,0.0,0.0,0.0,0.0,0.0,0.0,0.0,0.0,5.0,12.0,1.0,12.17,5.01,2.51,1.49,0.0,0.0,0.0,0.4,0.0,-0.2,0.7000000000000001,-0.1,-169.60000000000002,0.0,0.0,169.70000000000002,0.0,20.9,29.5,29.5,30.1,300.0,300.0,31.3,35.300000000000004,29.4,28.6,30.4,4.96,1.99,4.97,0.16,0.0,0.0,1027.0,8228.0,0.0,0.0,0.0,0.0,0.0,1.0,0.0,0.0,0.0,0.0,0.0,0.7000000000000001,0.0,0.2,0.0,0.0,16.0,25903.0
2026-07-30T19:00:38.583Z,208.066,208.08,0.0,7.4,0.0,0.0,0.0,0.0,0.0,0.0,0.0,0.0,1.0,0.0,0.0,0.0,9.0,4.0,0.0,0.0,0.0,0.0,0.0,0.0,0.0,0.0,6.0,12.0,1.0,12.18,5.01,2.51,1.49,0.0,0.1,0.0,0.4,0.0,0.2,0.6000000000000001,-0.7000000000000001,-169.60000000000002,0.0,0.0,169.70000000000002,0.0,21.4,29.5,29.5,30.1,300.0,300.0,31.3,35.300000000000004,29.4,28.6,30.5,4.96,1.99,4.96,0.16,0.0,0.0,1027.0,8228.0,0.0,0.0,0.0,0.0,0.0,1.0,0.0,0.0,0.0,0.0,0.0,0.2,0.0,0.8,0.0,0.0001,16.0,25903.0
2026-07-30T19:00:38.595Z,208.078,208.092,0.0,7.4,0.0,0.0,0.0,0.0,0.0,0.0,0.0,0.0,1.0,0.0,0.0,0.0,9.0,4.0,0.0,0.0,0.0,0.0,0.0,0.0,0.0,0.0,1.0,12.0,1.0,12.18,5.01,2.51,1.49,0.0,0.0,0.0,0.5,0.0,0.3,0.6000000000000001,1.0,-169.60000000000002,0.0,0.0,169.70000000000002,0.0,21.4,29.5,29.5,30.1,300.0,300.0,31.3,35.300000000000004,29.4,28.6,30.5,4.95,2.0,4.97,0.16,0.0,0.0,1027.0,8228.0,0.0,0.0,0.0,0.0,0.0,1.0,0.0,0.0,0.0,0.0,0.0,0.4,0.0,-0.3,0.0,0.0,16.0,25903.0
2026-07-30T19:00:38.607Z,208.09,208.104,0.0,7.4,0.0,0.0,0.0,0.0,0.0,0.0,0.0,0.0,1.0,0.0,0.0,0.0,9.0,4.0,0.0,0.0,0.0,0.0,0.0,0.0,0.0,0.0,3.0,12.0,1.0,12.18,5.01,2.51,1.49,0.0,0.1,0.0,0.4,0.0,-0.3,0.0,-0.7000000000000001,-169.60000000000002,0.0,0.0,169.70000000000002,0.0,21.4,29.5,29.5,30.1,300.0,300.0,31.3,35.300000000000004,29.4,28.6,30.5,4.95,1.99,4.97,0.16,0.0,0.0,1027.0,8228.0,0.0,0.0,0.0,0.0,0.0,1.0,0.0,0.0,0.0,0.0,0.0,-0.4,0.0,0.6000000000000001,0.0,0.0001,16.0,25903.0
2026-07-30T19:00:38.619Z,208.102,208.116,0.0,7.4,0.0,0.0,0.0,0.0,0.0,0.0,0.0,0.0,1.0,0.0,0.0,0.0,9.0,4.0,0.0,0.0,0.0,0.0,0.0,0.0,0.0,0.0,3.0,12.0,1.0,12.18,5.01,2.51,1.49,0.0,0.0,0.0,0.4,0.0,-0.2,0.6000000000000001,0.4,-169.60000000000002,0.0,0.0,169.60000000000002,0.0,21.4,29.5,29.5,30.1,300.0,300.0,31.3,35.300000000000004,29.4,28.6,30.5,4.96,2.0,4.97,0.16,0.0,0.0,1027.0,8228.0,0.0,0.0,0.0,0.0,0.0,1.0,0.0,0.0,0.0,0.0,0.0,1.1,0.0,-0.2,0.0,0.0001,16.0,25903.0
2026-07-30T19:00:38.631Z,208.114,208.128,0.0,7.4,0.0,0.0,0.0,0.0,0.0,0.0,0.0,0.0,1.0,0.0,0.0,0.0,9.0,4.0,0.0,0.0,0.0,0.0,0.0,0.0,0.0,0.0,5.0,12.0,1.0,12.18,5.01,2.51,1.49,0.0,0.0,0.0,0.4,0.0,0.8,0.1,1.6,-169.60000000000002,0.0,0.0,169.60000000000002,0.0,21.4,29.5,29.5,30.1,300.0,300.0,31.3,35.300000000000004,29.4,28.6,30.5,4.96,2.0,4.96,0.16,0.0,0.0,1027.0,8228.0,0.0,0.0,0.0,0.0,0.0,1.0,0.0,0.0,0.0,0.0,0.0,1.3,0.0,-1.4,0.0,0.0001,16.0,25903.0
2026-07-30T19:00:38.643Z,208.126,208.14,0.0,7.4,0.0,0.0,0.0,0.0,0.0,0.0,0.0,0.0,1.0,0.0,0.0,0.0,9.0,4.0,0.0,0.0,0.0,0.0,0.0,0.0,0.0,0.0,6.0,12.0,1.0,12.18,5.01,2.51,1.49,0.0,0.0,0.0,0.4,0.0,-0.3,-0.4,-0.7000000000000001,-169.60000000000002,0.0,0.0,169.8,0.0,21.4,29.5,29.5,30.1,300.0,300.0,31.3,35.300000000000004,29.4,28.6,30.5,4.95,1.99,4.97,0.16,0.0,0.0,1027.0,8228.0,0.0,0.0,0.0,0.0,0.0,1.0,0.0,0.0,0.0,0.0,0.0,-1.1,0.0,0.5,0.0,0.0,16.0,25903.0
2026-07-30T19:00:38.655Z,208.138,208.152,0.0,7.4,0.0,0.0,0.0,0.0,0.0,0.0,0.0,0.0,1.0,0.0,0.0,0.0,9.0,4.0,0.0,0.0,0.0,0.0,0.0,0.0,0.0,0.0,1.0,12.0,1.0,12.18,5.01,2.51,1.49,0.0,0.0,0.0,0.4,0.0,0.8,1.2000000000000002,-0.2,-169.60000000000002,0.0,0.0,169.70000000000002,0.0,21.4,29.5,29.5,30.1,300.0,300.0,31.3,35.300000000000004,29.4,28.6,30.5,4.95,2.0,4.96,0.16,0.0,0.0,1027.0,8228.0,0.0,0.0,0.0,0.0,0.0,1.0,0.0,0.0,0.0,0.0,0.0,0.7000000000000001,0.0,-0.7000000000000001,0.0,0.0002,16.0,25903.0
2026-07-30T19:00:38.667Z,208.15,208.164,0.0,7.4,0.0,0.0,0.0,0.0,0.0,0.0,0.0,0.0,1.0,0.0,0.0,0.0,9.0,4.0,0.0,0.0,0.0,0.0,0.0,0.0,0.0,0.0,2.0,12.0,1.0,12.18,5.01,2.51,1.49,0.0,0.0,0.0,0.5,0.0,-0.9,0.6000000000000001,-0.2,-169.60000000000002,0.0,0.0,169.70000000000002,0.0,21.4,29.5,29.5,30.1,300.0,300.0,31.3,35.300000000000004,29.4,28.6,30.5,4.96,1.99,4.96,0.16,0.0,0.0,1027.0,8228.0,0.0,0.0,0.0,0.0,0.0,1.0,0.0,0.0,0.0,0.0,0.0,0.0,0.0,0.2,0.0,0.0001,16.0,25903.0
2026-07-30T19:00:38.680Z,208.163,208.176,0.0,7.4,0.0,0.0,0.0,0.0,0.0,0.0,0.0,0.0,1.0,0.0,0.0,0.0,9.0,4.0,0.0,0.0,0.0,0.0,0.0,0.0,0.0,0.0,3.0,12.0,1.0,12.13,5.0200000000000005,2.51,1.49,0.0,0.0,0.0,0.4,0.0,-0.2,0.1,0.3,-169.60000000000002,0.0,0.0,169.70000000000002,0.0,21.4,29.5,29.5,30.1,300.0,300.0,31.4,35.300000000000004,29.4,28.6,30.5,4.95,1.99,4.97,0.16,0.0,0.0,1027.0,8228.0,0.0,0.0,0.0,0.0,0.0,1.0,0.0,0.0,0.0,0.0,0.0,0.6000000000000001,0.0,0.3,0.0,0.0,16.0,25903.0
2026-07-30T19:00:38.691Z,208.174,208.188,0.0,7.4,0.0,0.0,0.0,0.0,0.0,0.0,0.0,0.0,1.0,0.0,0.0,0.0,9.0,4.0,0.0,0.0,0.0,0.0,0.0,0.0,0.0,0.0,5.0,12.0,1.0,12.13,5.0200000000000005,2.51,1.49,0.0,0.0,0.0,0.4,0.0,-0.2,-1.0,0.4,-169.60000000000002,0.0,0.0,169.60000000000002,0.0,21.4,29.5,29.5,30.1,300.0,300.0,31.4,35.300000000000004,29.4,28.6,30.5,4.95,1.99,4.97,0.16,0.0,0.0,1027.0,8228.0,0.0,0.0,0.0,0.0,0.0,1.0,0.0,0.0,0.0,0.0,0.0,-0.9,0.0,-0.6000000000000001,0.0,0.0001,16.0,25903.0
2026-07-30T19:00:38.703Z,208.186,208.2,0.0,7.4,0.0,0.0,0.0,0.0,0.0,0.0,0.0,0.0,1.0,0.0,0.0,0.0,9.0,4.0,0.0,0.0,0.0,0.0,0.0,0.0,0.0,0.0,6.0,12.0,1.0,12.13,5.0200000000000005,2.51,1.49,0.0,0.0,0.0,0.4,0.0,-0.2,0.6000000000000001,0.4,-169.60000000000002,0.0,0.0,169.70000000000002,0.0,21.4,29.5,29.5,30.1,300.0,300.0,31.4,35.300000000000004,29.4,28.6,30.5,4.95,1.99,4.97,0.16,0.0,0.0,1027.0,8228.0,0.0,0.0,0.0,0.0,0.0,1.0,0.0,0.0,0.0,0.0,0.0,1.1,0.0,-0.2,0.0,0.0001,16.0,25903.0
2026-07-30T19:00:38.715Z,208.198,208.212,0.0,7.4,0.0,0.0,0.0,0.0,0.0,0.0,0.0,0.0,1.0,0.0,0.0,0.0,9.0,4.0,0.0,0.0,0.0,0.0,0.0,0.0,0.0,0.0,1.0,12.0,1.0,12.13,5.0200000000000005,2.51,1.49,0.0,0.0,0.0,0.4,0.0,0.3,0.0,-0.7000000000000001,-169.60000000000002,0.0,0.0,169.8,0.0,21.4,29.5,29.5,30.1,300.0,300.0,31.4,35.300000000000004,29.4,28.6,30.5,4.95,1.99,4.97,0.16,0.0,0.0,1027.0,8228.0,0.0,0.0,0.0,0.0,0.0,1.0,0.0,0.0,0.0,0.0,0.0,-0.5,0.0,0.6000000000000001,0.0,0.0,16.0,25903.0
2026-07-30T19:00:38.734Z,208.217,208.224,0.0,7.4,0.0,0.0,0.0,0.0,0.0,0.0,0.0,0.0,1.0,0.0,0.0,0.0,9.0,4.0,0.0,0.0,0.0,0.0,0.0,0.0,0.0,0.0,3.0,12.0,1.0,12.13,5.0200000000000005,2.51,1.49,0.0,0.1,0.0,0.4,0.0,-0.2,0.6000000000000001,-0.1,-169.60000000000002,0.0,0.0,169.70000000000002,0.0,21.4,29.5,29.5,30.1,300.0,300.0,31.4,35.300000000000004,29.4,28.6,30.5,4.95,1.99,4.97,0.16,0.0,0.0,1027.0,8228.0,0.0,0.0,0.0,0.0,0.0,1.0,0.0,0.0,0.0,0.0,0.0,0.5,0.0,0.2,0.0,0.0001,16.0,25903.0
2026-07-30T19:00:38.739Z,208.222,208.236,0.0,7.4,0.0,0.0,0.0,0.0,0.0,0.0,0.0,0.0,1.0,0.0,0.0,0.0,9.0,4.0,0.0,0.0,0.0,0.0,0.0,0.0,0.0,0.0,6.0,12.0,1.0,12.13,5.0200000000000005,2.51,1.49,0.0,0.1,0.0,0.4,0.0,0.3,0.6000000000000001,1.0,-169.60000000000002,0.0,0.0,169.70000000000002,0.0,21.4,29.5,29.5,30.1,300.0,300.0,31.4,35.300000000000004,29.4,28.6,30.5,4.96,2.0,4.96,0.16,0.0,0.0,1027.0,8228.0,0.0,0.0,0.0,0.0,0.0,1.0,0.0,0.0,0.0,0.0,0.0,1.4,0.0,-0.7000000000000001,0.0,0.0001,16.0,25903.0
2026-07-30T19:00:38.751Z,208.234,208.248,0.0,7.4,0.0,0.0,0.0,0.0,0.0,0.0,0.0,0.0,1.0,0.0,0.0,0.0,9.0,4.0,0.0,0.0,0.0,0.0,0.0,0.0,0.0,0.0,1.0,12.0,1.0,12.13,5.0200000000000005,2.51,1.49,0.0,0.0,0.0,0.5,0.0,0.3,0.0,-0.2,-169.60000000000002,0.0,0.0,169.8,0.0,21.4,29.5,29.5,30.1,300.0,300.0,31.4,35.300000000000004,29.4,28.6,30.5,4.96,1.99,4.97,0.16,0.0,0.0,1027.0,8228.0,0.0,0.0,0.0,0.0,0.0,1.0,0.0,0.0,0.0,0.0,0.0,0.0,0.0,0.2,0.0,0.0,16.0,25903.0
2026-07-30T19:00:38.763Z,208.246,208.26,0.0,7.4,0.0,0.0,0.0,0.0,0.0,0.0,0.0,0.0,1.0,0.0,0.0,0.0,9.0,4.0,0.0,0.0,0.0,0.0,0.0,0.0,0.0,0.0,2.0,12.0,1.0,12.13,5.0200000000000005,2.51,1.49,0.0,0.0,0.0,0.5,0.0,0.3,-0.4,-1.3,-169.60000000000002,0.0,0.0,169.8,0.0,21.4,29.5,29.5,30.1,300.0,300.0,31.4,35.300000000000004,29.4,28.6,30.5,4.95,2.0,4.97,0.16,0.0,0.0,1027.0,8228.0,0.0,0.0,0.0,0.0,0.0,1.0,0.0,0.0,0.0,0.0,0.0,-1.5,0.0,1.1,0.0,0.0001,16.0,25903.0
2026-07-30T19:00:38.775Z,208.258,208.272,0.0,7.4,0.0,0.0,0.0,0.0,0.0,0.0,0.0,0.0,1.0,0.0,0.0,0.0,9.0,4.0,0.0,0.0,0.0,0.0,0.0,0.0,0.0,0.0,3.0,12.0,1.0,12.13,5.0200000000000005,2.51,1.49,0.0,0.0,0.0,0.4,0.0,-0.2,0.6000000000000001,-0.1,-169.60000000000002,0.0,0.0,169.70000000000002,0.0,21.4,29.5,29.5,30.1,300.0,300.0,31.4,35.300000000000004,29.4,28.6,30.5,4.96,2.0,4.96,0.16,0.0,0.0,1027.0,8228.0,0.0,0.0,0.0,0.0,0.0,1.0,0.0,0.0,0.0,0.0,0.0,0.6000000000000001,0.0,0.3,0.0,0.0001,16.0,25903.0
2026-07-30T19:00:38.787Z,208.27,208.284,0.0,7.4,0.0,0.0,0.0,0.0,0.0,0.0,0.0,0.0,1.0,0.0,0.0,0.0,9.0,4.0,0.0,0.0,0.0,0.0,0.0,0.0,0.0,0.0,4.0,12.0,1.0,12.15,5.01,2.51,1.49,0.0,0.0,0.0,0.4,0.0,0.3,0.1,1.0,-169.60000000000002,0.0,0.0,169.70000000000002,0.0,21.8,29.5,29.5,30.1,300.0,300.0,31.4,35.4,29.4,28.6,30.5,4.95,2.0,4.97,0.16,0.0,0.0,1027.0,8228.0,0.0,0.0,0.0,0.0,0.0,1.0,0.0,0.0,0.0,0.0,0.0,0.8,0.0,-0.8,0.0,0.0002,16.0,25903.0
2026-07-30T19:00:38.799Z,208.282,208.296,0.0,7.4,0.0,0.0,0.0,0.0,0.0,0.0,0.0,0.0,1.0,0.0,0.0,0.0,9.0,4.0,0.0,0.0,0.0,0.0,0.0,0.0,0.0,0.0,5.0,12.0,1.0,12.15,5.01,2.51,1.49,-0.1,0.0,0.0,0.5,0.0,-0.2,0.1,0.4,-169.60000000000002,0.0,0.0,169.70000000000002,0.0,21.8,29.5,29.5,30.1,300.0,300.0,31.4,35.4,29.4,28.6,30.5,4.95,1.99,4.97,0.16,0.0,0.0,1027.0,8228.0,0.0,0.0,0.0,0.0,0.0,1.0,0.0,0.0,0.0,0.0,0.0,0.4,0.0,-0.3,0.0,0.0001,16.0,25903.0
2026-07-30T19:00:38.811Z,208.294,208.308,0.0,7.4,0.0,0.0,0.0,0.0,0.0,0.0,0.0,0.0,1.0,0.0,0.0,0.0,9.0,4.0,0.0,0.0,0.0,0.0,0.0,0.0,0.0,0.0,6.0,12.0,1.0,12.15,5.01,2.51,1.49,0.0,0.1,0.0,0.4,0.0,1.4,2.4000000000000004,1.0,-169.60000000000002,0.0,0.0,169.8,0.0,21.8,29.5,29.5,30.1,300.0,300.0,31.4,35.4,29.4,28.6,30.5,4.95,1.99,4.97,0.16,0.0,0.0,1027.0,8228.0,0.0,0.0,0.0,0.0,0.0,1.0,0.0,0.0,0.0,0.0,0.0,3.6,0.0,-0.4,0.0,0.0,16.0,25903.0
2026-07-30T19:00:38.823Z,208.306,208.32,0.0,7.4,0.0,0.0,0.0,0.0,0.0,0.0,0.0,0.0,1.0,0.0,0.0,0.0,9.0,4.0,0.0,0.0,0.0,0.0,0.0,0.0,0.0,0.0,1.0,12.0,1.0,12.15,5.01,2.51,1.49,0.0,0.0,0.0,0.4,0.0,-0.2,-0.4,-0.6000000000000001,-169.60000000000002,0.0,0.0,169.70000000000002,0.0,21.8,29.5,29.5,30.1,300.0,300.0,31.4,35.4,29.4,28.6,30.5,4.96,1.99,4.96,0.16,0.0,0.0,1027.0,8228.0,0.0,0.0,0.0,0.0,0.0,1.0,0.0,0.0,0.0,0.0,0.0,-1.0,0.0,0.5,0.0,0.0001,16.0,25903.0
2026-07-30T19:00:38.836Z,208.319,208.332,0.0,7.4,0.0,0.0,0.0,0.0,0.0,0.0,0.0,0.0,1.0,0.0,0.0,0.0,9.0,4.0,0.0,0.0,0.0,0.0,0.0,0.0,0.0,0.0,2.0,12.0,1.0,12.15,5.01,2.51,1.49,0.0,0.0,0.0,0.4,0.0,-0.2,-0.4,0.4,-169.60000000000002,0.0,0.0,169.70000000000002,0.0,21.8,29.5,29.5,30.1,300.0,300.0,31.4,35.4,29.4,28.6,30.5,4.95,1.99,4.97,0.16,0.0,0.0,1027.0,8228.0,0.0,0.0,0.0,0.0,0.0,1.0,0.0,0.0,0.0,0.0,0.0,-0.1,0.0,-0.5,0.0,0.0,16.0,25903.0
2026-07-30T19:00:38.848Z,208.331,208.344,0.0,7.4,0.0,0.0,0.0,0.0,0.0,0.0,0.0,0.0,1.0,0.0,0.0,0.0,9.0,4.0,0.0,0.0,0.0,0.0,0.0,0.0,0.0,0.0,3.0,12.0,1.0,12.15,5.01,2.51,1.49,0.0,0.0,0.0,0.4,0.0,0.9,0.7000000000000001,1.0,-169.60000000000002,0.0,0.0,169.8,0.0,21.8,29.5,29.5,30.1,300.0,300.0,31.4,35.4,29.4,28.6,30.5,4.95,1.99,4.96,0.16,0.0,0.0,1027.0,8228.0,0.0,0.0,0.0,0.0,0.0,1.0,0.0,0.0,0.0,0.0,0.0,1.6,0.0,-0.8,0.0,0.0,16.0,25903.0
2026-07-30T19:00:38.859Z,208.342,208.356,0.0,7.4,0.0,0.0,0.0,0.0,0.0,0.0,0.0,0.0,1.0,0.0,0.0,0.0,9.0,4.0,0.0,0.0,0.0,0.0,0.0,0.0,0.0,0.0,5.0,12.0,1.0,12.15,5.01,2.51,1.49,0.0,0.0,0.0,0.4,0.0,-0.1,0.1,-0.6000000000000001,-169.70000000000002,0.0,0.0,169.8,0.0,21.8,29.5,29.5,30.1,300.0,300.0,31.4,35.4,29.4,28.6,30.5,4.96,2.0,4.96,0.16,0.0,0.0,1027.0,8228.0,0.0,0.0,0.0,0.0,0.0,1.0,0.0,0.0,0.0,0.0,0.0,-0.2,0.0,0.6000000000000001,0.0,0.0002,16.0,25903.0
2026-07-30T19:00:38.871Z,208.354,208.368,0.0,7.4,0.0,0.0,0.0,0.0,0.0,0.0,0.0,0.0,1.0,0.0,0.0,0.0,9.0,4.0,0.0,0.0,0.0,0.0,0.0,0.0,0.0,0.0,6.0,12.0,1.0,12.15,5.01,2.51,1.49,0.0,0.1,0.0,0.4,0.0,0.3,-0.3,0.0,-169.70000000000002,0.0,0.0,169.8,0.0,21.8,29.5,29.5,30.1,300.0,300.0,31.4,35.4,29.4,28.6,30.5,4.95,2.0,4.97,0.16,0.0,0.0,1027.0,8228.0,0.0,0.0,0.0,0.0,0.0,1.0,0.0,0.0,0.0,0.0,0.0,-0.4,0.0,0.0,0.0,0.0,16.0,25903.0
2026-07-30T19:00:38.884Z,208.367,208.38,0.0,7.4,0.0,0.0,0.0,0.0,0.0,0.0,0.0,0.0,1.0,0.0,0.0,0.0,9.0,4.0,0.0,0.0,0.0,0.0,0.0,0.0,0.0,0.0,1.0,12.0,1.0,12.15,5.0200000000000005,2.5,1.49,0.0,0.1,0.0,0.4,0.0,-0.2,0.2,-0.6000000000000001,-169.70000000000002,0.0,0.0,169.8,0.0,21.3,29.5,29.5,30.1,300.0,300.0,31.4,35.4,29.4,28.6,30.5,4.95,1.99,4.97,0.16,0.0,0.0,1027.0,8228.0,0.0,0.0,0.0,0.0,0.0,1.0,0.0,0.0,0.0,0.0,0.0,-0.2,0.0,0.6000000000000001,0.0,0.0001,16.0,25903.0
2026-07-30T19:00:38.896Z,208.379,208.392,0.0,7.4,0.0,0.0,0.0,0.0,0.0,0.0,0.0,0.0,1.0,0.0,0.0,0.0,9.0,4.0,0.0,0.0,0.0,0.0,0.0,0.0,0.0,0.0,2.0,12.0,1.0,12.15,5.0200000000000005,2.5,1.49,0.0,0.0,0.0,0.4,0.0,-0.2,-0.4,-0.1,-169.70000000000002,0.0,0.0,169.8,0.0,21.3,29.5,29.5,30.1,300.0,300.0,31.4,35.4,29.4,28.6,30.5,4.95,1.99,4.96,0.16,0.0,0.0,1027.0,8228.0,0.0,0.0,0.0,0.0,0.0,1.0,0.0,0.0,0.0,0.0,0.0,-0.5,0.0,0.0,0.0,0.0,16.0,25903.0
2026-07-30T19:00:38.908Z,208.391,208.404,0.0,7.4,0.0,0.0,0.0,0.0,0.0,0.0,0.0,0.0,1.0,0.0,0.0,0.0,9.0,4.0,0.0,0.0,0.0,0.0,0.0,0.0,0.0,0.0,3.0,12.0,1.0,12.15,5.0200000000000005,2.5,1.49,0.0,0.0,0.0,0.4,0.0,-0.1,0.1,2.1,-169.70000000000002,0.0,0.0,169.70000000000002,0.0,21.3,29.5,29.5,30.1,300.0,300.0,31.4,35.4,29.4,28.6,30.5,4.96,1.99,4.96,0.16,0.0,0.0,1027.0,8228.0,0.0,0.0,0.0,0.0,0.0,1.0,0.0,0.0,0.0,0.0,0.0,1.8,0.0,-1.9,0.0,0.0,16.0,25903.0
2026-07-30T19:00:38.919Z,208.402,208.416,0.0,7.4,0.0,0.0,0.0,0.0,0.0,0.0,0.0,0.0,1.0,0.0,0.0,0.0,9.0,4.0,0.0,0.0,0.0,0.0,0.0,0.0,0.0,0.0,5.0,12.0,1.0,12.15,5.0200000000000005,2.5,1.49,0.0,0.0,0.0,0.4,0.0,-0.1,0.1,0.0,-169.70000000000002,0.0,0.0,169.8,0.0,21.3,29.5,29.5,30.1,300.0,300.0,31.4,35.4,29.4,28.6,30.5,4.95,1.99,4.97,0.16,0.0,0.0,1027.0,8228.0,0.0,0.0,0.0,0.0,0.0,1.0,0.0,0.0,0.0,0.0,0.0,0.1,0.0,0.1,0.0,0.0002,16.0,25903.0
2026-07-30T19:00:38.932Z,208.415,208.428,0.0,7.4,0.0,0.0,0.0,0.0,0.0,0.0,0.0,0.0,1.0,0.0,0.0,0.0,9.0,4.0,0.0,0.0,0.0,0.0,0.0,0.0,0.0,0.0,5.0,12.0,1.0,12.15,5.0200000000000005,2.5,1.49,0.0,0.0,0.0,0.4,0.0,0.9,0.2,0.4,-169.70000000000002,0.0,0.0,169.8,0.0,21.3,29.5,29.5,30.1,300.0,300.0,31.4,35.4,29.4,28.6,30.5,4.96,1.99,4.96,0.16,0.0,0.0,1027.0,8228.0,0.0,0.0,0.0,0.0,0.0,1.0,0.0,0.0,0.0,0.0,0.0,0.6000000000000001,0.0,-0.3,0.0,0.0001,16.0,25903.0
2026-07-30T19:00:38.943Z,208.426,208.44,0.0,7.4,0.0,0.0,0.0,0.0,0.0,0.0,0.0,0.0,1.0,0.0,0.0,0.0,9.0,4.0,0.0,0.0,0.0,0.0,0.0,0.0,0.0,0.0,6.0,12.0,1.0,12.15,5.0200000000000005,2.5,1.49,0.0,0.0,0.0,0.4,0.0,-0.8,0.1,-0.6000000000000001,-169.70000000000002,0.0,0.0,169.8,0.0,21.3,29.5,29.5,30.1,300.0,300.0,31.4,35.4,29.4,28.6,30.5,4.96,2.0,4.97,0.16,0.0,0.0,1027.0,8228.0,0.0,0.0,0.0,0.0,0.0,1.0,0.0,0.0,0.0,0.0,0.0,-0.3,0.0,0.6000000000000001,0.0,0.0,16.0,25903.0
2026-07-30T19:00:38.955Z,208.438,208.452,0.0,7.4,0.0,0.0,0.0,0.0,0.0,0.0,0.0,0.0,1.0,0.0,0.0,0.0,9.0,4.0,0.0,0.0,0.0,0.0,0.0,0.0,0.0,0.0,1.0,12.0,1.0,12.15,5.0200000000000005,2.5,1.49,0.0,0.0,0.0,0.4,0.0,-0.2,0.2,0.5,-169.70000000000002,0.0,0.0,169.8,0.0,21.3,29.5,29.5,30.1,300.0,300.0,31.4,35.4,29.4,28.6,30.5,4.95,1.99,4.97,0.16,0.0,0.0,1027.0,8228.0,0.0,0.0,0.0,0.0,0.0,1.0,0.0,0.0,0.0,0.0,0.0,0.6000000000000001,0.0,-0.4,0.0,0.0,16.0,25903.0
2026-07-30T19:00:38.967Z,208.45,208.464,0.0,7.4,0.0,0.0,0.0,0.0,0.0,0.0,0.0,0.0,1.0,0.0,0.0,0.0,9.0,4.0,0.0,0.0,0.0,0.0,0.0,0.0,0.0,0.0,3.0,12.0,1.0,12.15,5.0200000000000005,2.5,1.49,0.0,0.1,0.0,0.4,0.0,0.9,-0.3,0.0,-169.70000000000002,0.0,0.0,169.8,0.0,21.3,29.5,29.5,30.1,300.0,300.0,31.4,35.4,29.4,28.6,30.5,4.95,1.99,4.97,0.16,0.0,0.0,1027.0,8228.0,0.0,0.0,0.0,0.0,0.0,1.0,0.0,0.0,0.0,0.0,0.0,-0.5,0.0,0.0,0.0,0.0,16.0,25903.0
2026-07-30T19:00:38.979Z,208.462,208.476,0.0,7.4,0.0,0.0,0.0,0.0,0.0,0.0,0.0,0.0,1.0,0.0,0.0,0.0,9.0,4.0,0.0,0.0,0.0,0.0,0.0,0.0,0.0,0.0,3.0,12.0,1.0,12.15,5.0200000000000005,2.5,1.49,0.0,0.0,0.0,0.4,0.0,-0.1,-0.9,-1.2000000000000002,-169.70000000000002,0.0,0.0,169.70000000000002,0.0,21.3,29.5,29.5,30.1,300.0,300.0,31.4,35.4,29.4,28.6,30.5,4.96,1.99,4.96,0.16,0.0,0.0,1027.0,8228.0,0.0,0.0,0.0,0.0,0.0,1.0,0.0,0.0,0.0,0.0,0.0,-2.0,0.0,0.8,0.0,0.0001,16.0,25903.0
2026-07-30T19:00:38.991Z,208.474,208.488,0.0,7.4,0.0,0.0,0.0,0.0,0.0,0.0,0.0,0.0,1.0,0.0,0.0,0.0,9.0,4.0,0.0,0.0,0.0,0.0,0.0,0.0,0.0,0.0,5.0,12.0,1.0,12.17,5.01,2.5,1.49,0.0,0.0,0.0,0.4,0.0,0.4,-0.3,-0.6000000000000001,-169.70000000000002,0.0,0.0,169.8,0.0,21.700000000000003,29.5,29.5,30.1,300.0,300.0,31.4,35.4,29.4,28.6,30.5,4.96,1.99,4.97,0.16,0.0,0.0,1027.0,8228.0,0.0,0.0,0.0,0.0,0.0,1.0,0.0,0.0,0.0,0.0,0.0,-0.9,0.0,0.5,0.0,0.0002,16.0,25903.0
2026-07-30T19:00:39.003Z,208.486,208.5,0.0,7.4,0.0,0.0,0.0,0.0,0.0,0.0,0.0,0.0,1.0,0.0,0.0,0.0,9.0,4.0,0.0,0.0,0.0,0.0,0.0,0.0,0.0,0.0,6.0,12.0,1.0,12.17,5.01,2.5,1.49,0.0,0.0,0.0,0.4,0.0,-0.1,0.8,-0.6000000000000001,-169.70000000000002,0.0,0.0,169.8,0.0,21.700000000000003,29.5,29.5,30.1,300.0,300.0,31.4,35.4,29.4,28.6,30.5,4.95,2.0,4.97,0.16,0.0,0.0,1027.0,8228.0,0.0,0.0,0.0,0.0,0.0,1.0,0.0,0.0,0.0,0.0,0.0,0.4,0.0,0.7000000000000001,0.0,0.0001,16.0,25903.0
2026-07-30T19:00:39.015Z,208.498,208.512,0.0,7.4,0.0,0.0,0.0,0.0,0.0,0.0,0.0,0.0,1.0,0.0,0.0,0.0,9.0,4.0,0.0,0.0,0.0,0.0,0.0,0.0,0.0,0.0,1.0,12.0,1.0,12.17,5.01,2.5,1.49,0.0,0.0,0.0,0.4,0.0,-0.7000000000000001,-0.9,1.1,-169.70000000000002,0.0,0.0,169.8,0.0,21.700000000000003,29.5,29.5,30.1,300.0,300.0,31.4,35.4,29.4,28.6,30.5,4.96,2.0,4.97,0.16,0.0,0.0,1027.0,8228.0,0.0,0.0,0.0,0.0,0.0,1.0,0.0,0.0,0.0,0.0,0.0,-0.2,0.0,-1.1,0.0,0.0001,16.0,25903.0
2026-07-30T19:00:39.027Z,208.51,208.524,0.0,7.4,0.0,0.0,0.0,0.0,0.0,0.0,0.0,0.0,1.0,0.0,0.0,0.0,9.0,4.0,0.0,0.0,0.0,0.0,0.0,0.0,0.0,0.0,2.0,12.0,1.0,12.17,5.01,2.5,1.49,0.0,0.0,0.0,0.4,0.0,0.4,0.2,0.0,-169.70000000000002,0.0,0.0,169.8,0.0,21.700000000000003,29.5,29.5,30.1,300.0,300.0,31.4,35.4,29.4,28.6,30.5,4.95,2.0,4.96,0.16,0.0,0.0,1027.0,8228.0,0.0,0.0,0.0,0.0,0.0,1.0,0.0,0.0,0.0,0.0,0.0,0.2,0.0,0.0,0.0,0.0001,16.0,25903.0
2026-07-30T19:00:39.041Z,208.524,208.536,0.0,7.4,0.0,0.0,0.0,0.0,0.0,0.0,0.0,0.0,1.0,0.0,0.0,0.0,9.0,4.0,0.0,0.0,0.0,0.0,0.0,0.0,0.0,0.0,3.0,12.0,1.0,12.17,5.01,2.5,1.49,0.0,0.0,0.0,0.4,0.0,-0.1,0.8,0.0,-169.70000000000002,0.0,0.0,169.8,0.0,21.700000000000003,29.5,29.5,30.1,300.0,300.0,31.4,35.4,29.4,28.6,30.5,4.95,1.99,4.97,0.16,0.0,0.0,1027.0,8228.0,0.0,0.0,0.0,0.0,0.0,1.0,0.0,0.0,0.0,0.0,0.0,0.9,0.0,0.1,0.0,0.0001,16.0,25903.0
2026-07-30T19:00:39.051Z,208.534,208.548,0.0,7.4,0.0,0.0,0.0,0.0,0.0,0.0,0.0,0.0,1.0,0.0,0.0,0.0,9.0,4.0,0.0,0.0,0.0,0.0,0.0,0.0,0.0,0.0,1.0,12.0,1.0,12.17,5.01,2.5,1.49,0.0,0.1,0.0,0.5,0.0,-0.2,-0.9,-0.6000000000000001,-169.70000000000002,0.0,0.0,169.8,0.0,21.700000000000003,29.5,29.5,30.1,300.0,300.0,31.4,35.4,29.4,28.6,30.5,4.95,2.0,4.97,0.16,0.0,0.0,1027.0,8228.0,0.0,0.0,0.0,0.0,0.0,1.0,0.0,0.0,0.0,0.0,0.0,-1.5,0.0,0.3,0.0,0.0,16.0,25903.0
2026-07-30T19:00:39.063Z,208.546,208.56,0.0,7.4,0.0,0.0,0.0,0.0,0.0,0.0,0.0,0.0,1.0,0.0,0.0,0.0,9.0,4.0,0.0,0.0,0.0,0.0,0.0,0.0,0.0,0.0,1.0,12.0,1.0,12.17,5.01,2.5,1.49,0.0,0.0,0.0,0.4,0.0,0.3,-0.3,0.5,-169.70000000000002,0.0,0.0,169.8,0.0,21.700000000000003,29.5,29.5,30.1,300.0,300.0,31.4,35.4,29.4,28.6,30.5,4.96,2.0,4.96,0.16,0.0,0.0,1027.0,8228.0,0.0,0.0,0.0,0.0,0.0,1.0,0.0,0.0,0.0,0.0,0.0,0.0,0.0,-0.5,0.0,0.0,16.0,25903.0
2026-07-30T19:00:39.075Z,208.558,208.572,0.0,7.4,0.0,0.0,0.0,0.0,0.0,0.0,0.0,0.0,1.0,0.0,0.0,0.0,9.0,4.0,0.0,0.0,0.0,0.0,0.0,0.0,0.0,0.0,3.0,12.0,1.0,12.17,5.01,2.5,1.49,0.0,0.0,0.0,0.5,0.0,0.4,-0.3,-0.6000000000000001,-169.70000000000002,0.0,0.0,169.70000000000002,0.0,21.700000000000003,29.5,29.5,30.1,300.0,300.0,31.4,35.4,29.4,28.6,30.5,4.95,1.99,4.97,0.16,0.0,0.0,1027.0,8228.0,0.0,0.0,0.0,0.0,0.0,1.0,0.0,0.0,0.0,0.0,0.0,-0.9,0.0,0.4,0.0,0.0,16.0,25903.0
2026-07-30T19:00:39.088Z,208.571,208.584,0.0,7.4,0.0,0.0,0.0,0.0,0.0,0.0,0.0,0.0,1.0,0.0,0.0,0.0,9.0,4.0,0.0,0.0,0.0,0.0,0.0,0.0,0.0,0.0,4.0,12.0,1.0,12.17,5.0200000000000005,2.5,1.49,0.0,0.0,0.0,0.4,0.0,0.4,0.7000000000000001,0.0,-169.70000000000002,0.0,0.0,169.70000000000002,0.0,21.0,29.5,29.5,30.1,300.0,300.0,31.4,35.300000000000004,29.4,28.6,30.5,4.95,1.99,4.97,0.16,0.0,0.0,1027.0,8228.0,0.0,0.0,0.0,0.0,0.0,1.0,0.0,0.0,0.0,0.0,0.0,0.7000000000000001,0.0,0.2,0.0,0.0001,16.0,25903.0
2026-07-30T19:00:39.099Z,208.582,208.596,0.0,7.4,0.0,0.0,0.0,0.0,0.0,0.0,0.0,0.0,1.0,0.0,0.0,0.0,9.0,4.0,0.0,0.0,0.0,0.0,0.0,0.0,0.0,0.0,6.0,12.0,1.0,12.17,5.0200000000000005,2.5,1.49,0.0,0.0,0.0,0.4,0.0,-0.1,0.7000000000000001,-1.1,-169.70000000000002,0.0,0.0,169.70000000000002,0.0,21.0,29.5,29.5,30.1,300.0,300.0,31.4,35.300000000000004,29.4,28.6,30.5,4.96,1.99,4.97,0.16,0.0,0.0,1027.0,8228.0,0.0,0.0,0.0,0.0,0.0,1.0,0.0,0.0,0.0,0.0,0.0,0.0,0.0,1.2000000000000002,0.0,0.0001,16.0,25903.0
2026-07-30T19:00:39.111Z,208.594,208.608,0.0,7.4,0.0,0.0,0.0,0.0,0.0,0.0,0.0,0.0,1.0,0.0,0.0,0.0,9.0,4.0,0.0,0.0,0.0,0.0,0.0,0.0,0.0,0.0,1.0,12.0,1.0,12.17,5.0200000000000005,2.5,1.49,0.0,0.0,0.0,0.4,0.0,0.3,0.1,1.7000000000000002,-169.70000000000002,0.0,0.0,169.70000000000002,0.0,21.0,29.5,29.5,30.1,300.0,300.0,31.4,35.300000000000004,29.4,28.6,30.5,4.95,1.99,4.96,0.16,0.0,0.0,1027.0,8228.0,0.0,0.0,0.0,0.0,0.0,1.0,0.0,0.0,0.0,0.0,0.0,1.4,0.0,-1.4,0.0,0.0,16.0,25903.0
2026-07-30T19:00:39.123Z,208.606,208.62,0.0,7.4,0.0,0.0,0.0,0.0,0.0,0.0,0.0,0.0,1.0,0.0,0.0,0.0,9.0,4.0,0.0,0.0,0.0,0.0,0.0,0.0,0.0,0.0,2.0,12.0,1.0,12.17,5.0200000000000005,2.5,1.49,0.0,0.0,0.0,0.4,0.0,-0.2,-1.0,0.0,-169.70000000000002,0.0,0.0,169.70000000000002,0.0,21.0,29.5,29.5,30.1,300.0,300.0,31.4,35.300000000000004,29.4,28.6,30.5,4.96,1.99,4.96,0.16,0.0,0.0,1027.0,8228.0,0.0,0.0,0.0,0.0,0.0,1.0,0.0,0.0,0.0,0.0,0.0,-1.2000000000000002,0.0,-0.1,0.0,0.0,16.0,25903.0
2026-07-30T19:00:39.135Z,208.618,208.632,0.0,7.4,0.0,0.0,0.0,0.0,0.0,0.0,0.0,0.0,1.0,0.0,0.0,0.0,9.0,4.0,0.0,0.0,0.0,0.0,0.0,0.0,0.0,0.0,3.0,12.0,1.0,12.17,5.0200000000000005,2.5,1.49,0.0,0.0,0.0,0.4,0.0,-0.2,0.0,-0.6000000000000001,-169.70000000000002,0.0,0.0,169.8,0.0,21.0,29.5,29.5,30.1,300.0,300.0,31.4,35.300000000000004,29.4,28.6,30.5,4.96,1.99,4.96,0.16,0.0,0.0,1027.0,8228.0,0.0,0.0,0.0,0.0,0.0,1.0,0.0,0.0,0.0,0.0,0.0,-0.3,0.0,0.5,0.0,0.0,16.0,25903.0
2026-07-30T19:00:39.147Z,208.63,208.644,0.0,7.4,0.0,0.0,0.0,0.0,0.0,0.0,0.0,0.0,1.0,0.0,0.0,0.0,9.0,4.0,0.0,0.0,0.0,0.0,0.0,0.0,0.0,0.0,4.0,12.0,1.0,12.17,5.0200000000000005,2.5,1.49,0.0,0.0,0.0,0.5,0.0,0.3,0.1,-1.8,-169.70000000000002,0.0,0.0,169.70000000000002,0.0,21.0,29.5,29.5,30.1,300.0,300.0,31.4,35.300000000000004,29.4,28.6,30.5,4.96,1.99,4.96,0.16,0.0,0.0,1027.0,8228.0,0.0,0.0,0.0,0.0,0.0,1.0,0.0,0.0,0.0,0.0,0.0,-1.1,0.0,1.6,0.0,0.0002,16.0,25903.0
2026-07-30T19:00:39.159Z,208.642,208.656,0.0,7.4,0.0,0.0,0.0,0.0,0.0,0.0,0.0,0.0,1.0,0.0,0.0,0.0,9.0,4.0,0.0,0.0,0.0,0.0,0.0,0.0,0.0,0.0,5.0,12.0,1.0,12.17,5.0200000000000005,2.5,1.49,0.0,0.1,0.0,0.4,0.0,0.3,-1.0,0.0,-169.70000000000002,0.0,0.0,169.60000000000002,0.0,21.0,29.5,29.5,30.1,300.0,300.0,31.4,35.300000000000004,29.4,28.6,30.5,4.95,1.99,4.97,0.16,0.0,0.0,1027.0,8228.0,0.0,0.0,0.0,0.0,0.0,1.0,0.0,0.0,0.0,0.0,0.0,-1.2000000000000002,0.0,-0.1,0.0,0.0,16.0,25903.0
2026-07-30T19:00:39.171Z,208.654,208.668,0.0,7.4,0.0,0.0,0.0,0.0,0.0,0.0,0.0,0.0,1.0,0.0,0.0,0.0,9.0,4.0,0.0,0.0,0.0,0.0,0.0,0.0,0.0,0.0,6.0,12.0,1.0,12.17,5.0200000000000005,2.5,1.49,0.0,0.0,0.0,0.4,0.0,0.3,-0.4,-1.8,-169.70000000000002,0.0,0.0,169.70000000000002,0.0,21.0,29.5,29.5,30.1,300.0,300.0,31.4,35.300000000000004,29.4,28.6,30.5,4.96,1.99,4.96,0.16,0.0,0.0,1027.0,8228.0,0.0,0.0,0.0,0.0,0.0,1.0,0.0,0.0,0.0,0.0,0.0,-3.2,0.0,1.2000000000000002,0.0,0.0002,16.0,25903.0
2026-07-30T19:00:39.184Z,208.667,208.68,0.0,7.4,0.0,0.0,0.0,0.0,0.0,0.0,0.0,0.0,1.0,0.0,0.0,0.0,9.0,4.0,0.0,0.0,0.0,0.0,0.0,0.0,0.0,0.0,1.0,12.0,1.0,12.17,5.0200000000000005,2.5,1.49,0.0,0.0,0.0,0.4,0.0,0.3,0.0,0.0,-169.70000000000002,0.0,0.0,169.8,0.0,21.0,29.5,29.5,30.1,300.0,300.0,31.4,35.300000000000004,29.4,28.6,30.5,4.96,1.99,4.97,0.15,0.0,0.0,1027.0,8228.0,0.0,0.0,0.0,0.0,0.0,1.0,0.0,0.0,0.0,0.0,0.0,1.1,0.0,-0.3,0.0,0.0,16.0,25903.0
2026-07-30T19:00:39.195Z,208.678,208.692,0.0,7.4,0.0,0.0,0.0,0.0,0.0,0.0,0.0,0.0,1.0,0.0,0.0,0.0,9.0,4.0,0.0,0.0,0.0,0.0,0.0,0.0,0.0,0.0,2.0,12.0,1.0,12.15,5.0200000000000005,2.5,1.49,0.0,0.1,0.0,0.4,0.0,0.2,0.0,0.4,-169.70000000000002,0.0,0.0,169.8,0.0,21.4,29.5,29.5,30.1,300.0,300.0,31.4,35.4,29.4,28.6,30.5,4.96,1.99,4.97,0.16,0.0,0.0,1027.0,8228.0,0.0,0.0,0.0,0.0,0.0,1.0,0.0,0.0,0.0,0.0,0.0,1.3,0.0,0.3,0.0,0.0002,16.0,25903.0
2026-07-30T19:00:39.207Z,208.69,208.704,0.0,7.4,0.0,0.0,0.0,0.0,0.0,0.0,0.0,0.0,1.0,0.0,0.0,0.0,9.0,4.0,0.0,0.0,0.0,0.0,0.0,0.0,0.0,0.0,3.0,12.0,1.0,12.15,5.0200000000000005,2.5,1.49,0.0,0.0,0.0,0.4,0.0,0.3,-1.0,0.0,-169.70000000000002,0.0,0.0,169.8,0.0,21.4,29.5,29.5,30.1,300.0,300.0,31.4,35.4,29.4,28.6,30.5,4.95,1.99,4.97,0.16,0.0,0.0,1027.0,8228.0,0.0,0.0,0.0,0.0,0.0,1.0,0.0,0.0,0.0,0.0,0.0,-1.2000000000000002,0.0,-0.1,0.0,0.0001,16.0,25903.0
2026-07-30T19:00:39.219Z,208.702,208.716,0.0,7.4,0.0,0.0,0.0,0.0,0.0,0.0,0.0,0.0,1.0,0.0,0.0,0.0,9.0,4.0,0.0,0.0,0.0,0.0,0.0,0.0,0.0,0.0,4.0,12.0,1.0,12.15,5.0200000000000005,2.5,1.49,0.0,0.0,0.0,0.4,0.0,0.8,1.2000000000000002,1.0,-169.70000000000002,0.0,0.0,169.60000000000002,0.0,21.4,29.5,29.5,30.1,300.0,300.0,31.4,35.4,29.4,28.6,30.5,4.95,1.99,4.96,0.16,0.0,0.0,1027.0,8228.0,0.0,0.0,0.0,0.0,0.0,1.0,0.0,0.0,0.0,0.0,0.0,2.1,0.0,-0.6000000000000001,0.0,0.0,16.0,25903.0
2026-07-30T19:00:39.231Z,208.714,208.728,0.0,7.4,0.0,0.0,0.0,0.0,0.0,0.0,0.0,0.0,1.0,0.0,0.0,0.0,9.0,4.0,0.0,0.0,0.0,0.0,0.0,0.0,0.0,0.0,6.0,12.0,1.0,12.15,5.0200000000000005,2.5,1.49,0.0,0.1,0.0,0.4,0.0,0.3,-0.5,-0.1,-169.70000000000002,0.0,0.0,169.70000000000002,0.0,21.4,29.5,29.5,30.1,300.0,300.0,31.4,35.4,29.4,28.6,30.5,4.95,1.99,4.97,0.16,0.0,0.0,1027.0,8228.0,0.0,0.0,0.0,0.0,0.0,1.0,0.0,0.0,0.0,0.0,0.0,-0.6000000000000001,0.0,0.0,0.0,0.0003,16.0,25903.0
2026-07-30T19:00:39.243Z,208.726,208.74,0.0,7.4,0.0,0.0,0.0,0.0,0.0,0.0,0.0,0.0,1.0,0.0,0.0,0.0,9.0,4.0,0.0,0.0,0.0,0.0,0.0,0.0,0.0,0.0,1.0,12.0,1.0,12.15,5.0200000000000005,2.5,1.49,0.0,0.1,0.0,0.4,0.0,0.2,0.0,0.4,-169.70000000000002,0.0,0.0,169.70000000000002,0.0,21.4,29.5,29.5,30.1,300.0,300.0,31.4,35.4,29.4,28.6,30.5,4.95,1.99,4.97,0.16,0.0,0.0,1027.0,8228.0,0.0,0.0,0.0,0.0,0.0,1.0,0.0,0.0,0.0,0.0,0.0,0.3,0.0,-0.3,0.0,0.0,16.0,25903.0
2026-07-30T19:00:39.255Z,208.738,208.752,0.0,7.4,0.0,0.0,0.0,0.0,0.0,0.0,0.0,0.0,1.0,0.0,0.0,0.0,9.0,4.0,0.0,0.0,0.0,0.0,0.0,0.0,0.0,0.0,2.0,12.0,1.0,12.15,5.0200000000000005,2.5,1.49,0.0,0.0,0.0,0.4,0.0,-0.2,0.6000000000000001,-0.7000000000000001,-169.70000000000002,0.0,0.0,169.70000000000002,0.0,21.4,29.5,29.5,30.1,300.0,300.0,31.4,35.4,29.4,28.6,30.5,4.96,1.99,4.96,0.16,0.0,0.0,1027.0,8228.0,0.0,0.0,0.0,0.0,0.0,1.0,0.0,0.0,0.0,0.0,0.0,0.2,0.0,0.7000000000000001,0.0,0.0001,16.0,25903.0
2026-07-30T19:00:39.268Z,208.751,208.764,0.0,7.4,0.0,0.0,0.0,0.0,0.0,0.0,0.0,0.0,1.0,0.0,0.0,0.0,9.0,4.0,0.0,0.0,0.0,0.0,0.0,0.0,0.0,0.0,3.0,12.0,1.0,12.15,5.0200000000000005,2.5,1.49,0.0,0.0,0.0,0.4,0.0,-0.2,-0.5,-0.1,-169.70000000000002,0.0,0.0,169.70000000000002,0.0,21.4,29.5,29.5,30.1,300.0,300.0,31.4,35.4,29.4,28.6,30.5,4.95,1.99,4.97,0.16,0.0,0.0,1027.0,8228.0,0.0,0.0,0.0,0.0,0.0,1.0,0.0,0.0,0.0,0.0,0.0,-0.6000000000000001,0.0,0.0,0.0,0.0,16.0,25903.0
2026-07-30T19:00:39.279Z,208.762,208.776,0.0,7.4,0.0,0.0,0.0,0.0,0.0,0.0,0.0,0.0,1.0,0.0,0.0,0.0,9.0,4.0,0.0,0.0,0.0,0.0,0.0,0.0,0.0,0.0,4.0,12.0,1.0,12.15,5.0200000000000005,2.5,1.49,0.0,0.1,0.0,0.4,0.0,-0.2,1.2000000000000002,-0.1,-169.70000000000002,0.0,0.0,169.8,0.0,21.4,29.5,29.5,30.1,300.0,300.0,31.4,35.4,29.4,28.6,30.5,4.95,1.99,4.96,0.16,0.0,0.0,1027.0,8228.0,0.0,0.0,0.0,0.0,0.0,1.0,0.0,0.0,0.0,0.0,0.0,1.2000000000000002,0.0,0.3,0.0,0.0001,16.0,25903.0
2026-07-30T19:00:39.292Z,208.775,208.788,0.0,7.4,0.0,0.0,0.0,0.0,0.0,0.0,0.0,0.0,1.0,0.0,0.0,0.0,9.0,4.0,0.0,0.0,0.0,0.0,0.0,0.0,0.0,0.0,6.0,12.0,1.0,12.18,5.01,2.51,1.49,0.0,0.0,0.0,0.4,0.0,0.3,1.2000000000000002,0.0,-169.70000000000002,0.0,0.0,169.8,0.0,21.8,29.5,29.5,30.1,300.0,300.0,31.4,35.4,29.4,28.6,30.5,4.95,2.0,4.96,0.16,0.0,0.0,1027.0,8228.0,0.0,0.0,0.0,0.0,0.0,1.0,0.0,0.0,0.0,0.0,0.0,1.3,0.0,0.3,0.0,0.0001,16.0,25903.0
2026-07-30T19:00:39.303Z,208.786,208.8,0.0,7.4,0.0,0.0,0.0,0.0,0.0,0.0,0.0,0.0,1.0,0.0,0.0,0.0,9.0,4.0,0.0,0.0,0.0,0.0,0.0,0.0,0.0,0.0,1.0,12.0,1.0,12.18,5.01,2.51,1.49,0.0,0.0,0.0,0.5,0.0,1.5,1.2000000000000002,3.4000000000000004,-169.70000000000002,0.0,0.0,169.8,0.0,21.8,29.5,29.5,30.1,300.0,300.0,31.4,35.4,29.4,28.6,30.5,4.96,2.0,4.96,0.16,0.0,0.0,1027.0,8228.0,0.0,0.0,0.0,0.0,0.0,1.0,0.0,0.0,0.0,0.0,0.0,3.9,0.0,-2.7,0.0,0.0,16.0,25903.0
2026-07-30T19:00:39.315Z,208.798,208.812,0.0,7.4,0.0,0.0,0.0,0.0,0.0,0.0,0.0,0.0,1.0,0.0,0.0,0.0,9.0,4.0,0.0,0.0,0.0,0.0,0.0,0.0,0.0,0.0,3.0,12.0,1.0,12.18,5.01,2.51,1.49,0.0,0.0,0.0,0.4,0.0,-0.2,-1.7000000000000002,-1.2000000000000002,-169.70000000000002,0.0,0.0,169.8,0.0,21.8,29.5,29.5,30.1,300.0,300.0,31.4,35.4,29.4,28.6,30.5,4.95,1.99,4.97,0.16,0.0,0.0,1027.0,8228.0,0.0,0.0,0.0,0.0,0.0,1.0,0.0,0.0,0.0,0.0,0.0,-2.8000000000000003,0.0,0.7000000000000001,0.0,0.0,16.0,25903.0
2026-07-30T19:00:39.327Z,208.81,208.824,0.0,7.4,0.0,0.0,0.0,0.0,0.0,0.0,0.0,0.0,1.0,0.0,0.0,0.0,9.0,4.0,0.0,0.0,0.0,0.0,0.0,0.0,0.0,0.0,4.0,12.0,1.0,12.18,5.01,2.51,1.49,0.0,0.0,0.0,0.4,0.0,0.3,0.0,-0.1,-169.70000000000002,0.0,0.0,169.70000000000002,0.0,21.8,29.5,29.5,30.1,300.0,300.0,31.4,35.4,29.4,28.6,30.5,4.95,1.99,4.96,0.16,0.0,0.0,1027.0,8228.0,0.0,0.0,0.0,0.0,0.0,1.0,0.0,0.0,0.0,0.0,0.0,0.0,0.0,0.1,0.0,0.0,16.0,25903.0
2026-07-30T19:00:39.339Z,208.822,208.836,0.0,7.4,0.0,0.0,0.0,0.0,0.0,0.0,0.0,0.0,1.0,0.0,0.0,0.0,9.0,4.0,0.0,0.0,0.0,0.0,0.0,0.0,0.0,0.0,5.0,12.0,1.0,12.18,5.01,2.51,1.49,0.0,0.0,0.0,0.4,0.0,-0.7000000000000001,0.0,-0.6000000000000001,-169.70000000000002,0.0,0.0,169.8,0.0,21.8,29.5,29.5,30.1,300.0,300.0,31.4,35.4,29.4,28.6,30.5,4.96,2.0,4.96,0.16,0.0,0.0,1027.0,8228.0,0.0,0.0,0.0,0.0,0.0,1.0,0.0,0.0,0.0,0.0,0.0,-0.4,0.0,0.5,0.0,0.0002,16.0,25903.0
2026-07-30T19:00:39.359Z,208.842,208.848,0.0,7.4,0.0,0.0,0.0,0.0,0.0,0.0,0.0,0.0,1.0,0.0,0.0,0.0,9.0,4.0,0.0,0.0,0.0,0.0,0.0,0.0,0.0,0.0,6.0,12.0,1.0,12.18,5.01,2.51,1.49,0.0,0.0,0.0,0.4,0.0,-0.1,0.6000000000000001,-0.6000000000000001,-169.70000000000002,0.0,0.0,169.70000000000002,0.0,21.8,29.5,29.5,30.1,300.0,300.0,31.4,35.4,29.4,28.6,30.5,4.96,2.0,4.97,0.16,0.0,0.0,1027.0,8228.0,0.0,0.0,0.0,0.0,0.0,1.0,0.0,0.0,0.0,0.0,0.0,0.2,0.0,0.7000000000000001,0.0,0.0002,16.0,25903.0
2026-07-30T19:00:39.366Z,208.849,208.86,0.0,7.4,0.0,0.0,0.0,0.0,0.0,0.0,0.0,0.0,1.0,0.0,0.0,0.0,9.0,4.0,0.0,0.0,0.0,0.0,0.0,0.0,0.0,0.0,4.0,12.0,1.0,12.18,5.01,2.51,1.49,0.0,0.0,0.0,0.4,0.0,-0.1,0.0,2.2,-169.70000000000002,0.0,0.0,169.8,0.0,21.8,29.5,29.5,30.1,300.0,300.0,31.4,35.4,29.4,28.6,30.5,4.95,1.99,4.97,0.16,0.0,0.0,1027.0,8228.0,0.0,0.0,0.0,0.0,0.0,1.0,0.0,0.0,0.0,0.0,0.0,1.7000000000000002,0.0,-1.9,0.0,0.0,16.0,25903.0
2026-07-30T19:00:39.375Z,208.858,208.872,0.0,7.4,0.0,0.0,0.0,0.0,0.0,0.0,0.0,0.0,1.0,0.0,0.0,0.0,9.0,4.0,0.0,0.0,0.0,0.0,0.0,0.0,0.0,0.0,2.0,12.0,1.0,12.18,5.01,2.51,1.49,0.0,0.0,0.0,0.5,0.0,0.4,0.6000000000000001,-0.1,-169.70000000000002,0.0,0.0,169.8,0.0,21.8,29.5,29.5,30.1,300.0,300.0,31.4,35.4,29.4,28.6,30.5,4.95,1.99,4.96,0.16,0.0,0.0,1027.0,8228.0,0.0,0.0,0.0,0.0,0.0,1.0,0.0,0.0,0.0,0.0,0.0,0.6000000000000001,0.0,0.2,0.0,0.0001,16.0,25903.0
2026-07-30T19:00:39.387Z,208.87,208.884,0.0,7.4,0.0,0.0,0.0,0.0,0.0,0.0,0.0,0.0,1.0,0.0,0.0,0.0,9.0,4.0,0.0,0.0,0.0,0.0,0.0,0.0,0.0,0.0,3.0,12.0,1.0,12.18,5.01,2.51,1.49,0.0,0.0,0.0,0.5,0.0,1.0,1.8,0.4,-169.70000000000002,0.0,0.0,169.70000000000002,0.0,21.8,29.5,29.5,30.1,300.0,300.0,31.4,35.4,29.4,28.6,30.5,4.96,1.99,4.96,0.16,0.0,0.0,1027.0,8228.0,0.0,0.0,0.0,0.0,0.0,1.0,0.0,0.0,0.0,0.0,0.0,2.4000000000000004,0.0,0.0,0.0,0.0,16.0,25903.0
2026-07-30T19:00:39.399Z,208.882,208.896,0.0,7.4,0.0,0.0,0.0,0.0,0.0,0.0,0.0,0.0,1.0,0.0,0.0,0.0,9.0,4.0,0.0,0.0,0.0,0.0,0.0,0.0,0.0,0.0,5.0,12.0,1.0,12.15,5.0200000000000005,2.5,1.5,0.0,0.0,0.0,0.4,0.0,0.4,0.1,0.9,-169.70000000000002,0.0,0.0,169.70000000000002,0.0,21.4,29.5,29.5,30.1,300.0,300.0,31.4,35.300000000000004,29.4,28.6,30.5,4.95,1.99,4.96,0.16,0.0,0.0,1027.0,8228.0,0.0,0.0,0.0,0.0,0.0,1.0,0.0,0.0,0.0,0.0,0.0,0.8,0.0,-0.8,0.0,0.0001,16.0,25903.0
2026-07-30T19:00:39.411Z,208.894,208.908,0.0,7.4,0.0,0.0,0.0,0.0,0.0,0.0,0.0,0.0,1.0,0.0,0.0,0.0,9.0,4.0,0.0,0.0,0.0,0.0,0.0,0.0,0.0,0.0,6.0,12.0,1.0,12.15,5.0200000000000005,2.5,1.5,0.0,0.0,0.0,0.4,0.0,-0.7000000000000001,-0.4,-0.1,-169.70000000000002,0.0,0.0,169.70000000000002,0.0,21.4,29.5,29.5,30.1,300.0,300.0,31.4,35.300000000000004,29.4,28.6,30.5,4.96,1.99,4.97,0.16,0.0,0.0,1027.0,8228.0,0.0,0.0,0.0,0.0,0.0,1.0,0.0,0.0,0.0,0.0,0.0,-0.6000000000000001,0.0,0.0,0.0,0.0001,16.0,25903.0
2026-07-30T19:00:39.423Z,208.906,208.92,0.0,7.4,0.0,0.0,0.0,0.0,0.0,0.0,0.0,0.0,1.0,0.0,0.0,0.0,9.0,4.0,0.0,0.0,0.0,0.0,0.0,0.0,0.0,0.0,1.0,12.0,1.0,12.15,5.0200000000000005,2.5,1.5,0.0,0.0,0.0,0.4,0.0,-0.1,0.1,-0.1,-169.70000000000002,0.0,0.0,169.8,0.0,21.4,29.5,29.5,30.1,300.0,300.0,31.4,35.300000000000004,29.4,28.6,30.5,4.96,2.0,4.97,0.16,0.0,0.0,1027.0,8228.0,0.0,0.0,0.0,0.0,0.0,1.0,0.0,0.0,0.0,0.0,0.0,0.0,0.0,0.1,0.0,0.0,16.0,25903.0
2026-07-30T19:00:39.435Z,208.918,208.932,0.0,7.4,0.0,0.0,0.0,0.0,0.0,0.0,0.0,0.0,1.0,0.0,0.0,0.0,9.0,4.0,0.0,0.0,0.0,0.0,0.0,0.0,0.0,0.0,2.0,12.0,1.0,12.15,5.0200000000000005,2.5,1.5,0.0,0.0,0.0,0.4,0.0,0.4,-0.4,-1.3,-169.70000000000002,0.0,0.0,169.8,0.0,21.4,29.5,29.5,30.1,300.0,300.0,31.4,35.300000000000004,29.4,28.6,30.5,4.95,1.99,4.97,0.16,0.0,0.0,1027.0,8228.0,0.0,0.0,0.0,0.0,0.0,1.0,0.0,0.0,0.0,0.0,0.0,-1.5,0.0,1.0,0.0,0.0002,16.0,25903.0
2026-07-30T19:00:39.447Z,208.93,208.944,0.0,7.4,0.0,0.0,0.0,0.0,0.0,0.0,0.0,0.0,1.0,0.0,0.0,0.0,9.0,4.0,0.0,0.0,0.0,0.0,0.0,0.0,0.0,0.0,3.0,12.0,1.0,12.15,5.0200000000000005,2.5,1.5,0.0,0.1,0.0,0.5,0.0,0.4,0.1,1.0,-169.70000000000002,0.0,0.0,169.8,0.0,21.4,29.5,29.5,30.1,300.0,300.0,31.4,35.300000000000004,29.4,28.6,30.5,4.95,1.99,4.97,0.16,0.0,0.0,1027.0,8228.0,0.0,0.0,0.0,0.0,0.0,1.0,0.0,0.0,0.0,0.0,0.0,0.9,0.0,-0.8,0.0,0.0001,16.0,25903.0
2026-07-30T19:00:39.458Z,208.941,208.956,0.0,7.4,0.0,0.0,0.0,0.0,0.0,0.0,0.0,0.0,1.0,0.0,0.0,0.0,9.0,4.0,0.0,0.0,0.0,0.0,0.0,0.0,0.0,0.0,4.0,12.0,1.0,12.15,5.0200000000000005,2.5,1.5,0.0,0.0,0.0,0.4,0.0,-0.1,0.7000000000000001,0.4,-169.70000000000002,0.0,0.0,169.8,0.0,21.4,29.5,29.5,30.1,300.0,300.0,31.4,35.300000000000004,29.4,28.6,30.5,4.96,1.99,4.96,0.16,0.0,0.0,1027.0,8228.0,0.0,0.0,0.0,0.0,0.0,1.0,0.0,0.0,0.0,0.0,0.0,1.1,0.0,-0.2,0.0,0.0,16.0,25903.0
2026-07-30T19:00:39.471Z,208.954,208.968,0.0,7.4,0.0,0.0,0.0,0.0,0.0,0.0,0.0,0.0,1.0,0.0,0.0,0.0,9.0,4.0,0.0,0.0,0.0,0.0,0.0,0.0,0.0,0.0,5.0,12.0,1.0,12.15,5.0200000000000005,2.5,1.5,0.0,0.0,0.0,0.4,0.0,-0.1,1.3,-0.1,-169.70000000000002,0.0,0.0,169.8,0.0,21.4,29.5,29.5,30.1,300.0,300.0,31.4,35.300000000000004,29.4,28.6,30.5,4.96,1.99,4.96,0.16,0.0,0.0,1027.0,8228.0,0.0,0.0,0.0,0.0,0.0,1.0,0.0,0.0,0.0,0.0,0.0,1.3,0.0,0.3,0.0,0.0,16.0,25903.0
2026-07-30T19:00:39.483Z,208.966,208.98,0.0,7.4,0.0,0.0,0.0,0.0,0.0,0.0,0.0,0.0,1.0,0.0,0.0,0.0,9.0,4.0,0.0,0.0,0.0,0.0,0.0,0.0,0.0,0.0,1.0,12.0,1.0,12.15,5.0200000000000005,2.5,1.5,0.0,0.0,0.0,0.4,0.0,0.4,0.7000000000000001,0.4,-169.70000000000002,0.0,0.0,169.70000000000002,0.0,21.4,29.5,29.5,30.1,300.0,300.0,31.4,35.300000000000004,29.4,28.6,30.5,4.95,2.0,4.96,0.16,0.0,0.0,1027.0,8228.0,0.0,0.0,0.0,0.0,0.0,1.0,0.0,0.0,0.0,0.0,0.0,1.1,0.0,-0.2,0.0,0.0001,16.0,25903.0
2026-07-30T19:00:39.497Z,208.98,208.992,0.0,7.4,0.0,0.0,0.0,0.0,0.0,0.0,0.0,0.0,1.0,0.0,0.0,0.0,9.0,4.0,0.0,0.0,0.0,0.0,0.0,0.0,0.0,0.0,1.0,12.0,1.0,12.17,5.03,2.5,1.49,0.0,0.0,0.0,0.4,0.0,0.4,-0.4,-0.1,-169.70000000000002,0.0,0.0,169.70000000000002,0.0,21.9,29.5,29.5,30.1,300.0,300.0,31.5,35.300000000000004,29.4,28.6,30.5,4.96,2.0,4.98,0.16,0.0,0.0,1027.0,8228.0,0.0,0.0,0.0,0.0,0.0,1.0,0.0,0.0,0.0,0.0,0.0,-0.6000000000000001,0.0,0.0,0.0,0.0001,16.0,25903.0
2026-07-30T19:00:39.507Z,208.99,209.004,0.0,7.4,0.0,0.0,0.0,0.0,0.0,0.0,0.0,0.0,1.0,0.0,0.0,0.0,9.0,4.0,0.0,0.0,0.0,0.0,0.0,0.0,0.0,0.0,2.0,12.0,1.0,12.17,5.03,2.5,1.49,0.0,0.0,0.0,0.4,0.0,1.0,-0.4,0.5,-169.70000000000002,0.0,0.0,169.8,0.0,21.9,29.5,29.5,30.1,300.0,300.0,31.5,35.300000000000004,29.4,28.6,30.5,4.95,2.0,4.96,0.16,0.0,0.0,1027.0,8228.0,0.0,0.0,0.0,0.0,0.0,1.0,0.0,0.0,0.0,0.0,0.0,-0.1,0.0,-0.5,0.0,0.0001,16.0,25903.0
2026-07-30T19:00:39.519Z,209.002,209.016,0.0,7.4,0.0,0.0,0.0,0.0,0.0,0.0,0.0,0.0,1.0,0.0,0.0,0.0,9.0,4.0,0.0,0.0,0.0,0.0,0.0,0.0,0.0,0.0,3.0,12.0,1.0,12.17,5.03,2.5,1.49,0.0,0.0,0.0,0.4,0.0,-0.1,1.2000000000000002,0.0,-169.70000000000002,0.0,0.0,169.70000000000002,0.0,21.9,29.5,29.5,30.1,300.0,300.0,31.5,35.300000000000004,29.4,28.6,30.5,4.95,1.99,4.97,0.16,0.0,0.0,1027.0,8228.0,0.0,0.0,0.0,0.0,0.0,1.0,0.0,0.0,0.0,0.0,0.0,1.3,0.0,0.3,0.0,0.0001,16.0,25903.0
2026-07-30T19:00:39.531Z,209.014,209.028,0.0,7.4,0.0,0.0,0.0,0.0,0.0,0.0,0.0,0.0,1.0,0.0,0.0,0.0,9.0,4.0,0.0,0.0,0.0,0.0,0.0,0.0,0.0,0.0,5.0,12.0,1.0,12.17,5.03,2.5,1.49,0.0,0.0,0.0,0.4,0.0,0.4,0.6000000000000001,-0.6000000000000001,-169.70000000000002,0.0,0.0,169.60000000000002,0.0,21.9,29.5,29.5,30.1,300.0,300.0,31.5,35.300000000000004,29.4,28.6,30.5,4.95,1.99,4.97,0.16,0.0,0.0,1027.0,8228.0,0.0,0.0,0.0,0.0,0.0,1.0,0.0,0.0,0.0,0.0,0.0,0.2,0.0,0.6000000000000001,0.0,0.0001,16.0,25903.0
2026-07-30T19:00:39.543Z,209.026,209.04,0.0,7.4,0.0,0.0,0.0,0.0,0.0,0.0,0.0,0.0,1.0,0.0,0.0,0.0,9.0,4.0,0.0,0.0,0.0,0.0,0.0,0.0,0.0,0.0,6.0,12.0,1.0,12.17,5.03,2.5,1.49,0.0,0.0,0.0,0.4,0.0,1.0,0.0,0.5,-169.70000000000002,0.0,0.0,169.70000000000002,0.0,21.9,29.5,29.5,30.1,300.0,300.0,31.5,35.300000000000004,29.4,28.6,30.5,4.96,1.99,4.96,0.16,0.0,0.0,1027.0,8228.0,0.0,0.0,0.0,0.0,0.0,1.0,0.0,0.0,0.0,0.0,0.0,0.4,0.0,-0.4,0.0,0.0001,16.0,25903.0
2026-07-30T19:00:39.555Z,209.038,209.052,0.0,7.4,0.0,0.0,0.0,0.0,0.0,0.0,0.0,0.0,1.0,0.0,0.0,0.0,9.0,4.0,0.0,0.0,0.0,0.0,0.0,0.0,0.0,0.0,1.0,12.0,1.0,12.17,5.03,2.5,1.49,0.0,0.1,0.0,0.4,0.0,0.9,-0.5,-0.1,-169.70000000000002,0.0,0.0,169.8,0.0,21.9,29.5,29.5,30.1,300.0,300.0,31.5,35.300000000000004,29.4,28.6,30.5,4.95,1.99,4.97,0.16,0.0,0.0,1027.0,8228.0,0.0,0.0,0.0,0.0,0.0,1.0,0.0,0.0,0.0,0.0,0.0,-0.6000000000000001,0.0,0.0,0.0,0.0001,16.0,25903.0
2026-07-30T19:00:39.567Z,209.05,209.064,0.0,7.4,0.0,0.0,0.0,0.0,0.0,0.0,0.0,0.0,1.0,0.0,0.0,0.0,9.0,4.0,0.0,0.0,0.0,0.0,0.0,0.0,0.0,0.0,2.0,12.0,1.0,12.17,5.03,2.5,1.49,0.0,0.0,0.0,0.4,0.0,0.9,1.2000000000000002,-0.6000000000000001,-169.70000000000002,0.0,0.0,169.70000000000002,0.0,21.9,29.5,29.5,30.1,300.0,300.0,31.5,35.300000000000004,29.4,28.6,30.5,4.95,1.99,4.96,0.16,0.0,0.0,1027.0,8228.0,0.0,0.0,0.0,0.0,0.0,1.0,0.0,0.0,0.0,0.0,0.0,0.9,0.0,0.8,0.0,0.0001,16.0,25903.0
2026-07-30T19:00:39.579Z,209.062,209.076,0.0,7.4,0.0,0.0,0.0,0.0,0.0,0.0,0.0,0.0,1.0,0.0,0.0,0.0,9.0,4.0,0.0,0.0,0.0,0.0,0.0,0.0,0.0,0.0,3.0,12.0,1.0,12.17,5.03,2.5,1.49,0.0,0.0,0.0,0.5,0.0,-0.2,0.0,0.0,-169.70000000000002,0.0,0.0,169.70000000000002,0.0,21.9,29.5,29.5,30.1,300.0,300.0,31.5,35.300000000000004,29.4,28.6,30.5,4.96,2.0,4.96,0.16,0.0,0.0,1027.0,8228.0,0.0,0.0,0.0,0.0,0.0,1.0,0.0,0.0,0.0,0.0,0.0,0.0,0.0,0.0,0.0,0.0001,16.0,25903.0
2026-07-30T19:00:39.591Z,209.074,209.088,0.0,7.4,0.0,0.0,0.0,0.0,0.0,0.0,0.0,0.0,1.0,0.0,0.0,0.0,9.0,4.0,0.0,0.0,0.0,0.0,0.0,0.0,0.0,0.0,5.0,12.0,1.0,12.17,5.03,2.5,1.49,0.0,0.0,0.0,0.5,0.0,-0.1,0.1,-0.6000000000000001,-169.70000000000002,0.0,0.0,169.70000000000002,0.0,21.9,29.5,29.5,30.1,300.0,300.0,31.5,35.300000000000004,29.4,28.6,30.5,4.95,2.0,4.96,0.16,0.0,0.0,1027.0,8228.0,0.0,0.0,0.0,0.0,0.0,1.0,0.0,0.0,0.0,0.0,0.0,-0.3,0.0,0.5,0.0,0.0001,16.0,25903.0
2026-07-30T19:00:39.603Z,209.086,209.1,0.0,7.4,0.0,0.0,0.0,0.0,0.0,0.0,0.0,0.0,1.0,0.0,0.0,0.0,9.0,4.0,0.0,0.0,0.0,0.0,0.0,0.0,0.0,0.0,6.0,12.0,1.0,12.17,5.01,2.51,1.49,0.0,0.0,0.0,0.4,0.0,-0.1,-0.5,-0.6000000000000001,-169.70000000000002,0.0,0.0,169.8,0.0,21.4,29.5,29.5,30.1,300.0,300.0,31.700000000000003,35.4,29.4,28.6,30.5,4.95,1.99,4.97,0.16,0.0,0.0,1027.0,8228.0,0.0,0.0,0.0,0.0,0.0,1.0,0.0,0.0,0.0,0.0,0.0,-1.0,0.0,0.4,0.0,0.0,16.0,25903.0
2026-07-30T19:00:39.615Z,209.098,209.112,0.0,7.4,0.0,0.0,0.0,0.0,0.0,0.0,0.0,0.0,1.0,0.0,0.0,0.0,9.0,4.0,0.0,0.0,0.0,0.0,0.0,0.0,0.0,0.0,2.0,12.0,1.0,12.17,5.01,2.51,1.49,0.0,0.1,0.0,0.4,0.0,0.4,0.0,0.0,-169.70000000000002,0.0,0.0,169.8,0.0,21.4,29.5,29.5,30.1,300.0,300.0,31.700000000000003,35.4,29.4,28.6,30.5,4.95,1.99,4.96,0.16,0.0,0.0,1027.0,8228.0,0.0,0.0,0.0,0.0,0.0,1.0,0.0,0.0,0.0,0.0,0.0,0.0,0.0,0.0,0.0,0.0,16.0,25903.0
2026-07-30T19:00:39.627Z,209.11,209.124,0.0,7.4,0.0,0.0,0.0,0.0,0.0,0.0,0.0,0.0,1.0,0.0,0.0,0.0,9.0,4.0,0.0,0.0,0.0,0.0,0.0,0.0,0.0,0.0,3.0,12.0,1.0,12.17,5.01,2.51,1.49,0.0,0.1,0.0,0.4,0.0,1.0,0.7000000000000001,0.0,-169.70000000000002,0.0,0.0,169.8,0.0,21.4,29.5,29.5,30.1,300.0,300.0,31.700000000000003,35.4,29.4,28.6,30.5,4.95,1.99,4.96,0.16,0.0,0.0,1027.0,8228.0,0.0,0.0,0.0,0.0,0.0,1.0,0.0,0.0,0.0,0.0,0.0,0.7000000000000001,0.0,0.1,0.0,0.0001,16.0,25903.0
2026-07-30T19:00:39.639Z,209.122,209.136,0.0,7.4,0.0,0.0,0.0,0.0,0.0,0.0,0.0,0.0,1.0,0.0,0.0,0.0,9.0,4.0,0.0,0.0,0.0,0.0,0.0,0.0,0.0,0.0,4.0,12.0,1.0,12.17,5.01,2.51,1.49,0.0,0.0,0.0,0.4,0.0,-0.1,0.7000000000000001,0.0,-169.70000000000002,0.0,0.0,169.8,0.0,21.4,29.5,29.5,30.1,300.0,300.0,31.700000000000003,35.4,29.4,28.6,30.5,4.95,1.99,4.96,0.16,0.0,0.0,1027.0,8228.0,0.0,0.0,0.0,0.0,0.0,1.0,0.0,0.0,0.0,0.0,0.0,0.8,0.0,0.1,0.0,0.0001,16.0,25903.0
2026-07-30T19:00:39.651Z,209.134,209.148,0.0,7.4,0.0,0.0,0.0,0.0,0.0,0.0,0.0,0.0,1.0,0.0,0.0,0.0,9.0,4.0,0.0,0.0,0.0,0.0,0.0,0.0,0.0,0.0,5.0,12.0,1.0,12.17,5.01,2.51,1.49,-0.1,0.1,0.0,0.4,0.0,0.4,-0.4,0.0,-169.70000000000002,0.0,0.0,169.70000000000002,0.0,21.4,29.5,29.5,30.1,300.0,300.0,31.700000000000003,35.4,29.4,28.6,30.5,4.96,2.0,4.96,0.16,0.0,0.0,1027.0,8228.0,0.0,0.0,0.0,0.0,0.0,1.0,0.0,0.0,0.0,0.0,0.0,-0.5,0.0,0.0,0.0,0.0,16.0,25903.0
2026-07-30T19:00:39.663Z,209.146,209.16,0.0,7.4,0.0,0.0,0.0,0.0,0.0,0.0,0.0,0.0,1.0,0.0,0.0,0.0,9.0,4.0,0.0,0.0,0.0,0.0,0.0,0.0,0.0,0.0,1.0,12.0,1.0,12.17,5.01,2.51,1.49,0.0,0.0,0.0,0.4,0.0,-0.1,0.1,0.5,-169.70000000000002,0.0,0.0,169.70000000000002,0.0,21.4,29.5,29.5,30.1,300.0,300.0,31.700000000000003,35.4,29.4,28.6,30.5,4.96,1.99,4.96,0.16,0.0,0.0,1027.0,8228.0,0.0,0.0,0.0,0.0,0.0,1.0,0.0,0.0,0.0,0.0,0.0,0.5,0.0,-0.4,0.0,0.0,16.0,25903.0
2026-07-30T19:00:39.678Z,209.161,209.172,0.0,7.4,0.0,0.0,0.0,0.0,0.0,0.0,0.0,0.0,1.0,0.0,0.0,0.0,9.0,4.0,0.0,0.0,0.0,0.0,0.0,0.0,0.0,0.0,2.0,12.0,1.0,12.17,5.01,2.51,1.49,0.0,0.0,0.0,0.4,0.0,0.4,0.1,-0.6000000000000001,-169.70000000000002,0.0,0.0,169.70000000000002,0.0,21.4,29.5,29.5,30.1,300.0,300.0,31.700000000000003,35.4,29.4,28.6,30.5,4.95,1.99,4.96,0.16,0.0,0.0,1027.0,8228.0,0.0,0.0,0.0,0.0,0.0,1.0,0.0,0.0,0.0,0.0,0.0,-0.2,0.0,0.5,0.0,0.0001,16.0,25903.0
2026-07-30T19:00:39.687Z,209.17,209.184,0.0,7.4,0.0,0.0,0.0,0.0,0.0,0.0,0.0,0.0,1.0,0.0,0.0,0.0,9.0,4.0,0.0,0.0,0.0,0.0,0.0,0.0,0.0,0.0,5.0,12.0,1.0,12.17,5.01,2.51,1.49,0.0,0.0,0.0,0.4,0.0,-0.1,0.1,-0.6000000000000001,-169.70000000000002,0.0,0.0,169.60000000000002,0.0,21.4,29.5,29.5,30.1,300.0,300.0,31.700000000000003,35.4,29.4,28.6,30.5,4.95,1.99,4.97,0.16,0.0,0.0,1027.0,8228.0,0.0,0.0,0.0,0.0,0.0,1.0,0.0,0.0,0.0,0.0,0.0,-1.3,0.0,1.0,0.0,0.0,16.0,25903.0
2026-07-30T19:00:39.700Z,209.183,209.196,0.0,7.4,0.0,0.0,0.0,0.0,0.0,0.0,0.0,0.0,1.0,0.0,0.0,0.0,9.0,4.0,0.0,0.0,0.0,0.0,0.0,0.0,0.0,0.0,6.0,12.0,1.0,12.18,5.01,2.51,1.49,0.0,0.0,0.0,0.4,0.0,0.4,0.1,0.0,-169.70000000000002,0.0,0.0,169.70000000000002,0.0,21.8,29.5,29.5,30.1,300.0,300.0,31.5,35.300000000000004,29.4,28.6,30.5,4.96,2.0,4.96,0.16,0.0,0.0,1027.0,8228.0,0.0,0.0,0.0,0.0,0.0,1.0,0.0,0.0,0.0,0.0,0.0,0.8,0.0,0.1,0.0,0.0,16.0,25903.0
2026-07-30T19:00:39.711Z,209.194,209.208,0.0,7.4,0.0,0.0,0.0,0.0,0.0,0.0,0.0,0.0,1.0,0.0,0.0,0.0,9.0,4.0,0.0,0.0,0.0,0.0,0.0,0.0,0.0,0.0,1.0,12.0,1.0,12.18,5.01,2.51,1.49,0.0,0.0,0.0,0.4,0.0,-0.1,-0.3,-0.5,-169.70000000000002,0.0,0.0,169.8,0.0,21.8,29.5,29.5,30.1,300.0,300.0,31.5,35.300000000000004,29.4,28.6,30.5,4.96,1.99,4.97,0.16,0.0,0.0,1027.0,8228.0,0.0,0.0,0.0,0.0,0.0,1.0,0.0,0.0,0.0,0.0,0.0,2.4000000000000004,0.0,-0.7000000000000001,0.0,0.0001,16.0,25903.0
2026-07-30T19:00:39.723Z,209.206,209.22,0.0,7.4,0.0,0.0,0.0,0.0,0.0,0.0,0.0,0.0,1.0,0.0,0.0,0.0,9.0,4.0,0.0,0.0,0.0,0.0,0.0,0.0,0.0,0.0,2.0,12.0,1.0,12.18,5.01,2.51,1.49,0.0,0.0,0.0,0.4,0.0,-0.1,0.2,-0.6000000000000001,-169.70000000000002,0.0,0.0,169.70000000000002,0.0,21.8,29.5,29.5,30.1,300.0,300.0,31.5,35.300000000000004,29.4,28.6,30.5,4.95,1.99,4.97,0.16,0.0,0.0,1027.0,8228.0,0.0,0.0,0.0,0.0,0.0,1.0,0.0,0.0,0.0,0.0,0.0,-0.1,0.0,0.6000000000000001,0.0,0.0001,16.0,25903.0
2026-07-30T19:00:39.736Z,209.219,209.232,0.0,7.4,0.0,0.0,0.0,0.0,0.0,0.0,0.0,0.0,1.0,0.0,0.0,0.0,9.0,4.0,0.0,0.0,0.0,0.0,0.0,0.0,0.0,0.0,3.0,12.0,1.0,12.18,5.01,2.51,1.49,0.0,0.0,0.0,0.4,0.0,0.4,0.2,1.0,-169.70000000000002,0.0,0.0,169.70000000000002,0.0,21.8,29.5,29.5,30.1,300.0,300.0,31.5,35.300000000000004,29.4,28.6,30.5,4.96,1.99,4.96,0.16,0.0,0.0,1027.0,8228.0,0.0,0.0,0.0,0.0,0.0,1.0,0.0,0.0,0.0,0.0,0.0,1.1,0.0,-0.9,0.0,0.0001,16.0,25903.0
2026-07-30T19:00:39.747Z,209.23,209.244,0.0,7.4,0.0,0.0,0.0,0.0,0.0,0.0,0.0,0.0,1.0,0.0,0.0,0.0,9.0,4.0,0.0,0.0,0.0,0.0,0.0,0.0,0.0,0.0,4.0,12.0,1.0,12.18,5.01,2.51,1.49,0.0,0.0,0.0,0.5,0.0,-0.1,-0.9,-1.8,-169.70000000000002,0.0,0.0,169.70000000000002,0.0,21.8,29.5,29.5,30.1,300.0,300.0,31.5,35.300000000000004,29.4,28.6,30.5,4.95,1.99,4.97,0.16,0.0,0.0,1027.0,8228.0,0.0,0.0,0.0,0.0,0.0,1.0,0.0,0.0,0.0,0.0,0.0,-2.4000000000000004,0.0,1.4,0.0,0.0001,16.0,25903.0
2026-07-30T19:00:39.759Z,209.242,209.256,0.0,7.4,0.0,0.0,0.0,0.0,0.0,0.0,0.0,0.0,1.0,0.0,0.0,0.0,9.0,4.0,0.0,0.0,0.0,0.0,0.0,0.0,0.0,0.0,5.0,12.0,1.0,12.18,5.01,2.51,1.49,0.0,0.0,0.0,0.4,0.0,0.4,-0.3,-0.6000000000000001,-169.70000000000002,0.0,0.0,169.60000000000002,0.0,21.8,29.5,29.5,30.1,300.0,300.0,31.5,35.300000000000004,29.4,28.6,30.5,4.95,1.99,4.97,0.16,0.0,0.0,1027.0,8228.0,0.0,0.0,0.0,0.0,0.0,1.0,0.0,0.0,0.0,0.0,0.0,-0.9,0.0,0.5,0.0,0.0001,16.0,25903.0
2026-07-30T19:00:39.771Z,209.254,209.268,0.0,7.4,0.0,0.0,0.0,0.0,0.0,0.0,0.0,0.0,1.0,0.0,0.0,0.0,9.0,4.0,0.0,0.0,0.0,0.0,0.0,0.0,0.0,0.0,1.0,12.0,1.0,12.18,5.01,2.51,1.49,0.0,0.0,0.0,0.4,0.0,-0.6000000000000001,1.3,-0.1,-169.70000000000002,0.0,0.0,169.70000000000002,0.0,21.8,29.5,29.5,30.1,300.0,300.0,31.5,35.300000000000004,29.4,28.6,30.5,4.96,2.0,4.97,0.16,0.0,0.0,1027.0,8228.0,0.0,0.0,0.0,0.0,0.0,1.0,0.0,0.0,0.0,0.0,0.0,1.4,0.0,0.3,0.0,0.0001,16.0,25903.0
2026-07-30T19:00:39.783Z,209.266,209.28,0.0,7.4,0.0,0.0,0.0,0.0,0.0,0.0,0.0,0.0,1.0,0.0,0.0,0.0,9.0,4.0,0.0,0.0,0.0,0.0,0.0,0.0,0.0,0.0,3.0,12.0,1.0,12.18,5.01,2.51,1.49,0.0,0.0,0.0,0.5,0.0,0.4,0.7000000000000001,0.4,-169.70000000000002,0.0,0.0,169.60000000000002,0.0,21.8,29.5,29.5,30.1,300.0,300.0,31.5,35.300000000000004,29.4,28.6,30.5,4.96,2.0,4.97,0.16,0.0,0.0,1027.0,8228.0,0.0,0.0,0.0,0.0,0.0,1.0,0.0,0.0,0.0,0.0,0.0,1.2000000000000002,0.0,-0.2,0.0,0.0,16.0,25903.0
2026-07-30T19:00:39.795Z,209.278,209.292,0.0,7.4,0.0,0.0,0.0,0.0,0.0,0.0,0.0,0.0,1.0,0.0,0.0,0.0,9.0,4.0,0.0,0.0,0.0,0.0,0.0,0.0,0.0,0.0,4.0,12.0,1.0,12.18,5.01,2.51,1.49,0.0,0.0,0.0,0.4,0.0,-0.1,-0.4,0.4,-169.70000000000002,0.0,0.0,169.70000000000002,0.0,21.8,29.5,29.5,30.1,300.0,300.0,31.5,35.300000000000004,29.4,28.6,30.5,4.96,1.99,4.97,0.16,0.0,0.0,1027.0,8228.0,0.0,0.0,0.0,0.0,0.0,1.0,0.0,0.0,0.0,0.0,0.0,-0.1,0.0,-0.4,0.0,0.0,16.0,25903.0
2026-07-30T19:00:39.807Z,209.29,209.304,0.0,7.4,0.0,0.0,0.0,0.0,0.0,0.0,0.0,0.0,1.0,0.0,0.0,0.0,9.0,4.0,0.0,0.0,0.0,0.0,0.0,0.0,0.0,0.0,5.0,12.0,1.0,12.11,5.0200000000000005,2.5,1.5,0.0,0.1,0.0,0.4,0.0,-0.1,1.9,-0.1,-169.70000000000002,0.0,0.0,169.70000000000002,0.0,21.4,29.5,29.5,30.1,300.0,300.0,31.4,35.300000000000004,29.4,28.6,30.5,4.96,1.99,4.97,0.16,0.0,0.0,1027.0,8228.0,0.0,0.0,0.0,0.0,0.0,1.0,0.0,0.0,0.0,0.0,0.0,2.0,0.0,0.5,0.0,0.0001,16.0,25903.0
2026-07-30T19:00:39.819Z,209.302,209.316,0.0,7.4,0.0,0.0,0.0,0.0,0.0,0.0,0.0,0.0,1.0,0.0,0.0,0.0,9.0,4.0,0.0,0.0,0.0,0.0,0.0,0.0,0.0,0.0,6.0,12.0,1.0,12.11,5.0200000000000005,2.5,1.5,0.0,0.0,0.0,0.4,0.0,-0.1,0.1,0.4,-169.70000000000002,0.0,0.0,169.70000000000002,0.0,21.4,29.5,29.5,30.1,300.0,300.0,31.4,35.300000000000004,29.4,28.6,30.5,4.96,1.99,4.97,0.16,0.0,0.0,1027.0,8228.0,0.0,0.0,0.0,0.0,0.0,1.0,0.0,0.0,0.0,0.0,0.0,0.4,0.0,-0.3,0.0,0.0001,16.0,25903.0
2026-07-30T19:00:39.831Z,209.314,209.328,0.0,7.4,0.0,0.0,0.0,0.0,0.0,0.0,0.0,0.0,1.0,0.0,0.0,0.0,9.0,4.0,0.0,0.0,0.0,0.0,0.0,0.0,0.0,0.0,2.0,12.0,1.0,12.11,5.0200000000000005,2.5,1.5,0.0,0.0,0.0,0.4,0.0,0.4,0.7000000000000001,-0.1,-169.70000000000002,0.0,0.0,169.70000000000002,0.0,21.4,29.5,29.5,30.1,300.0,300.0,31.4,35.300000000000004,29.4,28.6,30.5,4.95,1.99,4.96,0.16,0.0,0.0,1027.0,8228.0,0.0,0.0,0.0,0.0,0.0,1.0,0.0,0.0,0.0,0.0,0.0,0.6000000000000001,0.0,0.3,0.0,0.0,16.0,25903.0
2026-07-30T19:00:39.843Z,209.326,209.34,0.0,7.4,0.0,0.0,0.0,0.0,0.0,0.0,0.0,0.0,1.0,0.0,0.0,0.0,9.0,4.0,0.0,0.0,0.0,0.0,0.0,0.0,0.0,0.0,3.0,12.0,1.0,12.11,5.0200000000000005,2.5,1.5,0.0,0.0,0.0,0.4,0.0,0.4,0.6000000000000001,-0.1,-169.70000000000002,0.0,0.0,169.8,0.0,21.4,29.5,29.5,30.1,300.0,300.0,31.4,35.300000000000004,29.4,28.6,30.5,4.95,1.99,4.97,0.16,0.0,0.0,1027.0,8228.0,0.0,0.0,0.0,0.0,0.0,1.0,0.0,0.0,0.0,0.0,0.0,0.6000000000000001,0.0,0.3,0.0,0.0,16.0,25903.0
2026-07-30T19:00:39.855Z,209.338,209.352,0.0,7.4,0.0,0.0,0.0,0.0,0.0,0.0,0.0,0.0,1.0,0.0,0.0,0.0,9.0,4.0,0.0,0.0,0.0,0.0,0.0,0.0,0.0,0.0,4.0,12.0,1.0,12.11,5.0200000000000005,2.5,1.5,0.0,0.0,0.0,0.4,0.0,-0.7000000000000001,0.7000000000000001,-0.1,-169.70000000000002,0.0,0.0,169.8,0.0,21.4,29.5,29.5,30.1,300.0,300.0,31.4,35.300000000000004,29.4,28.6,30.5,4.95,1.99,4.96,0.16,0.0,0.0,1027.0,8228.0,0.0,0.0,0.0,0.0,0.0,1.0,0.0,0.0,0.0,0.0,0.0,0.6000000000000001,0.0,0.3,0.0,0.0,16.0,25903.0
2026-07-30T19:00:39.867Z,209.35,209.364,0.0,7.4,0.0,0.0,0.0,0.0,0.0,0.0,0.0,0.0,1.0,0.0,0.0,0.0,9.0,4.0,0.0,0.0,0.0,0.0,0.0,0.0,0.0,0.0,4.0,12.0,1.0,12.11,5.0200000000000005,2.5,1.5,0.0,0.0,0.0,0.4,0.0,-0.1,0.1,-0.1,-169.70000000000002,0.0,0.0,169.70000000000002,0.0,21.4,29.5,29.5,30.1,300.0,300.0,31.4,35.300000000000004,29.4,28.6,30.5,4.96,1.99,4.96,0.16,0.0,0.0,1027.0,8228.0,0.0,0.0,0.0,0.0,0.0,1.0,0.0,0.0,0.0,0.0,0.0,0.0,0.0,0.1,0.0,0.0,16.0,25903.0
2026-07-30T19:00:39.879Z,209.362,209.376,0.0,7.4,0.0,0.0,0.0,0.0,0.0,0.0,0.0,0.0,1.0,0.0,0.0,0.0,9.0,4.0,0.0,0.0,0.0,0.0,0.0,0.0,0.0,0.0,5.0,12.0,1.0,12.11,5.0200000000000005,2.5,1.5,0.0,0.0,0.0,0.4,0.0,1.0,-0.4,-0.1,-169.70000000000002,0.0,0.0,169.8,0.0,21.4,29.5,29.5,30.1,300.0,300.0,31.4,35.300000000000004,29.4,28.6,30.5,4.96,1.99,4.97,0.16,0.0,0.0,1027.0,8228.0,0.0,0.0,0.0,0.0,0.0,1.0,0.0,0.0,0.0,0.0,0.0,-0.6000000000000001,0.0,0.0,0.0,0.0001,16.0,25903.0
2026-07-30T19:00:39.891Z,209.374,209.388,0.0,7.4,0.0,0.0,0.0,0.0,0.0,0.0,0.0,0.0,1.0,0.0,0.0,0.0,9.0,4.0,0.0,0.0,0.0,0.0,0.0,0.0,0.0,0.0,6.0,12.0,1.0,12.11,5.0200000000000005,2.5,1.5,0.0,0.0,0.0,0.4,0.0,0.4,0.6000000000000001,0.9,-169.70000000000002,0.0,0.0,169.8,0.0,21.4,29.5,29.5,30.1,300.0,300.0,31.4,35.300000000000004,29.4,28.6,30.5,4.96,1.99,4.96,0.16,0.0,0.0,1027.0,8228.0,0.0,0.0,0.0,0.0,0.0,1.0,0.0,0.0,0.0,0.0,0.0,1.4,0.0,-0.7000000000000001,0.0,0.0001,16.0,25903.0
2026-07-30T19:00:39.904Z,209.387,209.4,0.0,7.4,0.0,0.0,0.0,0.0,0.0,0.0,0.0,0.0,1.0,0.0,0.0,0.0,9.0,4.0,0.0,0.0,0.0,0.0,0.0,0.0,0.0,0.0,1.0,12.0,1.0,12.17,5.01,2.5,1.49,0.0,0.0,0.0,0.4,0.0,0.4,0.6000000000000001,-0.7000000000000001,-169.70000000000002,0.0,0.0,169.70000000000002,0.0,21.9,29.5,29.5,30.1,300.0,300.0,31.4,35.4,29.4,28.6,30.5,4.96,2.0,4.96,0.16,0.0,0.0,1027.0,8228.0,0.0,0.0,0.0,0.0,0.0,1.0,0.0,0.0,0.0,0.0,0.0,0.2,0.0,0.7000000000000001,0.0,0.0002,16.0,25903.0
2026-07-30T19:00:39.915Z,209.398,209.412,0.0,7.4,0.0,0.0,0.0,0.0,0.0,0.0,0.0,0.0,1.0,0.0,0.0,0.0,9.0,4.0,0.0,0.0,0.0,0.0,0.0,0.0,0.0,0.0,2.0,12.0,1.0,12.17,5.01,2.5,1.49,0.0,0.0,0.0,0.4,0.0,-0.1,-0.4,0.3,-169.70000000000002,0.0,0.0,169.70000000000002,0.0,21.9,29.5,29.5,30.1,300.0,300.0,31.4,35.4,29.4,28.6,30.5,4.95,1.99,4.96,0.16,0.0,0.0,1027.0,8228.0,0.0,0.0,0.0,0.0,0.0,1.0,0.0,0.0,0.0,0.0,0.0,-0.2,0.0,-0.4,0.0,0.0002,16.0,25903.0
2026-07-30T19:00:39.928Z,209.411,209.424,0.0,7.4,0.0,0.0,0.0,0.0,0.0,0.0,0.0,0.0,1.0,0.0,0.0,0.0,9.0,4.0,0.0,0.0,0.0,0.0,0.0,0.0,0.0,0.0,3.0,12.0,1.0,12.17,5.01,2.5,1.49,0.0,0.0,0.0,0.4,0.0,0.4,-0.4,-0.1,-169.70000000000002,0.0,0.0,169.8,0.0,21.9,29.5,29.5,30.1,300.0,300.0,31.4,35.4,29.4,28.6,30.5,4.95,1.99,4.97,0.16,0.0,0.0,1027.0,8228.0,0.0,0.0,0.0,0.0,0.0,1.0,0.0,0.0,0.0,0.0,0.0,-0.6000000000000001,0.0,0.0,0.0,0.0001,16.0,25903.0
2026-07-30T19:00:39.939Z,209.422,209.436,0.0,7.4,0.0,0.0,0.0,0.0,0.0,0.0,0.0,0.0,1.0,0.0,0.0,0.0,9.0,4.0,0.0,0.0,0.0,0.0,0.0,0.0,0.0,0.0,4.0,12.0,1.0,12.17,5.01,2.5,1.49,0.0,0.0,0.0,0.4,0.0,-0.6000000000000001,0.1,0.3,-169.70000000000002,0.0,0.0,169.8,0.0,21.9,29.5,29.5,30.1,300.0,300.0,31.4,35.4,29.4,28.6,30.5,4.96,2.0,4.96,0.16,0.0,0.0,1027.0,8228.0,0.0,0.0,0.0,0.0,0.0,1.0,0.0,0.0,0.0,0.0,0.0,0.4,0.0,-0.3,0.0,0.0002,16.0,25903.0
2026-07-30T19:00:39.951Z,209.434,209.448,0.0,7.4,0.0,0.0,0.0,0.0,0.0,0.0,0.0,0.0,1.0,0.0,0.0,0.0,9.0,4.0,0.0,0.0,0.0,0.0,0.0,0.0,0.0,0.0,5.0,12.0,1.0,12.17,5.01,2.5,1.49,0.0,0.0,0.0,0.4,0.0,0.0,0.7000000000000001,-0.1,-169.70000000000002,0.0,0.0,169.70000000000002,0.0,21.9,29.5,29.5,30.1,300.0,300.0,31.4,35.4,29.4,28.6,30.5,4.96,1.99,4.97,0.16,0.0,0.0,1027.0,8228.0,0.0,0.0,0.0,0.0,0.0,1.0,0.0,0.0,0.0,0.0,0.0,0.6000000000000001,0.0,0.3,0.0,0.0001,16.0,25903.0
2026-07-30T19:00:39.963Z,209.446,209.46,0.0,7.4,0.0,0.0,0.0,0.0,0.0,0.0,0.0,0.0,1.0,0.0,0.0,0.0,9.0,4.0,0.0,0.0,0.0,0.0,0.0,0.0,0.0,0.0,6.0,12.0,1.0,12.17,5.01,2.5,1.49,0.0,0.0,0.0,0.5,0.0,1.0,0.1,0.3,-169.70000000000002,0.0,0.0,169.8,0.0,21.9,29.5,29.5,30.1,300.0,300.0,31.4,35.4,29.4,28.6,30.5,4.95,1.99,4.97,0.16,0.0,0.0,1027.0,8228.0,0.0,0.0,0.0,0.0,0.0,1.0,0.0,0.0,0.0,0.0,0.0,0.4,0.0,-0.3,0.0,0.0001,16.0,25903.0
2026-07-30T19:00:39.975Z,209.458,209.472,0.0,7.4,0.0,0.0,0.0,0.0,0.0,0.0,0.0,0.0,1.0,0.0,0.0,0.0,9.0,4.0,0.0,0.0,0.0,0.0,0.0,0.0,0.0,0.0,1.0,12.0,1.0,12.17,5.01,2.5,1.49,0.0,0.0,0.0,0.4,0.0,0.4,0.1,-0.1,-169.70000000000002,0.0,0.0,169.8,0.0,21.9,29.5,29.5,30.1,300.0,300.0,31.4,35.4,29.4,28.6,30.5,4.96,1.99,4.96,0.16,0.0,0.0,1027.0,8228.0,0.0,0.0,0.0,0.0,0.0,1.0,0.0,0.0,0.0,0.0,0.0,0.0,0.0,0.1,0.0,0.0002,16.0,25903.0
2026-07-30T19:00:39.994Z,209.477,209.484,0.0,7.4,0.0,0.0,0.0,0.0,0.0,0.0,0.0,0.0,1.0,0.0,0.0,0.0,9.0,4.0,0.0,0.0,0.0,0.0,0.0,0.0,0.0,0.0,3.0,12.0,1.0,12.17,5.01,2.5,1.49,0.0,0.0,0.0,0.5,0.0,-0.1,-1.0,-1.3,-169.70000000000002,0.0,0.0,169.8,0.0,21.9,29.5,29.5,30.1,300.0,300.0,31.4,35.4,29.4,28.6,30.5,4.96,1.99,4.96,0.16,0.0,0.0,1027.0,8228.0,0.0,0.0,0.0,0.0,0.0,1.0,0.0,0.0,0.0,0.0,0.0,-2.1,0.0,1.0,0.0,0.0,16.0,25903.0
2026-07-30T19:00:39.999Z,209.482,209.496,0.0,7.4,0.0,0.0,0.0,0.0,0.0,0.0,0.0,0.0,1.0,0.0,0.0,0.0,9.0,4.0,0.0,0.0,0.0,0.0,0.0,0.0,0.0,0.0,6.0,12.0,1.0,12.17,5.01,2.5,1.49,0.0,0.0,0.0,0.4,0.0,-0.1,0.1,-1.3,-169.70000000000002,0.0,0.0,169.8,0.0,21.9,29.5,29.5,30.1,300.0,300.0,31.4,35.4,29.4,28.6,30.5,4.96,1.99,4.97,0.16,0.0,0.0,1027.0,8228.0,0.0,0.0,0.0,0.0,0.0,1.0,0.0,0.0,0.0,0.0,0.0,-0.7000000000000001,0.0,1.1,0.0,0.0001,16.0,25903.0
2026-07-30T19:00:40.011Z,209.494,209.508,0.0,7.4,0.0,0.0,0.0,0.0,0.0,0.0,0.0,0.0,1.0,0.0,0.0,0.0,9.0,4.0,0.0,0.0,0.0,0.0,0.0,0.0,0.0,0.0,4.0,12.0,1.0,12.18,5.0200000000000005,2.51,1.5,0.0,0.0,0.0,0.4,0.0,-0.1,0.7000000000000001,1.0,-169.70000000000002,0.0,0.0,169.8,0.0,21.4,29.5,29.5,30.1,300.0,300.0,31.5,35.4,29.4,28.6,30.5,4.95,1.99,4.97,0.16,0.0,0.0,1027.0,8228.0,0.0,0.0,0.0,0.0,0.0,1.0,0.0,0.0,0.0,0.0,0.0,1.6,0.0,-0.7000000000000001,0.0,0.0,16.0,25903.0
2026-07-30T19:00:40.023Z,209.506,209.52,0.0,7.4,0.0,0.0,0.0,0.0,0.0,0.0,0.0,0.0,1.0,0.0,0.0,0.0,9.0,4.0,0.0,0.0,0.0,0.0,0.0,0.0,0.0,0.0,5.0,12.0,1.0,12.18,5.0200000000000005,2.51,1.5,0.0,0.0,0.0,0.4,0.0,-0.1,-1.0,-0.6000000000000001,-169.70000000000002,0.0,0.0,169.8,0.0,21.4,29.5,29.5,30.1,300.0,300.0,31.5,35.4,29.4,28.6,30.5,4.96,1.99,4.96,0.16,0.0,0.0,1027.0,8228.0,0.0,0.0,0.0,0.0,0.0,1.0,0.0,0.0,0.0,0.0,0.0,-1.6,0.0,0.4,0.0,0.0001,16.0,25903.0
2026-07-30T19:00:40.035Z,209.518,209.532,0.0,7.4,0.0,0.0,0.0,0.0,0.0,0.0,0.0,0.0,1.0,0.0,0.0,0.0,9.0,4.0,0.0,0.0,0.0,0.0,0.0,0.0,0.0,0.0,1.0,12.0,1.0,12.18,5.0200000000000005,2.51,1.5,0.0,0.1,0.0,0.4,0.0,0.4,-0.4,-0.6000000000000001,-169.70000000000002,0.0,0.0,169.70000000000002,0.0,21.4,29.5,29.5,30.1,300.0,300.0,31.5,35.4,29.4,28.6,30.5,4.95,2.0,4.97,0.16,0.0,0.0,1027.0,8228.0,0.0,0.0,0.0,0.0,0.0,1.0,0.0,0.0,0.0,0.0,0.0,-1.0,0.0,0.5,0.0,0.0,16.0,25903.0
2026-07-30T19:00:40.047Z,209.53,209.544,0.0,7.4,0.0,0.0,0.0,0.0,0.0,0.0,0.0,0.0,1.0,0.0,0.0,0.0,9.0,4.0,0.0,0.0,0.0,0.0,0.0,0.0,0.0,0.0,2.0,12.0,1.0,12.18,5.0200000000000005,2.51,1.5,0.0,0.0,0.0,0.4,0.0,0.4,0.6000000000000001,1.0,-169.70000000000002,0.0,0.0,169.8,0.0,21.4,29.5,29.5,30.1,300.0,300.0,31.5,35.4,29.4,28.6,30.5,4.95,1.99,4.96,0.16,0.0,0.0,1027.0,8228.0,0.0,0.0,0.0,0.0,0.0,1.0,0.0,0.0,0.0,0.0,0.0,1.5,0.0,-0.8,0.0,0.0001,16.0,25903.0
2026-07-30T19:00:40.059Z,209.542,209.556,0.0,7.4,0.0,0.0,0.0,0.0,0.0,0.0,0.0,0.0,1.0,0.0,0.0,0.0,9.0,4.0,0.0,0.0,0.0,0.0,0.0,0.0,0.0,0.0,3.0,12.0,1.0,12.18,5.0200000000000005,2.51,1.5,0.0,0.0,0.0,0.4,0.0,0.9,0.6000000000000001,0.5,-169.70000000000002,0.0,0.0,169.60000000000002,0.0,21.4,29.5,29.5,30.1,300.0,300.0,31.5,35.4,29.4,28.6,30.5,4.96,1.99,4.96,0.16,0.0,0.0,1027.0,8228.0,0.0,0.0,0.0,0.0,0.0,1.0,0.0,0.0,0.0,0.0,0.0,1.1,0.0,-0.3,0.0,0.0,16.0,25903.0
2026-07-30T19:00:40.071Z,209.554,209.568,0.0,7.4,0.0,0.0,0.0,0.0,0.0,0.0,0.0,0.0,1.0,0.0,0.0,0.0,9.0,4.0,0.0,0.0,0.0,0.0,0.0,0.0,0.0,0.0,4.0,12.0,1.0,12.18,5.0200000000000005,2.51,1.5,0.0,0.0,0.0,0.4,0.0,1.5,0.6000000000000001,2.2,-169.70000000000002,0.0,0.0,169.70000000000002,0.0,21.4,29.5,29.5,30.1,300.0,300.0,31.5,35.4,29.4,28.6,30.5,4.95,1.99,4.96,0.16,0.0,0.0,1027.0,8228.0,0.0,0.0,0.0,0.0,0.0,1.0,0.0,0.0,0.0,0.0,0.0,2.4000000000000004,0.0,-1.8,0.0,0.0001,16.0,25903.0
2026-07-30T19:00:40.083Z,209.566,209.58,0.0,7.4,0.0,0.0,0.0,0.0,0.0,0.0,0.0,0.0,1.0,0.0,0.0,0.0,9.0,4.0,0.0,0.0,0.0,0.0,0.0,0.0,0.0,0.0,5.0,12.0,1.0,12.18,5.0200000000000005,2.51,1.5,-0.1,0.1,0.0,0.4,0.0,-0.7000000000000001,0.0,-1.2000000000000002,-169.70000000000002,0.0,0.0,169.60000000000002,0.0,21.4,29.5,29.5,30.1,300.0,300.0,31.5,35.4,29.4,28.6,30.5,4.95,1.99,4.97,0.16,0.0,0.0,1027.0,8228.0,0.0,0.0,0.0,0.0,0.0,1.0,0.0,0.0,0.0,0.0,0.0,-0.8,0.0,1.1,0.0,0.0001,16.0,25903.0
2026-07-30T19:00:40.095Z,209.578,209.592,0.0,7.4,0.0,0.0,0.0,0.0,0.0,0.0,0.0,0.0,1.0,0.0,0.0,0.0,9.0,4.0,0.0,0.0,0.0,0.0,0.0,0.0,0.0,0.0,6.0,12.0,1.0,12.18,5.0200000000000005,2.51,1.5,0.0,0.0,0.0,0.4,0.0,0.9,0.5,0.4,-169.70000000000002,0.0,0.0,169.8,0.0,21.4,29.5,29.5,30.1,300.0,300.0,31.5,35.4,29.4,28.6,30.5,4.95,1.99,4.97,0.16,0.0,0.0,1027.0,8228.0,0.0,0.0,0.0,0.0,0.0,1.0,0.0,0.0,0.0,0.0,0.0,0.9,0.0,-0.2,0.0,0.0001,16.0,25903.0
2026-07-30T19:00:40.108Z,209.591,209.604,0.0,7.4,0.0,0.0,0.0,0.0,0.0,0.0,0.0,0.0,1.0,0.0,0.0,0.0,9.0,4.0,0.0,0.0,0.0,0.0,0.0,0.0,0.0,0.0,1.0,12.0,1.0,12.17,5.0200000000000005,2.51,1.49,0.0,0.0,0.0,0.5,0.0,0.3,1.1,-1.3,-169.70000000000002,0.0,0.0,169.8,0.0,21.8,29.5,29.5,30.1,300.0,300.0,31.4,35.4,29.4,28.6,30.5,4.96,2.0,4.97,0.16,0.0,0.0,1027.0,8228.0,0.0,0.0,0.0,0.0,0.0,1.0,0.0,0.0,0.0,0.0,0.0,0.3,0.0,1.4,0.0,0.0001,16.0,25903.0
2026-07-30T19:00:40.119Z,209.602,209.616,0.0,7.4,0.0,0.0,0.0,0.0,0.0,0.0,0.0,0.0,1.0,0.0,0.0,0.0,9.0,4.0,0.0,0.0,0.0,0.0,0.0,0.0,0.0,0.0,2.0,12.0,1.0,12.17,5.0200000000000005,2.51,1.49,0.0,0.0,0.0,0.4,0.0,-0.1,-1.0,-0.1,-169.70000000000002,0.0,0.0,169.70000000000002,0.0,21.8,29.5,29.5,30.1,300.0,300.0,31.4,35.4,29.4,28.6,30.5,4.95,2.0,4.97,0.16,0.0,0.0,1027.0,8228.0,0.0,0.0,0.0,0.0,0.0,1.0,0.0,0.0,0.0,0.0,0.0,-1.3,0.0,0.0,0.0,0.0001,16.0,25903.0
2026-07-30T19:00:40.131Z,209.614,209.628,0.0,7.4,0.0,0.0,0.0,0.0,0.0,0.0,0.0,0.0,1.0,0.0,0.0,0.0,9.0,4.0,0.0,0.0,0.0,0.0,0.0,0.0,0.0,0.0,3.0,12.0,1.0,12.17,5.0200000000000005,2.51,1.49,0.0,0.0,0.0,0.4,0.0,0.3,0.0,0.4,-169.70000000000002,0.0,0.0,169.8,0.0,21.8,29.5,29.5,30.1,300.0,300.0,31.4,35.4,29.4,28.6,30.5,4.96,2.0,4.97,0.16,0.0,0.0,1027.0,8228.0,0.0,0.0,0.0,0.0,0.0,1.0,0.0,0.0,0.0,0.0,0.0,0.4,0.0,-0.3,0.0,0.0001,16.0,25903.0
2026-07-30T19:00:40.143Z,209.626,209.64,0.0,7.4,0.0,0.0,0.0,0.0,0.0,0.0,0.0,0.0,1.0,0.0,0.0,0.0,9.0,4.0,0.0,0.0,0.0,0.0,0.0,0.0,0.0,0.0,5.0,12.0,1.0,12.17,5.0200000000000005,2.51,1.49,0.0,0.0,0.0,0.4,0.0,-0.2,0.0,1.0,-169.70000000000002,0.0,0.0,169.70000000000002,0.0,21.8,29.5,29.5,30.1,300.0,300.0,31.4,35.4,29.4,28.6,30.5,4.96,2.0,4.97,0.16,0.0,0.0,1027.0,8228.0,0.0,0.0,0.0,0.0,0.0,1.0,0.0,0.0,0.0,0.0,0.0,0.8,0.0,-0.8,0.0,0.0001,16.0,25903.0
2026-07-30T19:00:40.155Z,209.638,209.652,0.0,7.4,0.0,0.0,0.0,0.0,0.0,0.0,0.0,0.0,1.0,0.0,0.0,0.0,9.0,4.0,0.0,0.0,0.0,0.0,0.0,0.0,0.0,0.0,6.0,12.0,1.0,12.17,5.0200000000000005,2.51,1.49,0.0,0.1,0.0,0.4,0.0,1.5,1.2000000000000002,0.9,-169.70000000000002,0.0,0.0,169.70000000000002,0.0,21.8,29.5,29.5,30.1,300.0,300.0,31.4,35.4,29.4,28.6,30.5,4.95,1.99,4.97,0.16,0.0,0.0,1027.0,8228.0,0.0,0.0,0.0,0.0,0.0,1.0,0.0,0.0,0.0,0.0,0.0,2.1,0.0,-0.5,0.0,0.0001,16.0,25903.0
2026-07-30T19:00:40.167Z,209.65,209.664,0.0,7.4,0.0,0.0,0.0,0.0,0.0,0.0,0.0,0.0,1.0,0.0,0.0,0.0,9.0,4.0,0.0,0.0,0.0,0.0,0.0,0.0,0.0,0.0,1.0,12.0,1.0,12.17,5.0200000000000005,2.51,1.49,0.0,0.0,0.0,0.5,0.0,0.3,0.6000000000000001,-0.8,-169.70000000000002,0.0,0.0,169.8,0.0,21.8,29.5,29.5,30.1,300.0,300.0,31.4,35.4,29.4,28.6,30.5,4.95,1.99,4.97,0.16,0.0,0.0,1027.0,8228.0,0.0,0.0,0.0,0.0,0.0,1.0,0.0,0.0,0.0,0.0,0.0,0.1,0.0,0.8,0.0,0.0003,16.0,25903.0
2026-07-30T19:00:40.179Z,209.662,209.676,0.0,7.4,0.0,0.0,0.0,0.0,0.0,0.0,0.0,0.0,1.0,0.0,0.0,0.0,9.0,4.0,0.0,0.0,0.0,0.0,0.0,0.0,0.0,0.0,3.0,12.0,1.0,12.17,5.0200000000000005,2.51,1.49,0.0,0.0,0.0,0.4,0.0,-0.2,-1.0,-1.3,-169.70000000000002,0.0,0.0,169.70000000000002,0.0,21.8,29.5,29.5,30.1,300.0,300.0,31.4,35.4,29.4,28.6,30.5,4.96,2.0,4.96,0.16,0.0,0.0,1027.0,8228.0,0.0,0.0,0.0,0.0,0.0,1.0,0.0,0.0,0.0,0.0,0.0,-2.2,0.0,0.9,0.0,0.0001,16.0,25903.0
2026-07-30T19:00:40.191Z,209.674,209.688,0.0,7.4,0.0,0.0,0.0,0.0,0.0,0.0,0.0,0.0,1.0,0.0,0.0,0.0,9.0,4.0,0.0,0.0,0.0,0.0,0.0,0.0,0.0,0.0,4.0,12.0,1.0,12.17,5.0200000000000005,2.51,1.49,0.0,0.0,0.0,0.4,0.0,0.8,0.0,-0.2,-169.70000000000002,0.0,0.0,169.8,0.0,21.8,29.5,29.5,30.1,300.0,300.0,31.4,35.4,29.4,28.6,30.5,4.96,1.99,4.97,0.16,0.0,0.0,1027.0,8228.0,0.0,0.0,0.0,0.0,0.0,1.0,0.0,0.0,0.0,0.0,0.0,-0.1,0.0,0.2,0.0,0.0001,16.0,25903.0
2026-07-30T19:00:40.203Z,209.686,209.7,0.0,7.4,0.0,0.0,0.0,0.0,0.0,0.0,0.0,0.0,1.0,0.0,0.0,0.0,9.0,4.0,0.0,0.0,0.0,0.0,0.0,0.0,0.0,0.0,5.0,12.0,1.0,12.17,5.0200000000000005,2.51,1.49,0.0,0.0,0.0,0.4,0.0,-0.2,1.2000000000000002,-0.2,-169.70000000000002,0.0,0.0,169.70000000000002,0.0,21.8,29.5,29.5,30.1,300.0,300.0,31.4,35.4,29.4,28.6,30.5,4.95,2.0,4.97,0.16,0.0,0.0,1027.0,8228.0,0.0,0.0,0.0,0.0,0.0,1.0,0.0,0.0,0.0,0.0,0.0,1.6,0.0,0.0,0.0,0.0002,16.0,25903.0
2026-07-30T19:00:40.215Z,209.698,209.712,0.0,7.4,0.0,0.0,0.0,0.0,0.0,0.0,0.0,0.0,1.0,0.0,0.0,0.0,9.0,4.0,0.0,0.0,0.0,0.0,0.0,0.0,0.0,0.0,6.0,12.0,1.0,12.18,5.01,2.5,1.49,0.0,0.0,0.0,0.4,0.0,0.3,0.0,0.9,-169.70000000000002,0.0,0.0,169.60000000000002,0.0,21.9,29.5,29.5,30.1,300.0,300.0,31.3,35.4,29.4,28.6,30.5,4.96,2.0,4.96,0.16,0.0,0.0,1027.0,8228.0,0.0,0.0,0.0,0.0,0.0,1.0,0.0,0.0,0.0,0.0,0.0,0.0,0.0,0.2,0.0,0.0,16.0,25903.0
2026-07-30T19:00:40.228Z,209.711,209.724,0.0,7.4,0.0,0.0,0.0,0.0,0.0,0.0,0.0,0.0,1.0,0.0,0.0,0.0,9.0,4.0,0.0,0.0,0.0,0.0,0.0,0.0,0.0,0.0,1.0,12.0,1.0,12.18,5.01,2.5,1.49,0.0,0.0,0.0,0.4,0.0,0.8,0.0,-1.4,-169.70000000000002,0.0,0.0,169.8,0.0,21.9,29.5,29.5,30.1,300.0,300.0,31.3,35.4,29.4,28.6,30.5,4.96,1.99,4.96,0.16,0.0,0.0,1027.0,8228.0,0.0,0.0,0.0,0.0,0.0,1.0,0.0,0.0,0.0,0.0,0.0,-1.4,0.0,0.0,0.0,0.0002,16.0,25903.0
2026-07-30T19:00:40.239Z,209.722,209.736,0.0,7.4,0.0,0.0,0.0,0.0,0.0,0.0,0.0,0.0,1.0,0.0,0.0,0.0,9.0,4.0,0.0,0.0,0.0,0.0,0.0,0.0,0.0,0.0,2.0,12.0,1.0,12.18,5.01,2.5,1.49,0.0,0.0,0.0,0.4,0.0,-0.8,0.0,-1.3,-169.70000000000002,0.0,0.0,169.8,0.0,21.9,29.5,29.5,30.1,300.0,300.0,31.3,35.4,29.4,28.6,30.5,4.96,1.99,4.97,0.16,0.0,0.0,1027.0,8228.0,0.0,0.0,0.0,0.0,0.0,1.0,0.0,0.0,0.0,0.0,0.0,-0.9,0.0,1.2000000000000002,0.0,0.0001,16.0,25903.0
2026-07-30T19:00:40.251Z,209.734,209.748,0.0,7.4,0.0,0.0,0.0,0.0,0.0,0.0,0.0,0.0,1.0,0.0,0.0,0.0,9.0,4.0,0.0,0.0,0.0,0.0,0.0,0.0,0.0,0.0,4.0,12.0,1.0,12.18,5.01,2.5,1.49,0.0,0.1,0.0,0.4,0.0,0.2,0.6000000000000001,-0.7000000000000001,-169.70000000000002,0.0,0.0,169.70000000000002,0.0,21.9,29.5,29.5,30.1,300.0,300.0,31.3,35.4,29.4,28.6,30.5,4.96,1.99,4.97,0.16,0.0,0.0,1027.0,8228.0,0.0,0.0,0.0,0.0,0.0,1.0,0.0,0.0,0.0,0.0,0.0,0.1,0.0,0.8,0.0,0.0001,16.0,25903.0
2026-07-30T19:00:40.263Z,209.746,209.76,0.0,7.4,0.0,0.0,0.0,0.0,0.0,0.0,0.0,0.0,1.0,0.0,0.0,0.0,9.0,4.0,0.0,0.0,0.0,0.0,0.0,0.0,0.0,0.0,5.0,12.0,1.0,12.18,5.01,2.5,1.49,0.0,0.1,0.0,0.4,0.0,-0.3,0.0,-0.2,-169.70000000000002,0.0,0.0,169.8,0.0,21.9,29.5,29.5,30.1,300.0,300.0,31.3,35.4,29.4,28.6,30.5,4.95,1.99,4.96,0.16,0.0,0.0,1027.0,8228.0,0.0,0.0,0.0,0.0,0.0,1.0,0.0,0.0,0.0,0.0,0.0,0.0,0.0,0.2,0.0,0.0002,16.0,25903.0
2026-07-30T19:00:40.275Z,209.758,209.772,0.0,7.4,0.0,0.0,0.0,0.0,0.0,0.0,0.0,0.0,1.0,0.0,0.0,0.0,9.0,4.0,0.0,0.0,0.0,0.0,0.0,0.0,0.0,0.0,6.0,12.0,1.0,12.18,5.01,2.5,1.49,0.0,0.0,0.0,0.4,0.0,0.8,0.6000000000000001,1.0,-169.70000000000002,0.0,0.0,169.70000000000002,0.0,21.9,29.5,29.5,30.1,300.0,300.0,31.3,35.4,29.4,28.6,30.5,4.95,1.99,4.97,0.16,0.0,0.0,1027.0,8228.0,0.0,0.0,0.0,0.0,0.0,1.0,0.0,0.0,0.0,0.0,0.0,1.5,0.0,-0.7000000000000001,0.0,0.0001,16.0,25903.0
2026-07-30T19:00:40.287Z,209.77,209.784,0.0,7.4,0.0,0.0,0.0,0.0,0.0,0.0,0.0,0.0,1.0,0.0,0.0,0.0,9.0,4.0,0.0,0.0,0.0,0.0,0.0,0.0,0.0,0.0,1.0,12.0,1.0,12.18,5.01,2.5,1.49,0.0,0.0,0.0,0.4,0.0,0.2,1.8,1.0,-169.70000000000002,0.0,0.0,169.8,0.0,21.9,29.5,29.5,30.1,300.0,300.0,31.3,35.4,29.4,28.6,30.5,4.95,1.99,4.97,0.16,0.0,0.0,1027.0,8228.0,0.0,0.0,0.0,0.0,0.0,1.0,0.0,0.0,0.0,0.0,0.0,2.8000000000000003,0.0,-0.5,0.0,0.0,16.0,25903.0
2026-07-30T19:00:40.299Z,209.782,209.796,0.0,7.4,0.0,0.0,0.0,0.0,0.0,0.0,0.0,0.0,1.0,0.0,0.0,0.0,9.0,4.0,0.0,0.0,0.0,0.0,0.0,0.0,0.0,0.0,3.0,12.0,1.0,12.18,5.01,2.5,1.49,0.0,0.0,0.0,0.4,0.0,-0.8,0.0,-1.9,-169.70000000000002,0.0,0.0,169.70000000000002,0.0,21.9,29.5,29.5,30.1,300.0,300.0,31.3,35.4,29.4,28.6,30.5,4.96,1.99,4.97,0.16,0.0,0.0,1027.0,8228.0,0.0,0.0,0.0,0.0,0.0,1.0,0.0,0.0,0.0,0.0,0.0,-1.3,0.0,1.7000000000000002,0.0,0.0001,16.0,25903.0
2026-07-30T19:00:40.317Z,209.8,209.808,0.0,7.4,0.0,0.0,0.0,0.0,0.0,0.0,0.0,0.0,1.0,0.0,0.0,0.0,9.0,4.0,0.0,0.0,0.0,0.0,0.0,0.0,0.0,0.0,4.0,12.0,1.0,12.15,5.0200000000000005,2.51,1.49,0.0,0.1,0.0,0.4,0.0,0.2,-1.1,-0.2,-169.70000000000002,0.0,0.0,169.8,0.0,21.700000000000003,29.5,29.5,30.1,300.0,300.0,31.4,35.300000000000004,29.4,28.6,30.4,4.96,1.99,4.97,0.16,0.0,0.0,1027.0,8228.0,0.0,0.0,0.0,0.0,0.0,1.0,0.0,0.0,0.0,0.0,0.0,-1.4,0.0,0.0,0.0,0.0001,16.0,25903.0
2026-07-30T19:00:40.323Z,209.806,209.82,0.0,7.4,0.0,0.0,0.0,0.0,0.0,0.0,0.0,0.0,1.0,0.0,0.0,0.0,9.0,4.0,0.0,0.0,0.0,0.0,0.0,0.0,0.0,0.0,2.0,12.0,1.0,12.15,5.0200000000000005,2.51,1.49,0.0,0.0,0.0,0.4,0.0,0.2,-0.5,-0.2,-169.70000000000002,0.0,0.0,169.8,0.0,21.700000000000003,29.5,29.5,30.1,300.0,300.0,31.4,35.300000000000004,29.4,28.6,30.4,4.95,1.99,4.97,0.16,0.0,0.0,1027.0,8228.0,0.0,0.0,0.0,0.0,0.0,1.0,0.0,0.0,0.0,0.0,0.0,-0.7000000000000001,0.0,0.0,0.0,0.0,16.0,25903.0
2026-07-30T19:00:40.335Z,209.818,209.832,0.0,7.4,0.0,0.0,0.0,0.0,0.0,0.0,0.0,0.0,1.0,0.0,0.0,0.0,9.0,4.0,0.0,0.0,0.0,0.0,0.0,0.0,0.0,0.0,2.0,12.0,1.0,12.15,5.0200000000000005,2.51,1.49,0.0,0.0,0.0,0.4,0.0,-0.3,1.2000000000000002,-0.7000000000000001,-169.70000000000002,0.0,0.0,169.70000000000002,0.0,21.700000000000003,29.5,29.5,30.1,300.0,300.0,31.4,35.300000000000004,29.4,28.6,30.4,4.95,1.99,4.96,0.16,0.0,0.0,1027.0,8228.0,0.0,0.0,0.0,0.0,0.0,1.0,0.0,0.0,0.0,0.0,0.0,0.8,0.0,0.9,0.0,0.0,16.0,25903.0
2026-07-30T19:00:40.347Z,209.83,209.844,0.0,7.4,0.0,0.0,0.0,0.0,0.0,0.0,0.0,0.0,1.0,0.0,0.0,0.0,9.0,4.0,0.0,0.0,0.0,0.0,0.0,0.0,0.0,0.0,3.0,12.0,1.0,12.15,5.0200000000000005,2.51,1.49,0.0,0.0,0.0,0.4,0.0,1.4,0.1,0.4,-169.70000000000002,0.0,0.0,169.70000000000002,0.0,21.700000000000003,29.5,29.5,30.1,300.0,300.0,31.4,35.300000000000004,29.4,28.6,30.4,4.96,2.0,4.96,0.16,0.0,0.0,1027.0,8228.0,0.0,0.0,0.0,0.0,0.0,1.0,0.0,0.0,0.0,0.0,0.0,0.4,0.0,-0.3,0.0,0.0,16.0,25903.0
2026-07-30T19:00:40.359Z,209.842,209.856,0.0,7.4,0.0,0.0,0.0,0.0,0.0,0.0,0.0,0.0,1.0,0.0,0.0,0.0,9.0,4.0,0.0,0.0,0.0,0.0,0.0,0.0,0.0,0.0,5.0,12.0,1.0,12.15,5.0200000000000005,2.51,1.49,0.0,0.0,0.0,0.4,0.0,0.9,0.1,1.5,-169.70000000000002,0.0,0.0,169.70000000000002,0.0,21.700000000000003,29.5,29.5,30.1,300.0,300.0,31.4,35.300000000000004,29.4,28.6,30.4,4.95,2.0,4.97,0.16,0.0,0.0,1027.0,8228.0,0.0,0.0,0.0,0.0,0.0,1.0,0.0,0.0,0.0,0.0,0.0,1.3,0.0,-1.3,0.0,0.0,16.0,25903.0
2026-07-30T19:00:40.371Z,209.854,209.868,0.0,7.4,0.0,0.0,0.0,0.0,0.0,0.0,0.0,0.0,1.0,0.0,0.0,0.0,9.0,4.0,0.0,0.0,0.0,0.0,0.0,0.0,0.0,0.0,6.0,12.0,1.0,12.15,5.0200000000000005,2.51,1.49,0.0,0.0,0.0,0.4,0.0,0.3,-0.4,-0.7000000000000001,-169.70000000000002,0.0,0.0,169.70000000000002,0.0,21.700000000000003,29.5,29.5,30.1,300.0,300.0,31.4,35.300000000000004,29.4,28.6,30.4,4.96,1.99,4.97,0.16,0.0,0.0,1027.0,8228.0,0.0,0.0,0.0,0.0,0.0,1.0,0.0,0.0,0.0,0.0,0.0,-1.1,0.0,0.5,0.0,0.0001,16.0,25903.0
2026-07-30T19:00:40.383Z,209.866,209.88,0.0,7.4,0.0,0.0,0.0,0.0,0.0,0.0,0.0,0.0,1.0,0.0,0.0,0.0,9.0,4.0,0.0,0.0,0.0,0.0,0.0,0.0,0.0,0.0,1.0,12.0,1.0,12.15,5.0200000000000005,2.51,1.49,0.0,0.1,0.0,0.4,0.0,0.3,0.7000000000000001,0.4,-169.70000000000002,0.0,0.0,169.70000000000002,0.0,21.700000000000003,29.5,29.5,30.1,300.0,300.0,31.4,35.300000000000004,29.4,28.6,30.4,4.96,1.99,4.96,0.16,0.0,0.0,1027.0,8228.0,0.0,0.0,0.0,0.0,0.0,1.0,0.0,0.0,0.0,0.0,0.0,1.1,0.0,-0.2,0.0,0.0001,16.0,25903.0
2026-07-30T19:00:40.395Z,209.878,209.892,0.0,7.4,0.0,0.0,0.0,0.0,0.0,0.0,0.0,0.0,1.0,0.0,0.0,0.0,9.0,4.0,0.0,0.0,0.0,0.0,0.0,0.0,0.0,0.0,2.0,12.0,1.0,12.15,5.0200000000000005,2.51,1.49,0.0,0.0,0.0,0.4,0.0,-0.2,0.1,-0.7000000000000001,-169.70000000000002,0.0,0.0,169.60000000000002,0.0,21.700000000000003,29.5,29.5,30.1,300.0,300.0,31.4,35.300000000000004,29.4,28.6,30.4,4.95,1.99,4.96,0.16,0.0,0.0,1027.0,8228.0,0.0,0.0,0.0,0.0,0.0,1.0,0.0,0.0,0.0,0.0,0.0,-0.3,0.0,0.6000000000000001,0.0,0.0001,16.0,25903.0
2026-07-30T19:00:40.407Z,209.89,209.904,0.0,7.4,0.0,0.0,0.0,0.0,0.0,0.0,0.0,0.0,1.0,0.0,0.0,0.0,9.0,4.0,0.0,0.0,0.0,0.0,0.0,0.0,0.0,0.0,3.0,12.0,1.0,12.15,5.0200000000000005,2.51,1.49,0.0,0.0,0.0,0.4,0.0,0.3,0.1,1.6,-169.70000000000002,0.0,0.0,169.60000000000002,0.0,21.700000000000003,29.5,29.5,30.1,300.0,300.0,31.4,35.300000000000004,29.4,28.6,30.4,4.96,1.99,4.97,0.16,0.0,0.0,1027.0,8228.0,0.0,0.0,0.0,0.0,0.0,1.0,0.0,0.0,0.0,0.0,0.0,1.3,0.0,-1.3,0.0,0.0001,16.0,25903.0
2026-07-30T19:00:40.419Z,209.902,209.916,0.0,7.4,0.0,0.0,0.0,0.0,0.0,0.0,0.0,0.0,1.0,0.0,0.0,0.0,9.0,4.0,0.0,0.0,0.0,0.0,0.0,0.0,0.0,0.0,4.0,12.0,1.0,12.15,5.0200000000000005,2.51,1.49,0.0,0.0,0.0,0.4,0.0,-0.8,-1.5,-1.8,-169.70000000000002,0.0,0.0,169.70000000000002,0.0,21.700000000000003,29.5,29.5,30.1,300.0,300.0,31.5,35.300000000000004,29.4,28.6,30.5,4.96,1.99,4.96,0.16,0.0,0.0,1027.0,8228.0,0.0,0.0,0.0,0.0,0.0,1.0,0.0,0.0,0.0,0.0,0.0,-3.2,0.0,1.3,0.0,0.0,16.0,25903.0
2026-07-30T19:00:40.431Z,209.914,209.928,0.0,7.4,0.0,0.0,0.0,0.0,0.0,0.0,0.0,0.0,1.0,0.0,0.0,0.0,9.0,4.0,0.0,0.0,0.0,0.0,0.0,0.0,0.0,0.0,5.0,12.0,1.0,12.15,5.0200000000000005,2.51,1.49,0.0,0.0,0.0,0.4,0.0,0.9,0.1,-0.6000000000000001,-169.70000000000002,0.0,0.0,169.60000000000002,0.0,21.700000000000003,29.5,29.5,30.1,300.0,300.0,31.5,35.300000000000004,29.4,28.6,30.5,4.96,2.0,4.97,0.16,0.0,0.0,1027.0,8228.0,0.0,0.0,0.0,0.0,0.0,1.0,0.0,0.0,0.0,0.0,0.0,-0.3,0.0,0.6000000000000001,0.0,0.0,16.0,25903.0
2026-07-30T19:00:40.443Z,209.926,209.94,0.0,7.4,0.0,0.0,0.0,0.0,0.0,0.0,0.0,0.0,1.0,0.0,0.0,0.0,9.0,4.0,0.0,0.0,0.0,0.0,0.0,0.0,0.0,0.0,6.0,12.0,1.0,12.15,5.0200000000000005,2.51,1.49,0.0,0.0,0.0,0.4,0.0,-0.7000000000000001,0.7000000000000001,0.0,-169.70000000000002,0.0,0.0,169.70000000000002,0.0,21.700000000000003,29.5,29.5,30.1,300.0,300.0,31.5,35.300000000000004,29.4,28.6,30.5,4.95,1.99,4.97,0.16,0.0,0.0,1027.0,8228.0,0.0,0.0,0.0,0.0,0.0,1.0,0.0,0.0,0.0,0.0,0.0,0.8,0.0,0.2,0.0,0.0,16.0,25903.0
2026-07-30T19:00:40.455Z,209.938,209.952,0.0,7.4,0.0,0.0,0.0,0.0,0.0,0.0,0.0,0.0,1.0,0.0,0.0,0.0,9.0,4.0,0.0,0.0,0.0,0.0,0.0,0.0,0.0,0.0,1.0,12.0,1.0,12.15,5.0200000000000005,2.51,1.49,0.0,0.0,0.0,0.4,0.0,-0.2,0.1,-0.6000000000000001,-169.70000000000002,0.0,0.0,169.60000000000002,0.0,21.700000000000003,29.5,29.5,30.1,300.0,300.0,31.5,35.300000000000004,29.4,28.6,30.5,4.96,1.99,4.96,0.16,0.0,0.0,1027.0,8228.0,0.0,0.0,0.0,0.0,0.0,1.0,0.0,0.0,0.0,0.0,0.0,-0.3,0.0,0.6000000000000001,0.0,0.0,16.0,25903.0
2026-07-30T19:00:40.467Z,209.95,209.964,0.0,7.4,0.0,0.0,0.0,0.0,0.0,0.0,0.0,0.0,1.0,0.0,0.0,0.0,9.0,4.0,0.0,0.0,0.0,0.0,0.0,0.0,0.0,0.0,2.0,12.0,1.0,12.15,5.0200000000000005,2.51,1.49,0.0,0.0,0.0,0.4,0.0,0.3,0.1,0.5,-169.70000000000002,0.0,0.0,169.8,0.0,21.700000000000003,29.5,29.5,30.1,300.0,300.0,31.5,35.300000000000004,29.4,28.6,30.5,4.95,2.0,4.96,0.16,0.0,0.0,1027.0,8228.0,0.0,0.0,0.0,0.0,0.0,1.0,0.0,0.0,0.0,0.0,0.0,0.5,0.0,-0.4,0.0,0.0001,16.0,25903.0
2026-07-30T19:00:40.479Z,209.962,209.976,0.0,7.4,0.0,0.0,0.0,0.0,0.0,0.0,0.0,0.0,1.0,0.0,0.0,0.0,9.0,4.0,0.0,0.0,0.0,0.0,0.0,0.0,0.0,0.0,3.0,12.0,1.0,12.15,5.0200000000000005,2.51,1.49,0.0,0.1,0.0,0.4,0.0,-0.2,-0.4,0.5,-169.70000000000002,0.0,0.0,169.8,0.0,21.700000000000003,29.5,29.5,30.1,300.0,300.0,31.5,35.300000000000004,29.4,28.6,30.5,4.95,1.99,4.97,0.16,0.0,0.0,1027.0,8228.0,0.0,0.0,0.0,0.0,0.0,1.0,0.0,0.0,0.0,0.0,0.0,-0.1,0.0,-0.5,0.0,0.0001,16.0,25903.0
2026-07-30T19:00:40.491Z,209.974,209.988,0.0,7.4,0.0,0.0,0.0,0.0,0.0,0.0,0.0,0.0,1.0,0.0,0.0,0.0,9.0,4.0,0.0,0.0,0.0,0.0,0.0,0.0,0.0,0.0,4.0,12.0,1.0,12.15,5.0200000000000005,2.51,1.49,0.0,0.0,0.0,0.5,0.0,-0.8,1.3,0.0,-169.70000000000002,0.0,0.0,169.70000000000002,0.0,21.700000000000003,29.5,29.5,30.1,300.0,300.0,31.5,35.300000000000004,29.4,28.6,30.5,4.95,1.99,4.97,0.16,0.0,0.0,1027.0,8228.0,0.0,0.0,0.0,0.0,0.0,1.0,0.0,0.0,0.0,0.0,0.0,1.4,0.0,0.3,0.0,0.0001,16.0,25903.0
2026-07-30T19:00:40.503Z,209.986,210.0,0.0,7.4,0.0,0.0,0.0,0.0,0.0,0.0,0.0,0.0,1.0,0.0,0.0,0.0,9.0,4.0,0.0,0.0,0.0,0.0,0.0,0.0,0.0,0.0,5.0,12.0,1.0,12.15,5.0200000000000005,2.51,1.49,0.0,0.0,0.0,0.4,0.0,0.3,0.7000000000000001,0.5,-169.70000000000002,0.0,0.0,169.8,0.0,21.700000000000003,29.5,29.5,30.1,300.0,300.0,31.5,35.300000000000004,29.4,28.6,30.5,4.96,1.99,4.97,0.16,0.0,0.0,1027.0,8228.0,0.0,0.0,0.0,0.0,0.0,1.0,0.0,0.0,0.0,0.0,0.0,1.2000000000000002,0.0,-0.3,0.0,0.0,16.0,25903.0
2026-07-30T19:00:40.516Z,209.999,210.012,0.0,7.4,0.0,0.0,0.0,0.0,0.0,0.0,0.0,0.0,1.0,0.0,0.0,0.0,9.0,4.0,0.0,0.0,0.0,0.0,0.0,0.0,0.0,0.0,6.0,12.0,1.0,12.18,5.01,2.5,1.49,0.0,0.0,0.0,0.4,0.0,0.3,-0.9,-1.2000000000000002,-169.70000000000002,0.0,0.0,169.70000000000002,0.0,21.700000000000003,29.5,29.5,30.1,300.0,300.0,31.4,35.300000000000004,29.4,28.6,30.5,4.95,1.99,4.97,0.16,0.0,0.0,1027.0,8228.0,0.0,0.0,0.0,0.0,0.0,1.0,0.0,0.0,0.0,0.0,0.0,-2.0,0.0,0.8,0.0,0.0001,16.0,25903.0
2026-07-30T19:00:40.527Z,210.01,210.024,0.0,7.4,0.0,0.0,0.0,0.0,0.0,0.0,0.0,0.0,1.0,0.0,0.0,0.0,9.0,4.0,0.0,0.0,0.0,0.0,0.0,0.0,0.0,0.0,1.0,12.0,1.0,12.18,5.01,2.5,1.49,0.0,0.0,0.0,0.5,0.0,-0.7000000000000001,-1.0,0.0,-169.70000000000002,0.0,0.0,169.8,0.0,21.700000000000003,29.5,29.5,30.1,300.0,300.0,31.4,35.300000000000004,29.4,28.6,30.5,4.95,1.99,4.96,0.16,0.0,0.0,1027.0,8228.0,0.0,0.0,0.0,0.0,0.0,1.0,0.0,0.0,0.0,0.0,0.0,-1.2000000000000002,0.0,-0.1,0.0,0.0,16.0,25903.0
2026-07-30T19:00:40.539Z,210.022,210.036,0.0,7.4,0.0,0.0,0.0,0.0,0.0,0.0,0.0,0.0,1.0,0.0,0.0,0.0,9.0,4.0,0.0,0.0,0.0,0.0,0.0,0.0,0.0,0.0,2.0,12.0,1.0,12.18,5.01,2.5,1.49,0.0,0.0,0.0,0.4,0.0,-0.8,1.3,1.0,-169.70000000000002,0.0,0.0,169.70000000000002,0.0,21.700000000000003,29.5,29.5,30.1,300.0,300.0,31.4,35.300000000000004,29.4,28.6,30.5,4.96,1.99,4.96,0.16,0.0,0.0,1027.0,8228.0,0.0,0.0,0.0,0.0,0.0,1.0,0.0,0.0,0.0,0.0,0.0,2.3000000000000003,0.0,-0.6000000000000001,0.0,0.0,16.0,25903.0
2026-07-30T19:00:40.551Z,210.034,210.048,0.0,7.4,0.0,0.0,0.0,0.0,0.0,0.0,0.0,0.0,1.0,0.0,0.0,0.0,9.0,4.0,0.0,0.0,0.0,0.0,0.0,0.0,0.0,0.0,3.0,12.0,1.0,12.18,5.01,2.5,1.49,0.0,0.0,0.0,0.4,0.0,-0.8,-0.3,-1.2000000000000002,-169.70000000000002,0.0,0.0,169.70000000000002,0.0,21.700000000000003,29.5,29.5,30.1,300.0,300.0,31.4,35.300000000000004,29.4,28.6,30.5,4.95,1.99,4.97,0.16,0.0,0.0,1027.0,8228.0,0.0,0.0,0.0,0.0,0.0,1.0,0.0,0.0,0.0,0.0,0.0,-1.3,0.0,1.0,0.0,0.0,16.0,25903.0
2026-07-30T19:00:40.563Z,210.046,210.06,0.0,7.4,0.0,0.0,0.0,0.0,0.0,0.0,0.0,0.0,1.0,0.0,0.0,0.0,9.0,4.0,0.0,0.0,0.0,0.0,0.0,0.0,0.0,0.0,4.0,12.0,1.0,12.18,5.01,2.5,1.49,0.0,0.0,0.0,0.4,0.0,0.3,-0.9,0.0,-169.70000000000002,0.0,0.0,169.60000000000002,0.0,21.700000000000003,29.5,29.5,30.1,300.0,300.0,31.4,35.300000000000004,29.4,28.6,30.5,4.95,1.99,4.97,0.16,0.0,0.0,1027.0,8228.0,0.0,0.0,0.0,0.0,0.0,1.0,0.0,0.0,0.0,0.0,0.0,-1.1,0.0,-0.1,0.0,0.0001,16.0,25903.0
2026-07-30T19:00:40.575Z,210.058,210.072,0.0,7.4,0.0,0.0,0.0,0.0,0.0,0.0,0.0,0.0,1.0,0.0,0.0,0.0,9.0,4.0,0.0,0.0,0.0,0.0,0.0,0.0,0.0,0.0,5.0,12.0,1.0,12.18,5.01,2.5,1.49,0.0,0.0,0.0,0.4,0.0,-0.2,0.1,0.0,-169.70000000000002,0.0,0.0,169.70000000000002,0.0,21.700000000000003,29.5,29.5,30.1,300.0,300.0,31.4,35.300000000000004,29.4,28.6,30.5,4.95,2.0,4.97,0.16,0.0,0.0,1027.0,8228.0,0.0,0.0,0.0,0.0,0.0,1.0,0.0,0.0,0.0,0.0,0.0,0.1,0.0,0.0,0.0,0.0001,16.0,25903.0
2026-07-30T19:00:40.588Z,210.071,210.084,0.0,7.4,0.0,0.0,0.0,0.0,0.0,0.0,0.0,0.0,1.0,0.0,0.0,0.0,9.0,4.0,0.0,0.0,0.0,0.0,0.0,0.0,0.0,0.0,6.0,12.0,1.0,12.18,5.01,2.5,1.49,0.0,0.0,0.0,0.5,0.0,0.2,1.9,1.0,-169.70000000000002,0.0,0.0,169.70000000000002,0.0,21.700000000000003,29.5,29.5,30.1,300.0,300.0,31.4,35.300000000000004,29.4,28.6,30.5,4.96,1.99,4.97,0.16,0.0,0.0,1027.0,8228.0,0.0,0.0,0.0,0.0,0.0,1.0,0.0,0.0,0.0,0.0,0.0,2.9000000000000004,0.0,-0.5,0.0,0.0,16.0,25903.0
2026-07-30T19:00:40.599Z,210.082,210.096,0.0,7.4,0.0,0.0,0.0,0.0,0.0,0.0,0.0,0.0,1.0,0.0,0.0,0.0,9.0,4.0,0.0,0.0,0.0,0.0,0.0,0.0,0.0,0.0,1.0,12.0,1.0,12.18,5.01,2.5,1.49,0.0,0.0,0.0,0.4,0.0,0.3,-0.4,-0.7000000000000001,-169.70000000000002,0.0,0.0,169.70000000000002,0.0,21.700000000000003,29.5,29.5,30.1,300.0,300.0,31.4,35.300000000000004,29.4,28.6,30.5,4.95,1.99,4.97,0.16,0.0,0.0,1027.0,8228.0,0.0,0.0,0.0,0.0,0.0,1.0,0.0,0.0,0.0,0.0,0.0,-1.0,0.0,0.5,0.0,0.0,16.0,25903.0
2026-07-30T19:00:40.611Z,210.094,210.108,0.0,7.4,0.0,0.0,0.0,0.0,0.0,0.0,0.0,0.0,1.0,0.0,0.0,0.0,9.0,4.0,0.0,0.0,0.0,0.0,0.0,0.0,0.0,0.0,2.0,12.0,1.0,12.18,5.01,2.5,1.49,0.0,0.0,0.0,0.4,0.0,-0.2,-1.6,-1.2000000000000002,-169.70000000000002,0.0,0.0,169.70000000000002,0.0,21.700000000000003,29.5,29.5,30.1,300.0,300.0,31.4,35.300000000000004,29.4,28.6,30.5,4.96,1.99,4.96,0.16,0.0,0.0,1027.0,8228.0,0.0,0.0,0.0,0.0,0.0,1.0,0.0,0.0,0.0,0.0,0.0,-2.8000000000000003,0.0,0.7000000000000001,0.0,0.0001,16.0,25903.0
2026-07-30T19:00:40.628Z,210.111,210.12,0.0,7.4,0.0,0.0,0.0,0.0,0.0,0.0,0.0,0.0,1.0,0.0,0.0,0.0,9.0,4.0,0.0,0.0,0.0,0.0,0.0,0.0,0.0,0.0,4.0,12.0,1.0,12.2,5.01,2.5,1.49,0.0,0.1,0.0,0.5,0.0,0.3,0.1,-0.1,-169.70000000000002,0.0,0.0,169.8,0.0,21.200000000000003,29.5,29.5,30.1,300.0,300.0,31.4,35.300000000000004,29.4,28.6,30.5,4.96,2.0,4.97,0.16,0.0,0.0,1027.0,8228.0,0.0,0.0,0.0,0.0,0.0,1.0,0.0,0.0,0.0,0.0,0.0,0.0,0.0,0.1,0.0,0.0,16.0,25903.0
2026-07-30T19:00:40.636Z,210.119,210.132,0.0,7.4,0.0,0.0,0.0,0.0,0.0,0.0,0.0,0.0,1.0,0.0,0.0,0.0,9.0,4.0,0.0,0.0,0.0,0.0,0.0,0.0,0.0,0.0,2.0,12.0,1.0,12.2,5.01,2.5,1.49,0.0,0.0,0.0,0.4,0.0,-0.2,0.1,1.0,-169.70000000000002,0.0,0.0,169.70000000000002,0.0,21.200000000000003,29.5,29.5,30.1,300.0,300.0,31.4,35.300000000000004,29.4,28.6,30.5,4.95,1.99,4.97,0.16,0.0,0.0,1027.0,8228.0,0.0,0.0,0.0,0.0,0.0,1.0,0.0,0.0,0.0,0.0,0.0,0.9,0.0,-0.8,0.0,0.0001,16.0,25903.0
2026-07-30T19:00:40.647Z,210.13,210.144,0.0,7.4,0.0,0.0,0.0,0.0,0.0,0.0,0.0,0.0,1.0,0.0,0.0,0.0,9.0,4.0,0.0,0.0,0.0,0.0,0.0,0.0,0.0,0.0,2.0,12.0,1.0,12.2,5.01,2.5,1.49,0.0,0.0,0.0,0.4,0.0,-0.8,0.1,0.4,-169.70000000000002,0.0,0.0,169.8,0.0,21.200000000000003,29.5,29.5,30.1,300.0,300.0,31.4,35.300000000000004,29.4,28.6,30.5,4.95,1.99,4.96,0.16,0.0,0.0,1027.0,8228.0,0.0,0.0,0.0,0.0,0.0,1.0,0.0,0.0,0.0,0.0,0.0,0.5,0.0,-0.3,0.0,0.0001,16.0,25903.0
2026-07-30T19:00:40.659Z,210.142,210.156,0.0,7.4,0.0,0.0,0.0,0.0,0.0,0.0,0.0,0.0,1.0,0.0,0.0,0.0,9.0,4.0,0.0,0.0,0.0,0.0,0.0,0.0,0.0,0.0,3.0,12.0,1.0,12.2,5.01,2.5,1.49,0.0,0.0,0.0,0.4,0.0,-0.2,-0.3,-0.7000000000000001,-169.70000000000002,0.0,0.0,169.8,0.0,21.200000000000003,29.5,29.5,30.1,300.0,300.0,31.4,35.300000000000004,29.4,28.6,30.5,4.96,2.0,4.96,0.16,0.0,0.0,1027.0,8228.0,0.0,0.0,0.0,0.0,0.0,1.0,0.0,0.0,0.0,0.0,0.0,-1.0,0.0,0.6000000000000001,0.0,0.0001,16.0,25903.0
2026-07-30T19:00:40.671Z,210.154,210.168,0.0,7.4,0.0,0.0,0.0,0.0,0.0,0.0,0.0,0.0,1.0,0.0,0.0,0.0,9.0,4.0,0.0,0.0,0.0,0.0,0.0,0.0,0.0,0.0,4.0,12.0,1.0,12.2,5.01,2.5,1.49,0.0,0.0,0.0,0.4,0.0,0.3,0.7000000000000001,0.9,-169.70000000000002,0.0,0.0,169.70000000000002,0.0,21.200000000000003,29.5,29.5,30.1,300.0,300.0,31.4,35.300000000000004,29.4,28.6,30.5,4.96,1.99,4.97,0.16,0.0,0.0,1027.0,8228.0,0.0,0.0,0.0,0.0,0.0,1.0,0.0,0.0,0.0,0.0,0.0,1.6,0.0,-0.6000000000000001,0.0,0.0001,16.0,25903.0
2026-07-30T19:00:40.683Z,210.166,210.18,0.0,7.4,0.0,0.0,0.0,0.0,0.0,0.0,0.0,0.0,1.0,0.0,0.0,0.0,9.0,4.0,0.0,0.0,0.0,0.0,0.0,0.0,0.0,0.0,4.0,12.0,1.0,12.2,5.01,2.5,1.49,0.0,0.0,0.0,0.5,0.0,0.3,0.8,0.9,-169.70000000000002,0.0,0.0,169.8,0.0,21.200000000000003,29.5,29.5,30.1,300.0,300.0,31.4,35.300000000000004,29.4,28.6,30.5,4.95,1.99,4.97,0.16,0.0,0.0,1027.0,8228.0,0.0,0.0,0.0,0.0,0.0,1.0,0.0,0.0,0.0,0.0,0.0,1.6,0.0,-0.6000000000000001,0.0,0.0,16.0,25903.0
2026-07-30T19:00:40.695Z,210.178,210.192,0.0,7.4,0.0,0.0,0.0,0.0,0.0,0.0,0.0,0.0,1.0,0.0,0.0,0.0,9.0,4.0,0.0,0.0,0.0,0.0,0.0,0.0,0.0,0.0,6.0,12.0,1.0,12.2,5.01,2.5,1.49,0.0,0.0,0.0,0.4,0.0,-0.8,0.2,-0.1,-169.70000000000002,0.0,0.0,169.70000000000002,0.0,21.200000000000003,29.5,29.5,30.1,300.0,300.0,31.4,35.300000000000004,29.4,28.6,30.5,4.96,1.99,4.96,0.16,0.0,0.0,1027.0,8228.0,0.0,0.0,0.0,0.0,0.0,1.0,0.0,0.0,0.0,0.0,0.0,0.1,0.0,0.2,0.0,0.0002,16.0,25903.0
2026-07-30T19:00:40.707Z,210.19,210.204,0.0,7.4,0.0,0.0,0.0,0.0,0.0,0.0,0.0,0.0,1.0,0.0,0.0,0.0,9.0,4.0,0.0,0.0,0.0,0.0,0.0,0.0,0.0,0.0,1.0,12.0,1.0,12.2,5.01,2.5,1.49,0.0,0.0,0.0,0.5,0.0,0.3,0.1,0.3,-169.70000000000002,0.0,0.0,169.60000000000002,0.0,21.200000000000003,29.5,29.5,30.1,300.0,300.0,31.4,35.300000000000004,29.4,28.6,30.5,4.95,1.99,4.96,0.16,0.0,0.0,1027.0,8228.0,0.0,0.0,0.0,0.0,0.0,1.0,0.0,0.0,0.0,0.0,0.0,-1.7000000000000002,0.0,0.5,0.0,0.0002,16.0,25903.0
2026-07-30T19:00:40.720Z,210.203,210.216,0.0,7.4,0.0,0.0,0.0,0.0,0.0,0.0,0.0,0.0,1.0,0.0,0.0,0.0,9.0,4.0,0.0,0.0,0.0,0.0,0.0,0.0,0.0,0.0,3.0,12.0,1.0,12.15,5.0200000000000005,2.51,1.5,0.0,0.0,0.0,0.4,0.0,-0.2,0.1,-0.8,-169.70000000000002,0.0,0.0,169.70000000000002,0.0,21.3,29.5,29.5,30.1,300.0,300.0,31.5,35.4,29.4,28.6,30.5,4.95,1.99,4.97,0.16,0.0,0.0,1027.0,8228.0,0.0,0.0,0.0,0.0,0.0,1.0,0.0,0.0,0.0,0.0,0.0,0.0,0.0,0.2,0.0,0.0,16.0,25903.0
2026-07-30T19:00:40.731Z,210.214,210.228,0.0,7.4,0.0,0.0,0.0,0.0,0.0,0.0,0.0,0.0,1.0,0.0,0.0,0.0,9.0,4.0,0.0,0.0,0.0,0.0,0.0,0.0,0.0,0.0,4.0,12.0,1.0,12.15,5.0200000000000005,2.51,1.5,0.0,0.0,0.0,0.4,0.0,-0.2,-0.3,-0.2,-169.70000000000002,0.0,0.0,169.70000000000002,0.0,21.3,29.5,29.5,30.1,300.0,300.0,31.5,35.4,29.4,28.6,30.5,4.95,1.99,4.97,0.16,0.0,0.0,1027.0,8228.0,0.0,0.0,0.0,0.0,0.0,1.0,0.0,0.0,0.0,0.0,0.0,0.9,0.0,1.0,0.0,0.0,16.0,25903.0
2026-07-30T19:00:40.743Z,210.226,210.24,0.0,7.4,0.0,0.0,0.0,0.0,0.0,0.0,0.0,0.0,1.0,0.0,0.0,0.0,9.0,4.0,0.0,0.0,0.0,0.0,0.0,0.0,0.0,0.0,6.0,12.0,1.0,12.15,5.0200000000000005,2.51,1.5,0.0,0.0,0.0,0.4,0.0,0.3,0.7000000000000001,-0.2,-169.70000000000002,0.0,0.0,169.70000000000002,0.0,21.3,29.5,29.5,30.1,300.0,300.0,31.5,35.4,29.4,28.6,30.5,4.96,1.99,4.96,0.16,0.0,0.0,1027.0,8228.0,0.0,0.0,0.0,0.0,0.0,1.0,0.0,0.0,0.0,0.0,0.0,-1.7000000000000002,0.0,0.5,0.0,0.0001,16.0,25903.0
2026-07-30T19:00:40.755Z,210.238,210.252,0.0,7.4,0.0,0.0,0.0,0.0,0.0,0.0,0.0,0.0,1.0,0.0,0.0,0.0,9.0,4.0,0.0,0.0,0.0,0.0,0.0,0.0,0.0,0.0,1.0,12.0,1.0,12.15,5.0200000000000005,2.51,1.5,0.0,0.0,0.0,0.4,0.0,0.3,0.7000000000000001,0.3,-169.70000000000002,0.0,0.0,169.8,0.0,21.3,29.5,29.5,30.1,300.0,300.0,31.5,35.4,29.4,28.6,30.5,4.95,1.99,4.96,0.16,0.0,0.0,1027.0,8228.0,0.0,0.0,0.0,0.0,0.0,1.0,0.0,0.0,0.0,0.0,0.0,1.0,0.0,-0.1,0.0,0.0001,16.0,25903.0
2026-07-30T19:00:40.767Z,210.25,210.264,0.0,7.4,0.0,0.0,0.0,0.0,0.0,0.0,0.0,0.0,1.0,0.0,0.0,0.0,9.0,4.0,0.0,0.0,0.0,0.0,0.0,0.0,0.0,0.0,2.0,12.0,1.0,12.15,5.0200000000000005,2.51,1.5,0.0,0.0,0.0,0.4,0.0,0.3,-0.4,-0.8,-169.70000000000002,0.0,0.0,169.60000000000002,0.0,21.3,29.5,29.5,30.1,300.0,300.0,31.5,35.4,29.4,28.6,30.5,4.95,1.99,4.96,0.16,0.0,0.0,1027.0,8228.0,0.0,0.0,0.0,0.0,0.0,1.0,0.0,0.0,0.0,0.0,0.0,-1.2000000000000002,0.0,0.6000000000000001,0.0,0.0001,16.0,25903.0
2026-07-30T19:00:40.779Z,210.262,210.276,0.0,7.4,0.0,0.0,0.0,0.0,0.0,0.0,0.0,0.0,1.0,0.0,0.0,0.0,9.0,4.0,0.0,0.0,0.0,0.0,0.0,0.0,0.0,0.0,3.0,12.0,1.0,12.15,5.0200000000000005,2.51,1.5,0.0,0.0,0.0,0.4,0.0,-1.3,0.7000000000000001,-0.2,-169.70000000000002,0.0,0.0,169.70000000000002,0.0,21.3,29.5,29.5,30.1,300.0,300.0,31.5,35.4,29.4,28.6,30.5,4.96,2.0,4.96,0.16,0.0,0.0,1027.0,8228.0,0.0,0.0,0.0,0.0,0.0,1.0,0.0,0.0,0.0,0.0,0.0,0.6000000000000001,0.0,0.3,0.0,0.0002,16.0,25903.0
2026-07-30T19:00:40.791Z,210.274,210.288,0.0,7.4,0.0,0.0,0.0,0.0,0.0,0.0,0.0,0.0,1.0,0.0,0.0,0.0,9.0,4.0,0.0,0.0,0.0,0.0,0.0,0.0,0.0,0.0,4.0,12.0,1.0,12.15,5.0200000000000005,2.51,1.5,-0.1,0.1,0.0,0.4,0.0,-0.1,0.6000000000000001,-0.2,-169.70000000000002,0.0,0.0,169.70000000000002,0.0,21.3,29.5,29.5,30.1,300.0,300.0,31.5,35.4,29.4,28.6,30.5,4.95,2.0,4.97,0.16,0.0,0.0,1027.0,8228.0,0.0,0.0,0.0,0.0,0.0,1.0,0.0,0.0,0.0,0.0,0.0,0.6000000000000001,0.0,0.3,0.0,0.0,16.0,25903.0
2026-07-30T19:00:40.803Z,210.286,210.3,0.0,7.4,0.0,0.0,0.0,0.0,0.0,0.0,0.0,0.0,1.0,0.0,0.0,0.0,9.0,4.0,0.0,0.0,0.0,0.0,0.0,0.0,0.0,0.0,5.0,12.0,1.0,12.15,5.0200000000000005,2.51,1.5,0.0,0.0,0.0,0.4,0.0,-0.7000000000000001,-1.0,-1.3,-169.70000000000002,0.0,0.0,169.60000000000002,0.0,21.3,29.5,29.5,30.1,300.0,300.0,31.5,35.4,29.4,28.6,30.5,4.96,1.99,4.97,0.16,0.0,0.0,1027.0,8228.0,0.0,0.0,0.0,0.0,0.0,1.0,0.0,0.0,0.0,0.0,0.0,-2.2,0.0,1.0,0.0,0.0,16.0,25903.0
2026-07-30T19:00:40.815Z,210.298,210.312,0.0,7.4,0.0,0.0,0.0,0.0,0.0,0.0,0.0,0.0,1.0,0.0,0.0,0.0,9.0,4.0,0.0,0.0,0.0,0.0,0.0,0.0,0.0,0.0,6.0,12.0,1.0,12.15,5.0200000000000005,2.51,1.5,0.0,0.0,0.0,0.4,0.0,-0.1,0.1,0.3,-169.70000000000002,0.0,0.0,169.60000000000002,0.0,21.3,29.5,29.5,30.1,300.0,300.0,31.5,35.4,29.4,28.6,30.5,4.96,1.99,4.96,0.16,0.0,0.0,1027.0,8228.0,0.0,0.0,0.0,0.0,0.0,1.0,0.0,0.0,0.0,0.0,0.0,0.3,0.0,-0.3,0.0,0.0002,16.0,25903.0
2026-07-30T19:00:40.827Z,210.31,210.324,0.0,7.4,0.0,0.0,0.0,0.0,0.0,0.0,0.0,0.0,1.0,0.0,0.0,0.0,9.0,4.0,0.0,0.0,0.0,0.0,0.0,0.0,0.0,0.0,1.0,12.0,1.0,12.18,5.01,2.51,1.49,0.0,0.1,0.0,0.4,0.0,0.4,0.7000000000000001,1.0,-169.70000000000002,0.0,0.0,169.70000000000002,0.0,21.700000000000003,29.5,29.5,30.1,300.0,300.0,31.4,35.4,29.4,28.6,30.5,4.96,1.99,4.96,0.16,0.0,0.0,1027.0,8228.0,0.0,0.0,0.0,0.0,0.0,1.0,0.0,0.0,0.0,0.0,0.0,1.6,0.0,-0.7000000000000001,0.0,0.0,16.0,25903.0
2026-07-30T19:00:40.839Z,210.322,210.336,0.0,7.4,0.0,0.0,0.0,0.0,0.0,0.0,0.0,0.0,1.0,0.0,0.0,0.0,9.0,4.0,0.0,0.0,0.0,0.0,0.0,0.0,0.0,0.0,3.0,12.0,1.0,12.18,5.01,2.51,1.49,0.0,0.0,0.0,0.4,0.0,0.4,-0.4,1.6,-169.70000000000002,0.0,0.0,169.70000000000002,0.0,21.700000000000003,29.5,29.5,30.1,300.0,300.0,31.4,35.4,29.4,28.6,30.5,4.95,1.99,4.97,0.16,0.0,0.0,1027.0,8228.0,0.0,0.0,0.0,0.0,0.0,1.0,0.0,0.0,0.0,0.0,0.0,0.6000000000000001,0.0,-1.5,0.0,0.0,16.0,25903.0
2026-07-30T19:00:40.851Z,210.334,210.348,0.0,7.4,0.0,0.0,0.0,0.0,0.0,0.0,0.0,0.0,1.0,0.0,0.0,0.0,9.0,4.0,0.0,0.0,0.0,0.0,0.0,0.0,0.0,0.0,4.0,12.0,1.0,12.18,5.01,2.51,1.49,0.0,0.0,0.0,0.4,0.0,-0.1,0.0,-0.1,-169.70000000000002,0.0,0.0,169.70000000000002,0.0,21.700000000000003,29.5,29.5,30.1,300.0,300.0,31.4,35.4,29.4,28.6,30.5,4.96,1.99,4.97,0.16,0.0,0.0,1027.0,8228.0,0.0,0.0,0.0,0.0,0.0,1.0,0.0,0.0,0.0,0.0,0.0,0.0,0.0,0.1,0.0,0.0001,16.0,25903.0
2026-07-30T19:00:40.863Z,210.346,210.36,0.0,7.4,0.0,0.0,0.0,0.0,0.0,0.0,0.0,0.0,1.0,0.0,0.0,0.0,9.0,4.0,0.0,0.0,0.0,0.0,0.0,0.0,0.0,0.0,6.0,12.0,1.0,12.18,5.01,2.51,1.49,0.0,0.0,0.0,0.5,0.0,0.4,0.6000000000000001,1.6,-169.70000000000002,0.0,0.0,169.60000000000002,0.0,21.700000000000003,29.5,29.5,30.1,300.0,300.0,31.4,35.4,29.4,28.6,30.5,4.96,1.99,4.96,0.16,0.0,0.0,1027.0,8228.0,0.0,0.0,0.0,0.0,0.0,1.0,0.0,0.0,0.0,0.0,0.0,2.0,0.0,-1.2000000000000002,0.0,0.0001,16.0,25903.0
2026-07-30T19:00:40.875Z,210.358,210.372,0.0,7.4,0.0,0.0,0.0,0.0,0.0,0.0,0.0,0.0,1.0,0.0,0.0,0.0,9.0,4.0,0.0,0.0,0.0,0.0,0.0,0.0,0.0,0.0,1.0,12.0,1.0,12.18,5.01,2.51,1.49,0.0,0.0,0.0,0.4,0.0,0.0,1.3,-0.6000000000000001,-169.60000000000002,0.0,0.0,169.60000000000002,0.0,21.700000000000003,29.5,29.5,30.1,300.0,300.0,31.4,35.4,29.4,28.6,30.5,4.96,1.99,4.96,0.16,0.0,0.0,1027.0,8228.0,0.0,0.0,0.0,0.0,0.0,1.0,0.0,0.0,0.0,0.0,0.0,0.9,0.0,0.8,0.0,0.0,16.0,25903.0
2026-07-30T19:00:40.887Z,210.37,210.384,0.0,7.4,0.0,0.0,0.0,0.0,0.0,0.0,0.0,0.0,1.0,0.0,0.0,0.0,9.0,4.0,0.0,0.0,0.0,0.0,0.0,0.0,0.0,0.0,2.0,12.0,1.0,12.18,5.01,2.51,1.49,0.0,0.0,0.0,0.4,0.0,-0.6000000000000001,-1.0,0.0,-169.60000000000002,0.0,0.0,169.60000000000002,0.0,21.700000000000003,29.5,29.5,30.1,300.0,300.0,31.4,35.4,29.4,28.6,30.5,4.96,1.99,4.97,0.16,0.0,0.0,1027.0,8228.0,0.0,0.0,0.0,0.0,0.0,1.0,0.0,0.0,0.0,0.0,0.0,-1.2000000000000002,0.0,-0.1,0.0,0.0,16.0,25903.0
2026-07-30T19:00:40.899Z,210.382,210.396,0.0,7.4,0.0,0.0,0.0,0.0,0.0,0.0,0.0,0.0,1.0,0.0,0.0,0.0,9.0,4.0,0.0,0.0,0.0,0.0,0.0,0.0,0.0,0.0,3.0,12.0,1.0,12.18,5.01,2.51,1.49,0.0,0.1,0.0,0.4,0.0,0.4,-0.4,0.5,-169.60000000000002,0.0,0.0,169.60000000000002,0.0,21.700000000000003,29.5,29.5,30.1,300.0,300.0,31.4,35.4,29.4,28.6,30.5,4.96,1.99,4.96,0.16,0.0,0.0,1027.0,8228.0,0.0,0.0,0.0,0.0,0.0,1.0,0.0,0.0,0.0,0.0,0.0,0.0,0.0,-0.5,0.0,0.0,16.0,25903.0
2026-07-30T19:00:40.911Z,210.394,210.408,0.0,7.4,0.0,0.0,0.0,0.0,0.0,0.0,0.0,0.0,1.0,0.0,0.0,0.0,9.0,4.0,0.0,0.0,0.0,0.0,0.0,0.0,0.0,0.0,5.0,12.0,1.0,12.18,5.01,2.51,1.49,0.0,0.0,0.0,0.4,0.0,-0.1,1.2000000000000002,0.5,-169.60000000000002,0.0,0.0,169.70000000000002,0.0,21.700000000000003,29.5,29.5,30.1,300.0,300.0,31.4,35.4,29.4,28.6,30.5,4.96,2.0,4.97,0.16,0.0,0.0,1027.0,8228.0,0.0,0.0,0.0,0.0,0.0,1.0,0.0,0.0,0.0,0.0,0.0,1.8,0.0,-0.2,0.0,0.0,16.0,25903.0
2026-07-30T19:00:40.924Z,210.407,210.42,0.0,7.4,0.0,0.0,0.0,0.0,0.0,0.0,0.0,0.0,1.0,0.0,0.0,0.0,9.0,4.0,0.0,0.0,0.0,0.0,0.0,0.0,0.0,0.0,6.0,12.0,1.0,12.13,5.01,2.5,1.49,0.0,0.0,0.0,0.4,0.0,0.4,-0.4,0.0,-169.60000000000002,0.0,0.0,169.70000000000002,0.0,20.9,29.5,29.5,30.1,300.0,300.0,31.3,35.4,29.4,28.6,30.5,4.95,1.99,4.97,0.16,0.0,0.0,1027.0,8228.0,0.0,0.0,0.0,0.0,0.0,1.0,0.0,0.0,0.0,0.0,0.0,-0.6000000000000001,0.0,0.0,0.0,0.0001,16.0,25903.0
2026-07-30T19:00:40.935Z,210.418,210.432,0.0,7.4,0.0,0.0,0.0,0.0,0.0,0.0,0.0,0.0,1.0,0.0,0.0,0.0,9.0,4.0,0.0,0.0,0.0,0.0,0.0,0.0,0.0,0.0,1.0,12.0,1.0,12.13,5.01,2.5,1.49,0.0,0.1,0.0,0.4,0.0,-0.1,-0.5,-0.6000000000000001,-169.60000000000002,0.0,0.0,169.70000000000002,0.0,20.9,29.5,29.5,30.1,300.0,300.0,31.3,35.4,29.4,28.6,30.5,4.96,1.99,4.97,0.16,0.0,0.0,1027.0,8228.0,0.0,0.0,0.0,0.0,0.0,1.0,0.0,0.0,0.0,0.0,0.0,-1.0,0.0,0.4,0.0,0.0,16.0,25903.0
2026-07-30T19:00:40.953Z,210.436,210.444,0.0,7.4,0.0,0.0,0.0,0.0,0.0,0.0,0.0,0.0,1.0,0.0,0.0,0.0,9.0,4.0,0.0,0.0,0.0,0.0,0.0,0.0,0.0,0.0,1.0,12.0,1.0,12.13,5.01,2.5,1.49,0.0,0.0,0.0,0.4,0.0,0.4,-1.1,0.4,-169.60000000000002,0.0,0.0,169.70000000000002,0.0,20.9,29.5,29.5,30.1,300.0,300.0,31.3,35.4,29.4,28.6,30.5,4.96,1.99,4.96,0.16,0.0,0.0,1027.0,8228.0,0.0,0.0,0.0,0.0,0.0,1.0,0.0,0.0,0.0,0.0,0.0,-0.8,0.0,-0.6000000000000001,0.0,0.0001,16.0,25903.0
2026-07-30T19:00:40.959Z,210.442,210.456,0.0,7.4,0.0,0.0,0.0,0.0,0.0,0.0,0.0,0.0,1.0,0.0,0.0,0.0,9.0,4.0,0.0,0.0,0.0,0.0,0.0,0.0,0.0,0.0,5.0,12.0,1.0,12.13,5.01,2.5,1.49,0.0,0.0,0.0,0.4,0.0,-0.7000000000000001,0.6000000000000001,1.6,-169.60000000000002,0.0,0.0,169.70000000000002,0.0,20.9,29.5,29.5,30.1,300.0,300.0,31.3,35.4,29.4,28.6,30.5,4.96,1.99,4.97,0.16,0.0,0.0,1027.0,8228.0,0.0,0.0,0.0,0.0,0.0,1.0,0.0,0.0,0.0,0.0,0.0,1.9,0.0,-1.3,0.0,0.0,16.0,25903.0
2026-07-30T19:00:40.971Z,210.454,210.468,0.0,7.4,0.0,0.0,0.0,0.0,0.0,0.0,0.0,0.0,1.0,0.0,0.0,0.0,9.0,4.0,0.0,0.0,0.0,0.0,0.0,0.0,0.0,0.0,1.0,12.0,1.0,12.13,5.01,2.5,1.49,0.0,0.0,0.0,0.5,0.0,-0.1,0.6000000000000001,-0.6000000000000001,-169.60000000000002,0.0,0.0,169.70000000000002,0.0,20.9,29.5,29.5,30.1,300.0,300.0,31.3,35.4,29.4,28.6,30.5,4.95,2.0,4.97,0.16,0.0,0.0,1027.0,8228.0,0.0,0.0,0.0,0.0,0.0,1.0,0.0,0.0,0.0,0.0,0.0,0.2,0.0,0.7000000000000001,0.0,0.0001,16.0,25903.0
2026-07-30T19:00:40.983Z,210.466,210.48,0.0,7.4,0.0,0.0,0.0,0.0,0.0,0.0,0.0,0.0,1.0,0.0,0.0,0.0,9.0,4.0,0.0,0.0,0.0,0.0,0.0,0.0,0.0,0.0,2.0,12.0,1.0,12.13,5.01,2.5,1.49,0.0,0.0,0.0,0.4,0.0,0.9,0.0,1.6,-169.60000000000002,0.0,0.0,169.70000000000002,0.0,20.9,29.5,29.5,30.1,300.0,300.0,31.3,35.4,29.4,28.6,30.5,4.95,2.0,4.96,0.16,0.0,0.0,1027.0,8228.0,0.0,0.0,0.0,0.0,0.0,1.0,0.0,0.0,0.0,0.0,0.0,1.3,0.0,-1.4,0.0,0.0001,16.0,25903.0
2026-07-30T19:00:40.995Z,210.478,210.492,0.0,7.4,0.0,0.0,0.0,0.0,0.0,0.0,0.0,0.0,1.0,0.0,0.0,0.0,9.0,4.0,0.0,0.0,0.0,0.0,0.0,0.0,0.0,0.0,3.0,12.0,1.0,12.13,5.01,2.5,1.49,0.0,0.0,0.0,0.4,0.0,0.4,-0.4,0.0,-169.60000000000002,0.0,0.0,169.8,0.0,20.9,29.5,29.5,30.1,300.0,300.0,31.3,35.4,29.4,28.6,30.5,4.95,2.0,4.97,0.16,0.0,0.0,1027.0,8228.0,0.0,0.0,0.0,0.0,0.0,1.0,0.0,0.0,0.0,0.0,0.0,-0.6000000000000001,0.0,0.0,0.0,0.0,16.0,25903.0
2026-07-30T19:00:41.007Z,210.49,210.504,0.0,7.4,0.0,0.0,0.0,0.0,0.0,0.0,0.0,0.0,1.0,0.0,0.0,0.0,9.0,4.0,0.0,0.0,0.0,0.0,0.0,0.0,0.0,0.0,4.0,12.0,1.0,12.13,5.01,2.5,1.49,0.0,0.0,0.0,0.4,0.0,-0.1,1.2000000000000002,-0.1,-169.60000000000002,0.0,0.0,169.8,0.0,20.9,29.5,29.5,30.1,300.0,300.0,31.3,35.4,29.4,28.6,30.5,4.95,1.99,4.97,0.16,0.0,0.0,1027.0,8228.0,0.0,0.0,0.0,0.0,0.0,1.0,0.0,0.0,0.0,0.0,0.0,1.3,0.0,0.3,0.0,0.0002,16.0,25903.0
2026-07-30T19:00:41.019Z,210.502,210.516,0.0,7.4,0.0,0.0,0.0,0.0,0.0,0.0,0.0,0.0,1.0,0.0,0.0,0.0,9.0,4.0,0.0,0.0,0.0,0.0,0.0,0.0,0.0,0.0,5.0,12.0,1.0,12.13,5.01,2.5,1.49,0.0,0.1,0.0,0.4,0.0,0.3,0.6000000000000001,1.0,-169.70000000000002,0.0,0.0,169.8,0.0,20.9,29.5,29.5,30.1,300.0,300.0,31.3,35.4,29.4,28.6,30.5,4.96,1.99,4.97,0.16,0.0,0.0,1027.0,8228.0,0.0,0.0,0.0,0.0,0.0,1.0,0.0,0.0,0.0,0.0,0.0,1.5,0.0,-0.8,0.0,0.0002,16.0,25903.0
2026-07-30T19:00:41.031Z,210.514,210.528,0.0,7.4,0.0,0.0,0.0,0.0,0.0,0.0,0.0,0.0,1.0,0.0,0.0,0.0,9.0,4.0,0.0,0.0,0.0,0.0,0.0,0.0,0.0,0.0,6.0,12.0,1.0,12.15,5.01,2.5,1.49,0.0,0.0,0.0,0.4,0.0,0.8,0.6000000000000001,-0.7000000000000001,-169.70000000000002,0.0,0.0,169.70000000000002,0.0,21.700000000000003,29.5,29.5,30.1,300.0,300.0,31.4,35.300000000000004,29.4,28.6,30.5,4.96,1.99,4.96,0.16,0.0,0.0,1027.0,8228.0,0.0,0.0,0.0,0.0,0.0,1.0,0.0,0.0,0.0,0.0,0.0,0.2,0.0,0.7000000000000001,0.0,0.0,16.0,25903.0
2026-07-30T19:00:41.043Z,210.526,210.54,0.0,7.4,0.0,0.0,0.0,0.0,0.0,0.0,0.0,0.0,1.0,0.0,0.0,0.0,9.0,4.0,0.0,0.0,0.0,0.0,0.0,0.0,0.0,0.0,1.0,12.0,1.0,12.15,5.01,2.5,1.49,0.0,0.0,0.0,0.5,0.0,-0.8,-1.0,-0.6000000000000001,-169.70000000000002,0.0,0.0,169.8,0.0,21.700000000000003,29.5,29.5,30.1,300.0,300.0,31.4,35.300000000000004,29.4,28.6,30.5,4.96,1.99,4.96,0.16,0.0,0.0,1027.0,8228.0,0.0,0.0,0.0,0.0,0.0,1.0,0.0,0.0,0.0,0.0,0.0,-1.7000000000000002,0.0,0.3,0.0,0.0001,16.0,25903.0
2026-07-30T19:00:41.055Z,210.538,210.552,0.0,7.4,0.0,0.0,0.0,0.0,0.0,0.0,0.0,0.0,1.0,0.0,0.0,0.0,9.0,4.0,0.0,0.0,0.0,0.0,0.0,0.0,0.0,0.0,2.0,12.0,1.0,12.15,5.01,2.5,1.49,0.0,0.0,0.0,0.4,0.0,0.3,1.8,3.4000000000000004,-169.70000000000002,0.0,0.0,169.60000000000002,0.0,21.700000000000003,29.5,29.5,30.1,300.0,300.0,31.4,35.300000000000004,29.4,28.6,30.5,4.96,2.0,4.96,0.16,0.0,0.0,1027.0,8228.0,0.0,0.0,0.0,0.0,0.0,1.0,0.0,0.0,0.0,0.0,0.0,4.6000000000000005,0.0,-2.6,0.0,0.0001,16.0,25903.0
2026-07-30T19:00:41.067Z,210.55,210.564,0.0,7.4,0.0,0.0,0.0,0.0,0.0,0.0,0.0,0.0,1.0,0.0,0.0,0.0,9.0,4.0,0.0,0.0,0.0,0.0,0.0,0.0,0.0,0.0,3.0,12.0,1.0,12.15,5.01,2.5,1.49,0.0,0.0,0.0,0.4,0.0,0.2,0.6000000000000001,0.4,-169.70000000000002,0.0,0.0,169.8,0.0,21.700000000000003,29.5,29.5,30.1,300.0,300.0,31.4,35.300000000000004,29.4,28.6,30.5,4.96,1.99,4.96,0.16,0.0,0.0,1027.0,8228.0,0.0,0.0,0.0,0.0,0.0,1.0,0.0,0.0,0.0,0.0,0.0,1.0,0.0,-0.2,0.0,0.0001,16.0,25903.0
2026-07-30T19:00:41.079Z,210.562,210.576,0.0,7.4,0.0,0.0,0.0,0.0,0.0,0.0,0.0,0.0,1.0,0.0,0.0,0.0,9.0,4.0,0.0,0.0,0.0,0.0,0.0,0.0,0.0,0.0,5.0,12.0,1.0,12.15,5.01,2.5,1.49,0.0,0.0,0.0,0.4,0.0,0.2,-0.5,-0.1,-169.70000000000002,0.0,0.0,169.60000000000002,0.0,21.700000000000003,29.5,29.5,30.1,300.0,300.0,31.4,35.300000000000004,29.4,28.6,30.5,4.95,1.99,4.97,0.16,0.0,0.0,1027.0,8228.0,0.0,0.0,0.0,0.0,0.0,1.0,0.0,0.0,0.0,0.0,0.0,-0.7000000000000001,0.0,0.0,0.0,0.0,16.0,25903.0
2026-07-30T19:00:41.091Z,210.574,210.588,0.0,7.4,0.0,0.0,0.0,0.0,0.0,0.0,0.0,0.0,1.0,0.0,0.0,0.0,9.0,4.0,0.0,0.0,0.0,0.0,0.0,0.0,0.0,0.0,6.0,12.0,1.0,12.15,5.01,2.5,1.49,0.0,0.0,0.0,0.4,0.0,0.3,0.0,-0.7000000000000001,-169.70000000000002,0.0,0.0,169.8,0.0,21.700000000000003,29.5,29.5,30.1,300.0,300.0,31.4,35.300000000000004,29.4,28.6,30.5,4.96,1.99,4.96,0.16,0.0,0.0,1027.0,8228.0,0.0,0.0,0.0,0.0,0.0,1.0,0.0,0.0,0.0,0.0,0.0,-0.4,0.0,0.6000000000000001,0.0,0.0001,16.0,25903.0
2026-07-30T19:00:41.103Z,210.586,210.6,0.0,7.4,0.0,0.0,0.0,0.0,0.0,0.0,0.0,0.0,1.0,0.0,0.0,0.0,9.0,4.0,0.0,0.0,0.0,0.0,0.0,0.0,0.0,0.0,2.0,12.0,1.0,12.15,5.01,2.5,1.49,0.0,0.0,0.0,0.4,0.0,1.5,0.0,-0.2,-169.70000000000002,0.0,0.0,169.8,0.0,21.700000000000003,29.5,29.5,30.1,300.0,300.0,31.4,35.300000000000004,29.4,28.6,30.5,4.96,1.99,4.96,0.16,0.0,0.0,1027.0,8228.0,0.0,0.0,0.0,0.0,0.0,1.0,0.0,0.0,0.0,0.0,0.0,-0.1,0.0,0.1,0.0,0.0001,16.0,25903.0
2026-07-30T19:00:41.115Z,210.598,210.612,0.0,7.4,0.0,0.0,0.0,0.0,0.0,0.0,0.0,0.0,1.0,0.0,0.0,0.0,9.0,4.0,0.0,0.0,0.0,0.0,0.0,0.0,0.0,0.0,3.0,12.0,1.0,12.15,5.01,2.5,1.49,0.0,0.0,0.0,0.4,0.0,0.3,0.0,1.0,-169.70000000000002,0.0,0.0,169.70000000000002,0.0,21.700000000000003,29.5,29.5,30.1,300.0,300.0,31.4,35.300000000000004,29.4,28.6,30.5,4.95,1.99,4.96,0.16,0.0,0.0,1027.0,8228.0,0.0,0.0,0.0,0.0,0.0,1.0,0.0,0.0,0.0,0.0,0.0,0.8,0.0,-0.9,0.0,0.0001,16.0,25903.0
2026-07-30T19:00:41.128Z,210.611,210.624,0.0,7.4,0.0,0.0,0.0,0.0,0.0,0.0,0.0,0.0,1.0,0.0,0.0,0.0,9.0,4.0,0.0,0.0,0.0,0.0,0.0,0.0,0.0,0.0,4.0,12.0,1.0,12.17,5.01,2.51,1.49,0.0,0.0,0.0,0.4,0.0,0.3,0.0,0.4,-169.70000000000002,0.0,0.0,169.70000000000002,0.0,21.3,29.5,29.5,30.1,300.0,300.0,31.4,35.300000000000004,29.4,28.6,30.5,4.95,1.99,4.96,0.16,0.0,0.0,1027.0,8228.0,0.0,0.0,0.0,0.0,0.0,1.0,0.0,0.0,0.0,0.0,0.0,0.4,0.0,-0.4,0.0,0.0001,16.0,25903.0
2026-07-30T19:00:41.139Z,210.622,210.636,0.0,7.4,0.0,0.0,0.0,0.0,0.0,0.0,0.0,0.0,1.0,0.0,0.0,0.0,9.0,4.0,0.0,0.0,0.0,0.0,0.0,0.0,0.0,0.0,5.0,12.0,1.0,12.17,5.01,2.51,1.49,0.0,0.0,0.0,0.4,0.0,0.3,-1.0,-0.6000000000000001,-169.70000000000002,0.0,0.0,169.70000000000002,0.0,21.3,29.5,29.5,30.1,300.0,300.0,31.4,35.300000000000004,29.4,28.6,30.5,4.96,1.99,4.96,0.16,0.0,0.0,1027.0,8228.0,0.0,0.0,0.0,0.0,0.0,1.0,0.0,0.0,0.0,0.0,0.0,-1.7000000000000002,0.0,0.3,0.0,0.0001,16.0,25903.0
2026-07-30T19:00:41.151Z,210.634,210.648,0.0,7.4,0.0,0.0,0.0,0.0,0.0,0.0,0.0,0.0,1.0,0.0,0.0,0.0,9.0,4.0,0.0,0.0,0.0,0.0,0.0,0.0,0.0,0.0,6.0,12.0,1.0,12.17,5.01,2.51,1.49,0.0,0.1,0.0,0.4,0.0,-0.2,0.6000000000000001,1.1,-169.70000000000002,0.0,0.0,169.70000000000002,0.0,21.3,29.5,29.5,30.1,300.0,300.0,31.4,35.300000000000004,29.4,28.6,30.5,4.96,1.99,4.97,0.16,0.0,0.0,1027.0,8228.0,0.0,0.0,0.0,0.0,0.0,1.0,0.0,0.0,0.0,0.0,0.0,1.6,0.0,-0.8,0.0,0.0001,16.0,25903.0
2026-07-30T19:00:41.163Z,210.646,210.66,0.0,7.4,0.0,0.0,0.0,0.0,0.0,0.0,0.0,0.0,1.0,0.0,0.0,0.0,9.0,4.0,0.0,0.0,0.0,0.0,0.0,0.0,0.0,0.0,1.0,12.0,1.0,12.17,5.01,2.51,1.49,0.0,0.0,0.0,0.4,0.0,0.8,0.1,-0.6000000000000001,-169.70000000000002,0.0,0.0,169.8,0.0,21.3,29.5,29.5,30.1,300.0,300.0,31.4,35.300000000000004,29.4,28.6,30.5,4.95,2.0,4.97,0.16,0.0,0.0,1027.0,8228.0,0.0,0.0,0.0,0.0,0.0,1.0,0.0,0.0,0.0,0.0,0.0,-0.3,0.0,0.6000000000000001,0.0,0.0,16.0,25903.0
2026-07-30T19:00:41.175Z,210.658,210.672,0.0,7.4,0.0,0.0,0.0,0.0,0.0,0.0,0.0,0.0,1.0,0.0,0.0,0.0,9.0,4.0,0.0,0.0,0.0,0.0,0.0,0.0,0.0,0.0,2.0,12.0,1.0,12.17,5.01,2.51,1.49,0.0,0.0,0.0,0.4,0.0,0.3,0.1,1.0,-169.70000000000002,0.0,0.0,169.70000000000002,0.0,21.3,29.5,29.5,30.1,300.0,300.0,31.4,35.300000000000004,29.4,28.6,30.5,4.96,2.0,4.96,0.16,0.0,0.0,1027.0,8228.0,0.0,0.0,0.0,0.0,0.0,1.0,0.0,0.0,0.0,0.0,0.0,0.9,0.0,-0.9,0.0,0.0001,16.0,25903.0
2026-07-30T19:00:41.187Z,210.67,210.684,0.0,7.4,0.0,0.0,0.0,0.0,0.0,0.0,0.0,0.0,1.0,0.0,0.0,0.0,9.0,4.0,0.0,0.0,0.0,0.0,0.0,0.0,0.0,0.0,4.0,12.0,1.0,12.17,5.01,2.51,1.49,0.0,0.1,0.0,0.4,0.0,-0.2,0.7000000000000001,1.0,-169.70000000000002,0.0,0.0,169.8,0.0,21.3,29.5,29.5,30.1,300.0,300.0,31.4,35.300000000000004,29.4,28.6,30.5,4.95,2.0,4.96,0.16,0.0,0.0,1027.0,8228.0,0.0,0.0,0.0,0.0,0.0,1.0,0.0,0.0,0.0,0.0,0.0,1.6,0.0,-0.8,0.0,0.0001,16.0,25903.0
2026-07-30T19:00:41.199Z,210.682,210.696,0.0,7.4,0.0,0.0,0.0,0.0,0.0,0.0,0.0,0.0,1.0,0.0,0.0,0.0,9.0,4.0,0.0,0.0,0.0,0.0,0.0,0.0,0.0,0.0,5.0,12.0,1.0,12.17,5.01,2.51,1.49,0.0,0.0,0.0,0.4,0.0,0.3,0.7000000000000001,0.5,-169.70000000000002,0.0,0.0,169.8,0.0,21.3,29.5,29.5,30.1,300.0,300.0,31.4,35.300000000000004,29.4,28.6,30.5,4.95,1.99,4.97,0.16,0.0,0.0,1027.0,8228.0,0.0,0.0,0.0,0.0,0.0,1.0,0.0,0.0,0.0,0.0,0.0,1.1,0.0,-0.3,0.0,0.0001,16.0,25903.0
2026-07-30T19:00:41.211Z,210.694,210.708,0.0,7.4,0.0,0.0,0.0,0.0,0.0,0.0,0.0,0.0,1.0,0.0,0.0,0.0,9.0,4.0,0.0,0.0,0.0,0.0,0.0,0.0,0.0,0.0,1.0,12.0,1.0,12.17,5.01,2.51,1.49,0.0,0.0,0.0,0.5,0.0,-0.2,0.7000000000000001,0.5,-169.70000000000002,0.0,0.0,169.60000000000002,0.0,21.3,29.5,29.5,30.1,300.0,300.0,31.4,35.300000000000004,29.4,28.6,30.5,4.96,2.0,4.97,0.16,0.0,0.0,1027.0,8228.0,0.0,0.0,0.0,0.0,0.0,1.0,0.0,0.0,0.0,0.0,0.0,1.2000000000000002,0.0,-0.3,0.0,0.0,16.0,25903.0
2026-07-30T19:00:41.224Z,210.707,210.72,0.0,7.4,0.0,0.0,0.0,0.0,0.0,0.0,0.0,0.0,1.0,0.0,0.0,0.0,9.0,4.0,0.0,0.0,0.0,0.0,0.0,0.0,0.0,0.0,2.0,12.0,1.0,12.17,5.01,2.51,1.49,0.0,0.0,0.0,0.4,0.0,0.2,-0.4,0.4,-169.70000000000002,0.0,0.0,169.70000000000002,0.0,21.3,29.5,29.5,30.1,300.0,300.0,31.4,35.300000000000004,29.4,28.6,30.5,4.96,2.0,4.96,0.15,0.0,0.0,1027.0,8228.0,0.0,0.0,0.0,0.0,0.0,1.0,0.0,0.0,0.0,0.0,0.0,-0.1,0.0,-0.5,0.0,0.0001,16.0,25903.0
2026-07-30T19:00:41.235Z,210.718,210.732,0.0,7.4,0.0,0.0,0.0,0.0,0.0,0.0,0.0,0.0,1.0,0.0,0.0,0.0,9.0,4.0,0.0,0.0,0.0,0.0,0.0,0.0,0.0,0.0,3.0,12.0,1.0,12.14,5.0200000000000005,2.5,1.49,0.0,0.1,0.0,0.4,0.0,-0.3,-0.4,-0.1,-169.70000000000002,0.0,0.0,169.70000000000002,0.0,21.4,29.5,29.5,30.1,300.0,300.0,31.4,35.300000000000004,29.4,28.6,30.4,4.95,1.99,4.97,0.15,0.0,0.0,1027.0,8228.0,0.0,0.0,0.0,0.0,0.0,1.0,0.0,0.0,0.0,0.0,0.0,-0.6000000000000001,0.0,0.0,0.0,0.0001,16.0,25903.0
2026-07-30T19:00:41.247Z,210.73,210.744,0.0,7.4,0.0,0.0,0.0,0.0,0.0,0.0,0.0,0.0,1.0,0.0,0.0,0.0,9.0,4.0,0.0,0.0,0.0,0.0,0.0,0.0,0.0,0.0,4.0,12.0,1.0,12.14,5.0200000000000005,2.5,1.49,0.0,0.0,0.0,0.4,0.0,0.2,1.2000000000000002,1.0,-169.70000000000002,0.0,0.0,169.70000000000002,0.0,21.4,29.5,29.5,30.1,300.0,300.0,31.4,35.300000000000004,29.4,28.6,30.4,4.95,2.0,4.97,0.16,0.0,0.0,1027.0,8228.0,0.0,0.0,0.0,0.0,0.0,1.0,0.0,0.0,0.0,0.0,0.0,0.4,0.0,-0.4,0.0,0.0,16.0,25903.0
2026-07-30T19:00:41.267Z,210.75,210.756,0.0,7.4,0.0,0.0,0.0,0.0,0.0,0.0,0.0,0.0,1.0,0.0,0.0,0.0,9.0,4.0,0.0,0.0,0.0,0.0,0.0,0.0,0.0,0.0,5.0,12.0,1.0,12.14,5.0200000000000005,2.5,1.49,0.0,0.0,0.0,0.4,0.0,-0.2,0.0,0.4,-169.70000000000002,0.0,0.0,169.8,0.0,21.4,29.5,29.5,30.1,300.0,300.0,31.4,35.300000000000004,29.4,28.6,30.4,4.96,2.0,4.97,0.16,0.0,0.0,1027.0,8228.0,0.0,0.0,0.0,0.0,0.0,1.0,0.0,0.0,0.0,0.0,0.0,0.6000000000000001,0.0,0.2,0.0,0.0,16.0,25903.0
2026-07-30T19:00:41.271Z,210.754,210.768,0.0,7.4,0.0,0.0,0.0,0.0,0.0,0.0,0.0,0.0,1.0,0.0,0.0,0.0,9.0,4.0,0.0,0.0,0.0,0.0,0.0,0.0,0.0,0.0,3.0,12.0,1.0,12.14,5.0200000000000005,2.5,1.49,0.0,0.0,0.0,0.5,0.0,0.2,-0.5,1.6,-169.70000000000002,0.0,0.0,169.70000000000002,0.0,21.4,29.5,29.5,30.1,300.0,300.0,31.4,35.300000000000004,29.4,28.6,30.4,4.96,2.0,4.96,0.16,0.0,0.0,1027.0,8228.0,0.0,0.0,0.0,0.0,0.0,1.0,0.0,0.0,0.0,0.0,0.0,0.6000000000000001,0.0,-1.5,0.0,0.0002,16.0,25903.0
2026-07-30T19:00:41.283Z,210.766,210.78,0.0,7.4,0.0,0.0,0.0,0.0,0.0,0.0,0.0,0.0,1.0,0.0,0.0,0.0,9.0,4.0,0.0,0.0,0.0,0.0,0.0,0.0,0.0,0.0,4.0,12.0,1.0,12.14,5.0200000000000005,2.5,1.49,0.0,0.1,0.0,0.4,0.0,0.2,0.0,0.0,-169.70000000000002,0.0,0.0,169.70000000000002,0.0,21.4,29.5,29.5,30.1,300.0,300.0,31.4,35.300000000000004,29.4,28.6,30.4,4.95,1.99,4.97,0.16,0.0,0.0,1027.0,8228.0,0.0,0.0,0.0,0.0,0.0,1.0,0.0,0.0,0.0,0.0,0.0,0.0,0.0,0.0,0.0,0.0001,16.0,25903.0
2026-07-30T19:00:41.295Z,210.778,210.792,0.0,7.4,0.0,0.0,0.0,0.0,0.0,0.0,0.0,0.0,1.0,0.0,0.0,0.0,9.0,4.0,0.0,0.0,0.0,0.0,0.0,0.0,0.0,0.0,6.0,12.0,1.0,12.14,5.0200000000000005,2.5,1.49,0.0,0.0,0.0,0.4,0.0,-0.2,0.6000000000000001,-0.6000000000000001,-169.70000000000002,0.0,0.0,169.8,0.0,21.4,29.5,29.5,30.1,300.0,300.0,31.4,35.300000000000004,29.4,28.6,30.4,4.95,1.99,4.96,0.16,0.0,0.0,1027.0,8228.0,0.0,0.0,0.0,0.0,0.0,1.0,0.0,0.0,0.0,0.0,0.0,0.2,0.0,0.7000000000000001,0.0,0.0002,16.0,25903.0
2026-07-30T19:00:41.307Z,210.79,210.804,0.0,7.4,0.0,0.0,0.0,0.0,0.0,0.0,0.0,0.0,1.0,0.0,0.0,0.0,9.0,4.0,0.0,0.0,0.0,0.0,0.0,0.0,0.0,0.0,1.0,12.0,1.0,12.14,5.0200000000000005,2.5,1.49,0.0,0.0,0.0,0.4,0.0,-0.2,0.0,1.6,-169.70000000000002,0.0,0.0,169.8,0.0,21.4,29.5,29.5,30.1,300.0,300.0,31.4,35.300000000000004,29.4,28.6,30.4,4.95,1.99,4.96,0.16,0.0,0.0,1027.0,8228.0,0.0,0.0,0.0,0.0,0.0,1.0,0.0,0.0,0.0,0.0,0.0,1.3,0.0,-1.4,0.0,0.0001,16.0,25903.0
2026-07-30T19:00:41.319Z,210.802,210.816,0.0,7.4,0.0,0.0,0.0,0.0,0.0,0.0,0.0,0.0,1.0,0.0,0.0,0.0,9.0,4.0,0.0,0.0,0.0,0.0,0.0,0.0,0.0,0.0,2.0,12.0,1.0,12.14,5.0200000000000005,2.5,1.49,0.0,0.0,0.0,0.4,0.0,0.3,-0.5,1.1,-169.70000000000002,0.0,0.0,169.70000000000002,0.0,21.4,29.5,29.5,30.1,300.0,300.0,31.4,35.300000000000004,29.4,28.6,30.4,4.95,1.99,4.97,0.16,0.0,0.0,1027.0,8228.0,0.0,0.0,0.0,0.0,0.0,1.0,0.0,0.0,0.0,0.0,0.0,0.2,0.0,-1.0,0.0,0.0,16.0,25903.0
2026-07-30T19:00:41.333Z,210.816,210.828,0.0,7.4,0.0,0.0,0.0,0.0,0.0,0.0,0.0,0.0,1.0,0.0,0.0,0.0,9.0,4.0,0.0,0.0,0.0,0.0,0.0,0.0,0.0,0.0,3.0,12.0,1.0,12.18,5.0200000000000005,2.5,1.49,0.0,0.0,0.0,0.4,0.0,0.3,1.2000000000000002,0.0,-169.70000000000002,0.0,0.0,169.8,0.0,21.8,29.5,29.5,30.1,300.0,300.0,31.3,35.4,29.4,28.6,30.4,4.95,2.0,4.96,0.16,0.0,0.0,1027.0,8228.0,0.0,0.0,0.0,0.0,0.0,1.0,0.0,0.0,0.0,0.0,0.0,1.3,0.0,0.2,0.0,0.0,16.0,25903.0
2026-07-30T19:00:41.343Z,210.826,210.84,0.0,7.4,0.0,0.0,0.0,0.0,0.0,0.0,0.0,0.0,1.0,0.0,0.0,0.0,9.0,4.0,0.0,0.0,0.0,0.0,0.0,0.0,0.0,0.0,4.0,12.0,1.0,12.18,5.0200000000000005,2.5,1.49,0.0,0.0,0.0,0.4,0.0,0.3,0.0,0.5,-169.70000000000002,0.0,0.0,169.8,0.0,21.8,29.5,29.5,30.1,300.0,300.0,31.3,35.4,29.4,28.6,30.4,4.95,2.0,4.96,0.16,0.0,0.0,1027.0,8228.0,0.0,0.0,0.0,0.0,0.0,1.0,0.0,0.0,0.0,0.0,0.0,0.4,0.0,-0.4,0.0,0.0001,16.0,25903.0
2026-07-30T19:00:41.355Z,210.838,210.852,0.0,7.4,0.0,0.0,0.0,0.0,0.0,0.0,0.0,0.0,1.0,0.0,0.0,0.0,9.0,4.0,0.0,0.0,0.0,0.0,0.0,0.0,0.0,0.0,5.0,12.0,1.0,12.18,5.0200000000000005,2.5,1.49,0.0,0.1,0.0,0.5,0.0,0.3,0.6000000000000001,-0.6000000000000001,-169.70000000000002,0.0,0.0,169.70000000000002,0.0,21.8,29.5,29.5,30.1,300.0,300.0,31.3,35.4,29.4,28.6,30.4,4.95,1.99,4.96,0.16,0.0,0.0,1027.0,8228.0,0.0,0.0,0.0,0.0,0.0,1.0,0.0,0.0,0.0,0.0,0.0,0.2,0.0,0.6000000000000001,0.0,0.0,16.0,25903.0
2026-07-30T19:00:41.367Z,210.85,210.864,0.0,7.4,0.0,0.0,0.0,0.0,0.0,0.0,0.0,0.0,1.0,0.0,0.0,0.0,9.0,4.0,0.0,0.0,0.0,0.0,0.0,0.0,0.0,0.0,6.0,12.0,1.0,12.18,5.0200000000000005,2.5,1.49,0.0,0.0,0.0,0.4,0.0,0.9,0.0,0.5,-169.70000000000002,0.0,0.0,169.70000000000002,0.0,21.8,29.5,29.5,30.1,300.0,300.0,31.3,35.4,29.4,28.6,30.4,4.95,1.99,4.97,0.16,0.0,0.0,1027.0,8228.0,0.0,0.0,0.0,0.0,0.0,1.0,0.0,0.0,0.0,0.0,0.0,0.5,0.0,-0.4,0.0,0.0001,16.0,25903.0
2026-07-30T19:00:41.379Z,210.862,210.876,0.0,7.4,0.0,0.0,0.0,0.0,0.0,0.0,0.0,0.0,1.0,0.0,0.0,0.0,9.0,4.0,0.0,0.0,0.0,0.0,0.0,0.0,0.0,0.0,1.0,12.0,1.0,12.18,5.0200000000000005,2.5,1.49,0.0,0.0,0.0,0.4,0.0,-0.2,0.1,0.0,-169.70000000000002,0.0,0.0,169.8,0.0,21.8,29.5,29.5,30.1,300.0,300.0,31.3,35.4,29.4,28.6,30.4,4.96,1.99,4.96,0.16,0.0,0.0,1027.0,8228.0,0.0,0.0,0.0,0.0,0.0,1.0,0.0,0.0,0.0,0.0,0.0,0.1,0.0,0.0,0.0,0.0001,16.0,25903.0
2026-07-30T19:00:41.391Z,210.874,210.888,0.0,7.4,0.0,0.0,0.0,0.0,0.0,0.0,0.0,0.0,1.0,0.0,0.0,0.0,9.0,4.0,0.0,0.0,0.0,0.0,0.0,0.0,0.0,0.0,1.0,12.0,1.0,12.18,5.0200000000000005,2.5,1.49,0.0,0.1,0.0,0.4,0.0,-0.2,0.7000000000000001,1.1,-169.70000000000002,0.0,0.0,169.70000000000002,0.0,21.8,29.5,29.5,30.1,300.0,300.0,31.3,35.4,29.4,28.6,30.4,4.96,1.99,4.97,0.16,0.0,0.0,1027.0,8228.0,0.0,0.0,0.0,0.0,0.0,1.0,0.0,0.0,0.0,0.0,0.0,1.7000000000000002,0.0,-0.8,0.0,0.0,16.0,25903.0
2026-07-30T19:00:41.403Z,210.886,210.9,0.0,7.4,0.0,0.0,0.0,0.0,0.0,0.0,0.0,0.0,1.0,0.0,0.0,0.0,9.0,4.0,0.0,0.0,0.0,0.0,0.0,0.0,0.0,0.0,2.0,12.0,1.0,12.18,5.0200000000000005,2.5,1.49,0.0,0.0,0.0,0.4,0.0,0.3,-0.4,-1.2000000000000002,-169.70000000000002,0.0,0.0,169.70000000000002,0.0,21.8,29.5,29.5,30.1,300.0,300.0,31.3,35.4,29.4,28.6,30.4,4.95,1.99,4.97,0.16,0.0,0.0,1027.0,8228.0,0.0,0.0,0.0,0.0,0.0,1.0,0.0,0.0,0.0,0.0,0.0,-1.4,0.0,0.9,0.0,0.0001,16.0,25903.0
2026-07-30T19:00:41.415Z,210.898,210.912,0.0,7.4,0.0,0.0,0.0,0.0,0.0,0.0,0.0,0.0,1.0,0.0,0.0,0.0,9.0,4.0,0.0,0.0,0.0,0.0,0.0,0.0,0.0,0.0,3.0,12.0,1.0,12.18,5.0200000000000005,2.5,1.49,0.0,0.0,0.0,0.4,0.0,-0.1,0.1,0.0,-169.70000000000002,0.0,0.0,169.70000000000002,0.0,21.8,29.5,29.5,30.1,300.0,300.0,31.3,35.4,29.4,28.6,30.4,4.95,1.99,4.96,0.16,0.0,0.0,1027.0,8228.0,0.0,0.0,0.0,0.0,0.0,1.0,0.0,0.0,0.0,0.0,0.0,0.1,0.0,0.0,0.0,0.0001,16.0,25903.0
2026-07-30T19:00:41.427Z,210.91,210.924,0.0,7.4,0.0,0.0,0.0,0.0,0.0,0.0,0.0,0.0,1.0,0.0,0.0,0.0,9.0,4.0,0.0,0.0,0.0,0.0,0.0,0.0,0.0,0.0,5.0,12.0,1.0,12.18,5.0200000000000005,2.5,1.49,0.0,0.0,0.0,0.4,0.0,-0.7000000000000001,-0.4,-0.6000000000000001,-169.70000000000002,0.0,0.0,169.70000000000002,0.0,21.8,29.5,29.5,30.1,300.0,300.0,31.3,35.4,29.4,28.6,30.4,4.96,2.0,4.97,0.16,0.0,0.0,1027.0,8228.0,0.0,0.0,0.0,0.0,0.0,1.0,0.0,0.0,0.0,0.0,0.0,-0.9,0.0,0.4,0.0,0.0,16.0,25903.0
2026-07-30T19:00:41.439Z,210.922,210.936,0.0,7.4,0.0,0.0,0.0,0.0,0.0,0.0,0.0,0.0,1.0,0.0,0.0,0.0,9.0,4.0,0.0,0.0,0.0,0.0,0.0,0.0,0.0,0.0,6.0,12.0,1.0,12.17,5.01,2.51,1.49,0.0,0.0,0.0,0.4,0.0,-0.2,-0.4,-0.6000000000000001,-169.70000000000002,0.0,0.0,169.70000000000002,0.0,21.4,29.5,29.5,30.0,300.0,300.0,31.3,35.4,29.4,28.6,30.5,4.96,1.99,4.97,0.16,0.0,0.0,1027.0,8228.0,0.0,0.0,0.0,0.0,0.0,1.0,0.0,0.0,0.0,0.0,0.0,-0.9,0.0,0.4,0.0,0.0,16.0,25903.0
2026-07-30T19:00:41.451Z,210.934,210.948,0.0,7.4,0.0,0.0,0.0,0.0,0.0,0.0,0.0,0.0,1.0,0.0,0.0,0.0,9.0,4.0,0.0,0.0,0.0,0.0,0.0,0.0,0.0,0.0,1.0,12.0,1.0,12.17,5.01,2.51,1.49,0.0,0.1,0.0,0.4,0.0,0.4,0.2,0.0,-169.70000000000002,0.0,0.0,169.70000000000002,0.0,21.4,29.5,29.5,30.0,300.0,300.0,31.3,35.4,29.4,28.6,30.5,4.95,1.99,4.97,0.16,0.0,0.0,1027.0,8228.0,0.0,0.0,0.0,0.0,0.0,1.0,0.0,0.0,0.0,0.0,0.0,0.2,0.0,0.0,0.0,0.0001,16.0,25903.0
2026-07-30T19:00:41.463Z,210.946,210.96,0.0,7.4,0.0,0.0,0.0,0.0,0.0,0.0,0.0,0.0,1.0,0.0,0.0,0.0,9.0,4.0,0.0,0.0,0.0,0.0,0.0,0.0,0.0,0.0,2.0,12.0,1.0,12.17,5.01,2.51,1.49,0.0,0.0,0.0,0.4,0.0,-0.2,1.4,2.3000000000000003,-169.70000000000002,0.0,0.0,169.8,0.0,21.4,29.5,29.5,30.0,300.0,300.0,31.3,35.4,29.4,28.6,30.5,4.96,1.99,4.96,0.16,0.0,0.0,1027.0,8228.0,0.0,0.0,0.0,0.0,0.0,1.0,0.0,0.0,0.0,0.0,0.0,3.3000000000000003,0.0,-1.7000000000000002,0.0,0.0001,16.0,25903.0
2026-07-30T19:00:41.475Z,210.958,210.972,0.0,7.4,0.0,0.0,0.0,0.0,0.0,0.0,0.0,0.0,1.0,0.0,0.0,0.0,9.0,4.0,0.0,0.0,0.0,0.0,0.0,0.0,0.0,0.0,3.0,12.0,1.0,12.17,5.01,2.51,1.49,0.0,0.0,0.0,0.4,0.0,0.3,-0.3,-0.7000000000000001,-169.70000000000002,0.0,0.0,169.8,0.0,21.4,29.5,29.5,30.0,300.0,300.0,31.3,35.4,29.4,28.6,30.5,4.95,1.99,4.97,0.16,0.0,0.0,1027.0,8228.0,0.0,0.0,0.0,0.0,0.0,1.0,0.0,0.0,0.0,0.0,0.0,-0.9,0.0,0.5,0.0,0.0002,16.0,25903.0
2026-07-30T19:00:41.487Z,210.97,210.984,0.0,7.4,0.0,0.0,0.0,0.0,0.0,0.0,0.0,0.0,1.0,0.0,0.0,0.0,9.0,4.0,0.0,0.0,0.0,0.0,0.0,0.0,0.0,0.0,4.0,12.0,1.0,12.17,5.01,2.51,1.49,0.0,0.0,0.0,0.4,0.0,0.3,1.3,-0.1,-169.70000000000002,0.0,0.0,169.8,0.0,21.4,29.5,29.5,30.0,300.0,300.0,31.3,35.4,29.4,28.6,30.5,4.95,2.0,4.97,0.16,0.0,0.0,1027.0,8228.0,0.0,0.0,0.0,0.0,0.0,1.0,0.0,0.0,0.0,0.0,0.0,1.3,0.0,0.4,0.0,0.0,16.0,25903.0
2026-07-30T19:00:41.500Z,210.983,210.996,0.0,7.4,0.0,0.0,0.0,0.0,0.0,0.0,0.0,0.0,1.0,0.0,0.0,0.0,9.0,4.0,0.0,0.0,0.0,0.0,0.0,0.0,0.0,0.0,5.0,12.0,1.0,12.17,5.01,2.51,1.49,0.0,0.0,0.0,0.4,0.0,-0.8,0.1,-0.7000000000000001,-169.70000000000002,0.0,0.0,169.70000000000002,0.0,21.4,29.5,29.5,30.0,300.0,300.0,31.3,35.4,29.4,28.6,30.5,4.95,1.99,4.97,0.16,0.0,0.0,1027.0,8228.0,0.0,0.0,0.0,0.0,0.0,1.0,0.0,0.0,0.0,0.0,0.0,-0.3,0.0,0.6000000000000001,0.0,0.0001,16.0,25903.0
2026-07-30T19:00:41.511Z,210.994,211.008,0.0,7.4,0.0,0.0,0.0,0.0,0.0,0.0,0.0,0.0,1.0,0.0,0.0,0.0,9.0,4.0,0.0,0.0,0.0,0.0,0.0,0.0,0.0,0.0,6.0,12.0,1.0,12.17,5.01,2.51,1.49,0.0,0.0,0.0,0.5,0.0,-0.2,0.1,-0.7000000000000001,-169.70000000000002,0.0,0.0,169.8,0.0,21.4,29.5,29.5,30.0,300.0,300.0,31.3,35.4,29.4,28.6,30.5,4.95,1.99,4.96,0.16,0.0,0.0,1027.0,8228.0,0.0,0.0,0.0,0.0,0.0,1.0,0.0,0.0,0.0,0.0,0.0,-0.4,0.0,0.6000000000000001,0.0,0.0002,16.0,25903.0
2026-07-30T19:00:41.523Z,211.006,211.02,0.0,7.4,0.0,0.0,0.0,0.0,0.0,0.0,0.0,0.0,1.0,0.0,0.0,0.0,9.0,4.0,0.0,0.0,0.0,0.0,0.0,0.0,0.0,0.0,1.0,12.0,1.0,12.17,5.01,2.51,1.49,0.0,0.1,0.0,0.4,0.0,-0.2,-1.0,-1.3,-169.70000000000002,0.0,0.0,169.70000000000002,0.0,21.4,29.5,29.5,30.0,300.0,300.0,31.3,35.4,29.4,28.6,30.5,4.96,1.99,4.96,0.16,0.0,0.0,1027.0,8228.0,0.0,0.0,0.0,0.0,0.0,1.0,0.0,0.0,0.0,0.0,0.0,-2.2,0.0,0.9,0.0,0.0001,16.0,25903.0
2026-07-30T19:00:41.536Z,211.019,211.032,0.0,7.4,0.0,0.0,0.0,0.0,0.0,0.0,0.0,0.0,1.0,0.0,0.0,0.0,9.0,4.0,0.0,0.0,0.0,0.0,0.0,0.0,0.0,0.0,2.0,12.0,1.0,12.17,5.01,2.51,1.49,0.0,0.0,0.0,0.4,0.0,0.3,0.1,-1.3,-169.70000000000002,0.0,0.0,169.60000000000002,0.0,21.700000000000003,29.5,29.5,30.1,300.0,300.0,31.200000000000003,35.4,29.4,28.6,30.5,4.96,1.99,4.96,0.16,0.0,0.0,1027.0,8228.0,0.0,0.0,0.0,0.0,0.0,1.0,0.0,0.0,0.0,0.0,0.0,-0.8,0.0,1.2000000000000002,0.0,0.0001,16.0,25903.0
2026-07-30T19:00:41.547Z,211.03,211.044,0.0,7.4,0.0,0.0,0.0,0.0,0.0,0.0,0.0,0.0,1.0,0.0,0.0,0.0,9.0,4.0,0.0,0.0,0.0,0.0,0.0,0.0,0.0,0.0,3.0,12.0,1.0,12.17,5.01,2.51,1.49,0.0,0.0,0.0,0.4,0.0,0.3,0.7000000000000001,0.3,-169.70000000000002,0.0,0.0,169.70000000000002,0.0,21.700000000000003,29.5,29.5,30.1,300.0,300.0,31.200000000000003,35.4,29.4,28.6,30.5,4.96,1.99,4.96,0.16,0.0,0.0,1027.0,8228.0,0.0,0.0,0.0,0.0,0.0,1.0,0.0,0.0,0.0,0.0,0.0,1.0,0.0,-0.1,0.0,0.0001,16.0,25903.0
2026-07-30T19:00:41.559Z,211.042,211.056,0.0,7.4,0.0,0.0,0.0,0.0,0.0,0.0,0.0,0.0,1.0,0.0,0.0,0.0,9.0,4.0,0.0,0.0,0.0,0.0,0.0,0.0,0.0,0.0,5.0,12.0,1.0,12.17,5.01,2.51,1.49,0.0,0.0,0.0,0.4,0.0,0.3,0.7000000000000001,-0.2,-169.70000000000002,0.0,0.0,169.70000000000002,0.0,21.700000000000003,29.5,29.5,30.1,300.0,300.0,31.200000000000003,35.4,29.4,28.6,30.5,4.95,1.99,4.97,0.16,0.0,0.0,1027.0,8228.0,0.0,0.0,0.0,0.0,0.0,1.0,0.0,0.0,0.0,0.0,0.0,0.6000000000000001,0.0,0.3,0.0,0.0,16.0,25903.0
2026-07-30T19:00:41.580Z,211.063,211.068,0.0,7.4,0.0,0.0,0.0,0.0,0.0,0.0,0.0,0.0,1.0,0.0,0.0,0.0,9.0,4.0,0.0,0.0,0.0,0.0,0.0,0.0,0.0,0.0,6.0,12.0,1.0,12.17,5.01,2.51,1.49,0.0,0.1,0.0,0.4,0.0,0.3,0.1,0.9,-169.70000000000002,0.0,0.0,169.60000000000002,0.0,21.700000000000003,29.5,29.5,30.1,300.0,300.0,31.200000000000003,35.4,29.4,28.6,30.5,4.96,1.99,4.97,0.16,0.0,0.0,1027.0,8228.0,0.0,0.0,0.0,0.0,0.0,1.0,0.0,0.0,0.0,0.0,0.0,0.9,0.0,-0.8,0.0,0.0,16.0,25903.0
2026-07-30T19:00:41.584Z,211.067,211.08,0.0,7.4,0.0,0.0,0.0,0.0,0.0,0.0,0.0,0.0,1.0,0.0,0.0,0.0,9.0,4.0,0.0,0.0,0.0,0.0,0.0,0.0,0.0,0.0,6.0,12.0,1.0,12.17,5.01,2.51,1.49,0.0,0.0,0.0,0.4,0.0,0.3,0.1,-0.7000000000000001,-169.70000000000002,0.0,0.0,169.70000000000002,0.0,21.700000000000003,29.5,29.5,30.1,300.0,300.0,31.200000000000003,35.4,29.4,28.6,30.5,4.96,1.99,4.96,0.16,0.0,0.0,1027.0,8228.0,0.0,0.0,0.0,0.0,0.0,1.0,0.0,0.0,0.0,0.0,0.0,-0.4,0.0,0.6000000000000001,0.0,0.0001,16.0,25903.0
2026-07-30T19:00:41.595Z,211.078,211.092,0.0,7.4,0.0,0.0,0.0,0.0,0.0,0.0,0.0,0.0,1.0,0.0,0.0,0.0,9.0,4.0,0.0,0.0,0.0,0.0,0.0,0.0,0.0,0.0,5.0,12.0,1.0,12.17,5.01,2.51,1.49,0.0,0.0,0.0,0.4,0.0,-0.2,-0.4,-1.3,-169.70000000000002,0.0,0.0,169.70000000000002,0.0,21.700000000000003,29.5,29.5,30.1,300.0,300.0,31.200000000000003,35.4,29.4,28.6,30.5,4.95,1.99,4.96,0.16,0.0,0.0,1027.0,8228.0,0.0,0.0,0.0,0.0,0.0,1.0,0.0,0.0,0.0,0.0,0.0,-1.5,0.0,1.1,0.0,0.0001,16.0,25903.0
2026-07-30T19:00:41.606Z,211.089,211.104,0.0,7.4,0.0,0.0,0.0,0.0,0.0,0.0,0.0,0.0,1.0,0.0,0.0,0.0,9.0,4.0,0.0,0.0,0.0,0.0,0.0,0.0,0.0,0.0,6.0,12.0,1.0,12.17,5.01,2.51,1.49,0.0,0.1,0.0,0.4,0.0,-0.1,0.1,0.4,-169.70000000000002,0.0,0.0,169.70000000000002,0.0,21.700000000000003,29.5,29.5,30.1,300.0,300.0,31.200000000000003,35.4,29.4,28.6,30.5,4.95,1.99,4.97,0.16,0.0,0.0,1027.0,8228.0,0.0,0.0,0.0,0.0,0.0,1.0,0.0,0.0,0.0,0.0,0.0,0.4,0.0,-0.3,0.0,0.0001,16.0,25903.0
2026-07-30T19:00:41.619Z,211.102,211.116,0.0,7.4,0.0,0.0,0.0,0.0,0.0,0.0,0.0,0.0,1.0,0.0,0.0,0.0,9.0,4.0,0.0,0.0,0.0,0.0,0.0,0.0,0.0,0.0,1.0,12.0,1.0,12.17,5.01,2.51,1.49,0.0,0.0,0.0,0.4,0.0,-0.2,-0.4,-0.7000000000000001,-169.70000000000002,0.0,0.0,169.70000000000002,0.0,21.700000000000003,29.5,29.5,30.1,300.0,300.0,31.200000000000003,35.4,29.4,28.6,30.5,4.96,2.0,4.96,0.16,0.0,0.0,1027.0,8228.0,0.0,0.0,0.0,0.0,0.0,1.0,0.0,0.0,0.0,0.0,0.0,-1.0,0.0,0.5,0.0,0.0,16.0,25903.0
2026-07-30T19:00:41.631Z,211.114,211.128,0.0,7.4,0.0,0.0,0.0,0.0,0.0,0.0,0.0,0.0,1.0,0.0,0.0,0.0,9.0,4.0,0.0,0.0,0.0,0.0,0.0,0.0,0.0,0.0,3.0,12.0,1.0,12.17,5.01,2.51,1.49,0.0,0.1,0.0,0.4,0.0,-0.8,-0.4,0.4,-169.70000000000002,0.0,0.0,169.8,0.0,21.700000000000003,29.5,29.5,30.1,300.0,300.0,31.200000000000003,35.4,29.4,28.6,30.5,4.96,1.99,4.97,0.16,0.0,0.0,1027.0,8228.0,0.0,0.0,0.0,0.0,0.0,1.0,0.0,0.0,0.0,0.0,0.0,0.0,0.0,-0.5,0.0,0.0,16.0,25903.0
2026-07-30T19:00:41.643Z,211.126,211.14,0.0,7.4,0.0,0.0,0.0,0.0,0.0,0.0,0.0,0.0,1.0,0.0,0.0,0.0,9.0,4.0,0.0,0.0,0.0,0.0,0.0,0.0,0.0,0.0,4.0,12.0,1.0,12.15,5.01,2.5,1.5,0.0,0.1,0.0,0.5,0.0,0.9,0.7000000000000001,-0.7000000000000001,-169.70000000000002,0.0,0.0,169.70000000000002,0.0,21.4,29.5,29.5,30.1,300.0,300.0,31.200000000000003,35.4,29.4,28.6,30.5,4.96,2.0,4.97,0.16,0.0,0.0,1027.0,8228.0,0.0,0.0,0.0,0.0,0.0,1.0,0.0,0.0,0.0,0.0,0.0,0.3,0.0,0.7000000000000001,0.0,0.0002,16.0,25903.0
2026-07-30T19:00:41.655Z,211.138,211.152,0.0,7.4,0.0,0.0,0.0,0.0,0.0,0.0,0.0,0.0,1.0,0.0,0.0,0.0,9.0,4.0,0.0,0.0,0.0,0.0,0.0,0.0,0.0,0.0,5.0,12.0,1.0,12.15,5.01,2.5,1.5,0.0,0.1,0.0,0.4,0.0,0.3,-0.4,-0.1,-169.70000000000002,0.0,0.0,169.70000000000002,0.0,21.4,29.5,29.5,30.1,300.0,300.0,31.200000000000003,35.4,29.4,28.6,30.5,4.96,2.0,4.96,0.16,0.0,0.0,1027.0,8228.0,0.0,0.0,0.0,0.0,0.0,1.0,0.0,0.0,0.0,0.0,0.0,-0.5,0.0,0.0,0.0,0.0001,16.0,25903.0
2026-07-30T19:00:41.667Z,211.15,211.164,0.0,7.4,0.0,0.0,0.0,0.0,0.0,0.0,0.0,0.0,1.0,0.0,0.0,0.0,9.0,4.0,0.0,0.0,0.0,0.0,0.0,0.0,0.0,0.0,6.0,12.0,1.0,12.15,5.01,2.5,1.5,0.0,0.0,0.0,0.4,0.0,0.3,-0.4,1.6,-169.70000000000002,0.0,0.0,169.70000000000002,0.0,21.4,29.5,29.5,30.1,300.0,300.0,31.200000000000003,35.4,29.4,28.6,30.5,4.95,1.99,4.96,0.16,0.0,0.0,1027.0,8228.0,0.0,0.0,0.0,0.0,0.0,1.0,0.0,0.0,0.0,0.0,0.0,0.7000000000000001,0.0,-1.5,0.0,0.0001,16.0,25903.0
2026-07-30T19:00:41.679Z,211.162,211.176,0.0,7.4,0.0,0.0,0.0,0.0,0.0,0.0,0.0,0.0,1.0,0.0,0.0,0.0,9.0,4.0,0.0,0.0,0.0,0.0,0.0,0.0,0.0,0.0,2.0,12.0,1.0,12.15,5.01,2.5,1.5,0.0,0.0,0.0,0.4,0.0,0.9,0.7000000000000001,-0.1,-169.70000000000002,0.0,0.0,169.8,0.0,21.4,29.5,29.5,30.1,300.0,300.0,31.200000000000003,35.4,29.4,28.6,30.5,4.95,1.99,4.97,0.16,0.0,0.0,1027.0,8228.0,0.0,0.0,0.0,0.0,0.0,1.0,0.0,0.0,0.0,0.0,0.0,0.7000000000000001,0.0,0.2,0.0,0.0,16.0,25903.0
2026-07-30T19:00:41.692Z,211.175,211.188,0.0,7.4,0.0,0.0,0.0,0.0,0.0,0.0,0.0,0.0,1.0,0.0,0.0,0.0,9.0,4.0,0.0,0.0,0.0,0.0,0.0,0.0,0.0,0.0,3.0,12.0,1.0,12.15,5.01,2.5,1.5,0.0,0.0,0.0,0.4,0.0,-0.2,-0.4,-0.7000000000000001,-169.70000000000002,0.0,0.0,169.60000000000002,0.0,21.4,29.5,29.5,30.1,300.0,300.0,31.200000000000003,35.4,29.4,28.6,30.5,4.95,2.0,4.97,0.16,0.0,0.0,1027.0,8228.0,0.0,0.0,0.0,0.0,0.0,1.0,0.0,0.0,0.0,0.0,0.0,-1.0,0.0,0.5,0.0,0.0001,16.0,25903.0
2026-07-30T19:00:41.703Z,211.186,211.2,0.0,7.4,0.0,0.0,0.0,0.0,0.0,0.0,0.0,0.0,1.0,0.0,0.0,0.0,9.0,4.0,0.0,0.0,0.0,0.0,0.0,0.0,0.0,0.0,4.0,12.0,1.0,12.15,5.01,2.5,1.5,0.0,0.0,0.0,0.4,0.0,-0.2,-0.4,-0.6000000000000001,-169.70000000000002,0.0,0.0,169.70000000000002,0.0,21.4,29.5,29.5,30.1,300.0,300.0,31.200000000000003,35.4,29.4,28.6,30.5,4.96,2.0,4.96,0.16,0.0,0.0,1027.0,8228.0,0.0,0.0,0.0,0.0,0.0,1.0,0.0,0.0,0.0,0.0,0.0,-0.9,0.0,0.5,0.0,0.0002,16.0,25903.0
2026-07-30T19:00:41.716Z,211.199,211.212,0.0,7.4,0.0,0.0,0.0,0.0,0.0,0.0,0.0,0.0,1.0,0.0,0.0,0.0,9.0,4.0,0.0,0.0,0.0,0.0,0.0,0.0,0.0,0.0,5.0,12.0,1.0,12.15,5.01,2.5,1.5,0.0,0.0,0.0,0.4,0.0,0.8,-0.4,-0.1,-169.70000000000002,0.0,0.0,169.70000000000002,0.0,21.4,29.5,29.5,30.1,300.0,300.0,31.200000000000003,35.4,29.4,28.6,30.5,4.95,1.99,4.97,0.16,0.0,0.0,1027.0,8228.0,0.0,0.0,0.0,0.0,0.0,1.0,0.0,0.0,0.0,0.0,0.0,-0.5,0.0,0.0,0.0,0.0,16.0,25903.0
2026-07-30T19:00:41.727Z,211.21,211.224,0.0,7.4,0.0,0.0,0.0,0.0,0.0,0.0,0.0,0.0,1.0,0.0,0.0,0.0,9.0,4.0,0.0,0.0,0.0,0.0,0.0,0.0,0.0,0.0,6.0,12.0,1.0,12.15,5.01,2.5,1.5,0.0,0.0,0.0,0.4,0.0,0.3,0.1,-0.1,-169.70000000000002,0.0,0.0,169.70000000000002,0.0,21.4,29.5,29.5,30.1,300.0,300.0,31.200000000000003,35.4,29.4,28.6,30.5,4.95,1.99,4.96,0.16,0.0,0.0,1027.0,8228.0,0.0,0.0,0.0,0.0,0.0,1.0,0.0,0.0,0.0,0.0,0.0,0.0,0.0,0.1,0.0,0.0,16.0,25903.0
2026-07-30T19:00:41.741Z,211.224,211.236,0.0,7.4,0.0,0.0,0.0,0.0,0.0,0.0,0.0,0.0,1.0,0.0,0.0,0.0,9.0,4.0,0.0,0.0,0.0,0.0,0.0,0.0,0.0,0.0,1.0,12.0,1.0,12.17,5.01,2.51,1.49,0.0,0.0,0.0,0.4,0.0,-0.8,0.1,-0.6000000000000001,-169.70000000000002,0.0,0.0,169.70000000000002,0.0,21.700000000000003,29.5,29.5,30.0,300.0,300.0,31.4,35.4,29.4,28.6,30.5,4.96,1.99,4.96,0.16,0.0,0.0,1027.0,8228.0,0.0,0.0,0.0,0.0,0.0,1.0,0.0,0.0,0.0,0.0,0.0,1.1,0.0,-0.2,0.0,0.0001,16.0,25903.0
2026-07-30T19:00:41.751Z,211.234,211.248,0.0,7.4,0.0,0.0,0.0,0.0,0.0,0.0,0.0,0.0,1.0,0.0,0.0,0.0,9.0,4.0,0.0,0.0,0.0,0.0,0.0,0.0,0.0,0.0,2.0,12.0,1.0,12.17,5.01,2.51,1.49,0.0,0.0,0.0,0.4,0.0,-1.4,0.1,-0.6000000000000001,-169.70000000000002,0.0,0.0,169.60000000000002,0.0,21.700000000000003,29.5,29.5,30.0,300.0,300.0,31.4,35.4,29.4,28.6,30.5,4.95,1.99,4.96,0.16,0.0,0.0,1027.0,8228.0,0.0,0.0,0.0,0.0,0.0,1.0,0.0,0.0,0.0,0.0,0.0,0.7000000000000001,0.0,0.2,0.0,0.0001,16.0,25903.0
2026-07-30T19:00:41.764Z,211.247,211.26,0.0,7.4,0.0,0.0,0.0,0.0,0.0,0.0,0.0,0.0,1.0,0.0,0.0,0.0,9.0,4.0,0.0,0.0,0.0,0.0,0.0,0.0,0.0,0.0,3.0,12.0,1.0,12.17,5.01,2.51,1.49,0.0,0.0,0.0,0.4,0.0,-0.8,-1.0,0.5,-169.70000000000002,0.0,0.0,169.70000000000002,0.0,21.700000000000003,29.5,29.5,30.0,300.0,300.0,31.4,35.4,29.4,28.6,30.5,4.95,1.99,4.97,0.16,0.0,0.0,1027.0,8228.0,0.0,0.0,0.0,0.0,0.0,1.0,0.0,0.0,0.0,0.0,0.0,1.6,0.0,-0.8,0.0,0.0,16.0,25903.0
2026-07-30T19:00:41.776Z,211.259,211.272,0.0,7.4,0.0,0.0,0.0,0.0,0.0,0.0,0.0,0.0,1.0,0.0,0.0,0.0,9.0,4.0,0.0,0.0,0.0,0.0,0.0,0.0,0.0,0.0,4.0,12.0,1.0,12.17,5.01,2.51,1.49,0.0,0.0,0.0,0.4,0.0,-0.3,0.0,-0.6000000000000001,-169.70000000000002,0.0,0.0,169.8,0.0,21.700000000000003,29.5,29.5,30.0,300.0,300.0,31.4,35.4,29.4,28.6,30.5,4.95,1.99,4.96,0.16,0.0,0.0,1027.0,8228.0,0.0,0.0,0.0,0.0,0.0,1.0,0.0,0.0,0.0,0.0,0.0,-0.1,0.0,1.2000000000000002,0.0,0.0001,16.0,25903.0
2026-07-30T19:00:41.788Z,211.271,211.284,0.0,7.4,0.0,0.0,0.0,0.0,0.0,0.0,0.0,0.0,1.0,0.0,0.0,0.0,9.0,4.0,0.0,0.0,0.0,0.0,0.0,0.0,0.0,0.0,5.0,12.0,1.0,12.17,5.01,2.51,1.49,0.0,0.0,0.0,0.4,0.0,-0.9,-1.0,-3.6,-169.70000000000002,0.0,0.0,169.8,0.0,21.700000000000003,29.5,29.5,30.0,300.0,300.0,31.4,35.4,29.4,28.6,30.5,4.96,1.99,4.96,0.16,0.0,0.0,1027.0,8228.0,0.0,0.0,0.0,0.0,0.0,1.0,0.0,0.0,0.0,0.0,0.0,-3.8,0.0,2.9000000000000004,0.0,0.0001,16.0,25903.0
2026-07-30T19:00:41.800Z,211.283,211.296,0.0,7.4,0.0,0.0,0.0,0.0,0.0,0.0,0.0,0.0,1.0,0.0,0.0,0.0,9.0,4.0,0.0,0.0,0.0,0.0,0.0,0.0,0.0,0.0,6.0,12.0,1.0,12.17,5.01,2.51,1.49,0.0,0.0,0.0,0.4,0.0,0.2,-0.4,-0.1,-169.70000000000002,0.0,0.0,169.60000000000002,0.0,21.700000000000003,29.5,29.5,30.0,300.0,300.0,31.4,35.4,29.4,28.6,30.5,4.95,1.99,4.97,0.16,0.0,0.0,1027.0,8228.0,0.0,0.0,0.0,0.0,0.0,1.0,0.0,0.0,0.0,0.0,0.0,-0.6000000000000001,0.0,0.0,0.0,0.0001,16.0,25903.0
2026-07-30T19:00:41.812Z,211.295,211.308,0.0,7.4,0.0,0.0,0.0,0.0,0.0,0.0,0.0,0.0,1.0,0.0,0.0,0.0,9.0,4.0,0.0,0.0,0.0,0.0,0.0,0.0,0.0,0.0,1.0,12.0,1.0,12.17,5.01,2.51,1.49,0.0,0.0,0.0,0.4,0.0,0.2,-0.4,-0.1,-169.70000000000002,0.0,0.0,169.8,0.0,21.700000000000003,29.5,29.5,30.0,300.0,300.0,31.4,35.4,29.4,28.6,30.5,4.96,1.99,4.96,0.16,0.0,0.0,1027.0,8228.0,0.0,0.0,0.0,0.0,0.0,1.0,0.0,0.0,0.0,0.0,0.0,-0.6000000000000001,0.0,0.0,0.0,0.0002,16.0,25903.0
2026-07-30T19:00:41.823Z,211.306,211.32,0.0,7.4,0.0,0.0,0.0,0.0,0.0,0.0,0.0,0.0,1.0,0.0,0.0,0.0,9.0,4.0,0.0,0.0,0.0,0.0,0.0,0.0,0.0,0.0,2.0,12.0,1.0,12.17,5.01,2.51,1.49,0.0,0.0,0.0,0.4,0.0,0.2,0.1,-0.1,-169.70000000000002,0.0,0.0,169.70000000000002,0.0,21.700000000000003,29.5,29.5,30.0,300.0,300.0,31.4,35.4,29.4,28.6,30.5,4.96,2.0,4.97,0.16,0.0,0.0,1027.0,8228.0,0.0,0.0,0.0,0.0,0.0,1.0,0.0,0.0,0.0,0.0,0.0,0.0,0.0,0.1,0.0,0.0001,16.0,25903.0
2026-07-30T19:00:41.835Z,211.318,211.332,0.0,7.4,0.0,0.0,0.0,0.0,0.0,0.0,0.0,0.0,1.0,0.0,0.0,0.0,9.0,4.0,0.0,0.0,0.0,0.0,0.0,0.0,0.0,0.0,3.0,12.0,1.0,12.17,5.01,2.51,1.49,0.0,0.0,0.0,0.4,0.0,0.8,0.7000000000000001,-0.6000000000000001,-169.70000000000002,0.0,0.0,169.70000000000002,0.0,21.700000000000003,29.5,29.5,30.0,300.0,300.0,31.4,35.4,29.4,28.6,30.5,4.95,1.99,4.97,0.16,0.0,0.0,1027.0,8228.0,0.0,0.0,0.0,0.0,0.0,1.0,0.0,0.0,0.0,0.0,0.0,0.2,0.0,0.7000000000000001,0.0,0.0001,16.0,25903.0
2026-07-30T19:00:41.847Z,211.33,211.344,0.0,7.4,0.0,0.0,0.0,0.0,0.0,0.0,0.0,0.0,1.0,0.0,0.0,0.0,9.0,4.0,0.0,0.0,0.0,0.0,0.0,0.0,0.0,0.0,4.0,12.0,1.0,12.17,5.0200000000000005,2.51,1.49,0.0,0.0,0.0,0.4,0.0,0.2,0.1,0.5,-169.70000000000002,0.0,0.0,169.70000000000002,0.0,21.4,29.5,29.5,30.1,300.0,300.0,31.5,35.4,29.4,28.6,30.5,4.95,1.99,4.97,0.16,0.0,0.0,1027.0,8228.0,0.0,0.0,0.0,0.0,0.0,1.0,0.0,0.0,0.0,0.0,0.0,0.5,0.0,-0.4,0.0,0.0001,16.0,25903.0
2026-07-30T19:00:41.859Z,211.342,211.356,0.0,7.4,0.0,0.0,0.0,0.0,0.0,0.0,0.0,0.0,1.0,0.0,0.0,0.0,9.0,4.0,0.0,0.0,0.0,0.0,0.0,0.0,0.0,0.0,5.0,12.0,1.0,12.17,5.0200000000000005,2.51,1.49,0.0,0.0,0.0,0.4,0.0,-0.3,0.1,0.0,-169.70000000000002,0.0,0.0,169.70000000000002,0.0,21.4,29.5,29.5,30.1,300.0,300.0,31.5,35.4,29.4,28.6,30.5,4.96,1.99,4.96,0.16,0.0,0.0,1027.0,8228.0,0.0,0.0,0.0,0.0,0.0,1.0,0.0,0.0,0.0,0.0,0.0,0.0,0.0,0.1,0.0,0.0,16.0,25903.0
2026-07-30T19:00:41.871Z,211.354,211.368,0.0,7.4,0.0,0.0,0.0,0.0,0.0,0.0,0.0,0.0,1.0,0.0,0.0,0.0,9.0,4.0,0.0,0.0,0.0,0.0,0.0,0.0,0.0,0.0,6.0,12.0,1.0,12.17,5.0200000000000005,2.51,1.49,0.0,0.0,0.0,0.4,0.0,-0.3,0.7000000000000001,-0.6000000000000001,-169.70000000000002,0.0,0.0,169.70000000000002,0.0,21.4,29.5,29.5,30.1,300.0,300.0,31.5,35.4,29.4,28.6,30.5,4.96,1.99,4.97,0.16,0.0,0.0,1027.0,8228.0,0.0,0.0,0.0,0.0,0.0,1.0,0.0,0.0,0.0,0.0,0.0,0.3,0.0,0.7000000000000001,0.0,0.0001,16.0,25903.0
2026-07-30T19:00:41.883Z,211.366,211.38,0.0,7.4,0.0,0.0,0.0,0.0,0.0,0.0,0.0,0.0,1.0,0.0,0.0,0.0,9.0,4.0,0.0,0.0,0.0,0.0,0.0,0.0,0.0,0.0,1.0,12.0,1.0,12.17,5.0200000000000005,2.51,1.49,0.0,0.1,0.0,0.5,0.0,0.9,0.7000000000000001,1.1,-169.70000000000002,0.0,0.0,169.70000000000002,0.0,21.4,29.5,29.5,30.1,300.0,300.0,31.5,35.4,29.4,28.6,30.5,4.95,1.99,4.97,0.16,0.0,0.0,1027.0,8228.0,0.0,0.0,0.0,0.0,0.0,1.0,0.0,0.0,0.0,0.0,0.0,1.7000000000000002,0.0,-0.8,0.0,0.0001,16.0,25903.0
2026-07-30T19:00:41.899Z,211.382,211.392,0.0,7.4,0.0,0.0,0.0,0.0,0.0,0.0,0.0,0.0,1.0,0.0,0.0,0.0,9.0,4.0,0.0,0.0,0.0,0.0,0.0,0.0,0.0,0.0,2.0,12.0,1.0,12.17,5.0200000000000005,2.51,1.49,0.0,0.0,0.0,0.4,0.0,0.2,0.7000000000000001,0.0,-169.70000000000002,0.0,0.0,169.70000000000002,0.0,21.4,29.5,29.5,30.1,300.0,300.0,31.5,35.4,29.4,28.6,30.5,4.96,1.99,4.96,0.16,0.0,0.0,1027.0,8228.0,0.0,0.0,0.0,0.0,0.0,1.0,0.0,0.0,0.0,0.0,0.0,0.8,0.0,0.2,0.0,0.0001,16.0,25903.0
2026-07-30T19:00:41.907Z,211.39,211.404,0.0,7.4,0.0,0.0,0.0,0.0,0.0,0.0,0.0,0.0,1.0,0.0,0.0,0.0,9.0,4.0,0.0,0.0,0.0,0.0,0.0,0.0,0.0,0.0,5.0,12.0,1.0,12.17,5.0200000000000005,2.51,1.49,0.0,0.0,0.0,0.5,0.0,-0.3,-0.9,0.5,-169.70000000000002,0.0,0.0,169.70000000000002,0.0,21.4,29.5,29.5,30.1,300.0,300.0,31.5,35.4,29.4,28.6,30.5,4.96,2.0,4.96,0.16,0.0,0.0,1027.0,8228.0,0.0,0.0,0.0,0.0,0.0,1.0,0.0,0.0,0.0,0.0,0.0,-0.7000000000000001,0.0,-0.6000000000000001,0.0,0.0001,16.0,25903.0
2026-07-30T19:00:41.919Z,211.402,211.416,0.0,7.4,0.0,0.0,0.0,0.0,0.0,0.0,0.0,0.0,1.0,0.0,0.0,0.0,9.0,4.0,0.0,0.0,0.0,0.0,0.0,0.0,0.0,0.0,1.0,12.0,1.0,12.17,5.0200000000000005,2.51,1.49,0.0,0.1,0.0,0.4,0.0,-0.3,-0.4,0.5,-169.70000000000002,0.0,0.0,169.60000000000002,0.0,21.4,29.5,29.5,30.1,300.0,300.0,31.5,35.4,29.4,28.6,30.5,4.96,1.99,4.97,0.16,0.0,0.0,1027.0,8228.0,0.0,0.0,0.0,0.0,0.0,1.0,0.0,0.0,0.0,0.0,0.0,0.0,0.0,-0.5,0.0,0.0001,16.0,25903.0
2026-07-30T19:00:41.931Z,211.414,211.428,0.0,7.4,0.0,0.0,0.0,0.0,0.0,0.0,0.0,0.0,1.0,0.0,0.0,0.0,9.0,4.0,0.0,0.0,0.0,0.0,0.0,0.0,0.0,0.0,2.0,12.0,1.0,12.17,5.0200000000000005,2.51,1.49,0.0,0.0,0.0,0.4,0.0,0.2,0.2,-0.6000000000000001,-169.70000000000002,0.0,0.0,169.70000000000002,0.0,21.4,29.5,29.5,30.1,300.0,300.0,31.5,35.4,29.4,28.6,30.5,4.95,1.99,4.97,0.16,0.0,0.0,1027.0,8228.0,0.0,0.0,0.0,0.0,0.0,1.0,0.0,0.0,0.0,0.0,0.0,-0.2,0.0,0.5,0.0,0.0001,16.0,25903.0
2026-07-30T19:00:41.944Z,211.427,211.44,0.0,7.4,0.0,0.0,0.0,0.0,0.0,0.0,0.0,0.0,1.0,0.0,0.0,0.0,9.0,4.0,0.0,0.0,0.0,0.0,0.0,0.0,0.0,0.0,3.0,12.0,1.0,12.17,5.01,2.5,1.49,0.0,0.0,0.0,0.4,0.0,-0.2,0.1,0.5,-169.70000000000002,0.0,0.0,169.70000000000002,0.0,21.4,29.5,29.5,30.0,300.0,300.0,31.4,35.300000000000004,29.4,28.6,30.5,4.96,1.99,4.96,0.16,0.0,0.0,1027.0,8228.0,0.0,0.0,0.0,0.0,0.0,1.0,0.0,0.0,0.0,0.0,0.0,0.6000000000000001,0.0,-0.4,0.0,0.0,16.0,25903.0
2026-07-30T19:00:41.955Z,211.438,211.452,0.0,7.4,0.0,0.0,0.0,0.0,0.0,0.0,0.0,0.0,1.0,0.0,0.0,0.0,9.0,4.0,0.0,0.0,0.0,0.0,0.0,0.0,0.0,0.0,4.0,12.0,1.0,12.17,5.01,2.5,1.49,0.0,0.0,0.0,0.4,0.0,-0.3,-0.4,-0.7000000000000001,-169.70000000000002,0.0,0.0,169.70000000000002,0.0,21.4,29.5,29.5,30.0,300.0,300.0,31.4,35.300000000000004,29.4,28.6,30.5,4.95,1.99,4.97,0.16,0.0,0.0,1027.0,8228.0,0.0,0.0,0.0,0.0,0.0,1.0,0.0,0.0,0.0,0.0,0.0,-0.9,0.0,0.5,0.0,0.0001,16.0,25903.0
2026-07-30T19:00:41.967Z,211.45,211.464,0.0,7.4,0.0,0.0,0.0,0.0,0.0,0.0,0.0,0.0,1.0,0.0,0.0,0.0,9.0,4.0,0.0,0.0,0.0,0.0,0.0,0.0,0.0,0.0,5.0,12.0,1.0,12.17,5.01,2.5,1.49,0.0,0.0,0.0,0.4,0.0,-0.2,-0.4,1.6,-169.70000000000002,0.0,0.0,169.8,0.0,21.4,29.5,29.5,30.0,300.0,300.0,31.4,35.300000000000004,29.4,28.6,30.5,4.95,1.99,4.96,0.16,0.0,0.0,1027.0,8228.0,0.0,0.0,0.0,0.0,0.0,1.0,0.0,0.0,0.0,0.0,0.0,0.7000000000000001,0.0,-1.5,0.0,0.0,16.0,25903.0
2026-07-30T19:00:41.979Z,211.462,211.476,0.0,7.4,0.0,0.0,0.0,0.0,0.0,0.0,0.0,0.0,1.0,0.0,0.0,0.0,9.0,4.0,0.0,0.0,0.0,0.0,0.0,0.0,0.0,0.0,6.0,12.0,1.0,12.17,5.01,2.5,1.49,0.0,0.0,0.0,0.4,0.0,-0.2,-0.4,0.4,-169.70000000000002,0.0,0.0,169.70000000000002,0.0,21.4,29.5,29.5,30.0,300.0,300.0,31.4,35.300000000000004,29.4,28.6,30.5,4.96,1.99,4.96,0.16,0.0,0.0,1027.0,8228.0,0.0,0.0,0.0,0.0,0.0,1.0,0.0,0.0,0.0,0.0,0.0,-0.1,0.0,-0.4,0.0,0.0003,16.0,25903.0
2026-07-30T19:00:41.991Z,211.474,211.488,0.0,7.4,0.0,0.0,0.0,0.0,0.0,0.0,0.0,0.0,1.0,0.0,0.0,0.0,9.0,4.0,0.0,0.0,0.0,0.0,0.0,0.0,0.0,0.0,1.0,12.0,1.0,12.17,5.01,2.5,1.49,0.0,0.0,0.0,0.4,0.0,0.2,-1.0,-1.3,-169.70000000000002,0.0,0.0,169.70000000000002,0.0,21.4,29.5,29.5,30.0,300.0,300.0,31.4,35.300000000000004,29.4,28.6,30.5,4.95,1.99,4.96,0.16,0.0,0.0,1027.0,8228.0,0.0,0.0,0.0,0.0,0.0,1.0,0.0,0.0,0.0,0.0,0.0,-2.1,0.0,0.9,0.0,0.0001,16.0,25903.0
2026-07-30T19:00:42.003Z,211.486,211.5,0.0,7.4,0.0,0.0,0.0,0.0,0.0,0.0,0.0,0.0,1.0,0.0,0.0,0.0,9.0,4.0,0.0,0.0,0.0,0.0,0.0,0.0,0.0,0.0,2.0,12.0,1.0,12.17,5.01,2.5,1.49,0.0,0.0,0.0,0.4,0.0,0.2,0.1,0.3,-169.70000000000002,0.0,0.0,169.70000000000002,0.0,21.4,29.5,29.5,30.0,300.0,300.0,31.4,35.300000000000004,29.4,28.6,30.5,4.96,2.0,4.97,0.16,0.0,0.0,1027.0,8228.0,0.0,0.0,0.0,0.0,0.0,1.0,0.0,0.0,0.0,0.0,0.0,0.4,0.0,-0.2,0.0,0.0,16.0,25903.0
2026-07-30T19:00:42.016Z,211.499,211.512,0.0,7.4,0.0,0.0,0.0,0.0,0.0,0.0,0.0,0.0,1.0,0.0,0.0,0.0,9.0,4.0,0.0,0.0,0.0,0.0,0.0,0.0,0.0,0.0,3.0,12.0,1.0,12.17,5.01,2.5,1.49,0.0,0.0,0.0,0.4,0.0,-0.3,0.1,-1.4,-169.70000000000002,0.0,0.0,169.60000000000002,0.0,21.4,29.5,29.5,30.0,300.0,300.0,31.4,35.300000000000004,29.4,28.6,30.5,4.96,1.99,4.96,0.16,0.0,0.0,1027.0,8228.0,0.0,0.0,0.0,0.0,0.0,1.0,0.0,0.0,0.0,0.0,0.0,-0.9,0.0,1.3,0.0,0.0001,16.0,25903.0
2026-07-30T19:00:42.027Z,211.51,211.524,0.0,7.4,0.0,0.0,0.0,0.0,0.0,0.0,0.0,0.0,1.0,0.0,0.0,0.0,9.0,4.0,0.0,0.0,0.0,0.0,0.0,0.0,0.0,0.0,4.0,12.0,1.0,12.17,5.01,2.5,1.49,0.0,0.0,0.0,0.4,0.0,0.2,0.7000000000000001,0.9,-169.70000000000002,0.0,0.0,169.60000000000002,0.0,21.4,29.5,29.5,30.0,300.0,300.0,31.4,35.300000000000004,29.4,28.6,30.5,4.96,1.99,4.96,0.16,0.0,0.0,1027.0,8228.0,0.0,0.0,0.0,0.0,0.0,1.0,0.0,0.0,0.0,0.0,0.0,1.5,0.0,-0.6000000000000001,0.0,0.0002,16.0,25903.0
2026-07-30T19:00:42.039Z,211.522,211.536,0.0,7.4,0.0,0.0,0.0,0.0,0.0,0.0,0.0,0.0,1.0,0.0,0.0,0.0,9.0,4.0,0.0,0.0,0.0,0.0,0.0,0.0,0.0,0.0,5.0,12.0,1.0,12.17,5.01,2.5,1.49,0.0,0.0,0.0,0.4,0.0,0.3,0.1,-0.2,-169.70000000000002,0.0,0.0,169.60000000000002,0.0,21.4,29.5,29.5,30.0,300.0,300.0,31.4,35.300000000000004,29.4,28.6,30.5,4.95,1.99,4.97,0.16,0.0,0.0,1027.0,8228.0,0.0,0.0,0.0,0.0,0.0,1.0,0.0,0.0,0.0,0.0,0.0,0.0,0.0,0.2,0.0,0.0001,16.0,25903.0
2026-07-30T19:00:42.051Z,211.534,211.548,0.0,7.4,0.0,0.0,0.0,0.0,0.0,0.0,0.0,0.0,1.0,0.0,0.0,0.0,9.0,4.0,0.0,0.0,0.0,0.0,0.0,0.0,0.0,0.0,1.0,12.0,1.0,12.17,5.0200000000000005,2.5,1.49,0.0,0.1,0.0,0.4,0.0,0.3,-1.0,-1.3,-169.60000000000002,0.0,0.0,169.60000000000002,0.0,21.0,29.5,29.5,30.1,300.0,300.0,31.6,35.300000000000004,29.4,28.6,30.5,4.96,1.99,4.96,0.16,0.0,0.0,1027.0,8228.0,0.0,0.0,0.0,0.0,0.0,1.0,0.0,0.0,0.0,0.0,0.0,-2.2,0.0,0.9,0.0,0.0,16.0,25903.0
2026-07-30T19:00:42.063Z,211.546,211.56,0.0,7.4,0.0,0.0,0.0,0.0,0.0,0.0,0.0,0.0,1.0,0.0,0.0,0.0,9.0,4.0,0.0,0.0,0.0,0.0,0.0,0.0,0.0,0.0,2.0,12.0,1.0,12.17,5.0200000000000005,2.5,1.49,0.0,0.0,0.0,0.4,0.0,-1.4,0.0,-0.1,-169.60000000000002,0.0,0.0,169.60000000000002,0.0,21.0,29.5,29.5,30.1,300.0,300.0,31.6,35.300000000000004,29.4,28.6,30.5,4.96,1.99,4.96,0.16,0.0,0.0,1027.0,8228.0,0.0,0.0,0.0,0.0,0.0,1.0,0.0,0.0,0.0,0.0,0.0,0.0,0.0,0.1,0.0,0.0,16.0,25903.0
2026-07-30T19:00:42.075Z,211.558,211.572,0.0,7.4,0.0,0.0,0.0,0.0,0.0,0.0,0.0,0.0,1.0,0.0,0.0,0.0,9.0,4.0,0.0,0.0,0.0,0.0,0.0,0.0,0.0,0.0,3.0,12.0,1.0,12.17,5.0200000000000005,2.5,1.49,0.0,0.1,0.0,0.4,0.0,0.3,0.0,-0.1,-169.60000000000002,0.0,0.0,169.8,0.0,21.0,29.5,29.5,30.1,300.0,300.0,31.6,35.300000000000004,29.4,28.6,30.5,4.95,1.99,4.96,0.16,0.0,0.0,1027.0,8228.0,0.0,0.0,0.0,0.0,0.0,1.0,0.0,0.0,0.0,0.0,0.0,0.0,0.0,0.1,0.0,0.0,16.0,25903.0
2026-07-30T19:00:42.087Z,211.57,211.584,0.0,7.4,0.0,0.0,0.0,0.0,0.0,0.0,0.0,0.0,1.0,0.0,0.0,0.0,9.0,4.0,0.0,0.0,0.0,0.0,0.0,0.0,0.0,0.0,4.0,12.0,1.0,12.17,5.0200000000000005,2.5,1.49,0.0,0.1,0.0,0.4,0.0,-0.2,-0.4,-0.7000000000000001,-169.60000000000002,0.0,0.0,169.70000000000002,0.0,21.0,29.5,29.5,30.1,300.0,300.0,31.6,35.300000000000004,29.4,28.6,30.5,4.96,1.99,4.97,0.16,0.0,0.0,1027.0,8228.0,0.0,0.0,0.0,0.0,0.0,1.0,0.0,0.0,0.0,0.0,0.0,-1.0,0.0,0.5,0.0,0.0003,16.0,25903.0
2026-07-30T19:00:42.099Z,211.582,211.596,0.0,7.4,0.0,0.0,0.0,0.0,0.0,0.0,0.0,0.0,1.0,0.0,0.0,0.0,9.0,4.0,0.0,0.0,0.0,0.0,0.0,0.0,0.0,0.0,5.0,12.0,1.0,12.17,5.0200000000000005,2.5,1.49,0.0,0.0,0.0,0.5,0.0,-0.2,-1.6,-0.1,-169.60000000000002,0.0,0.0,169.70000000000002,0.0,21.0,29.5,29.5,30.1,300.0,300.0,31.6,35.300000000000004,29.4,28.6,30.5,4.96,2.0,4.96,0.16,0.0,0.0,1027.0,8228.0,0.0,0.0,0.0,0.0,0.0,1.0,0.0,0.0,0.0,0.0,0.0,-2.0,0.0,-0.2,0.0,0.0001,16.0,25903.0
2026-07-30T19:00:42.111Z,211.594,211.608,0.0,7.4,0.0,0.0,0.0,0.0,0.0,0.0,0.0,0.0,1.0,0.0,0.0,0.0,9.0,4.0,0.0,0.0,0.0,0.0,0.0,0.0,0.0,0.0,6.0,12.0,1.0,12.17,5.0200000000000005,2.5,1.49,0.0,0.0,0.0,0.4,0.0,1.5,0.0,-0.1,-169.60000000000002,0.0,0.0,169.70000000000002,0.0,21.0,29.5,29.5,30.1,300.0,300.0,31.6,35.300000000000004,29.4,28.6,30.5,4.96,1.99,4.97,0.16,0.0,0.0,1027.0,8228.0,0.0,0.0,0.0,0.0,0.0,1.0,0.0,0.0,0.0,0.0,0.0,0.0,0.0,0.1,0.0,0.0001,16.0,25903.0
2026-07-30T19:00:42.123Z,211.606,211.62,0.0,7.4,0.0,0.0,0.0,0.0,0.0,0.0,0.0,0.0,1.0,0.0,0.0,0.0,9.0,4.0,0.0,0.0,0.0,0.0,0.0,0.0,0.0,0.0,1.0,12.0,1.0,12.17,5.0200000000000005,2.5,1.49,0.0,0.0,0.0,0.4,0.0,0.3,2.4000000000000004,0.9,-169.60000000000002,0.0,0.0,169.70000000000002,0.0,21.0,29.5,29.5,30.1,300.0,300.0,31.6,35.300000000000004,29.4,28.6,30.5,4.95,1.99,4.97,0.16,0.0,0.0,1027.0,8228.0,0.0,0.0,0.0,0.0,0.0,1.0,0.0,0.0,0.0,0.0,0.0,3.5,0.0,-0.3,0.0,0.0001,16.0,25903.0
2026-07-30T19:00:42.135Z,211.618,211.632,0.0,7.4,0.0,0.0,0.0,0.0,0.0,0.0,0.0,0.0,1.0,0.0,0.0,0.0,9.0,4.0,0.0,0.0,0.0,0.0,0.0,0.0,0.0,0.0,2.0,12.0,1.0,12.17,5.0200000000000005,2.5,1.49,0.0,0.0,0.0,0.4,0.0,0.3,-0.4,-0.7000000000000001,-169.60000000000002,0.0,0.0,169.70000000000002,0.0,21.0,29.5,29.5,30.1,300.0,300.0,31.6,35.300000000000004,29.4,28.6,30.5,4.96,1.99,4.96,0.16,0.0,0.0,1027.0,8228.0,0.0,0.0,0.0,0.0,0.0,1.0,0.0,0.0,0.0,0.0,0.0,-1.1,0.0,0.5,0.0,0.0001,16.0,25903.0
2026-07-30T19:00:42.148Z,211.631,211.644,0.0,7.4,0.0,0.0,0.0,0.0,0.0,0.0,0.0,0.0,1.0,0.0,0.0,0.0,9.0,4.0,0.0,0.0,0.0,0.0,0.0,0.0,0.0,0.0,4.0,12.0,1.0,12.15,5.0200000000000005,2.51,1.49,0.0,0.0,0.0,0.4,0.0,0.9,-1.0,-0.7000000000000001,-169.60000000000002,0.0,0.0,169.8,0.0,21.8,29.5,29.5,30.0,300.0,300.0,31.5,35.300000000000004,29.3,28.6,30.5,4.95,2.0,4.97,0.16,0.0,0.0,1027.0,8228.0,0.0,0.0,0.0,0.0,0.0,1.0,0.0,0.0,0.0,0.0,0.0,-1.7000000000000002,0.0,0.4,0.0,0.0001,16.0,25903.0
2026-07-30T19:00:42.159Z,211.642,211.656,0.0,7.4,0.0,0.0,0.0,0.0,0.0,0.0,0.0,0.0,1.0,0.0,0.0,0.0,9.0,4.0,0.0,0.0,0.0,0.0,0.0,0.0,0.0,0.0,5.0,12.0,1.0,12.15,5.0200000000000005,2.51,1.49,0.0,0.0,0.0,0.4,0.0,-0.8,0.0,-0.1,-169.60000000000002,0.0,0.0,169.70000000000002,0.0,21.8,29.5,29.5,30.0,300.0,300.0,31.5,35.300000000000004,29.3,28.6,30.5,4.95,1.99,4.97,0.16,0.0,0.0,1027.0,8228.0,0.0,0.0,0.0,0.0,0.0,1.0,0.0,0.0,0.0,0.0,0.0,0.0,0.0,0.1,0.0,0.0001,16.0,25903.0
2026-07-30T19:00:42.171Z,211.654,211.668,0.0,7.4,0.0,0.0,0.0,0.0,0.0,0.0,0.0,0.0,1.0,0.0,0.0,0.0,9.0,4.0,0.0,0.0,0.0,0.0,0.0,0.0,0.0,0.0,6.0,12.0,1.0,12.15,5.0200000000000005,2.51,1.49,0.0,0.0,0.0,0.4,0.0,0.3,1.2000000000000002,-0.7000000000000001,-169.60000000000002,0.0,0.0,169.60000000000002,0.0,21.8,29.5,29.5,30.0,300.0,300.0,31.5,35.300000000000004,29.3,28.6,30.5,4.96,1.99,4.97,0.16,0.0,0.0,1027.0,8228.0,0.0,0.0,0.0,0.0,0.0,1.0,0.0,0.0,0.0,0.0,0.0,0.9,0.0,0.9,0.0,0.0001,16.0,25903.0
2026-07-30T19:00:42.183Z,211.666,211.68,0.0,7.4,0.0,0.0,0.0,0.0,0.0,0.0,0.0,0.0,1.0,0.0,0.0,0.0,9.0,4.0,0.0,0.0,0.0,0.0,0.0,0.0,0.0,0.0,2.0,12.0,1.0,12.15,5.0200000000000005,2.51,1.49,0.0,0.0,0.0,0.4,0.0,-0.2,1.3,1.5,-169.60000000000002,0.0,0.0,169.70000000000002,0.0,21.8,29.5,29.5,30.0,300.0,300.0,31.5,35.300000000000004,29.3,28.6,30.5,4.96,1.99,4.97,0.16,0.0,0.0,1027.0,8228.0,0.0,0.0,0.0,0.0,0.0,1.0,0.0,0.0,0.0,0.0,0.0,2.6,0.0,-1.1,0.0,0.0002,16.0,25903.0
2026-07-30T19:00:42.195Z,211.678,211.692,0.0,7.4,0.0,0.0,0.0,0.0,0.0,0.0,0.0,0.0,1.0,0.0,0.0,0.0,9.0,4.0,0.0,0.0,0.0,0.0,0.0,0.0,0.0,0.0,3.0,12.0,1.0,12.15,5.0200000000000005,2.51,1.49,0.0,0.0,0.0,0.4,0.0,-0.2,-0.4,-1.2000000000000002,-169.60000000000002,0.0,0.0,169.70000000000002,0.0,21.8,29.5,29.5,30.0,300.0,300.0,31.5,35.300000000000004,29.3,28.6,30.5,4.95,1.99,4.97,0.16,0.0,0.0,1027.0,8228.0,0.0,0.0,0.0,0.0,0.0,1.0,0.0,0.0,0.0,0.0,0.0,-1.4,0.0,1.0,0.0,0.0001,16.0,25903.0
2026-07-30T19:00:42.214Z,211.697,211.704,0.0,7.4,0.0,0.0,0.0,0.0,0.0,0.0,0.0,0.0,1.0,0.0,0.0,0.0,9.0,4.0,0.0,0.0,0.0,0.0,0.0,0.0,0.0,0.0,4.0,12.0,1.0,12.15,5.0200000000000005,2.51,1.49,0.0,0.0,0.0,0.4,0.0,0.3,0.1,-0.7000000000000001,-169.60000000000002,0.0,0.0,169.60000000000002,0.0,21.8,29.5,29.5,30.0,300.0,300.0,31.5,35.300000000000004,29.3,28.6,30.5,4.95,1.99,4.97,0.16,0.0,0.0,1027.0,8228.0,0.0,0.0,0.0,0.0,0.0,1.0,0.0,0.0,0.0,0.0,0.0,-0.4,0.0,0.6000000000000001,0.0,0.0,16.0,25903.0
2026-07-30T19:00:42.219Z,211.702,211.716,0.0,7.4,0.0,0.0,0.0,0.0,0.0,0.0,0.0,0.0,1.0,0.0,0.0,0.0,9.0,4.0,0.0,0.0,0.0,0.0,0.0,0.0,0.0,0.0,1.0,12.0,1.0,12.15,5.0200000000000005,2.51,1.49,0.0,0.0,0.0,0.4,0.0,-0.2,0.6000000000000001,-0.1,-169.60000000000002,0.0,0.0,169.60000000000002,0.0,21.8,29.5,29.5,30.0,300.0,300.0,31.5,35.300000000000004,29.3,28.6,30.5,4.95,1.99,4.97,0.16,0.0,0.0,1027.0,8228.0,0.0,0.0,0.0,0.0,0.0,1.0,0.0,0.0,0.0,0.0,0.0,0.6000000000000001,0.0,0.2,0.0,0.0001,16.0,25903.0
2026-07-30T19:00:42.231Z,211.714,211.728,0.0,7.4,0.0,0.0,0.0,0.0,0.0,0.0,0.0,0.0,1.0,0.0,0.0,0.0,9.0,4.0,0.0,0.0,0.0,0.0,0.0,0.0,0.0,0.0,2.0,12.0,1.0,12.15,5.0200000000000005,2.51,1.49,0.0,0.0,0.0,0.4,0.0,-0.2,0.1,1.0,-169.60000000000002,0.0,0.0,169.70000000000002,0.0,21.8,29.5,29.5,30.0,300.0,300.0,31.5,35.300000000000004,29.3,28.6,30.5,4.96,1.99,4.97,0.16,0.0,0.0,1027.0,8228.0,0.0,0.0,0.0,0.0,0.0,1.0,0.0,0.0,0.0,0.0,0.0,0.9,0.0,-0.8,0.0,0.0,16.0,25903.0
2026-07-30T19:00:42.243Z,211.726,211.74,0.0,7.4,0.0,0.0,0.0,0.0,0.0,0.0,0.0,0.0,1.0,0.0,0.0,0.0,9.0,4.0,0.0,0.0,0.0,0.0,0.0,0.0,0.0,0.0,4.0,12.0,1.0,12.15,5.0200000000000005,2.51,1.49,0.0,0.0,0.0,0.4,0.0,-0.8,-1.0,-0.1,-169.60000000000002,0.0,0.0,169.60000000000002,0.0,21.8,29.5,29.5,30.0,300.0,300.0,31.5,35.300000000000004,29.3,28.6,30.5,4.95,1.99,4.97,0.16,0.0,0.0,1027.0,8228.0,0.0,0.0,0.0,0.0,0.0,1.0,0.0,0.0,0.0,0.0,0.0,-1.3,0.0,-0.1,0.0,0.0001,16.0,25903.0
2026-07-30T19:00:42.255Z,211.738,211.752,0.0,7.4,0.0,0.0,0.0,0.0,0.0,0.0,0.0,0.0,1.0,0.0,0.0,0.0,9.0,4.0,0.0,0.0,0.0,0.0,0.0,0.0,0.0,0.0,5.0,12.0,1.0,12.15,5.0200000000000005,2.5,1.49,0.0,0.0,0.0,0.5,0.0,0.3,0.6000000000000001,1.0,-169.60000000000002,0.0,0.0,169.60000000000002,0.0,21.4,29.5,29.5,30.1,300.0,300.0,31.5,35.300000000000004,29.4,28.6,30.5,4.95,1.99,4.96,0.16,0.0,0.0,1027.0,8228.0,0.0,0.0,0.0,0.0,0.0,1.0,0.0,0.0,0.0,0.0,0.0,0.0,0.0,0.1,0.0,0.0001,16.0,25903.0
2026-07-30T19:00:42.267Z,211.75,211.764,0.0,7.4,0.0,0.0,0.0,0.0,0.0,0.0,0.0,0.0,1.0,0.0,0.0,0.0,9.0,4.0,0.0,0.0,0.0,0.0,0.0,0.0,0.0,0.0,6.0,12.0,1.0,12.15,5.0200000000000005,2.5,1.49,0.0,0.0,0.0,0.4,0.0,-0.2,0.0,-0.1,-169.60000000000002,0.0,0.0,169.60000000000002,0.0,21.4,29.5,29.5,30.1,300.0,300.0,31.5,35.300000000000004,29.4,28.6,30.5,4.96,1.99,4.96,0.16,0.0,0.0,1027.0,8228.0,0.0,0.0,0.0,0.0,0.0,1.0,0.0,0.0,0.0,0.0,0.0,-1.5,0.0,1.0,0.0,0.0,16.0,25903.0
2026-07-30T19:00:42.279Z,211.762,211.776,0.0,7.4,0.0,0.0,0.0,0.0,0.0,0.0,0.0,0.0,1.0,0.0,0.0,0.0,9.0,4.0,0.0,0.0,0.0,0.0,0.0,0.0,0.0,0.0,2.0,12.0,1.0,12.15,5.0200000000000005,2.5,1.49,0.0,0.0,0.0,0.4,0.0,-0.2,-0.4,1.0,-169.60000000000002,0.0,0.0,169.60000000000002,0.0,21.4,29.5,29.5,30.1,300.0,300.0,31.5,35.300000000000004,29.4,28.6,30.5,4.95,1.99,4.97,0.16,0.0,0.0,1027.0,8228.0,0.0,0.0,0.0,0.0,0.0,1.0,0.0,0.0,0.0,0.0,0.0,1.0,0.0,-0.2,0.0,0.0,16.0,25903.0
2026-07-30T19:00:42.291Z,211.774,211.788,0.0,7.4,0.0,0.0,0.0,0.0,0.0,0.0,0.0,0.0,1.0,0.0,0.0,0.0,9.0,4.0,0.0,0.0,0.0,0.0,0.0,0.0,0.0,0.0,3.0,12.0,1.0,12.15,5.0200000000000005,2.5,1.49,0.0,0.0,0.0,0.4,0.0,-0.2,0.6000000000000001,-0.7000000000000001,-169.60000000000002,0.0,0.0,169.70000000000002,0.0,21.4,29.5,29.5,30.1,300.0,300.0,31.5,35.300000000000004,29.4,28.6,30.5,4.96,1.99,4.97,0.16,0.0,0.0,1027.0,8228.0,0.0,0.0,0.0,0.0,0.0,1.0,0.0,0.0,0.0,0.0,0.0,0.6000000000000001,0.0,0.2,0.0,0.0,16.0,25903.0
2026-07-30T19:00:42.303Z,211.786,211.8,0.0,7.4,0.0,0.0,0.0,0.0,0.0,0.0,0.0,0.0,1.0,0.0,0.0,0.0,9.0,4.0,0.0,0.0,0.0,0.0,0.0,0.0,0.0,0.0,4.0,12.0,1.0,12.15,5.0200000000000005,2.5,1.49,0.0,0.0,0.0,0.4,0.0,-0.8,0.0,-0.7000000000000001,-169.60000000000002,0.0,0.0,169.60000000000002,0.0,21.4,29.5,29.5,30.1,300.0,300.0,31.5,35.300000000000004,29.4,28.6,30.5,4.96,1.99,4.96,0.16,0.0,0.0,1027.0,8228.0,0.0,0.0,0.0,0.0,0.0,1.0,0.0,0.0,0.0,0.0,0.0,-0.5,0.0,0.6000000000000001,0.0,0.0001,16.0,25903.0
2026-07-30T19:00:42.315Z,211.798,211.812,0.0,7.4,0.0,0.0,0.0,0.0,0.0,0.0,0.0,0.0,1.0,0.0,0.0,0.0,9.0,4.0,0.0,0.0,0.0,0.0,0.0,0.0,0.0,0.0,5.0,12.0,1.0,12.15,5.0200000000000005,2.5,1.49,0.0,0.0,0.0,0.5,0.0,-0.8,0.0,0.3,-169.60000000000002,0.0,0.0,169.60000000000002,0.0,21.4,29.5,29.5,30.1,300.0,300.0,31.5,35.300000000000004,29.4,28.6,30.5,4.95,1.99,4.96,0.16,0.0,0.0,1027.0,8228.0,0.0,0.0,0.0,0.0,0.0,1.0,0.0,0.0,0.0,0.0,0.0,0.3,0.0,-0.2,0.0,0.0,16.0,25903.0
2026-07-30T19:00:42.327Z,211.81,211.824,0.0,7.4,0.0,0.0,0.0,0.0,0.0,0.0,0.0,0.0,1.0,0.0,0.0,0.0,9.0,4.0,0.0,0.0,0.0,0.0,0.0,0.0,0.0,0.0,6.0,12.0,1.0,12.15,5.0200000000000005,2.5,1.49,0.0,0.0,0.0,0.4,0.0,-0.2,0.6000000000000001,0.9,-169.60000000000002,0.0,0.0,169.70000000000002,0.0,21.4,29.5,29.5,30.1,300.0,300.0,31.5,35.300000000000004,29.4,28.6,30.5,4.96,1.99,4.97,0.16,0.0,0.0,1027.0,8228.0,0.0,0.0,0.0,0.0,0.0,1.0,0.0,0.0,0.0,0.0,0.0,1.4,0.0,-0.7000000000000001,0.0,0.0,16.0,25903.0
2026-07-30T19:00:42.339Z,211.822,211.836,0.0,7.4,0.0,0.0,0.0,0.0,0.0,0.0,0.0,0.0,1.0,0.0,0.0,0.0,9.0,4.0,0.0,0.0,0.0,0.0,0.0,0.0,0.0,0.0,1.0,12.0,1.0,12.15,5.0200000000000005,2.5,1.49,0.0,0.0,0.0,0.4,0.0,0.3,0.0,1.5,-169.60000000000002,0.0,0.0,169.70000000000002,0.0,21.4,29.5,29.5,30.1,300.0,300.0,31.5,35.300000000000004,29.4,28.6,30.5,4.96,1.99,4.96,0.16,0.0,0.0,1027.0,8228.0,0.0,0.0,0.0,0.0,0.0,1.0,0.0,0.0,0.0,0.0,0.0,1.2000000000000002,0.0,-1.3,0.0,0.0,16.0,25903.0
2026-07-30T19:00:42.352Z,211.835,211.848,0.0,7.4,0.0,0.0,0.0,0.0,0.0,0.0,0.0,0.0,1.0,0.0,0.0,0.0,9.0,4.0,0.0,0.0,0.0,0.0,0.0,0.0,0.0,0.0,2.0,12.0,1.0,12.18,5.01,2.51,1.49,0.0,0.0,0.0,0.4,0.0,-0.2,1.2000000000000002,0.3,-169.60000000000002,0.0,0.0,169.70000000000002,0.0,21.4,29.5,29.5,30.1,300.0,300.0,31.4,35.2,29.4,28.6,30.5,4.96,1.99,4.97,0.16,0.0,0.0,1027.0,8228.0,0.0,0.0,0.0,0.0,0.0,1.0,0.0,0.0,0.0,0.0,0.0,1.6,0.0,0.0,0.0,0.0,16.0,25903.0
2026-07-30T19:00:42.363Z,211.846,211.86,0.0,7.4,0.0,0.0,0.0,0.0,0.0,0.0,0.0,0.0,1.0,0.0,0.0,0.0,9.0,4.0,0.0,0.0,0.0,0.0,0.0,0.0,0.0,0.0,3.0,12.0,1.0,12.18,5.01,2.51,1.49,0.0,0.1,0.0,0.4,0.0,0.3,-0.5,0.9,-169.60000000000002,0.0,0.0,169.70000000000002,0.0,21.4,29.5,29.5,30.1,300.0,300.0,31.4,35.2,29.4,28.6,30.5,4.96,1.99,4.97,0.16,0.0,0.0,1027.0,8228.0,0.0,0.0,0.0,0.0,0.0,1.0,0.0,0.0,0.0,0.0,0.0,0.0,0.0,-0.9,0.0,0.0,16.0,25903.0
2026-07-30T19:00:42.375Z,211.858,211.872,0.0,7.4,0.0,0.0,0.0,0.0,0.0,0.0,0.0,0.0,1.0,0.0,0.0,0.0,9.0,4.0,0.0,0.0,0.0,0.0,0.0,0.0,0.0,0.0,5.0,12.0,1.0,12.18,5.01,2.51,1.49,0.0,0.0,0.0,0.4,0.0,-0.8,-0.5,-0.2,-169.60000000000002,0.0,0.0,169.70000000000002,0.0,21.4,29.5,29.5,30.1,300.0,300.0,31.4,35.2,29.4,28.6,30.5,4.96,1.99,4.97,0.16,0.0,0.0,1027.0,8228.0,0.0,0.0,0.0,0.0,0.0,1.0,0.0,0.0,0.0,0.0,0.0,-0.7000000000000001,0.0,0.0,0.0,0.0002,16.0,25903.0
2026-07-30T19:00:42.387Z,211.87,211.884,0.0,7.4,0.0,0.0,0.0,0.0,0.0,0.0,0.0,0.0,1.0,0.0,0.0,0.0,9.0,4.0,0.0,0.0,0.0,0.0,0.0,0.0,0.0,0.0,6.0,12.0,1.0,12.18,5.01,2.51,1.49,0.0,0.0,0.0,0.4,0.0,0.3,-0.5,-1.3,-169.60000000000002,0.0,0.0,169.70000000000002,0.0,21.4,29.5,29.5,30.1,300.0,300.0,31.4,35.2,29.4,28.6,30.5,4.95,2.0,4.96,0.16,0.0,0.0,1027.0,8228.0,0.0,0.0,0.0,0.0,0.0,1.0,0.0,0.0,0.0,0.0,0.0,-1.6,0.0,1.1,0.0,0.0001,16.0,25903.0
2026-07-30T19:00:42.399Z,211.882,211.896,0.0,7.4,0.0,0.0,0.0,0.0,0.0,0.0,0.0,0.0,1.0,0.0,0.0,0.0,9.0,4.0,0.0,0.0,0.0,0.0,0.0,0.0,0.0,0.0,1.0,12.0,1.0,12.18,5.01,2.51,1.49,0.0,0.1,0.0,0.4,0.0,-0.2,1.2000000000000002,-0.7000000000000001,-169.60000000000002,0.0,0.0,169.70000000000002,0.0,21.4,29.5,29.5,30.1,300.0,300.0,31.4,35.2,29.4,28.6,30.5,4.95,1.99,4.97,0.16,0.0,0.0,1027.0,8228.0,0.0,0.0,0.0,0.0,0.0,1.0,0.0,0.0,0.0,0.0,0.0,0.8,0.0,0.9,0.0,0.0,16.0,25903.0
2026-07-30T19:00:42.411Z,211.894,211.908,0.0,7.4,0.0,0.0,0.0,0.0,0.0,0.0,0.0,0.0,1.0,0.0,0.0,0.0,9.0,4.0,0.0,0.0,0.0,0.0,0.0,0.0,0.0,0.0,2.0,12.0,1.0,12.18,5.01,2.51,1.49,0.0,0.0,0.0,0.4,0.0,0.9,0.6000000000000001,-0.1,-169.60000000000002,0.0,0.0,169.70000000000002,0.0,21.4,29.5,29.5,30.1,300.0,300.0,31.4,35.2,29.4,28.6,30.5,4.95,2.0,4.97,0.16,0.0,0.0,1027.0,8228.0,0.0,0.0,0.0,0.0,0.0,1.0,0.0,0.0,0.0,0.0,0.0,0.6000000000000001,0.0,0.2,0.0,0.0001,16.0,25903.0
2026-07-30T19:00:42.423Z,211.906,211.92,0.0,7.4,0.0,0.0,0.0,0.0,0.0,0.0,0.0,0.0,1.0,0.0,0.0,0.0,9.0,4.0,0.0,0.0,0.0,0.0,0.0,0.0,0.0,0.0,3.0,12.0,1.0,12.18,5.01,2.51,1.49,0.0,0.0,0.0,0.4,0.0,0.9,0.1,1.0,-169.60000000000002,0.0,0.0,169.70000000000002,0.0,21.4,29.5,29.5,30.1,300.0,300.0,31.4,35.2,29.4,28.6,30.5,4.96,2.0,4.96,0.16,0.0,0.0,1027.0,8228.0,0.0,0.0,0.0,0.0,0.0,1.0,0.0,0.0,0.0,0.0,0.0,0.9,0.0,-0.9,0.0,0.0,16.0,25903.0
2026-07-30T19:00:42.435Z,211.918,211.932,0.0,7.4,0.0,0.0,0.0,0.0,0.0,0.0,0.0,0.0,1.0,0.0,0.0,0.0,9.0,4.0,0.0,0.0,0.0,0.0,0.0,0.0,0.0,0.0,4.0,12.0,1.0,12.18,5.01,2.51,1.49,0.0,0.0,0.0,0.4,0.0,-0.2,-0.5,1.6,-169.60000000000002,0.0,0.0,169.70000000000002,0.0,21.4,29.5,29.5,30.1,300.0,300.0,31.4,35.2,29.4,28.6,30.5,4.95,1.99,4.97,0.16,0.0,0.0,1027.0,8228.0,0.0,0.0,0.0,0.0,0.0,1.0,0.0,0.0,0.0,0.0,0.0,0.6000000000000001,0.0,-1.5,0.0,0.0001,16.0,25903.0
2026-07-30T19:00:42.447Z,211.93,211.944,0.0,7.4,0.0,0.0,0.0,0.0,0.0,0.0,0.0,0.0,1.0,0.0,0.0,0.0,9.0,4.0,0.0,0.0,0.0,0.0,0.0,0.0,0.0,0.0,4.0,12.0,1.0,12.18,5.01,2.51,1.49,0.0,0.0,0.0,0.4,0.0,-0.8,-0.5,-0.7000000000000001,-169.60000000000002,0.0,0.0,169.70000000000002,0.0,21.4,29.5,29.5,30.1,300.0,300.0,31.4,35.2,29.4,28.6,30.5,4.95,1.99,4.96,0.16,0.0,0.0,1027.0,8228.0,0.0,0.0,0.0,0.0,0.0,1.0,0.0,0.0,0.0,0.0,0.0,-1.1,0.0,0.5,0.0,0.0,16.0,25903.0
2026-07-30T19:00:42.459Z,211.942,211.956,0.0,7.4,0.0,0.0,0.0,0.0,0.0,0.0,0.0,0.0,1.0,0.0,0.0,0.0,9.0,4.0,0.0,0.0,0.0,0.0,0.0,0.0,0.0,0.0,5.0,12.0,1.0,12.18,5.01,2.5,1.49,0.0,0.1,0.0,0.4,0.0,0.3,0.0,-0.1,-169.60000000000002,0.0,0.0,169.60000000000002,0.0,20.9,29.5,29.5,30.1,300.0,300.0,31.5,35.2,29.4,28.6,30.5,4.96,2.0,4.96,0.16,0.0,0.0,1027.0,8228.0,0.0,0.0,0.0,0.0,0.0,1.0,0.0,0.0,0.0,0.0,0.0,0.0,0.0,0.1,0.0,0.0001,16.0,25903.0
2026-07-30T19:00:42.470Z,211.953,211.968,0.0,7.4,0.0,0.0,0.0,0.0,0.0,0.0,0.0,0.0,1.0,0.0,0.0,0.0,9.0,4.0,0.0,0.0,0.0,0.0,0.0,0.0,0.0,0.0,6.0,12.0,1.0,12.18,5.01,2.5,1.49,0.0,0.0,0.0,0.4,0.0,-0.2,1.2000000000000002,1.0,-169.60000000000002,0.0,0.0,169.70000000000002,0.0,20.9,29.5,29.5,30.1,300.0,300.0,31.5,35.2,29.4,28.6,30.5,4.96,2.0,4.96,0.16,0.0,0.0,1027.0,8228.0,0.0,0.0,0.0,0.0,0.0,1.0,0.0,0.0,0.0,0.0,0.0,2.2,0.0,-0.6000000000000001,0.0,0.0001,16.0,25903.0
2026-07-30T19:00:42.482Z,211.965,211.98,0.0,7.4,0.0,0.0,0.0,0.0,0.0,0.0,0.0,0.0,1.0,0.0,0.0,0.0,9.0,4.0,0.0,0.0,0.0,0.0,0.0,0.0,0.0,0.0,1.0,12.0,1.0,12.18,5.01,2.5,1.49,0.0,0.0,0.0,0.4,0.0,0.8,0.0,-0.1,-169.60000000000002,0.0,0.0,169.60000000000002,0.0,20.9,29.5,29.5,30.1,300.0,300.0,31.5,35.2,29.4,28.6,30.5,4.96,1.99,4.97,0.16,0.0,0.0,1027.0,8228.0,0.0,0.0,0.0,0.0,0.0,1.0,0.0,0.0,0.0,0.0,0.0,0.0,0.0,0.1,0.0,0.0001,16.0,25903.0
2026-07-30T19:00:42.495Z,211.978,211.992,0.0,7.4,0.0,0.0,0.0,0.0,0.0,0.0,0.0,0.0,1.0,0.0,0.0,0.0,9.0,4.0,0.0,0.0,0.0,0.0,0.0,0.0,0.0,0.0,3.0,12.0,1.0,12.18,5.01,2.5,1.49,0.0,0.0,0.0,0.5,0.0,0.2,0.0,0.4,-169.60000000000002,0.0,0.0,169.70000000000002,0.0,20.9,29.5,29.5,30.1,300.0,300.0,31.5,35.2,29.4,28.6,30.5,4.96,2.0,4.96,0.16,0.0,0.0,1027.0,8228.0,0.0,0.0,0.0,0.0,0.0,1.0,0.0,0.0,0.0,0.0,0.0,0.3,0.0,-0.3,0.0,0.0001,16.0,25903.0
2026-07-30T19:00:42.507Z,211.99,212.004,0.0,7.4,0.0,0.0,0.0,0.0,0.0,0.0,0.0,0.0,1.0,0.0,0.0,0.0,9.0,4.0,0.0,0.0,0.0,0.0,0.0,0.0,0.0,0.0,3.0,12.0,1.0,12.18,5.01,2.5,1.49,0.0,0.1,0.0,0.4,0.0,-0.2,0.6000000000000001,0.4,-169.60000000000002,0.0,0.0,169.60000000000002,0.0,20.9,29.5,29.5,30.1,300.0,300.0,31.5,35.2,29.4,28.6,30.5,4.96,1.99,4.96,0.16,0.0,0.0,1027.0,8228.0,0.0,0.0,0.0,0.0,0.0,1.0,0.0,0.0,0.0,0.0,0.0,1.0,0.0,-0.2,0.0,0.0,16.0,25903.0
2026-07-30T19:00:42.527Z,212.01,212.016,0.0,7.4,0.0,0.0,0.0,0.0,0.0,0.0,0.0,0.0,1.0,0.0,0.0,0.0,9.0,4.0,0.0,0.0,0.0,0.0,0.0,0.0,0.0,0.0,5.0,12.0,1.0,12.18,5.01,2.5,1.49,0.0,0.0,0.0,0.5,0.0,0.2,0.0,1.0,-169.60000000000002,0.0,0.0,169.60000000000002,0.0,20.9,29.5,29.5,30.1,300.0,300.0,31.5,35.2,29.4,28.6,30.5,4.95,1.99,4.97,0.16,0.0,0.0,1027.0,8228.0,0.0,0.0,0.0,0.0,0.0,1.0,0.0,0.0,0.0,0.0,0.0,0.8,0.0,-0.8,0.0,0.0,16.0,25903.0
2026-07-30T19:00:42.532Z,212.015,212.028,0.0,7.4,0.0,0.0,0.0,0.0,0.0,0.0,0.0,0.0,1.0,0.0,0.0,0.0,9.0,4.0,0.0,0.0,0.0,0.0,0.0,0.0,0.0,0.0,3.0,12.0,1.0,12.18,5.01,2.5,1.49,0.0,0.0,0.0,0.4,0.0,-0.2,-0.4,0.4,-169.60000000000002,0.0,0.0,169.60000000000002,0.0,20.9,29.5,29.5,30.1,300.0,300.0,31.5,35.2,29.4,28.6,30.5,4.96,1.99,4.96,0.16,0.0,0.0,1027.0,8228.0,0.0,0.0,0.0,0.0,0.0,1.0,0.0,0.0,0.0,0.0,0.0,-0.2,0.0,-0.4,0.0,0.0,16.0,25903.0
2026-07-30T19:00:42.543Z,212.026,212.04,0.0,7.4,0.0,0.0,0.0,0.0,0.0,0.0,0.0,0.0,1.0,0.0,0.0,0.0,9.0,4.0,0.0,0.0,0.0,0.0,0.0,0.0,0.0,0.0,3.0,12.0,1.0,12.18,5.01,2.5,1.49,0.0,0.0,0.0,0.4,0.0,0.3,0.6000000000000001,-0.1,-169.60000000000002,0.0,0.0,169.60000000000002,0.0,20.9,29.5,29.5,30.1,300.0,300.0,31.5,35.2,29.4,28.6,30.5,4.96,2.0,4.96,0.16,0.0,0.0,1027.0,8228.0,0.0,0.0,0.0,0.0,0.0,1.0,0.0,0.0,0.0,0.0,0.0,0.6000000000000001,0.0,0.2,0.0,0.0,16.0,25903.0
2026-07-30T19:00:42.556Z,212.039,212.052,0.0,7.4,0.0,0.0,0.0,0.0,0.0,0.0,0.0,0.0,1.0,0.0,0.0,0.0,9.0,4.0,0.0,0.0,0.0,0.0,0.0,0.0,0.0,0.0,4.0,12.0,1.0,12.17,5.01,2.51,1.49,0.0,0.0,0.0,0.4,0.0,-0.2,0.0,-0.1,-169.60000000000002,0.0,0.0,169.60000000000002,0.0,21.4,29.5,29.5,30.0,300.0,300.0,31.4,35.300000000000004,29.4,28.6,30.5,4.95,1.99,4.96,0.16,0.0,0.0,1027.0,8228.0,0.0,0.0,0.0,0.0,0.0,1.0,0.0,0.0,0.0,0.0,0.0,0.0,0.0,0.1,0.0,0.0,16.0,25903.0
2026-07-30T19:00:42.567Z,212.05,212.064,0.0,7.4,0.0,0.0,0.0,0.0,0.0,0.0,0.0,0.0,1.0,0.0,0.0,0.0,9.0,4.0,0.0,0.0,0.0,0.0,0.0,0.0,0.0,0.0,6.0,12.0,1.0,12.17,5.01,2.51,1.49,0.0,0.1,0.0,0.4,0.0,0.3,-0.4,-0.7000000000000001,-169.60000000000002,0.0,0.0,169.60000000000002,0.0,21.4,29.5,29.5,30.0,300.0,300.0,31.4,35.300000000000004,29.4,28.6,30.5,4.96,1.99,4.96,0.16,0.0,0.0,1027.0,8228.0,0.0,0.0,0.0,0.0,0.0,1.0,0.0,0.0,0.0,0.0,0.0,-1.0,0.0,0.5,0.0,0.0,16.0,25903.0
2026-07-30T19:00:42.579Z,212.062,212.076,0.0,7.4,0.0,0.0,0.0,0.0,0.0,0.0,0.0,0.0,1.0,0.0,0.0,0.0,9.0,4.0,0.0,0.0,0.0,0.0,0.0,0.0,0.0,0.0,1.0,12.0,1.0,12.17,5.01,2.51,1.49,0.0,0.0,0.0,0.5,0.0,-0.2,-1.6,-0.1,-169.60000000000002,0.0,0.0,169.60000000000002,0.0,21.4,29.5,29.5,30.0,300.0,300.0,31.4,35.300000000000004,29.4,28.6,30.5,4.96,1.99,4.96,0.16,0.0,0.0,1027.0,8228.0,0.0,0.0,0.0,0.0,0.0,1.0,0.0,0.0,0.0,0.0,0.0,-1.9,0.0,-0.1,0.0,0.0,16.0,25903.0
2026-07-30T19:00:42.591Z,212.074,212.088,0.0,7.4,0.0,0.0,0.0,0.0,0.0,0.0,0.0,0.0,1.0,0.0,0.0,0.0,9.0,4.0,0.0,0.0,0.0,0.0,0.0,0.0,0.0,0.0,1.0,12.0,1.0,12.17,5.01,2.51,1.49,0.0,0.0,0.0,0.4,0.0,-0.2,1.2000000000000002,-0.2,-169.60000000000002,0.0,0.0,169.70000000000002,0.0,21.4,29.5,29.5,30.0,300.0,300.0,31.4,35.300000000000004,29.4,28.6,30.5,4.96,1.99,4.97,0.16,0.0,0.0,1027.0,8228.0,0.0,0.0,0.0,0.0,0.0,1.0,0.0,0.0,0.0,0.0,0.0,1.2000000000000002,0.0,0.4,0.0,0.0,16.0,25903.0
2026-07-30T19:00:42.603Z,212.086,212.1,0.0,7.4,0.0,0.0,0.0,0.0,0.0,0.0,0.0,0.0,1.0,0.0,0.0,0.0,9.0,4.0,0.0,0.0,0.0,0.0,0.0,0.0,0.0,0.0,2.0,12.0,1.0,12.17,5.01,2.51,1.49,0.0,0.0,0.0,0.4,0.0,0.8,0.6000000000000001,0.3,-169.60000000000002,0.0,0.0,169.70000000000002,0.0,21.4,29.5,29.5,30.0,300.0,300.0,31.4,35.300000000000004,29.4,28.6,30.5,4.95,2.0,4.97,0.16,0.0,0.0,1027.0,8228.0,0.0,0.0,0.0,0.0,0.0,1.0,0.0,0.0,0.0,0.0,0.0,1.0,0.0,-0.1,0.0,0.0002,16.0,25903.0
2026-07-30T19:00:42.615Z,212.098,212.112,0.0,7.4,0.0,0.0,0.0,0.0,0.0,0.0,0.0,0.0,1.0,0.0,0.0,0.0,9.0,4.0,0.0,0.0,0.0,0.0,0.0,0.0,0.0,0.0,3.0,12.0,1.0,12.17,5.01,2.51,1.49,0.0,0.0,0.0,0.4,0.0,-0.3,-0.4,0.2,-169.60000000000002,0.0,0.0,169.70000000000002,0.0,21.4,29.5,29.5,30.0,300.0,300.0,31.4,35.300000000000004,29.4,28.6,30.5,4.96,2.0,4.96,0.16,0.0,0.0,1027.0,8228.0,0.0,0.0,0.0,0.0,0.0,1.0,0.0,0.0,0.0,0.0,0.0,-0.3,0.0,-0.3,0.0,0.0,16.0,25903.0
2026-07-30T19:00:42.627Z,212.11,212.124,0.0,7.4,0.0,0.0,0.0,0.0,0.0,0.0,0.0,0.0,1.0,0.0,0.0,0.0,9.0,4.0,0.0,0.0,0.0,0.0,0.0,0.0,0.0,0.0,4.0,12.0,1.0,12.17,5.01,2.51,1.49,0.0,0.0,0.0,0.4,0.0,-0.2,-0.5,0.2,-169.60000000000002,0.0,0.0,169.60000000000002,0.0,21.4,29.5,29.5,30.0,300.0,300.0,31.4,35.300000000000004,29.4,28.6,30.5,4.95,1.99,4.96,0.16,0.0,0.0,1027.0,8228.0,0.0,0.0,0.0,0.0,0.0,1.0,0.0,0.0,0.0,0.0,0.0,-0.4,0.0,-0.3,0.0,0.0,16.0,25903.0
2026-07-30T19:00:42.639Z,212.122,212.136,0.0,7.4,0.0,0.0,0.0,0.0,0.0,0.0,0.0,0.0,1.0,0.0,0.0,0.0,9.0,4.0,0.0,0.0,0.0,0.0,0.0,0.0,0.0,0.0,5.0,12.0,1.0,12.17,5.01,2.51,1.49,0.0,0.0,0.0,0.4,0.0,0.8,0.0,0.8,-169.60000000000002,0.0,0.0,169.70000000000002,0.0,21.4,29.5,29.5,30.0,300.0,300.0,31.4,35.300000000000004,29.4,28.6,30.5,4.95,1.99,4.97,0.16,0.0,0.0,1027.0,8228.0,0.0,0.0,0.0,0.0,0.0,1.0,0.0,0.0,0.0,0.0,0.0,0.7000000000000001,0.0,-0.7000000000000001,0.0,0.0,16.0,25903.0
2026-07-30T19:00:42.651Z,212.134,212.148,0.0,7.4,0.0,0.0,0.0,0.0,0.0,0.0,0.0,0.0,1.0,0.0,0.0,0.0,9.0,4.0,0.0,0.0,0.0,0.0,0.0,0.0,0.0,0.0,6.0,12.0,1.0,12.17,5.01,2.51,1.49,0.0,0.0,0.0,0.4,0.0,0.3,-0.4,-1.4,-169.60000000000002,0.0,0.0,169.70000000000002,0.0,21.4,29.5,29.5,30.0,300.0,300.0,31.4,35.300000000000004,29.4,28.6,30.5,4.96,1.99,4.97,0.16,0.0,0.0,1027.0,8228.0,0.0,0.0,0.0,0.0,0.0,1.0,0.0,0.0,0.0,0.0,0.0,-1.5,0.0,1.1,0.0,0.0,16.0,25903.0
2026-07-30T19:00:42.663Z,212.146,212.16,0.0,7.4,0.0,0.0,0.0,0.0,0.0,0.0,0.0,0.0,1.0,0.0,0.0,0.0,9.0,4.0,0.0,0.0,0.0,0.0,0.0,0.0,0.0,0.0,6.0,12.0,1.0,12.17,5.01,2.51,1.48,0.0,0.1,0.0,0.4,0.0,-0.2,-0.3,-0.2,-169.60000000000002,0.0,0.0,169.70000000000002,0.0,21.700000000000003,29.5,29.5,30.0,300.0,300.0,31.4,35.300000000000004,29.4,28.6,30.5,4.96,1.99,4.96,0.17,0.0,0.0,1027.0,8228.0,0.0,0.0,0.0,0.0,0.0,1.0,0.0,0.0,0.0,0.0,0.0,-0.6000000000000001,0.0,0.1,0.0,0.0001,16.0,25903.0
2026-07-30T19:00:42.675Z,212.158,212.172,0.0,7.4,0.0,0.0,0.0,0.0,0.0,0.0,0.0,0.0,1.0,0.0,0.0,0.0,9.0,4.0,0.0,0.0,0.0,0.0,0.0,0.0,0.0,0.0,1.0,12.0,1.0,12.17,5.01,2.51,1.48,0.0,0.0,0.0,0.4,0.0,0.3,0.1,0.8,-169.60000000000002,0.0,0.0,169.8,0.0,21.700000000000003,29.5,29.5,30.0,300.0,300.0,31.4,35.300000000000004,29.4,28.6,30.5,4.95,1.99,4.97,0.17,0.0,0.0,1027.0,8228.0,0.0,0.0,0.0,0.0,0.0,1.0,0.0,0.0,0.0,0.0,0.0,0.8,0.0,-0.7000000000000001,0.0,0.0001,16.0,25903.0
2026-07-30T19:00:42.687Z,212.17,212.184,0.0,7.4,0.0,0.0,0.0,0.0,0.0,0.0,0.0,0.0,1.0,0.0,0.0,0.0,9.0,4.0,0.0,0.0,0.0,0.0,0.0,0.0,0.0,0.0,2.0,12.0,1.0,12.17,5.01,2.51,1.48,0.0,0.1,0.0,0.4,0.0,0.9,0.7000000000000001,-0.2,-169.60000000000002,0.0,0.0,169.70000000000002,0.0,21.700000000000003,29.5,29.5,30.0,300.0,300.0,31.4,35.300000000000004,29.4,28.6,30.5,4.95,1.99,4.97,0.16,0.0,0.0,1027.0,8228.0,0.0,0.0,0.0,0.0,0.0,1.0,0.0,0.0,0.0,0.0,0.0,0.6000000000000001,0.0,0.3,0.0,0.0002,16.0,25903.0
2026-07-30T19:00:42.699Z,212.182,212.196,0.0,7.4,0.0,0.0,0.0,0.0,0.0,0.0,0.0,0.0,1.0,0.0,0.0,0.0,9.0,4.0,0.0,0.0,0.0,0.0,0.0,0.0,0.0,0.0,3.0,12.0,1.0,12.17,5.01,2.51,1.48,0.0,0.0,0.0,0.4,0.0,-0.8,0.2,0.3,-169.60000000000002,0.0,0.0,169.8,0.0,21.700000000000003,29.5,29.5,30.0,300.0,300.0,31.4,35.300000000000004,29.4,28.6,30.5,4.96,2.0,4.97,0.16,0.0,0.0,1027.0,8228.0,0.0,0.0,0.0,0.0,0.0,1.0,0.0,0.0,0.0,0.0,0.0,0.4,0.0,-0.2,0.0,0.0001,16.0,25903.0
2026-07-30T19:00:42.711Z,212.194,212.208,0.0,7.4,0.0,0.0,0.0,0.0,0.0,0.0,0.0,0.0,1.0,0.0,0.0,0.0,9.0,4.0,0.0,0.0,0.0,0.0,0.0,0.0,0.0,0.0,3.0,12.0,1.0,12.17,5.01,2.51,1.48,0.0,0.0,0.0,0.4,0.0,-0.1,0.7000000000000001,-0.2,-169.60000000000002,0.0,0.0,169.70000000000002,0.0,21.700000000000003,29.5,29.5,30.0,300.0,300.0,31.4,35.300000000000004,29.4,28.6,30.5,4.96,2.0,4.97,0.16,0.0,0.0,1027.0,8228.0,0.0,0.0,0.0,0.0,0.0,1.0,0.0,0.0,0.0,0.0,0.0,0.6000000000000001,0.0,0.4,0.0,0.0,16.0,25903.0
2026-07-30T19:00:42.723Z,212.206,212.22,0.0,7.4,0.0,0.0,0.0,0.0,0.0,0.0,0.0,0.0,1.0,0.0,0.0,0.0,9.0,4.0,0.0,0.0,0.0,0.0,0.0,0.0,0.0,0.0,4.0,12.0,1.0,12.17,5.01,2.51,1.48,0.0,0.0,0.0,0.4,0.0,0.9,0.7000000000000001,0.9,-169.70000000000002,0.0,0.0,169.70000000000002,0.0,21.700000000000003,29.5,29.5,30.0,300.0,300.0,31.4,35.300000000000004,29.4,28.6,30.5,4.95,1.99,4.97,0.16,0.0,0.0,1027.0,8228.0,0.0,0.0,0.0,0.0,0.0,1.0,0.0,0.0,0.0,0.0,0.0,1.6,0.0,-0.7000000000000001,0.0,0.0001,16.0,25903.0
2026-07-30T19:00:42.735Z,212.218,212.232,0.0,7.4,0.0,0.0,0.0,0.0,0.0,0.0,0.0,0.0,1.0,0.0,0.0,0.0,9.0,4.0,0.0,0.0,0.0,0.0,0.0,0.0,0.0,0.0,5.0,12.0,1.0,12.17,5.01,2.51,1.48,0.0,0.0,0.0,0.4,0.0,0.3,1.9,0.4,-169.70000000000002,0.0,0.0,169.70000000000002,0.0,21.700000000000003,29.5,29.5,30.0,300.0,300.0,31.4,35.300000000000004,29.4,28.6,30.5,4.95,2.0,4.96,0.16,0.0,0.0,1027.0,8228.0,0.0,0.0,0.0,0.0,0.0,1.0,0.0,0.0,0.0,0.0,0.0,2.5,0.0,0.0,0.0,0.0001,16.0,25903.0
2026-07-30T19:00:42.747Z,212.23,212.244,0.0,7.4,0.0,0.0,0.0,0.0,0.0,0.0,0.0,0.0,1.0,0.0,0.0,0.0,9.0,4.0,0.0,0.0,0.0,0.0,0.0,0.0,0.0,0.0,6.0,12.0,1.0,12.17,5.01,2.51,1.48,0.0,0.0,0.0,0.4,0.0,-0.2,-0.3,-0.7000000000000001,-169.60000000000002,0.0,0.0,169.60000000000002,0.0,21.700000000000003,29.5,29.5,30.0,300.0,300.0,31.4,35.300000000000004,29.4,28.6,30.5,4.96,1.99,4.96,0.16,0.0,0.0,1027.0,8228.0,0.0,0.0,0.0,0.0,0.0,1.0,0.0,0.0,0.0,0.0,0.0,-0.9,0.0,0.5,0.0,0.0002,16.0,25903.0
2026-07-30T19:00:42.760Z,212.243,212.256,0.0,7.4,0.0,0.0,0.0,0.0,0.0,0.0,0.0,0.0,1.0,0.0,0.0,0.0,9.0,4.0,0.0,0.0,0.0,0.0,0.0,0.0,0.0,0.0,1.0,12.0,1.0,12.13,5.0200000000000005,2.5,1.49,0.0,0.0,0.0,0.4,0.0,-0.7000000000000001,-2.1,-1.9,-169.60000000000002,0.0,0.0,169.60000000000002,0.0,21.4,29.5,29.5,30.0,300.0,300.0,31.5,35.300000000000004,29.4,28.6,30.5,4.95,1.99,4.97,0.17,0.0,0.0,1027.0,8228.0,0.0,0.0,0.0,0.0,0.0,1.0,0.0,0.0,0.0,0.0,0.0,-3.8,0.0,1.2000000000000002,0.0,0.0001,16.0,25903.0
2026-07-30T19:00:42.771Z,212.254,212.268,0.0,7.4,0.0,0.0,0.0,0.0,0.0,0.0,0.0,0.0,1.0,0.0,0.0,0.0,9.0,4.0,0.0,0.0,0.0,0.0,0.0,0.0,0.0,0.0,2.0,12.0,1.0,12.13,5.0200000000000005,2.5,1.49,0.0,0.0,0.0,0.4,0.0,-0.1,-0.3,0.4,-169.60000000000002,0.0,0.0,169.70000000000002,0.0,21.4,29.5,29.5,30.0,300.0,300.0,31.5,35.300000000000004,29.4,28.6,30.5,4.96,1.99,4.97,0.17,0.0,0.0,1027.0,8228.0,0.0,0.0,0.0,0.0,0.0,1.0,0.0,0.0,0.0,0.0,0.0,-2.4000000000000004,0.0,1.4,0.0,0.0,16.0,25903.0
2026-07-30T19:00:42.783Z,212.266,212.28,0.0,7.4,0.0,0.0,0.0,0.0,0.0,0.0,0.0,0.0,1.0,0.0,0.0,0.0,9.0,4.0,0.0,0.0,0.0,0.0,0.0,0.0,0.0,0.0,4.0,12.0,1.0,12.13,5.0200000000000005,2.5,1.49,0.0,0.0,0.0,0.4,0.0,-0.8,0.7000000000000001,0.0,-169.60000000000002,0.0,0.0,169.60000000000002,0.0,21.4,29.5,29.5,30.0,300.0,300.0,31.5,35.300000000000004,29.4,28.6,30.5,4.96,2.0,4.97,0.16,0.0,0.0,1027.0,8228.0,0.0,0.0,0.0,0.0,0.0,1.0,0.0,0.0,0.0,0.0,0.0,2.3000000000000003,0.0,-0.6000000000000001,0.0,0.0001,16.0,25903.0
2026-07-30T19:00:42.795Z,212.278,212.292,0.0,7.4,0.0,0.0,0.0,0.0,0.0,0.0,0.0,0.0,1.0,0.0,0.0,0.0,9.0,4.0,0.0,0.0,0.0,0.0,0.0,0.0,0.0,0.0,6.0,12.0,1.0,12.13,5.0200000000000005,2.5,1.49,0.0,0.0,0.0,0.5,0.0,-0.8,0.8,1.6,-169.60000000000002,0.0,0.0,169.70000000000002,0.0,21.4,29.5,29.5,30.0,300.0,300.0,31.5,35.300000000000004,29.4,28.6,30.5,4.95,1.99,4.97,0.16,0.0,0.0,1027.0,8228.0,0.0,0.0,0.0,0.0,0.0,1.0,0.0,0.0,0.0,0.0,0.0,2.7,0.0,-1.1,0.0,0.0,16.0,25903.0
2026-07-30T19:00:42.807Z,212.29,212.304,0.0,7.4,0.0,0.0,0.0,0.0,0.0,0.0,0.0,0.0,1.0,0.0,0.0,0.0,9.0,4.0,0.0,0.0,0.0,0.0,0.0,0.0,0.0,0.0,1.0,12.0,1.0,12.13,5.0200000000000005,2.5,1.49,0.0,0.1,0.0,0.4,0.0,-0.2,0.2,0.4,-169.60000000000002,0.0,0.0,169.70000000000002,0.0,21.4,29.5,29.5,30.0,300.0,300.0,31.5,35.300000000000004,29.4,28.6,30.5,4.95,1.99,4.97,0.16,0.0,0.0,1027.0,8228.0,0.0,0.0,0.0,0.0,0.0,1.0,0.0,0.0,0.0,0.0,0.0,1.4,0.0,-1.3,0.0,0.0,16.0,25903.0
2026-07-30T19:00:42.818Z,212.301,212.316,0.0,7.4,0.0,0.0,0.0,0.0,0.0,0.0,0.0,0.0,1.0,0.0,0.0,0.0,9.0,4.0,0.0,0.0,0.0,0.0,0.0,0.0,0.0,0.0,3.0,12.0,1.0,12.13,5.0200000000000005,2.5,1.49,0.0,0.1,0.0,0.4,0.0,-0.2,0.2,-0.1,-169.60000000000002,0.0,0.0,169.60000000000002,0.0,21.4,29.5,29.5,30.0,300.0,300.0,31.5,35.300000000000004,29.4,28.6,30.5,4.96,1.99,4.96,0.16,0.0,0.0,1027.0,8228.0,0.0,0.0,0.0,0.0,0.0,1.0,0.0,0.0,0.0,0.0,0.0,0.1,0.0,0.1,0.0,0.0001,16.0,25903.0
2026-07-30T19:00:42.831Z,212.314,212.328,0.0,7.4,0.0,0.0,0.0,0.0,0.0,0.0,0.0,0.0,1.0,0.0,0.0,0.0,9.0,4.0,0.0,0.0,0.0,0.0,0.0,0.0,0.0,0.0,4.0,12.0,1.0,12.13,5.0200000000000005,2.5,1.49,0.0,0.0,0.0,0.4,0.0,-0.2,0.2,-0.7000000000000001,-169.60000000000002,0.0,0.0,169.70000000000002,0.0,21.4,29.5,29.5,30.0,300.0,300.0,31.5,35.300000000000004,29.4,28.6,30.5,4.96,1.99,4.97,0.16,0.0,0.0,1027.0,8228.0,0.0,0.0,0.0,0.0,0.0,1.0,0.0,0.0,0.0,0.0,0.0,-0.2,0.0,0.6000000000000001,0.0,0.0,16.0,25903.0
2026-07-30T19:00:42.847Z,212.33,212.34,0.0,7.4,0.0,0.0,0.0,0.0,0.0,0.0,0.0,0.0,1.0,0.0,0.0,0.0,9.0,4.0,0.0,0.0,0.0,0.0,0.0,0.0,0.0,0.0,6.0,12.0,1.0,12.13,5.0200000000000005,2.5,1.49,0.0,0.0,0.0,0.4,0.0,-0.8,0.2,0.0,-169.60000000000002,0.0,0.0,169.70000000000002,0.0,21.4,29.5,29.5,30.0,300.0,300.0,31.5,35.300000000000004,29.4,28.6,30.5,4.95,1.99,4.97,0.16,0.0,0.0,1027.0,8228.0,0.0,0.0,0.0,0.0,0.0,1.0,0.0,0.0,0.0,0.0,0.0,0.2,0.0,0.1,0.0,0.0,16.0,25903.0
2026-07-30T19:00:42.855Z,212.338,212.352,0.0,7.4,0.0,0.0,0.0,0.0,0.0,0.0,0.0,0.0,1.0,0.0,0.0,0.0,9.0,4.0,0.0,0.0,0.0,0.0,0.0,0.0,0.0,0.0,5.0,12.0,1.0,12.13,5.0200000000000005,2.5,1.49,0.0,0.0,0.0,0.4,0.0,-0.1,-0.3,1.1,-169.60000000000002,0.0,0.0,169.70000000000002,0.0,21.4,29.5,29.5,30.0,300.0,300.0,31.5,35.300000000000004,29.4,28.6,30.5,4.96,1.99,4.97,0.16,0.0,0.0,1027.0,8228.0,0.0,0.0,0.0,0.0,0.0,1.0,0.0,0.0,0.0,0.0,0.0,0.4,0.0,-1.0,0.0,0.0,16.0,25903.0
2026-07-30T19:00:42.867Z,212.35,212.364,0.0,7.4,0.0,0.0,0.0,0.0,0.0,0.0,0.0,0.0,1.0,0.0,0.0,0.0,9.0,4.0,0.0,0.0,0.0,0.0,0.0,0.0,0.0,0.0,6.0,12.0,1.0,12.15,5.01,2.5,1.49,0.0,0.0,0.0,0.4,0.0,-0.7000000000000001,-0.8,-0.5,-169.60000000000002,0.0,0.0,169.70000000000002,0.0,21.4,29.5,29.5,30.0,300.0,300.0,31.5,35.4,29.4,28.6,30.5,4.95,1.99,4.96,0.16,0.0,0.0,1027.0,8228.0,0.0,0.0,0.0,0.0,0.0,1.0,0.0,0.0,0.0,0.0,0.0,-1.4,0.0,0.3,0.0,0.0,16.0,25903.0
2026-07-30T19:00:42.879Z,212.362,212.376,0.0,7.4,0.0,0.0,0.0,0.0,0.0,0.0,0.0,0.0,1.0,0.0,0.0,0.0,9.0,4.0,0.0,0.0,0.0,0.0,0.0,0.0,0.0,0.0,1.0,12.0,1.0,12.15,5.01,2.5,1.49,0.0,0.0,0.0,0.4,0.0,0.3,0.8,0.0,-169.60000000000002,0.0,0.0,169.60000000000002,0.0,21.4,29.5,29.5,30.0,300.0,300.0,31.5,35.4,29.4,28.6,30.5,4.95,1.99,4.96,0.16,0.0,0.0,1027.0,8228.0,0.0,0.0,0.0,0.0,0.0,1.0,0.0,0.0,0.0,0.0,0.0,0.9,0.0,0.1,0.0,0.0001,16.0,25903.0
2026-07-30T19:00:42.891Z,212.374,212.388,0.0,7.4,0.0,0.0,0.0,0.0,0.0,0.0,0.0,0.0,1.0,0.0,0.0,0.0,9.0,4.0,0.0,0.0,0.0,0.0,0.0,0.0,0.0,0.0,2.0,12.0,1.0,12.15,5.01,2.5,1.49,0.0,0.0,0.0,0.4,0.0,-0.2,-0.2,0.0,-169.60000000000002,0.0,0.0,169.70000000000002,0.0,21.4,29.5,29.5,30.0,300.0,300.0,31.5,35.4,29.4,28.6,30.5,4.95,1.99,4.96,0.16,0.0,0.0,1027.0,8228.0,0.0,0.0,0.0,0.0,0.0,1.0,0.0,0.0,0.0,0.0,0.0,-0.3,0.0,0.0,0.0,0.0001,16.0,25903.0
2026-07-30T19:00:42.903Z,212.386,212.4,0.0,7.4,0.0,0.0,0.0,0.0,0.0,0.0,0.0,0.0,1.0,0.0,0.0,0.0,9.0,4.0,0.0,0.0,0.0,0.0,0.0,0.0,0.0,0.0,4.0,12.0,1.0,12.15,5.01,2.5,1.49,0.0,0.0,0.0,0.4,0.0,-0.2,-0.3,0.5,-169.60000000000002,0.0,0.0,169.60000000000002,0.0,21.4,29.5,29.5,30.0,300.0,300.0,31.5,35.4,29.4,28.6,30.5,4.95,1.99,4.96,0.16,0.0,0.0,1027.0,8228.0,0.0,0.0,0.0,0.0,0.0,1.0,0.0,0.0,0.0,0.0,0.0,0.0,0.0,-0.5,0.0,0.0,16.0,25903.0
2026-07-30T19:00:42.915Z,212.398,212.412,0.0,7.4,0.0,0.0,0.0,0.0,0.0,0.0,0.0,0.0,1.0,0.0,0.0,0.0,9.0,4.0,0.0,0.0,0.0,0.0,0.0,0.0,0.0,0.0,5.0,12.0,1.0,12.15,5.01,2.5,1.49,0.0,0.0,0.0,0.4,0.0,0.3,-0.3,0.0,-169.60000000000002,0.0,0.0,169.60000000000002,0.0,21.4,29.5,29.5,30.0,300.0,300.0,31.5,35.4,29.4,28.6,30.5,4.95,1.99,4.97,0.16,0.0,0.0,1027.0,8228.0,0.0,0.0,0.0,0.0,0.0,1.0,0.0,0.0,0.0,0.0,0.0,-0.4,0.0,0.0,0.0,0.0,16.0,25903.0
2026-07-30T19:00:42.927Z,212.41,212.424,0.0,7.4,0.0,0.0,0.0,0.0,0.0,0.0,0.0,0.0,1.0,0.0,0.0,0.0,9.0,4.0,0.0,0.0,0.0,0.0,0.0,0.0,0.0,0.0,6.0,12.0,1.0,12.15,5.01,2.5,1.49,0.0,0.0,0.0,0.4,0.0,-0.8,-0.3,-0.1,-169.60000000000002,0.0,0.0,169.70000000000002,0.0,21.4,29.5,29.5,30.0,300.0,300.0,31.5,35.4,29.4,28.6,30.5,4.95,1.99,4.97,0.16,0.0,0.0,1027.0,8228.0,0.0,0.0,0.0,0.0,0.0,1.0,0.0,0.0,0.0,0.0,0.0,-0.4,0.0,0.0,0.0,0.0,16.0,25903.0
2026-07-30T19:00:42.939Z,212.422,212.436,0.0,7.4,0.0,0.0,0.0,0.0,0.0,0.0,0.0,0.0,1.0,0.0,0.0,0.0,9.0,4.0,0.0,0.0,0.0,0.0,0.0,0.0,0.0,0.0,1.0,12.0,1.0,12.15,5.01,2.5,1.49,0.0,0.0,0.0,0.4,0.0,0.2,0.2,0.0,-169.60000000000002,0.0,0.0,169.70000000000002,0.0,21.4,29.5,29.5,30.0,300.0,300.0,31.5,35.4,29.4,28.6,30.5,4.96,1.99,4.97,0.16,0.0,0.0,1027.0,8228.0,0.0,0.0,0.0,0.0,0.0,1.0,0.0,0.0,0.0,0.0,0.0,0.2,0.0,0.1,0.0,0.0,16.0,25903.0
2026-07-30T19:00:42.951Z,212.434,212.448,0.0,7.4,0.0,0.0,0.0,0.0,0.0,0.0,0.0,0.0,1.0,0.0,0.0,0.0,9.0,4.0,0.0,0.0,0.0,0.0,0.0,0.0,0.0,0.0,2.0,12.0,1.0,12.15,5.01,2.5,1.49,0.0,0.0,0.0,0.4,0.0,0.2,1.4,0.4,-169.60000000000002,0.0,0.0,169.8,0.0,21.4,29.5,29.5,30.0,300.0,300.0,31.5,35.4,29.4,28.6,30.5,4.96,1.99,4.96,0.16,0.0,0.0,1027.0,8228.0,0.0,0.0,0.0,0.0,0.0,1.0,0.0,0.0,0.0,0.0,0.0,1.9,0.0,-0.1,0.0,0.0,16.0,25903.0
2026-07-30T19:00:42.964Z,212.447,212.46,0.0,7.4,0.0,0.0,0.0,0.0,0.0,0.0,0.0,0.0,1.0,0.0,0.0,0.0,9.0,4.0,0.0,0.0,0.0,0.0,0.0,0.0,0.0,0.0,3.0,12.0,1.0,12.17,5.0200000000000005,2.5,1.49,0.0,0.0,0.0,0.4,0.0,0.2,-0.3,0.0,-169.60000000000002,0.0,0.0,169.70000000000002,0.0,21.3,29.5,29.5,30.0,300.0,300.0,31.4,35.4,29.4,28.6,30.5,4.95,1.99,4.97,0.16,0.0,0.0,1027.0,8228.0,0.0,0.0,0.0,0.0,0.0,1.0,0.0,0.0,0.0,0.0,0.0,-0.4,0.0,0.0,0.0,0.0001,16.0,25903.0
2026-07-30T19:00:42.975Z,212.458,212.472,0.0,7.4,0.0,0.0,0.0,0.0,0.0,0.0,0.0,0.0,1.0,0.0,0.0,0.0,9.0,4.0,0.0,0.0,0.0,0.0,0.0,0.0,0.0,0.0,4.0,12.0,1.0,12.17,5.0200000000000005,2.5,1.49,0.0,0.1,0.0,0.4,0.0,-0.3,-0.3,-0.1,-169.60000000000002,0.0,0.0,169.70000000000002,0.0,21.3,29.5,29.5,30.0,300.0,300.0,31.4,35.4,29.4,28.6,30.5,4.95,1.99,4.96,0.16,0.0,0.0,1027.0,8228.0,0.0,0.0,0.0,0.0,0.0,1.0,0.0,0.0,0.0,0.0,0.0,-0.5,0.0,0.0,0.0,0.0,16.0,25903.0
2026-07-30T19:00:42.987Z,212.47,212.484,0.0,7.4,0.0,0.0,0.0,0.0,0.0,0.0,0.0,0.0,1.0,0.0,0.0,0.0,9.0,4.0,0.0,0.0,0.0,0.0,0.0,0.0,0.0,0.0,5.0,12.0,1.0,12.17,5.0200000000000005,2.5,1.49,0.0,0.0,0.0,0.5,0.0,-0.8,-0.3,-0.1,-169.70000000000002,0.0,0.0,169.8,0.0,21.3,29.5,29.5,30.0,300.0,300.0,31.4,35.4,29.4,28.6,30.5,4.95,1.99,4.96,0.16,0.0,0.0,1027.0,8228.0,0.0,0.0,0.0,0.0,0.0,1.0,0.0,0.0,0.0,0.0,0.0,-0.5,0.0,0.0,0.0,0.0,16.0,25903.0
2026-07-30T19:00:42.999Z,212.482,212.496,0.0,7.4,0.0,0.0,0.0,0.0,0.0,0.0,0.0,0.0,1.0,0.0,0.0,0.0,9.0,4.0,0.0,0.0,0.0,0.0,0.0,0.0,0.0,0.0,5.0,12.0,1.0,12.17,5.0200000000000005,2.5,1.49,0.0,0.0,0.0,0.4,0.0,-0.3,-0.9,-0.7000000000000001,-169.70000000000002,0.0,0.0,169.70000000000002,0.0,21.3,29.5,29.5,30.0,300.0,300.0,31.4,35.4,29.4,28.6,30.5,4.95,1.99,4.96,0.16,0.0,0.0,1027.0,8228.0,0.0,0.0,0.0,0.0,0.0,1.0,0.0,0.0,0.0,0.0,0.0,-1.6,0.0,0.4,0.0,0.0001,16.0,25903.0
2026-07-30T19:00:43.011Z,212.494,212.508,0.0,7.4,0.0,0.0,0.0,0.0,0.0,0.0,0.0,0.0,1.0,0.0,0.0,0.0,9.0,4.0,0.0,0.0,0.0,0.0,0.0,0.0,0.0,0.0,6.0,12.0,1.0,12.17,5.0200000000000005,2.5,1.49,0.0,0.0,0.0,0.4,0.0,-0.3,-0.9,-0.1,-169.70000000000002,0.0,0.0,169.8,0.0,21.3,29.5,29.5,30.0,300.0,300.0,31.4,35.4,29.4,28.6,30.5,4.96,1.99,4.96,0.16,0.0,0.0,1027.0,8228.0,0.0,0.0,0.0,0.0,0.0,1.0,0.0,0.0,0.0,0.0,0.0,-1.2000000000000002,0.0,0.0,0.0,0.0001,16.0,25903.0
2026-07-30T19:00:43.023Z,212.506,212.52,0.0,7.4,0.0,0.0,0.0,0.0,0.0,0.0,0.0,0.0,1.0,0.0,0.0,0.0,9.0,4.0,0.0,0.0,0.0,0.0,0.0,0.0,0.0,0.0,1.0,12.0,1.0,12.17,5.0200000000000005,2.5,1.49,0.0,0.0,0.0,0.4,0.0,0.2,0.7000000000000001,0.4,-169.70000000000002,0.0,0.0,169.8,0.0,21.3,29.5,29.5,30.0,300.0,300.0,31.4,35.4,29.4,28.6,30.5,4.96,2.0,4.96,0.16,0.0,0.0,1027.0,8228.0,0.0,0.0,0.0,0.0,0.0,1.0,0.0,0.0,0.0,0.0,0.0,1.2000000000000002,0.0,-0.2,0.0,0.0001,16.0,25903.0
2026-07-30T19:00:43.035Z,212.518,212.532,0.0,7.4,0.0,0.0,0.0,0.0,0.0,0.0,0.0,0.0,1.0,0.0,0.0,0.0,9.0,4.0,0.0,0.0,0.0,0.0,0.0,0.0,0.0,0.0,3.0,12.0,1.0,12.17,5.0200000000000005,2.5,1.49,0.0,0.0,0.0,0.4,0.0,-0.3,0.1,-0.1,-169.70000000000002,0.0,0.0,169.8,0.0,21.3,29.5,29.5,30.0,300.0,300.0,31.4,35.4,29.4,28.6,30.5,4.95,1.99,4.96,0.16,0.0,0.0,1027.0,8228.0,0.0,0.0,0.0,0.0,0.0,1.0,0.0,0.0,0.0,0.0,0.0,0.0,0.0,0.2,0.0,0.0,16.0,25903.0
2026-07-30T19:00:43.047Z,212.53,212.544,0.0,7.4,0.0,0.0,0.0,0.0,0.0,0.0,0.0,0.0,1.0,0.0,0.0,0.0,9.0,4.0,0.0,0.0,0.0,0.0,0.0,0.0,0.0,0.0,4.0,12.0,1.0,12.17,5.0200000000000005,2.5,1.49,0.0,0.0,0.0,0.4,0.0,-0.3,-0.9,0.9,-169.70000000000002,0.0,0.0,169.8,0.0,21.3,29.5,29.5,30.0,300.0,300.0,31.4,35.4,29.4,28.6,30.5,4.96,1.99,4.97,0.16,0.0,0.0,1027.0,8228.0,0.0,0.0,0.0,0.0,0.0,1.0,0.0,0.0,0.0,0.0,0.0,-0.3,0.0,-1.0,0.0,0.0,16.0,25903.0
2026-07-30T19:00:43.059Z,212.542,212.556,0.0,7.4,0.0,0.0,0.0,0.0,0.0,0.0,0.0,0.0,1.0,0.0,0.0,0.0,9.0,4.0,0.0,0.0,0.0,0.0,0.0,0.0,0.0,0.0,5.0,12.0,1.0,12.17,5.0200000000000005,2.5,1.49,0.0,0.0,0.0,0.5,0.0,-0.3,-0.9,-0.7000000000000001,-169.70000000000002,0.0,0.0,169.8,0.0,21.3,29.5,29.5,30.0,300.0,300.0,31.4,35.4,29.4,28.6,30.5,4.96,1.99,4.96,0.16,0.0,0.0,1027.0,8228.0,0.0,0.0,0.0,0.0,0.0,1.0,0.0,0.0,0.0,0.0,0.0,-1.7000000000000002,0.0,0.4,0.0,0.0001,16.0,25903.0
2026-07-30T19:00:43.071Z,212.554,212.568,0.0,7.4,0.0,0.0,0.0,0.0,0.0,0.0,0.0,0.0,1.0,0.0,0.0,0.0,9.0,4.0,0.0,0.0,0.0,0.0,0.0,0.0,0.0,0.0,1.0,12.0,1.0,12.2,5.01,2.51,1.49,0.0,0.0,0.0,0.4,0.0,1.4,0.1,-0.1,-169.70000000000002,0.0,0.0,169.8,0.0,21.4,29.5,29.5,30.0,300.0,300.0,31.4,35.4,29.4,28.6,30.5,4.96,1.99,4.97,0.16,0.0,0.0,1027.0,8228.0,0.0,0.0,0.0,0.0,0.0,1.0,0.0,0.0,0.0,0.0,0.0,0.0,0.0,0.1,0.0,0.0001,16.0,25903.0
2026-07-30T19:00:43.083Z,212.566,212.58,0.0,7.4,0.0,0.0,0.0,0.0,0.0,0.0,0.0,0.0,1.0,0.0,0.0,0.0,9.0,4.0,0.0,0.0,0.0,0.0,0.0,0.0,0.0,0.0,2.0,12.0,1.0,12.2,5.01,2.51,1.49,0.0,0.1,0.0,0.5,0.0,0.2,0.2,-0.1,-169.70000000000002,0.0,0.0,169.8,0.0,21.4,29.5,29.5,30.0,300.0,300.0,31.4,35.4,29.4,28.6,30.5,4.95,1.99,4.97,0.16,0.0,0.0,1027.0,8228.0,0.0,0.0,0.0,0.0,0.0,1.0,0.0,0.0,0.0,0.0,0.0,0.1,0.0,0.1,0.0,0.0001,16.0,25903.0
2026-07-30T19:00:43.095Z,212.578,212.592,0.0,7.4,0.0,0.0,0.0,0.0,0.0,0.0,0.0,0.0,1.0,0.0,0.0,0.0,9.0,4.0,0.0,0.0,0.0,0.0,0.0,0.0,0.0,0.0,4.0,12.0,1.0,12.2,5.01,2.51,1.49,0.0,0.0,0.0,0.4,0.0,0.2,1.3,-0.7000000000000001,-169.70000000000002,0.0,0.0,169.8,0.0,21.4,29.5,29.5,30.0,300.0,300.0,31.4,35.4,29.4,28.6,30.5,4.96,1.99,4.96,0.16,0.0,0.0,1027.0,8228.0,0.0,0.0,0.0,0.0,0.0,1.0,0.0,0.0,0.0,0.0,0.0,1.0,0.0,0.9,0.0,0.0,16.0,25903.0
2026-07-30T19:00:43.107Z,212.59,212.604,0.0,7.4,0.0,0.0,0.0,0.0,0.0,0.0,0.0,0.0,1.0,0.0,0.0,0.0,9.0,4.0,0.0,0.0,0.0,0.0,0.0,0.0,0.0,0.0,4.0,12.0,1.0,12.2,5.01,2.51,1.49,0.0,0.0,0.0,0.5,0.0,-0.3,-0.9,-0.1,-169.70000000000002,0.0,0.0,169.8,0.0,21.4,29.5,29.5,30.0,300.0,300.0,31.4,35.4,29.4,28.6,30.5,4.95,2.0,4.96,0.16,0.0,0.0,1027.0,8228.0,0.0,0.0,0.0,0.0,0.0,1.0,0.0,0.0,0.0,0.0,0.0,-1.2000000000000002,0.0,0.0,0.0,0.0,16.0,25903.0
2026-07-30T19:00:43.119Z,212.602,212.616,0.0,7.4,0.0,0.0,0.0,0.0,0.0,0.0,0.0,0.0,1.0,0.0,0.0,0.0,9.0,4.0,0.0,0.0,0.0,0.0,0.0,0.0,0.0,0.0,5.0,12.0,1.0,12.2,5.01,2.51,1.49,0.0,0.0,0.0,0.4,0.0,0.2,-0.4,-1.3,-169.70000000000002,0.0,0.0,169.70000000000002,0.0,21.4,29.5,29.5,30.0,300.0,300.0,31.4,35.4,29.4,28.6,30.5,4.95,1.99,4.97,0.16,0.0,0.0,1027.0,8228.0,0.0,0.0,0.0,0.0,0.0,1.0,0.0,0.0,0.0,0.0,0.0,-1.4,0.0,1.0,0.0,0.0,16.0,25903.0
2026-07-30T19:00:43.131Z,212.614,212.628,0.0,7.4,0.0,0.0,0.0,0.0,0.0,0.0,0.0,0.0,1.0,0.0,0.0,0.0,9.0,4.0,0.0,0.0,0.0,0.0,0.0,0.0,0.0,0.0,1.0,12.0,1.0,12.2,5.01,2.51,1.49,0.0,0.0,0.0,0.4,0.0,0.2,1.9,0.4,-169.70000000000002,0.0,0.0,169.8,0.0,21.4,29.5,29.5,30.0,300.0,300.0,31.4,35.4,29.4,28.6,30.5,4.95,1.99,4.97,0.16,0.0,0.0,1027.0,8228.0,0.0,0.0,0.0,0.0,0.0,1.0,0.0,0.0,0.0,0.0,0.0,2.6,0.0,0.0,0.0,0.0002,16.0,25903.0
2026-07-30T19:00:43.143Z,212.626,212.64,0.0,7.4,0.0,0.0,0.0,0.0,0.0,0.0,0.0,0.0,1.0,0.0,0.0,0.0,9.0,4.0,0.0,0.0,0.0,0.0,0.0,0.0,0.0,0.0,1.0,12.0,1.0,12.2,5.01,2.51,1.49,0.0,0.0,0.0,0.4,0.0,0.2,-0.3,0.4,-169.70000000000002,0.0,0.0,169.8,0.0,21.4,29.5,29.5,30.0,300.0,300.0,31.4,35.4,29.4,28.6,30.5,4.96,1.99,4.96,0.16,0.0,0.0,1027.0,8228.0,0.0,0.0,0.0,0.0,0.0,1.0,0.0,0.0,0.0,0.0,0.0,0.0,0.0,-0.5,0.0,0.0001,16.0,25903.0
2026-07-30T19:00:43.159Z,212.642,212.652,0.0,7.4,0.0,0.0,0.0,0.0,0.0,0.0,0.0,0.0,1.0,0.0,0.0,0.0,9.0,4.0,0.0,0.0,0.0,0.0,0.0,0.0,0.0,0.0,2.0,12.0,1.0,12.2,5.01,2.51,1.49,0.0,0.0,0.0,0.4,0.0,-0.2,0.1,0.0,-169.70000000000002,0.0,0.0,169.60000000000002,0.0,21.4,29.5,29.5,30.0,300.0,300.0,31.4,35.4,29.4,28.6,30.5,4.95,1.99,4.96,0.16,0.0,0.0,1027.0,8228.0,0.0,0.0,0.0,0.0,0.0,1.0,0.0,0.0,0.0,0.0,0.0,0.1,0.0,0.0,0.0,0.0001,16.0,25903.0
2026-07-30T19:00:43.169Z,212.652,212.664,0.0,7.4,0.0,0.0,0.0,0.0,0.0,0.0,0.0,0.0,1.0,0.0,0.0,0.0,9.0,4.0,0.0,0.0,0.0,0.0,0.0,0.0,0.0,0.0,1.0,12.0,1.0,12.18,5.01,2.5,1.49,0.0,0.0,0.0,0.4,0.0,-0.2,0.1,0.0,-169.70000000000002,0.0,0.0,169.60000000000002,0.0,21.700000000000003,29.5,29.5,30.0,300.0,300.0,31.5,35.4,29.4,28.6,30.4,4.95,1.99,4.96,0.16,0.0,0.0,1027.0,8228.0,0.0,0.0,0.0,0.0,0.0,1.0,0.0,0.0,0.0,0.0,0.0,0.1,0.0,0.0,0.0,0.0002,16.0,25903.0
2026-07-30T19:00:43.179Z,212.662,212.676,0.0,7.4,0.0,0.0,0.0,0.0,0.0,0.0,0.0,0.0,1.0,0.0,0.0,0.0,9.0,4.0,0.0,0.0,0.0,0.0,0.0,0.0,0.0,0.0,6.0,12.0,1.0,12.18,5.01,2.5,1.49,0.0,0.0,0.0,0.4,0.0,0.8,-0.3,-1.2000000000000002,-169.70000000000002,0.0,0.0,169.70000000000002,0.0,21.700000000000003,29.5,29.5,30.0,300.0,300.0,31.5,35.4,29.4,28.6,30.4,4.96,2.0,4.96,0.16,0.0,0.0,1027.0,8228.0,0.0,0.0,0.0,0.0,0.0,1.0,0.0,0.0,0.0,0.0,0.0,-1.3,0.0,1.0,0.0,0.0,16.0,25903.0
2026-07-30T19:00:43.191Z,212.674,212.688,0.0,7.4,0.0,0.0,0.0,0.0,0.0,0.0,0.0,0.0,1.0,0.0,0.0,0.0,9.0,4.0,0.0,0.0,0.0,0.0,0.0,0.0,0.0,0.0,1.0,12.0,1.0,12.18,5.01,2.5,1.49,0.0,0.0,0.0,0.4,0.0,0.2,-0.3,-0.6000000000000001,-169.70000000000002,0.0,0.0,169.60000000000002,0.0,21.700000000000003,29.5,29.5,30.0,300.0,300.0,31.5,35.4,29.4,28.6,30.4,4.95,2.0,4.96,0.16,0.0,0.0,1027.0,8228.0,0.0,0.0,0.0,0.0,0.0,1.0,0.0,0.0,0.0,0.0,0.0,-0.8,0.0,0.5,0.0,0.0001,16.0,25903.0
2026-07-30T19:00:43.203Z,212.686,212.7,0.0,7.4,0.0,0.0,0.0,0.0,0.0,0.0,0.0,0.0,1.0,0.0,0.0,0.0,9.0,4.0,0.0,0.0,0.0,0.0,0.0,0.0,0.0,0.0,3.0,12.0,1.0,12.18,5.01,2.5,1.49,0.0,0.0,0.0,0.4,0.0,0.2,0.8,0.0,-169.70000000000002,0.0,0.0,169.70000000000002,0.0,21.700000000000003,29.5,29.5,30.0,300.0,300.0,31.5,35.4,29.4,28.6,30.4,4.95,1.99,4.97,0.16,0.0,0.0,1027.0,8228.0,0.0,0.0,0.0,0.0,0.0,1.0,0.0,0.0,0.0,0.0,0.0,0.8,0.0,0.2,0.0,0.0,16.0,25903.0
2026-07-30T19:00:43.215Z,212.698,212.712,0.0,7.4,0.0,0.0,0.0,0.0,0.0,0.0,0.0,0.0,1.0,0.0,0.0,0.0,9.0,4.0,0.0,0.0,0.0,0.0,0.0,0.0,0.0,0.0,4.0,12.0,1.0,12.18,5.01,2.5,1.49,0.0,0.0,0.0,0.4,0.0,0.2,-0.3,-0.6000000000000001,-169.70000000000002,0.0,0.0,169.70000000000002,0.0,21.700000000000003,29.5,29.5,30.0,300.0,300.0,31.5,35.4,29.4,28.6,30.4,4.95,1.99,4.96,0.16,0.0,0.0,1027.0,8228.0,0.0,0.0,0.0,0.0,0.0,1.0,0.0,0.0,0.0,0.0,0.0,-0.8,0.0,0.4,0.0,0.0001,16.0,25903.0
2026-07-30T19:00:43.227Z,212.71,212.724,0.0,7.4,0.0,0.0,0.0,0.0,0.0,0.0,0.0,0.0,1.0,0.0,0.0,0.0,9.0,4.0,0.0,0.0,0.0,0.0,0.0,0.0,0.0,0.0,5.0,12.0,1.0,12.18,5.01,2.5,1.49,0.0,0.0,0.0,0.4,0.0,0.8,0.2,0.0,-169.70000000000002,0.0,0.0,169.60000000000002,0.0,21.700000000000003,29.5,29.5,30.0,300.0,300.0,31.5,35.4,29.4,28.6,30.4,4.96,1.99,4.96,0.15,0.0,0.0,1027.0,8228.0,0.0,0.0,0.0,0.0,0.0,1.0,0.0,0.0,0.0,0.0,0.0,0.2,0.0,0.1,0.0,0.0,16.0,25903.0
2026-07-30T19:00:43.239Z,212.722,212.736,0.0,7.4,0.0,0.0,0.0,0.0,0.0,0.0,0.0,0.0,1.0,0.0,0.0,0.0,9.0,4.0,0.0,0.0,0.0,0.0,0.0,0.0,0.0,0.0,6.0,12.0,1.0,12.18,5.01,2.5,1.49,0.0,0.0,0.0,0.4,0.0,-0.3,0.8,-2.4000000000000004,-169.70000000000002,0.0,0.0,169.60000000000002,0.0,21.700000000000003,29.5,29.5,30.0,300.0,300.0,31.5,35.4,29.4,28.6,30.4,4.95,1.99,4.96,0.16,0.0,0.0,1027.0,8228.0,0.0,0.0,0.0,0.0,0.0,1.0,0.0,0.0,0.0,0.0,0.0,-0.8,0.0,2.2,0.0,0.0,16.0,25903.0
2026-07-30T19:00:43.251Z,212.734,212.748,0.0,7.4,0.0,0.0,0.0,0.0,0.0,0.0,0.0,0.0,1.0,0.0,0.0,0.0,9.0,4.0,0.0,0.0,0.0,0.0,0.0,0.0,0.0,0.0,1.0,12.0,1.0,12.18,5.01,2.5,1.49,0.0,0.0,0.0,0.4,0.0,0.2,-0.9,-1.7000000000000002,-169.70000000000002,0.0,0.0,169.70000000000002,0.0,21.700000000000003,29.5,29.5,30.0,300.0,300.0,31.5,35.4,29.4,28.6,30.4,4.96,1.99,4.96,0.16,0.0,0.0,1027.0,8228.0,0.0,0.0,0.0,0.0,0.0,1.0,0.0,0.0,0.0,0.0,0.0,-2.4000000000000004,0.0,1.3,0.0,0.0,16.0,25903.0
2026-07-30T19:00:43.263Z,212.746,212.76,0.0,7.4,0.0,0.0,0.0,0.0,0.0,0.0,0.0,0.0,1.0,0.0,0.0,0.0,9.0,4.0,0.0,0.0,0.0,0.0,0.0,0.0,0.0,0.0,2.0,12.0,1.0,12.18,5.01,2.5,1.49,0.0,0.0,0.0,0.4,0.0,0.2,-0.3,-0.6000000000000001,-169.70000000000002,0.0,0.0,169.60000000000002,0.0,21.700000000000003,29.5,29.5,30.0,300.0,300.0,31.5,35.4,29.4,28.6,30.4,4.96,2.0,4.96,0.16,0.0,0.0,1027.0,8228.0,0.0,0.0,0.0,0.0,0.0,1.0,0.0,0.0,0.0,0.0,0.0,-0.8,0.0,0.4,0.0,0.0001,16.0,25903.0
2026-07-30T19:00:43.275Z,212.758,212.772,0.0,7.4,0.0,0.0,0.0,0.0,0.0,0.0,0.0,0.0,1.0,0.0,0.0,0.0,9.0,4.0,0.0,0.0,0.0,0.0,0.0,0.0,0.0,0.0,3.0,12.0,1.0,12.15,5.01,2.51,1.49,0.0,0.0,0.0,0.4,0.0,-0.3,1.3,0.5,-169.70000000000002,0.0,0.0,169.60000000000002,0.0,21.8,29.5,29.5,30.0,300.0,300.0,31.4,35.300000000000004,29.4,28.6,30.4,4.95,1.99,4.96,0.16,0.0,0.0,1027.0,8228.0,0.0,0.0,0.0,0.0,0.0,1.0,0.0,0.0,0.0,0.0,0.0,1.9,0.0,-0.1,0.0,0.0,16.0,25903.0
2026-07-30T19:00:43.287Z,212.77,212.784,0.0,7.4,0.0,0.0,0.0,0.0,0.0,0.0,0.0,0.0,1.0,0.0,0.0,0.0,9.0,4.0,0.0,0.0,0.0,0.0,0.0,0.0,0.0,0.0,4.0,12.0,1.0,12.15,5.01,2.51,1.49,0.0,0.0,0.0,0.4,0.0,-0.3,-0.4,-0.6000000000000001,-169.60000000000002,0.0,0.0,169.70000000000002,0.0,21.8,29.5,29.5,30.0,300.0,300.0,31.4,35.300000000000004,29.4,28.6,30.4,4.95,1.99,4.97,0.16,0.0,0.0,1027.0,8228.0,0.0,0.0,0.0,0.0,0.0,1.0,0.0,0.0,0.0,0.0,0.0,-0.5,0.0,0.0,0.0,0.0,16.0,25903.0
2026-07-30T19:00:43.299Z,212.782,212.796,0.0,7.4,0.0,0.0,0.0,0.0,0.0,0.0,0.0,0.0,1.0,0.0,0.0,0.0,9.0,4.0,0.0,0.0,0.0,0.0,0.0,0.0,0.0,0.0,5.0,12.0,1.0,12.15,5.01,2.51,1.49,0.0,0.0,0.0,0.4,0.0,-0.3,-0.9,-0.7000000000000001,-169.60000000000002,0.0,0.0,169.70000000000002,0.0,21.8,29.5,29.5,30.0,300.0,300.0,31.4,35.300000000000004,29.4,28.6,30.4,4.96,1.99,4.96,0.16,0.0,0.0,1027.0,8228.0,0.0,0.0,0.0,0.0,0.0,1.0,0.0,0.0,0.0,0.0,0.0,0.5,0.0,-0.3,0.0,0.0001,16.0,25903.0
2026-07-30T19:00:43.311Z,212.794,212.808,0.0,7.4,0.0,0.0,0.0,0.0,0.0,0.0,0.0,0.0,1.0,0.0,0.0,0.0,9.0,4.0,0.0,0.0,0.0,0.0,0.0,0.0,0.0,0.0,6.0,12.0,1.0,12.15,5.01,2.51,1.49,0.0,0.1,0.0,0.4,0.0,0.2,0.7000000000000001,0.4,-169.60000000000002,0.0,0.0,169.70000000000002,0.0,21.8,29.5,29.5,30.0,300.0,300.0,31.4,35.300000000000004,29.4,28.6,30.4,4.96,1.99,4.96,0.16,0.0,0.0,1027.0,8228.0,0.0,0.0,0.0,0.0,0.0,1.0,0.0,0.0,0.0,0.0,0.0,1.1,0.0,-0.2,0.0,0.0001,16.0,25903.0
2026-07-30T19:00:43.323Z,212.806,212.82,0.0,7.4,0.0,0.0,0.0,0.0,0.0,0.0,0.0,0.0,1.0,0.0,0.0,0.0,9.0,4.0,0.0,0.0,0.0,0.0,0.0,0.0,0.0,0.0,1.0,12.0,1.0,12.15,5.01,2.51,1.49,0.0,0.0,0.0,0.4,0.0,-0.9,0.1,0.4,-169.60000000000002,0.0,0.0,169.8,0.0,21.8,29.5,29.5,30.0,300.0,300.0,31.4,35.300000000000004,29.4,28.6,30.4,4.95,1.99,4.96,0.16,0.0,0.0,1027.0,8228.0,0.0,0.0,0.0,0.0,0.0,1.0,0.0,0.0,0.0,0.0,0.0,1.3,0.0,0.4,0.0,0.0,16.0,25903.0
2026-07-30T19:00:43.335Z,212.818,212.832,0.0,7.4,0.0,0.0,0.0,0.0,0.0,0.0,0.0,0.0,1.0,0.0,0.0,0.0,9.0,4.0,0.0,0.0,0.0,0.0,0.0,0.0,0.0,0.0,2.0,12.0,1.0,12.15,5.01,2.51,1.49,0.0,0.0,0.0,0.4,0.0,-0.3,-0.4,1.0,-169.60000000000002,0.0,0.0,169.60000000000002,0.0,21.8,29.5,29.5,30.0,300.0,300.0,31.4,35.300000000000004,29.4,28.6,30.4,4.96,1.99,4.96,0.16,0.0,0.0,1027.0,8228.0,0.0,0.0,0.0,0.0,0.0,1.0,0.0,0.0,0.0,0.0,0.0,0.3,0.0,-1.0,0.0,0.0001,16.0,25903.0
2026-07-30T19:00:43.347Z,212.83,212.844,0.0,7.4,0.0,0.0,0.0,0.0,0.0,0.0,0.0,0.0,1.0,0.0,0.0,0.0,9.0,4.0,0.0,0.0,0.0,0.0,0.0,0.0,0.0,0.0,3.0,12.0,1.0,12.15,5.01,2.51,1.49,0.0,0.0,0.0,0.4,0.0,-0.3,0.1,0.0,-169.60000000000002,0.0,0.0,169.60000000000002,0.0,21.8,29.5,29.5,30.0,300.0,300.0,31.4,35.300000000000004,29.4,28.6,30.4,4.95,1.99,4.96,0.16,0.0,0.0,1027.0,8228.0,0.0,0.0,0.0,0.0,0.0,1.0,0.0,0.0,0.0,0.0,0.0,0.1,0.0,0.0,0.0,0.0001,16.0,25903.0
2026-07-30T19:00:43.359Z,212.842,212.856,0.0,7.4,0.0,0.0,0.0,0.0,0.0,0.0,0.0,0.0,1.0,0.0,0.0,0.0,9.0,4.0,0.0,0.0,0.0,0.0,0.0,0.0,0.0,0.0,4.0,12.0,1.0,12.15,5.01,2.51,1.49,0.0,0.0,0.0,0.4,0.0,-0.3,1.2000000000000002,0.5,-169.60000000000002,0.0,0.0,169.70000000000002,0.0,21.8,29.5,29.5,30.0,300.0,300.0,31.4,35.300000000000004,29.4,28.6,30.4,4.95,1.99,4.97,0.16,0.0,0.0,1027.0,8228.0,0.0,0.0,0.0,0.0,0.0,1.0,0.0,0.0,0.0,0.0,0.0,1.8,0.0,-0.2,0.0,0.0,16.0,25903.0
2026-07-30T19:00:43.372Z,212.855,212.868,0.0,7.4,0.0,0.0,0.0,0.0,0.0,0.0,0.0,0.0,1.0,0.0,0.0,0.0,9.0,4.0,0.0,0.0,0.0,0.0,0.0,0.0,0.0,0.0,5.0,12.0,1.0,12.18,5.0200000000000005,2.51,1.49,0.0,0.0,0.0,0.4,0.0,-0.9,0.1,0.0,-169.60000000000002,0.0,0.0,169.70000000000002,0.0,21.700000000000003,29.5,29.5,30.0,300.0,300.0,31.4,35.4,29.4,28.6,30.5,4.96,1.99,4.97,0.16,0.0,0.0,1027.0,8228.0,0.0,0.0,0.0,0.0,0.0,1.0,0.0,0.0,0.0,0.0,0.0,0.1,0.0,0.0,0.0,0.0,16.0,25903.0
2026-07-30T19:00:43.383Z,212.866,212.88,0.0,7.4,0.0,0.0,0.0,0.0,0.0,0.0,0.0,0.0,1.0,0.0,0.0,0.0,9.0,4.0,0.0,0.0,0.0,0.0,0.0,0.0,0.0,0.0,1.0,12.0,1.0,12.18,5.0200000000000005,2.51,1.49,0.0,0.0,0.0,0.4,0.0,-0.9,0.1,0.0,-169.60000000000002,0.0,0.0,169.70000000000002,0.0,21.700000000000003,29.5,29.5,30.0,300.0,300.0,31.4,35.4,29.4,28.6,30.5,4.96,1.99,4.97,0.16,0.0,0.0,1027.0,8228.0,0.0,0.0,0.0,0.0,0.0,1.0,0.0,0.0,0.0,0.0,0.0,0.1,0.0,0.0,0.0,0.0,16.0,25903.0
2026-07-30T19:00:43.395Z,212.878,212.892,0.0,7.4,0.0,0.0,0.0,0.0,0.0,0.0,0.0,0.0,1.0,0.0,0.0,0.0,9.0,4.0,0.0,0.0,0.0,0.0,0.0,0.0,0.0,0.0,2.0,12.0,1.0,12.18,5.0200000000000005,2.51,1.49,0.0,0.0,0.0,0.4,0.0,0.2,-1.0,-0.5,-169.60000000000002,0.0,0.0,169.70000000000002,0.0,21.700000000000003,29.5,29.5,30.0,300.0,300.0,31.4,35.4,29.4,28.6,30.5,4.95,1.99,4.97,0.16,0.0,0.0,1027.0,8228.0,0.0,0.0,0.0,0.0,0.0,1.0,0.0,0.0,0.0,0.0,0.0,-1.6,0.0,0.2,0.0,0.0001,16.0,25903.0
2026-07-30T19:00:43.407Z,212.89,212.904,0.0,7.4,0.0,0.0,0.0,0.0,0.0,0.0,0.0,0.0,1.0,0.0,0.0,0.0,9.0,4.0,0.0,0.0,0.0,0.0,0.0,0.0,0.0,0.0,4.0,12.0,1.0,12.18,5.0200000000000005,2.51,1.49,0.0,0.0,0.0,0.4,0.0,0.2,0.6000000000000001,-1.1,-169.60000000000002,0.0,0.0,169.70000000000002,0.0,21.700000000000003,29.5,29.5,30.0,300.0,300.0,31.4,35.4,29.4,28.6,30.5,4.95,1.99,4.97,0.16,0.0,0.0,1027.0,8228.0,0.0,0.0,0.0,0.0,0.0,1.0,0.0,0.0,0.0,0.0,0.0,0.0,0.0,1.1,0.0,0.0,16.0,25903.0
2026-07-30T19:00:43.419Z,212.902,212.916,0.0,7.4,0.0,0.0,0.0,0.0,0.0,0.0,0.0,0.0,1.0,0.0,0.0,0.0,9.0,4.0,0.0,0.0,0.0,0.0,0.0,0.0,0.0,0.0,5.0,12.0,1.0,12.18,5.0200000000000005,2.51,1.49,0.0,0.0,0.0,0.4,0.0,-0.3,1.8,1.1,-169.60000000000002,0.0,0.0,169.60000000000002,0.0,21.700000000000003,29.5,29.5,30.0,300.0,300.0,31.4,35.4,29.4,28.6,30.5,4.96,1.99,4.97,0.16,0.0,0.0,1027.0,8228.0,0.0,0.0,0.0,0.0,0.0,1.0,0.0,0.0,0.0,0.0,0.0,3.0,0.0,-0.6000000000000001,0.0,0.0,16.0,25903.0
2026-07-30T19:00:43.431Z,212.914,212.928,0.0,7.4,0.0,0.0,0.0,0.0,0.0,0.0,0.0,0.0,1.0,0.0,0.0,0.0,9.0,4.0,0.0,0.0,0.0,0.0,0.0,0.0,0.0,0.0,6.0,12.0,1.0,12.18,5.0200000000000005,2.51,1.49,0.0,0.1,0.0,0.5,0.0,-0.3,0.1,0.0,-169.60000000000002,0.0,0.0,169.60000000000002,0.0,21.700000000000003,29.5,29.5,30.0,300.0,300.0,31.4,35.4,29.4,28.6,30.5,4.95,1.99,4.96,0.16,0.0,0.0,1027.0,8228.0,0.0,0.0,0.0,0.0,0.0,1.0,0.0,0.0,0.0,0.0,0.0,0.1,0.0,0.0,0.0,0.0,16.0,25903.0
2026-07-30T19:00:43.443Z,212.926,212.94,0.0,7.4,0.0,0.0,0.0,0.0,0.0,0.0,0.0,0.0,1.0,0.0,0.0,0.0,9.0,4.0,0.0,0.0,0.0,0.0,0.0,0.0,0.0,0.0,1.0,12.0,1.0,12.18,5.0200000000000005,2.51,1.49,0.0,0.0,0.0,0.4,0.0,0.2,-1.5,0.0,-169.60000000000002,0.0,0.0,169.70000000000002,0.0,21.700000000000003,29.5,29.5,30.0,300.0,300.0,31.4,35.4,29.4,28.6,30.5,4.96,1.99,4.97,0.16,0.0,0.0,1027.0,8228.0,0.0,0.0,0.0,0.0,0.0,1.0,0.0,0.0,0.0,0.0,0.0,-1.7000000000000002,0.0,-0.3,0.0,0.0,16.0,25903.0
2026-07-30T19:00:43.455Z,212.938,212.952,0.0,7.4,0.0,0.0,0.0,0.0,0.0,0.0,0.0,0.0,1.0,0.0,0.0,0.0,9.0,4.0,0.0,0.0,0.0,0.0,0.0,0.0,0.0,0.0,2.0,12.0,1.0,12.18,5.0200000000000005,2.51,1.49,0.0,0.0,0.0,0.4,0.0,-0.3,0.6000000000000001,0.0,-169.60000000000002,0.0,0.0,169.70000000000002,0.0,21.700000000000003,29.5,29.5,30.0,300.0,300.0,31.4,35.4,29.4,28.6,30.5,4.96,1.99,4.96,0.16,0.0,0.0,1027.0,8228.0,0.0,0.0,0.0,0.0,0.0,1.0,0.0,0.0,0.0,0.0,0.0,0.7000000000000001,0.0,0.1,0.0,0.0001,16.0,25903.0
2026-07-30T19:00:43.469Z,212.952,212.964,0.0,7.4,0.0,0.0,0.0,0.0,0.0,0.0,0.0,0.0,1.0,0.0,0.0,0.0,9.0,4.0,0.0,0.0,0.0,0.0,0.0,0.0,0.0,0.0,3.0,12.0,1.0,12.18,5.0200000000000005,2.51,1.49,0.0,0.0,0.0,0.5,0.0,-0.3,1.3,0.0,-169.60000000000002,0.0,0.0,169.8,0.0,21.700000000000003,29.5,29.5,30.0,300.0,300.0,31.4,35.4,29.4,28.6,30.5,4.96,1.99,4.96,0.16,0.0,0.0,1027.0,8228.0,0.0,0.0,0.0,0.0,0.0,1.0,0.0,0.0,0.0,0.0,0.0,1.4,0.0,0.3,0.0,0.0001,16.0,25903.0
2026-07-30T19:00:43.482Z,212.965,212.976,0.0,7.4,0.0,0.0,0.0,0.0,0.0,0.0,0.0,0.0,1.0,0.0,0.0,0.0,9.0,4.0,0.0,0.0,0.0,0.0,0.0,0.0,0.0,0.0,2.0,12.0,1.0,12.15,5.0200000000000005,2.51,1.5,0.0,0.0,0.0,0.4,0.0,-0.3,-0.4,0.0,-169.60000000000002,0.0,0.0,169.70000000000002,0.0,21.700000000000003,29.5,29.5,30.0,300.0,300.0,31.3,35.4,29.3,28.6,30.5,4.95,1.99,4.97,0.16,0.0,0.0,1027.0,8228.0,0.0,0.0,0.0,0.0,0.0,1.0,0.0,0.0,0.0,0.0,0.0,-0.6000000000000001,0.0,0.0,0.0,0.0002,16.0,25903.0
2026-07-30T19:00:43.491Z,212.974,212.988,0.0,7.4,0.0,0.0,0.0,0.0,0.0,0.0,0.0,0.0,1.0,0.0,0.0,0.0,9.0,4.0,0.0,0.0,0.0,0.0,0.0,0.0,0.0,0.0,6.0,12.0,1.0,12.15,5.0200000000000005,2.51,1.5,0.0,0.1,0.0,0.4,0.0,-0.3,-1.0,-0.1,-169.60000000000002,0.0,0.0,169.8,0.0,21.700000000000003,29.5,29.5,30.0,300.0,300.0,31.3,35.4,29.3,28.6,30.5,4.96,2.0,4.96,0.16,0.0,0.0,1027.0,8228.0,0.0,0.0,0.0,0.0,0.0,1.0,0.0,0.0,0.0,0.0,0.0,-1.2000000000000002,0.0,-0.1,0.0,0.0001,16.0,25903.0
2026-07-30T19:00:43.503Z,212.986,213.0,0.0,7.4,0.0,0.0,0.0,0.0,0.0,0.0,0.0,0.0,1.0,0.0,0.0,0.0,9.0,4.0,0.0,0.0,0.0,0.0,0.0,0.0,0.0,0.0,1.0,12.0,1.0,12.15,5.0200000000000005,2.51,1.5,0.0,0.0,0.0,0.4,0.0,-0.3,-0.4,-0.7000000000000001,-169.70000000000002,0.0,0.0,169.8,0.0,21.700000000000003,29.5,29.5,30.0,300.0,300.0,31.3,35.4,29.3,28.6,30.5,4.96,2.0,4.96,0.15,0.0,0.0,1027.0,8228.0,0.0,0.0,0.0,0.0,0.0,1.0,0.0,0.0,0.0,0.0,0.0,-1.0,0.0,0.5,0.0,0.0001,16.0,25903.0
2026-07-30T19:00:43.515Z,212.998,213.012,0.0,7.4,0.0,0.0,0.0,0.0,0.0,0.0,0.0,0.0,1.0,0.0,0.0,0.0,9.0,4.0,0.0,0.0,0.0,0.0,0.0,0.0,0.0,0.0,2.0,12.0,1.0,12.15,5.0200000000000005,2.51,1.5,0.0,0.1,0.0,0.5,0.0,0.2,0.6000000000000001,-0.1,-169.70000000000002,0.0,0.0,169.8,0.0,21.700000000000003,29.5,29.5,30.0,300.0,300.0,31.3,35.4,29.3,28.6,30.5,4.95,1.99,4.96,0.16,0.0,0.0,1027.0,8228.0,0.0,0.0,0.0,0.0,0.0,1.0,0.0,0.0,0.0,0.0,0.0,0.6000000000000001,0.0,0.2,0.0,0.0,16.0,25903.0
2026-07-30T19:00:43.527Z,213.01,213.024,0.0,7.4,0.0,0.0,0.0,0.0,0.0,0.0,0.0,0.0,1.0,0.0,0.0,0.0,9.0,4.0,0.0,0.0,0.0,0.0,0.0,0.0,0.0,0.0,3.0,12.0,1.0,12.15,5.0200000000000005,2.51,1.5,0.0,0.0,0.0,0.4,0.0,0.8,-0.4,1.0,-169.70000000000002,0.0,0.0,169.70000000000002,0.0,21.700000000000003,29.5,29.5,30.0,300.0,300.0,31.3,35.4,29.3,28.6,30.5,4.95,1.99,4.97,0.16,0.0,0.0,1027.0,8228.0,0.0,0.0,0.0,0.0,0.0,1.0,0.0,0.0,0.0,0.0,0.0,0.2,0.0,-0.9,0.0,0.0,16.0,25903.0
2026-07-30T19:00:43.539Z,213.022,213.036,0.0,7.4,0.0,0.0,0.0,0.0,0.0,0.0,0.0,0.0,1.0,0.0,0.0,0.0,9.0,4.0,0.0,0.0,0.0,0.0,0.0,0.0,0.0,0.0,4.0,12.0,1.0,12.15,5.0200000000000005,2.51,1.5,0.0,0.0,0.0,0.4,0.0,-0.3,-1.0,-0.1,-169.70000000000002,0.0,0.0,169.60000000000002,0.0,21.700000000000003,29.5,29.5,30.0,300.0,300.0,31.3,35.4,29.3,28.6,30.5,4.96,1.99,4.96,0.16,0.0,0.0,1027.0,8228.0,0.0,0.0,0.0,0.0,0.0,1.0,0.0,0.0,0.0,0.0,0.0,-1.2000000000000002,0.0,0.0,0.0,0.0002,16.0,25903.0
2026-07-30T19:00:43.551Z,213.034,213.048,0.0,7.4,0.0,0.0,0.0,0.0,0.0,0.0,0.0,0.0,1.0,0.0,0.0,0.0,9.0,4.0,0.0,0.0,0.0,0.0,0.0,0.0,0.0,0.0,5.0,12.0,1.0,12.15,5.0200000000000005,2.51,1.5,0.0,0.0,0.0,0.4,0.0,-0.3,-0.4,-0.7000000000000001,-169.70000000000002,0.0,0.0,169.8,0.0,21.700000000000003,29.5,29.5,30.0,300.0,300.0,31.3,35.4,29.3,28.6,30.5,4.96,1.99,4.97,0.16,0.0,0.0,1027.0,8228.0,0.0,0.0,0.0,0.0,0.0,1.0,0.0,0.0,0.0,0.0,0.0,-1.0,0.0,0.5,0.0,0.0001,16.0,25903.0
2026-07-30T19:00:43.563Z,213.046,213.06,0.0,7.4,0.0,0.0,0.0,0.0,0.0,0.0,0.0,0.0,1.0,0.0,0.0,0.0,9.0,4.0,0.0,0.0,0.0,0.0,0.0,0.0,0.0,0.0,5.0,12.0,1.0,12.15,5.0200000000000005,2.51,1.5,0.0,0.0,0.0,0.4,0.0,0.2,0.7000000000000001,0.4,-169.70000000000002,0.0,0.0,169.8,0.0,21.700000000000003,29.5,29.5,30.0,300.0,300.0,31.3,35.4,29.3,28.6,30.5,4.95,1.99,4.97,0.16,0.0,0.0,1027.0,8228.0,0.0,0.0,0.0,0.0,0.0,1.0,0.0,0.0,0.0,0.0,0.0,1.1,0.0,-0.2,0.0,0.0003,16.0,25903.0
2026-07-30T19:00:43.576Z,213.059,213.072,0.0,7.4,0.0,0.0,0.0,0.0,0.0,0.0,0.0,0.0,1.0,0.0,0.0,0.0,9.0,4.0,0.0,0.0,0.0,0.0,0.0,0.0,0.0,0.0,1.0,12.0,1.0,12.18,5.01,2.51,1.49,0.0,0.0,0.0,0.4,0.0,0.8,-0.4,-0.1,-169.70000000000002,0.0,0.0,169.8,0.0,21.200000000000003,29.5,29.5,30.0,300.0,300.0,31.4,35.4,29.4,28.6,30.5,4.96,1.99,4.97,0.16,0.0,0.0,1027.0,8228.0,0.0,0.0,0.0,0.0,0.0,1.0,0.0,0.0,0.0,0.0,0.0,-0.6000000000000001,0.0,0.0,0.0,0.0001,16.0,25903.0
2026-07-30T19:00:43.587Z,213.07,213.084,0.0,7.4,0.0,0.0,0.0,0.0,0.0,0.0,0.0,0.0,1.0,0.0,0.0,0.0,9.0,4.0,0.0,0.0,0.0,0.0,0.0,0.0,0.0,0.0,2.0,12.0,1.0,12.18,5.01,2.51,1.49,0.0,0.0,0.0,0.4,0.0,0.1,0.6000000000000001,1.0,-169.70000000000002,0.0,0.0,169.8,0.0,21.200000000000003,29.5,29.5,30.0,300.0,300.0,31.4,35.4,29.4,28.6,30.5,4.96,2.0,4.96,0.16,0.0,0.0,1027.0,8228.0,0.0,0.0,0.0,0.0,0.0,1.0,0.0,0.0,0.0,0.0,0.0,1.5,0.0,-0.7000000000000001,0.0,0.0001,16.0,25903.0
2026-07-30T19:00:43.599Z,213.082,213.096,0.0,7.4,0.0,0.0,0.0,0.0,0.0,0.0,0.0,0.0,1.0,0.0,0.0,0.0,9.0,4.0,0.0,0.0,0.0,0.0,0.0,0.0,0.0,0.0,2.0,12.0,1.0,12.18,5.01,2.51,1.49,0.0,0.0,0.0,0.4,0.0,0.2,0.6000000000000001,-0.1,-169.70000000000002,0.0,0.0,169.70000000000002,0.0,21.200000000000003,29.5,29.5,30.0,300.0,300.0,31.4,35.4,29.4,28.6,30.5,4.96,1.99,4.97,0.16,0.0,0.0,1027.0,8228.0,0.0,0.0,0.0,0.0,0.0,1.0,0.0,0.0,0.0,0.0,0.0,0.6000000000000001,0.0,0.3,0.0,0.0001,16.0,25903.0
2026-07-30T19:00:43.611Z,213.094,213.108,0.0,7.4,0.0,0.0,0.0,0.0,0.0,0.0,0.0,0.0,1.0,0.0,0.0,0.0,9.0,4.0,0.0,0.0,0.0,0.0,0.0,0.0,0.0,0.0,4.0,12.0,1.0,12.18,5.01,2.51,1.49,0.0,0.0,0.0,0.4,0.0,0.2,0.0,-1.3,-169.70000000000002,0.0,0.0,169.70000000000002,0.0,21.200000000000003,29.5,29.5,30.0,300.0,300.0,31.4,35.4,29.4,28.6,30.5,4.95,2.0,4.97,0.16,0.0,0.0,1027.0,8228.0,0.0,0.0,0.0,0.0,0.0,1.0,0.0,0.0,0.0,0.0,0.0,-0.9,0.0,1.2000000000000002,0.0,0.0001,16.0,25903.0
2026-07-30T19:00:43.623Z,213.106,213.12,0.0,7.4,0.0,0.0,0.0,0.0,0.0,0.0,0.0,0.0,1.0,0.0,0.0,0.0,9.0,4.0,0.0,0.0,0.0,0.0,0.0,0.0,0.0,0.0,5.0,12.0,1.0,12.18,5.01,2.51,1.49,0.0,0.0,0.0,0.4,0.0,-0.3,-1.0,-0.1,-169.70000000000002,0.0,0.0,169.70000000000002,0.0,21.200000000000003,29.5,29.5,30.0,300.0,300.0,31.4,35.4,29.4,28.6,30.5,4.96,2.0,4.96,0.16,0.0,0.0,1027.0,8228.0,0.0,0.0,0.0,0.0,0.0,1.0,0.0,0.0,0.0,0.0,0.0,-1.3,0.0,0.0,0.0,0.0001,16.0,25903.0
2026-07-30T19:00:43.635Z,213.118,213.132,0.0,7.4,0.0,0.0,0.0,0.0,0.0,0.0,0.0,0.0,1.0,0.0,0.0,0.0,9.0,4.0,0.0,0.0,0.0,0.0,0.0,0.0,0.0,0.0,1.0,12.0,1.0,12.18,5.01,2.51,1.49,0.0,0.0,0.0,0.4,0.0,0.2,0.6000000000000001,0.4,-169.70000000000002,0.0,0.0,169.70000000000002,0.0,21.200000000000003,29.5,29.5,30.0,300.0,300.0,31.4,35.4,29.4,28.6,30.5,4.95,2.0,4.97,0.16,0.0,0.0,1027.0,8228.0,0.0,0.0,0.0,0.0,0.0,1.0,0.0,0.0,0.0,0.0,0.0,1.1,0.0,-0.2,0.0,0.0001,16.0,25903.0
2026-07-30T19:00:43.646Z,213.129,213.144,0.0,7.4,0.0,0.0,0.0,0.0,0.0,0.0,0.0,0.0,1.0,0.0,0.0,0.0,9.0,4.0,0.0,0.0,0.0,0.0,0.0,0.0,0.0,0.0,2.0,12.0,1.0,12.18,5.01,2.51,1.49,0.0,0.1,0.0,0.4,0.0,0.3,1.2000000000000002,1.0,-169.70000000000002,0.0,0.0,169.70000000000002,0.0,21.200000000000003,29.5,29.5,30.0,300.0,300.0,31.4,35.4,29.4,28.6,30.5,4.95,1.98,4.97,0.16,0.0,0.0,1027.0,8228.0,0.0,0.0,0.0,0.0,0.0,1.0,0.0,0.0,0.0,0.0,0.0,2.2,0.0,-0.6000000000000001,0.0,0.0,16.0,25903.0
2026-07-30T19:00:43.659Z,213.142,213.156,0.0,7.4,0.0,0.0,0.0,0.0,0.0,0.0,0.0,0.0,1.0,0.0,0.0,0.0,9.0,4.0,0.0,0.0,0.0,0.0,0.0,0.0,0.0,0.0,3.0,12.0,1.0,12.18,5.01,2.51,1.49,0.0,0.1,0.0,0.4,0.0,0.8,0.1,1.6,-169.70000000000002,0.0,0.0,169.8,0.0,21.200000000000003,29.5,29.5,30.0,300.0,300.0,31.4,35.4,29.4,28.6,30.5,4.96,2.0,4.97,0.16,0.0,0.0,1027.0,8228.0,0.0,0.0,0.0,0.0,0.0,1.0,0.0,0.0,0.0,0.0,0.0,1.4,0.0,-1.4,0.0,0.0001,16.0,25903.0
2026-07-30T19:00:43.671Z,213.154,213.168,0.0,7.4,0.0,0.0,0.0,0.0,0.0,0.0,0.0,0.0,1.0,0.0,0.0,0.0,9.0,4.0,0.0,0.0,0.0,0.0,0.0,0.0,0.0,0.0,4.0,12.0,1.0,12.18,5.01,2.51,1.49,0.0,0.1,0.0,0.4,0.0,0.8,-0.3,0.0,-169.70000000000002,0.0,0.0,169.8,0.0,21.200000000000003,29.5,29.5,30.0,300.0,300.0,31.4,35.4,29.4,28.6,30.5,4.95,2.0,4.96,0.16,0.0,0.0,1027.0,8228.0,0.0,0.0,0.0,0.0,0.0,1.0,0.0,0.0,0.0,0.0,0.0,-0.4,0.0,0.0,0.0,0.0001,16.0,25903.0
2026-07-30T19:00:43.683Z,213.166,213.18,0.0,7.4,0.0,0.0,0.0,0.0,0.0,0.0,0.0,0.0,1.0,0.0,0.0,0.0,9.0,4.0,0.0,0.0,0.0,0.0,0.0,0.0,0.0,0.0,5.0,12.0,1.0,12.17,5.01,2.51,1.49,0.0,0.0,0.0,0.4,0.0,0.2,0.7000000000000001,0.0,-169.70000000000002,0.0,0.0,169.70000000000002,0.0,21.3,29.5,29.5,30.0,300.0,300.0,31.4,35.4,29.4,28.6,30.5,4.95,1.99,4.97,0.16,0.0,0.0,1027.0,8228.0,0.0,0.0,0.0,0.0,0.0,1.0,0.0,0.0,0.0,0.0,0.0,0.8,0.0,0.2,0.0,0.0001,16.0,25903.0
2026-07-30T19:00:43.695Z,213.178,213.192,0.0,7.4,0.0,0.0,0.0,0.0,0.0,0.0,0.0,0.0,1.0,0.0,0.0,0.0,9.0,4.0,0.0,0.0,0.0,0.0,0.0,0.0,0.0,0.0,6.0,12.0,1.0,12.17,5.01,2.51,1.49,0.0,0.0,0.0,0.4,0.0,0.2,1.3,1.1,-169.70000000000002,0.0,0.0,169.8,0.0,21.3,29.5,29.5,30.0,300.0,300.0,31.4,35.4,29.4,28.6,30.5,4.95,1.99,4.96,0.16,0.0,0.0,1027.0,8228.0,0.0,0.0,0.0,0.0,0.0,1.0,0.0,0.0,0.0,0.0,0.0,2.3000000000000003,0.0,-0.7000000000000001,0.0,0.0001,16.0,25903.0
2026-07-30T19:00:43.707Z,213.19,213.204,0.0,7.4,0.0,0.0,0.0,0.0,0.0,0.0,0.0,0.0,1.0,0.0,0.0,0.0,9.0,4.0,0.0,0.0,0.0,0.0,0.0,0.0,0.0,0.0,1.0,12.0,1.0,12.17,5.01,2.51,1.49,0.0,0.0,0.0,0.4,0.0,0.2,0.8,0.0,-169.70000000000002,0.0,0.0,169.8,0.0,21.3,29.5,29.5,30.0,300.0,300.0,31.4,35.4,29.4,28.6,30.5,4.96,1.99,4.96,0.16,0.0,0.0,1027.0,8228.0,0.0,0.0,0.0,0.0,0.0,1.0,0.0,0.0,0.0,0.0,0.0,0.9,0.0,0.1,0.0,0.0001,16.0,25903.0
2026-07-30T19:00:43.719Z,213.202,213.216,0.0,7.4,0.0,0.0,0.0,0.0,0.0,0.0,0.0,0.0,1.0,0.0,0.0,0.0,9.0,4.0,0.0,0.0,0.0,0.0,0.0,0.0,0.0,0.0,2.0,12.0,1.0,12.17,5.01,2.51,1.49,0.0,0.0,0.0,0.4,0.0,-0.8,0.8,1.1,-169.70000000000002,0.0,0.0,169.8,0.0,21.3,29.5,29.5,30.0,300.0,300.0,31.4,35.4,29.4,28.6,30.5,4.95,1.99,4.97,0.16,0.0,0.0,1027.0,8228.0,0.0,0.0,0.0,0.0,0.0,1.0,0.0,0.0,0.0,0.0,0.0,1.7000000000000002,0.0,-0.8,0.0,0.0001,16.0,25903.0
2026-07-30T19:00:43.731Z,213.214,213.228,0.0,7.4,0.0,0.0,0.0,0.0,0.0,0.0,0.0,0.0,1.0,0.0,0.0,0.0,9.0,4.0,0.0,0.0,0.0,0.0,0.0,0.0,0.0,0.0,3.0,12.0,1.0,12.17,5.01,2.51,1.49,0.0,0.0,0.0,0.4,0.0,0.2,-0.3,-1.2000000000000002,-169.70000000000002,0.0,0.0,169.70000000000002,0.0,21.3,29.5,29.5,30.0,300.0,300.0,31.4,35.4,29.4,28.6,30.5,4.95,1.99,4.97,0.16,0.0,0.0,1027.0,8228.0,0.0,0.0,0.0,0.0,0.0,1.0,0.0,0.0,0.0,0.0,0.0,-1.3,0.0,1.0,0.0,0.0,16.0,25903.0
2026-07-30T19:00:43.743Z,213.226,213.24,0.0,7.4,0.0,0.0,0.0,0.0,0.0,0.0,0.0,0.0,1.0,0.0,0.0,0.0,9.0,4.0,0.0,0.0,0.0,0.0,0.0,0.0,0.0,0.0,4.0,12.0,1.0,12.17,5.01,2.51,1.49,0.0,0.0,0.0,0.4,0.0,-0.2,-0.4,-1.2000000000000002,-169.70000000000002,0.0,0.0,169.70000000000002,0.0,21.3,29.5,29.5,30.0,300.0,300.0,31.4,35.4,29.4,28.6,30.5,4.95,1.99,4.96,0.16,0.0,0.0,1027.0,8228.0,0.0,0.0,0.0,0.0,0.0,1.0,0.0,0.0,0.0,0.0,0.0,-1.4,0.0,1.0,0.0,0.0001,16.0,25903.0
2026-07-30T19:00:43.755Z,213.238,213.252,0.0,7.4,0.0,0.0,0.0,0.0,0.0,0.0,0.0,0.0,1.0,0.0,0.0,0.0,9.0,4.0,0.0,0.0,0.0,0.0,0.0,0.0,0.0,0.0,6.0,12.0,1.0,12.17,5.01,2.51,1.49,0.0,0.0,0.0,0.4,0.0,0.2,0.7000000000000001,0.0,-169.70000000000002,0.0,0.0,169.70000000000002,0.0,21.3,29.5,29.5,30.0,300.0,300.0,31.4,35.4,29.4,28.6,30.5,4.95,1.99,4.96,0.16,0.0,0.0,1027.0,8228.0,0.0,0.0,0.0,0.0,0.0,1.0,0.0,0.0,0.0,0.0,0.0,0.7000000000000001,0.0,0.2,0.0,0.0,16.0,25903.0
2026-07-30T19:00:43.767Z,213.25,213.264,0.0,7.4,0.0,0.0,0.0,0.0,0.0,0.0,0.0,0.0,1.0,0.0,0.0,0.0,9.0,4.0,0.0,0.0,0.0,0.0,0.0,0.0,0.0,0.0,1.0,12.0,1.0,12.17,5.01,2.51,1.49,0.0,0.1,0.0,0.4,0.0,-0.3,-0.4,0.5,-169.70000000000002,0.0,0.0,169.8,0.0,21.3,29.5,29.5,30.0,300.0,300.0,31.4,35.4,29.4,28.6,30.5,4.96,1.99,4.97,0.16,0.0,0.0,1027.0,8228.0,0.0,0.0,0.0,0.0,0.0,1.0,0.0,0.0,0.0,0.0,0.0,-0.1,0.0,-0.5,0.0,0.0001,16.0,25903.0
2026-07-30T19:00:43.780Z,213.263,213.276,0.0,7.4,0.0,0.0,0.0,0.0,0.0,0.0,0.0,0.0,1.0,0.0,0.0,0.0,9.0,4.0,0.0,0.0,0.0,0.0,0.0,0.0,0.0,0.0,2.0,12.0,1.0,12.17,5.01,2.5,1.49,0.0,0.0,0.0,0.4,0.0,-0.3,-0.4,1.1,-169.70000000000002,0.0,0.0,169.70000000000002,0.0,21.4,29.5,29.5,30.0,300.0,300.0,31.3,35.4,29.4,28.6,30.5,4.96,1.99,4.96,0.16,0.0,0.0,1027.0,8228.0,0.0,0.0,0.0,0.0,0.0,1.0,0.0,0.0,0.0,0.0,0.0,0.3,0.0,-1.0,0.0,0.0002,16.0,25903.0
2026-07-30T19:00:43.800Z,213.283,213.288,0.0,7.4,0.0,0.0,0.0,0.0,0.0,0.0,0.0,0.0,1.0,0.0,0.0,0.0,9.0,4.0,0.0,0.0,0.0,0.0,0.0,0.0,0.0,0.0,3.0,12.0,1.0,12.17,5.01,2.5,1.49,0.0,0.0,0.0,0.4,0.0,0.3,1.3,0.0,-169.70000000000002,0.0,0.0,169.8,0.0,21.4,29.5,29.5,30.0,300.0,300.0,31.3,35.4,29.4,28.6,30.5,4.96,1.99,4.97,0.16,0.0,0.0,1027.0,8228.0,0.0,0.0,0.0,0.0,0.0,1.0,0.0,0.0,0.0,0.0,0.0,1.4,0.0,0.3,0.0,0.0001,16.0,25903.0
2026-07-30T19:00:43.803Z,213.286,213.3,0.0,7.4,0.0,0.0,0.0,0.0,0.0,0.0,0.0,0.0,1.0,0.0,0.0,0.0,9.0,4.0,0.0,0.0,0.0,0.0,0.0,0.0,0.0,0.0,1.0,12.0,1.0,12.17,5.01,2.5,1.49,0.0,0.0,0.0,0.4,0.0,0.8,0.1,0.0,-169.70000000000002,0.0,0.0,169.70000000000002,0.0,21.4,29.5,29.5,30.0,300.0,300.0,31.3,35.4,29.4,28.6,30.5,4.95,2.0,4.97,0.16,0.0,0.0,1027.0,8228.0,0.0,0.0,0.0,0.0,0.0,1.0,0.0,0.0,0.0,0.0,0.0,0.1,0.0,0.0,0.0,0.0,16.0,25903.0
2026-07-30T19:00:43.815Z,213.298,213.312,0.0,7.4,0.0,0.0,0.0,0.0,0.0,0.0,0.0,0.0,1.0,0.0,0.0,0.0,9.0,4.0,0.0,0.0,0.0,0.0,0.0,0.0,0.0,0.0,1.0,12.0,1.0,12.17,5.01,2.5,1.49,0.0,0.0,0.0,0.4,0.0,0.3,-0.4,0.5,-169.70000000000002,0.0,0.0,169.70000000000002,0.0,21.4,29.5,29.5,30.0,300.0,300.0,31.3,35.4,29.4,28.6,30.5,4.96,2.0,4.96,0.16,0.0,0.0,1027.0,8228.0,0.0,0.0,0.0,0.0,0.0,1.0,0.0,0.0,0.0,0.0,0.0,2.1,0.0,-1.3,0.0,0.0,16.0,25903.0
2026-07-30T19:00:43.827Z,213.31,213.324,0.0,7.4,0.0,0.0,0.0,0.0,0.0,0.0,0.0,0.0,1.0,0.0,0.0,0.0,9.0,4.0,0.0,0.0,0.0,0.0,0.0,0.0,0.0,0.0,2.0,12.0,1.0,12.17,5.01,2.5,1.49,0.0,0.0,0.0,0.4,0.0,0.2,0.7000000000000001,1.1,-169.70000000000002,0.0,0.0,169.8,0.0,21.4,29.5,29.5,30.0,300.0,300.0,31.3,35.4,29.4,28.6,30.5,4.95,2.0,4.96,0.16,0.0,0.0,1027.0,8228.0,0.0,0.0,0.0,0.0,0.0,1.0,0.0,0.0,0.0,0.0,0.0,-1.1,0.0,-0.1,0.0,0.0001,16.0,25903.0
2026-07-30T19:00:43.839Z,213.322,213.336,0.0,7.4,0.0,0.0,0.0,0.0,0.0,0.0,0.0,0.0,1.0,0.0,0.0,0.0,9.0,4.0,0.0,0.0,0.0,0.0,0.0,0.0,0.0,0.0,3.0,12.0,1.0,12.17,5.01,2.5,1.49,0.0,0.1,0.0,0.4,0.0,-0.8,0.1,0.0,-169.70000000000002,0.0,0.0,169.8,0.0,21.4,29.5,29.5,30.0,300.0,300.0,31.3,35.4,29.4,28.6,30.5,4.95,1.99,4.97,0.16,0.0,0.0,1027.0,8228.0,0.0,0.0,0.0,0.0,0.0,1.0,0.0,0.0,0.0,0.0,0.0,-0.2,0.0,0.5,0.0,0.0001,16.0,25903.0
2026-07-30T19:00:43.851Z,213.334,213.348,0.0,7.4,0.0,0.0,0.0,0.0,0.0,0.0,0.0,0.0,1.0,0.0,0.0,0.0,9.0,4.0,0.0,0.0,0.0,0.0,0.0,0.0,0.0,0.0,5.0,12.0,1.0,12.17,5.01,2.5,1.49,0.0,0.0,0.0,0.4,0.0,0.2,0.1,0.0,-169.70000000000002,0.0,0.0,169.8,0.0,21.4,29.5,29.5,30.0,300.0,300.0,31.3,35.4,29.4,28.6,30.5,4.96,1.99,4.97,0.16,0.0,0.0,1027.0,8228.0,0.0,0.0,0.0,0.0,0.0,1.0,0.0,0.0,0.0,0.0,0.0,0.0,0.0,0.0,0.0,0.0,16.0,25903.0
2026-07-30T19:00:43.863Z,213.346,213.36,0.0,7.4,0.0,0.0,0.0,0.0,0.0,0.0,0.0,0.0,1.0,0.0,0.0,0.0,9.0,4.0,0.0,0.0,0.0,0.0,0.0,0.0,0.0,0.0,6.0,12.0,1.0,12.17,5.01,2.5,1.49,0.0,0.0,0.0,0.4,0.0,-0.3,-0.4,-0.1,-169.70000000000002,0.0,0.0,169.8,0.0,21.4,29.5,29.5,30.0,300.0,300.0,31.3,35.4,29.4,28.6,30.5,4.96,1.99,4.96,0.16,0.0,0.0,1027.0,8228.0,0.0,0.0,0.0,0.0,0.0,1.0,0.0,0.0,0.0,0.0,0.0,-0.6000000000000001,0.0,0.0,0.0,0.0,16.0,25903.0
2026-07-30T19:00:43.875Z,213.358,213.372,0.0,7.4,0.0,0.0,0.0,0.0,0.0,0.0,0.0,0.0,1.0,0.0,0.0,0.0,9.0,4.0,0.0,0.0,0.0,0.0,0.0,0.0,0.0,0.0,1.0,12.0,1.0,12.17,5.01,2.5,1.49,0.0,0.0,0.0,0.4,0.0,1.3,1.2000000000000002,1.6,-169.70000000000002,0.0,0.0,169.70000000000002,0.0,21.4,29.5,29.5,30.0,300.0,300.0,31.3,35.4,29.4,28.6,30.5,4.95,2.0,4.97,0.16,0.0,0.0,1027.0,8228.0,0.0,0.0,0.0,0.0,0.0,1.0,0.0,0.0,0.0,0.0,0.0,2.6,0.0,-1.1,0.0,0.0001,16.0,25903.0
2026-07-30T19:00:43.887Z,213.37,213.384,0.0,7.4,0.0,0.0,0.0,0.0,0.0,0.0,0.0,0.0,1.0,0.0,0.0,0.0,9.0,4.0,0.0,0.0,0.0,0.0,0.0,0.0,0.0,0.0,3.0,12.0,1.0,12.17,5.01,2.5,1.5,0.0,0.0,0.0,0.4,0.0,-0.3,0.6000000000000001,1.0,-169.70000000000002,0.0,0.0,169.70000000000002,0.0,21.4,29.5,29.5,30.0,300.0,300.0,31.3,35.4,29.4,28.6,30.5,4.95,1.99,4.96,0.16,0.0,0.0,1027.0,8228.0,0.0,0.0,0.0,0.0,0.0,1.0,0.0,0.0,0.0,0.0,0.0,1.5,0.0,-0.7000000000000001,0.0,0.0001,16.0,25903.0
2026-07-30T19:00:43.899Z,213.382,213.396,0.0,7.4,0.0,0.0,0.0,0.0,0.0,0.0,0.0,0.0,1.0,0.0,0.0,0.0,9.0,4.0,0.0,0.0,0.0,0.0,0.0,0.0,0.0,0.0,4.0,12.0,1.0,12.17,5.01,2.5,1.5,0.0,0.0,0.0,0.4,0.0,-0.9,0.1,0.0,-169.70000000000002,0.0,0.0,169.70000000000002,0.0,21.4,29.5,29.5,30.0,300.0,300.0,31.3,35.4,29.4,28.6,30.5,4.96,2.0,4.96,0.16,0.0,0.0,1027.0,8228.0,0.0,0.0,0.0,0.0,0.0,1.0,0.0,0.0,0.0,0.0,0.0,0.0,0.0,0.0,0.0,0.0001,16.0,25903.0
2026-07-30T19:00:43.911Z,213.394,213.408,0.0,7.4,0.0,0.0,0.0,0.0,0.0,0.0,0.0,0.0,1.0,0.0,0.0,0.0,9.0,4.0,0.0,0.0,0.0,0.0,0.0,0.0,0.0,0.0,5.0,12.0,1.0,12.17,5.01,2.5,1.5,0.0,0.0,0.0,0.4,0.0,-0.3,-0.4,0.5,-169.70000000000002,0.0,0.0,169.70000000000002,0.0,21.4,29.5,29.5,30.0,300.0,300.0,31.3,35.4,29.4,28.6,30.5,4.95,2.0,4.97,0.16,0.0,0.0,1027.0,8228.0,0.0,0.0,0.0,0.0,0.0,1.0,0.0,0.0,0.0,0.0,0.0,-0.1,0.0,-0.5,0.0,0.0,16.0,25903.0
2026-07-30T19:00:43.923Z,213.406,213.42,0.0,7.4,0.0,0.0,0.0,0.0,0.0,0.0,0.0,0.0,1.0,0.0,0.0,0.0,9.0,4.0,0.0,0.0,0.0,0.0,0.0,0.0,0.0,0.0,6.0,12.0,1.0,12.17,5.01,2.5,1.5,0.0,0.1,0.0,0.4,0.0,0.2,0.6000000000000001,-0.6000000000000001,-169.70000000000002,0.0,0.0,169.70000000000002,0.0,21.4,29.5,29.5,30.0,300.0,300.0,31.3,35.4,29.4,28.6,30.5,4.96,1.99,4.97,0.16,0.0,0.0,1027.0,8228.0,0.0,0.0,0.0,0.0,0.0,1.0,0.0,0.0,0.0,0.0,0.0,0.2,0.0,0.7000000000000001,0.0,0.0,16.0,25903.0
2026-07-30T19:00:43.935Z,213.418,213.432,0.0,7.4,0.0,0.0,0.0,0.0,0.0,0.0,0.0,0.0,1.0,0.0,0.0,0.0,9.0,4.0,0.0,0.0,0.0,0.0,0.0,0.0,0.0,0.0,1.0,12.0,1.0,12.17,5.01,2.5,1.5,0.0,0.0,0.0,0.4,0.0,-0.3,0.1,-0.6000000000000001,-169.70000000000002,0.0,0.0,169.70000000000002,0.0,21.4,29.5,29.5,30.0,300.0,300.0,31.3,35.4,29.4,28.6,30.5,4.96,2.0,4.96,0.16,0.0,0.0,1027.0,8228.0,0.0,0.0,0.0,0.0,0.0,1.0,0.0,0.0,0.0,0.0,0.0,-0.3,0.0,0.5,0.0,0.0,16.0,25903.0
2026-07-30T19:00:43.947Z,213.43,213.444,0.0,7.4,0.0,0.0,0.0,0.0,0.0,0.0,0.0,0.0,1.0,0.0,0.0,0.0,9.0,4.0,0.0,0.0,0.0,0.0,0.0,0.0,0.0,0.0,2.0,12.0,1.0,12.17,5.01,2.5,1.5,0.0,0.0,0.0,0.4,0.0,-0.2,0.0,-0.6000000000000001,-169.70000000000002,0.0,0.0,169.8,0.0,21.4,29.5,29.5,30.0,300.0,300.0,31.3,35.4,29.4,28.6,30.5,4.96,1.99,4.96,0.16,0.0,0.0,1027.0,8228.0,0.0,0.0,0.0,0.0,0.0,1.0,0.0,0.0,0.0,0.0,0.0,-0.3,0.0,0.5,0.0,0.0,16.0,25903.0
2026-07-30T19:00:43.959Z,213.442,213.456,0.0,7.4,0.0,0.0,0.0,0.0,0.0,0.0,0.0,0.0,1.0,0.0,0.0,0.0,9.0,4.0,0.0,0.0,0.0,0.0,0.0,0.0,0.0,0.0,3.0,12.0,1.0,12.17,5.01,2.5,1.5,0.0,0.0,0.0,0.4,0.0,0.3,-0.4,0.0,-169.70000000000002,0.0,0.0,169.8,0.0,21.4,29.5,29.5,30.0,300.0,300.0,31.3,35.4,29.4,28.6,30.5,4.95,1.99,4.97,0.16,0.0,0.0,1027.0,8228.0,0.0,0.0,0.0,0.0,0.0,1.0,0.0,0.0,0.0,0.0,0.0,-0.5,0.0,0.0,0.0,0.0002,16.0,25903.0
2026-07-30T19:00:43.971Z,213.454,213.468,0.0,7.4,0.0,0.0,0.0,0.0,0.0,0.0,0.0,0.0,1.0,0.0,0.0,0.0,9.0,4.0,0.0,0.0,0.0,0.0,0.0,0.0,0.0,0.0,4.0,12.0,1.0,12.17,5.01,2.5,1.5,0.0,0.1,0.0,0.4,0.0,0.8,-1.0,0.5,-169.70000000000002,0.0,0.0,169.8,0.0,21.4,29.5,29.5,30.0,300.0,300.0,31.3,35.4,29.4,28.6,30.5,4.96,1.99,4.97,0.16,0.0,0.0,1027.0,8228.0,0.0,0.0,0.0,0.0,0.0,1.0,0.0,0.0,0.0,0.0,0.0,-0.8,0.0,-0.7000000000000001,0.0,0.0,16.0,25903.0
2026-07-30T19:00:43.984Z,213.467,213.48,0.0,7.4,0.0,0.0,0.0,0.0,0.0,0.0,0.0,0.0,1.0,0.0,0.0,0.0,9.0,4.0,0.0,0.0,0.0,0.0,0.0,0.0,0.0,0.0,6.0,12.0,1.0,12.17,5.01,2.51,1.49,0.0,0.1,0.0,0.4,0.0,-0.3,0.6000000000000001,-0.6000000000000001,-169.70000000000002,0.0,0.0,169.8,0.0,21.9,29.5,29.5,30.0,300.0,300.0,31.3,35.4,29.4,28.5,30.5,4.96,2.0,4.96,0.16,0.0,0.0,1027.0,8228.0,0.0,0.0,0.0,0.0,0.0,1.0,0.0,0.0,0.0,0.0,0.0,0.2,0.0,0.6000000000000001,0.0,0.0,16.0,25903.0
2026-07-30T19:00:43.995Z,213.478,213.492,0.0,7.4,0.0,0.0,0.0,0.0,0.0,0.0,0.0,0.0,1.0,0.0,0.0,0.0,9.0,4.0,0.0,0.0,0.0,0.0,0.0,0.0,0.0,0.0,1.0,12.0,1.0,12.17,5.01,2.51,1.49,0.0,0.0,0.0,0.4,0.0,-0.2,0.6000000000000001,-0.6000000000000001,-169.70000000000002,0.0,0.0,169.8,0.0,21.9,29.5,29.5,30.0,300.0,300.0,31.3,35.4,29.4,28.5,30.5,4.95,1.99,4.96,0.16,0.0,0.0,1027.0,8228.0,0.0,0.0,0.0,0.0,0.0,1.0,0.0,0.0,0.0,0.0,0.0,0.2,0.0,0.6000000000000001,0.0,0.0,16.0,25903.0
2026-07-30T19:00:44.007Z,213.49,213.504,0.0,7.4,0.0,0.0,0.0,0.0,0.0,0.0,0.0,0.0,1.0,0.0,0.0,0.0,9.0,4.0,0.0,0.0,0.0,0.0,0.0,0.0,0.0,0.0,2.0,12.0,1.0,12.17,5.01,2.51,1.49,0.0,0.0,0.0,0.4,0.0,0.3,0.6000000000000001,0.5,-169.70000000000002,0.0,0.0,169.8,0.0,21.9,29.5,29.5,30.0,300.0,300.0,31.3,35.4,29.4,28.5,30.5,4.96,1.99,4.96,0.16,0.0,0.0,1027.0,8228.0,0.0,0.0,0.0,0.0,0.0,1.0,0.0,0.0,0.0,0.0,0.0,1.1,0.0,-0.3,0.0,0.0,16.0,25903.0
2026-07-30T19:00:44.019Z,213.502,213.516,0.0,7.4,0.0,0.0,0.0,0.0,0.0,0.0,0.0,0.0,1.0,0.0,0.0,0.0,9.0,4.0,0.0,0.0,0.0,0.0,0.0,0.0,0.0,0.0,3.0,12.0,1.0,12.17,5.01,2.51,1.49,0.0,0.0,0.0,0.4,0.0,0.2,-0.5,1.2000000000000002,-169.70000000000002,0.0,0.0,169.8,0.0,21.9,29.5,29.5,30.0,300.0,300.0,31.3,35.4,29.4,28.5,30.5,4.96,1.99,4.96,0.16,0.0,0.0,1027.0,8228.0,0.0,0.0,0.0,0.0,0.0,1.0,0.0,0.0,0.0,0.0,0.0,0.2,0.0,-1.1,0.0,0.0,16.0,25903.0
2026-07-30T19:00:44.031Z,213.514,213.528,0.0,7.4,0.0,0.0,0.0,0.0,0.0,0.0,0.0,0.0,1.0,0.0,0.0,0.0,9.0,4.0,0.0,0.0,0.0,0.0,0.0,0.0,0.0,0.0,4.0,12.0,1.0,12.17,5.01,2.51,1.49,0.0,0.0,0.0,0.4,0.0,-0.2,0.0,0.0,-169.70000000000002,0.0,0.0,169.8,0.0,21.9,29.5,29.5,30.0,300.0,300.0,31.3,35.4,29.4,28.5,30.5,4.96,1.99,4.97,0.16,0.0,0.0,1027.0,8228.0,0.0,0.0,0.0,0.0,0.0,1.0,0.0,0.0,0.0,0.0,0.0,0.0,0.0,0.0,0.0,0.0,16.0,25903.0
2026-07-30T19:00:44.043Z,213.526,213.54,0.0,7.4,0.0,0.0,0.0,0.0,0.0,0.0,0.0,0.0,1.0,0.0,0.0,0.0,9.0,4.0,0.0,0.0,0.0,0.0,0.0,0.0,0.0,0.0,5.0,12.0,1.0,12.17,5.01,2.51,1.49,0.0,0.0,0.0,0.5,0.0,0.3,0.0,0.0,-169.70000000000002,0.0,0.0,169.8,0.0,21.9,29.5,29.5,30.0,300.0,300.0,31.3,35.4,29.4,28.5,30.5,4.95,1.99,4.97,0.16,0.0,0.0,1027.0,8228.0,0.0,0.0,0.0,0.0,0.0,1.0,0.0,0.0,0.0,0.0,0.0,0.0,0.0,0.0,0.0,0.0,16.0,25903.0
2026-07-30T19:00:44.055Z,213.538,213.552,0.0,7.4,0.0,0.0,0.0,0.0,0.0,0.0,0.0,0.0,1.0,0.0,0.0,0.0,9.0,4.0,0.0,0.0,0.0,0.0,0.0,0.0,0.0,0.0,1.0,12.0,1.0,12.17,5.01,2.51,1.49,0.0,0.0,0.0,0.4,0.0,-0.2,0.0,0.6000000000000001,-169.70000000000002,0.0,0.0,169.8,0.0,21.9,29.5,29.5,30.0,300.0,300.0,31.3,35.4,29.4,28.5,30.5,4.96,1.99,4.96,0.16,0.0,0.0,1027.0,8228.0,0.0,0.0,0.0,0.0,0.0,1.0,0.0,0.0,0.0,0.0,0.0,0.5,0.0,-0.5,0.0,0.0001,16.0,25903.0
2026-07-30T19:00:44.067Z,213.55,213.564,0.0,7.4,0.0,0.0,0.0,0.0,0.0,0.0,0.0,0.0,1.0,0.0,0.0,0.0,9.0,4.0,0.0,0.0,0.0,0.0,0.0,0.0,0.0,0.0,2.0,12.0,1.0,12.17,5.01,2.51,1.49,0.0,0.0,0.0,0.4,0.0,0.3,-0.4,1.8,-169.70000000000002,0.0,0.0,169.8,0.0,21.9,29.5,29.5,30.0,300.0,300.0,31.3,35.4,29.4,28.5,30.5,4.96,2.0,4.96,0.16,0.0,0.0,1027.0,8228.0,0.0,0.0,0.0,0.0,0.0,1.0,0.0,0.0,0.0,0.0,0.0,0.8,0.0,-1.7000000000000002,0.0,0.0,16.0,25903.0
2026-07-30T19:00:44.079Z,213.562,213.576,0.0,7.4,0.0,0.0,0.0,0.0,0.0,0.0,0.0,0.0,1.0,0.0,0.0,0.0,9.0,4.0,0.0,0.0,0.0,0.0,0.0,0.0,0.0,0.0,3.0,12.0,1.0,12.17,5.01,2.51,1.49,0.0,0.0,0.0,0.4,0.0,0.3,0.1,-0.5,-169.70000000000002,0.0,0.0,169.8,0.0,21.9,29.5,29.5,30.0,300.0,300.0,31.3,35.4,29.4,28.5,30.5,4.96,1.99,4.97,0.16,0.0,0.0,1027.0,8228.0,0.0,0.0,0.0,0.0,0.0,1.0,0.0,0.0,0.0,0.0,0.0,-0.2,0.0,0.4,0.0,0.0001,16.0,25903.0
2026-07-30T19:00:44.091Z,213.574,213.588,0.0,7.4,0.0,0.0,0.0,0.0,0.0,0.0,0.0,0.0,1.0,0.0,0.0,0.0,9.0,4.0,0.0,0.0,0.0,0.0,0.0,0.0,0.0,0.0,5.0,12.0,1.0,12.18,5.0200000000000005,2.51,1.49,0.0,0.0,0.0,0.4,0.0,-0.8,-0.4,0.6000000000000001,-169.70000000000002,0.0,0.0,169.8,0.0,21.4,29.5,29.5,30.0,300.0,300.0,31.5,35.4,29.4,28.5,30.5,4.95,1.99,4.97,0.16,0.0,0.0,1027.0,8228.0,0.0,0.0,0.0,0.0,0.0,1.0,0.0,0.0,0.0,0.0,0.0,0.0,0.0,-0.6000000000000001,0.0,0.0,16.0,25903.0
2026-07-30T19:00:44.103Z,213.586,213.6,0.0,7.4,0.0,0.0,0.0,0.0,0.0,0.0,0.0,0.0,1.0,0.0,0.0,0.0,9.0,4.0,0.0,0.0,0.0,0.0,0.0,0.0,0.0,0.0,6.0,12.0,1.0,12.18,5.0200000000000005,2.51,1.49,0.0,0.0,0.0,0.4,0.0,-0.8,-0.4,0.0,-169.70000000000002,0.0,0.0,169.8,0.0,21.4,29.5,29.5,30.0,300.0,300.0,31.5,35.4,29.4,28.5,30.5,4.96,1.99,4.96,0.16,0.0,0.0,1027.0,8228.0,0.0,0.0,0.0,0.0,0.0,1.0,0.0,0.0,0.0,0.0,0.0,-0.4,0.0,-0.1,0.0,0.0,16.0,25903.0
2026-07-30T19:00:44.121Z,213.604,213.612,0.0,7.4,0.0,0.0,0.0,0.0,0.0,0.0,0.0,0.0,1.0,0.0,0.0,0.0,9.0,4.0,0.0,0.0,0.0,0.0,0.0,0.0,0.0,0.0,2.0,12.0,1.0,12.18,5.0200000000000005,2.51,1.49,0.0,0.0,0.0,0.5,0.0,-0.8,-0.9,-2.3000000000000003,-169.70000000000002,0.0,0.0,169.8,0.0,21.4,29.5,29.5,30.0,300.0,300.0,31.5,35.4,29.4,28.5,30.5,4.95,1.99,4.97,0.16,0.0,0.0,1027.0,8228.0,0.0,0.0,0.0,0.0,0.0,1.0,0.0,0.0,0.0,0.0,0.0,-2.8000000000000003,0.0,1.8,0.0,0.0,16.0,25903.0
2026-07-30T19:00:44.127Z,213.61,213.624,0.0,7.4,0.0,0.0,0.0,0.0,0.0,0.0,0.0,0.0,1.0,0.0,0.0,0.0,9.0,4.0,0.0,0.0,0.0,0.0,0.0,0.0,0.0,0.0,6.0,12.0,1.0,12.18,5.0200000000000005,2.51,1.49,0.0,0.0,0.0,0.4,0.0,0.9,1.3,1.1,-169.70000000000002,0.0,0.0,169.8,0.0,21.4,29.5,29.5,30.0,300.0,300.0,31.5,35.4,29.4,28.5,30.5,4.95,1.99,4.97,0.16,0.0,0.0,1027.0,8228.0,0.0,0.0,0.0,0.0,0.0,1.0,0.0,0.0,0.0,0.0,0.0,2.3000000000000003,0.0,-0.7000000000000001,0.0,0.0,16.0,25903.0
2026-07-30T19:00:44.139Z,213.622,213.636,0.0,7.4,0.0,0.0,0.0,0.0,0.0,0.0,0.0,0.0,1.0,0.0,0.0,0.0,9.0,4.0,0.0,0.0,0.0,0.0,0.0,0.0,0.0,0.0,1.0,12.0,1.0,12.18,5.0200000000000005,2.51,1.49,0.0,0.0,0.0,0.4,0.0,0.3,-0.4,-0.5,-169.70000000000002,0.0,0.0,169.8,0.0,21.4,29.5,29.5,30.0,300.0,300.0,31.5,35.4,29.4,28.5,30.5,4.95,2.0,4.97,0.16,0.0,0.0,1027.0,8228.0,0.0,0.0,0.0,0.0,0.0,1.0,0.0,0.0,0.0,0.0,0.0,-0.9,0.0,0.4,0.0,0.0,16.0,25903.0
2026-07-30T19:00:44.151Z,213.634,213.648,0.0,7.4,0.0,0.0,0.0,0.0,0.0,0.0,0.0,0.0,1.0,0.0,0.0,0.0,9.0,4.0,0.0,0.0,0.0,0.0,0.0,0.0,0.0,0.0,2.0,12.0,1.0,12.18,5.0200000000000005,2.51,1.49,0.0,0.0,0.0,0.4,0.0,0.9,0.1,1.7000000000000002,-169.70000000000002,0.0,0.0,169.8,0.0,21.4,29.5,29.5,30.0,300.0,300.0,31.5,35.4,29.4,28.5,30.5,4.96,2.0,4.96,0.16,0.0,0.0,1027.0,8228.0,0.0,0.0,0.0,0.0,0.0,1.0,0.0,0.0,0.0,0.0,0.0,1.4,0.0,-1.4,0.0,0.0,16.0,25903.0
2026-07-30T19:00:44.163Z,213.646,213.66,0.0,7.4,0.0,0.0,0.0,0.0,0.0,0.0,0.0,0.0,1.0,0.0,0.0,0.0,9.0,4.0,0.0,0.0,0.0,0.0,0.0,0.0,0.0,0.0,3.0,12.0,1.0,12.18,5.0200000000000005,2.51,1.49,0.0,0.0,0.0,0.4,0.0,-0.2,0.1,1.6,-169.70000000000002,0.0,0.0,169.8,0.0,21.4,29.5,29.5,30.0,300.0,300.0,31.5,35.4,29.4,28.5,30.5,4.95,1.99,4.97,0.16,0.0,0.0,1027.0,8228.0,0.0,0.0,0.0,0.0,0.0,1.0,0.0,0.0,0.0,0.0,0.0,1.3,0.0,-1.4,0.0,0.0,16.0,25903.0
2026-07-30T19:00:44.175Z,213.658,213.672,0.0,7.4,0.0,0.0,0.0,0.0,0.0,0.0,0.0,0.0,1.0,0.0,0.0,0.0,9.0,4.0,0.0,0.0,0.0,0.0,0.0,0.0,0.0,0.0,5.0,12.0,1.0,12.18,5.0200000000000005,2.51,1.49,0.0,0.0,0.0,0.4,0.0,0.9,0.7000000000000001,0.5,-169.70000000000002,0.0,0.0,169.8,0.0,21.4,29.5,29.5,30.0,300.0,300.0,31.5,35.4,29.4,28.5,30.5,4.95,1.99,4.96,0.16,0.0,0.0,1027.0,8228.0,0.0,0.0,0.0,0.0,0.0,1.0,0.0,0.0,0.0,0.0,0.0,1.2000000000000002,0.0,-0.3,0.0,0.0,16.0,25903.0
2026-07-30T19:00:44.188Z,213.671,213.684,0.0,7.4,0.0,0.0,0.0,0.0,0.0,0.0,0.0,0.0,1.0,0.0,0.0,0.0,9.0,4.0,0.0,0.0,0.0,0.0,0.0,0.0,0.0,0.0,6.0,12.0,1.0,12.18,5.0200000000000005,2.51,1.49,0.0,0.0,0.0,0.4,0.0,0.3,1.2000000000000002,-0.1,-169.70000000000002,0.0,0.0,169.8,0.0,21.8,29.5,29.5,30.0,300.0,300.0,31.4,35.4,29.3,28.6,30.5,4.96,2.0,4.96,0.16,0.0,0.0,1027.0,8228.0,0.0,0.0,0.0,0.0,0.0,1.0,0.0,0.0,0.0,0.0,0.0,1.3,0.0,0.3,0.0,0.0,16.0,25903.0
2026-07-30T19:00:44.199Z,213.682,213.696,0.0,7.4,0.0,0.0,0.0,0.0,0.0,0.0,0.0,0.0,1.0,0.0,0.0,0.0,9.0,4.0,0.0,0.0,0.0,0.0,0.0,0.0,0.0,0.0,1.0,12.0,1.0,12.18,5.0200000000000005,2.51,1.49,0.0,0.0,0.0,0.4,0.0,-0.2,-0.4,1.0,-169.70000000000002,0.0,0.0,169.8,0.0,21.8,29.5,29.5,30.0,300.0,300.0,31.4,35.4,29.3,28.6,30.5,4.95,2.0,4.97,0.16,0.0,0.0,1027.0,8228.0,0.0,0.0,0.0,0.0,0.0,1.0,0.0,0.0,0.0,0.0,0.0,0.2,0.0,-1.0,0.0,0.0,16.0,25903.0
2026-07-30T19:00:44.211Z,213.694,213.708,0.0,7.4,0.0,0.0,0.0,0.0,0.0,0.0,0.0,0.0,1.0,0.0,0.0,0.0,9.0,4.0,0.0,0.0,0.0,0.0,0.0,0.0,0.0,0.0,2.0,12.0,1.0,12.18,5.0200000000000005,2.51,1.49,0.0,0.0,0.0,0.5,0.0,-0.8,-1.1,0.0,-169.70000000000002,0.0,0.0,169.8,0.0,21.8,29.5,29.5,30.0,300.0,300.0,31.4,35.4,29.3,28.6,30.5,4.96,1.99,4.96,0.16,0.0,0.0,1027.0,8228.0,0.0,0.0,0.0,0.0,0.0,1.0,0.0,0.0,0.0,0.0,0.0,-1.3,0.0,-0.1,0.0,0.0,16.0,25903.0
2026-07-30T19:00:44.223Z,213.706,213.72,0.0,7.4,0.0,0.0,0.0,0.0,0.0,0.0,0.0,0.0,1.0,0.0,0.0,0.0,9.0,4.0,0.0,0.0,0.0,0.0,0.0,0.0,0.0,0.0,3.0,12.0,1.0,12.18,5.0200000000000005,2.51,1.49,0.0,0.0,0.0,0.5,0.0,-0.2,0.6000000000000001,-0.6000000000000001,-169.70000000000002,0.0,0.0,169.8,0.0,21.8,29.5,29.5,30.0,300.0,300.0,31.4,35.4,29.3,28.6,30.5,4.96,2.0,4.97,0.16,0.0,0.0,1027.0,8228.0,0.0,0.0,0.0,0.0,0.0,1.0,0.0,0.0,0.0,0.0,0.0,0.2,0.0,0.7000000000000001,0.0,0.0001,16.0,25903.0
2026-07-30T19:00:44.235Z,213.718,213.732,0.0,7.4,0.0,0.0,0.0,0.0,0.0,0.0,0.0,0.0,1.0,0.0,0.0,0.0,9.0,4.0,0.0,0.0,0.0,0.0,0.0,0.0,0.0,0.0,4.0,12.0,1.0,12.18,5.0200000000000005,2.51,1.49,0.0,0.0,0.0,0.4,0.0,-0.2,1.2000000000000002,1.6,-169.70000000000002,0.0,0.0,169.8,0.0,21.8,29.5,29.5,30.0,300.0,300.0,31.4,35.4,29.3,28.6,30.5,4.95,1.99,4.97,0.16,0.0,0.0,1027.0,8228.0,0.0,0.0,0.0,0.0,0.0,1.0,0.0,0.0,0.0,0.0,0.0,2.6,0.0,-1.1,0.0,0.0,16.0,25903.0
2026-07-30T19:00:44.247Z,213.73,213.744,0.0,7.4,0.0,0.0,0.0,0.0,0.0,0.0,0.0,0.0,1.0,0.0,0.0,0.0,9.0,4.0,0.0,0.0,0.0,0.0,0.0,0.0,0.0,0.0,5.0,12.0,1.0,12.18,5.0200000000000005,2.51,1.49,0.0,0.0,0.0,0.4,0.0,0.3,-0.5,-0.1,-169.70000000000002,0.0,0.0,169.8,0.0,21.8,29.5,29.5,30.0,300.0,300.0,31.4,35.4,29.3,28.6,30.5,4.95,1.99,4.97,0.16,0.0,0.0,1027.0,8228.0,0.0,0.0,0.0,0.0,0.0,1.0,0.0,0.0,0.0,0.0,0.0,-0.7000000000000001,0.0,0.0,0.0,0.0001,16.0,25903.0
2026-07-30T19:00:44.259Z,213.742,213.756,0.0,7.4,0.0,0.0,0.0,0.0,0.0,0.0,0.0,0.0,1.0,0.0,0.0,0.0,9.0,4.0,0.0,0.0,0.0,0.0,0.0,0.0,0.0,0.0,6.0,12.0,1.0,12.18,5.0200000000000005,2.51,1.49,0.0,0.0,0.0,0.4,0.0,-0.2,-0.5,-0.2,-169.70000000000002,0.0,0.0,169.8,0.0,21.8,29.5,29.5,30.0,300.0,300.0,31.4,35.4,29.3,28.6,30.5,4.95,1.99,4.97,0.16,0.0,0.0,1027.0,8228.0,0.0,0.0,0.0,0.0,0.0,1.0,0.0,0.0,0.0,0.0,0.0,-0.7000000000000001,0.0,0.0,0.0,0.0,16.0,25903.0
2026-07-30T19:00:44.271Z,213.754,213.768,0.0,7.4,0.0,0.0,0.0,0.0,0.0,0.0,0.0,0.0,1.0,0.0,0.0,0.0,9.0,4.0,0.0,0.0,0.0,0.0,0.0,0.0,0.0,0.0,1.0,12.0,1.0,12.18,5.0200000000000005,2.51,1.49,0.0,0.0,0.0,0.4,0.0,-0.2,0.6000000000000001,2.1,-169.70000000000002,0.0,0.0,169.70000000000002,0.0,21.8,29.5,29.5,30.0,300.0,300.0,31.4,35.4,29.3,28.6,30.5,4.95,1.99,4.97,0.16,0.0,0.0,1027.0,8228.0,0.0,0.0,0.0,0.0,0.0,1.0,0.0,0.0,0.0,0.0,0.0,2.3000000000000003,0.0,-1.7000000000000002,0.0,0.0001,16.0,25903.0
2026-07-30T19:00:44.283Z,213.766,213.78,0.0,7.4,0.0,0.0,0.0,0.0,0.0,0.0,0.0,0.0,1.0,0.0,0.0,0.0,9.0,4.0,0.0,0.0,0.0,0.0,0.0,0.0,0.0,0.0,3.0,12.0,1.0,12.18,5.0200000000000005,2.51,1.49,0.0,0.0,0.0,0.4,0.0,-0.2,0.1,-0.2,-169.70000000000002,0.0,0.0,169.8,0.0,21.8,29.5,29.5,30.0,300.0,300.0,31.4,35.4,29.3,28.6,30.5,4.95,1.99,4.97,0.16,0.0,0.0,1027.0,8228.0,0.0,0.0,0.0,0.0,0.0,1.0,0.0,0.0,0.0,0.0,0.0,0.0,0.0,0.2,0.0,0.0001,16.0,25903.0
2026-07-30T19:00:44.295Z,213.778,213.792,0.0,7.4,0.0,0.0,0.0,0.0,0.0,0.0,0.0,0.0,1.0,0.0,0.0,0.0,9.0,4.0,0.0,0.0,0.0,0.0,0.0,0.0,0.0,0.0,4.0,12.0,1.0,12.18,5.01,2.5,1.49,0.0,0.0,0.0,0.4,0.0,-0.2,0.6000000000000001,0.9,-169.70000000000002,0.0,0.0,169.8,0.0,21.3,29.5,29.5,30.0,300.0,300.0,31.4,35.4,29.4,28.6,30.4,4.96,1.99,4.96,0.16,0.0,0.0,1027.0,8228.0,0.0,0.0,0.0,0.0,0.0,1.0,0.0,0.0,0.0,0.0,0.0,1.4,0.0,-0.6000000000000001,0.0,0.0001,16.0,25903.0
2026-07-30T19:00:44.307Z,213.79,213.804,0.0,7.4,0.0,0.0,0.0,0.0,0.0,0.0,0.0,0.0,1.0,0.0,0.0,0.0,9.0,4.0,0.0,0.0,0.0,0.0,0.0,0.0,0.0,0.0,4.0,12.0,1.0,12.18,5.01,2.5,1.49,-0.1,0.0,0.0,0.4,0.0,-0.2,0.6000000000000001,0.3,-169.70000000000002,0.0,0.0,169.70000000000002,0.0,21.3,29.5,29.5,30.0,300.0,300.0,31.4,35.4,29.4,28.6,30.4,4.95,2.0,4.96,0.16,0.0,0.0,1027.0,8228.0,0.0,0.0,0.0,0.0,0.0,1.0,0.0,0.0,0.0,0.0,0.0,1.0,0.0,-0.1,0.0,0.0001,16.0,25903.0
2026-07-30T19:00:44.319Z,213.802,213.816,0.0,7.4,0.0,0.0,0.0,0.0,0.0,0.0,0.0,0.0,1.0,0.0,0.0,0.0,9.0,4.0,0.0,0.0,0.0,0.0,0.0,0.0,0.0,0.0,5.0,12.0,1.0,12.18,5.01,2.5,1.49,0.0,0.1,0.0,0.4,0.0,0.3,0.0,-1.3,-169.70000000000002,0.0,0.0,169.8,0.0,21.3,29.5,29.5,30.0,300.0,300.0,31.4,35.4,29.4,28.6,30.4,4.95,1.99,4.97,0.16,0.0,0.0,1027.0,8228.0,0.0,0.0,0.0,0.0,0.0,1.0,0.0,0.0,0.0,0.0,0.0,2.3000000000000003,0.0,0.0,0.0,0.0001,16.0,25903.0
2026-07-30T19:00:44.331Z,213.814,213.828,0.0,7.4,0.0,0.0,0.0,0.0,0.0,0.0,0.0,0.0,1.0,0.0,0.0,0.0,9.0,4.0,0.0,0.0,0.0,0.0,0.0,0.0,0.0,0.0,6.0,12.0,1.0,12.18,5.01,2.5,1.49,0.0,0.1,0.0,0.4,0.0,0.3,0.0,0.9,-169.70000000000002,0.0,0.0,169.70000000000002,0.0,21.3,29.5,29.5,30.0,300.0,300.0,31.4,35.4,29.4,28.6,30.4,4.96,1.99,4.97,0.16,0.0,0.0,1027.0,8228.0,0.0,0.0,0.0,0.0,0.0,1.0,0.0,0.0,0.0,0.0,0.0,-0.5,0.0,0.7000000000000001,0.0,0.0001,16.0,25903.0
2026-07-30T19:00:44.343Z,213.826,213.84,0.0,7.4,0.0,0.0,0.0,0.0,0.0,0.0,0.0,0.0,1.0,0.0,0.0,0.0,9.0,4.0,0.0,0.0,0.0,0.0,0.0,0.0,0.0,0.0,1.0,12.0,1.0,12.18,5.01,2.5,1.49,0.0,0.1,0.0,0.4,0.0,0.9,-0.5,-0.8,-169.70000000000002,0.0,0.0,169.8,0.0,21.3,29.5,29.5,30.0,300.0,300.0,31.4,35.4,29.4,28.6,30.4,4.96,1.99,4.96,0.15,0.0,0.0,1027.0,8228.0,0.0,0.0,0.0,0.0,0.0,1.0,0.0,0.0,0.0,0.0,0.0,-1.6,0.0,1.1,0.0,0.0002,16.0,25903.0
2026-07-30T19:00:44.355Z,213.838,213.852,0.0,7.4,0.0,0.0,0.0,0.0,0.0,0.0,0.0,0.0,1.0,0.0,0.0,0.0,9.0,4.0,0.0,0.0,0.0,0.0,0.0,0.0,0.0,0.0,2.0,12.0,1.0,12.18,5.01,2.5,1.49,0.0,0.0,0.0,0.4,0.0,-0.8,-0.5,0.9,-169.70000000000002,0.0,0.0,169.8,0.0,21.3,29.5,29.5,30.0,300.0,300.0,31.4,35.4,29.4,28.6,30.4,4.95,1.99,4.97,0.15,0.0,0.0,1027.0,8228.0,0.0,0.0,0.0,0.0,0.0,1.0,0.0,0.0,0.0,0.0,0.0,-1.2000000000000002,0.0,0.5,0.0,0.0001,16.0,25903.0
2026-07-30T19:00:44.367Z,213.85,213.864,0.0,7.4,0.0,0.0,0.0,0.0,0.0,0.0,0.0,0.0,1.0,0.0,0.0,0.0,9.0,4.0,0.0,0.0,0.0,0.0,0.0,0.0,0.0,0.0,3.0,12.0,1.0,12.18,5.01,2.5,1.49,0.0,0.0,0.0,0.4,0.0,-0.2,0.0,0.9,-169.70000000000002,0.0,0.0,169.8,0.0,21.3,29.5,29.5,30.0,300.0,300.0,31.4,35.4,29.4,28.6,30.4,4.95,1.99,4.96,0.16,0.0,0.0,1027.0,8228.0,0.0,0.0,0.0,0.0,0.0,1.0,0.0,0.0,0.0,0.0,0.0,0.7000000000000001,0.0,-0.8,0.0,0.0,16.0,25903.0
2026-07-30T19:00:44.379Z,213.862,213.876,0.0,7.4,0.0,0.0,0.0,0.0,0.0,0.0,0.0,0.0,1.0,0.0,0.0,0.0,9.0,4.0,0.0,0.0,0.0,0.0,0.0,0.0,0.0,0.0,4.0,12.0,1.0,12.18,5.01,2.5,1.49,0.0,0.1,0.0,0.4,0.0,-0.2,0.5,0.3,-169.70000000000002,0.0,0.0,169.8,0.0,21.3,29.5,29.5,30.0,300.0,300.0,31.4,35.4,29.4,28.6,30.4,4.96,1.99,4.96,0.16,0.0,0.0,1027.0,8228.0,0.0,0.0,0.0,0.0,0.0,1.0,0.0,0.0,0.0,0.0,0.0,0.9,0.0,-0.2,0.0,0.0,16.0,25903.0
2026-07-30T19:00:44.392Z,213.875,213.888,0.0,7.4,0.0,0.0,0.0,0.0,0.0,0.0,0.0,0.0,1.0,0.0,0.0,0.0,9.0,4.0,0.0,0.0,0.0,0.0,0.0,0.0,0.0,0.0,5.0,12.0,1.0,12.17,5.01,2.51,1.49,-0.1,0.1,0.0,0.4,0.0,0.2,-0.5,-0.2,-169.70000000000002,0.0,0.0,169.70000000000002,0.0,21.700000000000003,29.5,29.5,30.0,300.0,300.0,31.4,35.4,29.3,28.5,30.4,4.95,1.99,4.97,0.16,0.0,0.0,1027.0,8228.0,0.0,0.0,0.0,0.0,0.0,1.0,0.0,0.0,0.0,0.0,0.0,-0.8,0.0,0.0,0.0,0.0001,16.0,25903.0
2026-07-30T19:00:44.403Z,213.886,213.9,0.0,7.4,0.0,0.0,0.0,0.0,0.0,0.0,0.0,0.0,1.0,0.0,0.0,0.0,9.0,4.0,0.0,0.0,0.0,0.0,0.0,0.0,0.0,0.0,6.0,12.0,1.0,12.17,5.01,2.51,1.49,0.0,0.0,0.0,0.4,0.0,0.2,-0.5,-0.2,-169.70000000000002,0.0,0.0,169.8,0.0,21.700000000000003,29.5,29.5,30.0,300.0,300.0,31.4,35.4,29.3,28.5,30.4,4.95,1.99,4.97,0.16,0.0,0.0,1027.0,8228.0,0.0,0.0,0.0,0.0,0.0,1.0,0.0,0.0,0.0,0.0,0.0,-0.8,0.0,0.0,0.0,0.0001,16.0,25903.0
2026-07-30T19:00:44.415Z,213.898,213.912,0.0,7.4,0.0,0.0,0.0,0.0,0.0,0.0,0.0,0.0,1.0,0.0,0.0,0.0,9.0,4.0,0.0,0.0,0.0,0.0,0.0,0.0,0.0,0.0,1.0,12.0,1.0,12.17,5.01,2.51,1.49,0.0,0.0,0.0,0.4,0.0,0.9,0.0,0.3,-169.70000000000002,0.0,0.0,169.8,0.0,21.700000000000003,29.5,29.5,30.0,300.0,300.0,31.4,35.4,29.3,28.5,30.4,4.95,1.99,4.96,0.16,0.0,0.0,1027.0,8228.0,0.0,0.0,0.0,0.0,0.0,1.0,0.0,0.0,0.0,0.0,0.0,0.2,0.0,-0.3,0.0,0.0001,16.0,25903.0
2026-07-30T19:00:44.433Z,213.916,213.924,0.0,7.4,0.0,0.0,0.0,0.0,0.0,0.0,0.0,0.0,1.0,0.0,0.0,0.0,9.0,4.0,0.0,0.0,0.0,0.0,0.0,0.0,0.0,0.0,1.0,12.0,1.0,12.17,5.01,2.51,1.49,0.0,0.0,0.0,0.4,0.0,-0.8,0.0,-1.4,-169.70000000000002,0.0,0.0,169.8,0.0,21.700000000000003,29.5,29.5,30.0,300.0,300.0,31.4,35.4,29.3,28.5,30.4,4.96,1.99,4.96,0.16,0.0,0.0,1027.0,8228.0,0.0,0.0,0.0,0.0,0.0,1.0,0.0,0.0,0.0,0.0,0.0,-0.9,0.0,1.2000000000000002,0.0,0.0,16.0,25903.0
2026-07-30T19:00:44.441Z,213.924,213.936,0.0,7.4,0.0,0.0,0.0,0.0,0.0,0.0,0.0,0.0,1.0,0.0,0.0,0.0,9.0,4.0,0.0,0.0,0.0,0.0,0.0,0.0,0.0,0.0,6.0,12.0,1.0,12.17,5.01,2.51,1.49,0.0,0.0,0.0,0.4,0.0,-0.2,-1.1,-0.1,-169.70000000000002,0.0,0.0,169.8,0.0,21.700000000000003,29.5,29.5,30.0,300.0,300.0,31.4,35.4,29.3,28.5,30.4,4.95,1.99,4.97,0.17,0.0,0.0,1027.0,8228.0,0.0,0.0,0.0,0.0,0.0,1.0,0.0,0.0,0.0,0.0,0.0,-1.4,0.0,0.0,0.0,0.0,16.0,25903.0
2026-07-30T19:00:44.451Z,213.934,213.948,0.0,7.4,0.0,0.0,0.0,0.0,0.0,0.0,0.0,0.0,1.0,0.0,0.0,0.0,9.0,4.0,0.0,0.0,0.0,0.0,0.0,0.0,0.0,0.0,5.0,12.0,1.0,12.17,5.01,2.51,1.49,0.0,0.1,0.0,0.4,0.0,0.9,-1.0,-0.1,-169.70000000000002,0.0,0.0,169.8,0.0,21.700000000000003,29.5,29.5,30.0,300.0,300.0,31.4,35.4,29.3,28.5,30.4,4.96,1.99,4.97,0.17,0.0,0.0,1027.0,8228.0,0.0,0.0,0.0,0.0,0.0,1.0,0.0,0.0,0.0,0.0,0.0,-1.3,0.0,0.0,0.0,0.0,16.0,25903.0
2026-07-30T19:00:44.463Z,213.946,213.96,0.0,7.4,0.0,0.0,0.0,0.0,0.0,0.0,0.0,0.0,1.0,0.0,0.0,0.0,9.0,4.0,0.0,0.0,0.0,0.0,0.0,0.0,0.0,0.0,1.0,12.0,1.0,12.17,5.01,2.51,1.49,0.0,0.0,0.0,0.4,0.0,-0.8,-0.5,0.4,-169.70000000000002,0.0,0.0,169.8,0.0,21.700000000000003,29.5,29.5,30.0,300.0,300.0,31.4,35.4,29.3,28.5,30.4,4.96,2.0,4.96,0.16,0.0,0.0,1027.0,8228.0,0.0,0.0,0.0,0.0,0.0,1.0,0.0,0.0,0.0,0.0,0.0,-0.2,0.0,-0.5,0.0,0.0,16.0,25903.0
2026-07-30T19:00:44.475Z,213.958,213.972,0.0,7.4,0.0,0.0,0.0,0.0,0.0,0.0,0.0,0.0,1.0,0.0,0.0,0.0,9.0,4.0,0.0,0.0,0.0,0.0,0.0,0.0,0.0,0.0,2.0,12.0,1.0,12.17,5.01,2.51,1.49,0.0,0.0,0.0,0.4,0.0,-0.2,0.1,-1.2000000000000002,-169.70000000000002,0.0,0.0,169.8,0.0,21.700000000000003,29.5,29.5,30.0,300.0,300.0,31.4,35.4,29.3,28.5,30.4,4.96,1.99,4.96,0.16,0.0,0.0,1027.0,8228.0,0.0,0.0,0.0,0.0,0.0,1.0,0.0,0.0,0.0,0.0,0.0,-0.8,0.0,1.1,0.0,0.0,16.0,25903.0
2026-07-30T19:00:44.487Z,213.97,213.984,0.0,7.4,0.0,0.0,0.0,0.0,0.0,0.0,0.0,0.0,1.0,0.0,0.0,0.0,9.0,4.0,0.0,0.0,0.0,0.0,0.0,0.0,0.0,0.0,3.0,12.0,1.0,12.17,5.01,2.51,1.49,-0.1,0.0,0.0,0.4,0.0,0.3,-0.4,0.5,-169.70000000000002,0.0,0.0,169.8,0.0,21.700000000000003,29.5,29.5,30.0,300.0,300.0,31.4,35.4,29.3,28.5,30.4,4.95,1.99,4.97,0.16,0.0,0.0,1027.0,8228.0,0.0,0.0,0.0,0.0,0.0,1.0,0.0,0.0,0.0,0.0,0.0,0.0,0.0,-0.5,0.0,0.0,16.0,25903.0
2026-07-30T19:00:44.499Z,213.982,213.996,0.0,7.4,0.0,0.0,0.0,0.0,0.0,0.0,0.0,0.0,1.0,0.0,0.0,0.0,9.0,4.0,0.0,0.0,0.0,0.0,0.0,0.0,0.0,0.0,5.0,12.0,1.0,12.18,5.01,2.51,1.49,0.0,0.0,0.0,0.4,0.0,-0.3,-0.4,-0.6000000000000001,-169.70000000000002,0.0,0.0,169.8,0.0,21.700000000000003,29.5,29.5,30.0,300.0,300.0,31.6,35.4,29.4,28.6,30.4,4.96,1.99,4.96,0.16,0.0,0.0,1027.0,8228.0,0.0,0.0,0.0,0.0,0.0,1.0,0.0,0.0,0.0,0.0,0.0,-1.0,0.0,0.5,0.0,0.0,16.0,25903.0
2026-07-30T19:00:44.511Z,213.994,214.008,0.0,7.4,0.0,0.0,0.0,0.0,0.0,0.0,0.0,0.0,1.0,0.0,0.0,0.0,9.0,4.0,0.0,0.0,0.0,0.0,0.0,0.0,0.0,0.0,6.0,12.0,1.0,12.18,5.01,2.51,1.49,0.0,0.0,0.0,0.4,0.0,0.2,-0.5,-1.2000000000000002,-169.70000000000002,0.0,0.0,169.70000000000002,0.0,21.700000000000003,29.5,29.5,30.0,300.0,300.0,31.6,35.4,29.4,28.6,30.4,4.96,1.99,4.97,0.16,0.0,0.0,1027.0,8228.0,0.0,0.0,0.0,0.0,0.0,1.0,0.0,0.0,0.0,0.0,0.0,-1.6,0.0,1.0,0.0,0.0,16.0,25903.0
2026-07-30T19:00:44.523Z,214.006,214.02,0.0,7.4,0.0,0.0,0.0,0.0,0.0,0.0,0.0,0.0,1.0,0.0,0.0,0.0,9.0,4.0,0.0,0.0,0.0,0.0,0.0,0.0,0.0,0.0,1.0,12.0,1.0,12.18,5.01,2.51,1.49,0.0,0.0,0.0,0.4,0.0,-0.3,1.2000000000000002,0.5,-169.70000000000002,0.0,0.0,169.8,0.0,21.700000000000003,29.5,29.5,30.0,300.0,300.0,31.6,35.4,29.4,28.6,30.4,4.95,1.99,4.97,0.16,0.0,0.0,1027.0,8228.0,0.0,0.0,0.0,0.0,0.0,1.0,0.0,0.0,0.0,0.0,0.0,1.7000000000000002,0.0,-0.2,0.0,0.0,16.0,25903.0
2026-07-30T19:00:44.535Z,214.018,214.032,0.0,7.4,0.0,0.0,0.0,0.0,0.0,0.0,0.0,0.0,1.0,0.0,0.0,0.0,9.0,4.0,0.0,0.0,0.0,0.0,0.0,0.0,0.0,0.0,2.0,12.0,1.0,12.18,5.01,2.51,1.49,0.0,0.0,0.0,0.4,0.0,-0.3,0.6000000000000001,-0.6000000000000001,-169.70000000000002,0.0,0.0,169.8,0.0,21.700000000000003,29.5,29.5,30.0,300.0,300.0,31.6,35.4,29.4,28.6,30.4,4.96,1.99,4.96,0.16,0.0,0.0,1027.0,8228.0,0.0,0.0,0.0,0.0,0.0,1.0,0.0,0.0,0.0,0.0,0.0,0.2,0.0,0.7000000000000001,0.0,0.0,16.0,25903.0
2026-07-30T19:00:44.547Z,214.03,214.044,0.0,7.4,0.0,0.0,0.0,0.0,0.0,0.0,0.0,0.0,1.0,0.0,0.0,0.0,9.0,4.0,0.0,0.0,0.0,0.0,0.0,0.0,0.0,0.0,3.0,12.0,1.0,12.18,5.01,2.51,1.49,0.0,0.0,0.0,0.4,0.0,0.2,-0.5,1.6,-169.70000000000002,0.0,0.0,169.8,0.0,21.700000000000003,29.5,29.5,30.0,300.0,300.0,31.6,35.4,29.4,28.6,30.4,4.96,1.99,4.96,0.16,0.0,0.0,1027.0,8228.0,0.0,0.0,0.0,0.0,0.0,1.0,0.0,0.0,0.0,0.0,0.0,0.5,0.0,-1.5,0.0,0.0001,16.0,25903.0
2026-07-30T19:00:44.559Z,214.042,214.056,0.0,7.4,0.0,0.0,0.0,0.0,0.0,0.0,0.0,0.0,1.0,0.0,0.0,0.0,9.0,4.0,0.0,0.0,0.0,0.0,0.0,0.0,0.0,0.0,3.0,12.0,1.0,12.18,5.01,2.51,1.49,0.0,0.0,0.0,0.4,0.0,0.2,0.5,-0.1,-169.70000000000002,0.0,0.0,169.70000000000002,0.0,21.700000000000003,29.5,29.5,30.0,300.0,300.0,31.6,35.4,29.4,28.6,30.4,4.96,1.99,4.97,0.16,0.0,0.0,1027.0,8228.0,0.0,0.0,0.0,0.0,0.0,1.0,0.0,0.0,0.0,0.0,0.0,0.5,0.0,0.2,0.0,0.0001,16.0,25903.0
2026-07-30T19:00:44.571Z,214.054,214.068,0.0,7.4,0.0,0.0,0.0,0.0,0.0,0.0,0.0,0.0,1.0,0.0,0.0,0.0,9.0,4.0,0.0,0.0,0.0,0.0,0.0,0.0,0.0,0.0,4.0,12.0,1.0,12.18,5.01,2.51,1.49,0.0,0.0,0.0,0.4,0.0,0.2,0.6000000000000001,0.4,-169.70000000000002,0.0,0.0,169.70000000000002,0.0,21.700000000000003,29.5,29.5,30.0,300.0,300.0,31.6,35.4,29.4,28.6,30.4,4.95,1.99,4.97,0.16,0.0,0.0,1027.0,8228.0,0.0,0.0,0.0,0.0,0.0,1.0,0.0,0.0,0.0,0.0,0.0,1.0,0.0,-0.3,0.0,0.0001,16.0,25903.0
2026-07-30T19:00:44.583Z,214.066,214.08,0.0,7.4,0.0,0.0,0.0,0.0,0.0,0.0,0.0,0.0,1.0,0.0,0.0,0.0,9.0,4.0,0.0,0.0,0.0,0.0,0.0,0.0,0.0,0.0,4.0,12.0,1.0,12.18,5.01,2.51,1.49,0.0,0.1,0.0,0.4,0.0,-0.9,0.0,1.6,-169.70000000000002,0.0,0.0,169.70000000000002,0.0,21.700000000000003,29.5,29.5,30.0,300.0,300.0,31.6,35.4,29.4,28.6,30.4,4.96,1.99,4.96,0.16,0.0,0.0,1027.0,8228.0,0.0,0.0,0.0,0.0,0.0,1.0,0.0,0.0,0.0,0.0,0.0,1.3,0.0,-1.4,0.0,0.0,16.0,25903.0
2026-07-30T19:00:44.596Z,214.079,214.092,0.0,7.4,0.0,0.0,0.0,0.0,0.0,0.0,0.0,0.0,1.0,0.0,0.0,0.0,9.0,4.0,0.0,0.0,0.0,0.0,0.0,0.0,0.0,0.0,5.0,12.0,1.0,12.14,5.01,2.51,1.5,0.0,0.0,0.0,0.4,0.0,-0.3,-0.5,1.1,-169.70000000000002,0.0,0.0,169.70000000000002,0.0,21.8,29.5,29.5,30.0,300.0,300.0,31.6,35.4,29.4,28.6,30.4,4.95,2.0,4.97,0.16,0.0,0.0,1027.0,8228.0,0.0,0.0,0.0,0.0,0.0,1.0,0.0,0.0,0.0,0.0,0.0,0.1,0.0,-1.0,0.0,0.0,16.0,25903.0
2026-07-30T19:00:44.607Z,214.09,214.104,0.0,7.4,0.0,0.0,0.0,0.0,0.0,0.0,0.0,0.0,1.0,0.0,0.0,0.0,9.0,4.0,0.0,0.0,0.0,0.0,0.0,0.0,0.0,0.0,1.0,12.0,1.0,12.14,5.01,2.51,1.5,0.0,0.1,0.0,0.5,0.0,0.8,0.5,1.7000000000000002,-169.70000000000002,0.0,0.0,169.8,0.0,21.8,29.5,29.5,30.0,300.0,300.0,31.6,35.4,29.4,28.6,30.4,4.95,1.99,4.97,0.16,0.0,0.0,1027.0,8228.0,0.0,0.0,0.0,0.0,0.0,1.0,0.0,0.0,0.0,0.0,0.0,1.9,0.0,-1.4,0.0,0.0002,16.0,25903.0
2026-07-30T19:00:44.619Z,214.102,214.116,0.0,7.4,0.0,0.0,0.0,0.0,0.0,0.0,0.0,0.0,1.0,0.0,0.0,0.0,9.0,4.0,0.0,0.0,0.0,0.0,0.0,0.0,0.0,0.0,2.0,12.0,1.0,12.14,5.01,2.51,1.5,0.0,0.0,0.0,0.4,0.0,-0.2,0.6000000000000001,1.1,-169.70000000000002,0.0,0.0,169.8,0.0,21.8,29.5,29.5,30.0,300.0,300.0,31.6,35.4,29.4,28.6,30.4,4.96,1.99,4.97,0.16,0.0,0.0,1027.0,8228.0,0.0,0.0,0.0,0.0,0.0,1.0,0.0,0.0,0.0,0.0,0.0,1.5,0.0,-0.9,0.0,0.0001,16.0,25903.0
2026-07-30T19:00:44.631Z,214.114,214.128,0.0,7.4,0.0,0.0,0.0,0.0,0.0,0.0,0.0,0.0,1.0,0.0,0.0,0.0,9.0,4.0,0.0,0.0,0.0,0.0,0.0,0.0,0.0,0.0,3.0,12.0,1.0,12.14,5.01,2.51,1.5,0.0,0.0,0.0,0.4,0.0,0.8,-0.5,-1.7000000000000002,-169.70000000000002,0.0,0.0,169.8,0.0,21.8,29.5,29.5,30.0,300.0,300.0,31.6,35.4,29.4,28.6,30.4,4.95,1.99,4.97,0.16,0.0,0.0,1027.0,8228.0,0.0,0.0,0.0,0.0,0.0,1.0,0.0,0.0,0.0,0.0,0.0,-1.8,0.0,1.4,0.0,0.0001,16.0,25903.0
2026-07-30T19:00:44.643Z,214.126,214.14,0.0,7.4,0.0,0.0,0.0,0.0,0.0,0.0,0.0,0.0,1.0,0.0,0.0,0.0,9.0,4.0,0.0,0.0,0.0,0.0,0.0,0.0,0.0,0.0,5.0,12.0,1.0,12.14,5.01,2.51,1.5,0.0,0.0,0.0,0.4,0.0,-0.2,-0.5,0.0,-169.70000000000002,0.0,0.0,169.8,0.0,21.8,29.5,29.5,30.0,300.0,300.0,31.6,35.4,29.4,28.6,30.4,4.95,1.99,4.97,0.16,0.0,0.0,1027.0,8228.0,0.0,0.0,0.0,0.0,0.0,1.0,0.0,0.0,0.0,0.0,0.0,-0.6000000000000001,0.0,-0.1,0.0,0.0001,16.0,25903.0
2026-07-30T19:00:44.655Z,214.138,214.152,0.0,7.4,0.0,0.0,0.0,0.0,0.0,0.0,0.0,0.0,1.0,0.0,0.0,0.0,9.0,4.0,0.0,0.0,0.0,0.0,0.0,0.0,0.0,0.0,6.0,12.0,1.0,12.14,5.01,2.51,1.5,0.0,0.0,0.0,0.4,0.0,-0.8,-0.5,-1.1,-169.70000000000002,0.0,0.0,169.8,0.0,21.8,29.5,29.5,30.0,300.0,300.0,31.6,35.4,29.4,28.6,30.4,4.95,2.0,4.96,0.16,0.0,0.0,1027.0,8228.0,0.0,0.0,0.0,0.0,0.0,1.0,0.0,0.0,0.0,0.0,0.0,-1.5,0.0,0.9,0.0,0.0001,16.0,25903.0
2026-07-30T19:00:44.667Z,214.15,214.164,0.0,7.4,0.0,0.0,0.0,0.0,0.0,0.0,0.0,0.0,1.0,0.0,0.0,0.0,9.0,4.0,0.0,0.0,0.0,0.0,0.0,0.0,0.0,0.0,1.0,12.0,1.0,12.14,5.01,2.51,1.5,0.0,0.0,0.0,0.4,0.0,-0.8,0.0,0.6000000000000001,-169.70000000000002,0.0,0.0,169.8,0.0,21.8,29.5,29.5,30.0,300.0,300.0,31.6,35.4,29.4,28.6,30.4,4.96,2.0,4.96,0.16,0.0,0.0,1027.0,8228.0,0.0,0.0,0.0,0.0,0.0,1.0,0.0,0.0,0.0,0.0,0.0,0.4,0.0,-0.5,0.0,0.0001,16.0,25903.0
2026-07-30T19:00:44.679Z,214.162,214.176,0.0,7.4,0.0,0.0,0.0,0.0,0.0,0.0,0.0,0.0,1.0,0.0,0.0,0.0,9.0,4.0,0.0,0.0,0.0,0.0,0.0,0.0,0.0,0.0,2.0,12.0,1.0,12.14,5.01,2.51,1.5,0.0,0.0,0.0,0.4,0.0,-0.2,0.0,1.1,-169.70000000000002,0.0,0.0,169.70000000000002,0.0,21.8,29.5,29.5,30.0,300.0,300.0,31.6,35.4,29.4,28.6,30.4,4.95,2.0,4.97,0.16,0.0,0.0,1027.0,8228.0,0.0,0.0,0.0,0.0,0.0,1.0,0.0,0.0,0.0,0.0,0.0,0.9,0.0,-1.0,0.0,0.0,16.0,25903.0
2026-07-30T19:00:44.691Z,214.174,214.188,0.0,7.4,0.0,0.0,0.0,0.0,0.0,0.0,0.0,0.0,1.0,0.0,0.0,0.0,9.0,4.0,0.0,0.0,0.0,0.0,0.0,0.0,0.0,0.0,3.0,12.0,1.0,12.14,5.01,2.51,1.5,0.0,0.0,0.0,0.4,0.0,-0.2,-0.5,-0.5,-169.70000000000002,0.0,0.0,169.70000000000002,0.0,21.8,29.5,29.5,30.0,300.0,300.0,31.6,35.4,29.4,28.6,30.4,4.96,1.99,4.97,0.16,0.0,0.0,1027.0,8228.0,0.0,0.0,0.0,0.0,0.0,1.0,0.0,0.0,0.0,0.0,0.0,-1.0,0.0,0.3,0.0,0.0,16.0,25903.0
2026-07-30T19:00:44.703Z,214.186,214.2,0.0,7.4,0.0,0.0,0.0,0.0,0.0,0.0,0.0,0.0,1.0,0.0,0.0,0.0,9.0,4.0,0.0,0.0,0.0,0.0,0.0,0.0,0.0,0.0,5.0,12.0,1.0,12.17,5.0200000000000005,2.51,1.49,0.0,0.0,0.0,0.4,0.0,0.2,1.1,1.1,-169.70000000000002,0.0,0.0,169.8,0.0,21.700000000000003,29.5,29.5,30.0,300.0,300.0,31.6,35.4,29.4,28.6,30.4,4.96,1.99,4.96,0.16,0.0,0.0,1027.0,8228.0,0.0,0.0,0.0,0.0,0.0,1.0,0.0,0.0,0.0,0.0,0.0,2.2,0.0,-0.8,0.0,0.0,16.0,25903.0
2026-07-30T19:00:44.715Z,214.198,214.212,0.0,7.4,0.0,0.0,0.0,0.0,0.0,0.0,0.0,0.0,1.0,0.0,0.0,0.0,9.0,4.0,0.0,0.0,0.0,0.0,0.0,0.0,0.0,0.0,6.0,12.0,1.0,12.17,5.0200000000000005,2.51,1.49,0.0,0.1,0.0,0.4,0.0,-0.3,0.0,0.0,-169.70000000000002,0.0,0.0,169.8,0.0,21.700000000000003,29.5,29.5,30.0,300.0,300.0,31.6,35.4,29.4,28.6,30.4,4.96,1.99,4.96,0.16,0.0,0.0,1027.0,8228.0,0.0,0.0,0.0,0.0,0.0,1.0,0.0,0.0,0.0,0.0,0.0,0.0,0.0,0.0,0.0,0.0001,16.0,25903.0
2026-07-30T19:00:44.727Z,214.21,214.224,0.0,7.4,0.0,0.0,0.0,0.0,0.0,0.0,0.0,0.0,1.0,0.0,0.0,0.0,9.0,4.0,0.0,0.0,0.0,0.0,0.0,0.0,0.0,0.0,1.0,12.0,1.0,12.17,5.0200000000000005,2.51,1.49,0.0,0.0,0.0,0.4,0.0,0.3,0.0,0.5,-169.70000000000002,0.0,0.0,169.8,0.0,21.700000000000003,29.5,29.5,30.0,300.0,300.0,31.6,35.4,29.4,28.6,30.4,4.95,1.99,4.96,0.16,0.0,0.0,1027.0,8228.0,0.0,0.0,0.0,0.0,0.0,1.0,0.0,0.0,0.0,0.0,0.0,0.5,0.0,-0.5,0.0,0.0001,16.0,25903.0
2026-07-30T19:00:44.739Z,214.222,214.236,0.0,7.4,0.0,0.0,0.0,0.0,0.0,0.0,0.0,0.0,1.0,0.0,0.0,0.0,9.0,4.0,0.0,0.0,0.0,0.0,0.0,0.0,0.0,0.0,2.0,12.0,1.0,12.17,5.0200000000000005,2.51,1.49,0.0,0.0,0.0,0.4,0.0,-0.2,0.0,0.5,-169.70000000000002,0.0,0.0,169.8,0.0,21.700000000000003,29.5,29.5,30.0,300.0,300.0,31.6,35.4,29.4,28.6,30.4,4.96,1.99,4.97,0.16,0.0,0.0,1027.0,8228.0,0.0,0.0,0.0,0.0,0.0,1.0,0.0,0.0,0.0,0.0,0.0,0.5,0.0,-0.4,0.0,0.0,16.0,25903.0
2026-07-30T19:00:44.754Z,214.237,214.248,0.0,7.4,0.0,0.0,0.0,0.0,0.0,0.0,0.0,0.0,1.0,0.0,0.0,0.0,9.0,4.0,0.0,0.0,0.0,0.0,0.0,0.0,0.0,0.0,3.0,12.0,1.0,12.17,5.0200000000000005,2.51,1.49,0.0,0.0,0.0,0.4,0.0,0.2,0.6000000000000001,0.5,-169.70000000000002,0.0,0.0,169.8,0.0,21.700000000000003,29.5,29.5,30.0,300.0,300.0,31.6,35.4,29.4,28.6,30.4,4.96,1.99,4.97,0.16,0.0,0.0,1027.0,8228.0,0.0,0.0,0.0,0.0,0.0,1.0,0.0,0.0,0.0,0.0,0.0,1.1,0.0,-0.3,0.0,0.0,16.0,25903.0
2026-07-30T19:00:44.763Z,214.246,214.26,0.0,7.4,0.0,0.0,0.0,0.0,0.0,0.0,0.0,0.0,1.0,0.0,0.0,0.0,9.0,4.0,0.0,0.0,0.0,0.0,0.0,0.0,0.0,0.0,2.0,12.0,1.0,12.17,5.0200000000000005,2.51,1.49,0.0,0.0,0.0,0.4,0.0,0.2,0.6000000000000001,0.5,-169.70000000000002,0.0,0.0,169.8,0.0,21.700000000000003,29.5,29.5,30.0,300.0,300.0,31.6,35.4,29.4,28.6,30.4,4.95,1.99,4.97,0.16,0.0,0.0,1027.0,8228.0,0.0,0.0,0.0,0.0,0.0,1.0,0.0,0.0,0.0,0.0,0.0,1.1,0.0,-0.3,0.0,0.0,16.0,25903.0
2026-07-30T19:00:44.775Z,214.258,214.272,0.0,7.4,0.0,0.0,0.0,0.0,0.0,0.0,0.0,0.0,1.0,0.0,0.0,0.0,9.0,4.0,0.0,0.0,0.0,0.0,0.0,0.0,0.0,0.0,3.0,12.0,1.0,12.17,5.0200000000000005,2.51,1.49,0.0,0.1,0.0,0.4,0.0,0.2,-0.5,0.0,-169.70000000000002,0.0,0.0,169.70000000000002,0.0,21.700000000000003,29.5,29.5,30.0,300.0,300.0,31.6,35.4,29.4,28.6,30.4,4.96,1.99,4.97,0.16,0.0,0.0,1027.0,8228.0,0.0,0.0,0.0,0.0,0.0,1.0,0.0,0.0,0.0,0.0,0.0,-0.6000000000000001,0.0,0.0,0.0,0.0,16.0,25903.0
2026-07-30T19:00:44.787Z,214.27,214.284,0.0,7.4,0.0,0.0,0.0,0.0,0.0,0.0,0.0,0.0,1.0,0.0,0.0,0.0,9.0,4.0,0.0,0.0,0.0,0.0,0.0,0.0,0.0,0.0,4.0,12.0,1.0,12.17,5.0200000000000005,2.51,1.49,0.0,0.1,0.0,0.4,0.0,-0.3,-1.0,0.0,-169.70000000000002,0.0,0.0,169.8,0.0,21.700000000000003,29.5,29.5,30.0,300.0,300.0,31.6,35.4,29.4,28.6,30.4,4.95,1.99,4.96,0.16,0.0,0.0,1027.0,8228.0,0.0,0.0,0.0,0.0,0.0,1.0,0.0,0.0,0.0,0.0,0.0,-1.2000000000000002,0.0,-0.1,0.0,0.0001,16.0,25903.0
2026-07-30T19:00:44.800Z,214.283,214.296,0.0,7.4,0.0,0.0,0.0,0.0,0.0,0.0,0.0,0.0,1.0,0.0,0.0,0.0,9.0,4.0,0.0,0.0,0.0,0.0,0.0,0.0,0.0,0.0,5.0,12.0,1.0,12.17,5.01,2.5,1.49,0.0,0.1,0.0,0.4,0.0,0.8,0.0,0.5,-169.70000000000002,0.0,0.0,169.70000000000002,0.0,21.3,29.5,29.5,30.0,300.0,300.0,31.5,35.4,29.4,28.6,30.4,4.95,1.99,4.97,0.16,0.0,0.0,1027.0,8228.0,0.0,0.0,0.0,0.0,0.0,1.0,0.0,0.0,0.0,0.0,0.0,0.4,0.0,-0.4,0.0,0.0001,16.0,25903.0
2026-07-30T19:00:44.811Z,214.294,214.308,0.0,7.4,0.0,0.0,0.0,0.0,0.0,0.0,0.0,0.0,1.0,0.0,0.0,0.0,9.0,4.0,0.0,0.0,0.0,0.0,0.0,0.0,0.0,0.0,6.0,12.0,1.0,12.17,5.01,2.5,1.49,0.0,0.0,0.0,0.4,0.0,0.8,0.1,0.5,-169.70000000000002,0.0,0.0,169.8,0.0,21.3,29.5,29.5,30.0,300.0,300.0,31.5,35.4,29.4,28.6,30.4,4.95,1.99,4.97,0.16,0.0,0.0,1027.0,8228.0,0.0,0.0,0.0,0.0,0.0,1.0,0.0,0.0,0.0,0.0,0.0,0.5,0.0,-0.4,0.0,0.0001,16.0,25903.0
2026-07-30T19:00:44.823Z,214.306,214.32,0.0,7.4,0.0,0.0,0.0,0.0,0.0,0.0,0.0,0.0,1.0,0.0,0.0,0.0,9.0,4.0,0.0,0.0,0.0,0.0,0.0,0.0,0.0,0.0,1.0,12.0,1.0,12.17,5.01,2.5,1.49,0.0,0.0,0.0,0.4,0.0,-0.3,1.2000000000000002,1.1,-169.70000000000002,0.0,0.0,169.8,0.0,21.3,29.5,29.5,30.0,300.0,300.0,31.5,35.4,29.4,28.6,30.4,4.96,1.99,4.96,0.16,0.0,0.0,1027.0,8228.0,0.0,0.0,0.0,0.0,0.0,1.0,0.0,0.0,0.0,0.0,0.0,2.2,0.0,-0.7000000000000001,0.0,0.0002,16.0,25903.0
2026-07-30T19:00:44.835Z,214.318,214.332,0.0,7.4,0.0,0.0,0.0,0.0,0.0,0.0,0.0,0.0,1.0,0.0,0.0,0.0,9.0,4.0,0.0,0.0,0.0,0.0,0.0,0.0,0.0,0.0,3.0,12.0,1.0,12.17,5.01,2.5,1.49,0.0,0.0,0.0,0.4,0.0,0.2,-0.5,0.5,-169.70000000000002,0.0,0.0,169.8,0.0,21.3,29.5,29.5,30.0,300.0,300.0,31.5,35.4,29.4,28.6,30.4,4.95,1.99,4.97,0.16,0.0,0.0,1027.0,8228.0,0.0,0.0,0.0,0.0,0.0,1.0,0.0,0.0,0.0,0.0,0.0,0.6000000000000001,0.0,0.1,0.0,0.0001,16.0,25903.0
2026-07-30T19:00:44.847Z,214.33,214.344,0.0,7.4,0.0,0.0,0.0,0.0,0.0,0.0,0.0,0.0,1.0,0.0,0.0,0.0,9.0,4.0,0.0,0.0,0.0,0.0,0.0,0.0,0.0,0.0,4.0,12.0,1.0,12.17,5.01,2.5,1.49,0.0,0.0,0.0,0.4,0.0,-0.3,1.2000000000000002,-0.6000000000000001,-169.70000000000002,0.0,0.0,169.70000000000002,0.0,21.3,29.5,29.5,30.0,300.0,300.0,31.5,35.4,29.4,28.6,30.4,4.95,1.99,4.96,0.16,0.0,0.0,1027.0,8228.0,0.0,0.0,0.0,0.0,0.0,1.0,0.0,0.0,0.0,0.0,0.0,-0.2,0.0,1.2000000000000002,0.0,0.0,16.0,25903.0
2026-07-30T19:00:44.859Z,214.342,214.356,0.0,7.4,0.0,0.0,0.0,0.0,0.0,0.0,0.0,0.0,1.0,0.0,0.0,0.0,9.0,4.0,0.0,0.0,0.0,0.0,0.0,0.0,0.0,0.0,4.0,12.0,1.0,12.17,5.01,2.5,1.49,0.0,0.0,0.0,0.4,0.0,0.2,0.6000000000000001,1.6,-169.70000000000002,0.0,0.0,169.70000000000002,0.0,21.3,29.5,29.5,30.0,300.0,300.0,31.5,35.4,29.4,28.6,30.4,4.96,2.0,4.96,0.16,0.0,0.0,1027.0,8228.0,0.0,0.0,0.0,0.0,0.0,1.0,0.0,0.0,0.0,0.0,0.0,-0.8,0.0,1.1,0.0,0.0001,16.0,25903.0
2026-07-30T19:00:44.871Z,214.354,214.368,0.0,7.4,0.0,0.0,0.0,0.0,0.0,0.0,0.0,0.0,1.0,0.0,0.0,0.0,9.0,4.0,0.0,0.0,0.0,0.0,0.0,0.0,0.0,0.0,6.0,12.0,1.0,12.17,5.01,2.5,1.49,0.0,0.0,0.0,0.4,0.0,-0.9,-0.5,-0.6000000000000001,-169.70000000000002,0.0,0.0,169.8,0.0,21.3,29.5,29.5,30.0,300.0,300.0,31.5,35.4,29.4,28.6,30.4,4.95,2.0,4.96,0.16,0.0,0.0,1027.0,8228.0,0.0,0.0,0.0,0.0,0.0,1.0,0.0,0.0,0.0,0.0,0.0,-0.6000000000000001,0.0,0.0,0.0,0.0001,16.0,25903.0
2026-07-30T19:00:44.883Z,214.366,214.38,0.0,7.4,0.0,0.0,0.0,0.0,0.0,0.0,0.0,0.0,1.0,0.0,0.0,0.0,9.0,4.0,0.0,0.0,0.0,0.0,0.0,0.0,0.0,0.0,1.0,12.0,1.0,12.17,5.01,2.5,1.49,0.0,0.0,0.0,0.4,0.0,-0.3,-0.5,-0.6000000000000001,-169.70000000000002,0.0,0.0,169.8,0.0,21.3,29.5,29.5,30.0,300.0,300.0,31.5,35.4,29.4,28.6,30.4,4.96,1.99,4.97,0.16,0.0,0.0,1027.0,8228.0,0.0,0.0,0.0,0.0,0.0,1.0,0.0,0.0,0.0,0.0,0.0,-1.1,0.0,0.4,0.0,0.0001,16.0,25903.0
2026-07-30T19:00:44.895Z,214.378,214.392,0.0,7.4,0.0,0.0,0.0,0.0,0.0,0.0,0.0,0.0,1.0,0.0,0.0,0.0,9.0,4.0,0.0,0.0,0.0,0.0,0.0,0.0,0.0,0.0,2.0,12.0,1.0,12.17,5.01,2.5,1.49,0.0,0.0,0.0,0.4,0.0,0.2,0.5,0.4,-169.70000000000002,0.0,0.0,169.8,0.0,21.3,29.5,29.5,30.0,300.0,300.0,31.5,35.4,29.4,28.6,30.4,4.96,2.0,4.96,0.16,0.0,0.0,1027.0,8228.0,0.0,0.0,0.0,0.0,0.0,1.0,0.0,0.0,0.0,0.0,0.0,1.0,0.0,-0.2,0.0,0.0,16.0,25903.0
2026-07-30T19:00:44.908Z,214.391,214.404,0.0,7.4,0.0,0.0,0.0,0.0,0.0,0.0,0.0,0.0,1.0,0.0,0.0,0.0,9.0,4.0,0.0,0.0,0.0,0.0,0.0,0.0,0.0,0.0,3.0,12.0,1.0,12.18,5.01,2.5,1.49,0.0,0.0,0.0,0.4,0.0,-0.9,0.0,-0.1,-169.70000000000002,0.0,0.0,169.8,0.0,22.1,29.5,29.5,30.0,300.0,300.0,31.4,35.4,29.4,28.6,30.5,4.96,1.99,4.96,0.16,0.0,0.0,1027.0,8228.0,0.0,0.0,0.0,0.0,0.0,1.0,0.0,0.0,0.0,0.0,0.0,0.0,0.0,0.1,0.0,0.0001,16.0,25903.0
2026-07-30T19:00:44.919Z,214.402,214.416,0.0,7.4,0.0,0.0,0.0,0.0,0.0,0.0,0.0,0.0,1.0,0.0,0.0,0.0,9.0,4.0,0.0,0.0,0.0,0.0,0.0,0.0,0.0,0.0,4.0,12.0,1.0,12.18,5.01,2.5,1.49,0.0,0.0,0.0,0.4,0.0,1.3,-0.5,1.0,-169.70000000000002,0.0,0.0,169.8,0.0,22.1,29.5,29.5,30.0,300.0,300.0,31.4,35.4,29.4,28.6,30.5,4.95,1.99,4.97,0.16,0.0,0.0,1027.0,8228.0,0.0,0.0,0.0,0.0,0.0,1.0,0.0,0.0,0.0,0.0,0.0,0.1,0.0,-1.0,0.0,0.0001,16.0,25903.0
2026-07-30T19:00:44.932Z,214.415,214.428,0.0,7.4,0.0,0.0,0.0,0.0,0.0,0.0,0.0,0.0,1.0,0.0,0.0,0.0,9.0,4.0,0.0,0.0,0.0,0.0,0.0,0.0,0.0,0.0,5.0,12.0,1.0,12.18,5.01,2.5,1.49,0.0,0.0,0.0,0.4,0.0,0.2,0.5,-0.1,-169.70000000000002,0.0,0.0,169.8,0.0,22.1,29.5,29.5,30.0,300.0,300.0,31.4,35.4,29.4,28.6,30.5,4.96,1.99,4.96,0.16,0.0,0.0,1027.0,8228.0,0.0,0.0,0.0,0.0,0.0,1.0,0.0,0.0,0.0,0.0,0.0,0.5,0.0,0.2,0.0,0.0001,16.0,25903.0
2026-07-30T19:00:44.943Z,214.426,214.44,0.0,7.4,0.0,0.0,0.0,0.0,0.0,0.0,0.0,0.0,1.0,0.0,0.0,0.0,9.0,4.0,0.0,0.0,0.0,0.0,0.0,0.0,0.0,0.0,6.0,12.0,1.0,12.18,5.01,2.5,1.49,0.0,0.1,0.0,0.4,0.0,-0.3,-0.5,-0.7000000000000001,-169.70000000000002,0.0,0.0,169.8,0.0,22.1,29.5,29.5,30.0,300.0,300.0,31.4,35.4,29.4,28.6,30.5,4.96,2.0,4.96,0.16,0.0,0.0,1027.0,8228.0,0.0,0.0,0.0,0.0,0.0,1.0,0.0,0.0,0.0,0.0,0.0,-1.2000000000000002,0.0,0.5,0.0,0.0,16.0,25903.0
2026-07-30T19:00:44.955Z,214.438,214.452,0.0,7.4,0.0,0.0,0.0,0.0,0.0,0.0,0.0,0.0,1.0,0.0,0.0,0.0,9.0,4.0,0.0,0.0,0.0,0.0,0.0,0.0,0.0,0.0,1.0,12.0,1.0,12.18,5.01,2.5,1.49,0.0,0.1,0.0,0.4,0.0,-0.9,0.0,-0.2,-169.70000000000002,0.0,0.0,169.8,0.0,22.1,29.5,29.5,30.0,300.0,300.0,31.4,35.4,29.4,28.6,30.5,4.95,1.99,4.96,0.16,0.0,0.0,1027.0,8228.0,0.0,0.0,0.0,0.0,0.0,1.0,0.0,0.0,0.0,0.0,0.0,-0.1,0.0,0.1,0.0,0.0001,16.0,25903.0
2026-07-30T19:00:44.967Z,214.45,214.464,0.0,7.4,0.0,0.0,0.0,0.0,0.0,0.0,0.0,0.0,1.0,0.0,0.0,0.0,9.0,4.0,0.0,0.0,0.0,0.0,0.0,0.0,0.0,0.0,2.0,12.0,1.0,12.18,5.01,2.5,1.49,0.0,0.0,0.0,0.4,0.0,0.2,-0.5,-0.1,-169.70000000000002,0.0,0.0,169.8,0.0,22.1,29.5,29.5,30.0,300.0,300.0,31.4,35.4,29.4,28.6,30.5,4.95,1.99,4.97,0.16,0.0,0.0,1027.0,8228.0,0.0,0.0,0.0,0.0,0.0,1.0,0.0,0.0,0.0,0.0,0.0,-0.7000000000000001,0.0,0.0,0.0,0.0,16.0,25903.0
2026-07-30T19:00:44.979Z,214.462,214.476,0.0,7.4,0.0,0.0,0.0,0.0,0.0,0.0,0.0,0.0,1.0,0.0,0.0,0.0,9.0,4.0,0.0,0.0,0.0,0.0,0.0,0.0,0.0,0.0,3.0,12.0,1.0,12.18,5.01,2.5,1.49,0.0,0.0,0.0,0.4,0.0,0.8,-0.5,0.9,-169.70000000000002,0.0,0.0,169.8,0.0,22.1,29.5,29.5,30.0,300.0,300.0,31.4,35.4,29.4,28.6,30.5,4.96,1.99,4.96,0.16,0.0,0.0,1027.0,8228.0,0.0,0.0,0.0,0.0,0.0,1.0,0.0,0.0,0.0,0.0,0.0,0.1,0.0,-0.9,0.0,0.0,16.0,25903.0
2026-07-30T19:00:44.991Z,214.474,214.488,0.0,7.4,0.0,0.0,0.0,0.0,0.0,0.0,0.0,0.0,1.0,0.0,0.0,0.0,9.0,4.0,0.0,0.0,0.0,0.0,0.0,0.0,0.0,0.0,4.0,12.0,1.0,12.18,5.01,2.5,1.49,0.0,0.0,0.0,0.4,0.0,0.2,0.0,-0.1,-169.70000000000002,0.0,0.0,169.8,0.0,22.1,29.5,29.5,30.0,300.0,300.0,31.4,35.4,29.4,28.6,30.5,4.96,1.99,4.97,0.16,0.0,0.0,1027.0,8228.0,0.0,0.0,0.0,0.0,0.0,1.0,0.0,0.0,0.0,0.0,0.0,-0.1,0.0,0.1,0.0,0.0,16.0,25903.0
2026-07-30T19:00:45.004Z,214.487,214.5,0.0,7.4,0.0,0.0,0.0,0.0,0.0,0.0,0.0,0.0,1.0,0.0,0.0,0.0,9.0,4.0,0.0,0.0,0.0,0.0,0.0,0.0,0.0,0.0,5.0,12.0,1.0,12.18,5.0200000000000005,2.5,1.5,0.0,0.0,0.0,0.4,0.0,-0.9,-0.5,-0.1,-169.70000000000002,0.0,0.0,169.8,0.0,21.0,29.5,29.5,30.0,300.0,300.0,31.5,35.5,29.3,28.6,30.5,4.95,1.99,4.97,0.16,0.0,0.0,1027.0,8228.0,0.0,0.0,0.0,0.0,0.0,1.0,0.0,0.0,0.0,0.0,0.0,-0.7000000000000001,0.0,0.0,0.0,0.0,16.0,25903.0
2026-07-30T19:00:45.014Z,214.497,214.512,0.0,7.4,0.0,0.0,0.0,0.0,0.0,0.0,0.0,0.0,1.0,0.0,0.0,0.0,9.0,4.0,0.0,0.0,0.0,0.0,0.0,0.0,0.0,0.0,6.0,12.0,1.0,12.18,5.0200000000000005,2.5,1.5,0.0,0.0,0.0,0.4,0.0,-0.3,-1.1,-0.7000000000000001,-169.70000000000002,0.0,0.0,169.8,0.0,21.0,29.5,29.5,30.0,300.0,300.0,31.5,35.5,29.3,28.6,30.5,4.95,1.99,4.96,0.16,0.0,0.0,1027.0,8228.0,0.0,0.0,0.0,0.0,0.0,1.0,0.0,0.0,0.0,0.0,0.0,-1.8,0.0,0.4,0.0,0.0,16.0,25903.0
2026-07-30T19:00:45.027Z,214.51,214.524,0.0,7.4,0.0,0.0,0.0,0.0,0.0,0.0,0.0,0.0,1.0,0.0,0.0,0.0,9.0,4.0,0.0,0.0,0.0,0.0,0.0,0.0,0.0,0.0,1.0,12.0,1.0,12.18,5.0200000000000005,2.5,1.5,0.0,0.0,0.0,0.4,0.0,0.2,0.6000000000000001,-0.7000000000000001,-169.70000000000002,0.0,0.0,169.8,0.0,21.0,29.5,29.5,30.0,300.0,300.0,31.5,35.5,29.3,28.6,30.5,4.95,1.99,4.96,0.16,0.0,0.0,1027.0,8228.0,0.0,0.0,0.0,0.0,0.0,1.0,0.0,0.0,0.0,0.0,0.0,0.1,0.0,0.8,0.0,0.0001,16.0,25903.0
2026-07-30T19:00:45.039Z,214.522,214.536,0.0,7.4,0.0,0.0,0.0,0.0,0.0,0.0,0.0,0.0,1.0,0.0,0.0,0.0,9.0,4.0,0.0,0.0,0.0,0.0,0.0,0.0,0.0,0.0,3.0,12.0,1.0,12.18,5.0200000000000005,2.5,1.5,0.0,0.0,0.0,0.4,0.0,0.8,0.6000000000000001,-0.7000000000000001,-169.70000000000002,0.0,0.0,169.70000000000002,0.0,21.0,29.5,29.5,30.0,300.0,300.0,31.5,35.5,29.3,28.6,30.5,4.95,1.99,4.97,0.16,0.0,0.0,1027.0,8228.0,0.0,0.0,0.0,0.0,0.0,1.0,0.0,0.0,0.0,0.0,0.0,0.1,0.0,0.8,0.0,0.0,16.0,25903.0
2026-07-30T19:00:45.051Z,214.534,214.548,0.0,7.4,0.0,0.0,0.0,0.0,0.0,0.0,0.0,0.0,1.0,0.0,0.0,0.0,9.0,4.0,0.0,0.0,0.0,0.0,0.0,0.0,0.0,0.0,4.0,12.0,1.0,12.18,5.0200000000000005,2.5,1.5,0.0,0.0,0.0,0.4,0.0,-0.9,0.0,-0.2,-169.70000000000002,0.0,0.0,169.70000000000002,0.0,21.0,29.5,29.5,30.0,300.0,300.0,31.5,35.5,29.3,28.6,30.5,4.95,1.99,4.97,0.16,0.0,0.0,1027.0,8228.0,0.0,0.0,0.0,0.0,0.0,1.0,0.0,0.0,0.0,0.0,0.0,0.0,0.0,0.2,0.0,0.0001,16.0,25903.0
2026-07-30T19:00:45.063Z,214.546,214.56,0.0,7.4,0.0,0.0,0.0,0.0,0.0,0.0,0.0,0.0,1.0,0.0,0.0,0.0,9.0,4.0,0.0,0.0,0.0,0.0,0.0,0.0,0.0,0.0,5.0,12.0,1.0,12.18,5.0200000000000005,2.5,1.5,0.0,0.1,0.0,0.4,0.0,-0.3,0.6000000000000001,-0.2,-169.70000000000002,0.0,0.0,169.70000000000002,0.0,21.0,29.5,29.5,30.0,300.0,300.0,31.5,35.5,29.3,28.6,30.5,4.96,1.99,4.96,0.16,0.0,0.0,1027.0,8228.0,0.0,0.0,0.0,0.0,0.0,1.0,0.0,0.0,0.0,0.0,0.0,0.6000000000000001,0.0,0.3,0.0,0.0,16.0,25903.0
2026-07-30T19:00:45.077Z,214.56,214.572,0.0,7.4,0.0,0.0,0.0,0.0,0.0,0.0,0.0,0.0,1.0,0.0,0.0,0.0,9.0,4.0,0.0,0.0,0.0,0.0,0.0,0.0,0.0,0.0,6.0,12.0,1.0,12.18,5.0200000000000005,2.5,1.5,0.0,0.1,0.0,0.4,0.0,-0.3,-0.4,-0.1,-169.70000000000002,0.0,0.0,169.8,0.0,21.0,29.5,29.5,30.0,300.0,300.0,31.5,35.5,29.3,28.6,30.5,4.95,1.99,4.96,0.16,0.0,0.0,1027.0,8228.0,0.0,0.0,0.0,0.0,0.0,1.0,0.0,0.0,0.0,0.0,0.0,-0.6000000000000001,0.0,0.0,0.0,0.0,16.0,25903.0
2026-07-30T19:00:45.087Z,214.57,214.584,0.0,7.4,0.0,0.0,0.0,0.0,0.0,0.0,0.0,0.0,1.0,0.0,0.0,0.0,9.0,4.0,0.0,0.0,0.0,0.0,0.0,0.0,0.0,0.0,4.0,12.0,1.0,12.18,5.0200000000000005,2.5,1.5,0.0,0.0,0.0,0.4,0.0,0.1,0.6000000000000001,0.4,-169.70000000000002,0.0,0.0,169.70000000000002,0.0,21.0,29.5,29.5,30.0,300.0,300.0,31.5,35.5,29.3,28.6,30.5,4.95,1.99,4.96,0.16,0.0,0.0,1027.0,8228.0,0.0,0.0,0.0,0.0,0.0,1.0,0.0,0.0,0.0,0.0,0.0,1.0,0.0,-0.2,0.0,0.0001,16.0,25903.0
2026-07-30T19:00:45.099Z,214.582,214.596,0.0,7.4,0.0,0.0,0.0,0.0,0.0,0.0,0.0,0.0,1.0,0.0,0.0,0.0,9.0,4.0,0.0,0.0,0.0,0.0,0.0,0.0,0.0,0.0,5.0,12.0,1.0,12.18,5.0200000000000005,2.5,1.5,0.0,0.0,0.0,0.4,0.0,-0.4,0.6000000000000001,-0.7000000000000001,-169.70000000000002,0.0,0.0,169.70000000000002,0.0,21.0,29.5,29.5,30.0,300.0,300.0,31.5,35.5,29.3,28.6,30.5,4.95,2.0,4.96,0.16,0.0,0.0,1027.0,8228.0,0.0,0.0,0.0,0.0,0.0,1.0,0.0,0.0,0.0,0.0,0.0,0.1,0.0,0.8,0.0,0.0,16.0,25903.0
2026-07-30T19:00:45.111Z,214.594,214.608,0.0,7.4,0.0,0.0,0.0,0.0,0.0,0.0,0.0,0.0,1.0,0.0,0.0,0.0,9.0,4.0,0.0,0.0,0.0,0.0,0.0,0.0,0.0,0.0,1.0,12.0,1.0,12.14,5.01,2.5,1.49,0.0,0.0,0.0,0.4,0.0,0.1,-0.4,-0.2,-169.70000000000002,0.0,0.0,169.60000000000002,0.0,21.8,29.5,29.5,30.0,300.0,300.0,31.5,35.5,29.4,28.6,30.5,4.95,2.0,4.97,0.16,0.0,0.0,1027.0,8228.0,0.0,0.0,0.0,0.0,0.0,1.0,0.0,0.0,0.0,0.0,0.0,-0.7000000000000001,0.0,0.0,0.0,0.0001,16.0,25903.0
2026-07-30T19:00:45.123Z,214.606,214.62,0.0,7.4,0.0,0.0,0.0,0.0,0.0,0.0,0.0,0.0,1.0,0.0,0.0,0.0,9.0,4.0,0.0,0.0,0.0,0.0,0.0,0.0,0.0,0.0,2.0,12.0,1.0,12.14,5.01,2.5,1.49,0.0,0.0,0.0,0.4,0.0,0.7000000000000001,-0.4,0.3,-169.70000000000002,0.0,0.0,169.60000000000002,0.0,21.8,29.5,29.5,30.0,300.0,300.0,31.5,35.5,29.4,28.6,30.5,4.95,1.99,4.97,0.16,0.0,0.0,1027.0,8228.0,0.0,0.0,0.0,0.0,0.0,1.0,0.0,0.0,0.0,0.0,0.0,-0.2,0.0,-0.4,0.0,0.0001,16.0,25903.0
2026-07-30T19:00:45.135Z,214.618,214.632,0.0,7.4,0.0,0.0,0.0,0.0,0.0,0.0,0.0,0.0,1.0,0.0,0.0,0.0,9.0,4.0,0.0,0.0,0.0,0.0,0.0,0.0,0.0,0.0,3.0,12.0,1.0,12.14,5.01,2.5,1.49,0.0,0.0,0.0,0.4,0.0,-0.3,0.6000000000000001,1.5,-169.70000000000002,0.0,0.0,169.60000000000002,0.0,21.8,29.5,29.5,30.0,300.0,300.0,31.5,35.5,29.4,28.6,30.5,4.95,1.99,4.96,0.16,0.0,0.0,1027.0,8228.0,0.0,0.0,0.0,0.0,0.0,1.0,0.0,0.0,0.0,0.0,0.0,1.9,0.0,-1.2000000000000002,0.0,0.0001,16.0,25903.0
2026-07-30T19:00:45.147Z,214.63,214.644,0.0,7.4,0.0,0.0,0.0,0.0,0.0,0.0,0.0,0.0,1.0,0.0,0.0,0.0,9.0,4.0,0.0,0.0,0.0,0.0,0.0,0.0,0.0,0.0,4.0,12.0,1.0,12.14,5.01,2.5,1.49,0.0,0.1,0.0,0.4,0.0,-0.9,0.1,-1.3,-169.70000000000002,0.0,0.0,169.70000000000002,0.0,21.8,29.5,29.5,30.0,300.0,300.0,31.5,35.5,29.4,28.6,30.5,4.96,1.99,4.96,0.16,0.0,0.0,1027.0,8228.0,0.0,0.0,0.0,0.0,0.0,1.0,0.0,0.0,0.0,0.0,0.0,-0.8,0.0,1.2000000000000002,0.0,0.0,16.0,25903.0
2026-07-30T19:00:45.159Z,214.642,214.656,0.0,7.4,0.0,0.0,0.0,0.0,0.0,0.0,0.0,0.0,1.0,0.0,0.0,0.0,9.0,4.0,0.0,0.0,0.0,0.0,0.0,0.0,0.0,0.0,6.0,12.0,1.0,12.14,5.01,2.5,1.49,0.0,0.1,0.0,0.4,0.0,0.8,-0.4,0.9,-169.70000000000002,0.0,0.0,169.70000000000002,0.0,21.8,29.5,29.5,30.0,300.0,300.0,31.5,35.5,29.4,28.6,30.5,4.95,1.99,4.97,0.16,0.0,0.0,1027.0,8228.0,0.0,0.0,0.0,0.0,0.0,1.0,0.0,0.0,0.0,0.0,0.0,0.2,0.0,-0.9,0.0,0.0001,16.0,25903.0
2026-07-30T19:00:45.171Z,214.654,214.668,0.0,7.4,0.0,0.0,0.0,0.0,0.0,0.0,0.0,0.0,1.0,0.0,0.0,0.0,9.0,4.0,0.0,0.0,0.0,0.0,0.0,0.0,0.0,0.0,1.0,12.0,1.0,12.14,5.01,2.5,1.49,0.0,0.0,0.0,0.4,0.0,0.2,-0.9,0.9,-169.70000000000002,0.0,0.0,169.8,0.0,21.8,29.5,29.5,30.0,300.0,300.0,31.5,35.5,29.4,28.6,30.5,4.96,1.99,4.96,0.16,0.0,0.0,1027.0,8228.0,0.0,0.0,0.0,0.0,0.0,1.0,0.0,0.0,0.0,0.0,0.0,-0.3,0.0,-1.0,0.0,0.0,16.0,25903.0
2026-07-30T19:00:45.183Z,214.666,214.68,0.0,7.4,0.0,0.0,0.0,0.0,0.0,0.0,0.0,0.0,1.0,0.0,0.0,0.0,9.0,4.0,0.0,0.0,0.0,0.0,0.0,0.0,0.0,0.0,3.0,12.0,1.0,12.14,5.01,2.5,1.49,0.0,0.1,0.0,0.5,0.0,-0.2,0.1,0.4,-169.70000000000002,0.0,0.0,169.8,0.0,21.8,29.5,29.5,30.0,300.0,300.0,31.5,35.5,29.4,28.6,30.5,4.96,2.0,4.97,0.16,0.0,0.0,1027.0,8228.0,0.0,0.0,0.0,0.0,0.0,1.0,0.0,0.0,0.0,0.0,0.0,0.5,0.0,-0.3,0.0,0.0001,16.0,25903.0
2026-07-30T19:00:45.195Z,214.678,214.692,0.0,7.4,0.0,0.0,0.0,0.0,0.0,0.0,0.0,0.0,1.0,0.0,0.0,0.0,9.0,4.0,0.0,0.0,0.0,0.0,0.0,0.0,0.0,0.0,4.0,12.0,1.0,12.14,5.01,2.5,1.49,0.0,0.0,0.0,0.5,0.0,-0.2,0.7000000000000001,-0.1,-169.70000000000002,0.0,0.0,169.8,0.0,21.8,29.5,29.5,30.0,300.0,300.0,31.5,35.5,29.4,28.6,30.5,4.95,1.99,4.97,0.16,0.0,0.0,1027.0,8228.0,0.0,0.0,0.0,0.0,0.0,1.0,0.0,0.0,0.0,0.0,0.0,0.7000000000000001,0.0,0.2,0.0,0.0002,16.0,25903.0
2026-07-30T19:00:45.208Z,214.691,214.704,0.0,7.4,0.0,0.0,0.0,0.0,0.0,0.0,0.0,0.0,1.0,0.0,0.0,0.0,9.0,4.0,0.0,0.0,0.0,0.0,0.0,0.0,0.0,0.0,6.0,12.0,1.0,12.17,5.0200000000000005,2.5,1.5,0.0,0.0,0.0,0.4,0.0,0.3,0.7000000000000001,1.0,-169.70000000000002,0.0,0.0,169.70000000000002,0.0,21.3,29.5,29.5,30.0,300.0,300.0,31.4,35.4,29.4,28.6,30.4,4.96,1.99,4.96,0.16,0.0,0.0,1027.0,8228.0,0.0,0.0,0.0,0.0,0.0,1.0,0.0,0.0,0.0,0.0,0.0,1.6,0.0,-0.7000000000000001,0.0,0.0001,16.0,25903.0
2026-07-30T19:00:45.219Z,214.702,214.716,0.0,7.4,0.0,0.0,0.0,0.0,0.0,0.0,0.0,0.0,1.0,0.0,0.0,0.0,9.0,4.0,0.0,0.0,0.0,0.0,0.0,0.0,0.0,0.0,1.0,12.0,1.0,12.17,5.0200000000000005,2.5,1.5,0.0,0.1,0.0,0.4,0.0,1.5,0.7000000000000001,0.0,-169.70000000000002,0.0,0.0,169.8,0.0,21.3,29.5,29.5,30.0,300.0,300.0,31.4,35.4,29.4,28.6,30.4,4.96,2.0,4.96,0.16,0.0,0.0,1027.0,8228.0,0.0,0.0,0.0,0.0,0.0,1.0,0.0,0.0,0.0,0.0,0.0,0.8,0.0,0.2,0.0,0.0001,16.0,25903.0
2026-07-30T19:00:45.231Z,214.714,214.728,0.0,7.4,0.0,0.0,0.0,0.0,0.0,0.0,0.0,0.0,1.0,0.0,0.0,0.0,9.0,4.0,0.0,0.0,0.0,0.0,0.0,0.0,0.0,0.0,3.0,12.0,1.0,12.17,5.0200000000000005,2.5,1.5,0.0,0.0,0.0,0.4,0.0,0.3,0.1,0.4,-169.70000000000002,0.0,0.0,169.70000000000002,0.0,21.3,29.5,29.5,30.0,300.0,300.0,31.4,35.4,29.4,28.6,30.4,4.96,1.99,4.97,0.16,0.0,0.0,1027.0,8228.0,0.0,0.0,0.0,0.0,0.0,1.0,0.0,0.0,0.0,0.0,0.0,0.5,0.0,-0.3,0.0,0.0001,16.0,25903.0
2026-07-30T19:00:45.243Z,214.726,214.74,0.0,7.4,0.0,0.0,0.0,0.0,0.0,0.0,0.0,0.0,1.0,0.0,0.0,0.0,9.0,4.0,0.0,0.0,0.0,0.0,0.0,0.0,0.0,0.0,5.0,12.0,1.0,12.17,5.0200000000000005,2.5,1.5,0.0,0.0,0.0,0.4,0.0,0.3,-0.4,-0.6000000000000001,-169.70000000000002,0.0,0.0,169.8,0.0,21.3,29.5,29.5,30.0,300.0,300.0,31.4,35.4,29.4,28.6,30.4,4.95,1.99,4.97,0.16,0.0,0.0,1027.0,8228.0,0.0,0.0,0.0,0.0,0.0,1.0,0.0,0.0,0.0,0.0,0.0,-0.9,0.0,0.5,0.0,0.0001,16.0,25903.0
2026-07-30T19:00:45.255Z,214.738,214.752,0.0,7.4,0.0,0.0,0.0,0.0,0.0,0.0,0.0,0.0,1.0,0.0,0.0,0.0,9.0,4.0,0.0,0.0,0.0,0.0,0.0,0.0,0.0,0.0,6.0,12.0,1.0,12.17,5.0200000000000005,2.5,1.5,0.0,0.0,0.0,0.4,0.0,0.3,0.1,1.0,-169.70000000000002,0.0,0.0,169.8,0.0,21.3,29.5,29.5,30.0,300.0,300.0,31.4,35.4,29.4,28.6,30.4,4.96,1.99,4.96,0.16,0.0,0.0,1027.0,8228.0,0.0,0.0,0.0,0.0,0.0,1.0,0.0,0.0,0.0,0.0,0.0,0.9,0.0,-0.8,0.0,0.0001,16.0,25903.0
2026-07-30T19:00:45.267Z,214.75,214.764,0.0,7.4,0.0,0.0,0.0,0.0,0.0,0.0,0.0,0.0,1.0,0.0,0.0,0.0,9.0,4.0,0.0,0.0,0.0,0.0,0.0,0.0,0.0,0.0,2.0,12.0,1.0,12.17,5.0200000000000005,2.5,1.5,0.0,0.0,0.0,0.4,0.0,-0.2,-1.6,-1.9,-169.70000000000002,0.0,0.0,169.70000000000002,0.0,21.3,29.5,29.5,30.0,300.0,300.0,31.4,35.4,29.4,28.6,30.4,4.96,1.99,4.97,0.16,0.0,0.0,1027.0,8228.0,0.0,0.0,0.0,0.0,0.0,1.0,0.0,0.0,0.0,0.0,0.0,-3.3000000000000003,0.0,1.3,0.0,0.0001,16.0,25903.0
2026-07-30T19:00:45.279Z,214.762,214.776,0.0,7.4,0.0,0.0,0.0,0.0,0.0,0.0,0.0,0.0,1.0,0.0,0.0,0.0,9.0,4.0,0.0,0.0,0.0,0.0,0.0,0.0,0.0,0.0,3.0,12.0,1.0,12.17,5.0200000000000005,2.5,1.5,0.0,0.0,0.0,0.4,0.0,0.3,0.0,1.0,-169.70000000000002,0.0,0.0,169.70000000000002,0.0,21.3,29.5,29.5,30.0,300.0,300.0,31.4,35.4,29.4,28.6,30.4,4.96,1.99,4.97,0.16,0.0,0.0,1027.0,8228.0,0.0,0.0,0.0,0.0,0.0,1.0,0.0,0.0,0.0,0.0,0.0,0.8,0.0,-0.9,0.0,0.0003,16.0,25903.0
2026-07-30T19:00:45.291Z,214.774,214.788,0.0,7.4,0.0,0.0,0.0,0.0,0.0,0.0,0.0,0.0,1.0,0.0,0.0,0.0,9.0,4.0,0.0,0.0,0.0,0.0,0.0,0.0,0.0,0.0,4.0,12.0,1.0,12.17,5.0200000000000005,2.5,1.5,0.0,0.0,0.0,0.4,0.0,-0.2,0.1,-0.1,-169.70000000000002,0.0,0.0,169.70000000000002,0.0,21.3,29.5,29.5,30.0,300.0,300.0,31.4,35.4,29.4,28.6,30.4,4.95,2.0,4.97,0.16,0.0,0.0,1027.0,8228.0,0.0,0.0,0.0,0.0,0.0,1.0,0.0,0.0,0.0,0.0,0.0,0.0,0.0,0.1,0.0,0.0,16.0,25903.0
2026-07-30T19:00:45.303Z,214.786,214.8,0.0,7.4,0.0,0.0,0.0,0.0,0.0,0.0,0.0,0.0,1.0,0.0,0.0,0.0,9.0,4.0,0.0,0.0,0.0,0.0,0.0,0.0,0.0,0.0,5.0,12.0,1.0,12.17,5.0200000000000005,2.5,1.5,0.0,0.0,0.0,0.4,0.0,-0.2,0.0,0.4,-169.70000000000002,0.0,0.0,169.70000000000002,0.0,21.3,29.5,29.5,30.0,300.0,300.0,31.4,35.4,29.4,28.6,30.4,4.95,2.0,4.96,0.16,0.0,0.0,1027.0,8228.0,0.0,0.0,0.0,0.0,0.0,1.0,0.0,0.0,0.0,0.0,0.0,0.4,0.0,-0.4,0.0,0.0001,16.0,25903.0
2026-07-30T19:00:45.315Z,214.798,214.812,0.0,7.4,0.0,0.0,0.0,0.0,0.0,0.0,0.0,0.0,1.0,0.0,0.0,0.0,9.0,4.0,0.0,0.0,0.0,0.0,0.0,0.0,0.0,0.0,6.0,12.0,1.0,12.14,5.01,2.51,1.5,0.0,0.0,0.0,0.4,0.0,-0.2,-0.5,-1.8,-169.70000000000002,0.0,0.0,169.8,0.0,21.4,29.5,29.5,30.0,300.0,300.0,31.3,35.4,29.4,28.6,30.4,4.95,1.99,4.97,0.16,0.0,0.0,1027.0,8228.0,0.0,0.0,0.0,0.0,0.0,1.0,0.0,0.0,0.0,0.0,0.0,-2.0,0.0,1.5,0.0,0.0,16.0,25903.0
2026-07-30T19:00:45.327Z,214.81,214.824,0.0,7.4,0.0,0.0,0.0,0.0,0.0,0.0,0.0,0.0,1.0,0.0,0.0,0.0,9.0,4.0,0.0,0.0,0.0,0.0,0.0,0.0,0.0,0.0,1.0,12.0,1.0,12.14,5.01,2.51,1.5,0.0,0.1,0.0,0.4,0.0,0.3,0.0,-1.3,-169.70000000000002,0.0,0.0,169.60000000000002,0.0,21.4,29.5,29.5,30.0,300.0,300.0,31.3,35.4,29.4,28.6,30.4,4.95,1.99,4.96,0.16,0.0,0.0,1027.0,8228.0,0.0,0.0,0.0,0.0,0.0,1.0,0.0,0.0,0.0,0.0,0.0,-0.9,0.0,1.1,0.0,0.0001,16.0,25903.0
2026-07-30T19:00:45.339Z,214.822,214.836,0.0,7.4,0.0,0.0,0.0,0.0,0.0,0.0,0.0,0.0,1.0,0.0,0.0,0.0,9.0,4.0,0.0,0.0,0.0,0.0,0.0,0.0,0.0,0.0,2.0,12.0,1.0,12.14,5.01,2.51,1.5,0.0,0.0,0.0,0.4,0.0,-0.8,1.2000000000000002,-0.1,-169.70000000000002,0.0,0.0,169.8,0.0,21.4,29.5,29.5,30.0,300.0,300.0,31.3,35.4,29.4,28.6,30.4,4.96,1.99,4.96,0.16,0.0,0.0,1027.0,8228.0,0.0,0.0,0.0,0.0,0.0,1.0,0.0,0.0,0.0,0.0,0.0,1.2000000000000002,0.0,0.3,0.0,0.0001,16.0,25903.0
2026-07-30T19:00:45.351Z,214.834,214.848,0.0,7.4,0.0,0.0,0.0,0.0,0.0,0.0,0.0,0.0,1.0,0.0,0.0,0.0,9.0,4.0,0.0,0.0,0.0,0.0,0.0,0.0,0.0,0.0,3.0,12.0,1.0,12.14,5.01,2.51,1.5,0.0,0.1,0.0,0.4,0.0,-0.2,0.0,-0.1,-169.70000000000002,0.0,0.0,169.70000000000002,0.0,21.4,29.5,29.5,30.0,300.0,300.0,31.3,35.4,29.4,28.6,30.4,4.95,1.99,4.96,0.16,0.0,0.0,1027.0,8228.0,0.0,0.0,0.0,0.0,0.0,1.0,0.0,0.0,0.0,0.0,0.0,-1.4,0.0,0.0,0.0,0.0001,16.0,25903.0
2026-07-30T19:00:45.363Z,214.846,214.86,0.0,7.4,0.0,0.0,0.0,0.0,0.0,0.0,0.0,0.0,1.0,0.0,0.0,0.0,9.0,4.0,0.0,0.0,0.0,0.0,0.0,0.0,0.0,0.0,4.0,12.0,1.0,12.14,5.01,2.51,1.5,0.0,0.0,0.0,0.4,0.0,-0.8,0.0,-0.7000000000000001,-169.70000000000002,0.0,0.0,169.70000000000002,0.0,21.4,29.5,29.5,30.0,300.0,300.0,31.3,35.4,29.4,28.6,30.4,4.95,1.99,4.97,0.16,0.0,0.0,1027.0,8228.0,0.0,0.0,0.0,0.0,0.0,1.0,0.0,0.0,0.0,0.0,0.0,-0.3,0.0,-0.4,0.0,0.0,16.0,25903.0
2026-07-30T19:00:45.375Z,214.858,214.872,0.0,7.4,0.0,0.0,0.0,0.0,0.0,0.0,0.0,0.0,1.0,0.0,0.0,0.0,9.0,4.0,0.0,0.0,0.0,0.0,0.0,0.0,0.0,0.0,5.0,12.0,1.0,12.14,5.01,2.51,1.5,0.0,0.0,0.0,0.4,0.0,-0.2,0.6000000000000001,1.0,-169.70000000000002,0.0,0.0,169.70000000000002,0.0,21.4,29.5,29.5,30.0,300.0,300.0,31.3,35.4,29.4,28.6,30.4,4.95,2.0,4.96,0.16,0.0,0.0,1027.0,8228.0,0.0,0.0,0.0,0.0,0.0,1.0,0.0,0.0,0.0,0.0,0.0,0.3,0.0,-0.3,0.0,0.0,16.0,25903.0
2026-07-30T19:00:45.392Z,214.875,214.884,0.0,7.4,0.0,0.0,0.0,0.0,0.0,0.0,0.0,0.0,1.0,0.0,0.0,0.0,9.0,4.0,0.0,0.0,0.0,0.0,0.0,0.0,0.0,0.0,1.0,12.0,1.0,12.14,5.01,2.51,1.5,0.0,0.0,0.0,0.4,0.0,-0.2,0.6000000000000001,-1.9,-169.70000000000002,0.0,0.0,169.70000000000002,0.0,21.4,29.5,29.5,30.0,300.0,300.0,31.3,35.4,29.4,28.6,30.4,4.96,1.99,4.96,0.16,0.0,0.0,1027.0,8228.0,0.0,0.0,0.0,0.0,0.0,1.0,0.0,0.0,0.0,0.0,0.0,-0.7000000000000001,0.0,0.0,0.0,0.0,16.0,25903.0
2026-07-30T19:00:45.399Z,214.882,214.896,0.0,7.4,0.0,0.0,0.0,0.0,0.0,0.0,0.0,0.0,1.0,0.0,0.0,0.0,9.0,4.0,0.0,0.0,0.0,0.0,0.0,0.0,0.0,0.0,5.0,12.0,1.0,12.14,5.01,2.51,1.5,0.0,0.0,0.0,0.5,0.0,0.3,0.6000000000000001,0.9,-169.70000000000002,0.0,0.0,169.70000000000002,0.0,21.4,29.5,29.5,30.0,300.0,300.0,31.3,35.4,29.4,28.6,30.4,4.95,1.99,4.97,0.17,0.0,0.0,1027.0,8228.0,0.0,0.0,0.0,0.0,0.0,1.0,0.0,0.0,0.0,0.0,0.0,1.5,0.0,-0.7000000000000001,0.0,0.0,16.0,25903.0
2026-07-30T19:00:45.412Z,214.895,214.908,0.0,7.4,0.0,0.0,0.0,0.0,0.0,0.0,0.0,0.0,1.0,0.0,0.0,0.0,9.0,4.0,0.0,0.0,0.0,0.0,0.0,0.0,0.0,0.0,5.0,12.0,1.0,12.17,5.01,2.5,1.49,-0.1,0.1,0.0,0.4,0.0,0.3,-0.4,-0.7000000000000001,-169.70000000000002,0.0,0.0,169.70000000000002,0.0,21.3,29.5,29.5,30.0,300.0,300.0,31.3,35.4,29.4,28.6,30.4,4.96,1.99,4.97,0.17,0.0,0.0,1027.0,8228.0,0.0,0.0,0.0,0.0,0.0,1.0,0.0,0.0,0.0,0.0,0.0,-1.1,0.0,0.5,0.0,0.0001,16.0,25903.0
2026-07-30T19:00:45.423Z,214.906,214.92,0.0,7.4,0.0,0.0,0.0,0.0,0.0,0.0,0.0,0.0,1.0,0.0,0.0,0.0,9.0,4.0,0.0,0.0,0.0,0.0,0.0,0.0,0.0,0.0,6.0,12.0,1.0,12.17,5.01,2.5,1.49,0.0,0.0,0.0,0.4,0.0,-0.2,0.6000000000000001,-0.1,-169.70000000000002,0.0,0.0,169.8,0.0,21.3,29.5,29.5,30.0,300.0,300.0,31.3,35.4,29.4,28.6,30.4,4.96,1.99,4.96,0.16,0.0,0.0,1027.0,8228.0,0.0,0.0,0.0,0.0,0.0,1.0,0.0,0.0,0.0,0.0,0.0,0.6000000000000001,0.0,0.2,0.0,0.0001,16.0,25903.0
2026-07-30T19:00:45.435Z,214.918,214.932,0.0,7.4,0.0,0.0,0.0,0.0,0.0,0.0,0.0,0.0,1.0,0.0,0.0,0.0,9.0,4.0,0.0,0.0,0.0,0.0,0.0,0.0,0.0,0.0,1.0,12.0,1.0,12.17,5.01,2.5,1.49,0.0,0.0,0.0,0.4,0.0,-0.3,0.1,-0.1,-169.70000000000002,0.0,0.0,169.70000000000002,0.0,21.3,29.5,29.5,30.0,300.0,300.0,31.3,35.4,29.4,28.6,30.4,4.96,1.99,4.96,0.16,0.0,0.0,1027.0,8228.0,0.0,0.0,0.0,0.0,0.0,1.0,0.0,0.0,0.0,0.0,0.0,0.0,0.0,0.1,0.0,0.0001,16.0,25903.0
2026-07-30T19:00:45.447Z,214.93,214.944,0.0,7.4,0.0,0.0,0.0,0.0,0.0,0.0,0.0,0.0,1.0,0.0,0.0,0.0,9.0,4.0,0.0,0.0,0.0,0.0,0.0,0.0,0.0,0.0,3.0,12.0,1.0,12.17,5.01,2.5,1.49,0.0,0.1,0.0,0.5,0.0,-0.8,-0.4,-0.7000000000000001,-169.70000000000002,0.0,0.0,169.70000000000002,0.0,21.3,29.5,29.5,30.0,300.0,300.0,31.3,35.4,29.4,28.6,30.4,4.95,1.99,4.97,0.16,0.0,0.0,1027.0,8228.0,0.0,0.0,0.0,0.0,0.0,1.0,0.0,0.0,0.0,0.0,0.0,-1.1,0.0,0.5,0.0,0.0001,16.0,25903.0
2026-07-30T19:00:45.459Z,214.942,214.956,0.0,7.4,0.0,0.0,0.0,0.0,0.0,0.0,0.0,0.0,1.0,0.0,0.0,0.0,9.0,4.0,0.0,0.0,0.0,0.0,0.0,0.0,0.0,0.0,4.0,12.0,1.0,12.17,5.01,2.5,1.49,0.0,0.0,0.0,0.4,0.0,0.2,0.1,-0.7000000000000001,-169.70000000000002,0.0,0.0,169.70000000000002,0.0,21.3,29.5,29.5,30.0,300.0,300.0,31.3,35.4,29.4,28.6,30.4,4.96,1.99,4.96,0.16,0.0,0.0,1027.0,8228.0,0.0,0.0,0.0,0.0,0.0,1.0,0.0,0.0,0.0,0.0,0.0,-0.4,0.0,0.6000000000000001,0.0,0.0001,16.0,25903.0
2026-07-30T19:00:45.471Z,214.954,214.968,0.0,7.4,0.0,0.0,0.0,0.0,0.0,0.0,0.0,0.0,1.0,0.0,0.0,0.0,9.0,4.0,0.0,0.0,0.0,0.0,0.0,0.0,0.0,0.0,5.0,12.0,1.0,12.17,5.01,2.5,1.49,0.0,0.0,0.0,0.4,0.0,0.8,0.6000000000000001,-0.7000000000000001,-169.70000000000002,0.0,0.0,169.8,0.0,21.3,29.5,29.5,30.0,300.0,300.0,31.3,35.4,29.4,28.6,30.4,4.96,1.99,4.97,0.16,0.0,0.0,1027.0,8228.0,0.0,0.0,0.0,0.0,0.0,1.0,0.0,0.0,0.0,0.0,0.0,0.1,0.0,0.7000000000000001,0.0,0.0,16.0,25903.0
2026-07-30T19:00:45.483Z,214.966,214.98,0.0,7.4,0.0,0.0,0.0,0.0,0.0,0.0,0.0,0.0,1.0,0.0,0.0,0.0,9.0,4.0,0.0,0.0,0.0,0.0,0.0,0.0,0.0,0.0,6.0,12.0,1.0,12.17,5.01,2.5,1.49,0.0,0.0,0.0,0.4,0.0,0.3,1.2000000000000002,1.0,-169.70000000000002,0.0,0.0,169.70000000000002,0.0,21.3,29.5,29.5,30.0,300.0,300.0,31.3,35.4,29.4,28.6,30.4,4.95,1.99,4.97,0.16,0.0,0.0,1027.0,8228.0,0.0,0.0,0.0,0.0,0.0,1.0,0.0,0.0,0.0,0.0,0.0,2.1,0.0,-0.6000000000000001,0.0,0.0001,16.0,25903.0
2026-07-30T19:00:45.495Z,214.978,214.992,0.0,7.4,0.0,0.0,0.0,0.0,0.0,0.0,0.0,0.0,1.0,0.0,0.0,0.0,9.0,4.0,0.0,0.0,0.0,0.0,0.0,0.0,0.0,0.0,1.0,12.0,1.0,12.17,5.01,2.5,1.49,0.0,0.0,0.0,0.4,0.0,0.3,0.6000000000000001,-0.6000000000000001,-169.70000000000002,0.0,0.0,169.70000000000002,0.0,21.3,29.5,29.5,30.0,300.0,300.0,31.3,35.4,29.4,28.6,30.4,4.95,1.99,4.96,0.16,0.0,0.0,1027.0,8228.0,0.0,0.0,0.0,0.0,0.0,1.0,0.0,0.0,0.0,0.0,0.0,0.1,0.0,0.7000000000000001,0.0,0.0001,16.0,25903.0
2026-07-30T19:00:45.507Z,214.99,215.004,0.0,7.4,0.0,0.0,0.0,0.0,0.0,0.0,0.0,0.0,1.0,0.0,0.0,0.0,9.0,4.0,0.0,0.0,0.0,0.0,0.0,0.0,0.0,0.0,2.0,12.0,1.0,12.17,5.01,2.5,1.49,0.0,0.0,0.0,0.4,0.0,0.3,-1.7000000000000002,-0.1,-169.70000000000002,0.0,0.0,169.70000000000002,0.0,21.3,29.5,29.5,30.0,300.0,300.0,31.3,35.4,29.4,28.6,30.4,4.95,2.0,4.96,0.16,0.0,0.0,1027.0,8228.0,0.0,0.0,0.0,0.0,0.0,1.0,0.0,0.0,0.0,0.0,0.0,-2.0,0.0,-0.2,0.0,0.0,16.0,25903.0
2026-07-30T19:00:45.519Z,215.002,215.016,0.0,7.4,0.0,0.0,0.0,0.0,0.0,0.0,0.0,0.0,1.0,0.0,0.0,0.0,9.0,4.0,0.0,0.0,0.0,0.0,0.0,0.0,0.0,0.0,3.0,12.0,1.0,12.17,5.01,2.51,1.49,0.0,0.0,0.0,0.4,0.0,0.3,0.6000000000000001,0.4,-169.70000000000002,0.0,0.0,169.70000000000002,0.0,21.3,29.5,29.5,30.0,300.0,300.0,31.3,35.300000000000004,29.4,28.6,30.4,4.95,1.99,4.97,0.16,0.0,0.0,1027.0,8228.0,0.0,0.0,0.0,0.0,0.0,1.0,0.0,0.0,0.0,0.0,0.0,1.0,0.0,-0.2,0.0,0.0001,16.0,25903.0
2026-07-30T19:00:45.531Z,215.014,215.028,0.0,7.4,0.0,0.0,0.0,0.0,0.0,0.0,0.0,0.0,1.0,0.0,0.0,0.0,9.0,4.0,0.0,0.0,0.0,0.0,0.0,0.0,0.0,0.0,5.0,12.0,1.0,12.17,5.01,2.51,1.49,0.0,0.1,0.0,0.4,0.0,0.3,0.0,0.4,-169.70000000000002,0.0,0.0,169.8,0.0,21.3,29.5,29.5,30.0,300.0,300.0,31.3,35.300000000000004,29.4,28.6,30.4,4.95,1.99,4.97,0.16,0.0,0.0,1027.0,8228.0,0.0,0.0,0.0,0.0,0.0,1.0,0.0,0.0,0.0,0.0,0.0,0.3,0.0,-0.3,0.0,0.0,16.0,25903.0
2026-07-30T19:00:45.543Z,215.026,215.04,0.0,7.4,0.0,0.0,0.0,0.0,0.0,0.0,0.0,0.0,1.0,0.0,0.0,0.0,9.0,4.0,0.0,0.0,0.0,0.0,0.0,0.0,0.0,0.0,5.0,12.0,1.0,12.17,5.01,2.51,1.49,0.0,0.0,0.0,0.4,0.0,-0.2,0.0,-0.1,-169.70000000000002,0.0,0.0,169.60000000000002,0.0,21.3,29.5,29.5,30.0,300.0,300.0,31.3,35.300000000000004,29.4,28.6,30.4,4.96,1.99,4.96,0.16,0.0,0.0,1027.0,8228.0,0.0,0.0,0.0,0.0,0.0,1.0,0.0,0.0,0.0,0.0,0.0,0.0,0.0,0.1,0.0,0.0,16.0,25903.0
2026-07-30T19:00:45.555Z,215.038,215.052,0.0,7.4,0.0,0.0,0.0,0.0,0.0,0.0,0.0,0.0,1.0,0.0,0.0,0.0,9.0,4.0,0.0,0.0,0.0,0.0,0.0,0.0,0.0,0.0,1.0,12.0,1.0,12.17,5.01,2.51,1.49,0.0,0.0,0.0,0.4,0.0,0.3,-1.1,-0.6000000000000001,-169.70000000000002,0.0,0.0,169.70000000000002,0.0,21.3,29.5,29.5,30.0,300.0,300.0,31.3,35.300000000000004,29.4,28.6,30.4,4.95,1.99,4.96,0.16,0.0,0.0,1027.0,8228.0,0.0,0.0,0.0,0.0,0.0,1.0,0.0,0.0,0.0,0.0,0.0,-1.7000000000000002,0.0,0.3,0.0,0.0002,16.0,25903.0
2026-07-30T19:00:45.567Z,215.05,215.064,0.0,7.4,0.0,0.0,0.0,0.0,0.0,0.0,0.0,0.0,1.0,0.0,0.0,0.0,9.0,4.0,0.0,0.0,0.0,0.0,0.0,0.0,0.0,0.0,1.0,12.0,1.0,12.17,5.01,2.51,1.49,0.0,0.0,0.0,0.4,0.0,0.3,-0.5,0.4,-169.70000000000002,0.0,0.0,169.8,0.0,21.3,29.5,29.5,30.0,300.0,300.0,31.3,35.300000000000004,29.4,28.6,30.4,4.95,1.99,4.97,0.16,0.0,0.0,1027.0,8228.0,0.0,0.0,0.0,0.0,0.0,1.0,0.0,0.0,0.0,0.0,0.0,-0.2,0.0,-0.5,0.0,0.0,16.0,25903.0
2026-07-30T19:00:45.579Z,215.062,215.076,0.0,7.4,0.0,0.0,0.0,0.0,0.0,0.0,0.0,0.0,1.0,0.0,0.0,0.0,9.0,4.0,0.0,0.0,0.0,0.0,0.0,0.0,0.0,0.0,2.0,12.0,1.0,12.17,5.01,2.51,1.49,0.0,0.0,0.0,0.5,0.0,-0.2,0.6000000000000001,1.1,-169.70000000000002,0.0,0.0,169.70000000000002,0.0,21.3,29.5,29.5,30.0,300.0,300.0,31.3,35.300000000000004,29.4,28.6,30.4,4.96,1.99,4.97,0.16,0.0,0.0,1027.0,8228.0,0.0,0.0,0.0,0.0,0.0,1.0,0.0,0.0,0.0,0.0,0.0,1.6,0.0,-0.8,0.0,0.0001,16.0,25903.0
2026-07-30T19:00:45.591Z,215.074,215.088,0.0,7.4,0.0,0.0,0.0,0.0,0.0,0.0,0.0,0.0,1.0,0.0,0.0,0.0,9.0,4.0,0.0,0.0,0.0,0.0,0.0,0.0,0.0,0.0,4.0,12.0,1.0,12.17,5.01,2.51,1.49,0.0,0.0,0.0,0.4,0.0,0.3,0.1,-1.2000000000000002,-169.70000000000002,0.0,0.0,169.8,0.0,21.3,29.5,29.5,30.0,300.0,300.0,31.3,35.300000000000004,29.4,28.6,30.4,4.96,1.99,4.96,0.17,0.0,0.0,1027.0,8228.0,0.0,0.0,0.0,0.0,0.0,1.0,0.0,0.0,0.0,0.0,0.0,-0.7000000000000001,0.0,1.1,0.0,0.0,16.0,25903.0
2026-07-30T19:00:45.603Z,215.086,215.1,0.0,7.4,0.0,0.0,0.0,0.0,0.0,0.0,0.0,0.0,1.0,0.0,0.0,0.0,9.0,4.0,0.0,0.0,0.0,0.0,0.0,0.0,0.0,0.0,5.0,12.0,1.0,12.17,5.01,2.51,1.49,0.0,0.0,0.0,0.4,0.0,-1.9,-1.0,-0.6000000000000001,-169.70000000000002,0.0,0.0,169.8,0.0,21.3,29.5,29.5,30.0,300.0,300.0,31.3,35.300000000000004,29.4,28.6,30.4,4.95,1.99,4.97,0.17,0.0,0.0,1027.0,8228.0,0.0,0.0,0.0,0.0,0.0,1.0,0.0,0.0,0.0,0.0,0.0,-1.7000000000000002,0.0,0.3,0.0,0.0,16.0,25903.0
2026-07-30T19:00:45.616Z,215.099,215.112,0.0,7.4,0.0,0.0,0.0,0.0,0.0,0.0,0.0,0.0,1.0,0.0,0.0,0.0,9.0,4.0,0.0,0.0,0.0,0.0,0.0,0.0,0.0,0.0,6.0,12.0,1.0,12.17,5.0200000000000005,2.51,1.5,0.0,0.0,0.0,0.4,0.0,0.3,0.0,-1.2000000000000002,-169.70000000000002,0.0,0.0,169.8,0.0,21.700000000000003,29.5,29.5,30.0,300.0,300.0,31.3,35.4,29.4,28.6,30.4,4.95,1.99,4.96,0.16,0.0,0.0,1027.0,8228.0,0.0,0.0,0.0,0.0,0.0,1.0,0.0,0.0,0.0,0.0,0.0,-0.8,0.0,1.1,0.0,0.0001,16.0,25903.0
2026-07-30T19:00:45.627Z,215.11,215.124,0.0,7.4,0.0,0.0,0.0,0.0,0.0,0.0,0.0,0.0,1.0,0.0,0.0,0.0,9.0,4.0,0.0,0.0,0.0,0.0,0.0,0.0,0.0,0.0,6.0,12.0,1.0,12.17,5.0200000000000005,2.51,1.5,0.0,0.0,0.0,0.4,0.0,-0.2,1.2000000000000002,1.6,-169.70000000000002,0.0,0.0,169.70000000000002,0.0,21.700000000000003,29.5,29.5,30.0,300.0,300.0,31.3,35.4,29.4,28.6,30.4,4.95,1.99,4.96,0.16,0.0,0.0,1027.0,8228.0,0.0,0.0,0.0,0.0,0.0,1.0,0.0,0.0,0.0,0.0,0.0,2.7,0.0,-1.2000000000000002,0.0,0.0001,16.0,25903.0
2026-07-30T19:00:45.639Z,215.122,215.136,0.0,7.4,0.0,0.0,0.0,0.0,0.0,0.0,0.0,0.0,1.0,0.0,0.0,0.0,9.0,4.0,0.0,0.0,0.0,0.0,0.0,0.0,0.0,0.0,1.0,12.0,1.0,12.17,5.0200000000000005,2.51,1.5,0.0,0.0,0.0,0.4,0.0,-0.2,0.7000000000000001,-1.2000000000000002,-169.70000000000002,0.0,0.0,169.70000000000002,0.0,21.700000000000003,29.5,29.5,30.0,300.0,300.0,31.3,35.4,29.4,28.6,30.4,4.95,1.99,4.96,0.16,0.0,0.0,1027.0,8228.0,0.0,0.0,0.0,0.0,0.0,1.0,0.0,0.0,0.0,0.0,0.0,0.0,0.0,1.2000000000000002,0.0,0.0,16.0,25903.0
2026-07-30T19:00:45.651Z,215.134,215.148,0.0,7.4,0.0,0.0,0.0,0.0,0.0,0.0,0.0,0.0,1.0,0.0,0.0,0.0,9.0,4.0,0.0,0.0,0.0,0.0,0.0,0.0,0.0,0.0,3.0,12.0,1.0,12.17,5.0200000000000005,2.51,1.5,0.0,0.1,0.0,0.4,0.0,0.3,-1.0,-0.6000000000000001,-169.70000000000002,0.0,0.0,169.70000000000002,0.0,21.700000000000003,29.5,29.5,30.0,300.0,300.0,31.3,35.4,29.4,28.6,30.4,4.96,1.99,4.96,0.16,0.0,0.0,1027.0,8228.0,0.0,0.0,0.0,0.0,0.0,1.0,0.0,0.0,0.0,0.0,0.0,-1.6,0.0,0.3,0.0,0.0001,16.0,25903.0
2026-07-30T19:00:45.663Z,215.146,215.16,0.0,7.4,0.0,0.0,0.0,0.0,0.0,0.0,0.0,0.0,1.0,0.0,0.0,0.0,9.0,4.0,0.0,0.0,0.0,0.0,0.0,0.0,0.0,0.0,4.0,12.0,1.0,12.17,5.0200000000000005,2.51,1.5,0.0,0.0,0.0,0.4,0.0,-0.2,0.7000000000000001,0.0,-169.70000000000002,0.0,0.0,169.8,0.0,21.700000000000003,29.5,29.5,30.0,300.0,300.0,31.3,35.4,29.4,28.6,30.4,4.96,2.0,4.97,0.16,0.0,0.0,1027.0,8228.0,0.0,0.0,0.0,0.0,0.0,1.0,0.0,0.0,0.0,0.0,0.0,0.7000000000000001,0.0,0.1,0.0,0.0,16.0,25903.0
2026-07-30T19:00:45.675Z,215.158,215.172,0.0,7.4,0.0,0.0,0.0,0.0,0.0,0.0,0.0,0.0,1.0,0.0,0.0,0.0,9.0,4.0,0.0,0.0,0.0,0.0,0.0,0.0,0.0,0.0,5.0,12.0,1.0,12.17,5.0200000000000005,2.51,1.5,0.0,0.0,0.0,0.4,0.0,-0.2,-0.4,-0.5,-169.70000000000002,0.0,0.0,169.70000000000002,0.0,21.700000000000003,29.5,29.5,30.0,300.0,300.0,31.3,35.4,29.4,28.6,30.4,4.96,1.99,4.97,0.16,0.0,0.0,1027.0,8228.0,0.0,0.0,0.0,0.0,0.0,1.0,0.0,0.0,0.0,0.0,0.0,-0.9,0.0,0.4,0.0,0.0001,16.0,25903.0
2026-07-30T19:00:45.688Z,215.171,215.184,0.0,7.4,0.0,0.0,0.0,0.0,0.0,0.0,0.0,0.0,1.0,0.0,0.0,0.0,9.0,4.0,0.0,0.0,0.0,0.0,0.0,0.0,0.0,0.0,6.0,12.0,1.0,12.17,5.0200000000000005,2.51,1.5,0.0,0.0,0.0,0.4,0.0,-0.2,0.2,-1.1,-169.70000000000002,0.0,0.0,169.8,0.0,21.700000000000003,29.5,29.5,30.0,300.0,300.0,31.3,35.4,29.4,28.6,30.4,4.95,1.99,4.97,0.16,0.0,0.0,1027.0,8228.0,0.0,0.0,0.0,0.0,0.0,1.0,0.0,0.0,0.0,0.0,0.0,-0.6000000000000001,0.0,1.0,0.0,0.0001,16.0,25903.0
2026-07-30T19:00:45.705Z,215.188,215.196,0.0,7.4,0.0,0.0,0.0,0.0,0.0,0.0,0.0,0.0,1.0,0.0,0.0,0.0,9.0,4.0,0.0,0.0,0.0,0.0,0.0,0.0,0.0,0.0,1.0,12.0,1.0,12.17,5.0200000000000005,2.51,1.5,0.0,0.0,0.0,0.4,0.0,0.3,-0.3,-0.5,-169.70000000000002,0.0,0.0,169.8,0.0,21.700000000000003,29.5,29.5,30.0,300.0,300.0,31.3,35.4,29.4,28.6,30.4,4.95,1.99,4.96,0.16,0.0,0.0,1027.0,8228.0,0.0,0.0,0.0,0.0,0.0,1.0,0.0,0.0,0.0,0.0,0.0,-0.8,0.0,0.3,0.0,0.0001,16.0,25903.0
2026-07-30T19:00:45.711Z,215.194,215.208,0.0,7.4,0.0,0.0,0.0,0.0,0.0,0.0,0.0,0.0,1.0,0.0,0.0,0.0,9.0,4.0,0.0,0.0,0.0,0.0,0.0,0.0,0.0,0.0,5.0,12.0,1.0,12.17,5.0200000000000005,2.51,1.5,0.0,0.0,0.0,0.4,0.0,0.3,0.1,-1.1,-169.70000000000002,0.0,0.0,169.70000000000002,0.0,21.700000000000003,29.5,29.5,30.0,300.0,300.0,31.3,35.4,29.4,28.6,30.4,4.95,1.99,4.97,0.17,0.0,0.0,1027.0,8228.0,0.0,0.0,0.0,0.0,0.0,1.0,0.0,0.0,0.0,0.0,0.0,-0.6000000000000001,0.0,1.0,0.0,0.0001,16.0,25903.0
2026-07-30T19:00:45.723Z,215.206,215.22,0.0,7.4,0.0,0.0,0.0,0.0,0.0,0.0,0.0,0.0,1.0,0.0,0.0,0.0,9.0,4.0,0.0,0.0,0.0,0.0,0.0,0.0,0.0,0.0,1.0,12.0,1.0,12.14,5.01,2.5,1.5,0.0,0.0,0.0,0.4,0.0,-0.2,0.2,0.6000000000000001,-169.70000000000002,0.0,0.0,169.70000000000002,0.0,21.4,29.5,29.5,30.0,300.0,300.0,31.3,35.4,29.3,28.5,30.4,4.95,1.99,4.97,0.16,0.0,0.0,1027.0,8228.0,0.0,0.0,0.0,0.0,0.0,1.0,0.0,0.0,0.0,0.0,0.0,0.7000000000000001,0.0,-0.5,0.0,0.0001,16.0,25903.0
2026-07-30T19:00:45.735Z,215.218,215.232,0.0,7.4,0.0,0.0,0.0,0.0,0.0,0.0,0.0,0.0,1.0,0.0,0.0,0.0,9.0,4.0,0.0,0.0,0.0,0.0,0.0,0.0,0.0,0.0,2.0,12.0,1.0,12.14,5.01,2.5,1.5,0.0,0.0,0.0,0.4,0.0,-0.2,0.8,1.2000000000000002,-169.70000000000002,0.0,0.0,169.70000000000002,0.0,21.4,29.5,29.5,30.0,300.0,300.0,31.3,35.4,29.3,28.5,30.4,4.96,1.99,4.96,0.16,0.0,0.0,1027.0,8228.0,0.0,0.0,0.0,0.0,0.0,1.0,0.0,0.0,0.0,0.0,0.0,1.8,0.0,-0.9,0.0,0.0001,16.0,25903.0
2026-07-30T19:00:45.747Z,215.23,215.244,0.0,7.4,0.0,0.0,0.0,0.0,0.0,0.0,0.0,0.0,1.0,0.0,0.0,0.0,9.0,4.0,0.0,0.0,0.0,0.0,0.0,0.0,0.0,0.0,3.0,12.0,1.0,12.14,5.01,2.5,1.5,0.0,0.0,0.0,0.4,0.0,-0.2,-0.9,-0.5,-169.70000000000002,0.0,0.0,169.8,0.0,21.4,29.5,29.5,30.0,300.0,300.0,31.3,35.4,29.3,28.5,30.4,4.96,2.0,4.96,0.16,0.0,0.0,1027.0,8228.0,0.0,0.0,0.0,0.0,0.0,1.0,0.0,0.0,0.0,0.0,0.0,-1.4,0.0,0.2,0.0,0.0,16.0,25903.0
2026-07-30T19:00:45.759Z,215.242,215.256,0.0,7.4,0.0,0.0,0.0,0.0,0.0,0.0,0.0,0.0,1.0,0.0,0.0,0.0,9.0,4.0,0.0,0.0,0.0,0.0,0.0,0.0,0.0,0.0,5.0,12.0,1.0,12.14,5.01,2.5,1.5,0.0,0.0,0.0,0.4,0.0,-0.2,-0.4,-0.5,-169.70000000000002,0.0,0.0,169.70000000000002,0.0,21.4,29.5,29.5,30.0,300.0,300.0,31.3,35.4,29.3,28.5,30.4,4.96,1.99,4.97,0.16,0.0,0.0,1027.0,8228.0,0.0,0.0,0.0,0.0,0.0,1.0,0.0,0.0,0.0,0.0,0.0,-0.9,0.0,0.4,0.0,0.0001,16.0,25903.0
2026-07-30T19:00:45.770Z,215.253,215.268,0.0,7.4,0.0,0.0,0.0,0.0,0.0,0.0,0.0,0.0,1.0,0.0,0.0,0.0,9.0,4.0,0.0,0.0,0.0,0.0,0.0,0.0,0.0,0.0,6.0,12.0,1.0,12.14,5.01,2.5,1.5,0.0,0.0,0.0,0.4,0.0,0.3,0.7000000000000001,-1.1,-169.70000000000002,0.0,0.0,169.70000000000002,0.0,21.4,29.5,29.5,30.0,300.0,300.0,31.3,35.4,29.3,28.5,30.4,4.95,1.99,4.97,0.16,0.0,0.0,1027.0,8228.0,0.0,0.0,0.0,0.0,0.0,1.0,0.0,0.0,0.0,0.0,0.0,0.0,0.0,1.1,0.0,0.0001,16.0,25903.0
2026-07-30T19:00:45.783Z,215.266,215.28,0.0,7.4,0.0,0.0,0.0,0.0,0.0,0.0,0.0,0.0,1.0,0.0,0.0,0.0,9.0,4.0,0.0,0.0,0.0,0.0,0.0,0.0,0.0,0.0,2.0,12.0,1.0,12.14,5.01,2.5,1.5,0.0,0.0,0.0,0.4,0.0,-0.2,1.3,0.5,-169.70000000000002,0.0,0.0,169.8,0.0,21.4,29.5,29.5,30.0,300.0,300.0,31.3,35.4,29.3,28.5,30.4,4.96,1.99,4.96,0.16,0.0,0.0,1027.0,8228.0,0.0,0.0,0.0,0.0,0.0,1.0,0.0,0.0,0.0,0.0,0.0,1.9,0.0,-0.2,0.0,0.0,16.0,25903.0
2026-07-30T19:00:45.795Z,215.278,215.292,0.0,7.4,0.0,0.0,0.0,0.0,0.0,0.0,0.0,0.0,1.0,0.0,0.0,0.0,9.0,4.0,0.0,0.0,0.0,0.0,0.0,0.0,0.0,0.0,3.0,12.0,1.0,12.14,5.01,2.5,1.5,0.0,0.0,0.0,0.4,0.0,-0.8,-0.9,0.0,-169.70000000000002,0.0,0.0,169.70000000000002,0.0,21.4,29.5,29.5,30.0,300.0,300.0,31.3,35.4,29.3,28.5,30.4,4.95,1.99,4.97,0.16,0.0,0.0,1027.0,8228.0,0.0,0.0,0.0,0.0,0.0,1.0,0.0,0.0,0.0,0.0,0.0,-1.1,0.0,-0.2,0.0,0.0001,16.0,25903.0
2026-07-30T19:00:45.807Z,215.29,215.304,0.0,7.4,0.0,0.0,0.0,0.0,0.0,0.0,0.0,0.0,1.0,0.0,0.0,0.0,9.0,4.0,0.0,0.0,0.0,0.0,0.0,0.0,0.0,0.0,4.0,12.0,1.0,12.14,5.01,2.5,1.5,0.0,0.1,0.0,0.4,0.0,0.2,1.3,1.7000000000000002,-169.70000000000002,0.0,0.0,169.70000000000002,0.0,21.4,29.5,29.5,30.0,300.0,300.0,31.3,35.4,29.3,28.5,30.4,4.95,2.0,4.96,0.16,0.0,0.0,1027.0,8228.0,0.0,0.0,0.0,0.0,0.0,1.0,0.0,0.0,0.0,0.0,0.0,2.7,0.0,-1.2000000000000002,0.0,0.0001,16.0,25903.0
2026-07-30T19:00:45.820Z,215.303,215.316,0.0,7.4,0.0,0.0,0.0,0.0,0.0,0.0,0.0,0.0,1.0,0.0,0.0,0.0,9.0,4.0,0.0,0.0,0.0,0.0,0.0,0.0,0.0,0.0,5.0,12.0,1.0,12.15,5.0200000000000005,2.51,1.49,0.0,0.0,0.0,0.4,0.0,0.3,1.3,0.0,-169.70000000000002,0.0,0.0,169.8,0.0,21.8,29.5,29.5,30.0,300.0,300.0,31.4,35.4,29.4,28.6,30.4,4.96,2.0,4.96,0.16,0.0,0.0,1027.0,8228.0,0.0,0.0,0.0,0.0,0.0,1.0,0.0,0.0,0.0,0.0,0.0,1.5,0.0,0.3,0.0,0.0002,16.0,25903.0
2026-07-30T19:00:45.831Z,215.314,215.328,0.0,7.4,0.0,0.0,0.0,0.0,0.0,0.0,0.0,0.0,1.0,0.0,0.0,0.0,9.0,4.0,0.0,0.0,0.0,0.0,0.0,0.0,0.0,0.0,6.0,12.0,1.0,12.15,5.0200000000000005,2.51,1.49,0.0,0.0,0.0,0.4,0.0,1.5,0.2,0.0,-169.70000000000002,0.0,0.0,169.8,0.0,21.8,29.5,29.5,30.0,300.0,300.0,31.4,35.4,29.4,28.6,30.4,4.95,2.0,4.96,0.16,0.0,0.0,1027.0,8228.0,0.0,0.0,0.0,0.0,0.0,1.0,0.0,0.0,0.0,0.0,0.0,0.2,0.0,0.0,0.0,0.0,16.0,25903.0
2026-07-30T19:00:45.843Z,215.326,215.34,0.0,7.4,0.0,0.0,0.0,0.0,0.0,0.0,0.0,0.0,1.0,0.0,0.0,0.0,9.0,4.0,0.0,0.0,0.0,0.0,0.0,0.0,0.0,0.0,1.0,12.0,1.0,12.15,5.0200000000000005,2.51,1.49,0.0,0.1,0.0,0.4,0.0,-0.2,0.2,0.0,-169.70000000000002,0.0,0.0,169.8,0.0,21.8,29.5,29.5,30.0,300.0,300.0,31.4,35.4,29.4,28.6,30.4,4.95,1.99,4.97,0.16,0.0,0.0,1027.0,8228.0,0.0,0.0,0.0,0.0,0.0,1.0,0.0,0.0,0.0,0.0,0.0,0.2,0.0,0.0,0.0,0.0,16.0,25903.0
2026-07-30T19:00:45.855Z,215.338,215.352,0.0,7.4,0.0,0.0,0.0,0.0,0.0,0.0,0.0,0.0,1.0,0.0,0.0,0.0,9.0,4.0,0.0,0.0,0.0,0.0,0.0,0.0,0.0,0.0,2.0,12.0,1.0,12.15,5.0200000000000005,2.51,1.49,0.0,0.0,0.0,0.4,0.0,0.9,2.5,2.9000000000000004,-169.70000000000002,0.0,0.0,169.8,0.0,21.8,29.5,29.5,30.0,300.0,300.0,31.4,35.4,29.4,28.6,30.4,4.95,1.99,4.96,0.16,0.0,0.0,1027.0,8228.0,0.0,0.0,0.0,0.0,0.0,1.0,0.0,0.0,0.0,0.0,0.0,5.0,0.0,-2.0,0.0,0.0,16.0,25903.0
2026-07-30T19:00:45.867Z,215.35,215.364,0.0,7.4,0.0,0.0,0.0,0.0,0.0,0.0,0.0,0.0,1.0,0.0,0.0,0.0,9.0,4.0,0.0,0.0,0.0,0.0,0.0,0.0,0.0,0.0,3.0,12.0,1.0,12.15,5.0200000000000005,2.51,1.49,0.0,0.0,0.0,0.5,0.0,-0.2,0.1,-1.1,-169.70000000000002,0.0,0.0,169.8,0.0,21.8,29.5,29.5,30.0,300.0,300.0,31.4,35.4,29.4,28.6,30.4,4.96,1.99,4.96,0.17,0.0,0.0,1027.0,8228.0,0.0,0.0,0.0,0.0,0.0,1.0,0.0,0.0,0.0,0.0,0.0,-2.0,0.0,0.8,0.0,0.0001,16.0,25903.0
2026-07-30T19:00:45.879Z,215.362,215.376,0.0,7.4,0.0,0.0,0.0,0.0,0.0,0.0,0.0,0.0,1.0,0.0,0.0,0.0,9.0,4.0,0.0,0.0,0.0,0.0,0.0,0.0,0.0,0.0,4.0,12.0,1.0,12.15,5.0200000000000005,2.51,1.49,0.0,0.0,0.0,0.4,0.0,0.3,-0.3,0.0,-169.70000000000002,0.0,0.0,169.8,0.0,21.8,29.5,29.5,30.0,300.0,300.0,31.4,35.4,29.4,28.6,30.4,4.94,1.99,4.97,0.17,0.0,0.0,1027.0,8228.0,0.0,0.0,0.0,0.0,0.0,1.0,0.0,0.0,0.0,0.0,0.0,0.4,0.0,-1.1,0.0,0.0001,16.0,25903.0
2026-07-30T19:00:45.892Z,215.375,215.388,0.0,7.4,0.0,0.0,0.0,0.0,0.0,0.0,0.0,0.0,1.0,0.0,0.0,0.0,9.0,4.0,0.0,0.0,0.0,0.0,0.0,0.0,0.0,0.0,5.0,12.0,1.0,12.15,5.0200000000000005,2.51,1.49,0.0,0.0,0.0,0.4,0.0,0.9,0.2,1.1,-169.70000000000002,0.0,0.0,169.8,0.0,21.8,29.5,29.5,30.0,300.0,300.0,31.4,35.4,29.4,28.6,30.4,4.95,1.99,4.97,0.17,0.0,0.0,1027.0,8228.0,0.0,0.0,0.0,0.0,0.0,1.0,0.0,0.0,0.0,0.0,0.0,-1.5,0.0,0.3,0.0,0.0001,16.0,25903.0
2026-07-30T19:00:45.904Z,215.387,215.4,0.0,7.4,0.0,0.0,0.0,0.0,0.0,0.0,0.0,0.0,1.0,0.0,0.0,0.0,9.0,4.0,0.0,0.0,0.0,0.0,0.0,0.0,0.0,0.0,6.0,12.0,1.0,12.15,5.0200000000000005,2.51,1.49,-0.1,0.2,0.0,0.4,0.0,0.3,0.1,-0.6000000000000001,-169.70000000000002,0.0,0.0,169.8,0.0,21.8,29.5,29.5,30.0,300.0,300.0,31.4,35.4,29.4,28.6,30.4,4.95,2.0,4.96,0.16,0.0,0.0,1027.0,8228.0,0.0,0.0,0.0,0.0,0.0,1.0,0.0,0.0,0.0,0.0,0.0,-0.2,0.0,0.5,0.0,0.0,16.0,25903.0
2026-07-30T19:00:45.915Z,215.398,215.412,0.0,7.4,0.0,0.0,0.0,0.0,0.0,0.0,0.0,0.0,1.0,0.0,0.0,0.0,9.0,4.0,0.0,0.0,0.0,0.0,0.0,0.0,0.0,0.0,1.0,12.0,1.0,12.15,5.0200000000000005,2.51,1.49,0.0,0.0,0.0,0.4,0.0,0.3,1.9,0.0,-169.70000000000002,0.0,0.0,169.70000000000002,0.0,21.8,29.5,29.5,30.0,300.0,300.0,31.4,35.4,29.4,28.6,30.4,4.96,1.99,4.96,0.16,0.0,0.0,1027.0,8228.0,0.0,0.0,0.0,0.0,0.0,1.0,0.0,0.0,0.0,0.0,0.0,2.1,0.0,0.4,0.0,0.0,16.0,25903.0
2026-07-30T19:00:45.927Z,215.41,215.424,0.0,7.4,0.0,0.0,0.0,0.0,0.0,0.0,0.0,0.0,1.0,0.0,0.0,0.0,9.0,4.0,0.0,0.0,0.0,0.0,0.0,0.0,0.0,0.0,2.0,12.0,1.0,12.17,5.0200000000000005,2.51,1.49,0.0,0.0,0.0,0.4,0.0,-0.2,-0.9,-1.1,-169.70000000000002,0.0,0.0,169.8,0.0,21.3,29.5,29.5,30.0,300.0,300.0,31.5,35.300000000000004,29.4,28.5,30.4,4.95,1.99,4.97,0.16,0.0,0.0,1027.0,8228.0,0.0,0.0,0.0,0.0,0.0,1.0,0.0,0.0,0.0,0.0,0.0,-1.9,0.0,0.8,0.0,0.0002,16.0,25903.0
2026-07-30T19:00:45.939Z,215.422,215.436,0.0,7.4,0.0,0.0,0.0,0.0,0.0,0.0,0.0,0.0,1.0,0.0,0.0,0.0,9.0,4.0,0.0,0.0,0.0,0.0,0.0,0.0,0.0,0.0,3.0,12.0,1.0,12.17,5.0200000000000005,2.51,1.49,0.0,0.0,0.0,0.4,0.0,0.4,-1.0,0.0,-169.70000000000002,0.0,0.0,169.70000000000002,0.0,21.3,29.5,29.5,30.0,300.0,300.0,31.5,35.300000000000004,29.4,28.5,30.4,4.96,1.99,4.96,0.16,0.0,0.0,1027.0,8228.0,0.0,0.0,0.0,0.0,0.0,1.0,0.0,0.0,0.0,0.0,0.0,-1.1,0.0,-0.2,0.0,0.0,16.0,25903.0
2026-07-30T19:00:45.951Z,215.434,215.448,0.0,7.4,0.0,0.0,0.0,0.0,0.0,0.0,0.0,0.0,1.0,0.0,0.0,0.0,9.0,4.0,0.0,0.0,0.0,0.0,0.0,0.0,0.0,0.0,4.0,12.0,1.0,12.17,5.0200000000000005,2.51,1.49,0.0,0.1,0.0,0.4,0.0,-0.1,-0.4,-0.6000000000000001,-169.70000000000002,0.0,0.0,169.70000000000002,0.0,21.3,29.5,29.5,30.0,300.0,300.0,31.5,35.300000000000004,29.4,28.5,30.4,4.96,1.99,4.97,0.16,0.0,0.0,1027.0,8228.0,0.0,0.0,0.0,0.0,0.0,1.0,0.0,0.0,0.0,0.0,0.0,-0.9,0.0,0.4,0.0,0.0,16.0,25903.0
2026-07-30T19:00:45.963Z,215.446,215.46,0.0,7.4,0.0,0.0,0.0,0.0,0.0,0.0,0.0,0.0,1.0,0.0,0.0,0.0,9.0,4.0,0.0,0.0,0.0,0.0,0.0,0.0,0.0,0.0,5.0,12.0,1.0,12.17,5.0200000000000005,2.51,1.49,0.0,0.0,0.0,0.4,0.0,0.4,0.1,0.5,-169.70000000000002,0.0,0.0,169.8,0.0,21.3,29.5,29.5,30.0,300.0,300.0,31.5,35.300000000000004,29.4,28.5,30.4,4.95,1.99,4.97,0.16,0.0,0.0,1027.0,8228.0,0.0,0.0,0.0,0.0,0.0,1.0,0.0,0.0,0.0,0.0,0.0,0.5,0.0,-0.4,0.0,0.0,16.0,25903.0
2026-07-30T19:00:45.975Z,215.458,215.472,0.0,7.4,0.0,0.0,0.0,0.0,0.0,0.0,0.0,0.0,1.0,0.0,0.0,0.0,9.0,4.0,0.0,0.0,0.0,0.0,0.0,0.0,0.0,0.0,6.0,12.0,1.0,12.17,5.0200000000000005,2.51,1.49,0.0,0.0,0.0,0.4,0.0,0.3,0.1,0.5,-169.70000000000002,0.0,0.0,169.70000000000002,0.0,21.3,29.5,29.5,30.0,300.0,300.0,31.5,35.300000000000004,29.4,28.5,30.4,4.96,1.99,4.97,0.16,0.0,0.0,1027.0,8228.0,0.0,0.0,0.0,0.0,0.0,1.0,0.0,0.0,0.0,0.0,0.0,0.5,0.0,-0.4,0.0,0.0002,16.0,25903.0
2026-07-30T19:00:45.987Z,215.47,215.484,0.0,7.4,0.0,0.0,0.0,0.0,0.0,0.0,0.0,0.0,1.0,0.0,0.0,0.0,9.0,4.0,0.0,0.0,0.0,0.0,0.0,0.0,0.0,0.0,1.0,12.0,1.0,12.17,5.0200000000000005,2.51,1.49,0.0,0.0,0.0,0.4,0.0,-0.2,-0.4,-0.6000000000000001,-169.70000000000002,0.0,0.0,169.70000000000002,0.0,21.3,29.5,29.5,30.0,300.0,300.0,31.5,35.300000000000004,29.4,28.5,30.4,4.95,1.99,4.96,0.16,0.0,0.0,1027.0,8228.0,0.0,0.0,0.0,0.0,0.0,1.0,0.0,0.0,0.0,0.0,0.0,-1.0,0.0,0.4,0.0,0.0001,16.0,25903.0
2026-07-30T19:00:45.999Z,215.482,215.496,0.0,7.4,0.0,0.0,0.0,0.0,0.0,0.0,0.0,0.0,1.0,0.0,0.0,0.0,9.0,4.0,0.0,0.0,0.0,0.0,0.0,0.0,0.0,0.0,2.0,12.0,1.0,12.17,5.0200000000000005,2.51,1.49,0.0,0.0,0.0,0.4,0.0,-0.2,-1.1,-1.2000000000000002,-169.70000000000002,0.0,0.0,169.8,0.0,21.3,29.5,29.5,30.0,300.0,300.0,31.5,35.300000000000004,29.4,28.5,30.4,4.95,1.99,4.97,0.16,0.0,0.0,1027.0,8228.0,0.0,0.0,0.0,0.0,0.0,1.0,0.0,0.0,0.0,0.0,0.0,-2.1,0.0,0.8,0.0,0.0001,16.0,25903.0
2026-07-30T19:00:46.022Z,215.505,215.508,0.0,7.4,0.0,0.0,0.0,0.0,0.0,0.0,0.0,0.0,1.0,0.0,0.0,0.0,9.0,4.0,0.0,0.0,0.0,0.0,0.0,0.0,0.0,0.0,3.0,12.0,1.0,12.17,5.0200000000000005,2.51,1.49,0.0,0.1,0.0,0.4,0.0,0.3,0.6000000000000001,-0.6000000000000001,-169.70000000000002,0.0,0.0,169.70000000000002,0.0,21.3,29.5,29.5,30.0,300.0,300.0,31.5,35.300000000000004,29.4,28.5,30.4,4.96,2.0,4.97,0.16,0.0,0.0,1027.0,8228.0,0.0,0.0,0.0,0.0,0.0,1.0,0.0,0.0,0.0,0.0,0.0,0.2,0.0,0.6000000000000001,0.0,0.0001,16.0,25903.0
2026-07-30T19:00:46.025Z,215.508,215.52,0.0,7.4,0.0,0.0,0.0,0.0,0.0,0.0,0.0,0.0,1.0,0.0,0.0,0.0,9.0,4.0,0.0,0.0,0.0,0.0,0.0,0.0,0.0,0.0,1.0,12.0,1.0,12.17,5.0200000000000005,2.5,1.49,0.0,0.0,0.0,0.5,0.0,0.8,-0.4,-0.6000000000000001,-169.70000000000002,0.0,0.0,169.8,0.0,21.9,29.5,29.5,30.0,300.0,300.0,31.4,35.4,29.4,28.6,30.4,4.96,2.0,4.97,0.16,0.0,0.0,1027.0,8228.0,0.0,0.0,0.0,0.0,0.0,1.0,0.0,0.0,0.0,0.0,0.0,-1.0,0.0,0.4,0.0,0.0001,16.0,25903.0
2026-07-30T19:00:46.035Z,215.518,215.532,0.0,7.4,0.0,0.0,0.0,0.0,0.0,0.0,0.0,0.0,1.0,0.0,0.0,0.0,9.0,4.0,0.0,0.0,0.0,0.0,0.0,0.0,0.0,0.0,1.0,12.0,1.0,12.17,5.0200000000000005,2.5,1.49,0.0,0.0,0.0,0.4,0.0,-0.8,0.6000000000000001,-0.6000000000000001,-169.70000000000002,0.0,0.0,169.70000000000002,0.0,21.9,29.5,29.5,30.0,300.0,300.0,31.4,35.4,29.4,28.6,30.4,4.96,1.99,4.97,0.16,0.0,0.0,1027.0,8228.0,0.0,0.0,0.0,0.0,0.0,1.0,0.0,0.0,0.0,0.0,0.0,0.2,0.0,0.6000000000000001,0.0,0.0002,16.0,25903.0
2026-07-30T19:00:46.047Z,215.53,215.544,0.0,7.4,0.0,0.0,0.0,0.0,0.0,0.0,0.0,0.0,1.0,0.0,0.0,0.0,9.0,4.0,0.0,0.0,0.0,0.0,0.0,0.0,0.0,0.0,2.0,12.0,1.0,12.17,5.0200000000000005,2.5,1.49,0.0,0.0,0.0,0.4,0.0,0.8,0.0,1.1,-169.70000000000002,0.0,0.0,169.60000000000002,0.0,21.9,29.5,29.5,30.0,300.0,300.0,31.4,35.4,29.4,28.6,30.4,4.96,1.99,4.96,0.16,0.0,0.0,1027.0,8228.0,0.0,0.0,0.0,0.0,0.0,1.0,0.0,0.0,0.0,0.0,0.0,0.9,0.0,-1.0,0.0,0.0002,16.0,25903.0
2026-07-30T19:00:46.059Z,215.542,215.556,0.0,7.4,0.0,0.0,0.0,0.0,0.0,0.0,0.0,0.0,1.0,0.0,0.0,0.0,9.0,4.0,0.0,0.0,0.0,0.0,0.0,0.0,0.0,0.0,4.0,12.0,1.0,12.17,5.0200000000000005,2.5,1.49,0.0,0.0,0.0,0.4,0.0,0.2,-0.5,0.0,-169.70000000000002,0.0,0.0,169.8,0.0,21.9,29.5,29.5,30.0,300.0,300.0,31.4,35.4,29.4,28.6,30.4,4.95,1.99,4.96,0.16,0.0,0.0,1027.0,8228.0,0.0,0.0,0.0,0.0,0.0,1.0,0.0,0.0,0.0,0.0,0.0,-0.6000000000000001,0.0,0.0,0.0,0.0002,16.0,25903.0
2026-07-30T19:00:46.071Z,215.554,215.568,0.0,7.4,0.0,0.0,0.0,0.0,0.0,0.0,0.0,0.0,1.0,0.0,0.0,0.0,9.0,4.0,0.0,0.0,0.0,0.0,0.0,0.0,0.0,0.0,5.0,12.0,1.0,12.17,5.0200000000000005,2.5,1.49,0.0,0.0,0.0,0.4,0.0,0.8,0.6000000000000001,-0.6000000000000001,-169.70000000000002,0.0,0.0,169.70000000000002,0.0,21.9,29.5,29.5,30.0,300.0,300.0,31.4,35.4,29.4,28.6,30.4,4.95,1.99,4.96,0.16,0.0,0.0,1027.0,8228.0,0.0,0.0,0.0,0.0,0.0,1.0,0.0,0.0,0.0,0.0,0.0,0.2,0.0,0.7000000000000001,0.0,0.0001,16.0,25903.0
2026-07-30T19:00:46.083Z,215.566,215.58,0.0,7.4,0.0,0.0,0.0,0.0,0.0,0.0,0.0,0.0,1.0,0.0,0.0,0.0,9.0,4.0,0.0,0.0,0.0,0.0,0.0,0.0,0.0,0.0,1.0,12.0,1.0,12.17,5.0200000000000005,2.5,1.49,0.0,0.0,0.0,0.4,0.0,-0.3,-0.5,-0.7000000000000001,-169.70000000000002,0.0,0.0,169.8,0.0,21.9,29.5,29.5,30.0,300.0,300.0,31.4,35.4,29.4,28.6,30.4,4.95,1.99,4.97,0.16,0.0,0.0,1027.0,8228.0,0.0,0.0,0.0,0.0,0.0,1.0,0.0,0.0,0.0,0.0,0.0,-1.2000000000000002,0.0,0.5,0.0,0.0001,16.0,25903.0
2026-07-30T19:00:46.095Z,215.578,215.592,0.0,7.4,0.0,0.0,0.0,0.0,0.0,0.0,0.0,0.0,1.0,0.0,0.0,0.0,9.0,4.0,0.0,0.0,0.0,0.0,0.0,0.0,0.0,0.0,2.0,12.0,1.0,12.17,5.0200000000000005,2.5,1.49,0.0,0.0,0.0,0.4,0.0,-0.8,0.0,-0.1,-169.70000000000002,0.0,0.0,169.70000000000002,0.0,21.9,29.5,29.5,30.0,300.0,300.0,31.4,35.4,29.4,28.6,30.4,4.95,1.99,4.96,0.16,0.0,0.0,1027.0,8228.0,0.0,0.0,0.0,0.0,0.0,1.0,0.0,0.0,0.0,0.0,0.0,-0.1,0.0,0.1,0.0,0.0001,16.0,25903.0
2026-07-30T19:00:46.107Z,215.59,215.604,0.0,7.4,0.0,0.0,0.0,0.0,0.0,0.0,0.0,0.0,1.0,0.0,0.0,0.0,9.0,4.0,0.0,0.0,0.0,0.0,0.0,0.0,0.0,0.0,3.0,12.0,1.0,12.17,5.0200000000000005,2.5,1.49,0.0,0.0,0.0,0.4,0.0,0.3,0.5,0.4,-169.70000000000002,0.0,0.0,169.70000000000002,0.0,21.9,29.5,29.5,30.0,300.0,300.0,31.4,35.4,29.4,28.6,30.4,4.96,1.99,4.96,0.16,0.0,0.0,1027.0,8228.0,0.0,0.0,0.0,0.0,0.0,1.0,0.0,0.0,0.0,0.0,0.0,1.0,0.0,-0.3,0.0,0.0002,16.0,25903.0
2026-07-30T19:00:46.119Z,215.602,215.616,0.0,7.4,0.0,0.0,0.0,0.0,0.0,0.0,0.0,0.0,1.0,0.0,0.0,0.0,9.0,4.0,0.0,0.0,0.0,0.0,0.0,0.0,0.0,0.0,5.0,12.0,1.0,12.17,5.0200000000000005,2.5,1.49,0.0,0.0,0.0,0.4,0.0,-1.4,0.0,-0.6000000000000001,-169.70000000000002,0.0,0.0,169.70000000000002,0.0,21.9,29.5,29.5,30.0,300.0,300.0,31.4,35.4,29.4,28.6,30.4,4.95,1.99,4.96,0.16,0.0,0.0,1027.0,8228.0,0.0,0.0,0.0,0.0,0.0,1.0,0.0,0.0,0.0,0.0,0.0,-0.4,0.0,0.6000000000000001,0.0,0.0,16.0,25903.0
2026-07-30T19:00:46.131Z,215.614,215.628,0.0,7.4,0.0,0.0,0.0,0.0,0.0,0.0,0.0,0.0,1.0,0.0,0.0,0.0,9.0,4.0,0.0,0.0,0.0,0.0,0.0,0.0,0.0,0.0,6.0,12.0,1.0,12.22,5.01,2.5,1.49,0.0,0.0,0.0,0.4,0.0,0.3,0.0,0.0,-169.70000000000002,0.0,0.0,169.8,0.0,21.4,29.5,29.5,30.0,300.0,300.0,31.4,35.4,29.4,28.6,30.4,4.96,1.99,4.96,0.16,0.0,0.0,1027.0,8228.0,0.0,0.0,0.0,0.0,0.0,1.0,0.0,0.0,0.0,0.0,0.0,0.0,0.0,0.0,0.0,0.0,16.0,25903.0
2026-07-30T19:00:46.143Z,215.626,215.64,0.0,7.4,0.0,0.0,0.0,0.0,0.0,0.0,0.0,0.0,1.0,0.0,0.0,0.0,9.0,4.0,0.0,0.0,0.0,0.0,0.0,0.0,0.0,0.0,1.0,12.0,1.0,12.22,5.01,2.5,1.49,0.0,0.1,0.0,0.4,0.0,0.9,0.6000000000000001,0.4,-169.70000000000002,0.0,0.0,169.70000000000002,0.0,21.4,29.5,29.5,30.0,300.0,300.0,31.4,35.4,29.4,28.6,30.4,4.96,1.99,4.96,0.16,0.0,0.0,1027.0,8228.0,0.0,0.0,0.0,0.0,0.0,1.0,0.0,0.0,0.0,0.0,0.0,1.0,0.0,-0.2,0.0,0.0001,16.0,25903.0
2026-07-30T19:00:46.155Z,215.638,215.652,0.0,7.4,0.0,0.0,0.0,0.0,0.0,0.0,0.0,0.0,1.0,0.0,0.0,0.0,9.0,4.0,0.0,0.0,0.0,0.0,0.0,0.0,0.0,0.0,2.0,12.0,1.0,12.22,5.01,2.5,1.49,0.0,0.0,0.0,0.4,0.0,0.3,0.6000000000000001,-0.1,-169.70000000000002,0.0,0.0,169.70000000000002,0.0,21.4,29.5,29.5,30.0,300.0,300.0,31.4,35.4,29.4,28.6,30.4,4.95,1.99,4.96,0.16,0.0,0.0,1027.0,8228.0,0.0,0.0,0.0,0.0,0.0,1.0,0.0,0.0,0.0,0.0,0.0,0.6000000000000001,0.0,0.2,0.0,0.0001,16.0,25903.0
2026-07-30T19:00:46.167Z,215.65,215.664,0.0,7.4,0.0,0.0,0.0,0.0,0.0,0.0,0.0,0.0,1.0,0.0,0.0,0.0,9.0,4.0,0.0,0.0,0.0,0.0,0.0,0.0,0.0,0.0,3.0,12.0,1.0,12.22,5.01,2.5,1.49,0.0,0.0,0.0,0.4,0.0,-0.2,0.0,-0.1,-169.70000000000002,0.0,0.0,169.70000000000002,0.0,21.4,29.5,29.5,30.0,300.0,300.0,31.4,35.4,29.4,28.6,30.4,4.95,1.99,4.97,0.16,0.0,0.0,1027.0,8228.0,0.0,0.0,0.0,0.0,0.0,1.0,0.0,0.0,0.0,0.0,0.0,0.0,0.0,0.1,0.0,0.0,16.0,25903.0
2026-07-30T19:00:46.179Z,215.662,215.676,0.0,7.4,0.0,0.0,0.0,0.0,0.0,0.0,0.0,0.0,1.0,0.0,0.0,0.0,9.0,4.0,0.0,0.0,0.0,0.0,0.0,0.0,0.0,0.0,5.0,12.0,1.0,12.22,5.01,2.5,1.49,0.0,0.0,0.0,0.4,0.0,0.9,0.1,1.0,-169.70000000000002,0.0,0.0,169.70000000000002,0.0,21.4,29.5,29.5,30.0,300.0,300.0,31.4,35.4,29.4,28.6,30.4,4.96,2.0,4.96,0.16,0.0,0.0,1027.0,8228.0,0.0,0.0,0.0,0.0,0.0,1.0,0.0,0.0,0.0,0.0,0.0,0.8,0.0,-0.8,0.0,0.0001,16.0,25903.0
2026-07-30T19:00:46.191Z,215.674,215.688,0.0,7.4,0.0,0.0,0.0,0.0,0.0,0.0,0.0,0.0,1.0,0.0,0.0,0.0,9.0,4.0,0.0,0.0,0.0,0.0,0.0,0.0,0.0,0.0,6.0,12.0,1.0,12.22,5.01,2.5,1.49,0.0,0.0,0.0,0.4,0.0,-1.3,-0.4,-1.8,-169.70000000000002,0.0,0.0,169.70000000000002,0.0,21.4,29.5,29.5,30.0,300.0,300.0,31.4,35.4,29.4,28.6,30.4,4.96,1.99,4.97,0.16,0.0,0.0,1027.0,8228.0,0.0,0.0,0.0,0.0,0.0,1.0,0.0,0.0,0.0,0.0,0.0,-1.9,0.0,1.5,0.0,0.0,16.0,25903.0
2026-07-30T19:00:46.203Z,215.686,215.7,0.0,7.4,0.0,0.0,0.0,0.0,0.0,0.0,0.0,0.0,1.0,0.0,0.0,0.0,9.0,4.0,0.0,0.0,0.0,0.0,0.0,0.0,0.0,0.0,1.0,12.0,1.0,12.22,5.01,2.5,1.49,0.0,0.0,0.0,0.4,0.0,0.9,0.7000000000000001,-0.7000000000000001,-169.70000000000002,0.0,0.0,169.8,0.0,21.4,29.5,29.5,30.0,300.0,300.0,31.4,35.4,29.4,28.6,30.4,4.95,2.0,4.97,0.16,0.0,0.0,1027.0,8228.0,0.0,0.0,0.0,0.0,0.0,1.0,0.0,0.0,0.0,0.0,0.0,0.2,0.0,0.7000000000000001,0.0,0.0001,16.0,25903.0
2026-07-30T19:00:46.215Z,215.698,215.712,0.0,7.4,0.0,0.0,0.0,0.0,0.0,0.0,0.0,0.0,1.0,0.0,0.0,0.0,9.0,4.0,0.0,0.0,0.0,0.0,0.0,0.0,0.0,0.0,2.0,12.0,1.0,12.22,5.01,2.5,1.49,0.0,0.0,0.0,0.4,0.0,-0.2,0.7000000000000001,-0.7000000000000001,-169.70000000000002,0.0,0.0,169.8,0.0,21.4,29.5,29.5,30.0,300.0,300.0,31.4,35.4,29.4,28.6,30.4,4.96,2.0,4.96,0.16,0.0,0.0,1027.0,8228.0,0.0,0.0,0.0,0.0,0.0,1.0,0.0,0.0,0.0,0.0,0.0,0.3,0.0,0.7000000000000001,0.0,0.0001,16.0,25903.0
2026-07-30T19:00:46.227Z,215.71,215.724,0.0,7.4,0.0,0.0,0.0,0.0,0.0,0.0,0.0,0.0,1.0,0.0,0.0,0.0,9.0,4.0,0.0,0.0,0.0,0.0,0.0,0.0,0.0,0.0,4.0,12.0,1.0,12.14,5.01,2.5,1.49,0.0,0.1,0.0,0.5,0.0,-0.2,-1.0,-1.3,-169.70000000000002,0.0,0.0,169.8,0.0,21.9,29.5,29.5,30.0,300.0,300.0,31.4,35.4,29.4,28.6,30.4,4.95,2.0,4.97,0.16,0.0,0.0,1027.0,8228.0,0.0,0.0,0.0,0.0,0.0,1.0,0.0,0.0,0.0,0.0,0.0,-2.1,0.0,0.9,0.0,0.0,16.0,25903.0
2026-07-30T19:00:46.239Z,215.722,215.736,0.0,7.4,0.0,0.0,0.0,0.0,0.0,0.0,0.0,0.0,1.0,0.0,0.0,0.0,9.0,4.0,0.0,0.0,0.0,0.0,0.0,0.0,0.0,0.0,5.0,12.0,1.0,12.14,5.01,2.5,1.49,0.0,0.1,0.0,0.4,0.0,0.9,1.2000000000000002,1.6,-169.70000000000002,0.0,0.0,169.8,0.0,21.9,29.5,29.5,30.0,300.0,300.0,31.4,35.4,29.4,28.6,30.4,4.95,1.99,4.97,0.16,0.0,0.0,1027.0,8228.0,0.0,0.0,0.0,0.0,0.0,1.0,0.0,0.0,0.0,0.0,0.0,2.6,0.0,-1.2000000000000002,0.0,0.0001,16.0,25903.0
2026-07-30T19:00:46.251Z,215.734,215.748,0.0,7.4,0.0,0.0,0.0,0.0,0.0,0.0,0.0,0.0,1.0,0.0,0.0,0.0,9.0,4.0,0.0,0.0,0.0,0.0,0.0,0.0,0.0,0.0,6.0,12.0,1.0,12.14,5.01,2.5,1.49,0.0,0.0,0.0,0.4,0.0,0.9,0.6000000000000001,-0.1,-169.70000000000002,0.0,0.0,169.60000000000002,0.0,21.9,29.5,29.5,30.0,300.0,300.0,31.4,35.4,29.4,28.6,30.4,4.95,2.0,4.97,0.16,0.0,0.0,1027.0,8228.0,0.0,0.0,0.0,0.0,0.0,1.0,0.0,0.0,0.0,0.0,0.0,0.6000000000000001,0.0,0.2,0.0,0.0001,16.0,25903.0
2026-07-30T19:00:46.263Z,215.746,215.76,0.0,7.4,0.0,0.0,0.0,0.0,0.0,0.0,0.0,0.0,1.0,0.0,0.0,0.0,9.0,4.0,0.0,0.0,0.0,0.0,0.0,0.0,0.0,0.0,1.0,12.0,1.0,12.14,5.01,2.5,1.49,0.0,0.0,0.0,0.4,0.0,0.3,0.7000000000000001,0.4,-169.70000000000002,0.0,0.0,169.70000000000002,0.0,21.9,29.5,29.5,30.0,300.0,300.0,31.4,35.4,29.4,28.6,30.4,4.96,2.0,4.96,0.16,0.0,0.0,1027.0,8228.0,0.0,0.0,0.0,0.0,0.0,1.0,0.0,0.0,0.0,0.0,0.0,1.1,0.0,-0.2,0.0,0.0002,16.0,25903.0
2026-07-30T19:00:46.276Z,215.759,215.772,0.0,7.4,0.0,0.0,0.0,0.0,0.0,0.0,0.0,0.0,1.0,0.0,0.0,0.0,9.0,4.0,0.0,0.0,0.0,0.0,0.0,0.0,0.0,0.0,2.0,12.0,1.0,12.14,5.01,2.5,1.49,0.0,0.0,0.0,0.4,0.0,-0.1,-0.5,0.0,-169.70000000000002,0.0,0.0,169.60000000000002,0.0,21.9,29.5,29.5,30.0,300.0,300.0,31.4,35.4,29.4,28.6,30.4,4.95,1.99,4.97,0.16,0.0,0.0,1027.0,8228.0,0.0,0.0,0.0,0.0,0.0,1.0,0.0,0.0,0.0,0.0,0.0,-0.6000000000000001,0.0,0.0,0.0,0.0001,16.0,25903.0
2026-07-30T19:00:46.287Z,215.77,215.784,0.0,7.4,0.0,0.0,0.0,0.0,0.0,0.0,0.0,0.0,1.0,0.0,0.0,0.0,9.0,4.0,0.0,0.0,0.0,0.0,0.0,0.0,0.0,0.0,3.0,12.0,1.0,12.14,5.01,2.5,1.49,0.0,0.0,0.0,0.4,0.0,0.3,0.0,0.0,-169.70000000000002,0.0,0.0,169.8,0.0,21.9,29.5,29.5,30.0,300.0,300.0,31.4,35.4,29.4,28.6,30.4,4.95,2.0,4.96,0.16,0.0,0.0,1027.0,8228.0,0.0,0.0,0.0,0.0,0.0,1.0,0.0,0.0,0.0,0.0,0.0,0.0,0.0,0.0,0.0,0.0001,16.0,25903.0
2026-07-30T19:00:46.299Z,215.782,215.796,0.0,7.4,0.0,0.0,0.0,0.0,0.0,0.0,0.0,0.0,1.0,0.0,0.0,0.0,9.0,4.0,0.0,0.0,0.0,0.0,0.0,0.0,0.0,0.0,4.0,12.0,1.0,12.14,5.01,2.5,1.49,0.0,0.0,0.0,0.4,0.0,-0.2,0.0,0.5,-169.70000000000002,0.0,0.0,169.70000000000002,0.0,21.9,29.5,29.5,30.0,300.0,300.0,31.4,35.4,29.4,28.6,30.4,4.96,2.0,4.96,0.16,0.0,0.0,1027.0,8228.0,0.0,0.0,0.0,0.0,0.0,1.0,0.0,0.0,0.0,0.0,0.0,0.4,0.0,-0.4,0.0,0.0002,16.0,25903.0
2026-07-30T19:00:46.311Z,215.794,215.808,0.0,7.4,0.0,0.0,0.0,0.0,0.0,0.0,0.0,0.0,1.0,0.0,0.0,0.0,9.0,4.0,0.0,0.0,0.0,0.0,0.0,0.0,0.0,0.0,5.0,12.0,1.0,12.14,5.01,2.5,1.49,0.0,0.0,0.0,0.4,0.0,0.3,0.0,-0.1,-169.70000000000002,0.0,0.0,169.60000000000002,0.0,21.9,29.5,29.5,30.0,300.0,300.0,31.4,35.4,29.4,28.6,30.4,4.96,2.0,4.96,0.16,0.0,0.0,1027.0,8228.0,0.0,0.0,0.0,0.0,0.0,1.0,0.0,0.0,0.0,0.0,0.0,0.0,0.0,0.1,0.0,0.0,16.0,25903.0
2026-07-30T19:00:46.323Z,215.806,215.82,0.0,7.4,0.0,0.0,0.0,0.0,0.0,0.0,0.0,0.0,1.0,0.0,0.0,0.0,9.0,4.0,0.0,0.0,0.0,0.0,0.0,0.0,0.0,0.0,6.0,12.0,1.0,12.14,5.01,2.5,1.49,0.0,0.1,0.0,0.4,0.0,0.3,-1.7000000000000002,-0.7000000000000001,-169.70000000000002,0.0,0.0,169.70000000000002,0.0,21.9,29.5,29.5,30.0,300.0,300.0,31.4,35.4,29.4,28.6,30.4,4.95,1.99,4.97,0.16,0.0,0.0,1027.0,8228.0,0.0,0.0,0.0,0.0,0.0,1.0,0.0,0.0,0.0,0.0,0.0,-2.4000000000000004,0.0,0.2,0.0,0.0002,16.0,25903.0
2026-07-30T19:00:46.339Z,215.822,215.832,0.0,7.4,0.0,0.0,0.0,0.0,0.0,0.0,0.0,0.0,1.0,0.0,0.0,0.0,9.0,4.0,0.0,0.0,0.0,0.0,0.0,0.0,0.0,0.0,6.0,12.0,1.0,12.17,5.01,2.51,1.5,0.0,0.0,0.0,0.4,0.0,0.3,0.0,0.4,-169.70000000000002,0.0,0.0,169.70000000000002,0.0,21.3,29.5,29.5,30.0,300.0,300.0,31.4,35.5,29.4,28.6,30.4,4.95,1.99,4.96,0.16,0.0,0.0,1027.0,8228.0,0.0,0.0,0.0,0.0,0.0,1.0,0.0,0.0,0.0,0.0,0.0,0.3,0.0,-0.3,0.0,0.0,16.0,25903.0
2026-07-30T19:00:46.347Z,215.83,215.844,0.0,7.4,0.0,0.0,0.0,0.0,0.0,0.0,0.0,0.0,1.0,0.0,0.0,0.0,9.0,4.0,0.0,0.0,0.0,0.0,0.0,0.0,0.0,0.0,6.0,12.0,1.0,12.17,5.01,2.51,1.5,0.0,0.1,0.0,0.4,0.0,-0.2,0.0,0.9,-169.70000000000002,0.0,0.0,169.70000000000002,0.0,21.3,29.5,29.5,30.0,300.0,300.0,31.4,35.5,29.4,28.6,30.4,4.96,1.99,4.96,0.16,0.0,0.0,1027.0,8228.0,0.0,0.0,0.0,0.0,0.0,1.0,0.0,0.0,0.0,0.0,0.0,0.7000000000000001,0.0,-0.8,0.0,0.0001,16.0,25903.0
2026-07-30T19:00:46.359Z,215.842,215.856,0.0,7.4,0.0,0.0,0.0,0.0,0.0,0.0,0.0,0.0,1.0,0.0,0.0,0.0,9.0,4.0,0.0,0.0,0.0,0.0,0.0,0.0,0.0,0.0,1.0,12.0,1.0,12.17,5.01,2.51,1.5,0.0,0.0,0.0,0.4,0.0,-0.8,-0.5,-0.1,-169.70000000000002,0.0,0.0,169.8,0.0,21.3,29.5,29.5,30.0,300.0,300.0,31.4,35.5,29.4,28.6,30.4,4.95,1.99,4.97,0.16,0.0,0.0,1027.0,8228.0,0.0,0.0,0.0,0.0,0.0,1.0,0.0,0.0,0.0,0.0,0.0,-0.8,0.0,0.0,0.0,0.0,16.0,25903.0
2026-07-30T19:00:46.371Z,215.854,215.868,0.0,7.4,0.0,0.0,0.0,0.0,0.0,0.0,0.0,0.0,1.0,0.0,0.0,0.0,9.0,4.0,0.0,0.0,0.0,0.0,0.0,0.0,0.0,0.0,2.0,12.0,1.0,12.17,5.01,2.51,1.5,0.0,0.0,0.0,0.4,0.0,0.3,-0.5,-1.3,-169.70000000000002,0.0,0.0,169.70000000000002,0.0,21.3,29.5,29.5,30.0,300.0,300.0,31.4,35.5,29.4,28.6,30.4,4.96,2.0,4.96,0.16,0.0,0.0,1027.0,8228.0,0.0,0.0,0.0,0.0,0.0,1.0,0.0,0.0,0.0,0.0,0.0,-1.6,0.0,1.0,0.0,0.0001,16.0,25903.0
2026-07-30T19:00:46.383Z,215.866,215.88,0.0,7.4,0.0,0.0,0.0,0.0,0.0,0.0,0.0,0.0,1.0,0.0,0.0,0.0,9.0,4.0,0.0,0.0,0.0,0.0,0.0,0.0,0.0,0.0,3.0,12.0,1.0,12.17,5.01,2.51,1.5,0.0,0.1,0.0,0.4,0.0,0.3,0.0,0.3,-169.70000000000002,0.0,0.0,169.60000000000002,0.0,21.3,29.5,29.5,30.0,300.0,300.0,31.4,35.5,29.4,28.6,30.4,4.96,2.0,4.96,0.16,0.0,0.0,1027.0,8228.0,0.0,0.0,0.0,0.0,0.0,1.0,0.0,0.0,0.0,0.0,0.0,-0.4,0.0,1.3,0.0,0.0001,16.0,25903.0
2026-07-30T19:00:46.395Z,215.878,215.892,0.0,7.4,0.0,0.0,0.0,0.0,0.0,0.0,0.0,0.0,1.0,0.0,0.0,0.0,9.0,4.0,0.0,0.0,0.0,0.0,0.0,0.0,0.0,0.0,4.0,12.0,1.0,12.17,5.01,2.51,1.5,0.0,0.0,0.0,0.4,0.0,-0.2,0.5,-0.2,-169.70000000000002,0.0,0.0,169.8,0.0,21.3,29.5,29.5,30.0,300.0,300.0,31.4,35.5,29.4,28.6,30.4,4.95,1.99,4.96,0.17,0.0,0.0,1027.0,8228.0,0.0,0.0,0.0,0.0,0.0,1.0,0.0,0.0,0.0,0.0,0.0,0.8,0.0,-0.2,0.0,0.0001,16.0,25903.0
2026-07-30T19:00:46.407Z,215.89,215.904,0.0,7.4,0.0,0.0,0.0,0.0,0.0,0.0,0.0,0.0,1.0,0.0,0.0,0.0,9.0,4.0,0.0,0.0,0.0,0.0,0.0,0.0,0.0,0.0,4.0,12.0,1.0,12.17,5.01,2.51,1.5,0.0,0.0,0.0,0.5,0.0,0.3,0.0,1.0,-169.70000000000002,0.0,0.0,169.70000000000002,0.0,21.3,29.5,29.5,30.0,300.0,300.0,31.4,35.5,29.4,28.6,30.4,4.95,1.99,4.97,0.16,0.0,0.0,1027.0,8228.0,0.0,0.0,0.0,0.0,0.0,1.0,0.0,0.0,0.0,0.0,0.0,0.7000000000000001,0.0,-0.8,0.0,0.0001,16.0,25903.0
2026-07-30T19:00:46.419Z,215.902,215.916,0.0,7.4,0.0,0.0,0.0,0.0,0.0,0.0,0.0,0.0,1.0,0.0,0.0,0.0,9.0,4.0,0.0,0.0,0.0,0.0,0.0,0.0,0.0,0.0,5.0,12.0,1.0,12.17,5.01,2.51,1.5,0.0,0.0,0.0,0.4,0.0,0.3,-1.1,-0.1,-169.70000000000002,0.0,0.0,169.70000000000002,0.0,21.3,29.5,29.5,30.0,300.0,300.0,31.4,35.5,29.4,28.6,30.4,4.96,1.99,4.96,0.16,0.0,0.0,1027.0,8228.0,0.0,0.0,0.0,0.0,0.0,1.0,0.0,0.0,0.0,0.0,0.0,-1.4,0.0,-0.1,0.0,0.0001,16.0,25903.0
2026-07-30T19:00:46.431Z,215.914,215.928,0.0,7.4,0.0,0.0,0.0,0.0,0.0,0.0,0.0,0.0,1.0,0.0,0.0,0.0,9.0,4.0,0.0,0.0,0.0,0.0,0.0,0.0,0.0,0.0,1.0,12.0,1.0,12.17,5.01,2.5,1.49,0.0,0.0,0.0,0.4,0.0,0.3,1.1,0.4,-169.70000000000002,0.0,0.0,169.70000000000002,0.0,21.700000000000003,29.5,29.5,30.0,300.0,300.0,31.3,35.4,29.4,28.5,30.4,4.96,1.99,4.97,0.16,0.0,0.0,1027.0,8228.0,0.0,0.0,0.0,0.0,0.0,1.0,0.0,0.0,0.0,0.0,0.0,1.6,0.0,-0.1,0.0,0.0001,16.0,25903.0
2026-07-30T19:00:46.443Z,215.926,215.94,0.0,7.4,0.0,0.0,0.0,0.0,0.0,0.0,0.0,0.0,1.0,0.0,0.0,0.0,9.0,4.0,0.0,0.0,0.0,0.0,0.0,0.0,0.0,0.0,2.0,12.0,1.0,12.17,5.01,2.5,1.49,0.0,0.0,0.0,0.4,0.0,-0.2,1.1,-0.7000000000000001,-169.70000000000002,0.0,0.0,169.60000000000002,0.0,21.700000000000003,29.5,29.5,30.0,300.0,300.0,31.3,35.4,29.4,28.5,30.4,4.95,1.99,4.97,0.16,0.0,0.0,1027.0,8228.0,0.0,0.0,0.0,0.0,0.0,1.0,0.0,0.0,0.0,0.0,0.0,0.7000000000000001,0.0,0.8,0.0,0.0,16.0,25903.0
2026-07-30T19:00:46.455Z,215.938,215.952,0.0,7.4,0.0,0.0,0.0,0.0,0.0,0.0,0.0,0.0,1.0,0.0,0.0,0.0,9.0,4.0,0.0,0.0,0.0,0.0,0.0,0.0,0.0,0.0,4.0,12.0,1.0,12.17,5.01,2.5,1.49,0.0,0.1,0.0,0.4,0.0,0.8,-1.2000000000000002,-0.7000000000000001,-169.70000000000002,0.0,0.0,169.70000000000002,0.0,21.700000000000003,29.5,29.5,30.0,300.0,300.0,31.3,35.4,29.4,28.5,30.4,4.96,1.99,4.97,0.16,0.0,0.0,1027.0,8228.0,0.0,0.0,0.0,0.0,0.0,1.0,0.0,0.0,0.0,0.0,0.0,-1.9,0.0,0.4,0.0,0.0001,16.0,25903.0
2026-07-30T19:00:46.467Z,215.95,215.964,0.0,7.4,0.0,0.0,0.0,0.0,0.0,0.0,0.0,0.0,1.0,0.0,0.0,0.0,9.0,4.0,0.0,0.0,0.0,0.0,0.0,0.0,0.0,0.0,5.0,12.0,1.0,12.17,5.01,2.5,1.49,0.0,0.0,0.0,0.4,0.0,0.3,0.0,0.3,-169.70000000000002,0.0,0.0,169.60000000000002,0.0,21.700000000000003,29.5,29.5,30.0,300.0,300.0,31.3,35.4,29.4,28.5,30.4,4.96,1.99,4.96,0.16,0.0,0.0,1027.0,8228.0,0.0,0.0,0.0,0.0,0.0,1.0,0.0,0.0,0.0,0.0,0.0,0.2,0.0,-0.3,0.0,0.0,16.0,25903.0
2026-07-30T19:00:46.479Z,215.962,215.976,0.0,7.4,0.0,0.0,0.0,0.0,0.0,0.0,0.0,0.0,1.0,0.0,0.0,0.0,9.0,4.0,0.0,0.0,0.0,0.0,0.0,0.0,0.0,0.0,1.0,12.0,1.0,12.17,5.01,2.5,1.49,0.0,0.0,0.0,0.4,0.0,-0.8,0.0,-0.1,-169.70000000000002,0.0,0.0,169.70000000000002,0.0,21.700000000000003,29.5,29.5,30.0,300.0,300.0,31.3,35.4,29.4,28.5,30.4,4.96,1.99,4.96,0.16,0.0,0.0,1027.0,8228.0,0.0,0.0,0.0,0.0,0.0,1.0,0.0,0.0,0.0,0.0,0.0,-0.1,0.0,0.1,0.0,0.0,16.0,25903.0
2026-07-30T19:00:46.491Z,215.974,215.988,0.0,7.4,0.0,0.0,0.0,0.0,0.0,0.0,0.0,0.0,1.0,0.0,0.0,0.0,9.0,4.0,0.0,0.0,0.0,0.0,0.0,0.0,0.0,0.0,2.0,12.0,1.0,12.17,5.01,2.5,1.49,0.0,0.0,0.0,0.4,0.0,0.3,-0.5,0.9,-169.70000000000002,0.0,0.0,169.70000000000002,0.0,21.700000000000003,29.5,29.5,30.0,300.0,300.0,31.3,35.4,29.4,28.5,30.4,4.96,1.99,4.96,0.16,0.0,0.0,1027.0,8228.0,0.0,0.0,0.0,0.0,0.0,1.0,0.0,0.0,0.0,0.0,0.0,0.0,0.0,-0.9,0.0,0.0001,16.0,25903.0
2026-07-30T19:00:46.503Z,215.986,216.0,0.0,7.4,0.0,0.0,0.0,0.0,0.0,0.0,0.0,0.0,1.0,0.0,0.0,0.0,9.0,4.0,0.0,0.0,0.0,0.0,0.0,0.0,0.0,0.0,4.0,12.0,1.0,12.17,5.01,2.5,1.49,0.0,0.0,0.0,0.4,0.0,0.3,0.5,-1.3,-169.70000000000002,0.0,0.0,169.8,0.0,21.700000000000003,29.5,29.5,30.0,300.0,300.0,31.3,35.4,29.4,28.5,30.4,4.95,1.99,4.96,0.16,0.0,0.0,1027.0,8228.0,0.0,0.0,0.0,0.0,0.0,1.0,0.0,0.0,0.0,0.0,0.0,-0.3,0.0,1.3,0.0,0.0,16.0,25903.0
2026-07-30T19:00:46.515Z,215.998,216.012,0.0,7.4,0.0,0.0,0.0,0.0,0.0,0.0,0.0,0.0,1.0,0.0,0.0,0.0,9.0,4.0,0.0,0.0,0.0,0.0,0.0,0.0,0.0,0.0,5.0,12.0,1.0,12.17,5.01,2.5,1.49,0.0,0.0,0.0,0.4,0.0,-0.2,-2.3000000000000003,-1.3,-169.70000000000002,0.0,0.0,169.60000000000002,0.0,21.700000000000003,29.5,29.5,30.0,300.0,300.0,31.3,35.4,29.4,28.5,30.4,4.95,1.99,4.97,0.16,0.0,0.0,1027.0,8228.0,0.0,0.0,0.0,0.0,0.0,1.0,0.0,0.0,0.0,0.0,0.0,-3.7,0.0,0.7000000000000001,0.0,0.0001,16.0,25903.0
2026-07-30T19:00:46.527Z,216.01,216.024,0.0,7.4,0.0,0.0,0.0,0.0,0.0,0.0,0.0,0.0,1.0,0.0,0.0,0.0,9.0,4.0,0.0,0.0,0.0,0.0,0.0,0.0,0.0,0.0,6.0,12.0,1.0,12.17,5.01,2.5,1.49,0.0,0.0,0.0,0.4,0.0,0.3,1.7000000000000002,2.1,-169.70000000000002,0.0,0.0,169.70000000000002,0.0,21.700000000000003,29.5,29.5,30.0,300.0,300.0,31.3,35.4,29.4,28.5,30.4,4.95,1.99,4.96,0.16,0.0,0.0,1027.0,8228.0,0.0,0.0,0.0,0.0,0.0,1.0,0.0,0.0,0.0,0.0,0.0,3.5,0.0,-1.5,0.0,0.0002,16.0,25903.0
2026-07-30T19:00:46.539Z,216.022,216.036,0.0,7.4,0.0,0.0,0.0,0.0,0.0,0.0,0.0,0.0,1.0,0.0,0.0,0.0,9.0,4.0,0.0,0.0,0.0,0.0,0.0,0.0,0.0,0.0,1.0,12.0,1.0,12.17,5.01,2.5,1.49,0.0,0.0,0.0,0.4,0.0,0.3,0.0,-0.1,-169.70000000000002,0.0,0.0,169.70000000000002,0.0,21.4,29.5,29.5,30.0,300.0,300.0,31.3,35.4,29.4,28.6,30.4,4.96,1.99,4.96,0.16,0.0,0.0,1027.0,8228.0,0.0,0.0,0.0,0.0,0.0,1.0,0.0,0.0,0.0,0.0,0.0,-0.1,0.0,0.1,0.0,0.0,16.0,25903.0
2026-07-30T19:00:46.551Z,216.034,216.048,0.0,7.4,0.0,0.0,0.0,0.0,0.0,0.0,0.0,0.0,1.0,0.0,0.0,0.0,9.0,4.0,0.0,0.0,0.0,0.0,0.0,0.0,0.0,0.0,2.0,12.0,1.0,12.17,5.01,2.5,1.49,0.0,0.0,0.0,0.4,0.0,-0.8,-1.1,-0.7000000000000001,-169.70000000000002,0.0,0.0,169.8,0.0,21.4,29.5,29.5,30.0,300.0,300.0,31.3,35.4,29.4,28.6,30.4,4.95,1.99,4.96,0.16,0.0,0.0,1027.0,8228.0,0.0,0.0,0.0,0.0,0.0,1.0,0.0,0.0,0.0,0.0,0.0,-1.8,0.0,0.4,0.0,0.0002,16.0,25903.0
2026-07-30T19:00:46.563Z,216.046,216.06,0.0,7.4,0.0,0.0,0.0,0.0,0.0,0.0,0.0,0.0,1.0,0.0,0.0,0.0,9.0,4.0,0.0,0.0,0.0,0.0,0.0,0.0,0.0,0.0,3.0,12.0,1.0,12.17,5.01,2.5,1.49,0.0,0.0,0.0,0.4,0.0,0.3,-0.5,-0.1,-169.70000000000002,0.0,0.0,169.70000000000002,0.0,21.4,29.5,29.5,30.0,300.0,300.0,31.3,35.4,29.4,28.6,30.4,4.95,1.99,4.97,0.16,0.0,0.0,1027.0,8228.0,0.0,0.0,0.0,0.0,0.0,1.0,0.0,0.0,0.0,0.0,0.0,-0.7000000000000001,0.0,0.0,0.0,0.0001,16.0,25903.0
2026-07-30T19:00:46.575Z,216.058,216.072,0.0,7.4,0.0,0.0,0.0,0.0,0.0,0.0,0.0,0.0,1.0,0.0,0.0,0.0,9.0,4.0,0.0,0.0,0.0,0.0,0.0,0.0,0.0,0.0,4.0,12.0,1.0,12.17,5.01,2.5,1.49,0.0,0.0,0.0,0.4,0.0,0.3,0.6000000000000001,0.3,-169.70000000000002,0.0,0.0,169.70000000000002,0.0,21.4,29.5,29.5,30.0,300.0,300.0,31.3,35.4,29.4,28.6,30.4,4.95,2.0,4.96,0.16,0.0,0.0,1027.0,8228.0,0.0,0.0,0.0,0.0,0.0,1.0,0.0,0.0,0.0,0.0,0.0,0.9,0.0,-0.2,0.0,0.0002,16.0,25903.0
2026-07-30T19:00:46.586Z,216.069,216.084,0.0,7.4,0.0,0.0,0.0,0.0,0.0,0.0,0.0,0.0,1.0,0.0,0.0,0.0,9.0,4.0,0.0,0.0,0.0,0.0,0.0,0.0,0.0,0.0,6.0,12.0,1.0,12.17,5.01,2.5,1.49,0.0,0.0,0.0,0.4,0.0,-0.2,0.0,1.6,-169.70000000000002,0.0,0.0,169.70000000000002,0.0,21.4,29.5,29.5,30.0,300.0,300.0,31.3,35.4,29.4,28.6,30.4,4.96,1.99,4.96,0.16,0.0,0.0,1027.0,8228.0,0.0,0.0,0.0,0.0,0.0,1.0,0.0,0.0,0.0,0.0,0.0,1.2000000000000002,0.0,-1.4,0.0,0.0001,16.0,25903.0
2026-07-30T19:00:46.599Z,216.082,216.096,0.0,7.4,0.0,0.0,0.0,0.0,0.0,0.0,0.0,0.0,1.0,0.0,0.0,0.0,9.0,4.0,0.0,0.0,0.0,0.0,0.0,0.0,0.0,0.0,1.0,12.0,1.0,12.17,5.01,2.5,1.49,0.0,0.0,0.0,0.4,0.0,0.3,-0.5,-0.7000000000000001,-169.70000000000002,0.0,0.0,169.8,0.0,21.4,29.5,29.5,30.0,300.0,300.0,31.3,35.4,29.4,28.6,30.4,4.95,1.99,4.97,0.16,0.0,0.0,1027.0,8228.0,0.0,0.0,0.0,0.0,0.0,1.0,0.0,0.0,0.0,0.0,0.0,-1.1,0.0,0.5,0.0,0.0,16.0,25903.0
2026-07-30T19:00:46.611Z,216.094,216.108,0.0,7.4,0.0,0.0,0.0,0.0,0.0,0.0,0.0,0.0,1.0,0.0,0.0,0.0,9.0,4.0,0.0,0.0,0.0,0.0,0.0,0.0,0.0,0.0,2.0,12.0,1.0,12.17,5.01,2.5,1.49,0.0,0.0,0.0,0.4,0.0,-0.8,0.6000000000000001,0.4,-169.70000000000002,0.0,0.0,169.8,0.0,21.4,29.5,29.5,30.0,300.0,300.0,31.3,35.4,29.4,28.6,30.4,4.96,1.99,4.96,0.16,0.0,0.0,1027.0,8228.0,0.0,0.0,0.0,0.0,0.0,1.0,0.0,0.0,0.0,0.0,0.0,1.0,0.0,-0.2,0.0,0.0001,16.0,25903.0
2026-07-30T19:00:46.623Z,216.106,216.12,0.0,7.4,0.0,0.0,0.0,0.0,0.0,0.0,0.0,0.0,1.0,0.0,0.0,0.0,9.0,4.0,0.0,0.0,0.0,0.0,0.0,0.0,0.0,0.0,3.0,12.0,1.0,12.17,5.01,2.5,1.49,0.0,0.0,0.0,0.4,0.0,-0.2,0.6000000000000001,0.4,-169.70000000000002,0.0,0.0,169.8,0.0,21.4,29.5,29.5,30.0,300.0,300.0,31.3,35.4,29.4,28.6,30.4,4.96,1.99,4.96,0.16,0.0,0.0,1027.0,8228.0,0.0,0.0,0.0,0.0,0.0,1.0,0.0,0.0,0.0,0.0,0.0,1.1,0.0,-0.2,0.0,0.0001,16.0,25903.0
2026-07-30T19:00:46.635Z,216.118,216.132,0.0,7.4,0.0,0.0,0.0,0.0,0.0,0.0,0.0,0.0,1.0,0.0,0.0,0.0,9.0,4.0,0.0,0.0,0.0,0.0,0.0,0.0,0.0,0.0,4.0,12.0,1.0,12.15,5.01,2.51,1.49,0.0,0.0,0.0,0.4,0.0,-0.2,1.2000000000000002,-0.6000000000000001,-169.70000000000002,0.0,0.0,169.8,0.0,21.700000000000003,29.5,29.5,30.0,300.0,300.0,31.3,35.4,29.3,28.6,30.4,4.95,1.99,4.96,0.16,0.0,0.0,1027.0,8228.0,0.0,0.0,0.0,0.0,0.0,1.0,0.0,0.0,0.0,0.0,0.0,0.9,0.0,0.8,0.0,0.0,16.0,25903.0
2026-07-30T19:00:46.651Z,216.134,216.144,0.0,7.4,0.0,0.0,0.0,0.0,0.0,0.0,0.0,0.0,1.0,0.0,0.0,0.0,9.0,4.0,0.0,0.0,0.0,0.0,0.0,0.0,0.0,0.0,5.0,12.0,1.0,12.15,5.01,2.51,1.49,0.0,0.0,0.0,0.4,0.0,-0.2,0.6000000000000001,-0.1,-169.70000000000002,0.0,0.0,169.8,0.0,21.700000000000003,29.5,29.5,30.0,300.0,300.0,31.3,35.4,29.3,28.6,30.4,4.94,1.99,4.97,0.16,0.0,0.0,1027.0,8228.0,0.0,0.0,0.0,0.0,0.0,1.0,0.0,0.0,0.0,0.0,0.0,0.6000000000000001,0.0,0.2,0.0,0.0,16.0,25903.0
2026-07-30T19:00:46.659Z,216.142,216.156,0.0,7.4,0.0,0.0,0.0,0.0,0.0,0.0,0.0,0.0,1.0,0.0,0.0,0.0,9.0,4.0,0.0,0.0,0.0,0.0,0.0,0.0,0.0,0.0,3.0,12.0,1.0,12.15,5.01,2.51,1.49,0.0,0.0,0.0,0.4,0.0,-0.8,0.0,-1.2000000000000002,-169.70000000000002,0.0,0.0,169.70000000000002,0.0,21.700000000000003,29.5,29.5,30.0,300.0,300.0,31.3,35.4,29.3,28.6,30.4,4.96,2.0,4.96,0.16,0.0,0.0,1027.0,8228.0,0.0,0.0,0.0,0.0,0.0,1.0,0.0,0.0,0.0,0.0,0.0,-0.8,0.0,1.1,0.0,0.0001,16.0,25903.0
2026-07-30T19:00:46.671Z,216.154,216.168,0.0,7.4,0.0,0.0,0.0,0.0,0.0,0.0,0.0,0.0,1.0,0.0,0.0,0.0,9.0,4.0,0.0,0.0,0.0,0.0,0.0,0.0,0.0,0.0,4.0,12.0,1.0,12.15,5.01,2.51,1.49,0.0,0.0,0.0,0.4,0.0,0.3,0.6000000000000001,1.0,-169.70000000000002,0.0,0.0,169.8,0.0,21.700000000000003,29.5,29.5,30.0,300.0,300.0,31.3,35.4,29.3,28.6,30.4,4.96,1.99,4.97,0.16,0.0,0.0,1027.0,8228.0,0.0,0.0,0.0,0.0,0.0,1.0,0.0,0.0,0.0,0.0,0.0,1.4,0.0,-0.8,0.0,0.0001,16.0,25903.0
2026-07-30T19:00:46.683Z,216.166,216.18,0.0,7.4,0.0,0.0,0.0,0.0,0.0,0.0,0.0,0.0,1.0,0.0,0.0,0.0,9.0,4.0,0.0,0.0,0.0,0.0,0.0,0.0,0.0,0.0,5.0,12.0,1.0,12.15,5.01,2.51,1.49,0.0,0.0,0.0,0.4,0.0,0.3,-0.5,-0.7000000000000001,-169.70000000000002,0.0,0.0,169.8,0.0,21.700000000000003,29.5,29.5,30.0,300.0,300.0,31.3,35.4,29.3,28.6,30.4,4.95,1.99,4.97,0.16,0.0,0.0,1027.0,8228.0,0.0,0.0,0.0,0.0,0.0,1.0,0.0,0.0,0.0,0.0,0.0,-1.1,0.0,0.5,0.0,0.0001,16.0,25903.0
2026-07-30T19:00:46.695Z,216.178,216.192,0.0,7.4,0.0,0.0,0.0,0.0,0.0,0.0,0.0,0.0,1.0,0.0,0.0,0.0,9.0,4.0,0.0,0.0,0.0,0.0,0.0,0.0,0.0,0.0,6.0,12.0,1.0,12.15,5.01,2.51,1.49,0.0,0.0,0.0,0.4,0.0,0.3,-1.0,-0.7000000000000001,-169.70000000000002,0.0,0.0,169.8,0.0,21.700000000000003,29.5,29.5,30.0,300.0,300.0,31.3,35.4,29.3,28.6,30.4,4.96,1.99,4.96,0.16,0.0,0.0,1027.0,8228.0,0.0,0.0,0.0,0.0,0.0,1.0,0.0,0.0,0.0,0.0,0.0,-1.7000000000000002,0.0,0.4,0.0,0.0,16.0,25903.0
2026-07-30T19:00:46.707Z,216.19,216.204,0.0,7.4,0.0,0.0,0.0,0.0,0.0,0.0,0.0,0.0,1.0,0.0,0.0,0.0,9.0,4.0,0.0,0.0,0.0,0.0,0.0,0.0,0.0,0.0,2.0,12.0,1.0,12.15,5.01,2.51,1.49,0.0,0.0,0.0,0.4,0.0,-0.2,-0.4,2.2,-169.70000000000002,0.0,0.0,169.70000000000002,0.0,21.700000000000003,29.5,29.5,30.0,300.0,300.0,31.3,35.4,29.3,28.6,30.4,4.96,2.0,4.96,0.16,0.0,0.0,1027.0,8228.0,0.0,0.0,0.0,0.0,0.0,1.0,0.0,0.0,0.0,0.0,0.0,1.0,0.0,-2.0,0.0,0.0,16.0,25903.0
2026-07-30T19:00:46.719Z,216.202,216.216,0.0,7.4,0.0,0.0,0.0,0.0,0.0,0.0,0.0,0.0,1.0,0.0,0.0,0.0,9.0,4.0,0.0,0.0,0.0,0.0,0.0,0.0,0.0,0.0,3.0,12.0,1.0,12.15,5.01,2.51,1.49,0.0,0.1,0.0,0.4,0.0,0.9,0.1,-0.1,-169.70000000000002,0.0,0.0,169.70000000000002,0.0,21.700000000000003,29.5,29.5,30.0,300.0,300.0,31.3,35.4,29.3,28.6,30.4,4.96,1.99,4.97,0.16,0.0,0.0,1027.0,8228.0,0.0,0.0,0.0,0.0,0.0,1.0,0.0,0.0,0.0,0.0,0.0,0.0,0.0,0.1,0.0,0.0001,16.0,25903.0
2026-07-30T19:00:46.731Z,216.214,216.228,0.0,7.4,0.0,0.0,0.0,0.0,0.0,0.0,0.0,0.0,1.0,0.0,0.0,0.0,9.0,4.0,0.0,0.0,0.0,0.0,0.0,0.0,0.0,0.0,4.0,12.0,1.0,12.15,5.01,2.51,1.49,0.0,0.0,0.0,0.4,0.0,-0.7000000000000001,0.1,0.4,-169.70000000000002,0.0,0.0,169.70000000000002,0.0,21.700000000000003,29.5,29.5,30.0,300.0,300.0,31.3,35.4,29.3,28.6,30.4,4.96,1.99,4.97,0.16,0.0,0.0,1027.0,8228.0,0.0,0.0,0.0,0.0,0.0,1.0,0.0,0.0,0.0,0.0,0.0,0.5,0.0,-0.3,0.0,0.0001,16.0,25903.0
2026-07-30T19:00:46.743Z,216.226,216.24,0.0,7.4,0.0,0.0,0.0,0.0,0.0,0.0,0.0,0.0,1.0,0.0,0.0,0.0,9.0,4.0,0.0,0.0,0.0,0.0,0.0,0.0,0.0,0.0,5.0,12.0,1.0,12.18,5.01,2.51,1.49,0.0,0.1,0.0,0.4,0.0,-0.2,-0.4,-0.6000000000000001,-169.70000000000002,0.0,0.0,169.70000000000002,0.0,21.700000000000003,29.5,29.5,30.0,300.0,300.0,31.4,35.5,29.3,28.5,30.4,4.96,1.99,4.96,0.16,0.0,0.0,1027.0,8228.0,0.0,0.0,0.0,0.0,0.0,1.0,0.0,0.0,0.0,0.0,0.0,-1.0,0.0,0.5,0.0,0.0,16.0,25903.0
2026-07-30T19:00:46.755Z,216.238,216.252,0.0,7.4,0.0,0.0,0.0,0.0,0.0,0.0,0.0,0.0,1.0,0.0,0.0,0.0,9.0,4.0,0.0,0.0,0.0,0.0,0.0,0.0,0.0,0.0,6.0,12.0,1.0,12.18,5.01,2.51,1.49,0.0,0.0,0.0,0.4,0.0,0.9,-0.4,-0.6000000000000001,-169.70000000000002,0.0,0.0,169.8,0.0,21.700000000000003,29.5,29.5,30.0,300.0,300.0,31.4,35.5,29.3,28.5,30.4,4.95,1.99,4.97,0.16,0.0,0.0,1027.0,8228.0,0.0,0.0,0.0,0.0,0.0,1.0,0.0,0.0,0.0,0.0,0.0,-1.0,0.0,0.5,0.0,0.0,16.0,25903.0
2026-07-30T19:00:46.767Z,216.25,216.264,0.0,7.4,0.0,0.0,0.0,0.0,0.0,0.0,0.0,0.0,1.0,0.0,0.0,0.0,9.0,4.0,0.0,0.0,0.0,0.0,0.0,0.0,0.0,0.0,1.0,12.0,1.0,12.18,5.01,2.51,1.49,0.0,0.0,0.0,0.4,0.0,-0.2,0.7000000000000001,0.4,-169.70000000000002,0.0,0.0,169.70000000000002,0.0,21.700000000000003,29.5,29.5,30.0,300.0,300.0,31.4,35.5,29.3,28.5,30.4,4.95,1.99,4.96,0.16,0.0,0.0,1027.0,8228.0,0.0,0.0,0.0,0.0,0.0,1.0,0.0,0.0,0.0,0.0,0.0,1.1,0.0,-0.2,0.0,0.0,16.0,25903.0
2026-07-30T19:00:46.779Z,216.262,216.276,0.0,7.4,0.0,0.0,0.0,0.0,0.0,0.0,0.0,0.0,1.0,0.0,0.0,0.0,9.0,4.0,0.0,0.0,0.0,0.0,0.0,0.0,0.0,0.0,2.0,12.0,1.0,12.18,5.01,2.51,1.49,0.0,0.0,0.0,0.4,0.0,0.3,0.7000000000000001,0.4,-169.70000000000002,0.0,0.0,169.60000000000002,0.0,21.700000000000003,29.5,29.5,30.0,300.0,300.0,31.4,35.5,29.3,28.5,30.4,4.96,2.0,4.96,0.16,0.0,0.0,1027.0,8228.0,0.0,0.0,0.0,0.0,0.0,1.0,0.0,0.0,0.0,0.0,0.0,1.1,0.0,-0.2,0.0,0.0,16.0,25903.0
2026-07-30T19:00:46.791Z,216.274,216.288,0.0,7.4,0.0,0.0,0.0,0.0,0.0,0.0,0.0,0.0,1.0,0.0,0.0,0.0,9.0,4.0,0.0,0.0,0.0,0.0,0.0,0.0,0.0,0.0,4.0,12.0,1.0,12.18,5.01,2.51,1.49,0.0,0.0,0.0,0.4,0.0,-0.2,-0.4,0.4,-169.70000000000002,0.0,0.0,169.8,0.0,21.700000000000003,29.5,29.5,30.0,300.0,300.0,31.4,35.5,29.3,28.5,30.4,4.95,2.0,4.96,0.17,0.0,0.0,1027.0,8228.0,0.0,0.0,0.0,0.0,0.0,1.0,0.0,0.0,0.0,0.0,0.0,-0.1,0.0,-0.5,0.0,0.0002,16.0,25903.0
2026-07-30T19:00:46.803Z,216.286,216.3,0.0,7.4,0.0,0.0,0.0,0.0,0.0,0.0,0.0,0.0,1.0,0.0,0.0,0.0,9.0,4.0,0.0,0.0,0.0,0.0,0.0,0.0,0.0,0.0,4.0,12.0,1.0,12.18,5.01,2.51,1.49,0.0,0.0,0.0,0.4,0.0,0.3,0.7000000000000001,0.4,-169.70000000000002,0.0,0.0,169.8,0.0,21.700000000000003,29.5,29.5,30.0,300.0,300.0,31.4,35.5,29.3,28.5,30.4,4.96,1.99,4.97,0.17,0.0,0.0,1027.0,8228.0,0.0,0.0,0.0,0.0,0.0,1.0,0.0,0.0,0.0,0.0,0.0,1.2000000000000002,0.0,-0.2,0.0,0.0002,16.0,25903.0
2026-07-30T19:00:46.815Z,216.298,216.312,0.0,7.4,0.0,0.0,0.0,0.0,0.0,0.0,0.0,0.0,1.0,0.0,0.0,0.0,9.0,4.0,0.0,0.0,0.0,0.0,0.0,0.0,0.0,0.0,5.0,12.0,1.0,12.18,5.01,2.51,1.49,0.0,0.0,0.0,0.4,0.0,0.3,-1.0,-2.4000000000000004,-169.70000000000002,0.0,0.0,169.8,0.0,21.700000000000003,29.5,29.5,30.0,300.0,300.0,31.4,35.5,29.3,28.5,30.4,4.96,1.99,4.96,0.16,0.0,0.0,1027.0,8228.0,0.0,0.0,0.0,0.0,0.0,1.0,0.0,0.0,0.0,0.0,0.0,-2.9000000000000004,0.0,1.9,0.0,0.0,16.0,25903.0
2026-07-30T19:00:46.827Z,216.31,216.324,0.0,7.4,0.0,0.0,0.0,0.0,0.0,0.0,0.0,0.0,1.0,0.0,0.0,0.0,9.0,4.0,0.0,0.0,0.0,0.0,0.0,0.0,0.0,0.0,6.0,12.0,1.0,12.18,5.01,2.51,1.49,0.0,0.0,0.0,0.4,0.0,0.3,0.6000000000000001,0.0,-169.70000000000002,0.0,0.0,169.8,0.0,21.700000000000003,29.5,29.5,30.0,300.0,300.0,31.4,35.5,29.3,28.5,30.4,4.96,1.99,4.96,0.15,0.0,0.0,1027.0,8228.0,0.0,0.0,0.0,0.0,0.0,1.0,0.0,0.0,0.0,0.0,0.0,0.7000000000000001,0.0,0.2,0.0,0.0001,16.0,25903.0
2026-07-30T19:00:46.839Z,216.322,216.336,0.0,7.4,0.0,0.0,0.0,0.0,0.0,0.0,0.0,0.0,1.0,0.0,0.0,0.0,9.0,4.0,0.0,0.0,0.0,0.0,0.0,0.0,0.0,0.0,1.0,12.0,1.0,12.2,5.01,2.5,1.5,0.0,0.0,0.0,0.4,0.0,0.9,-0.4,-0.6000000000000001,-169.70000000000002,0.0,0.0,169.8,0.0,21.4,29.5,29.5,30.0,300.0,300.0,31.5,35.4,29.4,28.5,30.4,4.95,1.99,4.97,0.16,0.0,0.0,1027.0,8228.0,0.0,0.0,0.0,0.0,0.0,1.0,0.0,0.0,0.0,0.0,0.0,-0.9,0.0,0.5,0.0,0.0,16.0,25903.0
2026-07-30T19:00:46.851Z,216.334,216.348,0.0,7.4,0.0,0.0,0.0,0.0,0.0,0.0,0.0,0.0,1.0,0.0,0.0,0.0,9.0,4.0,0.0,0.0,0.0,0.0,0.0,0.0,0.0,0.0,2.0,12.0,1.0,12.2,5.01,2.5,1.5,0.0,0.0,0.0,0.5,0.0,-0.2,0.1,1.0,-169.70000000000002,0.0,0.0,169.8,0.0,21.4,29.5,29.5,30.0,300.0,300.0,31.5,35.4,29.4,28.5,30.4,4.96,1.99,4.97,0.16,0.0,0.0,1027.0,8228.0,0.0,0.0,0.0,0.0,0.0,1.0,0.0,0.0,0.0,0.0,0.0,0.9,0.0,-0.8,0.0,0.0001,16.0,25903.0
2026-07-30T19:00:46.863Z,216.346,216.36,0.0,7.4,0.0,0.0,0.0,0.0,0.0,0.0,0.0,0.0,1.0,0.0,0.0,0.0,9.0,4.0,0.0,0.0,0.0,0.0,0.0,0.0,0.0,0.0,4.0,12.0,1.0,12.2,5.01,2.5,1.5,0.0,0.0,0.0,0.4,0.0,0.3,0.1,0.4,-169.70000000000002,0.0,0.0,169.8,0.0,21.4,29.5,29.5,30.0,300.0,300.0,31.5,35.4,29.4,28.5,30.4,4.96,2.0,4.96,0.16,0.0,0.0,1027.0,8228.0,0.0,0.0,0.0,0.0,0.0,1.0,0.0,0.0,0.0,0.0,0.0,0.4,0.0,-0.3,0.0,0.0001,16.0,25903.0
2026-07-30T19:00:46.875Z,216.358,216.372,0.0,7.4,0.0,0.0,0.0,0.0,0.0,0.0,0.0,0.0,1.0,0.0,0.0,0.0,9.0,4.0,0.0,0.0,0.0,0.0,0.0,0.0,0.0,0.0,5.0,12.0,1.0,12.2,5.01,2.5,1.5,0.0,0.0,0.0,0.4,0.0,0.2,1.3,1.6,-169.70000000000002,0.0,0.0,169.8,0.0,21.4,29.5,29.5,30.0,300.0,300.0,31.5,35.4,29.4,28.5,30.4,4.95,1.99,4.96,0.16,0.0,0.0,1027.0,8228.0,0.0,0.0,0.0,0.0,0.0,1.0,0.0,0.0,0.0,0.0,0.0,2.7,0.0,-1.2000000000000002,0.0,0.0,16.0,25903.0
2026-07-30T19:00:46.887Z,216.37,216.384,0.0,7.4,0.0,0.0,0.0,0.0,0.0,0.0,0.0,0.0,1.0,0.0,0.0,0.0,9.0,4.0,0.0,0.0,0.0,0.0,0.0,0.0,0.0,0.0,6.0,12.0,1.0,12.2,5.01,2.5,1.5,0.0,0.0,0.0,0.4,0.0,-0.2,0.7000000000000001,0.0,-169.70000000000002,0.0,0.0,169.8,0.0,21.4,29.5,29.5,30.0,300.0,300.0,31.5,35.4,29.4,28.5,30.4,4.95,1.99,4.97,0.16,0.0,0.0,1027.0,8228.0,0.0,0.0,0.0,0.0,0.0,1.0,0.0,0.0,0.0,0.0,0.0,0.7000000000000001,0.0,0.2,0.0,0.0,16.0,25903.0
2026-07-30T19:00:46.899Z,216.382,216.396,0.0,7.4,0.0,0.0,0.0,0.0,0.0,0.0,0.0,0.0,1.0,0.0,0.0,0.0,9.0,4.0,0.0,0.0,0.0,0.0,0.0,0.0,0.0,0.0,1.0,12.0,1.0,12.2,5.01,2.5,1.5,0.0,0.0,0.0,0.4,0.0,0.2,-0.4,0.5,-169.70000000000002,0.0,0.0,169.8,0.0,21.4,29.5,29.5,30.0,300.0,300.0,31.5,35.4,29.4,28.5,30.4,4.96,1.99,4.96,0.16,0.0,0.0,1027.0,8228.0,0.0,0.0,0.0,0.0,0.0,1.0,0.0,0.0,0.0,0.0,0.0,0.0,0.0,0.0,0.0,0.0001,16.0,25903.0
2026-07-30T19:00:46.911Z,216.394,216.408,0.0,7.4,0.0,0.0,0.0,0.0,0.0,0.0,0.0,0.0,1.0,0.0,0.0,0.0,9.0,4.0,0.0,0.0,0.0,0.0,0.0,0.0,0.0,0.0,2.0,12.0,1.0,12.2,5.01,2.5,1.5,0.0,0.0,0.0,0.4,0.0,0.2,-0.4,-1.2000000000000002,-169.70000000000002,0.0,0.0,169.8,0.0,21.4,29.5,29.5,30.0,300.0,300.0,31.5,35.4,29.4,28.5,30.4,4.96,1.99,4.96,0.16,0.0,0.0,1027.0,8228.0,0.0,0.0,0.0,0.0,0.0,1.0,0.0,0.0,0.0,0.0,0.0,-1.5,0.0,1.0,0.0,0.0,16.0,25903.0
2026-07-30T19:00:46.923Z,216.406,216.42,0.0,7.4,0.0,0.0,0.0,0.0,0.0,0.0,0.0,0.0,1.0,0.0,0.0,0.0,9.0,4.0,0.0,0.0,0.0,0.0,0.0,0.0,0.0,0.0,3.0,12.0,1.0,12.2,5.01,2.5,1.5,0.0,0.0,0.0,0.4,0.0,-0.3,0.0,-0.6000000000000001,-169.70000000000002,0.0,0.0,169.8,0.0,21.4,29.5,29.5,30.0,300.0,300.0,31.5,35.4,29.4,28.5,30.4,4.95,1.99,4.96,0.16,0.0,0.0,1027.0,8228.0,0.0,0.0,0.0,0.0,0.0,1.0,0.0,0.0,0.0,0.0,0.0,1.8,0.0,-0.2,0.0,0.0,16.0,25903.0
2026-07-30T19:00:46.935Z,216.418,216.432,0.0,7.4,0.0,0.0,0.0,0.0,0.0,0.0,0.0,0.0,1.0,0.0,0.0,0.0,9.0,4.0,0.0,0.0,0.0,0.0,0.0,0.0,0.0,0.0,4.0,12.0,1.0,12.2,5.01,2.5,1.5,0.0,0.0,0.0,0.5,0.0,-0.3,-1.0,0.5,-169.70000000000002,0.0,0.0,169.8,0.0,21.4,29.5,29.5,30.0,300.0,300.0,31.5,35.4,29.4,28.5,30.4,4.96,1.99,4.96,0.16,0.0,0.0,1027.0,8228.0,0.0,0.0,0.0,0.0,0.0,1.0,0.0,0.0,0.0,0.0,0.0,-1.6,0.0,0.3,0.0,0.0,16.0,25903.0
2026-07-30T19:00:46.952Z,216.435,216.444,0.0,7.4,0.0,0.0,0.0,0.0,0.0,0.0,0.0,0.0,1.0,0.0,0.0,0.0,9.0,4.0,0.0,0.0,0.0,0.0,0.0,0.0,0.0,0.0,5.0,12.0,1.0,12.15,5.0200000000000005,2.5,1.49,0.0,0.0,0.0,0.4,0.0,0.8,-1.0,1.0,-169.70000000000002,0.0,0.0,169.70000000000002,0.0,21.700000000000003,29.5,29.5,30.0,300.0,300.0,31.4,35.4,29.4,28.5,30.4,4.95,1.99,4.96,0.16,0.0,0.0,1027.0,8228.0,0.0,0.0,0.0,0.0,0.0,1.0,0.0,0.0,0.0,0.0,0.0,-0.4,0.0,-1.1,0.0,0.0,16.0,25903.0
2026-07-30T19:00:46.960Z,216.443,216.456,0.0,7.4,0.0,0.0,0.0,0.0,0.0,0.0,0.0,0.0,1.0,0.0,0.0,0.0,9.0,4.0,0.0,0.0,0.0,0.0,0.0,0.0,0.0,0.0,4.0,12.0,1.0,12.15,5.0200000000000005,2.5,1.49,0.0,0.0,0.0,0.4,0.0,0.1,0.0,-0.1,-169.70000000000002,0.0,0.0,169.70000000000002,0.0,21.700000000000003,29.5,29.5,30.0,300.0,300.0,31.4,35.4,29.4,28.5,30.4,4.95,1.99,4.97,0.16,0.0,0.0,1027.0,8228.0,0.0,0.0,0.0,0.0,0.0,1.0,0.0,0.0,0.0,0.0,0.0,0.0,0.0,0.1,0.0,0.0,16.0,25903.0
2026-07-30T19:00:46.971Z,216.454,216.468,0.0,7.4,0.0,0.0,0.0,0.0,0.0,0.0,0.0,0.0,1.0,0.0,0.0,0.0,9.0,4.0,0.0,0.0,0.0,0.0,0.0,0.0,0.0,0.0,4.0,12.0,1.0,12.15,5.0200000000000005,2.5,1.49,0.0,0.0,0.0,0.4,0.0,-0.3,0.0,-0.1,-169.70000000000002,0.0,0.0,169.8,0.0,21.700000000000003,29.5,29.5,30.0,300.0,300.0,31.4,35.4,29.4,28.5,30.4,4.96,1.99,4.97,0.16,0.0,0.0,1027.0,8228.0,0.0,0.0,0.0,0.0,0.0,1.0,0.0,0.0,0.0,0.0,0.0,0.0,0.0,0.1,0.0,0.0001,16.0,25903.0
2026-07-30T19:00:46.983Z,216.466,216.48,0.0,7.4,0.0,0.0,0.0,0.0,0.0,0.0,0.0,0.0,1.0,0.0,0.0,0.0,9.0,4.0,0.0,0.0,0.0,0.0,0.0,0.0,0.0,0.0,5.0,12.0,1.0,12.15,5.0200000000000005,2.5,1.49,0.0,0.0,0.0,0.4,0.0,0.2,0.0,1.6,-169.70000000000002,0.0,0.0,169.8,0.0,21.700000000000003,29.5,29.5,30.0,300.0,300.0,31.4,35.4,29.4,28.5,30.4,4.96,1.99,4.96,0.15,0.0,0.0,1027.0,8228.0,0.0,0.0,0.0,0.0,0.0,1.0,0.0,0.0,0.0,0.0,0.0,1.3,0.0,-1.3,0.0,0.0,16.0,25903.0
2026-07-30T19:00:46.995Z,216.478,216.492,0.0,7.4,0.0,0.0,0.0,0.0,0.0,0.0,0.0,0.0,1.0,0.0,0.0,0.0,9.0,4.0,0.0,0.0,0.0,0.0,0.0,0.0,0.0,0.0,6.0,12.0,1.0,12.15,5.0200000000000005,2.5,1.49,0.0,0.0,0.0,0.4,0.0,-0.9,-0.4,-0.7000000000000001,-169.70000000000002,0.0,0.0,169.8,0.0,21.700000000000003,29.5,29.5,30.0,300.0,300.0,31.4,35.4,29.4,28.5,30.4,4.95,1.99,4.97,0.15,0.0,0.0,1027.0,8228.0,0.0,0.0,0.0,0.0,0.0,1.0,0.0,0.0,0.0,0.0,0.0,-1.1,0.0,0.5,0.0,0.0001,16.0,25903.0
2026-07-30T19:00:47.007Z,216.49,216.504,0.0,7.4,0.0,0.0,0.0,0.0,0.0,0.0,0.0,0.0,1.0,0.0,0.0,0.0,9.0,4.0,0.0,0.0,0.0,0.0,0.0,0.0,0.0,0.0,1.0,12.0,1.0,12.15,5.0200000000000005,2.5,1.49,0.0,0.0,0.0,0.5,0.0,-0.9,-1.0,-1.3,-169.70000000000002,0.0,0.0,169.8,0.0,21.700000000000003,29.5,29.5,30.0,300.0,300.0,31.4,35.4,29.4,28.5,30.4,4.95,2.0,4.96,0.16,0.0,0.0,1027.0,8228.0,0.0,0.0,0.0,0.0,0.0,1.0,0.0,0.0,0.0,0.0,0.0,-2.2,0.0,0.9,0.0,0.0,16.0,25903.0
2026-07-30T19:00:47.019Z,216.502,216.516,0.0,7.4,0.0,0.0,0.0,0.0,0.0,0.0,0.0,0.0,1.0,0.0,0.0,0.0,9.0,4.0,0.0,0.0,0.0,0.0,0.0,0.0,0.0,0.0,2.0,12.0,1.0,12.15,5.0200000000000005,2.5,1.49,0.0,0.0,0.0,0.4,0.0,-0.3,0.6000000000000001,0.4,-169.70000000000002,0.0,0.0,169.8,0.0,21.700000000000003,29.5,29.5,30.0,300.0,300.0,31.4,35.4,29.4,28.5,30.4,4.96,1.99,4.96,0.16,0.0,0.0,1027.0,8228.0,0.0,0.0,0.0,0.0,0.0,1.0,0.0,0.0,0.0,0.0,0.0,1.1,0.0,-0.2,0.0,0.0,16.0,25903.0
2026-07-30T19:00:47.031Z,216.514,216.528,0.0,7.4,0.0,0.0,0.0,0.0,0.0,0.0,0.0,0.0,1.0,0.0,0.0,0.0,9.0,4.0,0.0,0.0,0.0,0.0,0.0,0.0,0.0,0.0,3.0,12.0,1.0,12.15,5.0200000000000005,2.5,1.49,0.0,0.0,0.0,0.4,0.0,-0.3,-0.4,-0.7000000000000001,-169.70000000000002,0.0,0.0,169.8,0.0,21.700000000000003,29.5,29.5,30.0,300.0,300.0,31.4,35.4,29.4,28.5,30.4,4.95,1.99,4.97,0.16,0.0,0.0,1027.0,8228.0,0.0,0.0,0.0,0.0,0.0,1.0,0.0,0.0,0.0,0.0,0.0,-1.1,0.0,0.5,0.0,0.0,16.0,25903.0
2026-07-30T19:00:47.043Z,216.526,216.54,0.0,7.4,0.0,0.0,0.0,0.0,0.0,0.0,0.0,0.0,1.0,0.0,0.0,0.0,9.0,4.0,0.0,0.0,0.0,0.0,0.0,0.0,0.0,0.0,4.0,12.0,1.0,12.18,5.01,2.51,1.49,0.0,0.0,0.0,0.4,0.0,0.1,-0.4,0.9,-169.70000000000002,0.0,0.0,169.70000000000002,0.0,21.3,29.5,29.5,30.0,300.0,300.0,31.4,35.4,29.4,28.5,30.4,4.95,1.99,4.97,0.16,0.0,0.0,1027.0,8228.0,0.0,0.0,0.0,0.0,0.0,1.0,0.0,0.0,0.0,0.0,0.0,0.2,0.0,-0.9,0.0,0.0,16.0,25903.0
2026-07-30T19:00:47.055Z,216.538,216.552,0.0,7.4,0.0,0.0,0.0,0.0,0.0,0.0,0.0,0.0,1.0,0.0,0.0,0.0,9.0,4.0,0.0,0.0,0.0,0.0,0.0,0.0,0.0,0.0,5.0,12.0,1.0,12.18,5.01,2.51,1.49,0.0,0.0,0.0,0.5,0.0,-0.4,1.2000000000000002,-0.8,-169.70000000000002,0.0,0.0,169.8,0.0,21.3,29.5,29.5,30.0,300.0,300.0,31.4,35.4,29.4,28.5,30.4,4.95,2.0,4.96,0.16,0.0,0.0,1027.0,8228.0,0.0,0.0,0.0,0.0,0.0,1.0,0.0,0.0,0.0,0.0,0.0,0.8,0.0,0.9,0.0,0.0001,16.0,25903.0
2026-07-30T19:00:47.067Z,216.55,216.564,0.0,7.4,0.0,0.0,0.0,0.0,0.0,0.0,0.0,0.0,1.0,0.0,0.0,0.0,9.0,4.0,0.0,0.0,0.0,0.0,0.0,0.0,0.0,0.0,6.0,12.0,1.0,12.18,5.01,2.51,1.49,-0.1,0.1,0.0,0.4,0.0,1.3,0.6000000000000001,0.3,-169.70000000000002,0.0,0.0,169.70000000000002,0.0,21.3,29.5,29.5,30.0,300.0,300.0,31.4,35.4,29.4,28.5,30.4,4.96,1.99,4.96,0.16,0.0,0.0,1027.0,8228.0,0.0,0.0,0.0,0.0,0.0,1.0,0.0,0.0,0.0,0.0,0.0,1.0,0.0,-0.1,0.0,0.0,16.0,25903.0
2026-07-30T19:00:47.079Z,216.562,216.576,0.0,7.4,0.0,0.0,0.0,0.0,0.0,0.0,0.0,0.0,1.0,0.0,0.0,0.0,9.0,4.0,0.0,0.0,0.0,0.0,0.0,0.0,0.0,0.0,1.0,12.0,1.0,12.18,5.01,2.51,1.49,0.0,0.0,0.0,0.4,0.0,0.1,0.6000000000000001,0.3,-169.70000000000002,0.0,0.0,169.8,0.0,21.3,29.5,29.5,30.0,300.0,300.0,31.4,35.4,29.4,28.5,30.4,4.95,1.99,4.97,0.16,0.0,0.0,1027.0,8228.0,0.0,0.0,0.0,0.0,0.0,1.0,0.0,0.0,0.0,0.0,0.0,1.0,0.0,-0.1,0.0,0.0001,16.0,25903.0
2026-07-30T19:00:47.091Z,216.574,216.588,0.0,7.4,0.0,0.0,0.0,0.0,0.0,0.0,0.0,0.0,1.0,0.0,0.0,0.0,9.0,4.0,0.0,0.0,0.0,0.0,0.0,0.0,0.0,0.0,2.0,12.0,1.0,12.18,5.01,2.51,1.49,0.0,0.0,0.0,0.4,0.0,0.2,-1.0,-0.7000000000000001,-169.70000000000002,0.0,0.0,169.8,0.0,21.3,29.5,29.5,30.0,300.0,300.0,31.4,35.4,29.4,28.5,30.4,4.96,2.0,4.97,0.16,0.0,0.0,1027.0,8228.0,0.0,0.0,0.0,0.0,0.0,1.0,0.0,0.0,0.0,0.0,0.0,-1.7000000000000002,0.0,0.4,0.0,0.0001,16.0,25903.0
2026-07-30T19:00:47.104Z,216.587,216.6,0.0,7.4,0.0,0.0,0.0,0.0,0.0,0.0,0.0,0.0,1.0,0.0,0.0,0.0,9.0,4.0,0.0,0.0,0.0,0.0,0.0,0.0,0.0,0.0,2.0,12.0,1.0,12.18,5.01,2.51,1.49,0.0,0.1,0.0,0.5,0.0,-0.9,-0.5,-0.1,-169.70000000000002,0.0,0.0,169.8,0.0,21.3,29.5,29.5,30.0,300.0,300.0,31.4,35.4,29.4,28.5,30.4,4.96,2.0,4.96,0.16,0.0,0.0,1027.0,8228.0,0.0,0.0,0.0,0.0,0.0,1.0,0.0,0.0,0.0,0.0,0.0,-0.7000000000000001,0.0,0.0,0.0,0.0001,16.0,25903.0
2026-07-30T19:00:47.115Z,216.598,216.612,0.0,7.4,0.0,0.0,0.0,0.0,0.0,0.0,0.0,0.0,1.0,0.0,0.0,0.0,9.0,4.0,0.0,0.0,0.0,0.0,0.0,0.0,0.0,0.0,3.0,12.0,1.0,12.18,5.01,2.51,1.49,0.0,0.0,0.0,0.4,0.0,0.2,0.0,-0.6000000000000001,-169.70000000000002,0.0,0.0,169.70000000000002,0.0,21.3,29.5,29.5,30.0,300.0,300.0,31.4,35.4,29.4,28.5,30.4,4.95,1.99,4.96,0.16,0.0,0.0,1027.0,8228.0,0.0,0.0,0.0,0.0,0.0,1.0,0.0,0.0,0.0,0.0,0.0,-0.4,0.0,0.6000000000000001,0.0,0.0001,16.0,25903.0
2026-07-30T19:00:47.127Z,216.61,216.624,0.0,7.4,0.0,0.0,0.0,0.0,0.0,0.0,0.0,0.0,1.0,0.0,0.0,0.0,9.0,4.0,0.0,0.0,0.0,0.0,0.0,0.0,0.0,0.0,5.0,12.0,1.0,12.18,5.01,2.51,1.49,0.0,0.1,0.0,0.4,0.0,0.7000000000000001,0.0,-0.1,-169.70000000000002,0.0,0.0,169.70000000000002,0.0,21.3,29.5,29.5,30.0,300.0,300.0,31.4,35.4,29.4,28.5,30.4,4.95,1.99,4.97,0.16,0.0,0.0,1027.0,8228.0,0.0,0.0,0.0,0.0,0.0,1.0,0.0,0.0,0.0,0.0,0.0,0.0,0.0,0.1,0.0,0.0002,16.0,25903.0
2026-07-30T19:00:47.139Z,216.622,216.636,0.0,7.4,0.0,0.0,0.0,0.0,0.0,0.0,0.0,0.0,1.0,0.0,0.0,0.0,9.0,4.0,0.0,0.0,0.0,0.0,0.0,0.0,0.0,0.0,5.0,12.0,1.0,12.18,5.01,2.51,1.49,0.0,0.0,0.0,0.4,0.0,0.1,1.2000000000000002,1.0,-169.70000000000002,0.0,0.0,169.70000000000002,0.0,21.3,29.5,29.5,30.0,300.0,300.0,31.4,35.4,29.4,28.5,30.4,4.96,2.0,4.96,0.16,0.0,0.0,1027.0,8228.0,0.0,0.0,0.0,0.0,0.0,1.0,0.0,0.0,0.0,0.0,0.0,2.1,0.0,-0.6000000000000001,0.0,0.0001,16.0,25903.0
2026-07-30T19:00:47.152Z,216.635,216.648,0.0,7.4,0.0,0.0,0.0,0.0,0.0,0.0,0.0,0.0,1.0,0.0,0.0,0.0,9.0,4.0,0.0,0.0,0.0,0.0,0.0,0.0,0.0,0.0,6.0,12.0,1.0,12.18,5.01,2.51,1.49,0.0,0.0,0.0,0.4,0.0,-0.3,0.6000000000000001,-1.3,-169.70000000000002,0.0,0.0,169.70000000000002,0.0,21.8,29.5,29.5,30.0,300.0,300.0,31.4,35.4,29.4,28.5,30.4,4.96,1.99,4.97,0.16,0.0,0.0,1027.0,8228.0,0.0,0.0,0.0,0.0,0.0,1.0,0.0,0.0,0.0,0.0,0.0,-0.2,0.0,1.2000000000000002,0.0,0.0001,16.0,25903.0
2026-07-30T19:00:47.163Z,216.646,216.66,0.0,7.4,0.0,0.0,0.0,0.0,0.0,0.0,0.0,0.0,1.0,0.0,0.0,0.0,9.0,4.0,0.0,0.0,0.0,0.0,0.0,0.0,0.0,0.0,1.0,12.0,1.0,12.18,5.01,2.51,1.49,0.0,0.0,0.0,0.4,0.0,0.7000000000000001,1.2000000000000002,1.0,-169.70000000000002,0.0,0.0,169.70000000000002,0.0,21.8,29.5,29.5,30.0,300.0,300.0,31.4,35.4,29.4,28.5,30.4,4.95,1.99,4.97,0.16,0.0,0.0,1027.0,8228.0,0.0,0.0,0.0,0.0,0.0,1.0,0.0,0.0,0.0,0.0,0.0,2.1,0.0,-0.6000000000000001,0.0,0.0,16.0,25903.0
2026-07-30T19:00:47.176Z,216.659,216.672,0.0,7.4,0.0,0.0,0.0,0.0,0.0,0.0,0.0,0.0,1.0,0.0,0.0,0.0,9.0,4.0,0.0,0.0,0.0,0.0,0.0,0.0,0.0,0.0,3.0,12.0,1.0,12.18,5.01,2.51,1.49,0.0,0.0,0.0,0.4,0.0,0.7000000000000001,-0.5,-0.7000000000000001,-169.70000000000002,0.0,0.0,169.70000000000002,0.0,21.8,29.5,29.5,30.0,300.0,300.0,31.4,35.4,29.4,28.5,30.4,4.96,1.99,4.96,0.16,0.0,0.0,1027.0,8228.0,0.0,0.0,0.0,0.0,0.0,1.0,0.0,0.0,0.0,0.0,0.0,-1.1,0.0,0.5,0.0,0.0001,16.0,25903.0
2026-07-30T19:00:47.187Z,216.67,216.684,0.0,7.4,0.0,0.0,0.0,0.0,0.0,0.0,0.0,0.0,1.0,0.0,0.0,0.0,9.0,4.0,0.0,0.0,0.0,0.0,0.0,0.0,0.0,0.0,4.0,12.0,1.0,12.18,5.01,2.51,1.49,0.0,0.0,0.0,0.4,0.0,0.2,-1.7000000000000002,-0.1,-169.70000000000002,0.0,0.0,169.8,0.0,21.8,29.5,29.5,30.0,300.0,300.0,31.4,35.4,29.4,28.5,30.4,4.96,2.0,4.97,0.16,0.0,0.0,1027.0,8228.0,0.0,0.0,0.0,0.0,0.0,1.0,0.0,0.0,0.0,0.0,0.0,-2.0,0.0,-0.2,0.0,0.0,16.0,25903.0
2026-07-30T19:00:47.199Z,216.682,216.696,0.0,7.4,0.0,0.0,0.0,0.0,0.0,0.0,0.0,0.0,1.0,0.0,0.0,0.0,9.0,4.0,0.0,0.0,0.0,0.0,0.0,0.0,0.0,0.0,5.0,12.0,1.0,12.18,5.01,2.51,1.49,0.0,0.0,0.0,0.4,0.0,0.2,0.6000000000000001,1.0,-169.70000000000002,0.0,0.0,169.70000000000002,0.0,21.8,29.5,29.5,30.0,300.0,300.0,31.4,35.4,29.4,28.5,30.4,4.96,1.99,4.97,0.16,0.0,0.0,1027.0,8228.0,0.0,0.0,0.0,0.0,0.0,1.0,0.0,0.0,0.0,0.0,0.0,1.4,0.0,-0.7000000000000001,0.0,0.0001,16.0,25903.0
2026-07-30T19:00:47.211Z,216.694,216.708,0.0,7.4,0.0,0.0,0.0,0.0,0.0,0.0,0.0,0.0,1.0,0.0,0.0,0.0,9.0,4.0,0.0,0.0,0.0,0.0,0.0,0.0,0.0,0.0,6.0,12.0,1.0,12.18,5.01,2.51,1.49,0.0,0.0,0.0,0.4,0.0,-0.3,0.0,1.0,-169.70000000000002,0.0,0.0,169.8,0.0,21.8,29.5,29.5,30.0,300.0,300.0,31.4,35.4,29.4,28.5,30.4,4.96,1.99,4.97,0.16,0.0,0.0,1027.0,8228.0,0.0,0.0,0.0,0.0,0.0,1.0,0.0,0.0,0.0,0.0,0.0,0.8,0.0,-0.9,0.0,0.0,16.0,25903.0
2026-07-30T19:00:47.223Z,216.706,216.72,0.0,7.4,0.0,0.0,0.0,0.0,0.0,0.0,0.0,0.0,1.0,0.0,0.0,0.0,9.0,4.0,0.0,0.0,0.0,0.0,0.0,0.0,0.0,0.0,1.0,12.0,1.0,12.18,5.01,2.51,1.49,0.0,0.0,0.0,0.4,0.0,0.2,-0.5,0.4,-169.70000000000002,0.0,0.0,169.70000000000002,0.0,21.8,29.5,29.5,30.0,300.0,300.0,31.4,35.4,29.4,28.5,30.4,4.96,1.99,4.96,0.16,0.0,0.0,1027.0,8228.0,0.0,0.0,0.0,0.0,0.0,1.0,0.0,0.0,0.0,0.0,0.0,-0.2,0.0,-0.4,0.0,0.0001,16.0,25903.0
2026-07-30T19:00:47.235Z,216.718,216.732,0.0,7.4,0.0,0.0,0.0,0.0,0.0,0.0,0.0,0.0,1.0,0.0,0.0,0.0,9.0,4.0,0.0,0.0,0.0,0.0,0.0,0.0,0.0,0.0,2.0,12.0,1.0,12.18,5.01,2.51,1.49,0.0,0.0,0.0,0.4,0.0,0.2,-1.1,-0.7000000000000001,-169.70000000000002,0.0,0.0,169.70000000000002,0.0,21.8,29.5,29.5,30.0,300.0,300.0,31.4,35.4,29.4,28.5,30.4,4.95,1.99,4.97,0.16,0.0,0.0,1027.0,8228.0,0.0,0.0,0.0,0.0,0.0,1.0,0.0,0.0,0.0,0.0,0.0,-1.8,0.0,0.4,0.0,0.0,16.0,25903.0
2026-07-30T19:00:47.247Z,216.73,216.744,0.0,7.4,0.0,0.0,0.0,0.0,0.0,0.0,0.0,0.0,1.0,0.0,0.0,0.0,9.0,4.0,0.0,0.0,0.0,0.0,0.0,0.0,0.0,0.0,3.0,12.0,1.0,12.18,5.01,2.51,1.49,0.0,0.0,0.0,0.4,0.0,0.2,1.1,-0.2,-169.70000000000002,0.0,0.0,169.8,0.0,20.6,29.5,29.4,30.0,300.0,300.0,31.3,35.4,29.3,28.6,30.4,4.95,1.98,4.97,0.16,0.0,0.0,1027.0,8228.0,0.0,0.0,0.0,0.0,0.0,1.0,0.0,0.0,0.0,0.0,0.0,1.1,0.0,0.4,0.0,0.0001,16.0,25903.0
2026-07-30T19:00:47.259Z,216.742,216.756,0.0,7.4,0.0,0.0,0.0,0.0,0.0,0.0,0.0,0.0,1.0,0.0,0.0,0.0,9.0,4.0,0.0,0.0,0.0,0.0,0.0,0.0,0.0,0.0,4.0,12.0,1.0,12.18,5.01,2.51,1.49,0.0,0.1,0.0,0.4,0.0,0.2,1.1,-0.1,-169.70000000000002,0.0,0.0,169.8,0.0,20.6,29.5,29.4,30.0,300.0,300.0,31.3,35.4,29.3,28.6,30.4,4.96,2.0,4.97,0.16,0.0,0.0,1027.0,8228.0,0.0,0.0,0.0,0.0,0.0,1.0,0.0,0.0,0.0,0.0,0.0,1.2000000000000002,0.0,0.3,0.0,0.0001,16.0,25903.0
2026-07-30T19:00:47.274Z,216.757,216.768,0.0,7.4,0.0,0.0,0.0,0.0,0.0,0.0,0.0,0.0,1.0,0.0,0.0,0.0,9.0,4.0,0.0,0.0,0.0,0.0,0.0,0.0,0.0,0.0,5.0,12.0,1.0,12.18,5.01,2.51,1.49,0.0,0.0,0.0,0.4,0.0,0.8,0.6000000000000001,0.4,-169.70000000000002,0.0,0.0,169.70000000000002,0.0,20.6,29.5,29.4,30.0,300.0,300.0,31.3,35.4,29.3,28.6,30.4,4.96,2.0,4.96,0.16,0.0,0.0,1027.0,8228.0,0.0,0.0,0.0,0.0,0.0,1.0,0.0,0.0,0.0,0.0,0.0,1.0,0.0,-0.2,0.0,0.0001,16.0,25903.0
2026-07-30T19:00:47.283Z,216.766,216.78,0.0,7.4,0.0,0.0,0.0,0.0,0.0,0.0,0.0,0.0,1.0,0.0,0.0,0.0,9.0,4.0,0.0,0.0,0.0,0.0,0.0,0.0,0.0,0.0,3.0,12.0,1.0,12.18,5.01,2.51,1.49,0.0,0.0,0.0,0.4,0.0,-0.3,0.6000000000000001,-0.1,-169.70000000000002,0.0,0.0,169.60000000000002,0.0,20.6,29.5,29.4,30.0,300.0,300.0,31.3,35.4,29.3,28.6,30.4,4.95,1.99,4.96,0.16,0.0,0.0,1027.0,8228.0,0.0,0.0,0.0,0.0,0.0,1.0,0.0,0.0,0.0,0.0,0.0,0.5,0.0,0.2,0.0,0.0002,16.0,25903.0
2026-07-30T19:00:47.295Z,216.778,216.792,0.0,7.4,0.0,0.0,0.0,0.0,0.0,0.0,0.0,0.0,1.0,0.0,0.0,0.0,9.0,4.0,0.0,0.0,0.0,0.0,0.0,0.0,0.0,0.0,5.0,12.0,1.0,12.18,5.01,2.51,1.49,0.0,0.0,0.0,0.4,0.0,-0.3,-0.6000000000000001,0.3,-169.70000000000002,0.0,0.0,169.70000000000002,0.0,20.6,29.5,29.4,30.0,300.0,300.0,31.3,35.4,29.3,28.6,30.4,4.95,1.99,4.96,0.16,0.0,0.0,1027.0,8228.0,0.0,0.0,0.0,0.0,0.0,1.0,0.0,0.0,0.0,0.0,0.0,-0.3,0.0,-0.4,0.0,0.0001,16.0,25903.0
2026-07-30T19:00:47.307Z,216.79,216.804,0.0,7.4,0.0,0.0,0.0,0.0,0.0,0.0,0.0,0.0,1.0,0.0,0.0,0.0,9.0,4.0,0.0,0.0,0.0,0.0,0.0,0.0,0.0,0.0,6.0,12.0,1.0,12.18,5.01,2.51,1.49,0.0,0.0,0.0,0.4,0.0,0.1,1.1,-0.1,-169.70000000000002,0.0,0.0,169.70000000000002,0.0,20.6,29.5,29.4,30.0,300.0,300.0,31.3,35.4,29.3,28.6,30.4,4.96,1.99,4.96,0.16,0.0,0.0,1027.0,8228.0,0.0,0.0,0.0,0.0,0.0,1.0,0.0,0.0,0.0,0.0,0.0,1.2000000000000002,0.0,0.3,0.0,0.0002,16.0,25903.0
2026-07-30T19:00:47.319Z,216.802,216.816,0.0,7.4,0.0,0.0,0.0,0.0,0.0,0.0,0.0,0.0,1.0,0.0,0.0,0.0,9.0,4.0,0.0,0.0,0.0,0.0,0.0,0.0,0.0,0.0,1.0,12.0,1.0,12.18,5.01,2.51,1.49,0.0,0.0,0.0,0.4,0.0,0.2,-0.5,1.0,-169.70000000000002,0.0,0.0,169.70000000000002,0.0,20.6,29.5,29.4,30.0,300.0,300.0,31.3,35.4,29.3,28.6,30.4,4.95,1.99,4.97,0.16,0.0,0.0,1027.0,8228.0,0.0,0.0,0.0,0.0,0.0,1.0,0.0,0.0,0.0,0.0,0.0,0.1,0.0,-1.0,0.0,0.0001,16.0,25903.0
2026-07-30T19:00:47.331Z,216.814,216.828,0.0,7.4,0.0,0.0,0.0,0.0,0.0,0.0,0.0,0.0,1.0,0.0,0.0,0.0,9.0,4.0,0.0,0.0,0.0,0.0,0.0,0.0,0.0,0.0,2.0,12.0,1.0,12.18,5.01,2.51,1.49,0.0,0.0,0.0,0.4,0.0,-0.3,-1.1,-0.1,-169.70000000000002,0.0,0.0,169.70000000000002,0.0,20.6,29.5,29.4,30.0,300.0,300.0,31.3,35.4,29.3,28.6,30.4,4.96,1.99,4.97,0.16,0.0,0.0,1027.0,8228.0,0.0,0.0,0.0,0.0,0.0,1.0,0.0,0.0,0.0,0.0,0.0,-1.3,0.0,-0.1,0.0,0.0,16.0,25903.0
2026-07-30T19:00:47.343Z,216.826,216.84,0.0,7.4,0.0,0.0,0.0,0.0,0.0,0.0,0.0,0.0,1.0,0.0,0.0,0.0,9.0,4.0,0.0,0.0,0.0,0.0,0.0,0.0,0.0,0.0,4.0,12.0,1.0,12.18,5.01,2.51,1.49,0.0,0.0,0.0,0.5,0.0,-0.3,-0.5,-0.7000000000000001,-169.70000000000002,0.0,0.0,169.8,0.0,20.6,29.5,29.4,30.0,300.0,300.0,31.3,35.4,29.3,28.6,30.4,4.96,1.99,4.96,0.16,0.0,0.0,1027.0,8228.0,0.0,0.0,0.0,0.0,0.0,1.0,0.0,0.0,0.0,0.0,0.0,-1.1,0.0,0.5,0.0,0.0,16.0,25903.0
2026-07-30T19:00:47.355Z,216.838,216.852,0.0,7.4,0.0,0.0,0.0,0.0,0.0,0.0,0.0,0.0,1.0,0.0,0.0,0.0,9.0,4.0,0.0,0.0,0.0,0.0,0.0,0.0,0.0,0.0,5.0,12.0,1.0,12.15,5.01,2.51,1.49,0.0,0.0,0.0,0.4,0.0,-0.4,0.0,1.0,-169.70000000000002,0.0,0.0,169.70000000000002,0.0,21.700000000000003,29.5,29.4,30.0,300.0,300.0,31.4,35.4,29.3,28.6,30.4,4.96,1.99,4.96,0.16,0.0,0.0,1027.0,8228.0,0.0,0.0,0.0,0.0,0.0,1.0,0.0,0.0,0.0,0.0,0.0,0.7000000000000001,0.0,-0.9,0.0,0.0001,16.0,25903.0
2026-07-30T19:00:47.367Z,216.85,216.864,0.0,7.4,0.0,0.0,0.0,0.0,0.0,0.0,0.0,0.0,1.0,0.0,0.0,0.0,9.0,4.0,0.0,0.0,0.0,0.0,0.0,0.0,0.0,0.0,6.0,12.0,1.0,12.15,5.01,2.51,1.49,0.0,0.0,0.0,0.4,0.0,0.1,-0.5,-1.2000000000000002,-169.70000000000002,0.0,0.0,169.70000000000002,0.0,21.700000000000003,29.5,29.4,30.0,300.0,300.0,31.4,35.4,29.3,28.6,30.4,4.95,1.99,4.97,0.16,0.0,0.0,1027.0,8228.0,0.0,0.0,0.0,0.0,0.0,1.0,0.0,0.0,0.0,0.0,0.0,-1.5,0.0,1.0,0.0,0.0001,16.0,25903.0
2026-07-30T19:00:47.379Z,216.862,216.876,0.0,7.4,0.0,0.0,0.0,0.0,0.0,0.0,0.0,0.0,1.0,0.0,0.0,0.0,9.0,4.0,0.0,0.0,0.0,0.0,0.0,0.0,0.0,0.0,2.0,12.0,1.0,12.15,5.01,2.51,1.49,0.0,0.0,0.0,0.4,0.0,-0.3,0.0,1.0,-169.70000000000002,0.0,0.0,169.8,0.0,21.700000000000003,29.5,29.4,30.0,300.0,300.0,31.4,35.4,29.3,28.6,30.4,4.96,1.99,4.97,0.16,0.0,0.0,1027.0,8228.0,0.0,0.0,0.0,0.0,0.0,1.0,0.0,0.0,0.0,0.0,0.0,0.8,0.0,-0.9,0.0,0.0,16.0,25903.0
2026-07-30T19:00:47.391Z,216.874,216.888,0.0,7.4,0.0,0.0,0.0,0.0,0.0,0.0,0.0,0.0,1.0,0.0,0.0,0.0,9.0,4.0,0.0,0.0,0.0,0.0,0.0,0.0,0.0,0.0,4.0,12.0,1.0,12.15,5.01,2.51,1.49,0.0,0.0,0.0,0.5,0.0,0.2,1.2000000000000002,1.0,-169.70000000000002,0.0,0.0,169.8,0.0,21.700000000000003,29.5,29.4,30.0,300.0,300.0,31.4,35.4,29.3,28.6,30.4,4.96,1.99,4.97,0.16,0.0,0.0,1027.0,8228.0,0.0,0.0,0.0,0.0,0.0,1.0,0.0,0.0,0.0,0.0,0.0,2.1,0.0,-0.6000000000000001,0.0,0.0,16.0,25903.0
2026-07-30T19:00:47.403Z,216.886,216.9,0.0,7.4,0.0,0.0,0.0,0.0,0.0,0.0,0.0,0.0,1.0,0.0,0.0,0.0,9.0,4.0,0.0,0.0,0.0,0.0,0.0,0.0,0.0,0.0,5.0,12.0,1.0,12.15,5.01,2.51,1.49,0.0,0.0,0.0,0.4,0.0,-0.3,-0.5,-0.6000000000000001,-169.70000000000002,0.0,0.0,169.8,0.0,21.700000000000003,29.5,29.4,30.0,300.0,300.0,31.4,35.4,29.3,28.6,30.4,4.95,1.99,4.97,0.16,0.0,0.0,1027.0,8228.0,0.0,0.0,0.0,0.0,0.0,1.0,0.0,0.0,0.0,0.0,0.0,-1.1,0.0,0.5,0.0,0.0002,16.0,25903.0
2026-07-30T19:00:47.415Z,216.898,216.912,0.0,7.4,0.0,0.0,0.0,0.0,0.0,0.0,0.0,0.0,1.0,0.0,0.0,0.0,9.0,4.0,0.0,0.0,0.0,0.0,0.0,0.0,0.0,0.0,1.0,12.0,1.0,12.15,5.01,2.51,1.49,0.0,0.0,0.0,0.4,0.0,0.2,0.6000000000000001,1.0,-169.70000000000002,0.0,0.0,169.8,0.0,21.700000000000003,29.5,29.4,30.0,300.0,300.0,31.4,35.4,29.3,28.6,30.4,4.96,1.99,4.97,0.16,0.0,0.0,1027.0,8228.0,0.0,0.0,0.0,0.0,0.0,1.0,0.0,0.0,0.0,0.0,0.0,1.5,0.0,-0.7000000000000001,0.0,0.0001,16.0,25903.0
2026-07-30T19:00:47.427Z,216.91,216.924,0.0,7.4,0.0,0.0,0.0,0.0,0.0,0.0,0.0,0.0,1.0,0.0,0.0,0.0,9.0,4.0,0.0,0.0,0.0,0.0,0.0,0.0,0.0,0.0,2.0,12.0,1.0,12.15,5.01,2.51,1.49,0.0,0.0,0.0,0.5,0.0,0.1,-1.1,-1.2000000000000002,-169.70000000000002,0.0,0.0,169.70000000000002,0.0,21.700000000000003,29.5,29.4,30.0,300.0,300.0,31.4,35.4,29.3,28.6,30.4,4.95,1.99,4.96,0.16,0.0,0.0,1027.0,8228.0,0.0,0.0,0.0,0.0,0.0,1.0,0.0,0.0,0.0,0.0,0.0,-1.8,0.0,0.3,0.0,0.0,16.0,25903.0
2026-07-30T19:00:47.439Z,216.922,216.936,0.0,7.4,0.0,0.0,0.0,0.0,0.0,0.0,0.0,0.0,1.0,0.0,0.0,0.0,9.0,4.0,0.0,0.0,0.0,0.0,0.0,0.0,0.0,0.0,4.0,12.0,1.0,12.15,5.01,2.51,1.49,0.0,0.0,0.0,0.4,0.0,0.1,0.6000000000000001,-0.7000000000000001,-169.70000000000002,0.0,0.0,169.70000000000002,0.0,21.700000000000003,29.5,29.4,30.0,300.0,300.0,31.4,35.4,29.3,28.6,30.4,4.95,1.99,4.97,0.16,0.0,0.0,1027.0,8228.0,0.0,0.0,0.0,0.0,0.0,1.0,0.0,0.0,0.0,0.0,0.0,-1.2000000000000002,0.0,0.5,0.0,0.0002,16.0,25903.0
2026-07-30T19:00:47.452Z,216.935,216.948,0.0,7.4,0.0,0.0,0.0,0.0,0.0,0.0,0.0,0.0,1.0,0.0,0.0,0.0,9.0,4.0,0.0,0.0,0.0,0.0,0.0,0.0,0.0,0.0,5.0,12.0,1.0,12.19,5.0200000000000005,2.5,1.49,0.0,0.0,0.0,0.4,0.0,0.1,0.0,0.4,-169.70000000000002,0.0,0.0,169.70000000000002,0.0,21.700000000000003,29.5,29.4,30.0,300.0,300.0,31.4,35.4,29.3,28.6,30.4,4.96,1.99,4.97,0.16,0.0,0.0,1027.0,8228.0,0.0,0.0,0.0,0.0,0.0,1.0,0.0,0.0,0.0,0.0,0.0,0.3,0.0,-0.3,0.0,0.0,16.0,25903.0
2026-07-30T19:00:47.463Z,216.946,216.96,0.0,7.4,0.0,0.0,0.0,0.0,0.0,0.0,0.0,0.0,1.0,0.0,0.0,0.0,9.0,4.0,0.0,0.0,0.0,0.0,0.0,0.0,0.0,0.0,1.0,12.0,1.0,12.19,5.0200000000000005,2.5,1.49,0.0,0.1,0.0,0.4,0.0,-0.3,-0.4,-0.8,-169.70000000000002,0.0,0.0,169.8,0.0,21.700000000000003,29.5,29.4,30.0,300.0,300.0,31.4,35.4,29.3,28.6,30.4,4.96,1.99,4.96,0.16,0.0,0.0,1027.0,8228.0,0.0,0.0,0.0,0.0,0.0,1.0,0.0,0.0,0.0,0.0,0.0,-1.1,0.0,0.6000000000000001,0.0,0.0001,16.0,25903.0
2026-07-30T19:00:47.475Z,216.958,216.972,0.0,7.4,0.0,0.0,0.0,0.0,0.0,0.0,0.0,0.0,1.0,0.0,0.0,0.0,9.0,4.0,0.0,0.0,0.0,0.0,0.0,0.0,0.0,0.0,3.0,12.0,1.0,12.19,5.0200000000000005,2.5,1.49,0.1,0.0,0.0,0.4,0.0,0.2,-0.5,1.5,-169.70000000000002,0.0,0.0,169.8,0.0,21.700000000000003,29.5,29.4,30.0,300.0,300.0,31.4,35.4,29.3,28.6,30.4,4.95,1.99,4.97,0.16,0.0,0.0,1027.0,8228.0,0.0,0.0,0.0,0.0,0.0,1.0,0.0,0.0,0.0,0.0,0.0,0.5,0.0,-1.4,0.0,0.0001,16.0,25903.0
2026-07-30T19:00:47.487Z,216.97,216.984,0.0,7.4,0.0,0.0,0.0,0.0,0.0,0.0,0.0,0.0,1.0,0.0,0.0,0.0,9.0,4.0,0.0,0.0,0.0,0.0,0.0,0.0,0.0,0.0,4.0,12.0,1.0,12.19,5.0200000000000005,2.5,1.49,0.0,0.0,0.0,0.4,0.0,-0.9,0.0,-1.3,-169.70000000000002,0.0,0.0,169.8,0.0,21.700000000000003,29.5,29.4,30.0,300.0,300.0,31.4,35.4,29.3,28.6,30.4,4.95,2.0,4.97,0.16,0.0,0.0,1027.0,8228.0,0.0,0.0,0.0,0.0,0.0,1.0,0.0,0.0,0.0,0.0,0.0,-0.9,0.0,1.2000000000000002,0.0,0.0001,16.0,25903.0
2026-07-30T19:00:47.499Z,216.982,216.996,0.0,7.4,0.0,0.0,0.0,0.0,0.0,0.0,0.0,0.0,1.0,0.0,0.0,0.0,9.0,4.0,0.0,0.0,0.0,0.0,0.0,0.0,0.0,0.0,6.0,12.0,1.0,12.19,5.0200000000000005,2.5,1.49,0.0,0.0,0.0,0.4,0.0,0.2,0.7000000000000001,1.0,-169.70000000000002,0.0,0.0,169.8,0.0,21.700000000000003,29.5,29.4,30.0,300.0,300.0,31.4,35.4,29.3,28.6,30.4,4.96,1.99,4.97,0.16,0.0,0.0,1027.0,8228.0,0.0,0.0,0.0,0.0,0.0,1.0,0.0,0.0,0.0,0.0,0.0,1.5,0.0,-0.7000000000000001,0.0,0.0001,16.0,25903.0
2026-07-30T19:00:47.511Z,216.994,217.008,0.0,7.4,0.0,0.0,0.0,0.0,0.0,0.0,0.0,0.0,1.0,0.0,0.0,0.0,9.0,4.0,0.0,0.0,0.0,0.0,0.0,0.0,0.0,0.0,1.0,12.0,1.0,12.19,5.0200000000000005,2.5,1.49,0.0,0.0,0.0,0.4,0.0,0.2,0.1,-0.7000000000000001,-169.70000000000002,0.0,0.0,169.8,0.0,21.700000000000003,29.5,29.4,30.0,300.0,300.0,31.4,35.4,29.3,28.6,30.4,4.95,1.99,4.97,0.16,0.0,0.0,1027.0,8228.0,0.0,0.0,0.0,0.0,0.0,1.0,0.0,0.0,0.0,0.0,0.0,-0.3,0.0,0.6000000000000001,0.0,0.0001,16.0,25903.0
2026-07-30T19:00:47.523Z,217.006,217.02,0.0,7.4,0.0,0.0,0.0,0.0,0.0,0.0,0.0,0.0,1.0,0.0,0.0,0.0,9.0,4.0,0.0,0.0,0.0,0.0,0.0,0.0,0.0,0.0,2.0,12.0,1.0,12.19,5.0200000000000005,2.5,1.49,0.0,0.1,0.0,0.4,0.0,-0.9,-0.4,-0.7000000000000001,-169.70000000000002,0.0,0.0,169.70000000000002,0.0,21.700000000000003,29.5,29.4,30.0,300.0,300.0,31.4,35.4,29.3,28.6,30.4,4.96,1.99,4.97,0.16,0.0,0.0,1027.0,8228.0,0.0,0.0,0.0,0.0,0.0,1.0,0.0,0.0,0.0,0.0,0.0,-1.0,0.0,0.5,0.0,0.0,16.0,25903.0
2026-07-30T19:00:47.535Z,217.018,217.032,0.0,7.4,0.0,0.0,0.0,0.0,0.0,0.0,0.0,0.0,1.0,0.0,0.0,0.0,9.0,4.0,0.0,0.0,0.0,0.0,0.0,0.0,0.0,0.0,3.0,12.0,1.0,12.19,5.0200000000000005,2.5,1.49,0.0,0.1,0.0,0.4,0.0,-0.9,0.0,-1.3,-169.70000000000002,0.0,0.0,169.8,0.0,21.700000000000003,29.5,29.4,30.0,300.0,300.0,31.4,35.4,29.3,28.6,30.4,4.96,1.99,4.96,0.16,0.0,0.0,1027.0,8228.0,0.0,0.0,0.0,0.0,0.0,1.0,0.0,0.0,0.0,0.0,0.0,-0.8,0.0,1.1,0.0,0.0,16.0,25903.0
2026-07-30T19:00:47.547Z,217.03,217.044,0.0,7.4,0.0,0.0,0.0,0.0,0.0,0.0,0.0,0.0,1.0,0.0,0.0,0.0,9.0,4.0,0.0,0.0,0.0,0.0,0.0,0.0,0.0,0.0,4.0,12.0,1.0,12.19,5.0200000000000005,2.5,1.49,0.0,0.0,0.0,0.4,0.0,-0.8,0.6000000000000001,-1.2000000000000002,-169.70000000000002,0.0,0.0,169.8,0.0,21.700000000000003,29.5,29.4,30.0,300.0,300.0,31.4,35.4,29.3,28.6,30.4,4.96,1.99,4.96,0.16,0.0,0.0,1027.0,8228.0,0.0,0.0,0.0,0.0,0.0,1.0,0.0,0.0,0.0,0.0,0.0,-0.2,0.0,1.2000000000000002,0.0,0.0001,16.0,25903.0
2026-07-30T19:00:47.559Z,217.042,217.056,0.0,7.4,0.0,0.0,0.0,0.0,0.0,0.0,0.0,0.0,1.0,0.0,0.0,0.0,9.0,4.0,0.0,0.0,0.0,0.0,0.0,0.0,0.0,0.0,5.0,12.0,1.0,12.14,5.01,2.5,1.51,0.0,0.0,0.0,0.4,0.0,0.3,-1.0,-0.6000000000000001,-169.70000000000002,0.0,0.0,169.8,0.0,21.4,29.5,29.4,30.0,300.0,300.0,31.4,35.4,29.3,28.6,30.4,4.95,1.99,4.97,0.16,0.0,0.0,1027.0,8228.0,0.0,0.0,0.0,0.0,0.0,1.0,0.0,0.0,0.0,0.0,0.0,-1.6,0.0,0.3,0.0,0.0,16.0,25903.0
2026-07-30T19:00:47.571Z,217.054,217.068,0.0,7.4,0.0,0.0,0.0,0.0,0.0,0.0,0.0,0.0,1.0,0.0,0.0,0.0,9.0,4.0,0.0,0.0,0.0,0.0,0.0,0.0,0.0,0.0,6.0,12.0,1.0,12.14,5.01,2.5,1.51,0.0,0.0,0.0,0.4,0.0,0.3,-0.4,1.0,-169.70000000000002,0.0,0.0,169.8,0.0,21.4,29.5,29.4,30.0,300.0,300.0,31.4,35.4,29.3,28.6,30.4,4.96,1.99,4.96,0.16,0.0,0.0,1027.0,8228.0,0.0,0.0,0.0,0.0,0.0,1.0,0.0,0.0,0.0,0.0,0.0,0.2,0.0,-1.0,0.0,0.0,16.0,25903.0
2026-07-30T19:00:47.584Z,217.067,217.08,0.0,7.4,0.0,0.0,0.0,0.0,0.0,0.0,0.0,0.0,1.0,0.0,0.0,0.0,9.0,4.0,0.0,0.0,0.0,0.0,0.0,0.0,0.0,0.0,1.0,12.0,1.0,12.14,5.01,2.5,1.51,0.0,0.0,0.0,0.4,0.0,0.3,0.0,0.5,-169.70000000000002,0.0,0.0,169.8,0.0,21.4,29.5,29.4,30.0,300.0,300.0,31.4,35.4,29.3,28.6,30.4,4.96,1.99,4.97,0.15,0.0,0.0,1027.0,8228.0,0.0,0.0,0.0,0.0,0.0,1.0,0.0,0.0,0.0,0.0,0.0,0.4,0.0,-0.4,0.0,0.0,16.0,25903.0
2026-07-30T19:00:47.595Z,217.078,217.092,0.0,7.4,0.0,0.0,0.0,0.0,0.0,0.0,0.0,0.0,1.0,0.0,0.0,0.0,9.0,4.0,0.0,0.0,0.0,0.0,0.0,0.0,0.0,0.0,5.0,12.0,1.0,12.14,5.01,2.5,1.51,0.0,0.0,0.0,0.4,0.0,0.3,1.8,1.6,-169.70000000000002,0.0,0.0,169.8,0.0,21.4,29.5,29.4,30.0,300.0,300.0,31.4,35.4,29.3,28.6,30.4,4.95,1.99,4.97,0.16,0.0,0.0,1027.0,8228.0,0.0,0.0,0.0,0.0,0.0,1.0,0.0,0.0,0.0,0.0,0.0,3.3000000000000003,0.0,-1.0,0.0,0.0001,16.0,25903.0
2026-07-30T19:00:47.607Z,217.09,217.104,0.0,7.4,0.0,0.0,0.0,0.0,0.0,0.0,0.0,0.0,1.0,0.0,0.0,0.0,9.0,4.0,0.0,0.0,0.0,0.0,0.0,0.0,0.0,0.0,6.0,12.0,1.0,12.14,5.01,2.5,1.51,0.0,0.1,0.0,0.4,0.0,0.3,0.7000000000000001,-1.2000000000000002,-169.70000000000002,0.0,0.0,169.8,0.0,21.4,29.5,29.4,30.0,300.0,300.0,31.4,35.4,29.3,28.6,30.4,4.95,1.99,4.97,0.16,0.0,0.0,1027.0,8228.0,0.0,0.0,0.0,0.0,0.0,1.0,0.0,0.0,0.0,0.0,0.0,0.0,0.0,1.2000000000000002,0.0,0.0001,16.0,25903.0
2026-07-30T19:00:47.619Z,217.102,217.116,0.0,7.4,0.0,0.0,0.0,0.0,0.0,0.0,0.0,0.0,1.0,0.0,0.0,0.0,9.0,4.0,0.0,0.0,0.0,0.0,0.0,0.0,0.0,0.0,2.0,12.0,1.0,12.14,5.01,2.5,1.51,0.0,0.0,0.0,0.4,0.0,0.4,0.1,0.5,-169.70000000000002,0.0,0.0,169.8,0.0,21.4,29.5,29.4,30.0,300.0,300.0,31.4,35.4,29.3,28.6,30.4,4.95,1.99,4.96,0.16,0.0,0.0,1027.0,8228.0,0.0,0.0,0.0,0.0,0.0,1.0,0.0,0.0,0.0,0.0,0.0,0.6000000000000001,0.0,-0.4,0.0,0.0,16.0,25903.0
2026-07-30T19:00:47.631Z,217.114,217.128,0.0,7.4,0.0,0.0,0.0,0.0,0.0,0.0,0.0,0.0,1.0,0.0,0.0,0.0,9.0,4.0,0.0,0.0,0.0,0.0,0.0,0.0,0.0,0.0,3.0,12.0,1.0,12.14,5.01,2.5,1.51,0.0,0.1,0.0,0.4,0.0,-0.1,0.1,0.5,-169.70000000000002,0.0,0.0,169.70000000000002,0.0,21.4,29.5,29.4,30.0,300.0,300.0,31.4,35.4,29.3,28.6,30.4,4.95,1.99,4.97,0.16,0.0,0.0,1027.0,8228.0,0.0,0.0,0.0,0.0,0.0,1.0,0.0,0.0,0.0,0.0,0.0,0.6000000000000001,0.0,-0.4,0.0,0.0,16.0,25903.0
2026-07-30T19:00:47.643Z,217.126,217.14,0.0,7.4,0.0,0.0,0.0,0.0,0.0,0.0,0.0,0.0,1.0,0.0,0.0,0.0,9.0,4.0,0.0,0.0,0.0,0.0,0.0,0.0,0.0,0.0,4.0,12.0,1.0,12.14,5.01,2.5,1.51,0.0,0.0,0.0,0.4,0.0,0.4,1.3,0.5,-169.70000000000002,0.0,0.0,169.8,0.0,21.4,29.5,29.4,30.0,300.0,300.0,31.4,35.4,29.3,28.6,30.4,4.95,1.99,4.97,0.16,0.0,0.0,1027.0,8228.0,0.0,0.0,0.0,0.0,0.0,1.0,0.0,0.0,0.0,0.0,0.0,1.9,0.0,-0.2,0.0,0.0001,16.0,25903.0
2026-07-30T19:00:47.656Z,217.139,217.152,0.0,7.4,0.0,0.0,0.0,0.0,0.0,0.0,0.0,0.0,1.0,0.0,0.0,0.0,9.0,4.0,0.0,0.0,0.0,0.0,0.0,0.0,0.0,0.0,5.0,12.0,1.0,12.18,5.01,2.51,1.49,0.0,0.0,0.0,0.4,0.0,-0.7000000000000001,-0.9,-1.1,-169.70000000000002,0.0,0.0,169.8,0.0,20.9,29.5,29.4,30.0,300.0,300.0,31.4,35.4,29.3,28.5,30.4,4.96,1.99,4.96,0.16,0.0,0.0,1027.0,8228.0,0.0,0.0,0.0,0.0,0.0,1.0,0.0,0.0,0.0,0.0,0.0,-1.9,0.0,0.8,0.0,0.0001,16.0,25903.0
2026-07-30T19:00:47.667Z,217.15,217.164,0.0,7.4,0.0,0.0,0.0,0.0,0.0,0.0,0.0,0.0,1.0,0.0,0.0,0.0,9.0,4.0,0.0,0.0,0.0,0.0,0.0,0.0,0.0,0.0,6.0,12.0,1.0,12.18,5.01,2.51,1.49,0.0,0.0,0.0,0.4,0.0,0.4,-0.3,-1.1,-169.70000000000002,0.0,0.0,169.8,0.0,20.9,29.5,29.4,30.0,300.0,300.0,31.4,35.4,29.3,28.5,30.4,4.95,2.0,4.96,0.16,0.0,0.0,1027.0,8228.0,0.0,0.0,0.0,0.0,0.0,1.0,0.0,0.0,0.0,0.0,0.0,-1.3,0.0,0.9,0.0,0.0002,16.0,25903.0
2026-07-30T19:00:47.679Z,217.162,217.176,0.0,7.4,0.0,0.0,0.0,0.0,0.0,0.0,0.0,0.0,1.0,0.0,0.0,0.0,9.0,4.0,0.0,0.0,0.0,0.0,0.0,0.0,0.0,0.0,2.0,12.0,1.0,12.18,5.01,2.51,1.49,0.0,0.0,0.0,0.4,0.0,0.4,0.1,-0.6000000000000001,-169.70000000000002,0.0,0.0,169.70000000000002,0.0,20.9,29.5,29.4,30.0,300.0,300.0,31.4,35.4,29.3,28.5,30.4,4.95,1.99,4.97,0.16,0.0,0.0,1027.0,8228.0,0.0,0.0,0.0,0.0,0.0,1.0,0.0,0.0,0.0,0.0,0.0,-0.2,0.0,0.5,0.0,0.0,16.0,25903.0
2026-07-30T19:00:47.691Z,217.174,217.188,0.0,7.4,0.0,0.0,0.0,0.0,0.0,0.0,0.0,0.0,1.0,0.0,0.0,0.0,9.0,4.0,0.0,0.0,0.0,0.0,0.0,0.0,0.0,0.0,3.0,12.0,1.0,12.18,5.01,2.51,1.49,0.0,0.0,0.0,0.4,0.0,0.4,0.7000000000000001,0.5,-169.70000000000002,0.0,0.0,169.60000000000002,0.0,20.9,29.5,29.4,30.0,300.0,300.0,31.4,35.4,29.3,28.5,30.4,4.96,2.0,4.97,0.16,0.0,0.0,1027.0,8228.0,0.0,0.0,0.0,0.0,0.0,1.0,0.0,0.0,0.0,0.0,0.0,1.2000000000000002,0.0,-0.3,0.0,0.0002,16.0,25903.0
2026-07-30T19:00:47.703Z,217.186,217.2,0.0,7.4,0.0,0.0,0.0,0.0,0.0,0.0,0.0,0.0,1.0,0.0,0.0,0.0,9.0,4.0,0.0,0.0,0.0,0.0,0.0,0.0,0.0,0.0,4.0,12.0,1.0,12.18,5.01,2.51,1.49,0.0,0.0,0.0,0.4,0.0,0.3,-0.4,1.1,-169.70000000000002,0.0,0.0,169.8,0.0,20.9,29.5,29.4,30.0,300.0,300.0,31.4,35.4,29.3,28.5,30.4,4.96,2.0,4.96,0.16,0.0,0.0,1027.0,8228.0,0.0,0.0,0.0,0.0,0.0,1.0,0.0,0.0,0.0,0.0,0.0,0.3,0.0,-1.0,0.0,0.0001,16.0,25903.0
2026-07-30T19:00:47.715Z,217.198,217.212,0.0,7.4,0.0,0.0,0.0,0.0,0.0,0.0,0.0,0.0,1.0,0.0,0.0,0.0,9.0,4.0,0.0,0.0,0.0,0.0,0.0,0.0,0.0,0.0,5.0,12.0,1.0,12.18,5.01,2.51,1.49,0.0,0.0,0.0,0.4,0.0,-0.8,-1.6,0.5,-169.70000000000002,0.0,0.0,169.60000000000002,0.0,20.9,29.5,29.4,30.0,300.0,300.0,31.4,35.4,29.3,28.5,30.4,4.95,1.99,4.97,0.16,0.0,0.0,1027.0,8228.0,0.0,0.0,0.0,0.0,0.0,1.0,0.0,0.0,0.0,0.0,0.0,-1.4,0.0,-0.8,0.0,0.0002,16.0,25903.0
2026-07-30T19:00:47.727Z,217.21,217.224,0.0,7.4,0.0,0.0,0.0,0.0,0.0,0.0,0.0,0.0,1.0,0.0,0.0,0.0,9.0,4.0,0.0,0.0,0.0,0.0,0.0,0.0,0.0,0.0,6.0,12.0,1.0,12.18,5.01,2.51,1.49,0.0,0.0,0.0,0.4,0.0,-0.7000000000000001,0.0,-1.2000000000000002,-169.70000000000002,0.0,0.0,169.70000000000002,0.0,20.9,29.5,29.4,30.0,300.0,300.0,31.4,35.4,29.3,28.5,30.4,4.95,1.99,4.96,0.16,0.0,0.0,1027.0,8228.0,0.0,0.0,0.0,0.0,0.0,1.0,0.0,0.0,0.0,0.0,0.0,-0.8,0.0,1.1,0.0,0.0001,16.0,25903.0
2026-07-30T19:00:47.740Z,217.223,217.236,0.0,7.4,0.0,0.0,0.0,0.0,0.0,0.0,0.0,0.0,1.0,0.0,0.0,0.0,9.0,4.0,0.0,0.0,0.0,0.0,0.0,0.0,0.0,0.0,1.0,12.0,1.0,12.18,5.01,2.51,1.49,0.0,0.0,0.0,0.4,0.0,-0.7000000000000001,-1.0,-0.7000000000000001,-169.70000000000002,0.0,0.0,169.8,0.0,20.9,29.5,29.4,30.0,300.0,300.0,31.4,35.4,29.3,28.5,30.4,4.96,1.99,4.96,0.16,0.0,0.0,1027.0,8228.0,0.0,0.0,0.0,0.0,0.0,1.0,0.0,0.0,0.0,0.0,0.0,-1.7000000000000002,0.0,0.4,0.0,0.0001,16.0,25903.0
2026-07-30T19:00:47.752Z,217.235,217.248,0.0,7.4,0.0,0.0,0.0,0.0,0.0,0.0,0.0,0.0,1.0,0.0,0.0,0.0,9.0,4.0,0.0,0.0,0.0,0.0,0.0,0.0,0.0,0.0,2.0,12.0,1.0,12.18,5.01,2.51,1.49,0.0,0.0,0.0,0.4,0.0,-0.1,0.1,-0.1,-169.70000000000002,0.0,0.0,169.70000000000002,0.0,20.9,29.5,29.4,30.0,300.0,300.0,31.4,35.4,29.3,28.5,30.4,4.96,1.99,4.96,0.16,0.0,0.0,1027.0,8228.0,0.0,0.0,0.0,0.0,0.0,1.0,0.0,0.0,0.0,0.0,0.0,0.0,0.0,0.1,0.0,0.0002,16.0,25903.0
2026-07-30T19:00:47.764Z,217.247,217.26,0.0,7.4,0.0,0.0,0.0,0.0,0.0,0.0,0.0,0.0,1.0,0.0,0.0,0.0,9.0,4.0,0.0,0.0,0.0,0.0,0.0,0.0,0.0,0.0,3.0,12.0,1.0,12.2,5.0200000000000005,2.51,1.49,0.0,0.0,0.0,0.5,0.0,-0.1,-0.4,1.0,-169.70000000000002,0.0,0.0,169.8,0.0,21.3,29.5,29.4,30.0,300.0,300.0,31.4,35.4,29.3,28.6,30.4,4.94,1.99,4.97,0.16,0.0,0.0,1027.0,8228.0,0.0,0.0,0.0,0.0,0.0,1.0,0.0,0.0,0.0,0.0,0.0,0.2,0.0,-1.0,0.0,0.0001,16.0,25903.0
2026-07-30T19:00:47.775Z,217.258,217.272,0.0,7.4,0.0,0.0,0.0,0.0,0.0,0.0,0.0,0.0,1.0,0.0,0.0,0.0,9.0,4.0,0.0,0.0,0.0,0.0,0.0,0.0,0.0,0.0,4.0,12.0,1.0,12.2,5.0200000000000005,2.51,1.49,0.0,0.1,0.0,0.4,0.0,-0.7000000000000001,-0.5,-0.6000000000000001,-169.70000000000002,0.0,0.0,169.70000000000002,0.0,21.3,29.5,29.4,30.0,300.0,300.0,31.4,35.4,29.3,28.6,30.4,4.94,2.0,4.96,0.16,0.0,0.0,1027.0,8228.0,0.0,0.0,0.0,0.0,0.0,1.0,0.0,0.0,0.0,0.0,0.0,-1.0,0.0,0.4,0.0,0.0,16.0,25903.0
2026-07-30T19:00:47.787Z,217.27,217.284,0.0,7.4,0.0,0.0,0.0,0.0,0.0,0.0,0.0,0.0,1.0,0.0,0.0,0.0,9.0,4.0,0.0,0.0,0.0,0.0,0.0,0.0,0.0,0.0,6.0,12.0,1.0,12.2,5.0200000000000005,2.51,1.49,0.0,0.0,0.0,0.4,0.0,-0.1,1.2000000000000002,-0.6000000000000001,-169.70000000000002,0.0,0.0,169.60000000000002,0.0,21.3,29.5,29.4,30.0,300.0,300.0,31.4,35.4,29.3,28.6,30.4,4.96,2.0,4.96,0.16,0.0,0.0,1027.0,8228.0,0.0,0.0,0.0,0.0,0.0,1.0,0.0,0.0,0.0,0.0,0.0,0.9,0.0,0.8,0.0,0.0001,16.0,25903.0
2026-07-30T19:00:47.799Z,217.282,217.296,0.0,7.4,0.0,0.0,0.0,0.0,0.0,0.0,0.0,0.0,1.0,0.0,0.0,0.0,9.0,4.0,0.0,0.0,0.0,0.0,0.0,0.0,0.0,0.0,2.0,12.0,1.0,12.2,5.0200000000000005,2.51,1.49,0.0,0.0,0.0,0.5,0.0,-0.1,-0.4,-0.6000000000000001,-169.70000000000002,0.0,0.0,169.70000000000002,0.0,21.3,29.5,29.4,30.0,300.0,300.0,31.4,35.4,29.3,28.6,30.4,4.95,2.0,4.97,0.16,0.0,0.0,1027.0,8228.0,0.0,0.0,0.0,0.0,0.0,1.0,0.0,0.0,0.0,0.0,0.0,-1.0,0.0,0.4,0.0,0.0001,16.0,25903.0
2026-07-30T19:00:47.811Z,217.294,217.308,0.0,7.4,0.0,0.0,0.0,0.0,0.0,0.0,0.0,0.0,1.0,0.0,0.0,0.0,9.0,4.0,0.0,0.0,0.0,0.0,0.0,0.0,0.0,0.0,3.0,12.0,1.0,12.2,5.0200000000000005,2.51,1.49,0.0,0.1,0.0,0.4,0.0,-0.1,-0.5,0.5,-169.70000000000002,0.0,0.0,169.60000000000002,0.0,21.3,29.5,29.4,30.0,300.0,300.0,31.4,35.4,29.3,28.6,30.4,4.96,1.99,4.96,0.16,0.0,0.0,1027.0,8228.0,0.0,0.0,0.0,0.0,0.0,1.0,0.0,0.0,0.0,0.0,0.0,-0.1,0.0,-0.5,0.0,0.0001,16.0,25903.0
2026-07-30T19:00:47.823Z,217.306,217.32,0.0,7.4,0.0,0.0,0.0,0.0,0.0,0.0,0.0,0.0,1.0,0.0,0.0,0.0,9.0,4.0,0.0,0.0,0.0,0.0,0.0,0.0,0.0,0.0,5.0,12.0,1.0,12.2,5.0200000000000005,2.51,1.49,0.0,0.0,0.0,0.4,0.0,-0.7000000000000001,-1.1,-1.1,-169.70000000000002,0.0,0.0,169.70000000000002,0.0,21.3,29.5,29.4,30.0,300.0,300.0,31.4,35.4,29.3,28.6,30.4,4.96,2.0,4.96,0.16,0.0,0.0,1027.0,8228.0,0.0,0.0,0.0,0.0,0.0,1.0,0.0,0.0,0.0,0.0,0.0,-2.1,0.0,0.8,0.0,0.0001,16.0,25903.0
2026-07-30T19:00:47.835Z,217.318,217.332,0.0,7.4,0.0,0.0,0.0,0.0,0.0,0.0,0.0,0.0,1.0,0.0,0.0,0.0,9.0,4.0,0.0,0.0,0.0,0.0,0.0,0.0,0.0,0.0,6.0,12.0,1.0,12.2,5.0200000000000005,2.51,1.49,0.0,0.0,0.0,0.4,0.0,-0.2,0.0,1.1,-169.70000000000002,0.0,0.0,169.60000000000002,0.0,21.3,29.5,29.4,30.0,300.0,300.0,31.4,35.4,29.3,28.6,30.4,4.96,1.99,4.96,0.16,0.0,0.0,1027.0,8228.0,0.0,0.0,0.0,0.0,0.0,1.0,0.0,0.0,0.0,0.0,0.0,0.9,0.0,-0.9,0.0,0.0,16.0,25903.0
2026-07-30T19:00:47.847Z,217.33,217.344,0.0,7.4,0.0,0.0,0.0,0.0,0.0,0.0,0.0,0.0,1.0,0.0,0.0,0.0,9.0,4.0,0.0,0.0,0.0,0.0,0.0,0.0,0.0,0.0,1.0,12.0,1.0,12.2,5.0200000000000005,2.51,1.49,0.0,0.0,0.0,0.4,0.0,0.9,0.6000000000000001,-0.6000000000000001,-169.70000000000002,0.0,0.0,169.60000000000002,0.0,21.3,29.5,29.4,30.0,300.0,300.0,31.4,35.4,29.3,28.6,30.4,4.95,1.99,4.97,0.16,0.0,0.0,1027.0,8228.0,0.0,0.0,0.0,0.0,0.0,1.0,0.0,0.0,0.0,0.0,0.0,0.3,0.0,0.6000000000000001,0.0,0.0,16.0,25903.0
2026-07-30T19:00:47.860Z,217.343,217.356,0.0,7.4,0.0,0.0,0.0,0.0,0.0,0.0,0.0,0.0,1.0,0.0,0.0,0.0,9.0,4.0,0.0,0.0,0.0,0.0,0.0,0.0,0.0,0.0,3.0,12.0,1.0,12.15,5.0200000000000005,2.51,1.49,0.0,0.0,0.0,0.4,0.0,1.0,-1.0,0.5,-169.70000000000002,0.0,0.0,169.70000000000002,0.0,21.700000000000003,29.5,29.4,30.0,300.0,300.0,31.4,35.4,29.3,28.6,30.4,4.96,1.99,4.96,0.16,0.0,0.0,1027.0,8228.0,0.0,0.0,0.0,0.0,0.0,1.0,0.0,0.0,0.0,0.0,0.0,-0.7000000000000001,0.0,-0.7000000000000001,0.0,0.0,16.0,25903.0
2026-07-30T19:00:47.871Z,217.354,217.368,0.0,7.4,0.0,0.0,0.0,0.0,0.0,0.0,0.0,0.0,1.0,0.0,0.0,0.0,9.0,4.0,0.0,0.0,0.0,0.0,0.0,0.0,0.0,0.0,4.0,12.0,1.0,12.15,5.0200000000000005,2.51,1.49,0.0,0.0,0.0,0.4,0.0,0.3,0.6000000000000001,0.0,-169.70000000000002,0.0,0.0,169.60000000000002,0.0,21.700000000000003,29.5,29.4,30.0,300.0,300.0,31.4,35.4,29.3,28.6,30.4,4.96,1.99,4.97,0.16,0.0,0.0,1027.0,8228.0,0.0,0.0,0.0,0.0,0.0,1.0,0.0,0.0,0.0,0.0,0.0,0.7000000000000001,0.0,0.1,0.0,0.0,16.0,25903.0
2026-07-30T19:00:47.883Z,217.366,217.38,0.0,7.4,0.0,0.0,0.0,0.0,0.0,0.0,0.0,0.0,1.0,0.0,0.0,0.0,9.0,4.0,0.0,0.0,0.0,0.0,0.0,0.0,0.0,0.0,5.0,12.0,1.0,12.15,5.0200000000000005,2.51,1.49,0.0,0.0,0.0,0.4,0.0,0.4,1.3,-1.8,-169.70000000000002,0.0,0.0,169.70000000000002,0.0,21.700000000000003,29.5,29.4,30.0,300.0,300.0,31.4,35.4,29.3,28.6,30.4,4.95,2.0,4.97,0.16,0.0,0.0,1027.0,8228.0,0.0,0.0,0.0,0.0,0.0,1.0,0.0,0.0,0.0,0.0,0.0,0.1,0.0,1.8,0.0,0.0001,16.0,25903.0
2026-07-30T19:00:47.899Z,217.382,217.392,0.0,7.4,0.0,0.0,0.0,0.0,0.0,0.0,0.0,0.0,1.0,0.0,0.0,0.0,9.0,4.0,0.0,0.0,0.0,0.0,0.0,0.0,0.0,0.0,1.0,12.0,1.0,12.15,5.0200000000000005,2.51,1.49,0.0,0.0,0.0,0.4,0.0,0.9,1.2000000000000002,2.3000000000000003,-169.70000000000002,0.0,0.0,169.8,0.0,21.700000000000003,29.5,29.4,30.0,300.0,300.0,31.4,35.4,29.3,28.6,30.4,4.96,2.0,4.96,0.16,0.0,0.0,1027.0,8228.0,0.0,0.0,0.0,0.0,0.0,1.0,0.0,0.0,0.0,0.0,0.0,3.2,0.0,-1.8,0.0,0.0,16.0,25903.0
2026-07-30T19:00:47.912Z,217.395,217.404,0.0,7.4,0.0,0.0,0.0,0.0,0.0,0.0,0.0,0.0,1.0,0.0,0.0,0.0,9.0,4.0,0.0,0.0,0.0,0.0,0.0,0.0,0.0,0.0,1.0,12.0,1.0,12.15,5.0200000000000005,2.51,1.49,0.0,0.1,0.0,0.4,0.0,0.9,-0.4,1.7000000000000002,-169.70000000000002,0.0,0.0,169.60000000000002,0.0,21.700000000000003,29.5,29.4,30.0,300.0,300.0,31.4,35.4,29.3,28.6,30.4,4.95,1.99,4.96,0.16,0.0,0.0,1027.0,8228.0,0.0,0.0,0.0,0.0,0.0,1.0,0.0,0.0,0.0,0.0,0.0,0.8,0.0,-1.6,0.0,0.0002,16.0,25903.0
2026-07-30T19:00:47.919Z,217.402,217.416,0.0,7.4,0.0,0.0,0.0,0.0,0.0,0.0,0.0,0.0,1.0,0.0,0.0,0.0,9.0,4.0,0.0,0.0,0.0,0.0,0.0,0.0,0.0,0.0,5.0,12.0,1.0,12.15,5.0200000000000005,2.51,1.49,0.0,0.0,0.0,0.4,0.0,-0.2,-0.4,-1.6,-169.60000000000002,0.0,0.0,169.70000000000002,0.0,21.700000000000003,29.5,29.4,30.0,300.0,300.0,31.4,35.4,29.3,28.6,30.4,4.95,1.99,4.97,0.16,0.0,0.0,1027.0,8228.0,0.0,0.0,0.0,0.0,0.0,1.0,0.0,0.0,0.0,0.0,0.0,-1.7000000000000002,0.0,1.3,0.0,0.0001,16.0,25903.0
2026-07-30T19:00:47.931Z,217.414,217.428,0.0,7.4,0.0,0.0,0.0,0.0,0.0,0.0,0.0,0.0,1.0,0.0,0.0,0.0,9.0,4.0,0.0,0.0,0.0,0.0,0.0,0.0,0.0,0.0,6.0,12.0,1.0,12.15,5.0200000000000005,2.51,1.49,0.0,0.1,0.0,0.4,0.0,-0.2,1.2000000000000002,-0.5,-169.60000000000002,0.0,0.0,169.60000000000002,0.0,21.700000000000003,29.5,29.4,30.0,300.0,300.0,31.4,35.4,29.3,28.6,30.4,4.95,1.99,4.97,0.16,0.0,0.0,1027.0,8228.0,0.0,0.0,0.0,0.0,0.0,1.0,0.0,0.0,0.0,0.0,0.0,-0.3,0.0,0.5,0.0,0.0,16.0,25903.0
2026-07-30T19:00:47.943Z,217.426,217.44,0.0,7.4,0.0,0.0,0.0,0.0,0.0,0.0,0.0,0.0,1.0,0.0,0.0,0.0,9.0,4.0,0.0,0.0,0.0,0.0,0.0,0.0,0.0,0.0,2.0,12.0,1.0,12.15,5.0200000000000005,2.51,1.49,0.0,0.0,0.0,0.4,0.0,0.3,0.1,-0.5,-169.60000000000002,0.0,0.0,169.70000000000002,0.0,21.700000000000003,29.5,29.4,30.0,300.0,300.0,31.4,35.4,29.3,28.6,30.4,4.96,1.99,4.96,0.16,0.0,0.0,1027.0,8228.0,0.0,0.0,0.0,0.0,0.0,1.0,0.0,0.0,0.0,0.0,0.0,-0.4,0.0,-0.1,0.0,0.0,16.0,25903.0
2026-07-30T19:00:47.955Z,217.438,217.452,0.0,7.4,0.0,0.0,0.0,0.0,0.0,0.0,0.0,0.0,1.0,0.0,0.0,0.0,9.0,4.0,0.0,0.0,0.0,0.0,0.0,0.0,0.0,0.0,3.0,12.0,1.0,12.15,5.0200000000000005,2.51,1.49,0.0,0.0,0.0,0.4,0.0,0.3,0.6000000000000001,1.1,-169.60000000000002,0.0,0.0,169.70000000000002,0.0,21.700000000000003,29.5,29.4,30.0,300.0,300.0,31.4,35.4,29.3,28.6,30.4,4.95,1.99,4.97,0.16,0.0,0.0,1027.0,8228.0,0.0,0.0,0.0,0.0,0.0,1.0,0.0,0.0,0.0,0.0,0.0,0.7000000000000001,0.0,-1.6,0.0,0.0001,16.0,25903.0
2026-07-30T19:00:47.967Z,217.45,217.464,0.0,7.4,0.0,0.0,0.0,0.0,0.0,0.0,0.0,0.0,1.0,0.0,0.0,0.0,9.0,4.0,0.0,0.0,0.0,0.0,0.0,0.0,0.0,0.0,4.0,12.0,1.0,12.19,5.0200000000000005,2.5,1.49,0.0,0.0,0.0,0.5,0.0,0.9,1.2000000000000002,1.1,-169.60000000000002,0.0,0.0,169.70000000000002,0.0,21.200000000000003,29.5,29.4,30.0,300.0,300.0,31.5,35.4,29.3,28.6,30.4,4.95,1.99,4.96,0.17,0.0,0.0,1027.0,8228.0,0.0,0.0,0.0,0.0,0.0,1.0,0.0,0.0,0.0,0.0,0.0,2.2,0.0,-0.7000000000000001,0.0,0.0,16.0,25903.0
2026-07-30T19:00:47.979Z,217.462,217.476,0.0,7.4,0.0,0.0,0.0,0.0,0.0,0.0,0.0,0.0,1.0,0.0,0.0,0.0,9.0,4.0,0.0,0.0,0.0,0.0,0.0,0.0,0.0,0.0,5.0,12.0,1.0,12.19,5.0200000000000005,2.5,1.49,0.0,0.1,0.0,0.4,0.0,0.9,0.6000000000000001,1.1,-169.60000000000002,0.0,0.0,169.70000000000002,0.0,21.200000000000003,29.5,29.4,30.0,300.0,300.0,31.5,35.4,29.3,28.6,30.4,4.96,2.0,4.96,0.16,0.0,0.0,1027.0,8228.0,0.0,0.0,0.0,0.0,0.0,1.0,0.0,0.0,0.0,0.0,0.0,1.5,0.0,-0.8,0.0,0.0,16.0,25903.0
2026-07-30T19:00:47.991Z,217.474,217.488,0.0,7.4,0.0,0.0,0.0,0.0,0.0,0.0,0.0,0.0,1.0,0.0,0.0,0.0,9.0,4.0,0.0,0.0,0.0,0.0,0.0,0.0,0.0,0.0,6.0,12.0,1.0,12.19,5.0200000000000005,2.5,1.49,0.0,0.1,0.0,0.5,0.0,-0.8,-0.5,0.0,-169.70000000000002,0.0,0.0,169.8,0.0,21.200000000000003,29.5,29.4,30.0,300.0,300.0,31.5,35.4,29.3,28.6,30.4,4.95,2.0,4.97,0.16,0.0,0.0,1027.0,8228.0,0.0,0.0,0.0,0.0,0.0,1.0,0.0,0.0,0.0,0.0,0.0,-0.6000000000000001,0.0,0.0,0.0,0.0001,16.0,25903.0
2026-07-30T19:00:48.003Z,217.486,217.5,0.0,7.4,0.0,0.0,0.0,0.0,0.0,0.0,0.0,0.0,1.0,0.0,0.0,0.0,9.0,4.0,0.0,0.0,0.0,0.0,0.0,0.0,0.0,0.0,1.0,12.0,1.0,12.19,5.0200000000000005,2.5,1.49,0.0,0.0,0.0,0.4,0.0,0.3,-0.5,0.5,-169.60000000000002,0.0,0.0,169.60000000000002,0.0,21.200000000000003,29.5,29.4,30.0,300.0,300.0,31.5,35.4,29.3,28.6,30.4,4.95,1.99,4.96,0.16,0.0,0.0,1027.0,8228.0,0.0,0.0,0.0,0.0,0.0,1.0,0.0,0.0,0.0,0.0,0.0,-0.1,0.0,-0.6000000000000001,0.0,0.0001,16.0,25903.0
2026-07-30T19:00:48.015Z,217.498,217.512,0.0,7.4,0.0,0.0,0.0,0.0,0.0,0.0,0.0,0.0,1.0,0.0,0.0,0.0,9.0,4.0,0.0,0.0,0.0,0.0,0.0,0.0,0.0,0.0,2.0,12.0,1.0,12.19,5.0200000000000005,2.5,1.49,0.0,0.0,0.0,0.4,0.0,0.3,0.0,-0.5,-169.60000000000002,0.0,0.0,169.70000000000002,0.0,21.200000000000003,29.5,29.4,30.0,300.0,300.0,31.5,35.4,29.3,28.6,30.4,4.95,1.99,4.96,0.16,0.0,0.0,1027.0,8228.0,0.0,0.0,0.0,0.0,0.0,1.0,0.0,0.0,0.0,0.0,0.0,-0.3,0.0,0.5,0.0,0.0001,16.0,25903.0
2026-07-30T19:00:48.027Z,217.51,217.524,0.0,7.4,0.0,0.0,0.0,0.0,0.0,0.0,0.0,0.0,1.0,0.0,0.0,0.0,9.0,4.0,0.0,0.0,0.0,0.0,0.0,0.0,0.0,0.0,3.0,12.0,1.0,12.19,5.0200000000000005,2.5,1.49,0.0,0.0,0.0,0.4,0.0,-0.2,-0.5,-0.5,-169.60000000000002,0.0,0.0,169.60000000000002,0.0,21.200000000000003,29.5,29.4,30.0,300.0,300.0,31.5,35.4,29.3,28.6,30.4,4.96,1.99,4.96,0.16,0.0,0.0,1027.0,8228.0,0.0,0.0,0.0,0.0,0.0,1.0,0.0,0.0,0.0,0.0,0.0,-1.0,0.0,0.4,0.0,0.0,16.0,25903.0
2026-07-30T19:00:48.039Z,217.522,217.536,0.0,7.4,0.0,0.0,0.0,0.0,0.0,0.0,0.0,0.0,1.0,0.0,0.0,0.0,9.0,4.0,0.0,0.0,0.0,0.0,0.0,0.0,0.0,0.0,4.0,12.0,1.0,12.19,5.0200000000000005,2.5,1.49,0.0,0.0,0.0,0.5,0.0,-0.2,0.6000000000000001,-0.5,-169.60000000000002,0.0,0.0,169.70000000000002,0.0,21.200000000000003,29.5,29.4,30.0,300.0,300.0,31.5,35.4,29.3,28.6,30.4,4.95,1.99,4.97,0.17,0.0,0.0,1027.0,8228.0,0.0,0.0,0.0,0.0,0.0,1.0,0.0,0.0,0.0,0.0,0.0,0.3,0.0,0.6000000000000001,0.0,0.0,16.0,25903.0
2026-07-30T19:00:48.051Z,217.534,217.548,0.0,7.4,0.0,0.0,0.0,0.0,0.0,0.0,0.0,0.0,1.0,0.0,0.0,0.0,9.0,4.0,0.0,0.0,0.0,0.0,0.0,0.0,0.0,0.0,5.0,12.0,1.0,12.19,5.0200000000000005,2.5,1.49,0.0,0.0,0.0,0.5,0.0,-0.2,-1.6,-1.1,-169.60000000000002,0.0,0.0,169.8,0.0,21.200000000000003,29.5,29.4,30.0,300.0,300.0,31.5,35.4,29.3,28.6,30.4,4.96,1.99,4.96,0.17,0.0,0.0,1027.0,8228.0,0.0,0.0,0.0,0.0,0.0,1.0,0.0,0.0,0.0,0.0,0.0,-2.6,0.0,0.6000000000000001,0.0,0.0,16.0,25903.0
2026-07-30T19:00:48.064Z,217.547,217.56,0.0,7.4,0.0,0.0,0.0,0.0,0.0,0.0,0.0,0.0,1.0,0.0,0.0,0.0,9.0,4.0,0.0,0.0,0.0,0.0,0.0,0.0,0.0,0.0,6.0,12.0,1.0,12.18,5.01,2.51,1.49,0.0,0.0,0.0,0.4,0.0,-0.8,0.7000000000000001,0.5,-169.60000000000002,0.0,0.0,169.8,0.0,21.4,29.5,29.4,30.0,300.0,300.0,31.6,35.4,29.4,28.5,30.4,4.96,1.99,4.97,0.16,0.0,0.0,1027.0,8228.0,0.0,0.0,0.0,0.0,0.0,1.0,0.0,0.0,0.0,0.0,0.0,1.2000000000000002,0.0,-0.3,0.0,0.0001,16.0,25903.0
2026-07-30T19:00:48.075Z,217.558,217.572,0.0,7.4,0.0,0.0,0.0,0.0,0.0,0.0,0.0,0.0,1.0,0.0,0.0,0.0,9.0,4.0,0.0,0.0,0.0,0.0,0.0,0.0,0.0,0.0,1.0,12.0,1.0,12.18,5.01,2.51,1.49,0.0,0.0,0.0,0.4,0.0,-0.3,0.1,0.0,-169.60000000000002,0.0,0.0,169.70000000000002,0.0,21.4,29.5,29.4,30.0,300.0,300.0,31.6,35.4,29.4,28.5,30.4,4.96,1.99,4.97,0.17,0.0,0.0,1027.0,8228.0,0.0,0.0,0.0,0.0,0.0,1.0,0.0,0.0,0.0,0.0,0.0,0.1,0.0,0.0,0.0,0.0001,16.0,25903.0
2026-07-30T19:00:48.087Z,217.57,217.584,0.0,7.4,0.0,0.0,0.0,0.0,0.0,0.0,0.0,0.0,1.0,0.0,0.0,0.0,9.0,4.0,0.0,0.0,0.0,0.0,0.0,0.0,0.0,0.0,3.0,12.0,1.0,12.18,5.01,2.51,1.49,0.0,0.0,0.0,0.4,0.0,0.3,0.7000000000000001,1.8,-169.60000000000002,0.0,0.0,169.70000000000002,0.0,21.4,29.5,29.4,30.0,300.0,300.0,31.6,35.4,29.4,28.5,30.4,4.95,1.99,4.97,0.16,0.0,0.0,1027.0,8228.0,0.0,0.0,0.0,0.0,0.0,1.0,0.0,0.0,0.0,0.0,0.0,2.1,0.0,-1.4,0.0,0.0,16.0,25903.0
2026-07-30T19:00:48.099Z,217.582,217.596,0.0,7.4,0.0,0.0,0.0,0.0,0.0,0.0,0.0,0.0,1.0,0.0,0.0,0.0,9.0,4.0,0.0,0.0,0.0,0.0,0.0,0.0,0.0,0.0,3.0,12.0,1.0,12.18,5.01,2.51,1.49,0.0,0.0,0.0,0.5,0.0,-0.2,-0.4,-1.1,-169.70000000000002,0.0,0.0,169.70000000000002,0.0,21.4,29.5,29.4,30.0,300.0,300.0,31.6,35.4,29.4,28.5,30.4,4.96,1.99,4.96,0.16,0.0,0.0,1027.0,8228.0,0.0,0.0,0.0,0.0,0.0,1.0,0.0,0.0,0.0,0.0,0.0,-1.3,0.0,0.9,0.0,0.0001,16.0,25903.0
2026-07-30T19:00:48.111Z,217.594,217.608,0.0,7.4,0.0,0.0,0.0,0.0,0.0,0.0,0.0,0.0,1.0,0.0,0.0,0.0,9.0,4.0,0.0,0.0,0.0,0.0,0.0,0.0,0.0,0.0,5.0,12.0,1.0,12.18,5.01,2.51,1.49,0.0,0.0,0.0,0.4,0.0,-0.2,0.1,0.6000000000000001,-169.70000000000002,0.0,0.0,169.8,0.0,21.4,29.5,29.4,30.0,300.0,300.0,31.6,35.4,29.4,28.5,30.4,4.96,1.99,4.97,0.16,0.0,0.0,1027.0,8228.0,0.0,0.0,0.0,0.0,0.0,1.0,0.0,0.0,0.0,0.0,0.0,0.6000000000000001,0.0,-0.5,0.0,0.0,16.0,25903.0
2026-07-30T19:00:48.123Z,217.606,217.62,0.0,7.4,0.0,0.0,0.0,0.0,0.0,0.0,0.0,0.0,1.0,0.0,0.0,0.0,9.0,4.0,0.0,0.0,0.0,0.0,0.0,0.0,0.0,0.0,6.0,12.0,1.0,12.18,5.01,2.51,1.49,0.0,0.0,0.0,0.4,0.0,-0.2,-0.3,0.0,-169.60000000000002,0.0,0.0,169.70000000000002,0.0,21.4,29.5,29.4,30.0,300.0,300.0,31.6,35.4,29.4,28.5,30.4,4.95,1.99,4.97,0.16,0.0,0.0,1027.0,8228.0,0.0,0.0,0.0,0.0,0.0,1.0,0.0,0.0,0.0,0.0,0.0,-0.4,0.0,0.0,0.0,0.0,16.0,25903.0
2026-07-30T19:00:48.135Z,217.618,217.632,0.0,7.4,0.0,0.0,0.0,0.0,0.0,0.0,0.0,0.0,1.0,0.0,0.0,0.0,9.0,4.0,0.0,0.0,0.0,0.0,0.0,0.0,0.0,0.0,1.0,12.0,1.0,12.18,5.01,2.51,1.49,0.0,0.0,0.0,0.4,0.0,0.3,-0.3,0.0,-169.70000000000002,0.0,0.0,169.8,0.0,21.4,29.5,29.4,30.0,300.0,300.0,31.6,35.4,29.4,28.5,30.4,4.96,1.99,4.96,0.16,0.0,0.0,1027.0,8228.0,0.0,0.0,0.0,0.0,0.0,1.0,0.0,0.0,0.0,0.0,0.0,-0.4,0.0,0.0,0.0,0.0001,16.0,25903.0
2026-07-30T19:00:48.147Z,217.63,217.644,0.0,7.4,0.0,0.0,0.0,0.0,0.0,0.0,0.0,0.0,1.0,0.0,0.0,0.0,9.0,4.0,0.0,0.0,0.0,0.0,0.0,0.0,0.0,0.0,2.0,12.0,1.0,12.18,5.01,2.51,1.49,0.0,0.0,0.0,0.4,0.0,-0.2,-0.9,1.6,-169.70000000000002,0.0,0.0,169.8,0.0,21.4,29.5,29.4,30.0,300.0,300.0,31.6,35.4,29.4,28.5,30.4,4.96,2.0,4.96,0.16,0.0,0.0,1027.0,8228.0,0.0,0.0,0.0,0.0,0.0,1.0,0.0,0.0,0.0,0.0,0.0,0.1,0.0,-1.6,0.0,0.0001,16.0,25903.0
2026-07-30T19:00:48.159Z,217.642,217.656,0.0,7.4,0.0,0.0,0.0,0.0,0.0,0.0,0.0,0.0,1.0,0.0,0.0,0.0,9.0,4.0,0.0,0.0,0.0,0.0,0.0,0.0,0.0,0.0,3.0,12.0,1.0,12.18,5.01,2.51,1.49,0.0,0.0,0.0,0.4,0.0,0.9,0.2,-0.1,-169.70000000000002,0.0,0.0,169.70000000000002,0.0,21.4,29.5,29.4,30.0,300.0,300.0,31.6,35.4,29.4,28.5,30.4,4.96,1.99,4.97,0.16,0.0,0.0,1027.0,8228.0,0.0,0.0,0.0,0.0,0.0,1.0,0.0,0.0,0.0,0.0,0.0,0.1,0.0,0.1,0.0,0.0001,16.0,25903.0
2026-07-30T19:00:48.172Z,217.655,217.668,0.0,7.4,0.0,0.0,0.0,0.0,0.0,0.0,0.0,0.0,1.0,0.0,0.0,0.0,9.0,4.0,0.0,0.0,0.0,0.0,0.0,0.0,0.0,0.0,4.0,12.0,1.0,12.17,5.0200000000000005,2.51,1.49,0.0,0.0,0.0,0.4,0.0,0.3,0.2,0.4,-169.70000000000002,0.0,0.0,169.70000000000002,0.0,21.3,29.5,29.4,30.0,300.0,300.0,31.5,35.4,29.4,28.6,30.4,4.96,1.99,4.97,0.16,0.0,0.0,1027.0,8228.0,0.0,0.0,0.0,0.0,0.0,1.0,0.0,0.0,0.0,0.0,0.0,0.6000000000000001,0.0,-0.3,0.0,0.0,16.0,25903.0
2026-07-30T19:00:48.183Z,217.666,217.68,0.0,7.4,0.0,0.0,0.0,0.0,0.0,0.0,0.0,0.0,1.0,0.0,0.0,0.0,9.0,4.0,0.0,0.0,0.0,0.0,0.0,0.0,0.0,0.0,5.0,12.0,1.0,12.17,5.0200000000000005,2.51,1.49,0.0,0.1,0.0,0.4,0.0,0.3,0.2,0.0,-169.70000000000002,0.0,0.0,169.60000000000002,0.0,21.3,29.5,29.4,30.0,300.0,300.0,31.5,35.4,29.4,28.6,30.4,4.96,1.99,4.96,0.15,0.0,0.0,1027.0,8228.0,0.0,0.0,0.0,0.0,0.0,1.0,0.0,0.0,0.0,0.0,0.0,0.2,0.0,0.1,0.0,0.0,16.0,25903.0
2026-07-30T19:00:48.195Z,217.678,217.692,0.0,7.4,0.0,0.0,0.0,0.0,0.0,0.0,0.0,0.0,1.0,0.0,0.0,0.0,9.0,4.0,0.0,0.0,0.0,0.0,0.0,0.0,0.0,0.0,6.0,12.0,1.0,12.17,5.0200000000000005,2.51,1.49,0.0,0.0,0.0,0.4,0.0,1.4,1.4,0.4,-169.60000000000002,0.0,0.0,169.60000000000002,0.0,21.3,29.5,29.4,30.0,300.0,300.0,31.5,35.4,29.4,28.6,30.4,4.95,1.99,4.97,0.15,0.0,0.0,1027.0,8228.0,0.0,0.0,0.0,0.0,0.0,1.0,0.0,0.0,0.0,0.0,0.0,2.0,0.0,-0.1,0.0,0.0001,16.0,25903.0
2026-07-30T19:00:48.208Z,217.691,217.704,0.0,7.4,0.0,0.0,0.0,0.0,0.0,0.0,0.0,0.0,1.0,0.0,0.0,0.0,9.0,4.0,0.0,0.0,0.0,0.0,0.0,0.0,0.0,0.0,1.0,12.0,1.0,12.17,5.0200000000000005,2.51,1.49,0.0,0.0,0.0,0.5,0.0,-0.2,0.8,1.0,-169.60000000000002,0.0,0.0,169.70000000000002,0.0,21.3,29.5,29.4,30.0,300.0,300.0,31.5,35.4,29.4,28.6,30.4,4.95,2.0,4.97,0.16,0.0,0.0,1027.0,8228.0,0.0,0.0,0.0,0.0,0.0,1.0,0.0,0.0,0.0,0.0,0.0,1.7000000000000002,0.0,-0.7000000000000001,0.0,0.0,16.0,25903.0
2026-07-30T19:00:48.224Z,217.707,217.716,0.0,7.4,0.0,0.0,0.0,0.0,0.0,0.0,0.0,0.0,1.0,0.0,0.0,0.0,9.0,4.0,0.0,0.0,0.0,0.0,0.0,0.0,0.0,0.0,1.0,12.0,1.0,12.17,5.0200000000000005,2.51,1.49,0.0,0.1,0.0,0.5,0.0,0.3,-0.3,-0.6000000000000001,-169.60000000000002,0.0,0.0,169.70000000000002,0.0,21.3,29.5,29.4,30.0,300.0,300.0,31.5,35.4,29.4,28.6,30.4,4.96,1.99,4.97,0.16,0.0,0.0,1027.0,8228.0,0.0,0.0,0.0,0.0,0.0,1.0,0.0,0.0,0.0,0.0,0.0,-0.8,0.0,0.5,0.0,0.0001,16.0,25903.0
2026-07-30T19:00:48.231Z,217.714,217.728,0.0,7.4,0.0,0.0,0.0,0.0,0.0,0.0,0.0,0.0,1.0,0.0,0.0,0.0,9.0,4.0,0.0,0.0,0.0,0.0,0.0,0.0,0.0,0.0,6.0,12.0,1.0,12.17,5.0200000000000005,2.51,1.49,0.0,0.0,0.0,0.5,0.0,-0.2,0.8,0.0,-169.60000000000002,0.0,0.0,169.70000000000002,0.0,21.3,29.5,29.4,30.0,300.0,300.0,31.5,35.4,29.4,28.6,30.4,4.96,1.99,4.96,0.16,0.0,0.0,1027.0,8228.0,0.0,0.0,0.0,0.0,0.0,1.0,0.0,0.0,0.0,0.0,0.0,0.9,0.0,0.2,0.0,0.0,16.0,25903.0
2026-07-30T19:00:48.243Z,217.726,217.74,0.0,7.4,0.0,0.0,0.0,0.0,0.0,0.0,0.0,0.0,1.0,0.0,0.0,0.0,9.0,4.0,0.0,0.0,0.0,0.0,0.0,0.0,0.0,0.0,1.0,12.0,1.0,12.17,5.0200000000000005,2.51,1.49,0.0,0.0,0.0,0.4,0.0,-0.2,-0.2,1.1,-169.70000000000002,0.0,0.0,169.8,0.0,21.3,29.5,29.4,30.0,300.0,300.0,31.5,35.4,29.4,28.6,30.4,4.95,1.99,4.97,0.16,0.0,0.0,1027.0,8228.0,0.0,0.0,0.0,0.0,0.0,1.0,0.0,0.0,0.0,0.0,0.0,0.5,0.0,-1.0,0.0,0.0,16.0,25903.0
2026-07-30T19:00:48.255Z,217.738,217.752,0.0,7.4,0.0,0.0,0.0,0.0,0.0,0.0,0.0,0.0,1.0,0.0,0.0,0.0,9.0,4.0,0.0,0.0,0.0,0.0,0.0,0.0,0.0,0.0,2.0,12.0,1.0,12.17,5.0200000000000005,2.51,1.49,0.0,0.0,0.0,0.4,0.0,-0.2,0.2,-0.6000000000000001,-169.70000000000002,0.0,0.0,169.8,0.0,21.3,29.5,29.4,30.0,300.0,300.0,31.5,35.4,29.4,28.6,30.4,4.95,1.99,4.96,0.16,0.0,0.0,1027.0,8228.0,0.0,0.0,0.0,0.0,0.0,1.0,0.0,0.0,0.0,0.0,0.0,-0.1,0.0,0.5,0.0,0.0002,16.0,25903.0
2026-07-30T19:00:48.268Z,217.751,217.764,0.0,7.4,0.0,0.0,0.0,0.0,0.0,0.0,0.0,0.0,1.0,0.0,0.0,0.0,9.0,4.0,0.0,0.0,0.0,0.0,0.0,0.0,0.0,0.0,4.0,12.0,1.0,12.17,5.0200000000000005,2.51,1.49,0.0,0.0,0.0,0.4,0.0,0.9,0.8,1.1,-169.70000000000002,0.0,0.0,169.8,0.0,21.700000000000003,29.5,29.4,30.0,300.0,300.0,31.5,35.4,29.4,28.6,30.4,4.96,1.99,4.96,0.16,0.0,0.0,1027.0,8228.0,0.0,0.0,0.0,0.0,0.0,1.0,0.0,0.0,0.0,0.0,0.0,1.8,0.0,-0.8,0.0,0.0001,16.0,25903.0
2026-07-30T19:00:48.279Z,217.762,217.776,0.0,7.4,0.0,0.0,0.0,0.0,0.0,0.0,0.0,0.0,1.0,0.0,0.0,0.0,9.0,4.0,0.0,0.0,0.0,0.0,0.0,0.0,0.0,0.0,5.0,12.0,1.0,12.17,5.0200000000000005,2.51,1.49,0.0,0.0,0.0,0.4,0.0,-1.9,-1.5,-1.2000000000000002,-169.70000000000002,0.0,0.0,169.70000000000002,0.0,21.700000000000003,29.5,29.4,30.0,300.0,300.0,31.5,35.4,29.4,28.6,30.4,4.95,1.99,4.97,0.16,0.0,0.0,1027.0,8228.0,0.0,0.0,0.0,0.0,0.0,1.0,0.0,0.0,0.0,0.0,0.0,-2.6,0.0,0.7000000000000001,0.0,0.0,16.0,25903.0
2026-07-30T19:00:48.291Z,217.774,217.788,0.0,7.4,0.0,0.0,0.0,0.0,0.0,0.0,0.0,0.0,1.0,0.0,0.0,0.0,9.0,4.0,0.0,0.0,0.0,0.0,0.0,0.0,0.0,0.0,6.0,12.0,1.0,12.17,5.0200000000000005,2.51,1.49,0.0,0.0,0.0,0.4,0.0,-0.1,-0.9,-0.6000000000000001,-169.70000000000002,0.0,0.0,169.60000000000002,0.0,21.700000000000003,29.5,29.4,30.0,300.0,300.0,31.5,35.4,29.4,28.6,30.4,4.96,1.99,4.97,0.16,0.0,0.0,1027.0,8228.0,0.0,0.0,0.0,0.0,0.0,1.0,0.0,0.0,0.0,0.0,0.0,-1.5,0.0,0.3,0.0,0.0001,16.0,25903.0
2026-07-30T19:00:48.303Z,217.786,217.8,0.0,7.4,0.0,0.0,0.0,0.0,0.0,0.0,0.0,0.0,1.0,0.0,0.0,0.0,9.0,4.0,0.0,0.0,0.0,0.0,0.0,0.0,0.0,0.0,1.0,12.0,1.0,12.17,5.0200000000000005,2.51,1.49,0.0,0.0,0.0,0.4,0.0,-0.1,0.7000000000000001,0.0,-169.70000000000002,0.0,0.0,169.70000000000002,0.0,21.700000000000003,29.5,29.4,30.0,300.0,300.0,31.5,35.4,29.4,28.6,30.4,4.96,1.99,4.96,0.16,0.0,0.0,1027.0,8228.0,0.0,0.0,0.0,0.0,0.0,1.0,0.0,0.0,0.0,0.0,0.0,0.8,0.0,0.1,0.0,0.0002,16.0,25903.0
2026-07-30T19:00:48.315Z,217.798,217.812,0.0,7.4,0.0,0.0,0.0,0.0,0.0,0.0,0.0,0.0,1.0,0.0,0.0,0.0,9.0,4.0,0.0,0.0,0.0,0.0,0.0,0.0,0.0,0.0,2.0,12.0,1.0,12.17,5.0200000000000005,2.51,1.49,0.0,0.0,0.0,0.4,0.0,-0.1,-0.3,0.5,-169.70000000000002,0.0,0.0,169.70000000000002,0.0,21.700000000000003,29.5,29.4,30.0,300.0,300.0,31.5,35.4,29.4,28.6,30.4,4.96,1.99,4.96,0.16,0.0,0.0,1027.0,8228.0,0.0,0.0,0.0,0.0,0.0,1.0,0.0,0.0,0.0,0.0,0.0,0.0,0.0,-0.5,0.0,0.0001,16.0,25903.0
2026-07-30T19:00:48.327Z,217.81,217.824,0.0,7.4,0.0,0.0,0.0,0.0,0.0,0.0,0.0,0.0,1.0,0.0,0.0,0.0,9.0,4.0,0.0,0.0,0.0,0.0,0.0,0.0,0.0,0.0,3.0,12.0,1.0,12.17,5.0200000000000005,2.51,1.49,0.0,0.0,0.0,0.5,0.0,0.4,-0.2,-0.6000000000000001,-169.70000000000002,0.0,0.0,169.70000000000002,0.0,21.700000000000003,29.5,29.4,30.0,300.0,300.0,31.5,35.4,29.4,28.6,30.4,4.96,1.99,4.97,0.16,0.0,0.0,1027.0,8228.0,0.0,0.0,0.0,0.0,0.0,1.0,0.0,0.0,0.0,0.0,0.0,-0.7000000000000001,0.0,0.4,0.0,0.0,16.0,25903.0
2026-07-30T19:00:48.339Z,217.822,217.836,0.0,7.4,0.0,0.0,0.0,0.0,0.0,0.0,0.0,0.0,1.0,0.0,0.0,0.0,9.0,4.0,0.0,0.0,0.0,0.0,0.0,0.0,0.0,0.0,4.0,12.0,1.0,12.17,5.0200000000000005,2.51,1.49,0.0,0.0,0.0,0.4,0.0,0.4,-0.8,0.0,-169.70000000000002,0.0,0.0,169.8,0.0,21.700000000000003,29.5,29.4,30.0,300.0,300.0,31.5,35.4,29.4,28.6,30.4,4.95,1.99,4.96,0.16,0.0,0.0,1027.0,8228.0,0.0,0.0,0.0,0.0,0.0,1.0,0.0,0.0,0.0,0.0,0.0,-1.0,0.0,-0.1,0.0,0.0,16.0,25903.0
2026-07-30T19:00:48.351Z,217.834,217.848,0.0,7.4,0.0,0.0,0.0,0.0,0.0,0.0,0.0,0.0,1.0,0.0,0.0,0.0,9.0,4.0,0.0,0.0,0.0,0.0,0.0,0.0,0.0,0.0,5.0,12.0,1.0,12.17,5.0200000000000005,2.51,1.49,0.0,0.0,0.0,0.4,0.0,2.1,2.0,1.7000000000000002,-169.70000000000002,0.0,0.0,169.70000000000002,0.0,21.700000000000003,29.5,29.4,30.0,300.0,300.0,31.5,35.4,29.4,28.6,30.4,4.95,1.99,4.97,0.16,0.0,0.0,1027.0,8228.0,0.0,0.0,0.0,0.0,0.0,1.0,0.0,0.0,0.0,0.0,0.0,3.5,0.0,-1.1,0.0,0.0001,16.0,25903.0
2026-07-30T19:00:48.363Z,217.846,217.86,0.0,7.4,0.0,0.0,0.0,0.0,0.0,0.0,0.0,0.0,1.0,0.0,0.0,0.0,9.0,4.0,0.0,0.0,0.0,0.0,0.0,0.0,0.0,0.0,6.0,12.0,1.0,12.17,5.0200000000000005,2.51,1.49,0.0,0.0,0.0,0.4,0.0,-0.7000000000000001,0.2,0.0,-169.70000000000002,0.0,0.0,169.70000000000002,0.0,21.700000000000003,29.5,29.4,30.0,300.0,300.0,31.5,35.4,29.4,28.6,30.4,4.95,1.99,4.97,0.16,0.0,0.0,1027.0,8228.0,0.0,0.0,0.0,0.0,0.0,1.0,0.0,0.0,0.0,0.0,0.0,0.2,0.0,0.1,0.0,0.0001,16.0,25903.0
2026-07-30T19:00:48.375Z,217.858,217.872,0.0,7.4,0.0,0.0,0.0,0.0,0.0,0.0,0.0,0.0,1.0,0.0,0.0,0.0,9.0,4.0,0.0,0.0,0.0,0.0,0.0,0.0,0.0,0.0,1.0,12.0,1.0,12.18,5.0200000000000005,2.5,1.49,0.0,0.0,0.0,0.4,0.0,0.3,0.2,-0.6000000000000001,-169.70000000000002,0.0,0.0,169.60000000000002,0.0,20.9,29.5,29.4,30.0,300.0,300.0,31.6,35.4,29.3,28.5,30.4,4.96,1.99,4.96,0.16,0.0,0.0,1027.0,8228.0,0.0,0.0,0.0,0.0,0.0,1.0,0.0,0.0,0.0,0.0,0.0,-0.1,0.0,0.5,0.0,0.0001,16.0,25903.0
2026-07-30T19:00:48.387Z,217.87,217.884,0.0,7.4,0.0,0.0,0.0,0.0,0.0,0.0,0.0,0.0,1.0,0.0,0.0,0.0,9.0,4.0,0.0,0.0,0.0,0.0,0.0,0.0,0.0,0.0,2.0,12.0,1.0,12.18,5.0200000000000005,2.5,1.49,0.0,0.0,0.0,0.4,0.0,0.3,0.8,-0.6000000000000001,-169.70000000000002,0.0,0.0,169.70000000000002,0.0,20.9,29.5,29.4,30.0,300.0,300.0,31.6,35.4,29.3,28.5,30.4,4.95,1.99,4.96,0.16,0.0,0.0,1027.0,8228.0,0.0,0.0,0.0,0.0,0.0,1.0,0.0,0.0,0.0,0.0,0.0,0.4,0.0,0.7000000000000001,0.0,0.0001,16.0,25903.0
2026-07-30T19:00:48.399Z,217.882,217.896,0.0,7.4,0.0,0.0,0.0,0.0,0.0,0.0,0.0,0.0,1.0,0.0,0.0,0.0,9.0,4.0,0.0,0.0,0.0,0.0,0.0,0.0,0.0,0.0,3.0,12.0,1.0,12.18,5.0200000000000005,2.5,1.49,0.0,0.0,0.0,0.4,0.0,0.3,-0.3,0.5,-169.70000000000002,0.0,0.0,169.70000000000002,0.0,20.9,29.5,29.4,30.0,300.0,300.0,31.6,35.4,29.3,28.5,30.4,4.95,1.99,4.96,0.16,0.0,0.0,1027.0,8228.0,0.0,0.0,0.0,0.0,0.0,1.0,0.0,0.0,0.0,0.0,0.0,0.0,0.0,-0.5,0.0,0.0,16.0,25903.0
2026-07-30T19:00:48.411Z,217.894,217.908,0.0,7.4,0.0,0.0,0.0,0.0,0.0,0.0,0.0,0.0,1.0,0.0,0.0,0.0,9.0,4.0,0.0,0.0,0.0,0.0,0.0,0.0,0.0,0.0,4.0,12.0,1.0,12.18,5.0200000000000005,2.5,1.49,0.0,0.0,0.0,0.4,0.0,0.9,0.1,2.2,-169.70000000000002,0.0,0.0,169.60000000000002,0.0,20.9,29.5,29.4,30.0,300.0,300.0,31.6,35.4,29.3,28.5,30.4,4.95,2.0,4.96,0.16,0.0,0.0,1027.0,8228.0,0.0,0.0,0.0,0.0,0.0,1.0,0.0,0.0,0.0,0.0,0.0,1.8,0.0,-1.9,0.0,0.0001,16.0,25903.0
2026-07-30T19:00:48.424Z,217.907,217.92,0.0,7.4,0.0,0.0,0.0,0.0,0.0,0.0,0.0,0.0,1.0,0.0,0.0,0.0,9.0,4.0,0.0,0.0,0.0,0.0,0.0,0.0,0.0,0.0,5.0,12.0,1.0,12.18,5.0200000000000005,2.5,1.49,0.0,0.1,0.0,0.4,0.0,-0.2,-0.3,-0.7000000000000001,-169.70000000000002,0.0,0.0,169.60000000000002,0.0,20.9,29.5,29.4,30.0,300.0,300.0,31.6,35.4,29.3,28.5,30.4,4.96,2.0,4.96,0.16,0.0,0.0,1027.0,8228.0,0.0,0.0,0.0,0.0,0.0,1.0,0.0,0.0,0.0,0.0,0.0,-0.9,0.0,0.5,0.0,0.0,16.0,25903.0
2026-07-30T19:00:48.435Z,217.918,217.932,0.0,7.4,0.0,0.0,0.0,0.0,0.0,0.0,0.0,0.0,1.0,0.0,0.0,0.0,9.0,4.0,0.0,0.0,0.0,0.0,0.0,0.0,0.0,0.0,6.0,12.0,1.0,12.18,5.0200000000000005,2.5,1.49,0.0,0.0,0.0,0.5,0.0,0.3,0.1,-1.2000000000000002,-169.60000000000002,0.0,0.0,169.70000000000002,0.0,20.9,29.5,29.4,30.0,300.0,300.0,31.6,35.4,29.3,28.5,30.4,4.95,2.0,4.97,0.16,0.0,0.0,1027.0,8228.0,0.0,0.0,0.0,0.0,0.0,1.0,0.0,0.0,0.0,0.0,0.0,-0.7000000000000001,0.0,1.1,0.0,0.0,16.0,25903.0
2026-07-30T19:00:48.447Z,217.93,217.944,0.0,7.4,0.0,0.0,0.0,0.0,0.0,0.0,0.0,0.0,1.0,0.0,0.0,0.0,9.0,4.0,0.0,0.0,0.0,0.0,0.0,0.0,0.0,0.0,1.0,12.0,1.0,12.18,5.0200000000000005,2.5,1.49,0.0,0.0,0.0,0.5,0.0,-0.2,0.1,-0.7000000000000001,-169.60000000000002,0.0,0.0,169.60000000000002,0.0,20.9,29.5,29.4,30.0,300.0,300.0,31.6,35.4,29.3,28.5,30.4,4.95,1.99,4.96,0.16,0.0,0.0,1027.0,8228.0,0.0,0.0,0.0,0.0,0.0,1.0,0.0,0.0,0.0,0.0,0.0,-1.0,0.0,0.5,0.0,0.0001,16.0,25903.0
2026-07-30T19:00:48.459Z,217.942,217.956,0.0,7.4,0.0,0.0,0.0,0.0,0.0,0.0,0.0,0.0,1.0,0.0,0.0,0.0,9.0,4.0,0.0,0.0,0.0,0.0,0.0,0.0,0.0,0.0,2.0,12.0,1.0,12.18,5.0200000000000005,2.5,1.49,0.0,0.0,0.0,0.4,0.0,-0.2,0.1,-1.2000000000000002,-169.60000000000002,0.0,0.0,169.70000000000002,0.0,20.9,29.5,29.4,30.0,300.0,300.0,31.6,35.4,29.3,28.5,30.4,4.96,1.99,4.96,0.16,0.0,0.0,1027.0,8228.0,0.0,0.0,0.0,0.0,0.0,1.0,0.0,0.0,0.0,0.0,0.0,0.5,0.0,-0.3,0.0,0.0001,16.0,25903.0
2026-07-30T19:00:48.472Z,217.955,217.968,0.0,7.4,0.0,0.0,0.0,0.0,0.0,0.0,0.0,0.0,1.0,0.0,0.0,0.0,9.0,4.0,0.0,0.0,0.0,0.0,0.0,0.0,0.0,0.0,4.0,12.0,1.0,12.17,5.01,2.51,1.49,0.0,0.0,0.0,0.4,0.0,-0.2,-0.4,-0.6000000000000001,-169.60000000000002,0.0,0.0,169.70000000000002,0.0,21.700000000000003,29.5,29.4,30.0,300.0,300.0,31.5,35.5,29.3,28.5,30.4,4.95,1.99,4.96,0.16,0.0,0.0,1027.0,8228.0,0.0,0.0,0.0,0.0,0.0,1.0,0.0,0.0,0.0,0.0,0.0,0.3,0.0,0.7000000000000001,0.0,0.0,16.0,25903.0
2026-07-30T19:00:48.483Z,217.966,217.98,0.0,7.4,0.0,0.0,0.0,0.0,0.0,0.0,0.0,0.0,1.0,0.0,0.0,0.0,9.0,4.0,0.0,0.0,0.0,0.0,0.0,0.0,0.0,0.0,5.0,12.0,1.0,12.17,5.01,2.51,1.49,0.0,0.0,0.0,0.4,0.0,-1.3,-1.0,-1.8,-169.60000000000002,0.0,0.0,169.70000000000002,0.0,21.700000000000003,29.5,29.4,30.0,300.0,300.0,31.5,35.5,29.3,28.5,30.4,4.96,1.99,4.96,0.16,0.0,0.0,1027.0,8228.0,0.0,0.0,0.0,0.0,0.0,1.0,0.0,0.0,0.0,0.0,0.0,-0.7000000000000001,0.0,-0.6000000000000001,0.0,0.0,16.0,25903.0
2026-07-30T19:00:48.495Z,217.978,217.992,0.0,7.4,0.0,0.0,0.0,0.0,0.0,0.0,0.0,0.0,1.0,0.0,0.0,0.0,9.0,4.0,0.0,0.0,0.0,0.0,0.0,0.0,0.0,0.0,6.0,12.0,1.0,12.17,5.01,2.51,1.49,0.0,0.0,0.0,0.4,0.0,-0.2,0.6000000000000001,-0.1,-169.60000000000002,0.0,0.0,169.70000000000002,0.0,21.700000000000003,29.5,29.4,30.0,300.0,300.0,31.5,35.5,29.3,28.5,30.4,4.96,1.99,4.96,0.16,0.0,0.0,1027.0,8228.0,0.0,0.0,0.0,0.0,0.0,1.0,0.0,0.0,0.0,0.0,0.0,0.6000000000000001,0.0,0.2,0.0,0.0,16.0,25903.0
2026-07-30T19:00:48.507Z,217.99,218.004,0.0,7.4,0.0,0.0,0.0,0.0,0.0,0.0,0.0,0.0,1.0,0.0,0.0,0.0,9.0,4.0,0.0,0.0,0.0,0.0,0.0,0.0,0.0,0.0,1.0,12.0,1.0,12.17,5.01,2.51,1.49,0.0,0.1,0.0,0.4,0.0,-0.8,0.0,-0.7000000000000001,-169.60000000000002,0.0,0.0,169.60000000000002,0.0,21.700000000000003,29.5,29.4,30.0,300.0,300.0,31.5,35.5,29.3,28.5,30.4,4.96,1.99,4.96,0.15,0.0,0.0,1027.0,8228.0,0.0,0.0,0.0,0.0,0.0,1.0,0.0,0.0,0.0,0.0,0.0,-0.4,0.0,0.6000000000000001,0.0,0.0,16.0,25903.0
2026-07-30T19:00:48.519Z,218.002,218.016,0.0,7.4,0.0,0.0,0.0,0.0,0.0,0.0,0.0,0.0,1.0,0.0,0.0,0.0,9.0,4.0,0.0,0.0,0.0,0.0,0.0,0.0,0.0,0.0,2.0,12.0,1.0,12.17,5.01,2.51,1.49,0.0,0.1,0.0,0.4,0.0,-0.2,-0.5,-1.3,-169.60000000000002,0.0,0.0,169.70000000000002,0.0,21.700000000000003,29.5,29.4,30.0,300.0,300.0,31.5,35.5,29.3,28.5,30.4,4.95,1.99,4.97,0.16,0.0,0.0,1027.0,8228.0,0.0,0.0,0.0,0.0,0.0,1.0,0.0,0.0,0.0,0.0,0.0,-1.6,0.0,1.0,0.0,0.0,16.0,25903.0
2026-07-30T19:00:48.535Z,218.018,218.028,0.0,7.4,0.0,0.0,0.0,0.0,0.0,0.0,0.0,0.0,1.0,0.0,0.0,0.0,9.0,4.0,0.0,0.0,0.0,0.0,0.0,0.0,0.0,0.0,3.0,12.0,1.0,12.17,5.01,2.51,1.49,0.0,0.0,0.0,0.4,0.0,-0.8,0.0,-1.3,-169.60000000000002,0.0,0.0,169.70000000000002,0.0,21.700000000000003,29.5,29.4,30.0,300.0,300.0,31.5,35.5,29.3,28.5,30.4,4.96,1.99,4.97,0.16,0.0,0.0,1027.0,8228.0,0.0,0.0,0.0,0.0,0.0,1.0,0.0,0.0,0.0,0.0,0.0,-0.9,0.0,1.2000000000000002,0.0,0.0001,16.0,25903.0
2026-07-30T19:00:48.543Z,218.026,218.04,0.0,7.4,0.0,0.0,0.0,0.0,0.0,0.0,0.0,0.0,1.0,0.0,0.0,0.0,9.0,4.0,0.0,0.0,0.0,0.0,0.0,0.0,0.0,0.0,6.0,12.0,1.0,12.17,5.01,2.51,1.49,0.0,0.0,0.0,0.4,0.0,0.3,0.0,0.9,-169.60000000000002,0.0,0.0,169.70000000000002,0.0,21.700000000000003,29.5,29.4,30.0,300.0,300.0,31.5,35.5,29.3,28.5,30.4,4.96,2.0,4.97,0.16,0.0,0.0,1027.0,8228.0,0.0,0.0,0.0,0.0,0.0,1.0,0.0,0.0,0.0,0.0,0.0,0.7000000000000001,0.0,-0.8,0.0,0.0001,16.0,25903.0
2026-07-30T19:00:48.555Z,218.038,218.052,0.0,7.4,0.0,0.0,0.0,0.0,0.0,0.0,0.0,0.0,1.0,0.0,0.0,0.0,9.0,4.0,0.0,0.0,0.0,0.0,0.0,0.0,0.0,0.0,2.0,12.0,1.0,12.17,5.01,2.51,1.49,0.0,0.1,0.0,0.4,0.0,0.3,1.2000000000000002,0.4,-169.60000000000002,0.0,0.0,169.60000000000002,0.0,21.700000000000003,29.5,29.4,30.0,300.0,300.0,31.5,35.5,29.3,28.5,30.4,4.95,1.99,4.97,0.16,0.0,0.0,1027.0,8228.0,0.0,0.0,0.0,0.0,0.0,1.0,0.0,0.0,0.0,0.0,0.0,1.7000000000000002,0.0,-0.1,0.0,0.0001,16.0,25903.0
2026-07-30T19:00:48.567Z,218.05,218.064,0.0,7.4,0.0,0.0,0.0,0.0,0.0,0.0,0.0,0.0,1.0,0.0,0.0,0.0,9.0,4.0,0.0,0.0,0.0,0.0,0.0,0.0,0.0,0.0,3.0,12.0,1.0,12.17,5.01,2.51,1.49,0.0,0.0,0.0,0.4,0.0,-0.8,-0.5,-0.7000000000000001,-169.60000000000002,0.0,0.0,169.60000000000002,0.0,21.700000000000003,29.5,29.4,30.0,300.0,300.0,31.5,35.5,29.3,28.5,30.4,4.96,1.99,4.97,0.16,0.0,0.0,1027.0,8228.0,0.0,0.0,0.0,0.0,0.0,1.0,0.0,0.0,0.0,0.0,0.0,-1.1,0.0,0.5,0.0,0.0001,16.0,25903.0
2026-07-30T19:00:48.579Z,218.062,218.076,0.0,7.4,0.0,0.0,0.0,0.0,0.0,0.0,0.0,0.0,1.0,0.0,0.0,0.0,9.0,4.0,0.0,0.0,0.0,0.0,0.0,0.0,0.0,0.0,4.0,12.0,1.0,12.15,5.01,2.5,1.49,0.0,0.0,0.0,0.4,0.0,-0.2,-1.1,0.3,-169.60000000000002,0.0,0.0,169.70000000000002,0.0,21.8,29.5,29.4,30.0,300.0,300.0,31.4,35.4,29.3,28.5,30.4,4.96,2.0,4.96,0.16,0.0,0.0,1027.0,8228.0,0.0,0.0,0.0,0.0,0.0,1.0,0.0,0.0,0.0,0.0,0.0,-1.0,0.0,-0.5,0.0,0.0,16.0,25903.0
2026-07-30T19:00:48.591Z,218.074,218.088,0.0,7.4,0.0,0.0,0.0,0.0,0.0,0.0,0.0,0.0,1.0,0.0,0.0,0.0,9.0,4.0,0.0,0.0,0.0,0.0,0.0,0.0,0.0,0.0,6.0,12.0,1.0,12.15,5.01,2.5,1.49,0.0,0.0,0.0,0.4,0.0,-0.2,0.0,-1.3,-169.60000000000002,0.0,0.0,169.70000000000002,0.0,21.8,29.5,29.4,30.0,300.0,300.0,31.4,35.4,29.3,28.5,30.4,4.96,1.99,4.97,0.16,0.0,0.0,1027.0,8228.0,0.0,0.0,0.0,0.0,0.0,1.0,0.0,0.0,0.0,0.0,0.0,-0.9,0.0,1.2000000000000002,0.0,0.0001,16.0,25903.0
2026-07-30T19:00:48.603Z,218.086,218.1,0.0,7.4,0.0,0.0,0.0,0.0,0.0,0.0,0.0,0.0,1.0,0.0,0.0,0.0,9.0,4.0,0.0,0.0,0.0,0.0,0.0,0.0,0.0,0.0,1.0,12.0,1.0,12.15,5.01,2.5,1.49,0.0,0.0,0.0,0.4,0.0,-0.2,-0.5,0.4,-169.60000000000002,0.0,0.0,169.70000000000002,0.0,21.8,29.5,29.4,30.0,300.0,300.0,31.4,35.4,29.3,28.5,30.4,4.95,2.0,4.97,0.16,0.0,0.0,1027.0,8228.0,0.0,0.0,0.0,0.0,0.0,1.0,0.0,0.0,0.0,0.0,0.0,-0.2,0.0,-0.4,0.0,0.0,16.0,25903.0
2026-07-30T19:00:48.615Z,218.098,218.112,0.0,7.4,0.0,0.0,0.0,0.0,0.0,0.0,0.0,0.0,1.0,0.0,0.0,0.0,9.0,4.0,0.0,0.0,0.0,0.0,0.0,0.0,0.0,0.0,2.0,12.0,1.0,12.15,5.01,2.5,1.49,0.0,0.1,0.0,0.5,0.0,-0.7000000000000001,-0.4,-0.7000000000000001,-169.60000000000002,0.0,0.0,169.70000000000002,0.0,21.8,29.5,29.4,30.0,300.0,300.0,31.4,35.4,29.3,28.5,30.4,4.96,2.0,4.96,0.16,0.0,0.0,1027.0,8228.0,0.0,0.0,0.0,0.0,0.0,1.0,0.0,0.0,0.0,0.0,0.0,-1.0,0.0,0.5,0.0,0.0001,16.0,25903.0
2026-07-30T19:00:48.627Z,218.11,218.124,0.0,7.4,0.0,0.0,0.0,0.0,0.0,0.0,0.0,0.0,1.0,0.0,0.0,0.0,9.0,4.0,0.0,0.0,0.0,0.0,0.0,0.0,0.0,0.0,3.0,12.0,1.0,12.15,5.01,2.5,1.49,0.0,0.1,0.0,0.4,0.0,-0.2,0.1,-0.6000000000000001,-169.60000000000002,0.0,0.0,169.70000000000002,0.0,21.8,29.5,29.4,30.0,300.0,300.0,31.4,35.4,29.3,28.5,30.4,4.95,2.0,4.96,0.16,0.0,0.0,1027.0,8228.0,0.0,0.0,0.0,0.0,0.0,1.0,0.0,0.0,0.0,0.0,0.0,-0.3,0.0,0.6000000000000001,0.0,0.0001,16.0,25903.0
2026-07-30T19:00:48.639Z,218.122,218.136,0.0,7.4,0.0,0.0,0.0,0.0,0.0,0.0,0.0,0.0,1.0,0.0,0.0,0.0,9.0,4.0,0.0,0.0,0.0,0.0,0.0,0.0,0.0,0.0,4.0,12.0,1.0,12.15,5.01,2.5,1.49,0.0,0.1,0.0,0.4,0.0,0.9,0.0,1.0,-169.60000000000002,0.0,0.0,169.70000000000002,0.0,21.8,29.5,29.4,30.0,300.0,300.0,31.4,35.4,29.3,28.5,30.4,4.95,2.0,4.97,0.16,0.0,0.0,1027.0,8228.0,0.0,0.0,0.0,0.0,0.0,1.0,0.0,0.0,0.0,0.0,0.0,0.9,0.0,-0.9,0.0,0.0,16.0,25903.0
2026-07-30T19:00:48.651Z,218.134,218.148,0.0,7.4,0.0,0.0,0.0,0.0,0.0,0.0,0.0,0.0,1.0,0.0,0.0,0.0,9.0,4.0,0.0,0.0,0.0,0.0,0.0,0.0,0.0,0.0,5.0,12.0,1.0,12.15,5.01,2.5,1.49,0.0,0.0,0.0,0.5,0.0,0.9,-0.4,-1.2000000000000002,-169.60000000000002,0.0,0.0,169.70000000000002,0.0,21.8,29.5,29.4,30.0,300.0,300.0,31.4,35.4,29.3,28.5,30.4,4.96,1.99,4.97,0.16,0.0,0.0,1027.0,8228.0,0.0,0.0,0.0,0.0,0.0,1.0,0.0,0.0,0.0,0.0,0.0,-1.4,0.0,0.9,0.0,0.0001,16.0,25903.0
2026-07-30T19:00:48.663Z,218.146,218.16,0.0,7.4,0.0,0.0,0.0,0.0,0.0,0.0,0.0,0.0,1.0,0.0,0.0,0.0,9.0,4.0,0.0,0.0,0.0,0.0,0.0,0.0,0.0,0.0,6.0,12.0,1.0,12.15,5.01,2.5,1.49,0.0,0.0,0.0,0.4,0.0,-0.2,-0.4,0.0,-169.60000000000002,0.0,0.0,169.70000000000002,0.0,21.8,29.5,29.4,30.0,300.0,300.0,31.4,35.4,29.3,28.5,30.4,4.96,1.99,4.96,0.15,0.0,0.0,1027.0,8228.0,0.0,0.0,0.0,0.0,0.0,1.0,0.0,0.0,0.0,0.0,0.0,-0.6000000000000001,0.0,0.0,0.0,0.0,16.0,25903.0
2026-07-30T19:00:48.676Z,218.159,218.172,0.0,7.4,0.0,0.0,0.0,0.0,0.0,0.0,0.0,0.0,1.0,0.0,0.0,0.0,9.0,4.0,0.0,0.0,0.0,0.0,0.0,0.0,0.0,0.0,1.0,12.0,1.0,12.17,5.01,2.5,1.5,0.0,0.0,0.0,0.4,0.0,-0.2,-1.0,0.5,-169.60000000000002,0.0,0.0,169.8,0.0,21.4,29.5,29.4,30.0,300.0,300.0,31.5,35.300000000000004,29.3,28.5,30.4,4.95,1.99,4.97,0.15,0.0,0.0,1027.0,8228.0,0.0,0.0,0.0,0.0,0.0,1.0,0.0,0.0,0.0,0.0,0.0,-0.8,0.0,-0.6000000000000001,0.0,0.0001,16.0,25903.0
2026-07-30T19:00:48.687Z,218.17,218.184,0.0,7.4,0.0,0.0,0.0,0.0,0.0,0.0,0.0,0.0,1.0,0.0,0.0,0.0,9.0,4.0,0.0,0.0,0.0,0.0,0.0,0.0,0.0,0.0,2.0,12.0,1.0,12.17,5.01,2.5,1.5,0.0,0.0,0.0,0.4,0.0,-0.2,0.0,-1.7000000000000002,-169.60000000000002,0.0,0.0,169.70000000000002,0.0,21.4,29.5,29.4,30.0,300.0,300.0,31.5,35.300000000000004,29.3,28.5,30.4,4.95,1.99,4.96,0.16,0.0,0.0,1027.0,8228.0,0.0,0.0,0.0,0.0,0.0,1.0,0.0,0.0,0.0,0.0,0.0,-1.2000000000000002,0.0,1.5,0.0,0.0,16.0,25903.0
2026-07-30T19:00:48.699Z,218.182,218.196,0.0,7.4,0.0,0.0,0.0,0.0,0.0,0.0,0.0,0.0,1.0,0.0,0.0,0.0,9.0,4.0,0.0,0.0,0.0,0.0,0.0,0.0,0.0,0.0,3.0,12.0,1.0,12.17,5.01,2.5,1.5,0.0,0.0,0.0,0.4,0.0,0.3,1.8,2.2,-169.70000000000002,0.0,0.0,169.8,0.0,21.4,29.5,29.4,30.0,300.0,300.0,31.5,35.300000000000004,29.3,28.5,30.4,4.95,2.0,4.96,0.16,0.0,0.0,1027.0,8228.0,0.0,0.0,0.0,0.0,0.0,1.0,0.0,0.0,0.0,0.0,0.0,3.7,0.0,-1.6,0.0,0.0001,16.0,25903.0
2026-07-30T19:00:48.711Z,218.194,218.208,0.0,7.4,0.0,0.0,0.0,0.0,0.0,0.0,0.0,0.0,1.0,0.0,0.0,0.0,9.0,4.0,0.0,0.0,0.0,0.0,0.0,0.0,0.0,0.0,4.0,12.0,1.0,12.17,5.01,2.5,1.5,0.0,0.1,0.0,0.4,0.0,-0.2,0.6000000000000001,-0.6000000000000001,-169.70000000000002,0.0,0.0,169.8,0.0,21.4,29.5,29.4,30.0,300.0,300.0,31.5,35.300000000000004,29.3,28.5,30.4,4.95,2.0,4.96,0.16,0.0,0.0,1027.0,8228.0,0.0,0.0,0.0,0.0,0.0,1.0,0.0,0.0,0.0,0.0,0.0,0.3,0.0,0.7000000000000001,0.0,0.0002,16.0,25903.0
2026-07-30T19:00:48.723Z,218.206,218.22,0.0,7.4,0.0,0.0,0.0,0.0,0.0,0.0,0.0,0.0,1.0,0.0,0.0,0.0,9.0,4.0,0.0,0.0,0.0,0.0,0.0,0.0,0.0,0.0,5.0,12.0,1.0,12.17,5.01,2.5,1.5,0.0,0.0,0.0,0.4,0.0,-0.2,-1.0,1.6,-169.70000000000002,0.0,0.0,169.70000000000002,0.0,21.4,29.5,29.4,30.0,300.0,300.0,31.5,35.300000000000004,29.3,28.5,30.4,4.95,1.99,4.97,0.16,0.0,0.0,1027.0,8228.0,0.0,0.0,0.0,0.0,0.0,1.0,0.0,0.0,0.0,0.0,0.0,0.0,0.0,-1.7000000000000002,0.0,0.0,16.0,25903.0
2026-07-30T19:00:48.735Z,218.218,218.232,0.0,7.4,0.0,0.0,0.0,0.0,0.0,0.0,0.0,0.0,1.0,0.0,0.0,0.0,9.0,4.0,0.0,0.0,0.0,0.0,0.0,0.0,0.0,0.0,1.0,12.0,1.0,12.17,5.01,2.5,1.5,0.0,0.0,0.0,0.4,0.0,-0.2,0.0,0.0,-169.70000000000002,0.0,0.0,169.8,0.0,21.4,29.5,29.4,30.0,300.0,300.0,31.5,35.300000000000004,29.3,28.5,30.4,4.95,1.99,4.96,0.16,0.0,0.0,1027.0,8228.0,0.0,0.0,0.0,0.0,0.0,1.0,0.0,0.0,0.0,0.0,0.0,0.0,0.0,0.0,0.0,0.0001,16.0,25903.0
2026-07-30T19:00:48.747Z,218.23,218.244,0.0,7.4,0.0,0.0,0.0,0.0,0.0,0.0,0.0,0.0,1.0,0.0,0.0,0.0,9.0,4.0,0.0,0.0,0.0,0.0,0.0,0.0,0.0,0.0,2.0,12.0,1.0,12.17,5.01,2.5,1.5,0.0,0.0,0.0,0.4,0.0,0.3,0.6000000000000001,-0.6000000000000001,-169.70000000000002,0.0,0.0,169.70000000000002,0.0,21.4,29.5,29.4,30.0,300.0,300.0,31.5,35.300000000000004,29.3,28.5,30.4,4.96,1.99,4.96,0.16,0.0,0.0,1027.0,8228.0,0.0,0.0,0.0,0.0,0.0,1.0,0.0,0.0,0.0,0.0,0.0,0.2,0.0,0.7000000000000001,0.0,0.0001,16.0,25903.0
2026-07-30T19:00:48.759Z,218.242,218.256,0.0,7.4,0.0,0.0,0.0,0.0,0.0,0.0,0.0,0.0,1.0,0.0,0.0,0.0,9.0,4.0,0.0,0.0,0.0,0.0,0.0,0.0,0.0,0.0,3.0,12.0,1.0,12.17,5.01,2.5,1.5,0.0,0.0,0.0,0.4,0.0,0.3,0.6000000000000001,1.7000000000000002,-169.70000000000002,0.0,0.0,169.8,0.0,21.4,29.5,29.4,30.0,300.0,300.0,31.5,35.300000000000004,29.3,28.5,30.4,4.95,1.99,4.97,0.16,0.0,0.0,1027.0,8228.0,0.0,0.0,0.0,0.0,0.0,1.0,0.0,0.0,0.0,0.0,0.0,2.0,0.0,-1.3,0.0,0.0001,16.0,25903.0
2026-07-30T19:00:48.771Z,218.254,218.268,0.0,7.4,0.0,0.0,0.0,0.0,0.0,0.0,0.0,0.0,1.0,0.0,0.0,0.0,9.0,4.0,0.0,0.0,0.0,0.0,0.0,0.0,0.0,0.0,4.0,12.0,1.0,12.17,5.01,2.5,1.5,0.0,0.0,0.0,0.4,0.0,-0.2,-1.0,-0.6000000000000001,-169.70000000000002,0.0,0.0,169.70000000000002,0.0,21.4,29.5,29.4,30.0,300.0,300.0,31.5,35.300000000000004,29.3,28.5,30.4,4.95,1.99,4.96,0.16,0.0,0.0,1027.0,8228.0,0.0,0.0,0.0,0.0,0.0,1.0,0.0,0.0,0.0,0.0,0.0,-1.6,0.0,0.3,0.0,0.0001,16.0,25903.0
2026-07-30T19:00:48.783Z,218.266,218.28,0.0,7.4,0.0,0.0,0.0,0.0,0.0,0.0,0.0,0.0,1.0,0.0,0.0,0.0,9.0,4.0,0.0,0.0,0.0,0.0,0.0,0.0,0.0,0.0,5.0,12.0,1.0,12.13,5.01,2.51,1.49,0.0,0.1,0.0,0.4,0.0,0.3,-0.4,0.0,-169.70000000000002,0.0,0.0,169.70000000000002,0.0,21.8,29.5,29.4,30.0,300.0,300.0,31.5,35.4,29.3,28.5,30.4,4.95,2.0,4.96,0.16,0.0,0.0,1027.0,8228.0,0.0,0.0,0.0,0.0,0.0,1.0,0.0,0.0,0.0,0.0,0.0,-0.5,0.0,0.0,0.0,0.0001,16.0,25903.0
2026-07-30T19:00:48.795Z,218.278,218.292,0.0,7.4,0.0,0.0,0.0,0.0,0.0,0.0,0.0,0.0,1.0,0.0,0.0,0.0,9.0,4.0,0.0,0.0,0.0,0.0,0.0,0.0,0.0,0.0,6.0,12.0,1.0,12.13,5.01,2.51,1.49,0.0,0.0,0.0,0.4,0.0,-0.2,0.1,0.0,-169.70000000000002,0.0,0.0,169.70000000000002,0.0,21.8,29.5,29.4,30.0,300.0,300.0,31.5,35.4,29.3,28.5,30.4,4.95,1.99,4.96,0.16,0.0,0.0,1027.0,8228.0,0.0,0.0,0.0,0.0,0.0,1.0,0.0,0.0,0.0,0.0,0.0,0.1,0.0,0.0,0.0,0.0001,16.0,25903.0
2026-07-30T19:00:48.807Z,218.29,218.304,0.0,7.4,0.0,0.0,0.0,0.0,0.0,0.0,0.0,0.0,1.0,0.0,0.0,0.0,9.0,4.0,0.0,0.0,0.0,0.0,0.0,0.0,0.0,0.0,1.0,12.0,1.0,12.13,5.01,2.51,1.49,0.0,0.0,0.0,0.4,0.0,-0.2,1.3,0.0,-169.70000000000002,0.0,0.0,169.8,0.0,21.8,29.5,29.4,30.0,300.0,300.0,31.5,35.4,29.3,28.5,30.4,4.95,1.99,4.97,0.16,0.0,0.0,1027.0,8228.0,0.0,0.0,0.0,0.0,0.0,1.0,0.0,0.0,0.0,0.0,0.0,1.4,0.0,0.3,0.0,0.0,16.0,25903.0
2026-07-30T19:00:48.819Z,218.302,218.316,0.0,7.4,0.0,0.0,0.0,0.0,0.0,0.0,0.0,0.0,1.0,0.0,0.0,0.0,9.0,4.0,0.0,0.0,0.0,0.0,0.0,0.0,0.0,0.0,2.0,12.0,1.0,12.13,5.01,2.51,1.49,0.0,0.0,0.0,0.5,0.0,-0.1,-1.5,-1.2000000000000002,-169.70000000000002,0.0,0.0,169.8,0.0,21.8,29.5,29.4,30.0,300.0,300.0,31.5,35.4,29.3,28.5,30.4,4.96,1.99,4.96,0.16,0.0,0.0,1027.0,8228.0,0.0,0.0,0.0,0.0,0.0,1.0,0.0,0.0,0.0,0.0,0.0,-2.6,0.0,0.7000000000000001,0.0,0.0001,16.0,25903.0
2026-07-30T19:00:48.831Z,218.314,218.328,0.0,7.4,0.0,0.0,0.0,0.0,0.0,0.0,0.0,0.0,1.0,0.0,0.0,0.0,9.0,4.0,0.0,0.0,0.0,0.0,0.0,0.0,0.0,0.0,3.0,12.0,1.0,12.13,5.01,2.51,1.49,0.0,0.0,0.0,0.5,0.0,-0.1,0.8,-1.1,-169.70000000000002,0.0,0.0,169.70000000000002,0.0,21.8,29.5,29.4,30.0,300.0,300.0,31.5,35.4,29.3,28.5,30.4,4.96,1.99,4.96,0.16,0.0,0.0,1027.0,8228.0,0.0,0.0,0.0,0.0,0.0,1.0,0.0,0.0,0.0,0.0,0.0,0.0,0.0,1.2000000000000002,0.0,0.0001,16.0,25903.0
2026-07-30T19:00:48.844Z,218.327,218.34,0.0,7.4,0.0,0.0,0.0,0.0,0.0,0.0,0.0,0.0,1.0,0.0,0.0,0.0,9.0,4.0,0.0,0.0,0.0,0.0,0.0,0.0,0.0,0.0,4.0,12.0,1.0,12.13,5.01,2.51,1.49,0.0,0.0,0.0,0.4,0.0,-0.1,0.2,-0.6000000000000001,-169.70000000000002,0.0,0.0,169.70000000000002,0.0,21.8,29.5,29.4,30.0,300.0,300.0,31.5,35.4,29.3,28.5,30.4,4.95,1.99,4.96,0.16,0.0,0.0,1027.0,8228.0,0.0,0.0,0.0,0.0,0.0,1.0,0.0,0.0,0.0,0.0,0.0,-0.1,0.0,0.5,0.0,0.0002,16.0,25903.0
2026-07-30T19:00:48.858Z,218.341,218.352,0.0,7.4,0.0,0.0,0.0,0.0,0.0,0.0,0.0,0.0,1.0,0.0,0.0,0.0,9.0,4.0,0.0,0.0,0.0,0.0,0.0,0.0,0.0,0.0,4.0,12.0,1.0,12.13,5.01,2.51,1.49,0.0,0.0,0.0,0.4,0.0,0.4,0.8,1.1,-169.70000000000002,0.0,0.0,169.70000000000002,0.0,21.8,29.5,29.4,30.0,300.0,300.0,31.5,35.4,29.3,28.5,30.4,4.95,1.99,4.96,0.16,0.0,0.0,1027.0,8228.0,0.0,0.0,0.0,0.0,0.0,1.0,0.0,0.0,0.0,0.0,0.0,1.8,0.0,-0.8,0.0,0.0,16.0,25903.0
2026-07-30T19:00:48.867Z,218.35,218.364,0.0,7.4,0.0,0.0,0.0,0.0,0.0,0.0,0.0,0.0,1.0,0.0,0.0,0.0,9.0,4.0,0.0,0.0,0.0,0.0,0.0,0.0,0.0,0.0,4.0,12.0,1.0,12.13,5.01,2.51,1.49,0.0,0.0,0.0,0.4,0.0,-0.2,-0.8,0.5,-169.70000000000002,0.0,0.0,169.70000000000002,0.0,21.8,29.5,29.4,30.0,300.0,300.0,31.5,35.4,29.3,28.5,30.4,4.95,1.99,4.96,0.16,0.0,0.0,1027.0,8228.0,0.0,0.0,0.0,0.0,0.0,1.0,0.0,0.0,0.0,0.0,0.0,-0.6000000000000001,0.0,-0.6000000000000001,0.0,0.0,16.0,25903.0
2026-07-30T19:00:48.880Z,218.363,218.376,0.0,7.4,0.0,0.0,0.0,0.0,0.0,0.0,0.0,0.0,1.0,0.0,0.0,0.0,9.0,4.0,0.0,0.0,0.0,0.0,0.0,0.0,0.0,0.0,5.0,12.0,1.0,12.17,5.0200000000000005,2.51,1.49,0.0,0.0,0.0,0.4,0.0,0.4,1.4,1.6,-169.70000000000002,0.0,0.0,169.70000000000002,0.0,21.3,29.4,29.4,30.0,300.0,300.0,31.5,35.4,29.3,28.5,30.4,4.95,1.99,4.96,0.16,0.0,0.0,1027.0,8228.0,0.0,0.0,0.0,0.0,0.0,1.0,0.0,0.0,0.0,0.0,0.0,2.8000000000000003,0.0,-1.1,0.0,0.0001,16.0,25903.0
2026-07-30T19:00:48.891Z,218.374,218.388,0.0,7.4,0.0,0.0,0.0,0.0,0.0,0.0,0.0,0.0,1.0,0.0,0.0,0.0,9.0,4.0,0.0,0.0,0.0,0.0,0.0,0.0,0.0,0.0,6.0,12.0,1.0,12.17,5.0200000000000005,2.51,1.49,0.0,0.0,0.0,0.4,0.0,-0.1,0.2,-1.2000000000000002,-169.70000000000002,0.0,0.0,169.70000000000002,0.0,21.3,29.4,29.4,30.0,300.0,300.0,31.5,35.4,29.3,28.5,30.4,4.95,2.0,4.96,0.16,0.0,0.0,1027.0,8228.0,0.0,0.0,0.0,0.0,0.0,1.0,0.0,0.0,0.0,0.0,0.0,-0.5,0.0,1.1,0.0,0.0,16.0,25903.0
2026-07-30T19:00:48.903Z,218.386,218.4,0.0,7.4,0.0,0.0,0.0,0.0,0.0,0.0,0.0,0.0,1.0,0.0,0.0,0.0,9.0,4.0,0.0,0.0,0.0,0.0,0.0,0.0,0.0,0.0,1.0,12.0,1.0,12.17,5.0200000000000005,2.51,1.49,0.0,0.0,0.0,0.4,0.0,0.0,-0.2,-0.5,-169.70000000000002,0.0,0.0,169.8,0.0,21.3,29.4,29.4,30.0,300.0,300.0,31.5,35.4,29.3,28.5,30.4,4.96,2.0,4.96,0.16,0.0,0.0,1027.0,8228.0,0.0,0.0,0.0,0.0,0.0,1.0,0.0,0.0,0.0,0.0,0.0,-0.7000000000000001,0.0,0.4,0.0,0.0001,16.0,25903.0
2026-07-30T19:00:48.915Z,218.398,218.412,0.0,7.4,0.0,0.0,0.0,0.0,0.0,0.0,0.0,0.0,1.0,0.0,0.0,0.0,9.0,4.0,0.0,0.0,0.0,0.0,0.0,0.0,0.0,0.0,3.0,12.0,1.0,12.17,5.0200000000000005,2.51,1.49,0.0,0.1,0.0,0.4,0.0,0.0,-0.2,2.2,-169.70000000000002,0.0,0.0,169.70000000000002,0.0,21.3,29.4,29.4,30.0,300.0,300.0,31.5,35.4,29.3,28.5,30.4,4.95,1.99,4.96,0.16,0.0,0.0,1027.0,8228.0,0.0,0.0,0.0,0.0,0.0,1.0,0.0,0.0,0.0,0.0,0.0,1.3,0.0,-2.0,0.0,0.0002,16.0,25903.0
2026-07-30T19:00:48.927Z,218.41,218.424,0.0,7.4,0.0,0.0,0.0,0.0,0.0,0.0,0.0,0.0,1.0,0.0,0.0,0.0,9.0,4.0,0.0,0.0,0.0,0.0,0.0,0.0,0.0,0.0,4.0,12.0,1.0,12.17,5.0200000000000005,2.51,1.49,0.0,0.0,0.0,0.4,0.0,0.4,0.9,1.1,-169.70000000000002,0.0,0.0,169.70000000000002,0.0,21.3,29.4,29.4,30.0,300.0,300.0,31.5,35.4,29.3,28.5,30.4,4.95,1.99,4.97,0.16,0.0,0.0,1027.0,8228.0,0.0,0.0,0.0,0.0,0.0,1.0,0.0,0.0,0.0,0.0,0.0,0.5,0.0,-1.0,0.0,0.0002,16.0,25903.0
2026-07-30T19:00:48.939Z,218.422,218.436,0.0,7.4,0.0,0.0,0.0,0.0,0.0,0.0,0.0,0.0,1.0,0.0,0.0,0.0,9.0,4.0,0.0,0.0,0.0,0.0,0.0,0.0,0.0,0.0,5.0,12.0,1.0,12.17,5.0200000000000005,2.51,1.49,0.0,0.1,0.0,0.4,0.0,0.4,-0.2,0.0,-169.70000000000002,0.0,0.0,169.70000000000002,0.0,21.3,29.4,29.4,30.0,300.0,300.0,31.5,35.4,29.3,28.5,30.4,4.96,2.0,4.97,0.16,0.0,0.0,1027.0,8228.0,0.0,0.0,0.0,0.0,0.0,1.0,0.0,0.0,0.0,0.0,0.0,-0.3,0.0,0.0,0.0,0.0001,16.0,25903.0
2026-07-30T19:00:48.951Z,218.434,218.448,0.0,7.4,0.0,0.0,0.0,0.0,0.0,0.0,0.0,0.0,1.0,0.0,0.0,0.0,9.0,4.0,0.0,0.0,0.0,0.0,0.0,0.0,0.0,0.0,5.0,12.0,1.0,12.17,5.0200000000000005,2.51,1.49,0.0,0.0,0.0,0.4,0.0,-0.1,-0.8,-1.8,-169.70000000000002,0.0,0.0,169.70000000000002,0.0,21.3,29.4,29.4,30.0,300.0,300.0,31.5,35.4,29.3,28.5,30.4,4.95,2.0,4.96,0.16,0.0,0.0,1027.0,8228.0,0.0,0.0,0.0,0.0,0.0,1.0,0.0,0.0,0.0,0.0,0.0,-2.3000000000000003,0.0,1.4,0.0,0.0,16.0,25903.0
2026-07-30T19:00:48.963Z,218.446,218.46,0.0,7.4,0.0,0.0,0.0,0.0,0.0,0.0,0.0,0.0,1.0,0.0,0.0,0.0,9.0,4.0,0.0,0.0,0.0,0.0,0.0,0.0,0.0,0.0,6.0,12.0,1.0,12.17,5.0200000000000005,2.51,1.49,0.0,0.0,0.0,0.4,0.0,1.5,0.9,-0.6000000000000001,-169.70000000000002,0.0,0.0,169.60000000000002,0.0,21.3,29.4,29.4,30.0,300.0,300.0,31.5,35.4,29.3,28.5,30.4,4.95,1.99,4.97,0.16,0.0,0.0,1027.0,8228.0,0.0,0.0,0.0,0.0,0.0,1.0,0.0,0.0,0.0,0.0,0.0,-2.7,0.0,1.9,0.0,0.0001,16.0,25903.0
2026-07-30T19:00:48.975Z,218.458,218.472,0.0,7.4,0.0,0.0,0.0,0.0,0.0,0.0,0.0,0.0,1.0,0.0,0.0,0.0,9.0,4.0,0.0,0.0,0.0,0.0,0.0,0.0,0.0,0.0,2.0,12.0,1.0,12.17,5.0200000000000005,2.51,1.49,0.0,0.0,0.0,0.4,0.0,0.4,0.3,0.0,-169.70000000000002,0.0,0.0,169.70000000000002,0.0,21.3,29.4,29.4,30.0,300.0,300.0,31.5,35.4,29.3,28.5,30.4,4.95,2.0,4.96,0.16,0.0,0.0,1027.0,8228.0,0.0,0.0,0.0,0.0,0.0,1.0,0.0,0.0,0.0,0.0,0.0,0.1,0.0,1.2000000000000002,0.0,0.0001,16.0,25903.0
2026-07-30T19:00:48.987Z,218.47,218.484,0.0,7.4,0.0,0.0,0.0,0.0,0.0,0.0,0.0,0.0,1.0,0.0,0.0,0.0,9.0,4.0,0.0,0.0,0.0,0.0,0.0,0.0,0.0,0.0,3.0,12.0,1.0,12.17,5.01,2.51,1.49,0.0,0.0,0.0,0.4,0.0,-0.1,-0.2,0.0,-169.70000000000002,0.0,0.0,169.8,0.0,21.9,29.4,29.4,30.0,300.0,300.0,31.4,35.4,29.3,28.5,30.4,4.96,1.99,4.96,0.16,0.0,0.0,1027.0,8228.0,0.0,0.0,0.0,0.0,0.0,1.0,0.0,0.0,0.0,0.0,0.0,1.6,0.0,0.2,0.0,0.0001,16.0,25903.0
2026-07-30T19:00:48.999Z,218.482,218.496,0.0,7.4,0.0,0.0,0.0,0.0,0.0,0.0,0.0,0.0,1.0,0.0,0.0,0.0,9.0,4.0,0.0,0.0,0.0,0.0,0.0,0.0,0.0,0.0,4.0,12.0,1.0,12.17,5.01,2.51,1.49,0.0,0.0,0.0,0.4,0.0,0.4,0.9,-0.6000000000000001,-169.70000000000002,0.0,0.0,169.70000000000002,0.0,21.9,29.4,29.4,30.0,300.0,300.0,31.4,35.4,29.3,28.5,30.4,4.95,1.99,4.97,0.16,0.0,0.0,1027.0,8228.0,0.0,0.0,0.0,0.0,0.0,1.0,0.0,0.0,0.0,0.0,0.0,0.5,0.0,0.7000000000000001,0.0,0.0001,16.0,25903.0
2026-07-30T19:00:49.011Z,218.494,218.508,0.0,7.4,0.0,0.0,0.0,0.0,0.0,0.0,0.0,0.0,1.0,0.0,0.0,0.0,9.0,4.0,0.0,0.0,0.0,0.0,0.0,0.0,0.0,0.0,5.0,12.0,1.0,12.17,5.01,2.51,1.49,0.0,0.1,0.0,0.4,0.0,-0.1,-0.8,0.0,-169.70000000000002,0.0,0.0,169.70000000000002,0.0,21.9,29.4,29.4,30.0,300.0,300.0,31.4,35.4,29.3,28.5,30.4,4.96,1.99,4.96,0.16,0.0,0.0,1027.0,8228.0,0.0,0.0,0.0,0.0,0.0,1.0,0.0,0.0,0.0,0.0,0.0,-1.0,0.0,-0.1,0.0,0.0,16.0,25903.0
2026-07-30T19:00:49.023Z,218.506,218.52,0.0,7.4,0.0,0.0,0.0,0.0,0.0,0.0,0.0,0.0,1.0,0.0,0.0,0.0,9.0,4.0,0.0,0.0,0.0,0.0,0.0,0.0,0.0,0.0,6.0,12.0,1.0,12.17,5.01,2.51,1.49,0.0,0.1,0.0,0.4,0.0,0.9,1.3,0.4,-169.70000000000002,0.0,0.0,169.8,0.0,21.9,29.4,29.4,30.0,300.0,300.0,31.4,35.4,29.3,28.5,30.4,4.96,1.99,4.96,0.16,0.0,0.0,1027.0,8228.0,0.0,0.0,0.0,0.0,0.0,1.0,0.0,0.0,0.0,0.0,0.0,1.8,0.0,-0.1,0.0,0.0001,16.0,25903.0
2026-07-30T19:00:49.035Z,218.518,218.532,0.0,7.4,0.0,0.0,0.0,0.0,0.0,0.0,0.0,0.0,1.0,0.0,0.0,0.0,9.0,4.0,0.0,0.0,0.0,0.0,0.0,0.0,0.0,0.0,1.0,12.0,1.0,12.17,5.01,2.51,1.49,0.0,0.0,0.0,0.4,0.0,0.3,-0.4,-0.7000000000000001,-169.70000000000002,0.0,0.0,169.70000000000002,0.0,21.9,29.4,29.4,30.0,300.0,300.0,31.4,35.4,29.3,28.5,30.4,4.95,1.99,4.96,0.16,0.0,0.0,1027.0,8228.0,0.0,0.0,0.0,0.0,0.0,1.0,0.0,0.0,0.0,0.0,0.0,-1.0,0.0,0.5,0.0,0.0001,16.0,25903.0
2026-07-30T19:00:49.047Z,218.53,218.544,0.0,7.4,0.0,0.0,0.0,0.0,0.0,0.0,0.0,0.0,1.0,0.0,0.0,0.0,9.0,4.0,0.0,0.0,0.0,0.0,0.0,0.0,0.0,0.0,2.0,12.0,1.0,12.17,5.01,2.51,1.49,0.0,0.0,0.0,0.4,0.0,0.3,0.7000000000000001,-0.1,-169.70000000000002,0.0,0.0,169.70000000000002,0.0,21.9,29.4,29.4,30.0,300.0,300.0,31.4,35.4,29.3,28.5,30.4,4.95,1.99,4.97,0.16,0.0,0.0,1027.0,8228.0,0.0,0.0,0.0,0.0,0.0,1.0,0.0,0.0,0.0,0.0,0.0,0.6000000000000001,0.0,0.2,0.0,0.0001,16.0,25903.0
2026-07-30T19:00:49.059Z,218.542,218.556,0.0,7.4,0.0,0.0,0.0,0.0,0.0,0.0,0.0,0.0,1.0,0.0,0.0,0.0,9.0,4.0,0.0,0.0,0.0,0.0,0.0,0.0,0.0,0.0,3.0,12.0,1.0,12.17,5.01,2.51,1.49,0.0,0.0,0.0,0.4,0.0,0.9,-1.0,-0.1,-169.70000000000002,0.0,0.0,169.60000000000002,0.0,21.9,29.4,29.4,30.0,300.0,300.0,31.4,35.4,29.3,28.5,30.4,4.96,2.0,4.96,0.16,0.0,0.0,1027.0,8228.0,0.0,0.0,0.0,0.0,0.0,1.0,0.0,0.0,0.0,0.0,0.0,-1.3,0.0,0.0,0.0,0.0,16.0,25903.0
2026-07-30T19:00:49.071Z,218.554,218.568,0.0,7.4,0.0,0.0,0.0,0.0,0.0,0.0,0.0,0.0,1.0,0.0,0.0,0.0,9.0,4.0,0.0,0.0,0.0,0.0,0.0,0.0,0.0,0.0,4.0,12.0,1.0,12.17,5.01,2.51,1.49,0.0,0.0,0.0,0.4,0.0,0.9,0.7000000000000001,1.0,-169.70000000000002,0.0,0.0,169.8,0.0,21.9,29.4,29.4,30.0,300.0,300.0,31.4,35.4,29.3,28.5,30.4,4.96,1.99,4.97,0.16,0.0,0.0,1027.0,8228.0,0.0,0.0,0.0,0.0,0.0,1.0,0.0,0.0,0.0,0.0,0.0,1.6,0.0,-0.7000000000000001,0.0,0.0001,16.0,25903.0
2026-07-30T19:00:49.084Z,218.567,218.58,0.0,7.4,0.0,0.0,0.0,0.0,0.0,0.0,0.0,0.0,1.0,0.0,0.0,0.0,9.0,4.0,0.0,0.0,0.0,0.0,0.0,0.0,0.0,0.0,5.0,12.0,1.0,12.17,5.01,2.51,1.5,0.0,0.0,0.0,0.4,0.0,-0.2,1.8,-1.3,-169.70000000000002,0.0,0.0,169.8,0.0,21.4,29.4,29.4,30.0,300.0,300.0,31.3,35.5,29.3,28.5,30.4,4.95,1.99,4.97,0.16,0.0,0.0,1027.0,8228.0,0.0,0.0,0.0,0.0,0.0,1.0,0.0,0.0,0.0,0.0,0.0,1.1,0.0,1.5,0.0,0.0001,16.0,25903.0
2026-07-30T19:00:49.096Z,218.579,218.592,0.0,7.4,0.0,0.0,0.0,0.0,0.0,0.0,0.0,0.0,1.0,0.0,0.0,0.0,9.0,4.0,0.0,0.0,0.0,0.0,0.0,0.0,0.0,0.0,5.0,12.0,1.0,12.17,5.01,2.51,1.5,0.0,0.0,0.0,0.4,0.0,-0.8,-0.4,-1.2000000000000002,-169.70000000000002,0.0,0.0,169.60000000000002,0.0,21.4,29.4,29.4,30.0,300.0,300.0,31.3,35.5,29.3,28.5,30.4,4.96,1.99,4.97,0.16,0.0,0.0,1027.0,8228.0,0.0,0.0,0.0,0.0,0.0,1.0,0.0,0.0,0.0,0.0,0.0,-1.4,0.0,1.0,0.0,0.0,16.0,25903.0
2026-07-30T19:00:49.107Z,218.59,218.604,0.0,7.4,0.0,0.0,0.0,0.0,0.0,0.0,0.0,0.0,1.0,0.0,0.0,0.0,9.0,4.0,0.0,0.0,0.0,0.0,0.0,0.0,0.0,0.0,6.0,12.0,1.0,12.17,5.01,2.51,1.5,0.0,0.0,0.0,0.4,0.0,0.3,0.1,0.4,-169.70000000000002,0.0,0.0,169.70000000000002,0.0,21.4,29.4,29.4,30.0,300.0,300.0,31.3,35.5,29.3,28.5,30.4,4.96,1.99,4.96,0.16,0.0,0.0,1027.0,8228.0,0.0,0.0,0.0,0.0,0.0,1.0,0.0,0.0,0.0,0.0,0.0,0.5,0.0,-0.3,0.0,0.0001,16.0,25903.0
2026-07-30T19:00:49.119Z,218.602,218.616,0.0,7.4,0.0,0.0,0.0,0.0,0.0,0.0,0.0,0.0,1.0,0.0,0.0,0.0,9.0,4.0,0.0,0.0,0.0,0.0,0.0,0.0,0.0,0.0,1.0,12.0,1.0,12.17,5.01,2.51,1.5,0.0,0.0,0.0,0.4,0.0,0.3,0.6000000000000001,0.4,-169.70000000000002,0.0,0.0,169.70000000000002,0.0,21.4,29.4,29.4,30.0,300.0,300.0,31.3,35.5,29.3,28.5,30.4,4.96,1.99,4.97,0.16,0.0,0.0,1027.0,8228.0,0.0,0.0,0.0,0.0,0.0,1.0,0.0,0.0,0.0,0.0,0.0,1.1,0.0,-0.2,0.0,0.0,16.0,25903.0
2026-07-30T19:00:49.132Z,218.615,218.628,0.0,7.4,0.0,0.0,0.0,0.0,0.0,0.0,0.0,0.0,1.0,0.0,0.0,0.0,9.0,4.0,0.0,0.0,0.0,0.0,0.0,0.0,0.0,0.0,2.0,12.0,1.0,12.17,5.01,2.51,1.5,0.0,0.0,0.0,0.4,0.0,0.3,0.1,1.0,-169.70000000000002,0.0,0.0,169.60000000000002,0.0,21.4,29.4,29.4,30.0,300.0,300.0,31.3,35.5,29.3,28.5,30.4,4.95,1.99,4.97,0.16,0.0,0.0,1027.0,8228.0,0.0,0.0,0.0,0.0,0.0,1.0,0.0,0.0,0.0,0.0,0.0,0.9,0.0,-0.9,0.0,0.0001,16.0,25903.0
2026-07-30T19:00:49.143Z,218.626,218.64,0.0,7.4,0.0,0.0,0.0,0.0,0.0,0.0,0.0,0.0,1.0,0.0,0.0,0.0,9.0,4.0,0.0,0.0,0.0,0.0,0.0,0.0,0.0,0.0,3.0,12.0,1.0,12.17,5.01,2.51,1.5,0.0,0.0,0.0,0.4,0.0,-0.2,-0.4,-0.6000000000000001,-169.70000000000002,0.0,0.0,169.70000000000002,0.0,21.4,29.4,29.4,30.0,300.0,300.0,31.3,35.5,29.3,28.5,30.4,4.96,1.99,4.96,0.16,0.0,0.0,1027.0,8228.0,0.0,0.0,0.0,0.0,0.0,1.0,0.0,0.0,0.0,0.0,0.0,-1.0,0.0,0.5,0.0,0.0001,16.0,25903.0
2026-07-30T19:00:49.155Z,218.638,218.652,0.0,7.4,0.0,0.0,0.0,0.0,0.0,0.0,0.0,0.0,1.0,0.0,0.0,0.0,9.0,4.0,0.0,0.0,0.0,0.0,0.0,0.0,0.0,0.0,4.0,12.0,1.0,12.17,5.01,2.51,1.5,0.0,0.0,0.0,0.4,0.0,0.9,-0.4,0.5,-169.70000000000002,0.0,0.0,169.8,0.0,21.4,29.4,29.4,30.0,300.0,300.0,31.3,35.5,29.3,28.5,30.4,4.95,1.99,4.97,0.16,0.0,0.0,1027.0,8228.0,0.0,0.0,0.0,0.0,0.0,1.0,0.0,0.0,0.0,0.0,0.0,0.0,0.0,-0.5,0.0,0.0,16.0,25903.0
2026-07-30T19:00:49.169Z,218.652,218.664,0.0,7.4,0.0,0.0,0.0,0.0,0.0,0.0,0.0,0.0,1.0,0.0,0.0,0.0,9.0,4.0,0.0,0.0,0.0,0.0,0.0,0.0,0.0,0.0,6.0,12.0,1.0,12.17,5.01,2.51,1.5,0.0,0.0,0.0,0.4,0.0,0.3,0.7000000000000001,0.5,-169.70000000000002,0.0,0.0,169.70000000000002,0.0,21.4,29.4,29.4,30.0,300.0,300.0,31.3,35.5,29.3,28.5,30.4,4.95,2.0,4.96,0.16,0.0,0.0,1027.0,8228.0,0.0,0.0,0.0,0.0,0.0,1.0,0.0,0.0,0.0,0.0,0.0,1.2000000000000002,0.0,-0.3,0.0,0.0001,16.0,25903.0
2026-07-30T19:00:49.179Z,218.662,218.676,0.0,7.4,0.0,0.0,0.0,0.0,0.0,0.0,0.0,0.0,1.0,0.0,0.0,0.0,9.0,4.0,0.0,0.0,0.0,0.0,0.0,0.0,0.0,0.0,4.0,12.0,1.0,12.17,5.01,2.51,1.5,0.0,0.0,0.0,0.4,0.0,-0.2,0.1,-0.6000000000000001,-169.70000000000002,0.0,0.0,169.8,0.0,21.4,29.4,29.4,30.0,300.0,300.0,31.3,35.5,29.3,28.5,30.4,4.96,2.0,4.96,0.16,0.0,0.0,1027.0,8228.0,0.0,0.0,0.0,0.0,0.0,1.0,0.0,0.0,0.0,0.0,0.0,-0.3,0.0,0.6000000000000001,0.0,0.0001,16.0,25903.0
2026-07-30T19:00:49.191Z,218.674,218.688,0.0,7.4,0.0,0.0,0.0,0.0,0.0,0.0,0.0,0.0,1.0,0.0,0.0,0.0,9.0,4.0,0.0,0.0,0.0,0.0,0.0,0.0,0.0,0.0,5.0,12.0,1.0,12.17,5.01,2.5,1.49,0.0,0.0,0.0,0.4,0.0,0.3,-0.4,0.4,-169.70000000000002,0.0,0.0,169.70000000000002,0.0,21.8,29.4,29.4,30.0,300.0,300.0,31.4,35.4,29.3,28.5,30.4,4.96,2.0,4.96,0.16,0.0,0.0,1027.0,8228.0,0.0,0.0,0.0,0.0,0.0,1.0,0.0,0.0,0.0,0.0,0.0,-0.1,0.0,-0.5,0.0,0.0001,16.0,25903.0
2026-07-30T19:00:49.203Z,218.686,218.7,0.0,7.4,0.0,0.0,0.0,0.0,0.0,0.0,0.0,0.0,1.0,0.0,0.0,0.0,9.0,4.0,0.0,0.0,0.0,0.0,0.0,0.0,0.0,0.0,6.0,12.0,1.0,12.17,5.01,2.5,1.49,0.0,0.0,0.0,0.4,0.0,-0.2,-0.4,-1.2000000000000002,-169.70000000000002,0.0,0.0,169.8,0.0,21.8,29.4,29.4,30.0,300.0,300.0,31.4,35.4,29.3,28.5,30.4,4.95,1.99,4.97,0.16,0.0,0.0,1027.0,8228.0,0.0,0.0,0.0,0.0,0.0,1.0,0.0,0.0,0.0,0.0,0.0,-1.4,0.0,1.0,0.0,0.0001,16.0,25903.0
2026-07-30T19:00:49.215Z,218.698,218.712,0.0,7.4,0.0,0.0,0.0,0.0,0.0,0.0,0.0,0.0,1.0,0.0,0.0,0.0,9.0,4.0,0.0,0.0,0.0,0.0,0.0,0.0,0.0,0.0,2.0,12.0,1.0,12.17,5.01,2.5,1.49,0.0,0.1,0.0,0.4,0.0,0.3,-0.4,0.5,-169.70000000000002,0.0,0.0,169.8,0.0,21.8,29.4,29.4,30.0,300.0,300.0,31.4,35.4,29.3,28.5,30.4,4.95,1.99,4.96,0.16,0.0,0.0,1027.0,8228.0,0.0,0.0,0.0,0.0,0.0,1.0,0.0,0.0,0.0,0.0,0.0,-0.1,0.0,-0.5,0.0,0.0001,16.0,25903.0
2026-07-30T19:00:49.227Z,218.71,218.724,0.0,7.4,0.0,0.0,0.0,0.0,0.0,0.0,0.0,0.0,1.0,0.0,0.0,0.0,9.0,4.0,0.0,0.0,0.0,0.0,0.0,0.0,0.0,0.0,2.0,12.0,1.0,12.17,5.01,2.5,1.49,0.0,0.0,0.0,0.4,0.0,-0.2,0.7000000000000001,1.1,-169.70000000000002,0.0,0.0,169.8,0.0,21.8,29.4,29.4,30.0,300.0,300.0,31.4,35.4,29.3,28.5,30.4,4.96,1.99,4.96,0.16,0.0,0.0,1027.0,8228.0,0.0,0.0,0.0,0.0,0.0,1.0,0.0,0.0,0.0,0.0,0.0,1.7000000000000002,0.0,-0.8,0.0,0.0001,16.0,25903.0
2026-07-30T19:00:49.239Z,218.722,218.736,0.0,7.4,0.0,0.0,0.0,0.0,0.0,0.0,0.0,0.0,1.0,0.0,0.0,0.0,9.0,4.0,0.0,0.0,0.0,0.0,0.0,0.0,0.0,0.0,3.0,12.0,1.0,12.17,5.01,2.5,1.49,0.0,0.0,0.0,0.4,0.0,0.3,-1.0,-0.6000000000000001,-169.70000000000002,0.0,0.0,169.8,0.0,21.8,29.4,29.4,30.0,300.0,300.0,31.4,35.4,29.3,28.5,30.4,4.95,1.99,4.96,0.16,0.0,0.0,1027.0,8228.0,0.0,0.0,0.0,0.0,0.0,1.0,0.0,0.0,0.0,0.0,0.0,-1.6,0.0,0.3,0.0,0.0,16.0,25903.0
2026-07-30T19:00:49.251Z,218.734,218.748,0.0,7.4,0.0,0.0,0.0,0.0,0.0,0.0,0.0,0.0,1.0,0.0,0.0,0.0,9.0,4.0,0.0,0.0,0.0,0.0,0.0,0.0,0.0,0.0,4.0,12.0,1.0,12.17,5.01,2.5,1.49,0.0,0.1,0.0,0.4,0.0,-0.2,-0.4,1.1,-169.70000000000002,0.0,0.0,169.70000000000002,0.0,21.8,29.4,29.4,30.0,300.0,300.0,31.4,35.4,29.3,28.5,30.4,4.95,1.99,4.97,0.16,0.0,0.0,1027.0,8228.0,0.0,0.0,0.0,0.0,0.0,1.0,0.0,0.0,0.0,0.0,0.0,0.3,0.0,-1.0,0.0,0.0,16.0,25903.0
2026-07-30T19:00:49.263Z,218.746,218.76,0.0,7.4,0.0,0.0,0.0,0.0,0.0,0.0,0.0,0.0,1.0,0.0,0.0,0.0,9.0,4.0,0.0,0.0,0.0,0.0,0.0,0.0,0.0,0.0,6.0,12.0,1.0,12.17,5.01,2.5,1.49,0.0,0.1,0.0,0.4,0.0,-0.2,0.1,-1.2000000000000002,-169.70000000000002,0.0,0.0,169.8,0.0,21.8,29.4,29.4,30.0,300.0,300.0,31.4,35.4,29.3,28.5,30.4,4.95,1.99,4.96,0.16,0.0,0.0,1027.0,8228.0,0.0,0.0,0.0,0.0,0.0,1.0,0.0,0.0,0.0,0.0,0.0,-0.7000000000000001,0.0,1.1,0.0,0.0001,16.0,25903.0
2026-07-30T19:00:49.275Z,218.758,218.772,0.0,7.4,0.0,0.0,0.0,0.0,0.0,0.0,0.0,0.0,1.0,0.0,0.0,0.0,9.0,4.0,0.0,0.0,0.0,0.0,0.0,0.0,0.0,0.0,1.0,12.0,1.0,12.17,5.01,2.5,1.49,0.0,0.0,0.0,0.4,0.0,-0.2,-0.4,0.0,-169.70000000000002,0.0,0.0,169.8,0.0,21.8,29.4,29.4,30.0,300.0,300.0,31.4,35.4,29.3,28.5,30.4,4.95,1.99,4.96,0.16,0.0,0.0,1027.0,8228.0,0.0,0.0,0.0,0.0,0.0,1.0,0.0,0.0,0.0,0.0,0.0,-0.5,0.0,0.0,0.0,0.0,16.0,25903.0
2026-07-30T19:00:49.288Z,218.771,218.784,0.0,7.4,0.0,0.0,0.0,0.0,0.0,0.0,0.0,0.0,1.0,0.0,0.0,0.0,9.0,4.0,0.0,0.0,0.0,0.0,0.0,0.0,0.0,0.0,2.0,12.0,1.0,12.17,5.01,2.51,1.5,0.0,0.0,0.0,0.4,0.0,0.3,0.7000000000000001,0.5,-169.70000000000002,0.0,0.0,169.8,0.0,21.700000000000003,29.4,29.4,30.0,300.0,300.0,31.5,35.4,29.3,28.5,30.4,4.95,1.99,4.97,0.16,0.0,0.0,1027.0,8228.0,0.0,0.0,0.0,0.0,0.0,1.0,0.0,0.0,0.0,0.0,0.0,1.2000000000000002,0.0,-0.3,0.0,0.0001,16.0,25903.0
2026-07-30T19:00:49.299Z,218.782,218.796,0.0,7.4,0.0,0.0,0.0,0.0,0.0,0.0,0.0,0.0,1.0,0.0,0.0,0.0,9.0,4.0,0.0,0.0,0.0,0.0,0.0,0.0,0.0,0.0,3.0,12.0,1.0,12.17,5.01,2.51,1.5,0.0,0.1,0.0,0.5,0.0,-0.1,-0.9,-0.6000000000000001,-169.70000000000002,0.0,0.0,169.8,0.0,21.700000000000003,29.4,29.4,30.0,300.0,300.0,31.5,35.4,29.3,28.5,30.4,4.96,1.99,4.96,0.16,0.0,0.0,1027.0,8228.0,0.0,0.0,0.0,0.0,0.0,1.0,0.0,0.0,0.0,0.0,0.0,-1.5,0.0,0.3,0.0,0.0,16.0,25903.0
2026-07-30T19:00:49.311Z,218.794,218.808,0.0,7.4,0.0,0.0,0.0,0.0,0.0,0.0,0.0,0.0,1.0,0.0,0.0,0.0,9.0,4.0,0.0,0.0,0.0,0.0,0.0,0.0,0.0,0.0,4.0,12.0,1.0,12.17,5.01,2.51,1.5,0.0,0.0,0.0,0.4,0.0,0.3,0.1,0.5,-169.70000000000002,0.0,0.0,169.8,0.0,21.700000000000003,29.4,29.4,30.0,300.0,300.0,31.5,35.4,29.3,28.5,30.4,4.96,1.99,4.97,0.16,0.0,0.0,1027.0,8228.0,0.0,0.0,0.0,0.0,0.0,1.0,0.0,0.0,0.0,0.0,0.0,0.5,0.0,-0.4,0.0,0.0,16.0,25903.0
2026-07-30T19:00:49.323Z,218.806,218.82,0.0,7.4,0.0,0.0,0.0,0.0,0.0,0.0,0.0,0.0,1.0,0.0,0.0,0.0,9.0,4.0,0.0,0.0,0.0,0.0,0.0,0.0,0.0,0.0,5.0,12.0,1.0,12.17,5.01,2.51,1.5,0.0,0.1,0.0,0.4,0.0,-0.8,-1.5,-2.4000000000000004,-169.70000000000002,0.0,0.0,169.8,0.0,21.700000000000003,29.4,29.4,30.0,300.0,300.0,31.5,35.4,29.3,28.5,30.4,4.95,1.99,4.97,0.16,0.0,0.0,1027.0,8228.0,0.0,0.0,0.0,0.0,0.0,1.0,0.0,0.0,0.0,0.0,0.0,-3.6,0.0,1.8,0.0,0.0,16.0,25903.0
2026-07-30T19:00:49.335Z,218.818,218.832,0.0,7.4,0.0,0.0,0.0,0.0,0.0,0.0,0.0,0.0,1.0,0.0,0.0,0.0,9.0,4.0,0.0,0.0,0.0,0.0,0.0,0.0,0.0,0.0,1.0,12.0,1.0,12.17,5.01,2.51,1.5,0.0,0.0,0.0,0.4,0.0,-0.2,0.2,0.4,-169.70000000000002,0.0,0.0,169.8,0.0,21.700000000000003,29.4,29.4,30.0,300.0,300.0,31.5,35.4,29.3,28.5,30.4,4.96,1.99,4.97,0.16,0.0,0.0,1027.0,8228.0,0.0,0.0,0.0,0.0,0.0,1.0,0.0,0.0,0.0,0.0,0.0,0.5,0.0,-0.3,0.0,0.0,16.0,25903.0
2026-07-30T19:00:49.347Z,218.83,218.844,0.0,7.4,0.0,0.0,0.0,0.0,0.0,0.0,0.0,0.0,1.0,0.0,0.0,0.0,9.0,4.0,0.0,0.0,0.0,0.0,0.0,0.0,0.0,0.0,2.0,12.0,1.0,12.17,5.01,2.51,1.5,0.0,0.0,0.0,0.4,0.0,0.3,-0.4,-0.1,-169.70000000000002,0.0,0.0,169.8,0.0,21.700000000000003,29.4,29.4,30.0,300.0,300.0,31.5,35.4,29.3,28.5,30.4,4.95,1.99,4.97,0.16,0.0,0.0,1027.0,8228.0,0.0,0.0,0.0,0.0,0.0,1.0,0.0,0.0,0.0,0.0,0.0,-0.5,0.0,0.0,0.0,0.0001,16.0,25903.0
2026-07-30T19:00:49.359Z,218.842,218.856,0.0,7.4,0.0,0.0,0.0,0.0,0.0,0.0,0.0,0.0,1.0,0.0,0.0,0.0,9.0,4.0,0.0,0.0,0.0,0.0,0.0,0.0,0.0,0.0,4.0,12.0,1.0,12.17,5.01,2.51,1.5,0.0,0.0,0.0,0.5,0.0,0.3,0.7000000000000001,1.1,-169.70000000000002,0.0,0.0,169.8,0.0,21.700000000000003,29.4,29.4,30.0,300.0,300.0,31.5,35.4,29.3,28.5,30.4,4.95,1.99,4.97,0.16,0.0,0.0,1027.0,8228.0,0.0,0.0,0.0,0.0,0.0,1.0,0.0,0.0,0.0,0.0,0.0,1.6,0.0,-0.8,0.0,0.0,16.0,25903.0
2026-07-30T19:00:49.371Z,218.854,218.868,0.0,7.4,0.0,0.0,0.0,0.0,0.0,0.0,0.0,0.0,1.0,0.0,0.0,0.0,9.0,4.0,0.0,0.0,0.0,0.0,0.0,0.0,0.0,0.0,4.0,12.0,1.0,12.17,5.01,2.51,1.5,0.0,0.0,0.0,0.5,0.0,-0.2,0.1,0.0,-169.70000000000002,0.0,0.0,169.8,0.0,21.700000000000003,29.4,29.4,30.0,300.0,300.0,31.5,35.4,29.3,28.5,30.4,4.95,1.99,4.97,0.16,0.0,0.0,1027.0,8228.0,0.0,0.0,0.0,0.0,0.0,1.0,0.0,0.0,0.0,0.0,0.0,0.1,0.0,0.1,0.0,0.0,16.0,25903.0
2026-07-30T19:00:49.383Z,218.866,218.88,0.0,7.4,0.0,0.0,0.0,0.0,0.0,0.0,0.0,0.0,1.0,0.0,0.0,0.0,9.0,4.0,0.0,0.0,0.0,0.0,0.0,0.0,0.0,0.0,6.0,12.0,1.0,12.17,5.01,2.51,1.5,0.0,0.0,0.0,0.4,0.0,0.4,-0.9,-1.2000000000000002,-169.70000000000002,0.0,0.0,169.8,0.0,21.700000000000003,29.4,29.4,30.0,300.0,300.0,31.5,35.4,29.3,28.5,30.4,4.96,1.99,4.96,0.16,0.0,0.0,1027.0,8228.0,0.0,0.0,0.0,0.0,0.0,1.0,0.0,0.0,0.0,0.0,0.0,-2.0,0.0,0.8,0.0,0.0001,16.0,25903.0
2026-07-30T19:00:49.395Z,218.878,218.892,0.0,7.4,0.0,0.0,0.0,0.0,0.0,0.0,0.0,0.0,1.0,0.0,0.0,0.0,9.0,4.0,0.0,0.0,0.0,0.0,0.0,0.0,0.0,0.0,1.0,12.0,1.0,12.14,5.01,2.51,1.5,0.0,0.0,0.0,0.5,0.0,0.3,0.2,0.0,-169.70000000000002,0.0,0.0,169.8,0.0,21.4,29.4,29.4,30.0,300.0,300.0,31.3,35.4,29.4,28.5,30.4,4.95,1.99,4.97,0.16,0.0,0.0,1027.0,8228.0,0.0,0.0,0.0,0.0,0.0,1.0,0.0,0.0,0.0,0.0,0.0,0.1,0.0,0.0,0.0,0.0,16.0,25903.0
2026-07-30T19:00:49.407Z,218.89,218.904,0.0,7.4,0.0,0.0,0.0,0.0,0.0,0.0,0.0,0.0,1.0,0.0,0.0,0.0,9.0,4.0,0.0,0.0,0.0,0.0,0.0,0.0,0.0,0.0,2.0,12.0,1.0,12.14,5.01,2.51,1.5,0.0,0.0,0.0,0.4,0.0,0.4,1.4,0.5,-169.70000000000002,0.0,0.0,169.70000000000002,0.0,21.4,29.4,29.4,30.0,300.0,300.0,31.3,35.4,29.4,28.5,30.4,4.95,1.99,4.96,0.16,0.0,0.0,1027.0,8228.0,0.0,0.0,0.0,0.0,0.0,1.0,0.0,0.0,0.0,0.0,0.0,1.9,0.0,-0.1,0.0,0.0001,16.0,25903.0
2026-07-30T19:00:49.419Z,218.902,218.916,0.0,7.4,0.0,0.0,0.0,0.0,0.0,0.0,0.0,0.0,1.0,0.0,0.0,0.0,9.0,4.0,0.0,0.0,0.0,0.0,0.0,0.0,0.0,0.0,3.0,12.0,1.0,12.14,5.01,2.51,1.5,0.0,0.0,0.0,0.5,0.0,-0.1,-0.3,-0.6000000000000001,-169.70000000000002,0.0,0.0,169.70000000000002,0.0,21.4,29.4,29.4,30.0,300.0,300.0,31.3,35.4,29.4,28.5,30.4,4.96,2.0,4.96,0.16,0.0,0.0,1027.0,8228.0,0.0,0.0,0.0,0.0,0.0,1.0,0.0,0.0,0.0,0.0,0.0,-0.8,0.0,0.4,0.0,0.0001,16.0,25903.0
2026-07-30T19:00:49.431Z,218.914,218.928,0.0,7.4,0.0,0.0,0.0,0.0,0.0,0.0,0.0,0.0,1.0,0.0,0.0,0.0,9.0,4.0,0.0,0.0,0.0,0.0,0.0,0.0,0.0,0.0,4.0,12.0,1.0,12.14,5.01,2.51,1.5,0.0,0.0,0.0,0.4,0.0,-0.7000000000000001,-0.3,-0.6000000000000001,-169.70000000000002,0.0,0.0,169.70000000000002,0.0,21.4,29.4,29.4,30.0,300.0,300.0,31.3,35.4,29.4,28.5,30.4,4.96,2.0,4.96,0.16,0.0,0.0,1027.0,8228.0,0.0,0.0,0.0,0.0,0.0,1.0,0.0,0.0,0.0,0.0,0.0,1.7000000000000002,0.0,-0.8,0.0,0.0001,16.0,25903.0
2026-07-30T19:00:49.443Z,218.926,218.94,0.0,7.4,0.0,0.0,0.0,0.0,0.0,0.0,0.0,0.0,1.0,0.0,0.0,0.0,9.0,4.0,0.0,0.0,0.0,0.0,0.0,0.0,0.0,0.0,5.0,12.0,1.0,12.14,5.01,2.51,1.5,0.0,0.0,0.0,0.5,0.0,-0.1,-0.9,-1.1,-169.70000000000002,0.0,0.0,169.70000000000002,0.0,21.4,29.4,29.4,30.0,300.0,300.0,31.3,35.4,29.4,28.5,30.4,4.95,1.99,4.97,0.16,0.0,0.0,1027.0,8228.0,0.0,0.0,0.0,0.0,0.0,1.0,0.0,0.0,0.0,0.0,0.0,-1.9,0.0,0.8,0.0,0.0,16.0,25903.0
2026-07-30T19:00:49.455Z,218.938,218.952,0.0,7.4,0.0,0.0,0.0,0.0,0.0,0.0,0.0,0.0,1.0,0.0,0.0,0.0,9.0,4.0,0.0,0.0,0.0,0.0,0.0,0.0,0.0,0.0,6.0,12.0,1.0,12.14,5.01,2.51,1.5,0.0,0.0,0.0,0.4,0.0,-0.1,0.7000000000000001,-0.5,-169.70000000000002,0.0,0.0,169.8,0.0,21.4,29.4,29.4,30.0,300.0,300.0,31.3,35.4,29.4,28.5,30.4,4.95,1.99,4.96,0.16,0.0,0.0,1027.0,8228.0,0.0,0.0,0.0,0.0,0.0,1.0,0.0,0.0,0.0,0.0,0.0,0.4,0.0,0.6000000000000001,0.0,0.0,16.0,25903.0
2026-07-30T19:00:49.467Z,218.95,218.964,0.0,7.4,0.0,0.0,0.0,0.0,0.0,0.0,0.0,0.0,1.0,0.0,0.0,0.0,9.0,4.0,0.0,0.0,0.0,0.0,0.0,0.0,0.0,0.0,1.0,12.0,1.0,12.14,5.01,2.51,1.5,0.0,0.0,0.0,0.5,0.0,0.4,1.3,0.0,-169.70000000000002,0.0,0.0,169.70000000000002,0.0,21.4,29.4,29.4,30.0,300.0,300.0,31.3,35.4,29.4,28.5,30.4,4.96,1.99,4.96,0.16,0.0,0.0,1027.0,8228.0,0.0,0.0,0.0,0.0,0.0,1.0,0.0,0.0,0.0,0.0,0.0,1.5,0.0,0.2,0.0,0.0001,16.0,25903.0
2026-07-30T19:00:49.486Z,218.969,218.976,0.0,7.4,0.0,0.0,0.0,0.0,0.0,0.0,0.0,0.0,1.0,0.0,0.0,0.0,9.0,4.0,0.0,0.0,0.0,0.0,0.0,0.0,0.0,0.0,2.0,12.0,1.0,12.14,5.01,2.51,1.5,0.0,0.0,0.0,0.4,0.0,-0.1,0.7000000000000001,1.1,-169.70000000000002,0.0,0.0,169.70000000000002,0.0,21.4,29.4,29.4,30.0,300.0,300.0,31.3,35.4,29.4,28.5,30.4,4.95,1.99,4.97,0.16,0.0,0.0,1027.0,8228.0,0.0,0.0,0.0,0.0,0.0,1.0,0.0,0.0,0.0,0.0,0.0,0.2,0.0,0.0,0.0,0.0002,16.0,25903.0
2026-07-30T19:00:49.492Z,218.975,218.988,0.0,7.4,0.0,0.0,0.0,0.0,0.0,0.0,0.0,0.0,1.0,0.0,0.0,0.0,9.0,4.0,0.0,0.0,0.0,0.0,0.0,0.0,0.0,0.0,1.0,12.0,1.0,12.15,5.01,2.51,1.49,0.0,0.0,0.0,0.4,0.0,0.4,1.3,0.5,-169.70000000000002,0.0,0.0,169.70000000000002,0.0,21.3,29.4,29.4,30.0,300.0,300.0,31.4,35.4,29.4,28.5,30.4,4.95,1.99,4.96,0.16,0.0,0.0,1027.0,8228.0,0.0,0.0,0.0,0.0,0.0,1.0,0.0,0.0,0.0,0.0,0.0,0.0,0.0,-0.5,0.0,0.0,16.0,25903.0
2026-07-30T19:00:49.503Z,218.986,219.0,0.0,7.4,0.0,0.0,0.0,0.0,0.0,0.0,0.0,0.0,1.0,0.0,0.0,0.0,9.0,4.0,0.0,0.0,0.0,0.0,0.0,0.0,0.0,0.0,2.0,12.0,1.0,12.15,5.01,2.51,1.49,0.0,0.0,0.0,0.4,0.0,0.4,1.3,-1.1,-169.70000000000002,0.0,0.0,169.70000000000002,0.0,21.3,29.4,29.4,30.0,300.0,300.0,31.4,35.4,29.4,28.5,30.4,4.95,2.0,4.96,0.16,0.0,0.0,1027.0,8228.0,0.0,0.0,0.0,0.0,0.0,1.0,0.0,0.0,0.0,0.0,0.0,2.5,0.0,-1.8,0.0,0.0,16.0,25903.0
2026-07-30T19:00:49.515Z,218.998,219.012,0.0,7.4,0.0,0.0,0.0,0.0,0.0,0.0,0.0,0.0,1.0,0.0,0.0,0.0,9.0,4.0,0.0,0.0,0.0,0.0,0.0,0.0,0.0,0.0,4.0,12.0,1.0,12.15,5.01,2.51,1.49,0.0,0.0,0.0,0.4,0.0,1.0,0.1,-0.6000000000000001,-169.70000000000002,0.0,0.0,169.60000000000002,0.0,21.3,29.4,29.4,30.0,300.0,300.0,31.4,35.4,29.4,28.5,30.4,4.95,1.99,4.96,0.16,0.0,0.0,1027.0,8228.0,0.0,0.0,0.0,0.0,0.0,1.0,0.0,0.0,0.0,0.0,0.0,-0.3,0.0,0.5,0.0,0.0,16.0,25903.0
2026-07-30T19:00:49.527Z,219.01,219.024,0.0,7.4,0.0,0.0,0.0,0.0,0.0,0.0,0.0,0.0,1.0,0.0,0.0,0.0,9.0,4.0,0.0,0.0,0.0,0.0,0.0,0.0,0.0,0.0,5.0,12.0,1.0,12.15,5.01,2.51,1.49,0.0,0.1,0.0,0.4,0.0,1.0,-0.4,0.0,-169.70000000000002,0.0,0.0,169.70000000000002,0.0,21.3,29.4,29.4,30.0,300.0,300.0,31.4,35.4,29.4,28.5,30.4,4.95,1.99,4.97,0.16,0.0,0.0,1027.0,8228.0,0.0,0.0,0.0,0.0,0.0,1.0,0.0,0.0,0.0,0.0,0.0,-0.5,0.0,0.0,0.0,0.0,16.0,25903.0
2026-07-30T19:00:49.539Z,219.022,219.036,0.0,7.4,0.0,0.0,0.0,0.0,0.0,0.0,0.0,0.0,1.0,0.0,0.0,0.0,9.0,4.0,0.0,0.0,0.0,0.0,0.0,0.0,0.0,0.0,6.0,12.0,1.0,12.15,5.01,2.51,1.49,0.0,0.1,0.0,0.4,0.0,-0.1,-0.4,0.4,-169.70000000000002,0.0,0.0,169.70000000000002,0.0,21.3,29.4,29.4,30.0,300.0,300.0,31.4,35.4,29.4,28.5,30.4,4.96,1.99,4.96,0.16,0.0,0.0,1027.0,8228.0,0.0,0.0,0.0,0.0,0.0,1.0,0.0,0.0,0.0,0.0,0.0,-0.1,0.0,-0.5,0.0,0.0001,16.0,25903.0
2026-07-30T19:00:49.551Z,219.034,219.048,0.0,7.4,0.0,0.0,0.0,0.0,0.0,0.0,0.0,0.0,1.0,0.0,0.0,0.0,9.0,4.0,0.0,0.0,0.0,0.0,0.0,0.0,0.0,0.0,1.0,12.0,1.0,12.15,5.01,2.51,1.49,0.0,0.0,0.0,0.4,0.0,0.4,0.1,0.5,-169.70000000000002,0.0,0.0,169.8,0.0,21.3,29.4,29.4,30.0,300.0,300.0,31.4,35.4,29.4,28.5,30.4,4.96,1.99,4.97,0.17,0.0,0.0,1027.0,8228.0,0.0,0.0,0.0,0.0,0.0,1.0,0.0,0.0,0.0,0.0,0.0,0.5,0.0,-0.4,0.0,0.0,16.0,25903.0
2026-07-30T19:00:49.563Z,219.046,219.06,0.0,7.4,0.0,0.0,0.0,0.0,0.0,0.0,0.0,0.0,1.0,0.0,0.0,0.0,9.0,4.0,0.0,0.0,0.0,0.0,0.0,0.0,0.0,0.0,2.0,12.0,1.0,12.15,5.01,2.51,1.49,0.0,0.0,0.0,0.4,0.0,-0.7000000000000001,0.1,-0.6000000000000001,-169.70000000000002,0.0,0.0,169.70000000000002,0.0,21.3,29.4,29.4,30.0,300.0,300.0,31.4,35.4,29.4,28.5,30.4,4.95,2.0,4.97,0.16,0.0,0.0,1027.0,8228.0,0.0,0.0,0.0,0.0,0.0,1.0,0.0,0.0,0.0,0.0,0.0,-0.3,0.0,0.5,0.0,0.0002,16.0,25903.0
2026-07-30T19:00:49.576Z,219.059,219.072,0.0,7.4,0.0,0.0,0.0,0.0,0.0,0.0,0.0,0.0,1.0,0.0,0.0,0.0,9.0,4.0,0.0,0.0,0.0,0.0,0.0,0.0,0.0,0.0,3.0,12.0,1.0,12.15,5.01,2.51,1.49,0.0,0.0,0.0,0.4,0.0,-0.1,0.1,-1.2000000000000002,-169.70000000000002,0.0,0.0,169.8,0.0,21.3,29.4,29.4,30.0,300.0,300.0,31.4,35.4,29.4,28.5,30.4,4.96,2.0,4.96,0.16,0.0,0.0,1027.0,8228.0,0.0,0.0,0.0,0.0,0.0,1.0,0.0,0.0,0.0,0.0,0.0,-0.7000000000000001,0.0,1.1,0.0,0.0001,16.0,25903.0
2026-07-30T19:00:49.587Z,219.07,219.084,0.0,7.4,0.0,0.0,0.0,0.0,0.0,0.0,0.0,0.0,1.0,0.0,0.0,0.0,9.0,4.0,0.0,0.0,0.0,0.0,0.0,0.0,0.0,0.0,4.0,12.0,1.0,12.15,5.01,2.51,1.49,0.0,0.0,0.0,0.4,0.0,0.4,-1.6,-0.6000000000000001,-169.70000000000002,0.0,0.0,169.70000000000002,0.0,21.3,29.4,29.4,30.0,300.0,300.0,31.4,35.4,29.4,28.5,30.4,4.96,2.0,4.96,0.16,0.0,0.0,1027.0,8228.0,0.0,0.0,0.0,0.0,0.0,1.0,0.0,0.0,0.0,0.0,0.0,-2.3000000000000003,0.0,0.2,0.0,0.0001,16.0,25903.0
2026-07-30T19:00:49.599Z,219.082,219.096,0.0,7.4,0.0,0.0,0.0,0.0,0.0,0.0,0.0,0.0,1.0,0.0,0.0,0.0,9.0,4.0,0.0,0.0,0.0,0.0,0.0,0.0,0.0,0.0,5.0,12.0,1.0,12.17,5.01,2.51,1.49,0.0,0.0,0.0,0.4,0.0,0.4,0.1,0.5,-169.70000000000002,0.0,0.0,169.8,0.0,21.200000000000003,29.4,29.4,30.0,300.0,300.0,31.3,35.4,29.4,28.5,30.4,4.96,1.99,4.96,0.16,0.0,0.0,1027.0,8228.0,0.0,0.0,0.0,0.0,0.0,1.0,0.0,0.0,0.0,0.0,0.0,0.5,0.0,-0.4,0.0,0.0001,16.0,25903.0
2026-07-30T19:00:49.611Z,219.094,219.108,0.0,7.4,0.0,0.0,0.0,0.0,0.0,0.0,0.0,0.0,1.0,0.0,0.0,0.0,9.0,4.0,0.0,0.0,0.0,0.0,0.0,0.0,0.0,0.0,1.0,12.0,1.0,12.17,5.01,2.51,1.49,0.0,0.0,0.0,0.4,0.0,-0.1,0.7000000000000001,-0.6000000000000001,-169.70000000000002,0.0,0.0,169.8,0.0,21.200000000000003,29.4,29.4,30.0,300.0,300.0,31.3,35.4,29.4,28.5,30.4,4.96,1.99,4.96,0.16,0.0,0.0,1027.0,8228.0,0.0,0.0,0.0,0.0,0.0,1.0,0.0,0.0,0.0,0.0,0.0,0.3,0.0,0.6000000000000001,0.0,0.0001,16.0,25903.0
2026-07-30T19:00:49.623Z,219.106,219.12,0.0,7.4,0.0,0.0,0.0,0.0,0.0,0.0,0.0,0.0,1.0,0.0,0.0,0.0,9.0,4.0,0.0,0.0,0.0,0.0,0.0,0.0,0.0,0.0,1.0,12.0,1.0,12.17,5.01,2.51,1.49,0.0,0.0,0.0,0.4,0.0,0.4,0.1,1.0,-169.70000000000002,0.0,0.0,169.8,0.0,21.200000000000003,29.4,29.4,30.0,300.0,300.0,31.3,35.4,29.4,28.5,30.4,4.96,1.99,4.96,0.16,0.0,0.0,1027.0,8228.0,0.0,0.0,0.0,0.0,0.0,1.0,0.0,0.0,0.0,0.0,0.0,1.0,0.0,-0.9,0.0,0.0,16.0,25903.0
2026-07-30T19:00:49.635Z,219.118,219.132,0.0,7.4,0.0,0.0,0.0,0.0,0.0,0.0,0.0,0.0,1.0,0.0,0.0,0.0,9.0,4.0,0.0,0.0,0.0,0.0,0.0,0.0,0.0,0.0,2.0,12.0,1.0,12.17,5.01,2.51,1.49,0.0,0.0,0.0,0.4,0.0,0.9,-0.3,0.0,-169.70000000000002,0.0,0.0,169.70000000000002,0.0,21.200000000000003,29.4,29.4,30.0,300.0,300.0,31.3,35.4,29.4,28.5,30.4,4.95,1.99,4.97,0.16,0.0,0.0,1027.0,8228.0,0.0,0.0,0.0,0.0,0.0,1.0,0.0,0.0,0.0,0.0,0.0,-0.4,0.0,0.0,0.0,0.0,16.0,25903.0
2026-07-30T19:00:49.647Z,219.13,219.144,0.0,7.4,0.0,0.0,0.0,0.0,0.0,0.0,0.0,0.0,1.0,0.0,0.0,0.0,9.0,4.0,0.0,0.0,0.0,0.0,0.0,0.0,0.0,0.0,4.0,12.0,1.0,12.17,5.01,2.51,1.49,0.0,0.1,0.0,0.4,0.0,1.5,1.3,1.1,-169.70000000000002,0.0,0.0,169.70000000000002,0.0,21.200000000000003,29.4,29.4,30.0,300.0,300.0,31.3,35.4,29.4,28.5,30.4,4.95,1.99,4.97,0.16,0.0,0.0,1027.0,8228.0,0.0,0.0,0.0,0.0,0.0,1.0,0.0,0.0,0.0,0.0,0.0,2.4000000000000004,0.0,-0.7000000000000001,0.0,0.0001,16.0,25903.0
2026-07-30T19:00:49.659Z,219.142,219.156,0.0,7.4,0.0,0.0,0.0,0.0,0.0,0.0,0.0,0.0,1.0,0.0,0.0,0.0,9.0,4.0,0.0,0.0,0.0,0.0,0.0,0.0,0.0,0.0,5.0,12.0,1.0,12.17,5.01,2.51,1.49,0.0,0.0,0.0,0.4,0.0,-0.2,0.7000000000000001,0.0,-169.70000000000002,0.0,0.0,169.70000000000002,0.0,21.200000000000003,29.4,29.4,30.0,300.0,300.0,31.3,35.4,29.4,28.5,30.4,4.96,2.0,4.97,0.16,0.0,0.0,1027.0,8228.0,0.0,0.0,0.0,0.0,0.0,1.0,0.0,0.0,0.0,0.0,0.0,0.8,0.0,0.2,0.0,0.0001,16.0,25903.0
2026-07-30T19:00:49.671Z,219.154,219.168,0.0,7.4,0.0,0.0,0.0,0.0,0.0,0.0,0.0,0.0,1.0,0.0,0.0,0.0,9.0,4.0,0.0,0.0,0.0,0.0,0.0,0.0,0.0,0.0,6.0,12.0,1.0,12.17,5.01,2.51,1.49,0.0,0.0,0.0,0.4,0.0,-0.7000000000000001,-0.3,-0.5,-169.70000000000002,0.0,0.0,169.8,0.0,21.200000000000003,29.4,29.4,30.0,300.0,300.0,31.3,35.4,29.4,28.5,30.4,4.96,2.0,4.96,0.16,0.0,0.0,1027.0,8228.0,0.0,0.0,0.0,0.0,0.0,1.0,0.0,0.0,0.0,0.0,0.0,-0.8,0.0,0.4,0.0,0.0,16.0,25903.0
2026-07-30T19:00:49.683Z,219.166,219.18,0.0,7.4,0.0,0.0,0.0,0.0,0.0,0.0,0.0,0.0,1.0,0.0,0.0,0.0,9.0,4.0,0.0,0.0,0.0,0.0,0.0,0.0,0.0,0.0,1.0,12.0,1.0,12.17,5.01,2.51,1.49,0.0,0.0,0.0,0.4,0.0,-0.7000000000000001,0.2,-1.1,-169.70000000000002,0.0,0.0,169.8,0.0,21.200000000000003,29.4,29.4,30.0,300.0,300.0,31.3,35.4,29.4,28.5,30.4,4.96,1.99,4.97,0.16,0.0,0.0,1027.0,8228.0,0.0,0.0,0.0,0.0,0.0,1.0,0.0,0.0,0.0,0.0,0.0,-0.6000000000000001,0.0,1.0,0.0,0.0001,16.0,25903.0
2026-07-30T19:00:49.696Z,219.179,219.192,0.0,7.4,0.0,0.0,0.0,0.0,0.0,0.0,0.0,0.0,1.0,0.0,0.0,0.0,9.0,4.0,0.0,0.0,0.0,0.0,0.0,0.0,0.0,0.0,2.0,12.0,1.0,12.18,5.01,2.51,1.49,0.0,0.0,0.0,0.5,0.0,-0.1,0.2,0.5,-169.70000000000002,0.0,0.0,169.8,0.0,21.700000000000003,29.4,29.4,30.0,300.0,300.0,31.3,35.4,29.3,28.6,30.4,4.96,1.99,4.96,0.17,0.0,0.0,1027.0,8228.0,0.0,0.0,0.0,0.0,0.0,1.0,0.0,0.0,0.0,0.0,0.0,0.6000000000000001,0.0,-0.4,0.0,0.0001,16.0,25903.0
2026-07-30T19:00:49.707Z,219.19,219.204,0.0,7.4,0.0,0.0,0.0,0.0,0.0,0.0,0.0,0.0,1.0,0.0,0.0,0.0,9.0,4.0,0.0,0.0,0.0,0.0,0.0,0.0,0.0,0.0,3.0,12.0,1.0,12.18,5.01,2.51,1.49,0.0,0.1,0.0,0.4,0.0,0.9,0.7000000000000001,0.0,-169.70000000000002,0.0,0.0,169.8,0.0,21.700000000000003,29.4,29.4,30.0,300.0,300.0,31.3,35.4,29.3,28.6,30.4,4.96,1.99,4.96,0.16,0.0,0.0,1027.0,8228.0,0.0,0.0,0.0,0.0,0.0,1.0,0.0,0.0,0.0,0.0,0.0,0.9,0.0,0.1,0.0,0.0001,16.0,25903.0
2026-07-30T19:00:49.719Z,219.202,219.216,0.0,7.4,0.0,0.0,0.0,0.0,0.0,0.0,0.0,0.0,1.0,0.0,0.0,0.0,9.0,4.0,0.0,0.0,0.0,0.0,0.0,0.0,0.0,0.0,5.0,12.0,1.0,12.18,5.01,2.51,1.49,0.0,0.0,0.0,0.4,0.0,-0.1,-0.3,0.6000000000000001,-169.70000000000002,0.0,0.0,169.8,0.0,21.700000000000003,29.4,29.4,30.0,300.0,300.0,31.3,35.4,29.3,28.6,30.4,4.95,1.99,4.97,0.16,0.0,0.0,1027.0,8228.0,0.0,0.0,0.0,0.0,0.0,1.0,0.0,0.0,0.0,0.0,0.0,0.0,0.0,-0.6000000000000001,0.0,0.0,16.0,25903.0
2026-07-30T19:00:49.731Z,219.214,219.228,0.0,7.4,0.0,0.0,0.0,0.0,0.0,0.0,0.0,0.0,1.0,0.0,0.0,0.0,9.0,4.0,0.0,0.0,0.0,0.0,0.0,0.0,0.0,0.0,6.0,12.0,1.0,12.18,5.01,2.51,1.49,0.0,0.0,0.0,0.4,0.0,-0.2,0.1,0.0,-169.70000000000002,0.0,0.0,169.8,0.0,21.700000000000003,29.4,29.4,30.0,300.0,300.0,31.3,35.4,29.3,28.6,30.4,4.96,2.0,4.96,0.16,0.0,0.0,1027.0,8228.0,0.0,0.0,0.0,0.0,0.0,1.0,0.0,0.0,0.0,0.0,0.0,0.2,0.0,0.0,0.0,0.0001,16.0,25903.0
2026-07-30T19:00:49.743Z,219.226,219.24,0.0,7.4,0.0,0.0,0.0,0.0,0.0,0.0,0.0,0.0,1.0,0.0,0.0,0.0,9.0,4.0,0.0,0.0,0.0,0.0,0.0,0.0,0.0,0.0,1.0,12.0,1.0,12.18,5.01,2.51,1.49,0.0,0.0,0.0,0.4,0.0,0.3,0.1,0.5,-169.70000000000002,0.0,0.0,169.8,0.0,21.700000000000003,29.4,29.4,30.0,300.0,300.0,31.3,35.4,29.3,28.6,30.4,4.96,2.0,4.96,0.16,0.0,0.0,1027.0,8228.0,0.0,0.0,0.0,0.0,0.0,1.0,0.0,0.0,0.0,0.0,0.0,0.6000000000000001,0.0,-0.4,0.0,0.0001,16.0,25903.0
2026-07-30T19:00:49.755Z,219.238,219.252,0.0,7.4,0.0,0.0,0.0,0.0,0.0,0.0,0.0,0.0,1.0,0.0,0.0,0.0,9.0,4.0,0.0,0.0,0.0,0.0,0.0,0.0,0.0,0.0,2.0,12.0,1.0,12.18,5.01,2.51,1.49,0.0,0.0,0.0,0.4,0.0,-0.1,0.1,1.1,-169.70000000000002,0.0,0.0,169.8,0.0,21.700000000000003,29.4,29.4,30.0,300.0,300.0,31.3,35.4,29.3,28.6,30.4,4.95,1.99,4.96,0.16,0.0,0.0,1027.0,8228.0,0.0,0.0,0.0,0.0,0.0,1.0,0.0,0.0,0.0,0.0,0.0,1.0,0.0,-0.9,0.0,0.0001,16.0,25903.0
2026-07-30T19:00:49.767Z,219.25,219.264,0.0,7.4,0.0,0.0,0.0,0.0,0.0,0.0,0.0,0.0,1.0,0.0,0.0,0.0,9.0,4.0,0.0,0.0,0.0,0.0,0.0,0.0,0.0,0.0,3.0,12.0,1.0,12.18,5.01,2.51,1.49,0.0,0.0,0.0,0.4,0.0,0.3,-0.4,0.5,-169.70000000000002,0.0,0.0,169.70000000000002,0.0,21.700000000000003,29.4,29.4,30.0,300.0,300.0,31.3,35.4,29.3,28.6,30.4,4.95,1.99,4.97,0.16,0.0,0.0,1027.0,8228.0,0.0,0.0,0.0,0.0,0.0,1.0,0.0,0.0,0.0,0.0,0.0,-0.1,0.0,-0.5,0.0,0.0001,16.0,25903.0
2026-07-30T19:00:49.779Z,219.262,219.276,0.0,7.4,0.0,0.0,0.0,0.0,0.0,0.0,0.0,0.0,1.0,0.0,0.0,0.0,9.0,4.0,0.0,0.0,0.0,0.0,0.0,0.0,0.0,0.0,4.0,12.0,1.0,12.18,5.01,2.51,1.49,0.0,0.0,0.0,0.4,0.0,-0.2,0.1,0.0,-169.70000000000002,0.0,0.0,169.8,0.0,21.700000000000003,29.4,29.4,30.0,300.0,300.0,31.3,35.4,29.3,28.6,30.4,4.96,1.99,4.96,0.16,0.0,0.0,1027.0,8228.0,0.0,0.0,0.0,0.0,0.0,1.0,0.0,0.0,0.0,0.0,0.0,0.1,0.0,0.1,0.0,0.0,16.0,25903.0
2026-07-30T19:00:49.791Z,219.274,219.288,0.0,7.4,0.0,0.0,0.0,0.0,0.0,0.0,0.0,0.0,1.0,0.0,0.0,0.0,9.0,4.0,0.0,0.0,0.0,0.0,0.0,0.0,0.0,0.0,5.0,12.0,1.0,12.18,5.01,2.51,1.49,0.0,0.0,0.0,0.4,0.0,-0.2,-0.4,0.0,-169.70000000000002,0.0,0.0,169.8,0.0,21.700000000000003,29.4,29.4,30.0,300.0,300.0,31.3,35.4,29.3,28.6,30.4,4.96,1.99,4.97,0.15,0.0,0.0,1027.0,8228.0,0.0,0.0,0.0,0.0,0.0,1.0,0.0,0.0,0.0,0.0,0.0,-0.5,0.0,0.0,0.0,0.0001,16.0,25903.0
2026-07-30T19:00:49.810Z,219.293,219.3,0.0,7.4,0.0,0.0,0.0,0.0,0.0,0.0,0.0,0.0,1.0,0.0,0.0,0.0,9.0,4.0,0.0,0.0,0.0,0.0,0.0,0.0,0.0,0.0,5.0,12.0,1.0,12.14,5.0200000000000005,2.51,1.5,0.0,0.1,0.0,0.4,0.0,0.3,1.8,1.1,-169.70000000000002,0.0,0.0,169.70000000000002,0.0,21.4,29.4,29.4,30.0,300.0,300.0,31.4,35.4,29.3,28.5,30.4,4.95,1.99,4.97,0.16,0.0,0.0,1027.0,8228.0,0.0,0.0,0.0,0.0,0.0,1.0,0.0,0.0,0.0,0.0,0.0,2.9000000000000004,0.0,-0.5,0.0,0.0,16.0,25903.0
2026-07-30T19:00:49.815Z,219.298,219.312,0.0,7.4,0.0,0.0,0.0,0.0,0.0,0.0,0.0,0.0,1.0,0.0,0.0,0.0,9.0,4.0,0.0,0.0,0.0,0.0,0.0,0.0,0.0,0.0,3.0,12.0,1.0,12.14,5.0200000000000005,2.51,1.5,0.0,0.0,0.0,0.4,0.0,0.3,-1.0,-1.2000000000000002,-169.70000000000002,0.0,0.0,169.8,0.0,21.4,29.4,29.4,30.0,300.0,300.0,31.4,35.4,29.3,28.5,30.4,4.96,1.99,4.96,0.16,0.0,0.0,1027.0,8228.0,0.0,0.0,0.0,0.0,0.0,1.0,0.0,0.0,0.0,0.0,0.0,-2.0,0.0,0.9,0.0,0.0001,16.0,25903.0
2026-07-30T19:00:49.827Z,219.31,219.324,0.0,7.4,0.0,0.0,0.0,0.0,0.0,0.0,0.0,0.0,1.0,0.0,0.0,0.0,9.0,4.0,0.0,0.0,0.0,0.0,0.0,0.0,0.0,0.0,5.0,12.0,1.0,12.14,5.0200000000000005,2.51,1.5,0.0,0.0,0.0,0.4,0.0,0.4,-0.3,-0.6000000000000001,-169.70000000000002,0.0,0.0,169.70000000000002,0.0,21.4,29.4,29.4,30.0,300.0,300.0,31.4,35.4,29.3,28.5,30.4,4.95,1.99,4.97,0.16,0.0,0.0,1027.0,8228.0,0.0,0.0,0.0,0.0,0.0,1.0,0.0,0.0,0.0,0.0,0.0,-0.9,0.0,0.4,0.0,0.0001,16.0,25903.0
2026-07-30T19:00:49.839Z,219.322,219.336,0.0,7.4,0.0,0.0,0.0,0.0,0.0,0.0,0.0,0.0,1.0,0.0,0.0,0.0,9.0,4.0,0.0,0.0,0.0,0.0,0.0,0.0,0.0,0.0,6.0,12.0,1.0,12.14,5.0200000000000005,2.51,1.5,0.0,0.0,0.0,0.4,0.0,0.4,0.1,0.0,-169.70000000000002,0.0,0.0,169.70000000000002,0.0,21.4,29.4,29.4,30.0,300.0,300.0,31.4,35.4,29.3,28.5,30.4,4.95,1.99,4.97,0.16,0.0,0.0,1027.0,8228.0,0.0,0.0,0.0,0.0,0.0,1.0,0.0,0.0,0.0,0.0,0.0,0.1,0.0,0.0,0.0,0.0001,16.0,25903.0
2026-07-30T19:00:49.851Z,219.334,219.348,0.0,7.4,0.0,0.0,0.0,0.0,0.0,0.0,0.0,0.0,1.0,0.0,0.0,0.0,9.0,4.0,0.0,0.0,0.0,0.0,0.0,0.0,0.0,0.0,1.0,12.0,1.0,12.14,5.0200000000000005,2.51,1.5,0.0,0.0,0.0,0.4,0.0,0.3,0.7000000000000001,0.0,-169.70000000000002,0.0,0.0,169.70000000000002,0.0,21.4,29.4,29.4,30.0,300.0,300.0,31.4,35.4,29.3,28.5,30.4,4.95,1.99,4.97,0.16,0.0,0.0,1027.0,8228.0,0.0,0.0,0.0,0.0,0.0,1.0,0.0,0.0,0.0,0.0,0.0,0.8,0.0,0.2,0.0,0.0001,16.0,25903.0
2026-07-30T19:00:49.863Z,219.346,219.36,0.0,7.4,0.0,0.0,0.0,0.0,0.0,0.0,0.0,0.0,1.0,0.0,0.0,0.0,9.0,4.0,0.0,0.0,0.0,0.0,0.0,0.0,0.0,0.0,2.0,12.0,1.0,12.14,5.0200000000000005,2.51,1.5,0.0,0.1,0.0,0.5,0.0,-1.3,0.1,-0.6000000000000001,-169.70000000000002,0.0,0.0,169.8,0.0,21.4,29.4,29.4,30.0,300.0,300.0,31.4,35.4,29.3,28.5,30.4,4.96,1.99,4.96,0.16,0.0,0.0,1027.0,8228.0,0.0,0.0,0.0,0.0,0.0,1.0,0.0,0.0,0.0,0.0,0.0,-0.3,0.0,0.6000000000000001,0.0,0.0,16.0,25903.0
2026-07-30T19:00:49.875Z,219.358,219.372,0.0,7.4,0.0,0.0,0.0,0.0,0.0,0.0,0.0,0.0,1.0,0.0,0.0,0.0,9.0,4.0,0.0,0.0,0.0,0.0,0.0,0.0,0.0,0.0,4.0,12.0,1.0,12.14,5.0200000000000005,2.51,1.5,0.0,0.1,0.0,0.4,0.0,-0.2,0.2,1.0,-169.70000000000002,0.0,0.0,169.8,0.0,21.4,29.4,29.4,30.0,300.0,300.0,31.4,35.4,29.3,28.5,30.4,4.95,1.99,4.97,0.16,0.0,0.0,1027.0,8228.0,0.0,0.0,0.0,0.0,0.0,1.0,0.0,0.0,0.0,0.0,0.0,1.0,0.0,-0.9,0.0,0.0001,16.0,25903.0
2026-07-30T19:00:49.887Z,219.37,219.384,0.0,7.4,0.0,0.0,0.0,0.0,0.0,0.0,0.0,0.0,1.0,0.0,0.0,0.0,9.0,4.0,0.0,0.0,0.0,0.0,0.0,0.0,0.0,0.0,5.0,12.0,1.0,12.14,5.0200000000000005,2.51,1.5,0.0,0.0,0.0,0.4,0.0,-0.2,-0.3,-0.6000000000000001,-169.70000000000002,0.0,0.0,169.8,0.0,21.4,29.4,29.4,30.0,300.0,300.0,31.4,35.4,29.3,28.5,30.4,4.95,1.99,4.96,0.16,0.0,0.0,1027.0,8228.0,0.0,0.0,0.0,0.0,0.0,1.0,0.0,0.0,0.0,0.0,0.0,-0.9,0.0,0.4,0.0,0.0,16.0,25903.0
2026-07-30T19:00:49.900Z,219.383,219.396,0.0,7.4,0.0,0.0,0.0,0.0,0.0,0.0,0.0,0.0,1.0,0.0,0.0,0.0,9.0,4.0,0.0,0.0,0.0,0.0,0.0,0.0,0.0,0.0,6.0,12.0,1.0,12.15,5.0200000000000005,2.51,1.49,0.0,0.0,0.0,0.4,0.0,0.3,0.1,1.1,-169.70000000000002,0.0,0.0,169.70000000000002,0.0,21.700000000000003,29.4,29.4,30.0,300.0,300.0,31.4,35.4,29.3,28.5,30.4,4.96,1.99,4.96,0.16,0.0,0.0,1027.0,8228.0,0.0,0.0,0.0,0.0,0.0,1.0,0.0,0.0,0.0,0.0,0.0,1.0,0.0,-0.9,0.0,0.0001,16.0,25903.0
2026-07-30T19:00:49.911Z,219.394,219.408,0.0,7.4,0.0,0.0,0.0,0.0,0.0,0.0,0.0,0.0,1.0,0.0,0.0,0.0,9.0,4.0,0.0,0.0,0.0,0.0,0.0,0.0,0.0,0.0,1.0,12.0,1.0,12.15,5.0200000000000005,2.51,1.49,0.0,0.0,0.0,0.4,0.0,-0.2,0.2,-0.6000000000000001,-169.70000000000002,0.0,0.0,169.70000000000002,0.0,21.700000000000003,29.4,29.4,30.0,300.0,300.0,31.4,35.4,29.3,28.5,30.4,4.95,1.99,4.96,0.16,0.0,0.0,1027.0,8228.0,0.0,0.0,0.0,0.0,0.0,1.0,0.0,0.0,0.0,0.0,0.0,-0.2,0.0,0.6000000000000001,0.0,0.0,16.0,25903.0
2026-07-30T19:00:49.923Z,219.406,219.42,0.0,7.4,0.0,0.0,0.0,0.0,0.0,0.0,0.0,0.0,1.0,0.0,0.0,0.0,9.0,4.0,0.0,0.0,0.0,0.0,0.0,0.0,0.0,0.0,3.0,12.0,1.0,12.15,5.0200000000000005,2.51,1.49,0.0,0.1,0.0,0.4,0.0,-0.8,-0.3,-0.6000000000000001,-169.70000000000002,0.0,0.0,169.70000000000002,0.0,21.700000000000003,29.4,29.4,30.0,300.0,300.0,31.4,35.4,29.3,28.5,30.4,4.95,1.99,4.97,0.16,0.0,0.0,1027.0,8228.0,0.0,0.0,0.0,0.0,0.0,1.0,0.0,0.0,0.0,0.0,0.0,-0.9,0.0,0.5,0.0,0.0001,16.0,25903.0
2026-07-30T19:00:49.935Z,219.418,219.432,0.0,7.4,0.0,0.0,0.0,0.0,0.0,0.0,0.0,0.0,1.0,0.0,0.0,0.0,9.0,4.0,0.0,0.0,0.0,0.0,0.0,0.0,0.0,0.0,4.0,12.0,1.0,12.15,5.0200000000000005,2.51,1.49,0.0,0.0,0.0,0.5,0.0,-0.2,0.8,-1.2000000000000002,-169.70000000000002,0.0,0.0,169.8,0.0,21.700000000000003,29.4,29.4,30.0,300.0,300.0,31.4,35.4,29.3,28.5,30.4,4.95,2.0,4.96,0.16,0.0,0.0,1027.0,8228.0,0.0,0.0,0.0,0.0,0.0,1.0,0.0,0.0,0.0,0.0,0.0,3.7,0.0,-0.4,0.0,0.0,16.0,25903.0
2026-07-30T19:00:49.947Z,219.43,219.444,0.0,7.4,0.0,0.0,0.0,0.0,0.0,0.0,0.0,0.0,1.0,0.0,0.0,0.0,9.0,4.0,0.0,0.0,0.0,0.0,0.0,0.0,0.0,0.0,5.0,12.0,1.0,12.15,5.0200000000000005,2.51,1.49,0.0,0.0,0.0,0.4,0.0,-0.2,-0.3,0.5,-169.70000000000002,0.0,0.0,169.8,0.0,21.700000000000003,29.4,29.4,30.0,300.0,300.0,31.4,35.4,29.3,28.5,30.4,4.96,1.99,4.96,0.17,0.0,0.0,1027.0,8228.0,0.0,0.0,0.0,0.0,0.0,1.0,0.0,0.0,0.0,0.0,0.0,0.0,0.0,-0.5,0.0,0.0001,16.0,25903.0
2026-07-30T19:00:49.959Z,219.442,219.456,0.0,7.4,0.0,0.0,0.0,0.0,0.0,0.0,0.0,0.0,1.0,0.0,0.0,0.0,9.0,4.0,0.0,0.0,0.0,0.0,0.0,0.0,0.0,0.0,6.0,12.0,1.0,12.15,5.0200000000000005,2.51,1.49,0.0,0.0,0.0,0.4,0.0,0.3,-0.3,1.7000000000000002,-169.70000000000002,0.0,0.0,169.8,0.0,21.700000000000003,29.4,29.4,30.0,300.0,300.0,31.4,35.4,29.3,28.5,30.4,4.95,1.99,4.97,0.16,0.0,0.0,1027.0,8228.0,0.0,0.0,0.0,0.0,0.0,1.0,0.0,0.0,0.0,0.0,0.0,0.8,0.0,-1.6,0.0,0.0001,16.0,25903.0
2026-07-30T19:00:49.971Z,219.454,219.468,0.0,7.4,0.0,0.0,0.0,0.0,0.0,0.0,0.0,0.0,1.0,0.0,0.0,0.0,9.0,4.0,0.0,0.0,0.0,0.0,0.0,0.0,0.0,0.0,2.0,12.0,1.0,12.15,5.0200000000000005,2.51,1.49,0.0,0.0,0.0,0.4,0.0,0.9,-0.9,-0.6000000000000001,-169.70000000000002,0.0,0.0,169.8,0.0,21.700000000000003,29.4,29.4,30.0,300.0,300.0,31.4,35.4,29.3,28.5,30.4,4.95,1.99,4.97,0.16,0.0,0.0,1027.0,8228.0,0.0,0.0,0.0,0.0,0.0,1.0,0.0,0.0,0.0,0.0,0.0,-1.5,0.0,0.3,0.0,0.0,16.0,25903.0
2026-07-30T19:00:49.983Z,219.466,219.48,0.0,7.4,0.0,0.0,0.0,0.0,0.0,0.0,0.0,0.0,1.0,0.0,0.0,0.0,9.0,4.0,0.0,0.0,0.0,0.0,0.0,0.0,0.0,0.0,3.0,12.0,1.0,12.15,5.0200000000000005,2.51,1.49,0.0,0.0,0.0,0.4,0.0,0.3,1.4,1.1,-169.70000000000002,0.0,0.0,169.8,0.0,21.700000000000003,29.4,29.4,30.0,300.0,300.0,31.4,35.4,29.3,28.5,30.4,4.95,1.99,4.96,0.16,0.0,0.0,1027.0,8228.0,0.0,0.0,0.0,0.0,0.0,1.0,0.0,0.0,0.0,0.0,0.0,2.5,0.0,-0.7000000000000001,0.0,0.0,16.0,25903.0
2026-07-30T19:00:49.995Z,219.478,219.492,0.0,7.4,0.0,0.0,0.0,0.0,0.0,0.0,0.0,0.0,1.0,0.0,0.0,0.0,9.0,4.0,0.0,0.0,0.0,0.0,0.0,0.0,0.0,0.0,4.0,12.0,1.0,12.15,5.0200000000000005,2.51,1.49,0.0,0.0,0.0,0.4,0.0,0.3,0.2,-0.5,-169.70000000000002,0.0,0.0,169.8,0.0,21.700000000000003,29.4,29.4,30.0,300.0,300.0,31.4,35.4,29.3,28.5,30.4,4.96,1.99,4.96,0.16,0.0,0.0,1027.0,8228.0,0.0,0.0,0.0,0.0,0.0,1.0,0.0,0.0,0.0,0.0,0.0,2.0,0.0,-0.2,0.0,0.0001,16.0,25903.0
2026-07-30T19:00:50.007Z,219.49,219.504,0.0,7.4,0.0,0.0,0.0,0.0,0.0,0.0,0.0,0.0,1.0,0.0,0.0,0.0,9.0,4.0,0.0,0.0,0.0,0.0,0.0,0.0,0.0,0.0,5.0,12.0,1.0,12.17,5.0200000000000005,2.51,1.49,0.0,0.1,0.0,0.4,0.0,0.3,0.2,-0.5,-169.70000000000002,0.0,0.0,169.8,0.0,21.200000000000003,29.4,29.4,30.0,300.0,300.0,31.4,35.4,29.3,28.5,30.4,4.95,1.99,4.97,0.16,0.0,0.0,1027.0,8228.0,0.0,0.0,0.0,0.0,0.0,1.0,0.0,0.0,0.0,0.0,0.0,0.9,0.0,0.1,0.0,0.0001,16.0,25903.0
2026-07-30T19:00:50.019Z,219.502,219.516,0.0,7.4,0.0,0.0,0.0,0.0,0.0,0.0,0.0,0.0,1.0,0.0,0.0,0.0,9.0,4.0,0.0,0.0,0.0,0.0,0.0,0.0,0.0,0.0,6.0,12.0,1.0,12.17,5.0200000000000005,2.51,1.49,0.0,0.0,0.0,0.4,0.0,0.3,-0.3,0.5,-169.70000000000002,0.0,0.0,169.70000000000002,0.0,21.200000000000003,29.4,29.4,30.0,300.0,300.0,31.4,35.4,29.3,28.5,30.4,4.96,2.0,4.96,0.16,0.0,0.0,1027.0,8228.0,0.0,0.0,0.0,0.0,0.0,1.0,0.0,0.0,0.0,0.0,0.0,1.5,0.0,-1.4,0.0,0.0001,16.0,25903.0
2026-07-30T19:00:50.031Z,219.514,219.528,0.0,7.4,0.0,0.0,0.0,0.0,0.0,0.0,0.0,0.0,1.0,0.0,0.0,0.0,9.0,4.0,0.0,0.0,0.0,0.0,0.0,0.0,0.0,0.0,1.0,12.0,1.0,12.17,5.0200000000000005,2.51,1.49,0.0,0.0,0.0,0.4,0.0,-0.2,0.1,0.5,-169.70000000000002,0.0,0.0,169.8,0.0,21.200000000000003,29.4,29.4,30.0,300.0,300.0,31.4,35.4,29.3,28.5,30.4,4.96,1.99,4.97,0.16,0.0,0.0,1027.0,8228.0,0.0,0.0,0.0,0.0,0.0,1.0,0.0,0.0,0.0,0.0,0.0,0.5,0.0,-0.4,0.0,0.0001,16.0,25903.0
2026-07-30T19:00:50.043Z,219.526,219.54,0.0,7.4,0.0,0.0,0.0,0.0,0.0,0.0,0.0,0.0,1.0,0.0,0.0,0.0,9.0,4.0,0.0,0.0,0.0,0.0,0.0,0.0,0.0,0.0,2.0,12.0,1.0,12.17,5.0200000000000005,2.51,1.49,0.0,0.0,0.0,0.4,0.0,0.3,0.1,0.0,-169.70000000000002,0.0,0.0,169.70000000000002,0.0,21.200000000000003,29.4,29.4,30.0,300.0,300.0,31.4,35.4,29.3,28.5,30.4,4.95,1.99,4.97,0.16,0.0,0.0,1027.0,8228.0,0.0,0.0,0.0,0.0,0.0,1.0,0.0,0.0,0.0,0.0,0.0,0.1,0.0,0.0,0.0,0.0001,16.0,25903.0
2026-07-30T19:00:50.054Z,219.537,219.552,0.0,7.4,0.0,0.0,0.0,0.0,0.0,0.0,0.0,0.0,1.0,0.0,0.0,0.0,9.0,4.0,0.0,0.0,0.0,0.0,0.0,0.0,0.0,0.0,3.0,12.0,1.0,12.17,5.0200000000000005,2.51,1.49,0.0,0.0,0.0,0.4,0.0,0.3,-0.9,-0.6000000000000001,-169.70000000000002,0.0,0.0,169.8,0.0,21.200000000000003,29.4,29.4,30.0,300.0,300.0,31.4,35.4,29.3,28.5,30.4,4.96,1.99,4.97,0.16,0.0,0.0,1027.0,8228.0,0.0,0.0,0.0,0.0,0.0,1.0,0.0,0.0,0.0,0.0,0.0,-1.5,0.0,0.3,0.0,0.0001,16.0,25903.0
2026-07-30T19:00:50.067Z,219.55,219.564,0.0,7.4,0.0,0.0,0.0,0.0,0.0,0.0,0.0,0.0,1.0,0.0,0.0,0.0,9.0,4.0,0.0,0.0,0.0,0.0,0.0,0.0,0.0,0.0,4.0,12.0,1.0,12.17,5.0200000000000005,2.51,1.49,0.0,0.1,0.0,0.4,0.0,-0.2,0.1,-1.2000000000000002,-169.70000000000002,0.0,0.0,169.8,0.0,21.200000000000003,29.4,29.4,30.0,300.0,300.0,31.4,35.4,29.3,28.5,30.4,4.96,2.0,4.96,0.16,0.0,0.0,1027.0,8228.0,0.0,0.0,0.0,0.0,0.0,1.0,0.0,0.0,0.0,0.0,0.0,-0.7000000000000001,0.0,1.1,0.0,0.0002,16.0,25903.0
2026-07-30T19:00:50.079Z,219.562,219.576,0.0,7.4,0.0,0.0,0.0,0.0,0.0,0.0,0.0,0.0,1.0,0.0,0.0,0.0,9.0,4.0,0.0,0.0,0.0,0.0,0.0,0.0,0.0,0.0,5.0,12.0,1.0,12.17,5.0200000000000005,2.51,1.49,0.0,0.0,0.0,0.5,0.0,0.3,0.1,0.0,-169.70000000000002,0.0,0.0,169.8,0.0,21.200000000000003,29.4,29.4,30.0,300.0,300.0,31.4,35.4,29.3,28.5,30.4,4.96,1.99,4.97,0.16,0.0,0.0,1027.0,8228.0,0.0,0.0,0.0,0.0,0.0,1.0,0.0,0.0,0.0,0.0,0.0,0.1,0.0,0.0,0.0,0.0,16.0,25903.0
2026-07-30T19:00:50.091Z,219.574,219.588,0.0,7.4,0.0,0.0,0.0,0.0,0.0,0.0,0.0,0.0,1.0,0.0,0.0,0.0,9.0,4.0,0.0,0.0,0.0,0.0,0.0,0.0,0.0,0.0,6.0,12.0,1.0,12.17,5.0200000000000005,2.51,1.49,0.0,0.0,0.0,0.4,0.0,-0.8,-0.4,0.0,-169.70000000000002,0.0,0.0,169.70000000000002,0.0,21.200000000000003,29.4,29.4,30.0,300.0,300.0,31.4,35.4,29.3,28.5,30.4,4.95,2.0,4.97,0.15,0.0,0.0,1027.0,8228.0,0.0,0.0,0.0,0.0,0.0,1.0,0.0,0.0,0.0,0.0,0.0,-0.4,0.0,-0.1,0.0,0.0,16.0,25903.0
2026-07-30T19:00:50.104Z,219.587,219.6,0.0,7.4,0.0,0.0,0.0,0.0,0.0,0.0,0.0,0.0,1.0,0.0,0.0,0.0,9.0,4.0,0.0,0.0,0.0,0.0,0.0,0.0,0.0,0.0,1.0,12.0,1.0,12.17,5.01,2.51,1.49,0.0,0.0,0.0,0.4,0.0,-0.8,0.1,-0.5,-169.70000000000002,0.0,0.0,169.70000000000002,0.0,22.3,29.4,29.4,30.0,300.0,300.0,31.3,35.4,29.3,28.5,30.4,4.96,2.0,4.96,0.16,0.0,0.0,1027.0,8228.0,0.0,0.0,0.0,0.0,0.0,1.0,0.0,0.0,0.0,0.0,0.0,-0.2,0.0,0.5,0.0,0.0002,16.0,25903.0
2026-07-30T19:00:50.127Z,219.61,219.612,0.0,7.4,0.0,0.0,0.0,0.0,0.0,0.0,0.0,0.0,1.0,0.0,0.0,0.0,9.0,4.0,0.0,0.0,0.0,0.0,0.0,0.0,0.0,0.0,2.0,12.0,1.0,12.17,5.01,2.51,1.49,0.0,0.0,0.0,0.4,0.0,0.2,0.7000000000000001,0.5,-169.70000000000002,0.0,0.0,169.70000000000002,0.0,22.3,29.4,29.4,30.0,300.0,300.0,31.3,35.4,29.3,28.5,30.4,4.95,1.99,4.97,0.16,0.0,0.0,1027.0,8228.0,0.0,0.0,0.0,0.0,0.0,1.0,0.0,0.0,0.0,0.0,0.0,1.2000000000000002,0.0,-0.3,0.0,0.0,16.0,25903.0
2026-07-30T19:00:50.131Z,219.614,219.624,0.0,7.4,0.0,0.0,0.0,0.0,0.0,0.0,0.0,0.0,1.0,0.0,0.0,0.0,9.0,4.0,0.0,0.0,0.0,0.0,0.0,0.0,0.0,0.0,6.0,12.0,1.0,12.17,5.01,2.51,1.49,0.0,0.0,0.0,0.4,0.0,0.3,1.3,-1.2000000000000002,-169.70000000000002,0.0,0.0,169.70000000000002,0.0,22.3,29.4,29.4,30.0,300.0,300.0,31.3,35.4,29.3,28.5,30.4,4.95,1.99,4.97,0.16,0.0,0.0,1027.0,8228.0,0.0,0.0,0.0,0.0,0.0,1.0,0.0,0.0,0.0,0.0,0.0,0.5,0.0,1.3,0.0,0.0001,16.0,25903.0
2026-07-30T19:00:50.139Z,219.622,219.636,0.0,7.4,0.0,0.0,0.0,0.0,0.0,0.0,0.0,0.0,1.0,0.0,0.0,0.0,9.0,4.0,0.0,0.0,0.0,0.0,0.0,0.0,0.0,0.0,5.0,12.0,1.0,12.17,5.01,2.51,1.49,0.0,0.0,0.0,0.4,0.0,-0.2,-0.4,0.0,-169.70000000000002,0.0,0.0,169.70000000000002,0.0,22.3,29.4,29.4,30.0,300.0,300.0,31.3,35.4,29.3,28.5,30.4,4.96,1.99,4.97,0.16,0.0,0.0,1027.0,8228.0,0.0,0.0,0.0,0.0,0.0,1.0,0.0,0.0,0.0,0.0,0.0,-0.5,0.0,0.0,0.0,0.0001,16.0,25903.0
2026-07-30T19:00:50.151Z,219.634,219.648,0.0,7.4,0.0,0.0,0.0,0.0,0.0,0.0,0.0,0.0,1.0,0.0,0.0,0.0,9.0,4.0,0.0,0.0,0.0,0.0,0.0,0.0,0.0,0.0,5.0,12.0,1.0,12.17,5.01,2.51,1.49,0.0,0.0,0.0,0.4,0.0,0.3,0.1,0.5,-169.70000000000002,0.0,0.0,169.70000000000002,0.0,22.3,29.4,29.4,30.0,300.0,300.0,31.3,35.4,29.3,28.5,30.4,4.95,1.99,4.97,0.16,0.0,0.0,1027.0,8228.0,0.0,0.0,0.0,0.0,0.0,1.0,0.0,0.0,0.0,0.0,0.0,0.5,0.0,-0.4,0.0,0.0001,16.0,25903.0
2026-07-30T19:00:50.163Z,219.646,219.66,0.0,7.4,0.0,0.0,0.0,0.0,0.0,0.0,0.0,0.0,1.0,0.0,0.0,0.0,9.0,4.0,0.0,0.0,0.0,0.0,0.0,0.0,0.0,0.0,1.0,12.0,1.0,12.17,5.01,2.51,1.49,0.0,0.1,0.0,0.4,0.0,0.3,-0.4,1.0,-169.70000000000002,0.0,0.0,169.70000000000002,0.0,22.3,29.4,29.4,30.0,300.0,300.0,31.3,35.4,29.3,28.5,30.4,4.96,1.99,4.97,0.16,0.0,0.0,1027.0,8228.0,0.0,0.0,0.0,0.0,0.0,1.0,0.0,0.0,0.0,0.0,0.0,0.3,0.0,-1.0,0.0,0.0,16.0,25903.0
2026-07-30T19:00:50.175Z,219.658,219.672,0.0,7.4,0.0,0.0,0.0,0.0,0.0,0.0,0.0,0.0,1.0,0.0,0.0,0.0,9.0,4.0,0.0,0.0,0.0,0.0,0.0,0.0,0.0,0.0,1.0,12.0,1.0,12.17,5.01,2.51,1.49,0.0,0.1,0.0,0.4,0.0,-0.7000000000000001,-0.4,0.4,-169.70000000000002,0.0,0.0,169.60000000000002,0.0,22.3,29.4,29.4,30.0,300.0,300.0,31.3,35.4,29.3,28.5,30.4,4.96,1.99,4.96,0.16,0.0,0.0,1027.0,8228.0,0.0,0.0,0.0,0.0,0.0,1.0,0.0,0.0,0.0,0.0,0.0,-0.1,0.0,-0.5,0.0,0.0,16.0,25903.0
2026-07-30T19:00:50.187Z,219.67,219.684,0.0,7.4,0.0,0.0,0.0,0.0,0.0,0.0,0.0,0.0,1.0,0.0,0.0,0.0,9.0,4.0,0.0,0.0,0.0,0.0,0.0,0.0,0.0,0.0,2.0,12.0,1.0,12.17,5.01,2.51,1.49,0.0,0.0,0.0,0.4,0.0,0.9,0.0,-1.2000000000000002,-169.70000000000002,0.0,0.0,169.70000000000002,0.0,22.3,29.4,29.4,30.0,300.0,300.0,31.3,35.4,29.3,28.5,30.4,4.95,1.99,4.96,0.16,0.0,0.0,1027.0,8228.0,0.0,0.0,0.0,0.0,0.0,1.0,0.0,0.0,0.0,0.0,0.0,-0.8,0.0,1.1,0.0,0.0001,16.0,25903.0
2026-07-30T19:00:50.199Z,219.682,219.696,0.0,7.4,0.0,0.0,0.0,0.0,0.0,0.0,0.0,0.0,1.0,0.0,0.0,0.0,9.0,4.0,0.0,0.0,0.0,0.0,0.0,0.0,0.0,0.0,3.0,12.0,1.0,12.17,5.01,2.51,1.49,0.0,0.1,0.0,0.4,0.0,0.4,0.6000000000000001,-0.1,-169.70000000000002,0.0,0.0,169.60000000000002,0.0,22.3,29.4,29.4,30.0,300.0,300.0,31.3,35.4,29.3,28.5,30.4,4.95,1.99,4.97,0.16,0.0,0.0,1027.0,8228.0,0.0,0.0,0.0,0.0,0.0,1.0,0.0,0.0,0.0,0.0,0.0,0.6000000000000001,0.0,0.2,0.0,0.0001,16.0,25903.0
2026-07-30T19:00:50.211Z,219.694,219.708,0.0,7.4,0.0,0.0,0.0,0.0,0.0,0.0,0.0,0.0,1.0,0.0,0.0,0.0,9.0,4.0,0.0,0.0,0.0,0.0,0.0,0.0,0.0,0.0,5.0,12.0,1.0,12.17,5.0200000000000005,2.51,1.49,0.0,0.0,0.0,0.4,0.0,0.4,-1.0,0.4,-169.70000000000002,0.0,0.0,169.70000000000002,0.0,21.700000000000003,29.4,29.4,30.0,300.0,300.0,31.5,35.4,29.3,28.5,30.4,4.95,1.99,4.97,0.16,0.0,0.0,1027.0,8228.0,0.0,0.0,0.0,0.0,0.0,1.0,0.0,0.0,0.0,0.0,0.0,-0.8,0.0,-0.6000000000000001,0.0,0.0,16.0,25903.0
2026-07-30T19:00:50.223Z,219.706,219.72,0.0,7.4,0.0,0.0,0.0,0.0,0.0,0.0,0.0,0.0,1.0,0.0,0.0,0.0,9.0,4.0,0.0,0.0,0.0,0.0,0.0,0.0,0.0,0.0,6.0,12.0,1.0,12.17,5.0200000000000005,2.51,1.49,0.0,0.0,0.0,0.4,0.0,-0.7000000000000001,0.0,0.4,-169.70000000000002,0.0,0.0,169.60000000000002,0.0,21.700000000000003,29.4,29.4,30.0,300.0,300.0,31.5,35.4,29.3,28.5,30.4,4.95,1.99,4.97,0.16,0.0,0.0,1027.0,8228.0,0.0,0.0,0.0,0.0,0.0,1.0,0.0,0.0,0.0,0.0,0.0,0.3,0.0,-0.3,0.0,0.0001,16.0,25903.0
2026-07-30T19:00:50.235Z,219.718,219.732,0.0,7.4,0.0,0.0,0.0,0.0,0.0,0.0,0.0,0.0,1.0,0.0,0.0,0.0,9.0,4.0,0.0,0.0,0.0,0.0,0.0,0.0,0.0,0.0,1.0,12.0,1.0,12.17,5.0200000000000005,2.51,1.49,0.0,0.1,0.0,0.4,0.0,-0.7000000000000001,0.6000000000000001,0.4,-169.70000000000002,0.0,0.0,169.70000000000002,0.0,21.700000000000003,29.4,29.4,30.0,300.0,300.0,31.5,35.4,29.3,28.5,30.4,4.96,1.99,4.97,0.16,0.0,0.0,1027.0,8228.0,0.0,0.0,0.0,0.0,0.0,1.0,0.0,0.0,0.0,0.0,0.0,1.0,0.0,-0.2,0.0,0.0,16.0,25903.0
2026-07-30T19:00:50.247Z,219.73,219.744,0.0,7.4,0.0,0.0,0.0,0.0,0.0,0.0,0.0,0.0,1.0,0.0,0.0,0.0,9.0,4.0,0.0,0.0,0.0,0.0,0.0,0.0,0.0,0.0,2.0,12.0,1.0,12.17,5.0200000000000005,2.51,1.49,0.0,0.0,0.0,0.4,0.0,0.3,-0.5,-1.3,-169.70000000000002,0.0,0.0,169.60000000000002,0.0,21.700000000000003,29.4,29.4,30.0,300.0,300.0,31.5,35.4,29.3,28.5,30.4,4.96,1.99,4.97,0.16,0.0,0.0,1027.0,8228.0,0.0,0.0,0.0,0.0,0.0,1.0,0.0,0.0,0.0,0.0,0.0,-1.6,0.0,1.0,0.0,0.0,16.0,25903.0
2026-07-30T19:00:50.259Z,219.742,219.756,0.0,7.4,0.0,0.0,0.0,0.0,0.0,0.0,0.0,0.0,1.0,0.0,0.0,0.0,9.0,4.0,0.0,0.0,0.0,0.0,0.0,0.0,0.0,0.0,3.0,12.0,1.0,12.17,5.0200000000000005,2.51,1.49,0.0,0.0,0.0,0.4,0.0,0.3,-0.5,-0.7000000000000001,-169.60000000000002,0.0,0.0,169.60000000000002,0.0,21.700000000000003,29.4,29.4,30.0,300.0,300.0,31.5,35.4,29.3,28.5,30.4,4.95,2.0,4.97,0.16,0.0,0.0,1027.0,8228.0,0.0,0.0,0.0,0.0,0.0,1.0,0.0,0.0,0.0,0.0,0.0,-1.1,0.0,0.5,0.0,0.0001,16.0,25903.0
2026-07-30T19:00:50.271Z,219.754,219.768,0.0,7.4,0.0,0.0,0.0,0.0,0.0,0.0,0.0,0.0,1.0,0.0,0.0,0.0,9.0,4.0,0.0,0.0,0.0,0.0,0.0,0.0,0.0,0.0,4.0,12.0,1.0,12.17,5.0200000000000005,2.51,1.49,0.0,0.0,0.0,0.5,0.0,0.3,0.0,0.4,-169.60000000000002,0.0,0.0,169.70000000000002,0.0,21.700000000000003,29.4,29.4,30.0,300.0,300.0,31.5,35.4,29.3,28.5,30.4,4.95,1.99,4.97,0.16,0.0,0.0,1027.0,8228.0,0.0,0.0,0.0,0.0,0.0,1.0,0.0,0.0,0.0,0.0,0.0,0.3,0.0,-0.3,0.0,0.0,16.0,25903.0
2026-07-30T19:00:50.283Z,219.766,219.78,0.0,7.4,0.0,0.0,0.0,0.0,0.0,0.0,0.0,0.0,1.0,0.0,0.0,0.0,9.0,4.0,0.0,0.0,0.0,0.0,0.0,0.0,0.0,0.0,5.0,12.0,1.0,12.17,5.0200000000000005,2.51,1.49,0.0,0.0,0.0,0.4,0.0,-0.2,0.0,-1.9,-169.60000000000002,0.0,0.0,169.70000000000002,0.0,21.700000000000003,29.4,29.4,30.0,300.0,300.0,31.5,35.4,29.3,28.5,30.4,4.95,1.99,4.97,0.16,0.0,0.0,1027.0,8228.0,0.0,0.0,0.0,0.0,0.0,1.0,0.0,0.0,0.0,0.0,0.0,-1.4,0.0,1.7000000000000002,0.0,0.0,16.0,25903.0
2026-07-30T19:00:50.295Z,219.778,219.792,0.0,7.4,0.0,0.0,0.0,0.0,0.0,0.0,0.0,0.0,1.0,0.0,0.0,0.0,9.0,4.0,0.0,0.0,0.0,0.0,0.0,0.0,0.0,0.0,6.0,12.0,1.0,12.17,5.0200000000000005,2.51,1.49,0.0,0.0,0.0,0.5,0.0,-0.8,0.0,-0.1,-169.60000000000002,0.0,0.0,169.60000000000002,0.0,21.700000000000003,29.4,29.4,30.0,300.0,300.0,31.5,35.4,29.3,28.5,30.4,4.96,1.99,4.96,0.16,0.0,0.0,1027.0,8228.0,0.0,0.0,0.0,0.0,0.0,1.0,0.0,0.0,0.0,0.0,0.0,0.0,0.0,0.1,0.0,0.0002,16.0,25903.0
2026-07-30T19:00:50.308Z,219.791,219.804,0.0,7.4,0.0,0.0,0.0,0.0,0.0,0.0,0.0,0.0,1.0,0.0,0.0,0.0,9.0,4.0,0.0,0.0,0.0,0.0,0.0,0.0,0.0,0.0,1.0,12.0,1.0,12.15,5.0200000000000005,2.5,1.49,0.0,0.0,0.0,0.4,0.0,-0.7000000000000001,0.0,-0.7000000000000001,-169.60000000000002,0.0,0.0,169.60000000000002,0.0,21.700000000000003,29.4,29.4,30.0,300.0,300.0,31.4,35.300000000000004,29.3,28.5,30.4,4.95,1.99,4.96,0.16,0.0,0.0,1027.0,8228.0,0.0,0.0,0.0,0.0,0.0,1.0,0.0,0.0,0.0,0.0,0.0,-0.4,0.0,0.6000000000000001,0.0,0.0001,16.0,25903.0
2026-07-30T19:00:50.319Z,219.802,219.816,0.0,7.4,0.0,0.0,0.0,0.0,0.0,0.0,0.0,0.0,1.0,0.0,0.0,0.0,9.0,4.0,0.0,0.0,0.0,0.0,0.0,0.0,0.0,0.0,2.0,12.0,1.0,12.15,5.0200000000000005,2.5,1.49,0.0,0.1,0.0,0.4,0.0,0.3,0.6000000000000001,0.4,-169.60000000000002,0.0,0.0,169.60000000000002,0.0,21.700000000000003,29.4,29.4,30.0,300.0,300.0,31.4,35.300000000000004,29.3,28.5,30.4,4.95,1.99,4.97,0.16,0.0,0.0,1027.0,8228.0,0.0,0.0,0.0,0.0,0.0,1.0,0.0,0.0,0.0,0.0,0.0,1.0,0.0,-0.2,0.0,0.0001,16.0,25903.0
2026-07-30T19:00:50.331Z,219.814,219.828,0.0,7.4,0.0,0.0,0.0,0.0,0.0,0.0,0.0,0.0,1.0,0.0,0.0,0.0,9.0,4.0,0.0,0.0,0.0,0.0,0.0,0.0,0.0,0.0,3.0,12.0,1.0,12.15,5.0200000000000005,2.5,1.49,0.0,0.0,0.0,0.4,0.0,0.3,0.0,-0.1,-169.60000000000002,0.0,0.0,169.60000000000002,0.0,21.700000000000003,29.4,29.4,30.0,300.0,300.0,31.4,35.300000000000004,29.3,28.5,30.4,4.96,1.99,4.97,0.16,0.0,0.0,1027.0,8228.0,0.0,0.0,0.0,0.0,0.0,1.0,0.0,0.0,0.0,0.0,0.0,0.0,0.0,0.1,0.0,0.0,16.0,25903.0
2026-07-30T19:00:50.343Z,219.826,219.84,0.0,7.4,0.0,0.0,0.0,0.0,0.0,0.0,0.0,0.0,1.0,0.0,0.0,0.0,9.0,4.0,0.0,0.0,0.0,0.0,0.0,0.0,0.0,0.0,4.0,12.0,1.0,12.15,5.0200000000000005,2.5,1.49,0.0,0.0,0.0,0.4,0.0,-0.2,-1.1,-0.1,-169.60000000000002,0.0,0.0,169.70000000000002,0.0,21.700000000000003,29.4,29.4,30.0,300.0,300.0,31.4,35.300000000000004,29.3,28.5,30.4,4.95,1.99,4.96,0.17,0.0,0.0,1027.0,8228.0,0.0,0.0,0.0,0.0,0.0,1.0,0.0,0.0,0.0,0.0,0.0,-1.3,0.0,0.0,0.0,0.0,16.0,25903.0
2026-07-30T19:00:50.355Z,219.838,219.852,0.0,7.4,0.0,0.0,0.0,0.0,0.0,0.0,0.0,0.0,1.0,0.0,0.0,0.0,9.0,4.0,0.0,0.0,0.0,0.0,0.0,0.0,0.0,0.0,5.0,12.0,1.0,12.15,5.0200000000000005,2.5,1.49,0.0,0.0,0.0,0.4,0.0,-0.8,-1.0,-0.1,-169.60000000000002,0.0,0.0,169.70000000000002,0.0,21.700000000000003,29.4,29.4,30.0,300.0,300.0,31.4,35.300000000000004,29.3,28.5,30.4,4.95,1.99,4.97,0.17,0.0,0.0,1027.0,8228.0,0.0,0.0,0.0,0.0,0.0,1.0,0.0,0.0,0.0,0.0,0.0,-1.3,0.0,0.0,0.0,0.0,16.0,25903.0
2026-07-30T19:00:50.367Z,219.85,219.864,0.0,7.4,0.0,0.0,0.0,0.0,0.0,0.0,0.0,0.0,1.0,0.0,0.0,0.0,9.0,4.0,0.0,0.0,0.0,0.0,0.0,0.0,0.0,0.0,6.0,12.0,1.0,12.15,5.0200000000000005,2.5,1.49,0.0,0.0,0.0,0.4,0.0,-0.2,0.1,-0.7000000000000001,-169.60000000000002,0.0,0.0,169.8,0.0,21.700000000000003,29.4,29.4,30.0,300.0,300.0,31.4,35.300000000000004,29.3,28.5,30.4,4.95,1.99,4.96,0.16,0.0,0.0,1027.0,8228.0,0.0,0.0,0.0,0.0,0.0,1.0,0.0,0.0,0.0,0.0,0.0,-0.4,0.0,0.6000000000000001,0.0,0.0,16.0,25903.0
2026-07-30T19:00:50.379Z,219.862,219.876,0.0,7.4,0.0,0.0,0.0,0.0,0.0,0.0,0.0,0.0,1.0,0.0,0.0,0.0,9.0,4.0,0.0,0.0,0.0,0.0,0.0,0.0,0.0,0.0,1.0,12.0,1.0,12.15,5.0200000000000005,2.5,1.49,0.0,0.1,0.0,0.4,0.0,0.3,1.8,0.4,-169.60000000000002,0.0,0.0,169.70000000000002,0.0,21.700000000000003,29.4,29.4,30.0,300.0,300.0,31.4,35.300000000000004,29.3,28.5,30.4,4.96,2.0,4.96,0.16,0.0,0.0,1027.0,8228.0,0.0,0.0,0.0,0.0,0.0,1.0,0.0,0.0,0.0,0.0,0.0,2.4000000000000004,0.0,0.0,0.0,0.0001,16.0,25903.0
2026-07-30T19:00:50.391Z,219.874,219.888,0.0,7.4,0.0,0.0,0.0,0.0,0.0,0.0,0.0,0.0,1.0,0.0,0.0,0.0,9.0,4.0,0.0,0.0,0.0,0.0,0.0,0.0,0.0,0.0,2.0,12.0,1.0,12.15,5.0200000000000005,2.5,1.49,0.0,0.0,0.0,0.4,0.0,-0.8,-0.4,-0.1,-169.60000000000002,0.0,0.0,169.70000000000002,0.0,21.700000000000003,29.4,29.4,30.0,300.0,300.0,31.4,35.300000000000004,29.3,28.5,30.4,4.95,2.0,4.96,0.16,0.0,0.0,1027.0,8228.0,0.0,0.0,0.0,0.0,0.0,1.0,0.0,0.0,0.0,0.0,0.0,-0.6000000000000001,0.0,0.0,0.0,0.0001,16.0,25903.0
2026-07-30T19:00:50.403Z,219.886,219.9,0.0,7.4,0.0,0.0,0.0,0.0,0.0,0.0,0.0,0.0,1.0,0.0,0.0,0.0,9.0,4.0,0.0,0.0,0.0,0.0,0.0,0.0,0.0,0.0,3.0,12.0,1.0,12.15,5.0200000000000005,2.5,1.49,0.0,0.0,0.0,0.4,0.0,0.3,-0.4,0.3,-169.60000000000002,0.0,0.0,169.60000000000002,0.0,21.700000000000003,29.4,29.4,30.0,300.0,300.0,31.4,35.300000000000004,29.3,28.5,30.4,4.96,1.99,4.97,0.16,0.0,0.0,1027.0,8228.0,0.0,0.0,0.0,0.0,0.0,1.0,0.0,0.0,0.0,0.0,0.0,-0.2,0.0,-0.4,0.0,0.0,16.0,25903.0
2026-07-30T19:00:50.415Z,219.898,219.912,0.0,7.4,0.0,0.0,0.0,0.0,0.0,0.0,0.0,0.0,1.0,0.0,0.0,0.0,9.0,4.0,0.0,0.0,0.0,0.0,0.0,0.0,0.0,0.0,4.0,12.0,1.0,12.15,5.0200000000000005,2.51,1.49,0.0,0.0,0.0,0.4,0.0,0.8,1.2000000000000002,0.9,-169.60000000000002,0.0,0.0,169.70000000000002,0.0,21.3,29.4,29.4,30.0,300.0,300.0,31.3,35.300000000000004,29.3,28.5,30.4,4.96,1.99,4.96,0.16,0.0,0.0,1027.0,8228.0,0.0,0.0,0.0,0.0,0.0,1.0,0.0,0.0,0.0,0.0,0.0,2.1,0.0,-0.6000000000000001,0.0,0.0001,16.0,25903.0
2026-07-30T19:00:50.431Z,219.914,219.924,0.0,7.4,0.0,0.0,0.0,0.0,0.0,0.0,0.0,0.0,1.0,0.0,0.0,0.0,9.0,4.0,0.0,0.0,0.0,0.0,0.0,0.0,0.0,0.0,5.0,12.0,1.0,12.15,5.0200000000000005,2.51,1.49,0.0,0.0,0.0,0.4,0.0,-0.2,-0.4,-1.3,-169.60000000000002,0.0,0.0,169.60000000000002,0.0,21.3,29.4,29.4,30.0,300.0,300.0,31.3,35.300000000000004,29.3,28.5,30.4,4.96,1.99,4.96,0.16,0.0,0.0,1027.0,8228.0,0.0,0.0,0.0,0.0,0.0,1.0,0.0,0.0,0.0,0.0,0.0,-1.5,0.0,1.1,0.0,0.0001,16.0,25903.0
2026-07-30T19:00:50.440Z,219.923,219.936,0.0,7.4,0.0,0.0,0.0,0.0,0.0,0.0,0.0,0.0,1.0,0.0,0.0,0.0,9.0,4.0,0.0,0.0,0.0,0.0,0.0,0.0,0.0,0.0,4.0,12.0,1.0,12.15,5.0200000000000005,2.51,1.49,0.0,0.0,0.0,0.4,0.0,-0.2,-1.0,-0.7000000000000001,-169.60000000000002,0.0,0.0,169.60000000000002,0.0,21.3,29.4,29.4,30.0,300.0,300.0,31.3,35.300000000000004,29.3,28.5,30.4,4.95,1.99,4.97,0.16,0.0,0.0,1027.0,8228.0,0.0,0.0,0.0,0.0,0.0,1.0,0.0,0.0,0.0,0.0,0.0,-1.7000000000000002,0.0,0.4,0.0,0.0001,16.0,25903.0
2026-07-30T19:00:50.451Z,219.934,219.948,0.0,7.4,0.0,0.0,0.0,0.0,0.0,0.0,0.0,0.0,1.0,0.0,0.0,0.0,9.0,4.0,0.0,0.0,0.0,0.0,0.0,0.0,0.0,0.0,4.0,12.0,1.0,12.15,5.0200000000000005,2.51,1.49,0.0,0.0,0.0,0.4,0.0,0.3,0.7000000000000001,-0.2,-169.60000000000002,0.0,0.0,169.8,0.0,21.3,29.4,29.4,30.0,300.0,300.0,31.3,35.300000000000004,29.3,28.5,30.4,4.96,1.99,4.97,0.16,0.0,0.0,1027.0,8228.0,0.0,0.0,0.0,0.0,0.0,1.0,0.0,0.0,0.0,0.0,0.0,0.6000000000000001,0.0,0.3,0.0,0.0001,16.0,25903.0
2026-07-30T19:00:50.463Z,219.946,219.96,0.0,7.4,0.0,0.0,0.0,0.0,0.0,0.0,0.0,0.0,1.0,0.0,0.0,0.0,9.0,4.0,0.0,0.0,0.0,0.0,0.0,0.0,0.0,0.0,5.0,12.0,1.0,12.15,5.0200000000000005,2.51,1.49,0.0,0.0,0.0,0.4,0.0,0.3,0.0,-0.2,-169.60000000000002,0.0,0.0,169.70000000000002,0.0,21.3,29.4,29.4,30.0,300.0,300.0,31.3,35.300000000000004,29.3,28.5,30.4,4.96,2.0,4.97,0.16,0.0,0.0,1027.0,8228.0,0.0,0.0,0.0,0.0,0.0,1.0,0.0,0.0,0.0,0.0,0.0,-0.1,0.0,0.2,0.0,0.0001,16.0,25903.0
2026-07-30T19:00:50.475Z,219.958,219.972,0.0,7.4,0.0,0.0,0.0,0.0,0.0,0.0,0.0,0.0,1.0,0.0,0.0,0.0,9.0,4.0,0.0,0.0,0.0,0.0,0.0,0.0,0.0,0.0,6.0,12.0,1.0,12.15,5.0200000000000005,2.51,1.49,0.0,0.0,0.0,0.4,0.0,-0.8,1.2000000000000002,0.2,-169.60000000000002,0.0,0.0,169.70000000000002,0.0,21.3,29.4,29.4,30.0,300.0,300.0,31.3,35.300000000000004,29.3,28.5,30.4,4.96,1.99,4.97,0.16,0.0,0.0,1027.0,8228.0,0.0,0.0,0.0,0.0,0.0,1.0,0.0,0.0,0.0,0.0,0.0,1.6,0.0,0.0,0.0,0.0,16.0,25903.0
2026-07-30T19:00:50.487Z,219.97,219.984,0.0,7.4,0.0,0.0,0.0,0.0,0.0,0.0,0.0,0.0,1.0,0.0,0.0,0.0,9.0,4.0,0.0,0.0,0.0,0.0,0.0,0.0,0.0,0.0,1.0,12.0,1.0,12.15,5.0200000000000005,2.51,1.49,0.0,0.0,0.0,0.4,0.0,0.8,-1.1,-0.9,-169.60000000000002,0.0,0.0,169.70000000000002,0.0,21.3,29.4,29.4,30.0,300.0,300.0,31.3,35.300000000000004,29.3,28.5,30.4,4.95,1.99,4.97,0.16,0.0,0.0,1027.0,8228.0,0.0,0.0,0.0,0.0,0.0,1.0,0.0,0.0,0.0,0.0,0.0,-1.9,0.0,0.5,0.0,0.0,16.0,25903.0
2026-07-30T19:00:50.499Z,219.982,219.996,0.0,7.4,0.0,0.0,0.0,0.0,0.0,0.0,0.0,0.0,1.0,0.0,0.0,0.0,9.0,4.0,0.0,0.0,0.0,0.0,0.0,0.0,0.0,0.0,2.0,12.0,1.0,12.15,5.0200000000000005,2.51,1.49,0.0,0.0,0.0,0.4,0.0,-0.3,-1.1,-1.5,-169.60000000000002,0.0,0.0,169.70000000000002,0.0,21.3,29.4,29.4,30.0,300.0,300.0,31.3,35.300000000000004,29.3,28.5,30.4,4.96,1.99,4.96,0.16,0.0,0.0,1027.0,8228.0,0.0,0.0,0.0,0.0,0.0,1.0,0.0,0.0,0.0,0.0,0.0,-2.4000000000000004,0.0,1.1,0.0,0.0001,16.0,25903.0
2026-07-30T19:00:50.512Z,219.995,220.008,0.0,7.4,0.0,0.0,0.0,0.0,0.0,0.0,0.0,0.0,1.0,0.0,0.0,0.0,9.0,4.0,0.0,0.0,0.0,0.0,0.0,0.0,0.0,0.0,3.0,12.0,1.0,12.17,5.01,2.5,1.49,0.0,0.0,0.0,0.4,0.0,0.2,0.0,0.2,-169.60000000000002,0.0,0.0,169.60000000000002,0.0,21.4,29.4,29.4,30.0,300.0,300.0,31.4,35.4,29.3,28.5,30.4,4.96,1.99,4.97,0.16,0.0,0.0,1027.0,8228.0,0.0,0.0,0.0,0.0,0.0,1.0,0.0,0.0,0.0,0.0,0.0,0.0,0.0,0.9,0.0,0.0001,16.0,25903.0
2026-07-30T19:00:50.523Z,220.006,220.02,0.0,7.4,0.0,0.0,0.0,0.0,0.0,0.0,0.0,0.0,1.0,0.0,0.0,0.0,9.0,4.0,0.0,0.0,0.0,0.0,0.0,0.0,0.0,0.0,4.0,12.0,1.0,12.17,5.01,2.5,1.49,0.0,0.0,0.0,0.4,0.0,-0.3,1.2000000000000002,-0.3,-169.60000000000002,0.0,0.0,169.60000000000002,0.0,21.4,29.4,29.4,30.0,300.0,300.0,31.4,35.4,29.3,28.5,30.4,4.95,2.0,4.97,0.16,0.0,0.0,1027.0,8228.0,0.0,0.0,0.0,0.0,0.0,1.0,0.0,0.0,0.0,0.0,0.0,1.2000000000000002,0.0,-0.5,0.0,0.0001,16.0,25903.0
2026-07-30T19:00:50.535Z,220.018,220.032,0.0,7.4,0.0,0.0,0.0,0.0,0.0,0.0,0.0,0.0,1.0,0.0,0.0,0.0,9.0,4.0,0.0,0.0,0.0,0.0,0.0,0.0,0.0,0.0,5.0,12.0,1.0,12.17,5.01,2.5,1.49,0.0,0.1,0.0,0.4,0.0,-0.9,-0.5,-0.3,-169.60000000000002,0.0,0.0,169.60000000000002,0.0,21.4,29.4,29.4,30.0,300.0,300.0,31.4,35.4,29.3,28.5,30.4,4.95,2.0,4.96,0.16,0.0,0.0,1027.0,8228.0,0.0,0.0,0.0,0.0,0.0,1.0,0.0,0.0,0.0,0.0,0.0,0.4,0.0,0.4,0.0,0.0,16.0,25903.0
2026-07-30T19:00:50.547Z,220.03,220.044,0.0,7.4,0.0,0.0,0.0,0.0,0.0,0.0,0.0,0.0,1.0,0.0,0.0,0.0,9.0,4.0,0.0,0.0,0.0,0.0,0.0,0.0,0.0,0.0,6.0,12.0,1.0,12.17,5.01,2.5,1.49,0.0,0.0,0.0,0.4,0.0,-0.3,-0.5,0.8,-169.60000000000002,0.0,0.0,169.60000000000002,0.0,21.4,29.4,29.4,30.0,300.0,300.0,31.4,35.4,29.3,28.5,30.4,4.95,2.0,4.96,0.16,0.0,0.0,1027.0,8228.0,0.0,0.0,0.0,0.0,0.0,1.0,0.0,0.0,0.0,0.0,0.0,0.0,0.0,-0.8,0.0,0.0,16.0,25903.0
2026-07-30T19:00:50.559Z,220.042,220.056,0.0,7.4,0.0,0.0,0.0,0.0,0.0,0.0,0.0,0.0,1.0,0.0,0.0,0.0,9.0,4.0,0.0,0.0,0.0,0.0,0.0,0.0,0.0,0.0,1.0,12.0,1.0,12.17,5.01,2.5,1.49,0.0,0.1,0.0,0.4,0.0,-0.3,0.5,-0.9,-169.60000000000002,0.0,0.0,169.70000000000002,0.0,21.4,29.4,29.4,30.0,300.0,300.0,31.4,35.4,29.3,28.5,30.4,4.95,1.99,4.97,0.16,0.0,0.0,1027.0,8228.0,0.0,0.0,0.0,0.0,0.0,1.0,0.0,0.0,0.0,0.0,0.0,0.0,0.0,0.9,0.0,0.0001,16.0,25903.0
2026-07-30T19:00:50.571Z,220.054,220.068,0.0,7.4,0.0,0.0,0.0,0.0,0.0,0.0,0.0,0.0,1.0,0.0,0.0,0.0,9.0,4.0,0.0,0.0,0.0,0.0,0.0,0.0,0.0,0.0,2.0,12.0,1.0,12.17,5.01,2.5,1.49,0.0,0.0,0.0,0.4,0.0,0.2,0.6000000000000001,-1.4,-169.60000000000002,0.0,0.0,169.60000000000002,0.0,21.4,29.4,29.4,30.0,300.0,300.0,31.4,35.4,29.3,28.5,30.4,4.95,1.99,4.97,0.16,0.0,0.0,1027.0,8228.0,0.0,0.0,0.0,0.0,0.0,1.0,0.0,0.0,0.0,0.0,0.0,-0.4,0.0,1.4,0.0,0.0,16.0,25903.0
2026-07-30T19:00:50.583Z,220.066,220.08,0.0,7.4,0.0,0.0,0.0,0.0,0.0,0.0,0.0,0.0,1.0,0.0,0.0,0.0,9.0,4.0,0.0,0.0,0.0,0.0,0.0,0.0,0.0,0.0,3.0,12.0,1.0,12.17,5.01,2.5,1.49,0.0,0.0,0.0,0.4,0.0,0.3,0.5,0.2,-169.60000000000002,0.0,0.0,169.70000000000002,0.0,21.4,29.4,29.4,30.0,300.0,300.0,31.4,35.4,29.3,28.5,30.4,4.96,1.99,4.96,0.16,0.0,0.0,1027.0,8228.0,0.0,0.0,0.0,0.0,0.0,1.0,0.0,0.0,0.0,0.0,0.0,0.8,0.0,0.0,0.0,0.0,16.0,25903.0
2026-07-30T19:00:50.595Z,220.078,220.092,0.0,7.4,0.0,0.0,0.0,0.0,0.0,0.0,0.0,0.0,1.0,0.0,0.0,0.0,9.0,4.0,0.0,0.0,0.0,0.0,0.0,0.0,0.0,0.0,4.0,12.0,1.0,12.17,5.01,2.5,1.49,0.0,0.1,0.0,0.4,0.0,0.3,-1.1,-0.8,-169.60000000000002,0.0,0.0,169.70000000000002,0.0,21.4,29.4,29.4,30.0,300.0,300.0,31.4,35.4,29.3,28.5,30.4,4.97,1.99,4.96,0.16,0.0,0.0,1027.0,8228.0,0.0,0.0,0.0,0.0,0.0,1.0,0.0,0.0,0.0,0.0,0.0,-1.9,0.0,0.5,0.0,0.0,16.0,25903.0
2026-07-30T19:00:50.607Z,220.09,220.104,0.0,7.4,0.0,0.0,0.0,0.0,0.0,0.0,0.0,0.0,1.0,0.0,0.0,0.0,9.0,4.0,0.0,0.0,0.0,0.0,0.0,0.0,0.0,0.0,5.0,12.0,1.0,12.17,5.01,2.5,1.49,0.0,0.0,0.0,0.4,0.0,-0.2,1.2000000000000002,0.2,-169.60000000000002,0.0,0.0,169.60000000000002,0.0,21.4,29.4,29.4,30.0,300.0,300.0,31.4,35.4,29.3,28.5,30.4,4.97,1.99,4.96,0.16,0.0,0.0,1027.0,8228.0,0.0,0.0,0.0,0.0,0.0,1.0,0.0,0.0,0.0,0.0,0.0,1.5,0.0,0.0,0.0,0.0001,16.0,25903.0
2026-07-30T19:00:50.619Z,220.102,220.116,0.0,7.4,0.0,0.0,0.0,0.0,0.0,0.0,0.0,0.0,1.0,0.0,0.0,0.0,9.0,4.0,0.0,0.0,0.0,0.0,0.0,0.0,0.0,0.0,6.0,12.0,1.0,12.18,5.0200000000000005,2.51,1.49,0.0,0.0,0.0,0.4,0.0,-0.2,0.0,-0.9,-169.60000000000002,0.0,0.0,169.8,0.0,21.200000000000003,29.4,29.4,30.0,300.0,300.0,31.4,35.4,29.3,28.5,30.4,4.95,2.0,4.96,0.16,0.0,0.0,1027.0,8228.0,0.0,0.0,0.0,0.0,0.0,1.0,0.0,0.0,0.0,0.0,0.0,-0.6000000000000001,0.0,0.8,0.0,0.0001,16.0,25903.0
2026-07-30T19:00:50.631Z,220.114,220.128,0.0,7.4,0.0,0.0,0.0,0.0,0.0,0.0,0.0,0.0,1.0,0.0,0.0,0.0,9.0,4.0,0.0,0.0,0.0,0.0,0.0,0.0,0.0,0.0,1.0,12.0,1.0,12.18,5.0200000000000005,2.51,1.49,0.0,0.0,0.0,0.4,0.0,0.2,0.0,0.8,-169.60000000000002,0.0,0.0,169.60000000000002,0.0,21.200000000000003,29.4,29.4,30.0,300.0,300.0,31.4,35.4,29.3,28.5,30.4,4.95,2.0,4.96,0.16,0.0,0.0,1027.0,8228.0,0.0,0.0,0.0,0.0,0.0,1.0,0.0,0.0,0.0,0.0,0.0,0.6000000000000001,0.0,-0.7000000000000001,0.0,0.0001,16.0,25903.0
2026-07-30T19:00:50.643Z,220.126,220.14,0.0,7.4,0.0,0.0,0.0,0.0,0.0,0.0,0.0,0.0,1.0,0.0,0.0,0.0,9.0,4.0,0.0,0.0,0.0,0.0,0.0,0.0,0.0,0.0,2.0,12.0,1.0,12.18,5.0200000000000005,2.51,1.49,0.0,0.1,0.0,0.4,0.0,0.8,-0.5,0.2,-169.60000000000002,0.0,0.0,169.8,0.0,21.200000000000003,29.4,29.4,30.0,300.0,300.0,31.4,35.4,29.3,28.5,30.4,4.95,1.99,4.97,0.16,0.0,0.0,1027.0,8228.0,0.0,0.0,0.0,0.0,0.0,1.0,0.0,0.0,0.0,0.0,0.0,-0.3,0.0,-0.3,0.0,0.0001,16.0,25903.0
2026-07-30T19:00:50.655Z,220.138,220.152,0.0,7.4,0.0,0.0,0.0,0.0,0.0,0.0,0.0,0.0,1.0,0.0,0.0,0.0,9.0,4.0,0.0,0.0,0.0,0.0,0.0,0.0,0.0,0.0,3.0,12.0,1.0,12.18,5.0200000000000005,2.51,1.49,0.0,0.0,0.0,0.4,0.0,-0.8,-0.5,-0.2,-169.60000000000002,0.0,0.0,169.8,0.0,21.200000000000003,29.4,29.4,30.0,300.0,300.0,31.4,35.4,29.3,28.5,30.4,4.95,1.99,4.96,0.16,0.0,0.0,1027.0,8228.0,0.0,0.0,0.0,0.0,0.0,1.0,0.0,0.0,0.0,0.0,0.0,-0.8,0.0,0.1,0.0,0.0001,16.0,25903.0
2026-07-30T19:00:50.667Z,220.15,220.164,0.0,7.4,0.0,0.0,0.0,0.0,0.0,0.0,0.0,0.0,1.0,0.0,0.0,0.0,9.0,4.0,0.0,0.0,0.0,0.0,0.0,0.0,0.0,0.0,4.0,12.0,1.0,12.18,5.0200000000000005,2.51,1.49,0.0,0.0,0.0,0.4,0.0,1.4,0.6000000000000001,0.3,-169.60000000000002,0.0,0.0,169.8,0.0,21.200000000000003,29.4,29.4,30.0,300.0,300.0,31.4,35.4,29.3,28.5,30.4,4.96,1.99,4.96,0.16,0.0,0.0,1027.0,8228.0,0.0,0.0,0.0,0.0,0.0,1.0,0.0,0.0,0.0,0.0,0.0,0.9,0.0,-0.1,0.0,0.0001,16.0,25903.0
2026-07-30T19:00:50.679Z,220.162,220.176,0.0,7.4,0.0,0.0,0.0,0.0,0.0,0.0,0.0,0.0,1.0,0.0,0.0,0.0,9.0,4.0,0.0,0.0,0.0,0.0,0.0,0.0,0.0,0.0,5.0,12.0,1.0,12.18,5.0200000000000005,2.51,1.49,0.0,0.0,0.0,0.4,0.0,-0.3,-1.0,-1.4,-169.70000000000002,0.0,0.0,169.8,0.0,21.200000000000003,29.4,29.4,30.0,300.0,300.0,31.4,35.4,29.3,28.5,30.4,4.95,1.99,4.96,0.16,0.0,0.0,1027.0,8228.0,0.0,0.0,0.0,0.0,0.0,1.0,0.0,0.0,0.0,0.0,0.0,-2.3000000000000003,0.0,1.0,0.0,0.0001,16.0,25903.0
2026-07-30T19:00:50.691Z,220.174,220.188,0.0,7.4,0.0,0.0,0.0,0.0,0.0,0.0,0.0,0.0,1.0,0.0,0.0,0.0,9.0,4.0,0.0,0.0,0.0,0.0,0.0,0.0,0.0,0.0,6.0,12.0,1.0,12.18,5.0200000000000005,2.51,1.49,0.0,0.0,0.0,0.5,0.0,-0.8,-0.4,1.4,-169.70000000000002,0.0,0.0,169.60000000000002,0.0,21.200000000000003,29.4,29.4,30.0,300.0,300.0,31.4,35.4,29.3,28.5,30.4,4.95,1.99,4.96,0.16,0.0,0.0,1027.0,8228.0,0.0,0.0,0.0,0.0,0.0,1.0,0.0,0.0,0.0,0.0,0.0,0.5,0.0,-1.4,0.0,0.0001,16.0,25903.0
2026-07-30T19:00:50.703Z,220.186,220.2,0.0,7.4,0.0,0.0,0.0,0.0,0.0,0.0,0.0,0.0,1.0,0.0,0.0,0.0,9.0,4.0,0.0,0.0,0.0,0.0,0.0,0.0,0.0,0.0,6.0,12.0,1.0,12.18,5.0200000000000005,2.51,1.49,0.0,0.0,0.0,0.4,0.0,0.2,0.0,0.2,-169.70000000000002,0.0,0.0,169.70000000000002,0.0,21.200000000000003,29.4,29.4,30.0,300.0,300.0,31.4,35.4,29.3,28.5,30.4,4.95,1.99,4.96,0.16,0.0,0.0,1027.0,8228.0,0.0,0.0,0.0,0.0,0.0,1.0,0.0,0.0,0.0,0.0,0.0,0.3,0.0,-0.2,0.0,0.0003,16.0,25903.0
2026-07-30T19:00:50.716Z,220.199,220.212,0.0,7.4,0.0,0.0,0.0,0.0,0.0,0.0,0.0,0.0,1.0,0.0,0.0,0.0,9.0,4.0,0.0,0.0,0.0,0.0,0.0,0.0,0.0,0.0,1.0,12.0,1.0,12.17,5.0200000000000005,2.5,1.49,0.0,0.0,0.0,0.5,0.0,-0.8,0.0,-0.2,-169.70000000000002,0.0,0.0,169.8,0.0,21.3,29.4,29.4,30.0,300.0,300.0,31.4,35.4,29.3,28.5,30.4,4.95,1.99,4.96,0.16,0.0,0.0,1027.0,8228.0,0.0,0.0,0.0,0.0,0.0,1.0,0.0,0.0,0.0,0.0,0.0,-0.1,0.0,0.2,0.0,0.0001,16.0,25903.0
2026-07-30T19:00:50.727Z,220.21,220.224,0.0,7.4,0.0,0.0,0.0,0.0,0.0,0.0,0.0,0.0,1.0,0.0,0.0,0.0,9.0,4.0,0.0,0.0,0.0,0.0,0.0,0.0,0.0,0.0,2.0,12.0,1.0,12.17,5.0200000000000005,2.5,1.49,0.0,0.0,0.0,0.4,0.0,0.8,-0.5,-0.8,-169.70000000000002,0.0,0.0,169.70000000000002,0.0,21.3,29.4,29.4,30.0,300.0,300.0,31.4,35.4,29.3,28.5,30.4,4.95,1.99,4.97,0.16,0.0,0.0,1027.0,8228.0,0.0,0.0,0.0,0.0,0.0,1.0,0.0,0.0,0.0,0.0,0.0,-1.2000000000000002,0.0,0.6000000000000001,0.0,0.0001,16.0,25903.0
2026-07-30T19:00:50.739Z,220.222,220.236,0.0,7.4,0.0,0.0,0.0,0.0,0.0,0.0,0.0,0.0,1.0,0.0,0.0,0.0,9.0,4.0,0.0,0.0,0.0,0.0,0.0,0.0,0.0,0.0,3.0,12.0,1.0,12.17,5.0200000000000005,2.5,1.49,0.0,0.0,0.0,0.4,0.0,-0.9,0.0,-0.8,-169.70000000000002,0.0,0.0,169.70000000000002,0.0,21.3,29.4,29.4,30.0,300.0,300.0,31.4,35.4,29.3,28.5,30.4,4.96,2.0,4.96,0.16,0.0,0.0,1027.0,8228.0,0.0,0.0,0.0,0.0,0.0,1.0,0.0,0.0,0.0,0.0,0.0,-0.5,0.0,0.7000000000000001,0.0,0.0,16.0,25903.0
2026-07-30T19:00:50.754Z,220.237,220.248,0.0,7.4,0.0,0.0,0.0,0.0,0.0,0.0,0.0,0.0,1.0,0.0,0.0,0.0,9.0,4.0,0.0,0.0,0.0,0.0,0.0,0.0,0.0,0.0,3.0,12.0,1.0,12.17,5.0200000000000005,2.5,1.49,0.0,0.0,0.0,0.4,0.0,0.8,0.0,-0.8,-169.70000000000002,0.0,0.0,169.70000000000002,0.0,21.3,29.4,29.4,30.0,300.0,300.0,31.4,35.4,29.3,28.5,30.4,4.96,1.99,4.97,0.16,0.0,0.0,1027.0,8228.0,0.0,0.0,0.0,0.0,0.0,1.0,0.0,0.0,0.0,0.0,0.0,-0.6000000000000001,0.0,0.7000000000000001,0.0,0.0001,16.0,25903.0
2026-07-30T19:00:50.763Z,220.246,220.26,0.0,7.4,0.0,0.0,0.0,0.0,0.0,0.0,0.0,0.0,1.0,0.0,0.0,0.0,9.0,4.0,0.0,0.0,0.0,0.0,0.0,0.0,0.0,0.0,2.0,12.0,1.0,12.17,5.0200000000000005,2.5,1.49,0.0,0.0,0.0,0.5,0.0,-0.2,0.0,0.8,-169.70000000000002,0.0,0.0,169.70000000000002,0.0,21.3,29.4,29.4,30.0,300.0,300.0,31.4,35.4,29.3,28.5,30.4,4.95,1.99,4.97,0.16,0.0,0.0,1027.0,8228.0,0.0,0.0,0.0,0.0,0.0,1.0,0.0,0.0,0.0,0.0,0.0,0.7000000000000001,0.0,-0.7000000000000001,0.0,0.0001,16.0,25903.0
2026-07-30T19:00:50.775Z,220.258,220.272,0.0,7.4,0.0,0.0,0.0,0.0,0.0,0.0,0.0,0.0,1.0,0.0,0.0,0.0,9.0,4.0,0.0,0.0,0.0,0.0,0.0,0.0,0.0,0.0,3.0,12.0,1.0,12.17,5.0200000000000005,2.5,1.49,0.0,0.0,0.0,0.4,0.0,0.3,-0.4,-0.7000000000000001,-169.70000000000002,0.0,0.0,169.8,0.0,21.3,29.4,29.4,30.0,300.0,300.0,31.4,35.4,29.3,28.5,30.4,4.95,1.99,4.96,0.16,0.0,0.0,1027.0,8228.0,0.0,0.0,0.0,0.0,0.0,1.0,0.0,0.0,0.0,0.0,0.0,-1.1,0.0,0.5,0.0,0.0001,16.0,25903.0
2026-07-30T19:00:50.787Z,220.27,220.284,0.0,7.4,0.0,0.0,0.0,0.0,0.0,0.0,0.0,0.0,1.0,0.0,0.0,0.0,9.0,4.0,0.0,0.0,0.0,0.0,0.0,0.0,0.0,0.0,4.0,12.0,1.0,12.17,5.0200000000000005,2.5,1.49,0.0,0.0,0.0,0.4,0.0,-0.8,-1.0,0.4,-169.70000000000002,0.0,0.0,169.70000000000002,0.0,21.3,29.4,29.4,30.0,300.0,300.0,31.4,35.4,29.3,28.5,30.4,4.95,2.0,4.96,0.16,0.0,0.0,1027.0,8228.0,0.0,0.0,0.0,0.0,0.0,1.0,0.0,0.0,0.0,0.0,0.0,-0.8,0.0,-0.5,0.0,0.0001,16.0,25903.0
2026-07-30T19:00:50.799Z,220.282,220.296,0.0,7.4,0.0,0.0,0.0,0.0,0.0,0.0,0.0,0.0,1.0,0.0,0.0,0.0,9.0,4.0,0.0,0.0,0.0,0.0,0.0,0.0,0.0,0.0,5.0,12.0,1.0,12.17,5.0200000000000005,2.5,1.49,0.0,0.0,0.0,0.4,0.0,-0.8,0.1,-0.7000000000000001,-169.70000000000002,0.0,0.0,169.70000000000002,0.0,21.3,29.4,29.4,30.0,300.0,300.0,31.4,35.4,29.3,28.5,30.4,4.95,1.99,4.97,0.16,0.0,0.0,1027.0,8228.0,0.0,0.0,0.0,0.0,0.0,1.0,0.0,0.0,0.0,0.0,0.0,-0.4,0.0,0.6000000000000001,0.0,0.0001,16.0,25903.0
2026-07-30T19:00:50.811Z,220.294,220.308,0.0,7.4,0.0,0.0,0.0,0.0,0.0,0.0,0.0,0.0,1.0,0.0,0.0,0.0,9.0,4.0,0.0,0.0,0.0,0.0,0.0,0.0,0.0,0.0,1.0,12.0,1.0,12.17,5.0200000000000005,2.5,1.49,0.0,0.0,0.0,0.5,0.0,-0.2,0.7000000000000001,0.4,-169.70000000000002,0.0,0.0,169.70000000000002,0.0,21.3,29.4,29.4,30.0,300.0,300.0,31.4,35.4,29.3,28.5,30.4,4.95,1.99,4.97,0.16,0.0,0.0,1027.0,8228.0,0.0,0.0,0.0,0.0,0.0,1.0,0.0,0.0,0.0,0.0,0.0,1.1,0.0,-0.2,0.0,0.0001,16.0,25903.0
2026-07-30T19:00:50.823Z,220.306,220.32,0.0,7.4,0.0,0.0,0.0,0.0,0.0,0.0,0.0,0.0,1.0,0.0,0.0,0.0,9.0,4.0,0.0,0.0,0.0,0.0,0.0,0.0,0.0,0.0,2.0,12.0,1.0,12.18,5.01,2.51,1.49,0.0,0.0,0.0,0.5,0.0,0.4,-0.4,-0.1,-169.70000000000002,0.0,0.0,169.70000000000002,0.0,21.700000000000003,29.4,29.4,30.0,300.0,300.0,31.5,35.4,29.3,28.5,30.4,4.96,1.99,4.96,0.16,0.0,0.0,1027.0,8228.0,0.0,0.0,0.0,0.0,0.0,1.0,0.0,0.0,0.0,0.0,0.0,-0.5,0.0,0.0,0.0,0.0001,16.0,25903.0
2026-07-30T19:00:50.835Z,220.318,220.332,0.0,7.4,0.0,0.0,0.0,0.0,0.0,0.0,0.0,0.0,1.0,0.0,0.0,0.0,9.0,4.0,0.0,0.0,0.0,0.0,0.0,0.0,0.0,0.0,3.0,12.0,1.0,12.18,5.01,2.51,1.49,0.0,0.1,0.0,0.4,0.0,-0.1,-1.0,-1.2000000000000002,-169.70000000000002,0.0,0.0,169.70000000000002,0.0,21.700000000000003,29.4,29.4,30.0,300.0,300.0,31.5,35.4,29.3,28.5,30.4,4.95,1.99,4.97,0.16,0.0,0.0,1027.0,8228.0,0.0,0.0,0.0,0.0,0.0,1.0,0.0,0.0,0.0,0.0,0.0,-2.1,0.0,0.9,0.0,0.0001,16.0,25903.0
2026-07-30T19:00:50.847Z,220.33,220.344,0.0,7.4,0.0,0.0,0.0,0.0,0.0,0.0,0.0,0.0,1.0,0.0,0.0,0.0,9.0,4.0,0.0,0.0,0.0,0.0,0.0,0.0,0.0,0.0,4.0,12.0,1.0,12.18,5.01,2.51,1.49,0.0,0.0,0.0,0.4,0.0,-0.1,0.7000000000000001,-0.1,-169.70000000000002,0.0,0.0,169.60000000000002,0.0,21.700000000000003,29.4,29.4,30.0,300.0,300.0,31.5,35.4,29.3,28.5,30.4,4.95,1.99,4.97,0.16,0.0,0.0,1027.0,8228.0,0.0,0.0,0.0,0.0,0.0,1.0,0.0,0.0,0.0,0.0,0.0,0.7000000000000001,0.0,0.2,0.0,0.0002,16.0,25903.0
2026-07-30T19:00:50.859Z,220.342,220.356,0.0,7.4,0.0,0.0,0.0,0.0,0.0,0.0,0.0,0.0,1.0,0.0,0.0,0.0,9.0,4.0,0.0,0.0,0.0,0.0,0.0,0.0,0.0,0.0,5.0,12.0,1.0,12.18,5.01,2.51,1.49,0.0,0.0,0.0,0.4,0.0,-0.7000000000000001,1.8,-0.1,-169.70000000000002,0.0,0.0,169.8,0.0,21.700000000000003,29.4,29.4,30.0,300.0,300.0,31.5,35.4,29.3,28.5,30.4,4.96,2.0,4.97,0.16,0.0,0.0,1027.0,8228.0,0.0,0.0,0.0,0.0,0.0,1.0,0.0,0.0,0.0,0.0,0.0,2.0,0.0,0.5,0.0,0.0001,16.0,25903.0
2026-07-30T19:00:50.871Z,220.354,220.368,0.0,7.4,0.0,0.0,0.0,0.0,0.0,0.0,0.0,0.0,1.0,0.0,0.0,0.0,9.0,4.0,0.0,0.0,0.0,0.0,0.0,0.0,0.0,0.0,6.0,12.0,1.0,12.18,5.01,2.51,1.49,0.0,0.0,0.0,0.4,0.0,0.4,0.1,1.0,-169.70000000000002,0.0,0.0,169.8,0.0,21.700000000000003,29.4,29.4,30.0,300.0,300.0,31.5,35.4,29.3,28.5,30.4,4.95,2.0,4.96,0.16,0.0,0.0,1027.0,8228.0,0.0,0.0,0.0,0.0,0.0,1.0,0.0,0.0,0.0,0.0,0.0,0.9,0.0,-0.9,0.0,0.0001,16.0,25903.0
2026-07-30T19:00:50.883Z,220.366,220.38,0.0,7.4,0.0,0.0,0.0,0.0,0.0,0.0,0.0,0.0,1.0,0.0,0.0,0.0,9.0,4.0,0.0,0.0,0.0,0.0,0.0,0.0,0.0,0.0,6.0,12.0,1.0,12.18,5.01,2.51,1.49,0.0,0.0,0.0,0.5,0.0,-0.2,0.6000000000000001,0.5,-169.70000000000002,0.0,0.0,169.8,0.0,21.700000000000003,29.4,29.4,30.0,300.0,300.0,31.5,35.4,29.3,28.5,30.4,4.96,1.99,4.97,0.16,0.0,0.0,1027.0,8228.0,0.0,0.0,0.0,0.0,0.0,1.0,0.0,0.0,0.0,0.0,0.0,1.1,0.0,-0.3,0.0,0.0001,16.0,25903.0
2026-07-30T19:00:50.895Z,220.378,220.392,0.0,7.4,0.0,0.0,0.0,0.0,0.0,0.0,0.0,0.0,1.0,0.0,0.0,0.0,9.0,4.0,0.0,0.0,0.0,0.0,0.0,0.0,0.0,0.0,1.0,12.0,1.0,12.18,5.01,2.51,1.49,0.0,0.0,0.0,0.5,0.0,0.3,0.0,-0.6000000000000001,-169.70000000000002,0.0,0.0,169.70000000000002,0.0,21.700000000000003,29.4,29.4,30.0,300.0,300.0,31.5,35.4,29.3,28.5,30.4,4.96,2.0,4.96,0.16,0.0,0.0,1027.0,8228.0,0.0,0.0,0.0,0.0,0.0,1.0,0.0,0.0,0.0,0.0,0.0,-0.4,0.0,0.6000000000000001,0.0,0.0,16.0,25903.0
2026-07-30T19:00:50.907Z,220.39,220.404,0.0,7.4,0.0,0.0,0.0,0.0,0.0,0.0,0.0,0.0,1.0,0.0,0.0,0.0,9.0,4.0,0.0,0.0,0.0,0.0,0.0,0.0,0.0,0.0,3.0,12.0,1.0,12.18,5.01,2.51,1.49,0.0,0.0,0.0,0.4,0.0,0.9,2.4000000000000004,1.0,-169.70000000000002,0.0,0.0,169.60000000000002,0.0,21.700000000000003,29.4,29.4,30.0,300.0,300.0,31.5,35.4,29.3,28.5,30.4,4.96,1.99,4.96,0.16,0.0,0.0,1027.0,8228.0,0.0,0.0,0.0,0.0,0.0,1.0,0.0,0.0,0.0,0.0,0.0,3.6,0.0,-0.4,0.0,0.0001,16.0,25903.0
2026-07-30T19:00:50.920Z,220.403,220.416,0.0,7.4,0.0,0.0,0.0,0.0,0.0,0.0,0.0,0.0,1.0,0.0,0.0,0.0,9.0,4.0,0.0,0.0,0.0,0.0,0.0,0.0,0.0,0.0,4.0,12.0,1.0,12.15,5.0200000000000005,2.51,1.49,0.0,0.1,0.0,0.4,0.0,-0.1,-1.6,-0.6000000000000001,-169.70000000000002,0.0,0.0,169.60000000000002,0.0,21.700000000000003,29.4,29.4,30.0,300.0,300.0,31.5,35.300000000000004,29.3,28.5,30.4,4.95,1.99,4.97,0.16,0.0,0.0,1027.0,8228.0,0.0,0.0,0.0,0.0,0.0,1.0,0.0,0.0,0.0,0.0,0.0,-2.3000000000000003,0.0,0.2,0.0,0.0002,16.0,25903.0
2026-07-30T19:00:50.931Z,220.414,220.428,0.0,7.4,0.0,0.0,0.0,0.0,0.0,0.0,0.0,0.0,1.0,0.0,0.0,0.0,9.0,4.0,0.0,0.0,0.0,0.0,0.0,0.0,0.0,0.0,5.0,12.0,1.0,12.15,5.0200000000000005,2.51,1.49,0.0,0.0,0.0,0.5,0.0,0.4,0.7000000000000001,0.5,-169.70000000000002,0.0,0.0,169.8,0.0,21.700000000000003,29.4,29.4,30.0,300.0,300.0,31.5,35.300000000000004,29.3,28.5,30.4,4.95,1.98,4.96,0.16,0.0,0.0,1027.0,8228.0,0.0,0.0,0.0,0.0,0.0,1.0,0.0,0.0,0.0,0.0,0.0,1.2000000000000002,0.0,-0.3,0.0,0.0001,16.0,25903.0
2026-07-30T19:00:50.943Z,220.426,220.44,0.0,7.4,0.0,0.0,0.0,0.0,0.0,0.0,0.0,0.0,1.0,0.0,0.0,0.0,9.0,4.0,0.0,0.0,0.0,0.0,0.0,0.0,0.0,0.0,6.0,12.0,1.0,12.15,5.0200000000000005,2.51,1.49,0.0,0.0,0.0,0.5,0.0,-0.1,-0.4,0.0,-169.70000000000002,0.0,0.0,169.70000000000002,0.0,21.700000000000003,29.4,29.4,30.0,300.0,300.0,31.5,35.300000000000004,29.3,28.5,30.4,4.95,2.0,4.95,0.16,0.0,0.0,1027.0,8228.0,0.0,0.0,0.0,0.0,0.0,1.0,0.0,0.0,0.0,0.0,0.0,-0.6000000000000001,0.0,0.0,0.0,0.0003,16.0,25903.0
2026-07-30T19:00:50.955Z,220.438,220.452,0.0,7.4,0.0,0.0,0.0,0.0,0.0,0.0,0.0,0.0,1.0,0.0,0.0,0.0,9.0,4.0,0.0,0.0,0.0,0.0,0.0,0.0,0.0,0.0,1.0,12.0,1.0,12.15,5.0200000000000005,2.51,1.49,0.0,0.1,0.0,0.4,0.0,-0.1,0.0,-0.1,-169.70000000000002,0.0,0.0,169.8,0.0,21.700000000000003,29.4,29.4,30.0,300.0,300.0,31.5,35.300000000000004,29.3,28.5,30.4,4.96,1.99,4.95,0.16,0.0,0.0,1027.0,8228.0,0.0,0.0,0.0,0.0,0.0,1.0,0.0,0.0,0.0,0.0,0.0,0.0,0.0,0.1,0.0,0.0001,16.0,25903.0
2026-07-30T19:00:50.967Z,220.45,220.464,0.0,7.4,0.0,0.0,0.0,0.0,0.0,0.0,0.0,0.0,1.0,0.0,0.0,0.0,9.0,4.0,0.0,0.0,0.0,0.0,0.0,0.0,0.0,0.0,2.0,12.0,1.0,12.15,5.0200000000000005,2.51,1.49,0.0,0.0,0.0,0.4,0.0,-0.7000000000000001,-0.4,-1.3,-169.70000000000002,0.0,0.0,169.8,0.0,21.700000000000003,29.4,29.4,30.0,300.0,300.0,31.5,35.300000000000004,29.3,28.5,30.4,4.95,1.99,4.97,0.16,0.0,0.0,1027.0,8228.0,0.0,0.0,0.0,0.0,0.0,1.0,0.0,0.0,0.0,0.0,0.0,-1.5,0.0,1.0,0.0,0.0001,16.0,25903.0
2026-07-30T19:00:50.979Z,220.462,220.476,0.0,7.4,0.0,0.0,0.0,0.0,0.0,0.0,0.0,0.0,1.0,0.0,0.0,0.0,9.0,4.0,0.0,0.0,0.0,0.0,0.0,0.0,0.0,0.0,3.0,12.0,1.0,12.15,5.0200000000000005,2.51,1.49,0.0,0.0,0.0,0.5,0.0,-0.1,-0.5,-0.1,-169.70000000000002,0.0,0.0,169.70000000000002,0.0,21.700000000000003,29.4,29.4,30.0,300.0,300.0,31.5,35.300000000000004,29.3,28.5,30.4,4.96,1.99,4.96,0.16,0.0,0.0,1027.0,8228.0,0.0,0.0,0.0,0.0,0.0,1.0,0.0,0.0,0.0,0.0,0.0,-0.6000000000000001,0.0,0.0,0.0,0.0001,16.0,25903.0
2026-07-30T19:00:50.991Z,220.474,220.488,0.0,7.4,0.0,0.0,0.0,0.0,0.0,0.0,0.0,0.0,1.0,0.0,0.0,0.0,9.0,4.0,0.0,0.0,0.0,0.0,0.0,0.0,0.0,0.0,3.0,12.0,1.0,12.15,5.0200000000000005,2.51,1.49,0.0,0.0,0.0,0.5,0.0,0.4,0.0,-0.1,-169.70000000000002,0.0,0.0,169.70000000000002,0.0,21.700000000000003,29.4,29.4,30.0,300.0,300.0,31.5,35.300000000000004,29.3,28.5,30.4,4.96,1.99,4.97,0.16,0.0,0.0,1027.0,8228.0,0.0,0.0,0.0,0.0,0.0,1.0,0.0,0.0,0.0,0.0,0.0,0.0,0.0,0.1,0.0,0.0001,16.0,25903.0
2026-07-30T19:00:51.003Z,220.486,220.5,0.0,7.4,0.0,0.0,0.0,0.0,0.0,0.0,0.0,0.0,1.0,0.0,0.0,0.0,9.0,4.0,0.0,0.0,0.0,0.0,0.0,0.0,0.0,0.0,5.0,12.0,1.0,12.15,5.0200000000000005,2.51,1.49,0.0,0.0,0.0,0.4,0.0,-0.1,0.6000000000000001,-0.1,-169.70000000000002,0.0,0.0,169.60000000000002,0.0,21.700000000000003,29.4,29.4,30.0,300.0,300.0,31.5,35.300000000000004,29.3,28.5,30.4,4.95,1.99,4.97,0.16,0.0,0.0,1027.0,8228.0,0.0,0.0,0.0,0.0,0.0,1.0,0.0,0.0,0.0,0.0,0.0,0.6000000000000001,0.0,0.2,0.0,0.0001,16.0,25903.0
2026-07-30T19:00:51.015Z,220.498,220.512,0.0,7.4,0.0,0.0,0.0,0.0,0.0,0.0,0.0,0.0,1.0,0.0,0.0,0.0,9.0,4.0,0.0,0.0,0.0,0.0,0.0,0.0,0.0,0.0,5.0,12.0,1.0,12.15,5.0200000000000005,2.51,1.49,0.0,0.0,0.0,0.4,0.0,0.3,0.6000000000000001,-0.2,-169.70000000000002,0.0,0.0,169.70000000000002,0.0,21.700000000000003,29.4,29.4,30.0,300.0,300.0,31.5,35.300000000000004,29.3,28.5,30.4,4.96,1.99,4.96,0.16,0.0,0.0,1027.0,8228.0,0.0,0.0,0.0,0.0,0.0,1.0,0.0,0.0,0.0,0.0,0.0,0.1,0.0,-0.9,0.0,0.0001,16.0,25903.0
2026-07-30T19:00:51.027Z,220.51,220.524,0.0,7.4,0.0,0.0,0.0,0.0,0.0,0.0,0.0,0.0,1.0,0.0,0.0,0.0,9.0,4.0,0.0,0.0,0.0,0.0,0.0,0.0,0.0,0.0,1.0,12.0,1.0,12.17,5.01,2.5,1.49,0.0,0.0,0.0,0.4,0.0,-0.2,-0.4,-0.1,-169.70000000000002,0.0,0.0,169.70000000000002,0.0,21.8,29.4,29.4,30.0,300.0,300.0,31.4,35.4,29.3,28.5,30.4,4.96,2.0,4.96,0.16,0.0,0.0,1027.0,8228.0,0.0,0.0,0.0,0.0,0.0,1.0,0.0,0.0,0.0,0.0,0.0,0.0,0.0,0.1,0.0,0.0,16.0,25903.0
2026-07-30T19:00:51.039Z,220.522,220.536,0.0,7.4,0.0,0.0,0.0,0.0,0.0,0.0,0.0,0.0,1.0,0.0,0.0,0.0,9.0,4.0,0.0,0.0,0.0,0.0,0.0,0.0,0.0,0.0,2.0,12.0,1.0,12.17,5.01,2.5,1.49,0.0,0.0,0.0,0.4,0.0,-0.2,-0.5,-0.7000000000000001,-169.70000000000002,0.0,0.0,169.60000000000002,0.0,21.8,29.4,29.4,30.0,300.0,300.0,31.4,35.4,29.3,28.5,30.4,4.96,1.99,4.97,0.16,0.0,0.0,1027.0,8228.0,0.0,0.0,0.0,0.0,0.0,1.0,0.0,0.0,0.0,0.0,0.0,2.1,0.0,-0.5,0.0,0.0001,16.0,25903.0
2026-07-30T19:00:51.051Z,220.534,220.548,0.0,7.4,0.0,0.0,0.0,0.0,0.0,0.0,0.0,0.0,1.0,0.0,0.0,0.0,9.0,4.0,0.0,0.0,0.0,0.0,0.0,0.0,0.0,0.0,3.0,12.0,1.0,12.17,5.01,2.5,1.49,0.0,0.0,0.0,0.4,0.0,0.8,0.5,0.9,-169.70000000000002,0.0,0.0,169.60000000000002,0.0,21.8,29.4,29.4,30.0,300.0,300.0,31.4,35.4,29.3,28.5,30.4,4.95,1.99,4.97,0.16,0.0,0.0,1027.0,8228.0,0.0,0.0,0.0,0.0,0.0,1.0,0.0,0.0,0.0,0.0,0.0,2.0,0.0,-0.5,0.0,0.0002,16.0,25903.0
2026-07-30T19:00:51.065Z,220.548,220.56,0.0,7.4,0.0,0.0,0.0,0.0,0.0,0.0,0.0,0.0,1.0,0.0,0.0,0.0,9.0,4.0,0.0,0.0,0.0,0.0,0.0,0.0,0.0,0.0,3.0,12.0,1.0,12.17,5.01,2.5,1.49,0.0,0.0,0.0,0.4,0.0,-0.8,0.0,-0.7000000000000001,-169.70000000000002,0.0,0.0,169.70000000000002,0.0,21.8,29.4,29.4,30.0,300.0,300.0,31.4,35.4,29.3,28.5,30.4,4.96,1.99,4.96,0.16,0.0,0.0,1027.0,8228.0,0.0,0.0,0.0,0.0,0.0,1.0,0.0,0.0,0.0,0.0,0.0,-0.4,0.0,0.6000000000000001,0.0,0.0,16.0,25903.0
2026-07-30T19:00:51.075Z,220.558,220.572,0.0,7.4,0.0,0.0,0.0,0.0,0.0,0.0,0.0,0.0,1.0,0.0,0.0,0.0,9.0,4.0,0.0,0.0,0.0,0.0,0.0,0.0,0.0,0.0,1.0,12.0,1.0,12.17,5.01,2.5,1.49,0.0,0.0,0.0,0.4,0.0,-0.3,0.0,-1.3,-169.70000000000002,0.0,0.0,169.70000000000002,0.0,21.8,29.4,29.4,30.0,300.0,300.0,31.4,35.4,29.3,28.5,30.4,4.95,1.99,4.97,0.16,0.0,0.0,1027.0,8228.0,0.0,0.0,0.0,0.0,0.0,1.0,0.0,0.0,0.0,0.0,0.0,-0.9,0.0,1.1,0.0,0.0001,16.0,25903.0
2026-07-30T19:00:51.087Z,220.57,220.584,0.0,7.4,0.0,0.0,0.0,0.0,0.0,0.0,0.0,0.0,1.0,0.0,0.0,0.0,9.0,4.0,0.0,0.0,0.0,0.0,0.0,0.0,0.0,0.0,2.0,12.0,1.0,12.17,5.01,2.5,1.49,0.0,0.0,0.0,0.4,0.0,0.3,0.5,0.9,-169.60000000000002,0.0,0.0,169.60000000000002,0.0,21.8,29.4,29.4,30.0,300.0,300.0,31.4,35.4,29.3,28.5,30.4,4.95,1.99,4.97,0.16,0.0,0.0,1027.0,8228.0,0.0,0.0,0.0,0.0,0.0,1.0,0.0,0.0,0.0,0.0,0.0,1.4,0.0,-0.7000000000000001,0.0,0.0,16.0,25903.0
2026-07-30T19:00:51.099Z,220.582,220.596,0.0,7.4,0.0,0.0,0.0,0.0,0.0,0.0,0.0,0.0,1.0,0.0,0.0,0.0,9.0,4.0,0.0,0.0,0.0,0.0,0.0,0.0,0.0,0.0,4.0,12.0,1.0,12.17,5.01,2.5,1.49,0.0,0.0,0.0,0.4,0.0,0.8,1.7000000000000002,2.7,-169.60000000000002,0.0,0.0,169.60000000000002,0.0,21.8,29.4,29.4,30.0,300.0,300.0,31.4,35.4,29.3,28.5,30.4,4.95,2.0,4.97,0.16,0.0,0.0,1027.0,8228.0,0.0,0.0,0.0,0.0,0.0,1.0,0.0,0.0,0.0,0.0,0.0,4.1000000000000005,0.0,-2.0,0.0,0.0,16.0,25903.0
2026-07-30T19:00:51.111Z,220.594,220.608,0.0,7.4,0.0,0.0,0.0,0.0,0.0,0.0,0.0,0.0,1.0,0.0,0.0,0.0,9.0,4.0,0.0,0.0,0.0,0.0,0.0,0.0,0.0,0.0,5.0,12.0,1.0,12.17,5.01,2.5,1.49,0.0,0.0,0.0,0.4,0.0,-0.2,0.6000000000000001,-0.7000000000000001,-169.60000000000002,0.0,0.0,169.70000000000002,0.0,21.8,29.4,29.4,30.0,300.0,300.0,31.4,35.4,29.3,28.5,30.4,4.95,2.0,4.96,0.16,0.0,0.0,1027.0,8228.0,0.0,0.0,0.0,0.0,0.0,1.0,0.0,0.0,0.0,0.0,0.0,0.1,0.0,0.7000000000000001,0.0,0.0,16.0,25903.0
2026-07-30T19:00:51.124Z,220.607,220.62,0.0,7.4,0.0,0.0,0.0,0.0,0.0,0.0,0.0,0.0,1.0,0.0,0.0,0.0,9.0,4.0,0.0,0.0,0.0,0.0,0.0,0.0,0.0,0.0,6.0,12.0,1.0,12.17,5.01,2.51,1.49,0.0,0.0,0.0,0.4,0.0,-0.2,-0.4,-0.7000000000000001,-169.60000000000002,0.0,0.0,169.8,0.0,21.3,29.4,29.4,30.0,300.0,300.0,31.200000000000003,35.4,29.3,28.5,30.4,4.95,1.99,4.97,0.16,0.0,0.0,1027.0,8228.0,0.0,0.0,0.0,0.0,0.0,1.0,0.0,0.0,0.0,0.0,0.0,-1.0,0.0,0.5,0.0,0.0001,16.0,25903.0
2026-07-30T19:00:51.135Z,220.618,220.632,0.0,7.4,0.0,0.0,0.0,0.0,0.0,0.0,0.0,0.0,1.0,0.0,0.0,0.0,9.0,4.0,0.0,0.0,0.0,0.0,0.0,0.0,0.0,0.0,1.0,12.0,1.0,12.17,5.01,2.51,1.49,0.0,0.1,0.0,0.4,0.0,0.3,0.6000000000000001,-0.1,-169.60000000000002,0.0,0.0,169.8,0.0,21.3,29.4,29.4,30.0,300.0,300.0,31.200000000000003,35.4,29.3,28.5,30.4,4.95,1.99,4.96,0.16,0.0,0.0,1027.0,8228.0,0.0,0.0,0.0,0.0,0.0,1.0,0.0,0.0,0.0,0.0,0.0,0.6000000000000001,0.0,0.3,0.0,0.0001,16.0,25903.0
2026-07-30T19:00:51.147Z,220.63,220.644,0.0,7.4,0.0,0.0,0.0,0.0,0.0,0.0,0.0,0.0,1.0,0.0,0.0,0.0,9.0,4.0,0.0,0.0,0.0,0.0,0.0,0.0,0.0,0.0,2.0,12.0,1.0,12.17,5.01,2.51,1.49,-0.1,0.0,0.0,0.4,0.0,-0.2,0.0,-0.2,-169.60000000000002,0.0,0.0,169.70000000000002,0.0,21.3,29.4,29.4,30.0,300.0,300.0,31.200000000000003,35.4,29.3,28.5,30.4,4.96,1.99,4.96,0.16,0.0,0.0,1027.0,8228.0,0.0,0.0,0.0,0.0,0.0,1.0,0.0,0.0,0.0,0.0,0.0,0.0,0.0,0.1,0.0,0.0001,16.0,25903.0
2026-07-30T19:00:51.159Z,220.642,220.656,0.0,7.4,0.0,0.0,0.0,0.0,0.0,0.0,0.0,0.0,1.0,0.0,0.0,0.0,9.0,4.0,0.0,0.0,0.0,0.0,0.0,0.0,0.0,0.0,3.0,12.0,1.0,12.17,5.01,2.51,1.49,0.0,0.0,0.0,0.4,0.0,0.3,0.0,1.5,-169.60000000000002,0.0,0.0,169.8,0.0,21.3,29.4,29.4,30.0,300.0,300.0,31.200000000000003,35.4,29.3,28.5,30.4,4.95,1.99,4.96,0.16,0.0,0.0,1027.0,8228.0,0.0,0.0,0.0,0.0,0.0,1.0,0.0,0.0,0.0,0.0,0.0,1.2000000000000002,0.0,-1.3,0.0,0.0001,16.0,25903.0
2026-07-30T19:00:51.171Z,220.654,220.668,0.0,7.4,0.0,0.0,0.0,0.0,0.0,0.0,0.0,0.0,1.0,0.0,0.0,0.0,9.0,4.0,0.0,0.0,0.0,0.0,0.0,0.0,0.0,0.0,5.0,12.0,1.0,12.17,5.01,2.51,1.49,-0.1,0.0,0.0,0.4,0.0,-0.2,-1.1,-0.8,-169.70000000000002,0.0,0.0,169.8,0.0,21.3,29.4,29.4,30.0,300.0,300.0,31.200000000000003,35.4,29.3,28.5,30.4,4.96,1.99,4.96,0.16,0.0,0.0,1027.0,8228.0,0.0,0.0,0.0,0.0,0.0,1.0,0.0,0.0,0.0,0.0,0.0,-1.8,0.0,0.4,0.0,0.0002,16.0,25903.0
2026-07-30T19:00:51.183Z,220.666,220.68,0.0,7.4,0.0,0.0,0.0,0.0,0.0,0.0,0.0,0.0,1.0,0.0,0.0,0.0,9.0,4.0,0.0,0.0,0.0,0.0,0.0,0.0,0.0,0.0,6.0,12.0,1.0,12.17,5.01,2.51,1.49,0.0,0.0,0.0,0.4,0.0,0.9,0.0,-0.1,-169.70000000000002,0.0,0.0,169.70000000000002,0.0,21.3,29.4,29.4,30.0,300.0,300.0,31.200000000000003,35.4,29.3,28.5,30.4,4.96,2.0,4.97,0.16,0.0,0.0,1027.0,8228.0,0.0,0.0,0.0,0.0,0.0,1.0,0.0,0.0,0.0,0.0,0.0,0.0,0.0,0.1,0.0,0.0002,16.0,25903.0
2026-07-30T19:00:51.195Z,220.678,220.692,0.0,7.4,0.0,0.0,0.0,0.0,0.0,0.0,0.0,0.0,1.0,0.0,0.0,0.0,9.0,4.0,0.0,0.0,0.0,0.0,0.0,0.0,0.0,0.0,2.0,12.0,1.0,12.17,5.01,2.51,1.49,0.0,0.0,0.0,0.4,0.0,0.3,0.0,-0.1,-169.70000000000002,0.0,0.0,169.70000000000002,0.0,21.3,29.4,29.4,30.0,300.0,300.0,31.200000000000003,35.4,29.3,28.5,30.4,4.95,1.99,4.97,0.16,0.0,0.0,1027.0,8228.0,0.0,0.0,0.0,0.0,0.0,1.0,0.0,0.0,0.0,0.0,0.0,-0.1,0.0,0.1,0.0,0.0,16.0,25903.0
2026-07-30T19:00:51.207Z,220.69,220.704,0.0,7.4,0.0,0.0,0.0,0.0,0.0,0.0,0.0,0.0,1.0,0.0,0.0,0.0,9.0,4.0,0.0,0.0,0.0,0.0,0.0,0.0,0.0,0.0,3.0,12.0,1.0,12.17,5.01,2.51,1.49,0.0,0.0,0.0,0.4,0.0,-0.7000000000000001,-0.5,1.0,-169.70000000000002,0.0,0.0,169.8,0.0,21.3,29.4,29.4,30.0,300.0,300.0,31.200000000000003,35.4,29.3,28.5,30.4,4.96,1.99,4.97,0.16,0.0,0.0,1027.0,8228.0,0.0,0.0,0.0,0.0,0.0,1.0,0.0,0.0,0.0,0.0,0.0,0.1,0.0,-1.0,0.0,0.0001,16.0,25903.0
2026-07-30T19:00:51.219Z,220.702,220.716,0.0,7.4,0.0,0.0,0.0,0.0,0.0,0.0,0.0,0.0,1.0,0.0,0.0,0.0,9.0,4.0,0.0,0.0,0.0,0.0,0.0,0.0,0.0,0.0,4.0,12.0,1.0,12.17,5.01,2.51,1.49,0.0,0.0,0.0,0.4,0.0,-0.2,-0.5,0.5,-169.70000000000002,0.0,0.0,169.8,0.0,21.3,29.4,29.4,30.0,300.0,300.0,31.200000000000003,35.4,29.3,28.5,30.4,4.95,1.99,4.96,0.16,0.0,0.0,1027.0,8228.0,0.0,0.0,0.0,0.0,0.0,1.0,0.0,0.0,0.0,0.0,0.0,-0.2,0.0,-0.5,0.0,0.0,16.0,25903.0
2026-07-30T19:00:51.231Z,220.714,220.728,0.0,7.4,0.0,0.0,0.0,0.0,0.0,0.0,0.0,0.0,1.0,0.0,0.0,0.0,9.0,4.0,0.0,0.0,0.0,0.0,0.0,0.0,0.0,0.0,6.0,12.0,1.0,12.13,5.01,2.5,1.49,0.0,0.1,0.0,0.4,0.0,-0.2,0.6000000000000001,-1.2000000000000002,-169.70000000000002,0.0,0.0,169.70000000000002,0.0,21.4,29.4,29.4,30.0,300.0,300.0,31.200000000000003,35.4,29.3,28.5,30.4,4.95,1.99,4.97,0.16,0.0,0.0,1027.0,8228.0,0.0,0.0,0.0,0.0,0.0,1.0,0.0,0.0,0.0,0.0,0.0,-0.2,0.0,1.2000000000000002,0.0,0.0001,16.0,25903.0
2026-07-30T19:00:51.243Z,220.726,220.74,0.0,7.4,0.0,0.0,0.0,0.0,0.0,0.0,0.0,0.0,1.0,0.0,0.0,0.0,9.0,4.0,0.0,0.0,0.0,0.0,0.0,0.0,0.0,0.0,1.0,12.0,1.0,12.13,5.01,2.5,1.49,0.0,0.0,0.0,0.4,0.0,-1.4,-0.5,-1.2000000000000002,-169.70000000000002,0.0,0.0,169.70000000000002,0.0,21.4,29.4,29.4,30.0,300.0,300.0,31.200000000000003,35.4,29.3,28.5,30.4,4.95,1.99,4.97,0.16,0.0,0.0,1027.0,8228.0,0.0,0.0,0.0,0.0,0.0,1.0,0.0,0.0,0.0,0.0,0.0,-1.5,0.0,1.0,0.0,0.0001,16.0,25903.0
2026-07-30T19:00:51.255Z,220.738,220.752,0.0,7.4,0.0,0.0,0.0,0.0,0.0,0.0,0.0,0.0,1.0,0.0,0.0,0.0,9.0,4.0,0.0,0.0,0.0,0.0,0.0,0.0,0.0,0.0,2.0,12.0,1.0,12.13,5.01,2.5,1.49,0.0,0.1,0.0,0.4,0.0,-0.2,0.6000000000000001,-0.1,-169.70000000000002,0.0,0.0,169.8,0.0,21.4,29.4,29.4,30.0,300.0,300.0,31.200000000000003,35.4,29.3,28.5,30.4,4.96,1.99,4.96,0.16,0.0,0.0,1027.0,8228.0,0.0,0.0,0.0,0.0,0.0,1.0,0.0,0.0,0.0,0.0,0.0,0.6000000000000001,0.0,0.2,0.0,0.0001,16.0,25903.0
2026-07-30T19:00:51.267Z,220.75,220.764,0.0,7.4,0.0,0.0,0.0,0.0,0.0,0.0,0.0,0.0,1.0,0.0,0.0,0.0,9.0,4.0,0.0,0.0,0.0,0.0,0.0,0.0,0.0,0.0,3.0,12.0,1.0,12.13,5.01,2.5,1.49,0.0,0.0,0.0,0.4,0.0,0.3,0.1,2.2,-169.70000000000002,0.0,0.0,169.60000000000002,0.0,21.4,29.4,29.4,30.0,300.0,300.0,31.200000000000003,35.4,29.3,28.5,30.4,4.95,1.99,4.96,0.16,0.0,0.0,1027.0,8228.0,0.0,0.0,0.0,0.0,0.0,1.0,0.0,0.0,0.0,0.0,0.0,1.7000000000000002,0.0,-1.9,0.0,0.0002,16.0,25903.0
2026-07-30T19:00:51.279Z,220.762,220.776,0.0,7.4,0.0,0.0,0.0,0.0,0.0,0.0,0.0,0.0,1.0,0.0,0.0,0.0,9.0,4.0,0.0,0.0,0.0,0.0,0.0,0.0,0.0,0.0,4.0,12.0,1.0,12.13,5.01,2.5,1.49,0.0,0.0,0.0,0.4,0.0,-0.2,0.6000000000000001,0.4,-169.70000000000002,0.0,0.0,169.8,0.0,21.4,29.4,29.4,30.0,300.0,300.0,31.200000000000003,35.4,29.3,28.5,30.4,4.95,1.99,4.97,0.16,0.0,0.0,1027.0,8228.0,0.0,0.0,0.0,0.0,0.0,1.0,0.0,0.0,0.0,0.0,0.0,1.1,0.0,-0.2,0.0,0.0002,16.0,25903.0
2026-07-30T19:00:51.291Z,220.774,220.788,0.0,7.4,0.0,0.0,0.0,0.0,0.0,0.0,0.0,0.0,1.0,0.0,0.0,0.0,9.0,4.0,0.0,0.0,0.0,0.0,0.0,0.0,0.0,0.0,5.0,12.0,1.0,12.13,5.01,2.5,1.49,0.0,0.1,0.0,0.4,0.0,0.2,0.6000000000000001,-0.6000000000000001,-169.70000000000002,0.0,0.0,169.70000000000002,0.0,21.4,29.4,29.4,30.0,300.0,300.0,31.200000000000003,35.4,29.3,28.5,30.4,4.95,1.99,4.97,0.16,0.0,0.0,1027.0,8228.0,0.0,0.0,0.0,0.0,0.0,1.0,0.0,0.0,0.0,0.0,0.0,0.2,0.0,0.7000000000000001,0.0,0.0002,16.0,25903.0
2026-07-30T19:00:51.303Z,220.786,220.8,0.0,7.4,0.0,0.0,0.0,0.0,0.0,0.0,0.0,0.0,1.0,0.0,0.0,0.0,9.0,4.0,0.0,0.0,0.0,0.0,0.0,0.0,0.0,0.0,6.0,12.0,1.0,12.13,5.01,2.5,1.49,0.0,0.0,0.0,0.4,0.0,0.9,0.0,0.0,-169.70000000000002,0.0,0.0,169.70000000000002,0.0,21.4,29.4,29.4,30.0,300.0,300.0,31.200000000000003,35.4,29.3,28.5,30.4,4.95,1.99,4.96,0.16,0.0,0.0,1027.0,8228.0,0.0,0.0,0.0,0.0,0.0,1.0,0.0,0.0,0.0,0.0,0.0,0.0,0.0,0.0,0.0,0.0,16.0,25903.0
2026-07-30T19:00:51.315Z,220.798,220.812,0.0,7.4,0.0,0.0,0.0,0.0,0.0,0.0,0.0,0.0,1.0,0.0,0.0,0.0,9.0,4.0,0.0,0.0,0.0,0.0,0.0,0.0,0.0,0.0,1.0,12.0,1.0,12.13,5.01,2.5,1.49,0.0,0.0,0.0,0.4,0.0,-0.2,0.7000000000000001,0.0,-169.70000000000002,0.0,0.0,169.70000000000002,0.0,21.4,29.4,29.4,30.0,300.0,300.0,31.200000000000003,35.4,29.3,28.5,30.4,4.95,1.99,4.97,0.16,0.0,0.0,1027.0,8228.0,0.0,0.0,0.0,0.0,0.0,1.0,0.0,0.0,0.0,0.0,0.0,0.7000000000000001,0.0,0.2,0.0,0.0,16.0,25903.0
2026-07-30T19:00:51.328Z,220.811,220.824,0.0,7.4,0.0,0.0,0.0,0.0,0.0,0.0,0.0,0.0,1.0,0.0,0.0,0.0,9.0,4.0,0.0,0.0,0.0,0.0,0.0,0.0,0.0,0.0,1.0,12.0,1.0,12.17,5.01,2.5,1.49,0.0,0.0,0.0,0.4,0.0,0.3,-0.4,-0.6000000000000001,-169.70000000000002,0.0,0.0,169.8,0.0,21.4,29.4,29.4,30.0,300.0,300.0,31.5,35.4,29.3,28.5,30.4,4.95,1.99,4.97,0.16,0.0,0.0,1027.0,8228.0,0.0,0.0,0.0,0.0,0.0,1.0,0.0,0.0,0.0,0.0,0.0,-1.0,0.0,0.4,0.0,0.0001,16.0,25903.0
2026-07-30T19:00:51.339Z,220.822,220.836,0.0,7.4,0.0,0.0,0.0,0.0,0.0,0.0,0.0,0.0,1.0,0.0,0.0,0.0,9.0,4.0,0.0,0.0,0.0,0.0,0.0,0.0,0.0,0.0,3.0,12.0,1.0,12.17,5.01,2.5,1.49,0.0,0.0,0.0,0.4,0.0,-0.2,1.2000000000000002,0.0,-169.70000000000002,0.0,0.0,169.70000000000002,0.0,21.4,29.4,29.4,30.0,300.0,300.0,31.5,35.4,29.3,28.5,30.4,4.96,1.99,4.97,0.16,0.0,0.0,1027.0,8228.0,0.0,0.0,0.0,0.0,0.0,1.0,0.0,0.0,0.0,0.0,0.0,1.3,0.0,0.3,0.0,0.0001,16.0,25903.0
2026-07-30T19:00:51.351Z,220.834,220.848,0.0,7.4,0.0,0.0,0.0,0.0,0.0,0.0,0.0,0.0,1.0,0.0,0.0,0.0,9.0,4.0,0.0,0.0,0.0,0.0,0.0,0.0,0.0,0.0,3.0,12.0,1.0,12.17,5.01,2.5,1.49,0.0,0.0,0.0,0.4,0.0,0.3,-0.4,-0.6000000000000001,-169.70000000000002,0.0,0.0,169.8,0.0,21.4,29.4,29.4,30.0,300.0,300.0,31.5,35.4,29.3,28.5,30.4,4.95,1.99,4.97,0.16,0.0,0.0,1027.0,8228.0,0.0,0.0,0.0,0.0,0.0,1.0,0.0,0.0,0.0,0.0,0.0,-1.0,0.0,0.4,0.0,0.0001,16.0,25903.0
2026-07-30T19:00:51.363Z,220.846,220.86,0.0,7.4,0.0,0.0,0.0,0.0,0.0,0.0,0.0,0.0,1.0,0.0,0.0,0.0,9.0,4.0,0.0,0.0,0.0,0.0,0.0,0.0,0.0,0.0,5.0,12.0,1.0,12.17,5.01,2.5,1.49,0.0,0.0,0.0,0.4,0.0,-0.8,-0.9,-0.6000000000000001,-169.70000000000002,0.0,0.0,169.8,0.0,21.4,29.4,29.4,30.0,300.0,300.0,31.5,35.4,29.3,28.5,30.4,4.95,1.99,4.97,0.16,0.0,0.0,1027.0,8228.0,0.0,0.0,0.0,0.0,0.0,1.0,0.0,0.0,0.0,0.0,0.0,-1.6,0.0,0.3,0.0,0.0001,16.0,25903.0
2026-07-30T19:00:51.382Z,220.865,220.872,0.0,7.4,0.0,0.0,0.0,0.0,0.0,0.0,0.0,0.0,1.0,0.0,0.0,0.0,9.0,4.0,0.0,0.0,0.0,0.0,0.0,0.0,0.0,0.0,6.0,12.0,1.0,12.17,5.01,2.5,1.49,0.0,0.1,0.0,0.4,0.0,-0.7000000000000001,1.3,-1.2000000000000002,-169.70000000000002,0.0,0.0,169.8,0.0,21.4,29.4,29.4,30.0,300.0,300.0,31.5,35.4,29.3,28.5,30.4,4.95,2.0,4.96,0.16,0.0,0.0,1027.0,8228.0,0.0,0.0,0.0,0.0,0.0,1.0,0.0,0.0,0.0,0.0,0.0,0.5,0.0,1.3,0.0,0.0001,16.0,25903.0
2026-07-30T19:00:51.387Z,220.87,220.884,0.0,7.4,0.0,0.0,0.0,0.0,0.0,0.0,0.0,0.0,1.0,0.0,0.0,0.0,9.0,4.0,0.0,0.0,0.0,0.0,0.0,0.0,0.0,0.0,4.0,12.0,1.0,12.17,5.01,2.5,1.49,0.0,0.0,0.0,0.4,0.0,0.4,0.2,0.5,-169.70000000000002,0.0,0.0,169.8,0.0,21.4,29.4,29.4,30.0,300.0,300.0,31.5,35.4,29.3,28.5,30.4,4.96,1.99,4.96,0.16,0.0,0.0,1027.0,8228.0,0.0,0.0,0.0,0.0,0.0,1.0,0.0,0.0,0.0,0.0,0.0,0.6000000000000001,0.0,-0.4,0.0,0.0,16.0,25903.0
2026-07-30T19:00:51.398Z,220.881,220.896,0.0,7.4,0.0,0.0,0.0,0.0,0.0,0.0,0.0,0.0,1.0,0.0,0.0,0.0,9.0,4.0,0.0,0.0,0.0,0.0,0.0,0.0,0.0,0.0,4.0,12.0,1.0,12.17,5.01,2.5,1.49,0.0,0.0,0.0,0.4,0.0,1.0,1.9,2.3000000000000003,-169.70000000000002,0.0,0.0,169.70000000000002,0.0,21.4,29.4,29.4,30.0,300.0,300.0,31.5,35.4,29.3,28.5,30.4,4.95,1.99,4.97,0.16,0.0,0.0,1027.0,8228.0,0.0,0.0,0.0,0.0,0.0,1.0,0.0,0.0,0.0,0.0,0.0,4.0,0.0,-1.6,0.0,0.0001,16.0,25903.0
2026-07-30T19:00:51.411Z,220.894,220.908,0.0,7.4,0.0,0.0,0.0,0.0,0.0,0.0,0.0,0.0,1.0,0.0,0.0,0.0,9.0,4.0,0.0,0.0,0.0,0.0,0.0,0.0,0.0,0.0,5.0,12.0,1.0,12.17,5.01,2.5,1.49,0.0,0.0,0.0,0.4,0.0,0.4,-0.9,-1.1,-169.70000000000002,0.0,0.0,169.70000000000002,0.0,21.4,29.4,29.4,30.0,300.0,300.0,31.5,35.4,29.3,28.5,30.4,4.96,1.99,4.97,0.16,0.0,0.0,1027.0,8228.0,0.0,0.0,0.0,0.0,0.0,1.0,0.0,0.0,0.0,0.0,0.0,-1.9,0.0,0.8,0.0,0.0001,16.0,25903.0
2026-07-30T19:00:51.423Z,220.906,220.92,0.0,7.4,0.0,0.0,0.0,0.0,0.0,0.0,0.0,0.0,1.0,0.0,0.0,0.0,9.0,4.0,0.0,0.0,0.0,0.0,0.0,0.0,0.0,0.0,6.0,12.0,1.0,12.17,5.01,2.5,1.49,0.0,0.0,0.0,0.4,0.0,-0.1,1.9,0.5,-169.70000000000002,0.0,0.0,169.70000000000002,0.0,21.4,29.4,29.4,30.0,300.0,300.0,31.5,35.4,29.3,28.5,30.4,4.96,2.0,4.97,0.16,0.0,0.0,1027.0,8228.0,0.0,0.0,0.0,0.0,0.0,1.0,0.0,0.0,0.0,0.0,0.0,2.6,0.0,0.0,0.0,0.0,16.0,25903.0
2026-07-30T19:00:51.435Z,220.918,220.932,0.0,7.4,0.0,0.0,0.0,0.0,0.0,0.0,0.0,0.0,1.0,0.0,0.0,0.0,9.0,4.0,0.0,0.0,0.0,0.0,0.0,0.0,0.0,0.0,1.0,12.0,1.0,12.14,5.0200000000000005,2.5,1.49,0.0,0.0,0.0,0.4,0.0,0.4,1.3,0.0,-169.70000000000002,0.0,0.0,169.60000000000002,0.0,21.8,29.4,29.4,30.0,300.0,300.0,31.4,35.4,29.3,28.5,30.4,4.95,1.99,4.97,0.16,0.0,0.0,1027.0,8228.0,0.0,0.0,0.0,0.0,0.0,1.0,0.0,0.0,0.0,0.0,0.0,1.4,0.0,0.3,0.0,0.0,16.0,25903.0
2026-07-30T19:00:51.447Z,220.93,220.944,0.0,7.4,0.0,0.0,0.0,0.0,0.0,0.0,0.0,0.0,1.0,0.0,0.0,0.0,9.0,4.0,0.0,0.0,0.0,0.0,0.0,0.0,0.0,0.0,3.0,12.0,1.0,12.14,5.0200000000000005,2.5,1.49,0.0,0.0,0.0,0.5,0.0,-0.1,-0.3,-0.6000000000000001,-169.70000000000002,0.0,0.0,169.70000000000002,0.0,21.8,29.4,29.4,30.0,300.0,300.0,31.4,35.4,29.3,28.5,30.4,4.95,1.99,4.97,0.16,0.0,0.0,1027.0,8228.0,0.0,0.0,0.0,0.0,0.0,1.0,0.0,0.0,0.0,0.0,0.0,-0.9,0.0,0.5,0.0,0.0002,16.0,25903.0
2026-07-30T19:00:51.459Z,220.942,220.956,0.0,7.4,0.0,0.0,0.0,0.0,0.0,0.0,0.0,0.0,1.0,0.0,0.0,0.0,9.0,4.0,0.0,0.0,0.0,0.0,0.0,0.0,0.0,0.0,4.0,12.0,1.0,12.14,5.0200000000000005,2.5,1.49,0.0,0.0,0.0,0.5,0.0,-0.1,0.1,-0.1,-169.70000000000002,0.0,0.0,169.70000000000002,0.0,21.8,29.4,29.4,30.0,300.0,300.0,31.4,35.4,29.3,28.5,30.4,4.96,1.99,4.96,0.16,0.0,0.0,1027.0,8228.0,0.0,0.0,0.0,0.0,0.0,1.0,0.0,0.0,0.0,0.0,0.0,0.1,0.0,0.1,0.0,0.0,16.0,25903.0
2026-07-30T19:00:51.471Z,220.954,220.968,0.0,7.4,0.0,0.0,0.0,0.0,0.0,0.0,0.0,0.0,1.0,0.0,0.0,0.0,9.0,4.0,0.0,0.0,0.0,0.0,0.0,0.0,0.0,0.0,5.0,12.0,1.0,12.14,5.0200000000000005,2.5,1.49,0.0,0.0,0.0,0.4,0.0,0.4,0.1,-0.7000000000000001,-169.70000000000002,0.0,0.0,169.8,0.0,21.8,29.4,29.4,30.0,300.0,300.0,31.4,35.4,29.3,28.5,30.4,4.96,1.99,4.97,0.16,0.0,0.0,1027.0,8228.0,0.0,0.0,0.0,0.0,0.0,1.0,0.0,0.0,0.0,0.0,0.0,-0.3,0.0,0.6000000000000001,0.0,0.0,16.0,25903.0
2026-07-30T19:00:51.483Z,220.966,220.98,0.0,7.4,0.0,0.0,0.0,0.0,0.0,0.0,0.0,0.0,1.0,0.0,0.0,0.0,9.0,4.0,0.0,0.0,0.0,0.0,0.0,0.0,0.0,0.0,1.0,12.0,1.0,12.14,5.0200000000000005,2.5,1.49,0.0,0.0,0.0,0.4,0.0,-0.1,0.1,1.0,-169.70000000000002,0.0,0.0,169.8,0.0,21.8,29.4,29.4,30.0,300.0,300.0,31.4,35.4,29.3,28.5,30.4,4.95,2.0,4.97,0.16,0.0,0.0,1027.0,8228.0,0.0,0.0,0.0,0.0,0.0,1.0,0.0,0.0,0.0,0.0,0.0,0.9,0.0,-0.8,0.0,0.0002,16.0,25903.0
2026-07-30T19:00:51.494Z,220.977,220.992,0.0,7.4,0.0,0.0,0.0,0.0,0.0,0.0,0.0,0.0,1.0,0.0,0.0,0.0,9.0,4.0,0.0,0.0,0.0,0.0,0.0,0.0,0.0,0.0,2.0,12.0,1.0,12.14,5.0200000000000005,2.5,1.49,0.0,0.1,0.0,0.5,0.0,-0.1,0.2,0.4,-169.70000000000002,0.0,0.0,169.70000000000002,0.0,21.8,29.4,29.4,30.0,300.0,300.0,31.4,35.4,29.3,28.5,30.4,4.96,2.0,4.97,0.16,0.0,0.0,1027.0,8228.0,0.0,0.0,0.0,0.0,0.0,1.0,0.0,0.0,0.0,0.0,0.0,0.5,0.0,-0.3,0.0,0.0001,16.0,25903.0
2026-07-30T19:00:51.506Z,220.989,221.004,0.0,7.4,0.0,0.0,0.0,0.0,0.0,0.0,0.0,0.0,1.0,0.0,0.0,0.0,9.0,4.0,0.0,0.0,0.0,0.0,0.0,0.0,0.0,0.0,3.0,12.0,1.0,12.14,5.0200000000000005,2.5,1.49,0.0,0.1,0.0,0.4,0.0,0.4,-0.3,-0.1,-169.70000000000002,0.0,0.0,169.70000000000002,0.0,21.8,29.4,29.4,30.0,300.0,300.0,31.4,35.4,29.3,28.5,30.4,4.96,2.0,4.97,0.16,0.0,0.0,1027.0,8228.0,0.0,0.0,0.0,0.0,0.0,1.0,0.0,0.0,0.0,0.0,0.0,-0.5,0.0,0.0,0.0,0.0,16.0,25903.0
2026-07-30T19:00:51.519Z,221.002,221.016,0.0,7.4,0.0,0.0,0.0,0.0,0.0,0.0,0.0,0.0,1.0,0.0,0.0,0.0,9.0,4.0,0.0,0.0,0.0,0.0,0.0,0.0,0.0,0.0,4.0,12.0,1.0,12.14,5.0200000000000005,2.5,1.49,0.0,0.0,0.0,0.4,0.0,0.4,0.1,-0.7000000000000001,-169.70000000000002,0.0,0.0,169.70000000000002,0.0,21.8,29.4,29.4,30.0,300.0,300.0,31.4,35.4,29.3,28.5,30.4,4.96,1.99,4.97,0.16,0.0,0.0,1027.0,8228.0,0.0,0.0,0.0,0.0,0.0,1.0,0.0,0.0,0.0,0.0,0.0,-0.3,0.0,0.7000000000000001,0.0,0.0001,16.0,25903.0
2026-07-30T19:00:51.532Z,221.015,221.028,0.0,7.4,0.0,0.0,0.0,0.0,0.0,0.0,0.0,0.0,1.0,0.0,0.0,0.0,9.0,4.0,0.0,0.0,0.0,0.0,0.0,0.0,0.0,0.0,6.0,12.0,1.0,12.17,5.0200000000000005,2.5,1.5,0.0,0.0,0.0,0.4,0.0,-0.1,0.1,0.3,-169.70000000000002,0.0,0.0,169.70000000000002,0.0,21.700000000000003,29.4,29.4,30.0,300.0,300.0,31.4,35.4,29.3,28.5,30.4,4.95,1.99,4.97,0.16,0.0,0.0,1027.0,8228.0,0.0,0.0,0.0,0.0,0.0,1.0,0.0,0.0,0.0,0.0,0.0,0.6000000000000001,0.0,0.3,0.0,0.0,16.0,25903.0
2026-07-30T19:00:51.543Z,221.026,221.04,0.0,7.4,0.0,0.0,0.0,0.0,0.0,0.0,0.0,0.0,1.0,0.0,0.0,0.0,9.0,4.0,0.0,0.0,0.0,0.0,0.0,0.0,0.0,0.0,1.0,12.0,1.0,12.17,5.0200000000000005,2.5,1.5,0.0,0.0,0.0,0.4,0.0,-0.1,-0.9,-0.2,-169.70000000000002,0.0,0.0,169.70000000000002,0.0,21.700000000000003,29.4,29.4,30.0,300.0,300.0,31.4,35.4,29.3,28.5,30.4,4.95,1.99,4.97,0.16,0.0,0.0,1027.0,8228.0,0.0,0.0,0.0,0.0,0.0,1.0,0.0,0.0,0.0,0.0,0.0,-0.1,0.0,1.3,0.0,0.0001,16.0,25903.0
2026-07-30T19:00:51.555Z,221.038,221.052,0.0,7.4,0.0,0.0,0.0,0.0,0.0,0.0,0.0,0.0,1.0,0.0,0.0,0.0,9.0,4.0,0.0,0.0,0.0,0.0,0.0,0.0,0.0,0.0,2.0,12.0,1.0,12.17,5.0200000000000005,2.5,1.5,0.0,0.0,0.0,0.5,0.0,-0.7000000000000001,0.8,-0.7000000000000001,-169.70000000000002,0.0,0.0,169.70000000000002,0.0,21.700000000000003,29.4,29.4,30.0,300.0,300.0,31.4,35.4,29.3,28.5,30.4,4.95,1.99,4.97,0.16,0.0,0.0,1027.0,8228.0,0.0,0.0,0.0,0.0,0.0,1.0,0.0,0.0,0.0,0.0,0.0,0.3,0.0,-0.9,0.0,0.0,16.0,25903.0
2026-07-30T19:00:51.567Z,221.05,221.064,0.0,7.4,0.0,0.0,0.0,0.0,0.0,0.0,0.0,0.0,1.0,0.0,0.0,0.0,9.0,4.0,0.0,0.0,0.0,0.0,0.0,0.0,0.0,0.0,3.0,12.0,1.0,12.17,5.0200000000000005,2.5,1.5,0.0,0.0,0.0,0.5,0.0,0.9,0.1,0.4,-169.70000000000002,0.0,0.0,169.8,0.0,21.700000000000003,29.4,29.4,30.0,300.0,300.0,31.4,35.4,29.3,28.5,30.4,4.95,2.0,4.96,0.16,0.0,0.0,1027.0,8228.0,0.0,0.0,0.0,0.0,0.0,1.0,0.0,0.0,0.0,0.0,0.0,1.6,0.0,-0.7000000000000001,0.0,0.0001,16.0,25903.0
2026-07-30T19:00:51.579Z,221.062,221.076,0.0,7.4,0.0,0.0,0.0,0.0,0.0,0.0,0.0,0.0,1.0,0.0,0.0,0.0,9.0,4.0,0.0,0.0,0.0,0.0,0.0,0.0,0.0,0.0,4.0,12.0,1.0,12.17,5.0200000000000005,2.5,1.5,0.0,0.0,0.0,0.4,0.0,0.9,0.7000000000000001,-0.1,-169.70000000000002,0.0,0.0,169.70000000000002,0.0,21.700000000000003,29.4,29.4,30.0,300.0,300.0,31.4,35.4,29.3,28.5,30.4,4.96,2.0,4.96,0.16,0.0,0.0,1027.0,8228.0,0.0,0.0,0.0,0.0,0.0,1.0,0.0,0.0,0.0,0.0,0.0,0.7000000000000001,0.0,0.2,0.0,0.0002,16.0,25903.0
2026-07-30T19:00:51.591Z,221.074,221.088,0.0,7.4,0.0,0.0,0.0,0.0,0.0,0.0,0.0,0.0,1.0,0.0,0.0,0.0,9.0,4.0,0.0,0.0,0.0,0.0,0.0,0.0,0.0,0.0,5.0,12.0,1.0,12.17,5.0200000000000005,2.5,1.5,0.0,0.0,0.0,0.4,0.0,-0.8,-0.3,-0.1,-169.70000000000002,0.0,0.0,169.8,0.0,21.700000000000003,29.4,29.4,30.0,300.0,300.0,31.4,35.4,29.3,28.5,30.4,4.95,2.0,4.96,0.16,0.0,0.0,1027.0,8228.0,0.0,0.0,0.0,0.0,0.0,1.0,0.0,0.0,0.0,0.0,0.0,-0.5,0.0,0.0,0.0,0.0001,16.0,25903.0
2026-07-30T19:00:51.603Z,221.086,221.1,0.0,7.4,0.0,0.0,0.0,0.0,0.0,0.0,0.0,0.0,1.0,0.0,0.0,0.0,9.0,4.0,0.0,0.0,0.0,0.0,0.0,0.0,0.0,0.0,6.0,12.0,1.0,12.17,5.0200000000000005,2.5,1.5,0.0,0.0,0.0,0.4,0.0,-0.2,0.1,-0.1,-169.70000000000002,0.0,0.0,169.8,0.0,21.700000000000003,29.4,29.4,30.0,300.0,300.0,31.4,35.4,29.3,28.5,30.4,4.95,1.99,4.97,0.16,0.0,0.0,1027.0,8228.0,0.0,0.0,0.0,0.0,0.0,1.0,0.0,0.0,0.0,0.0,0.0,0.1,0.0,0.1,0.0,0.0002,16.0,25903.0
2026-07-30T19:00:51.615Z,221.098,221.112,0.0,7.4,0.0,0.0,0.0,0.0,0.0,0.0,0.0,0.0,1.0,0.0,0.0,0.0,9.0,4.0,0.0,0.0,0.0,0.0,0.0,0.0,0.0,0.0,2.0,12.0,1.0,12.17,5.0200000000000005,2.5,1.5,0.0,0.0,0.0,0.4,0.0,-0.8,0.1,-0.7000000000000001,-169.70000000000002,0.0,0.0,169.70000000000002,0.0,21.700000000000003,29.4,29.4,30.0,300.0,300.0,31.4,35.4,29.3,28.5,30.4,4.95,1.99,4.96,0.16,0.0,0.0,1027.0,8228.0,0.0,0.0,0.0,0.0,0.0,1.0,0.0,0.0,0.0,0.0,0.0,-0.3,0.0,0.6000000000000001,0.0,0.0,16.0,25903.0
2026-07-30T19:00:51.627Z,221.11,221.124,0.0,7.4,0.0,0.0,0.0,0.0,0.0,0.0,0.0,0.0,1.0,0.0,0.0,0.0,9.0,4.0,0.0,0.0,0.0,0.0,0.0,0.0,0.0,0.0,2.0,12.0,1.0,12.17,5.0200000000000005,2.5,1.5,0.0,0.0,0.0,0.4,0.0,-0.8,-0.4,0.0,-169.70000000000002,0.0,0.0,169.70000000000002,0.0,21.700000000000003,29.4,29.4,30.0,300.0,300.0,31.4,35.4,29.3,28.5,30.4,4.96,1.99,4.96,0.16,0.0,0.0,1027.0,8228.0,0.0,0.0,0.0,0.0,0.0,1.0,0.0,0.0,0.0,0.0,0.0,-0.5,0.0,0.0,0.0,0.0001,16.0,25903.0
2026-07-30T19:00:51.639Z,221.122,221.136,0.0,7.4,0.0,0.0,0.0,0.0,0.0,0.0,0.0,0.0,1.0,0.0,0.0,0.0,9.0,4.0,0.0,0.0,0.0,0.0,0.0,0.0,0.0,0.0,4.0,12.0,1.0,12.13,5.01,2.51,1.5,0.0,0.0,0.0,0.4,0.0,-0.2,-0.4,0.0,-169.70000000000002,0.0,0.0,169.70000000000002,0.0,21.4,29.4,29.4,30.0,300.0,300.0,31.4,35.4,29.3,28.5,30.4,4.95,1.99,4.97,0.16,0.0,0.0,1027.0,8228.0,0.0,0.0,0.0,0.0,0.0,1.0,0.0,0.0,0.0,0.0,0.0,-0.5,0.0,0.0,0.0,0.0,16.0,25903.0
2026-07-30T19:00:51.651Z,221.134,221.148,0.0,7.4,0.0,0.0,0.0,0.0,0.0,0.0,0.0,0.0,1.0,0.0,0.0,0.0,9.0,4.0,0.0,0.0,0.0,0.0,0.0,0.0,0.0,0.0,5.0,12.0,1.0,12.13,5.01,2.51,1.5,0.0,0.0,0.0,0.4,0.0,-0.2,-0.4,-0.1,-169.70000000000002,0.0,0.0,169.70000000000002,0.0,21.4,29.4,29.4,30.0,300.0,300.0,31.4,35.4,29.3,28.5,30.4,4.95,1.99,4.96,0.16,0.0,0.0,1027.0,8228.0,0.0,0.0,0.0,0.0,0.0,1.0,0.0,0.0,0.0,0.0,0.0,-0.6000000000000001,0.0,0.0,0.0,0.0001,16.0,25903.0
2026-07-30T19:00:51.663Z,221.146,221.16,0.0,7.4,0.0,0.0,0.0,0.0,0.0,0.0,0.0,0.0,1.0,0.0,0.0,0.0,9.0,4.0,0.0,0.0,0.0,0.0,0.0,0.0,0.0,0.0,6.0,12.0,1.0,12.13,5.01,2.51,1.5,0.0,0.0,0.0,0.4,0.0,0.3,-0.4,-0.1,-169.70000000000002,0.0,0.0,169.8,0.0,21.4,29.4,29.4,30.0,300.0,300.0,31.4,35.4,29.3,28.5,30.4,4.95,2.0,4.97,0.16,0.0,0.0,1027.0,8228.0,0.0,0.0,0.0,0.0,0.0,1.0,0.0,0.0,0.0,0.0,0.0,-0.6000000000000001,0.0,0.0,0.0,0.0,16.0,25903.0
2026-07-30T19:00:51.675Z,221.158,221.172,0.0,7.4,0.0,0.0,0.0,0.0,0.0,0.0,0.0,0.0,1.0,0.0,0.0,0.0,9.0,4.0,0.0,0.0,0.0,0.0,0.0,0.0,0.0,0.0,1.0,12.0,1.0,12.13,5.01,2.51,1.5,0.0,0.0,0.0,0.4,0.0,-0.2,0.0,-0.1,-169.70000000000002,0.0,0.0,169.8,0.0,21.4,29.4,29.4,30.0,300.0,300.0,31.4,35.4,29.3,28.5,30.4,4.95,1.99,4.97,0.16,0.0,0.0,1027.0,8228.0,0.0,0.0,0.0,0.0,0.0,1.0,0.0,0.0,0.0,0.0,0.0,0.0,0.0,0.1,0.0,0.0002,16.0,25903.0
2026-07-30T19:00:51.688Z,221.171,221.184,0.0,7.4,0.0,0.0,0.0,0.0,0.0,0.0,0.0,0.0,1.0,0.0,0.0,0.0,9.0,4.0,0.0,0.0,0.0,0.0,0.0,0.0,0.0,0.0,2.0,12.0,1.0,12.13,5.01,2.51,1.5,0.0,0.0,0.0,0.4,0.0,0.3,0.0,-0.1,-169.70000000000002,0.0,0.0,169.70000000000002,0.0,21.4,29.4,29.4,30.0,300.0,300.0,31.4,35.4,29.3,28.5,30.4,4.96,1.99,4.97,0.16,0.0,0.0,1027.0,8228.0,0.0,0.0,0.0,0.0,0.0,1.0,0.0,0.0,0.0,0.0,0.0,0.0,0.0,0.1,0.0,0.0001,16.0,25903.0
2026-07-30T19:00:51.702Z,221.185,221.196,0.0,7.4,0.0,0.0,0.0,0.0,0.0,0.0,0.0,0.0,1.0,0.0,0.0,0.0,9.0,4.0,0.0,0.0,0.0,0.0,0.0,0.0,0.0,0.0,2.0,12.0,1.0,12.13,5.01,2.51,1.5,0.0,0.0,0.0,0.4,0.0,0.3,-0.4,-0.1,-169.70000000000002,0.0,0.0,169.70000000000002,0.0,21.4,29.4,29.4,30.0,300.0,300.0,31.4,35.4,29.3,28.5,30.4,4.96,2.0,4.96,0.16,0.0,0.0,1027.0,8228.0,0.0,0.0,0.0,0.0,0.0,1.0,0.0,0.0,0.0,0.0,0.0,-0.6000000000000001,0.0,0.0,0.0,0.0,16.0,25903.0
2026-07-30T19:00:51.711Z,221.194,221.208,0.0,7.4,0.0,0.0,0.0,0.0,0.0,0.0,0.0,0.0,1.0,0.0,0.0,0.0,9.0,4.0,0.0,0.0,0.0,0.0,0.0,0.0,0.0,0.0,1.0,12.0,1.0,12.13,5.01,2.51,1.5,0.0,0.0,0.0,0.4,0.0,-0.1,-0.4,-0.1,-169.70000000000002,0.0,0.0,169.8,0.0,21.4,29.4,29.4,30.0,300.0,300.0,31.4,35.4,29.3,28.5,30.4,4.96,1.99,4.97,0.16,0.0,0.0,1027.0,8228.0,0.0,0.0,0.0,0.0,0.0,1.0,0.0,0.0,0.0,0.0,0.0,-0.6000000000000001,0.0,0.0,0.0,0.0,16.0,25903.0
2026-07-30T19:00:51.723Z,221.206,221.22,0.0,7.4,0.0,0.0,0.0,0.0,0.0,0.0,0.0,0.0,1.0,0.0,0.0,0.0,9.0,4.0,0.0,0.0,0.0,0.0,0.0,0.0,0.0,0.0,3.0,12.0,1.0,12.13,5.01,2.51,1.5,0.0,0.0,0.0,0.4,0.0,-0.2,0.6000000000000001,0.8,-169.70000000000002,0.0,0.0,169.8,0.0,21.4,29.4,29.4,30.0,300.0,300.0,31.4,35.4,29.3,28.5,30.4,4.95,1.99,4.97,0.16,0.0,0.0,1027.0,8228.0,0.0,0.0,0.0,0.0,0.0,1.0,0.0,0.0,0.0,0.0,0.0,1.4,0.0,-0.6000000000000001,0.0,0.0001,16.0,25903.0
2026-07-30T19:00:51.736Z,221.219,221.232,0.0,7.4,0.0,0.0,0.0,0.0,0.0,0.0,0.0,0.0,1.0,0.0,0.0,0.0,9.0,4.0,0.0,0.0,0.0,0.0,0.0,0.0,0.0,0.0,4.0,12.0,1.0,12.18,5.0200000000000005,2.51,1.49,-0.1,0.0,0.0,0.4,0.0,-0.2,-0.4,-0.8,-169.70000000000002,0.0,0.0,169.8,0.0,21.4,29.4,29.4,30.0,300.0,300.0,31.5,35.4,29.3,28.5,30.4,4.96,1.99,4.96,0.16,0.0,0.0,1027.0,8228.0,0.0,0.0,0.0,0.0,0.0,1.0,0.0,0.0,0.0,0.0,0.0,-1.1,0.0,0.6000000000000001,0.0,0.0001,16.0,25903.0
2026-07-30T19:00:51.747Z,221.23,221.244,0.0,7.4,0.0,0.0,0.0,0.0,0.0,0.0,0.0,0.0,1.0,0.0,0.0,0.0,9.0,4.0,0.0,0.0,0.0,0.0,0.0,0.0,0.0,0.0,5.0,12.0,1.0,12.18,5.0200000000000005,2.51,1.49,0.0,0.0,0.0,0.4,0.0,0.3,-0.5,0.8,-169.70000000000002,0.0,0.0,169.8,0.0,21.4,29.4,29.4,30.0,300.0,300.0,31.5,35.4,29.3,28.5,30.4,4.95,1.99,4.97,0.16,0.0,0.0,1027.0,8228.0,0.0,0.0,0.0,0.0,0.0,1.0,0.0,0.0,0.0,0.0,0.0,0.0,0.0,-0.8,0.0,0.0,16.0,25903.0
2026-07-30T19:00:51.759Z,221.242,221.256,0.0,7.4,0.0,0.0,0.0,0.0,0.0,0.0,0.0,0.0,1.0,0.0,0.0,0.0,9.0,4.0,0.0,0.0,0.0,0.0,0.0,0.0,0.0,0.0,6.0,12.0,1.0,12.18,5.0200000000000005,2.51,1.49,0.0,0.0,0.0,0.4,0.0,-0.8,0.0,-0.2,-169.70000000000002,0.0,0.0,169.8,0.0,21.4,29.4,29.4,30.0,300.0,300.0,31.5,35.4,29.3,28.5,30.4,4.95,1.99,4.97,0.16,0.0,0.0,1027.0,8228.0,0.0,0.0,0.0,0.0,0.0,1.0,0.0,0.0,0.0,0.0,0.0,0.0,0.0,0.2,0.0,0.0,16.0,25903.0
2026-07-30T19:00:51.771Z,221.254,221.268,0.0,7.4,0.0,0.0,0.0,0.0,0.0,0.0,0.0,0.0,1.0,0.0,0.0,0.0,9.0,4.0,0.0,0.0,0.0,0.0,0.0,0.0,0.0,0.0,2.0,12.0,1.0,12.18,5.0200000000000005,2.51,1.49,0.0,0.0,0.0,0.4,0.0,-0.8,-1.1,-0.8,-169.70000000000002,0.0,0.0,169.8,0.0,21.4,29.4,29.4,30.0,300.0,300.0,31.5,35.4,29.3,28.5,30.4,4.96,1.99,4.97,0.16,0.0,0.0,1027.0,8228.0,0.0,0.0,0.0,0.0,0.0,1.0,0.0,0.0,0.0,0.0,0.0,-1.8,0.0,0.4,0.0,0.0,16.0,25903.0
2026-07-30T19:00:51.783Z,221.266,221.28,0.0,7.4,0.0,0.0,0.0,0.0,0.0,0.0,0.0,0.0,1.0,0.0,0.0,0.0,9.0,4.0,0.0,0.0,0.0,0.0,0.0,0.0,0.0,0.0,3.0,12.0,1.0,12.18,5.0200000000000005,2.51,1.49,-0.1,0.1,0.0,0.4,0.0,-0.2,-0.5,-0.8,-169.70000000000002,0.0,0.0,169.8,0.0,21.4,29.4,29.4,30.0,300.0,300.0,31.5,35.4,29.3,28.5,30.4,4.96,1.99,4.96,0.16,0.0,0.0,1027.0,8228.0,0.0,0.0,0.0,0.0,0.0,1.0,0.0,0.0,0.0,0.0,0.0,-1.1,0.0,0.6000000000000001,0.0,0.0,16.0,25903.0
2026-07-30T19:00:51.795Z,221.278,221.292,0.0,7.4,0.0,0.0,0.0,0.0,0.0,0.0,0.0,0.0,1.0,0.0,0.0,0.0,9.0,4.0,0.0,0.0,0.0,0.0,0.0,0.0,0.0,0.0,4.0,12.0,1.0,12.18,5.0200000000000005,2.51,1.49,0.0,0.0,0.0,0.4,0.0,0.8,0.6000000000000001,0.9,-169.70000000000002,0.0,0.0,169.70000000000002,0.0,21.4,29.4,29.4,30.0,300.0,300.0,31.5,35.4,29.3,28.5,30.4,4.95,1.99,4.97,0.16,0.0,0.0,1027.0,8228.0,0.0,0.0,0.0,0.0,0.0,1.0,0.0,0.0,0.0,0.0,0.0,1.4,0.0,-0.7000000000000001,0.0,0.0001,16.0,25903.0
2026-07-30T19:00:51.808Z,221.291,221.304,0.0,7.4,0.0,0.0,0.0,0.0,0.0,0.0,0.0,0.0,1.0,0.0,0.0,0.0,9.0,4.0,0.0,0.0,0.0,0.0,0.0,0.0,0.0,0.0,5.0,12.0,1.0,12.18,5.0200000000000005,2.51,1.49,0.0,0.0,0.0,0.5,0.0,0.2,1.2000000000000002,-0.2,-169.70000000000002,0.0,0.0,169.8,0.0,21.4,29.4,29.4,30.0,300.0,300.0,31.5,35.4,29.3,28.5,30.4,4.95,1.99,4.96,0.16,0.0,0.0,1027.0,8228.0,0.0,0.0,0.0,0.0,0.0,1.0,0.0,0.0,0.0,0.0,0.0,1.1,0.0,0.4,0.0,0.0001,16.0,25903.0
2026-07-30T19:00:51.819Z,221.302,221.316,0.0,7.4,0.0,0.0,0.0,0.0,0.0,0.0,0.0,0.0,1.0,0.0,0.0,0.0,9.0,4.0,0.0,0.0,0.0,0.0,0.0,0.0,0.0,0.0,5.0,12.0,1.0,12.18,5.0200000000000005,2.51,1.49,0.0,0.1,0.0,0.4,0.0,0.3,1.8,0.3,-169.70000000000002,0.0,0.0,169.8,0.0,21.4,29.4,29.4,30.0,300.0,300.0,31.5,35.4,29.3,28.5,30.4,4.96,1.99,4.96,0.16,0.0,0.0,1027.0,8228.0,0.0,0.0,0.0,0.0,0.0,1.0,0.0,0.0,0.0,0.0,0.0,2.3000000000000003,0.0,0.0,0.0,0.0001,16.0,25903.0
2026-07-30T19:00:51.831Z,221.314,221.328,0.0,7.4,0.0,0.0,0.0,0.0,0.0,0.0,0.0,0.0,1.0,0.0,0.0,0.0,9.0,4.0,0.0,0.0,0.0,0.0,0.0,0.0,0.0,0.0,6.0,12.0,1.0,12.18,5.0200000000000005,2.51,1.49,0.0,0.0,0.0,0.4,0.0,-0.2,-1.0,-1.4,-169.70000000000002,0.0,0.0,169.8,0.0,21.4,29.4,29.4,30.0,300.0,300.0,31.5,35.4,29.3,28.5,30.4,4.96,1.99,4.96,0.16,0.0,0.0,1027.0,8228.0,0.0,0.0,0.0,0.0,0.0,1.0,0.0,0.0,0.0,0.0,0.0,-2.2,0.0,1.0,0.0,0.0001,16.0,25903.0
2026-07-30T19:00:51.843Z,221.326,221.34,0.0,7.4,0.0,0.0,0.0,0.0,0.0,0.0,0.0,0.0,1.0,0.0,0.0,0.0,9.0,4.0,0.0,0.0,0.0,0.0,0.0,0.0,0.0,0.0,2.0,12.0,1.0,12.15,5.0200000000000005,2.51,1.49,0.0,0.0,0.0,0.4,0.0,0.3,-1.1,-1.4,-169.70000000000002,0.0,0.0,169.70000000000002,0.0,21.3,29.4,29.4,30.0,300.0,300.0,31.5,35.4,29.3,28.5,30.4,4.95,1.99,4.97,0.16,0.0,0.0,1027.0,8228.0,0.0,0.0,0.0,0.0,0.0,1.0,0.0,0.0,0.0,0.0,0.0,-2.3000000000000003,0.0,1.0,0.0,0.0,16.0,25903.0
2026-07-30T19:00:51.855Z,221.338,221.352,0.0,7.4,0.0,0.0,0.0,0.0,0.0,0.0,0.0,0.0,1.0,0.0,0.0,0.0,9.0,4.0,0.0,0.0,0.0,0.0,0.0,0.0,0.0,0.0,3.0,12.0,1.0,12.15,5.0200000000000005,2.51,1.49,0.0,0.1,0.0,0.4,0.0,-0.8,-0.5,-0.3,-169.70000000000002,0.0,0.0,169.60000000000002,0.0,21.3,29.4,29.4,30.0,300.0,300.0,31.5,35.4,29.3,28.5,30.4,4.95,2.0,4.96,0.16,0.0,0.0,1027.0,8228.0,0.0,0.0,0.0,0.0,0.0,1.0,0.0,0.0,0.0,0.0,0.0,-0.8,0.0,0.1,0.0,0.0001,16.0,25903.0
2026-07-30T19:00:51.867Z,221.35,221.364,0.0,7.4,0.0,0.0,0.0,0.0,0.0,0.0,0.0,0.0,1.0,0.0,0.0,0.0,9.0,4.0,0.0,0.0,0.0,0.0,0.0,0.0,0.0,0.0,4.0,12.0,1.0,12.15,5.0200000000000005,2.51,1.49,0.0,0.0,0.0,0.4,0.0,-0.2,0.0,0.3,-169.70000000000002,0.0,0.0,169.8,0.0,21.3,29.4,29.4,30.0,300.0,300.0,31.5,35.4,29.3,28.5,30.4,4.96,1.99,4.96,0.16,0.0,0.0,1027.0,8228.0,0.0,0.0,0.0,0.0,0.0,1.0,0.0,0.0,0.0,0.0,0.0,0.3,0.0,-0.2,0.0,0.0002,16.0,25903.0
2026-07-30T19:00:51.879Z,221.362,221.376,0.0,7.4,0.0,0.0,0.0,0.0,0.0,0.0,0.0,0.0,1.0,0.0,0.0,0.0,9.0,4.0,0.0,0.0,0.0,0.0,0.0,0.0,0.0,0.0,6.0,12.0,1.0,12.15,5.0200000000000005,2.51,1.49,0.0,0.0,0.0,0.4,0.0,-0.2,-0.5,-0.2,-169.70000000000002,0.0,0.0,169.70000000000002,0.0,21.3,29.4,29.4,30.0,300.0,300.0,31.5,35.4,29.3,28.5,30.4,4.95,1.99,4.97,0.16,0.0,0.0,1027.0,8228.0,0.0,0.0,0.0,0.0,0.0,1.0,0.0,0.0,0.0,0.0,0.0,-0.7000000000000001,0.0,0.0,0.0,0.0001,16.0,25903.0
2026-07-30T19:00:51.891Z,221.374,221.388,0.0,7.4,0.0,0.0,0.0,0.0,0.0,0.0,0.0,0.0,1.0,0.0,0.0,0.0,9.0,4.0,0.0,0.0,0.0,0.0,0.0,0.0,0.0,0.0,1.0,12.0,1.0,12.15,5.0200000000000005,2.51,1.49,0.0,0.0,0.0,0.4,0.0,0.4,-0.4,0.4,-169.70000000000002,0.0,0.0,169.70000000000002,0.0,21.3,29.4,29.4,30.0,300.0,300.0,31.5,35.4,29.3,28.5,30.4,4.96,1.99,4.97,0.16,0.0,0.0,1027.0,8228.0,0.0,0.0,0.0,0.0,0.0,1.0,0.0,0.0,0.0,0.0,0.0,-0.2,0.0,-0.4,0.0,0.0001,16.0,25903.0
2026-07-30T19:00:51.903Z,221.386,221.4,0.0,7.4,0.0,0.0,0.0,0.0,0.0,0.0,0.0,0.0,1.0,0.0,0.0,0.0,9.0,4.0,0.0,0.0,0.0,0.0,0.0,0.0,0.0,0.0,3.0,12.0,1.0,12.15,5.0200000000000005,2.51,1.49,0.0,0.0,0.0,0.4,0.0,-0.1,0.6000000000000001,-2.5,-169.70000000000002,0.0,0.0,169.70000000000002,0.0,21.3,29.4,29.4,30.0,300.0,300.0,31.5,35.4,29.3,28.5,30.4,4.96,1.99,4.97,0.16,0.0,0.0,1027.0,8228.0,0.0,0.0,0.0,0.0,0.0,1.0,0.0,0.0,0.0,0.0,0.0,-1.1,0.0,2.3000000000000003,0.0,0.0,16.0,25903.0
2026-07-30T19:00:51.915Z,221.398,221.412,0.0,7.4,0.0,0.0,0.0,0.0,0.0,0.0,0.0,0.0,1.0,0.0,0.0,0.0,9.0,4.0,0.0,0.0,0.0,0.0,0.0,0.0,0.0,0.0,4.0,12.0,1.0,12.15,5.0200000000000005,2.51,1.49,0.0,0.0,0.0,0.4,0.0,0.4,-0.5,-0.7000000000000001,-169.70000000000002,0.0,0.0,169.70000000000002,0.0,21.3,29.4,29.4,30.0,300.0,300.0,31.5,35.4,29.3,28.5,30.4,4.96,1.99,4.97,0.16,0.0,0.0,1027.0,8228.0,0.0,0.0,0.0,0.0,0.0,1.0,0.0,0.0,0.0,0.0,0.0,-1.1,0.0,0.5,0.0,0.0,16.0,25903.0
2026-07-30T19:00:51.927Z,221.41,221.424,0.0,7.4,0.0,0.0,0.0,0.0,0.0,0.0,0.0,0.0,1.0,0.0,0.0,0.0,9.0,4.0,0.0,0.0,0.0,0.0,0.0,0.0,0.0,0.0,5.0,12.0,1.0,12.15,5.0200000000000005,2.51,1.49,0.0,0.0,0.0,0.4,0.0,-0.7000000000000001,0.6000000000000001,0.4,-169.70000000000002,0.0,0.0,169.70000000000002,0.0,21.3,29.4,29.4,30.0,300.0,300.0,31.5,35.4,29.3,28.5,30.4,4.95,1.99,4.97,0.16,0.0,0.0,1027.0,8228.0,0.0,0.0,0.0,0.0,0.0,1.0,0.0,0.0,0.0,0.0,0.0,1.0,0.0,-0.2,0.0,0.0,16.0,25903.0
2026-07-30T19:00:51.940Z,221.423,221.436,0.0,7.4,0.0,0.0,0.0,0.0,0.0,0.0,0.0,0.0,1.0,0.0,0.0,0.0,9.0,4.0,0.0,0.0,0.0,0.0,0.0,0.0,0.0,0.0,6.0,12.0,1.0,12.17,5.01,2.51,1.49,0.0,0.0,0.0,0.4,0.0,0.4,0.0,1.5,-169.70000000000002,0.0,0.0,169.70000000000002,0.0,21.8,29.4,29.4,30.0,300.0,300.0,31.5,35.4,29.3,28.5,30.4,4.96,2.0,4.96,0.16,0.0,0.0,1027.0,8228.0,0.0,0.0,0.0,0.0,0.0,1.0,0.0,0.0,0.0,0.0,0.0,1.2000000000000002,0.0,-1.3,0.0,0.0,16.0,25903.0
2026-07-30T19:00:51.951Z,221.434,221.448,0.0,7.4,0.0,0.0,0.0,0.0,0.0,0.0,0.0,0.0,1.0,0.0,0.0,0.0,9.0,4.0,0.0,0.0,0.0,0.0,0.0,0.0,0.0,0.0,1.0,12.0,1.0,12.17,5.01,2.51,1.49,0.0,0.0,0.0,0.4,0.0,0.4,1.8,1.5,-169.70000000000002,0.0,0.0,169.8,0.0,21.8,29.4,29.4,30.0,300.0,300.0,31.5,35.4,29.3,28.5,30.4,4.96,1.99,4.97,0.16,0.0,0.0,1027.0,8228.0,0.0,0.0,0.0,0.0,0.0,1.0,0.0,0.0,0.0,0.0,0.0,3.2,0.0,-1.0,0.0,0.0,16.0,25903.0
2026-07-30T19:00:51.963Z,221.446,221.46,0.0,7.4,0.0,0.0,0.0,0.0,0.0,0.0,0.0,0.0,1.0,0.0,0.0,0.0,9.0,4.0,0.0,0.0,0.0,0.0,0.0,0.0,0.0,0.0,3.0,12.0,1.0,12.17,5.01,2.51,1.49,0.0,0.0,0.0,0.4,0.0,0.4,0.0,-0.7000000000000001,-169.70000000000002,0.0,0.0,169.70000000000002,0.0,21.8,29.4,29.4,30.0,300.0,300.0,31.5,35.4,29.3,28.5,30.4,4.95,2.0,4.97,0.16,0.0,0.0,1027.0,8228.0,0.0,0.0,0.0,0.0,0.0,1.0,0.0,0.0,0.0,0.0,0.0,-0.5,0.0,0.7000000000000001,0.0,0.0002,16.0,25903.0
2026-07-30T19:00:51.975Z,221.458,221.472,0.0,7.4,0.0,0.0,0.0,0.0,0.0,0.0,0.0,0.0,1.0,0.0,0.0,0.0,9.0,4.0,0.0,0.0,0.0,0.0,0.0,0.0,0.0,0.0,4.0,12.0,1.0,12.17,5.01,2.51,1.49,0.0,0.0,0.0,0.4,0.0,-0.1,0.1,-0.1,-169.70000000000002,0.0,0.0,169.70000000000002,0.0,21.8,29.4,29.4,30.0,300.0,300.0,31.5,35.4,29.3,28.5,30.4,4.96,2.0,4.97,0.16,0.0,0.0,1027.0,8228.0,0.0,0.0,0.0,0.0,0.0,1.0,0.0,0.0,0.0,0.0,0.0,0.0,0.0,0.1,0.0,0.0002,16.0,25903.0
2026-07-30T19:00:51.987Z,221.47,221.484,0.0,7.4,0.0,0.0,0.0,0.0,0.0,0.0,0.0,0.0,1.0,0.0,0.0,0.0,9.0,4.0,0.0,0.0,0.0,0.0,0.0,0.0,0.0,0.0,5.0,12.0,1.0,12.17,5.01,2.51,1.49,0.0,0.0,0.0,0.4,0.0,0.4,0.1,0.4,-169.70000000000002,0.0,0.0,169.8,0.0,21.8,29.4,29.4,30.0,300.0,300.0,31.5,35.4,29.3,28.5,30.4,4.96,2.0,4.96,0.16,0.0,0.0,1027.0,8228.0,0.0,0.0,0.0,0.0,0.0,1.0,0.0,0.0,0.0,0.0,0.0,0.4,0.0,-0.3,0.0,0.0002,16.0,25903.0
2026-07-30T19:00:51.999Z,221.482,221.496,0.0,7.4,0.0,0.0,0.0,0.0,0.0,0.0,0.0,0.0,1.0,0.0,0.0,0.0,9.0,4.0,0.0,0.0,0.0,0.0,0.0,0.0,0.0,0.0,6.0,12.0,1.0,12.17,5.01,2.51,1.49,0.0,0.0,0.0,0.4,0.0,-0.6000000000000001,-1.0,-0.1,-169.70000000000002,0.0,0.0,169.8,0.0,21.8,29.4,29.4,30.0,300.0,300.0,31.5,35.4,29.3,28.5,30.4,4.96,1.99,4.97,0.16,0.0,0.0,1027.0,8228.0,0.0,0.0,0.0,0.0,0.0,1.0,0.0,0.0,0.0,0.0,0.0,-1.2000000000000002,0.0,0.0,0.0,0.0001,16.0,25903.0
2026-07-30T19:00:52.016Z,221.499,221.508,0.0,7.4,0.0,0.0,0.0,0.0,0.0,0.0,0.0,0.0,1.0,0.0,0.0,0.0,9.0,4.0,0.0,0.0,0.0,0.0,0.0,0.0,0.0,0.0,1.0,12.0,1.0,12.17,5.01,2.51,1.49,0.0,0.0,0.0,0.4,0.0,0.0,0.7000000000000001,-0.7000000000000001,-169.70000000000002,0.0,0.0,169.8,0.0,21.8,29.4,29.4,30.0,300.0,300.0,31.5,35.4,29.3,28.5,30.4,4.95,1.99,4.97,0.16,0.0,0.0,1027.0,8228.0,0.0,0.0,0.0,0.0,0.0,1.0,0.0,0.0,0.0,0.0,0.0,0.2,0.0,0.7000000000000001,0.0,0.0001,16.0,25903.0
2026-07-30T19:00:52.025Z,221.508,221.52,0.0,7.4,0.0,0.0,0.0,0.0,0.0,0.0,0.0,0.0,1.0,0.0,0.0,0.0,9.0,4.0,0.0,0.0,0.0,0.0,0.0,0.0,0.0,0.0,6.0,12.0,1.0,12.17,5.01,2.51,1.49,0.0,0.0,0.0,0.4,0.0,-0.6000000000000001,-1.0,-1.8,-169.70000000000002,0.0,0.0,169.8,0.0,21.8,29.4,29.4,30.0,300.0,300.0,31.5,35.4,29.3,28.5,30.4,4.96,1.99,4.96,0.16,0.0,0.0,1027.0,8228.0,0.0,0.0,0.0,0.0,0.0,1.0,0.0,0.0,0.0,0.0,0.0,-2.6,0.0,1.4,0.0,0.0001,16.0,25903.0
2026-07-30T19:00:52.035Z,221.518,221.532,0.0,7.4,0.0,0.0,0.0,0.0,0.0,0.0,0.0,0.0,1.0,0.0,0.0,0.0,9.0,4.0,0.0,0.0,0.0,0.0,0.0,0.0,0.0,0.0,6.0,12.0,1.0,12.17,5.01,2.51,1.49,0.0,0.0,0.0,0.4,0.0,0.0,-0.4,-0.1,-169.70000000000002,0.0,0.0,169.70000000000002,0.0,21.8,29.4,29.4,30.0,300.0,300.0,31.5,35.4,29.3,28.5,30.4,4.95,1.99,4.97,0.16,0.0,0.0,1027.0,8228.0,0.0,0.0,0.0,0.0,0.0,1.0,0.0,0.0,0.0,0.0,0.0,-0.5,0.0,0.0,0.0,0.0001,16.0,25903.0
2026-07-30T19:00:52.047Z,221.53,221.544,0.0,7.4,0.0,0.0,0.0,0.0,0.0,0.0,0.0,0.0,1.0,0.0,0.0,0.0,9.0,4.0,0.0,0.0,0.0,0.0,0.0,0.0,0.0,0.0,1.0,12.0,1.0,12.17,5.01,2.51,1.49,0.0,0.0,0.0,0.4,0.0,0.0,0.6000000000000001,0.4,-169.70000000000002,0.0,0.0,169.70000000000002,0.0,21.200000000000003,29.4,29.4,30.0,300.0,300.0,31.4,35.4,29.3,28.5,30.4,4.95,1.99,4.97,0.16,0.0,0.0,1027.0,8228.0,0.0,0.0,0.0,0.0,0.0,1.0,0.0,0.0,0.0,0.0,0.0,2.0,0.0,-1.3,0.0,0.0,16.0,25903.0
2026-07-30T19:00:52.059Z,221.542,221.556,0.0,7.4,0.0,0.0,0.0,0.0,0.0,0.0,0.0,0.0,1.0,0.0,0.0,0.0,9.0,4.0,0.0,0.0,0.0,0.0,0.0,0.0,0.0,0.0,2.0,12.0,1.0,12.17,5.01,2.51,1.49,0.0,0.0,0.0,0.4,0.0,-0.1,-0.4,-0.7000000000000001,-169.70000000000002,0.0,0.0,169.70000000000002,0.0,21.200000000000003,29.4,29.4,30.0,300.0,300.0,31.4,35.4,29.3,28.5,30.4,4.96,2.0,4.97,0.16,0.0,0.0,1027.0,8228.0,0.0,0.0,0.0,0.0,0.0,1.0,0.0,0.0,0.0,0.0,0.0,0.8,0.0,-0.8,0.0,0.0001,16.0,25903.0
2026-07-30T19:00:52.071Z,221.554,221.568,0.0,7.4,0.0,0.0,0.0,0.0,0.0,0.0,0.0,0.0,1.0,0.0,0.0,0.0,9.0,4.0,0.0,0.0,0.0,0.0,0.0,0.0,0.0,0.0,3.0,12.0,1.0,12.17,5.01,2.51,1.49,0.0,0.0,0.0,0.4,0.0,1.0,0.6000000000000001,1.5,-169.70000000000002,0.0,0.0,169.60000000000002,0.0,21.200000000000003,29.4,29.4,30.0,300.0,300.0,31.4,35.4,29.3,28.5,30.4,4.96,2.0,4.96,0.16,0.0,0.0,1027.0,8228.0,0.0,0.0,0.0,0.0,0.0,1.0,0.0,0.0,0.0,0.0,0.0,0.0,0.0,0.1,0.0,0.0001,16.0,25903.0
2026-07-30T19:00:52.083Z,221.566,221.58,0.0,7.4,0.0,0.0,0.0,0.0,0.0,0.0,0.0,0.0,1.0,0.0,0.0,0.0,9.0,4.0,0.0,0.0,0.0,0.0,0.0,0.0,0.0,0.0,4.0,12.0,1.0,12.17,5.01,2.51,1.49,0.0,0.0,0.0,0.4,0.0,1.0,0.6000000000000001,-0.7000000000000001,-169.70000000000002,0.0,0.0,169.8,0.0,21.200000000000003,29.4,29.4,30.0,300.0,300.0,31.4,35.4,29.3,28.5,30.4,4.96,1.99,4.96,0.16,0.0,0.0,1027.0,8228.0,0.0,0.0,0.0,0.0,0.0,1.0,0.0,0.0,0.0,0.0,0.0,-0.2,0.0,-0.4,0.0,0.0001,16.0,25903.0
2026-07-30T19:00:52.095Z,221.578,221.592,0.0,7.4,0.0,0.0,0.0,0.0,0.0,0.0,0.0,0.0,1.0,0.0,0.0,0.0,9.0,4.0,0.0,0.0,0.0,0.0,0.0,0.0,0.0,0.0,5.0,12.0,1.0,12.17,5.01,2.51,1.49,0.0,0.0,0.0,0.4,0.0,0.4,1.2000000000000002,-1.3,-169.70000000000002,0.0,0.0,169.8,0.0,21.200000000000003,29.4,29.4,30.0,300.0,300.0,31.4,35.4,29.3,28.5,30.4,4.96,1.99,4.96,0.16,0.0,0.0,1027.0,8228.0,0.0,0.0,0.0,0.0,0.0,1.0,0.0,0.0,0.0,0.0,0.0,0.3,0.0,1.4,0.0,0.0001,16.0,25903.0
2026-07-30T19:00:52.107Z,221.59,221.604,0.0,7.4,0.0,0.0,0.0,0.0,0.0,0.0,0.0,0.0,1.0,0.0,0.0,0.0,9.0,4.0,0.0,0.0,0.0,0.0,0.0,0.0,0.0,0.0,6.0,12.0,1.0,12.17,5.01,2.51,1.49,0.0,0.0,0.0,0.4,0.0,-0.1,-0.5,-0.1,-169.70000000000002,0.0,0.0,169.60000000000002,0.0,21.200000000000003,29.4,29.4,30.0,300.0,300.0,31.4,35.4,29.3,28.5,30.4,4.95,1.99,4.96,0.16,0.0,0.0,1027.0,8228.0,0.0,0.0,0.0,0.0,0.0,1.0,0.0,0.0,0.0,0.0,0.0,-0.7000000000000001,0.0,0.0,0.0,0.0002,16.0,25903.0
2026-07-30T19:00:52.119Z,221.602,221.616,0.0,7.4,0.0,0.0,0.0,0.0,0.0,0.0,0.0,0.0,1.0,0.0,0.0,0.0,9.0,4.0,0.0,0.0,0.0,0.0,0.0,0.0,0.0,0.0,2.0,12.0,1.0,12.17,5.01,2.51,1.49,0.0,0.0,0.0,0.4,0.0,0.4,-0.5,-0.1,-169.70000000000002,0.0,0.0,169.70000000000002,0.0,21.200000000000003,29.4,29.4,30.0,300.0,300.0,31.4,35.4,29.3,28.5,30.4,4.95,1.99,4.97,0.16,0.0,0.0,1027.0,8228.0,0.0,0.0,0.0,0.0,0.0,1.0,0.0,0.0,0.0,0.0,0.0,-0.7000000000000001,0.0,0.0,0.0,0.0002,16.0,25903.0
2026-07-30T19:00:52.131Z,221.614,221.628,0.0,7.4,0.0,0.0,0.0,0.0,0.0,0.0,0.0,0.0,1.0,0.0,0.0,0.0,9.0,4.0,0.0,0.0,0.0,0.0,0.0,0.0,0.0,0.0,3.0,12.0,1.0,12.17,5.01,2.51,1.49,0.0,0.0,0.0,0.4,0.0,-0.7000000000000001,-0.4,-0.7000000000000001,-169.70000000000002,0.0,0.0,169.8,0.0,21.200000000000003,29.4,29.4,30.0,300.0,300.0,31.4,35.4,29.3,28.5,30.4,4.96,1.99,4.96,0.16,0.0,0.0,1027.0,8228.0,0.0,0.0,0.0,0.0,0.0,1.0,0.0,0.0,0.0,0.0,0.0,-1.0,0.0,0.5,0.0,0.0001,16.0,25903.0
2026-07-30T19:00:52.144Z,221.627,221.64,0.0,7.4,0.0,0.0,0.0,0.0,0.0,0.0,0.0,0.0,1.0,0.0,0.0,0.0,9.0,4.0,0.0,0.0,0.0,0.0,0.0,0.0,0.0,0.0,4.0,12.0,1.0,12.15,5.01,2.51,1.49,0.0,0.0,0.0,0.4,0.0,-0.1,0.7000000000000001,0.4,-169.70000000000002,0.0,0.0,169.70000000000002,0.0,21.8,29.4,29.4,30.0,300.0,300.0,31.4,35.4,29.3,28.5,30.4,4.96,2.0,4.96,0.16,0.0,0.0,1027.0,8228.0,0.0,0.0,0.0,0.0,0.0,1.0,0.0,0.0,0.0,0.0,0.0,1.1,0.0,-0.2,0.0,0.0002,16.0,25903.0
2026-07-30T19:00:52.155Z,221.638,221.652,0.0,7.4,0.0,0.0,0.0,0.0,0.0,0.0,0.0,0.0,1.0,0.0,0.0,0.0,9.0,4.0,0.0,0.0,0.0,0.0,0.0,0.0,0.0,0.0,4.0,12.0,1.0,12.15,5.01,2.51,1.49,0.0,0.0,0.0,0.4,0.0,-0.1,0.1,-0.7000000000000001,-169.70000000000002,0.0,0.0,169.70000000000002,0.0,21.8,29.4,29.4,30.0,300.0,300.0,31.4,35.4,29.3,28.5,30.4,4.95,1.99,4.96,0.16,0.0,0.0,1027.0,8228.0,0.0,0.0,0.0,0.0,0.0,1.0,0.0,0.0,0.0,0.0,0.0,-0.4,0.0,0.6000000000000001,0.0,0.0001,16.0,25903.0
2026-07-30T19:00:52.167Z,221.65,221.664,0.0,7.4,0.0,0.0,0.0,0.0,0.0,0.0,0.0,0.0,1.0,0.0,0.0,0.0,9.0,4.0,0.0,0.0,0.0,0.0,0.0,0.0,0.0,0.0,5.0,12.0,1.0,12.15,5.01,2.51,1.49,0.0,0.0,0.0,0.4,0.0,-0.1,0.6000000000000001,0.3,-169.70000000000002,0.0,0.0,169.70000000000002,0.0,21.8,29.4,29.4,30.0,300.0,300.0,31.4,35.4,29.3,28.5,30.4,4.95,1.99,4.96,0.16,0.0,0.0,1027.0,8228.0,0.0,0.0,0.0,0.0,0.0,1.0,0.0,0.0,0.0,0.0,0.0,1.0,0.0,-0.2,0.0,0.0,16.0,25903.0
2026-07-30T19:00:52.179Z,221.662,221.676,0.0,7.4,0.0,0.0,0.0,0.0,0.0,0.0,0.0,0.0,1.0,0.0,0.0,0.0,9.0,4.0,0.0,0.0,0.0,0.0,0.0,0.0,0.0,0.0,6.0,12.0,1.0,12.15,5.01,2.51,1.49,0.0,0.0,0.0,0.4,0.0,-0.7000000000000001,0.1,1.6,-169.70000000000002,0.0,0.0,169.70000000000002,0.0,21.8,29.4,29.4,30.0,300.0,300.0,31.4,35.4,29.3,28.5,30.4,4.96,2.0,4.96,0.16,0.0,0.0,1027.0,8228.0,0.0,0.0,0.0,0.0,0.0,1.0,0.0,0.0,0.0,0.0,0.0,1.3,0.0,-1.4,0.0,0.0001,16.0,25903.0
2026-07-30T19:00:52.191Z,221.674,221.688,0.0,7.4,0.0,0.0,0.0,0.0,0.0,0.0,0.0,0.0,1.0,0.0,0.0,0.0,9.0,4.0,0.0,0.0,0.0,0.0,0.0,0.0,0.0,0.0,2.0,12.0,1.0,12.15,5.01,2.51,1.49,0.0,0.0,0.0,0.4,0.0,0.4,0.1,-0.1,-169.70000000000002,0.0,0.0,169.70000000000002,0.0,21.8,29.4,29.4,30.0,300.0,300.0,31.4,35.4,29.3,28.5,30.4,4.96,1.99,4.97,0.16,0.0,0.0,1027.0,8228.0,0.0,0.0,0.0,0.0,0.0,1.0,0.0,0.0,0.0,0.0,0.0,0.0,0.0,0.1,0.0,0.0001,16.0,25903.0
2026-07-30T19:00:52.203Z,221.686,221.7,0.0,7.4,0.0,0.0,0.0,0.0,0.0,0.0,0.0,0.0,1.0,0.0,0.0,0.0,9.0,4.0,0.0,0.0,0.0,0.0,0.0,0.0,0.0,0.0,2.0,12.0,1.0,12.15,5.01,2.51,1.49,0.0,0.0,0.0,0.4,0.0,-1.3,0.1,0.4,-169.70000000000002,0.0,0.0,169.60000000000002,0.0,21.8,29.4,29.4,30.0,300.0,300.0,31.4,35.4,29.3,28.5,30.4,4.95,1.99,4.97,0.16,0.0,0.0,1027.0,8228.0,0.0,0.0,0.0,0.0,0.0,1.0,0.0,0.0,0.0,0.0,0.0,0.4,0.0,-0.3,0.0,0.0,16.0,25903.0
2026-07-30T19:00:52.215Z,221.698,221.712,0.0,7.4,0.0,0.0,0.0,0.0,0.0,0.0,0.0,0.0,1.0,0.0,0.0,0.0,9.0,4.0,0.0,0.0,0.0,0.0,0.0,0.0,0.0,0.0,4.0,12.0,1.0,12.15,5.01,2.51,1.49,0.0,0.0,0.0,0.4,0.0,-0.7000000000000001,-0.4,-1.2000000000000002,-169.70000000000002,0.0,0.0,169.70000000000002,0.0,21.8,29.4,29.4,30.0,300.0,300.0,31.4,35.4,29.3,28.5,30.4,4.96,1.99,4.96,0.16,0.0,0.0,1027.0,8228.0,0.0,0.0,0.0,0.0,0.0,1.0,0.0,0.0,0.0,0.0,0.0,-1.4,0.0,1.0,0.0,0.0001,16.0,25903.0
2026-07-30T19:00:52.227Z,221.71,221.724,0.0,7.4,0.0,0.0,0.0,0.0,0.0,0.0,0.0,0.0,1.0,0.0,0.0,0.0,9.0,4.0,0.0,0.0,0.0,0.0,0.0,0.0,0.0,0.0,5.0,12.0,1.0,12.15,5.01,2.51,1.49,0.0,0.0,0.0,0.4,0.0,-0.1,-1.0,0.5,-169.70000000000002,0.0,0.0,169.70000000000002,0.0,21.8,29.4,29.4,30.0,300.0,300.0,31.4,35.4,29.3,28.5,30.4,4.95,2.0,4.96,0.16,0.0,0.0,1027.0,8228.0,0.0,0.0,0.0,0.0,0.0,1.0,0.0,0.0,0.0,0.0,0.0,-0.7000000000000001,0.0,-0.6000000000000001,0.0,0.0,16.0,25903.0
2026-07-30T19:00:52.239Z,221.722,221.736,0.0,7.4,0.0,0.0,0.0,0.0,0.0,0.0,0.0,0.0,1.0,0.0,0.0,0.0,9.0,4.0,0.0,0.0,0.0,0.0,0.0,0.0,0.0,0.0,6.0,12.0,1.0,12.15,5.01,2.51,1.49,0.0,0.0,0.0,0.4,0.0,0.4,-0.4,0.5,-169.70000000000002,0.0,0.0,169.60000000000002,0.0,21.8,29.4,29.4,30.0,300.0,300.0,31.4,35.4,29.3,28.5,30.4,4.95,1.99,4.97,0.16,0.0,0.0,1027.0,8228.0,0.0,0.0,0.0,0.0,0.0,1.0,0.0,0.0,0.0,0.0,0.0,0.0,0.0,-0.5,0.0,0.0001,16.0,25903.0
2026-07-30T19:00:52.251Z,221.734,221.748,0.0,7.4,0.0,0.0,0.0,0.0,0.0,0.0,0.0,0.0,1.0,0.0,0.0,0.0,9.0,4.0,0.0,0.0,0.0,0.0,0.0,0.0,0.0,0.0,1.0,12.0,1.0,12.15,5.0200000000000005,2.51,1.49,0.0,0.1,0.0,0.4,0.0,0.4,0.1,0.0,-169.70000000000002,0.0,0.0,169.70000000000002,0.0,21.3,29.4,29.4,30.0,300.0,300.0,31.4,35.4,29.3,28.5,30.4,4.96,2.0,4.97,0.16,0.0,0.0,1027.0,8228.0,0.0,0.0,0.0,0.0,0.0,1.0,0.0,0.0,0.0,0.0,0.0,0.1,0.0,0.0,0.0,0.0001,16.0,25903.0
2026-07-30T19:00:52.263Z,221.746,221.76,0.0,7.4,0.0,0.0,0.0,0.0,0.0,0.0,0.0,0.0,1.0,0.0,0.0,0.0,9.0,4.0,0.0,0.0,0.0,0.0,0.0,0.0,0.0,0.0,3.0,12.0,1.0,12.15,5.0200000000000005,2.51,1.49,-0.1,0.0,0.0,0.4,0.0,1.0,0.1,1.0,-169.70000000000002,0.0,0.0,169.70000000000002,0.0,21.3,29.4,29.4,30.0,300.0,300.0,31.4,35.4,29.3,28.5,30.4,4.96,2.0,4.97,0.16,0.0,0.0,1027.0,8228.0,0.0,0.0,0.0,0.0,0.0,1.0,0.0,0.0,0.0,0.0,0.0,1.0,0.0,-0.9,0.0,0.0,16.0,25903.0
2026-07-30T19:00:52.275Z,221.758,221.772,0.0,7.4,0.0,0.0,0.0,0.0,0.0,0.0,0.0,0.0,1.0,0.0,0.0,0.0,9.0,4.0,0.0,0.0,0.0,0.0,0.0,0.0,0.0,0.0,4.0,12.0,1.0,12.15,5.0200000000000005,2.51,1.49,0.0,0.0,0.0,0.4,0.0,1.0,-0.4,0.4,-169.70000000000002,0.0,0.0,169.70000000000002,0.0,21.3,29.4,29.4,30.0,300.0,300.0,31.4,35.4,29.3,28.5,30.4,4.95,1.99,4.97,0.16,0.0,0.0,1027.0,8228.0,0.0,0.0,0.0,0.0,0.0,1.0,0.0,0.0,0.0,0.0,0.0,-0.1,0.0,-0.4,0.0,0.0001,16.0,25903.0
2026-07-30T19:00:52.287Z,221.77,221.784,0.0,7.4,0.0,0.0,0.0,0.0,0.0,0.0,0.0,0.0,1.0,0.0,0.0,0.0,9.0,4.0,0.0,0.0,0.0,0.0,0.0,0.0,0.0,0.0,6.0,12.0,1.0,12.15,5.0200000000000005,2.51,1.49,0.0,0.0,0.0,0.4,0.0,0.4,1.3,1.0,-169.70000000000002,0.0,0.0,169.60000000000002,0.0,21.3,29.4,29.4,30.0,300.0,300.0,31.4,35.4,29.3,28.5,30.4,4.95,2.0,4.96,0.16,0.0,0.0,1027.0,8228.0,0.0,0.0,0.0,0.0,0.0,1.0,0.0,0.0,0.0,0.0,0.0,2.3000000000000003,0.0,-0.6000000000000001,0.0,0.0,16.0,25903.0
2026-07-30T19:00:52.299Z,221.782,221.796,0.0,7.4,0.0,0.0,0.0,0.0,0.0,0.0,0.0,0.0,1.0,0.0,0.0,0.0,9.0,4.0,0.0,0.0,0.0,0.0,0.0,0.0,0.0,0.0,1.0,12.0,1.0,12.15,5.0200000000000005,2.51,1.49,0.0,0.1,0.0,0.4,0.0,0.4,1.3,-0.1,-169.60000000000002,0.0,0.0,169.60000000000002,0.0,21.3,29.4,29.4,30.0,300.0,300.0,31.4,35.4,29.3,28.5,30.4,4.96,2.0,4.96,0.16,0.0,0.0,1027.0,8228.0,0.0,0.0,0.0,0.0,0.0,1.0,0.0,0.0,0.0,0.0,0.0,1.3,0.0,0.4,0.0,0.0001,16.0,25903.0
2026-07-30T19:00:52.311Z,221.794,221.808,0.0,7.4,0.0,0.0,0.0,0.0,0.0,0.0,0.0,0.0,1.0,0.0,0.0,0.0,9.0,4.0,0.0,0.0,0.0,0.0,0.0,0.0,0.0,0.0,2.0,12.0,1.0,12.15,5.0200000000000005,2.51,1.49,0.0,0.0,0.0,0.4,0.0,0.4,0.1,-0.1,-169.60000000000002,0.0,0.0,169.60000000000002,0.0,21.3,29.4,29.4,30.0,300.0,300.0,31.4,35.4,29.3,28.5,30.4,4.96,2.0,4.97,0.16,0.0,0.0,1027.0,8228.0,0.0,0.0,0.0,0.0,0.0,1.0,0.0,0.0,0.0,0.0,0.0,0.0,0.0,0.1,0.0,0.0001,16.0,25903.0
2026-07-30T19:00:52.323Z,221.806,221.82,0.0,7.4,0.0,0.0,0.0,0.0,0.0,0.0,0.0,0.0,1.0,0.0,0.0,0.0,9.0,4.0,0.0,0.0,0.0,0.0,0.0,0.0,0.0,0.0,3.0,12.0,1.0,12.15,5.0200000000000005,2.51,1.49,0.0,0.0,0.0,0.4,0.0,0.3,0.1,2.8000000000000003,-169.60000000000002,0.0,0.0,169.70000000000002,0.0,21.3,29.4,29.4,30.0,300.0,300.0,31.4,35.4,29.3,28.5,30.4,4.95,1.99,4.97,0.16,0.0,0.0,1027.0,8228.0,0.0,0.0,0.0,0.0,0.0,1.0,0.0,0.0,0.0,0.0,0.0,2.2,0.0,-2.4000000000000004,0.0,0.0,16.0,25903.0
2026-07-30T19:00:52.338Z,221.821,221.832,0.0,7.4,0.0,0.0,0.0,0.0,0.0,0.0,0.0,0.0,1.0,0.0,0.0,0.0,9.0,4.0,0.0,0.0,0.0,0.0,0.0,0.0,0.0,0.0,3.0,12.0,1.0,12.15,5.0200000000000005,2.51,1.49,0.0,0.0,0.0,0.4,0.0,-1.3,-0.4,1.0,-169.60000000000002,0.0,0.0,169.70000000000002,0.0,21.3,29.4,29.4,30.0,300.0,300.0,31.4,35.4,29.3,28.5,30.4,4.95,1.99,4.96,0.16,0.0,0.0,1027.0,8228.0,0.0,0.0,0.0,0.0,0.0,1.0,0.0,0.0,0.0,0.0,0.0,0.2,0.0,-1.0,0.0,0.0001,16.0,25903.0
2026-07-30T19:00:52.348Z,221.831,221.844,0.0,7.4,0.0,0.0,0.0,0.0,0.0,0.0,0.0,0.0,1.0,0.0,0.0,0.0,9.0,4.0,0.0,0.0,0.0,0.0,0.0,0.0,0.0,0.0,1.0,12.0,1.0,12.18,5.01,2.51,1.49,0.0,0.0,0.0,0.4,0.0,0.4,1.3,-0.1,-169.60000000000002,0.0,0.0,169.70000000000002,0.0,21.700000000000003,29.4,29.4,30.0,300.0,300.0,31.5,35.4,29.3,28.5,30.4,4.96,1.99,4.96,0.16,0.0,0.0,1027.0,8228.0,0.0,0.0,0.0,0.0,0.0,1.0,0.0,0.0,0.0,0.0,0.0,1.3,0.0,0.4,0.0,0.0,16.0,25903.0
2026-07-30T19:00:52.359Z,221.842,221.856,0.0,7.4,0.0,0.0,0.0,0.0,0.0,0.0,0.0,0.0,1.0,0.0,0.0,0.0,9.0,4.0,0.0,0.0,0.0,0.0,0.0,0.0,0.0,0.0,1.0,12.0,1.0,12.18,5.01,2.51,1.49,0.0,0.0,0.0,0.5,0.0,0.3,-0.4,-0.1,-169.60000000000002,0.0,0.0,169.70000000000002,0.0,21.700000000000003,29.4,29.4,30.0,300.0,300.0,31.5,35.4,29.3,28.5,30.4,4.95,1.99,4.97,0.16,0.0,0.0,1027.0,8228.0,0.0,0.0,0.0,0.0,0.0,1.0,0.0,0.0,0.0,0.0,0.0,-0.6000000000000001,0.0,0.0,0.0,0.0,16.0,25903.0
2026-07-30T19:00:52.371Z,221.854,221.868,0.0,7.4,0.0,0.0,0.0,0.0,0.0,0.0,0.0,0.0,1.0,0.0,0.0,0.0,9.0,4.0,0.0,0.0,0.0,0.0,0.0,0.0,0.0,0.0,1.0,12.0,1.0,12.18,5.01,2.51,1.49,0.0,0.0,0.0,0.4,0.0,0.9,-0.4,-0.1,-169.60000000000002,0.0,0.0,169.60000000000002,0.0,21.700000000000003,29.4,29.4,30.0,300.0,300.0,31.5,35.4,29.3,28.5,30.4,4.95,1.99,4.96,0.16,0.0,0.0,1027.0,8228.0,0.0,0.0,0.0,0.0,0.0,1.0,0.0,0.0,0.0,0.0,0.0,-0.6000000000000001,0.0,0.0,0.0,0.0,16.0,25903.0
2026-07-30T19:00:52.383Z,221.866,221.88,0.0,7.4,0.0,0.0,0.0,0.0,0.0,0.0,0.0,0.0,1.0,0.0,0.0,0.0,9.0,4.0,0.0,0.0,0.0,0.0,0.0,0.0,0.0,0.0,3.0,12.0,1.0,12.18,5.01,2.51,1.49,0.0,0.0,0.0,0.4,0.0,-0.7000000000000001,0.1,-0.7000000000000001,-169.60000000000002,0.0,0.0,169.60000000000002,0.0,21.700000000000003,29.4,29.4,30.0,300.0,300.0,31.5,35.4,29.3,28.5,30.4,4.95,2.0,4.96,0.16,0.0,0.0,1027.0,8228.0,0.0,0.0,0.0,0.0,0.0,1.0,0.0,0.0,0.0,0.0,0.0,-0.3,0.0,0.6000000000000001,0.0,0.0,16.0,25903.0
2026-07-30T19:00:52.395Z,221.878,221.892,0.0,7.4,0.0,0.0,0.0,0.0,0.0,0.0,0.0,0.0,1.0,0.0,0.0,0.0,9.0,4.0,0.0,0.0,0.0,0.0,0.0,0.0,0.0,0.0,4.0,12.0,1.0,12.18,5.01,2.51,1.49,0.0,0.0,0.0,0.4,0.0,-0.1,0.1,-0.7000000000000001,-169.60000000000002,0.0,0.0,169.60000000000002,0.0,21.700000000000003,29.4,29.4,30.0,300.0,300.0,31.5,35.4,29.3,28.5,30.4,4.95,1.99,4.96,0.16,0.0,0.0,1027.0,8228.0,0.0,0.0,0.0,0.0,0.0,1.0,0.0,0.0,0.0,0.0,0.0,-0.4,0.0,0.6000000000000001,0.0,0.0,16.0,25903.0
2026-07-30T19:00:52.407Z,221.89,221.904,0.0,7.4,0.0,0.0,0.0,0.0,0.0,0.0,0.0,0.0,1.0,0.0,0.0,0.0,9.0,4.0,0.0,0.0,0.0,0.0,0.0,0.0,0.0,0.0,5.0,12.0,1.0,12.18,5.01,2.51,1.49,0.0,0.0,0.0,0.4,0.0,0.4,0.7000000000000001,0.4,-169.60000000000002,0.0,0.0,169.70000000000002,0.0,21.700000000000003,29.4,29.4,30.0,300.0,300.0,31.5,35.4,29.3,28.5,30.4,4.95,1.99,4.97,0.16,0.0,0.0,1027.0,8228.0,0.0,0.0,0.0,0.0,0.0,1.0,0.0,0.0,0.0,0.0,0.0,1.1,0.0,-0.2,0.0,0.0,16.0,25903.0
2026-07-30T19:00:52.419Z,221.902,221.916,0.0,7.4,0.0,0.0,0.0,0.0,0.0,0.0,0.0,0.0,1.0,0.0,0.0,0.0,9.0,4.0,0.0,0.0,0.0,0.0,0.0,0.0,0.0,0.0,6.0,12.0,1.0,12.18,5.01,2.51,1.49,0.0,0.0,0.0,0.4,0.0,-0.1,0.0,-1.3,-169.60000000000002,0.0,0.0,169.70000000000002,0.0,21.700000000000003,29.4,29.4,30.0,300.0,300.0,31.5,35.4,29.3,28.5,30.4,4.96,1.99,4.96,0.16,0.0,0.0,1027.0,8228.0,0.0,0.0,0.0,0.0,0.0,1.0,0.0,0.0,0.0,0.0,0.0,-0.8,0.0,1.1,0.0,0.0001,16.0,25903.0
2026-07-30T19:00:52.431Z,221.914,221.928,0.0,7.4,0.0,0.0,0.0,0.0,0.0,0.0,0.0,0.0,1.0,0.0,0.0,0.0,9.0,4.0,0.0,0.0,0.0,0.0,0.0,0.0,0.0,0.0,1.0,12.0,1.0,12.18,5.01,2.51,1.49,0.0,0.0,0.0,0.4,0.0,0.4,1.2000000000000002,0.4,-169.60000000000002,0.0,0.0,169.60000000000002,0.0,21.700000000000003,29.4,29.4,30.0,300.0,300.0,31.5,35.4,29.3,28.5,30.4,4.96,1.99,4.97,0.15,0.0,0.0,1027.0,8228.0,0.0,0.0,0.0,0.0,0.0,1.0,0.0,0.0,0.0,0.0,0.0,1.7000000000000002,0.0,-0.1,0.0,0.0,16.0,25903.0
2026-07-30T19:00:52.443Z,221.926,221.94,0.0,7.4,0.0,0.0,0.0,0.0,0.0,0.0,0.0,0.0,1.0,0.0,0.0,0.0,9.0,4.0,0.0,0.0,0.0,0.0,0.0,0.0,0.0,0.0,1.0,12.0,1.0,12.18,5.01,2.51,1.49,0.0,0.0,0.0,0.4,0.0,0.4,0.6000000000000001,0.4,-169.60000000000002,0.0,0.0,169.60000000000002,0.0,21.700000000000003,29.4,29.4,30.0,300.0,300.0,31.5,35.4,29.3,28.5,30.4,4.95,1.99,4.97,0.16,0.0,0.0,1027.0,8228.0,0.0,0.0,0.0,0.0,0.0,1.0,0.0,0.0,0.0,0.0,0.0,1.1,0.0,-0.2,0.0,0.0001,16.0,25903.0
2026-07-30T19:00:52.455Z,221.938,221.952,0.0,7.4,0.0,0.0,0.0,0.0,0.0,0.0,0.0,0.0,1.0,0.0,0.0,0.0,9.0,4.0,0.0,0.0,0.0,0.0,0.0,0.0,0.0,0.0,2.0,12.0,1.0,12.17,5.01,2.5,1.49,0.0,0.1,0.0,0.4,0.0,-0.6000000000000001,-0.5,-0.1,-169.60000000000002,0.0,0.0,169.70000000000002,0.0,21.200000000000003,29.4,29.4,30.0,300.0,300.0,31.5,35.4,29.3,28.5,30.4,4.95,1.99,4.96,0.16,0.0,0.0,1027.0,8228.0,0.0,0.0,0.0,0.0,0.0,1.0,0.0,0.0,0.0,0.0,0.0,-0.6000000000000001,0.0,0.0,0.0,0.0,16.0,25903.0
2026-07-30T19:00:52.467Z,221.95,221.964,0.0,7.4,0.0,0.0,0.0,0.0,0.0,0.0,0.0,0.0,1.0,0.0,0.0,0.0,9.0,4.0,0.0,0.0,0.0,0.0,0.0,0.0,0.0,0.0,4.0,12.0,1.0,12.17,5.01,2.5,1.49,0.0,0.0,0.0,0.4,0.0,0.4,-1.1,-0.6000000000000001,-169.60000000000002,0.0,0.0,169.70000000000002,0.0,21.200000000000003,29.4,29.4,30.0,300.0,300.0,31.5,35.4,29.3,28.5,30.4,4.95,1.99,4.96,0.16,0.0,0.0,1027.0,8228.0,0.0,0.0,0.0,0.0,0.0,1.0,0.0,0.0,0.0,0.0,0.0,-1.7000000000000002,0.0,0.3,0.0,0.0002,16.0,25903.0
2026-07-30T19:00:52.479Z,221.962,221.976,0.0,7.4,0.0,0.0,0.0,0.0,0.0,0.0,0.0,0.0,1.0,0.0,0.0,0.0,9.0,4.0,0.0,0.0,0.0,0.0,0.0,0.0,0.0,0.0,5.0,12.0,1.0,12.17,5.01,2.5,1.49,0.0,0.0,0.0,0.4,0.0,0.0,1.2000000000000002,-0.1,-169.60000000000002,0.0,0.0,169.70000000000002,0.0,21.200000000000003,29.4,29.4,30.0,300.0,300.0,31.5,35.4,29.3,28.5,30.4,4.95,1.99,4.97,0.16,0.0,0.0,1027.0,8228.0,0.0,0.0,0.0,0.0,0.0,1.0,0.0,0.0,0.0,0.0,0.0,1.3,0.0,0.3,0.0,0.0001,16.0,25903.0
2026-07-30T19:00:52.491Z,221.974,221.988,0.0,7.4,0.0,0.0,0.0,0.0,0.0,0.0,0.0,0.0,1.0,0.0,0.0,0.0,9.0,4.0,0.0,0.0,0.0,0.0,0.0,0.0,0.0,0.0,1.0,12.0,1.0,12.17,5.01,2.5,1.49,0.0,0.0,0.0,0.4,0.0,-0.1,0.0,-0.1,-169.60000000000002,0.0,0.0,169.70000000000002,0.0,21.200000000000003,29.4,29.4,30.0,300.0,300.0,31.5,35.4,29.3,28.5,30.4,4.96,1.99,4.97,0.16,0.0,0.0,1027.0,8228.0,0.0,0.0,0.0,0.0,0.0,1.0,0.0,0.0,0.0,0.0,0.0,0.0,0.0,0.1,0.0,0.0001,16.0,25903.0
2026-07-30T19:00:52.503Z,221.986,222.0,0.0,7.4,0.0,0.0,0.0,0.0,0.0,0.0,0.0,0.0,1.0,0.0,0.0,0.0,9.0,4.0,0.0,0.0,0.0,0.0,0.0,0.0,0.0,0.0,2.0,12.0,1.0,12.17,5.01,2.5,1.49,0.0,0.0,0.0,0.4,0.0,0.4,-0.5,0.0,-169.60000000000002,0.0,0.0,169.70000000000002,0.0,21.200000000000003,29.4,29.4,30.0,300.0,300.0,31.5,35.4,29.3,28.5,30.4,4.96,1.99,4.96,0.16,0.0,0.0,1027.0,8228.0,0.0,0.0,0.0,0.0,0.0,1.0,0.0,0.0,0.0,0.0,0.0,-0.6000000000000001,0.0,0.0,0.0,0.0,16.0,25903.0
2026-07-30T19:00:52.515Z,221.998,222.012,0.0,7.4,0.0,0.0,0.0,0.0,0.0,0.0,0.0,0.0,1.0,0.0,0.0,0.0,9.0,4.0,0.0,0.0,0.0,0.0,0.0,0.0,0.0,0.0,3.0,12.0,1.0,12.17,5.01,2.5,1.49,0.0,0.0,0.0,0.4,0.0,-0.1,-0.5,0.0,-169.60000000000002,0.0,0.0,169.70000000000002,0.0,21.200000000000003,29.4,29.4,30.0,300.0,300.0,31.5,35.4,29.3,28.5,30.4,4.95,1.99,4.97,0.16,0.0,0.0,1027.0,8228.0,0.0,0.0,0.0,0.0,0.0,1.0,0.0,0.0,0.0,0.0,0.0,-0.6000000000000001,0.0,0.0,0.0,0.0,16.0,25903.0
2026-07-30T19:00:52.527Z,222.01,222.024,0.0,7.4,0.0,0.0,0.0,0.0,0.0,0.0,0.0,0.0,1.0,0.0,0.0,0.0,9.0,4.0,0.0,0.0,0.0,0.0,0.0,0.0,0.0,0.0,4.0,12.0,1.0,12.17,5.01,2.5,1.49,0.0,0.0,0.0,0.4,0.0,-0.7000000000000001,0.0,-1.2000000000000002,-169.60000000000002,0.0,0.0,169.70000000000002,0.0,21.200000000000003,29.4,29.4,30.0,300.0,300.0,31.5,35.4,29.3,28.5,30.4,4.95,1.99,4.96,0.16,0.0,0.0,1027.0,8228.0,0.0,0.0,0.0,0.0,0.0,1.0,0.0,0.0,0.0,0.0,0.0,-0.9,0.0,1.1,0.0,0.0,16.0,25903.0
2026-07-30T19:00:52.539Z,222.022,222.036,0.0,7.4,0.0,0.0,0.0,0.0,0.0,0.0,0.0,0.0,1.0,0.0,0.0,0.0,9.0,4.0,0.0,0.0,0.0,0.0,0.0,0.0,0.0,0.0,5.0,12.0,1.0,12.17,5.01,2.5,1.49,0.0,0.0,0.0,0.4,0.0,-0.1,1.1,-0.1,-169.60000000000002,0.0,0.0,169.70000000000002,0.0,21.200000000000003,29.4,29.4,30.0,300.0,300.0,31.5,35.4,29.3,28.5,30.4,4.95,1.99,4.96,0.16,0.0,0.0,1027.0,8228.0,0.0,0.0,0.0,0.0,0.0,1.0,0.0,0.0,0.0,0.0,0.0,1.2000000000000002,0.0,0.3,0.0,0.0001,16.0,25903.0
2026-07-30T19:00:52.552Z,222.035,222.048,0.0,7.4,0.0,0.0,0.0,0.0,0.0,0.0,0.0,0.0,1.0,0.0,0.0,0.0,9.0,4.0,0.0,0.0,0.0,0.0,0.0,0.0,0.0,0.0,6.0,12.0,1.0,12.14,5.0200000000000005,2.51,1.49,0.0,0.0,0.0,0.4,0.0,0.4,-0.5,-0.7000000000000001,-169.60000000000002,0.0,0.0,169.8,0.0,21.700000000000003,29.4,29.4,30.0,300.0,300.0,31.6,35.4,29.200000000000003,28.5,30.4,4.95,1.99,4.97,0.16,0.0,0.0,1027.0,8228.0,0.0,0.0,0.0,0.0,0.0,1.0,0.0,0.0,0.0,0.0,0.0,-1.1,0.0,0.5,0.0,0.0001,16.0,25903.0
2026-07-30T19:00:52.563Z,222.046,222.06,0.0,7.4,0.0,0.0,0.0,0.0,0.0,0.0,0.0,0.0,1.0,0.0,0.0,0.0,9.0,4.0,0.0,0.0,0.0,0.0,0.0,0.0,0.0,0.0,1.0,12.0,1.0,12.14,5.0200000000000005,2.51,1.49,0.0,0.0,0.0,0.4,0.0,0.4,0.6000000000000001,1.0,-169.60000000000002,0.0,0.0,169.8,0.0,21.700000000000003,29.4,29.4,30.0,300.0,300.0,31.6,35.4,29.200000000000003,28.5,30.4,4.96,1.99,4.97,0.16,0.0,0.0,1027.0,8228.0,0.0,0.0,0.0,0.0,0.0,1.0,0.0,0.0,0.0,0.0,0.0,-0.5,0.0,0.6000000000000001,0.0,0.0,16.0,25903.0
2026-07-30T19:00:52.574Z,222.057,222.072,0.0,7.4,0.0,0.0,0.0,0.0,0.0,0.0,0.0,0.0,1.0,0.0,0.0,0.0,9.0,4.0,0.0,0.0,0.0,0.0,0.0,0.0,0.0,0.0,2.0,12.0,1.0,12.14,5.0200000000000005,2.51,1.49,0.0,0.0,0.0,0.4,0.0,0.9,0.5,-0.1,-169.60000000000002,0.0,0.0,169.70000000000002,0.0,21.700000000000003,29.4,29.4,30.0,300.0,300.0,31.6,35.4,29.200000000000003,28.5,30.4,4.96,1.99,4.96,0.16,0.0,0.0,1027.0,8228.0,0.0,0.0,0.0,0.0,0.0,1.0,0.0,0.0,0.0,0.0,0.0,-1.2000000000000002,0.0,0.5,0.0,0.0001,16.0,25903.0
2026-07-30T19:00:52.587Z,222.07,222.084,0.0,7.4,0.0,0.0,0.0,0.0,0.0,0.0,0.0,0.0,1.0,0.0,0.0,0.0,9.0,4.0,0.0,0.0,0.0,0.0,0.0,0.0,0.0,0.0,3.0,12.0,1.0,12.14,5.0200000000000005,2.51,1.49,0.0,0.0,0.0,0.4,0.0,0.9,0.6000000000000001,1.0,-169.70000000000002,0.0,0.0,169.70000000000002,0.0,21.700000000000003,29.4,29.4,30.0,300.0,300.0,31.6,35.4,29.200000000000003,28.5,30.4,4.96,1.99,4.96,0.16,0.0,0.0,1027.0,8228.0,0.0,0.0,0.0,0.0,0.0,1.0,0.0,0.0,0.0,0.0,0.0,-0.2,0.0,1.2000000000000002,0.0,0.0002,16.0,25903.0
2026-07-30T19:00:52.599Z,222.082,222.096,0.0,7.4,0.0,0.0,0.0,0.0,0.0,0.0,0.0,0.0,1.0,0.0,0.0,0.0,9.0,4.0,0.0,0.0,0.0,0.0,0.0,0.0,0.0,0.0,4.0,12.0,1.0,12.14,5.0200000000000005,2.51,1.49,0.0,0.0,0.0,0.4,0.0,-0.8,-0.5,-0.1,-169.60000000000002,0.0,0.0,169.60000000000002,0.0,21.700000000000003,29.4,29.4,30.0,300.0,300.0,31.6,35.4,29.200000000000003,28.5,30.4,4.95,1.99,4.97,0.16,0.0,0.0,1027.0,8228.0,0.0,0.0,0.0,0.0,0.0,1.0,0.0,0.0,0.0,0.0,0.0,0.1,0.0,-0.9,0.0,0.0001,16.0,25903.0
2026-07-30T19:00:52.611Z,222.094,222.108,0.0,7.4,0.0,0.0,0.0,0.0,0.0,0.0,0.0,0.0,1.0,0.0,0.0,0.0,9.0,4.0,0.0,0.0,0.0,0.0,0.0,0.0,0.0,0.0,5.0,12.0,1.0,12.14,5.0200000000000005,2.51,1.49,0.0,0.0,0.0,0.4,0.0,-0.2,-0.5,0.4,-169.60000000000002,0.0,0.0,169.70000000000002,0.0,21.700000000000003,29.4,29.4,30.0,300.0,300.0,31.6,35.4,29.200000000000003,28.5,30.4,4.96,1.99,4.96,0.16,0.0,0.0,1027.0,8228.0,0.0,0.0,0.0,0.0,0.0,1.0,0.0,0.0,0.0,0.0,0.0,-0.3,0.0,-0.4,0.0,0.0001,16.0,25903.0
2026-07-30T19:00:52.623Z,222.106,222.12,0.0,7.4,0.0,0.0,0.0,0.0,0.0,0.0,0.0,0.0,1.0,0.0,0.0,0.0,9.0,4.0,0.0,0.0,0.0,0.0,0.0,0.0,0.0,0.0,6.0,12.0,1.0,12.14,5.0200000000000005,2.51,1.49,0.0,0.0,0.0,0.4,0.0,-0.2,0.0,-0.1,-169.60000000000002,0.0,0.0,169.8,0.0,21.700000000000003,29.4,29.4,30.0,300.0,300.0,31.6,35.4,29.200000000000003,28.5,30.4,4.96,2.0,4.96,0.16,0.0,0.0,1027.0,8228.0,0.0,0.0,0.0,0.0,0.0,1.0,0.0,0.0,0.0,0.0,0.0,-0.1,0.0,0.1,0.0,0.0001,16.0,25903.0
2026-07-30T19:00:52.635Z,222.118,222.132,0.0,7.4,0.0,0.0,0.0,0.0,0.0,0.0,0.0,0.0,1.0,0.0,0.0,0.0,9.0,4.0,0.0,0.0,0.0,0.0,0.0,0.0,0.0,0.0,1.0,12.0,1.0,12.14,5.0200000000000005,2.51,1.49,0.0,0.0,0.0,0.4,0.0,0.3,0.6000000000000001,0.4,-169.70000000000002,0.0,0.0,169.8,0.0,21.700000000000003,29.4,29.4,30.0,300.0,300.0,31.6,35.4,29.200000000000003,28.5,30.4,4.95,1.99,4.96,0.16,0.0,0.0,1027.0,8228.0,0.0,0.0,0.0,0.0,0.0,1.0,0.0,0.0,0.0,0.0,0.0,1.0,0.0,-0.2,0.0,0.0001,16.0,25903.0
2026-07-30T19:00:52.650Z,222.133,222.144,0.0,7.4,0.0,0.0,0.0,0.0,0.0,0.0,0.0,0.0,1.0,0.0,0.0,0.0,9.0,4.0,0.0,0.0,0.0,0.0,0.0,0.0,0.0,0.0,2.0,12.0,1.0,12.14,5.0200000000000005,2.51,1.49,0.0,0.1,0.0,0.4,0.0,-0.1,0.0,-1.3,-169.70000000000002,0.0,0.0,169.8,0.0,21.700000000000003,29.4,29.4,30.0,300.0,300.0,31.6,35.4,29.200000000000003,28.5,30.4,4.95,1.99,4.97,0.16,0.0,0.0,1027.0,8228.0,0.0,0.0,0.0,0.0,0.0,1.0,0.0,0.0,0.0,0.0,0.0,-0.9,0.0,1.1,0.0,0.0001,16.0,25903.0
2026-07-30T19:00:52.662Z,222.145,222.156,0.0,7.4,0.0,0.0,0.0,0.0,0.0,0.0,0.0,0.0,1.0,0.0,0.0,0.0,9.0,4.0,0.0,0.0,0.0,0.0,0.0,0.0,0.0,0.0,2.0,12.0,1.0,12.17,5.01,2.51,1.49,0.0,0.0,0.0,0.4,0.0,-0.1,-1.1,-0.7000000000000001,-169.70000000000002,0.0,0.0,169.70000000000002,0.0,21.9,29.4,29.4,30.0,300.0,300.0,31.5,35.4,29.3,28.5,30.4,4.96,2.0,4.96,0.16,0.0,0.0,1027.0,8228.0,0.0,0.0,0.0,0.0,0.0,1.0,0.0,0.0,0.0,0.0,0.0,-1.8,0.0,0.3,0.0,0.0,16.0,25903.0
2026-07-30T19:00:52.671Z,222.154,222.168,0.0,7.4,0.0,0.0,0.0,0.0,0.0,0.0,0.0,0.0,1.0,0.0,0.0,0.0,9.0,4.0,0.0,0.0,0.0,0.0,0.0,0.0,0.0,0.0,1.0,12.0,1.0,12.17,5.01,2.51,1.49,0.0,0.0,0.0,0.4,0.0,-0.1,0.0,1.0,-169.70000000000002,0.0,0.0,169.60000000000002,0.0,21.9,29.4,29.4,30.0,300.0,300.0,31.5,35.4,29.3,28.5,30.4,4.96,2.0,4.97,0.16,0.0,0.0,1027.0,8228.0,0.0,0.0,0.0,0.0,0.0,1.0,0.0,0.0,0.0,0.0,0.0,0.7000000000000001,0.0,-0.8,0.0,0.0001,16.0,25903.0
2026-07-30T19:00:52.683Z,222.166,222.18,0.0,7.4,0.0,0.0,0.0,0.0,0.0,0.0,0.0,0.0,1.0,0.0,0.0,0.0,9.0,4.0,0.0,0.0,0.0,0.0,0.0,0.0,0.0,0.0,2.0,12.0,1.0,12.17,5.01,2.51,1.49,0.0,0.0,0.0,0.4,0.0,0.4,0.0,0.4,-169.70000000000002,0.0,0.0,169.70000000000002,0.0,21.9,29.4,29.4,30.0,300.0,300.0,31.5,35.4,29.3,28.5,30.4,4.95,1.99,4.97,0.16,0.0,0.0,1027.0,8228.0,0.0,0.0,0.0,0.0,0.0,1.0,0.0,0.0,0.0,0.0,0.0,0.3,0.0,-0.3,0.0,0.0002,16.0,25903.0
2026-07-30T19:00:52.695Z,222.178,222.192,0.0,7.4,0.0,0.0,0.0,0.0,0.0,0.0,0.0,0.0,1.0,0.0,0.0,0.0,9.0,4.0,0.0,0.0,0.0,0.0,0.0,0.0,0.0,0.0,3.0,12.0,1.0,12.17,5.01,2.51,1.49,0.0,0.0,0.0,0.4,0.0,1.0,0.6000000000000001,1.0,-169.60000000000002,0.0,0.0,169.60000000000002,0.0,21.9,29.4,29.4,30.0,300.0,300.0,31.5,35.4,29.3,28.5,30.4,4.96,1.99,4.96,0.16,0.0,0.0,1027.0,8228.0,0.0,0.0,0.0,0.0,0.0,1.0,0.0,0.0,0.0,0.0,0.0,1.5,0.0,-0.7000000000000001,0.0,0.0,16.0,25903.0
2026-07-30T19:00:52.707Z,222.19,222.204,0.0,7.4,0.0,0.0,0.0,0.0,0.0,0.0,0.0,0.0,1.0,0.0,0.0,0.0,9.0,4.0,0.0,0.0,0.0,0.0,0.0,0.0,0.0,0.0,4.0,12.0,1.0,12.17,5.01,2.51,1.49,0.0,0.0,0.0,0.4,0.0,-0.1,-0.4,0.4,-169.60000000000002,0.0,0.0,169.60000000000002,0.0,21.9,29.4,29.4,30.0,300.0,300.0,31.5,35.4,29.3,28.5,30.4,4.96,2.0,4.96,0.16,0.0,0.0,1027.0,8228.0,0.0,0.0,0.0,0.0,0.0,1.0,0.0,0.0,0.0,0.0,0.0,-0.2,0.0,-0.4,0.0,0.0,16.0,25903.0
2026-07-30T19:00:52.719Z,222.202,222.216,0.0,7.4,0.0,0.0,0.0,0.0,0.0,0.0,0.0,0.0,1.0,0.0,0.0,0.0,9.0,4.0,0.0,0.0,0.0,0.0,0.0,0.0,0.0,0.0,5.0,12.0,1.0,12.17,5.01,2.51,1.49,0.0,0.0,0.0,0.4,0.0,1.6,0.0,0.3,-169.60000000000002,0.0,0.0,169.60000000000002,0.0,21.9,29.4,29.4,30.0,300.0,300.0,31.5,35.4,29.3,28.5,30.4,4.96,1.99,4.97,0.16,0.0,0.0,1027.0,8228.0,0.0,0.0,0.0,0.0,0.0,1.0,0.0,0.0,0.0,0.0,0.0,0.3,0.0,-0.3,0.0,0.0,16.0,25903.0
2026-07-30T19:00:52.731Z,222.214,222.228,0.0,7.4,0.0,0.0,0.0,0.0,0.0,0.0,0.0,0.0,1.0,0.0,0.0,0.0,9.0,4.0,0.0,0.0,0.0,0.0,0.0,0.0,0.0,0.0,6.0,12.0,1.0,12.17,5.01,2.51,1.49,0.0,0.0,0.0,0.4,0.0,-0.1,0.0,1.5,-169.60000000000002,0.0,0.0,169.60000000000002,0.0,21.9,29.4,29.4,30.0,300.0,300.0,31.5,35.4,29.3,28.5,30.4,4.96,2.0,4.97,0.16,0.0,0.0,1027.0,8228.0,0.0,0.0,0.0,0.0,0.0,1.0,0.0,0.0,0.0,0.0,0.0,1.2000000000000002,0.0,-1.3,0.0,0.0,16.0,25903.0
2026-07-30T19:00:52.743Z,222.226,222.24,0.0,7.4,0.0,0.0,0.0,0.0,0.0,0.0,0.0,0.0,1.0,0.0,0.0,0.0,9.0,4.0,0.0,0.0,0.0,0.0,0.0,0.0,0.0,0.0,1.0,12.0,1.0,12.17,5.01,2.51,1.49,0.0,0.0,0.0,0.4,0.0,0.4,-0.5,0.3,-169.60000000000002,0.0,0.0,169.70000000000002,0.0,21.9,29.4,29.4,30.0,300.0,300.0,31.5,35.4,29.3,28.5,30.4,4.96,2.0,4.96,0.16,0.0,0.0,1027.0,8228.0,0.0,0.0,0.0,0.0,0.0,1.0,0.0,0.0,0.0,0.0,0.0,-0.3,0.0,-0.4,0.0,0.0,16.0,25903.0
2026-07-30T19:00:52.756Z,222.239,222.252,0.0,7.4,0.0,0.0,0.0,0.0,0.0,0.0,0.0,0.0,1.0,0.0,0.0,0.0,9.0,4.0,0.0,0.0,0.0,0.0,0.0,0.0,0.0,0.0,2.0,12.0,1.0,12.14,5.0200000000000005,2.5,1.5,0.0,0.0,0.0,0.4,0.0,-0.6000000000000001,-0.5,0.3,-169.60000000000002,0.0,0.0,169.70000000000002,0.0,21.4,29.4,29.4,30.0,300.0,300.0,31.6,35.4,29.3,28.5,30.4,4.95,1.99,4.97,0.16,0.0,0.0,1027.0,8228.0,0.0,0.0,0.0,0.0,0.0,1.0,0.0,0.0,0.0,0.0,0.0,-0.3,0.0,-0.4,0.0,0.0001,16.0,25903.0
2026-07-30T19:00:52.767Z,222.25,222.264,0.0,7.4,0.0,0.0,0.0,0.0,0.0,0.0,0.0,0.0,1.0,0.0,0.0,0.0,9.0,4.0,0.0,0.0,0.0,0.0,0.0,0.0,0.0,0.0,3.0,12.0,1.0,12.14,5.0200000000000005,2.5,1.5,0.0,0.0,0.0,0.4,0.0,0.4,0.6000000000000001,-0.2,-169.60000000000002,0.0,0.0,169.60000000000002,0.0,21.4,29.4,29.4,30.0,300.0,300.0,31.6,35.4,29.3,28.5,30.4,4.95,1.99,4.96,0.16,0.0,0.0,1027.0,8228.0,0.0,0.0,0.0,0.0,0.0,1.0,0.0,0.0,0.0,0.0,0.0,0.5,0.0,0.3,0.0,0.0,16.0,25903.0
2026-07-30T19:00:52.779Z,222.262,222.276,0.0,7.4,0.0,0.0,0.0,0.0,0.0,0.0,0.0,0.0,1.0,0.0,0.0,0.0,9.0,4.0,0.0,0.0,0.0,0.0,0.0,0.0,0.0,0.0,4.0,12.0,1.0,12.14,5.0200000000000005,2.5,1.5,0.0,0.0,0.0,0.4,0.0,0.4,0.0,-0.8,-169.60000000000002,0.0,0.0,169.60000000000002,0.0,21.4,29.4,29.4,30.0,300.0,300.0,31.6,35.4,29.3,28.5,30.4,4.96,1.99,4.96,0.16,0.0,0.0,1027.0,8228.0,0.0,0.0,0.0,0.0,0.0,1.0,0.0,0.0,0.0,0.0,0.0,-0.5,0.0,0.7000000000000001,0.0,0.0001,16.0,25903.0
2026-07-30T19:00:52.791Z,222.274,222.288,0.0,7.4,0.0,0.0,0.0,0.0,0.0,0.0,0.0,0.0,1.0,0.0,0.0,0.0,9.0,4.0,0.0,0.0,0.0,0.0,0.0,0.0,0.0,0.0,4.0,12.0,1.0,12.14,5.0200000000000005,2.5,1.5,0.0,0.0,0.0,0.4,0.0,-0.1,0.0,0.3,-169.60000000000002,0.0,0.0,169.70000000000002,0.0,21.4,29.4,29.4,30.0,300.0,300.0,31.6,35.4,29.3,28.5,30.4,4.96,1.99,4.96,0.16,0.0,0.0,1027.0,8228.0,0.0,0.0,0.0,0.0,0.0,1.0,0.0,0.0,0.0,0.0,0.0,0.2,0.0,-0.3,0.0,0.0001,16.0,25903.0
2026-07-30T19:00:52.803Z,222.286,222.3,0.0,7.4,0.0,0.0,0.0,0.0,0.0,0.0,0.0,0.0,1.0,0.0,0.0,0.0,9.0,4.0,0.0,0.0,0.0,0.0,0.0,0.0,0.0,0.0,5.0,12.0,1.0,12.14,5.0200000000000005,2.5,1.5,0.0,0.0,0.0,0.4,0.0,0.4,0.0,-0.7000000000000001,-169.60000000000002,0.0,0.0,169.8,0.0,21.4,29.4,29.4,30.0,300.0,300.0,31.6,35.4,29.3,28.5,30.4,4.95,1.99,4.97,0.16,0.0,0.0,1027.0,8228.0,0.0,0.0,0.0,0.0,0.0,1.0,0.0,0.0,0.0,0.0,0.0,-0.6000000000000001,0.0,0.6000000000000001,0.0,0.0,16.0,25903.0
2026-07-30T19:00:52.815Z,222.298,222.312,0.0,7.4,0.0,0.0,0.0,0.0,0.0,0.0,0.0,0.0,1.0,0.0,0.0,0.0,9.0,4.0,0.0,0.0,0.0,0.0,0.0,0.0,0.0,0.0,6.0,12.0,1.0,12.14,5.0200000000000005,2.5,1.5,0.0,0.0,0.0,0.4,0.0,0.3,0.5,0.9,-169.60000000000002,0.0,0.0,169.60000000000002,0.0,21.4,29.4,29.4,30.0,300.0,300.0,31.6,35.4,29.3,28.5,30.4,4.95,2.0,4.96,0.16,0.0,0.0,1027.0,8228.0,0.0,0.0,0.0,0.0,0.0,1.0,0.0,0.0,0.0,0.0,0.0,1.3,0.0,-0.7000000000000001,0.0,0.0002,16.0,25903.0
2026-07-30T19:00:52.827Z,222.31,222.324,0.0,7.4,0.0,0.0,0.0,0.0,0.0,0.0,0.0,0.0,1.0,0.0,0.0,0.0,9.0,4.0,0.0,0.0,0.0,0.0,0.0,0.0,0.0,0.0,2.0,12.0,1.0,12.14,5.0200000000000005,2.5,1.5,0.0,0.0,0.0,0.4,0.0,0.9,1.1,-0.2,-169.60000000000002,0.0,0.0,169.70000000000002,0.0,21.4,29.4,29.4,30.0,300.0,300.0,31.6,35.4,29.3,28.5,30.4,4.96,1.99,4.96,0.16,0.0,0.0,1027.0,8228.0,0.0,0.0,0.0,0.0,0.0,1.0,0.0,0.0,0.0,0.0,0.0,1.1,0.0,0.4,0.0,0.0002,16.0,25903.0
2026-07-30T19:00:52.839Z,222.322,222.336,0.0,7.4,0.0,0.0,0.0,0.0,0.0,0.0,0.0,0.0,1.0,0.0,0.0,0.0,9.0,4.0,0.0,0.0,0.0,0.0,0.0,0.0,0.0,0.0,2.0,12.0,1.0,12.14,5.0200000000000005,2.5,1.5,0.0,0.1,0.0,0.4,0.0,-0.1,-1.1,-0.1,-169.60000000000002,0.0,0.0,169.60000000000002,0.0,21.4,29.4,29.4,30.0,300.0,300.0,31.6,35.4,29.3,28.5,30.4,4.95,1.99,4.97,0.16,0.0,0.0,1027.0,8228.0,0.0,0.0,0.0,0.0,0.0,1.0,0.0,0.0,0.0,0.0,0.0,-1.4,0.0,-0.1,0.0,0.0001,16.0,25903.0
2026-07-30T19:00:52.851Z,222.334,222.348,0.0,7.4,0.0,0.0,0.0,0.0,0.0,0.0,0.0,0.0,1.0,0.0,0.0,0.0,9.0,4.0,0.0,0.0,0.0,0.0,0.0,0.0,0.0,0.0,3.0,12.0,1.0,12.14,5.0200000000000005,2.5,1.5,0.0,0.0,0.0,0.4,0.0,0.4,-0.5,1.0,-169.60000000000002,0.0,0.0,169.8,0.0,21.4,29.4,29.4,30.0,300.0,300.0,31.6,35.4,29.3,28.5,30.4,4.96,1.99,4.96,0.16,0.0,0.0,1027.0,8228.0,0.0,0.0,0.0,0.0,0.0,1.0,0.0,0.0,0.0,0.0,0.0,0.1,0.0,-1.0,0.0,0.0001,16.0,25903.0
2026-07-30T19:00:52.863Z,222.346,222.36,0.0,7.4,0.0,0.0,0.0,0.0,0.0,0.0,0.0,0.0,1.0,0.0,0.0,0.0,9.0,4.0,0.0,0.0,0.0,0.0,0.0,0.0,0.0,0.0,5.0,12.0,1.0,12.15,5.0200000000000005,2.51,1.49,0.0,0.0,0.0,0.4,0.0,0.4,-0.5,0.4,-169.60000000000002,0.0,0.0,169.70000000000002,0.0,21.700000000000003,29.4,29.4,30.0,300.0,300.0,31.5,35.4,29.3,28.5,30.4,4.96,1.99,4.97,0.16,0.0,0.0,1027.0,8228.0,0.0,0.0,0.0,0.0,0.0,1.0,0.0,0.0,0.0,0.0,0.0,-0.3,0.0,-0.5,0.0,0.0002,16.0,25903.0
2026-07-30T19:00:52.875Z,222.358,222.372,0.0,7.4,0.0,0.0,0.0,0.0,0.0,0.0,0.0,0.0,1.0,0.0,0.0,0.0,9.0,4.0,0.0,0.0,0.0,0.0,0.0,0.0,0.0,0.0,6.0,12.0,1.0,12.15,5.0200000000000005,2.51,1.49,0.0,0.0,0.0,0.5,0.0,-0.1,-1.1,-0.6000000000000001,-169.60000000000002,0.0,0.0,169.70000000000002,0.0,21.700000000000003,29.4,29.4,30.0,300.0,300.0,31.5,35.4,29.3,28.5,30.4,4.95,1.99,4.97,0.16,0.0,0.0,1027.0,8228.0,0.0,0.0,0.0,0.0,0.0,1.0,0.0,0.0,0.0,0.0,0.0,-1.8,0.0,0.3,0.0,0.0,16.0,25903.0
2026-07-30T19:00:52.886Z,222.369,222.384,0.0,7.4,0.0,0.0,0.0,0.0,0.0,0.0,0.0,0.0,1.0,0.0,0.0,0.0,9.0,4.0,0.0,0.0,0.0,0.0,0.0,0.0,0.0,0.0,1.0,12.0,1.0,12.15,5.0200000000000005,2.51,1.49,0.0,0.1,0.0,0.4,0.0,0.4,0.6000000000000001,0.5,-169.60000000000002,0.0,0.0,169.70000000000002,0.0,21.700000000000003,29.4,29.4,30.0,300.0,300.0,31.5,35.4,29.3,28.5,30.4,4.95,1.99,4.97,0.16,0.0,0.0,1027.0,8228.0,0.0,0.0,0.0,0.0,0.0,1.0,0.0,0.0,0.0,0.0,0.0,1.0,0.0,-0.3,0.0,0.0,16.0,25903.0
2026-07-30T19:00:52.899Z,222.382,222.396,0.0,7.4,0.0,0.0,0.0,0.0,0.0,0.0,0.0,0.0,1.0,0.0,0.0,0.0,9.0,4.0,0.0,0.0,0.0,0.0,0.0,0.0,0.0,0.0,3.0,12.0,1.0,12.15,5.0200000000000005,2.51,1.49,0.0,0.0,0.0,0.4,0.0,1.0,0.6000000000000001,0.0,-169.60000000000002,0.0,0.0,169.60000000000002,0.0,21.700000000000003,29.4,29.4,30.0,300.0,300.0,31.5,35.4,29.3,28.5,30.4,4.96,1.99,4.96,0.16,0.0,0.0,1027.0,8228.0,0.0,0.0,0.0,0.0,0.0,1.0,0.0,0.0,0.0,0.0,0.0,0.6000000000000001,0.0,0.1,0.0,0.0,16.0,25903.0
2026-07-30T19:00:52.911Z,222.394,222.408,0.0,7.4,0.0,0.0,0.0,0.0,0.0,0.0,0.0,0.0,1.0,0.0,0.0,0.0,9.0,4.0,0.0,0.0,0.0,0.0,0.0,0.0,0.0,0.0,4.0,12.0,1.0,12.15,5.0200000000000005,2.51,1.49,0.0,0.0,0.0,0.4,0.0,-0.1,1.1,0.0,-169.60000000000002,0.0,0.0,169.70000000000002,0.0,21.700000000000003,29.4,29.4,30.0,300.0,300.0,31.5,35.4,29.3,28.5,30.4,4.96,2.0,4.97,0.16,0.0,0.0,1027.0,8228.0,0.0,0.0,0.0,0.0,0.0,1.0,0.0,0.0,0.0,0.0,0.0,1.2000000000000002,0.0,0.2,0.0,0.0001,16.0,25903.0
2026-07-30T19:00:52.923Z,222.406,222.42,0.0,7.4,0.0,0.0,0.0,0.0,0.0,0.0,0.0,0.0,1.0,0.0,0.0,0.0,9.0,4.0,0.0,0.0,0.0,0.0,0.0,0.0,0.0,0.0,5.0,12.0,1.0,12.15,5.0200000000000005,2.51,1.49,0.0,0.0,0.0,0.4,0.0,0.4,0.5,1.7000000000000002,-169.60000000000002,0.0,0.0,169.70000000000002,0.0,21.700000000000003,29.4,29.4,30.0,300.0,300.0,31.5,35.4,29.3,28.5,30.4,4.95,1.99,4.97,0.16,0.0,0.0,1027.0,8228.0,0.0,0.0,0.0,0.0,0.0,1.0,0.0,0.0,0.0,0.0,0.0,1.9,0.0,-1.3,0.0,0.0001,16.0,25903.0
2026-07-30T19:00:52.935Z,222.418,222.432,0.0,7.4,0.0,0.0,0.0,0.0,0.0,0.0,0.0,0.0,1.0,0.0,0.0,0.0,9.0,4.0,0.0,0.0,0.0,0.0,0.0,0.0,0.0,0.0,6.0,12.0,1.0,12.15,5.0200000000000005,2.51,1.49,0.0,0.0,0.0,0.4,0.0,1.0,1.2000000000000002,0.0,-169.60000000000002,0.0,0.0,169.8,0.0,21.700000000000003,29.4,29.4,30.0,300.0,300.0,31.5,35.4,29.3,28.5,30.4,4.96,1.99,4.96,0.16,0.0,0.0,1027.0,8228.0,0.0,0.0,0.0,0.0,0.0,1.0,0.0,0.0,0.0,0.0,0.0,1.3,0.0,0.3,0.0,0.0,16.0,25903.0
2026-07-30T19:00:52.947Z,222.43,222.444,0.0,7.4,0.0,0.0,0.0,0.0,0.0,0.0,0.0,0.0,1.0,0.0,0.0,0.0,9.0,4.0,0.0,0.0,0.0,0.0,0.0,0.0,0.0,0.0,1.0,12.0,1.0,12.15,5.0200000000000005,2.51,1.49,0.0,0.0,0.0,0.4,0.0,0.4,0.0,-0.1,-169.60000000000002,0.0,0.0,169.70000000000002,0.0,21.700000000000003,29.4,29.4,30.0,300.0,300.0,31.5,35.4,29.3,28.5,30.4,4.95,1.99,4.97,0.16,0.0,0.0,1027.0,8228.0,0.0,0.0,0.0,0.0,0.0,1.0,0.0,0.0,0.0,0.0,0.0,0.0,0.0,0.0,0.0,0.0,16.0,25903.0
2026-07-30T19:00:52.960Z,222.443,222.456,0.0,7.4,0.0,0.0,0.0,0.0,0.0,0.0,0.0,0.0,1.0,0.0,0.0,0.0,9.0,4.0,0.0,0.0,0.0,0.0,0.0,0.0,0.0,0.0,2.0,12.0,1.0,12.17,5.0200000000000005,2.51,1.49,0.0,0.0,0.0,0.4,0.0,0.4,-0.5,-1.2000000000000002,-169.60000000000002,0.0,0.0,169.70000000000002,0.0,21.4,29.4,29.4,30.0,300.0,300.0,31.5,35.4,29.3,28.5,30.4,4.95,1.99,4.96,0.16,0.0,0.0,1027.0,8228.0,0.0,0.0,0.0,0.0,0.0,1.0,0.0,0.0,0.0,0.0,0.0,-1.5,0.0,0.9,0.0,0.0001,16.0,25903.0
2026-07-30T19:00:52.972Z,222.455,222.468,0.0,7.4,0.0,0.0,0.0,0.0,0.0,0.0,0.0,0.0,1.0,0.0,0.0,0.0,9.0,4.0,0.0,0.0,0.0,0.0,0.0,0.0,0.0,0.0,1.0,12.0,1.0,12.17,5.0200000000000005,2.51,1.49,0.0,0.0,0.0,0.4,0.0,-0.1,1.1,0.0,-169.60000000000002,0.0,0.0,169.70000000000002,0.0,21.4,29.4,29.4,30.0,300.0,300.0,31.5,35.4,29.3,28.5,30.4,4.95,2.0,4.96,0.16,0.0,0.0,1027.0,8228.0,0.0,0.0,0.0,0.0,0.0,1.0,0.0,0.0,0.0,0.0,0.0,1.3,0.0,0.3,0.0,0.0,16.0,25903.0
2026-07-30T19:00:52.983Z,222.466,222.48,0.0,7.4,0.0,0.0,0.0,0.0,0.0,0.0,0.0,0.0,1.0,0.0,0.0,0.0,9.0,4.0,0.0,0.0,0.0,0.0,0.0,0.0,0.0,0.0,5.0,12.0,1.0,12.17,5.0200000000000005,2.51,1.49,0.0,0.0,0.0,0.4,0.0,-0.1,0.6000000000000001,1.1,-169.60000000000002,0.0,0.0,169.8,0.0,21.4,29.4,29.4,30.0,300.0,300.0,31.5,35.4,29.3,28.5,30.4,4.96,2.0,4.96,0.16,0.0,0.0,1027.0,8228.0,0.0,0.0,0.0,0.0,0.0,1.0,0.0,0.0,0.0,0.0,0.0,1.5,0.0,-0.8,0.0,0.0001,16.0,25903.0
2026-07-30T19:00:52.995Z,222.478,222.492,0.0,7.4,0.0,0.0,0.0,0.0,0.0,0.0,0.0,0.0,1.0,0.0,0.0,0.0,9.0,4.0,0.0,0.0,0.0,0.0,0.0,0.0,0.0,0.0,6.0,12.0,1.0,12.17,5.0200000000000005,2.51,1.49,0.0,0.0,0.0,0.4,0.0,-0.7000000000000001,-2.3000000000000003,-1.1,-169.60000000000002,0.0,0.0,169.70000000000002,0.0,21.4,29.4,29.4,30.0,300.0,300.0,31.5,35.4,29.3,28.5,30.4,4.95,1.99,4.97,0.16,0.0,0.0,1027.0,8228.0,0.0,0.0,0.0,0.0,0.0,1.0,0.0,0.0,0.0,0.0,0.0,-3.5,0.0,0.5,0.0,0.0001,16.0,25903.0
2026-07-30T19:00:53.007Z,222.49,222.504,0.0,7.4,0.0,0.0,0.0,0.0,0.0,0.0,0.0,0.0,1.0,0.0,0.0,0.0,9.0,4.0,0.0,0.0,0.0,0.0,0.0,0.0,0.0,0.0,1.0,12.0,1.0,12.17,5.0200000000000005,2.51,1.49,0.0,0.0,0.0,0.4,0.0,-0.1,0.0,0.0,-169.60000000000002,0.0,0.0,169.60000000000002,0.0,21.4,29.4,29.4,30.0,300.0,300.0,31.5,35.4,29.3,28.5,30.4,4.95,1.99,4.96,0.16,0.0,0.0,1027.0,8228.0,0.0,0.0,0.0,0.0,0.0,1.0,0.0,0.0,0.0,0.0,0.0,0.0,0.0,0.0,0.0,0.0,16.0,25903.0
2026-07-30T19:00:53.019Z,222.502,222.516,0.0,7.4,0.0,0.0,0.0,0.0,0.0,0.0,0.0,0.0,1.0,0.0,0.0,0.0,9.0,4.0,0.0,0.0,0.0,0.0,0.0,0.0,0.0,0.0,2.0,12.0,1.0,12.17,5.0200000000000005,2.51,1.49,0.0,0.0,0.0,0.4,0.0,0.4,0.5,1.1,-169.60000000000002,0.0,0.0,169.70000000000002,0.0,21.4,29.4,29.4,30.0,300.0,300.0,31.5,35.4,29.3,28.5,30.4,4.95,2.0,4.96,0.16,0.0,0.0,1027.0,8228.0,0.0,0.0,0.0,0.0,0.0,1.0,0.0,0.0,0.0,0.0,0.0,1.5,0.0,-0.8,0.0,0.0001,16.0,25903.0
2026-07-30T19:00:53.031Z,222.514,222.528,0.0,7.4,0.0,0.0,0.0,0.0,0.0,0.0,0.0,0.0,1.0,0.0,0.0,0.0,9.0,4.0,0.0,0.0,0.0,0.0,0.0,0.0,0.0,0.0,3.0,12.0,1.0,12.17,5.0200000000000005,2.51,1.49,0.0,0.0,0.0,0.5,0.0,0.3,0.0,0.0,-169.60000000000002,0.0,0.0,169.70000000000002,0.0,21.4,29.4,29.4,30.0,300.0,300.0,31.5,35.4,29.3,28.5,30.4,4.95,2.0,4.97,0.16,0.0,0.0,1027.0,8228.0,0.0,0.0,0.0,0.0,0.0,1.0,0.0,0.0,0.0,0.0,0.0,0.0,0.0,0.0,0.0,0.0,16.0,25903.0
2026-07-30T19:00:53.043Z,222.526,222.54,0.0,7.4,0.0,0.0,0.0,0.0,0.0,0.0,0.0,0.0,1.0,0.0,0.0,0.0,9.0,4.0,0.0,0.0,0.0,0.0,0.0,0.0,0.0,0.0,4.0,12.0,1.0,12.17,5.0200000000000005,2.51,1.49,0.0,0.1,0.0,0.4,0.0,-0.7000000000000001,-0.5,0.0,-169.60000000000002,0.0,0.0,169.8,0.0,21.4,29.4,29.4,30.0,300.0,300.0,31.5,35.4,29.3,28.5,30.4,4.95,1.99,4.97,0.16,0.0,0.0,1027.0,8228.0,0.0,0.0,0.0,0.0,0.0,1.0,0.0,0.0,0.0,0.0,0.0,-0.6000000000000001,0.0,0.0,0.0,0.0001,16.0,25903.0
2026-07-30T19:00:53.055Z,222.538,222.552,0.0,7.4,0.0,0.0,0.0,0.0,0.0,0.0,0.0,0.0,1.0,0.0,0.0,0.0,9.0,4.0,0.0,0.0,0.0,0.0,0.0,0.0,0.0,0.0,6.0,12.0,1.0,12.17,5.0200000000000005,2.51,1.49,0.0,0.0,0.0,0.4,0.0,-0.1,0.5,0.0,-169.70000000000002,0.0,0.0,169.70000000000002,0.0,21.4,29.4,29.4,30.0,300.0,300.0,31.5,35.4,29.3,28.5,30.4,4.95,1.99,4.96,0.16,0.0,0.0,1027.0,8228.0,0.0,0.0,0.0,0.0,0.0,1.0,0.0,0.0,0.0,0.0,0.0,0.5,0.0,0.1,0.0,0.0002,16.0,25903.0
2026-07-30T19:00:53.067Z,222.55,222.564,0.0,7.4,0.0,0.0,0.0,0.0,0.0,0.0,0.0,0.0,1.0,0.0,0.0,0.0,9.0,4.0,0.0,0.0,0.0,0.0,0.0,0.0,0.0,0.0,1.0,12.0,1.0,12.18,5.01,2.51,1.49,0.0,0.1,0.0,0.4,0.0,0.4,-0.5,-1.2000000000000002,-169.70000000000002,0.0,0.0,169.70000000000002,0.0,21.700000000000003,29.4,29.4,30.0,300.0,300.0,31.6,35.4,29.3,28.5,30.4,4.96,1.99,4.96,0.16,0.0,0.0,1027.0,8228.0,0.0,0.0,0.0,0.0,0.0,1.0,0.0,0.0,0.0,0.0,0.0,-1.6,0.0,1.0,0.0,0.0001,16.0,25903.0
2026-07-30T19:00:53.079Z,222.562,222.576,0.0,7.4,0.0,0.0,0.0,0.0,0.0,0.0,0.0,0.0,1.0,0.0,0.0,0.0,9.0,4.0,0.0,0.0,0.0,0.0,0.0,0.0,0.0,0.0,2.0,12.0,1.0,12.18,5.01,2.51,1.49,0.0,0.0,0.0,0.4,0.0,-0.1,0.0,-0.1,-169.70000000000002,0.0,0.0,169.60000000000002,0.0,21.700000000000003,29.4,29.4,30.0,300.0,300.0,31.6,35.4,29.3,28.5,30.4,4.95,1.99,4.97,0.16,0.0,0.0,1027.0,8228.0,0.0,0.0,0.0,0.0,0.0,1.0,0.0,0.0,0.0,0.0,0.0,1.9,0.0,-1.3,0.0,0.0001,16.0,25903.0
2026-07-30T19:00:53.091Z,222.574,222.588,0.0,7.4,0.0,0.0,0.0,0.0,0.0,0.0,0.0,0.0,1.0,0.0,0.0,0.0,9.0,4.0,0.0,0.0,0.0,0.0,0.0,0.0,0.0,0.0,3.0,12.0,1.0,12.18,5.01,2.51,1.49,0.0,0.1,0.0,0.4,0.0,-0.1,0.6000000000000001,1.0,-169.60000000000002,0.0,0.0,169.60000000000002,0.0,21.700000000000003,29.4,29.4,30.0,300.0,300.0,31.6,35.4,29.3,28.5,30.4,4.96,1.99,4.96,0.16,0.0,0.0,1027.0,8228.0,0.0,0.0,0.0,0.0,0.0,1.0,0.0,0.0,0.0,0.0,0.0,-0.2,0.0,-0.4,0.0,0.0002,16.0,25903.0
2026-07-30T19:00:53.103Z,222.586,222.6,0.0,7.4,0.0,0.0,0.0,0.0,0.0,0.0,0.0,0.0,1.0,0.0,0.0,0.0,9.0,4.0,0.0,0.0,0.0,0.0,0.0,0.0,0.0,0.0,3.0,12.0,1.0,12.18,5.01,2.51,1.49,0.0,0.0,0.0,0.4,0.0,-0.7000000000000001,-0.5,-0.1,-169.60000000000002,0.0,0.0,169.70000000000002,0.0,21.700000000000003,29.4,29.4,30.0,300.0,300.0,31.6,35.4,29.3,28.5,30.4,4.96,2.0,4.96,0.16,0.0,0.0,1027.0,8228.0,0.0,0.0,0.0,0.0,0.0,1.0,0.0,0.0,0.0,0.0,0.0,0.0,0.0,0.1,0.0,0.0001,16.0,25903.0
2026-07-30T19:00:53.115Z,222.598,222.612,0.0,7.4,0.0,0.0,0.0,0.0,0.0,0.0,0.0,0.0,1.0,0.0,0.0,0.0,9.0,4.0,0.0,0.0,0.0,0.0,0.0,0.0,0.0,0.0,5.0,12.0,1.0,12.18,5.01,2.51,1.49,0.0,0.0,0.0,0.4,0.0,0.3,-0.5,-0.1,-169.60000000000002,0.0,0.0,169.60000000000002,0.0,21.700000000000003,29.4,29.4,30.0,300.0,300.0,31.6,35.4,29.3,28.5,30.4,4.96,1.99,4.97,0.16,0.0,0.0,1027.0,8228.0,0.0,0.0,0.0,0.0,0.0,1.0,0.0,0.0,0.0,0.0,0.0,-0.7000000000000001,0.0,0.0,0.0,0.0,16.0,25903.0
2026-07-30T19:00:53.127Z,222.61,222.624,0.0,7.4,0.0,0.0,0.0,0.0,0.0,0.0,0.0,0.0,1.0,0.0,0.0,0.0,9.0,4.0,0.0,0.0,0.0,0.0,0.0,0.0,0.0,0.0,6.0,12.0,1.0,12.18,5.01,2.51,1.49,0.0,0.0,0.0,0.4,0.0,0.9,0.0,0.3,-169.60000000000002,0.0,0.0,169.60000000000002,0.0,21.700000000000003,29.4,29.4,30.0,300.0,300.0,31.6,35.4,29.3,28.5,30.4,4.96,1.99,4.97,0.16,0.0,0.0,1027.0,8228.0,0.0,0.0,0.0,0.0,0.0,1.0,0.0,0.0,0.0,0.0,0.0,0.3,0.0,-0.3,0.0,0.0,16.0,25903.0
2026-07-30T19:00:53.139Z,222.622,222.636,0.0,7.4,0.0,0.0,0.0,0.0,0.0,0.0,0.0,0.0,1.0,0.0,0.0,0.0,9.0,4.0,0.0,0.0,0.0,0.0,0.0,0.0,0.0,0.0,2.0,12.0,1.0,12.18,5.01,2.51,1.49,0.0,0.0,0.0,0.4,0.0,-0.2,-0.5,-0.8,-169.60000000000002,0.0,0.0,169.70000000000002,0.0,21.700000000000003,29.4,29.4,30.0,300.0,300.0,31.6,35.4,29.3,28.5,30.4,4.96,1.99,4.96,0.16,0.0,0.0,1027.0,8228.0,0.0,0.0,0.0,0.0,0.0,1.0,0.0,0.0,0.0,0.0,0.0,-1.2000000000000002,0.0,0.6000000000000001,0.0,0.0,16.0,25903.0
2026-07-30T19:00:53.151Z,222.634,222.648,0.0,7.4,0.0,0.0,0.0,0.0,0.0,0.0,0.0,0.0,1.0,0.0,0.0,0.0,9.0,4.0,0.0,0.0,0.0,0.0,0.0,0.0,0.0,0.0,3.0,12.0,1.0,12.18,5.01,2.51,1.49,0.0,0.0,0.0,0.4,0.0,0.3,0.6000000000000001,0.8,-169.60000000000002,0.0,0.0,169.60000000000002,0.0,21.700000000000003,29.4,29.4,30.0,300.0,300.0,31.6,35.4,29.3,28.5,30.4,4.95,1.99,4.97,0.16,0.0,0.0,1027.0,8228.0,0.0,0.0,0.0,0.0,0.0,1.0,0.0,0.0,0.0,0.0,0.0,1.3,0.0,-0.6000000000000001,0.0,0.0,16.0,25903.0
2026-07-30T19:00:53.164Z,222.647,222.66,0.0,7.4,0.0,0.0,0.0,0.0,0.0,0.0,0.0,0.0,1.0,0.0,0.0,0.0,9.0,4.0,0.0,0.0,0.0,0.0,0.0,0.0,0.0,0.0,4.0,12.0,1.0,12.15,5.01,2.51,1.49,0.0,0.0,0.0,0.5,0.0,0.3,1.7000000000000002,2.0,-169.60000000000002,0.0,0.0,169.8,0.0,21.8,29.4,29.4,30.0,300.0,300.0,31.5,35.4,29.3,28.5,30.4,4.95,2.0,4.96,0.16,0.0,0.0,1027.0,8228.0,0.0,0.0,0.0,0.0,0.0,1.0,0.0,0.0,0.0,0.0,0.0,3.4000000000000004,0.0,-1.4,0.0,0.0,16.0,25903.0
2026-07-30T19:00:53.175Z,222.658,222.672,0.0,7.4,0.0,0.0,0.0,0.0,0.0,0.0,0.0,0.0,1.0,0.0,0.0,0.0,9.0,4.0,0.0,0.0,0.0,0.0,0.0,0.0,0.0,0.0,5.0,12.0,1.0,12.15,5.01,2.51,1.49,0.0,0.1,0.0,0.4,0.0,-0.1,-1.7000000000000002,-0.8,-169.60000000000002,0.0,0.0,169.70000000000002,0.0,21.8,29.4,29.4,30.0,300.0,300.0,31.5,35.4,29.3,28.5,30.4,4.96,2.0,4.96,0.16,0.0,0.0,1027.0,8228.0,0.0,0.0,0.0,0.0,0.0,1.0,0.0,0.0,0.0,0.0,0.0,-2.6,0.0,0.4,0.0,0.0001,16.0,25903.0
2026-07-30T19:00:53.187Z,222.67,222.684,0.0,7.4,0.0,0.0,0.0,0.0,0.0,0.0,0.0,0.0,1.0,0.0,0.0,0.0,9.0,4.0,0.0,0.0,0.0,0.0,0.0,0.0,0.0,0.0,6.0,12.0,1.0,12.15,5.01,2.51,1.49,0.0,0.1,0.0,0.4,0.0,-1.4,-0.5,-0.8,-169.60000000000002,0.0,0.0,169.70000000000002,0.0,21.8,29.4,29.4,30.0,300.0,300.0,31.5,35.4,29.3,28.5,30.4,4.95,2.0,4.97,0.16,0.0,0.0,1027.0,8228.0,0.0,0.0,0.0,0.0,0.0,1.0,0.0,0.0,0.0,0.0,0.0,-1.2000000000000002,0.0,0.6000000000000001,0.0,0.0,16.0,25903.0
2026-07-30T19:00:53.199Z,222.682,222.696,0.0,7.4,0.0,0.0,0.0,0.0,0.0,0.0,0.0,0.0,1.0,0.0,0.0,0.0,9.0,4.0,0.0,0.0,0.0,0.0,0.0,0.0,0.0,0.0,1.0,12.0,1.0,12.15,5.01,2.51,1.49,0.0,0.0,0.0,0.5,0.0,0.3,1.1,-0.2,-169.60000000000002,0.0,0.0,169.70000000000002,0.0,21.8,29.4,29.4,30.0,300.0,300.0,31.5,35.4,29.3,28.5,30.4,4.95,1.99,4.97,0.16,0.0,0.0,1027.0,8228.0,0.0,0.0,0.0,0.0,0.0,1.0,0.0,0.0,0.0,0.0,0.0,1.0,0.0,0.4,0.0,0.0,16.0,25903.0
2026-07-30T19:00:53.211Z,222.694,222.708,0.0,7.4,0.0,0.0,0.0,0.0,0.0,0.0,0.0,0.0,1.0,0.0,0.0,0.0,9.0,4.0,0.0,0.0,0.0,0.0,0.0,0.0,0.0,0.0,2.0,12.0,1.0,12.15,5.01,2.51,1.49,0.0,0.0,0.0,0.4,0.0,-0.2,-0.6000000000000001,-0.3,-169.60000000000002,0.0,0.0,169.60000000000002,0.0,21.8,29.4,29.4,30.0,300.0,300.0,31.5,35.4,29.3,28.5,30.4,4.95,1.99,4.96,0.16,0.0,0.0,1027.0,8228.0,0.0,0.0,0.0,0.0,0.0,1.0,0.0,0.0,0.0,0.0,0.0,-0.9,0.0,0.1,0.0,0.0001,16.0,25903.0
2026-07-30T19:00:53.223Z,222.706,222.72,0.0,7.4,0.0,0.0,0.0,0.0,0.0,0.0,0.0,0.0,1.0,0.0,0.0,0.0,9.0,4.0,0.0,0.0,0.0,0.0,0.0,0.0,0.0,0.0,3.0,12.0,1.0,12.15,5.01,2.51,1.49,0.0,0.0,0.0,0.4,0.0,-0.2,-1.2000000000000002,-0.3,-169.60000000000002,0.0,0.0,169.60000000000002,0.0,21.8,29.4,29.4,30.0,300.0,300.0,31.5,35.4,29.3,28.5,30.4,4.96,1.99,4.96,0.16,0.0,0.0,1027.0,8228.0,0.0,0.0,0.0,0.0,0.0,1.0,0.0,0.0,0.0,0.0,0.0,-1.6,0.0,0.0,0.0,0.0001,16.0,25903.0
2026-07-30T19:00:53.235Z,222.718,222.732,0.0,7.4,0.0,0.0,0.0,0.0,0.0,0.0,0.0,0.0,1.0,0.0,0.0,0.0,9.0,4.0,0.0,0.0,0.0,0.0,0.0,0.0,0.0,0.0,4.0,12.0,1.0,12.15,5.01,2.51,1.49,0.0,0.1,0.0,0.4,0.0,0.2,0.0,0.2,-169.60000000000002,0.0,0.0,169.60000000000002,0.0,21.8,29.4,29.4,30.0,300.0,300.0,31.5,35.4,29.3,28.5,30.4,4.95,1.99,4.97,0.16,0.0,0.0,1027.0,8228.0,0.0,0.0,0.0,0.0,0.0,1.0,0.0,0.0,0.0,0.0,0.0,0.1,0.0,-0.2,0.0,0.0,16.0,25903.0
2026-07-30T19:00:53.247Z,222.73,222.744,0.0,7.4,0.0,0.0,0.0,0.0,0.0,0.0,0.0,0.0,1.0,0.0,0.0,0.0,9.0,4.0,0.0,0.0,0.0,0.0,0.0,0.0,0.0,0.0,5.0,12.0,1.0,12.15,5.01,2.51,1.49,0.0,0.0,0.0,0.4,0.0,0.2,0.0,-0.3,-169.60000000000002,0.0,0.0,169.60000000000002,0.0,21.8,29.4,29.4,30.0,300.0,300.0,31.5,35.4,29.3,28.5,30.4,4.96,1.99,4.96,0.16,0.0,0.0,1027.0,8228.0,0.0,0.0,0.0,0.0,0.0,1.0,0.0,0.0,0.0,0.0,0.0,-0.3,0.0,0.2,0.0,0.0,16.0,25903.0
2026-07-30T19:00:53.259Z,222.742,222.756,0.0,7.4,0.0,0.0,0.0,0.0,0.0,0.0,0.0,0.0,1.0,0.0,0.0,0.0,9.0,4.0,0.0,0.0,0.0,0.0,0.0,0.0,0.0,0.0,6.0,12.0,1.0,12.15,5.01,2.51,1.49,0.0,0.0,0.0,0.4,0.0,-0.3,-0.6000000000000001,-0.3,-169.60000000000002,0.0,0.0,169.60000000000002,0.0,21.8,29.4,29.4,30.0,300.0,300.0,31.5,35.4,29.3,28.5,30.4,4.96,1.99,4.96,0.16,0.0,0.0,1027.0,8228.0,0.0,0.0,0.0,0.0,0.0,1.0,0.0,0.0,0.0,0.0,0.0,-1.0,0.0,0.1,0.0,0.0,16.0,25903.0
2026-07-30T19:00:53.271Z,222.754,222.768,0.0,7.4,0.0,0.0,0.0,0.0,0.0,0.0,0.0,0.0,1.0,0.0,0.0,0.0,9.0,4.0,0.0,0.0,0.0,0.0,0.0,0.0,0.0,0.0,2.0,12.0,1.0,12.15,5.0200000000000005,2.51,1.49,0.0,0.0,0.0,0.4,0.0,0.3,1.1,0.3,-169.60000000000002,0.0,0.0,169.60000000000002,0.0,21.700000000000003,29.4,29.4,30.0,300.0,300.0,31.5,35.300000000000004,29.3,28.5,30.4,4.95,1.99,4.96,0.16,0.0,0.0,1027.0,8228.0,0.0,0.0,0.0,0.0,0.0,1.0,0.0,0.0,0.0,0.0,0.0,1.5,0.0,0.0,0.0,0.0,16.0,25903.0
2026-07-30T19:00:53.285Z,222.768,222.78,0.0,7.4,0.0,0.0,0.0,0.0,0.0,0.0,0.0,0.0,1.0,0.0,0.0,0.0,9.0,4.0,0.0,0.0,0.0,0.0,0.0,0.0,0.0,0.0,3.0,12.0,1.0,12.15,5.0200000000000005,2.51,1.49,0.0,0.1,0.0,0.4,0.0,0.3,-0.5,0.3,-169.60000000000002,0.0,0.0,169.60000000000002,0.0,21.700000000000003,29.4,29.4,30.0,300.0,300.0,31.5,35.300000000000004,29.3,28.5,30.4,4.95,1.99,4.97,0.16,0.0,0.0,1027.0,8228.0,0.0,0.0,0.0,0.0,0.0,1.0,0.0,0.0,0.0,0.0,0.0,-0.4,0.0,-0.3,0.0,0.0,16.0,25903.0
2026-07-30T19:00:53.297Z,222.78,222.792,0.0,7.4,0.0,0.0,0.0,0.0,0.0,0.0,0.0,0.0,1.0,0.0,0.0,0.0,9.0,4.0,0.0,0.0,0.0,0.0,0.0,0.0,0.0,0.0,2.0,12.0,1.0,12.15,5.0200000000000005,2.51,1.49,0.0,0.0,0.0,0.4,0.0,-0.2,1.1,0.3,-169.60000000000002,0.0,0.0,169.60000000000002,0.0,21.700000000000003,29.4,29.4,30.0,300.0,300.0,31.5,35.300000000000004,29.3,28.5,30.4,4.96,1.99,4.96,0.16,0.0,0.0,1027.0,8228.0,0.0,0.0,0.0,0.0,0.0,1.0,0.0,0.0,0.0,0.0,0.0,1.5,0.0,0.0,0.0,0.0,16.0,25903.0
2026-07-30T19:00:53.307Z,222.79,222.804,0.0,7.4,0.0,0.0,0.0,0.0,0.0,0.0,0.0,0.0,1.0,0.0,0.0,0.0,9.0,4.0,0.0,0.0,0.0,0.0,0.0,0.0,0.0,0.0,2.0,12.0,1.0,12.15,5.0200000000000005,2.51,1.49,-0.1,0.0,0.0,0.4,0.0,0.9,0.0,-0.2,-169.60000000000002,0.0,0.0,169.60000000000002,0.0,21.700000000000003,29.4,29.4,30.0,300.0,300.0,31.5,35.300000000000004,29.3,28.5,30.4,4.96,1.99,4.97,0.15,0.0,0.0,1027.0,8228.0,0.0,0.0,0.0,0.0,0.0,1.0,0.0,0.0,0.0,0.0,0.0,-0.1,0.0,0.2,0.0,0.0,16.0,25903.0
2026-07-30T19:00:53.319Z,222.802,222.816,0.0,7.4,0.0,0.0,0.0,0.0,0.0,0.0,0.0,0.0,1.0,0.0,0.0,0.0,9.0,4.0,0.0,0.0,0.0,0.0,0.0,0.0,0.0,0.0,3.0,12.0,1.0,12.15,5.0200000000000005,2.51,1.49,0.0,0.0,0.0,0.4,0.0,-0.1,-0.5,-0.7000000000000001,-169.60000000000002,0.0,0.0,169.60000000000002,0.0,21.700000000000003,29.4,29.4,30.0,300.0,300.0,31.5,35.300000000000004,29.3,28.5,30.4,4.95,1.99,4.97,0.16,0.0,0.0,1027.0,8228.0,0.0,0.0,0.0,0.0,0.0,1.0,0.0,0.0,0.0,0.0,0.0,-1.2000000000000002,0.0,0.5,0.0,0.0,16.0,25903.0
2026-07-30T19:00:53.331Z,222.814,222.828,0.0,7.4,0.0,0.0,0.0,0.0,0.0,0.0,0.0,0.0,1.0,0.0,0.0,0.0,9.0,4.0,0.0,0.0,0.0,0.0,0.0,0.0,0.0,0.0,4.0,12.0,1.0,12.15,5.0200000000000005,2.51,1.49,0.0,0.0,0.0,0.4,0.0,0.9,-0.5,0.3,-169.60000000000002,0.0,0.0,169.70000000000002,0.0,21.700000000000003,29.4,29.4,30.0,300.0,300.0,31.5,35.300000000000004,29.3,28.5,30.4,4.96,1.99,4.97,0.16,0.0,0.0,1027.0,8228.0,0.0,0.0,0.0,0.0,0.0,1.0,0.0,0.0,0.0,0.0,0.0,-0.3,0.0,-0.4,0.0,0.0,16.0,25903.0
2026-07-30T19:00:53.343Z,222.826,222.84,0.0,7.4,0.0,0.0,0.0,0.0,0.0,0.0,0.0,0.0,1.0,0.0,0.0,0.0,9.0,4.0,0.0,0.0,0.0,0.0,0.0,0.0,0.0,0.0,5.0,12.0,1.0,12.15,5.0200000000000005,2.51,1.49,0.0,0.0,0.0,0.5,0.0,0.3,0.5,0.3,-169.60000000000002,0.0,0.0,169.70000000000002,0.0,21.700000000000003,29.4,29.4,30.0,300.0,300.0,31.5,35.300000000000004,29.3,28.5,30.4,4.95,2.0,4.96,0.16,0.0,0.0,1027.0,8228.0,0.0,0.0,0.0,0.0,0.0,1.0,0.0,0.0,0.0,0.0,0.0,0.8,0.0,-0.1,0.0,0.0001,16.0,25903.0
2026-07-30T19:00:53.355Z,222.838,222.852,0.0,7.4,0.0,0.0,0.0,0.0,0.0,0.0,0.0,0.0,1.0,0.0,0.0,0.0,9.0,4.0,0.0,0.0,0.0,0.0,0.0,0.0,0.0,0.0,6.0,12.0,1.0,12.15,5.0200000000000005,2.51,1.49,0.0,0.0,0.0,0.4,0.0,-0.2,0.0,-1.9,-169.60000000000002,0.0,0.0,169.70000000000002,0.0,21.700000000000003,29.4,29.4,30.0,300.0,300.0,31.5,35.300000000000004,29.3,28.5,30.4,4.95,1.99,4.97,0.16,0.0,0.0,1027.0,8228.0,0.0,0.0,0.0,0.0,0.0,1.0,0.0,0.0,0.0,0.0,0.0,-1.4,0.0,1.7000000000000002,0.0,0.0,16.0,25903.0
2026-07-30T19:00:53.368Z,222.851,222.864,0.0,7.4,0.0,0.0,0.0,0.0,0.0,0.0,0.0,0.0,1.0,0.0,0.0,0.0,9.0,4.0,0.0,0.0,0.0,0.0,0.0,0.0,0.0,0.0,2.0,12.0,1.0,12.17,5.0200000000000005,2.51,1.49,0.0,0.0,0.0,0.4,0.0,0.9,-0.5,0.3,-169.60000000000002,0.0,0.0,169.70000000000002,0.0,21.9,29.4,29.4,30.0,300.0,300.0,31.4,35.300000000000004,29.3,28.5,30.4,4.96,2.0,4.97,0.16,0.0,0.0,1027.0,8228.0,0.0,0.0,0.0,0.0,0.0,1.0,0.0,0.0,0.0,0.0,0.0,-0.3,0.0,-0.4,0.0,0.0,16.0,25903.0
2026-07-30T19:00:53.379Z,222.862,222.876,0.0,7.4,0.0,0.0,0.0,0.0,0.0,0.0,0.0,0.0,1.0,0.0,0.0,0.0,9.0,4.0,0.0,0.0,0.0,0.0,0.0,0.0,0.0,0.0,3.0,12.0,1.0,12.17,5.0200000000000005,2.51,1.49,0.0,0.1,0.0,0.4,0.0,-0.2,-0.5,-0.2,-169.60000000000002,0.0,0.0,169.60000000000002,0.0,21.9,29.4,29.4,30.0,300.0,300.0,31.4,35.300000000000004,29.3,28.5,30.4,4.96,2.0,4.96,0.16,0.0,0.0,1027.0,8228.0,0.0,0.0,0.0,0.0,0.0,1.0,0.0,0.0,0.0,0.0,0.0,-0.7000000000000001,0.0,0.0,0.0,0.0,16.0,25903.0
2026-07-30T19:00:53.391Z,222.874,222.888,0.0,7.4,0.0,0.0,0.0,0.0,0.0,0.0,0.0,0.0,1.0,0.0,0.0,0.0,9.0,4.0,0.0,0.0,0.0,0.0,0.0,0.0,0.0,0.0,5.0,12.0,1.0,12.17,5.0200000000000005,2.51,1.49,0.0,0.0,0.0,0.5,0.0,-0.2,1.2000000000000002,-0.2,-169.60000000000002,0.0,0.0,169.60000000000002,0.0,21.9,29.4,29.4,30.0,300.0,300.0,31.4,35.300000000000004,29.3,28.5,30.4,4.96,1.99,4.97,0.16,0.0,0.0,1027.0,8228.0,0.0,0.0,0.0,0.0,0.0,1.0,0.0,0.0,0.0,0.0,0.0,1.2000000000000002,0.0,0.4,0.0,0.0001,16.0,25903.0
2026-07-30T19:00:53.403Z,222.886,222.9,0.0,7.4,0.0,0.0,0.0,0.0,0.0,0.0,0.0,0.0,1.0,0.0,0.0,0.0,9.0,4.0,0.0,0.0,0.0,0.0,0.0,0.0,0.0,0.0,6.0,12.0,1.0,12.17,5.0200000000000005,2.51,1.49,0.0,0.0,0.0,0.4,0.0,-0.2,1.2000000000000002,0.3,-169.60000000000002,0.0,0.0,169.60000000000002,0.0,21.9,29.4,29.4,30.0,300.0,300.0,31.4,35.300000000000004,29.3,28.5,30.4,4.96,1.99,4.97,0.16,0.0,0.0,1027.0,8228.0,0.0,0.0,0.0,0.0,0.0,1.0,0.0,0.0,0.0,0.0,0.0,1.6,0.0,0.0,0.0,0.0,16.0,25903.0
2026-07-30T19:00:53.415Z,222.898,222.912,0.0,7.4,0.0,0.0,0.0,0.0,0.0,0.0,0.0,0.0,1.0,0.0,0.0,0.0,9.0,4.0,0.0,0.0,0.0,0.0,0.0,0.0,0.0,0.0,1.0,12.0,1.0,12.17,5.0200000000000005,2.51,1.49,0.0,0.1,0.0,0.5,0.0,0.3,0.0,-1.3,-169.60000000000002,0.0,0.0,169.60000000000002,0.0,21.9,29.4,29.4,30.0,300.0,300.0,31.4,35.300000000000004,29.3,28.5,30.4,4.96,2.0,4.97,0.16,0.0,0.0,1027.0,8228.0,0.0,0.0,0.0,0.0,0.0,1.0,0.0,0.0,0.0,0.0,0.0,-0.9,0.0,1.2000000000000002,0.0,0.0,16.0,25903.0
2026-07-30T19:00:53.427Z,222.91,222.924,0.0,7.4,0.0,0.0,0.0,0.0,0.0,0.0,0.0,0.0,1.0,0.0,0.0,0.0,9.0,4.0,0.0,0.0,0.0,0.0,0.0,0.0,0.0,0.0,2.0,12.0,1.0,12.17,5.0200000000000005,2.51,1.49,0.0,0.0,0.0,0.4,0.0,-0.2,0.1,-0.2,-169.60000000000002,0.0,0.0,169.60000000000002,0.0,21.9,29.4,29.4,30.0,300.0,300.0,31.4,35.300000000000004,29.3,28.5,30.4,4.95,2.0,4.97,0.16,0.0,0.0,1027.0,8228.0,0.0,0.0,0.0,0.0,0.0,1.0,0.0,0.0,0.0,0.0,0.0,0.0,0.0,0.2,0.0,0.0,16.0,25903.0
2026-07-30T19:00:53.439Z,222.922,222.936,0.0,7.4,0.0,0.0,0.0,0.0,0.0,0.0,0.0,0.0,1.0,0.0,0.0,0.0,9.0,4.0,0.0,0.0,0.0,0.0,0.0,0.0,0.0,0.0,3.0,12.0,1.0,12.17,5.0200000000000005,2.51,1.49,0.0,0.0,0.0,0.4,0.0,-0.7000000000000001,1.2000000000000002,-1.3,-169.60000000000002,0.0,0.0,169.60000000000002,0.0,21.9,29.4,29.4,30.0,300.0,300.0,31.4,35.300000000000004,29.3,28.5,30.4,4.95,1.99,4.97,0.16,0.0,0.0,1027.0,8228.0,0.0,0.0,0.0,0.0,0.0,1.0,0.0,0.0,0.0,0.0,0.0,0.3,0.0,1.4,0.0,0.0,16.0,25903.0
2026-07-30T19:00:53.451Z,222.934,222.948,0.0,7.4,0.0,0.0,0.0,0.0,0.0,0.0,0.0,0.0,1.0,0.0,0.0,0.0,9.0,4.0,0.0,0.0,0.0,0.0,0.0,0.0,0.0,0.0,5.0,12.0,1.0,12.17,5.0200000000000005,2.51,1.49,0.0,0.0,0.0,0.4,0.0,-0.1,0.0,-0.6000000000000001,-169.60000000000002,0.0,0.0,169.70000000000002,0.0,21.9,29.4,29.4,30.0,300.0,300.0,31.4,35.300000000000004,29.3,28.5,30.4,4.95,1.99,4.96,0.16,0.0,0.0,1027.0,8228.0,0.0,0.0,0.0,0.0,0.0,1.0,0.0,0.0,0.0,0.0,0.0,-0.4,0.0,0.6000000000000001,0.0,0.0,16.0,25903.0
2026-07-30T19:00:53.463Z,222.946,222.96,0.0,7.4,0.0,0.0,0.0,0.0,0.0,0.0,0.0,0.0,1.0,0.0,0.0,0.0,9.0,4.0,0.0,0.0,0.0,0.0,0.0,0.0,0.0,0.0,6.0,12.0,1.0,12.17,5.0200000000000005,2.51,1.49,0.0,0.0,0.0,0.4,0.0,0.4,1.2000000000000002,0.4,-169.60000000000002,0.0,0.0,169.70000000000002,0.0,21.9,29.4,29.4,30.0,300.0,300.0,31.4,35.300000000000004,29.3,28.5,30.4,4.96,1.99,4.96,0.16,0.0,0.0,1027.0,8228.0,0.0,0.0,0.0,0.0,0.0,1.0,0.0,0.0,0.0,0.0,0.0,1.7000000000000002,0.0,-0.1,0.0,0.0001,16.0,25903.0
2026-07-30T19:00:53.475Z,222.958,222.972,0.0,7.4,0.0,0.0,0.0,0.0,0.0,0.0,0.0,0.0,1.0,0.0,0.0,0.0,9.0,4.0,0.0,0.0,0.0,0.0,0.0,0.0,0.0,0.0,1.0,12.0,1.0,12.15,5.01,2.5,1.5,0.0,0.0,0.0,0.4,0.0,0.3,0.0,-0.7000000000000001,-169.60000000000002,0.0,0.0,169.70000000000002,0.0,21.4,29.4,29.4,30.0,300.0,300.0,31.5,35.4,29.3,28.5,30.4,4.95,1.99,4.97,0.16,0.0,0.0,1027.0,8228.0,0.0,0.0,0.0,0.0,0.0,1.0,0.0,0.0,0.0,0.0,0.0,-0.4,0.0,0.6000000000000001,0.0,0.0,16.0,25903.0
2026-07-30T19:00:53.487Z,222.97,222.984,0.0,7.4,0.0,0.0,0.0,0.0,0.0,0.0,0.0,0.0,1.0,0.0,0.0,0.0,9.0,4.0,0.0,0.0,0.0,0.0,0.0,0.0,0.0,0.0,2.0,12.0,1.0,12.15,5.01,2.5,1.5,0.0,0.1,0.0,0.4,0.0,-0.2,0.0,0.4,-169.60000000000002,0.0,0.0,169.8,0.0,21.4,29.4,29.4,30.0,300.0,300.0,31.5,35.4,29.3,28.5,30.4,4.96,1.99,4.96,0.16,0.0,0.0,1027.0,8228.0,0.0,0.0,0.0,0.0,0.0,1.0,0.0,0.0,0.0,0.0,0.0,0.3,0.0,-0.3,0.0,0.0001,16.0,25903.0
2026-07-30T19:00:53.499Z,222.982,222.996,0.0,7.4,0.0,0.0,0.0,0.0,0.0,0.0,0.0,0.0,1.0,0.0,0.0,0.0,9.0,4.0,0.0,0.0,0.0,0.0,0.0,0.0,0.0,0.0,3.0,12.0,1.0,12.15,5.01,2.5,1.5,0.0,0.0,0.0,0.4,0.0,0.3,0.0,-0.7000000000000001,-169.60000000000002,0.0,0.0,169.8,0.0,21.4,29.4,29.4,30.0,300.0,300.0,31.5,35.4,29.3,28.5,30.4,4.96,1.99,4.96,0.16,0.0,0.0,1027.0,8228.0,0.0,0.0,0.0,0.0,0.0,1.0,0.0,0.0,0.0,0.0,0.0,-0.4,0.0,0.6000000000000001,0.0,0.0001,16.0,25903.0
2026-07-30T19:00:53.511Z,222.994,223.008,0.0,7.4,0.0,0.0,0.0,0.0,0.0,0.0,0.0,0.0,1.0,0.0,0.0,0.0,9.0,4.0,0.0,0.0,0.0,0.0,0.0,0.0,0.0,0.0,4.0,12.0,1.0,12.15,5.01,2.5,1.5,0.0,0.1,0.0,0.4,0.0,1.5,-0.5,0.0,-169.60000000000002,0.0,0.0,169.8,0.0,21.4,29.4,29.4,30.0,300.0,300.0,31.5,35.4,29.3,28.5,30.4,4.95,1.99,4.96,0.16,0.0,0.0,1027.0,8228.0,0.0,0.0,0.0,0.0,0.0,1.0,0.0,0.0,0.0,0.0,0.0,-0.6000000000000001,0.0,0.0,0.0,0.0001,16.0,25903.0
2026-07-30T19:00:53.524Z,223.007,223.02,0.0,7.4,0.0,0.0,0.0,0.0,0.0,0.0,0.0,0.0,1.0,0.0,0.0,0.0,9.0,4.0,0.0,0.0,0.0,0.0,0.0,0.0,0.0,0.0,5.0,12.0,1.0,12.15,5.01,2.5,1.5,0.0,0.0,0.0,0.4,0.0,-0.2,0.6000000000000001,-0.1,-169.60000000000002,0.0,0.0,169.70000000000002,0.0,21.4,29.4,29.4,30.0,300.0,300.0,31.5,35.4,29.3,28.5,30.4,4.95,1.99,4.97,0.16,0.0,0.0,1027.0,8228.0,0.0,0.0,0.0,0.0,0.0,1.0,0.0,0.0,0.0,0.0,0.0,0.6000000000000001,0.0,0.2,0.0,0.0,16.0,25903.0
2026-07-30T19:00:53.535Z,223.018,223.032,0.0,7.4,0.0,0.0,0.0,0.0,0.0,0.0,0.0,0.0,1.0,0.0,0.0,0.0,9.0,4.0,0.0,0.0,0.0,0.0,0.0,0.0,0.0,0.0,6.0,12.0,1.0,12.15,5.01,2.5,1.5,0.0,0.0,0.0,0.5,0.0,-0.2,0.0,-0.1,-169.60000000000002,0.0,0.0,169.70000000000002,0.0,21.4,29.4,29.4,30.0,300.0,300.0,31.5,35.4,29.3,28.5,30.4,4.96,1.99,4.96,0.16,0.0,0.0,1027.0,8228.0,0.0,0.0,0.0,0.0,0.0,1.0,0.0,0.0,0.0,0.0,0.0,0.0,0.0,0.0,0.0,0.0001,16.0,25903.0
2026-07-30T19:00:53.547Z,223.03,223.044,0.0,7.4,0.0,0.0,0.0,0.0,0.0,0.0,0.0,0.0,1.0,0.0,0.0,0.0,9.0,4.0,0.0,0.0,0.0,0.0,0.0,0.0,0.0,0.0,1.0,12.0,1.0,12.15,5.01,2.5,1.5,0.0,0.0,0.0,0.4,0.0,-0.8,-0.5,0.4,-169.60000000000002,0.0,0.0,169.70000000000002,0.0,21.4,29.4,29.4,30.0,300.0,300.0,31.5,35.4,29.3,28.5,30.4,4.96,1.99,4.97,0.16,0.0,0.0,1027.0,8228.0,0.0,0.0,0.0,0.0,0.0,1.0,0.0,0.0,0.0,0.0,0.0,-0.3,0.0,-0.5,0.0,0.0,16.0,25903.0
2026-07-30T19:00:53.559Z,223.042,223.056,0.0,7.4,0.0,0.0,0.0,0.0,0.0,0.0,0.0,0.0,1.0,0.0,0.0,0.0,9.0,4.0,0.0,0.0,0.0,0.0,0.0,0.0,0.0,0.0,2.0,12.0,1.0,12.15,5.01,2.5,1.5,0.0,0.1,0.0,0.4,0.0,0.3,0.0,-0.1,-169.60000000000002,0.0,0.0,169.70000000000002,0.0,21.4,29.4,29.4,30.0,300.0,300.0,31.5,35.4,29.3,28.5,30.4,4.95,2.0,4.97,0.16,0.0,0.0,1027.0,8228.0,0.0,0.0,0.0,0.0,0.0,1.0,0.0,0.0,0.0,0.0,0.0,-0.1,0.0,0.1,0.0,0.0001,16.0,25903.0
2026-07-30T19:00:53.572Z,223.055,223.068,0.0,7.4,0.0,0.0,0.0,0.0,0.0,0.0,0.0,0.0,1.0,0.0,0.0,0.0,9.0,4.0,0.0,0.0,0.0,0.0,0.0,0.0,0.0,0.0,3.0,12.0,1.0,12.19,5.01,2.51,1.49,0.0,0.0,0.0,0.4,0.0,0.3,-0.5,-0.7000000000000001,-169.60000000000002,0.0,0.0,169.70000000000002,0.0,21.9,29.4,29.4,30.0,300.0,300.0,31.5,35.4,29.3,28.5,30.4,4.96,2.0,4.96,0.16,0.0,0.0,1027.0,8228.0,0.0,0.0,0.0,0.0,0.0,1.0,0.0,0.0,0.0,0.0,0.0,-1.1,0.0,0.5,0.0,0.0001,16.0,25903.0
2026-07-30T19:00:53.583Z,223.066,223.08,0.0,7.4,0.0,0.0,0.0,0.0,0.0,0.0,0.0,0.0,1.0,0.0,0.0,0.0,9.0,4.0,0.0,0.0,0.0,0.0,0.0,0.0,0.0,0.0,4.0,12.0,1.0,12.19,5.01,2.51,1.49,0.0,0.0,0.0,0.4,0.0,-0.8,1.1,-0.2,-169.60000000000002,0.0,0.0,169.8,0.0,21.9,29.4,29.4,30.0,300.0,300.0,31.5,35.4,29.3,28.5,30.4,4.95,1.99,4.96,0.16,0.0,0.0,1027.0,8228.0,0.0,0.0,0.0,0.0,0.0,1.0,0.0,0.0,0.0,0.0,0.0,1.1,0.0,0.4,0.0,0.0001,16.0,25903.0
2026-07-30T19:00:53.595Z,223.078,223.092,0.0,7.4,0.0,0.0,0.0,0.0,0.0,0.0,0.0,0.0,1.0,0.0,0.0,0.0,9.0,4.0,0.0,0.0,0.0,0.0,0.0,0.0,0.0,0.0,6.0,12.0,1.0,12.19,5.01,2.51,1.49,0.0,0.0,0.0,0.4,0.0,0.3,0.0,2.1,-169.70000000000002,0.0,0.0,169.8,0.0,21.9,29.4,29.4,30.0,300.0,300.0,31.5,35.4,29.3,28.5,30.4,4.95,1.99,4.97,0.16,0.0,0.0,1027.0,8228.0,0.0,0.0,0.0,0.0,0.0,1.0,0.0,0.0,0.0,0.0,0.0,0.5,0.0,0.2,0.0,0.0001,16.0,25903.0
2026-07-30T19:00:53.612Z,223.095,223.104,0.0,7.4,0.0,0.0,0.0,0.0,0.0,0.0,0.0,0.0,1.0,0.0,0.0,0.0,9.0,4.0,0.0,0.0,0.0,0.0,0.0,0.0,0.0,0.0,5.0,12.0,1.0,12.19,5.01,2.51,1.49,0.0,0.0,0.0,0.4,0.0,-0.8,-0.5,0.3,-169.70000000000002,0.0,0.0,169.70000000000002,0.0,21.9,29.4,29.4,30.0,300.0,300.0,31.5,35.4,29.3,28.5,30.4,4.95,1.99,4.97,0.16,0.0,0.0,1027.0,8228.0,0.0,0.0,0.0,0.0,0.0,1.0,0.0,0.0,0.0,0.0,0.0,0.7000000000000001,0.0,-0.8,0.0,0.0,16.0,25903.0
2026-07-30T19:00:53.619Z,223.102,223.116,0.0,7.4,0.0,0.0,0.0,0.0,0.0,0.0,0.0,0.0,1.0,0.0,0.0,0.0,9.0,4.0,0.0,0.0,0.0,0.0,0.0,0.0,0.0,0.0,4.0,12.0,1.0,12.19,5.01,2.51,1.49,0.0,0.0,0.0,0.4,0.0,0.9,-1.0,1.5,-169.70000000000002,0.0,0.0,169.70000000000002,0.0,21.9,29.4,29.4,30.0,300.0,300.0,31.5,35.4,29.3,28.5,30.4,4.96,1.99,4.96,0.16,0.0,0.0,1027.0,8228.0,0.0,0.0,0.0,0.0,0.0,1.0,0.0,0.0,0.0,0.0,0.0,0.3,0.0,-0.3,0.0,0.0002,16.0,25903.0
2026-07-30T19:00:53.631Z,223.114,223.128,0.0,7.4,0.0,0.0,0.0,0.0,0.0,0.0,0.0,0.0,1.0,0.0,0.0,0.0,9.0,4.0,0.0,0.0,0.0,0.0,0.0,0.0,0.0,0.0,5.0,12.0,1.0,12.19,5.01,2.51,1.49,0.0,0.0,0.0,0.4,0.0,-0.2,-1.1,-0.7000000000000001,-169.70000000000002,0.0,0.0,169.70000000000002,0.0,21.9,29.4,29.4,30.0,300.0,300.0,31.5,35.4,29.3,28.5,30.4,4.95,1.99,4.97,0.16,0.0,0.0,1027.0,8228.0,0.0,0.0,0.0,0.0,0.0,1.0,0.0,0.0,0.0,0.0,0.0,-2.3000000000000003,0.0,0.9,0.0,0.0001,16.0,25903.0
2026-07-30T19:00:53.643Z,223.126,223.14,0.0,7.4,0.0,0.0,0.0,0.0,0.0,0.0,0.0,0.0,1.0,0.0,0.0,0.0,9.0,4.0,0.0,0.0,0.0,0.0,0.0,0.0,0.0,0.0,6.0,12.0,1.0,12.19,5.01,2.51,1.49,0.0,0.0,0.0,0.4,0.0,0.3,-1.1,-0.2,-169.60000000000002,0.0,0.0,169.60000000000002,0.0,21.9,29.4,29.4,30.0,300.0,300.0,31.5,35.4,29.3,28.5,30.4,4.95,1.99,4.96,0.16,0.0,0.0,1027.0,8228.0,0.0,0.0,0.0,0.0,0.0,1.0,0.0,0.0,0.0,0.0,0.0,-1.4,0.0,0.0,0.0,0.0,16.0,25903.0
2026-07-30T19:00:53.655Z,223.138,223.152,0.0,7.4,0.0,0.0,0.0,0.0,0.0,0.0,0.0,0.0,1.0,0.0,0.0,0.0,9.0,4.0,0.0,0.0,0.0,0.0,0.0,0.0,0.0,0.0,1.0,12.0,1.0,12.19,5.01,2.51,1.49,0.0,0.1,0.0,0.4,0.0,1.5,1.2000000000000002,0.9,-169.60000000000002,0.0,0.0,169.70000000000002,0.0,21.9,29.4,29.4,30.0,300.0,300.0,31.5,35.4,29.3,28.5,30.4,4.96,1.99,4.96,0.16,0.0,0.0,1027.0,8228.0,0.0,0.0,0.0,0.0,0.0,1.0,0.0,0.0,0.0,0.0,0.0,2.0,0.0,-0.5,0.0,0.0001,16.0,25903.0
2026-07-30T19:00:53.667Z,223.15,223.164,0.0,7.4,0.0,0.0,0.0,0.0,0.0,0.0,0.0,0.0,1.0,0.0,0.0,0.0,9.0,4.0,0.0,0.0,0.0,0.0,0.0,0.0,0.0,0.0,2.0,12.0,1.0,12.19,5.01,2.51,1.49,0.0,0.0,0.0,0.4,0.0,-0.7000000000000001,-0.5,-0.1,-169.60000000000002,0.0,0.0,169.60000000000002,0.0,21.9,29.4,29.4,30.0,300.0,300.0,31.5,35.4,29.3,28.5,30.4,4.95,1.99,4.96,0.16,0.0,0.0,1027.0,8228.0,0.0,0.0,0.0,0.0,0.0,1.0,0.0,0.0,0.0,0.0,0.0,-0.7000000000000001,0.0,0.0,0.0,0.0001,16.0,25903.0
2026-07-30T19:00:53.679Z,223.162,223.176,0.0,7.4,0.0,0.0,0.0,0.0,0.0,0.0,0.0,0.0,1.0,0.0,0.0,0.0,9.0,4.0,0.0,0.0,0.0,0.0,0.0,0.0,0.0,0.0,3.0,12.0,1.0,12.17,5.01,2.51,1.49,0.0,0.0,0.0,0.4,0.0,0.3,-0.5,0.3,-169.60000000000002,0.0,0.0,169.60000000000002,0.0,21.200000000000003,29.4,29.4,30.0,300.0,300.0,31.5,35.4,29.200000000000003,28.5,30.3,4.95,1.99,4.97,0.16,0.0,0.0,1027.0,8228.0,0.0,0.0,0.0,0.0,0.0,1.0,0.0,0.0,0.0,0.0,0.0,-0.3,0.0,-0.4,0.0,0.0001,16.0,25903.0
2026-07-30T19:00:53.691Z,223.174,223.188,0.0,7.4,0.0,0.0,0.0,0.0,0.0,0.0,0.0,0.0,1.0,0.0,0.0,0.0,9.0,4.0,0.0,0.0,0.0,0.0,0.0,0.0,0.0,0.0,5.0,12.0,1.0,12.17,5.01,2.51,1.49,0.0,0.1,0.0,0.4,0.0,-0.2,-0.5,-1.3,-169.60000000000002,0.0,0.0,169.60000000000002,0.0,21.200000000000003,29.4,29.4,30.0,300.0,300.0,31.5,35.4,29.200000000000003,28.5,30.3,4.95,2.0,4.96,0.16,0.0,0.0,1027.0,8228.0,0.0,0.0,0.0,0.0,0.0,1.0,0.0,0.0,0.0,0.0,0.0,-1.6,0.0,1.1,0.0,0.0,16.0,25903.0
2026-07-30T19:00:53.703Z,223.186,223.2,0.0,7.4,0.0,0.0,0.0,0.0,0.0,0.0,0.0,0.0,1.0,0.0,0.0,0.0,9.0,4.0,0.0,0.0,0.0,0.0,0.0,0.0,0.0,0.0,6.0,12.0,1.0,12.17,5.01,2.51,1.49,0.0,0.0,0.0,0.4,0.0,0.9,-0.5,-0.7000000000000001,-169.60000000000002,0.0,0.0,169.60000000000002,0.0,21.200000000000003,29.4,29.4,30.0,300.0,300.0,31.5,35.4,29.200000000000003,28.5,30.3,4.96,1.99,4.96,0.16,0.0,0.0,1027.0,8228.0,0.0,0.0,0.0,0.0,0.0,1.0,0.0,0.0,0.0,0.0,0.0,-1.1,0.0,0.5,0.0,0.0,16.0,25903.0
2026-07-30T19:00:53.715Z,223.198,223.212,0.0,7.4,0.0,0.0,0.0,0.0,0.0,0.0,0.0,0.0,1.0,0.0,0.0,0.0,9.0,4.0,0.0,0.0,0.0,0.0,0.0,0.0,0.0,0.0,1.0,12.0,1.0,12.17,5.01,2.51,1.49,0.0,0.1,0.0,0.4,0.0,-0.2,0.0,-0.1,-169.60000000000002,0.0,0.0,169.60000000000002,0.0,21.200000000000003,29.4,29.4,30.0,300.0,300.0,31.5,35.4,29.200000000000003,28.5,30.3,4.96,1.99,4.97,0.16,0.0,0.0,1027.0,8228.0,0.0,0.0,0.0,0.0,0.0,1.0,0.0,0.0,0.0,0.0,0.0,0.0,0.0,0.1,0.0,0.0,16.0,25903.0
2026-07-30T19:00:53.727Z,223.21,223.224,0.0,7.4,0.0,0.0,0.0,0.0,0.0,0.0,0.0,0.0,1.0,0.0,0.0,0.0,9.0,4.0,0.0,0.0,0.0,0.0,0.0,0.0,0.0,0.0,2.0,12.0,1.0,12.17,5.01,2.51,1.49,0.0,0.0,0.0,0.4,0.0,0.3,-0.5,1.6,-169.60000000000002,0.0,0.0,169.70000000000002,0.0,21.200000000000003,29.4,29.4,30.0,300.0,300.0,31.5,35.4,29.200000000000003,28.5,30.3,4.96,1.99,4.97,0.16,0.0,0.0,1027.0,8228.0,0.0,0.0,0.0,0.0,0.0,1.0,0.0,0.0,0.0,0.0,0.0,0.6000000000000001,0.0,-1.5,0.0,0.0,16.0,25903.0
2026-07-30T19:00:53.739Z,223.222,223.236,0.0,7.4,0.0,0.0,0.0,0.0,0.0,0.0,0.0,0.0,1.0,0.0,0.0,0.0,9.0,4.0,0.0,0.0,0.0,0.0,0.0,0.0,0.0,0.0,4.0,12.0,1.0,12.17,5.01,2.51,1.49,0.0,0.0,0.0,0.4,0.0,0.3,0.6000000000000001,1.5,-169.60000000000002,0.0,0.0,169.60000000000002,0.0,21.200000000000003,29.4,29.4,30.0,300.0,300.0,31.5,35.4,29.200000000000003,28.5,30.3,4.96,2.0,4.96,0.16,0.0,0.0,1027.0,8228.0,0.0,0.0,0.0,0.0,0.0,1.0,0.0,0.0,0.0,0.0,0.0,1.8,0.0,-1.2000000000000002,0.0,0.0,16.0,25903.0
2026-07-30T19:00:53.751Z,223.234,223.248,0.0,7.4,0.0,0.0,0.0,0.0,0.0,0.0,0.0,0.0,1.0,0.0,0.0,0.0,9.0,4.0,0.0,0.0,0.0,0.0,0.0,0.0,0.0,0.0,5.0,12.0,1.0,12.17,5.01,2.51,1.49,0.0,0.0,0.0,0.4,0.0,-0.2,-0.5,-1.2000000000000002,-169.60000000000002,0.0,0.0,169.70000000000002,0.0,21.200000000000003,29.4,29.4,30.0,300.0,300.0,31.5,35.4,29.200000000000003,28.5,30.3,4.95,1.99,4.96,0.16,0.0,0.0,1027.0,8228.0,0.0,0.0,0.0,0.0,0.0,1.0,0.0,0.0,0.0,0.0,0.0,-1.6,0.0,1.0,0.0,0.0,16.0,25903.0
2026-07-30T19:00:53.763Z,223.246,223.26,0.0,7.4,0.0,0.0,0.0,0.0,0.0,0.0,0.0,0.0,1.0,0.0,0.0,0.0,9.0,4.0,0.0,0.0,0.0,0.0,0.0,0.0,0.0,0.0,6.0,12.0,1.0,12.17,5.01,2.51,1.49,0.0,0.0,0.0,0.4,0.0,0.3,-1.1,-0.6000000000000001,-169.60000000000002,0.0,0.0,169.60000000000002,0.0,21.200000000000003,29.4,29.4,30.0,300.0,300.0,31.5,35.4,29.200000000000003,28.5,30.3,4.95,1.99,4.97,0.16,0.0,0.0,1027.0,8228.0,0.0,0.0,0.0,0.0,0.0,1.0,0.0,0.0,0.0,0.0,0.0,-1.7000000000000002,0.0,0.3,0.0,0.0,16.0,25903.0
2026-07-30T19:00:53.776Z,223.259,223.272,0.0,7.4,0.0,0.0,0.0,0.0,0.0,0.0,0.0,0.0,1.0,0.0,0.0,0.0,9.0,4.0,0.0,0.0,0.0,0.0,0.0,0.0,0.0,0.0,1.0,12.0,1.0,12.15,5.0200000000000005,2.5,1.49,0.0,0.0,0.0,0.4,0.0,0.9,0.0,-0.1,-169.60000000000002,0.0,0.0,169.70000000000002,0.0,21.700000000000003,29.4,29.4,30.0,300.0,300.0,31.5,35.4,29.3,28.5,30.4,4.96,1.99,4.96,0.16,0.0,0.0,1027.0,8228.0,0.0,0.0,0.0,0.0,0.0,1.0,0.0,0.0,0.0,0.0,0.0,0.0,0.0,0.1,0.0,0.0001,16.0,25903.0
2026-07-30T19:00:53.787Z,223.27,223.284,0.0,7.4,0.0,0.0,0.0,0.0,0.0,0.0,0.0,0.0,1.0,0.0,0.0,0.0,9.0,4.0,0.0,0.0,0.0,0.0,0.0,0.0,0.0,0.0,2.0,12.0,1.0,12.15,5.0200000000000005,2.5,1.49,0.0,0.0,0.0,0.4,0.0,0.3,0.0,-1.2000000000000002,-169.60000000000002,0.0,0.0,169.70000000000002,0.0,21.700000000000003,29.4,29.4,30.0,300.0,300.0,31.5,35.4,29.3,28.5,30.4,4.96,1.99,4.97,0.16,0.0,0.0,1027.0,8228.0,0.0,0.0,0.0,0.0,0.0,1.0,0.0,0.0,0.0,0.0,0.0,-0.9,0.0,1.0,0.0,0.0,16.0,25903.0
2026-07-30T19:00:53.799Z,223.282,223.296,0.0,7.4,0.0,0.0,0.0,0.0,0.0,0.0,0.0,0.0,1.0,0.0,0.0,0.0,9.0,4.0,0.0,0.0,0.0,0.0,0.0,0.0,0.0,0.0,3.0,12.0,1.0,12.15,5.0200000000000005,2.5,1.49,0.0,0.1,0.0,0.4,0.0,0.9,0.0,-0.6000000000000001,-169.60000000000002,0.0,0.0,169.70000000000002,0.0,21.700000000000003,29.4,29.4,30.0,300.0,300.0,31.5,35.4,29.3,28.5,30.4,4.95,1.99,4.97,0.16,0.0,0.0,1027.0,8228.0,0.0,0.0,0.0,0.0,0.0,1.0,0.0,0.0,0.0,0.0,0.0,-0.5,0.0,0.6000000000000001,0.0,0.0,16.0,25903.0
2026-07-30T19:00:53.811Z,223.294,223.308,0.0,7.4,0.0,0.0,0.0,0.0,0.0,0.0,0.0,0.0,1.0,0.0,0.0,0.0,9.0,4.0,0.0,0.0,0.0,0.0,0.0,0.0,0.0,0.0,4.0,12.0,1.0,12.15,5.0200000000000005,2.5,1.49,0.0,0.0,0.0,0.4,0.0,-0.2,0.0,-0.1,-169.60000000000002,0.0,0.0,169.60000000000002,0.0,21.700000000000003,29.4,29.4,30.0,300.0,300.0,31.5,35.4,29.3,28.5,30.4,4.96,1.99,4.97,0.16,0.0,0.0,1027.0,8228.0,0.0,0.0,0.0,0.0,0.0,1.0,0.0,0.0,0.0,0.0,0.0,-0.1,0.0,0.0,0.0,0.0,16.0,25903.0
2026-07-30T19:00:53.823Z,223.306,223.32,0.0,7.4,0.0,0.0,0.0,0.0,0.0,0.0,0.0,0.0,1.0,0.0,0.0,0.0,9.0,4.0,0.0,0.0,0.0,0.0,0.0,0.0,0.0,0.0,5.0,12.0,1.0,12.15,5.0200000000000005,2.5,1.49,0.0,0.0,0.0,0.4,0.0,0.3,-1.2000000000000002,-1.2000000000000002,-169.60000000000002,0.0,0.0,169.60000000000002,0.0,21.700000000000003,29.4,29.4,30.0,300.0,300.0,31.5,35.4,29.3,28.5,30.4,4.95,1.99,4.96,0.16,0.0,0.0,1027.0,8228.0,0.0,0.0,0.0,0.0,0.0,1.0,0.0,0.0,0.0,0.0,0.0,-2.3000000000000003,0.0,0.8,0.0,0.0001,16.0,25903.0
2026-07-30T19:00:53.835Z,223.318,223.332,0.0,7.4,0.0,0.0,0.0,0.0,0.0,0.0,0.0,0.0,1.0,0.0,0.0,0.0,9.0,4.0,0.0,0.0,0.0,0.0,0.0,0.0,0.0,0.0,6.0,12.0,1.0,12.15,5.0200000000000005,2.5,1.49,0.0,0.0,0.0,0.4,0.0,-0.2,0.0,0.5,-169.60000000000002,0.0,0.0,169.70000000000002,0.0,21.700000000000003,29.4,29.4,30.0,300.0,300.0,31.5,35.4,29.3,28.5,30.4,4.95,1.99,4.97,0.16,0.0,0.0,1027.0,8228.0,0.0,0.0,0.0,0.0,0.0,1.0,0.0,0.0,0.0,0.0,0.0,0.2,0.0,-0.4,0.0,0.0,16.0,25903.0
2026-07-30T19:00:53.847Z,223.33,223.344,0.0,7.4,0.0,0.0,0.0,0.0,0.0,0.0,0.0,0.0,1.0,0.0,0.0,0.0,9.0,4.0,0.0,0.0,0.0,0.0,0.0,0.0,0.0,0.0,1.0,12.0,1.0,12.15,5.0200000000000005,2.5,1.49,0.0,0.0,0.0,0.4,0.0,-0.2,1.6,0.0,-169.60000000000002,0.0,0.0,169.70000000000002,0.0,21.700000000000003,29.4,29.4,30.0,300.0,300.0,31.5,35.4,29.3,28.5,30.4,4.95,2.0,4.97,0.16,0.0,0.0,1027.0,8228.0,0.0,0.0,0.0,0.0,0.0,1.0,0.0,0.0,0.0,0.0,0.0,1.8,0.0,0.4,0.0,0.0,16.0,25903.0
2026-07-30T19:00:53.859Z,223.342,223.356,0.0,7.4,0.0,0.0,0.0,0.0,0.0,0.0,0.0,0.0,1.0,0.0,0.0,0.0,9.0,4.0,0.0,0.0,0.0,0.0,0.0,0.0,0.0,0.0,2.0,12.0,1.0,12.15,5.0200000000000005,2.5,1.49,0.0,0.0,0.0,0.4,0.0,-0.2,1.1,0.5,-169.60000000000002,0.0,0.0,169.60000000000002,0.0,21.700000000000003,29.4,29.4,30.0,300.0,300.0,31.5,35.4,29.3,28.5,30.4,4.96,2.0,4.96,0.16,0.0,0.0,1027.0,8228.0,0.0,0.0,0.0,0.0,0.0,1.0,0.0,0.0,0.0,0.0,0.0,1.6,0.0,-0.2,0.0,0.0,16.0,25903.0
2026-07-30T19:00:53.871Z,223.354,223.368,0.0,7.4,0.0,0.0,0.0,0.0,0.0,0.0,0.0,0.0,1.0,0.0,0.0,0.0,9.0,4.0,0.0,0.0,0.0,0.0,0.0,0.0,0.0,0.0,3.0,12.0,1.0,12.15,5.0200000000000005,2.5,1.49,0.0,0.0,0.0,0.4,0.0,0.9,-0.6000000000000001,1.6,-169.60000000000002,0.0,0.0,169.70000000000002,0.0,21.700000000000003,29.4,29.4,30.0,300.0,300.0,31.5,35.4,29.3,28.5,30.4,4.95,1.99,4.97,0.16,0.0,0.0,1027.0,8228.0,0.0,0.0,0.0,0.0,0.0,1.0,0.0,0.0,0.0,0.0,0.0,0.4,0.0,-1.6,0.0,0.0,16.0,25903.0
2026-07-30T19:00:53.883Z,223.366,223.38,0.0,7.4,0.0,0.0,0.0,0.0,0.0,0.0,0.0,0.0,1.0,0.0,0.0,0.0,9.0,4.0,0.0,0.0,0.0,0.0,0.0,0.0,0.0,0.0,4.0,12.0,1.0,12.09,5.0200000000000005,2.51,1.49,0.0,0.0,0.0,0.4,0.0,0.9,0.5,0.0,-169.60000000000002,0.0,0.0,169.70000000000002,0.0,21.700000000000003,29.4,29.4,30.0,300.0,300.0,31.5,35.300000000000004,29.3,28.5,30.4,4.95,1.99,4.97,0.16,0.0,0.0,1027.0,8228.0,0.0,0.0,0.0,0.0,0.0,1.0,0.0,0.0,0.0,0.0,0.0,0.5,0.0,0.1,0.0,0.0001,16.0,25903.0
2026-07-30T19:00:53.895Z,223.378,223.392,0.0,7.4,0.0,0.0,0.0,0.0,0.0,0.0,0.0,0.0,1.0,0.0,0.0,0.0,9.0,4.0,0.0,0.0,0.0,0.0,0.0,0.0,0.0,0.0,5.0,12.0,1.0,12.09,5.0200000000000005,2.51,1.49,0.0,0.0,0.0,0.4,0.0,-0.1,1.1,0.0,-169.60000000000002,0.0,0.0,169.70000000000002,0.0,21.700000000000003,29.4,29.4,30.0,300.0,300.0,31.5,35.300000000000004,29.3,28.5,30.4,4.96,1.99,4.97,0.16,0.0,0.0,1027.0,8228.0,0.0,0.0,0.0,0.0,0.0,1.0,0.0,0.0,0.0,0.0,0.0,1.2000000000000002,0.0,0.3,0.0,0.0,16.0,25903.0
2026-07-30T19:00:53.907Z,223.39,223.404,0.0,7.4,0.0,0.0,0.0,0.0,0.0,0.0,0.0,0.0,1.0,0.0,0.0,0.0,9.0,4.0,0.0,0.0,0.0,0.0,0.0,0.0,0.0,0.0,6.0,12.0,1.0,12.09,5.0200000000000005,2.51,1.49,0.0,0.0,0.0,0.4,0.0,0.4,0.5,1.1,-169.60000000000002,0.0,0.0,169.70000000000002,0.0,21.700000000000003,29.4,29.4,30.0,300.0,300.0,31.5,35.300000000000004,29.3,28.5,30.4,4.96,1.99,4.96,0.16,0.0,0.0,1027.0,8228.0,0.0,0.0,0.0,0.0,0.0,1.0,0.0,0.0,0.0,0.0,0.0,1.4,0.0,-0.8,0.0,0.0002,16.0,25903.0
2026-07-30T19:00:53.921Z,223.404,223.416,0.0,7.4,0.0,0.0,0.0,0.0,0.0,0.0,0.0,0.0,1.0,0.0,0.0,0.0,9.0,4.0,0.0,0.0,0.0,0.0,0.0,0.0,0.0,0.0,6.0,12.0,1.0,12.09,5.0200000000000005,2.51,1.49,0.0,0.0,0.0,0.4,0.0,-0.7000000000000001,-0.5,0.5,-169.60000000000002,0.0,0.0,169.70000000000002,0.0,21.700000000000003,29.4,29.4,30.0,300.0,300.0,31.5,35.300000000000004,29.3,28.5,30.4,4.95,1.99,4.97,0.16,0.0,0.0,1027.0,8228.0,0.0,0.0,0.0,0.0,0.0,1.0,0.0,0.0,0.0,0.0,0.0,-0.2,0.0,-0.5,0.0,0.0001,16.0,25903.0
2026-07-30T19:00:53.931Z,223.414,223.428,0.0,7.4,0.0,0.0,0.0,0.0,0.0,0.0,0.0,0.0,1.0,0.0,0.0,0.0,9.0,4.0,0.0,0.0,0.0,0.0,0.0,0.0,0.0,0.0,5.0,12.0,1.0,12.09,5.0200000000000005,2.51,1.49,0.0,0.0,0.0,0.4,0.0,0.4,0.5,0.0,-169.60000000000002,0.0,0.0,169.8,0.0,21.700000000000003,29.4,29.4,30.0,300.0,300.0,31.5,35.300000000000004,29.3,28.5,30.4,4.95,1.99,4.96,0.16,0.0,0.0,1027.0,8228.0,0.0,0.0,0.0,0.0,0.0,1.0,0.0,0.0,0.0,0.0,0.0,0.6000000000000001,0.0,0.1,0.0,0.0,16.0,25903.0
2026-07-30T19:00:53.943Z,223.426,223.44,0.0,7.4,0.0,0.0,0.0,0.0,0.0,0.0,0.0,0.0,1.0,0.0,0.0,0.0,9.0,4.0,0.0,0.0,0.0,0.0,0.0,0.0,0.0,0.0,6.0,12.0,1.0,12.09,5.0200000000000005,2.51,1.49,0.0,0.0,0.0,0.4,0.0,1.0,-0.5,0.5,-169.60000000000002,0.0,0.0,169.60000000000002,0.0,21.700000000000003,29.4,29.4,30.0,300.0,300.0,31.5,35.300000000000004,29.3,28.5,30.4,4.95,1.99,4.96,0.16,0.0,0.0,1027.0,8228.0,0.0,0.0,0.0,0.0,0.0,1.0,0.0,0.0,0.0,0.0,0.0,-0.2,0.0,-0.5,0.0,0.0002,16.0,25903.0
2026-07-30T19:00:53.955Z,223.438,223.452,0.0,7.4,0.0,0.0,0.0,0.0,0.0,0.0,0.0,0.0,1.0,0.0,0.0,0.0,9.0,4.0,0.0,0.0,0.0,0.0,0.0,0.0,0.0,0.0,2.0,12.0,1.0,12.09,5.0200000000000005,2.51,1.49,0.0,0.1,0.0,0.4,0.0,-0.1,0.0,-1.2000000000000002,-169.60000000000002,0.0,0.0,169.8,0.0,21.700000000000003,29.4,29.4,30.0,300.0,300.0,31.5,35.300000000000004,29.3,28.5,30.4,4.95,1.99,4.97,0.16,0.0,0.0,1027.0,8228.0,0.0,0.0,0.0,0.0,0.0,1.0,0.0,0.0,0.0,0.0,0.0,-0.8,0.0,1.0,0.0,0.0001,16.0,25903.0
2026-07-30T19:00:53.967Z,223.45,223.464,0.0,7.4,0.0,0.0,0.0,0.0,0.0,0.0,0.0,0.0,1.0,0.0,0.0,0.0,9.0,4.0,0.0,0.0,0.0,0.0,0.0,0.0,0.0,0.0,3.0,12.0,1.0,12.09,5.0200000000000005,2.51,1.49,0.0,0.0,0.0,0.4,0.0,0.0,0.0,0.5,-169.60000000000002,0.0,0.0,169.8,0.0,21.700000000000003,29.4,29.4,30.0,300.0,300.0,31.5,35.300000000000004,29.3,28.5,30.4,4.96,1.99,4.96,0.16,0.0,0.0,1027.0,8228.0,0.0,0.0,0.0,0.0,0.0,1.0,0.0,0.0,0.0,0.0,0.0,0.4,0.0,-0.4,0.0,0.0001,16.0,25903.0
2026-07-30T19:00:53.981Z,223.464,223.476,0.0,7.4,0.0,0.0,0.0,0.0,0.0,0.0,0.0,0.0,1.0,0.0,0.0,0.0,9.0,4.0,0.0,0.0,0.0,0.0,0.0,0.0,0.0,0.0,3.0,12.0,1.0,12.15,5.01,2.51,1.49,0.0,0.0,0.0,0.4,0.0,-0.7000000000000001,0.0,-1.8,-169.60000000000002,0.0,0.0,169.70000000000002,0.0,21.3,29.4,29.4,30.0,300.0,300.0,31.6,35.4,29.3,28.5,30.4,4.96,1.99,4.96,0.16,0.0,0.0,1027.0,8228.0,0.0,0.0,0.0,0.0,0.0,1.0,0.0,0.0,0.0,0.0,0.0,-1.4,0.0,1.6,0.0,0.0001,16.0,25903.0
2026-07-30T19:00:53.991Z,223.474,223.488,0.0,7.4,0.0,0.0,0.0,0.0,0.0,0.0,0.0,0.0,1.0,0.0,0.0,0.0,9.0,4.0,0.0,0.0,0.0,0.0,0.0,0.0,0.0,0.0,4.0,12.0,1.0,12.15,5.01,2.51,1.49,0.0,0.0,0.0,0.5,0.0,0.4,0.0,-0.6000000000000001,-169.60000000000002,0.0,0.0,169.60000000000002,0.0,21.3,29.4,29.4,30.0,300.0,300.0,31.6,35.4,29.3,28.5,30.4,4.96,1.99,4.96,0.16,0.0,0.0,1027.0,8228.0,0.0,0.0,0.0,0.0,0.0,1.0,0.0,0.0,0.0,0.0,0.0,-0.4,0.0,0.5,0.0,0.0001,16.0,25903.0
2026-07-30T19:00:54.003Z,223.486,223.5,0.0,7.4,0.0,0.0,0.0,0.0,0.0,0.0,0.0,0.0,1.0,0.0,0.0,0.0,9.0,4.0,0.0,0.0,0.0,0.0,0.0,0.0,0.0,0.0,6.0,12.0,1.0,12.15,5.01,2.51,1.49,0.0,0.0,0.0,0.4,0.0,1.0,0.0,0.0,-169.60000000000002,0.0,0.0,169.60000000000002,0.0,21.3,29.4,29.4,30.0,300.0,300.0,31.6,35.4,29.3,28.5,30.4,4.95,1.99,4.97,0.16,0.0,0.0,1027.0,8228.0,0.0,0.0,0.0,0.0,0.0,1.0,0.0,0.0,0.0,0.0,0.0,0.0,0.0,0.0,0.0,0.0001,16.0,25903.0
2026-07-30T19:00:54.015Z,223.498,223.512,0.0,7.4,0.0,0.0,0.0,0.0,0.0,0.0,0.0,0.0,1.0,0.0,0.0,0.0,9.0,4.0,0.0,0.0,0.0,0.0,0.0,0.0,0.0,0.0,1.0,12.0,1.0,12.15,5.01,2.51,1.49,0.0,0.0,0.0,0.4,0.0,-0.7000000000000001,0.0,-1.2000000000000002,-169.60000000000002,0.0,0.0,169.70000000000002,0.0,21.3,29.4,29.4,30.0,300.0,300.0,31.6,35.4,29.3,28.5,30.4,4.96,2.0,4.96,0.16,0.0,0.0,1027.0,8228.0,0.0,0.0,0.0,0.0,0.0,1.0,0.0,0.0,0.0,0.0,0.0,-0.9,0.0,1.1,0.0,0.0,16.0,25903.0
2026-07-30T19:00:54.027Z,223.51,223.524,0.0,7.4,0.0,0.0,0.0,0.0,0.0,0.0,0.0,0.0,1.0,0.0,0.0,0.0,9.0,4.0,0.0,0.0,0.0,0.0,0.0,0.0,0.0,0.0,2.0,12.0,1.0,12.15,5.01,2.51,1.49,0.0,0.0,0.0,0.4,0.0,-0.1,1.1,1.0,-169.60000000000002,0.0,0.0,169.60000000000002,0.0,21.3,29.4,29.4,30.0,300.0,300.0,31.6,35.4,29.3,28.5,30.4,4.96,1.99,4.97,0.15,0.0,0.0,1027.0,8228.0,0.0,0.0,0.0,0.0,0.0,1.0,0.0,0.0,0.0,0.0,0.0,2.0,0.0,-0.6000000000000001,0.0,0.0001,16.0,25903.0
2026-07-30T19:00:54.039Z,223.522,223.536,0.0,7.4,0.0,0.0,0.0,0.0,0.0,0.0,0.0,0.0,1.0,0.0,0.0,0.0,9.0,4.0,0.0,0.0,0.0,0.0,0.0,0.0,0.0,0.0,3.0,12.0,1.0,12.15,5.01,2.51,1.49,0.0,0.0,0.0,0.4,0.0,-0.1,-0.6000000000000001,-0.1,-169.60000000000002,0.0,0.0,169.70000000000002,0.0,21.3,29.4,29.4,30.0,300.0,300.0,31.6,35.4,29.3,28.5,30.4,4.95,1.99,4.97,0.16,0.0,0.0,1027.0,8228.0,0.0,0.0,0.0,0.0,0.0,1.0,0.0,0.0,0.0,0.0,0.0,-0.8,0.0,0.0,0.0,0.0001,16.0,25903.0
2026-07-30T19:00:54.051Z,223.534,223.548,0.0,7.4,0.0,0.0,0.0,0.0,0.0,0.0,0.0,0.0,1.0,0.0,0.0,0.0,9.0,4.0,0.0,0.0,0.0,0.0,0.0,0.0,0.0,0.0,4.0,12.0,1.0,12.15,5.01,2.51,1.49,0.0,0.0,0.0,0.4,0.0,0.3,0.0,-0.6000000000000001,-169.60000000000002,0.0,0.0,169.60000000000002,0.0,21.3,29.4,29.4,30.0,300.0,300.0,31.6,35.4,29.3,28.5,30.4,4.96,1.99,4.96,0.16,0.0,0.0,1027.0,8228.0,0.0,0.0,0.0,0.0,0.0,1.0,0.0,0.0,0.0,0.0,0.0,-0.5,0.0,0.5,0.0,0.0001,16.0,25903.0
2026-07-30T19:00:54.063Z,223.546,223.56,0.0,7.4,0.0,0.0,0.0,0.0,0.0,0.0,0.0,0.0,1.0,0.0,0.0,0.0,9.0,4.0,0.0,0.0,0.0,0.0,0.0,0.0,0.0,0.0,6.0,12.0,1.0,12.15,5.01,2.51,1.49,0.0,0.0,0.0,0.4,0.0,1.5,0.0,0.4,-169.60000000000002,0.0,0.0,169.60000000000002,0.0,21.3,29.4,29.4,30.0,300.0,300.0,31.6,35.4,29.3,28.5,30.4,4.96,1.99,4.96,0.16,0.0,0.0,1027.0,8228.0,0.0,0.0,0.0,0.0,0.0,1.0,0.0,0.0,0.0,0.0,0.0,0.2,0.0,-0.4,0.0,0.0,16.0,25903.0
2026-07-30T19:00:54.075Z,223.558,223.572,0.0,7.4,0.0,0.0,0.0,0.0,0.0,0.0,0.0,0.0,1.0,0.0,0.0,0.0,9.0,4.0,0.0,0.0,0.0,0.0,0.0,0.0,0.0,0.0,6.0,12.0,1.0,12.15,5.01,2.51,1.49,0.0,0.0,0.0,0.4,0.0,0.3,1.1,0.4,-169.60000000000002,0.0,0.0,169.60000000000002,0.0,21.3,29.4,29.4,30.0,300.0,300.0,31.6,35.4,29.3,28.5,30.4,4.96,2.0,4.97,0.16,0.0,0.0,1027.0,8228.0,0.0,0.0,0.0,0.0,0.0,1.0,0.0,0.0,0.0,0.0,0.0,1.5,0.0,-0.1,0.0,0.0,16.0,25903.0
2026-07-30T19:00:54.087Z,223.57,223.584,0.0,7.4,0.0,0.0,0.0,0.0,0.0,0.0,0.0,0.0,1.0,0.0,0.0,0.0,9.0,4.0,0.0,0.0,0.0,0.0,0.0,0.0,0.0,0.0,1.0,12.0,1.0,12.17,5.01,2.51,1.49,0.0,0.0,0.0,0.4,0.0,0.8,0.5,-0.2,-169.60000000000002,0.0,0.0,169.60000000000002,0.0,21.9,29.4,29.4,30.0,300.0,300.0,31.6,35.4,29.3,28.5,30.4,4.96,1.99,4.97,0.16,0.0,0.0,1027.0,8228.0,0.0,0.0,0.0,0.0,0.0,1.0,0.0,0.0,0.0,0.0,0.0,0.4,0.0,0.3,0.0,0.0,16.0,25903.0
2026-07-30T19:00:54.099Z,223.582,223.596,0.0,7.4,0.0,0.0,0.0,0.0,0.0,0.0,0.0,0.0,1.0,0.0,0.0,0.0,9.0,4.0,0.0,0.0,0.0,0.0,0.0,0.0,0.0,0.0,3.0,12.0,1.0,12.17,5.01,2.51,1.49,0.0,0.0,0.0,0.4,0.0,0.2,0.0,-0.2,-169.60000000000002,0.0,0.0,169.60000000000002,0.0,21.9,29.4,29.4,30.0,300.0,300.0,31.6,35.4,29.3,28.5,30.4,4.96,1.99,4.96,0.16,0.0,0.0,1027.0,8228.0,0.0,0.0,0.0,0.0,0.0,1.0,0.0,0.0,0.0,0.0,0.0,-0.2,0.0,0.1,0.0,0.0,16.0,25903.0
2026-07-30T19:00:54.111Z,223.594,223.608,0.0,7.4,0.0,0.0,0.0,0.0,0.0,0.0,0.0,0.0,1.0,0.0,0.0,0.0,9.0,4.0,0.0,0.0,0.0,0.0,0.0,0.0,0.0,0.0,4.0,12.0,1.0,12.17,5.01,2.51,1.49,0.0,0.0,0.0,0.4,0.0,-0.3,-0.6000000000000001,-1.4,-169.60000000000002,0.0,0.0,169.60000000000002,0.0,21.9,29.4,29.4,30.0,300.0,300.0,31.6,35.4,29.3,28.5,30.4,4.95,1.99,4.97,0.16,0.0,0.0,1027.0,8228.0,0.0,0.0,0.0,0.0,0.0,1.0,0.0,0.0,0.0,0.0,0.0,1.0,0.0,-1.3,0.0,0.0,16.0,25903.0
2026-07-30T19:00:54.122Z,223.605,223.62,0.0,7.4,0.0,0.0,0.0,0.0,0.0,0.0,0.0,0.0,1.0,0.0,0.0,0.0,9.0,4.0,0.0,0.0,0.0,0.0,0.0,0.0,0.0,0.0,5.0,12.0,1.0,12.17,5.01,2.51,1.49,0.0,0.0,0.0,0.4,0.0,-0.3,0.4,-1.4,-169.60000000000002,0.0,0.0,169.60000000000002,0.0,21.9,29.4,29.4,30.0,300.0,300.0,31.6,35.4,29.3,28.5,30.4,4.95,1.99,4.97,0.16,0.0,0.0,1027.0,8228.0,0.0,0.0,0.0,0.0,0.0,1.0,0.0,0.0,0.0,0.0,0.0,-1.8,0.0,1.0,0.0,0.0,16.0,25903.0
2026-07-30T19:00:54.135Z,223.618,223.632,0.0,7.4,0.0,0.0,0.0,0.0,0.0,0.0,0.0,0.0,1.0,0.0,0.0,0.0,9.0,4.0,0.0,0.0,0.0,0.0,0.0,0.0,0.0,0.0,6.0,12.0,1.0,12.17,5.01,2.51,1.49,0.0,0.0,0.0,0.4,0.0,0.2,1.6,-0.2,-169.60000000000002,0.0,0.0,169.60000000000002,0.0,21.9,29.4,29.4,30.0,300.0,300.0,31.6,35.4,29.3,28.5,30.4,4.96,2.0,4.97,0.16,0.0,0.0,1027.0,8228.0,0.0,0.0,0.0,0.0,0.0,1.0,0.0,0.0,0.0,0.0,0.0,-1.8,0.0,1.1,0.0,0.0,16.0,25903.0
2026-07-30T19:00:54.147Z,223.63,223.644,0.0,7.4,0.0,0.0,0.0,0.0,0.0,0.0,0.0,0.0,1.0,0.0,0.0,0.0,9.0,4.0,0.0,0.0,0.0,0.0,0.0,0.0,0.0,0.0,1.0,12.0,1.0,12.17,5.01,2.51,1.49,0.0,0.0,0.0,0.4,0.0,-0.9,1.0,-0.1,-169.60000000000002,0.0,0.0,169.60000000000002,0.0,21.9,29.4,29.4,30.0,300.0,300.0,31.6,35.4,29.3,28.5,30.4,4.95,2.0,4.96,0.16,0.0,0.0,1027.0,8228.0,0.0,0.0,0.0,0.0,0.0,1.0,0.0,0.0,0.0,0.0,0.0,-0.4,0.0,-0.4,0.0,0.0,16.0,25903.0
2026-07-30T19:00:54.159Z,223.642,223.656,0.0,7.4,0.0,0.0,0.0,0.0,0.0,0.0,0.0,0.0,1.0,0.0,0.0,0.0,9.0,4.0,0.0,0.0,0.0,0.0,0.0,0.0,0.0,0.0,2.0,12.0,1.0,12.17,5.01,2.51,1.49,0.0,0.0,0.0,0.4,0.0,0.2,-0.7000000000000001,0.3,-169.60000000000002,0.0,0.0,169.60000000000002,0.0,21.9,29.4,29.4,30.0,300.0,300.0,31.6,35.4,29.3,28.5,30.4,4.95,1.99,4.97,0.16,0.0,0.0,1027.0,8228.0,0.0,0.0,0.0,0.0,0.0,1.0,0.0,0.0,0.0,0.0,0.0,-0.5,0.0,-0.4,0.0,0.0,16.0,25903.0
2026-07-30T19:00:54.171Z,223.654,223.668,0.0,7.4,0.0,0.0,0.0,0.0,0.0,0.0,0.0,0.0,1.0,0.0,0.0,0.0,9.0,4.0,0.0,0.0,0.0,0.0,0.0,0.0,0.0,0.0,3.0,12.0,1.0,12.17,5.01,2.51,1.49,0.0,0.0,0.0,0.4,0.0,0.2,0.4,0.3,-169.60000000000002,0.0,0.0,169.60000000000002,0.0,21.9,29.4,29.4,30.0,300.0,300.0,31.6,35.4,29.3,28.5,30.4,4.95,1.99,4.96,0.16,0.0,0.0,1027.0,8228.0,0.0,0.0,0.0,0.0,0.0,1.0,0.0,0.0,0.0,0.0,0.0,0.7000000000000001,0.0,-0.1,0.0,0.0,16.0,25903.0
2026-07-30T19:00:54.185Z,223.668,223.68,0.0,7.4,0.0,0.0,0.0,0.0,0.0,0.0,0.0,0.0,1.0,0.0,0.0,0.0,9.0,4.0,0.0,0.0,0.0,0.0,0.0,0.0,0.0,0.0,4.0,12.0,1.0,12.2,5.0200000000000005,2.51,1.5,0.0,0.1,0.0,0.4,0.0,0.2,-0.7000000000000001,-2.0,-169.60000000000002,0.0,0.0,169.60000000000002,0.0,21.700000000000003,29.4,29.4,30.0,300.0,300.0,31.4,35.4,29.3,28.5,30.4,4.96,1.99,4.96,0.16,0.0,0.0,1027.0,8228.0,0.0,0.0,0.0,0.0,0.0,1.0,0.0,0.0,0.0,0.0,0.0,-2.4000000000000004,0.0,1.6,0.0,0.0,16.0,25903.0
2026-07-30T19:00:54.195Z,223.678,223.692,0.0,7.4,0.0,0.0,0.0,0.0,0.0,0.0,0.0,0.0,1.0,0.0,0.0,0.0,9.0,4.0,0.0,0.0,0.0,0.0,0.0,0.0,0.0,0.0,4.0,12.0,1.0,12.2,5.0200000000000005,2.51,1.5,0.0,0.0,0.0,0.4,0.0,0.2,-0.7000000000000001,-1.4,-169.60000000000002,0.0,0.0,169.70000000000002,0.0,21.700000000000003,29.4,29.4,30.0,300.0,300.0,31.4,35.4,29.3,28.5,30.4,4.95,1.99,4.97,0.16,0.0,0.0,1027.0,8228.0,0.0,0.0,0.0,0.0,0.0,1.0,0.0,0.0,0.0,0.0,0.0,-1.9,0.0,1.1,0.0,0.0,16.0,25903.0
2026-07-30T19:00:54.207Z,223.69,223.704,0.0,7.4,0.0,0.0,0.0,0.0,0.0,0.0,0.0,0.0,1.0,0.0,0.0,0.0,9.0,4.0,0.0,0.0,0.0,0.0,0.0,0.0,0.0,0.0,6.0,12.0,1.0,12.2,5.0200000000000005,2.51,1.5,0.0,0.0,0.0,0.4,0.0,-0.4,-0.7000000000000001,1.4,-169.60000000000002,0.0,0.0,169.60000000000002,0.0,21.700000000000003,29.4,29.4,30.0,300.0,300.0,31.4,35.4,29.3,28.5,30.4,4.95,1.99,4.96,0.16,0.0,0.0,1027.0,8228.0,0.0,0.0,0.0,0.0,0.0,1.0,0.0,0.0,0.0,0.0,0.0,0.2,0.0,-1.4,0.0,0.0001,16.0,25903.0
2026-07-30T19:00:54.219Z,223.702,223.716,0.0,7.4,0.0,0.0,0.0,0.0,0.0,0.0,0.0,0.0,1.0,0.0,0.0,0.0,9.0,4.0,0.0,0.0,0.0,0.0,0.0,0.0,0.0,0.0,1.0,12.0,1.0,12.2,5.0200000000000005,2.51,1.5,0.0,0.0,0.0,0.4,0.0,0.1,-0.1,0.8,-169.60000000000002,0.0,0.0,169.60000000000002,0.0,21.700000000000003,29.4,29.4,30.0,300.0,300.0,31.4,35.4,29.3,28.5,30.4,4.95,2.0,4.96,0.16,0.0,0.0,1027.0,8228.0,0.0,0.0,0.0,0.0,0.0,1.0,0.0,0.0,0.0,0.0,0.0,0.4,0.0,-0.8,0.0,0.0,16.0,25903.0
2026-07-30T19:00:54.235Z,223.718,223.728,0.0,7.4,0.0,0.0,0.0,0.0,0.0,0.0,0.0,0.0,1.0,0.0,0.0,0.0,9.0,4.0,0.0,0.0,0.0,0.0,0.0,0.0,0.0,0.0,2.0,12.0,1.0,12.2,5.0200000000000005,2.51,1.5,0.0,0.0,0.0,0.4,0.0,-0.3,1.0,0.8,-169.60000000000002,0.0,0.0,169.60000000000002,0.0,21.700000000000003,29.4,29.4,30.0,300.0,300.0,31.4,35.4,29.3,28.5,30.4,4.95,1.99,4.96,0.16,0.0,0.0,1027.0,8228.0,0.0,0.0,0.0,0.0,0.0,1.0,0.0,0.0,0.0,0.0,0.0,1.8,0.0,-0.5,0.0,0.0,16.0,25903.0
2026-07-30T19:00:54.245Z,223.728,223.74,0.0,7.4,0.0,0.0,0.0,0.0,0.0,0.0,0.0,0.0,1.0,0.0,0.0,0.0,9.0,4.0,0.0,0.0,0.0,0.0,0.0,0.0,0.0,0.0,1.0,12.0,1.0,12.2,5.0200000000000005,2.51,1.5,0.0,0.0,0.0,0.4,0.0,-0.3,-0.1,-1.4,-169.60000000000002,0.0,0.0,169.60000000000002,0.0,21.700000000000003,29.4,29.4,30.0,300.0,300.0,31.4,35.4,29.3,28.5,30.4,4.95,1.99,4.97,0.16,0.0,0.0,1027.0,8228.0,0.0,0.0,0.0,0.0,0.0,1.0,0.0,0.0,0.0,0.0,0.0,-1.2000000000000002,0.0,1.2000000000000002,0.0,0.0,16.0,25903.0
2026-07-30T19:00:54.255Z,223.738,223.752,0.0,7.4,0.0,0.0,0.0,0.0,0.0,0.0,0.0,0.0,1.0,0.0,0.0,0.0,9.0,4.0,0.0,0.0,0.0,0.0,0.0,0.0,0.0,0.0,6.0,12.0,1.0,12.2,5.0200000000000005,2.51,1.5,0.0,0.0,0.0,0.5,0.0,1.4,-0.7000000000000001,0.3,-169.60000000000002,0.0,0.0,169.70000000000002,0.0,21.700000000000003,29.4,29.4,30.0,300.0,300.0,31.4,35.4,29.3,28.5,30.4,4.96,1.99,4.96,0.16,0.0,0.0,1027.0,8228.0,0.0,0.0,0.0,0.0,0.0,1.0,0.0,0.0,0.0,0.0,0.0,-0.5,0.0,-0.4,0.0,0.0,16.0,25903.0
2026-07-30T19:00:54.267Z,223.75,223.764,0.0,7.4,0.0,0.0,0.0,0.0,0.0,0.0,0.0,0.0,1.0,0.0,0.0,0.0,9.0,4.0,0.0,0.0,0.0,0.0,0.0,0.0,0.0,0.0,1.0,12.0,1.0,12.2,5.0200000000000005,2.51,1.5,0.0,0.1,0.0,0.4,0.0,0.2,1.0,-1.3,-169.60000000000002,0.0,0.0,169.70000000000002,0.0,21.700000000000003,29.4,29.4,30.0,300.0,300.0,31.4,35.4,29.3,28.5,30.4,4.96,1.99,4.96,0.16,0.0,0.0,1027.0,8228.0,0.0,0.0,0.0,0.0,0.0,1.0,0.0,0.0,0.0,0.0,0.0,0.1,0.0,1.4,0.0,0.0001,16.0,25903.0
2026-07-30T19:00:54.278Z,223.761,223.776,0.0,7.4,0.0,0.0,0.0,0.0,0.0,0.0,0.0,0.0,1.0,0.0,0.0,0.0,9.0,4.0,0.0,0.0,0.0,0.0,0.0,0.0,0.0,0.0,2.0,12.0,1.0,12.2,5.0200000000000005,2.51,1.5,0.0,0.0,0.0,0.4,0.0,0.2,-0.1,-0.2,-169.60000000000002,0.0,0.0,169.70000000000002,0.0,21.700000000000003,29.4,29.4,30.0,300.0,300.0,31.4,35.4,29.3,28.5,30.4,4.95,2.0,4.96,0.16,0.0,0.0,1027.0,8228.0,0.0,0.0,0.0,0.0,0.0,1.0,0.0,0.0,0.0,0.0,0.0,-0.3,0.0,0.1,0.0,0.0002,16.0,25903.0
2026-07-30T19:00:54.291Z,223.774,223.788,0.0,7.4,0.0,0.0,0.0,0.0,0.0,0.0,0.0,0.0,1.0,0.0,0.0,0.0,9.0,4.0,0.0,0.0,0.0,0.0,0.0,0.0,0.0,0.0,3.0,12.0,1.0,12.17,5.0200000000000005,2.5,1.49,0.0,0.0,0.0,0.4,0.0,-0.3,-0.1,0.9,-169.60000000000002,0.0,0.0,169.60000000000002,0.0,22.3,29.4,29.4,30.0,300.0,300.0,31.5,35.4,29.3,28.5,30.4,4.96,2.0,4.97,0.16,0.0,0.0,1027.0,8228.0,0.0,0.0,0.0,0.0,0.0,1.0,0.0,0.0,0.0,0.0,0.0,0.5,0.0,-0.8,0.0,0.0001,16.0,25903.0
2026-07-30T19:00:54.302Z,223.785,223.8,0.0,7.4,0.0,0.0,0.0,0.0,0.0,0.0,0.0,0.0,1.0,0.0,0.0,0.0,9.0,4.0,0.0,0.0,0.0,0.0,0.0,0.0,0.0,0.0,5.0,12.0,1.0,12.17,5.0200000000000005,2.5,1.49,0.0,0.1,0.0,0.4,0.0,-0.2,-0.7000000000000001,-0.7000000000000001,-169.60000000000002,0.0,0.0,169.60000000000002,0.0,22.3,29.4,29.4,30.0,300.0,300.0,31.5,35.4,29.3,28.5,30.4,4.96,2.0,4.96,0.16,0.0,0.0,1027.0,8228.0,0.0,0.0,0.0,0.0,0.0,1.0,0.0,0.0,0.0,0.0,0.0,-1.3,0.0,0.5,0.0,0.0001,16.0,25903.0
2026-07-30T19:00:54.315Z,223.798,223.812,0.0,7.4,0.0,0.0,0.0,0.0,0.0,0.0,0.0,0.0,1.0,0.0,0.0,0.0,9.0,4.0,0.0,0.0,0.0,0.0,0.0,0.0,0.0,0.0,6.0,12.0,1.0,12.17,5.0200000000000005,2.5,1.49,0.0,0.0,0.0,0.4,0.0,0.8,0.4,0.9,-169.60000000000002,0.0,0.0,169.60000000000002,0.0,22.3,29.4,29.4,30.0,300.0,300.0,31.5,35.4,29.3,28.5,30.4,4.96,1.99,4.97,0.16,0.0,0.0,1027.0,8228.0,0.0,0.0,0.0,0.0,0.0,1.0,0.0,0.0,0.0,0.0,0.0,1.2000000000000002,0.0,-0.7000000000000001,0.0,0.0,16.0,25903.0
2026-07-30T19:00:54.327Z,223.81,223.824,0.0,7.4,0.0,0.0,0.0,0.0,0.0,0.0,0.0,0.0,1.0,0.0,0.0,0.0,9.0,4.0,0.0,0.0,0.0,0.0,0.0,0.0,0.0,0.0,2.0,12.0,1.0,12.17,5.0200000000000005,2.5,1.49,0.0,0.0,0.0,0.4,0.0,0.2,1.0,0.4,-169.60000000000002,0.0,0.0,169.60000000000002,0.0,22.3,29.4,29.4,30.0,300.0,300.0,31.5,35.4,29.3,28.5,30.4,4.96,1.99,4.97,0.16,0.0,0.0,1027.0,8228.0,0.0,0.0,0.0,0.0,0.0,1.0,0.0,0.0,0.0,0.0,0.0,1.5,0.0,-0.1,0.0,0.0,16.0,25903.0
2026-07-30T19:00:54.338Z,223.821,223.836,0.0,7.4,0.0,0.0,0.0,0.0,0.0,0.0,0.0,0.0,1.0,0.0,0.0,0.0,9.0,4.0,0.0,0.0,0.0,0.0,0.0,0.0,0.0,0.0,3.0,12.0,1.0,12.17,5.0200000000000005,2.5,1.49,0.0,0.0,0.0,0.4,0.0,-1.4,-0.7000000000000001,-0.1,-169.60000000000002,0.0,0.0,169.70000000000002,0.0,22.3,29.4,29.4,30.0,300.0,300.0,31.5,35.4,29.3,28.5,30.4,4.96,1.99,4.96,0.17,0.0,0.0,1027.0,8228.0,0.0,0.0,0.0,0.0,0.0,1.0,0.0,0.0,0.0,0.0,0.0,-0.9,0.0,0.0,0.0,0.0,16.0,25903.0
2026-07-30T19:00:54.351Z,223.834,223.848,0.0,7.4,0.0,0.0,0.0,0.0,0.0,0.0,0.0,0.0,1.0,0.0,0.0,0.0,9.0,4.0,0.0,0.0,0.0,0.0,0.0,0.0,0.0,0.0,4.0,12.0,1.0,12.17,5.0200000000000005,2.5,1.49,0.0,0.0,0.0,0.4,0.0,-0.2,-0.7000000000000001,-0.1,-169.60000000000002,0.0,0.0,169.70000000000002,0.0,22.3,29.4,29.4,30.0,300.0,300.0,31.5,35.4,29.3,28.5,30.4,4.95,1.99,4.96,0.17,0.0,0.0,1027.0,8228.0,0.0,0.0,0.0,0.0,0.0,1.0,0.0,0.0,0.0,0.0,0.0,-0.9,0.0,0.0,0.0,0.0001,16.0,25903.0
2026-07-30T19:00:54.363Z,223.846,223.86,0.0,7.4,0.0,0.0,0.0,0.0,0.0,0.0,0.0,0.0,1.0,0.0,0.0,0.0,9.0,4.0,0.0,0.0,0.0,0.0,0.0,0.0,0.0,0.0,5.0,12.0,1.0,12.17,5.0200000000000005,2.5,1.49,0.0,0.0,0.0,0.4,0.0,0.9,0.4,-1.3,-169.60000000000002,0.0,0.0,169.60000000000002,0.0,22.3,29.4,29.4,30.0,300.0,300.0,31.5,35.4,29.3,28.5,30.4,4.95,2.0,4.96,0.16,0.0,0.0,1027.0,8228.0,0.0,0.0,0.0,0.0,0.0,1.0,0.0,0.0,0.0,0.0,0.0,-0.4,0.0,1.2000000000000002,0.0,0.0,16.0,25903.0
2026-07-30T19:00:54.375Z,223.858,223.872,0.0,7.4,0.0,0.0,0.0,0.0,0.0,0.0,0.0,0.0,1.0,0.0,0.0,0.0,9.0,4.0,0.0,0.0,0.0,0.0,0.0,0.0,0.0,0.0,1.0,12.0,1.0,12.17,5.0200000000000005,2.5,1.49,0.0,0.0,0.0,0.4,0.0,0.3,0.4,1.6,-169.60000000000002,0.0,0.0,169.60000000000002,0.0,22.3,29.4,29.4,30.0,300.0,300.0,31.5,35.4,29.3,28.5,30.4,4.96,1.99,4.96,0.16,0.0,0.0,1027.0,8228.0,0.0,0.0,0.0,0.0,0.0,1.0,0.0,0.0,0.0,0.0,0.0,1.7000000000000002,0.0,-1.3,0.0,0.0001,16.0,25903.0
2026-07-30T19:00:54.388Z,223.871,223.884,0.0,7.4,0.0,0.0,0.0,0.0,0.0,0.0,0.0,0.0,1.0,0.0,0.0,0.0,9.0,4.0,0.0,0.0,0.0,0.0,0.0,0.0,0.0,0.0,2.0,12.0,1.0,12.15,5.01,2.51,1.49,0.0,0.0,0.0,0.5,0.0,-0.8,-0.6000000000000001,0.9,-169.60000000000002,0.0,0.0,169.60000000000002,0.0,21.700000000000003,29.4,29.4,30.0,300.0,300.0,31.5,35.5,29.3,28.5,30.4,4.95,1.99,4.96,0.16,0.0,0.0,1027.0,8228.0,0.0,0.0,0.0,0.0,0.0,1.0,0.0,0.0,0.0,0.0,0.0,0.0,0.0,-1.0,0.0,0.0,16.0,25903.0
2026-07-30T19:00:54.399Z,223.882,223.896,0.0,7.4,0.0,0.0,0.0,0.0,0.0,0.0,0.0,0.0,1.0,0.0,0.0,0.0,9.0,4.0,0.0,0.0,0.0,0.0,0.0,0.0,0.0,0.0,3.0,12.0,1.0,12.15,5.01,2.51,1.49,0.0,0.1,0.0,0.4,0.0,-0.1,-0.6000000000000001,-0.1,-169.60000000000002,0.0,0.0,169.60000000000002,0.0,21.700000000000003,29.4,29.4,30.0,300.0,300.0,31.5,35.5,29.3,28.5,30.4,4.95,1.99,4.97,0.16,0.0,0.0,1027.0,8228.0,0.0,0.0,0.0,0.0,0.0,1.0,0.0,0.0,0.0,0.0,0.0,-0.7000000000000001,0.0,0.0,0.0,0.0,16.0,25903.0
2026-07-30T19:00:54.411Z,223.894,223.908,0.0,7.4,0.0,0.0,0.0,0.0,0.0,0.0,0.0,0.0,1.0,0.0,0.0,0.0,9.0,4.0,0.0,0.0,0.0,0.0,0.0,0.0,0.0,0.0,4.0,12.0,1.0,12.15,5.01,2.51,1.49,0.0,0.0,0.0,0.4,0.0,-1.9,0.5,-0.7000000000000001,-169.60000000000002,0.0,0.0,169.60000000000002,0.0,21.700000000000003,29.4,29.4,30.0,300.0,300.0,31.5,35.5,29.3,28.5,30.4,4.95,1.99,4.96,0.16,0.0,0.0,1027.0,8228.0,0.0,0.0,0.0,0.0,0.0,1.0,0.0,0.0,0.0,0.0,0.0,0.1,0.0,0.7000000000000001,0.0,0.0,16.0,25903.0
2026-07-30T19:00:54.423Z,223.906,223.92,0.0,7.4,0.0,0.0,0.0,0.0,0.0,0.0,0.0,0.0,1.0,0.0,0.0,0.0,9.0,4.0,0.0,0.0,0.0,0.0,0.0,0.0,0.0,0.0,6.0,12.0,1.0,12.15,5.01,2.51,1.49,-0.1,0.1,0.0,0.4,0.0,0.3,0.0,-1.3,-169.60000000000002,0.0,0.0,169.60000000000002,0.0,21.700000000000003,29.4,29.4,30.0,300.0,300.0,31.5,35.5,29.3,28.5,30.4,4.96,1.99,4.96,0.16,0.0,0.0,1027.0,8228.0,0.0,0.0,0.0,0.0,0.0,1.0,0.0,0.0,0.0,0.0,0.0,-1.0,0.0,1.1,0.0,0.0,16.0,25903.0
2026-07-30T19:00:54.435Z,223.918,223.932,0.0,7.4,0.0,0.0,0.0,0.0,0.0,0.0,0.0,0.0,1.0,0.0,0.0,0.0,9.0,4.0,0.0,0.0,0.0,0.0,0.0,0.0,0.0,0.0,1.0,12.0,1.0,12.15,5.01,2.51,1.49,0.0,0.0,0.0,0.4,0.0,-0.1,-0.5,-0.7000000000000001,-169.60000000000002,0.0,0.0,169.60000000000002,0.0,21.700000000000003,29.4,29.4,30.0,300.0,300.0,31.5,35.5,29.3,28.5,30.4,4.95,1.99,4.97,0.16,0.0,0.0,1027.0,8228.0,0.0,0.0,0.0,0.0,0.0,1.0,0.0,0.0,0.0,0.0,0.0,-1.1,0.0,0.5,0.0,0.0,16.0,25903.0
2026-07-30T19:00:54.447Z,223.93,223.944,0.0,7.4,0.0,0.0,0.0,0.0,0.0,0.0,0.0,0.0,1.0,0.0,0.0,0.0,9.0,4.0,0.0,0.0,0.0,0.0,0.0,0.0,0.0,0.0,2.0,12.0,1.0,12.15,5.01,2.51,1.49,0.0,0.1,0.0,0.4,0.0,0.4,-0.5,1.0,-169.60000000000002,0.0,0.0,169.60000000000002,0.0,21.700000000000003,29.4,29.4,30.0,300.0,300.0,31.5,35.5,29.3,28.5,30.4,4.96,1.99,4.96,0.16,0.0,0.0,1027.0,8228.0,0.0,0.0,0.0,0.0,0.0,1.0,0.0,0.0,0.0,0.0,0.0,0.1,0.0,-1.0,0.0,0.0,16.0,25903.0
2026-07-30T19:00:54.459Z,223.942,223.956,0.0,7.4,0.0,0.0,0.0,0.0,0.0,0.0,0.0,0.0,1.0,0.0,0.0,0.0,9.0,4.0,0.0,0.0,0.0,0.0,0.0,0.0,0.0,0.0,3.0,12.0,1.0,12.15,5.01,2.51,1.49,0.0,0.0,0.0,0.4,0.0,0.3,1.1,-0.1,-169.60000000000002,0.0,0.0,169.60000000000002,0.0,21.700000000000003,29.4,29.4,30.0,300.0,300.0,31.5,35.5,29.3,28.5,30.4,4.96,2.0,4.96,0.16,0.0,0.0,1027.0,8228.0,0.0,0.0,0.0,0.0,0.0,1.0,0.0,0.0,0.0,0.0,0.0,1.2000000000000002,0.0,0.3,0.0,0.0,16.0,25903.0
2026-07-30T19:00:54.471Z,223.954,223.968,0.0,7.4,0.0,0.0,0.0,0.0,0.0,0.0,0.0,0.0,1.0,0.0,0.0,0.0,9.0,4.0,0.0,0.0,0.0,0.0,0.0,0.0,0.0,0.0,4.0,12.0,1.0,12.15,5.01,2.51,1.49,0.0,0.0,0.0,0.4,0.0,-0.1,0.0,-0.7000000000000001,-169.60000000000002,0.0,0.0,169.60000000000002,0.0,21.700000000000003,29.4,29.4,30.0,300.0,300.0,31.5,35.5,29.3,28.5,30.4,4.96,1.99,4.96,0.16,0.0,0.0,1027.0,8228.0,0.0,0.0,0.0,0.0,0.0,1.0,0.0,0.0,0.0,0.0,0.0,-0.5,0.0,0.6000000000000001,0.0,0.0,16.0,25903.0
2026-07-30T19:00:54.483Z,223.966,223.98,0.0,7.4,0.0,0.0,0.0,0.0,0.0,0.0,0.0,0.0,1.0,0.0,0.0,0.0,9.0,4.0,0.0,0.0,0.0,0.0,0.0,0.0,0.0,0.0,5.0,12.0,1.0,12.15,5.01,2.51,1.49,0.0,0.0,0.0,0.4,0.0,-0.2,0.6000000000000001,-1.2000000000000002,-169.60000000000002,0.0,0.0,169.60000000000002,0.0,21.700000000000003,29.4,29.4,30.0,300.0,300.0,31.5,35.5,29.3,28.5,30.4,4.96,1.99,4.97,0.16,0.0,0.0,1027.0,8228.0,0.0,0.0,0.0,0.0,0.0,1.0,0.0,0.0,0.0,0.0,0.0,-0.2,0.0,1.2000000000000002,0.0,0.0,16.0,25903.0
2026-07-30T19:00:54.495Z,223.978,223.992,0.0,7.4,0.0,0.0,0.0,0.0,0.0,0.0,0.0,0.0,1.0,0.0,0.0,0.0,9.0,4.0,0.0,0.0,0.0,0.0,0.0,0.0,0.0,0.0,6.0,12.0,1.0,12.18,5.0200000000000005,2.51,1.5,0.0,0.0,0.0,0.4,0.0,0.3,-0.5,0.0,-169.60000000000002,0.0,0.0,169.70000000000002,0.0,21.9,29.4,29.4,30.0,300.0,300.0,31.5,35.4,29.3,28.5,30.4,4.96,2.0,4.96,0.16,0.0,0.0,1027.0,8228.0,0.0,0.0,0.0,0.0,0.0,1.0,0.0,0.0,0.0,0.0,0.0,-0.6000000000000001,0.0,0.0,0.0,0.0,16.0,25903.0
2026-07-30T19:00:54.507Z,223.99,224.004,0.0,7.4,0.0,0.0,0.0,0.0,0.0,0.0,0.0,0.0,1.0,0.0,0.0,0.0,9.0,4.0,0.0,0.0,0.0,0.0,0.0,0.0,0.0,0.0,1.0,12.0,1.0,12.18,5.0200000000000005,2.51,1.5,-0.1,0.1,0.0,0.5,0.0,-0.2,0.0,-0.6000000000000001,-169.60000000000002,0.0,0.0,169.60000000000002,0.0,21.9,29.4,29.4,30.0,300.0,300.0,31.5,35.4,29.3,28.5,30.4,4.96,1.99,4.97,0.16,0.0,0.0,1027.0,8228.0,0.0,0.0,0.0,0.0,0.0,1.0,0.0,0.0,0.0,0.0,0.0,-0.4,0.0,0.6000000000000001,0.0,0.0,16.0,25903.0
2026-07-30T19:00:54.519Z,224.002,224.016,0.0,7.4,0.0,0.0,0.0,0.0,0.0,0.0,0.0,0.0,1.0,0.0,0.0,0.0,9.0,4.0,0.0,0.0,0.0,0.0,0.0,0.0,0.0,0.0,1.0,12.0,1.0,12.18,5.0200000000000005,2.51,1.5,0.0,0.0,0.0,0.4,0.0,0.3,0.0,-0.6000000000000001,-169.60000000000002,0.0,0.0,169.70000000000002,0.0,21.9,29.4,29.4,30.0,300.0,300.0,31.5,35.4,29.3,28.5,30.4,4.95,1.99,4.97,0.16,0.0,0.0,1027.0,8228.0,0.0,0.0,0.0,0.0,0.0,1.0,0.0,0.0,0.0,0.0,0.0,-0.4,0.0,0.6000000000000001,0.0,0.0,16.0,25903.0
2026-07-30T19:00:54.531Z,224.014,224.028,0.0,7.4,0.0,0.0,0.0,0.0,0.0,0.0,0.0,0.0,1.0,0.0,0.0,0.0,9.0,4.0,0.0,0.0,0.0,0.0,0.0,0.0,0.0,0.0,3.0,12.0,1.0,12.18,5.0200000000000005,2.51,1.5,0.0,0.1,0.0,0.4,0.0,-0.2,-0.4,0.4,-169.60000000000002,0.0,0.0,169.60000000000002,0.0,21.9,29.4,29.4,30.0,300.0,300.0,31.5,35.4,29.3,28.5,30.4,4.96,1.99,4.97,0.16,0.0,0.0,1027.0,8228.0,0.0,0.0,0.0,0.0,0.0,1.0,0.0,0.0,0.0,0.0,0.0,-0.2,0.0,-0.5,0.0,0.0,16.0,25903.0
2026-07-30T19:00:54.543Z,224.026,224.04,0.0,7.4,0.0,0.0,0.0,0.0,0.0,0.0,0.0,0.0,1.0,0.0,0.0,0.0,9.0,4.0,0.0,0.0,0.0,0.0,0.0,0.0,0.0,0.0,4.0,12.0,1.0,12.18,5.0200000000000005,2.51,1.5,0.0,0.0,0.0,0.4,0.0,0.3,0.6000000000000001,0.0,-169.60000000000002,0.0,0.0,169.60000000000002,0.0,21.9,29.4,29.4,30.0,300.0,300.0,31.5,35.4,29.3,28.5,30.4,4.95,2.0,4.96,0.16,0.0,0.0,1027.0,8228.0,0.0,0.0,0.0,0.0,0.0,1.0,0.0,0.0,0.0,0.0,0.0,0.6000000000000001,0.0,0.2,0.0,0.0,16.0,25903.0
2026-07-30T19:00:54.562Z,224.045,224.052,0.0,7.4,0.0,0.0,0.0,0.0,0.0,0.0,0.0,0.0,1.0,0.0,0.0,0.0,9.0,4.0,0.0,0.0,0.0,0.0,0.0,0.0,0.0,0.0,5.0,12.0,1.0,12.18,5.0200000000000005,2.51,1.5,0.0,0.0,0.0,0.4,0.0,0.9,0.6000000000000001,0.5,-169.60000000000002,0.0,0.0,169.70000000000002,0.0,21.9,29.4,29.4,30.0,300.0,300.0,31.5,35.4,29.3,28.5,30.4,4.95,1.99,4.97,0.16,0.0,0.0,1027.0,8228.0,0.0,0.0,0.0,0.0,0.0,1.0,0.0,0.0,0.0,0.0,0.0,1.1,0.0,-0.3,0.0,0.0,16.0,25903.0
2026-07-30T19:00:54.567Z,224.05,224.064,0.0,7.4,0.0,0.0,0.0,0.0,0.0,0.0,0.0,0.0,1.0,0.0,0.0,0.0,9.0,4.0,0.0,0.0,0.0,0.0,0.0,0.0,0.0,0.0,2.0,12.0,1.0,12.18,5.0200000000000005,2.51,1.5,0.0,0.0,0.0,0.4,0.0,-0.2,0.6000000000000001,1.0,-169.60000000000002,0.0,0.0,169.60000000000002,0.0,21.9,29.4,29.4,30.0,300.0,300.0,31.5,35.4,29.3,28.5,30.4,4.95,1.99,4.97,0.15,0.0,0.0,1027.0,8228.0,0.0,0.0,0.0,0.0,0.0,1.0,0.0,0.0,0.0,0.0,0.0,1.5,0.0,-0.8,0.0,0.0,16.0,25903.0
2026-07-30T19:00:54.579Z,224.062,224.076,0.0,7.4,0.0,0.0,0.0,0.0,0.0,0.0,0.0,0.0,1.0,0.0,0.0,0.0,9.0,4.0,0.0,0.0,0.0,0.0,0.0,0.0,0.0,0.0,2.0,12.0,1.0,12.18,5.0200000000000005,2.51,1.5,0.0,0.0,0.0,0.4,0.0,0.3,-0.4,-0.6000000000000001,-169.60000000000002,0.0,0.0,169.60000000000002,0.0,21.9,29.4,29.4,30.0,300.0,300.0,31.5,35.4,29.3,28.5,30.4,4.96,1.99,4.96,0.16,0.0,0.0,1027.0,8228.0,0.0,0.0,0.0,0.0,0.0,1.0,0.0,0.0,0.0,0.0,0.0,-1.0,0.0,0.4,0.0,0.0,16.0,25903.0
2026-07-30T19:00:54.592Z,224.075,224.088,0.0,7.4,0.0,0.0,0.0,0.0,0.0,0.0,0.0,0.0,1.0,0.0,0.0,0.0,9.0,4.0,0.0,0.0,0.0,0.0,0.0,0.0,0.0,0.0,4.0,12.0,1.0,12.14,5.0200000000000005,2.51,1.5,0.0,0.0,0.0,0.4,0.0,-0.2,0.0,0.0,-169.60000000000002,0.0,0.0,169.60000000000002,0.0,21.700000000000003,29.4,29.4,30.0,300.0,300.0,31.5,35.4,29.200000000000003,28.5,30.4,4.95,1.99,4.97,0.16,0.0,0.0,1027.0,8228.0,0.0,0.0,0.0,0.0,0.0,1.0,0.0,0.0,0.0,0.0,0.0,0.0,0.0,0.0,0.0,0.0,16.0,25903.0
2026-07-30T19:00:54.603Z,224.086,224.1,0.0,7.4,0.0,0.0,0.0,0.0,0.0,0.0,0.0,0.0,1.0,0.0,0.0,0.0,9.0,4.0,0.0,0.0,0.0,0.0,0.0,0.0,0.0,0.0,5.0,12.0,1.0,12.14,5.0200000000000005,2.51,1.5,0.0,0.0,0.0,0.4,0.0,-0.2,0.0,0.0,-169.60000000000002,0.0,0.0,169.60000000000002,0.0,21.700000000000003,29.4,29.4,30.0,300.0,300.0,31.5,35.4,29.200000000000003,28.5,30.4,4.95,1.99,4.97,0.16,0.0,0.0,1027.0,8228.0,0.0,0.0,0.0,0.0,0.0,1.0,0.0,0.0,0.0,0.0,0.0,0.0,0.0,0.0,0.0,0.0,16.0,25903.0
2026-07-30T19:00:54.615Z,224.098,224.112,0.0,7.4,0.0,0.0,0.0,0.0,0.0,0.0,0.0,0.0,1.0,0.0,0.0,0.0,9.0,4.0,0.0,0.0,0.0,0.0,0.0,0.0,0.0,0.0,6.0,12.0,1.0,12.14,5.0200000000000005,2.51,1.5,0.0,0.0,0.0,0.4,0.0,0.3,-0.5,-0.6000000000000001,-169.60000000000002,0.0,0.0,169.70000000000002,0.0,21.700000000000003,29.4,29.4,30.0,300.0,300.0,31.5,35.4,29.200000000000003,28.5,30.4,4.96,1.99,4.97,0.16,0.0,0.0,1027.0,8228.0,0.0,0.0,0.0,0.0,0.0,1.0,0.0,0.0,0.0,0.0,0.0,-1.0,0.0,0.4,0.0,0.0,16.0,25903.0
2026-07-30T19:00:54.627Z,224.11,224.124,0.0,7.4,0.0,0.0,0.0,0.0,0.0,0.0,0.0,0.0,1.0,0.0,0.0,0.0,9.0,4.0,0.0,0.0,0.0,0.0,0.0,0.0,0.0,0.0,1.0,12.0,1.0,12.14,5.0200000000000005,2.51,1.5,0.0,0.0,0.0,0.4,0.0,-0.1,0.6000000000000001,1.1,-169.60000000000002,0.0,0.0,169.70000000000002,0.0,21.700000000000003,29.4,29.4,30.0,300.0,300.0,31.5,35.4,29.200000000000003,28.5,30.4,4.95,1.99,4.97,0.16,0.0,0.0,1027.0,8228.0,0.0,0.0,0.0,0.0,0.0,1.0,0.0,0.0,0.0,0.0,0.0,0.2,0.0,-1.1,0.0,0.0,16.0,25903.0
2026-07-30T19:00:54.639Z,224.122,224.136,0.0,7.4,0.0,0.0,0.0,0.0,0.0,0.0,0.0,0.0,1.0,0.0,0.0,0.0,9.0,4.0,0.0,0.0,0.0,0.0,0.0,0.0,0.0,0.0,2.0,12.0,1.0,12.14,5.0200000000000005,2.51,1.5,0.0,0.0,0.0,0.4,0.0,0.4,-0.5,0.5,-169.60000000000002,0.0,0.0,169.8,0.0,21.700000000000003,29.4,29.4,30.0,300.0,300.0,31.5,35.4,29.200000000000003,28.5,30.4,4.95,1.99,4.97,0.16,0.0,0.0,1027.0,8228.0,0.0,0.0,0.0,0.0,0.0,1.0,0.0,0.0,0.0,0.0,0.0,-0.5,0.0,0.0,0.0,0.0,16.0,25903.0
2026-07-30T19:00:54.651Z,224.134,224.148,0.0,7.4,0.0,0.0,0.0,0.0,0.0,0.0,0.0,0.0,1.0,0.0,0.0,0.0,9.0,4.0,0.0,0.0,0.0,0.0,0.0,0.0,0.0,0.0,2.0,12.0,1.0,12.14,5.0200000000000005,2.51,1.5,0.0,0.0,0.0,0.4,0.0,-0.1,0.0,0.5,-169.60000000000002,0.0,0.0,169.70000000000002,0.0,21.700000000000003,29.4,29.4,30.0,300.0,300.0,31.5,35.4,29.200000000000003,28.5,30.4,4.95,2.0,4.96,0.16,0.0,0.0,1027.0,8228.0,0.0,0.0,0.0,0.0,0.0,1.0,0.0,0.0,0.0,0.0,0.0,-0.2,0.0,-0.5,0.0,0.0001,16.0,25903.0
2026-07-30T19:00:54.663Z,224.146,224.16,0.0,7.4,0.0,0.0,0.0,0.0,0.0,0.0,0.0,0.0,1.0,0.0,0.0,0.0,9.0,4.0,0.0,0.0,0.0,0.0,0.0,0.0,0.0,0.0,4.0,12.0,1.0,12.14,5.0200000000000005,2.51,1.5,0.0,0.0,0.0,0.4,0.0,-0.7000000000000001,0.0,-1.2000000000000002,-169.60000000000002,0.0,0.0,169.8,0.0,21.700000000000003,29.4,29.4,30.0,300.0,300.0,31.5,35.4,29.200000000000003,28.5,30.4,4.96,1.99,4.96,0.16,0.0,0.0,1027.0,8228.0,0.0,0.0,0.0,0.0,0.0,1.0,0.0,0.0,0.0,0.0,0.0,-1.0,0.0,0.4,0.0,0.0001,16.0,25903.0
2026-07-30T19:00:54.675Z,224.158,224.172,0.0,7.4,0.0,0.0,0.0,0.0,0.0,0.0,0.0,0.0,1.0,0.0,0.0,0.0,9.0,4.0,0.0,0.0,0.0,0.0,0.0,0.0,0.0,0.0,5.0,12.0,1.0,12.14,5.0200000000000005,2.51,1.5,0.0,0.0,0.0,0.5,0.0,0.4,0.0,0.0,-169.60000000000002,0.0,0.0,169.70000000000002,0.0,21.700000000000003,29.4,29.4,30.0,300.0,300.0,31.5,35.4,29.200000000000003,28.5,30.4,4.95,1.99,4.96,0.16,0.0,0.0,1027.0,8228.0,0.0,0.0,0.0,0.0,0.0,1.0,0.0,0.0,0.0,0.0,0.0,0.0,0.0,0.0,0.0,0.0001,16.0,25903.0
2026-07-30T19:00:54.687Z,224.17,224.184,0.0,7.4,0.0,0.0,0.0,0.0,0.0,0.0,0.0,0.0,1.0,0.0,0.0,0.0,9.0,4.0,0.0,0.0,0.0,0.0,0.0,0.0,0.0,0.0,6.0,12.0,1.0,12.14,5.0200000000000005,2.51,1.5,0.0,0.0,0.0,0.4,0.0,-0.1,-1.0,0.0,-169.60000000000002,0.0,0.0,169.8,0.0,21.700000000000003,29.4,29.4,30.0,300.0,300.0,31.5,35.4,29.200000000000003,28.5,30.4,4.96,1.99,4.97,0.16,0.0,0.0,1027.0,8228.0,0.0,0.0,0.0,0.0,0.0,1.0,0.0,0.0,0.0,0.0,0.0,-1.2000000000000002,0.0,-0.1,0.0,0.0001,16.0,25903.0
2026-07-30T19:00:54.698Z,224.181,224.196,0.0,7.4,0.0,0.0,0.0,0.0,0.0,0.0,0.0,0.0,1.0,0.0,0.0,0.0,9.0,4.0,0.0,0.0,0.0,0.0,0.0,0.0,0.0,0.0,1.0,12.0,1.0,12.17,5.01,2.51,1.49,0.0,0.0,0.0,0.4,0.0,0.4,1.2000000000000002,0.0,-169.60000000000002,0.0,0.0,169.8,0.0,21.4,29.4,29.4,30.0,300.0,300.0,31.6,35.5,29.3,28.5,30.4,4.96,1.99,4.96,0.16,0.0,0.0,1027.0,8228.0,0.0,0.0,0.0,0.0,0.0,1.0,0.0,0.0,0.0,0.0,0.0,1.3,0.0,0.3,0.0,0.0001,16.0,25903.0
2026-07-30T19:00:54.711Z,224.194,224.208,0.0,7.4,0.0,0.0,0.0,0.0,0.0,0.0,0.0,0.0,1.0,0.0,0.0,0.0,9.0,4.0,0.0,0.0,0.0,0.0,0.0,0.0,0.0,0.0,2.0,12.0,1.0,12.17,5.01,2.51,1.49,0.0,0.0,0.0,0.4,0.0,-0.1,0.0,-0.6000000000000001,-169.60000000000002,0.0,0.0,169.70000000000002,0.0,21.4,29.4,29.4,30.0,300.0,300.0,31.6,35.5,29.3,28.5,30.4,4.95,1.99,4.96,0.16,0.0,0.0,1027.0,8228.0,0.0,0.0,0.0,0.0,0.0,1.0,0.0,0.0,0.0,0.0,0.0,-0.4,0.0,0.5,0.0,0.0001,16.0,25903.0
2026-07-30T19:00:54.723Z,224.206,224.22,0.0,7.4,0.0,0.0,0.0,0.0,0.0,0.0,0.0,0.0,1.0,0.0,0.0,0.0,9.0,4.0,0.0,0.0,0.0,0.0,0.0,0.0,0.0,0.0,3.0,12.0,1.0,12.17,5.01,2.51,1.49,0.0,0.0,0.0,0.4,0.0,-0.7000000000000001,-0.5,0.0,-169.60000000000002,0.0,0.0,169.70000000000002,0.0,21.4,29.4,29.4,30.0,300.0,300.0,31.6,35.5,29.3,28.5,30.4,4.95,1.99,4.97,0.16,0.0,0.0,1027.0,8228.0,0.0,0.0,0.0,0.0,0.0,1.0,0.0,0.0,0.0,0.0,0.0,-0.6000000000000001,0.0,0.0,0.0,0.0001,16.0,25903.0
2026-07-30T19:00:54.736Z,224.219,224.232,0.0,7.4,0.0,0.0,0.0,0.0,0.0,0.0,0.0,0.0,1.0,0.0,0.0,0.0,9.0,4.0,0.0,0.0,0.0,0.0,0.0,0.0,0.0,0.0,4.0,12.0,1.0,12.17,5.01,2.51,1.49,0.0,0.0,0.0,0.5,0.0,-0.2,-1.1,-1.8,-169.60000000000002,0.0,0.0,169.60000000000002,0.0,21.4,29.4,29.4,30.0,300.0,300.0,31.6,35.5,29.3,28.5,30.4,4.95,1.99,4.96,0.16,0.0,0.0,1027.0,8228.0,0.0,0.0,0.0,0.0,0.0,1.0,0.0,0.0,0.0,0.0,0.0,-2.6,0.0,1.3,0.0,0.0001,16.0,25903.0
2026-07-30T19:00:54.747Z,224.23,224.244,0.0,7.4,0.0,0.0,0.0,0.0,0.0,0.0,0.0,0.0,1.0,0.0,0.0,0.0,9.0,4.0,0.0,0.0,0.0,0.0,0.0,0.0,0.0,0.0,5.0,12.0,1.0,12.17,5.01,2.51,1.49,0.0,0.0,0.0,0.4,0.0,-0.2,-0.5,1.0,-169.60000000000002,0.0,0.0,169.60000000000002,0.0,21.4,29.4,29.4,30.0,300.0,300.0,31.6,35.5,29.3,28.5,30.4,4.95,1.99,4.97,0.16,0.0,0.0,1027.0,8228.0,0.0,0.0,0.0,0.0,0.0,1.0,0.0,0.0,0.0,0.0,0.0,0.1,0.0,-1.0,0.0,0.0001,16.0,25903.0
2026-07-30T19:00:54.759Z,224.242,224.256,0.0,7.4,0.0,0.0,0.0,0.0,0.0,0.0,0.0,0.0,1.0,0.0,0.0,0.0,9.0,4.0,0.0,0.0,0.0,0.0,0.0,0.0,0.0,0.0,1.0,12.0,1.0,12.17,5.01,2.51,1.49,0.0,0.0,0.0,0.4,0.0,0.3,0.6000000000000001,-0.1,-169.60000000000002,0.0,0.0,169.70000000000002,0.0,21.4,29.4,29.4,30.0,300.0,300.0,31.6,35.5,29.3,28.5,30.4,4.95,1.99,4.97,0.16,0.0,0.0,1027.0,8228.0,0.0,0.0,0.0,0.0,0.0,1.0,0.0,0.0,0.0,0.0,0.0,0.6000000000000001,0.0,0.2,0.0,0.0,16.0,25903.0
2026-07-30T19:00:54.771Z,224.254,224.268,0.0,7.4,0.0,0.0,0.0,0.0,0.0,0.0,0.0,0.0,1.0,0.0,0.0,0.0,9.0,4.0,0.0,0.0,0.0,0.0,0.0,0.0,0.0,0.0,2.0,12.0,1.0,12.17,5.01,2.51,1.49,0.0,0.1,0.0,0.4,0.0,0.3,-0.5,0.4,-169.60000000000002,0.0,0.0,169.60000000000002,0.0,21.4,29.4,29.4,30.0,300.0,300.0,31.6,35.5,29.3,28.5,30.4,4.96,1.99,4.96,0.16,0.0,0.0,1027.0,8228.0,0.0,0.0,0.0,0.0,0.0,1.0,0.0,0.0,0.0,0.0,0.0,-0.3,0.0,-0.4,0.0,0.0,16.0,25903.0
2026-07-30T19:00:54.783Z,224.266,224.28,0.0,7.4,0.0,0.0,0.0,0.0,0.0,0.0,0.0,0.0,1.0,0.0,0.0,0.0,9.0,4.0,0.0,0.0,0.0,0.0,0.0,0.0,0.0,0.0,3.0,12.0,1.0,12.17,5.01,2.51,1.49,0.0,0.0,0.0,0.4,0.0,0.3,-0.5,1.5,-169.60000000000002,0.0,0.0,169.60000000000002,0.0,21.4,29.4,29.4,30.0,300.0,300.0,31.6,35.5,29.3,28.5,30.4,4.95,2.0,4.96,0.16,0.0,0.0,1027.0,8228.0,0.0,0.0,0.0,0.0,0.0,1.0,0.0,0.0,0.0,0.0,0.0,0.5,0.0,-1.5,0.0,0.0001,16.0,25903.0
2026-07-30T19:00:54.796Z,224.279,224.292,0.0,7.4,0.0,0.0,0.0,0.0,0.0,0.0,0.0,0.0,1.0,0.0,0.0,0.0,9.0,4.0,0.0,0.0,0.0,0.0,0.0,0.0,0.0,0.0,4.0,12.0,1.0,12.15,5.01,2.51,1.5,0.0,0.0,0.0,0.4,0.0,0.9,0.0,-0.1,-169.60000000000002,0.0,0.0,169.60000000000002,0.0,21.3,29.4,29.4,30.0,300.0,300.0,31.5,35.4,29.3,28.5,30.4,4.95,1.99,4.96,0.16,0.0,0.0,1027.0,8228.0,0.0,0.0,0.0,0.0,0.0,1.0,0.0,0.0,0.0,0.0,0.0,0.0,0.0,0.1,0.0,0.0,16.0,25903.0
2026-07-30T19:00:54.807Z,224.29,224.304,0.0,7.4,0.0,0.0,0.0,0.0,0.0,0.0,0.0,0.0,1.0,0.0,0.0,0.0,9.0,4.0,0.0,0.0,0.0,0.0,0.0,0.0,0.0,0.0,5.0,12.0,1.0,12.15,5.01,2.51,1.5,0.0,0.0,0.0,0.4,0.0,0.9,-0.5,-0.7000000000000001,-169.60000000000002,0.0,0.0,169.60000000000002,0.0,21.3,29.4,29.4,30.0,300.0,300.0,31.5,35.4,29.3,28.5,30.4,4.96,1.99,4.96,0.16,0.0,0.0,1027.0,8228.0,0.0,0.0,0.0,0.0,0.0,1.0,0.0,0.0,0.0,0.0,0.0,-1.1,0.0,0.5,0.0,0.0,16.0,25903.0
2026-07-30T19:00:54.819Z,224.302,224.316,0.0,7.4,0.0,0.0,0.0,0.0,0.0,0.0,0.0,0.0,1.0,0.0,0.0,0.0,9.0,4.0,0.0,0.0,0.0,0.0,0.0,0.0,0.0,0.0,6.0,12.0,1.0,12.15,5.01,2.51,1.5,0.0,0.1,0.0,0.4,0.0,0.3,-0.6000000000000001,0.9,-169.60000000000002,0.0,0.0,169.70000000000002,0.0,21.3,29.4,29.4,30.0,300.0,300.0,31.5,35.4,29.3,28.5,30.4,4.96,1.99,4.96,0.16,0.0,0.0,1027.0,8228.0,0.0,0.0,0.0,0.0,0.0,1.0,0.0,0.0,0.0,0.0,0.0,0.0,0.0,-0.9,0.0,0.0,16.0,25903.0
2026-07-30T19:00:54.831Z,224.314,224.328,0.0,7.4,0.0,0.0,0.0,0.0,0.0,0.0,0.0,0.0,1.0,0.0,0.0,0.0,9.0,4.0,0.0,0.0,0.0,0.0,0.0,0.0,0.0,0.0,1.0,12.0,1.0,12.15,5.01,2.51,1.5,0.0,0.0,0.0,0.4,0.0,0.3,-0.5,0.3,-169.60000000000002,0.0,0.0,169.70000000000002,0.0,21.3,29.4,29.4,30.0,300.0,300.0,31.5,35.4,29.3,28.5,30.4,4.95,1.99,4.97,0.16,0.0,0.0,1027.0,8228.0,0.0,0.0,0.0,0.0,0.0,1.0,0.0,0.0,0.0,0.0,0.0,-0.3,0.0,-0.4,0.0,0.0,16.0,25903.0
2026-07-30T19:00:54.843Z,224.326,224.34,0.0,7.4,0.0,0.0,0.0,0.0,0.0,0.0,0.0,0.0,1.0,0.0,0.0,0.0,9.0,4.0,0.0,0.0,0.0,0.0,0.0,0.0,0.0,0.0,3.0,12.0,1.0,12.15,5.01,2.51,1.5,0.0,0.1,0.0,0.4,0.0,-0.2,1.1,1.5,-169.60000000000002,0.0,0.0,169.70000000000002,0.0,21.3,29.4,29.4,30.0,300.0,300.0,31.5,35.4,29.3,28.5,30.4,4.95,1.99,4.97,0.16,0.0,0.0,1027.0,8228.0,0.0,0.0,0.0,0.0,0.0,1.0,0.0,0.0,0.0,0.0,0.0,2.4000000000000004,0.0,-1.1,0.0,0.0,16.0,25903.0
2026-07-30T19:00:54.855Z,224.338,224.352,0.0,7.4,0.0,0.0,0.0,0.0,0.0,0.0,0.0,0.0,1.0,0.0,0.0,0.0,9.0,4.0,0.0,0.0,0.0,0.0,0.0,0.0,0.0,0.0,4.0,12.0,1.0,12.15,5.01,2.51,1.5,0.0,0.0,0.0,0.4,0.0,-0.8,0.6000000000000001,-1.3,-169.60000000000002,0.0,0.0,169.70000000000002,0.0,21.3,29.4,29.4,30.0,300.0,300.0,31.5,35.4,29.3,28.5,30.4,4.96,1.99,4.97,0.16,0.0,0.0,1027.0,8228.0,0.0,0.0,0.0,0.0,0.0,1.0,0.0,0.0,0.0,0.0,0.0,-0.2,0.0,1.3,0.0,0.0001,16.0,25903.0
2026-07-30T19:00:54.874Z,224.357,224.364,0.0,7.4,0.0,0.0,0.0,0.0,0.0,0.0,0.0,0.0,1.0,0.0,0.0,0.0,9.0,4.0,0.0,0.0,0.0,0.0,0.0,0.0,0.0,0.0,5.0,12.0,1.0,12.15,5.01,2.51,1.5,0.0,0.1,0.0,0.4,0.0,0.3,0.6000000000000001,-0.1,-169.60000000000002,0.0,0.0,169.70000000000002,0.0,21.3,29.4,29.4,30.0,300.0,300.0,31.5,35.4,29.3,28.5,30.4,4.95,1.99,4.96,0.16,0.0,0.0,1027.0,8228.0,0.0,0.0,0.0,0.0,0.0,1.0,0.0,0.0,0.0,0.0,0.0,0.5,0.0,0.2,0.0,0.0,16.0,25903.0
2026-07-30T19:00:54.879Z,224.362,224.376,0.0,7.4,0.0,0.0,0.0,0.0,0.0,0.0,0.0,0.0,1.0,0.0,0.0,0.0,9.0,4.0,0.0,0.0,0.0,0.0,0.0,0.0,0.0,0.0,3.0,12.0,1.0,12.15,5.01,2.51,1.5,0.0,0.0,0.0,0.4,0.0,0.3,0.0,0.3,-169.60000000000002,0.0,0.0,169.70000000000002,0.0,21.3,29.4,29.4,30.0,300.0,300.0,31.5,35.4,29.3,28.5,30.4,4.95,1.99,4.97,0.16,0.0,0.0,1027.0,8228.0,0.0,0.0,0.0,0.0,0.0,1.0,0.0,0.0,0.0,0.0,0.0,0.2,0.0,-0.3,0.0,0.0001,16.0,25903.0
2026-07-30T19:00:54.890Z,224.373,224.388,0.0,7.4,0.0,0.0,0.0,0.0,0.0,0.0,0.0,0.0,1.0,0.0,0.0,0.0,9.0,4.0,0.0,0.0,0.0,0.0,0.0,0.0,0.0,0.0,3.0,12.0,1.0,12.15,5.01,2.51,1.5,0.0,0.0,0.0,0.4,0.0,-0.2,1.2000000000000002,-0.7000000000000001,-169.60000000000002,0.0,0.0,169.60000000000002,0.0,21.3,29.4,29.4,30.0,300.0,300.0,31.5,35.4,29.3,28.5,30.4,4.95,1.99,4.96,0.16,0.0,0.0,1027.0,8228.0,0.0,0.0,0.0,0.0,0.0,1.0,0.0,0.0,0.0,0.0,0.0,0.7000000000000001,0.0,0.9,0.0,0.0,16.0,25903.0
2026-07-30T19:00:54.903Z,224.386,224.4,0.0,7.4,0.0,0.0,0.0,0.0,0.0,0.0,0.0,0.0,1.0,0.0,0.0,0.0,9.0,4.0,0.0,0.0,0.0,0.0,0.0,0.0,0.0,0.0,5.0,12.0,1.0,12.15,5.01,2.51,1.49,0.0,0.0,0.0,0.4,0.0,0.3,1.1,1.5,-169.60000000000002,0.0,0.0,169.70000000000002,0.0,21.4,29.4,29.4,30.0,300.0,300.0,31.5,35.5,29.200000000000003,28.5,30.4,4.96,1.99,4.96,0.16,0.0,0.0,1027.0,8228.0,0.0,0.0,0.0,0.0,0.0,1.0,0.0,0.0,0.0,0.0,0.0,2.4000000000000004,0.0,-1.1,0.0,0.0001,16.0,25903.0
2026-07-30T19:00:54.915Z,224.398,224.412,0.0,7.4,0.0,0.0,0.0,0.0,0.0,0.0,0.0,0.0,1.0,0.0,0.0,0.0,9.0,4.0,0.0,0.0,0.0,0.0,0.0,0.0,0.0,0.0,6.0,12.0,1.0,12.15,5.01,2.51,1.49,0.0,0.0,0.0,0.4,0.0,0.3,-0.5,-0.2,-169.60000000000002,0.0,0.0,169.60000000000002,0.0,21.4,29.4,29.4,30.0,300.0,300.0,31.5,35.5,29.200000000000003,28.5,30.4,4.95,1.99,4.96,0.16,0.0,0.0,1027.0,8228.0,0.0,0.0,0.0,0.0,0.0,1.0,0.0,0.0,0.0,0.0,0.0,-0.8,0.0,0.0,0.0,0.0001,16.0,25903.0
2026-07-30T19:00:54.927Z,224.41,224.424,0.0,7.4,0.0,0.0,0.0,0.0,0.0,0.0,0.0,0.0,1.0,0.0,0.0,0.0,9.0,4.0,0.0,0.0,0.0,0.0,0.0,0.0,0.0,0.0,6.0,12.0,1.0,12.15,5.01,2.51,1.49,0.0,0.0,0.0,0.5,0.0,0.3,-0.5,1.6,-169.60000000000002,0.0,0.0,169.60000000000002,0.0,21.4,29.4,29.4,30.0,300.0,300.0,31.5,35.5,29.200000000000003,28.5,30.4,4.96,1.99,4.96,0.16,0.0,0.0,1027.0,8228.0,0.0,0.0,0.0,0.0,0.0,1.0,0.0,0.0,0.0,0.0,0.0,0.5,0.0,-1.5,0.0,0.0,16.0,25903.0
2026-07-30T19:00:54.939Z,224.422,224.436,0.0,7.4,0.0,0.0,0.0,0.0,0.0,0.0,0.0,0.0,1.0,0.0,0.0,0.0,9.0,4.0,0.0,0.0,0.0,0.0,0.0,0.0,0.0,0.0,1.0,12.0,1.0,12.15,5.01,2.51,1.49,0.0,0.0,0.0,0.5,0.0,0.3,0.6000000000000001,1.6,-169.60000000000002,0.0,0.0,169.60000000000002,0.0,21.4,29.4,29.4,30.0,300.0,300.0,31.5,35.5,29.200000000000003,28.5,30.4,4.96,1.99,4.97,0.16,0.0,0.0,1027.0,8228.0,0.0,0.0,0.0,0.0,0.0,1.0,0.0,0.0,0.0,0.0,0.0,1.9,0.0,-1.3,0.0,0.0,16.0,25903.0
2026-07-30T19:00:54.951Z,224.434,224.448,0.0,7.4,0.0,0.0,0.0,0.0,0.0,0.0,0.0,0.0,1.0,0.0,0.0,0.0,9.0,4.0,0.0,0.0,0.0,0.0,0.0,0.0,0.0,0.0,2.0,12.0,1.0,12.15,5.01,2.51,1.49,0.0,0.1,0.0,0.5,0.0,0.3,0.0,-0.6000000000000001,-169.60000000000002,0.0,0.0,169.60000000000002,0.0,21.4,29.4,29.4,30.0,300.0,300.0,31.5,35.5,29.200000000000003,28.5,30.4,4.96,1.99,4.97,0.16,0.0,0.0,1027.0,8228.0,0.0,0.0,0.0,0.0,0.0,1.0,0.0,0.0,0.0,0.0,0.0,-0.4,0.0,0.5,0.0,0.0,16.0,25903.0
2026-07-30T19:00:54.963Z,224.446,224.46,0.0,7.4,0.0,0.0,0.0,0.0,0.0,0.0,0.0,0.0,1.0,0.0,0.0,0.0,9.0,4.0,0.0,0.0,0.0,0.0,0.0,0.0,0.0,0.0,3.0,12.0,1.0,12.15,5.01,2.51,1.49,0.0,0.0,0.0,0.4,0.0,1.5,-0.5,1.0,-169.60000000000002,0.0,0.0,169.60000000000002,0.0,21.4,29.4,29.4,30.0,300.0,300.0,31.5,35.5,29.200000000000003,28.5,30.4,4.95,1.99,4.97,0.16,0.0,0.0,1027.0,8228.0,0.0,0.0,0.0,0.0,0.0,1.0,0.0,0.0,0.0,0.0,0.0,0.1,0.0,-1.0,0.0,0.0,16.0,25903.0
2026-07-30T19:00:54.975Z,224.458,224.472,0.0,7.4,0.0,0.0,0.0,0.0,0.0,0.0,0.0,0.0,1.0,0.0,0.0,0.0,9.0,4.0,0.0,0.0,0.0,0.0,0.0,0.0,0.0,0.0,4.0,12.0,1.0,12.15,5.01,2.51,1.49,0.0,0.0,0.0,0.4,0.0,-0.8,0.0,1.1,-169.60000000000002,0.0,0.0,169.60000000000002,0.0,21.4,29.4,29.4,30.0,300.0,300.0,31.5,35.5,29.200000000000003,28.5,30.4,4.96,2.0,4.96,0.16,0.0,0.0,1027.0,8228.0,0.0,0.0,0.0,0.0,0.0,1.0,0.0,0.0,0.0,0.0,0.0,0.8,0.0,-0.9,0.0,0.0,16.0,25903.0
2026-07-30T19:00:54.987Z,224.47,224.484,0.0,7.4,0.0,0.0,0.0,0.0,0.0,0.0,0.0,0.0,1.0,0.0,0.0,0.0,9.0,4.0,0.0,0.0,0.0,0.0,0.0,0.0,0.0,0.0,5.0,12.0,1.0,12.15,5.01,2.51,1.49,0.0,0.0,0.0,0.4,0.0,-0.2,0.6000000000000001,-0.6000000000000001,-169.60000000000002,0.0,0.0,169.60000000000002,0.0,21.4,29.4,29.4,30.0,300.0,300.0,31.5,35.5,29.200000000000003,28.5,30.4,4.96,1.99,4.97,0.16,0.0,0.0,1027.0,8228.0,0.0,0.0,0.0,0.0,0.0,1.0,0.0,0.0,0.0,0.0,0.0,0.2,0.0,0.6000000000000001,0.0,0.0,16.0,25903.0
2026-07-30T19:00:55.000Z,224.483,224.496,0.0,7.4,0.0,0.0,0.0,0.0,0.0,0.0,0.0,0.0,1.0,0.0,0.0,0.0,9.0,4.0,0.0,0.0,0.0,0.0,0.0,0.0,0.0,0.0,6.0,12.0,1.0,12.17,5.0200000000000005,2.5,1.5,0.0,0.0,0.0,0.4,0.0,0.3,1.2000000000000002,0.5,-169.60000000000002,0.0,0.0,169.60000000000002,0.0,21.700000000000003,29.4,29.4,30.0,300.0,300.0,31.5,35.5,29.3,28.5,30.4,4.95,1.99,4.97,0.16,0.0,0.0,1027.0,8228.0,0.0,0.0,0.0,0.0,0.0,1.0,0.0,0.0,0.0,0.0,0.0,1.8,0.0,-0.2,0.0,0.0,16.0,25903.0
2026-07-30T19:00:55.011Z,224.494,224.508,0.0,7.4,0.0,0.0,0.0,0.0,0.0,0.0,0.0,0.0,1.0,0.0,0.0,0.0,9.0,4.0,0.0,0.0,0.0,0.0,0.0,0.0,0.0,0.0,2.0,12.0,1.0,12.17,5.0200000000000005,2.5,1.5,0.0,0.1,0.0,0.4,0.0,-0.7000000000000001,0.0,0.0,-169.60000000000002,0.0,0.0,169.70000000000002,0.0,21.700000000000003,29.4,29.4,30.0,300.0,300.0,31.5,35.5,29.3,28.5,30.4,4.96,1.99,4.97,0.16,0.0,0.0,1027.0,8228.0,0.0,0.0,0.0,0.0,0.0,1.0,0.0,0.0,0.0,0.0,0.0,0.0,0.0,0.0,0.0,0.0,16.0,25903.0
2026-07-30T19:00:55.023Z,224.506,224.52,0.0,7.4,0.0,0.0,0.0,0.0,0.0,0.0,0.0,0.0,1.0,0.0,0.0,0.0,9.0,4.0,0.0,0.0,0.0,0.0,0.0,0.0,0.0,0.0,3.0,12.0,1.0,12.17,5.0200000000000005,2.5,1.5,0.0,0.0,0.0,0.4,0.0,-0.2,-1.1,-1.2000000000000002,-169.60000000000002,0.0,0.0,169.60000000000002,0.0,21.700000000000003,29.4,29.4,30.0,300.0,300.0,31.5,35.5,29.3,28.5,30.4,4.95,2.0,4.96,0.16,0.0,0.0,1027.0,8228.0,0.0,0.0,0.0,0.0,0.0,1.0,0.0,0.0,0.0,0.0,0.0,-2.1,0.0,0.8,0.0,0.0,16.0,25903.0
2026-07-30T19:00:55.035Z,224.518,224.532,0.0,7.4,0.0,0.0,0.0,0.0,0.0,0.0,0.0,0.0,1.0,0.0,0.0,0.0,9.0,4.0,0.0,0.0,0.0,0.0,0.0,0.0,0.0,0.0,4.0,12.0,1.0,12.17,5.0200000000000005,2.5,1.5,0.0,0.0,0.0,0.4,0.0,-0.2,1.2000000000000002,-1.1,-169.60000000000002,0.0,0.0,169.60000000000002,0.0,21.700000000000003,29.4,29.4,30.0,300.0,300.0,31.5,35.5,29.3,28.5,30.4,4.95,1.99,4.97,0.16,0.0,0.0,1027.0,8228.0,0.0,0.0,0.0,0.0,0.0,1.0,0.0,0.0,0.0,0.0,0.0,0.5,0.0,1.2000000000000002,0.0,0.0,16.0,25903.0
2026-07-30T19:00:55.047Z,224.53,224.544,0.0,7.4,0.0,0.0,0.0,0.0,0.0,0.0,0.0,0.0,1.0,0.0,0.0,0.0,9.0,4.0,0.0,0.0,0.0,0.0,0.0,0.0,0.0,0.0,5.0,12.0,1.0,12.17,5.0200000000000005,2.5,1.5,0.0,0.0,0.0,0.4,0.0,1.5,-0.5,1.1,-169.60000000000002,0.0,0.0,169.60000000000002,0.0,21.700000000000003,29.4,29.4,30.0,300.0,300.0,31.5,35.5,29.3,28.5,30.4,4.95,1.99,4.97,0.16,0.0,0.0,1027.0,8228.0,0.0,0.0,0.0,0.0,0.0,1.0,0.0,0.0,0.0,0.0,0.0,0.3,0.0,-1.1,0.0,0.0,16.0,25903.0
2026-07-30T19:00:55.059Z,224.542,224.556,0.0,7.4,0.0,0.0,0.0,0.0,0.0,0.0,0.0,0.0,1.0,0.0,0.0,0.0,9.0,4.0,0.0,0.0,0.0,0.0,0.0,0.0,0.0,0.0,6.0,12.0,1.0,12.17,5.0200000000000005,2.5,1.5,0.0,0.0,0.0,0.4,0.0,-0.8,1.2000000000000002,0.0,-169.60000000000002,0.0,0.0,169.60000000000002,0.0,21.700000000000003,29.4,29.4,30.0,300.0,300.0,31.5,35.5,29.3,28.5,30.4,4.96,1.99,4.96,0.16,0.0,0.0,1027.0,8228.0,0.0,0.0,0.0,0.0,0.0,1.0,0.0,0.0,0.0,0.0,0.0,1.3,0.0,0.3,0.0,0.0,16.0,25903.0
2026-07-30T19:00:55.071Z,224.554,224.568,0.0,7.4,0.0,0.0,0.0,0.0,0.0,0.0,0.0,0.0,1.0,0.0,0.0,0.0,9.0,4.0,0.0,0.0,0.0,0.0,0.0,0.0,0.0,0.0,1.0,12.0,1.0,12.17,5.0200000000000005,2.5,1.5,0.0,0.0,0.0,0.4,0.0,-0.2,0.0,2.2,-169.60000000000002,0.0,0.0,169.60000000000002,0.0,21.700000000000003,29.4,29.4,30.0,300.0,300.0,31.5,35.5,29.3,28.5,30.4,4.95,1.99,4.97,0.16,0.0,0.0,1027.0,8228.0,0.0,0.0,0.0,0.0,0.0,1.0,0.0,0.0,0.0,0.0,0.0,1.7000000000000002,0.0,-1.9,0.0,0.0,16.0,25903.0
2026-07-30T19:00:55.083Z,224.566,224.58,0.0,7.4,0.0,0.0,0.0,0.0,0.0,0.0,0.0,0.0,1.0,0.0,0.0,0.0,9.0,4.0,0.0,0.0,0.0,0.0,0.0,0.0,0.0,0.0,2.0,12.0,1.0,12.17,5.0200000000000005,2.5,1.5,0.0,0.0,0.0,0.4,0.0,-0.2,1.2000000000000002,0.4,-169.60000000000002,0.0,0.0,169.60000000000002,0.0,21.700000000000003,29.4,29.4,30.0,300.0,300.0,31.5,35.5,29.3,28.5,30.4,4.95,1.99,4.96,0.16,0.0,0.0,1027.0,8228.0,0.0,0.0,0.0,0.0,0.0,1.0,0.0,0.0,0.0,0.0,0.0,1.6,0.0,-0.1,0.0,0.0,16.0,25903.0
2026-07-30T19:00:55.095Z,224.578,224.592,0.0,7.4,0.0,0.0,0.0,0.0,0.0,0.0,0.0,0.0,1.0,0.0,0.0,0.0,9.0,4.0,0.0,0.0,0.0,0.0,0.0,0.0,0.0,0.0,3.0,12.0,1.0,12.17,5.0200000000000005,2.5,1.5,0.0,0.1,0.0,0.4,0.0,0.2,0.6000000000000001,-0.7000000000000001,-169.60000000000002,0.0,0.0,169.60000000000002,0.0,21.700000000000003,29.4,29.4,30.0,300.0,300.0,31.5,35.5,29.3,28.5,30.4,4.96,2.0,4.96,0.16,0.0,0.0,1027.0,8228.0,0.0,0.0,0.0,0.0,0.0,1.0,0.0,0.0,0.0,0.0,0.0,0.1,0.0,0.7000000000000001,0.0,0.0,16.0,25903.0
2026-07-30T19:00:55.107Z,224.59,224.604,0.0,7.4,0.0,0.0,0.0,0.0,0.0,0.0,0.0,0.0,1.0,0.0,0.0,0.0,9.0,4.0,0.0,0.0,0.0,0.0,0.0,0.0,0.0,0.0,4.0,12.0,1.0,12.15,5.01,2.51,1.49,0.0,0.0,0.0,0.4,0.0,-0.2,-0.5,-0.1,-169.60000000000002,0.0,0.0,169.70000000000002,0.0,21.8,29.4,29.4,30.0,300.0,300.0,31.5,35.5,29.200000000000003,28.5,30.4,4.95,2.0,4.96,0.16,0.0,0.0,1027.0,8228.0,0.0,0.0,0.0,0.0,0.0,1.0,0.0,0.0,0.0,0.0,0.0,-0.6000000000000001,0.0,0.0,0.0,0.0,16.0,25903.0
2026-07-30T19:00:55.119Z,224.602,224.616,0.0,7.4,0.0,0.0,0.0,0.0,0.0,0.0,0.0,0.0,1.0,0.0,0.0,0.0,9.0,4.0,0.0,0.0,0.0,0.0,0.0,0.0,0.0,0.0,5.0,12.0,1.0,12.15,5.01,2.51,1.49,0.0,0.0,0.0,0.5,0.0,0.2,-0.5,1.0,-169.60000000000002,0.0,0.0,169.70000000000002,0.0,21.8,29.4,29.4,30.0,300.0,300.0,31.5,35.5,29.200000000000003,28.5,30.4,4.95,1.99,4.97,0.16,0.0,0.0,1027.0,8228.0,0.0,0.0,0.0,0.0,0.0,1.0,0.0,0.0,0.0,0.0,0.0,0.1,0.0,-1.0,0.0,0.0,16.0,25903.0
2026-07-30T19:00:55.131Z,224.614,224.628,0.0,7.4,0.0,0.0,0.0,0.0,0.0,0.0,0.0,0.0,1.0,0.0,0.0,0.0,9.0,4.0,0.0,0.0,0.0,0.0,0.0,0.0,0.0,0.0,6.0,12.0,1.0,12.15,5.01,2.51,1.49,0.0,0.0,0.0,0.4,0.0,-0.2,0.0,-0.1,-169.60000000000002,0.0,0.0,169.60000000000002,0.0,21.8,29.4,29.4,30.0,300.0,300.0,31.5,35.5,29.200000000000003,28.5,30.4,4.95,1.99,4.96,0.16,0.0,0.0,1027.0,8228.0,0.0,0.0,0.0,0.0,0.0,1.0,0.0,0.0,0.0,0.0,0.0,-0.1,0.0,0.1,0.0,0.0001,16.0,25903.0
2026-07-30T19:00:55.143Z,224.626,224.64,0.0,7.4,0.0,0.0,0.0,0.0,0.0,0.0,0.0,0.0,1.0,0.0,0.0,0.0,9.0,4.0,0.0,0.0,0.0,0.0,0.0,0.0,0.0,0.0,2.0,12.0,1.0,12.15,5.01,2.51,1.49,0.0,0.0,0.0,0.4,0.0,-0.8,-0.6000000000000001,-1.3,-169.60000000000002,0.0,0.0,169.70000000000002,0.0,21.8,29.4,29.4,30.0,300.0,300.0,31.5,35.5,29.200000000000003,28.5,30.4,4.96,1.99,4.96,0.16,0.0,0.0,1027.0,8228.0,0.0,0.0,0.0,0.0,0.0,1.0,0.0,0.0,0.0,0.0,0.0,-0.5,0.0,0.6000000000000001,0.0,0.0,16.0,25903.0
2026-07-30T19:00:55.155Z,224.638,224.652,0.0,7.4,0.0,0.0,0.0,0.0,0.0,0.0,0.0,0.0,1.0,0.0,0.0,0.0,9.0,4.0,0.0,0.0,0.0,0.0,0.0,0.0,0.0,0.0,3.0,12.0,1.0,12.15,5.01,2.51,1.49,0.0,0.0,0.0,0.4,0.0,0.3,-0.6000000000000001,-0.7000000000000001,-169.60000000000002,0.0,0.0,169.8,0.0,21.8,29.4,29.4,30.0,300.0,300.0,31.5,35.5,29.200000000000003,28.5,30.4,4.95,1.99,4.96,0.16,0.0,0.0,1027.0,8228.0,0.0,0.0,0.0,0.0,0.0,1.0,0.0,0.0,0.0,0.0,0.0,0.9,0.0,-0.2,0.0,0.0,16.0,25903.0
2026-07-30T19:00:55.167Z,224.65,224.664,0.0,7.4,0.0,0.0,0.0,0.0,0.0,0.0,0.0,0.0,1.0,0.0,0.0,0.0,9.0,4.0,0.0,0.0,0.0,0.0,0.0,0.0,0.0,0.0,3.0,12.0,1.0,12.15,5.01,2.51,1.49,0.0,0.0,0.0,0.4,0.0,-0.2,0.0,-0.6000000000000001,-169.60000000000002,0.0,0.0,169.60000000000002,0.0,21.8,29.4,29.4,30.0,300.0,300.0,31.5,35.5,29.200000000000003,28.5,30.4,4.96,1.99,4.96,0.16,0.0,0.0,1027.0,8228.0,0.0,0.0,0.0,0.0,0.0,1.0,0.0,0.0,0.0,0.0,0.0,-0.5,0.0,0.5,0.0,0.0001,16.0,25903.0
2026-07-30T19:00:55.182Z,224.665,224.676,0.0,7.4,0.0,0.0,0.0,0.0,0.0,0.0,0.0,0.0,1.0,0.0,0.0,0.0,9.0,4.0,0.0,0.0,0.0,0.0,0.0,0.0,0.0,0.0,4.0,12.0,1.0,12.15,5.01,2.51,1.49,0.0,0.1,0.0,0.4,0.0,0.3,0.5,1.6,-169.60000000000002,0.0,0.0,169.70000000000002,0.0,21.8,29.4,29.4,30.0,300.0,300.0,31.5,35.5,29.200000000000003,28.5,30.4,4.96,2.0,4.96,0.16,0.0,0.0,1027.0,8228.0,0.0,0.0,0.0,0.0,0.0,1.0,0.0,0.0,0.0,0.0,0.0,2.2,0.0,0.0,0.0,0.0001,16.0,25903.0
2026-07-30T19:00:55.194Z,224.677,224.688,0.0,7.4,0.0,0.0,0.0,0.0,0.0,0.0,0.0,0.0,1.0,0.0,0.0,0.0,9.0,4.0,0.0,0.0,0.0,0.0,0.0,0.0,0.0,0.0,5.0,12.0,1.0,12.15,5.01,2.51,1.49,0.0,0.0,0.0,0.4,0.0,-0.8,0.0,-0.1,-169.60000000000002,0.0,0.0,169.70000000000002,0.0,21.8,29.4,29.4,30.0,300.0,300.0,31.5,35.5,29.200000000000003,28.5,30.4,4.95,1.99,4.96,0.16,0.0,0.0,1027.0,8228.0,0.0,0.0,0.0,0.0,0.0,1.0,0.0,0.0,0.0,0.0,0.0,-0.1,0.0,0.0,0.0,0.0001,16.0,25903.0
2026-07-30T19:00:55.204Z,224.687,224.7,0.0,7.4,0.0,0.0,0.0,0.0,0.0,0.0,0.0,0.0,1.0,0.0,0.0,0.0,9.0,4.0,0.0,0.0,0.0,0.0,0.0,0.0,0.0,0.0,4.0,12.0,1.0,12.17,5.01,2.51,1.49,0.0,0.0,0.0,0.4,0.0,0.9,1.7000000000000002,0.4,-169.60000000000002,0.0,0.0,169.60000000000002,0.0,21.3,29.4,29.4,30.0,300.0,300.0,31.4,35.5,29.200000000000003,28.5,30.4,4.95,1.99,4.97,0.16,0.0,0.0,1027.0,8228.0,0.0,0.0,0.0,0.0,0.0,1.0,0.0,0.0,0.0,0.0,0.0,2.3000000000000003,0.0,0.0,0.0,0.0,16.0,25903.0
2026-07-30T19:00:55.215Z,224.698,224.712,0.0,7.4,0.0,0.0,0.0,0.0,0.0,0.0,0.0,0.0,1.0,0.0,0.0,0.0,9.0,4.0,0.0,0.0,0.0,0.0,0.0,0.0,0.0,0.0,5.0,12.0,1.0,12.17,5.01,2.51,1.49,0.0,0.0,0.0,0.4,0.0,0.3,0.5,0.4,-169.60000000000002,0.0,0.0,169.70000000000002,0.0,21.3,29.4,29.4,30.0,300.0,300.0,31.4,35.5,29.200000000000003,28.5,30.4,4.96,2.0,4.96,0.16,0.0,0.0,1027.0,8228.0,0.0,0.0,0.0,0.0,0.0,1.0,0.0,0.0,0.0,0.0,0.0,0.9,0.0,-0.2,0.0,0.0001,16.0,25903.0
2026-07-30T19:00:55.227Z,224.71,224.724,0.0,7.4,0.0,0.0,0.0,0.0,0.0,0.0,0.0,0.0,1.0,0.0,0.0,0.0,9.0,4.0,0.0,0.0,0.0,0.0,0.0,0.0,0.0,0.0,6.0,12.0,1.0,12.17,5.01,2.51,1.49,0.0,0.1,0.0,0.4,0.0,-0.8,0.0,-1.3,-169.60000000000002,0.0,0.0,169.70000000000002,0.0,21.3,29.4,29.4,30.0,300.0,300.0,31.4,35.5,29.200000000000003,28.5,30.4,4.96,1.99,4.97,0.15,0.0,0.0,1027.0,8228.0,0.0,0.0,0.0,0.0,0.0,1.0,0.0,0.0,0.0,0.0,0.0,-1.0,0.0,1.1,0.0,0.0001,16.0,25903.0
2026-07-30T19:00:55.239Z,224.722,224.736,0.0,7.4,0.0,0.0,0.0,0.0,0.0,0.0,0.0,0.0,1.0,0.0,0.0,0.0,9.0,4.0,0.0,0.0,0.0,0.0,0.0,0.0,0.0,0.0,2.0,12.0,1.0,12.17,5.01,2.51,1.49,0.0,0.1,0.0,0.4,0.0,0.9,0.0,-0.1,-169.60000000000002,0.0,0.0,169.8,0.0,21.3,29.4,29.4,30.0,300.0,300.0,31.4,35.5,29.200000000000003,28.5,30.4,4.95,1.99,4.97,0.16,0.0,0.0,1027.0,8228.0,0.0,0.0,0.0,0.0,0.0,1.0,0.0,0.0,0.0,0.0,0.0,-0.1,0.0,0.1,0.0,0.0001,16.0,25903.0
2026-07-30T19:00:55.251Z,224.734,224.748,0.0,7.4,0.0,0.0,0.0,0.0,0.0,0.0,0.0,0.0,1.0,0.0,0.0,0.0,9.0,4.0,0.0,0.0,0.0,0.0,0.0,0.0,0.0,0.0,3.0,12.0,1.0,12.17,5.01,2.51,1.49,0.0,0.0,0.0,0.4,0.0,-0.1,-0.5,0.9,-169.60000000000002,0.0,0.0,169.60000000000002,0.0,21.3,29.4,29.4,30.0,300.0,300.0,31.4,35.5,29.200000000000003,28.5,30.4,4.96,1.99,4.96,0.16,0.0,0.0,1027.0,8228.0,0.0,0.0,0.0,0.0,0.0,1.0,0.0,0.0,0.0,0.0,0.0,0.0,0.0,-0.9,0.0,0.0001,16.0,25903.0
2026-07-30T19:00:55.262Z,224.745,224.76,0.0,7.4,0.0,0.0,0.0,0.0,0.0,0.0,0.0,0.0,1.0,0.0,0.0,0.0,9.0,4.0,0.0,0.0,0.0,0.0,0.0,0.0,0.0,0.0,4.0,12.0,1.0,12.17,5.01,2.51,1.49,0.0,0.1,0.0,0.5,0.0,0.3,0.0,-0.7000000000000001,-169.60000000000002,0.0,0.0,169.70000000000002,0.0,21.3,29.4,29.4,30.0,300.0,300.0,31.4,35.5,29.200000000000003,28.5,30.4,4.96,2.0,4.97,0.16,0.0,0.0,1027.0,8228.0,0.0,0.0,0.0,0.0,0.0,1.0,0.0,0.0,0.0,0.0,0.0,-0.5,0.0,0.7000000000000001,0.0,0.0002,16.0,25903.0
2026-07-30T19:00:55.275Z,224.758,224.772,0.0,7.4,0.0,0.0,0.0,0.0,0.0,0.0,0.0,0.0,1.0,0.0,0.0,0.0,9.0,4.0,0.0,0.0,0.0,0.0,0.0,0.0,0.0,0.0,5.0,12.0,1.0,12.17,5.01,2.51,1.49,0.0,0.0,0.0,0.5,0.0,0.3,-0.6000000000000001,0.9,-169.60000000000002,0.0,0.0,169.8,0.0,21.3,29.4,29.4,30.0,300.0,300.0,31.4,35.5,29.200000000000003,28.5,30.4,4.96,1.99,4.97,0.16,0.0,0.0,1027.0,8228.0,0.0,0.0,0.0,0.0,0.0,1.0,0.0,0.0,0.0,0.0,0.0,0.0,0.0,-0.9,0.0,0.0001,16.0,25903.0
2026-07-30T19:00:55.287Z,224.77,224.784,0.0,7.4,0.0,0.0,0.0,0.0,0.0,0.0,0.0,0.0,1.0,0.0,0.0,0.0,9.0,4.0,0.0,0.0,0.0,0.0,0.0,0.0,0.0,0.0,1.0,12.0,1.0,12.17,5.01,2.51,1.49,0.0,0.0,0.0,0.4,0.0,-0.8,0.0,0.3,-169.60000000000002,0.0,0.0,169.70000000000002,0.0,21.3,29.4,29.4,30.0,300.0,300.0,31.4,35.5,29.200000000000003,28.5,30.4,4.95,1.99,4.97,0.16,0.0,0.0,1027.0,8228.0,0.0,0.0,0.0,0.0,0.0,1.0,0.0,0.0,0.0,0.0,0.0,0.1,0.0,-0.3,0.0,0.0001,16.0,25903.0
2026-07-30T19:00:55.299Z,224.782,224.796,0.0,7.4,0.0,0.0,0.0,0.0,0.0,0.0,0.0,0.0,1.0,0.0,0.0,0.0,9.0,4.0,0.0,0.0,0.0,0.0,0.0,0.0,0.0,0.0,2.0,12.0,1.0,12.17,5.01,2.51,1.49,0.0,0.0,0.0,0.4,0.0,-0.2,-1.2000000000000002,-0.8,-169.60000000000002,0.0,0.0,169.70000000000002,0.0,21.3,29.4,29.4,30.0,300.0,300.0,31.4,35.5,29.200000000000003,28.5,30.4,4.96,1.99,4.97,0.15,0.0,0.0,1027.0,8228.0,0.0,0.0,0.0,0.0,0.0,1.0,0.0,0.0,0.0,0.0,0.0,-2.0,0.0,0.5,0.0,0.0001,16.0,25903.0
2026-07-30T19:00:55.311Z,224.794,224.808,0.0,7.4,0.0,0.0,0.0,0.0,0.0,0.0,0.0,0.0,1.0,0.0,0.0,0.0,9.0,4.0,0.0,0.0,0.0,0.0,0.0,0.0,0.0,0.0,3.0,12.0,1.0,12.17,5.01,2.5,1.49,0.0,0.1,0.0,0.4,0.0,0.2,-1.2000000000000002,-0.2,-169.60000000000002,0.0,0.0,169.70000000000002,0.0,21.700000000000003,29.4,29.4,30.0,300.0,300.0,31.4,35.5,29.3,28.5,30.3,4.95,1.99,4.97,0.15,0.0,0.0,1027.0,8228.0,0.0,0.0,0.0,0.0,0.0,1.0,0.0,0.0,0.0,0.0,0.0,-1.6,0.0,0.0,0.0,0.0001,16.0,25903.0
2026-07-30T19:00:55.323Z,224.806,224.82,0.0,7.4,0.0,0.0,0.0,0.0,0.0,0.0,0.0,0.0,1.0,0.0,0.0,0.0,9.0,4.0,0.0,0.0,0.0,0.0,0.0,0.0,0.0,0.0,4.0,12.0,1.0,12.17,5.01,2.5,1.49,0.0,0.1,0.0,0.4,0.0,-0.2,0.0,-0.8,-169.60000000000002,0.0,0.0,169.70000000000002,0.0,21.700000000000003,29.4,29.4,30.0,300.0,300.0,31.4,35.5,29.3,28.5,30.3,4.95,2.0,4.96,0.16,0.0,0.0,1027.0,8228.0,0.0,0.0,0.0,0.0,0.0,1.0,0.0,0.0,0.0,0.0,0.0,-0.6000000000000001,0.0,0.6000000000000001,0.0,0.0001,16.0,25903.0
2026-07-30T19:00:55.335Z,224.818,224.832,0.0,7.4,0.0,0.0,0.0,0.0,0.0,0.0,0.0,0.0,1.0,0.0,0.0,0.0,9.0,4.0,0.0,0.0,0.0,0.0,0.0,0.0,0.0,0.0,5.0,12.0,1.0,12.17,5.01,2.5,1.49,0.0,0.0,0.0,0.4,0.0,0.8,1.7000000000000002,1.5,-169.60000000000002,0.0,0.0,169.60000000000002,0.0,21.700000000000003,29.4,29.4,30.0,300.0,300.0,31.4,35.5,29.3,28.5,30.3,4.96,1.99,4.96,0.16,0.0,0.0,1027.0,8228.0,0.0,0.0,0.0,0.0,0.0,1.0,0.0,0.0,0.0,0.0,0.0,3.0,0.0,-0.9,0.0,0.0001,16.0,25903.0
2026-07-30T19:00:55.347Z,224.83,224.844,0.0,7.4,0.0,0.0,0.0,0.0,0.0,0.0,0.0,0.0,1.0,0.0,0.0,0.0,9.0,4.0,0.0,0.0,0.0,0.0,0.0,0.0,0.0,0.0,6.0,12.0,1.0,12.17,5.01,2.5,1.49,0.0,0.0,0.0,0.4,0.0,-0.8,-1.2000000000000002,-1.3,-169.60000000000002,0.0,0.0,169.60000000000002,0.0,21.700000000000003,29.4,29.4,30.0,300.0,300.0,31.4,35.5,29.3,28.5,30.3,4.95,1.99,4.96,0.16,0.0,0.0,1027.0,8228.0,0.0,0.0,0.0,0.0,0.0,1.0,0.0,0.0,0.0,0.0,0.0,-2.4000000000000004,0.0,0.9,0.0,0.0002,16.0,25903.0
2026-07-30T19:00:55.359Z,224.842,224.856,0.0,7.4,0.0,0.0,0.0,0.0,0.0,0.0,0.0,0.0,1.0,0.0,0.0,0.0,9.0,4.0,0.0,0.0,0.0,0.0,0.0,0.0,0.0,0.0,1.0,12.0,1.0,12.17,5.01,2.5,1.49,0.0,0.0,0.0,0.4,0.0,-0.2,-0.6000000000000001,-0.7000000000000001,-169.60000000000002,0.0,0.0,169.70000000000002,0.0,21.700000000000003,29.4,29.4,30.0,300.0,300.0,31.4,35.5,29.3,28.5,30.3,4.95,1.99,4.97,0.16,0.0,0.0,1027.0,8228.0,0.0,0.0,0.0,0.0,0.0,1.0,0.0,0.0,0.0,0.0,0.0,-1.3,0.0,0.5,0.0,0.0,16.0,25903.0
2026-07-30T19:00:55.371Z,224.854,224.868,0.0,7.4,0.0,0.0,0.0,0.0,0.0,0.0,0.0,0.0,1.0,0.0,0.0,0.0,9.0,4.0,0.0,0.0,0.0,0.0,0.0,0.0,0.0,0.0,3.0,12.0,1.0,12.17,5.01,2.5,1.49,0.0,0.0,0.0,0.4,0.0,0.3,0.0,0.9,-169.60000000000002,0.0,0.0,169.60000000000002,0.0,21.700000000000003,29.4,29.4,30.0,300.0,300.0,31.4,35.5,29.3,28.5,30.3,4.95,2.0,4.96,0.16,0.0,0.0,1027.0,8228.0,0.0,0.0,0.0,0.0,0.0,1.0,0.0,0.0,0.0,0.0,0.0,0.6000000000000001,0.0,-0.8,0.0,0.0,16.0,25903.0
2026-07-30T19:00:55.383Z,224.866,224.88,0.0,7.4,0.0,0.0,0.0,0.0,0.0,0.0,0.0,0.0,1.0,0.0,0.0,0.0,9.0,4.0,0.0,0.0,0.0,0.0,0.0,0.0,0.0,0.0,4.0,12.0,1.0,12.17,5.01,2.5,1.49,0.0,0.1,0.0,0.4,0.0,-0.2,0.5,-0.2,-169.60000000000002,0.0,0.0,169.70000000000002,0.0,21.700000000000003,29.4,29.4,30.0,300.0,300.0,31.4,35.5,29.3,28.5,30.3,4.96,1.99,4.96,0.16,0.0,0.0,1027.0,8228.0,0.0,0.0,0.0,0.0,0.0,1.0,0.0,0.0,0.0,0.0,0.0,0.4,0.0,0.3,0.0,0.0,16.0,25903.0
2026-07-30T19:00:55.395Z,224.878,224.892,0.0,7.4,0.0,0.0,0.0,0.0,0.0,0.0,0.0,0.0,1.0,0.0,0.0,0.0,9.0,4.0,0.0,0.0,0.0,0.0,0.0,0.0,0.0,0.0,5.0,12.0,1.0,12.17,5.01,2.5,1.49,0.0,0.0,0.0,0.4,0.0,-0.2,-0.5,-0.1,-169.60000000000002,0.0,0.0,169.8,0.0,21.700000000000003,29.4,29.4,30.0,300.0,300.0,31.4,35.5,29.3,28.5,30.3,4.95,1.99,4.97,0.16,0.0,0.0,1027.0,8228.0,0.0,0.0,0.0,0.0,0.0,1.0,0.0,0.0,0.0,0.0,0.0,-0.7000000000000001,0.0,0.0,0.0,0.0,16.0,25903.0
2026-07-30T19:00:55.408Z,224.891,224.904,0.0,7.4,0.0,0.0,0.0,0.0,0.0,0.0,0.0,0.0,1.0,0.0,0.0,0.0,9.0,4.0,0.0,0.0,0.0,0.0,0.0,0.0,0.0,0.0,6.0,12.0,1.0,12.18,5.01,2.5,1.49,0.0,0.1,0.0,0.4,0.0,0.9,-0.5,-1.2000000000000002,-169.60000000000002,0.0,0.0,169.70000000000002,0.0,21.200000000000003,29.4,29.4,30.0,300.0,300.0,31.4,35.5,29.200000000000003,28.5,30.4,4.96,1.99,4.96,0.16,0.0,0.0,1027.0,8228.0,0.0,0.0,0.0,0.0,0.0,1.0,0.0,0.0,0.0,0.0,0.0,-1.5,0.0,1.0,0.0,0.0001,16.0,25903.0
2026-07-30T19:00:55.419Z,224.902,224.916,0.0,7.4,0.0,0.0,0.0,0.0,0.0,0.0,0.0,0.0,1.0,0.0,0.0,0.0,9.0,4.0,0.0,0.0,0.0,0.0,0.0,0.0,0.0,0.0,1.0,12.0,1.0,12.18,5.01,2.5,1.49,0.0,0.0,0.0,0.4,0.0,-0.2,0.0,0.0,-169.60000000000002,0.0,0.0,169.70000000000002,0.0,21.200000000000003,29.4,29.4,30.0,300.0,300.0,31.4,35.5,29.200000000000003,28.5,30.4,4.96,2.0,4.96,0.16,0.0,0.0,1027.0,8228.0,0.0,0.0,0.0,0.0,0.0,1.0,0.0,0.0,0.0,0.0,0.0,0.0,0.0,0.0,0.0,0.0,16.0,25903.0
2026-07-30T19:00:55.430Z,224.913,224.928,0.0,7.4,0.0,0.0,0.0,0.0,0.0,0.0,0.0,0.0,1.0,0.0,0.0,0.0,9.0,4.0,0.0,0.0,0.0,0.0,0.0,0.0,0.0,0.0,2.0,12.0,1.0,12.18,5.01,2.5,1.49,0.0,0.0,0.0,0.4,0.0,0.3,0.7000000000000001,0.4,-169.60000000000002,0.0,0.0,169.70000000000002,0.0,21.200000000000003,29.4,29.4,30.0,300.0,300.0,31.4,35.5,29.200000000000003,28.5,30.4,4.95,1.99,4.96,0.16,0.0,0.0,1027.0,8228.0,0.0,0.0,0.0,0.0,0.0,1.0,0.0,0.0,0.0,0.0,0.0,1.1,0.0,-0.2,0.0,0.0,16.0,25903.0
2026-07-30T19:00:55.443Z,224.926,224.94,0.0,7.4,0.0,0.0,0.0,0.0,0.0,0.0,0.0,0.0,1.0,0.0,0.0,0.0,9.0,4.0,0.0,0.0,0.0,0.0,0.0,0.0,0.0,0.0,3.0,12.0,1.0,12.18,5.01,2.5,1.49,0.0,0.0,0.0,0.4,0.0,0.4,0.7000000000000001,-1.2000000000000002,-169.70000000000002,0.0,0.0,169.8,0.0,21.200000000000003,29.4,29.4,30.0,300.0,300.0,31.4,35.5,29.200000000000003,28.5,30.4,4.95,1.99,4.97,0.16,0.0,0.0,1027.0,8228.0,0.0,0.0,0.0,0.0,0.0,1.0,0.0,0.0,0.0,0.0,0.0,-0.1,0.0,1.2000000000000002,0.0,0.0,16.0,25903.0
2026-07-30T19:00:55.455Z,224.938,224.952,0.0,7.4,0.0,0.0,0.0,0.0,0.0,0.0,0.0,0.0,1.0,0.0,0.0,0.0,9.0,4.0,0.0,0.0,0.0,0.0,0.0,0.0,0.0,0.0,4.0,12.0,1.0,12.18,5.01,2.5,1.49,0.0,0.0,0.0,0.5,0.0,0.9,-0.4,1.0,-169.70000000000002,0.0,0.0,169.8,0.0,21.200000000000003,29.4,29.4,30.0,300.0,300.0,31.4,35.5,29.200000000000003,28.5,30.4,4.96,1.99,4.96,0.16,0.0,0.0,1027.0,8228.0,0.0,0.0,0.0,0.0,0.0,1.0,0.0,0.0,0.0,0.0,0.0,0.3,0.0,-1.0,0.0,0.0,16.0,25903.0
2026-07-30T19:00:55.467Z,224.95,224.964,0.0,7.4,0.0,0.0,0.0,0.0,0.0,0.0,0.0,0.0,1.0,0.0,0.0,0.0,9.0,4.0,0.0,0.0,0.0,0.0,0.0,0.0,0.0,0.0,5.0,12.0,1.0,12.18,5.01,2.5,1.49,0.0,0.0,0.0,0.5,0.0,-0.1,0.1,-0.1,-169.70000000000002,0.0,0.0,169.70000000000002,0.0,21.200000000000003,29.4,29.4,30.0,300.0,300.0,31.4,35.5,29.200000000000003,28.5,30.4,4.96,1.99,4.97,0.15,0.0,0.0,1027.0,8228.0,0.0,0.0,0.0,0.0,0.0,1.0,0.0,0.0,0.0,0.0,0.0,0.0,0.0,0.1,0.0,0.0001,16.0,25903.0
2026-07-30T19:00:55.479Z,224.962,224.976,0.0,7.4,0.0,0.0,0.0,0.0,0.0,0.0,0.0,0.0,1.0,0.0,0.0,0.0,9.0,4.0,0.0,0.0,0.0,0.0,0.0,0.0,0.0,0.0,6.0,12.0,1.0,12.18,5.01,2.5,1.49,0.0,0.0,0.0,0.4,0.0,-0.2,0.1,-0.2,-169.60000000000002,0.0,0.0,169.60000000000002,0.0,21.200000000000003,29.4,29.4,30.0,300.0,300.0,31.4,35.5,29.200000000000003,28.5,30.4,4.95,1.99,4.97,0.16,0.0,0.0,1027.0,8228.0,0.0,0.0,0.0,0.0,0.0,1.0,0.0,0.0,0.0,0.0,0.0,0.0,0.0,0.2,0.0,0.0,16.0,25903.0
2026-07-30T19:00:55.491Z,224.974,224.988,0.0,7.4,0.0,0.0,0.0,0.0,0.0,0.0,0.0,0.0,1.0,0.0,0.0,0.0,9.0,4.0,0.0,0.0,0.0,0.0,0.0,0.0,0.0,0.0,1.0,12.0,1.0,12.18,5.01,2.5,1.49,0.0,0.0,0.0,0.4,0.0,-0.8,0.1,-0.1,-169.60000000000002,0.0,0.0,169.60000000000002,0.0,21.200000000000003,29.4,29.4,30.0,300.0,300.0,31.4,35.5,29.200000000000003,28.5,30.4,4.96,1.99,4.97,0.16,0.0,0.0,1027.0,8228.0,0.0,0.0,0.0,0.0,0.0,1.0,0.0,0.0,0.0,0.0,0.0,0.0,0.0,0.1,0.0,0.0001,16.0,25903.0
2026-07-30T19:00:55.508Z,224.991,225.0,0.0,7.4,0.0,0.0,0.0,0.0,0.0,0.0,0.0,0.0,1.0,0.0,0.0,0.0,9.0,4.0,0.0,0.0,0.0,0.0,0.0,0.0,0.0,0.0,2.0,12.0,1.0,12.18,5.01,2.5,1.49,0.0,0.0,0.0,0.4,0.0,-0.2,-1.0,-0.7000000000000001,-169.60000000000002,0.0,0.0,169.60000000000002,0.0,21.200000000000003,29.4,29.4,30.0,300.0,300.0,31.4,35.5,29.200000000000003,28.5,30.4,4.95,2.0,4.96,0.16,0.0,0.0,1027.0,8228.0,0.0,0.0,0.0,0.0,0.0,1.0,0.0,0.0,0.0,0.0,0.0,-1.7000000000000002,0.0,0.4,0.0,0.0,16.0,25903.0
2026-07-30T19:00:55.515Z,224.998,225.012,0.0,7.4,0.0,0.0,0.0,0.0,0.0,0.0,0.0,0.0,1.0,0.0,0.0,0.0,9.0,4.0,0.0,0.0,0.0,0.0,0.0,0.0,0.0,0.0,6.0,12.0,1.0,12.15,5.0200000000000005,2.51,1.49,0.0,0.0,0.0,0.4,0.0,-0.2,-0.4,0.4,-169.60000000000002,0.0,0.0,169.70000000000002,0.0,21.8,29.4,29.4,30.0,300.0,300.0,31.5,35.5,29.200000000000003,28.5,30.3,4.95,1.99,4.96,0.16,0.0,0.0,1027.0,8228.0,0.0,0.0,0.0,0.0,0.0,1.0,0.0,0.0,0.0,0.0,0.0,-0.2,0.0,-0.4,0.0,0.0,16.0,25903.0
2026-07-30T19:00:55.527Z,225.01,225.024,0.0,7.4,0.0,0.0,0.0,0.0,0.0,0.0,0.0,0.0,1.0,0.0,0.0,0.0,9.0,4.0,0.0,0.0,0.0,0.0,0.0,0.0,0.0,0.0,1.0,12.0,1.0,12.15,5.0200000000000005,2.51,1.49,0.0,0.0,0.0,0.5,0.0,-0.8,0.7000000000000001,-0.7000000000000001,-169.60000000000002,0.0,0.0,169.60000000000002,0.0,21.8,29.4,29.4,30.0,300.0,300.0,31.5,35.5,29.200000000000003,28.5,30.3,4.96,2.0,4.96,0.16,0.0,0.0,1027.0,8228.0,0.0,0.0,0.0,0.0,0.0,1.0,0.0,0.0,0.0,0.0,0.0,0.2,0.0,0.7000000000000001,0.0,0.0001,16.0,25903.0
2026-07-30T19:00:55.539Z,225.022,225.036,0.0,7.4,0.0,0.0,0.0,0.0,0.0,0.0,0.0,0.0,1.0,0.0,0.0,0.0,9.0,4.0,0.0,0.0,0.0,0.0,0.0,0.0,0.0,0.0,2.0,12.0,1.0,12.15,5.0200000000000005,2.51,1.49,0.0,0.1,0.0,0.4,0.0,-0.7000000000000001,-0.4,-0.1,-169.60000000000002,0.0,0.0,169.60000000000002,0.0,21.8,29.4,29.4,30.0,300.0,300.0,31.5,35.5,29.200000000000003,28.5,30.3,4.96,2.0,4.96,0.16,0.0,0.0,1027.0,8228.0,0.0,0.0,0.0,0.0,0.0,1.0,0.0,0.0,0.0,0.0,0.0,-0.5,0.0,0.0,0.0,0.0001,16.0,25903.0
2026-07-30T19:00:55.551Z,225.034,225.048,0.0,7.4,0.0,0.0,0.0,0.0,0.0,0.0,0.0,0.0,1.0,0.0,0.0,0.0,9.0,4.0,0.0,0.0,0.0,0.0,0.0,0.0,0.0,0.0,3.0,12.0,1.0,12.15,5.0200000000000005,2.51,1.49,0.0,0.0,0.0,0.4,0.0,0.3,-1.0,-0.1,-169.60000000000002,0.0,0.0,169.60000000000002,0.0,21.8,29.4,29.4,30.0,300.0,300.0,31.5,35.5,29.200000000000003,28.5,30.3,4.95,1.99,4.97,0.16,0.0,0.0,1027.0,8228.0,0.0,0.0,0.0,0.0,0.0,1.0,0.0,0.0,0.0,0.0,0.0,-1.3,0.0,0.0,0.0,0.0,16.0,25903.0
2026-07-30T19:00:55.563Z,225.046,225.06,0.0,7.4,0.0,0.0,0.0,0.0,0.0,0.0,0.0,0.0,1.0,0.0,0.0,0.0,9.0,4.0,0.0,0.0,0.0,0.0,0.0,0.0,0.0,0.0,4.0,12.0,1.0,12.15,5.0200000000000005,2.51,1.49,0.0,0.1,0.0,0.4,0.0,0.3,0.1,-0.1,-169.60000000000002,0.0,0.0,169.60000000000002,0.0,21.8,29.4,29.4,30.0,300.0,300.0,31.5,35.5,29.200000000000003,28.5,30.3,4.95,1.99,4.96,0.16,0.0,0.0,1027.0,8228.0,0.0,0.0,0.0,0.0,0.0,1.0,0.0,0.0,0.0,0.0,0.0,0.0,0.0,0.1,0.0,0.0,16.0,25903.0
2026-07-30T19:00:55.575Z,225.058,225.072,0.0,7.4,0.0,0.0,0.0,0.0,0.0,0.0,0.0,0.0,1.0,0.0,0.0,0.0,9.0,4.0,0.0,0.0,0.0,0.0,0.0,0.0,0.0,0.0,5.0,12.0,1.0,12.15,5.0200000000000005,2.51,1.49,0.0,0.1,0.0,0.4,0.0,-0.2,0.1,-0.2,-169.60000000000002,0.0,0.0,169.70000000000002,0.0,21.8,29.4,29.4,30.0,300.0,300.0,31.5,35.5,29.200000000000003,28.5,30.3,4.96,2.0,4.96,0.17,0.0,0.0,1027.0,8228.0,0.0,0.0,0.0,0.0,0.0,1.0,0.0,0.0,0.0,0.0,0.0,0.0,0.0,0.2,0.0,0.0,16.0,25903.0
2026-07-30T19:00:55.587Z,225.07,225.084,0.0,7.4,0.0,0.0,0.0,0.0,0.0,0.0,0.0,0.0,1.0,0.0,0.0,0.0,9.0,4.0,0.0,0.0,0.0,0.0,0.0,0.0,0.0,0.0,6.0,12.0,1.0,12.15,5.0200000000000005,2.51,1.49,0.0,0.1,0.0,0.5,0.0,1.4,0.1,-0.2,-169.60000000000002,0.0,0.0,169.70000000000002,0.0,21.8,29.4,29.4,30.0,300.0,300.0,31.5,35.5,29.200000000000003,28.5,30.3,4.95,2.0,4.96,0.16,0.0,0.0,1027.0,8228.0,0.0,0.0,0.0,0.0,0.0,1.0,0.0,0.0,0.0,0.0,0.0,0.0,0.0,0.2,0.0,0.0,16.0,25903.0
2026-07-30T19:00:55.599Z,225.082,225.096,0.0,7.4,0.0,0.0,0.0,0.0,0.0,0.0,0.0,0.0,1.0,0.0,0.0,0.0,9.0,4.0,0.0,0.0,0.0,0.0,0.0,0.0,0.0,0.0,1.0,12.0,1.0,12.15,5.0200000000000005,2.51,1.49,0.0,0.0,0.0,0.4,0.0,-0.2,-0.4,-1.3,-169.60000000000002,0.0,0.0,169.70000000000002,0.0,21.8,29.4,29.4,30.0,300.0,300.0,31.5,35.5,29.200000000000003,28.5,30.3,4.95,1.99,4.97,0.16,0.0,0.0,1027.0,8228.0,0.0,0.0,0.0,0.0,0.0,1.0,0.0,0.0,0.0,0.0,0.0,-1.5,0.0,1.1,0.0,0.0001,16.0,25903.0
2026-07-30T19:00:55.612Z,225.095,225.108,0.0,7.4,0.0,0.0,0.0,0.0,0.0,0.0,0.0,0.0,1.0,0.0,0.0,0.0,9.0,4.0,0.0,0.0,0.0,0.0,0.0,0.0,0.0,0.0,2.0,12.0,1.0,12.17,5.01,2.51,1.49,0.0,0.0,0.0,0.4,0.0,-0.2,0.6000000000000001,-0.2,-169.60000000000002,0.0,0.0,169.70000000000002,0.0,21.700000000000003,29.4,29.4,30.0,300.0,300.0,31.5,35.4,29.200000000000003,28.4,30.3,4.95,1.99,4.96,0.16,0.0,0.0,1027.0,8228.0,0.0,0.0,0.0,0.0,0.0,1.0,0.0,0.0,0.0,0.0,0.0,0.6000000000000001,0.0,0.3,0.0,0.0,16.0,25903.0
2026-07-30T19:00:55.623Z,225.106,225.12,0.0,7.4,0.0,0.0,0.0,0.0,0.0,0.0,0.0,0.0,1.0,0.0,0.0,0.0,9.0,4.0,0.0,0.0,0.0,0.0,0.0,0.0,0.0,0.0,3.0,12.0,1.0,12.17,5.01,2.51,1.49,0.0,0.0,0.0,0.4,0.0,-0.2,0.7000000000000001,-0.7000000000000001,-169.60000000000002,0.0,0.0,169.70000000000002,0.0,21.700000000000003,29.4,29.4,30.0,300.0,300.0,31.5,35.4,29.200000000000003,28.4,30.3,4.96,2.0,4.96,0.16,0.0,0.0,1027.0,8228.0,0.0,0.0,0.0,0.0,0.0,1.0,0.0,0.0,0.0,0.0,0.0,0.2,0.0,0.8,0.0,0.0,16.0,25903.0
2026-07-30T19:00:55.635Z,225.118,225.132,0.0,7.4,0.0,0.0,0.0,0.0,0.0,0.0,0.0,0.0,1.0,0.0,0.0,0.0,9.0,4.0,0.0,0.0,0.0,0.0,0.0,0.0,0.0,0.0,4.0,12.0,1.0,12.17,5.01,2.51,1.49,0.0,0.1,0.0,0.4,0.0,-0.2,0.7000000000000001,-0.2,-169.60000000000002,0.0,0.0,169.70000000000002,0.0,21.700000000000003,29.4,29.4,30.0,300.0,300.0,31.5,35.4,29.200000000000003,28.4,30.3,4.95,2.0,4.97,0.16,0.0,0.0,1027.0,8228.0,0.0,0.0,0.0,0.0,0.0,1.0,0.0,0.0,0.0,0.0,0.0,0.6000000000000001,0.0,0.3,0.0,0.0,16.0,25903.0
2026-07-30T19:00:55.647Z,225.13,225.144,0.0,7.4,0.0,0.0,0.0,0.0,0.0,0.0,0.0,0.0,1.0,0.0,0.0,0.0,9.0,4.0,0.0,0.0,0.0,0.0,0.0,0.0,0.0,0.0,5.0,12.0,1.0,12.17,5.01,2.51,1.49,0.0,0.0,0.0,0.4,0.0,-0.2,-0.4,-0.1,-169.60000000000002,0.0,0.0,169.60000000000002,0.0,21.700000000000003,29.4,29.4,30.0,300.0,300.0,31.5,35.4,29.200000000000003,28.4,30.3,4.96,1.99,4.97,0.16,0.0,0.0,1027.0,8228.0,0.0,0.0,0.0,0.0,0.0,1.0,0.0,0.0,0.0,0.0,0.0,-0.6000000000000001,0.0,0.0,0.0,0.0001,16.0,25903.0
2026-07-30T19:00:55.660Z,225.143,225.156,0.0,7.4,0.0,0.0,0.0,0.0,0.0,0.0,0.0,0.0,1.0,0.0,0.0,0.0,9.0,4.0,0.0,0.0,0.0,0.0,0.0,0.0,0.0,0.0,6.0,12.0,1.0,12.17,5.01,2.51,1.49,0.0,0.0,0.0,0.4,0.0,0.3,1.3,-0.1,-169.60000000000002,0.0,0.0,169.60000000000002,0.0,21.700000000000003,29.4,29.4,30.0,300.0,300.0,31.5,35.4,29.200000000000003,28.4,30.3,4.96,2.0,4.97,0.16,0.0,0.0,1027.0,8228.0,0.0,0.0,0.0,0.0,0.0,1.0,0.0,0.0,0.0,0.0,0.0,0.0,0.0,0.1,0.0,0.0001,16.0,25903.0
2026-07-30T19:00:55.671Z,225.154,225.168,0.0,7.4,0.0,0.0,0.0,0.0,0.0,0.0,0.0,0.0,1.0,0.0,0.0,0.0,9.0,4.0,0.0,0.0,0.0,0.0,0.0,0.0,0.0,0.0,2.0,12.0,1.0,12.17,5.01,2.51,1.49,0.0,0.1,0.0,0.4,0.0,0.3,-0.4,0.4,-169.60000000000002,0.0,0.0,169.60000000000002,0.0,21.700000000000003,29.4,29.4,30.0,300.0,300.0,31.5,35.4,29.200000000000003,28.4,30.3,4.96,1.99,4.97,0.16,0.0,0.0,1027.0,8228.0,0.0,0.0,0.0,0.0,0.0,1.0,0.0,0.0,0.0,0.0,0.0,-0.3,0.0,0.6000000000000001,0.0,0.0,16.0,25903.0
2026-07-30T19:00:55.683Z,225.166,225.18,0.0,7.4,0.0,0.0,0.0,0.0,0.0,0.0,0.0,0.0,1.0,0.0,0.0,0.0,9.0,4.0,0.0,0.0,0.0,0.0,0.0,0.0,0.0,0.0,6.0,12.0,1.0,12.17,5.01,2.51,1.49,0.0,0.0,0.0,0.4,0.0,-0.1,0.1,2.1,-169.60000000000002,0.0,0.0,169.60000000000002,0.0,21.700000000000003,29.4,29.4,30.0,300.0,300.0,31.5,35.4,29.200000000000003,28.4,30.3,4.95,1.99,4.97,0.16,0.0,0.0,1027.0,8228.0,0.0,0.0,0.0,0.0,0.0,1.0,0.0,0.0,0.0,0.0,0.0,0.7000000000000001,0.0,0.2,0.0,0.0,16.0,25903.0
2026-07-30T19:00:55.695Z,225.178,225.192,0.0,7.4,0.0,0.0,0.0,0.0,0.0,0.0,0.0,0.0,1.0,0.0,0.0,0.0,9.0,4.0,0.0,0.0,0.0,0.0,0.0,0.0,0.0,0.0,1.0,12.0,1.0,12.17,5.01,2.51,1.49,0.0,0.1,0.0,0.4,0.0,-0.2,0.2,0.4,-169.60000000000002,0.0,0.0,169.70000000000002,0.0,21.700000000000003,29.4,29.4,30.0,300.0,300.0,31.5,35.4,29.200000000000003,28.4,30.3,4.96,1.99,4.96,0.16,0.0,0.0,1027.0,8228.0,0.0,0.0,0.0,0.0,0.0,1.0,0.0,0.0,0.0,0.0,0.0,-0.7000000000000001,0.0,-0.6000000000000001,0.0,0.0,16.0,25903.0
2026-07-30T19:00:55.707Z,225.19,225.204,0.0,7.4,0.0,0.0,0.0,0.0,0.0,0.0,0.0,0.0,1.0,0.0,0.0,0.0,9.0,4.0,0.0,0.0,0.0,0.0,0.0,0.0,0.0,0.0,2.0,12.0,1.0,12.17,5.01,2.51,1.49,0.0,0.1,0.0,0.4,0.0,0.9,0.2,0.5,-169.60000000000002,0.0,0.0,169.60000000000002,0.0,21.700000000000003,29.4,29.4,30.0,300.0,300.0,31.5,35.4,29.200000000000003,28.4,30.3,4.96,1.99,4.97,0.16,0.0,0.0,1027.0,8228.0,0.0,0.0,0.0,0.0,0.0,1.0,0.0,0.0,0.0,0.0,0.0,0.6000000000000001,0.0,-0.3,0.0,0.0,16.0,25903.0
2026-07-30T19:00:55.719Z,225.202,225.216,0.0,7.4,0.0,0.0,0.0,0.0,0.0,0.0,0.0,0.0,1.0,0.0,0.0,0.0,9.0,4.0,0.0,0.0,0.0,0.0,0.0,0.0,0.0,0.0,3.0,12.0,1.0,12.11,5.01,2.51,1.49,0.0,0.0,0.0,0.4,0.0,-0.8,-0.4,-1.2000000000000002,-169.60000000000002,0.0,0.0,169.60000000000002,0.0,21.700000000000003,29.4,29.4,30.0,300.0,300.0,31.5,35.4,29.200000000000003,28.5,30.4,4.95,1.99,4.97,0.16,0.0,0.0,1027.0,8228.0,0.0,0.0,0.0,0.0,0.0,1.0,0.0,0.0,0.0,0.0,0.0,-1.4,0.0,1.0,0.0,0.0001,16.0,25903.0
2026-07-30T19:00:55.731Z,225.214,225.228,0.0,7.4,0.0,0.0,0.0,0.0,0.0,0.0,0.0,0.0,1.0,0.0,0.0,0.0,9.0,4.0,0.0,0.0,0.0,0.0,0.0,0.0,0.0,0.0,5.0,12.0,1.0,12.11,5.01,2.51,1.49,0.0,0.0,0.0,0.4,0.0,0.3,0.7000000000000001,-0.6000000000000001,-169.60000000000002,0.0,0.0,169.60000000000002,0.0,21.700000000000003,29.4,29.4,30.0,300.0,300.0,31.5,35.4,29.200000000000003,28.5,30.4,4.96,1.99,4.97,0.16,0.0,0.0,1027.0,8228.0,0.0,0.0,0.0,0.0,0.0,1.0,0.0,0.0,0.0,0.0,0.0,0.3,0.0,0.7000000000000001,0.0,0.0,16.0,25903.0
2026-07-30T19:00:55.743Z,225.226,225.24,0.0,7.4,0.0,0.0,0.0,0.0,0.0,0.0,0.0,0.0,1.0,0.0,0.0,0.0,9.0,4.0,0.0,0.0,0.0,0.0,0.0,0.0,0.0,0.0,6.0,12.0,1.0,12.11,5.01,2.51,1.49,0.0,0.0,0.0,0.4,0.0,-0.2,-0.9,0.0,-169.60000000000002,0.0,0.0,169.70000000000002,0.0,21.700000000000003,29.4,29.4,30.0,300.0,300.0,31.5,35.4,29.200000000000003,28.5,30.4,4.96,2.0,4.97,0.16,0.0,0.0,1027.0,8228.0,0.0,0.0,0.0,0.0,0.0,1.0,0.0,0.0,0.0,0.0,0.0,-1.1,0.0,-0.1,0.0,0.0,16.0,25903.0
2026-07-30T19:00:55.755Z,225.238,225.252,0.0,7.4,0.0,0.0,0.0,0.0,0.0,0.0,0.0,0.0,1.0,0.0,0.0,0.0,9.0,4.0,0.0,0.0,0.0,0.0,0.0,0.0,0.0,0.0,1.0,12.0,1.0,12.11,5.01,2.51,1.49,0.0,0.0,0.0,0.4,0.0,-0.8,0.7000000000000001,0.0,-169.60000000000002,0.0,0.0,169.60000000000002,0.0,21.700000000000003,29.4,29.4,30.0,300.0,300.0,31.5,35.4,29.200000000000003,28.5,30.4,4.96,1.99,4.96,0.16,0.0,0.0,1027.0,8228.0,0.0,0.0,0.0,0.0,0.0,1.0,0.0,0.0,0.0,0.0,0.0,0.8,0.0,0.2,0.0,0.0,16.0,25903.0
2026-07-30T19:00:55.767Z,225.25,225.264,0.0,7.4,0.0,0.0,0.0,0.0,0.0,0.0,0.0,0.0,1.0,0.0,0.0,0.0,9.0,4.0,0.0,0.0,0.0,0.0,0.0,0.0,0.0,0.0,2.0,12.0,1.0,12.11,5.01,2.51,1.49,0.0,0.0,0.0,0.4,0.0,0.2,0.1,0.5,-169.60000000000002,0.0,0.0,169.70000000000002,0.0,21.700000000000003,29.4,29.4,30.0,300.0,300.0,31.5,35.4,29.200000000000003,28.5,30.4,4.95,2.0,4.96,0.16,0.0,0.0,1027.0,8228.0,0.0,0.0,0.0,0.0,0.0,1.0,0.0,0.0,0.0,0.0,0.0,0.5,0.0,-0.4,0.0,0.0,16.0,25903.0
2026-07-30T19:00:55.779Z,225.262,225.276,0.0,7.4,0.0,0.0,0.0,0.0,0.0,0.0,0.0,0.0,1.0,0.0,0.0,0.0,9.0,4.0,0.0,0.0,0.0,0.0,0.0,0.0,0.0,0.0,3.0,12.0,1.0,12.11,5.01,2.51,1.49,0.0,0.0,0.0,0.4,0.0,0.8,0.1,1.0,-169.60000000000002,0.0,0.0,169.60000000000002,0.0,21.700000000000003,29.4,29.4,30.0,300.0,300.0,31.5,35.4,29.200000000000003,28.5,30.4,4.95,2.0,4.97,0.16,0.0,0.0,1027.0,8228.0,0.0,0.0,0.0,0.0,0.0,1.0,0.0,0.0,0.0,0.0,0.0,0.9,0.0,-0.9,0.0,0.0,16.0,25903.0
2026-07-30T19:00:55.791Z,225.274,225.288,0.0,7.4,0.0,0.0,0.0,0.0,0.0,0.0,0.0,0.0,1.0,0.0,0.0,0.0,9.0,4.0,0.0,0.0,0.0,0.0,0.0,0.0,0.0,0.0,4.0,12.0,1.0,12.11,5.01,2.51,1.49,0.0,0.0,0.0,0.4,0.0,0.2,0.1,0.0,-169.60000000000002,0.0,0.0,169.60000000000002,0.0,21.700000000000003,29.4,29.4,30.0,300.0,300.0,31.5,35.4,29.200000000000003,28.5,30.4,4.95,1.99,4.96,0.16,0.0,0.0,1027.0,8228.0,0.0,0.0,0.0,0.0,0.0,1.0,0.0,0.0,0.0,0.0,0.0,0.0,0.0,0.0,0.0,0.0,16.0,25903.0
2026-07-30T19:00:55.803Z,225.286,225.3,0.0,7.4,0.0,0.0,0.0,0.0,0.0,0.0,0.0,0.0,1.0,0.0,0.0,0.0,9.0,4.0,0.0,0.0,0.0,0.0,0.0,0.0,0.0,0.0,5.0,12.0,1.0,12.11,5.01,2.51,1.49,0.0,0.0,0.0,0.4,0.0,-0.2,0.1,0.5,-169.60000000000002,0.0,0.0,169.60000000000002,0.0,21.700000000000003,29.4,29.4,30.0,300.0,300.0,31.5,35.4,29.200000000000003,28.5,30.4,4.95,1.99,4.96,0.16,0.0,0.0,1027.0,8228.0,0.0,0.0,0.0,0.0,0.0,1.0,0.0,0.0,0.0,0.0,0.0,0.5,0.0,-0.4,0.0,0.0,16.0,25903.0
2026-07-30T19:00:55.828Z,225.311,225.312,0.0,7.4,0.0,0.0,0.0,0.0,0.0,0.0,0.0,0.0,1.0,0.0,0.0,0.0,9.0,4.0,0.0,0.0,0.0,0.0,0.0,0.0,0.0,0.0,6.0,12.0,1.0,12.15,5.01,2.51,1.49,0.0,0.1,0.0,0.4,0.0,-0.2,1.3,-0.6000000000000001,-169.60000000000002,0.0,0.0,169.60000000000002,0.0,21.700000000000003,29.4,29.4,30.0,300.0,300.0,31.4,35.4,29.200000000000003,28.5,30.4,4.96,1.99,4.96,0.16,0.0,0.0,1027.0,8228.0,0.0,0.0,0.0,0.0,0.0,1.0,0.0,0.0,0.0,0.0,0.0,1.0,0.0,0.8,0.0,0.0,16.0,25903.0
2026-07-30T19:00:55.829Z,225.312,225.324,0.0,7.4,0.0,0.0,0.0,0.0,0.0,0.0,0.0,0.0,1.0,0.0,0.0,0.0,9.0,4.0,0.0,0.0,0.0,0.0,0.0,0.0,0.0,0.0,6.0,12.0,1.0,12.15,5.01,2.51,1.49,0.0,0.0,0.0,0.4,0.0,-0.2,0.1,2.3000000000000003,-169.60000000000002,0.0,0.0,169.70000000000002,0.0,21.700000000000003,29.4,29.4,30.0,300.0,300.0,31.4,35.4,29.200000000000003,28.5,30.4,4.95,1.99,4.97,0.16,0.0,0.0,1027.0,8228.0,0.0,0.0,0.0,0.0,0.0,1.0,0.0,0.0,0.0,0.0,0.0,1.8,0.0,-2.0,0.0,0.0,16.0,25903.0
2026-07-30T19:00:55.839Z,225.322,225.336,0.0,7.4,0.0,0.0,0.0,0.0,0.0,0.0,0.0,0.0,1.0,0.0,0.0,0.0,9.0,4.0,0.0,0.0,0.0,0.0,0.0,0.0,0.0,0.0,5.0,12.0,1.0,12.15,5.01,2.51,1.49,0.0,0.0,0.0,0.4,0.0,-0.8,-0.4,-1.8,-169.60000000000002,0.0,0.0,169.70000000000002,0.0,21.700000000000003,29.4,29.4,30.0,300.0,300.0,31.4,35.4,29.200000000000003,28.5,30.4,4.95,1.99,4.96,0.16,0.0,0.0,1027.0,8228.0,0.0,0.0,0.0,0.0,0.0,1.0,0.0,0.0,0.0,0.0,0.0,-1.8,0.0,1.5,0.0,0.0,16.0,25903.0
2026-07-30T19:00:55.851Z,225.334,225.348,0.0,7.4,0.0,0.0,0.0,0.0,0.0,0.0,0.0,0.0,1.0,0.0,0.0,0.0,9.0,4.0,0.0,0.0,0.0,0.0,0.0,0.0,0.0,0.0,1.0,12.0,1.0,12.15,5.01,2.51,1.49,0.0,0.0,0.0,0.4,0.0,-0.3,1.2000000000000002,0.5,-169.60000000000002,0.0,0.0,169.70000000000002,0.0,21.700000000000003,29.4,29.4,30.0,300.0,300.0,31.4,35.4,29.200000000000003,28.5,30.4,4.95,1.99,4.96,0.16,0.0,0.0,1027.0,8228.0,0.0,0.0,0.0,0.0,0.0,1.0,0.0,0.0,0.0,0.0,0.0,1.8,0.0,-0.2,0.0,0.0,16.0,25903.0
2026-07-30T19:00:55.863Z,225.346,225.36,0.0,7.4,0.0,0.0,0.0,0.0,0.0,0.0,0.0,0.0,1.0,0.0,0.0,0.0,9.0,4.0,0.0,0.0,0.0,0.0,0.0,0.0,0.0,0.0,2.0,12.0,1.0,12.15,5.01,2.51,1.49,0.0,0.0,0.0,0.4,0.0,-0.2,-0.4,0.4,-169.60000000000002,0.0,0.0,169.60000000000002,0.0,21.700000000000003,29.4,29.4,30.0,300.0,300.0,31.4,35.4,29.200000000000003,28.5,30.4,4.96,1.99,4.96,0.16,0.0,0.0,1027.0,8228.0,0.0,0.0,0.0,0.0,0.0,1.0,0.0,0.0,0.0,0.0,0.0,-0.1,0.0,-0.5,0.0,0.0,16.0,25903.0
2026-07-30T19:00:55.875Z,225.358,225.372,0.0,7.4,0.0,0.0,0.0,0.0,0.0,0.0,0.0,0.0,1.0,0.0,0.0,0.0,9.0,4.0,0.0,0.0,0.0,0.0,0.0,0.0,0.0,0.0,4.0,12.0,1.0,12.15,5.01,2.51,1.49,0.0,0.0,0.0,0.4,0.0,-0.8,-1.0,-1.2000000000000002,-169.60000000000002,0.0,0.0,169.70000000000002,0.0,21.700000000000003,29.4,29.4,30.0,300.0,300.0,31.4,35.4,29.200000000000003,28.5,30.4,4.95,1.99,4.97,0.16,0.0,0.0,1027.0,8228.0,0.0,0.0,0.0,0.0,0.0,1.0,0.0,0.0,0.0,0.0,0.0,-2.1,0.0,0.8,0.0,0.0001,16.0,25903.0
2026-07-30T19:00:55.887Z,225.37,225.384,0.0,7.4,0.0,0.0,0.0,0.0,0.0,0.0,0.0,0.0,1.0,0.0,0.0,0.0,9.0,4.0,0.0,0.0,0.0,0.0,0.0,0.0,0.0,0.0,5.0,12.0,1.0,12.15,5.01,2.51,1.49,0.0,0.1,0.0,0.5,0.0,0.3,-0.4,0.5,-169.60000000000002,0.0,0.0,169.70000000000002,0.0,21.700000000000003,29.4,29.4,30.0,300.0,300.0,31.4,35.4,29.200000000000003,28.5,30.4,4.96,1.99,4.96,0.16,0.0,0.0,1027.0,8228.0,0.0,0.0,0.0,0.0,0.0,1.0,0.0,0.0,0.0,0.0,0.0,0.0,0.0,-0.5,0.0,0.0001,16.0,25903.0
2026-07-30T19:00:55.899Z,225.382,225.396,0.0,7.4,0.0,0.0,0.0,0.0,0.0,0.0,0.0,0.0,1.0,0.0,0.0,0.0,9.0,4.0,0.0,0.0,0.0,0.0,0.0,0.0,0.0,0.0,6.0,12.0,1.0,12.15,5.01,2.51,1.49,0.0,0.0,0.0,0.4,0.0,-0.8,-0.3,-1.2000000000000002,-169.60000000000002,0.0,0.0,169.60000000000002,0.0,21.700000000000003,29.4,29.4,30.0,300.0,300.0,31.4,35.4,29.200000000000003,28.5,30.4,4.96,2.0,4.97,0.16,0.0,0.0,1027.0,8228.0,0.0,0.0,0.0,0.0,0.0,1.0,0.0,0.0,0.0,0.0,0.0,-1.3,0.0,1.0,0.0,0.0001,16.0,25903.0
2026-07-30T19:00:55.911Z,225.394,225.408,0.0,7.4,0.0,0.0,0.0,0.0,0.0,0.0,0.0,0.0,1.0,0.0,0.0,0.0,9.0,4.0,0.0,0.0,0.0,0.0,0.0,0.0,0.0,0.0,1.0,12.0,1.0,12.15,5.01,2.51,1.49,0.0,0.0,0.0,0.4,0.0,-0.2,1.3,0.0,-169.60000000000002,0.0,0.0,169.60000000000002,0.0,21.700000000000003,29.4,29.4,30.0,300.0,300.0,31.4,35.4,29.200000000000003,28.5,30.4,4.95,1.99,4.97,0.16,0.0,0.0,1027.0,8228.0,0.0,0.0,0.0,0.0,0.0,1.0,0.0,0.0,0.0,0.0,0.0,1.4,0.0,0.3,0.0,0.0001,16.0,25903.0
2026-07-30T19:00:55.923Z,225.406,225.42,0.0,7.4,0.0,0.0,0.0,0.0,0.0,0.0,0.0,0.0,1.0,0.0,0.0,0.0,9.0,4.0,0.0,0.0,0.0,0.0,0.0,0.0,0.0,0.0,2.0,12.0,1.0,12.15,5.0200000000000005,2.51,1.49,0.0,0.1,0.0,0.4,0.0,0.3,0.1,0.5,-169.60000000000002,0.0,0.0,169.60000000000002,0.0,21.3,29.4,29.4,30.0,300.0,300.0,31.4,35.4,29.200000000000003,28.5,30.4,4.95,1.99,4.97,0.16,0.0,0.0,1027.0,8228.0,0.0,0.0,0.0,0.0,0.0,1.0,0.0,0.0,0.0,0.0,0.0,0.5,0.0,-0.4,0.0,0.0,16.0,25903.0
2026-07-30T19:00:55.935Z,225.418,225.432,0.0,7.4,0.0,0.0,0.0,0.0,0.0,0.0,0.0,0.0,1.0,0.0,0.0,0.0,9.0,4.0,0.0,0.0,0.0,0.0,0.0,0.0,0.0,0.0,3.0,12.0,1.0,12.15,5.0200000000000005,2.51,1.49,0.0,0.0,0.0,0.4,0.0,0.9,-1.0,1.1,-169.60000000000002,0.0,0.0,169.70000000000002,0.0,21.3,29.4,29.4,30.0,300.0,300.0,31.4,35.4,29.200000000000003,28.5,30.4,4.96,2.0,4.97,0.16,0.0,0.0,1027.0,8228.0,0.0,0.0,0.0,0.0,0.0,1.0,0.0,0.0,0.0,0.0,0.0,-0.3,0.0,-1.2000000000000002,0.0,0.0,16.0,25903.0
2026-07-30T19:00:55.947Z,225.43,225.444,0.0,7.4,0.0,0.0,0.0,0.0,0.0,0.0,0.0,0.0,1.0,0.0,0.0,0.0,9.0,4.0,0.0,0.0,0.0,0.0,0.0,0.0,0.0,0.0,4.0,12.0,1.0,12.15,5.0200000000000005,2.51,1.49,0.0,0.0,0.0,0.4,0.0,0.2,1.8,2.2,-169.60000000000002,0.0,0.0,169.70000000000002,0.0,21.3,29.4,29.4,30.0,300.0,300.0,31.4,35.4,29.200000000000003,28.5,30.4,4.96,1.99,4.97,0.16,0.0,0.0,1027.0,8228.0,0.0,0.0,0.0,0.0,0.0,1.0,0.0,0.0,0.0,0.0,0.0,3.8,0.0,-1.6,0.0,0.0001,16.0,25903.0
2026-07-30T19:00:55.959Z,225.442,225.456,0.0,7.4,0.0,0.0,0.0,0.0,0.0,0.0,0.0,0.0,1.0,0.0,0.0,0.0,9.0,4.0,0.0,0.0,0.0,0.0,0.0,0.0,0.0,0.0,5.0,12.0,1.0,12.15,5.0200000000000005,2.51,1.49,0.0,0.0,0.0,0.4,0.0,0.3,1.2000000000000002,-0.6000000000000001,-169.60000000000002,0.0,0.0,169.70000000000002,0.0,21.3,29.4,29.4,30.0,300.0,300.0,31.4,35.4,29.200000000000003,28.5,30.4,4.95,1.99,4.97,0.16,0.0,0.0,1027.0,8228.0,0.0,0.0,0.0,0.0,0.0,1.0,0.0,0.0,0.0,0.0,0.0,0.9,0.0,0.8,0.0,0.0,16.0,25903.0
2026-07-30T19:00:55.971Z,225.454,225.468,0.0,7.4,0.0,0.0,0.0,0.0,0.0,0.0,0.0,0.0,1.0,0.0,0.0,0.0,9.0,4.0,0.0,0.0,0.0,0.0,0.0,0.0,0.0,0.0,6.0,12.0,1.0,12.15,5.0200000000000005,2.51,1.49,0.0,0.0,0.0,0.4,0.0,1.5,-0.4,0.0,-169.60000000000002,0.0,0.0,169.60000000000002,0.0,21.3,29.4,29.4,30.0,300.0,300.0,31.4,35.4,29.200000000000003,28.5,30.4,4.96,1.99,4.97,0.16,0.0,0.0,1027.0,8228.0,0.0,0.0,0.0,0.0,0.0,1.0,0.0,0.0,0.0,0.0,0.0,-0.6000000000000001,0.0,0.0,0.0,0.0,16.0,25903.0
2026-07-30T19:00:55.983Z,225.466,225.48,0.0,7.4,0.0,0.0,0.0,0.0,0.0,0.0,0.0,0.0,1.0,0.0,0.0,0.0,9.0,4.0,0.0,0.0,0.0,0.0,0.0,0.0,0.0,0.0,1.0,12.0,1.0,12.15,5.0200000000000005,2.51,1.49,0.0,0.0,0.0,0.4,0.0,-0.2,-0.4,0.5,-169.60000000000002,0.0,0.0,169.70000000000002,0.0,21.3,29.4,29.4,30.0,300.0,300.0,31.4,35.4,29.200000000000003,28.5,30.4,4.95,2.0,4.96,0.16,0.0,0.0,1027.0,8228.0,0.0,0.0,0.0,0.0,0.0,1.0,0.0,0.0,0.0,0.0,0.0,-0.1,0.0,-0.5,0.0,0.0001,16.0,25903.0
2026-07-30T19:00:55.995Z,225.478,225.492,0.0,7.4,0.0,0.0,0.0,0.0,0.0,0.0,0.0,0.0,1.0,0.0,0.0,0.0,9.0,4.0,0.0,0.0,0.0,0.0,0.0,0.0,0.0,0.0,2.0,12.0,1.0,12.15,5.0200000000000005,2.51,1.49,0.0,0.0,0.0,0.4,0.0,0.9,0.6000000000000001,0.5,-169.60000000000002,0.0,0.0,169.70000000000002,0.0,21.3,29.4,29.4,30.0,300.0,300.0,31.4,35.4,29.200000000000003,28.5,30.4,4.95,1.99,4.97,0.16,0.0,0.0,1027.0,8228.0,0.0,0.0,0.0,0.0,0.0,1.0,0.0,0.0,0.0,0.0,0.0,1.1,0.0,-0.3,0.0,0.0001,16.0,25903.0
2026-07-30T19:00:56.006Z,225.489,225.504,0.0,7.4,0.0,0.0,0.0,0.0,0.0,0.0,0.0,0.0,1.0,0.0,0.0,0.0,9.0,4.0,0.0,0.0,0.0,0.0,0.0,0.0,0.0,0.0,3.0,12.0,1.0,12.15,5.0200000000000005,2.51,1.49,0.0,0.1,0.0,0.4,0.0,-0.1,0.1,-0.6000000000000001,-169.60000000000002,0.0,0.0,169.70000000000002,0.0,21.3,29.4,29.4,30.0,300.0,300.0,31.4,35.4,29.200000000000003,28.5,30.4,4.96,1.99,4.97,0.16,0.0,0.0,1027.0,8228.0,0.0,0.0,0.0,0.0,0.0,1.0,0.0,0.0,0.0,0.0,0.0,-0.3,0.0,0.5,0.0,0.0,16.0,25903.0
2026-07-30T19:00:56.020Z,225.503,225.516,0.0,7.4,0.0,0.0,0.0,0.0,0.0,0.0,0.0,0.0,1.0,0.0,0.0,0.0,9.0,4.0,0.0,0.0,0.0,0.0,0.0,0.0,0.0,0.0,4.0,12.0,1.0,12.17,5.0200000000000005,2.5,1.49,-0.1,0.1,0.0,0.4,0.0,-0.7000000000000001,-1.0,-1.1,-169.60000000000002,0.0,0.0,169.70000000000002,0.0,21.4,29.4,29.4,30.0,300.0,300.0,31.4,35.4,29.200000000000003,28.5,30.4,4.96,1.99,4.96,0.16,0.0,0.0,1027.0,8228.0,0.0,0.0,0.0,0.0,0.0,1.0,0.0,0.0,0.0,0.0,0.0,-2.0,0.0,0.8,0.0,0.0001,16.0,25903.0
2026-07-30T19:00:56.031Z,225.514,225.528,0.0,7.4,0.0,0.0,0.0,0.0,0.0,0.0,0.0,0.0,1.0,0.0,0.0,0.0,9.0,4.0,0.0,0.0,0.0,0.0,0.0,0.0,0.0,0.0,5.0,12.0,1.0,12.17,5.0200000000000005,2.5,1.49,0.0,0.0,0.0,0.4,0.0,-0.7000000000000001,-1.0,-0.5,-169.60000000000002,0.0,0.0,169.60000000000002,0.0,21.4,29.4,29.4,30.0,300.0,300.0,31.4,35.4,29.200000000000003,28.5,30.4,4.96,1.99,4.97,0.16,0.0,0.0,1027.0,8228.0,0.0,0.0,0.0,0.0,0.0,1.0,0.0,0.0,0.0,0.0,0.0,-1.6,0.0,0.2,0.0,0.0001,16.0,25903.0
2026-07-30T19:00:56.044Z,225.527,225.54,0.0,7.4,0.0,0.0,0.0,0.0,0.0,0.0,0.0,0.0,1.0,0.0,0.0,0.0,9.0,4.0,0.0,0.0,0.0,0.0,0.0,0.0,0.0,0.0,6.0,12.0,1.0,12.17,5.0200000000000005,2.5,1.49,0.0,0.0,0.0,0.4,0.0,0.4,1.2000000000000002,1.7000000000000002,-169.60000000000002,0.0,0.0,169.70000000000002,0.0,21.4,29.4,29.4,30.0,300.0,300.0,31.4,35.4,29.200000000000003,28.5,30.4,4.96,2.0,4.96,0.17,0.0,0.0,1027.0,8228.0,0.0,0.0,0.0,0.0,0.0,1.0,0.0,0.0,0.0,0.0,0.0,2.7,0.0,-1.2000000000000002,0.0,0.0,16.0,25903.0
2026-07-30T19:00:56.055Z,225.538,225.552,0.0,7.4,0.0,0.0,0.0,0.0,0.0,0.0,0.0,0.0,1.0,0.0,0.0,0.0,9.0,4.0,0.0,0.0,0.0,0.0,0.0,0.0,0.0,0.0,1.0,12.0,1.0,12.17,5.0200000000000005,2.5,1.49,0.0,0.0,0.0,0.4,0.0,0.3,0.7000000000000001,1.1,-169.60000000000002,0.0,0.0,169.70000000000002,0.0,21.4,29.4,29.4,30.0,300.0,300.0,31.4,35.4,29.200000000000003,28.5,30.4,4.96,1.99,4.96,0.16,0.0,0.0,1027.0,8228.0,0.0,0.0,0.0,0.0,0.0,1.0,0.0,0.0,0.0,0.0,0.0,1.6,0.0,-0.8,0.0,0.0,16.0,25903.0
2026-07-30T19:00:56.067Z,225.55,225.564,0.0,7.4,0.0,0.0,0.0,0.0,0.0,0.0,0.0,0.0,1.0,0.0,0.0,0.0,9.0,4.0,0.0,0.0,0.0,0.0,0.0,0.0,0.0,0.0,2.0,12.0,1.0,12.17,5.0200000000000005,2.5,1.49,0.0,0.0,0.0,0.4,0.0,-0.7000000000000001,-1.6,0.5,-169.60000000000002,0.0,0.0,169.60000000000002,0.0,21.4,29.4,29.4,30.0,300.0,300.0,31.4,35.4,29.200000000000003,28.5,30.4,4.95,1.99,4.97,0.16,0.0,0.0,1027.0,8228.0,0.0,0.0,0.0,0.0,0.0,1.0,0.0,0.0,0.0,0.0,0.0,-1.4,0.0,-0.7000000000000001,0.0,0.0,16.0,25903.0
2026-07-30T19:00:56.079Z,225.562,225.576,0.0,7.4,0.0,0.0,0.0,0.0,0.0,0.0,0.0,0.0,1.0,0.0,0.0,0.0,9.0,4.0,0.0,0.0,0.0,0.0,0.0,0.0,0.0,0.0,4.0,12.0,1.0,12.17,5.0200000000000005,2.5,1.49,0.0,0.0,0.0,0.4,0.0,-0.1,-0.4,-0.6000000000000001,-169.60000000000002,0.0,0.0,169.70000000000002,0.0,21.4,29.4,29.4,30.0,300.0,300.0,31.4,35.4,29.200000000000003,28.5,30.4,4.95,1.99,4.97,0.16,0.0,0.0,1027.0,8228.0,0.0,0.0,0.0,0.0,0.0,1.0,0.0,0.0,0.0,0.0,0.0,-1.0,0.0,0.4,0.0,0.0,16.0,25903.0
2026-07-30T19:00:56.091Z,225.574,225.588,0.0,7.4,0.0,0.0,0.0,0.0,0.0,0.0,0.0,0.0,1.0,0.0,0.0,0.0,9.0,4.0,0.0,0.0,0.0,0.0,0.0,0.0,0.0,0.0,5.0,12.0,1.0,12.17,5.0200000000000005,2.5,1.49,0.0,0.0,0.0,0.5,0.0,-0.1,-0.4,0.0,-169.60000000000002,0.0,0.0,169.60000000000002,0.0,21.4,29.4,29.4,30.0,300.0,300.0,31.4,35.4,29.200000000000003,28.5,30.4,4.95,1.99,4.96,0.16,0.0,0.0,1027.0,8228.0,0.0,0.0,0.0,0.0,0.0,1.0,0.0,0.0,0.0,0.0,0.0,-0.5,0.0,0.0,0.0,0.0001,16.0,25903.0
2026-07-30T19:00:56.103Z,225.586,225.6,0.0,7.4,0.0,0.0,0.0,0.0,0.0,0.0,0.0,0.0,1.0,0.0,0.0,0.0,9.0,4.0,0.0,0.0,0.0,0.0,0.0,0.0,0.0,0.0,6.0,12.0,1.0,12.17,5.0200000000000005,2.5,1.49,0.0,0.1,0.0,0.4,0.0,0.3,1.8,0.0,-169.60000000000002,0.0,0.0,169.70000000000002,0.0,21.4,29.4,29.4,30.0,300.0,300.0,31.4,35.4,29.200000000000003,28.5,30.4,4.96,1.99,4.96,0.16,0.0,0.0,1027.0,8228.0,0.0,0.0,0.0,0.0,0.0,1.0,0.0,0.0,0.0,0.0,0.0,2.0,0.0,0.3,0.0,0.0,16.0,25903.0
2026-07-30T19:00:56.115Z,225.598,225.612,0.0,7.4,0.0,0.0,0.0,0.0,0.0,0.0,0.0,0.0,1.0,0.0,0.0,0.0,9.0,4.0,0.0,0.0,0.0,0.0,0.0,0.0,0.0,0.0,1.0,12.0,1.0,12.17,5.0200000000000005,2.5,1.49,0.0,0.0,0.0,0.4,0.0,-0.1,0.0,-0.6000000000000001,-169.60000000000002,0.0,0.0,169.60000000000002,0.0,21.4,29.4,29.4,30.0,300.0,300.0,31.4,35.4,29.200000000000003,28.5,30.4,4.95,1.99,4.96,0.16,0.0,0.0,1027.0,8228.0,0.0,0.0,0.0,0.0,0.0,1.0,0.0,0.0,0.0,0.0,0.0,-0.4,0.0,0.5,0.0,0.0001,16.0,25903.0
2026-07-30T19:00:56.127Z,225.61,225.624,0.0,7.4,0.0,0.0,0.0,0.0,0.0,0.0,0.0,0.0,1.0,0.0,0.0,0.0,9.0,4.0,0.0,0.0,0.0,0.0,0.0,0.0,0.0,0.0,2.0,12.0,1.0,12.17,5.01,2.5,1.5,0.0,0.0,0.0,0.5,0.0,0.3,-0.5,-0.6000000000000001,-169.60000000000002,0.0,0.0,169.70000000000002,0.0,21.4,29.4,29.4,30.0,300.0,300.0,31.5,35.4,29.200000000000003,28.5,30.4,4.96,1.99,4.96,0.16,0.0,0.0,1027.0,8228.0,0.0,0.0,0.0,0.0,0.0,1.0,0.0,0.0,0.0,0.0,0.0,-1.0,0.0,0.4,0.0,0.0,16.0,25903.0
2026-07-30T19:00:56.142Z,225.625,225.636,0.0,7.4,0.0,0.0,0.0,0.0,0.0,0.0,0.0,0.0,1.0,0.0,0.0,0.0,9.0,4.0,0.0,0.0,0.0,0.0,0.0,0.0,0.0,0.0,2.0,12.0,1.0,12.17,5.01,2.5,1.5,0.0,0.1,0.0,0.5,0.0,0.9,0.0,0.4,-169.60000000000002,0.0,0.0,169.70000000000002,0.0,21.4,29.4,29.4,30.0,300.0,300.0,31.5,35.4,29.200000000000003,28.5,30.4,4.96,2.0,4.97,0.16,0.0,0.0,1027.0,8228.0,0.0,0.0,0.0,0.0,0.0,1.0,0.0,0.0,0.0,0.0,0.0,0.3,0.0,-0.3,0.0,0.0001,16.0,25903.0
2026-07-30T19:00:56.151Z,225.634,225.648,0.0,7.4,0.0,0.0,0.0,0.0,0.0,0.0,0.0,0.0,1.0,0.0,0.0,0.0,9.0,4.0,0.0,0.0,0.0,0.0,0.0,0.0,0.0,0.0,6.0,12.0,1.0,12.17,5.01,2.5,1.5,0.0,0.0,0.0,0.5,0.0,-1.3,0.6000000000000001,-1.2000000000000002,-169.60000000000002,0.0,0.0,169.70000000000002,0.0,21.4,29.4,29.4,30.0,300.0,300.0,31.5,35.4,29.200000000000003,28.5,30.4,4.95,1.99,4.97,0.16,0.0,0.0,1027.0,8228.0,0.0,0.0,0.0,0.0,0.0,1.0,0.0,0.0,0.0,0.0,0.0,-0.2,0.0,1.2000000000000002,0.0,0.0001,16.0,25903.0
2026-07-30T19:00:56.163Z,225.646,225.66,0.0,7.4,0.0,0.0,0.0,0.0,0.0,0.0,0.0,0.0,1.0,0.0,0.0,0.0,9.0,4.0,0.0,0.0,0.0,0.0,0.0,0.0,0.0,0.0,2.0,12.0,1.0,12.17,5.01,2.5,1.5,0.0,0.0,0.0,0.4,0.0,-0.2,0.5,0.5,-169.60000000000002,0.0,0.0,169.8,0.0,21.4,29.4,29.4,30.0,300.0,300.0,31.5,35.4,29.200000000000003,28.5,30.4,4.95,1.99,4.96,0.16,0.0,0.0,1027.0,8228.0,0.0,0.0,0.0,0.0,0.0,1.0,0.0,0.0,0.0,0.0,0.0,1.0,0.0,-0.3,0.0,0.0,16.0,25903.0
2026-07-30T19:00:56.175Z,225.658,225.672,0.0,7.4,0.0,0.0,0.0,0.0,0.0,0.0,0.0,0.0,1.0,0.0,0.0,0.0,9.0,4.0,0.0,0.0,0.0,0.0,0.0,0.0,0.0,0.0,3.0,12.0,1.0,12.17,5.01,2.5,1.5,0.0,0.0,0.0,0.4,0.0,0.3,-0.5,0.0,-169.60000000000002,0.0,0.0,169.70000000000002,0.0,21.4,29.4,29.4,30.0,300.0,300.0,31.5,35.4,29.200000000000003,28.5,30.4,4.96,1.99,4.96,0.16,0.0,0.0,1027.0,8228.0,0.0,0.0,0.0,0.0,0.0,1.0,0.0,0.0,0.0,0.0,0.0,0.0,0.0,0.0,0.0,0.0002,16.0,25903.0
2026-07-30T19:00:56.186Z,225.669,225.684,0.0,7.4,0.0,0.0,0.0,0.0,0.0,0.0,0.0,0.0,1.0,0.0,0.0,0.0,9.0,4.0,0.0,0.0,0.0,0.0,0.0,0.0,0.0,0.0,4.0,12.0,1.0,12.17,5.01,2.5,1.5,0.0,0.0,0.0,0.5,0.0,-0.2,-0.6000000000000001,0.0,-169.60000000000002,0.0,0.0,169.8,0.0,21.4,29.4,29.4,30.0,300.0,300.0,31.5,35.4,29.200000000000003,28.5,30.4,4.96,1.99,4.96,0.16,0.0,0.0,1027.0,8228.0,0.0,0.0,0.0,0.0,0.0,1.0,0.0,0.0,0.0,0.0,0.0,-0.5,0.0,0.5,0.0,0.0,16.0,25903.0
2026-07-30T19:00:56.199Z,225.682,225.696,0.0,7.4,0.0,0.0,0.0,0.0,0.0,0.0,0.0,0.0,1.0,0.0,0.0,0.0,9.0,4.0,0.0,0.0,0.0,0.0,0.0,0.0,0.0,0.0,5.0,12.0,1.0,12.17,5.01,2.5,1.5,0.0,0.0,0.0,0.4,0.0,0.3,-0.5,-1.2000000000000002,-169.60000000000002,0.0,0.0,169.70000000000002,0.0,21.4,29.4,29.4,30.0,300.0,300.0,31.5,35.4,29.200000000000003,28.5,30.4,4.95,2.0,4.96,0.16,0.0,0.0,1027.0,8228.0,0.0,0.0,0.0,0.0,0.0,1.0,0.0,0.0,0.0,0.0,0.0,-0.2,0.0,-0.5,0.0,0.0001,16.0,25903.0
2026-07-30T19:00:56.211Z,225.694,225.708,0.0,7.4,0.0,0.0,0.0,0.0,0.0,0.0,0.0,0.0,1.0,0.0,0.0,0.0,9.0,4.0,0.0,0.0,0.0,0.0,0.0,0.0,0.0,0.0,6.0,12.0,1.0,12.17,5.01,2.5,1.5,0.0,0.0,0.0,0.4,0.0,0.3,-1.1,-0.6000000000000001,-169.70000000000002,0.0,0.0,169.70000000000002,0.0,21.4,29.4,29.4,30.0,300.0,300.0,31.5,35.4,29.200000000000003,28.5,30.4,4.95,2.0,4.96,0.16,0.0,0.0,1027.0,8228.0,0.0,0.0,0.0,0.0,0.0,1.0,0.0,0.0,0.0,0.0,0.0,-1.1,0.0,0.4,0.0,0.0,16.0,25903.0
2026-07-30T19:00:56.225Z,225.708,225.72,0.0,7.4,0.0,0.0,0.0,0.0,0.0,0.0,0.0,0.0,1.0,0.0,0.0,0.0,9.0,4.0,0.0,0.0,0.0,0.0,0.0,0.0,0.0,0.0,1.0,12.0,1.0,12.14,5.0200000000000005,2.51,1.49,0.0,0.0,0.0,0.4,0.0,0.3,-1.1,-0.6000000000000001,-169.70000000000002,0.0,0.0,169.8,0.0,21.700000000000003,29.4,29.4,30.0,300.0,300.0,31.5,35.4,29.200000000000003,28.5,30.4,4.95,1.99,4.97,0.16,0.0,0.0,1027.0,8228.0,0.0,0.0,0.0,0.0,0.0,1.0,0.0,0.0,0.0,0.0,0.0,-1.8,0.0,0.3,0.0,0.0001,16.0,25903.0
2026-07-30T19:00:56.235Z,225.718,225.732,0.0,7.4,0.0,0.0,0.0,0.0,0.0,0.0,0.0,0.0,1.0,0.0,0.0,0.0,9.0,4.0,0.0,0.0,0.0,0.0,0.0,0.0,0.0,0.0,2.0,12.0,1.0,12.14,5.0200000000000005,2.51,1.49,0.0,0.0,0.0,0.4,0.0,-0.1,0.0,0.5,-169.70000000000002,0.0,0.0,169.8,0.0,21.700000000000003,29.4,29.4,30.0,300.0,300.0,31.5,35.4,29.200000000000003,28.5,30.4,4.95,1.99,4.96,0.16,0.0,0.0,1027.0,8228.0,0.0,0.0,0.0,0.0,0.0,1.0,0.0,0.0,0.0,0.0,0.0,0.4,0.0,-0.4,0.0,0.0,16.0,25903.0
2026-07-30T19:00:56.247Z,225.73,225.744,0.0,7.4,0.0,0.0,0.0,0.0,0.0,0.0,0.0,0.0,1.0,0.0,0.0,0.0,9.0,4.0,0.0,0.0,0.0,0.0,0.0,0.0,0.0,0.0,3.0,12.0,1.0,12.14,5.0200000000000005,2.51,1.49,0.0,0.0,0.0,0.4,0.0,-0.1,0.0,0.0,-169.70000000000002,0.0,0.0,169.8,0.0,21.700000000000003,29.4,29.4,30.0,300.0,300.0,31.5,35.4,29.200000000000003,28.5,30.4,4.95,1.99,4.96,0.16,0.0,0.0,1027.0,8228.0,0.0,0.0,0.0,0.0,0.0,1.0,0.0,0.0,0.0,0.0,0.0,0.0,0.0,0.0,0.0,0.0001,16.0,25903.0
2026-07-30T19:00:56.259Z,225.742,225.756,0.0,7.4,0.0,0.0,0.0,0.0,0.0,0.0,0.0,0.0,1.0,0.0,0.0,0.0,9.0,4.0,0.0,0.0,0.0,0.0,0.0,0.0,0.0,0.0,4.0,12.0,1.0,12.14,5.0200000000000005,2.51,1.49,0.0,0.0,0.0,0.4,0.0,0.4,-0.5,0.0,-169.70000000000002,0.0,0.0,169.70000000000002,0.0,21.700000000000003,29.4,29.4,30.0,300.0,300.0,31.5,35.4,29.200000000000003,28.5,30.4,4.96,1.99,4.96,0.16,0.0,0.0,1027.0,8228.0,0.0,0.0,0.0,0.0,0.0,1.0,0.0,0.0,0.0,0.0,0.0,-0.6000000000000001,0.0,-0.1,0.0,0.0,16.0,25903.0
2026-07-30T19:00:56.271Z,225.754,225.768,0.0,7.4,0.0,0.0,0.0,0.0,0.0,0.0,0.0,0.0,1.0,0.0,0.0,0.0,9.0,4.0,0.0,0.0,0.0,0.0,0.0,0.0,0.0,0.0,5.0,12.0,1.0,12.14,5.0200000000000005,2.51,1.49,0.0,0.0,0.0,0.4,0.0,-0.1,0.6000000000000001,0.5,-169.70000000000002,0.0,0.0,169.70000000000002,0.0,21.700000000000003,29.4,29.4,30.0,300.0,300.0,31.5,35.4,29.200000000000003,28.5,30.4,4.95,1.99,4.97,0.16,0.0,0.0,1027.0,8228.0,0.0,0.0,0.0,0.0,0.0,1.0,0.0,0.0,0.0,0.0,0.0,1.1,0.0,-0.3,0.0,0.0,16.0,25903.0
2026-07-30T19:00:56.283Z,225.766,225.78,0.0,7.4,0.0,0.0,0.0,0.0,0.0,0.0,0.0,0.0,1.0,0.0,0.0,0.0,9.0,4.0,0.0,0.0,0.0,0.0,0.0,0.0,0.0,0.0,1.0,12.0,1.0,12.14,5.0200000000000005,2.51,1.49,0.0,0.0,0.0,0.4,0.0,0.4,0.0,1.1,-169.70000000000002,0.0,0.0,169.70000000000002,0.0,21.700000000000003,29.4,29.4,30.0,300.0,300.0,31.5,35.4,29.200000000000003,28.5,30.4,4.95,2.0,4.96,0.16,0.0,0.0,1027.0,8228.0,0.0,0.0,0.0,0.0,0.0,1.0,0.0,0.0,0.0,0.0,0.0,0.9,0.0,-0.9,0.0,0.0001,16.0,25903.0
2026-07-30T19:00:56.295Z,225.778,225.792,0.0,7.4,0.0,0.0,0.0,0.0,0.0,0.0,0.0,0.0,1.0,0.0,0.0,0.0,9.0,4.0,0.0,0.0,0.0,0.0,0.0,0.0,0.0,0.0,2.0,12.0,1.0,12.14,5.0200000000000005,2.51,1.49,0.0,0.0,0.0,0.4,0.0,-0.7000000000000001,-0.4,0.0,-169.70000000000002,0.0,0.0,169.70000000000002,0.0,21.700000000000003,29.4,29.4,30.0,300.0,300.0,31.5,35.4,29.200000000000003,28.5,30.4,4.96,2.0,4.96,0.16,0.0,0.0,1027.0,8228.0,0.0,0.0,0.0,0.0,0.0,1.0,0.0,0.0,0.0,0.0,0.0,-0.5,0.0,0.0,0.0,0.0,16.0,25903.0
2026-07-30T19:00:56.307Z,225.79,225.804,0.0,7.4,0.0,0.0,0.0,0.0,0.0,0.0,0.0,0.0,1.0,0.0,0.0,0.0,9.0,4.0,0.0,0.0,0.0,0.0,0.0,0.0,0.0,0.0,3.0,12.0,1.0,12.14,5.0200000000000005,2.51,1.49,0.0,0.1,0.0,0.4,0.0,-0.1,0.1,-0.5,-169.70000000000002,0.0,0.0,169.60000000000002,0.0,21.700000000000003,29.4,29.4,30.0,300.0,300.0,31.5,35.4,29.200000000000003,28.5,30.4,4.95,2.0,4.97,0.16,0.0,0.0,1027.0,8228.0,0.0,0.0,0.0,0.0,0.0,1.0,0.0,0.0,0.0,0.0,0.0,-0.3,0.0,0.5,0.0,0.0001,16.0,25903.0
2026-07-30T19:00:56.319Z,225.802,225.816,0.0,7.4,0.0,0.0,0.0,0.0,0.0,0.0,0.0,0.0,1.0,0.0,0.0,0.0,9.0,4.0,0.0,0.0,0.0,0.0,0.0,0.0,0.0,0.0,4.0,12.0,1.0,12.14,5.0200000000000005,2.51,1.49,0.0,0.0,0.0,0.4,0.0,0.4,-0.4,1.1,-169.70000000000002,0.0,0.0,169.70000000000002,0.0,21.700000000000003,29.4,29.4,30.0,300.0,300.0,31.5,35.4,29.200000000000003,28.5,30.4,4.95,1.99,4.97,0.16,0.0,0.0,1027.0,8228.0,0.0,0.0,0.0,0.0,0.0,1.0,0.0,0.0,0.0,0.0,0.0,0.3,0.0,-1.0,0.0,0.0001,16.0,25903.0
2026-07-30T19:00:56.331Z,225.814,225.828,0.0,7.4,0.0,0.0,0.0,0.0,0.0,0.0,0.0,0.0,1.0,0.0,0.0,0.0,9.0,4.0,0.0,0.0,0.0,0.0,0.0,0.0,0.0,0.0,5.0,12.0,1.0,12.17,5.0200000000000005,2.5,1.49,0.0,0.0,0.0,0.4,0.0,0.4,1.3,-1.2000000000000002,-169.70000000000002,0.0,0.0,169.70000000000002,0.0,21.3,29.4,29.4,30.0,300.0,300.0,31.4,35.4,29.3,28.5,30.4,4.95,1.99,4.96,0.16,0.0,0.0,1027.0,8228.0,0.0,0.0,0.0,0.0,0.0,1.0,0.0,0.0,0.0,0.0,0.0,0.5,0.0,1.3,0.0,0.0001,16.0,25903.0
2026-07-30T19:00:56.343Z,225.826,225.84,0.0,7.4,0.0,0.0,0.0,0.0,0.0,0.0,0.0,0.0,1.0,0.0,0.0,0.0,9.0,4.0,0.0,0.0,0.0,0.0,0.0,0.0,0.0,0.0,6.0,12.0,1.0,12.17,5.0200000000000005,2.5,1.49,0.0,0.0,0.0,0.4,0.0,-0.1,0.1,1.1,-169.70000000000002,0.0,0.0,169.70000000000002,0.0,21.3,29.4,29.4,30.0,300.0,300.0,31.4,35.4,29.3,28.5,30.4,4.96,1.99,4.96,0.16,0.0,0.0,1027.0,8228.0,0.0,0.0,0.0,0.0,0.0,1.0,0.0,0.0,0.0,0.0,0.0,0.9,0.0,-0.9,0.0,0.0001,16.0,25903.0
2026-07-30T19:00:56.355Z,225.838,225.852,0.0,7.4,0.0,0.0,0.0,0.0,0.0,0.0,0.0,0.0,1.0,0.0,0.0,0.0,9.0,4.0,0.0,0.0,0.0,0.0,0.0,0.0,0.0,0.0,1.0,12.0,1.0,12.17,5.0200000000000005,2.5,1.49,0.0,0.0,0.0,0.4,0.0,-0.1,0.1,1.0,-169.70000000000002,0.0,0.0,169.70000000000002,0.0,21.3,29.4,29.4,30.0,300.0,300.0,31.4,35.4,29.3,28.5,30.4,4.95,1.99,4.96,0.16,0.0,0.0,1027.0,8228.0,0.0,0.0,0.0,0.0,0.0,1.0,0.0,0.0,0.0,0.0,0.0,0.9,0.0,-0.9,0.0,0.0,16.0,25903.0
2026-07-30T19:00:56.367Z,225.85,225.864,0.0,7.4,0.0,0.0,0.0,0.0,0.0,0.0,0.0,0.0,1.0,0.0,0.0,0.0,9.0,4.0,0.0,0.0,0.0,0.0,0.0,0.0,0.0,0.0,2.0,12.0,1.0,12.17,5.0200000000000005,2.5,1.49,0.0,0.0,0.0,0.4,0.0,0.4,-0.4,0.4,-169.70000000000002,0.0,0.0,169.70000000000002,0.0,21.3,29.4,29.4,30.0,300.0,300.0,31.4,35.4,29.3,28.5,30.4,4.95,1.99,4.96,0.16,0.0,0.0,1027.0,8228.0,0.0,0.0,0.0,0.0,0.0,1.0,0.0,0.0,0.0,0.0,0.0,-0.2,0.0,-0.4,0.0,0.0001,16.0,25903.0
2026-07-30T19:00:56.379Z,225.862,225.876,0.0,7.4,0.0,0.0,0.0,0.0,0.0,0.0,0.0,0.0,1.0,0.0,0.0,0.0,9.0,4.0,0.0,0.0,0.0,0.0,0.0,0.0,0.0,0.0,3.0,12.0,1.0,12.17,5.0200000000000005,2.5,1.49,0.0,0.0,0.0,0.4,0.0,0.9,1.8,2.2,-169.70000000000002,0.0,0.0,169.70000000000002,0.0,21.3,29.4,29.4,30.0,300.0,300.0,31.4,35.4,29.3,28.5,30.4,4.95,2.0,4.96,0.16,0.0,0.0,1027.0,8228.0,0.0,0.0,0.0,0.0,0.0,1.0,0.0,0.0,0.0,0.0,0.0,3.7,0.0,-1.5,0.0,0.0001,16.0,25903.0
2026-07-30T19:00:56.391Z,225.874,225.888,0.0,7.4,0.0,0.0,0.0,0.0,0.0,0.0,0.0,0.0,1.0,0.0,0.0,0.0,9.0,4.0,0.0,0.0,0.0,0.0,0.0,0.0,0.0,0.0,4.0,12.0,1.0,12.17,5.0200000000000005,2.5,1.49,0.0,0.1,0.0,0.4,0.0,0.9,0.0,-0.7000000000000001,-169.70000000000002,0.0,0.0,169.60000000000002,0.0,21.3,29.4,29.4,30.0,300.0,300.0,31.4,35.4,29.3,28.5,30.4,4.95,1.99,4.96,0.16,0.0,0.0,1027.0,8228.0,0.0,0.0,0.0,0.0,0.0,1.0,0.0,0.0,0.0,0.0,0.0,-0.5,0.0,0.6000000000000001,0.0,0.0001,16.0,25903.0
2026-07-30T19:00:56.403Z,225.886,225.9,0.0,7.4,0.0,0.0,0.0,0.0,0.0,0.0,0.0,0.0,1.0,0.0,0.0,0.0,9.0,4.0,0.0,0.0,0.0,0.0,0.0,0.0,0.0,0.0,5.0,12.0,1.0,12.17,5.0200000000000005,2.5,1.49,0.0,0.1,0.0,0.4,0.0,0.9,0.6000000000000001,1.0,-169.70000000000002,0.0,0.0,169.60000000000002,0.0,21.3,29.4,29.4,30.0,300.0,300.0,31.4,35.4,29.3,28.5,30.4,4.95,1.99,4.97,0.16,0.0,0.0,1027.0,8228.0,0.0,0.0,0.0,0.0,0.0,1.0,0.0,0.0,0.0,0.0,0.0,1.4,0.0,-0.7000000000000001,0.0,0.0001,16.0,25903.0
2026-07-30T19:00:56.415Z,225.898,225.912,0.0,7.4,0.0,0.0,0.0,0.0,0.0,0.0,0.0,0.0,1.0,0.0,0.0,0.0,9.0,4.0,0.0,0.0,0.0,0.0,0.0,0.0,0.0,0.0,6.0,12.0,1.0,12.17,5.0200000000000005,2.5,1.49,0.0,0.0,0.0,0.4,0.0,-0.1,0.6000000000000001,0.4,-169.60000000000002,0.0,0.0,169.60000000000002,0.0,21.3,29.4,29.4,30.0,300.0,300.0,31.4,35.4,29.3,28.5,30.4,4.96,2.0,4.96,0.16,0.0,0.0,1027.0,8228.0,0.0,0.0,0.0,0.0,0.0,1.0,0.0,0.0,0.0,0.0,0.0,0.9,0.0,-0.2,0.0,0.0001,16.0,25903.0
2026-07-30T19:00:56.428Z,225.911,225.924,0.0,7.4,0.0,0.0,0.0,0.0,0.0,0.0,0.0,0.0,1.0,0.0,0.0,0.0,9.0,4.0,0.0,0.0,0.0,0.0,0.0,0.0,0.0,0.0,2.0,12.0,1.0,12.17,5.0200000000000005,2.51,1.49,0.0,0.1,0.0,0.4,0.0,-0.7000000000000001,-1.1,-1.3,-169.60000000000002,0.0,0.0,169.70000000000002,0.0,21.4,29.4,29.4,30.0,300.0,300.0,31.5,35.300000000000004,29.200000000000003,28.5,30.4,4.96,1.99,4.97,0.16,0.0,0.0,1027.0,8228.0,0.0,0.0,0.0,0.0,0.0,1.0,0.0,0.0,0.0,0.0,0.0,-2.3000000000000003,0.0,0.9,0.0,0.0,16.0,25903.0
2026-07-30T19:00:56.439Z,225.922,225.936,0.0,7.4,0.0,0.0,0.0,0.0,0.0,0.0,0.0,0.0,1.0,0.0,0.0,0.0,9.0,4.0,0.0,0.0,0.0,0.0,0.0,0.0,0.0,0.0,2.0,12.0,1.0,12.17,5.0200000000000005,2.51,1.49,0.0,0.0,0.0,0.4,0.0,-0.1,0.0,0.4,-169.60000000000002,0.0,0.0,169.70000000000002,0.0,21.4,29.4,29.4,30.0,300.0,300.0,31.5,35.300000000000004,29.200000000000003,28.5,30.4,4.96,1.99,4.97,0.16,0.0,0.0,1027.0,8228.0,0.0,0.0,0.0,0.0,0.0,1.0,0.0,0.0,0.0,0.0,0.0,0.3,0.0,-0.3,0.0,0.0,16.0,25903.0
2026-07-30T19:00:56.457Z,225.94,225.948,0.0,7.4,0.0,0.0,0.0,0.0,0.0,0.0,0.0,0.0,1.0,0.0,0.0,0.0,9.0,4.0,0.0,0.0,0.0,0.0,0.0,0.0,0.0,0.0,4.0,12.0,1.0,12.17,5.0200000000000005,2.51,1.49,0.0,0.0,0.0,0.4,0.0,0.4,0.0,-1.3,-169.60000000000002,0.0,0.0,169.70000000000002,0.0,21.4,29.4,29.4,30.0,300.0,300.0,31.5,35.300000000000004,29.200000000000003,28.5,30.4,4.96,1.99,4.96,0.16,0.0,0.0,1027.0,8228.0,0.0,0.0,0.0,0.0,0.0,1.0,0.0,0.0,0.0,0.0,0.0,-1.0,0.0,1.1,0.0,0.0,16.0,25903.0
2026-07-30T19:00:56.463Z,225.946,225.96,0.0,7.4,0.0,0.0,0.0,0.0,0.0,0.0,0.0,0.0,1.0,0.0,0.0,0.0,9.0,4.0,0.0,0.0,0.0,0.0,0.0,0.0,0.0,0.0,3.0,12.0,1.0,12.17,5.0200000000000005,2.51,1.49,0.0,0.0,0.0,0.4,0.0,-0.1,0.0,-1.3,-169.60000000000002,0.0,0.0,169.70000000000002,0.0,21.4,29.4,29.4,30.0,300.0,300.0,31.5,35.300000000000004,29.200000000000003,28.5,30.4,4.95,1.99,4.96,0.16,0.0,0.0,1027.0,8228.0,0.0,0.0,0.0,0.0,0.0,1.0,0.0,0.0,0.0,0.0,0.0,-1.0,0.0,1.1,0.0,0.0001,16.0,25903.0
2026-07-30T19:00:56.475Z,225.958,225.972,0.0,7.4,0.0,0.0,0.0,0.0,0.0,0.0,0.0,0.0,1.0,0.0,0.0,0.0,9.0,4.0,0.0,0.0,0.0,0.0,0.0,0.0,0.0,0.0,4.0,12.0,1.0,12.17,5.0200000000000005,2.51,1.49,0.0,0.0,0.0,0.4,0.0,0.4,1.1,1.0,-169.60000000000002,0.0,0.0,169.60000000000002,0.0,21.4,29.4,29.4,30.0,300.0,300.0,31.5,35.300000000000004,29.200000000000003,28.5,30.4,4.95,1.99,4.97,0.16,0.0,0.0,1027.0,8228.0,0.0,0.0,0.0,0.0,0.0,1.0,0.0,0.0,0.0,0.0,0.0,2.0,0.0,-0.6000000000000001,0.0,0.0,16.0,25903.0
2026-07-30T19:00:56.487Z,225.97,225.984,0.0,7.4,0.0,0.0,0.0,0.0,0.0,0.0,0.0,0.0,1.0,0.0,0.0,0.0,9.0,4.0,0.0,0.0,0.0,0.0,0.0,0.0,0.0,0.0,6.0,12.0,1.0,12.17,5.0200000000000005,2.51,1.49,0.0,0.0,0.0,0.4,0.0,1.0,0.0,-0.1,-169.60000000000002,0.0,0.0,169.70000000000002,0.0,21.4,29.4,29.4,30.0,300.0,300.0,31.5,35.300000000000004,29.200000000000003,28.5,30.4,4.95,2.0,4.97,0.16,0.0,0.0,1027.0,8228.0,0.0,0.0,0.0,0.0,0.0,1.0,0.0,0.0,0.0,0.0,0.0,0.0,0.0,0.1,0.0,0.0,16.0,25903.0
2026-07-30T19:00:56.499Z,225.982,225.996,0.0,7.4,0.0,0.0,0.0,0.0,0.0,0.0,0.0,0.0,1.0,0.0,0.0,0.0,9.0,4.0,0.0,0.0,0.0,0.0,0.0,0.0,0.0,0.0,1.0,12.0,1.0,12.17,5.0200000000000005,2.51,1.49,0.0,0.1,0.0,0.4,0.0,0.9,1.7000000000000002,2.7,-169.60000000000002,0.0,0.0,169.70000000000002,0.0,21.4,29.4,29.4,30.0,300.0,300.0,31.5,35.300000000000004,29.200000000000003,28.5,30.4,4.96,2.0,4.96,0.16,0.0,0.0,1027.0,8228.0,0.0,0.0,0.0,0.0,0.0,1.0,0.0,0.0,0.0,0.0,0.0,4.0,0.0,-2.0,0.0,0.0,16.0,25903.0
2026-07-30T19:00:56.511Z,225.994,226.008,0.0,7.4,0.0,0.0,0.0,0.0,0.0,0.0,0.0,0.0,1.0,0.0,0.0,0.0,9.0,4.0,0.0,0.0,0.0,0.0,0.0,0.0,0.0,0.0,3.0,12.0,1.0,12.17,5.0200000000000005,2.51,1.49,0.0,0.0,0.0,0.5,0.0,-0.1,-1.1,-0.7000000000000001,-169.60000000000002,0.0,0.0,169.8,0.0,21.4,29.4,29.4,30.0,300.0,300.0,31.5,35.300000000000004,29.200000000000003,28.5,30.4,4.95,1.99,4.97,0.16,0.0,0.0,1027.0,8228.0,0.0,0.0,0.0,0.0,0.0,1.0,0.0,0.0,0.0,0.0,0.0,-1.8,0.0,0.4,0.0,0.0001,16.0,25903.0
2026-07-30T19:00:56.524Z,226.007,226.02,0.0,7.4,0.0,0.0,0.0,0.0,0.0,0.0,0.0,0.0,1.0,0.0,0.0,0.0,9.0,4.0,0.0,0.0,0.0,0.0,0.0,0.0,0.0,0.0,4.0,12.0,1.0,12.17,5.0200000000000005,2.51,1.49,0.0,0.0,0.0,0.4,0.0,0.3,0.6000000000000001,-0.2,-169.60000000000002,0.0,0.0,169.8,0.0,21.4,29.4,29.4,30.0,300.0,300.0,31.5,35.300000000000004,29.200000000000003,28.5,30.4,4.95,1.99,4.97,0.16,0.0,0.0,1027.0,8228.0,0.0,0.0,0.0,0.0,0.0,1.0,0.0,0.0,0.0,0.0,0.0,0.5,0.0,0.3,0.0,0.0001,16.0,25903.0
2026-07-30T19:00:56.535Z,226.018,226.032,0.0,7.4,0.0,0.0,0.0,0.0,0.0,0.0,0.0,0.0,1.0,0.0,0.0,0.0,9.0,4.0,0.0,0.0,0.0,0.0,0.0,0.0,0.0,0.0,5.0,12.0,1.0,12.18,5.01,2.5,1.49,0.0,0.0,0.0,0.4,0.0,0.3,0.6000000000000001,0.9,-169.60000000000002,0.0,0.0,169.70000000000002,0.0,21.3,29.4,29.4,30.0,300.0,300.0,31.6,35.4,29.200000000000003,28.5,30.4,4.95,2.0,4.97,0.16,0.0,0.0,1027.0,8228.0,0.0,0.0,0.0,0.0,0.0,1.0,0.0,0.0,0.0,0.0,0.0,1.4,0.0,-0.7000000000000001,0.0,0.0001,16.0,25903.0
2026-07-30T19:00:56.547Z,226.03,226.044,0.0,7.4,0.0,0.0,0.0,0.0,0.0,0.0,0.0,0.0,1.0,0.0,0.0,0.0,9.0,4.0,0.0,0.0,0.0,0.0,0.0,0.0,0.0,0.0,1.0,12.0,1.0,12.18,5.01,2.5,1.49,0.0,0.0,0.0,0.4,0.0,0.4,-0.5,0.9,-169.60000000000002,0.0,0.0,169.8,0.0,21.3,29.4,29.4,30.0,300.0,300.0,31.6,35.4,29.200000000000003,28.5,30.4,4.95,2.0,4.96,0.16,0.0,0.0,1027.0,8228.0,0.0,0.0,0.0,0.0,0.0,1.0,0.0,0.0,0.0,0.0,0.0,0.1,0.0,-0.9,0.0,0.0001,16.0,25903.0
2026-07-30T19:00:56.559Z,226.042,226.056,0.0,7.4,0.0,0.0,0.0,0.0,0.0,0.0,0.0,0.0,1.0,0.0,0.0,0.0,9.0,4.0,0.0,0.0,0.0,0.0,0.0,0.0,0.0,0.0,2.0,12.0,1.0,12.18,5.01,2.5,1.49,0.0,0.0,0.0,0.4,0.0,-0.1,0.6000000000000001,1.0,-169.70000000000002,0.0,0.0,169.60000000000002,0.0,21.3,29.4,29.4,30.0,300.0,300.0,31.6,35.4,29.200000000000003,28.5,30.4,4.96,2.0,4.97,0.16,0.0,0.0,1027.0,8228.0,0.0,0.0,0.0,0.0,0.0,1.0,0.0,0.0,0.0,0.0,0.0,1.4,0.0,-0.7000000000000001,0.0,0.0001,16.0,25903.0
2026-07-30T19:00:56.571Z,226.054,226.068,0.0,7.4,0.0,0.0,0.0,0.0,0.0,0.0,0.0,0.0,1.0,0.0,0.0,0.0,9.0,4.0,0.0,0.0,0.0,0.0,0.0,0.0,0.0,0.0,3.0,12.0,1.0,12.18,5.01,2.5,1.49,0.0,0.1,0.0,0.4,0.0,0.4,0.6000000000000001,-1.3,-169.60000000000002,0.0,0.0,169.70000000000002,0.0,21.3,29.4,29.4,30.0,300.0,300.0,31.6,35.4,29.200000000000003,28.5,30.4,4.96,1.99,4.96,0.16,0.0,0.0,1027.0,8228.0,0.0,0.0,0.0,0.0,0.0,1.0,0.0,0.0,0.0,0.0,0.0,-0.2,0.0,1.2000000000000002,0.0,0.0002,16.0,25903.0
2026-07-30T19:00:56.583Z,226.066,226.08,0.0,7.4,0.0,0.0,0.0,0.0,0.0,0.0,0.0,0.0,1.0,0.0,0.0,0.0,9.0,4.0,0.0,0.0,0.0,0.0,0.0,0.0,0.0,0.0,4.0,12.0,1.0,12.18,5.01,2.5,1.49,0.0,0.0,0.0,0.4,0.0,-0.7000000000000001,-1.1,-0.7000000000000001,-169.60000000000002,0.0,0.0,169.70000000000002,0.0,21.3,29.4,29.4,30.0,300.0,300.0,31.6,35.4,29.200000000000003,28.5,30.4,4.96,1.99,4.96,0.16,0.0,0.0,1027.0,8228.0,0.0,0.0,0.0,0.0,0.0,1.0,0.0,0.0,0.0,0.0,0.0,-1.8,0.0,0.4,0.0,0.0001,16.0,25903.0
2026-07-30T19:00:56.595Z,226.078,226.092,0.0,7.4,0.0,0.0,0.0,0.0,0.0,0.0,0.0,0.0,1.0,0.0,0.0,0.0,9.0,4.0,0.0,0.0,0.0,0.0,0.0,0.0,0.0,0.0,5.0,12.0,1.0,12.18,5.01,2.5,1.49,0.0,0.0,0.0,0.4,0.0,0.3,0.0,1.0,-169.60000000000002,0.0,0.0,169.60000000000002,0.0,21.3,29.4,29.4,30.0,300.0,300.0,31.6,35.4,29.200000000000003,28.5,30.4,4.95,1.99,4.97,0.16,0.0,0.0,1027.0,8228.0,0.0,0.0,0.0,0.0,0.0,1.0,0.0,0.0,0.0,0.0,0.0,0.8,0.0,-0.9,0.0,0.0,16.0,25903.0
2026-07-30T19:00:56.608Z,226.091,226.104,0.0,7.4,0.0,0.0,0.0,0.0,0.0,0.0,0.0,0.0,1.0,0.0,0.0,0.0,9.0,4.0,0.0,0.0,0.0,0.0,0.0,0.0,0.0,0.0,6.0,12.0,1.0,12.18,5.01,2.5,1.49,0.0,0.0,0.0,0.4,0.0,-0.2,0.6000000000000001,1.1,-169.70000000000002,0.0,0.0,169.8,0.0,21.3,29.4,29.4,30.0,300.0,300.0,31.6,35.4,29.200000000000003,28.5,30.4,4.96,1.99,4.97,0.16,0.0,0.0,1027.0,8228.0,0.0,0.0,0.0,0.0,0.0,1.0,0.0,0.0,0.0,0.0,0.0,1.5,0.0,-0.8,0.0,0.0001,16.0,25903.0
2026-07-30T19:00:56.620Z,226.103,226.116,0.0,7.4,0.0,0.0,0.0,0.0,0.0,0.0,0.0,0.0,1.0,0.0,0.0,0.0,9.0,4.0,0.0,0.0,0.0,0.0,0.0,0.0,0.0,0.0,1.0,12.0,1.0,12.18,5.01,2.5,1.49,0.0,0.0,0.0,0.4,0.0,-0.2,0.6000000000000001,0.4,-169.70000000000002,0.0,0.0,169.8,0.0,21.3,29.4,29.4,30.0,300.0,300.0,31.6,35.4,29.200000000000003,28.5,30.4,4.96,1.99,4.96,0.16,0.0,0.0,1027.0,8228.0,0.0,0.0,0.0,0.0,0.0,1.0,0.0,0.0,0.0,0.0,0.0,1.0,0.0,-0.2,0.0,0.0002,16.0,25903.0
2026-07-30T19:00:56.632Z,226.115,226.128,0.0,7.4,0.0,0.0,0.0,0.0,0.0,0.0,0.0,0.0,1.0,0.0,0.0,0.0,9.0,4.0,0.0,0.0,0.0,0.0,0.0,0.0,0.0,0.0,2.0,12.0,1.0,12.17,5.01,2.51,1.49,0.0,0.1,0.0,0.4,0.0,-0.2,-0.5,-0.1,-169.70000000000002,0.0,0.0,169.8,0.0,21.3,29.4,29.4,30.0,300.0,300.0,31.6,35.300000000000004,29.3,28.5,30.3,4.95,1.99,4.96,0.16,0.0,0.0,1027.0,8228.0,0.0,0.0,0.0,0.0,0.0,1.0,0.0,0.0,0.0,0.0,0.0,-0.7000000000000001,0.0,0.0,0.0,0.0,16.0,25903.0
2026-07-30T19:00:56.643Z,226.126,226.14,0.0,7.4,0.0,0.0,0.0,0.0,0.0,0.0,0.0,0.0,1.0,0.0,0.0,0.0,9.0,4.0,0.0,0.0,0.0,0.0,0.0,0.0,0.0,0.0,3.0,12.0,1.0,12.17,5.01,2.51,1.49,0.0,0.1,0.0,0.4,0.0,0.3,0.0,0.4,-169.70000000000002,0.0,0.0,169.8,0.0,21.3,29.4,29.4,30.0,300.0,300.0,31.6,35.300000000000004,29.3,28.5,30.3,4.95,1.99,4.97,0.16,0.0,0.0,1027.0,8228.0,0.0,0.0,0.0,0.0,0.0,1.0,0.0,0.0,0.0,0.0,0.0,0.3,0.0,-0.3,0.0,0.0001,16.0,25903.0
2026-07-30T19:00:56.656Z,226.139,226.152,0.0,7.4,0.0,0.0,0.0,0.0,0.0,0.0,0.0,0.0,1.0,0.0,0.0,0.0,9.0,4.0,0.0,0.0,0.0,0.0,0.0,0.0,0.0,0.0,4.0,12.0,1.0,12.17,5.01,2.51,1.49,0.0,0.0,0.0,0.4,0.0,-0.8,-0.5,1.5,-169.70000000000002,0.0,0.0,169.60000000000002,0.0,21.3,29.4,29.4,30.0,300.0,300.0,31.6,35.300000000000004,29.3,28.5,30.3,4.96,1.99,4.96,0.16,0.0,0.0,1027.0,8228.0,0.0,0.0,0.0,0.0,0.0,1.0,0.0,0.0,0.0,0.0,0.0,0.5,0.0,-1.4,0.0,0.0,16.0,25903.0
2026-07-30T19:00:56.668Z,226.151,226.164,0.0,7.4,0.0,0.0,0.0,0.0,0.0,0.0,0.0,0.0,1.0,0.0,0.0,0.0,9.0,4.0,0.0,0.0,0.0,0.0,0.0,0.0,0.0,0.0,5.0,12.0,1.0,12.17,5.01,2.51,1.49,0.0,0.0,0.0,0.4,0.0,0.2,1.2000000000000002,1.6,-169.70000000000002,0.0,0.0,169.8,0.0,21.3,29.4,29.4,30.0,300.0,300.0,31.6,35.300000000000004,29.3,28.5,30.3,4.96,2.0,4.97,0.16,0.0,0.0,1027.0,8228.0,0.0,0.0,0.0,0.0,0.0,1.0,0.0,0.0,0.0,0.0,0.0,2.5,0.0,-1.1,0.0,0.0003,16.0,25903.0
2026-07-30T19:00:56.680Z,226.163,226.176,0.0,7.4,0.0,0.0,0.0,0.0,0.0,0.0,0.0,0.0,1.0,0.0,0.0,0.0,9.0,4.0,0.0,0.0,0.0,0.0,0.0,0.0,0.0,0.0,6.0,12.0,1.0,12.17,5.01,2.51,1.49,-0.1,0.0,0.0,0.5,0.0,-0.8,0.0,-0.1,-169.70000000000002,0.0,0.0,169.60000000000002,0.0,21.3,29.4,29.4,30.0,300.0,300.0,31.6,35.300000000000004,29.3,28.5,30.3,4.95,2.0,4.97,0.16,0.0,0.0,1027.0,8228.0,0.0,0.0,0.0,0.0,0.0,1.0,0.0,0.0,0.0,0.0,0.0,0.0,0.0,0.1,0.0,0.0,16.0,25903.0
2026-07-30T19:00:56.691Z,226.174,226.188,0.0,7.4,0.0,0.0,0.0,0.0,0.0,0.0,0.0,0.0,1.0,0.0,0.0,0.0,9.0,4.0,0.0,0.0,0.0,0.0,0.0,0.0,0.0,0.0,2.0,12.0,1.0,12.17,5.01,2.51,1.49,0.0,0.0,0.0,0.4,0.0,0.3,0.6000000000000001,1.0,-169.70000000000002,0.0,0.0,169.70000000000002,0.0,21.3,29.4,29.4,30.0,300.0,300.0,31.6,35.300000000000004,29.3,28.5,30.3,4.95,2.0,4.96,0.16,0.0,0.0,1027.0,8228.0,0.0,0.0,0.0,0.0,0.0,1.0,0.0,0.0,0.0,0.0,0.0,-1.7000000000000002,0.0,0.4,0.0,0.0002,16.0,25903.0
2026-07-30T19:00:56.703Z,226.186,226.2,0.0,7.4,0.0,0.0,0.0,0.0,0.0,0.0,0.0,0.0,1.0,0.0,0.0,0.0,9.0,4.0,0.0,0.0,0.0,0.0,0.0,0.0,0.0,0.0,3.0,12.0,1.0,12.17,5.01,2.51,1.49,0.0,0.0,0.0,0.4,0.0,0.3,-1.0,-0.1,-169.70000000000002,0.0,0.0,169.70000000000002,0.0,21.3,29.4,29.4,30.0,300.0,300.0,31.6,35.300000000000004,29.3,28.5,30.3,4.95,2.0,4.97,0.16,0.0,0.0,1027.0,8228.0,0.0,0.0,0.0,0.0,0.0,1.0,0.0,0.0,0.0,0.0,0.0,-0.6000000000000001,0.0,0.0,0.0,0.0001,16.0,25903.0
2026-07-30T19:00:56.715Z,226.198,226.212,0.0,7.4,0.0,0.0,0.0,0.0,0.0,0.0,0.0,0.0,1.0,0.0,0.0,0.0,9.0,4.0,0.0,0.0,0.0,0.0,0.0,0.0,0.0,0.0,4.0,12.0,1.0,12.17,5.01,2.51,1.49,0.0,0.0,0.0,0.4,0.0,-0.2,0.1,2.2,-169.70000000000002,0.0,0.0,169.70000000000002,0.0,21.3,29.4,29.4,30.0,300.0,300.0,31.6,35.300000000000004,29.3,28.5,30.3,4.95,2.0,4.97,0.16,0.0,0.0,1027.0,8228.0,0.0,0.0,0.0,0.0,0.0,1.0,0.0,0.0,0.0,0.0,0.0,-0.6000000000000001,0.0,0.0,0.0,0.0,16.0,25903.0
2026-07-30T19:00:56.727Z,226.21,226.224,0.0,7.4,0.0,0.0,0.0,0.0,0.0,0.0,0.0,0.0,1.0,0.0,0.0,0.0,9.0,4.0,0.0,0.0,0.0,0.0,0.0,0.0,0.0,0.0,5.0,12.0,1.0,12.17,5.01,2.51,1.49,0.0,0.0,0.0,0.4,0.0,-0.2,1.3,1.0,-169.70000000000002,0.0,0.0,169.70000000000002,0.0,21.3,29.4,29.4,30.0,300.0,300.0,31.6,35.300000000000004,29.3,28.5,30.3,4.95,1.99,4.97,0.16,0.0,0.0,1027.0,8228.0,0.0,0.0,0.0,0.0,0.0,1.0,0.0,0.0,0.0,0.0,0.0,0.9,0.0,-0.9,0.0,0.0,16.0,25903.0
2026-07-30T19:00:56.739Z,226.222,226.236,0.0,7.4,0.0,0.0,0.0,0.0,0.0,0.0,0.0,0.0,1.0,0.0,0.0,0.0,9.0,4.0,0.0,0.0,0.0,0.0,0.0,0.0,0.0,0.0,6.0,12.0,1.0,12.18,5.01,2.51,1.49,0.0,0.0,0.0,0.4,0.0,0.3,-0.4,1.0,-169.70000000000002,0.0,0.0,169.8,0.0,21.700000000000003,29.4,29.4,30.0,300.0,300.0,31.5,35.4,29.3,28.5,30.3,4.96,1.99,4.96,0.16,0.0,0.0,1027.0,8228.0,0.0,0.0,0.0,0.0,0.0,1.0,0.0,0.0,0.0,0.0,0.0,0.2,0.0,-1.0,0.0,0.0001,16.0,25903.0
2026-07-30T19:00:56.751Z,226.234,226.248,0.0,7.4,0.0,0.0,0.0,0.0,0.0,0.0,0.0,0.0,1.0,0.0,0.0,0.0,9.0,4.0,0.0,0.0,0.0,0.0,0.0,0.0,0.0,0.0,1.0,12.0,1.0,12.18,5.01,2.51,1.49,0.0,0.0,0.0,0.4,0.0,-0.2,-1.0,-0.1,-169.70000000000002,0.0,0.0,169.60000000000002,0.0,21.700000000000003,29.4,29.4,30.0,300.0,300.0,31.5,35.4,29.3,28.5,30.3,4.96,1.99,4.97,0.16,0.0,0.0,1027.0,8228.0,0.0,0.0,0.0,0.0,0.0,1.0,0.0,0.0,0.0,0.0,0.0,-1.2000000000000002,0.0,0.0,0.0,0.0001,16.0,25903.0
2026-07-30T19:00:56.763Z,226.246,226.26,0.0,7.4,0.0,0.0,0.0,0.0,0.0,0.0,0.0,0.0,1.0,0.0,0.0,0.0,9.0,4.0,0.0,0.0,0.0,0.0,0.0,0.0,0.0,0.0,2.0,12.0,1.0,12.18,5.01,2.51,1.49,0.0,0.1,0.0,0.4,0.0,-0.2,-0.4,-1.3,-169.70000000000002,0.0,0.0,169.70000000000002,0.0,21.700000000000003,29.4,29.4,30.0,300.0,300.0,31.5,35.4,29.3,28.5,30.3,4.96,1.99,4.96,0.16,0.0,0.0,1027.0,8228.0,0.0,0.0,0.0,0.0,0.0,1.0,0.0,0.0,0.0,0.0,0.0,-1.5,0.0,1.0,0.0,0.0001,16.0,25903.0
2026-07-30T19:00:56.778Z,226.261,226.272,0.0,7.4,0.0,0.0,0.0,0.0,0.0,0.0,0.0,0.0,1.0,0.0,0.0,0.0,9.0,4.0,0.0,0.0,0.0,0.0,0.0,0.0,0.0,0.0,2.0,12.0,1.0,12.18,5.01,2.51,1.49,0.0,0.0,0.0,0.4,0.0,0.9,1.8,-0.7000000000000001,-169.70000000000002,0.0,0.0,169.60000000000002,0.0,21.700000000000003,29.4,29.4,30.0,300.0,300.0,31.5,35.4,29.3,28.5,30.3,4.96,2.0,4.96,0.16,0.0,0.0,1027.0,8228.0,0.0,0.0,0.0,0.0,0.0,1.0,0.0,0.0,0.0,0.0,0.0,1.6,0.0,1.0,0.0,0.0,16.0,25903.0
2026-07-30T19:00:56.787Z,226.27,226.284,0.0,7.4,0.0,0.0,0.0,0.0,0.0,0.0,0.0,0.0,1.0,0.0,0.0,0.0,9.0,4.0,0.0,0.0,0.0,0.0,0.0,0.0,0.0,0.0,1.0,12.0,1.0,12.18,5.01,2.51,1.49,0.0,0.0,0.0,0.4,0.0,-0.2,-0.4,0.3,-169.60000000000002,0.0,0.0,169.60000000000002,0.0,21.700000000000003,29.4,29.4,30.0,300.0,300.0,31.5,35.4,29.3,28.5,30.3,4.95,2.0,4.96,0.16,0.0,0.0,1027.0,8228.0,0.0,0.0,0.0,0.0,0.0,1.0,0.0,0.0,0.0,0.0,0.0,-0.2,0.0,-0.4,0.0,0.0,16.0,25903.0
2026-07-30T19:00:56.798Z,226.281,226.296,0.0,7.4,0.0,0.0,0.0,0.0,0.0,0.0,0.0,0.0,1.0,0.0,0.0,0.0,9.0,4.0,0.0,0.0,0.0,0.0,0.0,0.0,0.0,0.0,2.0,12.0,1.0,12.18,5.01,2.51,1.49,0.0,0.0,0.0,0.4,0.0,0.9,-1.0,-0.7000000000000001,-169.60000000000002,0.0,0.0,169.70000000000002,0.0,21.700000000000003,29.4,29.4,30.0,300.0,300.0,31.5,35.4,29.3,28.5,30.3,4.94,1.99,4.96,0.16,0.0,0.0,1027.0,8228.0,0.0,0.0,0.0,0.0,0.0,1.0,0.0,0.0,0.0,0.0,0.0,-1.7000000000000002,0.0,0.4,0.0,0.0,16.0,25903.0
2026-07-30T19:00:56.811Z,226.294,226.308,0.0,7.4,0.0,0.0,0.0,0.0,0.0,0.0,0.0,0.0,1.0,0.0,0.0,0.0,9.0,4.0,0.0,0.0,0.0,0.0,0.0,0.0,0.0,0.0,3.0,12.0,1.0,12.18,5.01,2.51,1.49,0.0,0.0,0.0,0.4,0.0,-0.1,-0.4,1.0,-169.60000000000002,0.0,0.0,169.70000000000002,0.0,21.700000000000003,29.4,29.4,30.0,300.0,300.0,31.5,35.4,29.3,28.5,30.3,4.94,1.99,4.96,0.16,0.0,0.0,1027.0,8228.0,0.0,0.0,0.0,0.0,0.0,1.0,0.0,0.0,0.0,0.0,0.0,0.2,0.0,-0.9,0.0,0.0001,16.0,25903.0
2026-07-30T19:00:56.823Z,226.306,226.32,0.0,7.4,0.0,0.0,0.0,0.0,0.0,0.0,0.0,0.0,1.0,0.0,0.0,0.0,9.0,4.0,0.0,0.0,0.0,0.0,0.0,0.0,0.0,0.0,4.0,12.0,1.0,12.18,5.01,2.51,1.49,0.0,0.0,0.0,0.4,0.0,0.4,1.2000000000000002,1.5,-169.60000000000002,0.0,0.0,169.70000000000002,0.0,21.700000000000003,29.4,29.4,30.0,300.0,300.0,31.5,35.4,29.3,28.5,30.3,4.96,1.99,4.96,0.16,0.0,0.0,1027.0,8228.0,0.0,0.0,0.0,0.0,0.0,1.0,0.0,0.0,0.0,0.0,0.0,2.6,0.0,-1.1,0.0,0.0,16.0,25903.0
2026-07-30T19:00:56.837Z,226.32,226.332,0.0,7.4,0.0,0.0,0.0,0.0,0.0,0.0,0.0,0.0,1.0,0.0,0.0,0.0,9.0,4.0,0.0,0.0,0.0,0.0,0.0,0.0,0.0,0.0,6.0,12.0,1.0,12.18,5.0200000000000005,2.5,1.49,0.0,0.0,0.0,0.4,0.0,0.9,0.1,0.4,-169.60000000000002,0.0,0.0,169.70000000000002,0.0,21.4,29.4,29.4,30.0,300.0,300.0,31.5,35.5,29.3,28.5,30.3,4.95,1.99,4.97,0.16,0.0,0.0,1027.0,8228.0,0.0,0.0,0.0,0.0,0.0,1.0,0.0,0.0,0.0,0.0,0.0,0.4,0.0,-0.3,0.0,0.0001,16.0,25903.0
2026-07-30T19:00:56.847Z,226.33,226.344,0.0,7.4,0.0,0.0,0.0,0.0,0.0,0.0,0.0,0.0,1.0,0.0,0.0,0.0,9.0,4.0,0.0,0.0,0.0,0.0,0.0,0.0,0.0,0.0,6.0,12.0,1.0,12.18,5.0200000000000005,2.5,1.49,0.0,0.0,0.0,0.4,0.0,-0.8,0.1,1.0,-169.60000000000002,0.0,0.0,169.70000000000002,0.0,21.4,29.4,29.4,30.0,300.0,300.0,31.5,35.5,29.3,28.5,30.3,4.96,2.0,4.96,0.16,0.0,0.0,1027.0,8228.0,0.0,0.0,0.0,0.0,0.0,1.0,0.0,0.0,0.0,0.0,0.0,0.8,0.0,-0.8,0.0,0.0,16.0,25903.0
2026-07-30T19:00:56.859Z,226.342,226.356,0.0,7.4,0.0,0.0,0.0,0.0,0.0,0.0,0.0,0.0,1.0,0.0,0.0,0.0,9.0,4.0,0.0,0.0,0.0,0.0,0.0,0.0,0.0,0.0,2.0,12.0,1.0,12.18,5.0200000000000005,2.5,1.49,0.0,0.0,0.0,0.4,0.0,0.3,0.7000000000000001,-0.1,-169.60000000000002,0.0,0.0,169.70000000000002,0.0,21.4,29.4,29.4,30.0,300.0,300.0,31.5,35.5,29.3,28.5,30.3,4.96,1.99,4.97,0.16,0.0,0.0,1027.0,8228.0,0.0,0.0,0.0,0.0,0.0,1.0,0.0,0.0,0.0,0.0,0.0,0.6000000000000001,0.0,0.3,0.0,0.0,16.0,25903.0
2026-07-30T19:00:56.871Z,226.354,226.368,0.0,7.4,0.0,0.0,0.0,0.0,0.0,0.0,0.0,0.0,1.0,0.0,0.0,0.0,9.0,4.0,0.0,0.0,0.0,0.0,0.0,0.0,0.0,0.0,3.0,12.0,1.0,12.18,5.0200000000000005,2.5,1.49,0.0,0.0,0.0,0.4,0.0,-0.8,-0.4,-0.7000000000000001,-169.60000000000002,0.0,0.0,169.70000000000002,0.0,21.4,29.4,29.4,30.0,300.0,300.0,31.5,35.5,29.3,28.5,30.3,4.95,1.99,4.97,0.16,0.0,0.0,1027.0,8228.0,0.0,0.0,0.0,0.0,0.0,1.0,0.0,0.0,0.0,0.0,0.0,-1.0,0.0,0.5,0.0,0.0,16.0,25903.0
2026-07-30T19:00:56.883Z,226.366,226.38,0.0,7.4,0.0,0.0,0.0,0.0,0.0,0.0,0.0,0.0,1.0,0.0,0.0,0.0,9.0,4.0,0.0,0.0,0.0,0.0,0.0,0.0,0.0,0.0,4.0,12.0,1.0,12.18,5.0200000000000005,2.5,1.49,0.0,0.0,0.0,0.4,0.0,0.3,-0.4,0.4,-169.60000000000002,0.0,0.0,169.60000000000002,0.0,21.4,29.4,29.4,30.0,300.0,300.0,31.5,35.5,29.3,28.5,30.3,4.95,1.99,4.97,0.16,0.0,0.0,1027.0,8228.0,0.0,0.0,0.0,0.0,0.0,1.0,0.0,0.0,0.0,0.0,0.0,-0.2,0.0,-0.4,0.0,0.0,16.0,25903.0
2026-07-30T19:00:56.895Z,226.378,226.392,0.0,7.4,0.0,0.0,0.0,0.0,0.0,0.0,0.0,0.0,1.0,0.0,0.0,0.0,9.0,4.0,0.0,0.0,0.0,0.0,0.0,0.0,0.0,0.0,5.0,12.0,1.0,12.18,5.0200000000000005,2.5,1.49,0.0,0.0,0.0,0.4,0.0,0.3,-0.4,0.4,-169.60000000000002,0.0,0.0,169.70000000000002,0.0,21.4,29.4,29.4,30.0,300.0,300.0,31.5,35.5,29.3,28.5,30.3,4.96,1.99,4.96,0.16,0.0,0.0,1027.0,8228.0,0.0,0.0,0.0,0.0,0.0,1.0,0.0,0.0,0.0,0.0,0.0,-0.2,0.0,-0.4,0.0,0.0,16.0,25903.0
2026-07-30T19:00:56.907Z,226.39,226.404,0.0,7.4,0.0,0.0,0.0,0.0,0.0,0.0,0.0,0.0,1.0,0.0,0.0,0.0,9.0,4.0,0.0,0.0,0.0,0.0,0.0,0.0,0.0,0.0,1.0,12.0,1.0,12.18,5.0200000000000005,2.5,1.49,0.0,0.0,0.0,0.4,0.0,0.3,0.1,1.6,-169.60000000000002,0.0,0.0,169.60000000000002,0.0,21.4,29.4,29.4,30.0,300.0,300.0,31.5,35.5,29.3,28.5,30.3,4.96,1.99,4.97,0.16,0.0,0.0,1027.0,8228.0,0.0,0.0,0.0,0.0,0.0,1.0,0.0,0.0,0.0,0.0,0.0,1.3,0.0,-1.4,0.0,0.0,16.0,25903.0
2026-07-30T19:00:56.919Z,226.402,226.416,0.0,7.4,0.0,0.0,0.0,0.0,0.0,0.0,0.0,0.0,1.0,0.0,0.0,0.0,9.0,4.0,0.0,0.0,0.0,0.0,0.0,0.0,0.0,0.0,2.0,12.0,1.0,12.18,5.0200000000000005,2.5,1.49,0.0,0.1,0.0,0.4,0.0,-0.2,0.1,1.0,-169.60000000000002,0.0,0.0,169.60000000000002,0.0,21.4,29.4,29.4,30.0,300.0,300.0,31.5,35.5,29.3,28.5,30.3,4.95,2.0,4.97,0.16,0.0,0.0,1027.0,8228.0,0.0,0.0,0.0,0.0,0.0,1.0,0.0,0.0,0.0,0.0,0.0,0.9,0.0,-0.9,0.0,0.0001,16.0,25903.0
2026-07-30T19:00:56.931Z,226.414,226.428,0.0,7.4,0.0,0.0,0.0,0.0,0.0,0.0,0.0,0.0,1.0,0.0,0.0,0.0,9.0,4.0,0.0,0.0,0.0,0.0,0.0,0.0,0.0,0.0,3.0,12.0,1.0,12.18,5.0200000000000005,2.5,1.49,0.0,0.0,0.0,0.4,0.0,0.2,-0.4,-0.1,-169.60000000000002,0.0,0.0,169.60000000000002,0.0,21.4,29.4,29.4,30.0,300.0,300.0,31.5,35.5,29.3,28.5,30.3,4.96,2.0,4.96,0.16,0.0,0.0,1027.0,8228.0,0.0,0.0,0.0,0.0,0.0,1.0,0.0,0.0,0.0,0.0,0.0,-0.6000000000000001,0.0,0.0,0.0,0.0,16.0,25903.0
2026-07-30T19:00:56.943Z,226.426,226.44,0.0,7.4,0.0,0.0,0.0,0.0,0.0,0.0,0.0,0.0,1.0,0.0,0.0,0.0,9.0,4.0,0.0,0.0,0.0,0.0,0.0,0.0,0.0,0.0,3.0,12.0,1.0,12.15,5.0200000000000005,2.51,1.49,0.0,0.0,0.0,0.4,0.0,-0.2,-0.4,-0.7000000000000001,-169.60000000000002,0.0,0.0,169.60000000000002,0.0,22.1,29.4,29.4,30.0,300.0,300.0,31.5,35.5,29.200000000000003,28.5,30.3,4.95,2.0,4.96,0.16,0.0,0.0,1027.0,8228.0,0.0,0.0,0.0,0.0,0.0,1.0,0.0,0.0,0.0,0.0,0.0,-1.0,0.0,0.5,0.0,0.0,16.0,25903.0
2026-07-30T19:00:56.954Z,226.437,226.452,0.0,7.4,0.0,0.0,0.0,0.0,0.0,0.0,0.0,0.0,1.0,0.0,0.0,0.0,9.0,4.0,0.0,0.0,0.0,0.0,0.0,0.0,0.0,0.0,4.0,12.0,1.0,12.15,5.0200000000000005,2.51,1.49,0.0,0.0,0.0,0.4,0.0,0.8,0.1,0.4,-169.60000000000002,0.0,0.0,169.70000000000002,0.0,22.1,29.4,29.4,30.0,300.0,300.0,31.5,35.5,29.200000000000003,28.5,30.3,4.95,1.99,4.97,0.16,0.0,0.0,1027.0,8228.0,0.0,0.0,0.0,0.0,0.0,1.0,0.0,0.0,0.0,0.0,0.0,0.5,0.0,-0.3,0.0,0.0,16.0,25903.0
2026-07-30T19:00:56.967Z,226.45,226.464,0.0,7.4,0.0,0.0,0.0,0.0,0.0,0.0,0.0,0.0,1.0,0.0,0.0,0.0,9.0,4.0,0.0,0.0,0.0,0.0,0.0,0.0,0.0,0.0,5.0,12.0,1.0,12.15,5.0200000000000005,2.51,1.49,0.0,0.0,0.0,0.4,0.0,0.8,1.3,2.1,-169.60000000000002,0.0,0.0,169.70000000000002,0.0,22.1,29.4,29.4,30.0,300.0,300.0,31.5,35.5,29.200000000000003,28.5,30.3,4.96,1.99,4.97,0.16,0.0,0.0,1027.0,8228.0,0.0,0.0,0.0,0.0,0.0,1.0,0.0,0.0,0.0,0.0,0.0,3.1,0.0,-1.6,0.0,0.0001,16.0,25903.0
2026-07-30T19:00:56.979Z,226.462,226.476,0.0,7.4,0.0,0.0,0.0,0.0,0.0,0.0,0.0,0.0,1.0,0.0,0.0,0.0,9.0,4.0,0.0,0.0,0.0,0.0,0.0,0.0,0.0,0.0,1.0,12.0,1.0,12.15,5.0200000000000005,2.51,1.49,0.0,0.1,0.0,0.4,0.0,0.8,-0.4,0.4,-169.60000000000002,0.0,0.0,169.60000000000002,0.0,22.1,29.4,29.4,30.0,300.0,300.0,31.5,35.5,29.200000000000003,28.5,30.3,4.96,1.99,4.96,0.16,0.0,0.0,1027.0,8228.0,0.0,0.0,0.0,0.0,0.0,1.0,0.0,0.0,0.0,0.0,0.0,-0.1,0.0,-0.4,0.0,0.0,16.0,25903.0
2026-07-30T19:00:56.991Z,226.474,226.488,0.0,7.4,0.0,0.0,0.0,0.0,0.0,0.0,0.0,0.0,1.0,0.0,0.0,0.0,9.0,4.0,0.0,0.0,0.0,0.0,0.0,0.0,0.0,0.0,2.0,12.0,1.0,12.15,5.0200000000000005,2.51,1.49,0.0,0.0,0.0,0.4,0.0,-0.8,-0.3,-0.1,-169.60000000000002,0.0,0.0,169.60000000000002,0.0,22.1,29.4,29.4,30.0,300.0,300.0,31.5,35.5,29.200000000000003,28.5,30.3,4.95,1.99,4.97,0.16,0.0,0.0,1027.0,8228.0,0.0,0.0,0.0,0.0,0.0,1.0,0.0,0.0,0.0,0.0,0.0,-0.5,0.0,0.0,0.0,0.0001,16.0,25903.0
2026-07-30T19:00:57.003Z,226.486,226.5,0.0,7.4,0.0,0.0,0.0,0.0,0.0,0.0,0.0,0.0,1.0,0.0,0.0,0.0,9.0,4.0,0.0,0.0,0.0,0.0,0.0,0.0,0.0,0.0,3.0,12.0,1.0,12.15,5.0200000000000005,2.51,1.49,0.0,0.0,0.0,0.4,0.0,-0.2,0.1,-1.3,-169.60000000000002,0.0,0.0,169.60000000000002,0.0,22.1,29.4,29.4,30.0,300.0,300.0,31.5,35.5,29.200000000000003,28.5,30.3,4.95,1.99,4.97,0.16,0.0,0.0,1027.0,8228.0,0.0,0.0,0.0,0.0,0.0,1.0,0.0,0.0,0.0,0.0,0.0,-0.8,0.0,1.2000000000000002,0.0,0.0,16.0,25903.0
2026-07-30T19:00:57.015Z,226.498,226.512,0.0,7.4,0.0,0.0,0.0,0.0,0.0,0.0,0.0,0.0,1.0,0.0,0.0,0.0,9.0,4.0,0.0,0.0,0.0,0.0,0.0,0.0,0.0,0.0,4.0,12.0,1.0,12.15,5.0200000000000005,2.51,1.49,0.0,0.0,0.0,0.4,0.0,-0.2,-0.3,0.4,-169.60000000000002,0.0,0.0,169.60000000000002,0.0,22.1,29.4,29.4,30.0,300.0,300.0,31.5,35.5,29.200000000000003,28.5,30.3,4.95,2.0,4.97,0.16,0.0,0.0,1027.0,8228.0,0.0,0.0,0.0,0.0,0.0,1.0,0.0,0.0,0.0,0.0,0.0,-0.1,0.0,-0.4,0.0,0.0,16.0,25903.0
2026-07-30T19:00:57.027Z,226.51,226.524,0.0,7.4,0.0,0.0,0.0,0.0,0.0,0.0,0.0,0.0,1.0,0.0,0.0,0.0,9.0,4.0,0.0,0.0,0.0,0.0,0.0,0.0,0.0,0.0,5.0,12.0,1.0,12.15,5.0200000000000005,2.51,1.49,0.0,0.0,0.0,0.4,0.0,-0.2,0.1,-0.7000000000000001,-169.60000000000002,0.0,0.0,169.60000000000002,0.0,22.1,29.4,29.4,30.0,300.0,300.0,31.5,35.5,29.200000000000003,28.5,30.3,4.96,2.0,4.96,0.16,0.0,0.0,1027.0,8228.0,0.0,0.0,0.0,0.0,0.0,1.0,0.0,0.0,0.0,0.0,0.0,-0.3,0.0,0.7000000000000001,0.0,0.0,16.0,25903.0
2026-07-30T19:00:57.040Z,226.523,226.536,0.0,7.4,0.0,0.0,0.0,0.0,0.0,0.0,0.0,0.0,1.0,0.0,0.0,0.0,9.0,4.0,0.0,0.0,0.0,0.0,0.0,0.0,0.0,0.0,1.0,12.0,1.0,12.17,5.0200000000000005,2.51,1.49,0.0,0.0,0.0,0.4,0.0,-0.3,-1.0,-0.2,-169.60000000000002,0.0,0.0,169.60000000000002,0.0,21.3,29.4,29.4,30.0,300.0,300.0,31.5,35.5,29.3,28.4,30.3,4.96,1.99,4.97,0.16,0.0,0.0,1027.0,8228.0,0.0,0.0,0.0,0.0,0.0,1.0,0.0,0.0,0.0,0.0,0.0,-1.3,0.0,0.0,0.0,0.0,16.0,25903.0
2026-07-30T19:00:57.051Z,226.534,226.548,0.0,7.4,0.0,0.0,0.0,0.0,0.0,0.0,0.0,0.0,1.0,0.0,0.0,0.0,9.0,4.0,0.0,0.0,0.0,0.0,0.0,0.0,0.0,0.0,2.0,12.0,1.0,12.17,5.0200000000000005,2.51,1.49,0.0,0.0,0.0,0.4,0.0,-0.8,0.1,-0.7000000000000001,-169.60000000000002,0.0,0.0,169.60000000000002,0.0,21.3,29.4,29.4,30.0,300.0,300.0,31.5,35.5,29.3,28.4,30.3,4.96,1.99,4.96,0.16,0.0,0.0,1027.0,8228.0,0.0,0.0,0.0,0.0,0.0,1.0,0.0,0.0,0.0,0.0,0.0,-0.4,0.0,0.7000000000000001,0.0,0.0,16.0,25903.0
2026-07-30T19:00:57.063Z,226.546,226.56,0.0,7.4,0.0,0.0,0.0,0.0,0.0,0.0,0.0,0.0,1.0,0.0,0.0,0.0,9.0,4.0,0.0,0.0,0.0,0.0,0.0,0.0,0.0,0.0,4.0,12.0,1.0,12.17,5.0200000000000005,2.51,1.49,0.0,0.0,0.0,0.4,0.0,-0.8,0.1,-1.3,-169.60000000000002,0.0,0.0,169.60000000000002,0.0,21.3,29.4,29.4,30.0,300.0,300.0,31.5,35.5,29.3,28.4,30.3,4.96,2.0,4.96,0.16,0.0,0.0,1027.0,8228.0,0.0,0.0,0.0,0.0,0.0,1.0,0.0,0.0,0.0,0.0,0.0,-0.8,0.0,1.2000000000000002,0.0,0.0,16.0,25903.0
2026-07-30T19:00:57.075Z,226.558,226.572,0.0,7.4,0.0,0.0,0.0,0.0,0.0,0.0,0.0,0.0,1.0,0.0,0.0,0.0,9.0,4.0,0.0,0.0,0.0,0.0,0.0,0.0,0.0,0.0,6.0,12.0,1.0,12.17,5.0200000000000005,2.51,1.49,0.0,0.0,0.0,0.4,0.0,0.2,-1.0,0.3,-169.60000000000002,0.0,0.0,169.60000000000002,0.0,21.3,29.4,29.4,30.0,300.0,300.0,31.5,35.5,29.3,28.4,30.3,4.95,2.0,4.97,0.16,0.0,0.0,1027.0,8228.0,0.0,0.0,0.0,0.0,0.0,1.0,0.0,0.0,0.0,0.0,0.0,-0.9,0.0,-0.5,0.0,0.0,16.0,25903.0
2026-07-30T19:00:57.088Z,226.571,226.584,0.0,7.4,0.0,0.0,0.0,0.0,0.0,0.0,0.0,0.0,1.0,0.0,0.0,0.0,9.0,4.0,0.0,0.0,0.0,0.0,0.0,0.0,0.0,0.0,1.0,12.0,1.0,12.17,5.0200000000000005,2.51,1.49,0.0,0.0,0.0,0.4,0.0,0.2,0.7000000000000001,0.4,-169.60000000000002,0.0,0.0,169.60000000000002,0.0,21.3,29.4,29.4,30.0,300.0,300.0,31.5,35.5,29.3,28.4,30.3,4.96,2.0,4.96,0.16,0.0,0.0,1027.0,8228.0,0.0,0.0,0.0,0.0,0.0,1.0,0.0,0.0,0.0,0.0,0.0,1.1,0.0,-0.2,0.0,0.0,16.0,25903.0
2026-07-30T19:00:57.099Z,226.582,226.596,0.0,7.4,0.0,0.0,0.0,0.0,0.0,0.0,0.0,0.0,1.0,0.0,0.0,0.0,9.0,4.0,0.0,0.0,0.0,0.0,0.0,0.0,0.0,0.0,5.0,12.0,1.0,12.17,5.0200000000000005,2.51,1.49,0.0,0.0,0.0,0.4,0.0,0.2,1.3,-0.1,-169.60000000000002,0.0,0.0,169.60000000000002,0.0,21.3,29.4,29.4,30.0,300.0,300.0,31.5,35.5,29.3,28.4,30.3,4.96,1.99,4.96,0.16,0.0,0.0,1027.0,8228.0,0.0,0.0,0.0,0.0,0.0,1.0,0.0,0.0,0.0,0.0,0.0,1.4,0.0,0.4,0.0,0.0,16.0,25903.0
2026-07-30T19:00:57.111Z,226.594,226.608,0.0,7.4,0.0,0.0,0.0,0.0,0.0,0.0,0.0,0.0,1.0,0.0,0.0,0.0,9.0,4.0,0.0,0.0,0.0,0.0,0.0,0.0,0.0,0.0,5.0,12.0,1.0,12.17,5.0200000000000005,2.51,1.49,0.0,0.0,0.0,0.4,0.0,-0.3,0.1,-0.1,-169.60000000000002,0.0,0.0,169.60000000000002,0.0,21.3,29.4,29.4,30.0,300.0,300.0,31.5,35.5,29.3,28.4,30.3,4.96,1.99,4.96,0.16,0.0,0.0,1027.0,8228.0,0.0,0.0,0.0,0.0,0.0,1.0,0.0,0.0,0.0,0.0,0.0,0.0,0.0,0.1,0.0,0.0,16.0,25903.0
2026-07-30T19:00:57.123Z,226.606,226.62,0.0,7.4,0.0,0.0,0.0,0.0,0.0,0.0,0.0,0.0,1.0,0.0,0.0,0.0,9.0,4.0,0.0,0.0,0.0,0.0,0.0,0.0,0.0,0.0,6.0,12.0,1.0,12.17,5.0200000000000005,2.51,1.49,0.0,0.0,0.0,0.4,0.0,-0.2,-0.3,-1.3,-169.60000000000002,0.0,0.0,169.60000000000002,0.0,21.3,29.4,29.4,30.0,300.0,300.0,31.5,35.5,29.3,28.4,30.3,4.95,1.99,4.97,0.16,0.0,0.0,1027.0,8228.0,0.0,0.0,0.0,0.0,0.0,1.0,0.0,0.0,0.0,0.0,0.0,-1.4,0.0,1.1,0.0,0.0,16.0,25903.0
2026-07-30T19:00:57.135Z,226.618,226.632,0.0,7.4,0.0,0.0,0.0,0.0,0.0,0.0,0.0,0.0,1.0,0.0,0.0,0.0,9.0,4.0,0.0,0.0,0.0,0.0,0.0,0.0,0.0,0.0,1.0,12.0,1.0,12.17,5.0200000000000005,2.51,1.49,0.0,0.0,0.0,0.4,0.0,0.8,-0.9,-0.2,-169.60000000000002,0.0,0.0,169.70000000000002,0.0,21.3,29.4,29.4,30.0,300.0,300.0,31.5,35.5,29.3,28.4,30.3,4.96,1.99,4.96,0.16,0.0,0.0,1027.0,8228.0,0.0,0.0,0.0,0.0,0.0,1.0,0.0,0.0,0.0,0.0,0.0,-1.3,0.0,0.0,0.0,0.0,16.0,25903.0
2026-07-30T19:00:57.147Z,226.63,226.644,0.0,7.4,0.0,0.0,0.0,0.0,0.0,0.0,0.0,0.0,1.0,0.0,0.0,0.0,9.0,4.0,0.0,0.0,0.0,0.0,0.0,0.0,0.0,0.0,3.0,12.0,1.0,12.17,5.0200000000000005,2.51,1.49,0.0,0.0,0.0,0.4,0.0,-0.3,0.7000000000000001,1.4,-169.60000000000002,0.0,0.0,169.70000000000002,0.0,21.700000000000003,29.4,29.4,30.0,300.0,300.0,31.5,35.5,29.3,28.4,30.3,4.96,1.99,4.97,0.16,0.0,0.0,1027.0,8228.0,0.0,0.0,0.0,0.0,0.0,1.0,0.0,0.0,0.0,0.0,0.0,1.9,0.0,-1.1,0.0,0.0001,16.0,25903.0
2026-07-30T19:00:57.159Z,226.642,226.656,0.0,7.4,0.0,0.0,0.0,0.0,0.0,0.0,0.0,0.0,1.0,0.0,0.0,0.0,9.0,4.0,0.0,0.0,0.0,0.0,0.0,0.0,0.0,0.0,4.0,12.0,1.0,12.17,5.0200000000000005,2.51,1.49,0.0,0.0,0.0,0.4,0.0,-0.3,0.2,-0.2,-169.60000000000002,0.0,0.0,169.8,0.0,21.700000000000003,29.4,29.4,30.0,300.0,300.0,31.5,35.5,29.3,28.4,30.3,4.96,1.99,4.97,0.16,0.0,0.0,1027.0,8228.0,0.0,0.0,0.0,0.0,0.0,1.0,0.0,0.0,0.0,0.0,0.0,0.0,0.0,0.2,0.0,0.0001,16.0,25903.0
2026-07-30T19:00:57.171Z,226.654,226.668,0.0,7.4,0.0,0.0,0.0,0.0,0.0,0.0,0.0,0.0,1.0,0.0,0.0,0.0,9.0,4.0,0.0,0.0,0.0,0.0,0.0,0.0,0.0,0.0,6.0,12.0,1.0,12.17,5.0200000000000005,2.51,1.49,0.0,0.0,0.0,0.4,0.0,-0.3,0.7000000000000001,1.4,-169.60000000000002,0.0,0.0,169.70000000000002,0.0,21.700000000000003,29.4,29.4,30.0,300.0,300.0,31.5,35.5,29.3,28.4,30.3,4.96,1.99,4.96,0.16,0.0,0.0,1027.0,8228.0,0.0,0.0,0.0,0.0,0.0,1.0,0.0,0.0,0.0,0.0,0.0,1.9,0.0,-1.1,0.0,0.0001,16.0,25903.0
2026-07-30T19:00:57.183Z,226.666,226.68,0.0,7.4,0.0,0.0,0.0,0.0,0.0,0.0,0.0,0.0,1.0,0.0,0.0,0.0,9.0,4.0,0.0,0.0,0.0,0.0,0.0,0.0,0.0,0.0,1.0,12.0,1.0,12.17,5.0200000000000005,2.51,1.49,0.0,0.0,0.0,0.5,0.0,-0.2,-0.4,-1.4,-169.60000000000002,0.0,0.0,169.8,0.0,21.700000000000003,29.4,29.4,30.0,300.0,300.0,31.5,35.5,29.3,28.4,30.3,4.95,2.0,4.96,0.16,0.0,0.0,1027.0,8228.0,0.0,0.0,0.0,0.0,0.0,1.0,0.0,0.0,0.0,0.0,0.0,-1.5,0.0,1.1,0.0,0.0002,16.0,25903.0
2026-07-30T19:00:57.195Z,226.678,226.692,0.0,7.4,0.0,0.0,0.0,0.0,0.0,0.0,0.0,0.0,1.0,0.0,0.0,0.0,9.0,4.0,0.0,0.0,0.0,0.0,0.0,0.0,0.0,0.0,3.0,12.0,1.0,12.17,5.0200000000000005,2.51,1.49,0.0,0.1,0.0,0.4,0.0,0.3,1.3,-0.8,-169.60000000000002,0.0,0.0,169.70000000000002,0.0,21.700000000000003,29.4,29.4,30.0,300.0,300.0,31.5,35.5,29.3,28.4,30.3,4.95,1.99,4.97,0.16,0.0,0.0,1027.0,8228.0,0.0,0.0,0.0,0.0,0.0,1.0,0.0,0.0,0.0,0.0,0.0,0.9,0.0,1.0,0.0,0.0002,16.0,25903.0
2026-07-30T19:00:57.207Z,226.69,226.704,0.0,7.4,0.0,0.0,0.0,0.0,0.0,0.0,0.0,0.0,1.0,0.0,0.0,0.0,9.0,4.0,0.0,0.0,0.0,0.0,0.0,0.0,0.0,0.0,4.0,12.0,1.0,12.17,5.0200000000000005,2.51,1.49,0.0,0.0,0.0,0.5,0.0,0.2,1.3,0.9,-169.60000000000002,0.0,0.0,169.70000000000002,0.0,21.700000000000003,29.4,29.4,30.0,300.0,300.0,31.5,35.5,29.3,28.4,30.3,4.95,1.99,4.97,0.16,0.0,0.0,1027.0,8228.0,0.0,0.0,0.0,0.0,0.0,1.0,0.0,0.0,0.0,0.0,0.0,0.2,0.0,0.9,0.0,0.0,16.0,25903.0
2026-07-30T19:00:57.220Z,226.703,226.716,0.0,7.4,0.0,0.0,0.0,0.0,0.0,0.0,0.0,0.0,1.0,0.0,0.0,0.0,9.0,4.0,0.0,0.0,0.0,0.0,0.0,0.0,0.0,0.0,5.0,12.0,1.0,12.17,5.0200000000000005,2.51,1.49,0.0,0.0,0.0,0.4,0.0,-0.3,-0.4,-0.8,-169.60000000000002,0.0,0.0,169.70000000000002,0.0,21.700000000000003,29.4,29.4,30.0,300.0,300.0,31.5,35.5,29.3,28.4,30.3,4.95,1.99,4.96,0.16,0.0,0.0,1027.0,8228.0,0.0,0.0,0.0,0.0,0.0,1.0,0.0,0.0,0.0,0.0,0.0,-0.6000000000000001,0.0,0.1,0.0,0.0,16.0,25903.0
2026-07-30T19:00:57.231Z,226.714,226.728,0.0,7.4,0.0,0.0,0.0,0.0,0.0,0.0,0.0,0.0,1.0,0.0,0.0,0.0,9.0,4.0,0.0,0.0,0.0,0.0,0.0,0.0,0.0,0.0,6.0,12.0,1.0,12.17,5.0200000000000005,2.51,1.49,0.0,0.0,0.0,0.4,0.0,-0.3,-0.3,-0.2,-169.60000000000002,0.0,0.0,169.70000000000002,0.0,21.700000000000003,29.4,29.4,30.0,300.0,300.0,31.5,35.5,29.3,28.4,30.3,4.95,1.99,4.97,0.16,0.0,0.0,1027.0,8228.0,0.0,0.0,0.0,0.0,0.0,1.0,0.0,0.0,0.0,0.0,0.0,-3.2,0.0,1.4,0.0,0.0001,16.0,25903.0
2026-07-30T19:00:57.244Z,226.727,226.74,0.0,7.4,0.0,0.0,0.0,0.0,0.0,0.0,0.0,0.0,1.0,0.0,0.0,0.0,9.0,4.0,0.0,0.0,0.0,0.0,0.0,0.0,0.0,0.0,1.0,12.0,1.0,12.19,5.01,2.51,1.49,0.0,0.0,0.0,0.4,0.0,-0.9,0.2,0.3,-169.60000000000002,0.0,0.0,169.70000000000002,0.0,21.3,29.4,29.4,30.0,300.0,300.0,31.4,35.5,29.200000000000003,28.5,30.3,4.95,1.99,4.96,0.16,0.0,0.0,1027.0,8228.0,0.0,0.0,0.0,0.0,0.0,1.0,0.0,0.0,0.0,0.0,0.0,0.4,0.0,-0.2,0.0,0.0,16.0,25903.0
2026-07-30T19:00:57.256Z,226.739,226.752,0.0,7.4,0.0,0.0,0.0,0.0,0.0,0.0,0.0,0.0,1.0,0.0,0.0,0.0,9.0,4.0,0.0,0.0,0.0,0.0,0.0,0.0,0.0,0.0,2.0,12.0,1.0,12.19,5.01,2.51,1.49,-0.1,0.1,0.0,0.5,0.0,-0.3,-0.4,-1.4,-169.60000000000002,0.0,0.0,169.70000000000002,0.0,21.3,29.4,29.4,30.0,300.0,300.0,31.4,35.5,29.200000000000003,28.5,30.3,4.96,2.0,4.96,0.16,0.0,0.0,1027.0,8228.0,0.0,0.0,0.0,0.0,0.0,1.0,0.0,0.0,0.0,0.0,0.0,-1.5,0.0,1.2000000000000002,0.0,0.0001,16.0,25903.0
2026-07-30T19:00:57.267Z,226.75,226.764,0.0,7.4,0.0,0.0,0.0,0.0,0.0,0.0,0.0,0.0,1.0,0.0,0.0,0.0,9.0,4.0,0.0,0.0,0.0,0.0,0.0,0.0,0.0,0.0,3.0,12.0,1.0,12.19,5.01,2.51,1.49,0.0,0.0,0.0,0.5,0.0,0.8,1.3,0.3,-169.60000000000002,0.0,0.0,169.70000000000002,0.0,21.3,29.4,29.4,30.0,300.0,300.0,31.4,35.5,29.200000000000003,28.5,30.3,4.95,2.0,4.97,0.16,0.0,0.0,1027.0,8228.0,0.0,0.0,0.0,0.0,0.0,1.0,0.0,0.0,0.0,0.0,0.0,1.7000000000000002,0.0,0.0,0.0,0.0,16.0,25903.0
2026-07-30T19:00:57.279Z,226.762,226.776,0.0,7.4,0.0,0.0,0.0,0.0,0.0,0.0,0.0,0.0,1.0,0.0,0.0,0.0,9.0,4.0,0.0,0.0,0.0,0.0,0.0,0.0,0.0,0.0,4.0,12.0,1.0,12.19,5.01,2.51,1.49,0.0,0.0,0.0,0.4,0.0,-0.3,0.7000000000000001,0.2,-169.60000000000002,0.0,0.0,169.8,0.0,21.3,29.4,29.4,30.0,300.0,300.0,31.4,35.5,29.200000000000003,28.5,30.3,4.95,1.99,4.97,0.16,0.0,0.0,1027.0,8228.0,0.0,0.0,0.0,0.0,0.0,1.0,0.0,0.0,0.0,0.0,0.0,1.0,0.0,0.0,0.0,0.0,16.0,25903.0
2026-07-30T19:00:57.291Z,226.774,226.788,0.0,7.4,0.0,0.0,0.0,0.0,0.0,0.0,0.0,0.0,1.0,0.0,0.0,0.0,9.0,4.0,0.0,0.0,0.0,0.0,0.0,0.0,0.0,0.0,6.0,12.0,1.0,12.19,5.01,2.51,1.49,0.0,0.0,0.0,0.4,0.0,0.8,0.7000000000000001,-0.3,-169.60000000000002,0.0,0.0,169.70000000000002,0.0,21.3,29.4,29.4,30.0,300.0,300.0,31.4,35.5,29.200000000000003,28.5,30.3,4.95,1.99,4.96,0.16,0.0,0.0,1027.0,8228.0,0.0,0.0,0.0,0.0,0.0,1.0,0.0,0.0,0.0,0.0,0.0,0.6000000000000001,0.0,0.4,0.0,0.0001,16.0,25903.0
2026-07-30T19:00:57.303Z,226.786,226.8,0.0,7.4,0.0,0.0,0.0,0.0,0.0,0.0,0.0,0.0,1.0,0.0,0.0,0.0,9.0,4.0,0.0,0.0,0.0,0.0,0.0,0.0,0.0,0.0,1.0,12.0,1.0,12.19,5.01,2.51,1.49,0.0,0.0,0.0,0.4,0.0,-0.3,0.2,1.4,-169.60000000000002,0.0,0.0,169.8,0.0,21.3,29.4,29.4,30.0,300.0,300.0,31.4,35.5,29.200000000000003,28.5,30.3,4.96,1.99,4.96,0.16,0.0,0.0,1027.0,8228.0,0.0,0.0,0.0,0.0,0.0,1.0,0.0,0.0,0.0,0.0,0.0,1.3,0.0,-1.2000000000000002,0.0,0.0,16.0,25903.0
2026-07-30T19:00:57.315Z,226.798,226.812,0.0,7.4,0.0,0.0,0.0,0.0,0.0,0.0,0.0,0.0,1.0,0.0,0.0,0.0,9.0,4.0,0.0,0.0,0.0,0.0,0.0,0.0,0.0,0.0,2.0,12.0,1.0,12.19,5.01,2.51,1.49,0.0,0.0,0.0,0.4,0.0,0.3,0.2,-1.4,-169.60000000000002,0.0,0.0,169.70000000000002,0.0,21.3,29.4,29.4,30.0,300.0,300.0,31.4,35.5,29.200000000000003,28.5,30.3,4.95,1.99,4.97,0.16,0.0,0.0,1027.0,8228.0,0.0,0.0,0.0,0.0,0.0,1.0,0.0,0.0,0.0,0.0,0.0,-0.8,0.0,1.3,0.0,0.0002,16.0,25903.0
2026-07-30T19:00:57.327Z,226.81,226.824,0.0,7.4,0.0,0.0,0.0,0.0,0.0,0.0,0.0,0.0,1.0,0.0,0.0,0.0,9.0,4.0,0.0,0.0,0.0,0.0,0.0,0.0,0.0,0.0,3.0,12.0,1.0,12.19,5.01,2.51,1.49,0.0,0.0,0.0,0.5,0.0,0.9,0.2,-0.2,-169.60000000000002,0.0,0.0,169.60000000000002,0.0,21.3,29.4,29.4,30.0,300.0,300.0,31.4,35.5,29.200000000000003,28.5,30.3,4.96,1.99,4.96,0.16,0.0,0.0,1027.0,8228.0,0.0,0.0,0.0,0.0,0.0,1.0,0.0,0.0,0.0,0.0,0.0,0.0,0.0,0.3,0.0,0.0001,16.0,25903.0
2026-07-30T19:00:57.339Z,226.822,226.836,0.0,7.4,0.0,0.0,0.0,0.0,0.0,0.0,0.0,0.0,1.0,0.0,0.0,0.0,9.0,4.0,0.0,0.0,0.0,0.0,0.0,0.0,0.0,0.0,4.0,12.0,1.0,12.19,5.01,2.51,1.49,0.0,0.0,0.0,0.4,0.0,0.3,1.4,0.3,-169.60000000000002,0.0,0.0,169.60000000000002,0.0,21.3,29.4,29.4,30.0,300.0,300.0,31.4,35.5,29.200000000000003,28.5,30.3,4.96,1.99,4.96,0.16,0.0,0.0,1027.0,8228.0,0.0,0.0,0.0,0.0,0.0,1.0,0.0,0.0,0.0,0.0,0.0,1.8,0.0,0.0,0.0,0.0001,16.0,25903.0
2026-07-30T19:00:57.351Z,226.834,226.848,0.0,7.4,0.0,0.0,0.0,0.0,0.0,0.0,0.0,0.0,1.0,0.0,0.0,0.0,9.0,4.0,0.0,0.0,0.0,0.0,0.0,0.0,0.0,0.0,5.0,12.0,1.0,12.17,5.01,2.51,1.49,0.0,0.0,0.0,0.4,0.0,0.3,0.7000000000000001,0.9,-169.60000000000002,0.0,0.0,169.60000000000002,0.0,21.700000000000003,29.4,29.4,29.9,300.0,300.0,31.6,35.4,29.200000000000003,28.5,30.3,4.95,1.99,4.96,0.16,0.0,0.0,1027.0,8228.0,0.0,0.0,0.0,0.0,0.0,1.0,0.0,0.0,0.0,0.0,0.0,1.5,0.0,-0.6000000000000001,0.0,0.0001,16.0,25903.0
2026-07-30T19:00:57.363Z,226.846,226.86,0.0,7.4,0.0,0.0,0.0,0.0,0.0,0.0,0.0,0.0,1.0,0.0,0.0,0.0,9.0,4.0,0.0,0.0,0.0,0.0,0.0,0.0,0.0,0.0,6.0,12.0,1.0,12.17,5.01,2.51,1.49,0.0,0.0,0.0,0.4,0.0,0.3,0.2,1.5,-169.60000000000002,0.0,0.0,169.70000000000002,0.0,21.700000000000003,29.4,29.4,29.9,300.0,300.0,31.6,35.4,29.200000000000003,28.5,30.3,4.95,1.99,4.97,0.16,0.0,0.0,1027.0,8228.0,0.0,0.0,0.0,0.0,0.0,1.0,0.0,0.0,0.0,0.0,0.0,1.4,0.0,-1.3,0.0,0.0,16.0,25903.0
2026-07-30T19:00:57.374Z,226.857,226.872,0.0,7.4,0.0,0.0,0.0,0.0,0.0,0.0,0.0,0.0,1.0,0.0,0.0,0.0,9.0,4.0,0.0,0.0,0.0,0.0,0.0,0.0,0.0,0.0,1.0,12.0,1.0,12.17,5.01,2.51,1.49,0.0,0.0,0.0,0.4,0.0,0.3,-0.3,-0.8,-169.60000000000002,0.0,0.0,169.60000000000002,0.0,21.700000000000003,29.4,29.4,29.9,300.0,300.0,31.6,35.4,29.200000000000003,28.5,30.3,4.96,1.99,4.96,0.16,0.0,0.0,1027.0,8228.0,0.0,0.0,0.0,0.0,0.0,1.0,0.0,0.0,0.0,0.0,0.0,-0.9,0.0,0.6000000000000001,0.0,0.0,16.0,25903.0
2026-07-30T19:00:57.388Z,226.871,226.884,0.0,7.4,0.0,0.0,0.0,0.0,0.0,0.0,0.0,0.0,1.0,0.0,0.0,0.0,9.0,4.0,0.0,0.0,0.0,0.0,0.0,0.0,0.0,0.0,2.0,12.0,1.0,12.17,5.01,2.51,1.49,0.0,0.0,0.0,0.4,0.0,0.4,1.4,0.4,-169.60000000000002,0.0,0.0,169.70000000000002,0.0,21.700000000000003,29.4,29.4,29.9,300.0,300.0,31.6,35.4,29.200000000000003,28.5,30.3,4.96,1.99,4.96,0.16,0.0,0.0,1027.0,8228.0,0.0,0.0,0.0,0.0,0.0,1.0,0.0,0.0,0.0,0.0,0.0,1.9,0.0,0.0,0.0,0.0,16.0,25903.0
2026-07-30T19:00:57.405Z,226.888,226.896,0.0,7.4,0.0,0.0,0.0,0.0,0.0,0.0,0.0,0.0,1.0,0.0,0.0,0.0,9.0,4.0,0.0,0.0,0.0,0.0,0.0,0.0,0.0,0.0,3.0,12.0,1.0,12.17,5.01,2.51,1.49,0.0,0.0,0.0,0.4,0.0,0.4,1.4,2.1,-169.60000000000002,0.0,0.0,169.60000000000002,0.0,21.700000000000003,29.4,29.4,29.9,300.0,300.0,31.6,35.4,29.200000000000003,28.5,30.3,4.95,1.99,4.96,0.16,0.0,0.0,1027.0,8228.0,0.0,0.0,0.0,0.0,0.0,1.0,0.0,0.0,0.0,0.0,0.0,3.2,0.0,-1.5,0.0,0.0001,16.0,25903.0
2026-07-30T19:00:57.412Z,226.895,226.908,0.0,7.4,0.0,0.0,0.0,0.0,0.0,0.0,0.0,0.0,1.0,0.0,0.0,0.0,9.0,4.0,0.0,0.0,0.0,0.0,0.0,0.0,0.0,0.0,2.0,12.0,1.0,12.17,5.01,2.51,1.49,0.0,0.0,0.0,0.4,0.0,-0.1,-0.2,-0.7000000000000001,-169.60000000000002,0.0,0.0,169.60000000000002,0.0,21.700000000000003,29.4,29.4,29.9,300.0,300.0,31.6,35.4,29.200000000000003,28.5,30.3,4.96,1.99,4.96,0.16,0.0,0.0,1027.0,8228.0,0.0,0.0,0.0,0.0,0.0,1.0,0.0,0.0,0.0,0.0,0.0,-0.9,0.0,0.6000000000000001,0.0,0.0,16.0,25903.0
2026-07-30T19:00:57.423Z,226.906,226.92,0.0,7.4,0.0,0.0,0.0,0.0,0.0,0.0,0.0,0.0,1.0,0.0,0.0,0.0,9.0,4.0,0.0,0.0,0.0,0.0,0.0,0.0,0.0,0.0,2.0,12.0,1.0,12.17,5.01,2.51,1.49,0.0,0.0,0.0,0.4,0.0,0.4,-0.2,0.4,-169.60000000000002,0.0,0.0,169.70000000000002,0.0,21.700000000000003,29.4,29.4,29.9,300.0,300.0,31.6,35.4,29.200000000000003,28.5,30.3,4.95,2.0,4.96,0.16,0.0,0.0,1027.0,8228.0,0.0,0.0,0.0,0.0,0.0,1.0,0.0,0.0,0.0,0.0,0.0,0.0,0.0,-0.4,0.0,0.0,16.0,25903.0
2026-07-30T19:00:57.434Z,226.917,226.932,0.0,7.4,0.0,0.0,0.0,0.0,0.0,0.0,0.0,0.0,1.0,0.0,0.0,0.0,9.0,4.0,0.0,0.0,0.0,0.0,0.0,0.0,0.0,0.0,3.0,12.0,1.0,12.17,5.01,2.51,1.49,0.0,0.0,0.0,0.5,0.0,-0.1,0.3,-0.7000000000000001,-169.60000000000002,0.0,0.0,169.60000000000002,0.0,21.700000000000003,29.4,29.4,29.9,300.0,300.0,31.6,35.4,29.200000000000003,28.5,30.3,4.95,1.99,4.97,0.16,0.0,0.0,1027.0,8228.0,0.0,0.0,0.0,0.0,0.0,1.0,0.0,0.0,0.0,0.0,0.0,-0.1,0.0,0.7000000000000001,0.0,0.0001,16.0,25903.0
2026-07-30T19:00:57.448Z,226.931,226.944,0.0,7.4,0.0,0.0,0.0,0.0,0.0,0.0,0.0,0.0,1.0,0.0,0.0,0.0,9.0,4.0,0.0,0.0,0.0,0.0,0.0,0.0,0.0,0.0,4.0,12.0,1.0,12.18,5.0200000000000005,2.5,1.49,0.0,0.1,0.0,0.4,0.0,-0.1,0.3,0.4,-169.60000000000002,0.0,0.0,169.70000000000002,0.0,21.8,29.4,29.4,29.9,300.0,300.0,31.5,35.5,29.200000000000003,28.5,30.3,4.95,2.0,4.97,0.16,0.0,0.0,1027.0,8228.0,0.0,0.0,0.0,0.0,0.0,1.0,0.0,0.0,0.0,0.0,0.0,0.6000000000000001,0.0,-0.3,0.0,0.0,16.0,25903.0
2026-07-30T19:00:57.458Z,226.941,226.956,0.0,7.4,0.0,0.0,0.0,0.0,0.0,0.0,0.0,0.0,1.0,0.0,0.0,0.0,9.0,4.0,0.0,0.0,0.0,0.0,0.0,0.0,0.0,0.0,5.0,12.0,1.0,12.18,5.0200000000000005,2.5,1.49,0.0,0.0,0.0,0.4,0.0,-0.1,-0.3,-0.1,-169.60000000000002,0.0,0.0,169.60000000000002,0.0,21.8,29.4,29.4,29.9,300.0,300.0,31.5,35.5,29.200000000000003,28.5,30.3,4.96,2.0,4.96,0.16,0.0,0.0,1027.0,8228.0,0.0,0.0,0.0,0.0,0.0,1.0,0.0,0.0,0.0,0.0,0.0,-0.4,0.0,0.0,0.0,0.0,16.0,25903.0
2026-07-30T19:00:57.470Z,226.953,226.968,0.0,7.4,0.0,0.0,0.0,0.0,0.0,0.0,0.0,0.0,1.0,0.0,0.0,0.0,9.0,4.0,0.0,0.0,0.0,0.0,0.0,0.0,0.0,0.0,6.0,12.0,1.0,12.18,5.0200000000000005,2.5,1.49,0.0,0.0,0.0,0.4,0.0,-0.1,-1.4,-0.7000000000000001,-169.60000000000002,0.0,0.0,169.60000000000002,0.0,21.8,29.4,29.4,29.9,300.0,300.0,31.5,35.5,29.200000000000003,28.5,30.3,4.95,2.0,4.97,0.16,0.0,0.0,1027.0,8228.0,0.0,0.0,0.0,0.0,0.0,1.0,0.0,0.0,0.0,0.0,0.0,-2.2,0.0,0.3,0.0,0.0,16.0,25903.0
2026-07-30T19:00:57.483Z,226.966,226.98,0.0,7.4,0.0,0.0,0.0,0.0,0.0,0.0,0.0,0.0,1.0,0.0,0.0,0.0,9.0,4.0,0.0,0.0,0.0,0.0,0.0,0.0,0.0,0.0,1.0,12.0,1.0,12.18,5.0200000000000005,2.5,1.49,0.0,0.0,0.0,0.4,0.0,-0.1,-0.3,0.4,-169.60000000000002,0.0,0.0,169.8,0.0,21.8,29.4,29.4,29.9,300.0,300.0,31.5,35.5,29.200000000000003,28.5,30.3,4.95,1.99,4.97,0.16,0.0,0.0,1027.0,8228.0,0.0,0.0,0.0,0.0,0.0,1.0,0.0,0.0,0.0,0.0,0.0,0.0,0.0,-0.4,0.0,0.0,16.0,25903.0
2026-07-30T19:00:57.495Z,226.978,226.992,0.0,7.4,0.0,0.0,0.0,0.0,0.0,0.0,0.0,0.0,1.0,0.0,0.0,0.0,9.0,4.0,0.0,0.0,0.0,0.0,0.0,0.0,0.0,0.0,3.0,12.0,1.0,12.18,5.0200000000000005,2.5,1.49,0.0,0.0,0.0,0.4,0.0,-0.1,0.2,-1.2000000000000002,-169.60000000000002,0.0,0.0,169.70000000000002,0.0,21.8,29.4,29.4,29.9,300.0,300.0,31.5,35.5,29.200000000000003,28.5,30.3,4.95,2.0,4.97,0.16,0.0,0.0,1027.0,8228.0,0.0,0.0,0.0,0.0,0.0,1.0,0.0,0.0,0.0,0.0,0.0,-0.6000000000000001,0.0,1.1,0.0,0.0002,16.0,25903.0
2026-07-30T19:00:57.507Z,226.99,227.004,0.0,7.4,0.0,0.0,0.0,0.0,0.0,0.0,0.0,0.0,1.0,0.0,0.0,0.0,9.0,4.0,0.0,0.0,0.0,0.0,0.0,0.0,0.0,0.0,3.0,12.0,1.0,12.18,5.0200000000000005,2.5,1.49,0.0,0.0,0.0,0.4,0.0,0.4,0.2,1.0,-169.60000000000002,0.0,0.0,169.60000000000002,0.0,21.8,29.4,29.4,29.9,300.0,300.0,31.5,35.5,29.200000000000003,28.5,30.3,4.95,2.0,4.97,0.16,0.0,0.0,1027.0,8228.0,0.0,0.0,0.0,0.0,0.0,1.0,0.0,0.0,0.0,0.0,0.0,1.0,0.0,-0.8,0.0,0.0001,16.0,25903.0
2026-07-30T19:00:57.519Z,227.002,227.016,0.0,7.4,0.0,0.0,0.0,0.0,0.0,0.0,0.0,0.0,1.0,0.0,0.0,0.0,9.0,4.0,0.0,0.0,0.0,0.0,0.0,0.0,0.0,0.0,5.0,12.0,1.0,12.18,5.0200000000000005,2.5,1.49,0.0,0.0,0.0,0.4,0.0,-0.1,0.2,-0.1,-169.60000000000002,0.0,0.0,169.60000000000002,0.0,21.8,29.4,29.4,29.9,300.0,300.0,31.5,35.5,29.200000000000003,28.5,30.3,4.95,1.99,4.96,0.16,0.0,0.0,1027.0,8228.0,0.0,0.0,0.0,0.0,0.0,1.0,0.0,0.0,0.0,0.0,0.0,0.1,0.0,0.1,0.0,0.0,16.0,25903.0
2026-07-30T19:00:57.531Z,227.014,227.028,0.0,7.4,0.0,0.0,0.0,0.0,0.0,0.0,0.0,0.0,1.0,0.0,0.0,0.0,9.0,4.0,0.0,0.0,0.0,0.0,0.0,0.0,0.0,0.0,6.0,12.0,1.0,12.18,5.0200000000000005,2.5,1.49,0.0,0.0,0.0,0.4,0.0,-0.2,-0.3,-0.6000000000000001,-169.60000000000002,0.0,0.0,169.60000000000002,0.0,21.8,29.4,29.4,29.9,300.0,300.0,31.5,35.5,29.200000000000003,28.5,30.3,4.95,1.99,4.96,0.16,0.0,0.0,1027.0,8228.0,0.0,0.0,0.0,0.0,0.0,1.0,0.0,0.0,0.0,0.0,0.0,-0.9,0.0,0.5,0.0,0.0,16.0,25903.0
2026-07-30T19:00:57.543Z,227.026,227.04,0.0,7.4,0.0,0.0,0.0,0.0,0.0,0.0,0.0,0.0,1.0,0.0,0.0,0.0,9.0,4.0,0.0,0.0,0.0,0.0,0.0,0.0,0.0,0.0,1.0,12.0,1.0,12.18,5.0200000000000005,2.5,1.49,0.0,0.0,0.0,0.4,0.0,-0.2,0.1,1.0,-169.60000000000002,0.0,0.0,169.60000000000002,0.0,21.8,29.4,29.4,29.9,300.0,300.0,31.5,35.5,29.200000000000003,28.5,30.3,4.96,1.99,4.96,0.16,0.0,0.0,1027.0,8228.0,0.0,0.0,0.0,0.0,0.0,1.0,0.0,0.0,0.0,0.0,0.0,0.9,0.0,-0.8,0.0,0.0,16.0,25903.0
2026-07-30T19:00:57.555Z,227.038,227.052,0.0,7.4,0.0,0.0,0.0,0.0,0.0,0.0,0.0,0.0,1.0,0.0,0.0,0.0,9.0,4.0,0.0,0.0,0.0,0.0,0.0,0.0,0.0,0.0,2.0,12.0,1.0,12.14,5.0200000000000005,2.5,1.5,0.0,0.0,0.0,0.4,0.0,-0.1,0.7000000000000001,-0.7000000000000001,-169.60000000000002,0.0,0.0,169.60000000000002,0.0,21.700000000000003,29.4,29.4,30.0,300.0,300.0,31.4,35.300000000000004,29.200000000000003,28.5,30.3,4.95,1.99,4.97,0.16,0.0,0.0,1027.0,8228.0,0.0,0.0,0.0,0.0,0.0,1.0,0.0,0.0,0.0,0.0,0.0,0.3,0.0,0.8,0.0,0.0,16.0,25903.0
2026-07-30T19:00:57.567Z,227.05,227.064,0.0,7.4,0.0,0.0,0.0,0.0,0.0,0.0,0.0,0.0,1.0,0.0,0.0,0.0,9.0,4.0,0.0,0.0,0.0,0.0,0.0,0.0,0.0,0.0,3.0,12.0,1.0,12.14,5.0200000000000005,2.5,1.5,0.0,0.0,0.0,0.4,0.0,0.9,0.7000000000000001,0.4,-169.60000000000002,0.0,0.0,169.70000000000002,0.0,21.700000000000003,29.4,29.4,30.0,300.0,300.0,31.4,35.300000000000004,29.200000000000003,28.5,30.3,4.95,1.99,4.97,0.16,0.0,0.0,1027.0,8228.0,0.0,0.0,0.0,0.0,0.0,1.0,0.0,0.0,0.0,0.0,0.0,1.2000000000000002,0.0,-0.2,0.0,0.0,16.0,25903.0
2026-07-30T19:00:57.579Z,227.062,227.076,0.0,7.4,0.0,0.0,0.0,0.0,0.0,0.0,0.0,0.0,1.0,0.0,0.0,0.0,9.0,4.0,0.0,0.0,0.0,0.0,0.0,0.0,0.0,0.0,4.0,12.0,1.0,12.14,5.0200000000000005,2.5,1.5,0.0,0.0,0.0,0.4,0.0,0.3,0.2,-0.1,-169.60000000000002,0.0,0.0,169.70000000000002,0.0,21.700000000000003,29.4,29.4,30.0,300.0,300.0,31.4,35.300000000000004,29.200000000000003,28.5,30.3,4.95,1.99,4.96,0.16,0.0,0.0,1027.0,8228.0,0.0,0.0,0.0,0.0,0.0,1.0,0.0,0.0,0.0,0.0,0.0,0.1,0.0,0.1,0.0,0.0,16.0,25903.0
2026-07-30T19:00:57.591Z,227.074,227.088,0.0,7.4,0.0,0.0,0.0,0.0,0.0,0.0,0.0,0.0,1.0,0.0,0.0,0.0,9.0,4.0,0.0,0.0,0.0,0.0,0.0,0.0,0.0,0.0,5.0,12.0,1.0,12.14,5.0200000000000005,2.5,1.5,0.0,0.0,0.0,0.5,0.0,1.5,1.9,0.4,-169.60000000000002,0.0,0.0,169.60000000000002,0.0,21.700000000000003,29.4,29.4,30.0,300.0,300.0,31.4,35.300000000000004,29.200000000000003,28.5,30.3,4.96,1.99,4.96,0.16,0.0,0.0,1027.0,8228.0,0.0,0.0,0.0,0.0,0.0,1.0,0.0,0.0,0.0,0.0,0.0,2.5,0.0,0.0,0.0,0.0,16.0,25903.0
2026-07-30T19:00:57.603Z,227.086,227.1,0.0,7.4,0.0,0.0,0.0,0.0,0.0,0.0,0.0,0.0,1.0,0.0,0.0,0.0,9.0,4.0,0.0,0.0,0.0,0.0,0.0,0.0,0.0,0.0,6.0,12.0,1.0,12.14,5.0200000000000005,2.5,1.5,0.0,0.0,0.0,0.5,0.0,-0.1,0.7000000000000001,0.4,-169.60000000000002,0.0,0.0,169.70000000000002,0.0,21.700000000000003,29.4,29.4,30.0,300.0,300.0,31.4,35.300000000000004,29.200000000000003,28.5,30.3,4.95,1.99,4.96,0.16,0.0,0.0,1027.0,8228.0,0.0,0.0,0.0,0.0,0.0,1.0,0.0,0.0,0.0,0.0,0.0,1.1,0.0,-0.2,0.0,0.0001,16.0,25903.0
2026-07-30T19:00:57.615Z,227.098,227.112,0.0,7.4,0.0,0.0,0.0,0.0,0.0,0.0,0.0,0.0,1.0,0.0,0.0,0.0,9.0,4.0,0.0,0.0,0.0,0.0,0.0,0.0,0.0,0.0,1.0,12.0,1.0,12.14,5.0200000000000005,2.5,1.5,0.0,0.0,0.0,0.4,0.0,-0.2,-0.9,-1.3,-169.60000000000002,0.0,0.0,169.8,0.0,21.700000000000003,29.4,29.4,30.0,300.0,300.0,31.4,35.300000000000004,29.200000000000003,28.5,30.3,4.96,2.0,4.96,0.16,0.0,0.0,1027.0,8228.0,0.0,0.0,0.0,0.0,0.0,1.0,0.0,0.0,0.0,0.0,0.0,-2.0,0.0,0.9,0.0,0.0,16.0,25903.0
2026-07-30T19:00:57.627Z,227.11,227.124,0.0,7.4,0.0,0.0,0.0,0.0,0.0,0.0,0.0,0.0,1.0,0.0,0.0,0.0,9.0,4.0,0.0,0.0,0.0,0.0,0.0,0.0,0.0,0.0,2.0,12.0,1.0,12.14,5.0200000000000005,2.5,1.5,0.0,0.0,0.0,0.4,0.0,0.9,0.8,0.4,-169.60000000000002,0.0,0.0,169.70000000000002,0.0,21.700000000000003,29.4,29.4,30.0,300.0,300.0,31.4,35.300000000000004,29.200000000000003,28.5,30.3,4.96,2.0,4.97,0.16,0.0,0.0,1027.0,8228.0,0.0,0.0,0.0,0.0,0.0,1.0,0.0,0.0,0.0,0.0,0.0,1.2000000000000002,0.0,-0.2,0.0,0.0002,16.0,25903.0
2026-07-30T19:00:57.639Z,227.122,227.136,0.0,7.4,0.0,0.0,0.0,0.0,0.0,0.0,0.0,0.0,1.0,0.0,0.0,0.0,9.0,4.0,0.0,0.0,0.0,0.0,0.0,0.0,0.0,0.0,3.0,12.0,1.0,12.14,5.0200000000000005,2.5,1.5,0.0,0.0,0.0,0.4,0.0,0.4,0.2,1.6,-169.60000000000002,0.0,0.0,169.60000000000002,0.0,21.700000000000003,29.4,29.4,30.0,300.0,300.0,31.4,35.300000000000004,29.200000000000003,28.5,30.3,4.95,1.99,4.97,0.16,0.0,0.0,1027.0,8228.0,0.0,0.0,0.0,0.0,0.0,1.0,0.0,0.0,0.0,0.0,0.0,1.4,0.0,-1.3,0.0,0.0,16.0,25903.0
2026-07-30T19:00:57.652Z,227.135,227.148,0.0,7.4,0.0,0.0,0.0,0.0,0.0,0.0,0.0,0.0,1.0,0.0,0.0,0.0,9.0,4.0,0.0,0.0,0.0,0.0,0.0,0.0,0.0,0.0,5.0,12.0,1.0,12.18,5.0200000000000005,2.51,1.49,0.0,0.0,0.0,0.4,0.0,-0.2,-0.3,0.0,-169.60000000000002,0.0,0.0,169.70000000000002,0.0,21.3,29.4,29.4,29.9,300.0,300.0,31.4,35.300000000000004,29.200000000000003,28.4,30.3,4.96,1.99,4.96,0.16,0.0,0.0,1027.0,8228.0,0.0,0.0,0.0,0.0,0.0,1.0,0.0,0.0,0.0,0.0,0.0,-0.4,0.0,0.0,0.0,0.0001,16.0,25903.0
2026-07-30T19:00:57.663Z,227.146,227.16,0.0,7.4,0.0,0.0,0.0,0.0,0.0,0.0,0.0,0.0,1.0,0.0,0.0,0.0,9.0,4.0,0.0,0.0,0.0,0.0,0.0,0.0,0.0,0.0,6.0,12.0,1.0,12.18,5.0200000000000005,2.51,1.49,0.0,0.0,0.0,0.4,0.0,-0.7000000000000001,-0.9,-0.6000000000000001,-169.60000000000002,0.0,0.0,169.60000000000002,0.0,21.3,29.4,29.4,29.9,300.0,300.0,31.4,35.300000000000004,29.200000000000003,28.4,30.3,4.96,1.99,4.96,0.16,0.0,0.0,1027.0,8228.0,0.0,0.0,0.0,0.0,0.0,1.0,0.0,0.0,0.0,0.0,0.0,-1.5,0.0,0.4,0.0,0.0,16.0,25903.0
2026-07-30T19:00:57.675Z,227.158,227.172,0.0,7.4,0.0,0.0,0.0,0.0,0.0,0.0,0.0,0.0,1.0,0.0,0.0,0.0,9.0,4.0,0.0,0.0,0.0,0.0,0.0,0.0,0.0,0.0,1.0,12.0,1.0,12.18,5.0200000000000005,2.51,1.49,0.0,0.0,0.0,0.4,0.0,-0.1,1.4,0.0,-169.60000000000002,0.0,0.0,169.70000000000002,0.0,21.3,29.4,29.4,29.9,300.0,300.0,31.4,35.300000000000004,29.200000000000003,28.4,30.3,4.96,1.99,4.97,0.16,0.0,0.0,1027.0,8228.0,0.0,0.0,0.0,0.0,0.0,1.0,0.0,0.0,0.0,0.0,0.0,1.6,0.0,0.3,0.0,0.0001,16.0,25903.0
2026-07-30T19:00:57.687Z,227.17,227.184,0.0,7.4,0.0,0.0,0.0,0.0,0.0,0.0,0.0,0.0,1.0,0.0,0.0,0.0,9.0,4.0,0.0,0.0,0.0,0.0,0.0,0.0,0.0,0.0,3.0,12.0,1.0,12.18,5.0200000000000005,2.51,1.49,0.0,0.0,0.0,0.4,0.0,0.9,0.2,0.4,-169.60000000000002,0.0,0.0,169.70000000000002,0.0,21.3,29.4,29.4,29.9,300.0,300.0,31.4,35.300000000000004,29.200000000000003,28.4,30.3,4.96,2.0,4.97,0.16,0.0,0.0,1027.0,8228.0,0.0,0.0,0.0,0.0,0.0,1.0,0.0,0.0,0.0,0.0,0.0,0.6000000000000001,0.0,-0.3,0.0,0.0,16.0,25903.0
2026-07-30T19:00:57.699Z,227.182,227.196,0.0,7.4,0.0,0.0,0.0,0.0,0.0,0.0,0.0,0.0,1.0,0.0,0.0,0.0,9.0,4.0,0.0,0.0,0.0,0.0,0.0,0.0,0.0,0.0,4.0,12.0,1.0,12.18,5.0200000000000005,2.51,1.49,0.0,0.0,0.0,0.4,0.0,0.3,0.2,1.6,-169.60000000000002,0.0,0.0,169.60000000000002,0.0,21.3,29.4,29.4,29.9,300.0,300.0,31.4,35.300000000000004,29.200000000000003,28.4,30.3,4.95,2.0,4.96,0.16,0.0,0.0,1027.0,8228.0,0.0,0.0,0.0,0.0,0.0,1.0,0.0,0.0,0.0,0.0,0.0,1.4,0.0,-1.4,0.0,0.0,16.0,25903.0
2026-07-30T19:00:57.711Z,227.194,227.208,0.0,7.4,0.0,0.0,0.0,0.0,0.0,0.0,0.0,0.0,1.0,0.0,0.0,0.0,9.0,4.0,0.0,0.0,0.0,0.0,0.0,0.0,0.0,0.0,5.0,12.0,1.0,12.18,5.0200000000000005,2.51,1.49,0.0,0.0,0.0,0.4,0.0,-0.8,0.7000000000000001,-0.1,-169.60000000000002,0.0,0.0,169.70000000000002,0.0,21.3,29.4,29.4,29.9,300.0,300.0,31.4,35.300000000000004,29.200000000000003,28.4,30.3,4.95,1.99,4.97,0.16,0.0,0.0,1027.0,8228.0,0.0,0.0,0.0,0.0,0.0,1.0,0.0,0.0,0.0,0.0,0.0,0.7000000000000001,0.0,0.2,0.0,0.0001,16.0,25903.0
2026-07-30T19:00:57.729Z,227.212,227.22,0.0,7.4,0.0,0.0,0.0,0.0,0.0,0.0,0.0,0.0,1.0,0.0,0.0,0.0,9.0,4.0,0.0,0.0,0.0,0.0,0.0,0.0,0.0,0.0,5.0,12.0,1.0,12.18,5.0200000000000005,2.51,1.49,0.0,0.0,0.0,0.4,0.0,-0.8,0.1,0.3,-169.60000000000002,0.0,0.0,169.8,0.0,21.3,29.4,29.4,29.9,300.0,300.0,31.4,35.300000000000004,29.200000000000003,28.4,30.3,4.95,1.99,4.96,0.16,0.0,0.0,1027.0,8228.0,0.0,0.0,0.0,0.0,0.0,1.0,0.0,0.0,0.0,0.0,0.0,0.8,0.0,-0.8,0.0,0.0,16.0,25903.0
2026-07-30T19:00:57.735Z,227.218,227.232,0.0,7.4,0.0,0.0,0.0,0.0,0.0,0.0,0.0,0.0,1.0,0.0,0.0,0.0,9.0,4.0,0.0,0.0,0.0,0.0,0.0,0.0,0.0,0.0,4.0,12.0,1.0,12.18,5.0200000000000005,2.51,1.49,0.0,0.0,0.0,0.4,0.0,0.9,0.1,-0.1,-169.60000000000002,0.0,0.0,169.70000000000002,0.0,21.3,29.4,29.4,29.9,300.0,300.0,31.4,35.300000000000004,29.200000000000003,28.4,30.3,4.96,1.99,4.96,0.16,0.0,0.0,1027.0,8228.0,0.0,0.0,0.0,0.0,0.0,1.0,0.0,0.0,0.0,0.0,0.0,1.9,0.0,-1.2000000000000002,0.0,0.0001,16.0,25903.0
2026-07-30T19:00:57.747Z,227.23,227.244,0.0,7.4,0.0,0.0,0.0,0.0,0.0,0.0,0.0,0.0,1.0,0.0,0.0,0.0,9.0,4.0,0.0,0.0,0.0,0.0,0.0,0.0,0.0,0.0,5.0,12.0,1.0,12.18,5.0200000000000005,2.51,1.49,0.0,0.0,0.0,0.4,0.0,0.3,-1.0,-0.7000000000000001,-169.60000000000002,0.0,0.0,169.70000000000002,0.0,21.3,29.4,29.4,29.9,300.0,300.0,31.4,35.300000000000004,29.200000000000003,28.4,30.3,4.95,1.99,4.96,0.16,0.0,0.0,1027.0,8228.0,0.0,0.0,0.0,0.0,0.0,1.0,0.0,0.0,0.0,0.0,0.0,-1.7000000000000002,0.0,0.4,0.0,0.0,16.0,25903.0
2026-07-30T19:00:57.759Z,227.242,227.256,0.0,7.4,0.0,0.0,0.0,0.0,0.0,0.0,0.0,0.0,1.0,0.0,0.0,0.0,9.0,4.0,0.0,0.0,0.0,0.0,0.0,0.0,0.0,0.0,1.0,12.0,1.0,12.17,5.0200000000000005,2.51,1.5,0.0,0.1,0.0,0.4,0.0,0.3,-0.4,-0.1,-169.60000000000002,0.0,0.0,169.70000000000002,0.0,21.4,29.4,29.4,29.9,300.0,300.0,31.5,35.4,29.200000000000003,28.4,30.3,4.95,1.99,4.97,0.16,0.0,0.0,1027.0,8228.0,0.0,0.0,0.0,0.0,0.0,1.0,0.0,0.0,0.0,0.0,0.0,-0.6000000000000001,0.0,0.0,0.0,0.0001,16.0,25903.0
2026-07-30T19:00:57.771Z,227.254,227.268,0.0,7.4,0.0,0.0,0.0,0.0,0.0,0.0,0.0,0.0,1.0,0.0,0.0,0.0,9.0,4.0,0.0,0.0,0.0,0.0,0.0,0.0,0.0,0.0,2.0,12.0,1.0,12.17,5.0200000000000005,2.51,1.5,0.0,0.0,0.0,0.4,0.0,-0.2,1.2000000000000002,-0.2,-169.60000000000002,0.0,0.0,169.60000000000002,0.0,21.4,29.4,29.4,29.9,300.0,300.0,31.5,35.4,29.200000000000003,28.4,30.3,4.95,1.99,4.96,0.16,0.0,0.0,1027.0,8228.0,0.0,0.0,0.0,0.0,0.0,1.0,0.0,0.0,0.0,0.0,0.0,1.2000000000000002,0.0,0.4,0.0,0.0001,16.0,25903.0
2026-07-30T19:00:57.783Z,227.266,227.28,0.0,7.4,0.0,0.0,0.0,0.0,0.0,0.0,0.0,0.0,1.0,0.0,0.0,0.0,9.0,4.0,0.0,0.0,0.0,0.0,0.0,0.0,0.0,0.0,2.0,12.0,1.0,12.17,5.0200000000000005,2.51,1.5,0.0,0.0,0.0,0.4,0.0,0.3,0.6000000000000001,0.9,-169.60000000000002,0.0,0.0,169.60000000000002,0.0,21.4,29.4,29.4,29.9,300.0,300.0,31.5,35.4,29.200000000000003,28.4,30.3,4.95,2.0,4.96,0.16,0.0,0.0,1027.0,8228.0,0.0,0.0,0.0,0.0,0.0,1.0,0.0,0.0,0.0,0.0,0.0,1.4,0.0,-0.7000000000000001,0.0,0.0001,16.0,25903.0
2026-07-30T19:00:57.795Z,227.278,227.292,0.0,7.4,0.0,0.0,0.0,0.0,0.0,0.0,0.0,0.0,1.0,0.0,0.0,0.0,9.0,4.0,0.0,0.0,0.0,0.0,0.0,0.0,0.0,0.0,3.0,12.0,1.0,12.17,5.0200000000000005,2.51,1.5,0.0,0.0,0.0,0.4,0.0,0.3,0.5,0.3,-169.60000000000002,0.0,0.0,169.70000000000002,0.0,21.4,29.4,29.4,29.9,300.0,300.0,31.5,35.4,29.200000000000003,28.4,30.3,4.95,2.0,4.97,0.16,0.0,0.0,1027.0,8228.0,0.0,0.0,0.0,0.0,0.0,1.0,0.0,0.0,0.0,0.0,0.0,0.9,0.0,-0.2,0.0,0.0,16.0,25903.0
2026-07-30T19:00:57.807Z,227.29,227.304,0.0,7.4,0.0,0.0,0.0,0.0,0.0,0.0,0.0,0.0,1.0,0.0,0.0,0.0,9.0,4.0,0.0,0.0,0.0,0.0,0.0,0.0,0.0,0.0,5.0,12.0,1.0,12.17,5.0200000000000005,2.51,1.5,0.0,0.0,0.0,0.4,0.0,-0.7000000000000001,-1.1,-0.2,-169.60000000000002,0.0,0.0,169.70000000000002,0.0,21.4,29.4,29.4,29.9,300.0,300.0,31.5,35.4,29.200000000000003,28.4,30.3,4.96,1.99,4.97,0.16,0.0,0.0,1027.0,8228.0,0.0,0.0,0.0,0.0,0.0,1.0,0.0,0.0,0.0,0.0,0.0,-1.5,0.0,0.0,0.0,0.0002,16.0,25903.0
2026-07-30T19:00:57.819Z,227.302,227.316,0.0,7.4,0.0,0.0,0.0,0.0,0.0,0.0,0.0,0.0,1.0,0.0,0.0,0.0,9.0,4.0,0.0,0.0,0.0,0.0,0.0,0.0,0.0,0.0,6.0,12.0,1.0,12.17,5.0200000000000005,2.51,1.5,0.0,0.0,0.0,0.4,0.0,0.4,0.0,-0.7000000000000001,-169.60000000000002,0.0,0.0,169.70000000000002,0.0,21.4,29.4,29.4,29.9,300.0,300.0,31.5,35.4,29.200000000000003,28.4,30.3,4.96,2.0,4.96,0.16,0.0,0.0,1027.0,8228.0,0.0,0.0,0.0,0.0,0.0,1.0,0.0,0.0,0.0,0.0,0.0,-0.5,0.0,0.6000000000000001,0.0,0.0,16.0,25903.0
2026-07-30T19:00:57.831Z,227.314,227.328,0.0,7.4,0.0,0.0,0.0,0.0,0.0,0.0,0.0,0.0,1.0,0.0,0.0,0.0,9.0,4.0,0.0,0.0,0.0,0.0,0.0,0.0,0.0,0.0,1.0,12.0,1.0,12.17,5.0200000000000005,2.51,1.5,0.0,0.0,0.0,0.4,0.0,-0.1,1.1,-0.2,-169.60000000000002,0.0,0.0,169.70000000000002,0.0,21.4,29.4,29.4,29.9,300.0,300.0,31.5,35.4,29.200000000000003,28.4,30.3,4.95,1.99,4.96,0.16,0.0,0.0,1027.0,8228.0,0.0,0.0,0.0,0.0,0.0,1.0,0.0,0.0,0.0,0.0,0.0,1.1,0.0,0.4,0.0,0.0001,16.0,25903.0
2026-07-30T19:00:57.843Z,227.326,227.34,0.0,7.4,0.0,0.0,0.0,0.0,0.0,0.0,0.0,0.0,1.0,0.0,0.0,0.0,9.0,4.0,0.0,0.0,0.0,0.0,0.0,0.0,0.0,0.0,3.0,12.0,1.0,12.17,5.0200000000000005,2.51,1.5,0.0,0.0,0.0,0.4,0.0,0.4,0.0,0.9,-169.60000000000002,0.0,0.0,169.70000000000002,0.0,21.4,29.4,29.4,29.9,300.0,300.0,31.5,35.4,29.200000000000003,28.4,30.3,4.95,1.99,4.97,0.16,0.0,0.0,1027.0,8228.0,0.0,0.0,0.0,0.0,0.0,1.0,0.0,0.0,0.0,0.0,0.0,0.7000000000000001,0.0,-0.8,0.0,0.0,16.0,25903.0
2026-07-30T19:00:57.856Z,227.339,227.352,0.0,7.4,0.0,0.0,0.0,0.0,0.0,0.0,0.0,0.0,1.0,0.0,0.0,0.0,9.0,4.0,0.0,0.0,0.0,0.0,0.0,0.0,0.0,0.0,4.0,12.0,1.0,12.17,5.01,2.51,1.49,0.0,0.0,0.0,0.4,0.0,1.0,-1.1,-0.7000000000000001,-169.60000000000002,0.0,0.0,169.70000000000002,0.0,21.700000000000003,29.4,29.4,29.9,300.0,300.0,31.4,35.4,29.200000000000003,28.4,30.3,4.96,1.99,4.96,0.16,0.0,0.0,1027.0,8228.0,0.0,0.0,0.0,0.0,0.0,1.0,0.0,0.0,0.0,0.0,0.0,-1.9,0.0,0.4,0.0,0.0,16.0,25903.0
2026-07-30T19:00:57.867Z,227.35,227.364,0.0,7.4,0.0,0.0,0.0,0.0,0.0,0.0,0.0,0.0,1.0,0.0,0.0,0.0,9.0,4.0,0.0,0.0,0.0,0.0,0.0,0.0,0.0,0.0,5.0,12.0,1.0,12.17,5.01,2.51,1.49,0.0,0.0,0.0,0.5,0.0,-0.6000000000000001,0.0,-0.2,-169.60000000000002,0.0,0.0,169.8,0.0,21.700000000000003,29.4,29.4,29.9,300.0,300.0,31.4,35.4,29.200000000000003,28.4,30.3,4.96,1.99,4.97,0.16,0.0,0.0,1027.0,8228.0,0.0,0.0,0.0,0.0,0.0,1.0,0.0,0.0,0.0,0.0,0.0,-0.1,0.0,0.1,0.0,0.0001,16.0,25903.0
2026-07-30T19:00:57.879Z,227.362,227.376,0.0,7.4,0.0,0.0,0.0,0.0,0.0,0.0,0.0,0.0,1.0,0.0,0.0,0.0,9.0,4.0,0.0,0.0,0.0,0.0,0.0,0.0,0.0,0.0,6.0,12.0,1.0,12.17,5.01,2.51,1.49,0.0,0.0,0.0,0.4,0.0,-0.1,0.0,-0.7000000000000001,-169.60000000000002,0.0,0.0,169.70000000000002,0.0,21.700000000000003,29.4,29.4,29.9,300.0,300.0,31.4,35.4,29.200000000000003,28.4,30.3,4.95,1.99,4.97,0.16,0.0,0.0,1027.0,8228.0,0.0,0.0,0.0,0.0,0.0,1.0,0.0,0.0,0.0,0.0,0.0,-0.4,0.0,0.6000000000000001,0.0,0.0001,16.0,25903.0
2026-07-30T19:00:57.890Z,227.373,227.388,0.0,7.4,0.0,0.0,0.0,0.0,0.0,0.0,0.0,0.0,1.0,0.0,0.0,0.0,9.0,4.0,0.0,0.0,0.0,0.0,0.0,0.0,0.0,0.0,1.0,12.0,1.0,12.17,5.01,2.51,1.49,0.0,0.0,0.0,0.4,0.0,0.4,0.6000000000000001,-0.1,-169.60000000000002,0.0,0.0,169.70000000000002,0.0,21.700000000000003,29.4,29.4,29.9,300.0,300.0,31.4,35.4,29.200000000000003,28.4,30.3,4.96,1.99,4.97,0.16,0.0,0.0,1027.0,8228.0,0.0,0.0,0.0,0.0,0.0,1.0,0.0,0.0,0.0,0.0,0.0,0.6000000000000001,0.0,0.2,0.0,0.0001,16.0,25903.0
2026-07-30T19:00:57.903Z,227.386,227.4,0.0,7.4,0.0,0.0,0.0,0.0,0.0,0.0,0.0,0.0,1.0,0.0,0.0,0.0,9.0,4.0,0.0,0.0,0.0,0.0,0.0,0.0,0.0,0.0,2.0,12.0,1.0,12.17,5.01,2.51,1.49,0.0,0.0,0.0,0.4,0.0,0.4,-0.5,2.1,-169.60000000000002,0.0,0.0,169.70000000000002,0.0,21.700000000000003,29.4,29.4,29.9,300.0,300.0,31.4,35.4,29.200000000000003,28.4,30.3,4.96,2.0,4.96,0.16,0.0,0.0,1027.0,8228.0,0.0,0.0,0.0,0.0,0.0,1.0,0.0,0.0,0.0,0.0,0.0,0.9,0.0,-2.0,0.0,0.0001,16.0,25903.0
2026-07-30T19:00:57.915Z,227.398,227.412,0.0,7.4,0.0,0.0,0.0,0.0,0.0,0.0,0.0,0.0,1.0,0.0,0.0,0.0,9.0,4.0,0.0,0.0,0.0,0.0,0.0,0.0,0.0,0.0,3.0,12.0,1.0,12.17,5.01,2.51,1.49,0.0,0.0,0.0,0.4,0.0,0.4,0.0,1.0,-169.60000000000002,0.0,0.0,169.8,0.0,21.700000000000003,29.4,29.4,29.9,300.0,300.0,31.4,35.4,29.200000000000003,28.4,30.3,4.96,1.99,4.97,0.16,0.0,0.0,1027.0,8228.0,0.0,0.0,0.0,0.0,0.0,1.0,0.0,0.0,0.0,0.0,0.0,0.8,0.0,-0.9,0.0,0.0001,16.0,25903.0
2026-07-30T19:00:57.927Z,227.41,227.424,0.0,7.4,0.0,0.0,0.0,0.0,0.0,0.0,0.0,0.0,1.0,0.0,0.0,0.0,9.0,4.0,0.0,0.0,0.0,0.0,0.0,0.0,0.0,0.0,4.0,12.0,1.0,12.17,5.01,2.51,1.49,0.0,0.0,0.0,0.4,0.0,0.3,-0.5,-1.3,-169.70000000000002,0.0,0.0,169.8,0.0,21.700000000000003,29.4,29.4,29.9,300.0,300.0,31.4,35.4,29.200000000000003,28.4,30.3,4.96,1.99,4.97,0.16,0.0,0.0,1027.0,8228.0,0.0,0.0,0.0,0.0,0.0,1.0,0.0,0.0,0.0,0.0,0.0,-1.6,0.0,1.0,0.0,0.0001,16.0,25903.0
2026-07-30T19:00:57.939Z,227.422,227.436,0.0,7.4,0.0,0.0,0.0,0.0,0.0,0.0,0.0,0.0,1.0,0.0,0.0,0.0,9.0,4.0,0.0,0.0,0.0,0.0,0.0,0.0,0.0,0.0,5.0,12.0,1.0,12.17,5.01,2.51,1.49,0.0,0.0,0.0,0.4,0.0,0.3,0.0,-0.1,-169.70000000000002,0.0,0.0,169.8,0.0,21.700000000000003,29.4,29.4,29.9,300.0,300.0,31.4,35.4,29.200000000000003,28.4,30.3,4.96,1.99,4.96,0.16,0.0,0.0,1027.0,8228.0,0.0,0.0,0.0,0.0,0.0,1.0,0.0,0.0,0.0,0.0,0.0,0.0,0.0,0.1,0.0,0.0001,16.0,25903.0
2026-07-30T19:00:57.951Z,227.434,227.448,0.0,7.4,0.0,0.0,0.0,0.0,0.0,0.0,0.0,0.0,1.0,0.0,0.0,0.0,9.0,4.0,0.0,0.0,0.0,0.0,0.0,0.0,0.0,0.0,1.0,12.0,1.0,12.17,5.01,2.51,1.49,0.0,0.0,0.0,0.4,0.0,-0.2,-1.0,0.0,-169.70000000000002,0.0,0.0,169.70000000000002,0.0,21.700000000000003,29.4,29.4,29.9,300.0,300.0,31.4,35.4,29.200000000000003,28.4,30.3,4.95,1.99,4.97,0.16,0.0,0.0,1027.0,8228.0,0.0,0.0,0.0,0.0,0.0,1.0,0.0,0.0,0.0,0.0,0.0,-1.2000000000000002,0.0,-0.1,0.0,0.0001,16.0,25903.0
2026-07-30T19:00:57.963Z,227.446,227.46,0.0,7.4,0.0,0.0,0.0,0.0,0.0,0.0,0.0,0.0,1.0,0.0,0.0,0.0,9.0,4.0,0.0,0.0,0.0,0.0,0.0,0.0,0.0,0.0,2.0,12.0,1.0,12.2,5.01,2.5,1.49,0.0,0.0,0.0,0.4,0.0,-0.2,0.6000000000000001,-0.6000000000000001,-169.70000000000002,0.0,0.0,169.8,0.0,21.3,29.4,29.4,30.0,300.0,300.0,31.3,35.4,29.200000000000003,28.4,30.3,4.95,1.99,4.97,0.16,0.0,0.0,1027.0,8228.0,0.0,0.0,0.0,0.0,0.0,1.0,0.0,0.0,0.0,0.0,0.0,0.2,0.0,0.7000000000000001,0.0,0.0001,16.0,25903.0
2026-07-30T19:00:57.975Z,227.458,227.472,0.0,7.4,0.0,0.0,0.0,0.0,0.0,0.0,0.0,0.0,1.0,0.0,0.0,0.0,9.0,4.0,0.0,0.0,0.0,0.0,0.0,0.0,0.0,0.0,3.0,12.0,1.0,12.2,5.01,2.5,1.49,0.0,0.0,0.0,0.4,0.0,-0.2,0.0,0.5,-169.70000000000002,0.0,0.0,169.70000000000002,0.0,21.3,29.4,29.4,30.0,300.0,300.0,31.3,35.4,29.200000000000003,28.4,30.3,4.96,2.0,4.97,0.16,0.0,0.0,1027.0,8228.0,0.0,0.0,0.0,0.0,0.0,1.0,0.0,0.0,0.0,0.0,0.0,0.4,0.0,-0.4,0.0,0.0001,16.0,25903.0
2026-07-30T19:00:57.987Z,227.47,227.484,0.0,7.4,0.0,0.0,0.0,0.0,0.0,0.0,0.0,0.0,1.0,0.0,0.0,0.0,9.0,4.0,0.0,0.0,0.0,0.0,0.0,0.0,0.0,0.0,4.0,12.0,1.0,12.2,5.01,2.5,1.49,0.0,0.0,0.0,0.4,0.0,-0.2,-0.4,-0.6000000000000001,-169.70000000000002,0.0,0.0,169.60000000000002,0.0,21.3,29.4,29.4,30.0,300.0,300.0,31.3,35.4,29.200000000000003,28.4,30.3,4.96,2.0,4.96,0.16,0.0,0.0,1027.0,8228.0,0.0,0.0,0.0,0.0,0.0,1.0,0.0,0.0,0.0,0.0,0.0,-1.0,0.0,0.4,0.0,0.0,16.0,25903.0
2026-07-30T19:00:57.999Z,227.482,227.496,0.0,7.4,0.0,0.0,0.0,0.0,0.0,0.0,0.0,0.0,1.0,0.0,0.0,0.0,9.0,4.0,0.0,0.0,0.0,0.0,0.0,0.0,0.0,0.0,5.0,12.0,1.0,12.2,5.01,2.5,1.49,0.0,0.0,0.0,0.4,0.0,-0.2,-1.0,-1.2000000000000002,-169.70000000000002,0.0,0.0,169.70000000000002,0.0,21.3,29.4,29.4,30.0,300.0,300.0,31.3,35.4,29.200000000000003,28.4,30.3,4.96,1.99,4.97,0.16,0.0,0.0,1027.0,8228.0,0.0,0.0,0.0,0.0,0.0,1.0,0.0,0.0,0.0,0.0,0.0,-2.1,0.0,0.8,0.0,0.0002,16.0,25903.0
2026-07-30T19:00:58.011Z,227.494,227.508,0.0,7.4,0.0,0.0,0.0,0.0,0.0,0.0,0.0,0.0,1.0,0.0,0.0,0.0,9.0,4.0,0.0,0.0,0.0,0.0,0.0,0.0,0.0,0.0,1.0,12.0,1.0,12.2,5.01,2.5,1.49,0.0,0.0,0.0,0.4,0.0,-0.2,0.7000000000000001,0.0,-169.70000000000002,0.0,0.0,169.8,0.0,21.3,29.4,29.4,30.0,300.0,300.0,31.3,35.4,29.200000000000003,28.4,30.3,4.96,1.99,4.96,0.16,0.0,0.0,1027.0,8228.0,0.0,0.0,0.0,0.0,0.0,1.0,0.0,0.0,0.0,0.0,0.0,0.7000000000000001,0.0,0.2,0.0,0.0,16.0,25903.0
2026-07-30T19:00:58.023Z,227.506,227.52,0.0,7.4,0.0,0.0,0.0,0.0,0.0,0.0,0.0,0.0,1.0,0.0,0.0,0.0,9.0,4.0,0.0,0.0,0.0,0.0,0.0,0.0,0.0,0.0,2.0,12.0,1.0,12.2,5.01,2.5,1.49,0.0,0.0,0.0,0.4,0.0,-0.2,0.7000000000000001,-1.8,-169.70000000000002,0.0,0.0,169.8,0.0,21.3,29.4,29.4,30.0,300.0,300.0,31.3,35.4,29.200000000000003,28.4,30.3,4.96,1.99,4.96,0.16,0.0,0.0,1027.0,8228.0,0.0,0.0,0.0,0.0,0.0,1.0,0.0,0.0,0.0,0.0,0.0,-0.5,0.0,1.7000000000000002,0.0,0.0001,16.0,25903.0
2026-07-30T19:00:58.036Z,227.519,227.532,0.0,7.4,0.0,0.0,0.0,0.0,0.0,0.0,0.0,0.0,1.0,0.0,0.0,0.0,9.0,4.0,0.0,0.0,0.0,0.0,0.0,0.0,0.0,0.0,3.0,12.0,1.0,12.2,5.01,2.5,1.49,0.0,0.0,0.0,0.4,0.0,0.8,-0.4,0.4,-169.70000000000002,0.0,0.0,169.8,0.0,21.3,29.4,29.4,30.0,300.0,300.0,31.3,35.4,29.200000000000003,28.4,30.3,4.95,1.99,4.97,0.16,0.0,0.0,1027.0,8228.0,0.0,0.0,0.0,0.0,0.0,1.0,0.0,0.0,0.0,0.0,0.0,-0.1,0.0,-0.5,0.0,0.0001,16.0,25903.0
2026-07-30T19:00:58.048Z,227.531,227.544,0.0,7.4,0.0,0.0,0.0,0.0,0.0,0.0,0.0,0.0,1.0,0.0,0.0,0.0,9.0,4.0,0.0,0.0,0.0,0.0,0.0,0.0,0.0,0.0,2.0,12.0,1.0,12.2,5.01,2.5,1.49,0.0,0.0,0.0,0.4,0.0,-0.2,-1.0,-1.2000000000000002,-169.70000000000002,0.0,0.0,169.8,0.0,21.3,29.4,29.4,30.0,300.0,300.0,31.3,35.4,29.200000000000003,28.4,30.3,4.95,2.0,4.96,0.16,0.0,0.0,1027.0,8228.0,0.0,0.0,0.0,0.0,0.0,1.0,0.0,0.0,0.0,0.0,0.0,-2.1,0.0,0.9,0.0,0.0001,16.0,25903.0
2026-07-30T19:00:58.060Z,227.543,227.556,0.0,7.4,0.0,0.0,0.0,0.0,0.0,0.0,0.0,0.0,1.0,0.0,0.0,0.0,9.0,4.0,0.0,0.0,0.0,0.0,0.0,0.0,0.0,0.0,1.0,12.0,1.0,12.15,5.01,2.51,1.49,0.0,0.0,0.0,0.4,0.0,0.8,1.2000000000000002,0.0,-169.70000000000002,0.0,0.0,169.8,0.0,21.8,29.4,29.4,29.9,300.0,300.0,31.4,35.4,29.200000000000003,28.4,30.3,4.95,2.0,4.96,0.16,0.0,0.0,1027.0,8228.0,0.0,0.0,0.0,0.0,0.0,1.0,0.0,0.0,0.0,0.0,0.0,1.3,0.0,0.3,0.0,0.0001,16.0,25903.0
2026-07-30T19:00:58.071Z,227.554,227.568,0.0,7.4,0.0,0.0,0.0,0.0,0.0,0.0,0.0,0.0,1.0,0.0,0.0,0.0,9.0,4.0,0.0,0.0,0.0,0.0,0.0,0.0,0.0,0.0,2.0,12.0,1.0,12.15,5.01,2.51,1.49,0.0,0.0,0.0,0.4,0.0,0.3,-0.4,-0.6000000000000001,-169.70000000000002,0.0,0.0,169.8,0.0,21.8,29.4,29.4,29.9,300.0,300.0,31.4,35.4,29.200000000000003,28.4,30.3,4.95,1.99,4.96,0.16,0.0,0.0,1027.0,8228.0,0.0,0.0,0.0,0.0,0.0,1.0,0.0,0.0,0.0,0.0,0.0,-1.0,0.0,0.4,0.0,0.0,16.0,25903.0
2026-07-30T19:00:58.083Z,227.566,227.58,0.0,7.4,0.0,0.0,0.0,0.0,0.0,0.0,0.0,0.0,1.0,0.0,0.0,0.0,9.0,4.0,0.0,0.0,0.0,0.0,0.0,0.0,0.0,0.0,3.0,12.0,1.0,12.15,5.01,2.51,1.49,0.0,0.0,0.0,0.4,0.0,0.3,-0.4,-0.6000000000000001,-169.70000000000002,0.0,0.0,169.8,0.0,21.8,29.4,29.4,29.9,300.0,300.0,31.4,35.4,29.200000000000003,28.4,30.3,4.95,1.99,4.97,0.16,0.0,0.0,1027.0,8228.0,0.0,0.0,0.0,0.0,0.0,1.0,0.0,0.0,0.0,0.0,0.0,-1.0,0.0,0.4,0.0,0.0,16.0,25903.0
2026-07-30T19:00:58.095Z,227.578,227.592,0.0,7.4,0.0,0.0,0.0,0.0,0.0,0.0,0.0,0.0,1.0,0.0,0.0,0.0,9.0,4.0,0.0,0.0,0.0,0.0,0.0,0.0,0.0,0.0,5.0,12.0,1.0,12.15,5.01,2.51,1.49,0.0,0.0,0.0,0.4,0.0,0.8,1.2000000000000002,1.0,-169.70000000000002,0.0,0.0,169.8,0.0,21.8,29.4,29.4,29.9,300.0,300.0,31.4,35.4,29.200000000000003,28.4,30.3,4.96,1.99,4.96,0.16,0.0,0.0,1027.0,8228.0,0.0,0.0,0.0,0.0,0.0,1.0,0.0,0.0,0.0,0.0,0.0,2.2,0.0,-0.6000000000000001,0.0,0.0,16.0,25903.0
2026-07-30T19:00:58.107Z,227.59,227.604,0.0,7.4,0.0,0.0,0.0,0.0,0.0,0.0,0.0,0.0,1.0,0.0,0.0,0.0,9.0,4.0,0.0,0.0,0.0,0.0,0.0,0.0,0.0,0.0,6.0,12.0,1.0,12.15,5.01,2.51,1.49,0.0,0.0,0.0,0.4,0.0,-0.2,1.2000000000000002,1.0,-169.70000000000002,0.0,0.0,169.8,0.0,21.8,29.4,29.4,29.9,300.0,300.0,31.4,35.4,29.200000000000003,28.4,30.3,4.96,1.99,4.97,0.16,0.0,0.0,1027.0,8228.0,0.0,0.0,0.0,0.0,0.0,1.0,0.0,0.0,0.0,0.0,0.0,2.2,0.0,-0.7000000000000001,0.0,0.0,16.0,25903.0
2026-07-30T19:00:58.119Z,227.602,227.616,0.0,7.4,0.0,0.0,0.0,0.0,0.0,0.0,0.0,0.0,1.0,0.0,0.0,0.0,9.0,4.0,0.0,0.0,0.0,0.0,0.0,0.0,0.0,0.0,1.0,12.0,1.0,12.15,5.01,2.51,1.49,0.0,0.0,0.0,0.5,0.0,-0.2,1.2000000000000002,-0.1,-169.70000000000002,0.0,0.0,169.8,0.0,21.8,29.4,29.4,29.9,300.0,300.0,31.4,35.4,29.200000000000003,28.4,30.3,4.95,1.99,4.97,0.16,0.0,0.0,1027.0,8228.0,0.0,0.0,0.0,0.0,0.0,1.0,0.0,0.0,0.0,0.0,0.0,1.3,0.0,0.3,0.0,0.0,16.0,25903.0
2026-07-30T19:00:58.131Z,227.614,227.628,0.0,7.4,0.0,0.0,0.0,0.0,0.0,0.0,0.0,0.0,1.0,0.0,0.0,0.0,9.0,4.0,0.0,0.0,0.0,0.0,0.0,0.0,0.0,0.0,2.0,12.0,1.0,12.15,5.01,2.51,1.49,0.0,0.0,0.0,0.4,0.0,0.3,0.0,0.0,-169.70000000000002,0.0,0.0,169.8,0.0,21.8,29.4,29.4,29.9,300.0,300.0,31.4,35.4,29.200000000000003,28.4,30.3,4.96,1.99,4.96,0.16,0.0,0.0,1027.0,8228.0,0.0,0.0,0.0,0.0,0.0,1.0,0.0,0.0,0.0,0.0,0.0,0.0,0.0,0.0,0.0,0.0,16.0,25903.0
2026-07-30T19:00:58.143Z,227.626,227.64,0.0,7.4,0.0,0.0,0.0,0.0,0.0,0.0,0.0,0.0,1.0,0.0,0.0,0.0,9.0,4.0,0.0,0.0,0.0,0.0,0.0,0.0,0.0,0.0,3.0,12.0,1.0,12.15,5.01,2.51,1.49,0.0,0.0,0.0,0.4,0.0,-0.2,-0.5,-0.7000000000000001,-169.70000000000002,0.0,0.0,169.8,0.0,21.8,29.4,29.4,29.9,300.0,300.0,31.4,35.4,29.200000000000003,28.4,30.3,4.95,1.99,4.96,0.16,0.0,0.0,1027.0,8228.0,0.0,0.0,0.0,0.0,0.0,1.0,0.0,0.0,0.0,0.0,0.0,-1.1,0.0,0.5,0.0,0.0,16.0,25903.0
2026-07-30T19:00:58.155Z,227.638,227.652,0.0,7.4,0.0,0.0,0.0,0.0,0.0,0.0,0.0,0.0,1.0,0.0,0.0,0.0,9.0,4.0,0.0,0.0,0.0,0.0,0.0,0.0,0.0,0.0,4.0,12.0,1.0,12.15,5.01,2.51,1.49,0.0,0.0,0.0,0.4,0.0,0.9,0.6000000000000001,1.0,-169.70000000000002,0.0,0.0,169.70000000000002,0.0,21.8,29.4,29.4,29.9,300.0,300.0,31.4,35.4,29.200000000000003,28.4,30.3,4.95,1.99,4.97,0.16,0.0,0.0,1027.0,8228.0,0.0,0.0,0.0,0.0,0.0,1.0,0.0,0.0,0.0,0.0,0.0,1.5,0.0,-0.8,0.0,0.0001,16.0,25903.0
2026-07-30T19:00:58.167Z,227.65,227.664,0.0,7.4,0.0,0.0,0.0,0.0,0.0,0.0,0.0,0.0,1.0,0.0,0.0,0.0,9.0,4.0,0.0,0.0,0.0,0.0,0.0,0.0,0.0,0.0,5.0,12.0,1.0,12.17,5.0200000000000005,2.51,1.49,0.0,0.0,0.0,0.4,0.0,0.3,1.1,-0.1,-169.70000000000002,0.0,0.0,169.70000000000002,0.0,21.3,29.4,29.4,29.9,300.0,300.0,31.4,35.4,29.200000000000003,28.4,30.3,4.96,2.0,4.97,0.16,0.0,0.0,1027.0,8228.0,0.0,0.0,0.0,0.0,0.0,1.0,0.0,0.0,0.0,0.0,0.0,1.2000000000000002,0.0,0.3,0.0,0.0,16.0,25903.0
2026-07-30T19:00:58.179Z,227.662,227.676,0.0,7.4,0.0,0.0,0.0,0.0,0.0,0.0,0.0,0.0,1.0,0.0,0.0,0.0,9.0,4.0,0.0,0.0,0.0,0.0,0.0,0.0,0.0,0.0,6.0,12.0,1.0,12.17,5.0200000000000005,2.51,1.49,0.0,0.0,0.0,0.4,0.0,-0.2,0.6000000000000001,-0.6000000000000001,-169.70000000000002,0.0,0.0,169.8,0.0,21.3,29.4,29.4,29.9,300.0,300.0,31.4,35.4,29.200000000000003,28.4,30.3,4.96,2.0,4.96,0.16,0.0,0.0,1027.0,8228.0,0.0,0.0,0.0,0.0,0.0,1.0,0.0,0.0,0.0,0.0,0.0,0.2,0.0,0.7000000000000001,0.0,0.0001,16.0,25903.0
2026-07-30T19:00:58.191Z,227.674,227.688,0.0,7.4,0.0,0.0,0.0,0.0,0.0,0.0,0.0,0.0,1.0,0.0,0.0,0.0,9.0,4.0,0.0,0.0,0.0,0.0,0.0,0.0,0.0,0.0,2.0,12.0,1.0,12.17,5.0200000000000005,2.51,1.49,0.0,0.0,0.0,0.4,0.0,-0.8,0.0,1.0,-169.70000000000002,0.0,0.0,169.70000000000002,0.0,21.3,29.4,29.4,29.9,300.0,300.0,31.4,35.4,29.200000000000003,28.4,30.3,4.95,1.99,4.97,0.16,0.0,0.0,1027.0,8228.0,0.0,0.0,0.0,0.0,0.0,1.0,0.0,0.0,0.0,0.0,0.0,0.7000000000000001,0.0,-0.9,0.0,0.0,16.0,25903.0
2026-07-30T19:00:58.203Z,227.686,227.7,0.0,7.4,0.0,0.0,0.0,0.0,0.0,0.0,0.0,0.0,1.0,0.0,0.0,0.0,9.0,4.0,0.0,0.0,0.0,0.0,0.0,0.0,0.0,0.0,3.0,12.0,1.0,12.17,5.0200000000000005,2.51,1.49,0.0,0.1,0.0,0.5,0.0,-0.2,0.0,-0.1,-169.70000000000002,0.0,0.0,169.8,0.0,21.3,29.4,29.4,29.9,300.0,300.0,31.4,35.4,29.200000000000003,28.4,30.3,4.95,1.99,4.96,0.16,0.0,0.0,1027.0,8228.0,0.0,0.0,0.0,0.0,0.0,1.0,0.0,0.0,0.0,0.0,0.0,0.0,0.0,0.1,0.0,0.0,16.0,25903.0
2026-07-30T19:00:58.215Z,227.698,227.712,0.0,7.4,0.0,0.0,0.0,0.0,0.0,0.0,0.0,0.0,1.0,0.0,0.0,0.0,9.0,4.0,0.0,0.0,0.0,0.0,0.0,0.0,0.0,0.0,4.0,12.0,1.0,12.17,5.0200000000000005,2.51,1.49,0.0,0.0,0.0,0.4,0.0,-0.7000000000000001,1.8,0.4,-169.70000000000002,0.0,0.0,169.8,0.0,21.3,29.4,29.4,29.9,300.0,300.0,31.4,35.4,29.200000000000003,28.4,30.3,4.96,2.0,4.96,0.16,0.0,0.0,1027.0,8228.0,0.0,0.0,0.0,0.0,0.0,1.0,0.0,0.0,0.0,0.0,0.0,2.4000000000000004,0.0,0.0,0.0,0.0002,16.0,25903.0
2026-07-30T19:00:58.227Z,227.71,227.724,0.0,7.4,0.0,0.0,0.0,0.0,0.0,0.0,0.0,0.0,1.0,0.0,0.0,0.0,9.0,4.0,0.0,0.0,0.0,0.0,0.0,0.0,0.0,0.0,5.0,12.0,1.0,12.17,5.0200000000000005,2.51,1.49,0.0,0.0,0.0,0.4,0.0,0.3,-0.5,-0.7000000000000001,-169.70000000000002,0.0,0.0,169.70000000000002,0.0,21.3,29.4,29.4,29.9,300.0,300.0,31.4,35.4,29.200000000000003,28.4,30.3,4.96,2.0,4.97,0.16,0.0,0.0,1027.0,8228.0,0.0,0.0,0.0,0.0,0.0,1.0,0.0,0.0,0.0,0.0,0.0,-1.1,0.0,0.5,0.0,0.0001,16.0,25903.0
2026-07-30T19:00:58.239Z,227.722,227.736,0.0,7.4,0.0,0.0,0.0,0.0,0.0,0.0,0.0,0.0,1.0,0.0,0.0,0.0,9.0,4.0,0.0,0.0,0.0,0.0,0.0,0.0,0.0,0.0,6.0,12.0,1.0,12.17,5.0200000000000005,2.51,1.49,0.0,0.0,0.0,0.4,0.0,0.4,-1.0,-0.1,-169.70000000000002,0.0,0.0,169.70000000000002,0.0,21.3,29.4,29.4,29.9,300.0,300.0,31.4,35.4,29.200000000000003,28.4,30.3,4.95,1.99,4.97,0.16,0.0,0.0,1027.0,8228.0,0.0,0.0,0.0,0.0,0.0,1.0,0.0,0.0,0.0,0.0,0.0,-0.6000000000000001,0.0,0.0,0.0,0.0001,16.0,25903.0
2026-07-30T19:00:58.251Z,227.734,227.748,0.0,7.4,0.0,0.0,0.0,0.0,0.0,0.0,0.0,0.0,1.0,0.0,0.0,0.0,9.0,4.0,0.0,0.0,0.0,0.0,0.0,0.0,0.0,0.0,6.0,12.0,1.0,12.17,5.0200000000000005,2.51,1.49,0.0,0.0,0.0,0.4,0.0,-0.7000000000000001,-0.5,-1.3,-169.70000000000002,0.0,0.0,169.70000000000002,0.0,21.3,29.4,29.4,29.9,300.0,300.0,31.4,35.4,29.200000000000003,28.4,30.3,4.95,1.99,4.96,0.16,0.0,0.0,1027.0,8228.0,0.0,0.0,0.0,0.0,0.0,1.0,0.0,0.0,0.0,0.0,0.0,-1.5,0.0,1.0,0.0,0.0001,16.0,25903.0
2026-07-30T19:00:58.264Z,227.747,227.76,0.0,7.4,0.0,0.0,0.0,0.0,0.0,0.0,0.0,0.0,1.0,0.0,0.0,0.0,9.0,4.0,0.0,0.0,0.0,0.0,0.0,0.0,0.0,0.0,1.0,12.0,1.0,12.11,5.01,2.51,1.5,0.0,0.0,0.0,0.4,0.0,0.3,1.2000000000000002,-0.1,-169.70000000000002,0.0,0.0,169.8,0.0,21.4,29.4,29.4,29.9,300.0,300.0,31.5,35.4,29.200000000000003,28.4,30.3,4.95,1.99,4.96,0.16,0.0,0.0,1027.0,8228.0,0.0,0.0,0.0,0.0,0.0,1.0,0.0,0.0,0.0,0.0,0.0,0.8,0.0,-0.9,0.0,0.0,16.0,25903.0
2026-07-30T19:00:58.274Z,227.757,227.772,0.0,7.4,0.0,0.0,0.0,0.0,0.0,0.0,0.0,0.0,1.0,0.0,0.0,0.0,9.0,4.0,0.0,0.0,0.0,0.0,0.0,0.0,0.0,0.0,2.0,12.0,1.0,12.11,5.01,2.51,1.5,0.0,0.0,0.0,0.4,0.0,0.3,1.2000000000000002,-0.1,-169.70000000000002,0.0,0.0,169.70000000000002,0.0,21.4,29.4,29.4,29.9,300.0,300.0,31.5,35.4,29.200000000000003,28.4,30.3,4.95,1.99,4.97,0.16,0.0,0.0,1027.0,8228.0,0.0,0.0,0.0,0.0,0.0,1.0,0.0,0.0,0.0,0.0,0.0,1.3,0.0,0.4,0.0,0.0001,16.0,25903.0
2026-07-30T19:00:58.287Z,227.77,227.784,0.0,7.4,0.0,0.0,0.0,0.0,0.0,0.0,0.0,0.0,1.0,0.0,0.0,0.0,9.0,4.0,0.0,0.0,0.0,0.0,0.0,0.0,0.0,0.0,3.0,12.0,1.0,12.11,5.01,2.51,1.5,0.0,0.1,0.0,0.4,0.0,0.3,-1.6,0.4,-169.70000000000002,0.0,0.0,169.8,0.0,21.4,29.4,29.4,29.9,300.0,300.0,31.5,35.4,29.200000000000003,28.4,30.3,4.96,1.99,4.96,0.16,0.0,0.0,1027.0,8228.0,0.0,0.0,0.0,0.0,0.0,1.0,0.0,0.0,0.0,0.0,0.0,-1.6,0.0,-0.7000000000000001,0.0,0.0001,16.0,25903.0
2026-07-30T19:00:58.298Z,227.781,227.796,0.0,7.4,0.0,0.0,0.0,0.0,0.0,0.0,0.0,0.0,1.0,0.0,0.0,0.0,9.0,4.0,0.0,0.0,0.0,0.0,0.0,0.0,0.0,0.0,4.0,12.0,1.0,12.11,5.01,2.51,1.5,0.0,0.0,0.0,0.4,0.0,0.3,0.6000000000000001,-1.3,-169.70000000000002,0.0,0.0,169.70000000000002,0.0,21.4,29.4,29.4,29.9,300.0,300.0,31.5,35.4,29.200000000000003,28.4,30.3,4.96,2.0,4.96,0.16,0.0,0.0,1027.0,8228.0,0.0,0.0,0.0,0.0,0.0,1.0,0.0,0.0,0.0,0.0,0.0,-0.2,0.0,1.3,0.0,0.0001,16.0,25903.0
2026-07-30T19:00:58.311Z,227.794,227.808,0.0,7.4,0.0,0.0,0.0,0.0,0.0,0.0,0.0,0.0,1.0,0.0,0.0,0.0,9.0,4.0,0.0,0.0,0.0,0.0,0.0,0.0,0.0,0.0,5.0,12.0,1.0,12.11,5.01,2.51,1.5,0.0,0.0,0.0,0.4,0.0,-0.2,1.2000000000000002,-0.1,-169.70000000000002,0.0,0.0,169.70000000000002,0.0,21.4,29.4,29.4,29.9,300.0,300.0,31.5,35.4,29.200000000000003,28.4,30.3,4.95,1.99,4.96,0.16,0.0,0.0,1027.0,8228.0,0.0,0.0,0.0,0.0,0.0,1.0,0.0,0.0,0.0,0.0,0.0,1.3,0.0,0.4,0.0,0.0001,16.0,25903.0
2026-07-30T19:00:58.322Z,227.805,227.82,0.0,7.4,0.0,0.0,0.0,0.0,0.0,0.0,0.0,0.0,1.0,0.0,0.0,0.0,9.0,4.0,0.0,0.0,0.0,0.0,0.0,0.0,0.0,0.0,6.0,12.0,1.0,12.11,5.01,2.51,1.5,0.0,0.0,0.0,0.4,0.0,0.3,0.0,1.0,-169.70000000000002,0.0,0.0,169.8,0.0,21.4,29.4,29.4,29.9,300.0,300.0,31.5,35.4,29.200000000000003,28.4,30.3,4.95,1.99,4.97,0.16,0.0,0.0,1027.0,8228.0,0.0,0.0,0.0,0.0,0.0,1.0,0.0,0.0,0.0,0.0,0.0,0.8,0.0,-0.8,0.0,0.0,16.0,25903.0
2026-07-30T19:00:58.335Z,227.818,227.832,0.0,7.4,0.0,0.0,0.0,0.0,0.0,0.0,0.0,0.0,1.0,0.0,0.0,0.0,9.0,4.0,0.0,0.0,0.0,0.0,0.0,0.0,0.0,0.0,1.0,12.0,1.0,12.11,5.01,2.51,1.5,0.0,0.0,0.0,0.4,0.0,0.3,0.7000000000000001,-0.1,-169.70000000000002,0.0,0.0,169.8,0.0,21.4,29.4,29.4,29.9,300.0,300.0,31.5,35.4,29.200000000000003,28.4,30.3,4.96,2.0,4.96,0.16,0.0,0.0,1027.0,8228.0,0.0,0.0,0.0,0.0,0.0,1.0,0.0,0.0,0.0,0.0,0.0,0.6000000000000001,0.0,0.3,0.0,0.0,16.0,25903.0
2026-07-30T19:00:58.347Z,227.83,227.844,0.0,7.4,0.0,0.0,0.0,0.0,0.0,0.0,0.0,0.0,1.0,0.0,0.0,0.0,9.0,4.0,0.0,0.0,0.0,0.0,0.0,0.0,0.0,0.0,2.0,12.0,1.0,12.11,5.01,2.51,1.5,0.0,0.0,0.0,0.4,0.0,0.9,0.7000000000000001,0.4,-169.70000000000002,0.0,0.0,169.8,0.0,21.4,29.4,29.4,29.9,300.0,300.0,31.5,35.4,29.200000000000003,28.4,30.3,4.96,1.99,4.97,0.16,0.0,0.0,1027.0,8228.0,0.0,0.0,0.0,0.0,0.0,1.0,0.0,0.0,0.0,0.0,0.0,1.1,0.0,-0.2,0.0,0.0001,16.0,25903.0
2026-07-30T19:00:58.362Z,227.845,227.856,0.0,7.4,0.0,0.0,0.0,0.0,0.0,0.0,0.0,0.0,1.0,0.0,0.0,0.0,9.0,4.0,0.0,0.0,0.0,0.0,0.0,0.0,0.0,0.0,2.0,12.0,1.0,12.11,5.01,2.51,1.5,0.0,0.0,0.0,0.4,0.0,0.4,-0.4,-1.9,-169.70000000000002,0.0,0.0,169.8,0.0,21.4,29.4,29.4,29.9,300.0,300.0,31.5,35.4,29.200000000000003,28.4,30.3,4.95,1.99,4.97,0.17,0.0,0.0,1027.0,8228.0,0.0,0.0,0.0,0.0,0.0,1.0,0.0,0.0,0.0,0.0,0.0,-2.0,0.0,1.6,0.0,0.0,16.0,25903.0
2026-07-30T19:00:58.371Z,227.854,227.868,0.0,7.4,0.0,0.0,0.0,0.0,0.0,0.0,0.0,0.0,1.0,0.0,0.0,0.0,9.0,4.0,0.0,0.0,0.0,0.0,0.0,0.0,0.0,0.0,6.0,12.0,1.0,12.18,5.01,2.5,1.49,0.0,0.1,0.0,0.4,0.0,0.4,-0.4,-0.1,-169.70000000000002,0.0,0.0,169.70000000000002,0.0,21.3,29.4,29.4,29.9,300.0,300.0,31.5,35.4,29.200000000000003,28.4,30.3,4.96,1.99,4.96,0.16,0.0,0.0,1027.0,8228.0,0.0,0.0,0.0,0.0,0.0,1.0,0.0,0.0,0.0,0.0,0.0,-0.6000000000000001,0.0,0.0,0.0,0.0001,16.0,25903.0
2026-07-30T19:00:58.383Z,227.866,227.88,0.0,7.4,0.0,0.0,0.0,0.0,0.0,0.0,0.0,0.0,1.0,0.0,0.0,0.0,9.0,4.0,0.0,0.0,0.0,0.0,0.0,0.0,0.0,0.0,1.0,12.0,1.0,12.18,5.01,2.5,1.49,0.0,0.0,0.0,0.4,0.0,0.4,0.1,1.5,-169.70000000000002,0.0,0.0,169.70000000000002,0.0,21.3,29.4,29.4,29.9,300.0,300.0,31.5,35.4,29.200000000000003,28.4,30.3,4.95,1.99,4.97,0.16,0.0,0.0,1027.0,8228.0,0.0,0.0,0.0,0.0,0.0,1.0,0.0,0.0,0.0,0.0,0.0,1.3,0.0,-1.3,0.0,0.0002,16.0,25903.0
2026-07-30T19:00:58.395Z,227.878,227.892,0.0,7.4,0.0,0.0,0.0,0.0,0.0,0.0,0.0,0.0,1.0,0.0,0.0,0.0,9.0,4.0,0.0,0.0,0.0,0.0,0.0,0.0,0.0,0.0,2.0,12.0,1.0,12.18,5.01,2.5,1.49,0.0,0.0,0.0,0.4,0.0,-0.7000000000000001,0.7000000000000001,-0.6000000000000001,-169.70000000000002,0.0,0.0,169.60000000000002,0.0,21.3,29.4,29.4,29.9,300.0,300.0,31.5,35.4,29.200000000000003,28.4,30.3,4.95,1.99,4.97,0.16,0.0,0.0,1027.0,8228.0,0.0,0.0,0.0,0.0,0.0,1.0,0.0,0.0,0.0,0.0,0.0,0.3,0.0,0.7000000000000001,0.0,0.0,16.0,25903.0
2026-07-30T19:00:58.407Z,227.89,227.904,0.0,7.4,0.0,0.0,0.0,0.0,0.0,0.0,0.0,0.0,1.0,0.0,0.0,0.0,9.0,4.0,0.0,0.0,0.0,0.0,0.0,0.0,0.0,0.0,4.0,12.0,1.0,12.18,5.01,2.5,1.49,0.0,0.0,0.0,0.4,0.0,1.0,0.7000000000000001,-0.1,-169.70000000000002,0.0,0.0,169.70000000000002,0.0,21.3,29.4,29.4,29.9,300.0,300.0,31.5,35.4,29.200000000000003,28.4,30.3,4.95,1.99,4.97,0.16,0.0,0.0,1027.0,8228.0,0.0,0.0,0.0,0.0,0.0,1.0,0.0,0.0,0.0,0.0,0.0,0.8,0.0,0.2,0.0,0.0001,16.0,25903.0
2026-07-30T19:00:58.419Z,227.902,227.916,0.0,7.4,0.0,0.0,0.0,0.0,0.0,0.0,0.0,0.0,1.0,0.0,0.0,0.0,9.0,4.0,0.0,0.0,0.0,0.0,0.0,0.0,0.0,0.0,5.0,12.0,1.0,12.18,5.01,2.5,1.49,0.0,0.1,0.0,0.4,0.0,0.0,-0.4,-1.2000000000000002,-169.70000000000002,0.0,0.0,169.70000000000002,0.0,21.3,29.4,29.4,29.9,300.0,300.0,31.5,35.4,29.200000000000003,28.4,30.3,4.96,1.99,4.96,0.16,0.0,0.0,1027.0,8228.0,0.0,0.0,0.0,0.0,0.0,1.0,0.0,0.0,0.0,0.0,0.0,-1.3,0.0,1.0,0.0,0.0001,16.0,25903.0
2026-07-30T19:00:58.431Z,227.914,227.928,0.0,7.4,0.0,0.0,0.0,0.0,0.0,0.0,0.0,0.0,1.0,0.0,0.0,0.0,9.0,4.0,0.0,0.0,0.0,0.0,0.0,0.0,0.0,0.0,1.0,12.0,1.0,12.18,5.01,2.5,1.49,0.0,0.0,0.0,0.4,0.0,1.7000000000000002,-0.4,0.0,-169.70000000000002,0.0,0.0,169.60000000000002,0.0,21.3,29.4,29.4,29.9,300.0,300.0,31.5,35.4,29.200000000000003,28.4,30.3,4.95,1.99,4.97,0.16,0.0,0.0,1027.0,8228.0,0.0,0.0,0.0,0.0,0.0,1.0,0.0,0.0,0.0,0.0,0.0,-0.5,0.0,0.0,0.0,0.0001,16.0,25903.0
2026-07-30T19:00:58.443Z,227.926,227.94,0.0,7.4,0.0,0.0,0.0,0.0,0.0,0.0,0.0,0.0,1.0,0.0,0.0,0.0,9.0,4.0,0.0,0.0,0.0,0.0,0.0,0.0,0.0,0.0,2.0,12.0,1.0,12.18,5.01,2.5,1.49,0.0,0.0,0.0,0.4,0.0,0.5,0.2,0.0,-169.70000000000002,0.0,0.0,169.70000000000002,0.0,21.3,29.4,29.4,29.9,300.0,300.0,31.5,35.4,29.200000000000003,28.4,30.3,4.95,1.99,4.96,0.16,0.0,0.0,1027.0,8228.0,0.0,0.0,0.0,0.0,0.0,1.0,0.0,0.0,0.0,0.0,0.0,0.1,0.0,0.0,0.0,0.0002,16.0,25903.0
2026-07-30T19:00:58.455Z,227.938,227.952,0.0,7.4,0.0,0.0,0.0,0.0,0.0,0.0,0.0,0.0,1.0,0.0,0.0,0.0,9.0,4.0,0.0,0.0,0.0,0.0,0.0,0.0,0.0,0.0,3.0,12.0,1.0,12.18,5.01,2.5,1.49,0.0,0.0,0.0,0.4,0.0,0.5,0.1,0.5,-169.70000000000002,0.0,0.0,169.70000000000002,0.0,21.3,29.4,29.4,29.9,300.0,300.0,31.5,35.4,29.200000000000003,28.4,30.3,4.95,1.99,4.96,0.16,0.0,0.0,1027.0,8228.0,0.0,0.0,0.0,0.0,0.0,1.0,0.0,0.0,0.0,0.0,0.0,0.6000000000000001,0.0,-0.4,0.0,0.0,16.0,25903.0
2026-07-30T19:00:58.468Z,227.951,227.964,0.0,7.4,0.0,0.0,0.0,0.0,0.0,0.0,0.0,0.0,1.0,0.0,0.0,0.0,9.0,4.0,0.0,0.0,0.0,0.0,0.0,0.0,0.0,0.0,5.0,12.0,1.0,12.15,5.0200000000000005,2.51,1.49,0.0,0.0,0.0,0.4,0.0,0.0,-0.3,1.1,-169.70000000000002,0.0,0.0,169.60000000000002,0.0,21.700000000000003,29.4,29.4,29.9,300.0,300.0,31.6,35.4,29.200000000000003,28.4,30.3,4.96,1.99,4.96,0.16,0.0,0.0,1027.0,8228.0,0.0,0.0,0.0,0.0,0.0,1.0,0.0,0.0,0.0,0.0,0.0,0.3,0.0,-1.0,0.0,0.0,16.0,25903.0
2026-07-30T19:00:58.479Z,227.962,227.976,0.0,7.4,0.0,0.0,0.0,0.0,0.0,0.0,0.0,0.0,1.0,0.0,0.0,0.0,9.0,4.0,0.0,0.0,0.0,0.0,0.0,0.0,0.0,0.0,6.0,12.0,1.0,12.15,5.0200000000000005,2.51,1.49,0.0,0.0,0.0,0.5,0.0,0.0,0.1,-1.2000000000000002,-169.70000000000002,0.0,0.0,169.70000000000002,0.0,21.700000000000003,29.4,29.4,29.9,300.0,300.0,31.6,35.4,29.200000000000003,28.4,30.3,4.96,1.99,4.97,0.16,0.0,0.0,1027.0,8228.0,0.0,0.0,0.0,0.0,0.0,1.0,0.0,0.0,0.0,0.0,0.0,-0.7000000000000001,0.0,1.1,0.0,0.0,16.0,25903.0
2026-07-30T19:00:58.491Z,227.974,227.988,0.0,7.4,0.0,0.0,0.0,0.0,0.0,0.0,0.0,0.0,1.0,0.0,0.0,0.0,9.0,4.0,0.0,0.0,0.0,0.0,0.0,0.0,0.0,0.0,1.0,12.0,1.0,12.15,5.0200000000000005,2.51,1.49,0.0,0.0,0.0,0.5,0.0,0.4,0.2,0.0,-169.70000000000002,0.0,0.0,169.60000000000002,0.0,21.700000000000003,29.4,29.4,29.9,300.0,300.0,31.6,35.4,29.200000000000003,28.4,30.3,4.96,1.99,4.96,0.16,0.0,0.0,1027.0,8228.0,0.0,0.0,0.0,0.0,0.0,1.0,0.0,0.0,0.0,0.0,0.0,0.1,0.0,0.0,0.0,0.0,16.0,25903.0
2026-07-30T19:00:58.503Z,227.986,228.0,0.0,7.4,0.0,0.0,0.0,0.0,0.0,0.0,0.0,0.0,1.0,0.0,0.0,0.0,9.0,4.0,0.0,0.0,0.0,0.0,0.0,0.0,0.0,0.0,2.0,12.0,1.0,12.15,5.0200000000000005,2.51,1.49,0.0,0.0,0.0,0.4,0.0,0.4,0.2,0.0,-169.70000000000002,0.0,0.0,169.70000000000002,0.0,21.700000000000003,29.4,29.4,29.9,300.0,300.0,31.6,35.4,29.200000000000003,28.4,30.3,4.96,1.99,4.96,0.16,0.0,0.0,1027.0,8228.0,0.0,0.0,0.0,0.0,0.0,1.0,0.0,0.0,0.0,0.0,0.0,0.2,0.0,0.0,0.0,0.0,16.0,25903.0
2026-07-30T19:00:58.515Z,227.998,228.012,0.0,7.4,0.0,0.0,0.0,0.0,0.0,0.0,0.0,0.0,1.0,0.0,0.0,0.0,9.0,4.0,0.0,0.0,0.0,0.0,0.0,0.0,0.0,0.0,2.0,12.0,1.0,12.15,5.0200000000000005,2.51,1.49,0.0,0.0,0.0,0.5,0.0,-0.6000000000000001,0.2,0.5,-169.70000000000002,0.0,0.0,169.60000000000002,0.0,21.700000000000003,29.4,29.4,29.9,300.0,300.0,31.6,35.4,29.200000000000003,28.4,30.3,4.95,1.99,4.97,0.16,0.0,0.0,1027.0,8228.0,0.0,0.0,0.0,0.0,0.0,1.0,0.0,0.0,0.0,0.0,0.0,0.7000000000000001,0.0,-0.4,0.0,0.0002,16.0,25903.0
2026-07-30T19:00:58.527Z,228.01,228.024,0.0,7.4,0.0,0.0,0.0,0.0,0.0,0.0,0.0,0.0,1.0,0.0,0.0,0.0,9.0,4.0,0.0,0.0,0.0,0.0,0.0,0.0,0.0,0.0,3.0,12.0,1.0,12.15,5.0200000000000005,2.51,1.49,0.0,0.0,0.0,0.4,0.0,-0.1,0.2,0.0,-169.70000000000002,0.0,0.0,169.70000000000002,0.0,21.700000000000003,29.4,29.4,29.9,300.0,300.0,31.6,35.4,29.200000000000003,28.4,30.3,4.96,1.99,4.96,0.16,0.0,0.0,1027.0,8228.0,0.0,0.0,0.0,0.0,0.0,1.0,0.0,0.0,0.0,0.0,0.0,0.3,0.0,0.0,0.0,0.0002,16.0,25903.0
2026-07-30T19:00:58.539Z,228.022,228.036,0.0,7.4,0.0,0.0,0.0,0.0,0.0,0.0,0.0,0.0,1.0,0.0,0.0,0.0,9.0,4.0,0.0,0.0,0.0,0.0,0.0,0.0,0.0,0.0,5.0,12.0,1.0,12.15,5.0200000000000005,2.51,1.49,0.0,0.0,0.0,0.4,0.0,-0.1,0.8,0.5,-169.70000000000002,0.0,0.0,169.70000000000002,0.0,21.700000000000003,29.4,29.4,29.9,300.0,300.0,31.6,35.4,29.200000000000003,28.4,30.3,4.96,1.99,4.97,0.16,0.0,0.0,1027.0,8228.0,0.0,0.0,0.0,0.0,0.0,1.0,0.0,0.0,0.0,0.0,0.0,1.3,0.0,-0.3,0.0,0.0,16.0,25903.0
2026-07-30T19:00:58.551Z,228.034,228.048,0.0,7.4,0.0,0.0,0.0,0.0,0.0,0.0,0.0,0.0,1.0,0.0,0.0,0.0,9.0,4.0,0.0,0.0,0.0,0.0,0.0,0.0,0.0,0.0,5.0,12.0,1.0,12.15,5.0200000000000005,2.51,1.49,0.0,0.0,0.0,0.4,0.0,0.4,-0.3,0.0,-169.70000000000002,0.0,0.0,169.8,0.0,21.700000000000003,29.4,29.4,29.9,300.0,300.0,31.6,35.4,29.200000000000003,28.4,30.3,4.95,1.99,4.97,0.16,0.0,0.0,1027.0,8228.0,0.0,0.0,0.0,0.0,0.0,1.0,0.0,0.0,0.0,0.0,0.0,-0.3,0.0,0.0,0.0,0.0001,16.0,25903.0
2026-07-30T19:00:58.563Z,228.046,228.06,0.0,7.4,0.0,0.0,0.0,0.0,0.0,0.0,0.0,0.0,1.0,0.0,0.0,0.0,9.0,4.0,0.0,0.0,0.0,0.0,0.0,0.0,0.0,0.0,6.0,12.0,1.0,12.15,5.0200000000000005,2.51,1.49,0.0,0.1,0.0,0.4,0.0,-0.1,-0.3,0.5,-169.70000000000002,0.0,0.0,169.60000000000002,0.0,21.700000000000003,29.4,29.4,29.9,300.0,300.0,31.6,35.4,29.200000000000003,28.4,30.3,4.95,1.99,4.97,0.16,0.0,0.0,1027.0,8228.0,0.0,0.0,0.0,0.0,0.0,1.0,0.0,0.0,0.0,0.0,0.0,0.0,0.0,-0.6000000000000001,0.0,0.0001,16.0,25903.0
2026-07-30T19:00:58.575Z,228.058,228.072,0.0,7.4,0.0,0.0,0.0,0.0,0.0,0.0,0.0,0.0,1.0,0.0,0.0,0.0,9.0,4.0,0.0,0.0,0.0,0.0,0.0,0.0,0.0,0.0,1.0,12.0,1.0,12.14,5.0200000000000005,2.51,1.49,0.0,0.0,0.0,0.4,0.0,-1.8,-0.9,-0.5,-169.70000000000002,0.0,0.0,169.70000000000002,0.0,21.700000000000003,29.4,29.4,29.9,300.0,300.0,31.5,35.4,29.200000000000003,28.5,30.3,4.95,1.99,4.96,0.16,0.0,0.0,1027.0,8228.0,0.0,0.0,0.0,0.0,0.0,1.0,0.0,0.0,0.0,0.0,0.0,-1.4,0.0,0.2,0.0,0.0001,16.0,25903.0
2026-07-30T19:00:58.587Z,228.07,228.084,0.0,7.4,0.0,0.0,0.0,0.0,0.0,0.0,0.0,0.0,1.0,0.0,0.0,0.0,9.0,4.0,0.0,0.0,0.0,0.0,0.0,0.0,0.0,0.0,2.0,12.0,1.0,12.14,5.0200000000000005,2.51,1.49,0.0,0.0,0.0,0.4,0.0,0.5,0.2,0.0,-169.70000000000002,0.0,0.0,169.8,0.0,21.700000000000003,29.4,29.4,29.9,300.0,300.0,31.5,35.4,29.200000000000003,28.5,30.3,4.95,1.99,4.97,0.16,0.0,0.0,1027.0,8228.0,0.0,0.0,0.0,0.0,0.0,1.0,0.0,0.0,0.0,0.0,0.0,0.3,0.0,0.0,0.0,0.0001,16.0,25903.0
2026-07-30T19:00:58.598Z,228.081,228.096,0.0,7.4,0.0,0.0,0.0,0.0,0.0,0.0,0.0,0.0,1.0,0.0,0.0,0.0,9.0,4.0,0.0,0.0,0.0,0.0,0.0,0.0,0.0,0.0,3.0,12.0,1.0,12.14,5.0200000000000005,2.51,1.49,0.0,0.0,0.0,0.5,0.0,0.0,0.2,-1.1,-169.70000000000002,0.0,0.0,169.8,0.0,21.700000000000003,29.4,29.4,29.9,300.0,300.0,31.5,35.4,29.200000000000003,28.5,30.3,4.95,1.99,4.97,0.16,0.0,0.0,1027.0,8228.0,0.0,0.0,0.0,0.0,0.0,1.0,0.0,0.0,0.0,0.0,0.0,-0.6000000000000001,0.0,1.0,0.0,0.0001,16.0,25903.0
2026-07-30T19:00:58.611Z,228.094,228.108,0.0,7.4,0.0,0.0,0.0,0.0,0.0,0.0,0.0,0.0,1.0,0.0,0.0,0.0,9.0,4.0,0.0,0.0,0.0,0.0,0.0,0.0,0.0,0.0,4.0,12.0,1.0,12.14,5.0200000000000005,2.51,1.49,0.0,0.0,0.0,0.4,0.0,0.5,-0.3,0.0,-169.70000000000002,0.0,0.0,169.60000000000002,0.0,21.700000000000003,29.4,29.4,29.9,300.0,300.0,31.5,35.4,29.200000000000003,28.5,30.3,4.96,1.99,4.96,0.16,0.0,0.0,1027.0,8228.0,0.0,0.0,0.0,0.0,0.0,1.0,0.0,0.0,0.0,0.0,0.0,-0.4,0.0,-0.1,0.0,0.0001,16.0,25903.0
2026-07-30T19:00:58.622Z,228.105,228.12,0.0,7.4,0.0,0.0,0.0,0.0,0.0,0.0,0.0,0.0,1.0,0.0,0.0,0.0,9.0,4.0,0.0,0.0,0.0,0.0,0.0,0.0,0.0,0.0,5.0,12.0,1.0,12.14,5.0200000000000005,2.51,1.49,0.0,0.0,0.0,0.4,0.0,1.0,-0.9,1.7000000000000002,-169.70000000000002,0.0,0.0,169.70000000000002,0.0,21.700000000000003,29.4,29.4,29.9,300.0,300.0,31.5,35.4,29.200000000000003,28.5,30.3,4.95,2.0,4.97,0.16,0.0,0.0,1027.0,8228.0,0.0,0.0,0.0,0.0,0.0,1.0,0.0,0.0,0.0,0.0,0.0,0.2,0.0,-1.7000000000000002,0.0,0.0001,16.0,25903.0
2026-07-30T19:00:58.634Z,228.117,228.132,0.0,7.4,0.0,0.0,0.0,0.0,0.0,0.0,0.0,0.0,1.0,0.0,0.0,0.0,9.0,4.0,0.0,0.0,0.0,0.0,0.0,0.0,0.0,0.0,6.0,12.0,1.0,12.14,5.0200000000000005,2.51,1.49,0.0,0.0,0.0,0.4,0.0,0.4,0.1,0.0,-169.70000000000002,0.0,0.0,169.8,0.0,21.700000000000003,29.4,29.4,29.9,300.0,300.0,31.5,35.4,29.200000000000003,28.5,30.3,4.95,1.99,4.97,0.16,0.0,0.0,1027.0,8228.0,0.0,0.0,0.0,0.0,0.0,1.0,0.0,0.0,0.0,0.0,0.0,0.2,0.0,0.0,0.0,0.0,16.0,25903.0
2026-07-30T19:00:58.647Z,228.13,228.144,0.0,7.4,0.0,0.0,0.0,0.0,0.0,0.0,0.0,0.0,1.0,0.0,0.0,0.0,9.0,4.0,0.0,0.0,0.0,0.0,0.0,0.0,0.0,0.0,1.0,12.0,1.0,12.14,5.0200000000000005,2.51,1.49,0.0,0.0,0.0,0.4,0.0,1.0,1.9,1.7000000000000002,-169.70000000000002,0.0,0.0,169.8,0.0,21.700000000000003,29.4,29.4,29.9,300.0,300.0,31.5,35.4,29.200000000000003,28.5,30.3,4.95,1.99,4.97,0.16,0.0,0.0,1027.0,8228.0,0.0,0.0,0.0,0.0,0.0,1.0,0.0,0.0,0.0,0.0,0.0,3.5,0.0,-1.1,0.0,0.0002,16.0,25903.0
2026-07-30T19:00:58.659Z,228.142,228.156,0.0,7.4,0.0,0.0,0.0,0.0,0.0,0.0,0.0,0.0,1.0,0.0,0.0,0.0,9.0,4.0,0.0,0.0,0.0,0.0,0.0,0.0,0.0,0.0,3.0,12.0,1.0,12.14,5.0200000000000005,2.51,1.49,0.0,0.0,0.0,0.4,0.0,-0.7000000000000001,0.1,1.1,-169.70000000000002,0.0,0.0,169.8,0.0,21.700000000000003,29.4,29.4,29.9,300.0,300.0,31.5,35.4,29.200000000000003,28.5,30.3,4.96,1.99,4.96,0.16,0.0,0.0,1027.0,8228.0,0.0,0.0,0.0,0.0,0.0,1.0,0.0,0.0,0.0,0.0,0.0,1.0,0.0,-0.9,0.0,0.0,16.0,25903.0
2026-07-30T19:00:58.682Z,228.165,228.168,0.0,7.4,0.0,0.0,0.0,0.0,0.0,0.0,0.0,0.0,1.0,0.0,0.0,0.0,9.0,4.0,0.0,0.0,0.0,0.0,0.0,0.0,0.0,0.0,4.0,12.0,1.0,12.14,5.0200000000000005,2.5,1.5,0.0,0.0,0.0,0.4,0.0,-0.1,0.1,-0.6000000000000001,-169.70000000000002,0.0,0.0,169.8,0.0,21.4,29.4,29.4,29.9,300.0,300.0,31.5,35.5,29.200000000000003,28.5,30.3,4.95,1.99,4.97,0.16,0.0,0.0,1027.0,8228.0,0.0,0.0,0.0,0.0,0.0,1.0,0.0,0.0,0.0,0.0,0.0,-0.2,0.0,0.6000000000000001,0.0,0.0,16.0,25903.0
2026-07-30T19:00:58.685Z,228.168,228.18,0.0,7.4,0.0,0.0,0.0,0.0,0.0,0.0,0.0,0.0,1.0,0.0,0.0,0.0,9.0,4.0,0.0,0.0,0.0,0.0,0.0,0.0,0.0,0.0,3.0,12.0,1.0,12.14,5.0200000000000005,2.5,1.5,0.0,0.0,0.0,0.4,0.0,-0.1,0.8,1.1,-169.70000000000002,0.0,0.0,169.60000000000002,0.0,21.4,29.4,29.4,29.9,300.0,300.0,31.5,35.5,29.200000000000003,28.5,30.3,4.95,1.99,4.96,0.16,0.0,0.0,1027.0,8228.0,0.0,0.0,0.0,0.0,0.0,1.0,0.0,0.0,0.0,0.0,0.0,1.7000000000000002,0.0,-0.8,0.0,0.0,16.0,25903.0
2026-07-30T19:00:58.695Z,228.178,228.192,0.0,7.4,0.0,0.0,0.0,0.0,0.0,0.0,0.0,0.0,1.0,0.0,0.0,0.0,9.0,4.0,0.0,0.0,0.0,0.0,0.0,0.0,0.0,0.0,1.0,12.0,1.0,12.14,5.0200000000000005,2.5,1.5,0.0,0.0,0.0,0.4,0.0,1.0,0.8,-0.6000000000000001,-169.70000000000002,0.0,0.0,169.70000000000002,0.0,21.4,29.4,29.4,29.9,300.0,300.0,31.5,35.5,29.200000000000003,28.5,30.3,4.96,2.0,4.96,0.16,0.0,0.0,1027.0,8228.0,0.0,0.0,0.0,0.0,0.0,1.0,0.0,0.0,0.0,0.0,0.0,0.4,0.0,0.7000000000000001,0.0,0.0002,16.0,25903.0
2026-07-30T19:00:58.707Z,228.19,228.204,0.0,7.4,0.0,0.0,0.0,0.0,0.0,0.0,0.0,0.0,1.0,0.0,0.0,0.0,9.0,4.0,0.0,0.0,0.0,0.0,0.0,0.0,0.0,0.0,2.0,12.0,1.0,12.14,5.0200000000000005,2.5,1.5,0.0,0.0,0.0,0.5,0.0,0.4,0.2,0.5,-169.70000000000002,0.0,0.0,169.60000000000002,0.0,21.4,29.4,29.4,29.9,300.0,300.0,31.5,35.5,29.200000000000003,28.5,30.3,4.95,2.0,4.97,0.16,0.0,0.0,1027.0,8228.0,0.0,0.0,0.0,0.0,0.0,1.0,0.0,0.0,0.0,0.0,0.0,0.6000000000000001,0.0,-0.4,0.0,0.0001,16.0,25903.0
2026-07-30T19:00:58.719Z,228.202,228.216,0.0,7.4,0.0,0.0,0.0,0.0,0.0,0.0,0.0,0.0,1.0,0.0,0.0,0.0,9.0,4.0,0.0,0.0,0.0,0.0,0.0,0.0,0.0,0.0,4.0,12.0,1.0,12.14,5.0200000000000005,2.5,1.5,0.0,0.1,0.0,0.4,0.0,-0.1,0.2,-1.1,-169.70000000000002,0.0,0.0,169.70000000000002,0.0,21.4,29.4,29.4,29.9,300.0,300.0,31.5,35.5,29.200000000000003,28.5,30.3,4.95,1.99,4.97,0.16,0.0,0.0,1027.0,8228.0,0.0,0.0,0.0,0.0,0.0,1.0,0.0,0.0,0.0,0.0,0.0,-0.6000000000000001,0.0,1.0,0.0,0.0,16.0,25903.0
2026-07-30T19:00:58.731Z,228.214,228.228,0.0,7.4,0.0,0.0,0.0,0.0,0.0,0.0,0.0,0.0,1.0,0.0,0.0,0.0,9.0,4.0,0.0,0.0,0.0,0.0,0.0,0.0,0.0,0.0,4.0,12.0,1.0,12.14,5.0200000000000005,2.5,1.5,0.0,0.0,0.0,0.4,0.0,0.4,0.2,0.5,-169.70000000000002,0.0,0.0,169.8,0.0,21.4,29.4,29.4,29.9,300.0,300.0,31.5,35.5,29.200000000000003,28.5,30.3,4.95,1.99,4.96,0.16,0.0,0.0,1027.0,8228.0,0.0,0.0,0.0,0.0,0.0,1.0,0.0,0.0,0.0,0.0,0.0,0.6000000000000001,0.0,-0.4,0.0,0.0001,16.0,25903.0
2026-07-30T19:00:58.743Z,228.226,228.24,0.0,7.4,0.0,0.0,0.0,0.0,0.0,0.0,0.0,0.0,1.0,0.0,0.0,0.0,9.0,4.0,0.0,0.0,0.0,0.0,0.0,0.0,0.0,0.0,5.0,12.0,1.0,12.14,5.0200000000000005,2.5,1.5,0.0,0.1,0.0,0.4,0.0,0.4,0.8,0.5,-169.70000000000002,0.0,0.0,169.70000000000002,0.0,21.4,29.4,29.4,29.9,300.0,300.0,31.5,35.5,29.200000000000003,28.5,30.3,4.96,1.99,4.96,0.16,0.0,0.0,1027.0,8228.0,0.0,0.0,0.0,0.0,0.0,1.0,0.0,0.0,0.0,0.0,0.0,1.3,0.0,-0.2,0.0,0.0001,16.0,25903.0
2026-07-30T19:00:58.755Z,228.238,228.252,0.0,7.4,0.0,0.0,0.0,0.0,0.0,0.0,0.0,0.0,1.0,0.0,0.0,0.0,9.0,4.0,0.0,0.0,0.0,0.0,0.0,0.0,0.0,0.0,6.0,12.0,1.0,12.14,5.0200000000000005,2.5,1.5,0.0,0.0,0.0,0.4,0.0,0.5,-0.3,0.5,-169.70000000000002,0.0,0.0,169.70000000000002,0.0,21.4,29.4,29.4,29.9,300.0,300.0,31.5,35.5,29.200000000000003,28.5,30.3,4.95,1.99,4.97,0.16,0.0,0.0,1027.0,8228.0,0.0,0.0,0.0,0.0,0.0,1.0,0.0,0.0,0.0,0.0,0.0,0.0,0.0,-0.5,0.0,0.0001,16.0,25903.0
2026-07-30T19:00:58.767Z,228.25,228.264,0.0,7.4,0.0,0.0,0.0,0.0,0.0,0.0,0.0,0.0,1.0,0.0,0.0,0.0,9.0,4.0,0.0,0.0,0.0,0.0,0.0,0.0,0.0,0.0,2.0,12.0,1.0,12.14,5.0200000000000005,2.5,1.5,0.0,0.0,0.0,0.5,0.0,-0.6000000000000001,-0.4,0.5,-169.70000000000002,0.0,0.0,169.70000000000002,0.0,21.4,29.4,29.4,29.9,300.0,300.0,31.5,35.5,29.200000000000003,28.5,30.3,4.96,1.99,4.97,0.16,0.0,0.0,1027.0,8228.0,0.0,0.0,0.0,0.0,0.0,1.0,0.0,0.0,0.0,0.0,0.0,-2.1,0.0,0.8,0.0,0.0001,16.0,25903.0
2026-07-30T19:00:58.779Z,228.262,228.276,0.0,7.4,0.0,0.0,0.0,0.0,0.0,0.0,0.0,0.0,1.0,0.0,0.0,0.0,9.0,4.0,0.0,0.0,0.0,0.0,0.0,0.0,0.0,0.0,3.0,12.0,1.0,12.17,5.01,2.51,1.49,0.0,0.0,0.0,0.4,0.0,-0.1,-0.4,0.0,-169.70000000000002,0.0,0.0,169.8,0.0,21.0,29.4,29.4,29.9,300.0,300.0,31.4,35.5,29.200000000000003,28.4,30.3,4.96,1.99,4.97,0.16,0.0,0.0,1027.0,8228.0,0.0,0.0,0.0,0.0,0.0,1.0,0.0,0.0,0.0,0.0,0.0,1.8,0.0,-0.1,0.0,0.0,16.0,25903.0
2026-07-30T19:00:58.790Z,228.273,228.288,0.0,7.4,0.0,0.0,0.0,0.0,0.0,0.0,0.0,0.0,1.0,0.0,0.0,0.0,9.0,4.0,0.0,0.0,0.0,0.0,0.0,0.0,0.0,0.0,4.0,12.0,1.0,12.17,5.01,2.51,1.49,0.0,0.0,0.0,0.4,0.0,-0.7000000000000001,1.2000000000000002,-0.7000000000000001,-169.70000000000002,0.0,0.0,169.70000000000002,0.0,21.0,29.4,29.4,29.9,300.0,300.0,31.4,35.5,29.200000000000003,28.4,30.3,4.95,1.99,4.97,0.16,0.0,0.0,1027.0,8228.0,0.0,0.0,0.0,0.0,0.0,1.0,0.0,0.0,0.0,0.0,0.0,0.8,0.0,0.8,0.0,0.0001,16.0,25903.0
2026-07-30T19:00:58.803Z,228.286,228.3,0.0,7.4,0.0,0.0,0.0,0.0,0.0,0.0,0.0,0.0,1.0,0.0,0.0,0.0,9.0,4.0,0.0,0.0,0.0,0.0,0.0,0.0,0.0,0.0,5.0,12.0,1.0,12.17,5.01,2.51,1.49,0.0,0.0,0.0,0.4,0.0,-0.1,-0.5,-0.7000000000000001,-169.70000000000002,0.0,0.0,169.8,0.0,21.0,29.4,29.4,29.9,300.0,300.0,31.4,35.5,29.200000000000003,28.4,30.3,4.96,1.99,4.97,0.16,0.0,0.0,1027.0,8228.0,0.0,0.0,0.0,0.0,0.0,1.0,0.0,0.0,0.0,0.0,0.0,-1.2000000000000002,0.0,0.5,0.0,0.0,16.0,25903.0
2026-07-30T19:00:58.815Z,228.298,228.312,0.0,7.4,0.0,0.0,0.0,0.0,0.0,0.0,0.0,0.0,1.0,0.0,0.0,0.0,9.0,4.0,0.0,0.0,0.0,0.0,0.0,0.0,0.0,0.0,6.0,12.0,1.0,12.17,5.01,2.51,1.49,-0.1,0.1,0.0,0.4,0.0,0.4,-0.5,-0.1,-169.70000000000002,0.0,0.0,169.8,0.0,21.0,29.4,29.4,29.9,300.0,300.0,31.4,35.5,29.200000000000003,28.4,30.3,4.95,1.99,4.96,0.16,0.0,0.0,1027.0,8228.0,0.0,0.0,0.0,0.0,0.0,1.0,0.0,0.0,0.0,0.0,0.0,-0.7000000000000001,0.0,0.0,0.0,0.0001,16.0,25903.0
2026-07-30T19:00:58.827Z,228.31,228.324,0.0,7.4,0.0,0.0,0.0,0.0,0.0,0.0,0.0,0.0,1.0,0.0,0.0,0.0,9.0,4.0,0.0,0.0,0.0,0.0,0.0,0.0,0.0,0.0,2.0,12.0,1.0,12.17,5.01,2.51,1.49,0.0,0.0,0.0,0.4,0.0,0.4,0.0,0.4,-169.70000000000002,0.0,0.0,169.8,0.0,21.0,29.4,29.4,29.9,300.0,300.0,31.4,35.5,29.200000000000003,28.4,30.3,4.95,1.99,4.97,0.16,0.0,0.0,1027.0,8228.0,0.0,0.0,0.0,0.0,0.0,1.0,0.0,0.0,0.0,0.0,0.0,0.3,0.0,-0.4,0.0,0.0,16.0,25903.0
2026-07-30T19:00:58.839Z,228.322,228.336,0.0,7.4,0.0,0.0,0.0,0.0,0.0,0.0,0.0,0.0,1.0,0.0,0.0,0.0,9.0,4.0,0.0,0.0,0.0,0.0,0.0,0.0,0.0,0.0,3.0,12.0,1.0,12.17,5.01,2.51,1.49,0.0,0.0,0.0,0.4,0.0,-0.7000000000000001,-0.5,-0.6000000000000001,-169.70000000000002,0.0,0.0,169.8,0.0,21.0,29.4,29.4,29.9,300.0,300.0,31.4,35.5,29.200000000000003,28.4,30.3,4.95,1.98,4.97,0.16,0.0,0.0,1027.0,8228.0,0.0,0.0,0.0,0.0,0.0,1.0,0.0,0.0,0.0,0.0,0.0,-1.1,0.0,0.4,0.0,0.0,16.0,25903.0
2026-07-30T19:00:58.851Z,228.334,228.348,0.0,7.4,0.0,0.0,0.0,0.0,0.0,0.0,0.0,0.0,1.0,0.0,0.0,0.0,9.0,4.0,0.0,0.0,0.0,0.0,0.0,0.0,0.0,0.0,3.0,12.0,1.0,12.17,5.01,2.51,1.49,0.0,0.0,0.0,0.4,0.0,1.0,-0.5,-0.6000000000000001,-169.70000000000002,0.0,0.0,169.8,0.0,21.0,29.4,29.4,29.9,300.0,300.0,31.4,35.5,29.200000000000003,28.4,30.3,4.96,1.98,4.96,0.16,0.0,0.0,1027.0,8228.0,0.0,0.0,0.0,0.0,0.0,1.0,0.0,0.0,0.0,0.0,0.0,-1.0,0.0,0.4,0.0,0.0001,16.0,25903.0
2026-07-30T19:00:58.863Z,228.346,228.36,0.0,7.4,0.0,0.0,0.0,0.0,0.0,0.0,0.0,0.0,1.0,0.0,0.0,0.0,9.0,4.0,0.0,0.0,0.0,0.0,0.0,0.0,0.0,0.0,4.0,12.0,1.0,12.17,5.01,2.51,1.49,0.0,0.0,0.0,0.4,0.0,-1.3,-1.0,-0.6000000000000001,-169.70000000000002,0.0,0.0,169.8,0.0,21.0,29.4,29.4,29.9,300.0,300.0,31.4,35.5,29.200000000000003,28.4,30.3,4.96,1.99,4.97,0.16,0.0,0.0,1027.0,8228.0,0.0,0.0,0.0,0.0,0.0,1.0,0.0,0.0,0.0,0.0,0.0,-1.7000000000000002,0.0,0.3,0.0,0.0001,16.0,25903.0
2026-07-30T19:00:58.876Z,228.359,228.372,0.0,7.4,0.0,0.0,0.0,0.0,0.0,0.0,0.0,0.0,1.0,0.0,0.0,0.0,9.0,4.0,0.0,0.0,0.0,0.0,0.0,0.0,0.0,0.0,5.0,12.0,1.0,12.18,5.0200000000000005,2.51,1.49,0.0,0.0,0.0,0.4,0.0,-0.7000000000000001,0.6000000000000001,0.0,-169.70000000000002,0.0,0.0,169.70000000000002,0.0,21.0,29.4,29.4,29.9,300.0,300.0,31.4,35.4,29.200000000000003,28.4,30.3,4.96,1.99,4.97,0.16,0.0,0.0,1027.0,8228.0,0.0,0.0,0.0,0.0,0.0,1.0,0.0,0.0,0.0,0.0,0.0,0.7000000000000001,0.0,0.2,0.0,0.0001,16.0,25903.0
2026-07-30T19:00:58.886Z,228.369,228.384,0.0,7.4,0.0,0.0,0.0,0.0,0.0,0.0,0.0,0.0,1.0,0.0,0.0,0.0,9.0,4.0,0.0,0.0,0.0,0.0,0.0,0.0,0.0,0.0,6.0,12.0,1.0,12.18,5.0200000000000005,2.51,1.49,0.0,0.0,0.0,0.4,0.0,1.0,1.2000000000000002,-0.6000000000000001,-169.70000000000002,0.0,0.0,169.70000000000002,0.0,21.0,29.4,29.4,29.9,300.0,300.0,31.4,35.4,29.200000000000003,28.4,30.3,4.95,1.99,4.97,0.16,0.0,0.0,1027.0,8228.0,0.0,0.0,0.0,0.0,0.0,1.0,0.0,0.0,0.0,0.0,0.0,1.0,0.0,0.8,0.0,0.0001,16.0,25903.0
2026-07-30T19:00:58.899Z,228.382,228.396,0.0,7.4,0.0,0.0,0.0,0.0,0.0,0.0,0.0,0.0,1.0,0.0,0.0,0.0,9.0,4.0,0.0,0.0,0.0,0.0,0.0,0.0,0.0,0.0,1.0,12.0,1.0,12.18,5.0200000000000005,2.51,1.49,0.0,0.0,0.0,0.4,0.0,0.4,0.1,0.0,-169.70000000000002,0.0,0.0,169.70000000000002,0.0,21.0,29.4,29.4,29.9,300.0,300.0,31.4,35.4,29.200000000000003,28.4,30.3,4.96,1.99,4.96,0.16,0.0,0.0,1027.0,8228.0,0.0,0.0,0.0,0.0,0.0,1.0,0.0,0.0,0.0,0.0,0.0,0.1,0.0,0.0,0.0,0.0,16.0,25903.0
2026-07-30T19:00:58.911Z,228.394,228.408,0.0,7.4,0.0,0.0,0.0,0.0,0.0,0.0,0.0,0.0,1.0,0.0,0.0,0.0,9.0,4.0,0.0,0.0,0.0,0.0,0.0,0.0,0.0,0.0,2.0,12.0,1.0,12.18,5.0200000000000005,2.51,1.49,0.0,0.1,0.0,0.4,0.0,0.4,-1.0,-0.6000000000000001,-169.70000000000002,0.0,0.0,169.8,0.0,21.0,29.4,29.4,29.9,300.0,300.0,31.4,35.4,29.200000000000003,28.4,30.3,4.96,1.99,4.97,0.16,0.0,0.0,1027.0,8228.0,0.0,0.0,0.0,0.0,0.0,1.0,0.0,0.0,0.0,0.0,0.0,-1.6,0.0,0.3,0.0,0.0001,16.0,25903.0
2026-07-30T19:00:58.923Z,228.406,228.42,0.0,7.4,0.0,0.0,0.0,0.0,0.0,0.0,0.0,0.0,1.0,0.0,0.0,0.0,9.0,4.0,0.0,0.0,0.0,0.0,0.0,0.0,0.0,0.0,3.0,12.0,1.0,12.18,5.0200000000000005,2.51,1.49,0.0,0.0,0.0,0.4,0.0,-0.1,-0.4,-0.5,-169.70000000000002,0.0,0.0,169.70000000000002,0.0,21.0,29.4,29.4,29.9,300.0,300.0,31.4,35.4,29.200000000000003,28.4,30.3,4.96,2.0,4.96,0.16,0.0,0.0,1027.0,8228.0,0.0,0.0,0.0,0.0,0.0,1.0,0.0,0.0,0.0,0.0,0.0,-0.9,0.0,0.4,0.0,0.0,16.0,25903.0
2026-07-30T19:00:58.935Z,228.418,228.432,0.0,7.4,0.0,0.0,0.0,0.0,0.0,0.0,0.0,0.0,1.0,0.0,0.0,0.0,9.0,4.0,0.0,0.0,0.0,0.0,0.0,0.0,0.0,0.0,5.0,12.0,1.0,12.18,5.0200000000000005,2.51,1.49,0.0,0.0,0.0,0.4,0.0,-0.1,0.1,0.0,-169.70000000000002,0.0,0.0,169.8,0.0,21.0,29.4,29.4,29.9,300.0,300.0,31.4,35.4,29.200000000000003,28.4,30.3,4.96,2.0,4.96,0.16,0.0,0.0,1027.0,8228.0,0.0,0.0,0.0,0.0,0.0,1.0,0.0,0.0,0.0,0.0,0.0,0.1,0.0,0.0,0.0,0.0,16.0,25903.0
2026-07-30T19:00:58.947Z,228.43,228.444,0.0,7.4,0.0,0.0,0.0,0.0,0.0,0.0,0.0,0.0,1.0,0.0,0.0,0.0,9.0,4.0,0.0,0.0,0.0,0.0,0.0,0.0,0.0,0.0,6.0,12.0,1.0,12.18,5.0200000000000005,2.51,1.49,0.0,0.0,0.0,0.4,0.0,-0.1,-0.4,0.0,-169.70000000000002,0.0,0.0,169.70000000000002,0.0,21.0,29.4,29.4,29.9,300.0,300.0,31.4,35.4,29.200000000000003,28.4,30.3,4.96,2.0,4.97,0.16,0.0,0.0,1027.0,8228.0,0.0,0.0,0.0,0.0,0.0,1.0,0.0,0.0,0.0,0.0,0.0,-0.4,0.0,0.0,0.0,0.0,16.0,25903.0
2026-07-30T19:00:58.959Z,228.442,228.456,0.0,7.4,0.0,0.0,0.0,0.0,0.0,0.0,0.0,0.0,1.0,0.0,0.0,0.0,9.0,4.0,0.0,0.0,0.0,0.0,0.0,0.0,0.0,0.0,2.0,12.0,1.0,12.18,5.0200000000000005,2.51,1.49,0.0,0.0,0.0,0.4,0.0,-0.1,0.1,-0.5,-169.70000000000002,0.0,0.0,169.70000000000002,0.0,21.0,29.4,29.4,29.9,300.0,300.0,31.4,35.4,29.200000000000003,28.4,30.3,4.95,1.99,4.97,0.16,0.0,0.0,1027.0,8228.0,0.0,0.0,0.0,0.0,0.0,1.0,0.0,0.0,0.0,0.0,0.0,-0.2,0.0,0.5,0.0,0.0,16.0,25903.0
2026-07-30T19:00:58.970Z,228.453,228.468,0.0,7.4,0.0,0.0,0.0,0.0,0.0,0.0,0.0,0.0,1.0,0.0,0.0,0.0,9.0,4.0,0.0,0.0,0.0,0.0,0.0,0.0,0.0,0.0,3.0,12.0,1.0,12.18,5.0200000000000005,2.51,1.49,0.0,0.0,0.0,0.4,0.0,-0.7000000000000001,-0.4,-0.6000000000000001,-169.70000000000002,0.0,0.0,169.70000000000002,0.0,21.0,29.4,29.4,29.9,300.0,300.0,31.4,35.4,29.200000000000003,28.4,30.3,4.95,1.99,4.96,0.16,0.0,0.0,1027.0,8228.0,0.0,0.0,0.0,0.0,0.0,1.0,0.0,0.0,0.0,0.0,0.0,-0.9,0.0,0.4,0.0,0.0,16.0,25903.0
2026-07-30T19:00:58.983Z,228.466,228.48,0.0,7.4,0.0,0.0,0.0,0.0,0.0,0.0,0.0,0.0,1.0,0.0,0.0,0.0,9.0,4.0,0.0,0.0,0.0,0.0,0.0,0.0,0.0,0.0,4.0,12.0,1.0,12.18,5.0200000000000005,2.51,1.49,0.0,0.0,0.0,0.4,0.0,-0.2,0.1,0.5,-169.70000000000002,0.0,0.0,169.70000000000002,0.0,21.700000000000003,29.4,29.4,29.9,300.0,300.0,31.5,35.4,29.200000000000003,28.4,30.3,4.96,1.99,4.96,0.16,0.0,0.0,1027.0,8228.0,0.0,0.0,0.0,0.0,0.0,1.0,0.0,0.0,0.0,0.0,0.0,0.5,0.0,-0.4,0.0,0.0,16.0,25903.0
2026-07-30T19:00:59.000Z,228.483,228.492,0.0,7.4,0.0,0.0,0.0,0.0,0.0,0.0,0.0,0.0,1.0,0.0,0.0,0.0,9.0,4.0,0.0,0.0,0.0,0.0,0.0,0.0,0.0,0.0,5.0,12.0,1.0,12.18,5.0200000000000005,2.51,1.49,0.0,0.0,0.0,0.4,0.0,-0.2,-0.4,0.0,-169.70000000000002,0.0,0.0,169.70000000000002,0.0,21.700000000000003,29.4,29.4,29.9,300.0,300.0,31.5,35.4,29.200000000000003,28.4,30.3,4.95,1.99,4.97,0.16,0.0,0.0,1027.0,8228.0,0.0,0.0,0.0,0.0,0.0,1.0,0.0,0.0,0.0,0.0,0.0,-0.5,0.0,0.0,0.0,0.0,16.0,25903.0
2026-07-30T19:00:59.007Z,228.49,228.504,0.0,7.4,0.0,0.0,0.0,0.0,0.0,0.0,0.0,0.0,1.0,0.0,0.0,0.0,9.0,4.0,0.0,0.0,0.0,0.0,0.0,0.0,0.0,0.0,2.0,12.0,1.0,12.18,5.0200000000000005,2.51,1.49,0.0,0.0,0.0,0.4,0.0,-0.2,0.6000000000000001,0.4,-169.70000000000002,0.0,0.0,169.8,0.0,21.700000000000003,29.4,29.4,29.9,300.0,300.0,31.5,35.4,29.200000000000003,28.4,30.3,4.96,1.99,4.96,0.16,0.0,0.0,1027.0,8228.0,0.0,0.0,0.0,0.0,0.0,1.0,0.0,0.0,0.0,0.0,0.0,1.1,0.0,-0.2,0.0,0.0001,16.0,25903.0
2026-07-30T19:00:59.019Z,228.502,228.516,0.0,7.4,0.0,0.0,0.0,0.0,0.0,0.0,0.0,0.0,1.0,0.0,0.0,0.0,9.0,4.0,0.0,0.0,0.0,0.0,0.0,0.0,0.0,0.0,3.0,12.0,1.0,12.18,5.0200000000000005,2.51,1.49,0.0,0.0,0.0,0.4,0.0,-0.2,0.1,-0.6000000000000001,-169.70000000000002,0.0,0.0,169.70000000000002,0.0,21.700000000000003,29.4,29.4,29.9,300.0,300.0,31.5,35.4,29.200000000000003,28.4,30.3,4.96,1.99,4.96,0.16,0.0,0.0,1027.0,8228.0,0.0,0.0,0.0,0.0,0.0,1.0,0.0,0.0,0.0,0.0,0.0,-0.3,0.0,0.6000000000000001,0.0,0.0,16.0,25903.0
2026-07-30T19:00:59.031Z,228.514,228.528,0.0,7.4,0.0,0.0,0.0,0.0,0.0,0.0,0.0,0.0,1.0,0.0,0.0,0.0,9.0,4.0,0.0,0.0,0.0,0.0,0.0,0.0,0.0,0.0,3.0,12.0,1.0,12.18,5.0200000000000005,2.51,1.49,0.0,0.0,0.0,0.4,0.0,-0.2,-0.4,0.4,-169.70000000000002,0.0,0.0,169.8,0.0,21.700000000000003,29.4,29.4,29.9,300.0,300.0,31.5,35.4,29.200000000000003,28.4,30.3,4.95,1.99,4.96,0.16,0.0,0.0,1027.0,8228.0,0.0,0.0,0.0,0.0,0.0,1.0,0.0,0.0,0.0,0.0,0.0,-0.1,0.0,-0.5,0.0,0.0,16.0,25903.0
2026-07-30T19:00:59.043Z,228.526,228.54,0.0,7.4,0.0,0.0,0.0,0.0,0.0,0.0,0.0,0.0,1.0,0.0,0.0,0.0,9.0,4.0,0.0,0.0,0.0,0.0,0.0,0.0,0.0,0.0,4.0,12.0,1.0,12.18,5.0200000000000005,2.51,1.49,0.0,0.1,0.0,0.4,0.0,0.3,-0.5,-0.6000000000000001,-169.70000000000002,0.0,0.0,169.70000000000002,0.0,21.700000000000003,29.4,29.4,29.9,300.0,300.0,31.5,35.4,29.200000000000003,28.4,30.3,4.95,1.99,4.97,0.16,0.0,0.0,1027.0,8228.0,0.0,0.0,0.0,0.0,0.0,1.0,0.0,0.0,0.0,0.0,0.0,-1.0,0.0,0.4,0.0,0.0001,16.0,25903.0
2026-07-30T19:00:59.055Z,228.538,228.552,0.0,7.4,0.0,0.0,0.0,0.0,0.0,0.0,0.0,0.0,1.0,0.0,0.0,0.0,9.0,4.0,0.0,0.0,0.0,0.0,0.0,0.0,0.0,0.0,6.0,12.0,1.0,12.18,5.0200000000000005,2.51,1.49,0.0,0.0,0.0,0.4,0.0,0.4,0.6000000000000001,0.5,-169.70000000000002,0.0,0.0,169.8,0.0,21.700000000000003,29.4,29.4,29.9,300.0,300.0,31.5,35.4,29.200000000000003,28.4,30.3,4.96,2.0,4.96,0.16,0.0,0.0,1027.0,8228.0,0.0,0.0,0.0,0.0,0.0,1.0,0.0,0.0,0.0,0.0,0.0,1.1,0.0,-0.3,0.0,0.0001,16.0,25903.0
2026-07-30T19:00:59.067Z,228.55,228.564,0.0,7.4,0.0,0.0,0.0,0.0,0.0,0.0,0.0,0.0,1.0,0.0,0.0,0.0,9.0,4.0,0.0,0.0,0.0,0.0,0.0,0.0,0.0,0.0,1.0,12.0,1.0,12.18,5.0200000000000005,2.51,1.49,0.0,0.0,0.0,0.4,0.0,-0.2,0.0,-0.6000000000000001,-169.70000000000002,0.0,0.0,169.8,0.0,21.700000000000003,29.4,29.4,29.9,300.0,300.0,31.5,35.4,29.200000000000003,28.4,30.3,4.96,1.99,4.97,0.16,0.0,0.0,1027.0,8228.0,0.0,0.0,0.0,0.0,0.0,1.0,0.0,0.0,0.0,0.0,0.0,-0.3,0.0,0.5,0.0,0.0,16.0,25903.0
2026-07-30T19:00:59.080Z,228.563,228.576,0.0,7.4,0.0,0.0,0.0,0.0,0.0,0.0,0.0,0.0,1.0,0.0,0.0,0.0,9.0,4.0,0.0,0.0,0.0,0.0,0.0,0.0,0.0,0.0,2.0,12.0,1.0,12.18,5.0200000000000005,2.5,1.5,0.0,0.0,0.0,0.4,0.0,0.4,1.2000000000000002,2.3000000000000003,-169.70000000000002,0.0,0.0,169.70000000000002,0.0,22.1,29.4,29.4,29.9,300.0,300.0,31.4,35.4,29.200000000000003,28.4,30.3,4.95,2.0,4.97,0.16,0.0,0.0,1027.0,8228.0,0.0,0.0,0.0,0.0,0.0,1.0,0.0,0.0,0.0,0.0,0.0,3.1,0.0,-1.7000000000000002,0.0,0.0002,16.0,25903.0
2026-07-30T19:00:59.091Z,228.574,228.588,0.0,7.4,0.0,0.0,0.0,0.0,0.0,0.0,0.0,0.0,1.0,0.0,0.0,0.0,9.0,4.0,0.0,0.0,0.0,0.0,0.0,0.0,0.0,0.0,3.0,12.0,1.0,12.18,5.0200000000000005,2.5,1.5,0.0,0.0,0.0,0.4,0.0,0.4,-0.5,-1.1,-169.70000000000002,0.0,0.0,169.70000000000002,0.0,22.1,29.4,29.4,29.9,300.0,300.0,31.4,35.4,29.200000000000003,28.4,30.3,4.96,2.0,4.96,0.16,0.0,0.0,1027.0,8228.0,0.0,0.0,0.0,0.0,0.0,1.0,0.0,0.0,0.0,0.0,0.0,-1.4,0.0,0.9,0.0,0.0001,16.0,25903.0
2026-07-30T19:00:59.103Z,228.586,228.6,0.0,7.4,0.0,0.0,0.0,0.0,0.0,0.0,0.0,0.0,1.0,0.0,0.0,0.0,9.0,4.0,0.0,0.0,0.0,0.0,0.0,0.0,0.0,0.0,5.0,12.0,1.0,12.18,5.0200000000000005,2.5,1.5,0.0,0.1,0.0,0.4,0.0,-0.1,-1.1,-0.5,-169.70000000000002,0.0,0.0,169.8,0.0,22.1,29.4,29.4,29.9,300.0,300.0,31.4,35.4,29.200000000000003,28.4,30.3,4.95,1.99,4.96,0.16,0.0,0.0,1027.0,8228.0,0.0,0.0,0.0,0.0,0.0,1.0,0.0,0.0,0.0,0.0,0.0,-1.6,0.0,0.2,0.0,0.0001,16.0,25903.0
2026-07-30T19:00:59.115Z,228.598,228.612,0.0,7.4,0.0,0.0,0.0,0.0,0.0,0.0,0.0,0.0,1.0,0.0,0.0,0.0,9.0,4.0,0.0,0.0,0.0,0.0,0.0,0.0,0.0,0.0,6.0,12.0,1.0,12.18,5.0200000000000005,2.5,1.5,0.0,0.1,0.0,0.4,0.0,0.3,0.0,0.0,-169.70000000000002,0.0,0.0,169.70000000000002,0.0,22.1,29.4,29.4,29.9,300.0,300.0,31.4,35.4,29.200000000000003,28.4,30.3,4.95,1.99,4.97,0.16,0.0,0.0,1027.0,8228.0,0.0,0.0,0.0,0.0,0.0,1.0,0.0,0.0,0.0,0.0,0.0,0.0,0.0,0.0,0.0,0.0002,16.0,25903.0
2026-07-30T19:00:59.127Z,228.61,228.624,0.0,7.4,0.0,0.0,0.0,0.0,0.0,0.0,0.0,0.0,1.0,0.0,0.0,0.0,9.0,4.0,0.0,0.0,0.0,0.0,0.0,0.0,0.0,0.0,1.0,12.0,1.0,12.18,5.0200000000000005,2.5,1.5,0.0,0.0,0.0,0.4,0.0,-0.1,0.0,-0.5,-169.70000000000002,0.0,0.0,169.60000000000002,0.0,22.1,29.4,29.4,29.9,300.0,300.0,31.4,35.4,29.200000000000003,28.4,30.3,4.96,2.0,4.97,0.16,0.0,0.0,1027.0,8228.0,0.0,0.0,0.0,0.0,0.0,1.0,0.0,0.0,0.0,0.0,0.0,-0.3,0.0,0.4,0.0,0.0001,16.0,25903.0
2026-07-30T19:00:59.139Z,228.622,228.636,0.0,7.4,0.0,0.0,0.0,0.0,0.0,0.0,0.0,0.0,1.0,0.0,0.0,0.0,9.0,4.0,0.0,0.0,0.0,0.0,0.0,0.0,0.0,0.0,2.0,12.0,1.0,12.18,5.0200000000000005,2.5,1.5,0.0,0.0,0.0,0.4,0.0,-0.7000000000000001,-0.4,1.2000000000000002,-169.70000000000002,0.0,0.0,169.70000000000002,0.0,22.1,29.4,29.4,29.9,300.0,300.0,31.4,35.4,29.200000000000003,28.4,30.3,4.96,2.0,4.97,0.16,0.0,0.0,1027.0,8228.0,0.0,0.0,0.0,0.0,0.0,1.0,0.0,0.0,0.0,0.0,0.0,0.3,0.0,-1.1,0.0,0.0001,16.0,25903.0
2026-07-30T19:00:59.151Z,228.634,228.648,0.0,7.4,0.0,0.0,0.0,0.0,0.0,0.0,0.0,0.0,1.0,0.0,0.0,0.0,9.0,4.0,0.0,0.0,0.0,0.0,0.0,0.0,0.0,0.0,3.0,12.0,1.0,12.18,5.0200000000000005,2.5,1.5,0.0,0.0,0.0,0.4,0.0,1.0,-0.5,-0.5,-169.70000000000002,0.0,0.0,169.8,0.0,22.1,29.4,29.4,29.9,300.0,300.0,31.4,35.4,29.200000000000003,28.4,30.3,4.95,1.99,4.96,0.16,0.0,0.0,1027.0,8228.0,0.0,0.0,0.0,0.0,0.0,1.0,0.0,0.0,0.0,0.0,0.0,-0.9,0.0,0.3,0.0,0.0001,16.0,25903.0
2026-07-30T19:00:59.163Z,228.646,228.66,0.0,7.4,0.0,0.0,0.0,0.0,0.0,0.0,0.0,0.0,1.0,0.0,0.0,0.0,9.0,4.0,0.0,0.0,0.0,0.0,0.0,0.0,0.0,0.0,4.0,12.0,1.0,12.18,5.0200000000000005,2.5,1.5,0.0,0.1,0.0,0.4,0.0,-0.1,0.0,0.0,-169.70000000000002,0.0,0.0,169.70000000000002,0.0,22.1,29.4,29.4,29.9,300.0,300.0,31.4,35.4,29.200000000000003,28.4,30.3,4.95,1.99,4.96,0.16,0.0,0.0,1027.0,8228.0,0.0,0.0,0.0,0.0,0.0,1.0,0.0,0.0,0.0,0.0,0.0,0.1,0.0,0.0,0.0,0.0001,16.0,25903.0
2026-07-30T19:00:59.175Z,228.658,228.672,0.0,7.4,0.0,0.0,0.0,0.0,0.0,0.0,0.0,0.0,1.0,0.0,0.0,0.0,9.0,4.0,0.0,0.0,0.0,0.0,0.0,0.0,0.0,0.0,6.0,12.0,1.0,12.18,5.0200000000000005,2.5,1.5,0.0,0.1,0.0,0.4,0.0,0.4,-0.5,0.0,-169.70000000000002,0.0,0.0,169.60000000000002,0.0,22.1,29.4,29.4,29.9,300.0,300.0,31.4,35.4,29.200000000000003,28.4,30.3,4.96,1.99,4.96,0.16,0.0,0.0,1027.0,8228.0,0.0,0.0,0.0,0.0,0.0,1.0,0.0,0.0,0.0,0.0,0.0,-0.5,0.0,-0.1,0.0,0.0001,16.0,25903.0
2026-07-30T19:00:59.187Z,228.67,228.684,0.0,7.4,0.0,0.0,0.0,0.0,0.0,0.0,0.0,0.0,1.0,0.0,0.0,0.0,9.0,4.0,0.0,0.0,0.0,0.0,0.0,0.0,0.0,0.0,1.0,12.0,1.0,12.15,5.01,2.51,1.49,0.0,0.1,0.0,0.4,0.0,1.0,-0.5,-0.5,-169.70000000000002,0.0,0.0,169.60000000000002,0.0,21.700000000000003,29.4,29.4,29.9,300.0,300.0,31.5,35.4,29.200000000000003,28.4,30.3,4.95,1.99,4.96,0.16,0.0,0.0,1027.0,8228.0,0.0,0.0,0.0,0.0,0.0,1.0,0.0,0.0,0.0,0.0,0.0,-1.0,0.0,0.3,0.0,0.0001,16.0,25903.0
2026-07-30T19:00:59.199Z,228.682,228.696,0.0,7.4,0.0,0.0,0.0,0.0,0.0,0.0,0.0,0.0,1.0,0.0,0.0,0.0,9.0,4.0,0.0,0.0,0.0,0.0,0.0,0.0,0.0,0.0,2.0,12.0,1.0,12.15,5.01,2.51,1.49,0.0,0.0,0.0,0.4,0.0,-0.7000000000000001,-1.7000000000000002,-0.5,-169.70000000000002,0.0,0.0,169.70000000000002,0.0,21.700000000000003,29.4,29.4,29.9,300.0,300.0,31.5,35.4,29.200000000000003,28.4,30.3,4.95,1.99,4.97,0.16,0.0,0.0,1027.0,8228.0,0.0,0.0,0.0,0.0,0.0,1.0,0.0,0.0,0.0,0.0,0.0,-2.3000000000000003,0.0,0.1,0.0,0.0,16.0,25903.0
2026-07-30T19:00:59.211Z,228.694,228.708,0.0,7.4,0.0,0.0,0.0,0.0,0.0,0.0,0.0,0.0,1.0,0.0,0.0,0.0,9.0,4.0,0.0,0.0,0.0,0.0,0.0,0.0,0.0,0.0,3.0,12.0,1.0,12.15,5.01,2.51,1.49,0.0,0.1,0.0,0.4,0.0,-0.1,0.0,-1.2000000000000002,-169.70000000000002,0.0,0.0,169.70000000000002,0.0,21.700000000000003,29.4,29.4,29.9,300.0,300.0,31.5,35.4,29.200000000000003,28.4,30.3,4.95,1.99,4.96,0.16,0.0,0.0,1027.0,8228.0,0.0,0.0,0.0,0.0,0.0,1.0,0.0,0.0,0.0,0.0,0.0,-0.8,0.0,1.1,0.0,0.0001,16.0,25903.0
2026-07-30T19:00:59.224Z,228.707,228.72,0.0,7.4,0.0,0.0,0.0,0.0,0.0,0.0,0.0,0.0,1.0,0.0,0.0,0.0,9.0,4.0,0.0,0.0,0.0,0.0,0.0,0.0,0.0,0.0,4.0,12.0,1.0,12.15,5.01,2.51,1.49,0.0,0.0,0.0,0.5,0.0,-0.1,0.0,-0.6000000000000001,-169.70000000000002,0.0,0.0,169.70000000000002,0.0,21.700000000000003,29.4,29.4,29.9,300.0,300.0,31.5,35.4,29.200000000000003,28.4,30.3,4.96,1.99,4.96,0.15,0.0,0.0,1027.0,8228.0,0.0,0.0,0.0,0.0,0.0,1.0,0.0,0.0,0.0,0.0,0.0,-0.4,0.0,0.6000000000000001,0.0,0.0001,16.0,25903.0
2026-07-30T19:00:59.235Z,228.718,228.732,0.0,7.4,0.0,0.0,0.0,0.0,0.0,0.0,0.0,0.0,1.0,0.0,0.0,0.0,9.0,4.0,0.0,0.0,0.0,0.0,0.0,0.0,0.0,0.0,5.0,12.0,1.0,12.15,5.01,2.51,1.49,0.0,0.0,0.0,0.4,0.0,-0.7000000000000001,-0.5,2.2,-169.70000000000002,0.0,0.0,169.70000000000002,0.0,21.700000000000003,29.4,29.4,29.9,300.0,300.0,31.5,35.4,29.200000000000003,28.4,30.3,4.95,1.99,4.97,0.16,0.0,0.0,1027.0,8228.0,0.0,0.0,0.0,0.0,0.0,1.0,0.0,0.0,0.0,0.0,0.0,1.0,0.0,-2.0,0.0,0.0,16.0,25903.0
2026-07-30T19:00:59.247Z,228.73,228.744,0.0,7.4,0.0,0.0,0.0,0.0,0.0,0.0,0.0,0.0,1.0,0.0,0.0,0.0,9.0,4.0,0.0,0.0,0.0,0.0,0.0,0.0,0.0,0.0,6.0,12.0,1.0,12.15,5.01,2.51,1.49,0.0,0.0,0.0,0.4,0.0,-0.7000000000000001,-0.4,-1.3,-169.60000000000002,0.0,0.0,169.70000000000002,0.0,21.700000000000003,29.4,29.4,29.9,300.0,300.0,31.5,35.4,29.200000000000003,28.4,30.3,4.96,1.99,4.96,0.16,0.0,0.0,1027.0,8228.0,0.0,0.0,0.0,0.0,0.0,1.0,0.0,0.0,0.0,0.0,0.0,-1.5,0.0,1.0,0.0,0.0001,16.0,25903.0
2026-07-30T19:00:59.259Z,228.742,228.756,0.0,7.4,0.0,0.0,0.0,0.0,0.0,0.0,0.0,0.0,1.0,0.0,0.0,0.0,9.0,4.0,0.0,0.0,0.0,0.0,0.0,0.0,0.0,0.0,1.0,12.0,1.0,12.15,5.01,2.51,1.49,0.0,0.0,0.0,0.4,0.0,0.4,0.6000000000000001,0.4,-169.60000000000002,0.0,0.0,169.70000000000002,0.0,21.700000000000003,29.4,29.4,29.9,300.0,300.0,31.5,35.4,29.200000000000003,28.4,30.3,4.96,2.0,4.96,0.16,0.0,0.0,1027.0,8228.0,0.0,0.0,0.0,0.0,0.0,1.0,0.0,0.0,0.0,0.0,0.0,1.0,0.0,-0.2,0.0,0.0,16.0,25903.0
2026-07-30T19:00:59.271Z,228.754,228.768,0.0,7.4,0.0,0.0,0.0,0.0,0.0,0.0,0.0,0.0,1.0,0.0,0.0,0.0,9.0,4.0,0.0,0.0,0.0,0.0,0.0,0.0,0.0,0.0,2.0,12.0,1.0,12.15,5.01,2.51,1.49,0.0,0.0,0.0,0.4,0.0,0.4,0.0,-1.3,-169.60000000000002,0.0,0.0,169.70000000000002,0.0,21.700000000000003,29.4,29.4,29.9,300.0,300.0,31.5,35.4,29.200000000000003,28.4,30.3,4.96,1.99,4.96,0.16,0.0,0.0,1027.0,8228.0,0.0,0.0,0.0,0.0,0.0,1.0,0.0,0.0,0.0,0.0,0.0,0.3,0.0,-0.3,0.0,0.0,16.0,25903.0
2026-07-30T19:00:59.284Z,228.767,228.78,0.0,7.4,0.0,0.0,0.0,0.0,0.0,0.0,0.0,0.0,1.0,0.0,0.0,0.0,9.0,4.0,0.0,0.0,0.0,0.0,0.0,0.0,0.0,0.0,3.0,12.0,1.0,12.17,5.01,2.5,1.49,0.0,0.0,0.0,0.4,0.0,-0.1,-0.5,0.3,-169.60000000000002,0.0,0.0,169.70000000000002,0.0,21.3,29.4,29.4,29.9,300.0,300.0,31.4,35.4,29.200000000000003,28.4,30.3,4.96,1.99,4.97,0.16,0.0,0.0,1027.0,8228.0,0.0,0.0,0.0,0.0,0.0,1.0,0.0,0.0,0.0,0.0,0.0,0.8,0.0,-0.8,0.0,0.0001,16.0,25903.0
2026-07-30T19:00:59.295Z,228.778,228.792,0.0,7.4,0.0,0.0,0.0,0.0,0.0,0.0,0.0,0.0,1.0,0.0,0.0,0.0,9.0,4.0,0.0,0.0,0.0,0.0,0.0,0.0,0.0,0.0,4.0,12.0,1.0,12.17,5.01,2.5,1.49,0.0,0.0,0.0,0.4,0.0,-0.1,-0.4,0.0,-169.60000000000002,0.0,0.0,169.60000000000002,0.0,21.3,29.4,29.4,29.9,300.0,300.0,31.4,35.4,29.200000000000003,28.4,30.3,4.96,2.0,4.96,0.16,0.0,0.0,1027.0,8228.0,0.0,0.0,0.0,0.0,0.0,1.0,0.0,0.0,0.0,0.0,0.0,-1.2000000000000002,0.0,-0.1,0.0,0.0001,16.0,25903.0
2026-07-30T19:00:59.316Z,228.799,228.804,0.0,7.4,0.0,0.0,0.0,0.0,0.0,0.0,0.0,0.0,1.0,0.0,0.0,0.0,9.0,4.0,0.0,0.0,0.0,0.0,0.0,0.0,0.0,0.0,5.0,12.0,1.0,12.17,5.01,2.5,1.49,0.0,0.0,0.0,0.4,0.0,0.4,1.8,0.0,-169.60000000000002,0.0,0.0,169.70000000000002,0.0,21.3,29.4,29.4,29.9,300.0,300.0,31.4,35.4,29.200000000000003,28.4,30.3,4.96,1.99,4.97,0.16,0.0,0.0,1027.0,8228.0,0.0,0.0,0.0,0.0,0.0,1.0,0.0,0.0,0.0,0.0,0.0,2.0,0.0,0.4,0.0,0.0001,16.0,25903.0
2026-07-30T19:00:59.319Z,228.802,228.816,0.0,7.4,0.0,0.0,0.0,0.0,0.0,0.0,0.0,0.0,1.0,0.0,0.0,0.0,9.0,4.0,0.0,0.0,0.0,0.0,0.0,0.0,0.0,0.0,2.0,12.0,1.0,12.17,5.01,2.5,1.49,0.0,0.0,0.0,0.4,0.0,-0.1,0.6000000000000001,0.0,-169.60000000000002,0.0,0.0,169.70000000000002,0.0,21.3,29.4,29.4,29.9,300.0,300.0,31.4,35.4,29.200000000000003,28.4,30.3,4.95,1.99,4.97,0.16,0.0,0.0,1027.0,8228.0,0.0,0.0,0.0,0.0,0.0,1.0,0.0,0.0,0.0,0.0,0.0,0.7000000000000001,0.0,0.1,0.0,0.0,16.0,25903.0
2026-07-30T19:00:59.331Z,228.814,228.828,0.0,7.4,0.0,0.0,0.0,0.0,0.0,0.0,0.0,0.0,1.0,0.0,0.0,0.0,9.0,4.0,0.0,0.0,0.0,0.0,0.0,0.0,0.0,0.0,3.0,12.0,1.0,12.17,5.01,2.5,1.49,0.0,0.0,0.0,0.4,0.0,0.4,0.1,1.7000000000000002,-169.60000000000002,0.0,0.0,169.70000000000002,0.0,21.3,29.4,29.4,29.9,300.0,300.0,31.4,35.4,29.200000000000003,28.4,30.3,4.96,1.99,4.97,0.16,0.0,0.0,1027.0,8228.0,0.0,0.0,0.0,0.0,0.0,1.0,0.0,0.0,0.0,0.0,0.0,1.4,0.0,-1.4,0.0,0.0001,16.0,25903.0
2026-07-30T19:00:59.343Z,228.826,228.84,0.0,7.4,0.0,0.0,0.0,0.0,0.0,0.0,0.0,0.0,1.0,0.0,0.0,0.0,9.0,4.0,0.0,0.0,0.0,0.0,0.0,0.0,0.0,0.0,4.0,12.0,1.0,12.17,5.01,2.5,1.49,0.0,0.0,0.0,0.4,0.0,0.4,-1.0,-0.6000000000000001,-169.60000000000002,0.0,0.0,169.8,0.0,21.3,29.4,29.4,29.9,300.0,300.0,31.4,35.4,29.200000000000003,28.4,30.3,4.95,2.0,4.96,0.16,0.0,0.0,1027.0,8228.0,0.0,0.0,0.0,0.0,0.0,1.0,0.0,0.0,0.0,0.0,0.0,-1.6,0.0,0.3,0.0,0.0,16.0,25903.0
2026-07-30T19:00:59.355Z,228.838,228.852,0.0,7.4,0.0,0.0,0.0,0.0,0.0,0.0,0.0,0.0,1.0,0.0,0.0,0.0,9.0,4.0,0.0,0.0,0.0,0.0,0.0,0.0,0.0,0.0,5.0,12.0,1.0,12.17,5.01,2.5,1.49,0.0,0.0,0.0,0.4,0.0,-0.7000000000000001,0.1,-0.6000000000000001,-169.60000000000002,0.0,0.0,169.60000000000002,0.0,21.3,29.4,29.4,29.9,300.0,300.0,31.4,35.4,29.200000000000003,28.4,30.3,4.95,1.99,4.97,0.16,0.0,0.0,1027.0,8228.0,0.0,0.0,0.0,0.0,0.0,1.0,0.0,0.0,0.0,0.0,0.0,-0.2,0.0,0.5,0.0,0.0,16.0,25903.0
2026-07-30T19:00:59.367Z,228.85,228.864,0.0,7.4,0.0,0.0,0.0,0.0,0.0,0.0,0.0,0.0,1.0,0.0,0.0,0.0,9.0,4.0,0.0,0.0,0.0,0.0,0.0,0.0,0.0,0.0,6.0,12.0,1.0,12.17,5.01,2.5,1.49,0.0,0.0,0.0,0.4,0.0,-0.1,0.1,0.0,-169.60000000000002,0.0,0.0,169.8,0.0,21.3,29.4,29.4,29.9,300.0,300.0,31.4,35.4,29.200000000000003,28.4,30.3,4.96,2.0,4.97,0.16,0.0,0.0,1027.0,8228.0,0.0,0.0,0.0,0.0,0.0,1.0,0.0,0.0,0.0,0.0,0.0,0.1,0.0,0.0,0.0,0.0002,16.0,25903.0
2026-07-30T19:00:59.379Z,228.862,228.876,0.0,7.4,0.0,0.0,0.0,0.0,0.0,0.0,0.0,0.0,1.0,0.0,0.0,0.0,9.0,4.0,0.0,0.0,0.0,0.0,0.0,0.0,0.0,0.0,1.0,12.0,1.0,12.17,5.01,2.5,1.49,0.0,0.0,0.0,0.4,0.0,-0.1,1.3,0.0,-169.70000000000002,0.0,0.0,169.8,0.0,21.3,29.4,29.4,29.9,300.0,300.0,31.4,35.4,29.200000000000003,28.4,30.3,4.96,2.0,4.96,0.15,0.0,0.0,1027.0,8228.0,0.0,0.0,0.0,0.0,0.0,1.0,0.0,0.0,0.0,0.0,0.0,1.4,0.0,0.3,0.0,0.0002,16.0,25903.0
2026-07-30T19:00:59.391Z,228.874,228.888,0.0,7.4,0.0,0.0,0.0,0.0,0.0,0.0,0.0,0.0,1.0,0.0,0.0,0.0,9.0,4.0,0.0,0.0,0.0,0.0,0.0,0.0,0.0,0.0,2.0,12.0,1.0,12.14,5.01,2.5,1.49,0.0,0.0,0.0,0.4,0.0,1.0,0.7000000000000001,1.0,-169.70000000000002,0.0,0.0,169.8,0.0,21.8,29.4,29.4,29.9,300.0,300.0,31.4,35.4,29.200000000000003,28.4,30.3,4.95,2.0,4.97,0.15,0.0,0.0,1027.0,8228.0,0.0,0.0,0.0,0.0,0.0,1.0,0.0,0.0,0.0,0.0,0.0,1.6,0.0,-0.8,0.0,0.0001,16.0,25903.0
2026-07-30T19:00:59.403Z,228.886,228.9,0.0,7.4,0.0,0.0,0.0,0.0,0.0,0.0,0.0,0.0,1.0,0.0,0.0,0.0,9.0,4.0,0.0,0.0,0.0,0.0,0.0,0.0,0.0,0.0,3.0,12.0,1.0,12.14,5.01,2.5,1.49,0.0,0.0,0.0,0.4,0.0,1.0,0.1,-0.1,-169.70000000000002,0.0,0.0,169.8,0.0,21.8,29.4,29.4,29.9,300.0,300.0,31.4,35.4,29.200000000000003,28.4,30.3,4.95,1.99,4.97,0.16,0.0,0.0,1027.0,8228.0,0.0,0.0,0.0,0.0,0.0,1.0,0.0,0.0,0.0,0.0,0.0,0.1,0.0,0.1,0.0,0.0001,16.0,25903.0
2026-07-30T19:00:59.415Z,228.898,228.912,0.0,7.4,0.0,0.0,0.0,0.0,0.0,0.0,0.0,0.0,1.0,0.0,0.0,0.0,9.0,4.0,0.0,0.0,0.0,0.0,0.0,0.0,0.0,0.0,4.0,12.0,1.0,12.14,5.01,2.5,1.49,0.0,0.0,0.0,0.4,0.0,0.0,-0.3,-1.2000000000000002,-169.70000000000002,0.0,0.0,169.8,0.0,21.8,29.4,29.4,29.9,300.0,300.0,31.4,35.4,29.200000000000003,28.4,30.3,4.96,1.99,4.97,0.16,0.0,0.0,1027.0,8228.0,0.0,0.0,0.0,0.0,0.0,1.0,0.0,0.0,0.0,0.0,0.0,-1.3,0.0,1.0,0.0,0.0,16.0,25903.0
2026-07-30T19:00:59.427Z,228.91,228.924,0.0,7.4,0.0,0.0,0.0,0.0,0.0,0.0,0.0,0.0,1.0,0.0,0.0,0.0,9.0,4.0,0.0,0.0,0.0,0.0,0.0,0.0,0.0,0.0,5.0,12.0,1.0,12.14,5.01,2.5,1.49,0.0,0.0,0.0,0.4,0.0,-0.6000000000000001,0.8,0.0,-169.70000000000002,0.0,0.0,169.70000000000002,0.0,21.8,29.4,29.4,29.9,300.0,300.0,31.4,35.4,29.200000000000003,28.4,30.3,4.96,1.99,4.96,0.16,0.0,0.0,1027.0,8228.0,0.0,0.0,0.0,0.0,0.0,1.0,0.0,0.0,0.0,0.0,0.0,0.8,0.0,0.2,0.0,0.0,16.0,25903.0
2026-07-30T19:00:59.439Z,228.922,228.936,0.0,7.4,0.0,0.0,0.0,0.0,0.0,0.0,0.0,0.0,1.0,0.0,0.0,0.0,9.0,4.0,0.0,0.0,0.0,0.0,0.0,0.0,0.0,0.0,6.0,12.0,1.0,12.14,5.01,2.5,1.49,0.0,0.0,0.0,0.4,0.0,0.0,-0.9,0.5,-169.70000000000002,0.0,0.0,169.8,0.0,21.8,29.4,29.4,29.9,300.0,300.0,31.4,35.4,29.200000000000003,28.4,30.3,4.95,1.99,4.97,0.16,0.0,0.0,1027.0,8228.0,0.0,0.0,0.0,0.0,0.0,1.0,0.0,0.0,0.0,0.0,0.0,-0.6000000000000001,0.0,-0.6000000000000001,0.0,0.0002,16.0,25903.0
2026-07-30T19:00:59.451Z,228.934,228.948,0.0,7.4,0.0,0.0,0.0,0.0,0.0,0.0,0.0,0.0,1.0,0.0,0.0,0.0,9.0,4.0,0.0,0.0,0.0,0.0,0.0,0.0,0.0,0.0,1.0,12.0,1.0,12.14,5.01,2.5,1.49,0.0,0.0,0.0,0.4,0.0,0.4,0.2,-0.1,-169.70000000000002,0.0,0.0,169.8,0.0,21.8,29.4,29.4,29.9,300.0,300.0,31.4,35.4,29.200000000000003,28.4,30.3,4.95,1.99,4.96,0.16,0.0,0.0,1027.0,8228.0,0.0,0.0,0.0,0.0,0.0,1.0,0.0,0.0,0.0,0.0,0.0,0.1,0.0,0.1,0.0,0.0002,16.0,25903.0
2026-07-30T19:00:59.463Z,228.946,228.96,0.0,7.4,0.0,0.0,0.0,0.0,0.0,0.0,0.0,0.0,1.0,0.0,0.0,0.0,9.0,4.0,0.0,0.0,0.0,0.0,0.0,0.0,0.0,0.0,1.0,12.0,1.0,12.14,5.01,2.5,1.49,0.0,0.0,0.0,0.4,0.0,-0.1,-0.3,-0.6000000000000001,-169.70000000000002,0.0,0.0,169.8,0.0,21.8,29.4,29.4,29.9,300.0,300.0,31.4,35.4,29.200000000000003,28.4,30.3,4.96,1.99,4.96,0.16,0.0,0.0,1027.0,8228.0,0.0,0.0,0.0,0.0,0.0,1.0,0.0,0.0,0.0,0.0,0.0,-0.9,0.0,0.5,0.0,0.0001,16.0,25903.0
2026-07-30T19:00:59.475Z,228.958,228.972,0.0,7.4,0.0,0.0,0.0,0.0,0.0,0.0,0.0,0.0,1.0,0.0,0.0,0.0,9.0,4.0,0.0,0.0,0.0,0.0,0.0,0.0,0.0,0.0,3.0,12.0,1.0,12.14,5.01,2.5,1.49,0.0,0.0,0.0,0.4,0.0,0.4,0.8,0.4,-169.70000000000002,0.0,0.0,169.70000000000002,0.0,21.8,29.4,29.4,29.9,300.0,300.0,31.4,35.4,29.200000000000003,28.4,30.3,4.95,1.99,4.97,0.16,0.0,0.0,1027.0,8228.0,0.0,0.0,0.0,0.0,0.0,1.0,0.0,0.0,0.0,0.0,0.0,1.3,0.0,-0.2,0.0,0.0,16.0,25903.0
2026-07-30T19:00:59.488Z,228.971,228.984,0.0,7.4,0.0,0.0,0.0,0.0,0.0,0.0,0.0,0.0,1.0,0.0,0.0,0.0,9.0,4.0,0.0,0.0,0.0,0.0,0.0,0.0,0.0,0.0,3.0,12.0,1.0,12.18,5.01,2.51,1.49,0.0,0.0,0.0,0.4,0.0,-0.1,-0.3,0.0,-169.70000000000002,0.0,0.0,169.8,0.0,20.9,29.4,29.4,29.9,300.0,300.0,31.4,35.5,29.200000000000003,28.4,30.3,4.95,1.99,4.97,0.16,0.0,0.0,1027.0,8228.0,0.0,0.0,0.0,0.0,0.0,1.0,0.0,0.0,0.0,0.0,0.0,-0.4,0.0,0.0,0.0,0.0,16.0,25903.0
2026-07-30T19:00:59.499Z,228.982,228.996,0.0,7.4,0.0,0.0,0.0,0.0,0.0,0.0,0.0,0.0,1.0,0.0,0.0,0.0,9.0,4.0,0.0,0.0,0.0,0.0,0.0,0.0,0.0,0.0,5.0,12.0,1.0,12.18,5.01,2.51,1.49,-0.1,0.1,0.0,0.4,0.0,-0.1,1.4,0.0,-169.70000000000002,0.0,0.0,169.8,0.0,20.9,29.4,29.4,29.9,300.0,300.0,31.4,35.5,29.200000000000003,28.4,30.3,4.95,1.99,4.97,0.16,0.0,0.0,1027.0,8228.0,0.0,0.0,0.0,0.0,0.0,1.0,0.0,0.0,0.0,0.0,0.0,1.5,0.0,0.3,0.0,0.0001,16.0,25903.0
2026-07-30T19:00:59.511Z,228.994,229.008,0.0,7.4,0.0,0.0,0.0,0.0,0.0,0.0,0.0,0.0,1.0,0.0,0.0,0.0,9.0,4.0,0.0,0.0,0.0,0.0,0.0,0.0,0.0,0.0,6.0,12.0,1.0,12.18,5.01,2.51,1.49,0.0,0.0,0.0,0.4,0.0,0.4,-0.3,0.4,-169.70000000000002,0.0,0.0,169.8,0.0,20.9,29.4,29.4,29.9,300.0,300.0,31.4,35.5,29.200000000000003,28.4,30.3,4.96,1.99,4.97,0.16,0.0,0.0,1027.0,8228.0,0.0,0.0,0.0,0.0,0.0,1.0,0.0,0.0,0.0,0.0,0.0,0.0,0.0,-0.5,0.0,0.0,16.0,25903.0
2026-07-30T19:00:59.523Z,229.006,229.02,0.0,7.4,0.0,0.0,0.0,0.0,0.0,0.0,0.0,0.0,1.0,0.0,0.0,0.0,9.0,4.0,0.0,0.0,0.0,0.0,0.0,0.0,0.0,0.0,1.0,12.0,1.0,12.18,5.01,2.51,1.49,0.0,0.0,0.0,0.4,0.0,0.4,-0.3,0.0,-169.70000000000002,0.0,0.0,169.8,0.0,20.9,29.4,29.4,29.9,300.0,300.0,31.4,35.5,29.200000000000003,28.4,30.3,4.95,1.99,4.96,0.16,0.0,0.0,1027.0,8228.0,0.0,0.0,0.0,0.0,0.0,1.0,0.0,0.0,0.0,0.0,0.0,-0.5,0.0,0.0,0.0,0.0001,16.0,25903.0
2026-07-30T19:00:59.535Z,229.018,229.032,0.0,7.4,0.0,0.0,0.0,0.0,0.0,0.0,0.0,0.0,1.0,0.0,0.0,0.0,9.0,4.0,0.0,0.0,0.0,0.0,0.0,0.0,0.0,0.0,2.0,12.0,1.0,12.18,5.01,2.51,1.49,0.0,0.0,0.0,0.4,0.0,0.4,-0.9,0.0,-169.70000000000002,0.0,0.0,169.8,0.0,20.9,29.4,29.4,29.9,300.0,300.0,31.4,35.5,29.200000000000003,28.4,30.3,4.95,1.99,4.96,0.16,0.0,0.0,1027.0,8228.0,0.0,0.0,0.0,0.0,0.0,1.0,0.0,0.0,0.0,0.0,0.0,-1.1,0.0,-0.1,0.0,0.0001,16.0,25903.0
2026-07-30T19:00:59.547Z,229.03,229.044,0.0,7.4,0.0,0.0,0.0,0.0,0.0,0.0,0.0,0.0,1.0,0.0,0.0,0.0,9.0,4.0,0.0,0.0,0.0,0.0,0.0,0.0,0.0,0.0,3.0,12.0,1.0,12.18,5.01,2.51,1.49,0.0,0.0,0.0,0.4,0.0,0.3,-0.4,1.0,-169.70000000000002,0.0,0.0,169.8,0.0,20.9,29.4,29.4,29.9,300.0,300.0,31.4,35.5,29.200000000000003,28.4,30.3,4.95,1.99,4.97,0.16,0.0,0.0,1027.0,8228.0,0.0,0.0,0.0,0.0,0.0,1.0,0.0,0.0,0.0,0.0,0.0,0.3,0.0,-1.0,0.0,0.0001,16.0,25903.0
2026-07-30T19:00:59.559Z,229.042,229.056,0.0,7.4,0.0,0.0,0.0,0.0,0.0,0.0,0.0,0.0,1.0,0.0,0.0,0.0,9.0,4.0,0.0,0.0,0.0,0.0,0.0,0.0,0.0,0.0,5.0,12.0,1.0,12.18,5.01,2.51,1.49,0.0,0.0,0.0,0.4,0.0,0.9,0.7000000000000001,-0.1,-169.70000000000002,0.0,0.0,169.70000000000002,0.0,20.9,29.4,29.4,29.9,300.0,300.0,31.4,35.5,29.200000000000003,28.4,30.3,4.95,1.99,4.97,0.16,0.0,0.0,1027.0,8228.0,0.0,0.0,0.0,0.0,0.0,1.0,0.0,0.0,0.0,0.0,0.0,0.7000000000000001,0.0,0.2,0.0,0.0,16.0,25903.0
2026-07-30T19:00:59.570Z,229.053,229.068,0.0,7.4,0.0,0.0,0.0,0.0,0.0,0.0,0.0,0.0,1.0,0.0,0.0,0.0,9.0,4.0,0.0,0.0,0.0,0.0,0.0,0.0,0.0,0.0,6.0,12.0,1.0,12.18,5.01,2.51,1.49,0.0,0.0,0.0,0.4,0.0,-0.2,0.7000000000000001,-0.6000000000000001,-169.70000000000002,0.0,0.0,169.60000000000002,0.0,20.9,29.4,29.4,29.9,300.0,300.0,31.4,35.5,29.200000000000003,28.4,30.3,4.96,1.99,4.97,0.16,0.0,0.0,1027.0,8228.0,0.0,0.0,0.0,0.0,0.0,1.0,0.0,0.0,0.0,0.0,0.0,0.3,0.0,0.7000000000000001,0.0,0.0001,16.0,25903.0
2026-07-30T19:00:59.583Z,229.066,229.08,0.0,7.4,0.0,0.0,0.0,0.0,0.0,0.0,0.0,0.0,1.0,0.0,0.0,0.0,9.0,4.0,0.0,0.0,0.0,0.0,0.0,0.0,0.0,0.0,1.0,12.0,1.0,12.18,5.01,2.51,1.49,-0.1,0.1,0.0,0.4,0.0,0.9,-0.3,-0.6000000000000001,-169.70000000000002,0.0,0.0,169.70000000000002,0.0,20.9,29.4,29.4,29.9,300.0,300.0,31.4,35.5,29.200000000000003,28.4,30.3,4.95,1.99,4.96,0.16,0.0,0.0,1027.0,8228.0,0.0,0.0,0.0,0.0,0.0,1.0,0.0,0.0,0.0,0.0,0.0,-0.9,0.0,0.5,0.0,0.0002,16.0,25903.0
2026-07-30T19:00:59.595Z,229.078,229.092,0.0,7.4,0.0,0.0,0.0,0.0,0.0,0.0,0.0,0.0,1.0,0.0,0.0,0.0,9.0,4.0,0.0,0.0,0.0,0.0,0.0,0.0,0.0,0.0,2.0,12.0,1.0,12.15,5.01,2.51,1.49,0.0,0.0,0.0,0.4,0.0,0.3,0.8,0.0,-169.70000000000002,0.0,0.0,169.60000000000002,0.0,21.700000000000003,29.4,29.4,29.9,300.0,300.0,31.3,35.5,29.200000000000003,28.4,30.3,4.95,1.99,4.96,0.16,0.0,0.0,1027.0,8228.0,0.0,0.0,0.0,0.0,0.0,1.0,0.0,0.0,0.0,0.0,0.0,0.9,0.0,0.1,0.0,0.0,16.0,25903.0
2026-07-30T19:00:59.607Z,229.09,229.104,0.0,7.4,0.0,0.0,0.0,0.0,0.0,0.0,0.0,0.0,1.0,0.0,0.0,0.0,9.0,4.0,0.0,0.0,0.0,0.0,0.0,0.0,0.0,0.0,3.0,12.0,1.0,12.15,5.01,2.51,1.49,0.0,0.0,0.0,0.4,0.0,-0.2,0.7000000000000001,0.5,-169.70000000000002,0.0,0.0,169.60000000000002,0.0,21.700000000000003,29.4,29.4,29.9,300.0,300.0,31.3,35.5,29.200000000000003,28.4,30.3,4.95,1.99,4.96,0.16,0.0,0.0,1027.0,8228.0,0.0,0.0,0.0,0.0,0.0,1.0,0.0,0.0,0.0,0.0,0.0,1.3,0.0,-0.3,0.0,0.0001,16.0,25903.0
2026-07-30T19:00:59.631Z,229.114,229.116,0.0,7.4,0.0,0.0,0.0,0.0,0.0,0.0,0.0,0.0,1.0,0.0,0.0,0.0,9.0,4.0,0.0,0.0,0.0,0.0,0.0,0.0,0.0,0.0,4.0,12.0,1.0,12.15,5.01,2.51,1.49,0.0,0.1,0.0,0.4,0.0,0.2,-0.3,-0.6000000000000001,-169.70000000000002,0.0,0.0,169.70000000000002,0.0,21.700000000000003,29.4,29.4,29.9,300.0,300.0,31.3,35.5,29.200000000000003,28.4,30.3,4.96,1.99,4.96,0.16,0.0,0.0,1027.0,8228.0,0.0,0.0,0.0,0.0,0.0,1.0,0.0,0.0,0.0,0.0,0.0,-0.8,0.0,0.4,0.0,0.0,16.0,25903.0
2026-07-30T19:00:59.634Z,229.117,229.128,0.0,7.4,0.0,0.0,0.0,0.0,0.0,0.0,0.0,0.0,1.0,0.0,0.0,0.0,9.0,4.0,0.0,0.0,0.0,0.0,0.0,0.0,0.0,0.0,3.0,12.0,1.0,12.15,5.01,2.51,1.49,0.0,0.0,0.0,0.5,0.0,0.8,0.8,0.5,-169.70000000000002,0.0,0.0,169.70000000000002,0.0,21.700000000000003,29.4,29.4,29.9,300.0,300.0,31.3,35.5,29.200000000000003,28.4,30.3,4.95,1.99,4.97,0.16,0.0,0.0,1027.0,8228.0,0.0,0.0,0.0,0.0,0.0,1.0,0.0,0.0,0.0,0.0,0.0,1.3,0.0,-0.3,0.0,0.0001,16.0,25903.0
2026-07-30T19:00:59.643Z,229.126,229.14,0.0,7.4,0.0,0.0,0.0,0.0,0.0,0.0,0.0,0.0,1.0,0.0,0.0,0.0,9.0,4.0,0.0,0.0,0.0,0.0,0.0,0.0,0.0,0.0,6.0,12.0,1.0,12.15,5.01,2.51,1.49,0.0,0.0,0.0,0.4,0.0,-0.2,-0.3,0.5,-169.70000000000002,0.0,0.0,169.70000000000002,0.0,21.700000000000003,29.4,29.4,29.9,300.0,300.0,31.3,35.5,29.200000000000003,28.4,30.3,4.95,1.99,4.96,0.16,0.0,0.0,1027.0,8228.0,0.0,0.0,0.0,0.0,0.0,1.0,0.0,0.0,0.0,0.0,0.0,0.0,0.0,-0.5,0.0,0.0001,16.0,25903.0
2026-07-30T19:00:59.655Z,229.138,229.152,0.0,7.4,0.0,0.0,0.0,0.0,0.0,0.0,0.0,0.0,1.0,0.0,0.0,0.0,9.0,4.0,0.0,0.0,0.0,0.0,0.0,0.0,0.0,0.0,1.0,12.0,1.0,12.15,5.01,2.51,1.49,0.0,0.0,0.0,0.4,0.0,0.3,0.8,-1.1,-169.70000000000002,0.0,0.0,169.70000000000002,0.0,21.700000000000003,29.4,29.4,29.9,300.0,300.0,31.3,35.5,29.200000000000003,28.4,30.3,4.96,2.0,4.96,0.16,0.0,0.0,1027.0,8228.0,0.0,0.0,0.0,0.0,0.0,1.0,0.0,0.0,0.0,0.0,0.0,0.0,0.0,1.2000000000000002,0.0,0.0001,16.0,25903.0
2026-07-30T19:00:59.667Z,229.15,229.164,0.0,7.4,0.0,0.0,0.0,0.0,0.0,0.0,0.0,0.0,1.0,0.0,0.0,0.0,9.0,4.0,0.0,0.0,0.0,0.0,0.0,0.0,0.0,0.0,3.0,12.0,1.0,12.15,5.01,2.51,1.49,0.0,0.0,0.0,0.4,0.0,0.3,0.2,1.7000000000000002,-169.70000000000002,0.0,0.0,169.8,0.0,21.700000000000003,29.4,29.4,29.9,300.0,300.0,31.3,35.5,29.200000000000003,28.4,30.3,4.96,2.0,4.96,0.16,0.0,0.0,1027.0,8228.0,0.0,0.0,0.0,0.0,0.0,1.0,0.0,0.0,0.0,0.0,0.0,1.5,0.0,-1.4,0.0,0.0001,16.0,25903.0
2026-07-30T19:00:59.679Z,229.162,229.176,0.0,7.4,0.0,0.0,0.0,0.0,0.0,0.0,0.0,0.0,1.0,0.0,0.0,0.0,9.0,4.0,0.0,0.0,0.0,0.0,0.0,0.0,0.0,0.0,4.0,12.0,1.0,12.15,5.01,2.51,1.49,0.0,0.0,0.0,0.4,0.0,-0.2,-0.9,-0.5,-169.70000000000002,0.0,0.0,169.8,0.0,21.700000000000003,29.4,29.4,29.9,300.0,300.0,31.3,35.5,29.200000000000003,28.4,30.3,4.95,2.0,4.96,0.16,0.0,0.0,1027.0,8228.0,0.0,0.0,0.0,0.0,0.0,1.0,0.0,0.0,0.0,0.0,0.0,-1.4,0.0,0.3,0.0,0.0001,16.0,25903.0
2026-07-30T19:00:59.692Z,229.175,229.188,0.0,7.4,0.0,0.0,0.0,0.0,0.0,0.0,0.0,0.0,1.0,0.0,0.0,0.0,9.0,4.0,0.0,0.0,0.0,0.0,0.0,0.0,0.0,0.0,5.0,12.0,1.0,12.17,5.0200000000000005,2.51,1.49,0.0,0.1,0.0,0.4,0.0,0.2,0.2,-0.5,-169.70000000000002,0.0,0.0,169.8,0.0,21.8,29.4,29.4,29.9,300.0,300.0,31.3,35.5,29.200000000000003,28.4,30.3,4.95,2.0,4.96,0.16,0.0,0.0,1027.0,8228.0,0.0,0.0,0.0,0.0,0.0,1.0,0.0,0.0,0.0,0.0,0.0,0.0,0.0,0.5,0.0,0.0001,16.0,25903.0
2026-07-30T19:00:59.703Z,229.186,229.2,0.0,7.4,0.0,0.0,0.0,0.0,0.0,0.0,0.0,0.0,1.0,0.0,0.0,0.0,9.0,4.0,0.0,0.0,0.0,0.0,0.0,0.0,0.0,0.0,1.0,12.0,1.0,12.17,5.0200000000000005,2.51,1.49,0.0,0.0,0.0,0.4,0.0,-0.2,0.8,0.0,-169.70000000000002,0.0,0.0,169.70000000000002,0.0,21.8,29.4,29.4,29.9,300.0,300.0,31.3,35.5,29.200000000000003,28.4,30.3,4.95,1.99,4.96,0.16,0.0,0.0,1027.0,8228.0,0.0,0.0,0.0,0.0,0.0,1.0,0.0,0.0,0.0,0.0,0.0,0.9,0.0,0.1,0.0,0.0,16.0,25903.0
2026-07-30T19:00:59.715Z,229.198,229.212,0.0,7.4,0.0,0.0,0.0,0.0,0.0,0.0,0.0,0.0,1.0,0.0,0.0,0.0,9.0,4.0,0.0,0.0,0.0,0.0,0.0,0.0,0.0,0.0,2.0,12.0,1.0,12.17,5.0200000000000005,2.51,1.49,0.0,0.0,0.0,0.4,0.0,0.3,-0.2,0.0,-169.70000000000002,0.0,0.0,169.70000000000002,0.0,21.8,29.4,29.4,29.9,300.0,300.0,31.3,35.5,29.200000000000003,28.4,30.3,4.95,1.99,4.97,0.16,0.0,0.0,1027.0,8228.0,0.0,0.0,0.0,0.0,0.0,1.0,0.0,0.0,0.0,0.0,0.0,-0.2,0.0,-0.1,0.0,0.0002,16.0,25903.0
2026-07-30T19:00:59.727Z,229.21,229.224,0.0,7.4,0.0,0.0,0.0,0.0,0.0,0.0,0.0,0.0,1.0,0.0,0.0,0.0,9.0,4.0,0.0,0.0,0.0,0.0,0.0,0.0,0.0,0.0,3.0,12.0,1.0,12.17,5.0200000000000005,2.51,1.49,0.0,0.0,0.0,0.4,0.0,0.3,0.8,0.6000000000000001,-169.70000000000002,0.0,0.0,169.70000000000002,0.0,21.8,29.4,29.4,29.9,300.0,300.0,31.3,35.5,29.200000000000003,28.4,30.3,4.96,1.99,4.97,0.16,0.0,0.0,1027.0,8228.0,0.0,0.0,0.0,0.0,0.0,1.0,0.0,0.0,0.0,0.0,0.0,1.4,0.0,-0.4,0.0,0.0001,16.0,25903.0
2026-07-30T19:00:59.738Z,229.221,229.236,0.0,7.4,0.0,0.0,0.0,0.0,0.0,0.0,0.0,0.0,1.0,0.0,0.0,0.0,9.0,4.0,0.0,0.0,0.0,0.0,0.0,0.0,0.0,0.0,4.0,12.0,1.0,12.17,5.0200000000000005,2.51,1.49,0.0,0.1,0.0,0.4,0.0,0.3,0.2,0.1,-169.70000000000002,0.0,0.0,169.60000000000002,0.0,21.8,29.4,29.4,29.9,300.0,300.0,31.3,35.5,29.200000000000003,28.4,30.3,4.96,2.0,4.96,0.16,0.0,0.0,1027.0,8228.0,0.0,0.0,0.0,0.0,0.0,1.0,0.0,0.0,0.0,0.0,0.0,0.3,0.0,0.0,0.0,0.0001,16.0,25903.0
2026-07-30T19:00:59.751Z,229.234,229.248,0.0,7.4,0.0,0.0,0.0,0.0,0.0,0.0,0.0,0.0,1.0,0.0,0.0,0.0,9.0,4.0,0.0,0.0,0.0,0.0,0.0,0.0,0.0,0.0,5.0,12.0,1.0,12.17,5.0200000000000005,2.51,1.49,0.0,0.1,0.0,0.4,0.0,-0.2,0.8,0.6000000000000001,-169.70000000000002,0.0,0.0,169.70000000000002,0.0,21.8,29.4,29.4,29.9,300.0,300.0,31.3,35.5,29.200000000000003,28.4,30.3,4.95,1.99,4.96,0.16,0.0,0.0,1027.0,8228.0,0.0,0.0,0.0,0.0,0.0,1.0,0.0,0.0,0.0,0.0,0.0,1.3,0.0,-0.3,0.0,0.0002,16.0,25903.0
2026-07-30T19:00:59.763Z,229.246,229.26,0.0,7.4,0.0,0.0,0.0,0.0,0.0,0.0,0.0,0.0,1.0,0.0,0.0,0.0,9.0,4.0,0.0,0.0,0.0,0.0,0.0,0.0,0.0,0.0,6.0,12.0,1.0,12.17,5.0200000000000005,2.51,1.49,0.0,0.0,0.0,0.4,0.0,-0.8,-0.3,-0.6000000000000001,-169.70000000000002,0.0,0.0,169.8,0.0,21.8,29.4,29.4,29.9,300.0,300.0,31.3,35.5,29.200000000000003,28.4,30.3,4.95,1.99,4.97,0.16,0.0,0.0,1027.0,8228.0,0.0,0.0,0.0,0.0,0.0,1.0,0.0,0.0,0.0,0.0,0.0,-0.9,0.0,0.4,0.0,0.0001,16.0,25903.0
2026-07-30T19:00:59.775Z,229.258,229.272,0.0,7.4,0.0,0.0,0.0,0.0,0.0,0.0,0.0,0.0,1.0,0.0,0.0,0.0,9.0,4.0,0.0,0.0,0.0,0.0,0.0,0.0,0.0,0.0,1.0,12.0,1.0,12.17,5.0200000000000005,2.51,1.49,0.0,0.0,0.0,0.4,0.0,-0.3,-1.5,-0.6000000000000001,-169.70000000000002,0.0,0.0,169.60000000000002,0.0,21.8,29.4,29.4,29.9,300.0,300.0,31.3,35.5,29.200000000000003,28.4,30.3,4.96,1.99,4.96,0.16,0.0,0.0,1027.0,8228.0,0.0,0.0,0.0,0.0,0.0,1.0,0.0,0.0,0.0,0.0,0.0,-2.2,0.0,-1.0,0.0,0.0001,16.0,25903.0
2026-07-30T19:00:59.787Z,229.27,229.284,0.0,7.4,0.0,0.0,0.0,0.0,0.0,0.0,0.0,0.0,1.0,0.0,0.0,0.0,9.0,4.0,0.0,0.0,0.0,0.0,0.0,0.0,0.0,0.0,2.0,12.0,1.0,12.17,5.0200000000000005,2.51,1.49,0.0,0.1,0.0,0.4,0.0,0.2,0.7000000000000001,0.4,-169.70000000000002,0.0,0.0,169.60000000000002,0.0,21.8,29.4,29.4,29.9,300.0,300.0,31.3,35.5,29.200000000000003,28.4,30.3,4.96,1.99,4.97,0.16,0.0,0.0,1027.0,8228.0,0.0,0.0,0.0,0.0,0.0,1.0,0.0,0.0,0.0,0.0,0.0,-0.5,0.0,0.0,0.0,0.0002,16.0,25903.0
2026-07-30T19:00:59.799Z,229.282,229.296,0.0,7.4,0.0,0.0,0.0,0.0,0.0,0.0,0.0,0.0,1.0,0.0,0.0,0.0,9.0,4.0,0.0,0.0,0.0,0.0,0.0,0.0,0.0,0.0,3.0,12.0,1.0,12.19,5.01,2.51,1.5,0.0,0.0,0.0,0.4,0.0,-1.4,0.1,-0.1,-169.70000000000002,0.0,0.0,169.70000000000002,0.0,21.4,29.4,29.4,29.9,300.0,300.0,31.3,35.4,29.200000000000003,28.4,30.4,4.95,1.99,4.97,0.16,0.0,0.0,1027.0,8228.0,0.0,0.0,0.0,0.0,0.0,1.0,0.0,0.0,0.0,0.0,0.0,2.5,0.0,0.0,0.0,0.0001,16.0,25903.0
2026-07-30T19:00:59.811Z,229.294,229.308,0.0,7.4,0.0,0.0,0.0,0.0,0.0,0.0,0.0,0.0,1.0,0.0,0.0,0.0,9.0,4.0,0.0,0.0,0.0,0.0,0.0,0.0,0.0,0.0,4.0,12.0,1.0,12.19,5.01,2.51,1.5,0.0,0.0,0.0,0.4,0.0,0.2,0.1,1.5,-169.70000000000002,0.0,0.0,169.70000000000002,0.0,21.4,29.4,29.4,29.9,300.0,300.0,31.3,35.4,29.200000000000003,28.4,30.4,4.95,1.99,4.96,0.16,0.0,0.0,1027.0,8228.0,0.0,0.0,0.0,0.0,0.0,1.0,0.0,0.0,0.0,0.0,0.0,-0.5,0.0,0.0,0.0,0.0,16.0,25903.0
2026-07-30T19:00:59.823Z,229.306,229.32,0.0,7.4,0.0,0.0,0.0,0.0,0.0,0.0,0.0,0.0,1.0,0.0,0.0,0.0,9.0,4.0,0.0,0.0,0.0,0.0,0.0,0.0,0.0,0.0,5.0,12.0,1.0,12.19,5.01,2.51,1.5,0.0,0.0,0.0,0.4,0.0,0.2,-0.4,-0.1,-169.70000000000002,0.0,0.0,169.70000000000002,0.0,21.4,29.4,29.4,29.9,300.0,300.0,31.3,35.4,29.200000000000003,28.4,30.4,4.95,2.0,4.96,0.16,0.0,0.0,1027.0,8228.0,0.0,0.0,0.0,0.0,0.0,1.0,0.0,0.0,0.0,0.0,0.0,1.3,0.0,-1.3,0.0,0.0001,16.0,25903.0
2026-07-30T19:00:59.834Z,229.317,229.332,0.0,7.4,0.0,0.0,0.0,0.0,0.0,0.0,0.0,0.0,1.0,0.0,0.0,0.0,9.0,4.0,0.0,0.0,0.0,0.0,0.0,0.0,0.0,0.0,6.0,12.0,1.0,12.19,5.01,2.51,1.5,0.0,0.0,0.0,0.4,0.0,0.8,-0.4,-0.7000000000000001,-169.70000000000002,0.0,0.0,169.8,0.0,21.4,29.4,29.4,29.9,300.0,300.0,31.3,35.4,29.200000000000003,28.4,30.4,4.95,1.99,4.97,0.16,0.0,0.0,1027.0,8228.0,0.0,0.0,0.0,0.0,0.0,1.0,0.0,0.0,0.0,0.0,0.0,-1.1,0.0,0.6000000000000001,0.0,0.0,16.0,25903.0
2026-07-30T19:00:59.847Z,229.33,229.344,0.0,7.4,0.0,0.0,0.0,0.0,0.0,0.0,0.0,0.0,1.0,0.0,0.0,0.0,9.0,4.0,0.0,0.0,0.0,0.0,0.0,0.0,0.0,0.0,1.0,12.0,1.0,12.19,5.01,2.51,1.5,0.0,0.0,0.0,0.4,0.0,0.2,0.7000000000000001,0.3,-169.70000000000002,0.0,0.0,169.8,0.0,21.4,29.4,29.4,29.9,300.0,300.0,31.3,35.4,29.200000000000003,28.4,30.4,4.95,1.99,4.97,0.16,0.0,0.0,1027.0,8228.0,0.0,0.0,0.0,0.0,0.0,1.0,0.0,0.0,0.0,0.0,0.0,1.1,0.0,-0.1,0.0,0.0001,16.0,25903.0
2026-07-30T19:00:59.859Z,229.342,229.356,0.0,7.4,0.0,0.0,0.0,0.0,0.0,0.0,0.0,0.0,1.0,0.0,0.0,0.0,9.0,4.0,0.0,0.0,0.0,0.0,0.0,0.0,0.0,0.0,2.0,12.0,1.0,12.19,5.01,2.51,1.5,0.0,0.0,0.0,0.4,0.0,0.2,0.1,0.4,-169.70000000000002,0.0,0.0,169.8,0.0,21.4,29.4,29.4,29.9,300.0,300.0,31.3,35.4,29.200000000000003,28.4,30.4,4.96,1.99,4.96,0.16,0.0,0.0,1027.0,8228.0,0.0,0.0,0.0,0.0,0.0,1.0,0.0,0.0,0.0,0.0,0.0,0.4,0.0,-0.3,0.0,0.0001,16.0,25903.0
2026-07-30T19:00:59.871Z,229.354,229.368,0.0,7.4,0.0,0.0,0.0,0.0,0.0,0.0,0.0,0.0,1.0,0.0,0.0,0.0,9.0,4.0,0.0,0.0,0.0,0.0,0.0,0.0,0.0,0.0,3.0,12.0,1.0,12.19,5.01,2.51,1.5,0.0,0.0,0.0,0.4,0.0,0.2,-0.4,-0.7000000000000001,-169.70000000000002,0.0,0.0,169.70000000000002,0.0,21.4,29.4,29.4,29.9,300.0,300.0,31.3,35.4,29.200000000000003,28.4,30.4,4.95,1.99,4.97,0.16,0.0,0.0,1027.0,8228.0,0.0,0.0,0.0,0.0,0.0,1.0,0.0,0.0,0.0,0.0,0.0,-1.0,0.0,0.5,0.0,0.0,16.0,25903.0
2026-07-30T19:00:59.883Z,229.366,229.38,0.0,7.4,0.0,0.0,0.0,0.0,0.0,0.0,0.0,0.0,1.0,0.0,0.0,0.0,9.0,4.0,0.0,0.0,0.0,0.0,0.0,0.0,0.0,0.0,3.0,12.0,1.0,12.19,5.01,2.51,1.5,0.0,0.0,0.0,0.4,0.0,-0.3,0.1,-0.1,-169.70000000000002,0.0,0.0,169.70000000000002,0.0,21.4,29.4,29.4,29.9,300.0,300.0,31.3,35.4,29.200000000000003,28.4,30.4,4.95,1.99,4.96,0.16,0.0,0.0,1027.0,8228.0,0.0,0.0,0.0,0.0,0.0,1.0,0.0,0.0,0.0,0.0,0.0,0.0,0.0,0.1,0.0,0.0001,16.0,25903.0
2026-07-30T19:00:59.896Z,229.379,229.392,0.0,7.4,0.0,0.0,0.0,0.0,0.0,0.0,0.0,0.0,1.0,0.0,0.0,0.0,9.0,4.0,0.0,0.0,0.0,0.0,0.0,0.0,0.0,0.0,4.0,12.0,1.0,12.14,5.0200000000000005,2.51,1.49,0.0,0.0,0.0,0.4,0.0,-0.3,0.1,0.9,-169.70000000000002,0.0,0.0,169.70000000000002,0.0,21.8,29.4,29.4,29.9,300.0,300.0,31.4,35.4,29.200000000000003,28.4,30.3,4.95,2.0,4.96,0.16,0.0,0.0,1027.0,8228.0,0.0,0.0,0.0,0.0,0.0,1.0,0.0,0.0,0.0,0.0,0.0,0.8,0.0,-0.8,0.0,0.0001,16.0,25903.0
2026-07-30T19:00:59.907Z,229.39,229.404,0.0,7.4,0.0,0.0,0.0,0.0,0.0,0.0,0.0,0.0,1.0,0.0,0.0,0.0,9.0,4.0,0.0,0.0,0.0,0.0,0.0,0.0,0.0,0.0,6.0,12.0,1.0,12.14,5.0200000000000005,2.51,1.49,-0.1,0.0,0.0,0.4,0.0,0.2,-0.4,-0.8,-169.70000000000002,0.0,0.0,169.70000000000002,0.0,21.8,29.4,29.4,29.9,300.0,300.0,31.4,35.4,29.200000000000003,28.4,30.3,4.95,2.0,4.97,0.16,0.0,0.0,1027.0,8228.0,0.0,0.0,0.0,0.0,0.0,1.0,0.0,0.0,0.0,0.0,0.0,-1.1,0.0,0.6000000000000001,0.0,0.0,16.0,25903.0
2026-07-30T19:00:59.919Z,229.402,229.416,0.0,7.4,0.0,0.0,0.0,0.0,0.0,0.0,0.0,0.0,1.0,0.0,0.0,0.0,9.0,4.0,0.0,0.0,0.0,0.0,0.0,0.0,0.0,0.0,1.0,12.0,1.0,12.14,5.0200000000000005,2.51,1.49,0.0,0.0,0.0,0.4,0.0,-0.3,-0.4,-1.4,-169.70000000000002,0.0,0.0,169.8,0.0,21.8,29.4,29.4,29.9,300.0,300.0,31.4,35.4,29.200000000000003,28.4,30.3,4.95,1.99,4.97,0.16,0.0,0.0,1027.0,8228.0,0.0,0.0,0.0,0.0,0.0,1.0,0.0,0.0,0.0,0.0,0.0,-1.6,0.0,1.1,0.0,0.0001,16.0,25903.0
2026-07-30T19:00:59.932Z,229.415,229.428,0.0,7.4,0.0,0.0,0.0,0.0,0.0,0.0,0.0,0.0,1.0,0.0,0.0,0.0,9.0,4.0,0.0,0.0,0.0,0.0,0.0,0.0,0.0,0.0,2.0,12.0,1.0,12.14,5.0200000000000005,2.51,1.49,0.0,0.0,0.0,0.4,0.0,-0.8,-0.4,0.3,-169.70000000000002,0.0,0.0,169.70000000000002,0.0,21.8,29.4,29.4,29.9,300.0,300.0,31.4,35.4,29.200000000000003,28.4,30.3,4.95,1.99,4.96,0.16,0.0,0.0,1027.0,8228.0,0.0,0.0,0.0,0.0,0.0,1.0,0.0,0.0,0.0,0.0,0.0,-0.3,0.0,-0.4,0.0,0.0001,16.0,25903.0
2026-07-30T19:00:59.945Z,229.428,229.44,0.0,7.4,0.0,0.0,0.0,0.0,0.0,0.0,0.0,0.0,1.0,0.0,0.0,0.0,9.0,4.0,0.0,0.0,0.0,0.0,0.0,0.0,0.0,0.0,1.0,12.0,1.0,12.14,5.0200000000000005,2.51,1.49,0.0,0.0,0.0,0.4,0.0,-0.2,0.0,-0.2,-169.70000000000002,0.0,0.0,169.8,0.0,21.8,29.4,29.4,29.9,300.0,300.0,31.4,35.4,29.200000000000003,28.4,30.3,4.96,1.99,4.96,0.16,0.0,0.0,1027.0,8228.0,0.0,0.0,0.0,0.0,0.0,1.0,0.0,0.0,0.0,0.0,0.0,-0.1,0.0,0.2,0.0,0.0,16.0,25903.0
2026-07-30T19:00:59.955Z,229.438,229.452,0.0,7.4,0.0,0.0,0.0,0.0,0.0,0.0,0.0,0.0,1.0,0.0,0.0,0.0,9.0,4.0,0.0,0.0,0.0,0.0,0.0,0.0,0.0,0.0,6.0,12.0,1.0,12.14,5.0200000000000005,2.51,1.49,0.0,0.0,0.0,0.4,0.0,-0.2,-0.5,-0.8,-169.70000000000002,0.0,0.0,169.60000000000002,0.0,21.8,29.4,29.4,29.9,300.0,300.0,31.4,35.4,29.200000000000003,28.4,30.3,4.95,1.99,4.97,0.16,0.0,0.0,1027.0,8228.0,0.0,0.0,0.0,0.0,0.0,1.0,0.0,0.0,0.0,0.0,0.0,-1.1,0.0,0.6000000000000001,0.0,0.0001,16.0,25903.0
2026-07-30T19:00:59.967Z,229.45,229.464,0.0,7.4,0.0,0.0,0.0,0.0,0.0,0.0,0.0,0.0,1.0,0.0,0.0,0.0,9.0,4.0,0.0,0.0,0.0,0.0,0.0,0.0,0.0,0.0,6.0,12.0,1.0,12.14,5.0200000000000005,2.51,1.49,0.0,0.0,0.0,0.4,0.0,-0.2,-2.2,-0.8,-169.70000000000002,0.0,0.0,169.70000000000002,0.0,21.8,29.4,29.4,29.9,300.0,300.0,31.4,35.4,29.200000000000003,28.4,30.3,4.96,1.99,4.97,0.16,0.0,0.0,1027.0,8228.0,0.0,0.0,0.0,0.0,0.0,1.0,0.0,0.0,0.0,0.0,0.0,-3.1,0.0,0.2,0.0,0.0002,16.0,25903.0
2026-07-30T19:00:59.979Z,229.462,229.476,0.0,7.4,0.0,0.0,0.0,0.0,0.0,0.0,0.0,0.0,1.0,0.0,0.0,0.0,9.0,4.0,0.0,0.0,0.0,0.0,0.0,0.0,0.0,0.0,1.0,12.0,1.0,12.14,5.0200000000000005,2.51,1.49,0.0,0.0,0.0,0.4,0.0,0.3,0.1,1.5,-169.70000000000002,0.0,0.0,169.8,0.0,21.8,29.4,29.4,29.9,300.0,300.0,31.4,35.4,29.200000000000003,28.4,30.3,4.96,2.0,4.96,0.16,0.0,0.0,1027.0,8228.0,0.0,0.0,0.0,0.0,0.0,1.0,0.0,0.0,0.0,0.0,0.0,1.2000000000000002,0.0,-1.3,0.0,0.0001,16.0,25903.0
2026-07-30T19:00:59.991Z,229.474,229.488,0.0,7.4,0.0,0.0,0.0,0.0,0.0,0.0,0.0,0.0,1.0,0.0,0.0,0.0,9.0,4.0,0.0,0.0,0.0,0.0,0.0,0.0,0.0,0.0,3.0,12.0,1.0,12.14,5.0200000000000005,2.51,1.49,0.0,0.0,0.0,0.5,0.0,-0.2,0.0,0.3,-169.70000000000002,0.0,0.0,169.70000000000002,0.0,21.8,29.4,29.4,29.9,300.0,300.0,31.4,35.4,29.200000000000003,28.4,30.3,4.95,1.99,4.96,0.16,0.0,0.0,1027.0,8228.0,0.0,0.0,0.0,0.0,0.0,1.0,0.0,0.0,0.0,0.0,0.0,0.3,0.0,-0.2,0.0,0.0001,16.0,25903.0
2026-07-30T19:01:00.002Z,229.485,229.5,0.0,7.4,0.0,0.0,0.0,0.0,0.0,0.0,0.0,0.0,1.0,0.0,0.0,0.0,9.0,4.0,0.0,0.0,0.0,0.0,0.0,0.0,0.0,0.0,4.0,12.0,1.0,12.15,5.0200000000000005,2.51,1.49,0.0,0.0,0.0,0.4,0.0,-0.2,-0.5,1.5,-169.70000000000002,0.0,0.0,169.70000000000002,0.0,21.4,29.4,29.4,29.9,300.0,300.0,31.5,35.4,29.200000000000003,28.4,30.3,4.95,1.99,4.96,0.16,0.0,0.0,1027.0,8228.0,0.0,0.0,0.0,0.0,0.0,1.0,0.0,0.0,0.0,0.0,0.0,0.5,0.0,-1.4,0.0,0.0,16.0,25903.0
2026-07-30T19:01:00.014Z,229.497,229.512,0.0,7.4,0.0,0.0,0.0,0.0,0.0,0.0,0.0,0.0,1.0,0.0,0.0,0.0,9.0,4.0,0.0,0.0,0.0,0.0,0.0,0.0,0.0,0.0,5.0,12.0,1.0,12.15,5.0200000000000005,2.51,1.49,0.0,0.0,0.0,0.4,0.0,-0.7000000000000001,-0.5,-0.2,-169.70000000000002,0.0,0.0,169.8,0.0,21.4,29.4,29.4,29.9,300.0,300.0,31.5,35.4,29.200000000000003,28.4,30.3,4.95,1.99,4.96,0.16,0.0,0.0,1027.0,8228.0,0.0,0.0,0.0,0.0,0.0,1.0,0.0,0.0,0.0,0.0,0.0,-0.7000000000000001,0.0,0.1,0.0,0.0002,16.0,25903.0
2026-07-30T19:01:00.027Z,229.51,229.524,0.0,7.4,0.0,0.0,0.0,0.0,0.0,0.0,0.0,0.0,1.0,0.0,0.0,0.0,9.0,4.0,0.0,0.0,0.0,0.0,0.0,0.0,0.0,0.0,6.0,12.0,1.0,12.15,5.0200000000000005,2.51,1.49,0.0,0.0,0.0,0.4,0.0,-0.7000000000000001,0.6000000000000001,-1.3,-169.70000000000002,0.0,0.0,169.70000000000002,0.0,21.4,29.4,29.4,29.9,300.0,300.0,31.5,35.4,29.200000000000003,28.4,30.3,4.95,1.99,4.97,0.16,0.0,0.0,1027.0,8228.0,0.0,0.0,0.0,0.0,0.0,1.0,0.0,0.0,0.0,0.0,0.0,-0.2,0.0,1.3,0.0,0.0001,16.0,25903.0
2026-07-30T19:01:00.039Z,229.522,229.536,0.0,7.4,0.0,0.0,0.0,0.0,0.0,0.0,0.0,0.0,1.0,0.0,0.0,0.0,9.0,4.0,0.0,0.0,0.0,0.0,0.0,0.0,0.0,0.0,1.0,12.0,1.0,12.15,5.0200000000000005,2.51,1.49,0.0,0.0,0.0,0.4,0.0,-0.2,0.0,-0.2,-169.70000000000002,0.0,0.0,169.8,0.0,21.4,29.4,29.4,29.9,300.0,300.0,31.5,35.4,29.200000000000003,28.4,30.3,4.95,1.99,4.97,0.16,0.0,0.0,1027.0,8228.0,0.0,0.0,0.0,0.0,0.0,1.0,0.0,0.0,0.0,0.0,0.0,-0.1,0.0,0.2,0.0,0.0,16.0,25903.0
2026-07-30T19:01:00.051Z,229.534,229.548,0.0,7.4,0.0,0.0,0.0,0.0,0.0,0.0,0.0,0.0,1.0,0.0,0.0,0.0,9.0,4.0,0.0,0.0,0.0,0.0,0.0,0.0,0.0,0.0,2.0,12.0,1.0,12.15,5.0200000000000005,2.51,1.49,0.0,0.0,0.0,0.4,0.0,0.3,-0.5,-0.8,-169.70000000000002,0.0,0.0,169.70000000000002,0.0,21.4,29.4,29.4,29.9,300.0,300.0,31.5,35.4,29.200000000000003,28.4,30.3,4.96,1.99,4.96,0.16,0.0,0.0,1027.0,8228.0,0.0,0.0,0.0,0.0,0.0,1.0,0.0,0.0,0.0,0.0,0.0,-1.2000000000000002,0.0,0.5,0.0,0.0001,16.0,25903.0
2026-07-30T19:01:00.063Z,229.546,229.56,0.0,7.4,0.0,0.0,0.0,0.0,0.0,0.0,0.0,0.0,1.0,0.0,0.0,0.0,9.0,4.0,0.0,0.0,0.0,0.0,0.0,0.0,0.0,0.0,3.0,12.0,1.0,12.15,5.0200000000000005,2.51,1.49,0.0,0.0,0.0,0.4,0.0,0.3,0.0,-0.2,-169.70000000000002,0.0,0.0,169.70000000000002,0.0,21.4,29.4,29.4,29.9,300.0,300.0,31.5,35.4,29.200000000000003,28.4,30.3,4.95,2.0,4.97,0.16,0.0,0.0,1027.0,8228.0,0.0,0.0,0.0,0.0,0.0,1.0,0.0,0.0,0.0,0.0,0.0,-0.1,0.0,0.2,0.0,0.0,16.0,25903.0
2026-07-30T19:01:00.075Z,229.558,229.572,0.0,7.4,0.0,0.0,0.0,0.0,0.0,0.0,0.0,0.0,1.0,0.0,0.0,0.0,9.0,4.0,0.0,0.0,0.0,0.0,0.0,0.0,0.0,0.0,4.0,12.0,1.0,12.15,5.0200000000000005,2.51,1.49,0.0,0.0,0.0,0.4,0.0,-1.3,0.0,-1.4,-169.70000000000002,0.0,0.0,169.8,0.0,21.4,29.4,29.4,29.9,300.0,300.0,31.5,35.4,29.200000000000003,28.4,30.3,4.95,1.99,4.97,0.16,0.0,0.0,1027.0,8228.0,0.0,0.0,0.0,0.0,0.0,1.0,0.0,0.0,0.0,0.0,0.0,-1.0,0.0,1.2000000000000002,0.0,0.0001,16.0,25903.0
2026-07-30T19:01:00.087Z,229.57,229.584,0.0,7.4,0.0,0.0,0.0,0.0,0.0,0.0,0.0,0.0,1.0,0.0,0.0,0.0,9.0,4.0,0.0,0.0,0.0,0.0,0.0,0.0,0.0,0.0,5.0,12.0,1.0,12.15,5.0200000000000005,2.51,1.49,0.0,0.1,0.0,0.4,0.0,0.3,0.0,-0.8,-169.70000000000002,0.0,0.0,169.8,0.0,21.4,29.4,29.4,29.9,300.0,300.0,31.5,35.4,29.200000000000003,28.4,30.3,4.95,2.0,4.97,0.16,0.0,0.0,1027.0,8228.0,0.0,0.0,0.0,0.0,0.0,1.0,0.0,0.0,0.0,0.0,0.0,-0.5,0.0,0.7000000000000001,0.0,0.0001,16.0,25903.0
2026-07-30T19:01:00.100Z,229.583,229.596,0.0,7.4,0.0,0.0,0.0,0.0,0.0,0.0,0.0,0.0,1.0,0.0,0.0,0.0,9.0,4.0,0.0,0.0,0.0,0.0,0.0,0.0,0.0,0.0,6.0,12.0,1.0,12.14,5.0200000000000005,2.51,1.49,0.0,0.0,0.0,0.4,0.0,0.3,-0.5,-0.2,-169.70000000000002,0.0,0.0,169.70000000000002,0.0,21.9,29.4,29.4,29.9,300.0,300.0,31.5,35.5,29.200000000000003,28.5,30.3,4.96,2.0,4.96,0.16,0.0,0.0,1027.0,8228.0,0.0,0.0,0.0,0.0,0.0,1.0,0.0,0.0,0.0,0.0,0.0,-0.8,0.0,0.0,0.0,0.0,16.0,25903.0
2026-07-30T19:01:00.111Z,229.594,229.608,0.0,7.4,0.0,0.0,0.0,0.0,0.0,0.0,0.0,0.0,1.0,0.0,0.0,0.0,9.0,4.0,0.0,0.0,0.0,0.0,0.0,0.0,0.0,0.0,1.0,12.0,1.0,12.14,5.0200000000000005,2.51,1.49,0.0,0.0,0.0,0.4,0.0,-0.8,-0.5,0.3,-169.70000000000002,0.0,0.0,169.70000000000002,0.0,21.9,29.4,29.4,29.9,300.0,300.0,31.5,35.5,29.200000000000003,28.5,30.3,4.95,1.99,4.97,0.16,0.0,0.0,1027.0,8228.0,0.0,0.0,0.0,0.0,0.0,1.0,0.0,0.0,0.0,0.0,0.0,-0.3,0.0,-0.4,0.0,0.0,16.0,25903.0
2026-07-30T19:01:00.123Z,229.606,229.62,0.0,7.4,0.0,0.0,0.0,0.0,0.0,0.0,0.0,0.0,1.0,0.0,0.0,0.0,9.0,4.0,0.0,0.0,0.0,0.0,0.0,0.0,0.0,0.0,2.0,12.0,1.0,12.14,5.0200000000000005,2.51,1.49,0.0,0.0,0.0,0.4,0.0,-0.2,1.2000000000000002,1.5,-169.70000000000002,0.0,0.0,169.70000000000002,0.0,21.9,29.4,29.4,29.9,300.0,300.0,31.5,35.5,29.200000000000003,28.5,30.3,4.95,1.99,4.97,0.16,0.0,0.0,1027.0,8228.0,0.0,0.0,0.0,0.0,0.0,1.0,0.0,0.0,0.0,0.0,0.0,2.6,0.0,-1.1,0.0,0.0001,16.0,25903.0
2026-07-30T19:01:00.135Z,229.618,229.632,0.0,7.4,0.0,0.0,0.0,0.0,0.0,0.0,0.0,0.0,1.0,0.0,0.0,0.0,9.0,4.0,0.0,0.0,0.0,0.0,0.0,0.0,0.0,0.0,3.0,12.0,1.0,12.14,5.0200000000000005,2.51,1.49,0.0,0.1,0.0,0.4,0.0,0.4,-0.4,-0.1,-169.70000000000002,0.0,0.0,169.8,0.0,21.9,29.4,29.4,29.9,300.0,300.0,31.5,35.5,29.200000000000003,28.5,30.3,4.96,2.0,4.97,0.16,0.0,0.0,1027.0,8228.0,0.0,0.0,0.0,0.0,0.0,1.0,0.0,0.0,0.0,0.0,0.0,-0.6000000000000001,0.0,0.0,0.0,0.0001,16.0,25903.0
2026-07-30T19:01:00.147Z,229.63,229.644,0.0,7.4,0.0,0.0,0.0,0.0,0.0,0.0,0.0,0.0,1.0,0.0,0.0,0.0,9.0,4.0,0.0,0.0,0.0,0.0,0.0,0.0,0.0,0.0,5.0,12.0,1.0,12.14,5.0200000000000005,2.51,1.49,0.0,0.0,0.0,0.4,0.0,-0.7000000000000001,-1.0,-0.7000000000000001,-169.70000000000002,0.0,0.0,169.70000000000002,0.0,21.9,29.4,29.4,29.9,300.0,300.0,31.5,35.5,29.200000000000003,28.5,30.3,4.95,2.0,4.97,0.16,0.0,0.0,1027.0,8228.0,0.0,0.0,0.0,0.0,0.0,1.0,0.0,0.0,0.0,0.0,0.0,-1.7000000000000002,0.0,0.4,0.0,0.0002,16.0,25903.0
2026-07-30T19:01:00.159Z,229.642,229.656,0.0,7.4,0.0,0.0,0.0,0.0,0.0,0.0,0.0,0.0,1.0,0.0,0.0,0.0,9.0,4.0,0.0,0.0,0.0,0.0,0.0,0.0,0.0,0.0,6.0,12.0,1.0,12.14,5.0200000000000005,2.51,1.49,0.0,0.0,0.0,0.4,0.0,0.3,-1.0,-0.2,-169.70000000000002,0.0,0.0,169.70000000000002,0.0,21.9,29.4,29.4,29.9,300.0,300.0,31.5,35.5,29.200000000000003,28.5,30.3,4.95,1.99,4.97,0.16,0.0,0.0,1027.0,8228.0,0.0,0.0,0.0,0.0,0.0,1.0,0.0,0.0,0.0,0.0,0.0,-1.3,0.0,0.0,0.0,0.0,16.0,25903.0
2026-07-30T19:01:00.171Z,229.654,229.668,0.0,7.4,0.0,0.0,0.0,0.0,0.0,0.0,0.0,0.0,1.0,0.0,0.0,0.0,9.0,4.0,0.0,0.0,0.0,0.0,0.0,0.0,0.0,0.0,1.0,12.0,1.0,12.14,5.0200000000000005,2.51,1.49,0.0,0.0,0.0,0.4,0.0,0.3,0.1,0.9,-169.70000000000002,0.0,0.0,169.8,0.0,21.9,29.4,29.4,29.9,300.0,300.0,31.5,35.5,29.200000000000003,28.5,30.3,4.95,2.0,4.96,0.16,0.0,0.0,1027.0,8228.0,0.0,0.0,0.0,0.0,0.0,1.0,0.0,0.0,0.0,0.0,0.0,0.8,0.0,-0.8,0.0,0.0001,16.0,25903.0
2026-07-30T19:01:00.183Z,229.666,229.68,0.0,7.4,0.0,0.0,0.0,0.0,0.0,0.0,0.0,0.0,1.0,0.0,0.0,0.0,9.0,4.0,0.0,0.0,0.0,0.0,0.0,0.0,0.0,0.0,3.0,12.0,1.0,12.14,5.0200000000000005,2.51,1.49,0.0,0.0,0.0,0.4,0.0,-0.2,-0.4,-0.7000000000000001,-169.70000000000002,0.0,0.0,169.8,0.0,21.9,29.4,29.4,29.9,300.0,300.0,31.5,35.5,29.200000000000003,28.5,30.3,4.95,1.99,4.96,0.16,0.0,0.0,1027.0,8228.0,0.0,0.0,0.0,0.0,0.0,1.0,0.0,0.0,0.0,0.0,0.0,-1.1,0.0,0.6000000000000001,0.0,0.0001,16.0,25903.0
2026-07-30T19:01:00.195Z,229.678,229.692,0.0,7.4,0.0,0.0,0.0,0.0,0.0,0.0,0.0,0.0,1.0,0.0,0.0,0.0,9.0,4.0,0.0,0.0,0.0,0.0,0.0,0.0,0.0,0.0,4.0,12.0,1.0,12.14,5.0200000000000005,2.51,1.49,0.0,0.0,0.0,0.4,0.0,0.3,-0.4,-1.3,-169.70000000000002,0.0,0.0,169.70000000000002,0.0,21.9,29.4,29.4,29.9,300.0,300.0,31.5,35.5,29.200000000000003,28.5,30.3,4.95,1.99,4.97,0.16,0.0,0.0,1027.0,8228.0,0.0,0.0,0.0,0.0,0.0,1.0,0.0,0.0,0.0,0.0,0.0,-1.5,0.0,1.1,0.0,0.0,16.0,25903.0
2026-07-30T19:01:00.207Z,229.69,229.704,0.0,7.4,0.0,0.0,0.0,0.0,0.0,0.0,0.0,0.0,1.0,0.0,0.0,0.0,9.0,4.0,0.0,0.0,0.0,0.0,0.0,0.0,0.0,0.0,5.0,12.0,1.0,12.18,5.0200000000000005,2.5,1.5,0.0,0.0,0.0,0.4,0.0,0.3,0.1,0.3,-169.70000000000002,0.0,0.0,169.70000000000002,0.0,20.9,29.4,29.4,29.9,300.0,300.0,31.4,35.5,29.200000000000003,28.4,30.3,4.96,1.99,4.96,0.16,0.0,0.0,1027.0,8228.0,0.0,0.0,0.0,0.0,0.0,1.0,0.0,0.0,0.0,0.0,0.0,0.4,0.0,-0.3,0.0,0.0002,16.0,25903.0
2026-07-30T19:01:00.219Z,229.702,229.716,0.0,7.4,0.0,0.0,0.0,0.0,0.0,0.0,0.0,0.0,1.0,0.0,0.0,0.0,9.0,4.0,0.0,0.0,0.0,0.0,0.0,0.0,0.0,0.0,1.0,12.0,1.0,12.18,5.0200000000000005,2.5,1.5,0.0,0.0,0.0,0.4,0.0,-0.1,0.1,-0.1,-169.70000000000002,0.0,0.0,169.60000000000002,0.0,20.9,29.4,29.4,29.9,300.0,300.0,31.4,35.5,29.200000000000003,28.4,30.3,4.96,2.0,4.96,0.16,0.0,0.0,1027.0,8228.0,0.0,0.0,0.0,0.0,0.0,1.0,0.0,0.0,0.0,0.0,0.0,0.0,0.0,0.1,0.0,0.0002,16.0,25903.0
2026-07-30T19:01:00.231Z,229.714,229.728,0.0,7.4,0.0,0.0,0.0,0.0,0.0,0.0,0.0,0.0,1.0,0.0,0.0,0.0,9.0,4.0,0.0,0.0,0.0,0.0,0.0,0.0,0.0,0.0,2.0,12.0,1.0,12.18,5.0200000000000005,2.5,1.5,0.0,0.1,0.0,0.5,0.0,-0.7000000000000001,0.7000000000000001,-0.1,-169.70000000000002,0.0,0.0,169.70000000000002,0.0,20.9,29.4,29.4,29.9,300.0,300.0,31.4,35.5,29.200000000000003,28.4,30.3,4.96,1.99,4.96,0.16,0.0,0.0,1027.0,8228.0,0.0,0.0,0.0,0.0,0.0,1.0,0.0,0.0,0.0,0.0,0.0,0.7000000000000001,0.0,0.3,0.0,0.0001,16.0,25903.0
2026-07-30T19:01:00.243Z,229.726,229.74,0.0,7.4,0.0,0.0,0.0,0.0,0.0,0.0,0.0,0.0,1.0,0.0,0.0,0.0,9.0,4.0,0.0,0.0,0.0,0.0,0.0,0.0,0.0,0.0,3.0,12.0,1.0,12.18,5.0200000000000005,2.5,1.5,0.0,0.0,0.0,0.4,0.0,0.3,1.3,0.9,-169.70000000000002,0.0,0.0,169.60000000000002,0.0,20.9,29.4,29.4,29.9,300.0,300.0,31.4,35.5,29.200000000000003,28.4,30.3,4.95,1.99,4.97,0.16,0.0,0.0,1027.0,8228.0,0.0,0.0,0.0,0.0,0.0,1.0,0.0,0.0,0.0,0.0,0.0,2.2,0.0,-0.5,0.0,0.0,16.0,25903.0
2026-07-30T19:01:00.264Z,229.747,229.752,0.0,7.4,0.0,0.0,0.0,0.0,0.0,0.0,0.0,0.0,1.0,0.0,0.0,0.0,9.0,4.0,0.0,0.0,0.0,0.0,0.0,0.0,0.0,0.0,4.0,12.0,1.0,12.18,5.0200000000000005,2.5,1.5,0.0,0.0,0.0,0.4,0.0,0.3,-1.0,-0.2,-169.70000000000002,0.0,0.0,169.70000000000002,0.0,20.9,29.4,29.4,29.9,300.0,300.0,31.4,35.5,29.200000000000003,28.4,30.3,4.96,2.0,4.96,0.16,0.0,0.0,1027.0,8228.0,0.0,0.0,0.0,0.0,0.0,1.0,0.0,0.0,0.0,0.0,0.0,-1.3,0.0,0.0,0.0,0.0001,16.0,25903.0
2026-07-30T19:01:00.267Z,229.75,229.764,0.0,7.4,0.0,0.0,0.0,0.0,0.0,0.0,0.0,0.0,1.0,0.0,0.0,0.0,9.0,4.0,0.0,0.0,0.0,0.0,0.0,0.0,0.0,0.0,2.0,12.0,1.0,12.18,5.0200000000000005,2.5,1.5,0.0,0.0,0.0,0.4,0.0,0.3,-1.0,-2.0,-169.70000000000002,0.0,0.0,169.60000000000002,0.0,20.9,29.4,29.4,29.9,300.0,300.0,31.4,35.5,29.200000000000003,28.4,30.3,4.96,1.99,4.97,0.16,0.0,0.0,1027.0,8228.0,0.0,0.0,0.0,0.0,0.0,1.0,0.0,0.0,0.0,0.0,0.0,1.2000000000000002,0.0,-1.2000000000000002,0.0,0.0,16.0,25903.0
2026-07-30T19:01:00.279Z,229.762,229.776,0.0,7.4,0.0,0.0,0.0,0.0,0.0,0.0,0.0,0.0,1.0,0.0,0.0,0.0,9.0,4.0,0.0,0.0,0.0,0.0,0.0,0.0,0.0,0.0,2.0,12.0,1.0,12.18,5.0200000000000005,2.5,1.5,0.0,0.1,0.0,0.4,0.0,-0.2,0.6000000000000001,0.3,-169.70000000000002,0.0,0.0,169.70000000000002,0.0,20.9,29.4,29.4,29.9,300.0,300.0,31.4,35.5,29.200000000000003,28.4,30.3,4.95,1.99,4.97,0.16,0.0,0.0,1027.0,8228.0,0.0,0.0,0.0,0.0,0.0,1.0,0.0,0.0,0.0,0.0,0.0,1.0,0.0,-0.1,0.0,0.0,16.0,25903.0
2026-07-30T19:01:00.291Z,229.774,229.788,0.0,7.4,0.0,0.0,0.0,0.0,0.0,0.0,0.0,0.0,1.0,0.0,0.0,0.0,9.0,4.0,0.0,0.0,0.0,0.0,0.0,0.0,0.0,0.0,3.0,12.0,1.0,12.18,5.0200000000000005,2.5,1.5,0.0,0.0,0.0,0.5,0.0,0.3,0.6000000000000001,-0.2,-169.70000000000002,0.0,0.0,169.70000000000002,0.0,20.9,29.4,29.4,29.9,300.0,300.0,31.4,35.5,29.200000000000003,28.4,30.3,4.96,1.99,4.96,0.16,0.0,0.0,1027.0,8228.0,0.0,0.0,0.0,0.0,0.0,1.0,0.0,0.0,0.0,0.0,0.0,0.5,0.0,0.3,0.0,0.0001,16.0,25903.0
2026-07-30T19:01:00.304Z,229.787,229.8,0.0,7.4,0.0,0.0,0.0,0.0,0.0,0.0,0.0,0.0,1.0,0.0,0.0,0.0,9.0,4.0,0.0,0.0,0.0,0.0,0.0,0.0,0.0,0.0,5.0,12.0,1.0,12.17,5.01,2.5,1.49,0.0,0.1,0.0,0.5,0.0,-0.8,-0.5,-0.8,-169.70000000000002,0.0,0.0,169.8,0.0,21.700000000000003,29.4,29.4,29.9,300.0,300.0,31.6,35.5,29.200000000000003,28.4,30.4,4.95,1.99,4.96,0.16,0.0,0.0,1027.0,8228.0,0.0,0.0,0.0,0.0,0.0,1.0,0.0,0.0,0.0,0.0,0.0,0.7000000000000001,0.0,-0.7000000000000001,0.0,0.0,16.0,25903.0
2026-07-30T19:01:00.315Z,229.798,229.812,0.0,7.4,0.0,0.0,0.0,0.0,0.0,0.0,0.0,0.0,1.0,0.0,0.0,0.0,9.0,4.0,0.0,0.0,0.0,0.0,0.0,0.0,0.0,0.0,6.0,12.0,1.0,12.17,5.01,2.5,1.49,0.0,0.0,0.0,0.5,0.0,-0.2,0.0,1.4,-169.70000000000002,0.0,0.0,169.70000000000002,0.0,21.700000000000003,29.4,29.4,29.9,300.0,300.0,31.6,35.5,29.200000000000003,28.4,30.4,4.95,1.99,4.96,0.16,0.0,0.0,1027.0,8228.0,0.0,0.0,0.0,0.0,0.0,1.0,0.0,0.0,0.0,0.0,0.0,-0.1,0.0,0.3,0.0,0.0003,16.0,25903.0
2026-07-30T19:01:00.326Z,229.809,229.824,0.0,7.4,0.0,0.0,0.0,0.0,0.0,0.0,0.0,0.0,1.0,0.0,0.0,0.0,9.0,4.0,0.0,0.0,0.0,0.0,0.0,0.0,0.0,0.0,1.0,12.0,1.0,12.17,5.01,2.5,1.49,0.0,0.0,0.0,0.4,0.0,-0.8,-0.5,-0.8,-169.70000000000002,0.0,0.0,169.70000000000002,0.0,21.700000000000003,29.4,29.4,29.9,300.0,300.0,31.6,35.5,29.200000000000003,28.4,30.4,4.96,2.0,4.96,0.16,0.0,0.0,1027.0,8228.0,0.0,0.0,0.0,0.0,0.0,1.0,0.0,0.0,0.0,0.0,0.0,-2.2,0.0,1.6,0.0,0.0001,16.0,25903.0
2026-07-30T19:01:00.339Z,229.822,229.836,0.0,7.4,0.0,0.0,0.0,0.0,0.0,0.0,0.0,0.0,1.0,0.0,0.0,0.0,9.0,4.0,0.0,0.0,0.0,0.0,0.0,0.0,0.0,0.0,2.0,12.0,1.0,12.17,5.01,2.5,1.49,0.0,0.0,0.0,0.4,0.0,0.2,0.0,0.2,-169.70000000000002,0.0,0.0,169.70000000000002,0.0,21.700000000000003,29.4,29.4,29.9,300.0,300.0,31.6,35.5,29.200000000000003,28.4,30.4,4.96,2.0,4.96,0.16,0.0,0.0,1027.0,8228.0,0.0,0.0,0.0,0.0,0.0,1.0,0.0,0.0,0.0,0.0,0.0,0.2,0.0,-0.2,0.0,0.0,16.0,25903.0
2026-07-30T19:01:00.351Z,229.834,229.848,0.0,7.4,0.0,0.0,0.0,0.0,0.0,0.0,0.0,0.0,1.0,0.0,0.0,0.0,9.0,4.0,0.0,0.0,0.0,0.0,0.0,0.0,0.0,0.0,3.0,12.0,1.0,12.17,5.01,2.5,1.49,0.0,0.0,0.0,0.4,0.0,0.8,-0.6000000000000001,2.0,-169.70000000000002,0.0,0.0,169.70000000000002,0.0,21.700000000000003,29.4,29.4,29.9,300.0,300.0,31.6,35.5,29.200000000000003,28.4,30.4,4.95,1.99,4.97,0.16,0.0,0.0,1027.0,8228.0,0.0,0.0,0.0,0.0,0.0,1.0,0.0,0.0,0.0,0.0,0.0,0.8,0.0,-1.9,0.0,0.0001,16.0,25903.0
2026-07-30T19:01:00.363Z,229.846,229.86,0.0,7.4,0.0,0.0,0.0,0.0,0.0,0.0,0.0,0.0,1.0,0.0,0.0,0.0,9.0,4.0,0.0,0.0,0.0,0.0,0.0,0.0,0.0,0.0,4.0,12.0,1.0,12.17,5.01,2.5,1.49,0.0,0.0,0.0,0.4,0.0,-0.8,0.0,-0.8,-169.70000000000002,0.0,0.0,169.60000000000002,0.0,21.700000000000003,29.4,29.4,29.9,300.0,300.0,31.6,35.5,29.200000000000003,28.4,30.4,4.95,1.99,4.97,0.16,0.0,0.0,1027.0,8228.0,0.0,0.0,0.0,0.0,0.0,1.0,0.0,0.0,0.0,0.0,0.0,-0.7000000000000001,0.0,0.7000000000000001,0.0,0.0,16.0,25903.0
2026-07-30T19:01:00.375Z,229.858,229.872,0.0,7.4,0.0,0.0,0.0,0.0,0.0,0.0,0.0,0.0,1.0,0.0,0.0,0.0,9.0,4.0,0.0,0.0,0.0,0.0,0.0,0.0,0.0,0.0,5.0,12.0,1.0,12.17,5.01,2.5,1.49,0.0,0.0,0.0,0.4,0.0,-0.2,-1.1,-0.2,-169.60000000000002,0.0,0.0,169.70000000000002,0.0,21.700000000000003,29.4,29.4,29.9,300.0,300.0,31.6,35.5,29.200000000000003,28.4,30.4,4.95,1.99,4.97,0.16,0.0,0.0,1027.0,8228.0,0.0,0.0,0.0,0.0,0.0,1.0,0.0,0.0,0.0,0.0,0.0,-1.5,0.0,0.0,0.0,0.0,16.0,25903.0
2026-07-30T19:01:00.387Z,229.87,229.884,0.0,7.4,0.0,0.0,0.0,0.0,0.0,0.0,0.0,0.0,1.0,0.0,0.0,0.0,9.0,4.0,0.0,0.0,0.0,0.0,0.0,0.0,0.0,0.0,6.0,12.0,1.0,12.17,5.01,2.5,1.49,0.0,0.0,0.0,0.4,0.0,-0.2,0.5,-0.2,-169.60000000000002,0.0,0.0,169.70000000000002,0.0,21.700000000000003,29.4,29.4,29.9,300.0,300.0,31.6,35.5,29.200000000000003,28.4,30.4,4.95,1.99,4.96,0.16,0.0,0.0,1027.0,8228.0,0.0,0.0,0.0,0.0,0.0,1.0,0.0,0.0,0.0,0.0,0.0,0.4,0.0,0.3,0.0,0.0001,16.0,25903.0
2026-07-30T19:01:00.399Z,229.882,229.896,0.0,7.4,0.0,0.0,0.0,0.0,0.0,0.0,0.0,0.0,1.0,0.0,0.0,0.0,9.0,4.0,0.0,0.0,0.0,0.0,0.0,0.0,0.0,0.0,1.0,12.0,1.0,12.17,5.01,2.5,1.49,0.0,0.0,0.0,0.4,0.0,-0.2,0.0,-0.8,-169.60000000000002,0.0,0.0,169.70000000000002,0.0,21.700000000000003,29.4,29.4,29.9,300.0,300.0,31.6,35.5,29.200000000000003,28.4,30.4,4.95,1.99,4.96,0.16,0.0,0.0,1027.0,8228.0,0.0,0.0,0.0,0.0,0.0,1.0,0.0,0.0,0.0,0.0,0.0,-0.6000000000000001,0.0,0.7000000000000001,0.0,0.0,16.0,25903.0
2026-07-30T19:01:00.411Z,229.894,229.908,0.0,7.4,0.0,0.0,0.0,0.0,0.0,0.0,0.0,0.0,1.0,0.0,0.0,0.0,9.0,4.0,0.0,0.0,0.0,0.0,0.0,0.0,0.0,0.0,2.0,12.0,1.0,12.17,5.0200000000000005,2.51,1.49,0.0,0.0,0.0,0.4,0.0,-0.2,-0.5,2.0,-169.60000000000002,0.0,0.0,169.60000000000002,0.0,21.3,29.4,29.4,29.9,300.0,300.0,31.6,35.5,29.200000000000003,28.4,30.3,4.95,1.99,4.96,0.16,0.0,0.0,1027.0,8228.0,0.0,0.0,0.0,0.0,0.0,1.0,0.0,0.0,0.0,0.0,0.0,0.8,0.0,-1.9,0.0,0.0,16.0,25903.0
2026-07-30T19:01:00.423Z,229.906,229.92,0.0,7.4,0.0,0.0,0.0,0.0,0.0,0.0,0.0,0.0,1.0,0.0,0.0,0.0,9.0,4.0,0.0,0.0,0.0,0.0,0.0,0.0,0.0,0.0,3.0,12.0,1.0,12.17,5.0200000000000005,2.51,1.49,0.0,0.0,0.0,0.5,0.0,-0.2,1.1,0.9,-169.60000000000002,0.0,0.0,169.60000000000002,0.0,21.3,29.4,29.4,29.9,300.0,300.0,31.6,35.5,29.200000000000003,28.4,30.3,4.96,1.99,4.96,0.16,0.0,0.0,1027.0,8228.0,0.0,0.0,0.0,0.0,0.0,1.0,0.0,0.0,0.0,0.0,0.0,2.0,0.0,-0.5,0.0,0.0001,16.0,25903.0
2026-07-30T19:01:00.435Z,229.918,229.932,0.0,7.4,0.0,0.0,0.0,0.0,0.0,0.0,0.0,0.0,1.0,0.0,0.0,0.0,9.0,4.0,0.0,0.0,0.0,0.0,0.0,0.0,0.0,0.0,4.0,12.0,1.0,12.17,5.0200000000000005,2.51,1.49,0.0,0.0,0.0,0.4,0.0,-0.8,-1.1,-0.7000000000000001,-169.60000000000002,0.0,0.0,169.70000000000002,0.0,21.3,29.4,29.4,29.9,300.0,300.0,31.6,35.5,29.200000000000003,28.4,30.3,4.95,1.99,4.97,0.16,0.0,0.0,1027.0,8228.0,0.0,0.0,0.0,0.0,0.0,1.0,0.0,0.0,0.0,0.0,0.0,-1.8,0.0,0.4,0.0,0.0,16.0,25903.0
2026-07-30T19:01:00.447Z,229.93,229.944,0.0,7.4,0.0,0.0,0.0,0.0,0.0,0.0,0.0,0.0,1.0,0.0,0.0,0.0,9.0,4.0,0.0,0.0,0.0,0.0,0.0,0.0,0.0,0.0,5.0,12.0,1.0,12.17,5.0200000000000005,2.51,1.49,0.0,0.0,0.0,0.4,0.0,0.3,0.0,0.3,-169.60000000000002,0.0,0.0,169.60000000000002,0.0,21.3,29.4,29.4,29.9,300.0,300.0,31.6,35.5,29.200000000000003,28.4,30.3,4.95,2.0,4.97,0.16,0.0,0.0,1027.0,8228.0,0.0,0.0,0.0,0.0,0.0,1.0,0.0,0.0,0.0,0.0,0.0,0.3,0.0,-0.2,0.0,0.0,16.0,25903.0
2026-07-30T19:01:00.459Z,229.942,229.956,0.0,7.4,0.0,0.0,0.0,0.0,0.0,0.0,0.0,0.0,1.0,0.0,0.0,0.0,9.0,4.0,0.0,0.0,0.0,0.0,0.0,0.0,0.0,0.0,6.0,12.0,1.0,12.17,5.0200000000000005,2.51,1.49,0.0,0.0,0.0,0.4,0.0,0.2,0.6000000000000001,0.3,-169.60000000000002,0.0,0.0,169.70000000000002,0.0,21.3,29.4,29.4,29.9,300.0,300.0,31.6,35.5,29.200000000000003,28.4,30.3,4.95,1.99,4.96,0.16,0.0,0.0,1027.0,8228.0,0.0,0.0,0.0,0.0,0.0,1.0,0.0,0.0,0.0,0.0,0.0,0.9,0.0,-0.1,0.0,0.0,16.0,25903.0
2026-07-30T19:01:00.471Z,229.954,229.968,0.0,7.4,0.0,0.0,0.0,0.0,0.0,0.0,0.0,0.0,1.0,0.0,0.0,0.0,9.0,4.0,0.0,0.0,0.0,0.0,0.0,0.0,0.0,0.0,1.0,12.0,1.0,12.17,5.0200000000000005,2.51,1.49,0.0,0.0,0.0,0.4,0.0,-0.3,0.0,0.9,-169.60000000000002,0.0,0.0,169.70000000000002,0.0,21.3,29.4,29.4,29.9,300.0,300.0,31.6,35.5,29.200000000000003,28.4,30.3,4.96,1.99,4.96,0.16,0.0,0.0,1027.0,8228.0,0.0,0.0,0.0,0.0,0.0,1.0,0.0,0.0,0.0,0.0,0.0,0.6000000000000001,0.0,-0.8,0.0,0.0,16.0,25903.0
2026-07-30T19:01:00.483Z,229.966,229.98,0.0,7.4,0.0,0.0,0.0,0.0,0.0,0.0,0.0,0.0,1.0,0.0,0.0,0.0,9.0,4.0,0.0,0.0,0.0,0.0,0.0,0.0,0.0,0.0,3.0,12.0,1.0,12.17,5.0200000000000005,2.51,1.49,0.0,0.0,0.0,0.4,0.0,-0.3,0.0,0.3,-169.60000000000002,0.0,0.0,169.60000000000002,0.0,21.3,29.4,29.4,29.9,300.0,300.0,31.6,35.5,29.200000000000003,28.4,30.3,4.96,1.99,4.97,0.16,0.0,0.0,1027.0,8228.0,0.0,0.0,0.0,0.0,0.0,1.0,0.0,0.0,0.0,0.0,0.0,0.2,0.0,-0.3,0.0,0.0,16.0,25903.0
2026-07-30T19:01:00.495Z,229.978,229.992,0.0,7.4,0.0,0.0,0.0,0.0,0.0,0.0,0.0,0.0,1.0,0.0,0.0,0.0,9.0,4.0,0.0,0.0,0.0,0.0,0.0,0.0,0.0,0.0,4.0,12.0,1.0,12.17,5.0200000000000005,2.51,1.49,0.0,0.1,0.0,0.4,0.0,0.2,-0.6000000000000001,0.3,-169.60000000000002,0.0,0.0,169.60000000000002,0.0,21.3,29.4,29.4,29.9,300.0,300.0,31.6,35.5,29.200000000000003,28.4,30.3,4.96,1.99,4.96,0.16,0.0,0.0,1027.0,8228.0,0.0,0.0,0.0,0.0,0.0,1.0,0.0,0.0,0.0,0.0,0.0,-0.4,0.0,-0.4,0.0,0.0,16.0,25903.0
2026-07-30T19:01:00.509Z,229.992,230.004,0.0,7.4,0.0,0.0,0.0,0.0,0.0,0.0,0.0,0.0,1.0,0.0,0.0,0.0,9.0,4.0,0.0,0.0,0.0,0.0,0.0,0.0,0.0,0.0,5.0,12.0,1.0,12.13,5.01,2.5,1.5,0.0,0.0,0.0,0.4,0.0,-0.3,0.4,0.3,-169.60000000000002,0.0,0.0,169.60000000000002,0.0,21.700000000000003,29.4,29.4,29.9,300.0,300.0,31.5,35.5,29.200000000000003,28.4,30.3,4.96,1.99,4.97,0.16,0.0,0.0,1027.0,8228.0,0.0,0.0,0.0,0.0,0.0,1.0,0.0,0.0,0.0,0.0,0.0,0.8,0.0,-0.2,0.0,0.0,16.0,25903.0
2026-07-30T19:01:00.519Z,230.002,230.016,0.0,7.4,0.0,0.0,0.0,0.0,0.0,0.0,0.0,0.0,1.0,0.0,0.0,0.0,9.0,4.0,0.0,0.0,0.0,0.0,0.0,0.0,0.0,0.0,6.0,12.0,1.0,12.13,5.01,2.5,1.5,0.0,0.0,0.0,0.4,0.0,0.8,0.4,0.9,-169.60000000000002,0.0,0.0,169.70000000000002,0.0,21.700000000000003,29.4,29.4,29.9,300.0,300.0,31.5,35.5,29.200000000000003,28.4,30.3,4.95,1.99,4.97,0.16,0.0,0.0,1027.0,8228.0,0.0,0.0,0.0,0.0,0.0,1.0,0.0,0.0,0.0,0.0,0.0,1.2000000000000002,0.0,-0.7000000000000001,0.0,0.0,16.0,25903.0
2026-07-30T19:01:00.531Z,230.014,230.028,0.0,7.4,0.0,0.0,0.0,0.0,0.0,0.0,0.0,0.0,1.0,0.0,0.0,0.0,9.0,4.0,0.0,0.0,0.0,0.0,0.0,0.0,0.0,0.0,1.0,12.0,1.0,12.13,5.01,2.5,1.5,0.0,0.0,0.0,0.4,0.0,0.2,0.0,0.3,-169.60000000000002,0.0,0.0,169.60000000000002,0.0,21.700000000000003,29.4,29.4,29.9,300.0,300.0,31.5,35.5,29.200000000000003,28.4,30.3,4.96,1.99,4.96,0.16,0.0,0.0,1027.0,8228.0,0.0,0.0,0.0,0.0,0.0,1.0,0.0,0.0,0.0,0.0,0.0,0.1,0.0,-0.3,0.0,0.0001,16.0,25903.0
2026-07-30T19:01:00.543Z,230.026,230.04,0.0,7.4,0.0,0.0,0.0,0.0,0.0,0.0,0.0,0.0,1.0,0.0,0.0,0.0,9.0,4.0,0.0,0.0,0.0,0.0,0.0,0.0,0.0,0.0,2.0,12.0,1.0,12.13,5.01,2.5,1.5,0.0,0.0,0.0,0.4,0.0,-0.3,-1.1,-0.8,-169.60000000000002,0.0,0.0,169.70000000000002,0.0,21.700000000000003,29.4,29.4,29.9,300.0,300.0,31.5,35.5,29.200000000000003,28.4,30.3,4.95,1.99,4.97,0.16,0.0,0.0,1027.0,8228.0,0.0,0.0,0.0,0.0,0.0,1.0,0.0,0.0,0.0,0.0,0.0,-1.9,0.0,0.4,0.0,0.0,16.0,25903.0
2026-07-30T19:01:00.555Z,230.038,230.052,0.0,7.4,0.0,0.0,0.0,0.0,0.0,0.0,0.0,0.0,1.0,0.0,0.0,0.0,9.0,4.0,0.0,0.0,0.0,0.0,0.0,0.0,0.0,0.0,3.0,12.0,1.0,12.13,5.01,2.5,1.5,0.0,0.1,0.0,0.4,0.0,0.2,1.1,-0.8,-169.60000000000002,0.0,0.0,169.60000000000002,0.0,21.700000000000003,29.4,29.4,29.9,300.0,300.0,31.5,35.5,29.200000000000003,28.4,30.3,4.95,1.99,4.97,0.16,0.0,0.0,1027.0,8228.0,0.0,0.0,0.0,0.0,0.0,1.0,0.0,0.0,0.0,0.0,0.0,0.6000000000000001,0.0,0.9,0.0,0.0,16.0,25903.0
2026-07-30T19:01:00.578Z,230.061,230.064,0.0,7.4,0.0,0.0,0.0,0.0,0.0,0.0,0.0,0.0,1.0,0.0,0.0,0.0,9.0,4.0,0.0,0.0,0.0,0.0,0.0,0.0,0.0,0.0,4.0,12.0,1.0,12.13,5.01,2.5,1.5,0.0,0.0,0.0,0.4,0.0,-0.3,1.1,1.5,-169.60000000000002,0.0,0.0,169.60000000000002,0.0,21.700000000000003,29.4,29.4,29.9,300.0,300.0,31.5,35.5,29.200000000000003,28.4,30.3,4.95,1.99,4.97,0.16,0.0,0.0,1027.0,8228.0,0.0,0.0,0.0,0.0,0.0,1.0,0.0,0.0,0.0,0.0,0.0,2.4000000000000004,0.0,-1.0,0.0,0.0,16.0,25903.0
2026-07-30T19:01:00.581Z,230.064,230.076,0.0,7.4,0.0,0.0,0.0,0.0,0.0,0.0,0.0,0.0,1.0,0.0,0.0,0.0,9.0,4.0,0.0,0.0,0.0,0.0,0.0,0.0,0.0,0.0,4.0,12.0,1.0,12.13,5.01,2.5,1.5,0.0,0.0,0.0,0.4,0.0,-0.2,-0.5,0.3,-169.60000000000002,0.0,0.0,169.70000000000002,0.0,21.700000000000003,29.4,29.4,29.9,300.0,300.0,31.5,35.5,29.200000000000003,28.4,30.3,4.96,1.99,4.96,0.17,0.0,0.0,1027.0,8228.0,0.0,0.0,0.0,0.0,0.0,1.0,0.0,0.0,0.0,0.0,0.0,-0.4,0.0,-0.3,0.0,0.0,16.0,25903.0
2026-07-30T19:01:00.591Z,230.074,230.088,0.0,7.4,0.0,0.0,0.0,0.0,0.0,0.0,0.0,0.0,1.0,0.0,0.0,0.0,9.0,4.0,0.0,0.0,0.0,0.0,0.0,0.0,0.0,0.0,3.0,12.0,1.0,12.13,5.01,2.5,1.5,0.0,0.0,0.0,0.4,0.0,-0.2,-0.5,-1.4,-169.60000000000002,0.0,0.0,169.70000000000002,0.0,21.700000000000003,29.4,29.4,29.9,300.0,300.0,31.5,35.5,29.200000000000003,28.4,30.3,4.95,2.0,4.96,0.17,0.0,0.0,1027.0,8228.0,0.0,0.0,0.0,0.0,0.0,1.0,0.0,0.0,0.0,0.0,0.0,-1.7000000000000002,0.0,1.1,0.0,0.0,16.0,25903.0
2026-07-30T19:01:00.603Z,230.086,230.1,0.0,7.4,0.0,0.0,0.0,0.0,0.0,0.0,0.0,0.0,1.0,0.0,0.0,0.0,9.0,4.0,0.0,0.0,0.0,0.0,0.0,0.0,0.0,0.0,4.0,12.0,1.0,12.13,5.01,2.5,1.5,0.0,0.0,0.0,0.4,0.0,0.8,0.0,-0.2,-169.60000000000002,0.0,0.0,169.60000000000002,0.0,21.700000000000003,29.4,29.4,29.9,300.0,300.0,31.5,35.5,29.200000000000003,28.4,30.3,4.95,2.0,4.96,0.16,0.0,0.0,1027.0,8228.0,0.0,0.0,0.0,0.0,0.0,1.0,0.0,0.0,0.0,0.0,0.0,-0.1,0.0,0.2,0.0,0.0,16.0,25903.0
2026-07-30T19:01:00.614Z,230.097,230.112,0.0,7.4,0.0,0.0,0.0,0.0,0.0,0.0,0.0,0.0,1.0,0.0,0.0,0.0,9.0,4.0,0.0,0.0,0.0,0.0,0.0,0.0,0.0,0.0,5.0,12.0,1.0,12.17,5.01,2.5,1.49,0.0,0.0,0.0,0.5,0.0,-0.2,0.6000000000000001,-0.2,-169.60000000000002,0.0,0.0,169.70000000000002,0.0,21.9,29.4,29.4,29.9,300.0,300.0,31.4,35.5,29.200000000000003,28.4,30.3,4.96,2.0,4.96,0.16,0.0,0.0,1027.0,8228.0,0.0,0.0,0.0,0.0,0.0,1.0,0.0,0.0,0.0,0.0,0.0,0.5,0.0,0.3,0.0,0.0,16.0,25903.0
2026-07-30T19:01:00.627Z,230.11,230.124,0.0,7.4,0.0,0.0,0.0,0.0,0.0,0.0,0.0,0.0,1.0,0.0,0.0,0.0,9.0,4.0,0.0,0.0,0.0,0.0,0.0,0.0,0.0,0.0,5.0,12.0,1.0,12.17,5.01,2.5,1.49,0.0,0.1,0.0,0.4,0.0,-0.2,-1.1,-1.3,-169.60000000000002,0.0,0.0,169.70000000000002,0.0,21.9,29.4,29.4,29.9,300.0,300.0,31.4,35.5,29.200000000000003,28.4,30.3,4.96,2.0,4.96,0.16,0.0,0.0,1027.0,8228.0,0.0,0.0,0.0,0.0,0.0,1.0,0.0,0.0,0.0,0.0,0.0,-2.2,0.0,0.9,0.0,0.0002,16.0,25903.0
2026-07-30T19:01:00.639Z,230.122,230.136,0.0,7.4,0.0,0.0,0.0,0.0,0.0,0.0,0.0,0.0,1.0,0.0,0.0,0.0,9.0,4.0,0.0,0.0,0.0,0.0,0.0,0.0,0.0,0.0,6.0,12.0,1.0,12.17,5.01,2.5,1.49,0.0,0.1,0.0,0.4,0.0,-0.2,0.0,0.3,-169.60000000000002,0.0,0.0,169.70000000000002,0.0,21.9,29.4,29.4,29.9,300.0,300.0,31.4,35.5,29.200000000000003,28.4,30.3,4.96,1.99,4.97,0.16,0.0,0.0,1027.0,8228.0,0.0,0.0,0.0,0.0,0.0,1.0,0.0,0.0,0.0,0.0,0.0,0.3,0.0,-0.3,0.0,0.0,16.0,25903.0
2026-07-30T19:01:00.651Z,230.134,230.148,0.0,7.4,0.0,0.0,0.0,0.0,0.0,0.0,0.0,0.0,1.0,0.0,0.0,0.0,9.0,4.0,0.0,0.0,0.0,0.0,0.0,0.0,0.0,0.0,1.0,12.0,1.0,12.17,5.01,2.5,1.49,0.0,0.0,0.0,0.4,0.0,-0.3,0.6000000000000001,-0.2,-169.60000000000002,0.0,0.0,169.70000000000002,0.0,21.9,29.4,29.4,29.9,300.0,300.0,31.4,35.5,29.200000000000003,28.4,30.3,4.96,1.99,4.96,0.16,0.0,0.0,1027.0,8228.0,0.0,0.0,0.0,0.0,0.0,1.0,0.0,0.0,0.0,0.0,0.0,0.5,0.0,0.3,0.0,0.0001,16.0,25903.0
2026-07-30T19:01:00.663Z,230.146,230.16,0.0,7.4,0.0,0.0,0.0,0.0,0.0,0.0,0.0,0.0,1.0,0.0,0.0,0.0,9.0,4.0,0.0,0.0,0.0,0.0,0.0,0.0,0.0,0.0,2.0,12.0,1.0,12.17,5.01,2.5,1.49,0.0,0.0,0.0,0.4,0.0,0.3,0.7000000000000001,0.9,-169.60000000000002,0.0,0.0,169.60000000000002,0.0,21.9,29.4,29.4,29.9,300.0,300.0,31.4,35.5,29.200000000000003,28.4,30.3,4.96,1.99,4.96,0.16,0.0,0.0,1027.0,8228.0,0.0,0.0,0.0,0.0,0.0,1.0,0.0,0.0,0.0,0.0,0.0,1.5,0.0,-0.7000000000000001,0.0,0.0001,16.0,25903.0
2026-07-30T19:01:00.675Z,230.158,230.172,0.0,7.4,0.0,0.0,0.0,0.0,0.0,0.0,0.0,0.0,1.0,0.0,0.0,0.0,9.0,4.0,0.0,0.0,0.0,0.0,0.0,0.0,0.0,0.0,3.0,12.0,1.0,12.17,5.01,2.5,1.49,0.0,0.0,0.0,0.4,0.0,0.9,0.7000000000000001,2.1,-169.60000000000002,0.0,0.0,169.70000000000002,0.0,21.9,29.4,29.4,29.9,300.0,300.0,31.4,35.5,29.200000000000003,28.4,30.3,4.95,1.99,4.97,0.16,0.0,0.0,1027.0,8228.0,0.0,0.0,0.0,0.0,0.0,1.0,0.0,0.0,0.0,0.0,0.0,2.4000000000000004,0.0,-1.7000000000000002,0.0,0.0001,16.0,25903.0
2026-07-30T19:01:00.687Z,230.17,230.184,0.0,7.4,0.0,0.0,0.0,0.0,0.0,0.0,0.0,0.0,1.0,0.0,0.0,0.0,9.0,4.0,0.0,0.0,0.0,0.0,0.0,0.0,0.0,0.0,5.0,12.0,1.0,12.17,5.01,2.5,1.49,0.0,0.1,0.0,0.4,0.0,0.9,-0.4,0.4,-169.60000000000002,0.0,0.0,169.70000000000002,0.0,21.9,29.4,29.4,29.9,300.0,300.0,31.4,35.5,29.200000000000003,28.4,30.3,4.95,1.99,4.97,0.16,0.0,0.0,1027.0,8228.0,0.0,0.0,0.0,0.0,0.0,1.0,0.0,0.0,0.0,0.0,0.0,-0.1,0.0,-0.4,0.0,0.0,16.0,25903.0
2026-07-30T19:01:00.699Z,230.182,230.196,0.0,7.4,0.0,0.0,0.0,0.0,0.0,0.0,0.0,0.0,1.0,0.0,0.0,0.0,9.0,4.0,0.0,0.0,0.0,0.0,0.0,0.0,0.0,0.0,6.0,12.0,1.0,12.17,5.01,2.5,1.49,0.0,0.0,0.0,0.4,0.0,-0.8,-0.3,1.0,-169.60000000000002,0.0,0.0,169.70000000000002,0.0,21.9,29.4,29.4,29.9,300.0,300.0,31.4,35.5,29.200000000000003,28.4,30.3,4.95,1.99,4.96,0.16,0.0,0.0,1027.0,8228.0,0.0,0.0,0.0,0.0,0.0,1.0,0.0,0.0,0.0,0.0,0.0,0.3,0.0,-1.0,0.0,0.0,16.0,25903.0
2026-07-30T19:01:00.713Z,230.196,230.208,0.0,7.4,0.0,0.0,0.0,0.0,0.0,0.0,0.0,0.0,1.0,0.0,0.0,0.0,9.0,4.0,0.0,0.0,0.0,0.0,0.0,0.0,0.0,0.0,1.0,12.0,1.0,12.17,5.01,2.51,1.49,0.0,0.0,0.0,0.4,0.0,0.3,1.9,0.4,-169.60000000000002,0.0,0.0,169.70000000000002,0.0,21.200000000000003,29.4,29.3,29.9,300.0,300.0,31.4,35.5,29.200000000000003,28.4,30.3,4.96,1.99,4.96,0.16,0.0,0.0,1027.0,8228.0,0.0,0.0,0.0,0.0,0.0,1.0,0.0,0.0,0.0,0.0,0.0,2.6,0.0,0.0,0.0,0.0001,16.0,25903.0
2026-07-30T19:01:00.723Z,230.206,230.22,0.0,7.4,0.0,0.0,0.0,0.0,0.0,0.0,0.0,0.0,1.0,0.0,0.0,0.0,9.0,4.0,0.0,0.0,0.0,0.0,0.0,0.0,0.0,0.0,1.0,12.0,1.0,12.17,5.01,2.51,1.49,0.0,0.0,0.0,0.4,0.0,0.9,0.2,0.0,-169.60000000000002,0.0,0.0,169.60000000000002,0.0,21.200000000000003,29.4,29.3,29.9,300.0,300.0,31.4,35.5,29.200000000000003,28.4,30.3,4.95,1.99,4.97,0.16,0.0,0.0,1027.0,8228.0,0.0,0.0,0.0,0.0,0.0,1.0,0.0,0.0,0.0,0.0,0.0,0.1,0.0,0.1,0.0,0.0,16.0,25903.0
2026-07-30T19:01:00.736Z,230.219,230.232,0.0,7.4,0.0,0.0,0.0,0.0,0.0,0.0,0.0,0.0,1.0,0.0,0.0,0.0,9.0,4.0,0.0,0.0,0.0,0.0,0.0,0.0,0.0,0.0,2.0,12.0,1.0,12.17,5.01,2.51,1.49,0.0,0.1,0.0,0.4,0.0,-0.7000000000000001,-0.9,-1.2000000000000002,-169.60000000000002,0.0,0.0,169.60000000000002,0.0,21.200000000000003,29.4,29.3,29.9,300.0,300.0,31.4,35.5,29.200000000000003,28.4,30.3,4.96,1.99,4.96,0.16,0.0,0.0,1027.0,8228.0,0.0,0.0,0.0,0.0,0.0,1.0,0.0,0.0,0.0,0.0,0.0,-2.0,0.0,0.9,0.0,0.0,16.0,25903.0
2026-07-30T19:01:00.747Z,230.23,230.244,0.0,7.4,0.0,0.0,0.0,0.0,0.0,0.0,0.0,0.0,1.0,0.0,0.0,0.0,9.0,4.0,0.0,0.0,0.0,0.0,0.0,0.0,0.0,0.0,3.0,12.0,1.0,12.17,5.01,2.51,1.49,0.0,0.0,0.0,0.4,0.0,-0.2,0.2,-0.7000000000000001,-169.60000000000002,0.0,0.0,169.70000000000002,0.0,21.200000000000003,29.4,29.3,29.9,300.0,300.0,31.4,35.5,29.200000000000003,28.4,30.3,4.96,1.99,4.97,0.16,0.0,0.0,1027.0,8228.0,0.0,0.0,0.0,0.0,0.0,1.0,0.0,0.0,0.0,0.0,0.0,-0.2,0.0,0.6000000000000001,0.0,0.0,16.0,25903.0
2026-07-30T19:01:00.759Z,230.242,230.256,0.0,7.4,0.0,0.0,0.0,0.0,0.0,0.0,0.0,0.0,1.0,0.0,0.0,0.0,9.0,4.0,0.0,0.0,0.0,0.0,0.0,0.0,0.0,0.0,4.0,12.0,1.0,12.17,5.01,2.51,1.49,0.0,0.0,0.0,0.4,0.0,-0.2,-0.3,-0.7000000000000001,-169.60000000000002,0.0,0.0,169.70000000000002,0.0,21.200000000000003,29.4,29.3,29.9,300.0,300.0,31.4,35.5,29.200000000000003,28.4,30.3,4.95,1.99,4.97,0.16,0.0,0.0,1027.0,8228.0,0.0,0.0,0.0,0.0,0.0,1.0,0.0,0.0,0.0,0.0,0.0,-0.9,0.0,0.5,0.0,0.0001,16.0,25903.0
2026-07-30T19:01:00.771Z,230.254,230.268,0.0,7.4,0.0,0.0,0.0,0.0,0.0,0.0,0.0,0.0,1.0,0.0,0.0,0.0,9.0,4.0,0.0,0.0,0.0,0.0,0.0,0.0,0.0,0.0,5.0,12.0,1.0,12.17,5.01,2.51,1.49,0.0,0.1,0.0,0.4,0.0,-0.2,-0.4,1.0,-169.60000000000002,0.0,0.0,169.70000000000002,0.0,21.200000000000003,29.4,29.3,29.9,300.0,300.0,31.4,35.5,29.200000000000003,28.4,30.3,4.96,1.99,4.97,0.16,0.0,0.0,1027.0,8228.0,0.0,0.0,0.0,0.0,0.0,1.0,0.0,0.0,0.0,0.0,0.0,2.7,0.0,-1.1,0.0,0.0,16.0,25903.0
2026-07-30T19:01:00.783Z,230.266,230.28,0.0,7.4,0.0,0.0,0.0,0.0,0.0,0.0,0.0,0.0,1.0,0.0,0.0,0.0,9.0,4.0,0.0,0.0,0.0,0.0,0.0,0.0,0.0,0.0,6.0,12.0,1.0,12.17,5.01,2.51,1.49,0.0,0.0,0.0,0.4,0.0,-0.2,0.1,1.0,-169.60000000000002,0.0,0.0,169.70000000000002,0.0,21.200000000000003,29.4,29.3,29.9,300.0,300.0,31.4,35.5,29.200000000000003,28.4,30.3,4.96,1.99,4.97,0.16,0.0,0.0,1027.0,8228.0,0.0,0.0,0.0,0.0,0.0,1.0,0.0,0.0,0.0,0.0,0.0,1.0,0.0,-0.9,0.0,0.0001,16.0,25903.0
2026-07-30T19:01:00.795Z,230.278,230.292,0.0,7.4,0.0,0.0,0.0,0.0,0.0,0.0,0.0,0.0,1.0,0.0,0.0,0.0,9.0,4.0,0.0,0.0,0.0,0.0,0.0,0.0,0.0,0.0,1.0,12.0,1.0,12.17,5.01,2.51,1.49,0.0,0.0,0.0,0.4,0.0,-0.8,1.9,1.0,-169.60000000000002,0.0,0.0,169.8,0.0,21.200000000000003,29.4,29.3,29.9,300.0,300.0,31.4,35.5,29.200000000000003,28.4,30.3,4.96,1.99,4.97,0.16,0.0,0.0,1027.0,8228.0,0.0,0.0,0.0,0.0,0.0,1.0,0.0,0.0,0.0,0.0,0.0,2.9000000000000004,0.0,-0.4,0.0,0.0001,16.0,25903.0
2026-07-30T19:01:00.807Z,230.29,230.304,0.0,7.4,0.0,0.0,0.0,0.0,0.0,0.0,0.0,0.0,1.0,0.0,0.0,0.0,9.0,4.0,0.0,0.0,0.0,0.0,0.0,0.0,0.0,0.0,2.0,12.0,1.0,12.17,5.01,2.51,1.49,0.0,0.0,0.0,0.4,0.0,-0.1,-0.9,-1.2000000000000002,-169.60000000000002,0.0,0.0,169.8,0.0,21.200000000000003,29.4,29.3,29.9,300.0,300.0,31.4,35.5,29.200000000000003,28.4,30.3,4.95,1.99,4.97,0.16,0.0,0.0,1027.0,8228.0,0.0,0.0,0.0,0.0,0.0,1.0,0.0,0.0,0.0,0.0,0.0,-2.0,0.0,0.9,0.0,0.0002,16.0,25903.0
2026-07-30T19:01:00.819Z,230.302,230.316,0.0,7.4,0.0,0.0,0.0,0.0,0.0,0.0,0.0,0.0,1.0,0.0,0.0,0.0,9.0,4.0,0.0,0.0,0.0,0.0,0.0,0.0,0.0,0.0,3.0,12.0,1.0,12.18,5.01,2.51,1.49,0.0,0.0,0.0,0.4,0.0,0.3,0.1,-0.7000000000000001,-169.60000000000002,0.0,0.0,169.70000000000002,0.0,21.4,29.4,29.3,29.9,300.0,300.0,31.5,35.5,29.200000000000003,28.4,30.3,4.96,1.99,4.96,0.16,0.0,0.0,1027.0,8228.0,0.0,0.0,0.0,0.0,0.0,1.0,0.0,0.0,0.0,0.0,0.0,0.3,0.0,-1.0,0.0,0.0,16.0,25903.0
2026-07-30T19:01:00.831Z,230.314,230.328,0.0,7.4,0.0,0.0,0.0,0.0,0.0,0.0,0.0,0.0,1.0,0.0,0.0,0.0,9.0,4.0,0.0,0.0,0.0,0.0,0.0,0.0,0.0,0.0,5.0,12.0,1.0,12.18,5.01,2.51,1.49,0.0,0.0,0.0,0.4,0.0,0.3,0.1,-0.1,-169.60000000000002,0.0,0.0,169.60000000000002,0.0,21.4,29.4,29.3,29.9,300.0,300.0,31.5,35.5,29.200000000000003,28.4,30.3,4.95,1.99,4.97,0.16,0.0,0.0,1027.0,8228.0,0.0,0.0,0.0,0.0,0.0,1.0,0.0,0.0,0.0,0.0,0.0,-0.2,0.0,-0.4,0.0,0.0001,16.0,25903.0
2026-07-30T19:01:00.843Z,230.326,230.34,0.0,7.4,0.0,0.0,0.0,0.0,0.0,0.0,0.0,0.0,1.0,0.0,0.0,0.0,9.0,4.0,0.0,0.0,0.0,0.0,0.0,0.0,0.0,0.0,6.0,12.0,1.0,12.18,5.01,2.51,1.49,0.0,0.0,0.0,0.4,0.0,-0.2,1.2000000000000002,1.0,-169.60000000000002,0.0,0.0,169.70000000000002,0.0,21.4,29.4,29.3,29.9,300.0,300.0,31.5,35.5,29.200000000000003,28.4,30.3,4.95,1.99,4.96,0.16,0.0,0.0,1027.0,8228.0,0.0,0.0,0.0,0.0,0.0,1.0,0.0,0.0,0.0,0.0,0.0,2.2,0.0,-0.6000000000000001,0.0,0.0001,16.0,25903.0
2026-07-30T19:01:00.855Z,230.338,230.352,0.0,7.4,0.0,0.0,0.0,0.0,0.0,0.0,0.0,0.0,1.0,0.0,0.0,0.0,9.0,4.0,0.0,0.0,0.0,0.0,0.0,0.0,0.0,0.0,1.0,12.0,1.0,12.18,5.01,2.51,1.49,0.0,0.0,0.0,0.4,0.0,0.3,0.0,1.6,-169.60000000000002,0.0,0.0,169.70000000000002,0.0,21.4,29.4,29.3,29.9,300.0,300.0,31.5,35.5,29.200000000000003,28.4,30.3,4.96,2.0,4.96,0.16,0.0,0.0,1027.0,8228.0,0.0,0.0,0.0,0.0,0.0,1.0,0.0,0.0,0.0,0.0,0.0,1.3,0.0,-1.4,0.0,0.0001,16.0,25903.0
2026-07-30T19:01:00.867Z,230.35,230.364,0.0,7.4,0.0,0.0,0.0,0.0,0.0,0.0,0.0,0.0,1.0,0.0,0.0,0.0,9.0,4.0,0.0,0.0,0.0,0.0,0.0,0.0,0.0,0.0,1.0,12.0,1.0,12.18,5.01,2.51,1.49,0.0,0.0,0.0,0.4,0.0,-0.2,-0.5,-0.2,-169.60000000000002,0.0,0.0,169.70000000000002,0.0,21.4,29.4,29.3,29.9,300.0,300.0,31.5,35.5,29.200000000000003,28.4,30.3,4.95,2.0,4.96,0.16,0.0,0.0,1027.0,8228.0,0.0,0.0,0.0,0.0,0.0,1.0,0.0,0.0,0.0,0.0,0.0,-0.7000000000000001,0.0,0.0,0.0,0.0001,16.0,25903.0
2026-07-30T19:01:00.887Z,230.37,230.376,0.0,7.4,0.0,0.0,0.0,0.0,0.0,0.0,0.0,0.0,1.0,0.0,0.0,0.0,9.0,4.0,0.0,0.0,0.0,0.0,0.0,0.0,0.0,0.0,2.0,12.0,1.0,12.18,5.01,2.51,1.49,0.0,0.0,0.0,0.4,0.0,0.3,0.6000000000000001,0.4,-169.70000000000002,0.0,0.0,169.8,0.0,21.4,29.4,29.3,29.9,300.0,300.0,31.5,35.5,29.200000000000003,28.4,30.3,4.95,1.99,4.97,0.16,0.0,0.0,1027.0,8228.0,0.0,0.0,0.0,0.0,0.0,1.0,0.0,0.0,0.0,0.0,0.0,1.0,0.0,-0.2,0.0,0.0001,16.0,25903.0
2026-07-30T19:01:00.894Z,230.377,230.388,0.0,7.4,0.0,0.0,0.0,0.0,0.0,0.0,0.0,0.0,1.0,0.0,0.0,0.0,9.0,4.0,0.0,0.0,0.0,0.0,0.0,0.0,0.0,0.0,2.0,12.0,1.0,12.18,5.01,2.51,1.49,0.0,0.0,0.0,0.4,0.0,-0.2,0.7000000000000001,-1.3,-169.70000000000002,0.0,0.0,169.8,0.0,21.4,29.4,29.3,29.9,300.0,300.0,31.5,35.5,29.200000000000003,28.4,30.3,4.95,1.99,4.96,0.16,0.0,0.0,1027.0,8228.0,0.0,0.0,0.0,0.0,0.0,1.0,0.0,0.0,0.0,0.0,0.0,-0.1,0.0,1.3,0.0,0.0,16.0,25903.0
2026-07-30T19:01:00.903Z,230.386,230.4,0.0,7.4,0.0,0.0,0.0,0.0,0.0,0.0,0.0,0.0,1.0,0.0,0.0,0.0,9.0,4.0,0.0,0.0,0.0,0.0,0.0,0.0,0.0,0.0,6.0,12.0,1.0,12.18,5.01,2.51,1.49,0.0,0.0,0.0,0.4,0.0,0.3,0.1,1.0,-169.70000000000002,0.0,0.0,169.70000000000002,0.0,21.4,29.4,29.3,29.9,300.0,300.0,31.5,35.5,29.200000000000003,28.4,30.3,4.96,1.99,4.96,0.16,0.0,0.0,1027.0,8228.0,0.0,0.0,0.0,0.0,0.0,1.0,0.0,0.0,0.0,0.0,0.0,0.9,0.0,-0.8,0.0,0.0001,16.0,25903.0
2026-07-30T19:01:00.916Z,230.399,230.412,0.0,7.4,0.0,0.0,0.0,0.0,0.0,0.0,0.0,0.0,1.0,0.0,0.0,0.0,9.0,4.0,0.0,0.0,0.0,0.0,0.0,0.0,0.0,0.0,1.0,12.0,1.0,12.17,5.01,2.51,1.5,-0.1,0.1,0.0,0.4,0.0,-0.1,-0.4,0.9,-169.70000000000002,0.0,0.0,169.70000000000002,0.0,21.700000000000003,29.4,29.3,29.9,300.0,300.0,31.4,35.4,29.200000000000003,28.4,30.4,4.96,1.99,4.97,0.16,0.0,0.0,1027.0,8228.0,0.0,0.0,0.0,0.0,0.0,1.0,0.0,0.0,0.0,0.0,0.0,0.2,0.0,-0.9,0.0,0.0,16.0,25903.0
2026-07-30T19:01:00.927Z,230.41,230.424,0.0,7.4,0.0,0.0,0.0,0.0,0.0,0.0,0.0,0.0,1.0,0.0,0.0,0.0,9.0,4.0,0.0,0.0,0.0,0.0,0.0,0.0,0.0,0.0,3.0,12.0,1.0,12.17,5.01,2.51,1.5,0.0,0.1,0.0,0.4,0.0,-0.7000000000000001,-1.6,-0.1,-169.70000000000002,0.0,0.0,169.70000000000002,0.0,21.700000000000003,29.4,29.3,29.9,300.0,300.0,31.4,35.4,29.200000000000003,28.4,30.4,4.96,2.0,4.96,0.16,0.0,0.0,1027.0,8228.0,0.0,0.0,0.0,0.0,0.0,1.0,0.0,0.0,0.0,0.0,0.0,-1.9,0.0,-0.2,0.0,0.0002,16.0,25903.0
2026-07-30T19:01:00.939Z,230.422,230.436,0.0,7.4,0.0,0.0,0.0,0.0,0.0,0.0,0.0,0.0,1.0,0.0,0.0,0.0,9.0,4.0,0.0,0.0,0.0,0.0,0.0,0.0,0.0,0.0,4.0,12.0,1.0,12.17,5.01,2.51,1.5,0.0,0.0,0.0,0.4,0.0,0.4,0.0,-0.1,-169.70000000000002,0.0,0.0,169.70000000000002,0.0,21.700000000000003,29.4,29.3,29.9,300.0,300.0,31.4,35.4,29.200000000000003,28.4,30.4,4.96,1.99,4.96,0.16,0.0,0.0,1027.0,8228.0,0.0,0.0,0.0,0.0,0.0,1.0,0.0,0.0,0.0,0.0,0.0,0.0,0.0,0.1,0.0,0.0,16.0,25903.0
2026-07-30T19:01:00.951Z,230.434,230.448,0.0,7.4,0.0,0.0,0.0,0.0,0.0,0.0,0.0,0.0,1.0,0.0,0.0,0.0,9.0,4.0,0.0,0.0,0.0,0.0,0.0,0.0,0.0,0.0,5.0,12.0,1.0,12.17,5.01,2.51,1.5,0.0,0.0,0.0,0.4,0.0,0.3,-0.4,-0.1,-169.70000000000002,0.0,0.0,169.70000000000002,0.0,21.700000000000003,29.4,29.3,29.9,300.0,300.0,31.4,35.4,29.200000000000003,28.4,30.4,4.95,1.99,4.96,0.16,0.0,0.0,1027.0,8228.0,0.0,0.0,0.0,0.0,0.0,1.0,0.0,0.0,0.0,0.0,0.0,-0.6000000000000001,0.0,0.0,0.0,0.0002,16.0,25903.0
2026-07-30T19:01:00.963Z,230.446,230.46,0.0,7.4,0.0,0.0,0.0,0.0,0.0,0.0,0.0,0.0,1.0,0.0,0.0,0.0,9.0,4.0,0.0,0.0,0.0,0.0,0.0,0.0,0.0,0.0,6.0,12.0,1.0,12.17,5.01,2.51,1.5,0.0,0.1,0.0,0.4,0.0,0.3,0.1,0.4,-169.70000000000002,0.0,0.0,169.70000000000002,0.0,21.700000000000003,29.4,29.3,29.9,300.0,300.0,31.4,35.4,29.200000000000003,28.4,30.4,4.95,1.99,4.96,0.16,0.0,0.0,1027.0,8228.0,0.0,0.0,0.0,0.0,0.0,1.0,0.0,0.0,0.0,0.0,0.0,0.4,0.0,-0.3,0.0,0.0,16.0,25903.0
2026-07-30T19:01:00.975Z,230.458,230.472,0.0,7.4,0.0,0.0,0.0,0.0,0.0,0.0,0.0,0.0,1.0,0.0,0.0,0.0,9.0,4.0,0.0,0.0,0.0,0.0,0.0,0.0,0.0,0.0,1.0,12.0,1.0,12.17,5.01,2.51,1.5,0.0,0.0,0.0,0.4,0.0,0.3,-1.0,-1.2000000000000002,-169.70000000000002,0.0,0.0,169.8,0.0,21.700000000000003,29.4,29.3,29.9,300.0,300.0,31.4,35.4,29.200000000000003,28.4,30.4,4.96,2.01,4.96,0.16,0.0,0.0,1027.0,8228.0,0.0,0.0,0.0,0.0,0.0,1.0,0.0,0.0,0.0,0.0,0.0,-2.1,0.0,0.9,0.0,0.0001,16.0,25903.0
2026-07-30T19:01:00.987Z,230.47,230.484,0.0,7.4,0.0,0.0,0.0,0.0,0.0,0.0,0.0,0.0,1.0,0.0,0.0,0.0,9.0,4.0,0.0,0.0,0.0,0.0,0.0,0.0,0.0,0.0,2.0,12.0,1.0,12.17,5.01,2.51,1.5,0.0,0.0,0.0,0.5,0.0,-0.2,-0.4,-0.1,-169.70000000000002,0.0,0.0,169.60000000000002,0.0,21.700000000000003,29.4,29.3,29.9,300.0,300.0,31.4,35.4,29.200000000000003,28.4,30.4,4.96,1.99,4.97,0.16,0.0,0.0,1027.0,8228.0,0.0,0.0,0.0,0.0,0.0,1.0,0.0,0.0,0.0,0.0,0.0,-0.6000000000000001,0.0,0.0,0.0,0.0002,16.0,25903.0
2026-07-30T19:01:00.999Z,230.482,230.496,0.0,7.4,0.0,0.0,0.0,0.0,0.0,0.0,0.0,0.0,1.0,0.0,0.0,0.0,9.0,4.0,0.0,0.0,0.0,0.0,0.0,0.0,0.0,0.0,3.0,12.0,1.0,12.17,5.01,2.51,1.5,0.0,0.0,0.0,0.4,0.0,-0.8,0.1,-0.6000000000000001,-169.70000000000002,0.0,0.0,169.70000000000002,0.0,21.700000000000003,29.4,29.3,29.9,300.0,300.0,31.4,35.4,29.200000000000003,28.4,30.4,4.95,1.99,4.97,0.16,0.0,0.0,1027.0,8228.0,0.0,0.0,0.0,0.0,0.0,1.0,0.0,0.0,0.0,0.0,0.0,-0.3,0.0,0.6000000000000001,0.0,0.0002,16.0,25903.0
2026-07-30T19:01:01.011Z,230.494,230.508,0.0,7.4,0.0,0.0,0.0,0.0,0.0,0.0,0.0,0.0,1.0,0.0,0.0,0.0,9.0,4.0,0.0,0.0,0.0,0.0,0.0,0.0,0.0,0.0,4.0,12.0,1.0,12.17,5.01,2.51,1.5,0.0,0.0,0.0,0.4,0.0,0.3,0.7000000000000001,1.0,-169.70000000000002,0.0,0.0,169.8,0.0,21.700000000000003,29.4,29.3,29.9,300.0,300.0,31.4,35.4,29.200000000000003,28.4,30.4,4.96,1.99,4.96,0.16,0.0,0.0,1027.0,8228.0,0.0,0.0,0.0,0.0,0.0,1.0,0.0,0.0,0.0,0.0,0.0,1.5,0.0,-0.7000000000000001,0.0,0.0001,16.0,25903.0
2026-07-30T19:01:01.023Z,230.506,230.52,0.0,7.4,0.0,0.0,0.0,0.0,0.0,0.0,0.0,0.0,1.0,0.0,0.0,0.0,9.0,4.0,0.0,0.0,0.0,0.0,0.0,0.0,0.0,0.0,5.0,12.0,1.0,12.15,5.01,2.51,1.49,0.0,0.0,0.0,0.5,0.0,0.3,0.0,1.0,-169.70000000000002,0.0,0.0,169.8,0.0,21.8,29.4,29.3,29.9,300.0,300.0,31.4,35.5,29.200000000000003,28.5,30.3,4.95,2.0,4.96,0.16,0.0,0.0,1027.0,8228.0,0.0,0.0,0.0,0.0,0.0,1.0,0.0,0.0,0.0,0.0,0.0,0.8,0.0,-0.8,0.0,0.0002,16.0,25903.0
2026-07-30T19:01:01.035Z,230.518,230.532,0.0,7.4,0.0,0.0,0.0,0.0,0.0,0.0,0.0,0.0,1.0,0.0,0.0,0.0,9.0,4.0,0.0,0.0,0.0,0.0,0.0,0.0,0.0,0.0,6.0,12.0,1.0,12.15,5.01,2.51,1.49,0.0,0.0,0.0,0.4,0.0,0.3,0.0,-0.7000000000000001,-169.70000000000002,0.0,0.0,169.70000000000002,0.0,21.8,29.4,29.3,29.9,300.0,300.0,31.4,35.5,29.200000000000003,28.5,30.3,4.95,1.99,4.97,0.16,0.0,0.0,1027.0,8228.0,0.0,0.0,0.0,0.0,0.0,1.0,0.0,0.0,0.0,0.0,0.0,-0.4,0.0,0.6000000000000001,0.0,0.0,16.0,25903.0
2026-07-30T19:01:01.047Z,230.53,230.544,0.0,7.4,0.0,0.0,0.0,0.0,0.0,0.0,0.0,0.0,1.0,0.0,0.0,0.0,9.0,4.0,0.0,0.0,0.0,0.0,0.0,0.0,0.0,0.0,1.0,12.0,1.0,12.15,5.01,2.51,1.49,0.0,0.0,0.0,0.4,0.0,-1.4,-1.0,-0.7000000000000001,-169.70000000000002,0.0,0.0,169.60000000000002,0.0,21.8,29.4,29.3,29.9,300.0,300.0,31.4,35.5,29.200000000000003,28.5,30.3,4.96,2.0,4.97,0.16,0.0,0.0,1027.0,8228.0,0.0,0.0,0.0,0.0,0.0,1.0,0.0,0.0,0.0,0.0,0.0,-1.7000000000000002,0.0,0.3,0.0,0.0001,16.0,25903.0
2026-07-30T19:01:01.059Z,230.542,230.556,0.0,7.4,0.0,0.0,0.0,0.0,0.0,0.0,0.0,0.0,1.0,0.0,0.0,0.0,9.0,4.0,0.0,0.0,0.0,0.0,0.0,0.0,0.0,0.0,2.0,12.0,1.0,12.15,5.01,2.51,1.49,0.0,0.0,0.0,0.5,0.0,0.2,0.0,-0.7000000000000001,-169.70000000000002,0.0,0.0,169.60000000000002,0.0,21.8,29.4,29.3,29.9,300.0,300.0,31.4,35.5,29.200000000000003,28.5,30.3,4.96,2.0,4.96,0.16,0.0,0.0,1027.0,8228.0,0.0,0.0,0.0,0.0,0.0,1.0,0.0,0.0,0.0,0.0,0.0,-0.4,0.0,0.6000000000000001,0.0,0.0001,16.0,25903.0
2026-07-30T19:01:01.071Z,230.554,230.568,0.0,7.4,0.0,0.0,0.0,0.0,0.0,0.0,0.0,0.0,1.0,0.0,0.0,0.0,9.0,4.0,0.0,0.0,0.0,0.0,0.0,0.0,0.0,0.0,3.0,12.0,1.0,12.15,5.01,2.51,1.49,0.0,0.0,0.0,0.4,0.0,0.2,-0.5,-0.1,-169.70000000000002,0.0,0.0,169.70000000000002,0.0,21.8,29.4,29.3,29.9,300.0,300.0,31.4,35.5,29.200000000000003,28.5,30.3,4.95,1.99,4.97,0.16,0.0,0.0,1027.0,8228.0,0.0,0.0,0.0,0.0,0.0,1.0,0.0,0.0,0.0,0.0,0.0,-0.6000000000000001,0.0,0.0,0.0,0.0001,16.0,25903.0
2026-07-30T19:01:01.083Z,230.566,230.58,0.0,7.4,0.0,0.0,0.0,0.0,0.0,0.0,0.0,0.0,1.0,0.0,0.0,0.0,9.0,4.0,0.0,0.0,0.0,0.0,0.0,0.0,0.0,0.0,4.0,12.0,1.0,12.15,5.01,2.51,1.49,0.0,0.0,0.0,0.4,0.0,0.2,1.2000000000000002,0.4,-169.60000000000002,0.0,0.0,169.60000000000002,0.0,21.8,29.4,29.3,29.9,300.0,300.0,31.4,35.5,29.200000000000003,28.5,30.3,4.95,1.99,4.96,0.16,0.0,0.0,1027.0,8228.0,0.0,0.0,0.0,0.0,0.0,1.0,0.0,0.0,0.0,0.0,0.0,1.7000000000000002,0.0,-0.1,0.0,0.0,16.0,25903.0
2026-07-30T19:01:01.095Z,230.578,230.592,0.0,7.4,0.0,0.0,0.0,0.0,0.0,0.0,0.0,0.0,1.0,0.0,0.0,0.0,9.0,4.0,0.0,0.0,0.0,0.0,0.0,0.0,0.0,0.0,5.0,12.0,1.0,12.15,5.01,2.51,1.49,0.0,0.0,0.0,0.5,0.0,-0.3,0.0,-0.7000000000000001,-169.60000000000002,0.0,0.0,169.70000000000002,0.0,21.8,29.4,29.3,29.9,300.0,300.0,31.4,35.5,29.200000000000003,28.5,30.3,4.96,1.99,4.96,0.16,0.0,0.0,1027.0,8228.0,0.0,0.0,0.0,0.0,0.0,1.0,0.0,0.0,0.0,0.0,0.0,-0.4,0.0,0.6000000000000001,0.0,0.0,16.0,25903.0
2026-07-30T19:01:01.107Z,230.59,230.604,0.0,7.4,0.0,0.0,0.0,0.0,0.0,0.0,0.0,0.0,1.0,0.0,0.0,0.0,9.0,4.0,0.0,0.0,0.0,0.0,0.0,0.0,0.0,0.0,6.0,12.0,1.0,12.15,5.01,2.51,1.49,0.0,0.0,0.0,0.4,0.0,-0.9,1.2000000000000002,1.0,-169.60000000000002,0.0,0.0,169.60000000000002,0.0,21.8,29.4,29.3,29.9,300.0,300.0,31.4,35.5,29.200000000000003,28.5,30.3,4.95,1.99,4.96,0.16,0.0,0.0,1027.0,8228.0,0.0,0.0,0.0,0.0,0.0,1.0,0.0,0.0,0.0,0.0,0.0,2.1,0.0,-0.6000000000000001,0.0,0.0,16.0,25903.0
2026-07-30T19:01:01.120Z,230.603,230.616,0.0,7.4,0.0,0.0,0.0,0.0,0.0,0.0,0.0,0.0,1.0,0.0,0.0,0.0,9.0,4.0,0.0,0.0,0.0,0.0,0.0,0.0,0.0,0.0,1.0,12.0,1.0,12.17,5.0200000000000005,2.51,1.49,0.0,0.0,0.0,0.4,0.0,0.8,-1.1,-0.7000000000000001,-169.60000000000002,0.0,0.0,169.60000000000002,0.0,21.200000000000003,29.4,29.3,29.9,300.0,300.0,31.3,35.5,29.200000000000003,28.4,30.3,4.96,1.99,4.97,0.16,0.0,0.0,1027.0,8228.0,0.0,0.0,0.0,0.0,0.0,1.0,0.0,0.0,0.0,0.0,0.0,-1.8,0.0,0.4,0.0,0.0,16.0,25903.0
2026-07-30T19:01:01.131Z,230.614,230.628,0.0,7.4,0.0,0.0,0.0,0.0,0.0,0.0,0.0,0.0,1.0,0.0,0.0,0.0,9.0,4.0,0.0,0.0,0.0,0.0,0.0,0.0,0.0,0.0,3.0,12.0,1.0,12.17,5.0200000000000005,2.51,1.49,0.0,0.0,0.0,0.4,0.0,0.8,0.6000000000000001,0.4,-169.60000000000002,0.0,0.0,169.70000000000002,0.0,21.200000000000003,29.4,29.3,29.9,300.0,300.0,31.3,35.5,29.200000000000003,28.4,30.3,4.96,2.0,4.96,0.16,0.0,0.0,1027.0,8228.0,0.0,0.0,0.0,0.0,0.0,1.0,0.0,0.0,0.0,0.0,0.0,1.0,0.0,-0.2,0.0,0.0,16.0,25903.0
2026-07-30T19:01:01.142Z,230.625,230.64,0.0,7.4,0.0,0.0,0.0,0.0,0.0,0.0,0.0,0.0,1.0,0.0,0.0,0.0,9.0,4.0,0.0,0.0,0.0,0.0,0.0,0.0,0.0,0.0,4.0,12.0,1.0,12.17,5.0200000000000005,2.51,1.49,0.0,0.0,0.0,0.4,0.0,-0.3,1.2000000000000002,1.0,-169.60000000000002,0.0,0.0,169.60000000000002,0.0,21.200000000000003,29.4,29.3,29.9,300.0,300.0,31.3,35.5,29.200000000000003,28.4,30.3,4.96,1.99,4.96,0.16,0.0,0.0,1027.0,8228.0,0.0,0.0,0.0,0.0,0.0,1.0,0.0,0.0,0.0,0.0,0.0,2.1,0.0,-0.6000000000000001,0.0,0.0,16.0,25903.0
2026-07-30T19:01:01.155Z,230.638,230.652,0.0,7.4,0.0,0.0,0.0,0.0,0.0,0.0,0.0,0.0,1.0,0.0,0.0,0.0,9.0,4.0,0.0,0.0,0.0,0.0,0.0,0.0,0.0,0.0,5.0,12.0,1.0,12.17,5.0200000000000005,2.51,1.49,0.0,0.0,0.0,0.4,0.0,0.2,-0.4,0.4,-169.60000000000002,0.0,0.0,169.60000000000002,0.0,21.200000000000003,29.4,29.3,29.9,300.0,300.0,31.3,35.5,29.200000000000003,28.4,30.3,4.95,1.99,4.97,0.16,0.0,0.0,1027.0,8228.0,0.0,0.0,0.0,0.0,0.0,1.0,0.0,0.0,0.0,0.0,0.0,-0.1,0.0,-0.5,0.0,0.0,16.0,25903.0
2026-07-30T19:01:01.166Z,230.649,230.664,0.0,7.4,0.0,0.0,0.0,0.0,0.0,0.0,0.0,0.0,1.0,0.0,0.0,0.0,9.0,4.0,0.0,0.0,0.0,0.0,0.0,0.0,0.0,0.0,6.0,12.0,1.0,12.17,5.0200000000000005,2.51,1.49,0.0,0.0,0.0,0.4,0.0,-0.3,-1.0,-1.2000000000000002,-169.60000000000002,0.0,0.0,169.60000000000002,0.0,21.200000000000003,29.4,29.3,29.9,300.0,300.0,31.3,35.5,29.200000000000003,28.4,30.3,4.96,1.99,4.97,0.16,0.0,0.0,1027.0,8228.0,0.0,0.0,0.0,0.0,0.0,1.0,0.0,0.0,0.0,0.0,0.0,-2.2,0.0,0.9,0.0,0.0,16.0,25903.0
2026-07-30T19:01:01.179Z,230.662,230.676,0.0,7.4,0.0,0.0,0.0,0.0,0.0,0.0,0.0,0.0,1.0,0.0,0.0,0.0,9.0,4.0,0.0,0.0,0.0,0.0,0.0,0.0,0.0,0.0,1.0,12.0,1.0,12.17,5.0200000000000005,2.51,1.49,0.0,0.0,0.0,0.4,0.0,0.3,0.0,-0.1,-169.60000000000002,0.0,0.0,169.70000000000002,0.0,21.200000000000003,29.4,29.3,29.9,300.0,300.0,31.3,35.5,29.200000000000003,28.4,30.3,4.96,2.0,4.97,0.16,0.0,0.0,1027.0,8228.0,0.0,0.0,0.0,0.0,0.0,1.0,0.0,0.0,0.0,0.0,0.0,0.0,0.0,0.1,0.0,0.0,16.0,25903.0
2026-07-30T19:01:01.193Z,230.676,230.688,0.0,7.4,0.0,0.0,0.0,0.0,0.0,0.0,0.0,0.0,1.0,0.0,0.0,0.0,9.0,4.0,0.0,0.0,0.0,0.0,0.0,0.0,0.0,0.0,2.0,12.0,1.0,12.17,5.0200000000000005,2.51,1.49,0.0,0.1,0.0,0.4,0.0,1.4,1.8,1.0,-169.60000000000002,0.0,0.0,169.8,0.0,21.200000000000003,29.4,29.3,29.9,300.0,300.0,31.3,35.5,29.200000000000003,28.4,30.3,4.95,1.99,4.97,0.16,0.0,0.0,1027.0,8228.0,0.0,0.0,0.0,0.0,0.0,1.0,0.0,0.0,0.0,0.0,0.0,2.8000000000000003,0.0,-0.5,0.0,0.0001,16.0,25903.0
2026-07-30T19:01:01.206Z,230.689,230.7,0.0,7.4,0.0,0.0,0.0,0.0,0.0,0.0,0.0,0.0,1.0,0.0,0.0,0.0,9.0,4.0,0.0,0.0,0.0,0.0,0.0,0.0,0.0,0.0,3.0,12.0,1.0,12.17,5.0200000000000005,2.51,1.49,0.0,0.0,0.0,0.4,0.0,0.9,-0.5,0.0,-169.60000000000002,0.0,0.0,169.8,0.0,21.200000000000003,29.4,29.3,29.9,300.0,300.0,31.3,35.5,29.200000000000003,28.4,30.3,4.95,1.99,4.97,0.16,0.0,0.0,1027.0,8228.0,0.0,0.0,0.0,0.0,0.0,1.0,0.0,0.0,0.0,0.0,0.0,-0.6000000000000001,0.0,0.0,0.0,0.0003,16.0,25903.0
2026-07-30T19:01:01.215Z,230.698,230.712,0.0,7.4,0.0,0.0,0.0,0.0,0.0,0.0,0.0,0.0,1.0,0.0,0.0,0.0,9.0,4.0,0.0,0.0,0.0,0.0,0.0,0.0,0.0,0.0,1.0,12.0,1.0,12.17,5.0200000000000005,2.51,1.49,0.0,0.0,0.0,0.4,0.0,0.2,0.0,1.0,-169.60000000000002,0.0,0.0,169.60000000000002,0.0,21.200000000000003,29.4,29.3,29.9,300.0,300.0,31.3,35.5,29.200000000000003,28.4,30.3,4.96,1.99,4.96,0.16,0.0,0.0,1027.0,8228.0,0.0,0.0,0.0,0.0,0.0,1.0,0.0,0.0,0.0,0.0,0.0,0.8,0.0,-0.9,0.0,0.0001,16.0,25903.0
2026-07-30T19:01:01.227Z,230.71,230.724,0.0,7.4,0.0,0.0,0.0,0.0,0.0,0.0,0.0,0.0,1.0,0.0,0.0,0.0,9.0,4.0,0.0,0.0,0.0,0.0,0.0,0.0,0.0,0.0,2.0,12.0,1.0,12.18,5.01,2.51,1.49,0.0,0.0,0.0,0.4,0.0,-0.2,-0.4,0.0,-169.60000000000002,0.0,0.0,169.70000000000002,0.0,21.700000000000003,29.4,29.3,29.9,300.0,300.0,31.4,35.4,29.200000000000003,28.4,30.3,4.96,1.99,4.97,0.16,0.0,0.0,1027.0,8228.0,0.0,0.0,0.0,0.0,0.0,1.0,0.0,0.0,0.0,0.0,0.0,-0.6000000000000001,0.0,0.0,0.0,0.0002,16.0,25903.0
2026-07-30T19:01:01.239Z,230.722,230.736,0.0,7.4,0.0,0.0,0.0,0.0,0.0,0.0,0.0,0.0,1.0,0.0,0.0,0.0,9.0,4.0,0.0,0.0,0.0,0.0,0.0,0.0,0.0,0.0,4.0,12.0,1.0,12.18,5.01,2.51,1.49,0.0,0.1,0.0,0.4,0.0,0.3,0.1,-0.6000000000000001,-169.60000000000002,0.0,0.0,169.60000000000002,0.0,21.700000000000003,29.4,29.3,29.9,300.0,300.0,31.4,35.4,29.200000000000003,28.4,30.3,4.95,1.99,4.97,0.16,0.0,0.0,1027.0,8228.0,0.0,0.0,0.0,0.0,0.0,1.0,0.0,0.0,0.0,0.0,0.0,-0.3,0.0,0.6000000000000001,0.0,0.0,16.0,25903.0
2026-07-30T19:01:01.250Z,230.733,230.748,0.0,7.4,0.0,0.0,0.0,0.0,0.0,0.0,0.0,0.0,1.0,0.0,0.0,0.0,9.0,4.0,0.0,0.0,0.0,0.0,0.0,0.0,0.0,0.0,5.0,12.0,1.0,12.18,5.01,2.51,1.49,0.0,0.0,0.0,0.4,0.0,0.9,-0.4,-0.6000000000000001,-169.60000000000002,0.0,0.0,169.60000000000002,0.0,21.700000000000003,29.4,29.3,29.9,300.0,300.0,31.4,35.4,29.200000000000003,28.4,30.3,4.96,1.99,4.97,0.16,0.0,0.0,1027.0,8228.0,0.0,0.0,0.0,0.0,0.0,1.0,0.0,0.0,0.0,0.0,0.0,-1.0,0.0,0.4,0.0,0.0,16.0,25903.0
2026-07-30T19:01:01.263Z,230.746,230.76,0.0,7.4,0.0,0.0,0.0,0.0,0.0,0.0,0.0,0.0,1.0,0.0,0.0,0.0,9.0,4.0,0.0,0.0,0.0,0.0,0.0,0.0,0.0,0.0,6.0,12.0,1.0,12.18,5.01,2.51,1.49,0.0,0.0,0.0,0.4,0.0,0.3,0.6000000000000001,-0.1,-169.60000000000002,0.0,0.0,169.70000000000002,0.0,21.700000000000003,29.4,29.3,29.9,300.0,300.0,31.4,35.4,29.200000000000003,28.4,30.3,4.95,2.0,4.96,0.16,0.0,0.0,1027.0,8228.0,0.0,0.0,0.0,0.0,0.0,1.0,0.0,0.0,0.0,0.0,0.0,0.7000000000000001,0.0,0.2,0.0,0.0,16.0,25903.0
2026-07-30T19:01:01.275Z,230.758,230.772,0.0,7.4,0.0,0.0,0.0,0.0,0.0,0.0,0.0,0.0,1.0,0.0,0.0,0.0,9.0,4.0,0.0,0.0,0.0,0.0,0.0,0.0,0.0,0.0,2.0,12.0,1.0,12.18,5.01,2.51,1.49,0.0,0.0,0.0,0.4,0.0,-0.8,0.0,0.5,-169.60000000000002,0.0,0.0,169.70000000000002,0.0,21.700000000000003,29.4,29.3,29.9,300.0,300.0,31.4,35.4,29.200000000000003,28.4,30.3,4.95,1.99,4.96,0.16,0.0,0.0,1027.0,8228.0,0.0,0.0,0.0,0.0,0.0,1.0,0.0,0.0,0.0,0.0,0.0,1.3,0.0,0.3,0.0,0.0002,16.0,25903.0
2026-07-30T19:01:01.287Z,230.77,230.784,0.0,7.4,0.0,0.0,0.0,0.0,0.0,0.0,0.0,0.0,1.0,0.0,0.0,0.0,9.0,4.0,0.0,0.0,0.0,0.0,0.0,0.0,0.0,0.0,3.0,12.0,1.0,12.18,5.01,2.51,1.49,0.0,0.0,0.0,0.4,0.0,-0.3,1.3,1.6,-169.60000000000002,0.0,0.0,169.8,0.0,21.700000000000003,29.4,29.3,29.9,300.0,300.0,31.4,35.4,29.200000000000003,28.4,30.3,4.96,2.0,4.96,0.16,0.0,0.0,1027.0,8228.0,0.0,0.0,0.0,0.0,0.0,1.0,0.0,0.0,0.0,0.0,0.0,2.7,0.0,-1.2000000000000002,0.0,0.0,16.0,25903.0
2026-07-30T19:01:01.299Z,230.782,230.796,0.0,7.4,0.0,0.0,0.0,0.0,0.0,0.0,0.0,0.0,1.0,0.0,0.0,0.0,9.0,4.0,0.0,0.0,0.0,0.0,0.0,0.0,0.0,0.0,4.0,12.0,1.0,12.18,5.01,2.51,1.49,0.0,0.0,0.0,0.4,0.0,-0.3,-0.4,-0.6000000000000001,-169.60000000000002,0.0,0.0,169.70000000000002,0.0,21.700000000000003,29.4,29.3,29.9,300.0,300.0,31.4,35.4,29.200000000000003,28.4,30.3,4.96,2.0,4.96,0.16,0.0,0.0,1027.0,8228.0,0.0,0.0,0.0,0.0,0.0,1.0,0.0,0.0,0.0,0.0,0.0,-0.9,0.0,0.4,0.0,0.0001,16.0,25903.0
2026-07-30T19:01:01.311Z,230.794,230.808,0.0,7.4,0.0,0.0,0.0,0.0,0.0,0.0,0.0,0.0,1.0,0.0,0.0,0.0,9.0,4.0,0.0,0.0,0.0,0.0,0.0,0.0,0.0,0.0,5.0,12.0,1.0,12.18,5.01,2.51,1.49,0.0,0.1,0.0,0.4,0.0,-0.3,0.1,0.5,-169.60000000000002,0.0,0.0,169.70000000000002,0.0,21.700000000000003,29.4,29.3,29.9,300.0,300.0,31.4,35.4,29.200000000000003,28.4,30.3,4.95,1.99,4.97,0.16,0.0,0.0,1027.0,8228.0,0.0,0.0,0.0,0.0,0.0,1.0,0.0,0.0,0.0,0.0,0.0,0.5,0.0,-0.4,0.0,0.0001,16.0,25903.0
2026-07-30T19:01:01.324Z,230.807,230.82,0.0,7.4,0.0,0.0,0.0,0.0,0.0,0.0,0.0,0.0,1.0,0.0,0.0,0.0,9.0,4.0,0.0,0.0,0.0,0.0,0.0,0.0,0.0,0.0,6.0,12.0,1.0,12.18,5.0200000000000005,2.51,1.49,0.0,0.0,0.0,0.4,0.0,0.2,0.6000000000000001,0.4,-169.60000000000002,0.0,0.0,169.70000000000002,0.0,21.200000000000003,29.4,29.3,29.9,300.0,300.0,31.3,35.4,29.200000000000003,28.4,30.3,4.95,1.99,4.97,0.16,0.0,0.0,1027.0,8228.0,0.0,0.0,0.0,0.0,0.0,1.0,0.0,0.0,0.0,0.0,0.0,-0.6000000000000001,0.0,0.0,0.0,0.0,16.0,25903.0
2026-07-30T19:01:01.335Z,230.818,230.832,0.0,7.4,0.0,0.0,0.0,0.0,0.0,0.0,0.0,0.0,1.0,0.0,0.0,0.0,9.0,4.0,0.0,0.0,0.0,0.0,0.0,0.0,0.0,0.0,6.0,12.0,1.0,12.18,5.0200000000000005,2.51,1.49,0.0,0.0,0.0,0.4,0.0,-0.3,0.1,2.2,-169.60000000000002,0.0,0.0,169.70000000000002,0.0,21.200000000000003,29.4,29.3,29.9,300.0,300.0,31.3,35.4,29.200000000000003,28.4,30.3,4.96,1.99,4.97,0.16,0.0,0.0,1027.0,8228.0,0.0,0.0,0.0,0.0,0.0,1.0,0.0,0.0,0.0,0.0,0.0,0.0,0.0,0.1,0.0,0.0,16.0,25903.0
2026-07-30T19:01:01.347Z,230.83,230.844,0.0,7.4,0.0,0.0,0.0,0.0,0.0,0.0,0.0,0.0,1.0,0.0,0.0,0.0,9.0,4.0,0.0,0.0,0.0,0.0,0.0,0.0,0.0,0.0,2.0,12.0,1.0,12.18,5.0200000000000005,2.51,1.49,0.0,0.0,0.0,0.4,0.0,0.1,0.1,-0.1,-169.60000000000002,0.0,0.0,169.70000000000002,0.0,21.200000000000003,29.4,29.3,29.9,300.0,300.0,31.3,35.4,29.200000000000003,28.4,30.3,4.95,1.99,4.96,0.16,0.0,0.0,1027.0,8228.0,0.0,0.0,0.0,0.0,0.0,1.0,0.0,0.0,0.0,0.0,0.0,0.2,0.0,0.7000000000000001,0.0,0.0,16.0,25903.0
2026-07-30T19:01:01.359Z,230.842,230.856,0.0,7.4,0.0,0.0,0.0,0.0,0.0,0.0,0.0,0.0,1.0,0.0,0.0,0.0,9.0,4.0,0.0,0.0,0.0,0.0,0.0,0.0,0.0,0.0,2.0,12.0,1.0,12.18,5.0200000000000005,2.51,1.49,0.0,0.0,0.0,0.4,0.0,0.1,-1.1,-0.7000000000000001,-169.60000000000002,0.0,0.0,169.70000000000002,0.0,21.200000000000003,29.4,29.3,29.9,300.0,300.0,31.3,35.4,29.200000000000003,28.4,30.3,4.95,1.99,4.97,0.16,0.0,0.0,1027.0,8228.0,0.0,0.0,0.0,0.0,0.0,1.0,0.0,0.0,0.0,0.0,0.0,-0.4,0.0,0.6000000000000001,0.0,0.0,16.0,25903.0
2026-07-30T19:01:01.371Z,230.854,230.868,0.0,7.4,0.0,0.0,0.0,0.0,0.0,0.0,0.0,0.0,1.0,0.0,0.0,0.0,9.0,4.0,0.0,0.0,0.0,0.0,0.0,0.0,0.0,0.0,3.0,12.0,1.0,12.18,5.0200000000000005,2.51,1.49,0.0,0.0,0.0,0.4,0.0,-1.0,-1.1,-0.7000000000000001,-169.60000000000002,0.0,0.0,169.70000000000002,0.0,21.200000000000003,29.4,29.3,29.9,300.0,300.0,31.3,35.4,29.200000000000003,28.4,30.3,4.95,1.99,4.96,0.16,0.0,0.0,1027.0,8228.0,0.0,0.0,0.0,0.0,0.0,1.0,0.0,0.0,0.0,0.0,0.0,-1.8,0.0,0.4,0.0,0.0,16.0,25903.0
2026-07-30T19:01:01.383Z,230.866,230.88,0.0,7.4,0.0,0.0,0.0,0.0,0.0,0.0,0.0,0.0,1.0,0.0,0.0,0.0,9.0,4.0,0.0,0.0,0.0,0.0,0.0,0.0,0.0,0.0,4.0,12.0,1.0,12.18,5.0200000000000005,2.51,1.49,0.0,0.0,0.0,0.4,0.0,-0.4,1.1,0.9,-169.60000000000002,0.0,0.0,169.70000000000002,0.0,21.200000000000003,29.4,29.3,29.9,300.0,300.0,31.3,35.4,29.200000000000003,28.4,30.3,4.95,1.99,4.96,0.16,0.0,0.0,1027.0,8228.0,0.0,0.0,0.0,0.0,0.0,1.0,0.0,0.0,0.0,0.0,0.0,2.0,0.0,-0.6000000000000001,0.0,0.0,16.0,25903.0
2026-07-30T19:01:01.395Z,230.878,230.892,0.0,7.4,0.0,0.0,0.0,0.0,0.0,0.0,0.0,0.0,1.0,0.0,0.0,0.0,9.0,4.0,0.0,0.0,0.0,0.0,0.0,0.0,0.0,0.0,6.0,12.0,1.0,12.18,5.0200000000000005,2.51,1.49,0.0,0.0,0.0,0.4,0.0,-0.9,0.6000000000000001,0.9,-169.60000000000002,0.0,0.0,169.60000000000002,0.0,21.200000000000003,29.4,29.3,29.9,300.0,300.0,31.3,35.4,29.200000000000003,28.4,30.3,4.95,1.99,4.97,0.16,0.0,0.0,1027.0,8228.0,0.0,0.0,0.0,0.0,0.0,1.0,0.0,0.0,0.0,0.0,0.0,1.4,0.0,-0.7000000000000001,0.0,0.0,16.0,25903.0
2026-07-30T19:01:01.407Z,230.89,230.904,0.0,7.4,0.0,0.0,0.0,0.0,0.0,0.0,0.0,0.0,1.0,0.0,0.0,0.0,9.0,4.0,0.0,0.0,0.0,0.0,0.0,0.0,0.0,0.0,6.0,12.0,1.0,12.18,5.0200000000000005,2.51,1.49,0.0,0.0,0.0,0.4,0.0,0.8,0.0,-0.1,-169.60000000000002,0.0,0.0,169.70000000000002,0.0,21.200000000000003,29.4,29.3,29.9,300.0,300.0,31.3,35.4,29.200000000000003,28.4,30.3,4.96,1.98,4.97,0.16,0.0,0.0,1027.0,8228.0,0.0,0.0,0.0,0.0,0.0,1.0,0.0,0.0,0.0,0.0,0.0,0.0,0.0,0.1,0.0,0.0001,16.0,25903.0
2026-07-30T19:01:01.418Z,230.901,230.916,0.0,7.4,0.0,0.0,0.0,0.0,0.0,0.0,0.0,0.0,1.0,0.0,0.0,0.0,9.0,4.0,0.0,0.0,0.0,0.0,0.0,0.0,0.0,0.0,1.0,12.0,1.0,12.18,5.0200000000000005,2.51,1.49,0.0,0.0,0.0,0.4,0.0,0.2,0.6000000000000001,-0.1,-169.60000000000002,0.0,0.0,169.70000000000002,0.0,21.200000000000003,29.4,29.3,29.9,300.0,300.0,31.3,35.4,29.200000000000003,28.4,30.3,4.96,1.99,4.96,0.16,0.0,0.0,1027.0,8228.0,0.0,0.0,0.0,0.0,0.0,1.0,0.0,0.0,0.0,0.0,0.0,0.6000000000000001,0.0,0.2,0.0,0.0,16.0,25903.0
2026-07-30T19:01:01.430Z,230.913,230.928,0.0,7.4,0.0,0.0,0.0,0.0,0.0,0.0,0.0,0.0,1.0,0.0,0.0,0.0,9.0,4.0,0.0,0.0,0.0,0.0,0.0,0.0,0.0,0.0,2.0,12.0,1.0,12.17,5.01,2.51,1.49,0.0,0.1,0.0,0.4,0.0,0.2,1.8,0.4,-169.60000000000002,0.0,0.0,169.70000000000002,0.0,21.3,29.4,29.3,29.9,300.0,300.0,31.4,35.4,29.200000000000003,28.5,30.3,4.96,1.99,4.96,0.16,0.0,0.0,1027.0,8228.0,0.0,0.0,0.0,0.0,0.0,1.0,0.0,0.0,0.0,0.0,0.0,2.4000000000000004,0.0,0.0,0.0,0.0,16.0,25903.0
2026-07-30T19:01:01.443Z,230.926,230.94,0.0,7.4,0.0,0.0,0.0,0.0,0.0,0.0,0.0,0.0,1.0,0.0,0.0,0.0,9.0,4.0,0.0,0.0,0.0,0.0,0.0,0.0,0.0,0.0,3.0,12.0,1.0,12.17,5.01,2.51,1.49,0.0,0.0,0.0,0.4,0.0,-0.3,-1.0,-1.2000000000000002,-169.60000000000002,0.0,0.0,169.8,0.0,21.3,29.4,29.3,29.9,300.0,300.0,31.4,35.4,29.200000000000003,28.5,30.3,4.95,1.99,4.97,0.16,0.0,0.0,1027.0,8228.0,0.0,0.0,0.0,0.0,0.0,1.0,0.0,0.0,0.0,0.0,0.0,-2.1,0.0,0.9,0.0,0.0001,16.0,25903.0
2026-07-30T19:01:01.455Z,230.938,230.952,0.0,7.4,0.0,0.0,0.0,0.0,0.0,0.0,0.0,0.0,1.0,0.0,0.0,0.0,9.0,4.0,0.0,0.0,0.0,0.0,0.0,0.0,0.0,0.0,4.0,12.0,1.0,12.17,5.01,2.51,1.49,0.0,0.0,0.0,0.4,0.0,-0.8,-1.0,-0.6000000000000001,-169.60000000000002,0.0,0.0,169.8,0.0,21.3,29.4,29.3,29.9,300.0,300.0,31.4,35.4,29.200000000000003,28.5,30.3,4.95,2.0,4.96,0.16,0.0,0.0,1027.0,8228.0,0.0,0.0,0.0,0.0,0.0,1.0,0.0,0.0,0.0,0.0,0.0,-1.7000000000000002,0.0,0.3,0.0,0.0001,16.0,25903.0
2026-07-30T19:01:01.467Z,230.95,230.964,0.0,7.4,0.0,0.0,0.0,0.0,0.0,0.0,0.0,0.0,1.0,0.0,0.0,0.0,9.0,4.0,0.0,0.0,0.0,0.0,0.0,0.0,0.0,0.0,5.0,12.0,1.0,12.17,5.01,2.51,1.49,0.0,0.0,0.0,0.4,0.0,-0.3,0.0,-0.1,-169.60000000000002,0.0,0.0,169.8,0.0,21.3,29.4,29.3,29.9,300.0,300.0,31.4,35.4,29.200000000000003,28.5,30.3,4.95,1.99,4.97,0.16,0.0,0.0,1027.0,8228.0,0.0,0.0,0.0,0.0,0.0,1.0,0.0,0.0,0.0,0.0,0.0,0.0,0.0,0.1,0.0,0.0,16.0,25903.0
2026-07-30T19:01:01.479Z,230.962,230.976,0.0,7.4,0.0,0.0,0.0,0.0,0.0,0.0,0.0,0.0,1.0,0.0,0.0,0.0,9.0,4.0,0.0,0.0,0.0,0.0,0.0,0.0,0.0,0.0,6.0,12.0,1.0,12.17,5.01,2.51,1.49,0.0,0.0,0.0,0.4,0.0,0.8,0.6000000000000001,2.8000000000000003,-169.60000000000002,0.0,0.0,169.60000000000002,0.0,21.3,29.4,29.3,29.9,300.0,300.0,31.4,35.4,29.200000000000003,28.5,30.3,4.95,2.0,4.97,0.16,0.0,0.0,1027.0,8228.0,0.0,0.0,0.0,0.0,0.0,1.0,0.0,0.0,0.0,0.0,0.0,2.8000000000000003,0.0,-2.3000000000000003,0.0,0.0001,16.0,25903.0
2026-07-30T19:01:01.491Z,230.974,230.988,0.0,7.4,0.0,0.0,0.0,0.0,0.0,0.0,0.0,0.0,1.0,0.0,0.0,0.0,9.0,4.0,0.0,0.0,0.0,0.0,0.0,0.0,0.0,0.0,1.0,12.0,1.0,12.17,5.01,2.51,1.49,0.0,0.0,0.0,0.4,0.0,-0.2,0.6000000000000001,-0.7000000000000001,-169.60000000000002,0.0,0.0,169.70000000000002,0.0,21.3,29.4,29.3,29.9,300.0,300.0,31.4,35.4,29.200000000000003,28.5,30.3,4.96,2.0,4.96,0.16,0.0,0.0,1027.0,8228.0,0.0,0.0,0.0,0.0,0.0,1.0,0.0,0.0,0.0,0.0,0.0,0.2,0.0,0.7000000000000001,0.0,0.0002,16.0,25903.0
2026-07-30T19:01:01.503Z,230.986,231.0,0.0,7.4,0.0,0.0,0.0,0.0,0.0,0.0,0.0,0.0,1.0,0.0,0.0,0.0,9.0,4.0,0.0,0.0,0.0,0.0,0.0,0.0,0.0,0.0,3.0,12.0,1.0,12.17,5.01,2.51,1.49,0.0,0.0,0.0,0.4,0.0,0.8,0.0,2.2,-169.70000000000002,0.0,0.0,169.8,0.0,21.3,29.4,29.3,29.9,300.0,300.0,31.4,35.4,29.200000000000003,28.5,30.3,4.95,1.99,4.96,0.16,0.0,0.0,1027.0,8228.0,0.0,0.0,0.0,0.0,0.0,1.0,0.0,0.0,0.0,0.0,0.0,1.7000000000000002,0.0,-2.0,0.0,0.0,16.0,25903.0
2026-07-30T19:01:01.519Z,231.002,231.012,0.0,7.4,0.0,0.0,0.0,0.0,0.0,0.0,0.0,0.0,1.0,0.0,0.0,0.0,9.0,4.0,0.0,0.0,0.0,0.0,0.0,0.0,0.0,0.0,3.0,12.0,1.0,12.17,5.01,2.51,1.49,0.0,0.0,0.0,0.4,0.0,-0.3,1.2000000000000002,-0.6000000000000001,-169.70000000000002,0.0,0.0,169.70000000000002,0.0,21.3,29.4,29.3,29.9,300.0,300.0,31.4,35.4,29.200000000000003,28.5,30.3,4.95,1.99,4.97,0.16,0.0,0.0,1027.0,8228.0,0.0,0.0,0.0,0.0,0.0,1.0,0.0,0.0,0.0,0.0,0.0,0.8,0.0,0.8,0.0,0.0001,16.0,25903.0
2026-07-30T19:01:01.528Z,231.011,231.024,0.0,7.4,0.0,0.0,0.0,0.0,0.0,0.0,0.0,0.0,1.0,0.0,0.0,0.0,9.0,4.0,0.0,0.0,0.0,0.0,0.0,0.0,0.0,0.0,1.0,12.0,1.0,12.18,5.0200000000000005,2.51,1.49,0.0,0.0,0.0,0.4,0.0,-0.9,-0.5,0.5,-169.70000000000002,0.0,0.0,169.8,0.0,21.700000000000003,29.4,29.3,29.9,300.0,300.0,31.4,35.5,29.200000000000003,28.5,30.3,4.96,1.99,4.97,0.16,0.0,0.0,1027.0,8228.0,0.0,0.0,0.0,0.0,0.0,1.0,0.0,0.0,0.0,0.0,0.0,-0.2,0.0,-0.5,0.0,0.0,16.0,25903.0
2026-07-30T19:01:01.539Z,231.022,231.036,0.0,7.4,0.0,0.0,0.0,0.0,0.0,0.0,0.0,0.0,1.0,0.0,0.0,0.0,9.0,4.0,0.0,0.0,0.0,0.0,0.0,0.0,0.0,0.0,1.0,12.0,1.0,12.18,5.0200000000000005,2.51,1.49,0.0,0.0,0.0,0.4,0.0,-0.3,0.0,0.0,-169.70000000000002,0.0,0.0,169.70000000000002,0.0,21.700000000000003,29.4,29.3,29.9,300.0,300.0,31.4,35.5,29.200000000000003,28.5,30.3,4.96,1.99,4.96,0.16,0.0,0.0,1027.0,8228.0,0.0,0.0,0.0,0.0,0.0,1.0,0.0,0.0,0.0,0.0,0.0,0.0,0.0,0.0,0.0,0.0001,16.0,25903.0
2026-07-30T19:01:01.551Z,231.034,231.048,0.0,7.4,0.0,0.0,0.0,0.0,0.0,0.0,0.0,0.0,1.0,0.0,0.0,0.0,9.0,4.0,0.0,0.0,0.0,0.0,0.0,0.0,0.0,0.0,3.0,12.0,1.0,12.18,5.0200000000000005,2.51,1.49,0.0,0.0,0.0,0.4,0.0,0.2,-1.1,-1.2000000000000002,-169.70000000000002,0.0,0.0,169.70000000000002,0.0,21.700000000000003,29.4,29.3,29.9,300.0,300.0,31.4,35.5,29.200000000000003,28.5,30.3,4.95,1.99,4.97,0.16,0.0,0.0,1027.0,8228.0,0.0,0.0,0.0,0.0,0.0,1.0,0.0,0.0,0.0,0.0,0.0,-2.1,0.0,0.8,0.0,0.0001,16.0,25903.0
2026-07-30T19:01:01.563Z,231.046,231.06,0.0,7.4,0.0,0.0,0.0,0.0,0.0,0.0,0.0,0.0,1.0,0.0,0.0,0.0,9.0,4.0,0.0,0.0,0.0,0.0,0.0,0.0,0.0,0.0,4.0,12.0,1.0,12.18,5.0200000000000005,2.51,1.49,0.0,0.0,0.0,0.5,0.0,0.2,0.6000000000000001,1.1,-169.70000000000002,0.0,0.0,169.70000000000002,0.0,21.700000000000003,29.4,29.3,29.9,300.0,300.0,31.4,35.5,29.200000000000003,28.5,30.3,4.95,1.99,4.96,0.16,0.0,0.0,1027.0,8228.0,0.0,0.0,0.0,0.0,0.0,1.0,0.0,0.0,0.0,0.0,0.0,1.5,0.0,-0.8,0.0,0.0001,16.0,25903.0
2026-07-30T19:01:01.575Z,231.058,231.072,0.0,7.4,0.0,0.0,0.0,0.0,0.0,0.0,0.0,0.0,1.0,0.0,0.0,0.0,9.0,4.0,0.0,0.0,0.0,0.0,0.0,0.0,0.0,0.0,5.0,12.0,1.0,12.18,5.0200000000000005,2.51,1.49,0.0,0.0,0.0,0.4,0.0,0.3,1.2000000000000002,0.0,-169.70000000000002,0.0,0.0,169.70000000000002,0.0,21.700000000000003,29.4,29.3,29.9,300.0,300.0,31.4,35.5,29.200000000000003,28.5,30.3,4.96,2.0,4.96,0.16,0.0,0.0,1027.0,8228.0,0.0,0.0,0.0,0.0,0.0,1.0,0.0,0.0,0.0,0.0,0.0,1.4,0.0,0.2,0.0,0.0001,16.0,25903.0
2026-07-30T19:01:01.587Z,231.07,231.084,0.0,7.4,0.0,0.0,0.0,0.0,0.0,0.0,0.0,0.0,1.0,0.0,0.0,0.0,9.0,4.0,0.0,0.0,0.0,0.0,0.0,0.0,0.0,0.0,6.0,12.0,1.0,12.18,5.0200000000000005,2.51,1.49,0.0,0.1,0.0,0.4,0.0,-0.2,0.6000000000000001,1.1,-169.70000000000002,0.0,0.0,169.8,0.0,21.700000000000003,29.4,29.3,29.9,300.0,300.0,31.4,35.5,29.200000000000003,28.5,30.3,4.96,2.0,4.96,0.16,0.0,0.0,1027.0,8228.0,0.0,0.0,0.0,0.0,0.0,1.0,0.0,0.0,0.0,0.0,0.0,1.5,0.0,-0.8,0.0,0.0,16.0,25903.0
2026-07-30T19:01:01.599Z,231.082,231.096,0.0,7.4,0.0,0.0,0.0,0.0,0.0,0.0,0.0,0.0,1.0,0.0,0.0,0.0,9.0,4.0,0.0,0.0,0.0,0.0,0.0,0.0,0.0,0.0,1.0,12.0,1.0,12.18,5.0200000000000005,2.51,1.49,0.0,0.0,0.0,0.4,0.0,0.3,-0.5,1.1,-169.70000000000002,0.0,0.0,169.70000000000002,0.0,21.700000000000003,29.4,29.3,29.9,300.0,300.0,31.4,35.5,29.200000000000003,28.5,30.3,4.96,1.99,4.97,0.16,0.0,0.0,1027.0,8228.0,0.0,0.0,0.0,0.0,0.0,1.0,0.0,0.0,0.0,0.0,0.0,0.2,0.0,-1.1,0.0,0.0001,16.0,25903.0
2026-07-30T19:01:01.611Z,231.094,231.108,0.0,7.4,0.0,0.0,0.0,0.0,0.0,0.0,0.0,0.0,1.0,0.0,0.0,0.0,9.0,4.0,0.0,0.0,0.0,0.0,0.0,0.0,0.0,0.0,2.0,12.0,1.0,12.18,5.0200000000000005,2.51,1.49,-0.1,0.0,0.0,0.4,0.0,0.3,0.0,1.1,-169.70000000000002,0.0,0.0,169.8,0.0,21.700000000000003,29.4,29.3,29.9,300.0,300.0,31.4,35.5,29.200000000000003,28.5,30.3,4.96,1.99,4.96,0.16,0.0,0.0,1027.0,8228.0,0.0,0.0,0.0,0.0,0.0,1.0,0.0,0.0,0.0,0.0,0.0,0.9,0.0,-1.0,0.0,0.0,16.0,25903.0
2026-07-30T19:01:01.623Z,231.106,231.12,0.0,7.4,0.0,0.0,0.0,0.0,0.0,0.0,0.0,0.0,1.0,0.0,0.0,0.0,9.0,4.0,0.0,0.0,0.0,0.0,0.0,0.0,0.0,0.0,3.0,12.0,1.0,12.18,5.0200000000000005,2.51,1.49,0.0,0.0,0.0,0.5,0.0,0.9,0.0,0.0,-169.70000000000002,0.0,0.0,169.60000000000002,0.0,21.700000000000003,29.4,29.3,29.9,300.0,300.0,31.4,35.5,29.200000000000003,28.5,30.3,4.96,1.99,4.96,0.16,0.0,0.0,1027.0,8228.0,0.0,0.0,0.0,0.0,0.0,1.0,0.0,0.0,0.0,0.0,0.0,0.1,0.0,0.0,0.0,0.0002,16.0,25903.0
2026-07-30T19:01:01.635Z,231.118,231.132,0.0,7.4,0.0,0.0,0.0,0.0,0.0,0.0,0.0,0.0,1.0,0.0,0.0,0.0,9.0,4.0,0.0,0.0,0.0,0.0,0.0,0.0,0.0,0.0,5.0,12.0,1.0,12.14,5.0200000000000005,2.5,1.49,0.0,0.0,0.0,0.4,0.0,0.3,0.6000000000000001,0.0,-169.70000000000002,0.0,0.0,169.8,0.0,21.4,29.4,29.3,29.9,300.0,300.0,31.4,35.5,29.200000000000003,28.4,30.3,4.95,1.99,4.97,0.16,0.0,0.0,1027.0,8228.0,0.0,0.0,0.0,0.0,0.0,1.0,0.0,0.0,0.0,0.0,0.0,0.7000000000000001,0.0,0.1,0.0,0.0002,16.0,25903.0
2026-07-30T19:01:01.647Z,231.13,231.144,0.0,7.4,0.0,0.0,0.0,0.0,0.0,0.0,0.0,0.0,1.0,0.0,0.0,0.0,9.0,4.0,0.0,0.0,0.0,0.0,0.0,0.0,0.0,0.0,6.0,12.0,1.0,12.14,5.0200000000000005,2.5,1.49,0.0,0.0,0.0,0.4,0.0,0.3,-0.4,-0.5,-169.70000000000002,0.0,0.0,169.8,0.0,21.4,29.4,29.3,29.9,300.0,300.0,31.4,35.5,29.200000000000003,28.4,30.3,4.96,2.0,4.96,0.16,0.0,0.0,1027.0,8228.0,0.0,0.0,0.0,0.0,0.0,1.0,0.0,0.0,0.0,0.0,0.0,-0.9,0.0,0.4,0.0,0.0002,16.0,25903.0
2026-07-30T19:01:01.659Z,231.142,231.156,0.0,7.4,0.0,0.0,0.0,0.0,0.0,0.0,0.0,0.0,1.0,0.0,0.0,0.0,9.0,4.0,0.0,0.0,0.0,0.0,0.0,0.0,0.0,0.0,6.0,12.0,1.0,12.14,5.0200000000000005,2.5,1.49,0.0,0.0,0.0,0.4,0.0,0.9,1.2000000000000002,0.5,-169.70000000000002,0.0,0.0,169.8,0.0,21.4,29.4,29.3,29.9,300.0,300.0,31.4,35.5,29.200000000000003,28.4,30.3,4.96,2.0,4.96,0.16,0.0,0.0,1027.0,8228.0,0.0,0.0,0.0,0.0,0.0,1.0,0.0,0.0,0.0,0.0,0.0,1.9,0.0,-0.2,0.0,0.0,16.0,25903.0
2026-07-30T19:01:01.671Z,231.154,231.168,0.0,7.4,0.0,0.0,0.0,0.0,0.0,0.0,0.0,0.0,1.0,0.0,0.0,0.0,9.0,4.0,0.0,0.0,0.0,0.0,0.0,0.0,0.0,0.0,1.0,12.0,1.0,12.14,5.0200000000000005,2.5,1.49,0.0,0.0,0.0,0.4,0.0,-0.2,-0.4,-0.5,-169.70000000000002,0.0,0.0,169.70000000000002,0.0,21.4,29.4,29.3,29.9,300.0,300.0,31.4,35.5,29.200000000000003,28.4,30.3,4.95,1.99,4.96,0.16,0.0,0.0,1027.0,8228.0,0.0,0.0,0.0,0.0,0.0,1.0,0.0,0.0,0.0,0.0,0.0,-0.9,0.0,0.4,0.0,0.0,16.0,25903.0
2026-07-30T19:01:01.683Z,231.166,231.18,0.0,7.4,0.0,0.0,0.0,0.0,0.0,0.0,0.0,0.0,1.0,0.0,0.0,0.0,9.0,4.0,0.0,0.0,0.0,0.0,0.0,0.0,0.0,0.0,3.0,12.0,1.0,12.14,5.0200000000000005,2.5,1.49,0.0,0.0,0.0,0.4,0.0,0.3,-0.4,0.0,-169.70000000000002,0.0,0.0,169.8,0.0,21.4,29.4,29.3,29.9,300.0,300.0,31.4,35.5,29.200000000000003,28.4,30.3,4.95,1.99,4.97,0.16,0.0,0.0,1027.0,8228.0,0.0,0.0,0.0,0.0,0.0,1.0,0.0,0.0,0.0,0.0,0.0,-0.4,0.0,0.0,0.0,0.0001,16.0,25903.0
2026-07-30T19:01:01.695Z,231.178,231.192,0.0,7.4,0.0,0.0,0.0,0.0,0.0,0.0,0.0,0.0,1.0,0.0,0.0,0.0,9.0,4.0,0.0,0.0,0.0,0.0,0.0,0.0,0.0,0.0,4.0,12.0,1.0,12.14,5.0200000000000005,2.5,1.49,0.0,0.0,0.0,0.4,0.0,0.9,-0.4,0.6000000000000001,-169.70000000000002,0.0,0.0,169.60000000000002,0.0,21.4,29.4,29.3,29.9,300.0,300.0,31.4,35.5,29.200000000000003,28.4,30.3,4.96,1.99,4.96,0.16,0.0,0.0,1027.0,8228.0,0.0,0.0,0.0,0.0,0.0,1.0,0.0,0.0,0.0,0.0,0.0,0.0,0.0,-0.6000000000000001,0.0,0.0,16.0,25903.0
2026-07-30T19:01:01.707Z,231.19,231.204,0.0,7.4,0.0,0.0,0.0,0.0,0.0,0.0,0.0,0.0,1.0,0.0,0.0,0.0,9.0,4.0,0.0,0.0,0.0,0.0,0.0,0.0,0.0,0.0,4.0,12.0,1.0,12.14,5.0200000000000005,2.5,1.49,0.0,0.1,0.0,0.4,0.0,0.4,0.1,0.6000000000000001,-169.70000000000002,0.0,0.0,169.60000000000002,0.0,21.4,29.4,29.3,29.9,300.0,300.0,31.4,35.5,29.200000000000003,28.4,30.3,4.96,1.99,4.96,0.16,0.0,0.0,1027.0,8228.0,0.0,0.0,0.0,0.0,0.0,1.0,0.0,0.0,0.0,0.0,0.0,0.6000000000000001,0.0,-0.5,0.0,0.0002,16.0,25903.0
2026-07-30T19:01:01.719Z,231.202,231.216,0.0,7.4,0.0,0.0,0.0,0.0,0.0,0.0,0.0,0.0,1.0,0.0,0.0,0.0,9.0,4.0,0.0,0.0,0.0,0.0,0.0,0.0,0.0,0.0,5.0,12.0,1.0,12.14,5.0200000000000005,2.5,1.49,0.0,0.0,0.0,0.4,0.0,-0.8,0.1,-0.6000000000000001,-169.70000000000002,0.0,0.0,169.8,0.0,21.4,29.4,29.3,29.9,300.0,300.0,31.4,35.5,29.200000000000003,28.4,30.3,4.95,1.99,4.96,0.16,0.0,0.0,1027.0,8228.0,0.0,0.0,0.0,0.0,0.0,1.0,0.0,0.0,0.0,0.0,0.0,-0.2,0.0,0.5,0.0,0.0001,16.0,25903.0
2026-07-30T19:01:01.732Z,231.215,231.228,0.0,7.4,0.0,0.0,0.0,0.0,0.0,0.0,0.0,0.0,1.0,0.0,0.0,0.0,9.0,4.0,0.0,0.0,0.0,0.0,0.0,0.0,0.0,0.0,1.0,12.0,1.0,12.18,5.01,2.5,1.49,0.0,0.0,0.0,0.4,0.0,0.3,0.1,0.0,-169.70000000000002,0.0,0.0,169.8,0.0,21.200000000000003,29.4,29.3,29.9,300.0,300.0,31.5,35.4,29.200000000000003,28.4,30.3,4.95,1.99,4.96,0.16,0.0,0.0,1027.0,8228.0,0.0,0.0,0.0,0.0,0.0,1.0,0.0,0.0,0.0,0.0,0.0,0.1,0.0,0.0,0.0,0.0001,16.0,25903.0
2026-07-30T19:01:01.743Z,231.226,231.24,0.0,7.4,0.0,0.0,0.0,0.0,0.0,0.0,0.0,0.0,1.0,0.0,0.0,0.0,9.0,4.0,0.0,0.0,0.0,0.0,0.0,0.0,0.0,0.0,2.0,12.0,1.0,12.18,5.01,2.5,1.49,0.0,0.0,0.0,0.4,0.0,-0.2,-1.0,-0.6000000000000001,-169.70000000000002,0.0,0.0,169.70000000000002,0.0,21.200000000000003,29.4,29.3,29.9,300.0,300.0,31.5,35.4,29.200000000000003,28.4,30.3,4.95,2.0,4.96,0.16,0.0,0.0,1027.0,8228.0,0.0,0.0,0.0,0.0,0.0,1.0,0.0,0.0,0.0,0.0,0.0,-1.6,0.0,0.3,0.0,0.0,16.0,25903.0
2026-07-30T19:01:01.755Z,231.238,231.252,0.0,7.4,0.0,0.0,0.0,0.0,0.0,0.0,0.0,0.0,1.0,0.0,0.0,0.0,9.0,4.0,0.0,0.0,0.0,0.0,0.0,0.0,0.0,0.0,3.0,12.0,1.0,12.18,5.01,2.5,1.49,0.0,0.1,0.0,0.5,0.0,0.4,0.1,1.7000000000000002,-169.70000000000002,0.0,0.0,169.70000000000002,0.0,21.200000000000003,29.4,29.3,29.9,300.0,300.0,31.5,35.4,29.200000000000003,28.4,30.3,4.95,1.99,4.97,0.16,0.0,0.0,1027.0,8228.0,0.0,0.0,0.0,0.0,0.0,1.0,0.0,0.0,0.0,0.0,0.0,1.5,0.0,-1.5,0.0,0.0,16.0,25903.0
2026-07-30T19:01:01.767Z,231.25,231.264,0.0,7.4,0.0,0.0,0.0,0.0,0.0,0.0,0.0,0.0,1.0,0.0,0.0,0.0,9.0,4.0,0.0,0.0,0.0,0.0,0.0,0.0,0.0,0.0,4.0,12.0,1.0,12.18,5.01,2.5,1.49,0.0,0.0,0.0,0.5,0.0,-0.1,0.7000000000000001,-0.6000000000000001,-169.70000000000002,0.0,0.0,169.70000000000002,0.0,21.200000000000003,29.4,29.3,29.9,300.0,300.0,31.5,35.4,29.200000000000003,28.4,30.3,4.95,1.99,4.97,0.16,0.0,0.0,1027.0,8228.0,0.0,0.0,0.0,0.0,0.0,1.0,0.0,0.0,0.0,0.0,0.0,0.4,0.0,0.7000000000000001,0.0,0.0001,16.0,25903.0
2026-07-30T19:01:01.779Z,231.262,231.276,0.0,7.4,0.0,0.0,0.0,0.0,0.0,0.0,0.0,0.0,1.0,0.0,0.0,0.0,9.0,4.0,0.0,0.0,0.0,0.0,0.0,0.0,0.0,0.0,5.0,12.0,1.0,12.18,5.01,2.5,1.49,0.0,0.0,0.0,0.4,0.0,-0.1,-0.9,0.4,-169.70000000000002,0.0,0.0,169.60000000000002,0.0,21.200000000000003,29.4,29.3,29.9,300.0,300.0,31.5,35.4,29.200000000000003,28.4,30.3,4.96,1.99,4.96,0.16,0.0,0.0,1027.0,8228.0,0.0,0.0,0.0,0.0,0.0,1.0,0.0,0.0,0.0,0.0,0.0,-0.7000000000000001,0.0,-0.6000000000000001,0.0,0.0001,16.0,25903.0
2026-07-30T19:01:01.791Z,231.274,231.288,0.0,7.4,0.0,0.0,0.0,0.0,0.0,0.0,0.0,0.0,1.0,0.0,0.0,0.0,9.0,4.0,0.0,0.0,0.0,0.0,0.0,0.0,0.0,0.0,6.0,12.0,1.0,12.18,5.01,2.5,1.49,0.0,0.0,0.0,0.4,0.0,0.3,-0.9,-0.6000000000000001,-169.70000000000002,0.0,0.0,169.70000000000002,0.0,21.200000000000003,29.4,29.3,29.9,300.0,300.0,31.5,35.4,29.200000000000003,28.4,30.3,4.95,1.99,4.96,0.16,0.0,0.0,1027.0,8228.0,0.0,0.0,0.0,0.0,0.0,1.0,0.0,0.0,0.0,0.0,0.0,-1.6,0.0,0.3,0.0,0.0001,16.0,25903.0
2026-07-30T19:01:01.803Z,231.286,231.3,0.0,7.4,0.0,0.0,0.0,0.0,0.0,0.0,0.0,0.0,1.0,0.0,0.0,0.0,9.0,4.0,0.0,0.0,0.0,0.0,0.0,0.0,0.0,0.0,1.0,12.0,1.0,12.18,5.01,2.5,1.49,0.0,0.0,0.0,0.4,0.0,-0.2,0.1,-0.6000000000000001,-169.70000000000002,0.0,0.0,169.70000000000002,0.0,21.200000000000003,29.4,29.3,29.9,300.0,300.0,31.5,35.4,29.200000000000003,28.4,30.3,4.95,2.0,4.96,0.16,0.0,0.0,1027.0,8228.0,0.0,0.0,0.0,0.0,0.0,1.0,0.0,0.0,0.0,0.0,0.0,-0.3,0.0,0.6000000000000001,0.0,0.0001,16.0,25903.0
2026-07-30T19:01:01.815Z,231.298,231.312,0.0,7.4,0.0,0.0,0.0,0.0,0.0,0.0,0.0,0.0,1.0,0.0,0.0,0.0,9.0,4.0,0.0,0.0,0.0,0.0,0.0,0.0,0.0,0.0,2.0,12.0,1.0,12.18,5.01,2.5,1.49,0.0,0.0,0.0,0.4,0.0,-0.2,0.1,-0.7000000000000001,-169.70000000000002,0.0,0.0,169.60000000000002,0.0,21.200000000000003,29.4,29.3,29.9,300.0,300.0,31.5,35.4,29.200000000000003,28.4,30.3,4.96,1.99,4.96,0.16,0.0,0.0,1027.0,8228.0,0.0,0.0,0.0,0.0,0.0,1.0,0.0,0.0,0.0,0.0,0.0,-0.3,0.0,0.6000000000000001,0.0,0.0001,16.0,25903.0
2026-07-30T19:01:01.834Z,231.317,231.324,0.0,7.4,0.0,0.0,0.0,0.0,0.0,0.0,0.0,0.0,1.0,0.0,0.0,0.0,9.0,4.0,0.0,0.0,0.0,0.0,0.0,0.0,0.0,0.0,3.0,12.0,1.0,12.18,5.01,2.5,1.49,0.0,0.0,0.0,0.5,0.0,0.3,-0.4,1.0,-169.70000000000002,0.0,0.0,169.70000000000002,0.0,21.200000000000003,29.4,29.3,29.9,300.0,300.0,31.5,35.4,29.200000000000003,28.4,30.3,4.95,1.99,4.96,0.16,0.0,0.0,1027.0,8228.0,0.0,0.0,0.0,0.0,0.0,1.0,0.0,0.0,0.0,0.0,0.0,0.2,0.0,-1.0,0.0,0.0,16.0,25903.0
2026-07-30T19:01:01.839Z,231.322,231.336,0.0,7.4,0.0,0.0,0.0,0.0,0.0,0.0,0.0,0.0,1.0,0.0,0.0,0.0,9.0,4.0,0.0,0.0,0.0,0.0,0.0,0.0,0.0,0.0,6.0,12.0,1.0,12.17,5.01,2.51,1.49,0.0,0.1,0.0,0.4,0.0,0.3,-1.0,1.0,-169.70000000000002,0.0,0.0,169.8,0.0,21.3,29.4,29.3,29.9,300.0,300.0,31.5,35.4,29.200000000000003,28.4,30.3,4.95,1.99,4.97,0.16,0.0,0.0,1027.0,8228.0,0.0,0.0,0.0,0.0,0.0,1.0,0.0,0.0,0.0,0.0,0.0,-0.4,0.0,-1.1,0.0,0.0001,16.0,25903.0
2026-07-30T19:01:01.851Z,231.334,231.348,0.0,7.4,0.0,0.0,0.0,0.0,0.0,0.0,0.0,0.0,1.0,0.0,0.0,0.0,9.0,4.0,0.0,0.0,0.0,0.0,0.0,0.0,0.0,0.0,6.0,12.0,1.0,12.17,5.01,2.51,1.49,0.0,0.0,0.0,0.4,0.0,-0.3,0.1,0.4,-169.70000000000002,0.0,0.0,169.8,0.0,21.3,29.4,29.3,29.9,300.0,300.0,31.5,35.4,29.200000000000003,28.4,30.3,4.95,1.99,4.96,0.16,0.0,0.0,1027.0,8228.0,0.0,0.0,0.0,0.0,0.0,1.0,0.0,0.0,0.0,0.0,0.0,2.5,0.0,0.0,0.0,0.0001,16.0,25903.0
2026-07-30T19:01:01.862Z,231.345,231.36,0.0,7.4,0.0,0.0,0.0,0.0,0.0,0.0,0.0,0.0,1.0,0.0,0.0,0.0,9.0,4.0,0.0,0.0,0.0,0.0,0.0,0.0,0.0,0.0,1.0,12.0,1.0,12.17,5.01,2.51,1.49,0.0,0.0,0.0,0.4,0.0,0.2,1.3,-0.1,-169.70000000000002,0.0,0.0,169.8,0.0,21.3,29.4,29.3,29.9,300.0,300.0,31.5,35.4,29.200000000000003,28.4,30.3,4.96,1.98,4.96,0.16,0.0,0.0,1027.0,8228.0,0.0,0.0,0.0,0.0,0.0,1.0,0.0,0.0,0.0,0.0,0.0,-0.3,0.0,0.6000000000000001,0.0,0.0001,16.0,25903.0
2026-07-30T19:01:01.875Z,231.358,231.372,0.0,7.4,0.0,0.0,0.0,0.0,0.0,0.0,0.0,0.0,1.0,0.0,0.0,0.0,9.0,4.0,0.0,0.0,0.0,0.0,0.0,0.0,0.0,0.0,2.0,12.0,1.0,12.17,5.01,2.51,1.49,0.0,0.0,0.0,0.5,0.0,-0.3,0.1,1.0,-169.70000000000002,0.0,0.0,169.8,0.0,21.3,29.4,29.3,29.9,300.0,300.0,31.5,35.4,29.200000000000003,28.4,30.3,4.95,1.98,4.96,0.16,0.0,0.0,1027.0,8228.0,0.0,0.0,0.0,0.0,0.0,1.0,0.0,0.0,0.0,0.0,0.0,-0.5,0.0,0.0,0.0,0.0001,16.0,25903.0
2026-07-30T19:01:01.887Z,231.37,231.384,0.0,7.4,0.0,0.0,0.0,0.0,0.0,0.0,0.0,0.0,1.0,0.0,0.0,0.0,9.0,4.0,0.0,0.0,0.0,0.0,0.0,0.0,0.0,0.0,4.0,12.0,1.0,12.17,5.01,2.51,1.49,-0.1,0.1,0.0,0.4,0.0,-0.3,-0.4,-1.2000000000000002,-169.70000000000002,0.0,0.0,169.8,0.0,21.3,29.4,29.3,29.9,300.0,300.0,31.5,35.4,29.200000000000003,28.4,30.3,4.96,1.99,4.96,0.16,0.0,0.0,1027.0,8228.0,0.0,0.0,0.0,0.0,0.0,1.0,0.0,0.0,0.0,0.0,0.0,-1.4,0.0,1.0,0.0,0.0,16.0,25903.0
2026-07-30T19:01:01.898Z,231.381,231.396,0.0,7.4,0.0,0.0,0.0,0.0,0.0,0.0,0.0,0.0,1.0,0.0,0.0,0.0,9.0,4.0,0.0,0.0,0.0,0.0,0.0,0.0,0.0,0.0,5.0,12.0,1.0,12.17,5.01,2.51,1.49,0.0,0.0,0.0,0.5,0.0,0.2,0.7000000000000001,0.0,-169.70000000000002,0.0,0.0,169.70000000000002,0.0,21.3,29.4,29.3,29.9,300.0,300.0,31.5,35.4,29.200000000000003,28.4,30.3,4.96,2.0,4.97,0.16,0.0,0.0,1027.0,8228.0,0.0,0.0,0.0,0.0,0.0,1.0,0.0,0.0,0.0,0.0,0.0,0.7000000000000001,0.0,0.2,0.0,0.0,16.0,25903.0
2026-07-30T19:01:01.911Z,231.394,231.408,0.0,7.4,0.0,0.0,0.0,0.0,0.0,0.0,0.0,0.0,1.0,0.0,0.0,0.0,9.0,4.0,0.0,0.0,0.0,0.0,0.0,0.0,0.0,0.0,6.0,12.0,1.0,12.17,5.01,2.51,1.49,0.0,0.0,0.0,0.4,0.0,-0.8,0.1,1.1,-169.70000000000002,0.0,0.0,169.60000000000002,0.0,21.3,29.4,29.3,29.9,300.0,300.0,31.5,35.4,29.200000000000003,28.4,30.3,4.95,1.99,4.97,0.16,0.0,0.0,1027.0,8228.0,0.0,0.0,0.0,0.0,0.0,1.0,0.0,0.0,0.0,0.0,0.0,0.9,0.0,-0.9,0.0,0.0001,16.0,25903.0
2026-07-30T19:01:01.923Z,231.406,231.42,0.0,7.4,0.0,0.0,0.0,0.0,0.0,0.0,0.0,0.0,1.0,0.0,0.0,0.0,9.0,4.0,0.0,0.0,0.0,0.0,0.0,0.0,0.0,0.0,2.0,12.0,1.0,12.17,5.01,2.51,1.49,0.0,0.0,0.0,0.4,0.0,0.3,-0.4,-1.7000000000000002,-169.70000000000002,0.0,0.0,169.8,0.0,21.3,29.4,29.3,29.9,300.0,300.0,31.5,35.4,29.200000000000003,28.4,30.3,4.96,1.99,4.96,0.16,0.0,0.0,1027.0,8228.0,0.0,0.0,0.0,0.0,0.0,1.0,0.0,0.0,0.0,0.0,0.0,-1.8,0.0,1.4,0.0,0.0002,16.0,25903.0
2026-07-30T19:01:01.937Z,231.42,231.432,0.0,7.4,0.0,0.0,0.0,0.0,0.0,0.0,0.0,0.0,1.0,0.0,0.0,0.0,9.0,4.0,0.0,0.0,0.0,0.0,0.0,0.0,0.0,0.0,3.0,12.0,1.0,12.18,5.0200000000000005,2.5,1.49,0.0,0.0,0.0,0.5,0.0,0.8,-1.6,0.5,-169.70000000000002,0.0,0.0,169.70000000000002,0.0,21.0,29.4,29.3,29.9,300.0,300.0,31.5,35.4,29.200000000000003,28.4,30.3,4.96,1.99,4.96,0.16,0.0,0.0,1027.0,8228.0,0.0,0.0,0.0,0.0,0.0,1.0,0.0,0.0,0.0,0.0,0.0,-1.5,0.0,-0.8,0.0,0.0001,16.0,25903.0
2026-07-30T19:01:01.947Z,231.43,231.444,0.0,7.4,0.0,0.0,0.0,0.0,0.0,0.0,0.0,0.0,1.0,0.0,0.0,0.0,9.0,4.0,0.0,0.0,0.0,0.0,0.0,0.0,0.0,0.0,4.0,12.0,1.0,12.18,5.0200000000000005,2.5,1.49,0.0,0.0,0.0,0.4,0.0,-0.2,0.0,0.0,-169.70000000000002,0.0,0.0,169.8,0.0,21.0,29.4,29.3,29.9,300.0,300.0,31.5,35.4,29.200000000000003,28.4,30.3,4.96,1.99,4.97,0.16,0.0,0.0,1027.0,8228.0,0.0,0.0,0.0,0.0,0.0,1.0,0.0,0.0,0.0,0.0,0.0,0.0,0.0,0.0,0.0,0.0001,16.0,25903.0
2026-07-30T19:01:01.959Z,231.442,231.456,0.0,7.4,0.0,0.0,0.0,0.0,0.0,0.0,0.0,0.0,1.0,0.0,0.0,0.0,9.0,4.0,0.0,0.0,0.0,0.0,0.0,0.0,0.0,0.0,5.0,12.0,1.0,12.18,5.0200000000000005,2.5,1.49,0.0,0.0,0.0,0.5,0.0,-0.2,0.6000000000000001,-1.2000000000000002,-169.70000000000002,0.0,0.0,169.8,0.0,21.0,29.4,29.3,29.9,300.0,300.0,31.5,35.4,29.200000000000003,28.4,30.3,4.95,1.99,4.97,0.16,0.0,0.0,1027.0,8228.0,0.0,0.0,0.0,0.0,0.0,1.0,0.0,0.0,0.0,0.0,0.0,-0.1,0.0,1.2000000000000002,0.0,0.0002,16.0,25903.0
2026-07-30T19:01:01.971Z,231.454,231.468,0.0,7.4,0.0,0.0,0.0,0.0,0.0,0.0,0.0,0.0,1.0,0.0,0.0,0.0,9.0,4.0,0.0,0.0,0.0,0.0,0.0,0.0,0.0,0.0,6.0,12.0,1.0,12.18,5.0200000000000005,2.5,1.49,0.0,0.0,0.0,0.4,0.0,-0.2,0.7000000000000001,1.7000000000000002,-169.70000000000002,0.0,0.0,169.8,0.0,21.0,29.4,29.3,29.9,300.0,300.0,31.5,35.4,29.200000000000003,28.4,30.3,4.96,1.99,4.97,0.16,0.0,0.0,1027.0,8228.0,0.0,0.0,0.0,0.0,0.0,1.0,0.0,0.0,0.0,0.0,0.0,2.0,0.0,-1.3,0.0,0.0001,16.0,25903.0
2026-07-30T19:01:01.983Z,231.466,231.48,0.0,7.4,0.0,0.0,0.0,0.0,0.0,0.0,0.0,0.0,1.0,0.0,0.0,0.0,9.0,4.0,0.0,0.0,0.0,0.0,0.0,0.0,0.0,0.0,1.0,12.0,1.0,12.18,5.0200000000000005,2.5,1.49,0.0,0.1,0.0,0.4,0.0,-0.3,-0.4,-0.6000000000000001,-169.70000000000002,0.0,0.0,169.70000000000002,0.0,21.0,29.4,29.3,29.9,300.0,300.0,31.5,35.4,29.200000000000003,28.4,30.3,4.96,1.99,4.96,0.16,0.0,0.0,1027.0,8228.0,0.0,0.0,0.0,0.0,0.0,1.0,0.0,0.0,0.0,0.0,0.0,-1.0,0.0,0.4,0.0,0.0,16.0,25903.0
2026-07-30T19:01:01.995Z,231.478,231.492,0.0,7.4,0.0,0.0,0.0,0.0,0.0,0.0,0.0,0.0,1.0,0.0,0.0,0.0,9.0,4.0,0.0,0.0,0.0,0.0,0.0,0.0,0.0,0.0,2.0,12.0,1.0,12.18,5.0200000000000005,2.5,1.49,0.0,0.0,0.0,0.5,0.0,-0.2,-1.0,-1.1,-169.70000000000002,0.0,0.0,169.70000000000002,0.0,21.0,29.4,29.3,29.9,300.0,300.0,31.5,35.4,29.200000000000003,28.4,30.3,4.96,1.99,4.97,0.16,0.0,0.0,1027.0,8228.0,0.0,0.0,0.0,0.0,0.0,1.0,0.0,0.0,0.0,0.0,0.0,-2.0,0.0,0.8,0.0,0.0,16.0,25903.0
2026-07-30T19:01:02.007Z,231.49,231.504,0.0,7.4,0.0,0.0,0.0,0.0,0.0,0.0,0.0,0.0,1.0,0.0,0.0,0.0,9.0,4.0,0.0,0.0,0.0,0.0,0.0,0.0,0.0,0.0,3.0,12.0,1.0,12.18,5.0200000000000005,2.5,1.49,0.0,0.0,0.0,0.4,0.0,-0.8,1.8,1.1,-169.70000000000002,0.0,0.0,169.8,0.0,21.0,29.4,29.3,29.9,300.0,300.0,31.5,35.4,29.200000000000003,28.4,30.3,4.95,2.0,4.97,0.16,0.0,0.0,1027.0,8228.0,0.0,0.0,0.0,0.0,0.0,1.0,0.0,0.0,0.0,0.0,0.0,2.9000000000000004,0.0,-0.5,0.0,0.0001,16.0,25903.0
2026-07-30T19:01:02.019Z,231.502,231.516,0.0,7.4,0.0,0.0,0.0,0.0,0.0,0.0,0.0,0.0,1.0,0.0,0.0,0.0,9.0,4.0,0.0,0.0,0.0,0.0,0.0,0.0,0.0,0.0,3.0,12.0,1.0,12.18,5.0200000000000005,2.5,1.49,0.0,0.0,0.0,0.4,0.0,-0.2,0.6000000000000001,0.0,-169.70000000000002,0.0,0.0,169.8,0.0,21.0,29.4,29.3,29.9,300.0,300.0,31.5,35.4,29.200000000000003,28.4,30.3,4.95,2.0,4.96,0.16,0.0,0.0,1027.0,8228.0,0.0,0.0,0.0,0.0,0.0,1.0,0.0,0.0,0.0,0.0,0.0,0.7000000000000001,0.0,0.2,0.0,0.0001,16.0,25903.0
2026-07-30T19:01:02.031Z,231.514,231.528,0.0,7.4,0.0,0.0,0.0,0.0,0.0,0.0,0.0,0.0,1.0,0.0,0.0,0.0,9.0,4.0,0.0,0.0,0.0,0.0,0.0,0.0,0.0,0.0,4.0,12.0,1.0,12.18,5.0200000000000005,2.5,1.49,0.0,0.0,0.0,0.4,0.0,0.2,-0.4,0.0,-169.70000000000002,0.0,0.0,169.8,0.0,21.0,29.4,29.3,29.9,300.0,300.0,31.5,35.4,29.200000000000003,28.4,30.3,4.95,1.99,4.97,0.16,0.0,0.0,1027.0,8228.0,0.0,0.0,0.0,0.0,0.0,1.0,0.0,0.0,0.0,0.0,0.0,-0.5,0.0,0.0,0.0,0.0001,16.0,25903.0
2026-07-30T19:01:02.043Z,231.526,231.54,0.0,7.4,0.0,0.0,0.0,0.0,0.0,0.0,0.0,0.0,1.0,0.0,0.0,0.0,9.0,4.0,0.0,0.0,0.0,0.0,0.0,0.0,0.0,0.0,6.0,12.0,1.0,12.17,5.0200000000000005,2.51,1.5,0.0,0.0,0.0,0.4,0.0,0.2,0.6000000000000001,-1.2000000000000002,-169.70000000000002,0.0,0.0,169.8,0.0,21.4,29.3,29.3,29.9,300.0,300.0,31.4,35.5,29.200000000000003,28.4,30.3,4.95,2.0,4.96,0.16,0.0,0.0,1027.0,8228.0,0.0,0.0,0.0,0.0,0.0,1.0,0.0,0.0,0.0,0.0,0.0,-0.1,0.0,1.2000000000000002,0.0,0.0001,16.0,25903.0
2026-07-30T19:01:02.055Z,231.538,231.552,0.0,7.4,0.0,0.0,0.0,0.0,0.0,0.0,0.0,0.0,1.0,0.0,0.0,0.0,9.0,4.0,0.0,0.0,0.0,0.0,0.0,0.0,0.0,0.0,6.0,12.0,1.0,12.17,5.0200000000000005,2.51,1.5,0.0,0.0,0.0,0.4,0.0,-0.2,1.2000000000000002,1.1,-169.70000000000002,0.0,0.0,169.8,0.0,21.4,29.3,29.3,29.9,300.0,300.0,31.4,35.5,29.200000000000003,28.4,30.3,4.96,2.0,4.96,0.16,0.0,0.0,1027.0,8228.0,0.0,0.0,0.0,0.0,0.0,1.0,0.0,0.0,0.0,0.0,0.0,2.2,0.0,-0.7000000000000001,0.0,0.0,16.0,25903.0
2026-07-30T19:01:02.067Z,231.55,231.564,0.0,7.4,0.0,0.0,0.0,0.0,0.0,0.0,0.0,0.0,1.0,0.0,0.0,0.0,9.0,4.0,0.0,0.0,0.0,0.0,0.0,0.0,0.0,0.0,2.0,12.0,1.0,12.17,5.0200000000000005,2.51,1.5,0.0,0.0,0.0,0.4,0.0,0.3,0.6000000000000001,0.0,-169.70000000000002,0.0,0.0,169.8,0.0,21.4,29.3,29.3,29.9,300.0,300.0,31.4,35.5,29.200000000000003,28.4,30.3,4.95,2.0,4.96,0.16,0.0,0.0,1027.0,8228.0,0.0,0.0,0.0,0.0,0.0,1.0,0.0,0.0,0.0,0.0,0.0,0.7000000000000001,0.0,0.2,0.0,0.0,16.0,25903.0
2026-07-30T19:01:02.079Z,231.562,231.576,0.0,7.4,0.0,0.0,0.0,0.0,0.0,0.0,0.0,0.0,1.0,0.0,0.0,0.0,9.0,4.0,0.0,0.0,0.0,0.0,0.0,0.0,0.0,0.0,2.0,12.0,1.0,12.17,5.0200000000000005,2.51,1.5,0.0,0.0,0.0,0.4,0.0,-0.2,-0.5,0.0,-169.70000000000002,0.0,0.0,169.8,0.0,21.4,29.3,29.3,29.9,300.0,300.0,31.4,35.5,29.200000000000003,28.4,30.3,4.95,1.99,4.97,0.16,0.0,0.0,1027.0,8228.0,0.0,0.0,0.0,0.0,0.0,1.0,0.0,0.0,0.0,0.0,0.0,-0.6000000000000001,0.0,0.0,0.0,0.0,16.0,25903.0
2026-07-30T19:01:02.091Z,231.574,231.588,0.0,7.4,0.0,0.0,0.0,0.0,0.0,0.0,0.0,0.0,1.0,0.0,0.0,0.0,9.0,4.0,0.0,0.0,0.0,0.0,0.0,0.0,0.0,0.0,4.0,12.0,1.0,12.17,5.0200000000000005,2.51,1.5,0.0,0.0,0.0,0.4,0.0,-0.8,0.0,0.5,-169.70000000000002,0.0,0.0,169.8,0.0,21.4,29.3,29.3,29.9,300.0,300.0,31.4,35.5,29.200000000000003,28.4,30.3,4.95,2.0,4.96,0.16,0.0,0.0,1027.0,8228.0,0.0,0.0,0.0,0.0,0.0,1.0,0.0,0.0,0.0,0.0,0.0,0.5,0.0,-0.4,0.0,0.0,16.0,25903.0
2026-07-30T19:01:02.104Z,231.587,231.6,0.0,7.4,0.0,0.0,0.0,0.0,0.0,0.0,0.0,0.0,1.0,0.0,0.0,0.0,9.0,4.0,0.0,0.0,0.0,0.0,0.0,0.0,0.0,0.0,5.0,12.0,1.0,12.17,5.0200000000000005,2.51,1.5,0.0,0.0,0.0,0.4,0.0,0.9,0.0,-0.7000000000000001,-169.70000000000002,0.0,0.0,169.8,0.0,21.4,29.3,29.3,29.9,300.0,300.0,31.4,35.5,29.200000000000003,28.4,30.3,4.96,2.0,4.96,0.16,0.0,0.0,1027.0,8228.0,0.0,0.0,0.0,0.0,0.0,1.0,0.0,0.0,0.0,0.0,0.0,-0.4,0.0,0.6000000000000001,0.0,0.0,16.0,25903.0
2026-07-30T19:01:02.115Z,231.598,231.612,0.0,7.4,0.0,0.0,0.0,0.0,0.0,0.0,0.0,0.0,1.0,0.0,0.0,0.0,9.0,4.0,0.0,0.0,0.0,0.0,0.0,0.0,0.0,0.0,6.0,12.0,1.0,12.17,5.0200000000000005,2.51,1.5,0.0,0.0,0.0,0.4,0.0,-0.7000000000000001,-1.6,-0.1,-169.70000000000002,0.0,0.0,169.8,0.0,21.4,29.3,29.3,29.9,300.0,300.0,31.4,35.5,29.200000000000003,28.4,30.3,4.95,2.0,4.97,0.16,0.0,0.0,1027.0,8228.0,0.0,0.0,0.0,0.0,0.0,1.0,0.0,0.0,0.0,0.0,0.0,-1.9,0.0,-0.2,0.0,0.0002,16.0,25903.0
2026-07-30T19:01:02.127Z,231.61,231.624,0.0,7.4,0.0,0.0,0.0,0.0,0.0,0.0,0.0,0.0,1.0,0.0,0.0,0.0,9.0,4.0,0.0,0.0,0.0,0.0,0.0,0.0,0.0,0.0,2.0,12.0,1.0,12.17,5.0200000000000005,2.51,1.5,0.0,0.0,0.0,0.4,0.0,-0.2,0.7000000000000001,2.2,-169.70000000000002,0.0,0.0,169.8,0.0,21.4,29.3,29.3,29.9,300.0,300.0,31.4,35.5,29.200000000000003,28.4,30.3,4.96,1.99,4.96,0.16,0.0,0.0,1027.0,8228.0,0.0,0.0,0.0,0.0,0.0,1.0,0.0,0.0,0.0,0.0,0.0,2.5,0.0,-1.8,0.0,0.0001,16.0,25903.0
2026-07-30T19:01:02.150Z,231.633,231.636,0.0,7.4,0.0,0.0,0.0,0.0,0.0,0.0,0.0,0.0,1.0,0.0,0.0,0.0,9.0,4.0,0.0,0.0,0.0,0.0,0.0,0.0,0.0,0.0,2.0,12.0,1.0,12.17,5.01,2.5,1.49,0.0,0.0,0.0,0.4,0.0,-0.2,0.1,-1.2000000000000002,-169.70000000000002,0.0,0.0,169.70000000000002,0.0,21.700000000000003,29.3,29.3,29.9,300.0,300.0,31.5,35.5,29.200000000000003,28.4,30.3,4.96,1.99,4.96,0.16,0.0,0.0,1027.0,8228.0,0.0,0.0,0.0,0.0,0.0,1.0,0.0,0.0,0.0,0.0,0.0,-0.7000000000000001,0.0,1.0,0.0,0.0,16.0,25903.0
2026-07-30T19:01:02.151Z,231.634,231.648,0.0,7.4,0.0,0.0,0.0,0.0,0.0,0.0,0.0,0.0,1.0,0.0,0.0,0.0,9.0,4.0,0.0,0.0,0.0,0.0,0.0,0.0,0.0,0.0,6.0,12.0,1.0,12.17,5.01,2.5,1.49,0.0,0.0,0.0,0.5,0.0,-0.7000000000000001,0.1,0.0,-169.70000000000002,0.0,0.0,169.8,0.0,21.700000000000003,29.3,29.3,29.9,300.0,300.0,31.5,35.5,29.200000000000003,28.4,30.3,4.95,1.99,4.96,0.16,0.0,0.0,1027.0,8228.0,0.0,0.0,0.0,0.0,0.0,1.0,0.0,0.0,0.0,0.0,0.0,0.1,0.0,0.0,0.0,0.0001,16.0,25903.0
2026-07-30T19:01:02.163Z,231.646,231.66,0.0,7.4,0.0,0.0,0.0,0.0,0.0,0.0,0.0,0.0,1.0,0.0,0.0,0.0,9.0,4.0,0.0,0.0,0.0,0.0,0.0,0.0,0.0,0.0,6.0,12.0,1.0,12.17,5.01,2.5,1.49,0.0,0.0,0.0,0.4,0.0,0.4,0.7000000000000001,0.0,-169.70000000000002,0.0,0.0,169.8,0.0,21.700000000000003,29.3,29.3,29.9,300.0,300.0,31.5,35.5,29.200000000000003,28.4,30.3,4.95,1.99,4.97,0.16,0.0,0.0,1027.0,8228.0,0.0,0.0,0.0,0.0,0.0,1.0,0.0,0.0,0.0,0.0,0.0,0.7000000000000001,0.0,0.2,0.0,0.0001,16.0,25903.0
2026-07-30T19:01:02.175Z,231.658,231.672,0.0,7.4,0.0,0.0,0.0,0.0,0.0,0.0,0.0,0.0,1.0,0.0,0.0,0.0,9.0,4.0,0.0,0.0,0.0,0.0,0.0,0.0,0.0,0.0,2.0,12.0,1.0,12.17,5.01,2.5,1.49,0.0,0.1,0.0,0.4,0.0,-0.7000000000000001,-0.3,0.5,-169.70000000000002,0.0,0.0,169.8,0.0,21.700000000000003,29.3,29.3,29.9,300.0,300.0,31.5,35.5,29.200000000000003,28.4,30.3,4.96,2.0,4.96,0.16,0.0,0.0,1027.0,8228.0,0.0,0.0,0.0,0.0,0.0,1.0,0.0,0.0,0.0,0.0,0.0,0.0,0.0,-0.5,0.0,0.0001,16.0,25903.0
2026-07-30T19:01:02.187Z,231.67,231.684,0.0,7.4,0.0,0.0,0.0,0.0,0.0,0.0,0.0,0.0,1.0,0.0,0.0,0.0,9.0,4.0,0.0,0.0,0.0,0.0,0.0,0.0,0.0,0.0,3.0,12.0,1.0,12.17,5.01,2.5,1.49,0.0,0.0,0.0,0.4,0.0,0.3,0.7000000000000001,0.0,-169.70000000000002,0.0,0.0,169.8,0.0,21.700000000000003,29.3,29.3,29.9,300.0,300.0,31.5,35.5,29.200000000000003,28.4,30.3,4.96,1.99,4.97,0.16,0.0,0.0,1027.0,8228.0,0.0,0.0,0.0,0.0,0.0,1.0,0.0,0.0,0.0,0.0,0.0,0.8,0.0,0.2,0.0,0.0001,16.0,25903.0
2026-07-30T19:01:02.199Z,231.682,231.696,0.0,7.4,0.0,0.0,0.0,0.0,0.0,0.0,0.0,0.0,1.0,0.0,0.0,0.0,9.0,4.0,0.0,0.0,0.0,0.0,0.0,0.0,0.0,0.0,4.0,12.0,1.0,12.17,5.01,2.5,1.49,-0.1,0.1,0.0,0.4,0.0,0.3,1.3,0.0,-169.70000000000002,0.0,0.0,169.8,0.0,21.700000000000003,29.3,29.3,29.9,300.0,300.0,31.5,35.5,29.200000000000003,28.4,30.3,4.96,1.99,4.97,0.16,0.0,0.0,1027.0,8228.0,0.0,0.0,0.0,0.0,0.0,1.0,0.0,0.0,0.0,0.0,0.0,1.5,0.0,0.3,0.0,0.0,16.0,25903.0
2026-07-30T19:01:02.211Z,231.694,231.708,0.0,7.4,0.0,0.0,0.0,0.0,0.0,0.0,0.0,0.0,1.0,0.0,0.0,0.0,9.0,4.0,0.0,0.0,0.0,0.0,0.0,0.0,0.0,0.0,5.0,12.0,1.0,12.17,5.01,2.5,1.49,0.0,0.1,0.0,0.4,0.0,-0.8,-1.0,0.0,-169.70000000000002,0.0,0.0,169.8,0.0,21.700000000000003,29.3,29.3,29.9,300.0,300.0,31.5,35.5,29.200000000000003,28.4,30.3,4.96,1.99,4.96,0.15,0.0,0.0,1027.0,8228.0,0.0,0.0,0.0,0.0,0.0,1.0,0.0,0.0,0.0,0.0,0.0,-1.1,0.0,-0.1,0.0,0.0,16.0,25903.0
2026-07-30T19:01:02.223Z,231.706,231.72,0.0,7.4,0.0,0.0,0.0,0.0,0.0,0.0,0.0,0.0,1.0,0.0,0.0,0.0,9.0,4.0,0.0,0.0,0.0,0.0,0.0,0.0,0.0,0.0,1.0,12.0,1.0,12.17,5.01,2.5,1.49,0.0,0.0,0.0,0.4,0.0,0.3,-1.0,0.0,-169.70000000000002,0.0,0.0,169.8,0.0,21.700000000000003,29.3,29.3,29.9,300.0,300.0,31.5,35.5,29.200000000000003,28.4,30.3,4.95,1.99,4.96,0.15,0.0,0.0,1027.0,8228.0,0.0,0.0,0.0,0.0,0.0,1.0,0.0,0.0,0.0,0.0,0.0,-1.2000000000000002,0.0,-0.1,0.0,0.0,16.0,25903.0
2026-07-30T19:01:02.234Z,231.717,231.732,0.0,7.4,0.0,0.0,0.0,0.0,0.0,0.0,0.0,0.0,1.0,0.0,0.0,0.0,9.0,4.0,0.0,0.0,0.0,0.0,0.0,0.0,0.0,0.0,2.0,12.0,1.0,12.17,5.01,2.5,1.49,0.0,0.1,0.0,0.4,0.0,-0.8,0.1,1.1,-169.70000000000002,0.0,0.0,169.8,0.0,21.700000000000003,29.3,29.3,29.9,300.0,300.0,31.5,35.5,29.200000000000003,28.4,30.3,4.95,1.99,4.97,0.16,0.0,0.0,1027.0,8228.0,0.0,0.0,0.0,0.0,0.0,1.0,0.0,0.0,0.0,0.0,0.0,0.9,0.0,-0.9,0.0,0.0,16.0,25903.0
2026-07-30T19:01:02.247Z,231.73,231.744,0.0,7.4,0.0,0.0,0.0,0.0,0.0,0.0,0.0,0.0,1.0,0.0,0.0,0.0,9.0,4.0,0.0,0.0,0.0,0.0,0.0,0.0,0.0,0.0,3.0,12.0,1.0,12.17,5.0200000000000005,2.51,1.49,0.0,0.0,0.0,0.4,0.0,-0.2,0.7000000000000001,0.5,-169.70000000000002,0.0,0.0,169.8,0.0,21.4,29.3,29.3,29.9,300.0,300.0,31.700000000000003,35.5,29.200000000000003,28.4,30.3,4.95,1.99,4.97,0.16,0.0,0.0,1027.0,8228.0,0.0,0.0,0.0,0.0,0.0,1.0,0.0,0.0,0.0,0.0,0.0,1.2000000000000002,0.0,-0.3,0.0,0.0001,16.0,25903.0
2026-07-30T19:01:02.259Z,231.742,231.756,0.0,7.4,0.0,0.0,0.0,0.0,0.0,0.0,0.0,0.0,1.0,0.0,0.0,0.0,9.0,4.0,0.0,0.0,0.0,0.0,0.0,0.0,0.0,0.0,4.0,12.0,1.0,12.17,5.0200000000000005,2.51,1.49,0.0,0.1,0.0,0.4,0.0,-0.2,-1.0,-0.6000000000000001,-169.70000000000002,0.0,0.0,169.8,0.0,21.4,29.3,29.3,29.9,300.0,300.0,31.700000000000003,35.5,29.200000000000003,28.4,30.3,4.96,1.99,4.96,0.16,0.0,0.0,1027.0,8228.0,0.0,0.0,0.0,0.0,0.0,1.0,0.0,0.0,0.0,0.0,0.0,-1.6,0.0,0.3,0.0,0.0,16.0,25903.0
2026-07-30T19:01:02.271Z,231.754,231.768,0.0,7.4,0.0,0.0,0.0,0.0,0.0,0.0,0.0,0.0,1.0,0.0,0.0,0.0,9.0,4.0,0.0,0.0,0.0,0.0,0.0,0.0,0.0,0.0,6.0,12.0,1.0,12.17,5.0200000000000005,2.51,1.49,0.0,0.0,0.0,0.4,0.0,0.9,0.1,0.4,-169.70000000000002,0.0,0.0,169.8,0.0,21.4,29.3,29.3,29.9,300.0,300.0,31.700000000000003,35.5,29.200000000000003,28.4,30.3,4.95,1.99,4.96,0.16,0.0,0.0,1027.0,8228.0,0.0,0.0,0.0,0.0,0.0,1.0,0.0,0.0,0.0,0.0,0.0,0.5,0.0,-0.4,0.0,0.0,16.0,25903.0
2026-07-30T19:01:02.283Z,231.766,231.78,0.0,7.4,0.0,0.0,0.0,0.0,0.0,0.0,0.0,0.0,1.0,0.0,0.0,0.0,9.0,4.0,0.0,0.0,0.0,0.0,0.0,0.0,0.0,0.0,6.0,12.0,1.0,12.17,5.0200000000000005,2.51,1.49,0.0,0.0,0.0,0.4,0.0,-0.2,1.3,-1.2000000000000002,-169.70000000000002,0.0,0.0,169.8,0.0,21.4,29.3,29.3,29.9,300.0,300.0,31.700000000000003,35.5,29.200000000000003,28.4,30.3,4.95,1.99,4.96,0.16,0.0,0.0,1027.0,8228.0,0.0,0.0,0.0,0.0,0.0,1.0,0.0,0.0,0.0,0.0,0.0,0.5,0.0,1.3,0.0,0.0,16.0,25903.0
2026-07-30T19:01:02.295Z,231.778,231.792,0.0,7.4,0.0,0.0,0.0,0.0,0.0,0.0,0.0,0.0,1.0,0.0,0.0,0.0,9.0,4.0,0.0,0.0,0.0,0.0,0.0,0.0,0.0,0.0,1.0,12.0,1.0,12.17,5.0200000000000005,2.51,1.49,0.0,0.0,0.0,0.4,0.0,-0.8,0.1,0.5,-169.70000000000002,0.0,0.0,169.70000000000002,0.0,21.4,29.3,29.3,29.9,300.0,300.0,31.700000000000003,35.5,29.200000000000003,28.4,30.3,4.96,2.0,4.96,0.16,0.0,0.0,1027.0,8228.0,0.0,0.0,0.0,0.0,0.0,1.0,0.0,0.0,0.0,0.0,0.0,0.5,0.0,-0.4,0.0,0.0,16.0,25903.0
2026-07-30T19:01:02.307Z,231.79,231.804,0.0,7.4,0.0,0.0,0.0,0.0,0.0,0.0,0.0,0.0,1.0,0.0,0.0,0.0,9.0,4.0,0.0,0.0,0.0,0.0,0.0,0.0,0.0,0.0,2.0,12.0,1.0,12.17,5.0200000000000005,2.51,1.49,0.0,0.0,0.0,0.4,0.0,-0.3,-0.4,-0.1,-169.70000000000002,0.0,0.0,169.8,0.0,21.4,29.3,29.3,29.9,300.0,300.0,31.700000000000003,35.5,29.200000000000003,28.4,30.3,4.95,2.0,4.96,0.16,0.0,0.0,1027.0,8228.0,0.0,0.0,0.0,0.0,0.0,1.0,0.0,0.0,0.0,0.0,0.0,-0.6000000000000001,0.0,0.0,0.0,0.0001,16.0,25903.0
2026-07-30T19:01:02.320Z,231.803,231.816,0.0,7.4,0.0,0.0,0.0,0.0,0.0,0.0,0.0,0.0,1.0,0.0,0.0,0.0,9.0,4.0,0.0,0.0,0.0,0.0,0.0,0.0,0.0,0.0,3.0,12.0,1.0,12.17,5.0200000000000005,2.51,1.49,0.0,0.0,0.0,0.4,0.0,-0.8,0.0,-0.1,-169.70000000000002,0.0,0.0,169.8,0.0,21.4,29.3,29.3,29.9,300.0,300.0,31.700000000000003,35.5,29.200000000000003,28.4,30.3,4.95,1.99,4.97,0.16,0.0,0.0,1027.0,8228.0,0.0,0.0,0.0,0.0,0.0,1.0,0.0,0.0,0.0,0.0,0.0,0.0,0.0,0.1,0.0,0.0,16.0,25903.0
2026-07-30T19:01:02.330Z,231.813,231.828,0.0,7.4,0.0,0.0,0.0,0.0,0.0,0.0,0.0,0.0,1.0,0.0,0.0,0.0,9.0,4.0,0.0,0.0,0.0,0.0,0.0,0.0,0.0,0.0,4.0,12.0,1.0,12.17,5.0200000000000005,2.51,1.49,0.0,0.0,0.0,0.4,0.0,-0.3,0.0,0.4,-169.70000000000002,0.0,0.0,169.8,0.0,21.4,29.3,29.3,29.9,300.0,300.0,31.700000000000003,35.5,29.200000000000003,28.4,30.3,4.95,1.99,4.96,0.16,0.0,0.0,1027.0,8228.0,0.0,0.0,0.0,0.0,0.0,1.0,0.0,0.0,0.0,0.0,0.0,0.4,0.0,-0.3,0.0,0.0,16.0,25903.0
2026-07-30T19:01:02.344Z,231.827,231.84,0.0,7.4,0.0,0.0,0.0,0.0,0.0,0.0,0.0,0.0,1.0,0.0,0.0,0.0,9.0,4.0,0.0,0.0,0.0,0.0,0.0,0.0,0.0,0.0,5.0,12.0,1.0,12.14,5.0200000000000005,2.51,1.49,0.0,0.0,0.0,0.4,0.0,-0.3,0.1,0.4,-169.70000000000002,0.0,0.0,169.70000000000002,0.0,21.700000000000003,29.3,29.3,29.9,300.0,300.0,31.6,35.5,29.200000000000003,28.4,30.3,4.96,1.99,4.96,0.16,0.0,0.0,1027.0,8228.0,0.0,0.0,0.0,0.0,0.0,1.0,0.0,0.0,0.0,0.0,0.0,0.4,0.0,-0.3,0.0,0.0,16.0,25903.0
2026-07-30T19:01:02.355Z,231.838,231.852,0.0,7.4,0.0,0.0,0.0,0.0,0.0,0.0,0.0,0.0,1.0,0.0,0.0,0.0,9.0,4.0,0.0,0.0,0.0,0.0,0.0,0.0,0.0,0.0,6.0,12.0,1.0,12.14,5.0200000000000005,2.51,1.49,0.0,0.0,0.0,0.4,0.0,0.2,-0.4,-1.3,-169.70000000000002,0.0,0.0,169.70000000000002,0.0,21.700000000000003,29.3,29.3,29.9,300.0,300.0,31.6,35.5,29.200000000000003,28.4,30.3,4.95,1.99,4.97,0.16,0.0,0.0,1027.0,8228.0,0.0,0.0,0.0,0.0,0.0,1.0,0.0,0.0,0.0,0.0,0.0,-1.4,0.0,1.0,0.0,0.0003,16.0,25903.0
2026-07-30T19:01:02.368Z,231.851,231.864,0.0,7.4,0.0,0.0,0.0,0.0,0.0,0.0,0.0,0.0,1.0,0.0,0.0,0.0,9.0,4.0,0.0,0.0,0.0,0.0,0.0,0.0,0.0,0.0,1.0,12.0,1.0,12.14,5.0200000000000005,2.51,1.49,0.0,0.0,0.0,0.4,0.0,-0.2,0.7000000000000001,0.4,-169.70000000000002,0.0,0.0,169.70000000000002,0.0,21.700000000000003,29.3,29.3,29.9,300.0,300.0,31.6,35.5,29.200000000000003,28.4,30.3,4.96,2.0,4.96,0.16,0.0,0.0,1027.0,8228.0,0.0,0.0,0.0,0.0,0.0,1.0,0.0,0.0,0.0,0.0,0.0,-0.8,0.0,-0.6000000000000001,0.0,0.0,16.0,25903.0
2026-07-30T19:01:02.380Z,231.863,231.876,0.0,7.4,0.0,0.0,0.0,0.0,0.0,0.0,0.0,0.0,1.0,0.0,0.0,0.0,9.0,4.0,0.0,0.0,0.0,0.0,0.0,0.0,0.0,0.0,2.0,12.0,1.0,12.14,5.0200000000000005,2.51,1.49,0.0,0.0,0.0,0.4,0.0,-0.2,0.7000000000000001,1.0,-169.70000000000002,0.0,0.0,169.8,0.0,21.700000000000003,29.3,29.3,29.9,300.0,300.0,31.6,35.5,29.200000000000003,28.4,30.3,4.96,2.0,4.97,0.16,0.0,0.0,1027.0,8228.0,0.0,0.0,0.0,0.0,0.0,1.0,0.0,0.0,0.0,0.0,0.0,0.0,0.0,0.1,0.0,0.0,16.0,25903.0
2026-07-30T19:01:02.391Z,231.874,231.888,0.0,7.4,0.0,0.0,0.0,0.0,0.0,0.0,0.0,0.0,1.0,0.0,0.0,0.0,9.0,4.0,0.0,0.0,0.0,0.0,0.0,0.0,0.0,0.0,3.0,12.0,1.0,12.14,5.0200000000000005,2.51,1.49,0.0,0.0,0.0,0.4,0.0,0.2,0.0,0.4,-169.70000000000002,0.0,0.0,169.70000000000002,0.0,21.700000000000003,29.3,29.3,29.9,300.0,300.0,31.6,35.5,29.200000000000003,28.4,30.3,4.96,1.99,4.97,0.16,0.0,0.0,1027.0,8228.0,0.0,0.0,0.0,0.0,0.0,1.0,0.0,0.0,0.0,0.0,0.0,0.0,0.0,0.1,0.0,0.0001,16.0,25903.0
2026-07-30T19:01:02.403Z,231.886,231.9,0.0,7.4,0.0,0.0,0.0,0.0,0.0,0.0,0.0,0.0,1.0,0.0,0.0,0.0,9.0,4.0,0.0,0.0,0.0,0.0,0.0,0.0,0.0,0.0,4.0,12.0,1.0,12.14,5.0200000000000005,2.51,1.49,0.0,0.0,0.0,0.4,0.0,-0.3,0.6000000000000001,-0.7000000000000001,-169.70000000000002,0.0,0.0,169.8,0.0,21.700000000000003,29.3,29.3,29.9,300.0,300.0,31.6,35.5,29.200000000000003,28.4,30.3,4.95,1.99,4.97,0.17,0.0,0.0,1027.0,8228.0,0.0,0.0,0.0,0.0,0.0,1.0,0.0,0.0,0.0,0.0,0.0,0.1,0.0,0.8,0.0,0.0,16.0,25903.0
2026-07-30T19:01:02.415Z,231.898,231.912,0.0,7.4,0.0,0.0,0.0,0.0,0.0,0.0,0.0,0.0,1.0,0.0,0.0,0.0,9.0,4.0,0.0,0.0,0.0,0.0,0.0,0.0,0.0,0.0,5.0,12.0,1.0,12.14,5.0200000000000005,2.51,1.49,0.0,0.1,0.0,0.4,0.0,-0.3,-0.5,-0.2,-169.70000000000002,0.0,0.0,169.8,0.0,21.700000000000003,29.3,29.3,29.9,300.0,300.0,31.6,35.5,29.200000000000003,28.4,30.3,4.96,1.99,4.96,0.17,0.0,0.0,1027.0,8228.0,0.0,0.0,0.0,0.0,0.0,1.0,0.0,0.0,0.0,0.0,0.0,-0.7000000000000001,0.0,0.0,0.0,0.0001,16.0,25903.0
2026-07-30T19:01:02.427Z,231.91,231.924,0.0,7.4,0.0,0.0,0.0,0.0,0.0,0.0,0.0,0.0,1.0,0.0,0.0,0.0,9.0,4.0,0.0,0.0,0.0,0.0,0.0,0.0,0.0,0.0,1.0,12.0,1.0,12.14,5.0200000000000005,2.51,1.49,0.0,0.0,0.0,0.4,0.0,0.8,-0.5,-0.8,-169.70000000000002,0.0,0.0,169.70000000000002,0.0,21.700000000000003,29.3,29.3,29.9,300.0,300.0,31.6,35.5,29.200000000000003,28.4,30.3,4.96,1.99,4.97,0.17,0.0,0.0,1027.0,8228.0,0.0,0.0,0.0,0.0,0.0,1.0,0.0,0.0,0.0,0.0,0.0,-1.2000000000000002,0.0,0.6000000000000001,0.0,0.0001,16.0,25903.0
2026-07-30T19:01:02.439Z,231.922,231.936,0.0,7.4,0.0,0.0,0.0,0.0,0.0,0.0,0.0,0.0,1.0,0.0,0.0,0.0,9.0,4.0,0.0,0.0,0.0,0.0,0.0,0.0,0.0,0.0,2.0,12.0,1.0,12.14,5.0200000000000005,2.51,1.49,0.0,0.1,0.0,0.5,0.0,-0.3,0.6000000000000001,0.3,-169.70000000000002,0.0,0.0,169.8,0.0,21.700000000000003,29.3,29.3,29.9,300.0,300.0,31.6,35.5,29.200000000000003,28.4,30.3,4.95,1.99,4.97,0.16,0.0,0.0,1027.0,8228.0,0.0,0.0,0.0,0.0,0.0,1.0,0.0,0.0,0.0,0.0,0.0,0.9,0.0,-0.1,0.0,0.0001,16.0,25903.0
2026-07-30T19:01:02.451Z,231.934,231.948,0.0,7.4,0.0,0.0,0.0,0.0,0.0,0.0,0.0,0.0,1.0,0.0,0.0,0.0,9.0,4.0,0.0,0.0,0.0,0.0,0.0,0.0,0.0,0.0,3.0,12.0,1.0,12.17,5.01,2.5,1.49,0.0,0.0,0.0,0.5,0.0,-0.9,0.0,-0.8,-169.70000000000002,0.0,0.0,169.70000000000002,0.0,21.4,29.3,29.3,29.9,300.0,300.0,31.4,35.5,29.200000000000003,28.4,30.3,4.95,1.99,4.96,0.16,0.0,0.0,1027.0,8228.0,0.0,0.0,0.0,0.0,0.0,1.0,0.0,0.0,0.0,0.0,0.0,-0.5,0.0,0.7000000000000001,0.0,0.0,16.0,25903.0
2026-07-30T19:01:02.466Z,231.949,231.96,0.0,7.4,0.0,0.0,0.0,0.0,0.0,0.0,0.0,0.0,1.0,0.0,0.0,0.0,9.0,4.0,0.0,0.0,0.0,0.0,0.0,0.0,0.0,0.0,3.0,12.0,1.0,12.17,5.01,2.5,1.49,0.0,0.0,0.0,0.4,0.0,0.2,-0.5,0.3,-169.70000000000002,0.0,0.0,169.70000000000002,0.0,21.4,29.3,29.3,29.9,300.0,300.0,31.4,35.5,29.200000000000003,28.4,30.3,4.95,2.0,4.96,0.16,0.0,0.0,1027.0,8228.0,0.0,0.0,0.0,0.0,0.0,1.0,0.0,0.0,0.0,0.0,0.0,-0.3,0.0,-0.4,0.0,0.0,16.0,25903.0
2026-07-30T19:01:02.475Z,231.958,231.972,0.0,7.4,0.0,0.0,0.0,0.0,0.0,0.0,0.0,0.0,1.0,0.0,0.0,0.0,9.0,4.0,0.0,0.0,0.0,0.0,0.0,0.0,0.0,0.0,2.0,12.0,1.0,12.17,5.01,2.5,1.49,0.0,0.0,0.0,0.4,0.0,0.2,1.2000000000000002,-0.7000000000000001,-169.70000000000002,0.0,0.0,169.60000000000002,0.0,21.4,29.3,29.3,29.9,300.0,300.0,31.4,35.5,29.200000000000003,28.4,30.3,4.95,1.99,4.97,0.16,0.0,0.0,1027.0,8228.0,0.0,0.0,0.0,0.0,0.0,1.0,0.0,0.0,0.0,0.0,0.0,0.8,0.0,0.9,0.0,0.0001,16.0,25903.0
2026-07-30T19:01:02.487Z,231.97,231.984,0.0,7.4,0.0,0.0,0.0,0.0,0.0,0.0,0.0,0.0,1.0,0.0,0.0,0.0,9.0,4.0,0.0,0.0,0.0,0.0,0.0,0.0,0.0,0.0,3.0,12.0,1.0,12.17,5.01,2.5,1.49,0.0,0.0,0.0,0.4,0.0,-0.3,0.6000000000000001,-0.1,-169.70000000000002,0.0,0.0,169.70000000000002,0.0,21.4,29.3,29.3,29.9,300.0,300.0,31.4,35.5,29.200000000000003,28.4,30.3,4.95,1.99,4.97,0.16,0.0,0.0,1027.0,8228.0,0.0,0.0,0.0,0.0,0.0,1.0,0.0,0.0,0.0,0.0,0.0,0.6000000000000001,0.0,0.2,0.0,0.0001,16.0,25903.0
2026-07-30T19:01:02.499Z,231.982,231.996,0.0,7.4,0.0,0.0,0.0,0.0,0.0,0.0,0.0,0.0,1.0,0.0,0.0,0.0,9.0,4.0,0.0,0.0,0.0,0.0,0.0,0.0,0.0,0.0,4.0,12.0,1.0,12.17,5.01,2.5,1.49,0.0,0.0,0.0,0.4,0.0,0.2,1.2000000000000002,-0.2,-169.70000000000002,0.0,0.0,169.70000000000002,0.0,21.4,29.3,29.3,29.9,300.0,300.0,31.4,35.5,29.200000000000003,28.4,30.3,4.96,1.99,4.96,0.16,0.0,0.0,1027.0,8228.0,0.0,0.0,0.0,0.0,0.0,1.0,0.0,0.0,0.0,0.0,0.0,1.2000000000000002,0.0,0.4,0.0,0.0,16.0,25903.0
2026-07-30T19:01:02.511Z,231.994,232.008,0.0,7.4,0.0,0.0,0.0,0.0,0.0,0.0,0.0,0.0,1.0,0.0,0.0,0.0,9.0,4.0,0.0,0.0,0.0,0.0,0.0,0.0,0.0,0.0,5.0,12.0,1.0,12.17,5.01,2.5,1.49,0.0,0.1,0.0,0.4,0.0,-0.9,-0.4,-0.7000000000000001,-169.70000000000002,0.0,0.0,169.60000000000002,0.0,21.4,29.3,29.3,29.9,300.0,300.0,31.4,35.5,29.200000000000003,28.4,30.3,4.95,1.99,4.97,0.16,0.0,0.0,1027.0,8228.0,0.0,0.0,0.0,0.0,0.0,1.0,0.0,0.0,0.0,0.0,0.0,-1.1,0.0,0.5,0.0,0.0,16.0,25903.0
2026-07-30T19:01:02.523Z,232.006,232.02,0.0,7.4,0.0,0.0,0.0,0.0,0.0,0.0,0.0,0.0,1.0,0.0,0.0,0.0,9.0,4.0,0.0,0.0,0.0,0.0,0.0,0.0,0.0,0.0,6.0,12.0,1.0,12.17,5.01,2.5,1.49,0.0,0.0,0.0,0.4,0.0,-0.3,1.8,1.5,-169.70000000000002,0.0,0.0,169.60000000000002,0.0,21.4,29.3,29.3,29.9,300.0,300.0,31.4,35.5,29.200000000000003,28.4,30.3,4.95,1.99,4.97,0.16,0.0,0.0,1027.0,8228.0,0.0,0.0,0.0,0.0,0.0,1.0,0.0,0.0,0.0,0.0,0.0,3.2,0.0,-0.9,0.0,0.0001,16.0,25903.0
2026-07-30T19:01:02.535Z,232.018,232.032,0.0,7.4,0.0,0.0,0.0,0.0,0.0,0.0,0.0,0.0,1.0,0.0,0.0,0.0,9.0,4.0,0.0,0.0,0.0,0.0,0.0,0.0,0.0,0.0,1.0,12.0,1.0,12.17,5.01,2.5,1.49,0.0,0.0,0.0,0.4,0.0,0.2,0.6000000000000001,-1.3,-169.70000000000002,0.0,0.0,169.70000000000002,0.0,21.4,29.3,29.3,29.9,300.0,300.0,31.4,35.5,29.200000000000003,28.4,30.3,4.96,2.0,4.97,0.16,0.0,0.0,1027.0,8228.0,0.0,0.0,0.0,0.0,0.0,1.0,0.0,0.0,0.0,0.0,0.0,-0.2,0.0,1.3,0.0,0.0,16.0,25903.0
2026-07-30T19:01:02.548Z,232.031,232.044,0.0,7.4,0.0,0.0,0.0,0.0,0.0,0.0,0.0,0.0,1.0,0.0,0.0,0.0,9.0,4.0,0.0,0.0,0.0,0.0,0.0,0.0,0.0,0.0,2.0,12.0,1.0,12.15,5.01,2.5,1.49,0.0,0.0,0.0,0.4,0.0,-0.3,-1.0,-0.7000000000000001,-169.70000000000002,0.0,0.0,169.70000000000002,0.0,21.8,29.3,29.3,29.9,300.0,300.0,31.5,35.5,29.200000000000003,28.4,30.3,4.95,2.0,4.96,0.16,0.0,0.0,1027.0,8228.0,0.0,0.0,0.0,0.0,0.0,1.0,0.0,0.0,0.0,0.0,0.0,-1.7000000000000002,0.0,0.4,0.0,0.0,16.0,25903.0
2026-07-30T19:01:02.559Z,232.042,232.056,0.0,7.4,0.0,0.0,0.0,0.0,0.0,0.0,0.0,0.0,1.0,0.0,0.0,0.0,9.0,4.0,0.0,0.0,0.0,0.0,0.0,0.0,0.0,0.0,3.0,12.0,1.0,12.15,5.01,2.5,1.49,0.0,0.0,0.0,0.4,0.0,0.2,0.0,-0.1,-169.70000000000002,0.0,0.0,169.60000000000002,0.0,21.8,29.3,29.3,29.9,300.0,300.0,31.5,35.5,29.200000000000003,28.4,30.3,4.95,1.99,4.97,0.16,0.0,0.0,1027.0,8228.0,0.0,0.0,0.0,0.0,0.0,1.0,0.0,0.0,0.0,0.0,0.0,0.0,0.0,0.1,0.0,0.0,16.0,25903.0
2026-07-30T19:01:02.571Z,232.054,232.068,0.0,7.4,0.0,0.0,0.0,0.0,0.0,0.0,0.0,0.0,1.0,0.0,0.0,0.0,9.0,4.0,0.0,0.0,0.0,0.0,0.0,0.0,0.0,0.0,4.0,12.0,1.0,12.15,5.01,2.5,1.49,0.0,0.1,0.0,0.4,0.0,0.2,0.6000000000000001,-0.2,-169.70000000000002,0.0,0.0,169.70000000000002,0.0,21.8,29.3,29.3,29.9,300.0,300.0,31.5,35.5,29.200000000000003,28.4,30.3,4.95,1.99,4.96,0.16,0.0,0.0,1027.0,8228.0,0.0,0.0,0.0,0.0,0.0,1.0,0.0,0.0,0.0,0.0,0.0,0.5,0.0,0.3,0.0,0.0,16.0,25903.0
2026-07-30T19:01:02.583Z,232.066,232.08,0.0,7.4,0.0,0.0,0.0,0.0,0.0,0.0,0.0,0.0,1.0,0.0,0.0,0.0,9.0,4.0,0.0,0.0,0.0,0.0,0.0,0.0,0.0,0.0,5.0,12.0,1.0,12.15,5.01,2.5,1.49,0.0,0.0,0.0,0.4,0.0,-0.9,0.0,-0.1,-169.70000000000002,0.0,0.0,169.70000000000002,0.0,21.8,29.3,29.3,29.9,300.0,300.0,31.5,35.5,29.200000000000003,28.4,30.3,4.96,1.99,4.96,0.16,0.0,0.0,1027.0,8228.0,0.0,0.0,0.0,0.0,0.0,1.0,0.0,0.0,0.0,0.0,0.0,0.0,0.0,0.1,0.0,0.0,16.0,25903.0
2026-07-30T19:01:02.595Z,232.078,232.092,0.0,7.4,0.0,0.0,0.0,0.0,0.0,0.0,0.0,0.0,1.0,0.0,0.0,0.0,9.0,4.0,0.0,0.0,0.0,0.0,0.0,0.0,0.0,0.0,1.0,12.0,1.0,12.15,5.01,2.5,1.49,0.0,0.0,0.0,0.4,0.0,-0.3,0.6000000000000001,0.9,-169.70000000000002,0.0,0.0,169.70000000000002,0.0,21.8,29.3,29.3,29.9,300.0,300.0,31.5,35.5,29.200000000000003,28.4,30.3,4.95,1.99,4.97,0.16,0.0,0.0,1027.0,8228.0,0.0,0.0,0.0,0.0,0.0,1.0,0.0,0.0,0.0,0.0,0.0,1.4,0.0,-0.7000000000000001,0.0,0.0001,16.0,25903.0
2026-07-30T19:01:02.607Z,232.09,232.104,0.0,7.4,0.0,0.0,0.0,0.0,0.0,0.0,0.0,0.0,1.0,0.0,0.0,0.0,9.0,4.0,0.0,0.0,0.0,0.0,0.0,0.0,0.0,0.0,2.0,12.0,1.0,12.15,5.01,2.5,1.49,0.0,0.1,0.0,0.4,0.0,-0.9,-1.1,-1.3,-169.70000000000002,0.0,0.0,169.70000000000002,0.0,21.8,29.3,29.3,29.9,300.0,300.0,31.5,35.5,29.200000000000003,28.4,30.3,4.95,1.99,4.97,0.16,0.0,0.0,1027.0,8228.0,0.0,0.0,0.0,0.0,0.0,1.0,0.0,0.0,0.0,0.0,0.0,-2.2,0.0,0.9,0.0,0.0,16.0,25903.0
2026-07-30T19:01:02.619Z,232.102,232.116,0.0,7.4,0.0,0.0,0.0,0.0,0.0,0.0,0.0,0.0,1.0,0.0,0.0,0.0,9.0,4.0,0.0,0.0,0.0,0.0,0.0,0.0,0.0,0.0,3.0,12.0,1.0,12.15,5.01,2.5,1.49,0.0,0.0,0.0,0.4,0.0,-0.3,0.6000000000000001,0.4,-169.60000000000002,0.0,0.0,169.60000000000002,0.0,21.8,29.3,29.3,29.9,300.0,300.0,31.5,35.5,29.200000000000003,28.4,30.3,4.95,1.99,4.96,0.16,0.0,0.0,1027.0,8228.0,0.0,0.0,0.0,0.0,0.0,1.0,0.0,0.0,0.0,0.0,0.0,1.0,0.0,-0.2,0.0,0.0001,16.0,25903.0
2026-07-30T19:01:02.631Z,232.114,232.128,0.0,7.4,0.0,0.0,0.0,0.0,0.0,0.0,0.0,0.0,1.0,0.0,0.0,0.0,9.0,4.0,0.0,0.0,0.0,0.0,0.0,0.0,0.0,0.0,5.0,12.0,1.0,12.15,5.01,2.5,1.49,0.0,0.0,0.0,0.4,0.0,0.2,0.0,0.4,-169.60000000000002,0.0,0.0,169.60000000000002,0.0,21.8,29.3,29.3,29.9,300.0,300.0,31.5,35.5,29.200000000000003,28.4,30.3,4.96,1.99,4.96,0.16,0.0,0.0,1027.0,8228.0,0.0,0.0,0.0,0.0,0.0,1.0,0.0,0.0,0.0,0.0,0.0,0.4,0.0,-0.3,0.0,0.0001,16.0,25903.0
2026-07-30T19:01:02.643Z,232.126,232.14,0.0,7.4,0.0,0.0,0.0,0.0,0.0,0.0,0.0,0.0,1.0,0.0,0.0,0.0,9.0,4.0,0.0,0.0,0.0,0.0,0.0,0.0,0.0,0.0,6.0,12.0,1.0,12.15,5.01,2.5,1.49,0.0,0.0,0.0,0.4,0.0,0.2,0.6000000000000001,0.4,-169.60000000000002,0.0,0.0,169.70000000000002,0.0,21.8,29.3,29.3,29.9,300.0,300.0,31.5,35.5,29.200000000000003,28.4,30.3,4.95,1.99,4.97,0.16,0.0,0.0,1027.0,8228.0,0.0,0.0,0.0,0.0,0.0,1.0,0.0,0.0,0.0,0.0,0.0,1.1,0.0,-0.2,0.0,0.0,16.0,25903.0
2026-07-30T19:01:02.654Z,232.137,232.152,0.0,7.4,0.0,0.0,0.0,0.0,0.0,0.0,0.0,0.0,1.0,0.0,0.0,0.0,9.0,4.0,0.0,0.0,0.0,0.0,0.0,0.0,0.0,0.0,1.0,12.0,1.0,12.18,5.0200000000000005,2.51,1.49,0.0,0.0,0.0,0.4,0.0,0.8,-0.5,-1.3,-169.60000000000002,0.0,0.0,169.60000000000002,0.0,21.4,29.3,29.3,29.9,300.0,300.0,31.5,35.4,29.200000000000003,28.4,30.3,4.95,1.99,4.96,0.16,0.0,0.0,1027.0,8228.0,0.0,0.0,0.0,0.0,0.0,1.0,0.0,0.0,0.0,0.0,0.0,-1.5,0.0,1.0,0.0,0.0,16.0,25903.0
2026-07-30T19:01:02.667Z,232.15,232.164,0.0,7.4,0.0,0.0,0.0,0.0,0.0,0.0,0.0,0.0,1.0,0.0,0.0,0.0,9.0,4.0,0.0,0.0,0.0,0.0,0.0,0.0,0.0,0.0,2.0,12.0,1.0,12.18,5.0200000000000005,2.51,1.49,0.0,0.0,0.0,0.4,0.0,-0.8,-0.4,-1.3,-169.60000000000002,0.0,0.0,169.70000000000002,0.0,21.4,29.3,29.3,29.9,300.0,300.0,31.5,35.4,29.200000000000003,28.4,30.3,4.95,1.99,4.97,0.16,0.0,0.0,1027.0,8228.0,0.0,0.0,0.0,0.0,0.0,1.0,0.0,0.0,0.0,0.0,0.0,-1.5,0.0,1.0,0.0,0.0,16.0,25903.0
2026-07-30T19:01:02.679Z,232.162,232.176,0.0,7.4,0.0,0.0,0.0,0.0,0.0,0.0,0.0,0.0,1.0,0.0,0.0,0.0,9.0,4.0,0.0,0.0,0.0,0.0,0.0,0.0,0.0,0.0,3.0,12.0,1.0,12.18,5.0200000000000005,2.51,1.49,0.0,0.0,0.0,0.4,0.0,-0.8,1.2000000000000002,-0.1,-169.60000000000002,0.0,0.0,169.70000000000002,0.0,21.4,29.3,29.3,29.9,300.0,300.0,31.5,35.4,29.200000000000003,28.4,30.3,4.95,1.99,4.97,0.16,0.0,0.0,1027.0,8228.0,0.0,0.0,0.0,0.0,0.0,1.0,0.0,0.0,0.0,0.0,0.0,1.3,0.0,0.4,0.0,0.0001,16.0,25903.0
2026-07-30T19:01:02.691Z,232.174,232.188,0.0,7.4,0.0,0.0,0.0,0.0,0.0,0.0,0.0,0.0,1.0,0.0,0.0,0.0,9.0,4.0,0.0,0.0,0.0,0.0,0.0,0.0,0.0,0.0,4.0,12.0,1.0,12.18,5.0200000000000005,2.51,1.49,0.0,0.0,0.0,0.4,0.0,-0.2,-0.4,-0.2,-169.60000000000002,0.0,0.0,169.8,0.0,21.4,29.3,29.3,29.9,300.0,300.0,31.5,35.4,29.200000000000003,28.4,30.3,4.96,1.99,4.96,0.16,0.0,0.0,1027.0,8228.0,0.0,0.0,0.0,0.0,0.0,1.0,0.0,0.0,0.0,0.0,0.0,-0.6000000000000001,0.0,0.0,0.0,0.0002,16.0,25903.0
2026-07-30T19:01:02.703Z,232.186,232.2,0.0,7.4,0.0,0.0,0.0,0.0,0.0,0.0,0.0,0.0,1.0,0.0,0.0,0.0,9.0,4.0,0.0,0.0,0.0,0.0,0.0,0.0,0.0,0.0,5.0,12.0,1.0,12.18,5.0200000000000005,2.51,1.49,0.0,0.0,0.0,0.4,0.0,-0.2,-0.4,0.9,-169.60000000000002,0.0,0.0,169.70000000000002,0.0,21.4,29.3,29.3,29.9,300.0,300.0,31.5,35.4,29.200000000000003,28.4,30.3,4.96,2.0,4.96,0.16,0.0,0.0,1027.0,8228.0,0.0,0.0,0.0,0.0,0.0,1.0,0.0,0.0,0.0,0.0,0.0,0.2,0.0,-0.9,0.0,0.0001,16.0,25903.0
2026-07-30T19:01:02.715Z,232.198,232.212,0.0,7.4,0.0,0.0,0.0,0.0,0.0,0.0,0.0,0.0,1.0,0.0,0.0,0.0,9.0,4.0,0.0,0.0,0.0,0.0,0.0,0.0,0.0,0.0,1.0,12.0,1.0,12.18,5.0200000000000005,2.51,1.49,0.0,0.0,0.0,0.4,0.0,-0.2,0.1,-0.7000000000000001,-169.60000000000002,0.0,0.0,169.70000000000002,0.0,21.4,29.3,29.3,29.9,300.0,300.0,31.5,35.4,29.200000000000003,28.4,30.3,4.96,1.99,4.97,0.16,0.0,0.0,1027.0,8228.0,0.0,0.0,0.0,0.0,0.0,1.0,0.0,0.0,0.0,0.0,0.0,-0.4,0.0,0.7000000000000001,0.0,0.0001,16.0,25903.0
2026-07-30T19:01:02.727Z,232.21,232.224,0.0,7.4,0.0,0.0,0.0,0.0,0.0,0.0,0.0,0.0,1.0,0.0,0.0,0.0,9.0,4.0,0.0,0.0,0.0,0.0,0.0,0.0,0.0,0.0,2.0,12.0,1.0,12.18,5.0200000000000005,2.51,1.49,0.0,0.1,0.0,0.5,0.0,0.9,0.1,-0.1,-169.60000000000002,0.0,0.0,169.8,0.0,21.4,29.3,29.3,29.9,300.0,300.0,31.5,35.4,29.200000000000003,28.4,30.3,4.96,1.99,4.97,0.16,0.0,0.0,1027.0,8228.0,0.0,0.0,0.0,0.0,0.0,1.0,0.0,0.0,0.0,0.0,0.0,0.0,0.0,0.1,0.0,0.0001,16.0,25903.0
2026-07-30T19:01:02.739Z,232.222,232.236,0.0,7.4,0.0,0.0,0.0,0.0,0.0,0.0,0.0,0.0,1.0,0.0,0.0,0.0,9.0,4.0,0.0,0.0,0.0,0.0,0.0,0.0,0.0,0.0,3.0,12.0,1.0,12.18,5.0200000000000005,2.51,1.49,0.0,0.0,0.0,0.4,0.0,0.4,0.1,1.0,-169.70000000000002,0.0,0.0,169.70000000000002,0.0,21.4,29.3,29.3,29.9,300.0,300.0,31.5,35.4,29.200000000000003,28.4,30.3,4.96,1.99,4.96,0.16,0.0,0.0,1027.0,8228.0,0.0,0.0,0.0,0.0,0.0,1.0,0.0,0.0,0.0,0.0,0.0,0.9,0.0,-0.8,0.0,0.0002,16.0,25903.0
2026-07-30T19:01:02.752Z,232.235,232.248,0.0,7.4,0.0,0.0,0.0,0.0,0.0,0.0,0.0,0.0,1.0,0.0,0.0,0.0,9.0,4.0,0.0,0.0,0.0,0.0,0.0,0.0,0.0,0.0,4.0,12.0,1.0,12.18,5.0200000000000005,2.5,1.49,0.0,0.0,0.0,0.4,0.0,-0.1,-0.4,-1.3,-169.70000000000002,0.0,0.0,169.70000000000002,0.0,21.700000000000003,29.3,29.3,29.9,300.0,300.0,31.5,35.5,29.200000000000003,28.4,30.3,4.95,1.99,4.97,0.16,0.0,0.0,1027.0,8228.0,0.0,0.0,0.0,0.0,0.0,1.0,0.0,0.0,0.0,0.0,0.0,-1.5,0.0,1.0,0.0,0.0001,16.0,25903.0
2026-07-30T19:01:02.763Z,232.246,232.26,0.0,7.4,0.0,0.0,0.0,0.0,0.0,0.0,0.0,0.0,1.0,0.0,0.0,0.0,9.0,4.0,0.0,0.0,0.0,0.0,0.0,0.0,0.0,0.0,5.0,12.0,1.0,12.18,5.0200000000000005,2.5,1.49,0.0,0.0,0.0,0.4,0.0,-0.8,0.1,1.5,-169.60000000000002,0.0,0.0,169.60000000000002,0.0,21.700000000000003,29.3,29.3,29.9,300.0,300.0,31.5,35.5,29.200000000000003,28.4,30.3,4.95,1.99,4.96,0.16,0.0,0.0,1027.0,8228.0,0.0,0.0,0.0,0.0,0.0,1.0,0.0,0.0,0.0,0.0,0.0,1.3,0.0,-1.3,0.0,0.0001,16.0,25903.0
2026-07-30T19:01:02.784Z,232.267,232.272,0.0,7.4,0.0,0.0,0.0,0.0,0.0,0.0,0.0,0.0,1.0,0.0,0.0,0.0,9.0,4.0,0.0,0.0,0.0,0.0,0.0,0.0,0.0,0.0,1.0,12.0,1.0,12.18,5.0200000000000005,2.5,1.49,0.0,0.0,0.0,0.4,0.0,-0.2,0.7000000000000001,-0.1,-169.60000000000002,0.0,0.0,169.70000000000002,0.0,21.700000000000003,29.3,29.3,29.9,300.0,300.0,31.5,35.5,29.200000000000003,28.4,30.3,4.96,2.0,4.96,0.16,0.0,0.0,1027.0,8228.0,0.0,0.0,0.0,0.0,0.0,1.0,0.0,0.0,0.0,0.0,0.0,0.6000000000000001,0.0,0.2,0.0,0.0001,16.0,25903.0
2026-07-30T19:01:02.787Z,232.27,232.284,0.0,7.4,0.0,0.0,0.0,0.0,0.0,0.0,0.0,0.0,1.0,0.0,0.0,0.0,9.0,4.0,0.0,0.0,0.0,0.0,0.0,0.0,0.0,0.0,5.0,12.0,1.0,12.18,5.0200000000000005,2.5,1.49,0.0,0.0,0.0,0.4,0.0,0.9,-0.4,-0.7000000000000001,-169.60000000000002,0.0,0.0,169.60000000000002,0.0,21.700000000000003,29.3,29.3,29.9,300.0,300.0,31.5,35.5,29.200000000000003,28.4,30.3,4.95,2.0,4.96,0.16,0.0,0.0,1027.0,8228.0,0.0,0.0,0.0,0.0,0.0,1.0,0.0,0.0,0.0,0.0,0.0,-1.1,0.0,0.6000000000000001,0.0,0.0001,16.0,25903.0
2026-07-30T19:01:02.799Z,232.282,232.296,0.0,7.4,0.0,0.0,0.0,0.0,0.0,0.0,0.0,0.0,1.0,0.0,0.0,0.0,9.0,4.0,0.0,0.0,0.0,0.0,0.0,0.0,0.0,0.0,5.0,12.0,1.0,12.18,5.0200000000000005,2.5,1.49,0.0,0.1,0.0,0.5,0.0,0.3,-1.0,0.9,-169.60000000000002,0.0,0.0,169.60000000000002,0.0,21.700000000000003,29.3,29.3,29.9,300.0,300.0,31.5,35.5,29.200000000000003,28.4,30.3,4.95,1.99,4.97,0.16,0.0,0.0,1027.0,8228.0,0.0,0.0,0.0,0.0,0.0,1.0,0.0,0.0,0.0,0.0,0.0,-0.5,0.0,-1.0,0.0,0.0,16.0,25903.0
2026-07-30T19:01:02.811Z,232.294,232.308,0.0,7.4,0.0,0.0,0.0,0.0,0.0,0.0,0.0,0.0,1.0,0.0,0.0,0.0,9.0,4.0,0.0,0.0,0.0,0.0,0.0,0.0,0.0,0.0,6.0,12.0,1.0,12.18,5.0200000000000005,2.5,1.49,0.0,0.1,0.0,0.4,0.0,-0.2,-0.5,-0.8,-169.60000000000002,0.0,0.0,169.60000000000002,0.0,21.700000000000003,29.3,29.3,29.9,300.0,300.0,31.5,35.5,29.200000000000003,28.4,30.3,4.95,1.99,4.96,0.16,0.0,0.0,1027.0,8228.0,0.0,0.0,0.0,0.0,0.0,1.0,0.0,0.0,0.0,0.0,0.0,-1.2000000000000002,0.0,0.6000000000000001,0.0,0.0,16.0,25903.0
2026-07-30T19:01:02.823Z,232.306,232.32,0.0,7.4,0.0,0.0,0.0,0.0,0.0,0.0,0.0,0.0,1.0,0.0,0.0,0.0,9.0,4.0,0.0,0.0,0.0,0.0,0.0,0.0,0.0,0.0,1.0,12.0,1.0,12.18,5.0200000000000005,2.5,1.49,0.0,0.0,0.0,0.4,0.0,0.4,0.6000000000000001,0.8,-169.60000000000002,0.0,0.0,169.8,0.0,21.700000000000003,29.3,29.3,29.9,300.0,300.0,31.5,35.5,29.200000000000003,28.4,30.3,4.96,1.99,4.96,0.16,0.0,0.0,1027.0,8228.0,0.0,0.0,0.0,0.0,0.0,1.0,0.0,0.0,0.0,0.0,0.0,1.4,0.0,-0.6000000000000001,0.0,0.0,16.0,25903.0
2026-07-30T19:01:02.835Z,232.318,232.332,0.0,7.4,0.0,0.0,0.0,0.0,0.0,0.0,0.0,0.0,1.0,0.0,0.0,0.0,9.0,4.0,0.0,0.0,0.0,0.0,0.0,0.0,0.0,0.0,1.0,12.0,1.0,12.18,5.0200000000000005,2.5,1.49,0.0,0.0,0.0,0.5,0.0,0.9,0.6000000000000001,0.9,-169.60000000000002,0.0,0.0,169.60000000000002,0.0,21.700000000000003,29.3,29.3,29.9,300.0,300.0,31.5,35.5,29.200000000000003,28.4,30.3,4.95,1.99,4.97,0.16,0.0,0.0,1027.0,8228.0,0.0,0.0,0.0,0.0,0.0,1.0,0.0,0.0,0.0,0.0,0.0,1.4,0.0,-0.6000000000000001,0.0,0.0001,16.0,25903.0
2026-07-30T19:01:02.847Z,232.33,232.344,0.0,7.4,0.0,0.0,0.0,0.0,0.0,0.0,0.0,0.0,1.0,0.0,0.0,0.0,9.0,4.0,0.0,0.0,0.0,0.0,0.0,0.0,0.0,0.0,3.0,12.0,1.0,12.18,5.0200000000000005,2.5,1.49,0.0,0.0,0.0,0.4,0.0,0.4,-0.5,-0.8,-169.60000000000002,0.0,0.0,169.60000000000002,0.0,21.700000000000003,29.3,29.3,29.9,300.0,300.0,31.5,35.5,29.200000000000003,28.4,30.3,4.96,1.99,4.96,0.16,0.0,0.0,1027.0,8228.0,0.0,0.0,0.0,0.0,0.0,1.0,0.0,0.0,0.0,0.0,0.0,-1.1,0.0,0.6000000000000001,0.0,0.0001,16.0,25903.0
2026-07-30T19:01:02.859Z,232.342,232.356,0.0,7.4,0.0,0.0,0.0,0.0,0.0,0.0,0.0,0.0,1.0,0.0,0.0,0.0,9.0,4.0,0.0,0.0,0.0,0.0,0.0,0.0,0.0,0.0,4.0,12.0,1.0,12.18,5.0200000000000005,2.51,1.49,0.0,0.0,0.0,0.4,0.0,0.3,0.0,0.3,-169.60000000000002,0.0,0.0,169.70000000000002,0.0,21.3,29.3,29.3,29.9,300.0,300.0,31.6,35.5,29.200000000000003,28.4,30.3,4.96,1.99,4.96,0.16,0.0,0.0,1027.0,8228.0,0.0,0.0,0.0,0.0,0.0,1.0,0.0,0.0,0.0,0.0,0.0,0.2,0.0,-0.2,0.0,0.0,16.0,25903.0
2026-07-30T19:01:02.871Z,232.354,232.368,0.0,7.4,0.0,0.0,0.0,0.0,0.0,0.0,0.0,0.0,1.0,0.0,0.0,0.0,9.0,4.0,0.0,0.0,0.0,0.0,0.0,0.0,0.0,0.0,5.0,12.0,1.0,12.18,5.0200000000000005,2.51,1.49,0.0,0.1,0.0,0.5,0.0,-0.1,0.0,-1.4,-169.60000000000002,0.0,0.0,169.70000000000002,0.0,21.3,29.3,29.3,29.9,300.0,300.0,31.6,35.5,29.200000000000003,28.4,30.3,4.95,1.99,4.96,0.16,0.0,0.0,1027.0,8228.0,0.0,0.0,0.0,0.0,0.0,1.0,0.0,0.0,0.0,0.0,0.0,-1.0,0.0,1.2000000000000002,0.0,0.0,16.0,25903.0
2026-07-30T19:01:02.883Z,232.366,232.38,0.0,7.4,0.0,0.0,0.0,0.0,0.0,0.0,0.0,0.0,1.0,0.0,0.0,0.0,9.0,4.0,0.0,0.0,0.0,0.0,0.0,0.0,0.0,0.0,6.0,12.0,1.0,12.18,5.0200000000000005,2.51,1.49,0.0,0.0,0.0,0.4,0.0,0.4,1.8,0.9,-169.60000000000002,0.0,0.0,169.70000000000002,0.0,21.3,29.3,29.3,29.9,300.0,300.0,31.6,35.5,29.200000000000003,28.4,30.3,4.95,1.99,4.96,0.16,0.0,0.0,1027.0,8228.0,0.0,0.0,0.0,0.0,0.0,1.0,0.0,0.0,0.0,0.0,0.0,0.3,0.0,-0.3,0.0,0.0001,16.0,25903.0
2026-07-30T19:01:02.895Z,232.378,232.392,0.0,7.4,0.0,0.0,0.0,0.0,0.0,0.0,0.0,0.0,1.0,0.0,0.0,0.0,9.0,4.0,0.0,0.0,0.0,0.0,0.0,0.0,0.0,0.0,1.0,12.0,1.0,12.18,5.0200000000000005,2.51,1.49,0.0,0.1,0.0,0.5,0.0,0.4,0.0,-0.7000000000000001,-169.60000000000002,0.0,0.0,169.70000000000002,0.0,21.3,29.3,29.3,29.9,300.0,300.0,31.6,35.5,29.200000000000003,28.4,30.3,4.96,1.99,4.96,0.16,0.0,0.0,1027.0,8228.0,0.0,0.0,0.0,0.0,0.0,1.0,0.0,0.0,0.0,0.0,0.0,-1.3,0.0,0.0,0.0,0.0001,16.0,25903.0
2026-07-30T19:01:02.907Z,232.39,232.404,0.0,7.4,0.0,0.0,0.0,0.0,0.0,0.0,0.0,0.0,1.0,0.0,0.0,0.0,9.0,4.0,0.0,0.0,0.0,0.0,0.0,0.0,0.0,0.0,1.0,12.0,1.0,12.18,5.0200000000000005,2.51,1.49,0.0,0.0,0.0,0.4,0.0,0.4,0.6000000000000001,-0.7000000000000001,-169.60000000000002,0.0,0.0,169.70000000000002,0.0,21.3,29.3,29.3,29.9,300.0,300.0,31.6,35.5,29.200000000000003,28.4,30.3,4.96,1.99,4.97,0.16,0.0,0.0,1027.0,8228.0,0.0,0.0,0.0,0.0,0.0,1.0,0.0,0.0,0.0,0.0,0.0,0.6000000000000001,0.0,0.2,0.0,0.0,16.0,25903.0
2026-07-30T19:01:02.919Z,232.402,232.416,0.0,7.4,0.0,0.0,0.0,0.0,0.0,0.0,0.0,0.0,1.0,0.0,0.0,0.0,9.0,4.0,0.0,0.0,0.0,0.0,0.0,0.0,0.0,0.0,3.0,12.0,1.0,12.18,5.0200000000000005,2.51,1.49,0.0,0.0,0.0,0.4,0.0,0.4,-0.4,-0.7000000000000001,-169.60000000000002,0.0,0.0,169.8,0.0,21.3,29.3,29.3,29.9,300.0,300.0,31.6,35.5,29.200000000000003,28.4,30.3,4.95,1.99,4.97,0.16,0.0,0.0,1027.0,8228.0,0.0,0.0,0.0,0.0,0.0,1.0,0.0,0.0,0.0,0.0,0.0,-1.0,0.0,0.5,0.0,0.0,16.0,25903.0
2026-07-30T19:01:02.931Z,232.414,232.428,0.0,7.4,0.0,0.0,0.0,0.0,0.0,0.0,0.0,0.0,1.0,0.0,0.0,0.0,9.0,4.0,0.0,0.0,0.0,0.0,0.0,0.0,0.0,0.0,4.0,12.0,1.0,12.18,5.0200000000000005,2.51,1.49,0.0,0.0,0.0,0.5,0.0,-0.1,-0.4,0.0,-169.60000000000002,0.0,0.0,169.70000000000002,0.0,21.3,29.3,29.3,29.9,300.0,300.0,31.6,35.5,29.200000000000003,28.4,30.3,4.96,1.99,4.96,0.16,0.0,0.0,1027.0,8228.0,0.0,0.0,0.0,0.0,0.0,1.0,0.0,0.0,0.0,0.0,0.0,-0.6000000000000001,0.0,0.0,0.0,0.0002,16.0,25903.0
2026-07-30T19:01:02.943Z,232.426,232.44,0.0,7.4,0.0,0.0,0.0,0.0,0.0,0.0,0.0,0.0,1.0,0.0,0.0,0.0,9.0,4.0,0.0,0.0,0.0,0.0,0.0,0.0,0.0,0.0,5.0,12.0,1.0,12.18,5.0200000000000005,2.51,1.49,-0.1,0.1,0.0,0.4,0.0,-0.7000000000000001,0.1,0.0,-169.60000000000002,0.0,0.0,169.60000000000002,0.0,21.3,29.3,29.3,29.9,300.0,300.0,31.6,35.5,29.200000000000003,28.4,30.3,4.95,2.0,4.96,0.16,0.0,0.0,1027.0,8228.0,0.0,0.0,0.0,0.0,0.0,1.0,0.0,0.0,0.0,0.0,0.0,0.0,0.0,0.1,0.0,0.0,16.0,25903.0
2026-07-30T19:01:02.956Z,232.439,232.452,0.0,7.4,0.0,0.0,0.0,0.0,0.0,0.0,0.0,0.0,1.0,0.0,0.0,0.0,9.0,4.0,0.0,0.0,0.0,0.0,0.0,0.0,0.0,0.0,6.0,12.0,1.0,12.17,5.0200000000000005,2.51,1.49,0.0,0.0,0.0,0.4,0.0,-0.1,0.6000000000000001,0.5,-169.60000000000002,0.0,0.0,169.60000000000002,0.0,21.4,29.3,29.3,29.9,300.0,300.0,31.5,35.5,29.200000000000003,28.4,30.3,4.95,1.99,4.97,0.16,0.0,0.0,1027.0,8228.0,0.0,0.0,0.0,0.0,0.0,1.0,0.0,0.0,0.0,0.0,0.0,1.1,0.0,-0.3,0.0,0.0001,16.0,25903.0
2026-07-30T19:01:02.967Z,232.45,232.464,0.0,7.4,0.0,0.0,0.0,0.0,0.0,0.0,0.0,0.0,1.0,0.0,0.0,0.0,9.0,4.0,0.0,0.0,0.0,0.0,0.0,0.0,0.0,0.0,1.0,12.0,1.0,12.17,5.0200000000000005,2.51,1.49,0.0,0.0,0.0,0.4,0.0,-0.7000000000000001,-0.5,-0.6000000000000001,-169.60000000000002,0.0,0.0,169.60000000000002,0.0,21.4,29.3,29.3,29.9,300.0,300.0,31.5,35.5,29.200000000000003,28.4,30.3,4.95,1.99,4.97,0.16,0.0,0.0,1027.0,8228.0,0.0,0.0,0.0,0.0,0.0,1.0,0.0,0.0,0.0,0.0,0.0,-1.0,0.0,0.4,0.0,0.0,16.0,25903.0
2026-07-30T19:01:02.979Z,232.462,232.476,0.0,7.4,0.0,0.0,0.0,0.0,0.0,0.0,0.0,0.0,1.0,0.0,0.0,0.0,9.0,4.0,0.0,0.0,0.0,0.0,0.0,0.0,0.0,0.0,2.0,12.0,1.0,12.17,5.0200000000000005,2.51,1.49,0.0,0.0,0.0,0.4,0.0,0.9,-0.5,1.0,-169.60000000000002,0.0,0.0,169.60000000000002,0.0,21.4,29.3,29.3,29.9,300.0,300.0,31.5,35.5,29.200000000000003,28.4,30.3,4.96,1.99,4.96,0.16,0.0,0.0,1027.0,8228.0,0.0,0.0,0.0,0.0,0.0,1.0,0.0,0.0,0.0,0.0,0.0,0.2,0.0,-1.0,0.0,0.0,16.0,25903.0
2026-07-30T19:01:02.991Z,232.474,232.488,0.0,7.4,0.0,0.0,0.0,0.0,0.0,0.0,0.0,0.0,1.0,0.0,0.0,0.0,9.0,4.0,0.0,0.0,0.0,0.0,0.0,0.0,0.0,0.0,3.0,12.0,1.0,12.17,5.0200000000000005,2.51,1.49,0.0,0.0,0.0,0.5,0.0,-0.7000000000000001,-0.5,0.0,-169.60000000000002,0.0,0.0,169.70000000000002,0.0,21.4,29.3,29.3,29.9,300.0,300.0,31.5,35.5,29.200000000000003,28.4,30.3,4.95,1.99,4.97,0.16,0.0,0.0,1027.0,8228.0,0.0,0.0,0.0,0.0,0.0,1.0,0.0,0.0,0.0,0.0,0.0,-0.6000000000000001,0.0,0.0,0.0,0.0,16.0,25903.0
2026-07-30T19:01:03.003Z,232.486,232.5,0.0,7.4,0.0,0.0,0.0,0.0,0.0,0.0,0.0,0.0,1.0,0.0,0.0,0.0,9.0,4.0,0.0,0.0,0.0,0.0,0.0,0.0,0.0,0.0,4.0,12.0,1.0,12.17,5.0200000000000005,2.51,1.49,0.0,0.0,0.0,0.4,0.0,-0.8,-0.5,0.5,-169.60000000000002,0.0,0.0,169.8,0.0,21.4,29.3,29.3,29.9,300.0,300.0,31.5,35.5,29.200000000000003,28.4,30.3,4.95,1.99,4.96,0.16,0.0,0.0,1027.0,8228.0,0.0,0.0,0.0,0.0,0.0,1.0,0.0,0.0,0.0,0.0,0.0,-0.2,0.0,-0.5,0.0,0.0001,16.0,25903.0
2026-07-30T19:01:03.015Z,232.498,232.512,0.0,7.4,0.0,0.0,0.0,0.0,0.0,0.0,0.0,0.0,1.0,0.0,0.0,0.0,9.0,4.0,0.0,0.0,0.0,0.0,0.0,0.0,0.0,0.0,6.0,12.0,1.0,12.17,5.0200000000000005,2.51,1.49,0.0,0.1,0.0,0.4,0.0,1.5,0.0,0.5,-169.60000000000002,0.0,0.0,169.70000000000002,0.0,21.4,29.3,29.3,29.9,300.0,300.0,31.5,35.5,29.200000000000003,28.4,30.3,4.96,1.99,4.96,0.16,0.0,0.0,1027.0,8228.0,0.0,0.0,0.0,0.0,0.0,1.0,0.0,0.0,0.0,0.0,0.0,0.4,0.0,-0.4,0.0,0.0002,16.0,25903.0
2026-07-30T19:01:03.027Z,232.51,232.524,0.0,7.4,0.0,0.0,0.0,0.0,0.0,0.0,0.0,0.0,1.0,0.0,0.0,0.0,9.0,4.0,0.0,0.0,0.0,0.0,0.0,0.0,0.0,0.0,6.0,12.0,1.0,12.17,5.0200000000000005,2.51,1.49,0.0,0.0,0.0,0.4,0.0,-0.2,0.5,-1.2000000000000002,-169.60000000000002,0.0,0.0,169.60000000000002,0.0,21.4,29.3,29.3,29.9,300.0,300.0,31.5,35.5,29.200000000000003,28.4,30.3,4.95,1.99,4.96,0.16,0.0,0.0,1027.0,8228.0,0.0,0.0,0.0,0.0,0.0,1.0,0.0,0.0,0.0,0.0,0.0,-0.2,0.0,1.2000000000000002,0.0,0.0,16.0,25903.0
2026-07-30T19:01:03.039Z,232.522,232.536,0.0,7.4,0.0,0.0,0.0,0.0,0.0,0.0,0.0,0.0,1.0,0.0,0.0,0.0,9.0,4.0,0.0,0.0,0.0,0.0,0.0,0.0,0.0,0.0,1.0,12.0,1.0,12.17,5.0200000000000005,2.51,1.49,0.0,0.0,0.0,0.4,0.0,0.3,-1.7000000000000002,-1.2000000000000002,-169.60000000000002,0.0,0.0,169.60000000000002,0.0,21.4,29.3,29.3,29.9,300.0,300.0,31.5,35.5,29.200000000000003,28.4,30.3,4.96,1.99,4.97,0.16,0.0,0.0,1027.0,8228.0,0.0,0.0,0.0,0.0,0.0,1.0,0.0,0.0,0.0,0.0,0.0,-2.9000000000000004,0.0,0.6000000000000001,0.0,0.0001,16.0,25903.0
2026-07-30T19:01:03.051Z,232.534,232.548,0.0,7.4,0.0,0.0,0.0,0.0,0.0,0.0,0.0,0.0,1.0,0.0,0.0,0.0,9.0,4.0,0.0,0.0,0.0,0.0,0.0,0.0,0.0,0.0,3.0,12.0,1.0,12.17,5.0200000000000005,2.51,1.49,0.0,0.0,0.0,0.4,0.0,0.3,-0.6000000000000001,0.5,-169.60000000000002,0.0,0.0,169.60000000000002,0.0,21.4,29.3,29.3,29.9,300.0,300.0,31.5,35.5,29.200000000000003,28.4,30.3,4.96,1.99,4.96,0.16,0.0,0.0,1027.0,8228.0,0.0,0.0,0.0,0.0,0.0,1.0,0.0,0.0,0.0,0.0,0.0,-0.2,0.0,-0.6000000000000001,0.0,0.0,16.0,25903.0
2026-07-30T19:01:03.063Z,232.546,232.56,0.0,7.4,0.0,0.0,0.0,0.0,0.0,0.0,0.0,0.0,1.0,0.0,0.0,0.0,9.0,4.0,0.0,0.0,0.0,0.0,0.0,0.0,0.0,0.0,3.0,12.0,1.0,12.15,5.01,2.51,1.49,0.0,0.0,0.0,0.4,0.0,0.3,1.1,-0.5,-169.60000000000002,0.0,0.0,169.70000000000002,0.0,21.700000000000003,29.3,29.3,29.9,300.0,300.0,31.4,35.5,29.200000000000003,28.4,30.3,4.96,2.0,4.96,0.16,0.0,0.0,1027.0,8228.0,0.0,0.0,0.0,0.0,0.0,1.0,0.0,0.0,0.0,0.0,0.0,0.8,0.0,0.7000000000000001,0.0,0.0,16.0,25903.0
2026-07-30T19:01:03.075Z,232.558,232.572,0.0,7.4,0.0,0.0,0.0,0.0,0.0,0.0,0.0,0.0,1.0,0.0,0.0,0.0,9.0,4.0,0.0,0.0,0.0,0.0,0.0,0.0,0.0,0.0,5.0,12.0,1.0,12.15,5.01,2.51,1.49,0.0,0.0,0.0,0.4,0.0,-0.8,0.0,0.0,-169.60000000000002,0.0,0.0,169.70000000000002,0.0,21.700000000000003,29.3,29.3,29.9,300.0,300.0,31.4,35.5,29.200000000000003,28.4,30.3,4.95,2.0,4.96,0.18,0.0,0.0,1027.0,8228.0,0.0,0.0,0.0,0.0,0.0,1.0,0.0,0.0,0.0,0.0,0.0,0.0,0.0,0.0,0.0,0.0,16.0,25903.0
2026-07-30T19:01:03.095Z,232.578,232.584,0.0,7.4,0.0,0.0,0.0,0.0,0.0,0.0,0.0,0.0,1.0,0.0,0.0,0.0,9.0,4.0,0.0,0.0,0.0,0.0,0.0,0.0,0.0,0.0,6.0,12.0,1.0,12.15,5.01,2.51,1.49,0.0,0.0,0.0,0.4,0.0,-0.2,-0.5,-0.5,-169.60000000000002,0.0,0.0,169.70000000000002,0.0,21.700000000000003,29.3,29.3,29.9,300.0,300.0,31.4,35.5,29.200000000000003,28.4,30.3,4.96,1.99,4.97,0.18,0.0,0.0,1027.0,8228.0,0.0,0.0,0.0,0.0,0.0,1.0,0.0,0.0,0.0,0.0,0.0,-1.0,0.0,0.4,0.0,0.0,16.0,25903.0
2026-07-30T19:01:03.099Z,232.582,232.596,0.0,7.4,0.0,0.0,0.0,0.0,0.0,0.0,0.0,0.0,1.0,0.0,0.0,0.0,9.0,4.0,0.0,0.0,0.0,0.0,0.0,0.0,0.0,0.0,4.0,12.0,1.0,12.15,5.01,2.51,1.49,0.0,0.0,0.0,0.5,0.0,-0.8,-0.5,0.5,-169.60000000000002,0.0,0.0,169.70000000000002,0.0,21.700000000000003,29.3,29.3,29.9,300.0,300.0,31.4,35.5,29.200000000000003,28.4,30.3,4.96,2.0,4.97,0.16,0.0,0.0,1027.0,8228.0,0.0,0.0,0.0,0.0,0.0,1.0,0.0,0.0,0.0,0.0,0.0,-0.2,0.0,-0.5,0.0,0.0,16.0,25903.0
2026-07-30T19:01:03.111Z,232.594,232.608,0.0,7.4,0.0,0.0,0.0,0.0,0.0,0.0,0.0,0.0,1.0,0.0,0.0,0.0,9.0,4.0,0.0,0.0,0.0,0.0,0.0,0.0,0.0,0.0,5.0,12.0,1.0,12.15,5.01,2.51,1.49,0.0,0.0,0.0,0.4,0.0,-0.2,-0.5,-0.6000000000000001,-169.60000000000002,0.0,0.0,169.60000000000002,0.0,21.700000000000003,29.3,29.3,29.9,300.0,300.0,31.4,35.5,29.200000000000003,28.4,30.3,4.96,1.99,4.97,0.16,0.0,0.0,1027.0,8228.0,0.0,0.0,0.0,0.0,0.0,1.0,0.0,0.0,0.0,0.0,0.0,-1.1,0.0,0.4,0.0,0.0,16.0,25903.0
2026-07-30T19:01:03.123Z,232.606,232.62,0.0,7.4,0.0,0.0,0.0,0.0,0.0,0.0,0.0,0.0,1.0,0.0,0.0,0.0,9.0,4.0,0.0,0.0,0.0,0.0,0.0,0.0,0.0,0.0,6.0,12.0,1.0,12.15,5.01,2.51,1.49,0.0,0.0,0.0,0.4,0.0,-0.2,-0.5,0.5,-169.60000000000002,0.0,0.0,169.60000000000002,0.0,21.700000000000003,29.3,29.3,29.9,300.0,300.0,31.4,35.5,29.200000000000003,28.4,30.3,4.95,1.99,4.97,0.16,0.0,0.0,1027.0,8228.0,0.0,0.0,0.0,0.0,0.0,1.0,0.0,0.0,0.0,0.0,0.0,-0.2,0.0,-0.5,0.0,0.0,16.0,25903.0
2026-07-30T19:01:03.135Z,232.618,232.632,0.0,7.4,0.0,0.0,0.0,0.0,0.0,0.0,0.0,0.0,1.0,0.0,0.0,0.0,9.0,4.0,0.0,0.0,0.0,0.0,0.0,0.0,0.0,0.0,1.0,12.0,1.0,12.15,5.01,2.51,1.49,0.0,0.0,0.0,0.4,0.0,-0.8,-1.1,-1.1,-169.60000000000002,0.0,0.0,169.70000000000002,0.0,21.700000000000003,29.3,29.3,29.9,300.0,300.0,31.4,35.5,29.200000000000003,28.4,30.3,4.96,2.0,4.96,0.16,0.0,0.0,1027.0,8228.0,0.0,0.0,0.0,0.0,0.0,1.0,0.0,0.0,0.0,0.0,0.0,-2.1,0.0,0.8,0.0,0.0,16.0,25903.0
2026-07-30T19:01:03.146Z,232.629,232.644,0.0,7.4,0.0,0.0,0.0,0.0,0.0,0.0,0.0,0.0,1.0,0.0,0.0,0.0,9.0,4.0,0.0,0.0,0.0,0.0,0.0,0.0,0.0,0.0,2.0,12.0,1.0,12.15,5.01,2.51,1.49,0.0,0.0,0.0,0.4,0.0,-0.8,0.6000000000000001,-1.1,-169.60000000000002,0.0,0.0,169.70000000000002,0.0,21.700000000000003,29.3,29.3,29.9,300.0,300.0,31.4,35.5,29.200000000000003,28.4,30.3,4.96,1.99,4.97,0.16,0.0,0.0,1027.0,8228.0,0.0,0.0,0.0,0.0,0.0,1.0,0.0,0.0,0.0,0.0,0.0,-0.1,0.0,1.1,0.0,0.0,16.0,25903.0
2026-07-30T19:01:03.160Z,232.643,232.656,0.0,7.4,0.0,0.0,0.0,0.0,0.0,0.0,0.0,0.0,1.0,0.0,0.0,0.0,9.0,4.0,0.0,0.0,0.0,0.0,0.0,0.0,0.0,0.0,3.0,12.0,1.0,12.17,5.01,2.5,1.49,0.0,0.0,0.0,0.5,0.0,0.3,-0.5,-0.5,-169.60000000000002,0.0,0.0,169.60000000000002,0.0,21.4,29.3,29.3,29.9,300.0,300.0,31.3,35.5,29.200000000000003,28.4,30.3,4.95,1.99,4.97,0.16,0.0,0.0,1027.0,8228.0,0.0,0.0,0.0,0.0,0.0,1.0,0.0,0.0,0.0,0.0,0.0,-1.0,0.0,0.4,0.0,0.0,16.0,25903.0
2026-07-30T19:01:03.171Z,232.654,232.668,0.0,7.4,0.0,0.0,0.0,0.0,0.0,0.0,0.0,0.0,1.0,0.0,0.0,0.0,9.0,4.0,0.0,0.0,0.0,0.0,0.0,0.0,0.0,0.0,4.0,12.0,1.0,12.17,5.01,2.5,1.49,0.0,0.0,0.0,0.4,0.0,0.3,0.0,0.0,-169.60000000000002,0.0,0.0,169.60000000000002,0.0,21.4,29.3,29.3,29.9,300.0,300.0,31.3,35.5,29.200000000000003,28.4,30.3,4.96,1.99,4.97,0.16,0.0,0.0,1027.0,8228.0,0.0,0.0,0.0,0.0,0.0,1.0,0.0,0.0,0.0,0.0,0.0,0.0,0.0,0.0,0.0,0.0,16.0,25903.0
2026-07-30T19:01:03.183Z,232.666,232.68,0.0,7.4,0.0,0.0,0.0,0.0,0.0,0.0,0.0,0.0,1.0,0.0,0.0,0.0,9.0,4.0,0.0,0.0,0.0,0.0,0.0,0.0,0.0,0.0,6.0,12.0,1.0,12.17,5.01,2.5,1.49,0.0,0.0,0.0,0.4,0.0,-0.2,0.0,0.0,-169.60000000000002,0.0,0.0,169.8,0.0,21.4,29.3,29.3,29.9,300.0,300.0,31.3,35.5,29.200000000000003,28.4,30.3,4.96,1.99,4.97,0.16,0.0,0.0,1027.0,8228.0,0.0,0.0,0.0,0.0,0.0,1.0,0.0,0.0,0.0,0.0,0.0,0.0,0.0,0.0,0.0,0.0001,16.0,25903.0
2026-07-30T19:01:03.195Z,232.678,232.692,0.0,7.4,0.0,0.0,0.0,0.0,0.0,0.0,0.0,0.0,1.0,0.0,0.0,0.0,9.0,4.0,0.0,0.0,0.0,0.0,0.0,0.0,0.0,0.0,1.0,12.0,1.0,12.17,5.01,2.5,1.49,0.0,0.0,0.0,0.4,0.0,-0.2,-0.4,-1.2000000000000002,-169.60000000000002,0.0,0.0,169.70000000000002,0.0,21.4,29.3,29.3,29.9,300.0,300.0,31.3,35.5,29.200000000000003,28.4,30.3,4.96,1.99,4.97,0.16,0.0,0.0,1027.0,8228.0,0.0,0.0,0.0,0.0,0.0,1.0,0.0,0.0,0.0,0.0,0.0,-1.4,0.0,0.9,0.0,0.0002,16.0,25903.0
2026-07-30T19:01:03.207Z,232.69,232.704,0.0,7.4,0.0,0.0,0.0,0.0,0.0,0.0,0.0,0.0,1.0,0.0,0.0,0.0,9.0,4.0,0.0,0.0,0.0,0.0,0.0,0.0,0.0,0.0,2.0,12.0,1.0,12.17,5.01,2.5,1.49,0.0,0.1,0.0,0.4,0.0,-0.1,0.7000000000000001,-0.5,-169.60000000000002,0.0,0.0,169.60000000000002,0.0,21.4,29.3,29.3,29.9,300.0,300.0,31.3,35.5,29.200000000000003,28.4,30.3,4.95,1.99,4.97,0.16,0.0,0.0,1027.0,8228.0,0.0,0.0,0.0,0.0,0.0,1.0,0.0,0.0,0.0,0.0,0.0,0.4,0.0,0.6000000000000001,0.0,0.0001,16.0,25903.0
2026-07-30T19:01:03.220Z,232.703,232.716,0.0,7.4,0.0,0.0,0.0,0.0,0.0,0.0,0.0,0.0,1.0,0.0,0.0,0.0,9.0,4.0,0.0,0.0,0.0,0.0,0.0,0.0,0.0,0.0,2.0,12.0,1.0,12.17,5.01,2.5,1.49,0.0,0.0,0.0,0.5,0.0,0.3,0.1,0.5,-169.60000000000002,0.0,0.0,169.60000000000002,0.0,21.4,29.3,29.3,29.9,300.0,300.0,31.3,35.5,29.200000000000003,28.4,30.3,4.95,1.99,4.96,0.16,0.0,0.0,1027.0,8228.0,0.0,0.0,0.0,0.0,0.0,1.0,0.0,0.0,0.0,0.0,0.0,0.5,0.0,-0.4,0.0,0.0001,16.0,25903.0
2026-07-30T19:01:03.231Z,232.714,232.728,0.0,7.4,0.0,0.0,0.0,0.0,0.0,0.0,0.0,0.0,1.0,0.0,0.0,0.0,9.0,4.0,0.0,0.0,0.0,0.0,0.0,0.0,0.0,0.0,3.0,12.0,1.0,12.17,5.01,2.5,1.49,0.0,0.0,0.0,0.4,0.0,-0.2,0.1,0.0,-169.60000000000002,0.0,0.0,169.70000000000002,0.0,21.4,29.3,29.3,29.9,300.0,300.0,31.3,35.5,29.200000000000003,28.4,30.3,4.95,2.0,4.97,0.16,0.0,0.0,1027.0,8228.0,0.0,0.0,0.0,0.0,0.0,1.0,0.0,0.0,0.0,0.0,0.0,0.0,0.0,0.0,0.0,0.0,16.0,25903.0
2026-07-30T19:01:03.243Z,232.726,232.74,0.0,7.4,0.0,0.0,0.0,0.0,0.0,0.0,0.0,0.0,1.0,0.0,0.0,0.0,9.0,4.0,0.0,0.0,0.0,0.0,0.0,0.0,0.0,0.0,4.0,12.0,1.0,12.17,5.01,2.5,1.49,0.0,0.0,0.0,0.4,0.0,-0.2,1.2000000000000002,0.5,-169.60000000000002,0.0,0.0,169.70000000000002,0.0,21.4,29.3,29.3,29.9,300.0,300.0,31.3,35.5,29.200000000000003,28.4,30.3,4.95,1.99,4.96,0.16,0.0,0.0,1027.0,8228.0,0.0,0.0,0.0,0.0,0.0,1.0,0.0,0.0,0.0,0.0,0.0,1.8,0.0,-0.2,0.0,0.0,16.0,25903.0
2026-07-30T19:01:03.255Z,232.738,232.752,0.0,7.4,0.0,0.0,0.0,0.0,0.0,0.0,0.0,0.0,1.0,0.0,0.0,0.0,9.0,4.0,0.0,0.0,0.0,0.0,0.0,0.0,0.0,0.0,5.0,12.0,1.0,12.17,5.01,2.5,1.49,0.0,0.0,0.0,0.4,0.0,0.9,0.1,0.4,-169.60000000000002,0.0,0.0,169.60000000000002,0.0,21.4,29.3,29.3,29.9,300.0,300.0,31.3,35.5,29.200000000000003,28.4,30.3,4.96,1.99,4.96,0.16,0.0,0.0,1027.0,8228.0,0.0,0.0,0.0,0.0,0.0,1.0,0.0,0.0,0.0,0.0,0.0,0.4,0.0,-0.4,0.0,0.0001,16.0,25903.0
2026-07-30T19:01:03.267Z,232.75,232.764,0.0,7.4,0.0,0.0,0.0,0.0,0.0,0.0,0.0,0.0,1.0,0.0,0.0,0.0,9.0,4.0,0.0,0.0,0.0,0.0,0.0,0.0,0.0,0.0,6.0,12.0,1.0,12.15,5.01,2.51,1.5,0.0,0.0,0.0,0.5,0.0,0.4,-1.0,-0.6000000000000001,-169.60000000000002,0.0,0.0,169.70000000000002,0.0,21.700000000000003,29.3,29.3,29.9,300.0,300.0,31.4,35.5,29.200000000000003,28.4,30.3,4.96,1.99,4.96,0.16,0.0,0.0,1027.0,8228.0,0.0,0.0,0.0,0.0,0.0,1.0,0.0,0.0,0.0,0.0,0.0,-1.6,0.0,0.3,0.0,0.0,16.0,25903.0
2026-07-30T19:01:03.279Z,232.762,232.776,0.0,7.4,0.0,0.0,0.0,0.0,0.0,0.0,0.0,0.0,1.0,0.0,0.0,0.0,9.0,4.0,0.0,0.0,0.0,0.0,0.0,0.0,0.0,0.0,2.0,12.0,1.0,12.15,5.01,2.51,1.5,0.0,0.0,0.0,0.4,0.0,-0.1,-1.0,-0.6000000000000001,-169.60000000000002,0.0,0.0,169.8,0.0,21.700000000000003,29.3,29.3,29.9,300.0,300.0,31.4,35.5,29.200000000000003,28.4,30.3,4.95,1.99,4.96,0.16,0.0,0.0,1027.0,8228.0,0.0,0.0,0.0,0.0,0.0,1.0,0.0,0.0,0.0,0.0,0.0,-1.6,0.0,0.3,0.0,0.0,16.0,25903.0
2026-07-30T19:01:03.291Z,232.774,232.788,0.0,7.4,0.0,0.0,0.0,0.0,0.0,0.0,0.0,0.0,1.0,0.0,0.0,0.0,9.0,4.0,0.0,0.0,0.0,0.0,0.0,0.0,0.0,0.0,3.0,12.0,1.0,12.15,5.01,2.51,1.5,0.0,0.0,0.0,0.5,0.0,-0.2,1.2000000000000002,1.0,-169.60000000000002,0.0,0.0,169.70000000000002,0.0,21.700000000000003,29.3,29.3,29.9,300.0,300.0,31.4,35.5,29.200000000000003,28.4,30.3,4.95,1.99,4.96,0.16,0.0,0.0,1027.0,8228.0,0.0,0.0,0.0,0.0,0.0,1.0,0.0,0.0,0.0,0.0,0.0,2.1,0.0,-0.6000000000000001,0.0,0.0002,16.0,25903.0
2026-07-30T19:01:03.303Z,232.786,232.8,0.0,7.4,0.0,0.0,0.0,0.0,0.0,0.0,0.0,0.0,1.0,0.0,0.0,0.0,9.0,4.0,0.0,0.0,0.0,0.0,0.0,0.0,0.0,0.0,4.0,12.0,1.0,12.15,5.01,2.51,1.5,0.0,0.0,0.0,0.4,0.0,-0.2,0.0,-0.6000000000000001,-169.60000000000002,0.0,0.0,169.70000000000002,0.0,21.700000000000003,29.3,29.3,29.9,300.0,300.0,31.4,35.5,29.200000000000003,28.4,30.3,4.96,1.99,4.96,0.16,0.0,0.0,1027.0,8228.0,0.0,0.0,0.0,0.0,0.0,1.0,0.0,0.0,0.0,0.0,0.0,-0.3,0.0,0.6000000000000001,0.0,0.0,16.0,25903.0
2026-07-30T19:01:03.315Z,232.798,232.812,0.0,7.4,0.0,0.0,0.0,0.0,0.0,0.0,0.0,0.0,1.0,0.0,0.0,0.0,9.0,4.0,0.0,0.0,0.0,0.0,0.0,0.0,0.0,0.0,4.0,12.0,1.0,12.15,5.01,2.51,1.5,0.0,0.0,0.0,0.5,0.0,-0.8,-1.0,0.0,-169.60000000000002,0.0,0.0,169.70000000000002,0.0,21.700000000000003,29.3,29.3,29.9,300.0,300.0,31.4,35.5,29.200000000000003,28.4,30.3,4.95,1.99,4.97,0.16,0.0,0.0,1027.0,8228.0,0.0,0.0,0.0,0.0,0.0,1.0,0.0,0.0,0.0,0.0,0.0,-1.2000000000000002,0.0,-0.1,0.0,0.0001,16.0,25903.0
2026-07-30T19:01:03.327Z,232.81,232.824,0.0,7.4,0.0,0.0,0.0,0.0,0.0,0.0,0.0,0.0,1.0,0.0,0.0,0.0,9.0,4.0,0.0,0.0,0.0,0.0,0.0,0.0,0.0,0.0,6.0,12.0,1.0,12.15,5.01,2.51,1.5,0.0,0.0,0.0,0.4,0.0,-0.2,-0.4,1.6,-169.60000000000002,0.0,0.0,169.60000000000002,0.0,21.700000000000003,29.3,29.3,29.9,300.0,300.0,31.4,35.5,29.200000000000003,28.4,30.3,4.96,2.0,4.96,0.16,0.0,0.0,1027.0,8228.0,0.0,0.0,0.0,0.0,0.0,1.0,0.0,0.0,0.0,0.0,0.0,0.7000000000000001,0.0,-1.5,0.0,0.0001,16.0,25903.0
2026-07-30T19:01:03.339Z,232.822,232.836,0.0,7.4,0.0,0.0,0.0,0.0,0.0,0.0,0.0,0.0,1.0,0.0,0.0,0.0,9.0,4.0,0.0,0.0,0.0,0.0,0.0,0.0,0.0,0.0,1.0,12.0,1.0,12.15,5.01,2.51,1.5,-0.1,0.1,0.0,0.4,0.0,0.3,0.0,0.4,-169.60000000000002,0.0,0.0,169.60000000000002,0.0,21.700000000000003,29.3,29.3,29.9,300.0,300.0,31.4,35.5,29.200000000000003,28.4,30.3,4.96,1.99,4.97,0.16,0.0,0.0,1027.0,8228.0,0.0,0.0,0.0,0.0,0.0,1.0,0.0,0.0,0.0,0.0,0.0,0.3,0.0,-0.4,0.0,0.0001,16.0,25903.0
2026-07-30T19:01:03.351Z,232.834,232.848,0.0,7.4,0.0,0.0,0.0,0.0,0.0,0.0,0.0,0.0,1.0,0.0,0.0,0.0,9.0,4.0,0.0,0.0,0.0,0.0,0.0,0.0,0.0,0.0,2.0,12.0,1.0,12.15,5.01,2.51,1.5,0.0,0.0,0.0,0.4,0.0,0.3,0.0,-0.1,-169.60000000000002,0.0,0.0,169.70000000000002,0.0,21.700000000000003,29.3,29.3,29.9,300.0,300.0,31.4,35.5,29.200000000000003,28.4,30.3,4.95,1.99,4.97,0.16,0.0,0.0,1027.0,8228.0,0.0,0.0,0.0,0.0,0.0,1.0,0.0,0.0,0.0,0.0,0.0,0.0,0.0,0.1,0.0,0.0,16.0,25903.0
2026-07-30T19:01:03.364Z,232.847,232.86,0.0,7.4,0.0,0.0,0.0,0.0,0.0,0.0,0.0,0.0,1.0,0.0,0.0,0.0,9.0,4.0,0.0,0.0,0.0,0.0,0.0,0.0,0.0,0.0,3.0,12.0,1.0,12.17,5.0200000000000005,2.51,1.49,0.0,0.0,0.0,0.5,0.0,-0.2,-1.0,0.4,-169.60000000000002,0.0,0.0,169.60000000000002,0.0,21.3,29.3,29.3,29.9,300.0,300.0,31.5,35.6,29.200000000000003,28.4,30.3,4.95,1.99,4.96,0.16,0.0,0.0,1027.0,8228.0,0.0,0.0,0.0,0.0,0.0,1.0,0.0,0.0,0.0,0.0,0.0,-0.8,0.0,-0.6000000000000001,0.0,0.0001,16.0,25903.0
2026-07-30T19:01:03.375Z,232.858,232.872,0.0,7.4,0.0,0.0,0.0,0.0,0.0,0.0,0.0,0.0,1.0,0.0,0.0,0.0,9.0,4.0,0.0,0.0,0.0,0.0,0.0,0.0,0.0,0.0,5.0,12.0,1.0,12.17,5.0200000000000005,2.51,1.49,0.0,0.0,0.0,0.4,0.0,-1.4,-1.0,0.4,-169.60000000000002,0.0,0.0,169.70000000000002,0.0,21.3,29.3,29.3,29.9,300.0,300.0,31.5,35.6,29.200000000000003,28.4,30.3,4.96,2.0,4.96,0.16,0.0,0.0,1027.0,8228.0,0.0,0.0,0.0,0.0,0.0,1.0,0.0,0.0,0.0,0.0,0.0,-0.8,0.0,-0.6000000000000001,0.0,0.0,16.0,25903.0
2026-07-30T19:01:03.387Z,232.87,232.884,0.0,7.4,0.0,0.0,0.0,0.0,0.0,0.0,0.0,0.0,1.0,0.0,0.0,0.0,9.0,4.0,0.0,0.0,0.0,0.0,0.0,0.0,0.0,0.0,5.0,12.0,1.0,12.17,5.0200000000000005,2.51,1.49,0.0,0.0,0.0,0.5,0.0,0.3,1.2000000000000002,1.0,-169.60000000000002,0.0,0.0,169.60000000000002,0.0,21.3,29.3,29.3,29.9,300.0,300.0,31.5,35.6,29.200000000000003,28.4,30.3,4.96,1.99,4.97,0.16,0.0,0.0,1027.0,8228.0,0.0,0.0,0.0,0.0,0.0,1.0,0.0,0.0,0.0,0.0,0.0,2.1,0.0,0.0,0.0,0.0,16.0,25903.0
2026-07-30T19:01:03.409Z,232.892,232.896,0.0,7.4,0.0,0.0,0.0,0.0,0.0,0.0,0.0,0.0,1.0,0.0,0.0,0.0,9.0,4.0,0.0,0.0,0.0,0.0,0.0,0.0,0.0,0.0,6.0,12.0,1.0,12.17,5.0200000000000005,2.51,1.49,0.0,0.0,0.0,0.5,0.0,0.3,0.6000000000000001,-0.6000000000000001,-169.60000000000002,0.0,0.0,169.70000000000002,0.0,21.3,29.3,29.3,29.9,300.0,300.0,31.5,35.6,29.200000000000003,28.4,30.3,4.95,1.99,4.97,0.16,0.0,0.0,1027.0,8228.0,0.0,0.0,0.0,0.0,0.0,1.0,0.0,0.0,0.0,0.0,0.0,-0.4,0.0,0.6000000000000001,0.0,0.0,16.0,25903.0
2026-07-30T19:01:03.412Z,232.895,232.908,0.0,7.4,0.0,0.0,0.0,0.0,0.0,0.0,0.0,0.0,1.0,0.0,0.0,0.0,9.0,4.0,0.0,0.0,0.0,0.0,0.0,0.0,0.0,0.0,6.0,12.0,1.0,12.17,5.0200000000000005,2.51,1.49,0.0,0.0,0.0,0.4,0.0,-0.8,0.0,0.4,-169.60000000000002,0.0,0.0,169.60000000000002,0.0,21.3,29.3,29.3,29.9,300.0,300.0,31.5,35.6,29.200000000000003,28.4,30.3,4.96,1.99,4.96,0.16,0.0,0.0,1027.0,8228.0,0.0,0.0,0.0,0.0,0.0,1.0,0.0,0.0,0.0,0.0,0.0,-1.0,0.0,0.4,0.0,0.0,16.0,25903.0
2026-07-30T19:01:03.423Z,232.906,232.92,0.0,7.4,0.0,0.0,0.0,0.0,0.0,0.0,0.0,0.0,1.0,0.0,0.0,0.0,9.0,4.0,0.0,0.0,0.0,0.0,0.0,0.0,0.0,0.0,5.0,12.0,1.0,12.17,5.0200000000000005,2.51,1.49,0.0,0.1,0.0,0.4,0.0,-0.8,-1.1,-0.6000000000000001,-169.60000000000002,0.0,0.0,169.70000000000002,0.0,21.3,29.3,29.3,29.9,300.0,300.0,31.5,35.6,29.200000000000003,28.4,30.3,4.95,1.99,4.96,0.16,0.0,0.0,1027.0,8228.0,0.0,0.0,0.0,0.0,0.0,1.0,0.0,0.0,0.0,0.0,0.0,0.2,0.0,-1.0,0.0,0.0,16.0,25903.0
2026-07-30T19:01:03.435Z,232.918,232.932,0.0,7.4,0.0,0.0,0.0,0.0,0.0,0.0,0.0,0.0,1.0,0.0,0.0,0.0,9.0,4.0,0.0,0.0,0.0,0.0,0.0,0.0,0.0,0.0,6.0,12.0,1.0,12.17,5.0200000000000005,2.51,1.49,0.0,0.0,0.0,0.4,0.0,-0.7000000000000001,-0.5,-0.6000000000000001,-169.60000000000002,0.0,0.0,169.70000000000002,0.0,21.3,29.3,29.3,29.9,300.0,300.0,31.5,35.6,29.200000000000003,28.4,30.3,4.95,1.99,4.97,0.16,0.0,0.0,1027.0,8228.0,0.0,0.0,0.0,0.0,0.0,1.0,0.0,0.0,0.0,0.0,0.0,-1.0,0.0,0.4,0.0,0.0001,16.0,25903.0
2026-07-30T19:01:03.447Z,232.93,232.944,0.0,7.4,0.0,0.0,0.0,0.0,0.0,0.0,0.0,0.0,1.0,0.0,0.0,0.0,9.0,4.0,0.0,0.0,0.0,0.0,0.0,0.0,0.0,0.0,1.0,12.0,1.0,12.17,5.0200000000000005,2.51,1.49,0.0,0.0,0.0,0.4,0.0,-0.2,0.0,1.6,-169.60000000000002,0.0,0.0,169.60000000000002,0.0,21.3,29.3,29.3,29.9,300.0,300.0,31.5,35.6,29.200000000000003,28.4,30.3,4.95,2.0,4.97,0.16,0.0,0.0,1027.0,8228.0,0.0,0.0,0.0,0.0,0.0,1.0,0.0,0.0,0.0,0.0,0.0,1.3,0.0,-1.4,0.0,0.0001,16.0,25903.0
2026-07-30T19:01:03.459Z,232.942,232.956,0.0,7.4,0.0,0.0,0.0,0.0,0.0,0.0,0.0,0.0,1.0,0.0,0.0,0.0,9.0,4.0,0.0,0.0,0.0,0.0,0.0,0.0,0.0,0.0,1.0,12.0,1.0,12.17,5.0200000000000005,2.51,1.49,0.0,0.0,0.0,0.4,0.0,-0.2,-1.0,-0.6000000000000001,-169.60000000000002,0.0,0.0,169.60000000000002,0.0,21.3,29.3,29.3,29.9,300.0,300.0,31.5,35.6,29.200000000000003,28.4,30.3,4.96,2.0,4.96,0.16,0.0,0.0,1027.0,8228.0,0.0,0.0,0.0,0.0,0.0,1.0,0.0,0.0,0.0,0.0,0.0,-1.7000000000000002,0.0,0.3,0.0,0.0,16.0,25903.0
2026-07-30T19:01:03.471Z,232.954,232.968,0.0,7.4,0.0,0.0,0.0,0.0,0.0,0.0,0.0,0.0,1.0,0.0,0.0,0.0,9.0,4.0,0.0,0.0,0.0,0.0,0.0,0.0,0.0,0.0,3.0,12.0,1.0,12.14,5.01,2.51,1.49,0.0,0.0,0.0,0.4,0.0,1.5,-0.4,-0.1,-169.60000000000002,0.0,0.0,169.70000000000002,0.0,21.4,29.3,29.3,29.9,300.0,300.0,31.3,35.5,29.200000000000003,28.4,30.3,4.95,1.99,4.97,0.16,0.0,0.0,1027.0,8228.0,0.0,0.0,0.0,0.0,0.0,1.0,0.0,0.0,0.0,0.0,0.0,-0.6000000000000001,0.0,0.0,0.0,0.0001,16.0,25903.0
2026-07-30T19:01:03.483Z,232.966,232.98,0.0,7.4,0.0,0.0,0.0,0.0,0.0,0.0,0.0,0.0,1.0,0.0,0.0,0.0,9.0,4.0,0.0,0.0,0.0,0.0,0.0,0.0,0.0,0.0,4.0,12.0,1.0,12.14,5.01,2.51,1.49,0.0,0.0,0.0,0.4,0.0,-1.4,-0.5,-1.3,-169.60000000000002,0.0,0.0,169.70000000000002,0.0,21.4,29.3,29.3,29.9,300.0,300.0,31.3,35.5,29.200000000000003,28.4,30.3,4.95,2.0,4.96,0.16,0.0,0.0,1027.0,8228.0,0.0,0.0,0.0,0.0,0.0,1.0,0.0,0.0,0.0,0.0,0.0,-1.5,0.0,1.0,0.0,0.0001,16.0,25903.0
2026-07-30T19:01:03.495Z,232.978,232.992,0.0,7.4,0.0,0.0,0.0,0.0,0.0,0.0,0.0,0.0,1.0,0.0,0.0,0.0,9.0,4.0,0.0,0.0,0.0,0.0,0.0,0.0,0.0,0.0,4.0,12.0,1.0,12.14,5.01,2.51,1.49,0.0,0.0,0.0,0.4,0.0,-0.2,0.1,-0.1,-169.60000000000002,0.0,0.0,169.70000000000002,0.0,21.4,29.3,29.3,29.9,300.0,300.0,31.3,35.5,29.200000000000003,28.4,30.3,4.96,2.0,4.96,0.16,0.0,0.0,1027.0,8228.0,0.0,0.0,0.0,0.0,0.0,1.0,0.0,0.0,0.0,0.0,0.0,0.0,0.0,0.1,0.0,0.0001,16.0,25903.0
2026-07-30T19:01:03.507Z,232.99,233.004,0.0,7.4,0.0,0.0,0.0,0.0,0.0,0.0,0.0,0.0,1.0,0.0,0.0,0.0,9.0,4.0,0.0,0.0,0.0,0.0,0.0,0.0,0.0,0.0,5.0,12.0,1.0,12.14,5.01,2.51,1.49,0.0,0.0,0.0,0.4,0.0,-0.2,-0.4,-0.6000000000000001,-169.60000000000002,0.0,0.0,169.60000000000002,0.0,21.4,29.3,29.3,29.9,300.0,300.0,31.3,35.5,29.200000000000003,28.4,30.3,4.96,2.0,4.96,0.16,0.0,0.0,1027.0,8228.0,0.0,0.0,0.0,0.0,0.0,1.0,0.0,0.0,0.0,0.0,0.0,-1.0,0.0,0.4,0.0,0.0,16.0,25903.0
2026-07-30T19:01:03.519Z,233.002,233.016,0.0,7.4,0.0,0.0,0.0,0.0,0.0,0.0,0.0,0.0,1.0,0.0,0.0,0.0,9.0,4.0,0.0,0.0,0.0,0.0,0.0,0.0,0.0,0.0,6.0,12.0,1.0,12.14,5.01,2.51,1.49,0.0,0.0,0.0,0.4,0.0,0.2,-1.0,-0.6000000000000001,-169.60000000000002,0.0,0.0,169.70000000000002,0.0,21.4,29.3,29.3,29.9,300.0,300.0,31.3,35.5,29.200000000000003,28.4,30.3,4.95,1.99,4.97,0.16,0.0,0.0,1027.0,8228.0,0.0,0.0,0.0,0.0,0.0,1.0,0.0,0.0,0.0,0.0,0.0,-1.7000000000000002,0.0,0.3,0.0,0.0001,16.0,25903.0
2026-07-30T19:01:03.531Z,233.014,233.028,0.0,7.4,0.0,0.0,0.0,0.0,0.0,0.0,0.0,0.0,1.0,0.0,0.0,0.0,9.0,4.0,0.0,0.0,0.0,0.0,0.0,0.0,0.0,0.0,1.0,12.0,1.0,12.14,5.01,2.51,1.49,0.0,0.0,0.0,0.4,0.0,0.8,0.0,-0.6000000000000001,-169.60000000000002,0.0,0.0,169.70000000000002,0.0,21.4,29.3,29.3,29.9,300.0,300.0,31.3,35.5,29.200000000000003,28.4,30.3,4.95,1.99,4.96,0.16,0.0,0.0,1027.0,8228.0,0.0,0.0,0.0,0.0,0.0,1.0,0.0,0.0,0.0,0.0,0.0,-0.4,0.0,0.5,0.0,0.0,16.0,25903.0
2026-07-30T19:01:03.543Z,233.026,233.04,0.0,7.4,0.0,0.0,0.0,0.0,0.0,0.0,0.0,0.0,1.0,0.0,0.0,0.0,9.0,4.0,0.0,0.0,0.0,0.0,0.0,0.0,0.0,0.0,2.0,12.0,1.0,12.14,5.01,2.51,1.49,0.0,0.0,0.0,0.4,0.0,-0.3,1.2000000000000002,-0.1,-169.60000000000002,0.0,0.0,169.8,0.0,21.4,29.3,29.3,29.9,300.0,300.0,31.3,35.5,29.200000000000003,28.4,30.3,4.96,1.99,4.96,0.16,0.0,0.0,1027.0,8228.0,0.0,0.0,0.0,0.0,0.0,1.0,0.0,0.0,0.0,0.0,0.0,1.3,0.0,0.3,0.0,0.0001,16.0,25903.0
2026-07-30T19:01:03.555Z,233.038,233.052,0.0,7.4,0.0,0.0,0.0,0.0,0.0,0.0,0.0,0.0,1.0,0.0,0.0,0.0,9.0,4.0,0.0,0.0,0.0,0.0,0.0,0.0,0.0,0.0,3.0,12.0,1.0,12.14,5.01,2.51,1.49,0.0,0.0,0.0,0.4,0.0,-0.3,0.0,1.0,-169.60000000000002,0.0,0.0,169.70000000000002,0.0,21.4,29.3,29.3,29.9,300.0,300.0,31.3,35.5,29.200000000000003,28.4,30.3,4.95,1.99,4.97,0.16,0.0,0.0,1027.0,8228.0,0.0,0.0,0.0,0.0,0.0,1.0,0.0,0.0,0.0,0.0,0.0,0.8,0.0,-0.9,0.0,0.0002,16.0,25903.0
2026-07-30T19:01:03.568Z,233.051,233.064,0.0,7.4,0.0,0.0,0.0,0.0,0.0,0.0,0.0,0.0,1.0,0.0,0.0,0.0,9.0,4.0,0.0,0.0,0.0,0.0,0.0,0.0,0.0,0.0,5.0,12.0,1.0,12.17,5.0200000000000005,2.51,1.49,0.0,0.0,0.0,0.4,0.0,0.2,0.6000000000000001,1.7000000000000002,-169.60000000000002,0.0,0.0,169.70000000000002,0.0,21.4,29.3,29.3,29.9,300.0,300.0,31.4,35.5,29.200000000000003,28.4,30.3,4.96,1.99,4.96,0.16,0.0,0.0,1027.0,8228.0,0.0,0.0,0.0,0.0,0.0,1.0,0.0,0.0,0.0,0.0,0.0,1.9,0.0,-1.3,0.0,0.0,16.0,25903.0
2026-07-30T19:01:03.579Z,233.062,233.076,0.0,7.4,0.0,0.0,0.0,0.0,0.0,0.0,0.0,0.0,1.0,0.0,0.0,0.0,9.0,4.0,0.0,0.0,0.0,0.0,0.0,0.0,0.0,0.0,5.0,12.0,1.0,12.17,5.0200000000000005,2.51,1.49,0.0,0.0,0.0,0.4,0.0,-0.3,0.0,1.1,-169.60000000000002,0.0,0.0,169.60000000000002,0.0,21.4,29.3,29.3,29.9,300.0,300.0,31.4,35.5,29.200000000000003,28.4,30.3,4.96,2.0,4.96,0.17,0.0,0.0,1027.0,8228.0,0.0,0.0,0.0,0.0,0.0,1.0,0.0,0.0,0.0,0.0,0.0,0.7000000000000001,0.0,-0.9,0.0,0.0,16.0,25903.0
2026-07-30T19:01:03.591Z,233.074,233.088,0.0,7.4,0.0,0.0,0.0,0.0,0.0,0.0,0.0,0.0,1.0,0.0,0.0,0.0,9.0,4.0,0.0,0.0,0.0,0.0,0.0,0.0,0.0,0.0,1.0,12.0,1.0,12.17,5.0200000000000005,2.51,1.49,0.0,0.1,0.0,0.4,0.0,-0.2,0.0,-1.2000000000000002,-169.60000000000002,0.0,0.0,169.70000000000002,0.0,21.4,29.3,29.3,29.9,300.0,300.0,31.4,35.5,29.200000000000003,28.4,30.3,4.95,1.99,4.96,0.16,0.0,0.0,1027.0,8228.0,0.0,0.0,0.0,0.0,0.0,1.0,0.0,0.0,0.0,0.0,0.0,-0.9,0.0,1.0,0.0,0.0,16.0,25903.0
2026-07-30T19:01:03.603Z,233.086,233.1,0.0,7.4,0.0,0.0,0.0,0.0,0.0,0.0,0.0,0.0,1.0,0.0,0.0,0.0,9.0,4.0,0.0,0.0,0.0,0.0,0.0,0.0,0.0,0.0,2.0,12.0,1.0,12.17,5.0200000000000005,2.51,1.49,0.0,0.0,0.0,0.4,0.0,0.3,0.0,0.0,-169.60000000000002,0.0,0.0,169.70000000000002,0.0,21.4,29.3,29.3,29.9,300.0,300.0,31.4,35.5,29.200000000000003,28.4,30.3,4.95,1.99,4.97,0.16,0.0,0.0,1027.0,8228.0,0.0,0.0,0.0,0.0,0.0,1.0,0.0,0.0,0.0,0.0,0.0,0.0,0.0,0.0,0.0,0.0,16.0,25903.0
2026-07-30T19:01:03.615Z,233.098,233.112,0.0,7.4,0.0,0.0,0.0,0.0,0.0,0.0,0.0,0.0,1.0,0.0,0.0,0.0,9.0,4.0,0.0,0.0,0.0,0.0,0.0,0.0,0.0,0.0,2.0,12.0,1.0,12.17,5.0200000000000005,2.51,1.49,0.0,0.0,0.0,0.4,0.0,-0.2,0.0,0.0,-169.60000000000002,0.0,0.0,169.8,0.0,21.4,29.3,29.3,29.9,300.0,300.0,31.4,35.5,29.200000000000003,28.4,30.3,4.95,1.99,4.96,0.16,0.0,0.0,1027.0,8228.0,0.0,0.0,0.0,0.0,0.0,1.0,0.0,0.0,0.0,0.0,0.0,0.0,0.0,0.0,0.0,0.0,16.0,25903.0
2026-07-30T19:01:03.626Z,233.109,233.124,0.0,7.4,0.0,0.0,0.0,0.0,0.0,0.0,0.0,0.0,1.0,0.0,0.0,0.0,9.0,4.0,0.0,0.0,0.0,0.0,0.0,0.0,0.0,0.0,3.0,12.0,1.0,12.17,5.0200000000000005,2.51,1.49,0.0,0.0,0.0,0.4,0.0,0.3,0.6000000000000001,0.4,-169.60000000000002,0.0,0.0,169.60000000000002,0.0,21.4,29.3,29.3,29.9,300.0,300.0,31.4,35.5,29.200000000000003,28.4,30.3,4.95,1.99,4.97,0.16,0.0,0.0,1027.0,8228.0,0.0,0.0,0.0,0.0,0.0,1.0,0.0,0.0,0.0,0.0,0.0,1.0,0.0,-0.2,0.0,0.0,16.0,25903.0
2026-07-30T19:01:03.639Z,233.122,233.136,0.0,7.4,0.0,0.0,0.0,0.0,0.0,0.0,0.0,0.0,1.0,0.0,0.0,0.0,9.0,4.0,0.0,0.0,0.0,0.0,0.0,0.0,0.0,0.0,4.0,12.0,1.0,12.17,5.0200000000000005,2.51,1.49,0.0,0.0,0.0,0.4,0.0,0.3,0.6000000000000001,-0.1,-169.60000000000002,0.0,0.0,169.70000000000002,0.0,21.4,29.3,29.3,29.9,300.0,300.0,31.4,35.5,29.200000000000003,28.4,30.3,4.95,1.99,4.97,0.16,0.0,0.0,1027.0,8228.0,0.0,0.0,0.0,0.0,0.0,1.0,0.0,0.0,0.0,0.0,0.0,0.6000000000000001,0.0,0.2,0.0,0.0002,16.0,25903.0
2026-07-30T19:01:03.651Z,233.134,233.148,0.0,7.4,0.0,0.0,0.0,0.0,0.0,0.0,0.0,0.0,1.0,0.0,0.0,0.0,9.0,4.0,0.0,0.0,0.0,0.0,0.0,0.0,0.0,0.0,6.0,12.0,1.0,12.17,5.0200000000000005,2.51,1.49,0.0,0.0,0.0,0.4,0.0,-0.2,0.1,-0.6000000000000001,-169.60000000000002,0.0,0.0,169.70000000000002,0.0,21.4,29.3,29.3,29.9,300.0,300.0,31.4,35.5,29.200000000000003,28.4,30.3,4.95,1.99,4.96,0.16,0.0,0.0,1027.0,8228.0,0.0,0.0,0.0,0.0,0.0,1.0,0.0,0.0,0.0,0.0,0.0,-0.3,0.0,0.6000000000000001,0.0,0.0,16.0,25903.0
2026-07-30T19:01:03.663Z,233.146,233.16,0.0,7.4,0.0,0.0,0.0,0.0,0.0,0.0,0.0,0.0,1.0,0.0,0.0,0.0,9.0,4.0,0.0,0.0,0.0,0.0,0.0,0.0,0.0,0.0,1.0,12.0,1.0,12.17,5.0200000000000005,2.51,1.49,-0.1,0.0,0.0,0.4,0.0,-0.8,-0.4,0.4,-169.60000000000002,0.0,0.0,169.70000000000002,0.0,21.4,29.3,29.3,29.9,300.0,300.0,31.4,35.5,29.200000000000003,28.4,30.3,4.95,2.0,4.97,0.16,0.0,0.0,1027.0,8228.0,0.0,0.0,0.0,0.0,0.0,1.0,0.0,0.0,0.0,0.0,0.0,-0.1,0.0,-0.5,0.0,0.0,16.0,25903.0
2026-07-30T19:01:03.675Z,233.158,233.172,0.0,7.4,0.0,0.0,0.0,0.0,0.0,0.0,0.0,0.0,1.0,0.0,0.0,0.0,9.0,4.0,0.0,0.0,0.0,0.0,0.0,0.0,0.0,0.0,2.0,12.0,1.0,12.13,5.01,2.51,1.49,0.0,0.0,0.0,0.5,0.0,-0.1,0.7000000000000001,0.5,-169.60000000000002,0.0,0.0,169.70000000000002,0.0,21.8,29.3,29.3,29.9,300.0,300.0,31.5,35.5,29.200000000000003,28.4,30.3,4.95,1.99,4.97,0.16,0.0,0.0,1027.0,8228.0,0.0,0.0,0.0,0.0,0.0,1.0,0.0,0.0,0.0,0.0,0.0,1.2000000000000002,0.0,-0.2,0.0,0.0001,16.0,25903.0
2026-07-30T19:01:03.687Z,233.17,233.184,0.0,7.4,0.0,0.0,0.0,0.0,0.0,0.0,0.0,0.0,1.0,0.0,0.0,0.0,9.0,4.0,0.0,0.0,0.0,0.0,0.0,0.0,0.0,0.0,3.0,12.0,1.0,12.13,5.01,2.51,1.49,0.0,0.1,0.0,0.5,0.0,0.4,0.1,0.0,-169.60000000000002,0.0,0.0,169.8,0.0,21.8,29.3,29.3,29.9,300.0,300.0,31.5,35.5,29.200000000000003,28.4,30.3,4.95,1.99,4.97,0.16,0.0,0.0,1027.0,8228.0,0.0,0.0,0.0,0.0,0.0,1.0,0.0,0.0,0.0,0.0,0.0,0.1,0.0,0.0,0.0,0.0001,16.0,25903.0
2026-07-30T19:01:03.699Z,233.182,233.196,0.0,7.4,0.0,0.0,0.0,0.0,0.0,0.0,0.0,0.0,1.0,0.0,0.0,0.0,9.0,4.0,0.0,0.0,0.0,0.0,0.0,0.0,0.0,0.0,5.0,12.0,1.0,12.13,5.01,2.51,1.49,0.0,0.1,0.0,0.4,0.0,0.4,-0.9,-1.2000000000000002,-169.60000000000002,0.0,0.0,169.70000000000002,0.0,21.8,29.3,29.3,29.9,300.0,300.0,31.5,35.5,29.200000000000003,28.4,30.3,4.96,1.99,4.96,0.16,0.0,0.0,1027.0,8228.0,0.0,0.0,0.0,0.0,0.0,1.0,0.0,0.0,0.0,0.0,0.0,-2.0,0.0,0.8,0.0,0.0001,16.0,25903.0
2026-07-30T19:01:03.711Z,233.194,233.208,0.0,7.4,0.0,0.0,0.0,0.0,0.0,0.0,0.0,0.0,1.0,0.0,0.0,0.0,9.0,4.0,0.0,0.0,0.0,0.0,0.0,0.0,0.0,0.0,6.0,12.0,1.0,12.13,5.01,2.51,1.49,0.0,0.0,0.0,0.4,0.0,1.0,-0.3,0.5,-169.60000000000002,0.0,0.0,169.70000000000002,0.0,21.8,29.3,29.3,29.9,300.0,300.0,31.5,35.5,29.200000000000003,28.4,30.3,4.95,1.99,4.97,0.16,0.0,0.0,1027.0,8228.0,0.0,0.0,0.0,0.0,0.0,1.0,0.0,0.0,0.0,0.0,0.0,0.0,0.0,-0.5,0.0,0.0,16.0,25903.0
2026-07-30T19:01:03.727Z,233.21,233.22,0.0,7.4,0.0,0.0,0.0,0.0,0.0,0.0,0.0,0.0,1.0,0.0,0.0,0.0,9.0,4.0,0.0,0.0,0.0,0.0,0.0,0.0,0.0,0.0,6.0,12.0,1.0,12.13,5.01,2.51,1.49,0.0,0.0,0.0,0.4,0.0,-0.1,0.1,0.0,-169.60000000000002,0.0,0.0,169.70000000000002,0.0,21.8,29.3,29.3,29.9,300.0,300.0,31.5,35.5,29.200000000000003,28.4,30.3,4.95,1.99,4.96,0.16,0.0,0.0,1027.0,8228.0,0.0,0.0,0.0,0.0,0.0,1.0,0.0,0.0,0.0,0.0,0.0,0.1,0.0,0.0,0.0,0.0,16.0,25903.0
2026-07-30T19:01:03.734Z,233.217,233.232,0.0,7.4,0.0,0.0,0.0,0.0,0.0,0.0,0.0,0.0,1.0,0.0,0.0,0.0,9.0,4.0,0.0,0.0,0.0,0.0,0.0,0.0,0.0,0.0,4.0,12.0,1.0,12.13,5.01,2.51,1.49,0.0,0.0,0.0,0.4,0.0,-0.1,0.1,-1.8,-169.60000000000002,0.0,0.0,169.60000000000002,0.0,21.8,29.3,29.3,29.9,300.0,300.0,31.5,35.5,29.200000000000003,28.4,30.3,4.95,1.99,4.96,0.16,0.0,0.0,1027.0,8228.0,0.0,0.0,0.0,0.0,0.0,1.0,0.0,0.0,0.0,0.0,0.0,-1.1,0.0,1.6,0.0,0.0,16.0,25903.0
2026-07-30T19:01:03.747Z,233.23,233.244,0.0,7.4,0.0,0.0,0.0,0.0,0.0,0.0,0.0,0.0,1.0,0.0,0.0,0.0,9.0,4.0,0.0,0.0,0.0,0.0,0.0,0.0,0.0,0.0,5.0,12.0,1.0,12.13,5.01,2.51,1.49,0.0,0.0,0.0,0.4,0.0,0.4,1.3,1.6,-169.60000000000002,0.0,0.0,169.60000000000002,0.0,21.8,29.3,29.3,29.9,300.0,300.0,31.5,35.5,29.200000000000003,28.4,30.3,4.95,1.99,4.96,0.16,0.0,0.0,1027.0,8228.0,0.0,0.0,0.0,0.0,0.0,1.0,0.0,0.0,0.0,0.0,0.0,2.7,0.0,-1.2000000000000002,0.0,0.0001,16.0,25903.0
2026-07-30T19:01:03.759Z,233.242,233.256,0.0,7.4,0.0,0.0,0.0,0.0,0.0,0.0,0.0,0.0,1.0,0.0,0.0,0.0,9.0,4.0,0.0,0.0,0.0,0.0,0.0,0.0,0.0,0.0,6.0,12.0,1.0,12.13,5.01,2.51,1.49,0.0,0.0,0.0,0.4,0.0,0.4,-1.0,-0.6000000000000001,-169.60000000000002,0.0,0.0,169.70000000000002,0.0,21.8,29.3,29.3,29.9,300.0,300.0,31.5,35.5,29.200000000000003,28.4,30.3,4.96,1.99,4.97,0.16,0.0,0.0,1027.0,8228.0,0.0,0.0,0.0,0.0,0.0,1.0,0.0,0.0,0.0,0.0,0.0,-1.6,0.0,0.3,0.0,0.0,16.0,25903.0
2026-07-30T19:01:03.772Z,233.255,233.268,0.0,7.4,0.0,0.0,0.0,0.0,0.0,0.0,0.0,0.0,1.0,0.0,0.0,0.0,9.0,4.0,0.0,0.0,0.0,0.0,0.0,0.0,0.0,0.0,1.0,12.0,1.0,12.18,5.01,2.5,1.5,0.0,0.0,0.0,0.4,0.0,-0.1,0.1,-0.6000000000000001,-169.60000000000002,0.0,0.0,169.60000000000002,0.0,21.4,29.3,29.3,29.9,300.0,300.0,31.4,35.5,29.200000000000003,28.4,30.3,4.96,1.99,4.96,0.16,0.0,0.0,1027.0,8228.0,0.0,0.0,0.0,0.0,0.0,1.0,0.0,0.0,0.0,0.0,0.0,-0.3,0.0,0.6000000000000001,0.0,0.0001,16.0,25903.0
2026-07-30T19:01:03.783Z,233.266,233.28,0.0,7.4,0.0,0.0,0.0,0.0,0.0,0.0,0.0,0.0,1.0,0.0,0.0,0.0,9.0,4.0,0.0,0.0,0.0,0.0,0.0,0.0,0.0,0.0,2.0,12.0,1.0,12.18,5.01,2.5,1.5,0.0,0.0,0.0,0.5,0.0,0.4,0.7000000000000001,1.6,-169.60000000000002,0.0,0.0,169.8,0.0,21.4,29.3,29.3,29.9,300.0,300.0,31.4,35.5,29.200000000000003,28.4,30.3,4.95,1.99,4.96,0.16,0.0,0.0,1027.0,8228.0,0.0,0.0,0.0,0.0,0.0,1.0,0.0,0.0,0.0,0.0,0.0,2.0,0.0,-1.3,0.0,0.0001,16.0,25903.0
2026-07-30T19:01:03.794Z,233.277,233.292,0.0,7.4,0.0,0.0,0.0,0.0,0.0,0.0,0.0,0.0,1.0,0.0,0.0,0.0,9.0,4.0,0.0,0.0,0.0,0.0,0.0,0.0,0.0,0.0,3.0,12.0,1.0,12.18,5.01,2.5,1.5,0.0,0.0,0.0,0.4,0.0,-0.1,0.0,-1.2000000000000002,-169.60000000000002,0.0,0.0,169.60000000000002,0.0,21.4,29.3,29.3,29.9,300.0,300.0,31.4,35.5,29.200000000000003,28.4,30.3,4.95,1.99,4.97,0.16,0.0,0.0,1027.0,8228.0,0.0,0.0,0.0,0.0,0.0,1.0,0.0,0.0,0.0,0.0,0.0,-0.8,0.0,1.1,0.0,0.0001,16.0,25903.0
2026-07-30T19:01:03.807Z,233.29,233.304,0.0,7.4,0.0,0.0,0.0,0.0,0.0,0.0,0.0,0.0,1.0,0.0,0.0,0.0,9.0,4.0,0.0,0.0,0.0,0.0,0.0,0.0,0.0,0.0,4.0,12.0,1.0,12.18,5.01,2.5,1.5,0.0,0.0,0.0,0.5,0.0,-0.1,-0.4,0.5,-169.60000000000002,0.0,0.0,169.70000000000002,0.0,21.4,29.3,29.3,29.9,300.0,300.0,31.4,35.5,29.200000000000003,28.4,30.3,4.96,1.99,4.96,0.16,0.0,0.0,1027.0,8228.0,0.0,0.0,0.0,0.0,0.0,1.0,0.0,0.0,0.0,0.0,0.0,-0.1,0.0,-0.5,0.0,0.0001,16.0,25903.0
2026-07-30T19:01:03.818Z,233.301,233.316,0.0,7.4,0.0,0.0,0.0,0.0,0.0,0.0,0.0,0.0,1.0,0.0,0.0,0.0,9.0,4.0,0.0,0.0,0.0,0.0,0.0,0.0,0.0,0.0,5.0,12.0,1.0,12.18,5.01,2.5,1.5,0.0,0.0,0.0,0.4,0.0,0.4,-1.0,-0.6000000000000001,-169.60000000000002,0.0,0.0,169.70000000000002,0.0,21.4,29.3,29.3,29.9,300.0,300.0,31.4,35.5,29.200000000000003,28.4,30.3,4.96,1.99,4.97,0.16,0.0,0.0,1027.0,8228.0,0.0,0.0,0.0,0.0,0.0,1.0,0.0,0.0,0.0,0.0,0.0,-1.7000000000000002,0.0,0.3,0.0,0.0001,16.0,25903.0
2026-07-30T19:01:03.831Z,233.314,233.328,0.0,7.4,0.0,0.0,0.0,0.0,0.0,0.0,0.0,0.0,1.0,0.0,0.0,0.0,9.0,4.0,0.0,0.0,0.0,0.0,0.0,0.0,0.0,0.0,6.0,12.0,1.0,12.18,5.01,2.5,1.5,0.0,0.0,0.0,0.4,0.0,0.3,1.2000000000000002,0.4,-169.60000000000002,0.0,0.0,169.70000000000002,0.0,21.4,29.3,29.3,29.9,300.0,300.0,31.4,35.5,29.200000000000003,28.4,30.3,4.95,1.99,4.97,0.16,0.0,0.0,1027.0,8228.0,0.0,0.0,0.0,0.0,0.0,1.0,0.0,0.0,0.0,0.0,0.0,1.7000000000000002,0.0,-0.1,0.0,0.0,16.0,25903.0
2026-07-30T19:01:03.843Z,233.326,233.34,0.0,7.4,0.0,0.0,0.0,0.0,0.0,0.0,0.0,0.0,1.0,0.0,0.0,0.0,9.0,4.0,0.0,0.0,0.0,0.0,0.0,0.0,0.0,0.0,1.0,12.0,1.0,12.18,5.01,2.5,1.5,0.0,0.0,0.0,0.4,0.0,-0.1,0.6000000000000001,0.4,-169.60000000000002,0.0,0.0,169.60000000000002,0.0,21.4,29.3,29.3,29.9,300.0,300.0,31.4,35.5,29.200000000000003,28.4,30.3,4.95,1.99,4.97,0.16,0.0,0.0,1027.0,8228.0,0.0,0.0,0.0,0.0,0.0,1.0,0.0,0.0,0.0,0.0,0.0,1.1,0.0,-0.2,0.0,0.0,16.0,25903.0
2026-07-30T19:01:03.855Z,233.338,233.352,0.0,7.4,0.0,0.0,0.0,0.0,0.0,0.0,0.0,0.0,1.0,0.0,0.0,0.0,9.0,4.0,0.0,0.0,0.0,0.0,0.0,0.0,0.0,0.0,3.0,12.0,1.0,12.18,5.01,2.5,1.5,0.0,0.0,0.0,0.4,0.0,1.0,-0.4,0.0,-169.60000000000002,0.0,0.0,169.70000000000002,0.0,21.4,29.3,29.3,29.9,300.0,300.0,31.4,35.5,29.200000000000003,28.4,30.3,4.96,1.99,4.96,0.16,0.0,0.0,1027.0,8228.0,0.0,0.0,0.0,0.0,0.0,1.0,0.0,0.0,0.0,0.0,0.0,-0.6000000000000001,0.0,0.0,0.0,0.0001,16.0,25903.0
2026-07-30T19:01:03.867Z,233.35,233.364,0.0,7.4,0.0,0.0,0.0,0.0,0.0,0.0,0.0,0.0,1.0,0.0,0.0,0.0,9.0,4.0,0.0,0.0,0.0,0.0,0.0,0.0,0.0,0.0,4.0,12.0,1.0,12.18,5.01,2.5,1.5,0.0,0.1,0.0,0.4,0.0,-0.7000000000000001,-0.4,-0.6000000000000001,-169.60000000000002,0.0,0.0,169.8,0.0,21.4,29.3,29.3,29.9,300.0,300.0,31.4,35.5,29.200000000000003,28.4,30.3,4.96,1.99,4.97,0.17,0.0,0.0,1027.0,8228.0,0.0,0.0,0.0,0.0,0.0,1.0,0.0,0.0,0.0,0.0,0.0,-1.0,0.0,0.4,0.0,0.0001,16.0,25903.0
2026-07-30T19:01:03.879Z,233.362,233.376,0.0,7.4,0.0,0.0,0.0,0.0,0.0,0.0,0.0,0.0,1.0,0.0,0.0,0.0,9.0,4.0,0.0,0.0,0.0,0.0,0.0,0.0,0.0,0.0,5.0,12.0,1.0,12.11,5.01,2.51,1.49,0.0,0.0,0.0,0.4,0.0,-0.1,1.2000000000000002,-0.6000000000000001,-169.60000000000002,0.0,0.0,169.8,0.0,21.4,29.3,29.3,29.9,300.0,300.0,31.6,35.5,29.200000000000003,28.4,30.3,4.95,1.99,4.97,0.16,0.0,0.0,1027.0,8228.0,0.0,0.0,0.0,0.0,0.0,1.0,0.0,0.0,0.0,0.0,0.0,0.9,0.0,0.8,0.0,0.0001,16.0,25903.0
2026-07-30T19:01:03.891Z,233.374,233.388,0.0,7.4,0.0,0.0,0.0,0.0,0.0,0.0,0.0,0.0,1.0,0.0,0.0,0.0,9.0,4.0,0.0,0.0,0.0,0.0,0.0,0.0,0.0,0.0,6.0,12.0,1.0,12.11,5.01,2.51,1.49,0.0,0.0,0.0,0.4,0.0,-0.1,0.1,-0.6000000000000001,-169.60000000000002,0.0,0.0,169.70000000000002,0.0,21.4,29.3,29.3,29.9,300.0,300.0,31.6,35.5,29.200000000000003,28.4,30.3,4.96,1.99,4.96,0.16,0.0,0.0,1027.0,8228.0,0.0,0.0,0.0,0.0,0.0,1.0,0.0,0.0,0.0,0.0,0.0,-0.3,0.0,0.6000000000000001,0.0,0.0,16.0,25903.0
2026-07-30T19:01:03.903Z,233.386,233.4,0.0,7.4,0.0,0.0,0.0,0.0,0.0,0.0,0.0,0.0,1.0,0.0,0.0,0.0,9.0,4.0,0.0,0.0,0.0,0.0,0.0,0.0,0.0,0.0,2.0,12.0,1.0,12.11,5.01,2.51,1.49,0.0,0.0,0.0,0.4,0.0,-0.1,0.1,0.0,-169.60000000000002,0.0,0.0,169.70000000000002,0.0,21.4,29.3,29.3,29.9,300.0,300.0,31.6,35.5,29.200000000000003,28.4,30.3,4.96,2.0,4.96,0.16,0.0,0.0,1027.0,8228.0,0.0,0.0,0.0,0.0,0.0,1.0,0.0,0.0,0.0,0.0,0.0,-0.5,0.0,0.0,0.0,0.0,16.0,25903.0
2026-07-30T19:01:03.915Z,233.398,233.412,0.0,7.4,0.0,0.0,0.0,0.0,0.0,0.0,0.0,0.0,1.0,0.0,0.0,0.0,9.0,4.0,0.0,0.0,0.0,0.0,0.0,0.0,0.0,0.0,3.0,12.0,1.0,12.11,5.01,2.51,1.49,0.0,0.0,0.0,0.4,0.0,1.0,0.1,-0.6000000000000001,-169.60000000000002,0.0,0.0,169.8,0.0,21.4,29.3,29.3,29.9,300.0,300.0,31.6,35.5,29.200000000000003,28.4,30.3,4.96,1.99,4.97,0.16,0.0,0.0,1027.0,8228.0,0.0,0.0,0.0,0.0,0.0,1.0,0.0,0.0,0.0,0.0,0.0,-0.7000000000000001,0.0,1.1,0.0,0.0001,16.0,25903.0
2026-07-30T19:01:03.927Z,233.41,233.424,0.0,7.4,0.0,0.0,0.0,0.0,0.0,0.0,0.0,0.0,1.0,0.0,0.0,0.0,9.0,4.0,0.0,0.0,0.0,0.0,0.0,0.0,0.0,0.0,4.0,12.0,1.0,12.11,5.01,2.51,1.49,0.0,0.1,0.0,0.5,0.0,-0.1,-0.4,-0.6000000000000001,-169.60000000000002,0.0,0.0,169.60000000000002,0.0,21.4,29.3,29.3,29.9,300.0,300.0,31.6,35.5,29.200000000000003,28.4,30.3,4.95,1.99,4.97,0.16,0.0,0.0,1027.0,8228.0,0.0,0.0,0.0,0.0,0.0,1.0,0.0,0.0,0.0,0.0,0.0,0.3,0.0,0.7000000000000001,0.0,0.0001,16.0,25903.0
2026-07-30T19:01:03.939Z,233.422,233.436,0.0,7.4,0.0,0.0,0.0,0.0,0.0,0.0,0.0,0.0,1.0,0.0,0.0,0.0,9.0,4.0,0.0,0.0,0.0,0.0,0.0,0.0,0.0,0.0,5.0,12.0,1.0,12.11,5.01,2.51,1.49,0.0,0.0,0.0,0.4,0.0,0.4,-0.4,0.0,-169.60000000000002,0.0,0.0,169.70000000000002,0.0,21.4,29.3,29.3,29.9,300.0,300.0,31.6,35.5,29.200000000000003,28.4,30.3,4.96,1.99,4.96,0.16,0.0,0.0,1027.0,8228.0,0.0,0.0,0.0,0.0,0.0,1.0,0.0,0.0,0.0,0.0,0.0,-0.9,0.0,0.5,0.0,0.0001,16.0,25903.0
2026-07-30T19:01:03.951Z,233.434,233.448,0.0,7.4,0.0,0.0,0.0,0.0,0.0,0.0,0.0,0.0,1.0,0.0,0.0,0.0,9.0,4.0,0.0,0.0,0.0,0.0,0.0,0.0,0.0,0.0,6.0,12.0,1.0,12.11,5.01,2.51,1.49,0.0,0.1,0.0,0.4,0.0,0.4,-1.0,-0.7000000000000001,-169.60000000000002,0.0,0.0,169.60000000000002,0.0,21.4,29.3,29.3,29.9,300.0,300.0,31.6,35.5,29.200000000000003,28.4,30.3,4.95,1.99,4.97,0.16,0.0,0.0,1027.0,8228.0,0.0,0.0,0.0,0.0,0.0,1.0,0.0,0.0,0.0,0.0,0.0,-1.6,0.0,0.4,0.0,0.0,16.0,25903.0
2026-07-30T19:01:03.963Z,233.446,233.46,0.0,7.4,0.0,0.0,0.0,0.0,0.0,0.0,0.0,0.0,1.0,0.0,0.0,0.0,9.0,4.0,0.0,0.0,0.0,0.0,0.0,0.0,0.0,0.0,1.0,12.0,1.0,12.11,5.01,2.51,1.49,0.0,0.1,0.0,0.4,0.0,0.9,1.2000000000000002,0.4,-169.60000000000002,0.0,0.0,169.60000000000002,0.0,21.4,29.3,29.3,29.9,300.0,300.0,31.6,35.5,29.200000000000003,28.4,30.3,4.95,1.99,4.96,0.16,0.0,0.0,1027.0,8228.0,0.0,0.0,0.0,0.0,0.0,1.0,0.0,0.0,0.0,0.0,0.0,1.7000000000000002,0.0,-0.1,0.0,0.0,16.0,25903.0
2026-07-30T19:01:03.976Z,233.459,233.472,0.0,7.4,0.0,0.0,0.0,0.0,0.0,0.0,0.0,0.0,1.0,0.0,0.0,0.0,9.0,4.0,0.0,0.0,0.0,0.0,0.0,0.0,0.0,0.0,2.0,12.0,1.0,12.17,5.0200000000000005,2.51,1.49,0.0,0.0,0.0,0.4,0.0,0.3,0.1,-0.1,-169.60000000000002,0.0,0.0,169.60000000000002,0.0,22.200000000000003,29.3,29.3,29.9,300.0,300.0,31.6,35.6,29.200000000000003,28.4,30.3,4.96,2.0,4.96,0.16,0.0,0.0,1027.0,8228.0,0.0,0.0,0.0,0.0,0.0,1.0,0.0,0.0,0.0,0.0,0.0,0.0,0.0,0.1,0.0,0.0,16.0,25903.0
2026-07-30T19:01:03.987Z,233.47,233.484,0.0,7.4,0.0,0.0,0.0,0.0,0.0,0.0,0.0,0.0,1.0,0.0,0.0,0.0,9.0,4.0,0.0,0.0,0.0,0.0,0.0,0.0,0.0,0.0,4.0,12.0,1.0,12.17,5.0200000000000005,2.51,1.49,0.0,0.1,0.0,0.4,0.0,-0.2,-1.0,-0.1,-169.60000000000002,0.0,0.0,169.70000000000002,0.0,22.200000000000003,29.3,29.3,29.9,300.0,300.0,31.6,35.6,29.200000000000003,28.4,30.3,4.96,2.0,4.96,0.16,0.0,0.0,1027.0,8228.0,0.0,0.0,0.0,0.0,0.0,1.0,0.0,0.0,0.0,0.0,0.0,-1.2000000000000002,0.0,-0.1,0.0,0.0,16.0,25903.0
2026-07-30T19:01:03.999Z,233.482,233.496,0.0,7.4,0.0,0.0,0.0,0.0,0.0,0.0,0.0,0.0,1.0,0.0,0.0,0.0,9.0,4.0,0.0,0.0,0.0,0.0,0.0,0.0,0.0,0.0,4.0,12.0,1.0,12.17,5.0200000000000005,2.51,1.49,0.0,0.0,0.0,0.4,0.0,0.3,0.0,1.0,-169.60000000000002,0.0,0.0,169.60000000000002,0.0,22.200000000000003,29.3,29.3,29.9,300.0,300.0,31.6,35.6,29.200000000000003,28.4,30.3,4.95,1.99,4.97,0.16,0.0,0.0,1027.0,8228.0,0.0,0.0,0.0,0.0,0.0,1.0,0.0,0.0,0.0,0.0,0.0,0.9,0.0,-0.9,0.0,0.0001,16.0,25903.0
2026-07-30T19:01:04.011Z,233.494,233.508,0.0,7.4,0.0,0.0,0.0,0.0,0.0,0.0,0.0,0.0,1.0,0.0,0.0,0.0,9.0,4.0,0.0,0.0,0.0,0.0,0.0,0.0,0.0,0.0,5.0,12.0,1.0,12.17,5.0200000000000005,2.51,1.49,0.0,0.0,0.0,0.4,0.0,0.9,0.6000000000000001,-1.2000000000000002,-169.60000000000002,0.0,0.0,169.70000000000002,0.0,22.200000000000003,29.3,29.3,29.9,300.0,300.0,31.6,35.6,29.200000000000003,28.4,30.3,4.95,2.0,4.96,0.16,0.0,0.0,1027.0,8228.0,0.0,0.0,0.0,0.0,0.0,1.0,0.0,0.0,0.0,0.0,0.0,-0.2,0.0,1.2000000000000002,0.0,0.0,16.0,25903.0
2026-07-30T19:01:04.023Z,233.506,233.52,0.0,7.4,0.0,0.0,0.0,0.0,0.0,0.0,0.0,0.0,1.0,0.0,0.0,0.0,9.0,4.0,0.0,0.0,0.0,0.0,0.0,0.0,0.0,0.0,1.0,12.0,1.0,12.17,5.0200000000000005,2.51,1.49,0.0,0.0,0.0,0.4,0.0,0.9,0.0,1.0,-169.60000000000002,0.0,0.0,169.70000000000002,0.0,22.200000000000003,29.3,29.3,29.9,300.0,300.0,31.6,35.6,29.200000000000003,28.4,30.3,4.96,1.99,4.96,0.15,0.0,0.0,1027.0,8228.0,0.0,0.0,0.0,0.0,0.0,1.0,0.0,0.0,0.0,0.0,0.0,0.8,0.0,-0.8,0.0,0.0001,16.0,25903.0
2026-07-30T19:01:04.037Z,233.52,233.532,0.0,7.4,0.0,0.0,0.0,0.0,0.0,0.0,0.0,0.0,1.0,0.0,0.0,0.0,9.0,4.0,0.0,0.0,0.0,0.0,0.0,0.0,0.0,0.0,1.0,12.0,1.0,12.17,5.0200000000000005,2.51,1.49,0.0,0.0,0.0,0.4,0.0,0.3,-0.5,0.9,-169.60000000000002,0.0,0.0,169.60000000000002,0.0,22.200000000000003,29.3,29.3,29.9,300.0,300.0,31.6,35.6,29.200000000000003,28.4,30.3,4.96,1.99,4.97,0.16,0.0,0.0,1027.0,8228.0,0.0,0.0,0.0,0.0,0.0,1.0,0.0,0.0,0.0,0.0,0.0,0.1,0.0,-0.9,0.0,0.0,16.0,25903.0
2026-07-30T19:01:04.050Z,233.533,233.544,0.0,7.4,0.0,0.0,0.0,0.0,0.0,0.0,0.0,0.0,1.0,0.0,0.0,0.0,9.0,4.0,0.0,0.0,0.0,0.0,0.0,0.0,0.0,0.0,1.0,12.0,1.0,12.17,5.0200000000000005,2.51,1.49,0.0,0.1,0.0,0.4,0.0,0.9,-0.4,-1.2000000000000002,-169.60000000000002,0.0,0.0,169.70000000000002,0.0,22.200000000000003,29.3,29.3,29.9,300.0,300.0,31.6,35.6,29.200000000000003,28.4,30.3,4.96,1.99,4.97,0.16,0.0,0.0,1027.0,8228.0,0.0,0.0,0.0,0.0,0.0,1.0,0.0,0.0,0.0,0.0,0.0,-1.5,0.0,1.0,0.0,0.0001,16.0,25903.0
2026-07-30T19:01:04.059Z,233.542,233.556,0.0,7.4,0.0,0.0,0.0,0.0,0.0,0.0,0.0,0.0,1.0,0.0,0.0,0.0,9.0,4.0,0.0,0.0,0.0,0.0,0.0,0.0,0.0,0.0,6.0,12.0,1.0,12.17,5.0200000000000005,2.51,1.49,0.0,0.0,0.0,0.4,0.0,0.9,0.6000000000000001,-0.7000000000000001,-169.60000000000002,0.0,0.0,169.60000000000002,0.0,22.200000000000003,29.3,29.3,29.9,300.0,300.0,31.6,35.6,29.200000000000003,28.4,30.3,4.96,2.0,4.96,0.16,0.0,0.0,1027.0,8228.0,0.0,0.0,0.0,0.0,0.0,1.0,0.0,0.0,0.0,0.0,0.0,0.2,0.0,0.7000000000000001,0.0,0.0002,16.0,25903.0
2026-07-30T19:01:04.071Z,233.554,233.568,0.0,7.4,0.0,0.0,0.0,0.0,0.0,0.0,0.0,0.0,1.0,0.0,0.0,0.0,9.0,4.0,0.0,0.0,0.0,0.0,0.0,0.0,0.0,0.0,1.0,12.0,1.0,12.17,5.0200000000000005,2.51,1.49,0.0,0.0,0.0,0.4,0.0,0.3,-0.3,0.0,-169.60000000000002,0.0,0.0,169.60000000000002,0.0,22.200000000000003,29.3,29.3,29.9,300.0,300.0,31.6,35.6,29.200000000000003,28.4,30.3,4.96,1.99,4.96,0.16,0.0,0.0,1027.0,8228.0,0.0,0.0,0.0,0.0,0.0,1.0,0.0,0.0,0.0,0.0,0.0,-0.5,0.0,0.0,0.0,0.0001,16.0,25903.0
2026-07-30T19:01:04.083Z,233.566,233.58,0.0,7.4,0.0,0.0,0.0,0.0,0.0,0.0,0.0,0.0,1.0,0.0,0.0,0.0,9.0,4.0,0.0,0.0,0.0,0.0,0.0,0.0,0.0,0.0,3.0,12.0,1.0,12.17,5.0200000000000005,2.51,1.49,0.0,0.0,0.0,0.4,0.0,0.3,0.1,0.0,-169.60000000000002,0.0,0.0,169.70000000000002,0.0,21.4,29.3,29.3,29.9,300.0,300.0,31.6,35.5,29.200000000000003,28.4,30.3,4.96,1.99,4.97,0.16,0.0,0.0,1027.0,8228.0,0.0,0.0,0.0,0.0,0.0,1.0,0.0,0.0,0.0,0.0,0.0,0.1,0.0,0.1,0.0,0.0,16.0,25903.0
2026-07-30T19:01:04.094Z,233.577,233.592,0.0,7.4,0.0,0.0,0.0,0.0,0.0,0.0,0.0,0.0,1.0,0.0,0.0,0.0,9.0,4.0,0.0,0.0,0.0,0.0,0.0,0.0,0.0,0.0,4.0,12.0,1.0,12.17,5.0200000000000005,2.51,1.49,0.0,0.0,0.0,0.4,0.0,0.3,0.8,1.1,-169.60000000000002,0.0,0.0,169.60000000000002,0.0,21.4,29.3,29.3,29.9,300.0,300.0,31.6,35.5,29.200000000000003,28.4,30.3,4.96,1.99,4.96,0.16,0.0,0.0,1027.0,8228.0,0.0,0.0,0.0,0.0,0.0,1.0,0.0,0.0,0.0,0.0,0.0,1.7000000000000002,0.0,-0.8,0.0,0.0001,16.0,25903.0
2026-07-30T19:01:04.107Z,233.59,233.604,0.0,7.4,0.0,0.0,0.0,0.0,0.0,0.0,0.0,0.0,1.0,0.0,0.0,0.0,9.0,4.0,0.0,0.0,0.0,0.0,0.0,0.0,0.0,0.0,5.0,12.0,1.0,12.17,5.0200000000000005,2.51,1.49,0.0,0.0,0.0,0.4,0.0,0.3,-0.3,0.5,-169.60000000000002,0.0,0.0,169.70000000000002,0.0,21.4,29.3,29.3,29.9,300.0,300.0,31.6,35.5,29.200000000000003,28.4,30.3,4.96,1.99,4.97,0.16,0.0,0.0,1027.0,8228.0,0.0,0.0,0.0,0.0,0.0,1.0,0.0,0.0,0.0,0.0,0.0,0.0,0.0,-0.5,0.0,0.0001,16.0,25903.0
2026-07-30T19:01:04.119Z,233.602,233.616,0.0,7.4,0.0,0.0,0.0,0.0,0.0,0.0,0.0,0.0,1.0,0.0,0.0,0.0,9.0,4.0,0.0,0.0,0.0,0.0,0.0,0.0,0.0,0.0,6.0,12.0,1.0,12.17,5.0200000000000005,2.51,1.49,0.0,0.0,0.0,0.4,0.0,0.9,0.8,1.1,-169.60000000000002,0.0,0.0,169.70000000000002,0.0,21.4,29.3,29.3,29.9,300.0,300.0,31.6,35.5,29.200000000000003,28.4,30.3,4.95,1.99,4.97,0.16,0.0,0.0,1027.0,8228.0,0.0,0.0,0.0,0.0,0.0,1.0,0.0,0.0,0.0,0.0,0.0,1.8,0.0,-0.8,0.0,0.0,16.0,25903.0
2026-07-30T19:01:04.131Z,233.614,233.628,0.0,7.4,0.0,0.0,0.0,0.0,0.0,0.0,0.0,0.0,1.0,0.0,0.0,0.0,9.0,4.0,0.0,0.0,0.0,0.0,0.0,0.0,0.0,0.0,2.0,12.0,1.0,12.17,5.0200000000000005,2.51,1.49,0.0,0.1,0.0,0.4,0.0,-0.8,-0.3,0.0,-169.60000000000002,0.0,0.0,169.60000000000002,0.0,21.4,29.3,29.3,29.9,300.0,300.0,31.6,35.5,29.200000000000003,28.4,30.3,4.95,1.99,4.96,0.16,0.0,0.0,1027.0,8228.0,0.0,0.0,0.0,0.0,0.0,1.0,0.0,0.0,0.0,0.0,0.0,-0.4,0.0,0.0,0.0,0.0001,16.0,25903.0
2026-07-30T19:01:04.143Z,233.626,233.64,0.0,7.4,0.0,0.0,0.0,0.0,0.0,0.0,0.0,0.0,1.0,0.0,0.0,0.0,9.0,4.0,0.0,0.0,0.0,0.0,0.0,0.0,0.0,0.0,3.0,12.0,1.0,12.17,5.0200000000000005,2.51,1.49,0.0,0.0,0.0,0.4,0.0,0.9,-0.3,0.5,-169.60000000000002,0.0,0.0,169.70000000000002,0.0,21.4,29.3,29.3,29.9,300.0,300.0,31.6,35.5,29.200000000000003,28.4,30.3,4.96,1.99,4.97,0.16,0.0,0.0,1027.0,8228.0,0.0,0.0,0.0,0.0,0.0,1.0,0.0,0.0,0.0,0.0,0.0,0.0,0.0,-0.5,0.0,0.0001,16.0,25903.0
2026-07-30T19:01:04.155Z,233.638,233.652,0.0,7.4,0.0,0.0,0.0,0.0,0.0,0.0,0.0,0.0,1.0,0.0,0.0,0.0,9.0,4.0,0.0,0.0,0.0,0.0,0.0,0.0,0.0,0.0,5.0,12.0,1.0,12.17,5.0200000000000005,2.51,1.49,0.0,0.0,0.0,0.4,0.0,-0.2,0.8,0.5,-169.60000000000002,0.0,0.0,169.70000000000002,0.0,21.4,29.3,29.3,29.9,300.0,300.0,31.6,35.5,29.200000000000003,28.4,30.3,4.96,2.0,4.97,0.16,0.0,0.0,1027.0,8228.0,0.0,0.0,0.0,0.0,0.0,1.0,0.0,0.0,0.0,0.0,0.0,1.3,0.0,-0.3,0.0,0.0,16.0,25903.0
2026-07-30T19:01:04.167Z,233.65,233.664,0.0,7.4,0.0,0.0,0.0,0.0,0.0,0.0,0.0,0.0,1.0,0.0,0.0,0.0,9.0,4.0,0.0,0.0,0.0,0.0,0.0,0.0,0.0,0.0,5.0,12.0,1.0,12.17,5.0200000000000005,2.51,1.49,0.0,0.0,0.0,0.4,0.0,-0.2,-0.3,-1.7000000000000002,-169.60000000000002,0.0,0.0,169.70000000000002,0.0,21.4,29.3,29.3,29.9,300.0,300.0,31.6,35.5,29.200000000000003,28.4,30.3,4.95,1.99,4.97,0.16,0.0,0.0,1027.0,8228.0,0.0,0.0,0.0,0.0,0.0,1.0,0.0,0.0,0.0,0.0,0.0,-1.7000000000000002,0.0,1.4,0.0,0.0001,16.0,25903.0
2026-07-30T19:01:04.180Z,233.663,233.676,0.0,7.4,0.0,0.0,0.0,0.0,0.0,0.0,0.0,0.0,1.0,0.0,0.0,0.0,9.0,4.0,0.0,0.0,0.0,0.0,0.0,0.0,0.0,0.0,1.0,12.0,1.0,12.18,5.01,2.51,1.49,0.0,0.1,0.0,0.4,0.0,0.3,-0.3,0.6000000000000001,-169.60000000000002,0.0,0.0,169.70000000000002,0.0,21.700000000000003,29.3,29.3,29.9,300.0,300.0,31.5,35.5,29.200000000000003,28.4,30.3,4.95,1.99,4.96,0.16,0.0,0.0,1027.0,8228.0,0.0,0.0,0.0,0.0,0.0,1.0,0.0,0.0,0.0,0.0,0.0,0.0,0.0,-0.6000000000000001,0.0,0.0001,16.0,25903.0
2026-07-30T19:01:04.190Z,233.673,233.688,0.0,7.4,0.0,0.0,0.0,0.0,0.0,0.0,0.0,0.0,1.0,0.0,0.0,0.0,9.0,4.0,0.0,0.0,0.0,0.0,0.0,0.0,0.0,0.0,2.0,12.0,1.0,12.18,5.01,2.51,1.49,0.0,0.0,0.0,0.4,0.0,0.9,0.1,0.5,-169.60000000000002,0.0,0.0,169.70000000000002,0.0,21.700000000000003,29.3,29.3,29.9,300.0,300.0,31.5,35.5,29.200000000000003,28.4,30.3,4.95,1.99,4.97,0.16,0.0,0.0,1027.0,8228.0,0.0,0.0,0.0,0.0,0.0,1.0,0.0,0.0,0.0,0.0,0.0,0.5,0.0,-0.4,0.0,0.0,16.0,25903.0
2026-07-30T19:01:04.203Z,233.686,233.7,0.0,7.4,0.0,0.0,0.0,0.0,0.0,0.0,0.0,0.0,1.0,0.0,0.0,0.0,9.0,4.0,0.0,0.0,0.0,0.0,0.0,0.0,0.0,0.0,3.0,12.0,1.0,12.18,5.01,2.51,1.49,0.0,0.0,0.0,0.4,0.0,-0.2,-0.4,-0.5,-169.60000000000002,0.0,0.0,169.70000000000002,0.0,21.700000000000003,29.3,29.3,29.9,300.0,300.0,31.5,35.5,29.200000000000003,28.4,30.3,4.95,1.99,4.96,0.16,0.0,0.0,1027.0,8228.0,0.0,0.0,0.0,0.0,0.0,1.0,0.0,0.0,0.0,0.0,0.0,-0.8,0.0,0.4,0.0,0.0,16.0,25903.0
2026-07-30T19:01:04.215Z,233.698,233.712,0.0,7.4,0.0,0.0,0.0,0.0,0.0,0.0,0.0,0.0,1.0,0.0,0.0,0.0,9.0,4.0,0.0,0.0,0.0,0.0,0.0,0.0,0.0,0.0,4.0,12.0,1.0,12.18,5.01,2.51,1.49,0.0,0.0,0.0,0.4,0.0,-0.8,-0.3,0.0,-169.60000000000002,0.0,0.0,169.70000000000002,0.0,21.700000000000003,29.3,29.3,29.9,300.0,300.0,31.5,35.5,29.200000000000003,28.4,30.3,4.96,1.99,4.96,0.16,0.0,0.0,1027.0,8228.0,0.0,0.0,0.0,0.0,0.0,1.0,0.0,0.0,0.0,0.0,0.0,-0.3,0.0,-0.1,0.0,0.0,16.0,25903.0
2026-07-30T19:01:04.227Z,233.71,233.724,0.0,7.4,0.0,0.0,0.0,0.0,0.0,0.0,0.0,0.0,1.0,0.0,0.0,0.0,9.0,4.0,0.0,0.0,0.0,0.0,0.0,0.0,0.0,0.0,6.0,12.0,1.0,12.18,5.01,2.51,1.49,0.0,0.0,0.0,0.4,0.0,0.3,-0.3,1.2000000000000002,-169.60000000000002,0.0,0.0,169.8,0.0,21.700000000000003,29.3,29.3,29.9,300.0,300.0,31.5,35.5,29.200000000000003,28.4,30.3,4.95,1.99,4.97,0.16,0.0,0.0,1027.0,8228.0,0.0,0.0,0.0,0.0,0.0,1.0,0.0,0.0,0.0,0.0,0.0,0.4,0.0,-1.1,0.0,0.0002,16.0,25903.0
2026-07-30T19:01:04.239Z,233.722,233.736,0.0,7.4,0.0,0.0,0.0,0.0,0.0,0.0,0.0,0.0,1.0,0.0,0.0,0.0,9.0,4.0,0.0,0.0,0.0,0.0,0.0,0.0,0.0,0.0,2.0,12.0,1.0,12.18,5.01,2.51,1.49,0.0,0.1,0.0,0.4,0.0,0.3,-0.3,1.2000000000000002,-169.60000000000002,0.0,0.0,169.8,0.0,21.700000000000003,29.3,29.3,29.9,300.0,300.0,31.5,35.5,29.200000000000003,28.4,30.3,4.96,1.99,4.97,0.16,0.0,0.0,1027.0,8228.0,0.0,0.0,0.0,0.0,0.0,1.0,0.0,0.0,0.0,0.0,0.0,0.4,0.0,-1.1,0.0,0.0001,16.0,25903.0
2026-07-30T19:01:04.251Z,233.734,233.748,0.0,7.4,0.0,0.0,0.0,0.0,0.0,0.0,0.0,0.0,1.0,0.0,0.0,0.0,9.0,4.0,0.0,0.0,0.0,0.0,0.0,0.0,0.0,0.0,3.0,12.0,1.0,12.18,5.01,2.51,1.49,0.0,0.0,0.0,0.4,0.0,0.9,0.1,1.2000000000000002,-169.60000000000002,0.0,0.0,169.70000000000002,0.0,21.700000000000003,29.3,29.3,29.9,300.0,300.0,31.5,35.5,29.200000000000003,28.4,30.3,4.96,1.99,4.96,0.16,0.0,0.0,1027.0,8228.0,0.0,0.0,0.0,0.0,0.0,1.0,0.0,0.0,0.0,0.0,0.0,1.0,0.0,-1.0,0.0,0.0,16.0,25903.0
2026-07-30T19:01:04.263Z,233.746,233.76,0.0,7.4,0.0,0.0,0.0,0.0,0.0,0.0,0.0,0.0,1.0,0.0,0.0,0.0,9.0,4.0,0.0,0.0,0.0,0.0,0.0,0.0,0.0,0.0,4.0,12.0,1.0,12.18,5.01,2.51,1.49,0.0,0.0,0.0,0.4,0.0,-0.2,0.1,-0.5,-169.60000000000002,0.0,0.0,169.60000000000002,0.0,21.700000000000003,29.3,29.3,29.9,300.0,300.0,31.5,35.5,29.200000000000003,28.4,30.3,4.96,1.99,4.96,0.16,0.0,0.0,1027.0,8228.0,0.0,0.0,0.0,0.0,0.0,1.0,0.0,0.0,0.0,0.0,0.0,-0.2,0.0,0.5,0.0,0.0001,16.0,25903.0
2026-07-30T19:01:04.275Z,233.758,233.772,0.0,7.4,0.0,0.0,0.0,0.0,0.0,0.0,0.0,0.0,1.0,0.0,0.0,0.0,9.0,4.0,0.0,0.0,0.0,0.0,0.0,0.0,0.0,0.0,5.0,12.0,1.0,12.18,5.01,2.51,1.49,0.0,0.0,0.0,0.4,0.0,-0.2,0.7000000000000001,0.5,-169.60000000000002,0.0,0.0,169.70000000000002,0.0,21.700000000000003,29.3,29.3,29.9,300.0,300.0,31.5,35.5,29.200000000000003,28.4,30.3,4.95,1.99,4.96,0.16,0.0,0.0,1027.0,8228.0,0.0,0.0,0.0,0.0,0.0,1.0,0.0,0.0,0.0,0.0,0.0,1.2000000000000002,0.0,-0.3,0.0,0.0001,16.0,25903.0
2026-07-30T19:01:04.287Z,233.77,233.784,0.0,7.4,0.0,0.0,0.0,0.0,0.0,0.0,0.0,0.0,1.0,0.0,0.0,0.0,9.0,4.0,0.0,0.0,0.0,0.0,0.0,0.0,0.0,0.0,1.0,12.0,1.0,12.17,5.01,2.51,1.5,0.0,0.0,0.0,0.4,0.0,-0.2,-1.0,0.0,-169.60000000000002,0.0,0.0,169.70000000000002,0.0,21.200000000000003,29.3,29.3,29.9,300.0,300.0,31.5,35.4,29.200000000000003,28.4,30.3,4.96,1.99,4.96,0.16,0.0,0.0,1027.0,8228.0,0.0,0.0,0.0,0.0,0.0,1.0,0.0,0.0,0.0,0.0,0.0,-1.2000000000000002,0.0,-0.1,0.0,0.0,16.0,25903.0
2026-07-30T19:01:04.299Z,233.782,233.796,0.0,7.4,0.0,0.0,0.0,0.0,0.0,0.0,0.0,0.0,1.0,0.0,0.0,0.0,9.0,4.0,0.0,0.0,0.0,0.0,0.0,0.0,0.0,0.0,2.0,12.0,1.0,12.17,5.01,2.51,1.5,0.0,0.0,0.0,0.5,0.0,0.3,0.0,1.1,-169.60000000000002,0.0,0.0,169.70000000000002,0.0,21.200000000000003,29.3,29.3,29.9,300.0,300.0,31.5,35.4,29.200000000000003,28.4,30.3,4.96,2.0,4.96,0.16,0.0,0.0,1027.0,8228.0,0.0,0.0,0.0,0.0,0.0,1.0,0.0,0.0,0.0,0.0,0.0,0.8,0.0,-0.9,0.0,0.0001,16.0,25903.0
2026-07-30T19:01:04.311Z,233.794,233.808,0.0,7.4,0.0,0.0,0.0,0.0,0.0,0.0,0.0,0.0,1.0,0.0,0.0,0.0,9.0,4.0,0.0,0.0,0.0,0.0,0.0,0.0,0.0,0.0,3.0,12.0,1.0,12.17,5.01,2.51,1.5,0.0,0.0,0.0,0.4,0.0,-0.2,-1.1,-1.1,-169.60000000000002,0.0,0.0,169.70000000000002,0.0,21.200000000000003,29.3,29.3,29.9,300.0,300.0,31.5,35.4,29.200000000000003,28.4,30.3,4.95,1.99,4.96,0.16,0.0,0.0,1027.0,8228.0,0.0,0.0,0.0,0.0,0.0,1.0,0.0,0.0,0.0,0.0,0.0,-2.1,0.0,0.8,0.0,0.0001,16.0,25903.0
2026-07-30T19:01:04.323Z,233.806,233.82,0.0,7.4,0.0,0.0,0.0,0.0,0.0,0.0,0.0,0.0,1.0,0.0,0.0,0.0,9.0,4.0,0.0,0.0,0.0,0.0,0.0,0.0,0.0,0.0,4.0,12.0,1.0,12.17,5.01,2.51,1.5,0.0,0.0,0.0,0.4,0.0,-0.2,-0.5,-1.2000000000000002,-169.60000000000002,0.0,0.0,169.70000000000002,0.0,21.200000000000003,29.3,29.3,29.9,300.0,300.0,31.5,35.4,29.200000000000003,28.4,30.3,4.95,1.99,4.97,0.16,0.0,0.0,1027.0,8228.0,0.0,0.0,0.0,0.0,0.0,1.0,0.0,0.0,0.0,0.0,0.0,-1.5,0.0,0.9,0.0,0.0,16.0,25903.0
2026-07-30T19:01:04.336Z,233.819,233.832,0.0,7.4,0.0,0.0,0.0,0.0,0.0,0.0,0.0,0.0,1.0,0.0,0.0,0.0,9.0,4.0,0.0,0.0,0.0,0.0,0.0,0.0,0.0,0.0,5.0,12.0,1.0,12.17,5.01,2.51,1.5,0.0,0.0,0.0,0.4,0.0,0.4,-0.5,0.0,-169.60000000000002,0.0,0.0,169.70000000000002,0.0,21.200000000000003,29.3,29.3,29.9,300.0,300.0,31.5,35.4,29.200000000000003,28.4,30.3,4.96,2.0,4.96,0.16,0.0,0.0,1027.0,8228.0,0.0,0.0,0.0,0.0,0.0,1.0,0.0,0.0,0.0,0.0,0.0,-0.6000000000000001,0.0,0.0,0.0,0.0001,16.0,25903.0
2026-07-30T19:01:04.347Z,233.83,233.844,0.0,7.4,0.0,0.0,0.0,0.0,0.0,0.0,0.0,0.0,1.0,0.0,0.0,0.0,9.0,4.0,0.0,0.0,0.0,0.0,0.0,0.0,0.0,0.0,6.0,12.0,1.0,12.17,5.01,2.51,1.5,0.0,0.0,0.0,0.4,0.0,0.4,0.0,0.5,-169.60000000000002,0.0,0.0,169.8,0.0,21.200000000000003,29.3,29.3,29.9,300.0,300.0,31.5,35.4,29.200000000000003,28.4,30.3,4.96,1.99,4.97,0.16,0.0,0.0,1027.0,8228.0,0.0,0.0,0.0,0.0,0.0,1.0,0.0,0.0,0.0,0.0,0.0,0.3,0.0,-0.4,0.0,0.0001,16.0,25903.0
2026-07-30T19:01:04.365Z,233.848,233.856,0.0,7.4,0.0,0.0,0.0,0.0,0.0,0.0,0.0,0.0,1.0,0.0,0.0,0.0,9.0,4.0,0.0,0.0,0.0,0.0,0.0,0.0,0.0,0.0,1.0,12.0,1.0,12.17,5.01,2.51,1.5,0.0,0.0,0.0,0.4,0.0,1.0,1.1,2.9000000000000004,-169.60000000000002,0.0,0.0,169.8,0.0,21.200000000000003,29.3,29.3,29.9,300.0,300.0,31.5,35.4,29.200000000000003,28.4,30.3,4.95,1.99,4.97,0.16,0.0,0.0,1027.0,8228.0,0.0,0.0,0.0,0.0,0.0,1.0,0.0,0.0,0.0,0.0,0.0,3.4000000000000004,0.0,-2.3000000000000003,0.0,0.0001,16.0,25903.0
2026-07-30T19:01:04.370Z,233.853,233.868,0.0,7.4,0.0,0.0,0.0,0.0,0.0,0.0,0.0,0.0,1.0,0.0,0.0,0.0,9.0,4.0,0.0,0.0,0.0,0.0,0.0,0.0,0.0,0.0,5.0,12.0,1.0,12.17,5.01,2.51,1.5,0.0,0.0,0.0,0.4,0.0,-0.1,-1.1,-0.5,-169.70000000000002,0.0,0.0,169.70000000000002,0.0,21.200000000000003,29.3,29.3,29.9,300.0,300.0,31.5,35.4,29.200000000000003,28.4,30.3,4.96,1.99,4.96,0.16,0.0,0.0,1027.0,8228.0,0.0,0.0,0.0,0.0,0.0,1.0,0.0,0.0,0.0,0.0,0.0,-1.7000000000000002,0.0,0.2,0.0,0.0001,16.0,25903.0
2026-07-30T19:01:04.384Z,233.867,233.88,0.0,7.4,0.0,0.0,0.0,0.0,0.0,0.0,0.0,0.0,1.0,0.0,0.0,0.0,9.0,4.0,0.0,0.0,0.0,0.0,0.0,0.0,0.0,0.0,5.0,12.0,1.0,12.15,5.0200000000000005,2.51,1.5,0.0,0.0,0.0,0.4,0.0,0.9,-1.2000000000000002,-1.2000000000000002,-169.70000000000002,0.0,0.0,169.70000000000002,0.0,21.700000000000003,29.3,29.3,29.9,300.0,300.0,31.5,35.4,29.200000000000003,28.4,30.3,4.96,1.99,4.97,0.16,0.0,0.0,1027.0,8228.0,0.0,0.0,0.0,0.0,0.0,1.0,0.0,0.0,0.0,0.0,0.0,-2.2,0.0,0.8,0.0,0.0,16.0,25903.0
2026-07-30T19:01:04.395Z,233.878,233.892,0.0,7.4,0.0,0.0,0.0,0.0,0.0,0.0,0.0,0.0,1.0,0.0,0.0,0.0,9.0,4.0,0.0,0.0,0.0,0.0,0.0,0.0,0.0,0.0,6.0,12.0,1.0,12.15,5.0200000000000005,2.51,1.5,0.0,0.0,0.0,0.4,0.0,-0.8,0.0,0.5,-169.70000000000002,0.0,0.0,169.60000000000002,0.0,21.700000000000003,29.3,29.3,29.9,300.0,300.0,31.5,35.4,29.200000000000003,28.4,30.3,4.96,1.99,4.97,0.16,0.0,0.0,1027.0,8228.0,0.0,0.0,0.0,0.0,0.0,1.0,0.0,0.0,0.0,0.0,0.0,0.4,0.0,-0.4,0.0,0.0001,16.0,25903.0
2026-07-30T19:01:04.407Z,233.89,233.904,0.0,7.4,0.0,0.0,0.0,0.0,0.0,0.0,0.0,0.0,1.0,0.0,0.0,0.0,9.0,4.0,0.0,0.0,0.0,0.0,0.0,0.0,0.0,0.0,2.0,12.0,1.0,12.15,5.0200000000000005,2.51,1.5,0.0,0.0,0.0,0.4,0.0,-0.2,0.0,-0.5,-169.70000000000002,0.0,0.0,169.70000000000002,0.0,21.700000000000003,29.3,29.3,29.9,300.0,300.0,31.5,35.4,29.200000000000003,28.4,30.3,4.95,1.99,4.97,0.16,0.0,0.0,1027.0,8228.0,0.0,0.0,0.0,0.0,0.0,1.0,0.0,0.0,0.0,0.0,0.0,-0.4,0.0,0.5,0.0,0.0002,16.0,25903.0
2026-07-30T19:01:04.419Z,233.902,233.916,0.0,7.4,0.0,0.0,0.0,0.0,0.0,0.0,0.0,0.0,1.0,0.0,0.0,0.0,9.0,4.0,0.0,0.0,0.0,0.0,0.0,0.0,0.0,0.0,3.0,12.0,1.0,12.15,5.0200000000000005,2.51,1.5,0.0,0.0,0.0,0.4,0.0,0.3,0.5,0.5,-169.60000000000002,0.0,0.0,169.70000000000002,0.0,21.700000000000003,29.3,29.3,29.9,300.0,300.0,31.5,35.4,29.200000000000003,28.4,30.3,4.96,1.99,4.96,0.16,0.0,0.0,1027.0,8228.0,0.0,0.0,0.0,0.0,0.0,1.0,0.0,0.0,0.0,0.0,0.0,-0.6000000000000001,0.0,-0.1,0.0,0.0,16.0,25903.0
2026-07-30T19:01:04.431Z,233.914,233.928,0.0,7.4,0.0,0.0,0.0,0.0,0.0,0.0,0.0,0.0,1.0,0.0,0.0,0.0,9.0,4.0,0.0,0.0,0.0,0.0,0.0,0.0,0.0,0.0,5.0,12.0,1.0,12.15,5.0200000000000005,2.51,1.5,0.0,0.0,0.0,0.4,0.0,-0.8,0.0,0.5,-169.60000000000002,0.0,0.0,169.70000000000002,0.0,21.700000000000003,29.3,29.3,29.9,300.0,300.0,31.5,35.4,29.200000000000003,28.4,30.3,4.95,1.99,4.97,0.16,0.0,0.0,1027.0,8228.0,0.0,0.0,0.0,0.0,0.0,1.0,0.0,0.0,0.0,0.0,0.0,-1.5,0.0,0.9,0.0,0.0,16.0,25903.0
2026-07-30T19:01:04.443Z,233.926,233.94,0.0,7.4,0.0,0.0,0.0,0.0,0.0,0.0,0.0,0.0,1.0,0.0,0.0,0.0,9.0,4.0,0.0,0.0,0.0,0.0,0.0,0.0,0.0,0.0,6.0,12.0,1.0,12.15,5.0200000000000005,2.51,1.5,0.0,0.0,0.0,0.4,0.0,-0.2,0.0,-1.2000000000000002,-169.60000000000002,0.0,0.0,169.70000000000002,0.0,21.700000000000003,29.3,29.3,29.9,300.0,300.0,31.5,35.4,29.200000000000003,28.4,30.3,4.95,1.99,4.96,0.16,0.0,0.0,1027.0,8228.0,0.0,0.0,0.0,0.0,0.0,1.0,0.0,0.0,0.0,0.0,0.0,-1.6,0.0,0.9,0.0,0.0,16.0,25903.0
2026-07-30T19:01:04.455Z,233.938,233.952,0.0,7.4,0.0,0.0,0.0,0.0,0.0,0.0,0.0,0.0,1.0,0.0,0.0,0.0,9.0,4.0,0.0,0.0,0.0,0.0,0.0,0.0,0.0,0.0,1.0,12.0,1.0,12.15,5.0200000000000005,2.51,1.5,0.0,0.0,0.0,0.4,0.0,0.8,1.7000000000000002,-0.1,-169.60000000000002,0.0,0.0,169.70000000000002,0.0,21.700000000000003,29.3,29.3,29.9,300.0,300.0,31.5,35.4,29.200000000000003,28.4,30.3,4.96,1.99,4.96,0.16,0.0,0.0,1027.0,8228.0,0.0,0.0,0.0,0.0,0.0,1.0,0.0,0.0,0.0,0.0,0.0,2.0,0.0,-0.6000000000000001,0.0,0.0,16.0,25903.0
2026-07-30T19:01:04.467Z,233.95,233.964,0.0,7.4,0.0,0.0,0.0,0.0,0.0,0.0,0.0,0.0,1.0,0.0,0.0,0.0,9.0,4.0,0.0,0.0,0.0,0.0,0.0,0.0,0.0,0.0,2.0,12.0,1.0,12.15,5.0200000000000005,2.51,1.5,0.0,0.0,0.0,0.4,0.0,0.2,-1.2000000000000002,-0.1,-169.70000000000002,0.0,0.0,169.8,0.0,21.700000000000003,29.3,29.3,29.9,300.0,300.0,31.5,35.4,29.200000000000003,28.4,30.3,4.95,1.99,4.96,0.16,0.0,0.0,1027.0,8228.0,0.0,0.0,0.0,0.0,0.0,1.0,0.0,0.0,0.0,0.0,0.0,-1.5,0.0,-0.1,0.0,0.0,16.0,25903.0
2026-07-30T19:01:04.479Z,233.962,233.976,0.0,7.4,0.0,0.0,0.0,0.0,0.0,0.0,0.0,0.0,1.0,0.0,0.0,0.0,9.0,4.0,0.0,0.0,0.0,0.0,0.0,0.0,0.0,0.0,3.0,12.0,1.0,12.15,5.0200000000000005,2.51,1.5,0.0,0.0,0.0,0.4,0.0,0.2,-0.7000000000000001,1.6,-169.70000000000002,0.0,0.0,169.70000000000002,0.0,21.700000000000003,29.3,29.3,29.9,300.0,300.0,31.5,35.4,29.200000000000003,28.4,30.3,4.95,1.99,4.97,0.16,0.0,0.0,1027.0,8228.0,0.0,0.0,0.0,0.0,0.0,1.0,0.0,0.0,0.0,0.0,0.0,0.4,0.0,-1.6,0.0,0.0001,16.0,25903.0
2026-07-30T19:01:04.491Z,233.974,233.988,0.0,7.4,0.0,0.0,0.0,0.0,0.0,0.0,0.0,0.0,1.0,0.0,0.0,0.0,9.0,4.0,0.0,0.0,0.0,0.0,0.0,0.0,0.0,0.0,4.0,12.0,1.0,12.17,5.0200000000000005,2.51,1.49,0.0,0.0,0.0,0.4,0.0,-0.3,-0.6000000000000001,-0.1,-169.70000000000002,0.0,0.0,169.8,0.0,21.0,29.3,29.3,29.9,300.0,300.0,31.5,35.5,29.200000000000003,28.4,30.3,4.95,1.99,4.96,0.16,0.0,0.0,1027.0,8228.0,0.0,0.0,0.0,0.0,0.0,1.0,0.0,0.0,0.0,0.0,0.0,-0.8,0.0,0.0,0.0,0.0001,16.0,25903.0
2026-07-30T19:01:04.503Z,233.986,234.0,0.0,7.4,0.0,0.0,0.0,0.0,0.0,0.0,0.0,0.0,1.0,0.0,0.0,0.0,9.0,4.0,0.0,0.0,0.0,0.0,0.0,0.0,0.0,0.0,5.0,12.0,1.0,12.17,5.0200000000000005,2.51,1.49,0.0,0.0,0.0,0.4,0.0,0.2,0.0,-1.2000000000000002,-169.70000000000002,0.0,0.0,169.70000000000002,0.0,21.0,29.3,29.3,29.9,300.0,300.0,31.5,35.5,29.200000000000003,28.4,30.3,4.96,1.99,4.96,0.16,0.0,0.0,1027.0,8228.0,0.0,0.0,0.0,0.0,0.0,1.0,0.0,0.0,0.0,0.0,0.0,-0.9,0.0,1.1,0.0,0.0001,16.0,25903.0
2026-07-30T19:01:04.515Z,233.998,234.012,0.0,7.4,0.0,0.0,0.0,0.0,0.0,0.0,0.0,0.0,1.0,0.0,0.0,0.0,9.0,4.0,0.0,0.0,0.0,0.0,0.0,0.0,0.0,0.0,6.0,12.0,1.0,12.17,5.0200000000000005,2.51,1.49,0.0,0.0,0.0,0.4,0.0,-0.8,0.5,0.4,-169.70000000000002,0.0,0.0,169.70000000000002,0.0,21.0,29.3,29.3,29.9,300.0,300.0,31.5,35.5,29.200000000000003,28.4,30.3,4.95,1.99,4.97,0.16,0.0,0.0,1027.0,8228.0,0.0,0.0,0.0,0.0,0.0,1.0,0.0,0.0,0.0,0.0,0.0,1.0,0.0,-0.3,0.0,0.0001,16.0,25903.0
2026-07-30T19:01:04.527Z,234.01,234.024,0.0,7.4,0.0,0.0,0.0,0.0,0.0,0.0,0.0,0.0,1.0,0.0,0.0,0.0,9.0,4.0,0.0,0.0,0.0,0.0,0.0,0.0,0.0,0.0,1.0,12.0,1.0,12.17,5.0200000000000005,2.51,1.49,0.0,0.0,0.0,0.4,0.0,-0.3,0.0,-0.1,-169.70000000000002,0.0,0.0,169.8,0.0,21.0,29.3,29.3,29.9,300.0,300.0,31.5,35.5,29.200000000000003,28.4,30.3,4.96,1.99,4.97,0.16,0.0,0.0,1027.0,8228.0,0.0,0.0,0.0,0.0,0.0,1.0,0.0,0.0,0.0,0.0,0.0,-0.1,0.0,0.1,0.0,0.0,16.0,25903.0
2026-07-30T19:01:04.539Z,234.022,234.036,0.0,7.4,0.0,0.0,0.0,0.0,0.0,0.0,0.0,0.0,1.0,0.0,0.0,0.0,9.0,4.0,0.0,0.0,0.0,0.0,0.0,0.0,0.0,0.0,2.0,12.0,1.0,12.17,5.0200000000000005,2.51,1.49,0.0,0.0,0.0,0.4,0.0,-0.2,0.5,0.4,-169.70000000000002,0.0,0.0,169.8,0.0,21.0,29.3,29.3,29.9,300.0,300.0,31.5,35.5,29.200000000000003,28.4,30.3,4.96,1.99,4.96,0.16,0.0,0.0,1027.0,8228.0,0.0,0.0,0.0,0.0,0.0,1.0,0.0,0.0,0.0,0.0,0.0,1.0,0.0,-0.3,0.0,0.0001,16.0,25903.0
2026-07-30T19:01:04.551Z,234.034,234.048,0.0,7.4,0.0,0.0,0.0,0.0,0.0,0.0,0.0,0.0,1.0,0.0,0.0,0.0,9.0,4.0,0.0,0.0,0.0,0.0,0.0,0.0,0.0,0.0,3.0,12.0,1.0,12.17,5.0200000000000005,2.51,1.49,0.0,0.0,0.0,0.4,0.0,0.8,0.0,1.0,-169.70000000000002,0.0,0.0,169.60000000000002,0.0,21.0,29.3,29.3,29.9,300.0,300.0,31.5,35.5,29.200000000000003,28.4,30.3,4.95,1.99,4.96,0.16,0.0,0.0,1027.0,8228.0,0.0,0.0,0.0,0.0,0.0,1.0,0.0,0.0,0.0,0.0,0.0,0.8,0.0,-0.9,0.0,0.0001,16.0,25903.0
2026-07-30T19:01:04.563Z,234.046,234.06,0.0,7.4,0.0,0.0,0.0,0.0,0.0,0.0,0.0,0.0,1.0,0.0,0.0,0.0,9.0,4.0,0.0,0.0,0.0,0.0,0.0,0.0,0.0,0.0,4.0,12.0,1.0,12.17,5.0200000000000005,2.51,1.49,-0.1,0.1,0.0,0.4,0.0,-0.2,-1.1,0.0,-169.70000000000002,0.0,0.0,169.70000000000002,0.0,21.0,29.3,29.3,29.9,300.0,300.0,31.5,35.5,29.200000000000003,28.4,30.3,4.95,1.99,4.97,0.16,0.0,0.0,1027.0,8228.0,0.0,0.0,0.0,0.0,0.0,1.0,0.0,0.0,0.0,0.0,0.0,-1.3,0.0,-0.1,0.0,0.0002,16.0,25903.0
2026-07-30T19:01:04.575Z,234.058,234.072,0.0,7.4,0.0,0.0,0.0,0.0,0.0,0.0,0.0,0.0,1.0,0.0,0.0,0.0,9.0,4.0,0.0,0.0,0.0,0.0,0.0,0.0,0.0,0.0,5.0,12.0,1.0,12.17,5.0200000000000005,2.51,1.49,0.0,0.0,0.0,0.4,0.0,0.3,0.6000000000000001,0.4,-169.70000000000002,0.0,0.0,169.8,0.0,21.0,29.3,29.3,29.9,300.0,300.0,31.5,35.5,29.200000000000003,28.4,30.3,4.96,1.99,4.96,0.16,0.0,0.0,1027.0,8228.0,0.0,0.0,0.0,0.0,0.0,1.0,0.0,0.0,0.0,0.0,0.0,1.0,0.0,-0.3,0.0,0.0001,16.0,25903.0
2026-07-30T19:01:04.588Z,234.071,234.084,0.0,7.4,0.0,0.0,0.0,0.0,0.0,0.0,0.0,0.0,1.0,0.0,0.0,0.0,9.0,4.0,0.0,0.0,0.0,0.0,0.0,0.0,0.0,0.0,6.0,12.0,1.0,12.13,5.01,2.51,1.5,0.0,0.0,0.0,0.4,0.0,0.3,-0.5,1.0,-169.70000000000002,0.0,0.0,169.70000000000002,0.0,21.4,29.3,29.3,29.9,300.0,300.0,31.4,35.5,29.200000000000003,28.4,30.3,4.96,1.99,4.97,0.16,0.0,0.0,1027.0,8228.0,0.0,0.0,0.0,0.0,0.0,1.0,0.0,0.0,0.0,0.0,0.0,0.1,0.0,-1.0,0.0,0.0002,16.0,25903.0
2026-07-30T19:01:04.598Z,234.081,234.096,0.0,7.4,0.0,0.0,0.0,0.0,0.0,0.0,0.0,0.0,1.0,0.0,0.0,0.0,9.0,4.0,0.0,0.0,0.0,0.0,0.0,0.0,0.0,0.0,1.0,12.0,1.0,12.13,5.01,2.51,1.5,0.0,0.0,0.0,0.4,0.0,-0.2,1.2000000000000002,-0.1,-169.70000000000002,0.0,0.0,169.70000000000002,0.0,21.4,29.3,29.3,29.9,300.0,300.0,31.4,35.5,29.200000000000003,28.4,30.3,4.95,2.0,4.97,0.16,0.0,0.0,1027.0,8228.0,0.0,0.0,0.0,0.0,0.0,1.0,0.0,0.0,0.0,0.0,0.0,1.3,0.0,0.3,0.0,0.0,16.0,25903.0
2026-07-30T19:01:04.611Z,234.094,234.108,0.0,7.4,0.0,0.0,0.0,0.0,0.0,0.0,0.0,0.0,1.0,0.0,0.0,0.0,9.0,4.0,0.0,0.0,0.0,0.0,0.0,0.0,0.0,0.0,2.0,12.0,1.0,12.13,5.01,2.51,1.5,0.0,0.0,0.0,0.4,0.0,-0.2,-1.1,-0.7000000000000001,-169.70000000000002,0.0,0.0,169.70000000000002,0.0,21.4,29.3,29.3,29.9,300.0,300.0,31.4,35.5,29.200000000000003,28.4,30.3,4.96,2.0,4.97,0.16,0.0,0.0,1027.0,8228.0,0.0,0.0,0.0,0.0,0.0,1.0,0.0,0.0,0.0,0.0,0.0,-1.8,0.0,0.4,0.0,0.0001,16.0,25903.0
2026-07-30T19:01:04.623Z,234.106,234.12,0.0,7.4,0.0,0.0,0.0,0.0,0.0,0.0,0.0,0.0,1.0,0.0,0.0,0.0,9.0,4.0,0.0,0.0,0.0,0.0,0.0,0.0,0.0,0.0,3.0,12.0,1.0,12.13,5.01,2.51,1.5,0.0,0.0,0.0,0.4,0.0,-0.2,-1.0,0.4,-169.70000000000002,0.0,0.0,169.70000000000002,0.0,21.4,29.3,29.3,29.9,300.0,300.0,31.4,35.5,29.200000000000003,28.4,30.3,4.95,2.0,4.96,0.16,0.0,0.0,1027.0,8228.0,0.0,0.0,0.0,0.0,0.0,1.0,0.0,0.0,0.0,0.0,0.0,-0.9,0.0,-0.5,0.0,0.0,16.0,25903.0
2026-07-30T19:01:04.635Z,234.118,234.132,0.0,7.4,0.0,0.0,0.0,0.0,0.0,0.0,0.0,0.0,1.0,0.0,0.0,0.0,9.0,4.0,0.0,0.0,0.0,0.0,0.0,0.0,0.0,0.0,4.0,12.0,1.0,12.13,5.01,2.51,1.5,0.0,0.0,0.0,0.4,0.0,-0.2,0.1,-0.7000000000000001,-169.70000000000002,0.0,0.0,169.8,0.0,21.4,29.3,29.3,29.9,300.0,300.0,31.4,35.5,29.200000000000003,28.4,30.3,4.95,1.99,4.97,0.16,0.0,0.0,1027.0,8228.0,0.0,0.0,0.0,0.0,0.0,1.0,0.0,0.0,0.0,0.0,0.0,-0.3,0.0,0.6000000000000001,0.0,0.0002,16.0,25903.0
2026-07-30T19:01:04.647Z,234.13,234.144,0.0,7.4,0.0,0.0,0.0,0.0,0.0,0.0,0.0,0.0,1.0,0.0,0.0,0.0,9.0,4.0,0.0,0.0,0.0,0.0,0.0,0.0,0.0,0.0,5.0,12.0,1.0,12.13,5.01,2.51,1.5,0.0,0.0,0.0,0.4,0.0,0.4,0.1,-0.1,-169.70000000000002,0.0,0.0,169.60000000000002,0.0,21.4,29.3,29.3,29.9,300.0,300.0,31.4,35.5,29.200000000000003,28.4,30.3,4.96,1.99,4.97,0.16,0.0,0.0,1027.0,8228.0,0.0,0.0,0.0,0.0,0.0,1.0,0.0,0.0,0.0,0.0,0.0,0.1,0.0,0.1,0.0,0.0002,16.0,25903.0
2026-07-30T19:01:04.659Z,234.142,234.156,0.0,7.4,0.0,0.0,0.0,0.0,0.0,0.0,0.0,0.0,1.0,0.0,0.0,0.0,9.0,4.0,0.0,0.0,0.0,0.0,0.0,0.0,0.0,0.0,6.0,12.0,1.0,12.13,5.01,2.51,1.5,0.0,0.1,0.0,0.4,0.0,-0.1,-0.3,-0.6000000000000001,-169.70000000000002,0.0,0.0,169.70000000000002,0.0,21.4,29.3,29.3,29.9,300.0,300.0,31.4,35.5,29.200000000000003,28.4,30.3,4.96,1.99,4.97,0.16,0.0,0.0,1027.0,8228.0,0.0,0.0,0.0,0.0,0.0,1.0,0.0,0.0,0.0,0.0,0.0,-0.9,0.0,0.5,0.0,0.0001,16.0,25903.0
2026-07-30T19:01:04.678Z,234.161,234.168,0.0,7.4,0.0,0.0,0.0,0.0,0.0,0.0,0.0,0.0,1.0,0.0,0.0,0.0,9.0,4.0,0.0,0.0,0.0,0.0,0.0,0.0,0.0,0.0,6.0,12.0,1.0,12.13,5.01,2.51,1.5,0.0,0.0,0.0,0.4,0.0,-0.1,-0.9,-1.3,-169.70000000000002,0.0,0.0,169.8,0.0,21.4,29.3,29.3,29.9,300.0,300.0,31.4,35.5,29.200000000000003,28.4,30.3,4.95,1.99,4.97,0.16,0.0,0.0,1027.0,8228.0,0.0,0.0,0.0,0.0,0.0,1.0,0.0,0.0,0.0,0.0,0.0,-2.0,0.0,0.9,0.0,0.0,16.0,25903.0
2026-07-30T19:01:04.683Z,234.166,234.18,0.0,7.4,0.0,0.0,0.0,0.0,0.0,0.0,0.0,0.0,1.0,0.0,0.0,0.0,9.0,4.0,0.0,0.0,0.0,0.0,0.0,0.0,0.0,0.0,4.0,12.0,1.0,12.13,5.01,2.51,1.5,0.0,0.0,0.0,0.4,0.0,0.4,0.2,-0.1,-169.70000000000002,0.0,0.0,169.70000000000002,0.0,21.4,29.3,29.3,29.9,300.0,300.0,31.4,35.5,29.200000000000003,28.4,30.3,4.95,1.99,4.96,0.16,0.0,0.0,1027.0,8228.0,0.0,0.0,0.0,0.0,0.0,1.0,0.0,0.0,0.0,0.0,0.0,0.1,0.0,0.1,0.0,0.0002,16.0,25903.0
2026-07-30T19:01:04.695Z,234.178,234.192,0.0,7.4,0.0,0.0,0.0,0.0,0.0,0.0,0.0,0.0,1.0,0.0,0.0,0.0,9.0,4.0,0.0,0.0,0.0,0.0,0.0,0.0,0.0,0.0,5.0,12.0,1.0,12.18,5.01,2.51,1.49,0.0,0.0,0.0,0.4,0.0,1.0,0.2,0.4,-169.70000000000002,0.0,0.0,169.70000000000002,0.0,21.0,29.3,29.3,29.9,300.0,300.0,31.5,35.6,29.200000000000003,28.4,30.3,4.96,2.0,4.96,0.16,0.0,0.0,1027.0,8228.0,0.0,0.0,0.0,0.0,0.0,1.0,0.0,0.0,0.0,0.0,0.0,0.6000000000000001,0.0,-0.3,0.0,0.0,16.0,25903.0
2026-07-30T19:01:04.707Z,234.19,234.204,0.0,7.4,0.0,0.0,0.0,0.0,0.0,0.0,0.0,0.0,1.0,0.0,0.0,0.0,9.0,4.0,0.0,0.0,0.0,0.0,0.0,0.0,0.0,0.0,6.0,12.0,1.0,12.18,5.01,2.51,1.49,0.0,0.0,0.0,0.4,0.0,0.4,0.8,0.4,-169.70000000000002,0.0,0.0,169.70000000000002,0.0,21.0,29.3,29.3,29.9,300.0,300.0,31.5,35.6,29.200000000000003,28.4,30.3,4.95,2.0,4.96,0.16,0.0,0.0,1027.0,8228.0,0.0,0.0,0.0,0.0,0.0,1.0,0.0,0.0,0.0,0.0,0.0,1.3,0.0,-0.2,0.0,0.0001,16.0,25903.0
2026-07-30T19:01:04.719Z,234.202,234.216,0.0,7.4,0.0,0.0,0.0,0.0,0.0,0.0,0.0,0.0,1.0,0.0,0.0,0.0,9.0,4.0,0.0,0.0,0.0,0.0,0.0,0.0,0.0,0.0,1.0,12.0,1.0,12.18,5.01,2.51,1.49,0.0,0.0,0.0,0.4,0.0,1.0,-0.3,0.5,-169.70000000000002,0.0,0.0,169.70000000000002,0.0,21.0,29.3,29.3,29.9,300.0,300.0,31.5,35.6,29.200000000000003,28.4,30.3,4.95,1.99,4.97,0.16,0.0,0.0,1027.0,8228.0,0.0,0.0,0.0,0.0,0.0,1.0,0.0,0.0,0.0,0.0,0.0,0.0,0.0,-0.5,0.0,0.0,16.0,25903.0
2026-07-30T19:01:04.731Z,234.214,234.228,0.0,7.4,0.0,0.0,0.0,0.0,0.0,0.0,0.0,0.0,1.0,0.0,0.0,0.0,9.0,4.0,0.0,0.0,0.0,0.0,0.0,0.0,0.0,0.0,3.0,12.0,1.0,12.18,5.01,2.51,1.49,0.0,0.0,0.0,0.4,0.0,-0.1,0.2,0.4,-169.70000000000002,0.0,0.0,169.60000000000002,0.0,21.0,29.3,29.3,29.9,300.0,300.0,31.5,35.6,29.200000000000003,28.4,30.3,4.95,1.99,4.96,0.17,0.0,0.0,1027.0,8228.0,0.0,0.0,0.0,0.0,0.0,1.0,0.0,0.0,0.0,0.0,0.0,0.6000000000000001,0.0,-0.3,0.0,0.0,16.0,25903.0
2026-07-30T19:01:04.743Z,234.226,234.24,0.0,7.4,0.0,0.0,0.0,0.0,0.0,0.0,0.0,0.0,1.0,0.0,0.0,0.0,9.0,4.0,0.0,0.0,0.0,0.0,0.0,0.0,0.0,0.0,4.0,12.0,1.0,12.18,5.01,2.51,1.49,0.0,0.0,0.0,0.5,0.0,-0.1,0.2,-0.6000000000000001,-169.70000000000002,0.0,0.0,169.60000000000002,0.0,21.0,29.3,29.3,29.9,300.0,300.0,31.5,35.6,29.200000000000003,28.4,30.3,4.96,1.99,4.96,0.16,0.0,0.0,1027.0,8228.0,0.0,0.0,0.0,0.0,0.0,1.0,0.0,0.0,0.0,0.0,0.0,-0.2,0.0,0.6000000000000001,0.0,0.0001,16.0,25903.0
2026-07-30T19:01:04.755Z,234.238,234.252,0.0,7.4,0.0,0.0,0.0,0.0,0.0,0.0,0.0,0.0,1.0,0.0,0.0,0.0,9.0,4.0,0.0,0.0,0.0,0.0,0.0,0.0,0.0,0.0,5.0,12.0,1.0,12.18,5.01,2.51,1.49,0.0,0.0,0.0,0.4,0.0,-0.1,-0.3,0.0,-169.70000000000002,0.0,0.0,169.70000000000002,0.0,21.0,29.3,29.3,29.9,300.0,300.0,31.5,35.6,29.200000000000003,28.4,30.3,4.95,1.99,4.97,0.16,0.0,0.0,1027.0,8228.0,0.0,0.0,0.0,0.0,0.0,1.0,0.0,0.0,0.0,0.0,0.0,-0.4,0.0,0.0,0.0,0.0001,16.0,25903.0
2026-07-30T19:01:04.766Z,234.249,234.264,0.0,7.4,0.0,0.0,0.0,0.0,0.0,0.0,0.0,0.0,1.0,0.0,0.0,0.0,9.0,4.0,0.0,0.0,0.0,0.0,0.0,0.0,0.0,0.0,6.0,12.0,1.0,12.18,5.01,2.51,1.49,0.0,0.0,0.0,0.4,0.0,0.4,-0.3,-1.2000000000000002,-169.60000000000002,0.0,0.0,169.60000000000002,0.0,21.0,29.3,29.3,29.9,300.0,300.0,31.5,35.6,29.200000000000003,28.4,30.3,4.96,1.99,4.96,0.16,0.0,0.0,1027.0,8228.0,0.0,0.0,0.0,0.0,0.0,1.0,0.0,0.0,0.0,0.0,0.0,-1.4,0.0,1.0,0.0,0.0,16.0,25903.0
2026-07-30T19:01:04.778Z,234.261,234.276,0.0,7.4,0.0,0.0,0.0,0.0,0.0,0.0,0.0,0.0,1.0,0.0,0.0,0.0,9.0,4.0,0.0,0.0,0.0,0.0,0.0,0.0,0.0,0.0,1.0,12.0,1.0,12.18,5.01,2.51,1.49,0.0,0.0,0.0,0.5,0.0,-0.1,0.1,-0.7000000000000001,-169.60000000000002,0.0,0.0,169.70000000000002,0.0,21.0,29.3,29.3,29.9,300.0,300.0,31.5,35.6,29.200000000000003,28.4,30.3,4.96,2.0,4.96,0.16,0.0,0.0,1027.0,8228.0,0.0,0.0,0.0,0.0,0.0,1.0,0.0,0.0,0.0,0.0,0.0,-0.3,0.0,0.6000000000000001,0.0,0.0001,16.0,25903.0
2026-07-30T19:01:04.791Z,234.274,234.288,0.0,7.4,0.0,0.0,0.0,0.0,0.0,0.0,0.0,0.0,1.0,0.0,0.0,0.0,9.0,4.0,0.0,0.0,0.0,0.0,0.0,0.0,0.0,0.0,2.0,12.0,1.0,12.17,5.01,2.51,1.49,0.0,0.0,0.0,0.4,0.0,-1.3,-0.9,-1.9,-169.60000000000002,0.0,0.0,169.70000000000002,0.0,21.8,29.3,29.3,29.9,300.0,300.0,31.5,35.5,29.200000000000003,28.4,30.3,4.95,1.99,4.96,0.16,0.0,0.0,1027.0,8228.0,0.0,0.0,0.0,0.0,0.0,1.0,0.0,0.0,0.0,0.0,0.0,-2.5,0.0,1.4,0.0,0.0001,16.0,25903.0
2026-07-30T19:01:04.802Z,234.285,234.3,0.0,7.4,0.0,0.0,0.0,0.0,0.0,0.0,0.0,0.0,1.0,0.0,0.0,0.0,9.0,4.0,0.0,0.0,0.0,0.0,0.0,0.0,0.0,0.0,3.0,12.0,1.0,12.17,5.01,2.51,1.49,0.0,0.0,0.0,0.4,0.0,-0.1,-0.9,-0.7000000000000001,-169.60000000000002,0.0,0.0,169.60000000000002,0.0,21.8,29.3,29.3,29.9,300.0,300.0,31.5,35.5,29.200000000000003,28.4,30.3,4.95,1.99,4.97,0.16,0.0,0.0,1027.0,8228.0,0.0,0.0,0.0,0.0,0.0,1.0,0.0,0.0,0.0,0.0,0.0,-1.7000000000000002,0.0,0.4,0.0,0.0,16.0,25903.0
2026-07-30T19:01:04.814Z,234.297,234.312,0.0,7.4,0.0,0.0,0.0,0.0,0.0,0.0,0.0,0.0,1.0,0.0,0.0,0.0,9.0,4.0,0.0,0.0,0.0,0.0,0.0,0.0,0.0,0.0,4.0,12.0,1.0,12.17,5.01,2.51,1.49,0.0,0.0,0.0,0.4,0.0,0.9,-0.4,0.9,-169.60000000000002,0.0,0.0,169.70000000000002,0.0,21.8,29.3,29.3,29.9,300.0,300.0,31.5,35.5,29.200000000000003,28.4,30.3,4.95,1.99,4.96,0.16,0.0,0.0,1027.0,8228.0,0.0,0.0,0.0,0.0,0.0,1.0,0.0,0.0,0.0,0.0,0.0,0.2,0.0,-0.9,0.0,0.0001,16.0,25903.0
2026-07-30T19:01:04.826Z,234.309,234.324,0.0,7.4,0.0,0.0,0.0,0.0,0.0,0.0,0.0,0.0,1.0,0.0,0.0,0.0,9.0,4.0,0.0,0.0,0.0,0.0,0.0,0.0,0.0,0.0,5.0,12.0,1.0,12.17,5.01,2.51,1.49,0.0,0.0,0.0,0.4,0.0,-0.8,0.1,0.3,-169.60000000000002,0.0,0.0,169.60000000000002,0.0,21.8,29.3,29.3,29.9,300.0,300.0,31.5,35.5,29.200000000000003,28.4,30.3,4.95,1.99,4.97,0.16,0.0,0.0,1027.0,8228.0,0.0,0.0,0.0,0.0,0.0,1.0,0.0,0.0,0.0,0.0,0.0,0.4,0.0,-0.3,0.0,0.0001,16.0,25903.0
2026-07-30T19:01:04.838Z,234.321,234.336,0.0,7.4,0.0,0.0,0.0,0.0,0.0,0.0,0.0,0.0,1.0,0.0,0.0,0.0,9.0,4.0,0.0,0.0,0.0,0.0,0.0,0.0,0.0,0.0,1.0,12.0,1.0,12.17,5.01,2.51,1.49,0.0,0.0,0.0,0.4,0.0,0.9,1.2000000000000002,-0.1,-169.60000000000002,0.0,0.0,169.70000000000002,0.0,21.8,29.3,29.3,29.9,300.0,300.0,31.5,35.5,29.200000000000003,28.4,30.3,4.95,1.99,4.97,0.16,0.0,0.0,1027.0,8228.0,0.0,0.0,0.0,0.0,0.0,1.0,0.0,0.0,0.0,0.0,0.0,1.2000000000000002,0.0,0.4,0.0,0.0,16.0,25903.0
2026-07-30T19:01:04.850Z,234.333,234.348,0.0,7.4,0.0,0.0,0.0,0.0,0.0,0.0,0.0,0.0,1.0,0.0,0.0,0.0,9.0,4.0,0.0,0.0,0.0,0.0,0.0,0.0,0.0,0.0,2.0,12.0,1.0,12.17,5.01,2.51,1.49,0.0,0.0,0.0,0.4,0.0,0.3,-1.0,0.9,-169.60000000000002,0.0,0.0,169.70000000000002,0.0,21.8,29.3,29.3,29.9,300.0,300.0,31.5,35.5,29.200000000000003,28.4,30.3,4.96,1.99,4.96,0.16,0.0,0.0,1027.0,8228.0,0.0,0.0,0.0,0.0,0.0,1.0,0.0,0.0,0.0,0.0,0.0,-0.5,0.0,-1.0,0.0,0.0,16.0,25903.0
2026-07-30T19:01:04.862Z,234.345,234.36,0.0,7.4,0.0,0.0,0.0,0.0,0.0,0.0,0.0,0.0,1.0,0.0,0.0,0.0,9.0,4.0,0.0,0.0,0.0,0.0,0.0,0.0,0.0,0.0,2.0,12.0,1.0,12.17,5.01,2.51,1.49,0.0,0.0,0.0,0.4,0.0,-0.2,-0.4,-0.7000000000000001,-169.60000000000002,0.0,0.0,169.70000000000002,0.0,21.8,29.3,29.3,29.9,300.0,300.0,31.5,35.5,29.200000000000003,28.4,30.3,4.95,1.99,4.97,0.16,0.0,0.0,1027.0,8228.0,0.0,0.0,0.0,0.0,0.0,1.0,0.0,0.0,0.0,0.0,0.0,-1.1,0.0,0.5,0.0,0.0002,16.0,25903.0
2026-07-30T19:01:04.875Z,234.358,234.372,0.0,7.4,0.0,0.0,0.0,0.0,0.0,0.0,0.0,0.0,1.0,0.0,0.0,0.0,9.0,4.0,0.0,0.0,0.0,0.0,0.0,0.0,0.0,0.0,4.0,12.0,1.0,12.17,5.01,2.51,1.49,0.0,0.0,0.0,0.4,0.0,0.2,0.7000000000000001,-0.1,-169.60000000000002,0.0,0.0,169.8,0.0,21.8,29.3,29.3,29.9,300.0,300.0,31.5,35.5,29.200000000000003,28.4,30.3,4.95,1.99,4.97,0.16,0.0,0.0,1027.0,8228.0,0.0,0.0,0.0,0.0,0.0,1.0,0.0,0.0,0.0,0.0,0.0,0.6000000000000001,0.0,0.2,0.0,0.0002,16.0,25903.0
2026-07-30T19:01:04.887Z,234.37,234.384,0.0,7.4,0.0,0.0,0.0,0.0,0.0,0.0,0.0,0.0,1.0,0.0,0.0,0.0,9.0,4.0,0.0,0.0,0.0,0.0,0.0,0.0,0.0,0.0,5.0,12.0,1.0,12.17,5.01,2.51,1.49,0.0,0.0,0.0,0.4,0.0,0.3,0.1,1.5,-169.70000000000002,0.0,0.0,169.8,0.0,21.8,29.3,29.3,29.9,300.0,300.0,31.5,35.5,29.200000000000003,28.4,30.3,4.95,1.99,4.97,0.16,0.0,0.0,1027.0,8228.0,0.0,0.0,0.0,0.0,0.0,1.0,0.0,0.0,0.0,0.0,0.0,1.3,0.0,-1.3,0.0,0.0,16.0,25903.0
2026-07-30T19:01:04.899Z,234.382,234.396,0.0,7.4,0.0,0.0,0.0,0.0,0.0,0.0,0.0,0.0,1.0,0.0,0.0,0.0,9.0,4.0,0.0,0.0,0.0,0.0,0.0,0.0,0.0,0.0,6.0,12.0,1.0,12.17,5.01,2.51,1.49,0.0,0.0,0.0,0.4,0.0,0.3,-0.4,-1.3,-169.70000000000002,0.0,0.0,169.8,0.0,21.700000000000003,29.3,29.3,29.9,300.0,300.0,31.5,35.5,29.200000000000003,28.4,30.3,4.96,1.99,4.96,0.16,0.0,0.0,1027.0,8228.0,0.0,0.0,0.0,0.0,0.0,1.0,0.0,0.0,0.0,0.0,0.0,-1.4,0.0,1.0,0.0,0.0,16.0,25903.0
2026-07-30T19:01:04.910Z,234.393,234.408,0.0,7.4,0.0,0.0,0.0,0.0,0.0,0.0,0.0,0.0,1.0,0.0,0.0,0.0,9.0,4.0,0.0,0.0,0.0,0.0,0.0,0.0,0.0,0.0,1.0,12.0,1.0,12.17,5.01,2.51,1.49,0.0,0.0,0.0,0.4,0.0,0.8,1.2000000000000002,1.6,-169.70000000000002,0.0,0.0,169.8,0.0,21.700000000000003,29.3,29.3,29.9,300.0,300.0,31.5,35.5,29.200000000000003,28.4,30.3,4.95,1.99,4.97,0.16,0.0,0.0,1027.0,8228.0,0.0,0.0,0.0,0.0,0.0,1.0,0.0,0.0,0.0,0.0,0.0,2.6,0.0,-1.1,0.0,0.0,16.0,25903.0
2026-07-30T19:01:04.922Z,234.405,234.42,0.0,7.4,0.0,0.0,0.0,0.0,0.0,0.0,0.0,0.0,1.0,0.0,0.0,0.0,9.0,4.0,0.0,0.0,0.0,0.0,0.0,0.0,0.0,0.0,2.0,12.0,1.0,12.17,5.01,2.51,1.49,0.0,0.1,0.0,0.4,0.0,0.2,0.1,-0.7000000000000001,-169.70000000000002,0.0,0.0,169.70000000000002,0.0,21.700000000000003,29.3,29.3,29.9,300.0,300.0,31.5,35.5,29.200000000000003,28.4,30.3,4.95,1.99,4.96,0.16,0.0,0.0,1027.0,8228.0,0.0,0.0,0.0,0.0,0.0,1.0,0.0,0.0,0.0,0.0,0.0,-0.3,0.0,0.6000000000000001,0.0,0.0,16.0,25903.0
2026-07-30T19:01:04.935Z,234.418,234.432,0.0,7.4,0.0,0.0,0.0,0.0,0.0,0.0,0.0,0.0,1.0,0.0,0.0,0.0,9.0,4.0,0.0,0.0,0.0,0.0,0.0,0.0,0.0,0.0,4.0,12.0,1.0,12.17,5.01,2.51,1.49,0.0,0.0,0.0,0.4,0.0,0.3,0.2,0.5,-169.60000000000002,0.0,0.0,169.70000000000002,0.0,21.700000000000003,29.3,29.3,29.9,300.0,300.0,31.5,35.5,29.200000000000003,28.4,30.3,4.95,2.0,4.96,0.16,0.0,0.0,1027.0,8228.0,0.0,0.0,0.0,0.0,0.0,1.0,0.0,0.0,0.0,0.0,0.0,0.6000000000000001,0.0,-0.4,0.0,0.0001,16.0,25903.0
2026-07-30T19:01:04.947Z,234.43,234.444,0.0,7.4,0.0,0.0,0.0,0.0,0.0,0.0,0.0,0.0,1.0,0.0,0.0,0.0,9.0,4.0,0.0,0.0,0.0,0.0,0.0,0.0,0.0,0.0,5.0,12.0,1.0,12.17,5.01,2.51,1.49,0.0,0.0,0.0,0.4,0.0,0.3,0.2,1.6,-169.60000000000002,0.0,0.0,169.60000000000002,0.0,21.700000000000003,29.3,29.3,29.9,300.0,300.0,31.5,35.5,29.200000000000003,28.4,30.3,4.95,2.0,4.96,0.16,0.0,0.0,1027.0,8228.0,0.0,0.0,0.0,0.0,0.0,1.0,0.0,0.0,0.0,0.0,0.0,1.5,0.0,-1.4,0.0,0.0,16.0,25903.0
2026-07-30T19:01:04.958Z,234.441,234.456,0.0,7.4,0.0,0.0,0.0,0.0,0.0,0.0,0.0,0.0,1.0,0.0,0.0,0.0,9.0,4.0,0.0,0.0,0.0,0.0,0.0,0.0,0.0,0.0,6.0,12.0,1.0,12.17,5.01,2.51,1.49,0.0,0.0,0.0,0.4,0.0,-0.2,-0.4,0.0,-169.60000000000002,0.0,0.0,169.60000000000002,0.0,21.700000000000003,29.3,29.3,29.9,300.0,300.0,31.5,35.5,29.200000000000003,28.4,30.3,4.95,1.99,4.97,0.16,0.0,0.0,1027.0,8228.0,0.0,0.0,0.0,0.0,0.0,1.0,0.0,0.0,0.0,0.0,0.0,-0.5,0.0,0.0,0.0,0.0,16.0,25903.0
2026-07-30T19:01:04.971Z,234.454,234.468,0.0,7.4,0.0,0.0,0.0,0.0,0.0,0.0,0.0,0.0,1.0,0.0,0.0,0.0,9.0,4.0,0.0,0.0,0.0,0.0,0.0,0.0,0.0,0.0,1.0,12.0,1.0,12.17,5.01,2.51,1.49,0.0,0.0,0.0,0.4,0.0,0.3,0.7000000000000001,2.2,-169.60000000000002,0.0,0.0,169.60000000000002,0.0,21.700000000000003,29.3,29.3,29.9,300.0,300.0,31.5,35.5,29.200000000000003,28.4,30.3,4.95,2.0,4.96,0.16,0.0,0.0,1027.0,8228.0,0.0,0.0,0.0,0.0,0.0,1.0,0.0,0.0,0.0,0.0,0.0,-0.9,0.0,0.4,0.0,0.0,16.0,25903.0
2026-07-30T19:01:04.989Z,234.472,234.48,0.0,7.4,0.0,0.0,0.0,0.0,0.0,0.0,0.0,0.0,1.0,0.0,0.0,0.0,9.0,4.0,0.0,0.0,0.0,0.0,0.0,0.0,0.0,0.0,2.0,12.0,1.0,12.17,5.01,2.51,1.49,0.0,0.0,0.0,0.4,0.0,0.2,-0.4,-1.2000000000000002,-169.60000000000002,0.0,0.0,169.70000000000002,0.0,21.700000000000003,29.3,29.3,29.9,300.0,300.0,31.5,35.5,29.200000000000003,28.4,30.3,4.96,1.99,4.96,0.16,0.0,0.0,1027.0,8228.0,0.0,0.0,0.0,0.0,0.0,1.0,0.0,0.0,0.0,0.0,0.0,0.4,0.0,-0.3,0.0,0.0,16.0,25903.0
2026-07-30T19:01:04.994Z,234.477,234.492,0.0,7.4,0.0,0.0,0.0,0.0,0.0,0.0,0.0,0.0,1.0,0.0,0.0,0.0,9.0,4.0,0.0,0.0,0.0,0.0,0.0,0.0,0.0,0.0,6.0,12.0,1.0,12.11,5.0200000000000005,2.51,1.49,0.0,0.0,0.0,0.4,0.0,0.2,0.6000000000000001,-0.7000000000000001,-169.60000000000002,0.0,0.0,169.70000000000002,0.0,21.700000000000003,29.3,29.3,29.9,300.0,300.0,31.5,35.5,29.200000000000003,28.4,30.3,4.95,1.99,4.97,0.16,0.0,0.0,1027.0,8228.0,0.0,0.0,0.0,0.0,0.0,1.0,0.0,0.0,0.0,0.0,0.0,0.2,0.0,0.7000000000000001,0.0,0.0,16.0,25903.0
2026-07-30T19:01:05.006Z,234.489,234.504,0.0,7.4,0.0,0.0,0.0,0.0,0.0,0.0,0.0,0.0,1.0,0.0,0.0,0.0,9.0,4.0,0.0,0.0,0.0,0.0,0.0,0.0,0.0,0.0,1.0,12.0,1.0,12.11,5.0200000000000005,2.51,1.49,0.0,0.0,0.0,0.4,0.0,0.2,0.6000000000000001,0.9,-169.60000000000002,0.0,0.0,169.8,0.0,21.700000000000003,29.3,29.3,29.9,300.0,300.0,31.5,35.5,29.200000000000003,28.4,30.3,4.96,1.99,4.97,0.16,0.0,0.0,1027.0,8228.0,0.0,0.0,0.0,0.0,0.0,1.0,0.0,0.0,0.0,0.0,0.0,-1.6,0.0,-0.7000000000000001,0.0,0.0,16.0,25903.0
2026-07-30T19:01:05.018Z,234.501,234.516,0.0,7.4,0.0,0.0,0.0,0.0,0.0,0.0,0.0,0.0,1.0,0.0,0.0,0.0,9.0,4.0,0.0,0.0,0.0,0.0,0.0,0.0,0.0,0.0,2.0,12.0,1.0,12.11,5.0200000000000005,2.51,1.49,0.0,0.0,0.0,0.4,0.0,0.2,0.6000000000000001,1.0,-169.60000000000002,0.0,0.0,169.8,0.0,21.700000000000003,29.3,29.3,29.9,300.0,300.0,31.5,35.5,29.200000000000003,28.4,30.3,4.96,2.0,4.96,0.16,0.0,0.0,1027.0,8228.0,0.0,0.0,0.0,0.0,0.0,1.0,0.0,0.0,0.0,0.0,0.0,1.0,0.0,-0.2,0.0,0.0003,16.0,25903.0
2026-07-30T19:01:05.031Z,234.514,234.528,0.0,7.4,0.0,0.0,0.0,0.0,0.0,0.0,0.0,0.0,1.0,0.0,0.0,0.0,9.0,4.0,0.0,0.0,0.0,0.0,0.0,0.0,0.0,0.0,4.0,12.0,1.0,12.11,5.0200000000000005,2.51,1.49,0.0,0.0,0.0,0.4,0.0,-0.3,0.6000000000000001,1.6,-169.60000000000002,0.0,0.0,169.70000000000002,0.0,21.700000000000003,29.3,29.3,29.9,300.0,300.0,31.5,35.5,29.200000000000003,28.4,30.3,4.96,1.99,4.96,0.16,0.0,0.0,1027.0,8228.0,0.0,0.0,0.0,0.0,0.0,1.0,0.0,0.0,0.0,0.0,0.0,1.0,0.0,-0.2,0.0,0.0,16.0,25903.0
2026-07-30T19:01:05.043Z,234.526,234.54,0.0,7.4,0.0,0.0,0.0,0.0,0.0,0.0,0.0,0.0,1.0,0.0,0.0,0.0,9.0,4.0,0.0,0.0,0.0,0.0,0.0,0.0,0.0,0.0,5.0,12.0,1.0,12.11,5.0200000000000005,2.51,1.49,0.0,0.0,0.0,0.4,0.0,-0.3,-0.5,-0.7000000000000001,-169.60000000000002,0.0,0.0,169.70000000000002,0.0,21.700000000000003,29.3,29.3,29.9,300.0,300.0,31.5,35.5,29.200000000000003,28.4,30.3,4.95,1.99,4.97,0.16,0.0,0.0,1027.0,8228.0,0.0,0.0,0.0,0.0,0.0,1.0,0.0,0.0,0.0,0.0,0.0,-0.2,0.0,-0.5,0.0,0.0,16.0,25903.0
2026-07-30T19:01:05.055Z,234.538,234.552,0.0,7.4,0.0,0.0,0.0,0.0,0.0,0.0,0.0,0.0,1.0,0.0,0.0,0.0,9.0,4.0,0.0,0.0,0.0,0.0,0.0,0.0,0.0,0.0,6.0,12.0,1.0,12.11,5.0200000000000005,2.51,1.49,0.0,0.0,0.0,0.4,0.0,0.2,-1.0,-1.2000000000000002,-169.60000000000002,0.0,0.0,169.70000000000002,0.0,21.700000000000003,29.3,29.3,29.9,300.0,300.0,31.5,35.5,29.200000000000003,28.4,30.3,4.96,2.0,4.96,0.16,0.0,0.0,1027.0,8228.0,0.0,0.0,0.0,0.0,0.0,1.0,0.0,0.0,0.0,0.0,0.0,-2.1,0.0,0.9,0.0,0.0001,16.0,25903.0
2026-07-30T19:01:05.066Z,234.549,234.564,0.0,7.4,0.0,0.0,0.0,0.0,0.0,0.0,0.0,0.0,1.0,0.0,0.0,0.0,9.0,4.0,0.0,0.0,0.0,0.0,0.0,0.0,0.0,0.0,1.0,12.0,1.0,12.11,5.0200000000000005,2.51,1.49,0.0,0.0,0.0,0.5,0.0,0.8,0.6000000000000001,-0.1,-169.60000000000002,0.0,0.0,169.70000000000002,0.0,21.700000000000003,29.3,29.3,29.9,300.0,300.0,31.5,35.5,29.200000000000003,28.4,30.3,4.96,1.99,4.97,0.16,0.0,0.0,1027.0,8228.0,0.0,0.0,0.0,0.0,0.0,1.0,0.0,0.0,0.0,0.0,0.0,0.6000000000000001,0.0,0.2,0.0,0.0,16.0,25903.0
2026-07-30T19:01:05.078Z,234.561,234.576,0.0,7.4,0.0,0.0,0.0,0.0,0.0,0.0,0.0,0.0,1.0,0.0,0.0,0.0,9.0,4.0,0.0,0.0,0.0,0.0,0.0,0.0,0.0,0.0,2.0,12.0,1.0,12.11,5.0200000000000005,2.51,1.49,0.0,0.0,0.0,0.5,0.0,-0.2,0.1,-0.1,-169.60000000000002,0.0,0.0,169.70000000000002,0.0,21.700000000000003,29.3,29.3,29.9,300.0,300.0,31.5,35.5,29.200000000000003,28.4,30.3,4.95,1.99,4.97,0.16,0.0,0.0,1027.0,8228.0,0.0,0.0,0.0,0.0,0.0,1.0,0.0,0.0,0.0,0.0,0.0,0.9,0.0,-0.9,0.0,0.0,16.0,25903.0
2026-07-30T19:01:05.090Z,234.573,234.588,0.0,7.4,0.0,0.0,0.0,0.0,0.0,0.0,0.0,0.0,1.0,0.0,0.0,0.0,9.0,4.0,0.0,0.0,0.0,0.0,0.0,0.0,0.0,0.0,3.0,12.0,1.0,12.11,5.0200000000000005,2.51,1.49,0.0,0.0,0.0,0.4,0.0,0.3,-0.4,0.0,-169.60000000000002,0.0,0.0,169.70000000000002,0.0,21.700000000000003,29.3,29.3,29.9,300.0,300.0,31.5,35.5,29.200000000000003,28.4,30.3,4.96,1.99,4.97,0.16,0.0,0.0,1027.0,8228.0,0.0,0.0,0.0,0.0,0.0,1.0,0.0,0.0,0.0,0.0,0.0,-0.1,0.0,-0.5,0.0,0.0002,16.0,25903.0
2026-07-30T19:01:05.102Z,234.585,234.6,0.0,7.4,0.0,0.0,0.0,0.0,0.0,0.0,0.0,0.0,1.0,0.0,0.0,0.0,9.0,4.0,0.0,0.0,0.0,0.0,0.0,0.0,0.0,0.0,4.0,12.0,1.0,12.15,5.01,2.51,1.49,0.0,0.1,0.0,0.4,0.0,0.3,-0.4,-0.1,-169.60000000000002,0.0,0.0,169.60000000000002,0.0,21.4,29.3,29.3,29.9,300.0,300.0,31.5,35.5,29.1,28.4,30.3,4.96,1.99,4.96,0.16,0.0,0.0,1027.0,8228.0,0.0,0.0,0.0,0.0,0.0,1.0,0.0,0.0,0.0,0.0,0.0,-0.5,0.0,0.0,0.0,0.0001,16.0,25903.0
2026-07-30T19:01:05.115Z,234.598,234.612,0.0,7.4,0.0,0.0,0.0,0.0,0.0,0.0,0.0,0.0,1.0,0.0,0.0,0.0,9.0,4.0,0.0,0.0,0.0,0.0,0.0,0.0,0.0,0.0,6.0,12.0,1.0,12.15,5.01,2.51,1.49,0.0,0.0,0.0,0.4,0.0,0.9,1.3,1.6,-169.60000000000002,0.0,0.0,169.60000000000002,0.0,21.4,29.3,29.3,29.9,300.0,300.0,31.5,35.5,29.1,28.4,30.3,4.96,1.99,4.96,0.16,0.0,0.0,1027.0,8228.0,0.0,0.0,0.0,0.0,0.0,1.0,0.0,0.0,0.0,0.0,0.0,1.2000000000000002,0.0,1.5,0.0,0.0002,16.0,25903.0
2026-07-30T19:01:05.126Z,234.609,234.624,0.0,7.4,0.0,0.0,0.0,0.0,0.0,0.0,0.0,0.0,1.0,0.0,0.0,0.0,9.0,4.0,0.0,0.0,0.0,0.0,0.0,0.0,0.0,0.0,1.0,12.0,1.0,12.15,5.01,2.51,1.49,0.0,0.0,0.0,0.4,0.0,-0.2,0.1,-0.6000000000000001,-169.60000000000002,0.0,0.0,169.60000000000002,0.0,21.4,29.3,29.3,29.9,300.0,300.0,31.5,35.5,29.1,28.4,30.3,4.95,1.99,4.96,0.16,0.0,0.0,1027.0,8228.0,0.0,0.0,0.0,0.0,0.0,1.0,0.0,0.0,0.0,0.0,0.0,-0.2,0.0,0.6000000000000001,0.0,0.0001,16.0,25903.0
2026-07-30T19:01:05.138Z,234.621,234.636,0.0,7.4,0.0,0.0,0.0,0.0,0.0,0.0,0.0,0.0,1.0,0.0,0.0,0.0,9.0,4.0,0.0,0.0,0.0,0.0,0.0,0.0,0.0,0.0,2.0,12.0,1.0,12.15,5.01,2.51,1.49,0.0,0.0,0.0,0.4,0.0,-0.7000000000000001,0.2,0.0,-169.60000000000002,0.0,0.0,169.60000000000002,0.0,21.4,29.3,29.3,29.9,300.0,300.0,31.5,35.5,29.1,28.4,30.3,4.95,1.99,4.96,0.16,0.0,0.0,1027.0,8228.0,0.0,0.0,0.0,0.0,0.0,1.0,0.0,0.0,0.0,0.0,0.0,0.2,0.0,0.0,0.0,0.0,16.0,25903.0
2026-07-30T19:01:05.150Z,234.633,234.648,0.0,7.4,0.0,0.0,0.0,0.0,0.0,0.0,0.0,0.0,1.0,0.0,0.0,0.0,9.0,4.0,0.0,0.0,0.0,0.0,0.0,0.0,0.0,0.0,3.0,12.0,1.0,12.15,5.01,2.51,1.49,0.0,0.0,0.0,0.4,0.0,0.4,-0.3,-1.7000000000000002,-169.60000000000002,0.0,0.0,169.60000000000002,0.0,21.4,29.3,29.3,29.9,300.0,300.0,31.5,35.5,29.1,28.4,30.3,4.96,1.99,4.97,0.16,0.0,0.0,1027.0,8228.0,0.0,0.0,0.0,0.0,0.0,1.0,0.0,0.0,0.0,0.0,0.0,-1.6,0.0,1.4,0.0,0.0,16.0,25903.0
2026-07-30T19:01:05.162Z,234.645,234.66,0.0,7.4,0.0,0.0,0.0,0.0,0.0,0.0,0.0,0.0,1.0,0.0,0.0,0.0,9.0,4.0,0.0,0.0,0.0,0.0,0.0,0.0,0.0,0.0,4.0,12.0,1.0,12.15,5.01,2.51,1.49,0.0,0.0,0.0,0.4,0.0,1.0,1.4,0.6000000000000001,-169.60000000000002,0.0,0.0,169.60000000000002,0.0,21.4,29.3,29.3,29.9,300.0,300.0,31.5,35.5,29.1,28.4,30.3,4.96,1.99,4.96,0.16,0.0,0.0,1027.0,8228.0,0.0,0.0,0.0,0.0,0.0,1.0,0.0,0.0,0.0,0.0,0.0,2.0,0.0,-0.2,0.0,0.0,16.0,25903.0
2026-07-30T19:01:05.174Z,234.657,234.672,0.0,7.4,0.0,0.0,0.0,0.0,0.0,0.0,0.0,0.0,1.0,0.0,0.0,0.0,9.0,4.0,0.0,0.0,0.0,0.0,0.0,0.0,0.0,0.0,5.0,12.0,1.0,12.15,5.01,2.51,1.49,0.0,0.0,0.0,0.4,0.0,0.4,0.2,-1.1,-169.60000000000002,0.0,0.0,169.70000000000002,0.0,21.4,29.3,29.3,29.9,300.0,300.0,31.5,35.5,29.1,28.4,30.3,4.96,1.99,4.96,0.16,0.0,0.0,1027.0,8228.0,0.0,0.0,0.0,0.0,0.0,1.0,0.0,0.0,0.0,0.0,0.0,-0.5,0.0,1.0,0.0,0.0,16.0,25903.0
2026-07-30T19:01:05.186Z,234.669,234.684,0.0,7.4,0.0,0.0,0.0,0.0,0.0,0.0,0.0,0.0,1.0,0.0,0.0,0.0,9.0,4.0,0.0,0.0,0.0,0.0,0.0,0.0,0.0,0.0,6.0,12.0,1.0,12.15,5.01,2.51,1.49,0.0,0.0,0.0,0.4,0.0,-0.1,-0.8,0.5,-169.60000000000002,0.0,0.0,169.70000000000002,0.0,21.4,29.3,29.3,29.9,300.0,300.0,31.5,35.5,29.1,28.4,30.3,4.95,1.99,4.96,0.16,0.0,0.0,1027.0,8228.0,0.0,0.0,0.0,0.0,0.0,1.0,0.0,0.0,0.0,0.0,0.0,-0.5,0.0,-0.6000000000000001,0.0,0.0,16.0,25903.0
2026-07-30T19:01:05.198Z,234.681,234.696,0.0,7.4,0.0,0.0,0.0,0.0,0.0,0.0,0.0,0.0,1.0,0.0,0.0,0.0,9.0,4.0,0.0,0.0,0.0,0.0,0.0,0.0,0.0,0.0,1.0,12.0,1.0,12.17,5.0200000000000005,2.51,1.49,0.0,0.0,0.0,0.5,0.0,-0.1,0.2,0.0,-169.60000000000002,0.0,0.0,169.8,0.0,21.3,29.3,29.3,29.9,300.0,300.0,31.5,35.5,29.1,28.4,30.3,4.96,1.99,4.97,0.16,0.0,0.0,1027.0,8228.0,0.0,0.0,0.0,0.0,0.0,1.0,0.0,0.0,0.0,0.0,0.0,0.2,0.0,0.0,0.0,0.0,16.0,25903.0
2026-07-30T19:01:05.211Z,234.694,234.708,0.0,7.4,0.0,0.0,0.0,0.0,0.0,0.0,0.0,0.0,1.0,0.0,0.0,0.0,9.0,4.0,0.0,0.0,0.0,0.0,0.0,0.0,0.0,0.0,3.0,12.0,1.0,12.17,5.0200000000000005,2.51,1.49,0.0,0.0,0.0,0.4,0.0,-0.1,0.7000000000000001,-0.5,-169.60000000000002,0.0,0.0,169.70000000000002,0.0,21.3,29.3,29.3,29.9,300.0,300.0,31.5,35.5,29.1,28.4,30.3,4.96,1.99,4.96,0.16,0.0,0.0,1027.0,8228.0,0.0,0.0,0.0,0.0,0.0,1.0,0.0,0.0,0.0,0.0,0.0,0.4,0.0,0.6000000000000001,0.0,0.0001,16.0,25903.0
2026-07-30T19:01:05.222Z,234.705,234.72,0.0,7.4,0.0,0.0,0.0,0.0,0.0,0.0,0.0,0.0,1.0,0.0,0.0,0.0,9.0,4.0,0.0,0.0,0.0,0.0,0.0,0.0,0.0,0.0,4.0,12.0,1.0,12.17,5.0200000000000005,2.51,1.49,0.0,0.0,0.0,0.4,0.0,1.0,1.3,1.1,-169.60000000000002,0.0,0.0,169.60000000000002,0.0,21.3,29.3,29.3,29.9,300.0,300.0,31.5,35.5,29.1,28.4,30.3,4.96,1.99,4.96,0.16,0.0,0.0,1027.0,8228.0,0.0,0.0,0.0,0.0,0.0,1.0,0.0,0.0,0.0,0.0,0.0,2.4000000000000004,0.0,-0.7000000000000001,0.0,0.0001,16.0,25903.0
2026-07-30T19:01:05.234Z,234.717,234.732,0.0,7.4,0.0,0.0,0.0,0.0,0.0,0.0,0.0,0.0,1.0,0.0,0.0,0.0,9.0,4.0,0.0,0.0,0.0,0.0,0.0,0.0,0.0,0.0,5.0,12.0,1.0,12.17,5.0200000000000005,2.51,1.49,0.0,0.0,0.0,0.5,0.0,-0.1,0.7000000000000001,1.1,-169.60000000000002,0.0,0.0,169.70000000000002,0.0,21.3,29.3,29.3,29.9,300.0,300.0,31.5,35.5,29.1,28.4,30.3,4.95,1.99,4.97,0.16,0.0,0.0,1027.0,8228.0,0.0,0.0,0.0,0.0,0.0,1.0,0.0,0.0,0.0,0.0,0.0,1.7000000000000002,0.0,-0.8,0.0,0.0001,16.0,25903.0
2026-07-30T19:01:05.247Z,234.73,234.744,0.0,7.4,0.0,0.0,0.0,0.0,0.0,0.0,0.0,0.0,1.0,0.0,0.0,0.0,9.0,4.0,0.0,0.0,0.0,0.0,0.0,0.0,0.0,0.0,6.0,12.0,1.0,12.17,5.0200000000000005,2.51,1.49,0.0,0.0,0.0,0.4,0.0,-0.1,-0.3,1.1,-169.60000000000002,0.0,0.0,169.70000000000002,0.0,21.3,29.3,29.3,29.9,300.0,300.0,31.5,35.5,29.1,28.4,30.3,4.96,1.99,4.96,0.16,0.0,0.0,1027.0,8228.0,0.0,0.0,0.0,0.0,0.0,1.0,0.0,0.0,0.0,0.0,0.0,0.4,0.0,-1.0,0.0,0.0,16.0,25903.0
2026-07-30T19:01:05.258Z,234.741,234.756,0.0,7.4,0.0,0.0,0.0,0.0,0.0,0.0,0.0,0.0,1.0,0.0,0.0,0.0,9.0,4.0,0.0,0.0,0.0,0.0,0.0,0.0,0.0,0.0,1.0,12.0,1.0,12.17,5.0200000000000005,2.51,1.49,0.0,0.0,0.0,0.4,0.0,-0.1,0.1,0.5,-169.60000000000002,0.0,0.0,169.8,0.0,21.3,29.3,29.3,29.9,300.0,300.0,31.5,35.5,29.1,28.4,30.3,4.96,1.99,4.96,0.16,0.0,0.0,1027.0,8228.0,0.0,0.0,0.0,0.0,0.0,1.0,0.0,0.0,0.0,0.0,0.0,0.6000000000000001,0.0,-0.4,0.0,0.0,16.0,25903.0
2026-07-30T19:01:05.271Z,234.754,234.768,0.0,7.4,0.0,0.0,0.0,0.0,0.0,0.0,0.0,0.0,1.0,0.0,0.0,0.0,9.0,4.0,0.0,0.0,0.0,0.0,0.0,0.0,0.0,0.0,3.0,12.0,1.0,12.17,5.0200000000000005,2.51,1.49,0.0,0.0,0.0,0.4,0.0,0.3,0.1,-0.6000000000000001,-169.60000000000002,0.0,0.0,169.70000000000002,0.0,21.3,29.3,29.3,29.9,300.0,300.0,31.5,35.5,29.1,28.4,30.3,4.95,1.99,4.96,0.16,0.0,0.0,1027.0,8228.0,0.0,0.0,0.0,0.0,0.0,1.0,0.0,0.0,0.0,0.0,0.0,-0.2,0.0,0.6000000000000001,0.0,0.0001,16.0,25903.0
2026-07-30T19:01:05.283Z,234.766,234.78,0.0,7.4,0.0,0.0,0.0,0.0,0.0,0.0,0.0,0.0,1.0,0.0,0.0,0.0,9.0,4.0,0.0,0.0,0.0,0.0,0.0,0.0,0.0,0.0,4.0,12.0,1.0,12.17,5.0200000000000005,2.51,1.49,0.0,0.0,0.0,0.4,0.0,0.3,0.1,0.5,-169.60000000000002,0.0,0.0,169.70000000000002,0.0,21.3,29.3,29.3,29.9,300.0,300.0,31.5,35.5,29.1,28.4,30.3,4.96,1.99,4.97,0.16,0.0,0.0,1027.0,8228.0,0.0,0.0,0.0,0.0,0.0,1.0,0.0,0.0,0.0,0.0,0.0,0.6000000000000001,0.0,-0.4,0.0,0.0,16.0,25903.0
2026-07-30T19:01:05.299Z,234.782,234.792,0.0,7.4,0.0,0.0,0.0,0.0,0.0,0.0,0.0,0.0,1.0,0.0,0.0,0.0,9.0,4.0,0.0,0.0,0.0,0.0,0.0,0.0,0.0,0.0,5.0,12.0,1.0,12.17,5.0200000000000005,2.51,1.49,0.0,0.0,0.0,0.4,0.0,-0.2,-0.4,0.0,-169.60000000000002,0.0,0.0,169.60000000000002,0.0,21.3,29.3,29.3,29.9,300.0,300.0,31.5,35.5,29.1,28.4,30.3,4.96,1.99,4.96,0.16,0.0,0.0,1027.0,8228.0,0.0,0.0,0.0,0.0,0.0,1.0,0.0,0.0,0.0,0.0,0.0,-0.5,0.0,0.0,0.0,0.0001,16.0,25903.0
2026-07-30T19:01:05.311Z,234.794,234.804,0.0,7.4,0.0,0.0,0.0,0.0,0.0,0.0,0.0,0.0,1.0,0.0,0.0,0.0,9.0,4.0,0.0,0.0,0.0,0.0,0.0,0.0,0.0,0.0,3.0,12.0,1.0,12.18,5.01,2.5,1.49,0.0,0.0,0.0,0.4,0.0,0.3,0.1,0.0,-169.60000000000002,0.0,0.0,169.8,0.0,21.700000000000003,29.3,29.3,29.9,300.0,300.0,31.6,35.5,29.1,28.4,30.3,4.96,1.99,4.97,0.15,0.0,0.0,1027.0,8228.0,0.0,0.0,0.0,0.0,0.0,1.0,0.0,0.0,0.0,0.0,0.0,0.1,0.0,0.1,0.0,0.0001,16.0,25903.0
2026-07-30T19:01:05.318Z,234.801,234.816,0.0,7.4,0.0,0.0,0.0,0.0,0.0,0.0,0.0,0.0,1.0,0.0,0.0,0.0,9.0,4.0,0.0,0.0,0.0,0.0,0.0,0.0,0.0,0.0,2.0,12.0,1.0,12.18,5.01,2.5,1.49,0.0,0.0,0.0,0.4,0.0,-0.8,0.1,1.0,-169.60000000000002,0.0,0.0,169.70000000000002,0.0,21.700000000000003,29.3,29.3,29.9,300.0,300.0,31.6,35.5,29.1,28.4,30.3,4.95,1.99,4.97,0.16,0.0,0.0,1027.0,8228.0,0.0,0.0,0.0,0.0,0.0,1.0,0.0,0.0,0.0,0.0,0.0,0.9,0.0,-0.8,0.0,0.0001,16.0,25903.0
2026-07-30T19:01:05.330Z,234.813,234.828,0.0,7.4,0.0,0.0,0.0,0.0,0.0,0.0,0.0,0.0,1.0,0.0,0.0,0.0,9.0,4.0,0.0,0.0,0.0,0.0,0.0,0.0,0.0,0.0,3.0,12.0,1.0,12.18,5.01,2.5,1.49,0.0,0.0,0.0,0.4,0.0,-0.8,0.1,-0.6000000000000001,-169.60000000000002,0.0,0.0,169.60000000000002,0.0,21.700000000000003,29.3,29.3,29.9,300.0,300.0,31.6,35.5,29.1,28.4,30.3,4.96,1.99,4.96,0.16,0.0,0.0,1027.0,8228.0,0.0,0.0,0.0,0.0,0.0,1.0,0.0,0.0,0.0,0.0,0.0,-0.3,0.0,0.6000000000000001,0.0,0.0,16.0,25903.0
2026-07-30T19:01:05.342Z,234.825,234.84,0.0,7.4,0.0,0.0,0.0,0.0,0.0,0.0,0.0,0.0,1.0,0.0,0.0,0.0,9.0,4.0,0.0,0.0,0.0,0.0,0.0,0.0,0.0,0.0,4.0,12.0,1.0,12.18,5.01,2.5,1.49,0.0,0.1,0.0,0.4,0.0,-0.8,-0.9,-0.1,-169.60000000000002,0.0,0.0,169.8,0.0,21.700000000000003,29.3,29.3,29.9,300.0,300.0,31.6,35.5,29.1,28.4,30.3,4.95,2.0,4.98,0.16,0.0,0.0,1027.0,8228.0,0.0,0.0,0.0,0.0,0.0,1.0,0.0,0.0,0.0,0.0,0.0,-1.2000000000000002,0.0,0.0,0.0,0.0001,16.0,25903.0
2026-07-30T19:01:05.355Z,234.838,234.852,0.0,7.4,0.0,0.0,0.0,0.0,0.0,0.0,0.0,0.0,1.0,0.0,0.0,0.0,9.0,4.0,0.0,0.0,0.0,0.0,0.0,0.0,0.0,0.0,5.0,12.0,1.0,12.18,5.01,2.5,1.49,0.0,0.0,0.0,0.4,0.0,0.2,0.7000000000000001,-0.7000000000000001,-169.60000000000002,0.0,0.0,169.60000000000002,0.0,21.700000000000003,29.3,29.3,29.9,300.0,300.0,31.6,35.5,29.1,28.4,30.3,4.95,1.99,4.97,0.16,0.0,0.0,1027.0,8228.0,0.0,0.0,0.0,0.0,0.0,1.0,0.0,0.0,0.0,0.0,0.0,0.3,0.0,0.8,0.0,0.0002,16.0,25903.0
2026-07-30T19:01:05.366Z,234.849,234.864,0.0,7.4,0.0,0.0,0.0,0.0,0.0,0.0,0.0,0.0,1.0,0.0,0.0,0.0,9.0,4.0,0.0,0.0,0.0,0.0,0.0,0.0,0.0,0.0,6.0,12.0,1.0,12.18,5.01,2.5,1.49,0.0,0.0,0.0,0.4,0.0,-0.3,0.7000000000000001,1.0,-169.60000000000002,0.0,0.0,169.70000000000002,0.0,21.700000000000003,29.3,29.3,29.9,300.0,300.0,31.6,35.5,29.1,28.4,30.3,4.95,1.99,4.97,0.16,0.0,0.0,1027.0,8228.0,0.0,0.0,0.0,0.0,0.0,1.0,0.0,0.0,0.0,0.0,0.0,1.6,0.0,-0.7000000000000001,0.0,0.0002,16.0,25903.0
2026-07-30T19:01:05.378Z,234.861,234.876,0.0,7.4,0.0,0.0,0.0,0.0,0.0,0.0,0.0,0.0,1.0,0.0,0.0,0.0,9.0,4.0,0.0,0.0,0.0,0.0,0.0,0.0,0.0,0.0,1.0,12.0,1.0,12.18,5.01,2.5,1.49,0.0,0.0,0.0,0.4,0.0,0.2,-0.4,-0.1,-169.60000000000002,0.0,0.0,169.60000000000002,0.0,21.700000000000003,29.3,29.3,29.9,300.0,300.0,31.6,35.5,29.1,28.4,30.3,4.96,1.99,4.96,0.16,0.0,0.0,1027.0,8228.0,0.0,0.0,0.0,0.0,0.0,1.0,0.0,0.0,0.0,0.0,0.0,-0.5,0.0,0.0,0.0,0.0,16.0,25903.0
2026-07-30T19:01:05.390Z,234.873,234.888,0.0,7.4,0.0,0.0,0.0,0.0,0.0,0.0,0.0,0.0,1.0,0.0,0.0,0.0,9.0,4.0,0.0,0.0,0.0,0.0,0.0,0.0,0.0,0.0,3.0,12.0,1.0,12.18,5.01,2.5,1.49,-0.1,0.1,0.0,0.5,0.0,1.4,-0.4,-1.3,-169.60000000000002,0.0,0.0,169.70000000000002,0.0,21.700000000000003,29.3,29.3,29.9,300.0,300.0,31.6,35.5,29.1,28.4,30.3,4.95,1.99,4.97,0.16,0.0,0.0,1027.0,8228.0,0.0,0.0,0.0,0.0,0.0,1.0,0.0,0.0,0.0,0.0,0.0,-1.4,0.0,1.0,0.0,0.0,16.0,25903.0
2026-07-30T19:01:05.402Z,234.885,234.9,0.0,7.4,0.0,0.0,0.0,0.0,0.0,0.0,0.0,0.0,1.0,0.0,0.0,0.0,9.0,4.0,0.0,0.0,0.0,0.0,0.0,0.0,0.0,0.0,4.0,12.0,1.0,12.17,5.0200000000000005,2.5,1.5,0.0,0.0,0.0,0.4,0.0,0.8,1.9,2.7,-169.70000000000002,0.0,0.0,169.8,0.0,21.4,29.3,29.3,29.9,300.0,300.0,31.5,35.5,29.200000000000003,28.4,30.3,4.95,1.99,4.97,0.16,0.0,0.0,1027.0,8228.0,0.0,0.0,0.0,0.0,0.0,1.0,0.0,0.0,0.0,0.0,0.0,4.2,0.0,-2.0,0.0,0.0,16.0,25903.0
2026-07-30T19:01:05.414Z,234.897,234.912,0.0,7.4,0.0,0.0,0.0,0.0,0.0,0.0,0.0,0.0,1.0,0.0,0.0,0.0,9.0,4.0,0.0,0.0,0.0,0.0,0.0,0.0,0.0,0.0,5.0,12.0,1.0,12.17,5.0200000000000005,2.5,1.5,0.0,0.0,0.0,0.4,0.0,0.8,0.7000000000000001,-1.3,-169.70000000000002,0.0,0.0,169.70000000000002,0.0,21.4,29.3,29.3,29.9,300.0,300.0,31.5,35.5,29.200000000000003,28.4,30.3,4.96,2.0,4.97,0.16,0.0,0.0,1027.0,8228.0,0.0,0.0,0.0,0.0,0.0,1.0,0.0,0.0,0.0,0.0,0.0,0.0,0.0,1.3,0.0,0.0002,16.0,25903.0
2026-07-30T19:01:05.427Z,234.91,234.924,0.0,7.4,0.0,0.0,0.0,0.0,0.0,0.0,0.0,0.0,1.0,0.0,0.0,0.0,9.0,4.0,0.0,0.0,0.0,0.0,0.0,0.0,0.0,0.0,1.0,12.0,1.0,12.17,5.0200000000000005,2.5,1.5,0.0,0.0,0.0,0.4,0.0,-0.3,0.7000000000000001,0.4,-169.70000000000002,0.0,0.0,169.8,0.0,21.4,29.3,29.3,29.9,300.0,300.0,31.5,35.5,29.200000000000003,28.4,30.3,4.95,2.0,4.96,0.16,0.0,0.0,1027.0,8228.0,0.0,0.0,0.0,0.0,0.0,1.0,0.0,0.0,0.0,0.0,0.0,1.2000000000000002,0.0,-0.2,0.0,0.0001,16.0,25903.0
2026-07-30T19:01:05.439Z,234.922,234.936,0.0,7.4,0.0,0.0,0.0,0.0,0.0,0.0,0.0,0.0,1.0,0.0,0.0,0.0,9.0,4.0,0.0,0.0,0.0,0.0,0.0,0.0,0.0,0.0,2.0,12.0,1.0,12.17,5.0200000000000005,2.5,1.5,0.0,0.0,0.0,0.4,0.0,-0.3,-0.9,0.4,-169.70000000000002,0.0,0.0,169.70000000000002,0.0,21.4,29.3,29.3,29.9,300.0,300.0,31.5,35.5,29.200000000000003,28.4,30.3,4.96,1.99,4.96,0.16,0.0,0.0,1027.0,8228.0,0.0,0.0,0.0,0.0,0.0,1.0,0.0,0.0,0.0,0.0,0.0,-0.7000000000000001,0.0,-0.6000000000000001,0.0,0.0001,16.0,25903.0
2026-07-30T19:01:05.450Z,234.933,234.948,0.0,7.4,0.0,0.0,0.0,0.0,0.0,0.0,0.0,0.0,1.0,0.0,0.0,0.0,9.0,4.0,0.0,0.0,0.0,0.0,0.0,0.0,0.0,0.0,3.0,12.0,1.0,12.17,5.0200000000000005,2.5,1.5,0.0,0.0,0.0,0.5,0.0,0.2,0.7000000000000001,-0.7000000000000001,-169.70000000000002,0.0,0.0,169.70000000000002,0.0,21.4,29.3,29.3,29.9,300.0,300.0,31.5,35.5,29.200000000000003,28.4,30.3,4.96,1.99,4.96,0.16,0.0,0.0,1027.0,8228.0,0.0,0.0,0.0,0.0,0.0,1.0,0.0,0.0,0.0,0.0,0.0,0.3,0.0,0.7000000000000001,0.0,0.0001,16.0,25903.0
2026-07-30T19:01:05.462Z,234.945,234.96,0.0,7.4,0.0,0.0,0.0,0.0,0.0,0.0,0.0,0.0,1.0,0.0,0.0,0.0,9.0,4.0,0.0,0.0,0.0,0.0,0.0,0.0,0.0,0.0,4.0,12.0,1.0,12.17,5.0200000000000005,2.5,1.5,-0.1,0.1,0.0,0.5,0.0,0.2,0.7000000000000001,1.0,-169.70000000000002,0.0,0.0,169.8,0.0,21.4,29.3,29.3,29.9,300.0,300.0,31.5,35.5,29.200000000000003,28.4,30.3,4.96,1.99,4.96,0.15,0.0,0.0,1027.0,8228.0,0.0,0.0,0.0,0.0,0.0,1.0,0.0,0.0,0.0,0.0,0.0,1.6,0.0,-0.7000000000000001,0.0,0.0001,16.0,25903.0
2026-07-30T19:01:05.474Z,234.957,234.972,0.0,7.4,0.0,0.0,0.0,0.0,0.0,0.0,0.0,0.0,1.0,0.0,0.0,0.0,9.0,4.0,0.0,0.0,0.0,0.0,0.0,0.0,0.0,0.0,5.0,12.0,1.0,12.17,5.0200000000000005,2.5,1.5,0.0,0.0,0.0,0.4,0.0,0.2,-0.9,-0.7000000000000001,-169.70000000000002,0.0,0.0,169.70000000000002,0.0,21.4,29.3,29.3,29.9,300.0,300.0,31.5,35.5,29.200000000000003,28.4,30.3,4.95,1.99,4.97,0.16,0.0,0.0,1027.0,8228.0,0.0,0.0,0.0,0.0,0.0,1.0,0.0,0.0,0.0,0.0,0.0,-2.7,0.0,0.8,0.0,0.0001,16.0,25903.0
2026-07-30T19:01:05.487Z,234.97,234.984,0.0,7.4,0.0,0.0,0.0,0.0,0.0,0.0,0.0,0.0,1.0,0.0,0.0,0.0,9.0,4.0,0.0,0.0,0.0,0.0,0.0,0.0,0.0,0.0,1.0,12.0,1.0,12.17,5.0200000000000005,2.5,1.5,0.0,0.0,0.0,0.4,0.0,0.2,-0.9,-0.7000000000000001,-169.70000000000002,0.0,0.0,169.8,0.0,21.4,29.3,29.3,29.9,300.0,300.0,31.5,35.5,29.200000000000003,28.4,30.3,4.96,1.99,4.96,0.16,0.0,0.0,1027.0,8228.0,0.0,0.0,0.0,0.0,0.0,1.0,0.0,0.0,0.0,0.0,0.0,-0.9,0.0,0.5,0.0,0.0002,16.0,25903.0
2026-07-30T19:01:05.499Z,234.982,234.996,0.0,7.4,0.0,0.0,0.0,0.0,0.0,0.0,0.0,0.0,1.0,0.0,0.0,0.0,9.0,4.0,0.0,0.0,0.0,0.0,0.0,0.0,0.0,0.0,2.0,12.0,1.0,12.17,5.0200000000000005,2.5,1.5,0.0,0.0,0.0,0.4,0.0,-0.3,1.3,0.4,-169.70000000000002,0.0,0.0,169.8,0.0,21.4,29.3,29.3,29.9,300.0,300.0,31.5,35.5,29.200000000000003,28.4,30.3,4.96,2.0,4.96,0.16,0.0,0.0,1027.0,8228.0,0.0,0.0,0.0,0.0,0.0,1.0,0.0,0.0,0.0,0.0,0.0,0.8,0.0,0.2,0.0,0.0001,16.0,25903.0
2026-07-30T19:01:05.510Z,234.993,235.008,0.0,7.4,0.0,0.0,0.0,0.0,0.0,0.0,0.0,0.0,1.0,0.0,0.0,0.0,9.0,4.0,0.0,0.0,0.0,0.0,0.0,0.0,0.0,0.0,3.0,12.0,1.0,12.15,5.01,2.5,1.49,0.0,0.0,0.0,0.4,0.0,-0.3,-0.3,0.0,-169.70000000000002,0.0,0.0,169.70000000000002,0.0,21.8,29.3,29.3,29.9,300.0,300.0,31.6,35.5,29.200000000000003,28.4,30.3,4.95,1.99,4.96,0.16,0.0,0.0,1027.0,8228.0,0.0,0.0,0.0,0.0,0.0,1.0,0.0,0.0,0.0,0.0,0.0,0.8,0.0,0.2,0.0,0.0001,16.0,25903.0
2026-07-30T19:01:05.522Z,235.005,235.02,0.0,7.4,0.0,0.0,0.0,0.0,0.0,0.0,0.0,0.0,1.0,0.0,0.0,0.0,9.0,4.0,0.0,0.0,0.0,0.0,0.0,0.0,0.0,0.0,4.0,12.0,1.0,12.15,5.01,2.5,1.49,0.0,0.0,0.0,0.4,0.0,0.2,0.2,0.5,-169.70000000000002,0.0,0.0,169.8,0.0,21.8,29.3,29.3,29.9,300.0,300.0,31.6,35.5,29.200000000000003,28.4,30.3,4.95,1.99,4.97,0.16,0.0,0.0,1027.0,8228.0,0.0,0.0,0.0,0.0,0.0,1.0,0.0,0.0,0.0,0.0,0.0,0.1,0.0,0.1,0.0,0.0,16.0,25903.0
2026-07-30T19:01:05.534Z,235.017,235.032,0.0,7.4,0.0,0.0,0.0,0.0,0.0,0.0,0.0,0.0,1.0,0.0,0.0,0.0,9.0,4.0,0.0,0.0,0.0,0.0,0.0,0.0,0.0,0.0,5.0,12.0,1.0,12.15,5.01,2.5,1.49,0.0,0.1,0.0,0.4,0.0,-0.9,-0.9,-0.6000000000000001,-169.70000000000002,0.0,0.0,169.8,0.0,21.8,29.3,29.3,29.9,300.0,300.0,31.6,35.5,29.200000000000003,28.4,30.3,4.96,1.99,4.96,0.16,0.0,0.0,1027.0,8228.0,0.0,0.0,0.0,0.0,0.0,1.0,0.0,0.0,0.0,0.0,0.0,-1.6,0.0,0.4,0.0,0.0,16.0,25903.0
2026-07-30T19:01:05.546Z,235.029,235.044,0.0,7.4,0.0,0.0,0.0,0.0,0.0,0.0,0.0,0.0,1.0,0.0,0.0,0.0,9.0,4.0,0.0,0.0,0.0,0.0,0.0,0.0,0.0,0.0,1.0,12.0,1.0,12.15,5.01,2.5,1.49,0.0,0.0,0.0,0.4,0.0,0.2,0.7000000000000001,-0.1,-169.70000000000002,0.0,0.0,169.60000000000002,0.0,21.8,29.3,29.3,29.9,300.0,300.0,31.6,35.5,29.200000000000003,28.4,30.3,4.96,1.99,4.96,0.16,0.0,0.0,1027.0,8228.0,0.0,0.0,0.0,0.0,0.0,1.0,0.0,0.0,0.0,0.0,0.0,0.7000000000000001,0.0,0.2,0.0,0.0001,16.0,25903.0
2026-07-30T19:01:05.559Z,235.042,235.056,0.0,7.4,0.0,0.0,0.0,0.0,0.0,0.0,0.0,0.0,1.0,0.0,0.0,0.0,9.0,4.0,0.0,0.0,0.0,0.0,0.0,0.0,0.0,0.0,2.0,12.0,1.0,12.15,5.01,2.5,1.49,0.0,0.0,0.0,0.4,0.0,-0.3,-0.9,-1.8,-169.70000000000002,0.0,0.0,169.60000000000002,0.0,21.8,29.3,29.3,29.9,300.0,300.0,31.6,35.5,29.200000000000003,28.4,30.3,4.95,1.99,4.96,0.16,0.0,0.0,1027.0,8228.0,0.0,0.0,0.0,0.0,0.0,1.0,0.0,0.0,0.0,0.0,0.0,-2.5,0.0,1.4,0.0,0.0003,16.0,25903.0
2026-07-30T19:01:05.571Z,235.054,235.068,0.0,7.4,0.0,0.0,0.0,0.0,0.0,0.0,0.0,0.0,1.0,0.0,0.0,0.0,9.0,4.0,0.0,0.0,0.0,0.0,0.0,0.0,0.0,0.0,3.0,12.0,1.0,12.15,5.01,2.5,1.49,0.0,0.0,0.0,0.4,0.0,0.2,-1.0,-1.3,-169.70000000000002,0.0,0.0,169.60000000000002,0.0,21.8,29.3,29.3,29.9,300.0,300.0,31.6,35.5,29.200000000000003,28.4,30.3,4.96,1.99,4.97,0.16,0.0,0.0,1027.0,8228.0,0.0,0.0,0.0,0.0,0.0,1.0,0.0,0.0,0.0,0.0,0.0,-2.1,0.0,0.9,0.0,0.0001,16.0,25903.0
2026-07-30T19:01:05.582Z,235.065,235.08,0.0,7.4,0.0,0.0,0.0,0.0,0.0,0.0,0.0,0.0,1.0,0.0,0.0,0.0,9.0,4.0,0.0,0.0,0.0,0.0,0.0,0.0,0.0,0.0,4.0,12.0,1.0,12.15,5.01,2.5,1.49,0.0,0.0,0.0,0.4,0.0,0.2,-0.4,0.4,-169.70000000000002,0.0,0.0,169.60000000000002,0.0,21.8,29.3,29.3,29.9,300.0,300.0,31.6,35.5,29.200000000000003,28.4,30.3,4.96,1.99,4.97,0.16,0.0,0.0,1027.0,8228.0,0.0,0.0,0.0,0.0,0.0,1.0,0.0,0.0,0.0,0.0,0.0,-0.1,0.0,-0.4,0.0,0.0,16.0,25903.0
2026-07-30T19:01:05.594Z,235.077,235.092,0.0,7.4,0.0,0.0,0.0,0.0,0.0,0.0,0.0,0.0,1.0,0.0,0.0,0.0,9.0,4.0,0.0,0.0,0.0,0.0,0.0,0.0,0.0,0.0,4.0,12.0,1.0,12.15,5.01,2.5,1.49,0.0,0.0,0.0,0.4,0.0,0.2,0.1,1.5,-169.70000000000002,0.0,0.0,169.60000000000002,0.0,21.8,29.3,29.3,29.9,300.0,300.0,31.6,35.5,29.200000000000003,28.4,30.3,4.96,1.99,4.97,0.16,0.0,0.0,1027.0,8228.0,0.0,0.0,0.0,0.0,0.0,1.0,0.0,0.0,0.0,0.0,0.0,1.3,0.0,-1.3,0.0,0.0,16.0,25903.0
2026-07-30T19:01:05.606Z,235.089,235.104,0.0,7.4,0.0,0.0,0.0,0.0,0.0,0.0,0.0,0.0,1.0,0.0,0.0,0.0,9.0,4.0,0.0,0.0,0.0,0.0,0.0,0.0,0.0,0.0,5.0,12.0,1.0,12.17,5.0200000000000005,2.5,1.49,0.0,0.0,0.0,0.5,0.0,0.8,0.1,-0.2,-169.70000000000002,0.0,0.0,169.70000000000002,0.0,21.3,29.3,29.3,29.9,300.0,300.0,31.6,35.5,29.200000000000003,28.4,30.3,4.95,1.99,4.97,0.16,0.0,0.0,1027.0,8228.0,0.0,0.0,0.0,0.0,0.0,1.0,0.0,0.0,0.0,0.0,0.0,0.0,0.0,0.2,0.0,0.0,16.0,25903.0
2026-07-30T19:01:05.626Z,235.109,235.116,0.0,7.4,0.0,0.0,0.0,0.0,0.0,0.0,0.0,0.0,1.0,0.0,0.0,0.0,9.0,4.0,0.0,0.0,0.0,0.0,0.0,0.0,0.0,0.0,6.0,12.0,1.0,12.17,5.0200000000000005,2.5,1.49,0.0,0.1,0.0,0.4,0.0,0.2,0.2,0.3,-169.70000000000002,0.0,0.0,169.60000000000002,0.0,21.3,29.3,29.3,29.9,300.0,300.0,31.6,35.5,29.200000000000003,28.4,30.3,4.96,1.99,4.96,0.16,0.0,0.0,1027.0,8228.0,0.0,0.0,0.0,0.0,0.0,1.0,0.0,0.0,0.0,0.0,0.0,0.5,0.0,-0.2,0.0,0.0001,16.0,25903.0
2026-07-30T19:01:05.631Z,235.114,235.128,0.0,7.4,0.0,0.0,0.0,0.0,0.0,0.0,0.0,0.0,1.0,0.0,0.0,0.0,9.0,4.0,0.0,0.0,0.0,0.0,0.0,0.0,0.0,0.0,4.0,12.0,1.0,12.17,5.0200000000000005,2.5,1.49,0.0,0.0,0.0,0.4,0.0,0.8,-0.3,-0.2,-169.70000000000002,0.0,0.0,169.70000000000002,0.0,21.3,29.3,29.3,29.9,300.0,300.0,31.6,35.5,29.200000000000003,28.4,30.3,4.95,1.99,4.97,0.16,0.0,0.0,1027.0,8228.0,0.0,0.0,0.0,0.0,0.0,1.0,0.0,0.0,0.0,0.0,0.0,-0.5,0.0,0.1,0.0,0.0001,16.0,25903.0
2026-07-30T19:01:05.642Z,235.125,235.14,0.0,7.4,0.0,0.0,0.0,0.0,0.0,0.0,0.0,0.0,1.0,0.0,0.0,0.0,9.0,4.0,0.0,0.0,0.0,0.0,0.0,0.0,0.0,0.0,3.0,12.0,1.0,12.17,5.0200000000000005,2.5,1.49,0.0,0.0,0.0,0.4,0.0,0.2,0.8,0.9,-169.70000000000002,0.0,0.0,169.60000000000002,0.0,21.3,29.3,29.3,29.9,300.0,300.0,31.6,35.5,29.200000000000003,28.4,30.3,4.95,1.99,4.97,0.16,0.0,0.0,1027.0,8228.0,0.0,0.0,0.0,0.0,0.0,1.0,0.0,0.0,0.0,0.0,0.0,1.6,0.0,-0.6000000000000001,0.0,0.0,16.0,25903.0
2026-07-30T19:01:05.654Z,235.137,235.152,0.0,7.4,0.0,0.0,0.0,0.0,0.0,0.0,0.0,0.0,1.0,0.0,0.0,0.0,9.0,4.0,0.0,0.0,0.0,0.0,0.0,0.0,0.0,0.0,4.0,12.0,1.0,12.17,5.0200000000000005,2.5,1.49,0.0,0.0,0.0,0.5,0.0,0.3,-0.3,-0.1,-169.70000000000002,0.0,0.0,169.8,0.0,21.3,29.3,29.3,29.9,300.0,300.0,31.6,35.5,29.200000000000003,28.4,30.3,4.95,1.99,4.97,0.16,0.0,0.0,1027.0,8228.0,0.0,0.0,0.0,0.0,0.0,1.0,0.0,0.0,0.0,0.0,0.0,-0.9,0.0,0.6000000000000001,0.0,0.0001,16.0,25903.0
2026-07-30T19:01:05.666Z,235.149,235.164,0.0,7.4,0.0,0.0,0.0,0.0,0.0,0.0,0.0,0.0,1.0,0.0,0.0,0.0,9.0,4.0,0.0,0.0,0.0,0.0,0.0,0.0,0.0,0.0,6.0,12.0,1.0,12.17,5.0200000000000005,2.5,1.49,0.0,0.1,0.0,0.4,0.0,-0.2,0.2,0.4,-169.70000000000002,0.0,0.0,169.60000000000002,0.0,21.3,29.3,29.3,29.9,300.0,300.0,31.6,35.5,29.200000000000003,28.4,30.3,4.95,1.99,4.96,0.16,0.0,0.0,1027.0,8228.0,0.0,0.0,0.0,0.0,0.0,1.0,0.0,0.0,0.0,0.0,0.0,-0.2,0.0,0.7000000000000001,0.0,0.0001,16.0,25903.0
2026-07-30T19:01:05.678Z,235.161,235.176,0.0,7.4,0.0,0.0,0.0,0.0,0.0,0.0,0.0,0.0,1.0,0.0,0.0,0.0,9.0,4.0,0.0,0.0,0.0,0.0,0.0,0.0,0.0,0.0,6.0,12.0,1.0,12.17,5.0200000000000005,2.5,1.49,0.0,0.0,0.0,0.4,0.0,0.3,-0.3,2.8000000000000003,-169.70000000000002,0.0,0.0,169.70000000000002,0.0,21.3,29.3,29.3,29.9,300.0,300.0,31.6,35.5,29.200000000000003,28.4,30.3,4.95,1.99,4.97,0.16,0.0,0.0,1027.0,8228.0,0.0,0.0,0.0,0.0,0.0,1.0,0.0,0.0,0.0,0.0,0.0,0.6000000000000001,0.0,-0.3,0.0,0.0001,16.0,25903.0
2026-07-30T19:01:05.690Z,235.173,235.188,0.0,7.4,0.0,0.0,0.0,0.0,0.0,0.0,0.0,0.0,1.0,0.0,0.0,0.0,9.0,4.0,0.0,0.0,0.0,0.0,0.0,0.0,0.0,0.0,2.0,12.0,1.0,12.17,5.0200000000000005,2.5,1.49,0.0,0.0,0.0,0.4,0.0,0.3,0.2,0.0,-169.70000000000002,0.0,0.0,169.70000000000002,0.0,21.3,29.3,29.3,29.9,300.0,300.0,31.6,35.5,29.200000000000003,28.4,30.3,4.95,1.99,4.96,0.16,0.0,0.0,1027.0,8228.0,0.0,0.0,0.0,0.0,0.0,1.0,0.0,0.0,0.0,0.0,0.0,0.6000000000000001,0.0,-0.3,0.0,0.0,16.0,25903.0
2026-07-30T19:01:05.703Z,235.186,235.2,0.0,7.4,0.0,0.0,0.0,0.0,0.0,0.0,0.0,0.0,1.0,0.0,0.0,0.0,9.0,4.0,0.0,0.0,0.0,0.0,0.0,0.0,0.0,0.0,3.0,12.0,1.0,12.17,5.0200000000000005,2.5,1.49,0.0,0.0,0.0,0.4,0.0,0.3,0.2,0.4,-169.70000000000002,0.0,0.0,169.70000000000002,0.0,21.3,29.3,29.3,29.9,300.0,300.0,31.6,35.5,29.200000000000003,28.4,30.3,4.96,1.99,4.96,0.16,0.0,0.0,1027.0,8228.0,0.0,0.0,0.0,0.0,0.0,1.0,0.0,0.0,0.0,0.0,0.0,0.6000000000000001,0.0,-0.3,0.0,0.0,16.0,25903.0
2026-07-30T19:01:05.714Z,235.197,235.212,0.0,7.4,0.0,0.0,0.0,0.0,0.0,0.0,0.0,0.0,1.0,0.0,0.0,0.0,9.0,4.0,0.0,0.0,0.0,0.0,0.0,0.0,0.0,0.0,4.0,12.0,1.0,12.14,5.0200000000000005,2.51,1.49,0.0,0.0,0.0,0.4,0.0,0.2,-0.3,1.0,-169.70000000000002,0.0,0.0,169.8,0.0,21.700000000000003,29.3,29.3,29.9,300.0,300.0,31.5,35.5,29.200000000000003,28.4,30.3,4.95,1.99,4.97,0.16,0.0,0.0,1027.0,8228.0,0.0,0.0,0.0,0.0,0.0,1.0,0.0,0.0,0.0,0.0,0.0,0.3,0.0,-0.9,0.0,0.0,16.0,25903.0
2026-07-30T19:01:05.726Z,235.209,235.224,0.0,7.4,0.0,0.0,0.0,0.0,0.0,0.0,0.0,0.0,1.0,0.0,0.0,0.0,9.0,4.0,0.0,0.0,0.0,0.0,0.0,0.0,0.0,0.0,5.0,12.0,1.0,12.14,5.0200000000000005,2.51,1.49,0.0,0.0,0.0,0.4,0.0,-0.2,-1.5,-0.7000000000000001,-169.70000000000002,0.0,0.0,169.70000000000002,0.0,21.700000000000003,29.3,29.3,29.9,300.0,300.0,31.5,35.5,29.200000000000003,28.4,30.3,4.95,1.99,4.96,0.16,0.0,0.0,1027.0,8228.0,0.0,0.0,0.0,0.0,0.0,1.0,0.0,0.0,0.0,0.0,0.0,-2.3000000000000003,0.0,0.3,0.0,0.0002,16.0,25903.0
2026-07-30T19:01:05.738Z,235.221,235.236,0.0,7.4,0.0,0.0,0.0,0.0,0.0,0.0,0.0,0.0,1.0,0.0,0.0,0.0,9.0,4.0,0.0,0.0,0.0,0.0,0.0,0.0,0.0,0.0,6.0,12.0,1.0,12.14,5.0200000000000005,2.51,1.49,0.0,0.0,0.0,0.4,0.0,-0.3,-0.4,-0.1,-169.70000000000002,0.0,0.0,169.60000000000002,0.0,21.700000000000003,29.3,29.3,29.9,300.0,300.0,31.5,35.5,29.200000000000003,28.4,30.3,4.95,1.99,4.96,0.16,0.0,0.0,1027.0,8228.0,0.0,0.0,0.0,0.0,0.0,1.0,0.0,0.0,0.0,0.0,0.0,-0.5,0.0,0.0,0.0,0.0001,16.0,25903.0
2026-07-30T19:01:05.751Z,235.234,235.248,0.0,7.4,0.0,0.0,0.0,0.0,0.0,0.0,0.0,0.0,1.0,0.0,0.0,0.0,9.0,4.0,0.0,0.0,0.0,0.0,0.0,0.0,0.0,0.0,2.0,12.0,1.0,12.14,5.0200000000000005,2.51,1.49,0.0,0.0,0.0,0.4,0.0,-0.3,0.1,-0.1,-169.70000000000002,0.0,0.0,169.60000000000002,0.0,21.700000000000003,29.3,29.3,29.9,300.0,300.0,31.5,35.5,29.200000000000003,28.4,30.3,4.96,1.99,4.96,0.16,0.0,0.0,1027.0,8228.0,0.0,0.0,0.0,0.0,0.0,1.0,0.0,0.0,0.0,0.0,0.0,0.0,0.0,0.1,0.0,0.0002,16.0,25903.0
2026-07-30T19:01:05.762Z,235.245,235.26,0.0,7.4,0.0,0.0,0.0,0.0,0.0,0.0,0.0,0.0,1.0,0.0,0.0,0.0,9.0,4.0,0.0,0.0,0.0,0.0,0.0,0.0,0.0,0.0,3.0,12.0,1.0,12.14,5.0200000000000005,2.51,1.49,0.0,0.0,0.0,0.4,0.0,0.2,-0.4,-0.1,-169.60000000000002,0.0,0.0,169.70000000000002,0.0,21.700000000000003,29.3,29.3,29.9,300.0,300.0,31.5,35.5,29.200000000000003,28.4,30.3,4.95,1.99,4.97,0.16,0.0,0.0,1027.0,8228.0,0.0,0.0,0.0,0.0,0.0,1.0,0.0,0.0,0.0,0.0,0.0,-0.6000000000000001,0.0,0.0,0.0,0.0,16.0,25903.0
2026-07-30T19:01:05.774Z,235.257,235.272,0.0,7.4,0.0,0.0,0.0,0.0,0.0,0.0,0.0,0.0,1.0,0.0,0.0,0.0,9.0,4.0,0.0,0.0,0.0,0.0,0.0,0.0,0.0,0.0,4.0,12.0,1.0,12.14,5.0200000000000005,2.51,1.49,0.0,0.0,0.0,0.4,0.0,-0.4,0.0,0.9,-169.70000000000002,0.0,0.0,169.70000000000002,0.0,21.700000000000003,29.3,29.3,29.9,300.0,300.0,31.5,35.5,29.200000000000003,28.4,30.3,4.96,2.0,4.96,0.16,0.0,0.0,1027.0,8228.0,0.0,0.0,0.0,0.0,0.0,1.0,0.0,0.0,0.0,0.0,0.0,0.8,0.0,-0.8,0.0,0.0001,16.0,25903.0
2026-07-30T19:01:05.786Z,235.269,235.284,0.0,7.4,0.0,0.0,0.0,0.0,0.0,0.0,0.0,0.0,1.0,0.0,0.0,0.0,9.0,4.0,0.0,0.0,0.0,0.0,0.0,0.0,0.0,0.0,5.0,12.0,1.0,12.14,5.0200000000000005,2.51,1.49,0.0,0.0,0.0,0.5,0.0,0.1,0.6000000000000001,-0.7000000000000001,-169.60000000000002,0.0,0.0,169.60000000000002,0.0,21.700000000000003,29.3,29.3,29.9,300.0,300.0,31.5,35.5,29.200000000000003,28.4,30.3,4.96,2.0,4.97,0.16,0.0,0.0,1027.0,8228.0,0.0,0.0,0.0,0.0,0.0,1.0,0.0,0.0,0.0,0.0,0.0,0.1,0.0,0.7000000000000001,0.0,0.0,16.0,25903.0
2026-07-30T19:01:05.798Z,235.281,235.296,0.0,7.4,0.0,0.0,0.0,0.0,0.0,0.0,0.0,0.0,1.0,0.0,0.0,0.0,9.0,4.0,0.0,0.0,0.0,0.0,0.0,0.0,0.0,0.0,1.0,12.0,1.0,12.14,5.0200000000000005,2.51,1.49,0.0,0.0,0.0,0.4,0.0,-0.9,-0.4,-0.1,-169.60000000000002,0.0,0.0,169.70000000000002,0.0,21.700000000000003,29.3,29.3,29.9,300.0,300.0,31.5,35.5,29.200000000000003,28.4,30.3,4.95,2.0,4.97,0.16,0.0,0.0,1027.0,8228.0,0.0,0.0,0.0,0.0,0.0,1.0,0.0,0.0,0.0,0.0,0.0,-0.6000000000000001,0.0,0.0,0.0,0.0001,16.0,25903.0
2026-07-30T19:01:05.811Z,235.294,235.308,0.0,7.4,0.0,0.0,0.0,0.0,0.0,0.0,0.0,0.0,1.0,0.0,0.0,0.0,9.0,4.0,0.0,0.0,0.0,0.0,0.0,0.0,0.0,0.0,2.0,12.0,1.0,12.17,5.01,2.51,1.49,0.0,0.0,0.0,0.4,0.0,0.2,-1.0,-1.2000000000000002,-169.60000000000002,0.0,0.0,169.60000000000002,0.0,21.9,29.3,29.3,29.9,300.0,300.0,31.5,35.5,29.200000000000003,28.4,30.3,4.96,2.0,4.97,0.16,0.0,0.0,1027.0,8228.0,0.0,0.0,0.0,0.0,0.0,1.0,0.0,0.0,0.0,0.0,0.0,-2.1,0.0,0.8,0.0,0.0,16.0,25903.0
2026-07-30T19:01:05.823Z,235.306,235.32,0.0,7.4,0.0,0.0,0.0,0.0,0.0,0.0,0.0,0.0,1.0,0.0,0.0,0.0,9.0,4.0,0.0,0.0,0.0,0.0,0.0,0.0,0.0,0.0,3.0,12.0,1.0,12.17,5.01,2.51,1.49,0.0,0.0,0.0,0.4,0.0,0.7000000000000001,0.1,-0.1,-169.60000000000002,0.0,0.0,169.70000000000002,0.0,21.9,29.3,29.3,29.9,300.0,300.0,31.5,35.5,29.200000000000003,28.4,30.3,4.95,2.0,4.96,0.16,0.0,0.0,1027.0,8228.0,0.0,0.0,0.0,0.0,0.0,1.0,0.0,0.0,0.0,0.0,0.0,0.0,0.0,0.1,0.0,0.0,16.0,25903.0
2026-07-30T19:01:05.835Z,235.318,235.332,0.0,7.4,0.0,0.0,0.0,0.0,0.0,0.0,0.0,0.0,1.0,0.0,0.0,0.0,9.0,4.0,0.0,0.0,0.0,0.0,0.0,0.0,0.0,0.0,4.0,12.0,1.0,12.17,5.01,2.51,1.49,0.0,0.0,0.0,0.4,0.0,-0.4,0.0,-0.1,-169.60000000000002,0.0,0.0,169.60000000000002,0.0,21.9,29.3,29.3,29.9,300.0,300.0,31.5,35.5,29.200000000000003,28.4,30.3,4.95,1.99,4.96,0.16,0.0,0.0,1027.0,8228.0,0.0,0.0,0.0,0.0,0.0,1.0,0.0,0.0,0.0,0.0,0.0,0.0,0.0,0.1,0.0,0.0,16.0,25903.0
2026-07-30T19:01:05.847Z,235.33,235.344,0.0,7.4,0.0,0.0,0.0,0.0,0.0,0.0,0.0,0.0,1.0,0.0,0.0,0.0,9.0,4.0,0.0,0.0,0.0,0.0,0.0,0.0,0.0,0.0,5.0,12.0,1.0,12.17,5.01,2.51,1.49,0.0,0.0,0.0,0.4,0.0,0.1,0.7000000000000001,-1.3,-169.60000000000002,0.0,0.0,169.60000000000002,0.0,21.9,29.3,29.3,29.9,300.0,300.0,31.5,35.5,29.200000000000003,28.4,30.3,4.96,2.0,4.96,0.16,0.0,0.0,1027.0,8228.0,0.0,0.0,0.0,0.0,0.0,1.0,0.0,0.0,0.0,0.0,0.0,-0.1,0.0,1.3,0.0,0.0,16.0,25903.0
2026-07-30T19:01:05.858Z,235.341,235.356,0.0,7.4,0.0,0.0,0.0,0.0,0.0,0.0,0.0,0.0,1.0,0.0,0.0,0.0,9.0,4.0,0.0,0.0,0.0,0.0,0.0,0.0,0.0,0.0,6.0,12.0,1.0,12.17,5.01,2.51,1.49,0.0,0.0,0.0,0.4,0.0,0.1,0.1,-0.7000000000000001,-169.60000000000002,0.0,0.0,169.70000000000002,0.0,21.9,29.3,29.3,29.9,300.0,300.0,31.5,35.5,29.200000000000003,28.4,30.3,4.95,2.0,4.97,0.16,0.0,0.0,1027.0,8228.0,0.0,0.0,0.0,0.0,0.0,1.0,0.0,0.0,0.0,0.0,0.0,-0.4,0.0,0.6000000000000001,0.0,0.0,16.0,25903.0
2026-07-30T19:01:05.870Z,235.353,235.368,0.0,7.4,0.0,0.0,0.0,0.0,0.0,0.0,0.0,0.0,1.0,0.0,0.0,0.0,9.0,4.0,0.0,0.0,0.0,0.0,0.0,0.0,0.0,0.0,1.0,12.0,1.0,12.17,5.01,2.51,1.49,0.0,0.0,0.0,0.5,0.0,0.1,-0.4,-0.1,-169.60000000000002,0.0,0.0,169.70000000000002,0.0,21.9,29.3,29.3,29.9,300.0,300.0,31.5,35.5,29.200000000000003,28.4,30.3,4.95,1.99,4.97,0.16,0.0,0.0,1027.0,8228.0,0.0,0.0,0.0,0.0,0.0,1.0,0.0,0.0,0.0,0.0,0.0,-0.6000000000000001,0.0,0.0,0.0,0.0001,16.0,25903.0
2026-07-30T19:01:05.882Z,235.365,235.38,0.0,7.4,0.0,0.0,0.0,0.0,0.0,0.0,0.0,0.0,1.0,0.0,0.0,0.0,9.0,4.0,0.0,0.0,0.0,0.0,0.0,0.0,0.0,0.0,3.0,12.0,1.0,12.17,5.01,2.51,1.49,0.0,0.0,0.0,0.4,0.0,0.1,0.1,-0.7000000000000001,-169.60000000000002,0.0,0.0,169.70000000000002,0.0,21.9,29.3,29.3,29.9,300.0,300.0,31.5,35.5,29.200000000000003,28.4,30.3,4.95,1.99,4.96,0.17,0.0,0.0,1027.0,8228.0,0.0,0.0,0.0,0.0,0.0,1.0,0.0,0.0,0.0,0.0,0.0,-0.4,0.0,0.6000000000000001,0.0,0.0,16.0,25903.0
2026-07-30T19:01:05.894Z,235.377,235.392,0.0,7.4,0.0,0.0,0.0,0.0,0.0,0.0,0.0,0.0,1.0,0.0,0.0,0.0,9.0,4.0,0.0,0.0,0.0,0.0,0.0,0.0,0.0,0.0,4.0,12.0,1.0,12.17,5.01,2.51,1.49,0.0,0.0,0.0,0.4,0.0,-1.0,0.7000000000000001,-0.1,-169.60000000000002,0.0,0.0,169.70000000000002,0.0,21.9,29.3,29.3,29.9,300.0,300.0,31.5,35.5,29.200000000000003,28.4,30.3,4.96,1.99,4.96,0.16,0.0,0.0,1027.0,8228.0,0.0,0.0,0.0,0.0,0.0,1.0,0.0,0.0,0.0,0.0,0.0,0.7000000000000001,0.0,0.2,0.0,0.0,16.0,25903.0
2026-07-30T19:01:05.907Z,235.39,235.404,0.0,7.4,0.0,0.0,0.0,0.0,0.0,0.0,0.0,0.0,1.0,0.0,0.0,0.0,9.0,4.0,0.0,0.0,0.0,0.0,0.0,0.0,0.0,0.0,6.0,12.0,1.0,12.17,5.01,2.51,1.49,0.0,0.0,0.0,0.4,0.0,-0.4,0.1,1.6,-169.60000000000002,0.0,0.0,169.8,0.0,21.9,29.3,29.3,29.9,300.0,300.0,31.5,35.5,29.200000000000003,28.4,30.3,4.96,1.99,4.96,0.16,0.0,0.0,1027.0,8228.0,0.0,0.0,0.0,0.0,0.0,1.0,0.0,0.0,0.0,0.0,0.0,1.3,0.0,-1.3,0.0,0.0001,16.0,25903.0
2026-07-30T19:01:05.918Z,235.401,235.416,0.0,7.4,0.0,0.0,0.0,0.0,0.0,0.0,0.0,0.0,1.0,0.0,0.0,0.0,9.0,4.0,0.0,0.0,0.0,0.0,0.0,0.0,0.0,0.0,1.0,12.0,1.0,12.17,5.01,2.51,1.49,0.0,0.0,0.0,0.4,0.0,0.8,-1.0,-0.1,-169.60000000000002,0.0,0.0,169.70000000000002,0.0,20.9,29.3,29.3,29.9,300.0,300.0,31.5,35.5,29.200000000000003,28.4,30.3,4.95,1.99,4.97,0.16,0.0,0.0,1027.0,8228.0,0.0,0.0,0.0,0.0,0.0,1.0,0.0,0.0,0.0,0.0,0.0,-1.2000000000000002,0.0,-0.1,0.0,0.0001,16.0,25903.0
2026-07-30T19:01:05.931Z,235.414,235.428,0.0,7.4,0.0,0.0,0.0,0.0,0.0,0.0,0.0,0.0,1.0,0.0,0.0,0.0,9.0,4.0,0.0,0.0,0.0,0.0,0.0,0.0,0.0,0.0,3.0,12.0,1.0,12.17,5.01,2.51,1.49,0.0,0.0,0.0,0.5,0.0,0.8,0.7000000000000001,0.0,-169.60000000000002,0.0,0.0,169.70000000000002,0.0,20.9,29.3,29.3,29.9,300.0,300.0,31.5,35.5,29.200000000000003,28.4,30.3,4.95,2.0,4.96,0.16,0.0,0.0,1027.0,8228.0,0.0,0.0,0.0,0.0,0.0,1.0,0.0,0.0,0.0,0.0,0.0,0.7000000000000001,0.0,0.2,0.0,0.0001,16.0,25903.0
2026-07-30T19:01:05.947Z,235.43,235.44,0.0,7.4,0.0,0.0,0.0,0.0,0.0,0.0,0.0,0.0,1.0,0.0,0.0,0.0,9.0,4.0,0.0,0.0,0.0,0.0,0.0,0.0,0.0,0.0,2.0,12.0,1.0,12.17,5.01,2.51,1.49,0.0,0.0,0.0,0.4,0.0,-0.2,0.7000000000000001,-0.6000000000000001,-169.60000000000002,0.0,0.0,169.60000000000002,0.0,20.9,29.3,29.3,29.9,300.0,300.0,31.5,35.5,29.200000000000003,28.4,30.3,4.96,1.99,4.96,0.16,0.0,0.0,1027.0,8228.0,0.0,0.0,0.0,0.0,0.0,1.0,0.0,0.0,0.0,0.0,0.0,0.3,0.0,0.7000000000000001,0.0,0.0001,16.0,25903.0
2026-07-30T19:01:05.955Z,235.438,235.452,0.0,7.4,0.0,0.0,0.0,0.0,0.0,0.0,0.0,0.0,1.0,0.0,0.0,0.0,9.0,4.0,0.0,0.0,0.0,0.0,0.0,0.0,0.0,0.0,2.0,12.0,1.0,12.17,5.01,2.51,1.49,0.0,0.0,0.0,0.4,0.0,0.3,-0.3,0.0,-169.60000000000002,0.0,0.0,169.60000000000002,0.0,20.9,29.3,29.3,29.9,300.0,300.0,31.5,35.5,29.200000000000003,28.4,30.3,4.95,1.99,4.97,0.16,0.0,0.0,1027.0,8228.0,0.0,0.0,0.0,0.0,0.0,1.0,0.0,0.0,0.0,0.0,0.0,-0.5,0.0,0.0,0.0,0.0,16.0,25903.0
2026-07-30T19:01:05.967Z,235.45,235.464,0.0,7.4,0.0,0.0,0.0,0.0,0.0,0.0,0.0,0.0,1.0,0.0,0.0,0.0,9.0,4.0,0.0,0.0,0.0,0.0,0.0,0.0,0.0,0.0,3.0,12.0,1.0,12.17,5.01,2.51,1.49,0.0,0.1,0.0,0.4,0.0,-0.3,0.1,-0.1,-169.60000000000002,0.0,0.0,169.60000000000002,0.0,20.9,29.3,29.3,29.9,300.0,300.0,31.5,35.5,29.200000000000003,28.4,30.3,4.96,1.99,4.97,0.16,0.0,0.0,1027.0,8228.0,0.0,0.0,0.0,0.0,0.0,1.0,0.0,0.0,0.0,0.0,0.0,0.1,0.0,0.1,0.0,0.0,16.0,25903.0
2026-07-30T19:01:05.978Z,235.461,235.476,0.0,7.4,0.0,0.0,0.0,0.0,0.0,0.0,0.0,0.0,1.0,0.0,0.0,0.0,9.0,4.0,0.0,0.0,0.0,0.0,0.0,0.0,0.0,0.0,4.0,12.0,1.0,12.17,5.01,2.51,1.49,0.0,0.0,0.0,0.4,0.0,0.2,0.1,0.0,-169.60000000000002,0.0,0.0,169.70000000000002,0.0,20.9,29.3,29.3,29.9,300.0,300.0,31.5,35.5,29.200000000000003,28.4,30.3,4.96,1.99,4.96,0.16,0.0,0.0,1027.0,8228.0,0.0,0.0,0.0,0.0,0.0,1.0,0.0,0.0,0.0,0.0,0.0,0.1,0.0,0.1,0.0,0.0,16.0,25903.0
2026-07-30T19:01:05.991Z,235.474,235.488,0.0,7.4,0.0,0.0,0.0,0.0,0.0,0.0,0.0,0.0,1.0,0.0,0.0,0.0,9.0,4.0,0.0,0.0,0.0,0.0,0.0,0.0,0.0,0.0,6.0,12.0,1.0,12.17,5.01,2.51,1.49,0.0,0.1,0.0,0.4,0.0,-0.3,0.7000000000000001,0.0,-169.60000000000002,0.0,0.0,169.70000000000002,0.0,20.9,29.3,29.3,29.9,300.0,300.0,31.5,35.5,29.200000000000003,28.4,30.3,4.95,1.99,4.96,0.16,0.0,0.0,1027.0,8228.0,0.0,0.0,0.0,0.0,0.0,1.0,0.0,0.0,0.0,0.0,0.0,0.0,0.0,0.1,0.0,0.0001,16.0,25903.0
2026-07-30T19:01:06.002Z,235.485,235.5,0.0,7.4,0.0,0.0,0.0,0.0,0.0,0.0,0.0,0.0,1.0,0.0,0.0,0.0,9.0,4.0,0.0,0.0,0.0,0.0,0.0,0.0,0.0,0.0,1.0,12.0,1.0,12.17,5.01,2.51,1.49,0.0,0.0,0.0,0.4,0.0,-0.8,-1.0,0.5,-169.60000000000002,0.0,0.0,169.70000000000002,0.0,20.9,29.3,29.3,29.9,300.0,300.0,31.5,35.5,29.200000000000003,28.4,30.3,4.95,1.99,4.97,0.16,0.0,0.0,1027.0,8228.0,0.0,0.0,0.0,0.0,0.0,1.0,0.0,0.0,0.0,0.0,0.0,0.5,0.0,-0.4,0.0,0.0,16.0,25903.0
2026-07-30T19:01:06.014Z,235.497,235.512,0.0,7.4,0.0,0.0,0.0,0.0,0.0,0.0,0.0,0.0,1.0,0.0,0.0,0.0,9.0,4.0,0.0,0.0,0.0,0.0,0.0,0.0,0.0,0.0,2.0,12.0,1.0,12.15,5.0200000000000005,2.51,1.49,0.0,0.0,0.0,0.4,0.0,-0.8,0.1,1.6,-169.60000000000002,0.0,0.0,169.70000000000002,0.0,21.4,29.3,29.3,29.9,300.0,300.0,31.5,35.4,29.200000000000003,28.4,30.3,4.96,1.99,4.96,0.16,0.0,0.0,1027.0,8228.0,0.0,0.0,0.0,0.0,0.0,1.0,0.0,0.0,0.0,0.0,0.0,-0.3,0.0,-1.1,0.0,0.0,16.0,25903.0
2026-07-30T19:01:06.027Z,235.51,235.524,0.0,7.4,0.0,0.0,0.0,0.0,0.0,0.0,0.0,0.0,1.0,0.0,0.0,0.0,9.0,4.0,0.0,0.0,0.0,0.0,0.0,0.0,0.0,0.0,4.0,12.0,1.0,12.15,5.0200000000000005,2.51,1.49,0.0,0.0,0.0,0.4,0.0,-0.8,0.1,-1.2000000000000002,-169.60000000000002,0.0,0.0,169.70000000000002,0.0,21.4,29.3,29.3,29.9,300.0,300.0,31.5,35.4,29.200000000000003,28.4,30.3,4.96,1.99,4.97,0.16,0.0,0.0,1027.0,8228.0,0.0,0.0,0.0,0.0,0.0,1.0,0.0,0.0,0.0,0.0,0.0,-0.7000000000000001,0.0,1.1,0.0,0.0,16.0,25903.0
2026-07-30T19:01:06.038Z,235.521,235.536,0.0,7.4,0.0,0.0,0.0,0.0,0.0,0.0,0.0,0.0,1.0,0.0,0.0,0.0,9.0,4.0,0.0,0.0,0.0,0.0,0.0,0.0,0.0,0.0,5.0,12.0,1.0,12.15,5.0200000000000005,2.51,1.49,0.0,0.1,0.0,0.4,0.0,-0.2,0.7000000000000001,-0.6000000000000001,-169.60000000000002,0.0,0.0,169.60000000000002,0.0,21.4,29.3,29.3,29.9,300.0,300.0,31.5,35.4,29.200000000000003,28.4,30.3,4.96,1.99,4.97,0.16,0.0,0.0,1027.0,8228.0,0.0,0.0,0.0,0.0,0.0,1.0,0.0,0.0,0.0,0.0,0.0,0.3,0.0,0.7000000000000001,0.0,0.0001,16.0,25903.0
2026-07-30T19:01:06.050Z,235.533,235.548,0.0,7.4,0.0,0.0,0.0,0.0,0.0,0.0,0.0,0.0,1.0,0.0,0.0,0.0,9.0,4.0,0.0,0.0,0.0,0.0,0.0,0.0,0.0,0.0,6.0,12.0,1.0,12.15,5.0200000000000005,2.51,1.49,0.0,0.0,0.0,0.4,0.0,-0.8,-0.9,-0.6000000000000001,-169.60000000000002,0.0,0.0,169.70000000000002,0.0,21.4,29.3,29.3,29.9,300.0,300.0,31.5,35.4,29.200000000000003,28.4,30.3,4.96,1.99,4.96,0.16,0.0,0.0,1027.0,8228.0,0.0,0.0,0.0,0.0,0.0,1.0,0.0,0.0,0.0,0.0,0.0,-1.6,0.0,0.3,0.0,0.0001,16.0,25903.0
2026-07-30T19:01:06.063Z,235.546,235.56,0.0,7.4,0.0,0.0,0.0,0.0,0.0,0.0,0.0,0.0,1.0,0.0,0.0,0.0,9.0,4.0,0.0,0.0,0.0,0.0,0.0,0.0,0.0,0.0,1.0,12.0,1.0,12.15,5.0200000000000005,2.51,1.49,0.0,0.0,0.0,0.4,0.0,-0.8,0.1,1.1,-169.60000000000002,0.0,0.0,169.70000000000002,0.0,21.4,29.3,29.3,29.9,300.0,300.0,31.5,35.4,29.200000000000003,28.4,30.3,4.95,1.99,4.96,0.16,0.0,0.0,1027.0,8228.0,0.0,0.0,0.0,0.0,0.0,1.0,0.0,0.0,0.0,0.0,0.0,0.9,0.0,-0.9,0.0,0.0001,16.0,25903.0
2026-07-30T19:01:06.074Z,235.557,235.572,0.0,7.4,0.0,0.0,0.0,0.0,0.0,0.0,0.0,0.0,1.0,0.0,0.0,0.0,9.0,4.0,0.0,0.0,0.0,0.0,0.0,0.0,0.0,0.0,2.0,12.0,1.0,12.15,5.0200000000000005,2.51,1.49,0.0,0.0,0.0,0.4,0.0,-0.8,0.1,0.5,-169.60000000000002,0.0,0.0,169.70000000000002,0.0,21.4,29.3,29.3,29.9,300.0,300.0,31.5,35.4,29.200000000000003,28.4,30.3,4.95,1.99,4.96,0.16,0.0,0.0,1027.0,8228.0,0.0,0.0,0.0,0.0,0.0,1.0,0.0,0.0,0.0,0.0,0.0,0.1,0.0,0.0,0.0,0.0,16.0,25903.0
2026-07-30T19:01:06.086Z,235.569,235.584,0.0,7.4,0.0,0.0,0.0,0.0,0.0,0.0,0.0,0.0,1.0,0.0,0.0,0.0,9.0,4.0,0.0,0.0,0.0,0.0,0.0,0.0,0.0,0.0,3.0,12.0,1.0,12.15,5.0200000000000005,2.51,1.49,0.0,0.0,0.0,0.4,0.0,0.3,0.7000000000000001,-1.2000000000000002,-169.60000000000002,0.0,0.0,169.70000000000002,0.0,21.4,29.3,29.3,29.9,300.0,300.0,31.5,35.4,29.200000000000003,28.4,30.3,4.95,1.99,4.96,0.16,0.0,0.0,1027.0,8228.0,0.0,0.0,0.0,0.0,0.0,1.0,0.0,0.0,0.0,0.0,0.0,1.2000000000000002,0.0,-0.3,0.0,0.0,16.0,25903.0
2026-07-30T19:01:06.098Z,235.581,235.596,0.0,7.4,0.0,0.0,0.0,0.0,0.0,0.0,0.0,0.0,1.0,0.0,0.0,0.0,9.0,4.0,0.0,0.0,0.0,0.0,0.0,0.0,0.0,0.0,4.0,12.0,1.0,12.15,5.0200000000000005,2.51,1.49,0.0,0.0,0.0,0.4,0.0,0.9,0.1,0.0,-169.60000000000002,0.0,0.0,169.70000000000002,0.0,21.4,29.3,29.3,29.9,300.0,300.0,31.5,35.4,29.200000000000003,28.4,30.3,4.95,1.99,4.97,0.16,0.0,0.0,1027.0,8228.0,0.0,0.0,0.0,0.0,0.0,1.0,0.0,0.0,0.0,0.0,0.0,0.1,0.0,0.0,0.0,0.0002,16.0,25903.0
2026-07-30T19:01:06.110Z,235.593,235.608,0.0,7.4,0.0,0.0,0.0,0.0,0.0,0.0,0.0,0.0,1.0,0.0,0.0,0.0,9.0,4.0,0.0,0.0,0.0,0.0,0.0,0.0,0.0,0.0,5.0,12.0,1.0,12.15,5.0200000000000005,2.51,1.49,0.0,0.1,0.0,0.4,0.0,-0.2,-0.4,-0.6000000000000001,-169.60000000000002,0.0,0.0,169.70000000000002,0.0,21.4,29.3,29.3,29.9,300.0,300.0,31.5,35.4,29.200000000000003,28.4,30.3,4.95,1.99,4.96,0.16,0.0,0.0,1027.0,8228.0,0.0,0.0,0.0,0.0,0.0,1.0,0.0,0.0,0.0,0.0,0.0,-0.9,0.0,0.4,0.0,0.0001,16.0,25903.0
2026-07-30T19:01:06.123Z,235.606,235.62,0.0,7.4,0.0,0.0,0.0,0.0,0.0,0.0,0.0,0.0,1.0,0.0,0.0,0.0,9.0,4.0,0.0,0.0,0.0,0.0,0.0,0.0,0.0,0.0,1.0,12.0,1.0,12.14,5.0200000000000005,2.51,1.5,0.0,0.1,0.0,0.4,0.0,0.4,0.7000000000000001,0.0,-169.60000000000002,0.0,0.0,169.70000000000002,0.0,21.3,29.3,29.3,29.9,300.0,300.0,31.4,35.5,29.200000000000003,28.4,30.3,4.95,2.0,4.96,0.16,0.0,0.0,1027.0,8228.0,0.0,0.0,0.0,0.0,0.0,1.0,0.0,0.0,0.0,0.0,0.0,0.3,0.0,0.6000000000000001,0.0,0.0,16.0,25903.0
2026-07-30T19:01:06.135Z,235.618,235.632,0.0,7.4,0.0,0.0,0.0,0.0,0.0,0.0,0.0,0.0,1.0,0.0,0.0,0.0,9.0,4.0,0.0,0.0,0.0,0.0,0.0,0.0,0.0,0.0,2.0,12.0,1.0,12.14,5.0200000000000005,2.51,1.5,0.0,0.0,0.0,0.4,0.0,-0.7000000000000001,0.7000000000000001,1.2000000000000002,-169.60000000000002,0.0,0.0,169.70000000000002,0.0,21.3,29.3,29.3,29.9,300.0,300.0,31.4,35.5,29.200000000000003,28.4,30.3,4.96,1.99,4.96,0.16,0.0,0.0,1027.0,8228.0,0.0,0.0,0.0,0.0,0.0,1.0,0.0,0.0,0.0,0.0,0.0,1.3,0.0,-0.3,0.0,0.0001,16.0,25903.0
2026-07-30T19:01:06.146Z,235.629,235.644,0.0,7.4,0.0,0.0,0.0,0.0,0.0,0.0,0.0,0.0,1.0,0.0,0.0,0.0,9.0,4.0,0.0,0.0,0.0,0.0,0.0,0.0,0.0,0.0,2.0,12.0,1.0,12.14,5.0200000000000005,2.51,1.5,0.0,0.0,0.0,0.4,0.0,-0.7000000000000001,-0.4,-0.5,-169.60000000000002,0.0,0.0,169.70000000000002,0.0,21.3,29.3,29.3,29.9,300.0,300.0,31.4,35.5,29.200000000000003,28.4,30.3,4.95,1.99,4.96,0.16,0.0,0.0,1027.0,8228.0,0.0,0.0,0.0,0.0,0.0,1.0,0.0,0.0,0.0,0.0,0.0,-0.6000000000000001,0.0,1.0,0.0,0.0001,16.0,25903.0
2026-07-30T19:01:06.158Z,235.641,235.656,0.0,7.4,0.0,0.0,0.0,0.0,0.0,0.0,0.0,0.0,1.0,0.0,0.0,0.0,9.0,4.0,0.0,0.0,0.0,0.0,0.0,0.0,0.0,0.0,3.0,12.0,1.0,12.14,5.0200000000000005,2.51,1.5,0.0,0.0,0.0,0.5,0.0,0.3,0.1,-1.1,-169.60000000000002,0.0,0.0,169.60000000000002,0.0,21.3,29.3,29.3,29.9,300.0,300.0,31.4,35.5,29.200000000000003,28.4,30.3,4.96,1.99,4.97,0.16,0.0,0.0,1027.0,8228.0,0.0,0.0,0.0,0.0,0.0,1.0,0.0,0.0,0.0,0.0,0.0,-0.6000000000000001,0.0,1.0,0.0,0.0001,16.0,25903.0
2026-07-30T19:01:06.170Z,235.653,235.668,0.0,7.4,0.0,0.0,0.0,0.0,0.0,0.0,0.0,0.0,1.0,0.0,0.0,0.0,9.0,4.0,0.0,0.0,0.0,0.0,0.0,0.0,0.0,0.0,4.0,12.0,1.0,12.14,5.0200000000000005,2.51,1.5,0.0,0.0,0.0,0.4,0.0,0.3,1.3,1.2000000000000002,-169.60000000000002,0.0,0.0,169.70000000000002,0.0,21.3,29.3,29.3,29.9,300.0,300.0,31.4,35.5,29.200000000000003,28.4,30.3,4.96,1.99,4.96,0.16,0.0,0.0,1027.0,8228.0,0.0,0.0,0.0,0.0,0.0,1.0,0.0,0.0,0.0,0.0,0.0,2.4000000000000004,0.0,-0.7000000000000001,0.0,0.0001,16.0,25903.0
2026-07-30T19:01:06.182Z,235.665,235.68,0.0,7.4,0.0,0.0,0.0,0.0,0.0,0.0,0.0,0.0,1.0,0.0,0.0,0.0,9.0,4.0,0.0,0.0,0.0,0.0,0.0,0.0,0.0,0.0,5.0,12.0,1.0,12.14,5.0200000000000005,2.51,1.5,0.0,0.0,0.0,0.4,0.0,-0.1,1.4,1.2000000000000002,-169.60000000000002,0.0,0.0,169.8,0.0,21.3,29.3,29.3,29.9,300.0,300.0,31.4,35.5,29.200000000000003,28.4,30.3,4.96,1.99,4.96,0.16,0.0,0.0,1027.0,8228.0,0.0,0.0,0.0,0.0,0.0,1.0,0.0,0.0,0.0,0.0,0.0,1.4,0.0,-0.4,0.0,0.0001,16.0,25903.0
2026-07-30T19:01:06.195Z,235.678,235.692,0.0,7.4,0.0,0.0,0.0,0.0,0.0,0.0,0.0,0.0,1.0,0.0,0.0,0.0,9.0,4.0,0.0,0.0,0.0,0.0,0.0,0.0,0.0,0.0,6.0,12.0,1.0,12.14,5.0200000000000005,2.51,1.5,0.0,0.0,0.0,0.4,0.0,0.4,-0.9,-0.4,-169.60000000000002,0.0,0.0,169.8,0.0,21.3,29.3,29.3,29.9,300.0,300.0,31.4,35.5,29.200000000000003,28.4,30.3,4.95,1.99,4.97,0.16,0.0,0.0,1027.0,8228.0,0.0,0.0,0.0,0.0,0.0,1.0,0.0,0.0,0.0,0.0,0.0,-0.9,0.0,-0.2,0.0,0.0002,16.0,25903.0
2026-07-30T19:01:06.207Z,235.69,235.704,0.0,7.4,0.0,0.0,0.0,0.0,0.0,0.0,0.0,0.0,1.0,0.0,0.0,0.0,9.0,4.0,0.0,0.0,0.0,0.0,0.0,0.0,0.0,0.0,1.0,12.0,1.0,12.14,5.0200000000000005,2.51,1.5,0.0,0.0,0.0,0.4,0.0,0.4,-0.2,0.1,-169.70000000000002,0.0,0.0,169.70000000000002,0.0,21.3,29.3,29.3,29.9,300.0,300.0,31.4,35.5,29.200000000000003,28.4,30.3,4.96,1.99,4.96,0.16,0.0,0.0,1027.0,8228.0,0.0,0.0,0.0,0.0,0.0,1.0,0.0,0.0,0.0,0.0,0.0,-0.2,0.0,-0.1,0.0,0.0,16.0,25903.0
2026-07-30T19:01:06.219Z,235.702,235.716,0.0,7.4,0.0,0.0,0.0,0.0,0.0,0.0,0.0,0.0,1.0,0.0,0.0,0.0,9.0,4.0,0.0,0.0,0.0,0.0,0.0,0.0,0.0,0.0,2.0,12.0,1.0,12.15,5.01,2.51,1.49,0.0,0.0,0.0,0.4,0.0,-0.7000000000000001,0.2,-1.1,-169.70000000000002,0.0,0.0,169.70000000000002,0.0,21.700000000000003,29.3,29.3,29.9,300.0,300.0,31.5,35.300000000000004,29.200000000000003,28.4,30.3,4.96,1.99,4.97,0.16,0.0,0.0,1027.0,8228.0,0.0,0.0,0.0,0.0,0.0,1.0,0.0,0.0,0.0,0.0,0.0,-0.5,0.0,1.0,0.0,0.0002,16.0,25903.0
2026-07-30T19:01:06.231Z,235.714,235.728,0.0,7.4,0.0,0.0,0.0,0.0,0.0,0.0,0.0,0.0,1.0,0.0,0.0,0.0,9.0,4.0,0.0,0.0,0.0,0.0,0.0,0.0,0.0,0.0,3.0,12.0,1.0,12.15,5.01,2.51,1.49,0.0,0.0,0.0,0.4,0.0,0.4,0.2,0.0,-169.60000000000002,0.0,0.0,169.70000000000002,0.0,21.700000000000003,29.3,29.3,29.9,300.0,300.0,31.5,35.300000000000004,29.200000000000003,28.4,30.3,4.96,1.99,4.97,0.16,0.0,0.0,1027.0,8228.0,0.0,0.0,0.0,0.0,0.0,1.0,0.0,0.0,0.0,0.0,0.0,0.3,0.0,0.0,0.0,0.0001,16.0,25903.0
2026-07-30T19:01:06.242Z,235.725,235.74,0.0,7.4,0.0,0.0,0.0,0.0,0.0,0.0,0.0,0.0,1.0,0.0,0.0,0.0,9.0,4.0,0.0,0.0,0.0,0.0,0.0,0.0,0.0,0.0,4.0,12.0,1.0,12.15,5.01,2.51,1.49,0.0,0.0,0.0,0.4,0.0,0.4,0.2,-1.1,-169.70000000000002,0.0,0.0,169.70000000000002,0.0,21.700000000000003,29.3,29.3,29.9,300.0,300.0,31.5,35.300000000000004,29.200000000000003,28.4,30.3,4.95,1.99,4.97,0.16,0.0,0.0,1027.0,8228.0,0.0,0.0,0.0,0.0,0.0,1.0,0.0,0.0,0.0,0.0,0.0,-0.5,0.0,1.0,0.0,0.0001,16.0,25903.0
2026-07-30T19:01:06.263Z,235.746,235.752,0.0,7.4,0.0,0.0,0.0,0.0,0.0,0.0,0.0,0.0,1.0,0.0,0.0,0.0,9.0,4.0,0.0,0.0,0.0,0.0,0.0,0.0,0.0,0.0,5.0,12.0,1.0,12.15,5.01,2.51,1.49,0.0,0.0,0.0,0.4,0.0,-0.1,-0.9,0.6000000000000001,-169.70000000000002,0.0,0.0,169.60000000000002,0.0,21.700000000000003,29.3,29.3,29.9,300.0,300.0,31.5,35.300000000000004,29.200000000000003,28.4,30.3,4.96,1.99,4.96,0.16,0.0,0.0,1027.0,8228.0,0.0,0.0,0.0,0.0,0.0,1.0,0.0,0.0,0.0,0.0,0.0,-0.5,0.0,-0.7000000000000001,0.0,0.0001,16.0,25903.0
2026-07-30T19:01:06.268Z,235.751,235.764,0.0,7.4,0.0,0.0,0.0,0.0,0.0,0.0,0.0,0.0,1.0,0.0,0.0,0.0,9.0,4.0,0.0,0.0,0.0,0.0,0.0,0.0,0.0,0.0,2.0,12.0,1.0,12.15,5.01,2.51,1.49,0.0,0.0,0.0,0.4,0.0,-0.1,0.2,1.2000000000000002,-169.60000000000002,0.0,0.0,169.70000000000002,0.0,21.700000000000003,29.3,29.3,29.9,300.0,300.0,31.5,35.300000000000004,29.200000000000003,28.4,30.3,4.96,1.99,4.97,0.16,0.0,0.0,1027.0,8228.0,0.0,0.0,0.0,0.0,0.0,1.0,0.0,0.0,0.0,0.0,0.0,1.2000000000000002,0.0,-1.0,0.0,0.0001,16.0,25903.0
2026-07-30T19:01:06.278Z,235.761,235.776,0.0,7.4,0.0,0.0,0.0,0.0,0.0,0.0,0.0,0.0,1.0,0.0,0.0,0.0,9.0,4.0,0.0,0.0,0.0,0.0,0.0,0.0,0.0,0.0,2.0,12.0,1.0,12.15,5.01,2.51,1.49,0.0,0.0,0.0,0.4,0.0,-0.1,-0.3,-1.0,-169.60000000000002,0.0,0.0,169.60000000000002,0.0,21.700000000000003,29.3,29.3,29.9,300.0,300.0,31.5,35.300000000000004,29.200000000000003,28.4,30.3,4.95,1.99,4.97,0.16,0.0,0.0,1027.0,8228.0,0.0,0.0,0.0,0.0,0.0,1.0,0.0,0.0,0.0,0.0,0.0,-1.1,0.0,0.8,0.0,0.0,16.0,25903.0
2026-07-30T19:01:06.290Z,235.773,235.788,0.0,7.4,0.0,0.0,0.0,0.0,0.0,0.0,0.0,0.0,1.0,0.0,0.0,0.0,9.0,4.0,0.0,0.0,0.0,0.0,0.0,0.0,0.0,0.0,2.0,12.0,1.0,12.15,5.01,2.51,1.49,0.0,0.1,0.0,0.4,0.0,-0.2,-0.3,0.0,-169.60000000000002,0.0,0.0,169.70000000000002,0.0,21.700000000000003,29.3,29.3,29.9,300.0,300.0,31.5,35.300000000000004,29.200000000000003,28.4,30.3,4.96,1.99,4.97,0.16,0.0,0.0,1027.0,8228.0,0.0,0.0,0.0,0.0,0.0,1.0,0.0,0.0,0.0,0.0,0.0,-0.3,0.0,-0.1,0.0,0.0,16.0,25903.0
2026-07-30T19:01:06.302Z,235.785,235.8,0.0,7.4,0.0,0.0,0.0,0.0,0.0,0.0,0.0,0.0,1.0,0.0,0.0,0.0,9.0,4.0,0.0,0.0,0.0,0.0,0.0,0.0,0.0,0.0,3.0,12.0,1.0,12.15,5.01,2.51,1.49,0.0,0.0,0.0,0.4,0.0,0.3,0.7000000000000001,0.0,-169.60000000000002,0.0,0.0,169.70000000000002,0.0,21.700000000000003,29.3,29.3,29.9,300.0,300.0,31.5,35.300000000000004,29.200000000000003,28.4,30.3,4.96,2.0,4.96,0.16,0.0,0.0,1027.0,8228.0,0.0,0.0,0.0,0.0,0.0,1.0,0.0,0.0,0.0,0.0,0.0,0.8,0.0,0.1,0.0,0.0,16.0,25903.0
2026-07-30T19:01:06.315Z,235.798,235.812,0.0,7.4,0.0,0.0,0.0,0.0,0.0,0.0,0.0,0.0,1.0,0.0,0.0,0.0,9.0,4.0,0.0,0.0,0.0,0.0,0.0,0.0,0.0,0.0,4.0,12.0,1.0,12.15,5.01,2.51,1.49,0.0,0.0,0.0,0.4,0.0,0.3,0.7000000000000001,0.0,-169.60000000000002,0.0,0.0,169.60000000000002,0.0,21.700000000000003,29.3,29.3,29.9,300.0,300.0,31.5,35.300000000000004,29.200000000000003,28.4,30.3,4.96,1.99,4.97,0.16,0.0,0.0,1027.0,8228.0,0.0,0.0,0.0,0.0,0.0,1.0,0.0,0.0,0.0,0.0,0.0,0.8,0.0,0.1,0.0,0.0001,16.0,25903.0
2026-07-30T19:01:06.326Z,235.809,235.824,0.0,7.4,0.0,0.0,0.0,0.0,0.0,0.0,0.0,0.0,1.0,0.0,0.0,0.0,9.0,4.0,0.0,0.0,0.0,0.0,0.0,0.0,0.0,0.0,5.0,12.0,1.0,12.17,5.0200000000000005,2.51,1.49,0.0,0.0,0.0,0.4,0.0,0.3,0.7000000000000001,0.5,-169.60000000000002,0.0,0.0,169.8,0.0,21.3,29.3,29.3,29.9,300.0,300.0,31.5,35.4,29.200000000000003,28.4,30.3,4.95,1.99,4.97,0.16,0.0,0.0,1027.0,8228.0,0.0,0.0,0.0,0.0,0.0,1.0,0.0,0.0,0.0,0.0,0.0,1.2000000000000002,0.0,-0.3,0.0,0.0001,16.0,25903.0
2026-07-30T19:01:06.339Z,235.822,235.836,0.0,7.4,0.0,0.0,0.0,0.0,0.0,0.0,0.0,0.0,1.0,0.0,0.0,0.0,9.0,4.0,0.0,0.0,0.0,0.0,0.0,0.0,0.0,0.0,1.0,12.0,1.0,12.17,5.0200000000000005,2.51,1.49,0.0,0.0,0.0,0.4,0.0,0.3,1.3,0.5,-169.70000000000002,0.0,0.0,169.8,0.0,21.3,29.3,29.3,29.9,300.0,300.0,31.5,35.4,29.200000000000003,28.4,30.3,4.96,1.99,4.96,0.16,0.0,0.0,1027.0,8228.0,0.0,0.0,0.0,0.0,0.0,1.0,0.0,0.0,0.0,0.0,0.0,1.8,0.0,-0.1,0.0,0.0002,16.0,25903.0
2026-07-30T19:01:06.350Z,235.833,235.848,0.0,7.4,0.0,0.0,0.0,0.0,0.0,0.0,0.0,0.0,1.0,0.0,0.0,0.0,9.0,4.0,0.0,0.0,0.0,0.0,0.0,0.0,0.0,0.0,2.0,12.0,1.0,12.17,5.0200000000000005,2.51,1.49,0.0,0.0,0.0,0.4,0.0,-0.1,-1.0,-1.2000000000000002,-169.70000000000002,0.0,0.0,169.8,0.0,21.3,29.3,29.3,29.9,300.0,300.0,31.5,35.4,29.200000000000003,28.4,30.3,4.95,1.99,4.97,0.16,0.0,0.0,1027.0,8228.0,0.0,0.0,0.0,0.0,0.0,1.0,0.0,0.0,0.0,0.0,0.0,-2.0,0.0,0.8,0.0,0.0001,16.0,25903.0
2026-07-30T19:01:06.363Z,235.846,235.86,0.0,7.4,0.0,0.0,0.0,0.0,0.0,0.0,0.0,0.0,1.0,0.0,0.0,0.0,9.0,4.0,0.0,0.0,0.0,0.0,0.0,0.0,0.0,0.0,3.0,12.0,1.0,12.17,5.0200000000000005,2.51,1.49,0.0,0.0,0.0,0.4,0.0,-0.2,0.7000000000000001,1.7000000000000002,-169.70000000000002,0.0,0.0,169.60000000000002,0.0,21.3,29.3,29.3,29.9,300.0,300.0,31.5,35.4,29.200000000000003,28.4,30.3,4.95,1.99,4.96,0.16,0.0,0.0,1027.0,8228.0,0.0,0.0,0.0,0.0,0.0,1.0,0.0,0.0,0.0,0.0,0.0,2.1,0.0,-1.3,0.0,0.0001,16.0,25903.0
2026-07-30T19:01:06.374Z,235.857,235.872,0.0,7.4,0.0,0.0,0.0,0.0,0.0,0.0,0.0,0.0,1.0,0.0,0.0,0.0,9.0,4.0,0.0,0.0,0.0,0.0,0.0,0.0,0.0,0.0,5.0,12.0,1.0,12.17,5.0200000000000005,2.51,1.49,0.0,0.0,0.0,0.5,0.0,0.3,0.1,0.0,-169.70000000000002,0.0,0.0,169.70000000000002,0.0,21.3,29.3,29.3,29.9,300.0,300.0,31.5,35.4,29.200000000000003,28.4,30.3,4.96,1.99,4.96,0.16,0.0,0.0,1027.0,8228.0,0.0,0.0,0.0,0.0,0.0,1.0,0.0,0.0,0.0,0.0,0.0,0.1,0.0,0.0,0.0,0.0002,16.0,25903.0
2026-07-30T19:01:06.386Z,235.869,235.884,0.0,7.4,0.0,0.0,0.0,0.0,0.0,0.0,0.0,0.0,1.0,0.0,0.0,0.0,9.0,4.0,0.0,0.0,0.0,0.0,0.0,0.0,0.0,0.0,6.0,12.0,1.0,12.17,5.0200000000000005,2.51,1.49,-0.1,0.1,0.0,0.4,0.0,0.9,0.1,1.1,-169.70000000000002,0.0,0.0,169.70000000000002,0.0,21.3,29.3,29.3,29.9,300.0,300.0,31.5,35.4,29.200000000000003,28.4,30.3,4.95,1.99,4.97,0.16,0.0,0.0,1027.0,8228.0,0.0,0.0,0.0,0.0,0.0,1.0,0.0,0.0,0.0,0.0,0.0,1.0,0.0,-0.9,0.0,0.0001,16.0,25903.0
2026-07-30T19:01:06.398Z,235.881,235.896,0.0,7.4,0.0,0.0,0.0,0.0,0.0,0.0,0.0,0.0,1.0,0.0,0.0,0.0,9.0,4.0,0.0,0.0,0.0,0.0,0.0,0.0,0.0,0.0,1.0,12.0,1.0,12.17,5.0200000000000005,2.51,1.49,0.0,0.0,0.0,0.5,0.0,-0.8,-1.6,-1.2000000000000002,-169.70000000000002,0.0,0.0,169.70000000000002,0.0,21.3,29.3,29.3,29.9,300.0,300.0,31.5,35.4,29.200000000000003,28.4,30.3,4.95,1.99,4.96,0.16,0.0,0.0,1027.0,8228.0,0.0,0.0,0.0,0.0,0.0,1.0,0.0,0.0,0.0,0.0,0.0,-2.7,0.0,0.7000000000000001,0.0,0.0001,16.0,25903.0
2026-07-30T19:01:06.410Z,235.893,235.908,0.0,7.4,0.0,0.0,0.0,0.0,0.0,0.0,0.0,0.0,1.0,0.0,0.0,0.0,9.0,4.0,0.0,0.0,0.0,0.0,0.0,0.0,0.0,0.0,2.0,12.0,1.0,12.17,5.0200000000000005,2.51,1.49,0.0,0.0,0.0,0.4,0.0,0.9,0.7000000000000001,0.5,-169.70000000000002,0.0,0.0,169.70000000000002,0.0,21.3,29.3,29.3,29.9,300.0,300.0,31.5,35.4,29.200000000000003,28.4,30.3,4.95,1.99,4.96,0.16,0.0,0.0,1027.0,8228.0,0.0,0.0,0.0,0.0,0.0,1.0,0.0,0.0,0.0,0.0,0.0,1.2000000000000002,0.0,-0.3,0.0,0.0,16.0,25903.0
2026-07-30T19:01:06.422Z,235.905,235.92,0.0,7.4,0.0,0.0,0.0,0.0,0.0,0.0,0.0,0.0,1.0,0.0,0.0,0.0,9.0,4.0,0.0,0.0,0.0,0.0,0.0,0.0,0.0,0.0,3.0,12.0,1.0,12.17,5.01,2.51,1.49,0.0,0.0,0.0,0.5,0.0,-0.2,0.0,0.0,-169.70000000000002,0.0,0.0,169.70000000000002,0.0,21.4,29.3,29.3,29.9,300.0,300.0,31.5,35.4,29.200000000000003,28.4,30.3,4.96,1.99,4.96,0.16,0.0,0.0,1027.0,8228.0,0.0,0.0,0.0,0.0,0.0,1.0,0.0,0.0,0.0,0.0,0.0,0.0,0.0,0.0,0.0,0.0001,16.0,25903.0
2026-07-30T19:01:06.434Z,235.917,235.932,0.0,7.4,0.0,0.0,0.0,0.0,0.0,0.0,0.0,0.0,1.0,0.0,0.0,0.0,9.0,4.0,0.0,0.0,0.0,0.0,0.0,0.0,0.0,0.0,3.0,12.0,1.0,12.17,5.01,2.51,1.49,0.0,0.0,0.0,0.5,0.0,-0.2,0.6000000000000001,-0.6000000000000001,-169.70000000000002,0.0,0.0,169.70000000000002,0.0,21.4,29.3,29.3,29.9,300.0,300.0,31.5,35.4,29.200000000000003,28.4,30.3,4.95,1.99,4.97,0.16,0.0,0.0,1027.0,8228.0,0.0,0.0,0.0,0.0,0.0,1.0,0.0,0.0,0.0,0.0,0.0,0.2,0.0,0.6000000000000001,0.0,0.0001,16.0,25903.0
2026-07-30T19:01:06.446Z,235.929,235.944,0.0,7.4,0.0,0.0,0.0,0.0,0.0,0.0,0.0,0.0,1.0,0.0,0.0,0.0,9.0,4.0,0.0,0.0,0.0,0.0,0.0,0.0,0.0,0.0,4.0,12.0,1.0,12.17,5.01,2.51,1.49,0.0,0.0,0.0,0.4,0.0,0.8,0.0,3.4000000000000004,-169.70000000000002,0.0,0.0,169.70000000000002,0.0,21.4,29.3,29.3,29.9,300.0,300.0,31.5,35.4,29.200000000000003,28.4,30.3,4.96,1.99,4.96,0.16,0.0,0.0,1027.0,8228.0,0.0,0.0,0.0,0.0,0.0,1.0,0.0,0.0,0.0,0.0,0.0,2.6,0.0,-3.0,0.0,0.0001,16.0,25903.0
2026-07-30T19:01:06.458Z,235.941,235.956,0.0,7.4,0.0,0.0,0.0,0.0,0.0,0.0,0.0,0.0,1.0,0.0,0.0,0.0,9.0,4.0,0.0,0.0,0.0,0.0,0.0,0.0,0.0,0.0,5.0,12.0,1.0,12.17,5.01,2.51,1.49,0.0,0.0,0.0,0.5,0.0,-0.2,1.1,0.4,-169.70000000000002,0.0,0.0,169.60000000000002,0.0,21.4,29.3,29.3,29.9,300.0,300.0,31.5,35.4,29.200000000000003,28.4,30.3,4.96,2.0,4.96,0.16,0.0,0.0,1027.0,8228.0,0.0,0.0,0.0,0.0,0.0,1.0,0.0,0.0,0.0,0.0,0.0,1.6,0.0,-0.1,0.0,0.0002,16.0,25903.0
2026-07-30T19:01:06.471Z,235.954,235.968,0.0,7.4,0.0,0.0,0.0,0.0,0.0,0.0,0.0,0.0,1.0,0.0,0.0,0.0,9.0,4.0,0.0,0.0,0.0,0.0,0.0,0.0,0.0,0.0,6.0,12.0,1.0,12.17,5.01,2.51,1.49,0.0,0.0,0.0,0.4,0.0,0.2,0.5,1.6,-169.70000000000002,0.0,0.0,169.70000000000002,0.0,21.4,29.3,29.3,29.9,300.0,300.0,31.5,35.4,29.200000000000003,28.4,30.3,4.96,1.99,4.96,0.16,0.0,0.0,1027.0,8228.0,0.0,0.0,0.0,0.0,0.0,1.0,0.0,0.0,0.0,0.0,0.0,1.8,0.0,-1.3,0.0,0.0001,16.0,25903.0
2026-07-30T19:01:06.482Z,235.965,235.98,0.0,7.4,0.0,0.0,0.0,0.0,0.0,0.0,0.0,0.0,1.0,0.0,0.0,0.0,9.0,4.0,0.0,0.0,0.0,0.0,0.0,0.0,0.0,0.0,1.0,12.0,1.0,12.17,5.01,2.51,1.49,0.0,0.0,0.0,0.4,0.0,-0.8,0.0,0.4,-169.70000000000002,0.0,0.0,169.8,0.0,21.4,29.3,29.3,29.9,300.0,300.0,31.5,35.4,29.200000000000003,28.4,30.3,4.95,1.99,4.97,0.16,0.0,0.0,1027.0,8228.0,0.0,0.0,0.0,0.0,0.0,1.0,0.0,0.0,0.0,0.0,0.0,0.3,0.0,-0.4,0.0,0.0,16.0,25903.0
2026-07-30T19:01:06.494Z,235.977,235.992,0.0,7.4,0.0,0.0,0.0,0.0,0.0,0.0,0.0,0.0,1.0,0.0,0.0,0.0,9.0,4.0,0.0,0.0,0.0,0.0,0.0,0.0,0.0,0.0,1.0,12.0,1.0,12.17,5.01,2.51,1.49,0.0,0.0,0.0,0.4,0.0,0.3,-1.1,-1.2000000000000002,-169.70000000000002,0.0,0.0,169.8,0.0,21.4,29.3,29.3,29.9,300.0,300.0,31.5,35.4,29.200000000000003,28.4,30.3,4.95,1.99,4.96,0.16,0.0,0.0,1027.0,8228.0,0.0,0.0,0.0,0.0,0.0,1.0,0.0,0.0,0.0,0.0,0.0,-2.2,0.0,0.8,0.0,0.0002,16.0,25903.0
2026-07-30T19:01:06.506Z,235.989,236.004,0.0,7.4,0.0,0.0,0.0,0.0,0.0,0.0,0.0,0.0,1.0,0.0,0.0,0.0,9.0,4.0,0.0,0.0,0.0,0.0,0.0,0.0,0.0,0.0,2.0,12.0,1.0,12.17,5.01,2.51,1.49,0.0,0.0,0.0,0.4,0.0,-0.2,1.2000000000000002,2.2,-169.70000000000002,0.0,0.0,169.8,0.0,21.4,29.3,29.3,29.9,300.0,300.0,31.5,35.4,29.200000000000003,28.4,30.3,4.95,2.0,4.97,0.16,0.0,0.0,1027.0,8228.0,0.0,0.0,0.0,0.0,0.0,1.0,0.0,0.0,0.0,0.0,0.0,0.8,0.0,-0.9,0.0,0.0,16.0,25903.0
2026-07-30T19:01:06.518Z,236.001,236.016,0.0,7.4,0.0,0.0,0.0,0.0,0.0,0.0,0.0,0.0,1.0,0.0,0.0,0.0,9.0,4.0,0.0,0.0,0.0,0.0,0.0,0.0,0.0,0.0,3.0,12.0,1.0,12.17,5.01,2.51,1.49,0.0,0.0,0.0,0.4,0.0,0.3,0.0,-0.7000000000000001,-169.70000000000002,0.0,0.0,169.8,0.0,21.4,29.3,29.3,29.9,300.0,300.0,31.5,35.4,29.200000000000003,28.4,30.3,4.95,1.99,4.97,0.16,0.0,0.0,1027.0,8228.0,0.0,0.0,0.0,0.0,0.0,1.0,0.0,0.0,0.0,0.0,0.0,1.0,0.0,-0.2,0.0,0.0001,16.0,25903.0
2026-07-30T19:01:06.531Z,236.014,236.028,0.0,7.4,0.0,0.0,0.0,0.0,0.0,0.0,0.0,0.0,1.0,0.0,0.0,0.0,9.0,4.0,0.0,0.0,0.0,0.0,0.0,0.0,0.0,0.0,5.0,12.0,1.0,12.18,5.01,2.5,1.49,0.0,0.0,0.0,0.4,0.0,0.3,0.0,-0.7000000000000001,-169.70000000000002,0.0,0.0,169.8,0.0,21.3,29.3,29.3,29.9,300.0,300.0,31.6,35.4,29.1,28.4,30.3,4.96,1.99,4.96,0.16,0.0,0.0,1027.0,8228.0,0.0,0.0,0.0,0.0,0.0,1.0,0.0,0.0,0.0,0.0,0.0,-1.5,0.0,1.0,0.0,0.0001,16.0,25903.0
2026-07-30T19:01:06.542Z,236.025,236.04,0.0,7.4,0.0,0.0,0.0,0.0,0.0,0.0,0.0,0.0,1.0,0.0,0.0,0.0,9.0,4.0,0.0,0.0,0.0,0.0,0.0,0.0,0.0,0.0,6.0,12.0,1.0,12.18,5.01,2.5,1.49,0.0,0.0,0.0,0.4,0.0,-0.1,-1.1,-1.3,-169.70000000000002,0.0,0.0,169.70000000000002,0.0,21.3,29.3,29.3,29.9,300.0,300.0,31.6,35.4,29.1,28.4,30.3,4.95,1.99,4.96,0.16,0.0,0.0,1027.0,8228.0,0.0,0.0,0.0,0.0,0.0,1.0,0.0,0.0,0.0,0.0,0.0,-2.2,0.0,0.9,0.0,0.0001,16.0,25903.0
2026-07-30T19:01:06.554Z,236.037,236.052,0.0,7.4,0.0,0.0,0.0,0.0,0.0,0.0,0.0,0.0,1.0,0.0,0.0,0.0,9.0,4.0,0.0,0.0,0.0,0.0,0.0,0.0,0.0,0.0,1.0,12.0,1.0,12.18,5.01,2.5,1.49,0.0,0.1,0.0,0.4,0.0,-0.1,0.1,-0.6000000000000001,-169.70000000000002,0.0,0.0,169.8,0.0,21.3,29.3,29.3,29.9,300.0,300.0,31.6,35.4,29.1,28.4,30.3,4.95,1.99,4.97,0.16,0.0,0.0,1027.0,8228.0,0.0,0.0,0.0,0.0,0.0,1.0,0.0,0.0,0.0,0.0,0.0,0.5,0.0,-0.4,0.0,0.0,16.0,25903.0
2026-07-30T19:01:06.570Z,236.053,236.064,0.0,7.4,0.0,0.0,0.0,0.0,0.0,0.0,0.0,0.0,1.0,0.0,0.0,0.0,9.0,4.0,0.0,0.0,0.0,0.0,0.0,0.0,0.0,0.0,2.0,12.0,1.0,12.18,5.01,2.5,1.49,0.0,0.0,0.0,0.5,0.0,0.9,1.2000000000000002,-0.6000000000000001,-169.70000000000002,0.0,0.0,169.8,0.0,21.3,29.3,29.3,29.9,300.0,300.0,31.6,35.4,29.1,28.4,30.3,4.95,1.99,4.97,0.16,0.0,0.0,1027.0,8228.0,0.0,0.0,0.0,0.0,0.0,1.0,0.0,0.0,0.0,0.0,0.0,1.0,0.0,0.8,0.0,0.0001,16.0,25903.0
2026-07-30T19:01:06.582Z,236.065,236.076,0.0,7.4,0.0,0.0,0.0,0.0,0.0,0.0,0.0,0.0,1.0,0.0,0.0,0.0,9.0,4.0,0.0,0.0,0.0,0.0,0.0,0.0,0.0,0.0,2.0,12.0,1.0,12.18,5.01,2.5,1.49,0.0,0.0,0.0,0.4,0.0,-0.7000000000000001,-1.0,1.7000000000000002,-169.70000000000002,0.0,0.0,169.70000000000002,0.0,21.3,29.3,29.3,29.9,300.0,300.0,31.6,35.4,29.1,28.4,30.3,4.96,1.99,4.96,0.16,0.0,0.0,1027.0,8228.0,0.0,0.0,0.0,0.0,0.0,1.0,0.0,0.0,0.0,0.0,0.0,0.0,0.0,-1.7000000000000002,0.0,0.0,16.0,25903.0
2026-07-30T19:01:06.590Z,236.073,236.088,0.0,7.4,0.0,0.0,0.0,0.0,0.0,0.0,0.0,0.0,1.0,0.0,0.0,0.0,9.0,4.0,0.0,0.0,0.0,0.0,0.0,0.0,0.0,0.0,6.0,12.0,1.0,12.18,5.01,2.5,1.49,0.0,0.0,0.0,0.4,0.0,-0.1,-0.4,0.5,-169.70000000000002,0.0,0.0,169.70000000000002,0.0,21.3,29.3,29.3,29.9,300.0,300.0,31.6,35.4,29.1,28.4,30.3,4.96,1.99,4.97,0.16,0.0,0.0,1027.0,8228.0,0.0,0.0,0.0,0.0,0.0,1.0,0.0,0.0,0.0,0.0,0.0,0.0,0.0,-0.5,0.0,0.0002,16.0,25903.0
2026-07-30T19:01:06.602Z,236.085,236.1,0.0,7.4,0.0,0.0,0.0,0.0,0.0,0.0,0.0,0.0,1.0,0.0,0.0,0.0,9.0,4.0,0.0,0.0,0.0,0.0,0.0,0.0,0.0,0.0,1.0,12.0,1.0,12.18,5.01,2.5,1.49,0.0,0.0,0.0,0.5,0.0,-0.1,-0.4,-0.6000000000000001,-169.70000000000002,0.0,0.0,169.70000000000002,0.0,21.3,29.3,29.3,29.9,300.0,300.0,31.6,35.4,29.1,28.4,30.3,4.96,1.99,4.96,0.16,0.0,0.0,1027.0,8228.0,0.0,0.0,0.0,0.0,0.0,1.0,0.0,0.0,0.0,0.0,0.0,-0.9,0.0,0.4,0.0,0.0,16.0,25903.0
2026-07-30T19:01:06.614Z,236.097,236.112,0.0,7.4,0.0,0.0,0.0,0.0,0.0,0.0,0.0,0.0,1.0,0.0,0.0,0.0,9.0,4.0,0.0,0.0,0.0,0.0,0.0,0.0,0.0,0.0,2.0,12.0,1.0,12.18,5.01,2.5,1.49,0.0,0.1,0.0,0.4,0.0,-0.7000000000000001,1.3,0.0,-169.70000000000002,0.0,0.0,169.8,0.0,21.3,29.3,29.3,29.9,300.0,300.0,31.6,35.4,29.1,28.4,30.3,4.96,1.99,4.96,0.16,0.0,0.0,1027.0,8228.0,0.0,0.0,0.0,0.0,0.0,1.0,0.0,0.0,0.0,0.0,0.0,1.5,0.0,0.2,0.0,0.0002,16.0,25903.0
2026-07-30T19:01:06.627Z,236.11,236.124,0.0,7.4,0.0,0.0,0.0,0.0,0.0,0.0,0.0,0.0,1.0,0.0,0.0,0.0,9.0,4.0,0.0,0.0,0.0,0.0,0.0,0.0,0.0,0.0,4.0,12.0,1.0,12.17,5.01,2.5,1.49,0.0,0.0,0.0,0.5,0.0,-0.1,1.9,1.7000000000000002,-169.70000000000002,0.0,0.0,169.70000000000002,0.0,21.700000000000003,29.3,29.3,29.9,300.0,300.0,31.4,35.5,29.200000000000003,28.4,30.3,4.95,1.99,4.96,0.16,0.0,0.0,1027.0,8228.0,0.0,0.0,0.0,0.0,0.0,1.0,0.0,0.0,0.0,0.0,0.0,-0.2,0.0,-1.2000000000000002,0.0,0.0001,16.0,25903.0
2026-07-30T19:01:06.639Z,236.122,236.136,0.0,7.4,0.0,0.0,0.0,0.0,0.0,0.0,0.0,0.0,1.0,0.0,0.0,0.0,9.0,4.0,0.0,0.0,0.0,0.0,0.0,0.0,0.0,0.0,5.0,12.0,1.0,12.17,5.01,2.5,1.49,0.0,0.0,0.0,0.4,0.0,-0.7000000000000001,-1.0,0.5,-169.70000000000002,0.0,0.0,169.70000000000002,0.0,21.700000000000003,29.3,29.3,29.9,300.0,300.0,31.4,35.5,29.200000000000003,28.4,30.3,4.95,1.99,4.97,0.16,0.0,0.0,1027.0,8228.0,0.0,0.0,0.0,0.0,0.0,1.0,0.0,0.0,0.0,0.0,0.0,-0.7000000000000001,0.0,-0.6000000000000001,0.0,0.0001,16.0,25903.0
2026-07-30T19:01:06.650Z,236.133,236.148,0.0,7.4,0.0,0.0,0.0,0.0,0.0,0.0,0.0,0.0,1.0,0.0,0.0,0.0,9.0,4.0,0.0,0.0,0.0,0.0,0.0,0.0,0.0,0.0,6.0,12.0,1.0,12.17,5.01,2.5,1.49,0.0,0.0,0.0,0.4,0.0,1.0,-0.4,-1.1,-169.70000000000002,0.0,0.0,169.8,0.0,21.700000000000003,29.3,29.3,29.9,300.0,300.0,31.4,35.5,29.200000000000003,28.4,30.3,4.95,1.99,4.96,0.16,0.0,0.0,1027.0,8228.0,0.0,0.0,0.0,0.0,0.0,1.0,0.0,0.0,0.0,0.0,0.0,1.9,0.0,-0.2,0.0,0.0001,16.0,25903.0
2026-07-30T19:01:06.663Z,236.146,236.16,0.0,7.4,0.0,0.0,0.0,0.0,0.0,0.0,0.0,0.0,1.0,0.0,0.0,0.0,9.0,4.0,0.0,0.0,0.0,0.0,0.0,0.0,0.0,0.0,1.0,12.0,1.0,12.17,5.01,2.5,1.49,0.0,0.0,0.0,0.5,0.0,-0.1,0.7000000000000001,0.6000000000000001,-169.70000000000002,0.0,0.0,169.8,0.0,21.700000000000003,29.3,29.3,29.9,300.0,300.0,31.4,35.5,29.200000000000003,28.4,30.3,4.96,1.99,4.96,0.16,0.0,0.0,1027.0,8228.0,0.0,0.0,0.0,0.0,0.0,1.0,0.0,0.0,0.0,0.0,0.0,-1.7000000000000002,0.0,1.4,0.0,0.0,16.0,25903.0
2026-07-30T19:01:06.674Z,236.157,236.172,0.0,7.4,0.0,0.0,0.0,0.0,0.0,0.0,0.0,0.0,1.0,0.0,0.0,0.0,9.0,4.0,0.0,0.0,0.0,0.0,0.0,0.0,0.0,0.0,3.0,12.0,1.0,12.17,5.01,2.5,1.49,0.0,0.0,0.0,0.4,0.0,0.4,0.1,0.0,-169.70000000000002,0.0,0.0,169.70000000000002,0.0,21.700000000000003,29.3,29.3,29.9,300.0,300.0,31.4,35.5,29.200000000000003,28.4,30.3,4.95,1.99,4.97,0.16,0.0,0.0,1027.0,8228.0,0.0,0.0,0.0,0.0,0.0,1.0,0.0,0.0,0.0,0.0,0.0,0.2,0.0,0.0,0.0,0.0,16.0,25903.0
2026-07-30T19:01:06.686Z,236.169,236.184,0.0,7.4,0.0,0.0,0.0,0.0,0.0,0.0,0.0,0.0,1.0,0.0,0.0,0.0,9.0,4.0,0.0,0.0,0.0,0.0,0.0,0.0,0.0,0.0,4.0,12.0,1.0,12.17,5.01,2.5,1.49,0.0,0.0,0.0,0.4,0.0,-0.1,-0.4,0.0,-169.70000000000002,0.0,0.0,169.70000000000002,0.0,21.700000000000003,29.3,29.3,29.9,300.0,300.0,31.4,35.5,29.200000000000003,28.4,30.3,4.96,1.99,4.96,0.16,0.0,0.0,1027.0,8228.0,0.0,0.0,0.0,0.0,0.0,1.0,0.0,0.0,0.0,0.0,0.0,-0.4,0.0,-0.1,0.0,0.0001,16.0,25903.0
2026-07-30T19:01:06.698Z,236.181,236.196,0.0,7.4,0.0,0.0,0.0,0.0,0.0,0.0,0.0,0.0,1.0,0.0,0.0,0.0,9.0,4.0,0.0,0.0,0.0,0.0,0.0,0.0,0.0,0.0,5.0,12.0,1.0,12.17,5.01,2.5,1.49,0.0,0.0,0.0,0.4,0.0,1.0,1.9,1.8,-169.70000000000002,0.0,0.0,169.70000000000002,0.0,21.700000000000003,29.3,29.3,29.9,300.0,300.0,31.4,35.5,29.200000000000003,28.4,30.3,4.96,2.0,4.97,0.16,0.0,0.0,1027.0,8228.0,0.0,0.0,0.0,0.0,0.0,1.0,0.0,0.0,0.0,0.0,0.0,3.5,0.0,-1.2000000000000002,0.0,0.0001,16.0,25903.0
2026-07-30T19:01:06.710Z,236.193,236.208,0.0,7.4,0.0,0.0,0.0,0.0,0.0,0.0,0.0,0.0,1.0,0.0,0.0,0.0,9.0,4.0,0.0,0.0,0.0,0.0,0.0,0.0,0.0,0.0,1.0,12.0,1.0,12.17,5.01,2.5,1.49,0.0,0.0,0.0,0.4,0.0,-0.1,-0.4,-1.1,-169.70000000000002,0.0,0.0,169.70000000000002,0.0,21.700000000000003,29.3,29.3,29.9,300.0,300.0,31.4,35.5,29.200000000000003,28.4,30.3,4.95,1.99,4.97,0.16,0.0,0.0,1027.0,8228.0,0.0,0.0,0.0,0.0,0.0,1.0,0.0,0.0,0.0,0.0,0.0,-1.3,0.0,0.9,0.0,0.0,16.0,25903.0
2026-07-30T19:01:06.722Z,236.205,236.22,0.0,7.4,0.0,0.0,0.0,0.0,0.0,0.0,0.0,0.0,1.0,0.0,0.0,0.0,9.0,4.0,0.0,0.0,0.0,0.0,0.0,0.0,0.0,0.0,2.0,12.0,1.0,12.17,5.01,2.5,1.49,0.0,0.0,0.0,0.4,0.0,-0.1,-0.4,-1.0,-169.70000000000002,0.0,0.0,169.60000000000002,0.0,21.700000000000003,29.3,29.3,29.9,300.0,300.0,31.4,35.5,29.200000000000003,28.4,30.3,4.95,1.99,4.97,0.16,0.0,0.0,1027.0,8228.0,0.0,0.0,0.0,0.0,0.0,1.0,0.0,0.0,0.0,0.0,0.0,-1.3,0.0,0.8,0.0,0.0,16.0,25903.0
2026-07-30T19:01:06.734Z,236.217,236.232,0.0,7.4,0.0,0.0,0.0,0.0,0.0,0.0,0.0,0.0,1.0,0.0,0.0,0.0,9.0,4.0,0.0,0.0,0.0,0.0,0.0,0.0,0.0,0.0,3.0,12.0,1.0,12.15,5.0200000000000005,2.51,1.49,0.0,0.0,0.0,0.4,0.0,-0.1,-1.0,0.0,-169.70000000000002,0.0,0.0,169.70000000000002,0.0,21.9,29.3,29.3,29.9,300.0,300.0,31.4,35.6,29.1,28.4,30.3,4.96,2.0,4.96,0.16,0.0,0.0,1027.0,8228.0,0.0,0.0,0.0,0.0,0.0,1.0,0.0,0.0,0.0,0.0,0.0,-1.1,0.0,-0.2,0.0,0.0001,16.0,25903.0
2026-07-30T19:01:06.747Z,236.23,236.244,0.0,7.4,0.0,0.0,0.0,0.0,0.0,0.0,0.0,0.0,1.0,0.0,0.0,0.0,9.0,4.0,0.0,0.0,0.0,0.0,0.0,0.0,0.0,0.0,5.0,12.0,1.0,12.15,5.0200000000000005,2.51,1.49,0.0,0.0,0.0,0.4,0.0,0.4,0.1,-0.5,-169.70000000000002,0.0,0.0,169.60000000000002,0.0,21.9,29.3,29.3,29.9,300.0,300.0,31.4,35.6,29.1,28.4,30.3,4.96,1.99,4.97,0.15,0.0,0.0,1027.0,8228.0,0.0,0.0,0.0,0.0,0.0,1.0,0.0,0.0,0.0,0.0,0.0,-0.2,0.0,0.4,0.0,0.0,16.0,25903.0
2026-07-30T19:01:06.758Z,236.241,236.256,0.0,7.4,0.0,0.0,0.0,0.0,0.0,0.0,0.0,0.0,1.0,0.0,0.0,0.0,9.0,4.0,0.0,0.0,0.0,0.0,0.0,0.0,0.0,0.0,6.0,12.0,1.0,12.15,5.0200000000000005,2.51,1.49,0.0,0.0,0.0,0.4,0.0,1.0,1.2000000000000002,0.0,-169.70000000000002,0.0,0.0,169.70000000000002,0.0,21.9,29.3,29.3,29.9,300.0,300.0,31.4,35.6,29.1,28.4,30.3,4.95,1.99,4.97,0.16,0.0,0.0,1027.0,8228.0,0.0,0.0,0.0,0.0,0.0,1.0,0.0,0.0,0.0,0.0,0.0,1.4,0.0,0.2,0.0,0.0,16.0,25903.0
2026-07-30T19:01:06.770Z,236.253,236.268,0.0,7.4,0.0,0.0,0.0,0.0,0.0,0.0,0.0,0.0,1.0,0.0,0.0,0.0,9.0,4.0,0.0,0.0,0.0,0.0,0.0,0.0,0.0,0.0,2.0,12.0,1.0,12.15,5.0200000000000005,2.51,1.49,0.0,0.0,0.0,0.4,0.0,0.4,-0.4,0.6000000000000001,-169.70000000000002,0.0,0.0,169.70000000000002,0.0,21.9,29.3,29.3,29.9,300.0,300.0,31.4,35.6,29.1,28.4,30.3,4.96,1.99,4.96,0.16,0.0,0.0,1027.0,8228.0,0.0,0.0,0.0,0.0,0.0,1.0,0.0,0.0,0.0,0.0,0.0,0.0,0.0,-0.6000000000000001,0.0,0.0001,16.0,25903.0
2026-07-30T19:01:06.782Z,236.265,236.28,0.0,7.4,0.0,0.0,0.0,0.0,0.0,0.0,0.0,0.0,1.0,0.0,0.0,0.0,9.0,4.0,0.0,0.0,0.0,0.0,0.0,0.0,0.0,0.0,3.0,12.0,1.0,12.15,5.0200000000000005,2.51,1.49,0.0,0.0,0.0,0.4,0.0,0.4,-0.4,0.1,-169.70000000000002,0.0,0.0,169.70000000000002,0.0,21.9,29.3,29.3,29.9,300.0,300.0,31.4,35.6,29.1,28.4,30.3,4.95,2.0,4.96,0.16,0.0,0.0,1027.0,8228.0,0.0,0.0,0.0,0.0,0.0,1.0,0.0,0.0,0.0,0.0,0.0,-0.3,0.0,-0.1,0.0,0.0,16.0,25903.0
2026-07-30T19:01:06.794Z,236.277,236.292,0.0,7.4,0.0,0.0,0.0,0.0,0.0,0.0,0.0,0.0,1.0,0.0,0.0,0.0,9.0,4.0,0.0,0.0,0.0,0.0,0.0,0.0,0.0,0.0,5.0,12.0,1.0,12.15,5.0200000000000005,2.51,1.49,0.0,0.0,0.0,0.4,0.0,0.4,0.1,0.0,-169.70000000000002,0.0,0.0,169.70000000000002,0.0,21.9,29.3,29.3,29.9,300.0,300.0,31.4,35.6,29.1,28.4,30.3,4.95,1.99,4.97,0.16,0.0,0.0,1027.0,8228.0,0.0,0.0,0.0,0.0,0.0,1.0,0.0,0.0,0.0,0.0,0.0,0.1,0.0,0.0,0.0,0.0,16.0,25903.0
2026-07-30T19:01:06.806Z,236.289,236.304,0.0,7.4,0.0,0.0,0.0,0.0,0.0,0.0,0.0,0.0,1.0,0.0,0.0,0.0,9.0,4.0,0.0,0.0,0.0,0.0,0.0,0.0,0.0,0.0,1.0,12.0,1.0,12.15,5.0200000000000005,2.51,1.49,0.0,0.0,0.0,0.4,0.0,0.9,1.3,0.0,-169.60000000000002,0.0,0.0,169.70000000000002,0.0,21.9,29.3,29.3,29.9,300.0,300.0,31.4,35.6,29.1,28.4,30.3,4.95,2.0,4.97,0.16,0.0,0.0,1027.0,8228.0,0.0,0.0,0.0,0.0,0.0,1.0,0.0,0.0,0.0,0.0,0.0,1.4,0.0,0.2,0.0,0.0,16.0,25903.0
2026-07-30T19:01:06.818Z,236.301,236.316,0.0,7.4,0.0,0.0,0.0,0.0,0.0,0.0,0.0,0.0,1.0,0.0,0.0,0.0,9.0,4.0,0.0,0.0,0.0,0.0,0.0,0.0,0.0,0.0,2.0,12.0,1.0,12.15,5.0200000000000005,2.51,1.49,0.0,0.0,0.0,0.4,0.0,-0.2,-0.4,0.5,-169.60000000000002,0.0,0.0,169.60000000000002,0.0,21.9,29.3,29.3,29.9,300.0,300.0,31.4,35.6,29.1,28.4,30.3,4.96,2.0,4.97,0.16,0.0,0.0,1027.0,8228.0,0.0,0.0,0.0,0.0,0.0,1.0,0.0,0.0,0.0,0.0,0.0,-0.1,0.0,-0.5,0.0,0.0,16.0,25903.0
2026-07-30T19:01:06.831Z,236.314,236.328,0.0,7.4,0.0,0.0,0.0,0.0,0.0,0.0,0.0,0.0,1.0,0.0,0.0,0.0,9.0,4.0,0.0,0.0,0.0,0.0,0.0,0.0,0.0,0.0,4.0,12.0,1.0,12.19,5.0200000000000005,2.51,1.49,0.0,0.0,0.0,0.4,0.0,0.4,-1.0,0.0,-169.60000000000002,0.0,0.0,169.70000000000002,0.0,21.700000000000003,29.3,29.3,29.9,300.0,300.0,31.5,35.5,29.1,28.4,30.3,4.95,1.99,4.97,0.16,0.0,0.0,1027.0,8228.0,0.0,0.0,0.0,0.0,0.0,1.0,0.0,0.0,0.0,0.0,0.0,-1.1,0.0,-0.2,0.0,0.0,16.0,25903.0
2026-07-30T19:01:06.842Z,236.325,236.34,0.0,7.4,0.0,0.0,0.0,0.0,0.0,0.0,0.0,0.0,1.0,0.0,0.0,0.0,9.0,4.0,0.0,0.0,0.0,0.0,0.0,0.0,0.0,0.0,5.0,12.0,1.0,12.19,5.0200000000000005,2.51,1.49,0.0,0.0,0.0,0.4,0.0,-0.1,0.1,0.0,-169.60000000000002,0.0,0.0,169.70000000000002,0.0,21.700000000000003,29.3,29.3,29.9,300.0,300.0,31.5,35.5,29.1,28.4,30.3,4.95,1.99,4.96,0.16,0.0,0.0,1027.0,8228.0,0.0,0.0,0.0,0.0,0.0,1.0,0.0,0.0,0.0,0.0,0.0,0.1,0.0,0.0,0.0,0.0001,16.0,25903.0
2026-07-30T19:01:06.854Z,236.337,236.352,0.0,7.4,0.0,0.0,0.0,0.0,0.0,0.0,0.0,0.0,1.0,0.0,0.0,0.0,9.0,4.0,0.0,0.0,0.0,0.0,0.0,0.0,0.0,0.0,1.0,12.0,1.0,12.19,5.0200000000000005,2.51,1.49,0.0,0.0,0.0,0.4,0.0,-0.8,1.3,0.0,-169.60000000000002,0.0,0.0,169.70000000000002,0.0,21.700000000000003,29.3,29.3,29.9,300.0,300.0,31.5,35.5,29.1,28.4,30.3,4.96,1.99,4.96,0.16,0.0,0.0,1027.0,8228.0,0.0,0.0,0.0,0.0,0.0,1.0,0.0,0.0,0.0,0.0,0.0,1.4,0.0,0.3,0.0,0.0001,16.0,25903.0
2026-07-30T19:01:06.866Z,236.349,236.364,0.0,7.4,0.0,0.0,0.0,0.0,0.0,0.0,0.0,0.0,1.0,0.0,0.0,0.0,9.0,4.0,0.0,0.0,0.0,0.0,0.0,0.0,0.0,0.0,2.0,12.0,1.0,12.19,5.0200000000000005,2.51,1.49,0.0,0.0,0.0,0.4,0.0,0.3,0.7000000000000001,0.0,-169.60000000000002,0.0,0.0,169.70000000000002,0.0,21.700000000000003,29.3,29.3,29.9,300.0,300.0,31.5,35.5,29.1,28.4,30.3,4.95,1.99,4.96,0.16,0.0,0.0,1027.0,8228.0,0.0,0.0,0.0,0.0,0.0,1.0,0.0,0.0,0.0,0.0,0.0,0.8,0.0,0.1,0.0,0.0,16.0,25903.0
2026-07-30T19:01:06.878Z,236.361,236.376,0.0,7.4,0.0,0.0,0.0,0.0,0.0,0.0,0.0,0.0,1.0,0.0,0.0,0.0,9.0,4.0,0.0,0.0,0.0,0.0,0.0,0.0,0.0,0.0,3.0,12.0,1.0,12.19,5.0200000000000005,2.51,1.49,0.0,0.0,0.0,0.3,0.0,0.3,-0.4,1.1,-169.60000000000002,0.0,0.0,169.70000000000002,0.0,21.700000000000003,29.3,29.3,29.9,300.0,300.0,31.5,35.5,29.1,28.4,30.3,4.96,1.99,4.96,0.16,0.0,0.0,1027.0,8228.0,0.0,0.0,0.0,0.0,0.0,1.0,0.0,0.0,0.0,0.0,0.0,0.3,0.0,-1.0,0.0,0.0,16.0,25903.0
2026-07-30T19:01:06.898Z,236.381,236.388,0.0,7.4,0.0,0.0,0.0,0.0,0.0,0.0,0.0,0.0,1.0,0.0,0.0,0.0,9.0,4.0,0.0,0.0,0.0,0.0,0.0,0.0,0.0,0.0,4.0,12.0,1.0,12.19,5.0200000000000005,2.51,1.49,0.0,0.0,0.0,0.4,0.0,-0.2,-0.4,0.0,-169.60000000000002,0.0,0.0,169.8,0.0,21.700000000000003,29.3,29.3,29.9,300.0,300.0,31.5,35.5,29.1,28.4,30.3,4.96,2.0,4.96,0.16,0.0,0.0,1027.0,8228.0,0.0,0.0,0.0,0.0,0.0,1.0,0.0,0.0,0.0,0.0,0.0,-0.5,0.0,0.0,0.0,0.0,16.0,25903.0
2026-07-30T19:01:06.902Z,236.385,236.4,0.0,7.4,0.0,0.0,0.0,0.0,0.0,0.0,0.0,0.0,1.0,0.0,0.0,0.0,9.0,4.0,0.0,0.0,0.0,0.0,0.0,0.0,0.0,0.0,1.0,12.0,1.0,12.19,5.0200000000000005,2.51,1.49,0.0,0.0,0.0,0.4,0.0,0.3,0.1,0.5,-169.70000000000002,0.0,0.0,169.8,0.0,21.700000000000003,29.3,29.3,29.9,300.0,300.0,31.5,35.5,29.1,28.4,30.3,4.96,1.99,4.96,0.16,0.0,0.0,1027.0,8228.0,0.0,0.0,0.0,0.0,0.0,1.0,0.0,0.0,0.0,0.0,0.0,0.5,0.0,-0.4,0.0,0.0,16.0,25903.0
2026-07-30T19:01:06.914Z,236.397,236.412,0.0,7.4,0.0,0.0,0.0,0.0,0.0,0.0,0.0,0.0,1.0,0.0,0.0,0.0,9.0,4.0,0.0,0.0,0.0,0.0,0.0,0.0,0.0,0.0,1.0,12.0,1.0,12.19,5.0200000000000005,2.51,1.49,0.0,0.1,0.0,0.4,0.0,-0.8,-0.4,0.5,-169.70000000000002,0.0,0.0,169.70000000000002,0.0,21.700000000000003,29.3,29.3,29.9,300.0,300.0,31.5,35.5,29.1,28.4,30.3,4.95,1.99,4.97,0.16,0.0,0.0,1027.0,8228.0,0.0,0.0,0.0,0.0,0.0,1.0,0.0,0.0,0.0,0.0,0.0,-0.1,0.0,-0.5,0.0,0.0001,16.0,25903.0
2026-07-30T19:01:06.926Z,236.409,236.424,0.0,7.4,0.0,0.0,0.0,0.0,0.0,0.0,0.0,0.0,1.0,0.0,0.0,0.0,9.0,4.0,0.0,0.0,0.0,0.0,0.0,0.0,0.0,0.0,3.0,12.0,1.0,12.19,5.0200000000000005,2.51,1.49,0.0,0.0,0.0,0.4,0.0,-0.2,-1.0,0.5,-169.70000000000002,0.0,0.0,169.8,0.0,21.700000000000003,29.3,29.3,29.9,300.0,300.0,31.5,35.5,29.1,28.4,30.3,4.95,1.99,4.97,0.16,0.0,0.0,1027.0,8228.0,0.0,0.0,0.0,0.0,0.0,1.0,0.0,0.0,0.0,0.0,0.0,-0.8,0.0,-0.7000000000000001,0.0,0.0001,16.0,25903.0
2026-07-30T19:01:06.939Z,236.422,236.436,0.0,7.4,0.0,0.0,0.0,0.0,0.0,0.0,0.0,0.0,1.0,0.0,0.0,0.0,9.0,4.0,0.0,0.0,0.0,0.0,0.0,0.0,0.0,0.0,4.0,12.0,1.0,12.17,5.01,2.5,1.49,0.0,0.0,0.0,0.4,0.0,0.3,0.0,-0.6000000000000001,-169.70000000000002,0.0,0.0,169.60000000000002,0.0,21.3,29.3,29.3,29.9,300.0,300.0,31.5,35.4,29.1,28.4,30.3,4.95,1.99,4.96,0.16,0.0,0.0,1027.0,8228.0,0.0,0.0,0.0,0.0,0.0,1.0,0.0,0.0,0.0,0.0,0.0,-0.4,0.0,0.5,0.0,0.0002,16.0,25903.0
2026-07-30T19:01:06.950Z,236.433,236.448,0.0,7.4,0.0,0.0,0.0,0.0,0.0,0.0,0.0,0.0,1.0,0.0,0.0,0.0,9.0,4.0,0.0,0.0,0.0,0.0,0.0,0.0,0.0,0.0,5.0,12.0,1.0,12.17,5.01,2.5,1.49,0.0,0.1,0.0,0.4,0.0,-0.2,-0.4,-1.8,-169.70000000000002,0.0,0.0,169.60000000000002,0.0,21.3,29.3,29.3,29.9,300.0,300.0,31.5,35.4,29.1,28.4,30.3,4.96,1.99,4.96,0.16,0.0,0.0,1027.0,8228.0,0.0,0.0,0.0,0.0,0.0,1.0,0.0,0.0,0.0,0.0,0.0,-1.9,0.0,1.5,0.0,0.0002,16.0,25903.0
2026-07-30T19:01:06.963Z,236.446,236.46,0.0,7.4,0.0,0.0,0.0,0.0,0.0,0.0,0.0,0.0,1.0,0.0,0.0,0.0,9.0,4.0,0.0,0.0,0.0,0.0,0.0,0.0,0.0,0.0,6.0,12.0,1.0,12.17,5.01,2.5,1.49,0.0,0.0,0.0,0.5,0.0,0.9,0.7000000000000001,-0.1,-169.70000000000002,0.0,0.0,169.70000000000002,0.0,21.3,29.3,29.3,29.9,300.0,300.0,31.5,35.4,29.1,28.4,30.3,4.95,1.99,4.97,0.16,0.0,0.0,1027.0,8228.0,0.0,0.0,0.0,0.0,0.0,1.0,0.0,0.0,0.0,0.0,0.0,0.7000000000000001,0.0,0.2,0.0,0.0,16.0,25903.0
2026-07-30T19:01:06.975Z,236.458,236.472,0.0,7.4,0.0,0.0,0.0,0.0,0.0,0.0,0.0,0.0,1.0,0.0,0.0,0.0,9.0,4.0,0.0,0.0,0.0,0.0,0.0,0.0,0.0,0.0,2.0,12.0,1.0,12.17,5.01,2.5,1.49,0.0,0.1,0.0,0.5,0.0,0.8,-0.4,-0.1,-169.70000000000002,0.0,0.0,169.60000000000002,0.0,21.3,29.3,29.3,29.9,300.0,300.0,31.5,35.4,29.1,28.4,30.3,4.95,1.99,4.96,0.16,0.0,0.0,1027.0,8228.0,0.0,0.0,0.0,0.0,0.0,1.0,0.0,0.0,0.0,0.0,0.0,-0.6000000000000001,0.0,0.0,0.0,0.0001,16.0,25903.0
2026-07-30T19:01:06.987Z,236.47,236.484,0.0,7.4,0.0,0.0,0.0,0.0,0.0,0.0,0.0,0.0,1.0,0.0,0.0,0.0,9.0,4.0,0.0,0.0,0.0,0.0,0.0,0.0,0.0,0.0,3.0,12.0,1.0,12.17,5.01,2.5,1.49,0.0,0.0,0.0,0.4,0.0,-0.2,-0.4,-0.7000000000000001,-169.70000000000002,0.0,0.0,169.70000000000002,0.0,21.3,29.3,29.3,29.9,300.0,300.0,31.5,35.4,29.1,28.4,30.3,4.95,1.99,4.97,0.16,0.0,0.0,1027.0,8228.0,0.0,0.0,0.0,0.0,0.0,1.0,0.0,0.0,0.0,0.0,0.0,-1.0,0.0,0.5,0.0,0.0001,16.0,25903.0
2026-07-30T19:01:06.999Z,236.482,236.496,0.0,7.4,0.0,0.0,0.0,0.0,0.0,0.0,0.0,0.0,1.0,0.0,0.0,0.0,9.0,4.0,0.0,0.0,0.0,0.0,0.0,0.0,0.0,0.0,4.0,12.0,1.0,12.17,5.01,2.5,1.49,0.0,0.0,0.0,0.4,0.0,0.2,0.7000000000000001,-0.1,-169.60000000000002,0.0,0.0,169.70000000000002,0.0,21.3,29.3,29.3,29.9,300.0,300.0,31.5,35.4,29.1,28.4,30.3,4.95,1.99,4.97,0.16,0.0,0.0,1027.0,8228.0,0.0,0.0,0.0,0.0,0.0,1.0,0.0,0.0,0.0,0.0,0.0,0.7000000000000001,0.0,0.2,0.0,0.0,16.0,25903.0
2026-07-30T19:01:07.010Z,236.493,236.508,0.0,7.4,0.0,0.0,0.0,0.0,0.0,0.0,0.0,0.0,1.0,0.0,0.0,0.0,9.0,4.0,0.0,0.0,0.0,0.0,0.0,0.0,0.0,0.0,5.0,12.0,1.0,12.17,5.01,2.5,1.49,0.0,0.0,0.0,0.5,0.0,0.2,0.1,-0.7000000000000001,-169.60000000000002,0.0,0.0,169.60000000000002,0.0,21.3,29.3,29.3,29.9,300.0,300.0,31.5,35.4,29.1,28.4,30.3,4.95,1.99,4.97,0.16,0.0,0.0,1027.0,8228.0,0.0,0.0,0.0,0.0,0.0,1.0,0.0,0.0,0.0,0.0,0.0,-0.4,0.0,0.7000000000000001,0.0,0.0001,16.0,25903.0
2026-07-30T19:01:07.022Z,236.505,236.52,0.0,7.4,0.0,0.0,0.0,0.0,0.0,0.0,0.0,0.0,1.0,0.0,0.0,0.0,9.0,4.0,0.0,0.0,0.0,0.0,0.0,0.0,0.0,0.0,6.0,12.0,1.0,12.17,5.01,2.5,1.49,0.0,0.0,0.0,0.4,0.0,0.8,0.6000000000000001,0.4,-169.60000000000002,0.0,0.0,169.70000000000002,0.0,21.3,29.3,29.3,29.9,300.0,300.0,31.5,35.4,29.1,28.4,30.3,4.96,1.99,4.96,0.16,0.0,0.0,1027.0,8228.0,0.0,0.0,0.0,0.0,0.0,1.0,0.0,0.0,0.0,0.0,0.0,0.2,0.0,0.8,0.0,0.0001,16.0,25903.0
2026-07-30T19:01:07.034Z,236.517,236.532,0.0,7.4,0.0,0.0,0.0,0.0,0.0,0.0,0.0,0.0,1.0,0.0,0.0,0.0,9.0,4.0,0.0,0.0,0.0,0.0,0.0,0.0,0.0,0.0,1.0,12.0,1.0,12.19,5.01,2.51,1.49,0.0,0.0,0.0,0.4,0.0,-0.9,-0.5,-1.3,-169.60000000000002,0.0,0.0,169.60000000000002,0.0,21.3,29.3,29.3,29.9,300.0,300.0,31.6,35.4,29.1,28.4,30.3,4.96,1.99,4.96,0.16,0.0,0.0,1027.0,8228.0,0.0,0.0,0.0,0.0,0.0,1.0,0.0,0.0,0.0,0.0,0.0,0.6000000000000001,0.0,0.2,0.0,0.0,16.0,25903.0
2026-07-30T19:01:07.047Z,236.53,236.544,0.0,7.4,0.0,0.0,0.0,0.0,0.0,0.0,0.0,0.0,1.0,0.0,0.0,0.0,9.0,4.0,0.0,0.0,0.0,0.0,0.0,0.0,0.0,0.0,3.0,12.0,1.0,12.19,5.01,2.51,1.49,0.0,0.0,0.0,0.4,0.0,-0.3,-0.5,-0.7000000000000001,-169.60000000000002,0.0,0.0,169.70000000000002,0.0,21.3,29.3,29.3,29.9,300.0,300.0,31.6,35.4,29.1,28.4,30.3,4.95,1.99,4.96,0.16,0.0,0.0,1027.0,8228.0,0.0,0.0,0.0,0.0,0.0,1.0,0.0,0.0,0.0,0.0,0.0,1.2000000000000002,0.0,-1.3,0.0,0.0,16.0,25903.0
2026-07-30T19:01:07.058Z,236.541,236.556,0.0,7.4,0.0,0.0,0.0,0.0,0.0,0.0,0.0,0.0,1.0,0.0,0.0,0.0,9.0,4.0,0.0,0.0,0.0,0.0,0.0,0.0,0.0,0.0,4.0,12.0,1.0,12.19,5.01,2.51,1.49,0.0,0.0,0.0,0.4,0.0,0.8,0.6000000000000001,-0.1,-169.60000000000002,0.0,0.0,169.60000000000002,0.0,21.3,29.3,29.3,29.9,300.0,300.0,31.6,35.4,29.1,28.4,30.3,4.95,1.99,4.96,0.15,0.0,0.0,1027.0,8228.0,0.0,0.0,0.0,0.0,0.0,1.0,0.0,0.0,0.0,0.0,0.0,0.6000000000000001,0.0,0.2,0.0,0.0001,16.0,25903.0
2026-07-30T19:01:07.070Z,236.553,236.568,0.0,7.4,0.0,0.0,0.0,0.0,0.0,0.0,0.0,0.0,1.0,0.0,0.0,0.0,9.0,4.0,0.0,0.0,0.0,0.0,0.0,0.0,0.0,0.0,5.0,12.0,1.0,12.19,5.01,2.51,1.49,0.0,0.0,0.0,0.5,0.0,-0.3,0.0,-0.7000000000000001,-169.60000000000002,0.0,0.0,169.70000000000002,0.0,21.3,29.3,29.3,29.9,300.0,300.0,31.6,35.4,29.1,28.4,30.3,4.95,1.99,4.97,0.15,0.0,0.0,1027.0,8228.0,0.0,0.0,0.0,0.0,0.0,1.0,0.0,0.0,0.0,0.0,0.0,-0.4,0.0,0.6000000000000001,0.0,0.0001,16.0,25903.0
2026-07-30T19:01:07.082Z,236.565,236.58,0.0,7.4,0.0,0.0,0.0,0.0,0.0,0.0,0.0,0.0,1.0,0.0,0.0,0.0,9.0,4.0,0.0,0.0,0.0,0.0,0.0,0.0,0.0,0.0,6.0,12.0,1.0,12.19,5.01,2.51,1.49,0.0,0.0,0.0,0.4,0.0,-0.2,0.0,-1.3,-169.60000000000002,0.0,0.0,169.70000000000002,0.0,21.3,29.3,29.3,29.9,300.0,300.0,31.6,35.4,29.1,28.4,30.3,4.95,1.99,4.97,0.16,0.0,0.0,1027.0,8228.0,0.0,0.0,0.0,0.0,0.0,1.0,0.0,0.0,0.0,0.0,0.0,-0.9,0.0,1.1,0.0,0.0,16.0,25903.0
2026-07-30T19:01:07.094Z,236.577,236.592,0.0,7.4,0.0,0.0,0.0,0.0,0.0,0.0,0.0,0.0,1.0,0.0,0.0,0.0,9.0,4.0,0.0,0.0,0.0,0.0,0.0,0.0,0.0,0.0,1.0,12.0,1.0,12.19,5.01,2.51,1.49,0.0,0.0,0.0,0.4,0.0,-0.3,1.2000000000000002,0.4,-169.60000000000002,0.0,0.0,169.8,0.0,21.3,29.3,29.3,29.9,300.0,300.0,31.6,35.4,29.1,28.4,30.3,4.96,1.99,4.97,0.16,0.0,0.0,1027.0,8228.0,0.0,0.0,0.0,0.0,0.0,1.0,0.0,0.0,0.0,0.0,0.0,1.2000000000000002,0.0,0.4,0.0,0.0,16.0,25903.0
2026-07-30T19:01:07.107Z,236.59,236.604,0.0,7.4,0.0,0.0,0.0,0.0,0.0,0.0,0.0,0.0,1.0,0.0,0.0,0.0,9.0,4.0,0.0,0.0,0.0,0.0,0.0,0.0,0.0,0.0,2.0,12.0,1.0,12.19,5.01,2.51,1.49,0.0,0.0,0.0,0.4,0.0,0.2,-0.4,-0.7000000000000001,-169.60000000000002,0.0,0.0,169.8,0.0,21.3,29.3,29.3,29.9,300.0,300.0,31.6,35.4,29.1,28.4,30.3,4.95,1.99,4.97,0.16,0.0,0.0,1027.0,8228.0,0.0,0.0,0.0,0.0,0.0,1.0,0.0,0.0,0.0,0.0,0.0,1.5,0.0,-0.7000000000000001,0.0,0.0002,16.0,25903.0
2026-07-30T19:01:07.119Z,236.602,236.616,0.0,7.4,0.0,0.0,0.0,0.0,0.0,0.0,0.0,0.0,1.0,0.0,0.0,0.0,9.0,4.0,0.0,0.0,0.0,0.0,0.0,0.0,0.0,0.0,3.0,12.0,1.0,12.19,5.01,2.51,1.49,0.0,0.0,0.0,0.5,0.0,0.3,-1.0,0.5,-169.60000000000002,0.0,0.0,169.70000000000002,0.0,21.3,29.3,29.3,29.9,300.0,300.0,31.6,35.4,29.1,28.4,30.3,4.95,1.99,4.96,0.16,0.0,0.0,1027.0,8228.0,0.0,0.0,0.0,0.0,0.0,1.0,0.0,0.0,0.0,0.0,0.0,-0.8,0.0,-0.6000000000000001,0.0,0.0,16.0,25903.0
2026-07-30T19:01:07.131Z,236.614,236.628,0.0,7.4,0.0,0.0,0.0,0.0,0.0,0.0,0.0,0.0,1.0,0.0,0.0,0.0,9.0,4.0,0.0,0.0,0.0,0.0,0.0,0.0,0.0,0.0,4.0,12.0,1.0,12.19,5.01,2.51,1.49,0.0,0.0,0.0,0.4,0.0,0.9,1.3,-0.6000000000000001,-169.60000000000002,0.0,0.0,169.70000000000002,0.0,21.3,29.3,29.3,29.9,300.0,300.0,31.6,35.4,29.1,28.4,30.3,4.95,1.99,4.96,0.16,0.0,0.0,1027.0,8228.0,0.0,0.0,0.0,0.0,0.0,1.0,0.0,0.0,0.0,0.0,0.0,1.2000000000000002,0.0,-0.3,0.0,0.0001,16.0,25903.0
2026-07-30T19:01:07.142Z,236.625,236.64,0.0,7.4,0.0,0.0,0.0,0.0,0.0,0.0,0.0,0.0,1.0,0.0,0.0,0.0,9.0,4.0,0.0,0.0,0.0,0.0,0.0,0.0,0.0,0.0,5.0,12.0,1.0,12.14,5.01,2.51,1.49,0.0,0.0,0.0,0.4,0.0,-0.2,-0.4,-0.6000000000000001,-169.70000000000002,0.0,0.0,169.8,0.0,21.700000000000003,29.3,29.3,29.9,300.0,300.0,31.700000000000003,35.4,29.1,28.4,30.3,4.96,1.99,4.96,0.16,0.0,0.0,1027.0,8228.0,0.0,0.0,0.0,0.0,0.0,1.0,0.0,0.0,0.0,0.0,0.0,0.5,0.0,-0.4,0.0,0.0001,16.0,25903.0
2026-07-30T19:01:07.154Z,236.637,236.652,0.0,7.4,0.0,0.0,0.0,0.0,0.0,0.0,0.0,0.0,1.0,0.0,0.0,0.0,9.0,4.0,0.0,0.0,0.0,0.0,0.0,0.0,0.0,0.0,6.0,12.0,1.0,12.14,5.01,2.51,1.49,0.0,0.0,0.0,0.4,0.0,0.3,-1.0,0.0,-169.70000000000002,0.0,0.0,169.70000000000002,0.0,21.700000000000003,29.3,29.3,29.9,300.0,300.0,31.700000000000003,35.4,29.1,28.4,30.3,4.95,1.99,4.97,0.16,0.0,0.0,1027.0,8228.0,0.0,0.0,0.0,0.0,0.0,1.0,0.0,0.0,0.0,0.0,0.0,-0.5,0.0,0.0,0.0,0.0002,16.0,25903.0
2026-07-30T19:01:07.166Z,236.649,236.664,0.0,7.4,0.0,0.0,0.0,0.0,0.0,0.0,0.0,0.0,1.0,0.0,0.0,0.0,9.0,4.0,0.0,0.0,0.0,0.0,0.0,0.0,0.0,0.0,1.0,12.0,1.0,12.14,5.01,2.51,1.49,0.0,0.0,0.0,0.4,0.0,-0.2,-0.4,1.1,-169.70000000000002,0.0,0.0,169.70000000000002,0.0,21.700000000000003,29.3,29.3,29.9,300.0,300.0,31.700000000000003,35.4,29.1,28.4,30.3,4.96,1.99,4.97,0.16,0.0,0.0,1027.0,8228.0,0.0,0.0,0.0,0.0,0.0,1.0,0.0,0.0,0.0,0.0,0.0,-1.1,0.0,-0.1,0.0,0.0001,16.0,25903.0
2026-07-30T19:01:07.179Z,236.662,236.676,0.0,7.4,0.0,0.0,0.0,0.0,0.0,0.0,0.0,0.0,1.0,0.0,0.0,0.0,9.0,4.0,0.0,0.0,0.0,0.0,0.0,0.0,0.0,0.0,3.0,12.0,1.0,12.14,5.01,2.51,1.49,0.0,0.0,0.0,0.4,0.0,0.3,0.1,0.5,-169.70000000000002,0.0,0.0,169.70000000000002,0.0,21.700000000000003,29.3,29.3,29.9,300.0,300.0,31.700000000000003,35.4,29.1,28.4,30.3,4.96,1.99,4.97,0.16,0.0,0.0,1027.0,8228.0,0.0,0.0,0.0,0.0,0.0,1.0,0.0,0.0,0.0,0.0,0.0,0.6000000000000001,0.0,-0.4,0.0,0.0001,16.0,25903.0
2026-07-30T19:01:07.190Z,236.673,236.688,0.0,7.4,0.0,0.0,0.0,0.0,0.0,0.0,0.0,0.0,1.0,0.0,0.0,0.0,9.0,4.0,0.0,0.0,0.0,0.0,0.0,0.0,0.0,0.0,4.0,12.0,1.0,12.14,5.01,2.51,1.49,0.0,0.0,0.0,0.4,0.0,1.4,1.9,1.1,-169.60000000000002,0.0,0.0,169.60000000000002,0.0,21.700000000000003,29.3,29.3,29.9,300.0,300.0,31.700000000000003,35.4,29.1,28.4,30.3,4.95,1.99,4.97,0.16,0.0,0.0,1027.0,8228.0,0.0,0.0,0.0,0.0,0.0,1.0,0.0,0.0,0.0,0.0,0.0,3.0,0.0,-0.5,0.0,0.0,16.0,25903.0
2026-07-30T19:01:07.208Z,236.691,236.7,0.0,7.4,0.0,0.0,0.0,0.0,0.0,0.0,0.0,0.0,1.0,0.0,0.0,0.0,9.0,4.0,0.0,0.0,0.0,0.0,0.0,0.0,0.0,0.0,5.0,12.0,1.0,12.14,5.01,2.51,1.49,0.0,0.0,0.0,0.4,0.0,0.2,-0.3,0.0,-169.60000000000002,0.0,0.0,169.60000000000002,0.0,21.700000000000003,29.3,29.3,29.9,300.0,300.0,31.700000000000003,35.4,29.1,28.4,30.3,4.95,1.99,4.97,0.16,0.0,0.0,1027.0,8228.0,0.0,0.0,0.0,0.0,0.0,1.0,0.0,0.0,0.0,0.0,0.0,-0.4,0.0,0.0,0.0,0.0001,16.0,25903.0
2026-07-30T19:01:07.218Z,236.701,236.712,0.0,7.4,0.0,0.0,0.0,0.0,0.0,0.0,0.0,0.0,1.0,0.0,0.0,0.0,9.0,4.0,0.0,0.0,0.0,0.0,0.0,0.0,0.0,0.0,4.0,12.0,1.0,12.14,5.01,2.51,1.49,0.0,0.0,0.0,0.5,0.0,-0.2,-1.5,0.5,-169.60000000000002,0.0,0.0,169.60000000000002,0.0,21.700000000000003,29.3,29.3,29.9,300.0,300.0,31.700000000000003,35.4,29.1,28.4,30.3,4.96,2.0,4.96,0.16,0.0,0.0,1027.0,8228.0,0.0,0.0,0.0,0.0,0.0,1.0,0.0,0.0,0.0,0.0,0.0,-1.3,0.0,-0.8,0.0,0.0,16.0,25903.0
2026-07-30T19:01:07.226Z,236.709,236.724,0.0,7.4,0.0,0.0,0.0,0.0,0.0,0.0,0.0,0.0,1.0,0.0,0.0,0.0,9.0,4.0,0.0,0.0,0.0,0.0,0.0,0.0,0.0,0.0,3.0,12.0,1.0,12.14,5.01,2.51,1.49,0.0,0.0,0.0,0.4,0.0,-0.2,0.1,0.5,-169.60000000000002,0.0,0.0,169.70000000000002,0.0,21.700000000000003,29.3,29.3,29.9,300.0,300.0,31.700000000000003,35.4,29.1,28.4,30.3,4.96,1.99,4.97,0.16,0.0,0.0,1027.0,8228.0,0.0,0.0,0.0,0.0,0.0,1.0,0.0,0.0,0.0,0.0,0.0,1.2000000000000002,0.0,-0.3,0.0,0.0,16.0,25903.0
2026-07-30T19:01:07.238Z,236.721,236.736,0.0,7.4,0.0,0.0,0.0,0.0,0.0,0.0,0.0,0.0,1.0,0.0,0.0,0.0,9.0,4.0,0.0,0.0,0.0,0.0,0.0,0.0,0.0,0.0,4.0,12.0,1.0,12.15,5.0200000000000005,2.5,1.5,0.0,0.0,0.0,0.5,0.0,-0.2,0.1,0.0,-169.60000000000002,0.0,0.0,169.8,0.0,21.4,29.3,29.3,29.9,300.0,300.0,31.700000000000003,35.5,29.200000000000003,28.4,30.3,4.95,1.99,4.97,0.16,0.0,0.0,1027.0,8228.0,0.0,0.0,0.0,0.0,0.0,1.0,0.0,0.0,0.0,0.0,0.0,-0.9,0.0,0.4,0.0,0.0001,16.0,25903.0
2026-07-30T19:01:07.250Z,236.733,236.748,0.0,7.4,0.0,0.0,0.0,0.0,0.0,0.0,0.0,0.0,1.0,0.0,0.0,0.0,9.0,4.0,0.0,0.0,0.0,0.0,0.0,0.0,0.0,0.0,5.0,12.0,1.0,12.15,5.0200000000000005,2.5,1.5,0.0,0.0,0.0,0.4,0.0,-0.2,-0.4,1.0,-169.70000000000002,0.0,0.0,169.70000000000002,0.0,21.4,29.3,29.3,29.9,300.0,300.0,31.700000000000003,35.5,29.200000000000003,28.4,30.3,4.96,1.99,4.96,0.16,0.0,0.0,1027.0,8228.0,0.0,0.0,0.0,0.0,0.0,1.0,0.0,0.0,0.0,0.0,0.0,0.3,0.0,-1.0,0.0,0.0002,16.0,25903.0
2026-07-30T19:01:07.262Z,236.745,236.76,0.0,7.4,0.0,0.0,0.0,0.0,0.0,0.0,0.0,0.0,1.0,0.0,0.0,0.0,9.0,4.0,0.0,0.0,0.0,0.0,0.0,0.0,0.0,0.0,6.0,12.0,1.0,12.15,5.0200000000000005,2.5,1.5,0.0,0.0,0.0,0.4,0.0,0.9,-0.3,0.0,-169.70000000000002,0.0,0.0,169.70000000000002,0.0,21.4,29.3,29.3,29.9,300.0,300.0,31.700000000000003,35.5,29.200000000000003,28.4,30.3,4.95,2.0,4.97,0.16,0.0,0.0,1027.0,8228.0,0.0,0.0,0.0,0.0,0.0,1.0,0.0,0.0,0.0,0.0,0.0,-0.5,0.0,0.0,0.0,0.0001,16.0,25903.0
2026-07-30T19:01:07.274Z,236.757,236.772,0.0,7.4,0.0,0.0,0.0,0.0,0.0,0.0,0.0,0.0,1.0,0.0,0.0,0.0,9.0,4.0,0.0,0.0,0.0,0.0,0.0,0.0,0.0,0.0,2.0,12.0,1.0,12.15,5.0200000000000005,2.5,1.5,0.0,0.0,0.0,0.4,0.0,-0.2,-0.3,-1.2000000000000002,-169.70000000000002,0.0,0.0,169.8,0.0,21.4,29.3,29.3,29.9,300.0,300.0,31.700000000000003,35.5,29.200000000000003,28.4,30.3,4.95,1.99,4.97,0.16,0.0,0.0,1027.0,8228.0,0.0,0.0,0.0,0.0,0.0,1.0,0.0,0.0,0.0,0.0,0.0,-1.3,0.0,1.0,0.0,0.0001,16.0,25903.0
2026-07-30T19:01:07.286Z,236.769,236.784,0.0,7.4,0.0,0.0,0.0,0.0,0.0,0.0,0.0,0.0,1.0,0.0,0.0,0.0,9.0,4.0,0.0,0.0,0.0,0.0,0.0,0.0,0.0,0.0,3.0,12.0,1.0,12.15,5.0200000000000005,2.5,1.5,0.0,0.0,0.0,0.4,0.0,-0.3,0.2,-0.1,-169.70000000000002,0.0,0.0,169.70000000000002,0.0,21.4,29.3,29.3,29.9,300.0,300.0,31.700000000000003,35.5,29.200000000000003,28.4,30.3,4.95,2.0,4.97,0.16,0.0,0.0,1027.0,8228.0,0.0,0.0,0.0,0.0,0.0,1.0,0.0,0.0,0.0,0.0,0.0,0.1,0.0,0.1,0.0,0.0001,16.0,25903.0
2026-07-30T19:01:07.299Z,236.782,236.796,0.0,7.4,0.0,0.0,0.0,0.0,0.0,0.0,0.0,0.0,1.0,0.0,0.0,0.0,9.0,4.0,0.0,0.0,0.0,0.0,0.0,0.0,0.0,0.0,4.0,12.0,1.0,12.15,5.0200000000000005,2.5,1.5,0.0,0.0,0.0,0.4,0.0,-0.3,-0.9,0.4,-169.70000000000002,0.0,0.0,169.8,0.0,21.4,29.3,29.3,29.9,300.0,300.0,31.700000000000003,35.5,29.200000000000003,28.4,30.3,4.96,2.0,4.96,0.16,0.0,0.0,1027.0,8228.0,0.0,0.0,0.0,0.0,0.0,1.0,0.0,0.0,0.0,0.0,0.0,-0.7000000000000001,0.0,-0.5,0.0,0.0001,16.0,25903.0
2026-07-30T19:01:07.311Z,236.794,236.808,0.0,7.4,0.0,0.0,0.0,0.0,0.0,0.0,0.0,0.0,1.0,0.0,0.0,0.0,9.0,4.0,0.0,0.0,0.0,0.0,0.0,0.0,0.0,0.0,5.0,12.0,1.0,12.15,5.0200000000000005,2.5,1.5,0.0,0.0,0.0,0.4,0.0,0.8,0.2,1.0,-169.70000000000002,0.0,0.0,169.70000000000002,0.0,21.4,29.3,29.3,29.9,300.0,300.0,31.700000000000003,35.5,29.200000000000003,28.4,30.3,4.95,1.99,4.96,0.16,0.0,0.0,1027.0,8228.0,0.0,0.0,0.0,0.0,0.0,1.0,0.0,0.0,0.0,0.0,0.0,1.0,0.0,-0.8,0.0,0.0001,16.0,25903.0
2026-07-30T19:01:07.323Z,236.806,236.82,0.0,7.4,0.0,0.0,0.0,0.0,0.0,0.0,0.0,0.0,1.0,0.0,0.0,0.0,9.0,4.0,0.0,0.0,0.0,0.0,0.0,0.0,0.0,0.0,6.0,12.0,1.0,12.15,5.0200000000000005,2.5,1.5,0.0,0.0,0.0,0.4,0.0,-0.3,0.7000000000000001,-0.7000000000000001,-169.70000000000002,0.0,0.0,169.70000000000002,0.0,21.4,29.3,29.3,29.9,300.0,300.0,31.700000000000003,35.5,29.200000000000003,28.4,30.3,4.95,1.99,4.96,0.16,0.0,0.0,1027.0,8228.0,0.0,0.0,0.0,0.0,0.0,1.0,0.0,0.0,0.0,0.0,0.0,0.3,0.0,0.7000000000000001,0.0,0.0,16.0,25903.0
2026-07-30T19:01:07.334Z,236.817,236.832,0.0,7.4,0.0,0.0,0.0,0.0,0.0,0.0,0.0,0.0,1.0,0.0,0.0,0.0,9.0,4.0,0.0,0.0,0.0,0.0,0.0,0.0,0.0,0.0,1.0,12.0,1.0,12.15,5.0200000000000005,2.5,1.5,0.0,0.0,0.0,0.4,0.0,0.3,0.2,-0.6000000000000001,-169.70000000000002,0.0,0.0,169.70000000000002,0.0,21.4,29.3,29.3,29.9,300.0,300.0,31.700000000000003,35.5,29.200000000000003,28.4,30.3,4.96,2.0,4.96,0.16,0.0,0.0,1027.0,8228.0,0.0,0.0,0.0,0.0,0.0,1.0,0.0,0.0,0.0,0.0,0.0,-0.2,0.0,0.6000000000000001,0.0,0.0,16.0,25903.0
2026-07-30T19:01:07.346Z,236.829,236.844,0.0,7.4,0.0,0.0,0.0,0.0,0.0,0.0,0.0,0.0,1.0,0.0,0.0,0.0,9.0,4.0,0.0,0.0,0.0,0.0,0.0,0.0,0.0,0.0,2.0,12.0,1.0,12.15,5.0200000000000005,2.51,1.49,0.0,0.0,0.0,0.5,0.0,-0.2,-0.3,-0.1,-169.70000000000002,0.0,0.0,169.8,0.0,21.8,29.3,29.3,29.9,300.0,300.0,31.700000000000003,35.5,29.200000000000003,28.4,30.3,4.95,2.0,4.96,0.16,0.0,0.0,1027.0,8228.0,0.0,0.0,0.0,0.0,0.0,1.0,0.0,0.0,0.0,0.0,0.0,-0.5,0.0,0.0,0.0,0.0,16.0,25903.0
2026-07-30T19:01:07.358Z,236.841,236.856,0.0,7.4,0.0,0.0,0.0,0.0,0.0,0.0,0.0,0.0,1.0,0.0,0.0,0.0,9.0,4.0,0.0,0.0,0.0,0.0,0.0,0.0,0.0,0.0,2.0,12.0,1.0,12.15,5.0200000000000005,2.51,1.49,0.0,0.0,0.0,0.4,0.0,0.2,-0.3,2.2,-169.70000000000002,0.0,0.0,169.70000000000002,0.0,21.8,29.3,29.3,29.9,300.0,300.0,31.700000000000003,35.5,29.200000000000003,28.4,30.3,4.95,1.99,4.97,0.16,0.0,0.0,1027.0,8228.0,0.0,0.0,0.0,0.0,0.0,1.0,0.0,0.0,0.0,0.0,0.0,1.2000000000000002,0.0,-2.0,0.0,0.0002,16.0,25903.0
2026-07-30T19:01:07.371Z,236.854,236.868,0.0,7.4,0.0,0.0,0.0,0.0,0.0,0.0,0.0,0.0,1.0,0.0,0.0,0.0,9.0,4.0,0.0,0.0,0.0,0.0,0.0,0.0,0.0,0.0,3.0,12.0,1.0,12.15,5.0200000000000005,2.51,1.49,0.0,0.0,0.0,0.4,0.0,-1.4,-0.9,-0.8,-169.70000000000002,0.0,0.0,169.70000000000002,0.0,21.8,29.3,29.3,29.9,300.0,300.0,31.700000000000003,35.5,29.200000000000003,28.4,30.3,4.95,1.99,4.96,0.16,0.0,0.0,1027.0,8228.0,0.0,0.0,0.0,0.0,0.0,1.0,0.0,0.0,0.0,0.0,0.0,-1.7000000000000002,0.0,0.5,0.0,0.0001,16.0,25903.0
2026-07-30T19:01:07.383Z,236.866,236.88,0.0,7.4,0.0,0.0,0.0,0.0,0.0,0.0,0.0,0.0,1.0,0.0,0.0,0.0,9.0,4.0,0.0,0.0,0.0,0.0,0.0,0.0,0.0,0.0,4.0,12.0,1.0,12.15,5.0200000000000005,2.51,1.49,0.0,0.0,0.0,0.4,0.0,0.8,1.3,0.3,-169.70000000000002,0.0,0.0,169.8,0.0,21.8,29.3,29.3,29.9,300.0,300.0,31.700000000000003,35.5,29.200000000000003,28.4,30.3,4.95,2.0,4.96,0.16,0.0,0.0,1027.0,8228.0,0.0,0.0,0.0,0.0,0.0,1.0,0.0,0.0,0.0,0.0,0.0,1.8,0.0,0.0,0.0,0.0001,16.0,25903.0
2026-07-30T19:01:07.395Z,236.878,236.892,0.0,7.4,0.0,0.0,0.0,0.0,0.0,0.0,0.0,0.0,1.0,0.0,0.0,0.0,9.0,4.0,0.0,0.0,0.0,0.0,0.0,0.0,0.0,0.0,5.0,12.0,1.0,12.15,5.0200000000000005,2.51,1.49,0.0,0.0,0.0,0.4,0.0,0.3,-0.9,-0.1,-169.70000000000002,0.0,0.0,169.8,0.0,21.8,29.3,29.3,29.9,300.0,300.0,31.700000000000003,35.5,29.200000000000003,28.4,30.3,4.95,2.0,4.97,0.16,0.0,0.0,1027.0,8228.0,0.0,0.0,0.0,0.0,0.0,1.0,0.0,0.0,0.0,0.0,0.0,-1.2000000000000002,0.0,0.0,0.0,0.0,16.0,25903.0
2026-07-30T19:01:07.407Z,236.89,236.904,0.0,7.4,0.0,0.0,0.0,0.0,0.0,0.0,0.0,0.0,1.0,0.0,0.0,0.0,9.0,4.0,0.0,0.0,0.0,0.0,0.0,0.0,0.0,0.0,1.0,12.0,1.0,12.15,5.0200000000000005,2.51,1.49,0.0,0.1,0.0,0.4,0.0,-0.2,0.1,0.3,-169.70000000000002,0.0,0.0,169.70000000000002,0.0,21.8,29.3,29.3,29.9,300.0,300.0,31.700000000000003,35.5,29.200000000000003,28.4,30.3,4.96,1.99,4.97,0.16,0.0,0.0,1027.0,8228.0,0.0,0.0,0.0,0.0,0.0,1.0,0.0,0.0,0.0,0.0,0.0,0.4,0.0,-0.2,0.0,0.0001,16.0,25903.0
2026-07-30T19:01:07.418Z,236.901,236.916,0.0,7.4,0.0,0.0,0.0,0.0,0.0,0.0,0.0,0.0,1.0,0.0,0.0,0.0,9.0,4.0,0.0,0.0,0.0,0.0,0.0,0.0,0.0,0.0,1.0,12.0,1.0,12.15,5.0200000000000005,2.51,1.49,0.0,0.0,0.0,0.4,0.0,0.3,1.9,2.1,-169.70000000000002,0.0,0.0,169.70000000000002,0.0,21.8,29.3,29.3,29.9,300.0,300.0,31.700000000000003,35.5,29.200000000000003,28.4,30.3,4.96,2.0,4.96,0.16,0.0,0.0,1027.0,8228.0,0.0,0.0,0.0,0.0,0.0,1.0,0.0,0.0,0.0,0.0,0.0,3.7,0.0,-1.5,0.0,0.0001,16.0,25903.0
2026-07-30T19:01:07.430Z,236.913,236.928,0.0,7.4,0.0,0.0,0.0,0.0,0.0,0.0,0.0,0.0,1.0,0.0,0.0,0.0,9.0,4.0,0.0,0.0,0.0,0.0,0.0,0.0,0.0,0.0,3.0,12.0,1.0,12.15,5.0200000000000005,2.51,1.49,0.0,0.0,0.0,0.4,0.0,0.2,1.3,0.9,-169.70000000000002,0.0,0.0,169.70000000000002,0.0,21.8,29.3,29.3,29.9,300.0,300.0,31.700000000000003,35.5,29.200000000000003,28.4,30.3,4.95,1.99,4.96,0.16,0.0,0.0,1027.0,8228.0,0.0,0.0,0.0,0.0,0.0,1.0,0.0,0.0,0.0,0.0,0.0,2.1,0.0,-0.5,0.0,0.0,16.0,25903.0
2026-07-30T19:01:07.442Z,236.925,236.94,0.0,7.4,0.0,0.0,0.0,0.0,0.0,0.0,0.0,0.0,1.0,0.0,0.0,0.0,9.0,4.0,0.0,0.0,0.0,0.0,0.0,0.0,0.0,0.0,4.0,12.0,1.0,12.15,5.0200000000000005,2.51,1.5,0.0,0.0,0.0,0.4,0.0,0.2,0.1,-0.8,-169.70000000000002,0.0,0.0,169.60000000000002,0.0,21.3,29.3,29.3,29.9,300.0,300.0,31.700000000000003,35.6,29.200000000000003,28.4,30.3,4.96,1.99,4.97,0.16,0.0,0.0,1027.0,8228.0,0.0,0.0,0.0,0.0,0.0,1.0,0.0,0.0,0.0,0.0,0.0,-0.4,0.0,0.7000000000000001,0.0,0.0,16.0,25903.0
2026-07-30T19:01:07.455Z,236.938,236.952,0.0,7.4,0.0,0.0,0.0,0.0,0.0,0.0,0.0,0.0,1.0,0.0,0.0,0.0,9.0,4.0,0.0,0.0,0.0,0.0,0.0,0.0,0.0,0.0,5.0,12.0,1.0,12.15,5.0200000000000005,2.51,1.5,0.0,0.0,0.0,0.4,0.0,-0.2,-1.0,-0.2,-169.70000000000002,0.0,0.0,169.70000000000002,0.0,21.3,29.3,29.3,29.9,300.0,300.0,31.700000000000003,35.6,29.200000000000003,28.4,30.3,4.96,1.99,4.96,0.16,0.0,0.0,1027.0,8228.0,0.0,0.0,0.0,0.0,0.0,1.0,0.0,0.0,0.0,0.0,0.0,-1.3,0.0,0.0,0.0,0.0001,16.0,25903.0
2026-07-30T19:01:07.467Z,236.95,236.964,0.0,7.4,0.0,0.0,0.0,0.0,0.0,0.0,0.0,0.0,1.0,0.0,0.0,0.0,9.0,4.0,0.0,0.0,0.0,0.0,0.0,0.0,0.0,0.0,6.0,12.0,1.0,12.15,5.0200000000000005,2.51,1.5,0.0,0.0,0.0,0.4,0.0,-0.3,0.6000000000000001,1.5,-169.70000000000002,0.0,0.0,169.8,0.0,21.3,29.3,29.3,29.9,300.0,300.0,31.700000000000003,35.6,29.200000000000003,28.4,30.3,4.96,1.99,4.97,0.16,0.0,0.0,1027.0,8228.0,0.0,0.0,0.0,0.0,0.0,1.0,0.0,0.0,0.0,0.0,0.0,1.8,0.0,-1.2000000000000002,0.0,0.0002,16.0,25903.0
2026-07-30T19:01:07.479Z,236.962,236.976,0.0,7.4,0.0,0.0,0.0,0.0,0.0,0.0,0.0,0.0,1.0,0.0,0.0,0.0,9.0,4.0,0.0,0.0,0.0,0.0,0.0,0.0,0.0,0.0,1.0,12.0,1.0,12.15,5.0200000000000005,2.51,1.5,0.0,0.0,0.0,0.5,0.0,-0.3,0.0,-0.7000000000000001,-169.70000000000002,0.0,0.0,169.70000000000002,0.0,21.3,29.3,29.3,29.9,300.0,300.0,31.700000000000003,35.6,29.200000000000003,28.4,30.3,4.95,2.0,4.97,0.17,0.0,0.0,1027.0,8228.0,0.0,0.0,0.0,0.0,0.0,1.0,0.0,0.0,0.0,0.0,0.0,-0.5,0.0,0.7000000000000001,0.0,0.0001,16.0,25903.0
2026-07-30T19:01:07.491Z,236.974,236.988,0.0,7.4,0.0,0.0,0.0,0.0,0.0,0.0,0.0,0.0,1.0,0.0,0.0,0.0,9.0,4.0,0.0,0.0,0.0,0.0,0.0,0.0,0.0,0.0,2.0,12.0,1.0,12.15,5.0200000000000005,2.51,1.5,0.0,0.0,0.0,0.5,0.0,0.2,0.0,0.9,-169.70000000000002,0.0,0.0,169.70000000000002,0.0,21.3,29.3,29.3,29.9,300.0,300.0,31.700000000000003,35.6,29.200000000000003,28.4,30.3,4.95,2.0,4.96,0.16,0.0,0.0,1027.0,8228.0,0.0,0.0,0.0,0.0,0.0,1.0,0.0,0.0,0.0,0.0,0.0,0.8,0.0,-0.8,0.0,0.0001,16.0,25903.0
2026-07-30T19:01:07.503Z,236.986,237.0,0.0,7.4,0.0,0.0,0.0,0.0,0.0,0.0,0.0,0.0,1.0,0.0,0.0,0.0,9.0,4.0,0.0,0.0,0.0,0.0,0.0,0.0,0.0,0.0,3.0,12.0,1.0,12.15,5.0200000000000005,2.51,1.5,0.0,0.0,0.0,0.4,0.0,1.4,0.6000000000000001,-0.2,-169.70000000000002,0.0,0.0,169.70000000000002,0.0,21.3,29.3,29.3,29.9,300.0,300.0,31.700000000000003,35.6,29.200000000000003,28.4,30.3,4.96,2.0,4.97,0.16,0.0,0.0,1027.0,8228.0,0.0,0.0,0.0,0.0,0.0,1.0,0.0,0.0,0.0,0.0,0.0,0.5,0.0,0.3,0.0,0.0,16.0,25903.0
2026-07-30T19:01:07.514Z,236.997,237.012,0.0,7.4,0.0,0.0,0.0,0.0,0.0,0.0,0.0,0.0,1.0,0.0,0.0,0.0,9.0,4.0,0.0,0.0,0.0,0.0,0.0,0.0,0.0,0.0,4.0,12.0,1.0,12.15,5.0200000000000005,2.51,1.5,0.0,0.0,0.0,0.4,0.0,0.2,0.0,-0.8,-169.70000000000002,0.0,0.0,169.70000000000002,0.0,21.3,29.3,29.3,29.9,300.0,300.0,31.700000000000003,35.6,29.200000000000003,28.4,30.3,4.96,1.99,4.97,0.16,0.0,0.0,1027.0,8228.0,0.0,0.0,0.0,0.0,0.0,1.0,0.0,0.0,0.0,0.0,0.0,-0.5,0.0,0.7000000000000001,0.0,0.0,16.0,25903.0
2026-07-30T19:01:07.533Z,237.016,237.024,0.0,7.4,0.0,0.0,0.0,0.0,0.0,0.0,0.0,0.0,1.0,0.0,0.0,0.0,9.0,4.0,0.0,0.0,0.0,0.0,0.0,0.0,0.0,0.0,4.0,12.0,1.0,12.15,5.0200000000000005,2.51,1.5,0.0,0.0,0.0,0.4,0.0,0.2,1.2000000000000002,0.3,-169.70000000000002,0.0,0.0,169.70000000000002,0.0,21.3,29.3,29.3,29.9,300.0,300.0,31.700000000000003,35.6,29.200000000000003,28.4,30.3,4.95,1.99,4.97,0.16,0.0,0.0,1027.0,8228.0,0.0,0.0,0.0,0.0,0.0,1.0,0.0,0.0,0.0,0.0,0.0,1.6,0.0,0.0,0.0,0.0,16.0,25903.0
2026-07-30T19:01:07.538Z,237.021,237.036,0.0,7.4,0.0,0.0,0.0,0.0,0.0,0.0,0.0,0.0,1.0,0.0,0.0,0.0,9.0,4.0,0.0,0.0,0.0,0.0,0.0,0.0,0.0,0.0,1.0,12.0,1.0,12.15,5.0200000000000005,2.51,1.5,0.0,0.0,0.0,0.4,0.0,0.2,-0.5,-0.1,-169.70000000000002,0.0,0.0,169.60000000000002,0.0,21.3,29.3,29.3,29.9,300.0,300.0,31.700000000000003,35.6,29.200000000000003,28.4,30.3,4.95,1.99,4.96,0.16,0.0,0.0,1027.0,8228.0,0.0,0.0,0.0,0.0,0.0,1.0,0.0,0.0,0.0,0.0,0.0,0.6000000000000001,0.0,0.2,0.0,0.0,16.0,25903.0
2026-07-30T19:01:07.550Z,237.033,237.048,0.0,7.4,0.0,0.0,0.0,0.0,0.0,0.0,0.0,0.0,1.0,0.0,0.0,0.0,9.0,4.0,0.0,0.0,0.0,0.0,0.0,0.0,0.0,0.0,3.0,12.0,1.0,12.19,5.01,2.51,1.49,0.0,0.1,0.0,0.4,0.0,-0.3,-1.1,-0.8,-169.70000000000002,0.0,0.0,169.8,0.0,21.4,29.3,29.3,29.9,300.0,300.0,31.5,35.5,29.200000000000003,28.4,30.3,4.95,1.99,4.97,0.16,0.0,0.0,1027.0,8228.0,0.0,0.0,0.0,0.0,0.0,1.0,0.0,0.0,0.0,0.0,0.0,-0.7000000000000001,0.0,0.0,0.0,0.0001,16.0,25903.0
2026-07-30T19:01:07.562Z,237.045,237.06,0.0,7.4,0.0,0.0,0.0,0.0,0.0,0.0,0.0,0.0,1.0,0.0,0.0,0.0,9.0,4.0,0.0,0.0,0.0,0.0,0.0,0.0,0.0,0.0,4.0,12.0,1.0,12.19,5.01,2.51,1.49,0.0,0.0,0.0,0.4,0.0,0.1,0.0,-0.2,-169.70000000000002,0.0,0.0,169.70000000000002,0.0,21.4,29.3,29.3,29.9,300.0,300.0,31.5,35.5,29.200000000000003,28.4,30.3,4.95,2.0,4.96,0.16,0.0,0.0,1027.0,8228.0,0.0,0.0,0.0,0.0,0.0,1.0,0.0,0.0,0.0,0.0,0.0,-0.5,0.0,0.7000000000000001,0.0,0.0001,16.0,25903.0
2026-07-30T19:01:07.574Z,237.057,237.072,0.0,7.4,0.0,0.0,0.0,0.0,0.0,0.0,0.0,0.0,1.0,0.0,0.0,0.0,9.0,4.0,0.0,0.0,0.0,0.0,0.0,0.0,0.0,0.0,5.0,12.0,1.0,12.19,5.01,2.51,1.49,0.0,0.0,0.0,0.4,0.0,-0.3,0.6000000000000001,-0.7000000000000001,-169.70000000000002,0.0,0.0,169.70000000000002,0.0,21.4,29.3,29.3,29.9,300.0,300.0,31.5,35.5,29.200000000000003,28.4,30.3,4.96,2.0,4.96,0.16,0.0,0.0,1027.0,8228.0,0.0,0.0,0.0,0.0,0.0,1.0,0.0,0.0,0.0,0.0,0.0,0.1,0.0,0.8,0.0,0.0001,16.0,25903.0
2026-07-30T19:01:07.586Z,237.069,237.084,0.0,7.4,0.0,0.0,0.0,0.0,0.0,0.0,0.0,0.0,1.0,0.0,0.0,0.0,9.0,4.0,0.0,0.0,0.0,0.0,0.0,0.0,0.0,0.0,6.0,12.0,1.0,12.19,5.01,2.51,1.49,0.0,0.0,0.0,0.4,0.0,-0.3,0.1,-0.2,-169.70000000000002,0.0,0.0,169.8,0.0,21.4,29.3,29.3,29.9,300.0,300.0,31.5,35.5,29.200000000000003,28.4,30.3,4.95,2.0,4.96,0.16,0.0,0.0,1027.0,8228.0,0.0,0.0,0.0,0.0,0.0,1.0,0.0,0.0,0.0,0.0,0.0,-0.4,0.0,0.7000000000000001,0.0,0.0,16.0,25903.0
2026-07-30T19:01:07.598Z,237.081,237.096,0.0,7.4,0.0,0.0,0.0,0.0,0.0,0.0,0.0,0.0,1.0,0.0,0.0,0.0,9.0,4.0,0.0,0.0,0.0,0.0,0.0,0.0,0.0,0.0,2.0,12.0,1.0,12.19,5.01,2.51,1.49,0.0,0.0,0.0,0.4,0.0,0.2,-1.0,-1.4,-169.70000000000002,0.0,0.0,169.8,0.0,21.4,29.3,29.3,29.9,300.0,300.0,31.5,35.5,29.200000000000003,28.4,30.3,4.95,1.99,4.96,0.16,0.0,0.0,1027.0,8228.0,0.0,0.0,0.0,0.0,0.0,1.0,0.0,0.0,0.0,0.0,0.0,0.0,0.0,0.2,0.0,0.0002,16.0,25903.0
2026-07-30T19:01:07.610Z,237.093,237.108,0.0,7.4,0.0,0.0,0.0,0.0,0.0,0.0,0.0,0.0,1.0,0.0,0.0,0.0,9.0,4.0,0.0,0.0,0.0,0.0,0.0,0.0,0.0,0.0,3.0,12.0,1.0,12.19,5.01,2.51,1.49,0.0,0.0,0.0,0.4,0.0,-0.9,0.6000000000000001,0.3,-169.70000000000002,0.0,0.0,169.8,0.0,21.4,29.3,29.3,29.9,300.0,300.0,31.5,35.5,29.200000000000003,28.4,30.3,4.95,1.99,4.96,0.16,0.0,0.0,1027.0,8228.0,0.0,0.0,0.0,0.0,0.0,1.0,0.0,0.0,0.0,0.0,0.0,-0.7000000000000001,0.0,0.1,0.0,0.0,16.0,25903.0
2026-07-30T19:01:07.622Z,237.105,237.12,0.0,7.4,0.0,0.0,0.0,0.0,0.0,0.0,0.0,0.0,1.0,0.0,0.0,0.0,9.0,4.0,0.0,0.0,0.0,0.0,0.0,0.0,0.0,0.0,3.0,12.0,1.0,12.19,5.01,2.51,1.49,0.0,0.0,0.0,0.5,0.0,-0.9,0.1,-0.8,-169.70000000000002,0.0,0.0,169.8,0.0,21.4,29.3,29.3,29.9,300.0,300.0,31.5,35.5,29.200000000000003,28.4,30.3,4.96,1.99,4.96,0.16,0.0,0.0,1027.0,8228.0,0.0,0.0,0.0,0.0,0.0,1.0,0.0,0.0,0.0,0.0,0.0,0.0,0.0,0.2,0.0,0.0,16.0,25903.0
2026-07-30T19:01:07.634Z,237.117,237.132,0.0,7.4,0.0,0.0,0.0,0.0,0.0,0.0,0.0,0.0,1.0,0.0,0.0,0.0,9.0,4.0,0.0,0.0,0.0,0.0,0.0,0.0,0.0,0.0,4.0,12.0,1.0,12.19,5.01,2.51,1.49,0.0,0.0,0.0,0.4,0.0,-0.3,-0.4,0.3,-169.70000000000002,0.0,0.0,169.8,0.0,21.4,29.3,29.3,29.9,300.0,300.0,31.5,35.5,29.200000000000003,28.4,30.3,4.95,1.99,4.97,0.16,0.0,0.0,1027.0,8228.0,0.0,0.0,0.0,0.0,0.0,1.0,0.0,0.0,0.0,0.0,0.0,0.0,0.0,0.2,0.0,0.0,16.0,25903.0
2026-07-30T19:01:07.647Z,237.13,237.144,0.0,7.4,0.0,0.0,0.0,0.0,0.0,0.0,0.0,0.0,1.0,0.0,0.0,0.0,9.0,4.0,0.0,0.0,0.0,0.0,0.0,0.0,0.0,0.0,5.0,12.0,1.0,12.18,5.01,2.5,1.49,0.0,0.1,0.0,0.4,0.0,-0.3,-0.4,-0.2,-169.70000000000002,0.0,0.0,169.8,0.0,21.3,29.3,29.3,29.9,300.0,300.0,31.6,35.4,29.200000000000003,28.4,30.3,4.96,1.99,4.96,0.16,0.0,0.0,1027.0,8228.0,0.0,0.0,0.0,0.0,0.0,1.0,0.0,0.0,0.0,0.0,0.0,-1.6,0.0,1.1,0.0,0.0001,16.0,25903.0
2026-07-30T19:01:07.658Z,237.141,237.156,0.0,7.4,0.0,0.0,0.0,0.0,0.0,0.0,0.0,0.0,1.0,0.0,0.0,0.0,9.0,4.0,0.0,0.0,0.0,0.0,0.0,0.0,0.0,0.0,6.0,12.0,1.0,12.18,5.01,2.5,1.49,0.0,0.0,0.0,0.4,0.0,0.3,0.7000000000000001,-0.8,-169.70000000000002,0.0,0.0,169.8,0.0,21.3,29.3,29.3,29.9,300.0,300.0,31.6,35.4,29.200000000000003,28.4,30.3,4.96,2.0,4.96,0.16,0.0,0.0,1027.0,8228.0,0.0,0.0,0.0,0.0,0.0,1.0,0.0,0.0,0.0,0.0,0.0,1.9,0.0,-1.1,0.0,0.0001,16.0,25903.0
2026-07-30T19:01:07.670Z,237.153,237.168,0.0,7.4,0.0,0.0,0.0,0.0,0.0,0.0,0.0,0.0,1.0,0.0,0.0,0.0,9.0,4.0,0.0,0.0,0.0,0.0,0.0,0.0,0.0,0.0,1.0,12.0,1.0,12.18,5.01,2.5,1.49,0.0,0.1,0.0,0.4,0.0,0.3,0.6000000000000001,0.9,-169.70000000000002,0.0,0.0,169.8,0.0,21.3,29.3,29.3,29.9,300.0,300.0,31.6,35.4,29.200000000000003,28.4,30.3,4.95,1.99,4.96,0.16,0.0,0.0,1027.0,8228.0,0.0,0.0,0.0,0.0,0.0,1.0,0.0,0.0,0.0,0.0,0.0,2.1,0.0,-0.5,0.0,0.0,16.0,25903.0
2026-07-30T19:01:07.682Z,237.165,237.18,0.0,7.4,0.0,0.0,0.0,0.0,0.0,0.0,0.0,0.0,1.0,0.0,0.0,0.0,9.0,4.0,0.0,0.0,0.0,0.0,0.0,0.0,0.0,0.0,3.0,12.0,1.0,12.18,5.01,2.5,1.49,0.0,0.0,0.0,0.4,0.0,0.3,0.1,-0.2,-169.70000000000002,0.0,0.0,169.8,0.0,21.3,29.3,29.3,29.9,300.0,300.0,31.6,35.4,29.200000000000003,28.4,30.3,4.95,1.99,4.97,0.16,0.0,0.0,1027.0,8228.0,0.0,0.0,0.0,0.0,0.0,1.0,0.0,0.0,0.0,0.0,0.0,0.0,0.0,0.2,0.0,0.0001,16.0,25903.0
2026-07-30T19:01:07.694Z,237.177,237.192,0.0,7.4,0.0,0.0,0.0,0.0,0.0,0.0,0.0,0.0,1.0,0.0,0.0,0.0,9.0,4.0,0.0,0.0,0.0,0.0,0.0,0.0,0.0,0.0,3.0,12.0,1.0,12.18,5.01,2.5,1.49,0.0,0.0,0.0,0.4,0.0,-0.2,0.1,-0.2,-169.70000000000002,0.0,0.0,169.8,0.0,21.3,29.3,29.3,29.9,300.0,300.0,31.6,35.4,29.200000000000003,28.4,30.3,4.96,1.99,4.96,0.16,0.0,0.0,1027.0,8228.0,0.0,0.0,0.0,0.0,0.0,1.0,0.0,0.0,0.0,0.0,0.0,-2.2,0.0,1.0,0.0,0.0,16.0,25903.0
2026-07-30T19:01:07.707Z,237.19,237.204,0.0,7.4,0.0,0.0,0.0,0.0,0.0,0.0,0.0,0.0,1.0,0.0,0.0,0.0,9.0,4.0,0.0,0.0,0.0,0.0,0.0,0.0,0.0,0.0,4.0,12.0,1.0,12.18,5.01,2.5,1.49,0.0,0.0,0.0,0.4,0.0,-0.2,-0.4,-0.2,-169.70000000000002,0.0,0.0,169.8,0.0,21.3,29.3,29.3,29.9,300.0,300.0,31.6,35.4,29.200000000000003,28.4,30.3,4.96,1.99,4.97,0.16,0.0,0.0,1027.0,8228.0,0.0,0.0,0.0,0.0,0.0,1.0,0.0,0.0,0.0,0.0,0.0,0.8,0.0,0.9,0.0,0.0,16.0,25903.0
2026-07-30T19:01:07.719Z,237.202,237.216,0.0,7.4,0.0,0.0,0.0,0.0,0.0,0.0,0.0,0.0,1.0,0.0,0.0,0.0,9.0,4.0,0.0,0.0,0.0,0.0,0.0,0.0,0.0,0.0,5.0,12.0,1.0,12.18,5.01,2.5,1.49,0.0,0.1,0.0,0.4,0.0,0.3,-0.4,-0.8,-169.70000000000002,0.0,0.0,169.8,0.0,21.3,29.3,29.3,29.9,300.0,300.0,31.6,35.4,29.200000000000003,28.4,30.3,4.95,1.99,4.97,0.16,0.0,0.0,1027.0,8228.0,0.0,0.0,0.0,0.0,0.0,1.0,0.0,0.0,0.0,0.0,0.0,1.2000000000000002,0.0,-1.3,0.0,0.0,16.0,25903.0
2026-07-30T19:01:07.730Z,237.213,237.228,0.0,7.4,0.0,0.0,0.0,0.0,0.0,0.0,0.0,0.0,1.0,0.0,0.0,0.0,9.0,4.0,0.0,0.0,0.0,0.0,0.0,0.0,0.0,0.0,6.0,12.0,1.0,12.18,5.01,2.5,1.49,0.0,0.0,0.0,0.4,0.0,0.9,-0.4,0.9,-169.70000000000002,0.0,0.0,169.8,0.0,21.3,29.3,29.3,29.9,300.0,300.0,31.6,35.4,29.200000000000003,28.4,30.3,4.96,1.99,4.97,0.16,0.0,0.0,1027.0,8228.0,0.0,0.0,0.0,0.0,0.0,1.0,0.0,0.0,0.0,0.0,0.0,0.2,0.0,-0.9,0.0,0.0,16.0,25903.0
2026-07-30T19:01:07.742Z,237.225,237.24,0.0,7.4,0.0,0.0,0.0,0.0,0.0,0.0,0.0,0.0,1.0,0.0,0.0,0.0,9.0,4.0,0.0,0.0,0.0,0.0,0.0,0.0,0.0,0.0,6.0,12.0,1.0,12.18,5.01,2.5,1.49,0.0,0.0,0.0,0.4,0.0,-0.8,-1.0,-0.7000000000000001,-169.70000000000002,0.0,0.0,169.8,0.0,21.3,29.3,29.3,29.9,300.0,300.0,31.6,35.4,29.200000000000003,28.4,30.3,4.95,1.99,4.96,0.16,0.0,0.0,1027.0,8228.0,0.0,0.0,0.0,0.0,0.0,1.0,0.0,0.0,0.0,0.0,0.0,-1.7000000000000002,0.0,0.4,0.0,0.0,16.0,25903.0
2026-07-30T19:01:07.754Z,237.237,237.252,0.0,7.4,0.0,0.0,0.0,0.0,0.0,0.0,0.0,0.0,1.0,0.0,0.0,0.0,9.0,4.0,0.0,0.0,0.0,0.0,0.0,0.0,0.0,0.0,1.0,12.0,1.0,12.15,5.01,2.51,1.49,0.0,0.0,0.0,0.4,0.0,-0.8,0.1,-0.7000000000000001,-169.70000000000002,0.0,0.0,169.70000000000002,0.0,21.700000000000003,29.3,29.3,29.9,300.0,300.0,31.6,35.5,29.200000000000003,28.4,30.3,4.95,1.99,4.97,0.16,0.0,0.0,1027.0,8228.0,0.0,0.0,0.0,0.0,0.0,1.0,0.0,0.0,0.0,0.0,0.0,-0.4,0.0,0.7000000000000001,0.0,0.0001,16.0,25903.0
2026-07-30T19:01:07.766Z,237.249,237.264,0.0,7.4,0.0,0.0,0.0,0.0,0.0,0.0,0.0,0.0,1.0,0.0,0.0,0.0,9.0,4.0,0.0,0.0,0.0,0.0,0.0,0.0,0.0,0.0,2.0,12.0,1.0,12.15,5.01,2.51,1.49,0.0,0.0,0.0,0.5,0.0,-0.2,0.1,0.4,-169.70000000000002,0.0,0.0,169.8,0.0,21.700000000000003,29.3,29.3,29.9,300.0,300.0,31.6,35.5,29.200000000000003,28.4,30.3,4.95,2.0,4.97,0.16,0.0,0.0,1027.0,8228.0,0.0,0.0,0.0,0.0,0.0,1.0,0.0,0.0,0.0,0.0,0.0,0.4,0.0,-0.3,0.0,0.0001,16.0,25903.0
2026-07-30T19:01:07.778Z,237.261,237.276,0.0,7.4,0.0,0.0,0.0,0.0,0.0,0.0,0.0,0.0,1.0,0.0,0.0,0.0,9.0,4.0,0.0,0.0,0.0,0.0,0.0,0.0,0.0,0.0,3.0,12.0,1.0,12.15,5.01,2.51,1.49,0.0,0.0,0.0,0.4,0.0,-0.2,0.1,1.0,-169.70000000000002,0.0,0.0,169.70000000000002,0.0,21.700000000000003,29.3,29.3,29.9,300.0,300.0,31.6,35.5,29.200000000000003,28.4,30.3,4.96,2.0,4.96,0.16,0.0,0.0,1027.0,8228.0,0.0,0.0,0.0,0.0,0.0,1.0,0.0,0.0,0.0,0.0,0.0,0.8,0.0,-0.8,0.0,0.0002,16.0,25903.0
2026-07-30T19:01:07.791Z,237.274,237.288,0.0,7.4,0.0,0.0,0.0,0.0,0.0,0.0,0.0,0.0,1.0,0.0,0.0,0.0,9.0,4.0,0.0,0.0,0.0,0.0,0.0,0.0,0.0,0.0,4.0,12.0,1.0,12.15,5.01,2.51,1.49,0.0,0.0,0.0,0.4,0.0,0.3,0.1,-0.1,-169.70000000000002,0.0,0.0,169.70000000000002,0.0,21.700000000000003,29.3,29.3,29.9,300.0,300.0,31.6,35.5,29.200000000000003,28.4,30.3,4.95,1.99,4.97,0.16,0.0,0.0,1027.0,8228.0,0.0,0.0,0.0,0.0,0.0,1.0,0.0,0.0,0.0,0.0,0.0,0.0,0.0,0.1,0.0,0.0,16.0,25903.0
2026-07-30T19:01:07.803Z,237.286,237.3,0.0,7.4,0.0,0.0,0.0,0.0,0.0,0.0,0.0,0.0,1.0,0.0,0.0,0.0,9.0,4.0,0.0,0.0,0.0,0.0,0.0,0.0,0.0,0.0,5.0,12.0,1.0,12.15,5.01,2.51,1.49,0.0,0.0,0.0,0.4,0.0,-0.2,-0.4,-0.1,-169.70000000000002,0.0,0.0,169.8,0.0,21.700000000000003,29.3,29.3,29.9,300.0,300.0,31.6,35.5,29.200000000000003,28.4,30.3,4.95,1.99,4.96,0.16,0.0,0.0,1027.0,8228.0,0.0,0.0,0.0,0.0,0.0,1.0,0.0,0.0,0.0,0.0,0.0,-0.6000000000000001,0.0,0.0,0.0,0.0,16.0,25903.0
2026-07-30T19:01:07.815Z,237.298,237.312,0.0,7.4,0.0,0.0,0.0,0.0,0.0,0.0,0.0,0.0,1.0,0.0,0.0,0.0,9.0,4.0,0.0,0.0,0.0,0.0,0.0,0.0,0.0,0.0,6.0,12.0,1.0,12.15,5.01,2.51,1.49,0.0,0.0,0.0,0.4,0.0,-0.2,0.1,-0.7000000000000001,-169.70000000000002,0.0,0.0,169.8,0.0,21.700000000000003,29.3,29.3,29.9,300.0,300.0,31.6,35.5,29.200000000000003,28.4,30.3,4.96,1.99,4.96,0.16,0.0,0.0,1027.0,8228.0,0.0,0.0,0.0,0.0,0.0,1.0,0.0,0.0,0.0,0.0,0.0,-0.3,0.0,0.6000000000000001,0.0,0.0001,16.0,25903.0
2026-07-30T19:01:07.826Z,237.309,237.324,0.0,7.4,0.0,0.0,0.0,0.0,0.0,0.0,0.0,0.0,1.0,0.0,0.0,0.0,9.0,4.0,0.0,0.0,0.0,0.0,0.0,0.0,0.0,0.0,1.0,12.0,1.0,12.15,5.01,2.51,1.49,0.0,0.0,0.0,0.4,0.0,0.3,0.1,-0.1,-169.70000000000002,0.0,0.0,169.8,0.0,21.700000000000003,29.3,29.3,29.9,300.0,300.0,31.6,35.5,29.200000000000003,28.4,30.3,4.96,1.99,4.96,0.16,0.0,0.0,1027.0,8228.0,0.0,0.0,0.0,0.0,0.0,1.0,0.0,0.0,0.0,0.0,0.0,0.0,0.0,0.1,0.0,0.0,16.0,25903.0
2026-07-30T19:01:07.839Z,237.322,237.336,0.0,7.4,0.0,0.0,0.0,0.0,0.0,0.0,0.0,0.0,1.0,0.0,0.0,0.0,9.0,4.0,0.0,0.0,0.0,0.0,0.0,0.0,0.0,0.0,2.0,12.0,1.0,12.15,5.01,2.51,1.49,0.0,0.0,0.0,0.4,0.0,0.9,-0.5,-0.1,-169.70000000000002,0.0,0.0,169.8,0.0,21.700000000000003,29.3,29.3,29.9,300.0,300.0,31.6,35.5,29.200000000000003,28.4,30.3,4.95,1.99,4.97,0.16,0.0,0.0,1027.0,8228.0,0.0,0.0,0.0,0.0,0.0,1.0,0.0,0.0,0.0,0.0,0.0,-0.6000000000000001,0.0,0.0,0.0,0.0,16.0,25903.0
2026-07-30T19:01:07.854Z,237.337,237.348,0.0,7.4,0.0,0.0,0.0,0.0,0.0,0.0,0.0,0.0,1.0,0.0,0.0,0.0,9.0,4.0,0.0,0.0,0.0,0.0,0.0,0.0,0.0,0.0,1.0,12.0,1.0,12.17,5.0200000000000005,2.5,1.49,0.0,0.0,0.0,0.4,0.0,0.8,1.8,1.0,-169.70000000000002,0.0,0.0,169.8,0.0,21.700000000000003,29.3,29.3,29.9,300.0,300.0,31.5,35.4,29.200000000000003,28.4,30.3,4.95,1.99,4.96,0.16,0.0,0.0,1027.0,8228.0,0.0,0.0,0.0,0.0,0.0,1.0,0.0,0.0,0.0,0.0,0.0,2.9000000000000004,0.0,-0.5,0.0,0.0001,16.0,25903.0
2026-07-30T19:01:07.863Z,237.346,237.36,0.0,7.4,0.0,0.0,0.0,0.0,0.0,0.0,0.0,0.0,1.0,0.0,0.0,0.0,9.0,4.0,0.0,0.0,0.0,0.0,0.0,0.0,0.0,0.0,6.0,12.0,1.0,12.17,5.0200000000000005,2.5,1.49,0.0,0.0,0.0,0.4,0.0,-0.8,-0.4,-0.7000000000000001,-169.70000000000002,0.0,0.0,169.8,0.0,21.700000000000003,29.3,29.3,29.9,300.0,300.0,31.5,35.4,29.200000000000003,28.4,30.3,4.96,1.99,4.96,0.16,0.0,0.0,1027.0,8228.0,0.0,0.0,0.0,0.0,0.0,1.0,0.0,0.0,0.0,0.0,0.0,-1.0,0.0,0.5,0.0,0.0,16.0,25903.0
2026-07-30T19:01:07.874Z,237.357,237.372,0.0,7.4,0.0,0.0,0.0,0.0,0.0,0.0,0.0,0.0,1.0,0.0,0.0,0.0,9.0,4.0,0.0,0.0,0.0,0.0,0.0,0.0,0.0,0.0,1.0,12.0,1.0,12.17,5.0200000000000005,2.5,1.49,0.0,0.0,0.0,0.4,0.0,0.3,-0.4,-0.7000000000000001,-169.70000000000002,0.0,0.0,169.8,0.0,21.700000000000003,29.3,29.3,29.9,300.0,300.0,31.5,35.4,29.200000000000003,28.4,30.3,4.95,1.99,4.97,0.16,0.0,0.0,1027.0,8228.0,0.0,0.0,0.0,0.0,0.0,1.0,0.0,0.0,0.0,0.0,0.0,-1.0,0.0,0.5,0.0,0.0001,16.0,25903.0
2026-07-30T19:01:07.887Z,237.37,237.384,0.0,7.4,0.0,0.0,0.0,0.0,0.0,0.0,0.0,0.0,1.0,0.0,0.0,0.0,9.0,4.0,0.0,0.0,0.0,0.0,0.0,0.0,0.0,0.0,2.0,12.0,1.0,12.17,5.0200000000000005,2.5,1.49,0.0,0.0,0.0,0.4,0.0,-0.2,-1.0,-0.7000000000000001,-169.70000000000002,0.0,0.0,169.8,0.0,21.700000000000003,29.3,29.3,29.9,300.0,300.0,31.5,35.4,29.200000000000003,28.4,30.3,4.95,1.99,4.96,0.16,0.0,0.0,1027.0,8228.0,0.0,0.0,0.0,0.0,0.0,1.0,0.0,0.0,0.0,0.0,0.0,-1.7000000000000002,0.0,0.4,0.0,0.0,16.0,25903.0
2026-07-30T19:01:07.898Z,237.381,237.396,0.0,7.4,0.0,0.0,0.0,0.0,0.0,0.0,0.0,0.0,1.0,0.0,0.0,0.0,9.0,4.0,0.0,0.0,0.0,0.0,0.0,0.0,0.0,0.0,3.0,12.0,1.0,12.17,5.0200000000000005,2.5,1.49,0.0,0.0,0.0,0.4,0.0,0.8,0.1,-0.1,-169.70000000000002,0.0,0.0,169.8,0.0,21.700000000000003,29.3,29.3,29.9,300.0,300.0,31.5,35.4,29.200000000000003,28.4,30.3,4.95,2.0,4.97,0.16,0.0,0.0,1027.0,8228.0,0.0,0.0,0.0,0.0,0.0,1.0,0.0,0.0,0.0,0.0,0.0,0.0,0.0,0.1,0.0,0.0001,16.0,25903.0
2026-07-30T19:01:07.911Z,237.394,237.408,0.0,7.4,0.0,0.0,0.0,0.0,0.0,0.0,0.0,0.0,1.0,0.0,0.0,0.0,9.0,4.0,0.0,0.0,0.0,0.0,0.0,0.0,0.0,0.0,4.0,12.0,1.0,12.17,5.0200000000000005,2.5,1.49,0.0,0.0,0.0,0.4,0.0,-0.2,0.1,0.0,-169.70000000000002,0.0,0.0,169.8,0.0,21.700000000000003,29.3,29.3,29.9,300.0,300.0,31.5,35.4,29.200000000000003,28.4,30.3,4.96,1.99,4.97,0.16,0.0,0.0,1027.0,8228.0,0.0,0.0,0.0,0.0,0.0,1.0,0.0,0.0,0.0,0.0,0.0,0.1,0.0,0.0,0.0,0.0,16.0,25903.0
2026-07-30T19:01:07.922Z,237.405,237.42,0.0,7.4,0.0,0.0,0.0,0.0,0.0,0.0,0.0,0.0,1.0,0.0,0.0,0.0,9.0,4.0,0.0,0.0,0.0,0.0,0.0,0.0,0.0,0.0,4.0,12.0,1.0,12.17,5.0200000000000005,2.5,1.49,0.0,0.0,0.0,0.4,0.0,0.9,0.1,0.5,-169.70000000000002,0.0,0.0,169.8,0.0,21.700000000000003,29.3,29.3,29.9,300.0,300.0,31.5,35.4,29.200000000000003,28.4,30.3,4.95,1.99,4.97,0.16,0.0,0.0,1027.0,8228.0,0.0,0.0,0.0,0.0,0.0,1.0,0.0,0.0,0.0,0.0,0.0,0.5,0.0,-0.4,0.0,0.0,16.0,25903.0
2026-07-30T19:01:07.934Z,237.417,237.432,0.0,7.4,0.0,0.0,0.0,0.0,0.0,0.0,0.0,0.0,1.0,0.0,0.0,0.0,9.0,4.0,0.0,0.0,0.0,0.0,0.0,0.0,0.0,0.0,5.0,12.0,1.0,12.17,5.0200000000000005,2.5,1.49,0.0,0.1,0.0,0.4,0.0,-0.2,-1.6,1.1,-169.70000000000002,0.0,0.0,169.8,0.0,21.700000000000003,29.3,29.3,29.9,300.0,300.0,31.5,35.4,29.200000000000003,28.4,30.3,4.96,1.99,4.96,0.16,0.0,0.0,1027.0,8228.0,0.0,0.0,0.0,0.0,0.0,1.0,0.0,0.0,0.0,0.0,0.0,-0.9,0.0,-1.3,0.0,0.0,16.0,25903.0
2026-07-30T19:01:07.946Z,237.429,237.444,0.0,7.4,0.0,0.0,0.0,0.0,0.0,0.0,0.0,0.0,1.0,0.0,0.0,0.0,9.0,4.0,0.0,0.0,0.0,0.0,0.0,0.0,0.0,0.0,6.0,12.0,1.0,12.17,5.0200000000000005,2.5,1.49,0.0,0.0,0.0,0.4,0.0,0.3,-0.5,0.0,-169.70000000000002,0.0,0.0,169.8,0.0,21.700000000000003,29.3,29.3,29.9,300.0,300.0,31.5,35.4,29.200000000000003,28.4,30.3,4.96,1.99,4.97,0.16,0.0,0.0,1027.0,8228.0,0.0,0.0,0.0,0.0,0.0,1.0,0.0,0.0,0.0,0.0,0.0,-0.6000000000000001,0.0,0.0,0.0,0.0,16.0,25903.0
2026-07-30T19:01:07.959Z,237.442,237.456,0.0,7.4,0.0,0.0,0.0,0.0,0.0,0.0,0.0,0.0,1.0,0.0,0.0,0.0,9.0,4.0,0.0,0.0,0.0,0.0,0.0,0.0,0.0,0.0,2.0,12.0,1.0,12.11,5.0200000000000005,2.51,1.49,0.0,0.0,0.0,0.4,0.0,0.3,1.1,0.5,-169.70000000000002,0.0,0.0,169.70000000000002,0.0,21.4,29.3,29.3,29.9,300.0,300.0,31.5,35.5,29.200000000000003,28.4,30.3,4.95,1.99,4.97,0.16,0.0,0.0,1027.0,8228.0,0.0,0.0,0.0,0.0,0.0,1.0,0.0,0.0,0.0,0.0,0.0,1.7000000000000002,0.0,-0.2,0.0,0.0,16.0,25903.0
2026-07-30T19:01:07.971Z,237.454,237.468,0.0,7.4,0.0,0.0,0.0,0.0,0.0,0.0,0.0,0.0,1.0,0.0,0.0,0.0,9.0,4.0,0.0,0.0,0.0,0.0,0.0,0.0,0.0,0.0,3.0,12.0,1.0,12.11,5.0200000000000005,2.51,1.49,0.0,0.0,0.0,0.4,0.0,1.5,0.0,0.0,-169.70000000000002,0.0,0.0,169.8,0.0,21.4,29.3,29.3,29.9,300.0,300.0,31.5,35.5,29.200000000000003,28.4,30.3,4.96,1.99,4.96,0.16,0.0,0.0,1027.0,8228.0,0.0,0.0,0.0,0.0,0.0,1.0,0.0,0.0,0.0,0.0,0.0,0.0,0.0,0.0,0.0,0.0002,16.0,25903.0
2026-07-30T19:01:07.982Z,237.465,237.48,0.0,7.4,0.0,0.0,0.0,0.0,0.0,0.0,0.0,0.0,1.0,0.0,0.0,0.0,9.0,4.0,0.0,0.0,0.0,0.0,0.0,0.0,0.0,0.0,4.0,12.0,1.0,12.11,5.0200000000000005,2.51,1.49,0.0,0.0,0.0,0.4,0.0,0.3,-0.5,-1.2000000000000002,-169.70000000000002,0.0,0.0,169.70000000000002,0.0,21.4,29.3,29.3,29.9,300.0,300.0,31.5,35.5,29.200000000000003,28.4,30.3,4.96,1.99,4.96,0.16,0.0,0.0,1027.0,8228.0,0.0,0.0,0.0,0.0,0.0,1.0,0.0,0.0,0.0,0.0,0.0,-1.5,0.0,0.9,0.0,0.0,16.0,25903.0
2026-07-30T19:01:07.994Z,237.477,237.492,0.0,7.4,0.0,0.0,0.0,0.0,0.0,0.0,0.0,0.0,1.0,0.0,0.0,0.0,9.0,4.0,0.0,0.0,0.0,0.0,0.0,0.0,0.0,0.0,5.0,12.0,1.0,12.11,5.0200000000000005,2.51,1.49,0.0,0.0,0.0,0.4,0.0,-0.8,0.0,0.0,-169.70000000000002,0.0,0.0,169.8,0.0,21.4,29.3,29.3,29.9,300.0,300.0,31.5,35.5,29.200000000000003,28.4,30.3,4.96,1.99,4.97,0.16,0.0,0.0,1027.0,8228.0,0.0,0.0,0.0,0.0,0.0,1.0,0.0,0.0,0.0,0.0,0.0,0.0,0.0,0.0,0.0,0.0,16.0,25903.0
2026-07-30T19:01:08.006Z,237.489,237.504,0.0,7.4,0.0,0.0,0.0,0.0,0.0,0.0,0.0,0.0,1.0,0.0,0.0,0.0,9.0,4.0,0.0,0.0,0.0,0.0,0.0,0.0,0.0,0.0,6.0,12.0,1.0,12.11,5.0200000000000005,2.51,1.49,0.0,0.0,0.0,0.4,0.0,0.3,0.5,1.1,-169.70000000000002,0.0,0.0,169.70000000000002,0.0,21.4,29.3,29.3,29.9,300.0,300.0,31.5,35.5,29.200000000000003,28.4,30.3,4.95,1.99,4.97,0.16,0.0,0.0,1027.0,8228.0,0.0,0.0,0.0,0.0,0.0,1.0,0.0,0.0,0.0,0.0,0.0,1.5,0.0,-0.9,0.0,0.0,16.0,25903.0
2026-07-30T19:01:08.018Z,237.501,237.516,0.0,7.4,0.0,0.0,0.0,0.0,0.0,0.0,0.0,0.0,1.0,0.0,0.0,0.0,9.0,4.0,0.0,0.0,0.0,0.0,0.0,0.0,0.0,0.0,1.0,12.0,1.0,12.11,5.0200000000000005,2.51,1.49,0.0,0.0,0.0,0.4,0.0,-0.3,-0.5,0.5,-169.70000000000002,0.0,0.0,169.8,0.0,21.4,29.3,29.3,29.9,300.0,300.0,31.5,35.5,29.200000000000003,28.4,30.3,4.96,1.99,4.96,0.16,0.0,0.0,1027.0,8228.0,0.0,0.0,0.0,0.0,0.0,1.0,0.0,0.0,0.0,0.0,0.0,-0.2,0.0,-0.5,0.0,0.0001,16.0,25903.0
2026-07-30T19:01:08.030Z,237.513,237.528,0.0,7.4,0.0,0.0,0.0,0.0,0.0,0.0,0.0,0.0,1.0,0.0,0.0,0.0,9.0,4.0,0.0,0.0,0.0,0.0,0.0,0.0,0.0,0.0,2.0,12.0,1.0,12.11,5.0200000000000005,2.51,1.49,0.0,0.1,0.0,0.4,0.0,-0.9,0.5,-0.6000000000000001,-169.70000000000002,0.0,0.0,169.8,0.0,21.4,29.3,29.3,29.9,300.0,300.0,31.5,35.5,29.200000000000003,28.4,30.3,4.95,1.99,4.97,0.16,0.0,0.0,1027.0,8228.0,0.0,0.0,0.0,0.0,0.0,1.0,0.0,0.0,0.0,0.0,0.0,0.1,0.0,0.6000000000000001,0.0,0.0001,16.0,25903.0
2026-07-30T19:01:08.042Z,237.525,237.54,0.0,7.4,0.0,0.0,0.0,0.0,0.0,0.0,0.0,0.0,1.0,0.0,0.0,0.0,9.0,4.0,0.0,0.0,0.0,0.0,0.0,0.0,0.0,0.0,3.0,12.0,1.0,12.11,5.0200000000000005,2.51,1.49,0.0,0.1,0.0,0.4,0.0,-0.3,0.0,1.0,-169.70000000000002,0.0,0.0,169.8,0.0,21.4,29.3,29.3,29.9,300.0,300.0,31.5,35.5,29.200000000000003,28.4,30.3,4.95,1.99,4.96,0.16,0.0,0.0,1027.0,8228.0,0.0,0.0,0.0,0.0,0.0,1.0,0.0,0.0,0.0,0.0,0.0,0.7000000000000001,0.0,-0.9,0.0,0.0,16.0,25903.0
2026-07-30T19:01:08.054Z,237.537,237.552,0.0,7.4,0.0,0.0,0.0,0.0,0.0,0.0,0.0,0.0,1.0,0.0,0.0,0.0,9.0,4.0,0.0,0.0,0.0,0.0,0.0,0.0,0.0,0.0,4.0,12.0,1.0,12.17,5.0200000000000005,2.51,1.49,0.0,0.0,0.0,0.5,0.0,-0.3,0.0,-1.2000000000000002,-169.70000000000002,0.0,0.0,169.8,0.0,21.4,29.3,29.3,29.9,300.0,300.0,31.6,35.5,29.1,28.4,30.3,4.96,1.99,4.96,0.16,0.0,0.0,1027.0,8228.0,0.0,0.0,0.0,0.0,0.0,1.0,0.0,0.0,0.0,0.0,0.0,0.3,0.0,-0.4,0.0,0.0,16.0,25903.0
2026-07-30T19:01:08.066Z,237.549,237.564,0.0,7.4,0.0,0.0,0.0,0.0,0.0,0.0,0.0,0.0,1.0,0.0,0.0,0.0,9.0,4.0,0.0,0.0,0.0,0.0,0.0,0.0,0.0,0.0,5.0,12.0,1.0,12.17,5.0200000000000005,2.51,1.49,0.0,0.1,0.0,0.4,0.0,-0.3,-1.2000000000000002,-1.2000000000000002,-169.70000000000002,0.0,0.0,169.8,0.0,21.4,29.3,29.3,29.9,300.0,300.0,31.6,35.5,29.1,28.4,30.3,4.95,1.99,4.96,0.16,0.0,0.0,1027.0,8228.0,0.0,0.0,0.0,0.0,0.0,1.0,0.0,0.0,0.0,0.0,0.0,-0.5,0.0,0.6000000000000001,0.0,0.0,16.0,25903.0
2026-07-30T19:01:08.078Z,237.561,237.576,0.0,7.4,0.0,0.0,0.0,0.0,0.0,0.0,0.0,0.0,1.0,0.0,0.0,0.0,9.0,4.0,0.0,0.0,0.0,0.0,0.0,0.0,0.0,0.0,6.0,12.0,1.0,12.17,5.0200000000000005,2.51,1.49,0.0,0.0,0.0,0.5,0.0,0.2,-1.2000000000000002,-0.7000000000000001,-169.70000000000002,0.0,0.0,169.8,0.0,21.4,29.3,29.3,29.9,300.0,300.0,31.6,35.5,29.1,28.4,30.3,4.95,1.99,4.97,0.16,0.0,0.0,1027.0,8228.0,0.0,0.0,0.0,0.0,0.0,1.0,0.0,0.0,0.0,0.0,0.0,-1.9,0.0,0.3,0.0,0.0,16.0,25903.0
2026-07-30T19:01:08.091Z,237.574,237.588,0.0,7.4,0.0,0.0,0.0,0.0,0.0,0.0,0.0,0.0,1.0,0.0,0.0,0.0,9.0,4.0,0.0,0.0,0.0,0.0,0.0,0.0,0.0,0.0,1.0,12.0,1.0,12.17,5.0200000000000005,2.51,1.49,0.0,0.0,0.0,0.4,0.0,-0.3,0.0,0.4,-169.70000000000002,0.0,0.0,169.8,0.0,21.4,29.3,29.3,29.9,300.0,300.0,31.6,35.5,29.1,28.4,30.3,4.95,1.99,4.96,0.16,0.0,0.0,1027.0,8228.0,0.0,0.0,0.0,0.0,0.0,1.0,0.0,0.0,0.0,0.0,0.0,0.9,0.0,-0.2,0.0,0.0001,16.0,25903.0
2026-07-30T19:01:08.103Z,237.586,237.6,0.0,7.4,0.0,0.0,0.0,0.0,0.0,0.0,0.0,0.0,1.0,0.0,0.0,0.0,9.0,4.0,0.0,0.0,0.0,0.0,0.0,0.0,0.0,0.0,2.0,12.0,1.0,12.17,5.0200000000000005,2.51,1.49,0.0,0.0,0.0,0.4,0.0,0.8,1.6,-0.6000000000000001,-169.70000000000002,0.0,0.0,169.70000000000002,0.0,21.4,29.3,29.3,29.9,300.0,300.0,31.6,35.5,29.1,28.4,30.3,4.96,1.99,4.96,0.16,0.0,0.0,1027.0,8228.0,0.0,0.0,0.0,0.0,0.0,1.0,0.0,0.0,0.0,0.0,0.0,1.4,0.0,0.9,0.0,0.0001,16.0,25903.0
2026-07-30T19:01:08.114Z,237.597,237.612,0.0,7.4,0.0,0.0,0.0,0.0,0.0,0.0,0.0,0.0,1.0,0.0,0.0,0.0,9.0,4.0,0.0,0.0,0.0,0.0,0.0,0.0,0.0,0.0,2.0,12.0,1.0,12.17,5.0200000000000005,2.51,1.49,0.0,0.0,0.0,0.4,0.0,0.2,0.5,1.0,-169.70000000000002,0.0,0.0,169.8,0.0,21.4,29.3,29.3,29.9,300.0,300.0,31.6,35.5,29.1,28.4,30.3,4.95,1.99,4.97,0.17,0.0,0.0,1027.0,8228.0,0.0,0.0,0.0,0.0,0.0,1.0,0.0,0.0,0.0,0.0,0.0,1.4,0.0,-0.8,0.0,0.0002,16.0,25903.0
2026-07-30T19:01:08.126Z,237.609,237.624,0.0,7.4,0.0,0.0,0.0,0.0,0.0,0.0,0.0,0.0,1.0,0.0,0.0,0.0,9.0,4.0,0.0,0.0,0.0,0.0,0.0,0.0,0.0,0.0,3.0,12.0,1.0,12.17,5.0200000000000005,2.51,1.49,0.0,0.0,0.0,0.4,0.0,-0.2,-1.2000000000000002,1.1,-169.70000000000002,0.0,0.0,169.8,0.0,21.4,29.3,29.3,29.9,300.0,300.0,31.6,35.5,29.1,28.4,30.3,4.96,1.99,4.96,0.17,0.0,0.0,1027.0,8228.0,0.0,0.0,0.0,0.0,0.0,1.0,0.0,0.0,0.0,0.0,0.0,-2.7,0.0,1.3,0.0,0.0,16.0,25903.0
2026-07-30T19:01:08.138Z,237.621,237.636,0.0,7.4,0.0,0.0,0.0,0.0,0.0,0.0,0.0,0.0,1.0,0.0,0.0,0.0,9.0,4.0,0.0,0.0,0.0,0.0,0.0,0.0,0.0,0.0,4.0,12.0,1.0,12.17,5.0200000000000005,2.51,1.49,0.0,0.0,0.0,0.4,0.0,-0.8,0.0,1.1,-169.70000000000002,0.0,0.0,169.70000000000002,0.0,21.4,29.3,29.3,29.9,300.0,300.0,31.6,35.5,29.1,28.4,30.3,4.96,2.0,4.97,0.16,0.0,0.0,1027.0,8228.0,0.0,0.0,0.0,0.0,0.0,1.0,0.0,0.0,0.0,0.0,0.0,-1.6,0.0,0.9,0.0,0.0001,16.0,25903.0
2026-07-30T19:01:08.150Z,237.633,237.648,0.0,7.4,0.0,0.0,0.0,0.0,0.0,0.0,0.0,0.0,1.0,0.0,0.0,0.0,9.0,4.0,0.0,0.0,0.0,0.0,0.0,0.0,0.0,0.0,6.0,12.0,1.0,12.17,5.0200000000000005,2.51,1.49,0.0,0.0,0.0,0.4,0.0,0.8,0.5,1.1,-169.70000000000002,0.0,0.0,169.60000000000002,0.0,21.4,29.3,29.3,29.9,300.0,300.0,31.6,35.5,29.1,28.4,30.3,4.95,1.99,4.97,0.16,0.0,0.0,1027.0,8228.0,0.0,0.0,0.0,0.0,0.0,1.0,0.0,0.0,0.0,0.0,0.0,1.4,0.0,-0.8,0.0,0.0002,16.0,25903.0
2026-07-30T19:01:08.168Z,237.651,237.66,0.0,7.4,0.0,0.0,0.0,0.0,0.0,0.0,0.0,0.0,1.0,0.0,0.0,0.0,9.0,4.0,0.0,0.0,0.0,0.0,0.0,0.0,0.0,0.0,6.0,12.0,1.0,12.17,5.0200000000000005,2.51,1.49,0.0,0.0,0.0,0.4,0.0,0.3,-0.5,-0.6000000000000001,-169.70000000000002,0.0,0.0,169.70000000000002,0.0,21.200000000000003,29.3,29.3,29.9,300.0,300.0,31.5,35.5,29.200000000000003,28.4,30.3,4.95,1.99,4.97,0.16,0.0,0.0,1027.0,8228.0,0.0,0.0,0.0,0.0,0.0,1.0,0.0,0.0,0.0,0.0,0.0,-1.1,0.0,0.4,0.0,0.0001,16.0,25903.0
2026-07-30T19:01:08.175Z,237.658,237.672,0.0,7.4,0.0,0.0,0.0,0.0,0.0,0.0,0.0,0.0,1.0,0.0,0.0,0.0,9.0,4.0,0.0,0.0,0.0,0.0,0.0,0.0,0.0,0.0,4.0,12.0,1.0,12.17,5.0200000000000005,2.51,1.49,0.0,0.0,0.0,0.4,0.0,0.9,0.0,1.6,-169.70000000000002,0.0,0.0,169.70000000000002,0.0,21.200000000000003,29.3,29.3,29.9,300.0,300.0,31.5,35.5,29.200000000000003,28.4,30.3,4.96,1.99,4.96,0.16,0.0,0.0,1027.0,8228.0,0.0,0.0,0.0,0.0,0.0,1.0,0.0,0.0,0.0,0.0,0.0,1.2000000000000002,0.0,-1.4,0.0,0.0001,16.0,25903.0
2026-07-30T19:01:08.187Z,237.67,237.684,0.0,7.4,0.0,0.0,0.0,0.0,0.0,0.0,0.0,0.0,1.0,0.0,0.0,0.0,9.0,4.0,0.0,0.0,0.0,0.0,0.0,0.0,0.0,0.0,6.0,12.0,1.0,12.17,5.0200000000000005,2.51,1.49,0.0,0.0,0.0,0.4,0.0,0.3,0.5,0.5,-169.70000000000002,0.0,0.0,169.8,0.0,21.200000000000003,29.3,29.3,29.9,300.0,300.0,31.5,35.5,29.200000000000003,28.4,30.3,4.96,1.99,4.97,0.16,0.0,0.0,1027.0,8228.0,0.0,0.0,0.0,0.0,0.0,1.0,0.0,0.0,0.0,0.0,0.0,0.3,0.0,1.3,0.0,0.0001,16.0,25903.0
2026-07-30T19:01:08.198Z,237.681,237.696,0.0,7.4,0.0,0.0,0.0,0.0,0.0,0.0,0.0,0.0,1.0,0.0,0.0,0.0,9.0,4.0,0.0,0.0,0.0,0.0,0.0,0.0,0.0,0.0,1.0,12.0,1.0,12.17,5.0200000000000005,2.51,1.49,0.0,0.0,0.0,0.4,0.0,0.3,1.7000000000000002,1.7000000000000002,-169.70000000000002,0.0,0.0,169.8,0.0,21.200000000000003,29.3,29.3,29.9,300.0,300.0,31.5,35.5,29.200000000000003,28.4,30.3,4.95,1.99,4.97,0.16,0.0,0.0,1027.0,8228.0,0.0,0.0,0.0,0.0,0.0,1.0,0.0,0.0,0.0,0.0,0.0,-1.1,0.0,0.3,0.0,0.0,16.0,25903.0
2026-07-30T19:01:08.210Z,237.693,237.708,0.0,7.4,0.0,0.0,0.0,0.0,0.0,0.0,0.0,0.0,1.0,0.0,0.0,0.0,9.0,4.0,0.0,0.0,0.0,0.0,0.0,0.0,0.0,0.0,2.0,12.0,1.0,12.17,5.0200000000000005,2.51,1.49,0.0,0.0,0.0,0.4,0.0,0.3,0.0,1.2000000000000002,-169.70000000000002,0.0,0.0,169.70000000000002,0.0,21.200000000000003,29.3,29.3,29.9,300.0,300.0,31.5,35.5,29.200000000000003,28.4,30.3,4.96,1.99,4.96,0.16,0.0,0.0,1027.0,8228.0,0.0,0.0,0.0,0.0,0.0,1.0,0.0,0.0,0.0,0.0,0.0,0.8,0.0,-1.0,0.0,0.0001,16.0,25903.0
2026-07-30T19:01:08.222Z,237.705,237.72,0.0,7.4,0.0,0.0,0.0,0.0,0.0,0.0,0.0,0.0,1.0,0.0,0.0,0.0,9.0,4.0,0.0,0.0,0.0,0.0,0.0,0.0,0.0,0.0,3.0,12.0,1.0,12.17,5.0200000000000005,2.51,1.49,0.0,0.0,0.0,0.4,0.0,-0.2,-1.1,0.0,-169.70000000000002,0.0,0.0,169.70000000000002,0.0,21.200000000000003,29.3,29.3,29.9,300.0,300.0,31.5,35.5,29.200000000000003,28.4,30.3,4.95,2.0,4.96,0.16,0.0,0.0,1027.0,8228.0,0.0,0.0,0.0,0.0,0.0,1.0,0.0,0.0,0.0,0.0,0.0,-1.7000000000000002,0.0,0.2,0.0,0.0002,16.0,25903.0
2026-07-30T19:01:08.234Z,237.717,237.732,0.0,7.4,0.0,0.0,0.0,0.0,0.0,0.0,0.0,0.0,1.0,0.0,0.0,0.0,9.0,4.0,0.0,0.0,0.0,0.0,0.0,0.0,0.0,0.0,3.0,12.0,1.0,12.17,5.0200000000000005,2.51,1.49,0.0,0.0,0.0,0.4,0.0,0.3,1.1,1.7000000000000002,-169.70000000000002,0.0,0.0,169.70000000000002,0.0,21.200000000000003,29.3,29.3,29.9,300.0,300.0,31.5,35.5,29.200000000000003,28.4,30.3,4.95,1.99,4.97,0.16,0.0,0.0,1027.0,8228.0,0.0,0.0,0.0,0.0,0.0,1.0,0.0,0.0,0.0,0.0,0.0,2.6,0.0,-1.3,0.0,0.0,16.0,25903.0
2026-07-30T19:01:08.246Z,237.729,237.744,0.0,7.4,0.0,0.0,0.0,0.0,0.0,0.0,0.0,0.0,1.0,0.0,0.0,0.0,9.0,4.0,0.0,0.0,0.0,0.0,0.0,0.0,0.0,0.0,4.0,12.0,1.0,12.17,5.0200000000000005,2.51,1.49,0.0,0.1,0.0,0.4,0.0,-0.2,1.1,-0.5,-169.70000000000002,0.0,0.0,169.8,0.0,21.200000000000003,29.3,29.3,29.9,300.0,300.0,31.5,35.5,29.200000000000003,28.4,30.3,4.95,1.99,4.97,0.16,0.0,0.0,1027.0,8228.0,0.0,0.0,0.0,0.0,0.0,1.0,0.0,0.0,0.0,0.0,0.0,0.8,0.0,0.7000000000000001,0.0,0.0,16.0,25903.0
2026-07-30T19:01:08.258Z,237.741,237.756,0.0,7.4,0.0,0.0,0.0,0.0,0.0,0.0,0.0,0.0,1.0,0.0,0.0,0.0,9.0,4.0,0.0,0.0,0.0,0.0,0.0,0.0,0.0,0.0,5.0,12.0,1.0,12.18,5.01,2.5,1.49,0.0,0.0,0.0,0.4,0.0,-0.2,0.0,0.0,-169.70000000000002,0.0,0.0,169.70000000000002,0.0,21.700000000000003,29.3,29.3,29.8,300.0,300.0,31.5,35.5,29.1,28.4,30.3,4.95,1.99,4.96,0.16,0.0,0.0,1027.0,8228.0,0.0,0.0,0.0,0.0,0.0,1.0,0.0,0.0,0.0,0.0,0.0,-0.2,0.0,-0.6000000000000001,0.0,0.0001,16.0,25903.0
2026-07-30T19:01:08.271Z,237.754,237.768,0.0,7.4,0.0,0.0,0.0,0.0,0.0,0.0,0.0,0.0,1.0,0.0,0.0,0.0,9.0,4.0,0.0,0.0,0.0,0.0,0.0,0.0,0.0,0.0,1.0,12.0,1.0,12.18,5.01,2.5,1.49,0.0,0.0,0.0,0.4,0.0,0.3,0.5,0.0,-169.70000000000002,0.0,0.0,169.60000000000002,0.0,21.700000000000003,29.3,29.3,29.8,300.0,300.0,31.5,35.5,29.1,28.4,30.3,4.95,1.99,4.97,0.16,0.0,0.0,1027.0,8228.0,0.0,0.0,0.0,0.0,0.0,1.0,0.0,0.0,0.0,0.0,0.0,0.6000000000000001,0.0,0.1,0.0,0.0001,16.0,25903.0
2026-07-30T19:01:08.282Z,237.765,237.78,0.0,7.4,0.0,0.0,0.0,0.0,0.0,0.0,0.0,0.0,1.0,0.0,0.0,0.0,9.0,4.0,0.0,0.0,0.0,0.0,0.0,0.0,0.0,0.0,1.0,12.0,1.0,12.18,5.01,2.5,1.49,0.0,0.1,0.0,0.4,0.0,0.3,1.1,0.0,-169.70000000000002,0.0,0.0,169.8,0.0,21.700000000000003,29.3,29.3,29.8,300.0,300.0,31.5,35.5,29.1,28.4,30.3,4.95,1.99,4.97,0.16,0.0,0.0,1027.0,8228.0,0.0,0.0,0.0,0.0,0.0,1.0,0.0,0.0,0.0,0.0,0.0,1.3,0.0,0.2,0.0,0.0002,16.0,25903.0
2026-07-30T19:01:08.294Z,237.777,237.792,0.0,7.4,0.0,0.0,0.0,0.0,0.0,0.0,0.0,0.0,1.0,0.0,0.0,0.0,9.0,4.0,0.0,0.0,0.0,0.0,0.0,0.0,0.0,0.0,3.0,12.0,1.0,12.18,5.01,2.5,1.49,0.0,0.0,0.0,0.4,0.0,-0.2,0.0,0.6000000000000001,-169.70000000000002,0.0,0.0,169.8,0.0,21.700000000000003,29.3,29.3,29.8,300.0,300.0,31.5,35.5,29.1,28.4,30.3,4.96,2.0,4.97,0.16,0.0,0.0,1027.0,8228.0,0.0,0.0,0.0,0.0,0.0,1.0,0.0,0.0,0.0,0.0,0.0,0.4,0.0,-0.5,0.0,0.0001,16.0,25903.0
2026-07-30T19:01:08.306Z,237.789,237.804,0.0,7.4,0.0,0.0,0.0,0.0,0.0,0.0,0.0,0.0,1.0,0.0,0.0,0.0,9.0,4.0,0.0,0.0,0.0,0.0,0.0,0.0,0.0,0.0,4.0,12.0,1.0,12.18,5.01,2.5,1.49,0.0,0.0,0.0,0.4,0.0,-0.1,0.6000000000000001,-0.5,-169.70000000000002,0.0,0.0,169.70000000000002,0.0,21.700000000000003,29.3,29.3,29.8,300.0,300.0,31.5,35.5,29.1,28.4,30.3,4.96,2.0,4.96,0.16,0.0,0.0,1027.0,8228.0,0.0,0.0,0.0,0.0,0.0,1.0,0.0,0.0,0.0,0.0,0.0,0.3,0.0,0.5,0.0,0.0001,16.0,25903.0
2026-07-30T19:01:08.318Z,237.801,237.816,0.0,7.4,0.0,0.0,0.0,0.0,0.0,0.0,0.0,0.0,1.0,0.0,0.0,0.0,9.0,4.0,0.0,0.0,0.0,0.0,0.0,0.0,0.0,0.0,5.0,12.0,1.0,12.18,5.01,2.5,1.49,0.0,0.0,0.0,0.4,0.0,-0.1,-0.5,0.0,-169.70000000000002,0.0,0.0,169.8,0.0,21.700000000000003,29.3,29.3,29.8,300.0,300.0,31.5,35.5,29.1,28.4,30.3,4.95,1.99,4.97,0.16,0.0,0.0,1027.0,8228.0,0.0,0.0,0.0,0.0,0.0,1.0,0.0,0.0,0.0,0.0,0.0,-0.5,0.0,-0.1,0.0,0.0001,16.0,25903.0
2026-07-30T19:01:08.330Z,237.813,237.828,0.0,7.4,0.0,0.0,0.0,0.0,0.0,0.0,0.0,0.0,1.0,0.0,0.0,0.0,9.0,4.0,0.0,0.0,0.0,0.0,0.0,0.0,0.0,0.0,5.0,12.0,1.0,12.18,5.01,2.5,1.49,0.0,0.0,0.0,0.4,0.0,-0.1,0.0,0.6000000000000001,-169.70000000000002,0.0,0.0,169.8,0.0,21.700000000000003,29.3,29.3,29.8,300.0,300.0,31.5,35.5,29.1,28.4,30.3,4.95,1.99,4.97,0.16,0.0,0.0,1027.0,8228.0,0.0,0.0,0.0,0.0,0.0,1.0,0.0,0.0,0.0,0.0,0.0,0.5,0.0,-0.5,0.0,0.0,16.0,25903.0
2026-07-30T19:01:08.342Z,237.825,237.84,0.0,7.4,0.0,0.0,0.0,0.0,0.0,0.0,0.0,0.0,1.0,0.0,0.0,0.0,9.0,4.0,0.0,0.0,0.0,0.0,0.0,0.0,0.0,0.0,6.0,12.0,1.0,12.18,5.01,2.5,1.49,0.0,0.0,0.0,0.4,0.0,-0.1,0.5,0.6000000000000001,-169.70000000000002,0.0,0.0,169.8,0.0,21.700000000000003,29.3,29.3,29.8,300.0,300.0,31.5,35.5,29.1,28.4,30.3,4.96,1.99,4.97,0.16,0.0,0.0,1027.0,8228.0,0.0,0.0,0.0,0.0,0.0,1.0,0.0,0.0,0.0,0.0,0.0,1.1,0.0,-0.4,0.0,0.0001,16.0,25903.0
2026-07-30T19:01:08.354Z,237.837,237.852,0.0,7.4,0.0,0.0,0.0,0.0,0.0,0.0,0.0,0.0,1.0,0.0,0.0,0.0,9.0,4.0,0.0,0.0,0.0,0.0,0.0,0.0,0.0,0.0,1.0,12.0,1.0,12.18,5.01,2.5,1.49,0.0,0.0,0.0,0.4,0.0,-0.7000000000000001,-0.5,0.0,-169.70000000000002,0.0,0.0,169.8,0.0,21.700000000000003,29.3,29.3,29.8,300.0,300.0,31.5,35.5,29.1,28.4,30.3,4.95,1.99,4.96,0.16,0.0,0.0,1027.0,8228.0,0.0,0.0,0.0,0.0,0.0,1.0,0.0,0.0,0.0,0.0,0.0,-0.5,0.0,-0.1,0.0,0.0001,16.0,25903.0
2026-07-30T19:01:08.367Z,237.85,237.864,0.0,7.4,0.0,0.0,0.0,0.0,0.0,0.0,0.0,0.0,1.0,0.0,0.0,0.0,9.0,4.0,0.0,0.0,0.0,0.0,0.0,0.0,0.0,0.0,3.0,12.0,1.0,12.17,5.01,2.51,1.5,0.0,0.0,0.0,0.4,0.0,-0.1,-1.1,-0.5,-169.70000000000002,0.0,0.0,169.8,0.0,21.4,29.3,29.3,29.9,300.0,300.0,31.4,35.5,29.1,28.4,30.3,4.96,1.99,4.97,0.16,0.0,0.0,1027.0,8228.0,0.0,0.0,0.0,0.0,0.0,1.0,0.0,0.0,0.0,0.0,0.0,-1.7000000000000002,0.0,0.2,0.0,0.0,16.0,25903.0
2026-07-30T19:01:08.379Z,237.862,237.876,0.0,7.4,0.0,0.0,0.0,0.0,0.0,0.0,0.0,0.0,1.0,0.0,0.0,0.0,9.0,4.0,0.0,0.0,0.0,0.0,0.0,0.0,0.0,0.0,4.0,12.0,1.0,12.17,5.01,2.51,1.5,0.0,0.0,0.0,0.4,0.0,-0.2,0.0,-0.5,-169.70000000000002,0.0,0.0,169.70000000000002,0.0,21.4,29.3,29.3,29.9,300.0,300.0,31.4,35.5,29.1,28.4,30.3,4.96,1.99,4.96,0.16,0.0,0.0,1027.0,8228.0,0.0,0.0,0.0,0.0,0.0,1.0,0.0,0.0,0.0,0.0,0.0,-0.4,0.0,0.4,0.0,0.0,16.0,25903.0
2026-07-30T19:01:08.391Z,237.874,237.888,0.0,7.4,0.0,0.0,0.0,0.0,0.0,0.0,0.0,0.0,1.0,0.0,0.0,0.0,9.0,4.0,0.0,0.0,0.0,0.0,0.0,0.0,0.0,0.0,5.0,12.0,1.0,12.17,5.01,2.51,1.5,0.0,0.0,0.0,0.4,0.0,0.3,0.0,1.8,-169.70000000000002,0.0,0.0,169.8,0.0,21.4,29.3,29.3,29.9,300.0,300.0,31.4,35.5,29.1,28.4,30.3,4.95,1.99,4.96,0.16,0.0,0.0,1027.0,8228.0,0.0,0.0,0.0,0.0,0.0,1.0,0.0,0.0,0.0,0.0,0.0,1.3,0.0,-1.6,0.0,0.0001,16.0,25903.0
2026-07-30T19:01:08.402Z,237.885,237.9,0.0,7.4,0.0,0.0,0.0,0.0,0.0,0.0,0.0,0.0,1.0,0.0,0.0,0.0,9.0,4.0,0.0,0.0,0.0,0.0,0.0,0.0,0.0,0.0,6.0,12.0,1.0,12.17,5.01,2.51,1.5,0.0,0.0,0.0,0.4,0.0,0.3,-0.5,0.0,-169.70000000000002,0.0,0.0,169.8,0.0,21.4,29.3,29.3,29.9,300.0,300.0,31.4,35.5,29.1,28.4,30.3,4.95,1.99,4.97,0.16,0.0,0.0,1027.0,8228.0,0.0,0.0,0.0,0.0,0.0,1.0,0.0,0.0,0.0,0.0,0.0,-0.6000000000000001,0.0,-0.1,0.0,0.0,16.0,25903.0
2026-07-30T19:01:08.415Z,237.898,237.912,0.0,7.4,0.0,0.0,0.0,0.0,0.0,0.0,0.0,0.0,1.0,0.0,0.0,0.0,9.0,4.0,0.0,0.0,0.0,0.0,0.0,0.0,0.0,0.0,1.0,12.0,1.0,12.17,5.01,2.51,1.5,0.0,0.0,0.0,0.4,0.0,0.9,1.1,2.9000000000000004,-169.70000000000002,0.0,0.0,169.70000000000002,0.0,21.4,29.3,29.3,29.9,300.0,300.0,31.4,35.5,29.1,28.4,30.3,4.96,1.99,4.96,0.16,0.0,0.0,1027.0,8228.0,0.0,0.0,0.0,0.0,0.0,1.0,0.0,0.0,0.0,0.0,0.0,3.5,0.0,-2.3000000000000003,0.0,0.0,16.0,25903.0
2026-07-30T19:01:08.427Z,237.91,237.924,0.0,7.4,0.0,0.0,0.0,0.0,0.0,0.0,0.0,0.0,1.0,0.0,0.0,0.0,9.0,4.0,0.0,0.0,0.0,0.0,0.0,0.0,0.0,0.0,2.0,12.0,1.0,12.17,5.01,2.51,1.5,0.0,0.1,0.0,0.4,0.0,-0.2,1.1,-0.5,-169.70000000000002,0.0,0.0,169.70000000000002,0.0,21.4,29.3,29.3,29.9,300.0,300.0,31.4,35.5,29.1,28.4,30.3,4.96,1.99,4.97,0.16,0.0,0.0,1027.0,8228.0,0.0,0.0,0.0,0.0,0.0,1.0,0.0,0.0,0.0,0.0,0.0,0.9,0.0,0.7000000000000001,0.0,0.0,16.0,25903.0
2026-07-30T19:01:08.438Z,237.921,237.936,0.0,7.4,0.0,0.0,0.0,0.0,0.0,0.0,0.0,0.0,1.0,0.0,0.0,0.0,9.0,4.0,0.0,0.0,0.0,0.0,0.0,0.0,0.0,0.0,3.0,12.0,1.0,12.17,5.01,2.51,1.5,0.0,0.0,0.0,0.4,0.0,-0.2,-0.5,0.6000000000000001,-169.70000000000002,0.0,0.0,169.8,0.0,21.4,29.3,29.3,29.9,300.0,300.0,31.4,35.5,29.1,28.4,30.3,4.95,1.99,4.97,0.16,0.0,0.0,1027.0,8228.0,0.0,0.0,0.0,0.0,0.0,1.0,0.0,0.0,0.0,0.0,0.0,-0.1,0.0,-0.6000000000000001,0.0,0.0001,16.0,25903.0
2026-07-30T19:01:08.451Z,237.934,237.948,0.0,7.4,0.0,0.0,0.0,0.0,0.0,0.0,0.0,0.0,1.0,0.0,0.0,0.0,9.0,4.0,0.0,0.0,0.0,0.0,0.0,0.0,0.0,0.0,3.0,12.0,1.0,12.17,5.01,2.51,1.5,0.0,0.0,0.0,0.4,0.0,-0.2,1.1,1.8,-169.70000000000002,0.0,0.0,169.8,0.0,21.4,29.3,29.3,29.9,300.0,300.0,31.4,35.5,29.1,28.4,30.3,4.96,1.99,4.96,0.16,0.0,0.0,1027.0,8228.0,0.0,0.0,0.0,0.0,0.0,1.0,0.0,0.0,0.0,0.0,0.0,2.6,0.0,-1.3,0.0,0.0001,16.0,25903.0
2026-07-30T19:01:08.462Z,237.945,237.96,-0.1,7.4,0.0,0.0,0.0,0.0,0.0,0.0,0.0,0.0,1.0,0.0,0.0,0.0,9.0,4.0,0.0,0.0,0.0,0.0,0.0,0.0,0.0,0.0,4.0,12.0,1.0,12.15,5.01,2.5,1.49,0.0,0.0,0.0,0.4,0.0,0.9,0.0,0.5,-169.70000000000002,0.0,0.0,169.8,0.0,21.8,29.3,29.3,29.9,300.0,300.0,31.5,35.5,29.1,28.4,30.3,4.95,2.0,4.97,0.16,0.0,0.0,1027.0,8228.0,0.0,0.0,0.0,0.0,0.0,1.0,0.0,0.0,0.0,0.0,0.0,0.4,0.0,-0.4,0.0,0.0001,16.0,25903.0
2026-07-30T19:01:08.482Z,237.965,237.972,0.0,7.4,0.0,0.0,0.0,0.0,0.0,0.0,0.0,0.0,1.0,0.0,0.0,0.0,9.0,4.0,0.0,0.0,0.0,0.0,0.0,0.0,0.0,0.0,5.0,12.0,1.0,12.15,5.01,2.5,1.49,0.0,0.0,0.0,0.4,0.0,0.3,0.0,1.7000000000000002,-169.70000000000002,0.0,0.0,169.70000000000002,0.0,21.8,29.3,29.3,29.9,300.0,300.0,31.5,35.5,29.1,28.4,30.3,4.95,1.99,4.97,0.16,0.0,0.0,1027.0,8228.0,0.0,0.0,0.0,0.0,0.0,1.0,0.0,0.0,0.0,0.0,0.0,1.3,0.0,-1.5,0.0,0.0,16.0,25903.0
2026-07-30T19:01:08.486Z,237.969,237.984,0.0,7.4,0.0,0.0,0.0,0.0,0.0,0.0,0.0,0.0,1.0,0.0,0.0,0.0,9.0,4.0,0.0,0.0,0.0,0.0,0.0,0.0,0.0,0.0,3.0,12.0,1.0,12.15,5.01,2.5,1.49,0.0,0.0,0.0,0.4,0.0,0.3,0.6000000000000001,1.6,-169.70000000000002,0.0,0.0,169.8,0.0,21.8,29.3,29.3,29.9,300.0,300.0,31.5,35.5,29.1,28.4,30.3,4.95,1.99,4.97,0.16,0.0,0.0,1027.0,8228.0,0.0,0.0,0.0,0.0,0.0,1.0,0.0,0.0,0.0,0.0,0.0,1.9,0.0,-1.3,0.0,0.0001,16.0,25903.0
2026-07-30T19:01:08.498Z,237.981,237.996,0.0,7.4,0.0,0.0,0.0,0.0,0.0,0.0,0.0,0.0,1.0,0.0,0.0,0.0,9.0,4.0,0.0,0.0,0.0,0.0,0.0,0.0,0.0,0.0,3.0,12.0,1.0,12.15,5.01,2.5,1.49,0.0,0.0,0.0,0.4,0.0,-0.2,-1.6,0.0,-169.70000000000002,0.0,0.0,169.8,0.0,21.8,29.3,29.3,29.9,300.0,300.0,31.5,35.5,29.1,28.4,30.3,4.96,1.99,4.96,0.16,0.0,0.0,1027.0,8228.0,0.0,0.0,0.0,0.0,0.0,1.0,0.0,0.0,0.0,0.0,0.0,-1.9,0.0,-0.2,0.0,0.0,16.0,25903.0
2026-07-30T19:01:08.510Z,237.993,238.008,0.0,7.4,0.0,0.0,0.0,0.0,0.0,0.0,0.0,0.0,1.0,0.0,0.0,0.0,9.0,4.0,0.0,0.0,0.0,0.0,0.0,0.0,0.0,0.0,4.0,12.0,1.0,12.15,5.01,2.5,1.49,0.0,0.0,0.0,0.4,0.0,-0.2,0.0,1.0,-169.70000000000002,0.0,0.0,169.8,0.0,21.8,29.3,29.3,29.9,300.0,300.0,31.5,35.5,29.1,28.4,30.3,4.95,1.99,4.97,0.16,0.0,0.0,1027.0,8228.0,0.0,0.0,0.0,0.0,0.0,1.0,0.0,0.0,0.0,0.0,0.0,0.8,0.0,-0.9,0.0,0.0,16.0,25903.0
2026-07-30T19:01:08.522Z,238.005,238.02,0.0,7.4,0.0,0.0,0.0,0.0,0.0,0.0,0.0,0.0,1.0,0.0,0.0,0.0,9.0,4.0,0.0,0.0,0.0,0.0,0.0,0.0,0.0,0.0,5.0,12.0,1.0,12.15,5.01,2.5,1.49,0.0,0.0,0.0,0.4,0.0,-0.8,-0.5,-0.6000000000000001,-169.70000000000002,0.0,0.0,169.8,0.0,21.8,29.3,29.3,29.9,300.0,300.0,31.5,35.5,29.1,28.4,30.3,4.95,1.99,4.96,0.16,0.0,0.0,1027.0,8228.0,0.0,0.0,0.0,0.0,0.0,1.0,0.0,0.0,0.0,0.0,0.0,-1.1,0.0,0.4,0.0,0.0001,16.0,25903.0
2026-07-30T19:01:08.534Z,238.017,238.032,0.0,7.4,0.0,0.0,0.0,0.0,0.0,0.0,0.0,0.0,1.0,0.0,0.0,0.0,9.0,4.0,0.0,0.0,0.0,0.0,0.0,0.0,0.0,0.0,6.0,12.0,1.0,12.15,5.01,2.5,1.49,0.0,0.0,0.0,0.4,0.0,0.2,1.1,1.6,-169.70000000000002,0.0,0.0,169.8,0.0,21.8,29.3,29.3,29.9,300.0,300.0,31.5,35.5,29.1,28.4,30.3,4.96,2.0,4.96,0.16,0.0,0.0,1027.0,8228.0,0.0,0.0,0.0,0.0,0.0,1.0,0.0,0.0,0.0,0.0,0.0,2.5,0.0,-1.2000000000000002,0.0,0.0,16.0,25903.0
2026-07-30T19:01:08.546Z,238.029,238.044,0.0,7.4,0.0,0.0,0.0,0.0,0.0,0.0,0.0,0.0,1.0,0.0,0.0,0.0,9.0,4.0,0.0,0.0,0.0,0.0,0.0,0.0,0.0,0.0,2.0,12.0,1.0,12.15,5.01,2.5,1.49,0.0,0.0,0.0,0.4,0.0,0.8,0.0,1.6,-169.70000000000002,0.0,0.0,169.8,0.0,21.8,29.3,29.3,29.9,300.0,300.0,31.5,35.5,29.1,28.4,30.3,4.95,2.0,4.96,0.16,0.0,0.0,1027.0,8228.0,0.0,0.0,0.0,0.0,0.0,1.0,0.0,0.0,0.0,0.0,0.0,1.2000000000000002,0.0,-1.4,0.0,0.0001,16.0,25903.0
2026-07-30T19:01:08.558Z,238.041,238.056,0.0,7.4,0.0,0.0,0.0,0.0,0.0,0.0,0.0,0.0,1.0,0.0,0.0,0.0,9.0,4.0,0.0,0.0,0.0,0.0,0.0,0.0,0.0,0.0,2.0,12.0,1.0,12.15,5.01,2.5,1.49,0.0,0.0,0.0,0.4,0.0,0.7000000000000001,0.0,-0.1,-169.70000000000002,0.0,0.0,169.8,0.0,21.8,29.3,29.3,29.9,300.0,300.0,31.5,35.5,29.1,28.4,30.3,4.95,1.99,4.97,0.16,0.0,0.0,1027.0,8228.0,0.0,0.0,0.0,0.0,0.0,1.0,0.0,0.0,0.0,0.0,0.0,-0.1,0.0,0.1,0.0,0.0,16.0,25903.0
2026-07-30T19:01:08.571Z,238.054,238.068,0.0,7.4,0.0,0.0,0.0,0.0,0.0,0.0,0.0,0.0,1.0,0.0,0.0,0.0,9.0,4.0,0.0,0.0,0.0,0.0,0.0,0.0,0.0,0.0,4.0,12.0,1.0,12.17,5.0200000000000005,2.5,1.49,0.0,0.0,0.0,0.4,0.0,0.1,0.0,-0.8,-169.70000000000002,0.0,0.0,169.8,0.0,21.3,29.3,29.3,29.8,300.0,300.0,31.5,35.5,29.200000000000003,28.4,30.3,4.95,2.0,4.96,0.16,0.0,0.0,1027.0,8228.0,0.0,0.0,0.0,0.0,0.0,1.0,0.0,0.0,0.0,0.0,0.0,1.5,0.0,0.0,0.0,0.0,16.0,25903.0
2026-07-30T19:01:08.582Z,238.065,238.08,0.0,7.4,0.0,0.0,0.0,0.0,0.0,0.0,0.0,0.0,1.0,0.0,0.0,0.0,9.0,4.0,0.0,0.0,0.0,0.0,0.0,0.0,0.0,0.0,5.0,12.0,1.0,12.17,5.0200000000000005,2.5,1.49,0.0,0.0,0.0,0.4,0.0,-0.4,0.0,0.3,-169.70000000000002,0.0,0.0,169.8,0.0,21.3,29.3,29.3,29.8,300.0,300.0,31.5,35.5,29.200000000000003,28.4,30.3,4.96,1.99,4.96,0.16,0.0,0.0,1027.0,8228.0,0.0,0.0,0.0,0.0,0.0,1.0,0.0,0.0,0.0,0.0,0.0,0.1,0.0,-0.3,0.0,0.0,16.0,25903.0
2026-07-30T19:01:08.595Z,238.078,238.092,0.0,7.4,0.0,0.0,0.0,0.0,0.0,0.0,0.0,0.0,1.0,0.0,0.0,0.0,9.0,4.0,0.0,0.0,0.0,0.0,0.0,0.0,0.0,0.0,6.0,12.0,1.0,12.17,5.0200000000000005,2.5,1.49,0.0,0.0,0.0,0.4,0.0,0.1,0.0,1.5,-169.70000000000002,0.0,0.0,169.8,0.0,21.3,29.3,29.3,29.8,300.0,300.0,31.5,35.5,29.200000000000003,28.4,30.3,4.95,1.99,4.97,0.16,0.0,0.0,1027.0,8228.0,0.0,0.0,0.0,0.0,0.0,1.0,0.0,0.0,0.0,0.0,0.0,-1.3,0.0,0.5,0.0,0.0,16.0,25903.0
2026-07-30T19:01:08.607Z,238.09,238.104,0.0,7.4,0.0,0.0,0.0,0.0,0.0,0.0,0.0,0.0,1.0,0.0,0.0,0.0,9.0,4.0,0.0,0.0,0.0,0.0,0.0,0.0,0.0,0.0,1.0,12.0,1.0,12.17,5.0200000000000005,2.5,1.49,0.0,0.1,0.0,0.4,0.0,0.7000000000000001,0.4,-0.2,-169.70000000000002,0.0,0.0,169.8,0.0,21.3,29.3,29.3,29.8,300.0,300.0,31.5,35.5,29.200000000000003,28.4,30.3,4.96,1.99,4.96,0.16,0.0,0.0,1027.0,8228.0,0.0,0.0,0.0,0.0,0.0,1.0,0.0,0.0,0.0,0.0,0.0,-1.5,0.0,0.0,0.0,0.0001,16.0,25903.0
2026-07-30T19:01:08.618Z,238.101,238.116,0.0,7.4,0.0,0.0,0.0,0.0,0.0,0.0,0.0,0.0,1.0,0.0,0.0,0.0,9.0,4.0,0.0,0.0,0.0,0.0,0.0,0.0,0.0,0.0,2.0,12.0,1.0,12.17,5.0200000000000005,2.5,1.49,0.0,0.0,0.0,0.4,0.0,-0.4,-0.6000000000000001,-1.3,-169.70000000000002,0.0,0.0,169.8,0.0,21.3,29.3,29.3,29.8,300.0,300.0,31.5,35.5,29.200000000000003,28.4,30.3,4.96,2.0,4.97,0.16,0.0,0.0,1027.0,8228.0,0.0,0.0,0.0,0.0,0.0,1.0,0.0,0.0,0.0,0.0,0.0,-1.7000000000000002,0.0,1.0,0.0,0.0,16.0,25903.0
2026-07-30T19:01:08.630Z,238.113,238.128,0.0,7.4,0.0,0.0,0.0,0.0,0.0,0.0,0.0,0.0,1.0,0.0,0.0,0.0,9.0,4.0,0.0,0.0,0.0,0.0,0.0,0.0,0.0,0.0,3.0,12.0,1.0,12.17,5.0200000000000005,2.5,1.49,0.0,0.1,0.0,0.4,0.0,0.1,1.0,1.5,-169.70000000000002,0.0,0.0,169.8,0.0,21.3,29.3,29.3,29.8,300.0,300.0,31.5,35.5,29.200000000000003,28.4,30.3,4.95,1.99,4.97,0.16,0.0,0.0,1027.0,8228.0,0.0,0.0,0.0,0.0,0.0,1.0,0.0,0.0,0.0,0.0,0.0,-1.3,0.0,0.5,0.0,0.0,16.0,25903.0
2026-07-30T19:01:08.642Z,238.125,238.14,0.0,7.4,0.0,0.0,0.0,0.0,0.0,0.0,0.0,0.0,1.0,0.0,0.0,0.0,9.0,4.0,0.0,0.0,0.0,0.0,0.0,0.0,0.0,0.0,4.0,12.0,1.0,12.17,5.0200000000000005,2.5,1.49,0.0,0.0,0.0,0.5,0.0,0.2,0.5,-0.1,-169.70000000000002,0.0,0.0,169.8,0.0,21.3,29.3,29.3,29.8,300.0,300.0,31.5,35.5,29.200000000000003,28.4,30.3,4.95,1.99,4.97,0.16,0.0,0.0,1027.0,8228.0,0.0,0.0,0.0,0.0,0.0,1.0,0.0,0.0,0.0,0.0,0.0,0.3,0.0,-0.3,0.0,0.0001,16.0,25903.0
2026-07-30T19:01:08.654Z,238.137,238.152,0.0,7.4,0.0,0.0,0.0,0.0,0.0,0.0,0.0,0.0,1.0,0.0,0.0,0.0,9.0,4.0,0.0,0.0,0.0,0.0,0.0,0.0,0.0,0.0,5.0,12.0,1.0,12.17,5.0200000000000005,2.5,1.49,0.0,0.0,0.0,0.4,0.0,0.2,-1.1,-1.3,-169.70000000000002,0.0,0.0,169.8,0.0,21.3,29.3,29.3,29.8,300.0,300.0,31.5,35.5,29.200000000000003,28.4,30.3,4.96,2.0,4.96,0.16,0.0,0.0,1027.0,8228.0,0.0,0.0,0.0,0.0,0.0,1.0,0.0,0.0,0.0,0.0,0.0,-1.6,0.0,1.0,0.0,0.0,16.0,25903.0
2026-07-30T19:01:08.666Z,238.149,238.164,0.0,7.4,0.0,0.0,0.0,0.0,0.0,0.0,0.0,0.0,1.0,0.0,0.0,0.0,9.0,4.0,0.0,0.0,0.0,0.0,0.0,0.0,0.0,0.0,6.0,12.0,1.0,12.14,5.01,2.51,1.49,0.0,0.0,0.0,0.4,0.0,0.2,0.0,-2.5,-169.70000000000002,0.0,0.0,169.8,0.0,21.4,29.3,29.3,29.9,300.0,300.0,31.5,35.5,29.200000000000003,28.4,30.3,4.96,1.99,4.97,0.16,0.0,0.0,1027.0,8228.0,0.0,0.0,0.0,0.0,0.0,1.0,0.0,0.0,0.0,0.0,0.0,1.8,0.0,-1.2000000000000002,0.0,0.0,16.0,25903.0
2026-07-30T19:01:08.678Z,238.161,238.176,0.0,7.4,0.0,0.0,0.0,0.0,0.0,0.0,0.0,0.0,1.0,0.0,0.0,0.0,9.0,4.0,0.0,0.0,0.0,0.0,0.0,0.0,0.0,0.0,1.0,12.0,1.0,12.14,5.01,2.51,1.49,0.0,0.0,0.0,0.4,0.0,0.2,0.0,-0.1,-169.70000000000002,0.0,0.0,169.8,0.0,21.4,29.3,29.3,29.9,300.0,300.0,31.5,35.5,29.200000000000003,28.4,30.3,4.95,1.99,4.97,0.16,0.0,0.0,1027.0,8228.0,0.0,0.0,0.0,0.0,0.0,1.0,0.0,0.0,0.0,0.0,0.0,-0.9,0.0,1.1,0.0,0.0,16.0,25903.0
2026-07-30T19:01:08.690Z,238.173,238.188,0.0,7.4,0.0,0.0,0.0,0.0,0.0,0.0,0.0,0.0,1.0,0.0,0.0,0.0,9.0,4.0,0.0,0.0,0.0,0.0,0.0,0.0,0.0,0.0,2.0,12.0,1.0,12.14,5.01,2.51,1.49,0.0,0.0,0.0,0.5,0.0,-0.3,-0.5,-0.1,-169.70000000000002,0.0,0.0,169.8,0.0,21.4,29.3,29.3,29.9,300.0,300.0,31.5,35.5,29.200000000000003,28.4,30.3,4.96,1.99,4.97,0.16,0.0,0.0,1027.0,8228.0,0.0,0.0,0.0,0.0,0.0,1.0,0.0,0.0,0.0,0.0,0.0,-1.1,0.0,0.5,0.0,0.0,16.0,25903.0
2026-07-30T19:01:08.702Z,238.185,238.2,0.0,7.4,0.0,0.0,0.0,0.0,0.0,0.0,0.0,0.0,1.0,0.0,0.0,0.0,9.0,4.0,0.0,0.0,0.0,0.0,0.0,0.0,0.0,0.0,3.0,12.0,1.0,12.14,5.01,2.51,1.49,0.0,0.0,0.0,0.4,0.0,-0.3,-0.5,-0.1,-169.70000000000002,0.0,0.0,169.70000000000002,0.0,21.4,29.3,29.3,29.9,300.0,300.0,31.5,35.5,29.200000000000003,28.4,30.3,4.95,2.0,4.96,0.16,0.0,0.0,1027.0,8228.0,0.0,0.0,0.0,0.0,0.0,1.0,0.0,0.0,0.0,0.0,0.0,0.6000000000000001,0.0,0.2,0.0,0.0,16.0,25903.0
2026-07-30T19:01:08.715Z,238.198,238.212,0.0,7.4,0.0,0.0,0.0,0.0,0.0,0.0,0.0,0.0,1.0,0.0,0.0,0.0,9.0,4.0,0.0,0.0,0.0,0.0,0.0,0.0,0.0,0.0,5.0,12.0,1.0,12.14,5.01,2.51,1.49,0.0,0.1,0.0,0.4,0.0,0.2,0.6000000000000001,1.6,-169.70000000000002,0.0,0.0,169.8,0.0,21.4,29.3,29.3,29.9,300.0,300.0,31.5,35.5,29.200000000000003,28.4,30.3,4.95,1.99,4.97,0.16,0.0,0.0,1027.0,8228.0,0.0,0.0,0.0,0.0,0.0,1.0,0.0,0.0,0.0,0.0,0.0,0.6000000000000001,0.0,0.2,0.0,0.0001,16.0,25903.0
2026-07-30T19:01:08.727Z,238.21,238.224,0.0,7.4,0.0,0.0,0.0,0.0,0.0,0.0,0.0,0.0,1.0,0.0,0.0,0.0,9.0,4.0,0.0,0.0,0.0,0.0,0.0,0.0,0.0,0.0,6.0,12.0,1.0,12.14,5.01,2.51,1.49,0.0,0.0,0.0,0.4,0.0,-0.8,0.1,-0.6000000000000001,-169.70000000000002,0.0,0.0,169.8,0.0,21.4,29.3,29.3,29.9,300.0,300.0,31.5,35.5,29.200000000000003,28.4,30.3,4.95,2.0,4.97,0.16,0.0,0.0,1027.0,8228.0,0.0,0.0,0.0,0.0,0.0,1.0,0.0,0.0,0.0,0.0,0.0,1.1,0.0,-0.3,0.0,0.0,16.0,25903.0
2026-07-30T19:01:08.739Z,238.222,238.236,0.0,7.4,0.0,0.0,0.0,0.0,0.0,0.0,0.0,0.0,1.0,0.0,0.0,0.0,9.0,4.0,0.0,0.0,0.0,0.0,0.0,0.0,0.0,0.0,1.0,12.0,1.0,12.14,5.01,2.51,1.49,0.0,0.0,0.0,0.4,0.0,0.3,0.1,0.0,-169.70000000000002,0.0,0.0,169.70000000000002,0.0,21.4,29.3,29.3,29.9,300.0,300.0,31.5,35.5,29.200000000000003,28.4,30.3,4.96,2.0,4.96,0.16,0.0,0.0,1027.0,8228.0,0.0,0.0,0.0,0.0,0.0,1.0,0.0,0.0,0.0,0.0,0.0,0.0,0.0,0.0,0.0,0.0,16.0,25903.0
2026-07-30T19:01:08.751Z,238.234,238.248,0.0,7.4,0.0,0.0,0.0,0.0,0.0,0.0,0.0,0.0,1.0,0.0,0.0,0.0,9.0,4.0,0.0,0.0,0.0,0.0,0.0,0.0,0.0,0.0,2.0,12.0,1.0,12.14,5.01,2.51,1.49,0.0,0.0,0.0,0.4,0.0,-0.2,-1.6,-0.6000000000000001,-169.70000000000002,0.0,0.0,169.60000000000002,0.0,21.4,29.3,29.3,29.9,300.0,300.0,31.5,35.5,29.200000000000003,28.4,30.3,4.95,1.99,4.97,0.16,0.0,0.0,1027.0,8228.0,0.0,0.0,0.0,0.0,0.0,1.0,0.0,0.0,0.0,0.0,0.0,-2.3000000000000003,0.0,0.2,0.0,0.0001,16.0,25903.0
2026-07-30T19:01:08.763Z,238.246,238.26,0.0,7.4,0.0,0.0,0.0,0.0,0.0,0.0,0.0,0.0,1.0,0.0,0.0,0.0,9.0,4.0,0.0,0.0,0.0,0.0,0.0,0.0,0.0,0.0,3.0,12.0,1.0,12.14,5.01,2.51,1.49,0.0,0.0,0.0,0.4,0.0,-0.2,0.0,-0.6000000000000001,-169.70000000000002,0.0,0.0,169.8,0.0,21.4,29.3,29.3,29.9,300.0,300.0,31.5,35.5,29.200000000000003,28.4,30.3,4.95,1.99,4.97,0.16,0.0,0.0,1027.0,8228.0,0.0,0.0,0.0,0.0,0.0,1.0,0.0,0.0,0.0,0.0,0.0,2.2,0.0,-0.7000000000000001,0.0,0.0001,16.0,25903.0
2026-07-30T19:01:08.775Z,238.258,238.272,0.0,7.4,0.0,0.0,0.0,0.0,0.0,0.0,0.0,0.0,1.0,0.0,0.0,0.0,9.0,4.0,0.0,0.0,0.0,0.0,0.0,0.0,0.0,0.0,4.0,12.0,1.0,12.18,5.0200000000000005,2.5,1.49,0.0,0.0,0.0,0.4,0.0,-0.8,0.1,0.0,-169.70000000000002,0.0,0.0,169.60000000000002,0.0,20.9,29.3,29.3,29.8,300.0,300.0,31.5,35.5,29.1,28.4,30.3,4.96,2.0,4.97,0.16,0.0,0.0,1027.0,8228.0,0.0,0.0,0.0,0.0,0.0,1.0,0.0,0.0,0.0,0.0,0.0,0.1,0.0,0.0,0.0,0.0001,16.0,25903.0
2026-07-30T19:01:08.790Z,238.273,238.284,0.0,7.4,0.0,0.0,0.0,0.0,0.0,0.0,0.0,0.0,1.0,0.0,0.0,0.0,9.0,4.0,0.0,0.0,0.0,0.0,0.0,0.0,0.0,0.0,4.0,12.0,1.0,12.18,5.0200000000000005,2.5,1.49,0.0,0.0,0.0,0.4,0.0,0.2,-0.5,0.0,-169.70000000000002,0.0,0.0,169.8,0.0,20.9,29.3,29.3,29.8,300.0,300.0,31.5,35.5,29.1,28.4,30.3,4.96,2.0,4.96,0.16,0.0,0.0,1027.0,8228.0,0.0,0.0,0.0,0.0,0.0,1.0,0.0,0.0,0.0,0.0,0.0,-0.6000000000000001,0.0,-0.1,0.0,0.0002,16.0,25903.0
2026-07-30T19:01:08.799Z,238.282,238.296,0.0,7.4,0.0,0.0,0.0,0.0,0.0,0.0,0.0,0.0,1.0,0.0,0.0,0.0,9.0,4.0,0.0,0.0,0.0,0.0,0.0,0.0,0.0,0.0,2.0,12.0,1.0,12.18,5.0200000000000005,2.5,1.49,0.0,0.1,0.0,0.4,0.0,-0.2,-0.5,-0.6000000000000001,-169.70000000000002,0.0,0.0,169.8,0.0,20.9,29.3,29.3,29.8,300.0,300.0,31.5,35.5,29.1,28.4,30.3,4.95,1.99,4.97,0.16,0.0,0.0,1027.0,8228.0,0.0,0.0,0.0,0.0,0.0,1.0,0.0,0.0,0.0,0.0,0.0,-1.0,0.0,0.4,0.0,0.0002,16.0,25903.0
2026-07-30T19:01:08.810Z,238.293,238.308,0.0,7.4,0.0,0.0,0.0,0.0,0.0,0.0,0.0,0.0,1.0,0.0,0.0,0.0,9.0,4.0,0.0,0.0,0.0,0.0,0.0,0.0,0.0,0.0,3.0,12.0,1.0,12.18,5.0200000000000005,2.5,1.49,0.0,0.1,0.0,0.4,0.0,0.2,0.0,0.0,-169.70000000000002,0.0,0.0,169.8,0.0,20.9,29.3,29.3,29.8,300.0,300.0,31.5,35.5,29.1,28.4,30.3,4.95,2.0,4.96,0.16,0.0,0.0,1027.0,8228.0,0.0,0.0,0.0,0.0,0.0,1.0,0.0,0.0,0.0,0.0,0.0,0.0,0.0,0.0,0.0,0.0,16.0,25903.0
2026-07-30T19:01:08.822Z,238.305,238.32,0.0,7.4,0.0,0.0,0.0,0.0,0.0,0.0,0.0,0.0,1.0,0.0,0.0,0.0,9.0,4.0,0.0,0.0,0.0,0.0,0.0,0.0,0.0,0.0,4.0,12.0,1.0,12.18,5.0200000000000005,2.5,1.49,0.0,0.1,0.0,0.5,0.0,-0.2,0.0,1.6,-169.70000000000002,0.0,0.0,169.70000000000002,0.0,20.9,29.3,29.3,29.8,300.0,300.0,31.5,35.5,29.1,28.4,30.3,4.96,1.99,4.96,0.16,0.0,0.0,1027.0,8228.0,0.0,0.0,0.0,0.0,0.0,1.0,0.0,0.0,0.0,0.0,0.0,1.3,0.0,-1.4,0.0,0.0,16.0,25903.0
2026-07-30T19:01:08.834Z,238.317,238.332,0.0,7.4,0.0,0.0,0.0,0.0,0.0,0.0,0.0,0.0,1.0,0.0,0.0,0.0,9.0,4.0,0.0,0.0,0.0,0.0,0.0,0.0,0.0,0.0,5.0,12.0,1.0,12.18,5.0200000000000005,2.5,1.49,0.0,0.0,0.0,0.4,0.0,-0.2,-0.4,-0.1,-169.70000000000002,0.0,0.0,169.8,0.0,20.9,29.3,29.3,29.8,300.0,300.0,31.5,35.5,29.1,28.4,30.3,4.95,1.99,4.97,0.16,0.0,0.0,1027.0,8228.0,0.0,0.0,0.0,0.0,0.0,1.0,0.0,0.0,0.0,0.0,0.0,-0.6000000000000001,0.0,0.0,0.0,0.0,16.0,25903.0
2026-07-30T19:01:08.847Z,238.33,238.344,0.0,7.4,0.0,0.0,0.0,0.0,0.0,0.0,0.0,0.0,1.0,0.0,0.0,0.0,9.0,4.0,0.0,0.0,0.0,0.0,0.0,0.0,0.0,0.0,6.0,12.0,1.0,12.18,5.0200000000000005,2.5,1.49,0.0,0.0,0.0,0.4,0.0,-0.2,-0.4,1.0,-169.70000000000002,0.0,0.0,169.8,0.0,20.9,29.3,29.3,29.8,300.0,300.0,31.5,35.5,29.1,28.4,30.3,4.96,1.99,4.97,0.16,0.0,0.0,1027.0,8228.0,0.0,0.0,0.0,0.0,0.0,1.0,0.0,0.0,0.0,0.0,0.0,0.2,0.0,-1.0,0.0,0.0,16.0,25903.0
2026-07-30T19:01:08.859Z,238.342,238.356,0.0,7.4,0.0,0.0,0.0,0.0,0.0,0.0,0.0,0.0,1.0,0.0,0.0,0.0,9.0,4.0,0.0,0.0,0.0,0.0,0.0,0.0,0.0,0.0,2.0,12.0,1.0,12.18,5.0200000000000005,2.5,1.49,0.0,0.0,0.0,0.4,0.0,0.9,0.0,-1.2000000000000002,-169.70000000000002,0.0,0.0,169.8,0.0,20.9,29.3,29.3,29.8,300.0,300.0,31.5,35.5,29.1,28.4,30.3,4.96,1.99,4.97,0.16,0.0,0.0,1027.0,8228.0,0.0,0.0,0.0,0.0,0.0,1.0,0.0,0.0,0.0,0.0,0.0,-0.9,0.0,1.1,0.0,0.0,16.0,25903.0
2026-07-30T19:01:08.870Z,238.353,238.368,0.0,7.4,0.0,0.0,0.0,0.0,0.0,0.0,0.0,0.0,1.0,0.0,0.0,0.0,9.0,4.0,0.0,0.0,0.0,0.0,0.0,0.0,0.0,0.0,3.0,12.0,1.0,12.15,5.0200000000000005,2.51,1.49,0.0,0.1,0.0,0.4,0.0,-0.8,-1.1,-1.2000000000000002,-169.70000000000002,0.0,0.0,169.8,0.0,21.700000000000003,29.3,29.3,29.8,300.0,300.0,31.4,35.5,29.200000000000003,28.4,30.200000000000003,4.96,1.99,4.97,0.16,0.0,0.0,1027.0,8228.0,0.0,0.0,0.0,0.0,0.0,1.0,0.0,0.0,0.0,0.0,0.0,-2.2,0.0,0.8,0.0,0.0001,16.0,25903.0
2026-07-30T19:01:08.882Z,238.365,238.38,0.0,7.4,0.0,0.0,0.0,0.0,0.0,0.0,0.0,0.0,1.0,0.0,0.0,0.0,9.0,4.0,0.0,0.0,0.0,0.0,0.0,0.0,0.0,0.0,4.0,12.0,1.0,12.15,5.0200000000000005,2.51,1.49,0.0,0.0,0.0,0.4,0.0,-0.2,0.0,1.0,-169.70000000000002,0.0,0.0,169.8,0.0,21.700000000000003,29.3,29.3,29.8,300.0,300.0,31.4,35.5,29.200000000000003,28.4,30.200000000000003,4.96,1.99,4.96,0.16,0.0,0.0,1027.0,8228.0,0.0,0.0,0.0,0.0,0.0,1.0,0.0,0.0,0.0,0.0,0.0,0.9,0.0,-0.9,0.0,0.0,16.0,25903.0
2026-07-30T19:01:08.894Z,238.377,238.392,0.0,7.4,0.0,0.0,0.0,0.0,0.0,0.0,0.0,0.0,1.0,0.0,0.0,0.0,9.0,4.0,0.0,0.0,0.0,0.0,0.0,0.0,0.0,0.0,5.0,12.0,1.0,12.15,5.0200000000000005,2.51,1.49,0.0,0.0,0.0,0.4,0.0,-0.2,0.0,0.5,-169.70000000000002,0.0,0.0,169.8,0.0,21.700000000000003,29.3,29.3,29.8,300.0,300.0,31.4,35.5,29.200000000000003,28.4,30.200000000000003,4.95,1.99,4.96,0.16,0.0,0.0,1027.0,8228.0,0.0,0.0,0.0,0.0,0.0,1.0,0.0,0.0,0.0,0.0,0.0,0.4,0.0,-0.4,0.0,0.0001,16.0,25903.0
2026-07-30T19:01:08.907Z,238.39,238.404,0.0,7.4,0.0,0.0,0.0,0.0,0.0,0.0,0.0,0.0,1.0,0.0,0.0,0.0,9.0,4.0,0.0,0.0,0.0,0.0,0.0,0.0,0.0,0.0,6.0,12.0,1.0,12.15,5.0200000000000005,2.51,1.49,0.0,0.0,0.0,0.4,0.0,-0.2,0.0,-0.6000000000000001,-169.70000000000002,0.0,0.0,169.70000000000002,0.0,21.700000000000003,29.3,29.3,29.8,300.0,300.0,31.4,35.5,29.200000000000003,28.4,30.200000000000003,4.95,1.99,4.97,0.16,0.0,0.0,1027.0,8228.0,0.0,0.0,0.0,0.0,0.0,1.0,0.0,0.0,0.0,0.0,0.0,-0.4,0.0,0.6000000000000001,0.0,0.0,16.0,25903.0
2026-07-30T19:01:08.918Z,238.401,238.416,0.0,7.4,0.0,0.0,0.0,0.0,0.0,0.0,0.0,0.0,1.0,0.0,0.0,0.0,9.0,4.0,0.0,0.0,0.0,0.0,0.0,0.0,0.0,0.0,1.0,12.0,1.0,12.15,5.0200000000000005,2.51,1.49,0.0,0.0,0.0,0.5,0.0,0.3,-1.1,-1.2000000000000002,-169.70000000000002,0.0,0.0,169.8,0.0,21.700000000000003,29.3,29.3,29.8,300.0,300.0,31.4,35.5,29.200000000000003,28.4,30.200000000000003,4.95,2.0,4.97,0.16,0.0,0.0,1027.0,8228.0,0.0,0.0,0.0,0.0,0.0,1.0,0.0,0.0,0.0,0.0,0.0,-2.1,0.0,0.8,0.0,0.0001,16.0,25903.0
2026-07-30T19:01:08.931Z,238.414,238.428,0.0,7.4,0.0,0.0,0.0,0.0,0.0,0.0,0.0,0.0,1.0,0.0,0.0,0.0,9.0,4.0,0.0,0.0,0.0,0.0,0.0,0.0,0.0,0.0,2.0,12.0,1.0,12.15,5.0200000000000005,2.51,1.49,0.0,0.0,0.0,0.5,0.0,0.3,0.0,0.4,-169.70000000000002,0.0,0.0,169.8,0.0,21.700000000000003,29.3,29.3,29.8,300.0,300.0,31.4,35.5,29.200000000000003,28.4,30.200000000000003,4.96,2.0,4.97,0.16,0.0,0.0,1027.0,8228.0,0.0,0.0,0.0,0.0,0.0,1.0,0.0,0.0,0.0,0.0,0.0,0.4,0.0,-0.4,0.0,0.0001,16.0,25903.0
2026-07-30T19:01:08.942Z,238.425,238.44,0.0,7.4,0.0,0.0,0.0,0.0,0.0,0.0,0.0,0.0,1.0,0.0,0.0,0.0,9.0,4.0,0.0,0.0,0.0,0.0,0.0,0.0,0.0,0.0,3.0,12.0,1.0,12.15,5.0200000000000005,2.51,1.49,0.0,0.1,0.0,0.4,0.0,0.9,-0.5,2.2,-169.70000000000002,0.0,0.0,169.8,0.0,21.700000000000003,29.3,29.3,29.8,300.0,300.0,31.4,35.5,29.200000000000003,28.4,30.200000000000003,4.96,1.99,4.96,0.16,0.0,0.0,1027.0,8228.0,0.0,0.0,0.0,0.0,0.0,1.0,0.0,0.0,0.0,0.0,0.0,1.1,0.0,-2.1,0.0,0.0,16.0,25903.0
2026-07-30T19:01:08.954Z,238.437,238.452,0.0,7.4,0.0,0.0,0.0,0.0,0.0,0.0,0.0,0.0,1.0,0.0,0.0,0.0,9.0,4.0,0.0,0.0,0.0,0.0,0.0,0.0,0.0,0.0,4.0,12.0,1.0,12.15,5.0200000000000005,2.51,1.49,0.0,0.0,0.0,0.4,0.0,0.9,0.0,2.2,-169.70000000000002,0.0,0.0,169.8,0.0,21.700000000000003,29.3,29.3,29.8,300.0,300.0,31.4,35.5,29.200000000000003,28.4,30.200000000000003,4.96,1.99,4.97,0.16,0.0,0.0,1027.0,8228.0,0.0,0.0,0.0,0.0,0.0,1.0,0.0,0.0,0.0,0.0,0.0,1.7000000000000002,0.0,-1.9,0.0,0.0001,16.0,25903.0
2026-07-30T19:01:08.966Z,238.449,238.464,0.0,7.4,0.0,0.0,0.0,0.0,0.0,0.0,0.0,0.0,1.0,0.0,0.0,0.0,9.0,4.0,0.0,0.0,0.0,0.0,0.0,0.0,0.0,0.0,5.0,12.0,1.0,12.15,5.0200000000000005,2.51,1.49,0.0,0.0,0.0,0.5,0.0,-0.2,-0.5,-0.7000000000000001,-169.70000000000002,0.0,0.0,169.8,0.0,21.700000000000003,29.3,29.3,29.8,300.0,300.0,31.4,35.5,29.200000000000003,28.4,30.200000000000003,4.95,1.99,4.97,0.16,0.0,0.0,1027.0,8228.0,0.0,0.0,0.0,0.0,0.0,1.0,0.0,0.0,0.0,0.0,0.0,-1.1,0.0,0.5,0.0,0.0001,16.0,25903.0
2026-07-30T19:01:08.978Z,238.461,238.476,0.0,7.4,0.0,0.0,0.0,0.0,0.0,0.0,0.0,0.0,1.0,0.0,0.0,0.0,9.0,4.0,0.0,0.0,0.0,0.0,0.0,0.0,0.0,0.0,6.0,12.0,1.0,12.18,5.01,2.51,1.49,0.0,0.0,0.0,0.4,0.0,-0.2,-0.5,0.9,-169.70000000000002,0.0,0.0,169.70000000000002,0.0,21.700000000000003,29.3,29.3,29.8,300.0,300.0,31.5,35.5,29.200000000000003,28.4,30.3,4.95,1.99,4.96,0.16,0.0,0.0,1027.0,8228.0,0.0,0.0,0.0,0.0,0.0,1.0,0.0,0.0,0.0,0.0,0.0,0.1,0.0,-0.9,0.0,0.0002,16.0,25903.0
2026-07-30T19:01:08.990Z,238.473,238.488,0.0,7.4,0.0,0.0,0.0,0.0,0.0,0.0,0.0,0.0,1.0,0.0,0.0,0.0,9.0,4.0,0.0,0.0,0.0,0.0,0.0,0.0,0.0,0.0,1.0,12.0,1.0,12.18,5.01,2.51,1.49,0.0,0.1,0.0,0.4,0.0,0.2,0.0,0.4,-169.70000000000002,0.0,0.0,169.8,0.0,21.700000000000003,29.3,29.3,29.8,300.0,300.0,31.5,35.5,29.200000000000003,28.4,30.3,4.95,1.99,4.97,0.16,0.0,0.0,1027.0,8228.0,0.0,0.0,0.0,0.0,0.0,1.0,0.0,0.0,0.0,0.0,0.0,0.3,0.0,-0.3,0.0,0.0001,16.0,25903.0
2026-07-30T19:01:09.002Z,238.485,238.5,0.0,7.4,0.0,0.0,0.0,0.0,0.0,0.0,0.0,0.0,1.0,0.0,0.0,0.0,9.0,4.0,0.0,0.0,0.0,0.0,0.0,0.0,0.0,0.0,2.0,12.0,1.0,12.18,5.01,2.51,1.49,0.0,0.0,0.0,0.4,0.0,0.2,0.5,0.3,-169.70000000000002,0.0,0.0,169.8,0.0,21.700000000000003,29.3,29.3,29.8,300.0,300.0,31.5,35.5,29.200000000000003,28.4,30.3,4.95,2.0,4.97,0.16,0.0,0.0,1027.0,8228.0,0.0,0.0,0.0,0.0,0.0,1.0,0.0,0.0,0.0,0.0,0.0,0.9,0.0,-0.2,0.0,0.0,16.0,25903.0
2026-07-30T19:01:09.014Z,238.497,238.512,0.0,7.4,0.0,0.0,0.0,0.0,0.0,0.0,0.0,0.0,1.0,0.0,0.0,0.0,9.0,4.0,0.0,0.0,0.0,0.0,0.0,0.0,0.0,0.0,3.0,12.0,1.0,12.18,5.01,2.51,1.49,0.0,0.0,0.0,0.4,0.0,-0.3,0.5,0.4,-169.70000000000002,0.0,0.0,169.70000000000002,0.0,21.700000000000003,29.3,29.3,29.8,300.0,300.0,31.5,35.5,29.200000000000003,28.4,30.3,4.96,1.99,4.97,0.16,0.0,0.0,1027.0,8228.0,0.0,0.0,0.0,0.0,0.0,1.0,0.0,0.0,0.0,0.0,0.0,0.9,0.0,-0.2,0.0,0.0,16.0,25903.0
2026-07-30T19:01:09.026Z,238.509,238.524,0.0,7.4,0.0,0.0,0.0,0.0,0.0,0.0,0.0,0.0,1.0,0.0,0.0,0.0,9.0,4.0,0.0,0.0,0.0,0.0,0.0,0.0,0.0,0.0,4.0,12.0,1.0,12.18,5.01,2.51,1.49,0.0,0.0,0.0,0.4,0.0,-0.8,0.0,0.3,-169.70000000000002,0.0,0.0,169.70000000000002,0.0,21.700000000000003,29.3,29.3,29.8,300.0,300.0,31.5,35.5,29.200000000000003,28.4,30.3,4.95,1.99,4.96,0.16,0.0,0.0,1027.0,8228.0,0.0,0.0,0.0,0.0,0.0,1.0,0.0,0.0,0.0,0.0,0.0,0.2,0.0,-0.3,0.0,0.0001,16.0,25903.0
2026-07-30T19:01:09.039Z,238.522,238.536,0.0,7.4,0.0,0.0,0.0,0.0,0.0,0.0,0.0,0.0,1.0,0.0,0.0,0.0,9.0,4.0,0.0,0.0,0.0,0.0,0.0,0.0,0.0,0.0,6.0,12.0,1.0,12.18,5.01,2.51,1.49,0.0,0.0,0.0,0.5,0.0,-0.2,0.0,-0.7000000000000001,-169.70000000000002,0.0,0.0,169.60000000000002,0.0,21.700000000000003,29.3,29.3,29.8,300.0,300.0,31.5,35.5,29.200000000000003,28.4,30.3,4.95,1.99,4.96,0.16,0.0,0.0,1027.0,8228.0,0.0,0.0,0.0,0.0,0.0,1.0,0.0,0.0,0.0,0.0,0.0,-0.6000000000000001,0.0,0.6000000000000001,0.0,0.0,16.0,25903.0
2026-07-30T19:01:09.050Z,238.533,238.548,0.0,7.4,0.0,0.0,0.0,0.0,0.0,0.0,0.0,0.0,1.0,0.0,0.0,0.0,9.0,4.0,0.0,0.0,0.0,0.0,0.0,0.0,0.0,0.0,1.0,12.0,1.0,12.18,5.01,2.51,1.49,0.0,0.0,0.0,0.4,0.0,-0.3,-1.1,-1.3,-169.70000000000002,0.0,0.0,169.60000000000002,0.0,21.700000000000003,29.3,29.3,29.8,300.0,300.0,31.5,35.5,29.200000000000003,28.4,30.3,4.95,2.0,4.96,0.16,0.0,0.0,1027.0,8228.0,0.0,0.0,0.0,0.0,0.0,1.0,0.0,0.0,0.0,0.0,0.0,-2.3000000000000003,0.0,0.9,0.0,0.0001,16.0,25903.0
2026-07-30T19:01:09.062Z,238.545,238.56,0.0,7.4,0.0,0.0,0.0,0.0,0.0,0.0,0.0,0.0,1.0,0.0,0.0,0.0,9.0,4.0,0.0,0.0,0.0,0.0,0.0,0.0,0.0,0.0,2.0,12.0,1.0,12.18,5.01,2.51,1.49,0.0,0.0,0.0,0.4,0.0,0.2,1.1,-0.2,-169.70000000000002,0.0,0.0,169.70000000000002,0.0,21.700000000000003,29.3,29.3,29.8,300.0,300.0,31.5,35.5,29.200000000000003,28.4,30.3,4.96,1.99,4.96,0.16,0.0,0.0,1027.0,8228.0,0.0,0.0,0.0,0.0,0.0,1.0,0.0,0.0,0.0,0.0,0.0,1.0,0.0,0.4,0.0,0.0,16.0,25903.0
2026-07-30T19:01:09.074Z,238.557,238.572,0.0,7.4,0.0,0.0,0.0,0.0,0.0,0.0,0.0,0.0,1.0,0.0,0.0,0.0,9.0,4.0,0.0,0.0,0.0,0.0,0.0,0.0,0.0,0.0,3.0,12.0,1.0,12.14,5.01,2.5,1.5,0.0,0.0,0.0,0.4,0.0,-0.3,0.0,-0.2,-169.70000000000002,0.0,0.0,169.70000000000002,0.0,21.200000000000003,29.3,29.3,29.9,300.0,300.0,31.6,35.5,29.200000000000003,28.4,30.200000000000003,4.95,1.99,4.97,0.16,0.0,0.0,1027.0,8228.0,0.0,0.0,0.0,0.0,0.0,1.0,0.0,0.0,0.0,0.0,0.0,0.2,0.0,-0.2,0.0,0.0001,16.0,25903.0
2026-07-30T19:01:09.086Z,238.569,238.584,0.0,7.4,0.0,0.0,0.0,0.0,0.0,0.0,0.0,0.0,1.0,0.0,0.0,0.0,9.0,4.0,0.0,0.0,0.0,0.0,0.0,0.0,0.0,0.0,4.0,12.0,1.0,12.14,5.01,2.5,1.5,0.0,0.0,0.0,0.4,0.0,0.2,-0.6000000000000001,-0.8,-169.70000000000002,0.0,0.0,169.8,0.0,21.200000000000003,29.3,29.3,29.9,300.0,300.0,31.6,35.5,29.200000000000003,28.4,30.200000000000003,4.96,2.0,4.96,0.16,0.0,0.0,1027.0,8228.0,0.0,0.0,0.0,0.0,0.0,1.0,0.0,0.0,0.0,0.0,0.0,-1.3,0.0,0.6000000000000001,0.0,0.0,16.0,25903.0
2026-07-30T19:01:09.105Z,238.588,238.596,0.0,7.4,0.0,0.0,0.0,0.0,0.0,0.0,0.0,0.0,1.0,0.0,0.0,0.0,9.0,4.0,0.0,0.0,0.0,0.0,0.0,0.0,0.0,0.0,5.0,12.0,1.0,12.14,5.01,2.5,1.5,0.0,0.0,0.0,0.4,0.0,-0.3,0.5,-0.8,-169.70000000000002,0.0,0.0,169.70000000000002,0.0,21.200000000000003,29.3,29.3,29.9,300.0,300.0,31.6,35.5,29.200000000000003,28.4,30.200000000000003,4.96,2.0,4.96,0.16,0.0,0.0,1027.0,8228.0,0.0,0.0,0.0,0.0,0.0,1.0,0.0,0.0,0.0,0.0,0.0,1.0,0.0,0.4,0.0,0.0001,16.0,25903.0
2026-07-30T19:01:09.110Z,238.593,238.608,0.0,7.4,0.0,0.0,0.0,0.0,0.0,0.0,0.0,0.0,1.0,0.0,0.0,0.0,9.0,4.0,0.0,0.0,0.0,0.0,0.0,0.0,0.0,0.0,4.0,12.0,1.0,12.14,5.01,2.5,1.5,0.0,0.0,0.0,0.4,0.0,0.1,0.0,-1.4,-169.70000000000002,0.0,0.0,169.70000000000002,0.0,21.200000000000003,29.3,29.3,29.9,300.0,300.0,31.6,35.5,29.200000000000003,28.4,30.200000000000003,4.95,1.99,4.96,0.16,0.0,0.0,1027.0,8228.0,0.0,0.0,0.0,0.0,0.0,1.0,0.0,0.0,0.0,0.0,0.0,-0.3,0.0,0.2,0.0,0.0001,16.0,25903.0
2026-07-30T19:01:09.122Z,238.605,238.62,0.0,7.4,0.0,0.0,0.0,0.0,0.0,0.0,0.0,0.0,1.0,0.0,0.0,0.0,9.0,4.0,0.0,0.0,0.0,0.0,0.0,0.0,0.0,0.0,3.0,12.0,1.0,12.14,5.01,2.5,1.5,0.0,0.0,0.0,0.4,0.0,-0.9,0.5,0.3,-169.70000000000002,0.0,0.0,169.8,0.0,21.200000000000003,29.3,29.3,29.9,300.0,300.0,31.6,35.5,29.200000000000003,28.4,30.200000000000003,4.95,1.99,4.97,0.16,0.0,0.0,1027.0,8228.0,0.0,0.0,0.0,0.0,0.0,1.0,0.0,0.0,0.0,0.0,0.0,-0.4,0.0,-0.3,0.0,0.0001,16.0,25903.0
2026-07-30T19:01:09.134Z,238.617,238.632,0.0,7.4,0.0,0.0,0.0,0.0,0.0,0.0,0.0,0.0,1.0,0.0,0.0,0.0,9.0,4.0,0.0,0.0,0.0,0.0,0.0,0.0,0.0,0.0,4.0,12.0,1.0,12.14,5.01,2.5,1.5,0.0,0.0,0.0,0.4,0.0,0.2,0.0,-0.2,-169.70000000000002,0.0,0.0,169.70000000000002,0.0,21.200000000000003,29.3,29.3,29.9,300.0,300.0,31.6,35.5,29.200000000000003,28.4,30.200000000000003,4.96,2.0,4.96,0.16,0.0,0.0,1027.0,8228.0,0.0,0.0,0.0,0.0,0.0,1.0,0.0,0.0,0.0,0.0,0.0,0.1,0.0,-0.3,0.0,0.0001,16.0,25903.0
2026-07-30T19:01:09.146Z,238.629,238.644,0.0,7.4,0.0,0.0,0.0,0.0,0.0,0.0,0.0,0.0,1.0,0.0,0.0,0.0,9.0,4.0,0.0,0.0,0.0,0.0,0.0,0.0,0.0,0.0,6.0,12.0,1.0,12.14,5.01,2.5,1.5,0.0,0.0,0.0,0.4,0.0,1.4,0.0,0.3,-169.70000000000002,0.0,0.0,169.8,0.0,21.200000000000003,29.3,29.3,29.9,300.0,300.0,31.6,35.5,29.200000000000003,28.4,30.200000000000003,4.96,1.99,4.97,0.15,0.0,0.0,1027.0,8228.0,0.0,0.0,0.0,0.0,0.0,1.0,0.0,0.0,0.0,0.0,0.0,-0.6000000000000001,0.0,0.7000000000000001,0.0,0.0,16.0,25903.0
2026-07-30T19:01:09.158Z,238.641,238.656,0.0,7.4,0.0,0.0,0.0,0.0,0.0,0.0,0.0,0.0,1.0,0.0,0.0,0.0,9.0,4.0,0.0,0.0,0.0,0.0,0.0,0.0,0.0,0.0,1.0,12.0,1.0,12.14,5.01,2.5,1.5,0.0,0.0,0.0,0.4,0.0,0.2,0.5,-1.3,-169.70000000000002,0.0,0.0,169.8,0.0,21.200000000000003,29.3,29.3,29.9,300.0,300.0,31.6,35.5,29.200000000000003,28.4,30.200000000000003,4.95,2.0,4.97,0.16,0.0,0.0,1027.0,8228.0,0.0,0.0,0.0,0.0,0.0,1.0,0.0,0.0,0.0,0.0,0.0,2.0,0.0,-0.6000000000000001,0.0,0.0001,16.0,25903.0
2026-07-30T19:01:09.171Z,238.654,238.668,0.0,7.4,0.0,0.0,0.0,0.0,0.0,0.0,0.0,0.0,1.0,0.0,0.0,0.0,9.0,4.0,0.0,0.0,0.0,0.0,0.0,0.0,0.0,0.0,2.0,12.0,1.0,12.14,5.01,2.5,1.5,0.0,0.0,0.0,0.4,0.0,0.2,0.6000000000000001,-0.7000000000000001,-169.70000000000002,0.0,0.0,169.8,0.0,21.200000000000003,29.3,29.3,29.9,300.0,300.0,31.6,35.5,29.200000000000003,28.4,30.200000000000003,4.95,2.0,4.97,0.16,0.0,0.0,1027.0,8228.0,0.0,0.0,0.0,0.0,0.0,1.0,0.0,0.0,0.0,0.0,0.0,-0.9,0.0,-0.5,0.0,0.0001,16.0,25903.0
2026-07-30T19:01:09.182Z,238.665,238.68,0.0,7.4,0.0,0.0,0.0,0.0,0.0,0.0,0.0,0.0,1.0,0.0,0.0,0.0,9.0,4.0,0.0,0.0,0.0,0.0,0.0,0.0,0.0,0.0,3.0,12.0,1.0,12.15,5.01,2.5,1.49,0.0,0.0,0.0,0.4,0.0,0.9,-1.1,-0.7000000000000001,-169.70000000000002,0.0,0.0,169.8,0.0,21.9,29.3,29.3,29.8,300.0,300.0,31.6,35.5,29.1,28.4,30.200000000000003,4.96,2.0,4.96,0.16,0.0,0.0,1027.0,8228.0,0.0,0.0,0.0,0.0,0.0,1.0,0.0,0.0,0.0,0.0,0.0,0.1,0.0,-1.0,0.0,0.0001,16.0,25903.0
2026-07-30T19:01:09.195Z,238.678,238.692,0.0,7.4,0.0,0.0,0.0,0.0,0.0,0.0,0.0,0.0,1.0,0.0,0.0,0.0,9.0,4.0,0.0,0.0,0.0,0.0,0.0,0.0,0.0,0.0,4.0,12.0,1.0,12.15,5.01,2.5,1.49,0.0,0.0,0.0,0.4,0.0,-0.2,0.0,1.0,-169.70000000000002,0.0,0.0,169.8,0.0,21.9,29.3,29.3,29.8,300.0,300.0,31.6,35.5,29.1,28.4,30.200000000000003,4.96,1.99,4.97,0.16,0.0,0.0,1027.0,8228.0,0.0,0.0,0.0,0.0,0.0,1.0,0.0,0.0,0.0,0.0,0.0,0.0,0.0,0.1,0.0,0.0,16.0,25903.0
2026-07-30T19:01:09.207Z,238.69,238.704,0.0,7.4,0.0,0.0,0.0,0.0,0.0,0.0,0.0,0.0,1.0,0.0,0.0,0.0,9.0,4.0,0.0,0.0,0.0,0.0,0.0,0.0,0.0,0.0,5.0,12.0,1.0,12.15,5.01,2.5,1.49,0.0,0.0,0.0,0.5,0.0,-0.8,1.2000000000000002,1.5,-169.70000000000002,0.0,0.0,169.8,0.0,21.9,29.3,29.3,29.8,300.0,300.0,31.6,35.5,29.1,28.4,30.200000000000003,4.95,1.99,4.97,0.16,0.0,0.0,1027.0,8228.0,0.0,0.0,0.0,0.0,0.0,1.0,0.0,0.0,0.0,0.0,0.0,-1.1,0.0,0.5,0.0,0.0,16.0,25903.0
2026-07-30T19:01:09.219Z,238.702,238.716,0.0,7.4,0.0,0.0,0.0,0.0,0.0,0.0,0.0,0.0,1.0,0.0,0.0,0.0,9.0,4.0,0.0,0.0,0.0,0.0,0.0,0.0,0.0,0.0,6.0,12.0,1.0,12.15,5.01,2.5,1.49,0.0,0.0,0.0,0.4,0.0,-0.8,0.0,0.4,-169.70000000000002,0.0,0.0,169.8,0.0,21.9,29.3,29.3,29.8,300.0,300.0,31.6,35.5,29.1,28.4,30.200000000000003,4.96,1.99,4.96,0.16,0.0,0.0,1027.0,8228.0,0.0,0.0,0.0,0.0,0.0,1.0,0.0,0.0,0.0,0.0,0.0,-1.3,0.0,0.0,0.0,0.0,16.0,25903.0
2026-07-30T19:01:09.230Z,238.713,238.728,0.0,7.4,0.0,0.0,0.0,0.0,0.0,0.0,0.0,0.0,1.0,0.0,0.0,0.0,9.0,4.0,0.0,0.0,0.0,0.0,0.0,0.0,0.0,0.0,1.0,12.0,1.0,12.15,5.01,2.5,1.49,0.0,0.0,0.0,0.4,0.0,0.3,-1.1,0.3,-169.70000000000002,0.0,0.0,169.70000000000002,0.0,21.9,29.3,29.3,29.8,300.0,300.0,31.6,35.5,29.1,28.4,30.200000000000003,4.95,1.99,4.96,0.16,0.0,0.0,1027.0,8228.0,0.0,0.0,0.0,0.0,0.0,1.0,0.0,0.0,0.0,0.0,0.0,-0.9,0.0,-0.5,0.0,0.0,16.0,25903.0
2026-07-30T19:01:09.242Z,238.725,238.74,0.0,7.4,0.0,0.0,0.0,0.0,0.0,0.0,0.0,0.0,1.0,0.0,0.0,0.0,9.0,4.0,0.0,0.0,0.0,0.0,0.0,0.0,0.0,0.0,2.0,12.0,1.0,12.15,5.01,2.5,1.49,0.0,0.0,0.0,0.4,0.0,-0.1,0.0,-0.1,-169.70000000000002,0.0,0.0,169.8,0.0,21.9,29.3,29.3,29.8,300.0,300.0,31.6,35.5,29.1,28.4,30.200000000000003,4.95,1.99,4.96,0.16,0.0,0.0,1027.0,8228.0,0.0,0.0,0.0,0.0,0.0,1.0,0.0,0.0,0.0,0.0,0.0,-1.6,0.0,1.0,0.0,0.0001,16.0,25903.0
2026-07-30T19:01:09.254Z,238.737,238.752,0.0,7.4,0.0,0.0,0.0,0.0,0.0,0.0,0.0,0.0,1.0,0.0,0.0,0.0,9.0,4.0,0.0,0.0,0.0,0.0,0.0,0.0,0.0,0.0,3.0,12.0,1.0,12.15,5.01,2.5,1.49,0.0,0.0,0.0,0.5,0.0,-0.7000000000000001,1.2000000000000002,-0.7000000000000001,-169.70000000000002,0.0,0.0,169.70000000000002,0.0,21.9,29.3,29.3,29.8,300.0,300.0,31.6,35.5,29.1,28.4,30.200000000000003,4.96,2.0,4.96,0.16,0.0,0.0,1027.0,8228.0,0.0,0.0,0.0,0.0,0.0,1.0,0.0,0.0,0.0,0.0,0.0,2.1,0.0,-0.6000000000000001,0.0,0.0001,16.0,25903.0
2026-07-30T19:01:09.266Z,238.749,238.764,0.0,7.4,0.0,0.0,0.0,0.0,0.0,0.0,0.0,0.0,1.0,0.0,0.0,0.0,9.0,4.0,0.0,0.0,0.0,0.0,0.0,0.0,0.0,0.0,4.0,12.0,1.0,12.15,5.01,2.5,1.49,0.0,0.0,0.0,0.4,0.0,-0.1,1.2000000000000002,1.6,-169.70000000000002,0.0,0.0,169.8,0.0,21.9,29.3,29.3,29.8,300.0,300.0,31.6,35.5,29.1,28.4,30.200000000000003,4.95,2.0,4.97,0.16,0.0,0.0,1027.0,8228.0,0.0,0.0,0.0,0.0,0.0,1.0,0.0,0.0,0.0,0.0,0.0,-1.3,0.0,0.0,0.0,0.0001,16.0,25903.0
2026-07-30T19:01:09.278Z,238.761,238.776,0.0,7.4,0.0,0.0,0.0,0.0,0.0,0.0,0.0,0.0,1.0,0.0,0.0,0.0,9.0,4.0,0.0,0.0,0.0,0.0,0.0,0.0,0.0,0.0,5.0,12.0,1.0,12.17,5.0200000000000005,2.51,1.49,0.0,0.0,0.0,0.4,0.0,-0.1,-0.5,-0.7000000000000001,-169.70000000000002,0.0,0.0,169.70000000000002,0.0,21.3,29.3,29.3,29.9,300.0,300.0,31.5,35.6,29.1,28.4,30.200000000000003,4.95,1.99,4.97,0.16,0.0,0.0,1027.0,8228.0,0.0,0.0,0.0,0.0,0.0,1.0,0.0,0.0,0.0,0.0,0.0,-1.1,0.0,0.5,0.0,0.0,16.0,25903.0
2026-07-30T19:01:09.290Z,238.773,238.788,0.0,7.4,0.0,0.0,0.0,0.0,0.0,0.0,0.0,0.0,1.0,0.0,0.0,0.0,9.0,4.0,0.0,0.0,0.0,0.0,0.0,0.0,0.0,0.0,6.0,12.0,1.0,12.17,5.0200000000000005,2.51,1.49,0.0,0.0,0.0,0.4,0.0,0.4,0.0,-0.7000000000000001,-169.70000000000002,0.0,0.0,169.60000000000002,0.0,21.3,29.3,29.3,29.9,300.0,300.0,31.5,35.6,29.1,28.4,30.200000000000003,4.95,1.99,4.96,0.16,0.0,0.0,1027.0,8228.0,0.0,0.0,0.0,0.0,0.0,1.0,0.0,0.0,0.0,0.0,0.0,-0.5,0.0,0.6000000000000001,0.0,0.0,16.0,25903.0
2026-07-30T19:01:09.302Z,238.785,238.8,0.0,7.4,0.0,0.0,0.0,0.0,0.0,0.0,0.0,0.0,1.0,0.0,0.0,0.0,9.0,4.0,0.0,0.0,0.0,0.0,0.0,0.0,0.0,0.0,1.0,12.0,1.0,12.17,5.0200000000000005,2.51,1.49,0.0,0.0,0.0,0.4,0.0,-0.7000000000000001,-1.1,-1.9,-169.70000000000002,0.0,0.0,169.70000000000002,0.0,21.3,29.3,29.3,29.9,300.0,300.0,31.5,35.6,29.1,28.4,30.200000000000003,4.95,1.99,4.96,0.16,0.0,0.0,1027.0,8228.0,0.0,0.0,0.0,0.0,0.0,1.0,0.0,0.0,0.0,0.0,0.0,-2.6,0.0,1.4,0.0,0.0002,16.0,25903.0
2026-07-30T19:01:09.314Z,238.797,238.812,0.0,7.4,0.0,0.0,0.0,0.0,0.0,0.0,0.0,0.0,1.0,0.0,0.0,0.0,9.0,4.0,0.0,0.0,0.0,0.0,0.0,0.0,0.0,0.0,2.0,12.0,1.0,12.17,5.0200000000000005,2.51,1.49,0.0,0.0,0.0,0.4,0.0,-0.7000000000000001,-1.0,0.4,-169.70000000000002,0.0,0.0,169.60000000000002,0.0,21.3,29.3,29.3,29.9,300.0,300.0,31.5,35.6,29.1,28.4,30.200000000000003,4.95,1.99,4.96,0.16,0.0,0.0,1027.0,8228.0,0.0,0.0,0.0,0.0,0.0,1.0,0.0,0.0,0.0,0.0,0.0,-0.9,0.0,-0.6000000000000001,0.0,0.0,16.0,25903.0
2026-07-30T19:01:09.327Z,238.81,238.824,0.0,7.4,0.0,0.0,0.0,0.0,0.0,0.0,0.0,0.0,1.0,0.0,0.0,0.0,9.0,4.0,0.0,0.0,0.0,0.0,0.0,0.0,0.0,0.0,3.0,12.0,1.0,12.17,5.0200000000000005,2.51,1.49,0.0,0.1,0.0,0.4,0.0,-0.1,0.0,-0.1,-169.70000000000002,0.0,0.0,169.70000000000002,0.0,21.3,29.3,29.3,29.9,300.0,300.0,31.5,35.6,29.1,28.4,30.200000000000003,4.96,1.99,4.97,0.16,0.0,0.0,1027.0,8228.0,0.0,0.0,0.0,0.0,0.0,1.0,0.0,0.0,0.0,0.0,0.0,0.0,0.0,0.1,0.0,0.0001,16.0,25903.0
2026-07-30T19:01:09.338Z,238.821,238.836,0.0,7.4,0.0,0.0,0.0,0.0,0.0,0.0,0.0,0.0,1.0,0.0,0.0,0.0,9.0,4.0,0.0,0.0,0.0,0.0,0.0,0.0,0.0,0.0,4.0,12.0,1.0,12.17,5.0200000000000005,2.51,1.49,0.0,0.0,0.0,0.4,0.0,0.4,0.6000000000000001,2.1,-169.70000000000002,0.0,0.0,169.60000000000002,0.0,21.3,29.3,29.3,29.9,300.0,300.0,31.5,35.6,29.1,28.4,30.200000000000003,4.96,1.99,4.97,0.16,0.0,0.0,1027.0,8228.0,0.0,0.0,0.0,0.0,0.0,1.0,0.0,0.0,0.0,0.0,0.0,2.3000000000000003,0.0,-1.7000000000000002,0.0,0.0001,16.0,25903.0
2026-07-30T19:01:09.350Z,238.833,238.848,0.0,7.4,0.0,0.0,0.0,0.0,0.0,0.0,0.0,0.0,1.0,0.0,0.0,0.0,9.0,4.0,0.0,0.0,0.0,0.0,0.0,0.0,0.0,0.0,5.0,12.0,1.0,12.17,5.0200000000000005,2.51,1.49,0.0,0.0,0.0,0.5,0.0,0.4,0.6000000000000001,-0.1,-169.70000000000002,0.0,0.0,169.70000000000002,0.0,21.3,29.3,29.3,29.9,300.0,300.0,31.5,35.6,29.1,28.4,30.200000000000003,4.96,1.99,4.97,0.16,0.0,0.0,1027.0,8228.0,0.0,0.0,0.0,0.0,0.0,1.0,0.0,0.0,0.0,0.0,0.0,0.6000000000000001,0.0,0.3,0.0,0.0001,16.0,25903.0
2026-07-30T19:01:09.362Z,238.845,238.86,0.0,7.4,0.0,0.0,0.0,0.0,0.0,0.0,0.0,0.0,1.0,0.0,0.0,0.0,9.0,4.0,0.0,0.0,0.0,0.0,0.0,0.0,0.0,0.0,6.0,12.0,1.0,12.17,5.0200000000000005,2.51,1.49,0.0,0.1,0.0,0.4,0.0,0.3,-0.4,-0.7000000000000001,-169.70000000000002,0.0,0.0,169.70000000000002,0.0,21.3,29.3,29.3,29.9,300.0,300.0,31.5,35.6,29.1,28.4,30.200000000000003,4.96,1.99,4.97,0.16,0.0,0.0,1027.0,8228.0,0.0,0.0,0.0,0.0,0.0,1.0,0.0,0.0,0.0,0.0,0.0,-1.0,0.0,0.5,0.0,0.0001,16.0,25903.0
2026-07-30T19:01:09.375Z,238.858,238.872,0.0,7.4,0.0,0.0,0.0,0.0,0.0,0.0,0.0,0.0,1.0,0.0,0.0,0.0,9.0,4.0,0.0,0.0,0.0,0.0,0.0,0.0,0.0,0.0,1.0,12.0,1.0,12.17,5.0200000000000005,2.51,1.49,0.0,0.0,0.0,0.5,0.0,-0.1,0.1,0.9,-169.70000000000002,0.0,0.0,169.8,0.0,21.3,29.3,29.3,29.9,300.0,300.0,31.5,35.6,29.1,28.4,30.200000000000003,4.95,2.0,4.96,0.16,0.0,0.0,1027.0,8228.0,0.0,0.0,0.0,0.0,0.0,1.0,0.0,0.0,0.0,0.0,0.0,0.8,0.0,-0.8,0.0,0.0,16.0,25903.0
2026-07-30T19:01:09.386Z,238.869,238.884,0.0,7.4,0.0,0.0,0.0,0.0,0.0,0.0,0.0,0.0,1.0,0.0,0.0,0.0,9.0,4.0,0.0,0.0,0.0,0.0,0.0,0.0,0.0,0.0,2.0,12.0,1.0,12.17,5.01,2.5,1.49,0.0,0.0,0.0,0.4,0.0,-0.1,0.1,-0.6000000000000001,-169.70000000000002,0.0,0.0,169.70000000000002,0.0,21.8,29.3,29.3,29.9,300.0,300.0,31.6,35.5,29.1,28.4,30.3,4.95,1.99,4.96,0.15,0.0,0.0,1027.0,8228.0,0.0,0.0,0.0,0.0,0.0,1.0,0.0,0.0,0.0,0.0,0.0,-0.3,0.0,0.6000000000000001,0.0,0.0001,16.0,25903.0
2026-07-30T19:01:09.398Z,238.881,238.896,0.0,7.4,0.0,0.0,0.0,0.0,0.0,0.0,0.0,0.0,1.0,0.0,0.0,0.0,9.0,4.0,0.0,0.0,0.0,0.0,0.0,0.0,0.0,0.0,3.0,12.0,1.0,12.17,5.01,2.5,1.49,0.0,0.0,0.0,0.4,0.0,0.9,1.2000000000000002,1.6,-169.70000000000002,0.0,0.0,169.70000000000002,0.0,21.8,29.3,29.3,29.9,300.0,300.0,31.6,35.5,29.1,28.4,30.3,4.95,1.99,4.96,0.16,0.0,0.0,1027.0,8228.0,0.0,0.0,0.0,0.0,0.0,1.0,0.0,0.0,0.0,0.0,0.0,2.6,0.0,-1.1,0.0,0.0,16.0,25903.0
2026-07-30T19:01:09.414Z,238.897,238.908,0.0,7.4,0.0,0.0,0.0,0.0,0.0,0.0,0.0,0.0,1.0,0.0,0.0,0.0,9.0,4.0,0.0,0.0,0.0,0.0,0.0,0.0,0.0,0.0,4.0,12.0,1.0,12.17,5.01,2.5,1.49,0.0,0.0,0.0,0.5,0.0,0.3,-0.4,-1.2000000000000002,-169.70000000000002,0.0,0.0,169.8,0.0,21.8,29.3,29.3,29.9,300.0,300.0,31.6,35.5,29.1,28.4,30.3,4.96,1.99,4.96,0.16,0.0,0.0,1027.0,8228.0,0.0,0.0,0.0,0.0,0.0,1.0,0.0,0.0,0.0,0.0,0.0,-1.4,0.0,1.0,0.0,0.0,16.0,25903.0
2026-07-30T19:01:09.423Z,238.906,238.92,0.0,7.4,0.0,0.0,0.0,0.0,0.0,0.0,0.0,0.0,1.0,0.0,0.0,0.0,9.0,4.0,0.0,0.0,0.0,0.0,0.0,0.0,0.0,0.0,3.0,12.0,1.0,12.17,5.01,2.5,1.49,0.0,0.0,0.0,0.4,0.0,0.9,-0.4,1.0,-169.70000000000002,0.0,0.0,169.60000000000002,0.0,21.8,29.3,29.3,29.9,300.0,300.0,31.6,35.5,29.1,28.4,30.3,4.95,1.99,4.96,0.16,0.0,0.0,1027.0,8228.0,0.0,0.0,0.0,0.0,0.0,1.0,0.0,0.0,0.0,0.0,0.0,0.2,0.0,-1.0,0.0,0.0001,16.0,25903.0
2026-07-30T19:01:09.434Z,238.917,238.932,0.0,7.4,0.0,0.0,0.0,0.0,0.0,0.0,0.0,0.0,1.0,0.0,0.0,0.0,9.0,4.0,0.0,0.0,0.0,0.0,0.0,0.0,0.0,0.0,2.0,12.0,1.0,12.17,5.01,2.5,1.49,0.0,0.0,0.0,0.4,0.0,0.3,0.1,-0.1,-169.70000000000002,0.0,0.0,169.70000000000002,0.0,21.8,29.3,29.3,29.9,300.0,300.0,31.6,35.5,29.1,28.4,30.3,4.95,1.99,4.97,0.16,0.0,0.0,1027.0,8228.0,0.0,0.0,0.0,0.0,0.0,1.0,0.0,0.0,0.0,0.0,0.0,0.0,0.0,0.1,0.0,0.0001,16.0,25903.0
2026-07-30T19:01:09.446Z,238.929,238.944,0.0,7.4,0.0,0.0,0.0,0.0,0.0,0.0,0.0,0.0,1.0,0.0,0.0,0.0,9.0,4.0,0.0,0.0,0.0,0.0,0.0,0.0,0.0,0.0,3.0,12.0,1.0,12.17,5.01,2.5,1.49,0.0,0.1,0.0,0.4,0.0,-0.1,0.6000000000000001,0.4,-169.70000000000002,0.0,0.0,169.70000000000002,0.0,21.8,29.3,29.3,29.9,300.0,300.0,31.6,35.5,29.1,28.4,30.3,4.95,1.99,4.97,0.16,0.0,0.0,1027.0,8228.0,0.0,0.0,0.0,0.0,0.0,1.0,0.0,0.0,0.0,0.0,0.0,1.1,0.0,-0.2,0.0,0.0001,16.0,25903.0
2026-07-30T19:01:09.458Z,238.941,238.956,0.0,7.4,0.0,0.0,0.0,0.0,0.0,0.0,0.0,0.0,1.0,0.0,0.0,0.0,9.0,4.0,0.0,0.0,0.0,0.0,0.0,0.0,0.0,0.0,4.0,12.0,1.0,12.17,5.01,2.5,1.49,0.0,0.0,0.0,0.4,0.0,-0.7000000000000001,-0.4,-0.7000000000000001,-169.70000000000002,0.0,0.0,169.8,0.0,21.8,29.3,29.3,29.9,300.0,300.0,31.6,35.5,29.1,28.4,30.3,4.95,1.99,4.96,0.16,0.0,0.0,1027.0,8228.0,0.0,0.0,0.0,0.0,0.0,1.0,0.0,0.0,0.0,0.0,0.0,-1.0,0.0,0.5,0.0,0.0001,16.0,25903.0
2026-07-30T19:01:09.470Z,238.953,238.968,0.0,7.4,0.0,0.0,0.0,0.0,0.0,0.0,0.0,0.0,1.0,0.0,0.0,0.0,9.0,4.0,0.0,0.0,0.0,0.0,0.0,0.0,0.0,0.0,5.0,12.0,1.0,12.17,5.01,2.5,1.49,-0.1,0.1,0.0,0.4,0.0,-0.2,-1.0,-0.6000000000000001,-169.70000000000002,0.0,0.0,169.70000000000002,0.0,21.8,29.3,29.3,29.9,300.0,300.0,31.6,35.5,29.1,28.4,30.3,4.95,1.99,4.97,0.16,0.0,0.0,1027.0,8228.0,0.0,0.0,0.0,0.0,0.0,1.0,0.0,0.0,0.0,0.0,0.0,-1.7000000000000002,0.0,0.3,0.0,0.0,16.0,25903.0
2026-07-30T19:01:09.482Z,238.965,238.98,0.0,7.4,0.0,0.0,0.0,0.0,0.0,0.0,0.0,0.0,1.0,0.0,0.0,0.0,9.0,4.0,0.0,0.0,0.0,0.0,0.0,0.0,0.0,0.0,6.0,12.0,1.0,12.18,5.01,2.5,1.49,0.0,0.0,0.0,0.4,0.0,0.9,0.6000000000000001,1.0,-169.70000000000002,0.0,0.0,169.60000000000002,0.0,20.9,29.3,29.3,29.8,300.0,300.0,31.6,35.5,29.1,28.4,30.3,4.95,1.99,4.96,0.16,0.0,0.0,1027.0,8228.0,0.0,0.0,0.0,0.0,0.0,1.0,0.0,0.0,0.0,0.0,0.0,1.5,0.0,-0.7000000000000001,0.0,0.0,16.0,25903.0
2026-07-30T19:01:09.494Z,238.977,238.992,0.0,7.4,0.0,0.0,0.0,0.0,0.0,0.0,0.0,0.0,1.0,0.0,0.0,0.0,9.0,4.0,0.0,0.0,0.0,0.0,0.0,0.0,0.0,0.0,1.0,12.0,1.0,12.18,5.01,2.5,1.49,0.0,0.0,0.0,0.4,0.0,-0.2,0.6000000000000001,-0.1,-169.70000000000002,0.0,0.0,169.60000000000002,0.0,20.9,29.3,29.3,29.8,300.0,300.0,31.6,35.5,29.1,28.4,30.3,4.96,1.99,4.96,0.16,0.0,0.0,1027.0,8228.0,0.0,0.0,0.0,0.0,0.0,1.0,0.0,0.0,0.0,0.0,0.0,0.6000000000000001,0.0,0.2,0.0,0.0001,16.0,25903.0
2026-07-30T19:01:09.506Z,238.989,239.004,0.0,7.4,0.0,0.0,0.0,0.0,0.0,0.0,0.0,0.0,1.0,0.0,0.0,0.0,9.0,4.0,0.0,0.0,0.0,0.0,0.0,0.0,0.0,0.0,2.0,12.0,1.0,12.18,5.01,2.5,1.49,0.0,0.0,0.0,0.4,0.0,0.3,-0.5,0.0,-169.70000000000002,0.0,0.0,169.60000000000002,0.0,20.9,29.3,29.3,29.8,300.0,300.0,31.6,35.5,29.1,28.4,30.3,4.95,1.99,4.97,0.16,0.0,0.0,1027.0,8228.0,0.0,0.0,0.0,0.0,0.0,1.0,0.0,0.0,0.0,0.0,0.0,-0.6000000000000001,0.0,0.0,0.0,0.0,16.0,25903.0
2026-07-30T19:01:09.518Z,239.001,239.016,0.0,7.4,0.0,0.0,0.0,0.0,0.0,0.0,0.0,0.0,1.0,0.0,0.0,0.0,9.0,4.0,0.0,0.0,0.0,0.0,0.0,0.0,0.0,0.0,3.0,12.0,1.0,12.18,5.01,2.5,1.49,0.0,0.0,0.0,0.4,0.0,0.3,0.0,1.0,-169.70000000000002,0.0,0.0,169.70000000000002,0.0,20.9,29.3,29.3,29.8,300.0,300.0,31.6,35.5,29.1,28.4,30.3,4.95,1.99,4.97,0.16,0.0,0.0,1027.0,8228.0,0.0,0.0,0.0,0.0,0.0,1.0,0.0,0.0,0.0,0.0,0.0,0.8,0.0,-0.9,0.0,0.0,16.0,25903.0
2026-07-30T19:01:09.530Z,239.013,239.028,0.0,7.4,0.0,0.0,0.0,0.0,0.0,0.0,0.0,0.0,1.0,0.0,0.0,0.0,9.0,4.0,0.0,0.0,0.0,0.0,0.0,0.0,0.0,0.0,4.0,12.0,1.0,12.18,5.01,2.5,1.49,0.0,0.0,0.0,0.4,0.0,0.3,0.6000000000000001,-0.1,-169.70000000000002,0.0,0.0,169.8,0.0,20.9,29.3,29.3,29.8,300.0,300.0,31.6,35.5,29.1,28.4,30.3,4.95,2.0,4.96,0.16,0.0,0.0,1027.0,8228.0,0.0,0.0,0.0,0.0,0.0,1.0,0.0,0.0,0.0,0.0,0.0,0.5,0.0,0.2,0.0,0.0001,16.0,25903.0
2026-07-30T19:01:09.543Z,239.026,239.04,0.0,7.4,0.0,0.0,0.0,0.0,0.0,0.0,0.0,0.0,1.0,0.0,0.0,0.0,9.0,4.0,0.0,0.0,0.0,0.0,0.0,0.0,0.0,0.0,6.0,12.0,1.0,12.18,5.01,2.5,1.49,0.0,0.0,0.0,0.4,0.0,-0.8,-0.5,-0.1,-169.70000000000002,0.0,0.0,169.70000000000002,0.0,20.9,29.3,29.3,29.8,300.0,300.0,31.6,35.5,29.1,28.4,30.3,4.96,1.99,4.96,0.17,0.0,0.0,1027.0,8228.0,0.0,0.0,0.0,0.0,0.0,1.0,0.0,0.0,0.0,0.0,0.0,-0.7000000000000001,0.0,0.0,0.0,0.0001,16.0,25903.0
2026-07-30T19:01:09.555Z,239.038,239.052,0.0,7.4,0.0,0.0,0.0,0.0,0.0,0.0,0.0,0.0,1.0,0.0,0.0,0.0,9.0,4.0,0.0,0.0,0.0,0.0,0.0,0.0,0.0,0.0,1.0,12.0,1.0,12.18,5.01,2.5,1.49,0.0,0.0,0.0,0.4,0.0,-0.8,0.6000000000000001,0.9,-169.70000000000002,0.0,0.0,169.60000000000002,0.0,20.9,29.3,29.3,29.8,300.0,300.0,31.6,35.5,29.1,28.4,30.3,4.95,1.99,4.97,0.16,0.0,0.0,1027.0,8228.0,0.0,0.0,0.0,0.0,0.0,1.0,0.0,0.0,0.0,0.0,0.0,1.4,0.0,-0.6000000000000001,0.0,0.0,16.0,25903.0
2026-07-30T19:01:09.567Z,239.05,239.064,0.0,7.4,0.0,0.0,0.0,0.0,0.0,0.0,0.0,0.0,1.0,0.0,0.0,0.0,9.0,4.0,0.0,0.0,0.0,0.0,0.0,0.0,0.0,0.0,2.0,12.0,1.0,12.18,5.01,2.5,1.49,0.0,0.1,0.0,0.4,0.0,0.3,-1.0,0.3,-169.70000000000002,0.0,0.0,169.60000000000002,0.0,20.9,29.3,29.3,29.8,300.0,300.0,31.6,35.5,29.1,28.4,30.3,4.95,1.99,4.96,0.16,0.0,0.0,1027.0,8228.0,0.0,0.0,0.0,0.0,0.0,1.0,0.0,0.0,0.0,0.0,0.0,-0.9,0.0,-0.5,0.0,0.0001,16.0,25903.0
2026-07-30T19:01:09.578Z,239.061,239.076,0.0,7.4,0.0,0.0,0.0,0.0,0.0,0.0,0.0,0.0,1.0,0.0,0.0,0.0,9.0,4.0,0.0,0.0,0.0,0.0,0.0,0.0,0.0,0.0,3.0,12.0,1.0,12.18,5.01,2.5,1.49,0.0,0.0,0.0,0.4,0.0,0.2,0.6000000000000001,-1.4,-169.60000000000002,0.0,0.0,169.60000000000002,0.0,20.9,29.3,29.3,29.8,300.0,300.0,31.6,35.5,29.1,28.4,30.3,4.95,1.99,4.96,0.16,0.0,0.0,1027.0,8228.0,0.0,0.0,0.0,0.0,0.0,1.0,0.0,0.0,0.0,0.0,0.0,-0.3,0.0,1.3,0.0,0.0001,16.0,25903.0
2026-07-30T19:01:09.590Z,239.073,239.088,0.0,7.4,0.0,0.0,0.0,0.0,0.0,0.0,0.0,0.0,1.0,0.0,0.0,0.0,9.0,4.0,0.0,0.0,0.0,0.0,0.0,0.0,0.0,0.0,4.0,12.0,1.0,12.19,5.01,2.5,1.49,0.0,0.1,0.0,0.4,0.0,1.4,0.6000000000000001,0.3,-169.60000000000002,0.0,0.0,169.60000000000002,0.0,21.700000000000003,29.3,29.3,29.8,300.0,300.0,31.6,35.5,29.1,28.3,30.200000000000003,4.96,1.99,4.96,0.16,0.0,0.0,1027.0,8228.0,0.0,0.0,0.0,0.0,0.0,1.0,0.0,0.0,0.0,0.0,0.0,1.0,0.0,-0.1,0.0,0.0,16.0,25903.0
2026-07-30T19:01:09.602Z,239.085,239.1,0.0,7.4,0.0,0.0,0.0,0.0,0.0,0.0,0.0,0.0,1.0,0.0,0.0,0.0,9.0,4.0,0.0,0.0,0.0,0.0,0.0,0.0,0.0,0.0,5.0,12.0,1.0,12.19,5.01,2.5,1.49,0.0,0.0,0.0,0.4,0.0,0.2,-1.1,-0.3,-169.60000000000002,0.0,0.0,169.60000000000002,0.0,21.700000000000003,29.3,29.3,29.8,300.0,300.0,31.6,35.5,29.1,28.3,30.200000000000003,4.95,1.99,4.97,0.16,0.0,0.0,1027.0,8228.0,0.0,0.0,0.0,0.0,0.0,1.0,0.0,0.0,0.0,0.0,0.0,-1.0,0.0,1.3,0.0,0.0,16.0,25903.0
2026-07-30T19:01:09.615Z,239.098,239.112,0.0,7.4,0.0,0.0,0.0,0.0,0.0,0.0,0.0,0.0,1.0,0.0,0.0,0.0,9.0,4.0,0.0,0.0,0.0,0.0,0.0,0.0,0.0,0.0,6.0,12.0,1.0,12.19,5.01,2.5,1.49,0.0,0.0,0.0,0.4,0.0,0.2,0.0,0.8,-169.60000000000002,0.0,0.0,169.70000000000002,0.0,21.700000000000003,29.3,29.3,29.8,300.0,300.0,31.6,35.5,29.1,28.3,30.200000000000003,4.96,2.0,4.96,0.16,0.0,0.0,1027.0,8228.0,0.0,0.0,0.0,0.0,0.0,1.0,0.0,0.0,0.0,0.0,0.0,-0.8,0.0,0.1,0.0,0.0,16.0,25903.0
2026-07-30T19:01:09.627Z,239.11,239.124,0.0,7.4,0.0,0.0,0.0,0.0,0.0,0.0,0.0,0.0,1.0,0.0,0.0,0.0,9.0,4.0,0.0,0.0,0.0,0.0,0.0,0.0,0.0,0.0,1.0,12.0,1.0,12.19,5.01,2.5,1.49,0.0,0.1,0.0,0.4,0.0,0.2,0.0,-0.3,-169.60000000000002,0.0,0.0,169.60000000000002,0.0,21.700000000000003,29.3,29.3,29.8,300.0,300.0,31.6,35.5,29.1,28.3,30.200000000000003,4.96,1.99,4.97,0.15,0.0,0.0,1027.0,8228.0,0.0,0.0,0.0,0.0,0.0,1.0,0.0,0.0,0.0,0.0,0.0,0.4,0.0,0.4,0.0,0.0001,16.0,25903.0
2026-07-30T19:01:09.638Z,239.121,239.136,0.0,7.4,0.0,0.0,0.0,0.0,0.0,0.0,0.0,0.0,1.0,0.0,0.0,0.0,9.0,4.0,0.0,0.0,0.0,0.0,0.0,0.0,0.0,0.0,2.0,12.0,1.0,12.19,5.01,2.5,1.49,0.0,0.0,0.0,0.4,0.0,-0.3,-0.5,-0.3,-169.60000000000002,0.0,0.0,169.8,0.0,21.700000000000003,29.3,29.3,29.8,300.0,300.0,31.6,35.5,29.1,28.3,30.200000000000003,4.95,1.99,4.97,0.16,0.0,0.0,1027.0,8228.0,0.0,0.0,0.0,0.0,0.0,1.0,0.0,0.0,0.0,0.0,0.0,0.6000000000000001,0.0,-0.7000000000000001,0.0,0.0002,16.0,25903.0
2026-07-30T19:01:09.650Z,239.133,239.148,0.0,7.4,0.0,0.0,0.0,0.0,0.0,0.0,0.0,0.0,1.0,0.0,0.0,0.0,9.0,4.0,0.0,0.0,0.0,0.0,0.0,0.0,0.0,0.0,4.0,12.0,1.0,12.19,5.01,2.5,1.49,0.0,0.0,0.0,0.4,0.0,0.2,0.6000000000000001,-0.9,-169.60000000000002,0.0,0.0,169.70000000000002,0.0,21.700000000000003,29.3,29.3,29.8,300.0,300.0,31.6,35.5,29.1,28.3,30.200000000000003,4.96,1.99,4.97,0.16,0.0,0.0,1027.0,8228.0,0.0,0.0,0.0,0.0,0.0,1.0,0.0,0.0,0.0,0.0,0.0,-0.4,0.0,-0.3,0.0,0.0001,16.0,25903.0
2026-07-30T19:01:09.663Z,239.146,239.16,0.0,7.4,0.0,0.0,0.0,0.0,0.0,0.0,0.0,0.0,1.0,0.0,0.0,0.0,9.0,4.0,0.0,0.0,0.0,0.0,0.0,0.0,0.0,0.0,5.0,12.0,1.0,12.19,5.01,2.5,1.49,0.0,0.0,0.0,0.4,0.0,0.2,0.0,-0.3,-169.60000000000002,0.0,0.0,169.70000000000002,0.0,21.700000000000003,29.3,29.3,29.8,300.0,300.0,31.6,35.5,29.1,28.3,30.200000000000003,4.95,2.0,4.96,0.16,0.0,0.0,1027.0,8228.0,0.0,0.0,0.0,0.0,0.0,1.0,0.0,0.0,0.0,0.0,0.0,-0.1,0.0,0.2,0.0,0.0001,16.0,25903.0
2026-07-30T19:01:09.675Z,239.158,239.172,0.0,7.4,0.0,0.0,0.0,0.0,0.0,0.0,0.0,0.0,1.0,0.0,0.0,0.0,9.0,4.0,0.0,0.0,0.0,0.0,0.0,0.0,0.0,0.0,6.0,12.0,1.0,12.19,5.01,2.5,1.49,0.0,0.0,0.0,0.4,0.0,0.2,-0.4,-1.4,-169.60000000000002,0.0,0.0,169.70000000000002,0.0,21.700000000000003,29.3,29.3,29.8,300.0,300.0,31.6,35.5,29.1,28.3,30.200000000000003,4.95,1.99,4.97,0.16,0.0,0.0,1027.0,8228.0,0.0,0.0,0.0,0.0,0.0,1.0,0.0,0.0,0.0,0.0,0.0,-1.6,0.0,1.1,0.0,0.0,16.0,25903.0
2026-07-30T19:01:09.686Z,239.169,239.184,0.0,7.4,0.0,0.0,0.0,0.0,0.0,0.0,0.0,0.0,1.0,0.0,0.0,0.0,9.0,4.0,0.0,0.0,0.0,0.0,0.0,0.0,0.0,0.0,1.0,12.0,1.0,12.15,5.0200000000000005,2.5,1.49,0.0,0.0,0.0,0.4,0.0,0.2,-0.4,-0.8,-169.60000000000002,0.0,0.0,169.70000000000002,0.0,21.3,29.3,29.3,29.8,300.0,300.0,31.6,35.5,29.1,28.4,30.200000000000003,4.95,1.99,4.97,0.16,0.0,0.0,1027.0,8228.0,0.0,0.0,0.0,0.0,0.0,1.0,0.0,0.0,0.0,0.0,0.0,-1.1,0.0,0.6000000000000001,0.0,0.0001,16.0,25903.0
2026-07-30T19:01:09.698Z,239.181,239.196,0.0,7.4,0.0,0.0,0.0,0.0,0.0,0.0,0.0,0.0,1.0,0.0,0.0,0.0,9.0,4.0,0.0,0.0,0.0,0.0,0.0,0.0,0.0,0.0,1.0,12.0,1.0,12.15,5.0200000000000005,2.5,1.49,0.0,0.0,0.0,0.4,0.0,-0.9,-1.0,-0.8,-169.60000000000002,0.0,0.0,169.70000000000002,0.0,21.3,29.3,29.3,29.8,300.0,300.0,31.6,35.5,29.1,28.4,30.200000000000003,4.96,1.99,4.96,0.16,0.0,0.0,1027.0,8228.0,0.0,0.0,0.0,0.0,0.0,1.0,0.0,0.0,0.0,0.0,0.0,-1.7000000000000002,0.0,0.4,0.0,0.0,16.0,25903.0
2026-07-30T19:01:09.710Z,239.193,239.208,0.0,7.4,0.0,0.0,0.0,0.0,0.0,0.0,0.0,0.0,1.0,0.0,0.0,0.0,9.0,4.0,0.0,0.0,0.0,0.0,0.0,0.0,0.0,0.0,2.0,12.0,1.0,12.15,5.0200000000000005,2.5,1.49,0.0,0.0,0.0,0.4,0.0,0.2,0.1,-1.3,-169.60000000000002,0.0,0.0,169.8,0.0,21.3,29.3,29.3,29.8,300.0,300.0,31.6,35.5,29.1,28.4,30.200000000000003,4.95,1.99,4.97,0.16,0.0,0.0,1027.0,8228.0,0.0,0.0,0.0,0.0,0.0,1.0,0.0,0.0,0.0,0.0,0.0,0.2,0.0,-0.9,0.0,0.0,16.0,25903.0
2026-07-30T19:01:09.722Z,239.205,239.22,0.0,7.4,0.0,0.0,0.0,0.0,0.0,0.0,0.0,0.0,1.0,0.0,0.0,0.0,9.0,4.0,0.0,0.0,0.0,0.0,0.0,0.0,0.0,0.0,3.0,12.0,1.0,12.15,5.0200000000000005,2.5,1.49,0.0,0.0,0.0,0.4,0.0,-0.3,1.3,0.9,-169.60000000000002,0.0,0.0,169.70000000000002,0.0,21.3,29.3,29.3,29.8,300.0,300.0,31.6,35.5,29.1,28.4,30.200000000000003,4.95,1.98,4.96,0.16,0.0,0.0,1027.0,8228.0,0.0,0.0,0.0,0.0,0.0,1.0,0.0,0.0,0.0,0.0,0.0,2.1,0.0,-0.5,0.0,0.0003,16.0,25903.0
2026-07-30T19:01:09.739Z,239.222,239.232,0.0,7.4,0.0,0.0,0.0,0.0,0.0,0.0,0.0,0.0,1.0,0.0,0.0,0.0,9.0,4.0,0.0,0.0,0.0,0.0,0.0,0.0,0.0,0.0,3.0,12.0,1.0,12.15,5.0200000000000005,2.5,1.49,0.0,0.0,0.0,0.4,0.0,-0.3,-0.9,-0.2,-169.60000000000002,0.0,0.0,169.8,0.0,21.3,29.3,29.3,29.8,300.0,300.0,31.6,35.5,29.1,28.4,30.200000000000003,4.96,1.98,4.96,0.16,0.0,0.0,1027.0,8228.0,0.0,0.0,0.0,0.0,0.0,1.0,0.0,0.0,0.0,0.0,0.0,-2.1,0.0,1.0,0.0,0.0,16.0,25903.0
2026-07-30T19:01:09.746Z,239.229,239.244,0.0,7.4,0.0,0.0,0.0,0.0,0.0,0.0,0.0,0.0,1.0,0.0,0.0,0.0,9.0,4.0,0.0,0.0,0.0,0.0,0.0,0.0,0.0,0.0,1.0,12.0,1.0,12.15,5.0200000000000005,2.5,1.49,0.0,0.0,0.0,0.4,0.0,-0.3,0.1,0.3,-169.60000000000002,0.0,0.0,169.70000000000002,0.0,21.3,29.3,29.3,29.8,300.0,300.0,31.6,35.5,29.1,28.4,30.200000000000003,4.95,1.98,4.97,0.16,0.0,0.0,1027.0,8228.0,0.0,0.0,0.0,0.0,0.0,1.0,0.0,0.0,0.0,0.0,0.0,0.4,0.0,-0.2,0.0,0.0002,16.0,25903.0
2026-07-30T19:01:09.758Z,239.241,239.256,0.0,7.4,0.0,0.0,0.0,0.0,0.0,0.0,0.0,0.0,1.0,0.0,0.0,0.0,9.0,4.0,0.0,0.0,0.0,0.0,0.0,0.0,0.0,0.0,3.0,12.0,1.0,12.15,5.0200000000000005,2.5,1.49,0.0,0.0,0.0,0.4,0.0,0.2,0.1,0.3,-169.60000000000002,0.0,0.0,169.70000000000002,0.0,21.3,29.3,29.3,29.8,300.0,300.0,31.6,35.5,29.1,28.4,30.200000000000003,4.95,1.99,4.97,0.16,0.0,0.0,1027.0,8228.0,0.0,0.0,0.0,0.0,0.0,1.0,0.0,0.0,0.0,0.0,0.0,-1.0,0.0,0.6000000000000001,0.0,0.0001,16.0,25903.0
2026-07-30T19:01:09.771Z,239.254,239.268,0.0,7.4,0.0,0.0,0.0,0.0,0.0,0.0,0.0,0.0,1.0,0.0,0.0,0.0,9.0,4.0,0.0,0.0,0.0,0.0,0.0,0.0,0.0,0.0,3.0,12.0,1.0,12.15,5.0200000000000005,2.5,1.49,0.0,0.0,0.0,0.4,0.0,-0.9,1.3,-1.4,-169.60000000000002,0.0,0.0,169.8,0.0,21.3,29.3,29.3,29.8,300.0,300.0,31.6,35.5,29.1,28.4,30.200000000000003,4.95,2.0,4.96,0.16,0.0,0.0,1027.0,8228.0,0.0,0.0,0.0,0.0,0.0,1.0,0.0,0.0,0.0,0.0,0.0,0.2,0.0,-0.9,0.0,0.0,16.0,25903.0
2026-07-30T19:01:09.783Z,239.266,239.28,0.0,7.4,0.0,0.0,0.0,0.0,0.0,0.0,0.0,0.0,1.0,0.0,0.0,0.0,9.0,4.0,0.0,0.0,0.0,0.0,0.0,0.0,0.0,0.0,5.0,12.0,1.0,12.15,5.0200000000000005,2.5,1.49,0.0,0.0,0.0,0.4,0.0,-0.9,-0.4,0.9,-169.70000000000002,0.0,0.0,169.70000000000002,0.0,21.3,29.3,29.3,29.8,300.0,300.0,31.6,35.5,29.1,28.4,30.200000000000003,4.95,1.99,4.96,0.16,0.0,0.0,1027.0,8228.0,0.0,0.0,0.0,0.0,0.0,1.0,0.0,0.0,0.0,0.0,0.0,-1.9,0.0,1.6,0.0,0.0001,16.0,25903.0
2026-07-30T19:01:09.795Z,239.278,239.292,0.0,7.4,0.0,0.0,0.0,0.0,0.0,0.0,0.0,0.0,1.0,0.0,0.0,0.0,9.0,4.0,0.0,0.0,0.0,0.0,0.0,0.0,0.0,0.0,6.0,12.0,1.0,12.11,5.0200000000000005,2.51,1.5,-0.1,0.1,0.0,0.4,0.0,0.7000000000000001,-0.4,-0.2,-169.70000000000002,0.0,0.0,169.8,0.0,21.4,29.3,29.3,29.8,300.0,300.0,31.6,35.5,29.1,28.4,30.200000000000003,4.95,1.99,4.97,0.16,0.0,0.0,1027.0,8228.0,0.0,0.0,0.0,0.0,0.0,1.0,0.0,0.0,0.0,0.0,0.0,-1.6,0.0,1.1,0.0,0.0,16.0,25903.0
2026-07-30T19:01:09.806Z,239.289,239.304,0.0,7.4,0.0,0.0,0.0,0.0,0.0,0.0,0.0,0.0,1.0,0.0,0.0,0.0,9.0,4.0,0.0,0.0,0.0,0.0,0.0,0.0,0.0,0.0,1.0,12.0,1.0,12.11,5.0200000000000005,2.51,1.5,0.0,0.0,0.0,0.4,0.0,0.8,0.1,0.3,-169.70000000000002,0.0,0.0,169.8,0.0,21.4,29.3,29.3,29.8,300.0,300.0,31.6,35.5,29.1,28.4,30.200000000000003,4.96,1.99,4.96,0.16,0.0,0.0,1027.0,8228.0,0.0,0.0,0.0,0.0,0.0,1.0,0.0,0.0,0.0,0.0,0.0,1.0,0.0,-0.1,0.0,0.0001,16.0,25903.0
2026-07-30T19:01:09.818Z,239.301,239.316,0.0,7.4,0.0,0.0,0.0,0.0,0.0,0.0,0.0,0.0,1.0,0.0,0.0,0.0,9.0,4.0,0.0,0.0,0.0,0.0,0.0,0.0,0.0,0.0,2.0,12.0,1.0,12.11,5.0200000000000005,2.51,1.5,0.0,0.1,0.0,0.4,0.0,0.2,0.7000000000000001,-0.2,-169.70000000000002,0.0,0.0,169.8,0.0,21.4,29.3,29.3,29.8,300.0,300.0,31.6,35.5,29.1,28.4,30.200000000000003,4.96,1.99,4.97,0.16,0.0,0.0,1027.0,8228.0,0.0,0.0,0.0,0.0,0.0,1.0,0.0,0.0,0.0,0.0,0.0,0.6000000000000001,0.0,0.3,0.0,0.0,16.0,25903.0
2026-07-30T19:01:09.831Z,239.314,239.328,0.0,7.4,0.0,0.0,0.0,0.0,0.0,0.0,0.0,0.0,1.0,0.0,0.0,0.0,9.0,4.0,0.0,0.0,0.0,0.0,0.0,0.0,0.0,0.0,4.0,12.0,1.0,12.11,5.0200000000000005,2.51,1.5,0.0,0.0,0.0,0.4,0.0,-0.2,1.9,1.5,-169.70000000000002,0.0,0.0,169.8,0.0,21.4,29.3,29.3,29.8,300.0,300.0,31.6,35.5,29.1,28.4,30.200000000000003,4.95,1.99,4.97,0.16,0.0,0.0,1027.0,8228.0,0.0,0.0,0.0,0.0,0.0,1.0,0.0,0.0,0.0,0.0,0.0,3.3000000000000003,0.0,-0.9,0.0,0.0,16.0,25903.0
2026-07-30T19:01:09.843Z,239.326,239.34,0.0,7.4,0.0,0.0,0.0,0.0,0.0,0.0,0.0,0.0,1.0,0.0,0.0,0.0,9.0,4.0,0.0,0.0,0.0,0.0,0.0,0.0,0.0,0.0,5.0,12.0,1.0,12.11,5.0200000000000005,2.51,1.5,0.0,0.0,0.0,0.4,0.0,-0.8,0.1,-0.1,-169.70000000000002,0.0,0.0,169.8,0.0,21.4,29.3,29.3,29.8,300.0,300.0,31.6,35.5,29.1,28.4,30.200000000000003,4.95,1.99,4.97,0.15,0.0,0.0,1027.0,8228.0,0.0,0.0,0.0,0.0,0.0,1.0,0.0,0.0,0.0,0.0,0.0,0.0,0.0,0.2,0.0,0.0001,16.0,25903.0
2026-07-30T19:01:09.855Z,239.338,239.352,0.0,7.4,0.0,0.0,0.0,0.0,0.0,0.0,0.0,0.0,1.0,0.0,0.0,0.0,9.0,4.0,0.0,0.0,0.0,0.0,0.0,0.0,0.0,0.0,6.0,12.0,1.0,12.11,5.0200000000000005,2.51,1.5,0.0,0.1,0.0,0.4,0.0,0.8,-0.4,-0.7000000000000001,-169.70000000000002,0.0,0.0,169.70000000000002,0.0,21.4,29.3,29.3,29.8,300.0,300.0,31.6,35.5,29.1,28.4,30.200000000000003,4.96,1.99,4.96,0.15,0.0,0.0,1027.0,8228.0,0.0,0.0,0.0,0.0,0.0,1.0,0.0,0.0,0.0,0.0,0.0,-1.0,0.0,0.5,0.0,0.0,16.0,25903.0
2026-07-30T19:01:09.867Z,239.35,239.364,0.0,7.4,0.0,0.0,0.0,0.0,0.0,0.0,0.0,0.0,1.0,0.0,0.0,0.0,9.0,4.0,0.0,0.0,0.0,0.0,0.0,0.0,0.0,0.0,1.0,12.0,1.0,12.11,5.0200000000000005,2.51,1.5,0.0,0.0,0.0,0.4,0.0,0.3,-0.4,-0.7000000000000001,-169.70000000000002,0.0,0.0,169.60000000000002,0.0,21.4,29.3,29.3,29.8,300.0,300.0,31.6,35.5,29.1,28.4,30.200000000000003,4.96,1.99,4.97,0.15,0.0,0.0,1027.0,8228.0,0.0,0.0,0.0,0.0,0.0,1.0,0.0,0.0,0.0,0.0,0.0,-1.0,0.0,0.5,0.0,0.0002,16.0,25903.0
2026-07-30T19:01:09.878Z,239.361,239.376,0.0,7.4,0.0,0.0,0.0,0.0,0.0,0.0,0.0,0.0,1.0,0.0,0.0,0.0,9.0,4.0,0.0,0.0,0.0,0.0,0.0,0.0,0.0,0.0,2.0,12.0,1.0,12.11,5.0200000000000005,2.51,1.5,0.0,0.0,0.0,0.4,0.0,0.3,0.1,-0.1,-169.70000000000002,0.0,0.0,169.70000000000002,0.0,21.4,29.3,29.3,29.8,300.0,300.0,31.6,35.5,29.1,28.4,30.200000000000003,4.95,1.99,4.97,0.16,0.0,0.0,1027.0,8228.0,0.0,0.0,0.0,0.0,0.0,1.0,0.0,0.0,0.0,0.0,0.0,0.0,0.0,0.1,0.0,0.0001,16.0,25903.0
2026-07-30T19:01:09.890Z,239.373,239.388,0.0,7.4,0.0,0.0,0.0,0.0,0.0,0.0,0.0,0.0,1.0,0.0,0.0,0.0,9.0,4.0,0.0,0.0,0.0,0.0,0.0,0.0,0.0,0.0,2.0,12.0,1.0,12.17,5.0200000000000005,2.5,1.49,0.0,0.0,0.0,0.4,0.0,0.3,-0.4,0.4,-169.70000000000002,0.0,0.0,169.8,0.0,21.4,29.3,29.3,29.9,300.0,300.0,31.8,35.4,29.1,28.3,30.3,4.96,1.99,4.97,0.16,0.0,0.0,1027.0,8228.0,0.0,0.0,0.0,0.0,0.0,1.0,0.0,0.0,0.0,0.0,0.0,-0.1,0.0,-0.5,0.0,0.0,16.0,25903.0
2026-07-30T19:01:09.902Z,239.385,239.4,0.0,7.4,0.0,0.0,0.0,0.0,0.0,0.0,0.0,0.0,1.0,0.0,0.0,0.0,9.0,4.0,0.0,0.0,0.0,0.0,0.0,0.0,0.0,0.0,4.0,12.0,1.0,12.17,5.0200000000000005,2.5,1.49,0.0,0.0,0.0,0.4,0.0,0.3,0.1,-1.2000000000000002,-169.70000000000002,0.0,0.0,169.70000000000002,0.0,21.4,29.3,29.3,29.9,300.0,300.0,31.8,35.4,29.1,28.3,30.3,4.95,2.0,4.96,0.16,0.0,0.0,1027.0,8228.0,0.0,0.0,0.0,0.0,0.0,1.0,0.0,0.0,0.0,0.0,0.0,-0.8,0.0,1.1,0.0,0.0001,16.0,25903.0
2026-07-30T19:01:09.914Z,239.397,239.412,0.0,7.4,0.0,0.0,0.0,0.0,0.0,0.0,0.0,0.0,1.0,0.0,0.0,0.0,9.0,4.0,0.0,0.0,0.0,0.0,0.0,0.0,0.0,0.0,5.0,12.0,1.0,12.17,5.0200000000000005,2.5,1.49,0.0,0.0,0.0,0.4,0.0,0.9,0.6000000000000001,0.0,-169.70000000000002,0.0,0.0,169.70000000000002,0.0,21.4,29.3,29.3,29.9,300.0,300.0,31.8,35.4,29.1,28.3,30.3,4.95,1.99,4.97,0.16,0.0,0.0,1027.0,8228.0,0.0,0.0,0.0,0.0,0.0,1.0,0.0,0.0,0.0,0.0,0.0,0.7000000000000001,0.0,0.2,0.0,0.0,16.0,25903.0
2026-07-30T19:01:09.927Z,239.41,239.424,0.0,7.4,0.0,0.0,0.0,0.0,0.0,0.0,0.0,0.0,1.0,0.0,0.0,0.0,9.0,4.0,0.0,0.0,0.0,0.0,0.0,0.0,0.0,0.0,6.0,12.0,1.0,12.17,5.0200000000000005,2.5,1.49,0.0,0.1,0.0,0.4,0.0,-0.1,1.3,1.1,-169.70000000000002,0.0,0.0,169.60000000000002,0.0,21.4,29.3,29.3,29.9,300.0,300.0,31.8,35.4,29.1,28.3,30.3,4.96,2.0,4.97,0.16,0.0,0.0,1027.0,8228.0,0.0,0.0,0.0,0.0,0.0,1.0,0.0,0.0,0.0,0.0,0.0,2.3000000000000003,0.0,-0.7000000000000001,0.0,0.0,16.0,25903.0
2026-07-30T19:01:09.939Z,239.422,239.436,0.0,7.4,0.0,0.0,0.0,0.0,0.0,0.0,0.0,0.0,1.0,0.0,0.0,0.0,9.0,4.0,0.0,0.0,0.0,0.0,0.0,0.0,0.0,0.0,1.0,12.0,1.0,12.17,5.0200000000000005,2.5,1.49,0.0,0.0,0.0,0.4,0.0,0.3,-0.4,0.5,-169.70000000000002,0.0,0.0,169.70000000000002,0.0,21.4,29.3,29.3,29.9,300.0,300.0,31.8,35.4,29.1,28.3,30.3,4.95,2.0,4.96,0.16,0.0,0.0,1027.0,8228.0,0.0,0.0,0.0,0.0,0.0,1.0,0.0,0.0,0.0,0.0,0.0,-0.1,0.0,-0.5,0.0,0.0001,16.0,25903.0
2026-07-30T19:01:09.951Z,239.434,239.448,0.0,7.4,0.0,0.0,0.0,0.0,0.0,0.0,0.0,0.0,1.0,0.0,0.0,0.0,9.0,4.0,0.0,0.0,0.0,0.0,0.0,0.0,0.0,0.0,2.0,12.0,1.0,12.17,5.0200000000000005,2.5,1.49,0.0,0.0,0.0,0.4,0.0,-1.3,-1.0,0.0,-169.70000000000002,0.0,0.0,169.70000000000002,0.0,21.4,29.3,29.3,29.9,300.0,300.0,31.8,35.4,29.1,28.3,30.3,4.95,1.99,4.97,0.16,0.0,0.0,1027.0,8228.0,0.0,0.0,0.0,0.0,0.0,1.0,0.0,0.0,0.0,0.0,0.0,-1.2000000000000002,0.0,-0.1,0.0,0.0,16.0,25903.0
2026-07-30T19:01:09.963Z,239.446,239.46,0.0,7.4,0.0,0.0,0.0,0.0,0.0,0.0,0.0,0.0,1.0,0.0,0.0,0.0,9.0,4.0,0.0,0.0,0.0,0.0,0.0,0.0,0.0,0.0,3.0,12.0,1.0,12.17,5.0200000000000005,2.5,1.49,0.0,0.1,0.0,0.4,0.0,0.3,0.1,-0.6000000000000001,-169.70000000000002,0.0,0.0,169.70000000000002,0.0,21.4,29.3,29.3,29.9,300.0,300.0,31.8,35.4,29.1,28.3,30.3,4.95,2.0,4.96,0.16,0.0,0.0,1027.0,8228.0,0.0,0.0,0.0,0.0,0.0,1.0,0.0,0.0,0.0,0.0,0.0,-0.3,0.0,0.5,0.0,0.0001,16.0,25903.0
2026-07-30T19:01:09.974Z,239.457,239.472,0.0,7.4,0.0,0.0,0.0,0.0,0.0,0.0,0.0,0.0,1.0,0.0,0.0,0.0,9.0,4.0,0.0,0.0,0.0,0.0,0.0,0.0,0.0,0.0,4.0,12.0,1.0,12.17,5.0200000000000005,2.5,1.49,0.0,0.0,0.0,0.4,0.0,-0.2,-0.4,-1.1,-169.70000000000002,0.0,0.0,169.70000000000002,0.0,21.4,29.3,29.3,29.9,300.0,300.0,31.8,35.4,29.1,28.3,30.3,4.95,2.0,4.96,0.16,0.0,0.0,1027.0,8228.0,0.0,0.0,0.0,0.0,0.0,1.0,0.0,0.0,0.0,0.0,0.0,-1.4,0.0,0.9,0.0,0.0001,16.0,25903.0
2026-07-30T19:01:09.986Z,239.469,239.484,0.0,7.4,0.0,0.0,0.0,0.0,0.0,0.0,0.0,0.0,1.0,0.0,0.0,0.0,9.0,4.0,0.0,0.0,0.0,0.0,0.0,0.0,0.0,0.0,4.0,12.0,1.0,12.17,5.0200000000000005,2.5,1.49,0.0,0.0,0.0,0.4,0.0,0.3,0.6000000000000001,0.0,-169.70000000000002,0.0,0.0,169.60000000000002,0.0,21.4,29.3,29.3,29.9,300.0,300.0,31.8,35.4,29.1,28.3,30.3,4.95,2.0,4.96,0.16,0.0,0.0,1027.0,8228.0,0.0,0.0,0.0,0.0,0.0,1.0,0.0,0.0,0.0,0.0,0.0,0.7000000000000001,0.0,0.1,0.0,0.0001,16.0,25903.0
2026-07-30T19:01:09.998Z,239.481,239.496,0.0,7.4,0.0,0.0,0.0,0.0,0.0,0.0,0.0,0.0,1.0,0.0,0.0,0.0,9.0,4.0,0.0,0.0,0.0,0.0,0.0,0.0,0.0,0.0,6.0,12.0,1.0,12.17,5.01,2.51,1.49,0.0,0.0,0.0,0.4,0.0,0.9,-0.5,0.5,-169.60000000000002,0.0,0.0,169.60000000000002,0.0,21.3,29.3,29.3,29.8,300.0,300.0,31.6,35.6,29.1,28.4,30.3,4.96,1.99,4.97,0.16,0.0,0.0,1027.0,8228.0,0.0,0.0,0.0,0.0,0.0,1.0,0.0,0.0,0.0,0.0,0.0,-0.1,0.0,-0.6000000000000001,0.0,0.0001,16.0,25903.0
2026-07-30T19:01:10.011Z,239.494,239.508,0.0,7.4,0.0,0.0,0.0,0.0,0.0,0.0,0.0,0.0,1.0,0.0,0.0,0.0,9.0,4.0,0.0,0.0,0.0,0.0,0.0,0.0,0.0,0.0,1.0,12.0,1.0,12.17,5.01,2.51,1.49,0.0,0.0,0.0,0.4,0.0,-0.2,-0.5,0.5,-169.60000000000002,0.0,0.0,169.60000000000002,0.0,21.3,29.3,29.3,29.8,300.0,300.0,31.6,35.6,29.1,28.4,30.3,4.96,1.99,4.96,0.16,0.0,0.0,1027.0,8228.0,0.0,0.0,0.0,0.0,0.0,1.0,0.0,0.0,0.0,0.0,0.0,-0.2,0.0,-0.5,0.0,0.0,16.0,25903.0
2026-07-30T19:01:10.023Z,239.506,239.52,0.0,7.4,0.0,0.0,0.0,0.0,0.0,0.0,0.0,0.0,1.0,0.0,0.0,0.0,9.0,4.0,0.0,0.0,0.0,0.0,0.0,0.0,0.0,0.0,2.0,12.0,1.0,12.17,5.01,2.51,1.49,0.0,0.0,0.0,0.4,0.0,0.9,0.6000000000000001,0.0,-169.60000000000002,0.0,0.0,169.8,0.0,21.3,29.3,29.3,29.8,300.0,300.0,31.6,35.6,29.1,28.4,30.3,4.96,1.99,4.96,0.16,0.0,0.0,1027.0,8228.0,0.0,0.0,0.0,0.0,0.0,1.0,0.0,0.0,0.0,0.0,0.0,0.6000000000000001,0.0,0.1,0.0,0.0,16.0,25903.0
2026-07-30T19:01:10.035Z,239.518,239.532,0.0,7.4,0.0,0.0,0.0,0.0,0.0,0.0,0.0,0.0,1.0,0.0,0.0,0.0,9.0,4.0,0.0,0.0,0.0,0.0,0.0,0.0,0.0,0.0,3.0,12.0,1.0,12.17,5.01,2.51,1.49,0.0,0.0,0.0,0.4,0.0,-0.2,-1.1,0.0,-169.60000000000002,0.0,0.0,169.8,0.0,21.3,29.3,29.3,29.8,300.0,300.0,31.6,35.6,29.1,28.4,30.3,4.95,1.99,4.97,0.16,0.0,0.0,1027.0,8228.0,0.0,0.0,0.0,0.0,0.0,1.0,0.0,0.0,0.0,0.0,0.0,-1.3,0.0,-0.1,0.0,0.0002,16.0,25903.0
2026-07-30T19:01:10.051Z,239.534,239.544,0.0,7.4,0.0,0.0,0.0,0.0,0.0,0.0,0.0,0.0,1.0,0.0,0.0,0.0,9.0,4.0,0.0,0.0,0.0,0.0,0.0,0.0,0.0,0.0,4.0,12.0,1.0,12.17,5.01,2.51,1.49,0.0,0.0,0.0,0.4,0.0,0.3,-0.5,1.1,-169.60000000000002,0.0,0.0,169.70000000000002,0.0,21.3,29.3,29.3,29.8,300.0,300.0,31.6,35.6,29.1,28.4,30.3,4.96,2.0,4.97,0.16,0.0,0.0,1027.0,8228.0,0.0,0.0,0.0,0.0,0.0,1.0,0.0,0.0,0.0,0.0,0.0,0.1,0.0,-1.0,0.0,0.0002,16.0,25903.0
2026-07-30T19:01:10.058Z,239.541,239.556,0.0,7.4,0.0,0.0,0.0,0.0,0.0,0.0,0.0,0.0,1.0,0.0,0.0,0.0,9.0,4.0,0.0,0.0,0.0,0.0,0.0,0.0,0.0,0.0,2.0,12.0,1.0,12.17,5.01,2.51,1.49,0.0,0.0,0.0,0.4,0.0,-0.2,0.6000000000000001,-0.6000000000000001,-169.60000000000002,0.0,0.0,169.70000000000002,0.0,21.3,29.3,29.3,29.8,300.0,300.0,31.6,35.6,29.1,28.4,30.3,4.96,1.99,4.97,0.16,0.0,0.0,1027.0,8228.0,0.0,0.0,0.0,0.0,0.0,1.0,0.0,0.0,0.0,0.0,0.0,0.2,0.0,0.6000000000000001,0.0,0.0,16.0,25903.0
2026-07-30T19:01:10.070Z,239.553,239.568,0.0,7.4,0.0,0.0,0.0,0.0,0.0,0.0,0.0,0.0,1.0,0.0,0.0,0.0,9.0,4.0,0.0,0.0,0.0,0.0,0.0,0.0,0.0,0.0,3.0,12.0,1.0,12.17,5.01,2.51,1.49,0.0,0.0,0.0,0.4,0.0,-0.2,1.2000000000000002,-0.1,-169.70000000000002,0.0,0.0,169.70000000000002,0.0,21.3,29.3,29.3,29.8,300.0,300.0,31.6,35.6,29.1,28.4,30.3,4.95,1.99,4.97,0.16,0.0,0.0,1027.0,8228.0,0.0,0.0,0.0,0.0,0.0,1.0,0.0,0.0,0.0,0.0,0.0,1.2000000000000002,0.0,0.3,0.0,0.0001,16.0,25903.0
2026-07-30T19:01:10.082Z,239.565,239.58,0.0,7.4,0.0,0.0,0.0,0.0,0.0,0.0,0.0,0.0,1.0,0.0,0.0,0.0,9.0,4.0,0.0,0.0,0.0,0.0,0.0,0.0,0.0,0.0,4.0,12.0,1.0,12.17,5.01,2.51,1.49,0.0,0.0,0.0,0.4,0.0,0.2,-0.6000000000000001,-0.1,-169.70000000000002,0.0,0.0,169.8,0.0,21.3,29.3,29.3,29.8,300.0,300.0,31.6,35.6,29.1,28.4,30.3,4.95,1.99,4.97,0.16,0.0,0.0,1027.0,8228.0,0.0,0.0,0.0,0.0,0.0,1.0,0.0,0.0,0.0,0.0,0.0,-0.8,0.0,0.0,0.0,0.0001,16.0,25903.0
2026-07-30T19:01:10.094Z,239.577,239.592,0.0,7.4,0.0,0.0,0.0,0.0,0.0,0.0,0.0,0.0,1.0,0.0,0.0,0.0,9.0,4.0,0.0,0.0,0.0,0.0,0.0,0.0,0.0,0.0,5.0,12.0,1.0,12.15,5.01,2.51,1.49,0.0,0.0,0.0,0.4,0.0,0.2,-1.1,-1.3,-169.70000000000002,0.0,0.0,169.60000000000002,0.0,21.4,29.3,29.3,29.8,300.0,300.0,31.6,35.5,29.1,28.4,30.3,4.96,1.99,4.96,0.16,0.0,0.0,1027.0,8228.0,0.0,0.0,0.0,0.0,0.0,1.0,0.0,0.0,0.0,0.0,0.0,-2.3000000000000003,0.0,0.9,0.0,0.0001,16.0,25903.0
2026-07-30T19:01:10.106Z,239.589,239.604,0.0,7.4,0.0,0.0,0.0,0.0,0.0,0.0,0.0,0.0,1.0,0.0,0.0,0.0,9.0,4.0,0.0,0.0,0.0,0.0,0.0,0.0,0.0,0.0,6.0,12.0,1.0,12.15,5.01,2.51,1.49,0.0,0.0,0.0,0.4,0.0,0.2,1.1,0.9,-169.70000000000002,0.0,0.0,169.70000000000002,0.0,21.4,29.3,29.3,29.8,300.0,300.0,31.6,35.5,29.1,28.4,30.3,4.96,1.99,4.97,0.16,0.0,0.0,1027.0,8228.0,0.0,0.0,0.0,0.0,0.0,1.0,0.0,0.0,0.0,0.0,0.0,0.2,0.0,-0.3,0.0,0.0002,16.0,25903.0
2026-07-30T19:01:10.118Z,239.601,239.616,0.0,7.4,0.0,0.0,0.0,0.0,0.0,0.0,0.0,0.0,1.0,0.0,0.0,0.0,9.0,4.0,0.0,0.0,0.0,0.0,0.0,0.0,0.0,0.0,1.0,12.0,1.0,12.15,5.01,2.51,1.49,0.0,0.0,0.0,0.4,0.0,0.1,1.0,-0.7000000000000001,-169.60000000000002,0.0,0.0,169.60000000000002,0.0,21.4,29.3,29.3,29.8,300.0,300.0,31.6,35.5,29.1,28.4,30.3,4.95,2.0,4.97,0.16,0.0,0.0,1027.0,8228.0,0.0,0.0,0.0,0.0,0.0,1.0,0.0,0.0,0.0,0.0,0.0,-0.6000000000000001,0.0,0.6000000000000001,0.0,0.0,16.0,25903.0
2026-07-30T19:01:10.130Z,239.613,239.628,0.0,7.4,0.0,0.0,0.0,0.0,0.0,0.0,0.0,0.0,1.0,0.0,0.0,0.0,9.0,4.0,0.0,0.0,0.0,0.0,0.0,0.0,0.0,0.0,2.0,12.0,1.0,12.15,5.01,2.51,1.49,0.0,0.0,0.0,0.4,0.0,-1.0,0.0,0.3,-169.60000000000002,0.0,0.0,169.70000000000002,0.0,21.4,29.3,29.3,29.8,300.0,300.0,31.6,35.5,29.1,28.4,30.3,4.96,2.0,4.97,0.16,0.0,0.0,1027.0,8228.0,0.0,0.0,0.0,0.0,0.0,1.0,0.0,0.0,0.0,0.0,0.0,-1.3,0.0,0.5,0.0,0.0001,16.0,25903.0
2026-07-30T19:01:10.142Z,239.625,239.64,0.0,7.4,0.0,0.0,0.0,0.0,0.0,0.0,0.0,0.0,1.0,0.0,0.0,0.0,9.0,4.0,0.0,0.0,0.0,0.0,0.0,0.0,0.0,0.0,4.0,12.0,1.0,12.15,5.01,2.51,1.49,0.0,0.0,0.0,0.4,0.0,0.1,-0.6000000000000001,-0.7000000000000001,-169.60000000000002,0.0,0.0,169.60000000000002,0.0,21.4,29.3,29.3,29.8,300.0,300.0,31.6,35.5,29.1,28.4,30.3,4.96,1.99,4.96,0.16,0.0,0.0,1027.0,8228.0,0.0,0.0,0.0,0.0,0.0,1.0,0.0,0.0,0.0,0.0,0.0,-1.5,0.0,0.0,0.0,0.0,16.0,25903.0
2026-07-30T19:01:10.154Z,239.637,239.652,0.0,7.4,0.0,0.0,0.0,0.0,0.0,0.0,0.0,0.0,1.0,0.0,0.0,0.0,9.0,4.0,0.0,0.0,0.0,0.0,0.0,0.0,0.0,0.0,5.0,12.0,1.0,12.15,5.01,2.51,1.49,0.0,0.0,0.0,0.4,0.0,-0.4,-0.6000000000000001,-0.7000000000000001,-169.60000000000002,0.0,0.0,169.70000000000002,0.0,21.4,29.3,29.3,29.8,300.0,300.0,31.6,35.5,29.1,28.4,30.3,4.96,1.99,4.97,0.16,0.0,0.0,1027.0,8228.0,0.0,0.0,0.0,0.0,0.0,1.0,0.0,0.0,0.0,0.0,0.0,-0.2,0.0,0.1,0.0,0.0,16.0,25903.0
2026-07-30T19:01:10.166Z,239.649,239.664,0.0,7.4,0.0,0.0,0.0,0.0,0.0,0.0,0.0,0.0,1.0,0.0,0.0,0.0,9.0,4.0,0.0,0.0,0.0,0.0,0.0,0.0,0.0,0.0,5.0,12.0,1.0,12.15,5.01,2.51,1.49,0.0,0.0,0.0,0.4,0.0,-0.3,-1.2000000000000002,-0.7000000000000001,-169.60000000000002,0.0,0.0,169.70000000000002,0.0,21.4,29.3,29.3,29.8,300.0,300.0,31.6,35.5,29.1,28.4,30.3,4.96,1.99,4.97,0.16,0.0,0.0,1027.0,8228.0,0.0,0.0,0.0,0.0,0.0,1.0,0.0,0.0,0.0,0.0,0.0,-2.0,0.0,0.4,0.0,0.0001,16.0,25903.0
2026-07-30T19:01:10.178Z,239.661,239.676,0.0,7.4,0.0,0.0,0.0,0.0,0.0,0.0,0.0,0.0,1.0,0.0,0.0,0.0,9.0,4.0,0.0,0.0,0.0,0.0,0.0,0.0,0.0,0.0,1.0,12.0,1.0,12.15,5.01,2.51,1.49,0.0,0.0,0.0,0.4,0.0,-0.9,0.5,-2.5,-169.60000000000002,0.0,0.0,169.60000000000002,0.0,21.4,29.3,29.3,29.8,300.0,300.0,31.6,35.5,29.1,28.4,30.3,4.96,1.99,4.96,0.16,0.0,0.0,1027.0,8228.0,0.0,0.0,0.0,0.0,0.0,1.0,0.0,0.0,0.0,0.0,0.0,-1.2000000000000002,0.0,2.3000000000000003,0.0,0.0,16.0,25903.0
2026-07-30T19:01:10.190Z,239.673,239.688,0.0,7.4,0.0,0.0,0.0,0.0,0.0,0.0,0.0,0.0,1.0,0.0,0.0,0.0,9.0,4.0,0.0,0.0,0.0,0.0,0.0,0.0,0.0,0.0,1.0,12.0,1.0,12.15,5.01,2.51,1.49,0.0,0.0,0.0,0.4,0.0,-0.3,-1.1,-1.9,-169.60000000000002,0.0,0.0,169.60000000000002,0.0,21.4,29.3,29.3,29.8,300.0,300.0,31.6,35.5,29.1,28.4,30.3,4.95,1.99,4.97,0.16,0.0,0.0,1027.0,8228.0,0.0,0.0,0.0,0.0,0.0,1.0,0.0,0.0,0.0,0.0,0.0,-2.8000000000000003,0.0,1.4,0.0,0.0001,16.0,25903.0
2026-07-30T19:01:10.202Z,239.685,239.7,0.0,7.4,0.0,0.0,0.0,0.0,0.0,0.0,0.0,0.0,1.0,0.0,0.0,0.0,9.0,4.0,0.0,0.0,0.0,0.0,0.0,0.0,0.0,0.0,3.0,12.0,1.0,12.17,5.0200000000000005,2.51,1.49,0.0,0.0,0.0,0.4,0.0,0.8,0.0,-0.1,-169.60000000000002,0.0,0.0,169.70000000000002,0.0,21.700000000000003,29.3,29.3,29.8,300.0,300.0,31.4,35.5,29.1,28.3,30.3,4.95,1.99,4.97,0.16,0.0,0.0,1027.0,8228.0,0.0,0.0,0.0,0.0,0.0,1.0,0.0,0.0,0.0,0.0,0.0,3.1,0.0,-1.0,0.0,0.0,16.0,25903.0
2026-07-30T19:01:10.214Z,239.697,239.712,0.0,7.4,0.0,0.0,0.0,0.0,0.0,0.0,0.0,0.0,1.0,0.0,0.0,0.0,9.0,4.0,0.0,0.0,0.0,0.0,0.0,0.0,0.0,0.0,3.0,12.0,1.0,12.17,5.0200000000000005,2.51,1.49,0.0,0.0,0.0,0.4,0.0,0.8,0.0,0.4,-169.60000000000002,0.0,0.0,169.8,0.0,21.700000000000003,29.3,29.3,29.8,300.0,300.0,31.4,35.5,29.1,28.3,30.3,4.96,1.99,4.97,0.16,0.0,0.0,1027.0,8228.0,0.0,0.0,0.0,0.0,0.0,1.0,0.0,0.0,0.0,0.0,0.0,1.3,0.0,-0.7000000000000001,0.0,0.0,16.0,25903.0
2026-07-30T19:01:10.226Z,239.709,239.724,0.0,7.4,0.0,0.0,0.0,0.0,0.0,0.0,0.0,0.0,1.0,0.0,0.0,0.0,9.0,4.0,0.0,0.0,0.0,0.0,0.0,0.0,0.0,0.0,4.0,12.0,1.0,12.17,5.0200000000000005,2.51,1.49,0.0,0.0,0.0,0.4,0.0,0.3,0.0,-0.6000000000000001,-169.60000000000002,0.0,0.0,169.60000000000002,0.0,21.700000000000003,29.3,29.3,29.8,300.0,300.0,31.4,35.5,29.1,28.3,30.3,4.96,1.99,4.96,0.16,0.0,0.0,1027.0,8228.0,0.0,0.0,0.0,0.0,0.0,1.0,0.0,0.0,0.0,0.0,0.0,-0.5,0.0,0.6000000000000001,0.0,0.0001,16.0,25903.0
2026-07-30T19:01:10.238Z,239.721,239.736,0.0,7.4,0.0,0.0,0.0,0.0,0.0,0.0,0.0,0.0,1.0,0.0,0.0,0.0,9.0,4.0,0.0,0.0,0.0,0.0,0.0,0.0,0.0,0.0,6.0,12.0,1.0,12.17,5.0200000000000005,2.51,1.49,0.0,0.0,0.0,0.4,0.0,0.2,0.0,-0.1,-169.60000000000002,0.0,0.0,169.60000000000002,0.0,21.700000000000003,29.3,29.3,29.8,300.0,300.0,31.4,35.5,29.1,28.3,30.3,4.95,1.99,4.97,0.16,0.0,0.0,1027.0,8228.0,0.0,0.0,0.0,0.0,0.0,1.0,0.0,0.0,0.0,0.0,0.0,-0.1,0.0,0.1,0.0,0.0001,16.0,25903.0
2026-07-30T19:01:10.250Z,239.733,239.748,0.0,7.4,0.0,0.0,0.0,0.0,0.0,0.0,0.0,0.0,1.0,0.0,0.0,0.0,9.0,4.0,0.0,0.0,0.0,0.0,0.0,0.0,0.0,0.0,1.0,12.0,1.0,12.17,5.0200000000000005,2.51,1.49,0.0,0.0,0.0,0.4,0.0,-0.8,-0.5,0.3,-169.60000000000002,0.0,0.0,169.8,0.0,21.700000000000003,29.3,29.3,29.8,300.0,300.0,31.4,35.5,29.1,28.3,30.3,4.95,1.99,4.96,0.16,0.0,0.0,1027.0,8228.0,0.0,0.0,0.0,0.0,0.0,1.0,0.0,0.0,0.0,0.0,0.0,-1.0,0.0,1.1,0.0,0.0,16.0,25903.0
2026-07-30T19:01:10.263Z,239.746,239.76,0.0,7.4,0.0,0.0,0.0,0.0,0.0,0.0,0.0,0.0,1.0,0.0,0.0,0.0,9.0,4.0,0.0,0.0,0.0,0.0,0.0,0.0,0.0,0.0,2.0,12.0,1.0,12.17,5.0200000000000005,2.51,1.49,0.0,0.0,0.0,0.4,0.0,-0.2,1.1,-0.7000000000000001,-169.60000000000002,0.0,0.0,169.8,0.0,21.700000000000003,29.3,29.3,29.8,300.0,300.0,31.4,35.5,29.1,28.3,30.3,4.96,1.99,4.96,0.16,0.0,0.0,1027.0,8228.0,0.0,0.0,0.0,0.0,0.0,1.0,0.0,0.0,0.0,0.0,0.0,1.2000000000000002,0.0,0.3,0.0,0.0002,16.0,25903.0
2026-07-30T19:01:10.274Z,239.757,239.772,0.0,7.4,0.0,0.0,0.0,0.0,0.0,0.0,0.0,0.0,1.0,0.0,0.0,0.0,9.0,4.0,0.0,0.0,0.0,0.0,0.0,0.0,0.0,0.0,3.0,12.0,1.0,12.17,5.0200000000000005,2.51,1.49,0.0,0.0,0.0,0.4,0.0,0.3,-1.1,1.6,-169.60000000000002,0.0,0.0,169.8,0.0,21.700000000000003,29.3,29.3,29.8,300.0,300.0,31.4,35.5,29.1,28.3,30.3,4.95,1.99,4.97,0.16,0.0,0.0,1027.0,8228.0,0.0,0.0,0.0,0.0,0.0,1.0,0.0,0.0,0.0,0.0,0.0,-2.2,0.0,0.9,0.0,0.0002,16.0,25903.0
2026-07-30T19:01:10.286Z,239.769,239.784,0.0,7.4,0.0,0.0,0.0,0.0,0.0,0.0,0.0,0.0,1.0,0.0,0.0,0.0,9.0,4.0,0.0,0.0,0.0,0.0,0.0,0.0,0.0,0.0,4.0,12.0,1.0,12.17,5.0200000000000005,2.51,1.49,0.0,0.0,0.0,0.5,0.0,-0.2,0.5,1.6,-169.70000000000002,0.0,0.0,169.8,0.0,21.700000000000003,29.3,29.3,29.8,300.0,300.0,31.4,35.5,29.1,28.3,30.3,4.96,2.0,4.96,0.16,0.0,0.0,1027.0,8228.0,0.0,0.0,0.0,0.0,0.0,1.0,0.0,0.0,0.0,0.0,0.0,0.3,0.0,-0.3,0.0,0.0,16.0,25903.0
2026-07-30T19:01:10.298Z,239.781,239.796,0.0,7.4,0.0,0.0,0.0,0.0,0.0,0.0,0.0,0.0,1.0,0.0,0.0,0.0,9.0,4.0,0.0,0.0,0.0,0.0,0.0,0.0,0.0,0.0,5.0,12.0,1.0,12.17,5.01,2.5,1.49,0.0,0.0,0.0,0.4,0.0,0.3,0.0,0.4,-169.70000000000002,0.0,0.0,169.8,0.0,21.700000000000003,29.3,29.3,29.8,300.0,300.0,31.5,35.5,29.1,28.3,30.3,4.96,1.99,4.97,0.16,0.0,0.0,1027.0,8228.0,0.0,0.0,0.0,0.0,0.0,1.0,0.0,0.0,0.0,0.0,0.0,-0.1,0.0,0.0,0.0,0.0,16.0,25903.0
2026-07-30T19:01:10.310Z,239.793,239.808,0.0,7.4,0.0,0.0,0.0,0.0,0.0,0.0,0.0,0.0,1.0,0.0,0.0,0.0,9.0,4.0,0.0,0.0,0.0,0.0,0.0,0.0,0.0,0.0,6.0,12.0,1.0,12.17,5.01,2.5,1.49,0.0,0.0,0.0,0.4,0.0,-0.2,0.0,0.0,-169.70000000000002,0.0,0.0,169.70000000000002,0.0,21.700000000000003,29.3,29.3,29.8,300.0,300.0,31.5,35.5,29.1,28.3,30.3,4.96,1.99,4.97,0.16,0.0,0.0,1027.0,8228.0,0.0,0.0,0.0,0.0,0.0,1.0,0.0,0.0,0.0,0.0,0.0,1.4,0.0,-0.8,0.0,0.0001,16.0,25903.0
2026-07-30T19:01:10.322Z,239.805,239.82,0.0,7.4,0.0,0.0,0.0,0.0,0.0,0.0,0.0,0.0,1.0,0.0,0.0,0.0,9.0,4.0,0.0,0.0,0.0,0.0,0.0,0.0,0.0,0.0,1.0,12.0,1.0,12.17,5.01,2.5,1.49,0.0,0.0,0.0,0.4,0.0,-0.2,-0.6000000000000001,-0.6000000000000001,-169.70000000000002,0.0,0.0,169.70000000000002,0.0,21.700000000000003,29.3,29.3,29.8,300.0,300.0,31.5,35.5,29.1,28.3,30.3,4.96,1.99,4.97,0.16,0.0,0.0,1027.0,8228.0,0.0,0.0,0.0,0.0,0.0,1.0,0.0,0.0,0.0,0.0,0.0,0.1,0.0,-1.0,0.0,0.0001,16.0,25903.0
2026-07-30T19:01:10.334Z,239.817,239.832,0.0,7.4,0.0,0.0,0.0,0.0,0.0,0.0,0.0,0.0,1.0,0.0,0.0,0.0,9.0,4.0,0.0,0.0,0.0,0.0,0.0,0.0,0.0,0.0,3.0,12.0,1.0,12.17,5.01,2.5,1.49,0.0,0.0,0.0,0.4,0.0,0.8,0.0,-0.1,-169.70000000000002,0.0,0.0,169.70000000000002,0.0,21.700000000000003,29.3,29.3,29.8,300.0,300.0,31.5,35.5,29.1,28.3,30.3,4.96,1.99,4.96,0.16,0.0,0.0,1027.0,8228.0,0.0,0.0,0.0,0.0,0.0,1.0,0.0,0.0,0.0,0.0,0.0,0.0,0.0,0.1,0.0,0.0002,16.0,25903.0
2026-07-30T19:01:10.347Z,239.83,239.844,0.0,7.4,0.0,0.0,0.0,0.0,0.0,0.0,0.0,0.0,1.0,0.0,0.0,0.0,9.0,4.0,0.0,0.0,0.0,0.0,0.0,0.0,0.0,0.0,4.0,12.0,1.0,12.17,5.01,2.5,1.49,0.0,0.1,0.0,0.4,0.0,0.3,-0.5,0.0,-169.70000000000002,0.0,0.0,169.70000000000002,0.0,21.700000000000003,29.3,29.3,29.8,300.0,300.0,31.5,35.5,29.1,28.3,30.3,4.96,1.99,4.97,0.16,0.0,0.0,1027.0,8228.0,0.0,0.0,0.0,0.0,0.0,1.0,0.0,0.0,0.0,0.0,0.0,-0.7000000000000001,0.0,0.0,0.0,0.0,16.0,25903.0
2026-07-30T19:01:10.368Z,239.851,239.856,0.0,7.4,0.0,0.0,0.0,0.0,0.0,0.0,0.0,0.0,1.0,0.0,0.0,0.0,9.0,4.0,0.0,0.0,0.0,0.0,0.0,0.0,0.0,0.0,5.0,12.0,1.0,12.17,5.01,2.5,1.49,0.0,0.0,0.0,0.4,0.0,0.3,2.4000000000000004,0.0,-169.70000000000002,0.0,0.0,169.70000000000002,0.0,21.700000000000003,29.3,29.3,29.8,300.0,300.0,31.5,35.5,29.1,28.3,30.3,4.95,2.0,4.97,0.15,0.0,0.0,1027.0,8228.0,0.0,0.0,0.0,0.0,0.0,1.0,0.0,0.0,0.0,0.0,0.0,2.7,0.0,0.5,0.0,0.0001,16.0,25903.0
2026-07-30T19:01:10.372Z,239.855,239.868,0.0,7.4,0.0,0.0,0.0,0.0,0.0,0.0,0.0,0.0,1.0,0.0,0.0,0.0,9.0,4.0,0.0,0.0,0.0,0.0,0.0,0.0,0.0,0.0,4.0,12.0,1.0,12.17,5.01,2.5,1.49,0.0,0.0,0.0,0.4,0.0,0.3,-0.4,0.0,-169.70000000000002,0.0,0.0,169.70000000000002,0.0,21.700000000000003,29.3,29.3,29.8,300.0,300.0,31.5,35.5,29.1,28.3,30.3,4.96,2.0,4.96,0.16,0.0,0.0,1027.0,8228.0,0.0,0.0,0.0,0.0,0.0,1.0,0.0,0.0,0.0,0.0,0.0,-0.5,0.0,-0.1,0.0,0.0,16.0,25903.0
2026-07-30T19:01:10.383Z,239.866,239.88,0.0,7.4,0.0,0.0,0.0,0.0,0.0,0.0,0.0,0.0,1.0,0.0,0.0,0.0,9.0,4.0,0.0,0.0,0.0,0.0,0.0,0.0,0.0,0.0,3.0,12.0,1.0,12.17,5.01,2.5,1.49,0.0,0.1,0.0,0.4,0.0,0.9,0.7000000000000001,1.7000000000000002,-169.70000000000002,0.0,0.0,169.8,0.0,21.700000000000003,29.3,29.3,29.8,300.0,300.0,31.5,35.5,29.1,28.3,30.3,4.95,2.0,4.96,0.16,0.0,0.0,1027.0,8228.0,0.0,0.0,0.0,0.0,0.0,1.0,0.0,0.0,0.0,0.0,0.0,2.1,0.0,-1.4,0.0,0.0,16.0,25903.0
2026-07-30T19:01:10.394Z,239.877,239.892,0.0,7.4,0.0,0.0,0.0,0.0,0.0,0.0,0.0,0.0,1.0,0.0,0.0,0.0,9.0,4.0,0.0,0.0,0.0,0.0,0.0,0.0,0.0,0.0,4.0,12.0,1.0,12.17,5.01,2.5,1.49,0.0,0.1,0.0,0.4,0.0,0.3,1.2000000000000002,-0.5,-169.70000000000002,0.0,0.0,169.8,0.0,21.700000000000003,29.3,29.3,29.8,300.0,300.0,31.5,35.5,29.1,28.3,30.3,4.95,1.99,4.97,0.16,0.0,0.0,1027.0,8228.0,0.0,0.0,0.0,0.0,0.0,1.0,0.0,0.0,0.0,0.0,0.0,1.0,0.0,0.7000000000000001,0.0,0.0001,16.0,25903.0
2026-07-30T19:01:10.407Z,239.89,239.904,0.0,7.4,0.0,0.0,0.0,0.0,0.0,0.0,0.0,0.0,1.0,0.0,0.0,0.0,9.0,4.0,0.0,0.0,0.0,0.0,0.0,0.0,0.0,0.0,6.0,12.0,1.0,12.14,5.0200000000000005,2.51,1.5,0.0,0.0,0.0,0.4,0.0,-0.1,1.3,-1.1,-169.70000000000002,0.0,0.0,169.8,0.0,21.4,29.3,29.3,29.8,300.0,300.0,31.6,35.6,29.1,28.3,30.3,4.96,2.0,4.97,0.16,0.0,0.0,1027.0,8228.0,0.0,0.0,0.0,0.0,0.0,1.0,0.0,0.0,0.0,0.0,0.0,0.6000000000000001,0.0,1.2000000000000002,0.0,0.0,16.0,25903.0
2026-07-30T19:01:10.419Z,239.902,239.916,0.0,7.4,0.0,0.0,0.0,0.0,0.0,0.0,0.0,0.0,1.0,0.0,0.0,0.0,9.0,4.0,0.0,0.0,0.0,0.0,0.0,0.0,0.0,0.0,1.0,12.0,1.0,12.14,5.0200000000000005,2.51,1.5,0.0,0.0,0.0,0.4,0.0,-0.1,0.1,1.2000000000000002,-169.70000000000002,0.0,0.0,169.70000000000002,0.0,21.4,29.3,29.3,29.8,300.0,300.0,31.6,35.6,29.1,28.3,30.3,4.96,2.0,4.96,0.16,0.0,0.0,1027.0,8228.0,0.0,0.0,0.0,0.0,0.0,1.0,0.0,0.0,0.0,0.0,0.0,1.1,0.0,-1.0,0.0,0.0002,16.0,25903.0
2026-07-30T19:01:10.430Z,239.913,239.928,0.0,7.4,0.0,0.0,0.0,0.0,0.0,0.0,0.0,0.0,1.0,0.0,0.0,0.0,9.0,4.0,0.0,0.0,0.0,0.0,0.0,0.0,0.0,0.0,2.0,12.0,1.0,12.14,5.0200000000000005,2.51,1.5,0.0,0.0,0.0,0.4,0.0,0.3,0.7000000000000001,0.0,-169.70000000000002,0.0,0.0,169.60000000000002,0.0,21.4,29.3,29.3,29.8,300.0,300.0,31.6,35.6,29.1,28.3,30.3,4.95,1.99,4.97,0.16,0.0,0.0,1027.0,8228.0,0.0,0.0,0.0,0.0,0.0,1.0,0.0,0.0,0.0,0.0,0.0,0.8,0.0,0.1,0.0,0.0002,16.0,25903.0
2026-07-30T19:01:10.442Z,239.925,239.94,0.0,7.4,0.0,0.0,0.0,0.0,0.0,0.0,0.0,0.0,1.0,0.0,0.0,0.0,9.0,4.0,0.0,0.0,0.0,0.0,0.0,0.0,0.0,0.0,4.0,12.0,1.0,12.14,5.0200000000000005,2.51,1.5,0.0,0.0,0.0,0.4,0.0,1.0,0.7000000000000001,1.2000000000000002,-169.70000000000002,0.0,0.0,169.8,0.0,21.4,29.3,29.3,29.8,300.0,300.0,31.6,35.6,29.1,28.3,30.3,4.95,1.99,4.96,0.16,0.0,0.0,1027.0,8228.0,0.0,0.0,0.0,0.0,0.0,1.0,0.0,0.0,0.0,0.0,0.0,1.7000000000000002,0.0,-0.9,0.0,0.0001,16.0,25903.0
2026-07-30T19:01:10.455Z,239.938,239.952,0.0,7.4,0.0,0.0,0.0,0.0,0.0,0.0,0.0,0.0,1.0,0.0,0.0,0.0,9.0,4.0,0.0,0.0,0.0,0.0,0.0,0.0,0.0,0.0,5.0,12.0,1.0,12.14,5.0200000000000005,2.51,1.5,0.0,0.1,0.0,0.4,0.0,-0.7000000000000001,-0.4,-1.7000000000000002,-169.70000000000002,0.0,0.0,169.70000000000002,0.0,21.4,29.3,29.3,29.8,300.0,300.0,31.6,35.6,29.1,28.3,30.3,4.96,2.0,4.96,0.16,0.0,0.0,1027.0,8228.0,0.0,0.0,0.0,0.0,0.0,1.0,0.0,0.0,0.0,0.0,0.0,-1.7000000000000002,0.0,1.4,0.0,0.0002,16.0,25903.0
2026-07-30T19:01:10.467Z,239.95,239.964,0.0,7.4,0.0,0.0,0.0,0.0,0.0,0.0,0.0,0.0,1.0,0.0,0.0,0.0,9.0,4.0,0.0,0.0,0.0,0.0,0.0,0.0,0.0,0.0,6.0,12.0,1.0,12.14,5.0200000000000005,2.51,1.5,0.0,0.1,0.0,0.5,0.0,1.0,1.8,0.0,-169.70000000000002,0.0,0.0,169.70000000000002,0.0,21.4,29.3,29.3,29.8,300.0,300.0,31.6,35.6,29.1,28.3,30.3,4.95,2.0,4.97,0.16,0.0,0.0,1027.0,8228.0,0.0,0.0,0.0,0.0,0.0,1.0,0.0,0.0,0.0,0.0,0.0,2.1,0.0,0.3,0.0,0.0,16.0,25903.0
2026-07-30T19:01:10.479Z,239.962,239.976,0.0,7.4,0.0,0.0,0.0,0.0,0.0,0.0,0.0,0.0,1.0,0.0,0.0,0.0,9.0,4.0,0.0,0.0,0.0,0.0,0.0,0.0,0.0,0.0,1.0,12.0,1.0,12.14,5.0200000000000005,2.51,1.5,0.0,0.1,0.0,0.4,0.0,0.4,0.0,0.0,-169.70000000000002,0.0,0.0,169.70000000000002,0.0,21.4,29.3,29.3,29.8,300.0,300.0,31.6,35.6,29.1,28.3,30.3,4.95,1.99,4.97,0.16,0.0,0.0,1027.0,8228.0,0.0,0.0,0.0,0.0,0.0,1.0,0.0,0.0,0.0,0.0,0.0,0.1,0.0,0.0,0.0,0.0001,16.0,25903.0
2026-07-30T19:01:10.490Z,239.973,239.988,0.0,7.4,0.0,0.0,0.0,0.0,0.0,0.0,0.0,0.0,1.0,0.0,0.0,0.0,9.0,4.0,0.0,0.0,0.0,0.0,0.0,0.0,0.0,0.0,2.0,12.0,1.0,12.14,5.0200000000000005,2.51,1.5,0.0,0.0,0.0,0.4,0.0,0.3,1.8,0.6000000000000001,-169.70000000000002,0.0,0.0,169.70000000000002,0.0,21.4,29.3,29.3,29.8,300.0,300.0,31.6,35.6,29.1,28.3,30.3,4.95,2.0,4.96,0.16,0.0,0.0,1027.0,8228.0,0.0,0.0,0.0,0.0,0.0,1.0,0.0,0.0,0.0,0.0,0.0,2.5,0.0,-0.1,0.0,0.0,16.0,25903.0
2026-07-30T19:01:10.503Z,239.986,240.0,-0.1,7.4,0.0,0.0,0.0,0.0,0.0,0.0,0.0,0.0,1.0,0.0,0.0,0.0,9.0,4.0,0.0,0.0,0.0,0.0,0.0,0.0,0.0,0.0,4.0,12.0,1.0,12.17,5.0200000000000005,2.51,1.49,0.0,0.0,0.0,0.5,0.0,0.3,0.0,2.3000000000000003,-169.70000000000002,0.0,0.0,169.8,0.0,22.200000000000003,29.3,29.3,29.8,300.0,300.0,31.5,35.6,29.1,28.3,30.200000000000003,4.96,1.99,4.96,0.16,0.0,0.0,1027.0,8228.0,0.0,0.0,0.0,0.0,0.0,1.0,0.0,0.0,0.0,0.0,0.0,1.8,0.0,-2.0,0.0,0.0001,16.0,25903.0
2026-07-30T19:01:10.515Z,239.998,240.012,-0.1,7.4,0.0,0.0,0.0,0.0,0.0,0.0,0.0,0.0,1.0,0.0,0.0,0.0,9.0,4.0,0.0,0.0,0.0,0.0,0.0,0.0,0.0,0.0,5.0,12.0,1.0,12.17,5.0200000000000005,2.51,1.49,0.0,0.0,0.0,0.5,0.0,0.3,0.6000000000000001,1.1,-169.70000000000002,0.0,0.0,169.70000000000002,0.0,22.200000000000003,29.3,29.3,29.8,300.0,300.0,31.5,35.6,29.1,28.3,30.200000000000003,4.95,1.99,4.97,0.16,0.0,0.0,1027.0,8228.0,0.0,0.0,0.0,0.0,0.0,1.0,0.0,0.0,0.0,0.0,0.0,1.5,0.0,-0.8,0.0,0.0002,16.0,25903.0
2026-07-30T19:01:10.527Z,240.01,240.024,-0.1,7.4,0.0,0.0,0.0,0.0,0.0,0.0,0.0,0.0,1.0,0.0,0.0,0.0,9.0,4.0,0.0,0.0,0.0,0.0,0.0,0.0,0.0,0.0,5.0,12.0,1.0,12.17,5.0200000000000005,2.51,1.49,0.0,0.0,0.0,0.4,0.0,-0.2,0.0,1.1,-169.70000000000002,0.0,0.0,169.8,0.0,22.200000000000003,29.3,29.3,29.8,300.0,300.0,31.5,35.6,29.1,28.3,30.200000000000003,4.96,1.99,4.96,0.16,0.0,0.0,1027.0,8228.0,0.0,0.0,0.0,0.0,0.0,1.0,0.0,0.0,0.0,0.0,0.0,0.9,0.0,-1.0,0.0,0.0001,16.0,25903.0
2026-07-30T19:01:10.539Z,240.022,240.036,-0.1,7.4,0.0,0.0,0.0,0.0,0.0,0.0,0.0,0.0,1.0,0.0,0.0,0.0,9.0,4.0,0.0,0.0,0.0,0.0,0.0,0.0,0.0,0.0,6.0,12.0,1.0,12.17,5.0200000000000005,2.51,1.49,0.0,0.0,0.0,0.4,0.0,0.2,0.6000000000000001,0.5,-169.70000000000002,0.0,0.0,169.8,0.0,22.200000000000003,29.3,29.3,29.8,300.0,300.0,31.5,35.6,29.1,28.3,30.200000000000003,4.96,2.0,4.96,0.16,0.0,0.0,1027.0,8228.0,0.0,0.0,0.0,0.0,0.0,1.0,0.0,0.0,0.0,0.0,0.0,1.1,0.0,-0.3,0.0,0.0001,16.0,25903.0
2026-07-30T19:01:10.551Z,240.034,240.048,-0.1,7.4,0.0,0.0,0.0,0.0,0.0,0.0,0.0,0.0,1.0,0.0,0.0,0.0,9.0,4.0,0.0,0.0,0.0,0.0,0.0,0.0,0.0,0.0,1.0,12.0,1.0,12.17,5.0200000000000005,2.51,1.49,0.0,0.0,0.0,0.4,0.0,-0.3,0.6000000000000001,-1.1,-169.70000000000002,0.0,0.0,169.70000000000002,0.0,22.200000000000003,29.3,29.3,29.8,300.0,300.0,31.5,35.6,29.1,28.3,30.200000000000003,4.95,1.99,4.96,0.16,0.0,0.0,1027.0,8228.0,0.0,0.0,0.0,0.0,0.0,1.0,0.0,0.0,0.0,0.0,0.0,-0.1,0.0,1.1,0.0,0.0,16.0,25903.0
2026-07-30T19:01:10.563Z,240.046,240.06,0.0,7.4,0.0,0.0,0.0,0.0,0.0,0.0,0.0,0.0,1.0,0.0,0.0,0.0,9.0,4.0,0.0,0.0,0.0,0.0,0.0,0.0,0.0,0.0,2.0,12.0,1.0,12.17,5.0200000000000005,2.51,1.49,0.0,0.0,0.0,0.4,0.0,-0.3,-0.5,0.6000000000000001,-169.70000000000002,0.0,0.0,169.8,0.0,22.200000000000003,29.3,29.3,29.8,300.0,300.0,31.5,35.6,29.1,28.3,30.200000000000003,4.96,1.99,4.97,0.16,0.0,0.0,1027.0,8228.0,0.0,0.0,0.0,0.0,0.0,1.0,0.0,0.0,0.0,0.0,0.0,-0.1,0.0,-0.6000000000000001,0.0,0.0002,16.0,25903.0
2026-07-30T19:01:10.575Z,240.058,240.072,0.0,7.4,0.0,0.0,0.0,0.0,0.0,0.0,0.0,0.0,1.0,0.0,0.0,0.0,9.0,4.0,0.0,0.0,0.0,0.0,0.0,0.0,0.0,0.0,3.0,12.0,1.0,12.17,5.0200000000000005,2.51,1.49,0.0,0.0,0.0,0.4,0.0,-0.3,0.5,-0.5,-169.70000000000002,0.0,0.0,169.70000000000002,0.0,22.200000000000003,29.3,29.3,29.8,300.0,300.0,31.5,35.6,29.1,28.3,30.200000000000003,4.95,1.99,4.96,0.16,0.0,0.0,1027.0,8228.0,0.0,0.0,0.0,0.0,0.0,1.0,0.0,0.0,0.0,0.0,0.0,0.2,0.0,0.6000000000000001,0.0,0.0,16.0,25903.0
2026-07-30T19:01:10.586Z,240.069,240.084,0.0,7.4,0.0,0.0,0.0,0.0,0.0,0.0,0.0,0.0,1.0,0.0,0.0,0.0,9.0,4.0,0.0,0.0,0.0,0.0,0.0,0.0,0.0,0.0,4.0,12.0,1.0,12.17,5.0200000000000005,2.51,1.49,0.0,0.0,0.0,0.5,0.0,-0.3,2.3000000000000003,1.1,-169.70000000000002,0.0,0.0,169.70000000000002,0.0,22.200000000000003,29.3,29.3,29.8,300.0,300.0,31.5,35.6,29.1,28.3,30.200000000000003,4.95,1.99,4.96,0.16,0.0,0.0,1027.0,8228.0,0.0,0.0,0.0,0.0,0.0,1.0,0.0,0.0,0.0,0.0,0.0,3.5,0.0,-0.5,0.0,0.0001,16.0,25903.0
2026-07-30T19:01:10.599Z,240.082,240.096,0.0,7.4,0.0,0.0,0.0,0.0,0.0,0.0,0.0,0.0,1.0,0.0,0.0,0.0,9.0,4.0,0.0,0.0,0.0,0.0,0.0,0.0,0.0,0.0,5.0,12.0,1.0,12.19,5.01,2.51,1.49,0.0,0.0,0.0,0.4,0.0,-0.9,0.0,0.0,-169.70000000000002,0.0,0.0,169.70000000000002,0.0,21.3,29.3,29.3,29.8,300.0,300.0,31.5,35.5,29.1,28.4,30.3,4.95,1.99,4.96,0.16,0.0,0.0,1027.0,8228.0,0.0,0.0,0.0,0.0,0.0,1.0,0.0,0.0,0.0,0.0,0.0,0.9,0.0,0.7000000000000001,0.0,0.0001,16.0,25903.0
2026-07-30T19:01:10.611Z,240.094,240.108,0.0,7.4,0.0,0.0,0.0,0.0,0.0,0.0,0.0,0.0,1.0,0.0,0.0,0.0,9.0,4.0,0.0,0.0,0.0,0.0,0.0,0.0,0.0,0.0,6.0,12.0,1.0,12.19,5.01,2.51,1.49,0.0,0.0,0.0,0.4,0.0,-0.3,1.2000000000000002,0.5,-169.70000000000002,0.0,0.0,169.70000000000002,0.0,21.3,29.3,29.3,29.8,300.0,300.0,31.5,35.5,29.1,28.4,30.3,4.96,1.99,4.97,0.16,0.0,0.0,1027.0,8228.0,0.0,0.0,0.0,0.0,0.0,1.0,0.0,0.0,0.0,0.0,0.0,1.7000000000000002,0.0,-0.2,0.0,0.0,16.0,25903.0
2026-07-30T19:01:10.623Z,240.106,240.12,0.0,7.4,0.0,0.0,0.0,0.0,0.0,0.0,0.0,0.0,1.0,0.0,0.0,0.0,9.0,4.0,0.0,0.0,0.0,0.0,0.0,0.0,0.0,0.0,1.0,12.0,1.0,12.19,5.01,2.51,1.49,0.0,0.1,0.0,0.4,0.0,0.1,1.1,0.5,-169.70000000000002,0.0,0.0,169.70000000000002,0.0,21.3,29.3,29.3,29.8,300.0,300.0,31.5,35.5,29.1,28.4,30.3,4.96,2.0,4.97,0.16,0.0,0.0,1027.0,8228.0,0.0,0.0,0.0,0.0,0.0,1.0,0.0,0.0,0.0,0.0,0.0,1.6,0.0,-0.2,0.0,0.0,16.0,25903.0
2026-07-30T19:01:10.635Z,240.118,240.132,0.0,7.4,0.0,0.0,0.0,0.0,0.0,0.0,0.0,0.0,1.0,0.0,0.0,0.0,9.0,4.0,0.0,0.0,0.0,0.0,0.0,0.0,0.0,0.0,2.0,12.0,1.0,12.19,5.01,2.51,1.49,0.0,0.0,0.0,0.5,0.0,0.2,0.5,-0.6000000000000001,-169.70000000000002,0.0,0.0,169.8,0.0,21.3,29.3,29.3,29.8,300.0,300.0,31.5,35.5,29.1,28.4,30.3,4.96,1.99,4.97,0.16,0.0,0.0,1027.0,8228.0,0.0,0.0,0.0,0.0,0.0,1.0,0.0,0.0,0.0,0.0,0.0,2.3000000000000003,0.0,-1.9,0.0,0.0001,16.0,25903.0
2026-07-30T19:01:10.646Z,240.129,240.144,0.0,7.4,0.0,0.0,0.0,0.0,0.0,0.0,0.0,0.0,1.0,0.0,0.0,0.0,9.0,4.0,0.0,0.0,0.0,0.0,0.0,0.0,0.0,0.0,3.0,12.0,1.0,12.19,5.01,2.51,1.49,0.0,0.0,0.0,0.4,0.0,0.7000000000000001,0.5,1.0,-169.70000000000002,0.0,0.0,169.8,0.0,21.3,29.3,29.3,29.8,300.0,300.0,31.5,35.5,29.1,28.4,30.3,4.95,1.99,4.97,0.16,0.0,0.0,1027.0,8228.0,0.0,0.0,0.0,0.0,0.0,1.0,0.0,0.0,0.0,0.0,0.0,-0.5,0.0,0.5,0.0,0.0001,16.0,25903.0
2026-07-30T19:01:10.658Z,240.141,240.156,0.0,7.4,0.0,0.0,0.0,0.0,0.0,0.0,0.0,0.0,1.0,0.0,0.0,0.0,9.0,4.0,0.0,0.0,0.0,0.0,0.0,0.0,0.0,0.0,3.0,12.0,1.0,12.19,5.01,2.51,1.49,0.0,0.0,0.0,0.4,0.0,0.8,0.0,1.0,-169.70000000000002,0.0,0.0,169.8,0.0,21.3,29.3,29.3,29.8,300.0,300.0,31.5,35.5,29.1,28.4,30.3,4.96,1.99,4.96,0.16,0.0,0.0,1027.0,8228.0,0.0,0.0,0.0,0.0,0.0,1.0,0.0,0.0,0.0,0.0,0.0,-0.7000000000000001,0.0,0.0,0.0,0.0,16.0,25903.0
2026-07-30T19:01:10.670Z,240.153,240.168,0.0,7.4,0.0,0.0,0.0,0.0,0.0,0.0,0.0,0.0,1.0,0.0,0.0,0.0,9.0,4.0,0.0,0.0,0.0,0.0,0.0,0.0,0.0,0.0,5.0,12.0,1.0,12.19,5.01,2.51,1.49,0.0,0.1,0.0,0.4,0.0,0.2,-0.6000000000000001,0.4,-169.70000000000002,0.0,0.0,169.8,0.0,21.3,29.3,29.3,29.8,300.0,300.0,31.5,35.5,29.1,28.4,30.3,4.95,2.0,4.97,0.16,0.0,0.0,1027.0,8228.0,0.0,0.0,0.0,0.0,0.0,1.0,0.0,0.0,0.0,0.0,0.0,-0.8,0.0,0.0,0.0,0.0,16.0,25903.0
2026-07-30T19:01:10.689Z,240.172,240.18,0.0,7.4,0.0,0.0,0.0,0.0,0.0,0.0,0.0,0.0,1.0,0.0,0.0,0.0,9.0,4.0,0.0,0.0,0.0,0.0,0.0,0.0,0.0,0.0,5.0,12.0,1.0,12.19,5.01,2.51,1.49,0.0,0.0,0.0,0.4,0.0,-0.8,0.5,-0.7000000000000001,-169.70000000000002,0.0,0.0,169.70000000000002,0.0,21.3,29.3,29.3,29.8,300.0,300.0,31.5,35.5,29.1,28.4,30.3,4.95,1.99,4.97,0.16,0.0,0.0,1027.0,8228.0,0.0,0.0,0.0,0.0,0.0,1.0,0.0,0.0,0.0,0.0,0.0,0.0,0.0,0.7000000000000001,0.0,0.0001,16.0,25903.0
2026-07-30T19:01:10.694Z,240.177,240.192,0.0,7.4,0.0,0.0,0.0,0.0,0.0,0.0,0.0,0.0,1.0,0.0,0.0,0.0,9.0,4.0,0.0,0.0,0.0,0.0,0.0,0.0,0.0,0.0,4.0,12.0,1.0,12.19,5.01,2.51,1.49,0.0,0.0,0.0,0.4,0.0,0.2,0.0,1.0,-169.70000000000002,0.0,0.0,169.70000000000002,0.0,21.3,29.3,29.3,29.8,300.0,300.0,31.5,35.5,29.1,28.4,30.3,4.96,1.99,4.97,0.16,0.0,0.0,1027.0,8228.0,0.0,0.0,0.0,0.0,0.0,1.0,0.0,0.0,0.0,0.0,0.0,0.6000000000000001,0.0,-0.9,0.0,0.0001,16.0,25903.0
2026-07-30T19:01:10.706Z,240.189,240.204,0.0,7.4,0.0,0.0,0.0,0.0,0.0,0.0,0.0,0.0,1.0,0.0,0.0,0.0,9.0,4.0,0.0,0.0,0.0,0.0,0.0,0.0,0.0,0.0,4.0,12.0,1.0,12.15,5.01,2.51,1.49,0.0,0.1,0.0,0.4,0.0,-0.3,0.0,1.0,-169.70000000000002,0.0,0.0,169.70000000000002,0.0,21.700000000000003,29.3,29.3,29.8,300.0,300.0,31.4,35.5,29.1,28.4,30.200000000000003,4.96,1.99,4.96,0.16,0.0,0.0,1027.0,8228.0,0.0,0.0,0.0,0.0,0.0,1.0,0.0,0.0,0.0,0.0,0.0,0.6000000000000001,0.0,-0.9,0.0,0.0002,16.0,25903.0
2026-07-30T19:01:10.719Z,240.202,240.216,0.0,7.4,0.0,0.0,0.0,0.0,0.0,0.0,0.0,0.0,1.0,0.0,0.0,0.0,9.0,4.0,0.0,0.0,0.0,0.0,0.0,0.0,0.0,0.0,6.0,12.0,1.0,12.15,5.01,2.51,1.49,0.0,0.0,0.0,0.4,0.0,0.2,-0.6000000000000001,-0.1,-169.70000000000002,0.0,0.0,169.70000000000002,0.0,21.700000000000003,29.3,29.3,29.8,300.0,300.0,31.4,35.5,29.1,28.4,30.200000000000003,4.95,1.99,4.97,0.16,0.0,0.0,1027.0,8228.0,0.0,0.0,0.0,0.0,0.0,1.0,0.0,0.0,0.0,0.0,0.0,-0.8,0.0,0.0,0.0,0.0,16.0,25903.0
2026-07-30T19:01:10.731Z,240.214,240.228,0.0,7.4,0.0,0.0,0.0,0.0,0.0,0.0,0.0,0.0,1.0,0.0,0.0,0.0,9.0,4.0,0.0,0.0,0.0,0.0,0.0,0.0,0.0,0.0,1.0,12.0,1.0,12.15,5.01,2.51,1.49,0.0,0.0,0.0,0.4,0.0,0.2,0.5,-0.1,-169.70000000000002,0.0,0.0,169.70000000000002,0.0,21.700000000000003,29.3,29.3,29.8,300.0,300.0,31.4,35.5,29.1,28.4,30.200000000000003,4.95,1.99,4.96,0.16,0.0,0.0,1027.0,8228.0,0.0,0.0,0.0,0.0,0.0,1.0,0.0,0.0,0.0,0.0,0.0,0.4,0.0,0.2,0.0,0.0,16.0,25903.0
2026-07-30T19:01:10.742Z,240.225,240.24,0.0,7.4,0.0,0.0,0.0,0.0,0.0,0.0,0.0,0.0,1.0,0.0,0.0,0.0,9.0,4.0,0.0,0.0,0.0,0.0,0.0,0.0,0.0,0.0,2.0,12.0,1.0,12.15,5.01,2.51,1.49,0.0,0.0,0.0,0.4,0.0,-0.9,-0.6000000000000001,-1.3,-169.70000000000002,0.0,0.0,169.70000000000002,0.0,21.700000000000003,29.3,29.3,29.8,300.0,300.0,31.4,35.5,29.1,28.4,30.200000000000003,4.95,1.99,4.96,0.16,0.0,0.0,1027.0,8228.0,0.0,0.0,0.0,0.0,0.0,1.0,0.0,0.0,0.0,0.0,0.0,-1.6,0.0,1.0,0.0,0.0001,16.0,25903.0
2026-07-30T19:01:10.755Z,240.238,240.252,0.0,7.4,0.0,0.0,0.0,0.0,0.0,0.0,0.0,0.0,1.0,0.0,0.0,0.0,9.0,4.0,0.0,0.0,0.0,0.0,0.0,0.0,0.0,0.0,3.0,12.0,1.0,12.15,5.01,2.51,1.49,0.0,0.0,0.0,0.4,0.0,-0.8,0.0,0.9,-169.70000000000002,0.0,0.0,169.70000000000002,0.0,21.700000000000003,29.3,29.3,29.8,300.0,300.0,31.4,35.5,29.1,28.4,30.200000000000003,4.95,1.99,4.97,0.16,0.0,0.0,1027.0,8228.0,0.0,0.0,0.0,0.0,0.0,1.0,0.0,0.0,0.0,0.0,0.0,0.7000000000000001,0.0,-0.8,0.0,0.0,16.0,25903.0
2026-07-30T19:01:10.766Z,240.249,240.264,0.0,7.4,0.0,0.0,0.0,0.0,0.0,0.0,0.0,0.0,1.0,0.0,0.0,0.0,9.0,4.0,0.0,0.0,0.0,0.0,0.0,0.0,0.0,0.0,4.0,12.0,1.0,12.15,5.01,2.51,1.49,0.0,0.0,0.0,0.4,0.0,0.2,-0.6000000000000001,0.3,-169.70000000000002,0.0,0.0,169.8,0.0,21.700000000000003,29.3,29.3,29.8,300.0,300.0,31.4,35.5,29.1,28.4,30.200000000000003,4.96,1.99,4.97,0.16,0.0,0.0,1027.0,8228.0,0.0,0.0,0.0,0.0,0.0,1.0,0.0,0.0,0.0,0.0,0.0,0.0,0.0,-0.9,0.0,0.0,16.0,25903.0
2026-07-30T19:01:10.778Z,240.261,240.276,0.0,7.4,0.0,0.0,0.0,0.0,0.0,0.0,0.0,0.0,1.0,0.0,0.0,0.0,9.0,4.0,0.0,0.0,0.0,0.0,0.0,0.0,0.0,0.0,5.0,12.0,1.0,12.15,5.01,2.51,1.49,0.0,0.0,0.0,0.4,0.0,-0.2,0.0,0.3,-169.70000000000002,0.0,0.0,169.70000000000002,0.0,21.700000000000003,29.3,29.3,29.8,300.0,300.0,31.4,35.5,29.1,28.4,30.200000000000003,4.96,1.99,4.96,0.16,0.0,0.0,1027.0,8228.0,0.0,0.0,0.0,0.0,0.0,1.0,0.0,0.0,0.0,0.0,0.0,0.2,0.0,-0.3,0.0,0.0001,16.0,25903.0
2026-07-30T19:01:10.790Z,240.273,240.288,0.0,7.4,0.0,0.0,0.0,0.0,0.0,0.0,0.0,0.0,1.0,0.0,0.0,0.0,9.0,4.0,0.0,0.0,0.0,0.0,0.0,0.0,0.0,0.0,6.0,12.0,1.0,12.15,5.01,2.51,1.49,0.0,0.0,0.0,0.4,0.0,0.3,1.1,0.9,-169.70000000000002,0.0,0.0,169.8,0.0,21.700000000000003,29.3,29.3,29.8,300.0,300.0,31.4,35.5,29.1,28.4,30.200000000000003,4.95,1.99,4.96,0.16,0.0,0.0,1027.0,8228.0,0.0,0.0,0.0,0.0,0.0,1.0,0.0,0.0,0.0,0.0,0.0,0.6000000000000001,0.0,0.9,0.0,0.0001,16.0,25903.0
2026-07-30T19:01:10.804Z,240.287,240.3,0.0,7.4,0.0,0.0,0.0,0.0,0.0,0.0,0.0,0.0,1.0,0.0,0.0,0.0,9.0,4.0,0.0,0.0,0.0,0.0,0.0,0.0,0.0,0.0,1.0,12.0,1.0,12.17,5.01,2.51,1.5,0.0,0.0,0.0,0.4,0.0,-0.2,0.6000000000000001,0.3,-169.70000000000002,0.0,0.0,169.8,0.0,21.3,29.3,29.3,29.8,300.0,300.0,31.5,35.5,29.1,28.4,30.200000000000003,4.95,1.99,4.96,0.16,0.0,0.0,1027.0,8228.0,0.0,0.0,0.0,0.0,0.0,1.0,0.0,0.0,0.0,0.0,0.0,0.0,0.0,0.8,0.0,0.0,16.0,25903.0
2026-07-30T19:01:10.815Z,240.298,240.312,0.0,7.4,0.0,0.0,0.0,0.0,0.0,0.0,0.0,0.0,1.0,0.0,0.0,0.0,9.0,4.0,0.0,0.0,0.0,0.0,0.0,0.0,0.0,0.0,2.0,12.0,1.0,12.17,5.01,2.51,1.5,0.0,0.0,0.0,0.4,0.0,-0.8,-0.5,0.9,-169.70000000000002,0.0,0.0,169.70000000000002,0.0,21.3,29.3,29.3,29.8,300.0,300.0,31.5,35.5,29.1,28.4,30.200000000000003,4.96,1.99,4.96,0.16,0.0,0.0,1027.0,8228.0,0.0,0.0,0.0,0.0,0.0,1.0,0.0,0.0,0.0,0.0,0.0,0.0,0.0,-0.9,0.0,0.0001,16.0,25903.0
2026-07-30T19:01:10.827Z,240.31,240.324,0.0,7.4,0.0,0.0,0.0,0.0,0.0,0.0,0.0,0.0,1.0,0.0,0.0,0.0,9.0,4.0,0.0,0.0,0.0,0.0,0.0,0.0,0.0,0.0,3.0,12.0,1.0,12.17,5.01,2.51,1.5,0.0,0.0,0.0,0.4,0.0,-0.9,1.1,0.3,-169.70000000000002,0.0,0.0,169.70000000000002,0.0,21.3,29.3,29.3,29.8,300.0,300.0,31.5,35.5,29.1,28.4,30.200000000000003,4.96,1.99,4.97,0.16,0.0,0.0,1027.0,8228.0,0.0,0.0,0.0,0.0,0.0,1.0,0.0,0.0,0.0,0.0,0.0,1.6,0.0,-0.1,0.0,0.0003,16.0,25903.0
2026-07-30T19:01:10.838Z,240.321,240.336,0.0,7.4,0.0,0.0,0.0,0.0,0.0,0.0,0.0,0.0,1.0,0.0,0.0,0.0,9.0,4.0,0.0,0.0,0.0,0.0,0.0,0.0,0.0,0.0,3.0,12.0,1.0,12.17,5.01,2.51,1.5,0.0,0.0,0.0,0.4,0.0,0.8,0.5,-0.1,-169.70000000000002,0.0,0.0,169.70000000000002,0.0,21.3,29.3,29.3,29.8,300.0,300.0,31.5,35.5,29.1,28.4,30.200000000000003,4.95,1.99,4.97,0.16,0.0,0.0,1027.0,8228.0,0.0,0.0,0.0,0.0,0.0,1.0,0.0,0.0,0.0,0.0,0.0,0.5,0.0,0.2,0.0,0.0001,16.0,25903.0
2026-07-30T19:01:10.850Z,240.333,240.348,0.0,7.4,0.0,0.0,0.0,0.0,0.0,0.0,0.0,0.0,1.0,0.0,0.0,0.0,9.0,4.0,0.0,0.0,0.0,0.0,0.0,0.0,0.0,0.0,4.0,12.0,1.0,12.17,5.01,2.51,1.5,0.0,0.1,0.0,0.4,0.0,-0.8,1.2000000000000002,-0.6000000000000001,-169.70000000000002,0.0,0.0,169.60000000000002,0.0,21.3,29.3,29.3,29.8,300.0,300.0,31.5,35.5,29.1,28.4,30.200000000000003,4.96,1.99,4.97,0.16,0.0,0.0,1027.0,8228.0,0.0,0.0,0.0,0.0,0.0,1.0,0.0,0.0,0.0,0.0,0.0,0.8,0.0,0.8,0.0,0.0001,16.0,25903.0
2026-07-30T19:01:10.862Z,240.345,240.36,0.0,7.4,0.0,0.0,0.0,0.0,0.0,0.0,0.0,0.0,1.0,0.0,0.0,0.0,9.0,4.0,0.0,0.0,0.0,0.0,0.0,0.0,0.0,0.0,5.0,12.0,1.0,12.17,5.01,2.51,1.5,0.0,0.1,0.0,0.4,0.0,0.3,-1.1,0.5,-169.70000000000002,0.0,0.0,169.60000000000002,0.0,21.3,29.3,29.3,29.8,300.0,300.0,31.5,35.5,29.1,28.4,30.200000000000003,4.95,1.99,4.97,0.16,0.0,0.0,1027.0,8228.0,0.0,0.0,0.0,0.0,0.0,1.0,0.0,0.0,0.0,0.0,0.0,-0.9,0.0,-0.6000000000000001,0.0,0.0001,16.0,25903.0
2026-07-30T19:01:10.874Z,240.357,240.372,0.0,7.4,0.0,0.0,0.0,0.0,0.0,0.0,0.0,0.0,1.0,0.0,0.0,0.0,9.0,4.0,0.0,0.0,0.0,0.0,0.0,0.0,0.0,0.0,1.0,12.0,1.0,12.17,5.01,2.51,1.5,0.0,0.0,0.0,0.4,0.0,0.3,1.2000000000000002,1.1,-169.70000000000002,0.0,0.0,169.60000000000002,0.0,21.3,29.3,29.3,29.8,300.0,300.0,31.5,35.5,29.1,28.4,30.200000000000003,4.95,1.99,4.96,0.16,0.0,0.0,1027.0,8228.0,0.0,0.0,0.0,0.0,0.0,1.0,0.0,0.0,0.0,0.0,0.0,2.2,0.0,-0.7000000000000001,0.0,0.0,16.0,25903.0
2026-07-30T19:01:10.886Z,240.369,240.384,0.0,7.4,0.0,0.0,0.0,0.0,0.0,0.0,0.0,0.0,1.0,0.0,0.0,0.0,9.0,4.0,0.0,0.0,0.0,0.0,0.0,0.0,0.0,0.0,2.0,12.0,1.0,12.17,5.01,2.51,1.5,0.0,0.0,0.0,0.4,0.0,-0.1,0.0,0.0,-169.70000000000002,0.0,0.0,169.70000000000002,0.0,21.3,29.3,29.3,29.8,300.0,300.0,31.5,35.5,29.1,28.4,30.200000000000003,4.95,1.99,4.96,0.16,0.0,0.0,1027.0,8228.0,0.0,0.0,0.0,0.0,0.0,1.0,0.0,0.0,0.0,0.0,0.0,0.0,0.0,0.0,0.0,0.0,16.0,25903.0
2026-07-30T19:01:10.898Z,240.381,240.396,0.0,7.4,0.0,0.0,0.0,0.0,0.0,0.0,0.0,0.0,1.0,0.0,0.0,0.0,9.0,4.0,0.0,0.0,0.0,0.0,0.0,0.0,0.0,0.0,2.0,12.0,1.0,12.17,5.01,2.51,1.5,0.0,0.0,0.0,0.4,0.0,0.3,0.0,0.0,-169.70000000000002,0.0,0.0,169.70000000000002,0.0,21.3,29.3,29.3,29.8,300.0,300.0,31.5,35.5,29.1,28.4,30.200000000000003,4.96,1.99,4.97,0.16,0.0,0.0,1027.0,8228.0,0.0,0.0,0.0,0.0,0.0,1.0,0.0,0.0,0.0,0.0,0.0,0.0,0.0,0.0,0.0,0.0,16.0,25903.0
2026-07-30T19:01:10.910Z,240.393,240.408,0.0,7.4,0.0,0.0,0.0,0.0,0.0,0.0,0.0,0.0,1.0,0.0,0.0,0.0,9.0,4.0,0.0,0.0,0.0,0.0,0.0,0.0,0.0,0.0,4.0,12.0,1.0,12.14,5.0200000000000005,2.51,1.49,0.0,0.0,0.0,0.4,0.0,0.3,-0.4,2.3000000000000003,-169.70000000000002,0.0,0.0,169.70000000000002,0.0,21.4,29.3,29.3,29.8,300.0,300.0,31.6,35.5,29.1,28.4,30.200000000000003,4.95,1.99,4.97,0.16,0.0,0.0,1027.0,8228.0,0.0,0.0,0.0,0.0,0.0,1.0,0.0,0.0,0.0,0.0,0.0,1.1,0.0,-2.1,0.0,0.0001,16.0,25903.0
2026-07-30T19:01:10.923Z,240.406,240.42,0.0,7.4,0.0,0.0,0.0,0.0,0.0,0.0,0.0,0.0,1.0,0.0,0.0,0.0,9.0,4.0,0.0,0.0,0.0,0.0,0.0,0.0,0.0,0.0,5.0,12.0,1.0,12.14,5.0200000000000005,2.51,1.49,0.0,0.0,0.0,0.4,0.0,0.3,-0.4,-1.2000000000000002,-169.70000000000002,0.0,0.0,169.70000000000002,0.0,21.4,29.3,29.3,29.8,300.0,300.0,31.6,35.5,29.1,28.4,30.200000000000003,4.95,1.99,4.97,0.16,0.0,0.0,1027.0,8228.0,0.0,0.0,0.0,0.0,0.0,1.0,0.0,0.0,0.0,0.0,0.0,-1.4,0.0,0.9,0.0,0.0,16.0,25903.0
2026-07-30T19:01:10.935Z,240.418,240.432,0.0,7.4,0.0,0.0,0.0,0.0,0.0,0.0,0.0,0.0,1.0,0.0,0.0,0.0,9.0,4.0,0.0,0.0,0.0,0.0,0.0,0.0,0.0,0.0,6.0,12.0,1.0,12.14,5.0200000000000005,2.51,1.49,0.0,0.0,0.0,0.4,0.0,-0.8,0.7000000000000001,0.5,-169.70000000000002,0.0,0.0,169.8,0.0,21.4,29.3,29.3,29.8,300.0,300.0,31.6,35.5,29.1,28.4,30.200000000000003,4.96,2.0,4.97,0.16,0.0,0.0,1027.0,8228.0,0.0,0.0,0.0,0.0,0.0,1.0,0.0,0.0,0.0,0.0,0.0,1.2000000000000002,0.0,-0.3,0.0,0.0,16.0,25903.0
2026-07-30T19:01:10.947Z,240.43,240.444,0.0,7.4,0.0,0.0,0.0,0.0,0.0,0.0,0.0,0.0,1.0,0.0,0.0,0.0,9.0,4.0,0.0,0.0,0.0,0.0,0.0,0.0,0.0,0.0,1.0,12.0,1.0,12.14,5.0200000000000005,2.51,1.49,0.0,0.1,0.0,0.4,0.0,0.3,-0.4,0.0,-169.70000000000002,0.0,0.0,169.70000000000002,0.0,21.4,29.3,29.3,29.8,300.0,300.0,31.6,35.5,29.1,28.4,30.200000000000003,4.95,2.0,4.96,0.16,0.0,0.0,1027.0,8228.0,0.0,0.0,0.0,0.0,0.0,1.0,0.0,0.0,0.0,0.0,0.0,-0.5,0.0,0.0,0.0,0.0001,16.0,25903.0
2026-07-30T19:01:10.959Z,240.442,240.456,0.0,7.4,0.0,0.0,0.0,0.0,0.0,0.0,0.0,0.0,1.0,0.0,0.0,0.0,9.0,4.0,0.0,0.0,0.0,0.0,0.0,0.0,0.0,0.0,2.0,12.0,1.0,12.14,5.0200000000000005,2.51,1.49,0.0,0.0,0.0,0.4,0.0,0.9,-0.9,-0.5,-169.70000000000002,0.0,0.0,169.8,0.0,21.4,29.3,29.3,29.8,300.0,300.0,31.6,35.5,29.1,28.4,30.200000000000003,4.95,1.99,4.97,0.16,0.0,0.0,1027.0,8228.0,0.0,0.0,0.0,0.0,0.0,1.0,0.0,0.0,0.0,0.0,0.0,-1.5,0.0,0.3,0.0,0.0,16.0,25903.0
2026-07-30T19:01:10.971Z,240.454,240.468,0.0,7.4,0.0,0.0,0.0,0.0,0.0,0.0,0.0,0.0,1.0,0.0,0.0,0.0,9.0,4.0,0.0,0.0,0.0,0.0,0.0,0.0,0.0,0.0,3.0,12.0,1.0,12.14,5.0200000000000005,2.51,1.49,0.0,0.1,0.0,0.4,0.0,0.9,0.1,0.5,-169.70000000000002,0.0,0.0,169.70000000000002,0.0,21.4,29.3,29.3,29.8,300.0,300.0,31.6,35.5,29.1,28.4,30.200000000000003,4.95,2.0,4.96,0.16,0.0,0.0,1027.0,8228.0,0.0,0.0,0.0,0.0,0.0,1.0,0.0,0.0,0.0,0.0,0.0,0.6000000000000001,0.0,-0.4,0.0,0.0001,16.0,25903.0
2026-07-30T19:01:10.983Z,240.466,240.48,0.0,7.4,0.0,0.0,0.0,0.0,0.0,0.0,0.0,0.0,1.0,0.0,0.0,0.0,9.0,4.0,0.0,0.0,0.0,0.0,0.0,0.0,0.0,0.0,4.0,12.0,1.0,12.14,5.0200000000000005,2.51,1.49,0.0,0.1,0.0,0.4,0.0,0.9,0.1,-1.1,-169.70000000000002,0.0,0.0,169.70000000000002,0.0,21.4,29.3,29.3,29.8,300.0,300.0,31.6,35.5,29.1,28.4,30.200000000000003,4.96,1.99,4.96,0.16,0.0,0.0,1027.0,8228.0,0.0,0.0,0.0,0.0,0.0,1.0,0.0,0.0,0.0,0.0,0.0,-0.6000000000000001,0.0,1.0,0.0,0.0001,16.0,25903.0
2026-07-30T19:01:10.997Z,240.48,240.492,0.0,7.4,0.0,0.0,0.0,0.0,0.0,0.0,0.0,0.0,1.0,0.0,0.0,0.0,9.0,4.0,0.0,0.0,0.0,0.0,0.0,0.0,0.0,0.0,5.0,12.0,1.0,12.14,5.0200000000000005,2.51,1.49,0.0,0.0,0.0,0.4,0.0,-0.8,-0.4,0.5,-169.70000000000002,0.0,0.0,169.8,0.0,21.4,29.3,29.3,29.8,300.0,300.0,31.6,35.5,29.1,28.4,30.200000000000003,4.95,1.99,4.97,0.16,0.0,0.0,1027.0,8228.0,0.0,0.0,0.0,0.0,0.0,1.0,0.0,0.0,0.0,0.0,0.0,0.0,0.0,-0.5,0.0,0.0,16.0,25903.0
2026-07-30T19:01:11.008Z,240.491,240.504,0.0,7.4,0.0,0.0,0.0,0.0,0.0,0.0,0.0,0.0,1.0,0.0,0.0,0.0,9.0,4.0,0.0,0.0,0.0,0.0,0.0,0.0,0.0,0.0,2.0,12.0,1.0,12.18,5.0200000000000005,2.5,1.49,0.0,0.1,0.0,0.4,0.0,0.9,-1.0,-1.2000000000000002,-169.70000000000002,0.0,0.0,169.70000000000002,0.0,21.3,29.3,29.3,29.8,300.0,300.0,31.5,35.5,29.1,28.4,30.3,4.96,1.99,4.97,0.16,0.0,0.0,1027.0,8228.0,0.0,0.0,0.0,0.0,0.0,1.0,0.0,0.0,0.0,0.0,0.0,-2.1,0.0,0.9,0.0,0.0001,16.0,25903.0
2026-07-30T19:01:11.019Z,240.502,240.516,0.0,7.4,0.0,0.0,0.0,0.0,0.0,0.0,0.0,0.0,1.0,0.0,0.0,0.0,9.0,4.0,0.0,0.0,0.0,0.0,0.0,0.0,0.0,0.0,3.0,12.0,1.0,12.18,5.0200000000000005,2.5,1.49,0.0,0.0,0.0,0.4,0.0,0.9,-0.4,-0.7000000000000001,-169.70000000000002,0.0,0.0,169.60000000000002,0.0,21.3,29.3,29.3,29.8,300.0,300.0,31.5,35.5,29.1,28.4,30.3,4.96,2.0,4.97,0.16,0.0,0.0,1027.0,8228.0,0.0,0.0,0.0,0.0,0.0,1.0,0.0,0.0,0.0,0.0,0.0,-1.0,0.0,0.5,0.0,0.0,16.0,25903.0
2026-07-30T19:01:11.031Z,240.514,240.528,0.0,7.4,0.0,0.0,0.0,0.0,0.0,0.0,0.0,0.0,1.0,0.0,0.0,0.0,9.0,4.0,0.0,0.0,0.0,0.0,0.0,0.0,0.0,0.0,4.0,12.0,1.0,12.18,5.0200000000000005,2.5,1.49,0.0,0.0,0.0,0.4,0.0,0.3,0.7000000000000001,0.4,-169.70000000000002,0.0,0.0,169.60000000000002,0.0,21.3,29.3,29.3,29.8,300.0,300.0,31.5,35.5,29.1,28.4,30.3,4.95,1.99,4.97,0.16,0.0,0.0,1027.0,8228.0,0.0,0.0,0.0,0.0,0.0,1.0,0.0,0.0,0.0,0.0,0.0,1.2000000000000002,0.0,-0.2,0.0,0.0001,16.0,25903.0
2026-07-30T19:01:11.043Z,240.526,240.54,0.0,7.4,0.0,0.0,0.0,0.0,0.0,0.0,0.0,0.0,1.0,0.0,0.0,0.0,9.0,4.0,0.0,0.0,0.0,0.0,0.0,0.0,0.0,0.0,5.0,12.0,1.0,12.18,5.0200000000000005,2.5,1.49,0.0,0.0,0.0,0.4,0.0,0.9,1.3,0.0,-169.70000000000002,0.0,0.0,169.8,0.0,21.3,29.3,29.3,29.8,300.0,300.0,31.5,35.5,29.1,28.4,30.3,4.95,1.99,4.97,0.16,0.0,0.0,1027.0,8228.0,0.0,0.0,0.0,0.0,0.0,1.0,0.0,0.0,0.0,0.0,0.0,1.4,0.0,0.3,0.0,0.0,16.0,25903.0
2026-07-30T19:01:11.054Z,240.537,240.552,0.0,7.4,0.0,0.0,0.0,0.0,0.0,0.0,0.0,0.0,1.0,0.0,0.0,0.0,9.0,4.0,0.0,0.0,0.0,0.0,0.0,0.0,0.0,0.0,6.0,12.0,1.0,12.18,5.0200000000000005,2.5,1.49,0.0,0.0,0.0,0.4,0.0,-0.2,-1.0,0.0,-169.70000000000002,0.0,0.0,169.70000000000002,0.0,21.3,29.3,29.3,29.8,300.0,300.0,31.5,35.5,29.1,28.4,30.3,4.96,2.0,4.96,0.16,0.0,0.0,1027.0,8228.0,0.0,0.0,0.0,0.0,0.0,1.0,0.0,0.0,0.0,0.0,0.0,-1.2000000000000002,0.0,-0.1,0.0,0.0001,16.0,25903.0
2026-07-30T19:01:11.067Z,240.55,240.564,0.0,7.4,0.0,0.0,0.0,0.0,0.0,0.0,0.0,0.0,1.0,0.0,0.0,0.0,9.0,4.0,0.0,0.0,0.0,0.0,0.0,0.0,0.0,0.0,1.0,12.0,1.0,12.18,5.0200000000000005,2.5,1.49,0.0,0.0,0.0,0.4,0.0,0.2,0.6000000000000001,-0.7000000000000001,-169.60000000000002,0.0,0.0,169.60000000000002,0.0,21.3,29.3,29.3,29.8,300.0,300.0,31.5,35.5,29.1,28.4,30.3,4.96,1.99,4.97,0.16,0.0,0.0,1027.0,8228.0,0.0,0.0,0.0,0.0,0.0,1.0,0.0,0.0,0.0,0.0,0.0,0.2,0.0,0.7000000000000001,0.0,0.0001,16.0,25903.0
2026-07-30T19:01:11.079Z,240.562,240.576,0.0,7.4,0.0,0.0,0.0,0.0,0.0,0.0,0.0,0.0,1.0,0.0,0.0,0.0,9.0,4.0,0.0,0.0,0.0,0.0,0.0,0.0,0.0,0.0,2.0,12.0,1.0,12.18,5.0200000000000005,2.5,1.49,0.0,0.0,0.0,0.4,0.0,-0.3,0.6000000000000001,-0.1,-169.60000000000002,0.0,0.0,169.70000000000002,0.0,21.3,29.3,29.3,29.8,300.0,300.0,31.5,35.5,29.1,28.4,30.3,4.95,2.0,4.97,0.16,0.0,0.0,1027.0,8228.0,0.0,0.0,0.0,0.0,0.0,1.0,0.0,0.0,0.0,0.0,0.0,0.6000000000000001,0.0,0.2,0.0,0.0,16.0,25903.0
2026-07-30T19:01:11.091Z,240.574,240.588,0.0,7.4,0.0,0.0,0.0,0.0,0.0,0.0,0.0,0.0,1.0,0.0,0.0,0.0,9.0,4.0,0.0,0.0,0.0,0.0,0.0,0.0,0.0,0.0,4.0,12.0,1.0,12.18,5.0200000000000005,2.5,1.49,0.0,0.0,0.0,0.4,0.0,0.2,1.2000000000000002,-0.2,-169.60000000000002,0.0,0.0,169.70000000000002,0.0,21.3,29.3,29.3,29.8,300.0,300.0,31.5,35.5,29.1,28.4,30.3,4.96,2.0,4.97,0.16,0.0,0.0,1027.0,8228.0,0.0,0.0,0.0,0.0,0.0,1.0,0.0,0.0,0.0,0.0,0.0,1.2000000000000002,0.0,0.4,0.0,0.0,16.0,25903.0
2026-07-30T19:01:11.103Z,240.586,240.6,0.0,7.4,0.0,0.0,0.0,0.0,0.0,0.0,0.0,0.0,1.0,0.0,0.0,0.0,9.0,4.0,0.0,0.0,0.0,0.0,0.0,0.0,0.0,0.0,5.0,12.0,1.0,12.18,5.0200000000000005,2.5,1.49,0.0,0.0,0.0,0.4,0.0,-0.2,0.0,0.4,-169.60000000000002,0.0,0.0,169.70000000000002,0.0,21.3,29.3,29.3,29.8,300.0,300.0,31.5,35.5,29.1,28.4,30.3,4.96,1.99,4.97,0.16,0.0,0.0,1027.0,8228.0,0.0,0.0,0.0,0.0,0.0,1.0,0.0,0.0,0.0,0.0,0.0,0.3,0.0,-0.3,0.0,0.0,16.0,25903.0
2026-07-30T19:01:11.115Z,240.598,240.612,0.0,7.4,0.0,0.0,0.0,0.0,0.0,0.0,0.0,0.0,1.0,0.0,0.0,0.0,9.0,4.0,0.0,0.0,0.0,0.0,0.0,0.0,0.0,0.0,5.0,12.0,1.0,12.15,5.0200000000000005,2.51,1.49,0.0,0.0,0.0,0.4,0.0,0.2,0.0,-0.2,-169.70000000000002,0.0,0.0,169.8,0.0,21.3,29.3,29.3,29.8,300.0,300.0,31.6,35.5,29.1,28.4,30.200000000000003,4.96,1.99,4.97,0.16,0.0,0.0,1027.0,8228.0,0.0,0.0,0.0,0.0,0.0,1.0,0.0,0.0,0.0,0.0,0.0,-0.1,0.0,0.1,0.0,0.0001,16.0,25903.0
2026-07-30T19:01:11.127Z,240.61,240.624,0.0,7.4,0.0,0.0,0.0,0.0,0.0,0.0,0.0,0.0,1.0,0.0,0.0,0.0,9.0,4.0,0.0,0.0,0.0,0.0,0.0,0.0,0.0,0.0,1.0,12.0,1.0,12.15,5.0200000000000005,2.51,1.49,0.0,0.0,0.0,0.4,0.0,0.8,0.0,-1.3,-169.70000000000002,0.0,0.0,169.8,0.0,21.3,29.3,29.3,29.8,300.0,300.0,31.6,35.5,29.1,28.4,30.200000000000003,4.95,1.99,4.97,0.16,0.0,0.0,1027.0,8228.0,0.0,0.0,0.0,0.0,0.0,1.0,0.0,0.0,0.0,0.0,0.0,1.2000000000000002,0.0,0.4,0.0,0.0,16.0,25903.0
2026-07-30T19:01:11.139Z,240.622,240.636,0.0,7.4,0.0,0.0,0.0,0.0,0.0,0.0,0.0,0.0,1.0,0.0,0.0,0.0,9.0,4.0,0.0,0.0,0.0,0.0,0.0,0.0,0.0,0.0,2.0,12.0,1.0,12.15,5.0200000000000005,2.51,1.49,0.0,0.0,0.0,0.4,0.0,0.8,-0.5,0.3,-169.70000000000002,0.0,0.0,169.70000000000002,0.0,21.3,29.3,29.3,29.8,300.0,300.0,31.6,35.5,29.1,28.4,30.200000000000003,4.96,1.99,4.96,0.16,0.0,0.0,1027.0,8228.0,0.0,0.0,0.0,0.0,0.0,1.0,0.0,0.0,0.0,0.0,0.0,-1.6,0.0,1.1,0.0,0.0001,16.0,25903.0
2026-07-30T19:01:11.151Z,240.634,240.648,0.0,7.4,0.0,0.0,0.0,0.0,0.0,0.0,0.0,0.0,1.0,0.0,0.0,0.0,9.0,4.0,0.0,0.0,0.0,0.0,0.0,0.0,0.0,0.0,3.0,12.0,1.0,12.15,5.0200000000000005,2.51,1.49,0.0,0.0,0.0,0.4,0.0,-0.2,0.6000000000000001,0.9,-169.70000000000002,0.0,0.0,169.8,0.0,21.3,29.3,29.3,29.8,300.0,300.0,31.6,35.5,29.1,28.4,30.200000000000003,4.95,1.99,4.97,0.16,0.0,0.0,1027.0,8228.0,0.0,0.0,0.0,0.0,0.0,1.0,0.0,0.0,0.0,0.0,0.0,-0.3,0.0,-0.4,0.0,0.0001,16.0,25903.0
2026-07-30T19:01:11.163Z,240.646,240.66,0.0,7.4,0.0,0.0,0.0,0.0,0.0,0.0,0.0,0.0,1.0,0.0,0.0,0.0,9.0,4.0,0.0,0.0,0.0,0.0,0.0,0.0,0.0,0.0,4.0,12.0,1.0,12.15,5.0200000000000005,2.51,1.49,0.0,0.1,0.0,0.4,0.0,-0.3,1.1,-0.1,-169.70000000000002,0.0,0.0,169.8,0.0,21.3,29.3,29.3,29.8,300.0,300.0,31.6,35.5,29.1,28.4,30.200000000000003,4.95,2.0,4.97,0.16,0.0,0.0,1027.0,8228.0,0.0,0.0,0.0,0.0,0.0,1.0,0.0,0.0,0.0,0.0,0.0,1.2000000000000002,0.0,0.3,0.0,0.0001,16.0,25903.0
2026-07-30T19:01:11.175Z,240.658,240.672,0.0,7.4,0.0,0.0,0.0,0.0,0.0,0.0,0.0,0.0,1.0,0.0,0.0,0.0,9.0,4.0,0.0,0.0,0.0,0.0,0.0,0.0,0.0,0.0,4.0,12.0,1.0,12.15,5.0200000000000005,2.51,1.49,0.0,0.0,0.0,0.5,0.0,0.3,0.6000000000000001,-0.1,-169.70000000000002,0.0,0.0,169.8,0.0,21.3,29.3,29.3,29.8,300.0,300.0,31.6,35.5,29.1,28.4,30.200000000000003,4.96,2.0,4.97,0.16,0.0,0.0,1027.0,8228.0,0.0,0.0,0.0,0.0,0.0,1.0,0.0,0.0,0.0,0.0,0.0,0.6000000000000001,0.0,0.2,0.0,0.0001,16.0,25903.0
2026-07-30T19:01:11.186Z,240.669,240.684,0.0,7.4,0.0,0.0,0.0,0.0,0.0,0.0,0.0,0.0,1.0,0.0,0.0,0.0,9.0,4.0,0.0,0.0,0.0,0.0,0.0,0.0,0.0,0.0,6.0,12.0,1.0,12.15,5.0200000000000005,2.51,1.49,0.0,0.0,0.0,0.5,0.0,0.3,0.0,0.3,-169.70000000000002,0.0,0.0,169.70000000000002,0.0,21.3,29.3,29.3,29.8,300.0,300.0,31.6,35.5,29.1,28.4,30.200000000000003,4.95,2.0,4.97,0.16,0.0,0.0,1027.0,8228.0,0.0,0.0,0.0,0.0,0.0,1.0,0.0,0.0,0.0,0.0,0.0,0.3,0.0,-0.3,0.0,0.0,16.0,25903.0
2026-07-30T19:01:11.199Z,240.682,240.696,0.0,7.4,0.0,0.0,0.0,0.0,0.0,0.0,0.0,0.0,1.0,0.0,0.0,0.0,9.0,4.0,0.0,0.0,0.0,0.0,0.0,0.0,0.0,0.0,1.0,12.0,1.0,12.15,5.0200000000000005,2.51,1.49,0.0,0.0,0.0,0.4,0.0,-0.8,-0.5,-0.8,-169.70000000000002,0.0,0.0,169.8,0.0,21.3,29.3,29.3,29.8,300.0,300.0,31.6,35.5,29.1,28.4,30.200000000000003,4.95,1.99,4.97,0.16,0.0,0.0,1027.0,8228.0,0.0,0.0,0.0,0.0,0.0,1.0,0.0,0.0,0.0,0.0,0.0,-1.1,0.0,0.6000000000000001,0.0,0.0002,16.0,25903.0
2026-07-30T19:01:11.212Z,240.695,240.708,0.0,7.4,0.0,0.0,0.0,0.0,0.0,0.0,0.0,0.0,1.0,0.0,0.0,0.0,9.0,4.0,0.0,0.0,0.0,0.0,0.0,0.0,0.0,0.0,2.0,12.0,1.0,12.18,5.01,2.51,1.49,0.0,0.0,0.0,0.4,0.0,-0.2,-0.5,-0.7000000000000001,-169.70000000000002,0.0,0.0,169.70000000000002,0.0,21.3,29.3,29.3,29.8,300.0,300.0,31.5,35.6,29.1,28.4,30.3,4.95,1.99,4.96,0.16,0.0,0.0,1027.0,8228.0,0.0,0.0,0.0,0.0,0.0,1.0,0.0,0.0,0.0,0.0,0.0,-1.1,0.0,0.5,0.0,0.0002,16.0,25903.0
2026-07-30T19:01:11.222Z,240.705,240.72,0.0,7.4,0.0,0.0,0.0,0.0,0.0,0.0,0.0,0.0,1.0,0.0,0.0,0.0,9.0,4.0,0.0,0.0,0.0,0.0,0.0,0.0,0.0,0.0,3.0,12.0,1.0,12.18,5.01,2.51,1.49,0.0,0.0,0.0,0.4,0.0,0.3,0.0,-0.8,-169.70000000000002,0.0,0.0,169.8,0.0,21.3,29.3,29.3,29.8,300.0,300.0,31.5,35.6,29.1,28.4,30.3,4.96,1.99,4.96,0.15,0.0,0.0,1027.0,8228.0,0.0,0.0,0.0,0.0,0.0,1.0,0.0,0.0,0.0,0.0,0.0,-0.5,0.0,0.7000000000000001,0.0,0.0001,16.0,25903.0
2026-07-30T19:01:11.235Z,240.718,240.732,0.0,7.4,0.0,0.0,0.0,0.0,0.0,0.0,0.0,0.0,1.0,0.0,0.0,0.0,9.0,4.0,0.0,0.0,0.0,0.0,0.0,0.0,0.0,0.0,5.0,12.0,1.0,12.18,5.01,2.51,1.49,0.0,0.0,0.0,0.4,0.0,0.3,0.0,0.9,-169.70000000000002,0.0,0.0,169.70000000000002,0.0,21.3,29.3,29.3,29.8,300.0,300.0,31.5,35.6,29.1,28.4,30.3,4.95,1.99,4.97,0.16,0.0,0.0,1027.0,8228.0,0.0,0.0,0.0,0.0,0.0,1.0,0.0,0.0,0.0,0.0,0.0,0.7000000000000001,0.0,-0.8,0.0,0.0001,16.0,25903.0
2026-07-30T19:01:11.247Z,240.73,240.744,0.0,7.4,0.0,0.0,0.0,0.0,0.0,0.0,0.0,0.0,1.0,0.0,0.0,0.0,9.0,4.0,0.0,0.0,0.0,0.0,0.0,0.0,0.0,0.0,5.0,12.0,1.0,12.18,5.01,2.51,1.49,0.0,0.0,0.0,0.4,0.0,-0.7000000000000001,-1.1,0.9,-169.70000000000002,0.0,0.0,169.8,0.0,21.3,29.3,29.3,29.8,300.0,300.0,31.5,35.6,29.1,28.4,30.3,4.96,1.99,4.96,0.16,0.0,0.0,1027.0,8228.0,0.0,0.0,0.0,0.0,0.0,1.0,0.0,0.0,0.0,0.0,0.0,-0.6000000000000001,0.0,-1.0,0.0,0.0001,16.0,25903.0
2026-07-30T19:01:11.259Z,240.742,240.756,0.0,7.4,0.0,0.0,0.0,0.0,0.0,0.0,0.0,0.0,1.0,0.0,0.0,0.0,9.0,4.0,0.0,0.0,0.0,0.0,0.0,0.0,0.0,0.0,1.0,12.0,1.0,12.18,5.01,2.51,1.49,0.0,0.0,0.0,0.4,0.0,-0.1,0.5,-0.8,-169.70000000000002,0.0,0.0,169.70000000000002,0.0,21.3,29.3,29.3,29.8,300.0,300.0,31.5,35.6,29.1,28.4,30.3,4.96,1.99,4.96,0.16,0.0,0.0,1027.0,8228.0,0.0,0.0,0.0,0.0,0.0,1.0,0.0,0.0,0.0,0.0,0.0,0.0,0.0,0.8,0.0,0.0001,16.0,25903.0
2026-07-30T19:01:11.271Z,240.754,240.768,0.0,7.4,0.0,0.0,0.0,0.0,0.0,0.0,0.0,0.0,1.0,0.0,0.0,0.0,9.0,4.0,0.0,0.0,0.0,0.0,0.0,0.0,0.0,0.0,1.0,12.0,1.0,12.18,5.01,2.51,1.49,0.0,0.0,0.0,0.4,0.0,0.3,1.1,-0.3,-169.70000000000002,0.0,0.0,169.70000000000002,0.0,21.3,29.3,29.3,29.8,300.0,300.0,31.5,35.6,29.1,28.4,30.3,4.95,1.99,4.96,0.16,0.0,0.0,1027.0,8228.0,0.0,0.0,0.0,0.0,0.0,1.0,0.0,0.0,0.0,0.0,0.0,1.0,0.0,0.5,0.0,0.0001,16.0,25903.0
2026-07-30T19:01:11.283Z,240.766,240.78,0.0,7.4,0.0,0.0,0.0,0.0,0.0,0.0,0.0,0.0,1.0,0.0,0.0,0.0,9.0,4.0,0.0,0.0,0.0,0.0,0.0,0.0,0.0,0.0,3.0,12.0,1.0,12.18,5.01,2.51,1.49,0.0,0.0,0.0,0.4,0.0,0.3,0.6000000000000001,-0.3,-169.70000000000002,0.0,0.0,169.70000000000002,0.0,21.3,29.3,29.3,29.8,300.0,300.0,31.5,35.6,29.1,28.4,30.3,4.96,1.99,4.97,0.16,0.0,0.0,1027.0,8228.0,0.0,0.0,0.0,0.0,0.0,1.0,0.0,0.0,0.0,0.0,0.0,0.4,0.0,0.3,0.0,0.0001,16.0,25903.0
2026-07-30T19:01:11.295Z,240.778,240.792,0.0,7.4,0.0,0.0,0.0,0.0,0.0,0.0,0.0,0.0,1.0,0.0,0.0,0.0,9.0,4.0,0.0,0.0,0.0,0.0,0.0,0.0,0.0,0.0,4.0,12.0,1.0,12.18,5.01,2.51,1.49,0.0,0.1,0.0,0.4,0.0,-0.2,0.0,0.2,-169.70000000000002,0.0,0.0,169.60000000000002,0.0,21.3,29.3,29.3,29.8,300.0,300.0,31.5,35.6,29.1,28.4,30.3,4.96,1.99,4.96,0.16,0.0,0.0,1027.0,8228.0,0.0,0.0,0.0,0.0,0.0,1.0,0.0,0.0,0.0,0.0,0.0,0.1,0.0,-0.2,0.0,0.0002,16.0,25903.0
2026-07-30T19:01:11.307Z,240.79,240.804,0.0,7.4,0.0,0.0,0.0,0.0,0.0,0.0,0.0,0.0,1.0,0.0,0.0,0.0,9.0,4.0,0.0,0.0,0.0,0.0,0.0,0.0,0.0,0.0,5.0,12.0,1.0,12.18,5.01,2.51,1.49,0.0,0.1,0.0,0.5,0.0,-0.2,0.5,-0.2,-169.70000000000002,0.0,0.0,169.8,0.0,21.3,29.3,29.3,29.8,300.0,300.0,31.5,35.6,29.1,28.4,30.3,4.96,1.99,4.97,0.16,0.0,0.0,1027.0,8228.0,0.0,0.0,0.0,0.0,0.0,1.0,0.0,0.0,0.0,0.0,0.0,0.4,0.0,0.3,0.0,0.0002,16.0,25903.0
2026-07-30T19:01:11.319Z,240.802,240.816,0.0,7.4,0.0,0.0,0.0,0.0,0.0,0.0,0.0,0.0,1.0,0.0,0.0,0.0,9.0,4.0,0.0,0.0,0.0,0.0,0.0,0.0,0.0,0.0,3.0,12.0,1.0,12.17,5.0200000000000005,2.5,1.49,0.0,0.0,0.0,0.4,0.0,0.3,-0.6000000000000001,-1.4,-169.70000000000002,0.0,0.0,169.8,0.0,21.3,29.3,29.3,29.8,300.0,300.0,31.5,35.6,29.1,28.3,30.3,4.95,1.99,4.97,0.16,0.0,0.0,1027.0,8228.0,0.0,0.0,0.0,0.0,0.0,1.0,0.0,0.0,0.0,0.0,0.0,-1.7000000000000002,0.0,1.1,0.0,0.0002,16.0,25903.0
2026-07-30T19:01:11.335Z,240.818,240.828,0.0,7.4,0.0,0.0,0.0,0.0,0.0,0.0,0.0,0.0,1.0,0.0,0.0,0.0,9.0,4.0,0.0,0.0,0.0,0.0,0.0,0.0,0.0,0.0,2.0,12.0,1.0,12.17,5.0200000000000005,2.5,1.49,0.0,0.0,0.0,0.4,0.0,-0.2,0.5,-0.8,-169.70000000000002,0.0,0.0,169.60000000000002,0.0,21.3,29.3,29.3,29.8,300.0,300.0,31.5,35.6,29.1,28.3,30.3,4.96,1.99,4.96,0.16,0.0,0.0,1027.0,8228.0,0.0,0.0,0.0,0.0,0.0,1.0,0.0,0.0,0.0,0.0,0.0,0.0,0.0,0.8,0.0,0.0,16.0,25903.0
2026-07-30T19:01:11.346Z,240.829,240.84,0.0,7.4,0.0,0.0,0.0,0.0,0.0,0.0,0.0,0.0,1.0,0.0,0.0,0.0,9.0,4.0,0.0,0.0,0.0,0.0,0.0,0.0,0.0,0.0,5.0,12.0,1.0,12.17,5.0200000000000005,2.5,1.49,0.0,0.0,0.0,0.4,0.0,0.3,0.5,-0.2,-169.70000000000002,0.0,0.0,169.8,0.0,21.3,29.3,29.3,29.8,300.0,300.0,31.5,35.6,29.1,28.3,30.3,4.95,2.0,4.96,0.16,0.0,0.0,1027.0,8228.0,0.0,0.0,0.0,0.0,0.0,1.0,0.0,0.0,0.0,0.0,0.0,0.4,0.0,0.3,0.0,0.0002,16.0,25903.0
2026-07-30T19:01:11.355Z,240.838,240.852,0.0,7.4,0.0,0.0,0.0,0.0,0.0,0.0,0.0,0.0,1.0,0.0,0.0,0.0,9.0,4.0,0.0,0.0,0.0,0.0,0.0,0.0,0.0,0.0,2.0,12.0,1.0,12.17,5.0200000000000005,2.5,1.49,0.0,0.0,0.0,0.5,0.0,0.9,0.5,0.9,-169.70000000000002,0.0,0.0,169.70000000000002,0.0,21.3,29.3,29.3,29.8,300.0,300.0,31.5,35.6,29.1,28.3,30.3,4.95,1.99,4.97,0.16,0.0,0.0,1027.0,8228.0,0.0,0.0,0.0,0.0,0.0,1.0,0.0,0.0,0.0,0.0,0.0,1.3,0.0,-0.6000000000000001,0.0,0.0002,16.0,25903.0
2026-07-30T19:01:11.367Z,240.85,240.864,0.0,7.4,0.0,0.0,0.0,0.0,0.0,0.0,0.0,0.0,1.0,0.0,0.0,0.0,9.0,4.0,0.0,0.0,0.0,0.0,0.0,0.0,0.0,0.0,5.0,12.0,1.0,12.17,5.0200000000000005,2.5,1.49,0.0,0.0,0.0,0.4,0.0,-0.2,0.0,-0.1,-169.70000000000002,0.0,0.0,169.70000000000002,0.0,21.3,29.3,29.3,29.8,300.0,300.0,31.5,35.6,29.1,28.3,30.3,4.96,2.0,4.97,0.16,0.0,0.0,1027.0,8228.0,0.0,0.0,0.0,0.0,0.0,1.0,0.0,0.0,0.0,0.0,0.0,-0.1,0.0,0.1,0.0,0.0001,16.0,25903.0
2026-07-30T19:01:11.379Z,240.862,240.876,0.0,7.4,0.0,0.0,0.0,0.0,0.0,0.0,0.0,0.0,1.0,0.0,0.0,0.0,9.0,4.0,0.0,0.0,0.0,0.0,0.0,0.0,0.0,0.0,4.0,12.0,1.0,12.17,5.0200000000000005,2.5,1.49,0.0,0.0,0.0,0.4,0.0,0.9,0.0,0.3,-169.70000000000002,0.0,0.0,169.8,0.0,21.3,29.3,29.3,29.8,300.0,300.0,31.5,35.6,29.1,28.3,30.3,4.96,2.0,4.96,0.16,0.0,0.0,1027.0,8228.0,0.0,0.0,0.0,0.0,0.0,1.0,0.0,0.0,0.0,0.0,0.0,0.3,0.0,-0.3,0.0,0.0001,16.0,25903.0
2026-07-30T19:01:11.391Z,240.874,240.888,0.0,7.4,0.0,0.0,0.0,0.0,0.0,0.0,0.0,0.0,1.0,0.0,0.0,0.0,9.0,4.0,0.0,0.0,0.0,0.0,0.0,0.0,0.0,0.0,5.0,12.0,1.0,12.17,5.0200000000000005,2.5,1.49,0.0,0.0,0.0,0.4,0.0,0.3,-0.5,0.3,-169.70000000000002,0.0,0.0,169.8,0.0,21.3,29.3,29.3,29.8,300.0,300.0,31.5,35.6,29.1,28.3,30.3,4.95,1.99,4.97,0.16,0.0,0.0,1027.0,8228.0,0.0,0.0,0.0,0.0,0.0,1.0,0.0,0.0,0.0,0.0,0.0,-0.3,0.0,-0.4,0.0,0.0002,16.0,25903.0
2026-07-30T19:01:11.403Z,240.886,240.9,0.0,7.4,0.0,0.0,0.0,0.0,0.0,0.0,0.0,0.0,1.0,0.0,0.0,0.0,9.0,4.0,0.0,0.0,0.0,0.0,0.0,0.0,0.0,0.0,5.0,12.0,1.0,12.17,5.0200000000000005,2.5,1.49,0.0,0.0,0.0,0.4,0.0,0.3,0.6000000000000001,-0.1,-169.70000000000002,0.0,0.0,169.70000000000002,0.0,21.3,29.3,29.3,29.8,300.0,300.0,31.5,35.6,29.1,28.3,30.3,4.95,1.99,4.96,0.17,0.0,0.0,1027.0,8228.0,0.0,0.0,0.0,0.0,0.0,1.0,0.0,0.0,0.0,0.0,0.0,0.5,0.0,0.2,0.0,0.0001,16.0,25903.0
2026-07-30T19:01:11.416Z,240.899,240.912,0.0,7.4,0.0,0.0,0.0,0.0,0.0,0.0,0.0,0.0,1.0,0.0,0.0,0.0,9.0,4.0,0.0,0.0,0.0,0.0,0.0,0.0,0.0,0.0,5.0,12.0,1.0,12.15,5.01,2.51,1.49,0.0,0.0,0.0,0.4,0.0,0.9,0.0,-0.1,-169.70000000000002,0.0,0.0,169.8,0.0,21.700000000000003,29.3,29.3,29.8,300.0,300.0,31.4,35.6,29.1,28.4,30.3,4.96,1.99,4.96,0.16,0.0,0.0,1027.0,8228.0,0.0,0.0,0.0,0.0,0.0,1.0,0.0,0.0,0.0,0.0,0.0,0.0,0.0,0.1,0.0,0.0002,16.0,25903.0
2026-07-30T19:01:11.427Z,240.91,240.924,0.0,7.4,0.0,0.0,0.0,0.0,0.0,0.0,0.0,0.0,1.0,0.0,0.0,0.0,9.0,4.0,0.0,0.0,0.0,0.0,0.0,0.0,0.0,0.0,5.0,12.0,1.0,12.15,5.01,2.51,1.49,0.0,0.0,0.0,0.4,0.0,0.9,1.8,0.9,-169.70000000000002,0.0,0.0,169.8,0.0,21.700000000000003,29.3,29.3,29.8,300.0,300.0,31.4,35.6,29.1,28.4,30.3,4.95,1.99,4.96,0.16,0.0,0.0,1027.0,8228.0,0.0,0.0,0.0,0.0,0.0,1.0,0.0,0.0,0.0,0.0,0.0,2.8000000000000003,0.0,-0.4,0.0,0.0,16.0,25903.0
2026-07-30T19:01:11.439Z,240.922,240.936,0.0,7.4,0.0,0.0,0.0,0.0,0.0,0.0,0.0,0.0,1.0,0.0,0.0,0.0,9.0,4.0,0.0,0.0,0.0,0.0,0.0,0.0,0.0,0.0,6.0,12.0,1.0,12.15,5.01,2.51,1.49,0.0,0.1,0.0,0.4,0.0,-0.2,0.0,-0.1,-169.70000000000002,0.0,0.0,169.8,0.0,21.700000000000003,29.3,29.3,29.8,300.0,300.0,31.4,35.6,29.1,28.4,30.3,4.95,1.99,4.97,0.16,0.0,0.0,1027.0,8228.0,0.0,0.0,0.0,0.0,0.0,1.0,0.0,0.0,0.0,0.0,0.0,0.0,0.0,0.1,0.0,0.0001,16.0,25903.0
2026-07-30T19:01:11.451Z,240.934,240.948,0.0,7.4,0.0,0.0,0.0,0.0,0.0,0.0,0.0,0.0,1.0,0.0,0.0,0.0,9.0,4.0,0.0,0.0,0.0,0.0,0.0,0.0,0.0,0.0,6.0,12.0,1.0,12.15,5.01,2.51,1.49,0.0,0.0,0.0,0.5,0.0,0.9,1.2000000000000002,-0.6000000000000001,-169.70000000000002,0.0,0.0,169.70000000000002,0.0,21.700000000000003,29.3,29.3,29.8,300.0,300.0,31.4,35.6,29.1,28.4,30.3,4.95,2.0,4.96,0.16,0.0,0.0,1027.0,8228.0,0.0,0.0,0.0,0.0,0.0,1.0,0.0,0.0,0.0,0.0,0.0,0.9,0.0,0.8,0.0,0.0,16.0,25903.0
2026-07-30T19:01:11.463Z,240.946,240.96,0.0,7.4,0.0,0.0,0.0,0.0,0.0,0.0,0.0,0.0,1.0,0.0,0.0,0.0,9.0,4.0,0.0,0.0,0.0,0.0,0.0,0.0,0.0,0.0,5.0,12.0,1.0,12.15,5.01,2.51,1.49,0.0,0.0,0.0,0.4,0.0,-0.2,0.6000000000000001,0.5,-169.70000000000002,0.0,0.0,169.8,0.0,21.700000000000003,29.3,29.3,29.8,300.0,300.0,31.4,35.6,29.1,28.4,30.3,4.96,1.99,4.96,0.16,0.0,0.0,1027.0,8228.0,0.0,0.0,0.0,0.0,0.0,1.0,0.0,0.0,0.0,0.0,0.0,1.1,0.0,-0.3,0.0,0.0001,16.0,25903.0
2026-07-30T19:01:11.475Z,240.958,240.972,0.0,7.4,0.0,0.0,0.0,0.0,0.0,0.0,0.0,0.0,1.0,0.0,0.0,0.0,9.0,4.0,0.0,0.0,0.0,0.0,0.0,0.0,0.0,0.0,1.0,12.0,1.0,12.15,5.01,2.51,1.49,0.0,0.1,0.0,0.5,0.0,-0.2,-0.5,0.0,-169.70000000000002,0.0,0.0,169.8,0.0,21.700000000000003,29.3,29.3,29.8,300.0,300.0,31.4,35.6,29.1,28.4,30.3,4.95,1.99,4.97,0.16,0.0,0.0,1027.0,8228.0,0.0,0.0,0.0,0.0,0.0,1.0,0.0,0.0,0.0,0.0,0.0,-0.6000000000000001,0.0,0.0,0.0,0.0001,16.0,25903.0
2026-07-30T19:01:11.487Z,240.97,240.984,0.0,7.4,0.0,0.0,0.0,0.0,0.0,0.0,0.0,0.0,1.0,0.0,0.0,0.0,9.0,4.0,0.0,0.0,0.0,0.0,0.0,0.0,0.0,0.0,2.0,12.0,1.0,12.15,5.01,2.51,1.49,0.0,0.0,0.0,0.5,0.0,-0.2,-1.0,-0.6000000000000001,-169.70000000000002,0.0,0.0,169.8,0.0,21.700000000000003,29.3,29.3,29.8,300.0,300.0,31.4,35.6,29.1,28.4,30.3,4.96,1.99,4.97,0.16,0.0,0.0,1027.0,8228.0,0.0,0.0,0.0,0.0,0.0,1.0,0.0,0.0,0.0,0.0,0.0,-1.7000000000000002,0.0,0.3,0.0,0.0001,16.0,25903.0
2026-07-30T19:01:11.499Z,240.982,240.996,0.0,7.4,0.0,0.0,0.0,0.0,0.0,0.0,0.0,0.0,1.0,0.0,0.0,0.0,9.0,4.0,0.0,0.0,0.0,0.0,0.0,0.0,0.0,0.0,4.0,12.0,1.0,12.15,5.01,2.51,1.49,0.0,0.0,0.0,0.4,0.0,0.2,1.2000000000000002,-0.6000000000000001,-169.70000000000002,0.0,0.0,169.70000000000002,0.0,21.700000000000003,29.3,29.3,29.8,300.0,300.0,31.4,35.6,29.1,28.4,30.3,4.96,1.99,4.96,0.16,0.0,0.0,1027.0,8228.0,0.0,0.0,0.0,0.0,0.0,1.0,0.0,0.0,0.0,0.0,0.0,0.9,0.0,0.8,0.0,0.0,16.0,25903.0
2026-07-30T19:01:11.511Z,240.994,241.008,0.0,7.4,0.0,0.0,0.0,0.0,0.0,0.0,0.0,0.0,1.0,0.0,0.0,0.0,9.0,4.0,0.0,0.0,0.0,0.0,0.0,0.0,0.0,0.0,5.0,12.0,1.0,12.15,5.01,2.51,1.49,0.0,0.0,0.0,0.4,0.0,0.3,0.7000000000000001,1.1,-169.70000000000002,0.0,0.0,169.70000000000002,0.0,21.700000000000003,29.3,29.3,29.8,300.0,300.0,31.4,35.6,29.1,28.4,30.3,4.95,1.99,4.96,0.16,0.0,0.0,1027.0,8228.0,0.0,0.0,0.0,0.0,0.0,1.0,0.0,0.0,0.0,0.0,0.0,1.6,0.0,-0.8,0.0,0.0001,16.0,25903.0
2026-07-30T19:01:11.523Z,241.006,241.02,0.0,7.4,0.0,0.0,0.0,0.0,0.0,0.0,0.0,0.0,1.0,0.0,0.0,0.0,9.0,4.0,0.0,0.0,0.0,0.0,0.0,0.0,0.0,0.0,6.0,12.0,1.0,12.17,5.0200000000000005,2.51,1.5,0.0,0.0,0.0,0.4,0.0,0.3,1.3,1.1,-169.70000000000002,0.0,0.0,169.8,0.0,21.3,29.3,29.3,29.8,300.0,300.0,31.4,35.6,29.1,28.4,30.3,4.95,1.99,4.97,0.16,0.0,0.0,1027.0,8228.0,0.0,0.0,0.0,0.0,0.0,1.0,0.0,0.0,0.0,0.0,0.0,2.3000000000000003,0.0,-0.7000000000000001,0.0,0.0,16.0,25903.0
2026-07-30T19:01:11.535Z,241.018,241.032,0.0,7.4,0.0,0.0,0.0,0.0,0.0,0.0,0.0,0.0,1.0,0.0,0.0,0.0,9.0,4.0,0.0,0.0,0.0,0.0,0.0,0.0,0.0,0.0,1.0,12.0,1.0,12.17,5.0200000000000005,2.51,1.5,0.0,0.0,0.0,0.4,0.0,0.3,-0.9,0.0,-169.70000000000002,0.0,0.0,169.8,0.0,21.3,29.3,29.3,29.8,300.0,300.0,31.4,35.6,29.1,28.4,30.3,4.96,2.0,4.96,0.16,0.0,0.0,1027.0,8228.0,0.0,0.0,0.0,0.0,0.0,1.0,0.0,0.0,0.0,0.0,0.0,-1.1,0.0,-0.1,0.0,0.0,16.0,25903.0
2026-07-30T19:01:11.547Z,241.03,241.044,0.0,7.4,0.0,0.0,0.0,0.0,0.0,0.0,0.0,0.0,1.0,0.0,0.0,0.0,9.0,4.0,0.0,0.0,0.0,0.0,0.0,0.0,0.0,0.0,3.0,12.0,1.0,12.17,5.0200000000000005,2.51,1.5,0.0,0.0,0.0,0.5,0.0,-0.2,0.1,0.5,-169.70000000000002,0.0,0.0,169.70000000000002,0.0,21.3,29.3,29.3,29.8,300.0,300.0,31.4,35.6,29.1,28.4,30.3,4.96,1.99,4.97,0.16,0.0,0.0,1027.0,8228.0,0.0,0.0,0.0,0.0,0.0,1.0,0.0,0.0,0.0,0.0,0.0,0.5,0.0,-0.4,0.0,0.0,16.0,25903.0
2026-07-30T19:01:11.559Z,241.042,241.056,0.0,7.4,0.0,0.0,0.0,0.0,0.0,0.0,0.0,0.0,1.0,0.0,0.0,0.0,9.0,4.0,0.0,0.0,0.0,0.0,0.0,0.0,0.0,0.0,5.0,12.0,1.0,12.17,5.0200000000000005,2.51,1.5,0.0,0.0,0.0,0.4,0.0,-0.3,-0.4,-1.2000000000000002,-169.70000000000002,0.0,0.0,169.70000000000002,0.0,21.3,29.3,29.3,29.8,300.0,300.0,31.4,35.6,29.1,28.4,30.3,4.95,1.99,4.97,0.16,0.0,0.0,1027.0,8228.0,0.0,0.0,0.0,0.0,0.0,1.0,0.0,0.0,0.0,0.0,0.0,-1.4,0.0,1.0,0.0,0.0002,16.0,25903.0
2026-07-30T19:01:11.571Z,241.054,241.068,0.0,7.4,0.0,0.0,0.0,0.0,0.0,0.0,0.0,0.0,1.0,0.0,0.0,0.0,9.0,4.0,0.0,0.0,0.0,0.0,0.0,0.0,0.0,0.0,6.0,12.0,1.0,12.17,5.0200000000000005,2.51,1.5,0.0,0.1,0.0,0.4,0.0,-0.9,-0.9,0.0,-169.70000000000002,0.0,0.0,169.8,0.0,21.3,29.3,29.3,29.8,300.0,300.0,31.4,35.6,29.1,28.4,30.3,4.96,1.99,4.96,0.16,0.0,0.0,1027.0,8228.0,0.0,0.0,0.0,0.0,0.0,1.0,0.0,0.0,0.0,0.0,0.0,-1.1,0.0,-0.1,0.0,0.0,16.0,25903.0
2026-07-30T19:01:11.582Z,241.065,241.08,0.0,7.4,0.0,0.0,0.0,0.0,0.0,0.0,0.0,0.0,1.0,0.0,0.0,0.0,9.0,4.0,0.0,0.0,0.0,0.0,0.0,0.0,0.0,0.0,1.0,12.0,1.0,12.17,5.0200000000000005,2.51,1.5,0.0,0.0,0.0,0.4,0.0,-0.3,0.7000000000000001,1.1,-169.70000000000002,0.0,0.0,169.8,0.0,21.3,29.3,29.3,29.8,300.0,300.0,31.4,35.6,29.1,28.4,30.3,4.96,1.99,4.96,0.16,0.0,0.0,1027.0,8228.0,0.0,0.0,0.0,0.0,0.0,1.0,0.0,0.0,0.0,0.0,0.0,1.7000000000000002,0.0,-0.8,0.0,0.0,16.0,25903.0
2026-07-30T19:01:11.595Z,241.078,241.092,0.0,7.4,0.0,0.0,0.0,0.0,0.0,0.0,0.0,0.0,1.0,0.0,0.0,0.0,9.0,4.0,0.0,0.0,0.0,0.0,0.0,0.0,0.0,0.0,2.0,12.0,1.0,12.17,5.0200000000000005,2.51,1.5,0.0,0.0,0.0,0.4,0.0,-0.3,0.7000000000000001,0.5,-169.70000000000002,0.0,0.0,169.70000000000002,0.0,21.3,29.3,29.3,29.8,300.0,300.0,31.4,35.6,29.1,28.4,30.3,4.96,1.99,4.97,0.16,0.0,0.0,1027.0,8228.0,0.0,0.0,0.0,0.0,0.0,1.0,0.0,0.0,0.0,0.0,0.0,1.2000000000000002,0.0,-0.3,0.0,0.0,16.0,25903.0
2026-07-30T19:01:11.607Z,241.09,241.104,0.0,7.4,0.0,0.0,0.0,0.0,0.0,0.0,0.0,0.0,1.0,0.0,0.0,0.0,9.0,4.0,0.0,0.0,0.0,0.0,0.0,0.0,0.0,0.0,3.0,12.0,1.0,12.17,5.0200000000000005,2.51,1.5,0.0,0.0,0.0,0.4,0.0,-0.3,1.8,3.4000000000000004,-169.70000000000002,0.0,0.0,169.70000000000002,0.0,21.3,29.3,29.3,29.8,300.0,300.0,31.4,35.6,29.1,28.4,30.3,4.95,1.99,4.97,0.16,0.0,0.0,1027.0,8228.0,0.0,0.0,0.0,0.0,0.0,1.0,0.0,0.0,0.0,0.0,0.0,0.5,0.0,-0.4,0.0,0.0001,16.0,25903.0
2026-07-30T19:01:11.620Z,241.103,241.116,0.0,7.4,0.0,0.0,0.0,0.0,0.0,0.0,0.0,0.0,1.0,0.0,0.0,0.0,9.0,4.0,0.0,0.0,0.0,0.0,0.0,0.0,0.0,0.0,5.0,12.0,1.0,12.18,5.0200000000000005,2.51,1.49,0.0,0.0,0.0,0.4,0.0,0.8,0.7000000000000001,-1.2000000000000002,-169.70000000000002,0.0,0.0,169.8,0.0,21.4,29.3,29.3,29.8,300.0,300.0,31.6,35.6,29.1,28.4,30.200000000000003,4.96,1.99,4.97,0.16,0.0,0.0,1027.0,8228.0,0.0,0.0,0.0,0.0,0.0,1.0,0.0,0.0,0.0,0.0,0.0,-0.1,0.0,1.2000000000000002,0.0,0.0001,16.0,25903.0
2026-07-30T19:01:11.631Z,241.114,241.128,0.0,7.4,0.0,0.0,0.0,0.0,0.0,0.0,0.0,0.0,1.0,0.0,0.0,0.0,9.0,4.0,0.0,0.0,0.0,0.0,0.0,0.0,0.0,0.0,6.0,12.0,1.0,12.18,5.0200000000000005,2.51,1.49,0.0,0.0,0.0,0.4,0.0,0.8,-1.0,-0.6000000000000001,-169.70000000000002,0.0,0.0,169.8,0.0,21.4,29.3,29.3,29.8,300.0,300.0,31.6,35.6,29.1,28.4,30.200000000000003,4.95,1.99,4.97,0.16,0.0,0.0,1027.0,8228.0,0.0,0.0,0.0,0.0,0.0,1.0,0.0,0.0,0.0,0.0,0.0,-1.6,0.0,0.3,0.0,0.0,16.0,25903.0
2026-07-30T19:01:11.646Z,241.129,241.14,0.0,7.4,0.0,0.0,0.0,0.0,0.0,0.0,0.0,0.0,1.0,0.0,0.0,0.0,9.0,4.0,0.0,0.0,0.0,0.0,0.0,0.0,0.0,0.0,1.0,12.0,1.0,12.18,5.0200000000000005,2.51,1.49,0.0,0.0,0.0,0.4,0.0,-0.3,1.8,0.5,-169.70000000000002,0.0,0.0,169.70000000000002,0.0,21.4,29.3,29.3,29.8,300.0,300.0,31.6,35.6,29.1,28.4,30.200000000000003,4.95,1.99,4.96,0.16,0.0,0.0,1027.0,8228.0,0.0,0.0,0.0,0.0,0.0,1.0,0.0,0.0,0.0,0.0,0.0,0.3,0.0,0.6000000000000001,0.0,0.0001,16.0,25903.0
2026-07-30T19:01:11.662Z,241.145,241.152,0.0,7.4,0.0,0.0,0.0,0.0,0.0,0.0,0.0,0.0,1.0,0.0,0.0,0.0,9.0,4.0,0.0,0.0,0.0,0.0,0.0,0.0,0.0,0.0,5.0,12.0,1.0,12.18,5.0200000000000005,2.51,1.49,0.0,0.0,0.0,0.4,0.0,-0.3,1.2000000000000002,0.0,-169.70000000000002,0.0,0.0,169.70000000000002,0.0,21.4,29.3,29.3,29.8,300.0,300.0,31.6,35.6,29.1,28.4,30.200000000000003,4.96,1.99,4.96,0.16,0.0,0.0,1027.0,8228.0,0.0,0.0,0.0,0.0,0.0,1.0,0.0,0.0,0.0,0.0,0.0,1.2000000000000002,0.0,-0.3,0.0,0.0002,16.0,25903.0
2026-07-30T19:01:11.667Z,241.15,241.164,0.0,7.4,0.0,0.0,0.0,0.0,0.0,0.0,0.0,0.0,1.0,0.0,0.0,0.0,9.0,4.0,0.0,0.0,0.0,0.0,0.0,0.0,0.0,0.0,3.0,12.0,1.0,12.18,5.0200000000000005,2.51,1.49,0.0,0.0,0.0,0.4,0.0,-0.3,0.1,2.3000000000000003,-169.70000000000002,0.0,0.0,169.70000000000002,0.0,21.4,29.3,29.3,29.8,300.0,300.0,31.6,35.6,29.1,28.4,30.200000000000003,4.95,1.99,4.96,0.16,0.0,0.0,1027.0,8228.0,0.0,0.0,0.0,0.0,0.0,1.0,0.0,0.0,0.0,0.0,0.0,0.0,0.0,-0.5,0.0,0.0,16.0,25903.0
2026-07-30T19:01:11.680Z,241.163,241.176,0.0,7.4,0.0,0.0,0.0,0.0,0.0,0.0,0.0,0.0,1.0,0.0,0.0,0.0,9.0,4.0,0.0,0.0,0.0,0.0,0.0,0.0,0.0,0.0,3.0,12.0,1.0,12.18,5.0200000000000005,2.51,1.49,0.0,0.0,0.0,0.4,0.0,0.2,0.1,1.7000000000000002,-169.70000000000002,0.0,0.0,169.8,0.0,21.4,29.3,29.3,29.8,300.0,300.0,31.6,35.6,29.1,28.4,30.200000000000003,4.95,1.99,4.97,0.16,0.0,0.0,1027.0,8228.0,0.0,0.0,0.0,0.0,0.0,1.0,0.0,0.0,0.0,0.0,0.0,1.4,0.0,-1.4,0.0,0.0002,16.0,25903.0
2026-07-30T19:01:11.691Z,241.174,241.188,0.0,7.4,0.0,0.0,0.0,0.0,0.0,0.0,0.0,0.0,1.0,0.0,0.0,0.0,9.0,4.0,0.0,0.0,0.0,0.0,0.0,0.0,0.0,0.0,3.0,12.0,1.0,12.18,5.0200000000000005,2.51,1.49,0.0,0.0,0.0,0.4,0.0,0.2,1.2000000000000002,-0.6000000000000001,-169.70000000000002,0.0,0.0,169.70000000000002,0.0,21.4,29.3,29.3,29.8,300.0,300.0,31.6,35.6,29.1,28.4,30.200000000000003,4.95,1.99,4.96,0.16,0.0,0.0,1027.0,8228.0,0.0,0.0,0.0,0.0,0.0,1.0,0.0,0.0,0.0,0.0,0.0,0.9,0.0,0.8,0.0,0.0,16.0,25903.0
2026-07-30T19:01:11.703Z,241.186,241.2,0.0,7.4,0.0,0.0,0.0,0.0,0.0,0.0,0.0,0.0,1.0,0.0,0.0,0.0,9.0,4.0,0.0,0.0,0.0,0.0,0.0,0.0,0.0,0.0,5.0,12.0,1.0,12.18,5.0200000000000005,2.51,1.49,0.0,0.1,0.0,0.4,0.0,-0.3,0.0,0.0,-169.70000000000002,0.0,0.0,169.70000000000002,0.0,21.4,29.3,29.3,29.8,300.0,300.0,31.6,35.6,29.1,28.4,30.200000000000003,4.96,1.99,4.96,0.16,0.0,0.0,1027.0,8228.0,0.0,0.0,0.0,0.0,0.0,1.0,0.0,0.0,0.0,0.0,0.0,0.0,0.0,0.0,0.0,0.0,16.0,25903.0
2026-07-30T19:01:11.715Z,241.198,241.212,0.0,7.4,0.0,0.0,0.0,0.0,0.0,0.0,0.0,0.0,1.0,0.0,0.0,0.0,9.0,4.0,0.0,0.0,0.0,0.0,0.0,0.0,0.0,0.0,6.0,12.0,1.0,12.18,5.0200000000000005,2.51,1.49,0.0,0.0,0.0,0.4,0.0,0.2,0.6000000000000001,0.0,-169.70000000000002,0.0,0.0,169.60000000000002,0.0,21.4,29.3,29.3,29.8,300.0,300.0,31.6,35.6,29.1,28.4,30.200000000000003,4.95,1.99,4.97,0.16,0.0,0.0,1027.0,8228.0,0.0,0.0,0.0,0.0,0.0,1.0,0.0,0.0,0.0,0.0,0.0,0.6000000000000001,0.0,0.2,0.0,0.0001,16.0,25903.0
2026-07-30T19:01:11.727Z,241.21,241.224,0.0,7.4,0.0,0.0,0.0,0.0,0.0,0.0,0.0,0.0,1.0,0.0,0.0,0.0,9.0,4.0,0.0,0.0,0.0,0.0,0.0,0.0,0.0,0.0,4.0,12.0,1.0,12.18,5.01,2.5,1.49,0.0,0.0,0.0,0.5,0.0,-0.3,0.0,0.5,-169.70000000000002,0.0,0.0,169.70000000000002,0.0,21.0,29.3,29.3,29.8,300.0,300.0,31.5,35.5,29.1,28.4,30.3,4.96,1.99,4.96,0.16,0.0,0.0,1027.0,8228.0,0.0,0.0,0.0,0.0,0.0,1.0,0.0,0.0,0.0,0.0,0.0,0.4,0.0,-0.4,0.0,0.0002,16.0,25903.0
2026-07-30T19:01:11.742Z,241.225,241.236,0.0,7.4,0.0,0.0,0.0,0.0,0.0,0.0,0.0,0.0,1.0,0.0,0.0,0.0,9.0,4.0,0.0,0.0,0.0,0.0,0.0,0.0,0.0,0.0,6.0,12.0,1.0,12.18,5.01,2.5,1.49,0.0,0.0,0.0,0.4,0.0,-0.3,0.6000000000000001,0.0,-169.70000000000002,0.0,0.0,169.8,0.0,21.0,29.3,29.3,29.8,300.0,300.0,31.5,35.5,29.1,28.4,30.3,4.96,2.0,4.97,0.16,0.0,0.0,1027.0,8228.0,0.0,0.0,0.0,0.0,0.0,1.0,0.0,0.0,0.0,0.0,0.0,0.6000000000000001,0.0,0.1,0.0,0.0001,16.0,25903.0
2026-07-30T19:01:11.751Z,241.234,241.248,0.0,7.4,0.0,0.0,0.0,0.0,0.0,0.0,0.0,0.0,1.0,0.0,0.0,0.0,9.0,4.0,0.0,0.0,0.0,0.0,0.0,0.0,0.0,0.0,6.0,12.0,1.0,12.18,5.01,2.5,1.49,0.0,0.0,0.0,0.4,0.0,-0.3,0.0,-1.2000000000000002,-169.70000000000002,0.0,0.0,169.8,0.0,21.0,29.3,29.3,29.8,300.0,300.0,31.5,35.5,29.1,28.4,30.3,4.96,1.99,4.97,0.16,0.0,0.0,1027.0,8228.0,0.0,0.0,0.0,0.0,0.0,1.0,0.0,0.0,0.0,0.0,0.0,-0.8,0.0,1.0,0.0,0.0001,16.0,25903.0
2026-07-30T19:01:11.763Z,241.246,241.26,0.0,7.4,0.0,0.0,0.0,0.0,0.0,0.0,0.0,0.0,1.0,0.0,0.0,0.0,9.0,4.0,0.0,0.0,0.0,0.0,0.0,0.0,0.0,0.0,1.0,12.0,1.0,12.18,5.01,2.5,1.49,0.0,0.1,0.0,0.4,0.0,-0.3,-1.0,-1.7000000000000002,-169.70000000000002,0.0,0.0,169.8,0.0,21.0,29.3,29.3,29.8,300.0,300.0,31.5,35.5,29.1,28.4,30.3,4.96,1.99,4.97,0.16,0.0,0.0,1027.0,8228.0,0.0,0.0,0.0,0.0,0.0,1.0,0.0,0.0,0.0,0.0,0.0,-2.5,0.0,1.3,0.0,0.0,16.0,25903.0
2026-07-30T19:01:11.775Z,241.258,241.272,0.0,7.4,0.0,0.0,0.0,0.0,0.0,0.0,0.0,0.0,1.0,0.0,0.0,0.0,9.0,4.0,0.0,0.0,0.0,0.0,0.0,0.0,0.0,0.0,2.0,12.0,1.0,12.18,5.01,2.5,1.49,0.0,0.0,0.0,0.4,0.0,0.2,0.0,0.0,-169.70000000000002,0.0,0.0,169.70000000000002,0.0,21.0,29.3,29.3,29.8,300.0,300.0,31.5,35.5,29.1,28.4,30.3,4.96,1.99,4.96,0.16,0.0,0.0,1027.0,8228.0,0.0,0.0,0.0,0.0,0.0,1.0,0.0,0.0,0.0,0.0,0.0,0.0,0.0,0.0,0.0,0.0,16.0,25903.0
2026-07-30T19:01:11.787Z,241.27,241.284,0.0,7.4,0.0,0.0,0.0,0.0,0.0,0.0,0.0,0.0,1.0,0.0,0.0,0.0,9.0,4.0,0.0,0.0,0.0,0.0,0.0,0.0,0.0,0.0,4.0,12.0,1.0,12.18,5.01,2.5,1.49,0.0,0.0,0.0,0.4,0.0,0.2,0.0,0.5,-169.70000000000002,0.0,0.0,169.8,0.0,21.0,29.3,29.3,29.8,300.0,300.0,31.5,35.5,29.1,28.4,30.3,4.96,2.0,4.97,0.16,0.0,0.0,1027.0,8228.0,0.0,0.0,0.0,0.0,0.0,1.0,0.0,0.0,0.0,0.0,0.0,0.5,0.0,-0.4,0.0,0.0,16.0,25903.0
2026-07-30T19:01:11.798Z,241.281,241.296,0.0,7.4,0.0,0.0,0.0,0.0,0.0,0.0,0.0,0.0,1.0,0.0,0.0,0.0,9.0,4.0,0.0,0.0,0.0,0.0,0.0,0.0,0.0,0.0,5.0,12.0,1.0,12.18,5.01,2.5,1.49,0.0,0.1,0.0,0.4,0.0,-0.3,-0.4,1.1,-169.70000000000002,0.0,0.0,169.8,0.0,21.0,29.3,29.3,29.8,300.0,300.0,31.5,35.5,29.1,28.4,30.3,4.95,1.99,4.97,0.16,0.0,0.0,1027.0,8228.0,0.0,0.0,0.0,0.0,0.0,1.0,0.0,0.0,0.0,0.0,0.0,0.3,0.0,-1.1,0.0,0.0,16.0,25903.0
2026-07-30T19:01:11.811Z,241.294,241.308,0.0,7.4,0.0,0.0,0.0,0.0,0.0,0.0,0.0,0.0,1.0,0.0,0.0,0.0,9.0,4.0,0.0,0.0,0.0,0.0,0.0,0.0,0.0,0.0,6.0,12.0,1.0,12.18,5.01,2.5,1.49,0.0,0.0,0.0,0.4,0.0,0.8,0.0,1.1,-169.70000000000002,0.0,0.0,169.8,0.0,21.0,29.3,29.3,29.8,300.0,300.0,31.5,35.5,29.1,28.4,30.3,4.96,1.99,4.97,0.16,0.0,0.0,1027.0,8228.0,0.0,0.0,0.0,0.0,0.0,1.0,0.0,0.0,0.0,0.0,0.0,0.9,0.0,-0.9,0.0,0.0001,16.0,25903.0
2026-07-30T19:01:11.824Z,241.307,241.32,0.0,7.4,0.0,0.0,0.0,0.0,0.0,0.0,0.0,0.0,1.0,0.0,0.0,0.0,9.0,4.0,0.0,0.0,0.0,0.0,0.0,0.0,0.0,0.0,2.0,12.0,1.0,12.15,5.0200000000000005,2.51,1.49,0.0,0.0,0.0,0.4,0.0,0.3,-1.1,0.6000000000000001,-169.70000000000002,0.0,0.0,169.8,0.0,21.8,29.3,29.3,29.8,300.0,300.0,31.4,35.5,29.1,28.3,30.200000000000003,4.95,2.0,4.96,0.16,0.0,0.0,1027.0,8228.0,0.0,0.0,0.0,0.0,0.0,1.0,0.0,0.0,0.0,0.0,0.0,-0.8,0.0,-0.7000000000000001,0.0,0.0001,16.0,25903.0
2026-07-30T19:01:11.834Z,241.317,241.332,0.0,7.4,0.0,0.0,0.0,0.0,0.0,0.0,0.0,0.0,1.0,0.0,0.0,0.0,9.0,4.0,0.0,0.0,0.0,0.0,0.0,0.0,0.0,0.0,3.0,12.0,1.0,12.15,5.0200000000000005,2.51,1.49,0.0,0.0,0.0,0.4,0.0,0.3,1.2000000000000002,0.0,-169.70000000000002,0.0,0.0,169.70000000000002,0.0,21.8,29.3,29.3,29.8,300.0,300.0,31.4,35.5,29.1,28.3,30.200000000000003,4.95,1.99,4.97,0.16,0.0,0.0,1027.0,8228.0,0.0,0.0,0.0,0.0,0.0,1.0,0.0,0.0,0.0,0.0,0.0,1.3,0.0,0.2,0.0,0.0001,16.0,25903.0
2026-07-30T19:01:11.847Z,241.33,241.344,0.0,7.4,0.0,0.0,0.0,0.0,0.0,0.0,0.0,0.0,1.0,0.0,0.0,0.0,9.0,4.0,0.0,0.0,0.0,0.0,0.0,0.0,0.0,0.0,4.0,12.0,1.0,12.15,5.0200000000000005,2.51,1.49,0.0,0.0,0.0,0.4,0.0,-0.2,1.2000000000000002,1.7000000000000002,-169.70000000000002,0.0,0.0,169.70000000000002,0.0,21.8,29.3,29.3,29.8,300.0,300.0,31.4,35.5,29.1,28.3,30.200000000000003,4.95,1.99,4.97,0.16,0.0,0.0,1027.0,8228.0,0.0,0.0,0.0,0.0,0.0,1.0,0.0,0.0,0.0,0.0,0.0,2.7,0.0,-1.2000000000000002,0.0,0.0,16.0,25903.0
2026-07-30T19:01:11.859Z,241.342,241.356,0.0,7.4,0.0,0.0,0.0,0.0,0.0,0.0,0.0,0.0,1.0,0.0,0.0,0.0,9.0,4.0,0.0,0.0,0.0,0.0,0.0,0.0,0.0,0.0,5.0,12.0,1.0,12.15,5.0200000000000005,2.51,1.49,0.0,0.0,0.0,0.4,0.0,0.2,-1.1,0.0,-169.70000000000002,0.0,0.0,169.70000000000002,0.0,21.8,29.3,29.3,29.8,300.0,300.0,31.4,35.5,29.1,28.3,30.200000000000003,4.96,1.99,4.96,0.16,0.0,0.0,1027.0,8228.0,0.0,0.0,0.0,0.0,0.0,1.0,0.0,0.0,0.0,0.0,0.0,-1.2000000000000002,0.0,-0.2,0.0,0.0,16.0,25903.0
2026-07-30T19:01:11.870Z,241.353,241.368,0.0,7.4,0.0,0.0,0.0,0.0,0.0,0.0,0.0,0.0,1.0,0.0,0.0,0.0,9.0,4.0,0.0,0.0,0.0,0.0,0.0,0.0,0.0,0.0,1.0,12.0,1.0,12.15,5.0200000000000005,2.51,1.49,0.0,0.1,0.0,0.4,0.0,0.3,0.0,-1.1,-169.70000000000002,0.0,0.0,169.8,0.0,21.8,29.3,29.3,29.8,300.0,300.0,31.4,35.5,29.1,28.3,30.200000000000003,4.95,1.99,4.97,0.16,0.0,0.0,1027.0,8228.0,0.0,0.0,0.0,0.0,0.0,1.0,0.0,0.0,0.0,0.0,0.0,-0.8,0.0,1.0,0.0,0.0001,16.0,25903.0
2026-07-30T19:01:11.883Z,241.366,241.38,0.0,7.4,0.0,0.0,0.0,0.0,0.0,0.0,0.0,0.0,1.0,0.0,0.0,0.0,9.0,4.0,0.0,0.0,0.0,0.0,0.0,0.0,0.0,0.0,2.0,12.0,1.0,12.15,5.0200000000000005,2.51,1.49,0.0,0.0,0.0,0.4,0.0,-0.2,0.0,0.0,-169.70000000000002,0.0,0.0,169.70000000000002,0.0,21.8,29.3,29.3,29.8,300.0,300.0,31.4,35.5,29.1,28.3,30.200000000000003,4.95,1.99,4.96,0.16,0.0,0.0,1027.0,8228.0,0.0,0.0,0.0,0.0,0.0,1.0,0.0,0.0,0.0,0.0,0.0,0.0,0.0,0.0,0.0,0.0002,16.0,25903.0
2026-07-30T19:01:11.894Z,241.377,241.392,0.0,7.4,0.0,0.0,0.0,0.0,0.0,0.0,0.0,0.0,1.0,0.0,0.0,0.0,9.0,4.0,0.0,0.0,0.0,0.0,0.0,0.0,0.0,0.0,4.0,12.0,1.0,12.15,5.0200000000000005,2.51,1.49,0.0,0.0,0.0,0.4,0.0,0.3,0.5,0.6000000000000001,-169.70000000000002,0.0,0.0,169.70000000000002,0.0,21.8,29.3,29.3,29.8,300.0,300.0,31.4,35.5,29.1,28.3,30.200000000000003,4.96,2.0,4.96,0.16,0.0,0.0,1027.0,8228.0,0.0,0.0,0.0,0.0,0.0,1.0,0.0,0.0,0.0,0.0,0.0,1.1,0.0,-0.4,0.0,0.0,16.0,25903.0
2026-07-30T19:01:11.907Z,241.39,241.404,0.0,7.4,0.0,0.0,0.0,0.0,0.0,0.0,0.0,0.0,1.0,0.0,0.0,0.0,9.0,4.0,0.0,0.0,0.0,0.0,0.0,0.0,0.0,0.0,5.0,12.0,1.0,12.15,5.0200000000000005,2.51,1.49,0.0,0.0,0.0,0.4,0.0,0.4,-0.5,0.0,-169.70000000000002,0.0,0.0,169.70000000000002,0.0,21.8,29.3,29.3,29.8,300.0,300.0,31.4,35.5,29.1,28.3,30.200000000000003,4.95,2.0,4.97,0.16,0.0,0.0,1027.0,8228.0,0.0,0.0,0.0,0.0,0.0,1.0,0.0,0.0,0.0,0.0,0.0,-0.5,0.0,-0.1,0.0,0.0001,16.0,25903.0
2026-07-30T19:01:11.919Z,241.402,241.416,0.0,7.4,0.0,0.0,0.0,0.0,0.0,0.0,0.0,0.0,1.0,0.0,0.0,0.0,9.0,4.0,0.0,0.0,0.0,0.0,0.0,0.0,0.0,0.0,6.0,12.0,1.0,12.15,5.0200000000000005,2.51,1.49,0.0,0.0,0.0,0.4,0.0,1.5,1.2000000000000002,1.7000000000000002,-169.70000000000002,0.0,0.0,169.8,0.0,21.8,29.3,29.3,29.8,300.0,300.0,31.4,35.5,29.1,28.3,30.200000000000003,4.95,1.99,4.96,0.16,0.0,0.0,1027.0,8228.0,0.0,0.0,0.0,0.0,0.0,1.0,0.0,0.0,0.0,0.0,0.0,2.7,0.0,-1.3,0.0,0.0001,16.0,25903.0
2026-07-30T19:01:11.931Z,241.414,241.428,0.0,7.4,0.0,0.0,0.0,0.0,0.0,0.0,0.0,0.0,1.0,0.0,0.0,0.0,9.0,4.0,0.0,0.0,0.0,0.0,0.0,0.0,0.0,0.0,2.0,12.0,1.0,12.17,5.01,2.51,1.49,0.0,0.0,0.0,0.4,0.0,0.9,0.6000000000000001,0.0,-169.70000000000002,0.0,0.0,169.70000000000002,0.0,21.4,29.3,29.3,29.8,300.0,300.0,31.5,35.5,29.1,28.3,30.200000000000003,4.95,1.99,4.96,0.16,0.0,0.0,1027.0,8228.0,0.0,0.0,0.0,0.0,0.0,1.0,0.0,0.0,0.0,0.0,0.0,0.6000000000000001,0.0,0.1,0.0,0.0001,16.0,25903.0
2026-07-30T19:01:11.942Z,241.425,241.44,0.0,7.4,0.0,0.0,0.0,0.0,0.0,0.0,0.0,0.0,1.0,0.0,0.0,0.0,9.0,4.0,0.0,0.0,0.0,0.0,0.0,0.0,0.0,0.0,3.0,12.0,1.0,12.17,5.01,2.51,1.49,0.0,0.0,0.0,0.4,0.0,0.9,0.0,0.0,-169.70000000000002,0.0,0.0,169.60000000000002,0.0,21.4,29.3,29.3,29.8,300.0,300.0,31.5,35.5,29.1,28.3,30.200000000000003,4.96,1.99,4.96,0.16,0.0,0.0,1027.0,8228.0,0.0,0.0,0.0,0.0,0.0,1.0,0.0,0.0,0.0,0.0,0.0,0.0,0.0,0.0,0.0,0.0001,16.0,25903.0
2026-07-30T19:01:11.968Z,241.451,241.452,0.0,7.4,0.0,0.0,0.0,0.0,0.0,0.0,0.0,0.0,1.0,0.0,0.0,0.0,9.0,4.0,0.0,0.0,0.0,0.0,0.0,0.0,0.0,0.0,4.0,12.0,1.0,12.17,5.01,2.51,1.49,0.0,0.0,0.0,0.4,0.0,0.4,0.7000000000000001,0.5,-169.70000000000002,0.0,0.0,169.70000000000002,0.0,21.4,29.3,29.3,29.8,300.0,300.0,31.5,35.5,29.1,28.3,30.200000000000003,4.95,1.99,4.97,0.16,0.0,0.0,1027.0,8228.0,0.0,0.0,0.0,0.0,0.0,1.0,0.0,0.0,0.0,0.0,0.0,1.2000000000000002,0.0,-0.3,0.0,0.0001,16.0,25903.0
2026-07-30T19:01:11.977Z,241.46,241.464,0.0,7.4,0.0,0.0,0.0,0.0,0.0,0.0,0.0,0.0,1.0,0.0,0.0,0.0,9.0,4.0,0.0,0.0,0.0,0.0,0.0,0.0,0.0,0.0,4.0,12.0,1.0,12.17,5.01,2.51,1.49,0.0,0.0,0.0,0.4,0.0,0.3,-0.4,-0.6000000000000001,-169.70000000000002,0.0,0.0,169.70000000000002,0.0,21.4,29.3,29.3,29.8,300.0,300.0,31.5,35.5,29.1,28.3,30.200000000000003,4.96,1.99,4.96,0.16,0.0,0.0,1027.0,8228.0,0.0,0.0,0.0,0.0,0.0,1.0,0.0,0.0,0.0,0.0,0.0,-0.9,0.0,0.4,0.0,0.0,16.0,25903.0
2026-07-30T19:01:11.979Z,241.462,241.476,0.0,7.4,0.0,0.0,0.0,0.0,0.0,0.0,0.0,0.0,1.0,0.0,0.0,0.0,9.0,4.0,0.0,0.0,0.0,0.0,0.0,0.0,0.0,0.0,5.0,12.0,1.0,12.17,5.01,2.51,1.49,0.0,0.0,0.0,0.4,0.0,-0.2,0.7000000000000001,0.5,-169.70000000000002,0.0,0.0,169.8,0.0,21.4,29.3,29.3,29.8,300.0,300.0,31.5,35.5,29.1,28.3,30.200000000000003,4.96,1.99,4.96,0.16,0.0,0.0,1027.0,8228.0,0.0,0.0,0.0,0.0,0.0,1.0,0.0,0.0,0.0,0.0,0.0,1.2000000000000002,0.0,-0.3,0.0,0.0001,16.0,25903.0
2026-07-30T19:01:11.991Z,241.474,241.488,0.0,7.4,0.0,0.0,0.0,0.0,0.0,0.0,0.0,0.0,1.0,0.0,0.0,0.0,9.0,4.0,0.0,0.0,0.0,0.0,0.0,0.0,0.0,0.0,5.0,12.0,1.0,12.17,5.01,2.51,1.49,0.0,0.0,0.0,0.5,0.0,-0.2,1.3,0.5,-169.70000000000002,0.0,0.0,169.70000000000002,0.0,21.4,29.3,29.3,29.8,300.0,300.0,31.5,35.5,29.1,28.3,30.200000000000003,4.95,1.99,4.96,0.16,0.0,0.0,1027.0,8228.0,0.0,0.0,0.0,0.0,0.0,1.0,0.0,0.0,0.0,0.0,0.0,1.9,0.0,-0.1,0.0,0.0002,16.0,25903.0
2026-07-30T19:01:12.003Z,241.486,241.5,0.0,7.4,0.0,0.0,0.0,0.0,0.0,0.0,0.0,0.0,1.0,0.0,0.0,0.0,9.0,4.0,0.0,0.0,0.0,0.0,0.0,0.0,0.0,0.0,6.0,12.0,1.0,12.17,5.01,2.51,1.49,0.0,0.0,0.0,0.4,0.0,-0.8,0.1,-0.6000000000000001,-169.70000000000002,0.0,0.0,169.60000000000002,0.0,21.4,29.3,29.3,29.8,300.0,300.0,31.5,35.5,29.1,28.3,30.200000000000003,4.96,1.99,4.97,0.16,0.0,0.0,1027.0,8228.0,0.0,0.0,0.0,0.0,0.0,1.0,0.0,0.0,0.0,0.0,0.0,-0.2,0.0,0.6000000000000001,0.0,0.0002,16.0,25903.0
2026-07-30T19:01:12.015Z,241.498,241.512,0.0,7.4,0.0,0.0,0.0,0.0,0.0,0.0,0.0,0.0,1.0,0.0,0.0,0.0,9.0,4.0,0.0,0.0,0.0,0.0,0.0,0.0,0.0,0.0,2.0,12.0,1.0,12.17,5.01,2.51,1.49,0.0,0.0,0.0,0.4,0.0,0.8,-1.0,0.4,-169.70000000000002,0.0,0.0,169.70000000000002,0.0,21.4,29.3,29.3,29.8,300.0,300.0,31.5,35.5,29.1,28.3,30.200000000000003,4.96,1.99,4.96,0.16,0.0,0.0,1027.0,8228.0,0.0,0.0,0.0,0.0,0.0,1.0,0.0,0.0,0.0,0.0,0.0,-0.8,0.0,-0.6000000000000001,0.0,0.0,16.0,25903.0
2026-07-30T19:01:12.027Z,241.51,241.524,0.0,7.4,0.0,0.0,0.0,0.0,0.0,0.0,0.0,0.0,1.0,0.0,0.0,0.0,9.0,4.0,0.0,0.0,0.0,0.0,0.0,0.0,0.0,0.0,3.0,12.0,1.0,12.15,5.0200000000000005,2.51,1.5,0.0,0.1,0.0,0.4,0.0,0.2,1.2000000000000002,1.0,-169.70000000000002,0.0,0.0,169.70000000000002,0.0,21.700000000000003,29.3,29.3,29.8,300.0,300.0,31.6,35.5,29.1,28.4,30.200000000000003,4.96,1.99,4.97,0.16,0.0,0.0,1027.0,8228.0,0.0,0.0,0.0,0.0,0.0,1.0,0.0,0.0,0.0,0.0,0.0,2.2,0.0,-0.6000000000000001,0.0,0.0,16.0,25903.0
2026-07-30T19:01:12.039Z,241.522,241.536,0.0,7.4,0.0,0.0,0.0,0.0,0.0,0.0,0.0,0.0,1.0,0.0,0.0,0.0,9.0,4.0,0.0,0.0,0.0,0.0,0.0,0.0,0.0,0.0,4.0,12.0,1.0,12.15,5.0200000000000005,2.51,1.5,0.0,0.1,0.0,0.4,0.0,-0.8,-0.5,0.4,-169.70000000000002,0.0,0.0,169.70000000000002,0.0,21.700000000000003,29.3,29.3,29.8,300.0,300.0,31.6,35.5,29.1,28.4,30.200000000000003,4.95,1.99,4.97,0.16,0.0,0.0,1027.0,8228.0,0.0,0.0,0.0,0.0,0.0,1.0,0.0,0.0,0.0,0.0,0.0,-0.2,0.0,-0.4,0.0,0.0,16.0,25903.0
2026-07-30T19:01:12.051Z,241.534,241.548,0.0,7.4,0.0,0.0,0.0,0.0,0.0,0.0,0.0,0.0,1.0,0.0,0.0,0.0,9.0,4.0,0.0,0.0,0.0,0.0,0.0,0.0,0.0,0.0,5.0,12.0,1.0,12.15,5.0200000000000005,2.51,1.5,0.0,0.0,0.0,0.5,0.0,-0.2,-0.4,-0.2,-169.70000000000002,0.0,0.0,169.8,0.0,21.700000000000003,29.3,29.3,29.8,300.0,300.0,31.6,35.5,29.1,28.4,30.200000000000003,4.95,1.99,4.96,0.16,0.0,0.0,1027.0,8228.0,0.0,0.0,0.0,0.0,0.0,1.0,0.0,0.0,0.0,0.0,0.0,-0.6000000000000001,0.0,0.0,0.0,0.0,16.0,25903.0
2026-07-30T19:01:12.063Z,241.546,241.56,0.0,7.4,0.0,0.0,0.0,0.0,0.0,0.0,0.0,0.0,1.0,0.0,0.0,0.0,9.0,4.0,0.0,0.0,0.0,0.0,0.0,0.0,0.0,0.0,6.0,12.0,1.0,12.15,5.0200000000000005,2.51,1.5,0.0,0.0,0.0,0.4,0.0,-0.3,-0.4,0.9,-169.70000000000002,0.0,0.0,169.70000000000002,0.0,21.700000000000003,29.3,29.3,29.8,300.0,300.0,31.6,35.5,29.1,28.4,30.200000000000003,4.96,2.0,4.96,0.16,0.0,0.0,1027.0,8228.0,0.0,0.0,0.0,0.0,0.0,1.0,0.0,0.0,0.0,0.0,0.0,0.1,0.0,-0.9,0.0,0.0002,16.0,25903.0
2026-07-30T19:01:12.075Z,241.558,241.572,0.0,7.4,0.0,0.0,0.0,0.0,0.0,0.0,0.0,0.0,1.0,0.0,0.0,0.0,9.0,4.0,0.0,0.0,0.0,0.0,0.0,0.0,0.0,0.0,2.0,12.0,1.0,12.15,5.0200000000000005,2.51,1.5,0.0,0.0,0.0,0.4,0.0,0.3,1.2000000000000002,0.3,-169.70000000000002,0.0,0.0,169.70000000000002,0.0,21.700000000000003,29.3,29.3,29.8,300.0,300.0,31.6,35.5,29.1,28.4,30.200000000000003,4.96,1.99,4.97,0.16,0.0,0.0,1027.0,8228.0,0.0,0.0,0.0,0.0,0.0,1.0,0.0,0.0,0.0,0.0,0.0,1.6,0.0,0.0,0.0,0.0002,16.0,25903.0
2026-07-30T19:01:12.087Z,241.57,241.584,0.0,7.4,0.0,0.0,0.0,0.0,0.0,0.0,0.0,0.0,1.0,0.0,0.0,0.0,9.0,4.0,0.0,0.0,0.0,0.0,0.0,0.0,0.0,0.0,2.0,12.0,1.0,12.15,5.0200000000000005,2.51,1.5,0.0,0.0,0.0,0.5,0.0,0.3,0.0,-0.2,-169.70000000000002,0.0,0.0,169.70000000000002,0.0,21.700000000000003,29.3,29.3,29.8,300.0,300.0,31.6,35.5,29.1,28.4,30.200000000000003,4.95,1.99,4.97,0.16,0.0,0.0,1027.0,8228.0,0.0,0.0,0.0,0.0,0.0,1.0,0.0,0.0,0.0,0.0,0.0,0.0,0.0,0.2,0.0,0.0,16.0,25903.0
2026-07-30T19:01:12.099Z,241.582,241.596,0.0,7.4,0.0,0.0,0.0,0.0,0.0,0.0,0.0,0.0,1.0,0.0,0.0,0.0,9.0,4.0,0.0,0.0,0.0,0.0,0.0,0.0,0.0,0.0,3.0,12.0,1.0,12.15,5.0200000000000005,2.51,1.5,0.0,0.0,0.0,0.4,0.0,0.2,0.6000000000000001,1.5,-169.70000000000002,0.0,0.0,169.60000000000002,0.0,21.700000000000003,29.3,29.3,29.8,300.0,300.0,31.6,35.5,29.1,28.4,30.200000000000003,4.96,1.99,4.96,0.16,0.0,0.0,1027.0,8228.0,0.0,0.0,0.0,0.0,0.0,1.0,0.0,0.0,0.0,0.0,0.0,1.9,0.0,-1.2000000000000002,0.0,0.0,16.0,25903.0
2026-07-30T19:01:12.111Z,241.594,241.608,0.0,7.4,0.0,0.0,0.0,0.0,0.0,0.0,0.0,0.0,1.0,0.0,0.0,0.0,9.0,4.0,0.0,0.0,0.0,0.0,0.0,0.0,0.0,0.0,4.0,12.0,1.0,12.15,5.0200000000000005,2.51,1.5,0.0,0.0,0.0,0.4,0.0,-0.2,-0.4,-0.1,-169.70000000000002,0.0,0.0,169.60000000000002,0.0,21.700000000000003,29.3,29.3,29.8,300.0,300.0,31.6,35.5,29.1,28.4,30.200000000000003,4.95,2.0,4.97,0.16,0.0,0.0,1027.0,8228.0,0.0,0.0,0.0,0.0,0.0,1.0,0.0,0.0,0.0,0.0,0.0,-0.6000000000000001,0.0,0.0,0.0,0.0,16.0,25903.0
2026-07-30T19:01:12.123Z,241.606,241.62,0.0,7.4,0.0,0.0,0.0,0.0,0.0,0.0,0.0,0.0,1.0,0.0,0.0,0.0,9.0,4.0,0.0,0.0,0.0,0.0,0.0,0.0,0.0,0.0,5.0,12.0,1.0,12.15,5.0200000000000005,2.51,1.5,0.0,0.0,0.0,0.4,0.0,-0.2,0.7000000000000001,0.4,-169.70000000000002,0.0,0.0,169.70000000000002,0.0,21.700000000000003,29.3,29.3,29.8,300.0,300.0,31.6,35.5,29.1,28.4,30.200000000000003,4.95,1.99,4.96,0.16,0.0,0.0,1027.0,8228.0,0.0,0.0,0.0,0.0,0.0,1.0,0.0,0.0,0.0,0.0,0.0,1.1,0.0,-0.2,0.0,0.0,16.0,25903.0
2026-07-30T19:01:12.135Z,241.618,241.632,0.0,7.4,0.0,0.0,0.0,0.0,0.0,0.0,0.0,0.0,1.0,0.0,0.0,0.0,9.0,4.0,0.0,0.0,0.0,0.0,0.0,0.0,0.0,0.0,1.0,12.0,1.0,12.2,5.0200000000000005,2.51,1.49,0.0,0.0,0.0,0.4,0.0,0.2,1.3,0.3,-169.70000000000002,0.0,0.0,169.70000000000002,0.0,21.700000000000003,29.3,29.3,29.8,300.0,300.0,31.700000000000003,35.5,29.1,28.3,30.200000000000003,4.96,1.99,4.96,0.16,0.0,0.0,1027.0,8228.0,0.0,0.0,0.0,0.0,0.0,1.0,0.0,0.0,0.0,0.0,0.0,1.7000000000000002,0.0,0.0,0.0,0.0001,16.0,25903.0
2026-07-30T19:01:12.147Z,241.63,241.644,0.0,7.4,0.0,0.0,0.0,0.0,0.0,0.0,0.0,0.0,1.0,0.0,0.0,0.0,9.0,4.0,0.0,0.0,0.0,0.0,0.0,0.0,0.0,0.0,2.0,12.0,1.0,12.2,5.0200000000000005,2.51,1.49,0.0,0.0,0.0,0.4,0.0,-0.8,0.1,0.9,-169.70000000000002,0.0,0.0,169.70000000000002,0.0,21.700000000000003,29.3,29.3,29.8,300.0,300.0,31.700000000000003,35.5,29.1,28.3,30.200000000000003,4.95,1.99,4.97,0.16,0.0,0.0,1027.0,8228.0,0.0,0.0,0.0,0.0,0.0,1.0,0.0,0.0,0.0,0.0,0.0,0.0,0.0,0.2,0.0,0.0001,16.0,25903.0
2026-07-30T19:01:12.159Z,241.642,241.656,0.0,7.4,0.0,0.0,0.0,0.0,0.0,0.0,0.0,0.0,1.0,0.0,0.0,0.0,9.0,4.0,0.0,0.0,0.0,0.0,0.0,0.0,0.0,0.0,3.0,12.0,1.0,12.2,5.0200000000000005,2.51,1.49,0.0,0.0,0.0,0.4,0.0,0.9,-1.0,0.9,-169.70000000000002,0.0,0.0,169.70000000000002,0.0,21.700000000000003,29.3,29.3,29.8,300.0,300.0,31.700000000000003,35.5,29.1,28.3,30.200000000000003,4.96,1.99,4.97,0.16,0.0,0.0,1027.0,8228.0,0.0,0.0,0.0,0.0,0.0,1.0,0.0,0.0,0.0,0.0,0.0,-1.7000000000000002,0.0,0.4,0.0,0.0001,16.0,25903.0
2026-07-30T19:01:12.171Z,241.654,241.668,0.0,7.4,0.0,0.0,0.0,0.0,0.0,0.0,0.0,0.0,1.0,0.0,0.0,0.0,9.0,4.0,0.0,0.0,0.0,0.0,0.0,0.0,0.0,0.0,4.0,12.0,1.0,12.2,5.0200000000000005,2.51,1.49,0.0,0.0,0.0,0.5,0.0,0.9,0.1,-1.3,-169.60000000000002,0.0,0.0,169.70000000000002,0.0,21.700000000000003,29.3,29.3,29.8,300.0,300.0,31.700000000000003,35.5,29.1,28.3,30.200000000000003,4.96,2.0,4.96,0.16,0.0,0.0,1027.0,8228.0,0.0,0.0,0.0,0.0,0.0,1.0,0.0,0.0,0.0,0.0,0.0,1.5,0.0,-0.6000000000000001,0.0,0.0,16.0,25903.0
2026-07-30T19:01:12.184Z,241.667,241.68,0.0,7.4,0.0,0.0,0.0,0.0,0.0,0.0,0.0,0.0,1.0,0.0,0.0,0.0,9.0,4.0,0.0,0.0,0.0,0.0,0.0,0.0,0.0,0.0,5.0,12.0,1.0,12.2,5.0200000000000005,2.51,1.49,0.0,0.1,0.0,0.4,0.0,0.8,0.1,0.3,-169.60000000000002,0.0,0.0,169.70000000000002,0.0,21.700000000000003,29.3,29.3,29.8,300.0,300.0,31.700000000000003,35.5,29.1,28.3,30.200000000000003,4.95,1.99,4.96,0.16,0.0,0.0,1027.0,8228.0,0.0,0.0,0.0,0.0,0.0,1.0,0.0,0.0,0.0,0.0,0.0,-0.3,0.0,0.7000000000000001,0.0,0.0,16.0,25903.0
2026-07-30T19:01:12.195Z,241.678,241.692,0.0,7.4,0.0,0.0,0.0,0.0,0.0,0.0,0.0,0.0,1.0,0.0,0.0,0.0,9.0,4.0,0.0,0.0,0.0,0.0,0.0,0.0,0.0,0.0,6.0,12.0,1.0,12.2,5.0200000000000005,2.51,1.49,0.0,0.0,0.0,0.4,0.0,-0.2,0.7000000000000001,-0.1,-169.60000000000002,0.0,0.0,169.60000000000002,0.0,21.700000000000003,29.3,29.3,29.8,300.0,300.0,31.700000000000003,35.5,29.1,28.3,30.200000000000003,4.96,1.99,4.97,0.16,0.0,0.0,1027.0,8228.0,0.0,0.0,0.0,0.0,0.0,1.0,0.0,0.0,0.0,0.0,0.0,0.7000000000000001,0.0,0.3,0.0,0.0,16.0,25903.0
2026-07-30T19:01:12.207Z,241.69,241.704,0.0,7.4,0.0,0.0,0.0,0.0,0.0,0.0,0.0,0.0,1.0,0.0,0.0,0.0,9.0,4.0,0.0,0.0,0.0,0.0,0.0,0.0,0.0,0.0,1.0,12.0,1.0,12.2,5.0200000000000005,2.51,1.49,0.0,0.0,0.0,0.4,0.0,-0.8,-0.4,-0.7000000000000001,-169.60000000000002,0.0,0.0,169.60000000000002,0.0,21.700000000000003,29.3,29.3,29.8,300.0,300.0,31.700000000000003,35.5,29.1,28.3,30.200000000000003,4.96,1.99,4.96,0.16,0.0,0.0,1027.0,8228.0,0.0,0.0,0.0,0.0,0.0,1.0,0.0,0.0,0.0,0.0,0.0,-1.0,0.0,0.5,0.0,0.0,16.0,25903.0
2026-07-30T19:01:12.218Z,241.701,241.716,0.0,7.4,0.0,0.0,0.0,0.0,0.0,0.0,0.0,0.0,1.0,0.0,0.0,0.0,9.0,4.0,0.0,0.0,0.0,0.0,0.0,0.0,0.0,0.0,2.0,12.0,1.0,12.2,5.0200000000000005,2.51,1.49,0.0,0.0,0.0,0.4,0.0,0.2,0.7000000000000001,-0.1,-169.60000000000002,0.0,0.0,169.60000000000002,0.0,21.700000000000003,29.3,29.3,29.8,300.0,300.0,31.700000000000003,35.5,29.1,28.3,30.200000000000003,4.96,1.99,4.97,0.16,0.0,0.0,1027.0,8228.0,0.0,0.0,0.0,0.0,0.0,1.0,0.0,0.0,0.0,0.0,0.0,0.7000000000000001,0.0,0.2,0.0,0.0,16.0,25903.0
2026-07-30T19:01:12.232Z,241.715,241.728,0.0,7.4,0.0,0.0,0.0,0.0,0.0,0.0,0.0,0.0,1.0,0.0,0.0,0.0,9.0,4.0,0.0,0.0,0.0,0.0,0.0,0.0,0.0,0.0,3.0,12.0,1.0,12.17,5.01,2.5,1.49,0.0,0.0,0.0,0.4,0.0,0.8,0.7000000000000001,0.9,-169.60000000000002,0.0,0.0,169.70000000000002,0.0,21.4,29.3,29.3,29.8,300.0,300.0,31.6,35.5,29.1,28.3,30.200000000000003,4.95,1.99,4.97,0.16,0.0,0.0,1027.0,8228.0,0.0,0.0,0.0,0.0,0.0,1.0,0.0,0.0,0.0,0.0,0.0,1.5,0.0,-0.7000000000000001,0.0,0.0,16.0,25903.0
2026-07-30T19:01:12.243Z,241.726,241.74,0.0,7.4,0.0,0.0,0.0,0.0,0.0,0.0,0.0,0.0,1.0,0.0,0.0,0.0,9.0,4.0,0.0,0.0,0.0,0.0,0.0,0.0,0.0,0.0,4.0,12.0,1.0,12.17,5.01,2.5,1.49,0.0,0.0,0.0,0.4,0.0,-0.2,0.7000000000000001,-0.7000000000000001,-169.60000000000002,0.0,0.0,169.8,0.0,21.4,29.3,29.3,29.8,300.0,300.0,31.6,35.5,29.1,28.3,30.200000000000003,4.96,1.99,4.97,0.16,0.0,0.0,1027.0,8228.0,0.0,0.0,0.0,0.0,0.0,1.0,0.0,0.0,0.0,0.0,0.0,0.2,0.0,0.8,0.0,0.0001,16.0,25903.0
2026-07-30T19:01:12.255Z,241.738,241.752,0.0,7.4,0.0,0.0,0.0,0.0,0.0,0.0,0.0,0.0,1.0,0.0,0.0,0.0,9.0,4.0,0.0,0.0,0.0,0.0,0.0,0.0,0.0,0.0,6.0,12.0,1.0,12.17,5.01,2.5,1.49,0.0,0.0,0.0,0.4,0.0,0.3,-0.5,-0.1,-169.60000000000002,0.0,0.0,169.70000000000002,0.0,21.4,29.3,29.3,29.8,300.0,300.0,31.6,35.5,29.1,28.3,30.200000000000003,4.96,2.0,4.96,0.16,0.0,0.0,1027.0,8228.0,0.0,0.0,0.0,0.0,0.0,1.0,0.0,0.0,0.0,0.0,0.0,-0.7000000000000001,0.0,0.0,0.0,0.0001,16.0,25903.0
2026-07-30T19:01:12.267Z,241.75,241.764,0.0,7.4,0.0,0.0,0.0,0.0,0.0,0.0,0.0,0.0,1.0,0.0,0.0,0.0,9.0,4.0,0.0,0.0,0.0,0.0,0.0,0.0,0.0,0.0,1.0,12.0,1.0,12.17,5.01,2.5,1.49,-0.1,0.0,0.0,0.5,0.0,0.3,1.2000000000000002,-0.1,-169.60000000000002,0.0,0.0,169.70000000000002,0.0,21.4,29.3,29.3,29.8,300.0,300.0,31.6,35.5,29.1,28.3,30.200000000000003,4.96,1.99,4.97,0.16,0.0,0.0,1027.0,8228.0,0.0,0.0,0.0,0.0,0.0,1.0,0.0,0.0,0.0,0.0,0.0,1.2000000000000002,0.0,0.4,0.0,0.0001,16.0,25903.0
2026-07-30T19:01:12.287Z,241.77,241.776,0.0,7.4,0.0,0.0,0.0,0.0,0.0,0.0,0.0,0.0,1.0,0.0,0.0,0.0,9.0,4.0,0.0,0.0,0.0,0.0,0.0,0.0,0.0,0.0,2.0,12.0,1.0,12.17,5.01,2.5,1.49,0.0,0.0,0.0,0.4,0.0,0.3,-0.5,-0.1,-169.60000000000002,0.0,0.0,169.60000000000002,0.0,21.4,29.3,29.3,29.8,300.0,300.0,31.6,35.5,29.1,28.3,30.200000000000003,4.95,2.0,4.97,0.16,0.0,0.0,1027.0,8228.0,0.0,0.0,0.0,0.0,0.0,1.0,0.0,0.0,0.0,0.0,0.0,-0.7000000000000001,0.0,0.0,0.0,0.0001,16.0,25903.0
2026-07-30T19:01:12.291Z,241.774,241.788,0.0,7.4,0.0,0.0,0.0,0.0,0.0,0.0,0.0,0.0,1.0,0.0,0.0,0.0,9.0,4.0,0.0,0.0,0.0,0.0,0.0,0.0,0.0,0.0,5.0,12.0,1.0,12.17,5.01,2.5,1.49,0.0,0.0,0.0,0.4,0.0,0.2,0.6000000000000001,-0.2,-169.60000000000002,0.0,0.0,169.70000000000002,0.0,21.4,29.3,29.3,29.8,300.0,300.0,31.6,35.5,29.1,28.3,30.200000000000003,4.96,2.0,4.96,0.16,0.0,0.0,1027.0,8228.0,0.0,0.0,0.0,0.0,0.0,1.0,0.0,0.0,0.0,0.0,0.0,0.5,0.0,0.3,0.0,0.0001,16.0,25903.0
2026-07-30T19:01:12.303Z,241.786,241.8,0.0,7.4,0.0,0.0,0.0,0.0,0.0,0.0,0.0,0.0,1.0,0.0,0.0,0.0,9.0,4.0,0.0,0.0,0.0,0.0,0.0,0.0,0.0,0.0,5.0,12.0,1.0,12.17,5.01,2.5,1.49,0.0,0.0,0.0,0.4,0.0,-0.3,-0.5,-1.4,-169.60000000000002,0.0,0.0,169.60000000000002,0.0,21.4,29.3,29.3,29.8,300.0,300.0,31.6,35.5,29.1,28.3,30.200000000000003,4.95,1.99,4.96,0.16,0.0,0.0,1027.0,8228.0,0.0,0.0,0.0,0.0,0.0,1.0,0.0,0.0,0.0,0.0,0.0,-1.6,0.0,1.1,0.0,0.0,16.0,25903.0
2026-07-30T19:01:12.315Z,241.798,241.812,0.0,7.4,0.0,0.0,0.0,0.0,0.0,0.0,0.0,0.0,1.0,0.0,0.0,0.0,9.0,4.0,0.0,0.0,0.0,0.0,0.0,0.0,0.0,0.0,5.0,12.0,1.0,12.17,5.01,2.5,1.49,0.0,0.0,0.0,0.4,0.0,-0.9,0.0,-0.2,-169.60000000000002,0.0,0.0,169.60000000000002,0.0,21.4,29.3,29.3,29.8,300.0,300.0,31.6,35.5,29.1,28.3,30.200000000000003,4.95,1.99,4.97,0.16,0.0,0.0,1027.0,8228.0,0.0,0.0,0.0,0.0,0.0,1.0,0.0,0.0,0.0,0.0,0.0,0.0,0.0,0.2,0.0,0.0,16.0,25903.0
2026-07-30T19:01:12.327Z,241.81,241.824,0.0,7.4,0.0,0.0,0.0,0.0,0.0,0.0,0.0,0.0,1.0,0.0,0.0,0.0,9.0,4.0,0.0,0.0,0.0,0.0,0.0,0.0,0.0,0.0,5.0,12.0,1.0,12.17,5.01,2.5,1.49,0.0,0.0,0.0,0.4,0.0,-0.9,-0.5,2.0,-169.60000000000002,0.0,0.0,169.60000000000002,0.0,21.4,29.3,29.3,29.8,300.0,300.0,31.6,35.5,29.1,28.3,30.200000000000003,4.96,1.99,4.97,0.16,0.0,0.0,1027.0,8228.0,0.0,0.0,0.0,0.0,0.0,1.0,0.0,0.0,0.0,0.0,0.0,0.9,0.0,-1.9,0.0,0.0,16.0,25903.0
2026-07-30T19:01:12.339Z,241.822,241.836,0.0,7.4,0.0,0.0,0.0,0.0,0.0,0.0,0.0,0.0,1.0,0.0,0.0,0.0,9.0,4.0,0.0,0.0,0.0,0.0,0.0,0.0,0.0,0.0,3.0,12.0,1.0,12.17,5.01,2.51,1.49,0.0,0.0,0.0,0.5,0.0,0.2,-1.7000000000000002,-0.8,-169.60000000000002,0.0,0.0,169.60000000000002,0.0,21.700000000000003,29.3,29.3,29.8,300.0,300.0,31.6,35.5,29.1,28.3,30.200000000000003,4.96,1.99,4.96,0.16,0.0,0.0,1027.0,8228.0,0.0,0.0,0.0,0.0,0.0,1.0,0.0,0.0,0.0,0.0,0.0,-2.6,0.0,0.3,0.0,0.0,16.0,25903.0
2026-07-30T19:01:12.351Z,241.834,241.848,0.0,7.4,0.0,0.0,0.0,0.0,0.0,0.0,0.0,0.0,1.0,0.0,0.0,0.0,9.0,4.0,0.0,0.0,0.0,0.0,0.0,0.0,0.0,0.0,5.0,12.0,1.0,12.17,5.01,2.51,1.49,0.0,0.0,0.0,0.4,0.0,-0.3,0.0,0.2,-169.60000000000002,0.0,0.0,169.60000000000002,0.0,21.700000000000003,29.3,29.3,29.8,300.0,300.0,31.6,35.5,29.1,28.3,30.200000000000003,4.95,1.99,4.97,0.16,0.0,0.0,1027.0,8228.0,0.0,0.0,0.0,0.0,0.0,1.0,0.0,0.0,0.0,0.0,0.0,0.2,0.0,-0.2,0.0,0.0,16.0,25903.0
2026-07-30T19:01:12.363Z,241.846,241.86,0.0,7.4,0.0,0.0,0.0,0.0,0.0,0.0,0.0,0.0,1.0,0.0,0.0,0.0,9.0,4.0,0.0,0.0,0.0,0.0,0.0,0.0,0.0,0.0,6.0,12.0,1.0,12.17,5.01,2.51,1.49,0.0,0.0,0.0,0.4,0.0,0.2,1.1,0.2,-169.60000000000002,0.0,0.0,169.60000000000002,0.0,21.700000000000003,29.3,29.3,29.8,300.0,300.0,31.6,35.5,29.1,28.3,30.200000000000003,4.95,1.99,4.96,0.16,0.0,0.0,1027.0,8228.0,0.0,0.0,0.0,0.0,0.0,1.0,0.0,0.0,0.0,0.0,0.0,1.5,0.0,0.0,0.0,0.0,16.0,25903.0
2026-07-30T19:01:12.375Z,241.858,241.872,0.0,7.4,0.0,0.0,0.0,0.0,0.0,0.0,0.0,0.0,1.0,0.0,0.0,0.0,9.0,4.0,0.0,0.0,0.0,0.0,0.0,0.0,0.0,0.0,1.0,12.0,1.0,12.17,5.01,2.51,1.49,0.0,0.0,0.0,0.4,0.0,0.1,0.0,-0.2,-169.60000000000002,0.0,0.0,169.8,0.0,21.700000000000003,29.3,29.3,29.8,300.0,300.0,31.6,35.5,29.1,28.3,30.200000000000003,4.96,2.0,4.96,0.16,0.0,0.0,1027.0,8228.0,0.0,0.0,0.0,0.0,0.0,1.0,0.0,0.0,0.0,0.0,0.0,-0.1,0.0,0.2,0.0,0.0,16.0,25903.0
2026-07-30T19:01:12.387Z,241.87,241.884,0.0,7.4,0.0,0.0,0.0,0.0,0.0,0.0,0.0,0.0,1.0,0.0,0.0,0.0,9.0,4.0,0.0,0.0,0.0,0.0,0.0,0.0,0.0,0.0,2.0,12.0,1.0,12.17,5.01,2.51,1.49,0.0,0.0,0.0,0.4,0.0,0.2,0.6000000000000001,-0.2,-169.60000000000002,0.0,0.0,169.70000000000002,0.0,21.700000000000003,29.3,29.3,29.8,300.0,300.0,31.6,35.5,29.1,28.3,30.200000000000003,4.95,2.0,4.96,0.16,0.0,0.0,1027.0,8228.0,0.0,0.0,0.0,0.0,0.0,1.0,0.0,0.0,0.0,0.0,0.0,0.5,0.0,0.3,0.0,0.0001,16.0,25903.0
2026-07-30T19:01:12.399Z,241.882,241.896,0.0,7.4,0.0,0.0,0.0,0.0,0.0,0.0,0.0,0.0,1.0,0.0,0.0,0.0,9.0,4.0,0.0,0.0,0.0,0.0,0.0,0.0,0.0,0.0,4.0,12.0,1.0,12.17,5.01,2.51,1.49,0.0,0.1,0.0,0.4,0.0,-0.9,0.0,0.3,-169.60000000000002,0.0,0.0,169.70000000000002,0.0,21.700000000000003,29.3,29.3,29.8,300.0,300.0,31.6,35.5,29.1,28.3,30.200000000000003,4.96,1.99,4.97,0.16,0.0,0.0,1027.0,8228.0,0.0,0.0,0.0,0.0,0.0,1.0,0.0,0.0,0.0,0.0,0.0,0.3,0.0,-0.2,0.0,0.0,16.0,25903.0
2026-07-30T19:01:12.411Z,241.894,241.908,0.0,7.4,0.0,0.0,0.0,0.0,0.0,0.0,0.0,0.0,1.0,0.0,0.0,0.0,9.0,4.0,0.0,0.0,0.0,0.0,0.0,0.0,0.0,0.0,5.0,12.0,1.0,12.17,5.01,2.51,1.49,0.0,0.0,0.0,0.4,0.0,-0.3,0.0,-1.4,-169.60000000000002,0.0,0.0,169.60000000000002,0.0,21.700000000000003,29.3,29.3,29.8,300.0,300.0,31.6,35.5,29.1,28.3,30.200000000000003,4.96,1.99,4.96,0.16,0.0,0.0,1027.0,8228.0,0.0,0.0,0.0,0.0,0.0,1.0,0.0,0.0,0.0,0.0,0.0,-1.0,0.0,1.3,0.0,0.0001,16.0,25903.0
2026-07-30T19:01:12.423Z,241.906,241.92,0.0,7.4,0.0,0.0,0.0,0.0,0.0,0.0,0.0,0.0,1.0,0.0,0.0,0.0,9.0,4.0,0.0,0.0,0.0,0.0,0.0,0.0,0.0,0.0,6.0,12.0,1.0,12.17,5.01,2.51,1.49,0.0,0.0,0.0,0.4,0.0,-0.3,0.0,0.3,-169.60000000000002,0.0,0.0,169.70000000000002,0.0,21.700000000000003,29.3,29.3,29.8,300.0,300.0,31.6,35.5,29.1,28.3,30.200000000000003,4.96,1.99,4.96,0.16,0.0,0.0,1027.0,8228.0,0.0,0.0,0.0,0.0,0.0,1.0,0.0,0.0,0.0,0.0,0.0,0.2,0.0,-0.2,0.0,0.0001,16.0,25903.0
2026-07-30T19:01:12.436Z,241.919,241.932,0.0,7.4,0.0,0.0,0.0,0.0,0.0,0.0,0.0,0.0,1.0,0.0,0.0,0.0,9.0,4.0,0.0,0.0,0.0,0.0,0.0,0.0,0.0,0.0,1.0,12.0,1.0,12.19,5.0200000000000005,2.5,1.49,0.0,0.0,0.0,0.4,0.0,0.2,0.0,-0.8,-169.60000000000002,0.0,0.0,169.60000000000002,0.0,21.4,29.3,29.3,29.8,300.0,300.0,31.4,35.5,29.1,28.4,30.3,4.95,1.99,4.97,0.16,0.0,0.0,1027.0,8228.0,0.0,0.0,0.0,0.0,0.0,1.0,0.0,0.0,0.0,0.0,0.0,-0.5,0.0,0.7000000000000001,0.0,0.0,16.0,25903.0
2026-07-30T19:01:12.447Z,241.93,241.944,0.0,7.4,0.0,0.0,0.0,0.0,0.0,0.0,0.0,0.0,1.0,0.0,0.0,0.0,9.0,4.0,0.0,0.0,0.0,0.0,0.0,0.0,0.0,0.0,3.0,12.0,1.0,12.19,5.0200000000000005,2.5,1.49,0.0,0.0,0.0,0.4,0.0,0.2,0.0,-0.2,-169.60000000000002,0.0,0.0,169.60000000000002,0.0,21.4,29.3,29.3,29.8,300.0,300.0,31.4,35.5,29.1,28.4,30.3,4.96,1.99,4.97,0.16,0.0,0.0,1027.0,8228.0,0.0,0.0,0.0,0.0,0.0,1.0,0.0,0.0,0.0,0.0,0.0,-0.1,0.0,0.2,0.0,0.0001,16.0,25903.0
2026-07-30T19:01:12.459Z,241.942,241.956,0.0,7.4,0.0,0.0,0.0,0.0,0.0,0.0,0.0,0.0,1.0,0.0,0.0,0.0,9.0,4.0,0.0,0.0,0.0,0.0,0.0,0.0,0.0,0.0,4.0,12.0,1.0,12.19,5.0200000000000005,2.5,1.49,0.0,0.0,0.0,0.5,0.0,-0.9,1.7000000000000002,0.3,-169.60000000000002,0.0,0.0,169.70000000000002,0.0,21.4,29.3,29.3,29.8,300.0,300.0,31.4,35.5,29.1,28.4,30.3,4.96,2.0,4.96,0.16,0.0,0.0,1027.0,8228.0,0.0,0.0,0.0,0.0,0.0,1.0,0.0,0.0,0.0,0.0,0.0,2.2,0.0,0.0,0.0,0.0,16.0,25903.0
2026-07-30T19:01:12.471Z,241.954,241.968,0.0,7.4,0.0,0.0,0.0,0.0,0.0,0.0,0.0,0.0,1.0,0.0,0.0,0.0,9.0,4.0,0.0,0.0,0.0,0.0,0.0,0.0,0.0,0.0,6.0,12.0,1.0,12.19,5.0200000000000005,2.5,1.49,0.0,0.0,0.0,0.4,0.0,0.2,0.1,1.4,-169.60000000000002,0.0,0.0,169.60000000000002,0.0,21.4,29.3,29.3,29.8,300.0,300.0,31.4,35.5,29.1,28.4,30.3,4.96,1.99,4.96,0.16,0.0,0.0,1027.0,8228.0,0.0,0.0,0.0,0.0,0.0,1.0,0.0,0.0,0.0,0.0,0.0,1.2000000000000002,0.0,-1.2000000000000002,0.0,0.0,16.0,25903.0
2026-07-30T19:01:12.483Z,241.966,241.98,0.0,7.4,0.0,0.0,0.0,0.0,0.0,0.0,0.0,0.0,1.0,0.0,0.0,0.0,9.0,4.0,0.0,0.0,0.0,0.0,0.0,0.0,0.0,0.0,1.0,12.0,1.0,12.19,5.0200000000000005,2.5,1.49,0.0,0.0,0.0,0.4,0.0,-0.2,0.6000000000000001,0.9,-169.60000000000002,0.0,0.0,169.60000000000002,0.0,21.4,29.3,29.3,29.8,300.0,300.0,31.4,35.5,29.1,28.4,30.3,4.96,1.99,4.97,0.16,0.0,0.0,1027.0,8228.0,0.0,0.0,0.0,0.0,0.0,1.0,0.0,0.0,0.0,0.0,0.0,1.4,0.0,-0.6000000000000001,0.0,0.0,16.0,25903.0
2026-07-30T19:01:12.495Z,241.978,241.992,0.0,7.4,0.0,0.0,0.0,0.0,0.0,0.0,0.0,0.0,1.0,0.0,0.0,0.0,9.0,4.0,0.0,0.0,0.0,0.0,0.0,0.0,0.0,0.0,2.0,12.0,1.0,12.19,5.0200000000000005,2.5,1.49,0.0,0.1,0.0,0.4,0.0,-0.3,-0.4,0.3,-169.60000000000002,0.0,0.0,169.70000000000002,0.0,21.4,29.3,29.3,29.8,300.0,300.0,31.4,35.5,29.1,28.4,30.3,4.96,1.99,4.96,0.16,0.0,0.0,1027.0,8228.0,0.0,0.0,0.0,0.0,0.0,1.0,0.0,0.0,0.0,0.0,0.0,-0.2,0.0,-0.4,0.0,0.0,16.0,25903.0
2026-07-30T19:01:12.506Z,241.989,242.004,0.0,7.4,0.0,0.0,0.0,0.0,0.0,0.0,0.0,0.0,1.0,0.0,0.0,0.0,9.0,4.0,0.0,0.0,0.0,0.0,0.0,0.0,0.0,0.0,4.0,12.0,1.0,12.19,5.0200000000000005,2.5,1.49,0.0,0.0,0.0,0.4,0.0,-0.3,0.0,-0.1,-169.60000000000002,0.0,0.0,169.70000000000002,0.0,21.4,29.3,29.3,29.8,300.0,300.0,31.4,35.5,29.1,28.4,30.3,4.96,1.99,4.97,0.16,0.0,0.0,1027.0,8228.0,0.0,0.0,0.0,0.0,0.0,1.0,0.0,0.0,0.0,0.0,0.0,0.0,0.0,0.1,0.0,0.0,16.0,25903.0
2026-07-30T19:01:12.520Z,242.003,242.016,0.0,7.4,0.0,0.0,0.0,0.0,0.0,0.0,0.0,0.0,1.0,0.0,0.0,0.0,9.0,4.0,0.0,0.0,0.0,0.0,0.0,0.0,0.0,0.0,5.0,12.0,1.0,12.19,5.0200000000000005,2.5,1.49,0.0,0.0,0.0,0.4,0.0,-0.3,-0.4,-0.7000000000000001,-169.60000000000002,0.0,0.0,169.8,0.0,21.4,29.3,29.3,29.8,300.0,300.0,31.4,35.5,29.1,28.4,30.3,4.95,1.99,4.97,0.16,0.0,0.0,1027.0,8228.0,0.0,0.0,0.0,0.0,0.0,1.0,0.0,0.0,0.0,0.0,0.0,-1.0,0.0,0.5,0.0,0.0,16.0,25903.0
2026-07-30T19:01:12.530Z,242.013,242.028,0.0,7.4,0.0,0.0,0.0,0.0,0.0,0.0,0.0,0.0,1.0,0.0,0.0,0.0,9.0,4.0,0.0,0.0,0.0,0.0,0.0,0.0,0.0,0.0,6.0,12.0,1.0,12.19,5.0200000000000005,2.5,1.49,0.0,0.0,0.0,0.4,0.0,0.8,-0.4,0.9,-169.60000000000002,0.0,0.0,169.70000000000002,0.0,21.4,29.3,29.3,29.8,300.0,300.0,31.4,35.5,29.1,28.4,30.3,4.96,1.99,4.97,0.16,0.0,0.0,1027.0,8228.0,0.0,0.0,0.0,0.0,0.0,1.0,0.0,0.0,0.0,0.0,0.0,0.2,0.0,-0.9,0.0,0.0001,16.0,25903.0
2026-07-30T19:01:12.543Z,242.026,242.04,0.0,7.4,0.0,0.0,0.0,0.0,0.0,0.0,0.0,0.0,1.0,0.0,0.0,0.0,9.0,4.0,0.0,0.0,0.0,0.0,0.0,0.0,0.0,0.0,2.0,12.0,1.0,12.15,5.0200000000000005,2.5,1.49,0.0,0.0,0.0,0.4,0.0,0.2,0.1,-0.1,-169.60000000000002,0.0,0.0,169.70000000000002,0.0,21.8,29.3,29.3,29.8,300.0,300.0,31.5,35.5,29.1,28.3,30.200000000000003,4.95,2.0,4.97,0.16,0.0,0.0,1027.0,8228.0,0.0,0.0,0.0,0.0,0.0,1.0,0.0,0.0,0.0,0.0,0.0,0.0,0.0,0.1,0.0,0.0001,16.0,25903.0
2026-07-30T19:01:12.555Z,242.038,242.052,0.0,7.4,0.0,0.0,0.0,0.0,0.0,0.0,0.0,0.0,1.0,0.0,0.0,0.0,9.0,4.0,0.0,0.0,0.0,0.0,0.0,0.0,0.0,0.0,3.0,12.0,1.0,12.15,5.0200000000000005,2.5,1.49,0.0,0.0,0.0,0.4,0.0,-0.3,-0.4,-0.7000000000000001,-169.60000000000002,0.0,0.0,169.8,0.0,21.8,29.3,29.3,29.8,300.0,300.0,31.5,35.5,29.1,28.3,30.200000000000003,4.95,1.99,4.97,0.16,0.0,0.0,1027.0,8228.0,0.0,0.0,0.0,0.0,0.0,1.0,0.0,0.0,0.0,0.0,0.0,-1.0,0.0,0.5,0.0,0.0001,16.0,25903.0
2026-07-30T19:01:12.567Z,242.05,242.064,0.0,7.4,0.0,0.0,0.0,0.0,0.0,0.0,0.0,0.0,1.0,0.0,0.0,0.0,9.0,4.0,0.0,0.0,0.0,0.0,0.0,0.0,0.0,0.0,4.0,12.0,1.0,12.15,5.0200000000000005,2.5,1.49,0.0,0.0,0.0,0.4,0.0,-0.3,0.6000000000000001,0.4,-169.60000000000002,0.0,0.0,169.70000000000002,0.0,21.8,29.3,29.3,29.8,300.0,300.0,31.5,35.5,29.1,28.3,30.200000000000003,4.95,1.99,4.97,0.16,0.0,0.0,1027.0,8228.0,0.0,0.0,0.0,0.0,0.0,1.0,0.0,0.0,0.0,0.0,0.0,1.1,0.0,-0.2,0.0,0.0001,16.0,25903.0
2026-07-30T19:01:12.579Z,242.062,242.076,0.0,7.4,0.0,0.0,0.0,0.0,0.0,0.0,0.0,0.0,1.0,0.0,0.0,0.0,9.0,4.0,0.0,0.0,0.0,0.0,0.0,0.0,0.0,0.0,6.0,12.0,1.0,12.15,5.0200000000000005,2.5,1.49,0.0,0.0,0.0,0.4,0.0,-0.3,-0.5,0.0,-169.60000000000002,0.0,0.0,169.70000000000002,0.0,21.8,29.3,29.3,29.8,300.0,300.0,31.5,35.5,29.1,28.3,30.200000000000003,4.96,1.99,4.96,0.16,0.0,0.0,1027.0,8228.0,0.0,0.0,0.0,0.0,0.0,1.0,0.0,0.0,0.0,0.0,0.0,-0.6000000000000001,0.0,0.0,0.0,0.0001,16.0,25903.0
2026-07-30T19:01:12.590Z,242.073,242.088,0.0,7.4,0.0,0.0,0.0,0.0,0.0,0.0,0.0,0.0,1.0,0.0,0.0,0.0,9.0,4.0,0.0,0.0,0.0,0.0,0.0,0.0,0.0,0.0,1.0,12.0,1.0,12.15,5.0200000000000005,2.5,1.49,0.0,0.1,0.0,0.4,0.0,-0.9,-1.1,-0.6000000000000001,-169.60000000000002,0.0,0.0,169.8,0.0,21.8,29.3,29.3,29.8,300.0,300.0,31.5,35.5,29.1,28.3,30.200000000000003,4.95,1.99,4.97,0.16,0.0,0.0,1027.0,8228.0,0.0,0.0,0.0,0.0,0.0,1.0,0.0,0.0,0.0,0.0,0.0,-1.7000000000000002,0.0,0.3,0.0,0.0001,16.0,25903.0
2026-07-30T19:01:12.609Z,242.092,242.1,0.0,7.4,0.0,0.0,0.0,0.0,0.0,0.0,0.0,0.0,1.0,0.0,0.0,0.0,9.0,4.0,0.0,0.0,0.0,0.0,0.0,0.0,0.0,0.0,1.0,12.0,1.0,12.15,5.0200000000000005,2.5,1.49,0.0,0.0,0.0,0.4,0.0,-0.3,0.0,1.0,-169.70000000000002,0.0,0.0,169.8,0.0,21.8,29.3,29.3,29.8,300.0,300.0,31.5,35.5,29.1,28.3,30.200000000000003,4.95,1.99,4.97,0.16,0.0,0.0,1027.0,8228.0,0.0,0.0,0.0,0.0,0.0,1.0,0.0,0.0,0.0,0.0,0.0,0.7000000000000001,0.0,-0.9,0.0,0.0001,16.0,25903.0
2026-07-30T19:01:12.615Z,242.098,242.112,0.0,7.4,0.0,0.0,0.0,0.0,0.0,0.0,0.0,0.0,1.0,0.0,0.0,0.0,9.0,4.0,0.0,0.0,0.0,0.0,0.0,0.0,0.0,0.0,4.0,12.0,1.0,12.15,5.0200000000000005,2.5,1.49,0.0,0.0,0.0,0.4,0.0,0.7000000000000001,0.0,1.5,-169.70000000000002,0.0,0.0,169.70000000000002,0.0,21.8,29.3,29.3,29.8,300.0,300.0,31.5,35.5,29.1,28.3,30.200000000000003,4.96,1.99,4.97,0.16,0.0,0.0,1027.0,8228.0,0.0,0.0,0.0,0.0,0.0,1.0,0.0,0.0,0.0,0.0,0.0,-0.5,0.0,0.6000000000000001,0.0,0.0,16.0,25903.0
2026-07-30T19:01:12.630Z,242.113,242.124,0.0,7.4,0.0,0.0,0.0,0.0,0.0,0.0,0.0,0.0,1.0,0.0,0.0,0.0,9.0,4.0,0.0,0.0,0.0,0.0,0.0,0.0,0.0,0.0,6.0,12.0,1.0,12.15,5.0200000000000005,2.5,1.49,0.0,0.0,0.0,0.4,0.0,0.1,0.0,0.4,-169.70000000000002,0.0,0.0,169.70000000000002,0.0,21.8,29.3,29.3,29.8,300.0,300.0,31.5,35.5,29.1,28.3,30.200000000000003,4.96,1.99,4.97,0.16,0.0,0.0,1027.0,8228.0,0.0,0.0,0.0,0.0,0.0,1.0,0.0,0.0,0.0,0.0,0.0,0.3,0.0,-0.3,0.0,0.0002,16.0,25903.0
2026-07-30T19:01:12.640Z,242.123,242.136,0.0,7.4,0.0,0.0,0.0,0.0,0.0,0.0,0.0,0.0,1.0,0.0,0.0,0.0,9.0,4.0,0.0,0.0,0.0,0.0,0.0,0.0,0.0,0.0,5.0,12.0,1.0,12.17,5.01,2.51,1.49,-0.1,0.1,0.0,0.4,0.0,-0.3,0.6000000000000001,-0.2,-169.70000000000002,0.0,0.0,169.70000000000002,0.0,21.3,29.3,29.3,29.8,300.0,300.0,31.6,35.5,29.1,28.3,30.200000000000003,4.95,1.99,4.97,0.16,0.0,0.0,1027.0,8228.0,0.0,0.0,0.0,0.0,0.0,1.0,0.0,0.0,0.0,0.0,0.0,0.5,0.0,0.3,0.0,0.0001,16.0,25903.0
2026-07-30T19:01:12.651Z,242.134,242.148,0.0,7.4,0.0,0.0,0.0,0.0,0.0,0.0,0.0,0.0,1.0,0.0,0.0,0.0,9.0,4.0,0.0,0.0,0.0,0.0,0.0,0.0,0.0,0.0,1.0,12.0,1.0,12.17,5.01,2.51,1.49,0.0,0.0,0.0,0.4,0.0,0.8,0.0,0.3,-169.70000000000002,0.0,0.0,169.70000000000002,0.0,21.3,29.3,29.3,29.8,300.0,300.0,31.6,35.5,29.1,28.3,30.200000000000003,4.95,2.0,4.96,0.16,0.0,0.0,1027.0,8228.0,0.0,0.0,0.0,0.0,0.0,1.0,0.0,0.0,0.0,0.0,0.0,0.3,0.0,-0.3,0.0,0.0,16.0,25903.0
2026-07-30T19:01:12.663Z,242.146,242.16,0.0,7.4,0.0,0.0,0.0,0.0,0.0,0.0,0.0,0.0,1.0,0.0,0.0,0.0,9.0,4.0,0.0,0.0,0.0,0.0,0.0,0.0,0.0,0.0,2.0,12.0,1.0,12.17,5.01,2.51,1.49,0.0,0.0,0.0,0.4,0.0,0.2,1.1,0.3,-169.70000000000002,0.0,0.0,169.70000000000002,0.0,21.3,29.3,29.3,29.8,300.0,300.0,31.6,35.5,29.1,28.3,30.200000000000003,4.95,1.99,4.96,0.16,0.0,0.0,1027.0,8228.0,0.0,0.0,0.0,0.0,0.0,1.0,0.0,0.0,0.0,0.0,0.0,1.5,0.0,0.3,0.0,0.0,16.0,25903.0
2026-07-30T19:01:12.675Z,242.158,242.172,0.0,7.4,0.0,0.0,0.0,0.0,0.0,0.0,0.0,0.0,1.0,0.0,0.0,0.0,9.0,4.0,0.0,0.0,0.0,0.0,0.0,0.0,0.0,0.0,3.0,12.0,1.0,12.17,5.01,2.51,1.49,0.0,0.0,0.0,0.4,0.0,0.2,-1.1,0.3,-169.70000000000002,0.0,0.0,169.8,0.0,21.3,29.3,29.3,29.8,300.0,300.0,31.6,35.5,29.1,28.3,30.200000000000003,4.95,1.99,4.97,0.16,0.0,0.0,1027.0,8228.0,0.0,0.0,0.0,0.0,0.0,1.0,0.0,0.0,0.0,0.0,0.0,-1.2000000000000002,0.0,0.5,0.0,0.0001,16.0,25903.0
2026-07-30T19:01:12.687Z,242.17,242.184,0.0,7.4,0.0,0.0,0.0,0.0,0.0,0.0,0.0,0.0,1.0,0.0,0.0,0.0,9.0,4.0,0.0,0.0,0.0,0.0,0.0,0.0,0.0,0.0,5.0,12.0,1.0,12.17,5.01,2.51,1.49,0.0,0.0,0.0,0.4,0.0,0.2,-0.5,-0.2,-169.70000000000002,0.0,0.0,169.70000000000002,0.0,21.3,29.3,29.3,29.8,300.0,300.0,31.6,35.5,29.1,28.3,30.200000000000003,4.96,2.0,4.96,0.16,0.0,0.0,1027.0,8228.0,0.0,0.0,0.0,0.0,0.0,1.0,0.0,0.0,0.0,0.0,0.0,-0.8,0.0,0.0,0.0,0.0001,16.0,25903.0
2026-07-30T19:01:12.698Z,242.181,242.196,0.0,7.4,0.0,0.0,0.0,0.0,0.0,0.0,0.0,0.0,1.0,0.0,0.0,0.0,9.0,4.0,0.0,0.0,0.0,0.0,0.0,0.0,0.0,0.0,6.0,12.0,1.0,12.17,5.01,2.51,1.49,0.0,0.0,0.0,0.4,0.0,-0.3,0.0,-0.7000000000000001,-169.70000000000002,0.0,0.0,169.8,0.0,21.3,29.3,29.3,29.8,300.0,300.0,31.6,35.5,29.1,28.3,30.200000000000003,4.96,1.99,4.96,0.16,0.0,0.0,1027.0,8228.0,0.0,0.0,0.0,0.0,0.0,1.0,0.0,0.0,0.0,0.0,0.0,1.5,0.0,-0.1,0.0,0.0001,16.0,25903.0
2026-07-30T19:01:12.711Z,242.194,242.208,0.0,7.4,0.0,0.0,0.0,0.0,0.0,0.0,0.0,0.0,1.0,0.0,0.0,0.0,9.0,4.0,0.0,0.0,0.0,0.0,0.0,0.0,0.0,0.0,1.0,12.0,1.0,12.17,5.01,2.51,1.49,0.0,0.0,0.0,0.4,0.0,-0.2,0.0,-0.7000000000000001,-169.70000000000002,0.0,0.0,169.8,0.0,21.3,29.3,29.3,29.8,300.0,300.0,31.6,35.5,29.1,28.3,30.200000000000003,4.96,1.99,4.96,0.16,0.0,0.0,1027.0,8228.0,0.0,0.0,0.0,0.0,0.0,1.0,0.0,0.0,0.0,0.0,0.0,-0.6000000000000001,0.0,0.6000000000000001,0.0,0.0001,16.0,25903.0
2026-07-30T19:01:12.722Z,242.205,242.22,0.0,7.4,0.0,0.0,0.0,0.0,0.0,0.0,0.0,0.0,1.0,0.0,0.0,0.0,9.0,4.0,0.0,0.0,0.0,0.0,0.0,0.0,0.0,0.0,3.0,12.0,1.0,12.17,5.01,2.51,1.49,0.0,0.0,0.0,0.4,0.0,1.4,1.7000000000000002,1.5,-169.70000000000002,0.0,0.0,169.8,0.0,21.3,29.3,29.3,29.8,300.0,300.0,31.6,35.5,29.1,28.3,30.200000000000003,4.95,1.99,4.96,0.16,0.0,0.0,1027.0,8228.0,0.0,0.0,0.0,0.0,0.0,1.0,0.0,0.0,0.0,0.0,0.0,3.1,0.0,-1.0,0.0,0.0001,16.0,25903.0
2026-07-30T19:01:12.735Z,242.218,242.232,0.0,7.4,0.0,0.0,0.0,0.0,0.0,0.0,0.0,0.0,1.0,0.0,0.0,0.0,9.0,4.0,0.0,0.0,0.0,0.0,0.0,0.0,0.0,0.0,4.0,12.0,1.0,12.17,5.01,2.51,1.49,0.0,0.0,0.0,0.4,0.0,-0.2,-0.6000000000000001,-0.2,-169.70000000000002,0.0,0.0,169.70000000000002,0.0,21.3,29.3,29.3,29.8,300.0,300.0,31.6,35.5,29.1,28.3,30.200000000000003,4.95,1.99,4.96,0.16,0.0,0.0,1027.0,8228.0,0.0,0.0,0.0,0.0,0.0,1.0,0.0,0.0,0.0,0.0,0.0,-0.8,0.0,0.0,0.0,0.0,16.0,25903.0
2026-07-30T19:01:12.746Z,242.229,242.244,0.0,7.4,0.0,0.0,0.0,0.0,0.0,0.0,0.0,0.0,1.0,0.0,0.0,0.0,9.0,4.0,0.0,0.0,0.0,0.0,0.0,0.0,0.0,0.0,5.0,12.0,1.0,12.15,5.0200000000000005,2.51,1.49,0.0,0.0,0.0,0.4,0.0,0.3,1.1,0.3,-169.70000000000002,0.0,0.0,169.8,0.0,21.700000000000003,29.3,29.3,29.8,300.0,300.0,31.5,35.5,29.1,28.3,30.200000000000003,4.95,1.99,4.97,0.16,0.0,0.0,1027.0,8228.0,0.0,0.0,0.0,0.0,0.0,1.0,0.0,0.0,0.0,0.0,0.0,1.5,0.0,0.0,0.0,0.0001,16.0,25903.0
2026-07-30T19:01:12.759Z,242.242,242.256,0.0,7.4,0.0,0.0,0.0,0.0,0.0,0.0,0.0,0.0,1.0,0.0,0.0,0.0,9.0,4.0,0.0,0.0,0.0,0.0,0.0,0.0,0.0,0.0,6.0,12.0,1.0,12.15,5.0200000000000005,2.51,1.49,0.0,0.0,0.0,0.4,0.0,-0.3,0.5,-0.1,-169.70000000000002,0.0,0.0,169.8,0.0,21.700000000000003,29.3,29.3,29.8,300.0,300.0,31.5,35.5,29.1,28.3,30.200000000000003,4.95,1.99,4.97,0.16,0.0,0.0,1027.0,8228.0,0.0,0.0,0.0,0.0,0.0,1.0,0.0,0.0,0.0,0.0,0.0,0.4,0.0,0.2,0.0,0.0001,16.0,25903.0
2026-07-30T19:01:12.771Z,242.254,242.268,0.0,7.4,0.0,0.0,0.0,0.0,0.0,0.0,0.0,0.0,1.0,0.0,0.0,0.0,9.0,4.0,0.0,0.0,0.0,0.0,0.0,0.0,0.0,0.0,1.0,12.0,1.0,12.15,5.0200000000000005,2.51,1.49,0.0,0.0,0.0,0.4,0.0,0.3,-0.5,-0.1,-169.70000000000002,0.0,0.0,169.8,0.0,21.700000000000003,29.3,29.3,29.8,300.0,300.0,31.5,35.5,29.1,28.3,30.200000000000003,4.96,1.99,4.96,0.16,0.0,0.0,1027.0,8228.0,0.0,0.0,0.0,0.0,0.0,1.0,0.0,0.0,0.0,0.0,0.0,-0.7000000000000001,0.0,0.0,0.0,0.0,16.0,25903.0
2026-07-30T19:01:12.783Z,242.266,242.28,0.0,7.4,0.0,0.0,0.0,0.0,0.0,0.0,0.0,0.0,1.0,0.0,0.0,0.0,9.0,4.0,0.0,0.0,0.0,0.0,0.0,0.0,0.0,0.0,2.0,12.0,1.0,12.15,5.0200000000000005,2.51,1.49,0.0,0.0,0.0,0.4,0.0,-0.8,-0.6000000000000001,0.4,-169.70000000000002,0.0,0.0,169.8,0.0,21.700000000000003,29.3,29.3,29.8,300.0,300.0,31.5,35.5,29.1,28.3,30.200000000000003,4.95,1.99,4.96,0.16,0.0,0.0,1027.0,8228.0,0.0,0.0,0.0,0.0,0.0,1.0,0.0,0.0,0.0,0.0,0.0,-0.3,0.0,-0.5,0.0,0.0001,16.0,25903.0
2026-07-30T19:01:12.795Z,242.278,242.292,0.0,7.4,0.0,0.0,0.0,0.0,0.0,0.0,0.0,0.0,1.0,0.0,0.0,0.0,9.0,4.0,0.0,0.0,0.0,0.0,0.0,0.0,0.0,0.0,4.0,12.0,1.0,12.15,5.0200000000000005,2.51,1.49,0.0,0.0,0.0,0.4,0.0,0.8,0.0,-0.7000000000000001,-169.70000000000002,0.0,0.0,169.8,0.0,21.700000000000003,29.3,29.3,29.8,300.0,300.0,31.5,35.5,29.1,28.3,30.200000000000003,4.95,1.99,4.97,0.16,0.0,0.0,1027.0,8228.0,0.0,0.0,0.0,0.0,0.0,1.0,0.0,0.0,0.0,0.0,0.0,-0.5,0.0,0.6000000000000001,0.0,0.0001,16.0,25903.0
2026-07-30T19:01:12.807Z,242.29,242.304,0.0,7.4,0.0,0.0,0.0,0.0,0.0,0.0,0.0,0.0,1.0,0.0,0.0,0.0,9.0,4.0,0.0,0.0,0.0,0.0,0.0,0.0,0.0,0.0,5.0,12.0,1.0,12.15,5.0200000000000005,2.51,1.49,0.0,0.0,0.0,0.4,0.0,-0.3,0.0,-0.7000000000000001,-169.70000000000002,0.0,0.0,169.8,0.0,21.700000000000003,29.3,29.3,29.8,300.0,300.0,31.5,35.5,29.1,28.3,30.200000000000003,4.95,1.99,4.97,0.16,0.0,0.0,1027.0,8228.0,0.0,0.0,0.0,0.0,0.0,1.0,0.0,0.0,0.0,0.0,0.0,-0.5,0.0,0.6000000000000001,0.0,0.0,16.0,25903.0
2026-07-30T19:01:12.819Z,242.302,242.316,0.0,7.4,0.0,0.0,0.0,0.0,0.0,0.0,0.0,0.0,1.0,0.0,0.0,0.0,9.0,4.0,0.0,0.0,0.0,0.0,0.0,0.0,0.0,0.0,6.0,12.0,1.0,12.15,5.0200000000000005,2.51,1.49,0.0,0.0,0.0,0.4,0.0,-0.2,-0.5,1.0,-169.70000000000002,0.0,0.0,169.70000000000002,0.0,21.700000000000003,29.3,29.3,29.8,300.0,300.0,31.5,35.5,29.1,28.3,30.200000000000003,4.96,1.99,4.96,0.16,0.0,0.0,1027.0,8228.0,0.0,0.0,0.0,0.0,0.0,1.0,0.0,0.0,0.0,0.0,0.0,0.1,0.0,-1.0,0.0,0.0,16.0,25903.0
2026-07-30T19:01:12.832Z,242.315,242.328,0.0,7.4,0.0,0.0,0.0,0.0,0.0,0.0,0.0,0.0,1.0,0.0,0.0,0.0,9.0,4.0,0.0,0.0,0.0,0.0,0.0,0.0,0.0,0.0,2.0,12.0,1.0,12.15,5.0200000000000005,2.51,1.49,0.0,0.1,0.0,0.4,0.0,0.3,-0.5,1.0,-169.70000000000002,0.0,0.0,169.70000000000002,0.0,21.700000000000003,29.3,29.3,29.8,300.0,300.0,31.5,35.5,29.1,28.3,30.200000000000003,4.95,1.99,4.97,0.16,0.0,0.0,1027.0,8228.0,0.0,0.0,0.0,0.0,0.0,1.0,0.0,0.0,0.0,0.0,0.0,0.2,0.0,-1.0,0.0,0.0002,16.0,25903.0
2026-07-30T19:01:12.844Z,242.327,242.34,0.0,7.4,0.0,0.0,0.0,0.0,0.0,0.0,0.0,0.0,1.0,0.0,0.0,0.0,9.0,4.0,0.0,0.0,0.0,0.0,0.0,0.0,0.0,0.0,2.0,12.0,1.0,12.17,5.01,2.5,1.49,0.0,0.0,0.0,0.4,0.0,-0.2,0.0,1.0,-169.70000000000002,0.0,0.0,169.8,0.0,21.200000000000003,29.3,29.3,29.8,300.0,300.0,31.6,35.6,29.1,28.3,30.3,4.95,1.99,4.96,0.16,0.0,0.0,1027.0,8228.0,0.0,0.0,0.0,0.0,0.0,1.0,0.0,0.0,0.0,0.0,0.0,0.8,0.0,-0.9,0.0,0.0001,16.0,25903.0
2026-07-30T19:01:12.854Z,242.337,242.352,0.0,7.4,0.0,0.0,0.0,0.0,0.0,0.0,0.0,0.0,1.0,0.0,0.0,0.0,9.0,4.0,0.0,0.0,0.0,0.0,0.0,0.0,0.0,0.0,3.0,12.0,1.0,12.17,5.01,2.5,1.49,0.0,0.0,0.0,0.4,0.0,0.8,1.8,1.6,-169.70000000000002,0.0,0.0,169.8,0.0,21.200000000000003,29.3,29.3,29.8,300.0,300.0,31.6,35.6,29.1,28.3,30.3,4.96,2.0,4.96,0.16,0.0,0.0,1027.0,8228.0,0.0,0.0,0.0,0.0,0.0,1.0,0.0,0.0,0.0,0.0,0.0,3.2,0.0,-1.0,0.0,0.0002,16.0,25903.0
2026-07-30T19:01:12.867Z,242.35,242.364,0.0,7.4,0.0,0.0,0.0,0.0,0.0,0.0,0.0,0.0,1.0,0.0,0.0,0.0,9.0,4.0,0.0,0.0,0.0,0.0,0.0,0.0,0.0,0.0,4.0,12.0,1.0,12.17,5.01,2.5,1.49,0.0,0.0,0.0,0.4,0.0,-0.2,-1.0,-1.2000000000000002,-169.70000000000002,0.0,0.0,169.70000000000002,0.0,21.200000000000003,29.3,29.3,29.8,300.0,300.0,31.6,35.6,29.1,28.3,30.3,4.95,2.0,4.97,0.16,0.0,0.0,1027.0,8228.0,0.0,0.0,0.0,0.0,0.0,1.0,0.0,0.0,0.0,0.0,0.0,-2.1,0.0,0.8,0.0,0.0001,16.0,25903.0
2026-07-30T19:01:12.879Z,242.362,242.376,0.0,7.4,0.0,0.0,0.0,0.0,0.0,0.0,0.0,0.0,1.0,0.0,0.0,0.0,9.0,4.0,0.0,0.0,0.0,0.0,0.0,0.0,0.0,0.0,6.0,12.0,1.0,12.17,5.01,2.5,1.49,0.0,0.0,0.0,0.4,0.0,-0.2,-0.4,-0.6000000000000001,-169.70000000000002,0.0,0.0,169.8,0.0,21.200000000000003,29.3,29.3,29.8,300.0,300.0,31.6,35.6,29.1,28.3,30.3,4.96,1.99,4.97,0.16,0.0,0.0,1027.0,8228.0,0.0,0.0,0.0,0.0,0.0,1.0,0.0,0.0,0.0,0.0,0.0,-1.0,0.0,0.4,0.0,0.0001,16.0,25903.0
2026-07-30T19:01:12.891Z,242.374,242.388,0.0,7.4,0.0,0.0,0.0,0.0,0.0,0.0,0.0,0.0,1.0,0.0,0.0,0.0,9.0,4.0,0.0,0.0,0.0,0.0,0.0,0.0,0.0,0.0,2.0,12.0,1.0,12.17,5.01,2.5,1.49,0.0,0.0,0.0,0.4,0.0,0.9,1.2000000000000002,2.2,-169.70000000000002,0.0,0.0,169.60000000000002,0.0,21.200000000000003,29.3,29.3,29.8,300.0,300.0,31.6,35.6,29.1,28.3,30.3,4.96,2.0,4.96,0.16,0.0,0.0,1027.0,8228.0,0.0,0.0,0.0,0.0,0.0,1.0,0.0,0.0,0.0,0.0,0.0,3.1,0.0,-1.7000000000000002,0.0,0.0001,16.0,25903.0
2026-07-30T19:01:12.909Z,242.392,242.4,0.0,7.4,0.0,0.0,0.0,0.0,0.0,0.0,0.0,0.0,1.0,0.0,0.0,0.0,9.0,4.0,0.0,0.0,0.0,0.0,0.0,0.0,0.0,0.0,3.0,12.0,1.0,12.17,5.01,2.5,1.49,0.0,0.1,0.0,0.5,0.0,-0.2,0.0,0.0,-169.70000000000002,0.0,0.0,169.70000000000002,0.0,21.200000000000003,29.3,29.3,29.8,300.0,300.0,31.6,35.6,29.1,28.3,30.3,4.96,1.99,4.96,0.16,0.0,0.0,1027.0,8228.0,0.0,0.0,0.0,0.0,0.0,1.0,0.0,0.0,0.0,0.0,0.0,0.0,0.0,0.0,0.0,0.0002,16.0,25903.0
2026-07-30T19:01:12.921Z,242.404,242.412,0.0,7.4,0.0,0.0,0.0,0.0,0.0,0.0,0.0,0.0,1.0,0.0,0.0,0.0,9.0,4.0,0.0,0.0,0.0,0.0,0.0,0.0,0.0,0.0,2.0,12.0,1.0,12.17,5.01,2.5,1.49,0.0,0.0,0.0,0.4,0.0,-0.1,-0.5,-1.2000000000000002,-169.70000000000002,0.0,0.0,169.60000000000002,0.0,21.200000000000003,29.3,29.3,29.8,300.0,300.0,31.6,35.6,29.1,28.3,30.3,4.95,1.99,4.97,0.16,0.0,0.0,1027.0,8228.0,0.0,0.0,0.0,0.0,0.0,1.0,0.0,0.0,0.0,0.0,0.0,-1.5,0.0,1.0,0.0,0.0,16.0,25903.0
2026-07-30T19:01:12.930Z,242.413,242.424,0.0,7.4,0.0,0.0,0.0,0.0,0.0,0.0,0.0,0.0,1.0,0.0,0.0,0.0,9.0,4.0,0.0,0.0,0.0,0.0,0.0,0.0,0.0,0.0,5.0,12.0,1.0,12.17,5.01,2.5,1.49,0.0,0.0,0.0,0.5,0.0,0.3,-0.5,0.0,-169.70000000000002,0.0,0.0,169.60000000000002,0.0,21.200000000000003,29.3,29.3,29.8,300.0,300.0,31.6,35.6,29.1,28.3,30.3,4.96,1.99,4.96,0.16,0.0,0.0,1027.0,8228.0,0.0,0.0,0.0,0.0,0.0,1.0,0.0,0.0,0.0,0.0,0.0,-0.6000000000000001,0.0,0.0,0.0,0.0,16.0,25903.0
2026-07-30T19:01:12.939Z,242.422,242.436,0.0,7.4,0.0,0.0,0.0,0.0,0.0,0.0,0.0,0.0,1.0,0.0,0.0,0.0,9.0,4.0,0.0,0.0,0.0,0.0,0.0,0.0,0.0,0.0,5.0,12.0,1.0,12.17,5.01,2.5,1.49,0.0,0.0,0.0,0.4,0.0,-0.1,0.0,1.6,-169.70000000000002,0.0,0.0,169.60000000000002,0.0,21.200000000000003,29.3,29.3,29.8,300.0,300.0,31.6,35.6,29.1,28.3,30.3,4.96,2.0,4.96,0.16,0.0,0.0,1027.0,8228.0,0.0,0.0,0.0,0.0,0.0,1.0,0.0,0.0,0.0,0.0,0.0,1.3,0.0,-1.4,0.0,0.0,16.0,25903.0
2026-07-30T19:01:12.951Z,242.434,242.448,0.0,7.4,0.0,0.0,0.0,0.0,0.0,0.0,0.0,0.0,1.0,0.0,0.0,0.0,9.0,4.0,0.0,0.0,0.0,0.0,0.0,0.0,0.0,0.0,1.0,12.0,1.0,12.15,5.01,2.51,1.5,0.0,0.0,0.0,0.4,0.0,-0.1,0.6000000000000001,1.6,-169.70000000000002,0.0,0.0,169.70000000000002,0.0,21.9,29.3,29.3,29.8,300.0,300.0,31.5,35.5,29.1,28.3,30.3,4.95,1.99,4.96,0.16,0.0,0.0,1027.0,8228.0,0.0,0.0,0.0,0.0,0.0,1.0,0.0,0.0,0.0,0.0,0.0,1.9,0.0,-1.2000000000000002,0.0,0.0,16.0,25903.0
2026-07-30T19:01:12.962Z,242.445,242.46,0.0,7.4,0.0,0.0,0.0,0.0,0.0,0.0,0.0,0.0,1.0,0.0,0.0,0.0,9.0,4.0,0.0,0.0,0.0,0.0,0.0,0.0,0.0,0.0,2.0,12.0,1.0,12.15,5.01,2.51,1.5,0.0,0.0,0.0,0.4,0.0,0.3,0.6000000000000001,1.0,-169.70000000000002,0.0,0.0,169.70000000000002,0.0,21.9,29.3,29.3,29.8,300.0,300.0,31.5,35.5,29.1,28.3,30.3,4.95,1.99,4.97,0.16,0.0,0.0,1027.0,8228.0,0.0,0.0,0.0,0.0,0.0,1.0,0.0,0.0,0.0,0.0,0.0,1.5,0.0,-0.7000000000000001,0.0,0.0001,16.0,25903.0
2026-07-30T19:01:12.975Z,242.458,242.472,0.0,7.4,0.0,0.0,0.0,0.0,0.0,0.0,0.0,0.0,1.0,0.0,0.0,0.0,9.0,4.0,0.0,0.0,0.0,0.0,0.0,0.0,0.0,0.0,3.0,12.0,1.0,12.15,5.01,2.51,1.5,0.0,0.1,0.0,0.4,0.0,0.9,0.0,-0.1,-169.70000000000002,0.0,0.0,169.60000000000002,0.0,21.9,29.3,29.3,29.8,300.0,300.0,31.5,35.5,29.1,28.3,30.3,4.96,1.99,4.96,0.16,0.0,0.0,1027.0,8228.0,0.0,0.0,0.0,0.0,0.0,1.0,0.0,0.0,0.0,0.0,0.0,0.0,0.0,0.1,0.0,0.0,16.0,25903.0
2026-07-30T19:01:12.987Z,242.47,242.484,0.0,7.4,0.0,0.0,0.0,0.0,0.0,0.0,0.0,0.0,1.0,0.0,0.0,0.0,9.0,4.0,0.0,0.0,0.0,0.0,0.0,0.0,0.0,0.0,4.0,12.0,1.0,12.15,5.01,2.51,1.5,0.0,0.0,0.0,0.4,0.0,0.9,0.6000000000000001,-0.1,-169.70000000000002,0.0,0.0,169.8,0.0,21.9,29.3,29.3,29.8,300.0,300.0,31.5,35.5,29.1,28.3,30.3,4.96,1.99,4.97,0.16,0.0,0.0,1027.0,8228.0,0.0,0.0,0.0,0.0,0.0,1.0,0.0,0.0,0.0,0.0,0.0,0.6000000000000001,0.0,0.2,0.0,0.0,16.0,25903.0
2026-07-30T19:01:12.999Z,242.482,242.496,0.0,7.4,0.0,0.0,0.0,0.0,0.0,0.0,0.0,0.0,1.0,0.0,0.0,0.0,9.0,4.0,0.0,0.0,0.0,0.0,0.0,0.0,0.0,0.0,6.0,12.0,1.0,12.15,5.01,2.51,1.5,0.0,0.0,0.0,0.4,0.0,-0.2,1.2000000000000002,1.6,-169.60000000000002,0.0,0.0,169.60000000000002,0.0,21.9,29.3,29.3,29.8,300.0,300.0,31.5,35.5,29.1,28.3,30.3,4.95,1.99,4.97,0.16,0.0,0.0,1027.0,8228.0,0.0,0.0,0.0,0.0,0.0,1.0,0.0,0.0,0.0,0.0,0.0,2.6,0.0,-1.2000000000000002,0.0,0.0002,16.0,25903.0
2026-07-30T19:01:13.011Z,242.494,242.508,0.0,7.4,0.0,0.0,0.0,0.0,0.0,0.0,0.0,0.0,1.0,0.0,0.0,0.0,9.0,4.0,0.0,0.0,0.0,0.0,0.0,0.0,0.0,0.0,6.0,12.0,1.0,12.15,5.01,2.51,1.5,0.0,0.1,0.0,0.4,0.0,0.8,0.0,-0.7000000000000001,-169.60000000000002,0.0,0.0,169.70000000000002,0.0,21.9,29.3,29.3,29.8,300.0,300.0,31.5,35.5,29.1,28.3,30.3,4.96,1.99,4.96,0.16,0.0,0.0,1027.0,8228.0,0.0,0.0,0.0,0.0,0.0,1.0,0.0,0.0,0.0,0.0,0.0,-0.4,0.0,0.6000000000000001,0.0,0.0001,16.0,25903.0
2026-07-30T19:01:13.022Z,242.505,242.52,0.0,7.4,0.0,0.0,0.0,0.0,0.0,0.0,0.0,0.0,1.0,0.0,0.0,0.0,9.0,4.0,0.0,0.0,0.0,0.0,0.0,0.0,0.0,0.0,2.0,12.0,1.0,12.15,5.01,2.51,1.5,0.0,0.0,0.0,0.5,0.0,0.2,-0.5,1.0,-169.70000000000002,0.0,0.0,169.70000000000002,0.0,21.9,29.3,29.3,29.8,300.0,300.0,31.5,35.5,29.1,28.3,30.3,4.95,2.0,4.96,0.16,0.0,0.0,1027.0,8228.0,0.0,0.0,0.0,0.0,0.0,1.0,0.0,0.0,0.0,0.0,0.0,0.2,0.0,-1.0,0.0,0.0002,16.0,25903.0
2026-07-30T19:01:13.034Z,242.517,242.532,0.0,7.4,0.0,0.0,0.0,0.0,0.0,0.0,0.0,0.0,1.0,0.0,0.0,0.0,9.0,4.0,0.0,0.0,0.0,0.0,0.0,0.0,0.0,0.0,3.0,12.0,1.0,12.15,5.01,2.51,1.5,0.0,0.0,0.0,0.5,0.0,0.2,0.0,-0.7000000000000001,-169.70000000000002,0.0,0.0,169.60000000000002,0.0,21.9,29.3,29.3,29.8,300.0,300.0,31.5,35.5,29.1,28.3,30.3,4.95,1.99,4.97,0.16,0.0,0.0,1027.0,8228.0,0.0,0.0,0.0,0.0,0.0,1.0,0.0,0.0,0.0,0.0,0.0,-0.4,0.0,0.6000000000000001,0.0,0.0001,16.0,25903.0
2026-07-30T19:01:13.048Z,242.531,242.544,0.0,7.4,0.0,0.0,0.0,0.0,0.0,0.0,0.0,0.0,1.0,0.0,0.0,0.0,9.0,4.0,0.0,0.0,0.0,0.0,0.0,0.0,0.0,0.0,4.0,12.0,1.0,12.22,5.0200000000000005,2.51,1.49,0.0,0.0,0.0,0.4,0.0,0.2,1.2000000000000002,-0.1,-169.70000000000002,0.0,0.0,169.8,0.0,21.4,29.3,29.3,29.8,300.0,300.0,31.5,35.6,29.1,28.4,30.3,4.95,1.99,4.97,0.16,0.0,0.0,1027.0,8228.0,0.0,0.0,0.0,0.0,0.0,1.0,0.0,0.0,0.0,0.0,0.0,1.3,0.0,0.3,0.0,0.0001,16.0,25903.0
2026-07-30T19:01:13.059Z,242.542,242.556,0.0,7.4,0.0,0.0,0.0,0.0,0.0,0.0,0.0,0.0,1.0,0.0,0.0,0.0,9.0,4.0,0.0,0.0,0.0,0.0,0.0,0.0,0.0,0.0,5.0,12.0,1.0,12.22,5.0200000000000005,2.51,1.49,0.0,0.0,0.0,0.4,0.0,-0.8,0.0,0.4,-169.70000000000002,0.0,0.0,169.70000000000002,0.0,21.4,29.3,29.3,29.8,300.0,300.0,31.5,35.6,29.1,28.4,30.3,4.96,1.99,4.96,0.16,0.0,0.0,1027.0,8228.0,0.0,0.0,0.0,0.0,0.0,1.0,0.0,0.0,0.0,0.0,0.0,0.4,0.0,-0.4,0.0,0.0002,16.0,25903.0
2026-07-30T19:01:13.071Z,242.554,242.568,0.0,7.4,0.0,0.0,0.0,0.0,0.0,0.0,0.0,0.0,1.0,0.0,0.0,0.0,9.0,4.0,0.0,0.0,0.0,0.0,0.0,0.0,0.0,0.0,6.0,12.0,1.0,12.22,5.0200000000000005,2.51,1.49,0.0,0.0,0.0,0.4,0.0,-0.2,0.0,-0.6000000000000001,-169.70000000000002,0.0,0.0,169.70000000000002,0.0,21.4,29.3,29.3,29.8,300.0,300.0,31.5,35.6,29.1,28.4,30.3,4.95,1.99,4.96,0.16,0.0,0.0,1027.0,8228.0,0.0,0.0,0.0,0.0,0.0,1.0,0.0,0.0,0.0,0.0,0.0,-0.4,0.0,0.6000000000000001,0.0,0.0002,16.0,25903.0
2026-07-30T19:01:13.083Z,242.566,242.58,0.0,7.4,0.0,0.0,0.0,0.0,0.0,0.0,0.0,0.0,1.0,0.0,0.0,0.0,9.0,4.0,0.0,0.0,0.0,0.0,0.0,0.0,0.0,0.0,1.0,12.0,1.0,12.22,5.0200000000000005,2.51,1.49,0.0,0.0,0.0,0.4,0.0,-0.3,0.5,1.6,-169.70000000000002,0.0,0.0,169.70000000000002,0.0,21.4,29.3,29.3,29.8,300.0,300.0,31.5,35.6,29.1,28.4,30.3,4.95,1.99,4.96,0.16,0.0,0.0,1027.0,8228.0,0.0,0.0,0.0,0.0,0.0,1.0,0.0,0.0,0.0,0.0,0.0,1.9,0.0,-1.3,0.0,0.0,16.0,25903.0
2026-07-30T19:01:13.095Z,242.578,242.592,0.0,7.4,0.0,0.0,0.0,0.0,0.0,0.0,0.0,0.0,1.0,0.0,0.0,0.0,9.0,4.0,0.0,0.0,0.0,0.0,0.0,0.0,0.0,0.0,3.0,12.0,1.0,12.22,5.0200000000000005,2.51,1.49,0.0,0.0,0.0,0.4,0.0,0.2,0.6000000000000001,0.0,-169.70000000000002,0.0,0.0,169.70000000000002,0.0,21.4,29.3,29.3,29.8,300.0,300.0,31.5,35.6,29.1,28.4,30.3,4.96,1.99,4.96,0.16,0.0,0.0,1027.0,8228.0,0.0,0.0,0.0,0.0,0.0,1.0,0.0,0.0,0.0,0.0,0.0,0.6000000000000001,0.0,0.1,0.0,0.0,16.0,25903.0
2026-07-30T19:01:13.107Z,242.59,242.604,0.0,7.4,0.0,0.0,0.0,0.0,0.0,0.0,0.0,0.0,1.0,0.0,0.0,0.0,9.0,4.0,0.0,0.0,0.0,0.0,0.0,0.0,0.0,0.0,3.0,12.0,1.0,12.22,5.0200000000000005,2.51,1.49,0.0,0.1,0.0,0.4,0.0,0.2,0.0,0.0,-169.70000000000002,0.0,0.0,169.70000000000002,0.0,21.4,29.3,29.3,29.8,300.0,300.0,31.5,35.6,29.1,28.4,30.3,4.95,1.99,4.96,0.16,0.0,0.0,1027.0,8228.0,0.0,0.0,0.0,0.0,0.0,1.0,0.0,0.0,0.0,0.0,0.0,0.0,0.0,0.0,0.0,0.0001,16.0,25903.0
2026-07-30T19:01:13.119Z,242.602,242.616,0.0,7.4,0.0,0.0,0.0,0.0,0.0,0.0,0.0,0.0,1.0,0.0,0.0,0.0,9.0,4.0,0.0,0.0,0.0,0.0,0.0,0.0,0.0,0.0,5.0,12.0,1.0,12.22,5.0200000000000005,2.51,1.49,0.0,0.0,0.0,0.4,0.0,0.2,0.0,0.4,-169.70000000000002,0.0,0.0,169.8,0.0,21.4,29.3,29.3,29.8,300.0,300.0,31.5,35.6,29.1,28.4,30.3,4.95,1.99,4.97,0.16,0.0,0.0,1027.0,8228.0,0.0,0.0,0.0,0.0,0.0,1.0,0.0,0.0,0.0,0.0,0.0,0.3,0.0,-0.4,0.0,0.0,16.0,25903.0
2026-07-30T19:01:13.131Z,242.614,242.628,0.0,7.4,0.0,0.0,0.0,0.0,0.0,0.0,0.0,0.0,1.0,0.0,0.0,0.0,9.0,4.0,0.0,0.0,0.0,0.0,0.0,0.0,0.0,0.0,5.0,12.0,1.0,12.22,5.0200000000000005,2.51,1.49,0.0,0.1,0.0,0.4,0.0,0.2,0.0,0.4,-169.70000000000002,0.0,0.0,169.8,0.0,21.4,29.3,29.3,29.8,300.0,300.0,31.5,35.6,29.1,28.4,30.3,4.95,1.99,4.96,0.16,0.0,0.0,1027.0,8228.0,0.0,0.0,0.0,0.0,0.0,1.0,0.0,0.0,0.0,0.0,0.0,0.3,0.0,-0.4,0.0,0.0001,16.0,25903.0
2026-07-30T19:01:13.143Z,242.626,242.64,0.0,7.4,0.0,0.0,0.0,0.0,0.0,0.0,0.0,0.0,1.0,0.0,0.0,0.0,9.0,4.0,0.0,0.0,0.0,0.0,0.0,0.0,0.0,0.0,1.0,12.0,1.0,12.22,5.0200000000000005,2.51,1.49,0.0,0.1,0.0,0.4,0.0,0.2,0.0,0.9,-169.70000000000002,0.0,0.0,169.60000000000002,0.0,21.4,29.3,29.3,29.8,300.0,300.0,31.5,35.6,29.1,28.4,30.3,4.96,1.99,4.96,0.16,0.0,0.0,1027.0,8228.0,0.0,0.0,0.0,0.0,0.0,1.0,0.0,0.0,0.0,0.0,0.0,0.6000000000000001,0.0,-0.8,0.0,0.0001,16.0,25903.0
2026-07-30T19:01:13.155Z,242.638,242.652,0.0,7.4,0.0,0.0,0.0,0.0,0.0,0.0,0.0,0.0,1.0,0.0,0.0,0.0,9.0,4.0,0.0,0.0,0.0,0.0,0.0,0.0,0.0,0.0,1.0,12.0,1.0,12.17,5.01,2.51,1.5,0.0,0.0,0.0,0.4,0.0,0.2,-0.6000000000000001,-0.8,-169.70000000000002,0.0,0.0,169.8,0.0,21.4,29.3,29.3,29.8,300.0,300.0,31.5,35.6,29.1,28.4,30.200000000000003,4.95,1.99,4.97,0.16,0.0,0.0,1027.0,8228.0,0.0,0.0,0.0,0.0,0.0,1.0,0.0,0.0,0.0,0.0,0.0,-1.3,0.0,0.5,0.0,0.0002,16.0,25903.0
2026-07-30T19:01:13.167Z,242.65,242.664,0.0,7.4,0.0,0.0,0.0,0.0,0.0,0.0,0.0,0.0,1.0,0.0,0.0,0.0,9.0,4.0,0.0,0.0,0.0,0.0,0.0,0.0,0.0,0.0,2.0,12.0,1.0,12.17,5.01,2.51,1.5,0.0,0.0,0.0,0.4,0.0,0.2,-0.6000000000000001,0.9,-169.70000000000002,0.0,0.0,169.70000000000002,0.0,21.4,29.3,29.3,29.8,300.0,300.0,31.5,35.6,29.1,28.4,30.200000000000003,4.96,2.0,4.96,0.16,0.0,0.0,1027.0,8228.0,0.0,0.0,0.0,0.0,0.0,1.0,0.0,0.0,0.0,0.0,0.0,0.0,0.0,-0.9,0.0,0.0002,16.0,25903.0
2026-07-30T19:01:13.178Z,242.661,242.676,0.0,7.4,0.0,0.0,0.0,0.0,0.0,0.0,0.0,0.0,1.0,0.0,0.0,0.0,9.0,4.0,0.0,0.0,0.0,0.0,0.0,0.0,0.0,0.0,4.0,12.0,1.0,12.17,5.01,2.51,1.5,0.0,0.0,0.0,0.4,0.0,-0.3,1.0,0.4,-169.70000000000002,0.0,0.0,169.60000000000002,0.0,21.4,29.3,29.3,29.8,300.0,300.0,31.5,35.6,29.1,28.4,30.200000000000003,4.96,1.99,4.96,0.16,0.0,0.0,1027.0,8228.0,0.0,0.0,0.0,0.0,0.0,1.0,0.0,0.0,0.0,0.0,0.0,1.4,0.0,-0.1,0.0,0.0,16.0,25903.0
2026-07-30T19:01:13.191Z,242.674,242.688,0.0,7.4,0.0,0.0,0.0,0.0,0.0,0.0,0.0,0.0,1.0,0.0,0.0,0.0,9.0,4.0,0.0,0.0,0.0,0.0,0.0,0.0,0.0,0.0,5.0,12.0,1.0,12.17,5.01,2.51,1.5,0.0,0.0,0.0,0.4,0.0,-0.3,-0.1,-0.7000000000000001,-169.60000000000002,0.0,0.0,169.70000000000002,0.0,21.4,29.3,29.3,29.8,300.0,300.0,31.5,35.6,29.1,28.4,30.200000000000003,4.95,1.99,4.96,0.16,0.0,0.0,1027.0,8228.0,0.0,0.0,0.0,0.0,0.0,1.0,0.0,0.0,0.0,0.0,0.0,1.0,0.0,0.3,0.0,0.0001,16.0,25903.0
2026-07-30T19:01:13.202Z,242.685,242.7,0.0,7.4,0.0,0.0,0.0,0.0,0.0,0.0,0.0,0.0,1.0,0.0,0.0,0.0,9.0,4.0,0.0,0.0,0.0,0.0,0.0,0.0,0.0,0.0,1.0,12.0,1.0,12.17,5.01,2.51,1.5,0.0,0.0,0.0,0.4,0.0,-0.3,-0.6000000000000001,0.9,-169.60000000000002,0.0,0.0,169.70000000000002,0.0,21.4,29.3,29.3,29.8,300.0,300.0,31.5,35.6,29.1,28.4,30.200000000000003,4.96,1.99,4.97,0.16,0.0,0.0,1027.0,8228.0,0.0,0.0,0.0,0.0,0.0,1.0,0.0,0.0,0.0,0.0,0.0,-0.9,0.0,0.0,0.0,0.0,16.0,25903.0
2026-07-30T19:01:13.214Z,242.697,242.712,0.0,7.4,0.0,0.0,0.0,0.0,0.0,0.0,0.0,0.0,1.0,0.0,0.0,0.0,9.0,4.0,0.0,0.0,0.0,0.0,0.0,0.0,0.0,0.0,2.0,12.0,1.0,12.17,5.01,2.51,1.5,0.0,0.1,0.0,0.4,0.0,0.2,-0.7000000000000001,-0.8,-169.60000000000002,0.0,0.0,169.70000000000002,0.0,21.4,29.3,29.3,29.8,300.0,300.0,31.5,35.6,29.1,28.4,30.200000000000003,4.96,1.99,4.96,0.16,0.0,0.0,1027.0,8228.0,0.0,0.0,0.0,0.0,0.0,1.0,0.0,0.0,0.0,0.0,0.0,1.0,0.0,-1.3,0.0,0.0001,16.0,25903.0
2026-07-30T19:01:13.233Z,242.716,242.724,0.0,7.4,0.0,0.0,0.0,0.0,0.0,0.0,0.0,0.0,1.0,0.0,0.0,0.0,9.0,4.0,0.0,0.0,0.0,0.0,0.0,0.0,0.0,0.0,2.0,12.0,1.0,12.17,5.01,2.51,1.5,0.0,0.0,0.0,0.4,0.0,0.2,0.4,0.3,-169.70000000000002,0.0,0.0,169.70000000000002,0.0,21.4,29.3,29.3,29.8,300.0,300.0,31.5,35.6,29.1,28.4,30.200000000000003,4.96,1.99,4.97,0.16,0.0,0.0,1027.0,8228.0,0.0,0.0,0.0,0.0,0.0,1.0,0.0,0.0,0.0,0.0,0.0,0.7000000000000001,0.0,-0.2,0.0,0.0001,16.0,25903.0
2026-07-30T19:01:13.239Z,242.722,242.736,0.0,7.4,0.0,0.0,0.0,0.0,0.0,0.0,0.0,0.0,1.0,0.0,0.0,0.0,9.0,4.0,0.0,0.0,0.0,0.0,0.0,0.0,0.0,0.0,5.0,12.0,1.0,12.17,5.01,2.51,1.5,0.0,0.0,0.0,0.4,0.0,-0.3,0.4,-0.2,-169.70000000000002,0.0,0.0,169.70000000000002,0.0,21.4,29.3,29.3,29.8,300.0,300.0,31.5,35.6,29.1,28.4,30.200000000000003,4.95,1.99,4.97,0.16,0.0,0.0,1027.0,8228.0,0.0,0.0,0.0,0.0,0.0,1.0,0.0,0.0,0.0,0.0,0.0,0.3,0.0,0.2,0.0,0.0,16.0,25903.0
2026-07-30T19:01:13.252Z,242.735,242.748,0.0,7.4,0.0,0.0,0.0,0.0,0.0,0.0,0.0,0.0,1.0,0.0,0.0,0.0,9.0,4.0,0.0,0.0,0.0,0.0,0.0,0.0,0.0,0.0,1.0,12.0,1.0,12.18,5.01,2.5,1.49,0.0,0.0,0.0,0.4,0.0,-0.3,0.4,-0.8,-169.70000000000002,0.0,0.0,169.8,0.0,21.4,29.3,29.3,29.8,300.0,300.0,31.6,35.6,29.1,28.3,30.200000000000003,4.96,1.99,4.96,0.16,0.0,0.0,1027.0,8228.0,0.0,0.0,0.0,0.0,0.0,1.0,0.0,0.0,0.0,0.0,0.0,0.0,0.0,0.8,0.0,0.0,16.0,25903.0
2026-07-30T19:01:13.263Z,242.746,242.76,0.0,7.4,0.0,0.0,0.0,0.0,0.0,0.0,0.0,0.0,1.0,0.0,0.0,0.0,9.0,4.0,0.0,0.0,0.0,0.0,0.0,0.0,0.0,0.0,2.0,12.0,1.0,12.18,5.01,2.5,1.49,-0.1,0.0,0.0,0.4,0.0,-0.9,-1.3,0.9,-169.70000000000002,0.0,0.0,169.70000000000002,0.0,21.4,29.3,29.3,29.8,300.0,300.0,31.6,35.6,29.1,28.3,30.200000000000003,4.95,2.0,4.96,0.16,0.0,0.0,1027.0,8228.0,0.0,0.0,0.0,0.0,0.0,1.0,0.0,0.0,0.0,0.0,0.0,-0.7000000000000001,0.0,-1.1,0.0,0.0001,16.0,25903.0
2026-07-30T19:01:13.275Z,242.758,242.772,0.0,7.4,0.0,0.0,0.0,0.0,0.0,0.0,0.0,0.0,1.0,0.0,0.0,0.0,9.0,4.0,0.0,0.0,0.0,0.0,0.0,0.0,0.0,0.0,4.0,12.0,1.0,12.18,5.01,2.5,1.49,0.0,0.0,0.0,0.4,0.0,-0.9,0.4,-0.8,-169.70000000000002,0.0,0.0,169.70000000000002,0.0,21.4,29.3,29.3,29.8,300.0,300.0,31.6,35.6,29.1,28.3,30.200000000000003,4.95,1.99,4.97,0.16,0.0,0.0,1027.0,8228.0,0.0,0.0,0.0,0.0,0.0,1.0,0.0,0.0,0.0,0.0,0.0,-0.1,0.0,0.8,0.0,0.0,16.0,25903.0
2026-07-30T19:01:13.286Z,242.769,242.784,0.0,7.4,0.0,0.0,0.0,0.0,0.0,0.0,0.0,0.0,1.0,0.0,0.0,0.0,9.0,4.0,0.0,0.0,0.0,0.0,0.0,0.0,0.0,0.0,5.0,12.0,1.0,12.18,5.01,2.5,1.49,0.0,0.0,0.0,0.4,0.0,0.2,-0.1,-0.2,-169.70000000000002,0.0,0.0,169.8,0.0,21.4,29.3,29.3,29.8,300.0,300.0,31.6,35.6,29.1,28.3,30.200000000000003,4.95,2.0,4.97,0.16,0.0,0.0,1027.0,8228.0,0.0,0.0,0.0,0.0,0.0,1.0,0.0,0.0,0.0,0.0,0.0,-0.3,0.0,0.1,0.0,0.0,16.0,25903.0
2026-07-30T19:01:13.299Z,242.782,242.796,0.0,7.4,0.0,0.0,0.0,0.0,0.0,0.0,0.0,0.0,1.0,0.0,0.0,0.0,9.0,4.0,0.0,0.0,0.0,0.0,0.0,0.0,0.0,0.0,6.0,12.0,1.0,12.18,5.01,2.5,1.49,0.0,0.0,0.0,0.4,0.0,0.8,0.4,0.3,-169.70000000000002,0.0,0.0,169.8,0.0,21.4,29.3,29.3,29.8,300.0,300.0,31.6,35.6,29.1,28.3,30.200000000000003,4.96,2.0,4.96,0.15,0.0,0.0,1027.0,8228.0,0.0,0.0,0.0,0.0,0.0,1.0,0.0,0.0,0.0,0.0,0.0,0.7000000000000001,0.0,-0.1,0.0,0.0001,16.0,25903.0
2026-07-30T19:01:13.311Z,242.794,242.808,0.0,7.4,0.0,0.0,0.0,0.0,0.0,0.0,0.0,0.0,1.0,0.0,0.0,0.0,9.0,4.0,0.0,0.0,0.0,0.0,0.0,0.0,0.0,0.0,1.0,12.0,1.0,12.18,5.01,2.5,1.49,0.0,0.1,0.0,0.4,0.0,0.2,-0.6000000000000001,0.3,-169.70000000000002,0.0,0.0,169.8,0.0,21.4,29.3,29.3,29.8,300.0,300.0,31.6,35.6,29.1,28.3,30.200000000000003,4.96,1.99,4.97,0.15,0.0,0.0,1027.0,8228.0,0.0,0.0,0.0,0.0,0.0,1.0,0.0,0.0,0.0,0.0,0.0,-0.4,0.0,-0.4,0.0,0.0001,16.0,25903.0
2026-07-30T19:01:13.323Z,242.806,242.82,0.0,7.4,0.0,0.0,0.0,0.0,0.0,0.0,0.0,0.0,1.0,0.0,0.0,0.0,9.0,4.0,0.0,0.0,0.0,0.0,0.0,0.0,0.0,0.0,3.0,12.0,1.0,12.18,5.01,2.5,1.49,0.0,0.0,0.0,0.4,0.0,0.2,1.0,0.3,-169.70000000000002,0.0,0.0,169.8,0.0,21.4,29.3,29.3,29.8,300.0,300.0,31.6,35.6,29.1,28.3,30.200000000000003,4.96,1.99,4.97,0.16,0.0,0.0,1027.0,8228.0,0.0,0.0,0.0,0.0,0.0,1.0,0.0,0.0,0.0,0.0,0.0,1.4,0.0,0.0,0.0,0.0001,16.0,25903.0
2026-07-30T19:01:13.335Z,242.818,242.832,0.0,7.4,0.0,0.0,0.0,0.0,0.0,0.0,0.0,0.0,1.0,0.0,0.0,0.0,9.0,4.0,0.0,0.0,0.0,0.0,0.0,0.0,0.0,0.0,3.0,12.0,1.0,12.18,5.01,2.5,1.49,0.0,0.0,0.0,0.5,0.0,-0.3,-0.6000000000000001,-0.1,-169.70000000000002,0.0,0.0,169.8,0.0,21.4,29.3,29.3,29.8,300.0,300.0,31.6,35.6,29.1,28.3,30.200000000000003,4.96,2.0,4.97,0.16,0.0,0.0,1027.0,8228.0,0.0,0.0,0.0,0.0,0.0,1.0,0.0,0.0,0.0,0.0,0.0,-0.8,0.0,0.0,0.0,0.0,16.0,25903.0
2026-07-30T19:01:13.347Z,242.83,242.844,0.0,7.4,0.0,0.0,0.0,0.0,0.0,0.0,0.0,0.0,1.0,0.0,0.0,0.0,9.0,4.0,0.0,0.0,0.0,0.0,0.0,0.0,0.0,0.0,5.0,12.0,1.0,12.18,5.01,2.5,1.49,0.0,0.0,0.0,0.4,0.0,0.2,-0.6000000000000001,0.4,-169.70000000000002,0.0,0.0,169.60000000000002,0.0,21.4,29.3,29.3,29.8,300.0,300.0,31.6,35.6,29.1,28.3,30.200000000000003,4.95,2.0,4.97,0.16,0.0,0.0,1027.0,8228.0,0.0,0.0,0.0,0.0,0.0,1.0,0.0,0.0,0.0,0.0,0.0,-0.3,0.0,-0.4,0.0,0.0001,16.0,25903.0
2026-07-30T19:01:13.359Z,242.842,242.856,0.0,7.4,0.0,0.0,0.0,0.0,0.0,0.0,0.0,0.0,1.0,0.0,0.0,0.0,9.0,4.0,0.0,0.0,0.0,0.0,0.0,0.0,0.0,0.0,6.0,12.0,1.0,12.17,5.01,2.51,1.49,0.0,0.0,0.0,0.4,0.0,0.8,-0.5,-0.7000000000000001,-169.70000000000002,0.0,0.0,169.70000000000002,0.0,21.3,29.3,29.3,29.8,300.0,300.0,31.5,35.5,29.1,28.3,30.3,4.95,1.99,4.97,0.16,0.0,0.0,1027.0,8228.0,0.0,0.0,0.0,0.0,0.0,1.0,0.0,0.0,0.0,0.0,0.0,-1.2000000000000002,0.0,0.5,0.0,0.0002,16.0,25903.0
2026-07-30T19:01:13.370Z,242.853,242.868,0.0,7.4,0.0,0.0,0.0,0.0,0.0,0.0,0.0,0.0,1.0,0.0,0.0,0.0,9.0,4.0,0.0,0.0,0.0,0.0,0.0,0.0,0.0,0.0,1.0,12.0,1.0,12.17,5.01,2.51,1.49,0.0,0.0,0.0,0.4,0.0,0.3,1.1,1.0,-169.70000000000002,0.0,0.0,169.70000000000002,0.0,21.3,29.3,29.3,29.8,300.0,300.0,31.5,35.5,29.1,28.3,30.3,4.95,2.0,4.96,0.16,0.0,0.0,1027.0,8228.0,0.0,0.0,0.0,0.0,0.0,1.0,0.0,0.0,0.0,0.0,0.0,2.0,0.0,-0.6000000000000001,0.0,0.0,16.0,25903.0
2026-07-30T19:01:13.383Z,242.866,242.88,0.0,7.4,0.0,0.0,0.0,0.0,0.0,0.0,0.0,0.0,1.0,0.0,0.0,0.0,9.0,4.0,0.0,0.0,0.0,0.0,0.0,0.0,0.0,0.0,2.0,12.0,1.0,12.17,5.01,2.51,1.49,0.0,0.0,0.0,0.4,0.0,-0.2,0.5,-0.7000000000000001,-169.70000000000002,0.0,0.0,169.8,0.0,21.3,29.3,29.3,29.8,300.0,300.0,31.5,35.5,29.1,28.3,30.3,4.96,2.0,4.96,0.16,0.0,0.0,1027.0,8228.0,0.0,0.0,0.0,0.0,0.0,1.0,0.0,0.0,0.0,0.0,0.0,0.1,0.0,0.7000000000000001,0.0,0.0,16.0,25903.0
2026-07-30T19:01:13.395Z,242.878,242.892,0.0,7.4,0.0,0.0,0.0,0.0,0.0,0.0,0.0,0.0,1.0,0.0,0.0,0.0,9.0,4.0,0.0,0.0,0.0,0.0,0.0,0.0,0.0,0.0,3.0,12.0,1.0,12.17,5.01,2.51,1.49,0.0,0.0,0.0,0.4,0.0,0.3,0.6000000000000001,0.9,-169.70000000000002,0.0,0.0,169.8,0.0,21.3,29.3,29.3,29.8,300.0,300.0,31.5,35.5,29.1,28.3,30.3,4.95,2.0,4.97,0.16,0.0,0.0,1027.0,8228.0,0.0,0.0,0.0,0.0,0.0,1.0,0.0,0.0,0.0,0.0,0.0,1.4,0.0,-0.7000000000000001,0.0,0.0001,16.0,25903.0
2026-07-30T19:01:13.407Z,242.89,242.904,0.0,7.4,0.0,0.0,0.0,0.0,0.0,0.0,0.0,0.0,1.0,0.0,0.0,0.0,9.0,4.0,0.0,0.0,0.0,0.0,0.0,0.0,0.0,0.0,5.0,12.0,1.0,12.17,5.01,2.51,1.49,0.0,0.1,0.0,0.4,0.0,-0.8,-0.5,-1.4,-169.70000000000002,0.0,0.0,169.8,0.0,21.3,29.3,29.3,29.8,300.0,300.0,31.5,35.5,29.1,28.3,30.3,4.96,1.98,4.96,0.16,0.0,0.0,1027.0,8228.0,0.0,0.0,0.0,0.0,0.0,1.0,0.0,0.0,0.0,0.0,0.0,-1.6,0.0,1.1,0.0,0.0001,16.0,25903.0
2026-07-30T19:01:13.419Z,242.902,242.916,0.0,7.4,0.0,0.0,0.0,0.0,0.0,0.0,0.0,0.0,1.0,0.0,0.0,0.0,9.0,4.0,0.0,0.0,0.0,0.0,0.0,0.0,0.0,0.0,6.0,12.0,1.0,12.17,5.01,2.51,1.49,0.0,0.1,0.0,0.4,0.0,-0.2,-0.5,-0.2,-169.70000000000002,0.0,0.0,169.8,0.0,21.3,29.3,29.3,29.8,300.0,300.0,31.5,35.5,29.1,28.3,30.3,4.96,1.99,4.97,0.16,0.0,0.0,1027.0,8228.0,0.0,0.0,0.0,0.0,0.0,1.0,0.0,0.0,0.0,0.0,0.0,-0.7000000000000001,0.0,0.1,0.0,0.0001,16.0,25903.0
2026-07-30T19:01:13.431Z,242.914,242.928,0.0,7.4,0.0,0.0,0.0,0.0,0.0,0.0,0.0,0.0,1.0,0.0,0.0,0.0,9.0,4.0,0.0,0.0,0.0,0.0,0.0,0.0,0.0,0.0,1.0,12.0,1.0,12.17,5.01,2.51,1.49,0.0,0.0,0.0,0.4,0.0,-0.2,0.0,-0.2,-169.70000000000002,0.0,0.0,169.70000000000002,0.0,21.3,29.3,29.3,29.8,300.0,300.0,31.5,35.5,29.1,28.3,30.3,4.95,1.99,4.97,0.16,0.0,0.0,1027.0,8228.0,0.0,0.0,0.0,0.0,0.0,1.0,0.0,0.0,0.0,0.0,0.0,-0.1,0.0,0.2,0.0,0.0001,16.0,25903.0
2026-07-30T19:01:13.443Z,242.926,242.94,0.0,7.4,0.0,0.0,0.0,0.0,0.0,0.0,0.0,0.0,1.0,0.0,0.0,0.0,9.0,4.0,0.0,0.0,0.0,0.0,0.0,0.0,0.0,0.0,2.0,12.0,1.0,12.17,5.01,2.51,1.49,-0.1,0.1,0.0,0.4,0.0,0.9,0.0,-0.2,-169.70000000000002,0.0,0.0,169.70000000000002,0.0,21.3,29.3,29.3,29.8,300.0,300.0,31.5,35.5,29.1,28.3,30.3,4.95,1.99,4.97,0.16,0.0,0.0,1027.0,8228.0,0.0,0.0,0.0,0.0,0.0,1.0,0.0,0.0,0.0,0.0,0.0,-0.1,0.0,0.2,0.0,0.0002,16.0,25903.0
2026-07-30T19:01:13.456Z,242.939,242.952,0.0,7.4,0.0,0.0,0.0,0.0,0.0,0.0,0.0,0.0,1.0,0.0,0.0,0.0,9.0,4.0,0.0,0.0,0.0,0.0,0.0,0.0,0.0,0.0,4.0,12.0,1.0,12.15,5.01,2.51,1.49,0.0,0.1,0.0,0.4,0.0,0.9,1.8,0.8,-169.70000000000002,0.0,0.0,169.70000000000002,0.0,21.200000000000003,29.3,29.3,29.8,300.0,300.0,31.5,35.6,29.1,28.3,30.200000000000003,4.96,1.99,4.96,0.16,0.0,0.0,1027.0,8228.0,0.0,0.0,0.0,0.0,0.0,1.0,0.0,0.0,0.0,0.0,0.0,2.7,0.0,-0.3,0.0,0.0,16.0,25903.0
2026-07-30T19:01:13.467Z,242.95,242.964,0.0,7.4,0.0,0.0,0.0,0.0,0.0,0.0,0.0,0.0,1.0,0.0,0.0,0.0,9.0,4.0,0.0,0.0,0.0,0.0,0.0,0.0,0.0,0.0,5.0,12.0,1.0,12.15,5.01,2.51,1.49,0.0,0.0,0.0,0.4,0.0,0.9,0.6000000000000001,-0.2,-169.70000000000002,0.0,0.0,169.60000000000002,0.0,21.200000000000003,29.3,29.3,29.8,300.0,300.0,31.5,35.6,29.1,28.3,30.200000000000003,4.96,1.99,4.96,0.16,0.0,0.0,1027.0,8228.0,0.0,0.0,0.0,0.0,0.0,1.0,0.0,0.0,0.0,0.0,0.0,0.5,0.0,0.3,0.0,0.0001,16.0,25903.0
2026-07-30T19:01:13.479Z,242.962,242.976,0.0,7.4,0.0,0.0,0.0,0.0,0.0,0.0,0.0,0.0,1.0,0.0,0.0,0.0,9.0,4.0,0.0,0.0,0.0,0.0,0.0,0.0,0.0,0.0,1.0,12.0,1.0,12.15,5.01,2.51,1.49,0.0,0.0,0.0,0.4,0.0,0.3,-0.5,0.9,-169.70000000000002,0.0,0.0,169.8,0.0,21.200000000000003,29.3,29.3,29.8,300.0,300.0,31.5,35.6,29.1,28.3,30.200000000000003,4.95,1.99,4.96,0.16,0.0,0.0,1027.0,8228.0,0.0,0.0,0.0,0.0,0.0,1.0,0.0,0.0,0.0,0.0,0.0,0.1,0.0,-0.9,0.0,0.0002,16.0,25903.0
2026-07-30T19:01:13.491Z,242.974,242.988,0.0,7.4,0.0,0.0,0.0,0.0,0.0,0.0,0.0,0.0,1.0,0.0,0.0,0.0,9.0,4.0,0.0,0.0,0.0,0.0,0.0,0.0,0.0,0.0,2.0,12.0,1.0,12.15,5.01,2.51,1.49,0.0,0.0,0.0,0.4,0.0,0.4,-0.5,-0.2,-169.70000000000002,0.0,0.0,169.70000000000002,0.0,21.200000000000003,29.3,29.3,29.8,300.0,300.0,31.5,35.6,29.1,28.3,30.200000000000003,4.96,1.99,4.97,0.16,0.0,0.0,1027.0,8228.0,0.0,0.0,0.0,0.0,0.0,1.0,0.0,0.0,0.0,0.0,0.0,-0.7000000000000001,0.0,0.1,0.0,0.0002,16.0,25903.0
2026-07-30T19:01:13.502Z,242.985,243.0,0.0,7.4,0.0,0.0,0.0,0.0,0.0,0.0,0.0,0.0,1.0,0.0,0.0,0.0,9.0,4.0,0.0,0.0,0.0,0.0,0.0,0.0,0.0,0.0,3.0,12.0,1.0,12.15,5.01,2.51,1.49,0.0,0.0,0.0,0.4,0.0,-0.1,-0.5,0.9,-169.70000000000002,0.0,0.0,169.70000000000002,0.0,21.200000000000003,29.3,29.3,29.8,300.0,300.0,31.5,35.6,29.1,28.3,30.200000000000003,4.95,1.99,4.96,0.16,0.0,0.0,1027.0,8228.0,0.0,0.0,0.0,0.0,0.0,1.0,0.0,0.0,0.0,0.0,0.0,0.1,0.0,-0.9,0.0,0.0,16.0,25903.0
2026-07-30T19:01:13.515Z,242.998,243.012,0.0,7.4,0.0,0.0,0.0,0.0,0.0,0.0,0.0,0.0,1.0,0.0,0.0,0.0,9.0,4.0,0.0,0.0,0.0,0.0,0.0,0.0,0.0,0.0,4.0,12.0,1.0,12.15,5.01,2.51,1.49,0.0,0.0,0.0,0.4,0.0,-0.7000000000000001,-0.5,-2.5,-169.70000000000002,0.0,0.0,169.8,0.0,21.200000000000003,29.3,29.3,29.8,300.0,300.0,31.5,35.6,29.1,28.3,30.200000000000003,4.95,2.0,4.97,0.16,0.0,0.0,1027.0,8228.0,0.0,0.0,0.0,0.0,0.0,1.0,0.0,0.0,0.0,0.0,0.0,-2.5,0.0,2.1,0.0,0.0,16.0,25903.0
2026-07-30T19:01:13.527Z,243.01,243.024,0.0,7.4,0.0,0.0,0.0,0.0,0.0,0.0,0.0,0.0,1.0,0.0,0.0,0.0,9.0,4.0,0.0,0.0,0.0,0.0,0.0,0.0,0.0,0.0,6.0,12.0,1.0,12.15,5.01,2.51,1.49,0.0,0.1,0.0,0.4,0.0,0.4,0.0,0.3,-169.70000000000002,0.0,0.0,169.8,0.0,21.200000000000003,29.3,29.3,29.8,300.0,300.0,31.5,35.6,29.1,28.3,30.200000000000003,4.95,1.99,4.97,0.16,0.0,0.0,1027.0,8228.0,0.0,0.0,0.0,0.0,0.0,1.0,0.0,0.0,0.0,0.0,0.0,0.2,0.0,-0.2,0.0,0.0001,16.0,25903.0
2026-07-30T19:01:13.547Z,243.03,243.036,0.0,7.4,0.0,0.0,0.0,0.0,0.0,0.0,0.0,0.0,1.0,0.0,0.0,0.0,9.0,4.0,0.0,0.0,0.0,0.0,0.0,0.0,0.0,0.0,6.0,12.0,1.0,12.15,5.01,2.51,1.49,0.0,0.0,0.0,0.4,0.0,-0.7000000000000001,0.6000000000000001,0.3,-169.70000000000002,0.0,0.0,169.70000000000002,0.0,21.200000000000003,29.3,29.3,29.8,300.0,300.0,31.5,35.6,29.1,28.3,30.200000000000003,4.96,1.99,4.96,0.16,0.0,0.0,1027.0,8228.0,0.0,0.0,0.0,0.0,0.0,1.0,0.0,0.0,0.0,0.0,0.0,0.9,0.0,-0.1,0.0,0.0,16.0,25903.0
2026-07-30T19:01:13.551Z,243.034,243.048,0.0,7.4,0.0,0.0,0.0,0.0,0.0,0.0,0.0,0.0,1.0,0.0,0.0,0.0,9.0,4.0,0.0,0.0,0.0,0.0,0.0,0.0,0.0,0.0,3.0,12.0,1.0,12.15,5.01,2.51,1.49,0.0,0.0,0.0,0.4,0.0,-0.1,0.6000000000000001,1.5,-169.70000000000002,0.0,0.0,169.70000000000002,0.0,21.200000000000003,29.3,29.3,29.8,300.0,300.0,31.5,35.6,29.1,28.3,30.200000000000003,4.95,1.99,4.97,0.16,0.0,0.0,1027.0,8228.0,0.0,0.0,0.0,0.0,0.0,1.0,0.0,0.0,0.0,0.0,0.0,1.8,0.0,-1.2000000000000002,0.0,0.0001,16.0,25903.0
2026-07-30T19:01:13.563Z,243.046,243.06,0.0,7.4,0.0,0.0,0.0,0.0,0.0,0.0,0.0,0.0,1.0,0.0,0.0,0.0,9.0,4.0,0.0,0.0,0.0,0.0,0.0,0.0,0.0,0.0,3.0,12.0,1.0,12.17,5.01,2.5,1.5,0.0,0.0,0.0,0.4,0.0,-0.1,0.0,0.9,-169.70000000000002,0.0,0.0,169.70000000000002,0.0,21.4,29.3,29.3,29.8,300.0,300.0,31.5,35.6,29.1,28.3,30.200000000000003,4.95,1.99,4.96,0.17,0.0,0.0,1027.0,8228.0,0.0,0.0,0.0,0.0,0.0,1.0,0.0,0.0,0.0,0.0,0.0,0.7000000000000001,0.0,-0.8,0.0,0.0002,16.0,25903.0
2026-07-30T19:01:13.574Z,243.057,243.072,0.0,7.4,0.0,0.0,0.0,0.0,0.0,0.0,0.0,0.0,1.0,0.0,0.0,0.0,9.0,4.0,0.0,0.0,0.0,0.0,0.0,0.0,0.0,0.0,4.0,12.0,1.0,12.17,5.01,2.5,1.5,0.0,0.0,0.0,0.4,0.0,-0.7000000000000001,0.5,0.9,-169.70000000000002,0.0,0.0,169.70000000000002,0.0,21.4,29.3,29.3,29.8,300.0,300.0,31.5,35.6,29.1,28.3,30.200000000000003,4.96,2.0,4.96,0.16,0.0,0.0,1027.0,8228.0,0.0,0.0,0.0,0.0,0.0,1.0,0.0,0.0,0.0,0.0,0.0,1.3,0.0,-0.7000000000000001,0.0,0.0,16.0,25903.0
2026-07-30T19:01:13.587Z,243.07,243.084,0.0,7.4,0.0,0.0,0.0,0.0,0.0,0.0,0.0,0.0,1.0,0.0,0.0,0.0,9.0,4.0,0.0,0.0,0.0,0.0,0.0,0.0,0.0,0.0,6.0,12.0,1.0,12.17,5.01,2.5,1.5,0.0,0.1,0.0,0.4,0.0,0.3,0.0,0.9,-169.70000000000002,0.0,0.0,169.70000000000002,0.0,21.4,29.3,29.3,29.8,300.0,300.0,31.5,35.6,29.1,28.3,30.200000000000003,4.95,2.0,4.96,0.16,0.0,0.0,1027.0,8228.0,0.0,0.0,0.0,0.0,0.0,1.0,0.0,0.0,0.0,0.0,0.0,0.7000000000000001,0.0,-0.7000000000000001,0.0,0.0001,16.0,25903.0
2026-07-30T19:01:13.599Z,243.082,243.096,0.0,7.4,0.0,0.0,0.0,0.0,0.0,0.0,0.0,0.0,1.0,0.0,0.0,0.0,9.0,4.0,0.0,0.0,0.0,0.0,0.0,0.0,0.0,0.0,1.0,12.0,1.0,12.17,5.01,2.5,1.5,0.0,0.0,0.0,0.4,0.0,1.5,0.0,2.1,-169.70000000000002,0.0,0.0,169.70000000000002,0.0,21.4,29.3,29.3,29.8,300.0,300.0,31.5,35.6,29.1,28.3,30.200000000000003,4.95,1.99,4.97,0.16,0.0,0.0,1027.0,8228.0,0.0,0.0,0.0,0.0,0.0,1.0,0.0,0.0,0.0,0.0,0.0,1.6,0.0,-1.8,0.0,0.0,16.0,25903.0
2026-07-30T19:01:13.611Z,243.094,243.108,0.0,7.4,0.0,0.0,0.0,0.0,0.0,0.0,0.0,0.0,1.0,0.0,0.0,0.0,9.0,4.0,0.0,0.0,0.0,0.0,0.0,0.0,0.0,0.0,2.0,12.0,1.0,12.17,5.01,2.5,1.5,0.0,0.0,0.0,0.4,0.0,-0.2,0.5,0.3,-169.70000000000002,0.0,0.0,169.8,0.0,21.4,29.3,29.3,29.8,300.0,300.0,31.5,35.6,29.1,28.3,30.200000000000003,4.95,1.99,4.96,0.16,0.0,0.0,1027.0,8228.0,0.0,0.0,0.0,0.0,0.0,1.0,0.0,0.0,0.0,0.0,0.0,0.9,0.0,-0.1,0.0,0.0,16.0,25903.0
2026-07-30T19:01:13.623Z,243.106,243.12,0.0,7.4,0.0,0.0,0.0,0.0,0.0,0.0,0.0,0.0,1.0,0.0,0.0,0.0,9.0,4.0,0.0,0.0,0.0,0.0,0.0,0.0,0.0,0.0,3.0,12.0,1.0,12.17,5.01,2.5,1.5,0.0,0.1,0.0,0.4,0.0,-0.2,0.6000000000000001,-0.7000000000000001,-169.70000000000002,0.0,0.0,169.70000000000002,0.0,21.4,29.3,29.3,29.8,300.0,300.0,31.5,35.6,29.1,28.3,30.200000000000003,4.96,1.99,4.96,0.16,0.0,0.0,1027.0,8228.0,0.0,0.0,0.0,0.0,0.0,1.0,0.0,0.0,0.0,0.0,0.0,0.1,0.0,0.8,0.0,0.0,16.0,25903.0
2026-07-30T19:01:13.635Z,243.118,243.132,0.0,7.4,0.0,0.0,0.0,0.0,0.0,0.0,0.0,0.0,1.0,0.0,0.0,0.0,9.0,4.0,0.0,0.0,0.0,0.0,0.0,0.0,0.0,0.0,3.0,12.0,1.0,12.17,5.01,2.5,1.5,0.0,0.0,0.0,0.4,0.0,0.3,0.0,1.5,-169.70000000000002,0.0,0.0,169.8,0.0,21.4,29.3,29.3,29.8,300.0,300.0,31.5,35.6,29.1,28.3,30.200000000000003,4.95,1.99,4.97,0.16,0.0,0.0,1027.0,8228.0,0.0,0.0,0.0,0.0,0.0,1.0,0.0,0.0,0.0,0.0,0.0,1.2000000000000002,0.0,-1.3,0.0,0.0001,16.0,25903.0
2026-07-30T19:01:13.647Z,243.13,243.144,0.0,7.4,0.0,0.0,0.0,0.0,0.0,0.0,0.0,0.0,1.0,0.0,0.0,0.0,9.0,4.0,0.0,0.0,0.0,0.0,0.0,0.0,0.0,0.0,4.0,12.0,1.0,12.17,5.01,2.5,1.5,0.0,0.0,0.0,0.4,0.0,-0.2,-0.5,-0.1,-169.70000000000002,0.0,0.0,169.8,0.0,21.4,29.3,29.3,29.8,300.0,300.0,31.5,35.6,29.1,28.3,30.200000000000003,4.96,1.99,4.96,0.16,0.0,0.0,1027.0,8228.0,0.0,0.0,0.0,0.0,0.0,1.0,0.0,0.0,0.0,0.0,0.0,-0.7000000000000001,0.0,0.0,0.0,0.0001,16.0,25903.0
2026-07-30T19:01:13.660Z,243.143,243.156,0.0,7.4,0.0,0.0,0.0,0.0,0.0,0.0,0.0,0.0,1.0,0.0,0.0,0.0,9.0,4.0,0.0,0.0,0.0,0.0,0.0,0.0,0.0,0.0,5.0,12.0,1.0,12.15,5.0200000000000005,2.5,1.49,0.0,0.0,0.0,0.4,0.0,0.3,1.1,-0.1,-169.70000000000002,0.0,0.0,169.8,0.0,21.700000000000003,29.3,29.3,29.8,300.0,300.0,31.5,35.5,29.1,28.4,30.200000000000003,4.96,1.99,4.97,0.16,0.0,0.0,1027.0,8228.0,0.0,0.0,0.0,0.0,0.0,1.0,0.0,0.0,0.0,0.0,0.0,1.2000000000000002,0.0,0.4,0.0,0.0001,16.0,25903.0
2026-07-30T19:01:13.671Z,243.154,243.168,0.0,7.4,0.0,0.0,0.0,0.0,0.0,0.0,0.0,0.0,1.0,0.0,0.0,0.0,9.0,4.0,0.0,0.0,0.0,0.0,0.0,0.0,0.0,0.0,6.0,12.0,1.0,12.15,5.0200000000000005,2.5,1.49,0.0,0.0,0.0,0.4,0.0,-1.3,-1.1,-1.3,-169.70000000000002,0.0,0.0,169.8,0.0,21.700000000000003,29.3,29.3,29.8,300.0,300.0,31.5,35.5,29.1,28.4,30.200000000000003,4.96,1.99,4.97,0.16,0.0,0.0,1027.0,8228.0,0.0,0.0,0.0,0.0,0.0,1.0,0.0,0.0,0.0,0.0,0.0,-2.2,0.0,0.9,0.0,0.0,16.0,25903.0
2026-07-30T19:01:13.683Z,243.166,243.18,0.0,7.4,0.0,0.0,0.0,0.0,0.0,0.0,0.0,0.0,1.0,0.0,0.0,0.0,9.0,4.0,0.0,0.0,0.0,0.0,0.0,0.0,0.0,0.0,1.0,12.0,1.0,12.15,5.0200000000000005,2.5,1.49,0.0,0.0,0.0,0.4,0.0,-0.2,0.6000000000000001,-0.1,-169.70000000000002,0.0,0.0,169.8,0.0,21.700000000000003,29.3,29.3,29.8,300.0,300.0,31.5,35.5,29.1,28.4,30.200000000000003,4.95,1.99,4.96,0.16,0.0,0.0,1027.0,8228.0,0.0,0.0,0.0,0.0,0.0,1.0,0.0,0.0,0.0,0.0,0.0,0.6000000000000001,0.0,0.2,0.0,0.0,16.0,25903.0
2026-07-30T19:01:13.695Z,243.178,243.192,0.0,7.4,0.0,0.0,0.0,0.0,0.0,0.0,0.0,0.0,1.0,0.0,0.0,0.0,9.0,4.0,0.0,0.0,0.0,0.0,0.0,0.0,0.0,0.0,2.0,12.0,1.0,12.15,5.0200000000000005,2.5,1.49,0.0,0.0,0.0,0.4,0.0,-0.2,-0.4,-1.2000000000000002,-169.70000000000002,0.0,0.0,169.8,0.0,21.700000000000003,29.3,29.3,29.8,300.0,300.0,31.5,35.5,29.1,28.4,30.200000000000003,4.96,2.0,4.96,0.16,0.0,0.0,1027.0,8228.0,0.0,0.0,0.0,0.0,0.0,1.0,0.0,0.0,0.0,0.0,0.0,-1.3,0.0,-0.1,0.0,0.0,16.0,25903.0
2026-07-30T19:01:13.706Z,243.189,243.204,0.0,7.4,0.0,0.0,0.0,0.0,0.0,0.0,0.0,0.0,1.0,0.0,0.0,0.0,9.0,4.0,0.0,0.0,0.0,0.0,0.0,0.0,0.0,0.0,3.0,12.0,1.0,12.15,5.0200000000000005,2.5,1.49,0.0,0.0,0.0,0.4,0.0,0.3,1.2000000000000002,-0.7000000000000001,-169.70000000000002,0.0,0.0,169.8,0.0,21.700000000000003,29.3,29.3,29.8,300.0,300.0,31.5,35.5,29.1,28.4,30.200000000000003,4.96,1.99,4.97,0.16,0.0,0.0,1027.0,8228.0,0.0,0.0,0.0,0.0,0.0,1.0,0.0,0.0,0.0,0.0,0.0,-2.0,0.0,1.6,0.0,0.0,16.0,25903.0
2026-07-30T19:01:13.719Z,243.202,243.216,0.0,7.4,0.0,0.0,0.0,0.0,0.0,0.0,0.0,0.0,1.0,0.0,0.0,0.0,9.0,4.0,0.0,0.0,0.0,0.0,0.0,0.0,0.0,0.0,4.0,12.0,1.0,12.15,5.0200000000000005,2.5,1.49,0.0,0.0,0.0,0.4,0.0,0.9,1.2000000000000002,0.4,-169.70000000000002,0.0,0.0,169.8,0.0,21.700000000000003,29.3,29.3,29.8,300.0,300.0,31.5,35.5,29.1,28.4,30.200000000000003,4.96,2.0,4.97,0.16,0.0,0.0,1027.0,8228.0,0.0,0.0,0.0,0.0,0.0,1.0,0.0,0.0,0.0,0.0,0.0,-0.4,0.0,0.6000000000000001,0.0,0.0001,16.0,25903.0
2026-07-30T19:01:13.731Z,243.214,243.228,0.0,7.4,0.0,0.0,0.0,0.0,0.0,0.0,0.0,0.0,1.0,0.0,0.0,0.0,9.0,4.0,0.0,0.0,0.0,0.0,0.0,0.0,0.0,0.0,5.0,12.0,1.0,12.15,5.0200000000000005,2.5,1.49,0.0,0.0,0.0,0.4,0.0,-0.2,-0.5,-0.2,-169.70000000000002,0.0,0.0,169.70000000000002,0.0,21.700000000000003,29.3,29.3,29.8,300.0,300.0,31.5,35.5,29.1,28.4,30.200000000000003,4.96,2.0,4.96,0.16,0.0,0.0,1027.0,8228.0,0.0,0.0,0.0,0.0,0.0,1.0,0.0,0.0,0.0,0.0,0.0,-0.8,0.0,0.1,0.0,0.0,16.0,25903.0
2026-07-30T19:01:13.742Z,243.225,243.24,0.0,7.4,0.0,0.0,0.0,0.0,0.0,0.0,0.0,0.0,1.0,0.0,0.0,0.0,9.0,4.0,0.0,0.0,0.0,0.0,0.0,0.0,0.0,0.0,6.0,12.0,1.0,12.15,5.0200000000000005,2.5,1.49,0.0,0.0,0.0,0.5,0.0,0.2,1.2000000000000002,2.1,-169.70000000000002,0.0,0.0,169.70000000000002,0.0,21.700000000000003,29.3,29.3,29.8,300.0,300.0,31.5,35.5,29.1,28.4,30.200000000000003,4.96,2.0,4.96,0.16,0.0,0.0,1027.0,8228.0,0.0,0.0,0.0,0.0,0.0,1.0,0.0,0.0,0.0,0.0,0.0,2.9000000000000004,0.0,-1.6,0.0,0.0,16.0,25903.0
2026-07-30T19:01:13.755Z,243.238,243.252,0.0,7.4,0.0,0.0,0.0,0.0,0.0,0.0,0.0,0.0,1.0,0.0,0.0,0.0,9.0,4.0,0.0,0.0,0.0,0.0,0.0,0.0,0.0,0.0,1.0,12.0,1.0,12.15,5.0200000000000005,2.5,1.49,0.0,0.0,0.0,0.5,0.0,-0.3,-0.5,0.3,-169.70000000000002,0.0,0.0,169.70000000000002,0.0,21.700000000000003,29.3,29.3,29.8,300.0,300.0,31.5,35.5,29.1,28.4,30.200000000000003,4.96,1.99,4.96,0.16,0.0,0.0,1027.0,8228.0,0.0,0.0,0.0,0.0,0.0,1.0,0.0,0.0,0.0,0.0,0.0,-0.3,0.0,-0.4,0.0,0.0001,16.0,25903.0
2026-07-30T19:01:13.767Z,243.25,243.264,0.0,7.4,0.0,0.0,0.0,0.0,0.0,0.0,0.0,0.0,1.0,0.0,0.0,0.0,9.0,4.0,0.0,0.0,0.0,0.0,0.0,0.0,0.0,0.0,2.0,12.0,1.0,12.17,5.01,2.51,1.5,0.0,0.0,0.0,0.4,0.0,0.2,0.0,-0.2,-169.70000000000002,0.0,0.0,169.70000000000002,0.0,21.200000000000003,29.3,29.3,29.8,300.0,300.0,31.4,35.5,29.1,28.4,30.200000000000003,4.96,1.99,4.96,0.16,0.0,0.0,1027.0,8228.0,0.0,0.0,0.0,0.0,0.0,1.0,0.0,0.0,0.0,0.0,0.0,-0.1,0.0,0.2,0.0,0.0,16.0,25903.0
2026-07-30T19:01:13.779Z,243.262,243.276,0.0,7.4,0.0,0.0,0.0,0.0,0.0,0.0,0.0,0.0,1.0,0.0,0.0,0.0,9.0,4.0,0.0,0.0,0.0,0.0,0.0,0.0,0.0,0.0,3.0,12.0,1.0,12.17,5.01,2.51,1.5,0.0,0.0,0.0,0.5,0.0,0.2,0.0,-1.3,-169.70000000000002,0.0,0.0,169.8,0.0,21.200000000000003,29.3,29.3,29.8,300.0,300.0,31.4,35.5,29.1,28.4,30.200000000000003,4.96,1.99,4.96,0.16,0.0,0.0,1027.0,8228.0,0.0,0.0,0.0,0.0,0.0,1.0,0.0,0.0,0.0,0.0,0.0,-1.0,0.0,1.2000000000000002,0.0,0.0,16.0,25903.0
2026-07-30T19:01:13.791Z,243.274,243.288,0.0,7.4,0.0,0.0,0.0,0.0,0.0,0.0,0.0,0.0,1.0,0.0,0.0,0.0,9.0,4.0,0.0,0.0,0.0,0.0,0.0,0.0,0.0,0.0,4.0,12.0,1.0,12.17,5.01,2.51,1.5,0.0,0.0,0.0,0.5,0.0,-0.3,-0.5,0.3,-169.70000000000002,0.0,0.0,169.70000000000002,0.0,21.200000000000003,29.3,29.3,29.8,300.0,300.0,31.4,35.5,29.1,28.4,30.200000000000003,4.95,1.99,4.97,0.16,0.0,0.0,1027.0,8228.0,0.0,0.0,0.0,0.0,0.0,1.0,0.0,0.0,0.0,0.0,0.0,-0.3,0.0,-0.4,0.0,0.0,16.0,25903.0
2026-07-30T19:01:13.802Z,243.285,243.3,0.0,7.4,0.0,0.0,0.0,0.0,0.0,0.0,0.0,0.0,1.0,0.0,0.0,0.0,9.0,4.0,0.0,0.0,0.0,0.0,0.0,0.0,0.0,0.0,5.0,12.0,1.0,12.17,5.01,2.51,1.5,0.0,0.0,0.0,0.5,0.0,0.2,1.2000000000000002,1.5,-169.70000000000002,0.0,0.0,169.70000000000002,0.0,21.200000000000003,29.3,29.3,29.8,300.0,300.0,31.4,35.5,29.1,28.4,30.200000000000003,4.95,1.99,4.97,0.16,0.0,0.0,1027.0,8228.0,0.0,0.0,0.0,0.0,0.0,1.0,0.0,0.0,0.0,0.0,0.0,2.5,0.0,-1.1,0.0,0.0001,16.0,25903.0
2026-07-30T19:01:13.815Z,243.298,243.312,0.0,7.4,0.0,0.0,0.0,0.0,0.0,0.0,0.0,0.0,1.0,0.0,0.0,0.0,9.0,4.0,0.0,0.0,0.0,0.0,0.0,0.0,0.0,0.0,1.0,12.0,1.0,12.17,5.01,2.51,1.5,0.0,0.0,0.0,0.5,0.0,0.8,1.2000000000000002,-0.1,-169.70000000000002,0.0,0.0,169.70000000000002,0.0,21.200000000000003,29.3,29.3,29.8,300.0,300.0,31.4,35.5,29.1,28.4,30.200000000000003,4.96,2.0,4.97,0.16,0.0,0.0,1027.0,8228.0,0.0,0.0,0.0,0.0,0.0,1.0,0.0,0.0,0.0,0.0,0.0,1.3,0.0,0.3,0.0,0.0001,16.0,25903.0
2026-07-30T19:01:13.827Z,243.31,243.324,0.0,7.4,0.0,0.0,0.0,0.0,0.0,0.0,0.0,0.0,1.0,0.0,0.0,0.0,9.0,4.0,0.0,0.0,0.0,0.0,0.0,0.0,0.0,0.0,1.0,12.0,1.0,12.17,5.01,2.51,1.5,0.0,0.0,0.0,0.4,0.0,-0.2,0.7000000000000001,0.4,-169.70000000000002,0.0,0.0,169.8,0.0,21.200000000000003,29.3,29.3,29.8,300.0,300.0,31.4,35.5,29.1,28.4,30.200000000000003,4.95,2.0,4.97,0.16,0.0,0.0,1027.0,8228.0,0.0,0.0,0.0,0.0,0.0,1.0,0.0,0.0,0.0,0.0,0.0,1.1,0.0,-0.2,0.0,0.0,16.0,25903.0
2026-07-30T19:01:13.839Z,243.322,243.336,0.0,7.4,0.0,0.0,0.0,0.0,0.0,0.0,0.0,0.0,1.0,0.0,0.0,0.0,9.0,4.0,0.0,0.0,0.0,0.0,0.0,0.0,0.0,0.0,3.0,12.0,1.0,12.17,5.01,2.51,1.5,0.0,0.1,0.0,0.4,0.0,0.8,0.1,-0.7000000000000001,-169.70000000000002,0.0,0.0,169.8,0.0,21.200000000000003,29.3,29.3,29.8,300.0,300.0,31.4,35.5,29.1,28.4,30.200000000000003,4.95,1.99,4.97,0.16,0.0,0.0,1027.0,8228.0,0.0,0.0,0.0,0.0,0.0,1.0,0.0,0.0,0.0,0.0,0.0,-0.4,0.0,0.6000000000000001,0.0,0.0003,16.0,25903.0
2026-07-30T19:01:13.858Z,243.341,243.348,0.0,7.4,0.0,0.0,0.0,0.0,0.0,0.0,0.0,0.0,1.0,0.0,0.0,0.0,9.0,4.0,0.0,0.0,0.0,0.0,0.0,0.0,0.0,0.0,4.0,12.0,1.0,12.17,5.01,2.51,1.5,0.0,0.0,0.0,0.5,0.0,0.2,0.1,-0.7000000000000001,-169.70000000000002,0.0,0.0,169.8,0.0,21.200000000000003,29.3,29.3,29.8,300.0,300.0,31.4,35.5,29.1,28.4,30.200000000000003,4.95,1.99,4.96,0.16,0.0,0.0,1027.0,8228.0,0.0,0.0,0.0,0.0,0.0,1.0,0.0,0.0,0.0,0.0,0.0,-0.3,0.0,0.6000000000000001,0.0,0.0001,16.0,25903.0
2026-07-30T19:01:13.864Z,243.347,243.36,0.0,7.4,0.0,0.0,0.0,0.0,0.0,0.0,0.0,0.0,1.0,0.0,0.0,0.0,9.0,4.0,0.0,0.0,0.0,0.0,0.0,0.0,0.0,0.0,1.0,12.0,1.0,12.17,5.01,2.5,1.49,0.0,0.1,0.0,0.4,0.0,-0.3,0.7000000000000001,2.2,-169.70000000000002,0.0,0.0,169.8,0.0,21.200000000000003,29.3,29.3,29.8,300.0,300.0,31.5,35.6,29.1,28.4,30.3,4.96,1.99,4.96,0.16,0.0,0.0,1027.0,8228.0,0.0,0.0,0.0,0.0,0.0,1.0,0.0,0.0,0.0,0.0,0.0,2.5,0.0,-1.8,0.0,0.0,16.0,25903.0
2026-07-30T19:01:13.875Z,243.358,243.372,0.0,7.4,0.0,0.0,0.0,0.0,0.0,0.0,0.0,0.0,1.0,0.0,0.0,0.0,9.0,4.0,0.0,0.0,0.0,0.0,0.0,0.0,0.0,0.0,1.0,12.0,1.0,12.17,5.01,2.5,1.49,0.0,0.0,0.0,0.4,0.0,0.8,0.2,0.0,-169.70000000000002,0.0,0.0,169.70000000000002,0.0,21.200000000000003,29.3,29.3,29.8,300.0,300.0,31.5,35.6,29.1,28.4,30.3,4.95,1.99,4.97,0.16,0.0,0.0,1027.0,8228.0,0.0,0.0,0.0,0.0,0.0,1.0,0.0,0.0,0.0,0.0,0.0,0.1,0.0,0.0,0.0,0.0001,16.0,25903.0
2026-07-30T19:01:13.887Z,243.37,243.384,0.0,7.4,0.0,0.0,0.0,0.0,0.0,0.0,0.0,0.0,1.0,0.0,0.0,0.0,9.0,4.0,0.0,0.0,0.0,0.0,0.0,0.0,0.0,0.0,2.0,12.0,1.0,12.17,5.01,2.5,1.49,0.0,0.0,0.0,0.5,0.0,0.2,-0.9,0.5,-169.70000000000002,0.0,0.0,169.70000000000002,0.0,21.200000000000003,29.3,29.3,29.8,300.0,300.0,31.5,35.6,29.1,28.4,30.3,4.96,1.99,4.96,0.16,0.0,0.0,1027.0,8228.0,0.0,0.0,0.0,0.0,0.0,1.0,0.0,0.0,0.0,0.0,0.0,-0.6000000000000001,0.0,-0.6000000000000001,0.0,0.0002,16.0,25903.0
2026-07-30T19:01:13.899Z,243.382,243.396,0.0,7.4,0.0,0.0,0.0,0.0,0.0,0.0,0.0,0.0,1.0,0.0,0.0,0.0,9.0,4.0,0.0,0.0,0.0,0.0,0.0,0.0,0.0,0.0,3.0,12.0,1.0,12.17,5.01,2.5,1.49,0.0,0.0,0.0,0.4,0.0,0.2,0.2,-0.6000000000000001,-169.70000000000002,0.0,0.0,169.8,0.0,21.200000000000003,29.3,29.3,29.8,300.0,300.0,31.5,35.6,29.1,28.4,30.3,4.96,2.0,4.96,0.16,0.0,0.0,1027.0,8228.0,0.0,0.0,0.0,0.0,0.0,1.0,0.0,0.0,0.0,0.0,0.0,-0.2,0.0,0.6000000000000001,0.0,0.0,16.0,25903.0
2026-07-30T19:01:13.911Z,243.394,243.408,0.0,7.4,0.0,0.0,0.0,0.0,0.0,0.0,0.0,0.0,1.0,0.0,0.0,0.0,9.0,4.0,0.0,0.0,0.0,0.0,0.0,0.0,0.0,0.0,4.0,12.0,1.0,12.17,5.01,2.5,1.49,0.0,0.0,0.0,0.4,0.0,-0.3,0.2,0.5,-169.70000000000002,0.0,0.0,169.70000000000002,0.0,21.200000000000003,29.3,29.3,29.8,300.0,300.0,31.5,35.6,29.1,28.4,30.3,4.96,1.99,4.96,0.16,0.0,0.0,1027.0,8228.0,0.0,0.0,0.0,0.0,0.0,1.0,0.0,0.0,0.0,0.0,0.0,0.6000000000000001,0.0,-0.4,0.0,0.0001,16.0,25903.0
2026-07-30T19:01:13.922Z,243.405,243.42,0.0,7.4,0.0,0.0,0.0,0.0,0.0,0.0,0.0,0.0,1.0,0.0,0.0,0.0,9.0,4.0,0.0,0.0,0.0,0.0,0.0,0.0,0.0,0.0,5.0,12.0,1.0,12.17,5.01,2.5,1.49,0.0,0.0,0.0,0.4,0.0,-0.3,0.2,0.0,-169.70000000000002,0.0,0.0,169.60000000000002,0.0,21.200000000000003,29.3,29.3,29.8,300.0,300.0,31.5,35.6,29.1,28.4,30.3,4.95,1.99,4.97,0.16,0.0,0.0,1027.0,8228.0,0.0,0.0,0.0,0.0,0.0,1.0,0.0,0.0,0.0,0.0,0.0,0.2,0.0,0.0,0.0,0.0,16.0,25903.0
2026-07-30T19:01:13.935Z,243.418,243.432,0.0,7.4,0.0,0.0,0.0,0.0,0.0,0.0,0.0,0.0,1.0,0.0,0.0,0.0,9.0,4.0,0.0,0.0,0.0,0.0,0.0,0.0,0.0,0.0,1.0,12.0,1.0,12.17,5.01,2.5,1.49,0.0,0.0,0.0,0.4,0.0,-0.9,-0.9,0.0,-169.70000000000002,0.0,0.0,169.70000000000002,0.0,21.200000000000003,29.3,29.3,29.8,300.0,300.0,31.5,35.6,29.1,28.4,30.3,4.96,1.99,4.96,0.16,0.0,0.0,1027.0,8228.0,0.0,0.0,0.0,0.0,0.0,1.0,0.0,0.0,0.0,0.0,0.0,-1.1,0.0,-0.1,0.0,0.0001,16.0,25903.0
2026-07-30T19:01:13.946Z,243.429,243.444,0.0,7.4,0.0,0.0,0.0,0.0,0.0,0.0,0.0,0.0,1.0,0.0,0.0,0.0,9.0,4.0,0.0,0.0,0.0,0.0,0.0,0.0,0.0,0.0,2.0,12.0,1.0,12.17,5.01,2.5,1.49,0.0,0.0,0.0,0.4,0.0,-0.3,0.1,0.4,-169.70000000000002,0.0,0.0,169.70000000000002,0.0,21.200000000000003,29.3,29.3,29.8,300.0,300.0,31.5,35.6,29.1,28.4,30.3,4.96,2.0,4.97,0.16,0.0,0.0,1027.0,8228.0,0.0,0.0,0.0,0.0,0.0,1.0,0.0,0.0,0.0,0.0,0.0,0.5,0.0,-0.3,0.0,0.0,16.0,25903.0
2026-07-30T19:01:13.959Z,243.442,243.456,0.0,7.4,0.0,0.0,0.0,0.0,0.0,0.0,0.0,0.0,1.0,0.0,0.0,0.0,9.0,4.0,0.0,0.0,0.0,0.0,0.0,0.0,0.0,0.0,3.0,12.0,1.0,12.17,5.01,2.5,1.49,0.0,0.0,0.0,0.4,0.0,-0.3,-0.3,0.0,-169.70000000000002,0.0,0.0,169.70000000000002,0.0,21.200000000000003,29.3,29.3,29.8,300.0,300.0,31.5,35.6,29.1,28.4,30.3,4.95,1.99,4.97,0.16,0.0,0.0,1027.0,8228.0,0.0,0.0,0.0,0.0,0.0,1.0,0.0,0.0,0.0,0.0,0.0,-0.5,0.0,0.0,0.0,0.0,16.0,25903.0
2026-07-30T19:01:13.971Z,243.454,243.468,0.0,7.4,0.0,0.0,0.0,0.0,0.0,0.0,0.0,0.0,1.0,0.0,0.0,0.0,9.0,4.0,0.0,0.0,0.0,0.0,0.0,0.0,0.0,0.0,4.0,12.0,1.0,12.19,5.01,2.5,1.49,0.0,0.0,0.0,0.4,0.0,-0.3,-0.3,-0.6000000000000001,-169.70000000000002,0.0,0.0,169.8,0.0,21.3,29.3,29.3,29.8,300.0,300.0,31.6,35.5,29.1,28.3,30.200000000000003,4.96,1.99,4.97,0.16,0.0,0.0,1027.0,8228.0,0.0,0.0,0.0,0.0,0.0,1.0,0.0,0.0,0.0,0.0,0.0,-0.9,0.0,0.4,0.0,0.0,16.0,25903.0
2026-07-30T19:01:13.983Z,243.466,243.48,0.0,7.4,0.0,0.0,0.0,0.0,0.0,0.0,0.0,0.0,1.0,0.0,0.0,0.0,9.0,4.0,0.0,0.0,0.0,0.0,0.0,0.0,0.0,0.0,6.0,12.0,1.0,12.19,5.01,2.5,1.49,0.0,0.0,0.0,0.5,0.0,-0.9,-0.9,-0.6000000000000001,-169.70000000000002,0.0,0.0,169.70000000000002,0.0,21.3,29.3,29.3,29.8,300.0,300.0,31.6,35.5,29.1,28.3,30.200000000000003,4.96,2.0,4.96,0.16,0.0,0.0,1027.0,8228.0,0.0,0.0,0.0,0.0,0.0,1.0,0.0,0.0,0.0,0.0,0.0,-1.5,0.0,0.3,0.0,0.0001,16.0,25903.0
2026-07-30T19:01:13.995Z,243.478,243.492,0.0,7.4,0.0,0.0,0.0,0.0,0.0,0.0,0.0,0.0,1.0,0.0,0.0,0.0,9.0,4.0,0.0,0.0,0.0,0.0,0.0,0.0,0.0,0.0,1.0,12.0,1.0,12.19,5.01,2.5,1.49,0.0,0.0,0.0,0.4,0.0,-0.3,1.3,1.1,-169.70000000000002,0.0,0.0,169.70000000000002,0.0,21.3,29.3,29.3,29.8,300.0,300.0,31.6,35.5,29.1,28.3,30.200000000000003,4.96,1.99,4.97,0.16,0.0,0.0,1027.0,8228.0,0.0,0.0,0.0,0.0,0.0,1.0,0.0,0.0,0.0,0.0,0.0,2.3000000000000003,0.0,-0.6000000000000001,0.0,0.0,16.0,25903.0
2026-07-30T19:01:14.007Z,243.49,243.504,0.0,7.4,0.0,0.0,0.0,0.0,0.0,0.0,0.0,0.0,1.0,0.0,0.0,0.0,9.0,4.0,0.0,0.0,0.0,0.0,0.0,0.0,0.0,0.0,2.0,12.0,1.0,12.19,5.01,2.5,1.49,0.0,0.0,0.0,0.4,0.0,-0.9,-0.4,-1.2000000000000002,-169.70000000000002,0.0,0.0,169.8,0.0,21.3,29.3,29.3,29.8,300.0,300.0,31.6,35.5,29.1,28.3,30.200000000000003,4.96,1.99,4.97,0.16,0.0,0.0,1027.0,8228.0,0.0,0.0,0.0,0.0,0.0,1.0,0.0,0.0,0.0,0.0,0.0,-1.4,0.0,1.0,0.0,0.0,16.0,25903.0
2026-07-30T19:01:14.019Z,243.502,243.516,0.0,7.4,0.0,0.0,0.0,0.0,0.0,0.0,0.0,0.0,1.0,0.0,0.0,0.0,9.0,4.0,0.0,0.0,0.0,0.0,0.0,0.0,0.0,0.0,3.0,12.0,1.0,12.19,5.01,2.5,1.49,0.0,0.0,0.0,0.4,0.0,0.2,-0.4,0.4,-169.70000000000002,0.0,0.0,169.8,0.0,21.3,29.3,29.3,29.8,300.0,300.0,31.6,35.5,29.1,28.3,30.200000000000003,4.96,1.99,4.97,0.16,0.0,0.0,1027.0,8228.0,0.0,0.0,0.0,0.0,0.0,1.0,0.0,0.0,0.0,0.0,0.0,-0.1,0.0,-0.5,0.0,0.0,16.0,25903.0
2026-07-30T19:01:14.031Z,243.514,243.528,0.0,7.4,0.0,0.0,0.0,0.0,0.0,0.0,0.0,0.0,1.0,0.0,0.0,0.0,9.0,4.0,0.0,0.0,0.0,0.0,0.0,0.0,0.0,0.0,5.0,12.0,1.0,12.19,5.01,2.5,1.49,0.0,0.0,0.0,0.4,0.0,0.2,-0.4,-0.7000000000000001,-169.70000000000002,0.0,0.0,169.8,0.0,21.3,29.3,29.3,29.8,300.0,300.0,31.6,35.5,29.1,28.3,30.200000000000003,4.95,2.0,4.97,0.16,0.0,0.0,1027.0,8228.0,0.0,0.0,0.0,0.0,0.0,1.0,0.0,0.0,0.0,0.0,0.0,-1.0,0.0,0.5,0.0,0.0002,16.0,25903.0
2026-07-30T19:01:14.043Z,243.526,243.54,0.0,7.4,0.0,0.0,0.0,0.0,0.0,0.0,0.0,0.0,1.0,0.0,0.0,0.0,9.0,4.0,0.0,0.0,0.0,0.0,0.0,0.0,0.0,0.0,6.0,12.0,1.0,12.19,5.01,2.5,1.49,0.0,0.0,0.0,0.4,0.0,0.1,0.1,-0.7000000000000001,-169.70000000000002,0.0,0.0,169.8,0.0,21.3,29.3,29.3,29.8,300.0,300.0,31.6,35.5,29.1,28.3,30.200000000000003,4.95,1.99,4.96,0.16,0.0,0.0,1027.0,8228.0,0.0,0.0,0.0,0.0,0.0,1.0,0.0,0.0,0.0,0.0,0.0,-0.4,0.0,0.7000000000000001,0.0,0.0,16.0,25903.0
2026-07-30T19:01:14.055Z,243.538,243.552,0.0,7.4,0.0,0.0,0.0,0.0,0.0,0.0,0.0,0.0,1.0,0.0,0.0,0.0,9.0,4.0,0.0,0.0,0.0,0.0,0.0,0.0,0.0,0.0,2.0,12.0,1.0,12.19,5.01,2.5,1.49,0.0,0.0,0.0,0.5,0.0,0.2,0.1,-0.7000000000000001,-169.70000000000002,0.0,0.0,169.70000000000002,0.0,21.3,29.3,29.3,29.8,300.0,300.0,31.6,35.5,29.1,28.3,30.200000000000003,4.96,2.0,4.96,0.16,0.0,0.0,1027.0,8228.0,0.0,0.0,0.0,0.0,0.0,1.0,0.0,0.0,0.0,0.0,0.0,-0.3,0.0,0.6000000000000001,0.0,0.0,16.0,25903.0
2026-07-30T19:01:14.068Z,243.551,243.564,0.0,7.4,0.0,0.0,0.0,0.0,0.0,0.0,0.0,0.0,1.0,0.0,0.0,0.0,9.0,4.0,0.0,0.0,0.0,0.0,0.0,0.0,0.0,0.0,3.0,12.0,1.0,12.15,5.01,2.51,1.49,0.0,0.0,0.0,0.4,0.0,-0.9,1.3,1.0,-169.70000000000002,0.0,0.0,169.8,0.0,21.8,29.3,29.3,29.8,300.0,300.0,31.5,35.5,29.1,28.3,30.200000000000003,4.96,2.0,4.96,0.16,0.0,0.0,1027.0,8228.0,0.0,0.0,0.0,0.0,0.0,1.0,0.0,0.0,0.0,0.0,0.0,2.3000000000000003,0.0,-0.6000000000000001,0.0,0.0001,16.0,25903.0
2026-07-30T19:01:14.079Z,243.562,243.576,0.0,7.4,0.0,0.0,0.0,0.0,0.0,0.0,0.0,0.0,1.0,0.0,0.0,0.0,9.0,4.0,0.0,0.0,0.0,0.0,0.0,0.0,0.0,0.0,5.0,12.0,1.0,12.15,5.01,2.51,1.49,0.0,0.1,0.0,0.5,0.0,-0.3,-1.0,-0.7000000000000001,-169.70000000000002,0.0,0.0,169.8,0.0,21.8,29.3,29.3,29.8,300.0,300.0,31.5,35.5,29.1,28.3,30.200000000000003,4.95,1.99,4.97,0.16,0.0,0.0,1027.0,8228.0,0.0,0.0,0.0,0.0,0.0,1.0,0.0,0.0,0.0,0.0,0.0,-1.7000000000000002,0.0,0.4,0.0,0.0,16.0,25903.0
2026-07-30T19:01:14.091Z,243.574,243.588,0.0,7.4,0.0,0.0,0.0,0.0,0.0,0.0,0.0,0.0,1.0,0.0,0.0,0.0,9.0,4.0,0.0,0.0,0.0,0.0,0.0,0.0,0.0,0.0,6.0,12.0,1.0,12.15,5.01,2.51,1.49,0.0,0.0,0.0,0.4,0.0,-0.9,-1.0,-1.9,-169.70000000000002,0.0,0.0,169.8,0.0,21.8,29.3,29.3,29.8,300.0,300.0,31.5,35.5,29.1,28.3,30.200000000000003,4.95,1.99,4.97,0.16,0.0,0.0,1027.0,8228.0,0.0,0.0,0.0,0.0,0.0,1.0,0.0,0.0,0.0,0.0,0.0,-2.6,0.0,1.4,0.0,0.0002,16.0,25903.0
2026-07-30T19:01:14.103Z,243.586,243.6,0.0,7.4,0.0,0.0,0.0,0.0,0.0,0.0,0.0,0.0,1.0,0.0,0.0,0.0,9.0,4.0,0.0,0.0,0.0,0.0,0.0,0.0,0.0,0.0,1.0,12.0,1.0,12.15,5.01,2.51,1.49,0.0,0.1,0.0,0.5,0.0,0.2,0.1,-0.1,-169.70000000000002,0.0,0.0,169.8,0.0,21.8,29.3,29.3,29.8,300.0,300.0,31.5,35.5,29.1,28.3,30.200000000000003,4.96,1.99,4.97,0.16,0.0,0.0,1027.0,8228.0,0.0,0.0,0.0,0.0,0.0,1.0,0.0,0.0,0.0,0.0,0.0,0.0,0.0,0.1,0.0,0.0,16.0,25903.0
2026-07-30T19:01:14.114Z,243.597,243.612,0.0,7.4,0.0,0.0,0.0,0.0,0.0,0.0,0.0,0.0,1.0,0.0,0.0,0.0,9.0,4.0,0.0,0.0,0.0,0.0,0.0,0.0,0.0,0.0,2.0,12.0,1.0,12.15,5.01,2.51,1.49,0.0,0.0,0.0,0.4,0.0,0.2,-0.4,-1.3,-169.70000000000002,0.0,0.0,169.8,0.0,21.8,29.3,29.3,29.8,300.0,300.0,31.5,35.5,29.1,28.3,30.200000000000003,4.95,1.99,4.97,0.16,0.0,0.0,1027.0,8228.0,0.0,0.0,0.0,0.0,0.0,1.0,0.0,0.0,0.0,0.0,0.0,-1.5,0.0,1.0,0.0,0.0001,16.0,25903.0
2026-07-30T19:01:14.127Z,243.61,243.624,0.0,7.4,0.0,0.0,0.0,0.0,0.0,0.0,0.0,0.0,1.0,0.0,0.0,0.0,9.0,4.0,0.0,0.0,0.0,0.0,0.0,0.0,0.0,0.0,4.0,12.0,1.0,12.15,5.01,2.51,1.49,0.0,0.0,0.0,0.4,0.0,0.2,-0.4,0.9,-169.70000000000002,0.0,0.0,169.70000000000002,0.0,21.8,29.3,29.3,29.8,300.0,300.0,31.5,35.5,29.1,28.3,30.200000000000003,4.95,1.99,4.96,0.16,0.0,0.0,1027.0,8228.0,0.0,0.0,0.0,0.0,0.0,1.0,0.0,0.0,0.0,0.0,0.0,0.2,0.0,-0.9,0.0,0.0001,16.0,25903.0
2026-07-30T19:01:14.139Z,243.622,243.636,0.0,7.4,0.0,0.0,0.0,0.0,0.0,0.0,0.0,0.0,1.0,0.0,0.0,0.0,9.0,4.0,0.0,0.0,0.0,0.0,0.0,0.0,0.0,0.0,5.0,12.0,1.0,12.15,5.01,2.51,1.49,0.0,0.0,0.0,0.4,0.0,0.2,0.6000000000000001,-0.2,-169.70000000000002,0.0,0.0,169.70000000000002,0.0,21.8,29.3,29.3,29.8,300.0,300.0,31.5,35.5,29.1,28.3,30.200000000000003,4.95,1.99,4.96,0.16,0.0,0.0,1027.0,8228.0,0.0,0.0,0.0,0.0,0.0,1.0,0.0,0.0,0.0,0.0,0.0,0.5,0.0,0.3,0.0,0.0,16.0,25903.0
2026-07-30T19:01:14.151Z,243.634,243.648,0.0,7.4,0.0,0.0,0.0,0.0,0.0,0.0,0.0,0.0,1.0,0.0,0.0,0.0,9.0,4.0,0.0,0.0,0.0,0.0,0.0,0.0,0.0,0.0,6.0,12.0,1.0,12.15,5.01,2.51,1.49,0.0,0.0,0.0,0.4,0.0,0.2,0.1,-1.3,-169.70000000000002,0.0,0.0,169.8,0.0,21.8,29.3,29.3,29.8,300.0,300.0,31.5,35.5,29.1,28.3,30.200000000000003,4.95,1.99,4.96,0.16,0.0,0.0,1027.0,8228.0,0.0,0.0,0.0,0.0,0.0,1.0,0.0,0.0,0.0,0.0,0.0,-0.8,0.0,1.2000000000000002,0.0,0.0001,16.0,25903.0
2026-07-30T19:01:14.174Z,243.657,243.66,0.0,7.4,0.0,0.0,0.0,0.0,0.0,0.0,0.0,0.0,1.0,0.0,0.0,0.0,9.0,4.0,0.0,0.0,0.0,0.0,0.0,0.0,0.0,0.0,1.0,12.0,1.0,12.15,5.01,2.51,1.49,0.0,0.1,0.0,0.4,0.0,-0.3,1.2000000000000002,0.3,-169.70000000000002,0.0,0.0,169.8,0.0,21.8,29.3,29.3,29.8,300.0,300.0,31.5,35.5,29.1,28.3,30.200000000000003,4.95,1.99,4.97,0.16,0.0,0.0,1027.0,8228.0,0.0,0.0,0.0,0.0,0.0,1.0,0.0,0.0,0.0,0.0,0.0,1.7000000000000002,0.0,0.0,0.0,0.0001,16.0,25903.0
2026-07-30T19:01:14.179Z,243.662,243.672,0.0,7.4,0.0,0.0,0.0,0.0,0.0,0.0,0.0,0.0,1.0,0.0,0.0,0.0,9.0,4.0,0.0,0.0,0.0,0.0,0.0,0.0,0.0,0.0,5.0,12.0,1.0,12.14,5.0200000000000005,2.51,1.49,0.0,0.0,0.0,0.5,0.0,-0.3,0.1,-0.2,-169.70000000000002,0.0,0.0,169.70000000000002,0.0,21.8,29.3,29.3,29.8,300.0,300.0,31.5,35.5,29.1,28.3,30.200000000000003,4.96,2.0,4.96,0.16,0.0,0.0,1027.0,8228.0,0.0,0.0,0.0,0.0,0.0,1.0,0.0,0.0,0.0,0.0,0.0,0.0,0.0,0.2,0.0,0.0,16.0,25903.0
2026-07-30T19:01:14.187Z,243.67,243.684,0.0,7.4,0.0,0.0,0.0,0.0,0.0,0.0,0.0,0.0,1.0,0.0,0.0,0.0,9.0,4.0,0.0,0.0,0.0,0.0,0.0,0.0,0.0,0.0,3.0,12.0,1.0,12.14,5.0200000000000005,2.51,1.49,0.0,0.0,0.0,0.4,0.0,0.2,0.1,-0.2,-169.70000000000002,0.0,0.0,169.70000000000002,0.0,21.8,29.3,29.3,29.8,300.0,300.0,31.5,35.5,29.1,28.3,30.200000000000003,4.96,1.99,4.97,0.16,0.0,0.0,1027.0,8228.0,0.0,0.0,0.0,0.0,0.0,1.0,0.0,0.0,0.0,0.0,0.0,0.0,0.0,0.2,0.0,0.0,16.0,25903.0
2026-07-30T19:01:14.199Z,243.682,243.696,0.0,7.4,0.0,0.0,0.0,0.0,0.0,0.0,0.0,0.0,1.0,0.0,0.0,0.0,9.0,4.0,0.0,0.0,0.0,0.0,0.0,0.0,0.0,0.0,4.0,12.0,1.0,12.14,5.0200000000000005,2.51,1.49,0.0,0.0,0.0,0.4,0.0,-0.8,0.1,-0.8,-169.70000000000002,0.0,0.0,169.8,0.0,21.8,29.3,29.3,29.8,300.0,300.0,31.5,35.5,29.1,28.3,30.200000000000003,4.95,1.99,4.97,0.16,0.0,0.0,1027.0,8228.0,0.0,0.0,0.0,0.0,0.0,1.0,0.0,0.0,0.0,0.0,0.0,-0.4,0.0,0.7000000000000001,0.0,0.0001,16.0,25903.0
2026-07-30T19:01:14.211Z,243.694,243.708,0.0,7.4,0.0,0.0,0.0,0.0,0.0,0.0,0.0,0.0,1.0,0.0,0.0,0.0,9.0,4.0,0.0,0.0,0.0,0.0,0.0,0.0,0.0,0.0,6.0,12.0,1.0,12.14,5.0200000000000005,2.51,1.49,0.0,0.1,0.0,0.4,0.0,-0.3,0.1,-0.2,-169.70000000000002,0.0,0.0,169.8,0.0,21.8,29.3,29.3,29.8,300.0,300.0,31.5,35.5,29.1,28.3,30.200000000000003,4.96,1.99,4.96,0.16,0.0,0.0,1027.0,8228.0,0.0,0.0,0.0,0.0,0.0,1.0,0.0,0.0,0.0,0.0,0.0,0.6000000000000001,0.0,0.3,0.0,0.0002,16.0,25903.0
2026-07-30T19:01:14.223Z,243.706,243.72,0.0,7.4,0.0,0.0,0.0,0.0,0.0,0.0,0.0,0.0,1.0,0.0,0.0,0.0,9.0,4.0,0.0,0.0,0.0,0.0,0.0,0.0,0.0,0.0,1.0,12.0,1.0,12.14,5.0200000000000005,2.51,1.49,0.0,0.0,0.0,0.4,0.0,0.2,0.1,-0.2,-169.70000000000002,0.0,0.0,169.8,0.0,21.8,29.3,29.3,29.8,300.0,300.0,31.5,35.5,29.1,28.3,30.200000000000003,4.95,2.0,4.96,0.16,0.0,0.0,1027.0,8228.0,0.0,0.0,0.0,0.0,0.0,1.0,0.0,0.0,0.0,0.0,0.0,0.2,0.0,-0.9,0.0,0.0,16.0,25903.0
2026-07-30T19:01:14.235Z,243.718,243.732,0.0,7.4,0.0,0.0,0.0,0.0,0.0,0.0,0.0,0.0,1.0,0.0,0.0,0.0,9.0,4.0,0.0,0.0,0.0,0.0,0.0,0.0,0.0,0.0,2.0,12.0,1.0,12.14,5.0200000000000005,2.51,1.49,0.0,0.1,0.0,0.4,0.0,0.2,0.7000000000000001,-0.7000000000000001,-169.70000000000002,0.0,0.0,169.8,0.0,21.8,29.3,29.3,29.8,300.0,300.0,31.5,35.5,29.1,28.3,30.200000000000003,4.95,1.99,4.97,0.16,0.0,0.0,1027.0,8228.0,0.0,0.0,0.0,0.0,0.0,1.0,0.0,0.0,0.0,0.0,0.0,0.6000000000000001,0.0,0.2,0.0,0.0002,16.0,25903.0
2026-07-30T19:01:14.246Z,243.729,243.744,0.0,7.4,0.0,0.0,0.0,0.0,0.0,0.0,0.0,0.0,1.0,0.0,0.0,0.0,9.0,4.0,0.0,0.0,0.0,0.0,0.0,0.0,0.0,0.0,4.0,12.0,1.0,12.14,5.0200000000000005,2.51,1.49,0.0,0.0,0.0,0.4,0.0,0.3,0.1,0.4,-169.70000000000002,0.0,0.0,169.70000000000002,0.0,21.8,29.3,29.3,29.8,300.0,300.0,31.5,35.5,29.1,28.3,30.200000000000003,4.95,1.99,4.97,0.16,0.0,0.0,1027.0,8228.0,0.0,0.0,0.0,0.0,0.0,1.0,0.0,0.0,0.0,0.0,0.0,0.4,0.0,-0.3,0.0,0.0001,16.0,25903.0
2026-07-30T19:01:14.259Z,243.742,243.756,0.0,7.4,0.0,0.0,0.0,0.0,0.0,0.0,0.0,0.0,1.0,0.0,0.0,0.0,9.0,4.0,0.0,0.0,0.0,0.0,0.0,0.0,0.0,0.0,5.0,12.0,1.0,12.14,5.0200000000000005,2.51,1.49,0.0,0.0,0.0,0.4,0.0,-0.3,-0.4,0.4,-169.70000000000002,0.0,0.0,169.70000000000002,0.0,21.8,29.3,29.3,29.8,300.0,300.0,31.5,35.5,29.1,28.3,30.200000000000003,4.96,1.99,4.96,0.16,0.0,0.0,1027.0,8228.0,0.0,0.0,0.0,0.0,0.0,1.0,0.0,0.0,0.0,0.0,0.0,-0.1,0.0,-0.4,0.0,0.0,16.0,25903.0
2026-07-30T19:01:14.272Z,243.755,243.768,0.0,7.4,0.0,0.0,0.0,0.0,0.0,0.0,0.0,0.0,1.0,0.0,0.0,0.0,9.0,4.0,0.0,0.0,0.0,0.0,0.0,0.0,0.0,0.0,1.0,12.0,1.0,12.15,5.0200000000000005,2.51,1.49,0.0,0.0,0.0,0.4,0.0,1.4,0.7000000000000001,1.0,-169.70000000000002,0.0,0.0,169.70000000000002,0.0,21.3,29.3,29.200000000000003,29.8,300.0,300.0,31.5,35.5,29.1,28.3,30.200000000000003,4.95,1.99,4.96,0.16,0.0,0.0,1027.0,8228.0,0.0,0.0,0.0,0.0,0.0,1.0,0.0,0.0,0.0,0.0,0.0,1.5,0.0,-0.7000000000000001,0.0,0.0001,16.0,25903.0
2026-07-30T19:01:14.283Z,243.766,243.78,0.0,7.4,0.0,0.0,0.0,0.0,0.0,0.0,0.0,0.0,1.0,0.0,0.0,0.0,9.0,4.0,0.0,0.0,0.0,0.0,0.0,0.0,0.0,0.0,2.0,12.0,1.0,12.15,5.0200000000000005,2.51,1.49,0.0,0.0,0.0,0.5,0.0,-0.3,0.0,-1.3,-169.70000000000002,0.0,0.0,169.8,0.0,21.3,29.3,29.200000000000003,29.8,300.0,300.0,31.5,35.5,29.1,28.3,30.200000000000003,4.95,1.99,4.97,0.18,0.0,0.0,1027.0,8228.0,0.0,0.0,0.0,0.0,0.0,1.0,0.0,0.0,0.0,0.0,0.0,-0.9,0.0,1.2000000000000002,0.0,0.0001,16.0,25903.0
2026-07-30T19:01:14.295Z,243.778,243.792,0.0,7.4,0.0,0.0,0.0,0.0,0.0,0.0,0.0,0.0,1.0,0.0,0.0,0.0,9.0,4.0,0.0,0.0,0.0,0.0,0.0,0.0,0.0,0.0,4.0,12.0,1.0,12.15,5.0200000000000005,2.51,1.49,0.0,0.0,0.0,0.5,0.0,0.8,0.0,0.9,-169.70000000000002,0.0,0.0,169.70000000000002,0.0,21.3,29.3,29.200000000000003,29.8,300.0,300.0,31.5,35.5,29.1,28.3,30.200000000000003,4.96,2.0,4.97,0.16,0.0,0.0,1027.0,8228.0,0.0,0.0,0.0,0.0,0.0,1.0,0.0,0.0,0.0,0.0,0.0,0.8,0.0,-0.8,0.0,0.0,16.0,25903.0
2026-07-30T19:01:14.307Z,243.79,243.804,0.0,7.4,0.0,0.0,0.0,0.0,0.0,0.0,0.0,0.0,1.0,0.0,0.0,0.0,9.0,4.0,0.0,0.0,0.0,0.0,0.0,0.0,0.0,0.0,5.0,12.0,1.0,12.15,5.0200000000000005,2.51,1.49,0.0,0.0,0.0,0.4,0.0,-0.3,-0.4,-0.8,-169.70000000000002,0.0,0.0,169.8,0.0,21.3,29.3,29.200000000000003,29.8,300.0,300.0,31.5,35.5,29.1,28.3,30.200000000000003,4.95,2.0,4.96,0.16,0.0,0.0,1027.0,8228.0,0.0,0.0,0.0,0.0,0.0,1.0,0.0,0.0,0.0,0.0,0.0,-1.1,0.0,0.6000000000000001,0.0,0.0,16.0,25903.0
2026-07-30T19:01:14.318Z,243.801,243.816,0.0,7.4,0.0,0.0,0.0,0.0,0.0,0.0,0.0,0.0,1.0,0.0,0.0,0.0,9.0,4.0,0.0,0.0,0.0,0.0,0.0,0.0,0.0,0.0,6.0,12.0,1.0,12.15,5.0200000000000005,2.51,1.49,0.0,0.0,0.0,0.4,0.0,-0.9,-1.0,-0.7000000000000001,-169.70000000000002,0.0,0.0,169.8,0.0,21.3,29.3,29.200000000000003,29.8,300.0,300.0,31.5,35.5,29.1,28.3,30.200000000000003,4.95,1.99,4.97,0.16,0.0,0.0,1027.0,8228.0,0.0,0.0,0.0,0.0,0.0,1.0,0.0,0.0,0.0,0.0,0.0,-1.7000000000000002,0.0,0.4,0.0,0.0001,16.0,25903.0
2026-07-30T19:01:14.331Z,243.814,243.828,0.0,7.4,0.0,0.0,0.0,0.0,0.0,0.0,0.0,0.0,1.0,0.0,0.0,0.0,9.0,4.0,0.0,0.0,0.0,0.0,0.0,0.0,0.0,0.0,2.0,12.0,1.0,12.15,5.0200000000000005,2.51,1.49,0.0,0.0,0.0,0.4,0.0,0.2,1.3,0.4,-169.70000000000002,0.0,0.0,169.8,0.0,21.3,29.3,29.200000000000003,29.8,300.0,300.0,31.5,35.5,29.1,28.3,30.200000000000003,4.95,2.0,4.96,0.16,0.0,0.0,1027.0,8228.0,0.0,0.0,0.0,0.0,0.0,1.0,0.0,0.0,0.0,0.0,0.0,1.8,0.0,0.0,0.0,0.0001,16.0,25903.0
2026-07-30T19:01:14.343Z,243.826,243.84,0.0,7.4,0.0,0.0,0.0,0.0,0.0,0.0,0.0,0.0,1.0,0.0,0.0,0.0,9.0,4.0,0.0,0.0,0.0,0.0,0.0,0.0,0.0,0.0,3.0,12.0,1.0,12.15,5.0200000000000005,2.51,1.49,0.0,0.0,0.0,0.4,0.0,0.2,0.1,-0.1,-169.70000000000002,0.0,0.0,169.60000000000002,0.0,21.3,29.3,29.200000000000003,29.8,300.0,300.0,31.5,35.5,29.1,28.3,30.200000000000003,4.96,2.0,4.96,0.16,0.0,0.0,1027.0,8228.0,0.0,0.0,0.0,0.0,0.0,1.0,0.0,0.0,0.0,0.0,0.0,0.0,0.0,0.1,0.0,0.0,16.0,25903.0
2026-07-30T19:01:14.355Z,243.838,243.852,0.0,7.4,0.0,0.0,0.0,0.0,0.0,0.0,0.0,0.0,1.0,0.0,0.0,0.0,9.0,4.0,0.0,0.0,0.0,0.0,0.0,0.0,0.0,0.0,4.0,12.0,1.0,12.15,5.0200000000000005,2.51,1.49,0.0,0.1,0.0,0.4,0.0,0.2,-1.0,-1.3,-169.70000000000002,0.0,0.0,169.8,0.0,21.3,29.3,29.200000000000003,29.8,300.0,300.0,31.5,35.5,29.1,28.3,30.200000000000003,4.95,2.0,4.96,0.16,0.0,0.0,1027.0,8228.0,0.0,0.0,0.0,0.0,0.0,1.0,0.0,0.0,0.0,0.0,0.0,-2.1,0.0,1.0,0.0,0.0003,16.0,25903.0
2026-07-30T19:01:14.366Z,243.849,243.864,0.0,7.4,0.0,0.0,0.0,0.0,0.0,0.0,0.0,0.0,1.0,0.0,0.0,0.0,9.0,4.0,0.0,0.0,0.0,0.0,0.0,0.0,0.0,0.0,5.0,12.0,1.0,12.15,5.0200000000000005,2.51,1.49,0.0,0.0,0.0,0.4,0.0,0.2,0.1,-0.7000000000000001,-169.70000000000002,0.0,0.0,169.8,0.0,21.3,29.3,29.200000000000003,29.8,300.0,300.0,31.5,35.5,29.1,28.3,30.200000000000003,4.96,1.98,4.97,0.16,0.0,0.0,1027.0,8228.0,0.0,0.0,0.0,0.0,0.0,1.0,0.0,0.0,0.0,0.0,0.0,-0.3,0.0,0.7000000000000001,0.0,0.0,16.0,25903.0
2026-07-30T19:01:14.379Z,243.862,243.876,0.0,7.4,0.0,0.0,0.0,0.0,0.0,0.0,0.0,0.0,1.0,0.0,0.0,0.0,9.0,4.0,0.0,0.0,0.0,0.0,0.0,0.0,0.0,0.0,1.0,12.0,1.0,12.17,5.01,2.51,1.49,0.0,0.0,0.0,0.4,0.0,-0.3,-0.4,-0.2,-169.70000000000002,0.0,0.0,169.8,0.0,21.700000000000003,29.3,29.200000000000003,29.8,300.0,300.0,31.5,35.5,29.1,28.4,30.200000000000003,4.96,1.99,4.96,0.17,0.0,0.0,1027.0,8228.0,0.0,0.0,0.0,0.0,0.0,1.0,0.0,0.0,0.0,0.0,0.0,-0.6000000000000001,0.0,0.1,0.0,0.0001,16.0,25903.0
2026-07-30T19:01:14.391Z,243.874,243.888,0.0,7.4,0.0,0.0,0.0,0.0,0.0,0.0,0.0,0.0,1.0,0.0,0.0,0.0,9.0,4.0,0.0,0.0,0.0,0.0,0.0,0.0,0.0,0.0,2.0,12.0,1.0,12.17,5.01,2.51,1.49,0.0,0.0,0.0,0.4,0.0,-0.2,-0.3,-1.3,-169.70000000000002,0.0,0.0,169.70000000000002,0.0,21.700000000000003,29.3,29.200000000000003,29.8,300.0,300.0,31.5,35.5,29.1,28.4,30.200000000000003,4.95,1.99,4.96,0.16,0.0,0.0,1027.0,8228.0,0.0,0.0,0.0,0.0,0.0,1.0,0.0,0.0,0.0,0.0,0.0,-1.4,0.0,1.0,0.0,0.0001,16.0,25903.0
2026-07-30T19:01:14.402Z,243.885,243.9,0.0,7.4,0.0,0.0,0.0,0.0,0.0,0.0,0.0,0.0,1.0,0.0,0.0,0.0,9.0,4.0,0.0,0.0,0.0,0.0,0.0,0.0,0.0,0.0,4.0,12.0,1.0,12.17,5.01,2.51,1.49,0.0,0.0,0.0,0.4,0.0,-0.2,0.7000000000000001,1.0,-169.70000000000002,0.0,0.0,169.8,0.0,21.700000000000003,29.3,29.200000000000003,29.8,300.0,300.0,31.5,35.5,29.1,28.4,30.200000000000003,4.95,1.99,4.97,0.16,0.0,0.0,1027.0,8228.0,0.0,0.0,0.0,0.0,0.0,1.0,0.0,0.0,0.0,0.0,0.0,1.6,0.0,-0.7000000000000001,0.0,0.0001,16.0,25903.0
2026-07-30T19:01:14.414Z,243.897,243.912,0.0,7.4,0.0,0.0,0.0,0.0,0.0,0.0,0.0,0.0,1.0,0.0,0.0,0.0,9.0,4.0,0.0,0.0,0.0,0.0,0.0,0.0,0.0,0.0,5.0,12.0,1.0,12.17,5.01,2.51,1.49,0.0,0.0,0.0,0.4,0.0,0.2,-0.4,0.9,-169.70000000000002,0.0,0.0,169.70000000000002,0.0,21.700000000000003,29.3,29.200000000000003,29.8,300.0,300.0,31.5,35.5,29.1,28.4,30.200000000000003,4.96,1.99,4.96,0.16,0.0,0.0,1027.0,8228.0,0.0,0.0,0.0,0.0,0.0,1.0,0.0,0.0,0.0,0.0,0.0,0.2,0.0,-0.9,0.0,0.0001,16.0,25903.0
2026-07-30T19:01:14.427Z,243.91,243.924,0.0,7.4,0.0,0.0,0.0,0.0,0.0,0.0,0.0,0.0,1.0,0.0,0.0,0.0,9.0,4.0,0.0,0.0,0.0,0.0,0.0,0.0,0.0,0.0,6.0,12.0,1.0,12.17,5.01,2.51,1.49,0.0,0.0,0.0,0.4,0.0,-0.2,-0.4,-1.3,-169.70000000000002,0.0,0.0,169.8,0.0,21.700000000000003,29.3,29.200000000000003,29.8,300.0,300.0,31.5,35.5,29.1,28.4,30.200000000000003,4.96,1.99,4.97,0.15,0.0,0.0,1027.0,8228.0,0.0,0.0,0.0,0.0,0.0,1.0,0.0,0.0,0.0,0.0,0.0,-1.5,0.0,1.0,0.0,0.0001,16.0,25903.0
2026-07-30T19:01:14.439Z,243.922,243.936,0.0,7.4,0.0,0.0,0.0,0.0,0.0,0.0,0.0,0.0,1.0,0.0,0.0,0.0,9.0,4.0,0.0,0.0,0.0,0.0,0.0,0.0,0.0,0.0,2.0,12.0,1.0,12.17,5.01,2.51,1.49,0.0,0.0,0.0,0.4,0.0,-0.9,-0.4,-0.1,-169.70000000000002,0.0,0.0,169.8,0.0,21.700000000000003,29.3,29.200000000000003,29.8,300.0,300.0,31.5,35.5,29.1,28.4,30.200000000000003,4.95,1.99,4.97,0.16,0.0,0.0,1027.0,8228.0,0.0,0.0,0.0,0.0,0.0,1.0,0.0,0.0,0.0,0.0,0.0,-0.6000000000000001,0.0,0.0,0.0,0.0001,16.0,25903.0
2026-07-30T19:01:14.451Z,243.934,243.948,0.0,7.4,0.0,0.0,0.0,0.0,0.0,0.0,0.0,0.0,1.0,0.0,0.0,0.0,9.0,4.0,0.0,0.0,0.0,0.0,0.0,0.0,0.0,0.0,2.0,12.0,1.0,12.17,5.01,2.51,1.49,0.0,0.0,0.0,0.5,0.0,-0.3,-0.4,-0.7000000000000001,-169.70000000000002,0.0,0.0,169.60000000000002,0.0,21.700000000000003,29.3,29.200000000000003,29.8,300.0,300.0,31.5,35.5,29.1,28.4,30.200000000000003,4.96,1.99,4.96,0.16,0.0,0.0,1027.0,8228.0,0.0,0.0,0.0,0.0,0.0,1.0,0.0,0.0,0.0,0.0,0.0,-1.0,0.0,0.5,0.0,0.0,16.0,25903.0
2026-07-30T19:01:14.463Z,243.946,243.96,0.0,7.4,0.0,0.0,0.0,0.0,0.0,0.0,0.0,0.0,1.0,0.0,0.0,0.0,9.0,4.0,0.0,0.0,0.0,0.0,0.0,0.0,0.0,0.0,4.0,12.0,1.0,12.17,5.01,2.51,1.49,0.0,0.0,0.0,0.4,0.0,-0.3,0.0,-0.1,-169.70000000000002,0.0,0.0,169.70000000000002,0.0,21.700000000000003,29.3,29.200000000000003,29.8,300.0,300.0,31.5,35.5,29.1,28.4,30.200000000000003,4.96,2.0,4.96,0.16,0.0,0.0,1027.0,8228.0,0.0,0.0,0.0,0.0,0.0,1.0,0.0,0.0,0.0,0.0,0.0,0.0,0.0,0.1,0.0,0.0002,16.0,25903.0
2026-07-30T19:01:14.491Z,243.974,243.972,0.0,7.4,0.0,0.0,0.0,0.0,0.0,0.0,0.0,0.0,1.0,0.0,0.0,0.0,9.0,4.0,0.0,0.0,0.0,0.0,0.0,0.0,0.0,0.0,5.0,12.0,1.0,12.17,5.01,2.51,1.49,0.0,0.1,0.0,0.4,0.0,0.2,0.0,1.0,-169.70000000000002,0.0,0.0,169.8,0.0,21.3,29.3,29.200000000000003,29.8,300.0,300.0,31.5,35.5,29.1,28.4,30.200000000000003,4.96,1.99,4.97,0.16,0.0,0.0,1027.0,8228.0,0.0,0.0,0.0,0.0,0.0,1.0,0.0,0.0,0.0,0.0,0.0,0.8,0.0,-0.8,0.0,0.0001,16.0,25903.0
2026-07-30T19:01:14.494Z,243.977,243.984,0.0,7.4,0.0,0.0,0.0,0.0,0.0,0.0,0.0,0.0,1.0,0.0,0.0,0.0,9.0,4.0,0.0,0.0,0.0,0.0,0.0,0.0,0.0,0.0,4.0,12.0,1.0,12.17,5.01,2.51,1.49,0.0,0.0,0.0,0.4,0.0,-0.3,1.2000000000000002,-0.1,-169.70000000000002,0.0,0.0,169.8,0.0,21.3,29.3,29.200000000000003,29.8,300.0,300.0,31.5,35.5,29.1,28.4,30.200000000000003,4.95,2.0,4.97,0.16,0.0,0.0,1027.0,8228.0,0.0,0.0,0.0,0.0,0.0,1.0,0.0,0.0,0.0,0.0,0.0,1.3,0.0,0.4,0.0,0.0002,16.0,25903.0
2026-07-30T19:01:14.499Z,243.982,243.996,0.0,7.4,0.0,0.0,0.0,0.0,0.0,0.0,0.0,0.0,1.0,0.0,0.0,0.0,9.0,4.0,0.0,0.0,0.0,0.0,0.0,0.0,0.0,0.0,1.0,12.0,1.0,12.17,5.01,2.51,1.49,0.0,0.0,0.0,0.4,0.0,-0.3,0.6000000000000001,-0.1,-169.70000000000002,0.0,0.0,169.8,0.0,21.3,29.3,29.200000000000003,29.8,300.0,300.0,31.5,35.5,29.1,28.4,30.200000000000003,4.95,2.0,4.96,0.16,0.0,0.0,1027.0,8228.0,0.0,0.0,0.0,0.0,0.0,1.0,0.0,0.0,0.0,0.0,0.0,0.6000000000000001,0.0,0.3,0.0,0.0,16.0,25903.0
2026-07-30T19:01:14.511Z,243.994,244.008,0.0,7.4,0.0,0.0,0.0,0.0,0.0,0.0,0.0,0.0,1.0,0.0,0.0,0.0,9.0,4.0,0.0,0.0,0.0,0.0,0.0,0.0,0.0,0.0,2.0,12.0,1.0,12.17,5.01,2.51,1.49,0.0,0.0,0.0,0.4,0.0,-0.3,0.0,-0.2,-169.70000000000002,0.0,0.0,169.8,0.0,21.3,29.3,29.200000000000003,29.8,300.0,300.0,31.5,35.5,29.1,28.4,30.200000000000003,4.95,1.99,4.97,0.16,0.0,0.0,1027.0,8228.0,0.0,0.0,0.0,0.0,0.0,1.0,0.0,0.0,0.0,0.0,0.0,0.0,0.0,0.2,0.0,0.0,16.0,25903.0
2026-07-30T19:01:14.523Z,244.006,244.02,0.0,7.4,0.0,0.0,0.0,0.0,0.0,0.0,0.0,0.0,1.0,0.0,0.0,0.0,9.0,4.0,0.0,0.0,0.0,0.0,0.0,0.0,0.0,0.0,3.0,12.0,1.0,12.17,5.01,2.51,1.49,0.0,0.0,0.0,0.4,0.0,-0.3,-0.5,-0.1,-169.70000000000002,0.0,0.0,169.8,0.0,21.3,29.3,29.200000000000003,29.8,300.0,300.0,31.5,35.5,29.1,28.4,30.200000000000003,4.95,2.0,4.96,0.16,0.0,0.0,1027.0,8228.0,0.0,0.0,0.0,0.0,0.0,1.0,0.0,0.0,0.0,0.0,0.0,-0.7000000000000001,0.0,0.0,0.0,0.0,16.0,25903.0
2026-07-30T19:01:14.535Z,244.018,244.032,0.0,7.4,0.0,0.0,0.0,0.0,0.0,0.0,0.0,0.0,1.0,0.0,0.0,0.0,9.0,4.0,0.0,0.0,0.0,0.0,0.0,0.0,0.0,0.0,5.0,12.0,1.0,12.17,5.01,2.51,1.49,0.0,0.0,0.0,0.4,0.0,-0.3,0.0,-0.1,-169.70000000000002,0.0,0.0,169.8,0.0,21.3,29.3,29.200000000000003,29.8,300.0,300.0,31.5,35.5,29.1,28.4,30.200000000000003,4.96,1.99,4.96,0.16,0.0,0.0,1027.0,8228.0,0.0,0.0,0.0,0.0,0.0,1.0,0.0,0.0,0.0,0.0,0.0,0.0,0.0,0.1,0.0,0.0,16.0,25903.0
2026-07-30T19:01:14.546Z,244.029,244.044,0.0,7.4,0.0,0.0,0.0,0.0,0.0,0.0,0.0,0.0,1.0,0.0,0.0,0.0,9.0,4.0,0.0,0.0,0.0,0.0,0.0,0.0,0.0,0.0,6.0,12.0,1.0,12.17,5.01,2.51,1.49,0.0,0.0,0.0,0.4,0.0,-0.3,0.6000000000000001,-0.7000000000000001,-169.70000000000002,0.0,0.0,169.8,0.0,21.3,29.3,29.200000000000003,29.8,300.0,300.0,31.5,35.5,29.1,28.4,30.200000000000003,4.96,1.99,4.97,0.16,0.0,0.0,1027.0,8228.0,0.0,0.0,0.0,0.0,0.0,1.0,0.0,0.0,0.0,0.0,0.0,0.2,0.0,0.7000000000000001,0.0,0.0,16.0,25903.0
2026-07-30T19:01:14.558Z,244.041,244.056,0.0,7.4,0.0,0.0,0.0,0.0,0.0,0.0,0.0,0.0,1.0,0.0,0.0,0.0,9.0,4.0,0.0,0.0,0.0,0.0,0.0,0.0,0.0,0.0,1.0,12.0,1.0,12.17,5.01,2.51,1.49,0.0,0.0,0.0,0.4,0.0,0.1,-1.1,-1.8,-169.70000000000002,0.0,0.0,169.8,0.0,21.3,29.3,29.200000000000003,29.8,300.0,300.0,31.5,35.5,29.1,28.4,30.200000000000003,4.96,1.99,4.96,0.16,0.0,0.0,1027.0,8228.0,0.0,0.0,0.0,0.0,0.0,1.0,0.0,0.0,0.0,0.0,0.0,-2.6,0.0,1.4,0.0,0.0,16.0,25903.0
2026-07-30T19:01:14.571Z,244.054,244.068,0.0,7.4,0.0,0.0,0.0,0.0,0.0,0.0,0.0,0.0,1.0,0.0,0.0,0.0,9.0,4.0,0.0,0.0,0.0,0.0,0.0,0.0,0.0,0.0,3.0,12.0,1.0,12.17,5.01,2.51,1.49,0.0,0.0,0.0,0.4,0.0,-0.3,1.2000000000000002,-0.6000000000000001,-169.70000000000002,0.0,0.0,169.8,0.0,21.3,29.3,29.200000000000003,29.8,300.0,300.0,31.5,35.5,29.1,28.4,30.200000000000003,4.96,2.0,4.96,0.16,0.0,0.0,1027.0,8228.0,0.0,0.0,0.0,0.0,0.0,1.0,0.0,0.0,0.0,0.0,0.0,0.9,0.0,0.8,0.0,0.0001,16.0,25903.0
2026-07-30T19:01:14.583Z,244.066,244.08,0.0,7.4,0.0,0.0,0.0,0.0,0.0,0.0,0.0,0.0,1.0,0.0,0.0,0.0,9.0,4.0,0.0,0.0,0.0,0.0,0.0,0.0,0.0,0.0,4.0,12.0,1.0,12.18,5.01,2.5,1.49,0.0,0.0,0.0,0.4,0.0,-0.3,0.1,-1.2000000000000002,-169.70000000000002,0.0,0.0,169.70000000000002,0.0,21.9,29.3,29.200000000000003,29.8,300.0,300.0,31.5,35.5,29.1,28.3,30.200000000000003,4.96,1.99,4.96,0.16,0.0,0.0,1027.0,8228.0,0.0,0.0,0.0,0.0,0.0,1.0,0.0,0.0,0.0,0.0,0.0,-0.8,0.0,1.1,0.0,0.0001,16.0,25903.0
2026-07-30T19:01:14.595Z,244.078,244.092,0.0,7.4,0.0,0.0,0.0,0.0,0.0,0.0,0.0,0.0,1.0,0.0,0.0,0.0,9.0,4.0,0.0,0.0,0.0,0.0,0.0,0.0,0.0,0.0,5.0,12.0,1.0,12.18,5.01,2.5,1.49,0.0,0.0,0.0,0.4,0.0,-0.3,-0.4,-0.1,-169.70000000000002,0.0,0.0,169.8,0.0,21.9,29.3,29.200000000000003,29.8,300.0,300.0,31.5,35.5,29.1,28.3,30.200000000000003,4.95,1.99,4.97,0.16,0.0,0.0,1027.0,8228.0,0.0,0.0,0.0,0.0,0.0,1.0,0.0,0.0,0.0,0.0,0.0,-0.6000000000000001,0.0,0.0,0.0,0.0001,16.0,25903.0
2026-07-30T19:01:14.606Z,244.089,244.104,0.0,7.4,0.0,0.0,0.0,0.0,0.0,0.0,0.0,0.0,1.0,0.0,0.0,0.0,9.0,4.0,0.0,0.0,0.0,0.0,0.0,0.0,0.0,0.0,6.0,12.0,1.0,12.18,5.01,2.5,1.49,0.0,0.0,0.0,0.4,0.0,-0.3,-1.0,0.5,-169.70000000000002,0.0,0.0,169.8,0.0,21.9,29.3,29.200000000000003,29.8,300.0,300.0,31.5,35.5,29.1,28.3,30.200000000000003,4.96,1.99,4.96,0.16,0.0,0.0,1027.0,8228.0,0.0,0.0,0.0,0.0,0.0,1.0,0.0,0.0,0.0,0.0,0.0,-0.8,0.0,-0.6000000000000001,0.0,0.0,16.0,25903.0
2026-07-30T19:01:14.618Z,244.101,244.116,0.0,7.4,0.0,0.0,0.0,0.0,0.0,0.0,0.0,0.0,1.0,0.0,0.0,0.0,9.0,4.0,0.0,0.0,0.0,0.0,0.0,0.0,0.0,0.0,2.0,12.0,1.0,12.18,5.01,2.5,1.49,0.0,0.0,0.0,0.4,0.0,0.2,0.1,-0.6000000000000001,-169.70000000000002,0.0,0.0,169.8,0.0,21.9,29.3,29.200000000000003,29.8,300.0,300.0,31.5,35.5,29.1,28.3,30.200000000000003,4.96,1.99,4.97,0.16,0.0,0.0,1027.0,8228.0,0.0,0.0,0.0,0.0,0.0,1.0,0.0,0.0,0.0,0.0,0.0,-0.3,0.0,0.6000000000000001,0.0,0.0,16.0,25903.0
2026-07-30T19:01:14.631Z,244.114,244.128,0.0,7.4,0.0,0.0,0.0,0.0,0.0,0.0,0.0,0.0,1.0,0.0,0.0,0.0,9.0,4.0,0.0,0.0,0.0,0.0,0.0,0.0,0.0,0.0,3.0,12.0,1.0,12.18,5.01,2.5,1.49,0.0,0.0,0.0,0.4,0.0,-0.3,-0.4,-0.6000000000000001,-169.70000000000002,0.0,0.0,169.8,0.0,21.9,29.3,29.200000000000003,29.8,300.0,300.0,31.5,35.5,29.1,28.3,30.200000000000003,4.95,1.99,4.97,0.16,0.0,0.0,1027.0,8228.0,0.0,0.0,0.0,0.0,0.0,1.0,0.0,0.0,0.0,0.0,0.0,-0.9,0.0,0.4,0.0,0.0,16.0,25903.0
2026-07-30T19:01:14.642Z,244.125,244.14,0.0,7.4,0.0,0.0,0.0,0.0,0.0,0.0,0.0,0.0,1.0,0.0,0.0,0.0,9.0,4.0,0.0,0.0,0.0,0.0,0.0,0.0,0.0,0.0,4.0,12.0,1.0,12.18,5.01,2.5,1.49,0.0,0.0,0.0,0.4,0.0,-0.3,-0.4,0.0,-169.70000000000002,0.0,0.0,169.8,0.0,21.9,29.3,29.200000000000003,29.8,300.0,300.0,31.5,35.5,29.1,28.3,30.200000000000003,4.95,1.99,4.96,0.16,0.0,0.0,1027.0,8228.0,0.0,0.0,0.0,0.0,0.0,1.0,0.0,0.0,0.0,0.0,0.0,-0.4,0.0,-0.1,0.0,0.0,16.0,25903.0
2026-07-30T19:01:14.655Z,244.138,244.152,0.0,7.4,0.0,0.0,0.0,0.0,0.0,0.0,0.0,0.0,1.0,0.0,0.0,0.0,9.0,4.0,0.0,0.0,0.0,0.0,0.0,0.0,0.0,0.0,5.0,12.0,1.0,12.18,5.01,2.5,1.49,0.0,0.0,0.0,0.4,0.0,0.8,0.1,2.3000000000000003,-169.70000000000002,0.0,0.0,169.8,0.0,21.9,29.3,29.200000000000003,29.8,300.0,300.0,31.5,35.5,29.1,28.3,30.200000000000003,4.96,2.0,4.96,0.16,0.0,0.0,1027.0,8228.0,0.0,0.0,0.0,0.0,0.0,1.0,0.0,0.0,0.0,0.0,0.0,1.9,0.0,-2.0,0.0,0.0,16.0,25903.0
2026-07-30T19:01:14.667Z,244.15,244.164,0.0,7.4,0.0,0.0,0.0,0.0,0.0,0.0,0.0,0.0,1.0,0.0,0.0,0.0,9.0,4.0,0.0,0.0,0.0,0.0,0.0,0.0,0.0,0.0,6.0,12.0,1.0,12.18,5.01,2.5,1.49,0.0,0.0,0.0,0.4,0.0,0.2,0.1,0.0,-169.70000000000002,0.0,0.0,169.8,0.0,21.9,29.3,29.200000000000003,29.8,300.0,300.0,31.5,35.5,29.1,28.3,30.200000000000003,4.96,1.99,4.97,0.16,0.0,0.0,1027.0,8228.0,0.0,0.0,0.0,0.0,0.0,1.0,0.0,0.0,0.0,0.0,0.0,0.1,0.0,0.0,0.0,0.0,16.0,25903.0
2026-07-30T19:01:14.680Z,244.163,244.176,0.0,7.4,0.0,0.0,0.0,0.0,0.0,0.0,0.0,0.0,1.0,0.0,0.0,0.0,9.0,4.0,0.0,0.0,0.0,0.0,0.0,0.0,0.0,0.0,1.0,12.0,1.0,12.18,5.0200000000000005,2.5,1.49,0.0,0.0,0.0,0.4,0.0,-0.8,0.1,0.5,-169.70000000000002,0.0,0.0,169.8,0.0,21.200000000000003,29.3,29.200000000000003,29.8,300.0,300.0,31.6,35.5,29.1,28.3,30.200000000000003,4.95,1.99,4.97,0.16,0.0,0.0,1027.0,8228.0,0.0,0.0,0.0,0.0,0.0,1.0,0.0,0.0,0.0,0.0,0.0,0.5,0.0,-0.4,0.0,0.0,16.0,25903.0
2026-07-30T19:01:14.691Z,244.174,244.188,0.0,7.4,0.0,0.0,0.0,0.0,0.0,0.0,0.0,0.0,1.0,0.0,0.0,0.0,9.0,4.0,0.0,0.0,0.0,0.0,0.0,0.0,0.0,0.0,3.0,12.0,1.0,12.18,5.0200000000000005,2.5,1.49,0.0,0.0,0.0,0.4,0.0,-0.2,-0.9,-1.1,-169.70000000000002,0.0,0.0,169.8,0.0,21.200000000000003,29.3,29.200000000000003,29.8,300.0,300.0,31.6,35.5,29.1,28.3,30.200000000000003,4.96,1.99,4.96,0.16,0.0,0.0,1027.0,8228.0,0.0,0.0,0.0,0.0,0.0,1.0,0.0,0.0,0.0,0.0,0.0,-1.9,0.0,0.8,0.0,0.0,16.0,25903.0
2026-07-30T19:01:14.703Z,244.186,244.2,0.0,7.4,0.0,0.0,0.0,0.0,0.0,0.0,0.0,0.0,1.0,0.0,0.0,0.0,9.0,4.0,0.0,0.0,0.0,0.0,0.0,0.0,0.0,0.0,4.0,12.0,1.0,12.18,5.0200000000000005,2.5,1.49,0.0,0.0,0.0,0.4,0.0,0.9,0.2,0.0,-169.70000000000002,0.0,0.0,169.8,0.0,21.200000000000003,29.3,29.200000000000003,29.8,300.0,300.0,31.6,35.5,29.1,28.3,30.200000000000003,4.95,2.0,4.96,0.16,0.0,0.0,1027.0,8228.0,0.0,0.0,0.0,0.0,0.0,1.0,0.0,0.0,0.0,0.0,0.0,0.2,0.0,0.0,0.0,0.0,16.0,25903.0
2026-07-30T19:01:14.715Z,244.198,244.212,0.0,7.4,0.0,0.0,0.0,0.0,0.0,0.0,0.0,0.0,1.0,0.0,0.0,0.0,9.0,4.0,0.0,0.0,0.0,0.0,0.0,0.0,0.0,0.0,5.0,12.0,1.0,12.18,5.0200000000000005,2.5,1.49,0.0,0.0,0.0,0.5,0.0,0.3,1.3,1.7000000000000002,-169.70000000000002,0.0,0.0,169.8,0.0,21.200000000000003,29.3,29.200000000000003,29.8,300.0,300.0,31.6,35.5,29.1,28.3,30.200000000000003,4.95,1.99,4.97,0.16,0.0,0.0,1027.0,8228.0,0.0,0.0,0.0,0.0,0.0,1.0,0.0,0.0,0.0,0.0,0.0,2.7,0.0,-1.2000000000000002,0.0,0.0,16.0,25903.0
2026-07-30T19:01:14.726Z,244.209,244.224,0.0,7.4,0.0,0.0,0.0,0.0,0.0,0.0,0.0,0.0,1.0,0.0,0.0,0.0,9.0,4.0,0.0,0.0,0.0,0.0,0.0,0.0,0.0,0.0,6.0,12.0,1.0,12.18,5.0200000000000005,2.5,1.49,0.0,0.0,0.0,0.4,0.0,-0.2,0.7000000000000001,1.1,-169.70000000000002,0.0,0.0,169.8,0.0,21.200000000000003,29.3,29.200000000000003,29.8,300.0,300.0,31.6,35.5,29.1,28.3,30.200000000000003,4.96,1.99,4.97,0.16,0.0,0.0,1027.0,8228.0,0.0,0.0,0.0,0.0,0.0,1.0,0.0,0.0,0.0,0.0,0.0,3.8,0.0,-1.6,0.0,0.0,16.0,25903.0
2026-07-30T19:01:14.739Z,244.222,244.236,0.0,7.4,0.0,0.0,0.0,0.0,0.0,0.0,0.0,0.0,1.0,0.0,0.0,0.0,9.0,4.0,0.0,0.0,0.0,0.0,0.0,0.0,0.0,0.0,2.0,12.0,1.0,12.18,5.0200000000000005,2.5,1.49,0.0,0.0,0.0,0.4,0.0,0.3,-0.4,0.0,-169.70000000000002,0.0,0.0,169.8,0.0,21.200000000000003,29.3,29.200000000000003,29.8,300.0,300.0,31.6,35.5,29.1,28.3,30.200000000000003,4.95,1.99,4.96,0.16,0.0,0.0,1027.0,8228.0,0.0,0.0,0.0,0.0,0.0,1.0,0.0,0.0,0.0,0.0,0.0,-1.2000000000000002,0.0,-0.1,0.0,0.0001,16.0,25903.0
2026-07-30T19:01:14.751Z,244.234,244.248,0.0,7.4,0.0,0.0,0.0,0.0,0.0,0.0,0.0,0.0,1.0,0.0,0.0,0.0,9.0,4.0,0.0,0.0,0.0,0.0,0.0,0.0,0.0,0.0,3.0,12.0,1.0,12.18,5.0200000000000005,2.5,1.49,0.0,0.0,0.0,0.4,0.0,-0.2,-0.4,-0.6000000000000001,-169.70000000000002,0.0,0.0,169.8,0.0,21.200000000000003,29.3,29.200000000000003,29.8,300.0,300.0,31.6,35.5,29.1,28.3,30.200000000000003,4.95,1.99,4.97,0.16,0.0,0.0,1027.0,8228.0,0.0,0.0,0.0,0.0,0.0,1.0,0.0,0.0,0.0,0.0,0.0,2.7,0.0,-1.2000000000000002,0.0,0.0001,16.0,25903.0
2026-07-30T19:01:14.763Z,244.246,244.26,0.0,7.4,0.0,0.0,0.0,0.0,0.0,0.0,0.0,0.0,1.0,0.0,0.0,0.0,9.0,4.0,0.0,0.0,0.0,0.0,0.0,0.0,0.0,0.0,4.0,12.0,1.0,12.18,5.0200000000000005,2.5,1.49,0.0,0.0,0.0,0.4,0.0,0.3,1.3,1.1,-169.70000000000002,0.0,0.0,169.8,0.0,21.200000000000003,29.3,29.200000000000003,29.8,300.0,300.0,31.6,35.5,29.1,28.3,30.200000000000003,4.95,1.99,4.96,0.16,0.0,0.0,1027.0,8228.0,0.0,0.0,0.0,0.0,0.0,1.0,0.0,0.0,0.0,0.0,0.0,-0.3,0.0,0.5,0.0,0.0001,16.0,25903.0
2026-07-30T19:01:14.775Z,244.258,244.272,0.0,7.4,0.0,0.0,0.0,0.0,0.0,0.0,0.0,0.0,1.0,0.0,0.0,0.0,9.0,4.0,0.0,0.0,0.0,0.0,0.0,0.0,0.0,0.0,6.0,12.0,1.0,12.18,5.0200000000000005,2.5,1.49,0.0,0.0,0.0,0.4,0.0,0.9,1.2000000000000002,1.0,-169.70000000000002,0.0,0.0,169.8,0.0,21.200000000000003,29.3,29.200000000000003,29.8,300.0,300.0,31.6,35.5,29.1,28.3,30.200000000000003,4.96,2.0,4.96,0.16,0.0,0.0,1027.0,8228.0,0.0,0.0,0.0,0.0,0.0,1.0,0.0,0.0,0.0,0.0,0.0,2.2,0.0,-0.6000000000000001,0.0,0.0,16.0,25903.0
2026-07-30T19:01:14.789Z,244.272,244.284,0.0,7.4,0.0,0.0,0.0,0.0,0.0,0.0,0.0,0.0,1.0,0.0,0.0,0.0,9.0,4.0,0.0,0.0,0.0,0.0,0.0,0.0,0.0,0.0,1.0,12.0,1.0,12.17,5.04,2.5,1.49,0.0,0.0,0.0,0.4,0.0,-0.2,-0.4,0.0,-169.70000000000002,0.0,0.0,169.8,0.0,21.8,29.3,29.200000000000003,29.8,300.0,300.0,31.6,35.5,29.1,28.4,30.3,4.95,2.0,4.97,0.16,0.0,0.0,1027.0,8228.0,0.0,0.0,0.0,0.0,0.0,1.0,0.0,0.0,0.0,0.0,0.0,-0.5,0.0,0.0,0.0,0.0,16.0,25903.0
2026-07-30T19:01:14.806Z,244.289,244.296,0.0,7.4,0.0,0.0,0.0,0.0,0.0,0.0,0.0,0.0,1.0,0.0,0.0,0.0,9.0,4.0,0.0,0.0,0.0,0.0,0.0,0.0,0.0,0.0,6.0,12.0,1.0,12.17,5.04,2.5,1.49,0.0,0.0,0.0,0.4,0.0,-0.2,-1.0,-0.6000000000000001,-169.70000000000002,0.0,0.0,169.70000000000002,0.0,21.8,29.3,29.200000000000003,29.8,300.0,300.0,31.6,35.5,29.1,28.4,30.3,4.95,2.0,4.97,0.16,0.0,0.0,1027.0,8228.0,0.0,0.0,0.0,0.0,0.0,1.0,0.0,0.0,0.0,0.0,0.0,-1.6,0.0,0.3,0.0,0.0001,16.0,25903.0
2026-07-30T19:01:14.811Z,244.294,244.308,0.0,7.4,0.0,0.0,0.0,0.0,0.0,0.0,0.0,0.0,1.0,0.0,0.0,0.0,9.0,4.0,0.0,0.0,0.0,0.0,0.0,0.0,0.0,0.0,3.0,12.0,1.0,12.17,5.04,2.5,1.49,0.0,0.0,0.0,0.4,0.0,0.9,0.7000000000000001,1.7000000000000002,-169.70000000000002,0.0,0.0,169.70000000000002,0.0,21.8,29.3,29.200000000000003,29.8,300.0,300.0,31.6,35.5,29.1,28.4,30.3,4.95,1.99,4.96,0.16,0.0,0.0,1027.0,8228.0,0.0,0.0,0.0,0.0,0.0,1.0,0.0,0.0,0.0,0.0,0.0,2.1,0.0,-1.3,0.0,0.0,16.0,25903.0
2026-07-30T19:01:14.823Z,244.306,244.32,0.0,7.4,0.0,0.0,0.0,0.0,0.0,0.0,0.0,0.0,1.0,0.0,0.0,0.0,9.0,4.0,0.0,0.0,0.0,0.0,0.0,0.0,0.0,0.0,3.0,12.0,1.0,12.17,5.04,2.5,1.49,0.0,0.0,0.0,0.4,0.0,0.9,0.1,-0.6000000000000001,-169.70000000000002,0.0,0.0,169.8,0.0,21.8,29.3,29.200000000000003,29.8,300.0,300.0,31.6,35.5,29.1,28.4,30.3,4.96,1.99,4.96,0.16,0.0,0.0,1027.0,8228.0,0.0,0.0,0.0,0.0,0.0,1.0,0.0,0.0,0.0,0.0,0.0,-0.2,0.0,0.5,0.0,0.0,16.0,25903.0
2026-07-30T19:01:14.835Z,244.318,244.332,0.0,7.4,0.0,0.0,0.0,0.0,0.0,0.0,0.0,0.0,1.0,0.0,0.0,0.0,9.0,4.0,0.0,0.0,0.0,0.0,0.0,0.0,0.0,0.0,4.0,12.0,1.0,12.17,5.04,2.5,1.49,0.0,0.1,0.0,0.4,0.0,-0.2,0.1,-1.1,-169.70000000000002,0.0,0.0,169.8,0.0,21.8,29.3,29.200000000000003,29.8,300.0,300.0,31.6,35.5,29.1,28.4,30.3,4.95,1.99,4.97,0.16,0.0,0.0,1027.0,8228.0,0.0,0.0,0.0,0.0,0.0,1.0,0.0,0.0,0.0,0.0,0.0,-0.6000000000000001,0.0,1.0,0.0,0.0,16.0,25903.0
2026-07-30T19:01:14.847Z,244.33,244.344,0.0,7.4,0.0,0.0,0.0,0.0,0.0,0.0,0.0,0.0,1.0,0.0,0.0,0.0,9.0,4.0,0.0,0.0,0.0,0.0,0.0,0.0,0.0,0.0,5.0,12.0,1.0,12.17,5.04,2.5,1.49,0.0,0.0,0.0,0.4,0.0,-0.2,-1.0,0.5,-169.70000000000002,0.0,0.0,169.8,0.0,21.8,29.3,29.200000000000003,29.8,300.0,300.0,31.6,35.5,29.1,28.4,30.3,4.96,1.99,4.96,0.16,0.0,0.0,1027.0,8228.0,0.0,0.0,0.0,0.0,0.0,1.0,0.0,0.0,0.0,0.0,0.0,-0.7000000000000001,0.0,-0.6000000000000001,0.0,0.0,16.0,25903.0
2026-07-30T19:01:14.859Z,244.342,244.356,0.0,7.4,0.0,0.0,0.0,0.0,0.0,0.0,0.0,0.0,1.0,0.0,0.0,0.0,9.0,4.0,0.0,0.0,0.0,0.0,0.0,0.0,0.0,0.0,1.0,12.0,1.0,12.17,5.04,2.5,1.49,0.0,0.0,0.0,0.4,0.0,-0.7000000000000001,-0.4,-1.7000000000000002,-169.70000000000002,0.0,0.0,169.8,0.0,21.8,29.3,29.200000000000003,29.8,300.0,300.0,31.6,35.5,29.1,28.4,30.3,4.96,2.0,4.96,0.16,0.0,0.0,1027.0,8228.0,0.0,0.0,0.0,0.0,0.0,1.0,0.0,0.0,0.0,0.0,0.0,-1.8,0.0,1.4,0.0,0.0001,16.0,25903.0
2026-07-30T19:01:14.871Z,244.354,244.368,0.0,7.4,0.0,0.0,0.0,0.0,0.0,0.0,0.0,0.0,1.0,0.0,0.0,0.0,9.0,4.0,0.0,0.0,0.0,0.0,0.0,0.0,0.0,0.0,2.0,12.0,1.0,12.17,5.04,2.5,1.49,0.0,0.0,0.0,0.4,0.0,-0.2,1.3,0.0,-169.70000000000002,0.0,0.0,169.8,0.0,21.8,29.3,29.200000000000003,29.8,300.0,300.0,31.6,35.5,29.1,28.4,30.3,4.96,1.99,4.96,0.16,0.0,0.0,1027.0,8228.0,0.0,0.0,0.0,0.0,0.0,1.0,0.0,0.0,0.0,0.0,0.0,1.4,0.0,0.2,0.0,0.0001,16.0,25903.0
2026-07-30T19:01:14.884Z,244.367,244.38,0.0,7.4,0.0,0.0,0.0,0.0,0.0,0.0,0.0,0.0,1.0,0.0,0.0,0.0,9.0,4.0,0.0,0.0,0.0,0.0,0.0,0.0,0.0,0.0,3.0,12.0,1.0,12.17,5.0200000000000005,2.51,1.49,0.0,0.0,0.0,0.4,0.0,-0.7000000000000001,-0.4,-1.2000000000000002,-169.70000000000002,0.0,0.0,169.8,0.0,21.3,29.3,29.200000000000003,29.8,300.0,300.0,31.6,35.6,29.1,28.3,30.200000000000003,4.96,1.99,4.97,0.16,0.0,0.0,1027.0,8228.0,0.0,0.0,0.0,0.0,0.0,1.0,0.0,0.0,0.0,0.0,0.0,-1.4,0.0,0.9,0.0,0.0001,16.0,25903.0
2026-07-30T19:01:14.895Z,244.378,244.392,0.0,7.4,0.0,0.0,0.0,0.0,0.0,0.0,0.0,0.0,1.0,0.0,0.0,0.0,9.0,4.0,0.0,0.0,0.0,0.0,0.0,0.0,0.0,0.0,4.0,12.0,1.0,12.17,5.0200000000000005,2.51,1.49,0.0,0.0,0.0,0.4,0.0,0.4,0.1,0.5,-169.70000000000002,0.0,0.0,169.8,0.0,21.3,29.3,29.200000000000003,29.8,300.0,300.0,31.6,35.6,29.1,28.3,30.200000000000003,4.96,1.99,4.96,0.16,0.0,0.0,1027.0,8228.0,0.0,0.0,0.0,0.0,0.0,1.0,0.0,0.0,0.0,0.0,0.0,0.5,0.0,-0.4,0.0,0.0,16.0,25903.0
2026-07-30T19:01:14.907Z,244.39,244.404,0.0,7.4,0.0,0.0,0.0,0.0,0.0,0.0,0.0,0.0,1.0,0.0,0.0,0.0,9.0,4.0,0.0,0.0,0.0,0.0,0.0,0.0,0.0,0.0,6.0,12.0,1.0,12.17,5.0200000000000005,2.51,1.49,0.0,0.0,0.0,0.4,0.0,0.3,0.1,0.0,-169.70000000000002,0.0,0.0,169.8,0.0,21.3,29.3,29.200000000000003,29.8,300.0,300.0,31.6,35.6,29.1,28.3,30.200000000000003,4.96,1.99,4.96,0.16,0.0,0.0,1027.0,8228.0,0.0,0.0,0.0,0.0,0.0,1.0,0.0,0.0,0.0,0.0,0.0,0.1,0.0,0.0,0.0,0.0,16.0,25903.0
2026-07-30T19:01:14.918Z,244.401,244.416,0.0,7.4,0.0,0.0,0.0,0.0,0.0,0.0,0.0,0.0,1.0,0.0,0.0,0.0,9.0,4.0,0.0,0.0,0.0,0.0,0.0,0.0,0.0,0.0,1.0,12.0,1.0,12.17,5.0200000000000005,2.51,1.49,0.0,0.0,0.0,0.4,0.0,-0.2,0.1,-0.6000000000000001,-169.70000000000002,0.0,0.0,169.70000000000002,0.0,21.3,29.3,29.200000000000003,29.8,300.0,300.0,31.6,35.6,29.1,28.3,30.200000000000003,4.95,1.99,4.96,0.16,0.0,0.0,1027.0,8228.0,0.0,0.0,0.0,0.0,0.0,1.0,0.0,0.0,0.0,0.0,0.0,-0.3,0.0,0.6000000000000001,0.0,0.0001,16.0,25903.0
2026-07-30T19:01:14.931Z,244.414,244.428,0.0,7.4,0.0,0.0,0.0,0.0,0.0,0.0,0.0,0.0,1.0,0.0,0.0,0.0,9.0,4.0,0.0,0.0,0.0,0.0,0.0,0.0,0.0,0.0,2.0,12.0,1.0,12.17,5.0200000000000005,2.51,1.49,0.0,0.0,0.0,0.4,0.0,0.3,0.7000000000000001,1.6,-169.70000000000002,0.0,0.0,169.70000000000002,0.0,21.3,29.3,29.200000000000003,29.8,300.0,300.0,31.6,35.6,29.1,28.3,30.200000000000003,4.95,1.99,4.96,0.16,0.0,0.0,1027.0,8228.0,0.0,0.0,0.0,0.0,0.0,1.0,0.0,0.0,0.0,0.0,0.0,2.0,0.0,-1.3,0.0,0.0002,16.0,25903.0
2026-07-30T19:01:14.943Z,244.426,244.44,0.0,7.4,0.0,0.0,0.0,0.0,0.0,0.0,0.0,0.0,1.0,0.0,0.0,0.0,9.0,4.0,0.0,0.0,0.0,0.0,0.0,0.0,0.0,0.0,3.0,12.0,1.0,12.17,5.0200000000000005,2.51,1.49,0.0,0.0,0.0,0.4,0.0,-0.2,0.1,-1.2000000000000002,-169.70000000000002,0.0,0.0,169.8,0.0,21.3,29.3,29.200000000000003,29.8,300.0,300.0,31.6,35.6,29.1,28.3,30.200000000000003,4.95,2.0,4.96,0.16,0.0,0.0,1027.0,8228.0,0.0,0.0,0.0,0.0,0.0,1.0,0.0,0.0,0.0,0.0,0.0,-0.7000000000000001,0.0,1.1,0.0,0.0002,16.0,25903.0
2026-07-30T19:01:14.955Z,244.438,244.452,0.0,7.4,0.0,0.0,0.0,0.0,0.0,0.0,0.0,0.0,1.0,0.0,0.0,0.0,9.0,4.0,0.0,0.0,0.0,0.0,0.0,0.0,0.0,0.0,5.0,12.0,1.0,12.17,5.0200000000000005,2.51,1.49,0.0,0.0,0.0,0.4,0.0,0.4,0.7000000000000001,0.5,-169.70000000000002,0.0,0.0,169.8,0.0,21.3,29.3,29.200000000000003,29.8,300.0,300.0,31.6,35.6,29.1,28.3,30.200000000000003,4.95,1.99,4.97,0.16,0.0,0.0,1027.0,8228.0,0.0,0.0,0.0,0.0,0.0,1.0,0.0,0.0,0.0,0.0,0.0,1.2000000000000002,0.0,-0.3,0.0,0.0,16.0,25903.0
2026-07-30T19:01:14.967Z,244.45,244.464,0.0,7.4,0.0,0.0,0.0,0.0,0.0,0.0,0.0,0.0,1.0,0.0,0.0,0.0,9.0,4.0,0.0,0.0,0.0,0.0,0.0,0.0,0.0,0.0,6.0,12.0,1.0,12.17,5.0200000000000005,2.51,1.49,0.0,0.1,0.0,0.4,0.0,-0.1,0.1,0.5,-169.70000000000002,0.0,0.0,169.8,0.0,21.3,29.3,29.200000000000003,29.8,300.0,300.0,31.6,35.6,29.1,28.3,30.200000000000003,4.96,1.99,4.97,0.16,0.0,0.0,1027.0,8228.0,0.0,0.0,0.0,0.0,0.0,1.0,0.0,0.0,0.0,0.0,0.0,0.5,0.0,-0.4,0.0,0.0,16.0,25903.0
2026-07-30T19:01:14.979Z,244.462,244.476,0.0,7.4,0.0,0.0,0.0,0.0,0.0,0.0,0.0,0.0,1.0,0.0,0.0,0.0,9.0,4.0,0.0,0.0,0.0,0.0,0.0,0.0,0.0,0.0,2.0,12.0,1.0,12.17,5.0200000000000005,2.51,1.49,0.0,0.0,0.0,0.4,0.0,-0.8,-0.4,-0.6000000000000001,-169.70000000000002,0.0,0.0,169.8,0.0,21.3,29.3,29.200000000000003,29.8,300.0,300.0,31.6,35.6,29.1,28.3,30.200000000000003,4.96,1.99,4.96,0.16,0.0,0.0,1027.0,8228.0,0.0,0.0,0.0,0.0,0.0,1.0,0.0,0.0,0.0,0.0,0.0,-1.0,0.0,0.5,0.0,0.0001,16.0,25903.0
2026-07-30T19:01:14.991Z,244.474,244.488,0.0,7.4,0.0,0.0,0.0,0.0,0.0,0.0,0.0,0.0,1.0,0.0,0.0,0.0,9.0,4.0,0.0,0.0,0.0,0.0,0.0,0.0,0.0,0.0,3.0,12.0,1.0,12.19,5.01,2.5,1.5,0.0,0.0,0.0,0.4,0.0,-0.2,-1.0,-0.7000000000000001,-169.70000000000002,0.0,0.0,169.70000000000002,0.0,21.3,29.3,29.200000000000003,29.8,300.0,300.0,31.5,35.6,29.1,28.4,30.200000000000003,4.95,1.99,4.97,0.16,0.0,0.0,1027.0,8228.0,0.0,0.0,0.0,0.0,0.0,1.0,0.0,0.0,0.0,0.0,0.0,-1.7000000000000002,0.0,0.4,0.0,0.0001,16.0,25903.0
2026-07-30T19:01:15.003Z,244.486,244.5,0.0,7.4,0.0,0.0,0.0,0.0,0.0,0.0,0.0,0.0,1.0,0.0,0.0,0.0,9.0,4.0,0.0,0.0,0.0,0.0,0.0,0.0,0.0,0.0,5.0,12.0,1.0,12.19,5.01,2.5,1.5,0.0,0.0,0.0,0.4,0.0,-0.2,1.2000000000000002,-0.7000000000000001,-169.70000000000002,0.0,0.0,169.8,0.0,21.3,29.3,29.200000000000003,29.8,300.0,300.0,31.5,35.6,29.1,28.4,30.200000000000003,4.95,1.99,4.96,0.16,0.0,0.0,1027.0,8228.0,0.0,0.0,0.0,0.0,0.0,1.0,0.0,0.0,0.0,0.0,0.0,0.8,0.0,0.9,0.0,0.0001,16.0,25903.0
2026-07-30T19:01:15.014Z,244.497,244.512,0.0,7.4,0.0,0.0,0.0,0.0,0.0,0.0,0.0,0.0,1.0,0.0,0.0,0.0,9.0,4.0,0.0,0.0,0.0,0.0,0.0,0.0,0.0,0.0,6.0,12.0,1.0,12.19,5.01,2.5,1.5,0.0,0.0,0.0,0.4,0.0,-0.2,0.1,-0.8,-169.70000000000002,0.0,0.0,169.70000000000002,0.0,21.3,29.3,29.200000000000003,29.8,300.0,300.0,31.5,35.6,29.1,28.4,30.200000000000003,4.95,1.99,4.96,0.16,0.0,0.0,1027.0,8228.0,0.0,0.0,0.0,0.0,0.0,1.0,0.0,0.0,0.0,0.0,0.0,-0.4,0.0,0.7000000000000001,0.0,0.0,16.0,25903.0
2026-07-30T19:01:15.027Z,244.51,244.524,0.0,7.4,0.0,0.0,0.0,0.0,0.0,0.0,0.0,0.0,1.0,0.0,0.0,0.0,9.0,4.0,0.0,0.0,0.0,0.0,0.0,0.0,0.0,0.0,1.0,12.0,1.0,12.19,5.01,2.5,1.5,0.0,0.0,0.0,0.4,0.0,0.3,-0.4,0.3,-169.70000000000002,0.0,0.0,169.8,0.0,21.3,29.3,29.200000000000003,29.8,300.0,300.0,31.5,35.6,29.1,28.4,30.200000000000003,4.95,1.99,4.97,0.16,0.0,0.0,1027.0,8228.0,0.0,0.0,0.0,0.0,0.0,1.0,0.0,0.0,0.0,0.0,0.0,-0.2,0.0,-0.4,0.0,0.0002,16.0,25903.0
2026-07-30T19:01:15.038Z,244.521,244.536,0.0,7.4,0.0,0.0,0.0,0.0,0.0,0.0,0.0,0.0,1.0,0.0,0.0,0.0,9.0,4.0,0.0,0.0,0.0,0.0,0.0,0.0,0.0,0.0,3.0,12.0,1.0,12.19,5.01,2.5,1.5,0.0,0.0,0.0,0.4,0.0,-0.2,-0.4,-0.7000000000000001,-169.70000000000002,0.0,0.0,169.70000000000002,0.0,21.3,29.3,29.200000000000003,29.8,300.0,300.0,31.5,35.6,29.1,28.4,30.200000000000003,4.96,1.99,4.96,0.16,0.0,0.0,1027.0,8228.0,0.0,0.0,0.0,0.0,0.0,1.0,0.0,0.0,0.0,0.0,0.0,-1.0,0.0,0.5,0.0,0.0,16.0,25903.0
2026-07-30T19:01:15.051Z,244.534,244.548,0.0,7.4,0.0,0.0,0.0,0.0,0.0,0.0,0.0,0.0,1.0,0.0,0.0,0.0,9.0,4.0,0.0,0.0,0.0,0.0,0.0,0.0,0.0,0.0,4.0,12.0,1.0,12.19,5.01,2.5,1.5,0.0,0.0,0.0,0.4,0.0,0.3,0.7000000000000001,0.9,-169.70000000000002,0.0,0.0,169.70000000000002,0.0,21.3,29.3,29.200000000000003,29.8,300.0,300.0,31.5,35.6,29.1,28.4,30.200000000000003,4.96,1.99,4.96,0.16,0.0,0.0,1027.0,8228.0,0.0,0.0,0.0,0.0,0.0,1.0,0.0,0.0,0.0,0.0,0.0,1.5,0.0,-0.6000000000000001,0.0,0.0,16.0,25903.0
2026-07-30T19:01:15.063Z,244.546,244.56,0.0,7.4,0.0,0.0,0.0,0.0,0.0,0.0,0.0,0.0,1.0,0.0,0.0,0.0,9.0,4.0,0.0,0.0,0.0,0.0,0.0,0.0,0.0,0.0,5.0,12.0,1.0,12.19,5.01,2.5,1.5,0.0,0.0,0.0,0.4,0.0,0.3,1.2000000000000002,-0.2,-169.70000000000002,0.0,0.0,169.60000000000002,0.0,21.3,29.3,29.200000000000003,29.8,300.0,300.0,31.5,35.6,29.1,28.4,30.200000000000003,4.96,1.99,4.96,0.16,0.0,0.0,1027.0,8228.0,0.0,0.0,0.0,0.0,0.0,1.0,0.0,0.0,0.0,0.0,0.0,1.3,0.0,0.4,0.0,0.0001,16.0,25903.0
2026-07-30T19:01:15.075Z,244.558,244.572,0.0,7.4,0.0,0.0,0.0,0.0,0.0,0.0,0.0,0.0,1.0,0.0,0.0,0.0,9.0,4.0,0.0,0.0,0.0,0.0,0.0,0.0,0.0,0.0,1.0,12.0,1.0,12.19,5.01,2.5,1.5,0.0,0.0,0.0,0.5,0.0,-0.2,-0.4,-0.1,-169.70000000000002,0.0,0.0,169.70000000000002,0.0,21.3,29.3,29.200000000000003,29.8,300.0,300.0,31.5,35.6,29.1,28.4,30.200000000000003,4.95,1.99,4.97,0.16,0.0,0.0,1027.0,8228.0,0.0,0.0,0.0,0.0,0.0,1.0,0.0,0.0,0.0,0.0,0.0,-0.6000000000000001,0.0,0.0,0.0,0.0001,16.0,25903.0
2026-07-30T19:01:15.088Z,244.571,244.584,0.0,7.4,0.0,0.0,0.0,0.0,0.0,0.0,0.0,0.0,1.0,0.0,0.0,0.0,9.0,4.0,0.0,0.0,0.0,0.0,0.0,0.0,0.0,0.0,2.0,12.0,1.0,12.18,5.01,2.51,1.49,0.0,0.0,0.0,0.4,0.0,-0.8,0.1,-0.1,-169.70000000000002,0.0,0.0,169.60000000000002,0.0,21.9,29.3,29.200000000000003,29.8,300.0,300.0,31.700000000000003,35.5,29.1,28.3,30.200000000000003,4.96,2.0,4.96,0.16,0.0,0.0,1027.0,8228.0,0.0,0.0,0.0,0.0,0.0,1.0,0.0,0.0,0.0,0.0,0.0,0.0,0.0,0.1,0.0,0.0001,16.0,25903.0
2026-07-30T19:01:15.099Z,244.582,244.596,0.0,7.4,0.0,0.0,0.0,0.0,0.0,0.0,0.0,0.0,1.0,0.0,0.0,0.0,9.0,4.0,0.0,0.0,0.0,0.0,0.0,0.0,0.0,0.0,3.0,12.0,1.0,12.18,5.01,2.51,1.49,0.0,0.0,0.0,0.4,0.0,-0.2,0.1,0.9,-169.70000000000002,0.0,0.0,169.60000000000002,0.0,21.9,29.3,29.200000000000003,29.8,300.0,300.0,31.700000000000003,35.5,29.1,28.3,30.200000000000003,4.96,2.0,4.97,0.16,0.0,0.0,1027.0,8228.0,0.0,0.0,0.0,0.0,0.0,1.0,0.0,0.0,0.0,0.0,0.0,0.8,0.0,-0.8,0.0,0.0,16.0,25903.0
2026-07-30T19:01:15.115Z,244.598,244.608,0.0,7.4,0.0,0.0,0.0,0.0,0.0,0.0,0.0,0.0,1.0,0.0,0.0,0.0,9.0,4.0,0.0,0.0,0.0,0.0,0.0,0.0,0.0,0.0,4.0,12.0,1.0,12.18,5.01,2.51,1.49,0.0,0.1,0.0,0.4,0.0,-0.8,-1.0,0.3,-169.70000000000002,0.0,0.0,169.70000000000002,0.0,21.9,29.3,29.200000000000003,29.8,300.0,300.0,31.700000000000003,35.5,29.1,28.3,30.200000000000003,4.96,1.99,4.97,0.16,0.0,0.0,1027.0,8228.0,0.0,0.0,0.0,0.0,0.0,1.0,0.0,0.0,0.0,0.0,0.0,-0.8,0.0,-0.5,0.0,0.0,16.0,25903.0
2026-07-30T19:01:15.122Z,244.605,244.62,0.0,7.4,0.0,0.0,0.0,0.0,0.0,0.0,0.0,0.0,1.0,0.0,0.0,0.0,9.0,4.0,0.0,0.0,0.0,0.0,0.0,0.0,0.0,0.0,3.0,12.0,1.0,12.18,5.01,2.51,1.49,0.0,0.0,0.0,0.4,0.0,0.9,1.3,-0.7000000000000001,-169.70000000000002,0.0,0.0,169.70000000000002,0.0,21.9,29.3,29.200000000000003,29.8,300.0,300.0,31.700000000000003,35.5,29.1,28.3,30.200000000000003,4.95,1.99,4.97,0.16,0.0,0.0,1027.0,8228.0,0.0,0.0,0.0,0.0,0.0,1.0,0.0,0.0,0.0,0.0,0.0,0.9,0.0,0.9,0.0,0.0,16.0,25903.0
2026-07-30T19:01:15.135Z,244.618,244.632,0.0,7.4,0.0,0.0,0.0,0.0,0.0,0.0,0.0,0.0,1.0,0.0,0.0,0.0,9.0,4.0,0.0,0.0,0.0,0.0,0.0,0.0,0.0,0.0,4.0,12.0,1.0,12.18,5.01,2.51,1.49,-0.1,0.0,0.0,0.4,0.0,0.9,0.1,1.0,-169.70000000000002,0.0,0.0,169.8,0.0,21.9,29.3,29.200000000000003,29.8,300.0,300.0,31.700000000000003,35.5,29.1,28.3,30.200000000000003,4.96,2.0,4.96,0.16,0.0,0.0,1027.0,8228.0,0.0,0.0,0.0,0.0,0.0,1.0,0.0,0.0,0.0,0.0,0.0,0.9,0.0,-0.8,0.0,0.0001,16.0,25903.0
2026-07-30T19:01:15.147Z,244.63,244.644,0.0,7.4,0.0,0.0,0.0,0.0,0.0,0.0,0.0,0.0,1.0,0.0,0.0,0.0,9.0,4.0,0.0,0.0,0.0,0.0,0.0,0.0,0.0,0.0,5.0,12.0,1.0,12.18,5.01,2.51,1.49,0.0,0.0,0.0,0.4,0.0,0.3,0.1,-0.1,-169.70000000000002,0.0,0.0,169.70000000000002,0.0,21.9,29.3,29.200000000000003,29.8,300.0,300.0,31.700000000000003,35.5,29.1,28.3,30.200000000000003,4.96,1.99,4.97,0.16,0.0,0.0,1027.0,8228.0,0.0,0.0,0.0,0.0,0.0,1.0,0.0,0.0,0.0,0.0,0.0,0.0,0.0,0.1,0.0,0.0,16.0,25903.0
2026-07-30T19:01:15.159Z,244.642,244.656,0.0,7.4,0.0,0.0,0.0,0.0,0.0,0.0,0.0,0.0,1.0,0.0,0.0,0.0,9.0,4.0,0.0,0.0,0.0,0.0,0.0,0.0,0.0,0.0,1.0,12.0,1.0,12.18,5.01,2.51,1.49,0.0,0.0,0.0,0.4,0.0,0.3,0.7000000000000001,0.4,-169.70000000000002,0.0,0.0,169.8,0.0,21.9,29.3,29.200000000000003,29.8,300.0,300.0,31.700000000000003,35.5,29.1,28.3,30.200000000000003,4.95,1.99,4.97,0.16,0.0,0.0,1027.0,8228.0,0.0,0.0,0.0,0.0,0.0,1.0,0.0,0.0,0.0,0.0,0.0,1.1,0.0,-0.2,0.0,0.0001,16.0,25903.0
2026-07-30T19:01:15.170Z,244.653,244.668,0.0,7.4,0.0,0.0,0.0,0.0,0.0,0.0,0.0,0.0,1.0,0.0,0.0,0.0,9.0,4.0,0.0,0.0,0.0,0.0,0.0,0.0,0.0,0.0,2.0,12.0,1.0,12.18,5.01,2.51,1.49,0.0,0.0,0.0,0.4,0.0,-0.2,-0.4,0.4,-169.70000000000002,0.0,0.0,169.8,0.0,21.9,29.3,29.200000000000003,29.8,300.0,300.0,31.700000000000003,35.5,29.1,28.3,30.200000000000003,4.96,1.99,4.97,0.15,0.0,0.0,1027.0,8228.0,0.0,0.0,0.0,0.0,0.0,1.0,0.0,0.0,0.0,0.0,0.0,-0.1,0.0,-0.4,0.0,0.0001,16.0,25903.0
2026-07-30T19:01:15.183Z,244.666,244.68,0.0,7.4,0.0,0.0,0.0,0.0,0.0,0.0,0.0,0.0,1.0,0.0,0.0,0.0,9.0,4.0,0.0,0.0,0.0,0.0,0.0,0.0,0.0,0.0,3.0,12.0,1.0,12.18,5.01,2.51,1.49,0.0,0.1,0.0,0.4,0.0,0.3,0.1,-0.1,-169.70000000000002,0.0,0.0,169.70000000000002,0.0,21.9,29.3,29.200000000000003,29.8,300.0,300.0,31.700000000000003,35.5,29.1,28.3,30.200000000000003,4.95,1.99,4.96,0.15,0.0,0.0,1027.0,8228.0,0.0,0.0,0.0,0.0,0.0,1.0,0.0,0.0,0.0,0.0,0.0,0.0,0.0,0.1,0.0,0.0001,16.0,25903.0
2026-07-30T19:01:15.195Z,244.678,244.692,0.0,7.4,0.0,0.0,0.0,0.0,0.0,0.0,0.0,0.0,1.0,0.0,0.0,0.0,9.0,4.0,0.0,0.0,0.0,0.0,0.0,0.0,0.0,0.0,5.0,12.0,1.0,12.17,5.01,2.51,1.49,0.0,0.0,0.0,0.4,0.0,-0.2,-0.4,-0.7000000000000001,-169.70000000000002,0.0,0.0,169.8,0.0,21.3,29.3,29.200000000000003,29.8,300.0,300.0,31.5,35.5,29.1,28.3,30.200000000000003,4.95,1.99,4.97,0.16,0.0,0.0,1027.0,8228.0,0.0,0.0,0.0,0.0,0.0,1.0,0.0,0.0,0.0,0.0,0.0,-1.0,0.0,0.5,0.0,0.0001,16.0,25903.0
2026-07-30T19:01:15.206Z,244.689,244.704,0.0,7.4,0.0,0.0,0.0,0.0,0.0,0.0,0.0,0.0,1.0,0.0,0.0,0.0,9.0,4.0,0.0,0.0,0.0,0.0,0.0,0.0,0.0,0.0,6.0,12.0,1.0,12.17,5.01,2.51,1.49,0.0,0.1,0.0,0.4,0.0,-0.2,0.6000000000000001,0.9,-169.70000000000002,0.0,0.0,169.60000000000002,0.0,21.3,29.3,29.200000000000003,29.8,300.0,300.0,31.5,35.5,29.1,28.3,30.200000000000003,4.95,2.0,4.97,0.16,0.0,0.0,1027.0,8228.0,0.0,0.0,0.0,0.0,0.0,1.0,0.0,0.0,0.0,0.0,0.0,1.5,0.0,-0.6000000000000001,0.0,0.0,16.0,25903.0
2026-07-30T19:01:15.219Z,244.702,244.716,0.0,7.4,0.0,0.0,0.0,0.0,0.0,0.0,0.0,0.0,1.0,0.0,0.0,0.0,9.0,4.0,0.0,0.0,0.0,0.0,0.0,0.0,0.0,0.0,1.0,12.0,1.0,12.17,5.01,2.51,1.49,0.0,0.0,0.0,0.4,0.0,-0.2,-0.4,-0.2,-169.70000000000002,0.0,0.0,169.60000000000002,0.0,21.3,29.3,29.200000000000003,29.8,300.0,300.0,31.5,35.5,29.1,28.3,30.200000000000003,4.96,2.0,4.96,0.16,0.0,0.0,1027.0,8228.0,0.0,0.0,0.0,0.0,0.0,1.0,0.0,0.0,0.0,0.0,0.0,-0.7000000000000001,0.0,0.1,0.0,0.0002,16.0,25903.0
2026-07-30T19:01:15.231Z,244.714,244.728,0.0,7.4,0.0,0.0,0.0,0.0,0.0,0.0,0.0,0.0,1.0,0.0,0.0,0.0,9.0,4.0,0.0,0.0,0.0,0.0,0.0,0.0,0.0,0.0,2.0,12.0,1.0,12.17,5.01,2.51,1.49,0.0,0.0,0.0,0.4,0.0,0.9,-0.4,0.3,-169.70000000000002,0.0,0.0,169.60000000000002,0.0,21.3,29.3,29.200000000000003,29.8,300.0,300.0,31.5,35.5,29.1,28.3,30.200000000000003,4.95,2.0,4.97,0.16,0.0,0.0,1027.0,8228.0,0.0,0.0,0.0,0.0,0.0,1.0,0.0,0.0,0.0,0.0,0.0,-0.2,0.0,-0.4,0.0,0.0001,16.0,25903.0
2026-07-30T19:01:15.243Z,244.726,244.74,0.0,7.4,0.0,0.0,0.0,0.0,0.0,0.0,0.0,0.0,1.0,0.0,0.0,0.0,9.0,4.0,0.0,0.0,0.0,0.0,0.0,0.0,0.0,0.0,3.0,12.0,1.0,12.17,5.01,2.51,1.49,0.0,0.1,0.0,0.4,0.0,-0.8,0.0,-1.4,-169.70000000000002,0.0,0.0,169.70000000000002,0.0,21.3,29.3,29.200000000000003,29.8,300.0,300.0,31.5,35.5,29.1,28.3,30.200000000000003,4.95,1.99,4.96,0.16,0.0,0.0,1027.0,8228.0,0.0,0.0,0.0,0.0,0.0,1.0,0.0,0.0,0.0,0.0,0.0,0.8,0.0,-0.8,0.0,0.0,16.0,25903.0
2026-07-30T19:01:15.255Z,244.738,244.752,0.0,7.4,0.0,0.0,0.0,0.0,0.0,0.0,0.0,0.0,1.0,0.0,0.0,0.0,9.0,4.0,0.0,0.0,0.0,0.0,0.0,0.0,0.0,0.0,4.0,12.0,1.0,12.17,5.01,2.51,1.49,0.0,0.0,0.0,0.5,0.0,-0.2,-0.5,-0.7000000000000001,-169.70000000000002,0.0,0.0,169.8,0.0,21.3,29.3,29.200000000000003,29.8,300.0,300.0,31.5,35.5,29.1,28.3,30.200000000000003,4.96,1.99,4.96,0.16,0.0,0.0,1027.0,8228.0,0.0,0.0,0.0,0.0,0.0,1.0,0.0,0.0,0.0,0.0,0.0,1.2000000000000002,0.0,0.3,0.0,0.0,16.0,25903.0
2026-07-30T19:01:15.267Z,244.75,244.764,0.0,7.4,0.0,0.0,0.0,0.0,0.0,0.0,0.0,0.0,1.0,0.0,0.0,0.0,9.0,4.0,0.0,0.0,0.0,0.0,0.0,0.0,0.0,0.0,5.0,12.0,1.0,12.17,5.01,2.51,1.49,0.0,0.0,0.0,0.4,0.0,-0.8,0.0,-0.1,-169.70000000000002,0.0,0.0,169.70000000000002,0.0,21.3,29.3,29.200000000000003,29.8,300.0,300.0,31.5,35.5,29.1,28.3,30.200000000000003,4.96,1.99,4.96,0.16,0.0,0.0,1027.0,8228.0,0.0,0.0,0.0,0.0,0.0,1.0,0.0,0.0,0.0,0.0,0.0,-1.5,0.0,1.0,0.0,0.0002,16.0,25903.0
2026-07-30T19:01:15.279Z,244.762,244.776,0.0,7.4,0.0,0.0,0.0,0.0,0.0,0.0,0.0,0.0,1.0,0.0,0.0,0.0,9.0,4.0,0.0,0.0,0.0,0.0,0.0,0.0,0.0,0.0,1.0,12.0,1.0,12.17,5.01,2.51,1.49,0.0,0.0,0.0,0.4,0.0,0.3,-1.1,0.4,-169.70000000000002,0.0,0.0,169.70000000000002,0.0,21.3,29.3,29.200000000000003,29.8,300.0,300.0,31.5,35.5,29.1,28.3,30.200000000000003,4.96,1.99,4.96,0.16,0.0,0.0,1027.0,8228.0,0.0,0.0,0.0,0.0,0.0,1.0,0.0,0.0,0.0,0.0,0.0,-0.9,0.0,-0.6000000000000001,0.0,0.0,16.0,25903.0
2026-07-30T19:01:15.292Z,244.775,244.788,0.0,7.4,0.0,0.0,0.0,0.0,0.0,0.0,0.0,0.0,1.0,0.0,0.0,0.0,9.0,4.0,0.0,0.0,0.0,0.0,0.0,0.0,0.0,0.0,2.0,12.0,1.0,12.15,5.0200000000000005,2.51,1.49,0.0,0.0,0.0,0.4,0.0,-0.2,-0.5,0.0,-169.70000000000002,0.0,0.0,169.60000000000002,0.0,21.9,29.3,29.200000000000003,29.8,300.0,300.0,31.6,35.5,29.1,28.3,30.200000000000003,4.96,2.0,4.96,0.16,0.0,0.0,1027.0,8228.0,0.0,0.0,0.0,0.0,0.0,1.0,0.0,0.0,0.0,0.0,0.0,-0.6000000000000001,0.0,0.0,0.0,0.0,16.0,25903.0
2026-07-30T19:01:15.303Z,244.786,244.8,0.0,7.4,0.0,0.0,0.0,0.0,0.0,0.0,0.0,0.0,1.0,0.0,0.0,0.0,9.0,4.0,0.0,0.0,0.0,0.0,0.0,0.0,0.0,0.0,3.0,12.0,1.0,12.15,5.0200000000000005,2.51,1.49,0.0,0.1,0.0,0.4,0.0,-0.2,0.0,0.4,-169.70000000000002,0.0,0.0,169.70000000000002,0.0,21.9,29.3,29.200000000000003,29.8,300.0,300.0,31.6,35.5,29.1,28.3,30.200000000000003,4.96,1.99,4.96,0.16,0.0,0.0,1027.0,8228.0,0.0,0.0,0.0,0.0,0.0,1.0,0.0,0.0,0.0,0.0,0.0,0.4,0.0,-0.4,0.0,0.0002,16.0,25903.0
2026-07-30T19:01:15.315Z,244.798,244.812,0.0,7.4,0.0,0.0,0.0,0.0,0.0,0.0,0.0,0.0,1.0,0.0,0.0,0.0,9.0,4.0,0.0,0.0,0.0,0.0,0.0,0.0,0.0,0.0,4.0,12.0,1.0,12.15,5.0200000000000005,2.51,1.49,0.0,0.0,0.0,0.4,0.0,0.3,-0.4,-1.2000000000000002,-169.70000000000002,0.0,0.0,169.70000000000002,0.0,21.9,29.3,29.200000000000003,29.8,300.0,300.0,31.6,35.5,29.1,28.3,30.200000000000003,4.95,1.99,4.97,0.16,0.0,0.0,1027.0,8228.0,0.0,0.0,0.0,0.0,0.0,1.0,0.0,0.0,0.0,0.0,0.0,-1.4,0.0,0.9,0.0,0.0,16.0,25903.0
2026-07-30T19:01:15.326Z,244.809,244.824,0.0,7.4,0.0,0.0,0.0,0.0,0.0,0.0,0.0,0.0,1.0,0.0,0.0,0.0,9.0,4.0,0.0,0.0,0.0,0.0,0.0,0.0,0.0,0.0,5.0,12.0,1.0,12.15,5.0200000000000005,2.51,1.49,0.0,0.0,0.0,0.4,0.0,-0.2,-1.0,-0.6000000000000001,-169.70000000000002,0.0,0.0,169.8,0.0,21.9,29.3,29.200000000000003,29.8,300.0,300.0,31.6,35.5,29.1,28.3,30.200000000000003,4.96,1.99,4.96,0.16,0.0,0.0,1027.0,8228.0,0.0,0.0,0.0,0.0,0.0,1.0,0.0,0.0,0.0,0.0,0.0,-1.7000000000000002,0.0,0.3,0.0,0.0,16.0,25903.0
2026-07-30T19:01:15.338Z,244.821,244.836,0.0,7.4,0.0,0.0,0.0,0.0,0.0,0.0,0.0,0.0,1.0,0.0,0.0,0.0,9.0,4.0,0.0,0.0,0.0,0.0,0.0,0.0,0.0,0.0,6.0,12.0,1.0,12.15,5.0200000000000005,2.51,1.49,0.0,0.0,0.0,0.4,0.0,0.3,1.2000000000000002,-0.1,-169.70000000000002,0.0,0.0,169.8,0.0,21.9,29.3,29.200000000000003,29.8,300.0,300.0,31.6,35.5,29.1,28.3,30.200000000000003,4.96,1.99,4.96,0.16,0.0,0.0,1027.0,8228.0,0.0,0.0,0.0,0.0,0.0,1.0,0.0,0.0,0.0,0.0,0.0,1.2000000000000002,0.0,0.3,0.0,0.0001,16.0,25903.0
2026-07-30T19:01:15.351Z,244.834,244.848,0.0,7.4,0.0,0.0,0.0,0.0,0.0,0.0,0.0,0.0,1.0,0.0,0.0,0.0,9.0,4.0,0.0,0.0,0.0,0.0,0.0,0.0,0.0,0.0,1.0,12.0,1.0,12.15,5.0200000000000005,2.51,1.49,0.0,0.0,0.0,0.4,0.0,0.3,0.6000000000000001,-0.7000000000000001,-169.70000000000002,0.0,0.0,169.70000000000002,0.0,21.9,29.3,29.200000000000003,29.8,300.0,300.0,31.6,35.5,29.1,28.3,30.200000000000003,4.95,1.99,4.96,0.16,0.0,0.0,1027.0,8228.0,0.0,0.0,0.0,0.0,0.0,1.0,0.0,0.0,0.0,0.0,0.0,0.1,0.0,0.7000000000000001,0.0,0.0,16.0,25903.0
2026-07-30T19:01:15.363Z,244.846,244.86,0.0,7.4,0.0,0.0,0.0,0.0,0.0,0.0,0.0,0.0,1.0,0.0,0.0,0.0,9.0,4.0,0.0,0.0,0.0,0.0,0.0,0.0,0.0,0.0,3.0,12.0,1.0,12.15,5.0200000000000005,2.51,1.49,0.0,0.0,0.0,0.4,0.0,0.3,-0.5,1.0,-169.70000000000002,0.0,0.0,169.8,0.0,21.9,29.3,29.200000000000003,29.8,300.0,300.0,31.6,35.5,29.1,28.3,30.200000000000003,4.96,1.99,4.97,0.16,0.0,0.0,1027.0,8228.0,0.0,0.0,0.0,0.0,0.0,1.0,0.0,0.0,0.0,0.0,0.0,0.1,0.0,-1.0,0.0,0.0002,16.0,25903.0
2026-07-30T19:01:15.375Z,244.858,244.872,0.0,7.4,0.0,0.0,0.0,0.0,0.0,0.0,0.0,0.0,1.0,0.0,0.0,0.0,9.0,4.0,0.0,0.0,0.0,0.0,0.0,0.0,0.0,0.0,4.0,12.0,1.0,12.15,5.0200000000000005,2.51,1.49,0.0,0.0,0.0,0.5,0.0,0.9,-0.5,-0.6000000000000001,-169.70000000000002,0.0,0.0,169.70000000000002,0.0,21.9,29.3,29.200000000000003,29.8,300.0,300.0,31.6,35.5,29.1,28.3,30.200000000000003,4.95,1.99,4.96,0.16,0.0,0.0,1027.0,8228.0,0.0,0.0,0.0,0.0,0.0,1.0,0.0,0.0,0.0,0.0,0.0,-1.1,0.0,0.4,0.0,0.0,16.0,25903.0
2026-07-30T19:01:15.386Z,244.869,244.884,0.0,7.4,0.0,0.0,0.0,0.0,0.0,0.0,0.0,0.0,1.0,0.0,0.0,0.0,9.0,4.0,0.0,0.0,0.0,0.0,0.0,0.0,0.0,0.0,5.0,12.0,1.0,12.15,5.0200000000000005,2.51,1.49,0.0,0.0,0.0,0.5,0.0,0.3,0.5,-0.7000000000000001,-169.70000000000002,0.0,0.0,169.70000000000002,0.0,21.9,29.3,29.200000000000003,29.8,300.0,300.0,31.6,35.5,29.1,28.3,30.200000000000003,4.95,1.99,4.97,0.16,0.0,0.0,1027.0,8228.0,0.0,0.0,0.0,0.0,0.0,1.0,0.0,0.0,0.0,0.0,0.0,0.1,0.0,0.7000000000000001,0.0,0.0,16.0,25903.0
2026-07-30T19:01:15.399Z,244.882,244.896,0.0,7.4,0.0,0.0,0.0,0.0,0.0,0.0,0.0,0.0,1.0,0.0,0.0,0.0,9.0,4.0,0.0,0.0,0.0,0.0,0.0,0.0,0.0,0.0,6.0,12.0,1.0,12.19,5.01,2.5,1.49,0.0,0.0,0.0,0.4,0.0,0.3,1.8,1.0,-169.70000000000002,0.0,0.0,169.70000000000002,0.0,21.3,29.3,29.200000000000003,29.8,300.0,300.0,31.5,35.6,29.1,28.3,30.200000000000003,4.95,1.99,4.97,0.16,0.0,0.0,1027.0,8228.0,0.0,0.0,0.0,0.0,0.0,1.0,0.0,0.0,0.0,0.0,0.0,2.8000000000000003,0.0,-0.5,0.0,0.0,16.0,25903.0
2026-07-30T19:01:15.411Z,244.894,244.908,0.0,7.4,0.0,0.0,0.0,0.0,0.0,0.0,0.0,0.0,1.0,0.0,0.0,0.0,9.0,4.0,0.0,0.0,0.0,0.0,0.0,0.0,0.0,0.0,1.0,12.0,1.0,12.19,5.01,2.5,1.49,0.0,0.0,0.0,0.4,0.0,0.3,0.0,0.4,-169.70000000000002,0.0,0.0,169.70000000000002,0.0,21.3,29.3,29.200000000000003,29.8,300.0,300.0,31.5,35.6,29.1,28.3,30.200000000000003,4.96,1.99,4.97,0.16,0.0,0.0,1027.0,8228.0,0.0,0.0,0.0,0.0,0.0,1.0,0.0,0.0,0.0,0.0,0.0,0.3,0.0,-0.3,0.0,0.0001,16.0,25903.0
2026-07-30T19:01:15.425Z,244.908,244.92,0.0,7.4,0.0,0.0,0.0,0.0,0.0,0.0,0.0,0.0,1.0,0.0,0.0,0.0,9.0,4.0,0.0,0.0,0.0,0.0,0.0,0.0,0.0,0.0,1.0,12.0,1.0,12.19,5.01,2.5,1.49,0.0,0.0,0.0,0.4,0.0,0.3,0.0,2.1,-169.70000000000002,0.0,0.0,169.60000000000002,0.0,21.3,29.3,29.200000000000003,29.8,300.0,300.0,31.5,35.6,29.1,28.3,30.200000000000003,4.96,2.0,4.96,0.16,0.0,0.0,1027.0,8228.0,0.0,0.0,0.0,0.0,0.0,1.0,0.0,0.0,0.0,0.0,0.0,1.6,0.0,-1.9,0.0,0.0001,16.0,25903.0
2026-07-30T19:01:15.435Z,244.918,244.932,0.0,7.4,0.0,0.0,0.0,0.0,0.0,0.0,0.0,0.0,1.0,0.0,0.0,0.0,9.0,4.0,0.0,0.0,0.0,0.0,0.0,0.0,0.0,0.0,4.0,12.0,1.0,12.19,5.01,2.5,1.49,0.0,0.0,0.0,0.4,0.0,0.3,1.1,0.3,-169.70000000000002,0.0,0.0,169.70000000000002,0.0,21.3,29.3,29.200000000000003,29.8,300.0,300.0,31.5,35.6,29.1,28.3,30.200000000000003,4.96,1.99,4.97,0.16,0.0,0.0,1027.0,8228.0,0.0,0.0,0.0,0.0,0.0,1.0,0.0,0.0,0.0,0.0,0.0,1.6,0.0,0.0,0.0,0.0001,16.0,25903.0
2026-07-30T19:01:15.447Z,244.93,244.944,0.0,7.4,0.0,0.0,0.0,0.0,0.0,0.0,0.0,0.0,1.0,0.0,0.0,0.0,9.0,4.0,0.0,0.0,0.0,0.0,0.0,0.0,0.0,0.0,5.0,12.0,1.0,12.19,5.01,2.5,1.49,0.0,0.0,0.0,0.4,0.0,0.9,0.0,-0.2,-169.70000000000002,0.0,0.0,169.70000000000002,0.0,21.3,29.3,29.200000000000003,29.8,300.0,300.0,31.5,35.6,29.1,28.3,30.200000000000003,4.95,1.99,4.97,0.16,0.0,0.0,1027.0,8228.0,0.0,0.0,0.0,0.0,0.0,1.0,0.0,0.0,0.0,0.0,0.0,-0.1,0.0,0.1,0.0,0.0001,16.0,25903.0
2026-07-30T19:01:15.459Z,244.942,244.956,0.0,7.4,0.0,0.0,0.0,0.0,0.0,0.0,0.0,0.0,1.0,0.0,0.0,0.0,9.0,4.0,0.0,0.0,0.0,0.0,0.0,0.0,0.0,0.0,1.0,12.0,1.0,12.19,5.01,2.5,1.49,0.0,0.0,0.0,0.4,0.0,0.3,0.0,-0.2,-169.70000000000002,0.0,0.0,169.70000000000002,0.0,21.3,29.3,29.200000000000003,29.8,300.0,300.0,31.5,35.6,29.1,28.3,30.200000000000003,4.96,1.99,4.96,0.16,0.0,0.0,1027.0,8228.0,0.0,0.0,0.0,0.0,0.0,1.0,0.0,0.0,0.0,0.0,0.0,-0.1,0.0,0.1,0.0,0.0,16.0,25903.0
2026-07-30T19:01:15.471Z,244.954,244.968,0.0,7.4,0.0,0.0,0.0,0.0,0.0,0.0,0.0,0.0,1.0,0.0,0.0,0.0,9.0,4.0,0.0,0.0,0.0,0.0,0.0,0.0,0.0,0.0,2.0,12.0,1.0,12.19,5.01,2.5,1.49,0.0,0.0,0.0,0.4,0.0,0.3,0.0,-0.1,-169.70000000000002,0.0,0.0,169.8,0.0,21.3,29.3,29.200000000000003,29.8,300.0,300.0,31.5,35.6,29.1,28.3,30.200000000000003,4.96,1.99,4.96,0.16,0.0,0.0,1027.0,8228.0,0.0,0.0,0.0,0.0,0.0,1.0,0.0,0.0,0.0,0.0,0.0,0.0,0.0,0.1,0.0,0.0001,16.0,25903.0
2026-07-30T19:01:15.483Z,244.966,244.98,0.0,7.4,0.0,0.0,0.0,0.0,0.0,0.0,0.0,0.0,1.0,0.0,0.0,0.0,9.0,4.0,0.0,0.0,0.0,0.0,0.0,0.0,0.0,0.0,4.0,12.0,1.0,12.19,5.01,2.5,1.49,0.0,0.0,0.0,0.4,0.0,0.8,0.6000000000000001,0.9,-169.70000000000002,0.0,0.0,169.60000000000002,0.0,21.3,29.3,29.200000000000003,29.8,300.0,300.0,31.5,35.6,29.1,28.3,30.200000000000003,4.96,1.99,4.97,0.16,0.0,0.0,1027.0,8228.0,0.0,0.0,0.0,0.0,0.0,1.0,0.0,0.0,0.0,0.0,0.0,1.4,0.0,-0.7000000000000001,0.0,0.0001,16.0,25903.0
2026-07-30T19:01:15.496Z,244.979,244.992,0.0,7.4,0.0,0.0,0.0,0.0,0.0,0.0,0.0,0.0,1.0,0.0,0.0,0.0,9.0,4.0,0.0,0.0,0.0,0.0,0.0,0.0,0.0,0.0,5.0,12.0,1.0,12.15,5.01,2.51,1.49,0.0,0.1,0.0,0.4,0.0,-0.8,-0.5,-0.8,-169.70000000000002,0.0,0.0,169.70000000000002,0.0,21.700000000000003,29.200000000000003,29.200000000000003,29.8,300.0,300.0,31.5,35.6,29.1,28.3,30.200000000000003,4.96,1.99,4.97,0.16,0.0,0.0,1027.0,8228.0,0.0,0.0,0.0,0.0,0.0,1.0,0.0,0.0,0.0,0.0,0.0,-1.2000000000000002,0.0,0.6000000000000001,0.0,0.0001,16.0,25903.0
2026-07-30T19:01:15.507Z,244.99,245.004,0.0,7.4,0.0,0.0,0.0,0.0,0.0,0.0,0.0,0.0,1.0,0.0,0.0,0.0,9.0,4.0,0.0,0.0,0.0,0.0,0.0,0.0,0.0,0.0,6.0,12.0,1.0,12.15,5.01,2.51,1.49,0.0,0.0,0.0,0.4,0.0,-0.3,0.0,0.3,-169.70000000000002,0.0,0.0,169.70000000000002,0.0,21.700000000000003,29.200000000000003,29.200000000000003,29.8,300.0,300.0,31.5,35.6,29.1,28.3,30.200000000000003,4.96,1.99,4.96,0.16,0.0,0.0,1027.0,8228.0,0.0,0.0,0.0,0.0,0.0,1.0,0.0,0.0,0.0,0.0,0.0,0.2,0.0,-0.2,0.0,0.0,16.0,25903.0
2026-07-30T19:01:15.519Z,245.002,245.016,0.0,7.4,0.0,0.0,0.0,0.0,0.0,0.0,0.0,0.0,1.0,0.0,0.0,0.0,9.0,4.0,0.0,0.0,0.0,0.0,0.0,0.0,0.0,0.0,1.0,12.0,1.0,12.15,5.01,2.51,1.49,0.0,0.0,0.0,0.4,0.0,0.2,0.0,0.2,-169.70000000000002,0.0,0.0,169.8,0.0,21.700000000000003,29.200000000000003,29.200000000000003,29.8,300.0,300.0,31.5,35.6,29.1,28.3,30.200000000000003,4.95,1.99,4.97,0.16,0.0,0.0,1027.0,8228.0,0.0,0.0,0.0,0.0,0.0,1.0,0.0,0.0,0.0,0.0,0.0,0.2,0.0,-0.2,0.0,0.0,16.0,25903.0
2026-07-30T19:01:15.531Z,245.014,245.028,0.0,7.4,0.0,0.0,0.0,0.0,0.0,0.0,0.0,0.0,1.0,0.0,0.0,0.0,9.0,4.0,0.0,0.0,0.0,0.0,0.0,0.0,0.0,0.0,2.0,12.0,1.0,12.15,5.01,2.51,1.49,0.0,0.0,0.0,0.4,0.0,-0.9,0.0,-0.2,-169.70000000000002,0.0,0.0,169.8,0.0,21.700000000000003,29.200000000000003,29.200000000000003,29.8,300.0,300.0,31.5,35.6,29.1,28.3,30.200000000000003,4.95,2.0,4.96,0.16,0.0,0.0,1027.0,8228.0,0.0,0.0,0.0,0.0,0.0,1.0,0.0,0.0,0.0,0.0,0.0,-0.1,0.0,0.2,0.0,0.0001,16.0,25903.0
2026-07-30T19:01:15.543Z,245.026,245.04,0.0,7.4,0.0,0.0,0.0,0.0,0.0,0.0,0.0,0.0,1.0,0.0,0.0,0.0,9.0,4.0,0.0,0.0,0.0,0.0,0.0,0.0,0.0,0.0,4.0,12.0,1.0,12.15,5.01,2.51,1.49,0.0,0.0,0.0,0.4,0.0,-0.3,-0.5,-0.2,-169.70000000000002,0.0,0.0,169.8,0.0,21.700000000000003,29.200000000000003,29.200000000000003,29.8,300.0,300.0,31.5,35.6,29.1,28.3,30.200000000000003,4.96,1.99,4.96,0.16,0.0,0.0,1027.0,8228.0,0.0,0.0,0.0,0.0,0.0,1.0,0.0,0.0,0.0,0.0,0.0,-0.8,0.0,0.0,0.0,0.0,16.0,25903.0
2026-07-30T19:01:15.555Z,245.038,245.052,0.0,7.4,0.0,0.0,0.0,0.0,0.0,0.0,0.0,0.0,1.0,0.0,0.0,0.0,9.0,4.0,0.0,0.0,0.0,0.0,0.0,0.0,0.0,0.0,5.0,12.0,1.0,12.15,5.01,2.51,1.49,0.0,0.0,0.0,0.4,0.0,0.2,-0.5,-0.8,-169.70000000000002,0.0,0.0,169.8,0.0,21.700000000000003,29.200000000000003,29.200000000000003,29.8,300.0,300.0,31.5,35.6,29.1,28.3,30.200000000000003,4.95,1.99,4.97,0.16,0.0,0.0,1027.0,8228.0,0.0,0.0,0.0,0.0,0.0,1.0,0.0,0.0,0.0,0.0,0.0,-1.2000000000000002,0.0,0.6000000000000001,0.0,0.0001,16.0,25903.0
2026-07-30T19:01:15.567Z,245.05,245.064,0.0,7.4,0.0,0.0,0.0,0.0,0.0,0.0,0.0,0.0,1.0,0.0,0.0,0.0,9.0,4.0,0.0,0.0,0.0,0.0,0.0,0.0,0.0,0.0,1.0,12.0,1.0,12.15,5.01,2.51,1.49,0.0,0.1,0.0,0.4,0.0,-0.3,-0.5,-0.2,-169.70000000000002,0.0,0.0,169.8,0.0,21.700000000000003,29.200000000000003,29.200000000000003,29.8,300.0,300.0,31.5,35.6,29.1,28.3,30.200000000000003,4.95,1.99,4.96,0.16,0.0,0.0,1027.0,8228.0,0.0,0.0,0.0,0.0,0.0,1.0,0.0,0.0,0.0,0.0,0.0,-0.8,0.0,0.1,0.0,0.0,16.0,25903.0
2026-07-30T19:01:15.579Z,245.062,245.076,0.0,7.4,0.0,0.0,0.0,0.0,0.0,0.0,0.0,0.0,1.0,0.0,0.0,0.0,9.0,4.0,0.0,0.0,0.0,0.0,0.0,0.0,0.0,0.0,2.0,12.0,1.0,12.15,5.01,2.51,1.49,0.0,0.0,0.0,0.4,0.0,-0.9,0.5,0.8,-169.70000000000002,0.0,0.0,169.70000000000002,0.0,21.700000000000003,29.200000000000003,29.200000000000003,29.8,300.0,300.0,31.5,35.6,29.1,28.3,30.200000000000003,4.95,1.99,4.97,0.16,0.0,0.0,1027.0,8228.0,0.0,0.0,0.0,0.0,0.0,1.0,0.0,0.0,0.0,0.0,0.0,1.3,0.0,-0.6000000000000001,0.0,0.0001,16.0,25903.0
2026-07-30T19:01:15.591Z,245.074,245.088,0.0,7.4,0.0,0.0,0.0,0.0,0.0,0.0,0.0,0.0,1.0,0.0,0.0,0.0,9.0,4.0,0.0,0.0,0.0,0.0,0.0,0.0,0.0,0.0,3.0,12.0,1.0,12.15,5.01,2.51,1.49,0.0,0.0,0.0,0.4,0.0,-0.3,0.0,-1.4,-169.70000000000002,0.0,0.0,169.8,0.0,21.700000000000003,29.200000000000003,29.200000000000003,29.8,300.0,300.0,31.5,35.6,29.1,28.3,30.200000000000003,4.95,1.99,4.97,0.16,0.0,0.0,1027.0,8228.0,0.0,0.0,0.0,0.0,0.0,1.0,0.0,0.0,0.0,0.0,0.0,-1.0,0.0,1.2000000000000002,0.0,0.0,16.0,25903.0
2026-07-30T19:01:15.603Z,245.086,245.1,0.0,7.4,0.0,0.0,0.0,0.0,0.0,0.0,0.0,0.0,1.0,0.0,0.0,0.0,9.0,4.0,0.0,0.0,0.0,0.0,0.0,0.0,0.0,0.0,5.0,12.0,1.0,12.18,5.0200000000000005,2.51,1.49,0.0,0.0,0.0,0.4,0.0,0.2,-1.1,-0.8,-169.70000000000002,0.0,0.0,169.60000000000002,0.0,21.3,29.200000000000003,29.200000000000003,29.8,300.0,300.0,31.4,35.5,29.1,28.3,30.200000000000003,4.95,1.99,4.97,0.16,0.0,0.0,1027.0,8228.0,0.0,0.0,0.0,0.0,0.0,1.0,0.0,0.0,0.0,0.0,0.0,-1.9,0.0,0.5,0.0,0.0,16.0,25903.0
2026-07-30T19:01:15.614Z,245.097,245.112,0.0,7.4,0.0,0.0,0.0,0.0,0.0,0.0,0.0,0.0,1.0,0.0,0.0,0.0,9.0,4.0,0.0,0.0,0.0,0.0,0.0,0.0,0.0,0.0,6.0,12.0,1.0,12.18,5.0200000000000005,2.51,1.49,0.0,0.0,0.0,0.4,0.0,0.2,-0.5,0.8,-169.70000000000002,0.0,0.0,169.70000000000002,0.0,21.3,29.200000000000003,29.200000000000003,29.8,300.0,300.0,31.4,35.5,29.1,28.3,30.200000000000003,4.96,1.99,4.96,0.16,0.0,0.0,1027.0,8228.0,0.0,0.0,0.0,0.0,0.0,1.0,0.0,0.0,0.0,0.0,0.0,0.0,0.0,-0.8,0.0,0.0002,16.0,25903.0
2026-07-30T19:01:15.627Z,245.11,245.124,0.0,7.4,0.0,0.0,0.0,0.0,0.0,0.0,0.0,0.0,1.0,0.0,0.0,0.0,9.0,4.0,0.0,0.0,0.0,0.0,0.0,0.0,0.0,0.0,1.0,12.0,1.0,12.18,5.0200000000000005,2.51,1.49,0.0,0.1,0.0,0.4,0.0,0.2,1.2000000000000002,-0.8,-169.70000000000002,0.0,0.0,169.70000000000002,0.0,21.3,29.200000000000003,29.200000000000003,29.8,300.0,300.0,31.4,35.5,29.1,28.3,30.200000000000003,4.96,1.99,4.97,0.16,0.0,0.0,1027.0,8228.0,0.0,0.0,0.0,0.0,0.0,1.0,0.0,0.0,0.0,0.0,0.0,0.7000000000000001,0.0,0.9,0.0,0.0001,16.0,25903.0
2026-07-30T19:01:15.639Z,245.122,245.136,0.0,7.4,0.0,0.0,0.0,0.0,0.0,0.0,0.0,0.0,1.0,0.0,0.0,0.0,9.0,4.0,0.0,0.0,0.0,0.0,0.0,0.0,0.0,0.0,2.0,12.0,1.0,12.18,5.0200000000000005,2.51,1.49,0.0,0.0,0.0,0.4,0.0,-0.2,0.0,-0.1,-169.70000000000002,0.0,0.0,169.60000000000002,0.0,21.3,29.200000000000003,29.200000000000003,29.8,300.0,300.0,31.4,35.5,29.1,28.3,30.200000000000003,4.95,1.99,4.97,0.16,0.0,0.0,1027.0,8228.0,0.0,0.0,0.0,0.0,0.0,1.0,0.0,0.0,0.0,0.0,0.0,0.0,0.0,0.1,0.0,0.0001,16.0,25903.0
2026-07-30T19:01:15.652Z,245.135,245.148,0.0,7.4,0.0,0.0,0.0,0.0,0.0,0.0,0.0,0.0,1.0,0.0,0.0,0.0,9.0,4.0,0.0,0.0,0.0,0.0,0.0,0.0,0.0,0.0,3.0,12.0,1.0,12.18,5.0200000000000005,2.51,1.49,0.0,0.0,0.0,0.4,0.0,-0.2,0.6000000000000001,-0.1,-169.70000000000002,0.0,0.0,169.70000000000002,0.0,21.3,29.200000000000003,29.200000000000003,29.8,300.0,300.0,31.4,35.5,29.1,28.3,30.200000000000003,4.96,1.99,4.97,0.16,0.0,0.0,1027.0,8228.0,0.0,0.0,0.0,0.0,0.0,1.0,0.0,0.0,0.0,0.0,0.0,0.6000000000000001,0.0,0.2,0.0,0.0,16.0,25903.0
2026-07-30T19:01:15.663Z,245.146,245.16,0.0,7.4,0.0,0.0,0.0,0.0,0.0,0.0,0.0,0.0,1.0,0.0,0.0,0.0,9.0,4.0,0.0,0.0,0.0,0.0,0.0,0.0,0.0,0.0,4.0,12.0,1.0,12.18,5.0200000000000005,2.51,1.49,0.0,0.0,0.0,0.4,0.0,0.9,0.0,0.9,-169.70000000000002,0.0,0.0,169.8,0.0,21.3,29.200000000000003,29.200000000000003,29.8,300.0,300.0,31.4,35.5,29.1,28.3,30.200000000000003,4.96,1.99,4.96,0.16,0.0,0.0,1027.0,8228.0,0.0,0.0,0.0,0.0,0.0,1.0,0.0,0.0,0.0,0.0,0.0,0.7000000000000001,0.0,-0.8,0.0,0.0002,16.0,25903.0
2026-07-30T19:01:15.675Z,245.158,245.172,0.0,7.4,0.0,0.0,0.0,0.0,0.0,0.0,0.0,0.0,1.0,0.0,0.0,0.0,9.0,4.0,0.0,0.0,0.0,0.0,0.0,0.0,0.0,0.0,6.0,12.0,1.0,12.18,5.0200000000000005,2.51,1.49,0.0,0.0,0.0,0.4,0.0,0.9,0.6000000000000001,-0.7000000000000001,-169.70000000000002,0.0,0.0,169.70000000000002,0.0,21.3,29.200000000000003,29.200000000000003,29.8,300.0,300.0,31.4,35.5,29.1,28.3,30.200000000000003,4.96,1.99,4.97,0.16,0.0,0.0,1027.0,8228.0,0.0,0.0,0.0,0.0,0.0,1.0,0.0,0.0,0.0,0.0,0.0,0.1,0.0,0.8,0.0,0.0,16.0,25903.0
2026-07-30T19:01:15.687Z,245.17,245.184,0.0,7.4,0.0,0.0,0.0,0.0,0.0,0.0,0.0,0.0,1.0,0.0,0.0,0.0,9.0,4.0,0.0,0.0,0.0,0.0,0.0,0.0,0.0,0.0,1.0,12.0,1.0,12.18,5.0200000000000005,2.51,1.49,0.0,0.0,0.0,0.4,0.0,0.3,0.0,0.9,-169.70000000000002,0.0,0.0,169.60000000000002,0.0,21.3,29.200000000000003,29.200000000000003,29.8,300.0,300.0,31.4,35.5,29.1,28.3,30.200000000000003,4.95,1.99,4.97,0.16,0.0,0.0,1027.0,8228.0,0.0,0.0,0.0,0.0,0.0,1.0,0.0,0.0,0.0,0.0,0.0,0.8,0.0,-0.8,0.0,0.0,16.0,25903.0
2026-07-30T19:01:15.700Z,245.183,245.196,0.0,7.4,0.0,0.0,0.0,0.0,0.0,0.0,0.0,0.0,1.0,0.0,0.0,0.0,9.0,4.0,0.0,0.0,0.0,0.0,0.0,0.0,0.0,0.0,2.0,12.0,1.0,12.17,5.01,2.51,1.49,0.0,0.1,0.0,0.4,0.0,-0.2,0.7000000000000001,0.9,-169.70000000000002,0.0,0.0,169.60000000000002,0.0,21.4,29.200000000000003,29.200000000000003,29.8,300.0,300.0,31.4,35.5,29.1,28.3,30.200000000000003,4.96,1.99,4.96,0.16,0.0,0.0,1027.0,8228.0,0.0,0.0,0.0,0.0,0.0,1.0,0.0,0.0,0.0,0.0,0.0,1.5,0.0,-0.6000000000000001,0.0,0.0001,16.0,25903.0
2026-07-30T19:01:15.711Z,245.194,245.208,0.0,7.4,0.0,0.0,0.0,0.0,0.0,0.0,0.0,0.0,1.0,0.0,0.0,0.0,9.0,4.0,0.0,0.0,0.0,0.0,0.0,0.0,0.0,0.0,4.0,12.0,1.0,12.17,5.01,2.51,1.49,0.0,0.0,0.0,0.4,0.0,-0.2,-1.0,-0.1,-169.70000000000002,0.0,0.0,169.70000000000002,0.0,21.4,29.200000000000003,29.200000000000003,29.8,300.0,300.0,31.4,35.5,29.1,28.3,30.200000000000003,4.95,1.99,4.97,0.16,0.0,0.0,1027.0,8228.0,0.0,0.0,0.0,0.0,0.0,1.0,0.0,0.0,0.0,0.0,0.0,-1.2000000000000002,0.0,0.0,0.0,0.0001,16.0,25903.0
2026-07-30T19:01:15.726Z,245.209,245.22,0.0,7.4,0.0,0.0,0.0,0.0,0.0,0.0,0.0,0.0,1.0,0.0,0.0,0.0,9.0,4.0,0.0,0.0,0.0,0.0,0.0,0.0,0.0,0.0,5.0,12.0,1.0,12.17,5.01,2.51,1.49,0.0,0.0,0.0,0.4,0.0,0.3,0.1,-0.2,-169.70000000000002,0.0,0.0,169.8,0.0,21.4,29.200000000000003,29.200000000000003,29.8,300.0,300.0,31.4,35.5,29.1,28.3,30.200000000000003,4.95,1.99,4.96,0.16,0.0,0.0,1027.0,8228.0,0.0,0.0,0.0,0.0,0.0,1.0,0.0,0.0,0.0,0.0,0.0,0.0,0.0,0.2,0.0,0.0,16.0,25903.0
2026-07-30T19:01:15.735Z,245.218,245.232,0.0,7.4,0.0,0.0,0.0,0.0,0.0,0.0,0.0,0.0,1.0,0.0,0.0,0.0,9.0,4.0,0.0,0.0,0.0,0.0,0.0,0.0,0.0,0.0,4.0,12.0,1.0,12.17,5.01,2.51,1.49,0.0,0.0,0.0,0.4,0.0,-0.1,-0.4,-0.7000000000000001,-169.70000000000002,0.0,0.0,169.70000000000002,0.0,21.4,29.200000000000003,29.200000000000003,29.8,300.0,300.0,31.4,35.5,29.1,28.3,30.200000000000003,4.96,2.0,4.96,0.16,0.0,0.0,1027.0,8228.0,0.0,0.0,0.0,0.0,0.0,1.0,0.0,0.0,0.0,0.0,0.0,-1.1,0.0,0.5,0.0,0.0002,16.0,25903.0
2026-07-30T19:01:15.747Z,245.23,245.244,0.0,7.4,0.0,0.0,0.0,0.0,0.0,0.0,0.0,0.0,1.0,0.0,0.0,0.0,9.0,4.0,0.0,0.0,0.0,0.0,0.0,0.0,0.0,0.0,2.0,12.0,1.0,12.17,5.01,2.51,1.49,0.0,0.0,0.0,0.5,0.0,0.4,-0.4,1.0,-169.70000000000002,0.0,0.0,169.70000000000002,0.0,21.4,29.200000000000003,29.200000000000003,29.8,300.0,300.0,31.4,35.5,29.1,28.3,30.200000000000003,4.95,2.0,4.96,0.16,0.0,0.0,1027.0,8228.0,0.0,0.0,0.0,0.0,0.0,1.0,0.0,0.0,0.0,0.0,0.0,0.2,0.0,-0.9,0.0,0.0,16.0,25903.0
2026-07-30T19:01:15.759Z,245.242,245.256,0.0,7.4,0.0,0.0,0.0,0.0,0.0,0.0,0.0,0.0,1.0,0.0,0.0,0.0,9.0,4.0,0.0,0.0,0.0,0.0,0.0,0.0,0.0,0.0,3.0,12.0,1.0,12.17,5.01,2.51,1.49,0.0,0.0,0.0,0.5,0.0,-0.1,-0.4,0.9,-169.70000000000002,0.0,0.0,169.8,0.0,21.4,29.200000000000003,29.200000000000003,29.8,300.0,300.0,31.4,35.5,29.1,28.3,30.200000000000003,4.95,1.99,4.97,0.16,0.0,0.0,1027.0,8228.0,0.0,0.0,0.0,0.0,0.0,1.0,0.0,0.0,0.0,0.0,0.0,-2.0,0.0,-0.1,0.0,0.0,16.0,25903.0
2026-07-30T19:01:15.770Z,245.253,245.268,0.0,7.4,0.0,0.0,0.0,0.0,0.0,0.0,0.0,0.0,1.0,0.0,0.0,0.0,9.0,4.0,0.0,0.0,0.0,0.0,0.0,0.0,0.0,0.0,5.0,12.0,1.0,12.17,5.01,2.51,1.49,0.0,0.1,0.0,0.4,0.0,-0.8,0.6000000000000001,-0.7000000000000001,-169.70000000000002,0.0,0.0,169.70000000000002,0.0,21.4,29.200000000000003,29.200000000000003,29.8,300.0,300.0,31.4,35.5,29.1,28.3,30.200000000000003,4.95,1.99,4.96,0.16,0.0,0.0,1027.0,8228.0,0.0,0.0,0.0,0.0,0.0,1.0,0.0,0.0,0.0,0.0,0.0,0.4,0.0,-0.3,0.0,0.0001,16.0,25903.0
2026-07-30T19:01:15.783Z,245.266,245.28,0.0,7.4,0.0,0.0,0.0,0.0,0.0,0.0,0.0,0.0,1.0,0.0,0.0,0.0,9.0,4.0,0.0,0.0,0.0,0.0,0.0,0.0,0.0,0.0,5.0,12.0,1.0,12.17,5.01,2.51,1.49,0.0,0.0,0.0,0.4,0.0,-0.2,1.7000000000000002,1.6,-169.70000000000002,0.0,0.0,169.60000000000002,0.0,21.4,29.200000000000003,29.200000000000003,29.8,300.0,300.0,31.4,35.5,29.1,28.3,30.200000000000003,4.96,1.99,4.96,0.16,0.0,0.0,1027.0,8228.0,0.0,0.0,0.0,0.0,0.0,1.0,0.0,0.0,0.0,0.0,0.0,-0.5,0.0,0.6000000000000001,0.0,0.0,16.0,25903.0
2026-07-30T19:01:15.795Z,245.278,245.292,0.0,7.4,0.0,0.0,0.0,0.0,0.0,0.0,0.0,0.0,1.0,0.0,0.0,0.0,9.0,4.0,0.0,0.0,0.0,0.0,0.0,0.0,0.0,0.0,6.0,12.0,1.0,12.17,5.01,2.51,1.49,0.0,0.0,0.0,0.4,0.0,-0.2,-0.5,-0.1,-169.70000000000002,0.0,0.0,169.70000000000002,0.0,21.4,29.200000000000003,29.200000000000003,29.8,300.0,300.0,31.4,35.5,29.1,28.3,30.200000000000003,4.95,1.99,4.97,0.16,0.0,0.0,1027.0,8228.0,0.0,0.0,0.0,0.0,0.0,1.0,0.0,0.0,0.0,0.0,0.0,0.0,0.0,0.1,0.0,0.0001,16.0,25903.0
2026-07-30T19:01:15.806Z,245.289,245.304,0.0,7.4,0.0,0.0,0.0,0.0,0.0,0.0,0.0,0.0,1.0,0.0,0.0,0.0,9.0,4.0,0.0,0.0,0.0,0.0,0.0,0.0,0.0,0.0,1.0,12.0,1.0,12.17,5.0200000000000005,2.5,1.49,0.0,0.0,0.0,0.5,0.0,0.2,0.0,-0.1,-169.70000000000002,0.0,0.0,169.70000000000002,0.0,21.4,29.200000000000003,29.200000000000003,29.8,300.0,300.0,31.5,35.5,29.1,28.3,30.200000000000003,4.96,1.99,4.97,0.16,0.0,0.0,1027.0,8228.0,0.0,0.0,0.0,0.0,0.0,1.0,0.0,0.0,0.0,0.0,0.0,0.0,0.0,0.1,0.0,0.0,16.0,25903.0
2026-07-30T19:01:15.819Z,245.302,245.316,0.0,7.4,0.0,0.0,0.0,0.0,0.0,0.0,0.0,0.0,1.0,0.0,0.0,0.0,9.0,4.0,0.0,0.0,0.0,0.0,0.0,0.0,0.0,0.0,2.0,12.0,1.0,12.17,5.0200000000000005,2.5,1.49,0.0,0.0,0.0,0.4,0.0,0.3,0.6000000000000001,-0.6000000000000001,-169.70000000000002,0.0,0.0,169.70000000000002,0.0,21.4,29.200000000000003,29.200000000000003,29.8,300.0,300.0,31.5,35.5,29.1,28.3,30.200000000000003,4.96,2.0,4.96,0.16,0.0,0.0,1027.0,8228.0,0.0,0.0,0.0,0.0,0.0,1.0,0.0,0.0,0.0,0.0,0.0,0.2,0.0,0.7000000000000001,0.0,0.0,16.0,25903.0
2026-07-30T19:01:15.831Z,245.314,245.328,0.0,7.4,0.0,0.0,0.0,0.0,0.0,0.0,0.0,0.0,1.0,0.0,0.0,0.0,9.0,4.0,0.0,0.0,0.0,0.0,0.0,0.0,0.0,0.0,4.0,12.0,1.0,12.17,5.0200000000000005,2.5,1.49,0.0,0.0,0.0,0.5,0.0,0.3,0.6000000000000001,-0.7000000000000001,-169.70000000000002,0.0,0.0,169.8,0.0,21.4,29.200000000000003,29.200000000000003,29.8,300.0,300.0,31.5,35.5,29.1,28.3,30.200000000000003,4.96,1.99,4.96,0.16,0.0,0.0,1027.0,8228.0,0.0,0.0,0.0,0.0,0.0,1.0,0.0,0.0,0.0,0.0,0.0,0.1,0.0,0.7000000000000001,0.0,0.0001,16.0,25903.0
2026-07-30T19:01:15.843Z,245.326,245.34,0.0,7.4,0.0,0.0,0.0,0.0,0.0,0.0,0.0,0.0,1.0,0.0,0.0,0.0,9.0,4.0,0.0,0.0,0.0,0.0,0.0,0.0,0.0,0.0,6.0,12.0,1.0,12.17,5.0200000000000005,2.5,1.49,0.0,0.0,0.0,0.5,0.0,-0.2,-0.5,0.0,-169.70000000000002,0.0,0.0,169.8,0.0,21.4,29.200000000000003,29.200000000000003,29.8,300.0,300.0,31.5,35.5,29.1,28.3,30.200000000000003,4.95,1.99,4.97,0.16,0.0,0.0,1027.0,8228.0,0.0,0.0,0.0,0.0,0.0,1.0,0.0,0.0,0.0,0.0,0.0,-0.6000000000000001,0.0,0.0,0.0,0.0002,16.0,25903.0
2026-07-30T19:01:15.855Z,245.338,245.352,0.0,7.4,0.0,0.0,0.0,0.0,0.0,0.0,0.0,0.0,1.0,0.0,0.0,0.0,9.0,4.0,0.0,0.0,0.0,0.0,0.0,0.0,0.0,0.0,5.0,12.0,1.0,12.17,5.0200000000000005,2.5,1.49,0.0,0.0,0.0,0.4,0.0,0.9,-0.4,1.0,-169.70000000000002,0.0,0.0,169.70000000000002,0.0,21.4,29.200000000000003,29.200000000000003,29.8,300.0,300.0,31.5,35.5,29.1,28.3,30.200000000000003,4.96,1.99,4.96,0.16,0.0,0.0,1027.0,8228.0,0.0,0.0,0.0,0.0,0.0,1.0,0.0,0.0,0.0,0.0,0.0,0.2,0.0,-1.0,0.0,0.0001,16.0,25903.0
2026-07-30T19:01:15.867Z,245.35,245.364,0.0,7.4,0.0,0.0,0.0,0.0,0.0,0.0,0.0,0.0,1.0,0.0,0.0,0.0,9.0,4.0,0.0,0.0,0.0,0.0,0.0,0.0,0.0,0.0,6.0,12.0,1.0,12.17,5.0200000000000005,2.5,1.49,0.0,0.0,0.0,0.4,0.0,-0.8,1.2000000000000002,-0.7000000000000001,-169.70000000000002,0.0,0.0,169.70000000000002,0.0,21.4,29.200000000000003,29.200000000000003,29.8,300.0,300.0,31.5,35.5,29.1,28.3,30.200000000000003,4.96,2.0,4.97,0.16,0.0,0.0,1027.0,8228.0,0.0,0.0,0.0,0.0,0.0,1.0,0.0,0.0,0.0,0.0,0.0,0.8,0.0,0.9,0.0,0.0001,16.0,25903.0
2026-07-30T19:01:15.878Z,245.361,245.376,0.0,7.4,0.0,0.0,0.0,0.0,0.0,0.0,0.0,0.0,1.0,0.0,0.0,0.0,9.0,4.0,0.0,0.0,0.0,0.0,0.0,0.0,0.0,0.0,6.0,12.0,1.0,12.17,5.0200000000000005,2.5,1.49,0.0,0.0,0.0,0.4,0.0,0.3,1.2000000000000002,-0.1,-169.70000000000002,0.0,0.0,169.8,0.0,21.4,29.200000000000003,29.200000000000003,29.8,300.0,300.0,31.5,35.5,29.1,28.3,30.200000000000003,4.96,1.99,4.97,0.16,0.0,0.0,1027.0,8228.0,0.0,0.0,0.0,0.0,0.0,1.0,0.0,0.0,0.0,0.0,0.0,1.3,0.0,0.3,0.0,0.0,16.0,25903.0
2026-07-30T19:01:15.891Z,245.374,245.388,0.0,7.4,0.0,0.0,0.0,0.0,0.0,0.0,0.0,0.0,1.0,0.0,0.0,0.0,9.0,4.0,0.0,0.0,0.0,0.0,0.0,0.0,0.0,0.0,2.0,12.0,1.0,12.17,5.0200000000000005,2.5,1.49,0.0,0.0,0.0,0.4,0.0,0.3,-0.4,-0.1,-169.70000000000002,0.0,0.0,169.8,0.0,21.4,29.200000000000003,29.200000000000003,29.8,300.0,300.0,31.5,35.5,29.1,28.3,30.200000000000003,4.96,1.99,4.97,0.16,0.0,0.0,1027.0,8228.0,0.0,0.0,0.0,0.0,0.0,1.0,0.0,0.0,0.0,0.0,0.0,-0.6000000000000001,0.0,0.0,0.0,0.0002,16.0,25903.0
2026-07-30T19:01:15.904Z,245.387,245.4,0.0,7.4,0.0,0.0,0.0,0.0,0.0,0.0,0.0,0.0,1.0,0.0,0.0,0.0,9.0,4.0,0.0,0.0,0.0,0.0,0.0,0.0,0.0,0.0,3.0,12.0,1.0,12.15,5.0200000000000005,2.51,1.5,0.0,0.0,0.0,0.5,0.0,-0.2,0.1,-0.1,-169.70000000000002,0.0,0.0,169.70000000000002,0.0,21.9,29.200000000000003,29.200000000000003,29.8,300.0,300.0,31.5,35.5,29.1,28.3,30.200000000000003,4.95,2.0,4.96,0.16,0.0,0.0,1027.0,8228.0,0.0,0.0,0.0,0.0,0.0,1.0,0.0,0.0,0.0,0.0,0.0,0.0,0.0,0.1,0.0,0.0001,16.0,25903.0
2026-07-30T19:01:15.915Z,245.398,245.412,0.0,7.4,0.0,0.0,0.0,0.0,0.0,0.0,0.0,0.0,1.0,0.0,0.0,0.0,9.0,4.0,0.0,0.0,0.0,0.0,0.0,0.0,0.0,0.0,4.0,12.0,1.0,12.15,5.0200000000000005,2.51,1.5,0.0,0.0,0.0,0.4,0.0,0.3,0.6000000000000001,0.4,-169.70000000000002,0.0,0.0,169.70000000000002,0.0,21.9,29.200000000000003,29.200000000000003,29.8,300.0,300.0,31.5,35.5,29.1,28.3,30.200000000000003,4.95,2.0,4.97,0.16,0.0,0.0,1027.0,8228.0,0.0,0.0,0.0,0.0,0.0,1.0,0.0,0.0,0.0,0.0,0.0,1.1,0.0,-0.2,0.0,0.0002,16.0,25903.0
2026-07-30T19:01:15.927Z,245.41,245.424,0.0,7.4,0.0,0.0,0.0,0.0,0.0,0.0,0.0,0.0,1.0,0.0,0.0,0.0,9.0,4.0,0.0,0.0,0.0,0.0,0.0,0.0,0.0,0.0,5.0,12.0,1.0,12.15,5.0200000000000005,2.51,1.5,0.0,0.1,0.0,0.4,0.0,-0.2,0.1,-0.7000000000000001,-169.70000000000002,0.0,0.0,169.70000000000002,0.0,21.9,29.200000000000003,29.200000000000003,29.8,300.0,300.0,31.5,35.5,29.1,28.3,30.200000000000003,4.95,1.99,4.97,0.16,0.0,0.0,1027.0,8228.0,0.0,0.0,0.0,0.0,0.0,1.0,0.0,0.0,0.0,0.0,0.0,-0.4,0.0,0.6000000000000001,0.0,0.0001,16.0,25903.0
2026-07-30T19:01:15.939Z,245.422,245.436,0.0,7.4,0.0,0.0,0.0,0.0,0.0,0.0,0.0,0.0,1.0,0.0,0.0,0.0,9.0,4.0,0.0,0.0,0.0,0.0,0.0,0.0,0.0,0.0,1.0,12.0,1.0,12.15,5.0200000000000005,2.51,1.5,0.0,0.1,0.0,0.4,0.0,0.9,0.1,-0.7000000000000001,-169.70000000000002,0.0,0.0,169.8,0.0,21.9,29.200000000000003,29.200000000000003,29.8,300.0,300.0,31.5,35.5,29.1,28.3,30.200000000000003,4.96,1.99,4.97,0.15,0.0,0.0,1027.0,8228.0,0.0,0.0,0.0,0.0,0.0,1.0,0.0,0.0,0.0,0.0,0.0,-0.3,0.0,0.6000000000000001,0.0,0.0001,16.0,25903.0
2026-07-30T19:01:15.951Z,245.434,245.448,0.0,7.4,0.0,0.0,0.0,0.0,0.0,0.0,0.0,0.0,1.0,0.0,0.0,0.0,9.0,4.0,0.0,0.0,0.0,0.0,0.0,0.0,0.0,0.0,4.0,12.0,1.0,12.15,5.0200000000000005,2.51,1.5,0.0,0.0,0.0,0.4,0.0,0.3,0.1,-0.1,-169.70000000000002,0.0,0.0,169.70000000000002,0.0,21.9,29.200000000000003,29.200000000000003,29.8,300.0,300.0,31.5,35.5,29.1,28.3,30.200000000000003,4.96,1.99,4.97,0.15,0.0,0.0,1027.0,8228.0,0.0,0.0,0.0,0.0,0.0,1.0,0.0,0.0,0.0,0.0,0.0,0.0,0.0,0.1,0.0,0.0002,16.0,25903.0
2026-07-30T19:01:15.963Z,245.446,245.46,0.0,7.4,0.0,0.0,0.0,0.0,0.0,0.0,0.0,0.0,1.0,0.0,0.0,0.0,9.0,4.0,0.0,0.0,0.0,0.0,0.0,0.0,0.0,0.0,4.0,12.0,1.0,12.15,5.0200000000000005,2.51,1.5,0.0,0.0,0.0,0.4,0.0,0.3,0.1,-1.8,-169.70000000000002,0.0,0.0,169.70000000000002,0.0,21.9,29.200000000000003,29.200000000000003,29.8,300.0,300.0,31.5,35.5,29.1,28.3,30.200000000000003,4.96,1.99,4.97,0.16,0.0,0.0,1027.0,8228.0,0.0,0.0,0.0,0.0,0.0,1.0,0.0,0.0,0.0,0.0,0.0,-1.2000000000000002,0.0,1.6,0.0,0.0002,16.0,25903.0
2026-07-30T19:01:15.975Z,245.458,245.472,0.0,7.4,0.0,0.0,0.0,0.0,0.0,0.0,0.0,0.0,1.0,0.0,0.0,0.0,9.0,4.0,0.0,0.0,0.0,0.0,0.0,0.0,0.0,0.0,5.0,12.0,1.0,12.15,5.0200000000000005,2.51,1.5,0.0,0.0,0.0,0.4,0.0,-0.2,0.7000000000000001,0.4,-169.70000000000002,0.0,0.0,169.70000000000002,0.0,21.9,29.200000000000003,29.200000000000003,29.8,300.0,300.0,31.5,35.5,29.1,28.3,30.200000000000003,4.96,1.99,4.97,0.16,0.0,0.0,1027.0,8228.0,0.0,0.0,0.0,0.0,0.0,1.0,0.0,0.0,0.0,0.0,0.0,1.1,0.0,-0.2,0.0,0.0,16.0,25903.0
2026-07-30T19:01:15.986Z,245.469,245.484,0.0,7.4,0.0,0.0,0.0,0.0,0.0,0.0,0.0,0.0,1.0,0.0,0.0,0.0,9.0,4.0,0.0,0.0,0.0,0.0,0.0,0.0,0.0,0.0,2.0,12.0,1.0,12.15,5.0200000000000005,2.51,1.5,0.0,0.0,0.0,0.4,0.0,0.9,0.1,-0.1,-169.70000000000002,0.0,0.0,169.8,0.0,21.9,29.200000000000003,29.200000000000003,29.8,300.0,300.0,31.5,35.5,29.1,28.3,30.200000000000003,4.95,1.99,4.96,0.16,0.0,0.0,1027.0,8228.0,0.0,0.0,0.0,0.0,0.0,1.0,0.0,0.0,0.0,0.0,0.0,0.0,0.0,0.1,0.0,0.0,16.0,25903.0
2026-07-30T19:01:15.999Z,245.482,245.496,0.0,7.4,0.0,0.0,0.0,0.0,0.0,0.0,0.0,0.0,1.0,0.0,0.0,0.0,9.0,4.0,0.0,0.0,0.0,0.0,0.0,0.0,0.0,0.0,3.0,12.0,1.0,12.15,5.0200000000000005,2.51,1.5,0.0,0.0,0.0,0.4,0.0,-0.8,-1.5,-1.2000000000000002,-169.70000000000002,0.0,0.0,169.70000000000002,0.0,21.9,29.200000000000003,29.200000000000003,29.8,300.0,300.0,31.5,35.5,29.1,28.3,30.200000000000003,4.96,1.99,4.97,0.16,0.0,0.0,1027.0,8228.0,0.0,0.0,0.0,0.0,0.0,1.0,0.0,0.0,0.0,0.0,0.0,-2.7,0.0,0.8,0.0,0.0001,16.0,25903.0
2026-07-30T19:01:16.011Z,245.494,245.508,0.0,7.4,0.0,0.0,0.0,0.0,0.0,0.0,0.0,0.0,1.0,0.0,0.0,0.0,9.0,4.0,0.0,0.0,0.0,0.0,0.0,0.0,0.0,0.0,3.0,12.0,1.0,12.17,5.01,2.51,1.49,0.0,0.0,0.0,0.4,0.0,0.3,0.1,-0.1,-169.70000000000002,0.0,0.0,169.8,0.0,21.700000000000003,29.200000000000003,29.200000000000003,29.8,300.0,300.0,31.6,35.5,29.1,28.3,30.200000000000003,4.96,1.99,4.96,0.16,0.0,0.0,1027.0,8228.0,0.0,0.0,0.0,0.0,0.0,1.0,0.0,0.0,0.0,0.0,0.0,0.0,0.0,0.1,0.0,0.0001,16.0,25903.0
2026-07-30T19:01:16.023Z,245.506,245.52,0.0,7.4,0.0,0.0,0.0,0.0,0.0,0.0,0.0,0.0,1.0,0.0,0.0,0.0,9.0,4.0,0.0,0.0,0.0,0.0,0.0,0.0,0.0,0.0,5.0,12.0,1.0,12.17,5.01,2.51,1.49,0.0,0.0,0.0,0.4,0.0,-0.2,-0.3,-0.6000000000000001,-169.70000000000002,0.0,0.0,169.8,0.0,21.700000000000003,29.200000000000003,29.200000000000003,29.8,300.0,300.0,31.6,35.5,29.1,28.3,30.200000000000003,4.96,1.99,4.96,0.16,0.0,0.0,1027.0,8228.0,0.0,0.0,0.0,0.0,0.0,1.0,0.0,0.0,0.0,0.0,0.0,-0.9,0.0,0.5,0.0,0.0001,16.0,25903.0
2026-07-30T19:01:16.035Z,245.518,245.532,0.0,7.4,0.0,0.0,0.0,0.0,0.0,0.0,0.0,0.0,1.0,0.0,0.0,0.0,9.0,4.0,0.0,0.0,0.0,0.0,0.0,0.0,0.0,0.0,6.0,12.0,1.0,12.17,5.01,2.51,1.49,-0.1,0.1,0.0,0.4,0.0,-0.8,0.1,0.4,-169.70000000000002,0.0,0.0,169.8,0.0,21.700000000000003,29.200000000000003,29.200000000000003,29.8,300.0,300.0,31.6,35.5,29.1,28.3,30.200000000000003,4.95,1.99,4.97,0.16,0.0,0.0,1027.0,8228.0,0.0,0.0,0.0,0.0,0.0,1.0,0.0,0.0,0.0,0.0,0.0,0.5,0.0,-0.3,0.0,0.0,16.0,25903.0
2026-07-30T19:01:16.050Z,245.533,245.544,0.0,7.4,0.0,0.0,0.0,0.0,0.0,0.0,0.0,0.0,1.0,0.0,0.0,0.0,9.0,4.0,0.0,0.0,0.0,0.0,0.0,0.0,0.0,0.0,1.0,12.0,1.0,12.17,5.01,2.51,1.49,0.0,0.0,0.0,0.4,0.0,0.3,-0.9,-1.2000000000000002,-169.70000000000002,0.0,0.0,169.8,0.0,21.700000000000003,29.200000000000003,29.200000000000003,29.8,300.0,300.0,31.6,35.5,29.1,28.3,30.200000000000003,4.96,1.99,4.96,0.16,0.0,0.0,1027.0,8228.0,0.0,0.0,0.0,0.0,0.0,1.0,0.0,0.0,0.0,0.0,0.0,-2.0,0.0,0.9,0.0,0.0001,16.0,25903.0
2026-07-30T19:01:16.059Z,245.542,245.556,0.0,7.4,0.0,0.0,0.0,0.0,0.0,0.0,0.0,0.0,1.0,0.0,0.0,0.0,9.0,4.0,0.0,0.0,0.0,0.0,0.0,0.0,0.0,0.0,6.0,12.0,1.0,12.17,5.01,2.51,1.49,0.0,0.0,0.0,0.4,0.0,0.2,1.9,-0.1,-169.70000000000002,0.0,0.0,169.8,0.0,21.700000000000003,29.200000000000003,29.200000000000003,29.8,300.0,300.0,31.6,35.5,29.1,28.3,30.200000000000003,4.96,1.99,4.97,0.16,0.0,0.0,1027.0,8228.0,0.0,0.0,0.0,0.0,0.0,1.0,0.0,0.0,0.0,0.0,0.0,2.0,0.0,0.5,0.0,0.0,16.0,25903.0
2026-07-30T19:01:16.071Z,245.554,245.568,0.0,7.4,0.0,0.0,0.0,0.0,0.0,0.0,0.0,0.0,1.0,0.0,0.0,0.0,9.0,4.0,0.0,0.0,0.0,0.0,0.0,0.0,0.0,0.0,1.0,12.0,1.0,12.17,5.01,2.51,1.49,0.0,0.0,0.0,0.4,0.0,0.2,1.8,-0.1,-169.70000000000002,0.0,0.0,169.70000000000002,0.0,21.700000000000003,29.200000000000003,29.200000000000003,29.8,300.0,300.0,31.6,35.5,29.1,28.3,30.200000000000003,4.95,1.99,4.97,0.16,0.0,0.0,1027.0,8228.0,0.0,0.0,0.0,0.0,0.0,1.0,0.0,0.0,0.0,0.0,0.0,2.0,0.0,0.5,0.0,0.0001,16.0,25903.0
2026-07-30T19:01:16.083Z,245.566,245.58,0.0,7.4,0.0,0.0,0.0,0.0,0.0,0.0,0.0,0.0,1.0,0.0,0.0,0.0,9.0,4.0,0.0,0.0,0.0,0.0,0.0,0.0,0.0,0.0,3.0,12.0,1.0,12.17,5.01,2.51,1.49,0.0,0.0,0.0,0.4,0.0,0.8,0.7000000000000001,-0.1,-169.70000000000002,0.0,0.0,169.8,0.0,21.700000000000003,29.200000000000003,29.200000000000003,29.8,300.0,300.0,31.6,35.5,29.1,28.3,30.200000000000003,4.95,1.99,4.97,0.16,0.0,0.0,1027.0,8228.0,0.0,0.0,0.0,0.0,0.0,1.0,0.0,0.0,0.0,0.0,0.0,0.7000000000000001,0.0,0.2,0.0,0.0001,16.0,25903.0
2026-07-30T19:01:16.095Z,245.578,245.592,0.0,7.4,0.0,0.0,0.0,0.0,0.0,0.0,0.0,0.0,1.0,0.0,0.0,0.0,9.0,4.0,0.0,0.0,0.0,0.0,0.0,0.0,0.0,0.0,4.0,12.0,1.0,12.17,5.01,2.51,1.49,0.0,0.0,0.0,0.4,0.0,-0.8,-1.6,-1.8,-169.70000000000002,0.0,0.0,169.70000000000002,0.0,21.700000000000003,29.200000000000003,29.200000000000003,29.8,300.0,300.0,31.6,35.5,29.1,28.3,30.200000000000003,4.96,1.99,4.96,0.16,0.0,0.0,1027.0,8228.0,0.0,0.0,0.0,0.0,0.0,1.0,0.0,0.0,0.0,0.0,0.0,-3.2,0.0,1.3,0.0,0.0001,16.0,25903.0
2026-07-30T19:01:16.108Z,245.591,245.604,0.0,7.4,0.0,0.0,0.0,0.0,0.0,0.0,0.0,0.0,1.0,0.0,0.0,0.0,9.0,4.0,0.0,0.0,0.0,0.0,0.0,0.0,0.0,0.0,6.0,12.0,1.0,12.18,5.01,2.51,1.49,0.0,0.0,0.0,0.4,0.0,-0.8,0.1,-0.1,-169.70000000000002,0.0,0.0,169.70000000000002,0.0,21.3,29.200000000000003,29.200000000000003,29.8,300.0,300.0,31.5,35.5,29.1,28.3,30.200000000000003,4.96,1.99,4.96,0.16,0.0,0.0,1027.0,8228.0,0.0,0.0,0.0,0.0,0.0,1.0,0.0,0.0,0.0,0.0,0.0,0.0,0.0,0.1,0.0,0.0,16.0,25903.0
2026-07-30T19:01:16.119Z,245.602,245.616,0.0,7.4,0.0,0.0,0.0,0.0,0.0,0.0,0.0,0.0,1.0,0.0,0.0,0.0,9.0,4.0,0.0,0.0,0.0,0.0,0.0,0.0,0.0,0.0,6.0,12.0,1.0,12.18,5.01,2.51,1.49,0.0,0.0,0.0,0.4,0.0,-0.8,-0.4,-1.3,-169.70000000000002,0.0,0.0,169.8,0.0,21.3,29.200000000000003,29.200000000000003,29.8,300.0,300.0,31.5,35.5,29.1,28.3,30.200000000000003,4.95,1.99,4.96,0.16,0.0,0.0,1027.0,8228.0,0.0,0.0,0.0,0.0,0.0,1.0,0.0,0.0,0.0,0.0,0.0,-1.5,0.0,1.0,0.0,0.0001,16.0,25903.0
2026-07-30T19:01:16.131Z,245.614,245.628,0.0,7.4,0.0,0.0,0.0,0.0,0.0,0.0,0.0,0.0,1.0,0.0,0.0,0.0,9.0,4.0,0.0,0.0,0.0,0.0,0.0,0.0,0.0,0.0,1.0,12.0,1.0,12.18,5.01,2.51,1.49,0.0,0.0,0.0,0.4,0.0,0.3,0.7000000000000001,2.1,-169.70000000000002,0.0,0.0,169.8,0.0,21.3,29.200000000000003,29.200000000000003,29.8,300.0,300.0,31.5,35.5,29.1,28.3,30.200000000000003,4.96,1.99,4.96,0.16,0.0,0.0,1027.0,8228.0,0.0,0.0,0.0,0.0,0.0,1.0,0.0,0.0,0.0,0.0,0.0,2.4000000000000004,0.0,-1.7000000000000002,0.0,0.0,16.0,25903.0
2026-07-30T19:01:16.143Z,245.626,245.64,0.0,7.4,0.0,0.0,0.0,0.0,0.0,0.0,0.0,0.0,1.0,0.0,0.0,0.0,9.0,4.0,0.0,0.0,0.0,0.0,0.0,0.0,0.0,0.0,6.0,12.0,1.0,12.18,5.01,2.51,1.49,0.0,0.0,0.0,0.4,0.0,-0.2,-1.0,-0.7000000000000001,-169.70000000000002,0.0,0.0,169.70000000000002,0.0,21.3,29.200000000000003,29.200000000000003,29.8,300.0,300.0,31.5,35.5,29.1,28.3,30.200000000000003,4.95,1.99,4.97,0.16,0.0,0.0,1027.0,8228.0,0.0,0.0,0.0,0.0,0.0,1.0,0.0,0.0,0.0,0.0,0.0,-1.6,0.0,0.4,0.0,0.0,16.0,25903.0
2026-07-30T19:01:16.154Z,245.637,245.652,0.0,7.4,0.0,0.0,0.0,0.0,0.0,0.0,0.0,0.0,1.0,0.0,0.0,0.0,9.0,4.0,0.0,0.0,0.0,0.0,0.0,0.0,0.0,0.0,2.0,12.0,1.0,12.18,5.01,2.51,1.49,0.0,0.0,0.0,0.4,0.0,-0.2,0.6000000000000001,1.0,-169.70000000000002,0.0,0.0,169.8,0.0,21.3,29.200000000000003,29.200000000000003,29.8,300.0,300.0,31.5,35.5,29.1,28.3,30.200000000000003,4.95,1.99,4.97,0.16,0.0,0.0,1027.0,8228.0,0.0,0.0,0.0,0.0,0.0,1.0,0.0,0.0,0.0,0.0,0.0,1.5,0.0,-0.7000000000000001,0.0,0.0,16.0,25903.0
2026-07-30T19:01:16.167Z,245.65,245.664,0.0,7.4,0.0,0.0,0.0,0.0,0.0,0.0,0.0,0.0,1.0,0.0,0.0,0.0,9.0,4.0,0.0,0.0,0.0,0.0,0.0,0.0,0.0,0.0,3.0,12.0,1.0,12.18,5.01,2.51,1.49,0.0,0.0,0.0,0.4,0.0,-0.2,1.2000000000000002,-0.7000000000000001,-169.70000000000002,0.0,0.0,169.70000000000002,0.0,21.3,29.200000000000003,29.200000000000003,29.8,300.0,300.0,31.5,35.5,29.1,28.3,30.200000000000003,4.95,1.99,4.97,0.16,0.0,0.0,1027.0,8228.0,0.0,0.0,0.0,0.0,0.0,1.0,0.0,0.0,0.0,0.0,0.0,0.8,0.0,0.8,0.0,0.0001,16.0,25903.0
2026-07-30T19:01:16.179Z,245.662,245.676,0.0,7.4,0.0,0.0,0.0,0.0,0.0,0.0,0.0,0.0,1.0,0.0,0.0,0.0,9.0,4.0,0.0,0.0,0.0,0.0,0.0,0.0,0.0,0.0,5.0,12.0,1.0,12.18,5.01,2.51,1.49,0.0,0.0,0.0,0.4,0.0,0.9,1.2000000000000002,0.9,-169.70000000000002,0.0,0.0,169.70000000000002,0.0,21.3,29.200000000000003,29.200000000000003,29.8,300.0,300.0,31.5,35.5,29.1,28.3,30.200000000000003,4.96,1.99,4.96,0.16,0.0,0.0,1027.0,8228.0,0.0,0.0,0.0,0.0,0.0,1.0,0.0,0.0,0.0,0.0,0.0,2.0,0.0,-0.5,0.0,0.0,16.0,25903.0
2026-07-30T19:01:16.191Z,245.674,245.688,0.0,7.4,0.0,0.0,0.0,0.0,0.0,0.0,0.0,0.0,1.0,0.0,0.0,0.0,9.0,4.0,0.0,0.0,0.0,0.0,0.0,0.0,0.0,0.0,6.0,12.0,1.0,12.18,5.01,2.51,1.49,0.0,0.0,0.0,0.4,0.0,0.2,0.6000000000000001,-0.8,-169.70000000000002,0.0,0.0,169.8,0.0,21.3,29.200000000000003,29.200000000000003,29.8,300.0,300.0,31.5,35.5,29.1,28.3,30.200000000000003,4.95,1.99,4.97,0.16,0.0,0.0,1027.0,8228.0,0.0,0.0,0.0,0.0,0.0,1.0,0.0,0.0,0.0,0.0,0.0,0.0,0.0,0.8,0.0,0.0,16.0,25903.0
2026-07-30T19:01:16.203Z,245.686,245.7,0.0,7.4,0.0,0.0,0.0,0.0,0.0,0.0,0.0,0.0,1.0,0.0,0.0,0.0,9.0,4.0,0.0,0.0,0.0,0.0,0.0,0.0,0.0,0.0,1.0,12.0,1.0,12.18,5.01,2.51,1.49,0.0,0.0,0.0,0.4,0.0,-0.8,0.5,0.9,-169.70000000000002,0.0,0.0,169.8,0.0,21.3,29.200000000000003,29.200000000000003,29.8,300.0,300.0,31.5,35.5,29.1,28.3,30.200000000000003,4.95,1.99,4.96,0.16,0.0,0.0,1027.0,8228.0,0.0,0.0,0.0,0.0,0.0,1.0,0.0,0.0,0.0,0.0,0.0,1.3,0.0,-0.6000000000000001,0.0,0.0001,16.0,25903.0
2026-07-30T19:01:16.215Z,245.698,245.712,0.0,7.4,0.0,0.0,0.0,0.0,0.0,0.0,0.0,0.0,1.0,0.0,0.0,0.0,9.0,4.0,0.0,0.0,0.0,0.0,0.0,0.0,0.0,0.0,3.0,12.0,1.0,12.18,5.01,2.5,1.49,0.0,0.0,0.0,0.4,0.0,-0.2,1.7000000000000002,0.9,-169.70000000000002,0.0,0.0,169.70000000000002,0.0,21.700000000000003,29.200000000000003,29.200000000000003,29.8,300.0,300.0,31.5,35.5,29.1,28.3,30.200000000000003,4.96,2.0,4.96,0.16,0.0,0.0,1027.0,8228.0,0.0,0.0,0.0,0.0,0.0,1.0,0.0,0.0,0.0,0.0,0.0,2.7,0.0,-0.4,0.0,0.0001,16.0,25903.0
2026-07-30T19:01:16.227Z,245.71,245.724,0.0,7.4,0.0,0.0,0.0,0.0,0.0,0.0,0.0,0.0,1.0,0.0,0.0,0.0,9.0,4.0,0.0,0.0,0.0,0.0,0.0,0.0,0.0,0.0,4.0,12.0,1.0,12.18,5.01,2.5,1.49,0.0,0.0,0.0,0.4,0.0,0.3,-0.5,-0.1,-169.70000000000002,0.0,0.0,169.8,0.0,21.700000000000003,29.200000000000003,29.200000000000003,29.8,300.0,300.0,31.5,35.5,29.1,28.3,30.200000000000003,4.95,2.0,4.96,0.16,0.0,0.0,1027.0,8228.0,0.0,0.0,0.0,0.0,0.0,1.0,0.0,0.0,0.0,0.0,0.0,-0.7000000000000001,0.0,0.0,0.0,0.0,16.0,25903.0
2026-07-30T19:01:16.239Z,245.722,245.736,0.0,7.4,0.0,0.0,0.0,0.0,0.0,0.0,0.0,0.0,1.0,0.0,0.0,0.0,9.0,4.0,0.0,0.0,0.0,0.0,0.0,0.0,0.0,0.0,6.0,12.0,1.0,12.18,5.01,2.5,1.49,0.0,0.0,0.0,0.4,0.0,-0.7000000000000001,-1.1,0.3,-169.70000000000002,0.0,0.0,169.8,0.0,21.700000000000003,29.200000000000003,29.200000000000003,29.8,300.0,300.0,31.5,35.5,29.1,28.3,30.200000000000003,4.95,1.99,4.96,0.16,0.0,0.0,1027.0,8228.0,0.0,0.0,0.0,0.0,0.0,1.0,0.0,0.0,0.0,0.0,0.0,-1.0,0.0,-0.5,0.0,0.0001,16.0,25903.0
2026-07-30T19:01:16.250Z,245.733,245.748,0.0,7.4,0.0,0.0,0.0,0.0,0.0,0.0,0.0,0.0,1.0,0.0,0.0,0.0,9.0,4.0,0.0,0.0,0.0,0.0,0.0,0.0,0.0,0.0,1.0,12.0,1.0,12.18,5.01,2.5,1.49,0.0,0.0,0.0,0.4,0.0,-0.7000000000000001,1.1,0.4,-169.70000000000002,0.0,0.0,169.70000000000002,0.0,21.700000000000003,29.200000000000003,29.200000000000003,29.8,300.0,300.0,31.5,35.5,29.1,28.3,30.200000000000003,4.95,1.99,4.96,0.16,0.0,0.0,1027.0,8228.0,0.0,0.0,0.0,0.0,0.0,1.0,0.0,0.0,0.0,0.0,0.0,1.6,0.0,-0.1,0.0,0.0,16.0,25903.0
2026-07-30T19:01:16.263Z,245.746,245.76,0.0,7.4,0.0,0.0,0.0,0.0,0.0,0.0,0.0,0.0,1.0,0.0,0.0,0.0,9.0,4.0,0.0,0.0,0.0,0.0,0.0,0.0,0.0,0.0,2.0,12.0,1.0,12.18,5.01,2.5,1.49,0.0,0.1,0.0,0.4,0.0,0.3,1.7000000000000002,0.9,-169.70000000000002,0.0,0.0,169.8,0.0,21.700000000000003,29.200000000000003,29.200000000000003,29.8,300.0,300.0,31.5,35.5,29.1,28.3,30.200000000000003,4.96,1.99,4.96,0.16,0.0,0.0,1027.0,8228.0,0.0,0.0,0.0,0.0,0.0,1.0,0.0,0.0,0.0,0.0,0.0,2.7,0.0,-0.5,0.0,0.0001,16.0,25903.0
2026-07-30T19:01:16.274Z,245.757,245.772,0.0,7.4,0.0,0.0,0.0,0.0,0.0,0.0,0.0,0.0,1.0,0.0,0.0,0.0,9.0,4.0,0.0,0.0,0.0,0.0,0.0,0.0,0.0,0.0,4.0,12.0,1.0,12.18,5.01,2.5,1.49,0.0,0.0,0.0,0.5,0.0,-0.2,-0.5,-0.2,-169.70000000000002,0.0,0.0,169.8,0.0,21.700000000000003,29.200000000000003,29.200000000000003,29.8,300.0,300.0,31.5,35.5,29.1,28.3,30.200000000000003,4.95,1.99,4.97,0.16,0.0,0.0,1027.0,8228.0,0.0,0.0,0.0,0.0,0.0,1.0,0.0,0.0,0.0,0.0,0.0,-0.1,0.0,0.1,0.0,0.0001,16.0,25903.0
2026-07-30T19:01:16.286Z,245.769,245.784,0.0,7.4,0.0,0.0,0.0,0.0,0.0,0.0,0.0,0.0,1.0,0.0,0.0,0.0,9.0,4.0,0.0,0.0,0.0,0.0,0.0,0.0,0.0,0.0,5.0,12.0,1.0,12.18,5.01,2.5,1.49,0.0,0.0,0.0,0.4,0.0,-0.2,-1.1,-0.2,-169.70000000000002,0.0,0.0,169.8,0.0,21.700000000000003,29.200000000000003,29.200000000000003,29.8,300.0,300.0,31.5,35.5,29.1,28.3,30.200000000000003,4.96,1.99,4.97,0.16,0.0,0.0,1027.0,8228.0,0.0,0.0,0.0,0.0,0.0,1.0,0.0,0.0,0.0,0.0,0.0,-1.4,0.0,0.0,0.0,0.0001,16.0,25903.0
2026-07-30T19:01:16.299Z,245.782,245.796,0.0,7.4,0.0,0.0,0.0,0.0,0.0,0.0,0.0,0.0,1.0,0.0,0.0,0.0,9.0,4.0,0.0,0.0,0.0,0.0,0.0,0.0,0.0,0.0,6.0,12.0,1.0,12.18,5.01,2.5,1.49,0.0,0.0,0.0,0.4,0.0,-0.2,-0.5,-1.4,-169.70000000000002,0.0,0.0,169.8,0.0,21.700000000000003,29.200000000000003,29.200000000000003,29.8,300.0,300.0,31.5,35.5,29.1,28.3,30.200000000000003,4.96,2.0,4.96,0.16,0.0,0.0,1027.0,8228.0,0.0,0.0,0.0,0.0,0.0,1.0,0.0,0.0,0.0,0.0,0.0,0.7000000000000001,0.0,0.9,0.0,0.0,16.0,25903.0
2026-07-30T19:01:16.312Z,245.795,245.808,0.0,7.4,0.0,0.0,0.0,0.0,0.0,0.0,0.0,0.0,1.0,0.0,0.0,0.0,9.0,4.0,0.0,0.0,0.0,0.0,0.0,0.0,0.0,0.0,1.0,12.0,1.0,12.13,5.01,2.51,1.49,0.0,0.0,0.0,0.4,0.0,0.3,0.6000000000000001,0.9,-169.70000000000002,0.0,0.0,169.8,0.0,21.3,29.200000000000003,29.200000000000003,29.8,300.0,300.0,31.4,35.5,29.1,28.3,30.200000000000003,4.96,1.99,4.96,0.16,0.0,0.0,1027.0,8228.0,0.0,0.0,0.0,0.0,0.0,1.0,0.0,0.0,0.0,0.0,0.0,1.4,0.0,-0.6000000000000001,0.0,0.0001,16.0,25903.0
2026-07-30T19:01:16.323Z,245.806,245.82,0.0,7.4,0.0,0.0,0.0,0.0,0.0,0.0,0.0,0.0,1.0,0.0,0.0,0.0,9.0,4.0,0.0,0.0,0.0,0.0,0.0,0.0,0.0,0.0,3.0,12.0,1.0,12.13,5.01,2.51,1.49,0.0,0.0,0.0,0.4,0.0,0.3,0.1,-0.2,-169.70000000000002,0.0,0.0,169.70000000000002,0.0,21.3,29.200000000000003,29.200000000000003,29.8,300.0,300.0,31.4,35.5,29.1,28.3,30.200000000000003,4.95,1.99,4.97,0.16,0.0,0.0,1027.0,8228.0,0.0,0.0,0.0,0.0,0.0,1.0,0.0,0.0,0.0,0.0,0.0,0.0,0.0,0.2,0.0,0.0,16.0,25903.0
2026-07-30T19:01:16.335Z,245.818,245.832,0.0,7.4,0.0,0.0,0.0,0.0,0.0,0.0,0.0,0.0,1.0,0.0,0.0,0.0,9.0,4.0,0.0,0.0,0.0,0.0,0.0,0.0,0.0,0.0,4.0,12.0,1.0,12.13,5.01,2.51,1.49,0.0,0.0,0.0,0.4,0.0,-0.7000000000000001,0.7000000000000001,-0.1,-169.70000000000002,0.0,0.0,169.8,0.0,21.3,29.200000000000003,29.200000000000003,29.8,300.0,300.0,31.4,35.5,29.1,28.3,30.200000000000003,4.96,1.99,4.96,0.16,0.0,0.0,1027.0,8228.0,0.0,0.0,0.0,0.0,0.0,1.0,0.0,0.0,0.0,0.0,0.0,0.7000000000000001,0.0,0.2,0.0,0.0001,16.0,25903.0
2026-07-30T19:01:16.347Z,245.83,245.844,0.0,7.4,0.0,0.0,0.0,0.0,0.0,0.0,0.0,0.0,1.0,0.0,0.0,0.0,9.0,4.0,0.0,0.0,0.0,0.0,0.0,0.0,0.0,0.0,5.0,12.0,1.0,12.13,5.01,2.51,1.49,0.0,0.1,0.0,0.4,0.0,0.3,1.9,1.6,-169.70000000000002,0.0,0.0,169.8,0.0,21.3,29.200000000000003,29.200000000000003,29.8,300.0,300.0,31.4,35.5,29.1,28.3,30.200000000000003,4.96,1.99,4.97,0.16,0.0,0.0,1027.0,8228.0,0.0,0.0,0.0,0.0,0.0,1.0,0.0,0.0,0.0,0.0,0.0,3.3000000000000003,0.0,-1.0,0.0,0.0002,16.0,25903.0
2026-07-30T19:01:16.359Z,245.842,245.856,0.0,7.4,0.0,0.0,0.0,0.0,0.0,0.0,0.0,0.0,1.0,0.0,0.0,0.0,9.0,4.0,0.0,0.0,0.0,0.0,0.0,0.0,0.0,0.0,6.0,12.0,1.0,12.13,5.01,2.51,1.49,0.0,0.1,0.0,0.4,0.0,-0.2,-0.3,-0.7000000000000001,-169.70000000000002,0.0,0.0,169.8,0.0,21.3,29.200000000000003,29.200000000000003,29.8,300.0,300.0,31.4,35.5,29.1,28.3,30.200000000000003,4.95,1.99,4.97,0.16,0.0,0.0,1027.0,8228.0,0.0,0.0,0.0,0.0,0.0,1.0,0.0,0.0,0.0,0.0,0.0,-0.9,0.0,0.5,0.0,0.0001,16.0,25903.0
2026-07-30T19:01:16.371Z,245.854,245.868,0.0,7.4,0.0,0.0,0.0,0.0,0.0,0.0,0.0,0.0,1.0,0.0,0.0,0.0,9.0,4.0,0.0,0.0,0.0,0.0,0.0,0.0,0.0,0.0,6.0,12.0,1.0,12.13,5.01,2.51,1.49,0.0,0.0,0.0,0.4,0.0,0.9,1.3,1.6,-169.70000000000002,0.0,0.0,169.8,0.0,21.3,29.200000000000003,29.200000000000003,29.8,300.0,300.0,31.4,35.5,29.1,28.3,30.200000000000003,4.96,1.99,4.97,0.16,0.0,0.0,1027.0,8228.0,0.0,0.0,0.0,0.0,0.0,1.0,0.0,0.0,0.0,0.0,0.0,2.8000000000000003,0.0,-1.1,0.0,0.0,16.0,25903.0
2026-07-30T19:01:16.383Z,245.866,245.88,0.0,7.4,0.0,0.0,0.0,0.0,0.0,0.0,0.0,0.0,1.0,0.0,0.0,0.0,9.0,4.0,0.0,0.0,0.0,0.0,0.0,0.0,0.0,0.0,3.0,12.0,1.0,12.13,5.01,2.51,1.49,0.0,0.0,0.0,0.4,0.0,-0.1,0.8,1.0,-169.70000000000002,0.0,0.0,169.70000000000002,0.0,21.3,29.200000000000003,29.200000000000003,29.8,300.0,300.0,31.4,35.5,29.1,28.3,30.200000000000003,4.95,1.99,4.97,0.16,0.0,0.0,1027.0,8228.0,0.0,0.0,0.0,0.0,0.0,1.0,0.0,0.0,0.0,0.0,0.0,1.7000000000000002,0.0,-0.7000000000000001,0.0,0.0001,16.0,25903.0
2026-07-30T19:01:16.395Z,245.878,245.892,0.0,7.4,0.0,0.0,0.0,0.0,0.0,0.0,0.0,0.0,1.0,0.0,0.0,0.0,9.0,4.0,0.0,0.0,0.0,0.0,0.0,0.0,0.0,0.0,4.0,12.0,1.0,12.13,5.01,2.51,1.49,0.0,0.1,0.0,0.4,0.0,-0.7000000000000001,-0.3,-0.1,-169.70000000000002,0.0,0.0,169.8,0.0,21.3,29.200000000000003,29.200000000000003,29.8,300.0,300.0,31.4,35.5,29.1,28.3,30.200000000000003,4.95,1.99,4.97,0.16,0.0,0.0,1027.0,8228.0,0.0,0.0,0.0,0.0,0.0,1.0,0.0,0.0,0.0,0.0,0.0,-0.4,0.0,0.0,0.0,0.0002,16.0,25903.0
2026-07-30T19:01:16.406Z,245.889,245.904,0.0,7.4,0.0,0.0,0.0,0.0,0.0,0.0,0.0,0.0,1.0,0.0,0.0,0.0,9.0,4.0,0.0,0.0,0.0,0.0,0.0,0.0,0.0,0.0,6.0,12.0,1.0,12.13,5.01,2.51,1.49,0.0,0.0,0.0,0.4,0.0,-0.1,0.2,0.0,-169.70000000000002,0.0,0.0,169.8,0.0,21.3,29.200000000000003,29.200000000000003,29.8,300.0,300.0,31.4,35.5,29.1,28.3,30.200000000000003,4.95,1.99,4.97,0.16,0.0,0.0,1027.0,8228.0,0.0,0.0,0.0,0.0,0.0,1.0,0.0,0.0,0.0,0.0,0.0,0.2,0.0,0.1,0.0,0.0,16.0,25903.0
2026-07-30T19:01:16.419Z,245.902,245.916,0.0,7.4,0.0,0.0,0.0,0.0,0.0,0.0,0.0,0.0,1.0,0.0,0.0,0.0,9.0,4.0,0.0,0.0,0.0,0.0,0.0,0.0,0.0,0.0,1.0,12.0,1.0,12.17,5.01,2.51,1.49,-0.1,0.1,0.0,0.4,0.0,-0.1,-0.3,-1.2000000000000002,-169.70000000000002,0.0,0.0,169.8,0.0,21.700000000000003,29.200000000000003,29.200000000000003,29.8,300.0,300.0,31.5,35.5,29.1,28.3,30.200000000000003,4.95,1.99,4.96,0.16,0.0,0.0,1027.0,8228.0,0.0,0.0,0.0,0.0,0.0,1.0,0.0,0.0,0.0,0.0,0.0,-1.3,0.0,1.0,0.0,0.0,16.0,25903.0
2026-07-30T19:01:16.430Z,245.913,245.928,0.0,7.4,0.0,0.0,0.0,0.0,0.0,0.0,0.0,0.0,1.0,0.0,0.0,0.0,9.0,4.0,0.0,0.0,0.0,0.0,0.0,0.0,0.0,0.0,3.0,12.0,1.0,12.17,5.01,2.51,1.49,0.0,0.0,0.0,0.4,0.0,-0.1,-0.3,1.0,-169.70000000000002,0.0,0.0,169.8,0.0,21.700000000000003,29.200000000000003,29.200000000000003,29.8,300.0,300.0,31.5,35.5,29.1,28.3,30.200000000000003,4.95,1.99,4.96,0.16,0.0,0.0,1027.0,8228.0,0.0,0.0,0.0,0.0,0.0,1.0,0.0,0.0,0.0,0.0,0.0,0.3,0.0,-1.0,0.0,0.0,16.0,25903.0
2026-07-30T19:01:16.443Z,245.926,245.94,0.0,7.4,0.0,0.0,0.0,0.0,0.0,0.0,0.0,0.0,1.0,0.0,0.0,0.0,9.0,4.0,0.0,0.0,0.0,0.0,0.0,0.0,0.0,0.0,4.0,12.0,1.0,12.17,5.01,2.51,1.49,0.0,0.1,0.0,0.4,0.0,0.4,1.3,0.4,-169.70000000000002,0.0,0.0,169.8,0.0,21.700000000000003,29.200000000000003,29.200000000000003,29.8,300.0,300.0,31.5,35.5,29.1,28.3,30.200000000000003,4.95,2.0,4.96,0.16,0.0,0.0,1027.0,8228.0,0.0,0.0,0.0,0.0,0.0,1.0,0.0,0.0,0.0,0.0,0.0,1.9,0.0,-0.1,0.0,0.0001,16.0,25903.0
2026-07-30T19:01:16.454Z,245.937,245.952,0.0,7.4,0.0,0.0,0.0,0.0,0.0,0.0,0.0,0.0,1.0,0.0,0.0,0.0,9.0,4.0,0.0,0.0,0.0,0.0,0.0,0.0,0.0,0.0,6.0,12.0,1.0,12.17,5.01,2.51,1.49,0.0,0.0,0.0,0.4,0.0,0.3,-0.3,-0.7000000000000001,-169.70000000000002,0.0,0.0,169.8,0.0,21.700000000000003,29.200000000000003,29.200000000000003,29.8,300.0,300.0,31.5,35.5,29.1,28.3,30.200000000000003,4.96,1.99,4.96,0.16,0.0,0.0,1027.0,8228.0,0.0,0.0,0.0,0.0,0.0,1.0,0.0,0.0,0.0,0.0,0.0,-0.9,0.0,0.5,0.0,0.0001,16.0,25903.0
2026-07-30T19:01:16.467Z,245.95,245.964,0.0,7.4,0.0,0.0,0.0,0.0,0.0,0.0,0.0,0.0,1.0,0.0,0.0,0.0,9.0,4.0,0.0,0.0,0.0,0.0,0.0,0.0,0.0,0.0,1.0,12.0,1.0,12.17,5.01,2.51,1.49,0.0,0.0,0.0,0.5,0.0,0.3,-0.3,1.0,-169.70000000000002,0.0,0.0,169.8,0.0,21.700000000000003,29.200000000000003,29.200000000000003,29.8,300.0,300.0,31.5,35.5,29.1,28.3,30.200000000000003,4.96,1.99,4.96,0.16,0.0,0.0,1027.0,8228.0,0.0,0.0,0.0,0.0,0.0,1.0,0.0,0.0,0.0,0.0,0.0,0.3,0.0,-0.9,0.0,0.0001,16.0,25903.0
2026-07-30T19:01:16.478Z,245.961,245.976,0.0,7.4,0.0,0.0,0.0,0.0,0.0,0.0,0.0,0.0,1.0,0.0,0.0,0.0,9.0,4.0,0.0,0.0,0.0,0.0,0.0,0.0,0.0,0.0,3.0,12.0,1.0,12.17,5.01,2.51,1.49,0.0,0.0,0.0,0.4,0.0,-0.2,-0.3,1.6,-169.70000000000002,0.0,0.0,169.8,0.0,21.700000000000003,29.200000000000003,29.200000000000003,29.8,300.0,300.0,31.5,35.5,29.1,28.3,30.200000000000003,4.95,1.99,4.97,0.16,0.0,0.0,1027.0,8228.0,0.0,0.0,0.0,0.0,0.0,1.0,0.0,0.0,0.0,0.0,0.0,0.7000000000000001,0.0,-1.4,0.0,0.0,16.0,25903.0
2026-07-30T19:01:16.491Z,245.974,245.988,0.0,7.4,0.0,0.0,0.0,0.0,0.0,0.0,0.0,0.0,1.0,0.0,0.0,0.0,9.0,4.0,0.0,0.0,0.0,0.0,0.0,0.0,0.0,0.0,5.0,12.0,1.0,12.17,5.01,2.51,1.49,0.0,0.0,0.0,0.4,0.0,-0.2,0.7000000000000001,0.4,-169.70000000000002,0.0,0.0,169.70000000000002,0.0,21.700000000000003,29.200000000000003,29.200000000000003,29.8,300.0,300.0,31.5,35.5,29.1,28.3,30.200000000000003,4.95,1.99,4.97,0.16,0.0,0.0,1027.0,8228.0,0.0,0.0,0.0,0.0,0.0,1.0,0.0,0.0,0.0,0.0,0.0,1.1,0.0,-0.2,0.0,0.0,16.0,25903.0
2026-07-30T19:01:16.503Z,245.986,246.0,0.0,7.4,0.0,0.0,0.0,0.0,0.0,0.0,0.0,0.0,1.0,0.0,0.0,0.0,9.0,4.0,0.0,0.0,0.0,0.0,0.0,0.0,0.0,0.0,6.0,12.0,1.0,12.17,5.01,2.51,1.49,0.0,0.0,0.0,0.4,0.0,-0.2,0.1,-0.1,-169.70000000000002,0.0,0.0,169.70000000000002,0.0,21.700000000000003,29.200000000000003,29.200000000000003,29.8,300.0,300.0,31.5,35.5,29.1,28.3,30.200000000000003,4.95,1.99,4.97,0.16,0.0,0.0,1027.0,8228.0,0.0,0.0,0.0,0.0,0.0,1.0,0.0,0.0,0.0,0.0,0.0,0.0,0.0,0.1,0.0,0.0002,16.0,25903.0
2026-07-30T19:01:16.516Z,245.999,246.012,0.0,7.4,0.0,0.0,0.0,0.0,0.0,0.0,0.0,0.0,1.0,0.0,0.0,0.0,9.0,4.0,0.0,0.0,0.0,0.0,0.0,0.0,0.0,0.0,1.0,12.0,1.0,12.13,5.0200000000000005,2.5,1.49,0.0,0.1,0.0,0.4,0.0,-0.2,-0.4,-0.7000000000000001,-169.70000000000002,0.0,0.0,169.70000000000002,0.0,21.4,29.200000000000003,29.200000000000003,29.8,300.0,300.0,31.5,35.6,29.1,28.3,30.200000000000003,4.95,1.99,4.97,0.16,0.0,0.0,1027.0,8228.0,0.0,0.0,0.0,0.0,0.0,1.0,0.0,0.0,0.0,0.0,0.0,-1.1,0.0,0.5,0.0,0.0,16.0,25903.0
2026-07-30T19:01:16.527Z,246.01,246.024,0.0,7.4,0.0,0.0,0.0,0.0,0.0,0.0,0.0,0.0,1.0,0.0,0.0,0.0,9.0,4.0,0.0,0.0,0.0,0.0,0.0,0.0,0.0,0.0,3.0,12.0,1.0,12.13,5.0200000000000005,2.5,1.49,0.0,0.0,0.0,0.5,0.0,0.3,0.1,0.9,-169.70000000000002,0.0,0.0,169.60000000000002,0.0,21.4,29.200000000000003,29.200000000000003,29.8,300.0,300.0,31.5,35.6,29.1,28.3,30.200000000000003,4.96,1.99,4.96,0.16,0.0,0.0,1027.0,8228.0,0.0,0.0,0.0,0.0,0.0,1.0,0.0,0.0,0.0,0.0,0.0,0.8,0.0,-0.8,0.0,0.0001,16.0,25903.0
2026-07-30T19:01:16.539Z,246.022,246.036,0.0,7.4,0.0,0.0,0.0,0.0,0.0,0.0,0.0,0.0,1.0,0.0,0.0,0.0,9.0,4.0,0.0,0.0,0.0,0.0,0.0,0.0,0.0,0.0,5.0,12.0,1.0,12.13,5.0200000000000005,2.5,1.49,0.0,0.0,0.0,0.4,0.0,-0.2,0.1,-0.7000000000000001,-169.70000000000002,0.0,0.0,169.70000000000002,0.0,21.4,29.200000000000003,29.200000000000003,29.8,300.0,300.0,31.5,35.6,29.1,28.3,30.200000000000003,4.96,1.99,4.96,0.16,0.0,0.0,1027.0,8228.0,0.0,0.0,0.0,0.0,0.0,1.0,0.0,0.0,0.0,0.0,0.0,-0.4,0.0,0.6000000000000001,0.0,0.0001,16.0,25903.0
2026-07-30T19:01:16.551Z,246.034,246.048,0.0,7.4,0.0,0.0,0.0,0.0,0.0,0.0,0.0,0.0,1.0,0.0,0.0,0.0,9.0,4.0,0.0,0.0,0.0,0.0,0.0,0.0,0.0,0.0,6.0,12.0,1.0,12.13,5.0200000000000005,2.5,1.49,0.0,0.1,0.0,0.4,0.0,-0.2,0.1,-1.3,-169.70000000000002,0.0,0.0,169.8,0.0,21.4,29.200000000000003,29.200000000000003,29.8,300.0,300.0,31.5,35.6,29.1,28.3,30.200000000000003,4.95,1.99,4.96,0.16,0.0,0.0,1027.0,8228.0,0.0,0.0,0.0,0.0,0.0,1.0,0.0,0.0,0.0,0.0,0.0,-0.8,0.0,1.2000000000000002,0.0,0.0,16.0,25903.0
2026-07-30T19:01:16.563Z,246.046,246.06,0.0,7.4,0.0,0.0,0.0,0.0,0.0,0.0,0.0,0.0,1.0,0.0,0.0,0.0,9.0,4.0,0.0,0.0,0.0,0.0,0.0,0.0,0.0,0.0,1.0,12.0,1.0,12.13,5.0200000000000005,2.5,1.49,0.0,0.0,0.0,0.4,0.0,-0.8,0.1,-0.1,-169.70000000000002,0.0,0.0,169.8,0.0,21.4,29.200000000000003,29.200000000000003,29.8,300.0,300.0,31.5,35.6,29.1,28.3,30.200000000000003,4.95,1.99,4.96,0.16,0.0,0.0,1027.0,8228.0,0.0,0.0,0.0,0.0,0.0,1.0,0.0,0.0,0.0,0.0,0.0,0.0,0.0,0.1,0.0,0.0002,16.0,25903.0
2026-07-30T19:01:16.575Z,246.058,246.072,0.0,7.4,0.0,0.0,0.0,0.0,0.0,0.0,0.0,0.0,1.0,0.0,0.0,0.0,9.0,4.0,0.0,0.0,0.0,0.0,0.0,0.0,0.0,0.0,2.0,12.0,1.0,12.13,5.0200000000000005,2.5,1.49,0.0,0.0,0.0,0.4,0.0,-0.2,0.1,0.4,-169.70000000000002,0.0,0.0,169.60000000000002,0.0,21.4,29.200000000000003,29.200000000000003,29.8,300.0,300.0,31.5,35.6,29.1,28.3,30.200000000000003,4.96,2.0,4.96,0.16,0.0,0.0,1027.0,8228.0,0.0,0.0,0.0,0.0,0.0,1.0,0.0,0.0,0.0,0.0,0.0,0.4,0.0,-0.3,0.0,0.0001,16.0,25903.0
2026-07-30T19:01:16.587Z,246.07,246.084,0.0,7.4,0.0,0.0,0.0,0.0,0.0,0.0,0.0,0.0,1.0,0.0,0.0,0.0,9.0,4.0,0.0,0.0,0.0,0.0,0.0,0.0,0.0,0.0,3.0,12.0,1.0,12.13,5.0200000000000005,2.5,1.49,0.0,0.0,0.0,0.4,0.0,-0.2,0.1,1.0,-169.70000000000002,0.0,0.0,169.60000000000002,0.0,21.4,29.200000000000003,29.200000000000003,29.8,300.0,300.0,31.5,35.6,29.1,28.3,30.200000000000003,4.96,1.99,4.97,0.16,0.0,0.0,1027.0,8228.0,0.0,0.0,0.0,0.0,0.0,1.0,0.0,0.0,0.0,0.0,0.0,0.9,0.0,-0.8,0.0,0.0001,16.0,25903.0
2026-07-30T19:01:16.599Z,246.082,246.096,0.0,7.4,0.0,0.0,0.0,0.0,0.0,0.0,0.0,0.0,1.0,0.0,0.0,0.0,9.0,4.0,0.0,0.0,0.0,0.0,0.0,0.0,0.0,0.0,4.0,12.0,1.0,12.13,5.0200000000000005,2.5,1.49,0.0,0.0,0.0,0.4,0.0,0.8,0.7000000000000001,-1.2000000000000002,-169.70000000000002,0.0,0.0,169.60000000000002,0.0,21.4,29.200000000000003,29.200000000000003,29.8,300.0,300.0,31.5,35.6,29.1,28.3,30.200000000000003,4.95,1.99,4.97,0.16,0.0,0.0,1027.0,8228.0,0.0,0.0,0.0,0.0,0.0,1.0,0.0,0.0,0.0,0.0,0.0,-0.1,0.0,1.2000000000000002,0.0,0.0,16.0,25903.0
2026-07-30T19:01:16.611Z,246.094,246.108,0.0,7.4,0.0,0.0,0.0,0.0,0.0,0.0,0.0,0.0,1.0,0.0,0.0,0.0,9.0,4.0,0.0,0.0,0.0,0.0,0.0,0.0,0.0,0.0,5.0,12.0,1.0,12.13,5.0200000000000005,2.5,1.49,0.0,0.0,0.0,0.4,0.0,0.2,-1.0,-0.6000000000000001,-169.70000000000002,0.0,0.0,169.70000000000002,0.0,21.4,29.200000000000003,29.200000000000003,29.8,300.0,300.0,31.5,35.6,29.1,28.3,30.200000000000003,4.96,1.99,4.96,0.16,0.0,0.0,1027.0,8228.0,0.0,0.0,0.0,0.0,0.0,1.0,0.0,0.0,0.0,0.0,0.0,-1.6,0.0,0.3,0.0,0.0,16.0,25903.0
2026-07-30T19:01:16.623Z,246.106,246.12,0.0,7.4,0.0,0.0,0.0,0.0,0.0,0.0,0.0,0.0,1.0,0.0,0.0,0.0,9.0,4.0,0.0,0.0,0.0,0.0,0.0,0.0,0.0,0.0,6.0,12.0,1.0,12.17,5.0200000000000005,2.5,1.49,0.0,0.0,0.0,0.4,0.0,-0.2,0.7000000000000001,0.4,-169.70000000000002,0.0,0.0,169.70000000000002,0.0,21.9,29.200000000000003,29.200000000000003,29.8,300.0,300.0,31.4,35.5,29.1,28.3,30.200000000000003,4.95,2.0,4.96,0.16,0.0,0.0,1027.0,8228.0,0.0,0.0,0.0,0.0,0.0,1.0,0.0,0.0,0.0,0.0,0.0,1.2000000000000002,0.0,-0.2,0.0,0.0001,16.0,25903.0
2026-07-30T19:01:16.635Z,246.118,246.132,0.0,7.4,0.0,0.0,0.0,0.0,0.0,0.0,0.0,0.0,1.0,0.0,0.0,0.0,9.0,4.0,0.0,0.0,0.0,0.0,0.0,0.0,0.0,0.0,6.0,12.0,1.0,12.17,5.0200000000000005,2.5,1.49,0.0,0.1,0.0,0.4,0.0,0.3,0.1,-0.1,-169.70000000000002,0.0,0.0,169.70000000000002,0.0,21.9,29.200000000000003,29.200000000000003,29.8,300.0,300.0,31.4,35.5,29.1,28.3,30.200000000000003,4.95,1.99,4.97,0.16,0.0,0.0,1027.0,8228.0,0.0,0.0,0.0,0.0,0.0,1.0,0.0,0.0,0.0,0.0,0.0,0.1,0.0,0.1,0.0,0.0,16.0,25903.0
2026-07-30T19:01:16.647Z,246.13,246.144,0.0,7.4,0.0,0.0,0.0,0.0,0.0,0.0,0.0,0.0,1.0,0.0,0.0,0.0,9.0,4.0,0.0,0.0,0.0,0.0,0.0,0.0,0.0,0.0,2.0,12.0,1.0,12.17,5.0200000000000005,2.5,1.49,0.0,0.0,0.0,0.4,0.0,0.3,0.1,0.4,-169.70000000000002,0.0,0.0,169.70000000000002,0.0,21.9,29.200000000000003,29.200000000000003,29.8,300.0,300.0,31.4,35.5,29.1,28.3,30.200000000000003,4.96,1.99,4.97,0.16,0.0,0.0,1027.0,8228.0,0.0,0.0,0.0,0.0,0.0,1.0,0.0,0.0,0.0,0.0,0.0,0.5,0.0,-0.3,0.0,0.0,16.0,25903.0
2026-07-30T19:01:16.659Z,246.142,246.156,0.0,7.4,0.0,0.0,0.0,0.0,0.0,0.0,0.0,0.0,1.0,0.0,0.0,0.0,9.0,4.0,0.0,0.0,0.0,0.0,0.0,0.0,0.0,0.0,3.0,12.0,1.0,12.17,5.0200000000000005,2.5,1.49,0.0,0.0,0.0,0.4,0.0,-0.2,0.1,-0.6000000000000001,-169.70000000000002,0.0,0.0,169.8,0.0,21.9,29.200000000000003,29.200000000000003,29.8,300.0,300.0,31.4,35.5,29.1,28.3,30.200000000000003,4.96,1.99,4.96,0.16,0.0,0.0,1027.0,8228.0,0.0,0.0,0.0,0.0,0.0,1.0,0.0,0.0,0.0,0.0,0.0,-0.2,0.0,0.6000000000000001,0.0,0.0001,16.0,25903.0
2026-07-30T19:01:16.677Z,246.16,246.168,0.0,7.4,0.0,0.0,0.0,0.0,0.0,0.0,0.0,0.0,1.0,0.0,0.0,0.0,9.0,4.0,0.0,0.0,0.0,0.0,0.0,0.0,0.0,0.0,4.0,12.0,1.0,12.17,5.0200000000000005,2.5,1.49,0.0,0.1,0.0,0.4,0.0,1.5,0.1,1.0,-169.70000000000002,0.0,0.0,169.70000000000002,0.0,21.9,29.200000000000003,29.200000000000003,29.8,300.0,300.0,31.4,35.5,29.1,28.3,30.200000000000003,4.95,1.99,4.97,0.16,0.0,0.0,1027.0,8228.0,0.0,0.0,0.0,0.0,0.0,1.0,0.0,0.0,0.0,0.0,0.0,1.0,0.0,-0.9,0.0,0.0001,16.0,25903.0
2026-07-30T19:01:16.684Z,246.167,246.18,0.0,7.4,0.0,0.0,0.0,0.0,0.0,0.0,0.0,0.0,1.0,0.0,0.0,0.0,9.0,4.0,0.0,0.0,0.0,0.0,0.0,0.0,0.0,0.0,3.0,12.0,1.0,12.17,5.0200000000000005,2.5,1.49,0.0,0.1,0.0,0.4,0.0,0.3,1.9,0.0,-169.70000000000002,0.0,0.0,169.70000000000002,0.0,21.9,29.200000000000003,29.200000000000003,29.8,300.0,300.0,31.4,35.5,29.1,28.3,30.200000000000003,4.95,2.0,4.97,0.16,0.0,0.0,1027.0,8228.0,0.0,0.0,0.0,0.0,0.0,1.0,0.0,0.0,0.0,0.0,0.0,2.0,0.0,0.4,0.0,0.0001,16.0,25903.0
2026-07-30T19:01:16.695Z,246.178,246.192,0.0,7.4,0.0,0.0,0.0,0.0,0.0,0.0,0.0,0.0,1.0,0.0,0.0,0.0,9.0,4.0,0.0,0.0,0.0,0.0,0.0,0.0,0.0,0.0,2.0,12.0,1.0,12.17,5.0200000000000005,2.5,1.49,0.0,0.0,0.0,0.4,0.0,1.5,0.1,1.1,-169.70000000000002,0.0,0.0,169.8,0.0,21.9,29.200000000000003,29.200000000000003,29.8,300.0,300.0,31.4,35.5,29.1,28.3,30.200000000000003,4.96,2.0,4.97,0.16,0.0,0.0,1027.0,8228.0,0.0,0.0,0.0,0.0,0.0,1.0,0.0,0.0,0.0,0.0,0.0,0.9,0.0,-0.9,0.0,0.0,16.0,25903.0
2026-07-30T19:01:16.707Z,246.19,246.204,0.0,7.4,0.0,0.0,0.0,0.0,0.0,0.0,0.0,0.0,1.0,0.0,0.0,0.0,9.0,4.0,0.0,0.0,0.0,0.0,0.0,0.0,0.0,0.0,6.0,12.0,1.0,12.17,5.0200000000000005,2.5,1.49,0.0,0.1,0.0,0.4,0.0,-0.2,-1.0,-0.6000000000000001,-169.70000000000002,0.0,0.0,169.70000000000002,0.0,21.9,29.200000000000003,29.200000000000003,29.8,300.0,300.0,31.4,35.5,29.1,28.3,30.200000000000003,4.96,2.0,4.96,0.16,0.0,0.0,1027.0,8228.0,0.0,0.0,0.0,0.0,0.0,1.0,0.0,0.0,0.0,0.0,0.0,-1.7000000000000002,0.0,0.3,0.0,0.0001,16.0,25903.0
2026-07-30T19:01:16.720Z,246.203,246.216,0.0,7.4,0.0,0.0,0.0,0.0,0.0,0.0,0.0,0.0,1.0,0.0,0.0,0.0,9.0,4.0,0.0,0.0,0.0,0.0,0.0,0.0,0.0,0.0,1.0,12.0,1.0,12.17,5.0200000000000005,2.51,1.5,0.0,0.0,0.0,0.4,0.0,-0.1,-1.0,0.0,-169.70000000000002,0.0,0.0,169.70000000000002,0.0,21.4,29.200000000000003,29.200000000000003,29.8,300.0,300.0,31.6,35.5,29.1,28.3,30.200000000000003,4.95,1.99,4.97,0.16,0.0,0.0,1027.0,8228.0,0.0,0.0,0.0,0.0,0.0,1.0,0.0,0.0,0.0,0.0,0.0,-1.2000000000000002,0.0,-0.1,0.0,0.0001,16.0,25903.0
2026-07-30T19:01:16.731Z,246.214,246.228,0.0,7.4,0.0,0.0,0.0,0.0,0.0,0.0,0.0,0.0,1.0,0.0,0.0,0.0,9.0,4.0,0.0,0.0,0.0,0.0,0.0,0.0,0.0,0.0,2.0,12.0,1.0,12.17,5.0200000000000005,2.51,1.5,0.0,0.0,0.0,0.4,0.0,0.3,0.0,-0.1,-169.70000000000002,0.0,0.0,169.70000000000002,0.0,21.4,29.200000000000003,29.200000000000003,29.8,300.0,300.0,31.6,35.5,29.1,28.3,30.200000000000003,4.95,1.99,4.96,0.16,0.0,0.0,1027.0,8228.0,0.0,0.0,0.0,0.0,0.0,1.0,0.0,0.0,0.0,0.0,0.0,0.0,0.0,0.1,0.0,0.0,16.0,25903.0
2026-07-30T19:01:16.743Z,246.226,246.24,0.0,7.4,0.0,0.0,0.0,0.0,0.0,0.0,0.0,0.0,1.0,0.0,0.0,0.0,9.0,4.0,0.0,0.0,0.0,0.0,0.0,0.0,0.0,0.0,1.0,12.0,1.0,12.17,5.0200000000000005,2.51,1.5,0.0,0.0,0.0,0.4,0.0,-0.2,0.6000000000000001,-0.1,-169.70000000000002,0.0,0.0,169.70000000000002,0.0,21.4,29.200000000000003,29.200000000000003,29.8,300.0,300.0,31.6,35.5,29.1,28.3,30.200000000000003,4.96,1.99,4.96,0.16,0.0,0.0,1027.0,8228.0,0.0,0.0,0.0,0.0,0.0,1.0,0.0,0.0,0.0,0.0,0.0,0.6000000000000001,0.0,0.2,0.0,0.0001,16.0,25903.0
2026-07-30T19:01:16.755Z,246.238,246.252,0.0,7.4,0.0,0.0,0.0,0.0,0.0,0.0,0.0,0.0,1.0,0.0,0.0,0.0,9.0,4.0,0.0,0.0,0.0,0.0,0.0,0.0,0.0,0.0,1.0,12.0,1.0,12.17,5.0200000000000005,2.51,1.5,0.0,0.0,0.0,0.4,0.0,0.3,0.0,-1.2000000000000002,-169.70000000000002,0.0,0.0,169.70000000000002,0.0,21.4,29.200000000000003,29.200000000000003,29.8,300.0,300.0,31.6,35.5,29.1,28.3,30.200000000000003,4.95,1.99,4.97,0.16,0.0,0.0,1027.0,8228.0,0.0,0.0,0.0,0.0,0.0,1.0,0.0,0.0,0.0,0.0,0.0,-0.8,0.0,1.0,0.0,0.0,16.0,25903.0
2026-07-30T19:01:16.767Z,246.25,246.264,0.0,7.4,0.0,0.0,0.0,0.0,0.0,0.0,0.0,0.0,1.0,0.0,0.0,0.0,9.0,4.0,0.0,0.0,0.0,0.0,0.0,0.0,0.0,0.0,5.0,12.0,1.0,12.17,5.0200000000000005,2.51,1.5,0.0,0.0,0.0,0.5,0.0,0.3,-1.0,0.5,-169.70000000000002,0.0,0.0,169.8,0.0,21.4,29.200000000000003,29.200000000000003,29.8,300.0,300.0,31.6,35.5,29.1,28.3,30.200000000000003,4.96,1.99,4.97,0.16,0.0,0.0,1027.0,8228.0,0.0,0.0,0.0,0.0,0.0,1.0,0.0,0.0,0.0,0.0,0.0,-0.8,0.0,-0.6000000000000001,0.0,0.0001,16.0,25903.0
2026-07-30T19:01:16.779Z,246.262,246.276,0.0,7.4,0.0,0.0,0.0,0.0,0.0,0.0,0.0,0.0,1.0,0.0,0.0,0.0,9.0,4.0,0.0,0.0,0.0,0.0,0.0,0.0,0.0,0.0,6.0,12.0,1.0,12.17,5.0200000000000005,2.51,1.5,0.0,0.0,0.0,0.4,0.0,0.3,0.6000000000000001,-0.6000000000000001,-169.70000000000002,0.0,0.0,169.70000000000002,0.0,21.4,29.200000000000003,29.200000000000003,29.8,300.0,300.0,31.6,35.5,29.1,28.3,30.200000000000003,4.96,2.0,4.96,0.16,0.0,0.0,1027.0,8228.0,0.0,0.0,0.0,0.0,0.0,1.0,0.0,0.0,0.0,0.0,0.0,0.2,0.0,0.7000000000000001,0.0,0.0002,16.0,25903.0
2026-07-30T19:01:16.790Z,246.273,246.288,0.0,7.4,0.0,0.0,0.0,0.0,0.0,0.0,0.0,0.0,1.0,0.0,0.0,0.0,9.0,4.0,0.0,0.0,0.0,0.0,0.0,0.0,0.0,0.0,1.0,12.0,1.0,12.17,5.0200000000000005,2.51,1.5,0.0,0.0,0.0,0.4,0.0,0.3,0.6000000000000001,1.0,-169.70000000000002,0.0,0.0,169.70000000000002,0.0,21.4,29.200000000000003,29.200000000000003,29.8,300.0,300.0,31.6,35.5,29.1,28.3,30.200000000000003,4.95,1.99,4.96,0.16,0.0,0.0,1027.0,8228.0,0.0,0.0,0.0,0.0,0.0,1.0,0.0,0.0,0.0,0.0,0.0,-1.0,0.0,0.5,0.0,0.0002,16.0,25903.0
2026-07-30T19:01:16.803Z,246.286,246.3,0.0,7.4,0.0,0.0,0.0,0.0,0.0,0.0,0.0,0.0,1.0,0.0,0.0,0.0,9.0,4.0,0.0,0.0,0.0,0.0,0.0,0.0,0.0,0.0,2.0,12.0,1.0,12.17,5.0200000000000005,2.51,1.5,0.0,0.0,0.0,0.4,0.0,-0.2,0.0,0.0,-169.70000000000002,0.0,0.0,169.70000000000002,0.0,21.4,29.200000000000003,29.200000000000003,29.8,300.0,300.0,31.6,35.5,29.1,28.3,30.200000000000003,4.96,1.99,4.97,0.16,0.0,0.0,1027.0,8228.0,0.0,0.0,0.0,0.0,0.0,1.0,0.0,0.0,0.0,0.0,0.0,1.1,0.0,-0.2,0.0,0.0001,16.0,25903.0
2026-07-30T19:01:16.815Z,246.298,246.312,0.0,7.4,0.0,0.0,0.0,0.0,0.0,0.0,0.0,0.0,1.0,0.0,0.0,0.0,9.0,4.0,0.0,0.0,0.0,0.0,0.0,0.0,0.0,0.0,3.0,12.0,1.0,12.17,5.0200000000000005,2.51,1.5,0.0,0.0,0.0,0.4,0.0,-0.2,-1.0,1.1,-169.70000000000002,0.0,0.0,169.8,0.0,21.4,29.200000000000003,29.200000000000003,29.8,300.0,300.0,31.6,35.5,29.1,28.3,30.200000000000003,4.96,1.99,4.96,0.16,0.0,0.0,1027.0,8228.0,0.0,0.0,0.0,0.0,0.0,1.0,0.0,0.0,0.0,0.0,0.0,-0.6000000000000001,0.0,0.0,0.0,0.0001,16.0,25903.0
2026-07-30T19:01:16.827Z,246.31,246.324,0.0,7.4,0.0,0.0,0.0,0.0,0.0,0.0,0.0,0.0,1.0,0.0,0.0,0.0,9.0,4.0,0.0,0.0,0.0,0.0,0.0,0.0,0.0,0.0,5.0,12.0,1.0,12.15,5.01,2.5,1.49,0.0,0.0,0.0,0.4,0.0,-0.2,0.0,0.0,-169.70000000000002,0.0,0.0,169.8,0.0,21.700000000000003,29.200000000000003,29.200000000000003,29.8,300.0,300.0,31.5,35.5,29.1,28.3,30.200000000000003,4.96,1.99,4.96,0.16,0.0,0.0,1027.0,8228.0,0.0,0.0,0.0,0.0,0.0,1.0,0.0,0.0,0.0,0.0,0.0,-0.4,0.0,0.5,0.0,0.0001,16.0,25903.0
2026-07-30T19:01:16.839Z,246.322,246.336,0.0,7.4,0.0,0.0,0.0,0.0,0.0,0.0,0.0,0.0,1.0,0.0,0.0,0.0,9.0,4.0,0.0,0.0,0.0,0.0,0.0,0.0,0.0,0.0,5.0,12.0,1.0,12.15,5.01,2.5,1.49,0.0,0.0,0.0,0.4,0.0,-0.2,0.6000000000000001,0.5,-169.70000000000002,0.0,0.0,169.70000000000002,0.0,21.700000000000003,29.200000000000003,29.200000000000003,29.8,300.0,300.0,31.5,35.5,29.1,28.3,30.200000000000003,4.95,1.99,4.96,0.16,0.0,0.0,1027.0,8228.0,0.0,0.0,0.0,0.0,0.0,1.0,0.0,0.0,0.0,0.0,0.0,1.1,0.0,-0.3,0.0,0.0,16.0,25903.0
2026-07-30T19:01:16.851Z,246.334,246.348,0.0,7.4,0.0,0.0,0.0,0.0,0.0,0.0,0.0,0.0,1.0,0.0,0.0,0.0,9.0,4.0,0.0,0.0,0.0,0.0,0.0,0.0,0.0,0.0,6.0,12.0,1.0,12.15,5.01,2.5,1.49,0.0,0.0,0.0,0.4,0.0,-1.4,-1.0,-1.2000000000000002,-169.70000000000002,0.0,0.0,169.70000000000002,0.0,21.700000000000003,29.200000000000003,29.200000000000003,29.8,300.0,300.0,31.5,35.5,29.1,28.3,30.200000000000003,4.96,1.99,4.96,0.16,0.0,0.0,1027.0,8228.0,0.0,0.0,0.0,0.0,0.0,1.0,0.0,0.0,0.0,0.0,0.0,-2.1,0.0,0.8,0.0,0.0001,16.0,25903.0
2026-07-30T19:01:16.863Z,246.346,246.36,0.0,7.4,0.0,0.0,0.0,0.0,0.0,0.0,0.0,0.0,1.0,0.0,0.0,0.0,9.0,4.0,0.0,0.0,0.0,0.0,0.0,0.0,0.0,0.0,6.0,12.0,1.0,12.15,5.01,2.5,1.49,0.0,0.0,0.0,0.4,0.0,0.3,-1.0,0.0,-169.70000000000002,0.0,0.0,169.70000000000002,0.0,21.700000000000003,29.200000000000003,29.200000000000003,29.8,300.0,300.0,31.5,35.5,29.1,28.3,30.200000000000003,4.95,2.0,4.96,0.16,0.0,0.0,1027.0,8228.0,0.0,0.0,0.0,0.0,0.0,1.0,0.0,0.0,0.0,0.0,0.0,-1.2000000000000002,0.0,-0.1,0.0,0.0,16.0,25903.0
2026-07-30T19:01:16.875Z,246.358,246.372,0.0,7.4,0.0,0.0,0.0,0.0,0.0,0.0,0.0,0.0,1.0,0.0,0.0,0.0,9.0,4.0,0.0,0.0,0.0,0.0,0.0,0.0,0.0,0.0,2.0,12.0,1.0,12.15,5.01,2.5,1.49,0.0,0.1,0.0,0.4,0.0,0.3,1.2000000000000002,0.0,-169.70000000000002,0.0,0.0,169.8,0.0,21.700000000000003,29.200000000000003,29.200000000000003,29.8,300.0,300.0,31.5,35.5,29.1,28.3,30.200000000000003,4.95,1.99,4.97,0.16,0.0,0.0,1027.0,8228.0,0.0,0.0,0.0,0.0,0.0,1.0,0.0,0.0,0.0,0.0,0.0,1.4,0.0,0.3,0.0,0.0,16.0,25903.0
2026-07-30T19:01:16.887Z,246.37,246.384,0.0,7.4,0.0,0.0,0.0,0.0,0.0,0.0,0.0,0.0,1.0,0.0,0.0,0.0,9.0,4.0,0.0,0.0,0.0,0.0,0.0,0.0,0.0,0.0,3.0,12.0,1.0,12.15,5.01,2.5,1.49,0.0,0.0,0.0,0.5,0.0,-0.2,0.7000000000000001,1.0,-169.70000000000002,0.0,0.0,169.70000000000002,0.0,21.700000000000003,29.200000000000003,29.200000000000003,29.8,300.0,300.0,31.5,35.5,29.1,28.3,30.200000000000003,4.96,1.99,4.97,0.16,0.0,0.0,1027.0,8228.0,0.0,0.0,0.0,0.0,0.0,1.0,0.0,0.0,0.0,0.0,0.0,1.6,0.0,-0.7000000000000001,0.0,0.0001,16.0,25903.0
2026-07-30T19:01:16.899Z,246.382,246.396,0.0,7.4,0.0,0.0,0.0,0.0,0.0,0.0,0.0,0.0,1.0,0.0,0.0,0.0,9.0,4.0,0.0,0.0,0.0,0.0,0.0,0.0,0.0,0.0,4.0,12.0,1.0,12.15,5.01,2.5,1.49,0.0,0.0,0.0,0.4,0.0,-0.2,-0.3,0.5,-169.70000000000002,0.0,0.0,169.70000000000002,0.0,21.700000000000003,29.200000000000003,29.200000000000003,29.8,300.0,300.0,31.5,35.5,29.1,28.3,30.200000000000003,4.96,1.99,4.96,0.16,0.0,0.0,1027.0,8228.0,0.0,0.0,0.0,0.0,0.0,1.0,0.0,0.0,0.0,0.0,0.0,0.0,0.0,-0.5,0.0,0.0001,16.0,25903.0
2026-07-30T19:01:16.911Z,246.394,246.408,0.0,7.4,0.0,0.0,0.0,0.0,0.0,0.0,0.0,0.0,1.0,0.0,0.0,0.0,9.0,4.0,0.0,0.0,0.0,0.0,0.0,0.0,0.0,0.0,5.0,12.0,1.0,12.15,5.01,2.5,1.49,0.0,0.0,0.0,0.4,0.0,0.9,0.1,0.0,-169.70000000000002,0.0,0.0,169.60000000000002,0.0,21.700000000000003,29.200000000000003,29.200000000000003,29.8,300.0,300.0,31.5,35.5,29.1,28.3,30.200000000000003,4.95,1.99,4.97,0.16,0.0,0.0,1027.0,8228.0,0.0,0.0,0.0,0.0,0.0,1.0,0.0,0.0,0.0,0.0,0.0,0.1,0.0,0.0,0.0,0.0,16.0,25903.0
2026-07-30T19:01:16.924Z,246.407,246.42,0.0,7.4,0.0,0.0,0.0,0.0,0.0,0.0,0.0,0.0,1.0,0.0,0.0,0.0,9.0,4.0,0.0,0.0,0.0,0.0,0.0,0.0,0.0,0.0,6.0,12.0,1.0,12.18,5.0200000000000005,2.5,1.49,0.0,0.0,0.0,0.4,0.0,1.5,1.9,1.1,-169.70000000000002,0.0,0.0,169.70000000000002,0.0,21.700000000000003,29.200000000000003,29.200000000000003,29.8,300.0,300.0,31.6,35.6,29.1,28.3,30.200000000000003,4.95,1.99,4.96,0.16,0.0,0.0,1027.0,8228.0,0.0,0.0,0.0,0.0,0.0,1.0,0.0,0.0,0.0,0.0,0.0,3.1,0.0,-0.6000000000000001,0.0,0.0001,16.0,25903.0
2026-07-30T19:01:16.935Z,246.418,246.432,0.0,7.4,0.0,0.0,0.0,0.0,0.0,0.0,0.0,0.0,1.0,0.0,0.0,0.0,9.0,4.0,0.0,0.0,0.0,0.0,0.0,0.0,0.0,0.0,6.0,12.0,1.0,12.18,5.0200000000000005,2.5,1.49,0.0,0.0,0.0,0.4,0.0,-0.2,2.5,1.7000000000000002,-169.70000000000002,0.0,0.0,169.70000000000002,0.0,21.700000000000003,29.200000000000003,29.200000000000003,29.8,300.0,300.0,31.6,35.6,29.1,28.3,30.200000000000003,4.96,1.99,4.96,0.16,0.0,0.0,1027.0,8228.0,0.0,0.0,0.0,0.0,0.0,1.0,0.0,0.0,0.0,0.0,0.0,4.1000000000000005,0.0,-0.9,0.0,0.0001,16.0,25903.0
2026-07-30T19:01:16.947Z,246.43,246.444,0.0,7.4,0.0,0.0,0.0,0.0,0.0,0.0,0.0,0.0,1.0,0.0,0.0,0.0,9.0,4.0,0.0,0.0,0.0,0.0,0.0,0.0,0.0,0.0,1.0,12.0,1.0,12.18,5.0200000000000005,2.5,1.49,0.0,0.0,0.0,0.4,0.0,-0.2,-0.9,0.0,-169.70000000000002,0.0,0.0,169.70000000000002,0.0,21.700000000000003,29.200000000000003,29.200000000000003,29.8,300.0,300.0,31.6,35.6,29.1,28.3,30.200000000000003,4.95,1.99,4.96,0.16,0.0,0.0,1027.0,8228.0,0.0,0.0,0.0,0.0,0.0,1.0,0.0,0.0,0.0,0.0,0.0,-1.1,0.0,-0.1,0.0,0.0001,16.0,25903.0
2026-07-30T19:01:16.958Z,246.441,246.456,0.0,7.4,0.0,0.0,0.0,0.0,0.0,0.0,0.0,0.0,1.0,0.0,0.0,0.0,9.0,4.0,0.0,0.0,0.0,0.0,0.0,0.0,0.0,0.0,3.0,12.0,1.0,12.18,5.0200000000000005,2.5,1.49,0.0,0.0,0.0,0.4,0.0,-0.8,-0.9,-0.6000000000000001,-169.70000000000002,0.0,0.0,169.70000000000002,0.0,21.700000000000003,29.200000000000003,29.200000000000003,29.8,300.0,300.0,31.6,35.6,29.1,28.3,30.200000000000003,4.96,1.99,4.97,0.16,0.0,0.0,1027.0,8228.0,0.0,0.0,0.0,0.0,0.0,1.0,0.0,0.0,0.0,0.0,0.0,-1.5,0.0,0.3,0.0,0.0001,16.0,25903.0
2026-07-30T19:01:16.971Z,246.454,246.468,0.0,7.4,0.0,0.0,0.0,0.0,0.0,0.0,0.0,0.0,1.0,0.0,0.0,0.0,9.0,4.0,0.0,0.0,0.0,0.0,0.0,0.0,0.0,0.0,4.0,12.0,1.0,12.18,5.0200000000000005,2.5,1.49,0.0,0.0,0.0,0.4,0.0,-0.3,-0.4,0.0,-169.70000000000002,0.0,0.0,169.70000000000002,0.0,21.700000000000003,29.200000000000003,29.200000000000003,29.8,300.0,300.0,31.6,35.6,29.1,28.3,30.200000000000003,4.96,1.99,4.96,0.16,0.0,0.0,1027.0,8228.0,0.0,0.0,0.0,0.0,0.0,1.0,0.0,0.0,0.0,0.0,0.0,-0.5,0.0,0.0,0.0,0.0,16.0,25903.0
2026-07-30T19:01:16.985Z,246.468,246.48,0.0,7.4,0.0,0.0,0.0,0.0,0.0,0.0,0.0,0.0,1.0,0.0,0.0,0.0,9.0,4.0,0.0,0.0,0.0,0.0,0.0,0.0,0.0,0.0,3.0,12.0,1.0,12.18,5.0200000000000005,2.5,1.49,0.0,0.1,0.0,0.4,0.0,-0.9,-0.4,-0.6000000000000001,-169.70000000000002,0.0,0.0,169.60000000000002,0.0,21.700000000000003,29.200000000000003,29.200000000000003,29.8,300.0,300.0,31.6,35.6,29.1,28.3,30.200000000000003,4.96,1.99,4.96,0.16,0.0,0.0,1027.0,8228.0,0.0,0.0,0.0,0.0,0.0,1.0,0.0,0.0,0.0,0.0,0.0,-0.9,0.0,0.4,0.0,0.0,16.0,25903.0
2026-07-30T19:01:17.002Z,246.485,246.492,0.0,7.4,0.0,0.0,0.0,0.0,0.0,0.0,0.0,0.0,1.0,0.0,0.0,0.0,9.0,4.0,0.0,0.0,0.0,0.0,0.0,0.0,0.0,0.0,1.0,12.0,1.0,12.18,5.0200000000000005,2.5,1.49,0.0,0.0,0.0,0.4,0.0,0.2,0.1,0.5,-169.60000000000002,0.0,0.0,169.60000000000002,0.0,21.700000000000003,29.200000000000003,29.200000000000003,29.8,300.0,300.0,31.6,35.6,29.1,28.3,30.200000000000003,4.95,1.99,4.97,0.16,0.0,0.0,1027.0,8228.0,0.0,0.0,0.0,0.0,0.0,1.0,0.0,0.0,0.0,0.0,0.0,0.5,0.0,-0.4,0.0,0.0,16.0,25903.0
2026-07-30T19:01:17.007Z,246.49,246.504,0.0,7.4,0.0,0.0,0.0,0.0,0.0,0.0,0.0,0.0,1.0,0.0,0.0,0.0,9.0,4.0,0.0,0.0,0.0,0.0,0.0,0.0,0.0,0.0,5.0,12.0,1.0,12.18,5.0200000000000005,2.5,1.49,0.0,0.1,0.0,0.4,0.0,0.8,1.3,1.0,-169.60000000000002,0.0,0.0,169.70000000000002,0.0,21.700000000000003,29.200000000000003,29.200000000000003,29.8,300.0,300.0,31.6,35.6,29.1,28.3,30.200000000000003,4.96,2.0,4.96,0.16,0.0,0.0,1027.0,8228.0,0.0,0.0,0.0,0.0,0.0,1.0,0.0,0.0,0.0,0.0,0.0,2.3000000000000003,0.0,-0.6000000000000001,0.0,0.0,16.0,25903.0
2026-07-30T19:01:17.018Z,246.501,246.516,0.0,7.4,0.0,0.0,0.0,0.0,0.0,0.0,0.0,0.0,1.0,0.0,0.0,0.0,9.0,4.0,0.0,0.0,0.0,0.0,0.0,0.0,0.0,0.0,6.0,12.0,1.0,12.18,5.0200000000000005,2.5,1.49,0.0,0.0,0.0,0.4,0.0,-0.8,-0.3,0.0,-169.60000000000002,0.0,0.0,169.70000000000002,0.0,21.700000000000003,29.200000000000003,29.200000000000003,29.8,300.0,300.0,31.6,35.6,29.1,28.3,30.200000000000003,4.96,1.99,4.96,0.16,0.0,0.0,1027.0,8228.0,0.0,0.0,0.0,0.0,0.0,1.0,0.0,0.0,0.0,0.0,0.0,-0.4,0.0,0.0,0.0,0.0,16.0,25903.0
2026-07-30T19:01:17.030Z,246.513,246.528,0.0,7.4,0.0,0.0,0.0,0.0,0.0,0.0,0.0,0.0,1.0,0.0,0.0,0.0,9.0,4.0,0.0,0.0,0.0,0.0,0.0,0.0,0.0,0.0,1.0,12.0,1.0,12.15,5.01,2.51,1.49,0.0,0.0,0.0,0.4,0.0,0.2,1.3,0.4,-169.60000000000002,0.0,0.0,169.60000000000002,0.0,21.700000000000003,29.200000000000003,29.200000000000003,29.8,300.0,300.0,31.6,35.5,29.1,28.3,30.200000000000003,4.95,1.99,4.96,0.16,0.0,0.0,1027.0,8228.0,0.0,0.0,0.0,0.0,0.0,1.0,0.0,0.0,0.0,0.0,0.0,1.9,0.0,-0.1,0.0,0.0001,16.0,25903.0
2026-07-30T19:01:17.043Z,246.526,246.54,0.0,7.4,0.0,0.0,0.0,0.0,0.0,0.0,0.0,0.0,1.0,0.0,0.0,0.0,9.0,4.0,0.0,0.0,0.0,0.0,0.0,0.0,0.0,0.0,2.0,12.0,1.0,12.15,5.01,2.51,1.49,0.0,0.0,0.0,0.4,0.0,0.3,-0.3,-0.7000000000000001,-169.60000000000002,0.0,0.0,169.60000000000002,0.0,21.700000000000003,29.200000000000003,29.200000000000003,29.8,300.0,300.0,31.6,35.5,29.1,28.3,30.200000000000003,4.95,1.99,4.97,0.16,0.0,0.0,1027.0,8228.0,0.0,0.0,0.0,0.0,0.0,1.0,0.0,0.0,0.0,0.0,0.0,-0.9,0.0,0.5,0.0,0.0,16.0,25903.0
2026-07-30T19:01:17.055Z,246.538,246.552,0.0,7.4,0.0,0.0,0.0,0.0,0.0,0.0,0.0,0.0,1.0,0.0,0.0,0.0,9.0,4.0,0.0,0.0,0.0,0.0,0.0,0.0,0.0,0.0,3.0,12.0,1.0,12.15,5.01,2.51,1.49,0.0,0.0,0.0,0.4,0.0,-0.2,-0.9,-0.1,-169.60000000000002,0.0,0.0,169.8,0.0,21.700000000000003,29.200000000000003,29.200000000000003,29.8,300.0,300.0,31.6,35.5,29.1,28.3,30.200000000000003,4.96,2.0,4.96,0.16,0.0,0.0,1027.0,8228.0,0.0,0.0,0.0,0.0,0.0,1.0,0.0,0.0,0.0,0.0,0.0,-1.1,0.0,-0.1,0.0,0.0,16.0,25903.0
2026-07-30T19:01:17.066Z,246.549,246.564,0.0,7.4,0.0,0.0,0.0,0.0,0.0,0.0,0.0,0.0,1.0,0.0,0.0,0.0,9.0,4.0,0.0,0.0,0.0,0.0,0.0,0.0,0.0,0.0,5.0,12.0,1.0,12.15,5.01,2.51,1.49,0.0,0.0,0.0,0.4,0.0,0.2,0.7000000000000001,-0.6000000000000001,-169.60000000000002,0.0,0.0,169.60000000000002,0.0,21.700000000000003,29.200000000000003,29.200000000000003,29.8,300.0,300.0,31.6,35.5,29.1,28.3,30.200000000000003,4.96,1.99,4.97,0.16,0.0,0.0,1027.0,8228.0,0.0,0.0,0.0,0.0,0.0,1.0,0.0,0.0,0.0,0.0,0.0,0.3,0.0,0.7000000000000001,0.0,0.0001,16.0,25903.0
2026-07-30T19:01:17.079Z,246.562,246.576,0.0,7.4,0.0,0.0,0.0,0.0,0.0,0.0,0.0,0.0,1.0,0.0,0.0,0.0,9.0,4.0,0.0,0.0,0.0,0.0,0.0,0.0,0.0,0.0,1.0,12.0,1.0,12.15,5.01,2.51,1.49,0.0,0.0,0.0,0.5,0.0,0.8,1.9,0.4,-169.60000000000002,0.0,0.0,169.70000000000002,0.0,21.700000000000003,29.200000000000003,29.200000000000003,29.8,300.0,300.0,31.6,35.5,29.1,28.3,30.200000000000003,4.95,1.99,4.97,0.16,0.0,0.0,1027.0,8228.0,0.0,0.0,0.0,0.0,0.0,1.0,0.0,0.0,0.0,0.0,0.0,2.5,0.0,0.0,0.0,0.0001,16.0,25903.0
2026-07-30T19:01:17.088Z,246.571,246.585,0.0,7.4,0.0,0.0,0.0,0.0,0.0,0.0,0.0,0.0,1.0,0.0,0.0,0.0,9.0,4.0,0.0,0.0,0.0,0.0,0.0,0.0,0.0,0.0,1.0,12.0,1.0,12.15,5.01,2.51,1.49,0.0,0.1,0.0,0.4,0.0,1.4,0.8,-0.6000000000000001,-169.60000000000002,0.0,0.0,169.70000000000002,0.0,21.700000000000003,29.200000000000003,29.200000000000003,29.8,300.0,300.0,31.6,35.5,29.1,28.3,30.200000000000003,4.96,1.99,4.96,0.16,0.0,0.0,1027.0,8228.0,0.0,0.0,0.0,0.0,0.0,1.0,0.0,0.0,0.0,0.0,0.0,0.4,0.0,0.7000000000000001,0.0,0.0002,16.0,25903.0
2026-07-30T19:01:17.100Z,246.583,246.597,0.0,7.4,0.0,0.0,0.0,0.0,0.0,0.0,0.0,0.0,1.0,0.0,0.0,0.0,9.0,4.0,0.0,0.0,0.0,0.0,0.0,0.0,0.0,0.0,2.0,12.0,1.0,12.15,5.01,2.51,1.49,0.0,0.0,0.0,0.4,0.0,0.2,-0.3,1.0,-169.60000000000002,0.0,0.0,169.70000000000002,0.0,21.700000000000003,29.200000000000003,29.200000000000003,29.8,300.0,300.0,31.6,35.5,29.1,28.3,30.200000000000003,4.95,1.99,4.96,0.16,0.0,0.0,1027.0,8228.0,0.0,0.0,0.0,0.0,0.0,1.0,0.0,0.0,0.0,0.0,0.0,0.3,0.0,-1.0,0.0,0.0001,16.0,25903.0
2026-07-30T19:01:17.108Z,246.591,246.606,0.0,7.4,0.0,0.0,0.0,0.0,0.0,0.0,0.0,0.0,1.0,0.0,0.0,0.0,9.0,4.0,0.0,0.0,0.0,0.0,0.0,0.0,0.0,0.0,2.0,12.0,1.0,12.15,5.01,2.51,1.49,0.0,0.1,0.0,0.4,0.0,0.3,0.8,1.0,-169.60000000000002,0.0,0.0,169.70000000000002,0.0,21.700000000000003,29.200000000000003,29.200000000000003,29.8,300.0,300.0,31.6,35.5,29.1,28.3,30.200000000000003,4.95,1.99,4.96,0.16,0.0,0.0,1027.0,8228.0,0.0,0.0,0.0,0.0,0.0,1.0,0.0,0.0,0.0,0.0,0.0,1.7000000000000002,0.0,-0.7000000000000001,0.0,0.0,16.0,25903.0
2026-07-30T19:01:17.121Z,246.604,246.618,0.0,7.4,0.0,0.0,0.0,0.0,0.0,0.0,0.0,0.0,1.0,0.0,0.0,0.0,9.0,4.0,0.0,0.0,0.0,0.0,0.0,0.0,0.0,0.0,3.0,12.0,1.0,12.15,5.01,2.51,1.49,0.0,0.0,0.0,0.4,0.0,0.2,-0.4,-0.1,-169.60000000000002,0.0,0.0,169.70000000000002,0.0,21.700000000000003,29.200000000000003,29.200000000000003,29.8,300.0,300.0,31.6,35.5,29.1,28.3,30.200000000000003,4.95,1.99,4.97,0.16,0.0,0.0,1027.0,8228.0,0.0,0.0,0.0,0.0,0.0,1.0,0.0,0.0,0.0,0.0,0.0,-0.6000000000000001,0.0,0.0,0.0,0.0,16.0,25903.0
2026-07-30T19:01:17.133Z,246.616,246.63,0.0,7.4,0.0,0.0,0.0,0.0,0.0,0.0,0.0,0.0,1.0,0.0,0.0,0.0,9.0,4.0,0.0,0.0,0.0,0.0,0.0,0.0,0.0,0.0,5.0,12.0,1.0,12.14,5.0200000000000005,2.51,1.49,0.0,0.0,0.0,0.5,0.0,0.2,-0.4,-1.3,-169.60000000000002,0.0,0.0,169.70000000000002,0.0,21.8,29.200000000000003,29.200000000000003,29.8,300.0,300.0,31.5,35.6,29.1,28.3,30.200000000000003,4.96,2.0,4.96,0.16,0.0,0.0,1027.0,8228.0,0.0,0.0,0.0,0.0,0.0,1.0,0.0,0.0,0.0,0.0,0.0,-1.4,0.0,1.0,0.0,0.0001,16.0,25903.0
2026-07-30T19:01:17.145Z,246.628,246.642,0.0,7.4,0.0,0.0,0.0,0.0,0.0,0.0,0.0,0.0,1.0,0.0,0.0,0.0,9.0,4.0,0.0,0.0,0.0,0.0,0.0,0.0,0.0,0.0,6.0,12.0,1.0,12.14,5.0200000000000005,2.51,1.49,0.0,0.0,0.0,0.4,0.0,0.2,0.7000000000000001,-0.1,-169.60000000000002,0.0,0.0,169.70000000000002,0.0,21.8,29.200000000000003,29.200000000000003,29.8,300.0,300.0,31.5,35.6,29.1,28.3,30.200000000000003,4.96,1.99,4.97,0.16,0.0,0.0,1027.0,8228.0,0.0,0.0,0.0,0.0,0.0,1.0,0.0,0.0,0.0,0.0,0.0,0.7000000000000001,0.0,0.2,0.0,0.0001,16.0,25903.0
2026-07-30T19:01:17.157Z,246.64,246.654,0.0,7.4,0.0,0.0,0.0,0.0,0.0,0.0,0.0,0.0,1.0,0.0,0.0,0.0,9.0,4.0,0.0,0.0,0.0,0.0,0.0,0.0,0.0,0.0,2.0,12.0,1.0,12.14,5.0200000000000005,2.51,1.49,0.0,0.0,0.0,0.4,0.0,-0.8,0.8,-1.8,-169.60000000000002,0.0,0.0,169.8,0.0,21.8,29.200000000000003,29.200000000000003,29.8,300.0,300.0,31.5,35.6,29.1,28.3,30.200000000000003,4.95,1.99,4.97,0.16,0.0,0.0,1027.0,8228.0,0.0,0.0,0.0,0.0,0.0,1.0,0.0,0.0,0.0,0.0,0.0,-0.4,0.0,1.8,0.0,0.0,16.0,25903.0
2026-07-30T19:01:17.168Z,246.651,246.666,0.0,7.4,0.0,0.0,0.0,0.0,0.0,0.0,0.0,0.0,1.0,0.0,0.0,0.0,9.0,4.0,0.0,0.0,0.0,0.0,0.0,0.0,0.0,0.0,3.0,12.0,1.0,12.14,5.0200000000000005,2.51,1.49,0.0,0.0,0.0,0.4,0.0,1.4,1.9,1.6,-169.60000000000002,0.0,0.0,169.70000000000002,0.0,21.8,29.200000000000003,29.200000000000003,29.8,300.0,300.0,31.5,35.6,29.1,28.3,30.200000000000003,4.96,1.99,4.96,0.16,0.0,0.0,1027.0,8228.0,0.0,0.0,0.0,0.0,0.0,1.0,0.0,0.0,0.0,0.0,0.0,3.4000000000000004,0.0,-1.0,0.0,0.0,16.0,25903.0
2026-07-30T19:01:17.181Z,246.664,246.678,0.0,7.4,0.0,0.0,0.0,0.0,0.0,0.0,0.0,0.0,1.0,0.0,0.0,0.0,9.0,4.0,0.0,0.0,0.0,0.0,0.0,0.0,0.0,0.0,4.0,12.0,1.0,12.14,5.0200000000000005,2.51,1.49,0.0,0.0,0.0,0.4,0.0,-0.2,-0.3,-1.2000000000000002,-169.70000000000002,0.0,0.0,169.8,0.0,21.8,29.200000000000003,29.200000000000003,29.8,300.0,300.0,31.5,35.6,29.1,28.3,30.200000000000003,4.96,2.0,4.97,0.16,0.0,0.0,1027.0,8228.0,0.0,0.0,0.0,0.0,0.0,1.0,0.0,0.0,0.0,0.0,0.0,-1.3,0.0,1.0,0.0,0.0,16.0,25903.0
2026-07-30T19:01:17.193Z,246.676,246.69,0.0,7.4,0.0,0.0,0.0,0.0,0.0,0.0,0.0,0.0,1.0,0.0,0.0,0.0,9.0,4.0,0.0,0.0,0.0,0.0,0.0,0.0,0.0,0.0,6.0,12.0,1.0,12.14,5.0200000000000005,2.51,1.49,0.0,0.0,0.0,0.5,0.0,1.5,2.5,0.5,-169.70000000000002,0.0,0.0,169.70000000000002,0.0,21.8,29.200000000000003,29.200000000000003,29.8,300.0,300.0,31.5,35.6,29.1,28.3,30.200000000000003,4.96,1.99,4.97,0.16,0.0,0.0,1027.0,8228.0,0.0,0.0,0.0,0.0,0.0,1.0,0.0,0.0,0.0,0.0,0.0,3.3000000000000003,0.0,0.0,0.0,0.0002,16.0,25903.0
2026-07-30T19:01:17.205Z,246.688,246.702,0.0,7.4,0.0,0.0,0.0,0.0,0.0,0.0,0.0,0.0,1.0,0.0,0.0,0.0,9.0,4.0,0.0,0.0,0.0,0.0,0.0,0.0,0.0,0.0,2.0,12.0,1.0,12.14,5.0200000000000005,2.51,1.49,0.0,0.0,0.0,0.4,0.0,-0.2,0.2,0.5,-169.70000000000002,0.0,0.0,169.70000000000002,0.0,21.8,29.200000000000003,29.200000000000003,29.8,300.0,300.0,31.5,35.6,29.1,28.3,30.200000000000003,4.95,2.0,4.97,0.16,0.0,0.0,1027.0,8228.0,0.0,0.0,0.0,0.0,0.0,1.0,0.0,0.0,0.0,0.0,0.0,0.7000000000000001,0.0,-0.4,0.0,0.0002,16.0,25903.0
2026-07-30T19:01:17.217Z,246.7,246.714,0.0,7.4,0.0,0.0,0.0,0.0,0.0,0.0,0.0,0.0,1.0,0.0,0.0,0.0,9.0,4.0,0.0,0.0,0.0,0.0,0.0,0.0,0.0,0.0,3.0,12.0,1.0,12.14,5.0200000000000005,2.51,1.49,0.0,0.0,0.0,0.4,0.0,-0.8,-0.3,0.5,-169.70000000000002,0.0,0.0,169.70000000000002,0.0,21.8,29.200000000000003,29.200000000000003,29.8,300.0,300.0,31.5,35.6,29.1,28.3,30.200000000000003,4.96,2.0,4.96,0.16,0.0,0.0,1027.0,8228.0,0.0,0.0,0.0,0.0,0.0,1.0,0.0,0.0,0.0,0.0,0.0,0.0,0.0,-0.5,0.0,0.0001,16.0,25903.0
2026-07-30T19:01:17.231Z,246.714,246.726,0.0,7.4,0.0,0.0,0.0,0.0,0.0,0.0,0.0,0.0,1.0,0.0,0.0,0.0,9.0,4.0,0.0,0.0,0.0,0.0,0.0,0.0,0.0,0.0,4.0,12.0,1.0,12.14,5.01,2.51,1.5,0.0,0.0,0.0,0.4,0.0,-0.8,-0.9,0.0,-169.70000000000002,0.0,0.0,169.70000000000002,0.0,21.4,29.200000000000003,29.200000000000003,29.8,300.0,300.0,31.4,35.5,29.1,28.3,30.200000000000003,4.95,1.99,4.97,0.16,0.0,0.0,1027.0,8228.0,0.0,0.0,0.0,0.0,0.0,1.0,0.0,0.0,0.0,0.0,0.0,-1.0,0.0,-0.2,0.0,0.0001,16.0,25903.0
2026-07-30T19:01:17.240Z,246.723,246.738,0.0,7.4,0.0,0.0,0.0,0.0,0.0,0.0,0.0,0.0,1.0,0.0,0.0,0.0,9.0,4.0,0.0,0.0,0.0,0.0,0.0,0.0,0.0,0.0,6.0,12.0,1.0,12.14,5.01,2.51,1.5,0.0,0.0,0.0,0.4,0.0,0.3,-0.3,-0.5,-169.70000000000002,0.0,0.0,169.60000000000002,0.0,21.4,29.200000000000003,29.200000000000003,29.8,300.0,300.0,31.4,35.5,29.1,28.3,30.200000000000003,4.95,1.99,4.96,0.16,0.0,0.0,1027.0,8228.0,0.0,0.0,0.0,0.0,0.0,1.0,0.0,0.0,0.0,0.0,0.0,-0.7000000000000001,0.0,0.3,0.0,0.0001,16.0,25903.0
2026-07-30T19:01:17.253Z,246.736,246.75,0.0,7.4,0.0,0.0,0.0,0.0,0.0,0.0,0.0,0.0,1.0,0.0,0.0,0.0,9.0,4.0,0.0,0.0,0.0,0.0,0.0,0.0,0.0,0.0,1.0,12.0,1.0,12.14,5.01,2.51,1.5,0.0,0.1,0.0,0.4,0.0,0.2,0.7000000000000001,0.6000000000000001,-169.70000000000002,0.0,0.0,169.70000000000002,0.0,21.4,29.200000000000003,29.200000000000003,29.8,300.0,300.0,31.4,35.5,29.1,28.3,30.200000000000003,4.95,1.99,4.96,0.16,0.0,0.0,1027.0,8228.0,0.0,0.0,0.0,0.0,0.0,1.0,0.0,0.0,0.0,0.0,0.0,1.3,0.0,-0.3,0.0,0.0001,16.0,25903.0
2026-07-30T19:01:17.265Z,246.748,246.762,0.0,7.4,0.0,0.0,0.0,0.0,0.0,0.0,0.0,0.0,1.0,0.0,0.0,0.0,9.0,4.0,0.0,0.0,0.0,0.0,0.0,0.0,0.0,0.0,3.0,12.0,1.0,12.14,5.01,2.51,1.5,0.0,0.0,0.0,0.4,0.0,-0.2,0.1,0.6000000000000001,-169.70000000000002,0.0,0.0,169.70000000000002,0.0,21.4,29.200000000000003,29.200000000000003,29.8,300.0,300.0,31.4,35.5,29.1,28.3,30.200000000000003,4.95,1.99,4.96,0.16,0.0,0.0,1027.0,8228.0,0.0,0.0,0.0,0.0,0.0,1.0,0.0,0.0,0.0,0.0,0.0,0.6000000000000001,0.0,-0.5,0.0,0.0,16.0,25903.0
2026-07-30T19:01:17.277Z,246.76,246.774,0.0,7.4,0.0,0.0,0.0,0.0,0.0,0.0,0.0,0.0,1.0,0.0,0.0,0.0,9.0,4.0,0.0,0.0,0.0,0.0,0.0,0.0,0.0,0.0,3.0,12.0,1.0,12.14,5.01,2.51,1.5,0.0,0.0,0.0,0.4,0.0,0.3,-0.4,0.0,-169.70000000000002,0.0,0.0,169.70000000000002,0.0,21.4,29.200000000000003,29.200000000000003,29.8,300.0,300.0,31.4,35.5,29.1,28.3,30.200000000000003,4.95,1.99,4.97,0.16,0.0,0.0,1027.0,8228.0,0.0,0.0,0.0,0.0,0.0,1.0,0.0,0.0,0.0,0.0,0.0,-0.7000000000000001,0.0,-0.7000000000000001,0.0,0.0001,16.0,25903.0
2026-07-30T19:01:17.289Z,246.772,246.786,0.0,7.4,0.0,0.0,0.0,0.0,0.0,0.0,0.0,0.0,1.0,0.0,0.0,0.0,9.0,4.0,0.0,0.0,0.0,0.0,0.0,0.0,0.0,0.0,4.0,12.0,1.0,12.14,5.01,2.51,1.5,0.0,0.0,0.0,0.4,0.0,0.2,0.6000000000000001,3.5,-169.70000000000002,0.0,0.0,169.70000000000002,0.0,21.4,29.200000000000003,29.200000000000003,29.8,300.0,300.0,31.4,35.5,29.1,28.3,30.200000000000003,4.95,1.99,4.96,0.16,0.0,0.0,1027.0,8228.0,0.0,0.0,0.0,0.0,0.0,1.0,0.0,0.0,0.0,0.0,0.0,3.4000000000000004,0.0,-2.9000000000000004,0.0,0.0001,16.0,25903.0
2026-07-30T19:01:17.301Z,246.784,246.798,0.0,7.4,0.0,0.0,0.0,0.0,0.0,0.0,0.0,0.0,1.0,0.0,0.0,0.0,9.0,4.0,0.0,0.0,0.0,0.0,0.0,0.0,0.0,0.0,6.0,12.0,1.0,12.14,5.01,2.51,1.5,0.0,0.1,0.0,0.5,0.0,0.2,0.0,1.1,-169.70000000000002,0.0,0.0,169.8,0.0,21.4,29.200000000000003,29.200000000000003,29.8,300.0,300.0,31.4,35.5,29.1,28.3,30.200000000000003,4.96,1.99,4.96,0.16,0.0,0.0,1027.0,8228.0,0.0,0.0,0.0,0.0,0.0,1.0,0.0,0.0,0.0,0.0,0.0,0.9,0.0,-0.9,0.0,0.0,16.0,25903.0
2026-07-30T19:01:17.313Z,246.796,246.81,0.0,7.4,0.0,0.0,0.0,0.0,0.0,0.0,0.0,0.0,1.0,0.0,0.0,0.0,9.0,4.0,0.0,0.0,0.0,0.0,0.0,0.0,0.0,0.0,5.0,12.0,1.0,12.14,5.01,2.51,1.5,0.0,0.0,0.0,0.4,0.0,-0.3,-0.4,0.5,-169.70000000000002,0.0,0.0,169.8,0.0,21.4,29.200000000000003,29.200000000000003,29.8,300.0,300.0,31.4,35.5,29.1,28.3,30.200000000000003,4.95,1.99,4.97,0.16,0.0,0.0,1027.0,8228.0,0.0,0.0,0.0,0.0,0.0,1.0,0.0,0.0,0.0,0.0,0.0,-0.9,0.0,0.4,0.0,0.0002,16.0,25903.0
2026-07-30T19:01:17.325Z,246.808,246.822,0.0,7.4,0.0,0.0,0.0,0.0,0.0,0.0,0.0,0.0,1.0,0.0,0.0,0.0,9.0,4.0,0.0,0.0,0.0,0.0,0.0,0.0,0.0,0.0,4.0,12.0,1.0,12.14,5.01,2.51,1.5,0.0,0.0,0.0,0.4,0.0,-0.3,0.6000000000000001,0.0,-169.70000000000002,0.0,0.0,169.8,0.0,21.4,29.200000000000003,29.200000000000003,29.8,300.0,300.0,31.4,35.5,29.1,28.3,30.200000000000003,4.96,1.99,4.96,0.16,0.0,0.0,1027.0,8228.0,0.0,0.0,0.0,0.0,0.0,1.0,0.0,0.0,0.0,0.0,0.0,-0.4,0.0,-1.1,0.0,0.0001,16.0,25903.0
2026-07-30T19:01:17.337Z,246.82,246.834,0.0,7.4,0.0,0.0,0.0,0.0,0.0,0.0,0.0,0.0,1.0,0.0,0.0,0.0,9.0,4.0,0.0,0.0,0.0,0.0,0.0,0.0,0.0,0.0,6.0,12.0,1.0,12.18,5.0200000000000005,2.5,1.49,0.0,0.0,0.0,0.4,0.0,-0.3,-0.5,1.1,-169.70000000000002,0.0,0.0,169.70000000000002,0.0,21.0,29.200000000000003,29.200000000000003,29.8,300.0,300.0,31.5,35.5,29.1,28.3,30.200000000000003,4.96,2.0,4.96,0.16,0.0,0.0,1027.0,8228.0,0.0,0.0,0.0,0.0,0.0,1.0,0.0,0.0,0.0,0.0,0.0,2.0,0.0,-1.3,0.0,0.0001,16.0,25903.0
2026-07-30T19:01:17.349Z,246.832,246.846,0.0,7.4,0.0,0.0,0.0,0.0,0.0,0.0,0.0,0.0,1.0,0.0,0.0,0.0,9.0,4.0,0.0,0.0,0.0,0.0,0.0,0.0,0.0,0.0,3.0,12.0,1.0,12.18,5.0200000000000005,2.5,1.49,0.0,0.0,0.0,0.4,0.0,0.1,0.0,-0.6000000000000001,-169.70000000000002,0.0,0.0,169.8,0.0,21.0,29.200000000000003,29.200000000000003,29.8,300.0,300.0,31.5,35.5,29.1,28.3,30.200000000000003,4.96,1.99,4.96,0.16,0.0,0.0,1027.0,8228.0,0.0,0.0,0.0,0.0,0.0,1.0,0.0,0.0,0.0,0.0,0.0,-0.4,0.0,0.5,0.0,0.0002,16.0,25903.0
2026-07-30T19:01:17.361Z,246.844,246.858,0.0,7.4,0.0,0.0,0.0,0.0,0.0,0.0,0.0,0.0,1.0,0.0,0.0,0.0,9.0,4.0,0.0,0.0,0.0,0.0,0.0,0.0,0.0,0.0,4.0,12.0,1.0,12.18,5.0200000000000005,2.5,1.49,0.0,0.1,0.0,0.4,0.0,0.7000000000000001,-0.5,1.1,-169.70000000000002,0.0,0.0,169.70000000000002,0.0,21.0,29.200000000000003,29.200000000000003,29.8,300.0,300.0,31.5,35.5,29.1,28.3,30.200000000000003,4.95,1.99,4.97,0.16,0.0,0.0,1027.0,8228.0,0.0,0.0,0.0,0.0,0.0,1.0,0.0,0.0,0.0,0.0,0.0,0.1,0.0,-1.0,0.0,0.0001,16.0,25903.0
2026-07-30T19:01:17.373Z,246.856,246.87,0.0,7.4,0.0,0.0,0.0,0.0,0.0,0.0,0.0,0.0,1.0,0.0,0.0,0.0,9.0,4.0,0.0,0.0,0.0,0.0,0.0,0.0,0.0,0.0,6.0,12.0,1.0,12.18,5.0200000000000005,2.5,1.49,-0.1,0.1,0.0,0.4,0.0,-1.0,-1.1,-0.6000000000000001,-169.70000000000002,0.0,0.0,169.70000000000002,0.0,21.0,29.200000000000003,29.200000000000003,29.8,300.0,300.0,31.5,35.5,29.1,28.3,30.200000000000003,4.96,1.99,4.96,0.16,0.0,0.0,1027.0,8228.0,0.0,0.0,0.0,0.0,0.0,1.0,0.0,0.0,0.0,0.0,0.0,-1.7000000000000002,0.0,0.3,0.0,0.0001,16.0,25903.0
2026-07-30T19:01:17.385Z,246.868,246.882,0.0,7.4,0.0,0.0,0.0,0.0,0.0,0.0,0.0,0.0,1.0,0.0,0.0,0.0,9.0,4.0,0.0,0.0,0.0,0.0,0.0,0.0,0.0,0.0,1.0,12.0,1.0,12.18,5.0200000000000005,2.5,1.49,0.0,0.0,0.0,0.4,0.0,0.1,0.0,0.0,-169.70000000000002,0.0,0.0,169.70000000000002,0.0,21.0,29.200000000000003,29.200000000000003,29.8,300.0,300.0,31.5,35.5,29.1,28.3,30.200000000000003,4.96,1.99,4.97,0.16,0.0,0.0,1027.0,8228.0,0.0,0.0,0.0,0.0,0.0,1.0,0.0,0.0,0.0,0.0,0.0,0.0,0.0,0.0,0.0,0.0001,16.0,25903.0
2026-07-30T19:01:17.397Z,246.88,246.894,0.0,7.4,0.0,0.0,0.0,0.0,0.0,0.0,0.0,0.0,1.0,0.0,0.0,0.0,9.0,4.0,0.0,0.0,0.0,0.0,0.0,0.0,0.0,0.0,2.0,12.0,1.0,12.18,5.0200000000000005,2.5,1.49,0.0,0.0,0.0,0.4,0.0,0.1,1.2000000000000002,0.0,-169.70000000000002,0.0,0.0,169.70000000000002,0.0,21.0,29.200000000000003,29.200000000000003,29.8,300.0,300.0,31.5,35.5,29.1,28.3,30.200000000000003,4.95,1.99,4.97,0.16,0.0,0.0,1027.0,8228.0,0.0,0.0,0.0,0.0,0.0,1.0,0.0,0.0,0.0,0.0,0.0,1.3,0.0,0.3,0.0,0.0,16.0,25903.0
2026-07-30T19:01:17.409Z,246.892,246.906,0.0,7.4,0.0,0.0,0.0,0.0,0.0,0.0,0.0,0.0,1.0,0.0,0.0,0.0,9.0,4.0,0.0,0.0,0.0,0.0,0.0,0.0,0.0,0.0,4.0,12.0,1.0,12.18,5.0200000000000005,2.5,1.49,-0.1,0.1,0.0,0.4,0.0,-0.3,0.1,0.0,-169.70000000000002,0.0,0.0,169.8,0.0,21.0,29.200000000000003,29.200000000000003,29.8,300.0,300.0,31.5,35.5,29.1,28.3,30.200000000000003,4.96,1.99,4.96,0.16,0.0,0.0,1027.0,8228.0,0.0,0.0,0.0,0.0,0.0,1.0,0.0,0.0,0.0,0.0,0.0,0.1,0.0,0.0,0.0,0.0001,16.0,25903.0
2026-07-30T19:01:17.421Z,246.904,246.918,-0.1,7.4,0.0,0.0,0.0,0.0,0.0,0.0,0.0,0.0,1.0,0.0,0.0,0.0,9.0,4.0,0.0,0.0,0.0,0.0,0.0,0.0,0.0,0.0,4.0,12.0,1.0,12.18,5.0200000000000005,2.5,1.49,0.0,0.0,0.0,0.4,0.0,-0.3,-0.5,0.0,-169.70000000000002,0.0,0.0,169.8,0.0,21.0,29.200000000000003,29.200000000000003,29.8,300.0,300.0,31.5,35.5,29.1,28.3,30.200000000000003,4.96,1.99,4.96,0.16,0.0,0.0,1027.0,8228.0,0.0,0.0,0.0,0.0,0.0,1.0,0.0,0.0,0.0,0.0,0.0,-0.6000000000000001,0.0,0.0,0.0,0.0001,16.0,25903.0
2026-07-30T19:01:17.433Z,246.916,246.93,0.0,7.4,0.0,0.0,0.0,0.0,0.0,0.0,0.0,0.0,1.0,0.0,0.0,0.0,9.0,4.0,0.0,0.0,0.0,0.0,0.0,0.0,0.0,0.0,6.0,12.0,1.0,12.17,5.0200000000000005,2.51,1.5,0.0,0.1,0.0,0.5,0.0,-0.9,-1.1,-0.6000000000000001,-169.70000000000002,0.0,0.0,169.8,0.0,21.3,29.200000000000003,29.200000000000003,29.8,300.0,300.0,31.5,35.5,29.1,28.3,30.200000000000003,4.96,1.99,4.97,0.16,0.0,0.0,1027.0,8228.0,0.0,0.0,0.0,0.0,0.0,1.0,0.0,0.0,0.0,0.0,0.0,-1.7000000000000002,0.0,0.3,0.0,0.0,16.0,25903.0
2026-07-30T19:01:17.445Z,246.928,246.942,0.0,7.4,0.0,0.0,0.0,0.0,0.0,0.0,0.0,0.0,1.0,0.0,0.0,0.0,9.0,4.0,0.0,0.0,0.0,0.0,0.0,0.0,0.0,0.0,1.0,12.0,1.0,12.17,5.0200000000000005,2.51,1.5,0.0,0.0,0.0,0.4,0.0,0.7000000000000001,1.2000000000000002,-0.7000000000000001,-169.70000000000002,0.0,0.0,169.70000000000002,0.0,21.3,29.200000000000003,29.200000000000003,29.8,300.0,300.0,31.5,35.5,29.1,28.3,30.200000000000003,4.96,1.99,4.97,0.16,0.0,0.0,1027.0,8228.0,0.0,0.0,0.0,0.0,0.0,1.0,0.0,0.0,0.0,0.0,0.0,0.8,0.0,0.9,0.0,0.0001,16.0,25903.0
2026-07-30T19:01:17.457Z,246.94,246.954,0.0,7.4,0.0,0.0,0.0,0.0,0.0,0.0,0.0,0.0,1.0,0.0,0.0,0.0,9.0,4.0,0.0,0.0,0.0,0.0,0.0,0.0,0.0,0.0,2.0,12.0,1.0,12.17,5.0200000000000005,2.51,1.5,0.0,0.0,0.0,0.4,0.0,0.1,0.1,1.0,-169.70000000000002,0.0,0.0,169.8,0.0,21.3,29.200000000000003,29.200000000000003,29.8,300.0,300.0,31.5,35.5,29.1,28.3,30.200000000000003,4.96,1.99,4.96,0.16,0.0,0.0,1027.0,8228.0,0.0,0.0,0.0,0.0,0.0,1.0,0.0,0.0,0.0,0.0,0.0,0.9,0.0,-0.8,0.0,0.0,16.0,25903.0
2026-07-30T19:01:17.468Z,246.951,246.966,0.0,7.4,0.0,0.0,0.0,0.0,0.0,0.0,0.0,0.0,1.0,0.0,0.0,0.0,9.0,4.0,0.0,0.0,0.0,0.0,0.0,0.0,0.0,0.0,4.0,12.0,1.0,12.17,5.0200000000000005,2.51,1.5,0.0,0.0,0.0,0.4,0.0,-0.3,-1.0,-0.7000000000000001,-169.70000000000002,0.0,0.0,169.70000000000002,0.0,21.3,29.200000000000003,29.200000000000003,29.8,300.0,300.0,31.5,35.5,29.1,28.3,30.200000000000003,4.95,1.99,4.97,0.16,0.0,0.0,1027.0,8228.0,0.0,0.0,0.0,0.0,0.0,1.0,0.0,0.0,0.0,0.0,0.0,-1.6,0.0,0.4,0.0,0.0,16.0,25903.0
2026-07-30T19:01:17.480Z,246.963,246.978,0.0,7.4,0.0,0.0,0.0,0.0,0.0,0.0,0.0,0.0,1.0,0.0,0.0,0.0,9.0,4.0,0.0,0.0,0.0,0.0,0.0,0.0,0.0,0.0,5.0,12.0,1.0,12.17,5.0200000000000005,2.51,1.5,0.0,0.1,0.0,0.4,0.0,-0.3,0.1,-0.7000000000000001,-169.70000000000002,0.0,0.0,169.70000000000002,0.0,21.3,29.200000000000003,29.200000000000003,29.8,300.0,300.0,31.5,35.5,29.1,28.3,30.200000000000003,4.95,1.99,4.96,0.16,0.0,0.0,1027.0,8228.0,0.0,0.0,0.0,0.0,0.0,1.0,0.0,0.0,0.0,0.0,0.0,-0.3,0.0,0.6000000000000001,0.0,0.0,16.0,25903.0
2026-07-30T19:01:17.493Z,246.976,246.99,0.0,7.4,0.0,0.0,0.0,0.0,0.0,0.0,0.0,0.0,1.0,0.0,0.0,0.0,9.0,4.0,0.0,0.0,0.0,0.0,0.0,0.0,0.0,0.0,6.0,12.0,1.0,12.17,5.0200000000000005,2.51,1.5,0.0,0.0,0.0,0.4,0.0,-0.3,-0.4,-1.3,-169.70000000000002,0.0,0.0,169.70000000000002,0.0,21.3,29.200000000000003,29.200000000000003,29.8,300.0,300.0,31.5,35.5,29.1,28.3,30.200000000000003,4.96,1.99,4.96,0.16,0.0,0.0,1027.0,8228.0,0.0,0.0,0.0,0.0,0.0,1.0,0.0,0.0,0.0,0.0,0.0,-1.5,0.0,1.1,0.0,0.0001,16.0,25903.0
2026-07-30T19:01:17.505Z,246.988,247.002,0.0,7.4,0.0,0.0,0.0,0.0,0.0,0.0,0.0,0.0,1.0,0.0,0.0,0.0,9.0,4.0,0.0,0.0,0.0,0.0,0.0,0.0,0.0,0.0,2.0,12.0,1.0,12.17,5.0200000000000005,2.51,1.5,0.0,0.0,0.0,0.4,0.0,0.8,-0.4,-0.7000000000000001,-169.70000000000002,0.0,0.0,169.8,0.0,21.3,29.200000000000003,29.200000000000003,29.8,300.0,300.0,31.5,35.5,29.1,28.3,30.200000000000003,4.95,1.99,4.96,0.16,0.0,0.0,1027.0,8228.0,0.0,0.0,0.0,0.0,0.0,1.0,0.0,0.0,0.0,0.0,0.0,-1.0,0.0,0.5,0.0,0.0,16.0,25903.0
2026-07-30T19:01:17.517Z,247.0,247.014,0.0,7.4,0.0,0.0,0.0,0.0,0.0,0.0,0.0,0.0,1.0,0.0,0.0,0.0,9.0,4.0,0.0,0.0,0.0,0.0,0.0,0.0,0.0,0.0,4.0,12.0,1.0,12.17,5.0200000000000005,2.51,1.5,0.0,0.0,0.0,0.5,0.0,-0.8,0.6000000000000001,0.9,-169.70000000000002,0.0,0.0,169.70000000000002,0.0,21.3,29.200000000000003,29.200000000000003,29.8,300.0,300.0,31.5,35.5,29.1,28.3,30.200000000000003,4.95,1.99,4.97,0.16,0.0,0.0,1027.0,8228.0,0.0,0.0,0.0,0.0,0.0,1.0,0.0,0.0,0.0,0.0,0.0,1.5,0.0,-0.7000000000000001,0.0,0.0,16.0,25903.0
2026-07-30T19:01:17.529Z,247.012,247.026,0.0,7.4,0.0,0.0,0.0,0.0,0.0,0.0,0.0,0.0,1.0,0.0,0.0,0.0,9.0,4.0,0.0,0.0,0.0,0.0,0.0,0.0,0.0,0.0,5.0,12.0,1.0,12.17,5.0200000000000005,2.51,1.5,0.0,0.0,0.0,0.4,0.0,0.3,0.0,-0.7000000000000001,-169.70000000000002,0.0,0.0,169.70000000000002,0.0,21.3,29.200000000000003,29.200000000000003,29.8,300.0,300.0,31.5,35.5,29.1,28.3,30.200000000000003,4.95,1.99,4.96,0.16,0.0,0.0,1027.0,8228.0,0.0,0.0,0.0,0.0,0.0,1.0,0.0,0.0,0.0,0.0,0.0,-0.4,0.0,0.7000000000000001,0.0,0.0001,16.0,25903.0
2026-07-30T19:01:17.541Z,247.024,247.038,0.0,7.4,0.0,0.0,0.0,0.0,0.0,0.0,0.0,0.0,1.0,0.0,0.0,0.0,9.0,4.0,0.0,0.0,0.0,0.0,0.0,0.0,0.0,0.0,6.0,12.0,1.0,12.18,5.01,2.51,1.49,0.0,0.0,0.0,0.4,0.0,-0.2,0.7000000000000001,-0.2,-169.70000000000002,0.0,0.0,169.8,0.0,21.700000000000003,29.200000000000003,29.200000000000003,29.8,300.0,300.0,31.4,35.5,29.1,28.3,30.200000000000003,4.96,1.99,4.96,0.16,0.0,0.0,1027.0,8228.0,0.0,0.0,0.0,0.0,0.0,1.0,0.0,0.0,0.0,0.0,0.0,0.6000000000000001,0.0,0.3,0.0,0.0001,16.0,25903.0
2026-07-30T19:01:17.553Z,247.036,247.05,0.0,7.4,0.0,0.0,0.0,0.0,0.0,0.0,0.0,0.0,1.0,0.0,0.0,0.0,9.0,4.0,0.0,0.0,0.0,0.0,0.0,0.0,0.0,0.0,2.0,12.0,1.0,12.18,5.01,2.51,1.49,0.0,0.0,0.0,0.4,0.0,0.3,0.0,-0.8,-169.70000000000002,0.0,0.0,169.8,0.0,21.700000000000003,29.200000000000003,29.200000000000003,29.8,300.0,300.0,31.4,35.5,29.1,28.3,30.200000000000003,4.95,1.99,4.97,0.16,0.0,0.0,1027.0,8228.0,0.0,0.0,0.0,0.0,0.0,1.0,0.0,0.0,0.0,0.0,0.0,-0.4,0.0,0.7000000000000001,0.0,0.0001,16.0,25903.0
2026-07-30T19:01:17.565Z,247.048,247.062,0.0,7.4,0.0,0.0,0.0,0.0,0.0,0.0,0.0,0.0,1.0,0.0,0.0,0.0,9.0,4.0,0.0,0.0,0.0,0.0,0.0,0.0,0.0,0.0,3.0,12.0,1.0,12.18,5.01,2.51,1.49,0.0,0.1,0.0,0.4,0.0,-0.2,-1.0,-0.7000000000000001,-169.70000000000002,0.0,0.0,169.8,0.0,21.700000000000003,29.200000000000003,29.200000000000003,29.8,300.0,300.0,31.4,35.5,29.1,28.3,30.200000000000003,4.95,1.99,4.96,0.16,0.0,0.0,1027.0,8228.0,0.0,0.0,0.0,0.0,0.0,1.0,0.0,0.0,0.0,0.0,0.0,-1.7000000000000002,0.0,0.4,0.0,0.0001,16.0,25903.0
2026-07-30T19:01:17.577Z,247.06,247.074,0.0,7.4,0.0,0.0,0.0,0.0,0.0,0.0,0.0,0.0,1.0,0.0,0.0,0.0,9.0,4.0,0.0,0.0,0.0,0.0,0.0,0.0,0.0,0.0,4.0,12.0,1.0,12.18,5.01,2.51,1.49,0.1,0.0,0.0,0.4,0.0,0.2,0.6000000000000001,0.3,-169.70000000000002,0.0,0.0,169.70000000000002,0.0,21.700000000000003,29.200000000000003,29.200000000000003,29.8,300.0,300.0,31.4,35.5,29.1,28.3,30.200000000000003,4.95,2.0,4.97,0.16,0.0,0.0,1027.0,8228.0,0.0,0.0,0.0,0.0,0.0,1.0,0.0,0.0,0.0,0.0,0.0,1.0,0.0,-0.2,0.0,0.0,16.0,25903.0
2026-07-30T19:01:17.589Z,247.072,247.086,0.0,7.4,0.0,0.0,0.0,0.0,0.0,0.0,0.0,0.0,1.0,0.0,0.0,0.0,9.0,4.0,0.0,0.0,0.0,0.0,0.0,0.0,0.0,0.0,5.0,12.0,1.0,12.18,5.01,2.51,1.49,0.0,0.0,0.0,0.4,0.0,0.2,1.2000000000000002,-0.1,-169.70000000000002,0.0,0.0,169.70000000000002,0.0,21.700000000000003,29.200000000000003,29.200000000000003,29.8,300.0,300.0,31.4,35.5,29.1,28.3,30.200000000000003,4.95,1.99,4.97,0.16,0.0,0.0,1027.0,8228.0,0.0,0.0,0.0,0.0,0.0,1.0,0.0,0.0,0.0,0.0,0.0,1.2000000000000002,0.0,0.4,0.0,0.0001,16.0,25903.0
2026-07-30T19:01:17.601Z,247.084,247.098,0.0,7.4,0.0,0.0,0.0,0.0,0.0,0.0,0.0,0.0,1.0,0.0,0.0,0.0,9.0,4.0,0.0,0.0,0.0,0.0,0.0,0.0,0.0,0.0,6.0,12.0,1.0,12.18,5.01,2.51,1.49,0.0,0.1,0.0,0.4,0.0,0.8,-0.4,0.9,-169.70000000000002,0.0,0.0,169.8,0.0,21.700000000000003,29.200000000000003,29.200000000000003,29.8,300.0,300.0,31.4,35.5,29.1,28.3,30.200000000000003,4.95,1.99,4.97,0.16,0.0,0.0,1027.0,8228.0,0.0,0.0,0.0,0.0,0.0,1.0,0.0,0.0,0.0,0.0,0.0,0.2,0.0,-0.9,0.0,0.0001,16.0,25903.0
2026-07-30T19:01:17.617Z,247.1,247.11,0.0,7.4,0.0,0.0,0.0,0.0,0.0,0.0,0.0,0.0,1.0,0.0,0.0,0.0,9.0,4.0,0.0,0.0,0.0,0.0,0.0,0.0,0.0,0.0,1.0,12.0,1.0,12.18,5.01,2.51,1.49,0.0,0.0,0.0,0.4,0.0,-0.9,-0.4,0.9,-169.70000000000002,0.0,0.0,169.8,0.0,21.700000000000003,29.200000000000003,29.200000000000003,29.8,300.0,300.0,31.4,35.5,29.1,28.3,30.200000000000003,4.96,1.99,4.96,0.16,0.0,0.0,1027.0,8228.0,0.0,0.0,0.0,0.0,0.0,1.0,0.0,0.0,0.0,0.0,0.0,0.2,0.0,-0.9,0.0,0.0002,16.0,25903.0
2026-07-30T19:01:17.628Z,247.111,247.122,0.0,7.4,0.0,0.0,0.0,0.0,0.0,0.0,0.0,0.0,1.0,0.0,0.0,0.0,9.0,4.0,0.0,0.0,0.0,0.0,0.0,0.0,0.0,0.0,6.0,12.0,1.0,12.18,5.01,2.51,1.49,0.0,0.0,0.0,0.4,0.0,0.8,1.2000000000000002,0.9,-169.70000000000002,0.0,0.0,169.70000000000002,0.0,21.700000000000003,29.200000000000003,29.200000000000003,29.8,300.0,300.0,31.4,35.5,29.1,28.3,30.200000000000003,4.96,1.99,4.97,0.16,0.0,0.0,1027.0,8228.0,0.0,0.0,0.0,0.0,0.0,1.0,0.0,0.0,0.0,0.0,0.0,2.1,0.0,-0.5,0.0,0.0,16.0,25903.0
2026-07-30T19:01:17.638Z,247.121,247.134,0.0,7.4,0.0,0.0,0.0,0.0,0.0,0.0,0.0,0.0,1.0,0.0,0.0,0.0,9.0,4.0,0.0,0.0,0.0,0.0,0.0,0.0,0.0,0.0,4.0,12.0,1.0,12.15,5.01,2.5,1.5,0.0,0.0,0.0,0.4,0.0,-0.2,0.1,-0.7000000000000001,-169.70000000000002,0.0,0.0,169.8,0.0,21.8,29.200000000000003,29.200000000000003,29.8,300.0,300.0,31.4,35.6,29.1,28.3,30.200000000000003,4.95,2.0,4.97,0.16,0.0,0.0,1027.0,8228.0,0.0,0.0,0.0,0.0,0.0,1.0,0.0,0.0,0.0,0.0,0.0,-0.4,0.0,0.6000000000000001,0.0,0.0001,16.0,25903.0
2026-07-30T19:01:17.649Z,247.132,247.146,0.0,7.4,0.0,0.0,0.0,0.0,0.0,0.0,0.0,0.0,1.0,0.0,0.0,0.0,9.0,4.0,0.0,0.0,0.0,0.0,0.0,0.0,0.0,0.0,5.0,12.0,1.0,12.15,5.01,2.5,1.5,0.0,0.0,0.0,0.4,0.0,0.3,0.1,0.3,-169.70000000000002,0.0,0.0,169.8,0.0,21.8,29.200000000000003,29.200000000000003,29.8,300.0,300.0,31.4,35.6,29.1,28.3,30.200000000000003,4.96,2.0,4.97,0.16,0.0,0.0,1027.0,8228.0,0.0,0.0,0.0,0.0,0.0,1.0,0.0,0.0,0.0,0.0,0.0,0.4,0.0,-0.3,0.0,0.0001,16.0,25903.0
2026-07-30T19:01:17.661Z,247.144,247.158,0.0,7.4,0.0,0.0,0.0,0.0,0.0,0.0,0.0,0.0,1.0,0.0,0.0,0.0,9.0,4.0,0.0,0.0,0.0,0.0,0.0,0.0,0.0,0.0,1.0,12.0,1.0,12.15,5.01,2.5,1.5,0.0,0.1,0.0,0.4,0.0,-0.2,-0.4,-0.7000000000000001,-169.70000000000002,0.0,0.0,169.70000000000002,0.0,21.8,29.200000000000003,29.200000000000003,29.8,300.0,300.0,31.4,35.6,29.1,28.3,30.200000000000003,4.95,2.0,4.96,0.16,0.0,0.0,1027.0,8228.0,0.0,0.0,0.0,0.0,0.0,1.0,0.0,0.0,0.0,0.0,0.0,-1.0,0.0,0.5,0.0,0.0001,16.0,25903.0
2026-07-30T19:01:17.673Z,247.156,247.17,0.0,7.4,0.0,0.0,0.0,0.0,0.0,0.0,0.0,0.0,1.0,0.0,0.0,0.0,9.0,4.0,0.0,0.0,0.0,0.0,0.0,0.0,0.0,0.0,3.0,12.0,1.0,12.15,5.01,2.5,1.5,0.0,0.0,0.0,0.4,0.0,0.9,0.7000000000000001,-0.1,-169.70000000000002,0.0,0.0,169.70000000000002,0.0,21.8,29.200000000000003,29.200000000000003,29.8,300.0,300.0,31.4,35.6,29.1,28.3,30.200000000000003,4.95,1.99,4.97,0.16,0.0,0.0,1027.0,8228.0,0.0,0.0,0.0,0.0,0.0,1.0,0.0,0.0,0.0,0.0,0.0,0.7000000000000001,0.0,0.2,0.0,0.0001,16.0,25903.0
2026-07-30T19:01:17.684Z,247.167,247.182,0.0,7.4,0.0,0.0,0.0,0.0,0.0,0.0,0.0,0.0,1.0,0.0,0.0,0.0,9.0,4.0,0.0,0.0,0.0,0.0,0.0,0.0,0.0,0.0,4.0,12.0,1.0,12.15,5.01,2.5,1.5,0.0,0.0,0.0,0.4,0.0,0.3,0.1,-0.1,-169.70000000000002,0.0,0.0,169.70000000000002,0.0,21.8,29.200000000000003,29.200000000000003,29.8,300.0,300.0,31.4,35.6,29.1,28.3,30.200000000000003,4.95,2.0,4.97,0.16,0.0,0.0,1027.0,8228.0,0.0,0.0,0.0,0.0,0.0,1.0,0.0,0.0,0.0,0.0,0.0,0.0,0.0,0.1,0.0,0.0001,16.0,25903.0
2026-07-30T19:01:17.697Z,247.18,247.194,0.0,7.4,0.0,0.0,0.0,0.0,0.0,0.0,0.0,0.0,1.0,0.0,0.0,0.0,9.0,4.0,0.0,0.0,0.0,0.0,0.0,0.0,0.0,0.0,5.0,12.0,1.0,12.15,5.01,2.5,1.5,0.0,0.0,0.0,0.4,0.0,0.3,0.7000000000000001,0.4,-169.70000000000002,0.0,0.0,169.8,0.0,21.8,29.200000000000003,29.200000000000003,29.8,300.0,300.0,31.4,35.6,29.1,28.3,30.200000000000003,4.95,2.0,4.96,0.16,0.0,0.0,1027.0,8228.0,0.0,0.0,0.0,0.0,0.0,1.0,0.0,0.0,0.0,0.0,0.0,1.2000000000000002,0.0,-0.2,0.0,0.0001,16.0,25903.0
2026-07-30T19:01:17.709Z,247.192,247.206,0.0,7.4,0.0,0.0,0.0,0.0,0.0,0.0,0.0,0.0,1.0,0.0,0.0,0.0,9.0,4.0,0.0,0.0,0.0,0.0,0.0,0.0,0.0,0.0,1.0,12.0,1.0,12.15,5.01,2.5,1.5,0.0,0.0,0.0,0.4,0.0,0.3,0.7000000000000001,-0.7000000000000001,-169.70000000000002,0.0,0.0,169.8,0.0,21.8,29.200000000000003,29.200000000000003,29.8,300.0,300.0,31.4,35.6,29.1,28.3,30.200000000000003,4.95,1.99,4.97,0.16,0.0,0.0,1027.0,8228.0,0.0,0.0,0.0,0.0,0.0,1.0,0.0,0.0,0.0,0.0,0.0,0.2,0.0,0.8,0.0,0.0001,16.0,25903.0
2026-07-30T19:01:17.721Z,247.204,247.218,0.0,7.4,0.0,0.0,0.0,0.0,0.0,0.0,0.0,0.0,1.0,0.0,0.0,0.0,9.0,4.0,0.0,0.0,0.0,0.0,0.0,0.0,0.0,0.0,1.0,12.0,1.0,12.15,5.01,2.5,1.5,0.0,0.1,0.0,0.4,0.0,-0.2,-0.4,-0.1,-169.70000000000002,0.0,0.0,169.8,0.0,21.8,29.200000000000003,29.200000000000003,29.8,300.0,300.0,31.4,35.6,29.1,28.3,30.200000000000003,4.95,1.99,4.96,0.16,0.0,0.0,1027.0,8228.0,0.0,0.0,0.0,0.0,0.0,1.0,0.0,0.0,0.0,0.0,0.0,-0.6000000000000001,0.0,0.0,0.0,0.0001,16.0,25903.0
2026-07-30T19:01:17.733Z,247.216,247.23,0.0,7.4,0.0,0.0,0.0,0.0,0.0,0.0,0.0,0.0,1.0,0.0,0.0,0.0,9.0,4.0,0.0,0.0,0.0,0.0,0.0,0.0,0.0,0.0,3.0,12.0,1.0,12.15,5.01,2.5,1.5,0.0,0.0,0.0,0.4,0.0,-0.1,0.1,0.4,-169.70000000000002,0.0,0.0,169.8,0.0,21.8,29.200000000000003,29.200000000000003,29.8,300.0,300.0,31.4,35.6,29.1,28.3,30.200000000000003,4.96,2.0,4.96,0.16,0.0,0.0,1027.0,8228.0,0.0,0.0,0.0,0.0,0.0,1.0,0.0,0.0,0.0,0.0,0.0,0.4,0.0,-0.3,0.0,0.0,16.0,25903.0
2026-07-30T19:01:17.745Z,247.228,247.242,0.0,7.4,0.0,0.0,0.0,0.0,0.0,0.0,0.0,0.0,1.0,0.0,0.0,0.0,9.0,4.0,0.0,0.0,0.0,0.0,0.0,0.0,0.0,0.0,4.0,12.0,1.0,12.15,5.01,2.5,1.49,0.0,0.1,0.0,0.4,0.0,0.3,0.7000000000000001,-0.1,-169.70000000000002,0.0,0.0,169.70000000000002,0.0,21.8,29.200000000000003,29.200000000000003,29.8,300.0,300.0,31.5,35.6,29.1,28.4,30.200000000000003,4.96,2.0,4.96,0.16,0.0,0.0,1027.0,8228.0,0.0,0.0,0.0,0.0,0.0,1.0,0.0,0.0,0.0,0.0,0.0,0.6000000000000001,0.0,0.2,0.0,0.0,16.0,25903.0
2026-07-30T19:01:17.757Z,247.24,247.254,0.0,7.4,0.0,0.0,0.0,0.0,0.0,0.0,0.0,0.0,1.0,0.0,0.0,0.0,9.0,4.0,0.0,0.0,0.0,0.0,0.0,0.0,0.0,0.0,5.0,12.0,1.0,12.15,5.01,2.5,1.49,0.0,0.0,0.0,0.4,0.0,0.3,0.0,0.9,-169.70000000000002,0.0,0.0,169.70000000000002,0.0,21.8,29.200000000000003,29.200000000000003,29.8,300.0,300.0,31.5,35.6,29.1,28.4,30.200000000000003,4.96,1.99,4.97,0.16,0.0,0.0,1027.0,8228.0,0.0,0.0,0.0,0.0,0.0,1.0,0.0,0.0,0.0,0.0,0.0,0.8,0.0,-0.8,0.0,0.0001,16.0,25903.0
2026-07-30T19:01:17.769Z,247.252,247.266,0.0,7.4,0.0,0.0,0.0,0.0,0.0,0.0,0.0,0.0,1.0,0.0,0.0,0.0,9.0,4.0,0.0,0.0,0.0,0.0,0.0,0.0,0.0,0.0,6.0,12.0,1.0,12.15,5.01,2.5,1.49,0.0,0.0,0.0,0.4,0.0,0.3,0.0,-0.7000000000000001,-169.70000000000002,0.0,0.0,169.70000000000002,0.0,21.8,29.200000000000003,29.200000000000003,29.8,300.0,300.0,31.5,35.6,29.1,28.4,30.200000000000003,4.96,1.99,4.97,0.16,0.0,0.0,1027.0,8228.0,0.0,0.0,0.0,0.0,0.0,1.0,0.0,0.0,0.0,0.0,0.0,-0.5,0.0,0.6000000000000001,0.0,0.0001,16.0,25903.0
2026-07-30T19:01:17.780Z,247.263,247.278,0.0,7.4,0.0,0.0,0.0,0.0,0.0,0.0,0.0,0.0,1.0,0.0,0.0,0.0,9.0,4.0,0.0,0.0,0.0,0.0,0.0,0.0,0.0,0.0,2.0,12.0,1.0,12.15,5.01,2.5,1.49,0.0,0.0,0.0,0.4,0.0,0.3,1.2000000000000002,1.0,-169.70000000000002,0.0,0.0,169.60000000000002,0.0,21.8,29.200000000000003,29.200000000000003,29.8,300.0,300.0,31.5,35.6,29.1,28.4,30.200000000000003,4.96,1.99,4.97,0.16,0.0,0.0,1027.0,8228.0,0.0,0.0,0.0,0.0,0.0,1.0,0.0,0.0,0.0,0.0,0.0,2.1,0.0,-0.6000000000000001,0.0,0.0001,16.0,25903.0
2026-07-30T19:01:17.793Z,247.276,247.29,0.0,7.4,0.0,0.0,0.0,0.0,0.0,0.0,0.0,0.0,1.0,0.0,0.0,0.0,9.0,4.0,0.0,0.0,0.0,0.0,0.0,0.0,0.0,0.0,3.0,12.0,1.0,12.15,5.01,2.5,1.49,0.0,0.0,0.0,0.4,0.0,-0.1,-1.0,-0.7000000000000001,-169.70000000000002,0.0,0.0,169.70000000000002,0.0,21.8,29.200000000000003,29.200000000000003,29.8,300.0,300.0,31.5,35.6,29.1,28.4,30.200000000000003,4.95,1.99,4.96,0.16,0.0,0.0,1027.0,8228.0,0.0,0.0,0.0,0.0,0.0,1.0,0.0,0.0,0.0,0.0,0.0,-1.7000000000000002,0.0,0.3,0.0,0.0001,16.0,25903.0
2026-07-30T19:01:17.804Z,247.287,247.302,0.0,7.4,0.0,0.0,0.0,0.0,0.0,0.0,0.0,0.0,1.0,0.0,0.0,0.0,9.0,4.0,0.0,0.0,0.0,0.0,0.0,0.0,0.0,0.0,4.0,12.0,1.0,12.15,5.01,2.5,1.49,0.0,0.0,0.0,0.4,0.0,0.3,-1.0,-1.2000000000000002,-169.70000000000002,0.0,0.0,169.70000000000002,0.0,21.8,29.200000000000003,29.200000000000003,29.8,300.0,300.0,31.5,35.6,29.1,28.4,30.200000000000003,4.96,1.99,4.96,0.16,0.0,0.0,1027.0,8228.0,0.0,0.0,0.0,0.0,0.0,1.0,0.0,0.0,0.0,0.0,0.0,-2.2,0.0,0.9,0.0,0.0,16.0,25903.0
2026-07-30T19:01:17.817Z,247.3,247.314,0.0,7.4,0.0,0.0,0.0,0.0,0.0,0.0,0.0,0.0,1.0,0.0,0.0,0.0,9.0,4.0,0.0,0.0,0.0,0.0,0.0,0.0,0.0,0.0,6.0,12.0,1.0,12.15,5.01,2.5,1.49,0.0,0.0,0.0,0.4,0.0,0.3,1.2000000000000002,0.4,-169.70000000000002,0.0,0.0,169.70000000000002,0.0,21.8,29.200000000000003,29.200000000000003,29.8,300.0,300.0,31.5,35.6,29.1,28.4,30.200000000000003,4.96,2.0,4.96,0.16,0.0,0.0,1027.0,8228.0,0.0,0.0,0.0,0.0,0.0,1.0,0.0,0.0,0.0,0.0,0.0,-0.2,0.0,1.2000000000000002,0.0,0.0001,16.0,25903.0
2026-07-30T19:01:17.829Z,247.312,247.326,0.0,7.4,0.0,0.0,0.0,0.0,0.0,0.0,0.0,0.0,1.0,0.0,0.0,0.0,9.0,4.0,0.0,0.0,0.0,0.0,0.0,0.0,0.0,0.0,1.0,12.0,1.0,12.15,5.01,2.5,1.49,0.0,0.0,0.0,0.4,0.0,0.3,0.6000000000000001,0.9,-169.70000000000002,0.0,0.0,169.70000000000002,0.0,21.8,29.200000000000003,29.200000000000003,29.8,300.0,300.0,31.5,35.6,29.1,28.4,30.200000000000003,4.95,1.99,4.96,0.16,0.0,0.0,1027.0,8228.0,0.0,0.0,0.0,0.0,0.0,1.0,0.0,0.0,0.0,0.0,0.0,1.3,0.0,0.4,0.0,0.0,16.0,25903.0
2026-07-30T19:01:17.842Z,247.325,247.338,0.0,7.4,0.0,0.0,0.0,0.0,0.0,0.0,0.0,0.0,1.0,0.0,0.0,0.0,9.0,4.0,0.0,0.0,0.0,0.0,0.0,0.0,0.0,0.0,3.0,12.0,1.0,12.17,5.0200000000000005,2.51,1.49,0.0,0.0,0.0,0.4,0.0,0.3,-0.4,0.3,-169.70000000000002,0.0,0.0,169.8,0.0,21.4,29.200000000000003,29.200000000000003,29.8,300.0,300.0,31.3,35.6,29.1,28.3,30.200000000000003,4.95,1.99,4.97,0.16,0.0,0.0,1027.0,8228.0,0.0,0.0,0.0,0.0,0.0,1.0,0.0,0.0,0.0,0.0,0.0,0.5,0.0,-1.4,0.0,0.0,16.0,25903.0
2026-07-30T19:01:17.854Z,247.337,247.35,0.0,7.4,0.0,0.0,0.0,0.0,0.0,0.0,0.0,0.0,1.0,0.0,0.0,0.0,9.0,4.0,0.0,0.0,0.0,0.0,0.0,0.0,0.0,0.0,4.0,12.0,1.0,12.17,5.0200000000000005,2.51,1.49,0.0,0.0,0.0,0.4,0.0,0.3,-1.0,-1.3,-169.70000000000002,0.0,0.0,169.60000000000002,0.0,21.4,29.200000000000003,29.200000000000003,29.8,300.0,300.0,31.3,35.6,29.1,28.3,30.200000000000003,4.96,2.0,4.96,0.16,0.0,0.0,1027.0,8228.0,0.0,0.0,0.0,0.0,0.0,1.0,0.0,0.0,0.0,0.0,0.0,0.0,0.0,0.2,0.0,0.0001,16.0,25903.0
2026-07-30T19:01:17.865Z,247.348,247.362,0.0,7.4,0.0,0.0,0.0,0.0,0.0,0.0,0.0,0.0,1.0,0.0,0.0,0.0,9.0,4.0,0.0,0.0,0.0,0.0,0.0,0.0,0.0,0.0,4.0,12.0,1.0,12.17,5.0200000000000005,2.51,1.49,0.0,0.0,0.0,0.4,0.0,0.3,-0.4,-1.3,-169.70000000000002,0.0,0.0,169.70000000000002,0.0,21.4,29.200000000000003,29.200000000000003,29.8,300.0,300.0,31.3,35.6,29.1,28.3,30.200000000000003,4.96,1.99,4.97,0.16,0.0,0.0,1027.0,8228.0,0.0,0.0,0.0,0.0,0.0,1.0,0.0,0.0,0.0,0.0,0.0,-1.5,0.0,1.1,0.0,0.0002,16.0,25903.0
2026-07-30T19:01:17.876Z,247.359,247.374,0.0,7.4,0.0,0.0,0.0,0.0,0.0,0.0,0.0,0.0,1.0,0.0,0.0,0.0,9.0,4.0,0.0,0.0,0.0,0.0,0.0,0.0,0.0,0.0,5.0,12.0,1.0,12.17,5.0200000000000005,2.51,1.49,0.0,0.0,0.0,0.4,0.0,-0.2,-0.4,-1.3,-169.70000000000002,0.0,0.0,169.70000000000002,0.0,21.4,29.200000000000003,29.200000000000003,29.8,300.0,300.0,31.3,35.6,29.1,28.3,30.200000000000003,4.95,2.0,4.97,0.16,0.0,0.0,1027.0,8228.0,0.0,0.0,0.0,0.0,0.0,1.0,0.0,0.0,0.0,0.0,0.0,-1.5,0.0,1.1,0.0,0.0001,16.0,25903.0
2026-07-30T19:01:17.889Z,247.372,247.386,0.0,7.4,0.0,0.0,0.0,0.0,0.0,0.0,0.0,0.0,1.0,0.0,0.0,0.0,9.0,4.0,0.0,0.0,0.0,0.0,0.0,0.0,0.0,0.0,6.0,12.0,1.0,12.17,5.0200000000000005,2.51,1.49,0.0,0.0,0.0,0.4,0.0,0.3,1.2000000000000002,0.9,-169.70000000000002,0.0,0.0,169.8,0.0,21.4,29.200000000000003,29.200000000000003,29.8,300.0,300.0,31.3,35.6,29.1,28.3,30.200000000000003,4.96,2.0,4.96,0.16,0.0,0.0,1027.0,8228.0,0.0,0.0,0.0,0.0,0.0,1.0,0.0,0.0,0.0,0.0,0.0,2.1,0.0,-0.5,0.0,0.0001,16.0,25903.0
2026-07-30T19:01:17.901Z,247.384,247.398,0.0,7.4,0.0,0.0,0.0,0.0,0.0,0.0,0.0,0.0,1.0,0.0,0.0,0.0,9.0,4.0,0.0,0.0,0.0,0.0,0.0,0.0,0.0,0.0,2.0,12.0,1.0,12.17,5.0200000000000005,2.51,1.49,0.0,0.0,0.0,0.5,0.0,-0.2,-0.4,-0.7000000000000001,-169.70000000000002,0.0,0.0,169.70000000000002,0.0,21.4,29.200000000000003,29.200000000000003,29.8,300.0,300.0,31.3,35.6,29.1,28.3,30.200000000000003,4.95,1.99,4.96,0.16,0.0,0.0,1027.0,8228.0,0.0,0.0,0.0,0.0,0.0,1.0,0.0,0.0,0.0,0.0,0.0,-1.1,0.0,0.5,0.0,0.0002,16.0,25903.0
2026-07-30T19:01:17.913Z,247.396,247.41,0.0,7.4,0.0,0.0,0.0,0.0,0.0,0.0,0.0,0.0,1.0,0.0,0.0,0.0,9.0,4.0,0.0,0.0,0.0,0.0,0.0,0.0,0.0,0.0,3.0,12.0,1.0,12.17,5.0200000000000005,2.51,1.49,0.0,0.0,0.0,0.4,0.0,0.3,1.2000000000000002,-0.1,-169.70000000000002,0.0,0.0,169.70000000000002,0.0,21.4,29.200000000000003,29.200000000000003,29.8,300.0,300.0,31.3,35.6,29.1,28.3,30.200000000000003,4.95,1.99,4.97,0.16,0.0,0.0,1027.0,8228.0,0.0,0.0,0.0,0.0,0.0,1.0,0.0,0.0,0.0,0.0,0.0,1.2000000000000002,0.0,0.4,0.0,0.0001,16.0,25903.0
2026-07-30T19:01:17.925Z,247.408,247.422,0.0,7.4,0.0,0.0,0.0,0.0,0.0,0.0,0.0,0.0,1.0,0.0,0.0,0.0,9.0,4.0,0.0,0.0,0.0,0.0,0.0,0.0,0.0,0.0,4.0,12.0,1.0,12.17,5.0200000000000005,2.51,1.49,0.0,0.0,0.0,0.4,0.0,-0.1,0.7000000000000001,-1.3,-169.70000000000002,0.0,0.0,169.70000000000002,0.0,21.4,29.200000000000003,29.200000000000003,29.8,300.0,300.0,31.3,35.6,29.1,28.3,30.200000000000003,4.95,2.0,4.97,0.16,0.0,0.0,1027.0,8228.0,0.0,0.0,0.0,0.0,0.0,1.0,0.0,0.0,0.0,0.0,0.0,-0.1,0.0,1.3,0.0,0.0001,16.0,25903.0
2026-07-30T19:01:17.939Z,247.422,247.434,0.0,7.4,0.0,0.0,0.0,0.0,0.0,0.0,0.0,0.0,1.0,0.0,0.0,0.0,9.0,4.0,0.0,0.0,0.0,0.0,0.0,0.0,0.0,0.0,5.0,12.0,1.0,12.17,5.0200000000000005,2.51,1.49,0.0,0.0,0.0,0.4,0.0,0.3,0.1,-0.1,-169.70000000000002,0.0,0.0,169.8,0.0,21.4,29.200000000000003,29.200000000000003,29.8,300.0,300.0,31.3,35.6,29.1,28.3,30.200000000000003,4.96,2.0,4.96,0.16,0.0,0.0,1027.0,8228.0,0.0,0.0,0.0,0.0,0.0,1.0,0.0,0.0,0.0,0.0,0.0,0.0,0.0,0.1,0.0,0.0001,16.0,25903.0
2026-07-30T19:01:17.949Z,247.432,247.446,0.0,7.4,0.0,0.0,0.0,0.0,0.0,0.0,0.0,0.0,1.0,0.0,0.0,0.0,9.0,4.0,0.0,0.0,0.0,0.0,0.0,0.0,0.0,0.0,5.0,12.0,1.0,12.17,5.01,2.51,1.5,0.0,0.0,0.0,0.4,0.0,0.3,0.7000000000000001,-0.1,-169.70000000000002,0.0,0.0,169.8,0.0,21.200000000000003,29.200000000000003,29.200000000000003,29.8,300.0,300.0,31.4,35.6,29.1,28.3,30.200000000000003,4.95,1.99,4.97,0.16,0.0,0.0,1027.0,8228.0,0.0,0.0,0.0,0.0,0.0,1.0,0.0,0.0,0.0,0.0,0.0,0.8,0.0,0.2,0.0,0.0002,16.0,25903.0
2026-07-30T19:01:17.961Z,247.444,247.458,0.0,7.4,0.0,0.0,0.0,0.0,0.0,0.0,0.0,0.0,1.0,0.0,0.0,0.0,9.0,4.0,0.0,0.0,0.0,0.0,0.0,0.0,0.0,0.0,6.0,12.0,1.0,12.17,5.01,2.51,1.5,0.0,0.0,0.0,0.4,0.0,0.3,0.7000000000000001,-0.1,-169.70000000000002,0.0,0.0,169.60000000000002,0.0,21.200000000000003,29.200000000000003,29.200000000000003,29.8,300.0,300.0,31.4,35.6,29.1,28.3,30.200000000000003,4.95,1.99,4.96,0.16,0.0,0.0,1027.0,8228.0,0.0,0.0,0.0,0.0,0.0,1.0,0.0,0.0,0.0,0.0,0.0,0.7000000000000001,0.0,0.2,0.0,0.0,16.0,25903.0
2026-07-30T19:01:17.973Z,247.456,247.47,0.0,7.4,0.0,0.0,0.0,0.0,0.0,0.0,0.0,0.0,1.0,0.0,0.0,0.0,9.0,4.0,0.0,0.0,0.0,0.0,0.0,0.0,0.0,0.0,1.0,12.0,1.0,12.17,5.01,2.51,1.5,0.0,0.0,0.0,0.5,0.0,-0.2,0.2,1.6,-169.70000000000002,0.0,0.0,169.70000000000002,0.0,21.200000000000003,29.200000000000003,29.200000000000003,29.8,300.0,300.0,31.4,35.6,29.1,28.3,30.200000000000003,4.96,1.99,4.96,0.16,0.0,0.0,1027.0,8228.0,0.0,0.0,0.0,0.0,0.0,1.0,0.0,0.0,0.0,0.0,0.0,1.4,0.0,-1.3,0.0,0.0003,16.0,25903.0
2026-07-30T19:01:17.985Z,247.468,247.482,0.0,7.4,0.0,0.0,0.0,0.0,0.0,0.0,0.0,0.0,1.0,0.0,0.0,0.0,9.0,4.0,0.0,0.0,0.0,0.0,0.0,0.0,0.0,0.0,2.0,12.0,1.0,12.17,5.01,2.51,1.5,0.0,0.0,0.0,0.4,0.0,0.3,0.1,-0.1,-169.70000000000002,0.0,0.0,169.8,0.0,21.200000000000003,29.200000000000003,29.200000000000003,29.8,300.0,300.0,31.4,35.6,29.1,28.3,30.200000000000003,4.95,1.99,4.96,0.16,0.0,0.0,1027.0,8228.0,0.0,0.0,0.0,0.0,0.0,1.0,0.0,0.0,0.0,0.0,0.0,0.0,0.0,0.1,0.0,0.0,16.0,25903.0
2026-07-30T19:01:17.997Z,247.48,247.494,0.0,7.4,0.0,0.0,0.0,0.0,0.0,0.0,0.0,0.0,1.0,0.0,0.0,0.0,9.0,4.0,0.0,0.0,0.0,0.0,0.0,0.0,0.0,0.0,3.0,12.0,1.0,12.17,5.01,2.51,1.5,0.0,0.0,0.0,0.4,0.0,-0.2,-1.0,-0.6000000000000001,-169.70000000000002,0.0,0.0,169.60000000000002,0.0,21.200000000000003,29.200000000000003,29.200000000000003,29.8,300.0,300.0,31.4,35.6,29.1,28.3,30.200000000000003,4.95,1.99,4.97,0.16,0.0,0.0,1027.0,8228.0,0.0,0.0,0.0,0.0,0.0,1.0,0.0,0.0,0.0,0.0,0.0,-1.6,0.0,0.3,0.0,0.0,16.0,25903.0
2026-07-30T19:01:18.009Z,247.492,247.506,0.0,7.4,0.0,0.0,0.0,0.0,0.0,0.0,0.0,0.0,1.0,0.0,0.0,0.0,9.0,4.0,0.0,0.0,0.0,0.0,0.0,0.0,0.0,0.0,4.0,12.0,1.0,12.17,5.01,2.51,1.5,0.0,0.0,0.0,0.4,0.0,-0.8,0.7000000000000001,-0.1,-169.70000000000002,0.0,0.0,169.70000000000002,0.0,21.200000000000003,29.200000000000003,29.200000000000003,29.8,300.0,300.0,31.4,35.6,29.1,28.3,30.200000000000003,4.95,1.99,4.96,0.16,0.0,0.0,1027.0,8228.0,0.0,0.0,0.0,0.0,0.0,1.0,0.0,0.0,0.0,0.0,0.0,0.7000000000000001,0.0,0.2,0.0,0.0001,16.0,25903.0
2026-07-30T19:01:18.021Z,247.504,247.518,0.0,7.4,0.0,0.0,0.0,0.0,0.0,0.0,0.0,0.0,1.0,0.0,0.0,0.0,9.0,4.0,0.0,0.0,0.0,0.0,0.0,0.0,0.0,0.0,5.0,12.0,1.0,12.17,5.01,2.51,1.5,0.0,0.0,0.0,0.4,0.0,0.8,1.9,-0.1,-169.70000000000002,0.0,0.0,169.70000000000002,0.0,21.200000000000003,29.200000000000003,29.200000000000003,29.8,300.0,300.0,31.4,35.6,29.1,28.3,30.200000000000003,4.96,1.99,4.96,0.16,0.0,0.0,1027.0,8228.0,0.0,0.0,0.0,0.0,0.0,1.0,0.0,0.0,0.0,0.0,0.0,2.0,0.0,0.5,0.0,0.0,16.0,25903.0
2026-07-30T19:01:18.033Z,247.516,247.53,0.0,7.4,0.0,0.0,0.0,0.0,0.0,0.0,0.0,0.0,1.0,0.0,0.0,0.0,9.0,4.0,0.0,0.0,0.0,0.0,0.0,0.0,0.0,0.0,6.0,12.0,1.0,12.17,5.01,2.51,1.5,0.0,0.0,0.0,0.4,0.0,-0.8,-0.4,-0.7000000000000001,-169.70000000000002,0.0,0.0,169.8,0.0,21.200000000000003,29.200000000000003,29.200000000000003,29.8,300.0,300.0,31.4,35.6,29.1,28.3,30.200000000000003,4.95,1.99,4.96,0.16,0.0,0.0,1027.0,8228.0,0.0,0.0,0.0,0.0,0.0,1.0,0.0,0.0,0.0,0.0,0.0,-1.0,0.0,0.5,0.0,0.0,16.0,25903.0
2026-07-30T19:01:18.046Z,247.529,247.542,0.0,7.4,0.0,0.0,0.0,0.0,0.0,0.0,0.0,0.0,1.0,0.0,0.0,0.0,9.0,4.0,0.0,0.0,0.0,0.0,0.0,0.0,0.0,0.0,2.0,12.0,1.0,12.17,5.01,2.5,1.49,0.0,0.0,0.0,0.4,0.0,0.2,0.1,-0.1,-169.70000000000002,0.0,0.0,169.70000000000002,0.0,21.3,29.200000000000003,29.200000000000003,29.8,300.0,300.0,31.4,35.5,29.1,28.3,30.200000000000003,4.96,1.99,4.96,0.16,0.0,0.0,1027.0,8228.0,0.0,0.0,0.0,0.0,0.0,1.0,0.0,0.0,0.0,0.0,0.0,0.0,0.0,0.1,0.0,0.0,16.0,25903.0
2026-07-30T19:01:18.057Z,247.54,247.554,0.0,7.4,0.0,0.0,0.0,0.0,0.0,0.0,0.0,0.0,1.0,0.0,0.0,0.0,9.0,4.0,0.0,0.0,0.0,0.0,0.0,0.0,0.0,0.0,2.0,12.0,1.0,12.17,5.01,2.5,1.49,0.0,0.0,0.0,0.4,0.0,0.8,0.1,0.4,-169.70000000000002,0.0,0.0,169.8,0.0,21.3,29.200000000000003,29.200000000000003,29.8,300.0,300.0,31.4,35.5,29.1,28.3,30.200000000000003,4.96,1.99,4.97,0.16,0.0,0.0,1027.0,8228.0,0.0,0.0,0.0,0.0,0.0,1.0,0.0,0.0,0.0,0.0,0.0,0.4,0.0,-0.3,0.0,0.0,16.0,25903.0
2026-07-30T19:01:18.069Z,247.552,247.566,0.0,7.4,0.0,0.0,0.0,0.0,0.0,0.0,0.0,0.0,1.0,0.0,0.0,0.0,9.0,4.0,0.0,0.0,0.0,0.0,0.0,0.0,0.0,0.0,3.0,12.0,1.0,12.17,5.01,2.5,1.49,0.0,0.0,0.0,0.4,0.0,-0.3,0.1,0.4,-169.70000000000002,0.0,0.0,169.8,0.0,21.3,29.200000000000003,29.200000000000003,29.8,300.0,300.0,31.4,35.5,29.1,28.3,30.200000000000003,4.95,1.99,4.97,0.16,0.0,0.0,1027.0,8228.0,0.0,0.0,0.0,0.0,0.0,1.0,0.0,0.0,0.0,0.0,0.0,0.4,0.0,-0.3,0.0,0.0002,16.0,25903.0
2026-07-30T19:01:18.081Z,247.564,247.578,0.0,7.4,0.0,0.0,0.0,0.0,0.0,0.0,0.0,0.0,1.0,0.0,0.0,0.0,9.0,4.0,0.0,0.0,0.0,0.0,0.0,0.0,0.0,0.0,4.0,12.0,1.0,12.17,5.01,2.5,1.49,0.0,0.0,0.0,0.4,0.0,-0.9,-0.4,-1.3,-169.70000000000002,0.0,0.0,169.8,0.0,21.3,29.200000000000003,29.200000000000003,29.8,300.0,300.0,31.4,35.5,29.1,28.3,30.200000000000003,4.95,1.99,4.97,0.16,0.0,0.0,1027.0,8228.0,0.0,0.0,0.0,0.0,0.0,1.0,0.0,0.0,0.0,0.0,0.0,-1.5,0.0,1.0,0.0,0.0,16.0,25903.0
2026-07-30T19:01:18.093Z,247.576,247.59,0.0,7.4,0.0,0.0,0.0,0.0,0.0,0.0,0.0,0.0,1.0,0.0,0.0,0.0,9.0,4.0,0.0,0.0,0.0,0.0,0.0,0.0,0.0,0.0,6.0,12.0,1.0,12.17,5.01,2.5,1.49,0.0,0.1,0.0,0.4,0.0,0.8,0.1,0.4,-169.70000000000002,0.0,0.0,169.70000000000002,0.0,21.3,29.200000000000003,29.200000000000003,29.8,300.0,300.0,31.4,35.5,29.1,28.3,30.200000000000003,4.96,2.0,4.96,0.16,0.0,0.0,1027.0,8228.0,0.0,0.0,0.0,0.0,0.0,1.0,0.0,0.0,0.0,0.0,0.0,0.5,0.0,-0.3,0.0,0.0001,16.0,25903.0
2026-07-30T19:01:18.104Z,247.587,247.602,0.0,7.4,0.0,0.0,0.0,0.0,0.0,0.0,0.0,0.0,1.0,0.0,0.0,0.0,9.0,4.0,0.0,0.0,0.0,0.0,0.0,0.0,0.0,0.0,1.0,12.0,1.0,12.17,5.01,2.5,1.49,0.0,0.0,0.0,0.4,0.0,-0.3,0.1,0.0,-169.70000000000002,0.0,0.0,169.8,0.0,21.3,29.200000000000003,29.200000000000003,29.8,300.0,300.0,31.4,35.5,29.1,28.3,30.200000000000003,4.96,1.99,4.97,0.16,0.0,0.0,1027.0,8228.0,0.0,0.0,0.0,0.0,0.0,1.0,0.0,0.0,0.0,0.0,0.0,0.0,0.0,0.1,0.0,0.0002,16.0,25903.0
2026-07-30T19:01:18.117Z,247.6,247.614,0.0,7.4,0.0,0.0,0.0,0.0,0.0,0.0,0.0,0.0,1.0,0.0,0.0,0.0,9.0,4.0,0.0,0.0,0.0,0.0,0.0,0.0,0.0,0.0,3.0,12.0,1.0,12.17,5.01,2.5,1.49,0.0,0.0,0.0,0.4,0.0,-0.2,1.2000000000000002,0.0,-169.70000000000002,0.0,0.0,169.70000000000002,0.0,21.3,29.200000000000003,29.200000000000003,29.8,300.0,300.0,31.4,35.5,29.1,28.3,30.200000000000003,4.95,1.99,4.97,0.16,0.0,0.0,1027.0,8228.0,0.0,0.0,0.0,0.0,0.0,1.0,0.0,0.0,0.0,0.0,0.0,1.4,0.0,0.3,0.0,0.0002,16.0,25903.0
2026-07-30T19:01:18.129Z,247.612,247.626,0.0,7.4,0.0,0.0,0.0,0.0,0.0,0.0,0.0,0.0,1.0,0.0,0.0,0.0,9.0,4.0,0.0,0.0,0.0,0.0,0.0,0.0,0.0,0.0,4.0,12.0,1.0,12.17,5.01,2.5,1.49,0.0,0.1,0.0,0.4,0.0,-0.3,-0.4,0.0,-169.70000000000002,0.0,0.0,169.70000000000002,0.0,21.3,29.200000000000003,29.200000000000003,29.8,300.0,300.0,31.4,35.5,29.1,28.3,30.200000000000003,4.96,1.99,4.96,0.16,0.0,0.0,1027.0,8228.0,0.0,0.0,0.0,0.0,0.0,1.0,0.0,0.0,0.0,0.0,0.0,-0.5,0.0,0.0,0.0,0.0001,16.0,25903.0
2026-07-30T19:01:18.141Z,247.624,247.638,0.0,7.4,0.0,0.0,0.0,0.0,0.0,0.0,0.0,0.0,1.0,0.0,0.0,0.0,9.0,4.0,0.0,0.0,0.0,0.0,0.0,0.0,0.0,0.0,5.0,12.0,1.0,12.17,5.01,2.5,1.49,0.0,0.0,0.0,0.4,0.0,0.2,-0.4,0.5,-169.70000000000002,0.0,0.0,169.70000000000002,0.0,21.3,29.200000000000003,29.200000000000003,29.8,300.0,300.0,31.4,35.5,29.1,28.3,30.200000000000003,4.96,1.99,4.96,0.16,0.0,0.0,1027.0,8228.0,0.0,0.0,0.0,0.0,0.0,1.0,0.0,0.0,0.0,0.0,0.0,0.0,0.0,-0.5,0.0,0.0,16.0,25903.0
2026-07-30T19:01:18.153Z,247.636,247.65,0.0,7.4,0.0,0.0,0.0,0.0,0.0,0.0,0.0,0.0,1.0,0.0,0.0,0.0,9.0,4.0,0.0,0.0,0.0,0.0,0.0,0.0,0.0,0.0,5.0,12.0,1.0,12.19,5.01,2.51,1.49,0.0,0.0,0.0,0.4,0.0,0.9,0.1,1.0,-169.70000000000002,0.0,0.0,169.70000000000002,0.0,21.4,29.200000000000003,29.200000000000003,29.8,300.0,300.0,31.3,35.5,29.1,28.3,30.200000000000003,4.96,1.99,4.97,0.16,0.0,0.0,1027.0,8228.0,0.0,0.0,0.0,0.0,0.0,1.0,0.0,0.0,0.0,0.0,0.0,0.9,0.0,-0.8,0.0,0.0001,16.0,25903.0
2026-07-30T19:01:18.164Z,247.647,247.662,0.0,7.4,0.0,0.0,0.0,0.0,0.0,0.0,0.0,0.0,1.0,0.0,0.0,0.0,9.0,4.0,0.0,0.0,0.0,0.0,0.0,0.0,0.0,0.0,1.0,12.0,1.0,12.19,5.01,2.51,1.49,0.0,0.0,0.0,0.4,0.0,0.8,0.7000000000000001,-0.7000000000000001,-169.70000000000002,0.0,0.0,169.8,0.0,21.4,29.200000000000003,29.200000000000003,29.8,300.0,300.0,31.3,35.5,29.1,28.3,30.200000000000003,4.95,1.99,4.97,0.16,0.0,0.0,1027.0,8228.0,0.0,0.0,0.0,0.0,0.0,1.0,0.0,0.0,0.0,0.0,0.0,0.3,0.0,0.7000000000000001,0.0,0.0,16.0,25903.0
2026-07-30T19:01:18.177Z,247.66,247.674,0.0,7.4,0.0,0.0,0.0,0.0,0.0,0.0,0.0,0.0,1.0,0.0,0.0,0.0,9.0,4.0,0.0,0.0,0.0,0.0,0.0,0.0,0.0,0.0,2.0,12.0,1.0,12.19,5.01,2.51,1.49,0.0,0.0,0.0,0.4,0.0,-0.2,0.8,0.5,-169.70000000000002,0.0,0.0,169.8,0.0,21.4,29.200000000000003,29.200000000000003,29.8,300.0,300.0,31.3,35.5,29.1,28.3,30.200000000000003,4.96,1.99,4.96,0.16,0.0,0.0,1027.0,8228.0,0.0,0.0,0.0,0.0,0.0,1.0,0.0,0.0,0.0,0.0,0.0,1.3,0.0,-0.2,0.0,0.0,16.0,25903.0
2026-07-30T19:01:18.189Z,247.672,247.686,0.0,7.4,0.0,0.0,0.0,0.0,0.0,0.0,0.0,0.0,1.0,0.0,0.0,0.0,9.0,4.0,0.0,0.0,0.0,0.0,0.0,0.0,0.0,0.0,4.0,12.0,1.0,12.19,5.01,2.51,1.49,0.0,0.0,0.0,0.4,0.0,-0.2,-0.3,0.5,-169.70000000000002,0.0,0.0,169.8,0.0,21.4,29.200000000000003,29.200000000000003,29.8,300.0,300.0,31.3,35.5,29.1,28.3,30.200000000000003,4.95,2.0,4.97,0.16,0.0,0.0,1027.0,8228.0,0.0,0.0,0.0,0.0,0.0,1.0,0.0,0.0,0.0,0.0,0.0,0.0,0.0,-0.5,0.0,0.0001,16.0,25903.0
2026-07-30T19:01:18.201Z,247.684,247.698,0.0,7.4,0.0,0.0,0.0,0.0,0.0,0.0,0.0,0.0,1.0,0.0,0.0,0.0,9.0,4.0,0.0,0.0,0.0,0.0,0.0,0.0,0.0,0.0,5.0,12.0,1.0,12.19,5.01,2.51,1.49,0.0,0.0,0.0,0.4,0.0,-0.2,0.2,-0.6000000000000001,-169.70000000000002,0.0,0.0,169.8,0.0,21.4,29.200000000000003,29.200000000000003,29.8,300.0,300.0,31.3,35.5,29.1,28.3,30.200000000000003,4.95,1.99,4.97,0.16,0.0,0.0,1027.0,8228.0,0.0,0.0,0.0,0.0,0.0,1.0,0.0,0.0,0.0,0.0,0.0,-0.2,0.0,0.6000000000000001,0.0,0.0001,16.0,25903.0
2026-07-30T19:01:18.213Z,247.696,247.71,0.0,7.4,0.0,0.0,0.0,0.0,0.0,0.0,0.0,0.0,1.0,0.0,0.0,0.0,9.0,4.0,0.0,0.0,0.0,0.0,0.0,0.0,0.0,0.0,6.0,12.0,1.0,12.19,5.01,2.51,1.49,0.0,0.0,0.0,0.4,0.0,0.3,0.7000000000000001,1.0,-169.70000000000002,0.0,0.0,169.8,0.0,21.4,29.200000000000003,29.200000000000003,29.8,300.0,300.0,31.3,35.5,29.1,28.3,30.200000000000003,4.96,1.99,4.97,0.16,0.0,0.0,1027.0,8228.0,0.0,0.0,0.0,0.0,0.0,1.0,0.0,0.0,0.0,0.0,0.0,1.7000000000000002,0.0,-0.7000000000000001,0.0,0.0001,16.0,25903.0
2026-07-30T19:01:18.224Z,247.707,247.722,0.0,7.4,0.0,0.0,0.0,0.0,0.0,0.0,0.0,0.0,1.0,0.0,0.0,0.0,9.0,4.0,0.0,0.0,0.0,0.0,0.0,0.0,0.0,0.0,2.0,12.0,1.0,12.19,5.01,2.51,1.49,0.0,0.0,0.0,0.4,0.0,-0.2,-0.3,-1.3,-169.70000000000002,0.0,0.0,169.8,0.0,21.4,29.200000000000003,29.200000000000003,29.8,300.0,300.0,31.3,35.5,29.1,28.3,30.200000000000003,4.96,1.99,4.96,0.16,0.0,0.0,1027.0,8228.0,0.0,0.0,0.0,0.0,0.0,1.0,0.0,0.0,0.0,0.0,0.0,-1.4,0.0,1.0,0.0,0.0001,16.0,25903.0
2026-07-30T19:01:18.244Z,247.727,247.734,0.0,7.4,0.0,0.0,0.0,0.0,0.0,0.0,0.0,0.0,1.0,0.0,0.0,0.0,9.0,4.0,0.0,0.0,0.0,0.0,0.0,0.0,0.0,0.0,3.0,12.0,1.0,12.19,5.01,2.51,1.49,0.0,0.0,0.0,0.4,0.0,0.3,-0.9,-0.7000000000000001,-169.70000000000002,0.0,0.0,169.70000000000002,0.0,21.4,29.200000000000003,29.200000000000003,29.8,300.0,300.0,31.3,35.5,29.1,28.3,30.200000000000003,4.95,1.99,4.97,0.16,0.0,0.0,1027.0,8228.0,0.0,0.0,0.0,0.0,0.0,1.0,0.0,0.0,0.0,0.0,0.0,-1.6,0.0,0.4,0.0,0.0,16.0,25903.0
2026-07-30T19:01:18.249Z,247.732,247.746,0.0,7.4,0.0,0.0,0.0,0.0,0.0,0.0,0.0,0.0,1.0,0.0,0.0,0.0,9.0,4.0,0.0,0.0,0.0,0.0,0.0,0.0,0.0,0.0,2.0,12.0,1.0,12.19,5.0200000000000005,2.51,1.49,0.0,0.0,0.0,0.4,0.0,0.3,1.3,0.4,-169.70000000000002,0.0,0.0,169.8,0.0,21.700000000000003,29.200000000000003,29.200000000000003,29.8,300.0,300.0,31.4,35.5,29.1,28.3,30.200000000000003,4.95,1.99,4.96,0.16,0.0,0.0,1027.0,8228.0,0.0,0.0,0.0,0.0,0.0,1.0,0.0,0.0,0.0,0.0,0.0,1.8,0.0,0.0,0.0,0.0002,16.0,25903.0
2026-07-30T19:01:18.261Z,247.744,247.758,0.0,7.4,0.0,0.0,0.0,0.0,0.0,0.0,0.0,0.0,1.0,0.0,0.0,0.0,9.0,4.0,0.0,0.0,0.0,0.0,0.0,0.0,0.0,0.0,3.0,12.0,1.0,12.19,5.0200000000000005,2.51,1.49,0.0,0.0,0.0,0.4,0.0,0.4,0.7000000000000001,-0.7000000000000001,-169.70000000000002,0.0,0.0,169.70000000000002,0.0,21.700000000000003,29.200000000000003,29.200000000000003,29.8,300.0,300.0,31.4,35.5,29.1,28.3,30.200000000000003,4.96,1.99,4.96,0.16,0.0,0.0,1027.0,8228.0,0.0,0.0,0.0,0.0,0.0,1.0,0.0,0.0,0.0,0.0,0.0,0.3,0.0,0.8,0.0,0.0002,16.0,25903.0
2026-07-30T19:01:18.273Z,247.756,247.77,0.0,7.4,0.0,0.0,0.0,0.0,0.0,0.0,0.0,0.0,1.0,0.0,0.0,0.0,9.0,4.0,0.0,0.0,0.0,0.0,0.0,0.0,0.0,0.0,4.0,12.0,1.0,12.19,5.0200000000000005,2.51,1.49,0.0,0.0,0.0,0.4,0.0,0.4,0.2,1.6,-169.70000000000002,0.0,0.0,169.60000000000002,0.0,21.700000000000003,29.200000000000003,29.200000000000003,29.8,300.0,300.0,31.4,35.5,29.1,28.3,30.200000000000003,4.95,1.99,4.97,0.16,0.0,0.0,1027.0,8228.0,0.0,0.0,0.0,0.0,0.0,1.0,0.0,0.0,0.0,0.0,0.0,1.4,0.0,-1.3,0.0,0.0002,16.0,25903.0
2026-07-30T19:01:18.285Z,247.768,247.782,0.0,7.4,0.0,0.0,0.0,0.0,0.0,0.0,0.0,0.0,1.0,0.0,0.0,0.0,9.0,4.0,0.0,0.0,0.0,0.0,0.0,0.0,0.0,0.0,5.0,12.0,1.0,12.19,5.0200000000000005,2.51,1.49,0.0,0.0,0.0,0.4,0.0,-0.1,-0.9,-0.7000000000000001,-169.70000000000002,0.0,0.0,169.70000000000002,0.0,21.700000000000003,29.200000000000003,29.200000000000003,29.8,300.0,300.0,31.4,35.5,29.1,28.3,30.200000000000003,4.95,2.0,4.97,0.16,0.0,0.0,1027.0,8228.0,0.0,0.0,0.0,0.0,0.0,1.0,0.0,0.0,0.0,0.0,0.0,-0.2,0.0,0.6000000000000001,0.0,0.0001,16.0,25903.0
2026-07-30T19:01:18.296Z,247.779,247.794,0.0,7.4,0.0,0.0,0.0,0.0,0.0,0.0,0.0,0.0,1.0,0.0,0.0,0.0,9.0,4.0,0.0,0.0,0.0,0.0,0.0,0.0,0.0,0.0,1.0,12.0,1.0,12.19,5.0200000000000005,2.51,1.49,0.0,0.0,0.0,0.4,0.0,-0.1,-0.9,-1.3,-169.70000000000002,0.0,0.0,169.60000000000002,0.0,21.700000000000003,29.200000000000003,29.200000000000003,29.8,300.0,300.0,31.4,35.5,29.1,28.3,30.200000000000003,4.95,1.99,4.96,0.16,0.0,0.0,1027.0,8228.0,0.0,0.0,0.0,0.0,0.0,1.0,0.0,0.0,0.0,0.0,0.0,-2.0,0.0,0.9,0.0,0.0,16.0,25903.0
2026-07-30T19:01:18.309Z,247.792,247.806,0.0,7.4,0.0,0.0,0.0,0.0,0.0,0.0,0.0,0.0,1.0,0.0,0.0,0.0,9.0,4.0,0.0,0.0,0.0,0.0,0.0,0.0,0.0,0.0,2.0,12.0,1.0,12.19,5.0200000000000005,2.51,1.49,0.0,0.0,0.0,0.4,0.0,0.3,1.3,-0.2,-169.70000000000002,0.0,0.0,169.60000000000002,0.0,21.700000000000003,29.200000000000003,29.200000000000003,29.8,300.0,300.0,31.4,35.5,29.1,28.3,30.200000000000003,4.95,1.99,4.96,0.16,0.0,0.0,1027.0,8228.0,0.0,0.0,0.0,0.0,0.0,1.0,0.0,0.0,0.0,0.0,0.0,1.4,0.0,0.4,0.0,0.0001,16.0,25903.0
2026-07-30T19:01:18.321Z,247.804,247.818,0.0,7.4,0.0,0.0,0.0,0.0,0.0,0.0,0.0,0.0,1.0,0.0,0.0,0.0,9.0,4.0,0.0,0.0,0.0,0.0,0.0,0.0,0.0,0.0,4.0,12.0,1.0,12.19,5.0200000000000005,2.51,1.49,0.0,0.0,0.0,0.4,0.0,0.3,0.1,0.9,-169.70000000000002,0.0,0.0,169.60000000000002,0.0,21.700000000000003,29.200000000000003,29.200000000000003,29.8,300.0,300.0,31.4,35.5,29.1,28.3,30.200000000000003,4.95,1.99,4.96,0.16,0.0,0.0,1027.0,8228.0,0.0,0.0,0.0,0.0,0.0,1.0,0.0,0.0,0.0,0.0,0.0,0.9,0.0,-0.7000000000000001,0.0,0.0,16.0,25903.0
2026-07-30T19:01:18.332Z,247.815,247.83,0.0,7.4,0.0,0.0,0.0,0.0,0.0,0.0,0.0,0.0,1.0,0.0,0.0,0.0,9.0,4.0,0.0,0.0,0.0,0.0,0.0,0.0,0.0,0.0,5.0,12.0,1.0,12.19,5.0200000000000005,2.51,1.49,0.0,0.0,0.0,0.4,0.0,0.9,0.7000000000000001,0.9,-169.70000000000002,0.0,0.0,169.70000000000002,0.0,21.700000000000003,29.200000000000003,29.200000000000003,29.8,300.0,300.0,31.4,35.5,29.1,28.3,30.200000000000003,4.95,1.99,4.96,0.16,0.0,0.0,1027.0,8228.0,0.0,0.0,0.0,0.0,0.0,1.0,0.0,0.0,0.0,0.0,0.0,-1.0,0.0,0.6000000000000001,0.0,0.0,16.0,25903.0
2026-07-30T19:01:18.345Z,247.828,247.842,0.0,7.4,0.0,0.0,0.0,0.0,0.0,0.0,0.0,0.0,1.0,0.0,0.0,0.0,9.0,4.0,0.0,0.0,0.0,0.0,0.0,0.0,0.0,0.0,6.0,12.0,1.0,12.19,5.0200000000000005,2.51,1.49,0.0,0.0,0.0,0.4,0.0,1.4,-0.4,-0.2,-169.70000000000002,0.0,0.0,169.60000000000002,0.0,21.700000000000003,29.200000000000003,29.200000000000003,29.8,300.0,300.0,31.4,35.5,29.1,28.3,30.200000000000003,4.95,1.99,4.97,0.16,0.0,0.0,1027.0,8228.0,0.0,0.0,0.0,0.0,0.0,1.0,0.0,0.0,0.0,0.0,0.0,-1.7000000000000002,0.0,0.5,0.0,0.0001,16.0,25903.0
2026-07-30T19:01:18.357Z,247.84,247.854,0.0,7.4,0.0,0.0,0.0,0.0,0.0,0.0,0.0,0.0,1.0,0.0,0.0,0.0,9.0,4.0,0.0,0.0,0.0,0.0,0.0,0.0,0.0,0.0,1.0,12.0,1.0,12.14,5.0200000000000005,2.5,1.5,0.0,0.1,0.0,0.4,0.0,0.3,0.1,-1.4,-169.70000000000002,0.0,0.0,169.60000000000002,0.0,21.4,29.200000000000003,29.200000000000003,29.8,300.0,300.0,31.5,35.4,29.1,28.3,30.200000000000003,4.95,1.99,4.97,0.16,0.0,0.0,1027.0,8228.0,0.0,0.0,0.0,0.0,0.0,1.0,0.0,0.0,0.0,0.0,0.0,1.2000000000000002,0.0,0.4,0.0,0.0001,16.0,25903.0
2026-07-30T19:01:18.368Z,247.851,247.866,0.0,7.4,0.0,0.0,0.0,0.0,0.0,0.0,0.0,0.0,1.0,0.0,0.0,0.0,9.0,4.0,0.0,0.0,0.0,0.0,0.0,0.0,0.0,0.0,3.0,12.0,1.0,12.14,5.0200000000000005,2.5,1.5,0.0,0.1,0.0,0.5,0.0,0.3,0.6000000000000001,0.3,-169.70000000000002,0.0,0.0,169.60000000000002,0.0,21.4,29.200000000000003,29.200000000000003,29.8,300.0,300.0,31.5,35.4,29.1,28.3,30.200000000000003,4.96,1.99,4.96,0.16,0.0,0.0,1027.0,8228.0,0.0,0.0,0.0,0.0,0.0,1.0,0.0,0.0,0.0,0.0,0.0,-2.2,0.0,1.0,0.0,0.0,16.0,25903.0
2026-07-30T19:01:18.380Z,247.863,247.878,0.0,7.4,0.0,0.0,0.0,0.0,0.0,0.0,0.0,0.0,1.0,0.0,0.0,0.0,9.0,4.0,0.0,0.0,0.0,0.0,0.0,0.0,0.0,0.0,4.0,12.0,1.0,12.14,5.0200000000000005,2.5,1.5,0.0,0.0,0.0,0.4,0.0,0.8,0.1,-0.2,-169.70000000000002,0.0,0.0,169.70000000000002,0.0,21.4,29.200000000000003,29.200000000000003,29.8,300.0,300.0,31.5,35.4,29.1,28.3,30.200000000000003,4.95,1.99,4.96,0.16,0.0,0.0,1027.0,8228.0,0.0,0.0,0.0,0.0,0.0,1.0,0.0,0.0,0.0,0.0,0.0,0.0,0.0,0.2,0.0,0.0,16.0,25903.0
2026-07-30T19:01:18.393Z,247.876,247.89,0.0,7.4,0.0,0.0,0.0,0.0,0.0,0.0,0.0,0.0,1.0,0.0,0.0,0.0,9.0,4.0,0.0,0.0,0.0,0.0,0.0,0.0,0.0,0.0,6.0,12.0,1.0,12.14,5.0200000000000005,2.5,1.5,0.0,0.0,0.0,0.4,0.0,0.2,0.1,-0.2,-169.70000000000002,0.0,0.0,169.70000000000002,0.0,21.4,29.200000000000003,29.200000000000003,29.8,300.0,300.0,31.5,35.4,29.1,28.3,30.200000000000003,4.95,1.99,4.97,0.16,0.0,0.0,1027.0,8228.0,0.0,0.0,0.0,0.0,0.0,1.0,0.0,0.0,0.0,0.0,0.0,0.0,0.0,0.2,0.0,0.0001,16.0,25903.0
2026-07-30T19:01:18.404Z,247.887,247.902,0.0,7.4,0.0,0.0,0.0,0.0,0.0,0.0,0.0,0.0,1.0,0.0,0.0,0.0,9.0,4.0,0.0,0.0,0.0,0.0,0.0,0.0,0.0,0.0,1.0,12.0,1.0,12.14,5.0200000000000005,2.5,1.5,0.0,0.1,0.0,0.4,0.0,-0.2,-0.4,-0.8,-169.70000000000002,0.0,0.0,169.70000000000002,0.0,21.4,29.200000000000003,29.200000000000003,29.8,300.0,300.0,31.5,35.4,29.1,28.3,30.200000000000003,4.95,2.0,4.97,0.16,0.0,0.0,1027.0,8228.0,0.0,0.0,0.0,0.0,0.0,1.0,0.0,0.0,0.0,0.0,0.0,-1.1,0.0,0.6000000000000001,0.0,0.0,16.0,25903.0
2026-07-30T19:01:18.416Z,247.899,247.914,0.0,7.4,0.0,0.0,0.0,0.0,0.0,0.0,0.0,0.0,1.0,0.0,0.0,0.0,9.0,4.0,0.0,0.0,0.0,0.0,0.0,0.0,0.0,0.0,2.0,12.0,1.0,12.14,5.0200000000000005,2.5,1.5,0.0,0.0,0.0,0.4,0.0,-0.2,0.1,0.8,-169.60000000000002,0.0,0.0,169.70000000000002,0.0,21.4,29.200000000000003,29.200000000000003,29.8,300.0,300.0,31.5,35.4,29.1,28.3,30.200000000000003,4.95,2.0,4.96,0.16,0.0,0.0,1027.0,8228.0,0.0,0.0,0.0,0.0,0.0,1.0,0.0,0.0,0.0,0.0,0.0,0.7000000000000001,0.0,-0.7000000000000001,0.0,0.0,16.0,25903.0
2026-07-30T19:01:18.429Z,247.912,247.926,0.0,7.4,0.0,0.0,0.0,0.0,0.0,0.0,0.0,0.0,1.0,0.0,0.0,0.0,9.0,4.0,0.0,0.0,0.0,0.0,0.0,0.0,0.0,0.0,4.0,12.0,1.0,12.14,5.0200000000000005,2.5,1.5,0.0,0.0,0.0,0.4,0.0,0.3,-0.4,-0.8,-169.60000000000002,0.0,0.0,169.60000000000002,0.0,21.4,29.200000000000003,29.200000000000003,29.8,300.0,300.0,31.5,35.4,29.1,28.3,30.200000000000003,4.95,1.99,4.97,0.16,0.0,0.0,1027.0,8228.0,0.0,0.0,0.0,0.0,0.0,1.0,0.0,0.0,0.0,0.0,0.0,-1.1,0.0,0.6000000000000001,0.0,0.0001,16.0,25903.0
2026-07-30T19:01:18.441Z,247.924,247.938,0.0,7.4,0.0,0.0,0.0,0.0,0.0,0.0,0.0,0.0,1.0,0.0,0.0,0.0,9.0,4.0,0.0,0.0,0.0,0.0,0.0,0.0,0.0,0.0,5.0,12.0,1.0,12.14,5.0200000000000005,2.5,1.5,0.0,0.0,0.0,0.4,0.0,0.3,0.7000000000000001,1.4,-169.60000000000002,0.0,0.0,169.70000000000002,0.0,21.4,29.200000000000003,29.200000000000003,29.8,300.0,300.0,31.5,35.4,29.1,28.3,30.200000000000003,4.95,1.99,4.97,0.16,0.0,0.0,1027.0,8228.0,0.0,0.0,0.0,0.0,0.0,1.0,0.0,0.0,0.0,0.0,0.0,1.9,0.0,-1.1,0.0,0.0001,16.0,25903.0
2026-07-30T19:01:18.454Z,247.937,247.95,0.0,7.4,0.0,0.0,0.0,0.0,0.0,0.0,0.0,0.0,1.0,0.0,0.0,0.0,9.0,4.0,0.0,0.0,0.0,0.0,0.0,0.0,0.0,0.0,6.0,12.0,1.0,12.15,5.01,2.51,1.49,0.0,0.0,0.0,0.4,0.0,0.3,0.1,0.2,-169.60000000000002,0.0,0.0,169.70000000000002,0.0,21.700000000000003,29.200000000000003,29.200000000000003,29.8,300.0,300.0,31.5,35.5,29.1,28.3,30.200000000000003,4.96,1.99,4.97,0.16,0.0,0.0,1027.0,8228.0,0.0,0.0,0.0,0.0,0.0,1.0,0.0,0.0,0.0,0.0,0.0,0.3,0.0,-0.2,0.0,0.0001,16.0,25903.0
2026-07-30T19:01:18.465Z,247.948,247.962,0.0,7.4,0.0,0.0,0.0,0.0,0.0,0.0,0.0,0.0,1.0,0.0,0.0,0.0,9.0,4.0,0.0,0.0,0.0,0.0,0.0,0.0,0.0,0.0,2.0,12.0,1.0,12.15,5.01,2.51,1.49,0.0,0.0,0.0,0.4,0.0,-0.2,0.1,0.8,-169.60000000000002,0.0,0.0,169.70000000000002,0.0,21.700000000000003,29.200000000000003,29.200000000000003,29.8,300.0,300.0,31.5,35.5,29.1,28.3,30.200000000000003,4.95,1.99,4.97,0.16,0.0,0.0,1027.0,8228.0,0.0,0.0,0.0,0.0,0.0,1.0,0.0,0.0,0.0,0.0,0.0,0.8,0.0,-0.7000000000000001,0.0,0.0,16.0,25903.0
2026-07-30T19:01:18.477Z,247.96,247.974,0.0,7.4,0.0,0.0,0.0,0.0,0.0,0.0,0.0,0.0,1.0,0.0,0.0,0.0,9.0,4.0,0.0,0.0,0.0,0.0,0.0,0.0,0.0,0.0,3.0,12.0,1.0,12.15,5.01,2.51,1.49,0.0,0.0,0.0,0.4,0.0,-0.7000000000000001,-1.0,-0.3,-169.60000000000002,0.0,0.0,169.60000000000002,0.0,21.700000000000003,29.200000000000003,29.200000000000003,29.8,300.0,300.0,31.5,35.5,29.1,28.3,30.200000000000003,4.95,1.99,4.97,0.16,0.0,0.0,1027.0,8228.0,0.0,0.0,0.0,0.0,0.0,1.0,0.0,0.0,0.0,0.0,0.0,-1.4,0.0,0.0,0.0,0.0,16.0,25903.0
2026-07-30T19:01:18.488Z,247.971,247.986,0.0,7.4,0.0,0.0,0.0,0.0,0.0,0.0,0.0,0.0,1.0,0.0,0.0,0.0,9.0,4.0,0.0,0.0,0.0,0.0,0.0,0.0,0.0,0.0,5.0,12.0,1.0,12.15,5.01,2.51,1.49,0.0,0.0,0.0,0.4,0.0,0.3,-0.4,-1.4,-169.60000000000002,0.0,0.0,169.60000000000002,0.0,21.700000000000003,29.200000000000003,29.200000000000003,29.8,300.0,300.0,31.5,35.5,29.1,28.3,30.200000000000003,4.95,2.0,4.96,0.16,0.0,0.0,1027.0,8228.0,0.0,0.0,0.0,0.0,0.0,1.0,0.0,0.0,0.0,0.0,0.0,-1.6,0.0,1.2000000000000002,0.0,0.0001,16.0,25903.0
2026-07-30T19:01:18.500Z,247.983,247.998,0.0,7.4,0.0,0.0,0.0,0.0,0.0,0.0,0.0,0.0,1.0,0.0,0.0,0.0,9.0,4.0,0.0,0.0,0.0,0.0,0.0,0.0,0.0,0.0,6.0,12.0,1.0,12.15,5.01,2.51,1.49,0.0,0.0,0.0,0.4,0.0,-0.2,1.3,-0.2,-169.60000000000002,0.0,0.0,169.70000000000002,0.0,21.700000000000003,29.200000000000003,29.200000000000003,29.8,300.0,300.0,31.5,35.5,29.1,28.3,30.200000000000003,4.96,1.99,4.96,0.15,0.0,0.0,1027.0,8228.0,0.0,0.0,0.0,0.0,0.0,1.0,0.0,0.0,0.0,0.0,0.0,1.2000000000000002,0.0,0.5,0.0,0.0,16.0,25903.0
2026-07-30T19:01:18.513Z,247.996,248.01,0.0,7.4,0.0,0.0,0.0,0.0,0.0,0.0,0.0,0.0,1.0,0.0,0.0,0.0,9.0,4.0,0.0,0.0,0.0,0.0,0.0,0.0,0.0,0.0,1.0,12.0,1.0,12.15,5.01,2.51,1.49,0.0,0.0,0.0,0.4,0.0,0.3,0.1,0.9,-169.60000000000002,0.0,0.0,169.60000000000002,0.0,21.700000000000003,29.200000000000003,29.200000000000003,29.8,300.0,300.0,31.5,35.5,29.1,28.3,30.200000000000003,4.95,1.99,4.97,0.16,0.0,0.0,1027.0,8228.0,0.0,0.0,0.0,0.0,0.0,1.0,0.0,0.0,0.0,0.0,0.0,0.8,0.0,-0.8,0.0,0.0001,16.0,25903.0
2026-07-30T19:01:18.525Z,248.008,248.022,0.0,7.4,0.0,0.0,0.0,0.0,0.0,0.0,0.0,0.0,1.0,0.0,0.0,0.0,9.0,4.0,0.0,0.0,0.0,0.0,0.0,0.0,0.0,0.0,3.0,12.0,1.0,12.15,5.01,2.51,1.49,0.0,0.0,0.0,0.4,0.0,0.3,-1.6,-1.3,-169.60000000000002,0.0,0.0,169.60000000000002,0.0,21.700000000000003,29.200000000000003,29.200000000000003,29.8,300.0,300.0,31.5,35.5,29.1,28.3,30.200000000000003,4.96,1.99,4.96,0.16,0.0,0.0,1027.0,8228.0,0.0,0.0,0.0,0.0,0.0,1.0,0.0,0.0,0.0,0.0,0.0,-2.8000000000000003,0.0,0.8,0.0,0.0001,16.0,25903.0
2026-07-30T19:01:18.536Z,248.019,248.034,0.0,7.4,0.0,0.0,0.0,0.0,0.0,0.0,0.0,0.0,1.0,0.0,0.0,0.0,9.0,4.0,0.0,0.0,0.0,0.0,0.0,0.0,0.0,0.0,4.0,12.0,1.0,12.15,5.01,2.51,1.49,0.0,0.1,0.0,0.4,0.0,-0.8,1.2000000000000002,-0.7000000000000001,-169.60000000000002,0.0,0.0,169.60000000000002,0.0,21.700000000000003,29.200000000000003,29.200000000000003,29.8,300.0,300.0,31.5,35.5,29.1,28.3,30.200000000000003,4.96,2.0,4.96,0.16,0.0,0.0,1027.0,8228.0,0.0,0.0,0.0,0.0,0.0,1.0,0.0,0.0,0.0,0.0,0.0,0.8,0.0,0.9,0.0,0.0,16.0,25903.0
2026-07-30T19:01:18.562Z,248.045,248.046,0.0,7.4,0.0,0.0,0.0,0.0,0.0,0.0,0.0,0.0,1.0,0.0,0.0,0.0,9.0,4.0,0.0,0.0,0.0,0.0,0.0,0.0,0.0,0.0,5.0,12.0,1.0,12.15,5.01,2.51,1.49,0.0,0.0,0.0,0.4,0.0,0.3,0.0,-0.7000000000000001,-169.60000000000002,0.0,0.0,169.60000000000002,0.0,21.700000000000003,29.200000000000003,29.200000000000003,29.8,300.0,300.0,31.5,35.5,29.1,28.3,30.200000000000003,4.95,1.99,4.96,0.16,0.0,0.0,1027.0,8228.0,0.0,0.0,0.0,0.0,0.0,1.0,0.0,0.0,0.0,0.0,0.0,-0.5,0.0,0.6000000000000001,0.0,0.0,16.0,25903.0
2026-07-30T19:01:18.564Z,248.047,248.058,0.0,7.4,0.0,0.0,0.0,0.0,0.0,0.0,0.0,0.0,1.0,0.0,0.0,0.0,9.0,4.0,0.0,0.0,0.0,0.0,0.0,0.0,0.0,0.0,5.0,12.0,1.0,12.17,5.0200000000000005,2.51,1.49,0.0,0.0,0.0,0.4,0.0,0.2,0.0,-0.2,-169.60000000000002,0.0,0.0,169.70000000000002,0.0,21.3,29.200000000000003,29.200000000000003,29.8,300.0,300.0,31.5,35.5,29.1,28.3,30.200000000000003,4.96,1.99,4.97,0.16,0.0,0.0,1027.0,8228.0,0.0,0.0,0.0,0.0,0.0,1.0,0.0,0.0,0.0,0.0,0.0,-0.1,0.0,0.2,0.0,0.0,16.0,25903.0
2026-07-30T19:01:18.573Z,248.056,248.07,0.0,7.4,0.0,0.0,0.0,0.0,0.0,0.0,0.0,0.0,1.0,0.0,0.0,0.0,9.0,4.0,0.0,0.0,0.0,0.0,0.0,0.0,0.0,0.0,3.0,12.0,1.0,12.17,5.0200000000000005,2.51,1.49,0.0,0.0,0.0,0.4,0.0,0.9,0.0,0.3,-169.60000000000002,0.0,0.0,169.60000000000002,0.0,21.3,29.200000000000003,29.200000000000003,29.8,300.0,300.0,31.5,35.5,29.1,28.3,30.200000000000003,4.96,1.99,4.96,0.16,0.0,0.0,1027.0,8228.0,0.0,0.0,0.0,0.0,0.0,1.0,0.0,0.0,0.0,0.0,0.0,0.3,0.0,-0.3,0.0,0.0001,16.0,25903.0
2026-07-30T19:01:18.585Z,248.068,248.082,0.0,7.4,0.0,0.0,0.0,0.0,0.0,0.0,0.0,0.0,1.0,0.0,0.0,0.0,9.0,4.0,0.0,0.0,0.0,0.0,0.0,0.0,0.0,0.0,4.0,12.0,1.0,12.17,5.0200000000000005,2.51,1.49,0.0,0.0,0.0,0.4,0.0,0.9,1.1,1.5,-169.60000000000002,0.0,0.0,169.8,0.0,21.3,29.200000000000003,29.200000000000003,29.8,300.0,300.0,31.5,35.5,29.1,28.3,30.200000000000003,4.96,1.98,4.97,0.17,0.0,0.0,1027.0,8228.0,0.0,0.0,0.0,0.0,0.0,1.0,0.0,0.0,0.0,0.0,0.0,2.5,0.0,-1.1,0.0,0.0,16.0,25903.0
2026-07-30T19:01:18.597Z,248.08,248.094,0.0,7.4,0.0,0.0,0.0,0.0,0.0,0.0,0.0,0.0,1.0,0.0,0.0,0.0,9.0,4.0,0.0,0.0,0.0,0.0,0.0,0.0,0.0,0.0,5.0,12.0,1.0,12.17,5.0200000000000005,2.51,1.49,0.0,0.0,0.0,0.4,0.0,-0.8,0.5,0.2,-169.60000000000002,0.0,0.0,169.60000000000002,0.0,21.3,29.200000000000003,29.200000000000003,29.8,300.0,300.0,31.5,35.5,29.1,28.3,30.200000000000003,4.95,1.99,4.97,0.16,0.0,0.0,1027.0,8228.0,0.0,0.0,0.0,0.0,0.0,1.0,0.0,0.0,0.0,0.0,0.0,0.8,0.0,-0.1,0.0,0.0002,16.0,25903.0
2026-07-30T19:01:18.609Z,248.092,248.106,0.0,7.4,0.0,0.0,0.0,0.0,0.0,0.0,0.0,0.0,1.0,0.0,0.0,0.0,9.0,4.0,0.0,0.0,0.0,0.0,0.0,0.0,0.0,0.0,1.0,12.0,1.0,12.17,5.0200000000000005,2.51,1.49,0.0,0.0,0.0,0.4,0.0,0.3,-0.5,0.3,-169.60000000000002,0.0,0.0,169.60000000000002,0.0,21.3,29.200000000000003,29.200000000000003,29.8,300.0,300.0,31.5,35.5,29.1,28.3,30.200000000000003,4.96,1.99,4.96,0.16,0.0,0.0,1027.0,8228.0,0.0,0.0,0.0,0.0,0.0,1.0,0.0,0.0,0.0,0.0,0.0,-0.4,0.0,-0.4,0.0,0.0001,16.0,25903.0
2026-07-30T19:01:18.620Z,248.103,248.118,0.0,7.4,0.0,0.0,0.0,0.0,0.0,0.0,0.0,0.0,1.0,0.0,0.0,0.0,9.0,4.0,0.0,0.0,0.0,0.0,0.0,0.0,0.0,0.0,3.0,12.0,1.0,12.17,5.0200000000000005,2.51,1.49,0.0,0.0,0.0,0.4,0.0,-0.2,-0.5,-0.2,-169.60000000000002,0.0,0.0,169.60000000000002,0.0,21.3,29.200000000000003,29.200000000000003,29.8,300.0,300.0,31.5,35.5,29.1,28.3,30.200000000000003,4.95,2.0,4.96,0.16,0.0,0.0,1027.0,8228.0,0.0,0.0,0.0,0.0,0.0,1.0,0.0,0.0,0.0,0.0,0.0,-0.8,0.0,0.0,0.0,0.0001,16.0,25903.0
2026-07-30T19:01:18.632Z,248.115,248.13,0.0,7.4,0.0,0.0,0.0,0.0,0.0,0.0,0.0,0.0,1.0,0.0,0.0,0.0,9.0,4.0,0.0,0.0,0.0,0.0,0.0,0.0,0.0,0.0,4.0,12.0,1.0,12.17,5.0200000000000005,2.51,1.49,0.0,0.0,0.0,0.4,0.0,0.3,0.0,-1.3,-169.60000000000002,0.0,0.0,169.70000000000002,0.0,21.3,29.200000000000003,29.200000000000003,29.8,300.0,300.0,31.5,35.5,29.1,28.3,30.200000000000003,4.95,1.99,4.97,0.16,0.0,0.0,1027.0,8228.0,0.0,0.0,0.0,0.0,0.0,1.0,0.0,0.0,0.0,0.0,0.0,-1.0,0.0,1.2000000000000002,0.0,0.0001,16.0,25903.0
2026-07-30T19:01:18.644Z,248.127,248.142,0.0,7.4,0.0,0.0,0.0,0.0,0.0,0.0,0.0,0.0,1.0,0.0,0.0,0.0,9.0,4.0,0.0,0.0,0.0,0.0,0.0,0.0,0.0,0.0,5.0,12.0,1.0,12.17,5.0200000000000005,2.51,1.49,0.0,0.0,0.0,0.4,0.0,-0.2,1.2000000000000002,1.5,-169.60000000000002,0.0,0.0,169.70000000000002,0.0,21.3,29.200000000000003,29.200000000000003,29.8,300.0,300.0,31.5,35.5,29.1,28.3,30.200000000000003,4.96,1.99,4.97,0.16,0.0,0.0,1027.0,8228.0,0.0,0.0,0.0,0.0,0.0,1.0,0.0,0.0,0.0,0.0,0.0,2.5,0.0,-1.0,0.0,0.0,16.0,25903.0
2026-07-30T19:01:18.658Z,248.141,248.154,0.0,7.4,0.0,0.0,0.0,0.0,0.0,0.0,0.0,0.0,1.0,0.0,0.0,0.0,9.0,4.0,0.0,0.0,0.0,0.0,0.0,0.0,0.0,0.0,6.0,12.0,1.0,12.17,5.01,2.5,1.49,0.0,0.0,0.0,0.4,0.0,0.3,-0.5,-0.2,-169.60000000000002,0.0,0.0,169.70000000000002,0.0,21.3,29.200000000000003,29.200000000000003,29.8,300.0,300.0,31.5,35.5,29.1,28.3,30.200000000000003,4.96,1.99,4.96,0.16,0.0,0.0,1027.0,8228.0,0.0,0.0,0.0,0.0,0.0,1.0,0.0,0.0,0.0,0.0,0.0,-0.8,0.0,0.1,0.0,0.0,16.0,25903.0
2026-07-30T19:01:18.669Z,248.152,248.166,0.0,7.4,0.0,0.0,0.0,0.0,0.0,0.0,0.0,0.0,1.0,0.0,0.0,0.0,9.0,4.0,0.0,0.0,0.0,0.0,0.0,0.0,0.0,0.0,2.0,12.0,1.0,12.17,5.01,2.5,1.49,0.0,0.1,0.0,0.4,0.0,-0.2,-1.7000000000000002,-1.3,-169.60000000000002,0.0,0.0,169.70000000000002,0.0,21.3,29.200000000000003,29.200000000000003,29.8,300.0,300.0,31.5,35.5,29.1,28.3,30.200000000000003,4.95,1.99,4.97,0.16,0.0,0.0,1027.0,8228.0,0.0,0.0,0.0,0.0,0.0,1.0,0.0,0.0,0.0,0.0,0.0,-3.0,0.0,0.8,0.0,0.0,16.0,25903.0
2026-07-30T19:01:18.681Z,248.164,248.178,0.0,7.4,0.0,0.0,0.0,0.0,0.0,0.0,0.0,0.0,1.0,0.0,0.0,0.0,9.0,4.0,0.0,0.0,0.0,0.0,0.0,0.0,0.0,0.0,3.0,12.0,1.0,12.17,5.01,2.5,1.49,0.0,0.0,0.0,0.4,0.0,-0.7000000000000001,0.6000000000000001,0.4,-169.60000000000002,0.0,0.0,169.70000000000002,0.0,21.3,29.200000000000003,29.200000000000003,29.8,300.0,300.0,31.5,35.5,29.1,28.3,30.200000000000003,4.95,1.99,4.97,0.16,0.0,0.0,1027.0,8228.0,0.0,0.0,0.0,0.0,0.0,1.0,0.0,0.0,0.0,0.0,0.0,1.0,0.0,-0.2,0.0,0.0001,16.0,25903.0
2026-07-30T19:01:18.693Z,248.176,248.19,0.0,7.4,0.0,0.0,0.0,0.0,0.0,0.0,0.0,0.0,1.0,0.0,0.0,0.0,9.0,4.0,0.0,0.0,0.0,0.0,0.0,0.0,0.0,0.0,4.0,12.0,1.0,12.17,5.01,2.5,1.49,0.0,0.0,0.0,0.4,0.0,-0.7000000000000001,0.6000000000000001,-0.1,-169.60000000000002,0.0,0.0,169.70000000000002,0.0,21.3,29.200000000000003,29.200000000000003,29.8,300.0,300.0,31.5,35.5,29.1,28.3,30.200000000000003,4.95,2.0,4.97,0.16,0.0,0.0,1027.0,8228.0,0.0,0.0,0.0,0.0,0.0,1.0,0.0,0.0,0.0,0.0,0.0,0.7000000000000001,0.0,0.2,0.0,0.0001,16.0,25903.0
2026-07-30T19:01:18.705Z,248.188,248.202,0.0,7.4,0.0,0.0,0.0,0.0,0.0,0.0,0.0,0.0,1.0,0.0,0.0,0.0,9.0,4.0,0.0,0.0,0.0,0.0,0.0,0.0,0.0,0.0,5.0,12.0,1.0,12.17,5.01,2.5,1.49,0.0,0.0,0.0,0.4,0.0,0.4,-0.4,0.4,-169.60000000000002,0.0,0.0,169.70000000000002,0.0,21.3,29.200000000000003,29.200000000000003,29.8,300.0,300.0,31.5,35.5,29.1,28.3,30.200000000000003,4.95,2.0,4.97,0.16,0.0,0.0,1027.0,8228.0,0.0,0.0,0.0,0.0,0.0,1.0,0.0,0.0,0.0,0.0,0.0,-0.2,0.0,-0.4,0.0,0.0,16.0,25903.0
2026-07-30T19:01:18.717Z,248.2,248.214,0.0,7.4,0.0,0.0,0.0,0.0,0.0,0.0,0.0,0.0,1.0,0.0,0.0,0.0,9.0,4.0,0.0,0.0,0.0,0.0,0.0,0.0,0.0,0.0,6.0,12.0,1.0,12.17,5.01,2.5,1.49,0.0,0.0,0.0,0.4,0.0,-1.3,-1.0,-0.1,-169.60000000000002,0.0,0.0,169.70000000000002,0.0,21.3,29.200000000000003,29.200000000000003,29.8,300.0,300.0,31.5,35.5,29.1,28.3,30.200000000000003,4.96,1.99,4.97,0.16,0.0,0.0,1027.0,8228.0,0.0,0.0,0.0,0.0,0.0,1.0,0.0,0.0,0.0,0.0,0.0,-1.3,0.0,0.0,0.0,0.0,16.0,25903.0
2026-07-30T19:01:18.728Z,248.211,248.226,0.0,7.4,0.0,0.0,0.0,0.0,0.0,0.0,0.0,0.0,1.0,0.0,0.0,0.0,9.0,4.0,0.0,0.0,0.0,0.0,0.0,0.0,0.0,0.0,2.0,12.0,1.0,12.17,5.01,2.5,1.49,0.0,0.0,0.0,0.4,0.0,-0.1,-0.4,-0.1,-169.60000000000002,0.0,0.0,169.70000000000002,0.0,21.3,29.200000000000003,29.200000000000003,29.8,300.0,300.0,31.5,35.5,29.1,28.3,30.200000000000003,4.96,1.99,4.96,0.16,0.0,0.0,1027.0,8228.0,0.0,0.0,0.0,0.0,0.0,1.0,0.0,0.0,0.0,0.0,0.0,-0.6000000000000001,0.0,0.0,0.0,0.0001,16.0,25903.0
2026-07-30T19:01:18.741Z,248.224,248.238,0.0,7.4,0.0,0.0,0.0,0.0,0.0,0.0,0.0,0.0,1.0,0.0,0.0,0.0,9.0,4.0,0.0,0.0,0.0,0.0,0.0,0.0,0.0,0.0,3.0,12.0,1.0,12.17,5.01,2.5,1.49,0.0,0.0,0.0,0.4,0.0,-0.7000000000000001,1.2000000000000002,-0.1,-169.60000000000002,0.0,0.0,169.8,0.0,21.3,29.200000000000003,29.200000000000003,29.8,300.0,300.0,31.5,35.5,29.1,28.3,30.200000000000003,4.96,1.99,4.96,0.16,0.0,0.0,1027.0,8228.0,0.0,0.0,0.0,0.0,0.0,1.0,0.0,0.0,0.0,0.0,0.0,1.3,0.0,0.4,0.0,0.0001,16.0,25903.0
2026-07-30T19:01:18.753Z,248.236,248.25,0.0,7.4,0.0,0.0,0.0,0.0,0.0,0.0,0.0,0.0,1.0,0.0,0.0,0.0,9.0,4.0,0.0,0.0,0.0,0.0,0.0,0.0,0.0,0.0,4.0,12.0,1.0,12.17,5.01,2.5,1.49,0.0,0.0,0.0,0.4,0.0,-0.7000000000000001,-1.0,-0.7000000000000001,-169.70000000000002,0.0,0.0,169.8,0.0,21.3,29.200000000000003,29.200000000000003,29.8,300.0,300.0,31.5,35.5,29.1,28.3,30.200000000000003,4.95,1.99,4.97,0.16,0.0,0.0,1027.0,8228.0,0.0,0.0,0.0,0.0,0.0,1.0,0.0,0.0,0.0,0.0,0.0,-1.7000000000000002,0.0,0.4,0.0,0.0001,16.0,25903.0
2026-07-30T19:01:18.764Z,248.247,248.262,0.0,7.4,0.0,0.0,0.0,0.0,0.0,0.0,0.0,0.0,1.0,0.0,0.0,0.0,9.0,4.0,0.0,0.0,0.0,0.0,0.0,0.0,0.0,0.0,6.0,12.0,1.0,12.15,5.01,2.5,1.49,0.0,0.1,0.0,0.4,0.0,0.9,0.0,1.0,-169.70000000000002,0.0,0.0,169.70000000000002,0.0,21.4,29.200000000000003,29.200000000000003,29.8,300.0,300.0,31.4,35.5,29.1,28.3,30.200000000000003,4.96,1.99,4.96,0.16,0.0,0.0,1027.0,8228.0,0.0,0.0,0.0,0.0,0.0,1.0,0.0,0.0,0.0,0.0,0.0,0.8,0.0,-0.8,0.0,0.0,16.0,25903.0
2026-07-30T19:01:18.777Z,248.26,248.274,0.0,7.4,0.0,0.0,0.0,0.0,0.0,0.0,0.0,0.0,1.0,0.0,0.0,0.0,9.0,4.0,0.0,0.0,0.0,0.0,0.0,0.0,0.0,0.0,1.0,12.0,1.0,12.15,5.01,2.5,1.49,0.0,0.0,0.0,0.4,0.0,0.3,0.6000000000000001,-0.1,-169.70000000000002,0.0,0.0,169.60000000000002,0.0,21.4,29.200000000000003,29.200000000000003,29.8,300.0,300.0,31.4,35.5,29.1,28.3,30.200000000000003,4.96,2.0,4.96,0.16,0.0,0.0,1027.0,8228.0,0.0,0.0,0.0,0.0,0.0,1.0,0.0,0.0,0.0,0.0,0.0,0.6000000000000001,0.0,0.2,0.0,0.0001,16.0,25903.0
2026-07-30T19:01:18.789Z,248.272,248.286,0.0,7.4,0.0,0.0,0.0,0.0,0.0,0.0,0.0,0.0,1.0,0.0,0.0,0.0,9.0,4.0,0.0,0.0,0.0,0.0,0.0,0.0,0.0,0.0,2.0,12.0,1.0,12.15,5.01,2.5,1.49,0.0,0.0,0.0,0.4,0.0,-0.2,1.2000000000000002,-0.7000000000000001,-169.70000000000002,0.0,0.0,169.60000000000002,0.0,21.4,29.200000000000003,29.200000000000003,29.8,300.0,300.0,31.4,35.5,29.1,28.3,30.200000000000003,4.95,1.99,4.96,0.16,0.0,0.0,1027.0,8228.0,0.0,0.0,0.0,0.0,0.0,1.0,0.0,0.0,0.0,0.0,0.0,2.1,0.0,-0.6000000000000001,0.0,0.0001,16.0,25903.0
2026-07-30T19:01:18.801Z,248.284,248.298,0.0,7.4,0.0,0.0,0.0,0.0,0.0,0.0,0.0,0.0,1.0,0.0,0.0,0.0,9.0,4.0,0.0,0.0,0.0,0.0,0.0,0.0,0.0,0.0,4.0,12.0,1.0,12.15,5.01,2.5,1.49,0.0,0.0,0.0,0.4,0.0,-0.2,0.6000000000000001,0.3,-169.60000000000002,0.0,0.0,169.60000000000002,0.0,21.4,29.200000000000003,29.200000000000003,29.8,300.0,300.0,31.4,35.5,29.1,28.3,30.200000000000003,4.95,1.99,4.97,0.16,0.0,0.0,1027.0,8228.0,0.0,0.0,0.0,0.0,0.0,1.0,0.0,0.0,0.0,0.0,0.0,1.0,0.0,-0.2,0.0,0.0001,16.0,25903.0
2026-07-30T19:01:18.813Z,248.296,248.31,0.0,7.4,0.0,0.0,0.0,0.0,0.0,0.0,0.0,0.0,1.0,0.0,0.0,0.0,9.0,4.0,0.0,0.0,0.0,0.0,0.0,0.0,0.0,0.0,5.0,12.0,1.0,12.15,5.01,2.5,1.49,0.0,0.0,0.0,0.4,0.0,-0.2,-0.5,-0.7000000000000001,-169.60000000000002,0.0,0.0,169.60000000000002,0.0,21.4,29.200000000000003,29.200000000000003,29.8,300.0,300.0,31.4,35.5,29.1,28.3,30.200000000000003,4.96,1.99,4.96,0.16,0.0,0.0,1027.0,8228.0,0.0,0.0,0.0,0.0,0.0,1.0,0.0,0.0,0.0,0.0,0.0,-1.1,0.0,0.5,0.0,0.0001,16.0,25903.0
2026-07-30T19:01:18.824Z,248.307,248.322,0.0,7.4,0.0,0.0,0.0,0.0,0.0,0.0,0.0,0.0,1.0,0.0,0.0,0.0,9.0,4.0,0.0,0.0,0.0,0.0,0.0,0.0,0.0,0.0,6.0,12.0,1.0,12.15,5.01,2.5,1.49,0.0,0.0,0.0,0.4,0.0,0.8,0.0,0.3,-169.60000000000002,0.0,0.0,169.60000000000002,0.0,21.4,29.200000000000003,29.200000000000003,29.8,300.0,300.0,31.4,35.5,29.1,28.3,30.200000000000003,4.96,1.99,4.97,0.16,0.0,0.0,1027.0,8228.0,0.0,0.0,0.0,0.0,0.0,1.0,0.0,0.0,0.0,0.0,0.0,0.3,0.0,-0.3,0.0,0.0,16.0,25903.0
2026-07-30T19:01:18.837Z,248.32,248.334,0.0,7.4,0.0,0.0,0.0,0.0,0.0,0.0,0.0,0.0,1.0,0.0,0.0,0.0,9.0,4.0,0.0,0.0,0.0,0.0,0.0,0.0,0.0,0.0,1.0,12.0,1.0,12.15,5.01,2.5,1.49,0.0,0.0,0.0,0.4,0.0,-0.3,0.0,-0.8,-169.60000000000002,0.0,0.0,169.60000000000002,0.0,21.4,29.200000000000003,29.200000000000003,29.8,300.0,300.0,31.4,35.5,29.1,28.3,30.200000000000003,4.95,1.99,4.97,0.16,0.0,0.0,1027.0,8228.0,0.0,0.0,0.0,0.0,0.0,1.0,0.0,0.0,0.0,0.0,0.0,-0.5,0.0,0.7000000000000001,0.0,0.0,16.0,25903.0
2026-07-30T19:01:18.849Z,248.332,248.346,0.0,7.4,0.0,0.0,0.0,0.0,0.0,0.0,0.0,0.0,1.0,0.0,0.0,0.0,9.0,4.0,0.0,0.0,0.0,0.0,0.0,0.0,0.0,0.0,3.0,12.0,1.0,12.15,5.01,2.5,1.49,0.0,0.0,0.0,0.4,0.0,-0.3,0.0,0.9,-169.60000000000002,0.0,0.0,169.60000000000002,0.0,21.4,29.200000000000003,29.200000000000003,29.8,300.0,300.0,31.4,35.5,29.1,28.3,30.200000000000003,4.96,1.99,4.96,0.16,0.0,0.0,1027.0,8228.0,0.0,0.0,0.0,0.0,0.0,1.0,0.0,0.0,0.0,0.0,0.0,0.7000000000000001,0.0,-0.8,0.0,0.0,16.0,25903.0
2026-07-30T19:01:18.862Z,248.345,248.358,0.0,7.4,0.0,0.0,0.0,0.0,0.0,0.0,0.0,0.0,1.0,0.0,0.0,0.0,9.0,4.0,0.0,0.0,0.0,0.0,0.0,0.0,0.0,0.0,4.0,12.0,1.0,12.15,5.01,2.51,1.49,0.0,0.0,0.0,0.4,0.0,-0.9,0.6000000000000001,0.3,-169.60000000000002,0.0,0.0,169.60000000000002,0.0,21.700000000000003,29.200000000000003,29.200000000000003,29.8,300.0,300.0,31.4,35.6,29.1,28.3,30.200000000000003,4.96,1.99,4.96,0.16,0.0,0.0,1027.0,8228.0,0.0,0.0,0.0,0.0,0.0,1.0,0.0,0.0,0.0,0.0,0.0,-1.8,0.0,0.5,0.0,0.0,16.0,25903.0
2026-07-30T19:01:18.875Z,248.358,248.37,0.0,7.4,0.0,0.0,0.0,0.0,0.0,0.0,0.0,0.0,1.0,0.0,0.0,0.0,9.0,4.0,0.0,0.0,0.0,0.0,0.0,0.0,0.0,0.0,3.0,12.0,1.0,12.15,5.01,2.51,1.49,0.0,0.0,0.0,0.4,0.0,-0.3,0.0,0.9,-169.60000000000002,0.0,0.0,169.60000000000002,0.0,21.700000000000003,29.200000000000003,29.200000000000003,29.8,300.0,300.0,31.4,35.6,29.1,28.3,30.200000000000003,4.96,1.99,4.97,0.16,0.0,0.0,1027.0,8228.0,0.0,0.0,0.0,0.0,0.0,1.0,0.0,0.0,0.0,0.0,0.0,-0.1,0.0,0.2,0.0,0.0,16.0,25903.0
2026-07-30T19:01:18.885Z,248.368,248.382,0.0,7.4,0.0,0.0,0.0,0.0,0.0,0.0,0.0,0.0,1.0,0.0,0.0,0.0,9.0,4.0,0.0,0.0,0.0,0.0,0.0,0.0,0.0,0.0,3.0,12.0,1.0,12.15,5.01,2.51,1.49,0.0,0.0,0.0,0.4,0.0,0.2,1.2000000000000002,1.5,-169.60000000000002,0.0,0.0,169.60000000000002,0.0,21.700000000000003,29.200000000000003,29.200000000000003,29.8,300.0,300.0,31.4,35.6,29.1,28.3,30.200000000000003,4.95,2.0,4.97,0.16,0.0,0.0,1027.0,8228.0,0.0,0.0,0.0,0.0,0.0,1.0,0.0,0.0,0.0,0.0,0.0,0.5,0.0,0.3,0.0,0.0,16.0,25903.0
2026-07-30T19:01:18.896Z,248.379,248.394,0.0,7.4,0.0,0.0,0.0,0.0,0.0,0.0,0.0,0.0,1.0,0.0,0.0,0.0,9.0,4.0,0.0,0.0,0.0,0.0,0.0,0.0,0.0,0.0,4.0,12.0,1.0,12.15,5.01,2.51,1.49,0.0,0.0,0.0,0.4,0.0,-0.9,-0.5,-1.4,-169.60000000000002,0.0,0.0,169.70000000000002,0.0,21.700000000000003,29.200000000000003,29.200000000000003,29.8,300.0,300.0,31.4,35.6,29.1,28.3,30.200000000000003,4.96,2.0,4.96,0.16,0.0,0.0,1027.0,8228.0,0.0,0.0,0.0,0.0,0.0,1.0,0.0,0.0,0.0,0.0,0.0,-1.7000000000000002,0.0,1.1,0.0,0.0,16.0,25903.0
2026-07-30T19:01:18.909Z,248.392,248.406,0.0,7.4,0.0,0.0,0.0,0.0,0.0,0.0,0.0,0.0,1.0,0.0,0.0,0.0,9.0,4.0,0.0,0.0,0.0,0.0,0.0,0.0,0.0,0.0,5.0,12.0,1.0,12.15,5.01,2.51,1.49,0.0,0.0,0.0,0.4,0.0,0.7000000000000001,0.0,-0.2,-169.60000000000002,0.0,0.0,169.70000000000002,0.0,21.700000000000003,29.200000000000003,29.200000000000003,29.8,300.0,300.0,31.4,35.6,29.1,28.3,30.200000000000003,4.95,1.99,4.97,0.16,0.0,0.0,1027.0,8228.0,0.0,0.0,0.0,0.0,0.0,1.0,0.0,0.0,0.0,0.0,0.0,-0.2,0.0,0.2,0.0,0.0,16.0,25903.0
2026-07-30T19:01:18.920Z,248.403,248.418,0.0,7.4,0.0,0.0,0.0,0.0,0.0,0.0,0.0,0.0,1.0,0.0,0.0,0.0,9.0,4.0,0.0,0.0,0.0,0.0,0.0,0.0,0.0,0.0,6.0,12.0,1.0,12.15,5.01,2.51,1.49,0.0,0.0,0.0,0.4,0.0,1.3,0.6000000000000001,-0.2,-169.60000000000002,0.0,0.0,169.60000000000002,0.0,21.700000000000003,29.200000000000003,29.200000000000003,29.8,300.0,300.0,31.4,35.6,29.1,28.3,30.200000000000003,4.95,1.99,4.96,0.16,0.0,0.0,1027.0,8228.0,0.0,0.0,0.0,0.0,0.0,1.0,0.0,0.0,0.0,0.0,0.0,0.5,0.0,0.3,0.0,0.0,16.0,25903.0
2026-07-30T19:01:18.932Z,248.415,248.43,0.0,7.4,0.0,0.0,0.0,0.0,0.0,0.0,0.0,0.0,1.0,0.0,0.0,0.0,9.0,4.0,0.0,0.0,0.0,0.0,0.0,0.0,0.0,0.0,1.0,12.0,1.0,12.15,5.01,2.51,1.49,0.0,0.0,0.0,0.4,0.0,-0.3,0.1,-0.2,-169.60000000000002,0.0,0.0,169.70000000000002,0.0,21.700000000000003,29.200000000000003,29.200000000000003,29.8,300.0,300.0,31.4,35.6,29.1,28.3,30.200000000000003,4.96,1.99,4.96,0.16,0.0,0.0,1027.0,8228.0,0.0,0.0,0.0,0.0,0.0,1.0,0.0,0.0,0.0,0.0,0.0,0.0,0.0,0.2,0.0,0.0,16.0,25903.0
2026-07-30T19:01:18.945Z,248.428,248.442,0.0,7.4,0.0,0.0,0.0,0.0,0.0,0.0,0.0,0.0,1.0,0.0,0.0,0.0,9.0,4.0,0.0,0.0,0.0,0.0,0.0,0.0,0.0,0.0,2.0,12.0,1.0,12.15,5.01,2.51,1.49,0.0,0.0,0.0,0.4,0.0,-0.9,-1.0,-0.8,-169.60000000000002,0.0,0.0,169.70000000000002,0.0,21.700000000000003,29.200000000000003,29.200000000000003,29.8,300.0,300.0,31.4,35.6,29.1,28.3,30.200000000000003,4.95,1.99,4.97,0.16,0.0,0.0,1027.0,8228.0,0.0,0.0,0.0,0.0,0.0,1.0,0.0,0.0,0.0,0.0,0.0,-1.8,0.0,0.5,0.0,0.0,16.0,25903.0
2026-07-30T19:01:18.956Z,248.439,248.454,0.0,7.4,0.0,0.0,0.0,0.0,0.0,0.0,0.0,0.0,1.0,0.0,0.0,0.0,9.0,4.0,0.0,0.0,0.0,0.0,0.0,0.0,0.0,0.0,3.0,12.0,1.0,12.15,5.01,2.51,1.49,0.0,0.0,0.0,0.4,0.0,-0.3,-0.4,0.9,-169.60000000000002,0.0,0.0,169.60000000000002,0.0,21.700000000000003,29.200000000000003,29.200000000000003,29.8,300.0,300.0,31.4,35.6,29.1,28.3,30.200000000000003,4.95,1.99,4.97,0.16,0.0,0.0,1027.0,8228.0,0.0,0.0,0.0,0.0,0.0,1.0,0.0,0.0,0.0,0.0,0.0,0.1,0.0,-0.9,0.0,0.0002,16.0,25903.0
2026-07-30T19:01:18.968Z,248.451,248.466,0.0,7.4,0.0,0.0,0.0,0.0,0.0,0.0,0.0,0.0,1.0,0.0,0.0,0.0,9.0,4.0,0.0,0.0,0.0,0.0,0.0,0.0,0.0,0.0,4.0,12.0,1.0,12.17,5.01,2.51,1.49,0.0,0.1,0.0,0.4,0.0,0.2,0.0,-0.8,-169.60000000000002,0.0,0.0,169.60000000000002,0.0,21.8,29.200000000000003,29.200000000000003,29.8,300.0,300.0,31.5,35.5,29.1,28.3,30.200000000000003,4.95,2.0,4.96,0.16,0.0,0.0,1027.0,8228.0,0.0,0.0,0.0,0.0,0.0,1.0,0.0,0.0,0.0,0.0,0.0,-0.5,0.0,0.7000000000000001,0.0,0.0001,16.0,25903.0
2026-07-30T19:01:18.981Z,248.464,248.478,0.0,7.4,0.0,0.0,0.0,0.0,0.0,0.0,0.0,0.0,1.0,0.0,0.0,0.0,9.0,4.0,0.0,0.0,0.0,0.0,0.0,0.0,0.0,0.0,5.0,12.0,1.0,12.17,5.01,2.51,1.49,0.0,0.0,0.0,0.4,0.0,-0.3,0.1,-0.8,-169.60000000000002,0.0,0.0,169.70000000000002,0.0,21.8,29.200000000000003,29.200000000000003,29.8,300.0,300.0,31.5,35.5,29.1,28.3,30.200000000000003,4.96,1.99,4.96,0.16,0.0,0.0,1027.0,8228.0,0.0,0.0,0.0,0.0,0.0,1.0,0.0,0.0,0.0,0.0,0.0,-0.5,0.0,0.7000000000000001,0.0,0.0001,16.0,25903.0
2026-07-30T19:01:18.993Z,248.476,248.49,0.0,7.4,0.0,0.0,0.0,0.0,0.0,0.0,0.0,0.0,1.0,0.0,0.0,0.0,9.0,4.0,0.0,0.0,0.0,0.0,0.0,0.0,0.0,0.0,6.0,12.0,1.0,12.17,5.01,2.51,1.49,0.0,0.0,0.0,0.4,0.0,0.1,-1.1,-1.4,-169.60000000000002,0.0,0.0,169.8,0.0,21.8,29.200000000000003,29.200000000000003,29.8,300.0,300.0,31.5,35.5,29.1,28.3,30.200000000000003,4.95,1.99,4.97,0.16,0.0,0.0,1027.0,8228.0,0.0,0.0,0.0,0.0,0.0,1.0,0.0,0.0,0.0,0.0,0.0,-2.3000000000000003,0.0,1.0,0.0,0.0,16.0,25903.0
2026-07-30T19:01:19.005Z,248.488,248.502,0.0,7.4,0.0,0.0,0.0,0.0,0.0,0.0,0.0,0.0,1.0,0.0,0.0,0.0,9.0,4.0,0.0,0.0,0.0,0.0,0.0,0.0,0.0,0.0,1.0,12.0,1.0,12.17,5.01,2.51,1.49,0.0,0.0,0.0,0.4,0.0,1.3,-0.5,-0.3,-169.60000000000002,0.0,0.0,169.70000000000002,0.0,21.8,29.200000000000003,29.200000000000003,29.8,300.0,300.0,31.5,35.5,29.1,28.3,30.200000000000003,4.96,1.99,4.96,0.16,0.0,0.0,1027.0,8228.0,0.0,0.0,0.0,0.0,0.0,1.0,0.0,0.0,0.0,0.0,0.0,-0.8,0.0,0.1,0.0,0.0001,16.0,25903.0
2026-07-30T19:01:19.017Z,248.5,248.514,0.0,7.4,0.0,0.0,0.0,0.0,0.0,0.0,0.0,0.0,1.0,0.0,0.0,0.0,9.0,4.0,0.0,0.0,0.0,0.0,0.0,0.0,0.0,0.0,2.0,12.0,1.0,12.17,5.01,2.51,1.49,0.0,0.0,0.0,0.4,0.0,-0.4,-0.5,-0.3,-169.60000000000002,0.0,0.0,169.60000000000002,0.0,21.8,29.200000000000003,29.200000000000003,29.8,300.0,300.0,31.5,35.5,29.1,28.3,30.200000000000003,4.96,1.99,4.96,0.16,0.0,0.0,1027.0,8228.0,0.0,0.0,0.0,0.0,0.0,1.0,0.0,0.0,0.0,0.0,0.0,-0.8,0.0,0.1,0.0,0.0001,16.0,25903.0
2026-07-30T19:01:19.029Z,248.512,248.526,0.0,7.4,0.0,0.0,0.0,0.0,0.0,0.0,0.0,0.0,1.0,0.0,0.0,0.0,9.0,4.0,0.0,0.0,0.0,0.0,0.0,0.0,0.0,0.0,3.0,12.0,1.0,12.17,5.01,2.51,1.49,0.0,0.0,0.0,0.4,0.0,-0.3,1.3,-2.0,-169.60000000000002,0.0,0.0,169.60000000000002,0.0,21.8,29.200000000000003,29.200000000000003,29.8,300.0,300.0,31.5,35.5,29.1,28.3,30.200000000000003,4.96,1.99,4.96,0.16,0.0,0.0,1027.0,8228.0,0.0,0.0,0.0,0.0,0.0,1.0,0.0,0.0,0.0,0.0,0.0,0.0,0.0,2.0,0.0,0.0001,16.0,25903.0
2026-07-30T19:01:19.041Z,248.524,248.538,0.0,7.4,0.0,0.0,0.0,0.0,0.0,0.0,0.0,0.0,1.0,0.0,0.0,0.0,9.0,4.0,0.0,0.0,0.0,0.0,0.0,0.0,0.0,0.0,4.0,12.0,1.0,12.17,5.01,2.51,1.49,0.0,0.0,0.0,0.4,0.0,-0.9,0.1,-1.4,-169.60000000000002,0.0,0.0,169.60000000000002,0.0,21.8,29.200000000000003,29.200000000000003,29.8,300.0,300.0,31.5,35.5,29.1,28.3,30.200000000000003,4.95,1.99,4.97,0.16,0.0,0.0,1027.0,8228.0,0.0,0.0,0.0,0.0,0.0,1.0,0.0,0.0,0.0,0.0,0.0,-0.9,0.0,1.3,0.0,0.0,16.0,25903.0
2026-07-30T19:01:19.052Z,248.535,248.55,0.0,7.4,0.0,0.0,0.0,0.0,0.0,0.0,0.0,0.0,1.0,0.0,0.0,0.0,9.0,4.0,0.0,0.0,0.0,0.0,0.0,0.0,0.0,0.0,5.0,12.0,1.0,12.17,5.01,2.51,1.49,0.0,0.0,0.0,0.4,0.0,-0.4,-0.5,-0.3,-169.60000000000002,0.0,0.0,169.70000000000002,0.0,21.8,29.200000000000003,29.200000000000003,29.8,300.0,300.0,31.5,35.5,29.1,28.3,30.200000000000003,4.96,2.0,4.96,0.16,0.0,0.0,1027.0,8228.0,0.0,0.0,0.0,0.0,0.0,1.0,0.0,0.0,0.0,0.0,0.0,-0.8,0.0,0.1,0.0,0.0,16.0,25903.0
2026-07-30T19:01:19.066Z,248.549,248.562,0.0,7.4,0.0,0.0,0.0,0.0,0.0,0.0,0.0,0.0,1.0,0.0,0.0,0.0,9.0,4.0,0.0,0.0,0.0,0.0,0.0,0.0,0.0,0.0,6.0,12.0,1.0,12.19,5.0200000000000005,2.51,1.49,0.0,0.0,0.0,0.4,0.0,0.1,1.2000000000000002,0.2,-169.60000000000002,0.0,0.0,169.70000000000002,0.0,21.4,29.200000000000003,29.200000000000003,29.8,300.0,300.0,31.5,35.6,29.1,28.3,30.200000000000003,4.96,1.99,4.96,0.16,0.0,0.0,1027.0,8228.0,0.0,0.0,0.0,0.0,0.0,1.0,0.0,0.0,0.0,0.0,0.0,1.6,0.0,0.0,0.0,0.0001,16.0,25903.0
2026-07-30T19:01:19.076Z,248.559,248.574,0.0,7.4,0.0,0.0,0.0,0.0,0.0,0.0,0.0,0.0,1.0,0.0,0.0,0.0,9.0,4.0,0.0,0.0,0.0,0.0,0.0,0.0,0.0,0.0,1.0,12.0,1.0,12.19,5.0200000000000005,2.51,1.49,0.0,0.0,0.0,0.4,0.0,0.1,1.2000000000000002,-0.2,-169.60000000000002,0.0,0.0,169.70000000000002,0.0,21.4,29.200000000000003,29.200000000000003,29.8,300.0,300.0,31.5,35.6,29.1,28.3,30.200000000000003,4.95,1.99,4.96,0.16,0.0,0.0,1027.0,8228.0,0.0,0.0,0.0,0.0,0.0,1.0,0.0,0.0,0.0,0.0,0.0,1.2000000000000002,0.0,0.4,0.0,0.0,16.0,25903.0
2026-07-30T19:01:19.088Z,248.571,248.586,0.0,7.4,0.0,0.0,0.0,0.0,0.0,0.0,0.0,0.0,1.0,0.0,0.0,0.0,9.0,4.0,0.0,0.0,0.0,0.0,0.0,0.0,0.0,0.0,2.0,12.0,1.0,12.19,5.0200000000000005,2.51,1.49,0.0,0.0,0.0,0.4,0.0,-1.0,0.1,-1.4,-169.60000000000002,0.0,0.0,169.70000000000002,0.0,21.4,29.200000000000003,29.200000000000003,29.8,300.0,300.0,31.5,35.6,29.1,28.3,30.200000000000003,4.96,1.99,4.97,0.16,0.0,0.0,1027.0,8228.0,0.0,0.0,0.0,0.0,0.0,1.0,0.0,0.0,0.0,0.0,0.0,-0.9,0.0,1.2000000000000002,0.0,0.0,16.0,25903.0
2026-07-30T19:01:19.100Z,248.583,248.598,0.0,7.4,0.0,0.0,0.0,0.0,0.0,0.0,0.0,0.0,1.0,0.0,0.0,0.0,9.0,4.0,0.0,0.0,0.0,0.0,0.0,0.0,0.0,0.0,3.0,12.0,1.0,12.19,5.0200000000000005,2.51,1.49,0.0,0.1,0.0,0.4,0.0,0.1,1.2000000000000002,-0.2,-169.60000000000002,0.0,0.0,169.60000000000002,0.0,21.4,29.200000000000003,29.200000000000003,29.8,300.0,300.0,31.5,35.6,29.1,28.3,30.200000000000003,4.95,1.99,4.96,0.16,0.0,0.0,1027.0,8228.0,0.0,0.0,0.0,0.0,0.0,1.0,0.0,0.0,0.0,0.0,0.0,1.2000000000000002,0.0,0.4,0.0,0.0001,16.0,25903.0
2026-07-30T19:01:19.113Z,248.596,248.61,0.0,7.4,0.0,0.0,0.0,0.0,0.0,0.0,0.0,0.0,1.0,0.0,0.0,0.0,9.0,4.0,0.0,0.0,0.0,0.0,0.0,0.0,0.0,0.0,4.0,12.0,1.0,12.19,5.0200000000000005,2.51,1.49,0.0,0.0,0.0,0.4,0.0,0.7000000000000001,0.0,-0.2,-169.60000000000002,0.0,0.0,169.60000000000002,0.0,21.4,29.200000000000003,29.200000000000003,29.8,300.0,300.0,31.5,35.6,29.1,28.3,30.200000000000003,4.95,1.99,4.97,0.16,0.0,0.0,1027.0,8228.0,0.0,0.0,0.0,0.0,0.0,1.0,0.0,0.0,0.0,0.0,0.0,0.0,0.0,0.2,0.0,0.0,16.0,25903.0
2026-07-30T19:01:19.125Z,248.608,248.622,0.0,7.4,0.0,0.0,0.0,0.0,0.0,0.0,0.0,0.0,1.0,0.0,0.0,0.0,9.0,4.0,0.0,0.0,0.0,0.0,0.0,0.0,0.0,0.0,5.0,12.0,1.0,12.19,5.0200000000000005,2.51,1.49,0.0,0.0,0.0,0.4,0.0,0.1,0.1,0.9,-169.60000000000002,0.0,0.0,169.70000000000002,0.0,21.4,29.200000000000003,29.200000000000003,29.8,300.0,300.0,31.5,35.6,29.1,28.3,30.200000000000003,4.96,1.99,4.97,0.16,0.0,0.0,1027.0,8228.0,0.0,0.0,0.0,0.0,0.0,1.0,0.0,0.0,0.0,0.0,0.0,0.8,0.0,-0.8,0.0,0.0,16.0,25903.0
2026-07-30T19:01:19.136Z,248.619,248.634,0.0,7.4,0.0,0.0,0.0,0.0,0.0,0.0,0.0,0.0,1.0,0.0,0.0,0.0,9.0,4.0,0.0,0.0,0.0,0.0,0.0,0.0,0.0,0.0,6.0,12.0,1.0,12.19,5.0200000000000005,2.51,1.49,0.0,0.1,0.0,0.4,0.0,-0.4,0.1,-0.7000000000000001,-169.60000000000002,0.0,0.0,169.70000000000002,0.0,21.4,29.200000000000003,29.200000000000003,29.8,300.0,300.0,31.5,35.6,29.1,28.3,30.200000000000003,4.96,1.99,4.96,0.15,0.0,0.0,1027.0,8228.0,0.0,0.0,0.0,0.0,0.0,1.0,0.0,0.0,0.0,0.0,0.0,-0.4,0.0,0.6000000000000001,0.0,0.0,16.0,25903.0
2026-07-30T19:01:19.148Z,248.631,248.646,0.0,7.4,0.0,0.0,0.0,0.0,0.0,0.0,0.0,0.0,1.0,0.0,0.0,0.0,9.0,4.0,0.0,0.0,0.0,0.0,0.0,0.0,0.0,0.0,1.0,12.0,1.0,12.19,5.0200000000000005,2.51,1.49,0.0,0.0,0.0,0.4,0.0,0.1,-1.0,-1.3,-169.60000000000002,0.0,0.0,169.60000000000002,0.0,21.4,29.200000000000003,29.200000000000003,29.8,300.0,300.0,31.5,35.6,29.1,28.3,30.200000000000003,4.95,1.99,4.97,0.15,0.0,0.0,1027.0,8228.0,0.0,0.0,0.0,0.0,0.0,1.0,0.0,0.0,0.0,0.0,0.0,-2.2,0.0,0.9,0.0,0.0,16.0,25903.0
2026-07-30T19:01:19.161Z,248.644,248.658,0.0,7.4,0.0,0.0,0.0,0.0,0.0,0.0,0.0,0.0,1.0,0.0,0.0,0.0,9.0,4.0,0.0,0.0,0.0,0.0,0.0,0.0,0.0,0.0,2.0,12.0,1.0,12.19,5.0200000000000005,2.51,1.49,0.0,0.0,0.0,0.4,0.0,-0.4,1.2000000000000002,-0.7000000000000001,-169.60000000000002,0.0,0.0,169.70000000000002,0.0,21.4,29.200000000000003,29.200000000000003,29.8,300.0,300.0,31.5,35.6,29.1,28.3,30.200000000000003,4.95,1.99,4.96,0.16,0.0,0.0,1027.0,8228.0,0.0,0.0,0.0,0.0,0.0,1.0,0.0,0.0,0.0,0.0,0.0,0.8,0.0,0.9,0.0,0.0,16.0,25903.0
2026-07-30T19:01:19.173Z,248.656,248.67,0.0,7.4,0.0,0.0,0.0,0.0,0.0,0.0,0.0,0.0,1.0,0.0,0.0,0.0,9.0,4.0,0.0,0.0,0.0,0.0,0.0,0.0,0.0,0.0,4.0,12.0,1.0,12.18,5.0200000000000005,2.51,1.49,0.0,0.0,0.0,0.4,0.0,0.7000000000000001,0.7000000000000001,1.6,-169.60000000000002,0.0,0.0,169.60000000000002,0.0,21.3,29.200000000000003,29.200000000000003,29.8,300.0,300.0,31.6,35.6,29.1,28.3,30.200000000000003,4.96,1.99,4.96,0.16,0.0,0.0,1027.0,8228.0,0.0,0.0,0.0,0.0,0.0,1.0,0.0,0.0,0.0,0.0,0.0,2.0,0.0,-1.2000000000000002,0.0,0.0,16.0,25903.0
2026-07-30T19:01:19.189Z,248.672,248.682,0.0,7.4,0.0,0.0,0.0,0.0,0.0,0.0,0.0,0.0,1.0,0.0,0.0,0.0,9.0,4.0,0.0,0.0,0.0,0.0,0.0,0.0,0.0,0.0,5.0,12.0,1.0,12.18,5.0200000000000005,2.51,1.49,0.0,0.0,0.0,0.4,0.0,-0.3,-0.4,-0.6000000000000001,-169.60000000000002,0.0,0.0,169.60000000000002,0.0,21.3,29.200000000000003,29.200000000000003,29.8,300.0,300.0,31.6,35.6,29.1,28.3,30.200000000000003,4.96,1.99,4.96,0.16,0.0,0.0,1027.0,8228.0,0.0,0.0,0.0,0.0,0.0,1.0,0.0,0.0,0.0,0.0,0.0,-1.0,0.0,0.4,0.0,0.0,16.0,25903.0
2026-07-30T19:01:19.196Z,248.679,248.694,0.0,7.4,0.0,0.0,0.0,0.0,0.0,0.0,0.0,0.0,1.0,0.0,0.0,0.0,9.0,4.0,0.0,0.0,0.0,0.0,0.0,0.0,0.0,0.0,4.0,12.0,1.0,12.18,5.0200000000000005,2.51,1.49,0.0,0.1,0.0,0.4,0.0,-0.3,-0.4,1.1,-169.60000000000002,0.0,0.0,169.60000000000002,0.0,21.3,29.200000000000003,29.200000000000003,29.8,300.0,300.0,31.6,35.6,29.1,28.3,30.200000000000003,4.95,1.99,4.97,0.16,0.0,0.0,1027.0,8228.0,0.0,0.0,0.0,0.0,0.0,1.0,0.0,0.0,0.0,0.0,0.0,0.3,0.0,-1.0,0.0,0.0,16.0,25903.0
2026-07-30T19:01:19.209Z,248.692,248.706,0.0,7.4,0.0,0.0,0.0,0.0,0.0,0.0,0.0,0.0,1.0,0.0,0.0,0.0,9.0,4.0,0.0,0.0,0.0,0.0,0.0,0.0,0.0,0.0,4.0,12.0,1.0,12.18,5.0200000000000005,2.51,1.49,0.0,0.0,0.0,0.4,0.0,-0.3,0.1,-0.6000000000000001,-169.60000000000002,0.0,0.0,169.60000000000002,0.0,21.3,29.200000000000003,29.200000000000003,29.8,300.0,300.0,31.6,35.6,29.1,28.3,30.200000000000003,4.95,1.99,4.96,0.16,0.0,0.0,1027.0,8228.0,0.0,0.0,0.0,0.0,0.0,1.0,0.0,0.0,0.0,0.0,0.0,-0.3,0.0,0.5,0.0,0.0,16.0,25903.0
2026-07-30T19:01:19.221Z,248.704,248.718,0.0,7.4,0.0,0.0,0.0,0.0,0.0,0.0,0.0,0.0,1.0,0.0,0.0,0.0,9.0,4.0,0.0,0.0,0.0,0.0,0.0,0.0,0.0,0.0,5.0,12.0,1.0,12.18,5.0200000000000005,2.51,1.49,0.0,0.0,0.0,0.4,0.0,0.2,0.7000000000000001,0.5,-169.60000000000002,0.0,0.0,169.60000000000002,0.0,21.3,29.200000000000003,29.200000000000003,29.8,300.0,300.0,31.6,35.6,29.1,28.3,30.200000000000003,4.96,1.99,4.96,0.16,0.0,0.0,1027.0,8228.0,0.0,0.0,0.0,0.0,0.0,1.0,0.0,0.0,0.0,0.0,0.0,1.2000000000000002,0.0,-0.3,0.0,0.0,16.0,25903.0
2026-07-30T19:01:19.232Z,248.715,248.73,0.0,7.4,0.0,0.0,0.0,0.0,0.0,0.0,0.0,0.0,1.0,0.0,0.0,0.0,9.0,4.0,0.0,0.0,0.0,0.0,0.0,0.0,0.0,0.0,6.0,12.0,1.0,12.18,5.0200000000000005,2.51,1.49,0.0,0.0,0.0,0.4,0.0,0.2,-0.4,2.3000000000000003,-169.60000000000002,0.0,0.0,169.60000000000002,0.0,21.3,29.200000000000003,29.200000000000003,29.8,300.0,300.0,31.6,35.6,29.1,28.3,30.200000000000003,4.96,1.99,4.97,0.16,0.0,0.0,1027.0,8228.0,0.0,0.0,0.0,0.0,0.0,1.0,0.0,0.0,0.0,0.0,0.0,1.2000000000000002,0.0,-2.1,0.0,0.0,16.0,25903.0
2026-07-30T19:01:19.245Z,248.728,248.742,0.0,7.4,0.0,0.0,0.0,0.0,0.0,0.0,0.0,0.0,1.0,0.0,0.0,0.0,9.0,4.0,0.0,0.0,0.0,0.0,0.0,0.0,0.0,0.0,1.0,12.0,1.0,12.18,5.0200000000000005,2.51,1.49,0.0,0.0,0.0,0.4,0.0,-0.3,0.1,-0.5,-169.60000000000002,0.0,0.0,169.60000000000002,0.0,21.3,29.200000000000003,29.200000000000003,29.8,300.0,300.0,31.6,35.6,29.1,28.3,30.200000000000003,4.96,1.99,4.96,0.16,0.0,0.0,1027.0,8228.0,0.0,0.0,0.0,0.0,0.0,1.0,0.0,0.0,0.0,0.0,0.0,-0.2,0.0,0.5,0.0,0.0,16.0,25903.0
2026-07-30T19:01:19.257Z,248.74,248.754,0.0,7.4,0.0,0.0,0.0,0.0,0.0,0.0,0.0,0.0,1.0,0.0,0.0,0.0,9.0,4.0,0.0,0.0,0.0,0.0,0.0,0.0,0.0,0.0,2.0,12.0,1.0,12.18,5.0200000000000005,2.51,1.49,0.0,0.0,0.0,0.4,0.0,-0.3,0.7000000000000001,0.5,-169.60000000000002,0.0,0.0,169.70000000000002,0.0,21.3,29.200000000000003,29.200000000000003,29.8,300.0,300.0,31.6,35.6,29.1,28.3,30.200000000000003,4.96,1.99,4.96,0.16,0.0,0.0,1027.0,8228.0,0.0,0.0,0.0,0.0,0.0,1.0,0.0,0.0,0.0,0.0,0.0,1.2000000000000002,0.0,-0.3,0.0,0.0,16.0,25903.0
2026-07-30T19:01:19.270Z,248.753,248.766,0.0,7.4,0.0,0.0,0.0,0.0,0.0,0.0,0.0,0.0,1.0,0.0,0.0,0.0,9.0,4.0,0.0,0.0,0.0,0.0,0.0,0.0,0.0,0.0,3.0,12.0,1.0,12.2,5.0200000000000005,2.51,1.49,0.0,0.0,0.0,0.4,0.0,0.8,-0.4,0.5,-169.60000000000002,0.0,0.0,169.60000000000002,0.0,21.4,29.200000000000003,29.200000000000003,29.8,300.0,300.0,31.5,35.5,29.1,28.3,30.200000000000003,4.95,1.99,4.96,0.16,0.0,0.0,1027.0,8228.0,0.0,0.0,0.0,0.0,0.0,1.0,0.0,0.0,0.0,0.0,0.0,-0.1,0.0,-0.5,0.0,0.0,16.0,25903.0
2026-07-30T19:01:19.281Z,248.764,248.778,0.0,7.4,0.0,0.0,0.0,0.0,0.0,0.0,0.0,0.0,1.0,0.0,0.0,0.0,9.0,4.0,0.0,0.0,0.0,0.0,0.0,0.0,0.0,0.0,4.0,12.0,1.0,12.2,5.0200000000000005,2.51,1.49,0.0,0.1,0.0,0.4,0.0,0.8,-1.0,0.0,-169.60000000000002,0.0,0.0,169.60000000000002,0.0,21.4,29.200000000000003,29.200000000000003,29.8,300.0,300.0,31.5,35.5,29.1,28.3,30.200000000000003,4.96,1.99,4.97,0.16,0.0,0.0,1027.0,8228.0,0.0,0.0,0.0,0.0,0.0,1.0,0.0,0.0,0.0,0.0,0.0,-1.2000000000000002,0.0,-0.1,0.0,0.0,16.0,25903.0
2026-07-30T19:01:19.293Z,248.776,248.79,0.0,7.4,0.0,0.0,0.0,0.0,0.0,0.0,0.0,0.0,1.0,0.0,0.0,0.0,9.0,4.0,0.0,0.0,0.0,0.0,0.0,0.0,0.0,0.0,6.0,12.0,1.0,12.2,5.0200000000000005,2.51,1.49,0.0,0.0,0.0,0.4,0.0,0.2,-0.4,0.0,-169.60000000000002,0.0,0.0,169.60000000000002,0.0,21.4,29.200000000000003,29.200000000000003,29.8,300.0,300.0,31.5,35.5,29.1,28.3,30.200000000000003,4.96,1.99,4.96,0.16,0.0,0.0,1027.0,8228.0,0.0,0.0,0.0,0.0,0.0,1.0,0.0,0.0,0.0,0.0,0.0,-0.5,0.0,0.0,0.0,0.0,16.0,25903.0
2026-07-30T19:01:19.305Z,248.788,248.802,0.0,7.4,0.0,0.0,0.0,0.0,0.0,0.0,0.0,0.0,1.0,0.0,0.0,0.0,9.0,4.0,0.0,0.0,0.0,0.0,0.0,0.0,0.0,0.0,1.0,12.0,1.0,12.2,5.0200000000000005,2.51,1.49,0.0,0.0,0.0,0.4,0.0,0.2,0.6000000000000001,-0.6000000000000001,-169.60000000000002,0.0,0.0,169.60000000000002,0.0,21.4,29.200000000000003,29.200000000000003,29.8,300.0,300.0,31.5,35.5,29.1,28.3,30.200000000000003,4.96,1.99,4.97,0.16,0.0,0.0,1027.0,8228.0,0.0,0.0,0.0,0.0,0.0,1.0,0.0,0.0,0.0,0.0,0.0,0.2,0.0,0.6000000000000001,0.0,0.0,16.0,25903.0
2026-07-30T19:01:19.317Z,248.8,248.814,0.0,7.4,0.0,0.0,0.0,0.0,0.0,0.0,0.0,0.0,1.0,0.0,0.0,0.0,9.0,4.0,0.0,0.0,0.0,0.0,0.0,0.0,0.0,0.0,2.0,12.0,1.0,12.2,5.0200000000000005,2.51,1.49,0.0,0.1,0.0,0.4,0.0,0.2,0.1,-0.6000000000000001,-169.60000000000002,0.0,0.0,169.70000000000002,0.0,21.4,29.200000000000003,29.200000000000003,29.8,300.0,300.0,31.5,35.5,29.1,28.3,30.200000000000003,4.95,2.0,4.97,0.16,0.0,0.0,1027.0,8228.0,0.0,0.0,0.0,0.0,0.0,1.0,0.0,0.0,0.0,0.0,0.0,-0.3,0.0,0.5,0.0,0.0,16.0,25903.0
2026-07-30T19:01:19.329Z,248.812,248.826,0.0,7.4,0.0,0.0,0.0,0.0,0.0,0.0,0.0,0.0,1.0,0.0,0.0,0.0,9.0,4.0,0.0,0.0,0.0,0.0,0.0,0.0,0.0,0.0,3.0,12.0,1.0,12.2,5.0200000000000005,2.51,1.49,0.0,0.0,0.0,0.4,0.0,0.1,-0.4,-0.1,-169.60000000000002,0.0,0.0,169.60000000000002,0.0,21.4,29.200000000000003,29.200000000000003,29.8,300.0,300.0,31.5,35.5,29.1,28.3,30.200000000000003,4.96,2.0,4.96,0.16,0.0,0.0,1027.0,8228.0,0.0,0.0,0.0,0.0,0.0,1.0,0.0,0.0,0.0,0.0,0.0,-0.6000000000000001,0.0,0.0,0.0,0.0,16.0,25903.0
2026-07-30T19:01:19.341Z,248.824,248.838,0.0,7.4,0.0,0.0,0.0,0.0,0.0,0.0,0.0,0.0,1.0,0.0,0.0,0.0,9.0,4.0,0.0,0.0,0.0,0.0,0.0,0.0,0.0,0.0,4.0,12.0,1.0,12.2,5.0200000000000005,2.51,1.49,0.0,0.0,0.0,0.4,0.0,0.2,0.6000000000000001,1.6,-169.60000000000002,0.0,0.0,169.70000000000002,0.0,21.4,29.200000000000003,29.200000000000003,29.8,300.0,300.0,31.5,35.5,29.1,28.3,30.200000000000003,4.95,1.99,4.96,0.16,0.0,0.0,1027.0,8228.0,0.0,0.0,0.0,0.0,0.0,1.0,0.0,0.0,0.0,0.0,0.0,1.9,0.0,-1.3,0.0,0.0,16.0,25903.0
2026-07-30T19:01:19.353Z,248.836,248.85,0.0,7.4,0.0,0.0,0.0,0.0,0.0,0.0,0.0,0.0,1.0,0.0,0.0,0.0,9.0,4.0,0.0,0.0,0.0,0.0,0.0,0.0,0.0,0.0,5.0,12.0,1.0,12.2,5.0200000000000005,2.51,1.49,0.0,0.0,0.0,0.4,0.0,0.2,0.0,0.5,-169.60000000000002,0.0,0.0,169.70000000000002,0.0,21.4,29.200000000000003,29.200000000000003,29.8,300.0,300.0,31.5,35.5,29.1,28.3,30.200000000000003,4.95,1.99,4.97,0.16,0.0,0.0,1027.0,8228.0,0.0,0.0,0.0,0.0,0.0,1.0,0.0,0.0,0.0,0.0,0.0,0.4,0.0,-0.4,0.0,0.0001,16.0,25903.0
2026-07-30T19:01:19.365Z,248.848,248.862,0.0,7.4,0.0,0.0,0.0,0.0,0.0,0.0,0.0,0.0,1.0,0.0,0.0,0.0,9.0,4.0,0.0,0.0,0.0,0.0,0.0,0.0,0.0,0.0,6.0,12.0,1.0,12.2,5.0200000000000005,2.51,1.49,0.0,0.0,0.0,0.4,0.0,-1.5,-0.5,-0.6000000000000001,-169.60000000000002,0.0,0.0,169.70000000000002,0.0,21.4,29.200000000000003,29.200000000000003,29.8,300.0,300.0,31.5,35.5,29.1,28.3,30.200000000000003,4.96,2.0,4.97,0.16,0.0,0.0,1027.0,8228.0,0.0,0.0,0.0,0.0,0.0,1.0,0.0,0.0,0.0,0.0,0.0,1.3,0.0,0.3,0.0,0.0,16.0,25903.0
2026-07-30T19:01:19.377Z,248.86,248.874,0.0,7.4,0.0,0.0,0.0,0.0,0.0,0.0,0.0,0.0,1.0,0.0,0.0,0.0,9.0,4.0,0.0,0.0,0.0,0.0,0.0,0.0,0.0,0.0,1.0,12.0,1.0,12.15,5.01,2.51,1.49,0.0,0.0,0.0,0.4,0.0,0.2,0.0,1.6,-169.60000000000002,0.0,0.0,169.60000000000002,0.0,21.9,29.200000000000003,29.200000000000003,29.8,300.0,300.0,31.4,35.5,29.1,28.3,30.200000000000003,4.96,2.0,4.96,0.16,0.0,0.0,1027.0,8228.0,0.0,0.0,0.0,0.0,0.0,1.0,0.0,0.0,0.0,0.0,0.0,-0.4,0.0,0.6000000000000001,0.0,0.0001,16.0,25903.0
2026-07-30T19:01:19.389Z,248.872,248.886,0.0,7.4,0.0,0.0,0.0,0.0,0.0,0.0,0.0,0.0,1.0,0.0,0.0,0.0,9.0,4.0,0.0,0.0,0.0,0.0,0.0,0.0,0.0,0.0,2.0,12.0,1.0,12.15,5.01,2.51,1.49,0.0,0.0,0.0,0.4,0.0,0.2,-0.4,-0.6000000000000001,-169.60000000000002,0.0,0.0,169.70000000000002,0.0,21.9,29.200000000000003,29.200000000000003,29.8,300.0,300.0,31.4,35.5,29.1,28.3,30.200000000000003,4.95,1.99,4.97,0.16,0.0,0.0,1027.0,8228.0,0.0,0.0,0.0,0.0,0.0,1.0,0.0,0.0,0.0,0.0,0.0,-0.6000000000000001,0.0,0.0,0.0,0.0001,16.0,25903.0
2026-07-30T19:01:19.401Z,248.884,248.898,0.0,7.4,0.0,0.0,0.0,0.0,0.0,0.0,0.0,0.0,1.0,0.0,0.0,0.0,9.0,4.0,0.0,0.0,0.0,0.0,0.0,0.0,0.0,0.0,4.0,12.0,1.0,12.15,5.01,2.51,1.49,0.0,0.0,0.0,0.4,0.0,0.2,1.2000000000000002,0.5,-169.60000000000002,0.0,0.0,169.60000000000002,0.0,21.9,29.200000000000003,29.200000000000003,29.8,300.0,300.0,31.4,35.5,29.1,28.3,30.200000000000003,4.95,2.0,4.97,0.16,0.0,0.0,1027.0,8228.0,0.0,0.0,0.0,0.0,0.0,1.0,0.0,0.0,0.0,0.0,0.0,0.2,0.0,0.7000000000000001,0.0,0.0,16.0,25903.0
2026-07-30T19:01:19.413Z,248.896,248.91,0.0,7.4,0.0,0.0,0.0,0.0,0.0,0.0,0.0,0.0,1.0,0.0,0.0,0.0,9.0,4.0,0.0,0.0,0.0,0.0,0.0,0.0,0.0,0.0,5.0,12.0,1.0,12.15,5.01,2.51,1.49,0.0,0.0,0.0,0.4,0.0,-0.9,0.0,1.0,-169.60000000000002,0.0,0.0,169.70000000000002,0.0,21.9,29.200000000000003,29.200000000000003,29.8,300.0,300.0,31.4,35.5,29.1,28.3,30.200000000000003,4.96,2.0,4.97,0.16,0.0,0.0,1027.0,8228.0,0.0,0.0,0.0,0.0,0.0,1.0,0.0,0.0,0.0,0.0,0.0,0.8,0.0,-0.9,0.0,0.0,16.0,25903.0
2026-07-30T19:01:19.425Z,248.908,248.922,0.0,7.4,0.0,0.0,0.0,0.0,0.0,0.0,0.0,0.0,1.0,0.0,0.0,0.0,9.0,4.0,0.0,0.0,0.0,0.0,0.0,0.0,0.0,0.0,6.0,12.0,1.0,12.15,5.01,2.51,1.49,0.0,0.0,0.0,0.4,0.0,-0.3,-0.4,1.0,-169.60000000000002,0.0,0.0,169.70000000000002,0.0,21.9,29.200000000000003,29.200000000000003,29.8,300.0,300.0,31.4,35.5,29.1,28.3,30.200000000000003,4.96,2.0,4.96,0.16,0.0,0.0,1027.0,8228.0,0.0,0.0,0.0,0.0,0.0,1.0,0.0,0.0,0.0,0.0,0.0,0.2,0.0,-1.0,0.0,0.0001,16.0,25903.0
2026-07-30T19:01:19.436Z,248.919,248.934,0.0,7.4,0.0,0.0,0.0,0.0,0.0,0.0,0.0,0.0,1.0,0.0,0.0,0.0,9.0,4.0,0.0,0.0,0.0,0.0,0.0,0.0,0.0,0.0,1.0,12.0,1.0,12.15,5.01,2.51,1.49,0.0,0.0,0.0,0.4,0.0,-0.3,0.0,-1.2000000000000002,-169.60000000000002,0.0,0.0,169.60000000000002,0.0,21.9,29.200000000000003,29.200000000000003,29.8,300.0,300.0,31.4,35.5,29.1,28.3,30.200000000000003,4.95,1.99,4.97,0.16,0.0,0.0,1027.0,8228.0,0.0,0.0,0.0,0.0,0.0,1.0,0.0,0.0,0.0,0.0,0.0,-0.8,0.0,1.1,0.0,0.0001,16.0,25903.0
2026-07-30T19:01:19.449Z,248.932,248.946,0.0,7.4,0.0,0.0,0.0,0.0,0.0,0.0,0.0,0.0,1.0,0.0,0.0,0.0,9.0,4.0,0.0,0.0,0.0,0.0,0.0,0.0,0.0,0.0,2.0,12.0,1.0,12.15,5.01,2.51,1.49,0.0,0.0,0.0,0.4,0.0,0.1,0.6000000000000001,1.5,-169.60000000000002,0.0,0.0,169.60000000000002,0.0,21.9,29.200000000000003,29.200000000000003,29.8,300.0,300.0,31.4,35.5,29.1,28.3,30.200000000000003,4.95,1.99,4.96,0.16,0.0,0.0,1027.0,8228.0,0.0,0.0,0.0,0.0,0.0,1.0,0.0,0.0,0.0,0.0,0.0,1.9,0.0,-1.2000000000000002,0.0,0.0,16.0,25903.0
2026-07-30T19:01:19.461Z,248.944,248.958,0.0,7.4,0.0,0.0,0.0,0.0,0.0,0.0,0.0,0.0,1.0,0.0,0.0,0.0,9.0,4.0,0.0,0.0,0.0,0.0,0.0,0.0,0.0,0.0,4.0,12.0,1.0,12.15,5.01,2.51,1.49,0.0,0.0,0.0,0.4,0.0,-1.0,0.1,-0.7000000000000001,-169.60000000000002,0.0,0.0,169.60000000000002,0.0,21.9,29.200000000000003,29.200000000000003,29.8,300.0,300.0,31.4,35.5,29.1,28.3,30.200000000000003,4.96,1.99,4.96,0.16,0.0,0.0,1027.0,8228.0,0.0,0.0,0.0,0.0,0.0,1.0,0.0,0.0,0.0,0.0,0.0,-0.4,0.0,0.7000000000000001,0.0,0.0,16.0,25903.0
2026-07-30T19:01:19.474Z,248.957,248.97,0.0,7.4,0.0,0.0,0.0,0.0,0.0,0.0,0.0,0.0,1.0,0.0,0.0,0.0,9.0,4.0,0.0,0.0,0.0,0.0,0.0,0.0,0.0,0.0,5.0,12.0,1.0,12.13,5.01,2.5,1.49,0.0,0.0,0.0,0.4,0.0,0.7000000000000001,0.1,1.0,-169.60000000000002,0.0,0.0,169.60000000000002,0.0,21.700000000000003,29.200000000000003,29.200000000000003,29.8,300.0,300.0,31.5,35.5,29.1,28.3,30.200000000000003,4.95,1.99,4.97,0.16,0.0,0.0,1027.0,8228.0,0.0,0.0,0.0,0.0,0.0,1.0,0.0,0.0,0.0,0.0,0.0,0.8,0.0,-0.8,0.0,0.0,16.0,25903.0
2026-07-30T19:01:19.485Z,248.968,248.982,0.0,7.4,0.0,0.0,0.0,0.0,0.0,0.0,0.0,0.0,1.0,0.0,0.0,0.0,9.0,4.0,0.0,0.0,0.0,0.0,0.0,0.0,0.0,0.0,6.0,12.0,1.0,12.13,5.01,2.5,1.49,0.0,0.1,0.0,0.4,0.0,0.1,-0.4,-0.7000000000000001,-169.60000000000002,0.0,0.0,169.70000000000002,0.0,21.700000000000003,29.200000000000003,29.200000000000003,29.8,300.0,300.0,31.5,35.5,29.1,28.3,30.200000000000003,4.96,1.99,4.96,0.16,0.0,0.0,1027.0,8228.0,0.0,0.0,0.0,0.0,0.0,1.0,0.0,0.0,0.0,0.0,0.0,-1.0,0.0,0.5,0.0,0.0,16.0,25903.0
2026-07-30T19:01:19.496Z,248.979,248.994,0.0,7.4,0.0,0.0,0.0,0.0,0.0,0.0,0.0,0.0,1.0,0.0,0.0,0.0,9.0,4.0,0.0,0.0,0.0,0.0,0.0,0.0,0.0,0.0,1.0,12.0,1.0,12.13,5.01,2.5,1.49,0.0,0.0,0.0,0.4,0.0,-1.0,0.1,-1.2000000000000002,-169.60000000000002,0.0,0.0,169.8,0.0,21.700000000000003,29.200000000000003,29.200000000000003,29.8,300.0,300.0,31.5,35.5,29.1,28.3,30.200000000000003,4.96,1.99,4.96,0.16,0.0,0.0,1027.0,8228.0,0.0,0.0,0.0,0.0,0.0,1.0,0.0,0.0,0.0,0.0,0.0,-0.8,0.0,1.1,0.0,0.0001,16.0,25903.0
2026-07-30T19:01:19.512Z,248.995,249.006,0.0,7.4,0.0,0.0,0.0,0.0,0.0,0.0,0.0,0.0,1.0,0.0,0.0,0.0,9.0,4.0,0.0,0.0,0.0,0.0,0.0,0.0,0.0,0.0,1.0,12.0,1.0,12.13,5.01,2.5,1.49,0.0,0.0,0.0,0.4,0.0,0.1,0.1,0.4,-169.60000000000002,0.0,0.0,169.70000000000002,0.0,21.700000000000003,29.200000000000003,29.200000000000003,29.8,300.0,300.0,31.5,35.5,29.1,28.3,30.200000000000003,4.95,1.99,4.96,0.16,0.0,0.0,1027.0,8228.0,0.0,0.0,0.0,0.0,0.0,1.0,0.0,0.0,0.0,0.0,0.0,0.4,0.0,-0.3,0.0,0.0002,16.0,25903.0
2026-07-30T19:01:19.521Z,249.004,249.018,0.0,7.4,0.0,0.0,0.0,0.0,0.0,0.0,0.0,0.0,1.0,0.0,0.0,0.0,9.0,4.0,0.0,0.0,0.0,0.0,0.0,0.0,0.0,0.0,6.0,12.0,1.0,12.13,5.01,2.5,1.49,0.0,0.0,0.0,0.4,0.0,-0.3,0.1,-0.6000000000000001,-169.60000000000002,0.0,0.0,169.8,0.0,21.700000000000003,29.200000000000003,29.200000000000003,29.8,300.0,300.0,31.5,35.5,29.1,28.3,30.200000000000003,4.95,1.99,4.97,0.16,0.0,0.0,1027.0,8228.0,0.0,0.0,0.0,0.0,0.0,1.0,0.0,0.0,0.0,0.0,0.0,-0.3,0.0,0.6000000000000001,0.0,0.0,16.0,25903.0
2026-07-30T19:01:19.533Z,249.016,249.03,0.0,7.4,0.0,0.0,0.0,0.0,0.0,0.0,0.0,0.0,1.0,0.0,0.0,0.0,9.0,4.0,0.0,0.0,0.0,0.0,0.0,0.0,0.0,0.0,2.0,12.0,1.0,12.13,5.01,2.5,1.49,0.0,0.0,0.0,0.4,0.0,0.2,0.1,1.0,-169.60000000000002,0.0,0.0,169.70000000000002,0.0,21.700000000000003,29.200000000000003,29.200000000000003,29.8,300.0,300.0,31.5,35.5,29.1,28.3,30.200000000000003,4.96,2.0,4.96,0.16,0.0,0.0,1027.0,8228.0,0.0,0.0,0.0,0.0,0.0,1.0,0.0,0.0,0.0,0.0,0.0,0.9,0.0,-0.9,0.0,0.0001,16.0,25903.0
2026-07-30T19:01:19.544Z,249.027,249.042,0.0,7.4,0.0,0.0,0.0,0.0,0.0,0.0,0.0,0.0,1.0,0.0,0.0,0.0,9.0,4.0,0.0,0.0,0.0,0.0,0.0,0.0,0.0,0.0,4.0,12.0,1.0,12.13,5.01,2.5,1.49,0.0,0.1,0.0,0.4,0.0,-0.3,0.1,-1.2000000000000002,-169.60000000000002,0.0,0.0,169.8,0.0,21.700000000000003,29.200000000000003,29.200000000000003,29.8,300.0,300.0,31.5,35.5,29.1,28.3,30.200000000000003,4.96,1.99,4.97,0.16,0.0,0.0,1027.0,8228.0,0.0,0.0,0.0,0.0,0.0,1.0,0.0,0.0,0.0,0.0,0.0,-0.8,0.0,1.1,0.0,0.0,16.0,25903.0
2026-07-30T19:01:19.556Z,249.039,249.054,0.0,7.4,0.0,0.0,0.0,0.0,0.0,0.0,0.0,0.0,1.0,0.0,0.0,0.0,9.0,4.0,0.0,0.0,0.0,0.0,0.0,0.0,0.0,0.0,5.0,12.0,1.0,12.13,5.01,2.5,1.49,0.0,0.0,0.0,0.4,0.0,0.2,1.2000000000000002,-0.6000000000000001,-169.60000000000002,0.0,0.0,169.70000000000002,0.0,21.700000000000003,29.200000000000003,29.200000000000003,29.8,300.0,300.0,31.5,35.5,29.1,28.3,30.200000000000003,4.95,1.99,4.97,0.16,0.0,0.0,1027.0,8228.0,0.0,0.0,0.0,0.0,0.0,1.0,0.0,0.0,0.0,0.0,0.0,0.9,0.0,0.8,0.0,0.0001,16.0,25903.0
2026-07-30T19:01:19.569Z,249.052,249.066,0.0,7.4,0.0,0.0,0.0,0.0,0.0,0.0,0.0,0.0,1.0,0.0,0.0,0.0,9.0,4.0,0.0,0.0,0.0,0.0,0.0,0.0,0.0,0.0,6.0,12.0,1.0,12.13,5.01,2.5,1.49,0.0,0.0,0.0,0.4,0.0,0.2,-0.4,0.0,-169.60000000000002,0.0,0.0,169.70000000000002,0.0,21.700000000000003,29.200000000000003,29.200000000000003,29.8,300.0,300.0,31.5,35.5,29.1,28.3,30.200000000000003,4.96,1.99,4.97,0.16,0.0,0.0,1027.0,8228.0,0.0,0.0,0.0,0.0,0.0,1.0,0.0,0.0,0.0,0.0,0.0,-0.5,0.0,0.0,0.0,0.0002,16.0,25903.0
2026-07-30T19:01:19.581Z,249.064,249.078,0.0,7.4,0.0,0.0,0.0,0.0,0.0,0.0,0.0,0.0,1.0,0.0,0.0,0.0,9.0,4.0,0.0,0.0,0.0,0.0,0.0,0.0,0.0,0.0,2.0,12.0,1.0,12.14,5.0200000000000005,2.51,1.5,0.0,0.0,0.0,0.4,0.0,-0.3,-0.4,-1.2000000000000002,-169.60000000000002,0.0,0.0,169.70000000000002,0.0,21.8,29.200000000000003,29.200000000000003,29.8,300.0,300.0,31.5,35.5,29.1,28.3,30.200000000000003,4.95,2.0,4.96,0.16,0.0,0.0,1027.0,8228.0,0.0,0.0,0.0,0.0,0.0,1.0,0.0,0.0,0.0,0.0,0.0,-1.4,0.0,0.9,0.0,0.0,16.0,25903.0
2026-07-30T19:01:19.592Z,249.075,249.09,0.0,7.4,0.0,0.0,0.0,0.0,0.0,0.0,0.0,0.0,1.0,0.0,0.0,0.0,9.0,4.0,0.0,0.0,0.0,0.0,0.0,0.0,0.0,0.0,3.0,12.0,1.0,12.14,5.0200000000000005,2.51,1.5,0.0,0.0,0.0,0.4,0.0,-0.3,0.1,0.5,-169.60000000000002,0.0,0.0,169.70000000000002,0.0,21.8,29.200000000000003,29.200000000000003,29.8,300.0,300.0,31.5,35.5,29.1,28.3,30.200000000000003,4.95,1.99,4.97,0.16,0.0,0.0,1027.0,8228.0,0.0,0.0,0.0,0.0,0.0,1.0,0.0,0.0,0.0,0.0,0.0,0.5,0.0,-0.4,0.0,0.0,16.0,25903.0
2026-07-30T19:01:19.605Z,249.088,249.102,0.0,7.4,0.0,0.0,0.0,0.0,0.0,0.0,0.0,0.0,1.0,0.0,0.0,0.0,9.0,4.0,0.0,0.0,0.0,0.0,0.0,0.0,0.0,0.0,4.0,12.0,1.0,12.14,5.0200000000000005,2.51,1.5,0.0,0.0,0.0,0.4,0.0,-0.8,1.3,0.5,-169.60000000000002,0.0,0.0,169.70000000000002,0.0,21.8,29.200000000000003,29.200000000000003,29.8,300.0,300.0,31.5,35.5,29.1,28.3,30.200000000000003,4.95,1.99,4.97,0.16,0.0,0.0,1027.0,8228.0,0.0,0.0,0.0,0.0,0.0,1.0,0.0,0.0,0.0,0.0,0.0,1.9,0.0,-0.2,0.0,0.0,16.0,25903.0
2026-07-30T19:01:19.617Z,249.1,249.114,0.0,7.4,0.0,0.0,0.0,0.0,0.0,0.0,0.0,0.0,1.0,0.0,0.0,0.0,9.0,4.0,0.0,0.0,0.0,0.0,0.0,0.0,0.0,0.0,6.0,12.0,1.0,12.14,5.0200000000000005,2.51,1.5,0.0,0.0,0.0,0.4,0.0,0.2,-0.3,0.0,-169.60000000000002,0.0,0.0,169.8,0.0,21.8,29.200000000000003,29.200000000000003,29.8,300.0,300.0,31.5,35.5,29.1,28.3,30.200000000000003,4.96,1.99,4.96,0.16,0.0,0.0,1027.0,8228.0,0.0,0.0,0.0,0.0,0.0,1.0,0.0,0.0,0.0,0.0,0.0,-0.4,0.0,0.0,0.0,0.0,16.0,25903.0
2026-07-30T19:01:19.629Z,249.112,249.126,0.0,7.4,0.0,0.0,0.0,0.0,0.0,0.0,0.0,0.0,1.0,0.0,0.0,0.0,9.0,4.0,0.0,0.0,0.0,0.0,0.0,0.0,0.0,0.0,1.0,12.0,1.0,12.14,5.0200000000000005,2.51,1.5,0.0,0.0,0.0,0.4,0.0,0.2,-0.4,1.7000000000000002,-169.60000000000002,0.0,0.0,169.60000000000002,0.0,21.8,29.200000000000003,29.200000000000003,29.8,300.0,300.0,31.5,35.5,29.1,28.3,30.200000000000003,4.95,1.99,4.97,0.16,0.0,0.0,1027.0,8228.0,0.0,0.0,0.0,0.0,0.0,1.0,0.0,0.0,0.0,0.0,0.0,0.7000000000000001,0.0,-1.5,0.0,0.0002,16.0,25903.0
2026-07-30T19:01:19.640Z,249.123,249.138,0.0,7.4,0.0,0.0,0.0,0.0,0.0,0.0,0.0,0.0,1.0,0.0,0.0,0.0,9.0,4.0,0.0,0.0,0.0,0.0,0.0,0.0,0.0,0.0,3.0,12.0,1.0,12.14,5.0200000000000005,2.51,1.5,0.0,0.0,0.0,0.4,0.0,-0.3,-0.4,0.0,-169.60000000000002,0.0,0.0,169.70000000000002,0.0,21.8,29.200000000000003,29.200000000000003,29.8,300.0,300.0,31.5,35.5,29.1,28.3,30.200000000000003,4.95,2.0,4.97,0.16,0.0,0.0,1027.0,8228.0,0.0,0.0,0.0,0.0,0.0,1.0,0.0,0.0,0.0,0.0,0.0,-0.5,0.0,0.0,0.0,0.0001,16.0,25903.0
2026-07-30T19:01:19.653Z,249.136,249.15,0.0,7.4,0.0,0.0,0.0,0.0,0.0,0.0,0.0,0.0,1.0,0.0,0.0,0.0,9.0,4.0,0.0,0.0,0.0,0.0,0.0,0.0,0.0,0.0,4.0,12.0,1.0,12.14,5.0200000000000005,2.51,1.5,0.0,0.1,0.0,0.4,0.0,-0.3,0.7000000000000001,0.0,-169.60000000000002,0.0,0.0,169.8,0.0,21.8,29.200000000000003,29.200000000000003,29.8,300.0,300.0,31.5,35.5,29.1,28.3,30.200000000000003,4.96,2.0,4.97,0.16,0.0,0.0,1027.0,8228.0,0.0,0.0,0.0,0.0,0.0,1.0,0.0,0.0,0.0,0.0,0.0,0.7000000000000001,0.0,0.1,0.0,0.0001,16.0,25903.0
2026-07-30T19:01:19.664Z,249.147,249.162,0.0,7.4,0.0,0.0,0.0,0.0,0.0,0.0,0.0,0.0,1.0,0.0,0.0,0.0,9.0,4.0,0.0,0.0,0.0,0.0,0.0,0.0,0.0,0.0,6.0,12.0,1.0,12.14,5.0200000000000005,2.51,1.5,0.0,0.1,0.0,0.4,0.0,-0.2,0.7000000000000001,1.7000000000000002,-169.60000000000002,0.0,0.0,169.70000000000002,0.0,21.8,29.200000000000003,29.200000000000003,29.8,300.0,300.0,31.5,35.5,29.1,28.3,30.200000000000003,4.96,2.0,4.96,0.17,0.0,0.0,1027.0,8228.0,0.0,0.0,0.0,0.0,0.0,1.0,0.0,0.0,0.0,0.0,0.0,2.1,0.0,-1.3,0.0,0.0001,16.0,25903.0
2026-07-30T19:01:19.678Z,249.161,249.174,0.0,7.4,0.0,0.0,0.0,0.0,0.0,0.0,0.0,0.0,1.0,0.0,0.0,0.0,9.0,4.0,0.0,0.0,0.0,0.0,0.0,0.0,0.0,0.0,1.0,12.0,1.0,12.17,5.0200000000000005,2.51,1.5,0.0,0.1,0.0,0.4,0.0,0.2,0.1,1.1,-169.60000000000002,0.0,0.0,169.8,0.0,21.4,29.200000000000003,29.200000000000003,29.8,300.0,300.0,31.5,35.5,29.1,28.3,30.200000000000003,4.95,1.99,4.97,0.17,0.0,0.0,1027.0,8228.0,0.0,0.0,0.0,0.0,0.0,1.0,0.0,0.0,0.0,0.0,0.0,1.0,0.0,-0.9,0.0,0.0,16.0,25903.0
2026-07-30T19:01:19.689Z,249.172,249.186,0.0,7.4,0.0,0.0,0.0,0.0,0.0,0.0,0.0,0.0,1.0,0.0,0.0,0.0,9.0,4.0,0.0,0.0,0.0,0.0,0.0,0.0,0.0,0.0,2.0,12.0,1.0,12.17,5.0200000000000005,2.51,1.5,0.0,0.0,0.0,0.4,0.0,-0.9,-0.4,0.0,-169.60000000000002,0.0,0.0,169.70000000000002,0.0,21.4,29.200000000000003,29.200000000000003,29.8,300.0,300.0,31.5,35.5,29.1,28.3,30.200000000000003,4.95,1.99,4.96,0.16,0.0,0.0,1027.0,8228.0,0.0,0.0,0.0,0.0,0.0,1.0,0.0,0.0,0.0,0.0,0.0,-0.4,0.0,0.0,0.0,0.0001,16.0,25903.0
2026-07-30T19:01:19.701Z,249.184,249.198,0.0,7.4,0.0,0.0,0.0,0.0,0.0,0.0,0.0,0.0,1.0,0.0,0.0,0.0,9.0,4.0,0.0,0.0,0.0,0.0,0.0,0.0,0.0,0.0,3.0,12.0,1.0,12.17,5.0200000000000005,2.51,1.5,0.0,0.0,0.0,0.4,0.0,-0.3,0.7000000000000001,-0.6000000000000001,-169.70000000000002,0.0,0.0,169.8,0.0,21.4,29.200000000000003,29.200000000000003,29.8,300.0,300.0,31.5,35.5,29.1,28.3,30.200000000000003,4.96,1.99,4.96,0.16,0.0,0.0,1027.0,8228.0,0.0,0.0,0.0,0.0,0.0,1.0,0.0,0.0,0.0,0.0,0.0,0.3,0.0,0.7000000000000001,0.0,0.0002,16.0,25903.0
2026-07-30T19:01:19.713Z,249.196,249.21,0.0,7.4,0.0,0.0,0.0,0.0,0.0,0.0,0.0,0.0,1.0,0.0,0.0,0.0,9.0,4.0,0.0,0.0,0.0,0.0,0.0,0.0,0.0,0.0,4.0,12.0,1.0,12.17,5.0200000000000005,2.51,1.5,0.0,0.0,0.0,0.4,0.0,-0.9,-0.3,0.0,-169.70000000000002,0.0,0.0,169.8,0.0,21.4,29.200000000000003,29.200000000000003,29.8,300.0,300.0,31.5,35.5,29.1,28.3,30.200000000000003,4.95,1.99,4.97,0.16,0.0,0.0,1027.0,8228.0,0.0,0.0,0.0,0.0,0.0,1.0,0.0,0.0,0.0,0.0,0.0,-0.4,0.0,0.0,0.0,0.0,16.0,25903.0
2026-07-30T19:01:19.725Z,249.208,249.222,0.0,7.4,0.0,0.0,0.0,0.0,0.0,0.0,0.0,0.0,1.0,0.0,0.0,0.0,9.0,4.0,0.0,0.0,0.0,0.0,0.0,0.0,0.0,0.0,5.0,12.0,1.0,12.17,5.0200000000000005,2.51,1.5,0.0,0.1,0.0,0.4,0.0,0.2,0.2,1.0,-169.70000000000002,0.0,0.0,169.8,0.0,21.4,29.200000000000003,29.200000000000003,29.8,300.0,300.0,31.5,35.5,29.1,28.3,30.200000000000003,4.96,1.99,4.96,0.16,0.0,0.0,1027.0,8228.0,0.0,0.0,0.0,0.0,0.0,1.0,0.0,0.0,0.0,0.0,0.0,1.0,0.0,-0.8,0.0,0.0002,16.0,25903.0
2026-07-30T19:01:19.736Z,249.219,249.234,0.0,7.4,0.0,0.0,0.0,0.0,0.0,0.0,0.0,0.0,1.0,0.0,0.0,0.0,9.0,4.0,0.0,0.0,0.0,0.0,0.0,0.0,0.0,0.0,6.0,12.0,1.0,12.17,5.0200000000000005,2.51,1.5,0.0,0.0,0.0,0.4,0.0,-0.3,-0.3,-0.6000000000000001,-169.70000000000002,0.0,0.0,169.70000000000002,0.0,21.4,29.200000000000003,29.200000000000003,29.8,300.0,300.0,31.5,35.5,29.1,28.3,30.200000000000003,4.96,1.99,4.96,0.16,0.0,0.0,1027.0,8228.0,0.0,0.0,0.0,0.0,0.0,1.0,0.0,0.0,0.0,0.0,0.0,-0.8,0.0,0.4,0.0,0.0,16.0,25903.0
2026-07-30T19:01:19.749Z,249.232,249.246,0.0,7.4,0.0,0.0,0.0,0.0,0.0,0.0,0.0,0.0,1.0,0.0,0.0,0.0,9.0,4.0,0.0,0.0,0.0,0.0,0.0,0.0,0.0,0.0,2.0,12.0,1.0,12.17,5.0200000000000005,2.51,1.5,0.0,0.0,0.0,0.4,0.0,-0.3,0.2,-0.7000000000000001,-169.70000000000002,0.0,0.0,169.70000000000002,0.0,21.4,29.200000000000003,29.200000000000003,29.8,300.0,300.0,31.5,35.5,29.1,28.3,30.200000000000003,4.95,1.99,4.96,0.16,0.0,0.0,1027.0,8228.0,0.0,0.0,0.0,0.0,0.0,1.0,0.0,0.0,0.0,0.0,0.0,-0.2,0.0,0.6000000000000001,0.0,0.0,16.0,25903.0
2026-07-30T19:01:19.761Z,249.244,249.258,0.0,7.4,0.0,0.0,0.0,0.0,0.0,0.0,0.0,0.0,1.0,0.0,0.0,0.0,9.0,4.0,0.0,0.0,0.0,0.0,0.0,0.0,0.0,0.0,3.0,12.0,1.0,12.17,5.0200000000000005,2.51,1.5,0.0,0.0,0.0,0.4,0.0,0.2,-0.9,-1.3,-169.70000000000002,0.0,0.0,169.8,0.0,21.4,29.200000000000003,29.200000000000003,29.8,300.0,300.0,31.5,35.5,29.1,28.3,30.200000000000003,4.96,1.99,4.97,0.16,0.0,0.0,1027.0,8228.0,0.0,0.0,0.0,0.0,0.0,1.0,0.0,0.0,0.0,0.0,0.0,-2.0,0.0,0.9,0.0,0.0,16.0,25903.0
2026-07-30T19:01:19.774Z,249.257,249.27,0.0,7.4,0.0,0.0,0.0,0.0,0.0,0.0,0.0,0.0,1.0,0.0,0.0,0.0,9.0,4.0,0.0,0.0,0.0,0.0,0.0,0.0,0.0,0.0,4.0,12.0,1.0,12.17,5.0200000000000005,2.51,1.5,0.0,0.0,0.0,0.4,0.0,-0.9,-0.9,0.4,-169.70000000000002,0.0,0.0,169.70000000000002,0.0,21.4,29.200000000000003,29.200000000000003,29.8,300.0,300.0,31.5,35.5,29.1,28.3,30.200000000000003,4.96,1.99,4.96,0.16,0.0,0.0,1027.0,8228.0,0.0,0.0,0.0,0.0,0.0,1.0,0.0,0.0,0.0,0.0,0.0,-0.7000000000000001,0.0,-0.6000000000000001,0.0,0.0,16.0,25903.0
2026-07-30T19:01:19.785Z,249.268,249.282,0.0,7.4,0.0,0.0,0.0,0.0,0.0,0.0,0.0,0.0,1.0,0.0,0.0,0.0,9.0,4.0,0.0,0.0,0.0,0.0,0.0,0.0,0.0,0.0,4.0,12.0,1.0,12.17,5.01,2.51,1.49,0.0,0.0,0.0,0.4,0.0,0.2,0.1,1.0,-169.70000000000002,0.0,0.0,169.70000000000002,0.0,21.3,29.200000000000003,29.200000000000003,29.8,300.0,300.0,31.5,35.5,29.1,28.3,30.200000000000003,4.96,1.99,4.97,0.16,0.0,0.0,1027.0,8228.0,0.0,0.0,0.0,0.0,0.0,1.0,0.0,0.0,0.0,0.0,0.0,0.9,0.0,-0.8,0.0,0.0,16.0,25903.0
2026-07-30T19:01:19.797Z,249.28,249.294,0.0,7.4,0.0,0.0,0.0,0.0,0.0,0.0,0.0,0.0,1.0,0.0,0.0,0.0,9.0,4.0,0.0,0.0,0.0,0.0,0.0,0.0,0.0,0.0,6.0,12.0,1.0,12.17,5.01,2.51,1.49,0.0,0.0,0.0,0.4,0.0,-0.3,0.7000000000000001,0.4,-169.70000000000002,0.0,0.0,169.70000000000002,0.0,21.3,29.200000000000003,29.200000000000003,29.8,300.0,300.0,31.5,35.5,29.1,28.3,30.200000000000003,4.96,1.99,4.97,0.16,0.0,0.0,1027.0,8228.0,0.0,0.0,0.0,0.0,0.0,1.0,0.0,0.0,0.0,0.0,0.0,1.2000000000000002,0.0,-0.2,0.0,0.0001,16.0,25903.0
2026-07-30T19:01:19.808Z,249.291,249.306,0.0,7.4,0.0,0.0,0.0,0.0,0.0,0.0,0.0,0.0,1.0,0.0,0.0,0.0,9.0,4.0,0.0,0.0,0.0,0.0,0.0,0.0,0.0,0.0,1.0,12.0,1.0,12.17,5.01,2.51,1.49,0.0,0.0,0.0,0.4,0.0,0.1,0.1,1.0,-169.70000000000002,0.0,0.0,169.70000000000002,0.0,21.3,29.200000000000003,29.200000000000003,29.8,300.0,300.0,31.5,35.5,29.1,28.3,30.200000000000003,4.96,1.99,4.96,0.16,0.0,0.0,1027.0,8228.0,0.0,0.0,0.0,0.0,0.0,1.0,0.0,0.0,0.0,0.0,0.0,0.9,0.0,-0.8,0.0,0.0,16.0,25903.0
2026-07-30T19:01:19.825Z,249.308,249.318,0.0,7.4,0.0,0.0,0.0,0.0,0.0,0.0,0.0,0.0,1.0,0.0,0.0,0.0,9.0,4.0,0.0,0.0,0.0,0.0,0.0,0.0,0.0,0.0,2.0,12.0,1.0,12.17,5.01,2.51,1.49,0.0,0.0,0.0,0.4,0.0,-0.4,-0.5,0.4,-169.70000000000002,0.0,0.0,169.8,0.0,21.3,29.200000000000003,29.200000000000003,29.8,300.0,300.0,31.5,35.5,29.1,28.3,30.200000000000003,4.95,1.99,4.96,0.16,0.0,0.0,1027.0,8228.0,0.0,0.0,0.0,0.0,0.0,1.0,0.0,0.0,0.0,0.0,0.0,-0.2,0.0,-0.4,0.0,0.0001,16.0,25903.0
2026-07-30T19:01:19.833Z,249.316,249.33,0.0,7.4,0.0,0.0,0.0,0.0,0.0,0.0,0.0,0.0,1.0,0.0,0.0,0.0,9.0,4.0,0.0,0.0,0.0,0.0,0.0,0.0,0.0,0.0,1.0,12.0,1.0,12.17,5.01,2.51,1.49,0.0,0.0,0.0,0.4,0.0,0.7000000000000001,0.6000000000000001,2.2,-169.70000000000002,0.0,0.0,169.8,0.0,21.3,29.200000000000003,29.200000000000003,29.8,300.0,300.0,31.5,35.5,29.1,28.3,30.200000000000003,4.95,1.99,4.97,0.16,0.0,0.0,1027.0,8228.0,0.0,0.0,0.0,0.0,0.0,1.0,0.0,0.0,0.0,0.0,0.0,2.4000000000000004,0.0,-1.8,0.0,0.0002,16.0,25903.0
2026-07-30T19:01:19.844Z,249.327,249.342,0.0,7.4,0.0,0.0,0.0,0.0,0.0,0.0,0.0,0.0,1.0,0.0,0.0,0.0,9.0,4.0,0.0,0.0,0.0,0.0,0.0,0.0,0.0,0.0,2.0,12.0,1.0,12.17,5.01,2.51,1.49,0.0,0.0,0.0,0.4,0.0,0.2,0.7000000000000001,0.4,-169.70000000000002,0.0,0.0,169.70000000000002,0.0,21.3,29.200000000000003,29.200000000000003,29.8,300.0,300.0,31.5,35.5,29.1,28.3,30.200000000000003,4.95,2.0,4.97,0.16,0.0,0.0,1027.0,8228.0,0.0,0.0,0.0,0.0,0.0,1.0,0.0,0.0,0.0,0.0,0.0,1.1,0.0,-0.2,0.0,0.0,16.0,25903.0
2026-07-30T19:01:19.857Z,249.34,249.354,0.0,7.4,0.0,0.0,0.0,0.0,0.0,0.0,0.0,0.0,1.0,0.0,0.0,0.0,9.0,4.0,0.0,0.0,0.0,0.0,0.0,0.0,0.0,0.0,3.0,12.0,1.0,12.17,5.01,2.51,1.49,0.0,0.0,0.0,0.5,0.0,-0.4,-1.0,-1.8,-169.70000000000002,0.0,0.0,169.70000000000002,0.0,21.3,29.200000000000003,29.200000000000003,29.8,300.0,300.0,31.5,35.5,29.1,28.3,30.200000000000003,4.96,2.0,4.96,0.16,0.0,0.0,1027.0,8228.0,0.0,0.0,0.0,0.0,0.0,1.0,0.0,0.0,0.0,0.0,0.0,-2.5,0.0,1.4,0.0,0.0001,16.0,25903.0
2026-07-30T19:01:19.869Z,249.352,249.366,0.0,7.4,0.0,0.0,0.0,0.0,0.0,0.0,0.0,0.0,1.0,0.0,0.0,0.0,9.0,4.0,0.0,0.0,0.0,0.0,0.0,0.0,0.0,0.0,4.0,12.0,1.0,12.17,5.01,2.51,1.49,0.0,0.0,0.0,0.4,0.0,-0.4,-0.4,0.4,-169.70000000000002,0.0,0.0,169.8,0.0,21.3,29.200000000000003,29.200000000000003,29.8,300.0,300.0,31.5,35.5,29.1,28.3,30.200000000000003,4.95,1.99,4.97,0.16,0.0,0.0,1027.0,8228.0,0.0,0.0,0.0,0.0,0.0,1.0,0.0,0.0,0.0,0.0,0.0,-0.2,0.0,-0.4,0.0,0.0002,16.0,25903.0
2026-07-30T19:01:19.882Z,249.365,249.378,0.0,7.4,0.0,0.0,0.0,0.0,0.0,0.0,0.0,0.0,1.0,0.0,0.0,0.0,9.0,4.0,0.0,0.0,0.0,0.0,0.0,0.0,0.0,0.0,5.0,12.0,1.0,12.17,5.01,2.51,1.49,0.0,0.1,0.0,0.4,0.0,-0.4,-0.5,-1.3,-169.70000000000002,0.0,0.0,169.70000000000002,0.0,21.3,29.200000000000003,29.200000000000003,29.8,300.0,300.0,31.4,35.5,29.1,28.3,30.200000000000003,4.95,1.99,4.96,0.16,0.0,0.0,1027.0,8228.0,0.0,0.0,0.0,0.0,0.0,1.0,0.0,0.0,0.0,0.0,0.0,0.4,0.0,-0.3,0.0,0.0001,16.0,25903.0
2026-07-30T19:01:19.893Z,249.376,249.39,0.0,7.4,0.0,0.0,0.0,0.0,0.0,0.0,0.0,0.0,1.0,0.0,0.0,0.0,9.0,4.0,0.0,0.0,0.0,0.0,0.0,0.0,0.0,0.0,6.0,12.0,1.0,12.17,5.01,2.51,1.49,0.0,0.0,0.0,0.4,0.0,0.1,1.2000000000000002,-0.7000000000000001,-169.70000000000002,0.0,0.0,169.8,0.0,21.3,29.200000000000003,29.200000000000003,29.8,300.0,300.0,31.4,35.5,29.1,28.3,30.200000000000003,4.96,2.0,4.96,0.16,0.0,0.0,1027.0,8228.0,0.0,0.0,0.0,0.0,0.0,1.0,0.0,0.0,0.0,0.0,0.0,0.7000000000000001,0.0,0.2,0.0,0.0,16.0,25903.0
2026-07-30T19:01:19.905Z,249.388,249.402,0.0,7.4,0.0,0.0,0.0,0.0,0.0,0.0,0.0,0.0,1.0,0.0,0.0,0.0,9.0,4.0,0.0,0.0,0.0,0.0,0.0,0.0,0.0,0.0,1.0,12.0,1.0,12.17,5.01,2.51,1.49,0.0,0.0,0.0,0.4,0.0,0.7000000000000001,0.1,1.0,-169.70000000000002,0.0,0.0,169.8,0.0,21.3,29.200000000000003,29.200000000000003,29.8,300.0,300.0,31.4,35.5,29.1,28.3,30.200000000000003,4.95,2.0,4.96,0.16,0.0,0.0,1027.0,8228.0,0.0,0.0,0.0,0.0,0.0,1.0,0.0,0.0,0.0,0.0,0.0,-0.1,0.0,-0.4,0.0,0.0002,16.0,25903.0
2026-07-30T19:01:19.917Z,249.4,249.414,0.0,7.4,0.0,0.0,0.0,0.0,0.0,0.0,0.0,0.0,1.0,0.0,0.0,0.0,9.0,4.0,0.0,0.0,0.0,0.0,0.0,0.0,0.0,0.0,2.0,12.0,1.0,12.17,5.01,2.51,1.49,0.0,0.0,0.0,0.4,0.0,0.1,0.1,0.4,-169.70000000000002,0.0,0.0,169.70000000000002,0.0,21.3,29.200000000000003,29.200000000000003,29.8,300.0,300.0,31.4,35.5,29.1,28.3,30.200000000000003,4.95,1.99,4.97,0.16,0.0,0.0,1027.0,8228.0,0.0,0.0,0.0,0.0,0.0,1.0,0.0,0.0,0.0,0.0,0.0,0.7000000000000001,0.0,-1.5,0.0,0.0001,16.0,25903.0
2026-07-30T19:01:19.929Z,249.412,249.426,0.0,7.4,0.0,0.0,0.0,0.0,0.0,0.0,0.0,0.0,1.0,0.0,0.0,0.0,9.0,4.0,0.0,0.0,0.0,0.0,0.0,0.0,0.0,0.0,3.0,12.0,1.0,12.17,5.01,2.51,1.49,0.0,0.0,0.0,0.4,0.0,0.1,-0.4,-0.6000000000000001,-169.70000000000002,0.0,0.0,169.70000000000002,0.0,21.3,29.200000000000003,29.200000000000003,29.8,300.0,300.0,31.4,35.5,29.1,28.3,30.200000000000003,4.95,1.99,4.96,0.16,0.0,0.0,1027.0,8228.0,0.0,0.0,0.0,0.0,0.0,1.0,0.0,0.0,0.0,0.0,0.0,-1.0,0.0,0.5,0.0,0.0002,16.0,25903.0
2026-07-30T19:01:19.941Z,249.424,249.438,0.0,7.4,0.0,0.0,0.0,0.0,0.0,0.0,0.0,0.0,1.0,0.0,0.0,0.0,9.0,4.0,0.0,0.0,0.0,0.0,0.0,0.0,0.0,0.0,4.0,12.0,1.0,12.17,5.01,2.51,1.49,0.0,0.1,0.0,0.4,0.0,-0.9,0.7000000000000001,1.0,-169.70000000000002,0.0,0.0,169.8,0.0,21.3,29.200000000000003,29.200000000000003,29.8,300.0,300.0,31.4,35.5,29.1,28.3,30.200000000000003,4.96,1.99,4.96,0.16,0.0,0.0,1027.0,8228.0,0.0,0.0,0.0,0.0,0.0,1.0,0.0,0.0,0.0,0.0,0.0,1.6,0.0,-0.7000000000000001,0.0,0.0001,16.0,25903.0
2026-07-30T19:01:19.953Z,249.436,249.45,0.0,7.4,0.0,0.0,0.0,0.0,0.0,0.0,0.0,0.0,1.0,0.0,0.0,0.0,9.0,4.0,0.0,0.0,0.0,0.0,0.0,0.0,0.0,0.0,5.0,12.0,1.0,12.17,5.01,2.51,1.49,0.0,0.0,0.0,0.4,0.0,0.7000000000000001,-0.3,0.4,-169.70000000000002,0.0,0.0,169.8,0.0,21.3,29.200000000000003,29.200000000000003,29.8,300.0,300.0,31.4,35.5,29.1,28.3,30.200000000000003,4.95,1.99,4.97,0.16,0.0,0.0,1027.0,8228.0,0.0,0.0,0.0,0.0,0.0,1.0,0.0,0.0,0.0,0.0,0.0,-0.1,0.0,-0.4,0.0,0.0001,16.0,25903.0
2026-07-30T19:01:19.965Z,249.448,249.462,0.0,7.4,0.0,0.0,0.0,0.0,0.0,0.0,0.0,0.0,1.0,0.0,0.0,0.0,9.0,4.0,0.0,0.0,0.0,0.0,0.0,0.0,0.0,0.0,1.0,12.0,1.0,12.17,5.01,2.51,1.49,0.0,0.0,0.0,0.4,0.0,-0.4,0.1,0.4,-169.70000000000002,0.0,0.0,169.8,0.0,21.3,29.200000000000003,29.200000000000003,29.8,300.0,300.0,31.4,35.5,29.1,28.3,30.200000000000003,4.96,1.99,4.97,0.16,0.0,0.0,1027.0,8228.0,0.0,0.0,0.0,0.0,0.0,1.0,0.0,0.0,0.0,0.0,0.0,0.5,0.0,-0.3,0.0,0.0,16.0,25903.0
2026-07-30T19:01:19.976Z,249.459,249.474,0.0,7.4,0.0,0.0,0.0,0.0,0.0,0.0,0.0,0.0,1.0,0.0,0.0,0.0,9.0,4.0,0.0,0.0,0.0,0.0,0.0,0.0,0.0,0.0,2.0,12.0,1.0,12.17,5.01,2.51,1.49,0.0,0.1,0.0,0.4,0.0,1.3,1.8,2.7,-169.70000000000002,0.0,0.0,169.8,0.0,21.3,29.200000000000003,29.200000000000003,29.8,300.0,300.0,31.4,35.5,29.1,28.3,30.200000000000003,4.96,2.0,4.96,0.16,0.0,0.0,1027.0,8228.0,0.0,0.0,0.0,0.0,0.0,1.0,0.0,0.0,0.0,0.0,0.0,4.2,0.0,-2.0,0.0,0.0001,16.0,25903.0
2026-07-30T19:01:19.989Z,249.472,249.486,0.0,7.4,0.0,0.0,0.0,0.0,0.0,0.0,0.0,0.0,1.0,0.0,0.0,0.0,9.0,4.0,0.0,0.0,0.0,0.0,0.0,0.0,0.0,0.0,3.0,12.0,1.0,12.13,5.01,2.51,1.49,0.0,0.0,0.0,0.4,0.0,-0.9,-0.4,-0.7000000000000001,-169.70000000000002,0.0,0.0,169.60000000000002,0.0,21.8,29.200000000000003,29.200000000000003,29.8,300.0,300.0,31.4,35.6,29.1,28.3,30.200000000000003,4.96,1.99,4.96,0.16,0.0,0.0,1027.0,8228.0,0.0,0.0,0.0,0.0,0.0,1.0,0.0,0.0,0.0,0.0,0.0,-1.0,0.0,0.5,0.0,0.0,16.0,25903.0
2026-07-30T19:01:20.001Z,249.484,249.498,0.0,7.4,0.0,0.0,0.0,0.0,0.0,0.0,0.0,0.0,1.0,0.0,0.0,0.0,9.0,4.0,0.0,0.0,0.0,0.0,0.0,0.0,0.0,0.0,4.0,12.0,1.0,12.13,5.01,2.51,1.49,0.0,0.0,0.0,0.4,0.0,0.2,0.7000000000000001,-0.1,-169.70000000000002,0.0,0.0,169.70000000000002,0.0,21.8,29.200000000000003,29.200000000000003,29.8,300.0,300.0,31.4,35.6,29.1,28.3,30.200000000000003,4.96,1.99,4.97,0.16,0.0,0.0,1027.0,8228.0,0.0,0.0,0.0,0.0,0.0,1.0,0.0,0.0,0.0,0.0,0.0,0.7000000000000001,0.0,0.2,0.0,0.0002,16.0,25903.0
2026-07-30T19:01:20.013Z,249.496,249.51,0.0,7.4,0.0,0.0,0.0,0.0,0.0,0.0,0.0,0.0,1.0,0.0,0.0,0.0,9.0,4.0,0.0,0.0,0.0,0.0,0.0,0.0,0.0,0.0,5.0,12.0,1.0,12.13,5.01,2.51,1.49,0.0,0.1,0.0,0.4,0.0,-0.9,0.1,0.4,-169.70000000000002,0.0,0.0,169.70000000000002,0.0,21.8,29.200000000000003,29.200000000000003,29.8,300.0,300.0,31.4,35.6,29.1,28.3,30.200000000000003,4.96,2.0,4.96,0.16,0.0,0.0,1027.0,8228.0,0.0,0.0,0.0,0.0,0.0,1.0,0.0,0.0,0.0,0.0,0.0,0.4,0.0,-0.3,0.0,0.0001,16.0,25903.0
2026-07-30T19:01:20.025Z,249.508,249.522,0.0,7.4,0.0,0.0,0.0,0.0,0.0,0.0,0.0,0.0,1.0,0.0,0.0,0.0,9.0,4.0,0.0,0.0,0.0,0.0,0.0,0.0,0.0,0.0,6.0,12.0,1.0,12.13,5.01,2.51,1.49,0.0,0.0,0.0,0.4,0.0,0.2,1.2000000000000002,1.5,-169.70000000000002,0.0,0.0,169.70000000000002,0.0,21.8,29.200000000000003,29.200000000000003,29.8,300.0,300.0,31.4,35.6,29.1,28.3,30.200000000000003,4.96,1.99,4.97,0.16,0.0,0.0,1027.0,8228.0,0.0,0.0,0.0,0.0,0.0,1.0,0.0,0.0,0.0,0.0,0.0,2.6,0.0,-1.1,0.0,0.0,16.0,25903.0
2026-07-30T19:01:20.037Z,249.52,249.534,0.0,7.4,0.0,0.0,0.0,0.0,0.0,0.0,0.0,0.0,1.0,0.0,0.0,0.0,9.0,4.0,0.0,0.0,0.0,0.0,0.0,0.0,0.0,0.0,1.0,12.0,1.0,12.13,5.01,2.51,1.49,0.0,0.0,0.0,0.4,0.0,-0.3,0.6000000000000001,0.4,-169.70000000000002,0.0,0.0,169.8,0.0,21.8,29.200000000000003,29.200000000000003,29.8,300.0,300.0,31.4,35.6,29.1,28.3,30.200000000000003,4.95,1.99,4.97,0.16,0.0,0.0,1027.0,8228.0,0.0,0.0,0.0,0.0,0.0,1.0,0.0,0.0,0.0,0.0,0.0,1.0,0.0,-0.2,0.0,0.0,16.0,25903.0
2026-07-30T19:01:20.049Z,249.532,249.546,0.0,7.4,0.0,0.0,0.0,0.0,0.0,0.0,0.0,0.0,1.0,0.0,0.0,0.0,9.0,4.0,0.0,0.0,0.0,0.0,0.0,0.0,0.0,0.0,2.0,12.0,1.0,12.13,5.01,2.51,1.49,0.0,0.0,0.0,0.4,0.0,-0.4,-0.4,-0.8,-169.70000000000002,0.0,0.0,169.70000000000002,0.0,21.8,29.200000000000003,29.200000000000003,29.8,300.0,300.0,31.4,35.6,29.1,28.3,30.200000000000003,4.96,1.99,4.97,0.16,0.0,0.0,1027.0,8228.0,0.0,0.0,0.0,0.0,0.0,1.0,0.0,0.0,0.0,0.0,0.0,-1.1,0.0,0.6000000000000001,0.0,0.0001,16.0,25903.0
2026-07-30T19:01:20.060Z,249.543,249.558,0.0,7.4,0.0,0.0,0.0,0.0,0.0,0.0,0.0,0.0,1.0,0.0,0.0,0.0,9.0,4.0,0.0,0.0,0.0,0.0,0.0,0.0,0.0,0.0,3.0,12.0,1.0,12.13,5.01,2.51,1.49,0.0,0.0,0.0,0.4,0.0,0.1,-1.0,-0.2,-169.70000000000002,0.0,0.0,169.70000000000002,0.0,21.8,29.200000000000003,29.200000000000003,29.8,300.0,300.0,31.4,35.6,29.1,28.3,30.200000000000003,4.95,1.99,4.97,0.16,0.0,0.0,1027.0,8228.0,0.0,0.0,0.0,0.0,0.0,1.0,0.0,0.0,0.0,0.0,0.0,-1.4,0.0,0.0,0.0,0.0002,16.0,25903.0
2026-07-30T19:01:20.074Z,249.557,249.57,0.0,7.4,0.0,0.0,0.0,0.0,0.0,0.0,0.0,0.0,1.0,0.0,0.0,0.0,9.0,4.0,0.0,0.0,0.0,0.0,0.0,0.0,0.0,0.0,4.0,12.0,1.0,12.13,5.01,2.51,1.49,0.0,0.0,0.0,0.4,0.0,0.7000000000000001,1.2000000000000002,-0.1,-169.70000000000002,0.0,0.0,169.70000000000002,0.0,21.8,29.200000000000003,29.200000000000003,29.8,300.0,300.0,31.4,35.6,29.1,28.3,30.200000000000003,4.95,1.99,4.97,0.16,0.0,0.0,1027.0,8228.0,0.0,0.0,0.0,0.0,0.0,1.0,0.0,0.0,0.0,0.0,0.0,1.2000000000000002,0.0,0.4,0.0,0.0001,16.0,25903.0
2026-07-30T19:01:20.086Z,249.569,249.582,0.0,7.4,0.0,0.0,0.0,0.0,0.0,0.0,0.0,0.0,1.0,0.0,0.0,0.0,9.0,4.0,0.0,0.0,0.0,0.0,0.0,0.0,0.0,0.0,4.0,12.0,1.0,12.15,5.01,2.5,1.5,0.0,0.1,0.0,0.4,0.0,-0.4,0.0,-0.7000000000000001,-169.70000000000002,0.0,0.0,169.70000000000002,0.0,21.700000000000003,29.200000000000003,29.200000000000003,29.8,300.0,300.0,31.4,35.6,29.1,28.3,30.200000000000003,4.95,1.99,4.97,0.16,0.0,0.0,1027.0,8228.0,0.0,0.0,0.0,0.0,0.0,1.0,0.0,0.0,0.0,0.0,0.0,-0.4,0.0,0.7000000000000001,0.0,0.0001,16.0,25903.0
2026-07-30T19:01:20.097Z,249.58,249.594,0.0,7.4,0.0,0.0,0.0,0.0,0.0,0.0,0.0,0.0,1.0,0.0,0.0,0.0,9.0,4.0,0.0,0.0,0.0,0.0,0.0,0.0,0.0,0.0,5.0,12.0,1.0,12.15,5.01,2.5,1.5,0.0,0.0,0.0,0.4,0.0,-0.4,0.0,-1.3,-169.70000000000002,0.0,0.0,169.70000000000002,0.0,21.700000000000003,29.200000000000003,29.200000000000003,29.8,300.0,300.0,31.4,35.6,29.1,28.3,30.200000000000003,4.96,1.99,4.96,0.16,0.0,0.0,1027.0,8228.0,0.0,0.0,0.0,0.0,0.0,1.0,0.0,0.0,0.0,0.0,0.0,-0.8,0.0,1.1,0.0,0.0,16.0,25903.0
2026-07-30T19:01:20.108Z,249.591,249.606,0.0,7.4,0.0,0.0,0.0,0.0,0.0,0.0,0.0,0.0,1.0,0.0,0.0,0.0,9.0,4.0,0.0,0.0,0.0,0.0,0.0,0.0,0.0,0.0,1.0,12.0,1.0,12.15,5.01,2.5,1.5,0.0,0.0,0.0,0.4,0.0,-0.4,-1.1,-0.7000000000000001,-169.70000000000002,0.0,0.0,169.8,0.0,21.700000000000003,29.200000000000003,29.200000000000003,29.8,300.0,300.0,31.4,35.6,29.1,28.3,30.200000000000003,4.95,2.0,4.97,0.16,0.0,0.0,1027.0,8228.0,0.0,0.0,0.0,0.0,0.0,1.0,0.0,0.0,0.0,0.0,0.0,-1.8,0.0,0.4,0.0,0.0001,16.0,25903.0
2026-07-30T19:01:20.120Z,249.603,249.618,0.0,7.4,0.0,0.0,0.0,0.0,0.0,0.0,0.0,0.0,1.0,0.0,0.0,0.0,9.0,4.0,0.0,0.0,0.0,0.0,0.0,0.0,0.0,0.0,2.0,12.0,1.0,12.15,5.01,2.5,1.5,0.0,0.1,0.0,0.4,0.0,-0.3,0.0,1.0,-169.70000000000002,0.0,0.0,169.70000000000002,0.0,21.700000000000003,29.200000000000003,29.200000000000003,29.8,300.0,300.0,31.4,35.6,29.1,28.3,30.200000000000003,4.95,1.99,4.96,0.16,0.0,0.0,1027.0,8228.0,0.0,0.0,0.0,0.0,0.0,1.0,0.0,0.0,0.0,0.0,0.0,0.8,0.0,-0.8,0.0,0.0002,16.0,25903.0
2026-07-30T19:01:20.133Z,249.616,249.63,0.0,7.4,0.0,0.0,0.0,0.0,0.0,0.0,0.0,0.0,1.0,0.0,0.0,0.0,9.0,4.0,0.0,0.0,0.0,0.0,0.0,0.0,0.0,0.0,3.0,12.0,1.0,12.15,5.01,2.5,1.5,0.0,0.0,0.0,0.4,0.0,-0.3,-0.4,-0.7000000000000001,-169.70000000000002,0.0,0.0,169.60000000000002,0.0,21.700000000000003,29.200000000000003,29.200000000000003,29.8,300.0,300.0,31.4,35.6,29.1,28.3,30.200000000000003,4.96,1.99,4.96,0.16,0.0,0.0,1027.0,8228.0,0.0,0.0,0.0,0.0,0.0,1.0,0.0,0.0,0.0,0.0,0.0,-1.1,0.0,0.5,0.0,0.0002,16.0,25903.0
2026-07-30T19:01:20.145Z,249.628,249.642,0.0,7.4,0.0,0.0,0.0,0.0,0.0,0.0,0.0,0.0,1.0,0.0,0.0,0.0,9.0,4.0,0.0,0.0,0.0,0.0,0.0,0.0,0.0,0.0,4.0,12.0,1.0,12.15,5.01,2.5,1.5,0.0,0.0,0.0,0.4,0.0,1.4,0.7000000000000001,1.0,-169.70000000000002,0.0,0.0,169.8,0.0,21.700000000000003,29.200000000000003,29.200000000000003,29.8,300.0,300.0,31.4,35.6,29.1,28.3,30.200000000000003,4.96,1.99,4.96,0.16,0.0,0.0,1027.0,8228.0,0.0,0.0,0.0,0.0,0.0,1.0,0.0,0.0,0.0,0.0,0.0,1.5,0.0,-0.7000000000000001,0.0,0.0002,16.0,25903.0
2026-07-30T19:01:20.157Z,249.64,249.654,0.0,7.4,0.0,0.0,0.0,0.0,0.0,0.0,0.0,0.0,1.0,0.0,0.0,0.0,9.0,4.0,0.0,0.0,0.0,0.0,0.0,0.0,0.0,0.0,4.0,12.0,1.0,12.15,5.01,2.5,1.5,0.0,0.0,0.0,0.4,0.0,-0.9,0.1,-1.3,-169.70000000000002,0.0,0.0,169.70000000000002,0.0,21.700000000000003,29.200000000000003,29.200000000000003,29.8,300.0,300.0,31.4,35.6,29.1,28.3,30.200000000000003,4.95,1.99,4.96,0.16,0.0,0.0,1027.0,8228.0,0.0,0.0,0.0,0.0,0.0,1.0,0.0,0.0,0.0,0.0,0.0,-0.8,0.0,1.1,0.0,0.0001,16.0,25903.0
2026-07-30T19:01:20.169Z,249.652,249.666,0.0,7.4,0.0,0.0,0.0,0.0,0.0,0.0,0.0,0.0,1.0,0.0,0.0,0.0,9.0,4.0,0.0,0.0,0.0,0.0,0.0,0.0,0.0,0.0,5.0,12.0,1.0,12.15,5.01,2.5,1.5,0.0,0.0,0.0,0.4,0.0,-0.3,0.0,-0.1,-169.70000000000002,0.0,0.0,169.70000000000002,0.0,21.700000000000003,29.200000000000003,29.200000000000003,29.8,300.0,300.0,31.4,35.6,29.1,28.3,30.200000000000003,4.95,1.99,4.96,0.15,0.0,0.0,1027.0,8228.0,0.0,0.0,0.0,0.0,0.0,1.0,0.0,0.0,0.0,0.0,0.0,0.0,0.0,0.1,0.0,0.0002,16.0,25903.0
2026-07-30T19:01:20.181Z,249.664,249.678,0.0,7.4,0.0,0.0,0.0,0.0,0.0,0.0,0.0,0.0,1.0,0.0,0.0,0.0,9.0,4.0,0.0,0.0,0.0,0.0,0.0,0.0,0.0,0.0,5.0,12.0,1.0,12.15,5.01,2.5,1.5,0.0,0.0,0.0,0.4,0.0,-0.4,1.2000000000000002,0.3,-169.70000000000002,0.0,0.0,169.8,0.0,21.700000000000003,29.200000000000003,29.200000000000003,29.8,300.0,300.0,31.4,35.6,29.1,28.3,30.200000000000003,4.95,2.0,4.96,0.16,0.0,0.0,1027.0,8228.0,0.0,0.0,0.0,0.0,0.0,1.0,0.0,0.0,0.0,0.0,0.0,1.7000000000000002,0.0,0.0,0.0,0.0,16.0,25903.0
2026-07-30T19:01:20.192Z,249.675,249.69,0.0,7.4,0.0,0.0,0.0,0.0,0.0,0.0,0.0,0.0,1.0,0.0,0.0,0.0,9.0,4.0,0.0,0.0,0.0,0.0,0.0,0.0,0.0,0.0,6.0,12.0,1.0,12.14,5.01,2.51,1.49,0.0,0.0,0.0,0.4,0.0,0.1,-0.4,-1.3,-169.70000000000002,0.0,0.0,169.8,0.0,21.8,29.200000000000003,29.200000000000003,29.8,300.0,300.0,31.6,35.6,29.1,28.3,30.200000000000003,4.95,2.0,4.96,0.16,0.0,0.0,1027.0,8228.0,0.0,0.0,0.0,0.0,0.0,1.0,0.0,0.0,0.0,0.0,0.0,-1.5,0.0,1.0,0.0,0.0,16.0,25903.0
2026-07-30T19:01:20.205Z,249.688,249.702,0.0,7.4,0.0,0.0,0.0,0.0,0.0,0.0,0.0,0.0,1.0,0.0,0.0,0.0,9.0,4.0,0.0,0.0,0.0,0.0,0.0,0.0,0.0,0.0,1.0,12.0,1.0,12.14,5.01,2.51,1.49,0.0,0.0,0.0,0.4,0.0,-0.9,-1.6,-0.1,-169.70000000000002,0.0,0.0,169.60000000000002,0.0,21.8,29.200000000000003,29.200000000000003,29.8,300.0,300.0,31.6,35.6,29.1,28.3,30.200000000000003,4.96,1.99,4.97,0.16,0.0,0.0,1027.0,8228.0,0.0,0.0,0.0,0.0,0.0,1.0,0.0,0.0,0.0,0.0,0.0,-1.9,0.0,-0.1,0.0,0.0001,16.0,25903.0
2026-07-30T19:01:20.217Z,249.7,249.714,0.0,7.4,0.0,0.0,0.0,0.0,0.0,0.0,0.0,0.0,1.0,0.0,0.0,0.0,9.0,4.0,0.0,0.0,0.0,0.0,0.0,0.0,0.0,0.0,2.0,12.0,1.0,12.14,5.01,2.51,1.49,0.0,0.0,0.0,0.5,0.0,0.1,0.7000000000000001,1.0,-169.70000000000002,0.0,0.0,169.60000000000002,0.0,21.8,29.200000000000003,29.200000000000003,29.8,300.0,300.0,31.6,35.6,29.1,28.3,30.200000000000003,4.96,1.99,4.96,0.16,0.0,0.0,1027.0,8228.0,0.0,0.0,0.0,0.0,0.0,1.0,0.0,0.0,0.0,0.0,0.0,1.5,0.0,-0.7000000000000001,0.0,0.0002,16.0,25903.0
2026-07-30T19:01:20.229Z,249.712,249.726,0.0,7.4,0.0,0.0,0.0,0.0,0.0,0.0,0.0,0.0,1.0,0.0,0.0,0.0,9.0,4.0,0.0,0.0,0.0,0.0,0.0,0.0,0.0,0.0,3.0,12.0,1.0,12.14,5.01,2.51,1.49,0.0,0.0,0.0,0.4,0.0,0.2,0.6000000000000001,1.0,-169.70000000000002,0.0,0.0,169.60000000000002,0.0,21.8,29.200000000000003,29.200000000000003,29.8,300.0,300.0,31.6,35.6,29.1,28.3,30.200000000000003,4.95,1.99,4.96,0.16,0.0,0.0,1027.0,8228.0,0.0,0.0,0.0,0.0,0.0,1.0,0.0,0.0,0.0,0.0,0.0,1.5,0.0,-0.7000000000000001,0.0,0.0001,16.0,25903.0
2026-07-30T19:01:20.241Z,249.724,249.738,0.0,7.4,0.0,0.0,0.0,0.0,0.0,0.0,0.0,0.0,1.0,0.0,0.0,0.0,9.0,4.0,0.0,0.0,0.0,0.0,0.0,0.0,0.0,0.0,5.0,12.0,1.0,12.14,5.01,2.51,1.49,0.0,0.0,0.0,0.4,0.0,0.8,1.2000000000000002,1.6,-169.70000000000002,0.0,0.0,169.70000000000002,0.0,21.8,29.200000000000003,29.200000000000003,29.8,300.0,300.0,31.6,35.6,29.1,28.3,30.200000000000003,4.95,1.99,4.97,0.16,0.0,0.0,1027.0,8228.0,0.0,0.0,0.0,0.0,0.0,1.0,0.0,0.0,0.0,0.0,0.0,2.7,0.0,-1.2000000000000002,0.0,0.0,16.0,25903.0
2026-07-30T19:01:20.252Z,249.735,249.75,0.0,7.4,0.0,0.0,0.0,0.0,0.0,0.0,0.0,0.0,1.0,0.0,0.0,0.0,9.0,4.0,0.0,0.0,0.0,0.0,0.0,0.0,0.0,0.0,6.0,12.0,1.0,12.14,5.01,2.51,1.49,0.0,0.0,0.0,0.4,0.0,-0.9,-0.4,-0.6000000000000001,-169.70000000000002,0.0,0.0,169.8,0.0,21.8,29.200000000000003,29.200000000000003,29.8,300.0,300.0,31.6,35.6,29.1,28.3,30.200000000000003,4.95,2.0,4.96,0.16,0.0,0.0,1027.0,8228.0,0.0,0.0,0.0,0.0,0.0,1.0,0.0,0.0,0.0,0.0,0.0,-1.0,0.0,0.4,0.0,0.0001,16.0,25903.0
2026-07-30T19:01:20.265Z,249.748,249.762,0.0,7.4,0.0,0.0,0.0,0.0,0.0,0.0,0.0,0.0,1.0,0.0,0.0,0.0,9.0,4.0,0.0,0.0,0.0,0.0,0.0,0.0,0.0,0.0,1.0,12.0,1.0,12.14,5.01,2.51,1.49,0.0,0.0,0.0,0.4,0.0,0.2,0.6000000000000001,0.0,-169.70000000000002,0.0,0.0,169.8,0.0,21.8,29.200000000000003,29.200000000000003,29.8,300.0,300.0,31.6,35.6,29.1,28.3,30.200000000000003,4.95,2.0,4.96,0.16,0.0,0.0,1027.0,8228.0,0.0,0.0,0.0,0.0,0.0,1.0,0.0,0.0,0.0,0.0,0.0,0.7000000000000001,0.0,0.1,0.0,0.0002,16.0,25903.0
2026-07-30T19:01:20.277Z,249.76,249.774,0.0,7.4,0.0,0.0,0.0,0.0,0.0,0.0,0.0,0.0,1.0,0.0,0.0,0.0,9.0,4.0,0.0,0.0,0.0,0.0,0.0,0.0,0.0,0.0,2.0,12.0,1.0,12.14,5.01,2.51,1.49,0.0,0.0,0.0,0.4,0.0,-0.3,0.0,1.6,-169.70000000000002,0.0,0.0,169.8,0.0,21.8,29.200000000000003,29.200000000000003,29.8,300.0,300.0,31.6,35.6,29.1,28.3,30.200000000000003,4.95,1.99,4.96,0.16,0.0,0.0,1027.0,8228.0,0.0,0.0,0.0,0.0,0.0,1.0,0.0,0.0,0.0,0.0,0.0,1.3,0.0,-1.4,0.0,0.0,16.0,25903.0
2026-07-30T19:01:20.290Z,249.773,249.786,0.0,7.4,0.0,0.0,0.0,0.0,0.0,0.0,0.0,0.0,1.0,0.0,0.0,0.0,9.0,4.0,0.0,0.0,0.0,0.0,0.0,0.0,0.0,0.0,3.0,12.0,1.0,12.17,5.0200000000000005,2.5,1.49,0.0,0.0,0.0,0.4,0.0,0.2,-0.4,0.0,-169.70000000000002,0.0,0.0,169.70000000000002,0.0,21.4,29.200000000000003,29.200000000000003,29.8,300.0,300.0,31.5,35.5,29.1,28.3,30.200000000000003,4.96,1.99,4.96,0.16,0.0,0.0,1027.0,8228.0,0.0,0.0,0.0,0.0,0.0,1.0,0.0,0.0,0.0,0.0,0.0,-0.5,0.0,0.0,0.0,0.0001,16.0,25903.0
2026-07-30T19:01:20.301Z,249.784,249.798,0.0,7.4,0.0,0.0,0.0,0.0,0.0,0.0,0.0,0.0,1.0,0.0,0.0,0.0,9.0,4.0,0.0,0.0,0.0,0.0,0.0,0.0,0.0,0.0,4.0,12.0,1.0,12.17,5.0200000000000005,2.5,1.49,0.0,0.1,0.0,0.4,0.0,0.2,-0.4,-0.1,-169.70000000000002,0.0,0.0,169.70000000000002,0.0,21.4,29.200000000000003,29.200000000000003,29.8,300.0,300.0,31.5,35.5,29.1,28.3,30.200000000000003,4.95,1.99,4.96,0.16,0.0,0.0,1027.0,8228.0,0.0,0.0,0.0,0.0,0.0,1.0,0.0,0.0,0.0,0.0,0.0,-0.6000000000000001,0.0,0.0,0.0,0.0002,16.0,25903.0
2026-07-30T19:01:20.313Z,249.796,249.81,0.0,7.4,0.0,0.0,0.0,0.0,0.0,0.0,0.0,0.0,1.0,0.0,0.0,0.0,9.0,4.0,0.0,0.0,0.0,0.0,0.0,0.0,0.0,0.0,5.0,12.0,1.0,12.17,5.0200000000000005,2.5,1.49,0.0,0.0,0.0,0.4,0.0,-0.3,0.6000000000000001,-0.7000000000000001,-169.70000000000002,0.0,0.0,169.70000000000002,0.0,21.4,29.200000000000003,29.200000000000003,29.8,300.0,300.0,31.5,35.5,29.1,28.3,30.200000000000003,4.95,1.99,4.97,0.16,0.0,0.0,1027.0,8228.0,0.0,0.0,0.0,0.0,0.0,1.0,0.0,0.0,0.0,0.0,0.0,0.2,0.0,0.7000000000000001,0.0,0.0,16.0,25903.0
2026-07-30T19:01:20.325Z,249.808,249.822,0.0,7.4,0.0,0.0,0.0,0.0,0.0,0.0,0.0,0.0,1.0,0.0,0.0,0.0,9.0,4.0,0.0,0.0,0.0,0.0,0.0,0.0,0.0,0.0,6.0,12.0,1.0,12.17,5.0200000000000005,2.5,1.49,0.0,0.1,0.0,0.4,0.0,-0.3,0.6000000000000001,0.4,-169.70000000000002,0.0,0.0,169.8,0.0,21.4,29.200000000000003,29.200000000000003,29.8,300.0,300.0,31.5,35.5,29.1,28.3,30.200000000000003,4.95,2.0,4.97,0.16,0.0,0.0,1027.0,8228.0,0.0,0.0,0.0,0.0,0.0,1.0,0.0,0.0,0.0,0.0,0.0,1.1,0.0,-0.2,0.0,0.0001,16.0,25903.0
2026-07-30T19:01:20.337Z,249.82,249.834,0.0,7.4,0.0,0.0,0.0,0.0,0.0,0.0,0.0,0.0,1.0,0.0,0.0,0.0,9.0,4.0,0.0,0.0,0.0,0.0,0.0,0.0,0.0,0.0,6.0,12.0,1.0,12.17,5.0200000000000005,2.5,1.49,0.0,0.0,0.0,0.4,0.0,0.2,-0.4,0.4,-169.70000000000002,0.0,0.0,169.70000000000002,0.0,21.4,29.200000000000003,29.200000000000003,29.8,300.0,300.0,31.5,35.5,29.1,28.3,30.200000000000003,4.96,2.0,4.96,0.16,0.0,0.0,1027.0,8228.0,0.0,0.0,0.0,0.0,0.0,1.0,0.0,0.0,0.0,0.0,0.0,-0.2,0.0,-0.4,0.0,0.0002,16.0,25903.0
2026-07-30T19:01:20.349Z,249.832,249.846,0.0,7.4,0.0,0.0,0.0,0.0,0.0,0.0,0.0,0.0,1.0,0.0,0.0,0.0,9.0,4.0,0.0,0.0,0.0,0.0,0.0,0.0,0.0,0.0,1.0,12.0,1.0,12.17,5.0200000000000005,2.5,1.49,0.0,0.0,0.0,0.4,0.0,0.2,-0.4,-0.6000000000000001,-169.70000000000002,0.0,0.0,169.8,0.0,21.4,29.200000000000003,29.200000000000003,29.8,300.0,300.0,31.5,35.5,29.1,28.3,30.200000000000003,4.95,1.99,4.97,0.16,0.0,0.0,1027.0,8228.0,0.0,0.0,0.0,0.0,0.0,1.0,0.0,0.0,0.0,0.0,0.0,-1.0,0.0,0.4,0.0,0.0001,16.0,25903.0
2026-07-30T19:01:20.361Z,249.844,249.858,0.0,7.4,0.0,0.0,0.0,0.0,0.0,0.0,0.0,0.0,1.0,0.0,0.0,0.0,9.0,4.0,0.0,0.0,0.0,0.0,0.0,0.0,0.0,0.0,2.0,12.0,1.0,12.17,5.0200000000000005,2.5,1.49,0.0,0.0,0.0,0.4,0.0,-0.3,0.6000000000000001,0.5,-169.70000000000002,0.0,0.0,169.60000000000002,0.0,21.4,29.200000000000003,29.200000000000003,29.8,300.0,300.0,31.5,35.5,29.1,28.3,30.200000000000003,4.95,1.99,4.96,0.16,0.0,0.0,1027.0,8228.0,0.0,0.0,0.0,0.0,0.0,1.0,0.0,0.0,0.0,0.0,0.0,1.1,0.0,-0.3,0.0,0.0001,16.0,25903.0
2026-07-30T19:01:20.372Z,249.855,249.87,0.0,7.4,0.0,0.0,0.0,0.0,0.0,0.0,0.0,0.0,1.0,0.0,0.0,0.0,9.0,4.0,0.0,0.0,0.0,0.0,0.0,0.0,0.0,0.0,3.0,12.0,1.0,12.17,5.0200000000000005,2.5,1.49,0.0,0.0,0.0,0.4,0.0,-0.3,-0.4,-0.7000000000000001,-169.70000000000002,0.0,0.0,169.70000000000002,0.0,21.4,29.200000000000003,29.200000000000003,29.8,300.0,300.0,31.5,35.5,29.1,28.3,30.200000000000003,4.96,2.0,4.96,0.16,0.0,0.0,1027.0,8228.0,0.0,0.0,0.0,0.0,0.0,1.0,0.0,0.0,0.0,0.0,0.0,-1.0,0.0,0.5,0.0,0.0002,16.0,25903.0
2026-07-30T19:01:20.385Z,249.868,249.882,0.0,7.4,0.0,0.0,0.0,0.0,0.0,0.0,0.0,0.0,1.0,0.0,0.0,0.0,9.0,4.0,0.0,0.0,0.0,0.0,0.0,0.0,0.0,0.0,4.0,12.0,1.0,12.17,5.0200000000000005,2.5,1.49,0.0,0.1,0.0,0.4,0.0,0.2,0.0,-0.7000000000000001,-169.70000000000002,0.0,0.0,169.70000000000002,0.0,21.4,29.200000000000003,29.200000000000003,29.8,300.0,300.0,31.5,35.5,29.1,28.3,30.200000000000003,4.95,2.0,4.97,0.16,0.0,0.0,1027.0,8228.0,0.0,0.0,0.0,0.0,0.0,1.0,0.0,0.0,0.0,0.0,0.0,-0.4,0.0,0.6000000000000001,0.0,0.0,16.0,25903.0
2026-07-30T19:01:20.397Z,249.88,249.894,0.0,7.4,0.0,0.0,0.0,0.0,0.0,0.0,0.0,0.0,1.0,0.0,0.0,0.0,9.0,4.0,0.0,0.0,0.0,0.0,0.0,0.0,0.0,0.0,5.0,12.0,1.0,12.17,5.0200000000000005,2.51,1.5,0.0,0.0,0.0,0.4,0.0,-0.3,-0.4,-0.7000000000000001,-169.70000000000002,0.0,0.0,169.8,0.0,21.3,29.200000000000003,29.200000000000003,29.8,300.0,300.0,31.5,35.6,29.1,28.3,30.200000000000003,4.95,1.99,4.97,0.16,0.0,0.0,1027.0,8228.0,0.0,0.0,0.0,0.0,0.0,1.0,0.0,0.0,0.0,0.0,0.0,-1.2000000000000002,0.0,0.0,0.0,0.0,16.0,25903.0
2026-07-30T19:01:20.409Z,249.892,249.906,0.0,7.4,0.0,0.0,0.0,0.0,0.0,0.0,0.0,0.0,1.0,0.0,0.0,0.0,9.0,4.0,0.0,0.0,0.0,0.0,0.0,0.0,0.0,0.0,6.0,12.0,1.0,12.17,5.0200000000000005,2.51,1.5,0.0,0.0,0.0,0.4,0.0,-0.3,0.1,-0.1,-169.70000000000002,0.0,0.0,169.70000000000002,0.0,21.3,29.200000000000003,29.200000000000003,29.8,300.0,300.0,31.5,35.6,29.1,28.3,30.200000000000003,4.95,1.99,4.96,0.16,0.0,0.0,1027.0,8228.0,0.0,0.0,0.0,0.0,0.0,1.0,0.0,0.0,0.0,0.0,0.0,1.5,0.0,-0.7000000000000001,0.0,0.0001,16.0,25903.0
2026-07-30T19:01:20.421Z,249.904,249.918,0.0,7.4,0.0,0.0,0.0,0.0,0.0,0.0,0.0,0.0,1.0,0.0,0.0,0.0,9.0,4.0,0.0,0.0,0.0,0.0,0.0,0.0,0.0,0.0,2.0,12.0,1.0,12.17,5.0200000000000005,2.51,1.5,0.0,0.0,0.0,0.4,0.0,-0.9,0.1,-0.2,-169.70000000000002,0.0,0.0,169.8,0.0,21.3,29.200000000000003,29.200000000000003,29.8,300.0,300.0,31.5,35.6,29.1,28.3,30.200000000000003,4.96,1.99,4.96,0.16,0.0,0.0,1027.0,8228.0,0.0,0.0,0.0,0.0,0.0,1.0,0.0,0.0,0.0,0.0,0.0,-0.4,0.0,0.7000000000000001,0.0,0.0001,16.0,25903.0
2026-07-30T19:01:20.432Z,249.915,249.93,0.0,7.4,0.0,0.0,0.0,0.0,0.0,0.0,0.0,0.0,1.0,0.0,0.0,0.0,9.0,4.0,0.0,0.0,0.0,0.0,0.0,0.0,0.0,0.0,2.0,12.0,1.0,12.17,5.0200000000000005,2.51,1.5,0.0,0.0,0.0,0.4,0.0,0.2,-1.0,-1.3,-169.70000000000002,0.0,0.0,169.8,0.0,21.3,29.200000000000003,29.200000000000003,29.8,300.0,300.0,31.5,35.6,29.1,28.3,30.200000000000003,4.95,1.99,4.97,0.16,0.0,0.0,1027.0,8228.0,0.0,0.0,0.0,0.0,0.0,1.0,0.0,0.0,0.0,0.0,0.0,1.1,0.0,-0.1,0.0,0.0002,16.0,25903.0
2026-07-30T19:01:20.445Z,249.928,249.942,0.0,7.4,0.0,0.0,0.0,0.0,0.0,0.0,0.0,0.0,1.0,0.0,0.0,0.0,9.0,4.0,0.0,0.0,0.0,0.0,0.0,0.0,0.0,0.0,3.0,12.0,1.0,12.17,5.0200000000000005,2.51,1.5,0.0,0.0,0.0,0.4,0.0,-0.9,0.1,-0.2,-169.70000000000002,0.0,0.0,169.8,0.0,21.3,29.200000000000003,29.200000000000003,29.8,300.0,300.0,31.5,35.6,29.1,28.3,30.200000000000003,4.96,1.99,4.96,0.16,0.0,0.0,1027.0,8228.0,0.0,0.0,0.0,0.0,0.0,1.0,0.0,0.0,0.0,0.0,0.0,0.0,0.0,0.2,0.0,0.0001,16.0,25903.0
2026-07-30T19:01:20.464Z,249.947,249.954,0.0,7.4,0.0,0.0,0.0,0.0,0.0,0.0,0.0,0.0,1.0,0.0,0.0,0.0,9.0,4.0,0.0,0.0,0.0,0.0,0.0,0.0,0.0,0.0,4.0,12.0,1.0,12.17,5.0200000000000005,2.51,1.5,0.0,0.0,0.0,0.4,0.0,-0.9,-0.4,0.3,-169.70000000000002,0.0,0.0,169.70000000000002,0.0,21.3,29.200000000000003,29.200000000000003,29.8,300.0,300.0,31.5,35.6,29.1,28.3,30.200000000000003,4.96,2.0,4.96,0.16,0.0,0.0,1027.0,8228.0,0.0,0.0,0.0,0.0,0.0,1.0,0.0,0.0,0.0,0.0,0.0,-0.2,0.0,-0.3,0.0,0.0,16.0,25903.0
2026-07-30T19:01:20.468Z,249.951,249.966,0.0,7.4,0.0,0.0,0.0,0.0,0.0,0.0,0.0,0.0,1.0,0.0,0.0,0.0,9.0,4.0,0.0,0.0,0.0,0.0,0.0,0.0,0.0,0.0,1.0,12.0,1.0,12.17,5.0200000000000005,2.51,1.5,0.0,0.0,0.0,0.4,0.0,0.2,1.8,1.5,-169.70000000000002,0.0,0.0,169.8,0.0,21.3,29.200000000000003,29.200000000000003,29.8,300.0,300.0,31.5,35.6,29.1,28.3,30.200000000000003,4.96,1.99,4.96,0.16,0.0,0.0,1027.0,8228.0,0.0,0.0,0.0,0.0,0.0,1.0,0.0,0.0,0.0,0.0,0.0,3.2,0.0,-0.9,0.0,0.0001,16.0,25903.0
2026-07-30T19:01:20.481Z,249.964,249.978,0.0,7.4,0.0,0.0,0.0,0.0,0.0,0.0,0.0,0.0,1.0,0.0,0.0,0.0,9.0,4.0,0.0,0.0,0.0,0.0,0.0,0.0,0.0,0.0,1.0,12.0,1.0,12.17,5.0200000000000005,2.51,1.5,0.0,0.0,0.0,0.4,0.0,0.7000000000000001,-0.4,0.3,-169.70000000000002,0.0,0.0,169.8,0.0,21.3,29.200000000000003,29.200000000000003,29.8,300.0,300.0,31.5,35.6,29.1,28.3,30.200000000000003,4.95,1.99,4.97,0.16,0.0,0.0,1027.0,8228.0,0.0,0.0,0.0,0.0,0.0,1.0,0.0,0.0,0.0,0.0,0.0,-0.2,0.0,-0.3,0.0,0.0001,16.0,25903.0
2026-07-30T19:01:20.494Z,249.977,249.99,0.0,7.4,0.0,0.0,0.0,0.0,0.0,0.0,0.0,0.0,1.0,0.0,0.0,0.0,9.0,4.0,0.0,0.0,0.0,0.0,0.0,0.0,0.0,0.0,2.0,12.0,1.0,12.17,5.01,2.51,1.49,0.0,0.0,0.0,0.4,0.0,0.2,-1.6,-0.8,-169.70000000000002,0.0,0.0,169.70000000000002,0.0,21.4,29.200000000000003,29.200000000000003,29.8,300.0,300.0,31.5,35.5,29.1,28.3,30.200000000000003,4.96,1.99,4.96,0.16,0.0,0.0,1027.0,8228.0,0.0,0.0,0.0,0.0,0.0,1.0,0.0,0.0,0.0,0.0,0.0,-2.4000000000000004,0.0,0.4,0.0,0.0,16.0,25903.0
2026-07-30T19:01:20.505Z,249.988,250.002,0.0,7.4,0.0,0.0,0.0,0.0,0.0,0.0,0.0,0.0,1.0,0.0,0.0,0.0,9.0,4.0,0.0,0.0,0.0,0.0,0.0,0.0,0.0,0.0,3.0,12.0,1.0,12.17,5.01,2.51,1.49,0.0,0.0,0.0,0.4,0.0,-0.3,0.0,-0.3,-169.70000000000002,0.0,0.0,169.8,0.0,21.4,29.200000000000003,29.200000000000003,29.8,300.0,300.0,31.5,35.5,29.1,28.3,30.200000000000003,4.96,1.99,4.97,0.16,0.0,0.0,1027.0,8228.0,0.0,0.0,0.0,0.0,0.0,1.0,0.0,0.0,0.0,0.0,0.0,-0.1,0.0,0.3,0.0,0.0002,16.0,25903.0
2026-07-30T19:01:20.517Z,250.0,250.014,0.0,7.4,0.0,0.0,0.0,0.0,0.0,0.0,0.0,0.0,1.0,0.0,0.0,0.0,9.0,4.0,0.0,0.0,0.0,0.0,0.0,0.0,0.0,0.0,4.0,12.0,1.0,12.17,5.01,2.51,1.49,0.0,0.0,0.0,0.4,0.0,0.1,0.0,-0.9,-169.70000000000002,0.0,0.0,169.8,0.0,21.4,29.200000000000003,29.200000000000003,29.8,300.0,300.0,31.5,35.5,29.1,28.3,30.200000000000003,4.95,2.0,4.97,0.16,0.0,0.0,1027.0,8228.0,0.0,0.0,0.0,0.0,0.0,1.0,0.0,0.0,0.0,0.0,0.0,-0.6000000000000001,0.0,0.8,0.0,0.0,16.0,25903.0
2026-07-30T19:01:20.529Z,250.012,250.026,0.0,7.4,0.0,0.0,0.0,0.0,0.0,0.0,0.0,0.0,1.0,0.0,0.0,0.0,9.0,4.0,0.0,0.0,0.0,0.0,0.0,0.0,0.0,0.0,6.0,12.0,1.0,12.17,5.01,2.51,1.49,0.0,0.1,0.0,0.4,0.0,-0.4,-0.4,1.3,-169.70000000000002,0.0,0.0,169.70000000000002,0.0,21.4,29.200000000000003,29.200000000000003,29.8,300.0,300.0,31.5,35.5,29.1,28.3,30.200000000000003,4.95,2.0,4.96,0.16,0.0,0.0,1027.0,8228.0,0.0,0.0,0.0,0.0,0.0,1.0,0.0,0.0,0.0,0.0,0.0,0.4,0.0,-1.3,0.0,0.0,16.0,25903.0
2026-07-30T19:01:20.541Z,250.024,250.038,0.0,7.4,0.0,0.0,0.0,0.0,0.0,0.0,0.0,0.0,1.0,0.0,0.0,0.0,9.0,4.0,0.0,0.0,0.0,0.0,0.0,0.0,0.0,0.0,1.0,12.0,1.0,12.17,5.01,2.51,1.49,0.0,0.0,0.0,0.4,0.0,-0.4,0.1,0.2,-169.70000000000002,0.0,0.0,169.8,0.0,21.4,29.200000000000003,29.200000000000003,29.8,300.0,300.0,31.5,35.5,29.1,28.3,30.200000000000003,4.95,2.0,4.96,0.16,0.0,0.0,1027.0,8228.0,0.0,0.0,0.0,0.0,0.0,1.0,0.0,0.0,0.0,0.0,0.0,0.2,0.0,-0.1,0.0,0.0,16.0,25903.0
2026-07-30T19:01:20.553Z,250.036,250.05,0.0,7.4,0.0,0.0,0.0,0.0,0.0,0.0,0.0,0.0,1.0,0.0,0.0,0.0,9.0,4.0,0.0,0.0,0.0,0.0,0.0,0.0,0.0,0.0,2.0,12.0,1.0,12.17,5.01,2.51,1.49,0.0,0.0,0.0,0.4,0.0,0.7000000000000001,-0.4,0.8,-169.70000000000002,0.0,0.0,169.70000000000002,0.0,21.4,29.200000000000003,29.200000000000003,29.8,300.0,300.0,31.5,35.5,29.1,28.3,30.200000000000003,4.95,1.99,4.97,0.16,0.0,0.0,1027.0,8228.0,0.0,0.0,0.0,0.0,0.0,1.0,0.0,0.0,0.0,0.0,0.0,0.0,0.0,-0.8,0.0,0.0001,16.0,25903.0
2026-07-30T19:01:20.565Z,250.048,250.062,0.0,7.4,0.0,0.0,0.0,0.0,0.0,0.0,0.0,0.0,1.0,0.0,0.0,0.0,9.0,4.0,0.0,0.0,0.0,0.0,0.0,0.0,0.0,0.0,3.0,12.0,1.0,12.17,5.01,2.51,1.49,0.0,0.0,0.0,0.4,0.0,-0.4,0.0,-0.3,-169.70000000000002,0.0,0.0,169.8,0.0,21.4,29.200000000000003,29.200000000000003,29.8,300.0,300.0,31.5,35.5,29.1,28.3,30.200000000000003,4.95,1.99,4.97,0.16,0.0,0.0,1027.0,8228.0,0.0,0.0,0.0,0.0,0.0,1.0,0.0,0.0,0.0,0.0,0.0,-0.1,0.0,0.3,0.0,0.0001,16.0,25903.0
2026-07-30T19:01:20.577Z,250.06,250.074,0.0,7.4,0.0,0.0,0.0,0.0,0.0,0.0,0.0,0.0,1.0,0.0,0.0,0.0,9.0,4.0,0.0,0.0,0.0,0.0,0.0,0.0,0.0,0.0,4.0,12.0,1.0,12.17,5.01,2.51,1.49,0.0,0.0,0.0,0.4,0.0,-0.4,-1.1,-0.9,-169.70000000000002,0.0,0.0,169.8,0.0,21.4,29.200000000000003,29.200000000000003,29.8,300.0,300.0,31.5,35.5,29.1,28.3,30.200000000000003,4.96,1.99,4.96,0.16,0.0,0.0,1027.0,8228.0,0.0,0.0,0.0,0.0,0.0,1.0,0.0,0.0,0.0,0.0,0.0,-1.9,0.0,0.6000000000000001,0.0,0.0001,16.0,25903.0
2026-07-30T19:01:20.589Z,250.072,250.086,0.0,7.4,0.0,0.0,0.0,0.0,0.0,0.0,0.0,0.0,1.0,0.0,0.0,0.0,9.0,4.0,0.0,0.0,0.0,0.0,0.0,0.0,0.0,0.0,6.0,12.0,1.0,12.17,5.01,2.51,1.49,0.0,0.0,0.0,0.4,0.0,0.7000000000000001,-1.1,0.2,-169.70000000000002,0.0,0.0,169.8,0.0,21.4,29.200000000000003,29.200000000000003,29.8,300.0,300.0,31.5,35.5,29.1,28.3,30.200000000000003,4.95,1.99,4.96,0.16,0.0,0.0,1027.0,8228.0,0.0,0.0,0.0,0.0,0.0,1.0,0.0,0.0,0.0,0.0,0.0,-1.0,0.0,-0.4,0.0,0.0,16.0,25903.0
2026-07-30T19:01:20.601Z,250.084,250.098,0.0,7.4,0.0,0.0,0.0,0.0,0.0,0.0,0.0,0.0,1.0,0.0,0.0,0.0,9.0,4.0,0.0,0.0,0.0,0.0,0.0,0.0,0.0,0.0,6.0,12.0,1.0,12.17,5.0,2.5,1.5,0.0,0.0,0.0,0.4,0.0,0.7000000000000001,1.1,-0.3,-169.70000000000002,0.0,0.0,169.70000000000002,0.0,21.4,29.200000000000003,29.200000000000003,29.8,300.0,300.0,31.5,35.6,29.1,28.3,30.200000000000003,4.95,1.99,4.96,0.16,0.0,0.0,1027.0,8228.0,0.0,0.0,0.0,0.0,0.0,1.0,0.0,0.0,0.0,0.0,0.0,1.0,0.0,0.5,0.0,0.0,16.0,25903.0
2026-07-30T19:01:20.612Z,250.095,250.11,0.0,7.4,0.0,0.0,0.0,0.0,0.0,0.0,0.0,0.0,1.0,0.0,0.0,0.0,9.0,4.0,0.0,0.0,0.0,0.0,0.0,0.0,0.0,0.0,1.0,12.0,1.0,12.17,5.0,2.5,1.5,0.0,0.0,0.0,0.4,0.0,1.3,1.2000000000000002,1.9,-169.70000000000002,0.0,0.0,169.8,0.0,21.4,29.200000000000003,29.200000000000003,29.8,300.0,300.0,31.5,35.6,29.1,28.3,30.200000000000003,4.96,1.99,4.96,0.16,0.0,0.0,1027.0,8228.0,0.0,0.0,0.0,0.0,0.0,1.0,0.0,0.0,0.0,0.0,0.0,2.8000000000000003,0.0,-1.4,0.0,0.0,16.0,25903.0
2026-07-30T19:01:20.624Z,250.107,250.122,0.0,7.4,0.0,0.0,0.0,0.0,0.0,0.0,0.0,0.0,1.0,0.0,0.0,0.0,9.0,4.0,0.0,0.0,0.0,0.0,0.0,0.0,0.0,0.0,2.0,12.0,1.0,12.17,5.0,2.5,1.5,0.0,0.0,0.0,0.4,0.0,0.7000000000000001,-1.0,0.2,-169.70000000000002,0.0,0.0,169.8,0.0,21.4,29.200000000000003,29.200000000000003,29.8,300.0,300.0,31.5,35.6,29.1,28.3,30.200000000000003,4.95,1.99,4.97,0.16,0.0,0.0,1027.0,8228.0,0.0,0.0,0.0,0.0,0.0,1.0,0.0,0.0,0.0,0.0,0.0,-1.0,0.0,-0.4,0.0,0.0001,16.0,25903.0
2026-07-30T19:01:20.637Z,250.12,250.134,0.0,7.4,0.0,0.0,0.0,0.0,0.0,0.0,0.0,0.0,1.0,0.0,0.0,0.0,9.0,4.0,0.0,0.0,0.0,0.0,0.0,0.0,0.0,0.0,3.0,12.0,1.0,12.17,5.0,2.5,1.5,0.0,0.0,0.0,0.4,0.0,-0.3,-1.0,-0.9,-169.70000000000002,0.0,0.0,169.60000000000002,0.0,21.4,29.200000000000003,29.200000000000003,29.8,300.0,300.0,31.5,35.6,29.1,28.3,30.200000000000003,4.95,2.0,4.97,0.16,0.0,0.0,1027.0,8228.0,0.0,0.0,0.0,0.0,0.0,1.0,0.0,0.0,0.0,0.0,0.0,-1.9,0.0,0.6000000000000001,0.0,0.0,16.0,25903.0
2026-07-30T19:01:20.649Z,250.132,250.146,0.0,7.4,0.0,0.0,0.0,0.0,0.0,0.0,0.0,0.0,1.0,0.0,0.0,0.0,9.0,4.0,0.0,0.0,0.0,0.0,0.0,0.0,0.0,0.0,4.0,12.0,1.0,12.17,5.0,2.5,1.5,0.0,0.1,0.0,0.4,0.0,0.2,0.6000000000000001,0.7000000000000001,-169.70000000000002,0.0,0.0,169.8,0.0,21.4,29.200000000000003,29.200000000000003,29.8,300.0,300.0,31.5,35.6,29.1,28.3,30.200000000000003,4.95,1.99,4.96,0.16,0.0,0.0,1027.0,8228.0,0.0,0.0,0.0,0.0,0.0,1.0,0.0,0.0,0.0,0.0,0.0,1.3,0.0,-0.5,0.0,0.0003,16.0,25903.0
2026-07-30T19:01:20.660Z,250.143,250.158,0.0,7.4,0.0,0.0,0.0,0.0,0.0,0.0,0.0,0.0,1.0,0.0,0.0,0.0,9.0,4.0,0.0,0.0,0.0,0.0,0.0,0.0,0.0,0.0,6.0,12.0,1.0,12.17,5.0,2.5,1.5,0.0,0.0,0.0,0.4,0.0,0.2,0.0,-0.3,-169.70000000000002,0.0,0.0,169.70000000000002,0.0,21.4,29.200000000000003,29.200000000000003,29.8,300.0,300.0,31.5,35.6,29.1,28.3,30.200000000000003,4.96,1.99,4.96,0.16,0.0,0.0,1027.0,8228.0,0.0,0.0,0.0,0.0,0.0,1.0,0.0,0.0,0.0,0.0,0.0,-0.1,0.0,0.3,0.0,0.0,16.0,25903.0
2026-07-30T19:01:20.673Z,250.156,250.17,0.0,7.4,0.0,0.0,0.0,0.0,0.0,0.0,0.0,0.0,1.0,0.0,0.0,0.0,9.0,4.0,0.0,0.0,0.0,0.0,0.0,0.0,0.0,0.0,1.0,12.0,1.0,12.17,5.0,2.5,1.5,0.0,0.0,0.0,0.4,0.0,-0.3,0.1,1.3,-169.70000000000002,0.0,0.0,169.70000000000002,0.0,21.4,29.200000000000003,29.200000000000003,29.8,300.0,300.0,31.5,35.6,29.1,28.3,30.200000000000003,4.95,1.99,4.96,0.16,0.0,0.0,1027.0,8228.0,0.0,0.0,0.0,0.0,0.0,1.0,0.0,0.0,0.0,0.0,0.0,1.1,0.0,-1.1,0.0,0.0001,16.0,25903.0
2026-07-30T19:01:20.685Z,250.168,250.182,0.0,7.4,0.0,0.0,0.0,0.0,0.0,0.0,0.0,0.0,1.0,0.0,0.0,0.0,9.0,4.0,0.0,0.0,0.0,0.0,0.0,0.0,0.0,0.0,2.0,12.0,1.0,12.17,5.0,2.5,1.5,0.0,0.0,0.0,0.4,0.0,-0.3,-0.4,1.9,-169.70000000000002,0.0,0.0,169.8,0.0,21.4,29.200000000000003,29.200000000000003,29.8,300.0,300.0,31.5,35.6,29.1,28.3,30.200000000000003,4.96,2.0,4.96,0.16,0.0,0.0,1027.0,8228.0,0.0,0.0,0.0,0.0,0.0,1.0,0.0,0.0,0.0,0.0,0.0,0.9,0.0,-1.8,0.0,0.0,16.0,25903.0
2026-07-30T19:01:20.698Z,250.181,250.194,0.0,7.4,0.0,0.0,0.0,0.0,0.0,0.0,0.0,0.0,1.0,0.0,0.0,0.0,9.0,4.0,0.0,0.0,0.0,0.0,0.0,0.0,0.0,0.0,4.0,12.0,1.0,12.15,5.01,2.5,1.49,0.0,0.0,0.0,0.4,0.0,0.2,0.1,1.4,-169.70000000000002,0.0,0.0,169.8,0.0,21.8,29.200000000000003,29.200000000000003,29.8,300.0,300.0,31.5,35.6,29.1,28.3,30.200000000000003,4.96,2.0,4.96,0.16,0.0,0.0,1027.0,8228.0,0.0,0.0,0.0,0.0,0.0,1.0,0.0,0.0,0.0,0.0,0.0,1.2000000000000002,0.0,-1.2000000000000002,0.0,0.0001,16.0,25903.0
2026-07-30T19:01:20.709Z,250.192,250.206,0.0,7.4,0.0,0.0,0.0,0.0,0.0,0.0,0.0,0.0,1.0,0.0,0.0,0.0,9.0,4.0,0.0,0.0,0.0,0.0,0.0,0.0,0.0,0.0,4.0,12.0,1.0,12.15,5.01,2.5,1.49,0.0,0.0,0.0,0.4,0.0,0.3,-0.4,-0.8,-169.70000000000002,0.0,0.0,169.70000000000002,0.0,21.8,29.200000000000003,29.200000000000003,29.8,300.0,300.0,31.5,35.6,29.1,28.3,30.200000000000003,4.95,1.99,4.96,0.16,0.0,0.0,1027.0,8228.0,0.0,0.0,0.0,0.0,0.0,1.0,0.0,0.0,0.0,0.0,0.0,-1.1,0.0,0.6000000000000001,0.0,0.0001,16.0,25903.0
2026-07-30T19:01:20.720Z,250.203,250.218,0.0,7.4,0.0,0.0,0.0,0.0,0.0,0.0,0.0,0.0,1.0,0.0,0.0,0.0,9.0,4.0,0.0,0.0,0.0,0.0,0.0,0.0,0.0,0.0,6.0,12.0,1.0,12.15,5.01,2.5,1.49,0.0,0.0,0.0,0.4,0.0,0.2,0.1,0.8,-169.70000000000002,0.0,0.0,169.8,0.0,21.8,29.200000000000003,29.200000000000003,29.8,300.0,300.0,31.5,35.6,29.1,28.3,30.200000000000003,4.95,1.99,4.97,0.16,0.0,0.0,1027.0,8228.0,0.0,0.0,0.0,0.0,0.0,1.0,0.0,0.0,0.0,0.0,0.0,0.8,0.0,-0.7000000000000001,0.0,0.0,16.0,25903.0
2026-07-30T19:01:20.733Z,250.216,250.23,0.0,7.4,0.0,0.0,0.0,0.0,0.0,0.0,0.0,0.0,1.0,0.0,0.0,0.0,9.0,4.0,0.0,0.0,0.0,0.0,0.0,0.0,0.0,0.0,1.0,12.0,1.0,12.15,5.01,2.5,1.49,0.0,0.0,0.0,0.4,0.0,0.8,-0.4,0.9,-169.70000000000002,0.0,0.0,169.70000000000002,0.0,21.8,29.200000000000003,29.200000000000003,29.8,300.0,300.0,31.5,35.6,29.1,28.3,30.200000000000003,4.96,1.99,4.96,0.16,0.0,0.0,1027.0,8228.0,0.0,0.0,0.0,0.0,0.0,1.0,0.0,0.0,0.0,0.0,0.0,0.2,0.0,-0.9,0.0,0.0,16.0,25903.0
2026-07-30T19:01:20.745Z,250.228,250.242,0.0,7.4,0.0,0.0,0.0,0.0,0.0,0.0,0.0,0.0,1.0,0.0,0.0,0.0,9.0,4.0,0.0,0.0,0.0,0.0,0.0,0.0,0.0,0.0,3.0,12.0,1.0,12.15,5.01,2.5,1.49,0.0,0.1,0.0,0.4,0.0,-0.3,0.0,-1.3,-169.70000000000002,0.0,0.0,169.70000000000002,0.0,21.8,29.200000000000003,29.200000000000003,29.8,300.0,300.0,31.5,35.6,29.1,28.3,30.200000000000003,4.96,1.99,4.97,0.16,0.0,0.0,1027.0,8228.0,0.0,0.0,0.0,0.0,0.0,1.0,0.0,0.0,0.0,0.0,0.0,-0.9,0.0,1.2000000000000002,0.0,0.0,16.0,25903.0
2026-07-30T19:01:20.757Z,250.24,250.254,0.0,7.4,0.0,0.0,0.0,0.0,0.0,0.0,0.0,0.0,1.0,0.0,0.0,0.0,9.0,4.0,0.0,0.0,0.0,0.0,0.0,0.0,0.0,0.0,4.0,12.0,1.0,12.15,5.01,2.5,1.49,0.0,0.0,0.0,0.4,0.0,-1.4,0.6000000000000001,-0.2,-169.70000000000002,0.0,0.0,169.70000000000002,0.0,21.8,29.200000000000003,29.200000000000003,29.8,300.0,300.0,31.5,35.6,29.1,28.3,30.200000000000003,4.95,1.99,4.97,0.16,0.0,0.0,1027.0,8228.0,0.0,0.0,0.0,0.0,0.0,1.0,0.0,0.0,0.0,0.0,0.0,0.6000000000000001,0.0,0.3,0.0,0.0001,16.0,25903.0
2026-07-30T19:01:20.768Z,250.251,250.266,0.0,7.4,0.0,0.0,0.0,0.0,0.0,0.0,0.0,0.0,1.0,0.0,0.0,0.0,9.0,4.0,0.0,0.0,0.0,0.0,0.0,0.0,0.0,0.0,6.0,12.0,1.0,12.15,5.01,2.5,1.49,0.0,0.0,0.0,0.5,0.0,0.3,0.6000000000000001,0.9,-169.70000000000002,0.0,0.0,169.60000000000002,0.0,21.8,29.200000000000003,29.200000000000003,29.8,300.0,300.0,31.5,35.6,29.1,28.3,30.200000000000003,4.96,1.99,4.96,0.16,0.0,0.0,1027.0,8228.0,0.0,0.0,0.0,0.0,0.0,1.0,0.0,0.0,0.0,0.0,0.0,1.5,0.0,-0.7000000000000001,0.0,0.0002,16.0,25903.0
2026-07-30T19:01:20.781Z,250.264,250.278,0.0,7.4,0.0,0.0,0.0,0.0,0.0,0.0,0.0,0.0,1.0,0.0,0.0,0.0,9.0,4.0,0.0,0.0,0.0,0.0,0.0,0.0,0.0,0.0,6.0,12.0,1.0,12.15,5.01,2.5,1.49,0.0,0.0,0.0,0.4,0.0,0.2,-0.4,-0.1,-169.70000000000002,0.0,0.0,169.70000000000002,0.0,21.8,29.200000000000003,29.200000000000003,29.8,300.0,300.0,31.5,35.6,29.1,28.3,30.200000000000003,4.96,2.0,4.96,0.16,0.0,0.0,1027.0,8228.0,0.0,0.0,0.0,0.0,0.0,1.0,0.0,0.0,0.0,0.0,0.0,-0.6000000000000001,0.0,0.0,0.0,0.0001,16.0,25903.0
2026-07-30T19:01:20.793Z,250.276,250.29,0.0,7.4,0.0,0.0,0.0,0.0,0.0,0.0,0.0,0.0,1.0,0.0,0.0,0.0,9.0,4.0,0.0,0.0,0.0,0.0,0.0,0.0,0.0,0.0,6.0,12.0,1.0,12.15,5.01,2.5,1.49,0.0,0.0,0.0,0.4,0.0,0.8,-0.4,-0.7000000000000001,-169.70000000000002,0.0,0.0,169.70000000000002,0.0,21.8,29.200000000000003,29.200000000000003,29.8,300.0,300.0,31.5,35.6,29.1,28.3,30.200000000000003,4.96,1.99,4.97,0.16,0.0,0.0,1027.0,8228.0,0.0,0.0,0.0,0.0,0.0,1.0,0.0,0.0,0.0,0.0,0.0,-1.1,0.0,0.5,0.0,0.0001,16.0,25903.0
2026-07-30T19:01:20.805Z,250.288,250.302,0.0,7.4,0.0,0.0,0.0,0.0,0.0,0.0,0.0,0.0,1.0,0.0,0.0,0.0,9.0,4.0,0.0,0.0,0.0,0.0,0.0,0.0,0.0,0.0,2.0,12.0,1.0,12.18,5.0200000000000005,2.51,1.49,0.0,0.0,0.0,0.4,0.0,-0.2,0.0,-0.7000000000000001,-169.70000000000002,0.0,0.0,169.8,0.0,21.3,29.200000000000003,29.200000000000003,29.8,300.0,300.0,31.5,35.6,29.1,28.3,30.200000000000003,4.95,2.0,4.97,0.16,0.0,0.0,1027.0,8228.0,0.0,0.0,0.0,0.0,0.0,1.0,0.0,0.0,0.0,0.0,0.0,-0.5,0.0,0.7000000000000001,0.0,0.0,16.0,25903.0
2026-07-30T19:01:20.817Z,250.3,250.314,0.0,7.4,0.0,0.0,0.0,0.0,0.0,0.0,0.0,0.0,1.0,0.0,0.0,0.0,9.0,4.0,0.0,0.0,0.0,0.0,0.0,0.0,0.0,0.0,3.0,12.0,1.0,12.18,5.0200000000000005,2.51,1.49,0.0,0.0,0.0,0.4,0.0,-0.3,-0.5,-0.1,-169.70000000000002,0.0,0.0,169.8,0.0,21.3,29.200000000000003,29.200000000000003,29.8,300.0,300.0,31.5,35.6,29.1,28.3,30.200000000000003,4.96,2.0,4.96,0.16,0.0,0.0,1027.0,8228.0,0.0,0.0,0.0,0.0,0.0,1.0,0.0,0.0,0.0,0.0,0.0,-0.7000000000000001,0.0,0.0,0.0,0.0001,16.0,25903.0
2026-07-30T19:01:20.828Z,250.311,250.326,0.0,7.4,0.0,0.0,0.0,0.0,0.0,0.0,0.0,0.0,1.0,0.0,0.0,0.0,9.0,4.0,0.0,0.0,0.0,0.0,0.0,0.0,0.0,0.0,4.0,12.0,1.0,12.18,5.0200000000000005,2.51,1.49,0.0,0.1,0.0,0.4,0.0,-0.3,-1.1,-0.7000000000000001,-169.70000000000002,0.0,0.0,169.70000000000002,0.0,21.3,29.200000000000003,29.200000000000003,29.8,300.0,300.0,31.5,35.6,29.1,28.3,30.200000000000003,4.95,1.99,4.97,0.16,0.0,0.0,1027.0,8228.0,0.0,0.0,0.0,0.0,0.0,1.0,0.0,0.0,0.0,0.0,0.0,-1.8,0.0,0.3,0.0,0.0002,16.0,25903.0
2026-07-30T19:01:20.840Z,250.323,250.338,0.0,7.4,0.0,0.0,0.0,0.0,0.0,0.0,0.0,0.0,1.0,0.0,0.0,0.0,9.0,4.0,0.0,0.0,0.0,0.0,0.0,0.0,0.0,0.0,5.0,12.0,1.0,12.18,5.0200000000000005,2.51,1.49,0.0,0.0,0.0,0.4,0.0,0.2,1.7000000000000002,1.5,-169.70000000000002,0.0,0.0,169.70000000000002,0.0,21.3,29.200000000000003,29.200000000000003,29.8,300.0,300.0,31.5,35.6,29.1,28.3,30.200000000000003,4.95,1.99,4.97,0.16,0.0,0.0,1027.0,8228.0,0.0,0.0,0.0,0.0,0.0,1.0,0.0,0.0,0.0,0.0,0.0,3.1,0.0,-1.0,0.0,0.0001,16.0,25903.0
2026-07-30T19:01:20.852Z,250.335,250.35,0.0,7.4,0.0,0.0,0.0,0.0,0.0,0.0,0.0,0.0,1.0,0.0,0.0,0.0,9.0,4.0,0.0,0.0,0.0,0.0,0.0,0.0,0.0,0.0,6.0,12.0,1.0,12.18,5.0200000000000005,2.51,1.49,0.0,0.0,0.0,0.4,0.0,0.2,-0.5,-0.1,-169.70000000000002,0.0,0.0,169.70000000000002,0.0,21.3,29.200000000000003,29.200000000000003,29.8,300.0,300.0,31.5,35.6,29.1,28.3,30.200000000000003,4.96,2.0,4.97,0.16,0.0,0.0,1027.0,8228.0,0.0,0.0,0.0,0.0,0.0,1.0,0.0,0.0,0.0,0.0,0.0,-0.7000000000000001,0.0,0.0,0.0,0.0001,16.0,25903.0
2026-07-30T19:01:20.865Z,250.348,250.362,0.0,7.4,0.0,0.0,0.0,0.0,0.0,0.0,0.0,0.0,1.0,0.0,0.0,0.0,9.0,4.0,0.0,0.0,0.0,0.0,0.0,0.0,0.0,0.0,1.0,12.0,1.0,12.18,5.0200000000000005,2.51,1.49,0.0,0.0,0.0,0.4,0.0,-0.9,0.0,-0.1,-169.70000000000002,0.0,0.0,169.8,0.0,21.3,29.200000000000003,29.200000000000003,29.8,300.0,300.0,31.5,35.6,29.1,28.3,30.200000000000003,4.95,2.0,4.96,0.16,0.0,0.0,1027.0,8228.0,0.0,0.0,0.0,0.0,0.0,1.0,0.0,0.0,0.0,0.0,0.0,-0.1,0.0,0.1,0.0,0.0,16.0,25903.0
2026-07-30T19:01:20.876Z,250.359,250.374,0.0,7.4,0.0,0.0,0.0,0.0,0.0,0.0,0.0,0.0,1.0,0.0,0.0,0.0,9.0,4.0,0.0,0.0,0.0,0.0,0.0,0.0,0.0,0.0,2.0,12.0,1.0,12.18,5.0200000000000005,2.51,1.49,0.0,0.0,0.0,0.4,0.0,-0.3,-1.1,0.4,-169.70000000000002,0.0,0.0,169.8,0.0,21.3,29.200000000000003,29.200000000000003,29.8,300.0,300.0,31.5,35.6,29.1,28.3,30.200000000000003,4.95,1.99,4.97,0.16,0.0,0.0,1027.0,8228.0,0.0,0.0,0.0,0.0,0.0,1.0,0.0,0.0,0.0,0.0,0.0,-0.9,0.0,-0.6000000000000001,0.0,0.0001,16.0,25903.0
2026-07-30T19:01:20.888Z,250.371,250.386,0.0,7.4,0.0,0.0,0.0,0.0,0.0,0.0,0.0,0.0,1.0,0.0,0.0,0.0,9.0,4.0,0.0,0.0,0.0,0.0,0.0,0.0,0.0,0.0,3.0,12.0,1.0,12.18,5.0200000000000005,2.51,1.49,0.0,0.0,0.0,0.5,0.0,0.2,1.8,0.9,-169.70000000000002,0.0,0.0,169.8,0.0,21.3,29.200000000000003,29.200000000000003,29.8,300.0,300.0,31.5,35.6,29.1,28.3,30.200000000000003,4.95,2.0,4.96,0.16,0.0,0.0,1027.0,8228.0,0.0,0.0,0.0,0.0,0.0,1.0,0.0,0.0,0.0,0.0,0.0,2.7,0.0,-0.4,0.0,0.0002,16.0,25903.0
2026-07-30T19:01:20.901Z,250.384,250.398,0.0,7.4,0.0,0.0,0.0,0.0,0.0,0.0,0.0,0.0,1.0,0.0,0.0,0.0,9.0,4.0,0.0,0.0,0.0,0.0,0.0,0.0,0.0,0.0,4.0,12.0,1.0,12.14,5.0200000000000005,2.51,1.49,0.0,0.0,0.0,0.4,0.0,-0.3,0.6000000000000001,2.0,-169.70000000000002,0.0,0.0,169.70000000000002,0.0,21.4,29.200000000000003,29.200000000000003,29.8,300.0,300.0,31.5,35.6,29.1,28.3,30.200000000000003,4.95,1.99,4.96,0.16,0.0,0.0,1027.0,8228.0,0.0,0.0,0.0,0.0,0.0,1.0,0.0,0.0,0.0,0.0,0.0,2.2,0.0,-1.7000000000000002,0.0,0.0,16.0,25903.0
2026-07-30T19:01:20.913Z,250.396,250.41,0.0,7.4,0.0,0.0,0.0,0.0,0.0,0.0,0.0,0.0,1.0,0.0,0.0,0.0,9.0,4.0,0.0,0.0,0.0,0.0,0.0,0.0,0.0,0.0,5.0,12.0,1.0,12.14,5.0200000000000005,2.51,1.49,0.0,0.0,0.0,0.4,0.0,1.4,1.8,2.6,-169.70000000000002,0.0,0.0,169.70000000000002,0.0,21.4,29.200000000000003,29.200000000000003,29.8,300.0,300.0,31.5,35.6,29.1,28.3,30.200000000000003,4.95,1.99,4.96,0.16,0.0,0.0,1027.0,8228.0,0.0,0.0,0.0,0.0,0.0,1.0,0.0,0.0,0.0,0.0,0.0,-0.7000000000000001,0.0,0.0,0.0,0.0001,16.0,25903.0
2026-07-30T19:01:20.925Z,250.408,250.422,0.0,7.4,0.0,0.0,0.0,0.0,0.0,0.0,0.0,0.0,1.0,0.0,0.0,0.0,9.0,4.0,0.0,0.0,0.0,0.0,0.0,0.0,0.0,0.0,1.0,12.0,1.0,12.14,5.0200000000000005,2.51,1.49,0.0,0.0,0.0,0.4,0.0,-0.3,-1.1,-0.2,-169.70000000000002,0.0,0.0,169.70000000000002,0.0,21.4,29.200000000000003,29.200000000000003,29.8,300.0,300.0,31.5,35.6,29.1,28.3,30.200000000000003,4.96,1.99,4.96,0.16,0.0,0.0,1027.0,8228.0,0.0,0.0,0.0,0.0,0.0,1.0,0.0,0.0,0.0,0.0,0.0,-0.6000000000000001,0.0,-1.0,0.0,0.0,16.0,25903.0
2026-07-30T19:01:20.937Z,250.42,250.434,0.0,7.4,0.0,0.0,0.0,0.0,0.0,0.0,0.0,0.0,1.0,0.0,0.0,0.0,9.0,4.0,0.0,0.0,0.0,0.0,0.0,0.0,0.0,0.0,2.0,12.0,1.0,12.14,5.0200000000000005,2.51,1.49,0.0,0.0,0.0,0.4,0.0,0.8,1.1,0.3,-169.70000000000002,0.0,0.0,169.70000000000002,0.0,21.4,29.200000000000003,29.200000000000003,29.8,300.0,300.0,31.5,35.6,29.1,28.3,30.200000000000003,4.96,1.99,4.96,0.16,0.0,0.0,1027.0,8228.0,0.0,0.0,0.0,0.0,0.0,1.0,0.0,0.0,0.0,0.0,0.0,-0.6000000000000001,0.0,0.7000000000000001,0.0,0.0,16.0,25903.0
2026-07-30T19:01:20.949Z,250.432,250.446,0.0,7.4,0.0,0.0,0.0,0.0,0.0,0.0,0.0,0.0,1.0,0.0,0.0,0.0,9.0,4.0,0.0,0.0,0.0,0.0,0.0,0.0,0.0,0.0,4.0,12.0,1.0,12.14,5.0200000000000005,2.51,1.49,0.0,0.0,0.0,0.4,0.0,-0.8,0.6000000000000001,-0.2,-169.70000000000002,0.0,0.0,169.70000000000002,0.0,21.4,29.200000000000003,29.200000000000003,29.8,300.0,300.0,31.5,35.6,29.1,28.3,30.200000000000003,4.95,1.99,4.96,0.16,0.0,0.0,1027.0,8228.0,0.0,0.0,0.0,0.0,0.0,1.0,0.0,0.0,0.0,0.0,0.0,-1.2000000000000002,0.0,0.5,0.0,0.0,16.0,25903.0
2026-07-30T19:01:20.961Z,250.444,250.458,0.0,7.4,0.0,0.0,0.0,0.0,0.0,0.0,0.0,0.0,1.0,0.0,0.0,0.0,9.0,4.0,0.0,0.0,0.0,0.0,0.0,0.0,0.0,0.0,5.0,12.0,1.0,12.14,5.0200000000000005,2.51,1.49,0.0,0.0,0.0,0.4,0.0,-0.2,-0.5,-0.1,-169.70000000000002,0.0,0.0,169.60000000000002,0.0,21.4,29.200000000000003,29.200000000000003,29.8,300.0,300.0,31.5,35.6,29.1,28.3,30.200000000000003,4.95,1.99,4.97,0.16,0.0,0.0,1027.0,8228.0,0.0,0.0,0.0,0.0,0.0,1.0,0.0,0.0,0.0,0.0,0.0,-0.7000000000000001,0.0,0.0,0.0,0.0001,16.0,25903.0
2026-07-30T19:01:20.973Z,250.456,250.47,0.0,7.4,0.0,0.0,0.0,0.0,0.0,0.0,0.0,0.0,1.0,0.0,0.0,0.0,9.0,4.0,0.0,0.0,0.0,0.0,0.0,0.0,0.0,0.0,1.0,12.0,1.0,12.14,5.0200000000000005,2.51,1.49,0.0,0.0,0.0,0.4,0.0,0.3,-0.5,-0.1,-169.70000000000002,0.0,0.0,169.70000000000002,0.0,21.4,29.200000000000003,29.200000000000003,29.8,300.0,300.0,31.5,35.6,29.1,28.3,30.200000000000003,4.95,1.99,4.96,0.16,0.0,0.0,1027.0,8228.0,0.0,0.0,0.0,0.0,0.0,1.0,0.0,0.0,0.0,0.0,0.0,-0.6000000000000001,0.0,0.0,0.0,0.0001,16.0,25903.0
2026-07-30T19:01:20.985Z,250.468,250.482,0.0,7.4,0.0,0.0,0.0,0.0,0.0,0.0,0.0,0.0,1.0,0.0,0.0,0.0,9.0,4.0,0.0,0.0,0.0,0.0,0.0,0.0,0.0,0.0,2.0,12.0,1.0,12.14,5.0200000000000005,2.51,1.49,0.0,0.0,0.0,0.4,0.0,-0.8,0.6000000000000001,1.6,-169.70000000000002,0.0,0.0,169.8,0.0,21.4,29.200000000000003,29.200000000000003,29.8,300.0,300.0,31.5,35.6,29.1,28.3,30.200000000000003,4.95,1.99,4.97,0.16,0.0,0.0,1027.0,8228.0,0.0,0.0,0.0,0.0,0.0,1.0,0.0,0.0,0.0,0.0,0.0,1.9,0.0,-1.3,0.0,0.0001,16.0,25903.0
2026-07-30T19:01:20.997Z,250.48,250.494,0.0,7.4,0.0,0.0,0.0,0.0,0.0,0.0,0.0,0.0,1.0,0.0,0.0,0.0,9.0,4.0,0.0,0.0,0.0,0.0,0.0,0.0,0.0,0.0,4.0,12.0,1.0,12.14,5.0200000000000005,2.51,1.49,0.0,0.0,0.0,0.4,0.0,0.3,0.5,-0.7000000000000001,-169.70000000000002,0.0,0.0,169.70000000000002,0.0,21.4,29.200000000000003,29.200000000000003,29.8,300.0,300.0,31.5,35.6,29.1,28.3,30.200000000000003,4.95,1.99,4.97,0.16,0.0,0.0,1027.0,8228.0,0.0,0.0,0.0,0.0,0.0,1.0,0.0,0.0,0.0,0.0,0.0,0.1,0.0,0.7000000000000001,0.0,0.0002,16.0,25903.0
2026-07-30T19:01:21.009Z,250.492,250.506,0.0,7.4,0.0,0.0,0.0,0.0,0.0,0.0,0.0,0.0,1.0,0.0,0.0,0.0,9.0,4.0,0.0,0.0,0.0,0.0,0.0,0.0,0.0,0.0,5.0,12.0,1.0,12.2,5.01,2.5,1.49,0.0,0.0,0.0,0.5,0.0,0.3,0.0,0.0,-169.70000000000002,0.0,0.0,169.8,0.0,21.200000000000003,29.200000000000003,29.200000000000003,29.8,300.0,300.0,31.5,35.5,29.1,28.3,30.200000000000003,4.95,1.99,4.96,0.16,0.0,0.0,1027.0,8228.0,0.0,0.0,0.0,0.0,0.0,1.0,0.0,0.0,0.0,0.0,0.0,0.0,0.0,0.0,0.0,0.0001,16.0,25903.0
2026-07-30T19:01:21.021Z,250.504,250.518,0.0,7.4,0.0,0.0,0.0,0.0,0.0,0.0,0.0,0.0,1.0,0.0,0.0,0.0,9.0,4.0,0.0,0.0,0.0,0.0,0.0,0.0,0.0,0.0,6.0,12.0,1.0,12.2,5.01,2.5,1.49,0.0,0.0,0.0,0.4,0.0,-0.2,-1.2000000000000002,-0.1,-169.70000000000002,0.0,0.0,169.70000000000002,0.0,21.200000000000003,29.200000000000003,29.200000000000003,29.8,300.0,300.0,31.5,35.5,29.1,28.3,30.200000000000003,4.96,2.0,4.97,0.16,0.0,0.0,1027.0,8228.0,0.0,0.0,0.0,0.0,0.0,1.0,0.0,0.0,0.0,0.0,0.0,-1.4,0.0,-0.1,0.0,0.0,16.0,25903.0
2026-07-30T19:01:21.032Z,250.515,250.53,0.0,7.4,0.0,0.0,0.0,0.0,0.0,0.0,0.0,0.0,1.0,0.0,0.0,0.0,9.0,4.0,0.0,0.0,0.0,0.0,0.0,0.0,0.0,0.0,2.0,12.0,1.0,12.2,5.01,2.5,1.49,0.0,0.0,0.0,0.4,0.0,-0.2,0.0,-0.1,-169.70000000000002,0.0,0.0,169.8,0.0,21.200000000000003,29.200000000000003,29.200000000000003,29.8,300.0,300.0,31.5,35.5,29.1,28.3,30.200000000000003,4.96,1.99,4.97,0.16,0.0,0.0,1027.0,8228.0,0.0,0.0,0.0,0.0,0.0,1.0,0.0,0.0,0.0,0.0,0.0,-0.1,0.0,0.1,0.0,0.0,16.0,25903.0
2026-07-30T19:01:21.044Z,250.527,250.542,0.0,7.4,0.0,0.0,0.0,0.0,0.0,0.0,0.0,0.0,1.0,0.0,0.0,0.0,9.0,4.0,0.0,0.0,0.0,0.0,0.0,0.0,0.0,0.0,3.0,12.0,1.0,12.2,5.01,2.5,1.49,0.0,0.0,0.0,0.4,0.0,0.2,0.0,-0.1,-169.70000000000002,0.0,0.0,169.8,0.0,21.200000000000003,29.200000000000003,29.200000000000003,29.8,300.0,300.0,31.5,35.5,29.1,28.3,30.200000000000003,4.95,1.99,4.97,0.16,0.0,0.0,1027.0,8228.0,0.0,0.0,0.0,0.0,0.0,1.0,0.0,0.0,0.0,0.0,0.0,-0.1,0.0,0.1,0.0,0.0001,16.0,25903.0
2026-07-30T19:01:21.057Z,250.54,250.554,0.0,7.4,0.0,0.0,0.0,0.0,0.0,0.0,0.0,0.0,1.0,0.0,0.0,0.0,9.0,4.0,0.0,0.0,0.0,0.0,0.0,0.0,0.0,0.0,4.0,12.0,1.0,12.2,5.01,2.5,1.49,0.0,0.0,0.0,0.4,0.0,0.3,-1.7000000000000002,-1.9,-169.70000000000002,0.0,0.0,169.8,0.0,21.200000000000003,29.200000000000003,29.200000000000003,29.8,300.0,300.0,31.5,35.5,29.1,28.3,30.200000000000003,4.96,1.99,4.96,0.16,0.0,0.0,1027.0,8228.0,0.0,0.0,0.0,0.0,0.0,1.0,0.0,0.0,0.0,0.0,0.0,-3.4000000000000004,0.0,1.3,0.0,0.0,16.0,25903.0
2026-07-30T19:01:21.068Z,250.551,250.566,0.0,7.4,0.0,0.0,0.0,0.0,0.0,0.0,0.0,0.0,1.0,0.0,0.0,0.0,9.0,4.0,0.0,0.0,0.0,0.0,0.0,0.0,0.0,0.0,6.0,12.0,1.0,12.2,5.01,2.5,1.49,0.0,0.0,0.0,0.4,0.0,-0.2,-1.1,-0.7000000000000001,-169.70000000000002,0.0,0.0,169.8,0.0,21.200000000000003,29.200000000000003,29.200000000000003,29.8,300.0,300.0,31.5,35.5,29.1,28.3,30.200000000000003,4.95,1.99,4.97,0.16,0.0,0.0,1027.0,8228.0,0.0,0.0,0.0,0.0,0.0,1.0,0.0,0.0,0.0,0.0,0.0,-1.8,0.0,0.3,0.0,0.0001,16.0,25903.0
2026-07-30T19:01:21.081Z,250.564,250.578,0.0,7.4,0.0,0.0,0.0,0.0,0.0,0.0,0.0,0.0,1.0,0.0,0.0,0.0,9.0,4.0,0.0,0.0,0.0,0.0,0.0,0.0,0.0,0.0,1.0,12.0,1.0,12.2,5.01,2.5,1.49,0.0,0.0,0.0,0.5,0.0,0.3,1.1,1.0,-169.70000000000002,0.0,0.0,169.70000000000002,0.0,21.200000000000003,29.200000000000003,29.200000000000003,29.8,300.0,300.0,31.5,35.5,29.1,28.3,30.200000000000003,4.95,1.99,4.97,0.16,0.0,0.0,1027.0,8228.0,0.0,0.0,0.0,0.0,0.0,1.0,0.0,0.0,0.0,0.0,0.0,2.1,0.0,-0.7000000000000001,0.0,0.0,16.0,25903.0
2026-07-30T19:01:21.098Z,250.581,250.59,0.0,7.4,0.0,0.0,0.0,0.0,0.0,0.0,0.0,0.0,1.0,0.0,0.0,0.0,9.0,4.0,0.0,0.0,0.0,0.0,0.0,0.0,0.0,0.0,3.0,12.0,1.0,12.2,5.01,2.5,1.49,0.0,0.0,0.0,0.4,0.0,0.9,0.6000000000000001,-0.1,-169.70000000000002,0.0,0.0,169.70000000000002,0.0,21.200000000000003,29.200000000000003,29.200000000000003,29.8,300.0,300.0,31.5,35.5,29.1,28.3,30.200000000000003,4.96,2.0,4.97,0.17,0.0,0.0,1027.0,8228.0,0.0,0.0,0.0,0.0,0.0,1.0,0.0,0.0,0.0,0.0,0.0,0.5,0.0,0.2,0.0,0.0001,16.0,25903.0
2026-07-30T19:01:21.108Z,250.591,250.602,0.0,7.4,0.0,0.0,0.0,0.0,0.0,0.0,0.0,0.0,1.0,0.0,0.0,0.0,9.0,4.0,0.0,0.0,0.0,0.0,0.0,0.0,0.0,0.0,1.0,12.0,1.0,12.17,5.01,2.51,1.49,0.0,0.1,0.0,0.4,0.0,0.3,-0.5,0.4,-169.70000000000002,0.0,0.0,169.70000000000002,0.0,21.8,29.200000000000003,29.200000000000003,29.8,300.0,300.0,31.5,35.5,29.1,28.3,30.200000000000003,4.95,2.0,4.96,0.16,0.0,0.0,1027.0,8228.0,0.0,0.0,0.0,0.0,0.0,1.0,0.0,0.0,0.0,0.0,0.0,-0.3,0.0,-0.5,0.0,0.0001,16.0,25903.0
2026-07-30T19:01:21.117Z,250.6,250.614,0.0,7.4,0.0,0.0,0.0,0.0,0.0,0.0,0.0,0.0,1.0,0.0,0.0,0.0,9.0,4.0,0.0,0.0,0.0,0.0,0.0,0.0,0.0,0.0,5.0,12.0,1.0,12.17,5.01,2.51,1.49,0.0,0.0,0.0,0.4,0.0,-0.8,-1.1,0.0,-169.70000000000002,0.0,0.0,169.60000000000002,0.0,21.8,29.200000000000003,29.200000000000003,29.8,300.0,300.0,31.5,35.5,29.1,28.3,30.200000000000003,4.95,1.99,4.97,0.16,0.0,0.0,1027.0,8228.0,0.0,0.0,0.0,0.0,0.0,1.0,0.0,0.0,0.0,0.0,0.0,-1.3,0.0,-0.1,0.0,0.0001,16.0,25903.0
2026-07-30T19:01:21.129Z,250.612,250.626,0.0,7.4,0.0,0.0,0.0,0.0,0.0,0.0,0.0,0.0,1.0,0.0,0.0,0.0,9.0,4.0,0.0,0.0,0.0,0.0,0.0,0.0,0.0,0.0,1.0,12.0,1.0,12.17,5.01,2.51,1.49,0.0,0.0,0.0,0.4,0.0,-0.2,-0.5,-1.2000000000000002,-169.70000000000002,0.0,0.0,169.60000000000002,0.0,21.8,29.200000000000003,29.200000000000003,29.8,300.0,300.0,31.5,35.5,29.1,28.3,30.200000000000003,4.95,1.99,4.96,0.16,0.0,0.0,1027.0,8228.0,0.0,0.0,0.0,0.0,0.0,1.0,0.0,0.0,0.0,0.0,0.0,-1.5,0.0,1.0,0.0,0.0001,16.0,25903.0
2026-07-30T19:01:21.140Z,250.623,250.638,0.0,7.4,0.0,0.0,0.0,0.0,0.0,0.0,0.0,0.0,1.0,0.0,0.0,0.0,9.0,4.0,0.0,0.0,0.0,0.0,0.0,0.0,0.0,0.0,2.0,12.0,1.0,12.17,5.01,2.51,1.49,0.0,0.0,0.0,0.4,0.0,0.3,0.0,1.1,-169.70000000000002,0.0,0.0,169.70000000000002,0.0,21.8,29.200000000000003,29.200000000000003,29.8,300.0,300.0,31.5,35.5,29.1,28.3,30.200000000000003,4.96,1.99,4.96,0.16,0.0,0.0,1027.0,8228.0,0.0,0.0,0.0,0.0,0.0,1.0,0.0,0.0,0.0,0.0,0.0,0.8,0.0,-0.9,0.0,0.0,16.0,25903.0
2026-07-30T19:01:21.153Z,250.636,250.65,0.0,7.4,0.0,0.0,0.0,0.0,0.0,0.0,0.0,0.0,1.0,0.0,0.0,0.0,9.0,4.0,0.0,0.0,0.0,0.0,0.0,0.0,0.0,0.0,3.0,12.0,1.0,12.17,5.01,2.51,1.49,0.0,0.0,0.0,0.4,0.0,0.3,-0.5,-0.6000000000000001,-169.70000000000002,0.0,0.0,169.70000000000002,0.0,21.8,29.200000000000003,29.200000000000003,29.8,300.0,300.0,31.5,35.5,29.1,28.3,30.200000000000003,4.95,1.99,4.97,0.16,0.0,0.0,1027.0,8228.0,0.0,0.0,0.0,0.0,0.0,1.0,0.0,0.0,0.0,0.0,0.0,-1.1,0.0,0.4,0.0,0.0001,16.0,25903.0
2026-07-30T19:01:21.164Z,250.647,250.662,0.0,7.4,0.0,0.0,0.0,0.0,0.0,0.0,0.0,0.0,1.0,0.0,0.0,0.0,9.0,4.0,0.0,0.0,0.0,0.0,0.0,0.0,0.0,0.0,5.0,12.0,1.0,12.17,5.01,2.51,1.49,0.0,0.0,0.0,0.4,0.0,0.3,-0.5,0.5,-169.70000000000002,0.0,0.0,169.70000000000002,0.0,21.8,29.200000000000003,29.200000000000003,29.8,300.0,300.0,31.5,35.5,29.1,28.3,30.200000000000003,4.96,1.99,4.97,0.16,0.0,0.0,1027.0,8228.0,0.0,0.0,0.0,0.0,0.0,1.0,0.0,0.0,0.0,0.0,0.0,-0.2,0.0,-0.5,0.0,0.0001,16.0,25903.0
2026-07-30T19:01:21.176Z,250.659,250.674,0.0,7.4,0.0,0.0,0.0,0.0,0.0,0.0,0.0,0.0,1.0,0.0,0.0,0.0,9.0,4.0,0.0,0.0,0.0,0.0,0.0,0.0,0.0,0.0,6.0,12.0,1.0,12.17,5.01,2.51,1.49,0.0,0.0,0.0,0.4,0.0,0.9,1.2000000000000002,-0.6000000000000001,-169.70000000000002,0.0,0.0,169.70000000000002,0.0,21.8,29.200000000000003,29.200000000000003,29.8,300.0,300.0,31.5,35.5,29.1,28.3,30.200000000000003,4.96,2.0,4.97,0.16,0.0,0.0,1027.0,8228.0,0.0,0.0,0.0,0.0,0.0,1.0,0.0,0.0,0.0,0.0,0.0,0.8,0.0,0.8,0.0,0.0001,16.0,25903.0
2026-07-30T19:01:21.189Z,250.672,250.686,0.0,7.4,0.0,0.0,0.0,0.0,0.0,0.0,0.0,0.0,1.0,0.0,0.0,0.0,9.0,4.0,0.0,0.0,0.0,0.0,0.0,0.0,0.0,0.0,1.0,12.0,1.0,12.17,5.01,2.51,1.49,0.0,0.0,0.0,0.4,0.0,-0.2,0.6000000000000001,-1.1,-169.70000000000002,0.0,0.0,169.8,0.0,21.8,29.200000000000003,29.200000000000003,29.8,300.0,300.0,31.5,35.5,29.1,28.3,30.200000000000003,4.95,1.99,4.97,0.16,0.0,0.0,1027.0,8228.0,0.0,0.0,0.0,0.0,0.0,1.0,0.0,0.0,0.0,0.0,0.0,-0.1,0.0,1.1,0.0,0.0,16.0,25903.0
2026-07-30T19:01:21.201Z,250.684,250.698,0.0,7.4,0.0,0.0,0.0,0.0,0.0,0.0,0.0,0.0,1.0,0.0,0.0,0.0,9.0,4.0,0.0,0.0,0.0,0.0,0.0,0.0,0.0,0.0,3.0,12.0,1.0,12.17,5.01,2.51,1.49,0.0,0.0,0.0,0.4,0.0,-0.1,-0.4,1.1,-169.70000000000002,0.0,0.0,169.70000000000002,0.0,21.8,29.200000000000003,29.200000000000003,29.8,300.0,300.0,31.5,35.5,29.1,28.3,30.200000000000003,4.95,1.99,4.97,0.16,0.0,0.0,1027.0,8228.0,0.0,0.0,0.0,0.0,0.0,1.0,0.0,0.0,0.0,0.0,0.0,0.3,0.0,-1.1,0.0,0.0,16.0,25903.0
2026-07-30T19:01:21.213Z,250.696,250.71,0.0,7.4,0.0,0.0,0.0,0.0,0.0,0.0,0.0,0.0,1.0,0.0,0.0,0.0,9.0,4.0,0.0,0.0,0.0,0.0,0.0,0.0,0.0,0.0,4.0,12.0,1.0,12.18,5.01,2.51,1.49,0.0,0.0,0.0,0.4,0.0,1.0,-0.5,1.1,-169.70000000000002,0.0,0.0,169.70000000000002,0.0,21.700000000000003,29.200000000000003,29.200000000000003,29.8,300.0,300.0,31.5,35.6,29.1,28.3,30.200000000000003,4.96,1.99,4.96,0.16,0.0,0.0,1027.0,8228.0,0.0,0.0,0.0,0.0,0.0,1.0,0.0,0.0,0.0,0.0,0.0,0.2,0.0,-1.0,0.0,0.0,16.0,25903.0
2026-07-30T19:01:21.225Z,250.708,250.722,0.0,7.4,0.0,0.0,0.0,0.0,0.0,0.0,0.0,0.0,1.0,0.0,0.0,0.0,9.0,4.0,0.0,0.0,0.0,0.0,0.0,0.0,0.0,0.0,6.0,12.0,1.0,12.18,5.01,2.51,1.49,0.0,0.1,0.0,0.4,0.0,0.4,0.0,1.6,-169.70000000000002,0.0,0.0,169.70000000000002,0.0,21.700000000000003,29.200000000000003,29.200000000000003,29.8,300.0,300.0,31.5,35.6,29.1,28.3,30.200000000000003,4.96,1.99,4.97,0.16,0.0,0.0,1027.0,8228.0,0.0,0.0,0.0,0.0,0.0,1.0,0.0,0.0,0.0,0.0,0.0,1.2000000000000002,0.0,-1.4,0.0,0.0,16.0,25903.0
2026-07-30T19:01:21.236Z,250.719,250.734,0.0,7.4,0.0,0.0,0.0,0.0,0.0,0.0,0.0,0.0,1.0,0.0,0.0,0.0,9.0,4.0,0.0,0.0,0.0,0.0,0.0,0.0,0.0,0.0,1.0,12.0,1.0,12.18,5.01,2.51,1.49,0.0,0.0,0.0,0.4,0.0,-0.1,0.5,0.4,-169.70000000000002,0.0,0.0,169.70000000000002,0.0,21.700000000000003,29.200000000000003,29.200000000000003,29.8,300.0,300.0,31.5,35.6,29.1,28.3,30.200000000000003,4.95,1.99,4.97,0.16,0.0,0.0,1027.0,8228.0,0.0,0.0,0.0,0.0,0.0,1.0,0.0,0.0,0.0,0.0,0.0,0.9,0.0,-0.2,0.0,0.0001,16.0,25903.0
2026-07-30T19:01:21.248Z,250.731,250.746,0.0,7.4,0.0,0.0,0.0,0.0,0.0,0.0,0.0,0.0,1.0,0.0,0.0,0.0,9.0,4.0,0.0,0.0,0.0,0.0,0.0,0.0,0.0,0.0,2.0,12.0,1.0,12.18,5.01,2.51,1.49,0.0,0.0,0.0,0.4,0.0,-0.7000000000000001,-1.2000000000000002,-1.3,-169.70000000000002,0.0,0.0,169.70000000000002,0.0,21.700000000000003,29.200000000000003,29.200000000000003,29.8,300.0,300.0,31.5,35.6,29.1,28.3,30.200000000000003,4.96,1.99,4.96,0.16,0.0,0.0,1027.0,8228.0,0.0,0.0,0.0,0.0,0.0,1.0,0.0,0.0,0.0,0.0,0.0,-2.3000000000000003,0.0,0.8,0.0,0.0001,16.0,25903.0
2026-07-30T19:01:21.260Z,250.743,250.758,0.0,7.4,0.0,0.0,0.0,0.0,0.0,0.0,0.0,0.0,1.0,0.0,0.0,0.0,9.0,4.0,0.0,0.0,0.0,0.0,0.0,0.0,0.0,0.0,3.0,12.0,1.0,12.18,5.01,2.51,1.49,0.0,0.1,0.0,0.4,0.0,-0.7000000000000001,-0.6000000000000001,-0.1,-169.70000000000002,0.0,0.0,169.8,0.0,21.700000000000003,29.200000000000003,29.200000000000003,29.8,300.0,300.0,31.5,35.6,29.1,28.3,30.200000000000003,4.95,2.0,4.96,0.16,0.0,0.0,1027.0,8228.0,0.0,0.0,0.0,0.0,0.0,1.0,0.0,0.0,0.0,0.0,0.0,-0.7000000000000001,0.0,0.0,0.0,0.0,16.0,25903.0
2026-07-30T19:01:21.272Z,250.755,250.77,0.0,7.4,0.0,0.0,0.0,0.0,0.0,0.0,0.0,0.0,1.0,0.0,0.0,0.0,9.0,4.0,0.0,0.0,0.0,0.0,0.0,0.0,0.0,0.0,4.0,12.0,1.0,12.18,5.01,2.51,1.49,0.0,0.0,0.0,0.4,0.0,-0.7000000000000001,0.5,1.0,-169.70000000000002,0.0,0.0,169.70000000000002,0.0,21.700000000000003,29.200000000000003,29.200000000000003,29.8,300.0,300.0,31.5,35.6,29.1,28.3,30.200000000000003,4.95,1.99,4.97,0.16,0.0,0.0,1027.0,8228.0,0.0,0.0,0.0,0.0,0.0,1.0,0.0,0.0,0.0,0.0,0.0,1.4,0.0,-0.8,0.0,0.0001,16.0,25903.0
2026-07-30T19:01:21.285Z,250.768,250.782,0.0,7.4,0.0,0.0,0.0,0.0,0.0,0.0,0.0,0.0,1.0,0.0,0.0,0.0,9.0,4.0,0.0,0.0,0.0,0.0,0.0,0.0,0.0,0.0,5.0,12.0,1.0,12.18,5.01,2.51,1.49,0.0,0.0,0.0,0.4,0.0,-0.7000000000000001,0.0,-0.1,-169.70000000000002,0.0,0.0,169.60000000000002,0.0,21.700000000000003,29.200000000000003,29.200000000000003,29.8,300.0,300.0,31.5,35.6,29.1,28.3,30.200000000000003,4.96,1.99,4.97,0.16,0.0,0.0,1027.0,8228.0,0.0,0.0,0.0,0.0,0.0,1.0,0.0,0.0,0.0,0.0,0.0,0.0,0.0,0.1,0.0,0.0,16.0,25903.0
2026-07-30T19:01:21.297Z,250.78,250.794,0.0,7.4,0.0,0.0,0.0,0.0,0.0,0.0,0.0,0.0,1.0,0.0,0.0,0.0,9.0,4.0,0.0,0.0,0.0,0.0,0.0,0.0,0.0,0.0,1.0,12.0,1.0,12.18,5.01,2.51,1.49,0.0,0.1,0.0,0.4,0.0,1.6,1.8,0.4,-169.70000000000002,0.0,0.0,169.60000000000002,0.0,21.700000000000003,29.200000000000003,29.200000000000003,29.8,300.0,300.0,31.5,35.6,29.1,28.3,30.200000000000003,4.96,1.99,4.96,0.16,0.0,0.0,1027.0,8228.0,0.0,0.0,0.0,0.0,0.0,1.0,0.0,0.0,0.0,0.0,0.0,2.3000000000000003,0.0,0.0,0.0,0.0001,16.0,25903.0
2026-07-30T19:01:21.309Z,250.792,250.806,0.0,7.4,0.0,0.0,0.0,0.0,0.0,0.0,0.0,0.0,1.0,0.0,0.0,0.0,9.0,4.0,0.0,0.0,0.0,0.0,0.0,0.0,0.0,0.0,1.0,12.0,1.0,12.14,5.0200000000000005,2.51,1.49,0.0,0.0,0.0,0.4,0.0,-0.7000000000000001,-1.7000000000000002,-0.1,-169.70000000000002,0.0,0.0,169.60000000000002,0.0,21.4,29.200000000000003,29.200000000000003,29.8,300.0,300.0,31.5,35.7,29.1,28.3,30.200000000000003,4.95,1.99,4.97,0.16,0.0,0.0,1027.0,8228.0,0.0,0.0,0.0,0.0,0.0,1.0,0.0,0.0,0.0,0.0,0.0,-2.0,0.0,-0.2,0.0,0.0,16.0,25903.0
2026-07-30T19:01:21.320Z,250.803,250.818,0.0,7.4,0.0,0.0,0.0,0.0,0.0,0.0,0.0,0.0,1.0,0.0,0.0,0.0,9.0,4.0,0.0,0.0,0.0,0.0,0.0,0.0,0.0,0.0,2.0,12.0,1.0,12.14,5.0200000000000005,2.51,1.49,0.0,0.0,0.0,0.4,0.0,-0.1,0.0,0.4,-169.60000000000002,0.0,0.0,169.60000000000002,0.0,21.4,29.200000000000003,29.200000000000003,29.8,300.0,300.0,31.5,35.7,29.1,28.3,30.200000000000003,4.95,1.99,4.97,0.16,0.0,0.0,1027.0,8228.0,0.0,0.0,0.0,0.0,0.0,1.0,0.0,0.0,0.0,0.0,0.0,0.4,0.0,-0.3,0.0,0.0,16.0,25903.0
2026-07-30T19:01:21.332Z,250.815,250.83,0.0,7.4,0.0,0.0,0.0,0.0,0.0,0.0,0.0,0.0,1.0,0.0,0.0,0.0,9.0,4.0,0.0,0.0,0.0,0.0,0.0,0.0,0.0,0.0,3.0,12.0,1.0,12.14,5.0200000000000005,2.51,1.49,0.0,0.0,0.0,0.4,0.0,-0.1,0.6000000000000001,-0.7000000000000001,-169.60000000000002,0.0,0.0,169.60000000000002,0.0,21.4,29.200000000000003,29.200000000000003,29.8,300.0,300.0,31.5,35.7,29.1,28.3,30.200000000000003,4.96,1.99,4.97,0.16,0.0,0.0,1027.0,8228.0,0.0,0.0,0.0,0.0,0.0,1.0,0.0,0.0,0.0,0.0,0.0,0.1,0.0,0.7000000000000001,0.0,0.0,16.0,25903.0
2026-07-30T19:01:21.345Z,250.828,250.842,0.0,7.4,0.0,0.0,0.0,0.0,0.0,0.0,0.0,0.0,1.0,0.0,0.0,0.0,9.0,4.0,0.0,0.0,0.0,0.0,0.0,0.0,0.0,0.0,4.0,12.0,1.0,12.14,5.0200000000000005,2.51,1.49,0.0,0.0,0.0,0.4,0.0,0.4,0.0,1.5,-169.60000000000002,0.0,0.0,169.70000000000002,0.0,21.4,29.200000000000003,29.200000000000003,29.8,300.0,300.0,31.5,35.7,29.1,28.3,30.200000000000003,4.95,1.99,4.96,0.15,0.0,0.0,1027.0,8228.0,0.0,0.0,0.0,0.0,0.0,1.0,0.0,0.0,0.0,0.0,0.0,1.2000000000000002,0.0,-1.3,0.0,0.0,16.0,25903.0
2026-07-30T19:01:21.356Z,250.839,250.854,0.0,7.4,0.0,0.0,0.0,0.0,0.0,0.0,0.0,0.0,1.0,0.0,0.0,0.0,9.0,4.0,0.0,0.0,0.0,0.0,0.0,0.0,0.0,0.0,6.0,12.0,1.0,12.14,5.0200000000000005,2.51,1.49,0.0,0.0,0.0,0.4,0.0,-0.1,-1.0,-0.7000000000000001,-169.60000000000002,0.0,0.0,169.70000000000002,0.0,21.4,29.200000000000003,29.200000000000003,29.8,300.0,300.0,31.5,35.7,29.1,28.3,30.200000000000003,4.96,1.99,4.97,0.15,0.0,0.0,1027.0,8228.0,0.0,0.0,0.0,0.0,0.0,1.0,0.0,0.0,0.0,0.0,0.0,-1.8,0.0,0.4,0.0,0.0,16.0,25903.0
2026-07-30T19:01:21.369Z,250.852,250.866,0.0,7.4,0.0,0.0,0.0,0.0,0.0,0.0,0.0,0.0,1.0,0.0,0.0,0.0,9.0,4.0,0.0,0.0,0.0,0.0,0.0,0.0,0.0,0.0,1.0,12.0,1.0,12.14,5.0200000000000005,2.51,1.49,0.0,0.0,0.0,0.4,0.0,-0.1,-0.4,-1.3,-169.60000000000002,0.0,0.0,169.70000000000002,0.0,21.4,29.200000000000003,29.200000000000003,29.8,300.0,300.0,31.5,35.7,29.1,28.3,30.200000000000003,4.96,2.0,4.96,0.16,0.0,0.0,1027.0,8228.0,0.0,0.0,0.0,0.0,0.0,1.0,0.0,0.0,0.0,0.0,0.0,-1.5,0.0,1.0,0.0,0.0001,16.0,25903.0
2026-07-30T19:01:21.381Z,250.864,250.878,0.0,7.4,0.0,0.0,0.0,0.0,0.0,0.0,0.0,0.0,1.0,0.0,0.0,0.0,9.0,4.0,0.0,0.0,0.0,0.0,0.0,0.0,0.0,0.0,2.0,12.0,1.0,12.14,5.0200000000000005,2.51,1.49,0.0,0.0,0.0,0.5,0.0,0.4,0.0,-0.2,-169.60000000000002,0.0,0.0,169.70000000000002,0.0,21.4,29.200000000000003,29.200000000000003,29.8,300.0,300.0,31.5,35.7,29.1,28.3,30.200000000000003,4.96,1.99,4.96,0.16,0.0,0.0,1027.0,8228.0,0.0,0.0,0.0,0.0,0.0,1.0,0.0,0.0,0.0,0.0,0.0,-0.1,0.0,0.2,0.0,0.0,16.0,25903.0
2026-07-30T19:01:21.393Z,250.876,250.89,0.0,7.4,0.0,0.0,0.0,0.0,0.0,0.0,0.0,0.0,1.0,0.0,0.0,0.0,9.0,4.0,0.0,0.0,0.0,0.0,0.0,0.0,0.0,0.0,4.0,12.0,1.0,12.14,5.0200000000000005,2.51,1.49,0.0,0.0,0.0,0.4,0.0,0.3,-0.5,0.3,-169.60000000000002,0.0,0.0,169.8,0.0,21.4,29.200000000000003,29.200000000000003,29.8,300.0,300.0,31.5,35.7,29.1,28.3,30.200000000000003,4.95,1.99,4.97,0.16,0.0,0.0,1027.0,8228.0,0.0,0.0,0.0,0.0,0.0,1.0,0.0,0.0,0.0,0.0,0.0,-0.3,0.0,-0.4,0.0,0.0001,16.0,25903.0
2026-07-30T19:01:21.404Z,250.887,250.902,0.0,7.4,0.0,0.0,0.0,0.0,0.0,0.0,0.0,0.0,1.0,0.0,0.0,0.0,9.0,4.0,0.0,0.0,0.0,0.0,0.0,0.0,0.0,0.0,5.0,12.0,1.0,12.14,5.0200000000000005,2.51,1.49,0.0,0.0,0.0,0.4,0.0,0.9,-1.0,-0.8,-169.60000000000002,0.0,0.0,169.70000000000002,0.0,21.4,29.200000000000003,29.200000000000003,29.8,300.0,300.0,31.5,35.7,29.1,28.3,30.200000000000003,4.96,1.99,4.97,0.16,0.0,0.0,1027.0,8228.0,0.0,0.0,0.0,0.0,0.0,1.0,0.0,0.0,0.0,0.0,0.0,-1.8,0.0,0.4,0.0,0.0001,16.0,25903.0
2026-07-30T19:01:21.420Z,250.903,250.914,0.0,7.4,0.0,0.0,0.0,0.0,0.0,0.0,0.0,0.0,1.0,0.0,0.0,0.0,9.0,4.0,0.0,0.0,0.0,0.0,0.0,0.0,0.0,0.0,5.0,12.0,1.0,12.17,5.0200000000000005,2.51,1.49,0.0,0.0,0.0,0.4,0.0,0.9,1.2000000000000002,-0.2,-169.60000000000002,0.0,0.0,169.70000000000002,0.0,21.700000000000003,29.200000000000003,29.200000000000003,29.8,300.0,300.0,31.5,35.6,29.1,28.3,30.200000000000003,4.96,1.99,4.96,0.16,0.0,0.0,1027.0,8228.0,0.0,0.0,0.0,0.0,0.0,1.0,0.0,0.0,0.0,0.0,0.0,1.2000000000000002,0.0,0.4,0.0,0.0001,16.0,25903.0
2026-07-30T19:01:21.428Z,250.911,250.926,0.0,7.4,0.0,0.0,0.0,0.0,0.0,0.0,0.0,0.0,1.0,0.0,0.0,0.0,9.0,4.0,0.0,0.0,0.0,0.0,0.0,0.0,0.0,0.0,3.0,12.0,1.0,12.17,5.0200000000000005,2.51,1.49,0.0,0.0,0.0,0.4,0.0,-0.2,1.8,0.3,-169.60000000000002,0.0,0.0,169.60000000000002,0.0,21.700000000000003,29.200000000000003,29.200000000000003,29.8,300.0,300.0,31.5,35.6,29.1,28.3,30.200000000000003,4.96,1.99,4.96,0.16,0.0,0.0,1027.0,8228.0,0.0,0.0,0.0,0.0,0.0,1.0,0.0,0.0,0.0,0.0,0.0,0.0,0.0,0.2,0.0,0.0001,16.0,25903.0
2026-07-30T19:01:21.440Z,250.923,250.938,0.0,7.4,0.0,0.0,0.0,0.0,0.0,0.0,0.0,0.0,1.0,0.0,0.0,0.0,9.0,4.0,0.0,0.0,0.0,0.0,0.0,0.0,0.0,0.0,4.0,12.0,1.0,12.17,5.0200000000000005,2.51,1.49,0.0,0.0,0.0,0.4,0.0,-0.8,-1.0,-0.2,-169.60000000000002,0.0,0.0,169.70000000000002,0.0,21.700000000000003,29.200000000000003,29.200000000000003,29.8,300.0,300.0,31.5,35.6,29.1,28.3,30.200000000000003,4.95,1.99,4.97,0.16,0.0,0.0,1027.0,8228.0,0.0,0.0,0.0,0.0,0.0,1.0,0.0,0.0,0.0,0.0,0.0,-0.5,0.0,0.7000000000000001,0.0,0.0,16.0,25903.0
2026-07-30T19:01:21.453Z,250.936,250.95,0.0,7.4,0.0,0.0,0.0,0.0,0.0,0.0,0.0,0.0,1.0,0.0,0.0,0.0,9.0,4.0,0.0,0.0,0.0,0.0,0.0,0.0,0.0,0.0,5.0,12.0,1.0,12.17,5.0200000000000005,2.51,1.49,0.0,0.0,0.0,0.4,0.0,0.9,0.6000000000000001,-0.2,-169.60000000000002,0.0,0.0,169.60000000000002,0.0,21.700000000000003,29.200000000000003,29.200000000000003,29.8,300.0,300.0,31.5,35.6,29.1,28.3,30.200000000000003,4.96,1.99,4.96,0.16,0.0,0.0,1027.0,8228.0,0.0,0.0,0.0,0.0,0.0,1.0,0.0,0.0,0.0,0.0,0.0,0.0,0.0,0.2,0.0,0.0001,16.0,25903.0
2026-07-30T19:01:21.464Z,250.947,250.962,0.0,7.4,0.0,0.0,0.0,0.0,0.0,0.0,0.0,0.0,1.0,0.0,0.0,0.0,9.0,4.0,0.0,0.0,0.0,0.0,0.0,0.0,0.0,0.0,1.0,12.0,1.0,12.17,5.0200000000000005,2.51,1.49,0.0,0.0,0.0,0.4,0.0,-0.7000000000000001,0.1,0.3,-169.60000000000002,0.0,0.0,169.60000000000002,0.0,21.700000000000003,29.200000000000003,29.200000000000003,29.8,300.0,300.0,31.5,35.6,29.1,28.3,30.200000000000003,4.96,2.0,4.97,0.16,0.0,0.0,1027.0,8228.0,0.0,0.0,0.0,0.0,0.0,1.0,0.0,0.0,0.0,0.0,0.0,0.3,0.0,-0.2,0.0,0.0,16.0,25903.0
2026-07-30T19:01:21.477Z,250.96,250.974,0.0,7.4,0.0,0.0,0.0,0.0,0.0,0.0,0.0,0.0,1.0,0.0,0.0,0.0,9.0,4.0,0.0,0.0,0.0,0.0,0.0,0.0,0.0,0.0,2.0,12.0,1.0,12.17,5.0200000000000005,2.51,1.49,0.0,0.0,0.0,0.4,0.0,-0.8,0.1,0.3,-169.60000000000002,0.0,0.0,169.8,0.0,21.700000000000003,29.200000000000003,29.200000000000003,29.8,300.0,300.0,31.5,35.6,29.1,28.3,30.200000000000003,4.95,1.99,4.97,0.16,0.0,0.0,1027.0,8228.0,0.0,0.0,0.0,0.0,0.0,1.0,0.0,0.0,0.0,0.0,0.0,0.3,0.0,-0.2,0.0,0.0001,16.0,25903.0
2026-07-30T19:01:21.489Z,250.972,250.986,0.0,7.4,0.0,0.0,0.0,0.0,0.0,0.0,0.0,0.0,1.0,0.0,0.0,0.0,9.0,4.0,0.0,0.0,0.0,0.0,0.0,0.0,0.0,0.0,4.0,12.0,1.0,12.17,5.0200000000000005,2.51,1.49,0.0,0.0,0.0,0.4,0.0,0.9,1.2000000000000002,-0.8,-169.70000000000002,0.0,0.0,169.8,0.0,21.700000000000003,29.200000000000003,29.200000000000003,29.8,300.0,300.0,31.5,35.6,29.1,28.3,30.200000000000003,4.96,1.99,4.96,0.16,0.0,0.0,1027.0,8228.0,0.0,0.0,0.0,0.0,0.0,1.0,0.0,0.0,0.0,0.0,0.0,0.8,0.0,0.9,0.0,0.0003,16.0,25903.0
2026-07-30T19:01:21.501Z,250.984,250.998,0.0,7.4,0.0,0.0,0.0,0.0,0.0,0.0,0.0,0.0,1.0,0.0,0.0,0.0,9.0,4.0,0.0,0.0,0.0,0.0,0.0,0.0,0.0,0.0,5.0,12.0,1.0,12.17,5.0200000000000005,2.51,1.49,0.0,0.1,0.0,0.5,0.0,-0.2,0.0,-0.8,-169.70000000000002,0.0,0.0,169.60000000000002,0.0,21.700000000000003,29.200000000000003,29.200000000000003,29.8,300.0,300.0,31.5,35.6,29.1,28.3,30.200000000000003,4.96,1.99,4.96,0.16,0.0,0.0,1027.0,8228.0,0.0,0.0,0.0,0.0,0.0,1.0,0.0,0.0,0.0,0.0,0.0,-0.5,0.0,0.7000000000000001,0.0,0.0,16.0,25903.0
2026-07-30T19:01:21.513Z,250.996,251.01,0.0,7.4,0.0,0.0,0.0,0.0,0.0,0.0,0.0,0.0,1.0,0.0,0.0,0.0,9.0,4.0,0.0,0.0,0.0,0.0,0.0,0.0,0.0,0.0,1.0,12.0,1.0,12.17,5.0200000000000005,2.51,1.49,0.0,0.0,0.0,0.4,0.0,-0.2,0.6000000000000001,-0.1,-169.60000000000002,0.0,0.0,169.70000000000002,0.0,21.3,29.200000000000003,29.200000000000003,29.8,300.0,300.0,31.4,35.6,29.1,28.3,30.200000000000003,4.96,1.99,4.97,0.16,0.0,0.0,1027.0,8228.0,0.0,0.0,0.0,0.0,0.0,1.0,0.0,0.0,0.0,0.0,0.0,0.5,0.0,0.2,0.0,0.0002,16.0,25903.0
2026-07-30T19:01:21.525Z,251.008,251.022,0.0,7.4,0.0,0.0,0.0,0.0,0.0,0.0,0.0,0.0,1.0,0.0,0.0,0.0,9.0,4.0,0.0,0.0,0.0,0.0,0.0,0.0,0.0,0.0,2.0,12.0,1.0,12.17,5.0200000000000005,2.51,1.49,0.0,0.0,0.0,0.4,0.0,0.3,1.2000000000000002,-0.1,-169.60000000000002,0.0,0.0,169.70000000000002,0.0,21.3,29.200000000000003,29.200000000000003,29.8,300.0,300.0,31.4,35.6,29.1,28.3,30.200000000000003,4.95,1.99,4.97,0.16,0.0,0.0,1027.0,8228.0,0.0,0.0,0.0,0.0,0.0,1.0,0.0,0.0,0.0,0.0,0.0,1.2000000000000002,0.0,0.4,0.0,0.0001,16.0,25903.0
2026-07-30T19:01:21.536Z,251.019,251.034,0.0,7.4,0.0,0.0,0.0,0.0,0.0,0.0,0.0,0.0,1.0,0.0,0.0,0.0,9.0,4.0,0.0,0.0,0.0,0.0,0.0,0.0,0.0,0.0,4.0,12.0,1.0,12.17,5.0200000000000005,2.51,1.49,0.0,0.0,0.0,0.4,0.0,0.3,-0.5,0.9,-169.60000000000002,0.0,0.0,169.70000000000002,0.0,21.3,29.200000000000003,29.200000000000003,29.8,300.0,300.0,31.4,35.6,29.1,28.3,30.200000000000003,4.96,1.99,4.97,0.16,0.0,0.0,1027.0,8228.0,0.0,0.0,0.0,0.0,0.0,1.0,0.0,0.0,0.0,0.0,0.0,0.1,0.0,-0.9,0.0,0.0,16.0,25903.0
2026-07-30T19:01:21.549Z,251.032,251.046,0.0,7.4,0.0,0.0,0.0,0.0,0.0,0.0,0.0,0.0,1.0,0.0,0.0,0.0,9.0,4.0,0.0,0.0,0.0,0.0,0.0,0.0,0.0,0.0,5.0,12.0,1.0,12.17,5.0200000000000005,2.51,1.49,0.0,0.0,0.0,0.4,0.0,0.3,0.1,-0.7000000000000001,-169.60000000000002,0.0,0.0,169.70000000000002,0.0,21.3,29.200000000000003,29.200000000000003,29.8,300.0,300.0,31.4,35.6,29.1,28.3,30.200000000000003,4.96,1.99,4.97,0.16,0.0,0.0,1027.0,8228.0,0.0,0.0,0.0,0.0,0.0,1.0,0.0,0.0,0.0,0.0,0.0,-0.4,0.0,0.6000000000000001,0.0,0.0001,16.0,25903.0
2026-07-30T19:01:21.561Z,251.044,251.058,0.0,7.4,0.0,0.0,0.0,0.0,0.0,0.0,0.0,0.0,1.0,0.0,0.0,0.0,9.0,4.0,0.0,0.0,0.0,0.0,0.0,0.0,0.0,0.0,1.0,12.0,1.0,12.17,5.0200000000000005,2.51,1.49,0.0,0.0,0.0,0.4,0.0,0.3,-0.5,-0.7000000000000001,-169.60000000000002,0.0,0.0,169.70000000000002,0.0,21.3,29.200000000000003,29.200000000000003,29.8,300.0,300.0,31.4,35.6,29.1,28.3,30.200000000000003,4.96,1.99,4.96,0.16,0.0,0.0,1027.0,8228.0,0.0,0.0,0.0,0.0,0.0,1.0,0.0,0.0,0.0,0.0,0.0,-1.1,0.0,0.5,0.0,0.0,16.0,25903.0
2026-07-30T19:01:21.573Z,251.056,251.07,0.0,7.4,0.0,0.0,0.0,0.0,0.0,0.0,0.0,0.0,1.0,0.0,0.0,0.0,9.0,4.0,0.0,0.0,0.0,0.0,0.0,0.0,0.0,0.0,2.0,12.0,1.0,12.17,5.0200000000000005,2.51,1.49,0.0,0.0,0.0,0.4,0.0,0.3,1.2000000000000002,0.3,-169.60000000000002,0.0,0.0,169.70000000000002,0.0,21.3,29.200000000000003,29.200000000000003,29.8,300.0,300.0,31.4,35.6,29.1,28.3,30.200000000000003,4.96,1.99,4.96,0.16,0.0,0.0,1027.0,8228.0,0.0,0.0,0.0,0.0,0.0,1.0,0.0,0.0,0.0,0.0,0.0,1.7000000000000002,0.0,0.0,0.0,0.0,16.0,25903.0
2026-07-30T19:01:21.585Z,251.068,251.082,0.0,7.4,0.0,0.0,0.0,0.0,0.0,0.0,0.0,0.0,1.0,0.0,0.0,0.0,9.0,4.0,0.0,0.0,0.0,0.0,0.0,0.0,0.0,0.0,3.0,12.0,1.0,12.17,5.0200000000000005,2.51,1.49,0.0,0.1,0.0,0.4,0.0,-0.2,0.0,0.9,-169.60000000000002,0.0,0.0,169.8,0.0,21.3,29.200000000000003,29.200000000000003,29.8,300.0,300.0,31.4,35.6,29.1,28.3,30.200000000000003,4.96,1.99,4.96,0.16,0.0,0.0,1027.0,8228.0,0.0,0.0,0.0,0.0,0.0,1.0,0.0,0.0,0.0,0.0,0.0,0.8,0.0,-0.8,0.0,0.0,16.0,25903.0
2026-07-30T19:01:21.596Z,251.079,251.094,0.0,7.4,0.0,0.0,0.0,0.0,0.0,0.0,0.0,0.0,1.0,0.0,0.0,0.0,9.0,4.0,0.0,0.0,0.0,0.0,0.0,0.0,0.0,0.0,5.0,12.0,1.0,12.17,5.0200000000000005,2.51,1.49,0.0,0.0,0.0,0.4,0.0,0.9,0.0,1.5,-169.60000000000002,0.0,0.0,169.70000000000002,0.0,21.3,29.200000000000003,29.200000000000003,29.8,300.0,300.0,31.4,35.6,29.1,28.3,30.200000000000003,4.96,1.99,4.97,0.16,0.0,0.0,1027.0,8228.0,0.0,0.0,0.0,0.0,0.0,1.0,0.0,0.0,0.0,0.0,0.0,1.2000000000000002,0.0,-1.3,0.0,0.0002,16.0,25903.0
2026-07-30T19:01:21.609Z,251.092,251.106,0.0,7.4,0.0,0.0,0.0,0.0,0.0,0.0,0.0,0.0,1.0,0.0,0.0,0.0,9.0,4.0,0.0,0.0,0.0,0.0,0.0,0.0,0.0,0.0,6.0,12.0,1.0,12.17,5.0200000000000005,2.51,1.49,0.0,0.0,0.0,0.4,0.0,-0.8,0.0,-0.7000000000000001,-169.60000000000002,0.0,0.0,169.70000000000002,0.0,21.3,29.200000000000003,29.200000000000003,29.8,300.0,300.0,31.4,35.6,29.1,28.3,30.200000000000003,4.96,1.99,4.97,0.16,0.0,0.0,1027.0,8228.0,0.0,0.0,0.0,0.0,0.0,1.0,0.0,0.0,0.0,0.0,0.0,-0.5,0.0,0.6000000000000001,0.0,0.0,16.0,25903.0
2026-07-30T19:01:21.620Z,251.103,251.118,0.0,7.4,0.0,0.0,0.0,0.0,0.0,0.0,0.0,0.0,1.0,0.0,0.0,0.0,9.0,4.0,0.0,0.0,0.0,0.0,0.0,0.0,0.0,0.0,1.0,12.0,1.0,12.11,5.0200000000000005,2.51,1.49,0.0,0.0,0.0,0.4,0.0,0.9,0.0,-0.7000000000000001,-169.60000000000002,0.0,0.0,169.60000000000002,0.0,21.4,29.200000000000003,29.200000000000003,29.8,300.0,300.0,31.4,35.6,29.1,28.3,30.200000000000003,4.96,1.99,4.97,0.16,0.0,0.0,1027.0,8228.0,0.0,0.0,0.0,0.0,0.0,1.0,0.0,0.0,0.0,0.0,0.0,-0.4,0.0,0.6000000000000001,0.0,0.0001,16.0,25903.0
2026-07-30T19:01:21.634Z,251.117,251.13,0.0,7.4,0.0,0.0,0.0,0.0,0.0,0.0,0.0,0.0,1.0,0.0,0.0,0.0,9.0,4.0,0.0,0.0,0.0,0.0,0.0,0.0,0.0,0.0,2.0,12.0,1.0,12.11,5.0200000000000005,2.51,1.49,0.0,0.0,0.0,0.4,0.0,1.5,0.7000000000000001,1.0,-169.60000000000002,0.0,0.0,169.70000000000002,0.0,21.4,29.200000000000003,29.200000000000003,29.8,300.0,300.0,31.4,35.6,29.1,28.3,30.200000000000003,4.95,1.99,4.97,0.16,0.0,0.0,1027.0,8228.0,0.0,0.0,0.0,0.0,0.0,1.0,0.0,0.0,0.0,0.0,0.0,1.5,0.0,-0.7000000000000001,0.0,0.0001,16.0,25903.0
2026-07-30T19:01:21.644Z,251.127,251.142,0.0,7.4,0.0,0.0,0.0,0.0,0.0,0.0,0.0,0.0,1.0,0.0,0.0,0.0,9.0,4.0,0.0,0.0,0.0,0.0,0.0,0.0,0.0,0.0,3.0,12.0,1.0,12.11,5.0200000000000005,2.51,1.49,0.0,0.0,0.0,0.4,0.0,0.9,-0.4,1.0,-169.60000000000002,0.0,0.0,169.60000000000002,0.0,21.4,29.200000000000003,29.200000000000003,29.8,300.0,300.0,31.4,35.6,29.1,28.3,30.200000000000003,4.96,2.0,4.96,0.16,0.0,0.0,1027.0,8228.0,0.0,0.0,0.0,0.0,0.0,1.0,0.0,0.0,0.0,0.0,0.0,0.2,0.0,-1.0,0.0,0.0,16.0,25903.0
2026-07-30T19:01:21.657Z,251.14,251.154,0.0,7.4,0.0,0.0,0.0,0.0,0.0,0.0,0.0,0.0,1.0,0.0,0.0,0.0,9.0,4.0,0.0,0.0,0.0,0.0,0.0,0.0,0.0,0.0,4.0,12.0,1.0,12.11,5.0200000000000005,2.51,1.49,0.0,0.0,0.0,0.4,0.0,0.9,0.1,0.4,-169.60000000000002,0.0,0.0,169.60000000000002,0.0,21.4,29.200000000000003,29.200000000000003,29.8,300.0,300.0,31.4,35.6,29.1,28.3,30.200000000000003,4.96,1.99,4.96,0.16,0.0,0.0,1027.0,8228.0,0.0,0.0,0.0,0.0,0.0,1.0,0.0,0.0,0.0,0.0,0.0,0.4,0.0,-0.4,0.0,0.0,16.0,25903.0
2026-07-30T19:01:21.669Z,251.152,251.166,0.0,7.4,0.0,0.0,0.0,0.0,0.0,0.0,0.0,0.0,1.0,0.0,0.0,0.0,9.0,4.0,0.0,0.0,0.0,0.0,0.0,0.0,0.0,0.0,5.0,12.0,1.0,12.11,5.0200000000000005,2.51,1.49,0.0,0.0,0.0,0.4,0.0,-0.8,0.1,-0.6000000000000001,-169.60000000000002,0.0,0.0,169.60000000000002,0.0,21.4,29.200000000000003,29.200000000000003,29.8,300.0,300.0,31.4,35.6,29.1,28.3,30.200000000000003,4.95,1.99,4.96,0.16,0.0,0.0,1027.0,8228.0,0.0,0.0,0.0,0.0,0.0,1.0,0.0,0.0,0.0,0.0,0.0,-0.3,0.0,0.6000000000000001,0.0,0.0,16.0,25903.0
2026-07-30T19:01:21.681Z,251.164,251.178,0.0,7.4,0.0,0.0,0.0,0.0,0.0,0.0,0.0,0.0,1.0,0.0,0.0,0.0,9.0,4.0,0.0,0.0,0.0,0.0,0.0,0.0,0.0,0.0,6.0,12.0,1.0,12.11,5.0200000000000005,2.51,1.49,0.0,0.0,0.0,0.4,0.0,0.9,-1.0,-0.6000000000000001,-169.60000000000002,0.0,0.0,169.70000000000002,0.0,21.4,29.200000000000003,29.200000000000003,29.8,300.0,300.0,31.4,35.6,29.1,28.3,30.200000000000003,4.95,1.99,4.97,0.16,0.0,0.0,1027.0,8228.0,0.0,0.0,0.0,0.0,0.0,1.0,0.0,0.0,0.0,0.0,0.0,-1.6,0.0,0.3,0.0,0.0,16.0,25903.0
2026-07-30T19:01:21.693Z,251.176,251.19,0.0,7.4,0.0,0.0,0.0,0.0,0.0,0.0,0.0,0.0,1.0,0.0,0.0,0.0,9.0,4.0,0.0,0.0,0.0,0.0,0.0,0.0,0.0,0.0,2.0,12.0,1.0,12.11,5.0200000000000005,2.51,1.49,0.0,0.0,0.0,0.4,0.0,0.3,-0.4,-0.1,-169.60000000000002,0.0,0.0,169.60000000000002,0.0,21.4,29.200000000000003,29.200000000000003,29.8,300.0,300.0,31.4,35.6,29.1,28.3,30.200000000000003,4.96,2.0,4.96,0.16,0.0,0.0,1027.0,8228.0,0.0,0.0,0.0,0.0,0.0,1.0,0.0,0.0,0.0,0.0,0.0,-0.6000000000000001,0.0,0.0,0.0,0.0001,16.0,25903.0
2026-07-30T19:01:21.705Z,251.188,251.202,0.0,7.4,0.0,0.0,0.0,0.0,0.0,0.0,0.0,0.0,1.0,0.0,0.0,0.0,9.0,4.0,0.0,0.0,0.0,0.0,0.0,0.0,0.0,0.0,3.0,12.0,1.0,12.11,5.0200000000000005,2.51,1.49,0.0,0.0,0.0,0.4,0.0,-0.2,-0.4,-0.6000000000000001,-169.60000000000002,0.0,0.0,169.60000000000002,0.0,21.4,29.200000000000003,29.200000000000003,29.8,300.0,300.0,31.4,35.6,29.1,28.3,30.200000000000003,4.96,1.99,4.97,0.15,0.0,0.0,1027.0,8228.0,0.0,0.0,0.0,0.0,0.0,1.0,0.0,0.0,0.0,0.0,0.0,-1.0,0.0,0.5,0.0,0.0001,16.0,25903.0
2026-07-30T19:01:21.726Z,251.209,251.214,0.0,7.4,0.0,0.0,0.0,0.0,0.0,0.0,0.0,0.0,1.0,0.0,0.0,0.0,9.0,4.0,0.0,0.0,0.0,0.0,0.0,0.0,0.0,0.0,4.0,12.0,1.0,12.18,5.0200000000000005,2.5,1.5,0.0,0.0,0.0,0.4,0.0,0.3,1.3,0.0,-169.60000000000002,0.0,0.0,169.60000000000002,0.0,21.8,29.200000000000003,29.200000000000003,29.8,300.0,300.0,31.5,35.6,29.1,28.3,30.200000000000003,4.95,2.0,4.97,0.16,0.0,0.0,1027.0,8228.0,0.0,0.0,0.0,0.0,0.0,1.0,0.0,0.0,0.0,0.0,0.0,1.4,0.0,0.3,0.0,0.0,16.0,25903.0
2026-07-30T19:01:21.731Z,251.214,251.226,0.0,7.4,0.0,0.0,0.0,0.0,0.0,0.0,0.0,0.0,1.0,0.0,0.0,0.0,9.0,4.0,0.0,0.0,0.0,0.0,0.0,0.0,0.0,0.0,3.0,12.0,1.0,12.18,5.0200000000000005,2.5,1.5,0.0,0.1,0.0,0.4,0.0,0.3,-0.4,-0.1,-169.60000000000002,0.0,0.0,169.8,0.0,21.8,29.200000000000003,29.200000000000003,29.8,300.0,300.0,31.5,35.6,29.1,28.3,30.200000000000003,4.96,2.0,4.96,0.16,0.0,0.0,1027.0,8228.0,0.0,0.0,0.0,0.0,0.0,1.0,0.0,0.0,0.0,0.0,0.0,-0.6000000000000001,0.0,0.0,0.0,0.0001,16.0,25903.0
2026-07-30T19:01:21.741Z,251.224,251.238,0.0,7.4,0.0,0.0,0.0,0.0,0.0,0.0,0.0,0.0,1.0,0.0,0.0,0.0,9.0,4.0,0.0,0.0,0.0,0.0,0.0,0.0,0.0,0.0,2.0,12.0,1.0,12.18,5.0200000000000005,2.5,1.5,0.0,0.0,0.0,0.4,0.0,-0.2,0.7000000000000001,-0.7000000000000001,-169.60000000000002,0.0,0.0,169.70000000000002,0.0,21.8,29.200000000000003,29.200000000000003,29.8,300.0,300.0,31.5,35.6,29.1,28.3,30.200000000000003,4.95,2.0,4.96,0.16,0.0,0.0,1027.0,8228.0,0.0,0.0,0.0,0.0,0.0,1.0,0.0,0.0,0.0,0.0,0.0,0.2,0.0,0.8,0.0,0.0001,16.0,25903.0
2026-07-30T19:01:21.753Z,251.236,251.25,0.0,7.4,0.0,0.0,0.0,0.0,0.0,0.0,0.0,0.0,1.0,0.0,0.0,0.0,9.0,4.0,0.0,0.0,0.0,0.0,0.0,0.0,0.0,0.0,3.0,12.0,1.0,12.18,5.0200000000000005,2.5,1.5,0.0,0.0,0.0,0.4,0.0,-0.9,0.1,1.0,-169.60000000000002,0.0,0.0,169.70000000000002,0.0,21.8,29.200000000000003,29.200000000000003,29.8,300.0,300.0,31.5,35.6,29.1,28.3,30.200000000000003,4.95,1.99,4.96,0.16,0.0,0.0,1027.0,8228.0,0.0,0.0,0.0,0.0,0.0,1.0,0.0,0.0,0.0,0.0,0.0,0.9,0.0,-0.8,0.0,0.0001,16.0,25903.0
2026-07-30T19:01:21.765Z,251.248,251.262,0.0,7.4,0.0,0.0,0.0,0.0,0.0,0.0,0.0,0.0,1.0,0.0,0.0,0.0,9.0,4.0,0.0,0.0,0.0,0.0,0.0,0.0,0.0,0.0,4.0,12.0,1.0,12.18,5.0200000000000005,2.5,1.5,0.0,0.1,0.0,0.4,0.0,0.2,1.3,-0.6000000000000001,-169.60000000000002,0.0,0.0,169.60000000000002,0.0,21.8,29.200000000000003,29.200000000000003,29.8,300.0,300.0,31.5,35.6,29.1,28.3,30.200000000000003,4.95,1.99,4.96,0.16,0.0,0.0,1027.0,8228.0,0.0,0.0,0.0,0.0,0.0,1.0,0.0,0.0,0.0,0.0,0.0,1.0,0.0,0.8,0.0,0.0,16.0,25903.0
2026-07-30T19:01:21.776Z,251.259,251.274,0.0,7.4,0.0,0.0,0.0,0.0,0.0,0.0,0.0,0.0,1.0,0.0,0.0,0.0,9.0,4.0,0.0,0.0,0.0,0.0,0.0,0.0,0.0,0.0,6.0,12.0,1.0,12.18,5.0200000000000005,2.5,1.5,0.0,0.0,0.0,0.4,0.0,0.2,-0.4,-0.1,-169.60000000000002,0.0,0.0,169.60000000000002,0.0,21.8,29.200000000000003,29.200000000000003,29.8,300.0,300.0,31.5,35.6,29.1,28.3,30.200000000000003,4.96,1.99,4.96,0.16,0.0,0.0,1027.0,8228.0,0.0,0.0,0.0,0.0,0.0,1.0,0.0,0.0,0.0,0.0,0.0,-0.5,0.0,0.0,0.0,0.0,16.0,25903.0
2026-07-30T19:01:21.789Z,251.272,251.286,0.0,7.4,0.0,0.0,0.0,0.0,0.0,0.0,0.0,0.0,1.0,0.0,0.0,0.0,9.0,4.0,0.0,0.0,0.0,0.0,0.0,0.0,0.0,0.0,1.0,12.0,1.0,12.18,5.0200000000000005,2.5,1.5,0.0,0.0,0.0,0.4,0.0,0.8,-0.4,0.4,-169.60000000000002,0.0,0.0,169.70000000000002,0.0,21.8,29.200000000000003,29.200000000000003,29.8,300.0,300.0,31.5,35.6,29.1,28.3,30.200000000000003,4.95,1.99,4.97,0.16,0.0,0.0,1027.0,8228.0,0.0,0.0,0.0,0.0,0.0,1.0,0.0,0.0,0.0,0.0,0.0,-0.1,0.0,-0.4,0.0,0.0001,16.0,25903.0
2026-07-30T19:01:21.801Z,251.284,251.298,0.0,7.4,0.0,0.0,0.0,0.0,0.0,0.0,0.0,0.0,1.0,0.0,0.0,0.0,9.0,4.0,0.0,0.0,0.0,0.0,0.0,0.0,0.0,0.0,3.0,12.0,1.0,12.18,5.0200000000000005,2.5,1.5,0.0,0.0,0.0,0.4,0.0,-0.8,0.6000000000000001,-0.7000000000000001,-169.60000000000002,0.0,0.0,169.70000000000002,0.0,21.8,29.200000000000003,29.200000000000003,29.8,300.0,300.0,31.5,35.6,29.1,28.3,30.200000000000003,4.95,1.99,4.96,0.16,0.0,0.0,1027.0,8228.0,0.0,0.0,0.0,0.0,0.0,1.0,0.0,0.0,0.0,0.0,0.0,0.1,0.0,0.8,0.0,0.0,16.0,25903.0
2026-07-30T19:01:21.813Z,251.296,251.31,0.0,7.4,0.0,0.0,0.0,0.0,0.0,0.0,0.0,0.0,1.0,0.0,0.0,0.0,9.0,4.0,0.0,0.0,0.0,0.0,0.0,0.0,0.0,0.0,4.0,12.0,1.0,12.18,5.0200000000000005,2.5,1.5,0.0,0.0,0.0,0.4,0.0,-0.3,1.8,0.3,-169.60000000000002,0.0,0.0,169.8,0.0,21.8,29.200000000000003,29.200000000000003,29.8,300.0,300.0,31.5,35.6,29.1,28.3,30.200000000000003,4.96,1.99,4.96,0.16,0.0,0.0,1027.0,8228.0,0.0,0.0,0.0,0.0,0.0,1.0,0.0,0.0,0.0,0.0,0.0,2.3000000000000003,0.0,0.0,0.0,0.0001,16.0,25903.0
2026-07-30T19:01:21.824Z,251.307,251.322,0.0,7.4,0.0,0.0,0.0,0.0,0.0,0.0,0.0,0.0,1.0,0.0,0.0,0.0,9.0,4.0,0.0,0.0,0.0,0.0,0.0,0.0,0.0,0.0,5.0,12.0,1.0,12.15,5.01,2.51,1.49,0.0,0.0,0.0,0.4,0.0,-0.3,-1.0,-0.2,-169.60000000000002,0.0,0.0,169.60000000000002,0.0,21.700000000000003,29.200000000000003,29.200000000000003,29.8,300.0,300.0,31.5,35.6,29.1,28.3,30.200000000000003,4.95,1.99,4.96,0.16,0.0,0.0,1027.0,8228.0,0.0,0.0,0.0,0.0,0.0,1.0,0.0,0.0,0.0,0.0,0.0,-1.3,0.0,0.0,0.0,0.0002,16.0,25903.0
2026-07-30T19:01:21.837Z,251.32,251.334,0.0,7.4,0.0,0.0,0.0,0.0,0.0,0.0,0.0,0.0,1.0,0.0,0.0,0.0,9.0,4.0,0.0,0.0,0.0,0.0,0.0,0.0,0.0,0.0,6.0,12.0,1.0,12.15,5.01,2.51,1.49,0.0,0.1,0.0,0.4,0.0,0.2,-1.0,0.9,-169.60000000000002,0.0,0.0,169.60000000000002,0.0,21.700000000000003,29.200000000000003,29.200000000000003,29.8,300.0,300.0,31.5,35.6,29.1,28.3,30.200000000000003,4.95,1.99,4.97,0.16,0.0,0.0,1027.0,8228.0,0.0,0.0,0.0,0.0,0.0,1.0,0.0,0.0,0.0,0.0,0.0,-0.5,0.0,-1.0,0.0,0.0002,16.0,25903.0
2026-07-30T19:01:21.848Z,251.331,251.346,0.0,7.4,0.0,0.0,0.0,0.0,0.0,0.0,0.0,0.0,1.0,0.0,0.0,0.0,9.0,4.0,0.0,0.0,0.0,0.0,0.0,0.0,0.0,0.0,1.0,12.0,1.0,12.15,5.01,2.51,1.49,0.0,0.0,0.0,0.4,0.0,0.7000000000000001,0.6000000000000001,-0.8,-169.60000000000002,0.0,0.0,169.70000000000002,0.0,21.700000000000003,29.200000000000003,29.200000000000003,29.8,300.0,300.0,31.5,35.6,29.1,28.3,30.200000000000003,4.95,1.99,4.96,0.16,0.0,0.0,1027.0,8228.0,0.0,0.0,0.0,0.0,0.0,1.0,0.0,0.0,0.0,0.0,0.0,0.0,0.0,0.8,0.0,0.0001,16.0,25903.0
2026-07-30T19:01:21.860Z,251.343,251.358,0.0,7.4,0.0,0.0,0.0,0.0,0.0,0.0,0.0,0.0,1.0,0.0,0.0,0.0,9.0,4.0,0.0,0.0,0.0,0.0,0.0,0.0,0.0,0.0,2.0,12.0,1.0,12.15,5.01,2.51,1.49,0.0,0.0,0.0,0.4,0.0,0.7000000000000001,1.2000000000000002,-0.8,-169.60000000000002,0.0,0.0,169.70000000000002,0.0,21.700000000000003,29.200000000000003,29.200000000000003,29.8,300.0,300.0,31.5,35.6,29.1,28.3,30.200000000000003,4.96,1.99,4.96,0.16,0.0,0.0,1027.0,8228.0,0.0,0.0,0.0,0.0,0.0,1.0,0.0,0.0,0.0,0.0,0.0,0.7000000000000001,0.0,1.0,0.0,0.0,16.0,25903.0
2026-07-30T19:01:21.873Z,251.356,251.37,0.0,7.4,0.0,0.0,0.0,0.0,0.0,0.0,0.0,0.0,1.0,0.0,0.0,0.0,9.0,4.0,0.0,0.0,0.0,0.0,0.0,0.0,0.0,0.0,3.0,12.0,1.0,12.15,5.01,2.51,1.49,0.0,0.0,0.0,0.4,0.0,-0.4,1.2000000000000002,0.2,-169.60000000000002,0.0,0.0,169.60000000000002,0.0,21.700000000000003,29.200000000000003,29.200000000000003,29.8,300.0,300.0,31.5,35.6,29.1,28.3,30.200000000000003,4.95,1.99,4.97,0.16,0.0,0.0,1027.0,8228.0,0.0,0.0,0.0,0.0,0.0,1.0,0.0,0.0,0.0,0.0,0.0,1.5,0.0,0.0,0.0,0.0,16.0,25903.0
2026-07-30T19:01:21.885Z,251.368,251.382,0.0,7.4,0.0,0.0,0.0,0.0,0.0,0.0,0.0,0.0,1.0,0.0,0.0,0.0,9.0,4.0,0.0,0.0,0.0,0.0,0.0,0.0,0.0,0.0,5.0,12.0,1.0,12.15,5.01,2.51,1.49,0.0,0.0,0.0,0.4,0.0,0.1,-0.5,0.3,-169.60000000000002,0.0,0.0,169.70000000000002,0.0,21.700000000000003,29.200000000000003,29.200000000000003,29.8,300.0,300.0,31.5,35.6,29.1,28.3,30.200000000000003,4.96,1.99,4.96,0.16,0.0,0.0,1027.0,8228.0,0.0,0.0,0.0,0.0,0.0,1.0,0.0,0.0,0.0,0.0,0.0,-0.3,0.0,-0.3,0.0,0.0001,16.0,25903.0
2026-07-30T19:01:21.897Z,251.38,251.394,0.0,7.4,0.0,0.0,0.0,0.0,0.0,0.0,0.0,0.0,1.0,0.0,0.0,0.0,9.0,4.0,0.0,0.0,0.0,0.0,0.0,0.0,0.0,0.0,6.0,12.0,1.0,12.15,5.01,2.51,1.49,0.0,0.0,0.0,0.4,0.0,0.7000000000000001,0.6000000000000001,0.8,-169.60000000000002,0.0,0.0,169.8,0.0,21.700000000000003,29.200000000000003,29.200000000000003,29.8,300.0,300.0,31.5,35.6,29.1,28.3,30.200000000000003,4.96,2.0,4.96,0.16,0.0,0.0,1027.0,8228.0,0.0,0.0,0.0,0.0,0.0,1.0,0.0,0.0,0.0,0.0,0.0,1.3,0.0,-0.6000000000000001,0.0,0.0,16.0,25903.0
2026-07-30T19:01:21.909Z,251.392,251.406,0.0,7.4,0.0,0.0,0.0,0.0,0.0,0.0,0.0,0.0,1.0,0.0,0.0,0.0,9.0,4.0,0.0,0.0,0.0,0.0,0.0,0.0,0.0,0.0,1.0,12.0,1.0,12.15,5.01,2.51,1.49,0.0,0.0,0.0,0.4,0.0,0.2,0.0,-0.8,-169.60000000000002,0.0,0.0,169.8,0.0,21.700000000000003,29.200000000000003,29.200000000000003,29.8,300.0,300.0,31.5,35.6,29.1,28.3,30.200000000000003,4.96,1.99,4.96,0.16,0.0,0.0,1027.0,8228.0,0.0,0.0,0.0,0.0,0.0,1.0,0.0,0.0,0.0,0.0,0.0,-0.5,0.0,0.7000000000000001,0.0,0.0002,16.0,25903.0
2026-07-30T19:01:21.922Z,251.405,251.418,0.0,7.4,0.0,0.0,0.0,0.0,0.0,0.0,0.0,0.0,1.0,0.0,0.0,0.0,9.0,4.0,0.0,0.0,0.0,0.0,0.0,0.0,0.0,0.0,3.0,12.0,1.0,12.17,5.0200000000000005,2.51,1.49,0.0,0.0,0.0,0.4,0.0,0.8,0.1,0.9,-169.60000000000002,0.0,0.0,169.60000000000002,0.0,21.3,29.200000000000003,29.200000000000003,29.8,300.0,300.0,31.4,35.6,29.1,28.3,30.200000000000003,4.95,1.99,4.97,0.16,0.0,0.0,1027.0,8228.0,0.0,0.0,0.0,0.0,0.0,1.0,0.0,0.0,0.0,0.0,0.0,0.8,0.0,-0.8,0.0,0.0001,16.0,25903.0
2026-07-30T19:01:21.933Z,251.416,251.43,0.0,7.4,0.0,0.0,0.0,0.0,0.0,0.0,0.0,0.0,1.0,0.0,0.0,0.0,9.0,4.0,0.0,0.0,0.0,0.0,0.0,0.0,0.0,0.0,3.0,12.0,1.0,12.17,5.0200000000000005,2.51,1.49,0.0,0.0,0.0,0.4,0.0,0.2,0.0,0.3,-169.60000000000002,0.0,0.0,169.60000000000002,0.0,21.3,29.200000000000003,29.200000000000003,29.8,300.0,300.0,31.4,35.6,29.1,28.3,30.200000000000003,4.96,1.99,4.96,0.16,0.0,0.0,1027.0,8228.0,0.0,0.0,0.0,0.0,0.0,1.0,0.0,0.0,0.0,0.0,0.0,0.3,0.0,-0.2,0.0,0.0002,16.0,25903.0
2026-07-30T19:01:21.945Z,251.428,251.442,0.0,7.4,0.0,0.0,0.0,0.0,0.0,0.0,0.0,0.0,1.0,0.0,0.0,0.0,9.0,4.0,0.0,0.0,0.0,0.0,0.0,0.0,0.0,0.0,5.0,12.0,1.0,12.17,5.0200000000000005,2.51,1.49,0.0,0.0,0.0,0.4,0.0,-0.9,0.0,0.9,-169.60000000000002,0.0,0.0,169.60000000000002,0.0,21.3,29.200000000000003,29.200000000000003,29.8,300.0,300.0,31.4,35.6,29.1,28.3,30.200000000000003,4.96,1.99,4.97,0.16,0.0,0.0,1027.0,8228.0,0.0,0.0,0.0,0.0,0.0,1.0,0.0,0.0,0.0,0.0,0.0,1.7000000000000002,0.0,-0.1,0.0,0.0001,16.0,25903.0
2026-07-30T19:01:21.957Z,251.44,251.454,0.0,7.4,0.0,0.0,0.0,0.0,0.0,0.0,0.0,0.0,1.0,0.0,0.0,0.0,9.0,4.0,0.0,0.0,0.0,0.0,0.0,0.0,0.0,0.0,5.0,12.0,1.0,12.17,5.0200000000000005,2.51,1.49,0.0,0.0,0.0,0.4,0.0,0.2,0.0,-0.7000000000000001,-169.60000000000002,0.0,0.0,169.60000000000002,0.0,21.3,29.200000000000003,29.200000000000003,29.8,300.0,300.0,31.4,35.6,29.1,28.3,30.200000000000003,4.95,1.99,4.97,0.16,0.0,0.0,1027.0,8228.0,0.0,0.0,0.0,0.0,0.0,1.0,0.0,0.0,0.0,0.0,0.0,-0.9,0.0,1.1,0.0,0.0,16.0,25903.0
2026-07-30T19:01:21.969Z,251.452,251.466,0.0,7.4,0.0,0.0,0.0,0.0,0.0,0.0,0.0,0.0,1.0,0.0,0.0,0.0,9.0,4.0,0.0,0.0,0.0,0.0,0.0,0.0,0.0,0.0,6.0,12.0,1.0,12.17,5.0200000000000005,2.51,1.49,0.0,0.0,0.0,0.4,0.0,0.2,0.0,-0.7000000000000001,-169.60000000000002,0.0,0.0,169.60000000000002,0.0,21.3,29.200000000000003,29.200000000000003,29.8,300.0,300.0,31.4,35.6,29.1,28.3,30.200000000000003,4.96,1.99,4.97,0.16,0.0,0.0,1027.0,8228.0,0.0,0.0,0.0,0.0,0.0,1.0,0.0,0.0,0.0,0.0,0.0,-0.7000000000000001,0.0,0.0,0.0,0.0,16.0,25903.0
2026-07-30T19:01:21.981Z,251.464,251.478,0.0,7.4,0.0,0.0,0.0,0.0,0.0,0.0,0.0,0.0,1.0,0.0,0.0,0.0,9.0,4.0,0.0,0.0,0.0,0.0,0.0,0.0,0.0,0.0,2.0,12.0,1.0,12.17,5.0200000000000005,2.51,1.49,0.0,0.0,0.0,0.4,0.0,-0.3,-1.1,-2.5,-169.60000000000002,0.0,0.0,169.60000000000002,0.0,21.3,29.200000000000003,29.200000000000003,29.8,300.0,300.0,31.4,35.6,29.1,28.3,30.200000000000003,4.95,2.0,4.97,0.16,0.0,0.0,1027.0,8228.0,0.0,0.0,0.0,0.0,0.0,1.0,0.0,0.0,0.0,0.0,0.0,-3.1,0.0,1.9,0.0,0.0,16.0,25903.0
2026-07-30T19:01:21.993Z,251.476,251.49,0.0,7.4,0.0,0.0,0.0,0.0,0.0,0.0,0.0,0.0,1.0,0.0,0.0,0.0,9.0,4.0,0.0,0.0,0.0,0.0,0.0,0.0,0.0,0.0,2.0,12.0,1.0,12.17,5.0200000000000005,2.51,1.49,0.0,0.0,0.0,0.4,0.0,-0.9,-0.5,-0.7000000000000001,-169.60000000000002,0.0,0.0,169.60000000000002,0.0,21.3,29.200000000000003,29.200000000000003,29.8,300.0,300.0,31.4,35.6,29.1,28.3,30.200000000000003,4.95,1.99,4.97,0.16,0.0,0.0,1027.0,8228.0,0.0,0.0,0.0,0.0,0.0,1.0,0.0,0.0,0.0,0.0,0.0,-1.2000000000000002,0.0,0.5,0.0,0.0,16.0,25903.0
2026-07-30T19:01:22.004Z,251.487,251.502,0.0,7.4,0.0,0.0,0.0,0.0,0.0,0.0,0.0,0.0,1.0,0.0,0.0,0.0,9.0,4.0,0.0,0.0,0.0,0.0,0.0,0.0,0.0,0.0,4.0,12.0,1.0,12.17,5.0200000000000005,2.51,1.49,0.0,0.1,0.0,0.4,0.0,-0.3,1.2000000000000002,2.1,-169.60000000000002,0.0,0.0,169.70000000000002,0.0,21.3,29.200000000000003,29.200000000000003,29.8,300.0,300.0,31.4,35.6,29.1,28.3,30.200000000000003,4.96,1.99,4.97,0.16,0.0,0.0,1027.0,8228.0,0.0,0.0,0.0,0.0,0.0,1.0,0.0,0.0,0.0,0.0,0.0,3.0,0.0,-1.6,0.0,0.0,16.0,25903.0
2026-07-30T19:01:22.016Z,251.499,251.514,0.0,7.4,0.0,0.0,0.0,0.0,0.0,0.0,0.0,0.0,1.0,0.0,0.0,0.0,9.0,4.0,0.0,0.0,0.0,0.0,0.0,0.0,0.0,0.0,5.0,12.0,1.0,12.17,5.0200000000000005,2.51,1.49,0.0,0.0,0.0,0.4,0.0,-0.3,0.1,1.0,-169.60000000000002,0.0,0.0,169.60000000000002,0.0,21.3,29.200000000000003,29.200000000000003,29.8,300.0,300.0,31.4,35.6,29.1,28.3,30.200000000000003,4.96,1.99,4.96,0.16,0.0,0.0,1027.0,8228.0,0.0,0.0,0.0,0.0,0.0,1.0,0.0,0.0,0.0,0.0,0.0,0.8,0.0,-0.8,0.0,0.0001,16.0,25903.0
2026-07-30T19:01:22.029Z,251.512,251.526,0.0,7.4,0.0,0.0,0.0,0.0,0.0,0.0,0.0,0.0,1.0,0.0,0.0,0.0,9.0,4.0,0.0,0.0,0.0,0.0,0.0,0.0,0.0,0.0,1.0,12.0,1.0,12.17,5.0200000000000005,2.51,1.49,0.0,0.0,0.0,0.4,0.0,0.8,1.8,1.6,-169.60000000000002,0.0,0.0,169.60000000000002,0.0,21.700000000000003,29.200000000000003,29.200000000000003,29.8,300.0,300.0,31.4,35.6,29.1,28.3,30.200000000000003,4.95,1.99,4.97,0.16,0.0,0.0,1027.0,8228.0,0.0,0.0,0.0,0.0,0.0,1.0,0.0,0.0,0.0,0.0,0.0,3.3000000000000003,0.0,-1.0,0.0,0.0,16.0,25903.0
2026-07-30T19:01:22.043Z,251.526,251.538,0.0,7.4,0.0,0.0,0.0,0.0,0.0,0.0,0.0,0.0,1.0,0.0,0.0,0.0,9.0,4.0,0.0,0.0,0.0,0.0,0.0,0.0,0.0,0.0,1.0,12.0,1.0,12.17,5.0200000000000005,2.51,1.49,0.0,0.0,0.0,0.4,0.0,-0.3,1.1,-0.7000000000000001,-169.60000000000002,0.0,0.0,169.60000000000002,0.0,21.700000000000003,29.200000000000003,29.200000000000003,29.8,300.0,300.0,31.4,35.6,29.1,28.3,30.200000000000003,4.95,1.99,4.97,0.16,0.0,0.0,1027.0,8228.0,0.0,0.0,0.0,0.0,0.0,1.0,0.0,0.0,0.0,0.0,0.0,0.7000000000000001,0.0,0.9,0.0,0.0,16.0,25903.0
2026-07-30T19:01:22.053Z,251.536,251.55,0.0,7.4,0.0,0.0,0.0,0.0,0.0,0.0,0.0,0.0,1.0,0.0,0.0,0.0,9.0,4.0,0.0,0.0,0.0,0.0,0.0,0.0,0.0,0.0,1.0,12.0,1.0,12.17,5.0200000000000005,2.51,1.49,0.0,0.0,0.0,0.4,0.0,-0.3,-0.5,-0.7000000000000001,-169.60000000000002,0.0,0.0,169.60000000000002,0.0,21.700000000000003,29.200000000000003,29.200000000000003,29.8,300.0,300.0,31.4,35.6,29.1,28.3,30.200000000000003,4.96,1.99,4.97,0.16,0.0,0.0,1027.0,8228.0,0.0,0.0,0.0,0.0,0.0,1.0,0.0,0.0,0.0,0.0,0.0,-1.2000000000000002,0.0,0.5,0.0,0.0,16.0,25903.0
2026-07-30T19:01:22.065Z,251.548,251.562,0.0,7.4,0.0,0.0,0.0,0.0,0.0,0.0,0.0,0.0,1.0,0.0,0.0,0.0,9.0,4.0,0.0,0.0,0.0,0.0,0.0,0.0,0.0,0.0,3.0,12.0,1.0,12.17,5.0200000000000005,2.51,1.49,0.0,0.1,0.0,0.4,0.0,-0.3,0.0,-0.1,-169.60000000000002,0.0,0.0,169.60000000000002,0.0,21.700000000000003,29.200000000000003,29.200000000000003,29.8,300.0,300.0,31.4,35.6,29.1,28.3,30.200000000000003,4.95,1.99,4.96,0.16,0.0,0.0,1027.0,8228.0,0.0,0.0,0.0,0.0,0.0,1.0,0.0,0.0,0.0,0.0,0.0,0.0,0.0,0.1,0.0,0.0,16.0,25903.0
2026-07-30T19:01:22.076Z,251.559,251.574,0.0,7.4,0.0,0.0,0.0,0.0,0.0,0.0,0.0,0.0,1.0,0.0,0.0,0.0,9.0,4.0,0.0,0.0,0.0,0.0,0.0,0.0,0.0,0.0,4.0,12.0,1.0,12.17,5.0200000000000005,2.51,1.49,0.0,0.0,0.0,0.5,0.0,-0.3,-0.5,1.0,-169.60000000000002,0.0,0.0,169.70000000000002,0.0,21.700000000000003,29.200000000000003,29.200000000000003,29.8,300.0,300.0,31.4,35.6,29.1,28.3,30.200000000000003,4.95,1.99,4.96,0.16,0.0,0.0,1027.0,8228.0,0.0,0.0,0.0,0.0,0.0,1.0,0.0,0.0,0.0,0.0,0.0,0.1,0.0,-1.0,0.0,0.0,16.0,25903.0
2026-07-30T19:01:22.089Z,251.572,251.586,0.0,7.4,0.0,0.0,0.0,0.0,0.0,0.0,0.0,0.0,1.0,0.0,0.0,0.0,9.0,4.0,0.0,0.0,0.0,0.0,0.0,0.0,0.0,0.0,5.0,12.0,1.0,12.17,5.0200000000000005,2.51,1.49,0.0,0.0,0.0,0.4,0.0,0.2,0.0,1.0,-169.60000000000002,0.0,0.0,169.60000000000002,0.0,21.700000000000003,29.200000000000003,29.200000000000003,29.8,300.0,300.0,31.4,35.6,29.1,28.3,30.200000000000003,4.95,1.99,4.97,0.16,0.0,0.0,1027.0,8228.0,0.0,0.0,0.0,0.0,0.0,1.0,0.0,0.0,0.0,0.0,0.0,0.8,0.0,-0.9,0.0,0.0,16.0,25903.0
2026-07-30T19:01:22.101Z,251.584,251.598,0.0,7.4,0.0,0.0,0.0,0.0,0.0,0.0,0.0,0.0,1.0,0.0,0.0,0.0,9.0,4.0,0.0,0.0,0.0,0.0,0.0,0.0,0.0,0.0,2.0,12.0,1.0,12.17,5.0200000000000005,2.51,1.49,0.0,0.0,0.0,0.4,0.0,0.2,0.0,0.5,-169.60000000000002,0.0,0.0,169.60000000000002,0.0,21.700000000000003,29.200000000000003,29.200000000000003,29.8,300.0,300.0,31.4,35.6,29.1,28.3,30.200000000000003,4.95,1.99,4.97,0.16,0.0,0.0,1027.0,8228.0,0.0,0.0,0.0,0.0,0.0,1.0,0.0,0.0,0.0,0.0,0.0,0.4,0.0,-0.4,0.0,0.0,16.0,25903.0
2026-07-30T19:01:22.112Z,251.595,251.61,0.0,7.4,0.0,0.0,0.0,0.0,0.0,0.0,0.0,0.0,1.0,0.0,0.0,0.0,9.0,4.0,0.0,0.0,0.0,0.0,0.0,0.0,0.0,0.0,4.0,12.0,1.0,12.17,5.0200000000000005,2.51,1.49,0.0,0.0,0.0,0.4,0.0,-0.9,-1.1,-0.6000000000000001,-169.60000000000002,0.0,0.0,169.60000000000002,0.0,21.700000000000003,29.200000000000003,29.200000000000003,29.8,300.0,300.0,31.4,35.6,29.1,28.3,30.200000000000003,4.95,1.99,4.97,0.16,0.0,0.0,1027.0,8228.0,0.0,0.0,0.0,0.0,0.0,1.0,0.0,0.0,0.0,0.0,0.0,-1.8,0.0,0.3,0.0,0.0,16.0,25903.0
2026-07-30T19:01:22.126Z,251.609,251.622,0.0,7.4,0.0,0.0,0.0,0.0,0.0,0.0,0.0,0.0,1.0,0.0,0.0,0.0,9.0,4.0,0.0,0.0,0.0,0.0,0.0,0.0,0.0,0.0,6.0,12.0,1.0,12.15,5.01,2.5,1.49,0.0,0.1,0.0,0.5,0.0,0.2,-1.2000000000000002,1.0,-169.60000000000002,0.0,0.0,169.60000000000002,0.0,21.200000000000003,29.200000000000003,29.200000000000003,29.8,300.0,300.0,31.6,35.6,29.1,28.3,30.200000000000003,4.96,1.99,4.96,0.16,0.0,0.0,1027.0,8228.0,0.0,0.0,0.0,0.0,0.0,1.0,0.0,0.0,0.0,0.0,0.0,-0.5,0.0,-1.2000000000000002,0.0,0.0,16.0,25903.0
2026-07-30T19:01:22.137Z,251.62,251.634,0.0,7.4,0.0,0.0,0.0,0.0,0.0,0.0,0.0,0.0,1.0,0.0,0.0,0.0,9.0,4.0,0.0,0.0,0.0,0.0,0.0,0.0,0.0,0.0,1.0,12.0,1.0,12.15,5.01,2.5,1.49,0.0,0.0,0.0,0.4,0.0,0.2,0.0,0.0,-169.60000000000002,0.0,0.0,169.70000000000002,0.0,21.200000000000003,29.200000000000003,29.200000000000003,29.8,300.0,300.0,31.6,35.6,29.1,28.3,30.200000000000003,4.96,1.99,4.97,0.16,0.0,0.0,1027.0,8228.0,0.0,0.0,0.0,0.0,0.0,1.0,0.0,0.0,0.0,0.0,0.0,-0.1,0.0,0.0,0.0,0.0,16.0,25903.0
2026-07-30T19:01:22.148Z,251.631,251.646,0.0,7.4,0.0,0.0,0.0,0.0,0.0,0.0,0.0,0.0,1.0,0.0,0.0,0.0,9.0,4.0,0.0,0.0,0.0,0.0,0.0,0.0,0.0,0.0,3.0,12.0,1.0,12.15,5.01,2.5,1.49,0.0,0.0,0.0,0.4,0.0,-0.3,0.4,0.4,-169.60000000000002,0.0,0.0,169.70000000000002,0.0,21.200000000000003,29.200000000000003,29.200000000000003,29.8,300.0,300.0,31.6,35.6,29.1,28.3,30.200000000000003,4.95,1.99,4.97,0.16,0.0,0.0,1027.0,8228.0,0.0,0.0,0.0,0.0,0.0,1.0,0.0,0.0,0.0,0.0,0.0,0.8,0.0,-0.3,0.0,0.0001,16.0,25903.0
2026-07-30T19:01:22.160Z,251.643,251.658,0.0,7.4,0.0,0.0,0.0,0.0,0.0,0.0,0.0,0.0,1.0,0.0,0.0,0.0,9.0,4.0,0.0,0.0,0.0,0.0,0.0,0.0,0.0,0.0,5.0,12.0,1.0,12.15,5.01,2.5,1.49,0.0,0.0,0.0,0.4,0.0,-0.9,-0.6000000000000001,-1.8,-169.60000000000002,0.0,0.0,169.60000000000002,0.0,21.200000000000003,29.200000000000003,29.200000000000003,29.8,300.0,300.0,31.6,35.6,29.1,28.3,30.200000000000003,4.95,1.99,4.96,0.16,0.0,0.0,1027.0,8228.0,0.0,0.0,0.0,0.0,0.0,1.0,0.0,0.0,0.0,0.0,0.0,-2.1,0.0,1.4,0.0,0.0,16.0,25903.0
2026-07-30T19:01:22.173Z,251.656,251.67,0.0,7.4,0.0,0.0,0.0,0.0,0.0,0.0,0.0,0.0,1.0,0.0,0.0,0.0,9.0,4.0,0.0,0.0,0.0,0.0,0.0,0.0,0.0,0.0,6.0,12.0,1.0,12.15,5.01,2.5,1.49,0.0,0.0,0.0,0.4,0.0,-0.3,-1.2000000000000002,0.0,-169.60000000000002,0.0,0.0,169.70000000000002,0.0,21.200000000000003,29.200000000000003,29.200000000000003,29.8,300.0,300.0,31.6,35.6,29.1,28.3,30.200000000000003,4.96,1.99,4.96,0.16,0.0,0.0,1027.0,8228.0,0.0,0.0,0.0,0.0,0.0,1.0,0.0,0.0,0.0,0.0,0.0,-1.5,0.0,-0.1,0.0,0.0001,16.0,25903.0
2026-07-30T19:01:22.184Z,251.667,251.682,0.0,7.4,0.0,0.0,0.0,0.0,0.0,0.0,0.0,0.0,1.0,0.0,0.0,0.0,9.0,4.0,0.0,0.0,0.0,0.0,0.0,0.0,0.0,0.0,2.0,12.0,1.0,12.15,5.01,2.5,1.49,0.0,0.1,0.0,0.4,0.0,-0.3,0.0,-0.6000000000000001,-169.60000000000002,0.0,0.0,169.70000000000002,0.0,21.200000000000003,29.200000000000003,29.200000000000003,29.8,300.0,300.0,31.6,35.6,29.1,28.3,30.200000000000003,4.96,1.99,4.97,0.16,0.0,0.0,1027.0,8228.0,0.0,0.0,0.0,0.0,0.0,1.0,0.0,0.0,0.0,0.0,0.0,-0.6000000000000001,0.0,0.5,0.0,0.0,16.0,25903.0
2026-07-30T19:01:22.197Z,251.68,251.694,0.0,7.4,0.0,0.0,0.0,0.0,0.0,0.0,0.0,0.0,1.0,0.0,0.0,0.0,9.0,4.0,0.0,0.0,0.0,0.0,0.0,0.0,0.0,0.0,3.0,12.0,1.0,12.15,5.01,2.5,1.49,0.0,0.0,0.0,0.4,0.0,-0.4,0.5,0.0,-169.60000000000002,0.0,0.0,169.70000000000002,0.0,21.200000000000003,29.200000000000003,29.200000000000003,29.8,300.0,300.0,31.6,35.6,29.1,28.3,30.200000000000003,4.95,1.99,4.97,0.16,0.0,0.0,1027.0,8228.0,0.0,0.0,0.0,0.0,0.0,1.0,0.0,0.0,0.0,0.0,0.0,0.5,0.0,0.1,0.0,0.0002,16.0,25903.0
2026-07-30T19:01:22.209Z,251.692,251.706,0.0,7.4,0.0,0.0,0.0,0.0,0.0,0.0,0.0,0.0,1.0,0.0,0.0,0.0,9.0,4.0,0.0,0.0,0.0,0.0,0.0,0.0,0.0,0.0,4.0,12.0,1.0,12.15,5.01,2.5,1.49,0.0,0.0,0.0,0.4,0.0,-0.4,0.5,1.0,-169.60000000000002,0.0,0.0,169.70000000000002,0.0,21.200000000000003,29.200000000000003,29.200000000000003,29.8,300.0,300.0,31.6,35.6,29.1,28.3,30.200000000000003,4.96,1.99,4.96,0.16,0.0,0.0,1027.0,8228.0,0.0,0.0,0.0,0.0,0.0,1.0,0.0,0.0,0.0,0.0,0.0,1.4,0.0,-0.8,0.0,0.0,16.0,25903.0
2026-07-30T19:01:22.222Z,251.705,251.718,0.0,7.4,0.0,0.0,0.0,0.0,0.0,0.0,0.0,0.0,1.0,0.0,0.0,0.0,9.0,4.0,0.0,0.0,0.0,0.0,0.0,0.0,0.0,0.0,6.0,12.0,1.0,12.15,5.01,2.5,1.49,0.0,0.0,0.0,0.4,0.0,-0.3,0.0,-0.6000000000000001,-169.60000000000002,0.0,0.0,169.60000000000002,0.0,21.200000000000003,29.200000000000003,29.200000000000003,29.8,300.0,300.0,31.6,35.6,29.1,28.3,30.200000000000003,4.95,2.0,4.96,0.16,0.0,0.0,1027.0,8228.0,0.0,0.0,0.0,0.0,0.0,1.0,0.0,0.0,0.0,0.0,0.0,-0.5,0.0,0.5,0.0,0.0,16.0,25903.0
2026-07-30T19:01:22.233Z,251.716,251.73,0.0,7.4,0.0,0.0,0.0,0.0,0.0,0.0,0.0,0.0,1.0,0.0,0.0,0.0,9.0,4.0,0.0,0.0,0.0,0.0,0.0,0.0,0.0,0.0,1.0,12.0,1.0,12.19,5.01,2.51,1.49,0.0,0.0,0.0,0.4,0.0,-0.3,-0.6000000000000001,-0.6000000000000001,-169.60000000000002,0.0,0.0,169.70000000000002,0.0,21.3,29.200000000000003,29.200000000000003,29.8,300.0,300.0,31.6,35.6,29.1,28.3,30.200000000000003,4.95,1.99,4.97,0.16,0.0,0.0,1027.0,8228.0,0.0,0.0,0.0,0.0,0.0,1.0,0.0,0.0,0.0,0.0,0.0,-1.2000000000000002,0.0,0.4,0.0,0.0001,16.0,25903.0
2026-07-30T19:01:22.245Z,251.728,251.742,0.0,7.4,0.0,0.0,0.0,0.0,0.0,0.0,0.0,0.0,1.0,0.0,0.0,0.0,9.0,4.0,0.0,0.0,0.0,0.0,0.0,0.0,0.0,0.0,3.0,12.0,1.0,12.19,5.01,2.51,1.49,0.0,0.0,0.0,0.4,0.0,0.1,0.5,0.0,-169.60000000000002,0.0,0.0,169.70000000000002,0.0,21.3,29.200000000000003,29.200000000000003,29.8,300.0,300.0,31.6,35.6,29.1,28.3,30.200000000000003,4.95,1.99,4.97,0.16,0.0,0.0,1027.0,8228.0,0.0,0.0,0.0,0.0,0.0,1.0,0.0,0.0,0.0,0.0,0.0,0.5,0.0,0.1,0.0,0.0001,16.0,25903.0
2026-07-30T19:01:22.256Z,251.739,251.754,0.0,7.4,0.0,0.0,0.0,0.0,0.0,0.0,0.0,0.0,1.0,0.0,0.0,0.0,9.0,4.0,0.0,0.0,0.0,0.0,0.0,0.0,0.0,0.0,4.0,12.0,1.0,12.19,5.01,2.51,1.49,0.0,0.1,0.0,0.4,0.0,0.7000000000000001,-1.1,-0.6000000000000001,-169.60000000000002,0.0,0.0,169.60000000000002,0.0,21.3,29.200000000000003,29.200000000000003,29.8,300.0,300.0,31.6,35.6,29.1,28.3,30.200000000000003,4.96,1.99,4.96,0.16,0.0,0.0,1027.0,8228.0,0.0,0.0,0.0,0.0,0.0,1.0,0.0,0.0,0.0,0.0,0.0,-1.8,0.0,0.3,0.0,0.0,16.0,25903.0
2026-07-30T19:01:22.270Z,251.753,251.766,0.0,7.4,0.0,0.0,0.0,0.0,0.0,0.0,0.0,0.0,1.0,0.0,0.0,0.0,9.0,4.0,0.0,0.0,0.0,0.0,0.0,0.0,0.0,0.0,5.0,12.0,1.0,12.19,5.01,2.51,1.49,0.0,0.0,0.0,0.4,0.0,-0.9,-0.5,-0.1,-169.60000000000002,0.0,0.0,169.70000000000002,0.0,21.3,29.200000000000003,29.200000000000003,29.8,300.0,300.0,31.6,35.6,29.1,28.3,30.200000000000003,4.95,1.99,4.97,0.16,0.0,0.0,1027.0,8228.0,0.0,0.0,0.0,0.0,0.0,1.0,0.0,0.0,0.0,0.0,0.0,-0.7000000000000001,0.0,0.0,0.0,0.0001,16.0,25903.0
2026-07-30T19:01:22.280Z,251.763,251.778,0.0,7.4,0.0,0.0,0.0,0.0,0.0,0.0,0.0,0.0,1.0,0.0,0.0,0.0,9.0,4.0,0.0,0.0,0.0,0.0,0.0,0.0,0.0,0.0,6.0,12.0,1.0,12.19,5.01,2.51,1.49,0.0,0.0,0.0,0.4,0.0,-0.3,-0.5,-1.2000000000000002,-169.60000000000002,0.0,0.0,169.70000000000002,0.0,21.3,29.200000000000003,29.200000000000003,29.8,300.0,300.0,31.6,35.6,29.1,28.3,30.200000000000003,4.95,1.99,4.96,0.16,0.0,0.0,1027.0,8228.0,0.0,0.0,0.0,0.0,0.0,1.0,0.0,0.0,0.0,0.0,0.0,-1.5,0.0,1.0,0.0,0.0002,16.0,25903.0
2026-07-30T19:01:22.292Z,251.775,251.79,0.0,7.4,0.0,0.0,0.0,0.0,0.0,0.0,0.0,0.0,1.0,0.0,0.0,0.0,9.0,4.0,0.0,0.0,0.0,0.0,0.0,0.0,0.0,0.0,2.0,12.0,1.0,12.19,5.01,2.51,1.49,0.0,0.0,0.0,0.4,0.0,-0.3,0.0,0.9,-169.60000000000002,0.0,0.0,169.70000000000002,0.0,21.3,29.200000000000003,29.200000000000003,29.8,300.0,300.0,31.6,35.6,29.1,28.3,30.200000000000003,4.96,2.0,4.96,0.16,0.0,0.0,1027.0,8228.0,0.0,0.0,0.0,0.0,0.0,1.0,0.0,0.0,0.0,0.0,0.0,0.6000000000000001,0.0,-0.8,0.0,0.0001,16.0,25903.0
2026-07-30T19:01:22.305Z,251.788,251.802,0.0,7.4,0.0,0.0,0.0,0.0,0.0,0.0,0.0,0.0,1.0,0.0,0.0,0.0,9.0,4.0,0.0,0.0,0.0,0.0,0.0,0.0,0.0,0.0,3.0,12.0,1.0,12.19,5.01,2.51,1.49,0.0,0.0,0.0,0.4,0.0,-0.3,0.0,0.4,-169.60000000000002,0.0,0.0,169.8,0.0,21.3,29.200000000000003,29.200000000000003,29.8,300.0,300.0,31.6,35.6,29.1,28.3,30.200000000000003,4.95,2.0,4.96,0.16,0.0,0.0,1027.0,8228.0,0.0,0.0,0.0,0.0,0.0,1.0,0.0,0.0,0.0,0.0,0.0,0.2,0.0,-0.3,0.0,0.0001,16.0,25903.0
2026-07-30T19:01:22.317Z,251.8,251.814,0.0,7.4,0.0,0.0,0.0,0.0,0.0,0.0,0.0,0.0,1.0,0.0,0.0,0.0,9.0,4.0,0.0,0.0,0.0,0.0,0.0,0.0,0.0,0.0,4.0,12.0,1.0,12.19,5.01,2.51,1.49,0.0,0.0,0.0,0.4,0.0,0.2,-1.1,-0.7000000000000001,-169.60000000000002,0.0,0.0,169.70000000000002,0.0,21.3,29.200000000000003,29.200000000000003,29.8,300.0,300.0,31.6,35.6,29.1,28.3,30.200000000000003,4.95,1.99,4.97,0.16,0.0,0.0,1027.0,8228.0,0.0,0.0,0.0,0.0,0.0,1.0,0.0,0.0,0.0,0.0,0.0,-1.9,0.0,0.4,0.0,0.0001,16.0,25903.0
2026-07-30T19:01:22.330Z,251.813,251.826,0.0,7.4,0.0,0.0,0.0,0.0,0.0,0.0,0.0,0.0,1.0,0.0,0.0,0.0,9.0,4.0,0.0,0.0,0.0,0.0,0.0,0.0,0.0,0.0,5.0,12.0,1.0,12.17,5.01,2.51,1.49,0.0,0.0,0.0,0.4,0.0,-0.3,0.0,-0.7000000000000001,-169.60000000000002,0.0,0.0,169.70000000000002,0.0,21.8,29.200000000000003,29.200000000000003,29.8,300.0,300.0,31.5,35.6,29.1,28.3,30.200000000000003,4.95,2.0,4.96,0.17,0.0,0.0,1027.0,8228.0,0.0,0.0,0.0,0.0,0.0,1.0,0.0,0.0,0.0,0.0,0.0,-0.6000000000000001,0.0,0.6000000000000001,0.0,0.0001,16.0,25903.0
2026-07-30T19:01:22.340Z,251.823,251.838,0.0,7.4,0.0,0.0,0.0,0.0,0.0,0.0,0.0,0.0,1.0,0.0,0.0,0.0,9.0,4.0,0.0,0.0,0.0,0.0,0.0,0.0,0.0,0.0,1.0,12.0,1.0,12.17,5.01,2.51,1.49,0.0,0.0,0.0,0.4,0.0,-0.3,0.0,-0.1,-169.60000000000002,0.0,0.0,169.8,0.0,21.8,29.200000000000003,29.200000000000003,29.8,300.0,300.0,31.5,35.6,29.1,28.3,30.200000000000003,4.96,1.99,4.96,0.16,0.0,0.0,1027.0,8228.0,0.0,0.0,0.0,0.0,0.0,1.0,0.0,0.0,0.0,0.0,0.0,-0.1,0.0,0.1,0.0,0.0001,16.0,25903.0
2026-07-30T19:01:22.363Z,251.846,251.85,0.0,7.4,0.0,0.0,0.0,0.0,0.0,0.0,0.0,0.0,1.0,0.0,0.0,0.0,9.0,4.0,0.0,0.0,0.0,0.0,0.0,0.0,0.0,0.0,2.0,12.0,1.0,12.17,5.01,2.51,1.49,0.0,0.0,0.0,0.5,0.0,0.2,0.0,-0.1,-169.60000000000002,0.0,0.0,169.8,0.0,21.8,29.200000000000003,29.200000000000003,29.8,300.0,300.0,31.5,35.6,29.1,28.3,30.200000000000003,4.95,1.99,4.97,0.16,0.0,0.0,1027.0,8228.0,0.0,0.0,0.0,0.0,0.0,1.0,0.0,0.0,0.0,0.0,0.0,0.0,0.0,0.1,0.0,0.0002,16.0,25903.0
2026-07-30T19:01:22.368Z,251.851,251.862,0.0,7.4,0.0,0.0,0.0,0.0,0.0,0.0,0.0,0.0,1.0,0.0,0.0,0.0,9.0,4.0,0.0,0.0,0.0,0.0,0.0,0.0,0.0,0.0,2.0,12.0,1.0,12.17,5.01,2.51,1.49,0.0,0.0,0.0,0.4,0.0,0.2,-0.6000000000000001,2.1,-169.60000000000002,0.0,0.0,169.60000000000002,0.0,21.8,29.200000000000003,29.200000000000003,29.8,300.0,300.0,31.5,35.6,29.1,28.3,30.200000000000003,4.96,1.99,4.96,0.16,0.0,0.0,1027.0,8228.0,0.0,0.0,0.0,0.0,0.0,1.0,0.0,0.0,0.0,0.0,0.0,0.9,0.0,-2.0,0.0,0.0001,16.0,25903.0
2026-07-30T19:01:22.377Z,251.86,251.874,0.0,7.4,0.0,0.0,0.0,0.0,0.0,0.0,0.0,0.0,1.0,0.0,0.0,0.0,9.0,4.0,0.0,0.0,0.0,0.0,0.0,0.0,0.0,0.0,1.0,12.0,1.0,12.17,5.01,2.51,1.49,0.0,0.0,0.0,0.4,0.0,-0.9,0.0,-0.7000000000000001,-169.60000000000002,0.0,0.0,169.70000000000002,0.0,21.8,29.200000000000003,29.200000000000003,29.8,300.0,300.0,31.5,35.6,29.1,28.3,30.200000000000003,4.96,1.99,4.96,0.16,0.0,0.0,1027.0,8228.0,0.0,0.0,0.0,0.0,0.0,1.0,0.0,0.0,0.0,0.0,0.0,-0.5,0.0,0.6000000000000001,0.0,0.0002,16.0,25903.0
2026-07-30T19:01:22.389Z,251.872,251.886,0.0,7.4,0.0,0.0,0.0,0.0,0.0,0.0,0.0,0.0,1.0,0.0,0.0,0.0,9.0,4.0,0.0,0.0,0.0,0.0,0.0,0.0,0.0,0.0,3.0,12.0,1.0,12.17,5.01,2.51,1.49,0.0,0.0,0.0,0.4,0.0,-0.3,-0.6000000000000001,0.3,-169.60000000000002,0.0,0.0,169.70000000000002,0.0,21.8,29.200000000000003,29.200000000000003,29.8,300.0,300.0,31.5,35.6,29.1,28.3,30.200000000000003,4.95,1.99,4.96,0.16,0.0,0.0,1027.0,8228.0,0.0,0.0,0.0,0.0,0.0,1.0,0.0,0.0,0.0,0.0,0.0,-0.4,0.0,-0.4,0.0,0.0,16.0,25903.0
2026-07-30T19:01:22.400Z,251.883,251.898,0.0,7.4,0.0,0.0,0.0,0.0,0.0,0.0,0.0,0.0,1.0,0.0,0.0,0.0,9.0,4.0,0.0,0.0,0.0,0.0,0.0,0.0,0.0,0.0,4.0,12.0,1.0,12.17,5.01,2.51,1.49,0.0,0.0,0.0,0.4,0.0,0.8,0.0,-0.8,-169.60000000000002,0.0,0.0,169.70000000000002,0.0,21.8,29.200000000000003,29.200000000000003,29.8,300.0,300.0,31.5,35.6,29.1,28.3,30.200000000000003,4.95,1.99,4.97,0.16,0.0,0.0,1027.0,8228.0,0.0,0.0,0.0,0.0,0.0,1.0,0.0,0.0,0.0,0.0,0.0,-0.6000000000000001,0.0,0.7000000000000001,0.0,0.0,16.0,25903.0
2026-07-30T19:01:22.413Z,251.896,251.91,0.0,7.4,0.0,0.0,0.0,0.0,0.0,0.0,0.0,0.0,1.0,0.0,0.0,0.0,9.0,4.0,0.0,0.0,0.0,0.0,0.0,0.0,0.0,0.0,5.0,12.0,1.0,12.17,5.01,2.51,1.49,0.0,0.0,0.0,0.4,0.0,0.2,-0.6000000000000001,-0.2,-169.70000000000002,0.0,0.0,169.8,0.0,21.8,29.200000000000003,29.200000000000003,29.8,300.0,300.0,31.5,35.6,29.1,28.3,30.200000000000003,4.96,1.99,4.97,0.16,0.0,0.0,1027.0,8228.0,0.0,0.0,0.0,0.0,0.0,1.0,0.0,0.0,0.0,0.0,0.0,-0.8,0.0,0.0,0.0,0.0,16.0,25903.0
2026-07-30T19:01:22.425Z,251.908,251.922,0.0,7.4,0.0,0.0,0.0,0.0,0.0,0.0,0.0,0.0,1.0,0.0,0.0,0.0,9.0,4.0,0.0,0.0,0.0,0.0,0.0,0.0,0.0,0.0,1.0,12.0,1.0,12.17,5.01,2.51,1.49,0.0,0.0,0.0,0.4,0.0,-0.3,0.5,0.9,-169.70000000000002,0.0,0.0,169.70000000000002,0.0,21.8,29.200000000000003,29.200000000000003,29.8,300.0,300.0,31.5,35.6,29.1,28.3,30.200000000000003,4.96,1.99,4.96,0.16,0.0,0.0,1027.0,8228.0,0.0,0.0,0.0,0.0,0.0,1.0,0.0,0.0,0.0,0.0,0.0,1.2000000000000002,0.0,-0.7000000000000001,0.0,0.0,16.0,25903.0
2026-07-30T19:01:22.437Z,251.92,251.934,0.0,7.4,0.0,0.0,0.0,0.0,0.0,0.0,0.0,0.0,1.0,0.0,0.0,0.0,9.0,4.0,0.0,0.0,0.0,0.0,0.0,0.0,0.0,0.0,2.0,12.0,1.0,12.17,5.01,2.51,1.49,0.0,0.0,0.0,0.4,0.0,-0.9,1.1,1.0,-169.60000000000002,0.0,0.0,169.60000000000002,0.0,21.4,29.200000000000003,29.200000000000003,29.8,300.0,300.0,31.700000000000003,35.6,29.1,28.3,30.200000000000003,4.95,1.99,4.96,0.16,0.0,0.0,1027.0,8228.0,0.0,0.0,0.0,0.0,0.0,1.0,0.0,0.0,0.0,0.0,0.0,2.0,0.0,-0.6000000000000001,0.0,0.0002,16.0,25903.0
2026-07-30T19:01:22.448Z,251.931,251.946,0.0,7.4,0.0,0.0,0.0,0.0,0.0,0.0,0.0,0.0,1.0,0.0,0.0,0.0,9.0,4.0,0.0,0.0,0.0,0.0,0.0,0.0,0.0,0.0,4.0,12.0,1.0,12.17,5.01,2.51,1.49,0.0,0.0,0.0,0.4,0.0,0.8,-1.1,-0.7000000000000001,-169.60000000000002,0.0,0.0,169.70000000000002,0.0,21.4,29.200000000000003,29.200000000000003,29.8,300.0,300.0,31.700000000000003,35.6,29.1,28.3,30.200000000000003,4.95,1.99,4.96,0.16,0.0,0.0,1027.0,8228.0,0.0,0.0,0.0,0.0,0.0,1.0,0.0,0.0,0.0,0.0,0.0,-1.9,0.0,0.4,0.0,0.0001,16.0,25903.0
2026-07-30T19:01:22.460Z,251.943,251.958,0.0,7.4,0.0,0.0,0.0,0.0,0.0,0.0,0.0,0.0,1.0,0.0,0.0,0.0,9.0,4.0,0.0,0.0,0.0,0.0,0.0,0.0,0.0,0.0,5.0,12.0,1.0,12.17,5.01,2.51,1.49,0.0,0.0,0.0,0.4,0.0,-0.4,0.0,-0.2,-169.60000000000002,0.0,0.0,169.8,0.0,21.4,29.200000000000003,29.200000000000003,29.8,300.0,300.0,31.700000000000003,35.6,29.1,28.3,30.200000000000003,4.96,2.0,4.96,0.16,0.0,0.0,1027.0,8228.0,0.0,0.0,0.0,0.0,0.0,1.0,0.0,0.0,0.0,0.0,0.0,0.6000000000000001,0.0,-0.8,0.0,0.0001,16.0,25903.0
2026-07-30T19:01:22.472Z,251.955,251.97,0.0,7.4,0.0,0.0,0.0,0.0,0.0,0.0,0.0,0.0,1.0,0.0,0.0,0.0,9.0,4.0,0.0,0.0,0.0,0.0,0.0,0.0,0.0,0.0,6.0,12.0,1.0,12.17,5.01,2.51,1.49,0.0,0.0,0.0,0.4,0.0,-0.4,0.0,-0.8,-169.70000000000002,0.0,0.0,169.8,0.0,21.4,29.200000000000003,29.200000000000003,29.8,300.0,300.0,31.700000000000003,35.6,29.1,28.3,30.200000000000003,4.96,1.99,4.97,0.16,0.0,0.0,1027.0,8228.0,0.0,0.0,0.0,0.0,0.0,1.0,0.0,0.0,0.0,0.0,0.0,0.7000000000000001,0.0,0.9,0.0,0.0002,16.0,25903.0
2026-07-30T19:01:22.485Z,251.968,251.982,0.0,7.4,0.0,0.0,0.0,0.0,0.0,0.0,0.0,0.0,1.0,0.0,0.0,0.0,9.0,4.0,0.0,0.0,0.0,0.0,0.0,0.0,0.0,0.0,1.0,12.0,1.0,12.17,5.01,2.51,1.49,0.0,0.0,0.0,0.4,0.0,-0.4,0.6000000000000001,1.4,-169.70000000000002,0.0,0.0,169.60000000000002,0.0,21.4,29.200000000000003,29.200000000000003,29.8,300.0,300.0,31.700000000000003,35.6,29.1,28.3,30.200000000000003,4.95,1.99,4.97,0.16,0.0,0.0,1027.0,8228.0,0.0,0.0,0.0,0.0,0.0,1.0,0.0,0.0,0.0,0.0,0.0,3.5,0.0,-1.4,0.0,0.0001,16.0,25903.0
2026-07-30T19:01:22.496Z,251.979,251.994,0.0,7.4,0.0,0.0,0.0,0.0,0.0,0.0,0.0,0.0,1.0,0.0,0.0,0.0,9.0,4.0,0.0,0.0,0.0,0.0,0.0,0.0,0.0,0.0,3.0,12.0,1.0,12.17,5.01,2.51,1.49,0.0,0.0,0.0,0.4,0.0,0.7000000000000001,-0.5,-1.4,-169.70000000000002,0.0,0.0,169.70000000000002,0.0,21.4,29.200000000000003,29.200000000000003,29.8,300.0,300.0,31.700000000000003,35.6,29.1,28.3,30.200000000000003,4.96,1.99,4.96,0.16,0.0,0.0,1027.0,8228.0,0.0,0.0,0.0,0.0,0.0,1.0,0.0,0.0,0.0,0.0,0.0,-0.8,0.0,0.1,0.0,0.0002,16.0,25903.0
2026-07-30T19:01:22.508Z,251.991,252.006,0.0,7.4,0.0,0.0,0.0,0.0,0.0,0.0,0.0,0.0,1.0,0.0,0.0,0.0,9.0,4.0,0.0,0.0,0.0,0.0,0.0,0.0,0.0,0.0,4.0,12.0,1.0,12.17,5.01,2.51,1.49,0.0,0.0,0.0,0.4,0.0,0.2,-1.1,-0.2,-169.70000000000002,0.0,0.0,169.70000000000002,0.0,21.4,29.200000000000003,29.200000000000003,29.8,300.0,300.0,31.700000000000003,35.6,29.1,28.3,30.200000000000003,4.95,1.99,4.97,0.16,0.0,0.0,1027.0,8228.0,0.0,0.0,0.0,0.0,0.0,1.0,0.0,0.0,0.0,0.0,0.0,-1.4,0.0,0.0,0.0,0.0,16.0,25903.0
2026-07-30T19:01:22.520Z,252.003,252.018,0.0,7.4,0.0,0.0,0.0,0.0,0.0,0.0,0.0,0.0,1.0,0.0,0.0,0.0,9.0,4.0,0.0,0.0,0.0,0.0,0.0,0.0,0.0,0.0,5.0,12.0,1.0,12.17,5.01,2.51,1.49,0.0,0.1,0.0,0.4,0.0,0.8,-0.5,-0.8,-169.70000000000002,0.0,0.0,169.8,0.0,21.4,29.200000000000003,29.200000000000003,29.8,300.0,300.0,31.700000000000003,35.6,29.1,28.3,30.200000000000003,4.95,1.99,4.96,0.16,0.0,0.0,1027.0,8228.0,0.0,0.0,0.0,0.0,0.0,1.0,0.0,0.0,0.0,0.0,0.0,-1.2000000000000002,0.0,0.5,0.0,0.0001,16.0,25903.0
2026-07-30T19:01:22.533Z,252.016,252.03,0.0,7.4,0.0,0.0,0.0,0.0,0.0,0.0,0.0,0.0,1.0,0.0,0.0,0.0,9.0,4.0,0.0,0.0,0.0,0.0,0.0,0.0,0.0,0.0,6.0,12.0,1.0,12.13,5.0200000000000005,2.51,1.49,0.0,0.0,0.0,0.4,0.0,-0.3,0.0,-0.8,-169.70000000000002,0.0,0.0,169.8,0.0,21.700000000000003,29.200000000000003,29.200000000000003,29.8,300.0,300.0,31.6,35.6,29.1,28.3,30.200000000000003,4.96,1.99,4.96,0.16,0.0,0.0,1027.0,8228.0,0.0,0.0,0.0,0.0,0.0,1.0,0.0,0.0,0.0,0.0,0.0,-0.5,0.0,0.7000000000000001,0.0,0.0001,16.0,25903.0
2026-07-30T19:01:22.545Z,252.028,252.042,0.0,7.4,0.0,0.0,0.0,0.0,0.0,0.0,0.0,0.0,1.0,0.0,0.0,0.0,9.0,4.0,0.0,0.0,0.0,0.0,0.0,0.0,0.0,0.0,1.0,12.0,1.0,12.13,5.0200000000000005,2.51,1.49,0.0,0.0,0.0,0.4,0.0,-0.3,-1.1,-0.8,-169.70000000000002,0.0,0.0,169.8,0.0,21.700000000000003,29.200000000000003,29.200000000000003,29.8,300.0,300.0,31.6,35.6,29.1,28.3,30.200000000000003,4.95,1.99,4.96,0.16,0.0,0.0,1027.0,8228.0,0.0,0.0,0.0,0.0,0.0,1.0,0.0,0.0,0.0,0.0,0.0,-1.8,0.0,0.4,0.0,0.0001,16.0,25903.0
2026-07-30T19:01:22.556Z,252.039,252.054,0.0,7.4,0.0,0.0,0.0,0.0,0.0,0.0,0.0,0.0,1.0,0.0,0.0,0.0,9.0,4.0,0.0,0.0,0.0,0.0,0.0,0.0,0.0,0.0,3.0,12.0,1.0,12.13,5.0200000000000005,2.51,1.49,0.0,0.0,0.0,0.4,0.0,-0.3,0.0,-0.2,-169.70000000000002,0.0,0.0,169.8,0.0,21.700000000000003,29.200000000000003,29.200000000000003,29.8,300.0,300.0,31.6,35.6,29.1,28.3,30.200000000000003,4.95,1.99,4.97,0.16,0.0,0.0,1027.0,8228.0,0.0,0.0,0.0,0.0,0.0,1.0,0.0,0.0,0.0,0.0,0.0,-0.1,0.0,0.2,0.0,0.0,16.0,25903.0
2026-07-30T19:01:22.568Z,252.051,252.066,0.0,7.4,0.0,0.0,0.0,0.0,0.0,0.0,0.0,0.0,1.0,0.0,0.0,0.0,9.0,4.0,0.0,0.0,0.0,0.0,0.0,0.0,0.0,0.0,4.0,12.0,1.0,12.13,5.0200000000000005,2.51,1.49,0.0,0.0,0.0,0.4,0.0,-0.9,-1.1,0.9,-169.70000000000002,0.0,0.0,169.8,0.0,21.700000000000003,29.200000000000003,29.200000000000003,29.8,300.0,300.0,31.6,35.6,29.1,28.3,30.200000000000003,4.95,1.99,4.96,0.16,0.0,0.0,1027.0,8228.0,0.0,0.0,0.0,0.0,0.0,1.0,0.0,0.0,0.0,0.0,0.0,-0.6000000000000001,0.0,-1.0,0.0,0.0001,16.0,25903.0
2026-07-30T19:01:22.581Z,252.064,252.078,0.0,7.4,0.0,0.0,0.0,0.0,0.0,0.0,0.0,0.0,1.0,0.0,0.0,0.0,9.0,4.0,0.0,0.0,0.0,0.0,0.0,0.0,0.0,0.0,5.0,12.0,1.0,12.13,5.0200000000000005,2.51,1.49,0.0,0.1,0.0,0.4,0.0,-0.3,1.1,0.9,-169.70000000000002,0.0,0.0,169.60000000000002,0.0,21.700000000000003,29.200000000000003,29.200000000000003,29.8,300.0,300.0,31.6,35.6,29.1,28.3,30.200000000000003,4.96,1.99,4.96,0.16,0.0,0.0,1027.0,8228.0,0.0,0.0,0.0,0.0,0.0,1.0,0.0,0.0,0.0,0.0,0.0,2.0,0.0,-0.5,0.0,0.0,16.0,25903.0
2026-07-30T19:01:22.592Z,252.075,252.09,0.0,7.4,0.0,0.0,0.0,0.0,0.0,0.0,0.0,0.0,1.0,0.0,0.0,0.0,9.0,4.0,0.0,0.0,0.0,0.0,0.0,0.0,0.0,0.0,1.0,12.0,1.0,12.13,5.0200000000000005,2.51,1.49,0.0,0.1,0.0,0.4,0.0,-0.2,-0.5,-0.8,-169.70000000000002,0.0,0.0,169.60000000000002,0.0,21.700000000000003,29.200000000000003,29.200000000000003,29.8,300.0,300.0,31.6,35.6,29.1,28.3,30.200000000000003,4.95,1.99,4.97,0.16,0.0,0.0,1027.0,8228.0,0.0,0.0,0.0,0.0,0.0,1.0,0.0,0.0,0.0,0.0,0.0,-1.2000000000000002,0.0,0.5,0.0,0.0002,16.0,25903.0
2026-07-30T19:01:22.605Z,252.088,252.102,0.0,7.4,0.0,0.0,0.0,0.0,0.0,0.0,0.0,0.0,1.0,0.0,0.0,0.0,9.0,4.0,0.0,0.0,0.0,0.0,0.0,0.0,0.0,0.0,2.0,12.0,1.0,12.13,5.0200000000000005,2.51,1.49,0.0,0.0,0.0,0.4,0.0,-0.2,-0.5,0.3,-169.70000000000002,0.0,0.0,169.70000000000002,0.0,21.700000000000003,29.200000000000003,29.200000000000003,29.8,300.0,300.0,31.6,35.6,29.1,28.3,30.200000000000003,4.96,1.99,4.96,0.16,0.0,0.0,1027.0,8228.0,0.0,0.0,0.0,0.0,0.0,1.0,0.0,0.0,0.0,0.0,0.0,-0.4,0.0,-0.4,0.0,0.0,16.0,25903.0
2026-07-30T19:01:22.616Z,252.099,252.114,0.0,7.4,0.0,0.0,0.0,0.0,0.0,0.0,0.0,0.0,1.0,0.0,0.0,0.0,9.0,4.0,0.0,0.0,0.0,0.0,0.0,0.0,0.0,0.0,4.0,12.0,1.0,12.13,5.0200000000000005,2.51,1.49,0.0,0.1,0.0,0.4,0.0,0.3,0.0,-0.1,-169.70000000000002,0.0,0.0,169.70000000000002,0.0,21.700000000000003,29.200000000000003,29.200000000000003,29.8,300.0,300.0,31.6,35.6,29.1,28.3,30.200000000000003,4.96,1.99,4.96,0.16,0.0,0.0,1027.0,8228.0,0.0,0.0,0.0,0.0,0.0,1.0,0.0,0.0,0.0,0.0,0.0,-0.1,0.0,0.1,0.0,0.0001,16.0,25903.0
2026-07-30T19:01:22.628Z,252.111,252.126,0.0,7.4,0.0,0.0,0.0,0.0,0.0,0.0,0.0,0.0,1.0,0.0,0.0,0.0,9.0,4.0,0.0,0.0,0.0,0.0,0.0,0.0,0.0,0.0,5.0,12.0,1.0,12.13,5.0200000000000005,2.51,1.49,0.0,0.0,0.0,0.4,0.0,0.2,0.5,0.3,-169.70000000000002,0.0,0.0,169.70000000000002,0.0,21.700000000000003,29.200000000000003,29.200000000000003,29.8,300.0,300.0,31.6,35.6,29.1,28.3,30.200000000000003,4.95,1.99,4.96,0.16,0.0,0.0,1027.0,8228.0,0.0,0.0,0.0,0.0,0.0,1.0,0.0,0.0,0.0,0.0,0.0,0.9,0.0,-0.2,0.0,0.0,16.0,25903.0
2026-07-30T19:01:22.641Z,252.124,252.138,0.0,7.4,0.0,0.0,0.0,0.0,0.0,0.0,0.0,0.0,1.0,0.0,0.0,0.0,9.0,4.0,0.0,0.0,0.0,0.0,0.0,0.0,0.0,0.0,6.0,12.0,1.0,12.15,5.01,2.51,1.49,0.0,0.0,0.0,0.4,0.0,0.3,0.0,1.5,-169.70000000000002,0.0,0.0,169.60000000000002,0.0,21.4,29.200000000000003,29.200000000000003,29.8,300.0,300.0,31.6,35.6,29.1,28.3,30.200000000000003,4.95,1.99,4.96,0.16,0.0,0.0,1027.0,8228.0,0.0,0.0,0.0,0.0,0.0,1.0,0.0,0.0,0.0,0.0,0.0,1.1,0.0,-1.3,0.0,0.0001,16.0,25903.0
2026-07-30T19:01:22.653Z,252.136,252.15,0.0,7.4,0.0,0.0,0.0,0.0,0.0,0.0,0.0,0.0,1.0,0.0,0.0,0.0,9.0,4.0,0.0,0.0,0.0,0.0,0.0,0.0,0.0,0.0,6.0,12.0,1.0,12.15,5.01,2.51,1.49,0.0,0.1,0.0,0.4,0.0,-0.2,0.0,0.9,-169.70000000000002,0.0,0.0,169.8,0.0,21.4,29.200000000000003,29.200000000000003,29.8,300.0,300.0,31.6,35.6,29.1,28.3,30.200000000000003,4.96,2.0,4.96,0.16,0.0,0.0,1027.0,8228.0,0.0,0.0,0.0,0.0,0.0,1.0,0.0,0.0,0.0,0.0,0.0,0.7000000000000001,0.0,-0.8,0.0,0.0001,16.0,25903.0
2026-07-30T19:01:22.665Z,252.148,252.162,0.0,7.4,0.0,0.0,0.0,0.0,0.0,0.0,0.0,0.0,1.0,0.0,0.0,0.0,9.0,4.0,0.0,0.0,0.0,0.0,0.0,0.0,0.0,0.0,2.0,12.0,1.0,12.15,5.01,2.51,1.49,0.0,0.0,0.0,0.4,0.0,-0.1,0.0,0.3,-169.70000000000002,0.0,0.0,169.70000000000002,0.0,21.4,29.200000000000003,29.200000000000003,29.8,300.0,300.0,31.6,35.6,29.1,28.3,30.200000000000003,4.96,1.99,4.97,0.16,0.0,0.0,1027.0,8228.0,0.0,0.0,0.0,0.0,0.0,1.0,0.0,0.0,0.0,0.0,0.0,0.2,0.0,-0.3,0.0,0.0001,16.0,25903.0
2026-07-30T19:01:22.681Z,252.164,252.174,0.0,7.4,0.0,0.0,0.0,0.0,0.0,0.0,0.0,0.0,1.0,0.0,0.0,0.0,9.0,4.0,0.0,0.0,0.0,0.0,0.0,0.0,0.0,0.0,3.0,12.0,1.0,12.15,5.01,2.51,1.49,0.0,0.0,0.0,0.4,0.0,0.3,1.1,-0.7000000000000001,-169.70000000000002,0.0,0.0,169.8,0.0,21.4,29.200000000000003,29.200000000000003,29.8,300.0,300.0,31.6,35.6,29.1,28.3,30.200000000000003,4.95,2.0,4.97,0.16,0.0,0.0,1027.0,8228.0,0.0,0.0,0.0,0.0,0.0,1.0,0.0,0.0,0.0,0.0,0.0,0.7000000000000001,0.0,0.9,0.0,0.0,16.0,25903.0
2026-07-30T19:01:22.688Z,252.171,252.186,0.0,7.4,0.0,0.0,0.0,0.0,0.0,0.0,0.0,0.0,1.0,0.0,0.0,0.0,9.0,4.0,0.0,0.0,0.0,0.0,0.0,0.0,0.0,0.0,1.0,12.0,1.0,12.15,5.01,2.51,1.49,0.0,0.0,0.0,0.4,0.0,-0.1,-0.5,-0.2,-169.70000000000002,0.0,0.0,169.70000000000002,0.0,21.4,29.200000000000003,29.200000000000003,29.8,300.0,300.0,31.6,35.6,29.1,28.3,30.200000000000003,4.96,2.0,4.96,0.16,0.0,0.0,1027.0,8228.0,0.0,0.0,0.0,0.0,0.0,1.0,0.0,0.0,0.0,0.0,0.0,-0.8,0.0,0.0,0.0,0.0001,16.0,25903.0
2026-07-30T19:01:22.701Z,252.184,252.198,0.0,7.4,0.0,0.0,0.0,0.0,0.0,0.0,0.0,0.0,1.0,0.0,0.0,0.0,9.0,4.0,0.0,0.0,0.0,0.0,0.0,0.0,0.0,0.0,2.0,12.0,1.0,12.15,5.01,2.51,1.49,0.0,0.1,0.0,0.4,0.0,-1.3,-1.7000000000000002,-0.1,-169.70000000000002,0.0,0.0,169.8,0.0,21.4,29.200000000000003,29.200000000000003,29.8,300.0,300.0,31.6,35.6,29.1,28.3,30.200000000000003,4.95,2.0,4.96,0.16,0.0,0.0,1027.0,8228.0,0.0,0.0,0.0,0.0,0.0,1.0,0.0,0.0,0.0,0.0,0.0,-2.1,0.0,-0.1,0.0,0.0,16.0,25903.0
2026-07-30T19:01:22.712Z,252.195,252.21,0.0,7.4,0.0,0.0,0.0,0.0,0.0,0.0,0.0,0.0,1.0,0.0,0.0,0.0,9.0,4.0,0.0,0.0,0.0,0.0,0.0,0.0,0.0,0.0,3.0,12.0,1.0,12.15,5.01,2.51,1.49,0.0,0.0,0.0,0.4,0.0,0.4,0.0,-0.7000000000000001,-169.70000000000002,0.0,0.0,169.8,0.0,21.4,29.200000000000003,29.200000000000003,29.8,300.0,300.0,31.6,35.6,29.1,28.3,30.200000000000003,4.95,1.99,4.97,0.16,0.0,0.0,1027.0,8228.0,0.0,0.0,0.0,0.0,0.0,1.0,0.0,0.0,0.0,0.0,0.0,-0.5,0.0,0.6000000000000001,0.0,0.0001,16.0,25903.0
2026-07-30T19:01:22.725Z,252.208,252.222,0.0,7.4,0.0,0.0,0.0,0.0,0.0,0.0,0.0,0.0,1.0,0.0,0.0,0.0,9.0,4.0,0.0,0.0,0.0,0.0,0.0,0.0,0.0,0.0,4.0,12.0,1.0,12.15,5.01,2.51,1.49,0.0,0.0,0.0,0.4,0.0,-0.1,-0.5,-0.8,-169.70000000000002,0.0,0.0,169.70000000000002,0.0,21.4,29.200000000000003,29.200000000000003,29.8,300.0,300.0,31.6,35.6,29.1,28.3,30.200000000000003,4.95,2.0,4.97,0.16,0.0,0.0,1027.0,8228.0,0.0,0.0,0.0,0.0,0.0,1.0,0.0,0.0,0.0,0.0,0.0,-1.2000000000000002,0.0,0.6000000000000001,0.0,0.0,16.0,25903.0
2026-07-30T19:01:22.738Z,252.221,252.234,0.0,7.4,0.0,0.0,0.0,0.0,0.0,0.0,0.0,0.0,1.0,0.0,0.0,0.0,9.0,4.0,0.0,0.0,0.0,0.0,0.0,0.0,0.0,0.0,6.0,12.0,1.0,12.15,5.01,2.51,1.49,0.0,0.0,0.0,0.4,0.0,-0.1,0.0,-0.2,-169.70000000000002,0.0,0.0,169.70000000000002,0.0,21.8,29.200000000000003,29.200000000000003,29.8,300.0,300.0,31.6,35.5,29.1,28.3,30.200000000000003,4.96,2.0,4.96,0.16,0.0,0.0,1027.0,8228.0,0.0,0.0,0.0,0.0,0.0,1.0,0.0,0.0,0.0,0.0,0.0,-0.1,0.0,0.2,0.0,0.0001,16.0,25903.0
2026-07-30T19:01:22.749Z,252.232,252.246,0.0,7.4,0.0,0.0,0.0,0.0,0.0,0.0,0.0,0.0,1.0,0.0,0.0,0.0,9.0,4.0,0.0,0.0,0.0,0.0,0.0,0.0,0.0,0.0,2.0,12.0,1.0,12.15,5.01,2.51,1.49,0.0,0.0,0.0,0.4,0.0,-0.1,-1.1,-0.7000000000000001,-169.70000000000002,0.0,0.0,169.70000000000002,0.0,21.8,29.200000000000003,29.200000000000003,29.8,300.0,300.0,31.6,35.5,29.1,28.3,30.200000000000003,4.95,1.99,4.97,0.16,0.0,0.0,1027.0,8228.0,0.0,0.0,0.0,0.0,0.0,1.0,0.0,0.0,0.0,0.0,0.0,-1.8,0.0,0.4,0.0,0.0001,16.0,25903.0
2026-07-30T19:01:22.761Z,252.244,252.258,0.0,7.4,0.0,0.0,0.0,0.0,0.0,0.0,0.0,0.0,1.0,0.0,0.0,0.0,9.0,4.0,0.0,0.0,0.0,0.0,0.0,0.0,0.0,0.0,3.0,12.0,1.0,12.15,5.01,2.51,1.49,0.0,0.0,0.0,0.4,0.0,-0.2,0.0,0.9,-169.70000000000002,0.0,0.0,169.70000000000002,0.0,21.8,29.200000000000003,29.200000000000003,29.8,300.0,300.0,31.6,35.5,29.1,28.3,30.200000000000003,4.95,2.0,4.96,0.16,0.0,0.0,1027.0,8228.0,0.0,0.0,0.0,0.0,0.0,1.0,0.0,0.0,0.0,0.0,0.0,0.7000000000000001,0.0,-0.8,0.0,0.0,16.0,25903.0
2026-07-30T19:01:22.772Z,252.255,252.27,0.0,7.4,0.0,0.0,0.0,0.0,0.0,0.0,0.0,0.0,1.0,0.0,0.0,0.0,9.0,4.0,0.0,0.0,0.0,0.0,0.0,0.0,0.0,0.0,4.0,12.0,1.0,12.15,5.01,2.51,1.49,0.0,0.0,0.0,0.4,0.0,-0.2,0.0,-0.2,-169.70000000000002,0.0,0.0,169.70000000000002,0.0,21.8,29.200000000000003,29.200000000000003,29.8,300.0,300.0,31.6,35.5,29.1,28.3,30.200000000000003,4.96,1.99,4.96,0.16,0.0,0.0,1027.0,8228.0,0.0,0.0,0.0,0.0,0.0,1.0,0.0,0.0,0.0,0.0,0.0,0.0,0.0,0.2,0.0,0.0,16.0,25903.0
2026-07-30T19:01:22.785Z,252.268,252.282,0.0,7.4,0.0,0.0,0.0,0.0,0.0,0.0,0.0,0.0,1.0,0.0,0.0,0.0,9.0,4.0,0.0,0.0,0.0,0.0,0.0,0.0,0.0,0.0,5.0,12.0,1.0,12.15,5.01,2.51,1.49,0.0,0.0,0.0,0.4,0.0,0.3,-0.5,-0.8,-169.70000000000002,0.0,0.0,169.60000000000002,0.0,21.8,29.200000000000003,29.200000000000003,29.8,300.0,300.0,31.6,35.5,29.1,28.3,30.200000000000003,4.95,1.99,4.96,0.16,0.0,0.0,1027.0,8228.0,0.0,0.0,0.0,0.0,0.0,1.0,0.0,0.0,0.0,0.0,0.0,-1.2000000000000002,0.0,0.6000000000000001,0.0,0.0001,16.0,25903.0
2026-07-30T19:01:22.797Z,252.28,252.294,0.0,7.4,0.0,0.0,0.0,0.0,0.0,0.0,0.0,0.0,1.0,0.0,0.0,0.0,9.0,4.0,0.0,0.0,0.0,0.0,0.0,0.0,0.0,0.0,1.0,12.0,1.0,12.15,5.01,2.51,1.49,0.0,0.0,0.0,0.4,0.0,0.3,0.0,1.5,-169.70000000000002,0.0,0.0,169.60000000000002,0.0,21.8,29.200000000000003,29.200000000000003,29.8,300.0,300.0,31.6,35.5,29.1,28.3,30.200000000000003,4.95,1.99,4.97,0.16,0.0,0.0,1027.0,8228.0,0.0,0.0,0.0,0.0,0.0,1.0,0.0,0.0,0.0,0.0,0.0,1.1,0.0,-1.3,0.0,0.0001,16.0,25903.0
2026-07-30T19:01:22.809Z,252.292,252.306,0.0,7.4,0.0,0.0,0.0,0.0,0.0,0.0,0.0,0.0,1.0,0.0,0.0,0.0,9.0,4.0,0.0,0.0,0.0,0.0,0.0,0.0,0.0,0.0,2.0,12.0,1.0,12.15,5.01,2.51,1.49,0.0,0.0,0.0,0.4,0.0,-0.1,0.6000000000000001,-0.2,-169.70000000000002,0.0,0.0,169.8,0.0,21.8,29.200000000000003,29.200000000000003,29.8,300.0,300.0,31.6,35.5,29.1,28.3,30.200000000000003,4.95,1.99,4.96,0.16,0.0,0.0,1027.0,8228.0,0.0,0.0,0.0,0.0,0.0,1.0,0.0,0.0,0.0,0.0,0.0,0.5,0.0,0.3,0.0,0.0001,16.0,25903.0
2026-07-30T19:01:22.821Z,252.304,252.318,0.0,7.4,0.0,0.0,0.0,0.0,0.0,0.0,0.0,0.0,1.0,0.0,0.0,0.0,9.0,4.0,0.0,0.0,0.0,0.0,0.0,0.0,0.0,0.0,3.0,12.0,1.0,12.15,5.01,2.51,1.49,0.0,0.0,0.0,0.4,0.0,0.9,0.6000000000000001,0.9,-169.70000000000002,0.0,0.0,169.70000000000002,0.0,21.8,29.200000000000003,29.200000000000003,29.8,300.0,300.0,31.6,35.5,29.1,28.3,30.200000000000003,4.96,1.99,4.96,0.15,0.0,0.0,1027.0,8228.0,0.0,0.0,0.0,0.0,0.0,1.0,0.0,0.0,0.0,0.0,0.0,1.4,0.0,-0.6000000000000001,0.0,0.0002,16.0,25903.0
2026-07-30T19:01:22.834Z,252.317,252.33,0.0,7.4,0.0,0.0,0.0,0.0,0.0,0.0,0.0,0.0,1.0,0.0,0.0,0.0,9.0,4.0,0.0,0.0,0.0,0.0,0.0,0.0,0.0,0.0,4.0,12.0,1.0,12.15,5.01,2.51,1.49,0.0,0.0,0.0,0.4,0.0,-0.2,-1.0,-0.7000000000000001,-169.70000000000002,0.0,0.0,169.60000000000002,0.0,21.8,29.200000000000003,29.200000000000003,29.8,300.0,300.0,31.6,35.5,29.1,28.3,30.200000000000003,4.95,1.99,4.97,0.16,0.0,0.0,1027.0,8228.0,0.0,0.0,0.0,0.0,0.0,1.0,0.0,0.0,0.0,0.0,0.0,-1.7000000000000002,0.0,0.4,0.0,0.0001,16.0,25903.0
2026-07-30T19:01:22.845Z,252.328,252.342,0.0,7.4,0.0,0.0,0.0,0.0,0.0,0.0,0.0,0.0,1.0,0.0,0.0,0.0,9.0,4.0,0.0,0.0,0.0,0.0,0.0,0.0,0.0,0.0,5.0,12.0,1.0,12.18,5.0200000000000005,2.5,1.49,0.0,0.0,0.0,0.4,0.0,-0.2,-0.5,-0.8,-169.70000000000002,0.0,0.0,169.8,0.0,20.9,29.200000000000003,29.200000000000003,29.8,300.0,300.0,31.6,35.5,29.1,28.3,30.200000000000003,4.96,1.99,4.97,0.16,0.0,0.0,1027.0,8228.0,0.0,0.0,0.0,0.0,0.0,1.0,0.0,0.0,0.0,0.0,0.0,-1.2000000000000002,0.0,0.6000000000000001,0.0,0.0,16.0,25903.0
2026-07-30T19:01:22.856Z,252.339,252.354,0.0,7.4,0.0,0.0,0.0,0.0,0.0,0.0,0.0,0.0,1.0,0.0,0.0,0.0,9.0,4.0,0.0,0.0,0.0,0.0,0.0,0.0,0.0,0.0,6.0,12.0,1.0,12.18,5.0200000000000005,2.5,1.49,0.0,0.1,0.0,0.4,0.0,0.3,0.6000000000000001,0.3,-169.70000000000002,0.0,0.0,169.60000000000002,0.0,20.9,29.200000000000003,29.200000000000003,29.8,300.0,300.0,31.6,35.5,29.1,28.3,30.200000000000003,4.96,2.0,4.96,0.16,0.0,0.0,1027.0,8228.0,0.0,0.0,0.0,0.0,0.0,1.0,0.0,0.0,0.0,0.0,0.0,0.9,0.0,-0.2,0.0,0.0,16.0,25903.0
2026-07-30T19:01:22.869Z,252.352,252.366,0.0,7.4,0.0,0.0,0.0,0.0,0.0,0.0,0.0,0.0,1.0,0.0,0.0,0.0,9.0,4.0,0.0,0.0,0.0,0.0,0.0,0.0,0.0,0.0,1.0,12.0,1.0,12.18,5.0200000000000005,2.5,1.49,0.0,0.0,0.0,0.4,0.0,-0.2,1.1,0.4,-169.70000000000002,0.0,0.0,169.70000000000002,0.0,20.9,29.200000000000003,29.200000000000003,29.8,300.0,300.0,31.6,35.5,29.1,28.3,30.200000000000003,4.95,1.99,4.96,0.17,0.0,0.0,1027.0,8228.0,0.0,0.0,0.0,0.0,0.0,1.0,0.0,0.0,0.0,0.0,0.0,1.6,0.0,-0.1,0.0,0.0002,16.0,25903.0
2026-07-30T19:01:22.882Z,252.365,252.378,0.0,7.4,0.0,0.0,0.0,0.0,0.0,0.0,0.0,0.0,1.0,0.0,0.0,0.0,9.0,4.0,0.0,0.0,0.0,0.0,0.0,0.0,0.0,0.0,3.0,12.0,1.0,12.18,5.0200000000000005,2.5,1.49,0.0,0.0,0.0,0.4,0.0,-0.7000000000000001,-1.1,-0.7000000000000001,-169.70000000000002,0.0,0.0,169.70000000000002,0.0,20.9,29.200000000000003,29.200000000000003,29.8,300.0,300.0,31.6,35.5,29.1,28.3,30.200000000000003,4.95,1.99,4.97,0.16,0.0,0.0,1027.0,8228.0,0.0,0.0,0.0,0.0,0.0,1.0,0.0,0.0,0.0,0.0,0.0,-1.8,0.0,0.4,0.0,0.0001,16.0,25903.0
2026-07-30T19:01:22.893Z,252.376,252.39,0.0,7.4,0.0,0.0,0.0,0.0,0.0,0.0,0.0,0.0,1.0,0.0,0.0,0.0,9.0,4.0,0.0,0.0,0.0,0.0,0.0,0.0,0.0,0.0,3.0,12.0,1.0,12.18,5.0200000000000005,2.5,1.49,0.0,0.0,0.0,0.4,0.0,0.3,-0.5,0.3,-169.70000000000002,0.0,0.0,169.70000000000002,0.0,20.9,29.200000000000003,29.200000000000003,29.8,300.0,300.0,31.6,35.5,29.1,28.3,30.200000000000003,4.96,1.99,4.96,0.16,0.0,0.0,1027.0,8228.0,0.0,0.0,0.0,0.0,0.0,1.0,0.0,0.0,0.0,0.0,0.0,-0.3,0.0,-0.4,0.0,0.0,16.0,25903.0
2026-07-30T19:01:22.905Z,252.388,252.402,0.0,7.4,0.0,0.0,0.0,0.0,0.0,0.0,0.0,0.0,1.0,0.0,0.0,0.0,9.0,4.0,0.0,0.0,0.0,0.0,0.0,0.0,0.0,0.0,3.0,12.0,1.0,12.18,5.0200000000000005,2.5,1.49,0.0,0.1,0.0,0.5,0.0,0.9,0.6000000000000001,0.3,-169.70000000000002,0.0,0.0,169.8,0.0,20.9,29.200000000000003,29.200000000000003,29.8,300.0,300.0,31.6,35.5,29.1,28.3,30.200000000000003,4.96,1.99,4.97,0.16,0.0,0.0,1027.0,8228.0,0.0,0.0,0.0,0.0,0.0,1.0,0.0,0.0,0.0,0.0,0.0,0.9,0.0,-0.2,0.0,0.0,16.0,25903.0
2026-07-30T19:01:22.917Z,252.4,252.414,0.0,7.4,0.0,0.0,0.0,0.0,0.0,0.0,0.0,0.0,1.0,0.0,0.0,0.0,9.0,4.0,0.0,0.0,0.0,0.0,0.0,0.0,0.0,0.0,4.0,12.0,1.0,12.18,5.0200000000000005,2.5,1.49,0.0,0.0,0.0,0.4,0.0,-1.3,1.2000000000000002,-0.2,-169.70000000000002,0.0,0.0,169.8,0.0,20.9,29.200000000000003,29.200000000000003,29.8,300.0,300.0,31.6,35.5,29.1,28.3,30.200000000000003,4.95,1.99,4.97,0.16,0.0,0.0,1027.0,8228.0,0.0,0.0,0.0,0.0,0.0,1.0,0.0,0.0,0.0,0.0,0.0,1.2000000000000002,0.0,0.4,0.0,0.0001,16.0,25903.0
2026-07-30T19:01:22.929Z,252.412,252.426,0.0,7.4,0.0,0.0,0.0,0.0,0.0,0.0,0.0,0.0,1.0,0.0,0.0,0.0,9.0,4.0,0.0,0.0,0.0,0.0,0.0,0.0,0.0,0.0,5.0,12.0,1.0,12.18,5.0200000000000005,2.5,1.49,0.0,0.0,0.0,0.4,0.0,-0.8,-0.5,-1.3,-169.70000000000002,0.0,0.0,169.70000000000002,0.0,20.9,29.200000000000003,29.200000000000003,29.8,300.0,300.0,31.6,35.5,29.1,28.3,30.200000000000003,4.96,1.99,4.96,0.16,0.0,0.0,1027.0,8228.0,0.0,0.0,0.0,0.0,0.0,1.0,0.0,0.0,0.0,0.0,0.0,-1.6,0.0,1.1,0.0,0.0,16.0,25903.0
2026-07-30T19:01:22.942Z,252.425,252.438,0.0,7.4,0.0,0.0,0.0,0.0,0.0,0.0,0.0,0.0,1.0,0.0,0.0,0.0,9.0,4.0,0.0,0.0,0.0,0.0,0.0,0.0,0.0,0.0,6.0,12.0,1.0,12.17,5.01,2.51,1.49,0.0,0.0,0.0,0.4,0.0,-0.2,-1.1,-0.7000000000000001,-169.70000000000002,0.0,0.0,169.8,0.0,21.700000000000003,29.200000000000003,29.200000000000003,29.8,300.0,300.0,31.5,35.5,29.1,28.3,30.200000000000003,4.95,1.99,4.96,0.16,0.0,0.0,1027.0,8228.0,0.0,0.0,0.0,0.0,0.0,1.0,0.0,0.0,0.0,0.0,0.0,-1.8,0.0,0.4,0.0,0.0002,16.0,25903.0
2026-07-30T19:01:22.952Z,252.435,252.45,0.0,7.4,0.0,0.0,0.0,0.0,0.0,0.0,0.0,0.0,1.0,0.0,0.0,0.0,9.0,4.0,0.0,0.0,0.0,0.0,0.0,0.0,0.0,0.0,1.0,12.0,1.0,12.17,5.01,2.51,1.49,0.0,0.0,0.0,0.4,0.0,-0.2,1.2000000000000002,-0.1,-169.70000000000002,0.0,0.0,169.70000000000002,0.0,21.700000000000003,29.200000000000003,29.200000000000003,29.8,300.0,300.0,31.5,35.5,29.1,28.3,30.200000000000003,4.95,1.99,4.97,0.16,0.0,0.0,1027.0,8228.0,0.0,0.0,0.0,0.0,0.0,1.0,0.0,0.0,0.0,0.0,0.0,1.2000000000000002,0.0,0.4,0.0,0.0001,16.0,25903.0
2026-07-30T19:01:22.965Z,252.448,252.462,0.0,7.4,0.0,0.0,0.0,0.0,0.0,0.0,0.0,0.0,1.0,0.0,0.0,0.0,9.0,4.0,0.0,0.0,0.0,0.0,0.0,0.0,0.0,0.0,1.0,12.0,1.0,12.17,5.01,2.51,1.49,0.0,0.0,0.0,0.4,0.0,-0.2,-0.5,1.5,-169.70000000000002,0.0,0.0,169.70000000000002,0.0,21.700000000000003,29.200000000000003,29.200000000000003,29.8,300.0,300.0,31.5,35.5,29.1,28.3,30.200000000000003,4.95,1.99,4.97,0.16,0.0,0.0,1027.0,8228.0,0.0,0.0,0.0,0.0,0.0,1.0,0.0,0.0,0.0,0.0,0.0,0.5,0.0,-1.4,0.0,0.0001,16.0,25903.0
2026-07-30T19:01:22.977Z,252.46,252.474,0.0,7.4,0.0,0.0,0.0,0.0,0.0,0.0,0.0,0.0,1.0,0.0,0.0,0.0,9.0,4.0,0.0,0.0,0.0,0.0,0.0,0.0,0.0,0.0,2.0,12.0,1.0,12.17,5.01,2.51,1.49,0.0,0.0,0.0,0.4,0.0,-0.8,0.0,0.3,-169.70000000000002,0.0,0.0,169.70000000000002,0.0,21.700000000000003,29.200000000000003,29.200000000000003,29.8,300.0,300.0,31.5,35.5,29.1,28.3,30.200000000000003,4.96,1.99,4.96,0.16,0.0,0.0,1027.0,8228.0,0.0,0.0,0.0,0.0,0.0,1.0,0.0,0.0,0.0,0.0,0.0,-1.9,0.0,0.4,0.0,0.0,16.0,25903.0
2026-07-30T19:01:22.994Z,252.477,252.486,0.0,7.4,0.0,0.0,0.0,0.0,0.0,0.0,0.0,0.0,1.0,0.0,0.0,0.0,9.0,4.0,0.0,0.0,0.0,0.0,0.0,0.0,0.0,0.0,3.0,12.0,1.0,12.17,5.01,2.51,1.49,0.0,0.0,0.0,0.4,0.0,0.8,-0.5,-0.1,-169.70000000000002,0.0,0.0,169.70000000000002,0.0,21.700000000000003,29.200000000000003,29.200000000000003,29.8,300.0,300.0,31.5,35.5,29.1,28.3,30.200000000000003,4.95,1.99,4.97,0.16,0.0,0.0,1027.0,8228.0,0.0,0.0,0.0,0.0,0.0,1.0,0.0,0.0,0.0,0.0,0.0,1.1,0.0,-1.3,0.0,0.0,16.0,25903.0
2026-07-30T19:01:23.001Z,252.484,252.498,0.0,7.4,0.0,0.0,0.0,0.0,0.0,0.0,0.0,0.0,1.0,0.0,0.0,0.0,9.0,4.0,0.0,0.0,0.0,0.0,0.0,0.0,0.0,0.0,3.0,12.0,1.0,12.17,5.01,2.51,1.49,0.0,0.0,0.0,0.4,0.0,-0.2,0.5,0.3,-169.70000000000002,0.0,0.0,169.8,0.0,21.700000000000003,29.200000000000003,29.200000000000003,29.8,300.0,300.0,31.5,35.5,29.1,28.3,30.200000000000003,4.95,2.0,4.96,0.16,0.0,0.0,1027.0,8228.0,0.0,0.0,0.0,0.0,0.0,1.0,0.0,0.0,0.0,0.0,0.0,0.5,0.0,0.2,0.0,0.0001,16.0,25903.0
2026-07-30T19:01:23.013Z,252.496,252.51,0.0,7.4,0.0,0.0,0.0,0.0,0.0,0.0,0.0,0.0,1.0,0.0,0.0,0.0,9.0,4.0,0.0,0.0,0.0,0.0,0.0,0.0,0.0,0.0,3.0,12.0,1.0,12.17,5.01,2.51,1.49,0.0,0.0,0.0,0.4,0.0,-0.2,0.5,1.5,-169.70000000000002,0.0,0.0,169.60000000000002,0.0,21.700000000000003,29.200000000000003,29.200000000000003,29.8,300.0,300.0,31.5,35.5,29.1,28.3,30.200000000000003,4.96,2.0,4.96,0.16,0.0,0.0,1027.0,8228.0,0.0,0.0,0.0,0.0,0.0,1.0,0.0,0.0,0.0,0.0,0.0,1.8,0.0,-1.2000000000000002,0.0,0.0001,16.0,25903.0
2026-07-30T19:01:23.025Z,252.508,252.522,0.0,7.4,0.0,0.0,0.0,0.0,0.0,0.0,0.0,0.0,1.0,0.0,0.0,0.0,9.0,4.0,0.0,0.0,0.0,0.0,0.0,0.0,0.0,0.0,5.0,12.0,1.0,12.17,5.01,2.51,1.49,0.0,0.0,0.0,0.4,0.0,0.3,0.0,-0.2,-169.70000000000002,0.0,0.0,169.70000000000002,0.0,21.700000000000003,29.200000000000003,29.200000000000003,29.8,300.0,300.0,31.5,35.5,29.1,28.3,30.200000000000003,4.96,2.0,4.97,0.16,0.0,0.0,1027.0,8228.0,0.0,0.0,0.0,0.0,0.0,1.0,0.0,0.0,0.0,0.0,0.0,-0.1,0.0,0.2,0.0,0.0001,16.0,25903.0
2026-07-30T19:01:23.037Z,252.52,252.534,0.0,7.4,0.0,0.0,0.0,0.0,0.0,0.0,0.0,0.0,1.0,0.0,0.0,0.0,9.0,4.0,0.0,0.0,0.0,0.0,0.0,0.0,0.0,0.0,6.0,12.0,1.0,12.17,5.01,2.51,1.49,0.0,0.0,0.0,0.4,0.0,0.3,-1.1,-0.1,-169.70000000000002,0.0,0.0,169.8,0.0,21.700000000000003,29.200000000000003,29.200000000000003,29.8,300.0,300.0,31.5,35.5,29.1,28.3,30.200000000000003,4.95,2.0,4.97,0.16,0.0,0.0,1027.0,8228.0,0.0,0.0,0.0,0.0,0.0,1.0,0.0,0.0,0.0,0.0,0.0,-1.4,0.0,0.0,0.0,0.0,16.0,25903.0
2026-07-30T19:01:23.049Z,252.532,252.546,0.0,7.4,0.0,0.0,0.0,0.0,0.0,0.0,0.0,0.0,1.0,0.0,0.0,0.0,9.0,4.0,0.0,0.0,0.0,0.0,0.0,0.0,0.0,0.0,2.0,12.0,1.0,12.18,5.0200000000000005,2.51,1.49,0.0,0.0,0.0,0.4,0.0,-1.3,1.1,-0.1,-169.70000000000002,0.0,0.0,169.70000000000002,0.0,21.700000000000003,29.200000000000003,29.200000000000003,29.8,300.0,300.0,31.5,35.5,29.1,28.3,30.200000000000003,4.95,1.99,4.96,0.16,0.0,0.0,1027.0,8228.0,0.0,0.0,0.0,0.0,0.0,1.0,0.0,0.0,0.0,0.0,0.0,1.1,0.0,0.3,0.0,0.0001,16.0,25903.0
2026-07-30T19:01:23.061Z,252.544,252.558,0.0,7.4,0.0,0.0,0.0,0.0,0.0,0.0,0.0,0.0,1.0,0.0,0.0,0.0,9.0,4.0,0.0,0.0,0.0,0.0,0.0,0.0,0.0,0.0,2.0,12.0,1.0,12.18,5.0200000000000005,2.51,1.49,0.0,0.1,0.0,0.4,0.0,-0.2,1.1,-0.7000000000000001,-169.70000000000002,0.0,0.0,169.8,0.0,21.700000000000003,29.200000000000003,29.200000000000003,29.8,300.0,300.0,31.5,35.5,29.1,28.3,30.200000000000003,4.96,1.99,4.96,0.17,0.0,0.0,1027.0,8228.0,0.0,0.0,0.0,0.0,0.0,1.0,0.0,0.0,0.0,0.0,0.0,0.7000000000000001,0.0,0.9,0.0,0.0001,16.0,25903.0
2026-07-30T19:01:23.073Z,252.556,252.57,0.0,7.4,0.0,0.0,0.0,0.0,0.0,0.0,0.0,0.0,1.0,0.0,0.0,0.0,9.0,4.0,0.0,0.0,0.0,0.0,0.0,0.0,0.0,0.0,4.0,12.0,1.0,12.18,5.0200000000000005,2.51,1.49,0.0,0.1,0.0,0.4,0.0,-0.1,-1.1,-0.7000000000000001,-169.70000000000002,0.0,0.0,169.60000000000002,0.0,21.700000000000003,29.200000000000003,29.200000000000003,29.8,300.0,300.0,31.5,35.5,29.1,28.3,30.200000000000003,4.95,1.99,4.97,0.16,0.0,0.0,1027.0,8228.0,0.0,0.0,0.0,0.0,0.0,1.0,0.0,0.0,0.0,0.0,0.0,-1.8,0.0,0.4,0.0,0.0002,16.0,25903.0
2026-07-30T19:01:23.084Z,252.567,252.582,0.0,7.4,0.0,0.0,0.0,0.0,0.0,0.0,0.0,0.0,1.0,0.0,0.0,0.0,9.0,4.0,0.0,0.0,0.0,0.0,0.0,0.0,0.0,0.0,5.0,12.0,1.0,12.18,5.0200000000000005,2.51,1.49,0.0,0.0,0.0,0.4,0.0,0.3,0.0,0.4,-169.70000000000002,0.0,0.0,169.70000000000002,0.0,21.700000000000003,29.200000000000003,29.200000000000003,29.8,300.0,300.0,31.5,35.5,29.1,28.3,30.200000000000003,4.96,1.99,4.96,0.16,0.0,0.0,1027.0,8228.0,0.0,0.0,0.0,0.0,0.0,1.0,0.0,0.0,0.0,0.0,0.0,0.2,0.0,-0.3,0.0,0.0002,16.0,25903.0
2026-07-30T19:01:23.096Z,252.579,252.594,0.0,7.4,0.0,0.0,0.0,0.0,0.0,0.0,0.0,0.0,1.0,0.0,0.0,0.0,9.0,4.0,0.0,0.0,0.0,0.0,0.0,0.0,0.0,0.0,6.0,12.0,1.0,12.18,5.0200000000000005,2.51,1.49,0.0,0.0,0.0,0.4,0.0,0.3,0.0,0.4,-169.70000000000002,0.0,0.0,169.8,0.0,21.700000000000003,29.200000000000003,29.200000000000003,29.8,300.0,300.0,31.5,35.5,29.1,28.3,30.200000000000003,4.96,2.0,4.97,0.16,0.0,0.0,1027.0,8228.0,0.0,0.0,0.0,0.0,0.0,1.0,0.0,0.0,0.0,0.0,0.0,0.2,0.0,-0.3,0.0,0.0001,16.0,25903.0
2026-07-30T19:01:23.108Z,252.591,252.606,0.0,7.4,0.0,0.0,0.0,0.0,0.0,0.0,0.0,0.0,1.0,0.0,0.0,0.0,9.0,4.0,0.0,0.0,0.0,0.0,0.0,0.0,0.0,0.0,1.0,12.0,1.0,12.18,5.0200000000000005,2.51,1.49,0.0,0.0,0.0,0.4,0.0,0.4,0.5,1.0,-169.70000000000002,0.0,0.0,169.70000000000002,0.0,21.700000000000003,29.200000000000003,29.200000000000003,29.8,300.0,300.0,31.5,35.5,29.1,28.3,30.200000000000003,4.95,1.99,4.97,0.16,0.0,0.0,1027.0,8228.0,0.0,0.0,0.0,0.0,0.0,1.0,0.0,0.0,0.0,0.0,0.0,1.4,0.0,-0.7000000000000001,0.0,0.0001,16.0,25903.0
2026-07-30T19:01:23.121Z,252.604,252.618,0.0,7.4,0.0,0.0,0.0,0.0,0.0,0.0,0.0,0.0,1.0,0.0,0.0,0.0,9.0,4.0,0.0,0.0,0.0,0.0,0.0,0.0,0.0,0.0,2.0,12.0,1.0,12.18,5.0200000000000005,2.51,1.49,0.0,0.0,0.0,0.4,0.0,0.4,0.5,1.0,-169.70000000000002,0.0,0.0,169.8,0.0,21.700000000000003,29.200000000000003,29.200000000000003,29.8,300.0,300.0,31.5,35.5,29.1,28.3,30.200000000000003,4.95,1.99,4.97,0.16,0.0,0.0,1027.0,8228.0,0.0,0.0,0.0,0.0,0.0,1.0,0.0,0.0,0.0,0.0,0.0,1.4,0.0,-0.7000000000000001,0.0,0.0,16.0,25903.0
2026-07-30T19:01:23.132Z,252.615,252.63,0.0,7.4,0.0,0.0,0.0,0.0,0.0,0.0,0.0,0.0,1.0,0.0,0.0,0.0,9.0,4.0,0.0,0.0,0.0,0.0,0.0,0.0,0.0,0.0,4.0,12.0,1.0,12.18,5.0200000000000005,2.51,1.49,0.0,0.0,0.0,0.5,0.0,-0.7000000000000001,-1.1,-1.9,-169.70000000000002,0.0,0.0,169.8,0.0,21.700000000000003,29.200000000000003,29.200000000000003,29.8,300.0,300.0,31.5,35.5,29.1,28.3,30.200000000000003,4.96,2.0,4.96,0.16,0.0,0.0,1027.0,8228.0,0.0,0.0,0.0,0.0,0.0,1.0,0.0,0.0,0.0,0.0,0.0,-2.7,0.0,1.4,0.0,0.0001,16.0,25903.0
2026-07-30T19:01:23.147Z,252.63,252.642,0.0,7.4,0.0,0.0,0.0,0.0,0.0,0.0,0.0,0.0,1.0,0.0,0.0,0.0,9.0,4.0,0.0,0.0,0.0,0.0,0.0,0.0,0.0,0.0,5.0,12.0,1.0,12.19,5.0200000000000005,2.51,1.49,0.0,0.1,0.0,0.4,0.0,0.4,1.1,-1.3,-169.70000000000002,0.0,0.0,169.8,0.0,21.4,29.200000000000003,29.200000000000003,29.8,300.0,300.0,31.4,35.5,29.1,28.3,30.200000000000003,4.96,1.99,4.97,0.16,0.0,0.0,1027.0,8228.0,0.0,0.0,0.0,0.0,0.0,1.0,0.0,0.0,0.0,0.0,0.0,0.3,0.0,1.4,0.0,0.0,16.0,25903.0
2026-07-30T19:01:23.157Z,252.64,252.654,0.0,7.4,0.0,0.0,0.0,0.0,0.0,0.0,0.0,0.0,1.0,0.0,0.0,0.0,9.0,4.0,0.0,0.0,0.0,0.0,0.0,0.0,0.0,0.0,5.0,12.0,1.0,12.19,5.0200000000000005,2.51,1.49,0.0,0.0,0.0,0.4,0.0,0.4,-0.5,-0.7000000000000001,-169.70000000000002,0.0,0.0,169.70000000000002,0.0,21.4,29.200000000000003,29.200000000000003,29.8,300.0,300.0,31.4,35.5,29.1,28.3,30.200000000000003,4.95,1.99,4.97,0.16,0.0,0.0,1027.0,8228.0,0.0,0.0,0.0,0.0,0.0,1.0,0.0,0.0,0.0,0.0,0.0,-1.1,0.0,0.5,0.0,0.0,16.0,25903.0
2026-07-30T19:01:23.169Z,252.652,252.666,0.0,7.4,0.0,0.0,0.0,0.0,0.0,0.0,0.0,0.0,1.0,0.0,0.0,0.0,9.0,4.0,0.0,0.0,0.0,0.0,0.0,0.0,0.0,0.0,1.0,12.0,1.0,12.19,5.0200000000000005,2.51,1.49,0.0,0.0,0.0,0.4,0.0,1.0,0.0,0.4,-169.70000000000002,0.0,0.0,169.8,0.0,21.4,29.200000000000003,29.200000000000003,29.8,300.0,300.0,31.4,35.5,29.1,28.3,30.200000000000003,4.96,1.99,4.96,0.16,0.0,0.0,1027.0,8228.0,0.0,0.0,0.0,0.0,0.0,1.0,0.0,0.0,0.0,0.0,0.0,0.4,0.0,-0.3,0.0,0.0,16.0,25903.0
2026-07-30T19:01:23.181Z,252.664,252.678,0.0,7.4,0.0,0.0,0.0,0.0,0.0,0.0,0.0,0.0,1.0,0.0,0.0,0.0,9.0,4.0,0.0,0.0,0.0,0.0,0.0,0.0,0.0,0.0,2.0,12.0,1.0,12.19,5.0200000000000005,2.51,1.49,0.0,0.0,0.0,0.4,0.0,-0.1,0.0,-0.7000000000000001,-169.70000000000002,0.0,0.0,169.70000000000002,0.0,21.4,29.200000000000003,29.200000000000003,29.8,300.0,300.0,31.4,35.5,29.1,28.3,30.200000000000003,4.96,1.99,4.97,0.16,0.0,0.0,1027.0,8228.0,0.0,0.0,0.0,0.0,0.0,1.0,0.0,0.0,0.0,0.0,0.0,-0.4,0.0,0.6000000000000001,0.0,0.0,16.0,25903.0
2026-07-30T19:01:23.193Z,252.676,252.69,0.0,7.4,0.0,0.0,0.0,0.0,0.0,0.0,0.0,0.0,1.0,0.0,0.0,0.0,9.0,4.0,0.0,0.0,0.0,0.0,0.0,0.0,0.0,0.0,2.0,12.0,1.0,12.19,5.0200000000000005,2.51,1.49,0.0,0.0,0.0,0.4,0.0,0.4,0.0,-0.1,-169.70000000000002,0.0,0.0,169.70000000000002,0.0,21.4,29.200000000000003,29.200000000000003,29.8,300.0,300.0,31.4,35.5,29.1,28.3,30.200000000000003,4.96,1.99,4.97,0.16,0.0,0.0,1027.0,8228.0,0.0,0.0,0.0,0.0,0.0,1.0,0.0,0.0,0.0,0.0,0.0,0.0,0.0,0.1,0.0,0.0001,16.0,25903.0
2026-07-30T19:01:23.204Z,252.687,252.702,0.0,7.4,0.0,0.0,0.0,0.0,0.0,0.0,0.0,0.0,1.0,0.0,0.0,0.0,9.0,4.0,0.0,0.0,0.0,0.0,0.0,0.0,0.0,0.0,4.0,12.0,1.0,12.19,5.0200000000000005,2.51,1.49,0.0,0.0,0.0,0.4,0.0,-0.7000000000000001,0.6000000000000001,-1.3,-169.70000000000002,0.0,0.0,169.8,0.0,21.4,29.200000000000003,29.200000000000003,29.8,300.0,300.0,31.4,35.5,29.1,28.3,30.200000000000003,4.95,1.99,4.97,0.16,0.0,0.0,1027.0,8228.0,0.0,0.0,0.0,0.0,0.0,1.0,0.0,0.0,0.0,0.0,0.0,-0.2,0.0,1.3,0.0,0.0,16.0,25903.0
2026-07-30T19:01:23.217Z,252.7,252.714,0.0,7.4,0.0,0.0,0.0,0.0,0.0,0.0,0.0,0.0,1.0,0.0,0.0,0.0,9.0,4.0,0.0,0.0,0.0,0.0,0.0,0.0,0.0,0.0,5.0,12.0,1.0,12.19,5.0200000000000005,2.51,1.49,0.0,0.0,0.0,0.4,0.0,-0.1,-0.5,-0.1,-169.70000000000002,0.0,0.0,169.8,0.0,21.4,29.200000000000003,29.200000000000003,29.8,300.0,300.0,31.4,35.5,29.1,28.3,30.200000000000003,4.96,1.99,4.96,0.16,0.0,0.0,1027.0,8228.0,0.0,0.0,0.0,0.0,0.0,1.0,0.0,0.0,0.0,0.0,0.0,-0.6000000000000001,0.0,0.0,0.0,0.0,16.0,25903.0
2026-07-30T19:01:23.229Z,252.712,252.726,0.0,7.4,0.0,0.0,0.0,0.0,0.0,0.0,0.0,0.0,1.0,0.0,0.0,0.0,9.0,4.0,0.0,0.0,0.0,0.0,0.0,0.0,0.0,0.0,1.0,12.0,1.0,12.19,5.0200000000000005,2.51,1.49,0.0,0.0,0.0,0.4,0.0,0.5,-0.5,0.0,-169.70000000000002,0.0,0.0,169.70000000000002,0.0,21.4,29.200000000000003,29.200000000000003,29.8,300.0,300.0,31.4,35.5,29.1,28.3,30.200000000000003,4.95,2.0,4.97,0.16,0.0,0.0,1027.0,8228.0,0.0,0.0,0.0,0.0,0.0,1.0,0.0,0.0,0.0,0.0,0.0,-0.6000000000000001,0.0,0.0,0.0,0.0001,16.0,25903.0
2026-07-30T19:01:23.240Z,252.723,252.738,0.0,7.4,0.0,0.0,0.0,0.0,0.0,0.0,0.0,0.0,1.0,0.0,0.0,0.0,9.0,4.0,0.0,0.0,0.0,0.0,0.0,0.0,0.0,0.0,2.0,12.0,1.0,12.19,5.0200000000000005,2.51,1.49,0.0,0.0,0.0,0.5,0.0,-0.6000000000000001,-0.5,-0.1,-169.70000000000002,0.0,0.0,169.70000000000002,0.0,21.4,29.200000000000003,29.200000000000003,29.8,300.0,300.0,31.4,35.5,29.1,28.3,30.200000000000003,4.95,1.99,4.96,0.16,0.0,0.0,1027.0,8228.0,0.0,0.0,0.0,0.0,0.0,1.0,0.0,0.0,0.0,0.0,0.0,-0.6000000000000001,0.0,0.0,0.0,0.0003,16.0,25903.0
2026-07-30T19:01:23.253Z,252.736,252.75,0.0,7.4,0.0,0.0,0.0,0.0,0.0,0.0,0.0,0.0,1.0,0.0,0.0,0.0,9.0,4.0,0.0,0.0,0.0,0.0,0.0,0.0,0.0,0.0,4.0,12.0,1.0,12.15,5.0200000000000005,2.51,1.49,0.0,0.0,0.0,0.4,0.0,-0.6000000000000001,-0.5,0.0,-169.70000000000002,0.0,0.0,169.8,0.0,21.200000000000003,29.200000000000003,29.200000000000003,29.8,300.0,300.0,31.3,35.5,29.1,28.3,30.200000000000003,4.96,2.0,4.96,0.16,0.0,0.0,1027.0,8228.0,0.0,0.0,0.0,0.0,0.0,1.0,0.0,0.0,0.0,0.0,0.0,-0.6000000000000001,0.0,0.0,0.0,0.0001,16.0,25903.0
2026-07-30T19:01:23.265Z,252.748,252.762,0.0,7.4,0.0,0.0,0.0,0.0,0.0,0.0,0.0,0.0,1.0,0.0,0.0,0.0,9.0,4.0,0.0,0.0,0.0,0.0,0.0,0.0,0.0,0.0,5.0,12.0,1.0,12.15,5.0200000000000005,2.51,1.49,0.0,0.0,0.0,0.5,0.0,-0.6000000000000001,0.0,0.0,-169.70000000000002,0.0,0.0,169.8,0.0,21.200000000000003,29.200000000000003,29.200000000000003,29.8,300.0,300.0,31.3,35.5,29.1,28.3,30.200000000000003,4.95,2.0,4.97,0.16,0.0,0.0,1027.0,8228.0,0.0,0.0,0.0,0.0,0.0,1.0,0.0,0.0,0.0,0.0,0.0,0.0,0.0,0.0,0.0,0.0,16.0,25903.0
2026-07-30T19:01:23.276Z,252.759,252.774,0.0,7.4,0.0,0.0,0.0,0.0,0.0,0.0,0.0,0.0,1.0,0.0,0.0,0.0,9.0,4.0,0.0,0.0,0.0,0.0,0.0,0.0,0.0,0.0,6.0,12.0,1.0,12.15,5.0200000000000005,2.51,1.49,0.0,0.0,0.0,0.4,0.0,0.4,-1.1,-1.7000000000000002,-169.70000000000002,0.0,0.0,169.70000000000002,0.0,21.200000000000003,29.200000000000003,29.200000000000003,29.8,300.0,300.0,31.3,35.5,29.1,28.3,30.200000000000003,4.95,1.99,4.97,0.16,0.0,0.0,1027.0,8228.0,0.0,0.0,0.0,0.0,0.0,1.0,0.0,0.0,0.0,0.0,0.0,-2.6,0.0,1.3,0.0,0.0,16.0,25903.0
2026-07-30T19:01:23.288Z,252.771,252.786,0.0,7.4,0.0,0.0,0.0,0.0,0.0,0.0,0.0,0.0,1.0,0.0,0.0,0.0,9.0,4.0,0.0,0.0,0.0,0.0,0.0,0.0,0.0,0.0,1.0,12.0,1.0,12.15,5.0200000000000005,2.51,1.49,0.0,0.1,0.0,0.4,0.0,0.4,1.2000000000000002,1.1,-169.70000000000002,0.0,0.0,169.8,0.0,21.200000000000003,29.200000000000003,29.200000000000003,29.8,300.0,300.0,31.3,35.5,29.1,28.3,30.200000000000003,4.95,1.99,4.96,0.16,0.0,0.0,1027.0,8228.0,0.0,0.0,0.0,0.0,0.0,1.0,0.0,0.0,0.0,0.0,0.0,2.2,0.0,-0.7000000000000001,0.0,0.0001,16.0,25903.0
2026-07-30T19:01:23.300Z,252.783,252.798,0.0,7.4,0.0,0.0,0.0,0.0,0.0,0.0,0.0,0.0,1.0,0.0,0.0,0.0,9.0,4.0,0.0,0.0,0.0,0.0,0.0,0.0,0.0,0.0,2.0,12.0,1.0,12.15,5.0200000000000005,2.51,1.49,0.0,0.0,0.0,0.4,0.0,-0.7000000000000001,1.2000000000000002,-0.5,-169.70000000000002,0.0,0.0,169.8,0.0,21.200000000000003,29.200000000000003,29.200000000000003,29.8,300.0,300.0,31.3,35.5,29.1,28.3,30.200000000000003,4.96,1.99,4.96,0.16,0.0,0.0,1027.0,8228.0,0.0,0.0,0.0,0.0,0.0,1.0,0.0,0.0,0.0,0.0,0.0,0.9,0.0,0.7000000000000001,0.0,0.0,16.0,25903.0
2026-07-30T19:01:23.317Z,252.8,252.81,0.0,7.4,0.0,0.0,0.0,0.0,0.0,0.0,0.0,0.0,1.0,0.0,0.0,0.0,9.0,4.0,0.0,0.0,0.0,0.0,0.0,0.0,0.0,0.0,2.0,12.0,1.0,12.15,5.0200000000000005,2.51,1.49,0.0,0.0,0.0,0.4,0.0,0.4,1.1,2.3000000000000003,-169.70000000000002,0.0,0.0,169.8,0.0,21.200000000000003,29.200000000000003,29.200000000000003,29.8,300.0,300.0,31.3,35.5,29.1,28.3,30.200000000000003,4.95,1.99,4.97,0.16,0.0,0.0,1027.0,8228.0,0.0,0.0,0.0,0.0,0.0,1.0,0.0,0.0,0.0,0.0,0.0,3.0,0.0,-1.8,0.0,0.0001,16.0,25903.0
2026-07-30T19:01:23.324Z,252.807,252.822,0.0,7.4,0.0,0.0,0.0,0.0,0.0,0.0,0.0,0.0,1.0,0.0,0.0,0.0,9.0,4.0,0.0,0.0,0.0,0.0,0.0,0.0,0.0,0.0,1.0,12.0,1.0,12.15,5.0200000000000005,2.51,1.49,0.0,0.0,0.0,0.5,0.0,-0.1,-0.5,-0.5,-169.70000000000002,0.0,0.0,169.8,0.0,21.200000000000003,29.200000000000003,29.200000000000003,29.8,300.0,300.0,31.3,35.5,29.1,28.3,30.200000000000003,4.96,1.99,4.97,0.16,0.0,0.0,1027.0,8228.0,0.0,0.0,0.0,0.0,0.0,1.0,0.0,0.0,0.0,0.0,0.0,-1.1,0.0,0.4,0.0,0.0001,16.0,25903.0
2026-07-30T19:01:23.337Z,252.82,252.834,0.0,7.4,0.0,0.0,0.0,0.0,0.0,0.0,0.0,0.0,1.0,0.0,0.0,0.0,9.0,4.0,0.0,0.0,0.0,0.0,0.0,0.0,0.0,0.0,2.0,12.0,1.0,12.15,5.0200000000000005,2.51,1.49,0.0,0.0,0.0,0.4,0.0,0.4,0.0,0.0,-169.70000000000002,0.0,0.0,169.8,0.0,21.200000000000003,29.200000000000003,29.200000000000003,29.8,300.0,300.0,31.3,35.5,29.1,28.3,30.200000000000003,4.96,2.0,4.96,0.16,0.0,0.0,1027.0,8228.0,0.0,0.0,0.0,0.0,0.0,1.0,0.0,0.0,0.0,0.0,0.0,0.0,0.0,0.0,0.0,0.0,16.0,25903.0
2026-07-30T19:01:23.349Z,252.832,252.846,0.0,7.4,0.0,0.0,0.0,0.0,0.0,0.0,0.0,0.0,1.0,0.0,0.0,0.0,9.0,4.0,0.0,0.0,0.0,0.0,0.0,0.0,0.0,0.0,3.0,12.0,1.0,12.15,5.0200000000000005,2.51,1.49,0.0,0.0,0.0,0.4,0.0,-0.1,0.0,0.0,-169.70000000000002,0.0,0.0,169.8,0.0,21.8,29.200000000000003,29.200000000000003,29.8,300.0,300.0,31.4,35.6,29.1,28.3,30.200000000000003,4.96,1.99,4.96,0.16,0.0,0.0,1027.0,8228.0,0.0,0.0,0.0,0.0,0.0,1.0,0.0,0.0,0.0,0.0,0.0,0.0,0.0,0.0,0.0,0.0,16.0,25903.0
2026-07-30T19:01:23.361Z,252.844,252.858,0.0,7.4,0.0,0.0,0.0,0.0,0.0,0.0,0.0,0.0,1.0,0.0,0.0,0.0,9.0,4.0,0.0,0.0,0.0,0.0,0.0,0.0,0.0,0.0,4.0,12.0,1.0,12.15,5.0200000000000005,2.51,1.49,0.0,0.0,0.0,0.4,0.0,-0.1,0.0,-0.5,-169.70000000000002,0.0,0.0,169.8,0.0,21.8,29.200000000000003,29.200000000000003,29.8,300.0,300.0,31.4,35.6,29.1,28.3,30.200000000000003,4.95,1.99,4.97,0.16,0.0,0.0,1027.0,8228.0,0.0,0.0,0.0,0.0,0.0,1.0,0.0,0.0,0.0,0.0,0.0,-0.3,0.0,0.5,0.0,0.0,16.0,25903.0
2026-07-30T19:01:23.373Z,252.856,252.87,0.0,7.4,0.0,0.0,0.0,0.0,0.0,0.0,0.0,0.0,1.0,0.0,0.0,0.0,9.0,4.0,0.0,0.0,0.0,0.0,0.0,0.0,0.0,0.0,6.0,12.0,1.0,12.15,5.0200000000000005,2.51,1.49,0.0,0.0,0.0,0.4,0.0,-0.1,0.0,1.1,-169.70000000000002,0.0,0.0,169.8,0.0,21.8,29.200000000000003,29.200000000000003,29.8,300.0,300.0,31.4,35.6,29.1,28.3,30.200000000000003,4.96,1.99,4.96,0.16,0.0,0.0,1027.0,8228.0,0.0,0.0,0.0,0.0,0.0,1.0,0.0,0.0,0.0,0.0,0.0,0.9,0.0,-0.9,0.0,0.0,16.0,25903.0
2026-07-30T19:01:23.385Z,252.868,252.882,0.0,7.4,0.0,0.0,0.0,0.0,0.0,0.0,0.0,0.0,1.0,0.0,0.0,0.0,9.0,4.0,0.0,0.0,0.0,0.0,0.0,0.0,0.0,0.0,1.0,12.0,1.0,12.15,5.0200000000000005,2.51,1.49,0.0,0.0,0.0,0.4,0.0,-0.6000000000000001,1.2000000000000002,-1.2000000000000002,-169.70000000000002,0.0,0.0,169.8,0.0,21.8,29.200000000000003,29.200000000000003,29.8,300.0,300.0,31.4,35.6,29.1,28.3,30.200000000000003,4.96,2.0,4.97,0.16,0.0,0.0,1027.0,8228.0,0.0,0.0,0.0,0.0,0.0,1.0,0.0,0.0,0.0,0.0,0.0,0.4,0.0,1.3,0.0,0.0,16.0,25903.0
2026-07-30T19:01:23.397Z,252.88,252.894,0.0,7.4,0.0,0.0,0.0,0.0,0.0,0.0,0.0,0.0,1.0,0.0,0.0,0.0,9.0,4.0,0.0,0.0,0.0,0.0,0.0,0.0,0.0,0.0,3.0,12.0,1.0,12.15,5.0200000000000005,2.51,1.49,0.0,0.0,0.0,0.4,0.0,0.4,0.0,0.0,-169.70000000000002,0.0,0.0,169.8,0.0,21.8,29.200000000000003,29.200000000000003,29.8,300.0,300.0,31.4,35.6,29.1,28.3,30.200000000000003,4.95,1.99,4.97,0.16,0.0,0.0,1027.0,8228.0,0.0,0.0,0.0,0.0,0.0,1.0,0.0,0.0,0.0,0.0,0.0,0.0,0.0,0.0,0.0,0.0,16.0,25903.0
2026-07-30T19:01:23.409Z,252.892,252.906,0.0,7.4,0.0,0.0,0.0,0.0,0.0,0.0,0.0,0.0,1.0,0.0,0.0,0.0,9.0,4.0,0.0,0.0,0.0,0.0,0.0,0.0,0.0,0.0,4.0,12.0,1.0,12.15,5.0200000000000005,2.51,1.49,0.0,0.0,0.0,0.4,0.0,0.4,0.0,0.0,-169.70000000000002,0.0,0.0,169.70000000000002,0.0,21.8,29.200000000000003,29.200000000000003,29.8,300.0,300.0,31.4,35.6,29.1,28.3,30.200000000000003,4.96,1.99,4.97,0.16,0.0,0.0,1027.0,8228.0,0.0,0.0,0.0,0.0,0.0,1.0,0.0,0.0,0.0,0.0,0.0,0.0,0.0,0.0,0.0,0.0,16.0,25903.0
2026-07-30T19:01:23.421Z,252.904,252.918,0.0,7.4,0.0,0.0,0.0,0.0,0.0,0.0,0.0,0.0,1.0,0.0,0.0,0.0,9.0,4.0,0.0,0.0,0.0,0.0,0.0,0.0,0.0,0.0,5.0,12.0,1.0,12.15,5.0200000000000005,2.51,1.49,0.0,0.0,0.0,0.5,0.0,-0.1,0.0,0.0,-169.70000000000002,0.0,0.0,169.70000000000002,0.0,21.8,29.200000000000003,29.200000000000003,29.8,300.0,300.0,31.4,35.6,29.1,28.3,30.200000000000003,4.95,2.0,4.96,0.16,0.0,0.0,1027.0,8228.0,0.0,0.0,0.0,0.0,0.0,1.0,0.0,0.0,0.0,0.0,0.0,0.0,0.0,0.0,0.0,0.0001,16.0,25903.0
2026-07-30T19:01:23.433Z,252.916,252.93,0.0,7.4,0.0,0.0,0.0,0.0,0.0,0.0,0.0,0.0,1.0,0.0,0.0,0.0,9.0,4.0,0.0,0.0,0.0,0.0,0.0,0.0,0.0,0.0,6.0,12.0,1.0,12.15,5.0200000000000005,2.51,1.49,0.0,0.0,0.0,0.4,0.0,-0.1,-0.5,0.0,-169.70000000000002,0.0,0.0,169.70000000000002,0.0,21.8,29.200000000000003,29.200000000000003,29.8,300.0,300.0,31.4,35.6,29.1,28.3,30.200000000000003,4.95,2.0,4.97,0.16,0.0,0.0,1027.0,8228.0,0.0,0.0,0.0,0.0,0.0,1.0,0.0,0.0,0.0,0.0,0.0,-0.6000000000000001,0.0,0.0,0.0,0.0001,16.0,25903.0
2026-07-30T19:01:23.445Z,252.928,252.942,0.0,7.4,0.0,0.0,0.0,0.0,0.0,0.0,0.0,0.0,1.0,0.0,0.0,0.0,9.0,4.0,0.0,0.0,0.0,0.0,0.0,0.0,0.0,0.0,6.0,12.0,1.0,12.15,5.0200000000000005,2.51,1.49,0.0,0.0,0.0,0.4,0.0,0.4,1.2000000000000002,-0.6000000000000001,-169.70000000000002,0.0,0.0,169.70000000000002,0.0,21.8,29.200000000000003,29.200000000000003,29.8,300.0,300.0,31.4,35.6,29.1,28.3,30.200000000000003,4.95,1.99,4.97,0.16,0.0,0.0,1027.0,8228.0,0.0,0.0,0.0,0.0,0.0,1.0,0.0,0.0,0.0,0.0,0.0,0.9,0.0,0.7000000000000001,0.0,0.0001,16.0,25903.0
2026-07-30T19:01:23.457Z,252.94,252.954,0.0,7.4,0.0,0.0,0.0,0.0,0.0,0.0,0.0,0.0,1.0,0.0,0.0,0.0,9.0,4.0,0.0,0.0,0.0,0.0,0.0,0.0,0.0,0.0,2.0,12.0,1.0,12.17,5.0200000000000005,2.51,1.49,0.0,0.0,0.0,0.4,0.0,-0.1,-0.5,0.0,-169.70000000000002,0.0,0.0,169.70000000000002,0.0,21.700000000000003,29.200000000000003,29.200000000000003,29.8,300.0,300.0,31.4,35.7,29.1,28.3,30.200000000000003,4.96,1.99,4.96,0.16,0.0,0.0,1027.0,8228.0,0.0,0.0,0.0,0.0,0.0,1.0,0.0,0.0,0.0,0.0,0.0,-0.7000000000000001,0.0,0.0,0.0,0.0001,16.0,25903.0
2026-07-30T19:01:23.469Z,252.952,252.966,0.0,7.4,0.0,0.0,0.0,0.0,0.0,0.0,0.0,0.0,1.0,0.0,0.0,0.0,9.0,4.0,0.0,0.0,0.0,0.0,0.0,0.0,0.0,0.0,3.0,12.0,1.0,12.17,5.0200000000000005,2.51,1.49,0.0,0.0,0.0,0.4,0.0,0.4,0.0,0.5,-169.70000000000002,0.0,0.0,169.60000000000002,0.0,21.700000000000003,29.200000000000003,29.200000000000003,29.8,300.0,300.0,31.4,35.7,29.1,28.3,30.200000000000003,4.96,1.99,4.97,0.16,0.0,0.0,1027.0,8228.0,0.0,0.0,0.0,0.0,0.0,1.0,0.0,0.0,0.0,0.0,0.0,0.4,0.0,-0.4,0.0,0.0001,16.0,25903.0
2026-07-30T19:01:23.481Z,252.964,252.978,0.0,7.4,0.0,0.0,0.0,0.0,0.0,0.0,0.0,0.0,1.0,0.0,0.0,0.0,9.0,4.0,0.0,0.0,0.0,0.0,0.0,0.0,0.0,0.0,4.0,12.0,1.0,12.17,5.0200000000000005,2.51,1.49,0.0,0.0,0.0,0.4,0.0,-0.1,1.7000000000000002,1.1,-169.70000000000002,0.0,0.0,169.70000000000002,0.0,21.700000000000003,29.200000000000003,29.200000000000003,29.8,300.0,300.0,31.4,35.7,29.1,28.3,30.200000000000003,4.96,1.99,4.96,0.16,0.0,0.0,1027.0,8228.0,0.0,0.0,0.0,0.0,0.0,1.0,0.0,0.0,0.0,0.0,0.0,2.8000000000000003,0.0,-0.6000000000000001,0.0,0.0001,16.0,25903.0
2026-07-30T19:01:23.493Z,252.976,252.99,0.0,7.4,0.0,0.0,0.0,0.0,0.0,0.0,0.0,0.0,1.0,0.0,0.0,0.0,9.0,4.0,0.0,0.0,0.0,0.0,0.0,0.0,0.0,0.0,5.0,12.0,1.0,12.17,5.0200000000000005,2.51,1.49,0.0,0.0,0.0,0.4,0.0,-0.1,-0.5,-1.8,-169.70000000000002,0.0,0.0,169.8,0.0,21.700000000000003,29.200000000000003,29.200000000000003,29.8,300.0,300.0,31.4,35.7,29.1,28.3,30.200000000000003,4.96,2.0,4.96,0.16,0.0,0.0,1027.0,8228.0,0.0,0.0,0.0,0.0,0.0,1.0,0.0,0.0,0.0,0.0,0.0,-0.2,0.0,1.2000000000000002,0.0,0.0001,16.0,25903.0
2026-07-30T19:01:23.504Z,252.987,253.002,0.0,7.4,0.0,0.0,0.0,0.0,0.0,0.0,0.0,0.0,1.0,0.0,0.0,0.0,9.0,4.0,0.0,0.0,0.0,0.0,0.0,0.0,0.0,0.0,5.0,12.0,1.0,12.17,5.0200000000000005,2.51,1.49,0.0,0.0,0.0,0.4,0.0,-0.1,-0.5,0.0,-169.70000000000002,0.0,0.0,169.8,0.0,21.700000000000003,29.200000000000003,29.200000000000003,29.8,300.0,300.0,31.4,35.7,29.1,28.3,30.200000000000003,4.95,2.0,4.96,0.16,0.0,0.0,1027.0,8228.0,0.0,0.0,0.0,0.0,0.0,1.0,0.0,0.0,0.0,0.0,0.0,0.4,0.0,-0.4,0.0,0.0001,16.0,25903.0
2026-07-30T19:01:23.517Z,253.0,253.014,0.0,7.4,0.0,0.0,0.0,0.0,0.0,0.0,0.0,0.0,1.0,0.0,0.0,0.0,9.0,4.0,0.0,0.0,0.0,0.0,0.0,0.0,0.0,0.0,6.0,12.0,1.0,12.17,5.0200000000000005,2.51,1.49,0.0,0.0,0.0,0.4,0.0,-0.1,-0.5,0.5,-169.70000000000002,0.0,0.0,169.70000000000002,0.0,21.700000000000003,29.200000000000003,29.200000000000003,29.8,300.0,300.0,31.4,35.7,29.1,28.3,30.200000000000003,4.95,1.99,4.97,0.16,0.0,0.0,1027.0,8228.0,0.0,0.0,0.0,0.0,0.0,1.0,0.0,0.0,0.0,0.0,0.0,-2.2,0.0,0.8,0.0,0.0,16.0,25903.0
2026-07-30T19:01:23.529Z,253.012,253.026,0.0,7.4,0.0,0.0,0.0,0.0,0.0,0.0,0.0,0.0,1.0,0.0,0.0,0.0,9.0,4.0,0.0,0.0,0.0,0.0,0.0,0.0,0.0,0.0,1.0,12.0,1.0,12.17,5.0200000000000005,2.51,1.49,0.0,0.0,0.0,0.4,0.0,-0.7000000000000001,0.5,0.0,-169.70000000000002,0.0,0.0,169.8,0.0,21.700000000000003,29.200000000000003,29.200000000000003,29.8,300.0,300.0,31.4,35.7,29.1,28.3,30.200000000000003,4.95,1.99,4.96,0.16,0.0,0.0,1027.0,8228.0,0.0,0.0,0.0,0.0,0.0,1.0,0.0,0.0,0.0,0.0,0.0,0.6000000000000001,0.0,0.1,0.0,0.0001,16.0,25903.0
2026-07-30T19:01:23.541Z,253.024,253.038,0.0,7.4,0.0,0.0,0.0,0.0,0.0,0.0,0.0,0.0,1.0,0.0,0.0,0.0,9.0,4.0,0.0,0.0,0.0,0.0,0.0,0.0,0.0,0.0,2.0,12.0,1.0,12.17,5.0200000000000005,2.51,1.49,0.0,0.0,0.0,0.4,0.0,0.3,0.0,0.4,-169.70000000000002,0.0,0.0,169.70000000000002,0.0,21.700000000000003,29.200000000000003,29.200000000000003,29.8,300.0,300.0,31.4,35.7,29.1,28.3,30.200000000000003,4.96,1.99,4.96,0.16,0.0,0.0,1027.0,8228.0,0.0,0.0,0.0,0.0,0.0,1.0,0.0,0.0,0.0,0.0,0.0,0.3,0.0,-0.4,0.0,0.0001,16.0,25903.0
2026-07-30T19:01:23.553Z,253.036,253.05,0.0,7.4,0.0,0.0,0.0,0.0,0.0,0.0,0.0,0.0,1.0,0.0,0.0,0.0,9.0,4.0,0.0,0.0,0.0,0.0,0.0,0.0,0.0,0.0,4.0,12.0,1.0,12.13,5.0200000000000005,2.5,1.49,0.0,0.1,0.0,0.4,0.0,0.9,0.6000000000000001,0.5,-169.70000000000002,0.0,0.0,169.70000000000002,0.0,21.3,29.200000000000003,29.200000000000003,29.8,300.0,300.0,31.4,35.6,29.1,28.3,30.200000000000003,4.96,1.99,4.97,0.16,0.0,0.0,1027.0,8228.0,0.0,0.0,0.0,0.0,0.0,1.0,0.0,0.0,0.0,0.0,0.0,1.1,0.0,-0.3,0.0,0.0001,16.0,25903.0
2026-07-30T19:01:23.565Z,253.048,253.062,0.0,7.4,0.0,0.0,0.0,0.0,0.0,0.0,0.0,0.0,1.0,0.0,0.0,0.0,9.0,4.0,0.0,0.0,0.0,0.0,0.0,0.0,0.0,0.0,6.0,12.0,1.0,12.13,5.0200000000000005,2.5,1.49,0.0,0.0,0.0,0.4,0.0,0.9,0.6000000000000001,1.0,-169.70000000000002,0.0,0.0,169.8,0.0,21.3,29.200000000000003,29.200000000000003,29.8,300.0,300.0,31.4,35.6,29.1,28.3,30.200000000000003,4.96,1.99,4.96,0.16,0.0,0.0,1027.0,8228.0,0.0,0.0,0.0,0.0,0.0,1.0,0.0,0.0,0.0,0.0,0.0,1.5,0.0,-0.8,0.0,0.0001,16.0,25903.0
2026-07-30T19:01:23.577Z,253.06,253.074,0.0,7.4,0.0,0.0,0.0,0.0,0.0,0.0,0.0,0.0,1.0,0.0,0.0,0.0,9.0,4.0,0.0,0.0,0.0,0.0,0.0,0.0,0.0,0.0,1.0,12.0,1.0,12.13,5.0200000000000005,2.5,1.49,0.0,0.0,0.0,0.4,0.0,0.3,0.0,-0.6000000000000001,-169.70000000000002,0.0,0.0,169.8,0.0,21.3,29.200000000000003,29.200000000000003,29.8,300.0,300.0,31.4,35.6,29.1,28.3,30.200000000000003,4.96,2.0,4.96,0.16,0.0,0.0,1027.0,8228.0,0.0,0.0,0.0,0.0,0.0,1.0,0.0,0.0,0.0,0.0,0.0,-0.4,0.0,0.5,0.0,0.0001,16.0,25903.0
2026-07-30T19:01:23.589Z,253.072,253.086,0.0,7.4,0.0,0.0,0.0,0.0,0.0,0.0,0.0,0.0,1.0,0.0,0.0,0.0,9.0,4.0,0.0,0.0,0.0,0.0,0.0,0.0,0.0,0.0,1.0,12.0,1.0,12.13,5.0200000000000005,2.5,1.49,0.0,0.0,0.0,0.4,0.0,0.8,0.0,0.0,-169.70000000000002,0.0,0.0,169.70000000000002,0.0,21.3,29.200000000000003,29.200000000000003,29.8,300.0,300.0,31.4,35.6,29.1,28.3,30.200000000000003,4.95,1.99,4.96,0.16,0.0,0.0,1027.0,8228.0,0.0,0.0,0.0,0.0,0.0,1.0,0.0,0.0,0.0,0.0,0.0,0.0,0.0,0.0,0.0,0.0001,16.0,25903.0
2026-07-30T19:01:23.601Z,253.084,253.098,0.0,7.4,0.0,0.0,0.0,0.0,0.0,0.0,0.0,0.0,1.0,0.0,0.0,0.0,9.0,4.0,0.0,0.0,0.0,0.0,0.0,0.0,0.0,0.0,3.0,12.0,1.0,12.13,5.0200000000000005,2.5,1.49,0.0,0.0,0.0,0.4,0.0,0.3,-0.5,0.0,-169.70000000000002,0.0,0.0,169.8,0.0,21.3,29.200000000000003,29.200000000000003,29.8,300.0,300.0,31.4,35.6,29.1,28.3,30.200000000000003,4.95,1.99,4.97,0.16,0.0,0.0,1027.0,8228.0,0.0,0.0,0.0,0.0,0.0,1.0,0.0,0.0,0.0,0.0,0.0,-0.6000000000000001,0.0,0.0,0.0,0.0001,16.0,25903.0
2026-07-30T19:01:23.613Z,253.096,253.11,0.0,7.4,0.0,0.0,0.0,0.0,0.0,0.0,0.0,0.0,1.0,0.0,0.0,0.0,9.0,4.0,0.0,0.0,0.0,0.0,0.0,0.0,0.0,0.0,3.0,12.0,1.0,12.13,5.0200000000000005,2.5,1.49,0.0,0.0,0.0,0.4,0.0,-0.8,0.0,0.0,-169.70000000000002,0.0,0.0,169.8,0.0,21.3,29.200000000000003,29.200000000000003,29.8,300.0,300.0,31.4,35.6,29.1,28.3,30.200000000000003,4.96,1.99,4.96,0.16,0.0,0.0,1027.0,8228.0,0.0,0.0,0.0,0.0,0.0,1.0,0.0,0.0,0.0,0.0,0.0,0.0,0.0,0.0,0.0,0.0,16.0,25903.0
2026-07-30T19:01:23.628Z,253.111,253.122,0.0,7.4,0.0,0.0,0.0,0.0,0.0,0.0,0.0,0.0,1.0,0.0,0.0,0.0,9.0,4.0,0.0,0.0,0.0,0.0,0.0,0.0,0.0,0.0,3.0,12.0,1.0,12.13,5.0200000000000005,2.5,1.49,0.0,0.0,0.0,0.4,0.0,-0.8,0.6000000000000001,-0.1,-169.70000000000002,0.0,0.0,169.8,0.0,21.3,29.200000000000003,29.200000000000003,29.8,300.0,300.0,31.4,35.6,29.1,28.3,30.200000000000003,4.96,1.99,4.97,0.16,0.0,0.0,1027.0,8228.0,0.0,0.0,0.0,0.0,0.0,1.0,0.0,0.0,0.0,0.0,0.0,0.6000000000000001,0.0,0.2,0.0,0.0001,16.0,25903.0
2026-07-30T19:01:23.636Z,253.119,253.134,0.0,7.4,0.0,0.0,0.0,0.0,0.0,0.0,0.0,0.0,1.0,0.0,0.0,0.0,9.0,4.0,0.0,0.0,0.0,0.0,0.0,0.0,0.0,0.0,2.0,12.0,1.0,12.13,5.0200000000000005,2.5,1.49,0.0,0.0,0.0,0.4,0.0,-0.2,0.0,-1.2000000000000002,-169.70000000000002,0.0,0.0,169.70000000000002,0.0,21.3,29.200000000000003,29.200000000000003,29.8,300.0,300.0,31.4,35.6,29.1,28.3,30.200000000000003,4.95,1.99,4.97,0.16,0.0,0.0,1027.0,8228.0,0.0,0.0,0.0,0.0,0.0,1.0,0.0,0.0,0.0,0.0,0.0,-0.8,0.0,1.1,0.0,0.0001,16.0,25903.0
2026-07-30T19:01:23.649Z,253.132,253.146,0.0,7.4,0.0,0.0,0.0,0.0,0.0,0.0,0.0,0.0,1.0,0.0,0.0,0.0,9.0,4.0,0.0,0.0,0.0,0.0,0.0,0.0,0.0,0.0,4.0,12.0,1.0,12.13,5.0200000000000005,2.5,1.49,0.0,0.0,0.0,0.4,0.0,0.9,-1.0,-0.6000000000000001,-169.70000000000002,0.0,0.0,169.8,0.0,21.3,29.200000000000003,29.200000000000003,29.8,300.0,300.0,31.4,35.6,29.1,28.3,30.200000000000003,4.96,1.99,4.96,0.16,0.0,0.0,1027.0,8228.0,0.0,0.0,0.0,0.0,0.0,1.0,0.0,0.0,0.0,0.0,0.0,-1.7000000000000002,0.0,0.3,0.0,0.0001,16.0,25903.0
2026-07-30T19:01:23.660Z,253.143,253.158,0.0,7.4,0.0,0.0,0.0,0.0,0.0,0.0,0.0,0.0,1.0,0.0,0.0,0.0,9.0,4.0,0.0,0.0,0.0,0.0,0.0,0.0,0.0,0.0,5.0,12.0,1.0,12.17,5.0,2.51,1.49,0.0,0.0,0.0,0.4,0.0,-0.2,-0.5,-0.1,-169.70000000000002,0.0,0.0,169.70000000000002,0.0,21.8,29.200000000000003,29.200000000000003,29.8,300.0,300.0,31.4,35.6,29.1,28.3,30.200000000000003,4.95,2.0,4.96,0.16,0.0,0.0,1027.0,8228.0,0.0,0.0,0.0,0.0,0.0,1.0,0.0,0.0,0.0,0.0,0.0,-0.7000000000000001,0.0,0.0,0.0,0.0001,16.0,25903.0
2026-07-30T19:01:23.672Z,253.155,253.17,0.0,7.4,0.0,0.0,0.0,0.0,0.0,0.0,0.0,0.0,1.0,0.0,0.0,0.0,9.0,4.0,0.0,0.0,0.0,0.0,0.0,0.0,0.0,0.0,6.0,12.0,1.0,12.17,5.0,2.51,1.49,0.0,0.0,0.0,0.4,0.0,-0.2,-1.1,-0.6000000000000001,-169.70000000000002,0.0,0.0,169.8,0.0,21.8,29.200000000000003,29.200000000000003,29.8,300.0,300.0,31.4,35.6,29.1,28.3,30.200000000000003,4.95,1.99,4.97,0.16,0.0,0.0,1027.0,8228.0,0.0,0.0,0.0,0.0,0.0,1.0,0.0,0.0,0.0,0.0,0.0,-1.8,0.0,0.3,0.0,0.0,16.0,25903.0
2026-07-30T19:01:23.685Z,253.168,253.182,0.0,7.4,0.0,0.0,0.0,0.0,0.0,0.0,0.0,0.0,1.0,0.0,0.0,0.0,9.0,4.0,0.0,0.0,0.0,0.0,0.0,0.0,0.0,0.0,1.0,12.0,1.0,12.17,5.0,2.51,1.49,0.0,0.0,0.0,0.4,0.0,-0.2,0.0,0.0,-169.70000000000002,0.0,0.0,169.70000000000002,0.0,21.8,29.200000000000003,29.200000000000003,29.8,300.0,300.0,31.4,35.6,29.1,28.3,30.200000000000003,4.96,1.99,4.97,0.16,0.0,0.0,1027.0,8228.0,0.0,0.0,0.0,0.0,0.0,1.0,0.0,0.0,0.0,0.0,0.0,0.0,0.0,0.0,0.0,0.0001,16.0,25903.0
2026-07-30T19:01:23.697Z,253.18,253.194,0.0,7.4,0.0,0.0,0.0,0.0,0.0,0.0,0.0,0.0,1.0,0.0,0.0,0.0,9.0,4.0,0.0,0.0,0.0,0.0,0.0,0.0,0.0,0.0,2.0,12.0,1.0,12.17,5.0,2.51,1.49,0.0,0.0,0.0,0.4,0.0,0.3,0.0,1.6,-169.70000000000002,0.0,0.0,169.70000000000002,0.0,21.8,29.200000000000003,29.200000000000003,29.8,300.0,300.0,31.4,35.6,29.1,28.3,30.200000000000003,4.96,1.99,4.96,0.16,0.0,0.0,1027.0,8228.0,0.0,0.0,0.0,0.0,0.0,1.0,0.0,0.0,0.0,0.0,0.0,1.2000000000000002,0.0,-1.4,0.0,0.0,16.0,25903.0
2026-07-30T19:01:23.709Z,253.192,253.206,0.0,7.4,0.0,0.0,0.0,0.0,0.0,0.0,0.0,0.0,1.0,0.0,0.0,0.0,9.0,4.0,0.0,0.0,0.0,0.0,0.0,0.0,0.0,0.0,2.0,12.0,1.0,12.17,5.0,2.51,1.49,0.0,0.0,0.0,0.4,0.0,-0.2,-1.1,-0.6000000000000001,-169.70000000000002,0.0,0.0,169.60000000000002,0.0,21.8,29.200000000000003,29.200000000000003,29.8,300.0,300.0,31.4,35.6,29.1,28.3,30.200000000000003,4.95,1.99,4.97,0.16,0.0,0.0,1027.0,8228.0,0.0,0.0,0.0,0.0,0.0,1.0,0.0,0.0,0.0,0.0,0.0,-1.8,0.0,0.3,0.0,0.0001,16.0,25903.0
2026-07-30T19:01:23.721Z,253.204,253.218,0.0,7.4,0.0,0.0,0.0,0.0,0.0,0.0,0.0,0.0,1.0,0.0,0.0,0.0,9.0,4.0,0.0,0.0,0.0,0.0,0.0,0.0,0.0,0.0,4.0,12.0,1.0,12.17,5.0,2.51,1.49,0.0,0.0,0.0,0.4,0.0,-0.2,-0.6000000000000001,-1.3,-169.70000000000002,0.0,0.0,169.70000000000002,0.0,21.8,29.200000000000003,29.200000000000003,29.8,300.0,300.0,31.4,35.6,29.1,28.3,30.200000000000003,4.95,1.99,4.96,0.16,0.0,0.0,1027.0,8228.0,0.0,0.0,0.0,0.0,0.0,1.0,0.0,0.0,0.0,0.0,0.0,-1.6,0.0,1.0,0.0,0.0001,16.0,25903.0
2026-07-30T19:01:23.733Z,253.216,253.23,0.0,7.4,0.0,0.0,0.0,0.0,0.0,0.0,0.0,0.0,1.0,0.0,0.0,0.0,9.0,4.0,0.0,0.0,0.0,0.0,0.0,0.0,0.0,0.0,5.0,12.0,1.0,12.17,5.0,2.51,1.49,0.0,0.1,0.0,0.4,0.0,0.9,1.1,-0.7000000000000001,-169.70000000000002,0.0,0.0,169.60000000000002,0.0,21.8,29.200000000000003,29.200000000000003,29.8,300.0,300.0,31.4,35.6,29.1,28.3,30.200000000000003,4.96,2.0,4.96,0.16,0.0,0.0,1027.0,8228.0,0.0,0.0,0.0,0.0,0.0,1.0,0.0,0.0,0.0,0.0,0.0,0.7000000000000001,0.0,0.8,0.0,0.0,16.0,25903.0
2026-07-30T19:01:23.745Z,253.228,253.242,0.0,7.4,0.0,0.0,0.0,0.0,0.0,0.0,0.0,0.0,1.0,0.0,0.0,0.0,9.0,4.0,0.0,0.0,0.0,0.0,0.0,0.0,0.0,0.0,6.0,12.0,1.0,12.17,5.0,2.51,1.49,0.0,0.0,0.0,0.4,0.0,-0.2,-0.6000000000000001,-1.3,-169.70000000000002,0.0,0.0,169.70000000000002,0.0,21.8,29.200000000000003,29.200000000000003,29.8,300.0,300.0,31.4,35.6,29.1,28.3,30.200000000000003,4.95,2.0,4.97,0.16,0.0,0.0,1027.0,8228.0,0.0,0.0,0.0,0.0,0.0,1.0,0.0,0.0,0.0,0.0,0.0,-1.6,0.0,1.0,0.0,0.0,16.0,25903.0
2026-07-30T19:01:23.758Z,253.241,253.254,0.0,7.4,0.0,0.0,0.0,0.0,0.0,0.0,0.0,0.0,1.0,0.0,0.0,0.0,9.0,4.0,0.0,0.0,0.0,0.0,0.0,0.0,0.0,0.0,1.0,12.0,1.0,12.18,5.01,2.51,1.49,0.0,0.0,0.0,0.4,0.0,0.9,-0.6000000000000001,-1.3,-169.70000000000002,0.0,0.0,169.60000000000002,0.0,21.4,29.200000000000003,29.200000000000003,29.8,300.0,300.0,31.4,35.6,29.1,28.3,30.200000000000003,4.96,1.99,4.97,0.16,0.0,0.0,1027.0,8228.0,0.0,0.0,0.0,0.0,0.0,1.0,0.0,0.0,0.0,0.0,0.0,-1.7000000000000002,0.0,1.0,0.0,0.0001,16.0,25903.0
2026-07-30T19:01:23.770Z,253.253,253.266,0.0,7.4,0.0,0.0,0.0,0.0,0.0,0.0,0.0,0.0,1.0,0.0,0.0,0.0,9.0,4.0,0.0,0.0,0.0,0.0,0.0,0.0,0.0,0.0,3.0,12.0,1.0,12.18,5.01,2.51,1.49,0.0,0.0,0.0,0.4,0.0,-0.2,0.0,-0.1,-169.70000000000002,0.0,0.0,169.60000000000002,0.0,21.4,29.200000000000003,29.200000000000003,29.8,300.0,300.0,31.4,35.6,29.1,28.3,30.200000000000003,4.96,1.99,4.96,0.16,0.0,0.0,1027.0,8228.0,0.0,0.0,0.0,0.0,0.0,1.0,0.0,0.0,0.0,0.0,0.0,-0.1,0.0,0.0,0.0,0.0002,16.0,25903.0
2026-07-30T19:01:23.781Z,253.264,253.278,0.0,7.4,0.0,0.0,0.0,0.0,0.0,0.0,0.0,0.0,1.0,0.0,0.0,0.0,9.0,4.0,0.0,0.0,0.0,0.0,0.0,0.0,0.0,0.0,3.0,12.0,1.0,12.18,5.01,2.51,1.49,0.0,0.0,0.0,0.4,0.0,-0.2,0.0,0.0,-169.70000000000002,0.0,0.0,169.60000000000002,0.0,21.4,29.200000000000003,29.200000000000003,29.8,300.0,300.0,31.4,35.6,29.1,28.3,30.200000000000003,4.96,2.0,4.96,0.16,0.0,0.0,1027.0,8228.0,0.0,0.0,0.0,0.0,0.0,1.0,0.0,0.0,0.0,0.0,0.0,0.0,0.0,0.0,0.0,0.0,16.0,25903.0
2026-07-30T19:01:23.793Z,253.276,253.29,0.0,7.4,0.0,0.0,0.0,0.0,0.0,0.0,0.0,0.0,1.0,0.0,0.0,0.0,9.0,4.0,0.0,0.0,0.0,0.0,0.0,0.0,0.0,0.0,4.0,12.0,1.0,12.18,5.01,2.51,1.49,0.0,0.0,0.0,0.4,0.0,0.3,-0.6000000000000001,-1.1,-169.70000000000002,0.0,0.0,169.70000000000002,0.0,21.4,29.200000000000003,29.200000000000003,29.8,300.0,300.0,31.4,35.6,29.1,28.3,30.200000000000003,4.95,2.0,4.97,0.16,0.0,0.0,1027.0,8228.0,0.0,0.0,0.0,0.0,0.0,1.0,0.0,0.0,0.0,0.0,0.0,-1.5,0.0,0.9,0.0,0.0,16.0,25903.0
2026-07-30T19:01:23.805Z,253.288,253.302,0.0,7.4,0.0,0.0,0.0,0.0,0.0,0.0,0.0,0.0,1.0,0.0,0.0,0.0,9.0,4.0,0.0,0.0,0.0,0.0,0.0,0.0,0.0,0.0,5.0,12.0,1.0,12.18,5.01,2.51,1.49,0.0,0.0,0.0,0.4,0.0,0.9,-0.5,0.0,-169.70000000000002,0.0,0.0,169.60000000000002,0.0,21.4,29.200000000000003,29.200000000000003,29.8,300.0,300.0,31.4,35.6,29.1,28.3,30.200000000000003,4.96,1.99,4.97,0.16,0.0,0.0,1027.0,8228.0,0.0,0.0,0.0,0.0,0.0,1.0,0.0,0.0,0.0,0.0,0.0,-0.6000000000000001,0.0,-0.1,0.0,0.0,16.0,25903.0
2026-07-30T19:01:23.817Z,253.3,253.314,0.0,7.4,0.0,0.0,0.0,0.0,0.0,0.0,0.0,0.0,1.0,0.0,0.0,0.0,9.0,4.0,0.0,0.0,0.0,0.0,0.0,0.0,0.0,0.0,1.0,12.0,1.0,12.18,5.01,2.51,1.49,0.0,0.0,0.0,0.4,0.0,0.9,0.0,-1.1,-169.70000000000002,0.0,0.0,169.70000000000002,0.0,21.4,29.200000000000003,29.200000000000003,29.8,300.0,300.0,31.4,35.6,29.1,28.3,30.200000000000003,4.96,2.0,4.96,0.16,0.0,0.0,1027.0,8228.0,0.0,0.0,0.0,0.0,0.0,1.0,0.0,0.0,0.0,0.0,0.0,-0.9,0.0,1.0,0.0,0.0001,16.0,25903.0
2026-07-30T19:01:23.829Z,253.312,253.326,0.0,7.4,0.0,0.0,0.0,0.0,0.0,0.0,0.0,0.0,1.0,0.0,0.0,0.0,9.0,4.0,0.0,0.0,0.0,0.0,0.0,0.0,0.0,0.0,2.0,12.0,1.0,12.18,5.01,2.51,1.49,0.0,0.0,0.0,0.4,0.0,0.3,0.5,0.5,-169.70000000000002,0.0,0.0,169.70000000000002,0.0,21.4,29.200000000000003,29.200000000000003,29.8,300.0,300.0,31.4,35.6,29.1,28.3,30.200000000000003,4.96,1.99,4.96,0.16,0.0,0.0,1027.0,8228.0,0.0,0.0,0.0,0.0,0.0,1.0,0.0,0.0,0.0,0.0,0.0,1.0,0.0,-0.3,0.0,0.0,16.0,25903.0
2026-07-30T19:01:23.840Z,253.323,253.338,0.0,7.4,0.0,0.0,0.0,0.0,0.0,0.0,0.0,0.0,1.0,0.0,0.0,0.0,9.0,4.0,0.0,0.0,0.0,0.0,0.0,0.0,0.0,0.0,3.0,12.0,1.0,12.18,5.01,2.51,1.49,0.0,0.0,0.0,0.4,0.0,0.3,0.0,0.0,-169.70000000000002,0.0,0.0,169.70000000000002,0.0,21.4,29.200000000000003,29.200000000000003,29.8,300.0,300.0,31.4,35.6,29.1,28.3,30.200000000000003,4.95,1.99,4.97,0.16,0.0,0.0,1027.0,8228.0,0.0,0.0,0.0,0.0,0.0,1.0,0.0,0.0,0.0,0.0,0.0,-0.1,0.0,0.0,0.0,0.0001,16.0,25903.0
2026-07-30T19:01:23.853Z,253.336,253.35,0.0,7.4,0.0,0.0,0.0,0.0,0.0,0.0,0.0,0.0,1.0,0.0,0.0,0.0,9.0,4.0,0.0,0.0,0.0,0.0,0.0,0.0,0.0,0.0,4.0,12.0,1.0,12.18,5.01,2.51,1.49,0.0,0.0,0.0,0.5,0.0,-0.2,0.0,1.6,-169.70000000000002,0.0,0.0,169.60000000000002,0.0,21.4,29.200000000000003,29.200000000000003,29.8,300.0,300.0,31.4,35.6,29.1,28.3,30.200000000000003,4.96,1.99,4.96,0.16,0.0,0.0,1027.0,8228.0,0.0,0.0,0.0,0.0,0.0,1.0,0.0,0.0,0.0,0.0,0.0,1.2000000000000002,0.0,-1.5,0.0,0.0001,16.0,25903.0
2026-07-30T19:01:23.865Z,253.348,253.362,0.0,7.4,0.0,0.0,0.0,0.0,0.0,0.0,0.0,0.0,1.0,0.0,0.0,0.0,9.0,4.0,0.0,0.0,0.0,0.0,0.0,0.0,0.0,0.0,6.0,12.0,1.0,12.15,5.01,2.5,1.49,0.0,0.0,0.0,0.4,0.0,-0.2,1.7000000000000002,1.7000000000000002,-169.70000000000002,0.0,0.0,169.60000000000002,0.0,21.4,29.200000000000003,29.200000000000003,29.8,300.0,300.0,31.4,35.6,29.1,28.3,30.200000000000003,4.96,1.99,4.97,0.15,0.0,0.0,1027.0,8228.0,0.0,0.0,0.0,0.0,0.0,1.0,0.0,0.0,0.0,0.0,0.0,3.2,0.0,-1.1,0.0,0.0001,16.0,25903.0
2026-07-30T19:01:23.877Z,253.36,253.374,0.0,7.4,0.0,0.0,0.0,0.0,0.0,0.0,0.0,0.0,1.0,0.0,0.0,0.0,9.0,4.0,0.0,0.0,0.0,0.0,0.0,0.0,0.0,0.0,1.0,12.0,1.0,12.15,5.01,2.5,1.49,0.0,0.1,0.0,0.4,0.0,0.3,-0.6000000000000001,-0.5,-169.70000000000002,0.0,0.0,169.60000000000002,0.0,21.4,29.200000000000003,29.200000000000003,29.8,300.0,300.0,31.4,35.6,29.1,28.3,30.200000000000003,4.95,1.99,4.97,0.16,0.0,0.0,1027.0,8228.0,0.0,0.0,0.0,0.0,0.0,1.0,0.0,0.0,0.0,0.0,0.0,-1.1,0.0,0.3,0.0,0.0,16.0,25903.0
2026-07-30T19:01:23.889Z,253.372,253.386,0.0,7.4,0.0,0.0,0.0,0.0,0.0,0.0,0.0,0.0,1.0,0.0,0.0,0.0,9.0,4.0,0.0,0.0,0.0,0.0,0.0,0.0,0.0,0.0,1.0,12.0,1.0,12.15,5.01,2.5,1.49,0.0,0.0,0.0,0.5,0.0,0.9,0.5,1.1,-169.60000000000002,0.0,0.0,169.60000000000002,0.0,21.4,29.200000000000003,29.200000000000003,29.8,300.0,300.0,31.4,35.6,29.1,28.3,30.200000000000003,4.96,1.99,4.97,0.16,0.0,0.0,1027.0,8228.0,0.0,0.0,0.0,0.0,0.0,1.0,0.0,0.0,0.0,0.0,0.0,1.5,0.0,-0.8,0.0,0.0,16.0,25903.0
2026-07-30T19:01:23.900Z,253.383,253.398,0.0,7.4,0.0,0.0,0.0,0.0,0.0,0.0,0.0,0.0,1.0,0.0,0.0,0.0,9.0,4.0,0.0,0.0,0.0,0.0,0.0,0.0,0.0,0.0,2.0,12.0,1.0,12.15,5.01,2.5,1.49,0.0,0.0,0.0,0.5,0.0,-0.8,-0.6000000000000001,1.7000000000000002,-169.60000000000002,0.0,0.0,169.70000000000002,0.0,21.4,29.200000000000003,29.200000000000003,29.8,300.0,300.0,31.4,35.6,29.1,28.3,30.200000000000003,4.95,1.99,4.96,0.16,0.0,0.0,1027.0,8228.0,0.0,0.0,0.0,0.0,0.0,1.0,0.0,0.0,0.0,0.0,0.0,0.5,0.0,-1.6,0.0,0.0,16.0,25903.0
2026-07-30T19:01:23.913Z,253.396,253.41,0.0,7.4,0.0,0.0,0.0,0.0,0.0,0.0,0.0,0.0,1.0,0.0,0.0,0.0,9.0,4.0,0.0,0.0,0.0,0.0,0.0,0.0,0.0,0.0,3.0,12.0,1.0,12.15,5.01,2.5,1.49,0.0,0.0,0.0,0.4,0.0,0.3,0.5,0.0,-169.60000000000002,0.0,0.0,169.60000000000002,0.0,21.4,29.200000000000003,29.200000000000003,29.8,300.0,300.0,31.4,35.6,29.1,28.3,30.200000000000003,4.95,1.99,4.97,0.16,0.0,0.0,1027.0,8228.0,0.0,0.0,0.0,0.0,0.0,1.0,0.0,0.0,0.0,0.0,0.0,0.6000000000000001,0.0,0.1,0.0,0.0,16.0,25903.0
2026-07-30T19:01:23.925Z,253.408,253.422,0.0,7.4,0.0,0.0,0.0,0.0,0.0,0.0,0.0,0.0,1.0,0.0,0.0,0.0,9.0,4.0,0.0,0.0,0.0,0.0,0.0,0.0,0.0,0.0,5.0,12.0,1.0,12.15,5.01,2.5,1.49,0.0,0.0,0.0,0.4,0.0,0.3,2.3000000000000003,2.9000000000000004,-169.60000000000002,0.0,0.0,169.60000000000002,0.0,21.4,29.200000000000003,29.200000000000003,29.8,300.0,300.0,31.4,35.6,29.1,28.3,30.200000000000003,4.96,2.0,4.97,0.16,0.0,0.0,1027.0,8228.0,0.0,0.0,0.0,0.0,0.0,1.0,0.0,0.0,0.0,0.0,0.0,4.800000000000001,0.0,-2.0,0.0,0.0,16.0,25903.0
2026-07-30T19:01:23.937Z,253.42,253.434,0.0,7.4,0.0,0.0,0.0,0.0,0.0,0.0,0.0,0.0,1.0,0.0,0.0,0.0,9.0,4.0,0.0,0.0,0.0,0.0,0.0,0.0,0.0,0.0,5.0,12.0,1.0,12.15,5.01,2.5,1.49,0.0,0.0,0.0,0.4,0.0,-0.2,0.0,-1.2000000000000002,-169.60000000000002,0.0,0.0,169.70000000000002,0.0,21.4,29.200000000000003,29.200000000000003,29.8,300.0,300.0,31.4,35.6,29.1,28.3,30.200000000000003,4.96,2.0,4.96,0.16,0.0,0.0,1027.0,8228.0,0.0,0.0,0.0,0.0,0.0,1.0,0.0,0.0,0.0,0.0,0.0,-0.8,0.0,1.0,0.0,0.0,16.0,25903.0
2026-07-30T19:01:23.949Z,253.432,253.446,0.0,7.4,0.0,0.0,0.0,0.0,0.0,0.0,0.0,0.0,1.0,0.0,0.0,0.0,9.0,4.0,0.0,0.0,0.0,0.0,0.0,0.0,0.0,0.0,4.0,12.0,1.0,12.15,5.01,2.5,1.49,0.0,0.0,0.0,0.4,0.0,0.2,-0.5,-1.8,-169.60000000000002,0.0,0.0,169.60000000000002,0.0,21.4,29.200000000000003,29.200000000000003,29.8,300.0,300.0,31.4,35.6,29.1,28.3,30.200000000000003,4.95,1.99,4.97,0.16,0.0,0.0,1027.0,8228.0,0.0,0.0,0.0,0.0,0.0,1.0,0.0,0.0,0.0,0.0,0.0,-1.9,0.0,1.4,0.0,0.0,16.0,25903.0
2026-07-30T19:01:23.962Z,253.445,253.458,-0.1,7.4,0.0,0.0,0.0,0.0,0.0,0.0,0.0,0.0,1.0,0.0,0.0,0.0,9.0,4.0,0.0,0.0,0.0,0.0,0.0,0.0,0.0,0.0,5.0,12.0,1.0,12.18,5.0200000000000005,2.5,1.49,0.0,0.0,0.0,0.4,0.0,0.8,1.2000000000000002,2.8000000000000003,-169.60000000000002,0.0,0.0,169.60000000000002,0.0,20.9,29.200000000000003,29.200000000000003,29.8,300.0,300.0,31.4,35.5,29.1,28.3,30.200000000000003,4.95,1.99,4.96,0.16,0.0,0.0,1027.0,8228.0,0.0,0.0,0.0,0.0,0.0,1.0,0.0,0.0,0.0,0.0,0.0,3.5,0.0,-2.2,0.0,0.0,16.0,25903.0
2026-07-30T19:01:23.973Z,253.456,253.47,-0.1,7.4,0.0,0.0,0.0,0.0,0.0,0.0,0.0,0.0,1.0,0.0,0.0,0.0,9.0,4.0,0.0,0.0,0.0,0.0,0.0,0.0,0.0,0.0,6.0,12.0,1.0,12.18,5.0200000000000005,2.5,1.49,0.0,0.0,0.0,0.4,0.0,0.8,0.6000000000000001,0.0,-169.60000000000002,0.0,0.0,169.70000000000002,0.0,20.9,29.200000000000003,29.200000000000003,29.8,300.0,300.0,31.4,35.5,29.1,28.3,30.200000000000003,4.96,1.99,4.96,0.16,0.0,0.0,1027.0,8228.0,0.0,0.0,0.0,0.0,0.0,1.0,0.0,0.0,0.0,0.0,0.0,0.7000000000000001,0.0,0.1,0.0,0.0,16.0,25903.0
2026-07-30T19:01:23.985Z,253.468,253.482,0.0,7.4,0.0,0.0,0.0,0.0,0.0,0.0,0.0,0.0,1.0,0.0,0.0,0.0,9.0,4.0,0.0,0.0,0.0,0.0,0.0,0.0,0.0,0.0,1.0,12.0,1.0,12.18,5.0200000000000005,2.5,1.49,0.0,0.0,0.0,0.5,0.0,-0.8,-1.0,-0.6000000000000001,-169.60000000000002,0.0,0.0,169.70000000000002,0.0,20.9,29.200000000000003,29.200000000000003,29.8,300.0,300.0,31.4,35.5,29.1,28.3,30.200000000000003,4.96,1.99,4.96,0.16,0.0,0.0,1027.0,8228.0,0.0,0.0,0.0,0.0,0.0,1.0,0.0,0.0,0.0,0.0,0.0,-1.6,0.0,0.3,0.0,0.0,16.0,25903.0
2026-07-30T19:01:23.996Z,253.479,253.494,0.0,7.4,0.0,0.0,0.0,0.0,0.0,0.0,0.0,0.0,1.0,0.0,0.0,0.0,9.0,4.0,0.0,0.0,0.0,0.0,0.0,0.0,0.0,0.0,1.0,12.0,1.0,12.18,5.0200000000000005,2.5,1.49,0.0,0.1,0.0,0.4,0.0,0.2,0.6000000000000001,0.0,-169.60000000000002,0.0,0.0,169.70000000000002,0.0,20.9,29.200000000000003,29.200000000000003,29.8,300.0,300.0,31.4,35.5,29.1,28.3,30.200000000000003,4.95,1.99,4.97,0.16,0.0,0.0,1027.0,8228.0,0.0,0.0,0.0,0.0,0.0,1.0,0.0,0.0,0.0,0.0,0.0,0.7000000000000001,0.0,0.1,0.0,0.0001,16.0,25903.0
2026-07-30T19:01:24.009Z,253.492,253.506,0.0,7.4,0.0,0.0,0.0,0.0,0.0,0.0,0.0,0.0,1.0,0.0,0.0,0.0,9.0,4.0,0.0,0.0,0.0,0.0,0.0,0.0,0.0,0.0,2.0,12.0,1.0,12.18,5.0200000000000005,2.5,1.49,0.0,0.1,0.0,0.4,0.0,-0.9,-0.5,-0.6000000000000001,-169.60000000000002,0.0,0.0,169.60000000000002,0.0,20.9,29.200000000000003,29.200000000000003,29.8,300.0,300.0,31.4,35.5,29.1,28.3,30.200000000000003,4.95,1.99,4.96,0.16,0.0,0.0,1027.0,8228.0,0.0,0.0,0.0,0.0,0.0,1.0,0.0,0.0,0.0,0.0,0.0,-0.4,0.0,0.5,0.0,0.0,16.0,25903.0
2026-07-30T19:01:24.021Z,253.504,253.518,0.0,7.4,0.0,0.0,0.0,0.0,0.0,0.0,0.0,0.0,1.0,0.0,0.0,0.0,9.0,4.0,0.0,0.0,0.0,0.0,0.0,0.0,0.0,0.0,4.0,12.0,1.0,12.18,5.0200000000000005,2.5,1.49,0.0,0.0,0.0,0.4,0.0,0.2,1.2000000000000002,2.2,-169.60000000000002,0.0,0.0,169.60000000000002,0.0,20.9,29.200000000000003,29.200000000000003,29.8,300.0,300.0,31.4,35.5,29.1,28.3,30.200000000000003,4.95,1.99,4.96,0.15,0.0,0.0,1027.0,8228.0,0.0,0.0,0.0,0.0,0.0,1.0,0.0,0.0,0.0,0.0,0.0,-1.1,0.0,0.4,0.0,0.0002,16.0,25903.0
2026-07-30T19:01:24.033Z,253.516,253.53,0.0,7.4,0.0,0.0,0.0,0.0,0.0,0.0,0.0,0.0,1.0,0.0,0.0,0.0,9.0,4.0,0.0,0.0,0.0,0.0,0.0,0.0,0.0,0.0,5.0,12.0,1.0,12.18,5.0200000000000005,2.5,1.49,0.0,0.1,0.0,0.4,0.0,-0.8,0.6000000000000001,1.1,-169.60000000000002,0.0,0.0,169.70000000000002,0.0,20.9,29.200000000000003,29.200000000000003,29.8,300.0,300.0,31.4,35.5,29.1,28.3,30.200000000000003,4.95,1.99,4.97,0.16,0.0,0.0,1027.0,8228.0,0.0,0.0,0.0,0.0,0.0,1.0,0.0,0.0,0.0,0.0,0.0,1.5,0.0,-0.8,0.0,0.0001,16.0,25903.0
2026-07-30T19:01:24.045Z,253.528,253.542,0.0,7.4,0.0,0.0,0.0,0.0,0.0,0.0,0.0,0.0,1.0,0.0,0.0,0.0,9.0,4.0,0.0,0.0,0.0,0.0,0.0,0.0,0.0,0.0,6.0,12.0,1.0,12.18,5.0200000000000005,2.5,1.49,0.0,0.0,0.0,0.4,0.0,0.2,-1.1,-0.6000000000000001,-169.60000000000002,0.0,0.0,169.60000000000002,0.0,20.9,29.200000000000003,29.200000000000003,29.8,300.0,300.0,31.4,35.5,29.1,28.3,30.200000000000003,4.96,1.99,4.96,0.16,0.0,0.0,1027.0,8228.0,0.0,0.0,0.0,0.0,0.0,1.0,0.0,0.0,0.0,0.0,0.0,-1.8,0.0,0.3,0.0,0.0001,16.0,25903.0
2026-07-30T19:01:24.057Z,253.54,253.554,0.0,7.4,0.0,0.0,0.0,0.0,0.0,0.0,0.0,0.0,1.0,0.0,0.0,0.0,9.0,4.0,0.0,0.0,0.0,0.0,0.0,0.0,0.0,0.0,1.0,12.0,1.0,12.18,5.0200000000000005,2.5,1.49,0.0,0.0,0.0,0.4,0.0,-0.9,0.5,1.0,-169.60000000000002,0.0,0.0,169.8,0.0,20.9,29.200000000000003,29.200000000000003,29.8,300.0,300.0,31.4,35.5,29.1,28.3,30.200000000000003,4.96,1.99,4.96,0.16,0.0,0.0,1027.0,8228.0,0.0,0.0,0.0,0.0,0.0,1.0,0.0,0.0,0.0,0.0,0.0,1.4,0.0,-0.8,0.0,0.0001,16.0,25903.0
2026-07-30T19:01:24.069Z,253.552,253.566,0.0,7.4,0.0,0.0,0.0,0.0,0.0,0.0,0.0,0.0,1.0,0.0,0.0,0.0,9.0,4.0,0.0,0.0,0.0,0.0,0.0,0.0,0.0,0.0,3.0,12.0,1.0,12.15,5.01,2.5,1.49,0.0,0.0,0.0,0.4,0.0,-0.3,0.0,0.0,-169.60000000000002,0.0,0.0,169.70000000000002,0.0,21.4,29.200000000000003,29.200000000000003,29.8,300.0,300.0,31.5,35.6,29.1,28.3,30.200000000000003,4.95,1.99,4.96,0.16,0.0,0.0,1027.0,8228.0,0.0,0.0,0.0,0.0,0.0,1.0,0.0,0.0,0.0,0.0,0.0,-0.1,0.0,0.0,0.0,0.0001,16.0,25903.0
2026-07-30T19:01:24.081Z,253.564,253.578,0.0,7.4,0.0,0.0,0.0,0.0,0.0,0.0,0.0,0.0,1.0,0.0,0.0,0.0,9.0,4.0,0.0,0.0,0.0,0.0,0.0,0.0,0.0,0.0,4.0,12.0,1.0,12.15,5.01,2.5,1.49,0.0,0.0,0.0,0.4,0.0,-0.3,-0.5,-0.7000000000000001,-169.60000000000002,0.0,0.0,169.60000000000002,0.0,21.4,29.200000000000003,29.200000000000003,29.8,300.0,300.0,31.5,35.6,29.1,28.3,30.200000000000003,4.96,1.99,4.97,0.16,0.0,0.0,1027.0,8228.0,0.0,0.0,0.0,0.0,0.0,1.0,0.0,0.0,0.0,0.0,0.0,-1.2000000000000002,0.0,0.5,0.0,0.0001,16.0,25903.0
2026-07-30T19:01:24.093Z,253.576,253.59,0.0,7.4,0.0,0.0,0.0,0.0,0.0,0.0,0.0,0.0,1.0,0.0,0.0,0.0,9.0,4.0,0.0,0.0,0.0,0.0,0.0,0.0,0.0,0.0,6.0,12.0,1.0,12.15,5.01,2.5,1.49,0.0,0.0,0.0,0.4,0.0,-0.3,0.0,-0.1,-169.60000000000002,0.0,0.0,169.60000000000002,0.0,21.4,29.200000000000003,29.200000000000003,29.8,300.0,300.0,31.5,35.6,29.1,28.3,30.200000000000003,4.96,2.0,4.96,0.16,0.0,0.0,1027.0,8228.0,0.0,0.0,0.0,0.0,0.0,1.0,0.0,0.0,0.0,0.0,0.0,-0.1,0.0,0.1,0.0,0.0001,16.0,25903.0
2026-07-30T19:01:24.104Z,253.587,253.602,0.0,7.4,0.0,0.0,0.0,0.0,0.0,0.0,0.0,0.0,1.0,0.0,0.0,0.0,9.0,4.0,0.0,0.0,0.0,0.0,0.0,0.0,0.0,0.0,1.0,12.0,1.0,12.15,5.01,2.5,1.49,0.0,0.0,0.0,0.4,0.0,0.2,0.5,1.0,-169.60000000000002,0.0,0.0,169.60000000000002,0.0,21.4,29.200000000000003,29.200000000000003,29.8,300.0,300.0,31.5,35.6,29.1,28.3,30.200000000000003,4.96,1.99,4.97,0.16,0.0,0.0,1027.0,8228.0,0.0,0.0,0.0,0.0,0.0,1.0,0.0,0.0,0.0,0.0,0.0,1.4,0.0,-0.8,0.0,0.0,16.0,25903.0
2026-07-30T19:01:24.116Z,253.599,253.614,0.0,7.4,0.0,0.0,0.0,0.0,0.0,0.0,0.0,0.0,1.0,0.0,0.0,0.0,9.0,4.0,0.0,0.0,0.0,0.0,0.0,0.0,0.0,0.0,2.0,12.0,1.0,12.15,5.01,2.5,1.49,0.0,0.0,0.0,0.4,0.0,0.8,1.1,0.9,-169.60000000000002,0.0,0.0,169.60000000000002,0.0,21.4,29.200000000000003,29.200000000000003,29.8,300.0,300.0,31.5,35.6,29.1,28.3,30.200000000000003,4.95,1.99,4.97,0.16,0.0,0.0,1027.0,8228.0,0.0,0.0,0.0,0.0,0.0,1.0,0.0,0.0,0.0,0.0,0.0,2.0,0.0,-0.6000000000000001,0.0,0.0,16.0,25903.0
2026-07-30T19:01:24.129Z,253.612,253.626,0.0,7.4,0.0,0.0,0.0,0.0,0.0,0.0,0.0,0.0,1.0,0.0,0.0,0.0,9.0,4.0,0.0,0.0,0.0,0.0,0.0,0.0,0.0,0.0,3.0,12.0,1.0,12.15,5.01,2.5,1.49,0.0,0.0,0.0,0.4,0.0,-0.3,0.6000000000000001,-0.2,-169.60000000000002,0.0,0.0,169.70000000000002,0.0,21.4,29.200000000000003,29.200000000000003,29.8,300.0,300.0,31.5,35.6,29.1,28.3,30.200000000000003,4.96,1.99,4.96,0.16,0.0,0.0,1027.0,8228.0,0.0,0.0,0.0,0.0,0.0,1.0,0.0,0.0,0.0,0.0,0.0,0.5,0.0,0.3,0.0,0.0,16.0,25903.0
2026-07-30T19:01:24.142Z,253.625,253.638,0.0,7.4,0.0,0.0,0.0,0.0,0.0,0.0,0.0,0.0,1.0,0.0,0.0,0.0,9.0,4.0,0.0,0.0,0.0,0.0,0.0,0.0,0.0,0.0,4.0,12.0,1.0,12.15,5.01,2.5,1.49,0.0,0.0,0.0,0.4,0.0,-0.3,-1.1,0.4,-169.60000000000002,0.0,0.0,169.70000000000002,0.0,21.4,29.200000000000003,29.200000000000003,29.8,300.0,300.0,31.5,35.6,29.1,28.3,30.200000000000003,4.95,2.0,4.96,0.16,0.0,0.0,1027.0,8228.0,0.0,0.0,0.0,0.0,0.0,1.0,0.0,0.0,0.0,0.0,0.0,-0.9,0.0,-0.6000000000000001,0.0,0.0001,16.0,25903.0
2026-07-30T19:01:24.152Z,253.635,253.65,0.0,7.4,0.0,0.0,0.0,0.0,0.0,0.0,0.0,0.0,1.0,0.0,0.0,0.0,9.0,4.0,0.0,0.0,0.0,0.0,0.0,0.0,0.0,0.0,6.0,12.0,1.0,12.15,5.01,2.5,1.49,0.0,0.0,0.0,0.4,0.0,-0.9,0.6000000000000001,-0.1,-169.60000000000002,0.0,0.0,169.70000000000002,0.0,21.4,29.200000000000003,29.200000000000003,29.8,300.0,300.0,31.5,35.6,29.1,28.3,30.200000000000003,4.95,1.99,4.97,0.16,0.0,0.0,1027.0,8228.0,0.0,0.0,0.0,0.0,0.0,1.0,0.0,0.0,0.0,0.0,0.0,0.5,0.0,0.2,0.0,0.0,16.0,25903.0
2026-07-30T19:01:24.166Z,253.649,253.662,0.0,7.4,0.0,0.0,0.0,0.0,0.0,0.0,0.0,0.0,1.0,0.0,0.0,0.0,9.0,4.0,0.0,0.0,0.0,0.0,0.0,0.0,0.0,0.0,1.0,12.0,1.0,12.17,5.0200000000000005,2.51,1.49,0.0,0.0,0.0,0.4,0.0,0.2,1.2000000000000002,-0.6000000000000001,-169.60000000000002,0.0,0.0,169.70000000000002,0.0,21.700000000000003,29.200000000000003,29.200000000000003,29.8,300.0,300.0,31.5,35.6,29.1,28.3,30.200000000000003,4.95,1.99,4.97,0.16,0.0,0.0,1027.0,8228.0,0.0,0.0,0.0,0.0,0.0,1.0,0.0,0.0,0.0,0.0,0.0,0.9,0.0,0.8,0.0,0.0,16.0,25903.0
2026-07-30T19:01:24.177Z,253.66,253.674,0.0,7.4,0.0,0.0,0.0,0.0,0.0,0.0,0.0,0.0,1.0,0.0,0.0,0.0,9.0,4.0,0.0,0.0,0.0,0.0,0.0,0.0,0.0,0.0,2.0,12.0,1.0,12.17,5.0200000000000005,2.51,1.49,0.0,0.0,0.0,0.4,0.0,-0.3,0.0,0.0,-169.60000000000002,0.0,0.0,169.70000000000002,0.0,21.700000000000003,29.200000000000003,29.200000000000003,29.8,300.0,300.0,31.5,35.6,29.1,28.3,30.200000000000003,4.96,1.99,4.96,0.16,0.0,0.0,1027.0,8228.0,0.0,0.0,0.0,0.0,0.0,1.0,0.0,0.0,0.0,0.0,0.0,0.0,0.0,0.0,0.0,0.0001,16.0,25903.0
2026-07-30T19:01:24.189Z,253.672,253.686,0.0,7.4,0.0,0.0,0.0,0.0,0.0,0.0,0.0,0.0,1.0,0.0,0.0,0.0,9.0,4.0,0.0,0.0,0.0,0.0,0.0,0.0,0.0,0.0,3.0,12.0,1.0,12.17,5.0200000000000005,2.51,1.49,0.0,0.0,0.0,0.4,0.0,0.2,-0.5,-0.6000000000000001,-169.60000000000002,0.0,0.0,169.8,0.0,21.700000000000003,29.200000000000003,29.200000000000003,29.8,300.0,300.0,31.5,35.6,29.1,28.3,30.200000000000003,4.95,1.99,4.96,0.16,0.0,0.0,1027.0,8228.0,0.0,0.0,0.0,0.0,0.0,1.0,0.0,0.0,0.0,0.0,0.0,-1.1,0.0,0.4,0.0,0.0,16.0,25903.0
2026-07-30T19:01:24.201Z,253.684,253.698,0.0,7.4,0.0,0.0,0.0,0.0,0.0,0.0,0.0,0.0,1.0,0.0,0.0,0.0,9.0,4.0,0.0,0.0,0.0,0.0,0.0,0.0,0.0,0.0,4.0,12.0,1.0,12.17,5.0200000000000005,2.51,1.49,0.0,0.1,0.0,0.4,0.0,-0.2,0.0,-0.6000000000000001,-169.60000000000002,0.0,0.0,169.70000000000002,0.0,21.700000000000003,29.200000000000003,29.200000000000003,29.8,300.0,300.0,31.5,35.6,29.1,28.3,30.200000000000003,4.95,1.99,4.96,0.16,0.0,0.0,1027.0,8228.0,0.0,0.0,0.0,0.0,0.0,1.0,0.0,0.0,0.0,0.0,0.0,-0.4,0.0,0.5,0.0,0.0001,16.0,25903.0
2026-07-30T19:01:24.213Z,253.696,253.71,0.0,7.4,0.0,0.0,0.0,0.0,0.0,0.0,0.0,0.0,1.0,0.0,0.0,0.0,9.0,4.0,0.0,0.0,0.0,0.0,0.0,0.0,0.0,0.0,5.0,12.0,1.0,12.17,5.0200000000000005,2.51,1.49,0.0,0.0,0.0,0.4,0.0,0.3,0.0,0.4,-169.60000000000002,0.0,0.0,169.8,0.0,21.700000000000003,29.200000000000003,29.200000000000003,29.8,300.0,300.0,31.5,35.6,29.1,28.3,30.200000000000003,4.96,2.0,4.96,0.16,0.0,0.0,1027.0,8228.0,0.0,0.0,0.0,0.0,0.0,1.0,0.0,0.0,0.0,0.0,0.0,0.4,0.0,-0.4,0.0,0.0001,16.0,25903.0
2026-07-30T19:01:24.225Z,253.708,253.722,0.0,7.4,0.0,0.0,0.0,0.0,0.0,0.0,0.0,0.0,1.0,0.0,0.0,0.0,9.0,4.0,0.0,0.0,0.0,0.0,0.0,0.0,0.0,0.0,6.0,12.0,1.0,12.17,5.0200000000000005,2.51,1.49,0.0,0.0,0.0,0.4,0.0,0.3,0.0,0.0,-169.70000000000002,0.0,0.0,169.8,0.0,21.700000000000003,29.200000000000003,29.200000000000003,29.8,300.0,300.0,31.5,35.6,29.1,28.3,30.200000000000003,4.95,2.0,4.96,0.16,0.0,0.0,1027.0,8228.0,0.0,0.0,0.0,0.0,0.0,1.0,0.0,0.0,0.0,0.0,0.0,0.0,0.0,0.0,0.0,0.0,16.0,25903.0
2026-07-30T19:01:24.237Z,253.72,253.734,0.0,7.4,0.0,0.0,0.0,0.0,0.0,0.0,0.0,0.0,1.0,0.0,0.0,0.0,9.0,4.0,0.0,0.0,0.0,0.0,0.0,0.0,0.0,0.0,1.0,12.0,1.0,12.17,5.0200000000000005,2.51,1.49,0.0,0.1,0.0,0.4,0.0,0.3,-0.5,1.6,-169.70000000000002,0.0,0.0,169.70000000000002,0.0,21.700000000000003,29.200000000000003,29.200000000000003,29.8,300.0,300.0,31.5,35.6,29.1,28.3,30.200000000000003,4.95,1.99,4.97,0.16,0.0,0.0,1027.0,8228.0,0.0,0.0,0.0,0.0,0.0,1.0,0.0,0.0,0.0,0.0,0.0,0.6000000000000001,0.0,-1.5,0.0,0.0001,16.0,25903.0
2026-07-30T19:01:24.250Z,253.733,253.746,0.0,7.4,0.0,0.0,0.0,0.0,0.0,0.0,0.0,0.0,1.0,0.0,0.0,0.0,9.0,4.0,0.0,0.0,0.0,0.0,0.0,0.0,0.0,0.0,3.0,12.0,1.0,12.17,5.0200000000000005,2.51,1.49,0.0,0.0,0.0,0.4,0.0,-0.2,1.2000000000000002,0.4,-169.70000000000002,0.0,0.0,169.70000000000002,0.0,21.700000000000003,29.200000000000003,29.200000000000003,29.8,300.0,300.0,31.5,35.6,29.1,28.3,30.200000000000003,4.95,1.99,4.96,0.16,0.0,0.0,1027.0,8228.0,0.0,0.0,0.0,0.0,0.0,1.0,0.0,0.0,0.0,0.0,0.0,1.7000000000000002,0.0,-0.1,0.0,0.0002,16.0,25903.0
2026-07-30T19:01:24.260Z,253.743,253.758,0.0,7.4,0.0,0.0,0.0,0.0,0.0,0.0,0.0,0.0,1.0,0.0,0.0,0.0,9.0,4.0,0.0,0.0,0.0,0.0,0.0,0.0,0.0,0.0,3.0,12.0,1.0,12.17,5.0200000000000005,2.51,1.49,0.0,0.0,0.0,0.4,0.0,0.3,1.2000000000000002,-0.1,-169.70000000000002,0.0,0.0,169.70000000000002,0.0,21.700000000000003,29.200000000000003,29.200000000000003,29.8,300.0,300.0,31.5,35.6,29.1,28.3,30.200000000000003,4.96,1.99,4.96,0.16,0.0,0.0,1027.0,8228.0,0.0,0.0,0.0,0.0,0.0,1.0,0.0,0.0,0.0,0.0,0.0,1.3,0.0,0.3,0.0,0.0001,16.0,25903.0
2026-07-30T19:01:24.272Z,253.755,253.77,0.0,7.4,0.0,0.0,0.0,0.0,0.0,0.0,0.0,0.0,1.0,0.0,0.0,0.0,9.0,4.0,0.0,0.0,0.0,0.0,0.0,0.0,0.0,0.0,3.0,12.0,1.0,12.18,5.01,2.51,1.49,0.0,0.0,0.0,0.4,0.0,-0.8,-0.5,0.4,-169.70000000000002,0.0,0.0,169.70000000000002,0.0,21.700000000000003,29.200000000000003,29.200000000000003,29.8,300.0,300.0,31.4,35.6,29.1,28.3,30.200000000000003,4.95,1.99,4.97,0.16,0.0,0.0,1027.0,8228.0,0.0,0.0,0.0,0.0,0.0,1.0,0.0,0.0,0.0,0.0,0.0,-0.2,0.0,-0.4,0.0,0.0001,16.0,25903.0
2026-07-30T19:01:24.284Z,253.767,253.782,0.0,7.4,0.0,0.0,0.0,0.0,0.0,0.0,0.0,0.0,1.0,0.0,0.0,0.0,9.0,4.0,0.0,0.0,0.0,0.0,0.0,0.0,0.0,0.0,4.0,12.0,1.0,12.18,5.01,2.51,1.49,0.0,0.0,0.0,0.4,0.0,0.3,-0.5,-1.2000000000000002,-169.70000000000002,0.0,0.0,169.70000000000002,0.0,21.700000000000003,29.200000000000003,29.200000000000003,29.8,300.0,300.0,31.4,35.6,29.1,28.3,30.200000000000003,4.95,1.99,4.96,0.16,0.0,0.0,1027.0,8228.0,0.0,0.0,0.0,0.0,0.0,1.0,0.0,0.0,0.0,0.0,0.0,-1.5,0.0,1.0,0.0,0.0001,16.0,25903.0
2026-07-30T19:01:24.297Z,253.78,253.794,0.0,7.4,0.0,0.0,0.0,0.0,0.0,0.0,0.0,0.0,1.0,0.0,0.0,0.0,9.0,4.0,0.0,0.0,0.0,0.0,0.0,0.0,0.0,0.0,5.0,12.0,1.0,12.18,5.01,2.51,1.49,0.0,0.0,0.0,0.4,0.0,0.3,0.6000000000000001,0.0,-169.70000000000002,0.0,0.0,169.70000000000002,0.0,21.700000000000003,29.200000000000003,29.200000000000003,29.8,300.0,300.0,31.4,35.6,29.1,28.3,30.200000000000003,4.95,1.99,4.96,0.16,0.0,0.0,1027.0,8228.0,0.0,0.0,0.0,0.0,0.0,1.0,0.0,0.0,0.0,0.0,0.0,0.6000000000000001,0.0,0.2,0.0,0.0,16.0,25903.0
2026-07-30T19:01:24.309Z,253.792,253.806,0.0,7.4,0.0,0.0,0.0,0.0,0.0,0.0,0.0,0.0,1.0,0.0,0.0,0.0,9.0,4.0,0.0,0.0,0.0,0.0,0.0,0.0,0.0,0.0,6.0,12.0,1.0,12.18,5.01,2.51,1.49,0.0,0.0,0.0,0.4,0.0,0.3,0.6000000000000001,0.0,-169.70000000000002,0.0,0.0,169.70000000000002,0.0,21.700000000000003,29.200000000000003,29.200000000000003,29.8,300.0,300.0,31.4,35.6,29.1,28.3,30.200000000000003,4.95,1.99,4.96,0.16,0.0,0.0,1027.0,8228.0,0.0,0.0,0.0,0.0,0.0,1.0,0.0,0.0,0.0,0.0,0.0,0.6000000000000001,0.0,0.1,0.0,0.0001,16.0,25903.0
2026-07-30T19:01:24.321Z,253.804,253.818,0.0,7.4,0.0,0.0,0.0,0.0,0.0,0.0,0.0,0.0,1.0,0.0,0.0,0.0,9.0,4.0,0.0,0.0,0.0,0.0,0.0,0.0,0.0,0.0,2.0,12.0,1.0,12.18,5.01,2.51,1.49,0.0,0.0,0.0,0.4,0.0,-0.7000000000000001,0.0,-0.6000000000000001,-169.70000000000002,0.0,0.0,169.8,0.0,21.700000000000003,29.200000000000003,29.200000000000003,29.8,300.0,300.0,31.4,35.6,29.1,28.3,30.200000000000003,4.95,1.99,4.97,0.16,0.0,0.0,1027.0,8228.0,0.0,0.0,0.0,0.0,0.0,1.0,0.0,0.0,0.0,0.0,0.0,-0.3,0.0,0.5,0.0,0.0,16.0,25903.0
2026-07-30T19:01:24.333Z,253.816,253.83,0.0,7.4,0.0,0.0,0.0,0.0,0.0,0.0,0.0,0.0,1.0,0.0,0.0,0.0,9.0,4.0,0.0,0.0,0.0,0.0,0.0,0.0,0.0,0.0,2.0,12.0,1.0,12.18,5.01,2.51,1.49,0.0,0.0,0.0,0.4,0.0,-0.8,0.0,-0.7000000000000001,-169.70000000000002,0.0,0.0,169.8,0.0,21.700000000000003,29.200000000000003,29.200000000000003,29.8,300.0,300.0,31.4,35.6,29.1,28.3,30.200000000000003,4.96,1.99,4.96,0.16,0.0,0.0,1027.0,8228.0,0.0,0.0,0.0,0.0,0.0,1.0,0.0,0.0,0.0,0.0,0.0,-0.5,0.0,0.6000000000000001,0.0,0.0,16.0,25903.0
2026-07-30T19:01:24.345Z,253.828,253.842,0.0,7.4,0.0,0.0,0.0,0.0,0.0,0.0,0.0,0.0,1.0,0.0,0.0,0.0,9.0,4.0,0.0,0.0,0.0,0.0,0.0,0.0,0.0,0.0,4.0,12.0,1.0,12.18,5.01,2.51,1.49,0.0,0.0,0.0,0.4,0.0,-0.2,0.0,0.0,-169.70000000000002,0.0,0.0,169.60000000000002,0.0,21.700000000000003,29.200000000000003,29.200000000000003,29.8,300.0,300.0,31.4,35.6,29.1,28.3,30.200000000000003,4.96,1.99,4.96,0.16,0.0,0.0,1027.0,8228.0,0.0,0.0,0.0,0.0,0.0,1.0,0.0,0.0,0.0,0.0,0.0,0.0,0.0,0.0,0.0,0.0,16.0,25903.0
2026-07-30T19:01:24.357Z,253.84,253.854,0.0,7.4,0.0,0.0,0.0,0.0,0.0,0.0,0.0,0.0,1.0,0.0,0.0,0.0,9.0,4.0,0.0,0.0,0.0,0.0,0.0,0.0,0.0,0.0,4.0,12.0,1.0,12.18,5.01,2.51,1.49,0.0,0.0,0.0,0.4,0.0,1.5,0.6000000000000001,1.6,-169.70000000000002,0.0,0.0,169.70000000000002,0.0,21.700000000000003,29.200000000000003,29.200000000000003,29.8,300.0,300.0,31.4,35.6,29.1,28.3,30.200000000000003,4.95,1.99,4.96,0.16,0.0,0.0,1027.0,8228.0,0.0,0.0,0.0,0.0,0.0,1.0,0.0,0.0,0.0,0.0,0.0,1.9,0.0,-1.3,0.0,0.0002,16.0,25903.0
2026-07-30T19:01:24.369Z,253.852,253.866,0.0,7.4,0.0,0.0,0.0,0.0,0.0,0.0,0.0,0.0,1.0,0.0,0.0,0.0,9.0,4.0,0.0,0.0,0.0,0.0,0.0,0.0,0.0,0.0,5.0,12.0,1.0,12.18,5.01,2.5,1.49,0.0,0.0,0.0,0.4,0.0,0.3,-0.5,-1.2000000000000002,-169.70000000000002,0.0,0.0,169.60000000000002,0.0,21.200000000000003,29.200000000000003,29.200000000000003,29.8,300.0,300.0,31.5,35.6,29.1,28.3,30.200000000000003,4.94,1.99,4.96,0.16,0.0,0.0,1027.0,8228.0,0.0,0.0,0.0,0.0,0.0,1.0,0.0,0.0,0.0,0.0,0.0,-1.5,0.0,1.0,0.0,0.0001,16.0,25903.0
2026-07-30T19:01:24.380Z,253.863,253.878,0.0,7.4,0.0,0.0,0.0,0.0,0.0,0.0,0.0,0.0,1.0,0.0,0.0,0.0,9.0,4.0,0.0,0.0,0.0,0.0,0.0,0.0,0.0,0.0,6.0,12.0,1.0,12.18,5.01,2.5,1.49,0.0,0.1,0.0,0.4,0.0,-0.2,0.0,-1.3,-169.60000000000002,0.0,0.0,169.70000000000002,0.0,21.200000000000003,29.200000000000003,29.200000000000003,29.8,300.0,300.0,31.5,35.6,29.1,28.3,30.200000000000003,4.95,2.0,4.96,0.16,0.0,0.0,1027.0,8228.0,0.0,0.0,0.0,0.0,0.0,1.0,0.0,0.0,0.0,0.0,0.0,-1.0,0.0,1.2000000000000002,0.0,0.0001,16.0,25903.0
2026-07-30T19:01:24.394Z,253.877,253.89,0.0,7.4,0.0,0.0,0.0,0.0,0.0,0.0,0.0,0.0,1.0,0.0,0.0,0.0,9.0,4.0,0.0,0.0,0.0,0.0,0.0,0.0,0.0,0.0,1.0,12.0,1.0,12.18,5.01,2.5,1.49,0.0,0.0,0.0,0.4,0.0,0.3,1.1,0.4,-169.60000000000002,0.0,0.0,169.60000000000002,0.0,21.200000000000003,29.200000000000003,29.200000000000003,29.8,300.0,300.0,31.5,35.6,29.1,28.3,30.200000000000003,4.95,1.99,4.97,0.16,0.0,0.0,1027.0,8228.0,0.0,0.0,0.0,0.0,0.0,1.0,0.0,0.0,0.0,0.0,0.0,1.6,0.0,-0.1,0.0,0.0,16.0,25903.0
2026-07-30T19:01:24.404Z,253.887,253.902,0.0,7.4,0.0,0.0,0.0,0.0,0.0,0.0,0.0,0.0,1.0,0.0,0.0,0.0,9.0,4.0,0.0,0.0,0.0,0.0,0.0,0.0,0.0,0.0,2.0,12.0,1.0,12.18,5.01,2.5,1.49,0.0,0.0,0.0,0.4,0.0,0.3,0.0,-0.7000000000000001,-169.60000000000002,0.0,0.0,169.70000000000002,0.0,21.200000000000003,29.200000000000003,29.200000000000003,29.8,300.0,300.0,31.5,35.6,29.1,28.3,30.200000000000003,4.96,1.99,4.97,0.16,0.0,0.0,1027.0,8228.0,0.0,0.0,0.0,0.0,0.0,1.0,0.0,0.0,0.0,0.0,0.0,-0.5,0.0,0.6000000000000001,0.0,0.0,16.0,25903.0
2026-07-30T19:01:24.417Z,253.9,253.914,0.0,7.4,0.0,0.0,0.0,0.0,0.0,0.0,0.0,0.0,1.0,0.0,0.0,0.0,9.0,4.0,0.0,0.0,0.0,0.0,0.0,0.0,0.0,0.0,4.0,12.0,1.0,12.18,5.01,2.5,1.49,0.0,0.0,0.0,0.4,0.0,0.8,0.0,1.0,-169.60000000000002,0.0,0.0,169.60000000000002,0.0,21.200000000000003,29.200000000000003,29.200000000000003,29.8,300.0,300.0,31.5,35.6,29.1,28.3,30.200000000000003,4.96,1.99,4.96,0.16,0.0,0.0,1027.0,8228.0,0.0,0.0,0.0,0.0,0.0,1.0,0.0,0.0,0.0,0.0,0.0,0.8,0.0,-0.8,0.0,0.0,16.0,25903.0
2026-07-30T19:01:24.429Z,253.912,253.926,0.0,7.4,0.0,0.0,0.0,0.0,0.0,0.0,0.0,0.0,1.0,0.0,0.0,0.0,9.0,4.0,0.0,0.0,0.0,0.0,0.0,0.0,0.0,0.0,5.0,12.0,1.0,12.18,5.01,2.5,1.49,0.0,0.0,0.0,0.4,0.0,-0.2,-1.0,-0.6000000000000001,-169.60000000000002,0.0,0.0,169.70000000000002,0.0,21.200000000000003,29.200000000000003,29.200000000000003,29.8,300.0,300.0,31.5,35.6,29.1,28.3,30.200000000000003,4.95,1.99,4.96,0.16,0.0,0.0,1027.0,8228.0,0.0,0.0,0.0,0.0,0.0,1.0,0.0,0.0,0.0,0.0,0.0,-1.7000000000000002,0.0,0.3,0.0,0.0,16.0,25903.0
2026-07-30T19:01:24.440Z,253.923,253.938,0.0,7.4,0.0,0.0,0.0,0.0,0.0,0.0,0.0,0.0,1.0,0.0,0.0,0.0,9.0,4.0,0.0,0.0,0.0,0.0,0.0,0.0,0.0,0.0,6.0,12.0,1.0,12.18,5.01,2.5,1.49,0.0,0.0,0.0,0.4,0.0,-0.2,-0.4,-0.6000000000000001,-169.60000000000002,0.0,0.0,169.60000000000002,0.0,21.200000000000003,29.200000000000003,29.200000000000003,29.8,300.0,300.0,31.5,35.6,29.1,28.3,30.200000000000003,4.95,2.0,4.96,0.16,0.0,0.0,1027.0,8228.0,0.0,0.0,0.0,0.0,0.0,1.0,0.0,0.0,0.0,0.0,0.0,-1.0,0.0,0.4,0.0,0.0,16.0,25903.0
2026-07-30T19:01:24.452Z,253.935,253.95,0.0,7.4,0.0,0.0,0.0,0.0,0.0,0.0,0.0,0.0,1.0,0.0,0.0,0.0,9.0,4.0,0.0,0.0,0.0,0.0,0.0,0.0,0.0,0.0,1.0,12.0,1.0,12.18,5.01,2.5,1.49,0.0,0.0,0.0,0.4,0.0,0.3,1.8,0.5,-169.60000000000002,0.0,0.0,169.8,0.0,21.200000000000003,29.200000000000003,29.200000000000003,29.8,300.0,300.0,31.5,35.6,29.1,28.3,30.200000000000003,4.96,1.99,4.96,0.16,0.0,0.0,1027.0,8228.0,0.0,0.0,0.0,0.0,0.0,1.0,0.0,0.0,0.0,0.0,0.0,2.5,0.0,0.0,0.0,0.0,16.0,25903.0
2026-07-30T19:01:24.465Z,253.948,253.962,0.0,7.4,0.0,0.0,0.0,0.0,0.0,0.0,0.0,0.0,1.0,0.0,0.0,0.0,9.0,4.0,0.0,0.0,0.0,0.0,0.0,0.0,0.0,0.0,2.0,12.0,1.0,12.18,5.01,2.5,1.49,0.0,0.0,0.0,0.4,0.0,0.4,-0.4,0.0,-169.60000000000002,0.0,0.0,169.70000000000002,0.0,21.200000000000003,29.200000000000003,29.200000000000003,29.8,300.0,300.0,31.5,35.6,29.1,28.3,30.200000000000003,4.95,1.99,4.96,0.16,0.0,0.0,1027.0,8228.0,0.0,0.0,0.0,0.0,0.0,1.0,0.0,0.0,0.0,0.0,0.0,-0.6000000000000001,0.0,0.0,0.0,0.0003,16.0,25903.0
2026-07-30T19:01:24.477Z,253.96,253.974,0.0,7.4,0.0,0.0,0.0,0.0,0.0,0.0,0.0,0.0,1.0,0.0,0.0,0.0,9.0,4.0,0.0,0.0,0.0,0.0,0.0,0.0,0.0,0.0,4.0,12.0,1.0,12.14,5.0200000000000005,2.51,1.49,0.0,0.0,0.0,0.5,0.0,0.4,0.1,0.5,-169.60000000000002,0.0,0.0,169.70000000000002,0.0,21.3,29.200000000000003,29.200000000000003,29.8,300.0,300.0,31.5,35.6,29.1,28.3,30.200000000000003,4.95,1.99,4.98,0.16,0.0,0.0,1027.0,8228.0,0.0,0.0,0.0,0.0,0.0,1.0,0.0,0.0,0.0,0.0,0.0,0.5,0.0,-0.4,0.0,0.0,16.0,25903.0
2026-07-30T19:01:24.488Z,253.971,253.986,0.0,7.4,0.0,0.0,0.0,0.0,0.0,0.0,0.0,0.0,1.0,0.0,0.0,0.0,9.0,4.0,0.0,0.0,0.0,0.0,0.0,0.0,0.0,0.0,5.0,12.0,1.0,12.14,5.0200000000000005,2.51,1.49,0.0,0.0,0.0,0.4,0.0,-0.2,0.1,-1.1,-169.60000000000002,0.0,0.0,169.70000000000002,0.0,21.3,29.200000000000003,29.200000000000003,29.8,300.0,300.0,31.5,35.6,29.1,28.3,30.200000000000003,4.95,1.99,4.96,0.16,0.0,0.0,1027.0,8228.0,0.0,0.0,0.0,0.0,0.0,1.0,0.0,0.0,0.0,0.0,0.0,-0.7000000000000001,0.0,1.0,0.0,0.0,16.0,25903.0
2026-07-30T19:01:24.500Z,253.983,253.998,0.0,7.4,0.0,0.0,0.0,0.0,0.0,0.0,0.0,0.0,1.0,0.0,0.0,0.0,9.0,4.0,0.0,0.0,0.0,0.0,0.0,0.0,0.0,0.0,6.0,12.0,1.0,12.14,5.0200000000000005,2.51,1.49,0.0,0.0,0.0,0.4,0.0,1.5,0.0,1.7000000000000002,-169.60000000000002,0.0,0.0,169.70000000000002,0.0,21.3,29.200000000000003,29.200000000000003,29.8,300.0,300.0,31.5,35.6,29.1,28.3,30.200000000000003,4.96,1.99,4.96,0.16,0.0,0.0,1027.0,8228.0,0.0,0.0,0.0,0.0,0.0,1.0,0.0,0.0,0.0,0.0,0.0,1.3,0.0,-1.4,0.0,0.0001,16.0,25903.0
2026-07-30T19:01:24.513Z,253.996,254.01,0.0,7.4,0.0,0.0,0.0,0.0,0.0,0.0,0.0,0.0,1.0,0.0,0.0,0.0,9.0,4.0,0.0,0.0,0.0,0.0,0.0,0.0,0.0,0.0,1.0,12.0,1.0,12.14,5.0200000000000005,2.51,1.49,0.0,0.0,0.0,0.4,0.0,-0.1,1.2000000000000002,0.0,-169.60000000000002,0.0,0.0,169.70000000000002,0.0,21.3,29.200000000000003,29.200000000000003,29.8,300.0,300.0,31.5,35.6,29.1,28.3,30.200000000000003,4.95,1.99,4.97,0.16,0.0,0.0,1027.0,8228.0,0.0,0.0,0.0,0.0,0.0,1.0,0.0,0.0,0.0,0.0,0.0,1.4,0.0,0.3,0.0,0.0,16.0,25903.0
2026-07-30T19:01:24.525Z,254.008,254.022,0.0,7.4,0.0,0.0,0.0,0.0,0.0,0.0,0.0,0.0,1.0,0.0,0.0,0.0,9.0,4.0,0.0,0.0,0.0,0.0,0.0,0.0,0.0,0.0,2.0,12.0,1.0,12.14,5.0200000000000005,2.51,1.49,0.0,0.0,0.0,0.5,0.0,0.4,-0.5,1.1,-169.60000000000002,0.0,0.0,169.70000000000002,0.0,21.3,29.200000000000003,29.200000000000003,29.8,300.0,300.0,31.5,35.6,29.1,28.3,30.200000000000003,4.96,1.99,4.97,0.16,0.0,0.0,1027.0,8228.0,0.0,0.0,0.0,0.0,0.0,1.0,0.0,0.0,0.0,0.0,0.0,2.0,0.0,-1.3,0.0,0.0001,16.0,25903.0
2026-07-30T19:01:24.536Z,254.019,254.034,0.0,7.4,0.0,0.0,0.0,0.0,0.0,0.0,0.0,0.0,1.0,0.0,0.0,0.0,9.0,4.0,0.0,0.0,0.0,0.0,0.0,0.0,0.0,0.0,4.0,12.0,1.0,12.14,5.0200000000000005,2.51,1.49,0.0,0.0,0.0,0.4,0.0,0.3,1.2000000000000002,1.6,-169.60000000000002,0.0,0.0,169.70000000000002,0.0,21.3,29.200000000000003,29.200000000000003,29.8,300.0,300.0,31.5,35.6,29.1,28.3,30.200000000000003,4.96,2.0,4.97,0.16,0.0,0.0,1027.0,8228.0,0.0,0.0,0.0,0.0,0.0,1.0,0.0,0.0,0.0,0.0,0.0,2.9000000000000004,0.0,-0.5,0.0,0.0001,16.0,25903.0
2026-07-30T19:01:24.548Z,254.031,254.046,0.0,7.4,0.0,0.0,0.0,0.0,0.0,0.0,0.0,0.0,1.0,0.0,0.0,0.0,9.0,4.0,0.0,0.0,0.0,0.0,0.0,0.0,0.0,0.0,5.0,12.0,1.0,12.14,5.0200000000000005,2.51,1.49,0.0,0.0,0.0,0.4,0.0,-0.2,0.0,-0.1,-169.60000000000002,0.0,0.0,169.60000000000002,0.0,21.3,29.200000000000003,29.200000000000003,29.8,300.0,300.0,31.5,35.6,29.1,28.3,30.200000000000003,4.95,1.99,4.97,0.16,0.0,0.0,1027.0,8228.0,0.0,0.0,0.0,0.0,0.0,1.0,0.0,0.0,0.0,0.0,0.0,0.0,0.0,0.1,0.0,0.0,16.0,25903.0
2026-07-30T19:01:24.563Z,254.046,254.058,0.0,7.4,0.0,0.0,0.0,0.0,0.0,0.0,0.0,0.0,1.0,0.0,0.0,0.0,9.0,4.0,0.0,0.0,0.0,0.0,0.0,0.0,0.0,0.0,6.0,12.0,1.0,12.14,5.0200000000000005,2.51,1.49,0.0,0.0,0.0,0.4,0.0,-1.4,-1.0,-1.2000000000000002,-169.60000000000002,0.0,0.0,169.60000000000002,0.0,21.3,29.200000000000003,29.200000000000003,29.8,300.0,300.0,31.5,35.6,29.1,28.3,30.200000000000003,4.96,1.99,4.97,0.16,0.0,0.0,1027.0,8228.0,0.0,0.0,0.0,0.0,0.0,1.0,0.0,0.0,0.0,0.0,0.0,-2.1,0.0,0.8,0.0,0.0,16.0,25903.0
2026-07-30T19:01:24.574Z,254.057,254.07,0.0,7.4,0.0,0.0,0.0,0.0,0.0,0.0,0.0,0.0,1.0,0.0,0.0,0.0,9.0,4.0,0.0,0.0,0.0,0.0,0.0,0.0,0.0,0.0,5.0,12.0,1.0,12.18,5.0200000000000005,2.51,1.49,0.0,0.1,0.0,0.4,0.0,-0.2,-0.4,-1.2000000000000002,-169.60000000000002,0.0,0.0,169.60000000000002,0.0,21.700000000000003,29.200000000000003,29.200000000000003,29.8,300.0,300.0,31.4,35.7,29.1,28.3,30.200000000000003,4.96,1.99,4.96,0.16,0.0,0.0,1027.0,8228.0,0.0,0.0,0.0,0.0,0.0,1.0,0.0,0.0,0.0,0.0,0.0,-1.4,0.0,1.0,0.0,0.0,16.0,25903.0
2026-07-30T19:01:24.585Z,254.068,254.082,0.0,7.4,0.0,0.0,0.0,0.0,0.0,0.0,0.0,0.0,1.0,0.0,0.0,0.0,9.0,4.0,0.0,0.0,0.0,0.0,0.0,0.0,0.0,0.0,6.0,12.0,1.0,12.18,5.0200000000000005,2.51,1.49,0.0,0.0,0.0,0.4,0.0,0.3,0.0,0.4,-169.60000000000002,0.0,0.0,169.70000000000002,0.0,21.700000000000003,29.200000000000003,29.200000000000003,29.8,300.0,300.0,31.4,35.7,29.1,28.3,30.200000000000003,4.96,1.99,4.97,0.15,0.0,0.0,1027.0,8228.0,0.0,0.0,0.0,0.0,0.0,1.0,0.0,0.0,0.0,0.0,0.0,0.4,0.0,-0.3,0.0,0.0,16.0,25903.0
2026-07-30T19:01:24.597Z,254.08,254.094,0.0,7.4,0.0,0.0,0.0,0.0,0.0,0.0,0.0,0.0,1.0,0.0,0.0,0.0,9.0,4.0,0.0,0.0,0.0,0.0,0.0,0.0,0.0,0.0,2.0,12.0,1.0,12.18,5.0200000000000005,2.51,1.49,0.0,0.0,0.0,0.4,0.0,1.5,1.3,1.0,-169.60000000000002,0.0,0.0,169.60000000000002,0.0,21.700000000000003,29.200000000000003,29.200000000000003,29.8,300.0,300.0,31.4,35.7,29.1,28.3,30.200000000000003,4.95,1.99,4.97,0.16,0.0,0.0,1027.0,8228.0,0.0,0.0,0.0,0.0,0.0,1.0,0.0,0.0,0.0,0.0,0.0,2.2,0.0,-0.6000000000000001,0.0,0.0,16.0,25903.0
2026-07-30T19:01:24.608Z,254.091,254.106,0.0,7.4,0.0,0.0,0.0,0.0,0.0,0.0,0.0,0.0,1.0,0.0,0.0,0.0,9.0,4.0,0.0,0.0,0.0,0.0,0.0,0.0,0.0,0.0,3.0,12.0,1.0,12.18,5.0200000000000005,2.51,1.49,0.0,0.0,0.0,0.4,0.0,-0.2,-0.4,0.4,-169.60000000000002,0.0,0.0,169.60000000000002,0.0,21.700000000000003,29.200000000000003,29.200000000000003,29.8,300.0,300.0,31.4,35.7,29.1,28.3,30.200000000000003,4.96,1.99,4.96,0.16,0.0,0.0,1027.0,8228.0,0.0,0.0,0.0,0.0,0.0,1.0,0.0,0.0,0.0,0.0,0.0,-0.1,0.0,-0.5,0.0,0.0,16.0,25903.0
2026-07-30T19:01:24.621Z,254.104,254.118,0.0,7.4,0.0,0.0,0.0,0.0,0.0,0.0,0.0,0.0,1.0,0.0,0.0,0.0,9.0,4.0,0.0,0.0,0.0,0.0,0.0,0.0,0.0,0.0,4.0,12.0,1.0,12.18,5.0200000000000005,2.51,1.49,0.0,0.0,0.0,0.5,0.0,-0.2,-0.4,-0.1,-169.60000000000002,0.0,0.0,169.60000000000002,0.0,21.700000000000003,29.200000000000003,29.200000000000003,29.8,300.0,300.0,31.4,35.7,29.1,28.3,30.200000000000003,4.95,2.0,4.97,0.16,0.0,0.0,1027.0,8228.0,0.0,0.0,0.0,0.0,0.0,1.0,0.0,0.0,0.0,0.0,0.0,-0.6000000000000001,0.0,0.0,0.0,0.0,16.0,25903.0
2026-07-30T19:01:24.633Z,254.116,254.13,0.0,7.4,0.0,0.0,0.0,0.0,0.0,0.0,0.0,0.0,1.0,0.0,0.0,0.0,9.0,4.0,0.0,0.0,0.0,0.0,0.0,0.0,0.0,0.0,6.0,12.0,1.0,12.18,5.0200000000000005,2.51,1.49,0.0,0.0,0.0,0.4,0.0,-1.3,1.2000000000000002,-1.2000000000000002,-169.60000000000002,0.0,0.0,169.70000000000002,0.0,21.700000000000003,29.200000000000003,29.200000000000003,29.8,300.0,300.0,31.4,35.7,29.1,28.3,30.200000000000003,4.95,1.99,4.97,0.16,0.0,0.0,1027.0,8228.0,0.0,0.0,0.0,0.0,0.0,1.0,0.0,0.0,0.0,0.0,0.0,0.5,0.0,1.3,0.0,0.0,16.0,25903.0
2026-07-30T19:01:24.645Z,254.128,254.142,0.0,7.4,0.0,0.0,0.0,0.0,0.0,0.0,0.0,0.0,1.0,0.0,0.0,0.0,9.0,4.0,0.0,0.0,0.0,0.0,0.0,0.0,0.0,0.0,1.0,12.0,1.0,12.18,5.0200000000000005,2.51,1.49,0.0,0.0,0.0,0.4,0.0,0.4,0.7000000000000001,1.1,-169.60000000000002,0.0,0.0,169.60000000000002,0.0,21.700000000000003,29.200000000000003,29.200000000000003,29.8,300.0,300.0,31.4,35.7,29.1,28.3,30.200000000000003,4.95,2.0,4.97,0.16,0.0,0.0,1027.0,8228.0,0.0,0.0,0.0,0.0,0.0,1.0,0.0,0.0,0.0,0.0,0.0,1.6,0.0,-0.8,0.0,0.0,16.0,25903.0
2026-07-30T19:01:24.657Z,254.14,254.154,0.0,7.4,0.0,0.0,0.0,0.0,0.0,0.0,0.0,0.0,1.0,0.0,0.0,0.0,9.0,4.0,0.0,0.0,0.0,0.0,0.0,0.0,0.0,0.0,2.0,12.0,1.0,12.18,5.0200000000000005,2.51,1.49,0.0,0.0,0.0,0.4,0.0,-0.8,-0.4,-0.6000000000000001,-169.60000000000002,0.0,0.0,169.60000000000002,0.0,21.700000000000003,29.200000000000003,29.200000000000003,29.8,300.0,300.0,31.4,35.7,29.1,28.3,30.200000000000003,4.96,2.0,4.96,0.16,0.0,0.0,1027.0,8228.0,0.0,0.0,0.0,0.0,0.0,1.0,0.0,0.0,0.0,0.0,0.0,-0.9,0.0,0.4,0.0,0.0,16.0,25903.0
2026-07-30T19:01:24.669Z,254.152,254.166,0.0,7.4,0.0,0.0,0.0,0.0,0.0,0.0,0.0,0.0,1.0,0.0,0.0,0.0,9.0,4.0,0.0,0.0,0.0,0.0,0.0,0.0,0.0,0.0,3.0,12.0,1.0,12.18,5.0200000000000005,2.51,1.49,0.0,0.0,0.0,0.4,0.0,-0.2,-1.0,-1.1,-169.60000000000002,0.0,0.0,169.70000000000002,0.0,21.700000000000003,29.200000000000003,29.200000000000003,29.8,300.0,300.0,31.4,35.7,29.1,28.3,30.200000000000003,4.95,1.99,4.97,0.16,0.0,0.0,1027.0,8228.0,0.0,0.0,0.0,0.0,0.0,1.0,0.0,0.0,0.0,0.0,0.0,-2.0,0.0,0.8,0.0,0.0,16.0,25903.0
2026-07-30T19:01:24.681Z,254.164,254.178,0.0,7.4,0.0,0.0,0.0,0.0,0.0,0.0,0.0,0.0,1.0,0.0,0.0,0.0,9.0,4.0,0.0,0.0,0.0,0.0,0.0,0.0,0.0,0.0,5.0,12.0,1.0,12.18,5.0200000000000005,2.51,1.5,0.0,0.1,0.0,0.4,0.0,0.3,0.6000000000000001,-1.1,-169.60000000000002,0.0,0.0,169.70000000000002,0.0,21.700000000000003,29.200000000000003,29.200000000000003,29.8,300.0,300.0,31.5,35.6,29.1,28.3,30.200000000000003,4.95,1.99,4.96,0.16,0.0,0.0,1027.0,8228.0,0.0,0.0,0.0,0.0,0.0,1.0,0.0,0.0,0.0,0.0,0.0,0.0,0.0,1.1,0.0,0.0,16.0,25903.0
2026-07-30T19:01:24.693Z,254.176,254.19,0.0,7.4,0.0,0.0,0.0,0.0,0.0,0.0,0.0,0.0,1.0,0.0,0.0,0.0,9.0,4.0,0.0,0.0,0.0,0.0,0.0,0.0,0.0,0.0,6.0,12.0,1.0,12.18,5.0200000000000005,2.51,1.5,0.0,0.0,0.0,0.4,0.0,0.3,-0.4,-0.6000000000000001,-169.60000000000002,0.0,0.0,169.70000000000002,0.0,21.700000000000003,29.200000000000003,29.200000000000003,29.8,300.0,300.0,31.5,35.6,29.1,28.3,30.200000000000003,4.96,2.0,4.96,0.16,0.0,0.0,1027.0,8228.0,0.0,0.0,0.0,0.0,0.0,1.0,0.0,0.0,0.0,0.0,0.0,-0.9,0.0,0.4,0.0,0.0,16.0,25903.0
2026-07-30T19:01:24.705Z,254.188,254.202,0.0,7.4,0.0,0.0,0.0,0.0,0.0,0.0,0.0,0.0,1.0,0.0,0.0,0.0,9.0,4.0,0.0,0.0,0.0,0.0,0.0,0.0,0.0,0.0,6.0,12.0,1.0,12.18,5.0200000000000005,2.51,1.5,0.0,0.0,0.0,0.4,0.0,-0.2,0.0,0.0,-169.60000000000002,0.0,0.0,169.60000000000002,0.0,21.700000000000003,29.200000000000003,29.200000000000003,29.8,300.0,300.0,31.5,35.6,29.1,28.3,30.200000000000003,4.95,2.0,4.96,0.16,0.0,0.0,1027.0,8228.0,0.0,0.0,0.0,0.0,0.0,1.0,0.0,0.0,0.0,0.0,0.0,0.0,0.0,0.0,0.0,0.0002,16.0,25903.0
2026-07-30T19:01:24.717Z,254.2,254.214,0.0,7.4,0.0,0.0,0.0,0.0,0.0,0.0,0.0,0.0,1.0,0.0,0.0,0.0,9.0,4.0,0.0,0.0,0.0,0.0,0.0,0.0,0.0,0.0,1.0,12.0,1.0,12.18,5.0200000000000005,2.51,1.5,0.0,0.1,0.0,0.4,0.0,1.5,0.6000000000000001,2.2,-169.60000000000002,0.0,0.0,169.60000000000002,0.0,21.700000000000003,29.200000000000003,29.200000000000003,29.8,300.0,300.0,31.5,35.6,29.1,28.3,30.200000000000003,4.96,1.99,4.97,0.16,0.0,0.0,1027.0,8228.0,0.0,0.0,0.0,0.0,0.0,1.0,0.0,0.0,0.0,0.0,0.0,2.4000000000000004,0.0,-1.8,0.0,0.0002,16.0,25903.0
2026-07-30T19:01:24.729Z,254.212,254.226,0.0,7.4,0.0,0.0,0.0,0.0,0.0,0.0,0.0,0.0,1.0,0.0,0.0,0.0,9.0,4.0,0.0,0.0,0.0,0.0,0.0,0.0,0.0,0.0,3.0,12.0,1.0,12.18,5.0200000000000005,2.51,1.5,0.0,0.0,0.0,0.4,0.0,-0.8,1.2000000000000002,1.0,-169.60000000000002,0.0,0.0,169.60000000000002,0.0,21.700000000000003,29.200000000000003,29.200000000000003,29.8,300.0,300.0,31.5,35.6,29.1,28.3,30.200000000000003,4.96,2.0,4.96,0.16,0.0,0.0,1027.0,8228.0,0.0,0.0,0.0,0.0,0.0,1.0,0.0,0.0,0.0,0.0,0.0,2.2,0.0,-0.6000000000000001,0.0,0.0,16.0,25903.0
2026-07-30T19:01:24.740Z,254.223,254.238,0.0,7.4,0.0,0.0,0.0,0.0,0.0,0.0,0.0,0.0,1.0,0.0,0.0,0.0,9.0,4.0,0.0,0.0,0.0,0.0,0.0,0.0,0.0,0.0,4.0,12.0,1.0,12.18,5.0200000000000005,2.51,1.5,0.0,0.0,0.0,0.4,0.0,0.3,0.0,-0.6000000000000001,-169.60000000000002,0.0,0.0,169.60000000000002,0.0,21.700000000000003,29.200000000000003,29.200000000000003,29.8,300.0,300.0,31.5,35.6,29.1,28.3,30.200000000000003,4.96,2.0,4.96,0.16,0.0,0.0,1027.0,8228.0,0.0,0.0,0.0,0.0,0.0,1.0,0.0,0.0,0.0,0.0,0.0,-0.4,0.0,0.5,0.0,0.0,16.0,25903.0
2026-07-30T19:01:24.753Z,254.236,254.25,0.0,7.4,0.0,0.0,0.0,0.0,0.0,0.0,0.0,0.0,1.0,0.0,0.0,0.0,9.0,4.0,0.0,0.0,0.0,0.0,0.0,0.0,0.0,0.0,5.0,12.0,1.0,12.18,5.0200000000000005,2.51,1.5,0.0,0.0,0.0,0.4,0.0,-0.2,0.0,1.1,-169.60000000000002,0.0,0.0,169.8,0.0,21.700000000000003,29.200000000000003,29.200000000000003,29.8,300.0,300.0,31.5,35.6,29.1,28.3,30.200000000000003,4.95,2.0,4.97,0.16,0.0,0.0,1027.0,8228.0,0.0,0.0,0.0,0.0,0.0,1.0,0.0,0.0,0.0,0.0,0.0,0.9,0.0,-0.9,0.0,0.0001,16.0,25903.0
2026-07-30T19:01:24.765Z,254.248,254.262,0.0,7.4,0.0,0.0,0.0,0.0,0.0,0.0,0.0,0.0,1.0,0.0,0.0,0.0,9.0,4.0,0.0,0.0,0.0,0.0,0.0,0.0,0.0,0.0,6.0,12.0,1.0,12.18,5.0200000000000005,2.51,1.5,0.0,0.0,0.0,0.4,0.0,-0.2,0.0,0.0,-169.60000000000002,0.0,0.0,169.8,0.0,21.700000000000003,29.200000000000003,29.200000000000003,29.8,300.0,300.0,31.5,35.6,29.1,28.3,30.200000000000003,4.96,1.99,4.97,0.16,0.0,0.0,1027.0,8228.0,0.0,0.0,0.0,0.0,0.0,1.0,0.0,0.0,0.0,0.0,0.0,0.0,0.0,0.0,0.0,0.0003,16.0,25903.0
2026-07-30T19:01:24.778Z,254.261,254.274,0.0,7.4,0.0,0.0,0.0,0.0,0.0,0.0,0.0,0.0,1.0,0.0,0.0,0.0,9.0,4.0,0.0,0.0,0.0,0.0,0.0,0.0,0.0,0.0,6.0,12.0,1.0,12.15,5.0200000000000005,2.51,1.49,0.0,0.0,0.0,0.4,0.0,-0.8,0.6000000000000001,-0.5,-169.60000000000002,0.0,0.0,169.70000000000002,0.0,21.700000000000003,29.200000000000003,29.200000000000003,29.8,300.0,300.0,31.5,35.5,29.1,28.3,30.200000000000003,4.96,1.99,4.95,0.16,0.0,0.0,1027.0,8228.0,0.0,0.0,0.0,0.0,0.0,1.0,0.0,0.0,0.0,0.0,0.0,0.2,0.0,0.6000000000000001,0.0,0.0,16.0,25903.0
2026-07-30T19:01:24.789Z,254.272,254.286,0.0,7.4,0.0,0.0,0.0,0.0,0.0,0.0,0.0,0.0,1.0,0.0,0.0,0.0,9.0,4.0,0.0,0.0,0.0,0.0,0.0,0.0,0.0,0.0,2.0,12.0,1.0,12.15,5.0200000000000005,2.51,1.49,0.0,0.0,0.0,0.4,0.0,0.3,0.0,0.5,-169.60000000000002,0.0,0.0,169.70000000000002,0.0,21.700000000000003,29.200000000000003,29.200000000000003,29.8,300.0,300.0,31.5,35.5,29.1,28.3,30.200000000000003,4.96,1.99,4.95,0.16,0.0,0.0,1027.0,8228.0,0.0,0.0,0.0,0.0,0.0,1.0,0.0,0.0,0.0,0.0,0.0,0.4,0.0,-0.4,0.0,0.0001,16.0,25903.0
2026-07-30T19:01:24.801Z,254.284,254.298,0.0,7.4,0.0,0.0,0.0,0.0,0.0,0.0,0.0,0.0,1.0,0.0,0.0,0.0,9.0,4.0,0.0,0.0,0.0,0.0,0.0,0.0,0.0,0.0,3.0,12.0,1.0,12.15,5.0200000000000005,2.51,1.49,0.0,0.1,0.0,0.4,0.0,0.3,0.6000000000000001,-0.1,-169.60000000000002,0.0,0.0,169.60000000000002,0.0,21.700000000000003,29.200000000000003,29.200000000000003,29.8,300.0,300.0,31.5,35.5,29.1,28.3,30.200000000000003,4.95,1.99,4.97,0.16,0.0,0.0,1027.0,8228.0,0.0,0.0,0.0,0.0,0.0,1.0,0.0,0.0,0.0,0.0,0.0,0.6000000000000001,0.0,0.2,0.0,0.0001,16.0,25903.0
2026-07-30T19:01:24.813Z,254.296,254.31,0.0,7.4,0.0,0.0,0.0,0.0,0.0,0.0,0.0,0.0,1.0,0.0,0.0,0.0,9.0,4.0,0.0,0.0,0.0,0.0,0.0,0.0,0.0,0.0,3.0,12.0,1.0,12.15,5.0200000000000005,2.51,1.49,0.0,0.0,0.0,0.4,0.0,0.9,-1.1,-0.1,-169.60000000000002,0.0,0.0,169.70000000000002,0.0,21.700000000000003,29.200000000000003,29.200000000000003,29.8,300.0,300.0,31.5,35.5,29.1,28.3,30.200000000000003,4.96,1.99,4.96,0.16,0.0,0.0,1027.0,8228.0,0.0,0.0,0.0,0.0,0.0,1.0,0.0,0.0,0.0,0.0,0.0,-1.4,0.0,-0.1,0.0,0.0002,16.0,25903.0
2026-07-30T19:01:24.825Z,254.308,254.322,0.0,7.4,0.0,0.0,0.0,0.0,0.0,0.0,0.0,0.0,1.0,0.0,0.0,0.0,9.0,4.0,0.0,0.0,0.0,0.0,0.0,0.0,0.0,0.0,4.0,12.0,1.0,12.15,5.0200000000000005,2.51,1.49,0.0,0.0,0.0,0.4,0.0,0.4,0.0,-0.1,-169.60000000000002,0.0,0.0,169.70000000000002,0.0,21.700000000000003,29.200000000000003,29.200000000000003,29.8,300.0,300.0,31.5,35.5,29.1,28.3,30.200000000000003,4.96,2.0,4.97,0.15,0.0,0.0,1027.0,8228.0,0.0,0.0,0.0,0.0,0.0,1.0,0.0,0.0,0.0,0.0,0.0,0.0,0.0,0.0,0.0,0.0001,16.0,25903.0
2026-07-30T19:01:24.837Z,254.32,254.334,0.0,7.4,0.0,0.0,0.0,0.0,0.0,0.0,0.0,0.0,1.0,0.0,0.0,0.0,9.0,4.0,0.0,0.0,0.0,0.0,0.0,0.0,0.0,0.0,5.0,12.0,1.0,12.15,5.0200000000000005,2.51,1.49,0.0,0.0,0.0,0.4,0.0,0.4,-0.6000000000000001,-0.6000000000000001,-169.60000000000002,0.0,0.0,169.8,0.0,21.700000000000003,29.200000000000003,29.200000000000003,29.8,300.0,300.0,31.5,35.5,29.1,28.3,30.200000000000003,4.95,1.99,4.97,0.16,0.0,0.0,1027.0,8228.0,0.0,0.0,0.0,0.0,0.0,1.0,0.0,0.0,0.0,0.0,0.0,-1.2000000000000002,0.0,0.4,0.0,0.0,16.0,25903.0
2026-07-30T19:01:24.849Z,254.332,254.346,0.0,7.4,0.0,0.0,0.0,0.0,0.0,0.0,0.0,0.0,1.0,0.0,0.0,0.0,9.0,4.0,0.0,0.0,0.0,0.0,0.0,0.0,0.0,0.0,6.0,12.0,1.0,12.15,5.0200000000000005,2.51,1.49,0.0,0.0,0.0,0.5,0.0,0.4,0.0,1.6,-169.60000000000002,0.0,0.0,169.60000000000002,0.0,21.700000000000003,29.200000000000003,29.200000000000003,29.8,300.0,300.0,31.5,35.5,29.1,28.3,30.200000000000003,4.96,1.99,4.96,0.16,0.0,0.0,1027.0,8228.0,0.0,0.0,0.0,0.0,0.0,1.0,0.0,0.0,0.0,0.0,0.0,1.2000000000000002,0.0,-1.4,0.0,0.0002,16.0,25903.0
2026-07-30T19:01:24.861Z,254.344,254.358,0.0,7.4,0.0,0.0,0.0,0.0,0.0,0.0,0.0,0.0,1.0,0.0,0.0,0.0,9.0,4.0,0.0,0.0,0.0,0.0,0.0,0.0,0.0,0.0,2.0,12.0,1.0,12.15,5.0200000000000005,2.51,1.49,0.0,0.0,0.0,0.4,0.0,0.4,-0.5,-0.6000000000000001,-169.60000000000002,0.0,0.0,169.70000000000002,0.0,21.700000000000003,29.200000000000003,29.200000000000003,29.8,300.0,300.0,31.5,35.5,29.1,28.3,30.200000000000003,4.95,1.99,4.96,0.16,0.0,0.0,1027.0,8228.0,0.0,0.0,0.0,0.0,0.0,1.0,0.0,0.0,0.0,0.0,0.0,-1.1,0.0,0.4,0.0,0.0002,16.0,25903.0
2026-07-30T19:01:24.874Z,254.357,254.37,0.0,7.4,0.0,0.0,0.0,0.0,0.0,0.0,0.0,0.0,1.0,0.0,0.0,0.0,9.0,4.0,0.0,0.0,0.0,0.0,0.0,0.0,0.0,0.0,2.0,12.0,1.0,12.15,5.0200000000000005,2.51,1.49,0.0,0.0,0.0,0.4,0.0,0.4,1.1,1.6,-169.60000000000002,0.0,0.0,169.8,0.0,21.700000000000003,29.200000000000003,29.200000000000003,29.8,300.0,300.0,31.5,35.5,29.1,28.3,30.200000000000003,4.95,1.99,4.97,0.16,0.0,0.0,1027.0,8228.0,0.0,0.0,0.0,0.0,0.0,1.0,0.0,0.0,0.0,0.0,0.0,2.5,0.0,-1.2000000000000002,0.0,0.0001,16.0,25903.0
2026-07-30T19:01:24.885Z,254.368,254.382,0.0,7.4,0.0,0.0,0.0,0.0,0.0,0.0,0.0,0.0,1.0,0.0,0.0,0.0,9.0,4.0,0.0,0.0,0.0,0.0,0.0,0.0,0.0,0.0,6.0,12.0,1.0,12.17,5.0200000000000005,2.51,1.5,0.0,0.0,0.0,0.4,0.0,-0.1,0.0,-0.1,-169.60000000000002,0.0,0.0,169.70000000000002,0.0,21.4,29.200000000000003,29.200000000000003,29.8,300.0,300.0,31.5,35.5,29.1,28.3,30.200000000000003,4.96,2.0,4.97,0.16,0.0,0.0,1027.0,8228.0,0.0,0.0,0.0,0.0,0.0,1.0,0.0,0.0,0.0,0.0,0.0,-0.1,0.0,0.1,0.0,0.0002,16.0,25903.0
2026-07-30T19:01:24.897Z,254.38,254.394,0.0,7.4,0.0,0.0,0.0,0.0,0.0,0.0,0.0,0.0,1.0,0.0,0.0,0.0,9.0,4.0,0.0,0.0,0.0,0.0,0.0,0.0,0.0,0.0,1.0,12.0,1.0,12.17,5.0200000000000005,2.51,1.5,0.0,0.1,0.0,0.4,0.0,0.4,0.0,-0.1,-169.70000000000002,0.0,0.0,169.70000000000002,0.0,21.4,29.200000000000003,29.200000000000003,29.8,300.0,300.0,31.5,35.5,29.1,28.3,30.200000000000003,4.96,2.0,4.96,0.16,0.0,0.0,1027.0,8228.0,0.0,0.0,0.0,0.0,0.0,1.0,0.0,0.0,0.0,0.0,0.0,-0.1,0.0,0.1,0.0,0.0002,16.0,25903.0
2026-07-30T19:01:24.908Z,254.391,254.406,0.0,7.4,0.0,0.0,0.0,0.0,0.0,0.0,0.0,0.0,1.0,0.0,0.0,0.0,9.0,4.0,0.0,0.0,0.0,0.0,0.0,0.0,0.0,0.0,2.0,12.0,1.0,12.17,5.0200000000000005,2.51,1.5,0.0,0.0,0.0,0.4,0.0,0.4,-0.6000000000000001,0.4,-169.70000000000002,0.0,0.0,169.60000000000002,0.0,21.4,29.200000000000003,29.200000000000003,29.8,300.0,300.0,31.5,35.5,29.1,28.3,30.200000000000003,4.95,1.99,4.96,0.16,0.0,0.0,1027.0,8228.0,0.0,0.0,0.0,0.0,0.0,1.0,0.0,0.0,0.0,0.0,0.0,-0.3,0.0,-0.5,0.0,0.0,16.0,25903.0
2026-07-30T19:01:24.921Z,254.404,254.418,0.0,7.4,0.0,0.0,0.0,0.0,0.0,0.0,0.0,0.0,1.0,0.0,0.0,0.0,9.0,4.0,0.0,0.0,0.0,0.0,0.0,0.0,0.0,0.0,3.0,12.0,1.0,12.17,5.0200000000000005,2.51,1.5,0.0,0.0,0.0,0.4,0.0,1.0,0.5,-0.1,-169.70000000000002,0.0,0.0,169.8,0.0,21.4,29.200000000000003,29.200000000000003,29.8,300.0,300.0,31.5,35.5,29.1,28.3,30.200000000000003,4.95,1.99,4.96,0.16,0.0,0.0,1027.0,8228.0,0.0,0.0,0.0,0.0,0.0,1.0,0.0,0.0,0.0,0.0,0.0,0.4,0.0,0.2,0.0,0.0002,16.0,25903.0
2026-07-30T19:01:24.933Z,254.416,254.43,0.0,7.4,0.0,0.0,0.0,0.0,0.0,0.0,0.0,0.0,1.0,0.0,0.0,0.0,9.0,4.0,0.0,0.0,0.0,0.0,0.0,0.0,0.0,0.0,4.0,12.0,1.0,12.17,5.0200000000000005,2.51,1.5,-0.1,0.1,0.0,0.4,0.0,0.4,0.0,-0.7000000000000001,-169.70000000000002,0.0,0.0,169.70000000000002,0.0,21.4,29.200000000000003,29.200000000000003,29.8,300.0,300.0,31.5,35.5,29.1,28.3,30.200000000000003,4.96,1.99,4.96,0.16,0.0,0.0,1027.0,8228.0,0.0,0.0,0.0,0.0,0.0,1.0,0.0,0.0,0.0,0.0,0.0,-0.5,0.0,0.6000000000000001,0.0,0.0001,16.0,25903.0
2026-07-30T19:01:24.945Z,254.428,254.442,0.0,7.4,0.0,0.0,0.0,0.0,0.0,0.0,0.0,0.0,1.0,0.0,0.0,0.0,9.0,4.0,0.0,0.0,0.0,0.0,0.0,0.0,0.0,0.0,6.0,12.0,1.0,12.17,5.0200000000000005,2.51,1.5,0.0,0.0,0.0,0.4,0.0,0.4,0.0,1.6,-169.70000000000002,0.0,0.0,169.70000000000002,0.0,21.4,29.200000000000003,29.200000000000003,29.8,300.0,300.0,31.5,35.5,29.1,28.3,30.200000000000003,4.95,1.99,4.96,0.16,0.0,0.0,1027.0,8228.0,0.0,0.0,0.0,0.0,0.0,1.0,0.0,0.0,0.0,0.0,0.0,1.2000000000000002,0.0,-1.4,0.0,0.0,16.0,25903.0
2026-07-30T19:01:24.957Z,254.44,254.454,0.0,7.4,0.0,0.0,0.0,0.0,0.0,0.0,0.0,0.0,1.0,0.0,0.0,0.0,9.0,4.0,0.0,0.0,0.0,0.0,0.0,0.0,0.0,0.0,1.0,12.0,1.0,12.17,5.0200000000000005,2.51,1.5,0.0,0.0,0.0,0.4,0.0,-0.1,-0.5,-0.1,-169.70000000000002,0.0,0.0,169.70000000000002,0.0,21.4,29.200000000000003,29.200000000000003,29.8,300.0,300.0,31.5,35.5,29.1,28.3,30.200000000000003,4.96,1.99,4.97,0.16,0.0,0.0,1027.0,8228.0,0.0,0.0,0.0,0.0,0.0,1.0,0.0,0.0,0.0,0.0,0.0,-0.7000000000000001,0.0,0.0,0.0,0.0,16.0,25903.0
2026-07-30T19:01:24.969Z,254.452,254.466,0.0,7.4,0.0,0.0,0.0,0.0,0.0,0.0,0.0,0.0,1.0,0.0,0.0,0.0,9.0,4.0,0.0,0.0,0.0,0.0,0.0,0.0,0.0,0.0,2.0,12.0,1.0,12.17,5.0200000000000005,2.51,1.5,0.0,0.0,0.0,0.4,0.0,-0.1,0.6000000000000001,1.6,-169.70000000000002,0.0,0.0,169.8,0.0,21.4,29.200000000000003,29.200000000000003,29.8,300.0,300.0,31.5,35.5,29.1,28.3,30.200000000000003,4.96,1.99,4.96,0.16,0.0,0.0,1027.0,8228.0,0.0,0.0,0.0,0.0,0.0,1.0,0.0,0.0,0.0,0.0,0.0,1.9,0.0,-1.3,0.0,0.0,16.0,25903.0
2026-07-30T19:01:24.982Z,254.465,254.478,0.0,7.4,0.0,0.0,0.0,0.0,0.0,0.0,0.0,0.0,1.0,0.0,0.0,0.0,9.0,4.0,0.0,0.0,0.0,0.0,0.0,0.0,0.0,0.0,3.0,12.0,1.0,12.18,5.01,2.51,1.49,0.0,0.0,0.0,0.5,0.0,1.0,0.0,0.5,-169.70000000000002,0.0,0.0,169.8,0.0,21.700000000000003,29.200000000000003,29.200000000000003,29.700000000000003,300.0,300.0,31.5,35.5,29.1,28.3,30.200000000000003,4.96,1.99,4.96,0.16,0.0,0.0,1027.0,8228.0,0.0,0.0,0.0,0.0,0.0,1.0,0.0,0.0,0.0,0.0,0.0,0.4,0.0,-0.4,0.0,0.0,16.0,25903.0
2026-07-30T19:01:24.993Z,254.476,254.49,0.0,7.4,0.0,0.0,0.0,0.0,0.0,0.0,0.0,0.0,1.0,0.0,0.0,0.0,9.0,4.0,0.0,0.0,0.0,0.0,0.0,0.0,0.0,0.0,4.0,12.0,1.0,12.18,5.01,2.51,1.49,0.0,0.0,0.0,0.5,0.0,-1.3,0.0,0.0,-169.70000000000002,0.0,0.0,169.70000000000002,0.0,21.700000000000003,29.200000000000003,29.200000000000003,29.700000000000003,300.0,300.0,31.5,35.5,29.1,28.3,30.200000000000003,4.95,1.99,4.97,0.16,0.0,0.0,1027.0,8228.0,0.0,0.0,0.0,0.0,0.0,1.0,0.0,0.0,0.0,0.0,0.0,0.0,0.0,0.0,0.0,0.0,16.0,25903.0
2026-07-30T19:01:25.005Z,254.488,254.502,0.0,7.4,0.0,0.0,0.0,0.0,0.0,0.0,0.0,0.0,1.0,0.0,0.0,0.0,9.0,4.0,0.0,0.0,0.0,0.0,0.0,0.0,0.0,0.0,4.0,12.0,1.0,12.18,5.01,2.51,1.49,0.0,0.0,0.0,0.4,0.0,-0.7000000000000001,-0.5,-0.6000000000000001,-169.70000000000002,0.0,0.0,169.70000000000002,0.0,21.700000000000003,29.200000000000003,29.200000000000003,29.700000000000003,300.0,300.0,31.5,35.5,29.1,28.3,30.200000000000003,4.96,2.0,4.96,0.16,0.0,0.0,1027.0,8228.0,0.0,0.0,0.0,0.0,0.0,1.0,0.0,0.0,0.0,0.0,0.0,-1.0,0.0,0.4,0.0,0.0,16.0,25903.0
2026-07-30T19:01:25.017Z,254.5,254.514,0.0,7.4,0.0,0.0,0.0,0.0,0.0,0.0,0.0,0.0,1.0,0.0,0.0,0.0,9.0,4.0,0.0,0.0,0.0,0.0,0.0,0.0,0.0,0.0,6.0,12.0,1.0,12.18,5.01,2.51,1.49,0.0,0.0,0.0,0.4,0.0,0.3,0.6000000000000001,-0.6000000000000001,-169.70000000000002,0.0,0.0,169.8,0.0,21.700000000000003,29.200000000000003,29.200000000000003,29.700000000000003,300.0,300.0,31.5,35.5,29.1,28.3,30.200000000000003,4.96,2.0,4.96,0.16,0.0,0.0,1027.0,8228.0,0.0,0.0,0.0,0.0,0.0,1.0,0.0,0.0,0.0,0.0,0.0,0.2,0.0,0.7000000000000001,0.0,0.0001,16.0,25903.0
2026-07-30T19:01:25.029Z,254.512,254.526,0.0,7.4,0.0,0.0,0.0,0.0,0.0,0.0,0.0,0.0,1.0,0.0,0.0,0.0,9.0,4.0,0.0,0.0,0.0,0.0,0.0,0.0,0.0,0.0,6.0,12.0,1.0,12.18,5.01,2.51,1.49,0.0,0.1,0.0,0.4,0.0,-0.1,0.0,0.5,-169.70000000000002,0.0,0.0,169.8,0.0,21.700000000000003,29.200000000000003,29.200000000000003,29.700000000000003,300.0,300.0,31.5,35.5,29.1,28.3,30.200000000000003,4.95,1.99,4.96,0.16,0.0,0.0,1027.0,8228.0,0.0,0.0,0.0,0.0,0.0,1.0,0.0,0.0,0.0,0.0,0.0,0.4,0.0,-0.4,0.0,0.0,16.0,25903.0
2026-07-30T19:01:25.041Z,254.524,254.538,0.0,7.4,0.0,0.0,0.0,0.0,0.0,0.0,0.0,0.0,1.0,0.0,0.0,0.0,9.0,4.0,0.0,0.0,0.0,0.0,0.0,0.0,0.0,0.0,2.0,12.0,1.0,12.18,5.01,2.51,1.49,0.0,0.0,0.0,0.4,0.0,-0.2,-0.5,-1.3,-169.70000000000002,0.0,0.0,169.8,0.0,21.700000000000003,29.200000000000003,29.200000000000003,29.700000000000003,300.0,300.0,31.5,35.5,29.1,28.3,30.200000000000003,4.95,1.99,4.97,0.16,0.0,0.0,1027.0,8228.0,0.0,0.0,0.0,0.0,0.0,1.0,0.0,0.0,0.0,0.0,0.0,-0.2,0.0,-0.4,0.0,0.0001,16.0,25903.0
2026-07-30T19:01:25.053Z,254.536,254.55,0.0,7.4,0.0,0.0,0.0,0.0,0.0,0.0,0.0,0.0,1.0,0.0,0.0,0.0,9.0,4.0,0.0,0.0,0.0,0.0,0.0,0.0,0.0,0.0,3.0,12.0,1.0,12.18,5.01,2.51,1.49,0.0,0.1,0.0,0.4,0.0,-0.2,0.0,-1.3,-169.70000000000002,0.0,0.0,169.70000000000002,0.0,21.700000000000003,29.200000000000003,29.200000000000003,29.700000000000003,300.0,300.0,31.5,35.5,29.1,28.3,30.200000000000003,4.96,1.99,4.96,0.16,0.0,0.0,1027.0,8228.0,0.0,0.0,0.0,0.0,0.0,1.0,0.0,0.0,0.0,0.0,0.0,-1.8,0.0,0.4,0.0,0.0,16.0,25903.0
2026-07-30T19:01:25.065Z,254.548,254.562,0.0,7.4,0.0,0.0,0.0,0.0,0.0,0.0,0.0,0.0,1.0,0.0,0.0,0.0,9.0,4.0,0.0,0.0,0.0,0.0,0.0,0.0,0.0,0.0,4.0,12.0,1.0,12.18,5.01,2.51,1.49,0.0,0.0,0.0,0.4,0.0,-0.2,0.0,-0.1,-169.70000000000002,0.0,0.0,169.8,0.0,21.700000000000003,29.200000000000003,29.200000000000003,29.700000000000003,300.0,300.0,31.5,35.5,29.1,28.3,30.200000000000003,4.96,1.99,4.97,0.16,0.0,0.0,1027.0,8228.0,0.0,0.0,0.0,0.0,0.0,1.0,0.0,0.0,0.0,0.0,0.0,-1.7000000000000002,0.0,1.0,0.0,0.0,16.0,25903.0
2026-07-30T19:01:25.077Z,254.56,254.574,0.0,7.4,0.0,0.0,0.0,0.0,0.0,0.0,0.0,0.0,1.0,0.0,0.0,0.0,9.0,4.0,0.0,0.0,0.0,0.0,0.0,0.0,0.0,0.0,5.0,12.0,1.0,12.18,5.01,2.51,1.49,0.0,0.0,0.0,0.4,0.0,-0.2,0.0,-0.1,-169.70000000000002,0.0,0.0,169.70000000000002,0.0,21.700000000000003,29.200000000000003,29.200000000000003,29.700000000000003,300.0,300.0,31.5,35.5,29.1,28.3,30.200000000000003,4.95,1.99,4.97,0.16,0.0,0.0,1027.0,8228.0,0.0,0.0,0.0,0.0,0.0,1.0,0.0,0.0,0.0,0.0,0.0,-0.1,0.0,0.1,0.0,0.0001,16.0,25903.0
2026-07-30T19:01:25.088Z,254.571,254.586,0.0,7.4,0.0,0.0,0.0,0.0,0.0,0.0,0.0,0.0,1.0,0.0,0.0,0.0,9.0,4.0,0.0,0.0,0.0,0.0,0.0,0.0,0.0,0.0,5.0,12.0,1.0,12.17,5.01,2.51,1.49,0.0,0.1,0.0,0.4,0.0,0.3,-0.6000000000000001,-0.7000000000000001,-169.70000000000002,0.0,0.0,169.70000000000002,0.0,21.4,29.200000000000003,29.200000000000003,29.700000000000003,300.0,300.0,31.5,35.6,29.1,28.3,30.200000000000003,4.96,1.99,4.97,0.15,0.0,0.0,1027.0,8228.0,0.0,0.0,0.0,0.0,0.0,1.0,0.0,0.0,0.0,0.0,0.0,-1.2000000000000002,0.0,0.5,0.0,0.0,16.0,25903.0
2026-07-30T19:01:25.100Z,254.583,254.598,0.0,7.4,0.0,0.0,0.0,0.0,0.0,0.0,0.0,0.0,1.0,0.0,0.0,0.0,9.0,4.0,0.0,0.0,0.0,0.0,0.0,0.0,0.0,0.0,6.0,12.0,1.0,12.17,5.01,2.51,1.49,0.0,0.0,0.0,0.5,0.0,-0.8,-0.5,2.1,-169.70000000000002,0.0,0.0,169.60000000000002,0.0,21.4,29.200000000000003,29.200000000000003,29.700000000000003,300.0,300.0,31.5,35.6,29.1,28.3,30.200000000000003,4.95,2.0,4.96,0.15,0.0,0.0,1027.0,8228.0,0.0,0.0,0.0,0.0,0.0,1.0,0.0,0.0,0.0,0.0,0.0,0.9,0.0,-2.0,0.0,0.0,16.0,25903.0
2026-07-30T19:01:25.113Z,254.596,254.61,0.0,7.4,0.0,0.0,0.0,0.0,0.0,0.0,0.0,0.0,1.0,0.0,0.0,0.0,9.0,4.0,0.0,0.0,0.0,0.0,0.0,0.0,0.0,0.0,1.0,12.0,1.0,12.17,5.01,2.51,1.49,0.0,0.0,0.0,0.5,0.0,-0.2,0.6000000000000001,-0.2,-169.70000000000002,0.0,0.0,169.70000000000002,0.0,21.4,29.200000000000003,29.200000000000003,29.700000000000003,300.0,300.0,31.5,35.6,29.1,28.3,30.200000000000003,4.95,1.99,4.97,0.16,0.0,0.0,1027.0,8228.0,0.0,0.0,0.0,0.0,0.0,1.0,0.0,0.0,0.0,0.0,0.0,0.5,0.0,0.3,0.0,0.0001,16.0,25903.0
2026-07-30T19:01:25.124Z,254.607,254.622,0.0,7.4,0.0,0.0,0.0,0.0,0.0,0.0,0.0,0.0,1.0,0.0,0.0,0.0,9.0,4.0,0.0,0.0,0.0,0.0,0.0,0.0,0.0,0.0,2.0,12.0,1.0,12.17,5.01,2.51,1.49,0.0,0.0,0.0,0.4,0.0,0.9,1.2000000000000002,0.4,-169.70000000000002,0.0,0.0,169.60000000000002,0.0,21.4,29.200000000000003,29.200000000000003,29.700000000000003,300.0,300.0,31.5,35.6,29.1,28.3,30.200000000000003,4.95,1.99,4.97,0.16,0.0,0.0,1027.0,8228.0,0.0,0.0,0.0,0.0,0.0,1.0,0.0,0.0,0.0,0.0,0.0,1.7000000000000002,0.0,-0.1,0.0,0.0,16.0,25903.0
2026-07-30T19:01:25.137Z,254.62,254.634,0.0,7.4,0.0,0.0,0.0,0.0,0.0,0.0,0.0,0.0,1.0,0.0,0.0,0.0,9.0,4.0,0.0,0.0,0.0,0.0,0.0,0.0,0.0,0.0,3.0,12.0,1.0,12.17,5.01,2.51,1.49,0.0,0.0,0.0,0.4,0.0,-0.2,-1.1,0.3,-169.70000000000002,0.0,0.0,169.60000000000002,0.0,21.4,29.200000000000003,29.200000000000003,29.700000000000003,300.0,300.0,31.5,35.6,29.1,28.3,30.200000000000003,4.96,1.99,4.96,0.16,0.0,0.0,1027.0,8228.0,0.0,0.0,0.0,0.0,0.0,1.0,0.0,0.0,0.0,0.0,0.0,-1.0,0.0,-0.5,0.0,0.0,16.0,25903.0
2026-07-30T19:01:25.149Z,254.632,254.646,0.0,7.4,0.0,0.0,0.0,0.0,0.0,0.0,0.0,0.0,1.0,0.0,0.0,0.0,9.0,4.0,0.0,0.0,0.0,0.0,0.0,0.0,0.0,0.0,3.0,12.0,1.0,12.17,5.01,2.51,1.49,0.0,0.1,0.0,0.4,0.0,0.3,-0.5,-0.1,-169.70000000000002,0.0,0.0,169.70000000000002,0.0,21.4,29.200000000000003,29.200000000000003,29.700000000000003,300.0,300.0,31.5,35.6,29.1,28.3,30.200000000000003,4.95,1.99,4.97,0.16,0.0,0.0,1027.0,8228.0,0.0,0.0,0.0,0.0,0.0,1.0,0.0,0.0,0.0,0.0,0.0,-0.7000000000000001,0.0,0.0,0.0,0.0,16.0,25903.0
2026-07-30T19:01:25.161Z,254.644,254.658,0.0,7.4,0.0,0.0,0.0,0.0,0.0,0.0,0.0,0.0,1.0,0.0,0.0,0.0,9.0,4.0,0.0,0.0,0.0,0.0,0.0,0.0,0.0,0.0,5.0,12.0,1.0,12.17,5.01,2.51,1.49,0.0,0.0,0.0,0.4,0.0,-0.7000000000000001,-0.5,0.4,-169.60000000000002,0.0,0.0,169.70000000000002,0.0,21.4,29.200000000000003,29.200000000000003,29.700000000000003,300.0,300.0,31.5,35.6,29.1,28.3,30.200000000000003,4.95,2.0,4.96,0.16,0.0,0.0,1027.0,8228.0,0.0,0.0,0.0,0.0,0.0,1.0,0.0,0.0,0.0,0.0,0.0,-0.2,0.0,-0.5,0.0,0.0,16.0,25903.0
2026-07-30T19:01:25.173Z,254.656,254.67,0.0,7.4,0.0,0.0,0.0,0.0,0.0,0.0,0.0,0.0,1.0,0.0,0.0,0.0,9.0,4.0,0.0,0.0,0.0,0.0,0.0,0.0,0.0,0.0,6.0,12.0,1.0,12.17,5.01,2.51,1.49,0.0,0.0,0.0,0.4,0.0,0.4,1.2000000000000002,-2.4000000000000004,-169.60000000000002,0.0,0.0,169.60000000000002,0.0,21.4,29.200000000000003,29.200000000000003,29.700000000000003,300.0,300.0,31.5,35.6,29.1,28.3,30.200000000000003,4.96,1.99,4.96,0.16,0.0,0.0,1027.0,8228.0,0.0,0.0,0.0,0.0,0.0,1.0,0.0,0.0,0.0,0.0,0.0,-0.4,0.0,2.4000000000000004,0.0,0.0,16.0,25903.0
2026-07-30T19:01:25.185Z,254.668,254.682,0.0,7.4,0.0,0.0,0.0,0.0,0.0,0.0,0.0,0.0,1.0,0.0,0.0,0.0,9.0,4.0,0.0,0.0,0.0,0.0,0.0,0.0,0.0,0.0,6.0,12.0,1.0,12.18,5.01,2.5,1.49,0.0,0.0,0.0,0.4,0.0,0.4,0.1,-0.7000000000000001,-169.60000000000002,0.0,0.0,169.70000000000002,0.0,21.4,29.200000000000003,29.200000000000003,29.8,300.0,300.0,31.6,35.6,29.1,28.3,30.200000000000003,4.95,1.99,4.96,0.16,0.0,0.0,1027.0,8228.0,0.0,0.0,0.0,0.0,0.0,1.0,0.0,0.0,0.0,0.0,0.0,-0.3,0.0,0.6000000000000001,0.0,0.0,16.0,25903.0
2026-07-30T19:01:25.197Z,254.68,254.694,0.0,7.4,0.0,0.0,0.0,0.0,0.0,0.0,0.0,0.0,1.0,0.0,0.0,0.0,9.0,4.0,0.0,0.0,0.0,0.0,0.0,0.0,0.0,0.0,1.0,12.0,1.0,12.18,5.01,2.5,1.49,0.0,0.0,0.0,0.4,0.0,0.3,-0.4,-0.1,-169.60000000000002,0.0,0.0,169.60000000000002,0.0,21.4,29.200000000000003,29.200000000000003,29.8,300.0,300.0,31.6,35.6,29.1,28.3,30.200000000000003,4.95,1.99,4.97,0.16,0.0,0.0,1027.0,8228.0,0.0,0.0,0.0,0.0,0.0,1.0,0.0,0.0,0.0,0.0,0.0,-0.6000000000000001,0.0,0.0,0.0,0.0,16.0,25903.0
2026-07-30T19:01:25.209Z,254.692,254.706,0.0,7.4,0.0,0.0,0.0,0.0,0.0,0.0,0.0,0.0,1.0,0.0,0.0,0.0,9.0,4.0,0.0,0.0,0.0,0.0,0.0,0.0,0.0,0.0,2.0,12.0,1.0,12.18,5.01,2.5,1.49,0.0,0.0,0.0,0.4,0.0,-0.1,1.2000000000000002,-0.7000000000000001,-169.60000000000002,0.0,0.0,169.70000000000002,0.0,21.4,29.200000000000003,29.200000000000003,29.8,300.0,300.0,31.6,35.6,29.1,28.3,30.200000000000003,4.95,1.99,4.96,0.16,0.0,0.0,1027.0,8228.0,0.0,0.0,0.0,0.0,0.0,1.0,0.0,0.0,0.0,0.0,0.0,0.8,0.0,0.8,0.0,0.0,16.0,25903.0
2026-07-30T19:01:25.220Z,254.703,254.718,0.0,7.4,0.0,0.0,0.0,0.0,0.0,0.0,0.0,0.0,1.0,0.0,0.0,0.0,9.0,4.0,0.0,0.0,0.0,0.0,0.0,0.0,0.0,0.0,3.0,12.0,1.0,12.18,5.01,2.5,1.49,0.0,0.0,0.0,0.5,0.0,0.9,0.0,1.0,-169.60000000000002,0.0,0.0,169.70000000000002,0.0,21.4,29.200000000000003,29.200000000000003,29.8,300.0,300.0,31.6,35.6,29.1,28.3,30.200000000000003,4.96,1.99,4.96,0.16,0.0,0.0,1027.0,8228.0,0.0,0.0,0.0,0.0,0.0,1.0,0.0,0.0,0.0,0.0,0.0,0.8,0.0,-0.8,0.0,0.0,16.0,25903.0
2026-07-30T19:01:25.232Z,254.715,254.73,0.0,7.4,0.0,0.0,0.0,0.0,0.0,0.0,0.0,0.0,1.0,0.0,0.0,0.0,9.0,4.0,0.0,0.0,0.0,0.0,0.0,0.0,0.0,0.0,4.0,12.0,1.0,12.18,5.01,2.5,1.49,0.0,0.0,0.0,0.4,0.0,-0.1,-1.0,-0.7000000000000001,-169.60000000000002,0.0,0.0,169.8,0.0,21.4,29.200000000000003,29.200000000000003,29.8,300.0,300.0,31.6,35.6,29.1,28.3,30.200000000000003,4.95,1.99,4.97,0.16,0.0,0.0,1027.0,8228.0,0.0,0.0,0.0,0.0,0.0,1.0,0.0,0.0,0.0,0.0,0.0,-1.7000000000000002,0.0,0.3,0.0,0.0001,16.0,25903.0
2026-07-30T19:01:25.245Z,254.728,254.742,0.0,7.4,0.0,0.0,0.0,0.0,0.0,0.0,0.0,0.0,1.0,0.0,0.0,0.0,9.0,4.0,0.0,0.0,0.0,0.0,0.0,0.0,0.0,0.0,6.0,12.0,1.0,12.18,5.01,2.5,1.49,0.0,0.0,0.0,0.4,0.0,0.3,-1.6,-0.7000000000000001,-169.60000000000002,0.0,0.0,169.70000000000002,0.0,21.4,29.200000000000003,29.200000000000003,29.8,300.0,300.0,31.6,35.6,29.1,28.3,30.200000000000003,4.96,1.99,4.97,0.16,0.0,0.0,1027.0,8228.0,0.0,0.0,0.0,0.0,0.0,1.0,0.0,0.0,0.0,0.0,0.0,-2.4000000000000004,0.0,0.2,0.0,0.0001,16.0,25903.0
2026-07-30T19:01:25.257Z,254.74,254.754,0.0,7.4,0.0,0.0,0.0,0.0,0.0,0.0,0.0,0.0,1.0,0.0,0.0,0.0,9.0,4.0,0.0,0.0,0.0,0.0,0.0,0.0,0.0,0.0,1.0,12.0,1.0,12.18,5.01,2.5,1.49,0.0,0.0,0.0,0.4,0.0,-0.8,0.0,-0.2,-169.70000000000002,0.0,0.0,169.8,0.0,21.4,29.200000000000003,29.200000000000003,29.8,300.0,300.0,31.6,35.6,29.1,28.3,30.200000000000003,4.96,2.0,4.96,0.16,0.0,0.0,1027.0,8228.0,0.0,0.0,0.0,0.0,0.0,1.0,0.0,0.0,0.0,0.0,0.0,-0.1,0.0,0.1,0.0,0.0001,16.0,25903.0
2026-07-30T19:01:25.268Z,254.751,254.766,0.0,7.4,0.0,0.0,0.0,0.0,0.0,0.0,0.0,0.0,1.0,0.0,0.0,0.0,9.0,4.0,0.0,0.0,0.0,0.0,0.0,0.0,0.0,0.0,2.0,12.0,1.0,12.18,5.01,2.5,1.49,0.0,0.0,0.0,0.5,0.0,0.9,0.0,1.0,-169.70000000000002,0.0,0.0,169.8,0.0,21.4,29.200000000000003,29.200000000000003,29.8,300.0,300.0,31.6,35.6,29.1,28.3,30.200000000000003,4.95,1.99,4.96,0.16,0.0,0.0,1027.0,8228.0,0.0,0.0,0.0,0.0,0.0,1.0,0.0,0.0,0.0,0.0,0.0,0.8,0.0,-0.8,0.0,0.0002,16.0,25903.0
2026-07-30T19:01:25.281Z,254.764,254.778,0.0,7.4,0.0,0.0,0.0,0.0,0.0,0.0,0.0,0.0,1.0,0.0,0.0,0.0,9.0,4.0,0.0,0.0,0.0,0.0,0.0,0.0,0.0,0.0,3.0,12.0,1.0,12.18,5.01,2.5,1.49,0.0,0.0,0.0,0.4,0.0,-0.8,-1.1,-1.3,-169.70000000000002,0.0,0.0,169.8,0.0,21.4,29.200000000000003,29.200000000000003,29.8,300.0,300.0,31.6,35.6,29.1,28.3,30.200000000000003,4.96,1.99,4.97,0.16,0.0,0.0,1027.0,8228.0,0.0,0.0,0.0,0.0,0.0,1.0,0.0,0.0,0.0,0.0,0.0,-2.2,0.0,0.9,0.0,0.0,16.0,25903.0
2026-07-30T19:01:25.293Z,254.776,254.79,0.0,7.4,0.0,0.0,0.0,0.0,0.0,0.0,0.0,0.0,1.0,0.0,0.0,0.0,9.0,4.0,0.0,0.0,0.0,0.0,0.0,0.0,0.0,0.0,4.0,12.0,1.0,12.19,5.01,2.51,1.49,0.0,0.0,0.0,0.4,0.0,-0.2,0.0,-0.7000000000000001,-169.70000000000002,0.0,0.0,169.8,0.0,21.700000000000003,29.200000000000003,29.200000000000003,29.8,300.0,300.0,31.6,35.5,29.1,28.3,30.200000000000003,4.96,1.99,4.96,0.16,0.0,0.0,1027.0,8228.0,0.0,0.0,0.0,0.0,0.0,1.0,0.0,0.0,0.0,0.0,0.0,-0.5,0.0,0.6000000000000001,0.0,0.0001,16.0,25903.0
2026-07-30T19:01:25.304Z,254.787,254.802,0.0,7.4,0.0,0.0,0.0,0.0,0.0,0.0,0.0,0.0,1.0,0.0,0.0,0.0,9.0,4.0,0.0,0.0,0.0,0.0,0.0,0.0,0.0,0.0,5.0,12.0,1.0,12.19,5.01,2.51,1.49,0.0,0.0,0.0,0.4,0.0,0.3,0.0,-0.1,-169.70000000000002,0.0,0.0,169.70000000000002,0.0,21.700000000000003,29.200000000000003,29.200000000000003,29.8,300.0,300.0,31.6,35.5,29.1,28.3,30.200000000000003,4.96,1.99,4.97,0.16,0.0,0.0,1027.0,8228.0,0.0,0.0,0.0,0.0,0.0,1.0,0.0,0.0,0.0,0.0,0.0,0.0,0.0,0.1,0.0,0.0001,16.0,25903.0
2026-07-30T19:01:25.317Z,254.8,254.814,0.0,7.4,0.0,0.0,0.0,0.0,0.0,0.0,0.0,0.0,1.0,0.0,0.0,0.0,9.0,4.0,0.0,0.0,0.0,0.0,0.0,0.0,0.0,0.0,6.0,12.0,1.0,12.19,5.01,2.51,1.49,0.0,0.0,0.0,0.4,0.0,0.3,0.6000000000000001,0.4,-169.70000000000002,0.0,0.0,169.8,0.0,21.700000000000003,29.200000000000003,29.200000000000003,29.8,300.0,300.0,31.6,35.5,29.1,28.3,30.200000000000003,4.95,1.99,4.97,0.16,0.0,0.0,1027.0,8228.0,0.0,0.0,0.0,0.0,0.0,1.0,0.0,0.0,0.0,0.0,0.0,1.0,0.0,-0.2,0.0,0.0001,16.0,25903.0
2026-07-30T19:01:25.329Z,254.812,254.826,0.0,7.4,0.0,0.0,0.0,0.0,0.0,0.0,0.0,0.0,1.0,0.0,0.0,0.0,9.0,4.0,0.0,0.0,0.0,0.0,0.0,0.0,0.0,0.0,1.0,12.0,1.0,12.19,5.01,2.51,1.49,0.0,0.0,0.0,0.4,0.0,0.3,-0.5,-0.7000000000000001,-169.70000000000002,0.0,0.0,169.70000000000002,0.0,21.700000000000003,29.200000000000003,29.200000000000003,29.8,300.0,300.0,31.6,35.5,29.1,28.3,30.200000000000003,4.96,1.99,4.97,0.16,0.0,0.0,1027.0,8228.0,0.0,0.0,0.0,0.0,0.0,1.0,0.0,0.0,0.0,0.0,0.0,-1.2000000000000002,0.0,0.5,0.0,0.0001,16.0,25903.0
2026-07-30T19:01:25.341Z,254.824,254.838,0.0,7.4,0.0,0.0,0.0,0.0,0.0,0.0,0.0,0.0,1.0,0.0,0.0,0.0,9.0,4.0,0.0,0.0,0.0,0.0,0.0,0.0,0.0,0.0,3.0,12.0,1.0,12.19,5.01,2.51,1.49,0.0,0.1,0.0,0.4,0.0,0.3,0.0,0.9,-169.70000000000002,0.0,0.0,169.70000000000002,0.0,21.700000000000003,29.200000000000003,29.200000000000003,29.8,300.0,300.0,31.6,35.5,29.1,28.3,30.200000000000003,4.96,2.0,4.96,0.16,0.0,0.0,1027.0,8228.0,0.0,0.0,0.0,0.0,0.0,1.0,0.0,0.0,0.0,0.0,0.0,0.6000000000000001,0.0,-0.8,0.0,0.0,16.0,25903.0
2026-07-30T19:01:25.353Z,254.836,254.85,0.0,7.4,0.0,0.0,0.0,0.0,0.0,0.0,0.0,0.0,1.0,0.0,0.0,0.0,9.0,4.0,0.0,0.0,0.0,0.0,0.0,0.0,0.0,0.0,3.0,12.0,1.0,12.19,5.01,2.51,1.49,0.0,0.0,0.0,0.4,0.0,-0.2,0.0,-1.9,-169.70000000000002,0.0,0.0,169.8,0.0,21.700000000000003,29.200000000000003,29.200000000000003,29.8,300.0,300.0,31.6,35.5,29.1,28.3,30.200000000000003,4.96,1.99,4.97,0.16,0.0,0.0,1027.0,8228.0,0.0,0.0,0.0,0.0,0.0,1.0,0.0,0.0,0.0,0.0,0.0,-1.4,0.0,1.7000000000000002,0.0,0.0,16.0,25903.0
2026-07-30T19:01:25.364Z,254.847,254.862,0.0,7.4,0.0,0.0,0.0,0.0,0.0,0.0,0.0,0.0,1.0,0.0,0.0,0.0,9.0,4.0,0.0,0.0,0.0,0.0,0.0,0.0,0.0,0.0,4.0,12.0,1.0,12.19,5.01,2.51,1.49,0.0,0.0,0.0,0.4,0.0,0.3,0.0,0.3,-169.70000000000002,0.0,0.0,169.8,0.0,21.700000000000003,29.200000000000003,29.200000000000003,29.8,300.0,300.0,31.6,35.5,29.1,28.3,30.200000000000003,4.96,1.99,4.97,0.16,0.0,0.0,1027.0,8228.0,0.0,0.0,0.0,0.0,0.0,1.0,0.0,0.0,0.0,0.0,0.0,0.2,0.0,-0.3,0.0,0.0,16.0,25903.0
2026-07-30T19:01:25.377Z,254.86,254.874,0.0,7.4,0.0,0.0,0.0,0.0,0.0,0.0,0.0,0.0,1.0,0.0,0.0,0.0,9.0,4.0,0.0,0.0,0.0,0.0,0.0,0.0,0.0,0.0,5.0,12.0,1.0,12.19,5.01,2.51,1.49,0.0,0.0,0.0,0.5,0.0,-0.8,-0.5,-0.1,-169.70000000000002,0.0,0.0,169.70000000000002,0.0,21.700000000000003,29.200000000000003,29.200000000000003,29.8,300.0,300.0,31.6,35.5,29.1,28.3,30.200000000000003,4.96,1.99,4.97,0.15,0.0,0.0,1027.0,8228.0,0.0,0.0,0.0,0.0,0.0,1.0,0.0,0.0,0.0,0.0,0.0,-0.6000000000000001,0.0,0.0,0.0,0.0001,16.0,25903.0
2026-07-30T19:01:25.390Z,254.873,254.886,0.0,7.4,0.0,0.0,0.0,0.0,0.0,0.0,0.0,0.0,1.0,0.0,0.0,0.0,9.0,4.0,0.0,0.0,0.0,0.0,0.0,0.0,0.0,0.0,6.0,12.0,1.0,12.18,5.0200000000000005,2.5,1.5,0.0,0.0,0.0,0.4,0.0,-0.2,-0.5,1.0,-169.70000000000002,0.0,0.0,169.70000000000002,0.0,21.700000000000003,29.200000000000003,29.200000000000003,29.8,300.0,300.0,31.5,35.6,29.1,28.3,30.200000000000003,4.95,1.99,4.97,0.15,0.0,0.0,1027.0,8228.0,0.0,0.0,0.0,0.0,0.0,1.0,0.0,0.0,0.0,0.0,0.0,0.1,0.0,-1.0,0.0,0.0001,16.0,25903.0
2026-07-30T19:01:25.401Z,254.884,254.898,0.0,7.4,0.0,0.0,0.0,0.0,0.0,0.0,0.0,0.0,1.0,0.0,0.0,0.0,9.0,4.0,0.0,0.0,0.0,0.0,0.0,0.0,0.0,0.0,6.0,12.0,1.0,12.18,5.0200000000000005,2.5,1.5,0.0,0.0,0.0,0.4,0.0,-0.2,0.0,-1.9,-169.70000000000002,0.0,0.0,169.8,0.0,21.700000000000003,29.200000000000003,29.200000000000003,29.8,300.0,300.0,31.5,35.6,29.1,28.3,30.200000000000003,4.95,1.99,4.96,0.16,0.0,0.0,1027.0,8228.0,0.0,0.0,0.0,0.0,0.0,1.0,0.0,0.0,0.0,0.0,0.0,-1.4,0.0,1.7000000000000002,0.0,0.0,16.0,25903.0
2026-07-30T19:01:25.413Z,254.896,254.91,0.0,7.4,0.0,0.0,0.0,0.0,0.0,0.0,0.0,0.0,1.0,0.0,0.0,0.0,9.0,4.0,0.0,0.0,0.0,0.0,0.0,0.0,0.0,0.0,2.0,12.0,1.0,12.18,5.0200000000000005,2.5,1.5,0.0,0.0,0.0,0.4,0.0,0.2,0.0,-0.7000000000000001,-169.70000000000002,0.0,0.0,169.70000000000002,0.0,21.700000000000003,29.200000000000003,29.200000000000003,29.8,300.0,300.0,31.5,35.6,29.1,28.3,30.200000000000003,4.96,2.0,4.96,0.16,0.0,0.0,1027.0,8228.0,0.0,0.0,0.0,0.0,0.0,1.0,0.0,0.0,0.0,0.0,0.0,-0.5,0.0,0.7000000000000001,0.0,0.0001,16.0,25903.0
2026-07-30T19:01:25.424Z,254.907,254.922,0.0,7.4,0.0,0.0,0.0,0.0,0.0,0.0,0.0,0.0,1.0,0.0,0.0,0.0,9.0,4.0,0.0,0.0,0.0,0.0,0.0,0.0,0.0,0.0,3.0,12.0,1.0,12.18,5.0200000000000005,2.5,1.5,0.0,0.0,0.0,0.5,0.0,0.2,-0.5,1.0,-169.70000000000002,0.0,0.0,169.70000000000002,0.0,21.700000000000003,29.200000000000003,29.200000000000003,29.8,300.0,300.0,31.5,35.6,29.1,28.3,30.200000000000003,4.95,2.0,4.97,0.16,0.0,0.0,1027.0,8228.0,0.0,0.0,0.0,0.0,0.0,1.0,0.0,0.0,0.0,0.0,0.0,0.1,0.0,-0.9,0.0,0.0002,16.0,25903.0
2026-07-30T19:01:25.436Z,254.919,254.934,0.0,7.4,0.0,0.0,0.0,0.0,0.0,0.0,0.0,0.0,1.0,0.0,0.0,0.0,9.0,4.0,0.0,0.0,0.0,0.0,0.0,0.0,0.0,0.0,4.0,12.0,1.0,12.18,5.0200000000000005,2.5,1.5,0.0,0.1,0.0,0.4,0.0,-0.2,-0.5,-0.1,-169.70000000000002,0.0,0.0,169.70000000000002,0.0,21.700000000000003,29.200000000000003,29.200000000000003,29.8,300.0,300.0,31.5,35.6,29.1,28.3,30.200000000000003,4.95,1.99,4.97,0.16,0.0,0.0,1027.0,8228.0,0.0,0.0,0.0,0.0,0.0,1.0,0.0,0.0,0.0,0.0,0.0,-0.6000000000000001,0.0,0.0,0.0,0.0001,16.0,25903.0
2026-07-30T19:01:25.449Z,254.932,254.946,0.0,7.4,0.0,0.0,0.0,0.0,0.0,0.0,0.0,0.0,1.0,0.0,0.0,0.0,9.0,4.0,0.0,0.0,0.0,0.0,0.0,0.0,0.0,0.0,5.0,12.0,1.0,12.18,5.0200000000000005,2.5,1.5,0.0,0.0,0.0,0.4,0.0,-0.2,1.2000000000000002,0.0,-169.70000000000002,0.0,0.0,169.70000000000002,0.0,21.700000000000003,29.200000000000003,29.200000000000003,29.8,300.0,300.0,31.5,35.6,29.1,28.3,30.200000000000003,4.95,1.99,4.96,0.16,0.0,0.0,1027.0,8228.0,0.0,0.0,0.0,0.0,0.0,1.0,0.0,0.0,0.0,0.0,0.0,1.3,0.0,0.3,0.0,0.0,16.0,25903.0
2026-07-30T19:01:25.461Z,254.944,254.958,0.0,7.4,0.0,0.0,0.0,0.0,0.0,0.0,0.0,0.0,1.0,0.0,0.0,0.0,9.0,4.0,0.0,0.0,0.0,0.0,0.0,0.0,0.0,0.0,1.0,12.0,1.0,12.18,5.0200000000000005,2.5,1.5,0.0,0.1,0.0,0.4,0.0,-0.2,0.0,0.4,-169.70000000000002,0.0,0.0,169.8,0.0,21.700000000000003,29.200000000000003,29.200000000000003,29.8,300.0,300.0,31.5,35.6,29.1,28.3,30.200000000000003,4.96,1.99,4.96,0.16,0.0,0.0,1027.0,8228.0,0.0,0.0,0.0,0.0,0.0,1.0,0.0,0.0,0.0,0.0,0.0,0.4,0.0,-0.4,0.0,0.0,16.0,25903.0
2026-07-30T19:01:25.472Z,254.955,254.97,0.0,7.4,0.0,0.0,0.0,0.0,0.0,0.0,0.0,0.0,1.0,0.0,0.0,0.0,9.0,4.0,0.0,0.0,0.0,0.0,0.0,0.0,0.0,0.0,1.0,12.0,1.0,12.18,5.0200000000000005,2.5,1.5,0.0,0.0,0.0,0.4,0.0,0.2,0.1,-1.3,-169.70000000000002,0.0,0.0,169.70000000000002,0.0,21.700000000000003,29.200000000000003,29.200000000000003,29.8,300.0,300.0,31.5,35.6,29.1,28.3,30.200000000000003,4.95,1.99,4.97,0.16,0.0,0.0,1027.0,8228.0,0.0,0.0,0.0,0.0,0.0,1.0,0.0,0.0,0.0,0.0,0.0,-0.8,0.0,1.1,0.0,0.0,16.0,25903.0
2026-07-30T19:01:25.487Z,254.97,254.982,0.0,7.4,0.0,0.0,0.0,0.0,0.0,0.0,0.0,0.0,1.0,0.0,0.0,0.0,9.0,4.0,0.0,0.0,0.0,0.0,0.0,0.0,0.0,0.0,2.0,12.0,1.0,12.18,5.0200000000000005,2.5,1.5,0.0,0.0,0.0,0.4,0.0,0.3,-0.4,1.0,-169.70000000000002,0.0,0.0,169.70000000000002,0.0,21.700000000000003,29.200000000000003,29.200000000000003,29.8,300.0,300.0,31.5,35.6,29.1,28.3,30.200000000000003,4.96,1.99,4.96,0.16,0.0,0.0,1027.0,8228.0,0.0,0.0,0.0,0.0,0.0,1.0,0.0,0.0,0.0,0.0,0.0,0.2,0.0,-1.0,0.0,0.0001,16.0,25903.0
2026-07-30T19:01:25.497Z,254.98,254.994,0.0,7.4,0.0,0.0,0.0,0.0,0.0,0.0,0.0,0.0,1.0,0.0,0.0,0.0,9.0,4.0,0.0,0.0,0.0,0.0,0.0,0.0,0.0,0.0,1.0,12.0,1.0,12.15,5.01,2.5,1.49,-0.1,0.0,0.0,0.4,0.0,-0.2,1.3,0.4,-169.70000000000002,0.0,0.0,169.8,0.0,21.8,29.200000000000003,29.200000000000003,29.8,300.0,300.0,31.5,35.6,29.1,28.3,30.200000000000003,4.96,2.0,4.96,0.16,0.0,0.0,1027.0,8228.0,0.0,0.0,0.0,0.0,0.0,1.0,0.0,0.0,0.0,0.0,0.0,1.8,0.0,-0.1,0.0,0.0001,16.0,25903.0
2026-07-30T19:01:25.509Z,254.992,255.006,0.0,7.4,0.0,0.0,0.0,0.0,0.0,0.0,0.0,0.0,1.0,0.0,0.0,0.0,9.0,4.0,0.0,0.0,0.0,0.0,0.0,0.0,0.0,0.0,2.0,12.0,1.0,12.15,5.01,2.5,1.49,0.0,0.0,0.0,0.4,0.0,-0.2,-0.4,-0.6000000000000001,-169.70000000000002,0.0,0.0,169.8,0.0,21.8,29.200000000000003,29.200000000000003,29.8,300.0,300.0,31.5,35.6,29.1,28.3,30.200000000000003,4.95,1.99,4.96,0.16,0.0,0.0,1027.0,8228.0,0.0,0.0,0.0,0.0,0.0,1.0,0.0,0.0,0.0,0.0,0.0,-1.0,0.0,0.5,0.0,0.0,16.0,25903.0
2026-07-30T19:01:25.521Z,255.004,255.018,0.0,7.4,0.0,0.0,0.0,0.0,0.0,0.0,0.0,0.0,1.0,0.0,0.0,0.0,9.0,4.0,0.0,0.0,0.0,0.0,0.0,0.0,0.0,0.0,2.0,12.0,1.0,12.15,5.01,2.5,1.49,0.0,0.0,0.0,0.4,0.0,0.3,0.1,1.6,-169.70000000000002,0.0,0.0,169.70000000000002,0.0,21.8,29.200000000000003,29.200000000000003,29.8,300.0,300.0,31.5,35.6,29.1,28.3,30.200000000000003,4.95,1.99,4.97,0.16,0.0,0.0,1027.0,8228.0,0.0,0.0,0.0,0.0,0.0,1.0,0.0,0.0,0.0,0.0,0.0,1.4,0.0,-1.4,0.0,0.0,16.0,25903.0
2026-07-30T19:01:25.533Z,255.016,255.03,0.0,7.4,0.0,0.0,0.0,0.0,0.0,0.0,0.0,0.0,1.0,0.0,0.0,0.0,9.0,4.0,0.0,0.0,0.0,0.0,0.0,0.0,0.0,0.0,3.0,12.0,1.0,12.15,5.01,2.5,1.49,0.0,0.0,0.0,0.4,0.0,-0.2,-1.0,-0.1,-169.70000000000002,0.0,0.0,169.8,0.0,21.8,29.200000000000003,29.200000000000003,29.8,300.0,300.0,31.5,35.6,29.1,28.3,30.200000000000003,4.96,1.99,4.96,0.16,0.0,0.0,1027.0,8228.0,0.0,0.0,0.0,0.0,0.0,1.0,0.0,0.0,0.0,0.0,0.0,-1.2000000000000002,0.0,0.0,0.0,0.0001,16.0,25903.0
2026-07-30T19:01:25.545Z,255.028,255.042,0.0,7.4,0.0,0.0,0.0,0.0,0.0,0.0,0.0,0.0,1.0,0.0,0.0,0.0,9.0,4.0,0.0,0.0,0.0,0.0,0.0,0.0,0.0,0.0,4.0,12.0,1.0,12.15,5.01,2.5,1.49,0.0,0.0,0.0,0.4,0.0,-0.3,0.6000000000000001,-1.3,-169.70000000000002,0.0,0.0,169.70000000000002,0.0,21.8,29.200000000000003,29.200000000000003,29.8,300.0,300.0,31.5,35.6,29.1,28.3,30.200000000000003,4.96,1.99,4.96,0.16,0.0,0.0,1027.0,8228.0,0.0,0.0,0.0,0.0,0.0,1.0,0.0,0.0,0.0,0.0,0.0,-0.2,0.0,1.2000000000000002,0.0,0.0002,16.0,25903.0
2026-07-30T19:01:25.556Z,255.039,255.054,0.0,7.4,0.0,0.0,0.0,0.0,0.0,0.0,0.0,0.0,1.0,0.0,0.0,0.0,9.0,4.0,0.0,0.0,0.0,0.0,0.0,0.0,0.0,0.0,6.0,12.0,1.0,12.15,5.01,2.5,1.49,0.0,0.0,0.0,0.4,0.0,-0.3,0.0,-0.1,-169.70000000000002,0.0,0.0,169.70000000000002,0.0,21.8,29.200000000000003,29.200000000000003,29.8,300.0,300.0,31.5,35.6,29.1,28.3,30.200000000000003,4.95,1.98,4.96,0.16,0.0,0.0,1027.0,8228.0,0.0,0.0,0.0,0.0,0.0,1.0,0.0,0.0,0.0,0.0,0.0,-0.2,0.0,-0.4,0.0,0.0,16.0,25903.0
2026-07-30T19:01:25.569Z,255.052,255.066,0.0,7.4,0.0,0.0,0.0,0.0,0.0,0.0,0.0,0.0,1.0,0.0,0.0,0.0,9.0,4.0,0.0,0.0,0.0,0.0,0.0,0.0,0.0,0.0,1.0,12.0,1.0,12.15,5.01,2.5,1.49,0.0,0.0,0.0,0.4,0.0,0.2,-0.5,-0.8,-169.70000000000002,0.0,0.0,169.70000000000002,0.0,21.8,29.200000000000003,29.200000000000003,29.8,300.0,300.0,31.5,35.6,29.1,28.3,30.200000000000003,4.96,1.98,4.96,0.16,0.0,0.0,1027.0,8228.0,0.0,0.0,0.0,0.0,0.0,1.0,0.0,0.0,0.0,0.0,0.0,0.3,0.0,-0.2,0.0,0.0001,16.0,25903.0
2026-07-30T19:01:25.580Z,255.063,255.078,0.0,7.4,0.0,0.0,0.0,0.0,0.0,0.0,0.0,0.0,1.0,0.0,0.0,0.0,9.0,4.0,0.0,0.0,0.0,0.0,0.0,0.0,0.0,0.0,3.0,12.0,1.0,12.15,5.01,2.5,1.49,0.0,0.0,0.0,0.4,0.0,0.2,0.0,0.9,-169.70000000000002,0.0,0.0,169.70000000000002,0.0,21.8,29.200000000000003,29.200000000000003,29.8,300.0,300.0,31.5,35.6,29.1,28.3,30.200000000000003,4.95,1.99,4.96,0.16,0.0,0.0,1027.0,8228.0,0.0,0.0,0.0,0.0,0.0,1.0,0.0,0.0,0.0,0.0,0.0,-0.9,0.0,-0.5,0.0,0.0001,16.0,25903.0
2026-07-30T19:01:25.594Z,255.077,255.09,0.0,7.4,0.0,0.0,0.0,0.0,0.0,0.0,0.0,0.0,1.0,0.0,0.0,0.0,9.0,4.0,0.0,0.0,0.0,0.0,0.0,0.0,0.0,0.0,4.0,12.0,1.0,12.15,5.0200000000000005,2.51,1.5,0.0,0.0,0.0,0.4,0.0,0.2,0.6000000000000001,-0.2,-169.70000000000002,0.0,0.0,169.70000000000002,0.0,21.3,29.200000000000003,29.200000000000003,29.700000000000003,300.0,300.0,31.6,35.6,29.1,28.3,30.200000000000003,4.95,1.99,4.97,0.16,0.0,0.0,1027.0,8228.0,0.0,0.0,0.0,0.0,0.0,1.0,0.0,0.0,0.0,0.0,0.0,0.5,0.0,0.3,0.0,0.0,16.0,25903.0
2026-07-30T19:01:25.605Z,255.088,255.102,0.0,7.4,0.0,0.0,0.0,0.0,0.0,0.0,0.0,0.0,1.0,0.0,0.0,0.0,9.0,4.0,0.0,0.0,0.0,0.0,0.0,0.0,0.0,0.0,6.0,12.0,1.0,12.15,5.0200000000000005,2.51,1.5,0.0,0.0,0.0,0.4,0.0,0.2,0.0,-0.7000000000000001,-169.70000000000002,0.0,0.0,169.8,0.0,21.3,29.200000000000003,29.200000000000003,29.700000000000003,300.0,300.0,31.6,35.6,29.1,28.3,30.200000000000003,4.96,2.0,4.97,0.16,0.0,0.0,1027.0,8228.0,0.0,0.0,0.0,0.0,0.0,1.0,0.0,0.0,0.0,0.0,0.0,-0.5,0.0,0.6000000000000001,0.0,0.0001,16.0,25903.0
2026-07-30T19:01:25.616Z,255.099,255.114,0.0,7.4,0.0,0.0,0.0,0.0,0.0,0.0,0.0,0.0,1.0,0.0,0.0,0.0,9.0,4.0,0.0,0.0,0.0,0.0,0.0,0.0,0.0,0.0,1.0,12.0,1.0,12.15,5.0200000000000005,2.51,1.5,0.0,0.1,0.0,0.4,0.0,0.8,0.6000000000000001,-0.1,-169.70000000000002,0.0,0.0,169.60000000000002,0.0,21.3,29.200000000000003,29.200000000000003,29.700000000000003,300.0,300.0,31.6,35.6,29.1,28.3,30.200000000000003,4.96,2.0,4.96,0.16,0.0,0.0,1027.0,8228.0,0.0,0.0,0.0,0.0,0.0,1.0,0.0,0.0,0.0,0.0,0.0,0.5,0.0,0.2,0.0,0.0,16.0,25903.0
2026-07-30T19:01:25.629Z,255.112,255.126,0.0,7.4,0.0,0.0,0.0,0.0,0.0,0.0,0.0,0.0,1.0,0.0,0.0,0.0,9.0,4.0,0.0,0.0,0.0,0.0,0.0,0.0,0.0,0.0,2.0,12.0,1.0,12.15,5.0200000000000005,2.51,1.5,0.0,0.0,0.0,0.4,0.0,-0.9,-0.5,-0.7000000000000001,-169.70000000000002,0.0,0.0,169.70000000000002,0.0,21.3,29.200000000000003,29.200000000000003,29.700000000000003,300.0,300.0,31.6,35.6,29.1,28.3,30.200000000000003,4.95,1.99,4.96,0.16,0.0,0.0,1027.0,8228.0,0.0,0.0,0.0,0.0,0.0,1.0,0.0,0.0,0.0,0.0,0.0,-1.1,0.0,0.5,0.0,0.0002,16.0,25903.0
2026-07-30T19:01:25.641Z,255.124,255.138,0.0,7.4,0.0,0.0,0.0,0.0,0.0,0.0,0.0,0.0,1.0,0.0,0.0,0.0,9.0,4.0,0.0,0.0,0.0,0.0,0.0,0.0,0.0,0.0,3.0,12.0,1.0,12.15,5.0200000000000005,2.51,1.5,0.0,0.0,0.0,0.4,0.0,0.2,0.0,-0.7000000000000001,-169.70000000000002,0.0,0.0,169.60000000000002,0.0,21.3,29.200000000000003,29.200000000000003,29.700000000000003,300.0,300.0,31.6,35.6,29.1,28.3,30.200000000000003,4.95,1.99,4.97,0.16,0.0,0.0,1027.0,8228.0,0.0,0.0,0.0,0.0,0.0,1.0,0.0,0.0,0.0,0.0,0.0,-0.5,0.0,0.6000000000000001,0.0,0.0,16.0,25903.0
2026-07-30T19:01:25.653Z,255.136,255.15,0.0,7.4,0.0,0.0,0.0,0.0,0.0,0.0,0.0,0.0,1.0,0.0,0.0,0.0,9.0,4.0,0.0,0.0,0.0,0.0,0.0,0.0,0.0,0.0,5.0,12.0,1.0,12.15,5.0200000000000005,2.51,1.5,0.0,0.0,0.0,0.4,0.0,0.2,0.0,1.5,-169.70000000000002,0.0,0.0,169.60000000000002,0.0,21.3,29.200000000000003,29.200000000000003,29.700000000000003,300.0,300.0,31.6,35.6,29.1,28.3,30.200000000000003,4.96,2.0,4.97,0.16,0.0,0.0,1027.0,8228.0,0.0,0.0,0.0,0.0,0.0,1.0,0.0,0.0,0.0,0.0,0.0,1.2000000000000002,0.0,-1.3,0.0,0.0,16.0,25903.0
2026-07-30T19:01:25.665Z,255.148,255.162,0.0,7.4,0.0,0.0,0.0,0.0,0.0,0.0,0.0,0.0,1.0,0.0,0.0,0.0,9.0,4.0,0.0,0.0,0.0,0.0,0.0,0.0,0.0,0.0,6.0,12.0,1.0,12.15,5.0200000000000005,2.51,1.5,0.0,0.0,0.0,0.4,0.0,0.3,0.6000000000000001,-0.1,-169.70000000000002,0.0,0.0,169.70000000000002,0.0,21.3,29.200000000000003,29.200000000000003,29.700000000000003,300.0,300.0,31.6,35.6,29.1,28.3,30.200000000000003,4.95,2.0,4.96,0.16,0.0,0.0,1027.0,8228.0,0.0,0.0,0.0,0.0,0.0,1.0,0.0,0.0,0.0,0.0,0.0,0.6000000000000001,0.0,0.2,0.0,0.0,16.0,25903.0
2026-07-30T19:01:25.677Z,255.16,255.174,0.0,7.4,0.0,0.0,0.0,0.0,0.0,0.0,0.0,0.0,1.0,0.0,0.0,0.0,9.0,4.0,0.0,0.0,0.0,0.0,0.0,0.0,0.0,0.0,6.0,12.0,1.0,12.15,5.0200000000000005,2.51,1.5,0.0,0.0,0.0,0.4,0.0,-0.8,-1.0,0.4,-169.70000000000002,0.0,0.0,169.60000000000002,0.0,21.3,29.200000000000003,29.200000000000003,29.700000000000003,300.0,300.0,31.6,35.6,29.1,28.3,30.200000000000003,4.95,1.99,4.97,0.16,0.0,0.0,1027.0,8228.0,0.0,0.0,0.0,0.0,0.0,1.0,0.0,0.0,0.0,0.0,0.0,-0.8,0.0,-0.6000000000000001,0.0,0.0,16.0,25903.0
2026-07-30T19:01:25.689Z,255.172,255.186,0.0,7.4,0.0,0.0,0.0,0.0,0.0,0.0,0.0,0.0,1.0,0.0,0.0,0.0,9.0,4.0,0.0,0.0,0.0,0.0,0.0,0.0,0.0,0.0,2.0,12.0,1.0,12.15,5.0200000000000005,2.51,1.5,0.0,0.1,0.0,0.4,0.0,-0.2,0.0,0.0,-169.70000000000002,0.0,0.0,169.70000000000002,0.0,21.3,29.200000000000003,29.200000000000003,29.700000000000003,300.0,300.0,31.6,35.6,29.1,28.3,30.200000000000003,4.95,2.0,4.96,0.16,0.0,0.0,1027.0,8228.0,0.0,0.0,0.0,0.0,0.0,1.0,0.0,0.0,0.0,0.0,0.0,0.0,0.0,0.0,0.0,0.0,16.0,25903.0
2026-07-30T19:01:25.701Z,255.184,255.198,0.0,7.4,0.0,0.0,0.0,0.0,0.0,0.0,0.0,0.0,1.0,0.0,0.0,0.0,9.0,4.0,0.0,0.0,0.0,0.0,0.0,0.0,0.0,0.0,3.0,12.0,1.0,12.17,5.01,2.5,1.49,0.0,0.0,0.0,0.4,0.0,-0.2,0.6000000000000001,0.4,-169.70000000000002,0.0,0.0,169.70000000000002,0.0,21.8,29.200000000000003,29.200000000000003,29.8,300.0,300.0,31.5,35.6,29.1,28.3,30.200000000000003,4.96,2.0,4.96,0.16,0.0,0.0,1027.0,8228.0,0.0,0.0,0.0,0.0,0.0,1.0,0.0,0.0,0.0,0.0,0.0,1.1,0.0,-0.2,0.0,0.0,16.0,25903.0
2026-07-30T19:01:25.712Z,255.195,255.21,0.0,7.4,0.0,0.0,0.0,0.0,0.0,0.0,0.0,0.0,1.0,0.0,0.0,0.0,9.0,4.0,0.0,0.0,0.0,0.0,0.0,0.0,0.0,0.0,4.0,12.0,1.0,12.17,5.01,2.5,1.49,0.0,0.0,0.0,0.4,0.0,-0.2,0.0,1.0,-169.60000000000002,0.0,0.0,169.60000000000002,0.0,21.8,29.200000000000003,29.200000000000003,29.8,300.0,300.0,31.5,35.6,29.1,28.3,30.200000000000003,4.95,2.0,4.97,0.16,0.0,0.0,1027.0,8228.0,0.0,0.0,0.0,0.0,0.0,1.0,0.0,0.0,0.0,0.0,0.0,0.8,0.0,-0.9,0.0,0.0,16.0,25903.0
2026-07-30T19:01:25.725Z,255.208,255.222,0.0,7.4,0.0,0.0,0.0,0.0,0.0,0.0,0.0,0.0,1.0,0.0,0.0,0.0,9.0,4.0,0.0,0.0,0.0,0.0,0.0,0.0,0.0,0.0,5.0,12.0,1.0,12.17,5.01,2.5,1.49,0.0,0.0,0.0,0.5,0.0,0.8,-0.5,0.0,-169.60000000000002,0.0,0.0,169.60000000000002,0.0,21.8,29.200000000000003,29.200000000000003,29.8,300.0,300.0,31.5,35.6,29.1,28.3,30.200000000000003,4.96,1.99,4.97,0.16,0.0,0.0,1027.0,8228.0,0.0,0.0,0.0,0.0,0.0,1.0,0.0,0.0,0.0,0.0,0.0,-0.6000000000000001,0.0,0.0,0.0,0.0001,16.0,25903.0
2026-07-30T19:01:25.737Z,255.22,255.234,0.0,7.4,0.0,0.0,0.0,0.0,0.0,0.0,0.0,0.0,1.0,0.0,0.0,0.0,9.0,4.0,0.0,0.0,0.0,0.0,0.0,0.0,0.0,0.0,6.0,12.0,1.0,12.17,5.01,2.5,1.49,0.0,0.0,0.0,0.4,0.0,-0.3,-0.4,-0.6000000000000001,-169.60000000000002,0.0,0.0,169.60000000000002,0.0,21.8,29.200000000000003,29.200000000000003,29.8,300.0,300.0,31.5,35.6,29.1,28.3,30.200000000000003,4.96,2.0,4.96,0.16,0.0,0.0,1027.0,8228.0,0.0,0.0,0.0,0.0,0.0,1.0,0.0,0.0,0.0,0.0,0.0,-1.0,0.0,0.4,0.0,0.0,16.0,25903.0
2026-07-30T19:01:25.749Z,255.232,255.246,0.0,7.4,0.0,0.0,0.0,0.0,0.0,0.0,0.0,0.0,1.0,0.0,0.0,0.0,9.0,4.0,0.0,0.0,0.0,0.0,0.0,0.0,0.0,0.0,1.0,12.0,1.0,12.17,5.01,2.5,1.49,0.0,0.0,0.0,0.4,0.0,0.2,-0.5,-0.6000000000000001,-169.60000000000002,0.0,0.0,169.70000000000002,0.0,21.8,29.200000000000003,29.200000000000003,29.8,300.0,300.0,31.5,35.6,29.1,28.3,30.200000000000003,4.96,1.99,4.96,0.16,0.0,0.0,1027.0,8228.0,0.0,0.0,0.0,0.0,0.0,1.0,0.0,0.0,0.0,0.0,0.0,-1.1,0.0,0.4,0.0,0.0,16.0,25903.0
2026-07-30T19:01:25.760Z,255.243,255.258,0.0,7.4,0.0,0.0,0.0,0.0,0.0,0.0,0.0,0.0,1.0,0.0,0.0,0.0,9.0,4.0,0.0,0.0,0.0,0.0,0.0,0.0,0.0,0.0,2.0,12.0,1.0,12.17,5.01,2.5,1.49,0.0,0.0,0.0,0.4,0.0,0.8,-0.5,-0.1,-169.60000000000002,0.0,0.0,169.70000000000002,0.0,21.8,29.200000000000003,29.200000000000003,29.8,300.0,300.0,31.5,35.6,29.1,28.3,30.200000000000003,4.95,1.99,4.97,0.16,0.0,0.0,1027.0,8228.0,0.0,0.0,0.0,0.0,0.0,1.0,0.0,0.0,0.0,0.0,0.0,-0.7000000000000001,0.0,0.0,0.0,0.0001,16.0,25903.0
2026-07-30T19:01:25.773Z,255.256,255.27,0.0,7.4,0.0,0.0,0.0,0.0,0.0,0.0,0.0,0.0,1.0,0.0,0.0,0.0,9.0,4.0,0.0,0.0,0.0,0.0,0.0,0.0,0.0,0.0,3.0,12.0,1.0,12.17,5.01,2.5,1.49,0.0,0.0,0.0,0.4,0.0,-0.3,-1.7000000000000002,-0.1,-169.60000000000002,0.0,0.0,169.70000000000002,0.0,21.8,29.200000000000003,29.200000000000003,29.8,300.0,300.0,31.5,35.6,29.1,28.3,30.200000000000003,4.96,1.99,4.96,0.16,0.0,0.0,1027.0,8228.0,0.0,0.0,0.0,0.0,0.0,1.0,0.0,0.0,0.0,0.0,0.0,-2.1,0.0,-0.2,0.0,0.0,16.0,25903.0
2026-07-30T19:01:25.785Z,255.268,255.282,0.0,7.4,0.0,0.0,0.0,0.0,0.0,0.0,0.0,0.0,1.0,0.0,0.0,0.0,9.0,4.0,0.0,0.0,0.0,0.0,0.0,0.0,0.0,0.0,5.0,12.0,1.0,12.17,5.01,2.5,1.49,0.0,0.1,0.0,0.4,0.0,-0.3,0.5,-0.7000000000000001,-169.60000000000002,0.0,0.0,169.60000000000002,0.0,21.8,29.200000000000003,29.200000000000003,29.8,300.0,300.0,31.5,35.6,29.1,28.3,30.200000000000003,4.96,2.0,4.97,0.16,0.0,0.0,1027.0,8228.0,0.0,0.0,0.0,0.0,0.0,1.0,0.0,0.0,0.0,0.0,0.0,0.1,0.0,0.7000000000000001,0.0,0.0,16.0,25903.0
2026-07-30T19:01:25.800Z,255.283,255.294,0.0,7.4,0.0,0.0,0.0,0.0,0.0,0.0,0.0,0.0,1.0,0.0,0.0,0.0,9.0,4.0,0.0,0.0,0.0,0.0,0.0,0.0,0.0,0.0,6.0,12.0,1.0,12.18,5.0200000000000005,2.5,1.49,0.0,0.0,0.0,0.4,0.0,0.8,0.5,-0.1,-169.60000000000002,0.0,0.0,169.60000000000002,0.0,21.0,29.200000000000003,29.200000000000003,29.700000000000003,300.0,300.0,31.5,35.6,29.1,28.3,30.200000000000003,4.95,1.99,4.97,0.16,0.0,0.0,1027.0,8228.0,0.0,0.0,0.0,0.0,0.0,1.0,0.0,0.0,0.0,0.0,0.0,0.5,0.0,0.2,0.0,0.0,16.0,25903.0
2026-07-30T19:01:25.809Z,255.292,255.306,0.0,7.4,0.0,0.0,0.0,0.0,0.0,0.0,0.0,0.0,1.0,0.0,0.0,0.0,9.0,4.0,0.0,0.0,0.0,0.0,0.0,0.0,0.0,0.0,5.0,12.0,1.0,12.18,5.0200000000000005,2.5,1.49,0.0,0.0,0.0,0.5,0.0,0.2,0.6000000000000001,0.4,-169.60000000000002,0.0,0.0,169.60000000000002,0.0,21.0,29.200000000000003,29.200000000000003,29.700000000000003,300.0,300.0,31.5,35.6,29.1,28.3,30.200000000000003,4.96,1.99,4.97,0.16,0.0,0.0,1027.0,8228.0,0.0,0.0,0.0,0.0,0.0,1.0,0.0,0.0,0.0,0.0,0.0,1.0,0.0,-0.2,0.0,0.0,16.0,25903.0
2026-07-30T19:01:25.821Z,255.304,255.318,0.0,7.4,0.0,0.0,0.0,0.0,0.0,0.0,0.0,0.0,1.0,0.0,0.0,0.0,9.0,4.0,0.0,0.0,0.0,0.0,0.0,0.0,0.0,0.0,5.0,12.0,1.0,12.18,5.0200000000000005,2.5,1.49,0.0,0.1,0.0,0.4,0.0,0.8,0.0,0.4,-169.60000000000002,0.0,0.0,169.70000000000002,0.0,21.0,29.200000000000003,29.200000000000003,29.700000000000003,300.0,300.0,31.5,35.6,29.1,28.3,30.200000000000003,4.96,1.99,4.96,0.16,0.0,0.0,1027.0,8228.0,0.0,0.0,0.0,0.0,0.0,1.0,0.0,0.0,0.0,0.0,0.0,0.3,0.0,-0.3,0.0,0.0,16.0,25903.0
2026-07-30T19:01:25.833Z,255.316,255.33,0.0,7.4,0.0,0.0,0.0,0.0,0.0,0.0,0.0,0.0,1.0,0.0,0.0,0.0,9.0,4.0,0.0,0.0,0.0,0.0,0.0,0.0,0.0,0.0,6.0,12.0,1.0,12.18,5.0200000000000005,2.5,1.49,0.0,0.0,0.0,0.4,0.0,0.2,-0.5,-0.7000000000000001,-169.60000000000002,0.0,0.0,169.60000000000002,0.0,21.0,29.200000000000003,29.200000000000003,29.700000000000003,300.0,300.0,31.5,35.6,29.1,28.3,30.200000000000003,4.96,1.99,4.97,0.16,0.0,0.0,1027.0,8228.0,0.0,0.0,0.0,0.0,0.0,1.0,0.0,0.0,0.0,0.0,0.0,-1.2000000000000002,0.0,0.5,0.0,0.0,16.0,25903.0
2026-07-30T19:01:25.844Z,255.327,255.342,0.0,7.4,0.0,0.0,0.0,0.0,0.0,0.0,0.0,0.0,1.0,0.0,0.0,0.0,9.0,4.0,0.0,0.0,0.0,0.0,0.0,0.0,0.0,0.0,1.0,12.0,1.0,12.18,5.0200000000000005,2.5,1.49,0.0,0.0,0.0,0.4,0.0,0.2,0.0,-2.5,-169.60000000000002,0.0,0.0,169.70000000000002,0.0,21.0,29.200000000000003,29.200000000000003,29.700000000000003,300.0,300.0,31.5,35.6,29.1,28.3,30.200000000000003,4.95,2.0,4.97,0.16,0.0,0.0,1027.0,8228.0,0.0,0.0,0.0,0.0,0.0,1.0,0.0,0.0,0.0,0.0,0.0,-1.8,0.0,2.2,0.0,0.0,16.0,25903.0
2026-07-30T19:01:25.857Z,255.34,255.354,0.0,7.4,0.0,0.0,0.0,0.0,0.0,0.0,0.0,0.0,1.0,0.0,0.0,0.0,9.0,4.0,0.0,0.0,0.0,0.0,0.0,0.0,0.0,0.0,2.0,12.0,1.0,12.18,5.0200000000000005,2.5,1.49,0.0,0.0,0.0,0.4,0.0,0.2,-0.5,0.3,-169.60000000000002,0.0,0.0,169.70000000000002,0.0,21.0,29.200000000000003,29.200000000000003,29.700000000000003,300.0,300.0,31.5,35.6,29.1,28.3,30.200000000000003,4.96,2.0,4.97,0.16,0.0,0.0,1027.0,8228.0,0.0,0.0,0.0,0.0,0.0,1.0,0.0,0.0,0.0,0.0,0.0,-0.2,0.0,-0.4,0.0,0.0001,16.0,25903.0
2026-07-30T19:01:25.868Z,255.351,255.366,0.0,7.4,0.0,0.0,0.0,0.0,0.0,0.0,0.0,0.0,1.0,0.0,0.0,0.0,9.0,4.0,0.0,0.0,0.0,0.0,0.0,0.0,0.0,0.0,3.0,12.0,1.0,12.18,5.0200000000000005,2.5,1.49,0.0,0.0,0.0,0.4,0.0,0.2,0.6000000000000001,-0.1,-169.60000000000002,0.0,0.0,169.70000000000002,0.0,21.0,29.200000000000003,29.200000000000003,29.700000000000003,300.0,300.0,31.5,35.6,29.1,28.3,30.200000000000003,4.95,1.99,4.97,0.16,0.0,0.0,1027.0,8228.0,0.0,0.0,0.0,0.0,0.0,1.0,0.0,0.0,0.0,0.0,0.0,0.6000000000000001,0.0,0.3,0.0,0.0,16.0,25903.0
2026-07-30T19:01:25.880Z,255.363,255.378,0.0,7.4,0.0,0.0,0.0,0.0,0.0,0.0,0.0,0.0,1.0,0.0,0.0,0.0,9.0,4.0,0.0,0.0,0.0,0.0,0.0,0.0,0.0,0.0,4.0,12.0,1.0,12.18,5.0200000000000005,2.5,1.49,0.0,0.0,0.0,0.4,0.0,0.2,0.6000000000000001,0.4,-169.60000000000002,0.0,0.0,169.70000000000002,0.0,21.0,29.200000000000003,29.200000000000003,29.700000000000003,300.0,300.0,31.5,35.6,29.1,28.3,30.200000000000003,4.95,1.99,4.96,0.16,0.0,0.0,1027.0,8228.0,0.0,0.0,0.0,0.0,0.0,1.0,0.0,0.0,0.0,0.0,0.0,1.0,0.0,-0.2,0.0,0.0,16.0,25903.0
2026-07-30T19:01:25.893Z,255.376,255.39,0.0,7.4,0.0,0.0,0.0,0.0,0.0,0.0,0.0,0.0,1.0,0.0,0.0,0.0,9.0,4.0,0.0,0.0,0.0,0.0,0.0,0.0,0.0,0.0,5.0,12.0,1.0,12.18,5.0200000000000005,2.5,1.49,0.0,0.0,0.0,0.5,0.0,-0.9,-0.5,0.3,-169.60000000000002,0.0,0.0,169.70000000000002,0.0,21.0,29.200000000000003,29.200000000000003,29.700000000000003,300.0,300.0,31.5,35.6,29.1,28.3,30.200000000000003,4.96,1.99,4.96,0.16,0.0,0.0,1027.0,8228.0,0.0,0.0,0.0,0.0,0.0,1.0,0.0,0.0,0.0,0.0,0.0,-0.3,0.0,-0.4,0.0,0.0001,16.0,25903.0
2026-07-30T19:01:25.905Z,255.388,255.402,0.0,7.4,0.0,0.0,0.0,0.0,0.0,0.0,0.0,0.0,1.0,0.0,0.0,0.0,9.0,4.0,0.0,0.0,0.0,0.0,0.0,0.0,0.0,0.0,6.0,12.0,1.0,12.15,5.01,2.51,1.5,0.0,0.0,0.0,0.4,0.0,0.2,-1.0,-0.8,-169.60000000000002,0.0,0.0,169.60000000000002,0.0,21.700000000000003,29.200000000000003,29.200000000000003,29.8,300.0,300.0,31.5,35.6,29.1,28.3,30.200000000000003,4.96,1.99,4.96,0.16,0.0,0.0,1027.0,8228.0,0.0,0.0,0.0,0.0,0.0,1.0,0.0,0.0,0.0,0.0,0.0,-1.8,0.0,0.5,0.0,0.0,16.0,25903.0
2026-07-30T19:01:25.916Z,255.399,255.414,0.0,7.4,0.0,0.0,0.0,0.0,0.0,0.0,0.0,0.0,1.0,0.0,0.0,0.0,9.0,4.0,0.0,0.0,0.0,0.0,0.0,0.0,0.0,0.0,1.0,12.0,1.0,12.15,5.01,2.51,1.5,0.0,0.1,0.0,0.4,0.0,0.2,-0.5,-0.7000000000000001,-169.60000000000002,0.0,0.0,169.8,0.0,21.700000000000003,29.200000000000003,29.200000000000003,29.8,300.0,300.0,31.5,35.6,29.1,28.3,30.200000000000003,4.95,1.99,4.96,0.16,0.0,0.0,1027.0,8228.0,0.0,0.0,0.0,0.0,0.0,1.0,0.0,0.0,0.0,0.0,0.0,-1.1,0.0,0.5,0.0,0.0001,16.0,25903.0
2026-07-30T19:01:25.928Z,255.411,255.426,0.0,7.4,0.0,0.0,0.0,0.0,0.0,0.0,0.0,0.0,1.0,0.0,0.0,0.0,9.0,4.0,0.0,0.0,0.0,0.0,0.0,0.0,0.0,0.0,2.0,12.0,1.0,12.15,5.01,2.51,1.5,0.0,0.0,0.0,0.4,0.0,-0.2,0.6000000000000001,0.4,-169.60000000000002,0.0,0.0,169.70000000000002,0.0,21.700000000000003,29.200000000000003,29.200000000000003,29.8,300.0,300.0,31.5,35.6,29.1,28.3,30.200000000000003,4.95,1.99,4.96,0.16,0.0,0.0,1027.0,8228.0,0.0,0.0,0.0,0.0,0.0,1.0,0.0,0.0,0.0,0.0,0.0,1.0,0.0,-0.2,0.0,0.0002,16.0,25903.0
2026-07-30T19:01:25.940Z,255.423,255.438,0.0,7.4,0.0,0.0,0.0,0.0,0.0,0.0,0.0,0.0,1.0,0.0,0.0,0.0,9.0,4.0,0.0,0.0,0.0,0.0,0.0,0.0,0.0,0.0,3.0,12.0,1.0,12.15,5.01,2.51,1.5,0.0,0.0,0.0,0.4,0.0,0.3,0.0,-0.7000000000000001,-169.60000000000002,0.0,0.0,169.70000000000002,0.0,21.700000000000003,29.200000000000003,29.200000000000003,29.8,300.0,300.0,31.5,35.6,29.1,28.3,30.200000000000003,4.96,1.99,4.96,0.16,0.0,0.0,1027.0,8228.0,0.0,0.0,0.0,0.0,0.0,1.0,0.0,0.0,0.0,0.0,0.0,-0.5,0.0,0.6000000000000001,0.0,0.0,16.0,25903.0
2026-07-30T19:01:25.952Z,255.435,255.45,0.0,7.4,0.0,0.0,0.0,0.0,0.0,0.0,0.0,0.0,1.0,0.0,0.0,0.0,9.0,4.0,0.0,0.0,0.0,0.0,0.0,0.0,0.0,0.0,4.0,12.0,1.0,12.15,5.01,2.51,1.5,0.0,0.0,0.0,0.4,0.0,0.2,1.2000000000000002,1.0,-169.60000000000002,0.0,0.0,169.8,0.0,21.700000000000003,29.200000000000003,29.200000000000003,29.8,300.0,300.0,31.5,35.6,29.1,28.3,30.200000000000003,4.95,1.99,4.97,0.16,0.0,0.0,1027.0,8228.0,0.0,0.0,0.0,0.0,0.0,1.0,0.0,0.0,0.0,0.0,0.0,2.1,0.0,-0.6000000000000001,0.0,0.0001,16.0,25903.0
2026-07-30T19:01:25.965Z,255.448,255.462,0.0,7.4,0.0,0.0,0.0,0.0,0.0,0.0,0.0,0.0,1.0,0.0,0.0,0.0,9.0,4.0,0.0,0.0,0.0,0.0,0.0,0.0,0.0,0.0,5.0,12.0,1.0,12.15,5.01,2.51,1.5,0.0,0.0,0.0,0.4,0.0,0.2,-0.5,-0.6000000000000001,-169.60000000000002,0.0,0.0,169.70000000000002,0.0,21.700000000000003,29.200000000000003,29.200000000000003,29.8,300.0,300.0,31.5,35.6,29.1,28.3,30.200000000000003,4.96,1.99,4.96,0.16,0.0,0.0,1027.0,8228.0,0.0,0.0,0.0,0.0,0.0,1.0,0.0,0.0,0.0,0.0,0.0,-1.1,0.0,0.5,0.0,0.0001,16.0,25903.0
2026-07-30T19:01:25.977Z,255.46,255.474,0.0,7.4,0.0,0.0,0.0,0.0,0.0,0.0,0.0,0.0,1.0,0.0,0.0,0.0,9.0,4.0,0.0,0.0,0.0,0.0,0.0,0.0,0.0,0.0,6.0,12.0,1.0,12.15,5.01,2.51,1.5,0.0,0.0,0.0,0.4,0.0,0.2,0.5,0.4,-169.60000000000002,0.0,0.0,169.70000000000002,0.0,21.700000000000003,29.200000000000003,29.200000000000003,29.8,300.0,300.0,31.5,35.6,29.1,28.3,30.200000000000003,4.96,1.99,4.96,0.16,0.0,0.0,1027.0,8228.0,0.0,0.0,0.0,0.0,0.0,1.0,0.0,0.0,0.0,0.0,0.0,1.0,0.0,-0.2,0.0,0.0001,16.0,25903.0
2026-07-30T19:01:25.988Z,255.471,255.486,0.0,7.4,0.0,0.0,0.0,0.0,0.0,0.0,0.0,0.0,1.0,0.0,0.0,0.0,9.0,4.0,0.0,0.0,0.0,0.0,0.0,0.0,0.0,0.0,2.0,12.0,1.0,12.15,5.01,2.51,1.5,0.0,0.0,0.0,0.5,0.0,-0.8,0.6000000000000001,0.0,-169.60000000000002,0.0,0.0,169.70000000000002,0.0,21.700000000000003,29.200000000000003,29.200000000000003,29.8,300.0,300.0,31.5,35.6,29.1,28.3,30.200000000000003,4.95,1.99,4.96,0.16,0.0,0.0,1027.0,8228.0,0.0,0.0,0.0,0.0,0.0,1.0,0.0,0.0,0.0,0.0,0.0,0.6000000000000001,0.0,0.2,0.0,0.0001,16.0,25903.0
2026-07-30T19:01:26.002Z,255.485,255.498,0.0,7.4,0.0,0.0,0.0,0.0,0.0,0.0,0.0,0.0,1.0,0.0,0.0,0.0,9.0,4.0,0.0,0.0,0.0,0.0,0.0,0.0,0.0,0.0,3.0,12.0,1.0,12.17,5.0200000000000005,2.51,1.49,0.0,0.0,0.0,0.4,0.0,-0.3,0.0,-0.6000000000000001,-169.60000000000002,0.0,0.0,169.8,0.0,21.3,29.200000000000003,29.200000000000003,29.700000000000003,300.0,300.0,31.4,35.6,29.1,28.3,30.200000000000003,4.96,1.99,4.97,0.16,0.0,0.0,1027.0,8228.0,0.0,0.0,0.0,0.0,0.0,1.0,0.0,0.0,0.0,0.0,0.0,-0.4,0.0,0.5,0.0,0.0001,16.0,25903.0
2026-07-30T19:01:26.013Z,255.496,255.51,0.0,7.4,0.0,0.0,0.0,0.0,0.0,0.0,0.0,0.0,1.0,0.0,0.0,0.0,9.0,4.0,0.0,0.0,0.0,0.0,0.0,0.0,0.0,0.0,5.0,12.0,1.0,12.17,5.0200000000000005,2.51,1.49,0.0,0.0,0.0,0.4,0.0,0.2,0.6000000000000001,1.6,-169.60000000000002,0.0,0.0,169.70000000000002,0.0,21.3,29.200000000000003,29.200000000000003,29.700000000000003,300.0,300.0,31.4,35.6,29.1,28.3,30.200000000000003,4.95,2.0,4.97,0.16,0.0,0.0,1027.0,8228.0,0.0,0.0,0.0,0.0,0.0,1.0,0.0,0.0,0.0,0.0,0.0,1.9,0.0,-1.2000000000000002,0.0,0.0001,16.0,25903.0
2026-07-30T19:01:26.024Z,255.507,255.522,0.0,7.4,0.0,0.0,0.0,0.0,0.0,0.0,0.0,0.0,1.0,0.0,0.0,0.0,9.0,4.0,0.0,0.0,0.0,0.0,0.0,0.0,0.0,0.0,5.0,12.0,1.0,12.17,5.0200000000000005,2.51,1.49,0.0,0.1,0.0,0.4,0.0,-0.3,0.6000000000000001,-1.3,-169.60000000000002,0.0,0.0,169.8,0.0,21.3,29.200000000000003,29.200000000000003,29.700000000000003,300.0,300.0,31.4,35.6,29.1,28.3,30.200000000000003,4.95,1.99,4.97,0.16,0.0,0.0,1027.0,8228.0,0.0,0.0,0.0,0.0,0.0,1.0,0.0,0.0,0.0,0.0,0.0,-0.3,0.0,1.3,0.0,0.0,16.0,25903.0
2026-07-30T19:01:26.036Z,255.519,255.534,0.0,7.4,0.0,0.0,0.0,0.0,0.0,0.0,0.0,0.0,1.0,0.0,0.0,0.0,9.0,4.0,0.0,0.0,0.0,0.0,0.0,0.0,0.0,0.0,6.0,12.0,1.0,12.17,5.0200000000000005,2.51,1.49,0.0,0.0,0.0,0.5,0.0,-0.3,-1.0,-1.3,-169.70000000000002,0.0,0.0,169.70000000000002,0.0,21.3,29.200000000000003,29.200000000000003,29.700000000000003,300.0,300.0,31.4,35.6,29.1,28.3,30.200000000000003,4.95,1.99,4.97,0.16,0.0,0.0,1027.0,8228.0,0.0,0.0,0.0,0.0,0.0,1.0,0.0,0.0,0.0,0.0,0.0,-2.2,0.0,0.9,0.0,0.0002,16.0,25903.0
2026-07-30T19:01:26.048Z,255.531,255.546,0.0,7.4,0.0,0.0,0.0,0.0,0.0,0.0,0.0,0.0,1.0,0.0,0.0,0.0,9.0,4.0,0.0,0.0,0.0,0.0,0.0,0.0,0.0,0.0,1.0,12.0,1.0,12.17,5.0200000000000005,2.51,1.49,0.0,0.1,0.0,0.4,0.0,-0.8,-1.0,-0.1,-169.70000000000002,0.0,0.0,169.8,0.0,21.3,29.200000000000003,29.200000000000003,29.700000000000003,300.0,300.0,31.4,35.6,29.1,28.3,30.200000000000003,4.96,1.99,4.96,0.16,0.0,0.0,1027.0,8228.0,0.0,0.0,0.0,0.0,0.0,1.0,0.0,0.0,0.0,0.0,0.0,-1.3,0.0,-0.1,0.0,0.0,16.0,25903.0
2026-07-30T19:01:26.060Z,255.543,255.558,0.0,7.4,0.0,0.0,0.0,0.0,0.0,0.0,0.0,0.0,1.0,0.0,0.0,0.0,9.0,4.0,0.0,0.0,0.0,0.0,0.0,0.0,0.0,0.0,2.0,12.0,1.0,12.17,5.0200000000000005,2.51,1.49,0.0,0.0,0.0,0.5,0.0,0.2,-0.4,-0.7000000000000001,-169.70000000000002,0.0,0.0,169.70000000000002,0.0,21.3,29.200000000000003,29.200000000000003,29.700000000000003,300.0,300.0,31.4,35.6,29.1,28.3,30.200000000000003,4.96,1.99,4.97,0.16,0.0,0.0,1027.0,8228.0,0.0,0.0,0.0,0.0,0.0,1.0,0.0,0.0,0.0,0.0,0.0,-1.0,0.0,0.5,0.0,0.0001,16.0,25903.0
2026-07-30T19:01:26.073Z,255.556,255.57,0.0,7.4,0.0,0.0,0.0,0.0,0.0,0.0,0.0,0.0,1.0,0.0,0.0,0.0,9.0,4.0,0.0,0.0,0.0,0.0,0.0,0.0,0.0,0.0,3.0,12.0,1.0,12.17,5.0200000000000005,2.51,1.49,0.0,0.0,0.0,0.4,0.0,0.2,0.0,1.0,-169.70000000000002,0.0,0.0,169.60000000000002,0.0,21.3,29.200000000000003,29.200000000000003,29.700000000000003,300.0,300.0,31.4,35.6,29.1,28.3,30.200000000000003,4.96,1.99,4.97,0.16,0.0,0.0,1027.0,8228.0,0.0,0.0,0.0,0.0,0.0,1.0,0.0,0.0,0.0,0.0,0.0,0.2,0.0,0.7000000000000001,0.0,0.0,16.0,25903.0
2026-07-30T19:01:26.084Z,255.567,255.582,0.0,7.4,0.0,0.0,0.0,0.0,0.0,0.0,0.0,0.0,1.0,0.0,0.0,0.0,9.0,4.0,0.0,0.0,0.0,0.0,0.0,0.0,0.0,0.0,5.0,12.0,1.0,12.17,5.0200000000000005,2.51,1.49,0.0,0.0,0.0,0.5,0.0,-0.3,0.1,-0.7000000000000001,-169.70000000000002,0.0,0.0,169.60000000000002,0.0,21.3,29.200000000000003,29.200000000000003,29.700000000000003,300.0,300.0,31.4,35.6,29.1,28.3,30.200000000000003,4.96,1.99,4.97,0.16,0.0,0.0,1027.0,8228.0,0.0,0.0,0.0,0.0,0.0,1.0,0.0,0.0,0.0,0.0,0.0,-0.6000000000000001,0.0,0.0,0.0,0.0001,16.0,25903.0
2026-07-30T19:01:26.097Z,255.58,255.594,0.0,7.4,0.0,0.0,0.0,0.0,0.0,0.0,0.0,0.0,1.0,0.0,0.0,0.0,9.0,4.0,0.0,0.0,0.0,0.0,0.0,0.0,0.0,0.0,6.0,12.0,1.0,12.17,5.0200000000000005,2.51,1.49,0.0,0.0,0.0,0.4,0.0,0.2,0.7000000000000001,0.0,-169.70000000000002,0.0,0.0,169.8,0.0,21.3,29.200000000000003,29.200000000000003,29.700000000000003,300.0,300.0,31.4,35.6,29.1,28.3,30.200000000000003,4.96,1.99,4.96,0.16,0.0,0.0,1027.0,8228.0,0.0,0.0,0.0,0.0,0.0,1.0,0.0,0.0,0.0,0.0,0.0,0.7000000000000001,0.0,0.2,0.0,0.0001,16.0,25903.0
2026-07-30T19:01:26.109Z,255.592,255.606,0.0,7.4,0.0,0.0,0.0,0.0,0.0,0.0,0.0,0.0,1.0,0.0,0.0,0.0,9.0,4.0,0.0,0.0,0.0,0.0,0.0,0.0,0.0,0.0,1.0,12.0,1.0,12.14,5.01,2.5,1.5,0.0,0.0,0.0,0.4,0.0,-0.3,-1.0,-0.1,-169.70000000000002,0.0,0.0,169.8,0.0,21.8,29.200000000000003,29.200000000000003,29.700000000000003,300.0,300.0,31.5,35.6,29.1,28.3,30.200000000000003,4.95,2.0,4.97,0.16,0.0,0.0,1027.0,8228.0,0.0,0.0,0.0,0.0,0.0,1.0,0.0,0.0,0.0,0.0,0.0,-1.2000000000000002,0.0,-0.1,0.0,0.0003,16.0,25903.0
2026-07-30T19:01:26.124Z,255.607,255.618,0.0,7.4,0.0,0.0,0.0,0.0,0.0,0.0,0.0,0.0,1.0,0.0,0.0,0.0,9.0,4.0,0.0,0.0,0.0,0.0,0.0,0.0,0.0,0.0,2.0,12.0,1.0,12.14,5.01,2.5,1.5,0.0,0.0,0.0,0.4,0.0,0.2,0.6000000000000001,0.4,-169.70000000000002,0.0,0.0,169.70000000000002,0.0,21.8,29.200000000000003,29.200000000000003,29.700000000000003,300.0,300.0,31.5,35.6,29.1,28.3,30.200000000000003,4.95,1.99,4.96,0.16,0.0,0.0,1027.0,8228.0,0.0,0.0,0.0,0.0,0.0,1.0,0.0,0.0,0.0,0.0,0.0,1.0,0.0,-0.2,0.0,0.0002,16.0,25903.0
2026-07-30T19:01:26.133Z,255.616,255.63,0.0,7.4,0.0,0.0,0.0,0.0,0.0,0.0,0.0,0.0,1.0,0.0,0.0,0.0,9.0,4.0,0.0,0.0,0.0,0.0,0.0,0.0,0.0,0.0,1.0,12.0,1.0,12.14,5.01,2.5,1.5,0.0,0.0,0.0,0.4,0.0,-0.3,0.6000000000000001,-0.1,-169.70000000000002,0.0,0.0,169.60000000000002,0.0,21.8,29.200000000000003,29.200000000000003,29.700000000000003,300.0,300.0,31.5,35.6,29.1,28.3,30.200000000000003,4.96,1.99,4.96,0.16,0.0,0.0,1027.0,8228.0,0.0,0.0,0.0,0.0,0.0,1.0,0.0,0.0,0.0,0.0,0.0,0.6000000000000001,0.0,0.2,0.0,0.0003,16.0,25903.0
2026-07-30T19:01:26.145Z,255.628,255.642,0.0,7.4,0.0,0.0,0.0,0.0,0.0,0.0,0.0,0.0,1.0,0.0,0.0,0.0,9.0,4.0,0.0,0.0,0.0,0.0,0.0,0.0,0.0,0.0,2.0,12.0,1.0,12.14,5.01,2.5,1.5,0.0,0.0,0.0,0.4,0.0,0.2,0.1,1.0,-169.70000000000002,0.0,0.0,169.70000000000002,0.0,21.8,29.200000000000003,29.200000000000003,29.700000000000003,300.0,300.0,31.5,35.6,29.1,28.3,30.200000000000003,4.95,1.99,4.97,0.16,0.0,0.0,1027.0,8228.0,0.0,0.0,0.0,0.0,0.0,1.0,0.0,0.0,0.0,0.0,0.0,0.9,0.0,-0.8,0.0,0.0001,16.0,25903.0
2026-07-30T19:01:26.156Z,255.639,255.654,0.0,7.4,0.0,0.0,0.0,0.0,0.0,0.0,0.0,0.0,1.0,0.0,0.0,0.0,9.0,4.0,0.0,0.0,0.0,0.0,0.0,0.0,0.0,0.0,3.0,12.0,1.0,12.14,5.01,2.5,1.5,0.0,0.0,0.0,0.5,0.0,0.2,-0.4,-0.7000000000000001,-169.70000000000002,0.0,0.0,169.70000000000002,0.0,21.8,29.200000000000003,29.200000000000003,29.700000000000003,300.0,300.0,31.5,35.6,29.1,28.3,30.200000000000003,4.95,1.99,4.97,0.16,0.0,0.0,1027.0,8228.0,0.0,0.0,0.0,0.0,0.0,1.0,0.0,0.0,0.0,0.0,0.0,-1.0,0.0,0.5,0.0,0.0,16.0,25903.0
2026-07-30T19:01:26.169Z,255.652,255.666,0.0,7.4,0.0,0.0,0.0,0.0,0.0,0.0,0.0,0.0,1.0,0.0,0.0,0.0,9.0,4.0,0.0,0.0,0.0,0.0,0.0,0.0,0.0,0.0,4.0,12.0,1.0,12.14,5.01,2.5,1.5,0.0,0.0,0.0,0.4,0.0,-0.2,0.7000000000000001,-0.7000000000000001,-169.70000000000002,0.0,0.0,169.70000000000002,0.0,21.8,29.200000000000003,29.200000000000003,29.700000000000003,300.0,300.0,31.5,35.6,29.1,28.3,30.200000000000003,4.95,1.99,4.96,0.16,0.0,0.0,1027.0,8228.0,0.0,0.0,0.0,0.0,0.0,1.0,0.0,0.0,0.0,0.0,0.0,0.2,0.0,0.7000000000000001,0.0,0.0,16.0,25903.0
2026-07-30T19:01:26.181Z,255.664,255.678,0.0,7.4,0.0,0.0,0.0,0.0,0.0,0.0,0.0,0.0,1.0,0.0,0.0,0.0,9.0,4.0,0.0,0.0,0.0,0.0,0.0,0.0,0.0,0.0,5.0,12.0,1.0,12.14,5.01,2.5,1.5,0.0,0.0,0.0,0.4,0.0,0.2,0.6000000000000001,1.0,-169.70000000000002,0.0,0.0,169.8,0.0,21.8,29.200000000000003,29.200000000000003,29.700000000000003,300.0,300.0,31.5,35.6,29.1,28.3,30.200000000000003,4.96,1.99,4.96,0.16,0.0,0.0,1027.0,8228.0,0.0,0.0,0.0,0.0,0.0,1.0,0.0,0.0,0.0,0.0,0.0,1.5,0.0,-0.7000000000000001,0.0,0.0,16.0,25903.0
2026-07-30T19:01:26.192Z,255.675,255.69,0.0,7.4,0.0,0.0,0.0,0.0,0.0,0.0,0.0,0.0,1.0,0.0,0.0,0.0,9.0,4.0,0.0,0.0,0.0,0.0,0.0,0.0,0.0,0.0,6.0,12.0,1.0,12.14,5.01,2.5,1.5,0.0,0.0,0.0,0.4,0.0,-0.3,-0.4,-0.7000000000000001,-169.70000000000002,0.0,0.0,169.70000000000002,0.0,21.8,29.200000000000003,29.200000000000003,29.700000000000003,300.0,300.0,31.5,35.6,29.1,28.3,30.200000000000003,4.95,1.99,4.97,0.16,0.0,0.0,1027.0,8228.0,0.0,0.0,0.0,0.0,0.0,1.0,0.0,0.0,0.0,0.0,0.0,-1.1,0.0,0.5,0.0,0.0001,16.0,25903.0
2026-07-30T19:01:26.206Z,255.689,255.702,0.0,7.4,0.0,0.0,0.0,0.0,0.0,0.0,0.0,0.0,1.0,0.0,0.0,0.0,9.0,4.0,0.0,0.0,0.0,0.0,0.0,0.0,0.0,0.0,1.0,12.0,1.0,12.18,5.01,2.51,1.49,0.0,0.0,0.0,0.4,0.0,0.8,-0.5,1.6,-169.70000000000002,0.0,0.0,169.8,0.0,20.9,29.200000000000003,29.200000000000003,29.700000000000003,300.0,300.0,31.5,35.6,29.1,28.3,30.200000000000003,4.96,1.99,4.97,0.16,0.0,0.0,1027.0,8228.0,0.0,0.0,0.0,0.0,0.0,1.0,0.0,0.0,0.0,0.0,0.0,0.6000000000000001,0.0,-1.5,0.0,0.0,16.0,25903.0
2026-07-30T19:01:26.217Z,255.7,255.714,0.0,7.4,0.0,0.0,0.0,0.0,0.0,0.0,0.0,0.0,1.0,0.0,0.0,0.0,9.0,4.0,0.0,0.0,0.0,0.0,0.0,0.0,0.0,0.0,2.0,12.0,1.0,12.18,5.01,2.51,1.49,0.0,0.0,0.0,0.4,0.0,-0.3,0.0,-0.7000000000000001,-169.70000000000002,0.0,0.0,169.70000000000002,0.0,20.9,29.200000000000003,29.200000000000003,29.700000000000003,300.0,300.0,31.5,35.6,29.1,28.3,30.200000000000003,4.96,2.0,4.96,0.16,0.0,0.0,1027.0,8228.0,0.0,0.0,0.0,0.0,0.0,1.0,0.0,0.0,0.0,0.0,0.0,-0.4,0.0,0.6000000000000001,0.0,0.0,16.0,25903.0
2026-07-30T19:01:26.229Z,255.712,255.726,0.0,7.4,0.0,0.0,0.0,0.0,0.0,0.0,0.0,0.0,1.0,0.0,0.0,0.0,9.0,4.0,0.0,0.0,0.0,0.0,0.0,0.0,0.0,0.0,3.0,12.0,1.0,12.18,5.01,2.51,1.49,0.0,0.0,0.0,0.4,0.0,1.4,0.6000000000000001,0.4,-169.70000000000002,0.0,0.0,169.70000000000002,0.0,20.9,29.200000000000003,29.200000000000003,29.700000000000003,300.0,300.0,31.5,35.6,29.1,28.3,30.200000000000003,4.96,1.99,4.96,0.16,0.0,0.0,1027.0,8228.0,0.0,0.0,0.0,0.0,0.0,1.0,0.0,0.0,0.0,0.0,0.0,1.1,0.0,-0.2,0.0,0.0001,16.0,25903.0
2026-07-30T19:01:26.241Z,255.724,255.738,0.0,7.4,0.0,0.0,0.0,0.0,0.0,0.0,0.0,0.0,1.0,0.0,0.0,0.0,9.0,4.0,0.0,0.0,0.0,0.0,0.0,0.0,0.0,0.0,4.0,12.0,1.0,12.18,5.01,2.51,1.49,0.0,0.0,0.0,0.4,0.0,0.1,-0.5,-1.3,-169.70000000000002,0.0,0.0,169.8,0.0,20.9,29.200000000000003,29.200000000000003,29.700000000000003,300.0,300.0,31.5,35.6,29.1,28.3,30.200000000000003,4.95,1.99,4.97,0.16,0.0,0.0,1027.0,8228.0,0.0,0.0,0.0,0.0,0.0,1.0,0.0,0.0,0.0,0.0,0.0,-1.5,0.0,1.0,0.0,0.0,16.0,25903.0
2026-07-30T19:01:26.252Z,255.735,255.75,0.0,7.4,0.0,0.0,0.0,0.0,0.0,0.0,0.0,0.0,1.0,0.0,0.0,0.0,9.0,4.0,0.0,0.0,0.0,0.0,0.0,0.0,0.0,0.0,6.0,12.0,1.0,12.18,5.01,2.51,1.49,0.0,0.0,0.0,0.4,0.0,-0.3,-0.5,-0.1,-169.70000000000002,0.0,0.0,169.70000000000002,0.0,20.9,29.200000000000003,29.200000000000003,29.700000000000003,300.0,300.0,31.5,35.6,29.1,28.3,30.200000000000003,4.96,1.99,4.96,0.16,0.0,0.0,1027.0,8228.0,0.0,0.0,0.0,0.0,0.0,1.0,0.0,0.0,0.0,0.0,0.0,-0.7000000000000001,0.0,0.0,0.0,0.0001,16.0,25903.0
2026-07-30T19:01:26.265Z,255.748,255.762,0.0,7.4,0.0,0.0,0.0,0.0,0.0,0.0,0.0,0.0,1.0,0.0,0.0,0.0,9.0,4.0,0.0,0.0,0.0,0.0,0.0,0.0,0.0,0.0,1.0,12.0,1.0,12.18,5.01,2.51,1.49,0.0,0.0,0.0,0.4,0.0,-0.4,0.0,-0.7000000000000001,-169.70000000000002,0.0,0.0,169.70000000000002,0.0,20.9,29.200000000000003,29.200000000000003,29.700000000000003,300.0,300.0,31.5,35.6,29.1,28.3,30.200000000000003,4.96,1.99,4.97,0.16,0.0,0.0,1027.0,8228.0,0.0,0.0,0.0,0.0,0.0,1.0,0.0,0.0,0.0,0.0,0.0,-0.5,0.0,0.6000000000000001,0.0,0.0001,16.0,25903.0
2026-07-30T19:01:26.277Z,255.76,255.774,0.0,7.4,0.0,0.0,0.0,0.0,0.0,0.0,0.0,0.0,1.0,0.0,0.0,0.0,9.0,4.0,0.0,0.0,0.0,0.0,0.0,0.0,0.0,0.0,2.0,12.0,1.0,12.18,5.01,2.51,1.49,0.0,0.0,0.0,0.4,0.0,-0.4,0.0,0.9,-169.70000000000002,0.0,0.0,169.70000000000002,0.0,20.9,29.200000000000003,29.200000000000003,29.700000000000003,300.0,300.0,31.5,35.6,29.1,28.3,30.200000000000003,4.95,1.99,4.97,0.16,0.0,0.0,1027.0,8228.0,0.0,0.0,0.0,0.0,0.0,1.0,0.0,0.0,0.0,0.0,0.0,0.7000000000000001,0.0,-0.8,0.0,0.0,16.0,25903.0
2026-07-30T19:01:26.289Z,255.772,255.786,0.0,7.4,0.0,0.0,0.0,0.0,0.0,0.0,0.0,0.0,1.0,0.0,0.0,0.0,9.0,4.0,0.0,0.0,0.0,0.0,0.0,0.0,0.0,0.0,3.0,12.0,1.0,12.18,5.01,2.51,1.49,0.0,0.0,0.0,0.4,0.0,0.7000000000000001,0.6000000000000001,-0.1,-169.70000000000002,0.0,0.0,169.60000000000002,0.0,20.9,29.200000000000003,29.200000000000003,29.700000000000003,300.0,300.0,31.5,35.6,29.1,28.3,30.200000000000003,4.95,1.99,4.96,0.16,0.0,0.0,1027.0,8228.0,0.0,0.0,0.0,0.0,0.0,1.0,0.0,0.0,0.0,0.0,0.0,0.5,0.0,0.2,0.0,0.0001,16.0,25903.0
2026-07-30T19:01:26.301Z,255.784,255.798,0.0,7.4,0.0,0.0,0.0,0.0,0.0,0.0,0.0,0.0,1.0,0.0,0.0,0.0,9.0,4.0,0.0,0.0,0.0,0.0,0.0,0.0,0.0,0.0,4.0,12.0,1.0,12.18,5.01,2.51,1.49,0.0,0.0,0.0,0.4,0.0,0.1,-1.0,-0.1,-169.70000000000002,0.0,0.0,169.70000000000002,0.0,20.9,29.200000000000003,29.200000000000003,29.700000000000003,300.0,300.0,31.5,35.6,29.1,28.3,30.200000000000003,4.95,2.0,4.96,0.16,0.0,0.0,1027.0,8228.0,0.0,0.0,0.0,0.0,0.0,1.0,0.0,0.0,0.0,0.0,0.0,-1.3,0.0,-0.1,0.0,0.0001,16.0,25903.0
2026-07-30T19:01:26.313Z,255.796,255.81,0.0,7.4,0.0,0.0,0.0,0.0,0.0,0.0,0.0,0.0,1.0,0.0,0.0,0.0,9.0,4.0,0.0,0.0,0.0,0.0,0.0,0.0,0.0,0.0,5.0,12.0,1.0,12.17,5.01,2.51,1.49,0.0,0.0,0.0,0.4,0.0,-0.3,0.0,-0.1,-169.60000000000002,0.0,0.0,169.60000000000002,0.0,21.3,29.200000000000003,29.200000000000003,29.700000000000003,300.0,300.0,31.4,35.5,29.1,28.3,30.200000000000003,4.95,1.99,4.97,0.16,0.0,0.0,1027.0,8228.0,0.0,0.0,0.0,0.0,0.0,1.0,0.0,0.0,0.0,0.0,0.0,0.0,0.0,0.1,0.0,0.0,16.0,25903.0
2026-07-30T19:01:26.325Z,255.808,255.822,0.0,7.4,0.0,0.0,0.0,0.0,0.0,0.0,0.0,0.0,1.0,0.0,0.0,0.0,9.0,4.0,0.0,0.0,0.0,0.0,0.0,0.0,0.0,0.0,6.0,12.0,1.0,12.17,5.01,2.51,1.49,0.0,0.1,0.0,0.4,0.0,0.7000000000000001,0.0,0.3,-169.60000000000002,0.0,0.0,169.60000000000002,0.0,21.3,29.200000000000003,29.200000000000003,29.700000000000003,300.0,300.0,31.4,35.5,29.1,28.3,30.200000000000003,4.95,1.99,4.97,0.16,0.0,0.0,1027.0,8228.0,0.0,0.0,0.0,0.0,0.0,1.0,0.0,0.0,0.0,0.0,0.0,0.3,0.0,-0.3,0.0,0.0,16.0,25903.0
2026-07-30T19:01:26.337Z,255.82,255.834,0.0,7.4,0.0,0.0,0.0,0.0,0.0,0.0,0.0,0.0,1.0,0.0,0.0,0.0,9.0,4.0,0.0,0.0,0.0,0.0,0.0,0.0,0.0,0.0,1.0,12.0,1.0,12.17,5.01,2.51,1.49,0.0,0.0,0.0,0.4,0.0,0.7000000000000001,-1.1,-0.2,-169.60000000000002,0.0,0.0,169.60000000000002,0.0,21.3,29.200000000000003,29.200000000000003,29.700000000000003,300.0,300.0,31.4,35.5,29.1,28.3,30.200000000000003,4.96,1.99,4.96,0.15,0.0,0.0,1027.0,8228.0,0.0,0.0,0.0,0.0,0.0,1.0,0.0,0.0,0.0,0.0,0.0,-1.4,0.0,0.0,0.0,0.0,16.0,25903.0
2026-07-30T19:01:26.348Z,255.831,255.846,0.0,7.4,0.0,0.0,0.0,0.0,0.0,0.0,0.0,0.0,1.0,0.0,0.0,0.0,9.0,4.0,0.0,0.0,0.0,0.0,0.0,0.0,0.0,0.0,2.0,12.0,1.0,12.17,5.01,2.51,1.49,0.0,0.0,0.0,0.4,0.0,0.2,1.2000000000000002,-0.2,-169.60000000000002,0.0,0.0,169.60000000000002,0.0,21.3,29.200000000000003,29.200000000000003,29.700000000000003,300.0,300.0,31.4,35.5,29.1,28.3,30.200000000000003,4.95,1.99,4.97,0.15,0.0,0.0,1027.0,8228.0,0.0,0.0,0.0,0.0,0.0,1.0,0.0,0.0,0.0,0.0,0.0,1.3,0.0,0.4,0.0,0.0,16.0,25903.0
2026-07-30T19:01:26.360Z,255.843,255.858,0.0,7.4,0.0,0.0,0.0,0.0,0.0,0.0,0.0,0.0,1.0,0.0,0.0,0.0,9.0,4.0,0.0,0.0,0.0,0.0,0.0,0.0,0.0,0.0,3.0,12.0,1.0,12.17,5.01,2.51,1.49,0.0,0.1,0.0,0.5,0.0,0.2,0.6000000000000001,-0.1,-169.60000000000002,0.0,0.0,169.60000000000002,0.0,21.3,29.200000000000003,29.200000000000003,29.700000000000003,300.0,300.0,31.4,35.5,29.1,28.3,30.200000000000003,4.95,1.99,4.96,0.16,0.0,0.0,1027.0,8228.0,0.0,0.0,0.0,0.0,0.0,1.0,0.0,0.0,0.0,0.0,0.0,0.6000000000000001,0.0,0.2,0.0,0.0,16.0,25903.0
2026-07-30T19:01:26.372Z,255.855,255.87,0.0,7.4,0.0,0.0,0.0,0.0,0.0,0.0,0.0,0.0,1.0,0.0,0.0,0.0,9.0,4.0,0.0,0.0,0.0,0.0,0.0,0.0,0.0,0.0,4.0,12.0,1.0,12.17,5.01,2.51,1.49,0.0,0.1,0.0,0.5,0.0,0.2,1.8,0.9,-169.60000000000002,0.0,0.0,169.70000000000002,0.0,21.3,29.200000000000003,29.200000000000003,29.700000000000003,300.0,300.0,31.4,35.5,29.1,28.3,30.200000000000003,4.95,2.0,4.96,0.16,0.0,0.0,1027.0,8228.0,0.0,0.0,0.0,0.0,0.0,1.0,0.0,0.0,0.0,0.0,0.0,2.8000000000000003,0.0,-0.4,0.0,0.0,16.0,25903.0
2026-07-30T19:01:26.384Z,255.867,255.882,0.0,7.4,0.0,0.0,0.0,0.0,0.0,0.0,0.0,0.0,1.0,0.0,0.0,0.0,9.0,4.0,0.0,0.0,0.0,0.0,0.0,0.0,0.0,0.0,5.0,12.0,1.0,12.17,5.01,2.51,1.49,0.0,0.0,0.0,0.4,0.0,-0.3,-0.4,1.0,-169.60000000000002,0.0,0.0,169.70000000000002,0.0,21.3,29.200000000000003,29.200000000000003,29.700000000000003,300.0,300.0,31.4,35.5,29.1,28.3,30.200000000000003,4.95,2.0,4.97,0.16,0.0,0.0,1027.0,8228.0,0.0,0.0,0.0,0.0,0.0,1.0,0.0,0.0,0.0,0.0,0.0,0.2,0.0,-1.0,0.0,0.0,16.0,25903.0
2026-07-30T19:01:26.397Z,255.88,255.894,0.0,7.4,0.0,0.0,0.0,0.0,0.0,0.0,0.0,0.0,1.0,0.0,0.0,0.0,9.0,4.0,0.0,0.0,0.0,0.0,0.0,0.0,0.0,0.0,6.0,12.0,1.0,12.17,5.01,2.51,1.49,0.0,0.0,0.0,0.4,0.0,0.3,-1.0,-0.7000000000000001,-169.60000000000002,0.0,0.0,169.60000000000002,0.0,21.3,29.200000000000003,29.200000000000003,29.700000000000003,300.0,300.0,31.4,35.5,29.1,28.3,30.200000000000003,4.95,1.99,4.97,0.16,0.0,0.0,1027.0,8228.0,0.0,0.0,0.0,0.0,0.0,1.0,0.0,0.0,0.0,0.0,0.0,-1.7000000000000002,0.0,0.4,0.0,0.0001,16.0,25903.0
2026-07-30T19:01:26.410Z,255.893,255.906,0.0,7.4,0.0,0.0,0.0,0.0,0.0,0.0,0.0,0.0,1.0,0.0,0.0,0.0,9.0,4.0,0.0,0.0,0.0,0.0,0.0,0.0,0.0,0.0,1.0,12.0,1.0,12.18,5.01,2.51,1.49,0.0,0.0,0.0,0.4,0.0,-0.2,-1.0,-0.7000000000000001,-169.60000000000002,0.0,0.0,169.8,0.0,21.700000000000003,29.200000000000003,29.200000000000003,29.700000000000003,300.0,300.0,31.4,35.5,29.1,28.3,30.200000000000003,4.95,1.99,4.96,0.16,0.0,0.0,1027.0,8228.0,0.0,0.0,0.0,0.0,0.0,1.0,0.0,0.0,0.0,0.0,0.0,-1.7000000000000002,0.0,0.4,0.0,0.0001,16.0,25903.0
2026-07-30T19:01:26.421Z,255.904,255.918,0.0,7.4,0.0,0.0,0.0,0.0,0.0,0.0,0.0,0.0,1.0,0.0,0.0,0.0,9.0,4.0,0.0,0.0,0.0,0.0,0.0,0.0,0.0,0.0,2.0,12.0,1.0,12.18,5.01,2.51,1.49,0.0,0.0,0.0,0.4,0.0,0.9,0.1,-0.1,-169.60000000000002,0.0,0.0,169.8,0.0,21.700000000000003,29.200000000000003,29.200000000000003,29.700000000000003,300.0,300.0,31.4,35.5,29.1,28.3,30.200000000000003,4.96,1.99,4.96,0.16,0.0,0.0,1027.0,8228.0,0.0,0.0,0.0,0.0,0.0,1.0,0.0,0.0,0.0,0.0,0.0,0.0,0.0,0.1,0.0,0.0003,16.0,25903.0
2026-07-30T19:01:26.433Z,255.916,255.93,0.0,7.4,0.0,0.0,0.0,0.0,0.0,0.0,0.0,0.0,1.0,0.0,0.0,0.0,9.0,4.0,0.0,0.0,0.0,0.0,0.0,0.0,0.0,0.0,3.0,12.0,1.0,12.18,5.01,2.51,1.49,0.0,0.0,0.0,0.4,0.0,-0.2,-0.4,1.5,-169.60000000000002,0.0,0.0,169.8,0.0,21.700000000000003,29.200000000000003,29.200000000000003,29.700000000000003,300.0,300.0,31.4,35.5,29.1,28.3,30.200000000000003,4.95,1.99,4.97,0.16,0.0,0.0,1027.0,8228.0,0.0,0.0,0.0,0.0,0.0,1.0,0.0,0.0,0.0,0.0,0.0,0.7000000000000001,0.0,-1.4,0.0,0.0001,16.0,25903.0
2026-07-30T19:01:26.445Z,255.928,255.942,0.0,7.4,0.0,0.0,0.0,0.0,0.0,0.0,0.0,0.0,1.0,0.0,0.0,0.0,9.0,4.0,0.0,0.0,0.0,0.0,0.0,0.0,0.0,0.0,1.0,12.0,1.0,12.18,5.01,2.51,1.49,0.0,0.0,0.0,0.4,0.0,0.9,-0.4,1.6,-169.60000000000002,0.0,0.0,169.70000000000002,0.0,21.700000000000003,29.200000000000003,29.200000000000003,29.700000000000003,300.0,300.0,31.4,35.5,29.1,28.3,30.200000000000003,4.96,1.99,4.96,0.16,0.0,0.0,1027.0,8228.0,0.0,0.0,0.0,0.0,0.0,1.0,0.0,0.0,0.0,0.0,0.0,0.7000000000000001,0.0,-1.5,0.0,0.0002,16.0,25903.0
2026-07-30T19:01:26.457Z,255.94,255.954,0.0,7.4,0.0,0.0,0.0,0.0,0.0,0.0,0.0,0.0,1.0,0.0,0.0,0.0,9.0,4.0,0.0,0.0,0.0,0.0,0.0,0.0,0.0,0.0,3.0,12.0,1.0,12.18,5.01,2.51,1.49,0.0,0.0,0.0,0.4,0.0,0.8,1.2000000000000002,-0.1,-169.70000000000002,0.0,0.0,169.8,0.0,21.700000000000003,29.200000000000003,29.200000000000003,29.700000000000003,300.0,300.0,31.4,35.5,29.1,28.3,30.200000000000003,4.96,1.99,4.96,0.16,0.0,0.0,1027.0,8228.0,0.0,0.0,0.0,0.0,0.0,1.0,0.0,0.0,0.0,0.0,0.0,1.3,0.0,0.3,0.0,0.0001,16.0,25903.0
2026-07-30T19:01:26.469Z,255.952,255.966,0.0,7.4,0.0,0.0,0.0,0.0,0.0,0.0,0.0,0.0,1.0,0.0,0.0,0.0,9.0,4.0,0.0,0.0,0.0,0.0,0.0,0.0,0.0,0.0,4.0,12.0,1.0,12.18,5.01,2.51,1.49,0.0,0.0,0.0,0.4,0.0,-0.2,0.1,-0.6000000000000001,-169.70000000000002,0.0,0.0,169.8,0.0,21.700000000000003,29.200000000000003,29.200000000000003,29.700000000000003,300.0,300.0,31.4,35.5,29.1,28.3,30.200000000000003,4.95,1.99,4.96,0.16,0.0,0.0,1027.0,8228.0,0.0,0.0,0.0,0.0,0.0,1.0,0.0,0.0,0.0,0.0,0.0,-0.2,0.0,0.6000000000000001,0.0,0.0001,16.0,25903.0
2026-07-30T19:01:26.481Z,255.964,255.978,0.0,7.4,0.0,0.0,0.0,0.0,0.0,0.0,0.0,0.0,1.0,0.0,0.0,0.0,9.0,4.0,0.0,0.0,0.0,0.0,0.0,0.0,0.0,0.0,4.0,12.0,1.0,12.18,5.01,2.51,1.49,0.0,0.0,0.0,0.4,0.0,-0.3,0.7000000000000001,-0.1,-169.70000000000002,0.0,0.0,169.8,0.0,21.700000000000003,29.200000000000003,29.200000000000003,29.700000000000003,300.0,300.0,31.4,35.5,29.1,28.3,30.200000000000003,4.95,1.99,4.97,0.16,0.0,0.0,1027.0,8228.0,0.0,0.0,0.0,0.0,0.0,1.0,0.0,0.0,0.0,0.0,0.0,0.7000000000000001,0.0,0.2,0.0,0.0001,16.0,25903.0
2026-07-30T19:01:26.493Z,255.976,255.99,0.0,7.4,0.0,0.0,0.0,0.0,0.0,0.0,0.0,0.0,1.0,0.0,0.0,0.0,9.0,4.0,0.0,0.0,0.0,0.0,0.0,0.0,0.0,0.0,5.0,12.0,1.0,12.18,5.01,2.51,1.49,0.0,0.0,0.0,0.4,0.0,-0.8,-0.3,-0.7000000000000001,-169.70000000000002,0.0,0.0,169.8,0.0,21.700000000000003,29.200000000000003,29.200000000000003,29.700000000000003,300.0,300.0,31.4,35.5,29.1,28.3,30.200000000000003,4.96,2.0,4.96,0.16,0.0,0.0,1027.0,8228.0,0.0,0.0,0.0,0.0,0.0,1.0,0.0,0.0,0.0,0.0,0.0,-0.9,0.0,0.5,0.0,0.0001,16.0,25903.0
2026-07-30T19:01:26.505Z,255.988,256.002,0.0,7.4,0.0,0.0,0.0,0.0,0.0,0.0,0.0,0.0,1.0,0.0,0.0,0.0,9.0,4.0,0.0,0.0,0.0,0.0,0.0,0.0,0.0,0.0,6.0,12.0,1.0,12.18,5.01,2.51,1.49,0.0,0.0,0.0,0.4,0.0,0.8,0.1,1.5,-169.70000000000002,0.0,0.0,169.8,0.0,21.700000000000003,29.200000000000003,29.200000000000003,29.700000000000003,300.0,300.0,31.4,35.5,29.1,28.3,30.200000000000003,4.96,1.99,4.97,0.16,0.0,0.0,1027.0,8228.0,0.0,0.0,0.0,0.0,0.0,1.0,0.0,0.0,0.0,0.0,0.0,1.3,0.0,-1.3,0.0,0.0001,16.0,25903.0
2026-07-30T19:01:26.517Z,256.0,256.014,0.0,7.4,0.0,0.0,0.0,0.0,0.0,0.0,0.0,0.0,1.0,0.0,0.0,0.0,9.0,4.0,0.0,0.0,0.0,0.0,0.0,0.0,0.0,0.0,1.0,12.0,1.0,12.17,5.01,2.5,1.5,0.0,0.0,0.0,0.4,0.0,-0.8,0.7000000000000001,-1.3,-169.70000000000002,0.0,0.0,169.8,0.0,21.4,29.200000000000003,29.200000000000003,29.700000000000003,300.0,300.0,31.5,35.6,29.1,28.3,30.200000000000003,4.95,2.0,4.97,0.16,0.0,0.0,1027.0,8228.0,0.0,0.0,0.0,0.0,0.0,1.0,0.0,0.0,0.0,0.0,0.0,-0.1,0.0,1.3,0.0,0.0001,16.0,25903.0
2026-07-30T19:01:26.529Z,256.012,256.026,0.0,7.4,0.0,0.0,0.0,0.0,0.0,0.0,0.0,0.0,1.0,0.0,0.0,0.0,9.0,4.0,0.0,0.0,0.0,0.0,0.0,0.0,0.0,0.0,3.0,12.0,1.0,12.17,5.01,2.5,1.5,0.0,0.0,0.0,0.4,0.0,-0.3,-0.4,0.3,-169.70000000000002,0.0,0.0,169.8,0.0,21.4,29.200000000000003,29.200000000000003,29.700000000000003,300.0,300.0,31.5,35.6,29.1,28.3,30.200000000000003,4.96,2.0,4.96,0.16,0.0,0.0,1027.0,8228.0,0.0,0.0,0.0,0.0,0.0,1.0,0.0,0.0,0.0,0.0,0.0,-0.2,0.0,-0.4,0.0,0.0001,16.0,25903.0
2026-07-30T19:01:26.541Z,256.024,256.038,0.0,7.4,0.0,0.0,0.0,0.0,0.0,0.0,0.0,0.0,1.0,0.0,0.0,0.0,9.0,4.0,0.0,0.0,0.0,0.0,0.0,0.0,0.0,0.0,4.0,12.0,1.0,12.17,5.01,2.5,1.5,0.0,0.0,0.0,0.4,0.0,-0.3,0.1,-0.1,-169.70000000000002,0.0,0.0,169.8,0.0,21.4,29.200000000000003,29.200000000000003,29.700000000000003,300.0,300.0,31.5,35.6,29.1,28.3,30.200000000000003,4.96,1.99,4.96,0.16,0.0,0.0,1027.0,8228.0,0.0,0.0,0.0,0.0,0.0,1.0,0.0,0.0,0.0,0.0,0.0,0.0,0.0,0.1,0.0,0.0,16.0,25903.0
2026-07-30T19:01:26.553Z,256.036,256.05,0.0,7.4,0.0,0.0,0.0,0.0,0.0,0.0,0.0,0.0,1.0,0.0,0.0,0.0,9.0,4.0,0.0,0.0,0.0,0.0,0.0,0.0,0.0,0.0,5.0,12.0,1.0,12.17,5.01,2.5,1.5,0.0,0.0,0.0,0.4,0.0,-0.3,0.6000000000000001,-0.2,-169.70000000000002,0.0,0.0,169.8,0.0,21.4,29.200000000000003,29.200000000000003,29.700000000000003,300.0,300.0,31.5,35.6,29.1,28.3,30.200000000000003,4.96,1.99,4.97,0.16,0.0,0.0,1027.0,8228.0,0.0,0.0,0.0,0.0,0.0,1.0,0.0,0.0,0.0,0.0,0.0,0.6000000000000001,0.0,0.3,0.0,0.0,16.0,25903.0
2026-07-30T19:01:26.565Z,256.048,256.062,0.0,7.4,0.0,0.0,0.0,0.0,0.0,0.0,0.0,0.0,1.0,0.0,0.0,0.0,9.0,4.0,0.0,0.0,0.0,0.0,0.0,0.0,0.0,0.0,1.0,12.0,1.0,12.17,5.01,2.5,1.5,0.0,0.0,0.0,0.4,0.0,0.2,-0.5,0.3,-169.70000000000002,0.0,0.0,169.8,0.0,21.4,29.200000000000003,29.200000000000003,29.700000000000003,300.0,300.0,31.5,35.6,29.1,28.3,30.200000000000003,4.95,2.0,4.97,0.16,0.0,0.0,1027.0,8228.0,0.0,0.0,0.0,0.0,0.0,1.0,0.0,0.0,0.0,0.0,0.0,-0.2,0.0,-0.4,0.0,0.0,16.0,25903.0
2026-07-30T19:01:26.577Z,256.06,256.074,0.0,7.4,0.0,0.0,0.0,0.0,0.0,0.0,0.0,0.0,1.0,0.0,0.0,0.0,9.0,4.0,0.0,0.0,0.0,0.0,0.0,0.0,0.0,0.0,2.0,12.0,1.0,12.17,5.01,2.5,1.5,0.0,0.0,0.0,0.4,0.0,0.2,0.1,0.3,-169.70000000000002,0.0,0.0,169.8,0.0,21.4,29.200000000000003,29.200000000000003,29.700000000000003,300.0,300.0,31.5,35.6,29.1,28.3,30.200000000000003,4.96,2.0,4.96,0.15,0.0,0.0,1027.0,8228.0,0.0,0.0,0.0,0.0,0.0,1.0,0.0,0.0,0.0,0.0,0.0,0.3,0.0,-0.2,0.0,0.0,16.0,25903.0
2026-07-30T19:01:26.588Z,256.071,256.086,0.0,7.4,0.0,0.0,0.0,0.0,0.0,0.0,0.0,0.0,1.0,0.0,0.0,0.0,9.0,4.0,0.0,0.0,0.0,0.0,0.0,0.0,0.0,0.0,3.0,12.0,1.0,12.17,5.01,2.5,1.5,0.0,0.0,0.0,0.4,0.0,0.1,0.0,0.8,-169.70000000000002,0.0,0.0,169.8,0.0,21.4,29.200000000000003,29.200000000000003,29.700000000000003,300.0,300.0,31.5,35.6,29.1,28.3,30.200000000000003,4.95,1.99,4.97,0.15,0.0,0.0,1027.0,8228.0,0.0,0.0,0.0,0.0,0.0,1.0,0.0,0.0,0.0,0.0,0.0,-1.2000000000000002,0.0,0.6000000000000001,0.0,0.0,16.0,25903.0
2026-07-30T19:01:26.600Z,256.083,256.098,0.0,7.4,0.0,0.0,0.0,0.0,0.0,0.0,0.0,0.0,1.0,0.0,0.0,0.0,9.0,4.0,0.0,0.0,0.0,0.0,0.0,0.0,0.0,0.0,4.0,12.0,1.0,12.17,5.01,2.5,1.5,0.0,0.0,0.0,0.4,0.0,-0.3,-0.5,-1.5,-169.70000000000002,0.0,0.0,169.8,0.0,21.4,29.200000000000003,29.200000000000003,29.700000000000003,300.0,300.0,31.5,35.6,29.1,28.3,30.200000000000003,4.95,1.99,4.97,0.16,0.0,0.0,1027.0,8228.0,0.0,0.0,0.0,0.0,0.0,1.0,0.0,0.0,0.0,0.0,0.0,-1.8,0.0,1.2000000000000002,0.0,0.0,16.0,25903.0
2026-07-30T19:01:26.614Z,256.097,256.11,0.0,7.4,0.0,0.0,0.0,0.0,0.0,0.0,0.0,0.0,1.0,0.0,0.0,0.0,9.0,4.0,0.0,0.0,0.0,0.0,0.0,0.0,0.0,0.0,5.0,12.0,1.0,12.17,5.0200000000000005,2.51,1.49,0.0,0.0,0.0,0.4,0.0,-0.4,-0.6000000000000001,-0.9,-169.70000000000002,0.0,0.0,169.8,0.0,21.8,29.200000000000003,29.200000000000003,29.8,300.0,300.0,31.6,35.6,29.1,28.3,30.200000000000003,4.96,2.0,4.97,0.16,0.0,0.0,1027.0,8228.0,0.0,0.0,0.0,0.0,0.0,1.0,0.0,0.0,0.0,0.0,0.0,1.2000000000000002,0.0,-0.6000000000000001,0.0,0.0,16.0,25903.0
2026-07-30T19:01:26.624Z,256.107,256.122,0.0,7.4,0.0,0.0,0.0,0.0,0.0,0.0,0.0,0.0,1.0,0.0,0.0,0.0,9.0,4.0,0.0,0.0,0.0,0.0,0.0,0.0,0.0,0.0,1.0,12.0,1.0,12.17,5.0200000000000005,2.51,1.49,0.0,0.0,0.0,0.4,0.0,-0.3,-0.6000000000000001,0.8,-169.70000000000002,0.0,0.0,169.60000000000002,0.0,21.8,29.200000000000003,29.200000000000003,29.8,300.0,300.0,31.6,35.6,29.1,28.3,30.200000000000003,4.96,2.0,4.97,0.17,0.0,0.0,1027.0,8228.0,0.0,0.0,0.0,0.0,0.0,1.0,0.0,0.0,0.0,0.0,0.0,0.0,0.0,-0.8,0.0,0.0001,16.0,25903.0
2026-07-30T19:01:26.637Z,256.12,256.134,0.0,7.4,0.0,0.0,0.0,0.0,0.0,0.0,0.0,0.0,1.0,0.0,0.0,0.0,9.0,4.0,0.0,0.0,0.0,0.0,0.0,0.0,0.0,0.0,2.0,12.0,1.0,12.17,5.0200000000000005,2.51,1.49,0.0,0.0,0.0,0.4,0.0,0.2,-0.6000000000000001,0.8,-169.70000000000002,0.0,0.0,169.70000000000002,0.0,21.8,29.200000000000003,29.200000000000003,29.8,300.0,300.0,31.6,35.6,29.1,28.3,30.200000000000003,4.95,1.99,4.97,0.17,0.0,0.0,1027.0,8228.0,0.0,0.0,0.0,0.0,0.0,1.0,0.0,0.0,0.0,0.0,0.0,0.0,0.0,-0.8,0.0,0.0001,16.0,25903.0
2026-07-30T19:01:26.649Z,256.132,256.146,0.0,7.4,0.0,0.0,0.0,0.0,0.0,0.0,0.0,0.0,1.0,0.0,0.0,0.0,9.0,4.0,0.0,0.0,0.0,0.0,0.0,0.0,0.0,0.0,3.0,12.0,1.0,12.17,5.0200000000000005,2.51,1.49,0.0,0.0,0.0,0.4,0.0,0.1,1.1,2.0,-169.70000000000002,0.0,0.0,169.8,0.0,21.8,29.200000000000003,29.200000000000003,29.8,300.0,300.0,31.6,35.6,29.1,28.3,30.200000000000003,4.95,1.99,4.96,0.16,0.0,0.0,1027.0,8228.0,0.0,0.0,0.0,0.0,0.0,1.0,0.0,0.0,0.0,0.0,0.0,2.8000000000000003,0.0,-1.5,0.0,0.0,16.0,25903.0
2026-07-30T19:01:26.661Z,256.144,256.158,0.0,7.4,0.0,0.0,0.0,0.0,0.0,0.0,0.0,0.0,1.0,0.0,0.0,0.0,9.0,4.0,0.0,0.0,0.0,0.0,0.0,0.0,0.0,0.0,4.0,12.0,1.0,12.17,5.0200000000000005,2.51,1.49,0.0,0.1,0.0,0.4,0.0,0.1,-0.5,-2.6,-169.70000000000002,0.0,0.0,169.8,0.0,21.8,29.200000000000003,29.200000000000003,29.8,300.0,300.0,31.6,35.6,29.1,28.3,30.200000000000003,4.96,1.99,4.96,0.16,0.0,0.0,1027.0,8228.0,0.0,0.0,0.0,0.0,0.0,1.0,0.0,0.0,0.0,0.0,0.0,-2.5,0.0,2.2,0.0,0.0003,16.0,25903.0
2026-07-30T19:01:26.672Z,256.155,256.17,0.0,7.4,0.0,0.0,0.0,0.0,0.0,0.0,0.0,0.0,1.0,0.0,0.0,0.0,9.0,4.0,0.0,0.0,0.0,0.0,0.0,0.0,0.0,0.0,5.0,12.0,1.0,12.17,5.0200000000000005,2.51,1.49,0.0,0.1,0.0,0.5,0.0,0.1,0.6000000000000001,-0.2,-169.70000000000002,0.0,0.0,169.70000000000002,0.0,21.8,29.200000000000003,29.200000000000003,29.8,300.0,300.0,31.6,35.6,29.1,28.3,30.200000000000003,4.95,1.99,4.97,0.16,0.0,0.0,1027.0,8228.0,0.0,0.0,0.0,0.0,0.0,1.0,0.0,0.0,0.0,0.0,0.0,0.5,0.0,0.3,0.0,0.0,16.0,25903.0
2026-07-30T19:01:26.685Z,256.168,256.182,0.0,7.4,0.0,0.0,0.0,0.0,0.0,0.0,0.0,0.0,1.0,0.0,0.0,0.0,9.0,4.0,0.0,0.0,0.0,0.0,0.0,0.0,0.0,0.0,6.0,12.0,1.0,12.17,5.0200000000000005,2.51,1.49,0.0,0.0,0.0,0.4,0.0,0.1,-1.0,0.8,-169.70000000000002,0.0,0.0,169.8,0.0,21.8,29.200000000000003,29.200000000000003,29.8,300.0,300.0,31.6,35.6,29.1,28.3,30.200000000000003,4.96,1.99,4.96,0.16,0.0,0.0,1027.0,8228.0,0.0,0.0,0.0,0.0,0.0,1.0,0.0,0.0,0.0,0.0,0.0,-0.5,0.0,-1.0,0.0,0.0002,16.0,25903.0
2026-07-30T19:01:26.697Z,256.18,256.194,0.0,7.4,0.0,0.0,0.0,0.0,0.0,0.0,0.0,0.0,1.0,0.0,0.0,0.0,9.0,4.0,0.0,0.0,0.0,0.0,0.0,0.0,0.0,0.0,2.0,12.0,1.0,12.17,5.0200000000000005,2.51,1.49,0.0,0.0,0.0,0.4,0.0,-0.3,0.0,-0.3,-169.70000000000002,0.0,0.0,169.8,0.0,21.8,29.200000000000003,29.200000000000003,29.8,300.0,300.0,31.6,35.6,29.1,28.3,30.200000000000003,4.96,2.0,4.96,0.16,0.0,0.0,1027.0,8228.0,0.0,0.0,0.0,0.0,0.0,1.0,0.0,0.0,0.0,0.0,0.0,-0.1,0.0,0.2,0.0,0.0001,16.0,25903.0
2026-07-30T19:01:26.709Z,256.192,256.206,0.0,7.4,0.0,0.0,0.0,0.0,0.0,0.0,0.0,0.0,1.0,0.0,0.0,0.0,9.0,4.0,0.0,0.0,0.0,0.0,0.0,0.0,0.0,0.0,3.0,12.0,1.0,12.17,5.0200000000000005,2.51,1.49,0.0,0.0,0.0,0.4,0.0,-0.3,1.1,-0.2,-169.70000000000002,0.0,0.0,169.8,0.0,21.8,29.200000000000003,29.200000000000003,29.8,300.0,300.0,31.6,35.6,29.1,28.3,30.200000000000003,4.95,1.99,4.96,0.16,0.0,0.0,1027.0,8228.0,0.0,0.0,0.0,0.0,0.0,1.0,0.0,0.0,0.0,0.0,0.0,1.1,0.0,0.5,0.0,0.0001,16.0,25903.0
2026-07-30T19:01:26.720Z,256.203,256.218,0.0,7.4,0.0,0.0,0.0,0.0,0.0,0.0,0.0,0.0,1.0,0.0,0.0,0.0,9.0,4.0,0.0,0.0,0.0,0.0,0.0,0.0,0.0,0.0,4.0,12.0,1.0,12.17,5.0200000000000005,2.51,1.49,0.0,0.0,0.0,0.4,0.0,0.2,-1.0,-0.8,-169.70000000000002,0.0,0.0,169.70000000000002,0.0,21.3,29.200000000000003,29.200000000000003,29.700000000000003,300.0,300.0,31.4,35.5,29.1,28.3,30.200000000000003,4.95,1.99,4.97,0.16,0.0,0.0,1027.0,8228.0,0.0,0.0,0.0,0.0,0.0,1.0,0.0,0.0,0.0,0.0,0.0,-1.8,0.0,0.5,0.0,0.0,16.0,25903.0
2026-07-30T19:01:26.732Z,256.215,256.23,0.0,7.4,0.0,0.0,0.0,0.0,0.0,0.0,0.0,0.0,1.0,0.0,0.0,0.0,9.0,4.0,0.0,0.0,0.0,0.0,0.0,0.0,0.0,0.0,5.0,12.0,1.0,12.17,5.0200000000000005,2.51,1.49,0.0,0.0,0.0,0.4,0.0,-0.3,-0.4,1.5,-169.70000000000002,0.0,0.0,169.8,0.0,21.3,29.200000000000003,29.200000000000003,29.700000000000003,300.0,300.0,31.4,35.5,29.1,28.3,30.200000000000003,4.96,1.99,4.96,0.16,0.0,0.0,1027.0,8228.0,0.0,0.0,0.0,0.0,0.0,1.0,0.0,0.0,0.0,0.0,0.0,0.5,0.0,-1.4,0.0,0.0001,16.0,25903.0
2026-07-30T19:01:26.745Z,256.228,256.242,0.0,7.4,0.0,0.0,0.0,0.0,0.0,0.0,0.0,0.0,1.0,0.0,0.0,0.0,9.0,4.0,0.0,0.0,0.0,0.0,0.0,0.0,0.0,0.0,6.0,12.0,1.0,12.17,5.0200000000000005,2.51,1.49,0.0,0.0,0.0,0.4,0.0,-0.3,0.0,0.3,-169.70000000000002,0.0,0.0,169.70000000000002,0.0,21.3,29.200000000000003,29.200000000000003,29.700000000000003,300.0,300.0,31.4,35.5,29.1,28.3,30.200000000000003,4.96,1.99,4.97,0.16,0.0,0.0,1027.0,8228.0,0.0,0.0,0.0,0.0,0.0,1.0,0.0,0.0,0.0,0.0,0.0,0.3,0.0,-0.2,0.0,0.0,16.0,25903.0
2026-07-30T19:01:26.756Z,256.239,256.254,0.0,7.4,0.0,0.0,0.0,0.0,0.0,0.0,0.0,0.0,1.0,0.0,0.0,0.0,9.0,4.0,0.0,0.0,0.0,0.0,0.0,0.0,0.0,0.0,6.0,12.0,1.0,12.17,5.0200000000000005,2.51,1.49,0.0,0.0,0.0,0.4,0.0,-0.3,0.0,-0.8,-169.70000000000002,0.0,0.0,169.8,0.0,21.3,29.200000000000003,29.200000000000003,29.700000000000003,300.0,300.0,31.4,35.5,29.1,28.3,30.200000000000003,4.95,1.99,4.97,0.16,0.0,0.0,1027.0,8228.0,0.0,0.0,0.0,0.0,0.0,1.0,0.0,0.0,0.0,0.0,0.0,-0.5,0.0,0.7000000000000001,0.0,0.0,16.0,25903.0
2026-07-30T19:01:26.769Z,256.252,256.266,0.0,7.4,0.0,0.0,0.0,0.0,0.0,0.0,0.0,0.0,1.0,0.0,0.0,0.0,9.0,4.0,0.0,0.0,0.0,0.0,0.0,0.0,0.0,0.0,6.0,12.0,1.0,12.17,5.0200000000000005,2.51,1.49,0.0,0.0,0.0,0.4,0.0,-0.9,-0.5,-1.4,-169.70000000000002,0.0,0.0,169.8,0.0,21.3,29.200000000000003,29.200000000000003,29.700000000000003,300.0,300.0,31.4,35.5,29.1,28.3,30.200000000000003,4.96,1.99,4.97,0.16,0.0,0.0,1027.0,8228.0,0.0,0.0,0.0,0.0,0.0,1.0,0.0,0.0,0.0,0.0,0.0,-1.6,0.0,1.1,0.0,0.0,16.0,25903.0
2026-07-30T19:01:26.780Z,256.263,256.278,0.0,7.4,0.0,0.0,0.0,0.0,0.0,0.0,0.0,0.0,1.0,0.0,0.0,0.0,9.0,4.0,0.0,0.0,0.0,0.0,0.0,0.0,0.0,0.0,1.0,12.0,1.0,12.17,5.0200000000000005,2.51,1.49,0.0,0.0,0.0,0.4,0.0,-0.3,0.0,-0.2,-169.70000000000002,0.0,0.0,169.8,0.0,21.3,29.200000000000003,29.200000000000003,29.700000000000003,300.0,300.0,31.4,35.5,29.1,28.3,30.200000000000003,4.96,2.0,4.96,0.16,0.0,0.0,1027.0,8228.0,0.0,0.0,0.0,0.0,0.0,1.0,0.0,0.0,0.0,0.0,0.0,-0.1,0.0,0.2,0.0,0.0001,16.0,25903.0
2026-07-30T19:01:26.792Z,256.275,256.29,0.0,7.4,0.0,0.0,0.0,0.0,0.0,0.0,0.0,0.0,1.0,0.0,0.0,0.0,9.0,4.0,0.0,0.0,0.0,0.0,0.0,0.0,0.0,0.0,2.0,12.0,1.0,12.17,5.0200000000000005,2.51,1.49,0.0,0.0,0.0,0.4,0.0,-0.9,0.6000000000000001,-0.3,-169.70000000000002,0.0,0.0,169.8,0.0,21.3,29.200000000000003,29.200000000000003,29.700000000000003,300.0,300.0,31.4,35.5,29.1,28.3,30.200000000000003,4.96,1.99,4.96,0.16,0.0,0.0,1027.0,8228.0,0.0,0.0,0.0,0.0,0.0,1.0,0.0,0.0,0.0,0.0,0.0,0.5,0.0,0.4,0.0,0.0001,16.0,25903.0
2026-07-30T19:01:26.805Z,256.288,256.302,0.0,7.4,0.0,0.0,0.0,0.0,0.0,0.0,0.0,0.0,1.0,0.0,0.0,0.0,9.0,4.0,0.0,0.0,0.0,0.0,0.0,0.0,0.0,0.0,3.0,12.0,1.0,12.17,5.0200000000000005,2.51,1.49,0.0,0.0,0.0,0.4,0.0,-0.2,0.6000000000000001,0.2,-169.70000000000002,0.0,0.0,169.70000000000002,0.0,21.3,29.200000000000003,29.200000000000003,29.700000000000003,300.0,300.0,31.4,35.5,29.1,28.3,30.200000000000003,4.95,1.99,4.96,0.16,0.0,0.0,1027.0,8228.0,0.0,0.0,0.0,0.0,0.0,1.0,0.0,0.0,0.0,0.0,0.0,0.9,0.0,0.0,0.0,0.0,16.0,25903.0
2026-07-30T19:01:26.818Z,256.301,256.314,0.0,7.4,0.0,0.0,0.0,0.0,0.0,0.0,0.0,0.0,1.0,0.0,0.0,0.0,9.0,4.0,0.0,0.0,0.0,0.0,0.0,0.0,0.0,0.0,4.0,12.0,1.0,12.18,5.01,2.5,1.49,0.0,0.0,0.0,0.4,0.0,-0.8,-2.2,-2.1,-169.70000000000002,0.0,0.0,169.8,0.0,21.700000000000003,29.200000000000003,29.200000000000003,29.700000000000003,300.0,300.0,31.5,35.5,29.1,28.3,30.200000000000003,4.95,1.99,4.96,0.16,0.0,0.0,1027.0,8228.0,0.0,0.0,0.0,0.0,0.0,1.0,0.0,0.0,0.0,0.0,0.0,-4.1000000000000005,0.0,1.4,0.0,0.0,16.0,25903.0
2026-07-30T19:01:26.828Z,256.311,256.326,0.0,7.4,0.0,0.0,0.0,0.0,0.0,0.0,0.0,0.0,1.0,0.0,0.0,0.0,9.0,4.0,0.0,0.0,0.0,0.0,0.0,0.0,0.0,0.0,5.0,12.0,1.0,12.18,5.01,2.5,1.49,0.0,0.0,0.0,0.4,0.0,-0.3,-0.5,1.3,-169.70000000000002,0.0,0.0,169.70000000000002,0.0,21.700000000000003,29.200000000000003,29.200000000000003,29.700000000000003,300.0,300.0,31.5,35.5,29.1,28.3,30.200000000000003,4.95,1.99,4.97,0.16,0.0,0.0,1027.0,8228.0,0.0,0.0,0.0,0.0,0.0,1.0,0.0,0.0,0.0,0.0,0.0,0.4,0.0,-1.3,0.0,0.0002,16.0,25903.0
2026-07-30T19:01:26.841Z,256.324,256.338,0.0,7.4,0.0,0.0,0.0,0.0,0.0,0.0,0.0,0.0,1.0,0.0,0.0,0.0,9.0,4.0,0.0,0.0,0.0,0.0,0.0,0.0,0.0,0.0,6.0,12.0,1.0,12.18,5.01,2.5,1.49,0.0,0.0,0.0,0.4,0.0,-0.9,0.0,-0.9,-169.70000000000002,0.0,0.0,169.8,0.0,21.700000000000003,29.200000000000003,29.200000000000003,29.700000000000003,300.0,300.0,31.5,35.5,29.1,28.3,30.200000000000003,4.95,1.99,4.96,0.16,0.0,0.0,1027.0,8228.0,0.0,0.0,0.0,0.0,0.0,1.0,0.0,0.0,0.0,0.0,0.0,-0.5,0.0,0.8,0.0,0.0001,16.0,25903.0
2026-07-30T19:01:26.853Z,256.336,256.35,0.0,7.4,0.0,0.0,0.0,0.0,0.0,0.0,0.0,0.0,1.0,0.0,0.0,0.0,9.0,4.0,0.0,0.0,0.0,0.0,0.0,0.0,0.0,0.0,1.0,12.0,1.0,12.18,5.01,2.5,1.49,0.0,0.1,0.0,0.5,0.0,-0.2,0.7000000000000001,1.4,-169.70000000000002,0.0,0.0,169.8,0.0,21.700000000000003,29.200000000000003,29.200000000000003,29.700000000000003,300.0,300.0,31.5,35.5,29.1,28.3,30.200000000000003,4.95,1.99,4.96,0.16,0.0,0.0,1027.0,8228.0,0.0,0.0,0.0,0.0,0.0,1.0,0.0,0.0,0.0,0.0,0.0,1.8,0.0,-1.1,0.0,0.0,16.0,25903.0
2026-07-30T19:01:26.865Z,256.348,256.362,0.0,7.4,0.0,0.0,0.0,0.0,0.0,0.0,0.0,0.0,1.0,0.0,0.0,0.0,9.0,4.0,0.0,0.0,0.0,0.0,0.0,0.0,0.0,0.0,3.0,12.0,1.0,12.18,5.01,2.5,1.49,0.0,0.1,0.0,0.4,0.0,-0.2,0.1,0.8,-169.70000000000002,0.0,0.0,169.8,0.0,21.700000000000003,29.200000000000003,29.200000000000003,29.700000000000003,300.0,300.0,31.5,35.5,29.1,28.3,30.200000000000003,4.95,1.99,4.96,0.16,0.0,0.0,1027.0,8228.0,0.0,0.0,0.0,0.0,0.0,1.0,0.0,0.0,0.0,0.0,0.0,0.7000000000000001,0.0,-0.7000000000000001,0.0,0.0,16.0,25903.0
2026-07-30T19:01:26.877Z,256.36,256.374,0.0,7.4,0.0,0.0,0.0,0.0,0.0,0.0,0.0,0.0,1.0,0.0,0.0,0.0,9.0,4.0,0.0,0.0,0.0,0.0,0.0,0.0,0.0,0.0,3.0,12.0,1.0,12.18,5.01,2.5,1.49,0.0,0.0,0.0,0.4,0.0,0.9,0.0,2.0,-169.70000000000002,0.0,0.0,169.70000000000002,0.0,21.700000000000003,29.200000000000003,29.200000000000003,29.700000000000003,300.0,300.0,31.5,35.5,29.1,28.3,30.200000000000003,4.95,1.99,4.97,0.16,0.0,0.0,1027.0,8228.0,0.0,0.0,0.0,0.0,0.0,1.0,0.0,0.0,0.0,0.0,0.0,1.6,0.0,-1.7000000000000002,0.0,0.0,16.0,25903.0
2026-07-30T19:01:26.889Z,256.372,256.386,0.0,7.4,0.0,0.0,0.0,0.0,0.0,0.0,0.0,0.0,1.0,0.0,0.0,0.0,9.0,4.0,0.0,0.0,0.0,0.0,0.0,0.0,0.0,0.0,4.0,12.0,1.0,12.18,5.01,2.5,1.49,0.0,0.0,0.0,0.4,0.0,-0.2,0.6000000000000001,0.9,-169.70000000000002,0.0,0.0,169.8,0.0,21.700000000000003,29.200000000000003,29.200000000000003,29.700000000000003,300.0,300.0,31.5,35.5,29.1,28.3,30.200000000000003,4.95,1.99,4.96,0.16,0.0,0.0,1027.0,8228.0,0.0,0.0,0.0,0.0,0.0,1.0,0.0,0.0,0.0,0.0,0.0,1.4,0.0,-0.6000000000000001,0.0,0.0,16.0,25903.0
2026-07-30T19:01:26.901Z,256.384,256.398,0.0,7.4,0.0,0.0,0.0,0.0,0.0,0.0,0.0,0.0,1.0,0.0,0.0,0.0,9.0,4.0,0.0,0.0,0.0,0.0,0.0,0.0,0.0,0.0,5.0,12.0,1.0,12.18,5.01,2.5,1.49,0.0,0.0,0.0,0.5,0.0,-0.2,0.1,-0.7000000000000001,-169.70000000000002,0.0,0.0,169.70000000000002,0.0,21.700000000000003,29.200000000000003,29.200000000000003,29.700000000000003,300.0,300.0,31.5,35.5,29.1,28.3,30.200000000000003,4.96,1.99,4.96,0.16,0.0,0.0,1027.0,8228.0,0.0,0.0,0.0,0.0,0.0,1.0,0.0,0.0,0.0,0.0,0.0,-0.3,0.0,0.7000000000000001,0.0,0.0001,16.0,25903.0
2026-07-30T19:01:26.913Z,256.396,256.41,0.0,7.4,0.0,0.0,0.0,0.0,0.0,0.0,0.0,0.0,1.0,0.0,0.0,0.0,9.0,4.0,0.0,0.0,0.0,0.0,0.0,0.0,0.0,0.0,6.0,12.0,1.0,12.18,5.01,2.5,1.49,0.0,0.0,0.0,0.4,0.0,-0.2,-1.0,1.5,-169.70000000000002,0.0,0.0,169.70000000000002,0.0,21.700000000000003,29.200000000000003,29.200000000000003,29.700000000000003,300.0,300.0,31.5,35.5,29.1,28.3,30.200000000000003,4.95,1.99,4.97,0.16,0.0,0.0,1027.0,8228.0,0.0,0.0,0.0,0.0,0.0,1.0,0.0,0.0,0.0,0.0,0.0,0.0,0.0,-1.5,0.0,0.0,16.0,25903.0
2026-07-30T19:01:26.925Z,256.408,256.422,0.0,7.4,0.0,0.0,0.0,0.0,0.0,0.0,0.0,0.0,1.0,0.0,0.0,0.0,9.0,4.0,0.0,0.0,0.0,0.0,0.0,0.0,0.0,0.0,1.0,12.0,1.0,12.18,5.01,2.51,1.49,0.0,0.0,0.0,0.4,0.0,0.3,0.1,0.4,-169.70000000000002,0.0,0.0,169.60000000000002,0.0,21.0,29.200000000000003,29.200000000000003,29.700000000000003,300.0,300.0,31.5,35.6,29.1,28.3,30.200000000000003,4.96,1.99,4.96,0.16,0.0,0.0,1027.0,8228.0,0.0,0.0,0.0,0.0,0.0,1.0,0.0,0.0,0.0,0.0,0.0,0.5,0.0,-0.3,0.0,0.0001,16.0,25903.0
2026-07-30T19:01:26.936Z,256.419,256.434,0.0,7.4,0.0,0.0,0.0,0.0,0.0,0.0,0.0,0.0,1.0,0.0,0.0,0.0,9.0,4.0,0.0,0.0,0.0,0.0,0.0,0.0,0.0,0.0,3.0,12.0,1.0,12.18,5.01,2.51,1.49,0.0,0.0,0.0,0.4,0.0,-0.1,-1.0,-0.1,-169.70000000000002,0.0,0.0,169.70000000000002,0.0,21.0,29.200000000000003,29.200000000000003,29.700000000000003,300.0,300.0,31.5,35.6,29.1,28.3,30.200000000000003,4.96,2.0,4.97,0.16,0.0,0.0,1027.0,8228.0,0.0,0.0,0.0,0.0,0.0,1.0,0.0,0.0,0.0,0.0,0.0,-1.2000000000000002,0.0,0.0,0.0,0.0001,16.0,25903.0
2026-07-30T19:01:26.949Z,256.432,256.446,0.0,7.4,0.0,0.0,0.0,0.0,0.0,0.0,0.0,0.0,1.0,0.0,0.0,0.0,9.0,4.0,0.0,0.0,0.0,0.0,0.0,0.0,0.0,0.0,5.0,12.0,1.0,12.18,5.01,2.51,1.49,0.0,0.0,0.0,0.4,0.0,-0.1,0.1,-0.1,-169.70000000000002,0.0,0.0,169.60000000000002,0.0,21.0,29.200000000000003,29.200000000000003,29.700000000000003,300.0,300.0,31.5,35.6,29.1,28.3,30.200000000000003,4.95,1.99,4.97,0.16,0.0,0.0,1027.0,8228.0,0.0,0.0,0.0,0.0,0.0,1.0,0.0,0.0,0.0,0.0,0.0,0.0,0.0,0.1,0.0,0.0,16.0,25903.0
2026-07-30T19:01:26.960Z,256.443,256.458,0.0,7.4,0.0,0.0,0.0,0.0,0.0,0.0,0.0,0.0,1.0,0.0,0.0,0.0,9.0,4.0,0.0,0.0,0.0,0.0,0.0,0.0,0.0,0.0,6.0,12.0,1.0,12.18,5.01,2.51,1.49,0.0,0.0,0.0,0.4,0.0,0.4,-1.0,-0.6000000000000001,-169.70000000000002,0.0,0.0,169.60000000000002,0.0,21.0,29.200000000000003,29.200000000000003,29.700000000000003,300.0,300.0,31.5,35.6,29.1,28.3,30.200000000000003,4.96,1.99,4.97,0.16,0.0,0.0,1027.0,8228.0,0.0,0.0,0.0,0.0,0.0,1.0,0.0,0.0,0.0,0.0,0.0,-1.6,0.0,0.3,0.0,0.0,16.0,25903.0
2026-07-30T19:01:26.973Z,256.456,256.47,0.0,7.4,0.0,0.0,0.0,0.0,0.0,0.0,0.0,0.0,1.0,0.0,0.0,0.0,9.0,4.0,0.0,0.0,0.0,0.0,0.0,0.0,0.0,0.0,1.0,12.0,1.0,12.18,5.01,2.51,1.49,0.0,0.0,0.0,0.4,0.0,-0.7000000000000001,-1.0,0.4,-169.70000000000002,0.0,0.0,169.60000000000002,0.0,21.0,29.200000000000003,29.200000000000003,29.700000000000003,300.0,300.0,31.5,35.6,29.1,28.3,30.200000000000003,4.96,2.0,4.96,0.16,0.0,0.0,1027.0,8228.0,0.0,0.0,0.0,0.0,0.0,1.0,0.0,0.0,0.0,0.0,0.0,-0.8,0.0,-0.6000000000000001,0.0,0.0,16.0,25903.0
2026-07-30T19:01:26.985Z,256.468,256.482,0.0,7.4,0.0,0.0,0.0,0.0,0.0,0.0,0.0,0.0,1.0,0.0,0.0,0.0,9.0,4.0,0.0,0.0,0.0,0.0,0.0,0.0,0.0,0.0,3.0,12.0,1.0,12.18,5.01,2.51,1.49,0.0,0.0,0.0,0.4,0.0,-0.1,0.1,1.6,-169.70000000000002,0.0,0.0,169.70000000000002,0.0,21.0,29.200000000000003,29.200000000000003,29.700000000000003,300.0,300.0,31.5,35.6,29.1,28.3,30.200000000000003,4.96,1.99,4.97,0.16,0.0,0.0,1027.0,8228.0,0.0,0.0,0.0,0.0,0.0,1.0,0.0,0.0,0.0,0.0,0.0,1.3,0.0,-1.4,0.0,0.0,16.0,25903.0
2026-07-30T19:01:26.996Z,256.479,256.494,0.0,7.4,0.0,0.0,0.0,0.0,0.0,0.0,0.0,0.0,1.0,0.0,0.0,0.0,9.0,4.0,0.0,0.0,0.0,0.0,0.0,0.0,0.0,0.0,5.0,12.0,1.0,12.18,5.01,2.51,1.49,0.0,0.0,0.0,0.4,0.0,1.5,0.1,1.0,-169.70000000000002,0.0,0.0,169.60000000000002,0.0,21.0,29.200000000000003,29.200000000000003,29.700000000000003,300.0,300.0,31.5,35.6,29.1,28.3,30.200000000000003,4.95,1.99,4.97,0.16,0.0,0.0,1027.0,8228.0,0.0,0.0,0.0,0.0,0.0,1.0,0.0,0.0,0.0,0.0,0.0,0.9,0.0,-0.9,0.0,0.0,16.0,25903.0
2026-07-30T19:01:27.009Z,256.492,256.50600000000003,0.0,7.4,0.0,0.0,0.0,0.0,0.0,0.0,0.0,0.0,1.0,0.0,0.0,0.0,9.0,4.0,0.0,0.0,0.0,0.0,0.0,0.0,0.0,0.0,6.0,12.0,1.0,12.18,5.01,2.51,1.49,0.0,0.0,0.0,0.4,0.0,0.3,-0.4,0.4,-169.70000000000002,0.0,0.0,169.70000000000002,0.0,21.0,29.200000000000003,29.200000000000003,29.700000000000003,300.0,300.0,31.5,35.6,29.1,28.3,30.200000000000003,4.96,1.99,4.96,0.16,0.0,0.0,1027.0,8228.0,0.0,0.0,0.0,0.0,0.0,1.0,0.0,0.0,0.0,0.0,0.0,-0.2,0.0,-0.4,0.0,0.0,16.0,25903.0
2026-07-30T19:01:27.021Z,256.504,256.51800000000003,0.0,7.4,0.0,0.0,0.0,0.0,0.0,0.0,0.0,0.0,1.0,0.0,0.0,0.0,9.0,4.0,0.0,0.0,0.0,0.0,0.0,0.0,0.0,0.0,2.0,12.0,1.0,12.15,5.0200000000000005,2.51,1.49,0.0,0.1,0.0,0.4,0.0,-0.8,-1.0,-0.7000000000000001,-169.70000000000002,0.0,0.0,169.70000000000002,0.0,21.8,29.200000000000003,29.200000000000003,29.700000000000003,300.0,300.0,31.5,35.6,29.1,28.3,30.200000000000003,4.95,2.0,4.97,0.16,0.0,0.0,1027.0,8228.0,0.0,0.0,0.0,0.0,0.0,1.0,0.0,0.0,0.0,0.0,0.0,-1.7000000000000002,0.0,0.4,0.0,0.0,16.0,25903.0
2026-07-30T19:01:27.033Z,256.516,256.53000000000003,0.0,7.4,0.0,0.0,0.0,0.0,0.0,0.0,0.0,0.0,1.0,0.0,0.0,0.0,9.0,4.0,0.0,0.0,0.0,0.0,0.0,0.0,0.0,0.0,3.0,12.0,1.0,12.15,5.0200000000000005,2.51,1.49,0.0,0.1,0.0,0.4,0.0,-0.2,0.7000000000000001,0.4,-169.60000000000002,0.0,0.0,169.70000000000002,0.0,21.8,29.200000000000003,29.200000000000003,29.700000000000003,300.0,300.0,31.5,35.6,29.1,28.3,30.200000000000003,4.95,1.99,4.97,0.16,0.0,0.0,1027.0,8228.0,0.0,0.0,0.0,0.0,0.0,1.0,0.0,0.0,0.0,0.0,0.0,1.1,0.0,-0.2,0.0,0.0,16.0,25903.0
2026-07-30T19:01:27.044Z,256.527,256.54200000000003,0.0,7.4,0.0,0.0,0.0,0.0,0.0,0.0,0.0,0.0,1.0,0.0,0.0,0.0,9.0,4.0,0.0,0.0,0.0,0.0,0.0,0.0,0.0,0.0,5.0,12.0,1.0,12.15,5.0200000000000005,2.51,1.49,0.0,0.0,0.0,0.4,0.0,-0.2,0.1,-0.1,-169.60000000000002,0.0,0.0,169.70000000000002,0.0,21.8,29.200000000000003,29.200000000000003,29.700000000000003,300.0,300.0,31.5,35.6,29.1,28.3,30.200000000000003,4.95,1.99,4.97,0.16,0.0,0.0,1027.0,8228.0,0.0,0.0,0.0,0.0,0.0,1.0,0.0,0.0,0.0,0.0,0.0,0.0,0.0,0.1,0.0,0.0,16.0,25903.0
2026-07-30T19:01:27.057Z,256.54,256.55400000000003,0.0,7.4,0.0,0.0,0.0,0.0,0.0,0.0,0.0,0.0,1.0,0.0,0.0,0.0,9.0,4.0,0.0,0.0,0.0,0.0,0.0,0.0,0.0,0.0,6.0,12.0,1.0,12.15,5.0200000000000005,2.51,1.49,0.0,0.0,0.0,0.4,0.0,0.3,1.3,0.9,-169.60000000000002,0.0,0.0,169.60000000000002,0.0,21.8,29.200000000000003,29.200000000000003,29.700000000000003,300.0,300.0,31.5,35.6,29.1,28.3,30.200000000000003,4.96,1.99,4.96,0.16,0.0,0.0,1027.0,8228.0,0.0,0.0,0.0,0.0,0.0,1.0,0.0,0.0,0.0,0.0,0.0,2.2,0.0,-0.5,0.0,0.0,16.0,25903.0
2026-07-30T19:01:27.069Z,256.552,256.56600000000003,0.0,7.4,0.0,0.0,0.0,0.0,0.0,0.0,0.0,0.0,1.0,0.0,0.0,0.0,9.0,4.0,0.0,0.0,0.0,0.0,0.0,0.0,0.0,0.0,1.0,12.0,1.0,12.15,5.0200000000000005,2.51,1.49,0.0,0.0,0.0,0.4,0.0,-0.2,-0.4,-0.7000000000000001,-169.60000000000002,0.0,0.0,169.60000000000002,0.0,21.8,29.200000000000003,29.200000000000003,29.700000000000003,300.0,300.0,31.5,35.6,29.1,28.3,30.200000000000003,4.95,1.99,4.97,0.16,0.0,0.0,1027.0,8228.0,0.0,0.0,0.0,0.0,0.0,1.0,0.0,0.0,0.0,0.0,0.0,-1.0,0.0,0.5,0.0,0.0001,16.0,25903.0
2026-07-30T19:01:27.080Z,256.563,256.57800000000003,0.0,7.4,0.0,0.0,0.0,0.0,0.0,0.0,0.0,0.0,1.0,0.0,0.0,0.0,9.0,4.0,0.0,0.0,0.0,0.0,0.0,0.0,0.0,0.0,4.0,12.0,1.0,12.15,5.0200000000000005,2.51,1.49,0.0,0.0,0.0,0.4,0.0,0.3,0.6000000000000001,-0.7000000000000001,-169.60000000000002,0.0,0.0,169.70000000000002,0.0,21.8,29.200000000000003,29.200000000000003,29.700000000000003,300.0,300.0,31.5,35.6,29.1,28.3,30.200000000000003,4.95,1.99,4.96,0.16,0.0,0.0,1027.0,8228.0,0.0,0.0,0.0,0.0,0.0,1.0,0.0,0.0,0.0,0.0,0.0,0.1,0.0,0.8,0.0,0.0,16.0,25903.0
2026-07-30T19:01:27.093Z,256.576,256.59000000000003,0.0,7.4,0.0,0.0,0.0,0.0,0.0,0.0,0.0,0.0,1.0,0.0,0.0,0.0,9.0,4.0,0.0,0.0,0.0,0.0,0.0,0.0,0.0,0.0,5.0,12.0,1.0,12.15,5.0200000000000005,2.51,1.49,0.0,0.0,0.0,0.4,0.0,-0.3,1.2000000000000002,1.5,-169.60000000000002,0.0,0.0,169.60000000000002,0.0,21.8,29.200000000000003,29.200000000000003,29.700000000000003,300.0,300.0,31.5,35.6,29.1,28.3,30.200000000000003,4.96,2.0,4.96,0.16,0.0,0.0,1027.0,8228.0,0.0,0.0,0.0,0.0,0.0,1.0,0.0,0.0,0.0,0.0,0.0,-1.2000000000000002,0.0,0.6000000000000001,0.0,0.0,16.0,25903.0
2026-07-30T19:01:27.105Z,256.588,256.60200000000003,0.0,7.4,0.0,0.0,0.0,0.0,0.0,0.0,0.0,0.0,1.0,0.0,0.0,0.0,9.0,4.0,0.0,0.0,0.0,0.0,0.0,0.0,0.0,0.0,6.0,12.0,1.0,12.15,5.0200000000000005,2.51,1.49,0.0,0.0,0.0,0.4,0.0,-0.3,0.0,-0.2,-169.60000000000002,0.0,0.0,169.70000000000002,0.0,21.8,29.200000000000003,29.200000000000003,29.700000000000003,300.0,300.0,31.5,35.6,29.1,28.3,30.200000000000003,4.95,2.0,4.97,0.16,0.0,0.0,1027.0,8228.0,0.0,0.0,0.0,0.0,0.0,1.0,0.0,0.0,0.0,0.0,0.0,-0.1,0.0,0.2,0.0,0.0,16.0,25903.0
2026-07-30T19:01:27.116Z,256.599,256.61400000000003,0.0,7.4,0.0,0.0,0.0,0.0,0.0,0.0,0.0,0.0,1.0,0.0,0.0,0.0,9.0,4.0,0.0,0.0,0.0,0.0,0.0,0.0,0.0,0.0,2.0,12.0,1.0,12.15,5.0200000000000005,2.51,1.49,0.0,0.0,0.0,0.4,0.0,0.8,0.6000000000000001,0.9,-169.60000000000002,0.0,0.0,169.70000000000002,0.0,21.8,29.200000000000003,29.200000000000003,29.700000000000003,300.0,300.0,31.5,35.6,29.1,28.3,30.200000000000003,4.95,1.99,4.97,0.16,0.0,0.0,1027.0,8228.0,0.0,0.0,0.0,0.0,0.0,1.0,0.0,0.0,0.0,0.0,0.0,1.0,0.0,-0.1,0.0,0.0001,16.0,25903.0
2026-07-30T19:01:27.128Z,256.611,256.62600000000003,0.0,7.4,0.0,0.0,0.0,0.0,0.0,0.0,0.0,0.0,1.0,0.0,0.0,0.0,9.0,4.0,0.0,0.0,0.0,0.0,0.0,0.0,0.0,0.0,3.0,12.0,1.0,12.18,5.0200000000000005,2.51,1.49,0.0,0.0,0.0,0.4,0.0,-0.3,0.0,-0.7000000000000001,-169.60000000000002,0.0,0.0,169.60000000000002,0.0,21.700000000000003,29.200000000000003,29.200000000000003,29.700000000000003,300.0,300.0,31.5,35.6,29.1,28.3,30.200000000000003,4.95,1.99,4.96,0.16,0.0,0.0,1027.0,8228.0,0.0,0.0,0.0,0.0,0.0,1.0,0.0,0.0,0.0,0.0,0.0,0.9,0.0,-0.2,0.0,0.0001,16.0,25903.0
2026-07-30T19:01:27.140Z,256.623,256.63800000000003,0.0,7.4,0.0,0.0,0.0,0.0,0.0,0.0,0.0,0.0,1.0,0.0,0.0,0.0,9.0,4.0,0.0,0.0,0.0,0.0,0.0,0.0,0.0,0.0,5.0,12.0,1.0,12.18,5.0200000000000005,2.51,1.49,0.0,0.0,0.0,0.4,0.0,0.2,0.5,-0.8,-169.60000000000002,0.0,0.0,169.70000000000002,0.0,21.700000000000003,29.200000000000003,29.200000000000003,29.700000000000003,300.0,300.0,31.5,35.6,29.1,28.3,30.200000000000003,4.96,1.99,4.96,0.16,0.0,0.0,1027.0,8228.0,0.0,0.0,0.0,0.0,0.0,1.0,0.0,0.0,0.0,0.0,0.0,0.0,0.0,0.8,0.0,0.0,16.0,25903.0
2026-07-30T19:01:27.153Z,256.636,256.65,0.0,7.4,0.0,0.0,0.0,0.0,0.0,0.0,0.0,0.0,1.0,0.0,0.0,0.0,9.0,4.0,0.0,0.0,0.0,0.0,0.0,0.0,0.0,0.0,6.0,12.0,1.0,12.18,5.0200000000000005,2.51,1.49,0.0,0.0,0.0,0.4,0.0,0.8,0.5,0.3,-169.60000000000002,0.0,0.0,169.70000000000002,0.0,21.700000000000003,29.200000000000003,29.200000000000003,29.700000000000003,300.0,300.0,31.5,35.6,29.1,28.3,30.200000000000003,4.95,1.99,4.97,0.16,0.0,0.0,1027.0,8228.0,0.0,0.0,0.0,0.0,0.0,1.0,0.0,0.0,0.0,0.0,0.0,0.8,0.0,-0.1,0.0,0.0,16.0,25903.0
2026-07-30T19:01:27.164Z,256.647,256.662,0.0,7.4,0.0,0.0,0.0,0.0,0.0,0.0,0.0,0.0,1.0,0.0,0.0,0.0,9.0,4.0,0.0,0.0,0.0,0.0,0.0,0.0,0.0,0.0,2.0,12.0,1.0,12.18,5.0200000000000005,2.51,1.49,0.0,0.0,0.0,0.4,0.0,-0.8,-0.5,1.5,-169.60000000000002,0.0,0.0,169.60000000000002,0.0,21.700000000000003,29.200000000000003,29.200000000000003,29.700000000000003,300.0,300.0,31.5,35.6,29.1,28.3,30.200000000000003,4.95,1.99,4.97,0.16,0.0,0.0,1027.0,8228.0,0.0,0.0,0.0,0.0,0.0,1.0,0.0,0.0,0.0,0.0,0.0,0.4,0.0,-1.4,0.0,0.0,16.0,25903.0
2026-07-30T19:01:27.177Z,256.66,256.674,0.0,7.4,0.0,0.0,0.0,0.0,0.0,0.0,0.0,0.0,1.0,0.0,0.0,0.0,9.0,4.0,0.0,0.0,0.0,0.0,0.0,0.0,0.0,0.0,3.0,12.0,1.0,12.18,5.0200000000000005,2.51,1.49,0.0,0.0,0.0,0.4,0.0,-0.2,0.5,0.3,-169.60000000000002,0.0,0.0,169.70000000000002,0.0,21.700000000000003,29.200000000000003,29.200000000000003,29.700000000000003,300.0,300.0,31.5,35.6,29.1,28.3,30.200000000000003,4.95,2.0,4.97,0.16,0.0,0.0,1027.0,8228.0,0.0,0.0,0.0,0.0,0.0,1.0,0.0,0.0,0.0,0.0,0.0,0.9,0.0,-0.1,0.0,0.0001,16.0,25903.0
2026-07-30T19:01:27.188Z,256.671,256.686,0.0,7.4,0.0,0.0,0.0,0.0,0.0,0.0,0.0,0.0,1.0,0.0,0.0,0.0,9.0,4.0,0.0,0.0,0.0,0.0,0.0,0.0,0.0,0.0,5.0,12.0,1.0,12.18,5.0200000000000005,2.51,1.49,0.0,0.0,0.0,0.5,0.0,-0.2,0.0,0.3,-169.60000000000002,0.0,0.0,169.60000000000002,0.0,21.700000000000003,29.200000000000003,29.200000000000003,29.700000000000003,300.0,300.0,31.5,35.6,29.1,28.3,30.200000000000003,4.95,1.99,4.97,0.16,0.0,0.0,1027.0,8228.0,0.0,0.0,0.0,0.0,0.0,1.0,0.0,0.0,0.0,0.0,0.0,0.2,0.0,-0.2,0.0,0.0001,16.0,25903.0
2026-07-30T19:01:27.201Z,256.684,256.698,0.0,7.4,0.0,0.0,0.0,0.0,0.0,0.0,0.0,0.0,1.0,0.0,0.0,0.0,9.0,4.0,0.0,0.0,0.0,0.0,0.0,0.0,0.0,0.0,6.0,12.0,1.0,12.18,5.0200000000000005,2.51,1.49,0.0,0.0,0.0,0.4,0.0,0.3,0.6000000000000001,0.9,-169.60000000000002,0.0,0.0,169.8,0.0,21.700000000000003,29.200000000000003,29.200000000000003,29.700000000000003,300.0,300.0,31.5,35.6,29.1,28.3,30.200000000000003,4.95,1.99,4.97,0.16,0.0,0.0,1027.0,8228.0,0.0,0.0,0.0,0.0,0.0,1.0,0.0,0.0,0.0,0.0,0.0,1.3,0.0,-0.6000000000000001,0.0,0.0,16.0,25903.0
2026-07-30T19:01:27.212Z,256.695,256.71,0.0,7.4,0.0,0.0,0.0,0.0,0.0,0.0,0.0,0.0,1.0,0.0,0.0,0.0,9.0,4.0,0.0,0.0,0.0,0.0,0.0,0.0,0.0,0.0,2.0,12.0,1.0,12.18,5.0200000000000005,2.51,1.49,0.0,0.0,0.0,0.4,0.0,0.3,-0.5,0.3,-169.60000000000002,0.0,0.0,169.60000000000002,0.0,21.700000000000003,29.200000000000003,29.200000000000003,29.700000000000003,300.0,300.0,31.5,35.6,29.1,28.3,30.200000000000003,4.96,1.99,4.96,0.16,0.0,0.0,1027.0,8228.0,0.0,0.0,0.0,0.0,0.0,1.0,0.0,0.0,0.0,0.0,0.0,-0.4,0.0,-0.3,0.0,0.0001,16.0,25903.0
2026-07-30T19:01:27.226Z,256.709,256.722,0.0,7.4,0.0,0.0,0.0,0.0,0.0,0.0,0.0,0.0,1.0,0.0,0.0,0.0,9.0,4.0,0.0,0.0,0.0,0.0,0.0,0.0,0.0,0.0,3.0,12.0,1.0,12.18,5.0200000000000005,2.51,1.49,0.0,0.0,0.0,0.4,0.0,-0.2,0.0,-0.8,-169.60000000000002,0.0,0.0,169.60000000000002,0.0,21.700000000000003,29.200000000000003,29.200000000000003,29.700000000000003,300.0,300.0,31.5,35.6,29.1,28.3,30.200000000000003,4.96,1.99,4.97,0.16,0.0,0.0,1027.0,8228.0,0.0,0.0,0.0,0.0,0.0,1.0,0.0,0.0,0.0,0.0,0.0,-0.7000000000000001,0.0,0.7000000000000001,0.0,0.0002,16.0,25903.0
2026-07-30T19:01:27.236Z,256.719,256.734,0.0,7.4,0.0,0.0,0.0,0.0,0.0,0.0,0.0,0.0,1.0,0.0,0.0,0.0,9.0,4.0,0.0,0.0,0.0,0.0,0.0,0.0,0.0,0.0,5.0,12.0,1.0,12.18,5.0200000000000005,2.51,1.49,0.0,0.0,0.0,0.4,0.0,0.8,0.0,-0.2,-169.60000000000002,0.0,0.0,169.70000000000002,0.0,21.700000000000003,29.200000000000003,29.200000000000003,29.700000000000003,300.0,300.0,31.5,35.6,29.1,28.3,30.200000000000003,4.95,1.99,4.97,0.16,0.0,0.0,1027.0,8228.0,0.0,0.0,0.0,0.0,0.0,1.0,0.0,0.0,0.0,0.0,0.0,-0.2,0.0,0.2,0.0,0.0,16.0,25903.0
2026-07-30T19:01:27.249Z,256.732,256.746,0.0,7.4,0.0,0.0,0.0,0.0,0.0,0.0,0.0,0.0,1.0,0.0,0.0,0.0,9.0,4.0,0.0,0.0,0.0,0.0,0.0,0.0,0.0,0.0,6.0,12.0,1.0,12.18,5.0200000000000005,2.51,1.49,0.0,0.0,0.0,0.4,0.0,0.8,0.5,0.8,-169.60000000000002,0.0,0.0,169.8,0.0,21.700000000000003,29.200000000000003,29.200000000000003,29.700000000000003,300.0,300.0,31.5,35.6,29.1,28.3,30.200000000000003,4.96,1.99,4.97,0.16,0.0,0.0,1027.0,8228.0,0.0,0.0,0.0,0.0,0.0,1.0,0.0,0.0,0.0,0.0,0.0,1.2000000000000002,0.0,-0.6000000000000001,0.0,0.0,16.0,25903.0
2026-07-30T19:01:27.260Z,256.743,256.758,0.0,7.4,0.0,0.0,0.0,0.0,0.0,0.0,0.0,0.0,1.0,0.0,0.0,0.0,9.0,4.0,0.0,0.0,0.0,0.0,0.0,0.0,0.0,0.0,2.0,12.0,1.0,12.18,5.0200000000000005,2.51,1.49,0.0,0.0,0.0,0.5,0.0,-0.8,0.0,0.8,-169.60000000000002,0.0,0.0,169.70000000000002,0.0,21.700000000000003,29.200000000000003,29.200000000000003,29.700000000000003,300.0,300.0,31.5,35.6,29.1,28.3,30.200000000000003,4.95,2.0,4.96,0.16,0.0,0.0,1027.0,8228.0,0.0,0.0,0.0,0.0,0.0,1.0,0.0,0.0,0.0,0.0,0.0,0.6000000000000001,0.0,-0.7000000000000001,0.0,0.0001,16.0,25903.0
2026-07-30T19:01:27.273Z,256.756,256.77,0.0,7.4,0.0,0.0,0.0,0.0,0.0,0.0,0.0,0.0,1.0,0.0,0.0,0.0,9.0,4.0,0.0,0.0,0.0,0.0,0.0,0.0,0.0,0.0,3.0,12.0,1.0,12.18,5.0200000000000005,2.51,1.49,0.0,0.0,0.0,0.4,0.0,-0.2,0.0,0.2,-169.60000000000002,0.0,0.0,169.70000000000002,0.0,21.700000000000003,29.200000000000003,29.200000000000003,29.700000000000003,300.0,300.0,31.5,35.6,29.1,28.3,30.200000000000003,4.95,1.99,4.97,0.16,0.0,0.0,1027.0,8228.0,0.0,0.0,0.0,0.0,0.0,1.0,0.0,0.0,0.0,0.0,0.0,0.1,0.0,-0.2,0.0,0.0,16.0,25903.0
2026-07-30T19:01:27.285Z,256.768,256.782,0.0,7.4,0.0,0.0,0.0,0.0,0.0,0.0,0.0,0.0,1.0,0.0,0.0,0.0,9.0,4.0,0.0,0.0,0.0,0.0,0.0,0.0,0.0,0.0,4.0,12.0,1.0,12.18,5.0200000000000005,2.51,1.49,0.0,0.1,0.0,0.5,0.0,-0.2,0.5,-0.3,-169.60000000000002,0.0,0.0,169.8,0.0,21.700000000000003,29.200000000000003,29.200000000000003,29.700000000000003,300.0,300.0,31.5,35.6,29.1,28.3,30.200000000000003,4.96,2.0,4.97,0.16,0.0,0.0,1027.0,8228.0,0.0,0.0,0.0,0.0,0.0,1.0,0.0,0.0,0.0,0.0,0.0,0.3,0.0,0.4,0.0,0.0,16.0,25903.0
2026-07-30T19:01:27.296Z,256.779,256.794,0.0,7.4,0.0,0.0,0.0,0.0,0.0,0.0,0.0,0.0,1.0,0.0,0.0,0.0,9.0,4.0,0.0,0.0,0.0,0.0,0.0,0.0,0.0,0.0,6.0,12.0,1.0,12.18,5.0200000000000005,2.51,1.49,0.0,0.0,0.0,0.5,0.0,-0.8,-1.1,-0.3,-169.70000000000002,0.0,0.0,169.8,0.0,21.700000000000003,29.200000000000003,29.200000000000003,29.700000000000003,300.0,300.0,31.5,35.6,29.1,28.3,30.200000000000003,4.96,2.0,4.96,0.16,0.0,0.0,1027.0,8228.0,0.0,0.0,0.0,0.0,0.0,1.0,0.0,0.0,0.0,0.0,0.0,-1.5,0.0,0.0,0.0,0.0002,16.0,25903.0
2026-07-30T19:01:27.309Z,256.792,256.806,0.0,7.4,0.0,0.0,0.0,0.0,0.0,0.0,0.0,0.0,1.0,0.0,0.0,0.0,9.0,4.0,0.0,0.0,0.0,0.0,0.0,0.0,0.0,0.0,2.0,12.0,1.0,12.18,5.0200000000000005,2.51,1.49,0.0,0.0,0.0,0.4,0.0,-0.2,-1.1,0.2,-169.70000000000002,0.0,0.0,169.70000000000002,0.0,21.700000000000003,29.200000000000003,29.200000000000003,29.700000000000003,300.0,300.0,31.5,35.6,29.1,28.3,30.200000000000003,4.96,1.99,4.97,0.16,0.0,0.0,1027.0,8228.0,0.0,0.0,0.0,0.0,0.0,1.0,0.0,0.0,0.0,0.0,0.0,-1.0,0.0,-0.4,0.0,0.0,16.0,25903.0
2026-07-30T19:01:27.320Z,256.803,256.818,0.0,7.4,0.0,0.0,0.0,0.0,0.0,0.0,0.0,0.0,1.0,0.0,0.0,0.0,9.0,4.0,0.0,0.0,0.0,0.0,0.0,0.0,0.0,0.0,3.0,12.0,1.0,12.18,5.0200000000000005,2.51,1.49,0.0,0.0,0.0,0.4,0.0,-0.2,1.1,-0.9,-169.70000000000002,0.0,0.0,169.70000000000002,0.0,21.700000000000003,29.200000000000003,29.200000000000003,29.700000000000003,300.0,300.0,31.5,35.6,29.1,28.3,30.200000000000003,4.96,1.99,4.96,0.16,0.0,0.0,1027.0,8228.0,0.0,0.0,0.0,0.0,0.0,1.0,0.0,0.0,0.0,0.0,0.0,0.6000000000000001,0.0,1.0,0.0,0.0002,16.0,25903.0
2026-07-30T19:01:27.333Z,256.816,256.83,0.0,7.4,0.0,0.0,0.0,0.0,0.0,0.0,0.0,0.0,1.0,0.0,0.0,0.0,9.0,4.0,0.0,0.0,0.0,0.0,0.0,0.0,0.0,0.0,4.0,12.0,1.0,12.18,5.0200000000000005,2.51,1.49,0.0,0.0,0.0,0.4,0.0,0.2,-0.5,-0.9,-169.70000000000002,0.0,0.0,169.70000000000002,0.0,20.8,29.200000000000003,29.200000000000003,29.8,300.0,300.0,31.5,35.6,29.1,28.3,30.200000000000003,4.96,1.99,4.96,0.16,0.0,0.0,1027.0,8228.0,0.0,0.0,0.0,0.0,0.0,1.0,0.0,0.0,0.0,0.0,0.0,-1.3,0.0,0.6000000000000001,0.0,0.0001,16.0,25903.0
2026-07-30T19:01:27.344Z,256.827,256.842,0.0,7.4,0.0,0.0,0.0,0.0,0.0,0.0,0.0,0.0,1.0,0.0,0.0,0.0,9.0,4.0,0.0,0.0,0.0,0.0,0.0,0.0,0.0,0.0,6.0,12.0,1.0,12.18,5.0200000000000005,2.51,1.49,0.0,0.0,0.0,0.4,0.0,0.2,1.2000000000000002,2.0,-169.70000000000002,0.0,0.0,169.70000000000002,0.0,20.8,29.200000000000003,29.200000000000003,29.8,300.0,300.0,31.5,35.6,29.1,28.3,30.200000000000003,4.95,1.99,4.96,0.16,0.0,0.0,1027.0,8228.0,0.0,0.0,0.0,0.0,0.0,1.0,0.0,0.0,0.0,0.0,0.0,2.9000000000000004,0.0,-1.5,0.0,0.0001,16.0,25903.0
2026-07-30T19:01:27.357Z,256.84,256.854,0.0,7.4,0.0,0.0,0.0,0.0,0.0,0.0,0.0,0.0,1.0,0.0,0.0,0.0,9.0,4.0,0.0,0.0,0.0,0.0,0.0,0.0,0.0,0.0,1.0,12.0,1.0,12.18,5.0200000000000005,2.51,1.49,0.0,0.0,0.0,0.4,0.0,-0.2,-0.5,-0.2,-169.70000000000002,0.0,0.0,169.8,0.0,20.8,29.200000000000003,29.200000000000003,29.8,300.0,300.0,31.5,35.6,29.1,28.3,30.200000000000003,4.95,1.99,4.97,0.16,0.0,0.0,1027.0,8228.0,0.0,0.0,0.0,0.0,0.0,1.0,0.0,0.0,0.0,0.0,0.0,-0.8,0.0,0.1,0.0,0.0001,16.0,25903.0
2026-07-30T19:01:27.369Z,256.852,256.866,0.0,7.4,0.0,0.0,0.0,0.0,0.0,0.0,0.0,0.0,1.0,0.0,0.0,0.0,9.0,4.0,0.0,0.0,0.0,0.0,0.0,0.0,0.0,0.0,3.0,12.0,1.0,12.18,5.0200000000000005,2.51,1.49,-0.1,0.1,0.0,0.4,0.0,-0.3,0.6000000000000001,-0.2,-169.70000000000002,0.0,0.0,169.70000000000002,0.0,20.8,29.200000000000003,29.200000000000003,29.8,300.0,300.0,31.5,35.6,29.1,28.3,30.200000000000003,4.95,2.0,4.96,0.16,0.0,0.0,1027.0,8228.0,0.0,0.0,0.0,0.0,0.0,1.0,0.0,0.0,0.0,0.0,0.0,0.5,0.0,0.3,0.0,0.0001,16.0,25903.0
2026-07-30T19:01:27.384Z,256.867,256.878,0.0,7.4,0.0,0.0,0.0,0.0,0.0,0.0,0.0,0.0,1.0,0.0,0.0,0.0,9.0,4.0,0.0,0.0,0.0,0.0,0.0,0.0,0.0,0.0,5.0,12.0,1.0,12.18,5.0200000000000005,2.51,1.49,0.0,0.0,0.0,0.5,0.0,-0.9,-0.5,-0.2,-169.70000000000002,0.0,0.0,169.60000000000002,0.0,20.8,29.200000000000003,29.200000000000003,29.8,300.0,300.0,31.5,35.6,29.1,28.3,30.200000000000003,4.96,1.99,4.96,0.16,0.0,0.0,1027.0,8228.0,0.0,0.0,0.0,0.0,0.0,1.0,0.0,0.0,0.0,0.0,0.0,-0.8,0.0,0.1,0.0,0.0,16.0,25903.0
2026-07-30T19:01:27.394Z,256.877,256.89,0.0,7.4,0.0,0.0,0.0,0.0,0.0,0.0,0.0,0.0,1.0,0.0,0.0,0.0,9.0,4.0,0.0,0.0,0.0,0.0,0.0,0.0,0.0,0.0,5.0,12.0,1.0,12.18,5.0200000000000005,2.51,1.49,0.0,0.0,0.0,0.4,0.0,0.2,-0.5,-2.6,-169.70000000000002,0.0,0.0,169.8,0.0,20.8,29.200000000000003,29.200000000000003,29.8,300.0,300.0,31.5,35.6,29.1,28.3,30.200000000000003,4.96,1.99,4.97,0.16,0.0,0.0,1027.0,8228.0,0.0,0.0,0.0,0.0,0.0,1.0,0.0,0.0,0.0,0.0,0.0,-2.5,0.0,2.1,0.0,0.0002,16.0,25903.0
2026-07-30T19:01:27.405Z,256.888,256.902,0.0,7.4,0.0,0.0,0.0,0.0,0.0,0.0,0.0,0.0,1.0,0.0,0.0,0.0,9.0,4.0,0.0,0.0,0.0,0.0,0.0,0.0,0.0,0.0,5.0,12.0,1.0,12.18,5.0200000000000005,2.51,1.49,0.0,0.0,0.0,0.4,0.0,0.2,0.0,0.3,-169.70000000000002,0.0,0.0,169.8,0.0,20.8,29.200000000000003,29.200000000000003,29.8,300.0,300.0,31.5,35.6,29.1,28.3,30.200000000000003,4.96,1.99,4.96,0.16,0.0,0.0,1027.0,8228.0,0.0,0.0,0.0,0.0,0.0,1.0,0.0,0.0,0.0,0.0,0.0,0.3,0.0,-0.2,0.0,0.0001,16.0,25903.0
2026-07-30T19:01:27.417Z,256.9,256.914,0.0,7.4,0.0,0.0,0.0,0.0,0.0,0.0,0.0,0.0,1.0,0.0,0.0,0.0,9.0,4.0,0.0,0.0,0.0,0.0,0.0,0.0,0.0,0.0,6.0,12.0,1.0,12.18,5.0200000000000005,2.51,1.49,0.0,0.0,0.0,0.4,0.0,-0.3,0.0,-0.2,-169.60000000000002,0.0,0.0,169.70000000000002,0.0,20.8,29.200000000000003,29.200000000000003,29.8,300.0,300.0,31.5,35.6,29.1,28.3,30.200000000000003,4.96,1.99,4.96,0.16,0.0,0.0,1027.0,8228.0,0.0,0.0,0.0,0.0,0.0,1.0,0.0,0.0,0.0,0.0,0.0,0.0,0.0,0.2,0.0,0.0001,16.0,25903.0
2026-07-30T19:01:27.429Z,256.912,256.926,0.0,7.4,0.0,0.0,0.0,0.0,0.0,0.0,0.0,0.0,1.0,0.0,0.0,0.0,9.0,4.0,0.0,0.0,0.0,0.0,0.0,0.0,0.0,0.0,2.0,12.0,1.0,12.17,5.01,2.51,1.49,0.0,0.0,0.0,0.4,0.0,0.8,0.0,-0.8,-169.70000000000002,0.0,0.0,169.70000000000002,0.0,21.3,29.200000000000003,29.200000000000003,29.700000000000003,300.0,300.0,31.700000000000003,35.6,29.1,28.3,30.200000000000003,4.95,1.99,4.96,0.16,0.0,0.0,1027.0,8228.0,0.0,0.0,0.0,0.0,0.0,1.0,0.0,0.0,0.0,0.0,0.0,-0.5,0.0,0.7000000000000001,0.0,0.0001,16.0,25903.0
2026-07-30T19:01:27.441Z,256.924,256.938,0.0,7.4,0.0,0.0,0.0,0.0,0.0,0.0,0.0,0.0,1.0,0.0,0.0,0.0,9.0,4.0,0.0,0.0,0.0,0.0,0.0,0.0,0.0,0.0,3.0,12.0,1.0,12.17,5.01,2.51,1.49,0.0,0.0,0.0,0.4,0.0,0.2,0.6000000000000001,0.3,-169.70000000000002,0.0,0.0,169.70000000000002,0.0,21.3,29.200000000000003,29.200000000000003,29.700000000000003,300.0,300.0,31.700000000000003,35.6,29.1,28.3,30.200000000000003,4.95,1.99,4.97,0.16,0.0,0.0,1027.0,8228.0,0.0,0.0,0.0,0.0,0.0,1.0,0.0,0.0,0.0,0.0,0.0,1.0,0.0,-0.1,0.0,0.0,16.0,25903.0
2026-07-30T19:01:27.453Z,256.936,256.95,0.0,7.4,0.0,0.0,0.0,0.0,0.0,0.0,0.0,0.0,1.0,0.0,0.0,0.0,9.0,4.0,0.0,0.0,0.0,0.0,0.0,0.0,0.0,0.0,5.0,12.0,1.0,12.17,5.01,2.51,1.49,0.0,0.0,0.0,0.4,0.0,0.2,0.1,0.2,-169.70000000000002,0.0,0.0,169.60000000000002,0.0,21.3,29.200000000000003,29.200000000000003,29.700000000000003,300.0,300.0,31.700000000000003,35.6,29.1,28.3,30.200000000000003,4.95,2.0,4.96,0.16,0.0,0.0,1027.0,8228.0,0.0,0.0,0.0,0.0,0.0,1.0,0.0,0.0,0.0,0.0,0.0,0.3,0.0,-0.1,0.0,0.0,16.0,25903.0
2026-07-30T19:01:27.464Z,256.947,256.962,0.0,7.4,0.0,0.0,0.0,0.0,0.0,0.0,0.0,0.0,1.0,0.0,0.0,0.0,9.0,4.0,0.0,0.0,0.0,0.0,0.0,0.0,0.0,0.0,6.0,12.0,1.0,12.17,5.01,2.51,1.49,0.0,0.0,0.0,0.4,0.0,0.2,0.0,0.8,-169.70000000000002,0.0,0.0,169.8,0.0,21.3,29.200000000000003,29.200000000000003,29.700000000000003,300.0,300.0,31.700000000000003,35.6,29.1,28.3,30.200000000000003,4.95,1.99,4.97,0.16,0.0,0.0,1027.0,8228.0,0.0,0.0,0.0,0.0,0.0,1.0,0.0,0.0,0.0,0.0,0.0,0.7000000000000001,0.0,-0.7000000000000001,0.0,0.0001,16.0,25903.0
2026-07-30T19:01:27.476Z,256.959,256.974,0.0,7.4,0.0,0.0,0.0,0.0,0.0,0.0,0.0,0.0,1.0,0.0,0.0,0.0,9.0,4.0,0.0,0.0,0.0,0.0,0.0,0.0,0.0,0.0,2.0,12.0,1.0,12.17,5.01,2.51,1.49,0.0,0.0,0.0,0.4,0.0,-0.3,0.6000000000000001,-0.9,-169.70000000000002,0.0,0.0,169.8,0.0,21.3,29.200000000000003,29.200000000000003,29.700000000000003,300.0,300.0,31.700000000000003,35.6,29.1,28.3,30.200000000000003,4.95,1.99,4.97,0.16,0.0,0.0,1027.0,8228.0,0.0,0.0,0.0,0.0,0.0,1.0,0.0,0.0,0.0,0.0,0.0,0.0,0.0,0.9,0.0,0.0001,16.0,25903.0
2026-07-30T19:01:27.489Z,256.972,256.986,0.0,7.4,0.0,0.0,0.0,0.0,0.0,0.0,0.0,0.0,1.0,0.0,0.0,0.0,9.0,4.0,0.0,0.0,0.0,0.0,0.0,0.0,0.0,0.0,3.0,12.0,1.0,12.17,5.01,2.51,1.49,0.0,0.0,0.0,0.4,0.0,0.2,-0.4,-0.3,-169.70000000000002,0.0,0.0,169.8,0.0,21.3,29.200000000000003,29.200000000000003,29.700000000000003,300.0,300.0,31.700000000000003,35.6,29.1,28.3,30.200000000000003,4.95,1.99,4.96,0.16,0.0,0.0,1027.0,8228.0,0.0,0.0,0.0,0.0,0.0,1.0,0.0,0.0,0.0,0.0,0.0,-0.7000000000000001,0.0,0.1,0.0,0.0001,16.0,25903.0
2026-07-30T19:01:27.500Z,256.983,256.998,0.0,7.4,0.0,0.0,0.0,0.0,0.0,0.0,0.0,0.0,1.0,0.0,0.0,0.0,9.0,4.0,0.0,0.0,0.0,0.0,0.0,0.0,0.0,0.0,5.0,12.0,1.0,12.17,5.01,2.51,1.49,0.0,0.0,0.0,0.4,0.0,0.2,-1.0,-0.3,-169.70000000000002,0.0,0.0,169.8,0.0,21.3,29.200000000000003,29.200000000000003,29.700000000000003,300.0,300.0,31.700000000000003,35.6,29.1,28.3,30.200000000000003,4.95,1.99,4.97,0.16,0.0,0.0,1027.0,8228.0,0.0,0.0,0.0,0.0,0.0,1.0,0.0,0.0,0.0,0.0,0.0,-1.4,0.0,0.0,0.0,0.0,16.0,25903.0
2026-07-30T19:01:27.513Z,256.996,257.01,0.0,7.4,0.0,0.0,0.0,0.0,0.0,0.0,0.0,0.0,1.0,0.0,0.0,0.0,9.0,4.0,0.0,0.0,0.0,0.0,0.0,0.0,0.0,0.0,6.0,12.0,1.0,12.17,5.01,2.51,1.49,0.0,0.0,0.0,0.4,0.0,-0.8,-0.4,-1.4,-169.70000000000002,0.0,0.0,169.8,0.0,21.3,29.200000000000003,29.200000000000003,29.700000000000003,300.0,300.0,31.700000000000003,35.6,29.1,28.3,30.200000000000003,4.95,1.99,4.97,0.16,0.0,0.0,1027.0,8228.0,0.0,0.0,0.0,0.0,0.0,1.0,0.0,0.0,0.0,0.0,0.0,-1.6,0.0,1.2000000000000002,0.0,0.0,16.0,25903.0
2026-07-30T19:01:27.525Z,257.008,257.022,0.0,7.4,0.0,0.0,0.0,0.0,0.0,0.0,0.0,0.0,1.0,0.0,0.0,0.0,9.0,4.0,0.0,0.0,0.0,0.0,0.0,0.0,0.0,0.0,2.0,12.0,1.0,12.17,5.01,2.51,1.49,0.0,0.0,0.0,0.4,0.0,0.2,0.1,-0.3,-169.70000000000002,0.0,0.0,169.70000000000002,0.0,21.3,29.200000000000003,29.200000000000003,29.700000000000003,300.0,300.0,31.700000000000003,35.6,29.1,28.3,30.200000000000003,4.95,1.99,4.97,0.16,0.0,0.0,1027.0,8228.0,0.0,0.0,0.0,0.0,0.0,1.0,0.0,0.0,0.0,0.0,0.0,-0.1,0.0,0.3,0.0,0.0,16.0,25903.0
2026-07-30T19:01:27.537Z,257.02,257.034,0.0,7.4,0.0,0.0,0.0,0.0,0.0,0.0,0.0,0.0,1.0,0.0,0.0,0.0,9.0,4.0,0.0,0.0,0.0,0.0,0.0,0.0,0.0,0.0,2.0,12.0,1.0,12.15,5.01,2.5,1.49,0.0,0.0,0.0,0.4,0.0,-0.9,-0.4,0.2,-169.70000000000002,0.0,0.0,169.70000000000002,0.0,21.700000000000003,29.200000000000003,29.200000000000003,29.700000000000003,300.0,300.0,31.700000000000003,35.6,29.1,28.3,30.200000000000003,4.96,1.99,4.96,0.16,0.0,0.0,1027.0,8228.0,0.0,0.0,0.0,0.0,0.0,1.0,0.0,0.0,0.0,0.0,0.0,-0.3,0.0,-0.3,0.0,0.0002,16.0,25903.0
2026-07-30T19:01:27.549Z,257.032,257.046,0.0,7.4,0.0,0.0,0.0,0.0,0.0,0.0,0.0,0.0,1.0,0.0,0.0,0.0,9.0,4.0,0.0,0.0,0.0,0.0,0.0,0.0,0.0,0.0,3.0,12.0,1.0,12.15,5.01,2.5,1.49,0.0,0.0,0.0,0.4,0.0,-0.3,-1.0,-0.8,-169.70000000000002,0.0,0.0,169.60000000000002,0.0,21.700000000000003,29.200000000000003,29.200000000000003,29.700000000000003,300.0,300.0,31.700000000000003,35.6,29.1,28.3,30.200000000000003,4.95,1.99,4.97,0.16,0.0,0.0,1027.0,8228.0,0.0,0.0,0.0,0.0,0.0,1.0,0.0,0.0,0.0,0.0,0.0,-1.8,0.0,0.5,0.0,0.0001,16.0,25903.0
2026-07-30T19:01:27.561Z,257.044,257.058,0.0,7.4,0.0,0.0,0.0,0.0,0.0,0.0,0.0,0.0,1.0,0.0,0.0,0.0,9.0,4.0,0.0,0.0,0.0,0.0,0.0,0.0,0.0,0.0,4.0,12.0,1.0,12.15,5.01,2.5,1.49,0.0,0.1,0.0,0.4,0.0,0.2,0.0,-1.4,-169.70000000000002,0.0,0.0,169.60000000000002,0.0,21.700000000000003,29.200000000000003,29.200000000000003,29.700000000000003,300.0,300.0,31.700000000000003,35.6,29.1,28.3,30.200000000000003,4.95,1.99,4.96,0.16,0.0,0.0,1027.0,8228.0,0.0,0.0,0.0,0.0,0.0,1.0,0.0,0.0,0.0,0.0,0.0,-1.0,0.0,1.2000000000000002,0.0,0.0002,16.0,25903.0
2026-07-30T19:01:27.573Z,257.056,257.07,0.0,7.4,0.0,0.0,0.0,0.0,0.0,0.0,0.0,0.0,1.0,0.0,0.0,0.0,9.0,4.0,0.0,0.0,0.0,0.0,0.0,0.0,0.0,0.0,5.0,12.0,1.0,12.15,5.01,2.5,1.49,0.0,0.0,0.0,0.5,0.0,0.2,0.0,0.3,-169.70000000000002,0.0,0.0,169.70000000000002,0.0,21.700000000000003,29.200000000000003,29.200000000000003,29.700000000000003,300.0,300.0,31.700000000000003,35.6,29.1,28.3,30.200000000000003,4.96,2.0,4.96,0.16,0.0,0.0,1027.0,8228.0,0.0,0.0,0.0,0.0,0.0,1.0,0.0,0.0,0.0,0.0,0.0,0.3,0.0,-0.2,0.0,0.0001,16.0,25903.0
2026-07-30T19:01:27.585Z,257.068,257.082,0.0,7.4,0.0,0.0,0.0,0.0,0.0,0.0,0.0,0.0,1.0,0.0,0.0,0.0,9.0,4.0,0.0,0.0,0.0,0.0,0.0,0.0,0.0,0.0,1.0,12.0,1.0,12.15,5.01,2.5,1.49,0.0,0.0,0.0,0.4,0.0,0.8,0.0,0.3,-169.70000000000002,0.0,0.0,169.70000000000002,0.0,21.700000000000003,29.200000000000003,29.200000000000003,29.700000000000003,300.0,300.0,31.700000000000003,35.6,29.1,28.3,30.200000000000003,4.95,2.0,4.96,0.16,0.0,0.0,1027.0,8228.0,0.0,0.0,0.0,0.0,0.0,1.0,0.0,0.0,0.0,0.0,0.0,0.3,0.0,-0.2,0.0,0.0001,16.0,25903.0
2026-07-30T19:01:27.597Z,257.08,257.094,0.0,7.4,0.0,0.0,0.0,0.0,0.0,0.0,0.0,0.0,1.0,0.0,0.0,0.0,9.0,4.0,0.0,0.0,0.0,0.0,0.0,0.0,0.0,0.0,2.0,12.0,1.0,12.15,5.01,2.5,1.49,0.0,0.1,0.0,0.4,0.0,0.8,-0.5,0.8,-169.70000000000002,0.0,0.0,169.70000000000002,0.0,21.700000000000003,29.200000000000003,29.200000000000003,29.700000000000003,300.0,300.0,31.700000000000003,35.6,29.1,28.3,30.200000000000003,4.96,1.99,4.97,0.16,0.0,0.0,1027.0,8228.0,0.0,0.0,0.0,0.0,0.0,1.0,0.0,0.0,0.0,0.0,0.0,0.0,0.0,-0.8,0.0,0.0,16.0,25903.0
2026-07-30T19:01:27.608Z,257.091,257.106,0.0,7.4,0.0,0.0,0.0,0.0,0.0,0.0,0.0,0.0,1.0,0.0,0.0,0.0,9.0,4.0,0.0,0.0,0.0,0.0,0.0,0.0,0.0,0.0,2.0,12.0,1.0,12.15,5.01,2.5,1.49,0.0,0.0,0.0,0.4,0.0,-0.3,0.6000000000000001,0.2,-169.70000000000002,0.0,0.0,169.60000000000002,0.0,21.700000000000003,29.200000000000003,29.200000000000003,29.700000000000003,300.0,300.0,31.700000000000003,35.6,29.1,28.3,30.200000000000003,4.96,1.99,4.96,0.16,0.0,0.0,1027.0,8228.0,0.0,0.0,0.0,0.0,0.0,1.0,0.0,0.0,0.0,0.0,0.0,0.9,0.0,0.0,0.0,0.0001,16.0,25903.0
2026-07-30T19:01:27.620Z,257.103,257.118,0.0,7.4,0.0,0.0,0.0,0.0,0.0,0.0,0.0,0.0,1.0,0.0,0.0,0.0,9.0,4.0,0.0,0.0,0.0,0.0,0.0,0.0,0.0,0.0,3.0,12.0,1.0,12.15,5.01,2.5,1.49,0.0,0.0,0.0,0.4,0.0,-0.3,0.0,0.2,-169.70000000000002,0.0,0.0,169.8,0.0,21.700000000000003,29.200000000000003,29.200000000000003,29.700000000000003,300.0,300.0,31.700000000000003,35.6,29.1,28.3,30.200000000000003,4.96,1.99,4.96,0.16,0.0,0.0,1027.0,8228.0,0.0,0.0,0.0,0.0,0.0,1.0,0.0,0.0,0.0,0.0,0.0,0.6000000000000001,0.0,-0.7000000000000001,0.0,0.0001,16.0,25903.0
2026-07-30T19:01:27.634Z,257.117,257.13,0.0,7.4,0.0,0.0,0.0,0.0,0.0,0.0,0.0,0.0,1.0,0.0,0.0,0.0,9.0,4.0,0.0,0.0,0.0,0.0,0.0,0.0,0.0,0.0,4.0,12.0,1.0,12.18,5.01,2.5,1.49,0.0,0.1,0.0,0.4,0.0,-0.3,-1.0,0.2,-169.70000000000002,0.0,0.0,169.70000000000002,0.0,21.4,29.200000000000003,29.200000000000003,29.8,300.0,300.0,31.6,35.6,29.1,28.3,30.200000000000003,4.95,1.99,4.97,0.16,0.0,0.0,1027.0,8228.0,0.0,0.0,0.0,0.0,0.0,1.0,0.0,0.0,0.0,0.0,0.0,0.5,0.0,0.4,0.0,0.0003,16.0,25903.0
2026-07-30T19:01:27.645Z,257.128,257.142,0.0,7.4,0.0,0.0,0.0,0.0,0.0,0.0,0.0,0.0,1.0,0.0,0.0,0.0,9.0,4.0,0.0,0.0,0.0,0.0,0.0,0.0,0.0,0.0,5.0,12.0,1.0,12.18,5.01,2.5,1.49,0.0,0.0,0.0,0.4,0.0,-0.8,-1.0,-0.8,-169.70000000000002,0.0,0.0,169.8,0.0,21.4,29.200000000000003,29.200000000000003,29.8,300.0,300.0,31.6,35.6,29.1,28.3,30.200000000000003,4.96,1.99,4.97,0.16,0.0,0.0,1027.0,8228.0,0.0,0.0,0.0,0.0,0.0,1.0,0.0,0.0,0.0,0.0,0.0,0.1,0.0,-0.8,0.0,0.0,16.0,25903.0
2026-07-30T19:01:27.657Z,257.14,257.154,0.0,7.4,0.0,0.0,0.0,0.0,0.0,0.0,0.0,0.0,1.0,0.0,0.0,0.0,9.0,4.0,0.0,0.0,0.0,0.0,0.0,0.0,0.0,0.0,6.0,12.0,1.0,12.18,5.01,2.5,1.49,0.0,0.0,0.0,0.4,0.0,-0.2,-0.5,0.2,-169.70000000000002,0.0,0.0,169.70000000000002,0.0,21.4,29.200000000000003,29.200000000000003,29.8,300.0,300.0,31.6,35.6,29.1,28.3,30.200000000000003,4.96,2.0,4.96,0.16,0.0,0.0,1027.0,8228.0,0.0,0.0,0.0,0.0,0.0,1.0,0.0,0.0,0.0,0.0,0.0,-0.3,0.0,-0.3,0.0,0.0001,16.0,25903.0
2026-07-30T19:01:27.669Z,257.152,257.166,0.0,7.4,0.0,0.0,0.0,0.0,0.0,0.0,0.0,0.0,1.0,0.0,0.0,0.0,9.0,4.0,0.0,0.0,0.0,0.0,0.0,0.0,0.0,0.0,1.0,12.0,1.0,12.18,5.01,2.5,1.49,0.0,0.1,0.0,0.4,0.0,-0.3,0.6000000000000001,-0.8,-169.70000000000002,0.0,0.0,169.60000000000002,0.0,21.4,29.200000000000003,29.200000000000003,29.8,300.0,300.0,31.6,35.6,29.1,28.3,30.200000000000003,4.95,1.99,4.96,0.16,0.0,0.0,1027.0,8228.0,0.0,0.0,0.0,0.0,0.0,1.0,0.0,0.0,0.0,0.0,0.0,0.1,0.0,0.8,0.0,0.0002,16.0,25903.0
2026-07-30T19:01:27.681Z,257.164,257.178,0.0,7.4,0.0,0.0,0.0,0.0,0.0,0.0,0.0,0.0,1.0,0.0,0.0,0.0,9.0,4.0,0.0,0.0,0.0,0.0,0.0,0.0,0.0,0.0,2.0,12.0,1.0,12.18,5.01,2.5,1.49,0.0,0.0,0.0,0.4,0.0,-0.9,-1.0,0.3,-169.70000000000002,0.0,0.0,169.8,0.0,21.4,29.200000000000003,29.200000000000003,29.8,300.0,300.0,31.6,35.6,29.1,28.3,30.200000000000003,4.95,1.99,4.97,0.16,0.0,0.0,1027.0,8228.0,0.0,0.0,0.0,0.0,0.0,1.0,0.0,0.0,0.0,0.0,0.0,-0.9,0.0,-0.5,0.0,0.0001,16.0,25903.0
2026-07-30T19:01:27.692Z,257.175,257.19,0.0,7.4,0.0,0.0,0.0,0.0,0.0,0.0,0.0,0.0,1.0,0.0,0.0,0.0,9.0,4.0,0.0,0.0,0.0,0.0,0.0,0.0,0.0,0.0,3.0,12.0,1.0,12.18,5.01,2.5,1.49,0.0,0.0,0.0,0.5,0.0,-0.8,-0.4,-0.8,-169.70000000000002,0.0,0.0,169.70000000000002,0.0,21.4,29.200000000000003,29.200000000000003,29.8,300.0,300.0,31.6,35.6,29.1,28.3,30.200000000000003,4.96,1.99,4.96,0.16,0.0,0.0,1027.0,8228.0,0.0,0.0,0.0,0.0,0.0,1.0,0.0,0.0,0.0,0.0,0.0,-1.1,0.0,0.6000000000000001,0.0,0.0001,16.0,25903.0
2026-07-30T19:01:27.708Z,257.191,257.202,0.0,7.4,0.0,0.0,0.0,0.0,0.0,0.0,0.0,0.0,1.0,0.0,0.0,0.0,9.0,4.0,0.0,0.0,0.0,0.0,0.0,0.0,0.0,0.0,4.0,12.0,1.0,12.18,5.01,2.5,1.49,0.0,0.1,0.0,0.4,0.0,-0.3,0.0,-0.8,-169.70000000000002,0.0,0.0,169.8,0.0,21.4,29.200000000000003,29.200000000000003,29.8,300.0,300.0,31.6,35.6,29.1,28.3,30.200000000000003,4.96,1.99,4.97,0.16,0.0,0.0,1027.0,8228.0,0.0,0.0,0.0,0.0,0.0,1.0,0.0,0.0,0.0,0.0,0.0,-0.5,0.0,0.7000000000000001,0.0,0.0,16.0,25903.0
2026-07-30T19:01:27.716Z,257.199,257.214,0.0,7.4,0.0,0.0,0.0,0.0,0.0,0.0,0.0,0.0,1.0,0.0,0.0,0.0,9.0,4.0,0.0,0.0,0.0,0.0,0.0,0.0,0.0,0.0,3.0,12.0,1.0,12.18,5.01,2.5,1.49,0.0,0.1,0.0,0.4,0.0,0.2,-0.5,-0.2,-169.70000000000002,0.0,0.0,169.60000000000002,0.0,21.4,29.200000000000003,29.200000000000003,29.8,300.0,300.0,31.6,35.6,29.1,28.3,30.200000000000003,4.95,1.99,4.97,0.16,0.0,0.0,1027.0,8228.0,0.0,0.0,0.0,0.0,0.0,1.0,0.0,0.0,0.0,0.0,0.0,-0.7000000000000001,0.0,0.1,0.0,0.0001,16.0,25903.0
2026-07-30T19:01:27.729Z,257.212,257.226,0.0,7.4,0.0,0.0,0.0,0.0,0.0,0.0,0.0,0.0,1.0,0.0,0.0,0.0,9.0,4.0,0.0,0.0,0.0,0.0,0.0,0.0,0.0,0.0,4.0,12.0,1.0,12.18,5.01,2.5,1.49,0.0,0.0,0.0,0.4,0.0,-0.3,-0.5,-0.8,-169.70000000000002,0.0,0.0,169.70000000000002,0.0,21.4,29.200000000000003,29.200000000000003,29.8,300.0,300.0,31.6,35.6,29.1,28.3,30.200000000000003,4.96,1.99,4.96,0.16,0.0,0.0,1027.0,8228.0,0.0,0.0,0.0,0.0,0.0,1.0,0.0,0.0,0.0,0.0,0.0,-1.2000000000000002,0.0,0.6000000000000001,0.0,0.0002,16.0,25903.0
2026-07-30T19:01:27.740Z,257.223,257.238,0.0,7.4,0.0,0.0,0.0,0.0,0.0,0.0,0.0,0.0,1.0,0.0,0.0,0.0,9.0,4.0,0.0,0.0,0.0,0.0,0.0,0.0,0.0,0.0,5.0,12.0,1.0,12.17,5.01,2.51,1.49,0.0,0.0,0.0,0.4,0.0,-0.9,-1.1,-0.8,-169.70000000000002,0.0,0.0,169.70000000000002,0.0,21.4,29.200000000000003,29.200000000000003,29.8,300.0,300.0,31.5,35.6,29.1,28.3,30.200000000000003,4.96,1.99,4.96,0.16,0.0,0.0,1027.0,8228.0,0.0,0.0,0.0,0.0,0.0,1.0,0.0,0.0,0.0,0.0,0.0,-1.9,0.0,0.5,0.0,0.0001,16.0,25903.0
2026-07-30T19:01:27.753Z,257.236,257.25,0.0,7.4,0.0,0.0,0.0,0.0,0.0,0.0,0.0,0.0,1.0,0.0,0.0,0.0,9.0,4.0,0.0,0.0,0.0,0.0,0.0,0.0,0.0,0.0,6.0,12.0,1.0,12.17,5.01,2.51,1.49,0.0,0.0,0.0,0.4,0.0,-0.3,-1.1,-0.2,-169.70000000000002,0.0,0.0,169.70000000000002,0.0,21.4,29.200000000000003,29.200000000000003,29.8,300.0,300.0,31.5,35.6,29.1,28.3,30.200000000000003,4.96,1.99,4.97,0.17,0.0,0.0,1027.0,8228.0,0.0,0.0,0.0,0.0,0.0,1.0,0.0,0.0,0.0,0.0,0.0,-1.5,0.0,0.0,0.0,0.0,16.0,25903.0
2026-07-30T19:01:27.765Z,257.248,257.262,0.0,7.4,0.0,0.0,0.0,0.0,0.0,0.0,0.0,0.0,1.0,0.0,0.0,0.0,9.0,4.0,0.0,0.0,0.0,0.0,0.0,0.0,0.0,0.0,1.0,12.0,1.0,12.17,5.01,2.51,1.49,0.0,0.0,0.0,0.4,0.0,0.8,0.0,0.8,-169.70000000000002,0.0,0.0,169.70000000000002,0.0,21.4,29.200000000000003,29.200000000000003,29.8,300.0,300.0,31.5,35.6,29.1,28.3,30.200000000000003,4.95,1.99,4.97,0.16,0.0,0.0,1027.0,8228.0,0.0,0.0,0.0,0.0,0.0,1.0,0.0,0.0,0.0,0.0,0.0,0.6000000000000001,0.0,-0.7000000000000001,0.0,0.0002,16.0,25903.0
2026-07-30T19:01:27.776Z,257.259,257.274,0.0,7.4,0.0,0.0,0.0,0.0,0.0,0.0,0.0,0.0,1.0,0.0,0.0,0.0,9.0,4.0,0.0,0.0,0.0,0.0,0.0,0.0,0.0,0.0,2.0,12.0,1.0,12.17,5.01,2.51,1.49,0.0,0.1,0.0,0.4,0.0,-0.3,-0.5,-0.3,-169.70000000000002,0.0,0.0,169.70000000000002,0.0,21.4,29.200000000000003,29.200000000000003,29.8,300.0,300.0,31.5,35.6,29.1,28.3,30.200000000000003,4.95,1.99,4.96,0.16,0.0,0.0,1027.0,8228.0,0.0,0.0,0.0,0.0,0.0,1.0,0.0,0.0,0.0,0.0,0.0,-0.9,0.0,0.1,0.0,0.0,16.0,25903.0
2026-07-30T19:01:27.789Z,257.272,257.286,0.0,7.4,0.0,0.0,0.0,0.0,0.0,0.0,0.0,0.0,1.0,0.0,0.0,0.0,9.0,4.0,0.0,0.0,0.0,0.0,0.0,0.0,0.0,0.0,3.0,12.0,1.0,12.17,5.01,2.51,1.49,0.0,0.0,0.0,0.4,0.0,-0.3,-1.1,-0.3,-169.70000000000002,0.0,0.0,169.70000000000002,0.0,21.4,29.200000000000003,29.200000000000003,29.8,300.0,300.0,31.5,35.6,29.1,28.3,30.200000000000003,4.95,1.99,4.97,0.16,0.0,0.0,1027.0,8228.0,0.0,0.0,0.0,0.0,0.0,1.0,0.0,0.0,0.0,0.0,0.0,-1.5,0.0,0.0,0.0,0.0,16.0,25903.0
2026-07-30T19:01:27.800Z,257.283,257.298,0.0,7.4,0.0,0.0,0.0,0.0,0.0,0.0,0.0,0.0,1.0,0.0,0.0,0.0,9.0,4.0,0.0,0.0,0.0,0.0,0.0,0.0,0.0,0.0,4.0,12.0,1.0,12.17,5.01,2.51,1.49,0.0,0.0,0.0,0.4,0.0,0.7000000000000001,0.0,0.3,-169.70000000000002,0.0,0.0,169.70000000000002,0.0,21.4,29.200000000000003,29.200000000000003,29.8,300.0,300.0,31.5,35.6,29.1,28.3,30.200000000000003,4.95,1.99,4.97,0.16,0.0,0.0,1027.0,8228.0,0.0,0.0,0.0,0.0,0.0,1.0,0.0,0.0,0.0,0.0,0.0,0.2,0.0,-0.2,0.0,0.0001,16.0,25903.0
2026-07-30T19:01:27.813Z,257.296,257.31,0.0,7.4,0.0,0.0,0.0,0.0,0.0,0.0,0.0,0.0,1.0,0.0,0.0,0.0,9.0,4.0,0.0,0.0,0.0,0.0,0.0,0.0,0.0,0.0,5.0,12.0,1.0,12.17,5.01,2.51,1.49,0.0,0.0,0.0,0.4,0.0,-0.4,0.0,-0.8,-169.70000000000002,0.0,0.0,169.8,0.0,21.4,29.200000000000003,29.200000000000003,29.8,300.0,300.0,31.5,35.6,29.1,28.3,30.200000000000003,4.96,1.99,4.97,0.16,0.0,0.0,1027.0,8228.0,0.0,0.0,0.0,0.0,0.0,1.0,0.0,0.0,0.0,0.0,0.0,-0.5,0.0,0.7000000000000001,0.0,0.0,16.0,25903.0
2026-07-30T19:01:27.824Z,257.307,257.322,0.0,7.4,0.0,0.0,0.0,0.0,0.0,0.0,0.0,0.0,1.0,0.0,0.0,0.0,9.0,4.0,0.0,0.0,0.0,0.0,0.0,0.0,0.0,0.0,6.0,12.0,1.0,12.17,5.01,2.51,1.49,0.0,0.0,0.0,0.4,0.0,-0.3,-0.5,-1.4,-169.70000000000002,0.0,0.0,169.70000000000002,0.0,21.4,29.200000000000003,29.200000000000003,29.8,300.0,300.0,31.5,35.6,29.1,28.3,30.200000000000003,4.95,1.99,4.97,0.16,0.0,0.0,1027.0,8228.0,0.0,0.0,0.0,0.0,0.0,1.0,0.0,0.0,0.0,0.0,0.0,-1.6,0.0,1.1,0.0,0.0001,16.0,25903.0
2026-07-30T19:01:27.838Z,257.321,257.334,0.0,7.4,0.0,0.0,0.0,0.0,0.0,0.0,0.0,0.0,1.0,0.0,0.0,0.0,9.0,4.0,0.0,0.0,0.0,0.0,0.0,0.0,0.0,0.0,1.0,12.0,1.0,12.18,5.01,2.51,1.49,0.0,0.0,0.0,0.4,0.0,-0.4,0.7000000000000001,-0.2,-169.70000000000002,0.0,0.0,169.70000000000002,0.0,21.3,29.200000000000003,29.200000000000003,29.8,300.0,300.0,31.5,35.5,29.1,28.3,30.200000000000003,4.95,1.99,4.97,0.16,0.0,0.0,1027.0,8228.0,0.0,0.0,0.0,0.0,0.0,1.0,0.0,0.0,0.0,0.0,0.0,0.6000000000000001,0.0,0.3,0.0,0.0001,16.0,25903.0
2026-07-30T19:01:27.848Z,257.331,257.346,0.0,7.4,0.0,0.0,0.0,0.0,0.0,0.0,0.0,0.0,1.0,0.0,0.0,0.0,9.0,4.0,0.0,0.0,0.0,0.0,0.0,0.0,0.0,0.0,2.0,12.0,1.0,12.18,5.01,2.51,1.49,0.0,0.0,0.0,0.4,0.0,0.7000000000000001,1.2000000000000002,0.3,-169.70000000000002,0.0,0.0,169.70000000000002,0.0,21.3,29.200000000000003,29.200000000000003,29.8,300.0,300.0,31.5,35.5,29.1,28.3,30.200000000000003,4.95,2.0,4.96,0.16,0.0,0.0,1027.0,8228.0,0.0,0.0,0.0,0.0,0.0,1.0,0.0,0.0,0.0,0.0,0.0,1.7000000000000002,0.0,0.0,0.0,0.0,16.0,25903.0
2026-07-30T19:01:27.861Z,257.344,257.358,0.0,7.4,0.0,0.0,0.0,0.0,0.0,0.0,0.0,0.0,1.0,0.0,0.0,0.0,9.0,4.0,0.0,0.0,0.0,0.0,0.0,0.0,0.0,0.0,3.0,12.0,1.0,12.18,5.01,2.51,1.49,0.0,0.0,0.0,0.4,0.0,0.1,1.3,0.9,-169.70000000000002,0.0,0.0,169.70000000000002,0.0,21.3,29.200000000000003,29.200000000000003,29.8,300.0,300.0,31.5,35.5,29.1,28.3,30.200000000000003,4.95,1.99,4.96,0.16,0.0,0.0,1027.0,8228.0,0.0,0.0,0.0,0.0,0.0,1.0,0.0,0.0,0.0,0.0,0.0,2.1,0.0,-0.5,0.0,0.0001,16.0,25903.0
2026-07-30T19:01:27.873Z,257.356,257.37,0.0,7.4,0.0,0.0,0.0,0.0,0.0,0.0,0.0,0.0,1.0,0.0,0.0,0.0,9.0,4.0,0.0,0.0,0.0,0.0,0.0,0.0,0.0,0.0,4.0,12.0,1.0,12.18,5.01,2.51,1.49,0.0,0.1,0.0,0.4,0.0,-1.0,0.1,-1.9,-169.70000000000002,0.0,0.0,169.70000000000002,0.0,21.3,29.200000000000003,29.200000000000003,29.8,300.0,300.0,31.5,35.5,29.1,28.3,30.200000000000003,4.95,1.99,4.97,0.16,0.0,0.0,1027.0,8228.0,0.0,0.0,0.0,0.0,0.0,1.0,0.0,0.0,0.0,0.0,0.0,-1.3,0.0,1.7000000000000002,0.0,0.0,16.0,25903.0
2026-07-30T19:01:27.885Z,257.368,257.382,0.0,7.4,0.0,0.0,0.0,0.0,0.0,0.0,0.0,0.0,1.0,0.0,0.0,0.0,9.0,4.0,0.0,0.0,0.0,0.0,0.0,0.0,0.0,0.0,5.0,12.0,1.0,12.18,5.01,2.51,1.49,0.0,0.0,0.0,0.4,0.0,-1.0,-0.4,-0.1,-169.70000000000002,0.0,0.0,169.60000000000002,0.0,21.3,29.200000000000003,29.200000000000003,29.8,300.0,300.0,31.5,35.5,29.1,28.3,30.200000000000003,4.96,1.99,4.96,0.16,0.0,0.0,1027.0,8228.0,0.0,0.0,0.0,0.0,0.0,1.0,0.0,0.0,0.0,0.0,0.0,-0.5,0.0,0.0,0.0,0.0,16.0,25903.0
2026-07-30T19:01:27.897Z,257.38,257.394,0.0,7.4,0.0,0.0,0.0,0.0,0.0,0.0,0.0,0.0,1.0,0.0,0.0,0.0,9.0,4.0,0.0,0.0,0.0,0.0,0.0,0.0,0.0,0.0,6.0,12.0,1.0,12.18,5.01,2.51,1.49,0.0,0.1,0.0,0.4,0.0,-0.4,0.1,-0.2,-169.60000000000002,0.0,0.0,169.60000000000002,0.0,21.3,29.200000000000003,29.200000000000003,29.8,300.0,300.0,31.5,35.5,29.1,28.3,30.200000000000003,4.96,1.99,4.96,0.16,0.0,0.0,1027.0,8228.0,0.0,0.0,0.0,0.0,0.0,1.0,0.0,0.0,0.0,0.0,0.0,0.0,0.0,0.2,0.0,0.0001,16.0,25903.0
2026-07-30T19:01:27.909Z,257.392,257.406,0.0,7.4,0.0,0.0,0.0,0.0,0.0,0.0,0.0,0.0,1.0,0.0,0.0,0.0,9.0,4.0,0.0,0.0,0.0,0.0,0.0,0.0,0.0,0.0,2.0,12.0,1.0,12.18,5.01,2.51,1.49,0.0,0.0,0.0,0.4,0.0,0.7000000000000001,0.7000000000000001,-0.1,-169.60000000000002,0.0,0.0,169.70000000000002,0.0,21.3,29.200000000000003,29.200000000000003,29.8,300.0,300.0,31.5,35.5,29.1,28.3,30.200000000000003,4.96,1.99,4.96,0.16,0.0,0.0,1027.0,8228.0,0.0,0.0,0.0,0.0,0.0,1.0,0.0,0.0,0.0,0.0,0.0,0.6000000000000001,0.0,0.2,0.0,0.0,16.0,25903.0
2026-07-30T19:01:27.920Z,257.403,257.418,0.0,7.4,0.0,0.0,0.0,0.0,0.0,0.0,0.0,0.0,1.0,0.0,0.0,0.0,9.0,4.0,0.0,0.0,0.0,0.0,0.0,0.0,0.0,0.0,3.0,12.0,1.0,12.18,5.01,2.51,1.49,0.0,0.0,0.0,0.4,0.0,1.3,1.3,1.0,-169.60000000000002,0.0,0.0,169.70000000000002,0.0,21.3,29.200000000000003,29.200000000000003,29.8,300.0,300.0,31.5,35.5,29.1,28.3,30.200000000000003,4.96,1.99,4.97,0.16,0.0,0.0,1027.0,8228.0,0.0,0.0,0.0,0.0,0.0,1.0,0.0,0.0,0.0,0.0,0.0,2.2,0.0,-0.6000000000000001,0.0,0.0001,16.0,25903.0
2026-07-30T19:01:27.933Z,257.416,257.43,0.0,7.4,0.0,0.0,0.0,0.0,0.0,0.0,0.0,0.0,1.0,0.0,0.0,0.0,9.0,4.0,0.0,0.0,0.0,0.0,0.0,0.0,0.0,0.0,4.0,12.0,1.0,12.18,5.01,2.51,1.49,0.0,0.0,0.0,0.4,0.0,-0.3,0.1,-0.1,-169.70000000000002,0.0,0.0,169.70000000000002,0.0,21.3,29.200000000000003,29.200000000000003,29.8,300.0,300.0,31.5,35.5,29.1,28.3,30.200000000000003,4.96,2.0,4.96,0.16,0.0,0.0,1027.0,8228.0,0.0,0.0,0.0,0.0,0.0,1.0,0.0,0.0,0.0,0.0,0.0,0.0,0.0,0.1,0.0,0.0,16.0,25903.0
2026-07-30T19:01:27.944Z,257.427,257.442,0.0,7.4,0.0,0.0,0.0,0.0,0.0,0.0,0.0,0.0,1.0,0.0,0.0,0.0,9.0,4.0,0.0,0.0,0.0,0.0,0.0,0.0,0.0,0.0,6.0,12.0,1.0,12.14,5.01,2.5,1.49,0.0,0.0,0.0,0.4,0.0,0.1,0.1,1.0,-169.70000000000002,0.0,0.0,169.70000000000002,0.0,21.700000000000003,29.200000000000003,29.200000000000003,29.700000000000003,300.0,300.0,31.5,35.6,29.1,28.3,30.200000000000003,4.96,1.99,4.97,0.16,0.0,0.0,1027.0,8228.0,0.0,0.0,0.0,0.0,0.0,1.0,0.0,0.0,0.0,0.0,0.0,0.8,0.0,-0.8,0.0,0.0,16.0,25903.0
2026-07-30T19:01:27.957Z,257.44,257.454,0.0,7.4,0.0,0.0,0.0,0.0,0.0,0.0,0.0,0.0,1.0,0.0,0.0,0.0,9.0,4.0,0.0,0.0,0.0,0.0,0.0,0.0,0.0,0.0,1.0,12.0,1.0,12.14,5.01,2.5,1.49,0.0,0.0,0.0,0.4,0.0,0.1,1.2000000000000002,-0.1,-169.70000000000002,0.0,0.0,169.70000000000002,0.0,21.700000000000003,29.200000000000003,29.200000000000003,29.700000000000003,300.0,300.0,31.5,35.6,29.1,28.3,30.200000000000003,4.95,1.99,4.97,0.16,0.0,0.0,1027.0,8228.0,0.0,0.0,0.0,0.0,0.0,1.0,0.0,0.0,0.0,0.0,0.0,1.3,0.0,0.4,0.0,0.0001,16.0,25903.0
2026-07-30T19:01:27.968Z,257.451,257.466,0.0,7.4,0.0,0.0,0.0,0.0,0.0,0.0,0.0,0.0,1.0,0.0,0.0,0.0,9.0,4.0,0.0,0.0,0.0,0.0,0.0,0.0,0.0,0.0,3.0,12.0,1.0,12.14,5.01,2.5,1.49,0.0,0.0,0.0,0.4,0.0,-0.4,0.1,-0.7000000000000001,-169.70000000000002,0.0,0.0,169.70000000000002,0.0,21.700000000000003,29.200000000000003,29.200000000000003,29.700000000000003,300.0,300.0,31.5,35.6,29.1,28.3,30.200000000000003,4.96,1.99,4.96,0.16,0.0,0.0,1027.0,8228.0,0.0,0.0,0.0,0.0,0.0,1.0,0.0,0.0,0.0,0.0,0.0,-0.3,0.0,0.6000000000000001,0.0,0.0,16.0,25903.0
2026-07-30T19:01:27.980Z,257.463,257.478,0.0,7.4,0.0,0.0,0.0,0.0,0.0,0.0,0.0,0.0,1.0,0.0,0.0,0.0,9.0,4.0,0.0,0.0,0.0,0.0,0.0,0.0,0.0,0.0,5.0,12.0,1.0,12.14,5.01,2.5,1.49,0.0,0.0,0.0,0.4,0.0,-0.4,-0.4,0.4,-169.70000000000002,0.0,0.0,169.70000000000002,0.0,21.700000000000003,29.200000000000003,29.200000000000003,29.700000000000003,300.0,300.0,31.5,35.6,29.1,28.3,30.200000000000003,4.95,2.0,4.96,0.16,0.0,0.0,1027.0,8228.0,0.0,0.0,0.0,0.0,0.0,1.0,0.0,0.0,0.0,0.0,0.0,-0.2,0.0,-0.5,0.0,0.0001,16.0,25903.0
2026-07-30T19:01:27.993Z,257.476,257.49,0.0,7.4,0.0,0.0,0.0,0.0,0.0,0.0,0.0,0.0,1.0,0.0,0.0,0.0,9.0,4.0,0.0,0.0,0.0,0.0,0.0,0.0,0.0,0.0,6.0,12.0,1.0,12.14,5.01,2.5,1.49,0.0,0.0,0.0,0.4,0.0,-1.0,0.0,0.4,-169.70000000000002,0.0,0.0,169.8,0.0,21.700000000000003,29.200000000000003,29.200000000000003,29.700000000000003,300.0,300.0,31.5,35.6,29.1,28.3,30.200000000000003,4.95,1.99,4.97,0.16,0.0,0.0,1027.0,8228.0,0.0,0.0,0.0,0.0,0.0,1.0,0.0,0.0,0.0,0.0,0.0,0.3,0.0,-0.3,0.0,0.0,16.0,25903.0
2026-07-30T19:01:28.004Z,257.487,257.502,0.0,7.4,0.0,0.0,0.0,0.0,0.0,0.0,0.0,0.0,1.0,0.0,0.0,0.0,9.0,4.0,0.0,0.0,0.0,0.0,0.0,0.0,0.0,0.0,2.0,12.0,1.0,12.14,5.01,2.5,1.49,0.0,0.0,0.0,0.4,0.0,0.7000000000000001,0.0,-0.7000000000000001,-169.70000000000002,0.0,0.0,169.70000000000002,0.0,21.700000000000003,29.200000000000003,29.200000000000003,29.700000000000003,300.0,300.0,31.5,35.6,29.1,28.3,30.200000000000003,4.95,1.99,4.97,0.16,0.0,0.0,1027.0,8228.0,0.0,0.0,0.0,0.0,0.0,1.0,0.0,0.0,0.0,0.0,0.0,-0.5,0.0,0.6000000000000001,0.0,0.0002,16.0,25903.0
2026-07-30T19:01:28.021Z,257.504,257.514,0.0,7.4,0.0,0.0,0.0,0.0,0.0,0.0,0.0,0.0,1.0,0.0,0.0,0.0,9.0,4.0,0.0,0.0,0.0,0.0,0.0,0.0,0.0,0.0,3.0,12.0,1.0,12.14,5.01,2.5,1.49,0.0,0.0,0.0,0.4,0.0,0.1,-0.5,0.3,-169.70000000000002,0.0,0.0,169.70000000000002,0.0,21.700000000000003,29.200000000000003,29.200000000000003,29.700000000000003,300.0,300.0,31.5,35.6,29.1,28.3,30.200000000000003,4.96,1.99,4.96,0.16,0.0,0.0,1027.0,8228.0,0.0,0.0,0.0,0.0,0.0,1.0,0.0,0.0,0.0,0.0,0.0,-0.2,0.0,-0.4,0.0,0.0001,16.0,25903.0
2026-07-30T19:01:28.029Z,257.512,257.526,0.0,7.4,0.0,0.0,0.0,0.0,0.0,0.0,0.0,0.0,1.0,0.0,0.0,0.0,9.0,4.0,0.0,0.0,0.0,0.0,0.0,0.0,0.0,0.0,2.0,12.0,1.0,12.14,5.01,2.5,1.49,0.0,0.0,0.0,0.5,0.0,0.1,-0.4,0.4,-169.70000000000002,0.0,0.0,169.8,0.0,21.700000000000003,29.200000000000003,29.200000000000003,29.700000000000003,300.0,300.0,31.5,35.6,29.1,28.3,30.200000000000003,4.95,1.99,4.97,0.16,0.0,0.0,1027.0,8228.0,0.0,0.0,0.0,0.0,0.0,1.0,0.0,0.0,0.0,0.0,0.0,-0.2,0.0,-0.4,0.0,0.0001,16.0,25903.0
2026-07-30T19:01:28.041Z,257.524,257.538,0.0,7.4,0.0,0.0,0.0,0.0,0.0,0.0,0.0,0.0,1.0,0.0,0.0,0.0,9.0,4.0,0.0,0.0,0.0,0.0,0.0,0.0,0.0,0.0,4.0,12.0,1.0,12.17,5.01,2.5,1.49,0.0,0.0,0.0,0.4,0.0,0.2,0.6000000000000001,-0.1,-169.70000000000002,0.0,0.0,169.70000000000002,0.0,21.3,29.200000000000003,29.200000000000003,29.700000000000003,300.0,300.0,31.5,35.6,29.1,28.3,30.200000000000003,4.95,1.99,4.98,0.16,0.0,0.0,1027.0,8228.0,0.0,0.0,0.0,0.0,0.0,1.0,0.0,0.0,0.0,0.0,0.0,0.6000000000000001,0.0,0.2,0.0,0.0002,16.0,25903.0
2026-07-30T19:01:28.053Z,257.536,257.55,0.0,7.4,0.0,0.0,0.0,0.0,0.0,0.0,0.0,0.0,1.0,0.0,0.0,0.0,9.0,4.0,0.0,0.0,0.0,0.0,0.0,0.0,0.0,0.0,5.0,12.0,1.0,12.17,5.01,2.5,1.49,0.0,0.0,0.0,0.4,0.0,-0.3,0.0,-1.2000000000000002,-169.70000000000002,0.0,0.0,169.70000000000002,0.0,21.3,29.200000000000003,29.200000000000003,29.700000000000003,300.0,300.0,31.5,35.6,29.1,28.3,30.200000000000003,4.96,2.0,4.98,0.16,0.0,0.0,1027.0,8228.0,0.0,0.0,0.0,0.0,0.0,1.0,0.0,0.0,0.0,0.0,0.0,-0.8,0.0,1.1,0.0,0.0,16.0,25903.0
2026-07-30T19:01:28.065Z,257.548,257.562,0.0,7.4,0.0,0.0,0.0,0.0,0.0,0.0,0.0,0.0,1.0,0.0,0.0,0.0,9.0,4.0,0.0,0.0,0.0,0.0,0.0,0.0,0.0,0.0,1.0,12.0,1.0,12.17,5.01,2.5,1.49,0.0,0.1,0.0,0.4,0.0,0.2,-1.0,-0.1,-169.70000000000002,0.0,0.0,169.70000000000002,0.0,21.3,29.200000000000003,29.200000000000003,29.700000000000003,300.0,300.0,31.5,35.6,29.1,28.3,30.200000000000003,4.95,2.0,4.96,0.16,0.0,0.0,1027.0,8228.0,0.0,0.0,0.0,0.0,0.0,1.0,0.0,0.0,0.0,0.0,0.0,-1.2000000000000002,0.0,-0.1,0.0,0.0001,16.0,25903.0
2026-07-30T19:01:28.076Z,257.559,257.574,0.0,7.4,0.0,0.0,0.0,0.0,0.0,0.0,0.0,0.0,1.0,0.0,0.0,0.0,9.0,4.0,0.0,0.0,0.0,0.0,0.0,0.0,0.0,0.0,3.0,12.0,1.0,12.17,5.01,2.5,1.49,0.0,0.0,0.0,0.4,0.0,-0.3,-1.0,0.4,-169.70000000000002,0.0,0.0,169.70000000000002,0.0,21.3,29.200000000000003,29.200000000000003,29.700000000000003,300.0,300.0,31.5,35.6,29.1,28.3,30.200000000000003,4.95,1.99,4.97,0.16,0.0,0.0,1027.0,8228.0,0.0,0.0,0.0,0.0,0.0,1.0,0.0,0.0,0.0,0.0,0.0,-0.8,0.0,-0.6000000000000001,0.0,0.0001,16.0,25903.0
2026-07-30T19:01:28.089Z,257.572,257.586,0.0,7.4,0.0,0.0,0.0,0.0,0.0,0.0,0.0,0.0,1.0,0.0,0.0,0.0,9.0,4.0,0.0,0.0,0.0,0.0,0.0,0.0,0.0,0.0,4.0,12.0,1.0,12.17,5.01,2.5,1.49,0.0,0.1,0.0,0.4,0.0,-0.2,-0.4,-0.6000000000000001,-169.70000000000002,0.0,0.0,169.70000000000002,0.0,21.3,29.200000000000003,29.200000000000003,29.700000000000003,300.0,300.0,31.5,35.6,29.1,28.3,30.200000000000003,4.95,1.99,4.96,0.16,0.0,0.0,1027.0,8228.0,0.0,0.0,0.0,0.0,0.0,1.0,0.0,0.0,0.0,0.0,0.0,-1.0,0.0,0.5,0.0,0.0001,16.0,25903.0
2026-07-30T19:01:28.101Z,257.584,257.598,0.0,7.4,0.0,0.0,0.0,0.0,0.0,0.0,0.0,0.0,1.0,0.0,0.0,0.0,9.0,4.0,0.0,0.0,0.0,0.0,0.0,0.0,0.0,0.0,5.0,12.0,1.0,12.17,5.01,2.5,1.49,0.0,0.0,0.0,0.4,0.0,-0.2,-0.4,0.4,-169.70000000000002,0.0,0.0,169.70000000000002,0.0,21.3,29.200000000000003,29.200000000000003,29.700000000000003,300.0,300.0,31.5,35.6,29.1,28.3,30.200000000000003,4.96,1.99,4.96,0.16,0.0,0.0,1027.0,8228.0,0.0,0.0,0.0,0.0,0.0,1.0,0.0,0.0,0.0,0.0,0.0,-0.2,0.0,-0.4,0.0,0.0,16.0,25903.0
2026-07-30T19:01:28.113Z,257.596,257.61,0.0,7.4,0.0,0.0,0.0,0.0,0.0,0.0,0.0,0.0,1.0,0.0,0.0,0.0,9.0,4.0,0.0,0.0,0.0,0.0,0.0,0.0,0.0,0.0,6.0,12.0,1.0,12.17,5.01,2.5,1.49,0.0,0.0,0.0,0.4,0.0,0.9,0.1,0.4,-169.70000000000002,0.0,0.0,169.70000000000002,0.0,21.3,29.200000000000003,29.200000000000003,29.700000000000003,300.0,300.0,31.5,35.6,29.1,28.3,30.200000000000003,4.96,1.99,4.97,0.16,0.0,0.0,1027.0,8228.0,0.0,0.0,0.0,0.0,0.0,1.0,0.0,0.0,0.0,0.0,0.0,0.4,0.0,-0.3,0.0,0.0001,16.0,25903.0
2026-07-30T19:01:28.125Z,257.608,257.622,0.0,7.4,0.0,0.0,0.0,0.0,0.0,0.0,0.0,0.0,1.0,0.0,0.0,0.0,9.0,4.0,0.0,0.0,0.0,0.0,0.0,0.0,0.0,0.0,2.0,12.0,1.0,12.17,5.01,2.5,1.49,0.0,0.1,0.0,0.4,0.0,0.3,-1.0,-0.1,-169.70000000000002,0.0,0.0,169.70000000000002,0.0,21.3,29.200000000000003,29.200000000000003,29.700000000000003,300.0,300.0,31.5,35.6,29.1,28.3,30.200000000000003,4.96,1.99,4.97,0.16,0.0,0.0,1027.0,8228.0,0.0,0.0,0.0,0.0,0.0,1.0,0.0,0.0,0.0,0.0,0.0,-1.2000000000000002,0.0,-0.5,0.0,0.0,16.0,25903.0
2026-07-30T19:01:28.137Z,257.62,257.634,0.0,7.4,0.0,0.0,0.0,0.0,0.0,0.0,0.0,0.0,1.0,0.0,0.0,0.0,9.0,4.0,0.0,0.0,0.0,0.0,0.0,0.0,0.0,0.0,3.0,12.0,1.0,12.17,5.01,2.5,1.49,0.0,0.0,0.0,0.4,0.0,-0.2,0.6000000000000001,-0.7000000000000001,-169.70000000000002,0.0,0.0,169.70000000000002,0.0,21.3,29.200000000000003,29.200000000000003,29.700000000000003,300.0,300.0,31.5,35.6,29.1,28.3,30.200000000000003,4.96,2.0,4.96,0.16,0.0,0.0,1027.0,8228.0,0.0,0.0,0.0,0.0,0.0,1.0,0.0,0.0,0.0,0.0,0.0,0.0,0.0,0.1,0.0,0.0,16.0,25903.0
2026-07-30T19:01:28.148Z,257.631,257.646,0.0,7.4,0.0,0.0,0.0,0.0,0.0,0.0,0.0,0.0,1.0,0.0,0.0,0.0,9.0,4.0,0.0,0.0,0.0,0.0,0.0,0.0,0.0,0.0,4.0,12.0,1.0,12.14,5.01,2.51,1.49,0.0,0.1,0.0,0.4,0.0,0.8,0.1,-0.1,-169.70000000000002,0.0,0.0,169.70000000000002,0.0,21.8,29.200000000000003,29.200000000000003,29.700000000000003,300.0,300.0,31.5,35.6,29.1,28.3,30.200000000000003,4.95,1.99,4.96,0.16,0.0,0.0,1027.0,8228.0,0.0,0.0,0.0,0.0,0.0,1.0,0.0,0.0,0.0,0.0,0.0,1.5,0.0,-0.7000000000000001,0.0,0.0,16.0,25903.0
2026-07-30T19:01:28.161Z,257.644,257.658,0.0,7.4,0.0,0.0,0.0,0.0,0.0,0.0,0.0,0.0,1.0,0.0,0.0,0.0,9.0,4.0,0.0,0.0,0.0,0.0,0.0,0.0,0.0,0.0,5.0,12.0,1.0,12.14,5.01,2.51,1.49,0.0,0.0,0.0,0.4,0.0,0.2,-0.4,-0.2,-169.70000000000002,0.0,0.0,169.70000000000002,0.0,21.8,29.200000000000003,29.200000000000003,29.700000000000003,300.0,300.0,31.5,35.6,29.1,28.3,30.200000000000003,4.95,1.99,4.97,0.16,0.0,0.0,1027.0,8228.0,0.0,0.0,0.0,0.0,0.0,1.0,0.0,0.0,0.0,0.0,0.0,-1.1,0.0,0.6000000000000001,0.0,0.0,16.0,25903.0
2026-07-30T19:01:28.173Z,257.656,257.67,0.0,7.4,0.0,0.0,0.0,0.0,0.0,0.0,0.0,0.0,1.0,0.0,0.0,0.0,9.0,4.0,0.0,0.0,0.0,0.0,0.0,0.0,0.0,0.0,5.0,12.0,1.0,12.14,5.01,2.51,1.49,0.0,0.0,0.0,0.4,0.0,0.2,-0.4,-1.3,-169.70000000000002,0.0,0.0,169.8,0.0,21.8,29.200000000000003,29.200000000000003,29.700000000000003,300.0,300.0,31.5,35.6,29.1,28.3,30.200000000000003,4.96,1.99,4.97,0.16,0.0,0.0,1027.0,8228.0,0.0,0.0,0.0,0.0,0.0,1.0,0.0,0.0,0.0,0.0,0.0,0.6000000000000001,0.0,-1.4,0.0,0.0001,16.0,25903.0
2026-07-30T19:01:28.185Z,257.668,257.682,0.0,7.4,0.0,0.0,0.0,0.0,0.0,0.0,0.0,0.0,1.0,0.0,0.0,0.0,9.0,4.0,0.0,0.0,0.0,0.0,0.0,0.0,0.0,0.0,6.0,12.0,1.0,12.14,5.01,2.51,1.49,0.0,0.1,0.0,0.4,0.0,0.2,-0.4,-1.4,-169.70000000000002,0.0,0.0,169.8,0.0,21.8,29.200000000000003,29.200000000000003,29.700000000000003,300.0,300.0,31.5,35.6,29.1,28.3,30.200000000000003,4.96,1.99,4.96,0.16,0.0,0.0,1027.0,8228.0,0.0,0.0,0.0,0.0,0.0,1.0,0.0,0.0,0.0,0.0,0.0,-1.5,0.0,1.1,0.0,0.0001,16.0,25903.0
2026-07-30T19:01:28.197Z,257.68,257.694,0.0,7.4,0.0,0.0,0.0,0.0,0.0,0.0,0.0,0.0,1.0,0.0,0.0,0.0,9.0,4.0,0.0,0.0,0.0,0.0,0.0,0.0,0.0,0.0,1.0,12.0,1.0,12.14,5.01,2.51,1.49,0.0,0.0,0.0,0.4,0.0,-0.3,-0.4,-0.8,-169.70000000000002,0.0,0.0,169.8,0.0,21.8,29.200000000000003,29.200000000000003,29.700000000000003,300.0,300.0,31.5,35.6,29.1,28.3,30.200000000000003,4.95,1.99,4.96,0.16,0.0,0.0,1027.0,8228.0,0.0,0.0,0.0,0.0,0.0,1.0,0.0,0.0,0.0,0.0,0.0,-1.1,0.0,0.6000000000000001,0.0,0.0,16.0,25903.0
2026-07-30T19:01:28.209Z,257.692,257.706,0.0,7.4,0.0,0.0,0.0,0.0,0.0,0.0,0.0,0.0,1.0,0.0,0.0,0.0,9.0,4.0,0.0,0.0,0.0,0.0,0.0,0.0,0.0,0.0,2.0,12.0,1.0,12.14,5.01,2.51,1.49,0.0,0.0,0.0,0.4,0.0,-0.3,-0.4,-0.2,-169.70000000000002,0.0,0.0,169.8,0.0,21.8,29.200000000000003,29.200000000000003,29.700000000000003,300.0,300.0,31.5,35.6,29.1,28.3,30.200000000000003,4.96,1.99,4.96,0.15,0.0,0.0,1027.0,8228.0,0.0,0.0,0.0,0.0,0.0,1.0,0.0,0.0,0.0,0.0,0.0,-0.7000000000000001,0.0,0.1,0.0,0.0,16.0,25903.0
2026-07-30T19:01:28.222Z,257.705,257.718,0.0,7.4,0.0,0.0,0.0,0.0,0.0,0.0,0.0,0.0,1.0,0.0,0.0,0.0,9.0,4.0,0.0,0.0,0.0,0.0,0.0,0.0,0.0,0.0,3.0,12.0,1.0,12.14,5.01,2.51,1.49,0.0,0.0,0.0,0.4,0.0,0.8,0.1,0.9,-169.70000000000002,0.0,0.0,169.8,0.0,21.8,29.200000000000003,29.200000000000003,29.700000000000003,300.0,300.0,31.5,35.6,29.1,28.3,30.200000000000003,4.95,1.99,4.97,0.15,0.0,0.0,1027.0,8228.0,0.0,0.0,0.0,0.0,0.0,1.0,0.0,0.0,0.0,0.0,0.0,0.8,0.0,-0.7000000000000001,0.0,0.0001,16.0,25903.0
2026-07-30T19:01:28.233Z,257.716,257.73,0.0,7.4,0.0,0.0,0.0,0.0,0.0,0.0,0.0,0.0,1.0,0.0,0.0,0.0,9.0,4.0,0.0,0.0,0.0,0.0,0.0,0.0,0.0,0.0,4.0,12.0,1.0,12.14,5.01,2.51,1.49,0.0,0.0,0.0,0.4,0.0,1.4,0.6000000000000001,1.5,-169.70000000000002,0.0,0.0,169.70000000000002,0.0,21.8,29.200000000000003,29.200000000000003,29.700000000000003,300.0,300.0,31.5,35.6,29.1,28.3,30.200000000000003,4.95,1.99,4.97,0.16,0.0,0.0,1027.0,8228.0,0.0,0.0,0.0,0.0,0.0,1.0,0.0,0.0,0.0,0.0,0.0,1.9,0.0,-1.2000000000000002,0.0,0.0,16.0,25903.0
2026-07-30T19:01:28.246Z,257.729,257.742,0.0,7.4,0.0,0.0,0.0,0.0,0.0,0.0,0.0,0.0,1.0,0.0,0.0,0.0,9.0,4.0,0.0,0.0,0.0,0.0,0.0,0.0,0.0,0.0,5.0,12.0,1.0,12.18,5.0200000000000005,2.51,1.49,0.0,0.0,0.0,0.4,0.0,0.8,1.2000000000000002,1.5,-169.70000000000002,0.0,0.0,169.8,0.0,21.8,29.200000000000003,29.200000000000003,29.700000000000003,300.0,300.0,31.4,35.7,29.1,28.3,30.200000000000003,4.95,2.0,4.97,0.16,0.0,0.0,1027.0,8228.0,0.0,0.0,0.0,0.0,0.0,1.0,0.0,0.0,0.0,0.0,0.0,2.6,0.0,-1.1,0.0,0.0001,16.0,25903.0
2026-07-30T19:01:28.257Z,257.74,257.754,0.0,7.4,0.0,0.0,0.0,0.0,0.0,0.0,0.0,0.0,1.0,0.0,0.0,0.0,9.0,4.0,0.0,0.0,0.0,0.0,0.0,0.0,0.0,0.0,6.0,12.0,1.0,12.18,5.0200000000000005,2.51,1.49,0.0,0.1,0.0,0.4,0.0,1.4,0.0,0.3,-169.70000000000002,0.0,0.0,169.8,0.0,21.8,29.200000000000003,29.200000000000003,29.700000000000003,300.0,300.0,31.4,35.7,29.1,28.3,30.200000000000003,4.96,2.0,4.96,0.16,0.0,0.0,1027.0,8228.0,0.0,0.0,0.0,0.0,0.0,1.0,0.0,0.0,0.0,0.0,0.0,0.3,0.0,-0.3,0.0,0.0001,16.0,25903.0
2026-07-30T19:01:28.269Z,257.752,257.766,0.0,7.4,0.0,0.0,0.0,0.0,0.0,0.0,0.0,0.0,1.0,0.0,0.0,0.0,9.0,4.0,0.0,0.0,0.0,0.0,0.0,0.0,0.0,0.0,1.0,12.0,1.0,12.18,5.0200000000000005,2.51,1.49,0.0,0.0,0.0,0.4,0.0,0.8,0.1,-0.1,-169.70000000000002,0.0,0.0,169.8,0.0,21.8,29.200000000000003,29.200000000000003,29.700000000000003,300.0,300.0,31.4,35.7,29.1,28.3,30.200000000000003,4.95,1.99,4.97,0.16,0.0,0.0,1027.0,8228.0,0.0,0.0,0.0,0.0,0.0,1.0,0.0,0.0,0.0,0.0,0.0,0.0,0.0,0.1,0.0,0.0001,16.0,25903.0
2026-07-30T19:01:28.281Z,257.764,257.778,0.0,7.4,0.0,0.0,0.0,0.0,0.0,0.0,0.0,0.0,1.0,0.0,0.0,0.0,9.0,4.0,0.0,0.0,0.0,0.0,0.0,0.0,0.0,0.0,3.0,12.0,1.0,12.18,5.0200000000000005,2.51,1.49,0.0,0.0,0.0,0.4,0.0,0.2,0.6000000000000001,0.3,-169.70000000000002,0.0,0.0,169.70000000000002,0.0,21.8,29.200000000000003,29.200000000000003,29.700000000000003,300.0,300.0,31.4,35.7,29.1,28.3,30.200000000000003,4.95,1.99,4.97,0.16,0.0,0.0,1027.0,8228.0,0.0,0.0,0.0,0.0,0.0,1.0,0.0,0.0,0.0,0.0,0.0,1.0,0.0,-0.2,0.0,0.0,16.0,25903.0
2026-07-30T19:01:28.293Z,257.776,257.79,0.0,7.4,0.0,0.0,0.0,0.0,0.0,0.0,0.0,0.0,1.0,0.0,0.0,0.0,9.0,4.0,0.0,0.0,0.0,0.0,0.0,0.0,0.0,0.0,4.0,12.0,1.0,12.18,5.0200000000000005,2.51,1.49,0.0,0.1,0.0,0.4,0.0,0.2,0.0,0.9,-169.70000000000002,0.0,0.0,169.8,0.0,21.8,29.200000000000003,29.200000000000003,29.700000000000003,300.0,300.0,31.4,35.7,29.1,28.3,30.200000000000003,4.95,2.0,4.97,0.16,0.0,0.0,1027.0,8228.0,0.0,0.0,0.0,0.0,0.0,1.0,0.0,0.0,0.0,0.0,0.0,0.8,0.0,-0.8,0.0,0.0001,16.0,25903.0
2026-07-30T19:01:28.305Z,257.788,257.802,0.0,7.4,0.0,0.0,0.0,0.0,0.0,0.0,0.0,0.0,1.0,0.0,0.0,0.0,9.0,4.0,0.0,0.0,0.0,0.0,0.0,0.0,0.0,0.0,5.0,12.0,1.0,12.18,5.0200000000000005,2.51,1.49,0.0,0.0,0.0,0.4,0.0,-0.9,-0.5,-1.4,-169.70000000000002,0.0,0.0,169.8,0.0,21.8,29.200000000000003,29.200000000000003,29.700000000000003,300.0,300.0,31.4,35.7,29.1,28.3,30.200000000000003,4.95,2.0,4.97,0.16,0.0,0.0,1027.0,8228.0,0.0,0.0,0.0,0.0,0.0,1.0,0.0,0.0,0.0,0.0,0.0,-1.6,0.0,1.1,0.0,0.0001,16.0,25903.0
2026-07-30T19:01:28.317Z,257.8,257.814,0.0,7.4,0.0,0.0,0.0,0.0,0.0,0.0,0.0,0.0,1.0,0.0,0.0,0.0,9.0,4.0,0.0,0.0,0.0,0.0,0.0,0.0,0.0,0.0,6.0,12.0,1.0,12.18,5.0200000000000005,2.51,1.49,0.0,0.0,0.0,0.4,0.0,-0.2,-0.5,-0.2,-169.70000000000002,0.0,0.0,169.8,0.0,21.8,29.200000000000003,29.200000000000003,29.700000000000003,300.0,300.0,31.4,35.7,29.1,28.3,30.200000000000003,4.96,1.99,4.97,0.16,0.0,0.0,1027.0,8228.0,0.0,0.0,0.0,0.0,0.0,1.0,0.0,0.0,0.0,0.0,0.0,-0.7000000000000001,0.0,0.1,0.0,0.0,16.0,25903.0
2026-07-30T19:01:28.329Z,257.812,257.826,0.0,7.4,0.0,0.0,0.0,0.0,0.0,0.0,0.0,0.0,1.0,0.0,0.0,0.0,9.0,4.0,0.0,0.0,0.0,0.0,0.0,0.0,0.0,0.0,1.0,12.0,1.0,12.18,5.0200000000000005,2.51,1.49,0.0,0.0,0.0,0.5,0.0,0.8,0.1,0.9,-169.70000000000002,0.0,0.0,169.60000000000002,0.0,21.8,29.200000000000003,29.200000000000003,29.700000000000003,300.0,300.0,31.4,35.7,29.1,28.3,30.200000000000003,4.96,2.0,4.96,0.16,0.0,0.0,1027.0,8228.0,0.0,0.0,0.0,0.0,0.0,1.0,0.0,0.0,0.0,0.0,0.0,0.8,0.0,-0.8,0.0,0.0001,16.0,25903.0
2026-07-30T19:01:28.341Z,257.824,257.838,0.0,7.4,0.0,0.0,0.0,0.0,0.0,0.0,0.0,0.0,1.0,0.0,0.0,0.0,9.0,4.0,0.0,0.0,0.0,0.0,0.0,0.0,0.0,0.0,1.0,12.0,1.0,12.18,5.0200000000000005,2.51,1.49,0.0,0.0,0.0,0.4,0.0,-0.8,0.1,0.3,-169.70000000000002,0.0,0.0,169.70000000000002,0.0,21.8,29.200000000000003,29.200000000000003,29.700000000000003,300.0,300.0,31.4,35.7,29.1,28.3,30.200000000000003,4.96,1.99,4.96,0.15,0.0,0.0,1027.0,8228.0,0.0,0.0,0.0,0.0,0.0,1.0,0.0,0.0,0.0,0.0,0.0,0.3,0.0,-0.2,0.0,0.0002,16.0,25903.0
2026-07-30T19:01:28.353Z,257.836,257.85,0.0,7.4,0.0,0.0,0.0,0.0,0.0,0.0,0.0,0.0,1.0,0.0,0.0,0.0,9.0,4.0,0.0,0.0,0.0,0.0,0.0,0.0,0.0,0.0,1.0,12.0,1.0,12.19,5.01,2.5,1.49,0.0,0.0,0.0,0.4,0.0,-0.2,0.1,1.5,-169.70000000000002,0.0,0.0,169.8,0.0,21.4,29.200000000000003,29.200000000000003,29.700000000000003,300.0,300.0,31.5,35.7,29.1,28.3,30.200000000000003,4.95,1.99,4.97,0.16,0.0,0.0,1027.0,8228.0,0.0,0.0,0.0,0.0,0.0,1.0,0.0,0.0,0.0,0.0,0.0,1.3,0.0,-1.3,0.0,0.0001,16.0,25903.0
2026-07-30T19:01:28.365Z,257.848,257.862,0.0,7.4,0.0,0.0,0.0,0.0,0.0,0.0,0.0,0.0,1.0,0.0,0.0,0.0,9.0,4.0,0.0,0.0,0.0,0.0,0.0,0.0,0.0,0.0,2.0,12.0,1.0,12.19,5.01,2.5,1.49,0.0,0.1,0.0,0.4,0.0,-0.2,-0.3,-0.2,-169.70000000000002,0.0,0.0,169.8,0.0,21.4,29.200000000000003,29.200000000000003,29.700000000000003,300.0,300.0,31.5,35.7,29.1,28.3,30.200000000000003,4.96,1.99,4.96,0.16,0.0,0.0,1027.0,8228.0,0.0,0.0,0.0,0.0,0.0,1.0,0.0,0.0,0.0,0.0,0.0,-0.6000000000000001,0.0,0.1,0.0,0.0001,16.0,25903.0
2026-07-30T19:01:28.377Z,257.86,257.874,0.0,7.4,0.0,0.0,0.0,0.0,0.0,0.0,0.0,0.0,1.0,0.0,0.0,0.0,9.0,4.0,0.0,0.0,0.0,0.0,0.0,0.0,0.0,0.0,3.0,12.0,1.0,12.19,5.01,2.5,1.49,0.0,0.0,0.0,0.5,0.0,-0.2,0.1,-0.8,-169.70000000000002,0.0,0.0,169.70000000000002,0.0,21.4,29.200000000000003,29.200000000000003,29.700000000000003,300.0,300.0,31.5,35.7,29.1,28.3,30.200000000000003,4.96,1.99,4.96,0.16,0.0,0.0,1027.0,8228.0,0.0,0.0,0.0,0.0,0.0,1.0,0.0,0.0,0.0,0.0,0.0,-0.4,0.0,0.7000000000000001,0.0,0.0,16.0,25903.0
2026-07-30T19:01:28.388Z,257.871,257.886,0.0,7.4,0.0,0.0,0.0,0.0,0.0,0.0,0.0,0.0,1.0,0.0,0.0,0.0,9.0,4.0,0.0,0.0,0.0,0.0,0.0,0.0,0.0,0.0,4.0,12.0,1.0,12.19,5.01,2.5,1.49,0.0,0.0,0.0,0.5,0.0,-0.2,0.7000000000000001,2.0,-169.70000000000002,0.0,0.0,169.70000000000002,0.0,21.4,29.200000000000003,29.200000000000003,29.700000000000003,300.0,300.0,31.5,35.7,29.1,28.3,30.200000000000003,4.95,1.99,4.96,0.16,0.0,0.0,1027.0,8228.0,0.0,0.0,0.0,0.0,0.0,1.0,0.0,0.0,0.0,0.0,0.0,2.3000000000000003,0.0,-1.6,0.0,0.0001,16.0,25903.0
2026-07-30T19:01:28.400Z,257.883,257.898,0.0,7.4,0.0,0.0,0.0,0.0,0.0,0.0,0.0,0.0,1.0,0.0,0.0,0.0,9.0,4.0,0.0,0.0,0.0,0.0,0.0,0.0,0.0,0.0,5.0,12.0,1.0,12.19,5.01,2.5,1.49,0.0,0.0,0.0,0.4,0.0,0.3,-1.0,-1.4,-169.70000000000002,0.0,0.0,169.70000000000002,0.0,21.4,29.200000000000003,29.200000000000003,29.700000000000003,300.0,300.0,31.5,35.7,29.1,28.3,30.200000000000003,4.95,1.99,4.97,0.16,0.0,0.0,1027.0,8228.0,0.0,0.0,0.0,0.0,0.0,1.0,0.0,0.0,0.0,0.0,0.0,-2.2,0.0,1.0,0.0,0.0001,16.0,25903.0
2026-07-30T19:01:28.412Z,257.895,257.91,0.0,7.4,0.0,0.0,0.0,0.0,0.0,0.0,0.0,0.0,1.0,0.0,0.0,0.0,9.0,4.0,0.0,0.0,0.0,0.0,0.0,0.0,0.0,0.0,6.0,12.0,1.0,12.19,5.01,2.5,1.49,-0.1,0.0,0.0,0.4,0.0,0.9,0.1,2.7,-169.70000000000002,0.0,0.0,169.70000000000002,0.0,21.4,29.200000000000003,29.200000000000003,29.700000000000003,300.0,300.0,31.5,35.7,29.1,28.3,30.200000000000003,4.96,1.99,4.96,0.16,0.0,0.0,1027.0,8228.0,0.0,0.0,0.0,0.0,0.0,1.0,0.0,0.0,0.0,0.0,0.0,2.2,0.0,-2.3000000000000003,0.0,0.0,16.0,25903.0
2026-07-30T19:01:28.425Z,257.908,257.922,0.0,7.4,0.0,0.0,0.0,0.0,0.0,0.0,0.0,0.0,1.0,0.0,0.0,0.0,9.0,4.0,0.0,0.0,0.0,0.0,0.0,0.0,0.0,0.0,1.0,12.0,1.0,12.19,5.01,2.5,1.49,0.0,0.0,0.0,0.4,0.0,0.3,1.9,-0.8,-169.70000000000002,0.0,0.0,169.8,0.0,21.4,29.200000000000003,29.200000000000003,29.700000000000003,300.0,300.0,31.5,35.7,29.1,28.3,30.200000000000003,4.96,1.99,4.97,0.16,0.0,0.0,1027.0,8228.0,0.0,0.0,0.0,0.0,0.0,1.0,0.0,0.0,0.0,0.0,0.0,1.5,0.0,1.1,0.0,0.0001,16.0,25903.0
2026-07-30T19:01:28.437Z,257.92,257.934,0.0,7.4,0.0,0.0,0.0,0.0,0.0,0.0,0.0,0.0,1.0,0.0,0.0,0.0,9.0,4.0,0.0,0.0,0.0,0.0,0.0,0.0,0.0,0.0,2.0,12.0,1.0,12.19,5.01,2.5,1.49,0.0,0.0,0.0,0.5,0.0,0.3,0.1,-0.2,-169.70000000000002,0.0,0.0,169.8,0.0,21.4,29.200000000000003,29.200000000000003,29.700000000000003,300.0,300.0,31.5,35.7,29.1,28.3,30.200000000000003,4.95,1.99,4.97,0.16,0.0,0.0,1027.0,8228.0,0.0,0.0,0.0,0.0,0.0,1.0,0.0,0.0,0.0,0.0,0.0,0.0,0.0,0.2,0.0,0.0001,16.0,25903.0
2026-07-30T19:01:28.450Z,257.933,257.946,0.0,7.4,0.0,0.0,0.0,0.0,0.0,0.0,0.0,0.0,1.0,0.0,0.0,0.0,9.0,4.0,0.0,0.0,0.0,0.0,0.0,0.0,0.0,0.0,4.0,12.0,1.0,12.18,5.0200000000000005,2.51,1.49,-0.1,0.0,0.0,0.4,0.0,-0.1,-1.0,0.9,-169.70000000000002,0.0,0.0,169.70000000000002,0.0,21.0,29.200000000000003,29.200000000000003,29.700000000000003,300.0,300.0,31.5,35.7,29.1,28.3,30.200000000000003,4.96,1.99,4.96,0.16,0.0,0.0,1027.0,8228.0,0.0,0.0,0.0,0.0,0.0,1.0,0.0,0.0,0.0,0.0,0.0,-0.5,0.0,-1.0,0.0,0.0,16.0,25903.0
2026-07-30T19:01:28.461Z,257.944,257.958,0.0,7.4,0.0,0.0,0.0,0.0,0.0,0.0,0.0,0.0,1.0,0.0,0.0,0.0,9.0,4.0,0.0,0.0,0.0,0.0,0.0,0.0,0.0,0.0,6.0,12.0,1.0,12.18,5.0200000000000005,2.51,1.49,0.0,0.0,0.0,0.4,0.0,-0.1,0.1,-0.2,-169.70000000000002,0.0,0.0,169.8,0.0,21.0,29.200000000000003,29.200000000000003,29.700000000000003,300.0,300.0,31.5,35.7,29.1,28.3,30.200000000000003,4.96,1.99,4.96,0.16,0.0,0.0,1027.0,8228.0,0.0,0.0,0.0,0.0,0.0,1.0,0.0,0.0,0.0,0.0,0.0,0.0,0.0,0.2,0.0,0.0,16.0,25903.0
2026-07-30T19:01:28.474Z,257.957,257.97,0.0,7.4,0.0,0.0,0.0,0.0,0.0,0.0,0.0,0.0,1.0,0.0,0.0,0.0,9.0,4.0,0.0,0.0,0.0,0.0,0.0,0.0,0.0,0.0,6.0,12.0,1.0,12.18,5.0200000000000005,2.51,1.49,0.0,0.0,0.0,0.4,0.0,0.4,0.1,0.3,-169.70000000000002,0.0,0.0,169.8,0.0,21.0,29.200000000000003,29.200000000000003,29.700000000000003,300.0,300.0,31.5,35.7,29.1,28.3,30.200000000000003,4.96,1.99,4.97,0.16,0.0,0.0,1027.0,8228.0,0.0,0.0,0.0,0.0,0.0,1.0,0.0,0.0,0.0,0.0,0.0,0.3,0.0,-0.2,0.0,0.0001,16.0,25903.0
2026-07-30T19:01:28.485Z,257.968,257.982,0.0,7.4,0.0,0.0,0.0,0.0,0.0,0.0,0.0,0.0,1.0,0.0,0.0,0.0,9.0,4.0,0.0,0.0,0.0,0.0,0.0,0.0,0.0,0.0,1.0,12.0,1.0,12.18,5.0200000000000005,2.51,1.49,0.0,0.0,0.0,0.5,0.0,0.3,-0.4,-0.2,-169.70000000000002,0.0,0.0,169.8,0.0,21.0,29.200000000000003,29.200000000000003,29.700000000000003,300.0,300.0,31.5,35.7,29.1,28.3,30.200000000000003,4.95,2.0,4.97,0.16,0.0,0.0,1027.0,8228.0,0.0,0.0,0.0,0.0,0.0,1.0,0.0,0.0,0.0,0.0,0.0,-0.7000000000000001,0.0,0.1,0.0,0.0001,16.0,25903.0
2026-07-30T19:01:28.497Z,257.98,257.994,0.0,7.4,0.0,0.0,0.0,0.0,0.0,0.0,0.0,0.0,1.0,0.0,0.0,0.0,9.0,4.0,0.0,0.0,0.0,0.0,0.0,0.0,0.0,0.0,3.0,12.0,1.0,12.18,5.0200000000000005,2.51,1.49,0.0,0.0,0.0,0.4,0.0,-0.2,0.7000000000000001,-0.8,-169.70000000000002,0.0,0.0,169.8,0.0,21.0,29.200000000000003,29.200000000000003,29.700000000000003,300.0,300.0,31.5,35.7,29.1,28.3,30.200000000000003,4.96,2.0,4.96,0.16,0.0,0.0,1027.0,8228.0,0.0,0.0,0.0,0.0,0.0,1.0,0.0,0.0,0.0,0.0,0.0,0.2,0.0,0.8,0.0,0.0001,16.0,25903.0
2026-07-30T19:01:28.509Z,257.992,258.00600000000003,0.0,7.4,0.0,0.0,0.0,0.0,0.0,0.0,0.0,0.0,1.0,0.0,0.0,0.0,9.0,4.0,0.0,0.0,0.0,0.0,0.0,0.0,0.0,0.0,4.0,12.0,1.0,12.18,5.0200000000000005,2.51,1.49,0.0,0.0,0.0,0.5,0.0,-0.3,-0.4,-0.2,-169.70000000000002,0.0,0.0,169.8,0.0,21.0,29.200000000000003,29.200000000000003,29.700000000000003,300.0,300.0,31.5,35.7,29.1,28.3,30.200000000000003,4.95,1.99,4.97,0.16,0.0,0.0,1027.0,8228.0,0.0,0.0,0.0,0.0,0.0,1.0,0.0,0.0,0.0,0.0,0.0,-0.6000000000000001,0.0,0.1,0.0,0.0,16.0,25903.0
2026-07-30T19:01:28.521Z,258.004,258.01800000000003,0.0,7.4,0.0,0.0,0.0,0.0,0.0,0.0,0.0,0.0,1.0,0.0,0.0,0.0,9.0,4.0,0.0,0.0,0.0,0.0,0.0,0.0,0.0,0.0,5.0,12.0,1.0,12.18,5.0200000000000005,2.51,1.49,0.0,0.1,0.0,0.4,0.0,-0.3,0.1,0.3,-169.70000000000002,0.0,0.0,169.70000000000002,0.0,21.0,29.200000000000003,29.200000000000003,29.700000000000003,300.0,300.0,31.5,35.7,29.1,28.3,30.200000000000003,4.95,1.99,4.96,0.16,0.0,0.0,1027.0,8228.0,0.0,0.0,0.0,0.0,0.0,1.0,0.0,0.0,0.0,0.0,0.0,0.3,0.0,-0.2,0.0,0.0,16.0,25903.0
2026-07-30T19:01:28.533Z,258.016,258.03000000000003,0.0,7.4,0.0,0.0,0.0,0.0,0.0,0.0,0.0,0.0,1.0,0.0,0.0,0.0,9.0,4.0,0.0,0.0,0.0,0.0,0.0,0.0,0.0,0.0,6.0,12.0,1.0,12.18,5.0200000000000005,2.51,1.49,0.0,0.0,0.0,0.4,0.0,-0.3,0.1,-0.2,-169.70000000000002,0.0,0.0,169.70000000000002,0.0,21.0,29.200000000000003,29.200000000000003,29.700000000000003,300.0,300.0,31.5,35.7,29.1,28.3,30.200000000000003,4.96,1.99,4.96,0.16,0.0,0.0,1027.0,8228.0,0.0,0.0,0.0,0.0,0.0,1.0,0.0,0.0,0.0,0.0,0.0,0.0,0.0,0.2,0.0,0.0002,16.0,25903.0
2026-07-30T19:01:28.545Z,258.028,258.04200000000003,0.0,7.4,0.0,0.0,0.0,0.0,0.0,0.0,0.0,0.0,1.0,0.0,0.0,0.0,9.0,4.0,0.0,0.0,0.0,0.0,0.0,0.0,0.0,0.0,6.0,12.0,1.0,12.18,5.0200000000000005,2.51,1.49,0.0,0.0,0.0,0.4,0.0,-0.9,-0.4,0.3,-169.70000000000002,0.0,0.0,169.70000000000002,0.0,21.0,29.200000000000003,29.200000000000003,29.700000000000003,300.0,300.0,31.5,35.7,29.1,28.3,30.200000000000003,4.96,1.99,4.97,0.16,0.0,0.0,1027.0,8228.0,0.0,0.0,0.0,0.0,0.0,1.0,0.0,0.0,0.0,0.0,0.0,-0.2,0.0,-0.4,0.0,0.0,16.0,25903.0
2026-07-30T19:01:28.556Z,258.039,258.05400000000003,0.0,7.4,0.0,0.0,0.0,0.0,0.0,0.0,0.0,0.0,1.0,0.0,0.0,0.0,9.0,4.0,0.0,0.0,0.0,0.0,0.0,0.0,0.0,0.0,2.0,12.0,1.0,12.17,5.01,2.51,1.49,0.0,0.0,0.0,0.4,0.0,0.7000000000000001,0.0,1.5,-169.70000000000002,0.0,0.0,169.8,0.0,21.4,29.200000000000003,29.200000000000003,29.700000000000003,300.0,300.0,31.4,35.6,29.1,28.3,30.200000000000003,4.95,1.99,4.97,0.16,0.0,0.0,1027.0,8228.0,0.0,0.0,0.0,0.0,0.0,1.0,0.0,0.0,0.0,0.0,0.0,1.2000000000000002,0.0,-1.3,0.0,0.0,16.0,25903.0
2026-07-30T19:01:28.569Z,258.052,258.06600000000003,0.0,7.4,0.0,0.0,0.0,0.0,0.0,0.0,0.0,0.0,1.0,0.0,0.0,0.0,9.0,4.0,0.0,0.0,0.0,0.0,0.0,0.0,0.0,0.0,3.0,12.0,1.0,12.17,5.01,2.51,1.49,0.0,0.0,0.0,0.4,0.0,0.2,1.2000000000000002,-0.1,-169.70000000000002,0.0,0.0,169.8,0.0,21.4,29.200000000000003,29.200000000000003,29.700000000000003,300.0,300.0,31.4,35.6,29.1,28.3,30.200000000000003,4.95,2.0,4.96,0.16,0.0,0.0,1027.0,8228.0,0.0,0.0,0.0,0.0,0.0,1.0,0.0,0.0,0.0,0.0,0.0,1.2000000000000002,0.0,0.4,0.0,0.0,16.0,25903.0
2026-07-30T19:01:28.581Z,258.064,258.07800000000003,0.0,7.4,0.0,0.0,0.0,0.0,0.0,0.0,0.0,0.0,1.0,0.0,0.0,0.0,9.0,4.0,0.0,0.0,0.0,0.0,0.0,0.0,0.0,0.0,5.0,12.0,1.0,12.17,5.01,2.51,1.49,0.0,0.0,0.0,0.4,0.0,-0.9,0.0,-0.7000000000000001,-169.70000000000002,0.0,0.0,169.70000000000002,0.0,21.4,29.200000000000003,29.200000000000003,29.700000000000003,300.0,300.0,31.4,35.6,29.1,28.3,30.200000000000003,4.95,1.99,4.96,0.16,0.0,0.0,1027.0,8228.0,0.0,0.0,0.0,0.0,0.0,1.0,0.0,0.0,0.0,0.0,0.0,-0.4,0.0,0.6000000000000001,0.0,0.0001,16.0,25903.0
2026-07-30T19:01:28.593Z,258.076,258.09000000000003,0.0,7.4,0.0,0.0,0.0,0.0,0.0,0.0,0.0,0.0,1.0,0.0,0.0,0.0,9.0,4.0,0.0,0.0,0.0,0.0,0.0,0.0,0.0,0.0,6.0,12.0,1.0,12.17,5.01,2.51,1.49,0.0,0.0,0.0,0.4,0.0,-1.5,0.0,0.4,-169.70000000000002,0.0,0.0,169.70000000000002,0.0,21.4,29.200000000000003,29.200000000000003,29.700000000000003,300.0,300.0,31.4,35.6,29.1,28.3,30.200000000000003,4.95,1.99,4.97,0.16,0.0,0.0,1027.0,8228.0,0.0,0.0,0.0,0.0,0.0,1.0,0.0,0.0,0.0,0.0,0.0,0.4,0.0,-0.3,0.0,0.0001,16.0,25903.0
2026-07-30T19:01:28.605Z,258.088,258.10200000000003,0.0,7.4,0.0,0.0,0.0,0.0,0.0,0.0,0.0,0.0,1.0,0.0,0.0,0.0,9.0,4.0,0.0,0.0,0.0,0.0,0.0,0.0,0.0,0.0,1.0,12.0,1.0,12.17,5.01,2.51,1.49,0.0,0.0,0.0,0.4,0.0,0.8,0.0,-0.7000000000000001,-169.70000000000002,0.0,0.0,169.70000000000002,0.0,21.4,29.200000000000003,29.200000000000003,29.700000000000003,300.0,300.0,31.4,35.6,29.1,28.3,30.200000000000003,4.96,1.99,4.96,0.16,0.0,0.0,1027.0,8228.0,0.0,0.0,0.0,0.0,0.0,1.0,0.0,0.0,0.0,0.0,0.0,-0.4,0.0,0.6000000000000001,0.0,0.0001,16.0,25903.0
2026-07-30T19:01:28.617Z,258.1,258.11400000000003,0.0,7.4,0.0,0.0,0.0,0.0,0.0,0.0,0.0,0.0,1.0,0.0,0.0,0.0,9.0,4.0,0.0,0.0,0.0,0.0,0.0,0.0,0.0,0.0,2.0,12.0,1.0,12.17,5.01,2.51,1.49,0.0,0.0,0.0,0.4,0.0,0.8,0.6000000000000001,0.4,-169.70000000000002,0.0,0.0,169.70000000000002,0.0,21.4,29.200000000000003,29.200000000000003,29.700000000000003,300.0,300.0,31.4,35.6,29.1,28.3,30.200000000000003,4.96,1.99,4.96,0.16,0.0,0.0,1027.0,8228.0,0.0,0.0,0.0,0.0,0.0,1.0,0.0,0.0,0.0,0.0,0.0,-0.4,0.0,0.6000000000000001,0.0,0.0001,16.0,25903.0
2026-07-30T19:01:28.628Z,258.111,258.12600000000003,0.0,7.4,0.0,0.0,0.0,0.0,0.0,0.0,0.0,0.0,1.0,0.0,0.0,0.0,9.0,4.0,0.0,0.0,0.0,0.0,0.0,0.0,0.0,0.0,3.0,12.0,1.0,12.17,5.01,2.51,1.49,0.0,0.0,0.0,0.4,0.0,0.2,0.6000000000000001,-0.1,-169.70000000000002,0.0,0.0,169.70000000000002,0.0,21.4,29.200000000000003,29.200000000000003,29.700000000000003,300.0,300.0,31.4,35.6,29.1,28.3,30.200000000000003,4.96,1.99,4.96,0.16,0.0,0.0,1027.0,8228.0,0.0,0.0,0.0,0.0,0.0,1.0,0.0,0.0,0.0,0.0,0.0,0.6000000000000001,0.0,0.2,0.0,0.0,16.0,25903.0
2026-07-30T19:01:28.640Z,258.123,258.13800000000003,0.0,7.4,0.0,0.0,0.0,0.0,0.0,0.0,0.0,0.0,1.0,0.0,0.0,0.0,9.0,4.0,0.0,0.0,0.0,0.0,0.0,0.0,0.0,0.0,4.0,12.0,1.0,12.17,5.01,2.51,1.49,0.0,0.0,0.0,0.4,0.0,0.2,-0.4,0.3,-169.70000000000002,0.0,0.0,169.70000000000002,0.0,21.4,29.200000000000003,29.200000000000003,29.700000000000003,300.0,300.0,31.4,35.6,29.1,28.3,30.200000000000003,4.95,1.99,4.97,0.15,0.0,0.0,1027.0,8228.0,0.0,0.0,0.0,0.0,0.0,1.0,0.0,0.0,0.0,0.0,0.0,0.1,0.0,-0.9,0.0,0.0001,16.0,25903.0
2026-07-30T19:01:28.656Z,258.139,258.15,0.0,7.4,0.0,0.0,0.0,0.0,0.0,0.0,0.0,0.0,1.0,0.0,0.0,0.0,9.0,4.0,0.0,0.0,0.0,0.0,0.0,0.0,0.0,0.0,5.0,12.0,1.0,12.15,5.01,2.5,1.49,-0.1,0.0,0.0,0.4,0.0,-0.9,0.0,-0.2,-169.70000000000002,0.0,0.0,169.70000000000002,0.0,21.700000000000003,29.200000000000003,29.200000000000003,29.700000000000003,300.0,300.0,31.5,35.7,29.1,28.3,30.200000000000003,4.96,1.99,4.96,0.15,0.0,0.0,1027.0,8228.0,0.0,0.0,0.0,0.0,0.0,1.0,0.0,0.0,0.0,0.0,0.0,-0.5,0.0,0.7000000000000001,0.0,0.0,16.0,25903.0
2026-07-30T19:01:28.665Z,258.148,258.162,0.0,7.4,0.0,0.0,0.0,0.0,0.0,0.0,0.0,0.0,1.0,0.0,0.0,0.0,9.0,4.0,0.0,0.0,0.0,0.0,0.0,0.0,0.0,0.0,3.0,12.0,1.0,12.15,5.01,2.5,1.49,0.0,0.0,0.0,0.4,0.0,-0.3,0.0,0.3,-169.70000000000002,0.0,0.0,169.8,0.0,21.700000000000003,29.200000000000003,29.200000000000003,29.700000000000003,300.0,300.0,31.5,35.7,29.1,28.3,30.200000000000003,4.96,1.99,4.97,0.16,0.0,0.0,1027.0,8228.0,0.0,0.0,0.0,0.0,0.0,1.0,0.0,0.0,0.0,0.0,0.0,1.4,0.0,-0.7000000000000001,0.0,0.0,16.0,25903.0
2026-07-30T19:01:28.677Z,258.16,258.174,0.0,7.4,0.0,0.0,0.0,0.0,0.0,0.0,0.0,0.0,1.0,0.0,0.0,0.0,9.0,4.0,0.0,0.0,0.0,0.0,0.0,0.0,0.0,0.0,5.0,12.0,1.0,12.15,5.01,2.5,1.49,0.0,0.0,0.0,0.4,0.0,0.8,0.6000000000000001,-0.2,-169.70000000000002,0.0,0.0,169.8,0.0,21.700000000000003,29.200000000000003,29.200000000000003,29.700000000000003,300.0,300.0,31.5,35.7,29.1,28.3,30.200000000000003,4.95,1.99,4.97,0.16,0.0,0.0,1027.0,8228.0,0.0,0.0,0.0,0.0,0.0,1.0,0.0,0.0,0.0,0.0,0.0,0.7000000000000001,0.0,-0.8,0.0,0.0002,16.0,25903.0
2026-07-30T19:01:28.689Z,258.172,258.186,0.0,7.4,0.0,0.0,0.0,0.0,0.0,0.0,0.0,0.0,1.0,0.0,0.0,0.0,9.0,4.0,0.0,0.0,0.0,0.0,0.0,0.0,0.0,0.0,6.0,12.0,1.0,12.15,5.01,2.5,1.49,0.0,0.0,0.0,0.4,0.0,0.2,0.0,0.3,-169.70000000000002,0.0,0.0,169.70000000000002,0.0,21.700000000000003,29.200000000000003,29.200000000000003,29.700000000000003,300.0,300.0,31.5,35.7,29.1,28.3,30.200000000000003,4.95,1.99,4.97,0.16,0.0,0.0,1027.0,8228.0,0.0,0.0,0.0,0.0,0.0,1.0,0.0,0.0,0.0,0.0,0.0,0.2,0.0,-0.2,0.0,0.0,16.0,25903.0
2026-07-30T19:01:28.700Z,258.183,258.198,0.0,7.4,0.0,0.0,0.0,0.0,0.0,0.0,0.0,0.0,1.0,0.0,0.0,0.0,9.0,4.0,0.0,0.0,0.0,0.0,0.0,0.0,0.0,0.0,1.0,12.0,1.0,12.15,5.01,2.5,1.49,0.0,0.0,0.0,0.4,0.0,-0.3,0.0,-0.2,-169.70000000000002,0.0,0.0,169.70000000000002,0.0,21.700000000000003,29.200000000000003,29.200000000000003,29.700000000000003,300.0,300.0,31.5,35.7,29.1,28.3,30.200000000000003,4.96,2.0,4.96,0.16,0.0,0.0,1027.0,8228.0,0.0,0.0,0.0,0.0,0.0,1.0,0.0,0.0,0.0,0.0,0.0,-0.1,0.0,0.2,0.0,0.0002,16.0,25903.0
2026-07-30T19:01:28.713Z,258.196,258.21,0.0,7.4,0.0,0.0,0.0,0.0,0.0,0.0,0.0,0.0,1.0,0.0,0.0,0.0,9.0,4.0,0.0,0.0,0.0,0.0,0.0,0.0,0.0,0.0,2.0,12.0,1.0,12.15,5.01,2.5,1.49,0.0,0.0,0.0,0.4,0.0,0.2,0.6000000000000001,0.9,-169.70000000000002,0.0,0.0,169.70000000000002,0.0,21.700000000000003,29.200000000000003,29.200000000000003,29.700000000000003,300.0,300.0,31.5,35.7,29.1,28.3,30.200000000000003,4.96,1.99,4.97,0.16,0.0,0.0,1027.0,8228.0,0.0,0.0,0.0,0.0,0.0,1.0,0.0,0.0,0.0,0.0,0.0,1.3,0.0,-0.6000000000000001,0.0,0.0,16.0,25903.0
2026-07-30T19:01:28.725Z,258.208,258.222,0.0,7.4,0.0,0.0,0.0,0.0,0.0,0.0,0.0,0.0,1.0,0.0,0.0,0.0,9.0,4.0,0.0,0.0,0.0,0.0,0.0,0.0,0.0,0.0,4.0,12.0,1.0,12.15,5.01,2.5,1.49,0.0,0.0,0.0,0.4,0.0,0.2,0.6000000000000001,-0.2,-169.70000000000002,0.0,0.0,169.70000000000002,0.0,21.700000000000003,29.200000000000003,29.200000000000003,29.700000000000003,300.0,300.0,31.5,35.7,29.1,28.3,30.200000000000003,4.95,1.99,4.97,0.16,0.0,0.0,1027.0,8228.0,0.0,0.0,0.0,0.0,0.0,1.0,0.0,0.0,0.0,0.0,0.0,0.5,0.0,0.3,0.0,0.0,16.0,25903.0
2026-07-30T19:01:28.736Z,258.219,258.234,0.0,7.4,0.0,0.0,0.0,0.0,0.0,0.0,0.0,0.0,1.0,0.0,0.0,0.0,9.0,4.0,0.0,0.0,0.0,0.0,0.0,0.0,0.0,0.0,5.0,12.0,1.0,12.15,5.01,2.5,1.49,0.0,0.0,0.0,0.4,0.0,0.2,0.0,0.8,-169.70000000000002,0.0,0.0,169.70000000000002,0.0,21.700000000000003,29.200000000000003,29.200000000000003,29.700000000000003,300.0,300.0,31.5,35.7,29.1,28.3,30.200000000000003,4.96,1.99,4.96,0.16,0.0,0.0,1027.0,8228.0,0.0,0.0,0.0,0.0,0.0,1.0,0.0,0.0,0.0,0.0,0.0,0.6000000000000001,0.0,-0.7000000000000001,0.0,0.0001,16.0,25903.0
2026-07-30T19:01:28.748Z,258.231,258.246,0.0,7.4,0.0,0.0,0.0,0.0,0.0,0.0,0.0,0.0,1.0,0.0,0.0,0.0,9.0,4.0,0.0,0.0,0.0,0.0,0.0,0.0,0.0,0.0,6.0,12.0,1.0,12.15,5.01,2.5,1.49,0.0,0.0,0.0,0.4,0.0,0.2,0.0,-0.8,-169.70000000000002,0.0,0.0,169.70000000000002,0.0,21.700000000000003,29.200000000000003,29.200000000000003,29.700000000000003,300.0,300.0,31.5,35.7,29.1,28.3,30.200000000000003,4.95,1.99,4.97,0.16,0.0,0.0,1027.0,8228.0,0.0,0.0,0.0,0.0,0.0,1.0,0.0,0.0,0.0,0.0,0.0,-0.6000000000000001,0.0,0.7000000000000001,0.0,0.0,16.0,25903.0
2026-07-30T19:01:28.761Z,258.244,258.258,0.0,7.4,0.0,0.0,0.0,0.0,0.0,0.0,0.0,0.0,1.0,0.0,0.0,0.0,9.0,4.0,0.0,0.0,0.0,0.0,0.0,0.0,0.0,0.0,2.0,12.0,1.0,12.17,5.01,2.5,1.49,0.0,0.0,0.0,0.4,0.0,0.2,0.0,0.2,-169.70000000000002,0.0,0.0,169.70000000000002,0.0,21.700000000000003,29.200000000000003,29.200000000000003,29.700000000000003,300.0,300.0,31.5,35.6,29.1,28.3,30.200000000000003,4.95,1.99,4.96,0.16,0.0,0.0,1027.0,8228.0,0.0,0.0,0.0,0.0,0.0,1.0,0.0,0.0,0.0,0.0,0.0,0.2,0.0,-0.2,0.0,0.0,16.0,25903.0
2026-07-30T19:01:28.772Z,258.255,258.27,0.0,7.4,0.0,0.0,0.0,0.0,0.0,0.0,0.0,0.0,1.0,0.0,0.0,0.0,9.0,4.0,0.0,0.0,0.0,0.0,0.0,0.0,0.0,0.0,3.0,12.0,1.0,12.17,5.01,2.5,1.49,-0.1,0.1,0.0,0.4,0.0,0.2,0.6000000000000001,-0.3,-169.70000000000002,0.0,0.0,169.60000000000002,0.0,21.700000000000003,29.200000000000003,29.200000000000003,29.700000000000003,300.0,300.0,31.5,35.6,29.1,28.3,30.200000000000003,4.96,2.0,4.96,0.16,0.0,0.0,1027.0,8228.0,0.0,0.0,0.0,0.0,0.0,1.0,0.0,0.0,0.0,0.0,0.0,0.4,0.0,0.4,0.0,0.0,16.0,25903.0
2026-07-30T19:01:28.785Z,258.268,258.282,0.0,7.4,0.0,0.0,0.0,0.0,0.0,0.0,0.0,0.0,1.0,0.0,0.0,0.0,9.0,4.0,0.0,0.0,0.0,0.0,0.0,0.0,0.0,0.0,4.0,12.0,1.0,12.17,5.01,2.5,1.49,0.0,0.0,0.0,0.4,0.0,-0.3,0.0,0.2,-169.70000000000002,0.0,0.0,169.60000000000002,0.0,21.700000000000003,29.200000000000003,29.200000000000003,29.700000000000003,300.0,300.0,31.5,35.6,29.1,28.3,30.200000000000003,4.96,2.0,4.96,0.16,0.0,0.0,1027.0,8228.0,0.0,0.0,0.0,0.0,0.0,1.0,0.0,0.0,0.0,0.0,0.0,0.2,0.0,-0.2,0.0,0.0001,16.0,25903.0
2026-07-30T19:01:28.797Z,258.28,258.294,0.0,7.4,0.0,0.0,0.0,0.0,0.0,0.0,0.0,0.0,1.0,0.0,0.0,0.0,9.0,4.0,0.0,0.0,0.0,0.0,0.0,0.0,0.0,0.0,5.0,12.0,1.0,12.17,5.01,2.5,1.49,0.0,0.0,0.0,0.4,0.0,-0.3,0.0,-0.3,-169.70000000000002,0.0,0.0,169.70000000000002,0.0,21.700000000000003,29.200000000000003,29.200000000000003,29.700000000000003,300.0,300.0,31.5,35.6,29.1,28.3,30.200000000000003,4.95,1.99,4.97,0.16,0.0,0.0,1027.0,8228.0,0.0,0.0,0.0,0.0,0.0,1.0,0.0,0.0,0.0,0.0,0.0,-0.2,0.0,0.2,0.0,0.0001,16.0,25903.0
2026-07-30T19:01:28.809Z,258.292,258.306,0.0,7.4,0.0,0.0,0.0,0.0,0.0,0.0,0.0,0.0,1.0,0.0,0.0,0.0,9.0,4.0,0.0,0.0,0.0,0.0,0.0,0.0,0.0,0.0,1.0,12.0,1.0,12.17,5.01,2.5,1.49,0.0,0.0,0.0,0.5,0.0,-0.3,0.0,0.8,-169.70000000000002,0.0,0.0,169.70000000000002,0.0,21.700000000000003,29.200000000000003,29.200000000000003,29.700000000000003,300.0,300.0,31.5,35.6,29.1,28.3,30.200000000000003,4.95,1.99,4.96,0.16,0.0,0.0,1027.0,8228.0,0.0,0.0,0.0,0.0,0.0,1.0,0.0,0.0,0.0,0.0,0.0,0.6000000000000001,0.0,-0.7000000000000001,0.0,0.0,16.0,25903.0
2026-07-30T19:01:28.820Z,258.303,258.318,0.0,7.4,0.0,0.0,0.0,0.0,0.0,0.0,0.0,0.0,1.0,0.0,0.0,0.0,9.0,4.0,0.0,0.0,0.0,0.0,0.0,0.0,0.0,0.0,3.0,12.0,1.0,12.17,5.01,2.5,1.49,0.0,0.0,0.0,0.4,0.0,0.2,1.2000000000000002,-0.2,-169.70000000000002,0.0,0.0,169.60000000000002,0.0,21.700000000000003,29.200000000000003,29.200000000000003,29.700000000000003,300.0,300.0,31.5,35.6,29.1,28.3,30.200000000000003,4.96,1.99,4.96,0.15,0.0,0.0,1027.0,8228.0,0.0,0.0,0.0,0.0,0.0,1.0,0.0,0.0,0.0,0.0,0.0,1.1,0.0,0.4,0.0,0.0,16.0,25903.0
2026-07-30T19:01:28.832Z,258.315,258.33,0.0,7.4,0.0,0.0,0.0,0.0,0.0,0.0,0.0,0.0,1.0,0.0,0.0,0.0,9.0,4.0,0.0,0.0,0.0,0.0,0.0,0.0,0.0,0.0,4.0,12.0,1.0,12.17,5.01,2.5,1.49,0.0,0.0,0.0,0.5,0.0,-0.3,0.0,0.3,-169.70000000000002,0.0,0.0,169.70000000000002,0.0,21.700000000000003,29.200000000000003,29.200000000000003,29.700000000000003,300.0,300.0,31.5,35.6,29.1,28.3,30.200000000000003,4.95,1.99,4.96,0.16,0.0,0.0,1027.0,8228.0,0.0,0.0,0.0,0.0,0.0,1.0,0.0,0.0,0.0,0.0,0.0,0.3,0.0,-0.3,0.0,0.0,16.0,25903.0
2026-07-30T19:01:28.845Z,258.328,258.342,0.0,7.4,0.0,0.0,0.0,0.0,0.0,0.0,0.0,0.0,1.0,0.0,0.0,0.0,9.0,4.0,0.0,0.0,0.0,0.0,0.0,0.0,0.0,0.0,5.0,12.0,1.0,12.17,5.01,2.5,1.49,0.0,0.0,0.0,0.4,0.0,-0.2,0.0,1.5,-169.70000000000002,0.0,0.0,169.8,0.0,21.700000000000003,29.200000000000003,29.200000000000003,29.700000000000003,300.0,300.0,31.5,35.6,29.1,28.3,30.200000000000003,4.96,1.99,4.96,0.16,0.0,0.0,1027.0,8228.0,0.0,0.0,0.0,0.0,0.0,1.0,0.0,0.0,0.0,0.0,0.0,1.2000000000000002,0.0,-1.3,0.0,0.0,16.0,25903.0
2026-07-30T19:01:28.857Z,258.34,258.354,0.0,7.4,0.0,0.0,0.0,0.0,0.0,0.0,0.0,0.0,1.0,0.0,0.0,0.0,9.0,4.0,0.0,0.0,0.0,0.0,0.0,0.0,0.0,0.0,1.0,12.0,1.0,12.17,5.01,2.5,1.49,0.0,0.0,0.0,0.4,0.0,-0.2,0.0,-0.1,-169.70000000000002,0.0,0.0,169.8,0.0,21.8,29.200000000000003,29.200000000000003,29.700000000000003,300.0,300.0,31.5,35.6,29.1,28.3,30.200000000000003,4.96,2.0,4.96,0.16,0.0,0.0,1027.0,8228.0,0.0,0.0,0.0,0.0,0.0,1.0,0.0,0.0,0.0,0.0,0.0,0.0,0.0,0.1,0.0,0.0002,16.0,25903.0
2026-07-30T19:01:28.868Z,258.351,258.366,0.0,7.4,0.0,0.0,0.0,0.0,0.0,0.0,0.0,0.0,1.0,0.0,0.0,0.0,9.0,4.0,0.0,0.0,0.0,0.0,0.0,0.0,0.0,0.0,3.0,12.0,1.0,12.17,5.01,2.5,1.49,0.0,0.0,0.0,0.4,0.0,0.3,-0.5,-0.7000000000000001,-169.70000000000002,0.0,0.0,169.70000000000002,0.0,21.8,29.200000000000003,29.200000000000003,29.700000000000003,300.0,300.0,31.5,35.6,29.1,28.3,30.200000000000003,4.96,1.99,4.96,0.16,0.0,0.0,1027.0,8228.0,0.0,0.0,0.0,0.0,0.0,1.0,0.0,0.0,0.0,0.0,0.0,-1.1,0.0,0.5,0.0,0.0001,16.0,25903.0
2026-07-30T19:01:28.881Z,258.364,258.378,0.0,7.4,0.0,0.0,0.0,0.0,0.0,0.0,0.0,0.0,1.0,0.0,0.0,0.0,9.0,4.0,0.0,0.0,0.0,0.0,0.0,0.0,0.0,0.0,4.0,12.0,1.0,12.17,5.01,2.5,1.49,0.0,0.0,0.0,0.5,0.0,-0.2,1.2000000000000002,1.6,-169.70000000000002,0.0,0.0,169.60000000000002,0.0,21.8,29.200000000000003,29.200000000000003,29.700000000000003,300.0,300.0,31.5,35.6,29.1,28.3,30.200000000000003,4.96,1.99,4.97,0.16,0.0,0.0,1027.0,8228.0,0.0,0.0,0.0,0.0,0.0,1.0,0.0,0.0,0.0,0.0,0.0,2.6,0.0,-1.1,0.0,0.0001,16.0,25903.0
2026-07-30T19:01:28.893Z,258.376,258.39,0.0,7.4,0.0,0.0,0.0,0.0,0.0,0.0,0.0,0.0,1.0,0.0,0.0,0.0,9.0,4.0,0.0,0.0,0.0,0.0,0.0,0.0,0.0,0.0,5.0,12.0,1.0,12.17,5.01,2.5,1.49,0.0,0.0,0.0,0.4,0.0,0.9,0.1,0.0,-169.70000000000002,0.0,0.0,169.70000000000002,0.0,21.8,29.200000000000003,29.200000000000003,29.700000000000003,300.0,300.0,31.5,35.6,29.1,28.3,30.200000000000003,4.96,1.99,4.96,0.16,0.0,0.0,1027.0,8228.0,0.0,0.0,0.0,0.0,0.0,1.0,0.0,0.0,0.0,0.0,0.0,0.0,0.0,0.1,0.0,0.0002,16.0,25903.0
2026-07-30T19:01:28.904Z,258.387,258.402,0.0,7.4,0.0,0.0,0.0,0.0,0.0,0.0,0.0,0.0,1.0,0.0,0.0,0.0,9.0,4.0,0.0,0.0,0.0,0.0,0.0,0.0,0.0,0.0,1.0,12.0,1.0,12.17,5.01,2.5,1.49,0.0,0.0,0.0,0.4,0.0,-0.2,0.6000000000000001,1.0,-169.70000000000002,0.0,0.0,169.70000000000002,0.0,21.8,29.200000000000003,29.200000000000003,29.700000000000003,300.0,300.0,31.5,35.6,29.1,28.3,30.200000000000003,4.96,1.99,4.97,0.16,0.0,0.0,1027.0,8228.0,0.0,0.0,0.0,0.0,0.0,1.0,0.0,0.0,0.0,0.0,0.0,1.5,0.0,-0.7000000000000001,0.0,0.0002,16.0,25903.0
2026-07-30T19:01:28.917Z,258.4,258.414,0.0,7.4,0.0,0.0,0.0,0.0,0.0,0.0,0.0,0.0,1.0,0.0,0.0,0.0,9.0,4.0,0.0,0.0,0.0,0.0,0.0,0.0,0.0,0.0,2.0,12.0,1.0,12.17,5.01,2.5,1.49,0.0,0.1,0.0,0.5,0.0,-0.8,1.2000000000000002,-1.3,-169.70000000000002,0.0,0.0,169.70000000000002,0.0,21.8,29.200000000000003,29.200000000000003,29.700000000000003,300.0,300.0,31.5,35.6,29.1,28.3,30.200000000000003,4.95,1.99,4.97,0.16,0.0,0.0,1027.0,8228.0,0.0,0.0,0.0,0.0,0.0,1.0,0.0,0.0,0.0,0.0,0.0,0.4,0.0,1.4,0.0,0.0001,16.0,25903.0
2026-07-30T19:01:28.929Z,258.412,258.426,0.0,7.4,0.0,0.0,0.0,0.0,0.0,0.0,0.0,0.0,1.0,0.0,0.0,0.0,9.0,4.0,0.0,0.0,0.0,0.0,0.0,0.0,0.0,0.0,3.0,12.0,1.0,12.17,5.01,2.5,1.49,0.0,0.0,0.0,0.4,0.0,0.3,0.1,0.4,-169.70000000000002,0.0,0.0,169.70000000000002,0.0,21.8,29.200000000000003,29.200000000000003,29.700000000000003,300.0,300.0,31.5,35.6,29.1,28.3,30.200000000000003,4.96,1.99,4.96,0.16,0.0,0.0,1027.0,8228.0,0.0,0.0,0.0,0.0,0.0,1.0,0.0,0.0,0.0,0.0,0.0,0.4,0.0,-0.3,0.0,0.0,16.0,25903.0
2026-07-30T19:01:28.941Z,258.424,258.438,0.0,7.4,0.0,0.0,0.0,0.0,0.0,0.0,0.0,0.0,1.0,0.0,0.0,0.0,9.0,4.0,0.0,0.0,0.0,0.0,0.0,0.0,0.0,0.0,4.0,12.0,1.0,12.17,5.01,2.5,1.49,0.0,0.0,0.0,0.4,0.0,-0.2,-0.4,-0.7000000000000001,-169.70000000000002,0.0,0.0,169.70000000000002,0.0,21.8,29.200000000000003,29.200000000000003,29.700000000000003,300.0,300.0,31.5,35.6,29.1,28.3,30.200000000000003,4.95,1.99,4.97,0.16,0.0,0.0,1027.0,8228.0,0.0,0.0,0.0,0.0,0.0,1.0,0.0,0.0,0.0,0.0,0.0,-1.0,0.0,0.5,0.0,0.0001,16.0,25903.0
2026-07-30T19:01:28.953Z,258.436,258.45,0.0,7.4,0.0,0.0,0.0,0.0,0.0,0.0,0.0,0.0,1.0,0.0,0.0,0.0,9.0,4.0,0.0,0.0,0.0,0.0,0.0,0.0,0.0,0.0,5.0,12.0,1.0,12.17,5.01,2.5,1.49,0.0,0.0,0.0,0.4,0.0,0.3,0.6000000000000001,-0.7000000000000001,-169.70000000000002,0.0,0.0,169.60000000000002,0.0,21.8,29.200000000000003,29.200000000000003,29.700000000000003,300.0,300.0,31.5,35.6,29.1,28.3,30.200000000000003,4.95,1.98,4.97,0.16,0.0,0.0,1027.0,8228.0,0.0,0.0,0.0,0.0,0.0,1.0,0.0,0.0,0.0,0.0,0.0,0.2,0.0,0.7000000000000001,0.0,0.0,16.0,25903.0
2026-07-30T19:01:28.967Z,258.45,258.462,0.0,7.4,0.0,0.0,0.0,0.0,0.0,0.0,0.0,0.0,1.0,0.0,0.0,0.0,9.0,4.0,0.0,0.0,0.0,0.0,0.0,0.0,0.0,0.0,6.0,12.0,1.0,12.17,5.01,2.51,1.49,0.0,0.0,0.0,0.5,0.0,-0.7000000000000001,-0.4,0.4,-169.70000000000002,0.0,0.0,169.70000000000002,0.0,20.6,29.200000000000003,29.200000000000003,29.700000000000003,300.0,300.0,31.5,35.6,29.1,28.3,30.200000000000003,4.95,1.99,4.97,0.16,0.0,0.0,1027.0,8228.0,0.0,0.0,0.0,0.0,0.0,1.0,0.0,0.0,0.0,0.0,0.0,-0.1,0.0,-0.5,0.0,0.0001,16.0,25903.0
2026-07-30T19:01:28.976Z,258.459,258.474,0.0,7.4,0.0,0.0,0.0,0.0,0.0,0.0,0.0,0.0,1.0,0.0,0.0,0.0,9.0,4.0,0.0,0.0,0.0,0.0,0.0,0.0,0.0,0.0,6.0,12.0,1.0,12.17,5.01,2.51,1.49,0.0,0.0,0.0,0.4,0.0,-0.1,-0.4,-0.6000000000000001,-169.70000000000002,0.0,0.0,169.60000000000002,0.0,20.6,29.200000000000003,29.200000000000003,29.700000000000003,300.0,300.0,31.5,35.6,29.1,28.3,30.200000000000003,4.96,1.99,4.96,0.16,0.0,0.0,1027.0,8228.0,0.0,0.0,0.0,0.0,0.0,1.0,0.0,0.0,0.0,0.0,0.0,-0.9,0.0,0.4,0.0,0.0001,16.0,25903.0
2026-07-30T19:01:28.988Z,258.471,258.486,0.0,7.4,0.0,0.0,0.0,0.0,0.0,0.0,0.0,0.0,1.0,0.0,0.0,0.0,9.0,4.0,0.0,0.0,0.0,0.0,0.0,0.0,0.0,0.0,5.0,12.0,1.0,12.17,5.01,2.51,1.49,0.0,0.1,0.0,0.5,0.0,-0.2,0.1,-0.1,-169.60000000000002,0.0,0.0,169.60000000000002,0.0,20.6,29.200000000000003,29.200000000000003,29.700000000000003,300.0,300.0,31.5,35.6,29.1,28.3,30.200000000000003,4.95,1.99,4.96,0.16,0.0,0.0,1027.0,8228.0,0.0,0.0,0.0,0.0,0.0,1.0,0.0,0.0,0.0,0.0,0.0,0.0,0.0,0.1,0.0,0.0,16.0,25903.0
2026-07-30T19:01:29.000Z,258.483,258.498,0.0,7.4,0.0,0.0,0.0,0.0,0.0,0.0,0.0,0.0,1.0,0.0,0.0,0.0,9.0,4.0,0.0,0.0,0.0,0.0,0.0,0.0,0.0,0.0,6.0,12.0,1.0,12.17,5.01,2.51,1.49,0.0,0.0,0.0,0.4,0.0,0.3,0.1,1.6,-169.60000000000002,0.0,0.0,169.60000000000002,0.0,20.6,29.200000000000003,29.200000000000003,29.700000000000003,300.0,300.0,31.5,35.6,29.1,28.3,30.200000000000003,4.95,1.99,4.96,0.16,0.0,0.0,1027.0,8228.0,0.0,0.0,0.0,0.0,0.0,1.0,0.0,0.0,0.0,0.0,0.0,1.4,0.0,-1.4,0.0,0.0,16.0,25903.0
2026-07-30T19:01:29.013Z,258.496,258.51,0.0,7.4,0.0,0.0,0.0,0.0,0.0,0.0,0.0,0.0,1.0,0.0,0.0,0.0,9.0,4.0,0.0,0.0,0.0,0.0,0.0,0.0,0.0,0.0,1.0,12.0,1.0,12.17,5.01,2.51,1.49,-0.1,0.1,0.0,0.4,0.0,0.3,0.7000000000000001,-0.1,-169.60000000000002,0.0,0.0,169.70000000000002,0.0,20.6,29.200000000000003,29.200000000000003,29.700000000000003,300.0,300.0,31.5,35.6,29.1,28.3,30.200000000000003,4.95,1.99,4.96,0.16,0.0,0.0,1027.0,8228.0,0.0,0.0,0.0,0.0,0.0,1.0,0.0,0.0,0.0,0.0,0.0,0.7000000000000001,0.0,0.2,0.0,0.0,16.0,25903.0
2026-07-30T19:01:29.024Z,258.507,258.522,0.0,7.4,0.0,0.0,0.0,0.0,0.0,0.0,0.0,0.0,1.0,0.0,0.0,0.0,9.0,4.0,0.0,0.0,0.0,0.0,0.0,0.0,0.0,0.0,3.0,12.0,1.0,12.17,5.01,2.51,1.49,0.0,0.0,0.0,0.5,0.0,0.3,0.1,1.0,-169.60000000000002,0.0,0.0,169.8,0.0,20.6,29.200000000000003,29.200000000000003,29.700000000000003,300.0,300.0,31.5,35.6,29.1,28.3,30.200000000000003,4.95,1.99,4.97,0.16,0.0,0.0,1027.0,8228.0,0.0,0.0,0.0,0.0,0.0,1.0,0.0,0.0,0.0,0.0,0.0,0.9,0.0,-0.8,0.0,0.0,16.0,25903.0
2026-07-30T19:01:29.036Z,258.519,258.534,0.0,7.4,0.0,0.0,0.0,0.0,0.0,0.0,0.0,0.0,1.0,0.0,0.0,0.0,9.0,4.0,0.0,0.0,0.0,0.0,0.0,0.0,0.0,0.0,4.0,12.0,1.0,12.17,5.01,2.51,1.49,0.0,0.1,0.0,0.4,0.0,0.3,-0.4,-0.1,-169.60000000000002,0.0,0.0,169.8,0.0,20.6,29.200000000000003,29.200000000000003,29.700000000000003,300.0,300.0,31.5,35.6,29.1,28.3,30.200000000000003,4.96,1.99,4.97,0.16,0.0,0.0,1027.0,8228.0,0.0,0.0,0.0,0.0,0.0,1.0,0.0,0.0,0.0,0.0,0.0,-0.6000000000000001,0.0,0.0,0.0,0.0001,16.0,25903.0
2026-07-30T19:01:29.049Z,258.532,258.546,0.0,7.4,0.0,0.0,0.0,0.0,0.0,0.0,0.0,0.0,1.0,0.0,0.0,0.0,9.0,4.0,0.0,0.0,0.0,0.0,0.0,0.0,0.0,0.0,5.0,12.0,1.0,12.17,5.01,2.51,1.49,0.0,0.0,0.0,0.4,0.0,-0.2,-0.4,-1.2000000000000002,-169.70000000000002,0.0,0.0,169.8,0.0,20.6,29.200000000000003,29.200000000000003,29.700000000000003,300.0,300.0,31.5,35.6,29.1,28.3,30.200000000000003,4.96,2.0,4.96,0.16,0.0,0.0,1027.0,8228.0,0.0,0.0,0.0,0.0,0.0,1.0,0.0,0.0,0.0,0.0,0.0,-1.4,0.0,1.0,0.0,0.0001,16.0,25903.0
2026-07-30T19:01:29.062Z,258.545,258.558,0.0,7.4,0.0,0.0,0.0,0.0,0.0,0.0,0.0,0.0,1.0,0.0,0.0,0.0,9.0,4.0,0.0,0.0,0.0,0.0,0.0,0.0,0.0,0.0,6.0,12.0,1.0,12.14,5.01,2.5,1.49,0.0,0.0,0.0,0.4,0.0,0.3,0.1,-0.1,-169.70000000000002,0.0,0.0,169.8,0.0,21.700000000000003,29.200000000000003,29.200000000000003,29.700000000000003,300.0,300.0,31.5,35.5,29.1,28.3,30.200000000000003,4.96,1.99,4.96,0.16,0.0,0.0,1027.0,8228.0,0.0,0.0,0.0,0.0,0.0,1.0,0.0,0.0,0.0,0.0,0.0,0.0,0.0,0.1,0.0,0.0,16.0,25903.0
2026-07-30T19:01:29.073Z,258.556,258.57,0.0,7.4,0.0,0.0,0.0,0.0,0.0,0.0,0.0,0.0,1.0,0.0,0.0,0.0,9.0,4.0,0.0,0.0,0.0,0.0,0.0,0.0,0.0,0.0,1.0,12.0,1.0,12.14,5.01,2.5,1.49,0.0,0.0,0.0,0.4,0.0,-0.2,-1.0,-0.7000000000000001,-169.70000000000002,0.0,0.0,169.8,0.0,21.700000000000003,29.200000000000003,29.200000000000003,29.700000000000003,300.0,300.0,31.5,35.5,29.1,28.3,30.200000000000003,4.95,1.99,4.97,0.16,0.0,0.0,1027.0,8228.0,0.0,0.0,0.0,0.0,0.0,1.0,0.0,0.0,0.0,0.0,0.0,-1.7000000000000002,0.0,0.4,0.0,0.0001,16.0,25903.0
2026-07-30T19:01:29.085Z,258.568,258.582,0.0,7.4,0.0,0.0,0.0,0.0,0.0,0.0,0.0,0.0,1.0,0.0,0.0,0.0,9.0,4.0,0.0,0.0,0.0,0.0,0.0,0.0,0.0,0.0,2.0,12.0,1.0,12.14,5.01,2.5,1.49,0.0,0.0,0.0,0.4,0.0,0.3,-1.0,-0.7000000000000001,-169.70000000000002,0.0,0.0,169.8,0.0,21.700000000000003,29.200000000000003,29.200000000000003,29.700000000000003,300.0,300.0,31.5,35.5,29.1,28.3,30.200000000000003,4.96,1.99,4.96,0.16,0.0,0.0,1027.0,8228.0,0.0,0.0,0.0,0.0,0.0,1.0,0.0,0.0,0.0,0.0,0.0,-1.7000000000000002,0.0,0.4,0.0,0.0,16.0,25903.0
2026-07-30T19:01:29.096Z,258.579,258.594,0.0,7.4,0.0,0.0,0.0,0.0,0.0,0.0,0.0,0.0,1.0,0.0,0.0,0.0,9.0,4.0,0.0,0.0,0.0,0.0,0.0,0.0,0.0,0.0,3.0,12.0,1.0,12.14,5.01,2.5,1.49,0.0,0.0,0.0,0.4,0.0,0.3,0.0,-1.3,-169.70000000000002,0.0,0.0,169.8,0.0,21.700000000000003,29.200000000000003,29.200000000000003,29.700000000000003,300.0,300.0,31.5,35.5,29.1,28.3,30.200000000000003,4.96,1.99,4.96,0.16,0.0,0.0,1027.0,8228.0,0.0,0.0,0.0,0.0,0.0,1.0,0.0,0.0,0.0,0.0,0.0,-0.9,0.0,1.2000000000000002,0.0,0.0,16.0,25903.0
2026-07-30T19:01:29.108Z,258.591,258.606,0.0,7.4,0.0,0.0,0.0,0.0,0.0,0.0,0.0,0.0,1.0,0.0,0.0,0.0,9.0,4.0,0.0,0.0,0.0,0.0,0.0,0.0,0.0,0.0,4.0,12.0,1.0,12.14,5.01,2.5,1.49,0.0,0.0,0.0,0.4,0.0,0.3,0.6000000000000001,-0.1,-169.70000000000002,0.0,0.0,169.70000000000002,0.0,21.700000000000003,29.200000000000003,29.200000000000003,29.700000000000003,300.0,300.0,31.5,35.5,29.1,28.3,30.200000000000003,4.96,1.99,4.96,0.16,0.0,0.0,1027.0,8228.0,0.0,0.0,0.0,0.0,0.0,1.0,0.0,0.0,0.0,0.0,0.0,0.6000000000000001,0.0,0.2,0.0,0.0001,16.0,25903.0
2026-07-30T19:01:29.121Z,258.604,258.618,0.0,7.4,0.0,0.0,0.0,0.0,0.0,0.0,0.0,0.0,1.0,0.0,0.0,0.0,9.0,4.0,0.0,0.0,0.0,0.0,0.0,0.0,0.0,0.0,5.0,12.0,1.0,12.14,5.01,2.5,1.49,0.0,0.0,0.0,0.4,0.0,0.3,0.6000000000000001,2.7,-169.70000000000002,0.0,0.0,169.8,0.0,21.700000000000003,29.200000000000003,29.200000000000003,29.700000000000003,300.0,300.0,31.5,35.5,29.1,28.3,30.200000000000003,4.95,1.99,4.97,0.16,0.0,0.0,1027.0,8228.0,0.0,0.0,0.0,0.0,0.0,1.0,0.0,0.0,0.0,0.0,0.0,0.0,0.0,0.1,0.0,0.0,16.0,25903.0
2026-07-30T19:01:29.133Z,258.616,258.63,0.0,7.4,0.0,0.0,0.0,0.0,0.0,0.0,0.0,0.0,1.0,0.0,0.0,0.0,9.0,4.0,0.0,0.0,0.0,0.0,0.0,0.0,0.0,0.0,1.0,12.0,1.0,12.14,5.01,2.5,1.49,0.0,0.0,0.0,0.4,0.0,-0.2,0.6000000000000001,1.5,-169.70000000000002,0.0,0.0,169.8,0.0,21.700000000000003,29.200000000000003,29.200000000000003,29.700000000000003,300.0,300.0,31.5,35.5,29.1,28.3,30.200000000000003,4.96,1.99,4.96,0.16,0.0,0.0,1027.0,8228.0,0.0,0.0,0.0,0.0,0.0,1.0,0.0,0.0,0.0,0.0,0.0,1.8,0.0,-1.2000000000000002,0.0,0.0,16.0,25903.0
2026-07-30T19:01:29.144Z,258.627,258.642,0.0,7.4,0.0,0.0,0.0,0.0,0.0,0.0,0.0,0.0,1.0,0.0,0.0,0.0,9.0,4.0,0.0,0.0,0.0,0.0,0.0,0.0,0.0,0.0,2.0,12.0,1.0,12.14,5.01,2.5,1.49,0.0,0.0,0.0,0.4,0.0,-0.8,0.6000000000000001,-0.8,-169.70000000000002,0.0,0.0,169.8,0.0,21.700000000000003,29.200000000000003,29.200000000000003,29.700000000000003,300.0,300.0,31.5,35.5,29.1,28.3,30.200000000000003,4.96,2.0,4.97,0.16,0.0,0.0,1027.0,8228.0,0.0,0.0,0.0,0.0,0.0,1.0,0.0,0.0,0.0,0.0,0.0,0.0,0.0,0.8,0.0,0.0,16.0,25903.0
2026-07-30T19:01:29.156Z,258.639,258.654,0.0,7.4,0.0,0.0,0.0,0.0,0.0,0.0,0.0,0.0,1.0,0.0,0.0,0.0,9.0,4.0,0.0,0.0,0.0,0.0,0.0,0.0,0.0,0.0,3.0,12.0,1.0,12.14,5.01,2.5,1.49,0.0,0.0,0.0,0.4,0.0,1.4,1.8,-0.8,-169.70000000000002,0.0,0.0,169.70000000000002,0.0,21.700000000000003,29.200000000000003,29.200000000000003,29.700000000000003,300.0,300.0,31.5,35.5,29.1,28.3,30.200000000000003,4.95,1.99,4.97,0.16,0.0,0.0,1027.0,8228.0,0.0,0.0,0.0,0.0,0.0,1.0,0.0,0.0,0.0,0.0,0.0,0.7000000000000001,0.0,-0.8,0.0,0.0,16.0,25903.0
2026-07-30T19:01:29.169Z,258.652,258.666,0.0,7.4,0.0,0.0,0.0,0.0,0.0,0.0,0.0,0.0,1.0,0.0,0.0,0.0,9.0,4.0,0.0,0.0,0.0,0.0,0.0,0.0,0.0,0.0,4.0,12.0,1.0,12.17,5.0200000000000005,2.5,1.49,0.0,0.1,0.0,0.5,0.0,0.8,0.0,0.9,-169.70000000000002,0.0,0.0,169.70000000000002,0.0,21.0,29.200000000000003,29.200000000000003,29.700000000000003,300.0,300.0,31.5,35.6,29.1,28.3,30.200000000000003,4.96,1.99,4.97,0.16,0.0,0.0,1027.0,8228.0,0.0,0.0,0.0,0.0,0.0,1.0,0.0,0.0,0.0,0.0,0.0,-2.0,0.0,1.6,0.0,0.0001,16.0,25903.0
2026-07-30T19:01:29.181Z,258.664,258.678,0.0,7.4,0.0,0.0,0.0,0.0,0.0,0.0,0.0,0.0,1.0,0.0,0.0,0.0,9.0,4.0,0.0,0.0,0.0,0.0,0.0,0.0,0.0,0.0,6.0,12.0,1.0,12.17,5.0200000000000005,2.5,1.49,0.0,0.0,0.0,0.4,0.0,-0.3,-0.5,0.9,-169.70000000000002,0.0,0.0,169.70000000000002,0.0,21.0,29.200000000000003,29.200000000000003,29.700000000000003,300.0,300.0,31.5,35.6,29.1,28.3,30.200000000000003,4.96,2.0,4.97,0.16,0.0,0.0,1027.0,8228.0,0.0,0.0,0.0,0.0,0.0,1.0,0.0,0.0,0.0,0.0,0.0,0.1,0.0,-0.9,0.0,0.0,16.0,25903.0
2026-07-30T19:01:29.192Z,258.675,258.69,0.0,7.4,0.0,0.0,0.0,0.0,0.0,0.0,0.0,0.0,1.0,0.0,0.0,0.0,9.0,4.0,0.0,0.0,0.0,0.0,0.0,0.0,0.0,0.0,2.0,12.0,1.0,12.17,5.0200000000000005,2.5,1.49,0.0,0.0,0.0,0.4,0.0,-0.2,0.0,0.3,-169.70000000000002,0.0,0.0,169.70000000000002,0.0,21.0,29.200000000000003,29.200000000000003,29.700000000000003,300.0,300.0,31.5,35.6,29.1,28.3,30.200000000000003,4.96,1.99,4.97,0.16,0.0,0.0,1027.0,8228.0,0.0,0.0,0.0,0.0,0.0,1.0,0.0,0.0,0.0,0.0,0.0,0.5,0.0,0.3,0.0,0.0,16.0,25903.0
2026-07-30T19:01:29.205Z,258.688,258.702,0.0,7.4,0.0,0.0,0.0,0.0,0.0,0.0,0.0,0.0,1.0,0.0,0.0,0.0,9.0,4.0,0.0,0.0,0.0,0.0,0.0,0.0,0.0,0.0,3.0,12.0,1.0,12.17,5.0200000000000005,2.5,1.49,0.0,0.1,0.0,0.4,0.0,-0.2,0.0,-0.2,-169.70000000000002,0.0,0.0,169.8,0.0,21.0,29.200000000000003,29.200000000000003,29.700000000000003,300.0,300.0,31.5,35.6,29.1,28.3,30.200000000000003,4.95,2.0,4.97,0.16,0.0,0.0,1027.0,8228.0,0.0,0.0,0.0,0.0,0.0,1.0,0.0,0.0,0.0,0.0,0.0,-0.1,0.0,0.2,0.0,0.0001,16.0,25903.0
2026-07-30T19:01:29.216Z,258.699,258.714,0.0,7.4,0.0,0.0,0.0,0.0,0.0,0.0,0.0,0.0,1.0,0.0,0.0,0.0,9.0,4.0,0.0,0.0,0.0,0.0,0.0,0.0,0.0,0.0,5.0,12.0,1.0,12.17,5.0200000000000005,2.5,1.49,0.0,0.0,0.0,0.4,0.0,0.8,0.0,-0.2,-169.70000000000002,0.0,0.0,169.70000000000002,0.0,21.0,29.200000000000003,29.200000000000003,29.700000000000003,300.0,300.0,31.5,35.6,29.1,28.3,30.200000000000003,4.96,2.0,4.96,0.16,0.0,0.0,1027.0,8228.0,0.0,0.0,0.0,0.0,0.0,1.0,0.0,0.0,0.0,0.0,0.0,-0.1,0.0,0.2,0.0,0.0001,16.0,25903.0
2026-07-30T19:01:29.229Z,258.712,258.726,0.0,7.4,0.0,0.0,0.0,0.0,0.0,0.0,0.0,0.0,1.0,0.0,0.0,0.0,9.0,4.0,0.0,0.0,0.0,0.0,0.0,0.0,0.0,0.0,6.0,12.0,1.0,12.17,5.0200000000000005,2.5,1.49,0.0,0.1,0.0,0.4,0.0,0.3,0.0,-2.5,-169.70000000000002,0.0,0.0,169.70000000000002,0.0,21.0,29.200000000000003,29.200000000000003,29.700000000000003,300.0,300.0,31.5,35.6,29.1,28.3,30.200000000000003,4.95,1.99,4.97,0.16,0.0,0.0,1027.0,8228.0,0.0,0.0,0.0,0.0,0.0,1.0,0.0,0.0,0.0,0.0,0.0,-1.8,0.0,2.2,0.0,0.0,16.0,25903.0
2026-07-30T19:01:29.241Z,258.724,258.738,0.0,7.4,0.0,0.0,0.0,0.0,0.0,0.0,0.0,0.0,1.0,0.0,0.0,0.0,9.0,4.0,0.0,0.0,0.0,0.0,0.0,0.0,0.0,0.0,2.0,12.0,1.0,12.17,5.0200000000000005,2.5,1.49,0.0,0.0,0.0,0.4,0.0,0.3,0.6000000000000001,0.9,-169.70000000000002,0.0,0.0,169.8,0.0,21.0,29.200000000000003,29.200000000000003,29.700000000000003,300.0,300.0,31.5,35.6,29.1,28.3,30.200000000000003,4.95,2.0,4.96,0.16,0.0,0.0,1027.0,8228.0,0.0,0.0,0.0,0.0,0.0,1.0,0.0,0.0,0.0,0.0,0.0,1.3,0.0,-0.6000000000000001,0.0,0.0001,16.0,25903.0
2026-07-30T19:01:29.252Z,258.735,258.75,0.0,7.4,0.0,0.0,0.0,0.0,0.0,0.0,0.0,0.0,1.0,0.0,0.0,0.0,9.0,4.0,0.0,0.0,0.0,0.0,0.0,0.0,0.0,0.0,3.0,12.0,1.0,12.17,5.0200000000000005,2.5,1.49,0.0,0.0,0.0,0.4,0.0,-0.2,0.0,0.9,-169.70000000000002,0.0,0.0,169.8,0.0,21.0,29.200000000000003,29.200000000000003,29.700000000000003,300.0,300.0,31.5,35.6,29.1,28.3,30.200000000000003,4.96,2.0,4.96,0.16,0.0,0.0,1027.0,8228.0,0.0,0.0,0.0,0.0,0.0,1.0,0.0,0.0,0.0,0.0,0.0,0.7000000000000001,0.0,-0.8,0.0,0.0,16.0,25903.0
2026-07-30T19:01:29.266Z,258.749,258.762,0.0,7.4,0.0,0.0,0.0,0.0,0.0,0.0,0.0,0.0,1.0,0.0,0.0,0.0,9.0,4.0,0.0,0.0,0.0,0.0,0.0,0.0,0.0,0.0,4.0,12.0,1.0,12.17,5.0200000000000005,2.51,1.49,0.0,0.0,0.0,0.4,0.0,0.3,-0.4,-0.8,-169.70000000000002,0.0,0.0,169.70000000000002,0.0,22.3,29.200000000000003,29.200000000000003,29.700000000000003,300.0,300.0,31.5,35.6,29.1,28.3,30.200000000000003,4.96,2.0,4.97,0.16,0.0,0.0,1027.0,8228.0,0.0,0.0,0.0,0.0,0.0,1.0,0.0,0.0,0.0,0.0,0.0,-1.1,0.0,0.6000000000000001,0.0,0.0,16.0,25903.0
2026-07-30T19:01:29.276Z,258.759,258.774,0.0,7.4,0.0,0.0,0.0,0.0,0.0,0.0,0.0,0.0,1.0,0.0,0.0,0.0,9.0,4.0,0.0,0.0,0.0,0.0,0.0,0.0,0.0,0.0,6.0,12.0,1.0,12.17,5.0200000000000005,2.51,1.49,0.0,0.0,0.0,0.4,0.0,-0.2,0.6000000000000001,0.3,-169.70000000000002,0.0,0.0,169.8,0.0,22.3,29.200000000000003,29.200000000000003,29.700000000000003,300.0,300.0,31.5,35.6,29.1,28.3,30.200000000000003,4.95,1.99,4.97,0.16,0.0,0.0,1027.0,8228.0,0.0,0.0,0.0,0.0,0.0,1.0,0.0,0.0,0.0,0.0,0.0,1.0,0.0,-0.1,0.0,0.0001,16.0,25903.0
2026-07-30T19:01:29.291Z,258.774,258.786,0.0,7.4,0.0,0.0,0.0,0.0,0.0,0.0,0.0,0.0,1.0,0.0,0.0,0.0,9.0,4.0,0.0,0.0,0.0,0.0,0.0,0.0,0.0,0.0,1.0,12.0,1.0,12.17,5.0200000000000005,2.51,1.49,0.0,0.0,0.0,0.4,0.0,-0.2,-0.5,-1.4,-169.70000000000002,0.0,0.0,169.8,0.0,22.3,29.200000000000003,29.200000000000003,29.700000000000003,300.0,300.0,31.5,35.6,29.1,28.3,30.200000000000003,4.95,1.99,4.97,0.16,0.0,0.0,1027.0,8228.0,0.0,0.0,0.0,0.0,0.0,1.0,0.0,0.0,0.0,0.0,0.0,-1.6,0.0,1.1,0.0,0.0002,16.0,25903.0
2026-07-30T19:01:29.300Z,258.783,258.798,0.0,7.4,0.0,0.0,0.0,0.0,0.0,0.0,0.0,0.0,1.0,0.0,0.0,0.0,9.0,4.0,0.0,0.0,0.0,0.0,0.0,0.0,0.0,0.0,1.0,12.0,1.0,12.17,5.0200000000000005,2.51,1.49,0.0,0.0,0.0,0.4,0.0,0.2,1.2000000000000002,-0.1,-169.70000000000002,0.0,0.0,169.8,0.0,22.3,29.200000000000003,29.200000000000003,29.700000000000003,300.0,300.0,31.5,35.6,29.1,28.3,30.200000000000003,4.96,1.99,4.97,0.16,0.0,0.0,1027.0,8228.0,0.0,0.0,0.0,0.0,0.0,1.0,0.0,0.0,0.0,0.0,0.0,1.2000000000000002,0.0,0.4,0.0,0.0001,16.0,25903.0
2026-07-30T19:01:29.312Z,258.795,258.81,0.0,7.4,0.0,0.0,0.0,0.0,0.0,0.0,0.0,0.0,1.0,0.0,0.0,0.0,9.0,4.0,0.0,0.0,0.0,0.0,0.0,0.0,0.0,0.0,3.0,12.0,1.0,12.17,5.0200000000000005,2.51,1.49,0.0,0.1,0.0,0.4,0.0,0.2,-0.5,-0.2,-169.70000000000002,0.0,0.0,169.8,0.0,22.3,29.200000000000003,29.200000000000003,29.700000000000003,300.0,300.0,31.5,35.6,29.1,28.3,30.200000000000003,4.95,1.99,4.97,0.16,0.0,0.0,1027.0,8228.0,0.0,0.0,0.0,0.0,0.0,1.0,0.0,0.0,0.0,0.0,0.0,-0.7000000000000001,0.0,0.0,0.0,0.0001,16.0,25903.0
2026-07-30T19:01:29.325Z,258.808,258.822,0.0,7.4,0.0,0.0,0.0,0.0,0.0,0.0,0.0,0.0,1.0,0.0,0.0,0.0,9.0,4.0,0.0,0.0,0.0,0.0,0.0,0.0,0.0,0.0,4.0,12.0,1.0,12.17,5.0200000000000005,2.51,1.49,0.0,0.0,0.0,0.4,0.0,0.2,0.0,-0.7000000000000001,-169.70000000000002,0.0,0.0,169.8,0.0,22.3,29.200000000000003,29.200000000000003,29.700000000000003,300.0,300.0,31.5,35.6,29.1,28.3,30.200000000000003,4.96,1.99,4.96,0.16,0.0,0.0,1027.0,8228.0,0.0,0.0,0.0,0.0,0.0,1.0,0.0,0.0,0.0,0.0,0.0,-0.4,0.0,0.6000000000000001,0.0,0.0001,16.0,25903.0
2026-07-30T19:01:29.337Z,258.82,258.834,0.0,7.4,0.0,0.0,0.0,0.0,0.0,0.0,0.0,0.0,1.0,0.0,0.0,0.0,9.0,4.0,0.0,0.0,0.0,0.0,0.0,0.0,0.0,0.0,6.0,12.0,1.0,12.17,5.0200000000000005,2.51,1.49,0.0,0.0,0.0,0.4,0.0,0.2,0.0,-0.1,-169.70000000000002,0.0,0.0,169.8,0.0,22.3,29.200000000000003,29.200000000000003,29.700000000000003,300.0,300.0,31.5,35.6,29.1,28.3,30.200000000000003,4.96,2.0,4.97,0.16,0.0,0.0,1027.0,8228.0,0.0,0.0,0.0,0.0,0.0,1.0,0.0,0.0,0.0,0.0,0.0,0.0,0.0,0.1,0.0,0.0,16.0,25903.0
2026-07-30T19:01:29.348Z,258.831,258.846,0.0,7.4,0.0,0.0,0.0,0.0,0.0,0.0,0.0,0.0,1.0,0.0,0.0,0.0,9.0,4.0,0.0,0.0,0.0,0.0,0.0,0.0,0.0,0.0,1.0,12.0,1.0,12.17,5.0200000000000005,2.51,1.49,0.0,0.0,0.0,0.4,0.0,0.2,0.1,0.4,-169.70000000000002,0.0,0.0,169.8,0.0,22.3,29.200000000000003,29.200000000000003,29.700000000000003,300.0,300.0,31.5,35.6,29.1,28.3,30.200000000000003,4.95,1.99,4.97,0.16,0.0,0.0,1027.0,8228.0,0.0,0.0,0.0,0.0,0.0,1.0,0.0,0.0,0.0,0.0,0.0,0.4,0.0,-0.3,0.0,0.0001,16.0,25903.0
2026-07-30T19:01:29.361Z,258.844,258.858,0.0,7.4,0.0,0.0,0.0,0.0,0.0,0.0,0.0,0.0,1.0,0.0,0.0,0.0,9.0,4.0,0.0,0.0,0.0,0.0,0.0,0.0,0.0,0.0,2.0,12.0,1.0,12.17,5.0200000000000005,2.51,1.49,0.0,0.0,0.0,0.4,0.0,0.3,-1.0,-0.7000000000000001,-169.70000000000002,0.0,0.0,169.8,0.0,22.3,29.200000000000003,29.200000000000003,29.700000000000003,300.0,300.0,31.5,35.6,29.1,28.3,30.200000000000003,4.95,1.99,4.97,0.16,0.0,0.0,1027.0,8228.0,0.0,0.0,0.0,0.0,0.0,1.0,0.0,0.0,0.0,0.0,0.0,-1.7000000000000002,0.0,0.4,0.0,0.0,16.0,25903.0
2026-07-30T19:01:29.373Z,258.856,258.87,0.0,7.4,0.0,0.0,0.0,0.0,0.0,0.0,0.0,0.0,1.0,0.0,0.0,0.0,9.0,4.0,0.0,0.0,0.0,0.0,0.0,0.0,0.0,0.0,4.0,12.0,1.0,12.18,5.01,2.51,1.49,0.0,0.0,0.0,0.4,0.0,-0.2,-0.3,0.4,-169.70000000000002,0.0,0.0,169.70000000000002,0.0,21.3,29.200000000000003,29.200000000000003,29.700000000000003,300.0,300.0,31.6,35.6,29.1,28.3,30.200000000000003,4.96,1.99,4.96,0.16,0.0,0.0,1027.0,8228.0,0.0,0.0,0.0,0.0,0.0,1.0,0.0,0.0,0.0,0.0,0.0,-0.1,0.0,-0.4,0.0,0.0,16.0,25903.0
2026-07-30T19:01:29.385Z,258.868,258.882,0.0,7.4,0.0,0.0,0.0,0.0,0.0,0.0,0.0,0.0,1.0,0.0,0.0,0.0,9.0,4.0,0.0,0.0,0.0,0.0,0.0,0.0,0.0,0.0,5.0,12.0,1.0,12.18,5.01,2.51,1.49,0.0,0.0,0.0,0.4,0.0,-0.2,0.1,-0.7000000000000001,-169.70000000000002,0.0,0.0,169.8,0.0,21.3,29.200000000000003,29.200000000000003,29.700000000000003,300.0,300.0,31.6,35.6,29.1,28.3,30.200000000000003,4.96,1.99,4.97,0.16,0.0,0.0,1027.0,8228.0,0.0,0.0,0.0,0.0,0.0,1.0,0.0,0.0,0.0,0.0,0.0,-0.3,0.0,0.6000000000000001,0.0,0.0002,16.0,25903.0
2026-07-30T19:01:29.397Z,258.88,258.894,0.0,7.4,0.0,0.0,0.0,0.0,0.0,0.0,0.0,0.0,1.0,0.0,0.0,0.0,9.0,4.0,0.0,0.0,0.0,0.0,0.0,0.0,0.0,0.0,1.0,12.0,1.0,12.18,5.01,2.51,1.49,0.0,0.0,0.0,0.4,0.0,0.3,1.3,1.0,-169.70000000000002,0.0,0.0,169.8,0.0,21.3,29.200000000000003,29.200000000000003,29.700000000000003,300.0,300.0,31.6,35.6,29.1,28.3,30.200000000000003,4.95,1.99,4.97,0.16,0.0,0.0,1027.0,8228.0,0.0,0.0,0.0,0.0,0.0,1.0,0.0,0.0,0.0,0.0,0.0,2.2,0.0,-0.6000000000000001,0.0,0.0002,16.0,25903.0
2026-07-30T19:01:29.409Z,258.892,258.906,0.0,7.4,0.0,0.0,0.0,0.0,0.0,0.0,0.0,0.0,1.0,0.0,0.0,0.0,9.0,4.0,0.0,0.0,0.0,0.0,0.0,0.0,0.0,0.0,2.0,12.0,1.0,12.18,5.01,2.51,1.49,0.0,0.0,0.0,0.4,0.0,-0.2,0.1,0.4,-169.70000000000002,0.0,0.0,169.70000000000002,0.0,21.3,29.200000000000003,29.200000000000003,29.700000000000003,300.0,300.0,31.6,35.6,29.1,28.3,30.200000000000003,4.96,1.99,4.96,0.16,0.0,0.0,1027.0,8228.0,0.0,0.0,0.0,0.0,0.0,1.0,0.0,0.0,0.0,0.0,0.0,0.5,0.0,-0.3,0.0,0.0001,16.0,25903.0
2026-07-30T19:01:29.420Z,258.903,258.918,0.0,7.4,0.0,0.0,0.0,0.0,0.0,0.0,0.0,0.0,1.0,0.0,0.0,0.0,9.0,4.0,0.0,0.0,0.0,0.0,0.0,0.0,0.0,0.0,3.0,12.0,1.0,12.18,5.01,2.51,1.49,0.0,0.0,0.0,0.4,0.0,-0.2,-0.4,-0.6000000000000001,-169.70000000000002,0.0,0.0,169.70000000000002,0.0,21.3,29.200000000000003,29.200000000000003,29.700000000000003,300.0,300.0,31.6,35.6,29.1,28.3,30.200000000000003,4.95,1.99,4.96,0.16,0.0,0.0,1027.0,8228.0,0.0,0.0,0.0,0.0,0.0,1.0,0.0,0.0,0.0,0.0,0.0,-0.9,0.0,0.5,0.0,0.0001,16.0,25903.0
2026-07-30T19:01:29.433Z,258.916,258.93,0.0,7.4,0.0,0.0,0.0,0.0,0.0,0.0,0.0,0.0,1.0,0.0,0.0,0.0,9.0,4.0,0.0,0.0,0.0,0.0,0.0,0.0,0.0,0.0,4.0,12.0,1.0,12.18,5.01,2.51,1.49,0.0,0.0,0.0,0.4,0.0,0.9,0.1,0.4,-169.70000000000002,0.0,0.0,169.70000000000002,0.0,21.3,29.200000000000003,29.200000000000003,29.700000000000003,300.0,300.0,31.6,35.6,29.1,28.3,30.200000000000003,4.95,1.99,4.97,0.16,0.0,0.0,1027.0,8228.0,0.0,0.0,0.0,0.0,0.0,1.0,0.0,0.0,0.0,0.0,0.0,0.5,0.0,-0.3,0.0,0.0001,16.0,25903.0
2026-07-30T19:01:29.445Z,258.928,258.942,0.0,7.4,0.0,0.0,0.0,0.0,0.0,0.0,0.0,0.0,1.0,0.0,0.0,0.0,9.0,4.0,0.0,0.0,0.0,0.0,0.0,0.0,0.0,0.0,4.0,12.0,1.0,12.18,5.01,2.51,1.49,0.0,0.0,0.0,0.4,0.0,0.3,0.1,0.5,-169.70000000000002,0.0,0.0,169.60000000000002,0.0,21.3,29.200000000000003,29.200000000000003,29.700000000000003,300.0,300.0,31.6,35.6,29.1,28.3,30.200000000000003,4.95,1.99,4.97,0.16,0.0,0.0,1027.0,8228.0,0.0,0.0,0.0,0.0,0.0,1.0,0.0,0.0,0.0,0.0,0.0,0.5,0.0,-0.4,0.0,0.0,16.0,25903.0
2026-07-30T19:01:29.457Z,258.94,258.954,0.0,7.4,0.0,0.0,0.0,0.0,0.0,0.0,0.0,0.0,1.0,0.0,0.0,0.0,9.0,4.0,0.0,0.0,0.0,0.0,0.0,0.0,0.0,0.0,6.0,12.0,1.0,12.18,5.01,2.51,1.49,0.0,0.1,0.0,0.4,0.0,0.9,0.2,1.0,-169.70000000000002,0.0,0.0,169.70000000000002,0.0,21.3,29.200000000000003,29.200000000000003,29.700000000000003,300.0,300.0,31.6,35.6,29.1,28.3,30.200000000000003,4.96,1.99,4.96,0.17,0.0,0.0,1027.0,8228.0,0.0,0.0,0.0,0.0,0.0,1.0,0.0,0.0,0.0,0.0,0.0,1.0,0.0,-0.9,0.0,0.0001,16.0,25903.0
2026-07-30T19:01:29.470Z,258.953,258.966,0.0,7.4,0.0,0.0,0.0,0.0,0.0,0.0,0.0,0.0,1.0,0.0,0.0,0.0,9.0,4.0,0.0,0.0,0.0,0.0,0.0,0.0,0.0,0.0,1.0,12.0,1.0,12.14,5.01,2.51,1.49,0.0,0.0,0.0,0.4,0.0,-0.7000000000000001,-1.5,-3.5,-169.70000000000002,0.0,0.0,169.70000000000002,0.0,21.4,29.200000000000003,29.200000000000003,29.700000000000003,300.0,300.0,31.5,35.7,29.1,28.3,30.200000000000003,4.95,1.99,4.97,0.17,0.0,0.0,1027.0,8228.0,0.0,0.0,0.0,0.0,0.0,1.0,0.0,0.0,0.0,0.0,0.0,-4.3,0.0,2.8000000000000003,0.0,0.0001,16.0,25903.0
2026-07-30T19:01:29.480Z,258.963,258.978,0.0,7.4,0.0,0.0,0.0,0.0,0.0,0.0,0.0,0.0,1.0,0.0,0.0,0.0,9.0,4.0,0.0,0.0,0.0,0.0,0.0,0.0,0.0,0.0,2.0,12.0,1.0,12.14,5.01,2.51,1.49,0.0,0.0,0.0,0.4,0.0,-0.2,-0.3,0.0,-169.70000000000002,0.0,0.0,169.8,0.0,21.4,29.200000000000003,29.200000000000003,29.700000000000003,300.0,300.0,31.5,35.7,29.1,28.3,30.200000000000003,4.95,1.99,4.96,0.16,0.0,0.0,1027.0,8228.0,0.0,0.0,0.0,0.0,0.0,1.0,0.0,0.0,0.0,0.0,0.0,-0.4,0.0,0.0,0.0,0.0,16.0,25903.0
2026-07-30T19:01:29.492Z,258.975,258.99,0.0,7.4,0.0,0.0,0.0,0.0,0.0,0.0,0.0,0.0,1.0,0.0,0.0,0.0,9.0,4.0,0.0,0.0,0.0,0.0,0.0,0.0,0.0,0.0,3.0,12.0,1.0,12.14,5.01,2.51,1.49,0.0,0.0,0.0,0.4,0.0,0.3,0.2,0.4,-169.70000000000002,0.0,0.0,169.70000000000002,0.0,21.4,29.200000000000003,29.200000000000003,29.700000000000003,300.0,300.0,31.5,35.7,29.1,28.3,30.200000000000003,4.96,2.0,4.96,0.15,0.0,0.0,1027.0,8228.0,0.0,0.0,0.0,0.0,0.0,1.0,0.0,0.0,0.0,0.0,0.0,0.5,0.0,-0.3,0.0,0.0001,16.0,25903.0
2026-07-30T19:01:29.505Z,258.988,259.002,0.0,7.4,0.0,0.0,0.0,0.0,0.0,0.0,0.0,0.0,1.0,0.0,0.0,0.0,9.0,4.0,0.0,0.0,0.0,0.0,0.0,0.0,0.0,0.0,4.0,12.0,1.0,12.14,5.01,2.51,1.49,0.0,0.0,0.0,0.5,0.0,-0.8,0.7000000000000001,0.0,-169.70000000000002,0.0,0.0,169.70000000000002,0.0,21.4,29.200000000000003,29.200000000000003,29.700000000000003,300.0,300.0,31.5,35.7,29.1,28.3,30.200000000000003,4.95,2.0,4.96,0.16,0.0,0.0,1027.0,8228.0,0.0,0.0,0.0,0.0,0.0,1.0,0.0,0.0,0.0,0.0,0.0,0.8,0.0,0.2,0.0,0.0001,16.0,25903.0
2026-07-30T19:01:29.516Z,258.999,259.014,0.0,7.4,0.0,0.0,0.0,0.0,0.0,0.0,0.0,0.0,1.0,0.0,0.0,0.0,9.0,4.0,0.0,0.0,0.0,0.0,0.0,0.0,0.0,0.0,5.0,12.0,1.0,12.14,5.01,2.51,1.49,0.0,0.0,0.0,0.5,0.0,0.4,0.2,1.7000000000000002,-169.70000000000002,0.0,0.0,169.8,0.0,21.4,29.200000000000003,29.200000000000003,29.700000000000003,300.0,300.0,31.5,35.7,29.1,28.3,30.200000000000003,4.95,1.99,4.97,0.16,0.0,0.0,1027.0,8228.0,0.0,0.0,0.0,0.0,0.0,1.0,0.0,0.0,0.0,0.0,0.0,1.5,0.0,-1.4,0.0,0.0001,16.0,25903.0
2026-07-30T19:01:29.528Z,259.011,259.026,0.0,7.4,0.0,0.0,0.0,0.0,0.0,0.0,0.0,0.0,1.0,0.0,0.0,0.0,9.0,4.0,0.0,0.0,0.0,0.0,0.0,0.0,0.0,0.0,6.0,12.0,1.0,12.14,5.01,2.51,1.49,0.0,0.1,0.0,0.4,0.0,-0.1,0.7000000000000001,-0.6000000000000001,-169.70000000000002,0.0,0.0,169.8,0.0,21.4,29.200000000000003,29.200000000000003,29.700000000000003,300.0,300.0,31.5,35.7,29.1,28.3,30.200000000000003,4.95,1.99,4.96,0.16,0.0,0.0,1027.0,8228.0,0.0,0.0,0.0,0.0,0.0,1.0,0.0,0.0,0.0,0.0,0.0,0.3,0.0,0.7000000000000001,0.0,0.0002,16.0,25903.0
2026-07-30T19:01:29.540Z,259.023,259.038,0.0,7.4,0.0,0.0,0.0,0.0,0.0,0.0,0.0,0.0,1.0,0.0,0.0,0.0,9.0,4.0,0.0,0.0,0.0,0.0,0.0,0.0,0.0,0.0,1.0,12.0,1.0,12.14,5.01,2.51,1.49,0.0,0.0,0.0,0.4,0.0,-0.1,-0.3,-0.6000000000000001,-169.70000000000002,0.0,0.0,169.8,0.0,21.4,29.200000000000003,29.200000000000003,29.700000000000003,300.0,300.0,31.5,35.7,29.1,28.3,30.200000000000003,4.96,1.99,4.96,0.16,0.0,0.0,1027.0,8228.0,0.0,0.0,0.0,0.0,0.0,1.0,0.0,0.0,0.0,0.0,0.0,-0.9,0.0,0.5,0.0,0.0001,16.0,25903.0
2026-07-30T19:01:29.553Z,259.036,259.05,0.0,7.4,0.0,0.0,0.0,0.0,0.0,0.0,0.0,0.0,1.0,0.0,0.0,0.0,9.0,4.0,0.0,0.0,0.0,0.0,0.0,0.0,0.0,0.0,2.0,12.0,1.0,12.14,5.01,2.51,1.49,0.0,0.0,0.0,0.4,0.0,0.4,1.3,2.2,-169.70000000000002,0.0,0.0,169.8,0.0,21.4,29.200000000000003,29.200000000000003,29.700000000000003,300.0,300.0,31.5,35.7,29.1,28.3,30.200000000000003,4.95,1.99,4.97,0.16,0.0,0.0,1027.0,8228.0,0.0,0.0,0.0,0.0,0.0,1.0,0.0,0.0,0.0,0.0,0.0,3.2,0.0,-1.7000000000000002,0.0,0.0001,16.0,25903.0
2026-07-30T19:01:29.565Z,259.048,259.062,0.0,7.4,0.0,0.0,0.0,0.0,0.0,0.0,0.0,0.0,1.0,0.0,0.0,0.0,9.0,4.0,0.0,0.0,0.0,0.0,0.0,0.0,0.0,0.0,3.0,12.0,1.0,12.14,5.01,2.51,1.49,0.0,0.0,0.0,0.4,0.0,-0.7000000000000001,0.2,-0.7000000000000001,-169.70000000000002,0.0,0.0,169.8,0.0,21.4,29.200000000000003,29.200000000000003,29.700000000000003,300.0,300.0,31.5,35.7,29.1,28.3,30.200000000000003,4.96,1.99,4.97,0.16,0.0,0.0,1027.0,8228.0,0.0,0.0,0.0,0.0,0.0,1.0,0.0,0.0,0.0,0.0,0.0,-0.2,0.0,0.6000000000000001,0.0,0.0,16.0,25903.0
2026-07-30T19:01:29.576Z,259.059,259.074,0.0,7.4,0.0,0.0,0.0,0.0,0.0,0.0,0.0,0.0,1.0,0.0,0.0,0.0,9.0,4.0,0.0,0.0,0.0,0.0,0.0,0.0,0.0,0.0,4.0,12.0,1.0,12.15,5.01,2.51,1.49,0.0,0.0,0.0,0.4,0.0,-0.1,0.2,0.4,-169.70000000000002,0.0,0.0,169.8,0.0,21.8,29.200000000000003,29.200000000000003,29.700000000000003,300.0,300.0,31.5,35.7,29.1,28.3,30.200000000000003,4.96,2.0,4.96,0.16,0.0,0.0,1027.0,8228.0,0.0,0.0,0.0,0.0,0.0,1.0,0.0,0.0,0.0,0.0,0.0,0.6000000000000001,0.0,-0.3,0.0,0.0,16.0,25903.0
2026-07-30T19:01:29.589Z,259.072,259.086,0.0,7.4,0.0,0.0,0.0,0.0,0.0,0.0,0.0,0.0,1.0,0.0,0.0,0.0,9.0,4.0,0.0,0.0,0.0,0.0,0.0,0.0,0.0,0.0,5.0,12.0,1.0,12.15,5.01,2.51,1.49,0.0,0.0,0.0,0.4,0.0,-0.1,0.7000000000000001,-0.1,-169.70000000000002,0.0,0.0,169.60000000000002,0.0,21.8,29.200000000000003,29.200000000000003,29.700000000000003,300.0,300.0,31.5,35.7,29.1,28.3,30.200000000000003,4.96,1.99,4.96,0.16,0.0,0.0,1027.0,8228.0,0.0,0.0,0.0,0.0,0.0,1.0,0.0,0.0,0.0,0.0,0.0,0.8,0.0,0.2,0.0,0.0001,16.0,25903.0
2026-07-30T19:01:29.601Z,259.084,259.098,0.0,7.4,0.0,0.0,0.0,0.0,0.0,0.0,0.0,0.0,1.0,0.0,0.0,0.0,9.0,4.0,0.0,0.0,0.0,0.0,0.0,0.0,0.0,0.0,6.0,12.0,1.0,12.15,5.01,2.51,1.49,0.0,0.0,0.0,0.4,0.0,0.4,0.2,0.5,-169.70000000000002,0.0,0.0,169.70000000000002,0.0,21.8,29.200000000000003,29.200000000000003,29.700000000000003,300.0,300.0,31.5,35.7,29.1,28.3,30.200000000000003,4.95,1.99,4.97,0.16,0.0,0.0,1027.0,8228.0,0.0,0.0,0.0,0.0,0.0,1.0,0.0,0.0,0.0,0.0,0.0,0.6000000000000001,0.0,-0.4,0.0,0.0002,16.0,25903.0
2026-07-30T19:01:29.613Z,259.096,259.11,0.0,7.4,0.0,0.0,0.0,0.0,0.0,0.0,0.0,0.0,1.0,0.0,0.0,0.0,9.0,4.0,0.0,0.0,0.0,0.0,0.0,0.0,0.0,0.0,6.0,12.0,1.0,12.15,5.01,2.51,1.49,0.0,0.0,0.0,0.4,0.0,-0.1,-0.9,0.5,-169.70000000000002,0.0,0.0,169.70000000000002,0.0,21.8,29.200000000000003,29.200000000000003,29.700000000000003,300.0,300.0,31.5,35.7,29.1,28.3,30.200000000000003,4.96,2.0,4.96,0.16,0.0,0.0,1027.0,8228.0,0.0,0.0,0.0,0.0,0.0,1.0,0.0,0.0,0.0,0.0,0.0,-0.7000000000000001,0.0,-0.6000000000000001,0.0,0.0,16.0,25903.0
2026-07-30T19:01:29.625Z,259.108,259.122,0.0,7.4,0.0,0.0,0.0,0.0,0.0,0.0,0.0,0.0,1.0,0.0,0.0,0.0,9.0,4.0,0.0,0.0,0.0,0.0,0.0,0.0,0.0,0.0,6.0,12.0,1.0,12.15,5.01,2.51,1.49,0.0,0.0,0.0,0.4,0.0,-0.1,-0.4,1.1,-169.70000000000002,0.0,0.0,169.8,0.0,21.8,29.200000000000003,29.200000000000003,29.700000000000003,300.0,300.0,31.5,35.7,29.1,28.3,30.200000000000003,4.96,2.0,4.97,0.16,0.0,0.0,1027.0,8228.0,0.0,0.0,0.0,0.0,0.0,1.0,0.0,0.0,0.0,0.0,0.0,0.1,0.0,0.0,0.0,0.0,16.0,25903.0
2026-07-30T19:01:29.637Z,259.12,259.134,0.0,7.4,0.0,0.0,0.0,0.0,0.0,0.0,0.0,0.0,1.0,0.0,0.0,0.0,9.0,4.0,0.0,0.0,0.0,0.0,0.0,0.0,0.0,0.0,1.0,12.0,1.0,12.15,5.01,2.51,1.49,0.0,0.1,0.0,0.4,0.0,-0.7000000000000001,0.1,0.0,-169.70000000000002,0.0,0.0,169.70000000000002,0.0,21.8,29.200000000000003,29.200000000000003,29.700000000000003,300.0,300.0,31.5,35.7,29.1,28.3,30.200000000000003,4.95,1.99,4.97,0.16,0.0,0.0,1027.0,8228.0,0.0,0.0,0.0,0.0,0.0,1.0,0.0,0.0,0.0,0.0,0.0,0.1,0.0,0.0,0.0,0.0,16.0,25903.0
2026-07-30T19:01:29.649Z,259.132,259.146,0.0,7.4,0.0,0.0,0.0,0.0,0.0,0.0,0.0,0.0,1.0,0.0,0.0,0.0,9.0,4.0,0.0,0.0,0.0,0.0,0.0,0.0,0.0,0.0,2.0,12.0,1.0,12.15,5.01,2.51,1.49,0.0,0.1,0.0,0.5,0.0,0.3,-0.4,1.6,-169.70000000000002,0.0,0.0,169.70000000000002,0.0,21.8,29.200000000000003,29.200000000000003,29.700000000000003,300.0,300.0,31.5,35.7,29.1,28.3,30.200000000000003,4.96,1.99,4.97,0.16,0.0,0.0,1027.0,8228.0,0.0,0.0,0.0,0.0,0.0,1.0,0.0,0.0,0.0,0.0,0.0,0.7000000000000001,0.0,-1.5,0.0,0.0002,16.0,25903.0
2026-07-30T19:01:29.661Z,259.144,259.158,0.0,7.4,0.0,0.0,0.0,0.0,0.0,0.0,0.0,0.0,1.0,0.0,0.0,0.0,9.0,4.0,0.0,0.0,0.0,0.0,0.0,0.0,0.0,0.0,4.0,12.0,1.0,12.15,5.01,2.51,1.49,0.0,0.1,0.0,0.4,0.0,-0.2,0.1,1.6,-169.70000000000002,0.0,0.0,169.70000000000002,0.0,21.8,29.200000000000003,29.200000000000003,29.700000000000003,300.0,300.0,31.5,35.7,29.1,28.3,30.200000000000003,4.96,1.99,4.96,0.16,0.0,0.0,1027.0,8228.0,0.0,0.0,0.0,0.0,0.0,1.0,0.0,0.0,0.0,0.0,0.0,1.4,0.0,-1.4,0.0,0.0,16.0,25903.0
2026-07-30T19:01:29.673Z,259.156,259.17,0.0,7.4,0.0,0.0,0.0,0.0,0.0,0.0,0.0,0.0,1.0,0.0,0.0,0.0,9.0,4.0,0.0,0.0,0.0,0.0,0.0,0.0,0.0,0.0,5.0,12.0,1.0,12.19,5.01,2.5,1.49,0.0,0.0,0.0,0.4,0.0,0.3,0.7000000000000001,-0.1,-169.70000000000002,0.0,0.0,169.8,0.0,21.3,29.200000000000003,29.200000000000003,29.700000000000003,300.0,300.0,31.5,35.7,29.1,28.3,30.200000000000003,4.96,1.99,4.97,0.16,0.0,0.0,1027.0,8228.0,0.0,0.0,0.0,0.0,0.0,1.0,0.0,0.0,0.0,0.0,0.0,-0.3,0.0,0.6000000000000001,0.0,0.0,16.0,25903.0
2026-07-30T19:01:29.685Z,259.168,259.182,0.0,7.4,0.0,0.0,0.0,0.0,0.0,0.0,0.0,0.0,1.0,0.0,0.0,0.0,9.0,4.0,0.0,0.0,0.0,0.0,0.0,0.0,0.0,0.0,6.0,12.0,1.0,12.19,5.01,2.5,1.49,0.0,0.0,0.0,0.4,0.0,-0.2,-0.9,-2.4000000000000004,-169.70000000000002,0.0,0.0,169.70000000000002,0.0,21.3,29.200000000000003,29.200000000000003,29.700000000000003,300.0,300.0,31.5,35.7,29.1,28.3,30.200000000000003,4.95,2.0,4.97,0.16,0.0,0.0,1027.0,8228.0,0.0,0.0,0.0,0.0,0.0,1.0,0.0,0.0,0.0,0.0,0.0,-0.5,0.0,0.0,0.0,0.0002,16.0,25903.0
2026-07-30T19:01:29.697Z,259.18,259.194,0.0,7.4,0.0,0.0,0.0,0.0,0.0,0.0,0.0,0.0,1.0,0.0,0.0,0.0,9.0,4.0,0.0,0.0,0.0,0.0,0.0,0.0,0.0,0.0,2.0,12.0,1.0,12.19,5.01,2.5,1.49,0.0,0.0,0.0,0.4,0.0,0.3,-0.3,1.0,-169.70000000000002,0.0,0.0,169.8,0.0,21.3,29.200000000000003,29.200000000000003,29.700000000000003,300.0,300.0,31.5,35.7,29.1,28.3,30.200000000000003,4.96,2.0,4.96,0.16,0.0,0.0,1027.0,8228.0,0.0,0.0,0.0,0.0,0.0,1.0,0.0,0.0,0.0,0.0,0.0,0.3,0.0,-0.9,0.0,0.0001,16.0,25903.0
2026-07-30T19:01:29.709Z,259.192,259.206,0.0,7.4,0.0,0.0,0.0,0.0,0.0,0.0,0.0,0.0,1.0,0.0,0.0,0.0,9.0,4.0,0.0,0.0,0.0,0.0,0.0,0.0,0.0,0.0,3.0,12.0,1.0,12.19,5.01,2.5,1.49,0.0,0.0,0.0,0.4,0.0,0.3,0.2,0.4,-169.70000000000002,0.0,0.0,169.70000000000002,0.0,21.3,29.200000000000003,29.200000000000003,29.700000000000003,300.0,300.0,31.5,35.7,29.1,28.3,30.200000000000003,4.95,1.99,4.97,0.16,0.0,0.0,1027.0,8228.0,0.0,0.0,0.0,0.0,0.0,1.0,0.0,0.0,0.0,0.0,0.0,0.6000000000000001,0.0,-0.3,0.0,0.0002,16.0,25903.0
2026-07-30T19:01:29.721Z,259.204,259.218,0.0,7.4,0.0,0.0,0.0,0.0,0.0,0.0,0.0,0.0,1.0,0.0,0.0,0.0,9.0,4.0,0.0,0.0,0.0,0.0,0.0,0.0,0.0,0.0,4.0,12.0,1.0,12.19,5.01,2.5,1.49,0.0,0.0,0.0,0.4,0.0,0.3,-0.4,-1.3,-169.70000000000002,0.0,0.0,169.8,0.0,21.3,29.200000000000003,29.200000000000003,29.700000000000003,300.0,300.0,31.5,35.7,29.1,28.3,30.200000000000003,4.95,1.99,4.97,0.16,0.0,0.0,1027.0,8228.0,0.0,0.0,0.0,0.0,0.0,1.0,0.0,0.0,0.0,0.0,0.0,-1.4,0.0,1.1,0.0,0.0,16.0,25903.0
2026-07-30T19:01:29.733Z,259.216,259.23,0.0,7.4,0.0,0.0,0.0,0.0,0.0,0.0,0.0,0.0,1.0,0.0,0.0,0.0,9.0,4.0,0.0,0.0,0.0,0.0,0.0,0.0,0.0,0.0,4.0,12.0,1.0,12.19,5.01,2.5,1.49,0.0,0.0,0.0,0.4,0.0,0.3,-0.4,-0.7000000000000001,-169.70000000000002,0.0,0.0,169.8,0.0,21.3,29.200000000000003,29.200000000000003,29.700000000000003,300.0,300.0,31.5,35.7,29.1,28.3,30.200000000000003,4.96,1.99,4.97,0.16,0.0,0.0,1027.0,8228.0,0.0,0.0,0.0,0.0,0.0,1.0,0.0,0.0,0.0,0.0,0.0,-1.0,0.0,0.5,0.0,0.0001,16.0,25903.0
2026-07-30T19:01:29.745Z,259.228,259.242,0.0,7.4,0.0,0.0,0.0,0.0,0.0,0.0,0.0,0.0,1.0,0.0,0.0,0.0,9.0,4.0,0.0,0.0,0.0,0.0,0.0,0.0,0.0,0.0,5.0,12.0,1.0,12.19,5.01,2.5,1.49,0.0,0.0,0.0,0.4,0.0,-0.7000000000000001,-1.0,-0.7000000000000001,-169.70000000000002,0.0,0.0,169.8,0.0,21.3,29.200000000000003,29.200000000000003,29.700000000000003,300.0,300.0,31.5,35.7,29.1,28.3,30.200000000000003,4.96,1.99,4.96,0.16,0.0,0.0,1027.0,8228.0,0.0,0.0,0.0,0.0,0.0,1.0,0.0,0.0,0.0,0.0,0.0,-1.7000000000000002,0.0,0.4,0.0,0.0001,16.0,25903.0
2026-07-30T19:01:29.756Z,259.239,259.254,0.0,7.4,0.0,0.0,0.0,0.0,0.0,0.0,0.0,0.0,1.0,0.0,0.0,0.0,9.0,4.0,0.0,0.0,0.0,0.0,0.0,0.0,0.0,0.0,1.0,12.0,1.0,12.19,5.01,2.5,1.49,0.0,0.0,0.0,0.4,0.0,-0.1,-0.9,-0.6000000000000001,-169.70000000000002,0.0,0.0,169.8,0.0,21.3,29.200000000000003,29.200000000000003,29.700000000000003,300.0,300.0,31.5,35.7,29.1,28.3,30.200000000000003,4.95,1.99,4.96,0.16,0.0,0.0,1027.0,8228.0,0.0,0.0,0.0,0.0,0.0,1.0,0.0,0.0,0.0,0.0,0.0,-1.6,0.0,0.4,0.0,0.0,16.0,25903.0
2026-07-30T19:01:29.768Z,259.251,259.266,0.0,7.4,0.0,0.0,0.0,0.0,0.0,0.0,0.0,0.0,1.0,0.0,0.0,0.0,9.0,4.0,0.0,0.0,0.0,0.0,0.0,0.0,0.0,0.0,2.0,12.0,1.0,12.19,5.01,2.5,1.49,0.0,0.0,0.0,0.4,0.0,-0.1,-0.4,-0.1,-169.70000000000002,0.0,0.0,169.8,0.0,21.3,29.200000000000003,29.200000000000003,29.700000000000003,300.0,300.0,31.5,35.7,29.1,28.3,30.200000000000003,4.95,1.99,4.96,0.16,0.0,0.0,1027.0,8228.0,0.0,0.0,0.0,0.0,0.0,1.0,0.0,0.0,0.0,0.0,0.0,-0.6000000000000001,0.0,0.0,0.0,0.0,16.0,25903.0
2026-07-30T19:01:29.781Z,259.264,259.278,0.0,7.4,0.0,0.0,0.0,0.0,0.0,0.0,0.0,0.0,1.0,0.0,0.0,0.0,9.0,4.0,0.0,0.0,0.0,0.0,0.0,0.0,0.0,0.0,3.0,12.0,1.0,12.14,5.01,2.5,1.49,0.0,0.0,0.0,0.4,0.0,-0.1,-0.4,-1.8,-169.70000000000002,0.0,0.0,169.70000000000002,0.0,21.700000000000003,29.200000000000003,29.200000000000003,29.700000000000003,300.0,300.0,31.6,35.6,29.1,28.3,30.200000000000003,4.96,1.99,4.96,0.16,0.0,0.0,1027.0,8228.0,0.0,0.0,0.0,0.0,0.0,1.0,0.0,0.0,0.0,0.0,0.0,-1.8,0.0,1.5,0.0,0.0,16.0,25903.0
2026-07-30T19:01:29.793Z,259.276,259.29,0.0,7.4,0.0,0.0,0.0,0.0,0.0,0.0,0.0,0.0,1.0,0.0,0.0,0.0,9.0,4.0,0.0,0.0,0.0,0.0,0.0,0.0,0.0,0.0,5.0,12.0,1.0,12.14,5.01,2.5,1.49,0.0,0.1,0.0,0.4,0.0,0.4,-0.4,-0.1,-169.70000000000002,0.0,0.0,169.8,0.0,21.700000000000003,29.200000000000003,29.200000000000003,29.700000000000003,300.0,300.0,31.6,35.6,29.1,28.3,30.200000000000003,4.95,1.99,4.96,0.16,0.0,0.0,1027.0,8228.0,0.0,0.0,0.0,0.0,0.0,1.0,0.0,0.0,0.0,0.0,0.0,-0.5,0.0,0.0,0.0,0.0001,16.0,25903.0
2026-07-30T19:01:29.804Z,259.287,259.302,0.0,7.4,0.0,0.0,0.0,0.0,0.0,0.0,0.0,0.0,1.0,0.0,0.0,0.0,9.0,4.0,0.0,0.0,0.0,0.0,0.0,0.0,0.0,0.0,6.0,12.0,1.0,12.14,5.01,2.5,1.49,0.0,0.0,0.0,0.4,0.0,0.3,-0.4,-0.1,-169.70000000000002,0.0,0.0,169.8,0.0,21.700000000000003,29.200000000000003,29.200000000000003,29.700000000000003,300.0,300.0,31.6,35.6,29.1,28.3,30.200000000000003,4.96,2.0,4.96,0.16,0.0,0.0,1027.0,8228.0,0.0,0.0,0.0,0.0,0.0,1.0,0.0,0.0,0.0,0.0,0.0,-0.5,0.0,0.0,0.0,0.0,16.0,25903.0
2026-07-30T19:01:29.817Z,259.3,259.314,0.0,7.4,0.0,0.0,0.0,0.0,0.0,0.0,0.0,0.0,1.0,0.0,0.0,0.0,9.0,4.0,0.0,0.0,0.0,0.0,0.0,0.0,0.0,0.0,1.0,12.0,1.0,12.14,5.01,2.5,1.49,-0.1,0.1,0.0,0.4,0.0,-0.2,-0.4,-0.1,-169.70000000000002,0.0,0.0,169.70000000000002,0.0,21.700000000000003,29.200000000000003,29.200000000000003,29.700000000000003,300.0,300.0,31.6,35.6,29.1,28.3,30.200000000000003,4.96,2.0,4.96,0.16,0.0,0.0,1027.0,8228.0,0.0,0.0,0.0,0.0,0.0,1.0,0.0,0.0,0.0,0.0,0.0,-0.5,0.0,0.0,0.0,0.0001,16.0,25903.0
2026-07-30T19:01:29.829Z,259.312,259.326,0.0,7.4,0.0,0.0,0.0,0.0,0.0,0.0,0.0,0.0,1.0,0.0,0.0,0.0,9.0,4.0,0.0,0.0,0.0,0.0,0.0,0.0,0.0,0.0,3.0,12.0,1.0,12.14,5.01,2.5,1.49,0.0,0.1,0.0,0.4,0.0,-0.8,0.2,0.4,-169.70000000000002,0.0,0.0,169.70000000000002,0.0,21.700000000000003,29.200000000000003,29.200000000000003,29.700000000000003,300.0,300.0,31.6,35.6,29.1,28.3,30.200000000000003,4.96,1.99,4.96,0.16,0.0,0.0,1027.0,8228.0,0.0,0.0,0.0,0.0,0.0,1.0,0.0,0.0,0.0,0.0,0.0,0.5,0.0,-0.3,0.0,0.0001,16.0,25903.0
2026-07-30T19:01:29.841Z,259.324,259.338,0.0,7.4,0.0,0.0,0.0,0.0,0.0,0.0,0.0,0.0,1.0,0.0,0.0,0.0,9.0,4.0,0.0,0.0,0.0,0.0,0.0,0.0,0.0,0.0,4.0,12.0,1.0,12.14,5.01,2.5,1.49,0.0,0.0,0.0,0.4,0.0,0.2,-0.4,-0.2,-169.70000000000002,0.0,0.0,169.8,0.0,21.700000000000003,29.200000000000003,29.200000000000003,29.700000000000003,300.0,300.0,31.6,35.6,29.1,28.3,30.200000000000003,4.95,1.99,4.97,0.16,0.0,0.0,1027.0,8228.0,0.0,0.0,0.0,0.0,0.0,1.0,0.0,0.0,0.0,0.0,0.0,-0.6000000000000001,0.0,0.1,0.0,0.0001,16.0,25903.0
2026-07-30T19:01:29.852Z,259.335,259.35,0.0,7.4,0.0,0.0,0.0,0.0,0.0,0.0,0.0,0.0,1.0,0.0,0.0,0.0,9.0,4.0,0.0,0.0,0.0,0.0,0.0,0.0,0.0,0.0,6.0,12.0,1.0,12.14,5.01,2.5,1.49,0.0,0.1,0.0,0.4,0.0,0.8,0.1,-0.2,-169.70000000000002,0.0,0.0,169.8,0.0,21.700000000000003,29.200000000000003,29.200000000000003,29.700000000000003,300.0,300.0,31.6,35.6,29.1,28.3,30.200000000000003,4.96,1.99,4.96,0.16,0.0,0.0,1027.0,8228.0,0.0,0.0,0.0,0.0,0.0,1.0,0.0,0.0,0.0,0.0,0.0,0.0,0.0,0.2,0.0,0.0,16.0,25903.0
2026-07-30T19:01:29.865Z,259.348,259.362,0.0,7.4,0.0,0.0,0.0,0.0,0.0,0.0,0.0,0.0,1.0,0.0,0.0,0.0,9.0,4.0,0.0,0.0,0.0,0.0,0.0,0.0,0.0,0.0,1.0,12.0,1.0,12.14,5.01,2.5,1.49,0.0,0.0,0.0,0.4,0.0,0.2,0.1,1.5,-169.70000000000002,0.0,0.0,169.8,0.0,21.700000000000003,29.200000000000003,29.200000000000003,29.700000000000003,300.0,300.0,31.6,35.6,29.1,28.3,30.200000000000003,4.96,1.99,4.97,0.16,0.0,0.0,1027.0,8228.0,0.0,0.0,0.0,0.0,0.0,1.0,0.0,0.0,0.0,0.0,0.0,1.3,0.0,-1.3,0.0,0.0001,16.0,25903.0
2026-07-30T19:01:29.877Z,259.36,259.374,0.0,7.4,0.0,0.0,0.0,0.0,0.0,0.0,0.0,0.0,1.0,0.0,0.0,0.0,9.0,4.0,0.0,0.0,0.0,0.0,0.0,0.0,0.0,0.0,3.0,12.0,1.0,12.17,5.0200000000000005,2.5,1.49,0.0,0.0,0.0,0.4,0.0,-0.3,0.1,-0.1,-169.70000000000002,0.0,0.0,169.60000000000002,0.0,21.0,29.200000000000003,29.200000000000003,29.700000000000003,300.0,300.0,31.6,35.7,29.1,28.3,30.200000000000003,4.95,1.99,4.97,0.16,0.0,0.0,1027.0,8228.0,0.0,0.0,0.0,0.0,0.0,1.0,0.0,0.0,0.0,0.0,0.0,0.0,0.0,0.2,0.0,0.0,16.0,25903.0
2026-07-30T19:01:29.888Z,259.371,259.386,0.0,7.4,0.0,0.0,0.0,0.0,0.0,0.0,0.0,0.0,1.0,0.0,0.0,0.0,9.0,4.0,0.0,0.0,0.0,0.0,0.0,0.0,0.0,0.0,5.0,12.0,1.0,12.17,5.0200000000000005,2.5,1.49,0.0,0.0,0.0,0.4,0.0,0.8,0.7000000000000001,0.4,-169.70000000000002,0.0,0.0,169.70000000000002,0.0,21.0,29.200000000000003,29.200000000000003,29.700000000000003,300.0,300.0,31.6,35.7,29.1,28.3,30.200000000000003,4.96,1.99,4.96,0.16,0.0,0.0,1027.0,8228.0,0.0,0.0,0.0,0.0,0.0,1.0,0.0,0.0,0.0,0.0,0.0,1.1,0.0,-0.2,0.0,0.0002,16.0,25903.0
2026-07-30T19:01:29.901Z,259.384,259.398,0.0,7.4,0.0,0.0,0.0,0.0,0.0,0.0,0.0,0.0,1.0,0.0,0.0,0.0,9.0,4.0,0.0,0.0,0.0,0.0,0.0,0.0,0.0,0.0,6.0,12.0,1.0,12.17,5.0200000000000005,2.5,1.49,0.0,0.0,0.0,0.4,0.0,1.4,-0.4,1.5,-169.70000000000002,0.0,0.0,169.60000000000002,0.0,21.0,29.200000000000003,29.200000000000003,29.700000000000003,300.0,300.0,31.6,35.7,29.1,28.3,30.200000000000003,4.95,2.0,4.96,0.16,0.0,0.0,1027.0,8228.0,0.0,0.0,0.0,0.0,0.0,1.0,0.0,0.0,0.0,0.0,0.0,0.6000000000000001,0.0,-1.4,0.0,0.0001,16.0,25903.0
2026-07-30T19:01:29.912Z,259.395,259.41,0.0,7.4,0.0,0.0,0.0,0.0,0.0,0.0,0.0,0.0,1.0,0.0,0.0,0.0,9.0,4.0,0.0,0.0,0.0,0.0,0.0,0.0,0.0,0.0,2.0,12.0,1.0,12.17,5.0200000000000005,2.5,1.49,0.0,0.0,0.0,0.4,0.0,-0.2,-0.4,-0.7000000000000001,-169.70000000000002,0.0,0.0,169.60000000000002,0.0,21.0,29.200000000000003,29.200000000000003,29.700000000000003,300.0,300.0,31.6,35.7,29.1,28.3,30.200000000000003,4.95,1.99,4.97,0.16,0.0,0.0,1027.0,8228.0,0.0,0.0,0.0,0.0,0.0,1.0,0.0,0.0,0.0,0.0,0.0,-1.0,0.0,0.5,0.0,0.0,16.0,25903.0
2026-07-30T19:01:29.925Z,259.408,259.422,0.0,7.4,0.0,0.0,0.0,0.0,0.0,0.0,0.0,0.0,1.0,0.0,0.0,0.0,9.0,4.0,0.0,0.0,0.0,0.0,0.0,0.0,0.0,0.0,2.0,12.0,1.0,12.17,5.0200000000000005,2.5,1.49,0.0,0.0,0.0,0.4,0.0,-0.2,0.1,0.9,-169.70000000000002,0.0,0.0,169.70000000000002,0.0,21.0,29.200000000000003,29.200000000000003,29.700000000000003,300.0,300.0,31.6,35.7,29.1,28.3,30.200000000000003,4.95,2.0,4.97,0.16,0.0,0.0,1027.0,8228.0,0.0,0.0,0.0,0.0,0.0,1.0,0.0,0.0,0.0,0.0,0.0,0.9,0.0,-0.8,0.0,0.0,16.0,25903.0
2026-07-30T19:01:29.937Z,259.42,259.434,0.0,7.4,0.0,0.0,0.0,0.0,0.0,0.0,0.0,0.0,1.0,0.0,0.0,0.0,9.0,4.0,0.0,0.0,0.0,0.0,0.0,0.0,0.0,0.0,1.0,12.0,1.0,12.17,5.0200000000000005,2.5,1.49,0.0,0.1,0.0,0.4,0.0,0.3,0.1,-1.9,-169.70000000000002,0.0,0.0,169.60000000000002,0.0,21.0,29.200000000000003,29.200000000000003,29.700000000000003,300.0,300.0,31.6,35.7,29.1,28.3,30.200000000000003,4.96,2.0,4.96,0.16,0.0,0.0,1027.0,8228.0,0.0,0.0,0.0,0.0,0.0,1.0,0.0,0.0,0.0,0.0,0.0,-1.2000000000000002,0.0,1.7000000000000002,0.0,0.0002,16.0,25903.0
2026-07-30T19:01:29.949Z,259.432,259.446,0.0,7.4,0.0,0.0,0.0,0.0,0.0,0.0,0.0,0.0,1.0,0.0,0.0,0.0,9.0,4.0,0.0,0.0,0.0,0.0,0.0,0.0,0.0,0.0,2.0,12.0,1.0,12.17,5.0200000000000005,2.5,1.49,0.0,0.0,0.0,0.4,0.0,1.4,1.3,3.3000000000000003,-169.70000000000002,0.0,0.0,169.60000000000002,0.0,21.0,29.200000000000003,29.200000000000003,29.700000000000003,300.0,300.0,31.6,35.7,29.1,28.3,30.200000000000003,4.95,1.99,4.97,0.16,0.0,0.0,1027.0,8228.0,0.0,0.0,0.0,0.0,0.0,1.0,0.0,0.0,0.0,0.0,0.0,4.0,0.0,-2.6,0.0,0.0001,16.0,25903.0
2026-07-30T19:01:29.960Z,259.443,259.458,0.0,7.4,0.0,0.0,0.0,0.0,0.0,0.0,0.0,0.0,1.0,0.0,0.0,0.0,9.0,4.0,0.0,0.0,0.0,0.0,0.0,0.0,0.0,0.0,4.0,12.0,1.0,12.17,5.0200000000000005,2.5,1.49,0.0,0.1,0.0,0.4,0.0,-0.8,0.1,-0.7000000000000001,-169.70000000000002,0.0,0.0,169.60000000000002,0.0,21.0,29.200000000000003,29.200000000000003,29.700000000000003,300.0,300.0,31.6,35.7,29.1,28.3,30.200000000000003,4.95,1.99,4.96,0.16,0.0,0.0,1027.0,8228.0,0.0,0.0,0.0,0.0,0.0,1.0,0.0,0.0,0.0,0.0,0.0,-0.3,0.0,0.6000000000000001,0.0,0.0,16.0,25903.0
2026-07-30T19:01:29.972Z,259.455,259.47,0.0,7.4,0.0,0.0,0.0,0.0,0.0,0.0,0.0,0.0,1.0,0.0,0.0,0.0,9.0,4.0,0.0,0.0,0.0,0.0,0.0,0.0,0.0,0.0,5.0,12.0,1.0,12.17,5.0200000000000005,2.5,1.49,0.0,0.0,0.0,0.4,0.0,-0.2,-0.4,-0.6000000000000001,-169.70000000000002,0.0,0.0,169.60000000000002,0.0,21.0,29.200000000000003,29.200000000000003,29.700000000000003,300.0,300.0,31.6,35.7,29.1,28.3,30.200000000000003,4.96,2.0,4.96,0.16,0.0,0.0,1027.0,8228.0,0.0,0.0,0.0,0.0,0.0,1.0,0.0,0.0,0.0,0.0,0.0,-1.0,0.0,0.5,0.0,0.0,16.0,25903.0
2026-07-30T19:01:29.984Z,259.467,259.482,0.0,7.4,0.0,0.0,0.0,0.0,0.0,0.0,0.0,0.0,1.0,0.0,0.0,0.0,9.0,4.0,0.0,0.0,0.0,0.0,0.0,0.0,0.0,0.0,6.0,12.0,1.0,12.18,5.0200000000000005,2.51,1.49,0.0,0.1,0.0,0.4,0.0,0.9,-0.4,1.6,-169.70000000000002,0.0,0.0,169.60000000000002,0.0,21.8,29.200000000000003,29.200000000000003,29.700000000000003,300.0,300.0,31.6,35.6,29.1,28.3,30.200000000000003,4.95,2.0,4.97,0.16,0.0,0.0,1027.0,8228.0,0.0,0.0,0.0,0.0,0.0,1.0,0.0,0.0,0.0,0.0,0.0,0.7000000000000001,0.0,-1.5,0.0,0.0,16.0,25903.0
2026-07-30T19:01:29.997Z,259.48,259.494,0.0,7.4,0.0,0.0,0.0,0.0,0.0,0.0,0.0,0.0,1.0,0.0,0.0,0.0,9.0,4.0,0.0,0.0,0.0,0.0,0.0,0.0,0.0,0.0,1.0,12.0,1.0,12.18,5.0200000000000005,2.51,1.49,0.0,0.1,0.0,0.4,0.0,-0.8,0.1,0.0,-169.60000000000002,0.0,0.0,169.60000000000002,0.0,21.8,29.200000000000003,29.200000000000003,29.700000000000003,300.0,300.0,31.6,35.6,29.1,28.3,30.200000000000003,4.95,1.99,4.97,0.16,0.0,0.0,1027.0,8228.0,0.0,0.0,0.0,0.0,0.0,1.0,0.0,0.0,0.0,0.0,0.0,0.1,0.0,0.0,0.0,0.0,16.0,25903.0
2026-07-30T19:01:30.009Z,259.492,259.50600000000003,0.0,7.4,0.0,0.0,0.0,0.0,0.0,0.0,0.0,0.0,1.0,0.0,0.0,0.0,9.0,4.0,0.0,0.0,0.0,0.0,0.0,0.0,0.0,0.0,2.0,12.0,1.0,12.18,5.0200000000000005,2.51,1.49,0.0,0.0,0.0,0.4,0.0,0.3,0.1,0.5,-169.60000000000002,0.0,0.0,169.60000000000002,0.0,21.8,29.200000000000003,29.200000000000003,29.700000000000003,300.0,300.0,31.6,35.6,29.1,28.3,30.200000000000003,4.95,2.0,4.96,0.16,0.0,0.0,1027.0,8228.0,0.0,0.0,0.0,0.0,0.0,1.0,0.0,0.0,0.0,0.0,0.0,0.5,0.0,-0.4,0.0,0.0,16.0,25903.0
2026-07-30T19:01:30.020Z,259.503,259.51800000000003,0.0,7.4,0.0,0.0,0.0,0.0,0.0,0.0,0.0,0.0,1.0,0.0,0.0,0.0,9.0,4.0,0.0,0.0,0.0,0.0,0.0,0.0,0.0,0.0,4.0,12.0,1.0,12.18,5.0200000000000005,2.51,1.49,0.0,0.0,0.0,0.5,0.0,0.3,1.3,0.5,-169.60000000000002,0.0,0.0,169.60000000000002,0.0,21.8,29.200000000000003,29.200000000000003,29.700000000000003,300.0,300.0,31.6,35.6,29.1,28.3,30.200000000000003,4.96,1.99,4.96,0.16,0.0,0.0,1027.0,8228.0,0.0,0.0,0.0,0.0,0.0,1.0,0.0,0.0,0.0,0.0,0.0,1.8,0.0,-0.1,0.0,0.0001,16.0,25903.0
2026-07-30T19:01:30.033Z,259.516,259.53000000000003,0.0,7.4,0.0,0.0,0.0,0.0,0.0,0.0,0.0,0.0,1.0,0.0,0.0,0.0,9.0,4.0,0.0,0.0,0.0,0.0,0.0,0.0,0.0,0.0,5.0,12.0,1.0,12.18,5.0200000000000005,2.51,1.49,0.0,0.0,0.0,0.4,0.0,-0.7000000000000001,-0.4,0.0,-169.60000000000002,0.0,0.0,169.60000000000002,0.0,21.8,29.200000000000003,29.200000000000003,29.700000000000003,300.0,300.0,31.6,35.6,29.1,28.3,30.200000000000003,4.95,1.99,4.97,0.16,0.0,0.0,1027.0,8228.0,0.0,0.0,0.0,0.0,0.0,1.0,0.0,0.0,0.0,0.0,0.0,-0.5,0.0,0.0,0.0,0.0,16.0,25903.0
2026-07-30T19:01:30.045Z,259.528,259.54200000000003,0.0,7.4,0.0,0.0,0.0,0.0,0.0,0.0,0.0,0.0,1.0,0.0,0.0,0.0,9.0,4.0,0.0,0.0,0.0,0.0,0.0,0.0,0.0,0.0,6.0,12.0,1.0,12.18,5.0200000000000005,2.51,1.49,0.0,0.0,0.0,0.4,0.0,0.3,-0.4,0.0,-169.60000000000002,0.0,0.0,169.60000000000002,0.0,21.8,29.200000000000003,29.200000000000003,29.700000000000003,300.0,300.0,31.6,35.6,29.1,28.3,30.200000000000003,4.95,1.99,4.96,0.16,0.0,0.0,1027.0,8228.0,0.0,0.0,0.0,0.0,0.0,1.0,0.0,0.0,0.0,0.0,0.0,-0.5,0.0,0.0,0.0,0.0,16.0,25903.0
2026-07-30T19:01:30.057Z,259.54,259.55400000000003,0.0,7.4,0.0,0.0,0.0,0.0,0.0,0.0,0.0,0.0,1.0,0.0,0.0,0.0,9.0,4.0,0.0,0.0,0.0,0.0,0.0,0.0,0.0,0.0,2.0,12.0,1.0,12.18,5.0200000000000005,2.51,1.49,0.0,0.1,0.0,0.4,0.0,0.3,0.0,1.7000000000000002,-169.60000000000002,0.0,0.0,169.70000000000002,0.0,21.8,29.200000000000003,29.200000000000003,29.700000000000003,300.0,300.0,31.6,35.6,29.1,28.3,30.200000000000003,4.95,2.0,4.96,0.16,0.0,0.0,1027.0,8228.0,0.0,0.0,0.0,0.0,0.0,1.0,0.0,0.0,0.0,0.0,0.0,1.3,0.0,-1.4,0.0,0.0,16.0,25903.0
2026-07-30T19:01:30.068Z,259.551,259.56600000000003,0.0,7.4,0.0,0.0,0.0,0.0,0.0,0.0,0.0,0.0,1.0,0.0,0.0,0.0,9.0,4.0,0.0,0.0,0.0,0.0,0.0,0.0,0.0,0.0,4.0,12.0,1.0,12.18,5.0200000000000005,2.51,1.49,0.0,0.0,0.0,0.4,0.0,0.3,1.2000000000000002,0.0,-169.60000000000002,0.0,0.0,169.70000000000002,0.0,21.8,29.200000000000003,29.200000000000003,29.700000000000003,300.0,300.0,31.6,35.6,29.1,28.3,30.200000000000003,4.96,1.99,4.96,0.16,0.0,0.0,1027.0,8228.0,0.0,0.0,0.0,0.0,0.0,1.0,0.0,0.0,0.0,0.0,0.0,1.4,0.0,0.3,0.0,0.0001,16.0,25903.0
2026-07-30T19:01:30.082Z,259.565,259.57800000000003,0.0,7.4,0.0,0.0,0.0,0.0,0.0,0.0,0.0,0.0,1.0,0.0,0.0,0.0,9.0,4.0,0.0,0.0,0.0,0.0,0.0,0.0,0.0,0.0,5.0,12.0,1.0,12.19,5.0200000000000005,2.51,1.49,0.0,0.0,0.0,0.4,0.0,-0.2,0.0,0.0,-169.60000000000002,0.0,0.0,169.60000000000002,0.0,21.3,29.200000000000003,29.200000000000003,29.700000000000003,300.0,300.0,31.6,35.6,29.1,28.3,30.200000000000003,4.95,1.99,4.97,0.16,0.0,0.0,1027.0,8228.0,0.0,0.0,0.0,0.0,0.0,1.0,0.0,0.0,0.0,0.0,0.0,0.0,0.0,0.0,0.0,0.0,16.0,25903.0
2026-07-30T19:01:30.092Z,259.575,259.59000000000003,0.0,7.4,0.0,0.0,0.0,0.0,0.0,0.0,0.0,0.0,1.0,0.0,0.0,0.0,9.0,4.0,0.0,0.0,0.0,0.0,0.0,0.0,0.0,0.0,1.0,12.0,1.0,12.19,5.0200000000000005,2.51,1.49,0.0,0.1,0.0,0.4,0.0,-0.1,-0.5,-0.6000000000000001,-169.60000000000002,0.0,0.0,169.70000000000002,0.0,21.3,29.200000000000003,29.200000000000003,29.700000000000003,300.0,300.0,31.6,35.6,29.1,28.3,30.200000000000003,4.96,1.99,4.96,0.16,0.0,0.0,1027.0,8228.0,0.0,0.0,0.0,0.0,0.0,1.0,0.0,0.0,0.0,0.0,0.0,-1.0,0.0,0.4,0.0,0.0,16.0,25903.0
2026-07-30T19:01:30.105Z,259.588,259.60200000000003,0.0,7.4,0.0,0.0,0.0,0.0,0.0,0.0,0.0,0.0,1.0,0.0,0.0,0.0,9.0,4.0,0.0,0.0,0.0,0.0,0.0,0.0,0.0,0.0,2.0,12.0,1.0,12.19,5.0200000000000005,2.51,1.49,0.0,0.0,0.0,0.4,0.0,-0.2,1.1,0.4,-169.60000000000002,0.0,0.0,169.70000000000002,0.0,21.3,29.200000000000003,29.200000000000003,29.700000000000003,300.0,300.0,31.6,35.6,29.1,28.3,30.200000000000003,4.96,1.99,4.97,0.16,0.0,0.0,1027.0,8228.0,0.0,0.0,0.0,0.0,0.0,1.0,0.0,0.0,0.0,0.0,0.0,1.7000000000000002,0.0,-0.1,0.0,0.0001,16.0,25903.0
2026-07-30T19:01:30.116Z,259.599,259.61400000000003,0.0,7.4,0.0,0.0,0.0,0.0,0.0,0.0,0.0,0.0,1.0,0.0,0.0,0.0,9.0,4.0,0.0,0.0,0.0,0.0,0.0,0.0,0.0,0.0,4.0,12.0,1.0,12.19,5.0200000000000005,2.51,1.49,0.0,0.0,0.0,0.4,0.0,0.3,-0.5,1.0,-169.60000000000002,0.0,0.0,169.70000000000002,0.0,21.3,29.200000000000003,29.200000000000003,29.700000000000003,300.0,300.0,31.6,35.6,29.1,28.3,30.200000000000003,4.95,1.99,4.97,0.16,0.0,0.0,1027.0,8228.0,0.0,0.0,0.0,0.0,0.0,1.0,0.0,0.0,0.0,0.0,0.0,0.1,0.0,-1.0,0.0,0.0,16.0,25903.0
2026-07-30T19:01:30.129Z,259.612,259.62600000000003,0.0,7.4,0.0,0.0,0.0,0.0,0.0,0.0,0.0,0.0,1.0,0.0,0.0,0.0,9.0,4.0,0.0,0.0,0.0,0.0,0.0,0.0,0.0,0.0,5.0,12.0,1.0,12.19,5.0200000000000005,2.51,1.49,0.0,0.0,0.0,0.4,0.0,0.3,0.5,1.5,-169.60000000000002,0.0,0.0,169.70000000000002,0.0,21.3,29.200000000000003,29.200000000000003,29.700000000000003,300.0,300.0,31.6,35.6,29.1,28.3,30.200000000000003,4.95,1.99,4.96,0.16,0.0,0.0,1027.0,8228.0,0.0,0.0,0.0,0.0,0.0,1.0,0.0,0.0,0.0,0.0,0.0,-0.8,0.0,0.0,0.0,0.0,16.0,25903.0
2026-07-30T19:01:30.140Z,259.623,259.63800000000003,0.0,7.4,0.0,0.0,0.0,0.0,0.0,0.0,0.0,0.0,1.0,0.0,0.0,0.0,9.0,4.0,0.0,0.0,0.0,0.0,0.0,0.0,0.0,0.0,1.0,12.0,1.0,12.19,5.0200000000000005,2.51,1.49,0.0,0.0,0.0,0.4,0.0,0.3,-0.5,-0.7000000000000001,-169.60000000000002,0.0,0.0,169.70000000000002,0.0,21.3,29.200000000000003,29.200000000000003,29.700000000000003,300.0,300.0,31.6,35.6,29.1,28.3,30.200000000000003,4.95,2.0,4.96,0.16,0.0,0.0,1027.0,8228.0,0.0,0.0,0.0,0.0,0.0,1.0,0.0,0.0,0.0,0.0,0.0,-1.2000000000000002,0.0,0.5,0.0,0.0,16.0,25903.0
2026-07-30T19:01:30.153Z,259.636,259.65,0.0,7.4,0.0,0.0,0.0,0.0,0.0,0.0,0.0,0.0,1.0,0.0,0.0,0.0,9.0,4.0,0.0,0.0,0.0,0.0,0.0,0.0,0.0,0.0,2.0,12.0,1.0,12.19,5.0200000000000005,2.51,1.49,0.0,0.0,0.0,0.4,0.0,-0.3,0.5,-1.3,-169.60000000000002,0.0,0.0,169.70000000000002,0.0,21.3,29.200000000000003,29.200000000000003,29.700000000000003,300.0,300.0,31.6,35.6,29.1,28.3,30.200000000000003,4.95,1.99,4.97,0.16,0.0,0.0,1027.0,8228.0,0.0,0.0,0.0,0.0,0.0,1.0,0.0,0.0,0.0,0.0,0.0,-0.3,0.0,1.2000000000000002,0.0,0.0,16.0,25903.0
2026-07-30T19:01:30.164Z,259.647,259.662,0.0,7.4,0.0,0.0,0.0,0.0,0.0,0.0,0.0,0.0,1.0,0.0,0.0,0.0,9.0,4.0,0.0,0.0,0.0,0.0,0.0,0.0,0.0,0.0,4.0,12.0,1.0,12.19,5.0200000000000005,2.51,1.49,0.0,0.1,0.0,0.4,0.0,0.2,0.5,0.4,-169.60000000000002,0.0,0.0,169.70000000000002,0.0,21.3,29.200000000000003,29.200000000000003,29.700000000000003,300.0,300.0,31.6,35.6,29.1,28.3,30.200000000000003,4.95,1.99,4.97,0.16,0.0,0.0,1027.0,8228.0,0.0,0.0,0.0,0.0,0.0,1.0,0.0,0.0,0.0,0.0,0.0,0.9,0.0,-0.2,0.0,0.0,16.0,25903.0
2026-07-30T19:01:30.177Z,259.66,259.674,0.0,7.4,0.0,0.0,0.0,0.0,0.0,0.0,0.0,0.0,1.0,0.0,0.0,0.0,9.0,4.0,0.0,0.0,0.0,0.0,0.0,0.0,0.0,0.0,5.0,12.0,1.0,12.19,5.0200000000000005,2.51,1.49,0.0,0.0,0.0,0.4,0.0,0.2,0.0,-0.1,-169.60000000000002,0.0,0.0,169.70000000000002,0.0,21.3,29.200000000000003,29.200000000000003,29.700000000000003,300.0,300.0,31.6,35.6,29.1,28.3,30.200000000000003,4.96,1.99,4.96,0.16,0.0,0.0,1027.0,8228.0,0.0,0.0,0.0,0.0,0.0,1.0,0.0,0.0,0.0,0.0,0.0,-0.1,0.0,0.1,0.0,0.0001,16.0,25903.0
2026-07-30T19:01:30.188Z,259.671,259.686,0.0,7.4,0.0,0.0,0.0,0.0,0.0,0.0,0.0,0.0,1.0,0.0,0.0,0.0,9.0,4.0,0.0,0.0,0.0,0.0,0.0,0.0,0.0,0.0,1.0,12.0,1.0,12.15,5.01,2.51,1.49,0.0,0.0,0.0,0.5,0.0,-0.9,-1.1,1.0,-169.60000000000002,0.0,0.0,169.70000000000002,0.0,21.4,29.200000000000003,29.200000000000003,29.700000000000003,300.0,300.0,31.5,35.6,29.1,28.3,30.200000000000003,4.95,1.99,4.97,0.16,0.0,0.0,1027.0,8228.0,0.0,0.0,0.0,0.0,0.0,1.0,0.0,0.0,0.0,0.0,0.0,-0.5,0.0,0.2,0.0,0.0,16.0,25903.0
2026-07-30T19:01:30.201Z,259.684,259.698,0.0,7.4,0.0,0.0,0.0,0.0,0.0,0.0,0.0,0.0,1.0,0.0,0.0,0.0,9.0,4.0,0.0,0.0,0.0,0.0,0.0,0.0,0.0,0.0,2.0,12.0,1.0,12.15,5.01,2.51,1.49,0.0,0.0,0.0,0.4,0.0,0.7000000000000001,-0.5,-1.3,-169.60000000000002,0.0,0.0,169.8,0.0,21.4,29.200000000000003,29.200000000000003,29.700000000000003,300.0,300.0,31.5,35.6,29.1,28.3,30.200000000000003,4.95,2.0,4.96,0.16,0.0,0.0,1027.0,8228.0,0.0,0.0,0.0,0.0,0.0,1.0,0.0,0.0,0.0,0.0,0.0,0.9,0.0,-0.2,0.0,0.0,16.0,25903.0
2026-07-30T19:01:30.212Z,259.695,259.71,0.0,7.4,0.0,0.0,0.0,0.0,0.0,0.0,0.0,0.0,1.0,0.0,0.0,0.0,9.0,4.0,0.0,0.0,0.0,0.0,0.0,0.0,0.0,0.0,4.0,12.0,1.0,12.15,5.01,2.51,1.49,0.0,0.0,0.0,0.5,0.0,-0.3,-0.6000000000000001,0.4,-169.60000000000002,0.0,0.0,169.8,0.0,21.4,29.200000000000003,29.200000000000003,29.700000000000003,300.0,300.0,31.5,35.6,29.1,28.3,30.200000000000003,4.95,1.99,4.96,0.16,0.0,0.0,1027.0,8228.0,0.0,0.0,0.0,0.0,0.0,1.0,0.0,0.0,0.0,0.0,0.0,-0.1,0.0,0.1,0.0,0.0001,16.0,25903.0
2026-07-30T19:01:30.225Z,259.708,259.722,0.0,7.4,0.0,0.0,0.0,0.0,0.0,0.0,0.0,0.0,1.0,0.0,0.0,0.0,9.0,4.0,0.0,0.0,0.0,0.0,0.0,0.0,0.0,0.0,5.0,12.0,1.0,12.15,5.01,2.51,1.49,0.0,0.1,0.0,0.4,0.0,-0.3,-0.5,-0.7000000000000001,-169.60000000000002,0.0,0.0,169.70000000000002,0.0,21.4,29.200000000000003,29.200000000000003,29.700000000000003,300.0,300.0,31.5,35.6,29.1,28.3,30.200000000000003,4.96,1.99,4.96,0.16,0.0,0.0,1027.0,8228.0,0.0,0.0,0.0,0.0,0.0,1.0,0.0,0.0,0.0,0.0,0.0,-1.2000000000000002,0.0,0.5,0.0,0.0002,16.0,25903.0
2026-07-30T19:01:30.241Z,259.724,259.734,0.0,7.4,0.0,0.0,0.0,0.0,0.0,0.0,0.0,0.0,1.0,0.0,0.0,0.0,9.0,4.0,0.0,0.0,0.0,0.0,0.0,0.0,0.0,0.0,6.0,12.0,1.0,12.15,5.01,2.51,1.49,0.0,0.0,0.0,0.4,0.0,-0.3,0.0,-0.1,-169.60000000000002,0.0,0.0,169.8,0.0,21.4,29.200000000000003,29.200000000000003,29.700000000000003,300.0,300.0,31.5,35.6,29.1,28.3,30.200000000000003,4.95,1.99,4.97,0.16,0.0,0.0,1027.0,8228.0,0.0,0.0,0.0,0.0,0.0,1.0,0.0,0.0,0.0,0.0,0.0,0.0,0.0,0.1,0.0,0.0002,16.0,25903.0
2026-07-30T19:01:30.249Z,259.732,259.746,0.0,7.4,0.0,0.0,0.0,0.0,0.0,0.0,0.0,0.0,1.0,0.0,0.0,0.0,9.0,4.0,0.0,0.0,0.0,0.0,0.0,0.0,0.0,0.0,5.0,12.0,1.0,12.15,5.01,2.51,1.49,0.0,0.0,0.0,0.4,0.0,0.2,0.0,-0.1,-169.60000000000002,0.0,0.0,169.70000000000002,0.0,21.4,29.200000000000003,29.200000000000003,29.700000000000003,300.0,300.0,31.5,35.6,29.1,28.3,30.200000000000003,4.96,2.0,4.96,0.16,0.0,0.0,1027.0,8228.0,0.0,0.0,0.0,0.0,0.0,1.0,0.0,0.0,0.0,0.0,0.0,-0.1,0.0,0.1,0.0,0.0001,16.0,25903.0
2026-07-30T19:01:30.261Z,259.744,259.758,0.0,7.4,0.0,0.0,0.0,0.0,0.0,0.0,0.0,0.0,1.0,0.0,0.0,0.0,9.0,4.0,0.0,0.0,0.0,0.0,0.0,0.0,0.0,0.0,1.0,12.0,1.0,12.15,5.01,2.51,1.49,0.0,0.0,0.0,0.4,0.0,-0.3,-0.5,-1.2000000000000002,-169.60000000000002,0.0,0.0,169.70000000000002,0.0,21.4,29.200000000000003,29.200000000000003,29.700000000000003,300.0,300.0,31.5,35.6,29.1,28.3,30.200000000000003,4.96,1.99,4.96,0.17,0.0,0.0,1027.0,8228.0,0.0,0.0,0.0,0.0,0.0,1.0,0.0,0.0,0.0,0.0,0.0,-1.6,0.0,1.0,0.0,0.0,16.0,25903.0
2026-07-30T19:01:30.273Z,259.756,259.77,0.0,7.4,0.0,0.0,0.0,0.0,0.0,0.0,0.0,0.0,1.0,0.0,0.0,0.0,9.0,4.0,0.0,0.0,0.0,0.0,0.0,0.0,0.0,0.0,2.0,12.0,1.0,12.15,5.01,2.51,1.49,0.0,0.1,0.0,0.4,0.0,-0.2,-1.1,-1.2000000000000002,-169.60000000000002,0.0,0.0,169.8,0.0,21.4,29.200000000000003,29.200000000000003,29.700000000000003,300.0,300.0,31.5,35.6,29.1,28.3,30.200000000000003,4.95,2.0,4.96,0.16,0.0,0.0,1027.0,8228.0,0.0,0.0,0.0,0.0,0.0,1.0,0.0,0.0,0.0,0.0,0.0,-2.2,0.0,0.8,0.0,0.0,16.0,25903.0
2026-07-30T19:01:30.286Z,259.769,259.782,0.0,7.4,0.0,0.0,0.0,0.0,0.0,0.0,0.0,0.0,1.0,0.0,0.0,0.0,9.0,4.0,0.0,0.0,0.0,0.0,0.0,0.0,0.0,0.0,2.0,12.0,1.0,12.18,5.01,2.51,1.49,0.0,0.0,0.0,0.4,0.0,0.3,-1.0,0.0,-169.70000000000002,0.0,0.0,169.8,0.0,21.9,29.200000000000003,29.200000000000003,29.700000000000003,300.0,300.0,31.5,35.7,29.1,28.3,30.200000000000003,4.96,2.0,4.96,0.16,0.0,0.0,1027.0,8228.0,0.0,0.0,0.0,0.0,0.0,1.0,0.0,0.0,0.0,0.0,0.0,-1.2000000000000002,0.0,-0.1,0.0,0.0002,16.0,25903.0
2026-07-30T19:01:30.296Z,259.779,259.794,0.0,7.4,0.0,0.0,0.0,0.0,0.0,0.0,0.0,0.0,1.0,0.0,0.0,0.0,9.0,4.0,0.0,0.0,0.0,0.0,0.0,0.0,0.0,0.0,3.0,12.0,1.0,12.18,5.01,2.51,1.49,0.0,0.0,0.0,0.4,0.0,-0.2,1.2000000000000002,-0.1,-169.70000000000002,0.0,0.0,169.70000000000002,0.0,21.9,29.200000000000003,29.200000000000003,29.700000000000003,300.0,300.0,31.5,35.7,29.1,28.3,30.200000000000003,4.95,1.99,4.97,0.16,0.0,0.0,1027.0,8228.0,0.0,0.0,0.0,0.0,0.0,1.0,0.0,0.0,0.0,0.0,0.0,1.2000000000000002,0.0,0.4,0.0,0.0,16.0,25903.0
2026-07-30T19:01:30.308Z,259.791,259.806,0.0,7.4,0.0,0.0,0.0,0.0,0.0,0.0,0.0,0.0,1.0,0.0,0.0,0.0,9.0,4.0,0.0,0.0,0.0,0.0,0.0,0.0,0.0,0.0,4.0,12.0,1.0,12.18,5.01,2.51,1.49,0.0,0.1,0.0,0.4,0.0,0.8,0.0,-0.1,-169.70000000000002,0.0,0.0,169.8,0.0,21.9,29.200000000000003,29.200000000000003,29.700000000000003,300.0,300.0,31.5,35.7,29.1,28.3,30.200000000000003,4.95,1.99,4.97,0.16,0.0,0.0,1027.0,8228.0,0.0,0.0,0.0,0.0,0.0,1.0,0.0,0.0,0.0,0.0,0.0,0.0,0.0,0.1,0.0,0.0001,16.0,25903.0
2026-07-30T19:01:30.320Z,259.803,259.818,0.0,7.4,0.0,0.0,0.0,0.0,0.0,0.0,0.0,0.0,1.0,0.0,0.0,0.0,9.0,4.0,0.0,0.0,0.0,0.0,0.0,0.0,0.0,0.0,5.0,12.0,1.0,12.18,5.01,2.51,1.49,0.0,0.0,0.0,0.4,0.0,-0.2,-1.1,0.4,-169.70000000000002,0.0,0.0,169.70000000000002,0.0,21.9,29.200000000000003,29.200000000000003,29.700000000000003,300.0,300.0,31.5,35.7,29.1,28.3,30.200000000000003,4.95,1.99,4.97,0.16,0.0,0.0,1027.0,8228.0,0.0,0.0,0.0,0.0,0.0,1.0,0.0,0.0,0.0,0.0,0.0,-0.9,0.0,-0.6000000000000001,0.0,0.0001,16.0,25903.0
2026-07-30T19:01:30.332Z,259.815,259.83,0.0,7.4,0.0,0.0,0.0,0.0,0.0,0.0,0.0,0.0,1.0,0.0,0.0,0.0,9.0,4.0,0.0,0.0,0.0,0.0,0.0,0.0,0.0,0.0,6.0,12.0,1.0,12.18,5.01,2.51,1.49,0.0,0.0,0.0,0.4,0.0,0.3,-1.1,-0.7000000000000001,-169.70000000000002,0.0,0.0,169.60000000000002,0.0,21.9,29.200000000000003,29.200000000000003,29.700000000000003,300.0,300.0,31.5,35.7,29.1,28.3,30.200000000000003,4.96,1.99,4.96,0.18,0.0,0.0,1027.0,8228.0,0.0,0.0,0.0,0.0,0.0,1.0,0.0,0.0,0.0,0.0,0.0,-1.8,0.0,0.4,0.0,0.0002,16.0,25903.0
2026-07-30T19:01:30.346Z,259.829,259.842,0.0,7.4,0.0,0.0,0.0,0.0,0.0,0.0,0.0,0.0,1.0,0.0,0.0,0.0,9.0,4.0,0.0,0.0,0.0,0.0,0.0,0.0,0.0,0.0,1.0,12.0,1.0,12.18,5.01,2.51,1.49,0.0,0.1,0.0,0.4,0.0,0.8,1.8,0.4,-169.70000000000002,0.0,0.0,169.60000000000002,0.0,21.9,29.200000000000003,29.200000000000003,29.700000000000003,300.0,300.0,31.5,35.7,29.1,28.3,30.200000000000003,4.95,1.99,4.97,0.18,0.0,0.0,1027.0,8228.0,0.0,0.0,0.0,0.0,0.0,1.0,0.0,0.0,0.0,0.0,0.0,2.4000000000000004,0.0,0.0,0.0,0.0001,16.0,25903.0
2026-07-30T19:01:30.357Z,259.84,259.854,0.0,7.4,0.0,0.0,0.0,0.0,0.0,0.0,0.0,0.0,1.0,0.0,0.0,0.0,9.0,4.0,0.0,0.0,0.0,0.0,0.0,0.0,0.0,0.0,1.0,12.0,1.0,12.18,5.01,2.51,1.49,0.0,0.1,0.0,0.4,0.0,-0.8,0.6000000000000001,-0.1,-169.70000000000002,0.0,0.0,169.70000000000002,0.0,21.9,29.200000000000003,29.200000000000003,29.700000000000003,300.0,300.0,31.5,35.7,29.1,28.3,30.200000000000003,4.95,1.99,4.97,0.16,0.0,0.0,1027.0,8228.0,0.0,0.0,0.0,0.0,0.0,1.0,0.0,0.0,0.0,0.0,0.0,0.5,0.0,0.2,0.0,0.0001,16.0,25903.0
2026-07-30T19:01:30.368Z,259.851,259.866,0.0,7.4,0.0,0.0,0.0,0.0,0.0,0.0,0.0,0.0,1.0,0.0,0.0,0.0,9.0,4.0,0.0,0.0,0.0,0.0,0.0,0.0,0.0,0.0,3.0,12.0,1.0,12.18,5.01,2.51,1.49,0.0,0.0,0.0,0.4,0.0,-0.2,-0.5,-0.7000000000000001,-169.70000000000002,0.0,0.0,169.70000000000002,0.0,21.9,29.200000000000003,29.200000000000003,29.700000000000003,300.0,300.0,31.5,35.7,29.1,28.3,30.200000000000003,4.96,2.0,4.97,0.16,0.0,0.0,1027.0,8228.0,0.0,0.0,0.0,0.0,0.0,1.0,0.0,0.0,0.0,0.0,0.0,-1.1,0.0,0.5,0.0,0.0,16.0,25903.0
2026-07-30T19:01:30.381Z,259.864,259.878,0.0,7.4,0.0,0.0,0.0,0.0,0.0,0.0,0.0,0.0,1.0,0.0,0.0,0.0,9.0,4.0,0.0,0.0,0.0,0.0,0.0,0.0,0.0,0.0,4.0,12.0,1.0,12.18,5.01,2.51,1.49,0.0,0.1,0.0,0.4,0.0,-0.2,-1.6,-0.1,-169.70000000000002,0.0,0.0,169.8,0.0,21.9,29.200000000000003,29.200000000000003,29.700000000000003,300.0,300.0,31.5,35.7,29.1,28.3,30.200000000000003,4.95,2.0,4.97,0.16,0.0,0.0,1027.0,8228.0,0.0,0.0,0.0,0.0,0.0,1.0,0.0,0.0,0.0,0.0,0.0,-1.9,0.0,-0.2,0.0,0.0,16.0,25903.0
2026-07-30T19:01:30.392Z,259.875,259.89,0.0,7.4,0.0,0.0,0.0,0.0,0.0,0.0,0.0,0.0,1.0,0.0,0.0,0.0,9.0,4.0,0.0,0.0,0.0,0.0,0.0,0.0,0.0,0.0,6.0,12.0,1.0,12.17,5.0200000000000005,2.51,1.49,0.0,0.0,0.0,0.4,0.0,-0.1,0.6000000000000001,-0.7000000000000001,-169.70000000000002,0.0,0.0,169.8,0.0,21.4,29.200000000000003,29.200000000000003,29.700000000000003,300.0,300.0,31.3,35.6,29.1,28.3,30.200000000000003,4.96,1.99,4.97,0.16,0.0,0.0,1027.0,8228.0,0.0,0.0,0.0,0.0,0.0,1.0,0.0,0.0,0.0,0.0,0.0,0.2,0.0,0.7000000000000001,0.0,0.0001,16.0,25903.0
2026-07-30T19:01:30.405Z,259.888,259.902,0.0,7.4,0.0,0.0,0.0,0.0,0.0,0.0,0.0,0.0,1.0,0.0,0.0,0.0,9.0,4.0,0.0,0.0,0.0,0.0,0.0,0.0,0.0,0.0,1.0,12.0,1.0,12.17,5.0200000000000005,2.51,1.49,0.0,0.0,0.0,0.5,0.0,-0.1,1.2000000000000002,-0.7000000000000001,-169.70000000000002,0.0,0.0,169.70000000000002,0.0,21.4,29.200000000000003,29.200000000000003,29.700000000000003,300.0,300.0,31.3,35.6,29.1,28.3,30.200000000000003,4.96,2.0,4.96,0.16,0.0,0.0,1027.0,8228.0,0.0,0.0,0.0,0.0,0.0,1.0,0.0,0.0,0.0,0.0,0.0,0.9,0.0,0.8,0.0,0.0001,16.0,25903.0
2026-07-30T19:01:30.417Z,259.9,259.914,0.0,7.4,0.0,0.0,0.0,0.0,0.0,0.0,0.0,0.0,1.0,0.0,0.0,0.0,9.0,4.0,0.0,0.0,0.0,0.0,0.0,0.0,0.0,0.0,3.0,12.0,1.0,12.17,5.0200000000000005,2.51,1.49,0.0,0.0,0.0,0.4,0.0,0.4,-0.4,1.0,-169.70000000000002,0.0,0.0,169.8,0.0,21.4,29.200000000000003,29.200000000000003,29.700000000000003,300.0,300.0,31.3,35.6,29.1,28.3,30.200000000000003,4.96,1.99,4.96,0.16,0.0,0.0,1027.0,8228.0,0.0,0.0,0.0,0.0,0.0,1.0,0.0,0.0,0.0,0.0,0.0,0.2,0.0,-1.0,0.0,0.0001,16.0,25903.0
2026-07-30T19:01:30.429Z,259.912,259.926,0.0,7.4,0.0,0.0,0.0,0.0,0.0,0.0,0.0,0.0,1.0,0.0,0.0,0.0,9.0,4.0,0.0,0.0,0.0,0.0,0.0,0.0,0.0,0.0,4.0,12.0,1.0,12.17,5.0200000000000005,2.51,1.49,0.0,0.0,0.0,0.5,0.0,-0.1,0.7000000000000001,1.6,-169.70000000000002,0.0,0.0,169.70000000000002,0.0,21.4,29.200000000000003,29.200000000000003,29.700000000000003,300.0,300.0,31.3,35.6,29.1,28.3,30.200000000000003,4.95,1.99,4.97,0.16,0.0,0.0,1027.0,8228.0,0.0,0.0,0.0,0.0,0.0,1.0,0.0,0.0,0.0,0.0,0.0,2.0,0.0,-1.3,0.0,0.0,16.0,25903.0
2026-07-30T19:01:30.440Z,259.923,259.938,0.0,7.4,0.0,0.0,0.0,0.0,0.0,0.0,0.0,0.0,1.0,0.0,0.0,0.0,9.0,4.0,0.0,0.0,0.0,0.0,0.0,0.0,0.0,0.0,6.0,12.0,1.0,12.17,5.0200000000000005,2.51,1.49,0.0,0.0,0.0,0.4,0.0,0.4,0.7000000000000001,0.5,-169.70000000000002,0.0,0.0,169.8,0.0,21.4,29.200000000000003,29.200000000000003,29.700000000000003,300.0,300.0,31.3,35.6,29.1,28.3,30.200000000000003,4.96,1.99,4.96,0.16,0.0,0.0,1027.0,8228.0,0.0,0.0,0.0,0.0,0.0,1.0,0.0,0.0,0.0,0.0,0.0,1.2000000000000002,0.0,-0.3,0.0,0.0001,16.0,25903.0
2026-07-30T19:01:30.453Z,259.936,259.95,0.0,7.4,0.0,0.0,0.0,0.0,0.0,0.0,0.0,0.0,1.0,0.0,0.0,0.0,9.0,4.0,0.0,0.0,0.0,0.0,0.0,0.0,0.0,0.0,1.0,12.0,1.0,12.17,5.0200000000000005,2.51,1.49,0.0,0.0,0.0,0.5,0.0,1.0,1.2000000000000002,0.5,-169.70000000000002,0.0,0.0,169.70000000000002,0.0,21.4,29.200000000000003,29.200000000000003,29.700000000000003,300.0,300.0,31.3,35.6,29.1,28.3,30.200000000000003,4.96,1.99,4.96,0.16,0.0,0.0,1027.0,8228.0,0.0,0.0,0.0,0.0,0.0,1.0,0.0,0.0,0.0,0.0,0.0,1.8,0.0,-0.2,0.0,0.0001,16.0,25903.0
2026-07-30T19:01:30.464Z,259.947,259.962,0.0,7.4,0.0,0.0,0.0,0.0,0.0,0.0,0.0,0.0,1.0,0.0,0.0,0.0,9.0,4.0,0.0,0.0,0.0,0.0,0.0,0.0,0.0,0.0,3.0,12.0,1.0,12.17,5.0200000000000005,2.51,1.49,0.0,0.0,0.0,0.4,0.0,0.3,0.1,-0.6000000000000001,-169.70000000000002,0.0,0.0,169.70000000000002,0.0,21.4,29.200000000000003,29.200000000000003,29.700000000000003,300.0,300.0,31.3,35.6,29.1,28.3,30.200000000000003,4.95,1.99,4.96,0.16,0.0,0.0,1027.0,8228.0,0.0,0.0,0.0,0.0,0.0,1.0,0.0,0.0,0.0,0.0,0.0,-0.3,0.0,0.5,0.0,0.0001,16.0,25903.0
2026-07-30T19:01:30.477Z,259.96,259.974,0.0,7.4,0.0,0.0,0.0,0.0,0.0,0.0,0.0,0.0,1.0,0.0,0.0,0.0,9.0,4.0,0.0,0.0,0.0,0.0,0.0,0.0,0.0,0.0,4.0,12.0,1.0,12.17,5.0200000000000005,2.51,1.49,0.0,0.0,0.0,0.4,0.0,-0.1,0.7000000000000001,0.5,-169.70000000000002,0.0,0.0,169.8,0.0,21.4,29.200000000000003,29.200000000000003,29.700000000000003,300.0,300.0,31.3,35.6,29.1,28.3,30.200000000000003,4.95,1.99,4.97,0.16,0.0,0.0,1027.0,8228.0,0.0,0.0,0.0,0.0,0.0,1.0,0.0,0.0,0.0,0.0,0.0,1.1,0.0,-0.3,0.0,0.0002,16.0,25903.0
2026-07-30T19:01:30.489Z,259.972,259.986,0.0,7.4,0.0,0.0,0.0,0.0,0.0,0.0,0.0,0.0,1.0,0.0,0.0,0.0,9.0,4.0,0.0,0.0,0.0,0.0,0.0,0.0,0.0,0.0,6.0,12.0,1.0,12.14,5.01,2.51,1.49,0.0,0.0,0.0,0.4,0.0,-0.1,0.0,0.0,-169.70000000000002,0.0,0.0,169.8,0.0,21.9,29.200000000000003,29.200000000000003,29.700000000000003,300.0,300.0,31.5,35.6,29.1,28.3,30.200000000000003,4.96,2.0,4.96,0.16,0.0,0.0,1027.0,8228.0,0.0,0.0,0.0,0.0,0.0,1.0,0.0,0.0,0.0,0.0,0.0,0.0,0.0,0.0,0.0,0.0001,16.0,25903.0
2026-07-30T19:01:30.501Z,259.984,259.998,0.0,7.4,0.0,0.0,0.0,0.0,0.0,0.0,0.0,0.0,1.0,0.0,0.0,0.0,9.0,4.0,0.0,0.0,0.0,0.0,0.0,0.0,0.0,0.0,1.0,12.0,1.0,12.14,5.01,2.51,1.49,0.0,0.0,0.0,0.4,0.0,-0.1,-0.5,0.5,-169.70000000000002,0.0,0.0,169.8,0.0,21.9,29.200000000000003,29.200000000000003,29.700000000000003,300.0,300.0,31.5,35.6,29.1,28.3,30.200000000000003,4.96,1.99,4.97,0.16,0.0,0.0,1027.0,8228.0,0.0,0.0,0.0,0.0,0.0,1.0,0.0,0.0,0.0,0.0,0.0,-0.1,0.0,-0.5,0.0,0.0002,16.0,25903.0
2026-07-30T19:01:30.512Z,259.995,260.01,0.0,7.4,0.0,0.0,0.0,0.0,0.0,0.0,0.0,0.0,1.0,0.0,0.0,0.0,9.0,4.0,0.0,0.0,0.0,0.0,0.0,0.0,0.0,0.0,3.0,12.0,1.0,12.14,5.01,2.51,1.49,0.0,0.0,0.0,0.4,0.0,0.4,-0.5,-0.6000000000000001,-169.70000000000002,0.0,0.0,169.70000000000002,0.0,21.9,29.200000000000003,29.200000000000003,29.700000000000003,300.0,300.0,31.5,35.6,29.1,28.3,30.200000000000003,4.95,1.99,4.97,0.16,0.0,0.0,1027.0,8228.0,0.0,0.0,0.0,0.0,0.0,1.0,0.0,0.0,0.0,0.0,0.0,-1.0,0.0,0.4,0.0,0.0001,16.0,25903.0
2026-07-30T19:01:30.525Z,260.008,260.022,0.0,7.4,0.0,0.0,0.0,0.0,0.0,0.0,0.0,0.0,1.0,0.0,0.0,0.0,9.0,4.0,0.0,0.0,0.0,0.0,0.0,0.0,0.0,0.0,4.0,12.0,1.0,12.14,5.01,2.51,1.49,0.0,0.0,0.0,0.4,0.0,0.4,0.0,0.5,-169.70000000000002,0.0,0.0,169.70000000000002,0.0,21.9,29.200000000000003,29.200000000000003,29.700000000000003,300.0,300.0,31.5,35.6,29.1,28.3,30.200000000000003,4.96,1.99,4.97,0.16,0.0,0.0,1027.0,8228.0,0.0,0.0,0.0,0.0,0.0,1.0,0.0,0.0,0.0,0.0,0.0,0.4,0.0,-0.4,0.0,0.0001,16.0,25903.0
2026-07-30T19:01:30.537Z,260.02,260.034,0.0,7.4,0.0,0.0,0.0,0.0,0.0,0.0,0.0,0.0,1.0,0.0,0.0,0.0,9.0,4.0,0.0,0.0,0.0,0.0,0.0,0.0,0.0,0.0,6.0,12.0,1.0,12.14,5.01,2.51,1.49,0.0,0.1,0.0,0.4,0.0,0.4,-0.5,0.4,-169.70000000000002,0.0,0.0,169.8,0.0,21.9,29.200000000000003,29.200000000000003,29.700000000000003,300.0,300.0,31.5,35.6,29.1,28.3,30.200000000000003,4.96,2.0,4.96,0.16,0.0,0.0,1027.0,8228.0,0.0,0.0,0.0,0.0,0.0,1.0,0.0,0.0,0.0,0.0,0.0,-0.2,0.0,-0.5,0.0,0.0001,16.0,25903.0
2026-07-30T19:01:30.548Z,260.031,260.046,0.0,7.4,0.0,0.0,0.0,0.0,0.0,0.0,0.0,0.0,1.0,0.0,0.0,0.0,9.0,4.0,0.0,0.0,0.0,0.0,0.0,0.0,0.0,0.0,1.0,12.0,1.0,12.14,5.01,2.51,1.49,0.0,0.0,0.0,0.4,0.0,0.3,0.0,-0.6000000000000001,-169.70000000000002,0.0,0.0,169.70000000000002,0.0,21.9,29.200000000000003,29.200000000000003,29.700000000000003,300.0,300.0,31.5,35.6,29.1,28.3,30.200000000000003,4.96,1.99,4.97,0.16,0.0,0.0,1027.0,8228.0,0.0,0.0,0.0,0.0,0.0,1.0,0.0,0.0,0.0,0.0,0.0,-0.4,0.0,0.6000000000000001,0.0,0.0001,16.0,25903.0
2026-07-30T19:01:30.562Z,260.045,260.058,0.0,7.4,0.0,0.0,0.0,0.0,0.0,0.0,0.0,0.0,1.0,0.0,0.0,0.0,9.0,4.0,0.0,0.0,0.0,0.0,0.0,0.0,0.0,0.0,2.0,12.0,1.0,12.14,5.01,2.51,1.49,0.0,0.0,0.0,0.4,0.0,-0.1,-0.5,0.4,-169.70000000000002,0.0,0.0,169.70000000000002,0.0,21.9,29.200000000000003,29.200000000000003,29.700000000000003,300.0,300.0,31.5,35.6,29.1,28.3,30.200000000000003,4.95,1.99,4.97,0.16,0.0,0.0,1027.0,8228.0,0.0,0.0,0.0,0.0,0.0,1.0,0.0,0.0,0.0,0.0,0.0,-0.2,0.0,-0.5,0.0,0.0001,16.0,25903.0
2026-07-30T19:01:30.573Z,260.056,260.07,0.0,7.4,0.0,0.0,0.0,0.0,0.0,0.0,0.0,0.0,1.0,0.0,0.0,0.0,9.0,4.0,0.0,0.0,0.0,0.0,0.0,0.0,0.0,0.0,6.0,12.0,1.0,12.14,5.01,2.51,1.49,0.0,0.1,0.0,0.5,0.0,-0.1,-0.5,0.4,-169.70000000000002,0.0,0.0,169.70000000000002,0.0,21.9,29.200000000000003,29.200000000000003,29.700000000000003,300.0,300.0,31.5,35.6,29.1,28.3,30.200000000000003,4.96,1.99,4.96,0.16,0.0,0.0,1027.0,8228.0,0.0,0.0,0.0,0.0,0.0,1.0,0.0,0.0,0.0,0.0,0.0,-0.2,0.0,-0.4,0.0,0.0,16.0,25903.0
2026-07-30T19:01:30.585Z,260.068,260.082,0.0,7.4,0.0,0.0,0.0,0.0,0.0,0.0,0.0,0.0,1.0,0.0,0.0,0.0,9.0,4.0,0.0,0.0,0.0,0.0,0.0,0.0,0.0,0.0,2.0,12.0,1.0,12.14,5.01,2.51,1.49,0.0,0.1,0.0,0.4,0.0,0.3,0.0,-0.7000000000000001,-169.70000000000002,0.0,0.0,169.70000000000002,0.0,21.9,29.200000000000003,29.200000000000003,29.700000000000003,300.0,300.0,31.5,35.6,29.1,28.3,30.200000000000003,4.95,1.99,4.97,0.16,0.0,0.0,1027.0,8228.0,0.0,0.0,0.0,0.0,0.0,1.0,0.0,0.0,0.0,0.0,0.0,-0.5,0.0,0.6000000000000001,0.0,0.0,16.0,25903.0
2026-07-30T19:01:30.597Z,260.08,260.094,0.0,7.4,0.0,0.0,0.0,0.0,0.0,0.0,0.0,0.0,1.0,0.0,0.0,0.0,9.0,4.0,0.0,0.0,0.0,0.0,0.0,0.0,0.0,0.0,3.0,12.0,1.0,12.14,5.0200000000000005,2.5,1.49,0.0,0.0,0.0,0.4,0.0,-0.2,0.6000000000000001,0.4,-169.70000000000002,0.0,0.0,169.70000000000002,0.0,21.700000000000003,29.200000000000003,29.200000000000003,29.700000000000003,300.0,300.0,31.5,35.6,29.1,28.3,30.200000000000003,4.95,1.99,4.96,0.16,0.0,0.0,1027.0,8228.0,0.0,0.0,0.0,0.0,0.0,1.0,0.0,0.0,0.0,0.0,0.0,1.0,0.0,-0.2,0.0,0.0001,16.0,25903.0
2026-07-30T19:01:30.608Z,260.091,260.106,0.0,7.4,0.0,0.0,0.0,0.0,0.0,0.0,0.0,0.0,1.0,0.0,0.0,0.0,9.0,4.0,0.0,0.0,0.0,0.0,0.0,0.0,0.0,0.0,4.0,12.0,1.0,12.14,5.0200000000000005,2.5,1.49,0.0,0.0,0.0,0.4,0.0,0.3,0.0,-0.7000000000000001,-169.70000000000002,0.0,0.0,169.8,0.0,21.700000000000003,29.200000000000003,29.200000000000003,29.700000000000003,300.0,300.0,31.5,35.6,29.1,28.3,30.200000000000003,4.96,1.99,4.96,0.16,0.0,0.0,1027.0,8228.0,0.0,0.0,0.0,0.0,0.0,1.0,0.0,0.0,0.0,0.0,0.0,-0.5,0.0,0.6000000000000001,0.0,0.0,16.0,25903.0
2026-07-30T19:01:30.620Z,260.103,260.118,0.0,7.4,0.0,0.0,0.0,0.0,0.0,0.0,0.0,0.0,1.0,0.0,0.0,0.0,9.0,4.0,0.0,0.0,0.0,0.0,0.0,0.0,0.0,0.0,5.0,12.0,1.0,12.14,5.0200000000000005,2.5,1.49,0.0,0.0,0.0,0.4,0.0,0.2,-1.1,0.4,-169.70000000000002,0.0,0.0,169.70000000000002,0.0,21.700000000000003,29.200000000000003,29.200000000000003,29.700000000000003,300.0,300.0,31.5,35.6,29.1,28.3,30.200000000000003,4.95,1.99,4.96,0.16,0.0,0.0,1027.0,8228.0,0.0,0.0,0.0,0.0,0.0,1.0,0.0,0.0,0.0,0.0,0.0,-1.0,0.0,-0.6000000000000001,0.0,0.0001,16.0,25903.0
2026-07-30T19:01:30.632Z,260.115,260.13,0.0,7.4,0.0,0.0,0.0,0.0,0.0,0.0,0.0,0.0,1.0,0.0,0.0,0.0,9.0,4.0,0.0,0.0,0.0,0.0,0.0,0.0,0.0,0.0,6.0,12.0,1.0,12.14,5.0200000000000005,2.5,1.49,0.0,0.0,0.0,0.4,0.0,-0.2,0.0,-0.1,-169.70000000000002,0.0,0.0,169.70000000000002,0.0,21.700000000000003,29.200000000000003,29.200000000000003,29.700000000000003,300.0,300.0,31.5,35.6,29.1,28.3,30.200000000000003,4.95,1.99,4.97,0.16,0.0,0.0,1027.0,8228.0,0.0,0.0,0.0,0.0,0.0,1.0,0.0,0.0,0.0,0.0,0.0,-0.1,0.0,0.1,0.0,0.0,16.0,25903.0
2026-07-30T19:01:30.645Z,260.128,260.142,0.0,7.4,0.0,0.0,0.0,0.0,0.0,0.0,0.0,0.0,1.0,0.0,0.0,0.0,9.0,4.0,0.0,0.0,0.0,0.0,0.0,0.0,0.0,0.0,1.0,12.0,1.0,12.14,5.0200000000000005,2.5,1.49,0.0,0.0,0.0,0.4,0.0,-0.2,1.1,-0.2,-169.70000000000002,0.0,0.0,169.70000000000002,0.0,21.700000000000003,29.200000000000003,29.200000000000003,29.700000000000003,300.0,300.0,31.5,35.6,29.1,28.3,30.200000000000003,4.95,1.99,4.96,0.16,0.0,0.0,1027.0,8228.0,0.0,0.0,0.0,0.0,0.0,1.0,0.0,0.0,0.0,0.0,0.0,1.1,0.0,0.4,0.0,0.0,16.0,25903.0
2026-07-30T19:01:30.657Z,260.14,260.154,0.0,7.4,0.0,0.0,0.0,0.0,0.0,0.0,0.0,0.0,1.0,0.0,0.0,0.0,9.0,4.0,0.0,0.0,0.0,0.0,0.0,0.0,0.0,0.0,2.0,12.0,1.0,12.14,5.0200000000000005,2.5,1.49,0.0,0.0,0.0,0.4,0.0,0.3,0.5,-0.2,-169.70000000000002,0.0,0.0,169.70000000000002,0.0,21.700000000000003,29.200000000000003,29.200000000000003,29.700000000000003,300.0,300.0,31.5,35.6,29.1,28.3,30.200000000000003,4.96,1.99,4.96,0.16,0.0,0.0,1027.0,8228.0,0.0,0.0,0.0,0.0,0.0,1.0,0.0,0.0,0.0,0.0,0.0,0.4,0.0,0.3,0.0,0.0,16.0,25903.0
2026-07-30T19:01:30.669Z,260.152,260.166,0.0,7.4,0.0,0.0,0.0,0.0,0.0,0.0,0.0,0.0,1.0,0.0,0.0,0.0,9.0,4.0,0.0,0.0,0.0,0.0,0.0,0.0,0.0,0.0,4.0,12.0,1.0,12.14,5.0200000000000005,2.5,1.49,0.0,0.0,0.0,0.4,0.0,0.3,-0.5,-0.2,-169.70000000000002,0.0,0.0,169.8,0.0,21.700000000000003,29.200000000000003,29.200000000000003,29.700000000000003,300.0,300.0,31.5,35.6,29.1,28.3,30.200000000000003,4.95,1.99,4.97,0.16,0.0,0.0,1027.0,8228.0,0.0,0.0,0.0,0.0,0.0,1.0,0.0,0.0,0.0,0.0,0.0,-0.8,0.0,0.0,0.0,0.0001,16.0,25903.0
2026-07-30T19:01:30.680Z,260.163,260.178,0.0,7.4,0.0,0.0,0.0,0.0,0.0,0.0,0.0,0.0,1.0,0.0,0.0,0.0,9.0,4.0,0.0,0.0,0.0,0.0,0.0,0.0,0.0,0.0,4.0,12.0,1.0,12.14,5.0200000000000005,2.5,1.49,0.0,0.0,0.0,0.4,0.0,0.3,1.1,1.5,-169.70000000000002,0.0,0.0,169.8,0.0,21.700000000000003,29.200000000000003,29.200000000000003,29.700000000000003,300.0,300.0,31.5,35.6,29.1,28.3,30.200000000000003,4.96,1.99,4.97,0.16,0.0,0.0,1027.0,8228.0,0.0,0.0,0.0,0.0,0.0,1.0,0.0,0.0,0.0,0.0,0.0,2.4000000000000004,0.0,-1.1,0.0,0.0001,16.0,25903.0
2026-07-30T19:01:30.694Z,260.177,260.19,0.0,7.4,0.0,0.0,0.0,0.0,0.0,0.0,0.0,0.0,1.0,0.0,0.0,0.0,9.0,4.0,0.0,0.0,0.0,0.0,0.0,0.0,0.0,0.0,5.0,12.0,1.0,12.17,5.01,2.51,1.49,0.0,0.0,0.0,0.4,0.0,-0.2,-0.6000000000000001,-1.9,-169.70000000000002,0.0,0.0,169.70000000000002,0.0,21.700000000000003,29.200000000000003,29.200000000000003,29.700000000000003,300.0,300.0,31.5,35.6,29.1,28.3,30.200000000000003,4.96,1.99,4.96,0.16,0.0,0.0,1027.0,8228.0,0.0,0.0,0.0,0.0,0.0,1.0,0.0,0.0,0.0,0.0,0.0,-2.1,0.0,1.6,0.0,0.0001,16.0,25903.0
2026-07-30T19:01:30.705Z,260.188,260.202,0.0,7.4,0.0,0.0,0.0,0.0,0.0,0.0,0.0,0.0,1.0,0.0,0.0,0.0,9.0,4.0,0.0,0.0,0.0,0.0,0.0,0.0,0.0,0.0,1.0,12.0,1.0,12.17,5.01,2.51,1.49,0.0,0.0,0.0,0.4,0.0,0.3,0.5,0.8,-169.70000000000002,0.0,0.0,169.70000000000002,0.0,21.700000000000003,29.200000000000003,29.200000000000003,29.700000000000003,300.0,300.0,31.5,35.6,29.1,28.3,30.200000000000003,4.96,1.99,4.96,0.16,0.0,0.0,1027.0,8228.0,0.0,0.0,0.0,0.0,0.0,1.0,0.0,0.0,0.0,0.0,0.0,1.1,0.0,0.4,0.0,0.0002,16.0,25903.0
2026-07-30T19:01:30.717Z,260.2,260.214,0.0,7.4,0.0,0.0,0.0,0.0,0.0,0.0,0.0,0.0,1.0,0.0,0.0,0.0,9.0,4.0,0.0,0.0,0.0,0.0,0.0,0.0,0.0,0.0,2.0,12.0,1.0,12.17,5.01,2.51,1.49,0.0,0.0,0.0,0.4,0.0,-0.2,0.5,-0.2,-169.70000000000002,0.0,0.0,169.8,0.0,21.700000000000003,29.200000000000003,29.200000000000003,29.700000000000003,300.0,300.0,31.5,35.6,29.1,28.3,30.200000000000003,4.95,1.99,4.97,0.16,0.0,0.0,1027.0,8228.0,0.0,0.0,0.0,0.0,0.0,1.0,0.0,0.0,0.0,0.0,0.0,-0.8,0.0,0.1,0.0,0.0001,16.0,25903.0
2026-07-30T19:01:30.729Z,260.212,260.226,0.0,7.4,0.0,0.0,0.0,0.0,0.0,0.0,0.0,0.0,1.0,0.0,0.0,0.0,9.0,4.0,0.0,0.0,0.0,0.0,0.0,0.0,0.0,0.0,3.0,12.0,1.0,12.17,5.01,2.51,1.49,0.0,0.1,0.0,0.4,0.0,0.3,1.1,-0.2,-169.70000000000002,0.0,0.0,169.8,0.0,21.700000000000003,29.200000000000003,29.200000000000003,29.700000000000003,300.0,300.0,31.5,35.6,29.1,28.3,30.200000000000003,4.96,2.0,4.96,0.16,0.0,0.0,1027.0,8228.0,0.0,0.0,0.0,0.0,0.0,1.0,0.0,0.0,0.0,0.0,0.0,-1.5,0.0,0.0,0.0,0.0001,16.0,25903.0
2026-07-30T19:01:30.741Z,260.224,260.238,0.0,7.4,0.0,0.0,0.0,0.0,0.0,0.0,0.0,0.0,1.0,0.0,0.0,0.0,9.0,4.0,0.0,0.0,0.0,0.0,0.0,0.0,0.0,0.0,4.0,12.0,1.0,12.17,5.01,2.51,1.49,0.0,0.0,0.0,0.4,0.0,-0.8,1.0,0.8,-169.70000000000002,0.0,0.0,169.70000000000002,0.0,21.700000000000003,29.200000000000003,29.200000000000003,29.700000000000003,300.0,300.0,31.5,35.6,29.1,28.3,30.200000000000003,4.96,1.99,4.97,0.16,0.0,0.0,1027.0,8228.0,0.0,0.0,0.0,0.0,0.0,1.0,0.0,0.0,0.0,0.0,0.0,1.8,0.0,-0.5,0.0,0.0001,16.0,25903.0
2026-07-30T19:01:30.753Z,260.236,260.25,0.0,7.4,0.0,0.0,0.0,0.0,0.0,0.0,0.0,0.0,1.0,0.0,0.0,0.0,9.0,4.0,0.0,0.0,0.0,0.0,0.0,0.0,0.0,0.0,5.0,12.0,1.0,12.17,5.01,2.51,1.49,0.0,0.0,0.0,0.4,0.0,0.3,0.0,0.9,-169.70000000000002,0.0,0.0,169.8,0.0,21.700000000000003,29.200000000000003,29.200000000000003,29.700000000000003,300.0,300.0,31.5,35.6,29.1,28.3,30.200000000000003,4.95,1.99,4.97,0.16,0.0,0.0,1027.0,8228.0,0.0,0.0,0.0,0.0,0.0,1.0,0.0,0.0,0.0,0.0,0.0,0.6000000000000001,0.0,-0.8,0.0,0.0001,16.0,25903.0
2026-07-30T19:01:30.765Z,260.248,260.262,0.0,7.4,0.0,0.0,0.0,0.0,0.0,0.0,0.0,0.0,1.0,0.0,0.0,0.0,9.0,4.0,0.0,0.0,0.0,0.0,0.0,0.0,0.0,0.0,5.0,12.0,1.0,12.17,5.01,2.51,1.49,0.0,0.0,0.0,0.4,0.0,-0.2,0.4,-0.2,-169.70000000000002,0.0,0.0,169.60000000000002,0.0,21.700000000000003,29.200000000000003,29.200000000000003,29.700000000000003,300.0,300.0,31.5,35.6,29.1,28.3,30.200000000000003,4.96,1.99,4.97,0.16,0.0,0.0,1027.0,8228.0,0.0,0.0,0.0,0.0,0.0,1.0,0.0,0.0,0.0,0.0,0.0,0.3,0.0,0.3,0.0,0.0001,16.0,25903.0
2026-07-30T19:01:30.777Z,260.26,260.274,0.0,7.4,0.0,0.0,0.0,0.0,0.0,0.0,0.0,0.0,1.0,0.0,0.0,0.0,9.0,4.0,0.0,0.0,0.0,0.0,0.0,0.0,0.0,0.0,6.0,12.0,1.0,12.17,5.01,2.51,1.49,0.0,0.0,0.0,0.4,0.0,-0.2,-1.8,-0.7000000000000001,-169.70000000000002,0.0,0.0,169.60000000000002,0.0,21.700000000000003,29.200000000000003,29.200000000000003,29.700000000000003,300.0,300.0,31.5,35.6,29.1,28.3,30.200000000000003,4.96,2.0,4.96,0.16,0.0,0.0,1027.0,8228.0,0.0,0.0,0.0,0.0,0.0,1.0,0.0,0.0,0.0,0.0,0.0,-2.7,0.0,0.3,0.0,0.0002,16.0,25903.0
2026-07-30T19:01:30.788Z,260.271,260.286,0.0,7.4,0.0,0.0,0.0,0.0,0.0,0.0,0.0,0.0,1.0,0.0,0.0,0.0,9.0,4.0,0.0,0.0,0.0,0.0,0.0,0.0,0.0,0.0,1.0,12.0,1.0,12.17,5.01,2.51,1.49,0.0,0.1,0.0,0.4,0.0,0.9,0.5,-0.1,-169.70000000000002,0.0,0.0,169.70000000000002,0.0,21.700000000000003,29.200000000000003,29.200000000000003,29.700000000000003,300.0,300.0,31.5,35.6,29.1,28.3,30.200000000000003,4.96,1.99,4.97,0.16,0.0,0.0,1027.0,8228.0,0.0,0.0,0.0,0.0,0.0,1.0,0.0,0.0,0.0,0.0,0.0,0.4,0.0,0.2,0.0,0.0001,16.0,25903.0
2026-07-30T19:01:30.800Z,260.283,260.298,0.0,7.4,0.0,0.0,0.0,0.0,0.0,0.0,0.0,0.0,1.0,0.0,0.0,0.0,9.0,4.0,0.0,0.0,0.0,0.0,0.0,0.0,0.0,0.0,2.0,12.0,1.0,12.18,5.01,2.51,1.49,0.0,0.0,0.0,0.5,0.0,-0.8,0.5,-1.3,-169.70000000000002,0.0,0.0,169.70000000000002,0.0,21.3,29.200000000000003,29.200000000000003,29.700000000000003,300.0,300.0,31.4,35.6,29.1,28.3,30.200000000000003,4.95,1.99,4.97,0.16,0.0,0.0,1027.0,8228.0,0.0,0.0,0.0,0.0,0.0,1.0,0.0,0.0,0.0,0.0,0.0,-0.3,0.0,1.2000000000000002,0.0,0.0,16.0,25903.0
2026-07-30T19:01:30.813Z,260.296,260.31,0.0,7.4,0.0,0.0,0.0,0.0,0.0,0.0,0.0,0.0,1.0,0.0,0.0,0.0,9.0,4.0,0.0,0.0,0.0,0.0,0.0,0.0,0.0,0.0,3.0,12.0,1.0,12.18,5.01,2.51,1.49,0.0,0.0,0.0,0.4,0.0,0.9,0.0,-0.7000000000000001,-169.70000000000002,0.0,0.0,169.8,0.0,21.3,29.200000000000003,29.200000000000003,29.700000000000003,300.0,300.0,31.4,35.6,29.1,28.3,30.200000000000003,4.96,1.99,4.97,0.16,0.0,0.0,1027.0,8228.0,0.0,0.0,0.0,0.0,0.0,1.0,0.0,0.0,0.0,0.0,0.0,-0.6000000000000001,0.0,0.6000000000000001,0.0,0.0001,16.0,25903.0
2026-07-30T19:01:30.825Z,260.308,260.322,0.0,7.4,0.0,0.0,0.0,0.0,0.0,0.0,0.0,0.0,1.0,0.0,0.0,0.0,9.0,4.0,0.0,0.0,0.0,0.0,0.0,0.0,0.0,0.0,3.0,12.0,1.0,12.18,5.01,2.51,1.49,0.0,0.0,0.0,0.4,0.0,-0.2,-0.7000000000000001,-0.1,-169.70000000000002,0.0,0.0,169.70000000000002,0.0,21.3,29.200000000000003,29.200000000000003,29.700000000000003,300.0,300.0,31.4,35.6,29.1,28.3,30.200000000000003,4.95,1.99,4.97,0.16,0.0,0.0,1027.0,8228.0,0.0,0.0,0.0,0.0,0.0,1.0,0.0,0.0,0.0,0.0,0.0,-0.8,0.0,0.0,0.0,0.0001,16.0,25903.0
2026-07-30T19:01:30.837Z,260.32,260.334,0.0,7.4,0.0,0.0,0.0,0.0,0.0,0.0,0.0,0.0,1.0,0.0,0.0,0.0,9.0,4.0,0.0,0.0,0.0,0.0,0.0,0.0,0.0,0.0,4.0,12.0,1.0,12.18,5.01,2.51,1.49,0.0,0.0,0.0,0.4,0.0,0.9,-0.1,0.4,-169.70000000000002,0.0,0.0,169.70000000000002,0.0,21.3,29.200000000000003,29.200000000000003,29.700000000000003,300.0,300.0,31.4,35.6,29.1,28.3,30.200000000000003,4.95,1.99,4.96,0.16,0.0,0.0,1027.0,8228.0,0.0,0.0,0.0,0.0,0.0,1.0,0.0,0.0,0.0,0.0,0.0,0.1,0.0,-0.4,0.0,0.0001,16.0,25903.0
2026-07-30T19:01:30.848Z,260.331,260.346,0.0,7.4,0.0,0.0,0.0,0.0,0.0,0.0,0.0,0.0,1.0,0.0,0.0,0.0,9.0,4.0,0.0,0.0,0.0,0.0,0.0,0.0,0.0,0.0,5.0,12.0,1.0,12.18,5.01,2.51,1.49,0.0,0.0,0.0,0.4,0.0,-0.2,0.4,-0.1,-169.70000000000002,0.0,0.0,169.70000000000002,0.0,21.3,29.200000000000003,29.200000000000003,29.700000000000003,300.0,300.0,31.4,35.6,29.1,28.3,30.200000000000003,4.96,1.99,4.96,0.16,0.0,0.0,1027.0,8228.0,0.0,0.0,0.0,0.0,0.0,1.0,0.0,0.0,0.0,0.0,0.0,0.3,0.0,0.2,0.0,0.0001,16.0,25903.0
2026-07-30T19:01:30.860Z,260.343,260.358,0.0,7.4,0.0,0.0,0.0,0.0,0.0,0.0,0.0,0.0,1.0,0.0,0.0,0.0,9.0,4.0,0.0,0.0,0.0,0.0,0.0,0.0,0.0,0.0,6.0,12.0,1.0,12.18,5.01,2.51,1.49,0.0,0.1,0.0,0.4,0.0,-0.8,0.4,0.3,-169.70000000000002,0.0,0.0,169.8,0.0,21.3,29.200000000000003,29.200000000000003,29.700000000000003,300.0,300.0,31.4,35.6,29.1,28.3,30.200000000000003,4.96,1.99,4.96,0.16,0.0,0.0,1027.0,8228.0,0.0,0.0,0.0,0.0,0.0,1.0,0.0,0.0,0.0,0.0,0.0,0.7000000000000001,0.0,-0.2,0.0,0.0001,16.0,25903.0
2026-07-30T19:01:30.874Z,260.357,260.37,0.0,7.4,0.0,0.0,0.0,0.0,0.0,0.0,0.0,0.0,1.0,0.0,0.0,0.0,9.0,4.0,0.0,0.0,0.0,0.0,0.0,0.0,0.0,0.0,1.0,12.0,1.0,12.18,5.01,2.51,1.49,0.0,0.0,0.0,0.4,0.0,0.3,1.0,0.9,-169.70000000000002,0.0,0.0,169.8,0.0,21.3,29.200000000000003,29.200000000000003,29.700000000000003,300.0,300.0,31.4,35.6,29.1,28.3,30.200000000000003,4.95,1.99,4.97,0.16,0.0,0.0,1027.0,8228.0,0.0,0.0,0.0,0.0,0.0,1.0,0.0,0.0,0.0,0.0,0.0,1.8,0.0,-0.6000000000000001,0.0,0.0001,16.0,25903.0
2026-07-30T19:01:30.885Z,260.368,260.382,0.0,7.4,0.0,0.0,0.0,0.0,0.0,0.0,0.0,0.0,1.0,0.0,0.0,0.0,9.0,4.0,0.0,0.0,0.0,0.0,0.0,0.0,0.0,0.0,1.0,12.0,1.0,12.18,5.01,2.51,1.49,0.0,0.1,0.0,0.4,0.0,-0.2,-0.1,2.1,-169.70000000000002,0.0,0.0,169.8,0.0,21.3,29.200000000000003,29.200000000000003,29.700000000000003,300.0,300.0,31.4,35.6,29.1,28.3,30.200000000000003,4.95,1.99,4.96,0.16,0.0,0.0,1027.0,8228.0,0.0,0.0,0.0,0.0,0.0,1.0,0.0,0.0,0.0,0.0,0.0,1.4,0.0,-1.9,0.0,0.0,16.0,25903.0
2026-07-30T19:01:30.897Z,260.38,260.394,0.0,7.4,0.0,0.0,0.0,0.0,0.0,0.0,0.0,0.0,1.0,0.0,0.0,0.0,9.0,4.0,0.0,0.0,0.0,0.0,0.0,0.0,0.0,0.0,2.0,12.0,1.0,12.14,5.01,2.5,1.49,0.0,0.0,0.0,0.4,0.0,0.3,-0.6000000000000001,-1.2000000000000002,-169.70000000000002,0.0,0.0,169.8,0.0,21.700000000000003,29.200000000000003,29.200000000000003,29.700000000000003,300.0,300.0,31.4,35.6,29.1,28.3,30.200000000000003,4.96,1.99,4.96,0.15,0.0,0.0,1027.0,8228.0,0.0,0.0,0.0,0.0,0.0,1.0,0.0,0.0,0.0,0.0,0.0,-1.6,0.0,0.9,0.0,0.0,16.0,25903.0
2026-07-30T19:01:30.909Z,260.392,260.406,0.0,7.4,0.0,0.0,0.0,0.0,0.0,0.0,0.0,0.0,1.0,0.0,0.0,0.0,9.0,4.0,0.0,0.0,0.0,0.0,0.0,0.0,0.0,0.0,3.0,12.0,1.0,12.14,5.01,2.5,1.49,0.0,0.1,0.0,0.4,0.0,0.3,0.0,-0.6000000000000001,-169.70000000000002,0.0,0.0,169.8,0.0,21.700000000000003,29.200000000000003,29.200000000000003,29.700000000000003,300.0,300.0,31.4,35.6,29.1,28.3,30.200000000000003,4.95,1.99,4.97,0.16,0.0,0.0,1027.0,8228.0,0.0,0.0,0.0,0.0,0.0,1.0,0.0,0.0,0.0,0.0,0.0,-0.6000000000000001,0.0,0.5,0.0,0.0001,16.0,25903.0
2026-07-30T19:01:30.920Z,260.403,260.418,0.0,7.4,0.0,0.0,0.0,0.0,0.0,0.0,0.0,0.0,1.0,0.0,0.0,0.0,9.0,4.0,0.0,0.0,0.0,0.0,0.0,0.0,0.0,0.0,4.0,12.0,1.0,12.14,5.01,2.5,1.49,0.0,0.0,0.0,0.5,0.0,0.9,-0.6000000000000001,0.4,-169.70000000000002,0.0,0.0,169.8,0.0,21.700000000000003,29.200000000000003,29.200000000000003,29.700000000000003,300.0,300.0,31.4,35.6,29.1,28.3,30.200000000000003,4.96,1.99,4.96,0.16,0.0,0.0,1027.0,8228.0,0.0,0.0,0.0,0.0,0.0,1.0,0.0,0.0,0.0,0.0,0.0,-0.3,0.0,-0.5,0.0,0.0,16.0,25903.0
2026-07-30T19:01:30.933Z,260.416,260.43,0.0,7.4,0.0,0.0,0.0,0.0,0.0,0.0,0.0,0.0,1.0,0.0,0.0,0.0,9.0,4.0,0.0,0.0,0.0,0.0,0.0,0.0,0.0,0.0,5.0,12.0,1.0,12.14,5.01,2.5,1.49,0.0,0.1,0.0,0.4,0.0,-0.7000000000000001,0.0,1.0,-169.70000000000002,0.0,0.0,169.8,0.0,21.700000000000003,29.200000000000003,29.200000000000003,29.700000000000003,300.0,300.0,31.4,35.6,29.1,28.3,30.200000000000003,4.96,2.0,4.96,0.16,0.0,0.0,1027.0,8228.0,0.0,0.0,0.0,0.0,0.0,1.0,0.0,0.0,0.0,0.0,0.0,0.7000000000000001,0.0,-0.9,0.0,0.0,16.0,25903.0
2026-07-30T19:01:30.944Z,260.427,260.442,0.0,7.4,0.0,0.0,0.0,0.0,0.0,0.0,0.0,0.0,1.0,0.0,0.0,0.0,9.0,4.0,0.0,0.0,0.0,0.0,0.0,0.0,0.0,0.0,1.0,12.0,1.0,12.14,5.01,2.5,1.49,0.0,0.0,0.0,0.4,0.0,-0.1,0.5,0.0,-169.70000000000002,0.0,0.0,169.8,0.0,21.700000000000003,29.200000000000003,29.200000000000003,29.700000000000003,300.0,300.0,31.4,35.6,29.1,28.3,30.200000000000003,4.95,1.99,4.96,0.16,0.0,0.0,1027.0,8228.0,0.0,0.0,0.0,0.0,0.0,1.0,0.0,0.0,0.0,0.0,0.0,0.5,0.0,0.1,0.0,0.0,16.0,25903.0
2026-07-30T19:01:30.956Z,260.439,260.454,0.0,7.4,0.0,0.0,0.0,0.0,0.0,0.0,0.0,0.0,1.0,0.0,0.0,0.0,9.0,4.0,0.0,0.0,0.0,0.0,0.0,0.0,0.0,0.0,2.0,12.0,1.0,12.14,5.01,2.5,1.49,0.0,0.0,0.0,0.4,0.0,-0.1,-1.8,0.4,-169.70000000000002,0.0,0.0,169.70000000000002,0.0,21.700000000000003,29.200000000000003,29.200000000000003,29.700000000000003,300.0,300.0,31.4,35.6,29.1,28.3,30.200000000000003,4.95,1.99,4.96,0.16,0.0,0.0,1027.0,8228.0,0.0,0.0,0.0,0.0,0.0,1.0,0.0,0.0,0.0,0.0,0.0,-1.6,0.0,-0.7000000000000001,0.0,0.0,16.0,25903.0
2026-07-30T19:01:30.969Z,260.452,260.466,0.0,7.4,0.0,0.0,0.0,0.0,0.0,0.0,0.0,0.0,1.0,0.0,0.0,0.0,9.0,4.0,0.0,0.0,0.0,0.0,0.0,0.0,0.0,0.0,4.0,12.0,1.0,12.14,5.01,2.5,1.49,0.0,0.0,0.0,0.4,0.0,-0.1,0.0,0.0,-169.70000000000002,0.0,0.0,169.70000000000002,0.0,21.700000000000003,29.200000000000003,29.200000000000003,29.700000000000003,300.0,300.0,31.4,35.6,29.1,28.3,30.200000000000003,4.96,1.99,4.96,0.16,0.0,0.0,1027.0,8228.0,0.0,0.0,0.0,0.0,0.0,1.0,0.0,0.0,0.0,0.0,0.0,0.0,0.0,0.0,0.0,0.0002,16.0,25903.0
2026-07-30T19:01:30.981Z,260.464,260.478,0.0,7.4,0.0,0.0,0.0,0.0,0.0,0.0,0.0,0.0,1.0,0.0,0.0,0.0,9.0,4.0,0.0,0.0,0.0,0.0,0.0,0.0,0.0,0.0,6.0,12.0,1.0,12.14,5.01,2.5,1.49,0.0,0.0,0.0,0.4,0.0,0.4,0.0,-0.6000000000000001,-169.70000000000002,0.0,0.0,169.70000000000002,0.0,21.700000000000003,29.200000000000003,29.200000000000003,29.700000000000003,300.0,300.0,31.4,35.6,29.1,28.3,30.200000000000003,4.96,1.99,4.97,0.15,0.0,0.0,1027.0,8228.0,0.0,0.0,0.0,0.0,0.0,1.0,0.0,0.0,0.0,0.0,0.0,-0.4,0.0,0.5,0.0,0.0,16.0,25903.0
2026-07-30T19:01:30.992Z,260.475,260.49,0.0,7.4,0.0,0.0,0.0,0.0,0.0,0.0,0.0,0.0,1.0,0.0,0.0,0.0,9.0,4.0,0.0,0.0,0.0,0.0,0.0,0.0,0.0,0.0,1.0,12.0,1.0,12.14,5.01,2.5,1.49,0.0,0.0,0.0,0.4,0.0,-0.1,-1.1,0.0,-169.70000000000002,0.0,0.0,169.70000000000002,0.0,21.700000000000003,29.200000000000003,29.200000000000003,29.700000000000003,300.0,300.0,31.4,35.6,29.1,28.3,30.200000000000003,4.95,2.0,4.97,0.16,0.0,0.0,1027.0,8228.0,0.0,0.0,0.0,0.0,0.0,1.0,0.0,0.0,0.0,0.0,0.0,-1.3,0.0,-0.1,0.0,0.0,16.0,25903.0
2026-07-30T19:01:31.005Z,260.488,260.502,0.0,7.4,0.0,0.0,0.0,0.0,0.0,0.0,0.0,0.0,1.0,0.0,0.0,0.0,9.0,4.0,0.0,0.0,0.0,0.0,0.0,0.0,0.0,0.0,2.0,12.0,1.0,12.18,5.01,2.51,1.49,0.0,0.0,0.0,0.4,0.0,-0.1,0.0,-0.6000000000000001,-169.70000000000002,0.0,0.0,169.8,0.0,22.1,29.200000000000003,29.200000000000003,29.700000000000003,300.0,300.0,31.5,35.5,29.1,28.3,30.200000000000003,4.96,2.0,4.96,0.16,0.0,0.0,1027.0,8228.0,0.0,0.0,0.0,0.0,0.0,1.0,0.0,0.0,0.0,0.0,0.0,-0.4,0.0,0.5,0.0,0.0001,16.0,25903.0
2026-07-30T19:01:31.016Z,260.499,260.514,0.0,7.4,0.0,0.0,0.0,0.0,0.0,0.0,0.0,0.0,1.0,0.0,0.0,0.0,9.0,4.0,0.0,0.0,0.0,0.0,0.0,0.0,0.0,0.0,4.0,12.0,1.0,12.18,5.01,2.51,1.49,0.0,0.0,0.0,0.4,0.0,-0.1,0.5,0.0,-169.70000000000002,0.0,0.0,169.8,0.0,22.1,29.200000000000003,29.200000000000003,29.700000000000003,300.0,300.0,31.5,35.5,29.1,28.3,30.200000000000003,4.95,2.0,4.96,0.16,0.0,0.0,1027.0,8228.0,0.0,0.0,0.0,0.0,0.0,1.0,0.0,0.0,0.0,0.0,0.0,0.6000000000000001,0.0,0.1,0.0,0.0,16.0,25903.0
2026-07-30T19:01:31.029Z,260.512,260.526,0.0,7.4,0.0,0.0,0.0,0.0,0.0,0.0,0.0,0.0,1.0,0.0,0.0,0.0,9.0,4.0,0.0,0.0,0.0,0.0,0.0,0.0,0.0,0.0,5.0,12.0,1.0,12.18,5.01,2.51,1.49,0.0,0.0,0.0,0.4,0.0,1.0,1.2000000000000002,1.1,-169.70000000000002,0.0,0.0,169.8,0.0,22.1,29.200000000000003,29.200000000000003,29.700000000000003,300.0,300.0,31.5,35.5,29.1,28.3,30.200000000000003,4.95,1.99,4.97,0.16,0.0,0.0,1027.0,8228.0,0.0,0.0,0.0,0.0,0.0,1.0,0.0,0.0,0.0,0.0,0.0,2.1,0.0,-0.7000000000000001,0.0,0.0001,16.0,25903.0
2026-07-30T19:01:31.040Z,260.523,260.538,0.0,7.4,0.0,0.0,0.0,0.0,0.0,0.0,0.0,0.0,1.0,0.0,0.0,0.0,9.0,4.0,0.0,0.0,0.0,0.0,0.0,0.0,0.0,0.0,1.0,12.0,1.0,12.18,5.01,2.51,1.49,0.0,0.0,0.0,0.4,0.0,0.4,0.0,0.0,-169.70000000000002,0.0,0.0,169.70000000000002,0.0,22.1,29.200000000000003,29.200000000000003,29.700000000000003,300.0,300.0,31.5,35.5,29.1,28.3,30.200000000000003,4.96,1.99,4.97,0.17,0.0,0.0,1027.0,8228.0,0.0,0.0,0.0,0.0,0.0,1.0,0.0,0.0,0.0,0.0,0.0,0.0,0.0,0.0,0.0,0.0001,16.0,25903.0
2026-07-30T19:01:31.052Z,260.535,260.55,0.0,7.4,0.0,0.0,0.0,0.0,0.0,0.0,0.0,0.0,1.0,0.0,0.0,0.0,9.0,4.0,0.0,0.0,0.0,0.0,0.0,0.0,0.0,0.0,3.0,12.0,1.0,12.18,5.01,2.51,1.49,0.0,0.0,0.0,0.4,0.0,-1.3,-1.0,-0.6000000000000001,-169.70000000000002,0.0,0.0,169.8,0.0,22.1,29.200000000000003,29.200000000000003,29.700000000000003,300.0,300.0,31.5,35.5,29.1,28.3,30.200000000000003,4.96,1.99,4.97,0.16,0.0,0.0,1027.0,8228.0,0.0,0.0,0.0,0.0,0.0,1.0,0.0,0.0,0.0,0.0,0.0,-1.6,0.0,0.3,0.0,0.0001,16.0,25903.0
2026-07-30T19:01:31.065Z,260.548,260.562,0.0,7.4,0.0,0.0,0.0,0.0,0.0,0.0,0.0,0.0,1.0,0.0,0.0,0.0,9.0,4.0,0.0,0.0,0.0,0.0,0.0,0.0,0.0,0.0,4.0,12.0,1.0,12.18,5.01,2.51,1.49,0.0,0.0,0.0,0.4,0.0,-0.1,-1.1,-1.1,-169.70000000000002,0.0,0.0,169.8,0.0,22.1,29.200000000000003,29.200000000000003,29.700000000000003,300.0,300.0,31.5,35.5,29.1,28.3,30.200000000000003,4.95,1.99,4.97,0.16,0.0,0.0,1027.0,8228.0,0.0,0.0,0.0,0.0,0.0,1.0,0.0,0.0,0.0,0.0,0.0,-2.1,0.0,0.8,0.0,0.0001,16.0,25903.0
2026-07-30T19:01:31.076Z,260.559,260.574,0.0,7.4,0.0,0.0,0.0,0.0,0.0,0.0,0.0,0.0,1.0,0.0,0.0,0.0,9.0,4.0,0.0,0.0,0.0,0.0,0.0,0.0,0.0,0.0,6.0,12.0,1.0,12.18,5.01,2.51,1.49,0.0,0.1,0.0,0.4,0.0,-0.1,0.0,-0.6000000000000001,-169.70000000000002,0.0,0.0,169.70000000000002,0.0,22.1,29.200000000000003,29.200000000000003,29.700000000000003,300.0,300.0,31.5,35.5,29.1,28.3,30.200000000000003,4.95,1.99,4.96,0.16,0.0,0.0,1027.0,8228.0,0.0,0.0,0.0,0.0,0.0,1.0,0.0,0.0,0.0,0.0,0.0,-0.3,0.0,0.5,0.0,0.0001,16.0,25903.0
2026-07-30T19:01:31.089Z,260.572,260.586,0.0,7.4,0.0,0.0,0.0,0.0,0.0,0.0,0.0,0.0,1.0,0.0,0.0,0.0,9.0,4.0,0.0,0.0,0.0,0.0,0.0,0.0,0.0,0.0,1.0,12.0,1.0,12.18,5.01,2.51,1.49,0.0,0.0,0.0,0.4,0.0,-0.2,-0.5,1.1,-169.70000000000002,0.0,0.0,169.8,0.0,22.1,29.200000000000003,29.200000000000003,29.700000000000003,300.0,300.0,31.5,35.5,29.1,28.3,30.200000000000003,4.96,2.0,4.96,0.16,0.0,0.0,1027.0,8228.0,0.0,0.0,0.0,0.0,0.0,1.0,0.0,0.0,0.0,0.0,0.0,0.2,0.0,-1.1,0.0,0.0,16.0,25903.0
2026-07-30T19:01:31.101Z,260.584,260.598,0.0,7.4,0.0,0.0,0.0,0.0,0.0,0.0,0.0,0.0,1.0,0.0,0.0,0.0,9.0,4.0,0.0,0.0,0.0,0.0,0.0,0.0,0.0,0.0,3.0,12.0,1.0,12.15,5.0200000000000005,2.51,1.49,0.0,0.0,0.0,0.4,0.0,0.9,-1.1,0.0,-169.70000000000002,0.0,0.0,169.70000000000002,0.0,22.200000000000003,29.200000000000003,29.200000000000003,29.700000000000003,300.0,300.0,31.5,35.6,29.1,28.3,30.200000000000003,4.95,2.0,4.97,0.16,0.0,0.0,1027.0,8228.0,0.0,0.0,0.0,0.0,0.0,1.0,0.0,0.0,0.0,0.0,0.0,-1.2000000000000002,0.0,-0.1,0.0,0.0,16.0,25903.0
2026-07-30T19:01:31.113Z,260.596,260.61,0.0,7.4,0.0,0.0,0.0,0.0,0.0,0.0,0.0,0.0,1.0,0.0,0.0,0.0,9.0,4.0,0.0,0.0,0.0,0.0,0.0,0.0,0.0,0.0,4.0,12.0,1.0,12.15,5.0200000000000005,2.51,1.49,0.0,0.0,0.0,0.4,0.0,-0.2,0.6000000000000001,0.5,-169.70000000000002,0.0,0.0,169.8,0.0,22.200000000000003,29.200000000000003,29.200000000000003,29.700000000000003,300.0,300.0,31.5,35.6,29.1,28.3,30.200000000000003,4.94,1.99,4.97,0.16,0.0,0.0,1027.0,8228.0,0.0,0.0,0.0,0.0,0.0,1.0,0.0,0.0,0.0,0.0,0.0,1.1,0.0,-0.3,0.0,0.0001,16.0,25903.0
2026-07-30T19:01:31.125Z,260.608,260.622,0.0,7.4,0.0,0.0,0.0,0.0,0.0,0.0,0.0,0.0,1.0,0.0,0.0,0.0,9.0,4.0,0.0,0.0,0.0,0.0,0.0,0.0,0.0,0.0,5.0,12.0,1.0,12.15,5.0200000000000005,2.51,1.49,0.0,0.0,0.0,0.4,0.0,0.2,0.0,0.4,-169.70000000000002,0.0,0.0,169.8,0.0,22.200000000000003,29.200000000000003,29.200000000000003,29.700000000000003,300.0,300.0,31.5,35.6,29.1,28.3,30.200000000000003,4.94,1.99,4.96,0.16,0.0,0.0,1027.0,8228.0,0.0,0.0,0.0,0.0,0.0,1.0,0.0,0.0,0.0,0.0,0.0,0.3,0.0,-0.3,0.0,0.0,16.0,25903.0
2026-07-30T19:01:31.137Z,260.62,260.634,0.0,7.4,0.0,0.0,0.0,0.0,0.0,0.0,0.0,0.0,1.0,0.0,0.0,0.0,9.0,4.0,0.0,0.0,0.0,0.0,0.0,0.0,0.0,0.0,6.0,12.0,1.0,12.15,5.0200000000000005,2.51,1.49,0.0,0.0,0.0,0.4,0.0,1.4,0.0,0.4,-169.70000000000002,0.0,0.0,169.8,0.0,22.200000000000003,29.200000000000003,29.200000000000003,29.700000000000003,300.0,300.0,31.5,35.6,29.1,28.3,30.200000000000003,4.96,1.99,4.96,0.16,0.0,0.0,1027.0,8228.0,0.0,0.0,0.0,0.0,0.0,1.0,0.0,0.0,0.0,0.0,0.0,0.3,0.0,-0.3,0.0,0.0001,16.0,25903.0
2026-07-30T19:01:31.149Z,260.632,260.646,0.0,7.4,0.0,0.0,0.0,0.0,0.0,0.0,0.0,0.0,1.0,0.0,0.0,0.0,9.0,4.0,0.0,0.0,0.0,0.0,0.0,0.0,0.0,0.0,2.0,12.0,1.0,12.15,5.0200000000000005,2.51,1.49,0.0,0.0,0.0,0.4,0.0,0.8,1.2000000000000002,-0.1,-169.70000000000002,0.0,0.0,169.8,0.0,22.200000000000003,29.200000000000003,29.200000000000003,29.700000000000003,300.0,300.0,31.5,35.6,29.1,28.3,30.200000000000003,4.96,1.99,4.97,0.16,0.0,0.0,1027.0,8228.0,0.0,0.0,0.0,0.0,0.0,1.0,0.0,0.0,0.0,0.0,0.0,1.3,0.0,0.4,0.0,0.0,16.0,25903.0
2026-07-30T19:01:31.160Z,260.643,260.658,0.0,7.4,0.0,0.0,0.0,0.0,0.0,0.0,0.0,0.0,1.0,0.0,0.0,0.0,9.0,4.0,0.0,0.0,0.0,0.0,0.0,0.0,0.0,0.0,3.0,12.0,1.0,12.15,5.0200000000000005,2.51,1.49,0.0,0.0,0.0,0.4,0.0,0.8,-0.5,-0.1,-169.70000000000002,0.0,0.0,169.8,0.0,22.200000000000003,29.200000000000003,29.200000000000003,29.700000000000003,300.0,300.0,31.5,35.6,29.1,28.3,30.200000000000003,4.96,1.99,4.97,0.16,0.0,0.0,1027.0,8228.0,0.0,0.0,0.0,0.0,0.0,1.0,0.0,0.0,0.0,0.0,0.0,-0.7000000000000001,0.0,0.0,0.0,0.0001,16.0,25903.0
2026-07-30T19:01:31.172Z,260.655,260.67,0.0,7.4,0.0,0.0,0.0,0.0,0.0,0.0,0.0,0.0,1.0,0.0,0.0,0.0,9.0,4.0,0.0,0.0,0.0,0.0,0.0,0.0,0.0,0.0,4.0,12.0,1.0,12.15,5.0200000000000005,2.51,1.49,0.0,0.0,0.0,0.4,0.0,0.2,0.6000000000000001,0.4,-169.70000000000002,0.0,0.0,169.8,0.0,22.200000000000003,29.200000000000003,29.200000000000003,29.700000000000003,300.0,300.0,31.5,35.6,29.1,28.3,30.200000000000003,4.96,2.0,4.96,0.16,0.0,0.0,1027.0,8228.0,0.0,0.0,0.0,0.0,0.0,1.0,0.0,0.0,0.0,0.0,0.0,1.0,0.0,-0.2,0.0,0.0,16.0,25903.0
2026-07-30T19:01:31.185Z,260.668,260.682,0.0,7.4,0.0,0.0,0.0,0.0,0.0,0.0,0.0,0.0,1.0,0.0,0.0,0.0,9.0,4.0,0.0,0.0,0.0,0.0,0.0,0.0,0.0,0.0,5.0,12.0,1.0,12.15,5.0200000000000005,2.51,1.49,0.0,0.0,0.0,0.4,0.0,0.2,0.6000000000000001,-0.7000000000000001,-169.70000000000002,0.0,0.0,169.8,0.0,22.200000000000003,29.200000000000003,29.200000000000003,29.700000000000003,300.0,300.0,31.5,35.6,29.1,28.3,30.200000000000003,4.96,1.99,4.96,0.16,0.0,0.0,1027.0,8228.0,0.0,0.0,0.0,0.0,0.0,1.0,0.0,0.0,0.0,0.0,0.0,0.1,0.0,0.8,0.0,0.0,16.0,25903.0
2026-07-30T19:01:31.199Z,260.682,260.694,0.0,7.4,0.0,0.0,0.0,0.0,0.0,0.0,0.0,0.0,1.0,0.0,0.0,0.0,9.0,4.0,0.0,0.0,0.0,0.0,0.0,0.0,0.0,0.0,6.0,12.0,1.0,12.15,5.0200000000000005,2.51,1.49,0.0,0.0,0.0,0.4,0.0,0.2,-0.4,-1.3,-169.70000000000002,0.0,0.0,169.8,0.0,22.200000000000003,29.200000000000003,29.200000000000003,29.700000000000003,300.0,300.0,31.5,35.6,29.1,28.3,30.200000000000003,4.96,1.99,4.97,0.16,0.0,0.0,1027.0,8228.0,0.0,0.0,0.0,0.0,0.0,1.0,0.0,0.0,0.0,0.0,0.0,-1.5,0.0,1.0,0.0,0.0,16.0,25903.0
2026-07-30T19:01:31.209Z,260.692,260.706,0.0,7.4,0.0,0.0,0.0,0.0,0.0,0.0,0.0,0.0,1.0,0.0,0.0,0.0,9.0,4.0,0.0,0.0,0.0,0.0,0.0,0.0,0.0,0.0,5.0,12.0,1.0,12.17,5.01,2.51,1.49,0.0,0.0,0.0,0.4,0.0,-0.3,-0.5,0.3,-169.70000000000002,0.0,0.0,169.70000000000002,0.0,21.700000000000003,29.200000000000003,29.200000000000003,29.700000000000003,300.0,300.0,31.5,35.6,29.1,28.3,30.200000000000003,4.96,1.99,4.96,0.16,0.0,0.0,1027.0,8228.0,0.0,0.0,0.0,0.0,0.0,1.0,0.0,0.0,0.0,0.0,0.0,-0.3,0.0,-0.4,0.0,0.0,16.0,25903.0
2026-07-30T19:01:31.221Z,260.704,260.718,0.0,7.4,0.0,0.0,0.0,0.0,0.0,0.0,0.0,0.0,1.0,0.0,0.0,0.0,9.0,4.0,0.0,0.0,0.0,0.0,0.0,0.0,0.0,0.0,6.0,12.0,1.0,12.17,5.01,2.51,1.49,0.0,0.0,0.0,0.4,0.0,-0.2,0.0,-0.7000000000000001,-169.70000000000002,0.0,0.0,169.70000000000002,0.0,21.700000000000003,29.200000000000003,29.200000000000003,29.700000000000003,300.0,300.0,31.5,35.6,29.1,28.3,30.200000000000003,4.96,1.99,4.97,0.16,0.0,0.0,1027.0,8228.0,0.0,0.0,0.0,0.0,0.0,1.0,0.0,0.0,0.0,0.0,0.0,0.6000000000000001,0.0,0.2,0.0,0.0,16.0,25903.0
2026-07-30T19:01:31.233Z,260.716,260.73,0.0,7.4,0.0,0.0,0.0,0.0,0.0,0.0,0.0,0.0,1.0,0.0,0.0,0.0,9.0,4.0,0.0,0.0,0.0,0.0,0.0,0.0,0.0,0.0,2.0,12.0,1.0,12.17,5.01,2.51,1.49,0.0,0.0,0.0,0.4,0.0,-0.8,0.1,0.4,-169.70000000000002,0.0,0.0,169.70000000000002,0.0,21.700000000000003,29.200000000000003,29.200000000000003,29.700000000000003,300.0,300.0,31.5,35.6,29.1,28.3,30.200000000000003,4.95,1.99,4.97,0.16,0.0,0.0,1027.0,8228.0,0.0,0.0,0.0,0.0,0.0,1.0,0.0,0.0,0.0,0.0,0.0,-0.8,0.0,1.1,0.0,0.0001,16.0,25903.0
2026-07-30T19:01:31.244Z,260.727,260.742,0.0,7.4,0.0,0.0,0.0,0.0,0.0,0.0,0.0,0.0,1.0,0.0,0.0,0.0,9.0,4.0,0.0,0.0,0.0,0.0,0.0,0.0,0.0,0.0,2.0,12.0,1.0,12.17,5.01,2.51,1.49,0.0,0.0,0.0,0.4,0.0,-0.2,-0.4,-0.1,-169.70000000000002,0.0,0.0,169.8,0.0,21.700000000000003,29.200000000000003,29.200000000000003,29.700000000000003,300.0,300.0,31.5,35.6,29.1,28.3,30.200000000000003,4.96,1.99,4.96,0.16,0.0,0.0,1027.0,8228.0,0.0,0.0,0.0,0.0,0.0,1.0,0.0,0.0,0.0,0.0,0.0,0.2,0.0,-1.0,0.0,0.0,16.0,25903.0
2026-07-30T19:01:31.256Z,260.739,260.754,0.0,7.4,0.0,0.0,0.0,0.0,0.0,0.0,0.0,0.0,1.0,0.0,0.0,0.0,9.0,4.0,0.0,0.0,0.0,0.0,0.0,0.0,0.0,0.0,3.0,12.0,1.0,12.17,5.01,2.51,1.49,0.0,0.0,0.0,0.4,0.0,0.3,0.0,-0.7000000000000001,-169.70000000000002,0.0,0.0,169.70000000000002,0.0,21.700000000000003,29.200000000000003,29.200000000000003,29.700000000000003,300.0,300.0,31.5,35.6,29.1,28.3,30.200000000000003,4.95,1.99,4.97,0.16,0.0,0.0,1027.0,8228.0,0.0,0.0,0.0,0.0,0.0,1.0,0.0,0.0,0.0,0.0,0.0,0.0,0.0,0.1,0.0,0.0002,16.0,25903.0
2026-07-30T19:01:31.269Z,260.752,260.766,0.0,7.4,0.0,0.0,0.0,0.0,0.0,0.0,0.0,0.0,1.0,0.0,0.0,0.0,9.0,4.0,0.0,0.0,0.0,0.0,0.0,0.0,0.0,0.0,4.0,12.0,1.0,12.17,5.01,2.51,1.49,0.0,0.1,0.0,0.4,0.0,-0.2,-0.5,-0.1,-169.70000000000002,0.0,0.0,169.70000000000002,0.0,21.700000000000003,29.200000000000003,29.200000000000003,29.700000000000003,300.0,300.0,31.5,35.6,29.1,28.3,30.200000000000003,4.95,1.99,4.97,0.16,0.0,0.0,1027.0,8228.0,0.0,0.0,0.0,0.0,0.0,1.0,0.0,0.0,0.0,0.0,0.0,-0.7000000000000001,0.0,0.0,0.0,0.0002,16.0,25903.0
2026-07-30T19:01:31.281Z,260.764,260.778,0.0,7.4,0.0,0.0,0.0,0.0,0.0,0.0,0.0,0.0,1.0,0.0,0.0,0.0,9.0,4.0,0.0,0.0,0.0,0.0,0.0,0.0,0.0,0.0,5.0,12.0,1.0,12.17,5.01,2.51,1.49,0.0,0.0,0.0,0.4,0.0,0.2,0.0,-0.2,-169.70000000000002,0.0,0.0,169.70000000000002,0.0,21.700000000000003,29.200000000000003,29.200000000000003,29.700000000000003,300.0,300.0,31.5,35.6,29.1,28.3,30.200000000000003,4.95,1.99,4.97,0.16,0.0,0.0,1027.0,8228.0,0.0,0.0,0.0,0.0,0.0,1.0,0.0,0.0,0.0,0.0,0.0,-0.1,0.0,0.1,0.0,0.0,16.0,25903.0
2026-07-30T19:01:31.293Z,260.776,260.79,0.0,7.4,0.0,0.0,0.0,0.0,0.0,0.0,0.0,0.0,1.0,0.0,0.0,0.0,9.0,4.0,0.0,0.0,0.0,0.0,0.0,0.0,0.0,0.0,6.0,12.0,1.0,12.17,5.01,2.51,1.49,0.0,0.1,0.0,0.5,0.0,0.8,-0.5,-0.1,-169.70000000000002,0.0,0.0,169.70000000000002,0.0,21.700000000000003,29.200000000000003,29.200000000000003,29.700000000000003,300.0,300.0,31.5,35.6,29.1,28.3,30.200000000000003,4.96,1.99,4.96,0.16,0.0,0.0,1027.0,8228.0,0.0,0.0,0.0,0.0,0.0,1.0,0.0,0.0,0.0,0.0,0.0,-0.7000000000000001,0.0,0.0,0.0,0.0,16.0,25903.0
2026-07-30T19:01:31.305Z,260.788,260.802,0.0,7.4,0.0,0.0,0.0,0.0,0.0,0.0,0.0,0.0,1.0,0.0,0.0,0.0,9.0,4.0,0.0,0.0,0.0,0.0,0.0,0.0,0.0,0.0,1.0,12.0,1.0,12.11,5.01,2.51,1.5,0.0,0.0,0.0,0.4,0.0,-0.8,-1.2000000000000002,-0.2,-169.70000000000002,0.0,0.0,169.70000000000002,0.0,21.4,29.200000000000003,29.200000000000003,29.700000000000003,300.0,300.0,31.700000000000003,35.7,29.1,28.3,30.200000000000003,4.95,1.99,4.97,0.16,0.0,0.0,1027.0,8228.0,0.0,0.0,0.0,0.0,0.0,1.0,0.0,0.0,0.0,0.0,0.0,-1.5,0.0,0.0,0.0,0.0,16.0,25903.0
2026-07-30T19:01:31.317Z,260.8,260.814,0.0,7.4,0.0,0.0,0.0,0.0,0.0,0.0,0.0,0.0,1.0,0.0,0.0,0.0,9.0,4.0,0.0,0.0,0.0,0.0,0.0,0.0,0.0,0.0,2.0,12.0,1.0,12.11,5.01,2.51,1.5,0.0,0.1,0.0,0.4,0.0,0.2,1.7000000000000002,0.3,-169.70000000000002,0.0,0.0,169.8,0.0,21.4,29.200000000000003,29.200000000000003,29.700000000000003,300.0,300.0,31.700000000000003,35.7,29.1,28.3,30.200000000000003,4.95,2.0,4.96,0.16,0.0,0.0,1027.0,8228.0,0.0,0.0,0.0,0.0,0.0,1.0,0.0,0.0,0.0,0.0,0.0,2.2,0.0,0.0,0.0,0.0,16.0,25903.0
2026-07-30T19:01:31.329Z,260.812,260.826,0.0,7.4,0.0,0.0,0.0,0.0,0.0,0.0,0.0,0.0,1.0,0.0,0.0,0.0,9.0,4.0,0.0,0.0,0.0,0.0,0.0,0.0,0.0,0.0,4.0,12.0,1.0,12.11,5.01,2.51,1.5,0.0,0.0,0.0,0.4,0.0,-0.8,-0.5,-0.7000000000000001,-169.70000000000002,0.0,0.0,169.8,0.0,21.4,29.200000000000003,29.200000000000003,29.700000000000003,300.0,300.0,31.700000000000003,35.7,29.1,28.3,30.200000000000003,4.96,1.99,4.96,0.16,0.0,0.0,1027.0,8228.0,0.0,0.0,0.0,0.0,0.0,1.0,0.0,0.0,0.0,0.0,0.0,-1.2000000000000002,0.0,0.5,0.0,0.0001,16.0,25903.0
2026-07-30T19:01:31.341Z,260.824,260.838,0.0,7.4,0.0,0.0,0.0,0.0,0.0,0.0,0.0,0.0,1.0,0.0,0.0,0.0,9.0,4.0,0.0,0.0,0.0,0.0,0.0,0.0,0.0,0.0,5.0,12.0,1.0,12.11,5.01,2.51,1.5,0.0,0.0,0.0,0.4,0.0,-0.3,0.0,0.9,-169.70000000000002,0.0,0.0,169.8,0.0,21.4,29.200000000000003,29.200000000000003,29.700000000000003,300.0,300.0,31.700000000000003,35.7,29.1,28.3,30.200000000000003,4.96,1.99,4.96,0.16,0.0,0.0,1027.0,8228.0,0.0,0.0,0.0,0.0,0.0,1.0,0.0,0.0,0.0,0.0,0.0,0.7000000000000001,0.0,-0.8,0.0,0.0001,16.0,25903.0
2026-07-30T19:01:31.353Z,260.836,260.85,0.0,7.4,0.0,0.0,0.0,0.0,0.0,0.0,0.0,0.0,1.0,0.0,0.0,0.0,9.0,4.0,0.0,0.0,0.0,0.0,0.0,0.0,0.0,0.0,6.0,12.0,1.0,12.11,5.01,2.51,1.5,0.0,0.0,0.0,0.5,0.0,0.2,-0.5,-0.1,-169.70000000000002,0.0,0.0,169.8,0.0,21.4,29.200000000000003,29.200000000000003,29.700000000000003,300.0,300.0,31.700000000000003,35.7,29.1,28.3,30.200000000000003,4.95,1.99,4.97,0.16,0.0,0.0,1027.0,8228.0,0.0,0.0,0.0,0.0,0.0,1.0,0.0,0.0,0.0,0.0,0.0,-0.7000000000000001,0.0,0.0,0.0,0.0,16.0,25903.0
2026-07-30T19:01:31.364Z,260.847,260.862,0.0,7.4,0.0,0.0,0.0,0.0,0.0,0.0,0.0,0.0,1.0,0.0,0.0,0.0,9.0,4.0,0.0,0.0,0.0,0.0,0.0,0.0,0.0,0.0,1.0,12.0,1.0,12.11,5.01,2.51,1.5,0.0,0.0,0.0,0.4,0.0,0.8,0.0,2.1,-169.70000000000002,0.0,0.0,169.8,0.0,21.4,29.200000000000003,29.200000000000003,29.700000000000003,300.0,300.0,31.700000000000003,35.7,29.1,28.3,30.200000000000003,4.95,2.0,4.96,0.16,0.0,0.0,1027.0,8228.0,0.0,0.0,0.0,0.0,0.0,1.0,0.0,0.0,0.0,0.0,0.0,1.6,0.0,-1.9,0.0,0.0,16.0,25903.0
2026-07-30T19:01:31.377Z,260.86,260.874,0.0,7.4,0.0,0.0,0.0,0.0,0.0,0.0,0.0,0.0,1.0,0.0,0.0,0.0,9.0,4.0,0.0,0.0,0.0,0.0,0.0,0.0,0.0,0.0,2.0,12.0,1.0,12.11,5.01,2.51,1.5,0.0,0.0,0.0,0.4,0.0,-0.3,1.2000000000000002,-0.7000000000000001,-169.70000000000002,0.0,0.0,169.8,0.0,21.4,29.200000000000003,29.200000000000003,29.700000000000003,300.0,300.0,31.700000000000003,35.7,29.1,28.3,30.200000000000003,4.96,2.0,4.96,0.16,0.0,0.0,1027.0,8228.0,0.0,0.0,0.0,0.0,0.0,1.0,0.0,0.0,0.0,0.0,0.0,0.8,0.0,0.8,0.0,0.0,16.0,25903.0
2026-07-30T19:01:31.388Z,260.871,260.886,0.0,7.4,0.0,0.0,0.0,0.0,0.0,0.0,0.0,0.0,1.0,0.0,0.0,0.0,9.0,4.0,0.0,0.0,0.0,0.0,0.0,0.0,0.0,0.0,3.0,12.0,1.0,12.11,5.01,2.51,1.5,0.0,0.0,0.0,0.4,0.0,0.2,0.0,-0.1,-169.70000000000002,0.0,0.0,169.70000000000002,0.0,21.4,29.200000000000003,29.200000000000003,29.700000000000003,300.0,300.0,31.700000000000003,35.7,29.1,28.3,30.200000000000003,4.96,2.0,4.97,0.16,0.0,0.0,1027.0,8228.0,0.0,0.0,0.0,0.0,0.0,1.0,0.0,0.0,0.0,0.0,0.0,0.0,0.0,0.1,0.0,0.0001,16.0,25903.0
2026-07-30T19:01:31.401Z,260.884,260.898,0.0,7.4,0.0,0.0,0.0,0.0,0.0,0.0,0.0,0.0,1.0,0.0,0.0,0.0,9.0,4.0,0.0,0.0,0.0,0.0,0.0,0.0,0.0,0.0,4.0,12.0,1.0,12.11,5.01,2.51,1.5,0.0,0.0,0.0,0.5,0.0,-0.3,-0.4,0.9,-169.70000000000002,0.0,0.0,169.8,0.0,21.4,29.200000000000003,29.200000000000003,29.700000000000003,300.0,300.0,31.700000000000003,35.7,29.1,28.3,30.200000000000003,4.96,1.99,4.96,0.16,0.0,0.0,1027.0,8228.0,0.0,0.0,0.0,0.0,0.0,1.0,0.0,0.0,0.0,0.0,0.0,0.1,0.0,-0.9,0.0,0.0,16.0,25903.0
2026-07-30T19:01:31.413Z,260.896,260.91,0.0,7.4,0.0,0.0,0.0,0.0,0.0,0.0,0.0,0.0,1.0,0.0,0.0,0.0,9.0,4.0,0.0,0.0,0.0,0.0,0.0,0.0,0.0,0.0,6.0,12.0,1.0,12.18,5.0200000000000005,2.51,1.49,0.0,0.0,0.0,0.4,0.0,0.2,0.1,-0.1,-169.70000000000002,0.0,0.0,169.70000000000002,0.0,21.700000000000003,29.200000000000003,29.200000000000003,29.700000000000003,300.0,300.0,31.6,35.5,29.1,28.3,30.200000000000003,4.96,2.0,4.96,0.16,0.0,0.0,1027.0,8228.0,0.0,0.0,0.0,0.0,0.0,1.0,0.0,0.0,0.0,0.0,0.0,0.0,0.0,0.1,0.0,0.0001,16.0,25903.0
2026-07-30T19:01:31.425Z,260.908,260.922,0.0,7.4,0.0,0.0,0.0,0.0,0.0,0.0,0.0,0.0,1.0,0.0,0.0,0.0,9.0,4.0,0.0,0.0,0.0,0.0,0.0,0.0,0.0,0.0,1.0,12.0,1.0,12.18,5.0200000000000005,2.51,1.49,0.0,0.0,0.0,0.4,0.0,-0.8,-0.4,-0.7000000000000001,-169.70000000000002,0.0,0.0,169.8,0.0,21.700000000000003,29.200000000000003,29.200000000000003,29.700000000000003,300.0,300.0,31.6,35.5,29.1,28.3,30.200000000000003,4.95,1.99,4.96,0.16,0.0,0.0,1027.0,8228.0,0.0,0.0,0.0,0.0,0.0,1.0,0.0,0.0,0.0,0.0,0.0,-1.0,0.0,0.5,0.0,0.0002,16.0,25903.0
2026-07-30T19:01:31.437Z,260.92,260.934,0.0,7.4,0.0,0.0,0.0,0.0,0.0,0.0,0.0,0.0,1.0,0.0,0.0,0.0,9.0,4.0,0.0,0.0,0.0,0.0,0.0,0.0,0.0,0.0,1.0,12.0,1.0,12.18,5.0200000000000005,2.51,1.49,0.0,0.0,0.0,0.4,0.0,0.3,-0.4,-0.7000000000000001,-169.70000000000002,0.0,0.0,169.70000000000002,0.0,21.700000000000003,29.200000000000003,29.200000000000003,29.700000000000003,300.0,300.0,31.6,35.5,29.1,28.3,30.200000000000003,4.96,1.99,4.97,0.16,0.0,0.0,1027.0,8228.0,0.0,0.0,0.0,0.0,0.0,1.0,0.0,0.0,0.0,0.0,0.0,-1.0,0.0,0.5,0.0,0.0002,16.0,25903.0
2026-07-30T19:01:31.449Z,260.932,260.946,0.0,7.4,0.0,0.0,0.0,0.0,0.0,0.0,0.0,0.0,1.0,0.0,0.0,0.0,9.0,4.0,0.0,0.0,0.0,0.0,0.0,0.0,0.0,0.0,2.0,12.0,1.0,12.18,5.0200000000000005,2.51,1.49,0.0,0.0,0.0,0.4,0.0,0.3,-1.6,0.4,-169.70000000000002,0.0,0.0,169.60000000000002,0.0,21.700000000000003,29.200000000000003,29.200000000000003,29.700000000000003,300.0,300.0,31.6,35.5,29.1,28.3,30.200000000000003,4.96,2.0,4.96,0.16,0.0,0.0,1027.0,8228.0,0.0,0.0,0.0,0.0,0.0,1.0,0.0,0.0,0.0,0.0,0.0,-1.5,0.0,-0.7000000000000001,0.0,0.0001,16.0,25903.0
2026-07-30T19:01:31.461Z,260.944,260.958,0.0,7.4,0.0,0.0,0.0,0.0,0.0,0.0,0.0,0.0,1.0,0.0,0.0,0.0,9.0,4.0,0.0,0.0,0.0,0.0,0.0,0.0,0.0,0.0,3.0,12.0,1.0,12.18,5.0200000000000005,2.51,1.49,0.0,0.0,0.0,0.4,0.0,0.3,0.7000000000000001,0.5,-169.70000000000002,0.0,0.0,169.70000000000002,0.0,21.700000000000003,29.200000000000003,29.200000000000003,29.700000000000003,300.0,300.0,31.6,35.5,29.1,28.3,30.200000000000003,4.96,1.99,4.97,0.16,0.0,0.0,1027.0,8228.0,0.0,0.0,0.0,0.0,0.0,1.0,0.0,0.0,0.0,0.0,0.0,1.2000000000000002,0.0,-0.2,0.0,0.0001,16.0,25903.0
2026-07-30T19:01:31.473Z,260.956,260.97,0.0,7.4,0.0,0.0,0.0,0.0,0.0,0.0,0.0,0.0,1.0,0.0,0.0,0.0,9.0,4.0,0.0,0.0,0.0,0.0,0.0,0.0,0.0,0.0,5.0,12.0,1.0,12.18,5.0200000000000005,2.51,1.49,0.0,0.0,0.0,0.4,0.0,0.3,0.1,1.0,-169.70000000000002,0.0,0.0,169.8,0.0,21.700000000000003,29.200000000000003,29.200000000000003,29.700000000000003,300.0,300.0,31.6,35.5,29.1,28.3,30.200000000000003,4.94,1.99,4.97,0.16,0.0,0.0,1027.0,8228.0,0.0,0.0,0.0,0.0,0.0,1.0,0.0,0.0,0.0,0.0,0.0,0.9,0.0,-0.8,0.0,0.0,16.0,25903.0
2026-07-30T19:01:31.485Z,260.968,260.982,0.0,7.4,0.0,0.0,0.0,0.0,0.0,0.0,0.0,0.0,1.0,0.0,0.0,0.0,9.0,4.0,0.0,0.0,0.0,0.0,0.0,0.0,0.0,0.0,6.0,12.0,1.0,12.18,5.0200000000000005,2.51,1.49,0.0,0.0,0.0,0.4,0.0,-0.8,-1.0,-1.8,-169.70000000000002,0.0,0.0,169.8,0.0,21.700000000000003,29.200000000000003,29.200000000000003,29.700000000000003,300.0,300.0,31.6,35.5,29.1,28.3,30.200000000000003,4.96,1.99,4.97,0.16,0.0,0.0,1027.0,8228.0,0.0,0.0,0.0,0.0,0.0,1.0,0.0,0.0,0.0,0.0,0.0,-2.5,0.0,1.4,0.0,0.0001,16.0,25903.0
2026-07-30T19:01:31.497Z,260.98,260.994,0.0,7.4,0.0,0.0,0.0,0.0,0.0,0.0,0.0,0.0,1.0,0.0,0.0,0.0,9.0,4.0,0.0,0.0,0.0,0.0,0.0,0.0,0.0,0.0,1.0,12.0,1.0,12.18,5.0200000000000005,2.51,1.49,0.0,0.0,0.0,0.4,0.0,0.3,-0.4,-1.3,-169.70000000000002,0.0,0.0,169.8,0.0,21.700000000000003,29.200000000000003,29.200000000000003,29.700000000000003,300.0,300.0,31.6,35.5,29.1,28.3,30.200000000000003,4.96,1.99,4.96,0.16,0.0,0.0,1027.0,8228.0,0.0,0.0,0.0,0.0,0.0,1.0,0.0,0.0,0.0,0.0,0.0,-1.4,0.0,1.0,0.0,0.0001,16.0,25903.0
2026-07-30T19:01:31.511Z,260.994,261.00600000000003,0.0,7.4,0.0,0.0,0.0,0.0,0.0,0.0,0.0,0.0,1.0,0.0,0.0,0.0,9.0,4.0,0.0,0.0,0.0,0.0,0.0,0.0,0.0,0.0,1.0,12.0,1.0,12.17,5.01,2.51,1.49,0.0,0.1,0.0,0.4,0.0,-0.2,-0.4,-0.7000000000000001,-169.70000000000002,0.0,0.0,169.8,0.0,21.200000000000003,29.200000000000003,29.200000000000003,29.700000000000003,300.0,300.0,31.5,35.6,29.1,28.3,30.200000000000003,4.96,1.99,4.97,0.16,0.0,0.0,1027.0,8228.0,0.0,0.0,0.0,0.0,0.0,1.0,0.0,0.0,0.0,0.0,0.0,-1.0,0.0,0.5,0.0,0.0,16.0,25903.0
2026-07-30T19:01:31.521Z,261.004,261.01800000000003,0.0,7.4,0.0,0.0,0.0,0.0,0.0,0.0,0.0,0.0,1.0,0.0,0.0,0.0,9.0,4.0,0.0,0.0,0.0,0.0,0.0,0.0,0.0,0.0,1.0,12.0,1.0,12.17,5.01,2.51,1.49,0.0,0.0,0.0,0.4,0.0,0.8,1.2000000000000002,1.0,-169.70000000000002,0.0,0.0,169.70000000000002,0.0,21.200000000000003,29.200000000000003,29.200000000000003,29.700000000000003,300.0,300.0,31.5,35.6,29.1,28.3,30.200000000000003,4.96,1.99,4.97,0.16,0.0,0.0,1027.0,8228.0,0.0,0.0,0.0,0.0,0.0,1.0,0.0,0.0,0.0,0.0,0.0,2.1,0.0,-0.6000000000000001,0.0,0.0001,16.0,25903.0
2026-07-30T19:01:31.533Z,261.016,261.03000000000003,0.0,7.4,0.0,0.0,0.0,0.0,0.0,0.0,0.0,0.0,1.0,0.0,0.0,0.0,9.0,4.0,0.0,0.0,0.0,0.0,0.0,0.0,0.0,0.0,1.0,12.0,1.0,12.17,5.01,2.51,1.49,0.0,0.0,0.0,0.4,0.0,-0.3,-0.5,-0.6000000000000001,-169.70000000000002,0.0,0.0,169.70000000000002,0.0,21.200000000000003,29.200000000000003,29.200000000000003,29.700000000000003,300.0,300.0,31.5,35.6,29.1,28.3,30.200000000000003,4.96,1.99,4.96,0.16,0.0,0.0,1027.0,8228.0,0.0,0.0,0.0,0.0,0.0,1.0,0.0,0.0,0.0,0.0,0.0,-1.1,0.0,0.4,0.0,0.0002,16.0,25903.0
2026-07-30T19:01:31.545Z,261.028,261.04200000000003,0.0,7.4,0.0,0.0,0.0,0.0,0.0,0.0,0.0,0.0,1.0,0.0,0.0,0.0,9.0,4.0,0.0,0.0,0.0,0.0,0.0,0.0,0.0,0.0,2.0,12.0,1.0,12.17,5.01,2.51,1.49,0.0,0.0,0.0,0.4,0.0,0.2,-0.5,-1.3,-169.70000000000002,0.0,0.0,169.8,0.0,21.200000000000003,29.200000000000003,29.200000000000003,29.700000000000003,300.0,300.0,31.5,35.6,29.1,28.3,30.200000000000003,4.95,1.99,4.97,0.16,0.0,0.0,1027.0,8228.0,0.0,0.0,0.0,0.0,0.0,1.0,0.0,0.0,0.0,0.0,0.0,-1.6,0.0,1.0,0.0,0.0001,16.0,25903.0
2026-07-30T19:01:31.557Z,261.04,261.05400000000003,0.0,7.4,0.0,0.0,0.0,0.0,0.0,0.0,0.0,0.0,1.0,0.0,0.0,0.0,9.0,4.0,0.0,0.0,0.0,0.0,0.0,0.0,0.0,0.0,3.0,12.0,1.0,12.17,5.01,2.51,1.49,0.0,0.0,0.0,0.4,0.0,0.8,0.6000000000000001,-0.6000000000000001,-169.70000000000002,0.0,0.0,169.8,0.0,21.200000000000003,29.200000000000003,29.200000000000003,29.700000000000003,300.0,300.0,31.5,35.6,29.1,28.3,30.200000000000003,4.95,1.99,4.97,0.16,0.0,0.0,1027.0,8228.0,0.0,0.0,0.0,0.0,0.0,1.0,0.0,0.0,0.0,0.0,0.0,0.1,0.0,0.7000000000000001,0.0,0.0001,16.0,25903.0
2026-07-30T19:01:31.569Z,261.052,261.06600000000003,0.0,7.4,0.0,0.0,0.0,0.0,0.0,0.0,0.0,0.0,1.0,0.0,0.0,0.0,9.0,4.0,0.0,0.0,0.0,0.0,0.0,0.0,0.0,0.0,4.0,12.0,1.0,12.17,5.01,2.51,1.49,0.0,0.1,0.0,0.4,0.0,0.2,1.1,0.4,-169.70000000000002,0.0,0.0,169.8,0.0,21.200000000000003,29.200000000000003,29.200000000000003,29.700000000000003,300.0,300.0,31.5,35.6,29.1,28.3,30.200000000000003,4.96,1.99,4.97,0.16,0.0,0.0,1027.0,8228.0,0.0,0.0,0.0,0.0,0.0,1.0,0.0,0.0,0.0,0.0,0.0,1.6,0.0,-0.1,0.0,0.0,16.0,25903.0
2026-07-30T19:01:31.581Z,261.064,261.07800000000003,0.0,7.4,0.0,0.0,0.0,0.0,0.0,0.0,0.0,0.0,1.0,0.0,0.0,0.0,9.0,4.0,0.0,0.0,0.0,0.0,0.0,0.0,0.0,0.0,5.0,12.0,1.0,12.17,5.01,2.51,1.49,0.0,0.0,0.0,0.4,0.0,0.2,-0.5,0.4,-169.70000000000002,0.0,0.0,169.8,0.0,21.200000000000003,29.200000000000003,29.200000000000003,29.700000000000003,300.0,300.0,31.5,35.6,29.1,28.3,30.200000000000003,4.96,1.99,4.97,0.16,0.0,0.0,1027.0,8228.0,0.0,0.0,0.0,0.0,0.0,1.0,0.0,0.0,0.0,0.0,0.0,-0.2,0.0,-0.5,0.0,0.0,16.0,25903.0
2026-07-30T19:01:31.593Z,261.076,261.09000000000003,0.0,7.4,0.0,0.0,0.0,0.0,0.0,0.0,0.0,0.0,1.0,0.0,0.0,0.0,9.0,4.0,0.0,0.0,0.0,0.0,0.0,0.0,0.0,0.0,6.0,12.0,1.0,12.17,5.01,2.51,1.49,0.0,0.0,0.0,0.4,0.0,-1.4,0.0,-1.8,-169.70000000000002,0.0,0.0,169.8,0.0,21.200000000000003,29.200000000000003,29.200000000000003,29.700000000000003,300.0,300.0,31.5,35.6,29.1,28.3,30.200000000000003,4.95,1.99,4.97,0.16,0.0,0.0,1027.0,8228.0,0.0,0.0,0.0,0.0,0.0,1.0,0.0,0.0,0.0,0.0,0.0,-1.3,0.0,1.6,0.0,0.0001,16.0,25903.0
2026-07-30T19:01:31.605Z,261.088,261.10200000000003,0.0,7.4,0.0,0.0,0.0,0.0,0.0,0.0,0.0,0.0,1.0,0.0,0.0,0.0,9.0,4.0,0.0,0.0,0.0,0.0,0.0,0.0,0.0,0.0,2.0,12.0,1.0,12.17,5.01,2.51,1.49,0.0,0.0,0.0,0.4,0.0,-0.8,-0.5,0.4,-169.70000000000002,0.0,0.0,169.8,0.0,21.200000000000003,29.200000000000003,29.200000000000003,29.700000000000003,300.0,300.0,31.5,35.6,29.1,28.3,30.200000000000003,4.95,1.99,4.96,0.16,0.0,0.0,1027.0,8228.0,0.0,0.0,0.0,0.0,0.0,1.0,0.0,0.0,0.0,0.0,0.0,-0.2,0.0,-0.5,0.0,0.0001,16.0,25903.0
2026-07-30T19:01:31.617Z,261.1,261.11400000000003,0.0,7.4,0.0,0.0,0.0,0.0,0.0,0.0,0.0,0.0,1.0,0.0,0.0,0.0,9.0,4.0,0.0,0.0,0.0,0.0,0.0,0.0,0.0,0.0,3.0,12.0,1.0,12.18,5.01,2.51,1.49,0.0,0.0,0.0,0.4,0.0,-0.3,0.0,-0.7000000000000001,-169.70000000000002,0.0,0.0,169.8,0.0,21.700000000000003,29.200000000000003,29.200000000000003,29.700000000000003,300.0,300.0,31.5,35.7,29.1,28.3,30.200000000000003,4.96,1.99,4.96,0.16,0.0,0.0,1027.0,8228.0,0.0,0.0,0.0,0.0,0.0,1.0,0.0,0.0,0.0,0.0,0.0,-0.4,0.0,0.7000000000000001,0.0,0.0,16.0,25903.0
2026-07-30T19:01:31.629Z,261.112,261.12600000000003,0.0,7.4,0.0,0.0,0.0,0.0,0.0,0.0,0.0,0.0,1.0,0.0,0.0,0.0,9.0,4.0,0.0,0.0,0.0,0.0,0.0,0.0,0.0,0.0,5.0,12.0,1.0,12.18,5.01,2.51,1.49,0.0,0.0,0.0,0.5,0.0,0.8,-0.4,-0.1,-169.70000000000002,0.0,0.0,169.8,0.0,21.700000000000003,29.200000000000003,29.200000000000003,29.700000000000003,300.0,300.0,31.5,35.7,29.1,28.3,30.200000000000003,4.95,1.99,4.96,0.16,0.0,0.0,1027.0,8228.0,0.0,0.0,0.0,0.0,0.0,1.0,0.0,0.0,0.0,0.0,0.0,-0.6000000000000001,0.0,0.0,0.0,0.0,16.0,25903.0
2026-07-30T19:01:31.641Z,261.124,261.13800000000003,0.0,7.4,0.0,0.0,0.0,0.0,0.0,0.0,0.0,0.0,1.0,0.0,0.0,0.0,9.0,4.0,0.0,0.0,0.0,0.0,0.0,0.0,0.0,0.0,6.0,12.0,1.0,12.18,5.01,2.51,1.49,0.0,0.0,0.0,0.4,0.0,0.2,-0.5,0.4,-169.70000000000002,0.0,0.0,169.8,0.0,21.700000000000003,29.200000000000003,29.200000000000003,29.700000000000003,300.0,300.0,31.5,35.7,29.1,28.3,30.200000000000003,4.96,1.99,4.97,0.16,0.0,0.0,1027.0,8228.0,0.0,0.0,0.0,0.0,0.0,1.0,0.0,0.0,0.0,0.0,0.0,-0.2,0.0,-0.4,0.0,0.0,16.0,25903.0
2026-07-30T19:01:31.652Z,261.135,261.15,0.0,7.4,0.0,0.0,0.0,0.0,0.0,0.0,0.0,0.0,1.0,0.0,0.0,0.0,9.0,4.0,0.0,0.0,0.0,0.0,0.0,0.0,0.0,0.0,1.0,12.0,1.0,12.18,5.01,2.51,1.49,0.0,0.0,0.0,0.4,0.0,-0.3,0.0,-0.1,-169.70000000000002,0.0,0.0,169.8,0.0,21.700000000000003,29.200000000000003,29.200000000000003,29.700000000000003,300.0,300.0,31.5,35.7,29.1,28.3,30.200000000000003,4.96,1.99,4.96,0.16,0.0,0.0,1027.0,8228.0,0.0,0.0,0.0,0.0,0.0,1.0,0.0,0.0,0.0,0.0,0.0,0.0,0.0,0.1,0.0,0.0,16.0,25903.0
2026-07-30T19:01:31.665Z,261.148,261.162,0.0,7.4,0.0,0.0,0.0,0.0,0.0,0.0,0.0,0.0,1.0,0.0,0.0,0.0,9.0,4.0,0.0,0.0,0.0,0.0,0.0,0.0,0.0,0.0,2.0,12.0,1.0,12.18,5.01,2.51,1.49,0.0,0.0,0.0,0.4,0.0,0.8,0.6000000000000001,1.6,-169.70000000000002,0.0,0.0,169.8,0.0,21.700000000000003,29.200000000000003,29.200000000000003,29.700000000000003,300.0,300.0,31.5,35.7,29.1,28.3,30.200000000000003,4.96,1.99,4.96,0.16,0.0,0.0,1027.0,8228.0,0.0,0.0,0.0,0.0,0.0,1.0,0.0,0.0,0.0,0.0,0.0,1.9,0.0,-1.2000000000000002,0.0,0.0001,16.0,25903.0
2026-07-30T19:01:31.676Z,261.159,261.174,0.0,7.4,0.0,0.0,0.0,0.0,0.0,0.0,0.0,0.0,1.0,0.0,0.0,0.0,9.0,4.0,0.0,0.0,0.0,0.0,0.0,0.0,0.0,0.0,2.0,12.0,1.0,12.18,5.01,2.51,1.49,0.0,0.0,0.0,0.5,0.0,0.8,-0.5,-0.7000000000000001,-169.70000000000002,0.0,0.0,169.70000000000002,0.0,21.700000000000003,29.200000000000003,29.200000000000003,29.700000000000003,300.0,300.0,31.5,35.7,29.1,28.3,30.200000000000003,4.96,1.99,4.97,0.16,0.0,0.0,1027.0,8228.0,0.0,0.0,0.0,0.0,0.0,1.0,0.0,0.0,0.0,0.0,0.0,-1.1,0.0,0.5,0.0,0.0,16.0,25903.0
2026-07-30T19:01:31.689Z,261.172,261.186,0.0,7.4,0.0,0.0,0.0,0.0,0.0,0.0,0.0,0.0,1.0,0.0,0.0,0.0,9.0,4.0,0.0,0.0,0.0,0.0,0.0,0.0,0.0,0.0,3.0,12.0,1.0,12.18,5.01,2.51,1.49,0.0,0.0,0.0,0.4,0.0,0.8,-1.1,1.0,-169.70000000000002,0.0,0.0,169.8,0.0,21.700000000000003,29.200000000000003,29.200000000000003,29.700000000000003,300.0,300.0,31.5,35.7,29.1,28.3,30.200000000000003,4.95,2.0,4.96,0.16,0.0,0.0,1027.0,8228.0,0.0,0.0,0.0,0.0,0.0,1.0,0.0,0.0,0.0,0.0,0.0,-0.5,0.0,-1.1,0.0,0.0,16.0,25903.0
2026-07-30T19:01:31.700Z,261.183,261.198,0.0,7.4,0.0,0.0,0.0,0.0,0.0,0.0,0.0,0.0,1.0,0.0,0.0,0.0,9.0,4.0,0.0,0.0,0.0,0.0,0.0,0.0,0.0,0.0,5.0,12.0,1.0,12.18,5.01,2.51,1.49,0.0,0.0,0.0,0.4,0.0,-0.3,0.6000000000000001,2.1,-169.70000000000002,0.0,0.0,169.8,0.0,21.700000000000003,29.200000000000003,29.200000000000003,29.700000000000003,300.0,300.0,31.5,35.7,29.1,28.3,30.200000000000003,4.95,1.99,4.97,0.16,0.0,0.0,1027.0,8228.0,0.0,0.0,0.0,0.0,0.0,1.0,0.0,0.0,0.0,0.0,0.0,2.3000000000000003,0.0,-1.7000000000000002,0.0,0.0001,16.0,25903.0
2026-07-30T19:01:31.714Z,261.197,261.21,0.0,7.4,0.0,0.0,0.0,0.0,0.0,0.0,0.0,0.0,1.0,0.0,0.0,0.0,9.0,4.0,0.0,0.0,0.0,0.0,0.0,0.0,0.0,0.0,6.0,12.0,1.0,12.17,5.0200000000000005,2.5,1.49,0.0,0.0,0.0,0.4,0.0,-0.3,0.1,-1.3,-169.70000000000002,0.0,0.0,169.8,0.0,21.4,29.200000000000003,29.200000000000003,29.700000000000003,300.0,300.0,31.700000000000003,35.6,29.1,28.3,30.200000000000003,4.95,1.99,4.97,0.16,0.0,0.0,1027.0,8228.0,0.0,0.0,0.0,0.0,0.0,1.0,0.0,0.0,0.0,0.0,0.0,-0.8,0.0,1.2000000000000002,0.0,0.0001,16.0,25903.0
2026-07-30T19:01:31.724Z,261.207,261.222,0.0,7.4,0.0,0.0,0.0,0.0,0.0,0.0,0.0,0.0,1.0,0.0,0.0,0.0,9.0,4.0,0.0,0.0,0.0,0.0,0.0,0.0,0.0,0.0,2.0,12.0,1.0,12.17,5.0200000000000005,2.5,1.49,0.0,0.1,0.0,0.4,0.0,0.8,-0.4,0.3,-169.70000000000002,0.0,0.0,169.70000000000002,0.0,21.4,29.200000000000003,29.200000000000003,29.700000000000003,300.0,300.0,31.700000000000003,35.6,29.1,28.3,30.200000000000003,4.96,1.99,4.97,0.16,0.0,0.0,1027.0,8228.0,0.0,0.0,0.0,0.0,0.0,1.0,0.0,0.0,0.0,0.0,0.0,-0.2,0.0,-0.4,0.0,0.0,16.0,25903.0
2026-07-30T19:01:31.737Z,261.22,261.234,0.0,7.4,0.0,0.0,0.0,0.0,0.0,0.0,0.0,0.0,1.0,0.0,0.0,0.0,9.0,4.0,0.0,0.0,0.0,0.0,0.0,0.0,0.0,0.0,3.0,12.0,1.0,12.17,5.0200000000000005,2.5,1.49,0.0,0.0,0.0,0.4,0.0,0.2,-1.0,-0.2,-169.70000000000002,0.0,0.0,169.8,0.0,21.4,29.200000000000003,29.200000000000003,29.700000000000003,300.0,300.0,31.700000000000003,35.6,29.1,28.3,30.200000000000003,4.95,1.99,4.96,0.16,0.0,0.0,1027.0,8228.0,0.0,0.0,0.0,0.0,0.0,1.0,0.0,0.0,0.0,0.0,0.0,0.6000000000000001,0.0,-1.4,0.0,0.0,16.0,25903.0
2026-07-30T19:01:31.748Z,261.231,261.246,0.0,7.4,0.0,0.0,0.0,0.0,0.0,0.0,0.0,0.0,1.0,0.0,0.0,0.0,9.0,4.0,0.0,0.0,0.0,0.0,0.0,0.0,0.0,0.0,5.0,12.0,1.0,12.17,5.0200000000000005,2.5,1.49,0.0,0.0,0.0,0.4,0.0,0.8,0.6000000000000001,2.0,-169.70000000000002,0.0,0.0,169.70000000000002,0.0,21.4,29.200000000000003,29.200000000000003,29.700000000000003,300.0,300.0,31.700000000000003,35.6,29.1,28.3,30.200000000000003,4.95,1.99,4.97,0.16,0.0,0.0,1027.0,8228.0,0.0,0.0,0.0,0.0,0.0,1.0,0.0,0.0,0.0,0.0,0.0,-0.2,0.0,1.3,0.0,0.0,16.0,25903.0
2026-07-30T19:01:31.761Z,261.244,261.258,0.0,7.4,0.0,0.0,0.0,0.0,0.0,0.0,0.0,0.0,1.0,0.0,0.0,0.0,9.0,4.0,0.0,0.0,0.0,0.0,0.0,0.0,0.0,0.0,6.0,12.0,1.0,12.17,5.0200000000000005,2.5,1.49,0.0,0.0,0.0,0.4,0.0,-0.3,0.1,0.2,-169.70000000000002,0.0,0.0,169.70000000000002,0.0,21.4,29.200000000000003,29.200000000000003,29.700000000000003,300.0,300.0,31.700000000000003,35.6,29.1,28.3,30.200000000000003,4.96,2.0,4.97,0.16,0.0,0.0,1027.0,8228.0,0.0,0.0,0.0,0.0,0.0,1.0,0.0,0.0,0.0,0.0,0.0,-1.2000000000000002,0.0,0.6000000000000001,0.0,0.0002,16.0,25903.0
2026-07-30T19:01:31.773Z,261.256,261.27,0.0,7.4,0.0,0.0,0.0,0.0,0.0,0.0,0.0,0.0,1.0,0.0,0.0,0.0,9.0,4.0,0.0,0.0,0.0,0.0,0.0,0.0,0.0,0.0,2.0,12.0,1.0,12.17,5.0200000000000005,2.5,1.49,0.0,0.0,0.0,0.4,0.0,0.2,-0.4,1.4,-169.70000000000002,0.0,0.0,169.70000000000002,0.0,21.4,29.200000000000003,29.200000000000003,29.700000000000003,300.0,300.0,31.700000000000003,35.6,29.1,28.3,30.200000000000003,4.95,2.0,4.96,0.16,0.0,0.0,1027.0,8228.0,0.0,0.0,0.0,0.0,0.0,1.0,0.0,0.0,0.0,0.0,0.0,0.5,0.0,-1.4,0.0,0.0001,16.0,25903.0
2026-07-30T19:01:31.784Z,261.267,261.282,0.0,7.4,0.0,0.0,0.0,0.0,0.0,0.0,0.0,0.0,1.0,0.0,0.0,0.0,9.0,4.0,0.0,0.0,0.0,0.0,0.0,0.0,0.0,0.0,4.0,12.0,1.0,12.17,5.0200000000000005,2.5,1.49,0.0,0.1,0.0,0.4,0.0,0.2,-1.0,-1.4,-169.70000000000002,0.0,0.0,169.8,0.0,21.4,29.200000000000003,29.200000000000003,29.700000000000003,300.0,300.0,31.700000000000003,35.6,29.1,28.3,30.200000000000003,4.95,1.99,4.97,0.16,0.0,0.0,1027.0,8228.0,0.0,0.0,0.0,0.0,0.0,1.0,0.0,0.0,0.0,0.0,0.0,-2.2,0.0,1.0,0.0,0.0,16.0,25903.0
2026-07-30T19:01:31.797Z,261.28,261.294,0.0,7.4,0.0,0.0,0.0,0.0,0.0,0.0,0.0,0.0,1.0,0.0,0.0,0.0,9.0,4.0,0.0,0.0,0.0,0.0,0.0,0.0,0.0,0.0,5.0,12.0,1.0,12.17,5.0200000000000005,2.5,1.49,0.0,0.0,0.0,0.4,0.0,-0.2,0.1,-0.3,-169.70000000000002,0.0,0.0,169.8,0.0,21.4,29.200000000000003,29.200000000000003,29.700000000000003,300.0,300.0,31.700000000000003,35.6,29.1,28.3,30.200000000000003,4.95,1.99,4.96,0.16,0.0,0.0,1027.0,8228.0,0.0,0.0,0.0,0.0,0.0,1.0,0.0,0.0,0.0,0.0,0.0,-0.1,0.0,0.3,0.0,0.0002,16.0,25903.0
2026-07-30T19:01:31.808Z,261.291,261.306,0.0,7.4,0.0,0.0,0.0,0.0,0.0,0.0,0.0,0.0,1.0,0.0,0.0,0.0,9.0,4.0,0.0,0.0,0.0,0.0,0.0,0.0,0.0,0.0,1.0,12.0,1.0,12.17,5.0200000000000005,2.5,1.49,0.0,0.0,0.0,0.4,0.0,0.3,0.1,0.2,-169.70000000000002,0.0,0.0,169.70000000000002,0.0,21.4,29.200000000000003,29.200000000000003,29.700000000000003,300.0,300.0,31.700000000000003,35.6,29.1,28.3,30.200000000000003,4.96,2.0,4.96,0.16,0.0,0.0,1027.0,8228.0,0.0,0.0,0.0,0.0,0.0,1.0,0.0,0.0,0.0,0.0,0.0,0.3,0.0,-0.2,0.0,0.0001,16.0,25903.0
2026-07-30T19:01:31.826Z,261.309,261.318,0.0,7.4,0.0,0.0,0.0,0.0,0.0,0.0,0.0,0.0,1.0,0.0,0.0,0.0,9.0,4.0,0.0,0.0,0.0,0.0,0.0,0.0,0.0,0.0,2.0,12.0,1.0,12.17,5.01,2.5,1.49,0.0,0.0,0.0,0.4,0.0,0.3,-0.4,0.9,-169.70000000000002,0.0,0.0,169.8,0.0,21.8,29.200000000000003,29.200000000000003,29.700000000000003,300.0,300.0,31.700000000000003,35.6,29.1,28.3,30.200000000000003,4.95,2.0,4.96,0.16,0.0,0.0,1027.0,8228.0,0.0,0.0,0.0,0.0,0.0,1.0,0.0,0.0,0.0,0.0,0.0,0.1,0.0,-0.9,0.0,0.0001,16.0,25903.0
2026-07-30T19:01:31.833Z,261.316,261.33,0.0,7.4,0.0,0.0,0.0,0.0,0.0,0.0,0.0,0.0,1.0,0.0,0.0,0.0,9.0,4.0,0.0,0.0,0.0,0.0,0.0,0.0,0.0,0.0,2.0,12.0,1.0,12.17,5.01,2.5,1.49,0.0,0.0,0.0,0.4,0.0,-0.2,-1.0,0.3,-169.70000000000002,0.0,0.0,169.8,0.0,21.8,29.200000000000003,29.200000000000003,29.700000000000003,300.0,300.0,31.700000000000003,35.6,29.1,28.3,30.200000000000003,4.95,1.99,4.97,0.16,0.0,0.0,1027.0,8228.0,0.0,0.0,0.0,0.0,0.0,1.0,0.0,0.0,0.0,0.0,0.0,-0.8,0.0,-0.5,0.0,0.0001,16.0,25903.0
2026-07-30T19:01:31.845Z,261.328,261.342,0.0,7.4,0.0,0.0,0.0,0.0,0.0,0.0,0.0,0.0,1.0,0.0,0.0,0.0,9.0,4.0,0.0,0.0,0.0,0.0,0.0,0.0,0.0,0.0,3.0,12.0,1.0,12.17,5.01,2.5,1.49,0.0,0.0,0.0,0.4,0.0,0.9,0.7000000000000001,1.5,-169.70000000000002,0.0,0.0,169.8,0.0,21.8,29.200000000000003,29.200000000000003,29.700000000000003,300.0,300.0,31.700000000000003,35.6,29.1,28.3,30.200000000000003,4.95,1.99,4.96,0.16,0.0,0.0,1027.0,8228.0,0.0,0.0,0.0,0.0,0.0,1.0,0.0,0.0,0.0,0.0,0.0,2.0,0.0,-1.2000000000000002,0.0,0.0001,16.0,25903.0
2026-07-30T19:01:31.856Z,261.339,261.354,0.0,7.4,0.0,0.0,0.0,0.0,0.0,0.0,0.0,0.0,1.0,0.0,0.0,0.0,9.0,4.0,0.0,0.0,0.0,0.0,0.0,0.0,0.0,0.0,4.0,12.0,1.0,12.17,5.01,2.5,1.49,0.0,0.0,0.0,0.4,0.0,-0.2,-0.4,0.3,-169.70000000000002,0.0,0.0,169.70000000000002,0.0,21.8,29.200000000000003,29.200000000000003,29.700000000000003,300.0,300.0,31.700000000000003,35.6,29.1,28.3,30.200000000000003,4.96,1.99,4.96,0.16,0.0,0.0,1027.0,8228.0,0.0,0.0,0.0,0.0,0.0,1.0,0.0,0.0,0.0,0.0,0.0,-0.2,0.0,-0.3,0.0,0.0,16.0,25903.0
2026-07-30T19:01:31.868Z,261.351,261.366,0.0,7.4,0.0,0.0,0.0,0.0,0.0,0.0,0.0,0.0,1.0,0.0,0.0,0.0,9.0,4.0,0.0,0.0,0.0,0.0,0.0,0.0,0.0,0.0,5.0,12.0,1.0,12.17,5.01,2.5,1.49,0.0,0.1,0.0,0.4,0.0,0.3,0.1,-0.8,-169.70000000000002,0.0,0.0,169.8,0.0,21.8,29.200000000000003,29.200000000000003,29.700000000000003,300.0,300.0,31.700000000000003,35.6,29.1,28.3,30.200000000000003,4.95,1.99,4.97,0.16,0.0,0.0,1027.0,8228.0,0.0,0.0,0.0,0.0,0.0,1.0,0.0,0.0,0.0,0.0,0.0,-0.4,0.0,0.7000000000000001,0.0,0.0002,16.0,25903.0
2026-07-30T19:01:31.880Z,261.363,261.378,0.0,7.4,0.0,0.0,0.0,0.0,0.0,0.0,0.0,0.0,1.0,0.0,0.0,0.0,9.0,4.0,0.0,0.0,0.0,0.0,0.0,0.0,0.0,0.0,6.0,12.0,1.0,12.17,5.01,2.5,1.49,0.0,0.0,0.0,0.4,0.0,-0.2,-0.9,-0.2,-169.70000000000002,0.0,0.0,169.8,0.0,21.8,29.200000000000003,29.200000000000003,29.700000000000003,300.0,300.0,31.700000000000003,35.6,29.1,28.3,30.200000000000003,4.96,2.0,4.97,0.16,0.0,0.0,1027.0,8228.0,0.0,0.0,0.0,0.0,0.0,1.0,0.0,0.0,0.0,0.0,0.0,-1.2000000000000002,0.0,0.0,0.0,0.0,16.0,25903.0
2026-07-30T19:01:31.892Z,261.375,261.39,0.0,7.4,0.0,0.0,0.0,0.0,0.0,0.0,0.0,0.0,1.0,0.0,0.0,0.0,9.0,4.0,0.0,0.0,0.0,0.0,0.0,0.0,0.0,0.0,1.0,12.0,1.0,12.17,5.01,2.5,1.49,0.0,0.0,0.0,0.4,0.0,0.3,0.7000000000000001,-0.2,-169.70000000000002,0.0,0.0,169.8,0.0,21.8,29.200000000000003,29.200000000000003,29.700000000000003,300.0,300.0,31.700000000000003,35.6,29.1,28.3,30.200000000000003,4.96,2.0,4.96,0.16,0.0,0.0,1027.0,8228.0,0.0,0.0,0.0,0.0,0.0,1.0,0.0,0.0,0.0,0.0,0.0,0.6000000000000001,0.0,0.3,0.0,0.0,16.0,25903.0
2026-07-30T19:01:31.904Z,261.387,261.402,0.0,7.4,0.0,0.0,0.0,0.0,0.0,0.0,0.0,0.0,1.0,0.0,0.0,0.0,9.0,4.0,0.0,0.0,0.0,0.0,0.0,0.0,0.0,0.0,2.0,12.0,1.0,12.17,5.01,2.5,1.49,0.0,0.0,0.0,0.4,0.0,-0.2,1.2000000000000002,-0.8,-169.70000000000002,0.0,0.0,169.8,0.0,21.8,29.200000000000003,29.200000000000003,29.700000000000003,300.0,300.0,31.700000000000003,35.6,29.1,28.3,30.200000000000003,4.95,1.99,4.96,0.16,0.0,0.0,1027.0,8228.0,0.0,0.0,0.0,0.0,0.0,1.0,0.0,0.0,0.0,0.0,0.0,0.8,0.0,0.9,0.0,0.0,16.0,25903.0
2026-07-30T19:01:31.918Z,261.401,261.414,0.0,7.4,0.0,0.0,0.0,0.0,0.0,0.0,0.0,0.0,1.0,0.0,0.0,0.0,9.0,4.0,0.0,0.0,0.0,0.0,0.0,0.0,0.0,0.0,3.0,12.0,1.0,12.17,5.01,2.51,1.49,0.0,0.0,0.0,0.4,0.0,0.3,-1.0,0.8,-169.70000000000002,0.0,0.0,169.8,0.0,21.3,29.200000000000003,29.200000000000003,29.700000000000003,300.0,300.0,31.6,35.6,29.1,28.3,30.200000000000003,4.95,1.99,4.97,0.16,0.0,0.0,1027.0,8228.0,0.0,0.0,0.0,0.0,0.0,1.0,0.0,0.0,0.0,0.0,0.0,-0.5,0.0,-1.0,0.0,0.0,16.0,25903.0
2026-07-30T19:01:31.929Z,261.412,261.426,0.0,7.4,0.0,0.0,0.0,0.0,0.0,0.0,0.0,0.0,1.0,0.0,0.0,0.0,9.0,4.0,0.0,0.0,0.0,0.0,0.0,0.0,0.0,0.0,4.0,12.0,1.0,12.17,5.01,2.51,1.49,0.0,0.0,0.0,0.4,0.0,0.3,0.6000000000000001,0.2,-169.70000000000002,0.0,0.0,169.70000000000002,0.0,21.3,29.200000000000003,29.200000000000003,29.700000000000003,300.0,300.0,31.6,35.6,29.1,28.3,30.200000000000003,4.96,1.99,4.96,0.16,0.0,0.0,1027.0,8228.0,0.0,0.0,0.0,0.0,0.0,1.0,0.0,0.0,0.0,0.0,0.0,0.9,0.0,0.0,0.0,0.0,16.0,25903.0
2026-07-30T19:01:31.940Z,261.423,261.438,0.0,7.4,0.0,0.0,0.0,0.0,0.0,0.0,0.0,0.0,1.0,0.0,0.0,0.0,9.0,4.0,0.0,0.0,0.0,0.0,0.0,0.0,0.0,0.0,5.0,12.0,1.0,12.17,5.01,2.51,1.49,0.0,0.0,0.0,0.5,0.0,0.2,0.0,-0.8,-169.70000000000002,0.0,0.0,169.8,0.0,21.3,29.200000000000003,29.200000000000003,29.700000000000003,300.0,300.0,31.6,35.6,29.1,28.3,30.200000000000003,4.96,1.99,4.96,0.16,0.0,0.0,1027.0,8228.0,0.0,0.0,0.0,0.0,0.0,1.0,0.0,0.0,0.0,0.0,0.0,-0.5,0.0,0.7000000000000001,0.0,0.0,16.0,25903.0
2026-07-30T19:01:31.952Z,261.435,261.45,0.0,7.4,0.0,0.0,0.0,0.0,0.0,0.0,0.0,0.0,1.0,0.0,0.0,0.0,9.0,4.0,0.0,0.0,0.0,0.0,0.0,0.0,0.0,0.0,6.0,12.0,1.0,12.17,5.01,2.51,1.49,0.0,0.0,0.0,0.4,0.0,0.8,0.6000000000000001,-0.2,-169.70000000000002,0.0,0.0,169.8,0.0,21.3,29.200000000000003,29.200000000000003,29.700000000000003,300.0,300.0,31.6,35.6,29.1,28.3,30.200000000000003,4.95,2.0,4.96,0.16,0.0,0.0,1027.0,8228.0,0.0,0.0,0.0,0.0,0.0,1.0,0.0,0.0,0.0,0.0,0.0,0.5,0.0,0.3,0.0,0.0001,16.0,25903.0
2026-07-30T19:01:31.965Z,261.448,261.462,0.0,7.4,0.0,0.0,0.0,0.0,0.0,0.0,0.0,0.0,1.0,0.0,0.0,0.0,9.0,4.0,0.0,0.0,0.0,0.0,0.0,0.0,0.0,0.0,1.0,12.0,1.0,12.17,5.01,2.51,1.49,0.0,0.0,0.0,0.4,0.0,0.2,-0.5,-0.8,-169.70000000000002,0.0,0.0,169.8,0.0,21.3,29.200000000000003,29.200000000000003,29.700000000000003,300.0,300.0,31.6,35.6,29.1,28.3,30.200000000000003,4.96,2.0,4.97,0.16,0.0,0.0,1027.0,8228.0,0.0,0.0,0.0,0.0,0.0,1.0,0.0,0.0,0.0,0.0,0.0,-1.2000000000000002,0.0,0.6000000000000001,0.0,0.0,16.0,25903.0
2026-07-30T19:01:31.976Z,261.459,261.474,0.0,7.4,0.0,0.0,0.0,0.0,0.0,0.0,0.0,0.0,1.0,0.0,0.0,0.0,9.0,4.0,0.0,0.0,0.0,0.0,0.0,0.0,0.0,0.0,2.0,12.0,1.0,12.17,5.01,2.51,1.49,0.0,0.0,0.0,0.4,0.0,-0.2,0.0,0.2,-169.70000000000002,0.0,0.0,169.8,0.0,21.3,29.200000000000003,29.200000000000003,29.700000000000003,300.0,300.0,31.6,35.6,29.1,28.3,30.200000000000003,4.95,2.0,4.96,0.16,0.0,0.0,1027.0,8228.0,0.0,0.0,0.0,0.0,0.0,1.0,0.0,0.0,0.0,0.0,0.0,0.2,0.0,-0.2,0.0,0.0001,16.0,25903.0
2026-07-30T19:01:31.989Z,261.472,261.486,0.0,7.4,0.0,0.0,0.0,0.0,0.0,0.0,0.0,0.0,1.0,0.0,0.0,0.0,9.0,4.0,0.0,0.0,0.0,0.0,0.0,0.0,0.0,0.0,3.0,12.0,1.0,12.17,5.01,2.51,1.49,0.0,0.1,0.0,0.4,0.0,0.2,0.0,-0.2,-169.70000000000002,0.0,0.0,169.8,0.0,21.3,29.200000000000003,29.200000000000003,29.700000000000003,300.0,300.0,31.6,35.6,29.1,28.3,30.200000000000003,4.95,1.99,4.97,0.16,0.0,0.0,1027.0,8228.0,0.0,0.0,0.0,0.0,0.0,1.0,0.0,0.0,0.0,0.0,0.0,-0.1,0.0,0.2,0.0,0.0001,16.0,25903.0
2026-07-30T19:01:32.001Z,261.484,261.498,0.0,7.4,0.0,0.0,0.0,0.0,0.0,0.0,0.0,0.0,1.0,0.0,0.0,0.0,9.0,4.0,0.0,0.0,0.0,0.0,0.0,0.0,0.0,0.0,4.0,12.0,1.0,12.17,5.01,2.51,1.49,0.0,0.1,0.0,0.5,0.0,0.2,0.6000000000000001,-0.2,-169.70000000000002,0.0,0.0,169.8,0.0,21.3,29.200000000000003,29.200000000000003,29.700000000000003,300.0,300.0,31.6,35.6,29.1,28.3,30.200000000000003,4.95,1.99,4.97,0.16,0.0,0.0,1027.0,8228.0,0.0,0.0,0.0,0.0,0.0,1.0,0.0,0.0,0.0,0.0,0.0,0.5,0.0,0.3,0.0,0.0,16.0,25903.0
2026-07-30T19:01:32.013Z,261.496,261.51,0.0,7.4,0.0,0.0,0.0,0.0,0.0,0.0,0.0,0.0,1.0,0.0,0.0,0.0,9.0,4.0,0.0,0.0,0.0,0.0,0.0,0.0,0.0,0.0,6.0,12.0,1.0,12.17,5.01,2.51,1.49,0.0,0.0,0.0,0.5,0.0,-0.2,-0.5,-0.2,-169.70000000000002,0.0,0.0,169.8,0.0,21.3,29.200000000000003,29.200000000000003,29.700000000000003,300.0,300.0,31.6,35.6,29.1,28.3,30.200000000000003,4.96,1.99,4.96,0.16,0.0,0.0,1027.0,8228.0,0.0,0.0,0.0,0.0,0.0,1.0,0.0,0.0,0.0,0.0,0.0,-0.7000000000000001,0.0,0.0,0.0,0.0001,16.0,25903.0
2026-07-30T19:01:32.025Z,261.508,261.522,0.0,7.4,0.0,0.0,0.0,0.0,0.0,0.0,0.0,0.0,1.0,0.0,0.0,0.0,9.0,4.0,0.0,0.0,0.0,0.0,0.0,0.0,0.0,0.0,6.0,12.0,1.0,12.19,5.0200000000000005,2.5,1.49,0.0,0.0,0.0,0.4,0.0,-0.2,-0.5,-0.2,-169.70000000000002,0.0,0.0,169.8,0.0,21.4,29.200000000000003,29.200000000000003,29.700000000000003,300.0,300.0,31.6,35.6,29.1,28.3,30.200000000000003,4.94,1.99,4.96,0.16,0.0,0.0,1027.0,8228.0,0.0,0.0,0.0,0.0,0.0,1.0,0.0,0.0,0.0,0.0,0.0,-0.7000000000000001,0.0,0.0,0.0,0.0,16.0,25903.0
2026-07-30T19:01:32.036Z,261.519,261.534,0.0,7.4,0.0,0.0,0.0,0.0,0.0,0.0,0.0,0.0,1.0,0.0,0.0,0.0,9.0,4.0,0.0,0.0,0.0,0.0,0.0,0.0,0.0,0.0,1.0,12.0,1.0,12.19,5.0200000000000005,2.5,1.49,0.0,0.0,0.0,0.4,0.0,-0.2,-0.5,0.9,-169.70000000000002,0.0,0.0,169.8,0.0,21.4,29.200000000000003,29.200000000000003,29.700000000000003,300.0,300.0,31.6,35.6,29.1,28.3,30.200000000000003,4.94,1.99,4.96,0.16,0.0,0.0,1027.0,8228.0,0.0,0.0,0.0,0.0,0.0,1.0,0.0,0.0,0.0,0.0,0.0,0.1,0.0,-0.9,0.0,0.0,16.0,25903.0
2026-07-30T19:01:32.049Z,261.532,261.546,0.0,7.4,0.0,0.0,0.0,0.0,0.0,0.0,0.0,0.0,1.0,0.0,0.0,0.0,9.0,4.0,0.0,0.0,0.0,0.0,0.0,0.0,0.0,0.0,2.0,12.0,1.0,12.19,5.0200000000000005,2.5,1.49,0.0,0.0,0.0,0.4,0.0,0.3,0.0,-0.7000000000000001,-169.70000000000002,0.0,0.0,169.8,0.0,21.4,29.200000000000003,29.200000000000003,29.700000000000003,300.0,300.0,31.6,35.6,29.1,28.3,30.200000000000003,4.96,2.0,4.96,0.16,0.0,0.0,1027.0,8228.0,0.0,0.0,0.0,0.0,0.0,1.0,0.0,0.0,0.0,0.0,0.0,-0.4,0.0,0.6000000000000001,0.0,0.0,16.0,25903.0
2026-07-30T19:01:32.061Z,261.544,261.558,0.0,7.4,0.0,0.0,0.0,0.0,0.0,0.0,0.0,0.0,1.0,0.0,0.0,0.0,9.0,4.0,0.0,0.0,0.0,0.0,0.0,0.0,0.0,0.0,3.0,12.0,1.0,12.19,5.0200000000000005,2.5,1.49,0.0,0.0,0.0,0.5,0.0,0.3,0.0,0.3,-169.70000000000002,0.0,0.0,169.8,0.0,21.4,29.200000000000003,29.200000000000003,29.700000000000003,300.0,300.0,31.6,35.6,29.1,28.3,30.200000000000003,4.95,2.0,4.97,0.16,0.0,0.0,1027.0,8228.0,0.0,0.0,0.0,0.0,0.0,1.0,0.0,0.0,0.0,0.0,0.0,0.3,0.0,-0.3,0.0,0.0,16.0,25903.0
2026-07-30T19:01:32.072Z,261.555,261.57,0.0,7.4,0.0,0.0,0.0,0.0,0.0,0.0,0.0,0.0,1.0,0.0,0.0,0.0,9.0,4.0,0.0,0.0,0.0,0.0,0.0,0.0,0.0,0.0,4.0,12.0,1.0,12.19,5.0200000000000005,2.5,1.49,0.0,0.0,0.0,0.4,0.0,0.3,-0.5,0.3,-169.70000000000002,0.0,0.0,169.8,0.0,21.4,29.200000000000003,29.200000000000003,29.700000000000003,300.0,300.0,31.6,35.6,29.1,28.3,30.200000000000003,4.95,1.99,4.97,0.16,0.0,0.0,1027.0,8228.0,0.0,0.0,0.0,0.0,0.0,1.0,0.0,0.0,0.0,0.0,0.0,-0.3,0.0,-0.4,0.0,0.0,16.0,25903.0
2026-07-30T19:01:32.085Z,261.568,261.582,0.0,7.4,0.0,0.0,0.0,0.0,0.0,0.0,0.0,0.0,1.0,0.0,0.0,0.0,9.0,4.0,0.0,0.0,0.0,0.0,0.0,0.0,0.0,0.0,5.0,12.0,1.0,12.19,5.0200000000000005,2.5,1.49,0.0,0.0,0.0,0.4,0.0,0.3,1.2000000000000002,-0.8,-169.70000000000002,0.0,0.0,169.8,0.0,21.4,29.200000000000003,29.200000000000003,29.700000000000003,300.0,300.0,31.6,35.6,29.1,28.3,30.200000000000003,4.95,1.99,4.96,0.16,0.0,0.0,1027.0,8228.0,0.0,0.0,0.0,0.0,0.0,1.0,0.0,0.0,0.0,0.0,0.0,0.7000000000000001,0.0,0.9,0.0,0.0,16.0,25903.0
2026-07-30T19:01:32.097Z,261.58,261.594,0.0,7.4,0.0,0.0,0.0,0.0,0.0,0.0,0.0,0.0,1.0,0.0,0.0,0.0,9.0,4.0,0.0,0.0,0.0,0.0,0.0,0.0,0.0,0.0,6.0,12.0,1.0,12.19,5.0200000000000005,2.5,1.49,0.0,0.0,0.0,0.4,0.0,-0.8,-0.5,-0.2,-169.70000000000002,0.0,0.0,169.8,0.0,21.4,29.200000000000003,29.200000000000003,29.700000000000003,300.0,300.0,31.6,35.6,29.1,28.3,30.200000000000003,4.96,1.99,4.96,0.16,0.0,0.0,1027.0,8228.0,0.0,0.0,0.0,0.0,0.0,1.0,0.0,0.0,0.0,0.0,0.0,-0.7000000000000001,0.0,0.0,0.0,0.0,16.0,25903.0
2026-07-30T19:01:32.108Z,261.591,261.606,0.0,7.4,0.0,0.0,0.0,0.0,0.0,0.0,0.0,0.0,1.0,0.0,0.0,0.0,9.0,4.0,0.0,0.0,0.0,0.0,0.0,0.0,0.0,0.0,1.0,12.0,1.0,12.19,5.0200000000000005,2.5,1.49,0.0,0.0,0.0,0.5,0.0,0.8,-1.0,-0.8,-169.70000000000002,0.0,0.0,169.8,0.0,21.4,29.200000000000003,29.200000000000003,29.700000000000003,300.0,300.0,31.6,35.6,29.1,28.3,30.200000000000003,4.95,1.99,4.96,0.16,0.0,0.0,1027.0,8228.0,0.0,0.0,0.0,0.0,0.0,1.0,0.0,0.0,0.0,0.0,0.0,-1.8,0.0,0.5,0.0,0.0,16.0,25903.0
2026-07-30T19:01:32.122Z,261.605,261.618,0.0,7.4,0.0,0.0,0.0,0.0,0.0,0.0,0.0,0.0,1.0,0.0,0.0,0.0,9.0,4.0,0.0,0.0,0.0,0.0,0.0,0.0,0.0,0.0,2.0,12.0,1.0,12.17,5.0200000000000005,2.5,1.49,0.0,0.1,0.0,0.4,0.0,-0.3,0.6000000000000001,0.3,-169.70000000000002,0.0,0.0,169.70000000000002,0.0,21.3,29.200000000000003,29.200000000000003,29.700000000000003,300.0,300.0,31.5,35.6,29.1,28.3,30.200000000000003,4.95,1.99,4.96,0.16,0.0,0.0,1027.0,8228.0,0.0,0.0,0.0,0.0,0.0,1.0,0.0,0.0,0.0,0.0,0.0,0.9,0.0,-0.1,0.0,0.0,16.0,25903.0
2026-07-30T19:01:32.133Z,261.616,261.63,0.0,7.4,0.0,0.0,0.0,0.0,0.0,0.0,0.0,0.0,1.0,0.0,0.0,0.0,9.0,4.0,0.0,0.0,0.0,0.0,0.0,0.0,0.0,0.0,3.0,12.0,1.0,12.17,5.0200000000000005,2.5,1.49,0.0,0.0,0.0,0.4,0.0,-0.8,0.0,-0.1,-169.70000000000002,0.0,0.0,169.8,0.0,21.3,29.200000000000003,29.200000000000003,29.700000000000003,300.0,300.0,31.5,35.6,29.1,28.3,30.200000000000003,4.95,1.99,4.96,0.16,0.0,0.0,1027.0,8228.0,0.0,0.0,0.0,0.0,0.0,1.0,0.0,0.0,0.0,0.0,0.0,0.0,0.0,0.1,0.0,0.0001,16.0,25903.0
2026-07-30T19:01:32.145Z,261.628,261.642,0.0,7.4,0.0,0.0,0.0,0.0,0.0,0.0,0.0,0.0,1.0,0.0,0.0,0.0,9.0,4.0,0.0,0.0,0.0,0.0,0.0,0.0,0.0,0.0,3.0,12.0,1.0,12.17,5.0200000000000005,2.5,1.49,0.0,0.0,0.0,0.4,0.0,0.2,0.6000000000000001,-0.1,-169.70000000000002,0.0,0.0,169.70000000000002,0.0,21.3,29.200000000000003,29.200000000000003,29.700000000000003,300.0,300.0,31.5,35.6,29.1,28.3,30.200000000000003,4.96,1.99,4.96,0.16,0.0,0.0,1027.0,8228.0,0.0,0.0,0.0,0.0,0.0,1.0,0.0,0.0,0.0,0.0,0.0,0.6000000000000001,0.0,0.2,0.0,0.0,16.0,25903.0
2026-07-30T19:01:32.156Z,261.639,261.654,0.0,7.4,0.0,0.0,0.0,0.0,0.0,0.0,0.0,0.0,1.0,0.0,0.0,0.0,9.0,4.0,0.0,0.0,0.0,0.0,0.0,0.0,0.0,0.0,4.0,12.0,1.0,12.17,5.0200000000000005,2.5,1.49,0.0,0.0,0.0,0.4,0.0,-0.2,0.7000000000000001,1.0,-169.70000000000002,0.0,0.0,169.8,0.0,21.3,29.200000000000003,29.200000000000003,29.700000000000003,300.0,300.0,31.5,35.6,29.1,28.3,30.200000000000003,4.96,1.99,4.97,0.16,0.0,0.0,1027.0,8228.0,0.0,0.0,0.0,0.0,0.0,1.0,0.0,0.0,0.0,0.0,0.0,1.5,0.0,-0.7000000000000001,0.0,0.0,16.0,25903.0
2026-07-30T19:01:32.169Z,261.652,261.666,0.0,7.4,0.0,0.0,0.0,0.0,0.0,0.0,0.0,0.0,1.0,0.0,0.0,0.0,9.0,4.0,0.0,0.0,0.0,0.0,0.0,0.0,0.0,0.0,5.0,12.0,1.0,12.17,5.0200000000000005,2.5,1.49,0.0,0.0,0.0,0.4,0.0,0.3,-0.4,-0.7000000000000001,-169.70000000000002,0.0,0.0,169.60000000000002,0.0,21.3,29.200000000000003,29.200000000000003,29.700000000000003,300.0,300.0,31.5,35.6,29.1,28.3,30.200000000000003,4.95,1.99,4.96,0.16,0.0,0.0,1027.0,8228.0,0.0,0.0,0.0,0.0,0.0,1.0,0.0,0.0,0.0,0.0,0.0,-1.0,0.0,0.5,0.0,0.0001,16.0,25903.0
2026-07-30T19:01:32.181Z,261.664,261.678,0.0,7.4,0.0,0.0,0.0,0.0,0.0,0.0,0.0,0.0,1.0,0.0,0.0,0.0,9.0,4.0,0.0,0.0,0.0,0.0,0.0,0.0,0.0,0.0,6.0,12.0,1.0,12.17,5.0200000000000005,2.5,1.49,0.0,0.0,0.0,0.4,0.0,-0.2,0.1,-0.6000000000000001,-169.70000000000002,0.0,0.0,169.8,0.0,21.3,29.200000000000003,29.200000000000003,29.700000000000003,300.0,300.0,31.5,35.6,29.1,28.3,30.200000000000003,4.95,1.99,4.97,0.16,0.0,0.0,1027.0,8228.0,0.0,0.0,0.0,0.0,0.0,1.0,0.0,0.0,0.0,0.0,0.0,-0.2,0.0,0.6000000000000001,0.0,0.0002,16.0,25903.0
2026-07-30T19:01:32.193Z,261.676,261.69,0.0,7.4,0.0,0.0,0.0,0.0,0.0,0.0,0.0,0.0,1.0,0.0,0.0,0.0,9.0,4.0,0.0,0.0,0.0,0.0,0.0,0.0,0.0,0.0,1.0,12.0,1.0,12.17,5.0200000000000005,2.5,1.49,0.0,0.0,0.0,0.5,0.0,0.3,1.4,0.4,-169.70000000000002,0.0,0.0,169.70000000000002,0.0,21.3,29.200000000000003,29.200000000000003,29.700000000000003,300.0,300.0,31.5,35.6,29.1,28.3,30.200000000000003,4.95,2.0,4.97,0.16,0.0,0.0,1027.0,8228.0,0.0,0.0,0.0,0.0,0.0,1.0,0.0,0.0,0.0,0.0,0.0,1.9,0.0,-0.1,0.0,0.0002,16.0,25903.0
2026-07-30T19:01:32.204Z,261.687,261.702,0.0,7.4,0.0,0.0,0.0,0.0,0.0,0.0,0.0,0.0,1.0,0.0,0.0,0.0,9.0,4.0,0.0,0.0,0.0,0.0,0.0,0.0,0.0,0.0,2.0,12.0,1.0,12.17,5.0200000000000005,2.5,1.49,0.0,0.0,0.0,0.5,0.0,-0.2,-0.9,-0.6000000000000001,-169.70000000000002,0.0,0.0,169.8,0.0,21.3,29.200000000000003,29.200000000000003,29.700000000000003,300.0,300.0,31.5,35.6,29.1,28.3,30.200000000000003,4.96,2.0,4.96,0.16,0.0,0.0,1027.0,8228.0,0.0,0.0,0.0,0.0,0.0,1.0,0.0,0.0,0.0,0.0,0.0,-1.5,0.0,0.4,0.0,0.0001,16.0,25903.0
2026-07-30T19:01:32.218Z,261.701,261.714,0.0,7.4,0.0,0.0,0.0,0.0,0.0,0.0,0.0,0.0,1.0,0.0,0.0,0.0,9.0,4.0,0.0,0.0,0.0,0.0,0.0,0.0,0.0,0.0,3.0,12.0,1.0,12.17,5.0200000000000005,2.5,1.49,0.0,0.0,0.0,0.5,0.0,-0.8,-1.4,0.0,-169.70000000000002,0.0,0.0,169.70000000000002,0.0,21.3,29.200000000000003,29.200000000000003,29.700000000000003,300.0,300.0,31.5,35.6,29.1,28.3,30.200000000000003,4.95,1.99,4.97,0.16,0.0,0.0,1027.0,8228.0,0.0,0.0,0.0,0.0,0.0,1.0,0.0,0.0,0.0,0.0,0.0,-1.7000000000000002,0.0,-0.2,0.0,0.0001,16.0,25903.0
2026-07-30T19:01:32.229Z,261.712,261.726,0.0,7.4,0.0,0.0,0.0,0.0,0.0,0.0,0.0,0.0,1.0,0.0,0.0,0.0,9.0,4.0,0.0,0.0,0.0,0.0,0.0,0.0,0.0,0.0,4.0,12.0,1.0,12.13,5.01,2.51,1.49,0.0,0.0,0.0,0.4,0.0,-0.2,-0.3,-0.1,-169.70000000000002,0.0,0.0,169.70000000000002,0.0,21.700000000000003,29.200000000000003,29.200000000000003,29.700000000000003,300.0,300.0,31.5,35.6,29.1,28.3,30.200000000000003,4.95,1.99,4.97,0.16,0.0,0.0,1027.0,8228.0,0.0,0.0,0.0,0.0,0.0,1.0,0.0,0.0,0.0,0.0,0.0,-0.4,0.0,0.0,0.0,0.0003,16.0,25903.0
2026-07-30T19:01:32.241Z,261.724,261.738,0.0,7.4,0.0,0.0,0.0,0.0,0.0,0.0,0.0,0.0,1.0,0.0,0.0,0.0,9.0,4.0,0.0,0.0,0.0,0.0,0.0,0.0,0.0,0.0,5.0,12.0,1.0,12.13,5.01,2.51,1.49,0.0,0.0,0.0,0.4,0.0,0.9,1.4,-0.7000000000000001,-169.70000000000002,0.0,0.0,169.8,0.0,21.700000000000003,29.200000000000003,29.200000000000003,29.700000000000003,300.0,300.0,31.5,35.6,29.1,28.3,30.200000000000003,4.95,1.99,4.97,0.16,0.0,0.0,1027.0,8228.0,0.0,0.0,0.0,0.0,0.0,1.0,0.0,0.0,0.0,0.0,0.0,1.1,0.0,0.9,0.0,0.0,16.0,25903.0
2026-07-30T19:01:32.252Z,261.735,261.75,0.0,7.4,0.0,0.0,0.0,0.0,0.0,0.0,0.0,0.0,1.0,0.0,0.0,0.0,9.0,4.0,0.0,0.0,0.0,0.0,0.0,0.0,0.0,0.0,6.0,12.0,1.0,12.13,5.01,2.51,1.49,0.0,0.0,0.0,0.4,0.0,-0.2,0.2,-0.1,-169.70000000000002,0.0,0.0,169.8,0.0,21.700000000000003,29.200000000000003,29.200000000000003,29.700000000000003,300.0,300.0,31.5,35.6,29.1,28.3,30.200000000000003,4.95,1.99,4.96,0.16,0.0,0.0,1027.0,8228.0,0.0,0.0,0.0,0.0,0.0,1.0,0.0,0.0,0.0,0.0,0.0,0.8,0.0,-1.4,0.0,0.0001,16.0,25903.0
2026-07-30T19:01:32.265Z,261.748,261.762,0.0,7.4,0.0,0.0,0.0,0.0,0.0,0.0,0.0,0.0,1.0,0.0,0.0,0.0,9.0,4.0,0.0,0.0,0.0,0.0,0.0,0.0,0.0,0.0,1.0,12.0,1.0,12.13,5.01,2.51,1.49,0.0,0.0,0.0,0.5,0.0,0.3,0.2,-1.2000000000000002,-169.70000000000002,0.0,0.0,169.8,0.0,21.700000000000003,29.200000000000003,29.200000000000003,29.700000000000003,300.0,300.0,31.5,35.6,29.1,28.3,30.200000000000003,4.95,2.0,4.97,0.16,0.0,0.0,1027.0,8228.0,0.0,0.0,0.0,0.0,0.0,1.0,0.0,0.0,0.0,0.0,0.0,3.9,0.0,-1.5,0.0,0.0001,16.0,25903.0
2026-07-30T19:01:32.276Z,261.759,261.774,0.0,7.4,0.0,0.0,0.0,0.0,0.0,0.0,0.0,0.0,1.0,0.0,0.0,0.0,9.0,4.0,0.0,0.0,0.0,0.0,0.0,0.0,0.0,0.0,2.0,12.0,1.0,12.13,5.01,2.51,1.49,0.0,0.0,0.0,0.4,0.0,-0.8,0.2,0.4,-169.70000000000002,0.0,0.0,169.8,0.0,21.700000000000003,29.200000000000003,29.200000000000003,29.700000000000003,300.0,300.0,31.5,35.6,29.1,28.3,30.200000000000003,4.95,1.99,4.96,0.16,0.0,0.0,1027.0,8228.0,0.0,0.0,0.0,0.0,0.0,1.0,0.0,0.0,0.0,0.0,0.0,1.0,0.0,-0.8,0.0,0.0,16.0,25903.0
2026-07-30T19:01:32.289Z,261.772,261.786,0.0,7.4,0.0,0.0,0.0,0.0,0.0,0.0,0.0,0.0,1.0,0.0,0.0,0.0,9.0,4.0,0.0,0.0,0.0,0.0,0.0,0.0,0.0,0.0,3.0,12.0,1.0,12.13,5.01,2.51,1.49,0.0,0.0,0.0,0.4,0.0,-0.2,-0.9,-0.6000000000000001,-169.70000000000002,0.0,0.0,169.70000000000002,0.0,21.700000000000003,29.200000000000003,29.200000000000003,29.700000000000003,300.0,300.0,31.5,35.6,29.1,28.3,30.200000000000003,4.96,1.99,4.96,0.16,0.0,0.0,1027.0,8228.0,0.0,0.0,0.0,0.0,0.0,1.0,0.0,0.0,0.0,0.0,0.0,-1.6,0.0,0.4,0.0,0.0001,16.0,25903.0
2026-07-30T19:01:32.301Z,261.784,261.798,0.0,7.4,0.0,0.0,0.0,0.0,0.0,0.0,0.0,0.0,1.0,0.0,0.0,0.0,9.0,4.0,0.0,0.0,0.0,0.0,0.0,0.0,0.0,0.0,4.0,12.0,1.0,12.13,5.01,2.51,1.49,0.0,0.0,0.0,0.5,0.0,-0.9,-0.4,-1.3,-169.70000000000002,0.0,0.0,169.8,0.0,21.700000000000003,29.200000000000003,29.200000000000003,29.700000000000003,300.0,300.0,31.5,35.6,29.1,28.3,30.200000000000003,4.95,1.99,4.96,0.16,0.0,0.0,1027.0,8228.0,0.0,0.0,0.0,0.0,0.0,1.0,0.0,0.0,0.0,0.0,0.0,-1.4,0.0,1.0,0.0,0.0002,16.0,25903.0
2026-07-30T19:01:32.313Z,261.796,261.81,0.0,7.4,0.0,0.0,0.0,0.0,0.0,0.0,0.0,0.0,1.0,0.0,0.0,0.0,9.0,4.0,0.0,0.0,0.0,0.0,0.0,0.0,0.0,0.0,6.0,12.0,1.0,12.13,5.01,2.51,1.49,0.0,0.0,0.0,0.5,0.0,1.4,1.3,2.1,-169.70000000000002,0.0,0.0,169.60000000000002,0.0,21.700000000000003,29.200000000000003,29.200000000000003,29.700000000000003,300.0,300.0,31.5,35.6,29.1,28.3,30.200000000000003,4.96,1.99,4.97,0.16,0.0,0.0,1027.0,8228.0,0.0,0.0,0.0,0.0,0.0,1.0,0.0,0.0,0.0,0.0,0.0,3.1,0.0,-1.6,0.0,0.0,16.0,25903.0
2026-07-30T19:01:32.326Z,261.809,261.822,0.0,7.4,0.0,0.0,0.0,0.0,0.0,0.0,0.0,0.0,1.0,0.0,0.0,0.0,9.0,4.0,0.0,0.0,0.0,0.0,0.0,0.0,0.0,0.0,1.0,12.0,1.0,12.17,5.0200000000000005,2.51,1.49,0.0,0.0,0.0,0.4,0.0,-0.9,0.1,-0.1,-169.70000000000002,0.0,0.0,169.70000000000002,0.0,21.9,29.200000000000003,29.200000000000003,29.700000000000003,300.0,300.0,31.5,35.6,29.1,28.3,30.200000000000003,4.96,2.0,4.96,0.16,0.0,0.0,1027.0,8228.0,0.0,0.0,0.0,0.0,0.0,1.0,0.0,0.0,0.0,0.0,0.0,0.0,0.0,0.1,0.0,0.0002,16.0,25903.0
2026-07-30T19:01:32.336Z,261.819,261.834,0.0,7.4,0.0,0.0,0.0,0.0,0.0,0.0,0.0,0.0,1.0,0.0,0.0,0.0,9.0,4.0,0.0,0.0,0.0,0.0,0.0,0.0,0.0,0.0,2.0,12.0,1.0,12.17,5.0200000000000005,2.51,1.49,0.0,0.0,0.0,0.5,0.0,-0.3,1.3,-0.1,-169.70000000000002,0.0,0.0,169.70000000000002,0.0,21.9,29.200000000000003,29.200000000000003,29.700000000000003,300.0,300.0,31.5,35.6,29.1,28.3,30.200000000000003,4.96,1.99,4.96,0.15,0.0,0.0,1027.0,8228.0,0.0,0.0,0.0,0.0,0.0,1.0,0.0,0.0,0.0,0.0,0.0,1.4,0.0,0.3,0.0,0.0,16.0,25903.0
2026-07-30T19:01:32.349Z,261.832,261.846,0.0,7.4,0.0,0.0,0.0,0.0,0.0,0.0,0.0,0.0,1.0,0.0,0.0,0.0,9.0,4.0,0.0,0.0,0.0,0.0,0.0,0.0,0.0,0.0,3.0,12.0,1.0,12.17,5.0200000000000005,2.51,1.49,0.0,0.0,0.0,0.4,0.0,0.2,-0.3,-0.1,-169.70000000000002,0.0,0.0,169.60000000000002,0.0,21.9,29.200000000000003,29.200000000000003,29.700000000000003,300.0,300.0,31.5,35.6,29.1,28.3,30.200000000000003,4.95,1.99,4.97,0.16,0.0,0.0,1027.0,8228.0,0.0,0.0,0.0,0.0,0.0,1.0,0.0,0.0,0.0,0.0,0.0,-0.5,0.0,0.0,0.0,0.0,16.0,25903.0
2026-07-30T19:01:32.361Z,261.844,261.858,0.0,7.4,0.0,0.0,0.0,0.0,0.0,0.0,0.0,0.0,1.0,0.0,0.0,0.0,9.0,4.0,0.0,0.0,0.0,0.0,0.0,0.0,0.0,0.0,4.0,12.0,1.0,12.17,5.0200000000000005,2.51,1.49,0.0,0.0,0.0,0.4,0.0,0.2,-1.0,-0.1,-169.70000000000002,0.0,0.0,169.70000000000002,0.0,21.9,29.200000000000003,29.200000000000003,29.700000000000003,300.0,300.0,31.5,35.6,29.1,28.3,30.200000000000003,4.96,1.99,4.97,0.16,0.0,0.0,1027.0,8228.0,0.0,0.0,0.0,0.0,0.0,1.0,0.0,0.0,0.0,0.0,0.0,-1.2000000000000002,0.0,0.0,0.0,0.0001,16.0,25903.0
2026-07-30T19:01:32.373Z,261.856,261.87,0.0,7.4,0.0,0.0,0.0,0.0,0.0,0.0,0.0,0.0,1.0,0.0,0.0,0.0,9.0,4.0,0.0,0.0,0.0,0.0,0.0,0.0,0.0,0.0,6.0,12.0,1.0,12.17,5.0200000000000005,2.51,1.49,0.0,0.0,0.0,0.4,0.0,1.4,0.7000000000000001,0.0,-169.70000000000002,0.0,0.0,169.70000000000002,0.0,21.9,29.200000000000003,29.200000000000003,29.700000000000003,300.0,300.0,31.5,35.6,29.1,28.3,30.200000000000003,4.96,2.0,4.96,0.16,0.0,0.0,1027.0,8228.0,0.0,0.0,0.0,0.0,0.0,1.0,0.0,0.0,0.0,0.0,0.0,0.7000000000000001,0.0,0.2,0.0,0.0,16.0,25903.0
2026-07-30T19:01:32.385Z,261.868,261.882,0.0,7.4,0.0,0.0,0.0,0.0,0.0,0.0,0.0,0.0,1.0,0.0,0.0,0.0,9.0,4.0,0.0,0.0,0.0,0.0,0.0,0.0,0.0,0.0,6.0,12.0,1.0,12.17,5.0200000000000005,2.51,1.49,0.0,0.1,0.0,0.4,0.0,-0.8,0.7000000000000001,-0.1,-169.70000000000002,0.0,0.0,169.70000000000002,0.0,21.9,29.200000000000003,29.200000000000003,29.700000000000003,300.0,300.0,31.5,35.6,29.1,28.3,30.200000000000003,4.96,1.99,4.96,0.16,0.0,0.0,1027.0,8228.0,0.0,0.0,0.0,0.0,0.0,1.0,0.0,0.0,0.0,0.0,0.0,0.7000000000000001,0.0,0.2,0.0,0.0002,16.0,25903.0
2026-07-30T19:01:32.397Z,261.88,261.894,0.0,7.4,0.0,0.0,0.0,0.0,0.0,0.0,0.0,0.0,1.0,0.0,0.0,0.0,9.0,4.0,0.0,0.0,0.0,0.0,0.0,0.0,0.0,0.0,1.0,12.0,1.0,12.17,5.0200000000000005,2.51,1.49,0.0,0.0,0.0,0.4,0.0,-0.3,0.7000000000000001,1.0,-169.70000000000002,0.0,0.0,169.8,0.0,21.9,29.200000000000003,29.200000000000003,29.700000000000003,300.0,300.0,31.5,35.6,29.1,28.3,30.200000000000003,4.96,1.99,4.97,0.16,0.0,0.0,1027.0,8228.0,0.0,0.0,0.0,0.0,0.0,1.0,0.0,0.0,0.0,0.0,0.0,1.6,0.0,-0.7000000000000001,0.0,0.0002,16.0,25903.0
2026-07-30T19:01:32.409Z,261.892,261.906,0.0,7.4,0.0,0.0,0.0,0.0,0.0,0.0,0.0,0.0,1.0,0.0,0.0,0.0,9.0,4.0,0.0,0.0,0.0,0.0,0.0,0.0,0.0,0.0,2.0,12.0,1.0,12.17,5.0200000000000005,2.51,1.49,0.0,0.0,0.0,0.4,0.0,0.8,-0.4,0.4,-169.70000000000002,0.0,0.0,169.70000000000002,0.0,21.9,29.200000000000003,29.200000000000003,29.700000000000003,300.0,300.0,31.5,35.6,29.1,28.3,30.200000000000003,4.96,2.0,4.96,0.16,0.0,0.0,1027.0,8228.0,0.0,0.0,0.0,0.0,0.0,1.0,0.0,0.0,0.0,0.0,0.0,-0.1,0.0,-0.5,0.0,0.0002,16.0,25903.0
2026-07-30T19:01:32.420Z,261.903,261.918,0.0,7.4,0.0,0.0,0.0,0.0,0.0,0.0,0.0,0.0,1.0,0.0,0.0,0.0,9.0,4.0,0.0,0.0,0.0,0.0,0.0,0.0,0.0,0.0,4.0,12.0,1.0,12.17,5.0200000000000005,2.51,1.49,0.0,0.0,0.0,0.4,0.0,-0.2,0.1,0.0,-169.70000000000002,0.0,0.0,169.8,0.0,21.9,29.200000000000003,29.200000000000003,29.700000000000003,300.0,300.0,31.5,35.6,29.1,28.3,30.200000000000003,4.96,1.99,4.97,0.16,0.0,0.0,1027.0,8228.0,0.0,0.0,0.0,0.0,0.0,1.0,0.0,0.0,0.0,0.0,0.0,0.0,0.0,0.0,0.0,0.0,16.0,25903.0
2026-07-30T19:01:32.433Z,261.916,261.93,0.0,7.4,0.0,0.0,0.0,0.0,0.0,0.0,0.0,0.0,1.0,0.0,0.0,0.0,9.0,4.0,0.0,0.0,0.0,0.0,0.0,0.0,0.0,0.0,5.0,12.0,1.0,12.11,5.0200000000000005,2.51,1.49,0.0,0.0,0.0,0.5,0.0,0.8,0.7000000000000001,0.0,-169.70000000000002,0.0,0.0,169.70000000000002,0.0,21.700000000000003,29.200000000000003,29.200000000000003,29.700000000000003,300.0,300.0,31.6,35.7,29.1,28.3,30.200000000000003,4.95,1.99,4.97,0.16,0.0,0.0,1027.0,8228.0,0.0,0.0,0.0,0.0,0.0,1.0,0.0,0.0,0.0,0.0,0.0,0.7000000000000001,0.0,0.2,0.0,0.0001,16.0,25903.0
2026-07-30T19:01:32.445Z,261.928,261.942,0.0,7.4,0.0,0.0,0.0,0.0,0.0,0.0,0.0,0.0,1.0,0.0,0.0,0.0,9.0,4.0,0.0,0.0,0.0,0.0,0.0,0.0,0.0,0.0,6.0,12.0,1.0,12.11,5.0200000000000005,2.51,1.49,0.0,0.1,0.0,0.4,0.0,-0.8,-0.4,0.0,-169.70000000000002,0.0,0.0,169.70000000000002,0.0,21.700000000000003,29.200000000000003,29.200000000000003,29.700000000000003,300.0,300.0,31.6,35.7,29.1,28.3,30.200000000000003,4.96,1.99,4.97,0.16,0.0,0.0,1027.0,8228.0,0.0,0.0,0.0,0.0,0.0,1.0,0.0,0.0,0.0,0.0,0.0,-0.5,0.0,0.0,0.0,0.0,16.0,25903.0
2026-07-30T19:01:32.460Z,261.943,261.954,0.0,7.4,0.0,0.0,0.0,0.0,0.0,0.0,0.0,0.0,1.0,0.0,0.0,0.0,9.0,4.0,0.0,0.0,0.0,0.0,0.0,0.0,0.0,0.0,2.0,12.0,1.0,12.11,5.0200000000000005,2.51,1.49,-0.1,0.1,0.0,0.4,0.0,-0.2,0.1,-0.6000000000000001,-169.70000000000002,0.0,0.0,169.70000000000002,0.0,21.700000000000003,29.200000000000003,29.200000000000003,29.700000000000003,300.0,300.0,31.6,35.7,29.1,28.3,30.200000000000003,4.95,1.99,4.96,0.16,0.0,0.0,1027.0,8228.0,0.0,0.0,0.0,0.0,0.0,1.0,0.0,0.0,0.0,0.0,0.0,-0.3,0.0,0.5,0.0,0.0,16.0,25903.0
2026-07-30T19:01:32.468Z,261.951,261.966,0.0,7.4,0.0,0.0,0.0,0.0,0.0,0.0,0.0,0.0,1.0,0.0,0.0,0.0,9.0,4.0,0.0,0.0,0.0,0.0,0.0,0.0,0.0,0.0,2.0,12.0,1.0,12.11,5.0200000000000005,2.51,1.49,0.0,0.0,0.0,0.5,0.0,-0.8,-0.4,-0.6000000000000001,-169.70000000000002,0.0,0.0,169.70000000000002,0.0,21.700000000000003,29.200000000000003,29.200000000000003,29.700000000000003,300.0,300.0,31.6,35.7,29.1,28.3,30.200000000000003,4.95,1.99,4.97,0.16,0.0,0.0,1027.0,8228.0,0.0,0.0,0.0,0.0,0.0,1.0,0.0,0.0,0.0,0.0,0.0,-1.0,0.0,0.4,0.0,0.0,16.0,25903.0
2026-07-30T19:01:32.481Z,261.964,261.978,0.0,7.4,0.0,0.0,0.0,0.0,0.0,0.0,0.0,0.0,1.0,0.0,0.0,0.0,9.0,4.0,0.0,0.0,0.0,0.0,0.0,0.0,0.0,0.0,2.0,12.0,1.0,12.11,5.0200000000000005,2.51,1.49,0.0,0.1,0.0,0.4,0.0,0.2,1.2000000000000002,2.2,-169.70000000000002,0.0,0.0,169.70000000000002,0.0,21.700000000000003,29.200000000000003,29.200000000000003,29.700000000000003,300.0,300.0,31.6,35.7,29.1,28.3,30.200000000000003,4.95,1.99,4.97,0.16,0.0,0.0,1027.0,8228.0,0.0,0.0,0.0,0.0,0.0,1.0,0.0,0.0,0.0,0.0,0.0,3.1,0.0,-1.6,0.0,0.0,16.0,25903.0
2026-07-30T19:01:32.493Z,261.976,261.99,0.0,7.4,0.0,0.0,0.0,0.0,0.0,0.0,0.0,0.0,1.0,0.0,0.0,0.0,9.0,4.0,0.0,0.0,0.0,0.0,0.0,0.0,0.0,0.0,2.0,12.0,1.0,12.11,5.0200000000000005,2.51,1.49,0.0,0.0,0.0,0.4,0.0,1.4,0.6000000000000001,1.6,-169.70000000000002,0.0,0.0,169.8,0.0,21.700000000000003,29.200000000000003,29.200000000000003,29.700000000000003,300.0,300.0,31.6,35.7,29.1,28.3,30.200000000000003,4.95,1.99,4.96,0.16,0.0,0.0,1027.0,8228.0,0.0,0.0,0.0,0.0,0.0,1.0,0.0,0.0,0.0,0.0,0.0,2.0,0.0,-1.3,0.0,0.0001,16.0,25903.0
2026-07-30T19:01:32.505Z,261.988,262.002,0.0,7.4,0.0,0.0,0.0,0.0,0.0,0.0,0.0,0.0,1.0,0.0,0.0,0.0,9.0,4.0,0.0,0.0,0.0,0.0,0.0,0.0,0.0,0.0,4.0,12.0,1.0,12.11,5.0200000000000005,2.51,1.49,0.0,0.0,0.0,0.4,0.0,0.2,0.1,1.6,-169.70000000000002,0.0,0.0,169.8,0.0,21.700000000000003,29.200000000000003,29.200000000000003,29.700000000000003,300.0,300.0,31.6,35.7,29.1,28.3,30.200000000000003,4.95,1.99,4.96,0.16,0.0,0.0,1027.0,8228.0,0.0,0.0,0.0,0.0,0.0,1.0,0.0,0.0,0.0,0.0,0.0,1.3,0.0,-1.4,0.0,0.0001,16.0,25903.0
2026-07-30T19:01:32.517Z,262.0,262.014,0.0,7.4,0.0,0.0,0.0,0.0,0.0,0.0,0.0,0.0,1.0,0.0,0.0,0.0,9.0,4.0,0.0,0.0,0.0,0.0,0.0,0.0,0.0,0.0,4.0,12.0,1.0,12.11,5.0200000000000005,2.51,1.49,0.0,0.0,0.0,0.4,0.0,0.8,0.1,0.5,-169.70000000000002,0.0,0.0,169.70000000000002,0.0,21.700000000000003,29.200000000000003,29.200000000000003,29.700000000000003,300.0,300.0,31.6,35.7,29.1,28.3,30.200000000000003,4.95,1.99,4.96,0.16,0.0,0.0,1027.0,8228.0,0.0,0.0,0.0,0.0,0.0,1.0,0.0,0.0,0.0,0.0,0.0,0.5,0.0,-0.4,0.0,0.0,16.0,25903.0
2026-07-30T19:01:32.530Z,262.013,262.026,0.0,7.4,0.0,0.0,0.0,0.0,0.0,0.0,0.0,0.0,1.0,0.0,0.0,0.0,9.0,4.0,0.0,0.0,0.0,0.0,0.0,0.0,0.0,0.0,6.0,12.0,1.0,12.15,5.0200000000000005,2.5,1.49,0.0,0.0,0.0,0.4,0.0,-0.3,0.1,1.1,-169.70000000000002,0.0,0.0,169.8,0.0,21.4,29.200000000000003,29.200000000000003,29.700000000000003,300.0,300.0,31.6,35.7,29.1,28.3,30.200000000000003,4.96,1.99,4.96,0.16,0.0,0.0,1027.0,8228.0,0.0,0.0,0.0,0.0,0.0,1.0,0.0,0.0,0.0,0.0,0.0,1.0,0.0,-0.9,0.0,0.0002,16.0,25903.0
2026-07-30T19:01:32.541Z,262.024,262.038,0.0,7.4,0.0,0.0,0.0,0.0,0.0,0.0,0.0,0.0,1.0,0.0,0.0,0.0,9.0,4.0,0.0,0.0,0.0,0.0,0.0,0.0,0.0,0.0,6.0,12.0,1.0,12.15,5.0200000000000005,2.5,1.49,0.0,0.0,0.0,0.4,0.0,-0.9,-0.4,0.4,-169.70000000000002,0.0,0.0,169.70000000000002,0.0,21.4,29.200000000000003,29.200000000000003,29.700000000000003,300.0,300.0,31.6,35.7,29.1,28.3,30.200000000000003,4.95,1.99,4.96,0.16,0.0,0.0,1027.0,8228.0,0.0,0.0,0.0,0.0,0.0,1.0,0.0,0.0,0.0,0.0,0.0,-0.2,0.0,-0.4,0.0,0.0001,16.0,25903.0
2026-07-30T19:01:32.553Z,262.036,262.05,0.0,7.4,0.0,0.0,0.0,0.0,0.0,0.0,0.0,0.0,1.0,0.0,0.0,0.0,9.0,4.0,0.0,0.0,0.0,0.0,0.0,0.0,0.0,0.0,1.0,12.0,1.0,12.15,5.0200000000000005,2.5,1.49,0.0,0.0,0.0,0.4,0.0,0.2,-0.4,0.4,-169.70000000000002,0.0,0.0,169.8,0.0,21.4,29.200000000000003,29.200000000000003,29.700000000000003,300.0,300.0,31.6,35.7,29.1,28.3,30.200000000000003,4.95,1.99,4.97,0.16,0.0,0.0,1027.0,8228.0,0.0,0.0,0.0,0.0,0.0,1.0,0.0,0.0,0.0,0.0,0.0,-0.1,0.0,-0.5,0.0,0.0001,16.0,25903.0
2026-07-30T19:01:32.565Z,262.048,262.062,0.0,7.4,0.0,0.0,0.0,0.0,0.0,0.0,0.0,0.0,1.0,0.0,0.0,0.0,9.0,4.0,0.0,0.0,0.0,0.0,0.0,0.0,0.0,0.0,2.0,12.0,1.0,12.15,5.0200000000000005,2.5,1.49,0.0,0.0,0.0,0.4,0.0,-0.3,-0.4,0.4,-169.70000000000002,0.0,0.0,169.70000000000002,0.0,21.4,29.200000000000003,29.200000000000003,29.700000000000003,300.0,300.0,31.6,35.7,29.1,28.3,30.200000000000003,4.95,2.0,4.96,0.16,0.0,0.0,1027.0,8228.0,0.0,0.0,0.0,0.0,0.0,1.0,0.0,0.0,0.0,0.0,0.0,-0.2,0.0,-0.4,0.0,0.0001,16.0,25903.0
2026-07-30T19:01:32.576Z,262.059,262.074,0.0,7.4,0.0,0.0,0.0,0.0,0.0,0.0,0.0,0.0,1.0,0.0,0.0,0.0,9.0,4.0,0.0,0.0,0.0,0.0,0.0,0.0,0.0,0.0,3.0,12.0,1.0,12.15,5.0200000000000005,2.5,1.49,0.0,0.0,0.0,0.4,0.0,-0.3,1.2000000000000002,1.6,-169.70000000000002,0.0,0.0,169.8,0.0,21.4,29.200000000000003,29.200000000000003,29.700000000000003,300.0,300.0,31.6,35.7,29.1,28.3,30.200000000000003,4.96,1.99,4.96,0.16,0.0,0.0,1027.0,8228.0,0.0,0.0,0.0,0.0,0.0,1.0,0.0,0.0,0.0,0.0,0.0,2.6,0.0,-1.1,0.0,0.0,16.0,25903.0
2026-07-30T19:01:32.589Z,262.072,262.086,0.0,7.4,0.0,0.0,0.0,0.0,0.0,0.0,0.0,0.0,1.0,0.0,0.0,0.0,9.0,4.0,0.0,0.0,0.0,0.0,0.0,0.0,0.0,0.0,4.0,12.0,1.0,12.15,5.0200000000000005,2.5,1.49,0.0,0.0,0.0,0.4,0.0,0.7000000000000001,0.1,1.5,-169.70000000000002,0.0,0.0,169.8,0.0,21.4,29.200000000000003,29.200000000000003,29.700000000000003,300.0,300.0,31.6,35.7,29.1,28.3,30.200000000000003,4.95,1.99,4.97,0.16,0.0,0.0,1027.0,8228.0,0.0,0.0,0.0,0.0,0.0,1.0,0.0,0.0,0.0,0.0,0.0,1.3,0.0,-1.3,0.0,0.0,16.0,25903.0
2026-07-30T19:01:32.601Z,262.084,262.098,0.0,7.4,0.0,0.0,0.0,0.0,0.0,0.0,0.0,0.0,1.0,0.0,0.0,0.0,9.0,4.0,0.0,0.0,0.0,0.0,0.0,0.0,0.0,0.0,5.0,12.0,1.0,12.15,5.0200000000000005,2.5,1.49,0.0,0.0,0.0,0.4,0.0,-0.3,0.1,-0.1,-169.70000000000002,0.0,0.0,169.70000000000002,0.0,21.4,29.200000000000003,29.200000000000003,29.700000000000003,300.0,300.0,31.6,35.7,29.1,28.3,30.200000000000003,4.96,1.99,4.96,0.16,0.0,0.0,1027.0,8228.0,0.0,0.0,0.0,0.0,0.0,1.0,0.0,0.0,0.0,0.0,0.0,0.0,0.0,0.1,0.0,0.0,16.0,25903.0
2026-07-30T19:01:32.613Z,262.096,262.11,0.0,7.4,0.0,0.0,0.0,0.0,0.0,0.0,0.0,0.0,1.0,0.0,0.0,0.0,9.0,4.0,0.0,0.0,0.0,0.0,0.0,0.0,0.0,0.0,6.0,12.0,1.0,12.15,5.0200000000000005,2.5,1.49,0.0,0.0,0.0,0.4,0.0,0.7000000000000001,1.2000000000000002,0.3,-169.70000000000002,0.0,0.0,169.8,0.0,21.4,29.200000000000003,29.200000000000003,29.700000000000003,300.0,300.0,31.6,35.7,29.1,28.3,30.200000000000003,4.96,1.99,4.96,0.16,0.0,0.0,1027.0,8228.0,0.0,0.0,0.0,0.0,0.0,1.0,0.0,0.0,0.0,0.0,0.0,1.6,0.0,0.0,0.0,0.0,16.0,25903.0
2026-07-30T19:01:32.624Z,262.107,262.122,0.0,7.4,0.0,0.0,0.0,0.0,0.0,0.0,0.0,0.0,1.0,0.0,0.0,0.0,9.0,4.0,0.0,0.0,0.0,0.0,0.0,0.0,0.0,0.0,1.0,12.0,1.0,12.15,5.0200000000000005,2.5,1.49,0.0,0.0,0.0,0.4,0.0,0.1,0.6000000000000001,0.3,-169.70000000000002,0.0,0.0,169.8,0.0,21.4,29.200000000000003,29.200000000000003,29.700000000000003,300.0,300.0,31.6,35.7,29.1,28.3,30.200000000000003,4.95,1.99,4.96,0.16,0.0,0.0,1027.0,8228.0,0.0,0.0,0.0,0.0,0.0,1.0,0.0,0.0,0.0,0.0,0.0,0.9,0.0,-0.1,0.0,0.0,16.0,25903.0
2026-07-30T19:01:32.636Z,262.119,262.134,0.0,7.4,0.0,0.0,0.0,0.0,0.0,0.0,0.0,0.0,1.0,0.0,0.0,0.0,9.0,4.0,0.0,0.0,0.0,0.0,0.0,0.0,0.0,0.0,2.0,12.0,1.0,12.17,5.01,2.51,1.49,0.0,0.0,0.0,0.4,0.0,-1.0,-0.5,-0.2,-169.70000000000002,0.0,0.0,169.70000000000002,0.0,21.3,29.200000000000003,29.200000000000003,29.700000000000003,300.0,300.0,31.5,35.7,29.1,28.3,30.200000000000003,4.95,1.99,4.97,0.16,0.0,0.0,1027.0,8228.0,0.0,0.0,0.0,0.0,0.0,1.0,0.0,0.0,0.0,0.0,0.0,-0.8,0.0,0.1,0.0,0.0001,16.0,25903.0
2026-07-30T19:01:32.649Z,262.132,262.146,0.0,7.4,0.0,0.0,0.0,0.0,0.0,0.0,0.0,0.0,1.0,0.0,0.0,0.0,9.0,4.0,0.0,0.0,0.0,0.0,0.0,0.0,0.0,0.0,3.0,12.0,1.0,12.17,5.01,2.51,1.49,0.0,0.1,0.0,0.4,0.0,0.1,-1.0,-0.7000000000000001,-169.70000000000002,0.0,0.0,169.8,0.0,21.3,29.200000000000003,29.200000000000003,29.700000000000003,300.0,300.0,31.5,35.7,29.1,28.3,30.200000000000003,4.96,1.99,4.96,0.16,0.0,0.0,1027.0,8228.0,0.0,0.0,0.0,0.0,0.0,1.0,0.0,0.0,0.0,0.0,0.0,-1.8,0.0,0.4,0.0,0.0001,16.0,25903.0
2026-07-30T19:01:32.661Z,262.144,262.158,0.0,7.4,0.0,0.0,0.0,0.0,0.0,0.0,0.0,0.0,1.0,0.0,0.0,0.0,9.0,4.0,0.0,0.0,0.0,0.0,0.0,0.0,0.0,0.0,4.0,12.0,1.0,12.17,5.01,2.51,1.49,0.0,0.0,0.0,0.4,0.0,0.7000000000000001,0.0,0.9,-169.70000000000002,0.0,0.0,169.70000000000002,0.0,21.3,29.200000000000003,29.200000000000003,29.700000000000003,300.0,300.0,31.5,35.7,29.1,28.3,30.200000000000003,4.96,1.99,4.97,0.16,0.0,0.0,1027.0,8228.0,0.0,0.0,0.0,0.0,0.0,1.0,0.0,0.0,0.0,0.0,0.0,0.8,0.0,-0.8,0.0,0.0001,16.0,25903.0
2026-07-30T19:01:32.673Z,262.156,262.17,0.0,7.4,0.0,0.0,0.0,0.0,0.0,0.0,0.0,0.0,1.0,0.0,0.0,0.0,9.0,4.0,0.0,0.0,0.0,0.0,0.0,0.0,0.0,0.0,5.0,12.0,1.0,12.17,5.01,2.51,1.49,0.0,0.0,0.0,0.4,0.0,0.2,1.2000000000000002,-1.3,-169.70000000000002,0.0,0.0,169.70000000000002,0.0,21.3,29.200000000000003,29.200000000000003,29.700000000000003,300.0,300.0,31.5,35.7,29.1,28.3,30.200000000000003,4.95,2.0,4.97,0.16,0.0,0.0,1027.0,8228.0,0.0,0.0,0.0,0.0,0.0,1.0,0.0,0.0,0.0,0.0,0.0,0.3,0.0,1.4,0.0,0.0,16.0,25903.0
2026-07-30T19:01:32.685Z,262.168,262.182,0.0,7.4,0.0,0.0,0.0,0.0,0.0,0.0,0.0,0.0,1.0,0.0,0.0,0.0,9.0,4.0,0.0,0.0,0.0,0.0,0.0,0.0,0.0,0.0,1.0,12.0,1.0,12.17,5.01,2.51,1.49,0.0,0.0,0.0,0.4,0.0,-0.3,0.0,-0.2,-169.70000000000002,0.0,0.0,169.8,0.0,21.3,29.200000000000003,29.200000000000003,29.700000000000003,300.0,300.0,31.5,35.7,29.1,28.3,30.200000000000003,4.96,2.0,4.96,0.16,0.0,0.0,1027.0,8228.0,0.0,0.0,0.0,0.0,0.0,1.0,0.0,0.0,0.0,0.0,0.0,-0.1,0.0,0.2,0.0,0.0001,16.0,25903.0
2026-07-30T19:01:32.697Z,262.18,262.194,0.0,7.4,0.0,0.0,0.0,0.0,0.0,0.0,0.0,0.0,1.0,0.0,0.0,0.0,9.0,4.0,0.0,0.0,0.0,0.0,0.0,0.0,0.0,0.0,1.0,12.0,1.0,12.17,5.01,2.51,1.49,0.0,0.0,0.0,0.4,0.0,0.2,-1.1,-0.2,-169.70000000000002,0.0,0.0,169.70000000000002,0.0,21.3,29.200000000000003,29.200000000000003,29.700000000000003,300.0,300.0,31.5,35.7,29.1,28.3,30.200000000000003,4.95,1.99,4.96,0.16,0.0,0.0,1027.0,8228.0,0.0,0.0,0.0,0.0,0.0,1.0,0.0,0.0,0.0,0.0,0.0,-1.4,0.0,0.0,0.0,0.0,16.0,25903.0
2026-07-30T19:01:32.709Z,262.192,262.206,0.0,7.4,0.0,0.0,0.0,0.0,0.0,0.0,0.0,0.0,1.0,0.0,0.0,0.0,9.0,4.0,0.0,0.0,0.0,0.0,0.0,0.0,0.0,0.0,3.0,12.0,1.0,12.17,5.01,2.51,1.49,0.0,0.0,0.0,0.5,0.0,-0.3,-0.5,-0.2,-169.70000000000002,0.0,0.0,169.70000000000002,0.0,21.3,29.200000000000003,29.200000000000003,29.700000000000003,300.0,300.0,31.5,35.7,29.1,28.3,30.200000000000003,4.95,1.99,4.97,0.16,0.0,0.0,1027.0,8228.0,0.0,0.0,0.0,0.0,0.0,1.0,0.0,0.0,0.0,0.0,0.0,-0.8,0.0,0.1,0.0,0.0001,16.0,25903.0
2026-07-30T19:01:32.720Z,262.203,262.218,0.0,7.4,0.0,0.0,0.0,0.0,0.0,0.0,0.0,0.0,1.0,0.0,0.0,0.0,9.0,4.0,0.0,0.0,0.0,0.0,0.0,0.0,0.0,0.0,4.0,12.0,1.0,12.17,5.01,2.51,1.49,0.0,0.0,0.0,0.4,0.0,-0.3,0.0,-1.4,-169.70000000000002,0.0,0.0,169.70000000000002,0.0,21.3,29.200000000000003,29.200000000000003,29.700000000000003,300.0,300.0,31.5,35.7,29.1,28.3,30.200000000000003,4.96,1.99,4.97,0.16,0.0,0.0,1027.0,8228.0,0.0,0.0,0.0,0.0,0.0,1.0,0.0,0.0,0.0,0.0,0.0,-1.0,0.0,1.3,0.0,0.0,16.0,25903.0
2026-07-30T19:01:32.734Z,262.217,262.23,0.0,7.4,0.0,0.0,0.0,0.0,0.0,0.0,0.0,0.0,1.0,0.0,0.0,0.0,9.0,4.0,0.0,0.0,0.0,0.0,0.0,0.0,0.0,0.0,5.0,12.0,1.0,12.18,5.01,2.5,1.49,0.0,0.0,0.0,0.4,0.0,-0.3,0.0,0.8,-169.70000000000002,0.0,0.0,169.70000000000002,0.0,21.700000000000003,29.200000000000003,29.200000000000003,29.700000000000003,300.0,300.0,31.5,35.7,29.1,28.3,30.200000000000003,4.96,1.99,4.96,0.16,0.0,0.0,1027.0,8228.0,0.0,0.0,0.0,0.0,0.0,1.0,0.0,0.0,0.0,0.0,0.0,0.7000000000000001,0.0,-0.7000000000000001,0.0,0.0,16.0,25903.0
2026-07-30T19:01:32.744Z,262.227,262.242,0.0,7.4,0.0,0.0,0.0,0.0,0.0,0.0,0.0,0.0,1.0,0.0,0.0,0.0,9.0,4.0,0.0,0.0,0.0,0.0,0.0,0.0,0.0,0.0,6.0,12.0,1.0,12.18,5.01,2.5,1.49,0.0,0.0,0.0,0.5,0.0,0.8,-0.4,0.2,-169.70000000000002,0.0,0.0,169.70000000000002,0.0,21.700000000000003,29.200000000000003,29.200000000000003,29.700000000000003,300.0,300.0,31.5,35.7,29.1,28.3,30.200000000000003,4.96,1.99,4.97,0.16,0.0,0.0,1027.0,8228.0,0.0,0.0,0.0,0.0,0.0,1.0,0.0,0.0,0.0,0.0,0.0,-0.3,0.0,-0.3,0.0,0.0,16.0,25903.0
2026-07-30T19:01:32.757Z,262.24,262.254,0.0,7.4,0.0,0.0,0.0,0.0,0.0,0.0,0.0,0.0,1.0,0.0,0.0,0.0,9.0,4.0,0.0,0.0,0.0,0.0,0.0,0.0,0.0,0.0,1.0,12.0,1.0,12.18,5.01,2.5,1.49,0.0,0.0,0.0,0.4,0.0,0.2,0.6000000000000001,-0.8,-169.70000000000002,0.0,0.0,169.8,0.0,21.700000000000003,29.200000000000003,29.200000000000003,29.700000000000003,300.0,300.0,31.5,35.7,29.1,28.3,30.200000000000003,4.96,1.99,4.96,0.16,0.0,0.0,1027.0,8228.0,0.0,0.0,0.0,0.0,0.0,1.0,0.0,0.0,0.0,0.0,0.0,0.1,0.0,0.8,0.0,0.0,16.0,25903.0
2026-07-30T19:01:32.769Z,262.252,262.266,0.0,7.4,0.0,0.0,0.0,0.0,0.0,0.0,0.0,0.0,1.0,0.0,0.0,0.0,9.0,4.0,0.0,0.0,0.0,0.0,0.0,0.0,0.0,0.0,2.0,12.0,1.0,12.18,5.01,2.5,1.49,0.0,0.1,0.0,0.4,0.0,-0.3,-0.5,-0.3,-169.70000000000002,0.0,0.0,169.70000000000002,0.0,21.700000000000003,29.200000000000003,29.200000000000003,29.700000000000003,300.0,300.0,31.5,35.7,29.1,28.3,30.200000000000003,4.96,2.0,4.96,0.16,0.0,0.0,1027.0,8228.0,0.0,0.0,0.0,0.0,0.0,1.0,0.0,0.0,0.0,0.0,0.0,-0.3,0.0,1.4,0.0,0.0001,16.0,25903.0
2026-07-30T19:01:32.780Z,262.263,262.278,0.0,7.4,0.0,0.0,0.0,0.0,0.0,0.0,0.0,0.0,1.0,0.0,0.0,0.0,9.0,4.0,0.0,0.0,0.0,0.0,0.0,0.0,0.0,0.0,1.0,12.0,1.0,12.18,5.01,2.5,1.49,0.0,0.0,0.0,0.4,0.0,0.2,-0.5,-2.0,-169.70000000000002,0.0,0.0,169.8,0.0,21.700000000000003,29.200000000000003,29.200000000000003,29.700000000000003,300.0,300.0,31.5,35.7,29.1,28.3,30.200000000000003,4.95,2.0,4.97,0.16,0.0,0.0,1027.0,8228.0,0.0,0.0,0.0,0.0,0.0,1.0,0.0,0.0,0.0,0.0,0.0,1.7000000000000002,0.0,-1.1,0.0,0.0001,16.0,25903.0
2026-07-30T19:01:32.792Z,262.275,262.29,0.0,7.4,0.0,0.0,0.0,0.0,0.0,0.0,0.0,0.0,1.0,0.0,0.0,0.0,9.0,4.0,0.0,0.0,0.0,0.0,0.0,0.0,0.0,0.0,2.0,12.0,1.0,12.18,5.01,2.5,1.49,0.0,0.0,0.0,0.4,0.0,-0.3,-1.0,-0.9,-169.70000000000002,0.0,0.0,169.8,0.0,21.700000000000003,29.200000000000003,29.200000000000003,29.700000000000003,300.0,300.0,31.5,35.7,29.1,28.3,30.200000000000003,4.96,1.99,4.97,0.16,0.0,0.0,1027.0,8228.0,0.0,0.0,0.0,0.0,0.0,1.0,0.0,0.0,0.0,0.0,0.0,-1.0,0.0,1.3,0.0,0.0001,16.0,25903.0
2026-07-30T19:01:32.805Z,262.288,262.302,0.0,7.4,0.0,0.0,0.0,0.0,0.0,0.0,0.0,0.0,1.0,0.0,0.0,0.0,9.0,4.0,0.0,0.0,0.0,0.0,0.0,0.0,0.0,0.0,3.0,12.0,1.0,12.18,5.01,2.5,1.49,0.0,0.0,0.0,0.4,0.0,0.8,0.6000000000000001,0.2,-169.70000000000002,0.0,0.0,169.70000000000002,0.0,21.700000000000003,29.200000000000003,29.200000000000003,29.700000000000003,300.0,300.0,31.5,35.7,29.1,28.3,30.200000000000003,4.96,1.99,4.96,0.16,0.0,0.0,1027.0,8228.0,0.0,0.0,0.0,0.0,0.0,1.0,0.0,0.0,0.0,0.0,0.0,0.9,0.0,0.0,0.0,0.0,16.0,25903.0
2026-07-30T19:01:32.817Z,262.3,262.314,0.0,7.4,0.0,0.0,0.0,0.0,0.0,0.0,0.0,0.0,1.0,0.0,0.0,0.0,9.0,4.0,0.0,0.0,0.0,0.0,0.0,0.0,0.0,0.0,5.0,12.0,1.0,12.18,5.01,2.5,1.49,0.0,0.0,0.0,0.4,0.0,0.2,0.6000000000000001,0.1,-169.70000000000002,0.0,0.0,169.8,0.0,21.700000000000003,29.200000000000003,29.200000000000003,29.700000000000003,300.0,300.0,31.5,35.7,29.1,28.3,30.200000000000003,4.96,1.99,4.96,0.16,0.0,0.0,1027.0,8228.0,0.0,0.0,0.0,0.0,0.0,1.0,0.0,0.0,0.0,0.0,0.0,0.8,0.0,0.0,0.0,0.0001,16.0,25903.0
2026-07-30T19:01:32.829Z,262.312,262.326,0.0,7.4,0.0,0.0,0.0,0.0,0.0,0.0,0.0,0.0,1.0,0.0,0.0,0.0,9.0,4.0,0.0,0.0,0.0,0.0,0.0,0.0,0.0,0.0,6.0,12.0,1.0,12.18,5.01,2.5,1.49,0.0,0.0,0.0,0.4,0.0,0.2,0.0,-0.4,-169.70000000000002,0.0,0.0,169.8,0.0,21.700000000000003,29.200000000000003,29.200000000000003,29.700000000000003,300.0,300.0,31.5,35.7,29.1,28.3,30.200000000000003,4.95,1.99,4.97,0.16,0.0,0.0,1027.0,8228.0,0.0,0.0,0.0,0.0,0.0,1.0,0.0,0.0,0.0,0.0,0.0,-0.2,0.0,0.3,0.0,0.0,16.0,25903.0
2026-07-30T19:01:32.840Z,262.323,262.338,0.0,7.4,0.0,0.0,0.0,0.0,0.0,0.0,0.0,0.0,1.0,0.0,0.0,0.0,9.0,4.0,0.0,0.0,0.0,0.0,0.0,0.0,0.0,0.0,1.0,12.0,1.0,12.15,5.01,2.51,1.5,0.0,0.1,0.0,0.4,0.0,-0.3,-0.5,-0.4,-169.70000000000002,0.0,0.0,169.8,0.0,21.0,29.200000000000003,29.200000000000003,29.700000000000003,300.0,300.0,31.6,35.6,29.1,28.3,30.200000000000003,4.96,1.99,4.97,0.16,0.0,0.0,1027.0,8228.0,0.0,0.0,0.0,0.0,0.0,1.0,0.0,0.0,0.0,0.0,0.0,-0.9,0.0,0.2,0.0,0.0001,16.0,25903.0
2026-07-30T19:01:32.853Z,262.336,262.35,0.0,7.4,0.0,0.0,0.0,0.0,0.0,0.0,0.0,0.0,1.0,0.0,0.0,0.0,9.0,4.0,0.0,0.0,0.0,0.0,0.0,0.0,0.0,0.0,2.0,12.0,1.0,12.15,5.01,2.51,1.5,0.0,0.1,0.0,0.4,0.0,0.2,0.0,-0.3,-169.70000000000002,0.0,0.0,169.8,0.0,21.0,29.200000000000003,29.200000000000003,29.700000000000003,300.0,300.0,31.6,35.6,29.1,28.3,30.200000000000003,4.96,2.0,4.96,0.15,0.0,0.0,1027.0,8228.0,0.0,0.0,0.0,0.0,0.0,1.0,0.0,0.0,0.0,0.0,0.0,-0.1,0.0,0.3,0.0,0.0,16.0,25903.0
2026-07-30T19:01:32.864Z,262.347,262.362,0.0,7.4,0.0,0.0,0.0,0.0,0.0,0.0,0.0,0.0,1.0,0.0,0.0,0.0,9.0,4.0,0.0,0.0,0.0,0.0,0.0,0.0,0.0,0.0,2.0,12.0,1.0,12.15,5.01,2.51,1.5,0.0,0.0,0.0,0.5,0.0,-1.5,-1.0,-0.9,-169.70000000000002,0.0,0.0,169.8,0.0,21.0,29.200000000000003,29.200000000000003,29.700000000000003,300.0,300.0,31.6,35.6,29.1,28.3,30.200000000000003,4.96,1.99,4.96,0.16,0.0,0.0,1027.0,8228.0,0.0,0.0,0.0,0.0,0.0,1.0,0.0,0.0,0.0,0.0,0.0,-1.9,0.0,0.6000000000000001,0.0,0.0,16.0,25903.0
2026-07-30T19:01:32.877Z,262.36,262.374,0.0,7.4,0.0,0.0,0.0,0.0,0.0,0.0,0.0,0.0,1.0,0.0,0.0,0.0,9.0,4.0,0.0,0.0,0.0,0.0,0.0,0.0,0.0,0.0,3.0,12.0,1.0,12.15,5.01,2.51,1.5,0.0,0.0,0.0,0.4,0.0,0.2,0.7000000000000001,-0.3,-169.70000000000002,0.0,0.0,169.8,0.0,21.0,29.200000000000003,29.200000000000003,29.700000000000003,300.0,300.0,31.6,35.6,29.1,28.3,30.200000000000003,4.96,1.99,4.97,0.16,0.0,0.0,1027.0,8228.0,0.0,0.0,0.0,0.0,0.0,1.0,0.0,0.0,0.0,0.0,0.0,0.5,0.0,0.4,0.0,0.0001,16.0,25903.0
2026-07-30T19:01:32.889Z,262.372,262.386,0.0,7.4,0.0,0.0,0.0,0.0,0.0,0.0,0.0,0.0,1.0,0.0,0.0,0.0,9.0,4.0,0.0,0.0,0.0,0.0,0.0,0.0,0.0,0.0,4.0,12.0,1.0,12.15,5.01,2.51,1.5,0.0,0.0,0.0,0.4,0.0,-0.8,-0.4,-0.3,-169.70000000000002,0.0,0.0,169.70000000000002,0.0,21.0,29.200000000000003,29.200000000000003,29.700000000000003,300.0,300.0,31.6,35.6,29.1,28.3,30.200000000000003,4.95,1.99,4.96,0.16,0.0,0.0,1027.0,8228.0,0.0,0.0,0.0,0.0,0.0,1.0,0.0,0.0,0.0,0.0,0.0,-0.7000000000000001,0.0,0.1,0.0,0.0001,16.0,25903.0
2026-07-30T19:01:32.900Z,262.383,262.398,0.0,7.4,0.0,0.0,0.0,0.0,0.0,0.0,0.0,0.0,1.0,0.0,0.0,0.0,9.0,4.0,0.0,0.0,0.0,0.0,0.0,0.0,0.0,0.0,5.0,12.0,1.0,12.15,5.01,2.51,1.5,0.0,0.0,0.0,0.5,0.0,0.8,1.3,0.2,-169.70000000000002,0.0,0.0,169.70000000000002,0.0,21.0,29.200000000000003,29.200000000000003,29.700000000000003,300.0,300.0,31.6,35.6,29.1,28.3,30.200000000000003,4.95,1.99,4.96,0.16,0.0,0.0,1027.0,8228.0,0.0,0.0,0.0,0.0,0.0,1.0,0.0,0.0,0.0,0.0,0.0,1.6,0.0,0.0,0.0,0.0001,16.0,25903.0
2026-07-30T19:01:32.912Z,262.395,262.41,0.0,7.4,0.0,0.0,0.0,0.0,0.0,0.0,0.0,0.0,1.0,0.0,0.0,0.0,9.0,4.0,0.0,0.0,0.0,0.0,0.0,0.0,0.0,0.0,6.0,12.0,1.0,12.15,5.01,2.51,1.5,0.0,0.0,0.0,0.4,0.0,0.3,0.7000000000000001,-0.3,-169.70000000000002,0.0,0.0,169.8,0.0,21.0,29.200000000000003,29.200000000000003,29.700000000000003,300.0,300.0,31.6,35.6,29.1,28.3,30.200000000000003,4.95,1.99,4.96,0.16,0.0,0.0,1027.0,8228.0,0.0,0.0,0.0,0.0,0.0,1.0,0.0,0.0,0.0,0.0,0.0,0.6000000000000001,0.0,0.4,0.0,0.0001,16.0,25903.0
2026-07-30T19:01:32.924Z,262.407,262.422,0.0,7.4,0.0,0.0,0.0,0.0,0.0,0.0,0.0,0.0,1.0,0.0,0.0,0.0,9.0,4.0,0.0,0.0,0.0,0.0,0.0,0.0,0.0,0.0,2.0,12.0,1.0,12.15,5.01,2.51,1.5,0.0,0.0,0.0,0.4,0.0,0.3,0.1,0.8,-169.70000000000002,0.0,0.0,169.70000000000002,0.0,21.0,29.200000000000003,29.200000000000003,29.700000000000003,300.0,300.0,31.6,35.6,29.1,28.3,30.200000000000003,4.96,1.99,4.97,0.16,0.0,0.0,1027.0,8228.0,0.0,0.0,0.0,0.0,0.0,1.0,0.0,0.0,0.0,0.0,0.0,0.8,0.0,-0.7000000000000001,0.0,0.0001,16.0,25903.0
2026-07-30T19:01:32.937Z,262.42,262.434,0.0,7.4,0.0,0.0,0.0,0.0,0.0,0.0,0.0,0.0,1.0,0.0,0.0,0.0,9.0,4.0,0.0,0.0,0.0,0.0,0.0,0.0,0.0,0.0,3.0,12.0,1.0,12.14,5.01,2.5,1.49,0.0,0.0,0.0,0.4,0.0,0.3,0.1,0.3,-169.70000000000002,0.0,0.0,169.8,0.0,21.8,29.200000000000003,29.200000000000003,29.700000000000003,300.0,300.0,31.5,35.6,29.1,28.3,30.200000000000003,4.96,2.0,4.96,0.16,0.0,0.0,1027.0,8228.0,0.0,0.0,0.0,0.0,0.0,1.0,0.0,0.0,0.0,0.0,0.0,0.5,0.0,-0.2,0.0,0.0001,16.0,25903.0
2026-07-30T19:01:32.948Z,262.431,262.446,0.0,7.4,0.0,0.0,0.0,0.0,0.0,0.0,0.0,0.0,1.0,0.0,0.0,0.0,9.0,4.0,0.0,0.0,0.0,0.0,0.0,0.0,0.0,0.0,4.0,12.0,1.0,12.14,5.01,2.5,1.49,0.0,0.1,0.0,0.4,0.0,-0.2,0.1,1.5,-169.70000000000002,0.0,0.0,169.8,0.0,21.8,29.200000000000003,29.200000000000003,29.700000000000003,300.0,300.0,31.5,35.6,29.1,28.3,30.200000000000003,4.96,1.99,4.97,0.16,0.0,0.0,1027.0,8228.0,0.0,0.0,0.0,0.0,0.0,1.0,0.0,0.0,0.0,0.0,0.0,1.3,0.0,-1.3,0.0,0.0001,16.0,25903.0
2026-07-30T19:01:32.961Z,262.444,262.458,0.0,7.4,0.0,0.0,0.0,0.0,0.0,0.0,0.0,0.0,1.0,0.0,0.0,0.0,9.0,4.0,0.0,0.0,0.0,0.0,0.0,0.0,0.0,0.0,5.0,12.0,1.0,12.14,5.01,2.5,1.49,0.0,0.0,0.0,0.4,0.0,0.3,0.7000000000000001,0.9,-169.70000000000002,0.0,0.0,169.70000000000002,0.0,21.8,29.200000000000003,29.200000000000003,29.700000000000003,300.0,300.0,31.5,35.6,29.1,28.3,30.200000000000003,4.95,1.99,4.97,0.16,0.0,0.0,1027.0,8228.0,0.0,0.0,0.0,0.0,0.0,1.0,0.0,0.0,0.0,0.0,0.0,1.5,0.0,-0.6000000000000001,0.0,0.0,16.0,25903.0
2026-07-30T19:01:32.973Z,262.456,262.47,0.0,7.4,0.0,0.0,0.0,0.0,0.0,0.0,0.0,0.0,1.0,0.0,0.0,0.0,9.0,4.0,0.0,0.0,0.0,0.0,0.0,0.0,0.0,0.0,1.0,12.0,1.0,12.14,5.01,2.5,1.49,0.0,0.0,0.0,0.4,0.0,-0.8,0.7000000000000001,0.9,-169.70000000000002,0.0,0.0,169.70000000000002,0.0,21.8,29.200000000000003,29.200000000000003,29.700000000000003,300.0,300.0,31.5,35.6,29.1,28.3,30.200000000000003,4.96,1.99,4.96,0.16,0.0,0.0,1027.0,8228.0,0.0,0.0,0.0,0.0,0.0,1.0,0.0,0.0,0.0,0.0,0.0,1.5,0.0,-0.6000000000000001,0.0,0.0001,16.0,25903.0
2026-07-30T19:01:32.985Z,262.468,262.482,0.0,7.4,0.0,0.0,0.0,0.0,0.0,0.0,0.0,0.0,1.0,0.0,0.0,0.0,9.0,4.0,0.0,0.0,0.0,0.0,0.0,0.0,0.0,0.0,2.0,12.0,1.0,12.14,5.01,2.5,1.49,0.0,0.0,0.0,0.4,0.0,0.3,-1.0,-0.2,-169.70000000000002,0.0,0.0,169.8,0.0,21.8,29.200000000000003,29.200000000000003,29.700000000000003,300.0,300.0,31.5,35.6,29.1,28.3,30.200000000000003,4.95,1.99,4.97,0.16,0.0,0.0,1027.0,8228.0,0.0,0.0,0.0,0.0,0.0,1.0,0.0,0.0,0.0,0.0,0.0,-1.3,0.0,0.0,0.0,0.0002,16.0,25903.0
2026-07-30T19:01:32.996Z,262.479,262.494,0.0,7.4,0.0,0.0,0.0,0.0,0.0,0.0,0.0,0.0,1.0,0.0,0.0,0.0,9.0,4.0,0.0,0.0,0.0,0.0,0.0,0.0,0.0,0.0,3.0,12.0,1.0,12.14,5.01,2.5,1.49,0.0,0.0,0.0,0.4,0.0,-0.2,1.3,-0.2,-169.70000000000002,0.0,0.0,169.8,0.0,21.8,29.200000000000003,29.200000000000003,29.700000000000003,300.0,300.0,31.5,35.6,29.1,28.3,30.200000000000003,4.95,1.99,4.96,0.17,0.0,0.0,1027.0,8228.0,0.0,0.0,0.0,0.0,0.0,1.0,0.0,0.0,0.0,0.0,0.0,1.3,0.0,0.4,0.0,0.0001,16.0,25903.0
2026-07-30T19:01:33.008Z,262.491,262.50600000000003,0.0,7.4,0.0,0.0,0.0,0.0,0.0,0.0,0.0,0.0,1.0,0.0,0.0,0.0,9.0,4.0,0.0,0.0,0.0,0.0,0.0,0.0,0.0,0.0,4.0,12.0,1.0,12.14,5.01,2.5,1.49,0.0,0.0,0.0,0.4,0.0,0.3,0.1,-0.2,-169.70000000000002,0.0,0.0,169.8,0.0,21.8,29.200000000000003,29.200000000000003,29.700000000000003,300.0,300.0,31.5,35.6,29.1,28.3,30.200000000000003,4.95,1.99,4.96,0.16,0.0,0.0,1027.0,8228.0,0.0,0.0,0.0,0.0,0.0,1.0,0.0,0.0,0.0,0.0,0.0,0.0,0.0,0.2,0.0,0.0002,16.0,25903.0
2026-07-30T19:01:33.020Z,262.503,262.51800000000003,0.0,7.4,0.0,0.0,0.0,0.0,0.0,0.0,0.0,0.0,1.0,0.0,0.0,0.0,9.0,4.0,0.0,0.0,0.0,0.0,0.0,0.0,0.0,0.0,5.0,12.0,1.0,12.14,5.01,2.5,1.49,0.0,0.0,0.0,0.4,0.0,-0.2,0.1,0.3,-169.70000000000002,0.0,0.0,169.70000000000002,0.0,21.8,29.200000000000003,29.200000000000003,29.700000000000003,300.0,300.0,31.5,35.6,29.1,28.3,30.200000000000003,4.96,1.99,4.96,0.16,0.0,0.0,1027.0,8228.0,0.0,0.0,0.0,0.0,0.0,1.0,0.0,0.0,0.0,0.0,0.0,0.3,0.0,-0.2,0.0,0.0,16.0,25903.0
2026-07-30T19:01:33.033Z,262.516,262.53000000000003,0.0,7.4,0.0,0.0,0.0,0.0,0.0,0.0,0.0,0.0,1.0,0.0,0.0,0.0,9.0,4.0,0.0,0.0,0.0,0.0,0.0,0.0,0.0,0.0,6.0,12.0,1.0,12.14,5.01,2.5,1.49,0.0,0.0,0.0,0.4,0.0,0.3,0.0,-0.2,-169.70000000000002,0.0,0.0,169.8,0.0,21.8,29.200000000000003,29.200000000000003,29.700000000000003,300.0,300.0,31.5,35.6,29.1,28.3,30.200000000000003,4.96,1.99,4.97,0.16,0.0,0.0,1027.0,8228.0,0.0,0.0,0.0,0.0,0.0,1.0,0.0,0.0,0.0,0.0,0.0,0.0,0.0,0.2,0.0,0.0001,16.0,25903.0
2026-07-30T19:01:33.045Z,262.528,262.54200000000003,0.0,7.4,0.0,0.0,0.0,0.0,0.0,0.0,0.0,0.0,1.0,0.0,0.0,0.0,9.0,4.0,0.0,0.0,0.0,0.0,0.0,0.0,0.0,0.0,2.0,12.0,1.0,12.17,5.01,2.51,1.49,0.0,0.0,0.0,0.4,0.0,-0.2,1.2000000000000002,-0.1,-169.70000000000002,0.0,0.0,169.8,0.0,21.3,29.200000000000003,29.200000000000003,29.700000000000003,300.0,300.0,31.4,35.6,29.1,28.3,30.200000000000003,4.96,2.0,4.96,0.16,0.0,0.0,1027.0,8228.0,0.0,0.0,0.0,0.0,0.0,1.0,0.0,0.0,0.0,0.0,0.0,1.2000000000000002,0.0,0.4,0.0,0.0001,16.0,25903.0
2026-07-30T19:01:33.057Z,262.54,262.55400000000003,0.0,7.4,0.0,0.0,0.0,0.0,0.0,0.0,0.0,0.0,1.0,0.0,0.0,0.0,9.0,4.0,0.0,0.0,0.0,0.0,0.0,0.0,0.0,0.0,2.0,12.0,1.0,12.17,5.01,2.51,1.49,0.0,0.0,0.0,0.4,0.0,0.3,-0.5,-0.2,-169.70000000000002,0.0,0.0,169.8,0.0,21.3,29.200000000000003,29.200000000000003,29.700000000000003,300.0,300.0,31.4,35.6,29.1,28.3,30.200000000000003,4.96,2.0,4.96,0.16,0.0,0.0,1027.0,8228.0,0.0,0.0,0.0,0.0,0.0,1.0,0.0,0.0,0.0,0.0,0.0,-0.7000000000000001,0.0,0.0,0.0,0.0,16.0,25903.0
2026-07-30T19:01:33.069Z,262.552,262.56600000000003,0.0,7.4,0.0,0.0,0.0,0.0,0.0,0.0,0.0,0.0,1.0,0.0,0.0,0.0,9.0,4.0,0.0,0.0,0.0,0.0,0.0,0.0,0.0,0.0,3.0,12.0,1.0,12.17,5.01,2.51,1.49,0.0,0.0,0.0,0.4,0.0,-0.2,-0.5,0.4,-169.70000000000002,0.0,0.0,169.8,0.0,21.3,29.200000000000003,29.200000000000003,29.700000000000003,300.0,300.0,31.4,35.6,29.1,28.3,30.200000000000003,4.95,2.0,4.97,0.16,0.0,0.0,1027.0,8228.0,0.0,0.0,0.0,0.0,0.0,1.0,0.0,0.0,0.0,0.0,0.0,-0.3,0.0,-0.4,0.0,0.0,16.0,25903.0
2026-07-30T19:01:33.081Z,262.564,262.57800000000003,0.0,7.4,0.0,0.0,0.0,0.0,0.0,0.0,0.0,0.0,1.0,0.0,0.0,0.0,9.0,4.0,0.0,0.0,0.0,0.0,0.0,0.0,0.0,0.0,4.0,12.0,1.0,12.17,5.01,2.51,1.49,0.0,0.0,0.0,0.5,0.0,-0.2,0.0,-0.7000000000000001,-169.70000000000002,0.0,0.0,169.70000000000002,0.0,21.3,29.200000000000003,29.200000000000003,29.700000000000003,300.0,300.0,31.4,35.6,29.1,28.3,30.200000000000003,4.96,1.99,4.96,0.16,0.0,0.0,1027.0,8228.0,0.0,0.0,0.0,0.0,0.0,1.0,0.0,0.0,0.0,0.0,0.0,-0.5,0.0,0.6000000000000001,0.0,0.0,16.0,25903.0
2026-07-30T19:01:33.093Z,262.576,262.59000000000003,0.0,7.4,0.0,0.0,0.0,0.0,0.0,0.0,0.0,0.0,1.0,0.0,0.0,0.0,9.0,4.0,0.0,0.0,0.0,0.0,0.0,0.0,0.0,0.0,4.0,12.0,1.0,12.17,5.01,2.51,1.49,0.0,0.0,0.0,0.4,0.0,-0.2,0.0,-0.7000000000000001,-169.70000000000002,0.0,0.0,169.70000000000002,0.0,21.3,29.200000000000003,29.200000000000003,29.700000000000003,300.0,300.0,31.4,35.6,29.1,28.3,30.200000000000003,4.96,2.0,4.96,0.16,0.0,0.0,1027.0,8228.0,0.0,0.0,0.0,0.0,0.0,1.0,0.0,0.0,0.0,0.0,0.0,-0.5,0.0,0.6000000000000001,0.0,0.0001,16.0,25903.0
2026-07-30T19:01:33.105Z,262.588,262.60200000000003,0.0,7.4,0.0,0.0,0.0,0.0,0.0,0.0,0.0,0.0,1.0,0.0,0.0,0.0,9.0,4.0,0.0,0.0,0.0,0.0,0.0,0.0,0.0,0.0,4.0,12.0,1.0,12.17,5.01,2.51,1.49,0.0,0.0,0.0,0.5,0.0,1.5,0.6000000000000001,-0.7000000000000001,-169.70000000000002,0.0,0.0,169.8,0.0,21.3,29.200000000000003,29.200000000000003,29.700000000000003,300.0,300.0,31.4,35.6,29.1,28.3,30.200000000000003,4.95,1.99,4.96,0.16,0.0,0.0,1027.0,8228.0,0.0,0.0,0.0,0.0,0.0,1.0,0.0,0.0,0.0,0.0,0.0,0.1,0.0,0.8,0.0,0.0001,16.0,25903.0
2026-07-30T19:01:33.117Z,262.6,262.61400000000003,0.0,7.4,0.0,0.0,0.0,0.0,0.0,0.0,0.0,0.0,1.0,0.0,0.0,0.0,9.0,4.0,0.0,0.0,0.0,0.0,0.0,0.0,0.0,0.0,5.0,12.0,1.0,12.17,5.01,2.51,1.49,0.0,0.0,0.0,0.4,0.0,-0.2,-1.0,1.0,-169.70000000000002,0.0,0.0,169.8,0.0,21.3,29.200000000000003,29.200000000000003,29.700000000000003,300.0,300.0,31.4,35.6,29.1,28.3,30.200000000000003,4.95,1.99,4.97,0.16,0.0,0.0,1027.0,8228.0,0.0,0.0,0.0,0.0,0.0,1.0,0.0,0.0,0.0,0.0,0.0,-0.4,0.0,-1.1,0.0,0.0001,16.0,25903.0
2026-07-30T19:01:33.129Z,262.612,262.62600000000003,0.0,7.4,0.0,0.0,0.0,0.0,0.0,0.0,0.0,0.0,1.0,0.0,0.0,0.0,9.0,4.0,0.0,0.0,0.0,0.0,0.0,0.0,0.0,0.0,6.0,12.0,1.0,12.17,5.01,2.51,1.49,0.0,0.1,0.0,0.5,0.0,-0.2,-0.5,1.0,-169.70000000000002,0.0,0.0,169.8,0.0,21.3,29.200000000000003,29.200000000000003,29.700000000000003,300.0,300.0,31.4,35.6,29.1,28.3,30.200000000000003,4.96,1.99,4.96,0.16,0.0,0.0,1027.0,8228.0,0.0,0.0,0.0,0.0,0.0,1.0,0.0,0.0,0.0,0.0,0.0,0.1,0.0,-1.0,0.0,0.0001,16.0,25903.0
2026-07-30T19:01:33.142Z,262.625,262.63800000000003,0.0,7.4,0.0,0.0,0.0,0.0,0.0,0.0,0.0,0.0,1.0,0.0,0.0,0.0,9.0,4.0,0.0,0.0,0.0,0.0,0.0,0.0,0.0,0.0,6.0,12.0,1.0,12.13,5.0200000000000005,2.51,1.5,0.0,0.0,0.0,0.4,0.0,-0.2,-0.5,-1.3,-169.70000000000002,0.0,0.0,169.8,0.0,21.3,29.200000000000003,29.200000000000003,29.700000000000003,300.0,300.0,31.5,35.6,29.1,28.3,30.200000000000003,4.96,1.99,4.97,0.16,0.0,0.0,1027.0,8228.0,0.0,0.0,0.0,0.0,0.0,1.0,0.0,0.0,0.0,0.0,0.0,-1.5,0.0,1.0,0.0,0.0001,16.0,25903.0
2026-07-30T19:01:33.153Z,262.636,262.65,0.0,7.4,0.0,0.0,0.0,0.0,0.0,0.0,0.0,0.0,1.0,0.0,0.0,0.0,9.0,4.0,0.0,0.0,0.0,0.0,0.0,0.0,0.0,0.0,2.0,12.0,1.0,12.13,5.0200000000000005,2.51,1.5,0.0,0.0,0.0,0.4,0.0,0.3,1.7000000000000002,0.9,-169.70000000000002,0.0,0.0,169.8,0.0,21.3,29.200000000000003,29.200000000000003,29.700000000000003,300.0,300.0,31.5,35.6,29.1,28.3,30.200000000000003,4.95,1.99,4.97,0.16,0.0,0.0,1027.0,8228.0,0.0,0.0,0.0,0.0,0.0,1.0,0.0,0.0,0.0,0.0,0.0,2.7,0.0,-0.4,0.0,0.0001,16.0,25903.0
2026-07-30T19:01:33.164Z,262.647,262.662,0.0,7.4,0.0,0.0,0.0,0.0,0.0,0.0,0.0,0.0,1.0,0.0,0.0,0.0,9.0,4.0,0.0,0.0,0.0,0.0,0.0,0.0,0.0,0.0,3.0,12.0,1.0,12.13,5.0200000000000005,2.51,1.5,0.0,0.0,0.0,0.4,0.0,0.3,-0.5,-0.2,-169.70000000000002,0.0,0.0,169.70000000000002,0.0,21.3,29.200000000000003,29.200000000000003,29.700000000000003,300.0,300.0,31.5,35.6,29.1,28.3,30.200000000000003,4.96,1.99,4.96,0.16,0.0,0.0,1027.0,8228.0,0.0,0.0,0.0,0.0,0.0,1.0,0.0,0.0,0.0,0.0,0.0,-0.8,0.0,0.0,0.0,0.0,16.0,25903.0
2026-07-30T19:01:33.176Z,262.659,262.674,0.0,7.4,0.0,0.0,0.0,0.0,0.0,0.0,0.0,0.0,1.0,0.0,0.0,0.0,9.0,4.0,0.0,0.0,0.0,0.0,0.0,0.0,0.0,0.0,4.0,12.0,1.0,12.13,5.0200000000000005,2.51,1.5,0.0,0.0,0.0,0.4,0.0,-0.2,0.6000000000000001,0.3,-169.70000000000002,0.0,0.0,169.70000000000002,0.0,21.3,29.200000000000003,29.200000000000003,29.700000000000003,300.0,300.0,31.5,35.6,29.1,28.3,30.200000000000003,4.95,2.0,4.96,0.16,0.0,0.0,1027.0,8228.0,0.0,0.0,0.0,0.0,0.0,1.0,0.0,0.0,0.0,0.0,0.0,1.0,0.0,-0.1,0.0,0.0001,16.0,25903.0
2026-07-30T19:01:33.188Z,262.671,262.686,0.0,7.4,0.0,0.0,0.0,0.0,0.0,0.0,0.0,0.0,1.0,0.0,0.0,0.0,9.0,4.0,0.0,0.0,0.0,0.0,0.0,0.0,0.0,0.0,5.0,12.0,1.0,12.13,5.0200000000000005,2.51,1.5,0.0,0.0,0.0,0.5,0.0,-0.2,1.8,0.3,-169.70000000000002,0.0,0.0,169.70000000000002,0.0,21.3,29.200000000000003,29.200000000000003,29.700000000000003,300.0,300.0,31.5,35.6,29.1,28.3,30.200000000000003,4.95,1.99,4.97,0.16,0.0,0.0,1027.0,8228.0,0.0,0.0,0.0,0.0,0.0,1.0,0.0,0.0,0.0,0.0,0.0,2.3000000000000003,0.0,0.0,0.0,0.0002,16.0,25903.0
2026-07-30T19:01:33.201Z,262.684,262.698,0.0,7.4,0.0,0.0,0.0,0.0,0.0,0.0,0.0,0.0,1.0,0.0,0.0,0.0,9.0,4.0,0.0,0.0,0.0,0.0,0.0,0.0,0.0,0.0,1.0,12.0,1.0,12.13,5.0200000000000005,2.51,1.5,0.0,0.0,0.0,0.4,0.0,0.3,0.6000000000000001,0.3,-169.70000000000002,0.0,0.0,169.70000000000002,0.0,21.3,29.200000000000003,29.200000000000003,29.700000000000003,300.0,300.0,31.5,35.6,29.1,28.3,30.200000000000003,4.95,1.99,4.97,0.16,0.0,0.0,1027.0,8228.0,0.0,0.0,0.0,0.0,0.0,1.0,0.0,0.0,0.0,0.0,0.0,0.9,0.0,-0.2,0.0,0.0,16.0,25903.0
2026-07-30T19:01:33.212Z,262.695,262.71,0.0,7.4,0.0,0.0,0.0,0.0,0.0,0.0,0.0,0.0,1.0,0.0,0.0,0.0,9.0,4.0,0.0,0.0,0.0,0.0,0.0,0.0,0.0,0.0,2.0,12.0,1.0,12.13,5.0200000000000005,2.51,1.5,0.0,0.0,0.0,0.4,0.0,-0.2,0.5,-0.1,-169.70000000000002,0.0,0.0,169.70000000000002,0.0,21.3,29.200000000000003,29.200000000000003,29.700000000000003,300.0,300.0,31.5,35.6,29.1,28.3,30.200000000000003,4.96,1.99,4.97,0.16,0.0,0.0,1027.0,8228.0,0.0,0.0,0.0,0.0,0.0,1.0,0.0,0.0,0.0,0.0,0.0,0.5,0.0,0.2,0.0,0.0,16.0,25903.0
2026-07-30T19:01:33.225Z,262.708,262.722,0.0,7.4,0.0,0.0,0.0,0.0,0.0,0.0,0.0,0.0,1.0,0.0,0.0,0.0,9.0,4.0,0.0,0.0,0.0,0.0,0.0,0.0,0.0,0.0,3.0,12.0,1.0,12.13,5.0200000000000005,2.51,1.5,0.0,0.0,0.0,0.4,0.0,0.3,-0.5,-0.1,-169.70000000000002,0.0,0.0,169.8,0.0,21.3,29.200000000000003,29.200000000000003,29.700000000000003,300.0,300.0,31.5,35.6,29.1,28.3,30.200000000000003,4.95,1.99,4.97,0.16,0.0,0.0,1027.0,8228.0,0.0,0.0,0.0,0.0,0.0,1.0,0.0,0.0,0.0,0.0,0.0,-0.7000000000000001,0.0,0.0,0.0,0.0001,16.0,25903.0
2026-07-30T19:01:33.237Z,262.72,262.734,0.0,7.4,0.0,0.0,0.0,0.0,0.0,0.0,0.0,0.0,1.0,0.0,0.0,0.0,9.0,4.0,0.0,0.0,0.0,0.0,0.0,0.0,0.0,0.0,4.0,12.0,1.0,12.13,5.0200000000000005,2.51,1.5,0.0,0.0,0.0,0.4,0.0,-0.2,0.0,0.3,-169.70000000000002,0.0,0.0,169.8,0.0,21.3,29.200000000000003,29.200000000000003,29.700000000000003,300.0,300.0,31.5,35.6,29.1,28.3,30.200000000000003,4.95,1.99,4.96,0.16,0.0,0.0,1027.0,8228.0,0.0,0.0,0.0,0.0,0.0,1.0,0.0,0.0,0.0,0.0,0.0,0.3,0.0,-0.3,0.0,0.0002,16.0,25903.0
2026-07-30T19:01:33.249Z,262.732,262.746,0.0,7.4,0.0,0.0,0.0,0.0,0.0,0.0,0.0,0.0,1.0,0.0,0.0,0.0,9.0,4.0,0.0,0.0,0.0,0.0,0.0,0.0,0.0,0.0,6.0,12.0,1.0,12.18,5.01,2.5,1.49,0.0,0.0,0.0,0.4,0.0,0.3,0.0,-1.2000000000000002,-169.70000000000002,0.0,0.0,169.70000000000002,0.0,21.3,29.200000000000003,29.200000000000003,29.700000000000003,300.0,300.0,31.4,35.6,29.1,28.3,30.200000000000003,4.95,1.99,4.96,0.16,0.0,0.0,1027.0,8228.0,0.0,0.0,0.0,0.0,0.0,1.0,0.0,0.0,0.0,0.0,0.0,-0.8,0.0,1.1,0.0,0.0001,16.0,25903.0
2026-07-30T19:01:33.261Z,262.744,262.758,0.0,7.4,0.0,0.0,0.0,0.0,0.0,0.0,0.0,0.0,1.0,0.0,0.0,0.0,9.0,4.0,0.0,0.0,0.0,0.0,0.0,0.0,0.0,0.0,1.0,12.0,1.0,12.18,5.01,2.5,1.49,0.0,0.0,0.0,0.4,0.0,0.3,0.0,1.0,-169.70000000000002,0.0,0.0,169.70000000000002,0.0,21.3,29.200000000000003,29.200000000000003,29.700000000000003,300.0,300.0,31.4,35.6,29.1,28.3,30.200000000000003,4.95,1.99,4.96,0.16,0.0,0.0,1027.0,8228.0,0.0,0.0,0.0,0.0,0.0,1.0,0.0,0.0,0.0,0.0,0.0,0.8,0.0,-0.8,0.0,0.0001,16.0,25903.0
2026-07-30T19:01:33.273Z,262.756,262.77,0.0,7.4,0.0,0.0,0.0,0.0,0.0,0.0,0.0,0.0,1.0,0.0,0.0,0.0,9.0,4.0,0.0,0.0,0.0,0.0,0.0,0.0,0.0,0.0,2.0,12.0,1.0,12.18,5.01,2.5,1.49,0.0,0.0,0.0,0.4,0.0,0.3,-0.5,-0.1,-169.70000000000002,0.0,0.0,169.8,0.0,21.3,29.200000000000003,29.200000000000003,29.700000000000003,300.0,300.0,31.4,35.6,29.1,28.3,30.200000000000003,4.96,1.99,4.97,0.16,0.0,0.0,1027.0,8228.0,0.0,0.0,0.0,0.0,0.0,1.0,0.0,0.0,0.0,0.0,0.0,-0.7000000000000001,0.0,0.0,0.0,0.0001,16.0,25903.0
2026-07-30T19:01:33.284Z,262.767,262.782,0.0,7.4,0.0,0.0,0.0,0.0,0.0,0.0,0.0,0.0,1.0,0.0,0.0,0.0,9.0,4.0,0.0,0.0,0.0,0.0,0.0,0.0,0.0,0.0,4.0,12.0,1.0,12.18,5.01,2.5,1.49,0.0,0.0,0.0,0.4,0.0,0.9,1.2000000000000002,-0.1,-169.70000000000002,0.0,0.0,169.8,0.0,21.3,29.200000000000003,29.200000000000003,29.700000000000003,300.0,300.0,31.4,35.6,29.1,28.3,30.200000000000003,4.96,1.99,4.96,0.16,0.0,0.0,1027.0,8228.0,0.0,0.0,0.0,0.0,0.0,1.0,0.0,0.0,0.0,0.0,0.0,1.2000000000000002,0.0,0.3,0.0,0.0001,16.0,25903.0
2026-07-30T19:01:33.297Z,262.78,262.794,0.0,7.4,0.0,0.0,0.0,0.0,0.0,0.0,0.0,0.0,1.0,0.0,0.0,0.0,9.0,4.0,0.0,0.0,0.0,0.0,0.0,0.0,0.0,0.0,5.0,12.0,1.0,12.18,5.01,2.5,1.49,0.0,0.0,0.0,0.4,0.0,-0.2,0.0,-0.1,-169.70000000000002,0.0,0.0,169.70000000000002,0.0,21.3,29.200000000000003,29.200000000000003,29.700000000000003,300.0,300.0,31.4,35.6,29.1,28.3,30.200000000000003,4.96,1.99,4.96,0.16,0.0,0.0,1027.0,8228.0,0.0,0.0,0.0,0.0,0.0,1.0,0.0,0.0,0.0,0.0,0.0,0.1,0.0,0.8,0.0,0.0,16.0,25903.0
2026-07-30T19:01:33.309Z,262.792,262.806,0.0,7.4,0.0,0.0,0.0,0.0,0.0,0.0,0.0,0.0,1.0,0.0,0.0,0.0,9.0,4.0,0.0,0.0,0.0,0.0,0.0,0.0,0.0,0.0,1.0,12.0,1.0,12.18,5.01,2.5,1.49,0.0,0.0,0.0,0.5,0.0,0.3,-0.4,-0.7000000000000001,-169.70000000000002,0.0,0.0,169.70000000000002,0.0,21.3,29.200000000000003,29.200000000000003,29.700000000000003,300.0,300.0,31.4,35.6,29.1,28.3,30.200000000000003,4.95,1.99,4.97,0.16,0.0,0.0,1027.0,8228.0,0.0,0.0,0.0,0.0,0.0,1.0,0.0,0.0,0.0,0.0,0.0,0.0,0.0,0.1,0.0,0.0002,16.0,25903.0
2026-07-30T19:01:33.320Z,262.803,262.818,0.0,7.4,0.0,0.0,0.0,0.0,0.0,0.0,0.0,0.0,1.0,0.0,0.0,0.0,9.0,4.0,0.0,0.0,0.0,0.0,0.0,0.0,0.0,0.0,2.0,12.0,1.0,12.18,5.01,2.5,1.49,0.0,0.0,0.0,0.4,0.0,-0.2,-0.4,0.4,-169.70000000000002,0.0,0.0,169.8,0.0,21.3,29.200000000000003,29.200000000000003,29.700000000000003,300.0,300.0,31.4,35.6,29.1,28.3,30.200000000000003,4.96,1.99,4.96,0.16,0.0,0.0,1027.0,8228.0,0.0,0.0,0.0,0.0,0.0,1.0,0.0,0.0,0.0,0.0,0.0,-0.2,0.0,-0.4,0.0,0.0,16.0,25903.0
2026-07-30T19:01:33.332Z,262.815,262.83,0.0,7.4,0.0,0.0,0.0,0.0,0.0,0.0,0.0,0.0,1.0,0.0,0.0,0.0,9.0,4.0,0.0,0.0,0.0,0.0,0.0,0.0,0.0,0.0,3.0,12.0,1.0,12.18,5.01,2.5,1.49,0.0,0.0,0.0,0.4,0.0,-0.2,0.7000000000000001,0.5,-169.70000000000002,0.0,0.0,169.8,0.0,21.3,29.200000000000003,29.200000000000003,29.700000000000003,300.0,300.0,31.4,35.6,29.1,28.3,30.200000000000003,4.96,2.0,4.96,0.16,0.0,0.0,1027.0,8228.0,0.0,0.0,0.0,0.0,0.0,1.0,0.0,0.0,0.0,0.0,0.0,1.1,0.0,-0.2,0.0,0.0001,16.0,25903.0
2026-07-30T19:01:33.346Z,262.829,262.842,0.0,7.4,0.0,0.0,0.0,0.0,0.0,0.0,0.0,0.0,1.0,0.0,0.0,0.0,9.0,4.0,0.0,0.0,0.0,0.0,0.0,0.0,0.0,0.0,4.0,12.0,1.0,12.17,5.0200000000000005,2.51,1.49,0.0,0.0,0.0,0.5,0.0,-0.2,-0.4,-0.6000000000000001,-169.70000000000002,0.0,0.0,169.60000000000002,0.0,21.3,29.200000000000003,29.200000000000003,29.700000000000003,300.0,300.0,31.4,35.6,29.1,28.3,30.200000000000003,4.96,1.99,4.96,0.16,0.0,0.0,1027.0,8228.0,0.0,0.0,0.0,0.0,0.0,1.0,0.0,0.0,0.0,0.0,0.0,-0.9,0.0,0.4,0.0,0.0002,16.0,25903.0
2026-07-30T19:01:33.357Z,262.84,262.854,0.0,7.4,0.0,0.0,0.0,0.0,0.0,0.0,0.0,0.0,1.0,0.0,0.0,0.0,9.0,4.0,0.0,0.0,0.0,0.0,0.0,0.0,0.0,0.0,5.0,12.0,1.0,12.17,5.0200000000000005,2.51,1.49,0.0,0.0,0.0,0.4,0.0,-0.2,-0.4,0.0,-169.70000000000002,0.0,0.0,169.70000000000002,0.0,21.3,29.200000000000003,29.200000000000003,29.700000000000003,300.0,300.0,31.4,35.6,29.1,28.3,30.200000000000003,4.95,1.99,4.97,0.16,0.0,0.0,1027.0,8228.0,0.0,0.0,0.0,0.0,0.0,1.0,0.0,0.0,0.0,0.0,0.0,-0.5,0.0,0.0,0.0,0.0003,16.0,25903.0
2026-07-30T19:01:33.369Z,262.852,262.866,0.0,7.4,0.0,0.0,0.0,0.0,0.0,0.0,0.0,0.0,1.0,0.0,0.0,0.0,9.0,4.0,0.0,0.0,0.0,0.0,0.0,0.0,0.0,0.0,6.0,12.0,1.0,12.17,5.0200000000000005,2.51,1.49,0.0,0.0,0.0,0.4,0.0,0.3,-1.0,-0.6000000000000001,-169.70000000000002,0.0,0.0,169.70000000000002,0.0,21.3,29.200000000000003,29.200000000000003,29.700000000000003,300.0,300.0,31.4,35.6,29.1,28.3,30.200000000000003,4.96,1.99,4.97,0.16,0.0,0.0,1027.0,8228.0,0.0,0.0,0.0,0.0,0.0,1.0,0.0,0.0,0.0,0.0,0.0,-1.6,0.0,0.3,0.0,0.0,16.0,25903.0
2026-07-30T19:01:33.380Z,262.863,262.878,0.0,7.4,0.0,0.0,0.0,0.0,0.0,0.0,0.0,0.0,1.0,0.0,0.0,0.0,9.0,4.0,0.0,0.0,0.0,0.0,0.0,0.0,0.0,0.0,1.0,12.0,1.0,12.17,5.0200000000000005,2.51,1.49,0.0,0.1,0.0,0.4,0.0,0.3,0.1,-1.2000000000000002,-169.70000000000002,0.0,0.0,169.70000000000002,0.0,21.3,29.200000000000003,29.200000000000003,29.700000000000003,300.0,300.0,31.4,35.6,29.1,28.3,30.200000000000003,4.96,1.99,4.96,0.15,0.0,0.0,1027.0,8228.0,0.0,0.0,0.0,0.0,0.0,1.0,0.0,0.0,0.0,0.0,0.0,-0.7000000000000001,0.0,1.1,0.0,0.0001,16.0,25903.0
2026-07-30T19:01:33.393Z,262.876,262.89,0.0,7.4,0.0,0.0,0.0,0.0,0.0,0.0,0.0,0.0,1.0,0.0,0.0,0.0,9.0,4.0,0.0,0.0,0.0,0.0,0.0,0.0,0.0,0.0,2.0,12.0,1.0,12.17,5.0200000000000005,2.51,1.49,0.0,0.0,0.0,0.5,0.0,0.3,1.3,2.8000000000000003,-169.70000000000002,0.0,0.0,169.70000000000002,0.0,21.3,29.200000000000003,29.200000000000003,29.700000000000003,300.0,300.0,31.4,35.6,29.1,28.3,30.200000000000003,4.95,1.99,4.96,0.16,0.0,0.0,1027.0,8228.0,0.0,0.0,0.0,0.0,0.0,1.0,0.0,0.0,0.0,0.0,0.0,3.6,0.0,-2.2,0.0,0.0,16.0,25903.0
2026-07-30T19:01:33.406Z,262.889,262.902,0.0,7.4,0.0,0.0,0.0,0.0,0.0,0.0,0.0,0.0,1.0,0.0,0.0,0.0,9.0,4.0,0.0,0.0,0.0,0.0,0.0,0.0,0.0,0.0,3.0,12.0,1.0,12.17,5.0200000000000005,2.51,1.49,0.0,0.0,0.0,0.4,0.0,-0.1,0.1,0.0,-169.70000000000002,0.0,0.0,169.8,0.0,21.3,29.200000000000003,29.200000000000003,29.700000000000003,300.0,300.0,31.4,35.6,29.1,28.3,30.200000000000003,4.96,1.99,4.97,0.16,0.0,0.0,1027.0,8228.0,0.0,0.0,0.0,0.0,0.0,1.0,0.0,0.0,0.0,0.0,0.0,0.1,0.0,0.0,0.0,0.0,16.0,25903.0
2026-07-30T19:01:33.417Z,262.9,262.914,0.0,7.4,0.0,0.0,0.0,0.0,0.0,0.0,0.0,0.0,1.0,0.0,0.0,0.0,9.0,4.0,0.0,0.0,0.0,0.0,0.0,0.0,0.0,0.0,3.0,12.0,1.0,12.17,5.0200000000000005,2.51,1.49,0.0,0.0,0.0,0.5,0.0,1.5,-0.3,0.5,-169.70000000000002,0.0,0.0,169.70000000000002,0.0,21.3,29.200000000000003,29.200000000000003,29.700000000000003,300.0,300.0,31.4,35.6,29.1,28.3,30.200000000000003,4.96,1.99,4.97,0.16,0.0,0.0,1027.0,8228.0,0.0,0.0,0.0,0.0,0.0,1.0,0.0,0.0,0.0,0.0,0.0,0.0,0.0,-0.5,0.0,0.0001,16.0,25903.0
2026-07-30T19:01:33.429Z,262.912,262.926,0.0,7.4,0.0,0.0,0.0,0.0,0.0,0.0,0.0,0.0,1.0,0.0,0.0,0.0,9.0,4.0,0.0,0.0,0.0,0.0,0.0,0.0,0.0,0.0,4.0,12.0,1.0,12.17,5.0200000000000005,2.51,1.49,0.0,0.0,0.0,0.4,0.0,-0.1,1.3,-0.6000000000000001,-169.70000000000002,0.0,0.0,169.70000000000002,0.0,21.3,29.200000000000003,29.200000000000003,29.700000000000003,300.0,300.0,31.4,35.6,29.1,28.3,30.200000000000003,4.96,1.99,4.97,0.16,0.0,0.0,1027.0,8228.0,0.0,0.0,0.0,0.0,0.0,1.0,0.0,0.0,0.0,0.0,0.0,1.0,0.0,0.8,0.0,0.0,16.0,25903.0
2026-07-30T19:01:33.440Z,262.923,262.938,0.0,7.4,0.0,0.0,0.0,0.0,0.0,0.0,0.0,0.0,1.0,0.0,0.0,0.0,9.0,4.0,0.0,0.0,0.0,0.0,0.0,0.0,0.0,0.0,5.0,12.0,1.0,12.17,5.0200000000000005,2.51,1.49,0.0,0.0,0.0,0.4,0.0,-0.1,0.1,-0.6000000000000001,-169.70000000000002,0.0,0.0,169.70000000000002,0.0,21.3,29.200000000000003,29.200000000000003,29.700000000000003,300.0,300.0,31.4,35.6,29.1,28.3,30.200000000000003,4.95,1.99,4.97,0.16,0.0,0.0,1027.0,8228.0,0.0,0.0,0.0,0.0,0.0,1.0,0.0,0.0,0.0,0.0,0.0,-0.2,0.0,0.5,0.0,0.0,16.0,25903.0
2026-07-30T19:01:33.453Z,262.936,262.95,0.0,7.4,0.0,0.0,0.0,0.0,0.0,0.0,0.0,0.0,1.0,0.0,0.0,0.0,9.0,4.0,0.0,0.0,0.0,0.0,0.0,0.0,0.0,0.0,6.0,12.0,1.0,12.18,5.0200000000000005,2.51,1.49,0.0,0.0,0.0,0.4,0.0,-0.8,0.1,0.4,-169.70000000000002,0.0,0.0,169.8,0.0,21.700000000000003,29.200000000000003,29.200000000000003,29.700000000000003,300.0,300.0,31.5,35.7,29.1,28.3,30.200000000000003,4.96,1.99,4.96,0.16,0.0,0.0,1027.0,8228.0,0.0,0.0,0.0,0.0,0.0,1.0,0.0,0.0,0.0,0.0,0.0,0.5,0.0,-0.3,0.0,0.0,16.0,25903.0
2026-07-30T19:01:33.466Z,262.949,262.962,0.0,7.4,0.0,0.0,0.0,0.0,0.0,0.0,0.0,0.0,1.0,0.0,0.0,0.0,9.0,4.0,0.0,0.0,0.0,0.0,0.0,0.0,0.0,0.0,1.0,12.0,1.0,12.18,5.0200000000000005,2.51,1.49,0.0,0.0,0.0,0.4,0.0,0.9,-0.4,0.4,-169.70000000000002,0.0,0.0,169.70000000000002,0.0,21.700000000000003,29.200000000000003,29.200000000000003,29.700000000000003,300.0,300.0,31.5,35.7,29.1,28.3,30.200000000000003,4.95,1.99,4.97,0.16,0.0,0.0,1027.0,8228.0,0.0,0.0,0.0,0.0,0.0,1.0,0.0,0.0,0.0,0.0,0.0,-0.1,0.0,-0.5,0.0,0.0002,16.0,25903.0
2026-07-30T19:01:33.477Z,262.96,262.974,0.0,7.4,0.0,0.0,0.0,0.0,0.0,0.0,0.0,0.0,1.0,0.0,0.0,0.0,9.0,4.0,0.0,0.0,0.0,0.0,0.0,0.0,0.0,0.0,2.0,12.0,1.0,12.18,5.0200000000000005,2.51,1.49,0.0,0.0,0.0,0.4,0.0,0.3,0.1,1.1,-169.70000000000002,0.0,0.0,169.70000000000002,0.0,21.700000000000003,29.200000000000003,29.200000000000003,29.700000000000003,300.0,300.0,31.5,35.7,29.1,28.3,30.200000000000003,4.95,1.99,4.97,0.16,0.0,0.0,1027.0,8228.0,0.0,0.0,0.0,0.0,0.0,1.0,0.0,0.0,0.0,0.0,0.0,1.0,0.0,-0.9,0.0,0.0,16.0,25903.0
2026-07-30T19:01:33.488Z,262.971,262.986,0.0,7.4,0.0,0.0,0.0,0.0,0.0,0.0,0.0,0.0,1.0,0.0,0.0,0.0,9.0,4.0,0.0,0.0,0.0,0.0,0.0,0.0,0.0,0.0,3.0,12.0,1.0,12.18,5.0200000000000005,2.51,1.49,0.0,0.0,0.0,0.4,0.0,0.2,0.7000000000000001,0.0,-169.70000000000002,0.0,0.0,169.70000000000002,0.0,21.700000000000003,29.200000000000003,29.200000000000003,29.700000000000003,300.0,300.0,31.5,35.7,29.1,28.3,30.200000000000003,4.96,1.99,4.97,0.16,0.0,0.0,1027.0,8228.0,0.0,0.0,0.0,0.0,0.0,1.0,0.0,0.0,0.0,0.0,0.0,0.8,0.0,0.1,0.0,0.0001,16.0,25903.0
2026-07-30T19:01:33.500Z,262.983,262.998,0.0,7.4,0.0,0.0,0.0,0.0,0.0,0.0,0.0,0.0,1.0,0.0,0.0,0.0,9.0,4.0,0.0,0.0,0.0,0.0,0.0,0.0,0.0,0.0,4.0,12.0,1.0,12.18,5.0200000000000005,2.51,1.49,0.0,0.0,0.0,0.5,0.0,-0.3,-0.9,0.0,-169.70000000000002,0.0,0.0,169.70000000000002,0.0,21.700000000000003,29.200000000000003,29.200000000000003,29.700000000000003,300.0,300.0,31.5,35.7,29.1,28.3,30.200000000000003,4.96,1.99,4.96,0.16,0.0,0.0,1027.0,8228.0,0.0,0.0,0.0,0.0,0.0,1.0,0.0,0.0,0.0,0.0,0.0,-1.1,0.0,-0.1,0.0,0.0001,16.0,25903.0
2026-07-30T19:01:33.513Z,262.996,263.01,0.0,7.4,0.0,0.0,0.0,0.0,0.0,0.0,0.0,0.0,1.0,0.0,0.0,0.0,9.0,4.0,0.0,0.0,0.0,0.0,0.0,0.0,0.0,0.0,5.0,12.0,1.0,12.18,5.0200000000000005,2.51,1.49,0.0,0.0,0.0,0.4,0.0,-0.8,0.1,0.5,-169.70000000000002,0.0,0.0,169.70000000000002,0.0,21.700000000000003,29.200000000000003,29.200000000000003,29.700000000000003,300.0,300.0,31.5,35.7,29.1,28.3,30.200000000000003,4.95,1.99,4.96,0.16,0.0,0.0,1027.0,8228.0,0.0,0.0,0.0,0.0,0.0,1.0,0.0,0.0,0.0,0.0,0.0,0.5,0.0,-0.4,0.0,0.0001,16.0,25903.0
2026-07-30T19:01:33.525Z,263.008,263.022,0.0,7.4,0.0,0.0,0.0,0.0,0.0,0.0,0.0,0.0,1.0,0.0,0.0,0.0,9.0,4.0,0.0,0.0,0.0,0.0,0.0,0.0,0.0,0.0,6.0,12.0,1.0,12.18,5.0200000000000005,2.51,1.49,0.0,0.0,0.0,0.4,0.0,0.8,0.7000000000000001,0.0,-169.70000000000002,0.0,0.0,169.70000000000002,0.0,21.700000000000003,29.200000000000003,29.200000000000003,29.700000000000003,300.0,300.0,31.5,35.7,29.1,28.3,30.200000000000003,4.95,1.99,4.96,0.16,0.0,0.0,1027.0,8228.0,0.0,0.0,0.0,0.0,0.0,1.0,0.0,0.0,0.0,0.0,0.0,0.8,0.0,0.2,0.0,0.0001,16.0,25903.0
2026-07-30T19:01:33.537Z,263.02,263.034,0.0,7.4,0.0,0.0,0.0,0.0,0.0,0.0,0.0,0.0,1.0,0.0,0.0,0.0,9.0,4.0,0.0,0.0,0.0,0.0,0.0,0.0,0.0,0.0,1.0,12.0,1.0,12.18,5.0200000000000005,2.51,1.49,0.0,0.1,0.0,0.4,0.0,-0.8,0.1,0.0,-169.70000000000002,0.0,0.0,169.70000000000002,0.0,21.700000000000003,29.200000000000003,29.200000000000003,29.700000000000003,300.0,300.0,31.5,35.7,29.1,28.3,30.200000000000003,4.96,1.99,4.96,0.16,0.0,0.0,1027.0,8228.0,0.0,0.0,0.0,0.0,0.0,1.0,0.0,0.0,0.0,0.0,0.0,0.1,0.0,0.0,0.0,0.0,16.0,25903.0
2026-07-30T19:01:33.550Z,263.033,263.046,0.0,7.4,0.0,0.0,0.0,0.0,0.0,0.0,0.0,0.0,1.0,0.0,0.0,0.0,9.0,4.0,0.0,0.0,0.0,0.0,0.0,0.0,0.0,0.0,3.0,12.0,1.0,12.11,5.0200000000000005,2.51,1.49,0.0,0.0,0.0,0.4,0.0,0.9,1.3,2.8000000000000003,-169.70000000000002,0.0,0.0,169.8,0.0,21.700000000000003,29.200000000000003,29.200000000000003,29.700000000000003,300.0,300.0,31.6,35.7,29.1,28.3,30.200000000000003,4.95,1.99,4.97,0.16,0.0,0.0,1027.0,8228.0,0.0,0.0,0.0,0.0,0.0,1.0,0.0,0.0,0.0,0.0,0.0,3.6,0.0,-2.2,0.0,0.0,16.0,25903.0
2026-07-30T19:01:33.561Z,263.044,263.058,0.0,7.4,0.0,0.0,0.0,0.0,0.0,0.0,0.0,0.0,1.0,0.0,0.0,0.0,9.0,4.0,0.0,0.0,0.0,0.0,0.0,0.0,0.0,0.0,4.0,12.0,1.0,12.11,5.0200000000000005,2.51,1.49,0.0,0.0,0.0,0.4,0.0,-0.2,-0.9,1.1,-169.70000000000002,0.0,0.0,169.70000000000002,0.0,21.700000000000003,29.200000000000003,29.200000000000003,29.700000000000003,300.0,300.0,31.6,35.7,29.1,28.3,30.200000000000003,4.95,1.99,4.96,0.16,0.0,0.0,1027.0,8228.0,0.0,0.0,0.0,0.0,0.0,1.0,0.0,0.0,0.0,0.0,0.0,-0.2,0.0,-1.1,0.0,0.0001,16.0,25903.0
2026-07-30T19:01:33.572Z,263.055,263.07,0.0,7.4,0.0,0.0,0.0,0.0,0.0,0.0,0.0,0.0,1.0,0.0,0.0,0.0,9.0,4.0,0.0,0.0,0.0,0.0,0.0,0.0,0.0,0.0,5.0,12.0,1.0,12.11,5.0200000000000005,2.51,1.49,0.0,0.0,0.0,0.4,0.0,-0.3,0.1,0.5,-169.70000000000002,0.0,0.0,169.8,0.0,21.700000000000003,29.200000000000003,29.200000000000003,29.700000000000003,300.0,300.0,31.6,35.7,29.1,28.3,30.200000000000003,4.95,1.99,4.96,0.16,0.0,0.0,1027.0,8228.0,0.0,0.0,0.0,0.0,0.0,1.0,0.0,0.0,0.0,0.0,0.0,0.5,0.0,-0.4,0.0,0.0002,16.0,25903.0
2026-07-30T19:01:33.584Z,263.067,263.082,0.0,7.4,0.0,0.0,0.0,0.0,0.0,0.0,0.0,0.0,1.0,0.0,0.0,0.0,9.0,4.0,0.0,0.0,0.0,0.0,0.0,0.0,0.0,0.0,6.0,12.0,1.0,12.11,5.0200000000000005,2.51,1.49,0.0,0.1,0.0,0.4,0.0,-0.2,1.3,0.4,-169.70000000000002,0.0,0.0,169.70000000000002,0.0,21.700000000000003,29.200000000000003,29.200000000000003,29.700000000000003,300.0,300.0,31.6,35.7,29.1,28.3,30.200000000000003,4.96,1.99,4.96,0.16,0.0,0.0,1027.0,8228.0,0.0,0.0,0.0,0.0,0.0,1.0,0.0,0.0,0.0,0.0,0.0,1.8,0.0,-0.1,0.0,0.0001,16.0,25903.0
2026-07-30T19:01:33.597Z,263.08,263.094,0.0,7.4,0.0,0.0,0.0,0.0,0.0,0.0,0.0,0.0,1.0,0.0,0.0,0.0,9.0,4.0,0.0,0.0,0.0,0.0,0.0,0.0,0.0,0.0,1.0,12.0,1.0,12.11,5.0200000000000005,2.51,1.49,0.0,0.0,0.0,0.4,0.0,0.9,0.7000000000000001,1.6,-169.70000000000002,0.0,0.0,169.70000000000002,0.0,21.700000000000003,29.200000000000003,29.200000000000003,29.700000000000003,300.0,300.0,31.6,35.7,29.1,28.3,30.200000000000003,4.95,1.99,4.97,0.16,0.0,0.0,1027.0,8228.0,0.0,0.0,0.0,0.0,0.0,1.0,0.0,0.0,0.0,0.0,0.0,2.1,0.0,-1.2000000000000002,0.0,0.0,16.0,25903.0
2026-07-30T19:01:33.609Z,263.092,263.106,0.0,7.4,0.0,0.0,0.0,0.0,0.0,0.0,0.0,0.0,1.0,0.0,0.0,0.0,9.0,4.0,0.0,0.0,0.0,0.0,0.0,0.0,0.0,0.0,2.0,12.0,1.0,12.11,5.0200000000000005,2.51,1.49,0.0,0.0,0.0,0.4,0.0,0.3,-0.9,-0.6000000000000001,-169.70000000000002,0.0,0.0,169.70000000000002,0.0,21.700000000000003,29.200000000000003,29.200000000000003,29.700000000000003,300.0,300.0,31.6,35.7,29.1,28.3,30.200000000000003,4.95,1.99,4.96,0.16,0.0,0.0,1027.0,8228.0,0.0,0.0,0.0,0.0,0.0,1.0,0.0,0.0,0.0,0.0,0.0,-1.5,0.0,0.3,0.0,0.0001,16.0,25903.0
2026-07-30T19:01:33.621Z,263.104,263.118,0.0,7.4,0.0,0.0,0.0,0.0,0.0,0.0,0.0,0.0,1.0,0.0,0.0,0.0,9.0,4.0,0.0,0.0,0.0,0.0,0.0,0.0,0.0,0.0,3.0,12.0,1.0,12.11,5.0200000000000005,2.51,1.49,0.0,0.1,0.0,0.4,0.0,-0.8,1.4,0.0,-169.70000000000002,0.0,0.0,169.70000000000002,0.0,21.700000000000003,29.200000000000003,29.200000000000003,29.700000000000003,300.0,300.0,31.6,35.7,29.1,28.3,30.200000000000003,4.95,1.99,4.97,0.16,0.0,0.0,1027.0,8228.0,0.0,0.0,0.0,0.0,0.0,1.0,0.0,0.0,0.0,0.0,0.0,1.5,0.0,0.3,0.0,0.0,16.0,25903.0
2026-07-30T19:01:33.632Z,263.115,263.13,0.0,7.4,0.0,0.0,0.0,0.0,0.0,0.0,0.0,0.0,1.0,0.0,0.0,0.0,9.0,4.0,0.0,0.0,0.0,0.0,0.0,0.0,0.0,0.0,5.0,12.0,1.0,12.11,5.0200000000000005,2.51,1.49,0.0,0.0,0.0,0.4,0.0,0.8,0.2,0.4,-169.70000000000002,0.0,0.0,169.70000000000002,0.0,21.700000000000003,29.200000000000003,29.200000000000003,29.700000000000003,300.0,300.0,31.6,35.7,29.1,28.3,30.200000000000003,4.95,2.0,4.97,0.16,0.0,0.0,1027.0,8228.0,0.0,0.0,0.0,0.0,0.0,1.0,0.0,0.0,0.0,0.0,0.0,0.6000000000000001,0.0,-0.3,0.0,0.0,16.0,25903.0
2026-07-30T19:01:33.644Z,263.127,263.142,0.0,7.4,0.0,0.0,0.0,0.0,0.0,0.0,0.0,0.0,1.0,0.0,0.0,0.0,9.0,4.0,0.0,0.0,0.0,0.0,0.0,0.0,0.0,0.0,6.0,12.0,1.0,12.11,5.0200000000000005,2.51,1.49,0.0,0.0,0.0,0.4,0.0,-0.2,0.8,-1.2000000000000002,-169.70000000000002,0.0,0.0,169.70000000000002,0.0,21.700000000000003,29.200000000000003,29.200000000000003,29.700000000000003,300.0,300.0,31.6,35.7,29.1,28.3,30.200000000000003,4.96,2.0,4.97,0.16,0.0,0.0,1027.0,8228.0,0.0,0.0,0.0,0.0,0.0,1.0,0.0,0.0,0.0,0.0,0.0,0.0,0.0,1.2000000000000002,0.0,0.0,16.0,25903.0
2026-07-30T19:01:33.657Z,263.14,263.154,0.0,7.4,0.0,0.0,0.0,0.0,0.0,0.0,0.0,0.0,1.0,0.0,0.0,0.0,9.0,4.0,0.0,0.0,0.0,0.0,0.0,0.0,0.0,0.0,1.0,12.0,1.0,12.19,5.01,2.51,1.49,0.0,0.0,0.0,0.4,0.0,-0.2,-0.8,0.0,-169.70000000000002,0.0,0.0,169.70000000000002,0.0,21.700000000000003,29.200000000000003,29.200000000000003,29.700000000000003,300.0,300.0,31.6,35.7,29.1,28.3,30.200000000000003,4.95,1.99,4.96,0.16,0.0,0.0,1027.0,8228.0,0.0,0.0,0.0,0.0,0.0,1.0,0.0,0.0,0.0,0.0,0.0,-1.0,0.0,-0.1,0.0,0.0,16.0,25903.0
2026-07-30T19:01:33.669Z,263.152,263.166,0.0,7.4,0.0,0.0,0.0,0.0,0.0,0.0,0.0,0.0,1.0,0.0,0.0,0.0,9.0,4.0,0.0,0.0,0.0,0.0,0.0,0.0,0.0,0.0,3.0,12.0,1.0,12.19,5.01,2.51,1.49,0.0,0.0,0.0,0.4,0.0,0.8,1.4,0.5,-169.70000000000002,0.0,0.0,169.70000000000002,0.0,21.700000000000003,29.200000000000003,29.200000000000003,29.700000000000003,300.0,300.0,31.6,35.7,29.1,28.3,30.200000000000003,4.95,1.99,4.96,0.16,0.0,0.0,1027.0,8228.0,0.0,0.0,0.0,0.0,0.0,1.0,0.0,0.0,0.0,0.0,0.0,2.0,0.0,-0.1,0.0,0.0001,16.0,25903.0
2026-07-30T19:01:33.680Z,263.163,263.178,0.0,7.4,0.0,0.0,0.0,0.0,0.0,0.0,0.0,0.0,1.0,0.0,0.0,0.0,9.0,4.0,0.0,0.0,0.0,0.0,0.0,0.0,0.0,0.0,4.0,12.0,1.0,12.19,5.01,2.51,1.49,0.0,0.0,0.0,0.4,0.0,-0.3,0.8,0.5,-169.70000000000002,0.0,0.0,169.60000000000002,0.0,21.700000000000003,29.200000000000003,29.200000000000003,29.700000000000003,300.0,300.0,31.6,35.7,29.1,28.3,30.200000000000003,4.95,1.99,4.96,0.16,0.0,0.0,1027.0,8228.0,0.0,0.0,0.0,0.0,0.0,1.0,0.0,0.0,0.0,0.0,0.0,1.3,0.0,-0.3,0.0,0.0001,16.0,25903.0
2026-07-30T19:01:33.692Z,263.175,263.19,0.0,7.4,0.0,0.0,0.0,0.0,0.0,0.0,0.0,0.0,1.0,0.0,0.0,0.0,9.0,4.0,0.0,0.0,0.0,0.0,0.0,0.0,0.0,0.0,5.0,12.0,1.0,12.19,5.01,2.51,1.49,0.0,0.0,0.0,0.4,0.0,-0.3,-0.3,-0.6000000000000001,-169.70000000000002,0.0,0.0,169.70000000000002,0.0,21.700000000000003,29.200000000000003,29.200000000000003,29.700000000000003,300.0,300.0,31.6,35.7,29.1,28.3,30.200000000000003,4.96,1.99,4.96,0.16,0.0,0.0,1027.0,8228.0,0.0,0.0,0.0,0.0,0.0,1.0,0.0,0.0,0.0,0.0,0.0,-0.8,0.0,0.4,0.0,0.0001,16.0,25903.0
2026-07-30T19:01:33.704Z,263.187,263.202,0.0,7.4,0.0,0.0,0.0,0.0,0.0,0.0,0.0,0.0,1.0,0.0,0.0,0.0,9.0,4.0,0.0,0.0,0.0,0.0,0.0,0.0,0.0,0.0,6.0,12.0,1.0,12.19,5.01,2.51,1.49,0.0,0.0,0.0,0.4,0.0,0.2,0.8,-0.1,-169.70000000000002,0.0,0.0,169.70000000000002,0.0,21.700000000000003,29.200000000000003,29.200000000000003,29.700000000000003,300.0,300.0,31.6,35.7,29.1,28.3,30.200000000000003,4.95,1.99,4.97,0.16,0.0,0.0,1027.0,8228.0,0.0,0.0,0.0,0.0,0.0,1.0,0.0,0.0,0.0,0.0,0.0,0.8,0.0,0.2,0.0,0.0001,16.0,25903.0
2026-07-30T19:01:33.717Z,263.2,263.214,0.0,7.4,0.0,0.0,0.0,0.0,0.0,0.0,0.0,0.0,1.0,0.0,0.0,0.0,9.0,4.0,0.0,0.0,0.0,0.0,0.0,0.0,0.0,0.0,1.0,12.0,1.0,12.19,5.01,2.51,1.49,0.0,0.0,0.0,0.4,0.0,-0.3,0.2,-0.6000000000000001,-169.70000000000002,0.0,0.0,169.8,0.0,21.700000000000003,29.200000000000003,29.200000000000003,29.700000000000003,300.0,300.0,31.6,35.7,29.1,28.3,30.200000000000003,4.95,1.99,4.96,0.16,0.0,0.0,1027.0,8228.0,0.0,0.0,0.0,0.0,0.0,1.0,0.0,0.0,0.0,0.0,0.0,-0.2,0.0,0.5,0.0,0.0001,16.0,25903.0
2026-07-30T19:01:33.729Z,263.212,263.226,0.0,7.4,0.0,0.0,0.0,0.0,0.0,0.0,0.0,0.0,1.0,0.0,0.0,0.0,9.0,4.0,0.0,0.0,0.0,0.0,0.0,0.0,0.0,0.0,1.0,12.0,1.0,12.19,5.01,2.51,1.49,0.0,0.0,0.0,0.4,0.0,0.2,0.1,0.0,-169.70000000000002,0.0,0.0,169.8,0.0,21.700000000000003,29.200000000000003,29.200000000000003,29.700000000000003,300.0,300.0,31.6,35.7,29.1,28.3,30.200000000000003,4.96,1.99,4.96,0.16,0.0,0.0,1027.0,8228.0,0.0,0.0,0.0,0.0,0.0,1.0,0.0,0.0,0.0,0.0,0.0,0.1,0.0,0.0,0.0,0.0003,16.0,25903.0
2026-07-30T19:01:33.740Z,263.223,263.238,0.0,7.4,0.0,0.0,0.0,0.0,0.0,0.0,0.0,0.0,1.0,0.0,0.0,0.0,9.0,4.0,0.0,0.0,0.0,0.0,0.0,0.0,0.0,0.0,1.0,12.0,1.0,12.19,5.01,2.51,1.49,0.0,0.0,0.0,0.4,0.0,0.2,0.1,-0.5,-169.70000000000002,0.0,0.0,169.8,0.0,21.700000000000003,29.200000000000003,29.200000000000003,29.700000000000003,300.0,300.0,31.6,35.7,29.1,28.3,30.200000000000003,4.95,1.99,4.96,0.16,0.0,0.0,1027.0,8228.0,0.0,0.0,0.0,0.0,0.0,1.0,0.0,0.0,0.0,0.0,0.0,-0.2,0.0,0.5,0.0,0.0001,16.0,25903.0
2026-07-30T19:01:33.754Z,263.237,263.25,0.0,7.4,0.0,0.0,0.0,0.0,0.0,0.0,0.0,0.0,1.0,0.0,0.0,0.0,9.0,4.0,0.0,0.0,0.0,0.0,0.0,0.0,0.0,0.0,2.0,12.0,1.0,12.17,5.01,2.51,1.49,0.0,0.0,0.0,0.4,0.0,0.2,-0.4,0.5,-169.70000000000002,0.0,0.0,169.8,0.0,21.3,29.200000000000003,29.200000000000003,29.700000000000003,300.0,300.0,31.5,35.7,29.1,28.3,30.200000000000003,4.96,1.99,4.97,0.16,0.0,0.0,1027.0,8228.0,0.0,0.0,0.0,0.0,0.0,1.0,0.0,0.0,0.0,0.0,0.0,0.0,0.0,-0.5,0.0,0.0,16.0,25903.0
2026-07-30T19:01:33.765Z,263.248,263.262,0.0,7.4,0.0,0.0,0.0,0.0,0.0,0.0,0.0,0.0,1.0,0.0,0.0,0.0,9.0,4.0,0.0,0.0,0.0,0.0,0.0,0.0,0.0,0.0,3.0,12.0,1.0,12.17,5.01,2.51,1.49,0.0,0.0,0.0,0.4,0.0,0.3,0.1,1.1,-169.70000000000002,0.0,0.0,169.70000000000002,0.0,21.3,29.200000000000003,29.200000000000003,29.700000000000003,300.0,300.0,31.5,35.7,29.1,28.3,30.200000000000003,4.96,2.0,4.96,0.16,0.0,0.0,1027.0,8228.0,0.0,0.0,0.0,0.0,0.0,1.0,0.0,0.0,0.0,0.0,0.0,1.0,0.0,-0.9,0.0,0.0,16.0,25903.0
2026-07-30T19:01:33.777Z,263.26,263.274,0.0,7.4,0.0,0.0,0.0,0.0,0.0,0.0,0.0,0.0,1.0,0.0,0.0,0.0,9.0,4.0,0.0,0.0,0.0,0.0,0.0,0.0,0.0,0.0,4.0,12.0,1.0,12.17,5.01,2.51,1.49,0.0,0.0,0.0,0.4,0.0,-0.2,0.1,0.5,-169.70000000000002,0.0,0.0,169.70000000000002,0.0,21.3,29.200000000000003,29.200000000000003,29.700000000000003,300.0,300.0,31.5,35.7,29.1,28.3,30.200000000000003,4.96,1.98,4.96,0.16,0.0,0.0,1027.0,8228.0,0.0,0.0,0.0,0.0,0.0,1.0,0.0,0.0,0.0,0.0,0.0,0.5,0.0,-0.4,0.0,0.0001,16.0,25903.0
2026-07-30T19:01:33.788Z,263.271,263.286,0.0,7.4,0.0,0.0,0.0,0.0,0.0,0.0,0.0,0.0,1.0,0.0,0.0,0.0,9.0,4.0,0.0,0.0,0.0,0.0,0.0,0.0,0.0,0.0,5.0,12.0,1.0,12.17,5.01,2.51,1.49,0.0,0.0,0.0,0.4,0.0,0.3,0.7000000000000001,0.0,-169.70000000000002,0.0,0.0,169.70000000000002,0.0,21.3,29.200000000000003,29.200000000000003,29.700000000000003,300.0,300.0,31.5,35.7,29.1,28.3,30.200000000000003,4.95,1.98,4.97,0.16,0.0,0.0,1027.0,8228.0,0.0,0.0,0.0,0.0,0.0,1.0,0.0,0.0,0.0,0.0,0.0,0.7000000000000001,0.0,0.1,0.0,0.0001,16.0,25903.0
2026-07-30T19:01:33.800Z,263.283,263.298,0.0,7.4,0.0,0.0,0.0,0.0,0.0,0.0,0.0,0.0,1.0,0.0,0.0,0.0,9.0,4.0,0.0,0.0,0.0,0.0,0.0,0.0,0.0,0.0,6.0,12.0,1.0,12.17,5.01,2.51,1.49,0.0,0.0,0.0,0.4,0.0,-0.2,0.0,0.0,-169.70000000000002,0.0,0.0,169.70000000000002,0.0,21.3,29.200000000000003,29.200000000000003,29.700000000000003,300.0,300.0,31.5,35.7,29.1,28.3,30.200000000000003,4.96,2.0,4.96,0.16,0.0,0.0,1027.0,8228.0,0.0,0.0,0.0,0.0,0.0,1.0,0.0,0.0,0.0,0.0,0.0,0.3,0.0,-1.1,0.0,0.0001,16.0,25903.0
2026-07-30T19:01:33.813Z,263.296,263.31,0.0,7.4,0.0,0.0,0.0,0.0,0.0,0.0,0.0,0.0,1.0,0.0,0.0,0.0,9.0,4.0,0.0,0.0,0.0,0.0,0.0,0.0,0.0,0.0,2.0,12.0,1.0,12.17,5.01,2.51,1.49,0.0,0.0,0.0,0.4,0.0,1.5,1.2000000000000002,1.7000000000000002,-169.70000000000002,0.0,0.0,169.60000000000002,0.0,21.3,29.200000000000003,29.200000000000003,29.700000000000003,300.0,300.0,31.5,35.7,29.1,28.3,30.200000000000003,4.96,1.99,4.97,0.16,0.0,0.0,1027.0,8228.0,0.0,0.0,0.0,0.0,0.0,1.0,0.0,0.0,0.0,0.0,0.0,-1.0,0.0,0.4,0.0,0.0001,16.0,25903.0
2026-07-30T19:01:33.824Z,263.307,263.322,0.0,7.4,0.0,0.0,0.0,0.0,0.0,0.0,0.0,0.0,1.0,0.0,0.0,0.0,9.0,4.0,0.0,0.0,0.0,0.0,0.0,0.0,0.0,0.0,3.0,12.0,1.0,12.17,5.01,2.51,1.49,0.0,0.0,0.0,0.4,0.0,-0.2,1.2000000000000002,0.0,-169.70000000000002,0.0,0.0,169.60000000000002,0.0,21.3,29.200000000000003,29.200000000000003,29.700000000000003,300.0,300.0,31.5,35.7,29.1,28.3,30.200000000000003,4.95,1.99,4.97,0.16,0.0,0.0,1027.0,8228.0,0.0,0.0,0.0,0.0,0.0,1.0,0.0,0.0,0.0,0.0,0.0,-1.8,0.0,1.4,0.0,0.0001,16.0,25903.0
2026-07-30T19:01:33.836Z,263.319,263.334,0.0,7.4,0.0,0.0,0.0,0.0,0.0,0.0,0.0,0.0,1.0,0.0,0.0,0.0,9.0,4.0,0.0,0.0,0.0,0.0,0.0,0.0,0.0,0.0,4.0,12.0,1.0,12.17,5.01,2.51,1.49,0.0,0.0,0.0,0.5,0.0,-0.2,0.0,0.0,-169.70000000000002,0.0,0.0,169.60000000000002,0.0,21.3,29.200000000000003,29.200000000000003,29.700000000000003,300.0,300.0,31.5,35.7,29.1,28.3,30.200000000000003,4.95,1.99,4.97,0.16,0.0,0.0,1027.0,8228.0,0.0,0.0,0.0,0.0,0.0,1.0,0.0,0.0,0.0,0.0,0.0,0.0,0.0,0.0,0.0,0.0001,16.0,25903.0
2026-07-30T19:01:33.849Z,263.332,263.346,0.0,7.4,0.0,0.0,0.0,0.0,0.0,0.0,0.0,0.0,1.0,0.0,0.0,0.0,9.0,4.0,0.0,0.0,0.0,0.0,0.0,0.0,0.0,0.0,5.0,12.0,1.0,12.17,5.01,2.51,1.49,0.0,0.1,0.0,0.4,0.0,0.3,-1.1,-0.7000000000000001,-169.70000000000002,0.0,0.0,169.70000000000002,0.0,21.3,29.200000000000003,29.200000000000003,29.700000000000003,300.0,300.0,31.5,35.7,29.1,28.3,30.200000000000003,4.95,1.99,4.96,0.16,0.0,0.0,1027.0,8228.0,0.0,0.0,0.0,0.0,0.0,1.0,0.0,0.0,0.0,0.0,0.0,-1.8,0.0,0.3,0.0,0.0001,16.0,25903.0
2026-07-30T19:01:33.860Z,263.343,263.358,0.0,7.4,0.0,0.0,0.0,0.0,0.0,0.0,0.0,0.0,1.0,0.0,0.0,0.0,9.0,4.0,0.0,0.0,0.0,0.0,0.0,0.0,0.0,0.0,6.0,12.0,1.0,12.18,5.0200000000000005,2.5,1.49,0.0,0.0,0.0,0.4,0.0,-0.2,-0.5,-1.2000000000000002,-169.70000000000002,0.0,0.0,169.70000000000002,0.0,21.4,29.200000000000003,29.200000000000003,29.700000000000003,300.0,300.0,31.5,35.6,29.1,28.3,30.200000000000003,4.95,1.99,4.97,0.16,0.0,0.0,1027.0,8228.0,0.0,0.0,0.0,0.0,0.0,1.0,0.0,0.0,0.0,0.0,0.0,-1.5,0.0,0.9,0.0,0.0001,16.0,25903.0
2026-07-30T19:01:33.873Z,263.356,263.37,0.0,7.4,0.0,0.0,0.0,0.0,0.0,0.0,0.0,0.0,1.0,0.0,0.0,0.0,9.0,4.0,0.0,0.0,0.0,0.0,0.0,0.0,0.0,0.0,1.0,12.0,1.0,12.18,5.0200000000000005,2.5,1.49,0.0,0.0,0.0,0.4,0.0,0.3,0.6000000000000001,-0.6000000000000001,-169.70000000000002,0.0,0.0,169.70000000000002,0.0,21.4,29.200000000000003,29.200000000000003,29.700000000000003,300.0,300.0,31.5,35.6,29.1,28.3,30.200000000000003,4.95,1.99,4.97,0.16,0.0,0.0,1027.0,8228.0,0.0,0.0,0.0,0.0,0.0,1.0,0.0,0.0,0.0,0.0,0.0,0.1,0.0,0.7000000000000001,0.0,0.0,16.0,25903.0
2026-07-30T19:01:33.885Z,263.368,263.382,0.0,7.4,0.0,0.0,0.0,0.0,0.0,0.0,0.0,0.0,1.0,0.0,0.0,0.0,9.0,4.0,0.0,0.0,0.0,0.0,0.0,0.0,0.0,0.0,3.0,12.0,1.0,12.18,5.0200000000000005,2.5,1.49,0.0,0.0,0.0,0.4,0.0,-0.8,-0.5,1.0,-169.70000000000002,0.0,0.0,169.60000000000002,0.0,21.4,29.200000000000003,29.200000000000003,29.700000000000003,300.0,300.0,31.5,35.6,29.1,28.3,30.200000000000003,4.95,1.99,4.96,0.16,0.0,0.0,1027.0,8228.0,0.0,0.0,0.0,0.0,0.0,1.0,0.0,0.0,0.0,0.0,0.0,0.1,0.0,-1.0,0.0,0.0,16.0,25903.0
2026-07-30T19:01:33.897Z,263.38,263.394,0.0,7.4,0.0,0.0,0.0,0.0,0.0,0.0,0.0,0.0,1.0,0.0,0.0,0.0,9.0,4.0,0.0,0.0,0.0,0.0,0.0,0.0,0.0,0.0,4.0,12.0,1.0,12.18,5.0200000000000005,2.5,1.49,0.0,0.0,0.0,0.4,0.0,-0.2,-0.5,-0.7000000000000001,-169.70000000000002,0.0,0.0,169.70000000000002,0.0,21.4,29.200000000000003,29.200000000000003,29.700000000000003,300.0,300.0,31.5,35.6,29.1,28.3,30.200000000000003,4.95,2.0,4.96,0.16,0.0,0.0,1027.0,8228.0,0.0,0.0,0.0,0.0,0.0,1.0,0.0,0.0,0.0,0.0,0.0,-1.1,0.0,0.5,0.0,0.0,16.0,25903.0
2026-07-30T19:01:33.908Z,263.391,263.406,0.0,7.4,0.0,0.0,0.0,0.0,0.0,0.0,0.0,0.0,1.0,0.0,0.0,0.0,9.0,4.0,0.0,0.0,0.0,0.0,0.0,0.0,0.0,0.0,5.0,12.0,1.0,12.18,5.0200000000000005,2.5,1.49,0.0,0.0,0.0,0.4,0.0,1.4,0.0,0.4,-169.70000000000002,0.0,0.0,169.70000000000002,0.0,21.4,29.200000000000003,29.200000000000003,29.700000000000003,300.0,300.0,31.5,35.6,29.1,28.3,30.200000000000003,4.95,1.99,4.97,0.16,0.0,0.0,1027.0,8228.0,0.0,0.0,0.0,0.0,0.0,1.0,0.0,0.0,0.0,0.0,0.0,0.4,0.0,-0.3,0.0,0.0001,16.0,25903.0
2026-07-30T19:01:33.921Z,263.404,263.418,0.0,7.4,0.0,0.0,0.0,0.0,0.0,0.0,0.0,0.0,1.0,0.0,0.0,0.0,9.0,4.0,0.0,0.0,0.0,0.0,0.0,0.0,0.0,0.0,6.0,12.0,1.0,12.18,5.0200000000000005,2.5,1.49,0.0,0.1,0.0,0.4,0.0,0.3,1.8,-0.6000000000000001,-169.70000000000002,0.0,0.0,169.70000000000002,0.0,21.4,29.200000000000003,29.200000000000003,29.700000000000003,300.0,300.0,31.5,35.6,29.1,28.3,30.200000000000003,4.95,1.99,4.97,0.16,0.0,0.0,1027.0,8228.0,0.0,0.0,0.0,0.0,0.0,1.0,0.0,0.0,0.0,0.0,0.0,1.6,0.0,0.9,0.0,0.0001,16.0,25903.0
2026-07-30T19:01:33.933Z,263.416,263.43,0.0,7.4,0.0,0.0,0.0,0.0,0.0,0.0,0.0,0.0,1.0,0.0,0.0,0.0,9.0,4.0,0.0,0.0,0.0,0.0,0.0,0.0,0.0,0.0,1.0,12.0,1.0,12.18,5.0200000000000005,2.5,1.49,0.0,0.0,0.0,0.4,0.0,-0.2,-1.0,-1.2000000000000002,-169.70000000000002,0.0,0.0,169.70000000000002,0.0,21.4,29.200000000000003,29.200000000000003,29.700000000000003,300.0,300.0,31.5,35.6,29.1,28.3,30.200000000000003,4.96,1.99,4.96,0.16,0.0,0.0,1027.0,8228.0,0.0,0.0,0.0,0.0,0.0,1.0,0.0,0.0,0.0,0.0,0.0,-2.1,0.0,0.9,0.0,0.0,16.0,25903.0
2026-07-30T19:01:33.944Z,263.427,263.442,0.0,7.4,0.0,0.0,0.0,0.0,0.0,0.0,0.0,0.0,1.0,0.0,0.0,0.0,9.0,4.0,0.0,0.0,0.0,0.0,0.0,0.0,0.0,0.0,3.0,12.0,1.0,12.18,5.0200000000000005,2.5,1.49,0.0,0.0,0.0,0.4,0.0,0.3,0.7000000000000001,0.4,-169.70000000000002,0.0,0.0,169.8,0.0,21.4,29.200000000000003,29.200000000000003,29.700000000000003,300.0,300.0,31.5,35.6,29.1,28.3,30.200000000000003,4.95,1.99,4.97,0.16,0.0,0.0,1027.0,8228.0,0.0,0.0,0.0,0.0,0.0,1.0,0.0,0.0,0.0,0.0,0.0,1.1,0.0,-0.2,0.0,0.0,16.0,25903.0
2026-07-30T19:01:33.958Z,263.441,263.454,0.0,7.4,0.0,0.0,0.0,0.0,0.0,0.0,0.0,0.0,1.0,0.0,0.0,0.0,9.0,4.0,0.0,0.0,0.0,0.0,0.0,0.0,0.0,0.0,4.0,12.0,1.0,12.18,5.01,2.5,1.49,0.0,0.0,0.0,0.4,0.0,1.5,0.6000000000000001,0.4,-169.70000000000002,0.0,0.0,169.8,0.0,20.9,29.200000000000003,29.200000000000003,29.700000000000003,300.0,300.0,31.6,35.7,29.1,28.3,30.200000000000003,4.95,1.99,4.96,0.16,0.0,0.0,1027.0,8228.0,0.0,0.0,0.0,0.0,0.0,1.0,0.0,0.0,0.0,0.0,0.0,1.1,0.0,-0.2,0.0,0.0001,16.0,25903.0
2026-07-30T19:01:33.969Z,263.452,263.466,0.0,7.4,0.0,0.0,0.0,0.0,0.0,0.0,0.0,0.0,1.0,0.0,0.0,0.0,9.0,4.0,0.0,0.0,0.0,0.0,0.0,0.0,0.0,0.0,5.0,12.0,1.0,12.18,5.01,2.5,1.49,0.0,0.0,0.0,0.4,0.0,0.3,0.0,-0.1,-169.70000000000002,0.0,0.0,169.70000000000002,0.0,20.9,29.200000000000003,29.200000000000003,29.700000000000003,300.0,300.0,31.6,35.7,29.1,28.3,30.200000000000003,4.95,2.0,4.96,0.16,0.0,0.0,1027.0,8228.0,0.0,0.0,0.0,0.0,0.0,1.0,0.0,0.0,0.0,0.0,0.0,0.0,0.0,0.1,0.0,0.0001,16.0,25903.0
2026-07-30T19:01:33.980Z,263.463,263.478,0.0,7.4,0.0,0.0,0.0,0.0,0.0,0.0,0.0,0.0,1.0,0.0,0.0,0.0,9.0,4.0,0.0,0.0,0.0,0.0,0.0,0.0,0.0,0.0,1.0,12.0,1.0,12.18,5.01,2.5,1.49,0.0,0.0,0.0,0.4,0.0,-0.2,1.3,0.0,-169.70000000000002,0.0,0.0,169.8,0.0,20.9,29.200000000000003,29.200000000000003,29.700000000000003,300.0,300.0,31.6,35.7,29.1,28.3,30.200000000000003,4.95,2.0,4.96,0.16,0.0,0.0,1027.0,8228.0,0.0,0.0,0.0,0.0,0.0,1.0,0.0,0.0,0.0,0.0,0.0,1.4,0.0,0.3,0.0,0.0001,16.0,25903.0
2026-07-30T19:01:33.993Z,263.476,263.49,0.0,7.4,0.0,0.0,0.0,0.0,0.0,0.0,0.0,0.0,1.0,0.0,0.0,0.0,9.0,4.0,0.0,0.0,0.0,0.0,0.0,0.0,0.0,0.0,2.0,12.0,1.0,12.18,5.01,2.5,1.49,0.0,0.0,0.0,0.5,0.0,0.3,-1.0,0.0,-169.70000000000002,0.0,0.0,169.8,0.0,20.9,29.200000000000003,29.200000000000003,29.700000000000003,300.0,300.0,31.6,35.7,29.1,28.3,30.200000000000003,4.95,2.0,4.97,0.16,0.0,0.0,1027.0,8228.0,0.0,0.0,0.0,0.0,0.0,1.0,0.0,0.0,0.0,0.0,0.0,-1.2000000000000002,0.0,-0.1,0.0,0.0001,16.0,25903.0
2026-07-30T19:01:34.004Z,263.487,263.502,0.0,7.4,0.0,0.0,0.0,0.0,0.0,0.0,0.0,0.0,1.0,0.0,0.0,0.0,9.0,4.0,0.0,0.0,0.0,0.0,0.0,0.0,0.0,0.0,4.0,12.0,1.0,12.18,5.01,2.5,1.49,0.0,0.1,0.0,0.4,0.0,-0.2,0.1,0.0,-169.70000000000002,0.0,0.0,169.8,0.0,20.9,29.200000000000003,29.200000000000003,29.700000000000003,300.0,300.0,31.6,35.7,29.1,28.3,30.200000000000003,4.95,1.99,4.96,0.16,0.0,0.0,1027.0,8228.0,0.0,0.0,0.0,0.0,0.0,1.0,0.0,0.0,0.0,0.0,0.0,0.0,0.0,0.1,0.0,0.0002,16.0,25903.0
2026-07-30T19:01:34.017Z,263.5,263.514,0.0,7.4,0.0,0.0,0.0,0.0,0.0,0.0,0.0,0.0,1.0,0.0,0.0,0.0,9.0,4.0,0.0,0.0,0.0,0.0,0.0,0.0,0.0,0.0,5.0,12.0,1.0,12.18,5.01,2.5,1.49,0.0,0.0,0.0,0.4,0.0,-0.2,0.1,-1.2000000000000002,-169.70000000000002,0.0,0.0,169.70000000000002,0.0,20.9,29.200000000000003,29.200000000000003,29.700000000000003,300.0,300.0,31.6,35.7,29.1,28.3,30.200000000000003,4.96,1.99,4.96,0.16,0.0,0.0,1027.0,8228.0,0.0,0.0,0.0,0.0,0.0,1.0,0.0,0.0,0.0,0.0,0.0,-0.8,0.0,1.1,0.0,0.0,16.0,25903.0
2026-07-30T19:01:34.029Z,263.512,263.526,0.0,7.4,0.0,0.0,0.0,0.0,0.0,0.0,0.0,0.0,1.0,0.0,0.0,0.0,9.0,4.0,0.0,0.0,0.0,0.0,0.0,0.0,0.0,0.0,6.0,12.0,1.0,12.18,5.01,2.5,1.49,0.0,0.0,0.0,0.4,0.0,0.3,-0.4,1.1,-169.70000000000002,0.0,0.0,169.70000000000002,0.0,20.9,29.200000000000003,29.200000000000003,29.700000000000003,300.0,300.0,31.6,35.7,29.1,28.3,30.200000000000003,4.96,1.99,4.96,0.16,0.0,0.0,1027.0,8228.0,0.0,0.0,0.0,0.0,0.0,1.0,0.0,0.0,0.0,0.0,0.0,0.2,0.0,-1.0,0.0,0.0002,16.0,25903.0
2026-07-30T19:01:34.046Z,263.529,263.538,0.0,7.4,0.0,0.0,0.0,0.0,0.0,0.0,0.0,0.0,1.0,0.0,0.0,0.0,9.0,4.0,0.0,0.0,0.0,0.0,0.0,0.0,0.0,0.0,2.0,12.0,1.0,12.18,5.01,2.5,1.49,0.0,0.0,0.0,0.5,0.0,-0.2,-0.4,0.4,-169.70000000000002,0.0,0.0,169.70000000000002,0.0,20.9,29.200000000000003,29.200000000000003,29.700000000000003,300.0,300.0,31.6,35.7,29.1,28.3,30.200000000000003,4.95,1.99,4.97,0.16,0.0,0.0,1027.0,8228.0,0.0,0.0,0.0,0.0,0.0,1.0,0.0,0.0,0.0,0.0,0.0,-0.1,0.0,-0.5,0.0,0.0,16.0,25903.0
2026-07-30T19:01:34.053Z,263.536,263.55,0.0,7.4,0.0,0.0,0.0,0.0,0.0,0.0,0.0,0.0,1.0,0.0,0.0,0.0,9.0,4.0,0.0,0.0,0.0,0.0,0.0,0.0,0.0,0.0,1.0,12.0,1.0,12.18,5.01,2.5,1.49,0.0,0.0,0.0,0.4,0.0,-0.2,0.6000000000000001,-0.6000000000000001,-169.70000000000002,0.0,0.0,169.8,0.0,20.9,29.200000000000003,29.200000000000003,29.700000000000003,300.0,300.0,31.6,35.7,29.1,28.3,30.200000000000003,4.95,2.0,4.96,0.16,0.0,0.0,1027.0,8228.0,0.0,0.0,0.0,0.0,0.0,1.0,0.0,0.0,0.0,0.0,0.0,0.2,0.0,0.7000000000000001,0.0,0.0,16.0,25903.0
2026-07-30T19:01:34.065Z,263.548,263.562,0.0,7.4,0.0,0.0,0.0,0.0,0.0,0.0,0.0,0.0,1.0,0.0,0.0,0.0,9.0,4.0,0.0,0.0,0.0,0.0,0.0,0.0,0.0,0.0,2.0,12.0,1.0,12.13,5.0200000000000005,2.5,1.49,0.0,0.0,0.0,0.4,0.0,-0.2,-0.4,-0.1,-169.70000000000002,0.0,0.0,169.8,0.0,21.8,29.200000000000003,29.200000000000003,29.700000000000003,300.0,300.0,31.6,35.6,29.1,28.3,30.200000000000003,4.95,2.0,4.96,0.16,0.0,0.0,1027.0,8228.0,0.0,0.0,0.0,0.0,0.0,1.0,0.0,0.0,0.0,0.0,0.0,-0.6000000000000001,0.0,0.0,0.0,0.0001,16.0,25903.0
2026-07-30T19:01:34.077Z,263.56,263.574,0.0,7.4,0.0,0.0,0.0,0.0,0.0,0.0,0.0,0.0,1.0,0.0,0.0,0.0,9.0,4.0,0.0,0.0,0.0,0.0,0.0,0.0,0.0,0.0,3.0,12.0,1.0,12.13,5.0200000000000005,2.5,1.49,0.0,0.1,0.0,0.4,0.0,-0.2,-0.4,-0.1,-169.70000000000002,0.0,0.0,169.8,0.0,21.8,29.200000000000003,29.200000000000003,29.700000000000003,300.0,300.0,31.6,35.6,29.1,28.3,30.200000000000003,4.95,2.0,4.97,0.16,0.0,0.0,1027.0,8228.0,0.0,0.0,0.0,0.0,0.0,1.0,0.0,0.0,0.0,0.0,0.0,-0.6000000000000001,0.0,0.0,0.0,0.0,16.0,25903.0
2026-07-30T19:01:34.090Z,263.573,263.586,0.0,7.4,0.0,0.0,0.0,0.0,0.0,0.0,0.0,0.0,1.0,0.0,0.0,0.0,9.0,4.0,0.0,0.0,0.0,0.0,0.0,0.0,0.0,0.0,5.0,12.0,1.0,12.13,5.0200000000000005,2.5,1.49,0.0,0.0,0.0,0.4,0.0,-0.2,-0.4,0.4,-169.70000000000002,0.0,0.0,169.8,0.0,21.8,29.200000000000003,29.200000000000003,29.700000000000003,300.0,300.0,31.6,35.6,29.1,28.3,30.200000000000003,4.96,1.99,4.96,0.16,0.0,0.0,1027.0,8228.0,0.0,0.0,0.0,0.0,0.0,1.0,0.0,0.0,0.0,0.0,0.0,-0.2,0.0,-0.4,0.0,0.0,16.0,25903.0
2026-07-30T19:01:34.101Z,263.584,263.598,0.0,7.4,0.0,0.0,0.0,0.0,0.0,0.0,0.0,0.0,1.0,0.0,0.0,0.0,9.0,4.0,0.0,0.0,0.0,0.0,0.0,0.0,0.0,0.0,5.0,12.0,1.0,12.13,5.0200000000000005,2.5,1.49,0.0,0.0,0.0,0.4,0.0,0.3,0.6000000000000001,2.1,-169.70000000000002,0.0,0.0,169.8,0.0,21.8,29.200000000000003,29.200000000000003,29.700000000000003,300.0,300.0,31.6,35.6,29.1,28.3,30.200000000000003,4.96,1.99,4.97,0.16,0.0,0.0,1027.0,8228.0,0.0,0.0,0.0,0.0,0.0,1.0,0.0,0.0,0.0,0.0,0.0,2.4000000000000004,0.0,-1.7000000000000002,0.0,0.0,16.0,25903.0
2026-07-30T19:01:34.113Z,263.596,263.61,0.0,7.4,0.0,0.0,0.0,0.0,0.0,0.0,0.0,0.0,1.0,0.0,0.0,0.0,9.0,4.0,0.0,0.0,0.0,0.0,0.0,0.0,0.0,0.0,6.0,12.0,1.0,12.13,5.0200000000000005,2.5,1.49,0.0,0.0,0.0,0.4,0.0,-0.2,-0.4,-1.3,-169.70000000000002,0.0,0.0,169.8,0.0,21.8,29.200000000000003,29.200000000000003,29.700000000000003,300.0,300.0,31.6,35.6,29.1,28.3,30.200000000000003,4.95,1.99,4.97,0.16,0.0,0.0,1027.0,8228.0,0.0,0.0,0.0,0.0,0.0,1.0,0.0,0.0,0.0,0.0,0.0,-1.5,0.0,1.0,0.0,0.0,16.0,25903.0
2026-07-30T19:01:34.125Z,263.608,263.622,0.0,7.4,0.0,0.0,0.0,0.0,0.0,0.0,0.0,0.0,1.0,0.0,0.0,0.0,9.0,4.0,0.0,0.0,0.0,0.0,0.0,0.0,0.0,0.0,2.0,12.0,1.0,12.13,5.0200000000000005,2.5,1.49,0.0,0.0,0.0,0.4,0.0,-0.2,0.1,1.6,-169.70000000000002,0.0,0.0,169.70000000000002,0.0,21.8,29.200000000000003,29.200000000000003,29.700000000000003,300.0,300.0,31.6,35.6,29.1,28.3,30.200000000000003,4.96,1.99,4.96,0.16,0.0,0.0,1027.0,8228.0,0.0,0.0,0.0,0.0,0.0,1.0,0.0,0.0,0.0,0.0,0.0,1.3,0.0,-1.3,0.0,0.0,16.0,25903.0
2026-07-30T19:01:34.136Z,263.619,263.634,0.0,7.4,0.0,0.0,0.0,0.0,0.0,0.0,0.0,0.0,1.0,0.0,0.0,0.0,9.0,4.0,0.0,0.0,0.0,0.0,0.0,0.0,0.0,0.0,3.0,12.0,1.0,12.13,5.0200000000000005,2.5,1.49,0.0,0.1,0.0,0.4,0.0,-0.8,0.1,0.9,-169.70000000000002,0.0,0.0,169.8,0.0,21.8,29.200000000000003,29.200000000000003,29.700000000000003,300.0,300.0,31.6,35.6,29.1,28.3,30.200000000000003,4.95,1.99,4.96,0.16,0.0,0.0,1027.0,8228.0,0.0,0.0,0.0,0.0,0.0,1.0,0.0,0.0,0.0,0.0,0.0,0.8,0.0,-0.8,0.0,0.0001,16.0,25903.0
2026-07-30T19:01:34.149Z,263.632,263.646,0.0,7.4,0.0,0.0,0.0,0.0,0.0,0.0,0.0,0.0,1.0,0.0,0.0,0.0,9.0,4.0,0.0,0.0,0.0,0.0,0.0,0.0,0.0,0.0,4.0,12.0,1.0,12.13,5.0200000000000005,2.5,1.49,0.0,0.0,0.0,0.4,0.0,-0.2,1.3,0.9,-169.70000000000002,0.0,0.0,169.70000000000002,0.0,21.8,29.200000000000003,29.200000000000003,29.700000000000003,300.0,300.0,31.6,35.6,29.1,28.3,30.200000000000003,4.95,1.99,4.96,0.16,0.0,0.0,1027.0,8228.0,0.0,0.0,0.0,0.0,0.0,1.0,0.0,0.0,0.0,0.0,0.0,2.2,0.0,-0.6000000000000001,0.0,0.0001,16.0,25903.0
2026-07-30T19:01:34.162Z,263.645,263.658,0.0,7.4,0.0,0.0,0.0,0.0,0.0,0.0,0.0,0.0,1.0,0.0,0.0,0.0,9.0,4.0,0.0,0.0,0.0,0.0,0.0,0.0,0.0,0.0,6.0,12.0,1.0,12.17,5.01,2.51,1.49,0.0,0.0,0.0,0.4,0.0,-0.1,0.7000000000000001,1.5,-169.70000000000002,0.0,0.0,169.8,0.0,21.8,29.200000000000003,29.200000000000003,29.700000000000003,300.0,300.0,31.6,35.6,29.1,28.3,30.200000000000003,4.96,2.0,4.96,0.16,0.0,0.0,1027.0,8228.0,0.0,0.0,0.0,0.0,0.0,1.0,0.0,0.0,0.0,0.0,0.0,1.9,0.0,-1.2000000000000002,0.0,0.0,16.0,25903.0
2026-07-30T19:01:34.173Z,263.656,263.67,0.0,7.4,0.0,0.0,0.0,0.0,0.0,0.0,0.0,0.0,1.0,0.0,0.0,0.0,9.0,4.0,0.0,0.0,0.0,0.0,0.0,0.0,0.0,0.0,1.0,12.0,1.0,12.17,5.01,2.51,1.49,0.0,0.0,0.0,0.4,0.0,0.4,0.1,0.4,-169.70000000000002,0.0,0.0,169.8,0.0,21.8,29.200000000000003,29.200000000000003,29.700000000000003,300.0,300.0,31.6,35.6,29.1,28.3,30.200000000000003,4.96,2.0,4.96,0.16,0.0,0.0,1027.0,8228.0,0.0,0.0,0.0,0.0,0.0,1.0,0.0,0.0,0.0,0.0,0.0,0.5,0.0,-0.3,0.0,0.0002,16.0,25903.0
2026-07-30T19:01:34.184Z,263.667,263.682,0.0,7.4,0.0,0.0,0.0,0.0,0.0,0.0,0.0,0.0,1.0,0.0,0.0,0.0,9.0,4.0,0.0,0.0,0.0,0.0,0.0,0.0,0.0,0.0,3.0,12.0,1.0,12.17,5.01,2.51,1.49,0.0,0.0,0.0,0.4,0.0,-0.1,0.8,-0.1,-169.70000000000002,0.0,0.0,169.70000000000002,0.0,21.8,29.200000000000003,29.200000000000003,29.700000000000003,300.0,300.0,31.6,35.6,29.1,28.3,30.200000000000003,4.95,1.99,4.97,0.16,0.0,0.0,1027.0,8228.0,0.0,0.0,0.0,0.0,0.0,1.0,0.0,0.0,0.0,0.0,0.0,0.8,0.0,0.2,0.0,0.0001,16.0,25903.0
2026-07-30T19:01:34.196Z,263.679,263.694,0.0,7.4,0.0,0.0,0.0,0.0,0.0,0.0,0.0,0.0,1.0,0.0,0.0,0.0,9.0,4.0,0.0,0.0,0.0,0.0,0.0,0.0,0.0,0.0,4.0,12.0,1.0,12.17,5.01,2.51,1.49,0.0,0.0,0.0,0.5,0.0,0.4,0.1,1.0,-169.70000000000002,0.0,0.0,169.70000000000002,0.0,21.8,29.200000000000003,29.200000000000003,29.700000000000003,300.0,300.0,31.6,35.6,29.1,28.3,30.200000000000003,4.95,1.99,4.96,0.16,0.0,0.0,1027.0,8228.0,0.0,0.0,0.0,0.0,0.0,1.0,0.0,0.0,0.0,0.0,0.0,0.9,0.0,-0.9,0.0,0.0001,16.0,25903.0
2026-07-30T19:01:34.208Z,263.691,263.706,0.0,7.4,0.0,0.0,0.0,0.0,0.0,0.0,0.0,0.0,1.0,0.0,0.0,0.0,9.0,4.0,0.0,0.0,0.0,0.0,0.0,0.0,0.0,0.0,5.0,12.0,1.0,12.17,5.01,2.51,1.49,0.0,0.0,0.0,0.4,0.0,-0.1,0.1,-0.6000000000000001,-169.70000000000002,0.0,0.0,169.70000000000002,0.0,21.8,29.200000000000003,29.200000000000003,29.700000000000003,300.0,300.0,31.6,35.6,29.1,28.3,30.200000000000003,4.96,2.0,4.96,0.16,0.0,0.0,1027.0,8228.0,0.0,0.0,0.0,0.0,0.0,1.0,0.0,0.0,0.0,0.0,0.0,-0.2,0.0,0.6000000000000001,0.0,0.0,16.0,25903.0
2026-07-30T19:01:34.221Z,263.704,263.718,0.0,7.4,0.0,0.0,0.0,0.0,0.0,0.0,0.0,0.0,1.0,0.0,0.0,0.0,9.0,4.0,0.0,0.0,0.0,0.0,0.0,0.0,0.0,0.0,6.0,12.0,1.0,12.17,5.01,2.51,1.49,0.0,0.0,0.0,0.4,0.0,0.4,0.7000000000000001,0.0,-169.70000000000002,0.0,0.0,169.60000000000002,0.0,21.8,29.200000000000003,29.200000000000003,29.700000000000003,300.0,300.0,31.6,35.6,29.1,28.3,30.200000000000003,4.95,2.0,4.96,0.16,0.0,0.0,1027.0,8228.0,0.0,0.0,0.0,0.0,0.0,1.0,0.0,0.0,0.0,0.0,0.0,0.8,0.0,0.2,0.0,0.0001,16.0,25903.0
2026-07-30T19:01:34.232Z,263.715,263.73,0.0,7.4,0.0,0.0,0.0,0.0,0.0,0.0,0.0,0.0,1.0,0.0,0.0,0.0,9.0,4.0,0.0,0.0,0.0,0.0,0.0,0.0,0.0,0.0,1.0,12.0,1.0,12.17,5.01,2.51,1.49,0.0,0.0,0.0,0.4,0.0,-0.6000000000000001,-0.4,0.0,-169.70000000000002,0.0,0.0,169.8,0.0,21.8,29.200000000000003,29.200000000000003,29.700000000000003,300.0,300.0,31.6,35.6,29.1,28.3,30.200000000000003,4.96,1.98,4.96,0.16,0.0,0.0,1027.0,8228.0,0.0,0.0,0.0,0.0,0.0,1.0,0.0,0.0,0.0,0.0,0.0,-0.5,0.0,0.0,0.0,0.0001,16.0,25903.0
2026-07-30T19:01:34.244Z,263.727,263.742,0.0,7.4,0.0,0.0,0.0,0.0,0.0,0.0,0.0,0.0,1.0,0.0,0.0,0.0,9.0,4.0,0.0,0.0,0.0,0.0,0.0,0.0,0.0,0.0,2.0,12.0,1.0,12.17,5.01,2.51,1.49,0.0,0.0,0.0,0.4,0.0,0.4,-0.4,0.0,-169.70000000000002,0.0,0.0,169.8,0.0,21.8,29.200000000000003,29.200000000000003,29.700000000000003,300.0,300.0,31.6,35.6,29.1,28.3,30.200000000000003,4.96,2.0,4.96,0.16,0.0,0.0,1027.0,8228.0,0.0,0.0,0.0,0.0,0.0,1.0,0.0,0.0,0.0,0.0,0.0,-0.5,0.0,0.0,0.0,0.0001,16.0,25903.0
2026-07-30T19:01:34.256Z,263.739,263.754,0.0,7.4,0.0,0.0,0.0,0.0,0.0,0.0,0.0,0.0,1.0,0.0,0.0,0.0,9.0,4.0,0.0,0.0,0.0,0.0,0.0,0.0,0.0,0.0,3.0,12.0,1.0,12.17,5.01,2.51,1.49,0.0,0.0,0.0,0.4,0.0,-1.2000000000000002,-0.4,-0.6000000000000001,-169.70000000000002,0.0,0.0,169.70000000000002,0.0,21.8,29.200000000000003,29.200000000000003,29.700000000000003,300.0,300.0,31.6,35.6,29.1,28.3,30.200000000000003,4.96,1.99,4.96,0.16,0.0,0.0,1027.0,8228.0,0.0,0.0,0.0,0.0,0.0,1.0,0.0,0.0,0.0,0.0,0.0,-1.0,0.0,0.5,0.0,0.0001,16.0,25903.0
2026-07-30T19:01:34.269Z,263.752,263.766,0.0,7.4,0.0,0.0,0.0,0.0,0.0,0.0,0.0,0.0,1.0,0.0,0.0,0.0,9.0,4.0,0.0,0.0,0.0,0.0,0.0,0.0,0.0,0.0,4.0,12.0,1.0,12.11,5.01,2.5,1.49,0.0,0.0,0.0,0.5,0.0,-0.7000000000000001,-1.0,-0.1,-169.70000000000002,0.0,0.0,169.70000000000002,0.0,21.3,29.200000000000003,29.200000000000003,29.700000000000003,300.0,300.0,31.6,35.6,29.1,28.3,30.200000000000003,4.95,1.99,4.97,0.16,0.0,0.0,1027.0,8228.0,0.0,0.0,0.0,0.0,0.0,1.0,0.0,0.0,0.0,0.0,0.0,-1.3,0.0,-0.1,0.0,0.0001,16.0,25903.0
2026-07-30T19:01:34.281Z,263.764,263.778,0.0,7.4,0.0,0.0,0.0,0.0,0.0,0.0,0.0,0.0,1.0,0.0,0.0,0.0,9.0,4.0,0.0,0.0,0.0,0.0,0.0,0.0,0.0,0.0,5.0,12.0,1.0,12.11,5.01,2.5,1.49,0.0,0.1,0.0,0.4,0.0,-0.6000000000000001,-0.5,-0.1,-169.70000000000002,0.0,0.0,169.70000000000002,0.0,21.3,29.200000000000003,29.200000000000003,29.700000000000003,300.0,300.0,31.6,35.6,29.1,28.3,30.200000000000003,4.96,1.99,4.97,0.16,0.0,0.0,1027.0,8228.0,0.0,0.0,0.0,0.0,0.0,1.0,0.0,0.0,0.0,0.0,0.0,-0.6000000000000001,0.0,0.0,0.0,0.0001,16.0,25903.0
2026-07-30T19:01:34.293Z,263.776,263.79,0.0,7.4,0.0,0.0,0.0,0.0,0.0,0.0,0.0,0.0,1.0,0.0,0.0,0.0,9.0,4.0,0.0,0.0,0.0,0.0,0.0,0.0,0.0,0.0,1.0,12.0,1.0,12.11,5.01,2.5,1.49,0.0,0.0,0.0,0.5,0.0,-0.1,0.0,0.4,-169.70000000000002,0.0,0.0,169.70000000000002,0.0,21.3,29.200000000000003,29.200000000000003,29.700000000000003,300.0,300.0,31.6,35.6,29.1,28.3,30.200000000000003,4.96,1.99,4.96,0.16,0.0,0.0,1027.0,8228.0,0.0,0.0,0.0,0.0,0.0,1.0,0.0,0.0,0.0,0.0,0.0,0.3,0.0,-0.4,0.0,0.0,16.0,25903.0
2026-07-30T19:01:34.305Z,263.788,263.802,0.0,7.4,0.0,0.0,0.0,0.0,0.0,0.0,0.0,0.0,1.0,0.0,0.0,0.0,9.0,4.0,0.0,0.0,0.0,0.0,0.0,0.0,0.0,0.0,2.0,12.0,1.0,12.11,5.01,2.5,1.49,0.0,0.0,0.0,0.5,0.0,0.4,-0.5,-0.1,-169.70000000000002,0.0,0.0,169.70000000000002,0.0,21.3,29.200000000000003,29.200000000000003,29.700000000000003,300.0,300.0,31.6,35.6,29.1,28.3,30.200000000000003,4.95,1.99,4.96,0.16,0.0,0.0,1027.0,8228.0,0.0,0.0,0.0,0.0,0.0,1.0,0.0,0.0,0.0,0.0,0.0,-0.7000000000000001,0.0,0.0,0.0,0.0001,16.0,25903.0
2026-07-30T19:01:34.317Z,263.8,263.814,0.0,7.4,0.0,0.0,0.0,0.0,0.0,0.0,0.0,0.0,1.0,0.0,0.0,0.0,9.0,4.0,0.0,0.0,0.0,0.0,0.0,0.0,0.0,0.0,3.0,12.0,1.0,12.11,5.01,2.5,1.49,0.0,0.0,0.0,0.4,0.0,-0.1,-0.5,-0.6000000000000001,-169.70000000000002,0.0,0.0,169.70000000000002,0.0,21.3,29.200000000000003,29.200000000000003,29.700000000000003,300.0,300.0,31.6,35.6,29.1,28.3,30.200000000000003,4.96,1.99,4.97,0.16,0.0,0.0,1027.0,8228.0,0.0,0.0,0.0,0.0,0.0,1.0,0.0,0.0,0.0,0.0,0.0,-1.3,0.0,-0.1,0.0,0.0001,16.0,25903.0
2026-07-30T19:01:34.329Z,263.812,263.826,0.0,7.4,0.0,0.0,0.0,0.0,0.0,0.0,0.0,0.0,1.0,0.0,0.0,0.0,9.0,4.0,0.0,0.0,0.0,0.0,0.0,0.0,0.0,0.0,4.0,12.0,1.0,12.11,5.01,2.5,1.49,0.0,0.0,0.0,0.4,0.0,-0.1,-1.1,-1.2000000000000002,-169.70000000000002,0.0,0.0,169.70000000000002,0.0,21.3,29.200000000000003,29.200000000000003,29.700000000000003,300.0,300.0,31.6,35.6,29.1,28.3,30.200000000000003,4.95,2.0,4.96,0.16,0.0,0.0,1027.0,8228.0,0.0,0.0,0.0,0.0,0.0,1.0,0.0,0.0,0.0,0.0,0.0,-0.2,0.0,1.2000000000000002,0.0,0.0,16.0,25903.0
2026-07-30T19:01:34.341Z,263.824,263.838,0.0,7.4,0.0,0.0,0.0,0.0,0.0,0.0,0.0,0.0,1.0,0.0,0.0,0.0,9.0,4.0,0.0,0.0,0.0,0.0,0.0,0.0,0.0,0.0,5.0,12.0,1.0,12.11,5.01,2.5,1.49,0.0,0.0,0.0,0.4,0.0,-0.1,-1.1,-0.7000000000000001,-169.70000000000002,0.0,0.0,169.70000000000002,0.0,21.3,29.200000000000003,29.200000000000003,29.700000000000003,300.0,300.0,31.6,35.6,29.1,28.3,30.200000000000003,4.95,1.99,4.97,0.16,0.0,0.0,1027.0,8228.0,0.0,0.0,0.0,0.0,0.0,1.0,0.0,0.0,0.0,0.0,0.0,1.0,0.0,-0.2,0.0,0.0,16.0,25903.0
2026-07-30T19:01:34.353Z,263.836,263.85,0.0,7.4,0.0,0.0,0.0,0.0,0.0,0.0,0.0,0.0,1.0,0.0,0.0,0.0,9.0,4.0,0.0,0.0,0.0,0.0,0.0,0.0,0.0,0.0,6.0,12.0,1.0,12.11,5.01,2.5,1.49,0.0,0.0,0.0,0.5,0.0,-0.1,0.5,0.4,-169.70000000000002,0.0,0.0,169.70000000000002,0.0,21.3,29.200000000000003,29.200000000000003,29.700000000000003,300.0,300.0,31.6,35.6,29.1,28.3,30.200000000000003,4.95,1.99,4.97,0.16,0.0,0.0,1027.0,8228.0,0.0,0.0,0.0,0.0,0.0,1.0,0.0,0.0,0.0,0.0,0.0,1.0,0.0,-0.2,0.0,0.0,16.0,25903.0
2026-07-30T19:01:34.366Z,263.849,263.862,0.0,7.4,0.0,0.0,0.0,0.0,0.0,0.0,0.0,0.0,1.0,0.0,0.0,0.0,9.0,4.0,0.0,0.0,0.0,0.0,0.0,0.0,0.0,0.0,6.0,12.0,1.0,12.18,5.0200000000000005,2.51,1.49,0.0,0.0,0.0,0.5,0.0,0.3,-0.5,-1.3,-169.70000000000002,0.0,0.0,169.8,0.0,21.200000000000003,29.200000000000003,29.200000000000003,29.700000000000003,300.0,300.0,31.6,35.6,29.1,28.3,30.200000000000003,4.96,1.99,4.97,0.16,0.0,0.0,1027.0,8228.0,0.0,0.0,0.0,0.0,0.0,1.0,0.0,0.0,0.0,0.0,0.0,-1.6,0.0,1.0,0.0,0.0,16.0,25903.0
2026-07-30T19:01:34.376Z,263.859,263.874,0.0,7.4,0.0,0.0,0.0,0.0,0.0,0.0,0.0,0.0,1.0,0.0,0.0,0.0,9.0,4.0,0.0,0.0,0.0,0.0,0.0,0.0,0.0,0.0,1.0,12.0,1.0,12.18,5.0200000000000005,2.51,1.49,0.0,0.0,0.0,0.4,0.0,-0.7000000000000001,0.0,-0.7000000000000001,-169.70000000000002,0.0,0.0,169.8,0.0,21.200000000000003,29.200000000000003,29.200000000000003,29.700000000000003,300.0,300.0,31.6,35.6,29.1,28.3,30.200000000000003,4.95,1.99,4.96,0.16,0.0,0.0,1027.0,8228.0,0.0,0.0,0.0,0.0,0.0,1.0,0.0,0.0,0.0,0.0,0.0,-0.5,0.0,0.6000000000000001,0.0,0.0001,16.0,25903.0
2026-07-30T19:01:34.388Z,263.871,263.886,0.0,7.4,0.0,0.0,0.0,0.0,0.0,0.0,0.0,0.0,1.0,0.0,0.0,0.0,9.0,4.0,0.0,0.0,0.0,0.0,0.0,0.0,0.0,0.0,2.0,12.0,1.0,12.18,5.0200000000000005,2.51,1.49,0.0,0.0,0.0,0.4,0.0,0.3,0.5,-0.1,-169.70000000000002,0.0,0.0,169.8,0.0,21.200000000000003,29.200000000000003,29.200000000000003,29.700000000000003,300.0,300.0,31.6,35.6,29.1,28.3,30.200000000000003,4.95,1.99,4.97,0.16,0.0,0.0,1027.0,8228.0,0.0,0.0,0.0,0.0,0.0,1.0,0.0,0.0,0.0,0.0,0.0,0.5,0.0,0.2,0.0,0.0,16.0,25903.0
2026-07-30T19:01:34.401Z,263.884,263.898,0.0,7.4,0.0,0.0,0.0,0.0,0.0,0.0,0.0,0.0,1.0,0.0,0.0,0.0,9.0,4.0,0.0,0.0,0.0,0.0,0.0,0.0,0.0,0.0,3.0,12.0,1.0,12.18,5.0200000000000005,2.51,1.49,0.0,0.0,0.0,0.4,0.0,-0.1,0.5,0.4,-169.70000000000002,0.0,0.0,169.8,0.0,21.200000000000003,29.200000000000003,29.200000000000003,29.700000000000003,300.0,300.0,31.6,35.6,29.1,28.3,30.200000000000003,4.95,1.99,4.97,0.16,0.0,0.0,1027.0,8228.0,0.0,0.0,0.0,0.0,0.0,1.0,0.0,0.0,0.0,0.0,0.0,0.9,0.0,-0.2,0.0,0.0001,16.0,25903.0
2026-07-30T19:01:34.413Z,263.896,263.91,0.0,7.4,0.0,0.0,0.0,0.0,0.0,0.0,0.0,0.0,1.0,0.0,0.0,0.0,9.0,4.0,0.0,0.0,0.0,0.0,0.0,0.0,0.0,0.0,3.0,12.0,1.0,12.18,5.0200000000000005,2.51,1.49,0.0,0.0,0.0,0.4,0.0,-0.1,0.5,-0.1,-169.70000000000002,0.0,0.0,169.70000000000002,0.0,21.200000000000003,29.200000000000003,29.200000000000003,29.700000000000003,300.0,300.0,31.6,35.6,29.1,28.3,30.200000000000003,4.96,1.99,4.96,0.16,0.0,0.0,1027.0,8228.0,0.0,0.0,0.0,0.0,0.0,1.0,0.0,0.0,0.0,0.0,0.0,0.5,0.0,0.2,0.0,0.0001,16.0,25903.0
2026-07-30T19:01:34.425Z,263.908,263.922,0.0,7.4,0.0,0.0,0.0,0.0,0.0,0.0,0.0,0.0,1.0,0.0,0.0,0.0,9.0,4.0,0.0,0.0,0.0,0.0,0.0,0.0,0.0,0.0,4.0,12.0,1.0,12.18,5.0200000000000005,2.51,1.49,0.0,0.0,0.0,0.4,0.0,-0.1,-0.5,0.4,-169.70000000000002,0.0,0.0,169.8,0.0,21.200000000000003,29.200000000000003,29.200000000000003,29.700000000000003,300.0,300.0,31.6,35.6,29.1,28.3,30.200000000000003,4.95,1.99,4.97,0.16,0.0,0.0,1027.0,8228.0,0.0,0.0,0.0,0.0,0.0,1.0,0.0,0.0,0.0,0.0,0.0,-0.2,0.0,-0.5,0.0,0.0002,16.0,25903.0
2026-07-30T19:01:34.437Z,263.92,263.934,0.0,7.4,0.0,0.0,0.0,0.0,0.0,0.0,0.0,0.0,1.0,0.0,0.0,0.0,9.0,4.0,0.0,0.0,0.0,0.0,0.0,0.0,0.0,0.0,6.0,12.0,1.0,12.18,5.0200000000000005,2.51,1.49,0.0,0.1,0.0,0.4,0.0,0.4,0.0,-0.7000000000000001,-169.70000000000002,0.0,0.0,169.8,0.0,21.200000000000003,29.200000000000003,29.200000000000003,29.700000000000003,300.0,300.0,31.6,35.6,29.1,28.3,30.200000000000003,4.95,1.99,4.96,0.16,0.0,0.0,1027.0,8228.0,0.0,0.0,0.0,0.0,0.0,1.0,0.0,0.0,0.0,0.0,0.0,-0.4,0.0,0.6000000000000001,0.0,0.0002,16.0,25903.0
2026-07-30T19:01:34.449Z,263.932,263.946,0.0,7.4,0.0,0.0,0.0,0.0,0.0,0.0,0.0,0.0,1.0,0.0,0.0,0.0,9.0,4.0,0.0,0.0,0.0,0.0,0.0,0.0,0.0,0.0,1.0,12.0,1.0,12.18,5.0200000000000005,2.51,1.49,0.0,0.0,0.0,0.4,0.0,0.4,0.6000000000000001,-0.1,-169.70000000000002,0.0,0.0,169.70000000000002,0.0,21.200000000000003,29.200000000000003,29.200000000000003,29.700000000000003,300.0,300.0,31.6,35.6,29.1,28.3,30.200000000000003,4.96,1.99,4.96,0.16,0.0,0.0,1027.0,8228.0,0.0,0.0,0.0,0.0,0.0,1.0,0.0,0.0,0.0,0.0,0.0,0.6000000000000001,0.0,0.2,0.0,0.0,16.0,25903.0
2026-07-30T19:01:34.461Z,263.944,263.958,0.0,7.4,0.0,0.0,0.0,0.0,0.0,0.0,0.0,0.0,1.0,0.0,0.0,0.0,9.0,4.0,0.0,0.0,0.0,0.0,0.0,0.0,0.0,0.0,2.0,12.0,1.0,12.18,5.0200000000000005,2.51,1.49,0.0,0.0,0.0,0.4,0.0,-0.7000000000000001,0.0,-0.7000000000000001,-169.70000000000002,0.0,0.0,169.8,0.0,21.200000000000003,29.200000000000003,29.200000000000003,29.700000000000003,300.0,300.0,31.6,35.6,29.1,28.3,30.200000000000003,4.96,1.99,4.96,0.16,0.0,0.0,1027.0,8228.0,0.0,0.0,0.0,0.0,0.0,1.0,0.0,0.0,0.0,0.0,0.0,-0.4,0.0,0.6000000000000001,0.0,0.0001,16.0,25903.0
2026-07-30T19:01:34.472Z,263.955,263.97,0.0,7.4,0.0,0.0,0.0,0.0,0.0,0.0,0.0,0.0,1.0,0.0,0.0,0.0,9.0,4.0,0.0,0.0,0.0,0.0,0.0,0.0,0.0,0.0,3.0,12.0,1.0,12.17,5.01,2.51,1.49,0.0,0.0,0.0,0.4,0.0,-0.1,-0.4,1.0,-169.70000000000002,0.0,0.0,169.70000000000002,0.0,21.200000000000003,29.200000000000003,29.200000000000003,29.700000000000003,300.0,300.0,31.6,35.6,29.1,28.3,30.200000000000003,4.95,1.99,4.96,0.16,0.0,0.0,1027.0,8228.0,0.0,0.0,0.0,0.0,0.0,1.0,0.0,0.0,0.0,0.0,0.0,0.1,0.0,-0.9,0.0,0.0,16.0,25903.0
2026-07-30T19:01:34.485Z,263.968,263.982,0.0,7.4,0.0,0.0,0.0,0.0,0.0,0.0,0.0,0.0,1.0,0.0,0.0,0.0,9.0,4.0,0.0,0.0,0.0,0.0,0.0,0.0,0.0,0.0,4.0,12.0,1.0,12.17,5.01,2.51,1.49,0.0,0.0,0.0,0.5,0.0,-0.1,1.2000000000000002,1.0,-169.70000000000002,0.0,0.0,169.60000000000002,0.0,21.200000000000003,29.200000000000003,29.200000000000003,29.700000000000003,300.0,300.0,31.6,35.6,29.1,28.3,30.200000000000003,4.95,1.99,4.96,0.16,0.0,0.0,1027.0,8228.0,0.0,0.0,0.0,0.0,0.0,1.0,0.0,0.0,0.0,0.0,0.0,2.1,0.0,-0.6000000000000001,0.0,0.0,16.0,25903.0
2026-07-30T19:01:34.497Z,263.98,263.994,0.0,7.4,0.0,0.0,0.0,0.0,0.0,0.0,0.0,0.0,1.0,0.0,0.0,0.0,9.0,4.0,0.0,0.0,0.0,0.0,0.0,0.0,0.0,0.0,5.0,12.0,1.0,12.17,5.01,2.51,1.49,0.0,0.0,0.0,0.4,0.0,-0.2,1.2000000000000002,1.5,-169.70000000000002,0.0,0.0,169.8,0.0,21.200000000000003,29.200000000000003,29.200000000000003,29.700000000000003,300.0,300.0,31.6,35.6,29.1,28.3,30.200000000000003,4.96,1.99,4.96,0.16,0.0,0.0,1027.0,8228.0,0.0,0.0,0.0,0.0,0.0,1.0,0.0,0.0,0.0,0.0,0.0,2.5,0.0,-1.1,0.0,0.0001,16.0,25903.0
2026-07-30T19:01:34.509Z,263.992,264.00600000000003,0.0,7.4,0.0,0.0,0.0,0.0,0.0,0.0,0.0,0.0,1.0,0.0,0.0,0.0,9.0,4.0,0.0,0.0,0.0,0.0,0.0,0.0,0.0,0.0,6.0,12.0,1.0,12.17,5.01,2.51,1.49,0.0,0.0,0.0,0.4,0.0,0.9,-0.5,-0.7000000000000001,-169.70000000000002,0.0,0.0,169.70000000000002,0.0,21.200000000000003,29.200000000000003,29.200000000000003,29.700000000000003,300.0,300.0,31.6,35.6,29.1,28.3,30.200000000000003,4.95,1.99,4.97,0.16,0.0,0.0,1027.0,8228.0,0.0,0.0,0.0,0.0,0.0,1.0,0.0,0.0,0.0,0.0,0.0,-1.1,0.0,0.5,0.0,0.0002,16.0,25903.0
2026-07-30T19:01:34.521Z,264.004,264.01800000000003,0.0,7.4,0.0,0.0,0.0,0.0,0.0,0.0,0.0,0.0,1.0,0.0,0.0,0.0,9.0,4.0,0.0,0.0,0.0,0.0,0.0,0.0,0.0,0.0,1.0,12.0,1.0,12.17,5.01,2.51,1.49,0.0,0.0,0.0,0.4,0.0,-0.3,-1.1,-0.1,-169.70000000000002,0.0,0.0,169.70000000000002,0.0,21.200000000000003,29.200000000000003,29.200000000000003,29.700000000000003,300.0,300.0,31.6,35.6,29.1,28.3,30.200000000000003,4.96,2.0,4.97,0.16,0.0,0.0,1027.0,8228.0,0.0,0.0,0.0,0.0,0.0,1.0,0.0,0.0,0.0,0.0,0.0,-1.3,0.0,-0.1,0.0,0.0001,16.0,25903.0
2026-07-30T19:01:34.532Z,264.015,264.03000000000003,0.0,7.4,0.0,0.0,0.0,0.0,0.0,0.0,0.0,0.0,1.0,0.0,0.0,0.0,9.0,4.0,0.0,0.0,0.0,0.0,0.0,0.0,0.0,0.0,3.0,12.0,1.0,12.17,5.01,2.51,1.49,0.0,0.0,0.0,0.4,0.0,-0.2,1.1,-0.1,-169.70000000000002,0.0,0.0,169.60000000000002,0.0,21.200000000000003,29.200000000000003,29.200000000000003,29.700000000000003,300.0,300.0,31.6,35.6,29.1,28.3,30.200000000000003,4.96,2.0,4.96,0.16,0.0,0.0,1027.0,8228.0,0.0,0.0,0.0,0.0,0.0,1.0,0.0,0.0,0.0,0.0,0.0,1.2000000000000002,0.0,0.3,0.0,0.0,16.0,25903.0
2026-07-30T19:01:34.544Z,264.027,264.04200000000003,0.0,7.4,0.0,0.0,0.0,0.0,0.0,0.0,0.0,0.0,1.0,0.0,0.0,0.0,9.0,4.0,0.0,0.0,0.0,0.0,0.0,0.0,0.0,0.0,4.0,12.0,1.0,12.17,5.01,2.51,1.49,0.0,0.0,0.0,0.4,0.0,-0.2,0.0,0.4,-169.70000000000002,0.0,0.0,169.70000000000002,0.0,21.200000000000003,29.200000000000003,29.200000000000003,29.700000000000003,300.0,300.0,31.6,35.6,29.1,28.3,30.200000000000003,4.95,1.99,4.96,0.16,0.0,0.0,1027.0,8228.0,0.0,0.0,0.0,0.0,0.0,1.0,0.0,0.0,0.0,0.0,0.0,0.3,0.0,-0.3,0.0,0.0001,16.0,25903.0
2026-07-30T19:01:34.556Z,264.039,264.05400000000003,0.0,7.4,0.0,0.0,0.0,0.0,0.0,0.0,0.0,0.0,1.0,0.0,0.0,0.0,9.0,4.0,0.0,0.0,0.0,0.0,0.0,0.0,0.0,0.0,5.0,12.0,1.0,12.17,5.01,2.51,1.49,0.0,0.0,0.0,0.5,0.0,-0.2,1.1,2.2,-169.70000000000002,0.0,0.0,169.70000000000002,0.0,21.200000000000003,29.200000000000003,29.200000000000003,29.700000000000003,300.0,300.0,31.6,35.6,29.1,28.3,30.200000000000003,4.95,1.99,4.97,0.16,0.0,0.0,1027.0,8228.0,0.0,0.0,0.0,0.0,0.0,1.0,0.0,0.0,0.0,0.0,0.0,3.0,0.0,-1.7000000000000002,0.0,0.0002,16.0,25903.0
2026-07-30T19:01:34.570Z,264.053,264.06600000000003,0.0,7.4,0.0,0.0,0.0,0.0,0.0,0.0,0.0,0.0,1.0,0.0,0.0,0.0,9.0,4.0,0.0,0.0,0.0,0.0,0.0,0.0,0.0,0.0,6.0,12.0,1.0,12.17,5.01,2.51,1.49,0.0,0.1,0.0,0.4,0.0,-0.2,-0.5,-1.2000000000000002,-169.70000000000002,0.0,0.0,169.60000000000002,0.0,21.700000000000003,29.200000000000003,29.200000000000003,29.700000000000003,300.0,300.0,31.5,35.6,29.1,28.3,30.200000000000003,4.96,1.99,4.96,0.16,0.0,0.0,1027.0,8228.0,0.0,0.0,0.0,0.0,0.0,1.0,0.0,0.0,0.0,0.0,0.0,-1.6,0.0,1.0,0.0,0.0,16.0,25903.0
2026-07-30T19:01:34.580Z,264.063,264.07800000000003,0.0,7.4,0.0,0.0,0.0,0.0,0.0,0.0,0.0,0.0,1.0,0.0,0.0,0.0,9.0,4.0,0.0,0.0,0.0,0.0,0.0,0.0,0.0,0.0,1.0,12.0,1.0,12.17,5.01,2.51,1.49,0.0,0.0,0.0,0.4,0.0,0.8,1.1,-0.1,-169.70000000000002,0.0,0.0,169.70000000000002,0.0,21.700000000000003,29.200000000000003,29.200000000000003,29.700000000000003,300.0,300.0,31.5,35.6,29.1,28.3,30.200000000000003,4.96,1.99,4.97,0.18,0.0,0.0,1027.0,8228.0,0.0,0.0,0.0,0.0,0.0,1.0,0.0,0.0,0.0,0.0,0.0,1.2000000000000002,0.0,0.3,0.0,0.0001,16.0,25903.0
2026-07-30T19:01:34.592Z,264.075,264.09000000000003,0.0,7.4,0.0,0.0,0.0,0.0,0.0,0.0,0.0,0.0,1.0,0.0,0.0,0.0,9.0,4.0,0.0,0.0,0.0,0.0,0.0,0.0,0.0,0.0,2.0,12.0,1.0,12.17,5.01,2.51,1.49,0.0,0.0,0.0,0.4,0.0,0.3,0.0,0.4,-169.70000000000002,0.0,0.0,169.70000000000002,0.0,21.700000000000003,29.200000000000003,29.200000000000003,29.700000000000003,300.0,300.0,31.5,35.6,29.1,28.3,30.200000000000003,4.95,1.99,4.97,0.16,0.0,0.0,1027.0,8228.0,0.0,0.0,0.0,0.0,0.0,1.0,0.0,0.0,0.0,0.0,0.0,0.3,0.0,-0.3,0.0,0.0001,16.0,25903.0
2026-07-30T19:01:34.605Z,264.088,264.10200000000003,0.0,7.4,0.0,0.0,0.0,0.0,0.0,0.0,0.0,0.0,1.0,0.0,0.0,0.0,9.0,4.0,0.0,0.0,0.0,0.0,0.0,0.0,0.0,0.0,3.0,12.0,1.0,12.17,5.01,2.51,1.49,0.0,0.1,0.0,0.4,0.0,0.9,0.6000000000000001,1.0,-169.70000000000002,0.0,0.0,169.70000000000002,0.0,21.700000000000003,29.200000000000003,29.200000000000003,29.700000000000003,300.0,300.0,31.5,35.6,29.1,28.3,30.200000000000003,4.96,1.99,4.97,0.16,0.0,0.0,1027.0,8228.0,0.0,0.0,0.0,0.0,0.0,1.0,0.0,0.0,0.0,0.0,0.0,1.4,0.0,-0.7000000000000001,0.0,0.0,16.0,25903.0
2026-07-30T19:01:34.617Z,264.1,264.11400000000003,0.0,7.4,0.0,0.0,0.0,0.0,0.0,0.0,0.0,0.0,1.0,0.0,0.0,0.0,9.0,4.0,0.0,0.0,0.0,0.0,0.0,0.0,0.0,0.0,4.0,12.0,1.0,12.17,5.01,2.51,1.49,0.0,0.0,0.0,0.4,0.0,-0.2,-0.5,1.5,-169.70000000000002,0.0,0.0,169.60000000000002,0.0,21.700000000000003,29.200000000000003,29.200000000000003,29.700000000000003,300.0,300.0,31.5,35.6,29.1,28.3,30.200000000000003,4.95,1.99,4.97,0.16,0.0,0.0,1027.0,8228.0,0.0,0.0,0.0,0.0,0.0,1.0,0.0,0.0,0.0,0.0,0.0,0.5,0.0,-1.4,0.0,0.0,16.0,25903.0
2026-07-30T19:01:34.629Z,264.112,264.12600000000003,0.0,7.4,0.0,0.0,0.0,0.0,0.0,0.0,0.0,0.0,1.0,0.0,0.0,0.0,9.0,4.0,0.0,0.0,0.0,0.0,0.0,0.0,0.0,0.0,5.0,12.0,1.0,12.17,5.01,2.51,1.49,0.0,0.0,0.0,0.4,0.0,0.8,1.2000000000000002,-1.3,-169.70000000000002,0.0,0.0,169.70000000000002,0.0,21.700000000000003,29.200000000000003,29.200000000000003,29.700000000000003,300.0,300.0,31.5,35.6,29.1,28.3,30.200000000000003,4.95,1.99,4.97,0.16,0.0,0.0,1027.0,8228.0,0.0,0.0,0.0,0.0,0.0,1.0,0.0,0.0,0.0,0.0,0.0,0.3,0.0,1.4,0.0,0.0001,16.0,25903.0
2026-07-30T19:01:34.641Z,264.124,264.13800000000003,0.0,7.4,0.0,0.0,0.0,0.0,0.0,0.0,0.0,0.0,1.0,0.0,0.0,0.0,9.0,4.0,0.0,0.0,0.0,0.0,0.0,0.0,0.0,0.0,6.0,12.0,1.0,12.17,5.01,2.51,1.49,0.0,0.0,0.0,0.4,0.0,-0.2,0.0,0.4,-169.70000000000002,0.0,0.0,169.8,0.0,21.700000000000003,29.200000000000003,29.200000000000003,29.700000000000003,300.0,300.0,31.5,35.6,29.1,28.3,30.200000000000003,4.95,1.99,4.97,0.16,0.0,0.0,1027.0,8228.0,0.0,0.0,0.0,0.0,0.0,1.0,0.0,0.0,0.0,0.0,0.0,0.4,0.0,-0.3,0.0,0.0002,16.0,25903.0
2026-07-30T19:01:34.653Z,264.136,264.15,0.0,7.4,0.0,0.0,0.0,0.0,0.0,0.0,0.0,0.0,1.0,0.0,0.0,0.0,9.0,4.0,0.0,0.0,0.0,0.0,0.0,0.0,0.0,0.0,1.0,12.0,1.0,12.17,5.01,2.51,1.49,0.0,0.0,0.0,0.4,0.0,-0.2,0.0,-0.1,-169.70000000000002,0.0,0.0,169.8,0.0,21.700000000000003,29.200000000000003,29.200000000000003,29.700000000000003,300.0,300.0,31.5,35.6,29.1,28.3,30.200000000000003,4.96,1.99,4.96,0.16,0.0,0.0,1027.0,8228.0,0.0,0.0,0.0,0.0,0.0,1.0,0.0,0.0,0.0,0.0,0.0,0.0,0.0,0.1,0.0,0.0,16.0,25903.0
2026-07-30T19:01:34.665Z,264.148,264.162,0.0,7.4,0.0,0.0,0.0,0.0,0.0,0.0,0.0,0.0,1.0,0.0,0.0,0.0,9.0,4.0,0.0,0.0,0.0,0.0,0.0,0.0,0.0,0.0,2.0,12.0,1.0,12.17,5.01,2.51,1.49,0.0,0.0,0.0,0.4,0.0,0.3,-0.4,-0.1,-169.70000000000002,0.0,0.0,169.8,0.0,21.700000000000003,29.200000000000003,29.200000000000003,29.700000000000003,300.0,300.0,31.5,35.6,29.1,28.3,30.200000000000003,4.95,1.99,4.97,0.16,0.0,0.0,1027.0,8228.0,0.0,0.0,0.0,0.0,0.0,1.0,0.0,0.0,0.0,0.0,0.0,-0.6000000000000001,0.0,0.0,0.0,0.0,16.0,25903.0
2026-07-30T19:01:34.680Z,264.163,264.174,0.0,7.4,0.0,0.0,0.0,0.0,0.0,0.0,0.0,0.0,1.0,0.0,0.0,0.0,9.0,4.0,0.0,0.0,0.0,0.0,0.0,0.0,0.0,0.0,3.0,12.0,1.0,12.14,5.0200000000000005,2.5,1.5,0.0,0.0,0.0,0.4,0.0,0.9,1.2000000000000002,1.0,-169.70000000000002,0.0,0.0,169.60000000000002,0.0,21.4,29.200000000000003,29.200000000000003,29.700000000000003,300.0,300.0,31.5,35.6,29.1,28.3,30.200000000000003,4.95,1.99,4.96,0.16,0.0,0.0,1027.0,8228.0,0.0,0.0,0.0,0.0,0.0,1.0,0.0,0.0,0.0,0.0,0.0,2.2,0.0,-0.6000000000000001,0.0,0.0,16.0,25903.0
2026-07-30T19:01:34.689Z,264.172,264.186,0.0,7.4,0.0,0.0,0.0,0.0,0.0,0.0,0.0,0.0,1.0,0.0,0.0,0.0,9.0,4.0,0.0,0.0,0.0,0.0,0.0,0.0,0.0,0.0,3.0,12.0,1.0,12.14,5.0200000000000005,2.5,1.5,0.0,0.1,0.0,0.4,0.0,0.4,1.2000000000000002,-0.1,-169.70000000000002,0.0,0.0,169.70000000000002,0.0,21.4,29.200000000000003,29.200000000000003,29.700000000000003,300.0,300.0,31.5,35.6,29.1,28.3,30.200000000000003,4.97,1.99,4.96,0.16,0.0,0.0,1027.0,8228.0,0.0,0.0,0.0,0.0,0.0,1.0,0.0,0.0,0.0,0.0,0.0,1.3,0.0,0.3,0.0,0.0002,16.0,25903.0
2026-07-30T19:01:34.701Z,264.184,264.198,0.0,7.4,0.0,0.0,0.0,0.0,0.0,0.0,0.0,0.0,1.0,0.0,0.0,0.0,9.0,4.0,0.0,0.0,0.0,0.0,0.0,0.0,0.0,0.0,3.0,12.0,1.0,12.14,5.0200000000000005,2.5,1.5,0.0,0.0,0.0,0.4,0.0,-0.1,-1.0,0.0,-169.70000000000002,0.0,0.0,169.60000000000002,0.0,21.4,29.200000000000003,29.200000000000003,29.700000000000003,300.0,300.0,31.5,35.6,29.1,28.3,30.200000000000003,4.95,1.99,4.97,0.16,0.0,0.0,1027.0,8228.0,0.0,0.0,0.0,0.0,0.0,1.0,0.0,0.0,0.0,0.0,0.0,-1.2000000000000002,0.0,-0.1,0.0,0.0001,16.0,25903.0
2026-07-30T19:01:34.713Z,264.196,264.21,0.0,7.4,0.0,0.0,0.0,0.0,0.0,0.0,0.0,0.0,1.0,0.0,0.0,0.0,9.0,4.0,0.0,0.0,0.0,0.0,0.0,0.0,0.0,0.0,4.0,12.0,1.0,12.14,5.0200000000000005,2.5,1.5,0.0,0.0,0.0,0.5,0.0,0.9,0.1,0.4,-169.70000000000002,0.0,0.0,169.70000000000002,0.0,21.4,29.200000000000003,29.200000000000003,29.700000000000003,300.0,300.0,31.5,35.6,29.1,28.3,30.200000000000003,4.96,1.99,4.97,0.16,0.0,0.0,1027.0,8228.0,0.0,0.0,0.0,0.0,0.0,1.0,0.0,0.0,0.0,0.0,0.0,0.5,0.0,-0.3,0.0,0.0001,16.0,25903.0
2026-07-30T19:01:34.725Z,264.208,264.222,0.0,7.4,0.0,0.0,0.0,0.0,0.0,0.0,0.0,0.0,1.0,0.0,0.0,0.0,9.0,4.0,0.0,0.0,0.0,0.0,0.0,0.0,0.0,0.0,5.0,12.0,1.0,12.14,5.0200000000000005,2.5,1.5,0.0,0.0,0.0,0.4,0.0,0.3,0.1,0.0,-169.70000000000002,0.0,0.0,169.70000000000002,0.0,21.4,29.200000000000003,29.200000000000003,29.700000000000003,300.0,300.0,31.5,35.6,29.1,28.3,30.200000000000003,4.96,1.99,4.96,0.16,0.0,0.0,1027.0,8228.0,0.0,0.0,0.0,0.0,0.0,1.0,0.0,0.0,0.0,0.0,0.0,0.1,0.0,0.1,0.0,0.0,16.0,25903.0
2026-07-30T19:01:34.737Z,264.22,264.234,0.0,7.4,0.0,0.0,0.0,0.0,0.0,0.0,0.0,0.0,1.0,0.0,0.0,0.0,9.0,4.0,0.0,0.0,0.0,0.0,0.0,0.0,0.0,0.0,6.0,12.0,1.0,12.14,5.0200000000000005,2.5,1.5,0.0,0.0,0.0,0.4,0.0,0.3,1.9,1.0,-169.70000000000002,0.0,0.0,169.8,0.0,21.4,29.200000000000003,29.200000000000003,29.700000000000003,300.0,300.0,31.5,35.6,29.1,28.3,30.200000000000003,4.96,1.99,4.96,0.16,0.0,0.0,1027.0,8228.0,0.0,0.0,0.0,0.0,0.0,1.0,0.0,0.0,0.0,0.0,0.0,3.0,0.0,-0.5,0.0,0.0,16.0,25903.0
2026-07-30T19:01:34.749Z,264.232,264.246,0.0,7.4,0.0,0.0,0.0,0.0,0.0,0.0,0.0,0.0,1.0,0.0,0.0,0.0,9.0,4.0,0.0,0.0,0.0,0.0,0.0,0.0,0.0,0.0,6.0,12.0,1.0,12.14,5.0200000000000005,2.5,1.5,0.0,0.0,0.0,0.4,0.0,1.0,0.1,0.0,-169.70000000000002,0.0,0.0,169.8,0.0,21.4,29.200000000000003,29.200000000000003,29.700000000000003,300.0,300.0,31.5,35.6,29.1,28.3,30.200000000000003,4.95,1.99,4.97,0.16,0.0,0.0,1027.0,8228.0,0.0,0.0,0.0,0.0,0.0,1.0,0.0,0.0,0.0,0.0,0.0,0.1,0.0,0.0,0.0,0.0,16.0,25903.0
2026-07-30T19:01:34.761Z,264.244,264.258,0.0,7.4,0.0,0.0,0.0,0.0,0.0,0.0,0.0,0.0,1.0,0.0,0.0,0.0,9.0,4.0,0.0,0.0,0.0,0.0,0.0,0.0,0.0,0.0,2.0,12.0,1.0,12.14,5.0200000000000005,2.5,1.5,0.0,0.0,0.0,0.4,0.0,0.4,0.1,1.1,-169.70000000000002,0.0,0.0,169.70000000000002,0.0,21.4,29.200000000000003,29.200000000000003,29.700000000000003,300.0,300.0,31.5,35.6,29.1,28.3,30.200000000000003,4.95,1.99,4.97,0.16,0.0,0.0,1027.0,8228.0,0.0,0.0,0.0,0.0,0.0,1.0,0.0,0.0,0.0,0.0,0.0,1.0,0.0,-0.9,0.0,0.0002,16.0,25903.0
2026-07-30T19:01:34.774Z,264.257,264.27,0.0,7.4,0.0,0.0,0.0,0.0,0.0,0.0,0.0,0.0,1.0,0.0,0.0,0.0,9.0,4.0,0.0,0.0,0.0,0.0,0.0,0.0,0.0,0.0,3.0,12.0,1.0,12.15,5.0200000000000005,2.51,1.49,0.0,0.0,0.0,0.4,0.0,0.4,0.1,-1.1,-169.70000000000002,0.0,0.0,169.70000000000002,0.0,21.700000000000003,29.200000000000003,29.200000000000003,29.700000000000003,300.0,300.0,31.5,35.6,29.1,28.3,30.200000000000003,4.95,1.99,4.97,0.16,0.0,0.0,1027.0,8228.0,0.0,0.0,0.0,0.0,0.0,1.0,0.0,0.0,0.0,0.0,0.0,-0.6000000000000001,0.0,1.0,0.0,0.0002,16.0,25903.0
2026-07-30T19:01:34.786Z,264.269,264.282,0.0,7.4,0.0,0.0,0.0,0.0,0.0,0.0,0.0,0.0,1.0,0.0,0.0,0.0,9.0,4.0,0.0,0.0,0.0,0.0,0.0,0.0,0.0,0.0,4.0,12.0,1.0,12.15,5.0200000000000005,2.51,1.49,0.0,0.0,0.0,0.4,0.0,0.0,0.8,-0.5,-169.70000000000002,0.0,0.0,169.70000000000002,0.0,21.700000000000003,29.200000000000003,29.200000000000003,29.700000000000003,300.0,300.0,31.5,35.6,29.1,28.3,30.200000000000003,4.96,1.99,4.97,0.16,0.0,0.0,1027.0,8228.0,0.0,0.0,0.0,0.0,0.0,1.0,0.0,0.0,0.0,0.0,0.0,0.5,0.0,0.6000000000000001,0.0,0.0001,16.0,25903.0
2026-07-30T19:01:34.796Z,264.279,264.294,0.0,7.4,0.0,0.0,0.0,0.0,0.0,0.0,0.0,0.0,1.0,0.0,0.0,0.0,9.0,4.0,0.0,0.0,0.0,0.0,0.0,0.0,0.0,0.0,5.0,12.0,1.0,12.15,5.0200000000000005,2.51,1.49,0.0,0.0,0.0,0.4,0.0,0.4,0.7000000000000001,1.7000000000000002,-169.70000000000002,0.0,0.0,169.8,0.0,21.700000000000003,29.200000000000003,29.200000000000003,29.700000000000003,300.0,300.0,31.5,35.6,29.1,28.3,30.200000000000003,4.95,1.99,4.97,0.16,0.0,0.0,1027.0,8228.0,0.0,0.0,0.0,0.0,0.0,1.0,0.0,0.0,0.0,0.0,0.0,2.1,0.0,-1.3,0.0,0.0,16.0,25903.0
2026-07-30T19:01:34.809Z,264.292,264.306,0.0,7.4,0.0,0.0,0.0,0.0,0.0,0.0,0.0,0.0,1.0,0.0,0.0,0.0,9.0,4.0,0.0,0.0,0.0,0.0,0.0,0.0,0.0,0.0,6.0,12.0,1.0,12.15,5.0200000000000005,2.51,1.49,0.0,0.0,0.0,0.4,0.0,-0.1,0.1,-0.6000000000000001,-169.70000000000002,0.0,0.0,169.8,0.0,21.700000000000003,29.200000000000003,29.200000000000003,29.700000000000003,300.0,300.0,31.5,35.6,29.1,28.3,30.200000000000003,4.96,1.99,4.96,0.16,0.0,0.0,1027.0,8228.0,0.0,0.0,0.0,0.0,0.0,1.0,0.0,0.0,0.0,0.0,0.0,-0.3,0.0,0.6000000000000001,0.0,0.0001,16.0,25903.0
2026-07-30T19:01:34.821Z,264.304,264.318,0.0,7.4,0.0,0.0,0.0,0.0,0.0,0.0,0.0,0.0,1.0,0.0,0.0,0.0,9.0,4.0,0.0,0.0,0.0,0.0,0.0,0.0,0.0,0.0,2.0,12.0,1.0,12.15,5.0200000000000005,2.51,1.49,0.0,0.0,0.0,0.4,0.0,0.4,0.7000000000000001,1.0,-169.70000000000002,0.0,0.0,169.70000000000002,0.0,21.700000000000003,29.200000000000003,29.200000000000003,29.700000000000003,300.0,300.0,31.5,35.6,29.1,28.3,30.200000000000003,4.96,1.99,4.97,0.16,0.0,0.0,1027.0,8228.0,0.0,0.0,0.0,0.0,0.0,1.0,0.0,0.0,0.0,0.0,0.0,1.6,0.0,-0.8,0.0,0.0001,16.0,25903.0
2026-07-30T19:01:34.832Z,264.315,264.33,0.0,7.4,0.0,0.0,0.0,0.0,0.0,0.0,0.0,0.0,1.0,0.0,0.0,0.0,9.0,4.0,0.0,0.0,0.0,0.0,0.0,0.0,0.0,0.0,3.0,12.0,1.0,12.15,5.0200000000000005,2.51,1.49,0.0,0.1,0.0,0.4,0.0,-0.7000000000000001,1.8,1.1,-169.70000000000002,0.0,0.0,169.8,0.0,21.700000000000003,29.200000000000003,29.200000000000003,29.700000000000003,300.0,300.0,31.5,35.6,29.1,28.3,30.200000000000003,4.95,1.99,4.97,0.16,0.0,0.0,1027.0,8228.0,0.0,0.0,0.0,0.0,0.0,1.0,0.0,0.0,0.0,0.0,0.0,0.0,0.0,0.0,0.0,0.0001,16.0,25903.0
2026-07-30T19:01:34.845Z,264.328,264.342,0.0,7.4,0.0,0.0,0.0,0.0,0.0,0.0,0.0,0.0,1.0,0.0,0.0,0.0,9.0,4.0,0.0,0.0,0.0,0.0,0.0,0.0,0.0,0.0,4.0,12.0,1.0,12.15,5.0200000000000005,2.51,1.49,0.0,0.0,0.0,0.4,0.0,-0.1,1.2000000000000002,-0.6000000000000001,-169.70000000000002,0.0,0.0,169.8,0.0,21.700000000000003,29.200000000000003,29.200000000000003,29.700000000000003,300.0,300.0,31.5,35.6,29.1,28.3,30.200000000000003,4.96,1.99,4.97,0.16,0.0,0.0,1027.0,8228.0,0.0,0.0,0.0,0.0,0.0,1.0,0.0,0.0,0.0,0.0,0.0,-1.2000000000000002,0.0,-0.1,0.0,0.0001,16.0,25903.0
2026-07-30T19:01:34.857Z,264.34,264.354,0.0,7.4,0.0,0.0,0.0,0.0,0.0,0.0,0.0,0.0,1.0,0.0,0.0,0.0,9.0,4.0,0.0,0.0,0.0,0.0,0.0,0.0,0.0,0.0,6.0,12.0,1.0,12.15,5.0200000000000005,2.51,1.49,0.0,0.0,0.0,0.5,0.0,-0.1,-0.4,1.1,-169.70000000000002,0.0,0.0,169.8,0.0,21.700000000000003,29.200000000000003,29.200000000000003,29.700000000000003,300.0,300.0,31.5,35.6,29.1,28.3,30.200000000000003,4.95,2.0,4.96,0.16,0.0,0.0,1027.0,8228.0,0.0,0.0,0.0,0.0,0.0,1.0,0.0,0.0,0.0,0.0,0.0,-0.8,0.0,-0.6000000000000001,0.0,0.0,16.0,25903.0
2026-07-30T19:01:34.869Z,264.352,264.366,0.0,7.4,0.0,0.0,0.0,0.0,0.0,0.0,0.0,0.0,1.0,0.0,0.0,0.0,9.0,4.0,0.0,0.0,0.0,0.0,0.0,0.0,0.0,0.0,6.0,12.0,1.0,12.15,5.0200000000000005,2.51,1.49,0.0,0.1,0.0,0.4,0.0,-0.1,0.0,1.1,-169.70000000000002,0.0,0.0,169.8,0.0,21.700000000000003,29.200000000000003,29.200000000000003,29.700000000000003,300.0,300.0,31.5,35.6,29.1,28.3,30.200000000000003,4.95,1.99,4.97,0.16,0.0,0.0,1027.0,8228.0,0.0,0.0,0.0,0.0,0.0,1.0,0.0,0.0,0.0,0.0,0.0,0.9,0.0,-0.9,0.0,0.0001,16.0,25903.0
2026-07-30T19:01:34.880Z,264.363,264.378,0.0,7.4,0.0,0.0,0.0,0.0,0.0,0.0,0.0,0.0,1.0,0.0,0.0,0.0,9.0,4.0,0.0,0.0,0.0,0.0,0.0,0.0,0.0,0.0,2.0,12.0,1.0,12.17,5.0200000000000005,2.51,1.49,0.0,0.0,0.0,0.4,0.0,0.4,0.6000000000000001,-0.6000000000000001,-169.70000000000002,0.0,0.0,169.8,0.0,21.0,29.200000000000003,29.200000000000003,29.700000000000003,300.0,300.0,31.5,35.6,29.1,28.3,30.200000000000003,4.95,2.0,4.97,0.17,0.0,0.0,1027.0,8228.0,0.0,0.0,0.0,0.0,0.0,1.0,0.0,0.0,0.0,0.0,0.0,0.2,0.0,0.6000000000000001,0.0,0.0,16.0,25903.0
2026-07-30T19:01:34.893Z,264.376,264.39,0.0,7.4,0.0,0.0,0.0,0.0,0.0,0.0,0.0,0.0,1.0,0.0,0.0,0.0,9.0,4.0,0.0,0.0,0.0,0.0,0.0,0.0,0.0,0.0,3.0,12.0,1.0,12.17,5.0200000000000005,2.51,1.49,0.0,0.0,0.0,0.4,0.0,-0.1,-1.1,0.0,-169.70000000000002,0.0,0.0,169.70000000000002,0.0,21.0,29.200000000000003,29.200000000000003,29.700000000000003,300.0,300.0,31.5,35.6,29.1,28.3,30.200000000000003,4.96,2.0,4.96,0.16,0.0,0.0,1027.0,8228.0,0.0,0.0,0.0,0.0,0.0,1.0,0.0,0.0,0.0,0.0,0.0,-1.2000000000000002,0.0,-0.2,0.0,0.0001,16.0,25903.0
2026-07-30T19:01:34.904Z,264.387,264.402,0.0,7.4,0.0,0.0,0.0,0.0,0.0,0.0,0.0,0.0,1.0,0.0,0.0,0.0,9.0,4.0,0.0,0.0,0.0,0.0,0.0,0.0,0.0,0.0,4.0,12.0,1.0,12.17,5.0200000000000005,2.51,1.49,0.0,0.0,0.0,0.4,0.0,-0.1,-0.5,0.0,-169.70000000000002,0.0,0.0,169.8,0.0,21.0,29.200000000000003,29.200000000000003,29.700000000000003,300.0,300.0,31.5,35.6,29.1,28.3,30.200000000000003,4.95,1.99,4.97,0.16,0.0,0.0,1027.0,8228.0,0.0,0.0,0.0,0.0,0.0,1.0,0.0,0.0,0.0,0.0,0.0,-0.6000000000000001,0.0,0.0,0.0,0.0002,16.0,25903.0
2026-07-30T19:01:34.917Z,264.4,264.414,0.0,7.4,0.0,0.0,0.0,0.0,0.0,0.0,0.0,0.0,1.0,0.0,0.0,0.0,9.0,4.0,0.0,0.0,0.0,0.0,0.0,0.0,0.0,0.0,5.0,12.0,1.0,12.17,5.0200000000000005,2.51,1.49,0.0,0.0,0.0,0.4,0.0,0.3,0.6000000000000001,-0.5,-169.70000000000002,0.0,0.0,169.70000000000002,0.0,21.0,29.200000000000003,29.200000000000003,29.700000000000003,300.0,300.0,31.5,35.6,29.1,28.3,30.200000000000003,4.95,1.99,4.97,0.16,0.0,0.0,1027.0,8228.0,0.0,0.0,0.0,0.0,0.0,1.0,0.0,0.0,0.0,0.0,0.0,0.3,0.0,0.6000000000000001,0.0,0.0001,16.0,25903.0
2026-07-30T19:01:34.928Z,264.411,264.426,0.0,7.4,0.0,0.0,0.0,0.0,0.0,0.0,0.0,0.0,1.0,0.0,0.0,0.0,9.0,4.0,0.0,0.0,0.0,0.0,0.0,0.0,0.0,0.0,1.0,12.0,1.0,12.17,5.0200000000000005,2.51,1.49,0.0,0.0,0.0,0.4,0.0,-0.1,0.0,0.5,-169.70000000000002,0.0,0.0,169.8,0.0,21.0,29.200000000000003,29.200000000000003,29.700000000000003,300.0,300.0,31.5,35.6,29.1,28.3,30.200000000000003,4.96,1.99,4.97,0.16,0.0,0.0,1027.0,8228.0,0.0,0.0,0.0,0.0,0.0,1.0,0.0,0.0,0.0,0.0,0.0,0.5,0.0,-0.4,0.0,0.0001,16.0,25903.0
2026-07-30T19:01:34.941Z,264.424,264.438,0.0,7.4,0.0,0.0,0.0,0.0,0.0,0.0,0.0,0.0,1.0,0.0,0.0,0.0,9.0,4.0,0.0,0.0,0.0,0.0,0.0,0.0,0.0,0.0,2.0,12.0,1.0,12.17,5.0200000000000005,2.51,1.49,0.0,0.0,0.0,0.4,0.0,-0.7000000000000001,-0.5,-1.2000000000000002,-169.70000000000002,0.0,0.0,169.70000000000002,0.0,21.0,29.200000000000003,29.200000000000003,29.700000000000003,300.0,300.0,31.5,35.6,29.1,28.3,30.200000000000003,4.96,1.99,4.96,0.16,0.0,0.0,1027.0,8228.0,0.0,0.0,0.0,0.0,0.0,1.0,0.0,0.0,0.0,0.0,0.0,-1.4,0.0,0.9,0.0,0.0001,16.0,25903.0
2026-07-30T19:01:34.952Z,264.435,264.45,0.0,7.4,0.0,0.0,0.0,0.0,0.0,0.0,0.0,0.0,1.0,0.0,0.0,0.0,9.0,4.0,0.0,0.0,0.0,0.0,0.0,0.0,0.0,0.0,4.0,12.0,1.0,12.17,5.0200000000000005,2.51,1.49,0.0,0.0,0.0,0.4,0.0,-0.2,0.0,0.0,-169.70000000000002,0.0,0.0,169.8,0.0,21.0,29.200000000000003,29.200000000000003,29.700000000000003,300.0,300.0,31.5,35.6,29.1,28.3,30.200000000000003,4.95,1.99,4.97,0.16,0.0,0.0,1027.0,8228.0,0.0,0.0,0.0,0.0,0.0,1.0,0.0,0.0,0.0,0.0,0.0,0.0,0.0,0.0,0.0,0.0,16.0,25903.0
2026-07-30T19:01:34.965Z,264.448,264.462,0.0,7.4,0.0,0.0,0.0,0.0,0.0,0.0,0.0,0.0,1.0,0.0,0.0,0.0,9.0,4.0,0.0,0.0,0.0,0.0,0.0,0.0,0.0,0.0,5.0,12.0,1.0,12.17,5.0200000000000005,2.51,1.49,0.0,0.0,0.0,0.4,0.0,-0.1,0.6000000000000001,0.5,-169.70000000000002,0.0,0.0,169.8,0.0,21.0,29.200000000000003,29.200000000000003,29.700000000000003,300.0,300.0,31.5,35.6,29.1,28.3,30.200000000000003,4.95,1.99,4.96,0.16,0.0,0.0,1027.0,8228.0,0.0,0.0,0.0,0.0,0.0,1.0,0.0,0.0,0.0,0.0,0.0,1.1,0.0,-0.3,0.0,0.0,16.0,25903.0
2026-07-30T19:01:34.977Z,264.46,264.474,0.0,7.4,0.0,0.0,0.0,0.0,0.0,0.0,0.0,0.0,1.0,0.0,0.0,0.0,9.0,4.0,0.0,0.0,0.0,0.0,0.0,0.0,0.0,0.0,1.0,12.0,1.0,12.18,5.01,2.5,1.49,0.0,0.0,0.0,0.4,0.0,0.3,0.0,0.4,-169.70000000000002,0.0,0.0,169.70000000000002,0.0,21.4,29.200000000000003,29.200000000000003,29.700000000000003,300.0,300.0,31.5,35.6,29.1,28.3,30.200000000000003,4.96,1.99,4.96,0.16,0.0,0.0,1027.0,8228.0,0.0,0.0,0.0,0.0,0.0,1.0,0.0,0.0,0.0,0.0,0.0,0.4,0.0,-0.4,0.0,0.0001,16.0,25903.0
2026-07-30T19:01:34.991Z,264.474,264.486,0.0,7.4,0.0,0.0,0.0,0.0,0.0,0.0,0.0,0.0,1.0,0.0,0.0,0.0,9.0,4.0,0.0,0.0,0.0,0.0,0.0,0.0,0.0,0.0,2.0,12.0,1.0,12.18,5.01,2.5,1.49,0.0,0.0,0.0,0.4,0.0,0.3,-1.1,0.4,-169.70000000000002,0.0,0.0,169.8,0.0,21.4,29.200000000000003,29.200000000000003,29.700000000000003,300.0,300.0,31.5,35.6,29.1,28.3,30.200000000000003,4.95,1.99,4.97,0.16,0.0,0.0,1027.0,8228.0,0.0,0.0,0.0,0.0,0.0,1.0,0.0,0.0,0.0,0.0,0.0,-0.9,0.0,-0.6000000000000001,0.0,0.0,16.0,25903.0
2026-07-30T19:01:35.001Z,264.484,264.498,0.0,7.4,0.0,0.0,0.0,0.0,0.0,0.0,0.0,0.0,1.0,0.0,0.0,0.0,9.0,4.0,0.0,0.0,0.0,0.0,0.0,0.0,0.0,0.0,2.0,12.0,1.0,12.18,5.01,2.5,1.49,0.0,0.0,0.0,0.4,0.0,-0.8,0.0,-0.7000000000000001,-169.70000000000002,0.0,0.0,169.70000000000002,0.0,21.4,29.200000000000003,29.200000000000003,29.700000000000003,300.0,300.0,31.5,35.6,29.1,28.3,30.200000000000003,4.96,1.99,4.97,0.16,0.0,0.0,1027.0,8228.0,0.0,0.0,0.0,0.0,0.0,1.0,0.0,0.0,0.0,0.0,0.0,-0.5,0.0,0.6000000000000001,0.0,0.0,16.0,25903.0
2026-07-30T19:01:35.013Z,264.496,264.51,0.0,7.4,0.0,0.0,0.0,0.0,0.0,0.0,0.0,0.0,1.0,0.0,0.0,0.0,9.0,4.0,0.0,0.0,0.0,0.0,0.0,0.0,0.0,0.0,2.0,12.0,1.0,12.18,5.01,2.5,1.49,0.0,0.0,0.0,0.4,0.0,-0.2,-0.5,0.3,-169.70000000000002,0.0,0.0,169.8,0.0,21.4,29.200000000000003,29.200000000000003,29.700000000000003,300.0,300.0,31.5,35.6,29.1,28.3,30.200000000000003,4.96,1.99,4.97,0.16,0.0,0.0,1027.0,8228.0,0.0,0.0,0.0,0.0,0.0,1.0,0.0,0.0,0.0,0.0,0.0,-0.3,0.0,-0.4,0.0,0.0002,16.0,25903.0
2026-07-30T19:01:35.024Z,264.507,264.522,0.0,7.4,0.0,0.0,0.0,0.0,0.0,0.0,0.0,0.0,1.0,0.0,0.0,0.0,9.0,4.0,0.0,0.0,0.0,0.0,0.0,0.0,0.0,0.0,3.0,12.0,1.0,12.18,5.01,2.5,1.49,0.0,0.0,0.0,0.5,0.0,-0.2,0.0,0.3,-169.70000000000002,0.0,0.0,169.8,0.0,21.4,29.200000000000003,29.200000000000003,29.700000000000003,300.0,300.0,31.5,35.6,29.1,28.3,30.200000000000003,4.95,1.99,4.97,0.16,0.0,0.0,1027.0,8228.0,0.0,0.0,0.0,0.0,0.0,1.0,0.0,0.0,0.0,0.0,0.0,0.3,0.0,-0.3,0.0,0.0002,16.0,25903.0
2026-07-30T19:01:35.038Z,264.521,264.534,0.0,7.4,0.0,0.0,0.0,0.0,0.0,0.0,0.0,0.0,1.0,0.0,0.0,0.0,9.0,4.0,0.0,0.0,0.0,0.0,0.0,0.0,0.0,0.0,4.0,12.0,1.0,12.18,5.01,2.5,1.49,0.0,0.1,0.0,0.5,0.0,-0.2,-0.5,0.4,-169.70000000000002,0.0,0.0,169.8,0.0,21.4,29.200000000000003,29.200000000000003,29.700000000000003,300.0,300.0,31.5,35.6,29.1,28.3,30.200000000000003,4.95,1.99,4.97,0.16,0.0,0.0,1027.0,8228.0,0.0,0.0,0.0,0.0,0.0,1.0,0.0,0.0,0.0,0.0,0.0,-0.2,0.0,-0.5,0.0,0.0001,16.0,25903.0
2026-07-30T19:01:35.049Z,264.532,264.546,0.0,7.4,0.0,0.0,0.0,0.0,0.0,0.0,0.0,0.0,1.0,0.0,0.0,0.0,9.0,4.0,0.0,0.0,0.0,0.0,0.0,0.0,0.0,0.0,5.0,12.0,1.0,12.18,5.01,2.5,1.49,0.0,0.0,0.0,0.4,0.0,-0.2,0.0,2.2,-169.70000000000002,0.0,0.0,169.8,0.0,21.4,29.200000000000003,29.200000000000003,29.700000000000003,300.0,300.0,31.5,35.6,29.1,28.3,30.200000000000003,4.96,2.0,4.96,0.16,0.0,0.0,1027.0,8228.0,0.0,0.0,0.0,0.0,0.0,1.0,0.0,0.0,0.0,0.0,0.0,1.6,0.0,-1.9,0.0,0.0,16.0,25903.0
2026-07-30T19:01:35.060Z,264.543,264.558,0.0,7.4,0.0,0.0,0.0,0.0,0.0,0.0,0.0,0.0,1.0,0.0,0.0,0.0,9.0,4.0,0.0,0.0,0.0,0.0,0.0,0.0,0.0,0.0,1.0,12.0,1.0,12.18,5.01,2.5,1.49,0.0,0.0,0.0,0.4,0.0,-0.2,-0.5,-0.1,-169.70000000000002,0.0,0.0,169.70000000000002,0.0,21.4,29.200000000000003,29.200000000000003,29.700000000000003,300.0,300.0,31.5,35.6,29.1,28.3,30.200000000000003,4.96,1.99,4.97,0.16,0.0,0.0,1027.0,8228.0,0.0,0.0,0.0,0.0,0.0,1.0,0.0,0.0,0.0,0.0,0.0,-0.7000000000000001,0.0,0.0,0.0,0.0,16.0,25903.0
2026-07-30T19:01:35.072Z,264.555,264.57,0.0,7.4,0.0,0.0,0.0,0.0,0.0,0.0,0.0,0.0,1.0,0.0,0.0,0.0,9.0,4.0,0.0,0.0,0.0,0.0,0.0,0.0,0.0,0.0,3.0,12.0,1.0,12.18,5.01,2.5,1.49,0.0,0.0,0.0,0.4,0.0,-0.2,-0.6000000000000001,0.4,-169.70000000000002,0.0,0.0,169.8,0.0,21.4,29.200000000000003,29.200000000000003,29.700000000000003,300.0,300.0,31.5,35.6,29.1,28.3,30.200000000000003,4.95,1.99,4.97,0.16,0.0,0.0,1027.0,8228.0,0.0,0.0,0.0,0.0,0.0,1.0,0.0,0.0,0.0,0.0,0.0,-0.3,0.0,-0.5,0.0,0.0002,16.0,25903.0
2026-07-30T19:01:35.084Z,264.567,264.582,0.0,7.4,0.0,0.0,0.0,0.0,0.0,0.0,0.0,0.0,1.0,0.0,0.0,0.0,9.0,4.0,0.0,0.0,0.0,0.0,0.0,0.0,0.0,0.0,4.0,12.0,1.0,12.18,5.01,2.5,1.49,0.0,0.1,0.0,0.4,0.0,-0.2,0.0,1.0,-169.70000000000002,0.0,0.0,169.8,0.0,21.3,29.200000000000003,29.200000000000003,29.700000000000003,300.0,300.0,31.5,35.6,29.1,28.3,30.200000000000003,4.96,1.99,4.96,0.16,0.0,0.0,1027.0,8228.0,0.0,0.0,0.0,0.0,0.0,1.0,0.0,0.0,0.0,0.0,0.0,0.7000000000000001,0.0,-0.9,0.0,0.0001,16.0,25903.0
2026-07-30T19:01:35.096Z,264.579,264.594,0.0,7.4,0.0,0.0,0.0,0.0,0.0,0.0,0.0,0.0,1.0,0.0,0.0,0.0,9.0,4.0,0.0,0.0,0.0,0.0,0.0,0.0,0.0,0.0,6.0,12.0,1.0,12.18,5.01,2.5,1.49,0.0,0.1,0.0,0.4,0.0,0.3,-0.5,-0.7000000000000001,-169.70000000000002,0.0,0.0,169.8,0.0,21.3,29.200000000000003,29.200000000000003,29.700000000000003,300.0,300.0,31.5,35.6,29.1,28.3,30.200000000000003,4.95,2.0,4.96,0.16,0.0,0.0,1027.0,8228.0,0.0,0.0,0.0,0.0,0.0,1.0,0.0,0.0,0.0,0.0,0.0,-1.1,0.0,0.5,0.0,0.0,16.0,25903.0
2026-07-30T19:01:35.108Z,264.591,264.606,0.0,7.4,0.0,0.0,0.0,0.0,0.0,0.0,0.0,0.0,1.0,0.0,0.0,0.0,9.0,4.0,0.0,0.0,0.0,0.0,0.0,0.0,0.0,0.0,1.0,12.0,1.0,12.18,5.01,2.5,1.49,0.0,0.0,0.0,0.4,0.0,0.3,0.0,0.4,-169.70000000000002,0.0,0.0,169.8,0.0,21.3,29.200000000000003,29.200000000000003,29.700000000000003,300.0,300.0,31.5,35.6,29.1,28.3,30.200000000000003,4.95,1.99,4.97,0.16,0.0,0.0,1027.0,8228.0,0.0,0.0,0.0,0.0,0.0,1.0,0.0,0.0,0.0,0.0,0.0,0.3,0.0,-0.3,0.0,0.0,16.0,25903.0
2026-07-30T19:01:35.121Z,264.604,264.618,0.0,7.4,0.0,0.0,0.0,0.0,0.0,0.0,0.0,0.0,1.0,0.0,0.0,0.0,9.0,4.0,0.0,0.0,0.0,0.0,0.0,0.0,0.0,0.0,2.0,12.0,1.0,12.18,5.01,2.5,1.49,0.0,0.0,0.0,0.4,0.0,0.3,-0.5,-1.3,-169.70000000000002,0.0,0.0,169.8,0.0,21.3,29.200000000000003,29.200000000000003,29.700000000000003,300.0,300.0,31.5,35.6,29.1,28.3,30.200000000000003,4.96,2.0,4.97,0.16,0.0,0.0,1027.0,8228.0,0.0,0.0,0.0,0.0,0.0,1.0,0.0,0.0,0.0,0.0,0.0,-1.6,0.0,1.0,0.0,0.0,16.0,25903.0
2026-07-30T19:01:35.132Z,264.615,264.63,0.0,7.4,0.0,0.0,0.0,0.0,0.0,0.0,0.0,0.0,1.0,0.0,0.0,0.0,9.0,4.0,0.0,0.0,0.0,0.0,0.0,0.0,0.0,0.0,4.0,12.0,1.0,12.18,5.01,2.5,1.49,0.0,0.0,0.0,0.4,0.0,0.3,-0.5,-1.2000000000000002,-169.70000000000002,0.0,0.0,169.8,0.0,21.3,29.200000000000003,29.200000000000003,29.700000000000003,300.0,300.0,31.5,35.6,29.1,28.3,30.200000000000003,4.96,2.0,4.96,0.15,0.0,0.0,1027.0,8228.0,0.0,0.0,0.0,0.0,0.0,1.0,0.0,0.0,0.0,0.0,0.0,-1.6,0.0,1.0,0.0,0.0,16.0,25903.0
2026-07-30T19:01:35.145Z,264.628,264.642,0.0,7.4,0.0,0.0,0.0,0.0,0.0,0.0,0.0,0.0,1.0,0.0,0.0,0.0,9.0,4.0,0.0,0.0,0.0,0.0,0.0,0.0,0.0,0.0,5.0,12.0,1.0,12.18,5.01,2.5,1.49,0.0,0.0,0.0,0.4,0.0,0.3,-1.1,0.4,-169.70000000000002,0.0,0.0,169.8,0.0,21.3,29.200000000000003,29.200000000000003,29.700000000000003,300.0,300.0,31.5,35.6,29.1,28.3,30.200000000000003,4.95,1.99,4.97,0.15,0.0,0.0,1027.0,8228.0,0.0,0.0,0.0,0.0,0.0,1.0,0.0,0.0,0.0,0.0,0.0,-0.9,0.0,-0.6000000000000001,0.0,0.0,16.0,25903.0
2026-07-30T19:01:35.156Z,264.639,264.654,0.0,7.4,0.0,0.0,0.0,0.0,0.0,0.0,0.0,0.0,1.0,0.0,0.0,0.0,9.0,4.0,0.0,0.0,0.0,0.0,0.0,0.0,0.0,0.0,1.0,12.0,1.0,12.18,5.01,2.5,1.49,0.0,0.0,0.0,0.4,0.0,0.3,1.8,-0.7000000000000001,-169.70000000000002,0.0,0.0,169.8,0.0,21.3,29.200000000000003,29.200000000000003,29.700000000000003,300.0,300.0,31.5,35.6,29.1,28.3,30.200000000000003,4.95,1.99,4.96,0.16,0.0,0.0,1027.0,8228.0,0.0,0.0,0.0,0.0,0.0,1.0,0.0,0.0,0.0,0.0,0.0,1.5,0.0,0.9,0.0,0.0,16.0,25903.0
2026-07-30T19:01:35.169Z,264.652,264.666,0.0,7.4,0.0,0.0,0.0,0.0,0.0,0.0,0.0,0.0,1.0,0.0,0.0,0.0,9.0,4.0,0.0,0.0,0.0,0.0,0.0,0.0,0.0,0.0,2.0,12.0,1.0,12.18,5.01,2.5,1.49,0.0,0.1,0.0,0.4,0.0,0.3,0.6000000000000001,1.6,-169.70000000000002,0.0,0.0,169.8,0.0,21.3,29.200000000000003,29.200000000000003,29.700000000000003,300.0,300.0,31.5,35.6,29.1,28.3,30.200000000000003,4.96,1.99,4.96,0.16,0.0,0.0,1027.0,8228.0,0.0,0.0,0.0,0.0,0.0,1.0,0.0,0.0,0.0,0.0,0.0,1.9,0.0,-1.2000000000000002,0.0,0.0,16.0,25903.0
2026-07-30T19:01:35.181Z,264.664,264.678,0.0,7.4,0.0,0.0,0.0,0.0,0.0,0.0,0.0,0.0,1.0,0.0,0.0,0.0,9.0,4.0,0.0,0.0,0.0,0.0,0.0,0.0,0.0,0.0,4.0,12.0,1.0,12.17,5.01,2.51,1.49,0.0,0.0,0.0,0.4,0.0,0.9,0.1,-1.3,-169.70000000000002,0.0,0.0,169.8,0.0,21.700000000000003,29.200000000000003,29.200000000000003,29.700000000000003,300.0,300.0,31.6,35.6,29.1,28.3,30.200000000000003,4.96,1.99,4.96,0.16,0.0,0.0,1027.0,8228.0,0.0,0.0,0.0,0.0,0.0,1.0,0.0,0.0,0.0,0.0,0.0,-0.8,0.0,1.1,0.0,0.0,16.0,25903.0
2026-07-30T19:01:35.193Z,264.676,264.69,0.0,7.4,0.0,0.0,0.0,0.0,0.0,0.0,0.0,0.0,1.0,0.0,0.0,0.0,9.0,4.0,0.0,0.0,0.0,0.0,0.0,0.0,0.0,0.0,5.0,12.0,1.0,12.17,5.01,2.51,1.49,0.0,0.0,0.0,0.4,0.0,0.3,0.1,-0.6000000000000001,-169.70000000000002,0.0,0.0,169.8,0.0,21.700000000000003,29.200000000000003,29.200000000000003,29.700000000000003,300.0,300.0,31.6,35.6,29.1,28.3,30.200000000000003,4.95,1.99,4.97,0.16,0.0,0.0,1027.0,8228.0,0.0,0.0,0.0,0.0,0.0,1.0,0.0,0.0,0.0,0.0,0.0,-0.3,0.0,0.6000000000000001,0.0,0.0,16.0,25903.0
2026-07-30T19:01:35.205Z,264.688,264.702,0.0,7.4,0.0,0.0,0.0,0.0,0.0,0.0,0.0,0.0,1.0,0.0,0.0,0.0,9.0,4.0,0.0,0.0,0.0,0.0,0.0,0.0,0.0,0.0,1.0,12.0,1.0,12.17,5.01,2.51,1.49,0.0,0.1,0.0,0.4,0.0,-0.2,0.7000000000000001,-0.1,-169.70000000000002,0.0,0.0,169.8,0.0,21.700000000000003,29.200000000000003,29.200000000000003,29.700000000000003,300.0,300.0,31.6,35.6,29.1,28.3,30.200000000000003,4.95,2.0,4.96,0.16,0.0,0.0,1027.0,8228.0,0.0,0.0,0.0,0.0,0.0,1.0,0.0,0.0,0.0,0.0,0.0,0.7000000000000001,0.0,0.2,0.0,0.0,16.0,25903.0
2026-07-30T19:01:35.216Z,264.699,264.714,0.0,7.4,0.0,0.0,0.0,0.0,0.0,0.0,0.0,0.0,1.0,0.0,0.0,0.0,9.0,4.0,0.0,0.0,0.0,0.0,0.0,0.0,0.0,0.0,1.0,12.0,1.0,12.17,5.01,2.51,1.49,0.0,0.0,0.0,0.4,0.0,-0.8,0.1,-0.7000000000000001,-169.70000000000002,0.0,0.0,169.8,0.0,21.700000000000003,29.200000000000003,29.200000000000003,29.700000000000003,300.0,300.0,31.6,35.6,29.1,28.3,30.200000000000003,4.96,1.99,4.96,0.16,0.0,0.0,1027.0,8228.0,0.0,0.0,0.0,0.0,0.0,1.0,0.0,0.0,0.0,0.0,0.0,-0.4,0.0,0.6000000000000001,0.0,0.0,16.0,25903.0
2026-07-30T19:01:35.228Z,264.711,264.726,0.0,7.4,0.0,0.0,0.0,0.0,0.0,0.0,0.0,0.0,1.0,0.0,0.0,0.0,9.0,4.0,0.0,0.0,0.0,0.0,0.0,0.0,0.0,0.0,2.0,12.0,1.0,12.17,5.01,2.51,1.49,0.0,0.0,0.0,0.4,0.0,-0.8,-0.4,2.1,-169.70000000000002,0.0,0.0,169.8,0.0,21.700000000000003,29.200000000000003,29.200000000000003,29.700000000000003,300.0,300.0,31.6,35.6,29.1,28.3,30.200000000000003,4.95,1.99,4.97,0.16,0.0,0.0,1027.0,8228.0,0.0,0.0,0.0,0.0,0.0,1.0,0.0,0.0,0.0,0.0,0.0,1.0,0.0,-2.0,0.0,0.0,16.0,25903.0
2026-07-30T19:01:35.240Z,264.723,264.738,0.0,7.4,0.0,0.0,0.0,0.0,0.0,0.0,0.0,0.0,1.0,0.0,0.0,0.0,9.0,4.0,0.0,0.0,0.0,0.0,0.0,0.0,0.0,0.0,3.0,12.0,1.0,12.17,5.01,2.51,1.49,0.0,0.0,0.0,0.4,0.0,0.2,-0.5,-0.1,-169.70000000000002,0.0,0.0,169.8,0.0,21.700000000000003,29.200000000000003,29.200000000000003,29.700000000000003,300.0,300.0,31.6,35.6,29.1,28.3,30.200000000000003,4.96,1.99,4.96,0.16,0.0,0.0,1027.0,8228.0,0.0,0.0,0.0,0.0,0.0,1.0,0.0,0.0,0.0,0.0,0.0,-0.7000000000000001,0.0,0.0,0.0,0.0,16.0,25903.0
2026-07-30T19:01:35.253Z,264.736,264.75,0.0,7.4,0.0,0.0,0.0,0.0,0.0,0.0,0.0,0.0,1.0,0.0,0.0,0.0,9.0,4.0,0.0,0.0,0.0,0.0,0.0,0.0,0.0,0.0,4.0,12.0,1.0,12.17,5.01,2.51,1.49,0.0,0.0,0.0,0.4,0.0,-0.8,0.0,-1.3,-169.70000000000002,0.0,0.0,169.8,0.0,21.700000000000003,29.200000000000003,29.200000000000003,29.700000000000003,300.0,300.0,31.6,35.6,29.1,28.3,30.200000000000003,4.96,2.0,4.96,0.16,0.0,0.0,1027.0,8228.0,0.0,0.0,0.0,0.0,0.0,1.0,0.0,0.0,0.0,0.0,0.0,-0.9,0.0,1.1,0.0,0.0,16.0,25903.0
2026-07-30T19:01:35.265Z,264.748,264.762,0.0,7.4,0.0,0.0,0.0,0.0,0.0,0.0,0.0,0.0,1.0,0.0,0.0,0.0,9.0,4.0,0.0,0.0,0.0,0.0,0.0,0.0,0.0,0.0,5.0,12.0,1.0,12.17,5.01,2.51,1.49,0.0,0.0,0.0,0.4,0.0,0.2,0.6000000000000001,-0.1,-169.70000000000002,0.0,0.0,169.70000000000002,0.0,21.700000000000003,29.200000000000003,29.200000000000003,29.700000000000003,300.0,300.0,31.6,35.6,29.1,28.3,30.200000000000003,4.95,1.99,4.96,0.16,0.0,0.0,1027.0,8228.0,0.0,0.0,0.0,0.0,0.0,1.0,0.0,0.0,0.0,0.0,0.0,0.5,0.0,0.2,0.0,0.0,16.0,25903.0
2026-07-30T19:01:35.276Z,264.759,264.774,0.0,7.4,0.0,0.0,0.0,0.0,0.0,0.0,0.0,0.0,1.0,0.0,0.0,0.0,9.0,4.0,0.0,0.0,0.0,0.0,0.0,0.0,0.0,0.0,6.0,12.0,1.0,12.17,5.01,2.51,1.49,0.0,0.0,0.0,0.4,0.0,-0.3,-1.1,-0.7000000000000001,-169.70000000000002,0.0,0.0,169.8,0.0,21.700000000000003,29.200000000000003,29.200000000000003,29.700000000000003,300.0,300.0,31.6,35.6,29.1,28.3,30.200000000000003,4.95,1.99,4.97,0.16,0.0,0.0,1027.0,8228.0,0.0,0.0,0.0,0.0,0.0,1.0,0.0,0.0,0.0,0.0,0.0,-1.8,0.0,0.4,0.0,0.0,16.0,25903.0
2026-07-30T19:01:35.288Z,264.771,264.786,0.0,7.4,0.0,0.0,0.0,0.0,0.0,0.0,0.0,0.0,1.0,0.0,0.0,0.0,9.0,4.0,0.0,0.0,0.0,0.0,0.0,0.0,0.0,0.0,1.0,12.0,1.0,12.15,5.0200000000000005,2.51,1.49,0.0,0.0,0.0,0.5,0.0,-0.3,0.0,0.9,-169.70000000000002,0.0,0.0,169.70000000000002,0.0,21.700000000000003,29.200000000000003,29.200000000000003,29.700000000000003,300.0,300.0,31.6,35.6,29.1,28.3,30.200000000000003,4.96,1.99,4.96,0.16,0.0,0.0,1027.0,8228.0,0.0,0.0,0.0,0.0,0.0,1.0,0.0,0.0,0.0,0.0,0.0,0.8,0.0,-0.8,0.0,0.0,16.0,25903.0
2026-07-30T19:01:35.300Z,264.783,264.798,0.0,7.4,0.0,0.0,0.0,0.0,0.0,0.0,0.0,0.0,1.0,0.0,0.0,0.0,9.0,4.0,0.0,0.0,0.0,0.0,0.0,0.0,0.0,0.0,2.0,12.0,1.0,12.15,5.0200000000000005,2.51,1.49,0.0,0.0,0.0,0.4,0.0,0.2,-0.5,0.4,-169.70000000000002,0.0,0.0,169.8,0.0,21.700000000000003,29.200000000000003,29.200000000000003,29.700000000000003,300.0,300.0,31.6,35.6,29.1,28.3,30.200000000000003,4.96,1.99,4.97,0.17,0.0,0.0,1027.0,8228.0,0.0,0.0,0.0,0.0,0.0,1.0,0.0,0.0,0.0,0.0,0.0,-0.2,0.0,-0.4,0.0,0.0,16.0,25903.0
2026-07-30T19:01:35.315Z,264.798,264.81,0.0,7.4,0.0,0.0,0.0,0.0,0.0,0.0,0.0,0.0,1.0,0.0,0.0,0.0,9.0,4.0,0.0,0.0,0.0,0.0,0.0,0.0,0.0,0.0,3.0,12.0,1.0,12.15,5.0200000000000005,2.51,1.49,0.0,0.0,0.0,0.4,0.0,-1.4,-0.4,-1.9,-169.70000000000002,0.0,0.0,169.8,0.0,21.700000000000003,29.200000000000003,29.200000000000003,29.700000000000003,300.0,300.0,31.6,35.6,29.1,28.3,30.200000000000003,4.95,1.99,4.97,0.16,0.0,0.0,1027.0,8228.0,0.0,0.0,0.0,0.0,0.0,1.0,0.0,0.0,0.0,0.0,0.0,-1.9,0.0,1.5,0.0,0.0001,16.0,25903.0
2026-07-30T19:01:35.325Z,264.808,264.822,0.0,7.4,0.0,0.0,0.0,0.0,0.0,0.0,0.0,0.0,1.0,0.0,0.0,0.0,9.0,4.0,0.0,0.0,0.0,0.0,0.0,0.0,0.0,0.0,2.0,12.0,1.0,12.15,5.0200000000000005,2.51,1.49,0.0,0.0,0.0,0.4,0.0,0.8,1.2000000000000002,1.0,-169.70000000000002,0.0,0.0,169.8,0.0,21.700000000000003,29.200000000000003,29.200000000000003,29.700000000000003,300.0,300.0,31.6,35.6,29.1,28.3,30.200000000000003,4.96,1.99,4.97,0.16,0.0,0.0,1027.0,8228.0,0.0,0.0,0.0,0.0,0.0,1.0,0.0,0.0,0.0,0.0,0.0,2.2,0.0,-0.6000000000000001,0.0,0.0,16.0,25903.0
2026-07-30T19:01:35.336Z,264.819,264.834,0.0,7.4,0.0,0.0,0.0,0.0,0.0,0.0,0.0,0.0,1.0,0.0,0.0,0.0,9.0,4.0,0.0,0.0,0.0,0.0,0.0,0.0,0.0,0.0,3.0,12.0,1.0,12.15,5.0200000000000005,2.51,1.49,0.0,0.0,0.0,0.4,0.0,0.8,-1.0,1.0,-169.70000000000002,0.0,0.0,169.8,0.0,21.700000000000003,29.200000000000003,29.200000000000003,29.700000000000003,300.0,300.0,31.6,35.6,29.1,28.3,30.200000000000003,4.95,2.0,4.97,0.16,0.0,0.0,1027.0,8228.0,0.0,0.0,0.0,0.0,0.0,1.0,0.0,0.0,0.0,0.0,0.0,-0.4,0.0,-1.1,0.0,0.0,16.0,25903.0
2026-07-30T19:01:35.348Z,264.831,264.846,0.0,7.4,0.0,0.0,0.0,0.0,0.0,0.0,0.0,0.0,1.0,0.0,0.0,0.0,9.0,4.0,0.0,0.0,0.0,0.0,0.0,0.0,0.0,0.0,4.0,12.0,1.0,12.15,5.0200000000000005,2.51,1.49,0.0,0.0,0.0,0.4,0.0,-0.2,1.8,0.4,-169.70000000000002,0.0,0.0,169.70000000000002,0.0,21.700000000000003,29.200000000000003,29.200000000000003,29.700000000000003,300.0,300.0,31.6,35.6,29.1,28.3,30.200000000000003,4.95,1.99,4.97,0.16,0.0,0.0,1027.0,8228.0,0.0,0.0,0.0,0.0,0.0,1.0,0.0,0.0,0.0,0.0,0.0,0.8,0.0,-0.8,0.0,0.0001,16.0,25903.0
2026-07-30T19:01:35.361Z,264.844,264.858,0.0,7.4,0.0,0.0,0.0,0.0,0.0,0.0,0.0,0.0,1.0,0.0,0.0,0.0,9.0,4.0,0.0,0.0,0.0,0.0,0.0,0.0,0.0,0.0,5.0,12.0,1.0,12.15,5.0200000000000005,2.51,1.49,0.0,0.0,0.0,0.4,0.0,-1.5,0.6000000000000001,-0.2,-169.70000000000002,0.0,0.0,169.8,0.0,21.700000000000003,29.200000000000003,29.200000000000003,29.700000000000003,300.0,300.0,31.6,35.6,29.1,28.3,30.200000000000003,4.95,1.99,4.97,0.16,0.0,0.0,1027.0,8228.0,0.0,0.0,0.0,0.0,0.0,1.0,0.0,0.0,0.0,0.0,0.0,-0.9,0.0,1.2000000000000002,0.0,0.0001,16.0,25903.0
2026-07-30T19:01:35.373Z,264.856,264.87,0.0,7.4,0.0,0.0,0.0,0.0,0.0,0.0,0.0,0.0,1.0,0.0,0.0,0.0,9.0,4.0,0.0,0.0,0.0,0.0,0.0,0.0,0.0,0.0,5.0,12.0,1.0,12.15,5.0200000000000005,2.51,1.49,0.0,0.1,0.0,0.4,0.0,0.2,-1.0,-0.7000000000000001,-169.70000000000002,0.0,0.0,169.8,0.0,21.700000000000003,29.200000000000003,29.200000000000003,29.700000000000003,300.0,300.0,31.6,35.6,29.1,28.3,30.200000000000003,4.96,1.99,4.96,0.15,0.0,0.0,1027.0,8228.0,0.0,0.0,0.0,0.0,0.0,1.0,0.0,0.0,0.0,0.0,0.0,-1.1,0.0,0.6000000000000001,0.0,0.0001,16.0,25903.0
2026-07-30T19:01:35.386Z,264.869,264.882,0.0,7.4,0.0,0.0,0.0,0.0,0.0,0.0,0.0,0.0,1.0,0.0,0.0,0.0,9.0,4.0,0.0,0.0,0.0,0.0,0.0,0.0,0.0,0.0,6.0,12.0,1.0,12.18,5.01,2.51,1.49,0.0,0.0,0.0,0.4,0.0,-0.3,0.7000000000000001,-0.7000000000000001,-169.70000000000002,0.0,0.0,169.8,0.0,21.4,29.200000000000003,29.200000000000003,29.700000000000003,300.0,300.0,31.6,35.7,29.1,28.3,30.200000000000003,4.95,1.99,4.97,0.15,0.0,0.0,1027.0,8228.0,0.0,0.0,0.0,0.0,0.0,1.0,0.0,0.0,0.0,0.0,0.0,0.2,0.0,0.8,0.0,0.0,16.0,25903.0
2026-07-30T19:01:35.397Z,264.88,264.894,0.0,7.4,0.0,0.0,0.0,0.0,0.0,0.0,0.0,0.0,1.0,0.0,0.0,0.0,9.0,4.0,0.0,0.0,0.0,0.0,0.0,0.0,0.0,0.0,1.0,12.0,1.0,12.18,5.01,2.51,1.49,0.0,0.0,0.0,0.4,0.0,0.2,0.7000000000000001,1.5,-169.70000000000002,0.0,0.0,169.8,0.0,21.4,29.200000000000003,29.200000000000003,29.700000000000003,300.0,300.0,31.6,35.7,29.1,28.3,30.200000000000003,4.95,1.99,4.97,0.16,0.0,0.0,1027.0,8228.0,0.0,0.0,0.0,0.0,0.0,1.0,0.0,0.0,0.0,0.0,0.0,2.0,0.0,-1.2000000000000002,0.0,0.0001,16.0,25903.0
2026-07-30T19:01:35.408Z,264.891,264.906,0.0,7.4,0.0,0.0,0.0,0.0,0.0,0.0,0.0,0.0,1.0,0.0,0.0,0.0,9.0,4.0,0.0,0.0,0.0,0.0,0.0,0.0,0.0,0.0,2.0,12.0,1.0,12.18,5.01,2.51,1.49,0.0,0.0,0.0,0.4,0.0,-0.3,0.1,0.4,-169.70000000000002,0.0,0.0,169.8,0.0,21.4,29.200000000000003,29.200000000000003,29.700000000000003,300.0,300.0,31.6,35.7,29.1,28.3,30.200000000000003,4.96,2.0,4.97,0.16,0.0,0.0,1027.0,8228.0,0.0,0.0,0.0,0.0,0.0,1.0,0.0,0.0,0.0,0.0,0.0,0.4,0.0,-0.3,0.0,0.0001,16.0,25903.0
2026-07-30T19:01:35.421Z,264.904,264.918,0.0,7.4,0.0,0.0,0.0,0.0,0.0,0.0,0.0,0.0,1.0,0.0,0.0,0.0,9.0,4.0,0.0,0.0,0.0,0.0,0.0,0.0,0.0,0.0,3.0,12.0,1.0,12.18,5.01,2.51,1.49,0.0,0.0,0.0,0.4,0.0,-0.3,-1.0,-0.1,-169.70000000000002,0.0,0.0,169.8,0.0,21.4,29.200000000000003,29.200000000000003,29.700000000000003,300.0,300.0,31.6,35.7,29.1,28.3,30.200000000000003,4.95,2.0,4.96,0.16,0.0,0.0,1027.0,8228.0,0.0,0.0,0.0,0.0,0.0,1.0,0.0,0.0,0.0,0.0,0.0,-1.3,0.0,0.0,0.0,0.0001,16.0,25903.0
2026-07-30T19:01:35.433Z,264.916,264.93,0.0,7.4,0.0,0.0,0.0,0.0,0.0,0.0,0.0,0.0,1.0,0.0,0.0,0.0,9.0,4.0,0.0,0.0,0.0,0.0,0.0,0.0,0.0,0.0,5.0,12.0,1.0,12.18,5.01,2.51,1.49,0.0,0.1,0.0,0.4,0.0,1.4,0.1,-0.7000000000000001,-169.70000000000002,0.0,0.0,169.8,0.0,21.4,29.200000000000003,29.200000000000003,29.700000000000003,300.0,300.0,31.6,35.7,29.1,28.3,30.200000000000003,4.95,1.99,4.97,0.16,0.0,0.0,1027.0,8228.0,0.0,0.0,0.0,0.0,0.0,1.0,0.0,0.0,0.0,0.0,0.0,-0.4,0.0,0.6000000000000001,0.0,0.0,16.0,25903.0
2026-07-30T19:01:35.445Z,264.928,264.942,0.0,7.4,0.0,0.0,0.0,0.0,0.0,0.0,0.0,0.0,1.0,0.0,0.0,0.0,9.0,4.0,0.0,0.0,0.0,0.0,0.0,0.0,0.0,0.0,6.0,12.0,1.0,12.18,5.01,2.51,1.49,0.0,0.0,0.0,0.4,0.0,-0.2,-0.4,-0.7000000000000001,-169.70000000000002,0.0,0.0,169.8,0.0,21.4,29.200000000000003,29.200000000000003,29.700000000000003,300.0,300.0,31.6,35.7,29.1,28.3,30.200000000000003,4.95,2.0,4.96,0.16,0.0,0.0,1027.0,8228.0,0.0,0.0,0.0,0.0,0.0,1.0,0.0,0.0,0.0,0.0,0.0,-1.0,0.0,0.5,0.0,0.0,16.0,25903.0
2026-07-30T19:01:35.456Z,264.939,264.954,0.0,7.4,0.0,0.0,0.0,0.0,0.0,0.0,0.0,0.0,1.0,0.0,0.0,0.0,9.0,4.0,0.0,0.0,0.0,0.0,0.0,0.0,0.0,0.0,1.0,12.0,1.0,12.18,5.01,2.51,1.49,0.0,0.0,0.0,0.4,0.0,-0.2,0.6000000000000001,-0.1,-169.70000000000002,0.0,0.0,169.70000000000002,0.0,21.4,29.200000000000003,29.200000000000003,29.700000000000003,300.0,300.0,31.6,35.7,29.1,28.3,30.200000000000003,4.96,1.99,4.96,0.16,0.0,0.0,1027.0,8228.0,0.0,0.0,0.0,0.0,0.0,1.0,0.0,0.0,0.0,0.0,0.0,0.6000000000000001,0.0,0.2,0.0,0.0,16.0,25903.0
2026-07-30T19:01:35.469Z,264.952,264.966,0.0,7.4,0.0,0.0,0.0,0.0,0.0,0.0,0.0,0.0,1.0,0.0,0.0,0.0,9.0,4.0,0.0,0.0,0.0,0.0,0.0,0.0,0.0,0.0,2.0,12.0,1.0,12.18,5.01,2.51,1.49,0.0,0.0,0.0,0.4,0.0,-0.2,-0.5,-0.1,-169.70000000000002,0.0,0.0,169.8,0.0,21.4,29.200000000000003,29.200000000000003,29.700000000000003,300.0,300.0,31.6,35.7,29.1,28.3,30.200000000000003,4.95,1.99,4.97,0.18,0.0,0.0,1027.0,8228.0,0.0,0.0,0.0,0.0,0.0,1.0,0.0,0.0,0.0,0.0,0.0,-0.7000000000000001,0.0,0.0,0.0,0.0001,16.0,25903.0
2026-07-30T19:01:35.480Z,264.963,264.978,0.0,7.4,0.0,0.0,0.0,0.0,0.0,0.0,0.0,0.0,1.0,0.0,0.0,0.0,9.0,4.0,0.0,0.0,0.0,0.0,0.0,0.0,0.0,0.0,3.0,12.0,1.0,12.18,5.01,2.51,1.49,0.0,0.0,0.0,0.4,0.0,0.9,0.0,1.5,-169.70000000000002,0.0,0.0,169.70000000000002,0.0,21.4,29.200000000000003,29.200000000000003,29.700000000000003,300.0,300.0,31.6,35.7,29.1,28.3,30.200000000000003,4.96,1.99,4.97,0.18,0.0,0.0,1027.0,8228.0,0.0,0.0,0.0,0.0,0.0,1.0,0.0,0.0,0.0,0.0,0.0,1.2000000000000002,0.0,-1.3,0.0,0.0001,16.0,25903.0
2026-07-30T19:01:35.493Z,264.976,264.99,0.0,7.4,0.0,0.0,0.0,0.0,0.0,0.0,0.0,0.0,1.0,0.0,0.0,0.0,9.0,4.0,0.0,0.0,0.0,0.0,0.0,0.0,0.0,0.0,4.0,12.0,1.0,12.18,5.0200000000000005,2.51,1.49,0.0,0.0,0.0,0.4,0.0,-0.8,-0.5,-0.1,-169.70000000000002,0.0,0.0,169.8,0.0,20.9,29.200000000000003,29.200000000000003,29.700000000000003,300.0,300.0,31.5,35.6,29.1,28.3,30.200000000000003,4.96,1.99,4.96,0.16,0.0,0.0,1027.0,8228.0,0.0,0.0,0.0,0.0,0.0,1.0,0.0,0.0,0.0,0.0,0.0,-0.7000000000000001,0.0,0.0,0.0,0.0001,16.0,25903.0
2026-07-30T19:01:35.505Z,264.988,265.002,0.0,7.4,0.0,0.0,0.0,0.0,0.0,0.0,0.0,0.0,1.0,0.0,0.0,0.0,9.0,4.0,0.0,0.0,0.0,0.0,0.0,0.0,0.0,0.0,5.0,12.0,1.0,12.18,5.0200000000000005,2.51,1.49,0.0,0.0,0.0,0.4,0.0,0.8,0.6000000000000001,1.0,-169.70000000000002,0.0,0.0,169.8,0.0,20.9,29.200000000000003,29.200000000000003,29.700000000000003,300.0,300.0,31.5,35.6,29.1,28.3,30.200000000000003,4.95,1.99,4.96,0.16,0.0,0.0,1027.0,8228.0,0.0,0.0,0.0,0.0,0.0,1.0,0.0,0.0,0.0,0.0,0.0,1.4,0.0,-0.7000000000000001,0.0,0.0001,16.0,25903.0
2026-07-30T19:01:35.516Z,264.999,265.014,0.0,7.4,0.0,0.0,0.0,0.0,0.0,0.0,0.0,0.0,1.0,0.0,0.0,0.0,9.0,4.0,0.0,0.0,0.0,0.0,0.0,0.0,0.0,0.0,6.0,12.0,1.0,12.18,5.0200000000000005,2.51,1.49,0.0,0.0,0.0,0.4,0.0,-0.3,-0.5,-0.6000000000000001,-169.70000000000002,0.0,0.0,169.8,0.0,20.9,29.200000000000003,29.200000000000003,29.700000000000003,300.0,300.0,31.5,35.6,29.1,28.3,30.200000000000003,4.95,1.99,4.97,0.16,0.0,0.0,1027.0,8228.0,0.0,0.0,0.0,0.0,0.0,1.0,0.0,0.0,0.0,0.0,0.0,-1.1,0.0,0.5,0.0,0.0001,16.0,25903.0
2026-07-30T19:01:35.529Z,265.012,265.026,0.0,7.4,0.0,0.0,0.0,0.0,0.0,0.0,0.0,0.0,1.0,0.0,0.0,0.0,9.0,4.0,0.0,0.0,0.0,0.0,0.0,0.0,0.0,0.0,1.0,12.0,1.0,12.18,5.0200000000000005,2.51,1.49,0.0,0.0,0.0,0.4,0.0,0.8,-0.5,0.4,-169.70000000000002,0.0,0.0,169.8,0.0,20.9,29.200000000000003,29.200000000000003,29.700000000000003,300.0,300.0,31.5,35.6,29.1,28.3,30.200000000000003,4.95,1.99,4.96,0.16,0.0,0.0,1027.0,8228.0,0.0,0.0,0.0,0.0,0.0,1.0,0.0,0.0,0.0,0.0,0.0,-0.2,0.0,-0.5,0.0,0.0,16.0,25903.0
2026-07-30T19:01:35.541Z,265.024,265.038,0.0,7.4,0.0,0.0,0.0,0.0,0.0,0.0,0.0,0.0,1.0,0.0,0.0,0.0,9.0,4.0,0.0,0.0,0.0,0.0,0.0,0.0,0.0,0.0,1.0,12.0,1.0,12.18,5.0200000000000005,2.51,1.49,0.0,0.0,0.0,0.4,0.0,-0.9,1.8,1.6,-169.70000000000002,0.0,0.0,169.8,0.0,20.9,29.200000000000003,29.200000000000003,29.700000000000003,300.0,300.0,31.5,35.6,29.1,28.3,30.200000000000003,4.95,1.99,4.97,0.16,0.0,0.0,1027.0,8228.0,0.0,0.0,0.0,0.0,0.0,1.0,0.0,0.0,0.0,0.0,0.0,3.2,0.0,-1.0,0.0,0.0,16.0,25903.0
2026-07-30T19:01:35.552Z,265.035,265.05,0.0,7.4,0.0,0.0,0.0,0.0,0.0,0.0,0.0,0.0,1.0,0.0,0.0,0.0,9.0,4.0,0.0,0.0,0.0,0.0,0.0,0.0,0.0,0.0,3.0,12.0,1.0,12.18,5.0200000000000005,2.51,1.49,0.0,0.0,0.0,0.4,0.0,0.2,0.6000000000000001,-0.7000000000000001,-169.70000000000002,0.0,0.0,169.8,0.0,20.9,29.200000000000003,29.200000000000003,29.700000000000003,300.0,300.0,31.5,35.6,29.1,28.3,30.200000000000003,4.95,1.99,4.97,0.16,0.0,0.0,1027.0,8228.0,0.0,0.0,0.0,0.0,0.0,1.0,0.0,0.0,0.0,0.0,0.0,0.1,0.0,0.7000000000000001,0.0,0.0001,16.0,25903.0
2026-07-30T19:01:35.564Z,265.047,265.062,0.0,7.4,0.0,0.0,0.0,0.0,0.0,0.0,0.0,0.0,1.0,0.0,0.0,0.0,9.0,4.0,0.0,0.0,0.0,0.0,0.0,0.0,0.0,0.0,4.0,12.0,1.0,12.18,5.0200000000000005,2.51,1.49,0.0,0.1,0.0,0.4,0.0,-1.5,-1.1,-0.7000000000000001,-169.70000000000002,0.0,0.0,169.70000000000002,0.0,20.9,29.200000000000003,29.200000000000003,29.700000000000003,300.0,300.0,31.5,35.6,29.1,28.3,30.200000000000003,4.96,1.99,4.96,0.16,0.0,0.0,1027.0,8228.0,0.0,0.0,0.0,0.0,0.0,1.0,0.0,0.0,0.0,0.0,0.0,-1.7000000000000002,0.0,0.4,0.0,0.0,16.0,25903.0
2026-07-30T19:01:35.577Z,265.06,265.074,0.0,7.4,0.0,0.0,0.0,0.0,0.0,0.0,0.0,0.0,1.0,0.0,0.0,0.0,9.0,4.0,0.0,0.0,0.0,0.0,0.0,0.0,0.0,0.0,5.0,12.0,1.0,12.18,5.0200000000000005,2.51,1.49,0.0,0.0,0.0,0.4,0.0,-0.3,0.0,0.4,-169.70000000000002,0.0,0.0,169.70000000000002,0.0,20.9,29.200000000000003,29.200000000000003,29.700000000000003,300.0,300.0,31.5,35.6,29.1,28.3,30.200000000000003,4.95,1.99,4.96,0.16,0.0,0.0,1027.0,8228.0,0.0,0.0,0.0,0.0,0.0,1.0,0.0,0.0,0.0,0.0,0.0,0.3,0.0,-0.3,0.0,0.0002,16.0,25903.0
2026-07-30T19:01:35.590Z,265.073,265.086,0.0,7.4,0.0,0.0,0.0,0.0,0.0,0.0,0.0,0.0,1.0,0.0,0.0,0.0,9.0,4.0,0.0,0.0,0.0,0.0,0.0,0.0,0.0,0.0,6.0,12.0,1.0,12.17,5.0200000000000005,2.51,1.49,0.0,0.0,0.0,0.4,0.0,0.2,0.0,-0.1,-169.70000000000002,0.0,0.0,169.70000000000002,0.0,21.4,29.200000000000003,29.200000000000003,29.700000000000003,300.0,300.0,31.6,35.6,29.1,28.3,30.200000000000003,4.95,1.99,4.97,0.16,0.0,0.0,1027.0,8228.0,0.0,0.0,0.0,0.0,0.0,1.0,0.0,0.0,0.0,0.0,0.0,0.0,0.0,0.1,0.0,0.0002,16.0,25903.0
2026-07-30T19:01:35.601Z,265.084,265.098,0.0,7.4,0.0,0.0,0.0,0.0,0.0,0.0,0.0,0.0,1.0,0.0,0.0,0.0,9.0,4.0,0.0,0.0,0.0,0.0,0.0,0.0,0.0,0.0,2.0,12.0,1.0,12.17,5.0200000000000005,2.51,1.49,0.0,0.0,0.0,0.4,0.0,-0.3,0.1,-0.6000000000000001,-169.70000000000002,0.0,0.0,169.8,0.0,21.4,29.200000000000003,29.200000000000003,29.700000000000003,300.0,300.0,31.6,35.6,29.1,28.3,30.200000000000003,4.96,1.99,4.97,0.16,0.0,0.0,1027.0,8228.0,0.0,0.0,0.0,0.0,0.0,1.0,0.0,0.0,0.0,0.0,0.0,-0.4,0.0,0.6000000000000001,0.0,0.0,16.0,25903.0
2026-07-30T19:01:35.613Z,265.096,265.11,0.0,7.4,0.0,0.0,0.0,0.0,0.0,0.0,0.0,0.0,1.0,0.0,0.0,0.0,9.0,4.0,0.0,0.0,0.0,0.0,0.0,0.0,0.0,0.0,3.0,12.0,1.0,12.17,5.0200000000000005,2.51,1.49,0.0,0.0,0.0,0.4,0.0,-0.3,-0.5,-0.1,-169.70000000000002,0.0,0.0,169.8,0.0,21.4,29.200000000000003,29.200000000000003,29.700000000000003,300.0,300.0,31.6,35.6,29.1,28.3,30.200000000000003,4.95,1.99,4.96,0.16,0.0,0.0,1027.0,8228.0,0.0,0.0,0.0,0.0,0.0,1.0,0.0,0.0,0.0,0.0,0.0,-0.6000000000000001,0.0,0.0,0.0,0.0002,16.0,25903.0
2026-07-30T19:01:35.628Z,265.111,265.122,0.0,7.4,0.0,0.0,0.0,0.0,0.0,0.0,0.0,0.0,1.0,0.0,0.0,0.0,9.0,4.0,0.0,0.0,0.0,0.0,0.0,0.0,0.0,0.0,3.0,12.0,1.0,12.17,5.0200000000000005,2.51,1.49,0.0,0.0,0.0,0.4,0.0,0.2,0.0,0.4,-169.70000000000002,0.0,0.0,169.8,0.0,21.4,29.200000000000003,29.200000000000003,29.700000000000003,300.0,300.0,31.6,35.6,29.1,28.3,30.200000000000003,4.95,2.0,4.97,0.16,0.0,0.0,1027.0,8228.0,0.0,0.0,0.0,0.0,0.0,1.0,0.0,0.0,0.0,0.0,0.0,0.4,0.0,-0.3,0.0,0.0001,16.0,25903.0
2026-07-30T19:01:35.637Z,265.12,265.134,0.0,7.4,0.0,0.0,0.0,0.0,0.0,0.0,0.0,0.0,1.0,0.0,0.0,0.0,9.0,4.0,0.0,0.0,0.0,0.0,0.0,0.0,0.0,0.0,2.0,12.0,1.0,12.17,5.0200000000000005,2.51,1.49,0.0,0.0,0.0,0.5,0.0,0.2,0.6000000000000001,-0.1,-169.70000000000002,0.0,0.0,169.8,0.0,21.4,29.200000000000003,29.200000000000003,29.700000000000003,300.0,300.0,31.6,35.6,29.1,28.3,30.200000000000003,4.95,1.99,4.96,0.16,0.0,0.0,1027.0,8228.0,0.0,0.0,0.0,0.0,0.0,1.0,0.0,0.0,0.0,0.0,0.0,0.6000000000000001,0.0,0.2,0.0,0.0,16.0,25903.0
2026-07-30T19:01:35.649Z,265.132,265.146,0.0,7.4,0.0,0.0,0.0,0.0,0.0,0.0,0.0,0.0,1.0,0.0,0.0,0.0,9.0,4.0,0.0,0.0,0.0,0.0,0.0,0.0,0.0,0.0,2.0,12.0,1.0,12.17,5.0200000000000005,2.51,1.49,0.0,0.0,0.0,0.5,0.0,0.8,0.6000000000000001,0.4,-169.70000000000002,0.0,0.0,169.70000000000002,0.0,21.4,29.200000000000003,29.200000000000003,29.700000000000003,300.0,300.0,31.6,35.6,29.1,28.3,30.200000000000003,4.96,1.99,4.96,0.16,0.0,0.0,1027.0,8228.0,0.0,0.0,0.0,0.0,0.0,1.0,0.0,0.0,0.0,0.0,0.0,1.1,0.0,-0.2,0.0,0.0001,16.0,25903.0
2026-07-30T19:01:35.661Z,265.144,265.158,0.0,7.4,0.0,0.0,0.0,0.0,0.0,0.0,0.0,0.0,1.0,0.0,0.0,0.0,9.0,4.0,0.0,0.0,0.0,0.0,0.0,0.0,0.0,0.0,3.0,12.0,1.0,12.17,5.0200000000000005,2.51,1.49,0.0,0.0,0.0,0.4,0.0,-0.9,1.2000000000000002,0.4,-169.70000000000002,0.0,0.0,169.8,0.0,21.4,29.200000000000003,29.200000000000003,29.700000000000003,300.0,300.0,31.6,35.6,29.1,28.3,30.200000000000003,4.95,1.99,4.96,0.16,0.0,0.0,1027.0,8228.0,0.0,0.0,0.0,0.0,0.0,1.0,0.0,0.0,0.0,0.0,0.0,1.7000000000000002,0.0,-0.1,0.0,0.0,16.0,25903.0
2026-07-30T19:01:35.672Z,265.155,265.17,0.0,7.4,0.0,0.0,0.0,0.0,0.0,0.0,0.0,0.0,1.0,0.0,0.0,0.0,9.0,4.0,0.0,0.0,0.0,0.0,0.0,0.0,0.0,0.0,4.0,12.0,1.0,12.17,5.0200000000000005,2.51,1.49,0.0,0.0,0.0,0.4,0.0,-0.3,-0.5,-1.2000000000000002,-169.70000000000002,0.0,0.0,169.70000000000002,0.0,21.4,29.200000000000003,29.200000000000003,29.700000000000003,300.0,300.0,31.6,35.6,29.1,28.3,30.200000000000003,4.95,1.99,4.97,0.16,0.0,0.0,1027.0,8228.0,0.0,0.0,0.0,0.0,0.0,1.0,0.0,0.0,0.0,0.0,0.0,-1.5,0.0,1.0,0.0,0.0001,16.0,25903.0
2026-07-30T19:01:35.685Z,265.168,265.182,0.0,7.4,0.0,0.0,0.0,0.0,0.0,0.0,0.0,0.0,1.0,0.0,0.0,0.0,9.0,4.0,0.0,0.0,0.0,0.0,0.0,0.0,0.0,0.0,5.0,12.0,1.0,12.17,5.0200000000000005,2.51,1.49,0.0,0.0,0.0,0.4,0.0,0.2,0.0,-0.1,-169.70000000000002,0.0,0.0,169.70000000000002,0.0,21.4,29.200000000000003,29.200000000000003,29.700000000000003,300.0,300.0,31.6,35.6,29.1,28.3,30.200000000000003,4.95,1.99,4.96,0.16,0.0,0.0,1027.0,8228.0,0.0,0.0,0.0,0.0,0.0,1.0,0.0,0.0,0.0,0.0,0.0,0.0,0.0,0.1,0.0,0.0001,16.0,25903.0
2026-07-30T19:01:35.696Z,265.179,265.194,0.0,7.4,0.0,0.0,0.0,0.0,0.0,0.0,0.0,0.0,1.0,0.0,0.0,0.0,9.0,4.0,0.0,0.0,0.0,0.0,0.0,0.0,0.0,0.0,6.0,12.0,1.0,12.18,5.01,2.51,1.49,0.0,0.0,0.0,0.4,0.0,0.8,0.6000000000000001,0.3,-169.70000000000002,0.0,0.0,169.60000000000002,0.0,21.700000000000003,29.200000000000003,29.200000000000003,29.700000000000003,300.0,300.0,31.6,35.7,29.1,28.3,30.200000000000003,4.96,1.99,4.96,0.16,0.0,0.0,1027.0,8228.0,0.0,0.0,0.0,0.0,0.0,1.0,0.0,0.0,0.0,0.0,0.0,1.0,0.0,-0.1,0.0,0.0001,16.0,25903.0
2026-07-30T19:01:35.709Z,265.192,265.206,0.0,7.4,0.0,0.0,0.0,0.0,0.0,0.0,0.0,0.0,1.0,0.0,0.0,0.0,9.0,4.0,0.0,0.0,0.0,0.0,0.0,0.0,0.0,0.0,6.0,12.0,1.0,12.18,5.01,2.51,1.49,0.0,0.0,0.0,0.4,0.0,0.3,0.1,0.4,-169.70000000000002,0.0,0.0,169.60000000000002,0.0,21.700000000000003,29.200000000000003,29.200000000000003,29.700000000000003,300.0,300.0,31.6,35.7,29.1,28.3,30.200000000000003,4.95,1.99,4.97,0.16,0.0,0.0,1027.0,8228.0,0.0,0.0,0.0,0.0,0.0,1.0,0.0,0.0,0.0,0.0,0.0,0.4,0.0,-0.3,0.0,0.0001,16.0,25903.0
2026-07-30T19:01:35.721Z,265.204,265.218,0.0,7.4,0.0,0.0,0.0,0.0,0.0,0.0,0.0,0.0,1.0,0.0,0.0,0.0,9.0,4.0,0.0,0.0,0.0,0.0,0.0,0.0,0.0,0.0,2.0,12.0,1.0,12.18,5.01,2.51,1.49,0.0,0.0,0.0,0.4,0.0,-0.8,-0.4,0.9,-169.70000000000002,0.0,0.0,169.60000000000002,0.0,21.700000000000003,29.200000000000003,29.200000000000003,29.700000000000003,300.0,300.0,31.6,35.7,29.1,28.3,30.200000000000003,4.96,1.99,4.96,0.16,0.0,0.0,1027.0,8228.0,0.0,0.0,0.0,0.0,0.0,1.0,0.0,0.0,0.0,0.0,0.0,0.2,0.0,-0.9,0.0,0.0,16.0,25903.0
2026-07-30T19:01:35.732Z,265.215,265.23,0.0,7.4,0.0,0.0,0.0,0.0,0.0,0.0,0.0,0.0,1.0,0.0,0.0,0.0,9.0,4.0,0.0,0.0,0.0,0.0,0.0,0.0,0.0,0.0,3.0,12.0,1.0,12.18,5.01,2.51,1.49,0.0,0.0,0.0,0.4,0.0,-0.2,1.2000000000000002,-0.7000000000000001,-169.70000000000002,0.0,0.0,169.70000000000002,0.0,21.700000000000003,29.200000000000003,29.200000000000003,29.700000000000003,300.0,300.0,31.6,35.7,29.1,28.3,30.200000000000003,4.96,2.0,4.96,0.16,0.0,0.0,1027.0,8228.0,0.0,0.0,0.0,0.0,0.0,1.0,0.0,0.0,0.0,0.0,0.0,0.8,0.0,0.9,0.0,0.0001,16.0,25903.0
2026-07-30T19:01:35.744Z,265.227,265.242,0.0,7.4,0.0,0.0,0.0,0.0,0.0,0.0,0.0,0.0,1.0,0.0,0.0,0.0,9.0,4.0,0.0,0.0,0.0,0.0,0.0,0.0,0.0,0.0,4.0,12.0,1.0,12.18,5.01,2.51,1.49,0.0,0.0,0.0,0.4,0.0,-0.8,-0.4,-1.9,-169.70000000000002,0.0,0.0,169.70000000000002,0.0,21.700000000000003,29.200000000000003,29.200000000000003,29.700000000000003,300.0,300.0,31.6,35.7,29.1,28.3,30.200000000000003,4.95,1.99,4.96,0.16,0.0,0.0,1027.0,8228.0,0.0,0.0,0.0,0.0,0.0,1.0,0.0,0.0,0.0,0.0,0.0,-1.9,0.0,1.6,0.0,0.0,16.0,25903.0
2026-07-30T19:01:35.757Z,265.24,265.254,0.0,7.4,0.0,0.0,0.0,0.0,0.0,0.0,0.0,0.0,1.0,0.0,0.0,0.0,9.0,4.0,0.0,0.0,0.0,0.0,0.0,0.0,0.0,0.0,5.0,12.0,1.0,12.18,5.01,2.51,1.49,0.0,0.0,0.0,0.4,0.0,0.3,0.1,1.5,-169.70000000000002,0.0,0.0,169.70000000000002,0.0,21.700000000000003,29.200000000000003,29.200000000000003,29.700000000000003,300.0,300.0,31.6,35.7,29.1,28.3,30.200000000000003,4.96,1.99,4.97,0.16,0.0,0.0,1027.0,8228.0,0.0,0.0,0.0,0.0,0.0,1.0,0.0,0.0,0.0,0.0,0.0,1.2000000000000002,0.0,-1.3,0.0,0.0001,16.0,25903.0
2026-07-30T19:01:35.768Z,265.251,265.266,0.0,7.4,0.0,0.0,0.0,0.0,0.0,0.0,0.0,0.0,1.0,0.0,0.0,0.0,9.0,4.0,0.0,0.0,0.0,0.0,0.0,0.0,0.0,0.0,1.0,12.0,1.0,12.18,5.01,2.51,1.49,0.0,0.0,0.0,0.4,0.0,0.3,-1.0,0.4,-169.70000000000002,0.0,0.0,169.60000000000002,0.0,21.700000000000003,29.200000000000003,29.200000000000003,29.700000000000003,300.0,300.0,31.6,35.7,29.1,28.3,30.200000000000003,4.96,1.99,4.96,0.16,0.0,0.0,1027.0,8228.0,0.0,0.0,0.0,0.0,0.0,1.0,0.0,0.0,0.0,0.0,0.0,-0.8,0.0,-0.5,0.0,0.0001,16.0,25903.0
2026-07-30T19:01:35.780Z,265.263,265.278,0.0,7.4,0.0,0.0,0.0,0.0,0.0,0.0,0.0,0.0,1.0,0.0,0.0,0.0,9.0,4.0,0.0,0.0,0.0,0.0,0.0,0.0,0.0,0.0,2.0,12.0,1.0,12.18,5.01,2.51,1.49,0.0,0.0,0.0,0.5,0.0,-1.3,-0.4,-0.7000000000000001,-169.70000000000002,0.0,0.0,169.70000000000002,0.0,21.700000000000003,29.200000000000003,29.200000000000003,29.700000000000003,300.0,300.0,31.6,35.7,29.1,28.3,30.200000000000003,4.96,1.99,4.97,0.16,0.0,0.0,1027.0,8228.0,0.0,0.0,0.0,0.0,0.0,1.0,0.0,0.0,0.0,0.0,0.0,-1.1,0.0,0.5,0.0,0.0001,16.0,25903.0
2026-07-30T19:01:35.794Z,265.277,265.29,0.0,7.4,0.0,0.0,0.0,0.0,0.0,0.0,0.0,0.0,1.0,0.0,0.0,0.0,9.0,4.0,0.0,0.0,0.0,0.0,0.0,0.0,0.0,0.0,3.0,12.0,1.0,12.18,5.0200000000000005,2.5,1.5,0.0,0.0,0.0,0.4,0.0,-0.2,0.6000000000000001,-0.2,-169.70000000000002,0.0,0.0,169.60000000000002,0.0,21.200000000000003,29.200000000000003,29.200000000000003,29.700000000000003,300.0,300.0,31.700000000000003,35.6,29.1,28.3,30.200000000000003,4.95,1.99,4.97,0.16,0.0,0.0,1027.0,8228.0,0.0,0.0,0.0,0.0,0.0,1.0,0.0,0.0,0.0,0.0,0.0,0.5,0.0,0.3,0.0,0.0002,16.0,25903.0
2026-07-30T19:01:35.805Z,265.288,265.302,0.0,7.4,0.0,0.0,0.0,0.0,0.0,0.0,0.0,0.0,1.0,0.0,0.0,0.0,9.0,4.0,0.0,0.0,0.0,0.0,0.0,0.0,0.0,0.0,3.0,12.0,1.0,12.18,5.0200000000000005,2.5,1.5,0.0,0.0,0.0,0.5,0.0,-0.8,-1.0,-0.1,-169.70000000000002,0.0,0.0,169.70000000000002,0.0,21.200000000000003,29.200000000000003,29.200000000000003,29.700000000000003,300.0,300.0,31.700000000000003,35.6,29.1,28.3,30.200000000000003,4.96,1.99,4.97,0.16,0.0,0.0,1027.0,8228.0,0.0,0.0,0.0,0.0,0.0,1.0,0.0,0.0,0.0,0.0,0.0,-1.3,0.0,0.0,0.0,0.0002,16.0,25903.0
2026-07-30T19:01:35.817Z,265.3,265.314,0.0,7.4,0.0,0.0,0.0,0.0,0.0,0.0,0.0,0.0,1.0,0.0,0.0,0.0,9.0,4.0,0.0,0.0,0.0,0.0,0.0,0.0,0.0,0.0,5.0,12.0,1.0,12.18,5.0200000000000005,2.5,1.5,0.0,0.0,0.0,0.4,0.0,0.3,-0.4,1.0,-169.70000000000002,0.0,0.0,169.8,0.0,21.200000000000003,29.200000000000003,29.200000000000003,29.700000000000003,300.0,300.0,31.700000000000003,35.6,29.1,28.3,30.200000000000003,4.95,2.0,4.96,0.16,0.0,0.0,1027.0,8228.0,0.0,0.0,0.0,0.0,0.0,1.0,0.0,0.0,0.0,0.0,0.0,0.1,0.0,-0.9,0.0,0.0,16.0,25903.0
2026-07-30T19:01:35.829Z,265.312,265.326,0.0,7.4,0.0,0.0,0.0,0.0,0.0,0.0,0.0,0.0,1.0,0.0,0.0,0.0,9.0,4.0,0.0,0.0,0.0,0.0,0.0,0.0,0.0,0.0,6.0,12.0,1.0,12.18,5.0200000000000005,2.5,1.5,0.0,0.0,0.0,0.4,0.0,-0.2,0.6000000000000001,-0.1,-169.70000000000002,0.0,0.0,169.8,0.0,21.200000000000003,29.200000000000003,29.200000000000003,29.700000000000003,300.0,300.0,31.700000000000003,35.6,29.1,28.3,30.200000000000003,4.95,1.99,4.97,0.16,0.0,0.0,1027.0,8228.0,0.0,0.0,0.0,0.0,0.0,1.0,0.0,0.0,0.0,0.0,0.0,0.6000000000000001,0.0,0.2,0.0,0.0001,16.0,25903.0
2026-07-30T19:01:35.841Z,265.324,265.338,0.0,7.4,0.0,0.0,0.0,0.0,0.0,0.0,0.0,0.0,1.0,0.0,0.0,0.0,9.0,4.0,0.0,0.0,0.0,0.0,0.0,0.0,0.0,0.0,1.0,12.0,1.0,12.18,5.0200000000000005,2.5,1.5,0.0,0.0,0.0,0.4,0.0,-0.8,-0.5,1.0,-169.70000000000002,0.0,0.0,169.70000000000002,0.0,21.200000000000003,29.200000000000003,29.200000000000003,29.700000000000003,300.0,300.0,31.700000000000003,35.6,29.1,28.3,30.200000000000003,4.95,1.99,4.97,0.16,0.0,0.0,1027.0,8228.0,0.0,0.0,0.0,0.0,0.0,1.0,0.0,0.0,0.0,0.0,0.0,0.1,0.0,-1.0,0.0,0.0,16.0,25903.0
2026-07-30T19:01:35.853Z,265.336,265.35,0.0,7.4,0.0,0.0,0.0,0.0,0.0,0.0,0.0,0.0,1.0,0.0,0.0,0.0,9.0,4.0,0.0,0.0,0.0,0.0,0.0,0.0,0.0,0.0,2.0,12.0,1.0,12.18,5.0200000000000005,2.5,1.5,0.0,0.0,0.0,0.4,0.0,0.9,0.0,-0.7000000000000001,-169.70000000000002,0.0,0.0,169.8,0.0,21.200000000000003,29.200000000000003,29.200000000000003,29.700000000000003,300.0,300.0,31.700000000000003,35.6,29.1,28.3,30.200000000000003,4.95,1.99,4.96,0.16,0.0,0.0,1027.0,8228.0,0.0,0.0,0.0,0.0,0.0,1.0,0.0,0.0,0.0,0.0,0.0,1.2000000000000002,0.0,-1.4,0.0,0.0001,16.0,25903.0
2026-07-30T19:01:35.865Z,265.348,265.362,0.0,7.4,0.0,0.0,0.0,0.0,0.0,0.0,0.0,0.0,1.0,0.0,0.0,0.0,9.0,4.0,0.0,0.0,0.0,0.0,0.0,0.0,0.0,0.0,4.0,12.0,1.0,12.18,5.0200000000000005,2.5,1.5,0.0,0.0,0.0,0.4,0.0,0.9,-0.5,0.4,-169.70000000000002,0.0,0.0,169.8,0.0,21.200000000000003,29.200000000000003,29.200000000000003,29.700000000000003,300.0,300.0,31.700000000000003,35.6,29.1,28.3,30.200000000000003,4.95,1.99,4.97,0.16,0.0,0.0,1027.0,8228.0,0.0,0.0,0.0,0.0,0.0,1.0,0.0,0.0,0.0,0.0,0.0,-1.5,0.0,1.0,0.0,0.0001,16.0,25903.0
2026-07-30T19:01:35.877Z,265.36,265.374,0.0,7.4,0.0,0.0,0.0,0.0,0.0,0.0,0.0,0.0,1.0,0.0,0.0,0.0,9.0,4.0,0.0,0.0,0.0,0.0,0.0,0.0,0.0,0.0,4.0,12.0,1.0,12.18,5.0200000000000005,2.5,1.5,0.0,0.0,0.0,0.4,0.0,0.9,1.1,0.9,-169.70000000000002,0.0,0.0,169.70000000000002,0.0,21.200000000000003,29.200000000000003,29.200000000000003,29.700000000000003,300.0,300.0,31.700000000000003,35.6,29.1,28.3,30.200000000000003,4.95,1.99,4.97,0.16,0.0,0.0,1027.0,8228.0,0.0,0.0,0.0,0.0,0.0,1.0,0.0,0.0,0.0,0.0,0.0,0.2,0.0,-0.3,0.0,0.0001,16.0,25903.0
2026-07-30T19:01:35.888Z,265.371,265.386,0.0,7.4,0.0,0.0,0.0,0.0,0.0,0.0,0.0,0.0,1.0,0.0,0.0,0.0,9.0,4.0,0.0,0.0,0.0,0.0,0.0,0.0,0.0,0.0,6.0,12.0,1.0,12.18,5.0200000000000005,2.5,1.5,0.0,0.0,0.0,0.4,0.0,0.3,1.1,-0.8,-169.70000000000002,0.0,0.0,169.8,0.0,21.200000000000003,29.200000000000003,29.200000000000003,29.700000000000003,300.0,300.0,31.700000000000003,35.6,29.1,28.3,30.200000000000003,4.95,2.0,4.97,0.16,0.0,0.0,1027.0,8228.0,0.0,0.0,0.0,0.0,0.0,1.0,0.0,0.0,0.0,0.0,0.0,0.2,0.0,-0.3,0.0,0.0002,16.0,25903.0
2026-07-30T19:01:35.901Z,265.384,265.398,0.0,7.4,0.0,0.0,0.0,0.0,0.0,0.0,0.0,0.0,1.0,0.0,0.0,0.0,9.0,4.0,0.0,0.0,0.0,0.0,0.0,0.0,0.0,0.0,1.0,12.0,1.0,12.15,5.01,2.5,1.49,0.0,0.0,0.0,0.4,0.0,0.3,0.5,0.9,-169.70000000000002,0.0,0.0,169.70000000000002,0.0,21.8,29.200000000000003,29.200000000000003,29.700000000000003,300.0,300.0,31.700000000000003,35.7,29.1,28.3,30.200000000000003,4.95,2.0,4.96,0.16,0.0,0.0,1027.0,8228.0,0.0,0.0,0.0,0.0,0.0,1.0,0.0,0.0,0.0,0.0,0.0,1.3,0.0,-0.6000000000000001,0.0,0.0002,16.0,25903.0
2026-07-30T19:01:35.913Z,265.396,265.41,0.0,7.4,0.0,0.0,0.0,0.0,0.0,0.0,0.0,0.0,1.0,0.0,0.0,0.0,9.0,4.0,0.0,0.0,0.0,0.0,0.0,0.0,0.0,0.0,2.0,12.0,1.0,12.15,5.01,2.5,1.49,0.0,0.0,0.0,0.5,0.0,0.9,-0.5,1.5,-169.70000000000002,0.0,0.0,169.70000000000002,0.0,21.8,29.200000000000003,29.200000000000003,29.700000000000003,300.0,300.0,31.700000000000003,35.7,29.1,28.3,30.200000000000003,4.95,1.99,4.97,0.16,0.0,0.0,1027.0,8228.0,0.0,0.0,0.0,0.0,0.0,1.0,0.0,0.0,0.0,0.0,0.0,0.4,0.0,-1.4,0.0,0.0002,16.0,25903.0
2026-07-30T19:01:35.924Z,265.407,265.422,0.0,7.4,0.0,0.0,0.0,0.0,0.0,0.0,0.0,0.0,1.0,0.0,0.0,0.0,9.0,4.0,0.0,0.0,0.0,0.0,0.0,0.0,0.0,0.0,3.0,12.0,1.0,12.15,5.01,2.5,1.49,0.0,0.0,0.0,0.4,0.0,-0.2,-0.5,-0.8,-169.70000000000002,0.0,0.0,169.70000000000002,0.0,21.8,29.200000000000003,29.200000000000003,29.700000000000003,300.0,300.0,31.700000000000003,35.7,29.1,28.3,30.200000000000003,4.95,1.99,4.96,0.16,0.0,0.0,1027.0,8228.0,0.0,0.0,0.0,0.0,0.0,1.0,0.0,0.0,0.0,0.0,0.0,-1.2000000000000002,0.0,0.5,0.0,0.0,16.0,25903.0
2026-07-30T19:01:35.936Z,265.419,265.434,0.0,7.4,0.0,0.0,0.0,0.0,0.0,0.0,0.0,0.0,1.0,0.0,0.0,0.0,9.0,4.0,0.0,0.0,0.0,0.0,0.0,0.0,0.0,0.0,4.0,12.0,1.0,12.15,5.01,2.5,1.49,0.0,0.0,0.0,0.4,0.0,-0.7000000000000001,-1.1,-1.3,-169.70000000000002,0.0,0.0,169.8,0.0,21.8,29.200000000000003,29.200000000000003,29.700000000000003,300.0,300.0,31.700000000000003,35.7,29.1,28.3,30.200000000000003,4.96,1.99,4.96,0.16,0.0,0.0,1027.0,8228.0,0.0,0.0,0.0,0.0,0.0,1.0,0.0,0.0,0.0,0.0,0.0,-2.2,0.0,0.9,0.0,0.0,16.0,25903.0
2026-07-30T19:01:35.949Z,265.432,265.446,0.0,7.4,0.0,0.0,0.0,0.0,0.0,0.0,0.0,0.0,1.0,0.0,0.0,0.0,9.0,4.0,0.0,0.0,0.0,0.0,0.0,0.0,0.0,0.0,5.0,12.0,1.0,12.15,5.01,2.5,1.49,0.0,0.0,0.0,0.4,0.0,-0.8,-0.5,0.3,-169.70000000000002,0.0,0.0,169.8,0.0,21.8,29.200000000000003,29.200000000000003,29.700000000000003,300.0,300.0,31.700000000000003,35.7,29.1,28.3,30.200000000000003,4.95,1.99,4.96,0.16,0.0,0.0,1027.0,8228.0,0.0,0.0,0.0,0.0,0.0,1.0,0.0,0.0,0.0,0.0,0.0,-0.3,0.0,-0.4,0.0,0.0002,16.0,25903.0
2026-07-30T19:01:35.960Z,265.443,265.458,0.0,7.4,0.0,0.0,0.0,0.0,0.0,0.0,0.0,0.0,1.0,0.0,0.0,0.0,9.0,4.0,0.0,0.0,0.0,0.0,0.0,0.0,0.0,0.0,5.0,12.0,1.0,12.15,5.01,2.5,1.49,0.0,0.0,0.0,0.4,0.0,-0.2,0.0,-0.1,-169.70000000000002,0.0,0.0,169.70000000000002,0.0,21.8,29.200000000000003,29.200000000000003,29.700000000000003,300.0,300.0,31.700000000000003,35.7,29.1,28.3,30.200000000000003,4.96,2.0,4.96,0.16,0.0,0.0,1027.0,8228.0,0.0,0.0,0.0,0.0,0.0,1.0,0.0,0.0,0.0,0.0,0.0,-0.1,0.0,0.1,0.0,0.0,16.0,25903.0
2026-07-30T19:01:35.973Z,265.456,265.47,0.0,7.4,0.0,0.0,0.0,0.0,0.0,0.0,0.0,0.0,1.0,0.0,0.0,0.0,9.0,4.0,0.0,0.0,0.0,0.0,0.0,0.0,0.0,0.0,6.0,12.0,1.0,12.15,5.01,2.5,1.49,0.0,0.1,0.0,0.4,0.0,-0.2,-0.5,0.4,-169.70000000000002,0.0,0.0,169.8,0.0,21.8,29.200000000000003,29.200000000000003,29.700000000000003,300.0,300.0,31.700000000000003,35.7,29.1,28.3,30.200000000000003,4.96,1.99,4.96,0.16,0.0,0.0,1027.0,8228.0,0.0,0.0,0.0,0.0,0.0,1.0,0.0,0.0,0.0,0.0,0.0,-0.2,0.0,-0.5,0.0,0.0,16.0,25903.0
2026-07-30T19:01:35.986Z,265.469,265.482,0.0,7.4,0.0,0.0,0.0,0.0,0.0,0.0,0.0,0.0,1.0,0.0,0.0,0.0,9.0,4.0,0.0,0.0,0.0,0.0,0.0,0.0,0.0,0.0,1.0,12.0,1.0,12.15,5.01,2.5,1.49,0.0,0.0,0.0,0.4,0.0,0.8,0.0,1.0,-169.70000000000002,0.0,0.0,169.8,0.0,21.8,29.200000000000003,29.200000000000003,29.700000000000003,300.0,300.0,31.700000000000003,35.7,29.1,28.3,30.200000000000003,4.95,1.99,4.96,0.16,0.0,0.0,1027.0,8228.0,0.0,0.0,0.0,0.0,0.0,1.0,0.0,0.0,0.0,0.0,0.0,0.8,0.0,-0.9,0.0,0.0,16.0,25903.0
2026-07-30T19:01:35.998Z,265.481,265.494,0.0,7.4,0.0,0.0,0.0,0.0,0.0,0.0,0.0,0.0,1.0,0.0,0.0,0.0,9.0,4.0,0.0,0.0,0.0,0.0,0.0,0.0,0.0,0.0,3.0,12.0,1.0,12.17,5.0200000000000005,2.51,1.5,0.0,0.0,0.0,0.4,0.0,0.8,-0.5,0.4,-169.70000000000002,0.0,0.0,169.70000000000002,0.0,21.3,29.200000000000003,29.200000000000003,29.700000000000003,300.0,300.0,31.6,35.7,29.1,28.3,30.200000000000003,4.96,1.99,4.97,0.16,0.0,0.0,1027.0,8228.0,0.0,0.0,0.0,0.0,0.0,1.0,0.0,0.0,0.0,0.0,0.0,-0.2,0.0,-0.5,0.0,0.0001,16.0,25903.0
2026-07-30T19:01:36.009Z,265.492,265.50600000000003,0.0,7.4,0.0,0.0,0.0,0.0,0.0,0.0,0.0,0.0,1.0,0.0,0.0,0.0,9.0,4.0,0.0,0.0,0.0,0.0,0.0,0.0,0.0,0.0,3.0,12.0,1.0,12.17,5.0200000000000005,2.51,1.5,0.0,0.0,0.0,0.5,0.0,-0.3,0.6000000000000001,-0.1,-169.70000000000002,0.0,0.0,169.60000000000002,0.0,21.3,29.200000000000003,29.200000000000003,29.700000000000003,300.0,300.0,31.6,35.7,29.1,28.3,30.200000000000003,4.96,1.99,4.96,0.16,0.0,0.0,1027.0,8228.0,0.0,0.0,0.0,0.0,0.0,1.0,0.0,0.0,0.0,0.0,0.0,0.6000000000000001,0.0,0.2,0.0,0.0001,16.0,25903.0
2026-07-30T19:01:36.020Z,265.503,265.51800000000003,0.0,7.4,0.0,0.0,0.0,0.0,0.0,0.0,0.0,0.0,1.0,0.0,0.0,0.0,9.0,4.0,0.0,0.0,0.0,0.0,0.0,0.0,0.0,0.0,4.0,12.0,1.0,12.17,5.0200000000000005,2.51,1.5,0.0,0.0,0.0,0.4,0.0,0.2,0.0,0.4,-169.70000000000002,0.0,0.0,169.70000000000002,0.0,21.3,29.200000000000003,29.200000000000003,29.700000000000003,300.0,300.0,31.6,35.7,29.1,28.3,30.200000000000003,4.96,1.99,4.97,0.16,0.0,0.0,1027.0,8228.0,0.0,0.0,0.0,0.0,0.0,1.0,0.0,0.0,0.0,0.0,0.0,0.3,0.0,-0.4,0.0,0.0001,16.0,25903.0
2026-07-30T19:01:36.033Z,265.516,265.53000000000003,0.0,7.4,0.0,0.0,0.0,0.0,0.0,0.0,0.0,0.0,1.0,0.0,0.0,0.0,9.0,4.0,0.0,0.0,0.0,0.0,0.0,0.0,0.0,0.0,5.0,12.0,1.0,12.17,5.0200000000000005,2.51,1.5,0.0,0.0,0.0,0.4,0.0,0.2,1.1,-0.1,-169.70000000000002,0.0,0.0,169.60000000000002,0.0,21.3,29.200000000000003,29.200000000000003,29.700000000000003,300.0,300.0,31.6,35.7,29.1,28.3,30.200000000000003,4.95,1.99,4.97,0.16,0.0,0.0,1027.0,8228.0,0.0,0.0,0.0,0.0,0.0,1.0,0.0,0.0,0.0,0.0,0.0,1.2000000000000002,0.0,0.3,0.0,0.0,16.0,25903.0
2026-07-30T19:01:36.045Z,265.528,265.54200000000003,0.0,7.4,0.0,0.0,0.0,0.0,0.0,0.0,0.0,0.0,1.0,0.0,0.0,0.0,9.0,4.0,0.0,0.0,0.0,0.0,0.0,0.0,0.0,0.0,6.0,12.0,1.0,12.17,5.0200000000000005,2.51,1.5,0.0,0.0,0.0,0.4,0.0,-0.2,0.5,0.0,-169.70000000000002,0.0,0.0,169.70000000000002,0.0,21.3,29.200000000000003,29.200000000000003,29.700000000000003,300.0,300.0,31.6,35.7,29.1,28.3,30.200000000000003,4.96,1.99,4.96,0.16,0.0,0.0,1027.0,8228.0,0.0,0.0,0.0,0.0,0.0,1.0,0.0,0.0,0.0,0.0,0.0,0.6000000000000001,0.0,0.1,0.0,0.0001,16.0,25903.0
2026-07-30T19:01:36.057Z,265.54,265.55400000000003,0.0,7.4,0.0,0.0,0.0,0.0,0.0,0.0,0.0,0.0,1.0,0.0,0.0,0.0,9.0,4.0,0.0,0.0,0.0,0.0,0.0,0.0,0.0,0.0,1.0,12.0,1.0,12.17,5.0200000000000005,2.51,1.5,0.0,0.0,0.0,0.4,0.0,0.2,0.0,0.4,-169.70000000000002,0.0,0.0,169.60000000000002,0.0,21.3,29.200000000000003,29.200000000000003,29.700000000000003,300.0,300.0,31.6,35.7,29.1,28.3,30.200000000000003,4.95,1.99,4.96,0.16,0.0,0.0,1027.0,8228.0,0.0,0.0,0.0,0.0,0.0,1.0,0.0,0.0,0.0,0.0,0.0,0.3,0.0,-0.4,0.0,0.0001,16.0,25903.0
2026-07-30T19:01:36.069Z,265.552,265.56600000000003,0.0,7.4,0.0,0.0,0.0,0.0,0.0,0.0,0.0,0.0,1.0,0.0,0.0,0.0,9.0,4.0,0.0,0.0,0.0,0.0,0.0,0.0,0.0,0.0,2.0,12.0,1.0,12.17,5.0200000000000005,2.51,1.5,0.0,0.0,0.0,0.5,0.0,-0.3,0.5,1.6,-169.70000000000002,0.0,0.0,169.70000000000002,0.0,21.3,29.200000000000003,29.200000000000003,29.700000000000003,300.0,300.0,31.6,35.7,29.1,28.3,30.200000000000003,4.95,1.99,4.97,0.16,0.0,0.0,1027.0,8228.0,0.0,0.0,0.0,0.0,0.0,1.0,0.0,0.0,0.0,0.0,0.0,1.8,0.0,-1.3,0.0,0.0001,16.0,25903.0
2026-07-30T19:01:36.080Z,265.563,265.57800000000003,0.0,7.4,0.0,0.0,0.0,0.0,0.0,0.0,0.0,0.0,1.0,0.0,0.0,0.0,9.0,4.0,0.0,0.0,0.0,0.0,0.0,0.0,0.0,0.0,3.0,12.0,1.0,12.17,5.0200000000000005,2.51,1.5,0.0,0.0,0.0,0.4,0.0,-0.3,0.5,-0.7000000000000001,-169.70000000000002,0.0,0.0,169.70000000000002,0.0,21.3,29.200000000000003,29.200000000000003,29.700000000000003,300.0,300.0,31.6,35.7,29.1,28.3,30.200000000000003,4.95,1.99,4.97,0.16,0.0,0.0,1027.0,8228.0,0.0,0.0,0.0,0.0,0.0,1.0,0.0,0.0,0.0,0.0,0.0,0.0,0.0,0.7000000000000001,0.0,0.0,16.0,25903.0
2026-07-30T19:01:36.092Z,265.575,265.59000000000003,0.0,7.4,0.0,0.0,0.0,0.0,0.0,0.0,0.0,0.0,1.0,0.0,0.0,0.0,9.0,4.0,0.0,0.0,0.0,0.0,0.0,0.0,0.0,0.0,4.0,12.0,1.0,12.17,5.0200000000000005,2.51,1.5,0.0,0.0,0.0,0.4,0.0,0.2,-0.6000000000000001,-1.2000000000000002,-169.70000000000002,0.0,0.0,169.60000000000002,0.0,21.3,29.200000000000003,29.200000000000003,29.700000000000003,300.0,300.0,31.6,35.7,29.1,28.3,30.200000000000003,4.96,1.99,4.97,0.15,0.0,0.0,1027.0,8228.0,0.0,0.0,0.0,0.0,0.0,1.0,0.0,0.0,0.0,0.0,0.0,-1.7000000000000002,0.0,0.9,0.0,0.0001,16.0,25903.0
2026-07-30T19:01:36.105Z,265.588,265.60200000000003,0.0,7.4,0.0,0.0,0.0,0.0,0.0,0.0,0.0,0.0,1.0,0.0,0.0,0.0,9.0,4.0,0.0,0.0,0.0,0.0,0.0,0.0,0.0,0.0,5.0,12.0,1.0,12.18,5.0200000000000005,2.51,1.49,0.0,0.0,0.0,0.4,0.0,-0.3,-0.6000000000000001,-0.1,-169.70000000000002,0.0,0.0,169.8,0.0,21.4,29.200000000000003,29.200000000000003,29.700000000000003,300.0,300.0,31.6,35.6,29.1,28.3,30.200000000000003,4.95,1.99,4.97,0.15,0.0,0.0,1027.0,8228.0,0.0,0.0,0.0,0.0,0.0,1.0,0.0,0.0,0.0,0.0,0.0,-0.8,0.0,0.0,0.0,0.0,16.0,25903.0
2026-07-30T19:01:36.117Z,265.6,265.61400000000003,0.0,7.4,0.0,0.0,0.0,0.0,0.0,0.0,0.0,0.0,1.0,0.0,0.0,0.0,9.0,4.0,0.0,0.0,0.0,0.0,0.0,0.0,0.0,0.0,1.0,12.0,1.0,12.18,5.0200000000000005,2.51,1.49,0.0,0.0,0.0,0.4,0.0,-0.2,-0.6000000000000001,0.0,-169.70000000000002,0.0,0.0,169.8,0.0,21.4,29.200000000000003,29.200000000000003,29.700000000000003,300.0,300.0,31.6,35.6,29.1,28.3,30.200000000000003,4.95,1.99,4.96,0.16,0.0,0.0,1027.0,8228.0,0.0,0.0,0.0,0.0,0.0,1.0,0.0,0.0,0.0,0.0,0.0,-0.8,0.0,0.0,0.0,0.0002,16.0,25903.0
2026-07-30T19:01:36.128Z,265.611,265.62600000000003,0.0,7.4,0.0,0.0,0.0,0.0,0.0,0.0,0.0,0.0,1.0,0.0,0.0,0.0,9.0,4.0,0.0,0.0,0.0,0.0,0.0,0.0,0.0,0.0,2.0,12.0,1.0,12.18,5.0200000000000005,2.51,1.49,0.0,0.0,0.0,0.4,0.0,-0.2,1.1,1.1,-169.70000000000002,0.0,0.0,169.70000000000002,0.0,21.4,29.200000000000003,29.200000000000003,29.700000000000003,300.0,300.0,31.6,35.6,29.1,28.3,30.200000000000003,4.96,1.99,4.96,0.16,0.0,0.0,1027.0,8228.0,0.0,0.0,0.0,0.0,0.0,1.0,0.0,0.0,0.0,0.0,0.0,2.1,0.0,-0.7000000000000001,0.0,0.0,16.0,25903.0
2026-07-30T19:01:36.140Z,265.623,265.63800000000003,0.0,7.4,0.0,0.0,0.0,0.0,0.0,0.0,0.0,0.0,1.0,0.0,0.0,0.0,9.0,4.0,0.0,0.0,0.0,0.0,0.0,0.0,0.0,0.0,3.0,12.0,1.0,12.18,5.0200000000000005,2.51,1.49,0.0,0.0,0.0,0.4,0.0,0.2,-0.5,-0.6000000000000001,-169.70000000000002,0.0,0.0,169.8,0.0,21.4,29.200000000000003,29.200000000000003,29.700000000000003,300.0,300.0,31.6,35.6,29.1,28.3,30.200000000000003,4.95,1.99,4.96,0.16,0.0,0.0,1027.0,8228.0,0.0,0.0,0.0,0.0,0.0,1.0,0.0,0.0,0.0,0.0,0.0,-1.1,0.0,0.4,0.0,0.0001,16.0,25903.0
2026-07-30T19:01:36.153Z,265.636,265.65,0.0,7.4,0.0,0.0,0.0,0.0,0.0,0.0,0.0,0.0,1.0,0.0,0.0,0.0,9.0,4.0,0.0,0.0,0.0,0.0,0.0,0.0,0.0,0.0,4.0,12.0,1.0,12.18,5.0200000000000005,2.51,1.49,0.0,0.0,0.0,0.4,0.0,0.8,0.5,0.5,-169.70000000000002,0.0,0.0,169.60000000000002,0.0,21.4,29.200000000000003,29.200000000000003,29.700000000000003,300.0,300.0,31.6,35.6,29.1,28.3,30.200000000000003,4.96,1.99,4.97,0.16,0.0,0.0,1027.0,8228.0,0.0,0.0,0.0,0.0,0.0,1.0,0.0,0.0,0.0,0.0,0.0,1.0,0.0,-0.3,0.0,0.0001,16.0,25903.0
2026-07-30T19:01:36.165Z,265.648,265.662,0.0,7.4,0.0,0.0,0.0,0.0,0.0,0.0,0.0,0.0,1.0,0.0,0.0,0.0,9.0,4.0,0.0,0.0,0.0,0.0,0.0,0.0,0.0,0.0,5.0,12.0,1.0,12.18,5.0200000000000005,2.51,1.49,0.0,0.0,0.0,0.4,0.0,0.8,0.0,0.0,-169.70000000000002,0.0,0.0,169.60000000000002,0.0,21.4,29.200000000000003,29.200000000000003,29.700000000000003,300.0,300.0,31.6,35.6,29.1,28.3,30.200000000000003,4.96,1.99,4.97,0.16,0.0,0.0,1027.0,8228.0,0.0,0.0,0.0,0.0,0.0,1.0,0.0,0.0,0.0,0.0,0.0,0.0,0.0,0.0,0.0,0.0001,16.0,25903.0
2026-07-30T19:01:36.176Z,265.659,265.674,0.0,7.4,0.0,0.0,0.0,0.0,0.0,0.0,0.0,0.0,1.0,0.0,0.0,0.0,9.0,4.0,0.0,0.0,0.0,0.0,0.0,0.0,0.0,0.0,1.0,12.0,1.0,12.18,5.0200000000000005,2.51,1.49,0.0,0.0,0.0,0.4,0.0,1.4,0.0,0.0,-169.70000000000002,0.0,0.0,169.60000000000002,0.0,21.4,29.200000000000003,29.200000000000003,29.700000000000003,300.0,300.0,31.6,35.6,29.1,28.3,30.200000000000003,4.96,1.99,4.97,0.16,0.0,0.0,1027.0,8228.0,0.0,0.0,0.0,0.0,0.0,1.0,0.0,0.0,0.0,0.0,0.0,0.0,0.0,0.0,0.0,0.0001,16.0,25903.0
2026-07-30T19:01:36.188Z,265.671,265.686,0.0,7.4,0.0,0.0,0.0,0.0,0.0,0.0,0.0,0.0,1.0,0.0,0.0,0.0,9.0,4.0,0.0,0.0,0.0,0.0,0.0,0.0,0.0,0.0,2.0,12.0,1.0,12.18,5.0200000000000005,2.51,1.49,0.0,0.1,0.0,0.4,0.0,-0.2,-0.5,0.5,-169.70000000000002,0.0,0.0,169.8,0.0,21.4,29.200000000000003,29.200000000000003,29.700000000000003,300.0,300.0,31.6,35.6,29.1,28.3,30.200000000000003,4.95,1.99,4.97,0.16,0.0,0.0,1027.0,8228.0,0.0,0.0,0.0,0.0,0.0,1.0,0.0,0.0,0.0,0.0,0.0,-0.1,0.0,-0.6000000000000001,0.0,0.0001,16.0,25903.0
2026-07-30T19:01:36.201Z,265.684,265.698,0.0,7.4,0.0,0.0,0.0,0.0,0.0,0.0,0.0,0.0,1.0,0.0,0.0,0.0,9.0,4.0,0.0,0.0,0.0,0.0,0.0,0.0,0.0,0.0,3.0,12.0,1.0,12.18,5.0200000000000005,2.51,1.49,0.0,0.1,0.0,0.5,0.0,-0.8,-0.5,-0.5,-169.70000000000002,0.0,0.0,169.70000000000002,0.0,21.4,29.200000000000003,29.200000000000003,29.700000000000003,300.0,300.0,31.6,35.6,29.1,28.3,30.200000000000003,4.96,1.99,4.97,0.16,0.0,0.0,1027.0,8228.0,0.0,0.0,0.0,0.0,0.0,1.0,0.0,0.0,0.0,0.0,0.0,-1.0,0.0,0.4,0.0,0.0001,16.0,25903.0
2026-07-30T19:01:36.213Z,265.696,265.71,0.0,7.4,0.0,0.0,0.0,0.0,0.0,0.0,0.0,0.0,1.0,0.0,0.0,0.0,9.0,4.0,0.0,0.0,0.0,0.0,0.0,0.0,0.0,0.0,5.0,12.0,1.0,12.18,5.0200000000000005,2.51,1.49,0.0,0.0,0.0,0.4,0.0,0.3,0.6000000000000001,1.7000000000000002,-169.70000000000002,0.0,0.0,169.70000000000002,0.0,21.4,29.200000000000003,29.200000000000003,29.700000000000003,300.0,300.0,31.6,35.6,29.1,28.3,30.200000000000003,4.96,1.99,4.97,0.16,0.0,0.0,1027.0,8228.0,0.0,0.0,0.0,0.0,0.0,1.0,0.0,0.0,0.0,0.0,0.0,2.0,0.0,-1.4,0.0,0.0001,16.0,25903.0
2026-07-30T19:01:36.225Z,265.708,265.722,0.0,7.4,0.0,0.0,0.0,0.0,0.0,0.0,0.0,0.0,1.0,0.0,0.0,0.0,9.0,4.0,0.0,0.0,0.0,0.0,0.0,0.0,0.0,0.0,6.0,12.0,1.0,12.18,5.0200000000000005,2.51,1.49,0.0,0.1,0.0,0.4,0.0,0.3,1.2000000000000002,-0.6000000000000001,-169.70000000000002,0.0,0.0,169.8,0.0,21.4,29.200000000000003,29.200000000000003,29.700000000000003,300.0,300.0,31.6,35.6,29.1,28.3,30.200000000000003,4.96,2.0,4.97,0.16,0.0,0.0,1027.0,8228.0,0.0,0.0,0.0,0.0,0.0,1.0,0.0,0.0,0.0,0.0,0.0,0.9,0.0,0.8,0.0,0.0,16.0,25903.0
2026-07-30T19:01:36.236Z,265.719,265.734,0.0,7.4,0.0,0.0,0.0,0.0,0.0,0.0,0.0,0.0,1.0,0.0,0.0,0.0,9.0,4.0,0.0,0.0,0.0,0.0,0.0,0.0,0.0,0.0,1.0,12.0,1.0,12.18,5.0200000000000005,2.51,1.49,0.0,0.0,0.0,0.5,0.0,0.3,-0.5,1.1,-169.70000000000002,0.0,0.0,169.60000000000002,0.0,21.4,29.200000000000003,29.200000000000003,29.700000000000003,300.0,300.0,31.6,35.6,29.1,28.3,30.200000000000003,4.95,2.0,4.97,0.16,0.0,0.0,1027.0,8228.0,0.0,0.0,0.0,0.0,0.0,1.0,0.0,0.0,0.0,0.0,0.0,0.2,0.0,-1.1,0.0,0.0002,16.0,25903.0
2026-07-30T19:01:36.248Z,265.731,265.746,0.0,7.4,0.0,0.0,0.0,0.0,0.0,0.0,0.0,0.0,1.0,0.0,0.0,0.0,9.0,4.0,0.0,0.0,0.0,0.0,0.0,0.0,0.0,0.0,2.0,12.0,1.0,12.18,5.0200000000000005,2.51,1.49,0.0,0.1,0.0,0.5,0.0,-0.2,0.1,0.5,-169.70000000000002,0.0,0.0,169.70000000000002,0.0,21.4,29.200000000000003,29.200000000000003,29.700000000000003,300.0,300.0,31.6,35.6,29.1,28.3,30.200000000000003,4.96,1.99,4.96,0.16,0.0,0.0,1027.0,8228.0,0.0,0.0,0.0,0.0,0.0,1.0,0.0,0.0,0.0,0.0,0.0,0.5,0.0,-0.4,0.0,0.0001,16.0,25903.0
2026-07-30T19:01:36.261Z,265.744,265.758,0.0,7.4,0.0,0.0,0.0,0.0,0.0,0.0,0.0,0.0,1.0,0.0,0.0,0.0,9.0,4.0,0.0,0.0,0.0,0.0,0.0,0.0,0.0,0.0,3.0,12.0,1.0,12.18,5.0200000000000005,2.51,1.49,0.0,0.0,0.0,0.5,0.0,-0.8,0.6000000000000001,-1.1,-169.70000000000002,0.0,0.0,169.70000000000002,0.0,21.4,29.200000000000003,29.200000000000003,29.700000000000003,300.0,300.0,31.6,35.6,29.1,28.3,30.200000000000003,4.96,1.99,4.97,0.16,0.0,0.0,1027.0,8228.0,0.0,0.0,0.0,0.0,0.0,1.0,0.0,0.0,0.0,0.0,0.0,0.0,0.0,1.1,0.0,0.0,16.0,25903.0
2026-07-30T19:01:36.272Z,265.755,265.77,0.0,7.4,0.0,0.0,0.0,0.0,0.0,0.0,0.0,0.0,1.0,0.0,0.0,0.0,9.0,4.0,0.0,0.0,0.0,0.0,0.0,0.0,0.0,0.0,3.0,12.0,1.0,12.18,5.0200000000000005,2.51,1.49,0.0,0.0,0.0,0.4,0.0,0.3,0.6000000000000001,0.5,-169.70000000000002,0.0,0.0,169.70000000000002,0.0,21.4,29.200000000000003,29.200000000000003,29.700000000000003,300.0,300.0,31.6,35.6,29.1,28.3,30.200000000000003,4.95,1.99,4.97,0.16,0.0,0.0,1027.0,8228.0,0.0,0.0,0.0,0.0,0.0,1.0,0.0,0.0,0.0,0.0,0.0,1.2000000000000002,0.0,-0.3,0.0,0.0,16.0,25903.0
2026-07-30T19:01:36.284Z,265.767,265.782,0.0,7.4,0.0,0.0,0.0,0.0,0.0,0.0,0.0,0.0,1.0,0.0,0.0,0.0,9.0,4.0,0.0,0.0,0.0,0.0,0.0,0.0,0.0,0.0,4.0,12.0,1.0,12.18,5.0200000000000005,2.51,1.49,0.0,0.1,0.0,0.4,0.0,0.3,-0.4,0.0,-169.70000000000002,0.0,0.0,169.8,0.0,21.4,29.200000000000003,29.200000000000003,29.700000000000003,300.0,300.0,31.6,35.6,29.1,28.3,30.200000000000003,4.96,1.99,4.96,0.16,0.0,0.0,1027.0,8228.0,0.0,0.0,0.0,0.0,0.0,1.0,0.0,0.0,0.0,0.0,0.0,-0.5,0.0,0.0,0.0,0.0,16.0,25903.0
2026-07-30T19:01:36.296Z,265.779,265.794,0.0,7.4,0.0,0.0,0.0,0.0,0.0,0.0,0.0,0.0,1.0,0.0,0.0,0.0,9.0,4.0,0.0,0.0,0.0,0.0,0.0,0.0,0.0,0.0,5.0,12.0,1.0,12.18,5.0200000000000005,2.51,1.49,0.0,0.0,0.0,0.4,0.0,0.3,0.1,0.0,-169.70000000000002,0.0,0.0,169.70000000000002,0.0,21.4,29.200000000000003,29.200000000000003,29.700000000000003,300.0,300.0,31.6,35.6,29.1,28.3,30.200000000000003,4.96,1.99,4.96,0.16,0.0,0.0,1027.0,8228.0,0.0,0.0,0.0,0.0,0.0,1.0,0.0,0.0,0.0,0.0,0.0,0.1,0.0,0.0,0.0,0.0001,16.0,25903.0
2026-07-30T19:01:36.309Z,265.792,265.806,0.0,7.4,0.0,0.0,0.0,0.0,0.0,0.0,0.0,0.0,1.0,0.0,0.0,0.0,9.0,4.0,0.0,0.0,0.0,0.0,0.0,0.0,0.0,0.0,5.0,12.0,1.0,12.17,5.01,2.5,1.49,0.0,0.0,0.0,0.4,0.0,0.3,1.3,0.5,-169.70000000000002,0.0,0.0,169.70000000000002,0.0,21.700000000000003,29.200000000000003,29.200000000000003,29.700000000000003,300.0,300.0,31.5,35.6,29.1,28.3,30.200000000000003,4.96,1.99,4.97,0.16,0.0,0.0,1027.0,8228.0,0.0,0.0,0.0,0.0,0.0,1.0,0.0,0.0,0.0,0.0,0.0,1.9,0.0,-0.2,0.0,0.0001,16.0,25903.0
2026-07-30T19:01:36.321Z,265.804,265.818,0.0,7.4,0.0,0.0,0.0,0.0,0.0,0.0,0.0,0.0,1.0,0.0,0.0,0.0,9.0,4.0,0.0,0.0,0.0,0.0,0.0,0.0,0.0,0.0,1.0,12.0,1.0,12.17,5.01,2.5,1.49,-0.1,0.1,0.0,0.4,0.0,-0.8,0.1,-0.5,-169.70000000000002,0.0,0.0,169.70000000000002,0.0,21.700000000000003,29.200000000000003,29.200000000000003,29.700000000000003,300.0,300.0,31.5,35.6,29.1,28.3,30.200000000000003,4.95,1.99,4.97,0.16,0.0,0.0,1027.0,8228.0,0.0,0.0,0.0,0.0,0.0,1.0,0.0,0.0,0.0,0.0,0.0,-0.2,0.0,0.5,0.0,0.0001,16.0,25903.0
2026-07-30T19:01:36.333Z,265.816,265.83,0.0,7.4,0.0,0.0,0.0,0.0,0.0,0.0,0.0,0.0,1.0,0.0,0.0,0.0,9.0,4.0,0.0,0.0,0.0,0.0,0.0,0.0,0.0,0.0,2.0,12.0,1.0,12.17,5.01,2.5,1.49,0.0,0.0,0.0,0.4,0.0,0.9,1.8,2.9000000000000004,-169.70000000000002,0.0,0.0,169.8,0.0,21.700000000000003,29.200000000000003,29.200000000000003,29.700000000000003,300.0,300.0,31.5,35.6,29.1,28.3,30.200000000000003,4.96,1.99,4.97,0.16,0.0,0.0,1027.0,8228.0,0.0,0.0,0.0,0.0,0.0,1.0,0.0,0.0,0.0,0.0,0.0,4.3,0.0,-2.1,0.0,0.0002,16.0,25903.0
2026-07-30T19:01:36.344Z,265.827,265.842,0.0,7.4,0.0,0.0,0.0,0.0,0.0,0.0,0.0,0.0,1.0,0.0,0.0,0.0,9.0,4.0,0.0,0.0,0.0,0.0,0.0,0.0,0.0,0.0,3.0,12.0,1.0,12.17,5.01,2.5,1.49,0.0,0.0,0.0,0.4,0.0,-0.2,-0.4,0.5,-169.70000000000002,0.0,0.0,169.70000000000002,0.0,21.700000000000003,29.200000000000003,29.200000000000003,29.700000000000003,300.0,300.0,31.5,35.6,29.1,28.3,30.200000000000003,4.95,1.99,4.97,0.16,0.0,0.0,1027.0,8228.0,0.0,0.0,0.0,0.0,0.0,1.0,0.0,0.0,0.0,0.0,0.0,0.0,0.0,-0.6000000000000001,0.0,0.0002,16.0,25903.0
2026-07-30T19:01:36.356Z,265.839,265.854,0.0,7.4,0.0,0.0,0.0,0.0,0.0,0.0,0.0,0.0,1.0,0.0,0.0,0.0,9.0,4.0,0.0,0.0,0.0,0.0,0.0,0.0,0.0,0.0,4.0,12.0,1.0,12.17,5.01,2.5,1.49,0.0,0.0,0.0,0.4,0.0,1.5,-0.4,0.0,-169.70000000000002,0.0,0.0,169.8,0.0,21.700000000000003,29.200000000000003,29.200000000000003,29.700000000000003,300.0,300.0,31.5,35.6,29.1,28.3,30.200000000000003,4.95,1.99,4.96,0.16,0.0,0.0,1027.0,8228.0,0.0,0.0,0.0,0.0,0.0,1.0,0.0,0.0,0.0,0.0,0.0,-0.5,0.0,0.0,0.0,0.0001,16.0,25903.0
2026-07-30T19:01:36.369Z,265.852,265.866,0.0,7.4,0.0,0.0,0.0,0.0,0.0,0.0,0.0,0.0,1.0,0.0,0.0,0.0,9.0,4.0,0.0,0.0,0.0,0.0,0.0,0.0,0.0,0.0,5.0,12.0,1.0,12.17,5.01,2.5,1.49,0.0,0.0,0.0,0.4,0.0,0.3,0.1,0.0,-169.70000000000002,0.0,0.0,169.8,0.0,21.700000000000003,29.200000000000003,29.200000000000003,29.700000000000003,300.0,300.0,31.5,35.6,29.1,28.3,30.200000000000003,4.96,1.99,4.96,0.16,0.0,0.0,1027.0,8228.0,0.0,0.0,0.0,0.0,0.0,1.0,0.0,0.0,0.0,0.0,0.0,0.0,0.0,0.0,0.0,0.0002,16.0,25903.0
2026-07-30T19:01:36.381Z,265.864,265.878,0.0,7.4,0.0,0.0,0.0,0.0,0.0,0.0,0.0,0.0,1.0,0.0,0.0,0.0,9.0,4.0,0.0,0.0,0.0,0.0,0.0,0.0,0.0,0.0,6.0,12.0,1.0,12.17,5.01,2.5,1.49,0.0,0.0,0.0,0.4,0.0,-0.2,-0.4,-1.2000000000000002,-169.70000000000002,0.0,0.0,169.70000000000002,0.0,21.700000000000003,29.200000000000003,29.200000000000003,29.700000000000003,300.0,300.0,31.5,35.6,29.1,28.3,30.200000000000003,4.95,1.99,4.96,0.16,0.0,0.0,1027.0,8228.0,0.0,0.0,0.0,0.0,0.0,1.0,0.0,0.0,0.0,0.0,0.0,0.4,0.0,-0.4,0.0,0.0,16.0,25903.0
2026-07-30T19:01:36.392Z,265.875,265.89,0.0,7.4,0.0,0.0,0.0,0.0,0.0,0.0,0.0,0.0,1.0,0.0,0.0,0.0,9.0,4.0,0.0,0.0,0.0,0.0,0.0,0.0,0.0,0.0,1.0,12.0,1.0,12.17,5.01,2.5,1.49,0.0,0.0,0.0,0.4,0.0,1.5,1.3,2.2,-169.70000000000002,0.0,0.0,169.70000000000002,0.0,21.700000000000003,29.200000000000003,29.200000000000003,29.700000000000003,300.0,300.0,31.5,35.6,29.1,28.3,30.200000000000003,4.95,1.99,4.97,0.16,0.0,0.0,1027.0,8228.0,0.0,0.0,0.0,0.0,0.0,1.0,0.0,0.0,0.0,0.0,0.0,-1.2000000000000002,0.0,-0.1,0.0,0.0001,16.0,25903.0
2026-07-30T19:01:36.405Z,265.888,265.902,0.0,7.4,0.0,0.0,0.0,0.0,0.0,0.0,0.0,0.0,1.0,0.0,0.0,0.0,9.0,4.0,0.0,0.0,0.0,0.0,0.0,0.0,0.0,0.0,2.0,12.0,1.0,12.15,5.0200000000000005,2.51,1.49,0.0,0.0,0.0,0.5,0.0,-0.2,0.6000000000000001,-0.6000000000000001,-169.70000000000002,0.0,0.0,169.70000000000002,0.0,21.700000000000003,29.200000000000003,29.200000000000003,29.700000000000003,300.0,300.0,31.6,35.7,29.1,28.3,30.200000000000003,4.95,1.99,4.96,0.16,0.0,0.0,1027.0,8228.0,0.0,0.0,0.0,0.0,0.0,1.0,0.0,0.0,0.0,0.0,0.0,1.6,0.0,-0.8,0.0,0.0001,16.0,25903.0
2026-07-30T19:01:36.416Z,265.899,265.914,0.0,7.4,0.0,0.0,0.0,0.0,0.0,0.0,0.0,0.0,1.0,0.0,0.0,0.0,9.0,4.0,0.0,0.0,0.0,0.0,0.0,0.0,0.0,0.0,3.0,12.0,1.0,12.15,5.0200000000000005,2.51,1.49,0.0,0.0,0.0,0.4,0.0,0.3,0.7000000000000001,-1.2000000000000002,-169.70000000000002,0.0,0.0,169.8,0.0,21.700000000000003,29.200000000000003,29.200000000000003,29.700000000000003,300.0,300.0,31.6,35.7,29.1,28.3,30.200000000000003,4.96,1.99,4.96,0.16,0.0,0.0,1027.0,8228.0,0.0,0.0,0.0,0.0,0.0,1.0,0.0,0.0,0.0,0.0,0.0,0.0,0.0,1.2000000000000002,0.0,0.0001,16.0,25903.0
2026-07-30T19:01:36.428Z,265.911,265.926,0.0,7.4,0.0,0.0,0.0,0.0,0.0,0.0,0.0,0.0,1.0,0.0,0.0,0.0,9.0,4.0,0.0,0.0,0.0,0.0,0.0,0.0,0.0,0.0,4.0,12.0,1.0,12.15,5.0200000000000005,2.51,1.49,0.0,0.0,0.0,0.5,0.0,0.4,-0.4,0.5,-169.70000000000002,0.0,0.0,169.8,0.0,21.700000000000003,29.200000000000003,29.200000000000003,29.700000000000003,300.0,300.0,31.6,35.7,29.1,28.3,30.200000000000003,4.95,1.99,4.97,0.16,0.0,0.0,1027.0,8228.0,0.0,0.0,0.0,0.0,0.0,1.0,0.0,0.0,0.0,0.0,0.0,0.0,0.0,-0.5,0.0,0.0001,16.0,25903.0
2026-07-30T19:01:36.440Z,265.923,265.938,0.0,7.4,0.0,0.0,0.0,0.0,0.0,0.0,0.0,0.0,1.0,0.0,0.0,0.0,9.0,4.0,0.0,0.0,0.0,0.0,0.0,0.0,0.0,0.0,5.0,12.0,1.0,12.15,5.0200000000000005,2.51,1.49,0.0,0.0,0.0,0.5,0.0,0.3,-1.0,0.0,-169.70000000000002,0.0,0.0,169.70000000000002,0.0,21.700000000000003,29.200000000000003,29.200000000000003,29.700000000000003,300.0,300.0,31.6,35.7,29.1,28.3,30.200000000000003,4.96,1.99,4.97,0.16,0.0,0.0,1027.0,8228.0,0.0,0.0,0.0,0.0,0.0,1.0,0.0,0.0,0.0,0.0,0.0,-1.2000000000000002,0.0,-0.1,0.0,0.0002,16.0,25903.0
2026-07-30T19:01:36.452Z,265.935,265.95,0.0,7.4,0.0,0.0,0.0,0.0,0.0,0.0,0.0,0.0,1.0,0.0,0.0,0.0,9.0,4.0,0.0,0.0,0.0,0.0,0.0,0.0,0.0,0.0,6.0,12.0,1.0,12.15,5.0200000000000005,2.51,1.49,0.0,0.0,0.0,0.5,0.0,-0.2,0.1,-0.6000000000000001,-169.70000000000002,0.0,0.0,169.70000000000002,0.0,21.700000000000003,29.200000000000003,29.200000000000003,29.700000000000003,300.0,300.0,31.6,35.7,29.1,28.3,30.200000000000003,4.96,2.0,4.96,0.16,0.0,0.0,1027.0,8228.0,0.0,0.0,0.0,0.0,0.0,1.0,0.0,0.0,0.0,0.0,0.0,-0.2,0.0,0.5,0.0,0.0001,16.0,25903.0
2026-07-30T19:01:36.464Z,265.947,265.962,0.0,7.4,0.0,0.0,0.0,0.0,0.0,0.0,0.0,0.0,1.0,0.0,0.0,0.0,9.0,4.0,0.0,0.0,0.0,0.0,0.0,0.0,0.0,0.0,1.0,12.0,1.0,12.15,5.0200000000000005,2.51,1.49,0.0,0.0,0.0,0.4,0.0,-0.1,-1.0,-0.5,-169.70000000000002,0.0,0.0,169.70000000000002,0.0,21.700000000000003,29.200000000000003,29.200000000000003,29.700000000000003,300.0,300.0,31.6,35.7,29.1,28.3,30.200000000000003,4.95,1.99,4.96,0.16,0.0,0.0,1027.0,8228.0,0.0,0.0,0.0,0.0,0.0,1.0,0.0,0.0,0.0,0.0,0.0,-1.5,0.0,0.2,0.0,0.0001,16.0,25903.0
2026-07-30T19:01:36.476Z,265.959,265.974,0.0,7.4,0.0,0.0,0.0,0.0,0.0,0.0,0.0,0.0,1.0,0.0,0.0,0.0,9.0,4.0,0.0,0.0,0.0,0.0,0.0,0.0,0.0,0.0,2.0,12.0,1.0,12.15,5.0200000000000005,2.51,1.49,0.0,0.0,0.0,0.4,0.0,-0.7000000000000001,0.7000000000000001,-1.1,-169.70000000000002,0.0,0.0,169.70000000000002,0.0,21.700000000000003,29.200000000000003,29.200000000000003,29.700000000000003,300.0,300.0,31.6,35.7,29.1,28.3,30.200000000000003,4.95,1.99,4.97,0.16,0.0,0.0,1027.0,8228.0,0.0,0.0,0.0,0.0,0.0,1.0,0.0,0.0,0.0,0.0,0.0,0.0,0.0,1.1,0.0,0.0001,16.0,25903.0
2026-07-30T19:01:36.488Z,265.971,265.986,0.0,7.4,0.0,0.0,0.0,0.0,0.0,0.0,0.0,0.0,1.0,0.0,0.0,0.0,9.0,4.0,0.0,0.0,0.0,0.0,0.0,0.0,0.0,0.0,3.0,12.0,1.0,12.15,5.0200000000000005,2.51,1.49,0.0,0.0,0.0,0.4,0.0,0.4,-0.4,0.0,-169.70000000000002,0.0,0.0,169.70000000000002,0.0,21.700000000000003,29.200000000000003,29.200000000000003,29.700000000000003,300.0,300.0,31.6,35.7,29.1,28.3,30.200000000000003,4.96,1.99,4.97,0.16,0.0,0.0,1027.0,8228.0,0.0,0.0,0.0,0.0,0.0,1.0,0.0,0.0,0.0,0.0,0.0,-0.4,0.0,-0.1,0.0,0.0,16.0,25903.0
2026-07-30T19:01:36.501Z,265.984,265.998,0.0,7.4,0.0,0.0,0.0,0.0,0.0,0.0,0.0,0.0,1.0,0.0,0.0,0.0,9.0,4.0,0.0,0.0,0.0,0.0,0.0,0.0,0.0,0.0,4.0,12.0,1.0,12.15,5.0200000000000005,2.51,1.49,0.0,0.0,0.0,0.4,0.0,0.3,0.1,0.0,-169.70000000000002,0.0,0.0,169.70000000000002,0.0,21.700000000000003,29.200000000000003,29.200000000000003,29.700000000000003,300.0,300.0,31.6,35.7,29.1,28.3,30.200000000000003,4.96,1.99,4.97,0.16,0.0,0.0,1027.0,8228.0,0.0,0.0,0.0,0.0,0.0,1.0,0.0,0.0,0.0,0.0,0.0,0.0,0.0,0.0,0.0,0.0001,16.0,25903.0
2026-07-30T19:01:36.513Z,265.996,266.01,0.0,7.4,0.0,0.0,0.0,0.0,0.0,0.0,0.0,0.0,1.0,0.0,0.0,0.0,9.0,4.0,0.0,0.0,0.0,0.0,0.0,0.0,0.0,0.0,5.0,12.0,1.0,12.13,5.01,2.51,1.5,0.0,0.0,0.0,0.4,0.0,-0.1,0.1,-0.6000000000000001,-169.70000000000002,0.0,0.0,169.70000000000002,0.0,21.3,29.200000000000003,29.200000000000003,29.700000000000003,300.0,300.0,31.6,35.7,29.1,28.3,30.200000000000003,4.95,1.99,4.97,0.16,0.0,0.0,1027.0,8228.0,0.0,0.0,0.0,0.0,0.0,1.0,0.0,0.0,0.0,0.0,0.0,-0.3,0.0,0.5,0.0,0.0,16.0,25903.0
2026-07-30T19:01:36.525Z,266.008,266.022,0.0,7.4,0.0,0.0,0.0,0.0,0.0,0.0,0.0,0.0,1.0,0.0,0.0,0.0,9.0,4.0,0.0,0.0,0.0,0.0,0.0,0.0,0.0,0.0,1.0,12.0,1.0,12.13,5.01,2.51,1.5,0.0,0.1,0.0,0.4,0.0,-0.8,-1.0,0.0,-169.70000000000002,0.0,0.0,169.70000000000002,0.0,21.3,29.200000000000003,29.200000000000003,29.700000000000003,300.0,300.0,31.6,35.7,29.1,28.3,30.200000000000003,4.96,1.99,4.97,0.16,0.0,0.0,1027.0,8228.0,0.0,0.0,0.0,0.0,0.0,1.0,0.0,0.0,0.0,0.0,0.0,-1.2000000000000002,0.0,-0.1,0.0,0.0,16.0,25903.0
2026-07-30T19:01:36.537Z,266.02,266.034,0.0,7.4,0.0,0.0,0.0,0.0,0.0,0.0,0.0,0.0,1.0,0.0,0.0,0.0,9.0,4.0,0.0,0.0,0.0,0.0,0.0,0.0,0.0,0.0,2.0,12.0,1.0,12.13,5.01,2.51,1.5,0.0,0.0,0.0,0.4,0.0,0.3,0.1,-0.6000000000000001,-169.70000000000002,0.0,0.0,169.60000000000002,0.0,21.3,29.200000000000003,29.200000000000003,29.700000000000003,300.0,300.0,31.6,35.7,29.1,28.3,30.200000000000003,4.95,1.99,4.96,0.16,0.0,0.0,1027.0,8228.0,0.0,0.0,0.0,0.0,0.0,1.0,0.0,0.0,0.0,0.0,0.0,-0.3,0.0,0.6000000000000001,0.0,0.0,16.0,25903.0
2026-07-30T19:01:36.548Z,266.031,266.046,0.0,7.4,0.0,0.0,0.0,0.0,0.0,0.0,0.0,0.0,1.0,0.0,0.0,0.0,9.0,4.0,0.0,0.0,0.0,0.0,0.0,0.0,0.0,0.0,3.0,12.0,1.0,12.13,5.01,2.51,1.5,0.0,0.0,0.0,0.4,0.0,1.4,1.8,0.0,-169.70000000000002,0.0,0.0,169.70000000000002,0.0,21.3,29.200000000000003,29.200000000000003,29.700000000000003,300.0,300.0,31.6,35.7,29.1,28.3,30.200000000000003,4.95,1.99,4.97,0.16,0.0,0.0,1027.0,8228.0,0.0,0.0,0.0,0.0,0.0,1.0,0.0,0.0,0.0,0.0,0.0,2.0,0.0,0.4,0.0,0.0002,16.0,25903.0
2026-07-30T19:01:36.561Z,266.044,266.058,0.0,7.4,0.0,0.0,0.0,0.0,0.0,0.0,0.0,0.0,1.0,0.0,0.0,0.0,9.0,4.0,0.0,0.0,0.0,0.0,0.0,0.0,0.0,0.0,4.0,12.0,1.0,12.13,5.01,2.51,1.5,0.0,0.0,0.0,0.4,0.0,-0.3,0.0,-1.1,-169.70000000000002,0.0,0.0,169.60000000000002,0.0,21.3,29.200000000000003,29.200000000000003,29.700000000000003,300.0,300.0,31.6,35.7,29.1,28.3,30.200000000000003,4.96,1.99,4.97,0.16,0.0,0.0,1027.0,8228.0,0.0,0.0,0.0,0.0,0.0,1.0,0.0,0.0,0.0,0.0,0.0,-0.7000000000000001,0.0,1.0,0.0,0.0001,16.0,25903.0
2026-07-30T19:01:36.578Z,266.061,266.07,0.0,7.4,0.0,0.0,0.0,0.0,0.0,0.0,0.0,0.0,1.0,0.0,0.0,0.0,9.0,4.0,0.0,0.0,0.0,0.0,0.0,0.0,0.0,0.0,5.0,12.0,1.0,12.13,5.01,2.51,1.5,0.0,0.1,0.0,0.4,0.0,-0.8,-0.4,-0.5,-169.70000000000002,0.0,0.0,169.60000000000002,0.0,21.3,29.200000000000003,29.200000000000003,29.700000000000003,300.0,300.0,31.6,35.7,29.1,28.3,30.200000000000003,4.96,1.99,4.96,0.16,0.0,0.0,1027.0,8228.0,0.0,0.0,0.0,0.0,0.0,1.0,0.0,0.0,0.0,0.0,0.0,-0.9,0.0,0.3,0.0,0.0001,16.0,25903.0
2026-07-30T19:01:36.585Z,266.068,266.082,0.0,7.4,0.0,0.0,0.0,0.0,0.0,0.0,0.0,0.0,1.0,0.0,0.0,0.0,9.0,4.0,0.0,0.0,0.0,0.0,0.0,0.0,0.0,0.0,3.0,12.0,1.0,12.13,5.01,2.51,1.5,0.0,0.0,0.0,0.4,0.0,0.2,-1.0,0.0,-169.70000000000002,0.0,0.0,169.8,0.0,21.3,29.200000000000003,29.200000000000003,29.700000000000003,300.0,300.0,31.6,35.7,29.1,28.3,30.200000000000003,4.95,1.99,4.97,0.16,0.0,0.0,1027.0,8228.0,0.0,0.0,0.0,0.0,0.0,1.0,0.0,0.0,0.0,0.0,0.0,-1.2000000000000002,0.0,-0.2,0.0,0.0001,16.0,25903.0
2026-07-30T19:01:36.596Z,266.079,266.094,0.0,7.4,0.0,0.0,0.0,0.0,0.0,0.0,0.0,0.0,1.0,0.0,0.0,0.0,9.0,4.0,0.0,0.0,0.0,0.0,0.0,0.0,0.0,0.0,5.0,12.0,1.0,12.13,5.01,2.51,1.5,0.0,0.0,0.0,0.4,0.0,-0.3,0.0,-1.1,-169.70000000000002,0.0,0.0,169.60000000000002,0.0,21.3,29.200000000000003,29.200000000000003,29.700000000000003,300.0,300.0,31.6,35.7,29.1,28.3,30.200000000000003,4.95,2.0,4.97,0.16,0.0,0.0,1027.0,8228.0,0.0,0.0,0.0,0.0,0.0,1.0,0.0,0.0,0.0,0.0,0.0,-0.7000000000000001,0.0,1.0,0.0,0.0002,16.0,25903.0
2026-07-30T19:01:36.609Z,266.092,266.106,0.0,7.4,0.0,0.0,0.0,0.0,0.0,0.0,0.0,0.0,1.0,0.0,0.0,0.0,9.0,4.0,0.0,0.0,0.0,0.0,0.0,0.0,0.0,0.0,6.0,12.0,1.0,12.17,5.01,2.51,1.49,0.0,0.1,0.0,0.4,0.0,0.8,0.1,0.0,-169.60000000000002,0.0,0.0,169.70000000000002,0.0,21.8,29.200000000000003,29.200000000000003,29.700000000000003,300.0,300.0,31.5,35.6,29.1,28.3,30.200000000000003,4.96,2.0,4.97,0.16,0.0,0.0,1027.0,8228.0,0.0,0.0,0.0,0.0,0.0,1.0,0.0,0.0,0.0,0.0,0.0,0.2,0.0,0.0,0.0,0.0001,16.0,25903.0
2026-07-30T19:01:36.620Z,266.103,266.118,0.0,7.4,0.0,0.0,0.0,0.0,0.0,0.0,0.0,0.0,1.0,0.0,0.0,0.0,9.0,4.0,0.0,0.0,0.0,0.0,0.0,0.0,0.0,0.0,1.0,12.0,1.0,12.17,5.01,2.51,1.49,0.0,0.0,0.0,0.4,0.0,-0.3,0.7000000000000001,0.0,-169.60000000000002,0.0,0.0,169.60000000000002,0.0,21.8,29.200000000000003,29.200000000000003,29.700000000000003,300.0,300.0,31.5,35.6,29.1,28.3,30.200000000000003,4.95,2.0,4.97,0.16,0.0,0.0,1027.0,8228.0,0.0,0.0,0.0,0.0,0.0,1.0,0.0,0.0,0.0,0.0,0.0,0.8,0.0,0.0,0.0,0.0,16.0,25903.0
2026-07-30T19:01:36.632Z,266.115,266.13,0.0,7.4,0.0,0.0,0.0,0.0,0.0,0.0,0.0,0.0,1.0,0.0,0.0,0.0,9.0,4.0,0.0,0.0,0.0,0.0,0.0,0.0,0.0,0.0,3.0,12.0,1.0,12.17,5.01,2.51,1.49,0.0,0.0,0.0,0.4,0.0,0.2,0.0,-0.5,-169.60000000000002,0.0,0.0,169.70000000000002,0.0,21.8,29.200000000000003,29.200000000000003,29.700000000000003,300.0,300.0,31.5,35.6,29.1,28.3,30.200000000000003,4.95,1.99,4.97,0.16,0.0,0.0,1027.0,8228.0,0.0,0.0,0.0,0.0,0.0,1.0,0.0,0.0,0.0,0.0,0.0,-0.2,0.0,0.4,0.0,0.0,16.0,25903.0
2026-07-30T19:01:36.645Z,266.128,266.142,0.0,7.4,0.0,0.0,0.0,0.0,0.0,0.0,0.0,0.0,1.0,0.0,0.0,0.0,9.0,4.0,0.0,0.0,0.0,0.0,0.0,0.0,0.0,0.0,4.0,12.0,1.0,12.17,5.01,2.51,1.49,0.0,0.0,0.0,0.4,0.0,0.2,0.1,0.6000000000000001,-169.60000000000002,0.0,0.0,169.70000000000002,0.0,21.8,29.200000000000003,29.200000000000003,29.700000000000003,300.0,300.0,31.5,35.6,29.1,28.3,30.200000000000003,4.95,1.99,4.96,0.16,0.0,0.0,1027.0,8228.0,0.0,0.0,0.0,0.0,0.0,1.0,0.0,0.0,0.0,0.0,0.0,0.6000000000000001,0.0,-0.5,0.0,0.0001,16.0,25903.0
2026-07-30T19:01:36.656Z,266.139,266.154,0.0,7.4,0.0,0.0,0.0,0.0,0.0,0.0,0.0,0.0,1.0,0.0,0.0,0.0,9.0,4.0,0.0,0.0,0.0,0.0,0.0,0.0,0.0,0.0,5.0,12.0,1.0,12.17,5.01,2.51,1.49,0.0,0.0,0.0,0.5,0.0,0.8,-0.4,-0.5,-169.60000000000002,0.0,0.0,169.70000000000002,0.0,21.8,29.200000000000003,29.200000000000003,29.700000000000003,300.0,300.0,31.5,35.6,29.1,28.3,30.200000000000003,4.96,1.99,4.96,0.16,0.0,0.0,1027.0,8228.0,0.0,0.0,0.0,0.0,0.0,1.0,0.0,0.0,0.0,0.0,0.0,-0.9,0.0,0.3,0.0,0.0,16.0,25903.0
2026-07-30T19:01:36.669Z,266.152,266.166,0.0,7.4,0.0,0.0,0.0,0.0,0.0,0.0,0.0,0.0,1.0,0.0,0.0,0.0,9.0,4.0,0.0,0.0,0.0,0.0,0.0,0.0,0.0,0.0,6.0,12.0,1.0,12.17,5.01,2.51,1.49,0.0,0.0,0.0,0.4,0.0,-0.2,-1.0,0.0,-169.60000000000002,0.0,0.0,169.70000000000002,0.0,21.8,29.200000000000003,29.200000000000003,29.700000000000003,300.0,300.0,31.5,35.6,29.1,28.3,30.200000000000003,4.95,1.99,4.97,0.16,0.0,0.0,1027.0,8228.0,0.0,0.0,0.0,0.0,0.0,1.0,0.0,0.0,0.0,0.0,0.0,-1.1,0.0,-0.2,0.0,0.0,16.0,25903.0
2026-07-30T19:01:36.680Z,266.163,266.178,0.0,7.4,0.0,0.0,0.0,0.0,0.0,0.0,0.0,0.0,1.0,0.0,0.0,0.0,9.0,4.0,0.0,0.0,0.0,0.0,0.0,0.0,0.0,0.0,1.0,12.0,1.0,12.17,5.01,2.51,1.49,0.0,0.0,0.0,0.4,0.0,0.3,0.1,0.0,-169.60000000000002,0.0,0.0,169.70000000000002,0.0,21.8,29.200000000000003,29.200000000000003,29.700000000000003,300.0,300.0,31.5,35.6,29.1,28.3,30.200000000000003,4.96,1.99,4.96,0.16,0.0,0.0,1027.0,8228.0,0.0,0.0,0.0,0.0,0.0,1.0,0.0,0.0,0.0,0.0,0.0,0.2,0.0,0.0,0.0,0.0,16.0,25903.0
2026-07-30T19:01:36.692Z,266.175,266.19,0.0,7.4,0.0,0.0,0.0,0.0,0.0,0.0,0.0,0.0,1.0,0.0,0.0,0.0,9.0,4.0,0.0,0.0,0.0,0.0,0.0,0.0,0.0,0.0,2.0,12.0,1.0,12.17,5.01,2.51,1.49,0.0,0.0,0.0,0.4,0.0,-0.8,-0.4,0.6000000000000001,-169.60000000000002,0.0,0.0,169.70000000000002,0.0,21.8,29.200000000000003,29.200000000000003,29.700000000000003,300.0,300.0,31.5,35.6,29.1,28.3,30.200000000000003,4.96,2.0,4.96,0.16,0.0,0.0,1027.0,8228.0,0.0,0.0,0.0,0.0,0.0,1.0,0.0,0.0,0.0,0.0,0.0,0.0,0.0,-0.6000000000000001,0.0,0.0,16.0,25903.0
2026-07-30T19:01:36.705Z,266.188,266.202,0.0,7.4,0.0,0.0,0.0,0.0,0.0,0.0,0.0,0.0,1.0,0.0,0.0,0.0,9.0,4.0,0.0,0.0,0.0,0.0,0.0,0.0,0.0,0.0,3.0,12.0,1.0,12.17,5.01,2.51,1.49,0.0,0.1,0.0,0.4,0.0,0.3,0.1,0.6000000000000001,-169.60000000000002,0.0,0.0,169.70000000000002,0.0,21.8,29.200000000000003,29.200000000000003,29.700000000000003,300.0,300.0,31.5,35.6,29.1,28.3,30.200000000000003,4.95,1.99,4.96,0.16,0.0,0.0,1027.0,8228.0,0.0,0.0,0.0,0.0,0.0,1.0,0.0,0.0,0.0,0.0,0.0,0.6000000000000001,0.0,-0.5,0.0,0.0,16.0,25903.0
2026-07-30T19:01:36.716Z,266.199,266.214,0.0,7.4,0.0,0.0,0.0,0.0,0.0,0.0,0.0,0.0,1.0,0.0,0.0,0.0,9.0,4.0,0.0,0.0,0.0,0.0,0.0,0.0,0.0,0.0,4.0,12.0,1.0,12.17,5.0200000000000005,2.51,1.49,0.0,0.0,0.0,0.4,0.0,0.3,-0.4,0.0,-169.60000000000002,0.0,0.0,169.70000000000002,0.0,21.200000000000003,29.200000000000003,29.200000000000003,29.700000000000003,300.0,300.0,31.5,35.5,29.1,28.3,30.200000000000003,4.95,1.99,4.97,0.16,0.0,0.0,1027.0,8228.0,0.0,0.0,0.0,0.0,0.0,1.0,0.0,0.0,0.0,0.0,0.0,-0.5,0.0,-0.1,0.0,0.0,16.0,25903.0
2026-07-30T19:01:36.729Z,266.212,266.226,0.0,7.4,0.0,0.0,0.0,0.0,0.0,0.0,0.0,0.0,1.0,0.0,0.0,0.0,9.0,4.0,0.0,0.0,0.0,0.0,0.0,0.0,0.0,0.0,5.0,12.0,1.0,12.17,5.0200000000000005,2.51,1.49,0.0,0.0,0.0,0.4,0.0,-0.3,-1.0,0.0,-169.60000000000002,0.0,0.0,169.60000000000002,0.0,21.200000000000003,29.200000000000003,29.200000000000003,29.700000000000003,300.0,300.0,31.5,35.5,29.1,28.3,30.200000000000003,4.96,1.99,4.96,0.16,0.0,0.0,1027.0,8228.0,0.0,0.0,0.0,0.0,0.0,1.0,0.0,0.0,0.0,0.0,0.0,-1.2000000000000002,0.0,-0.2,0.0,0.0,16.0,25903.0
2026-07-30T19:01:36.741Z,266.224,266.238,0.0,7.4,0.0,0.0,0.0,0.0,0.0,0.0,0.0,0.0,1.0,0.0,0.0,0.0,9.0,4.0,0.0,0.0,0.0,0.0,0.0,0.0,0.0,0.0,6.0,12.0,1.0,12.17,5.0200000000000005,2.51,1.49,0.0,0.0,0.0,0.4,0.0,-0.2,0.0,-1.1,-169.60000000000002,0.0,0.0,169.70000000000002,0.0,21.200000000000003,29.200000000000003,29.200000000000003,29.700000000000003,300.0,300.0,31.5,35.5,29.1,28.3,30.200000000000003,4.96,1.99,4.97,0.16,0.0,0.0,1027.0,8228.0,0.0,0.0,0.0,0.0,0.0,1.0,0.0,0.0,0.0,0.0,0.0,-0.7000000000000001,0.0,1.0,0.0,0.0,16.0,25903.0
2026-07-30T19:01:36.752Z,266.235,266.25,0.0,7.4,0.0,0.0,0.0,0.0,0.0,0.0,0.0,0.0,1.0,0.0,0.0,0.0,9.0,4.0,0.0,0.0,0.0,0.0,0.0,0.0,0.0,0.0,1.0,12.0,1.0,12.17,5.0200000000000005,2.51,1.49,0.0,0.0,0.0,0.4,0.0,0.2,0.1,1.2000000000000002,-169.60000000000002,0.0,0.0,169.70000000000002,0.0,21.200000000000003,29.200000000000003,29.200000000000003,29.700000000000003,300.0,300.0,31.5,35.5,29.1,28.3,30.200000000000003,4.95,1.99,4.97,0.16,0.0,0.0,1027.0,8228.0,0.0,0.0,0.0,0.0,0.0,1.0,0.0,0.0,0.0,0.0,0.0,1.0,0.0,-1.0,0.0,0.0,16.0,25903.0
2026-07-30T19:01:36.764Z,266.247,266.262,0.0,7.4,0.0,0.0,0.0,0.0,0.0,0.0,0.0,0.0,1.0,0.0,0.0,0.0,9.0,4.0,0.0,0.0,0.0,0.0,0.0,0.0,0.0,0.0,2.0,12.0,1.0,12.17,5.0200000000000005,2.51,1.49,0.0,0.0,0.0,0.4,0.0,0.2,-0.5,0.0,-169.60000000000002,0.0,0.0,169.70000000000002,0.0,21.200000000000003,29.200000000000003,29.200000000000003,29.700000000000003,300.0,300.0,31.5,35.5,29.1,28.3,30.200000000000003,4.96,1.99,4.96,0.16,0.0,0.0,1027.0,8228.0,0.0,0.0,0.0,0.0,0.0,1.0,0.0,0.0,0.0,0.0,0.0,-0.5,0.0,-0.1,0.0,0.0,16.0,25903.0
2026-07-30T19:01:36.777Z,266.26,266.274,0.0,7.4,0.0,0.0,0.0,0.0,0.0,0.0,0.0,0.0,1.0,0.0,0.0,0.0,9.0,4.0,0.0,0.0,0.0,0.0,0.0,0.0,0.0,0.0,3.0,12.0,1.0,12.17,5.0200000000000005,2.51,1.49,0.0,0.0,0.0,0.4,0.0,0.2,0.0,-1.1,-169.60000000000002,0.0,0.0,169.70000000000002,0.0,21.200000000000003,29.200000000000003,29.200000000000003,29.700000000000003,300.0,300.0,31.5,35.5,29.1,28.3,30.200000000000003,4.95,2.0,4.96,0.16,0.0,0.0,1027.0,8228.0,0.0,0.0,0.0,0.0,0.0,1.0,0.0,0.0,0.0,0.0,0.0,-0.7000000000000001,0.0,1.0,0.0,0.0002,16.0,25903.0
2026-07-30T19:01:36.788Z,266.271,266.286,0.0,7.4,0.0,0.0,0.0,0.0,0.0,0.0,0.0,0.0,1.0,0.0,0.0,0.0,9.0,4.0,0.0,0.0,0.0,0.0,0.0,0.0,0.0,0.0,4.0,12.0,1.0,12.17,5.0200000000000005,2.51,1.49,0.0,0.0,0.0,0.4,0.0,-0.3,-0.5,-0.5,-169.60000000000002,0.0,0.0,169.70000000000002,0.0,21.200000000000003,29.200000000000003,29.200000000000003,29.700000000000003,300.0,300.0,31.5,35.5,29.1,28.3,30.200000000000003,4.95,1.99,4.97,0.16,0.0,0.0,1027.0,8228.0,0.0,0.0,0.0,0.0,0.0,1.0,0.0,0.0,0.0,0.0,0.0,-1.0,0.0,0.3,0.0,0.0002,16.0,25903.0
2026-07-30T19:01:36.800Z,266.283,266.298,0.0,7.4,0.0,0.0,0.0,0.0,0.0,0.0,0.0,0.0,1.0,0.0,0.0,0.0,9.0,4.0,0.0,0.0,0.0,0.0,0.0,0.0,0.0,0.0,5.0,12.0,1.0,12.17,5.0200000000000005,2.51,1.49,0.0,0.0,0.0,0.4,0.0,0.2,1.2000000000000002,0.6000000000000001,-169.60000000000002,0.0,0.0,169.70000000000002,0.0,21.200000000000003,29.200000000000003,29.200000000000003,29.700000000000003,300.0,300.0,31.5,35.5,29.1,28.3,30.200000000000003,4.95,1.99,4.97,0.16,0.0,0.0,1027.0,8228.0,0.0,0.0,0.0,0.0,0.0,1.0,0.0,0.0,0.0,0.0,0.0,1.8,0.0,-0.3,0.0,0.0,16.0,25903.0
2026-07-30T19:01:36.813Z,266.296,266.31,0.0,7.4,0.0,0.0,0.0,0.0,0.0,0.0,0.0,0.0,1.0,0.0,0.0,0.0,9.0,4.0,0.0,0.0,0.0,0.0,0.0,0.0,0.0,0.0,6.0,12.0,1.0,12.18,5.01,2.5,1.48,0.0,0.0,0.0,0.4,0.0,-0.3,-1.1,1.1,-169.60000000000002,0.0,0.0,169.70000000000002,0.0,21.700000000000003,29.200000000000003,29.200000000000003,29.700000000000003,300.0,300.0,31.700000000000003,35.6,29.1,28.3,30.200000000000003,4.96,1.99,4.96,0.16,0.0,0.0,1027.0,8228.0,0.0,0.0,0.0,0.0,0.0,1.0,0.0,0.0,0.0,0.0,0.0,-0.4,0.0,-1.2000000000000002,0.0,0.0,16.0,25903.0
2026-07-30T19:01:36.824Z,266.307,266.322,0.0,7.4,0.0,0.0,0.0,0.0,0.0,0.0,0.0,0.0,1.0,0.0,0.0,0.0,9.0,4.0,0.0,0.0,0.0,0.0,0.0,0.0,0.0,0.0,1.0,12.0,1.0,12.18,5.01,2.5,1.48,0.0,0.0,0.0,0.4,0.0,-0.9,-0.5,-1.1,-169.60000000000002,0.0,0.0,169.60000000000002,0.0,21.700000000000003,29.200000000000003,29.200000000000003,29.700000000000003,300.0,300.0,31.700000000000003,35.6,29.1,28.3,30.200000000000003,4.95,1.99,4.97,0.16,0.0,0.0,1027.0,8228.0,0.0,0.0,0.0,0.0,0.0,1.0,0.0,0.0,0.0,0.0,0.0,-1.5,0.0,0.9,0.0,0.0,16.0,25903.0
2026-07-30T19:01:36.836Z,266.319,266.334,0.0,7.4,0.0,0.0,0.0,0.0,0.0,0.0,0.0,0.0,1.0,0.0,0.0,0.0,9.0,4.0,0.0,0.0,0.0,0.0,0.0,0.0,0.0,0.0,2.0,12.0,1.0,12.18,5.01,2.5,1.48,0.0,0.0,0.0,0.4,0.0,0.2,0.0,-1.1,-169.60000000000002,0.0,0.0,169.60000000000002,0.0,21.700000000000003,29.200000000000003,29.200000000000003,29.700000000000003,300.0,300.0,31.700000000000003,35.6,29.1,28.3,30.200000000000003,4.95,1.99,4.96,0.16,0.0,0.0,1027.0,8228.0,0.0,0.0,0.0,0.0,0.0,1.0,0.0,0.0,0.0,0.0,0.0,-0.9,0.0,1.0,0.0,0.0001,16.0,25903.0
2026-07-30T19:01:36.848Z,266.331,266.346,0.0,7.4,0.0,0.0,0.0,0.0,0.0,0.0,0.0,0.0,1.0,0.0,0.0,0.0,9.0,4.0,0.0,0.0,0.0,0.0,0.0,0.0,0.0,0.0,3.0,12.0,1.0,12.18,5.01,2.5,1.48,0.0,0.0,0.0,0.4,0.0,0.2,0.0,0.0,-169.60000000000002,0.0,0.0,169.60000000000002,0.0,21.700000000000003,29.200000000000003,29.200000000000003,29.700000000000003,300.0,300.0,31.700000000000003,35.6,29.1,28.3,30.200000000000003,4.96,2.0,4.96,0.16,0.0,0.0,1027.0,8228.0,0.0,0.0,0.0,0.0,0.0,1.0,0.0,0.0,0.0,0.0,0.0,0.0,0.0,0.0,0.0,0.0001,16.0,25903.0
2026-07-30T19:01:36.860Z,266.343,266.358,0.0,7.4,0.0,0.0,0.0,0.0,0.0,0.0,0.0,0.0,1.0,0.0,0.0,0.0,9.0,4.0,0.0,0.0,0.0,0.0,0.0,0.0,0.0,0.0,4.0,12.0,1.0,12.18,5.01,2.5,1.48,0.0,0.0,0.0,0.4,0.0,0.8,-0.5,0.0,-169.60000000000002,0.0,0.0,169.60000000000002,0.0,21.700000000000003,29.200000000000003,29.200000000000003,29.700000000000003,300.0,300.0,31.700000000000003,35.6,29.1,28.3,30.200000000000003,4.95,2.0,4.96,0.16,0.0,0.0,1027.0,8228.0,0.0,0.0,0.0,0.0,0.0,1.0,0.0,0.0,0.0,0.0,0.0,-0.7000000000000001,0.0,0.0,0.0,0.0,16.0,25903.0
2026-07-30T19:01:36.872Z,266.355,266.37,0.0,7.4,0.0,0.0,0.0,0.0,0.0,0.0,0.0,0.0,1.0,0.0,0.0,0.0,9.0,4.0,0.0,0.0,0.0,0.0,0.0,0.0,0.0,0.0,5.0,12.0,1.0,12.18,5.01,2.5,1.48,0.0,0.0,0.0,0.4,0.0,0.2,0.0,0.0,-169.60000000000002,0.0,0.0,169.60000000000002,0.0,21.700000000000003,29.200000000000003,29.200000000000003,29.700000000000003,300.0,300.0,31.700000000000003,35.6,29.1,28.3,30.200000000000003,4.95,1.99,4.97,0.16,0.0,0.0,1027.0,8228.0,0.0,0.0,0.0,0.0,0.0,1.0,0.0,0.0,0.0,0.0,0.0,-0.1,0.0,0.0,0.0,0.0,16.0,25903.0
2026-07-30T19:01:36.888Z,266.371,266.382,0.0,7.4,0.0,0.0,0.0,0.0,0.0,0.0,0.0,0.0,1.0,0.0,0.0,0.0,9.0,4.0,0.0,0.0,0.0,0.0,0.0,0.0,0.0,0.0,6.0,12.0,1.0,12.18,5.01,2.5,1.48,0.0,0.0,0.0,0.4,0.0,-0.3,0.5,1.0,-169.60000000000002,0.0,0.0,169.70000000000002,0.0,21.700000000000003,29.200000000000003,29.200000000000003,29.700000000000003,300.0,300.0,31.700000000000003,35.6,29.1,28.3,30.200000000000003,4.95,1.99,4.96,0.16,0.0,0.0,1027.0,8228.0,0.0,0.0,0.0,0.0,0.0,1.0,0.0,0.0,0.0,0.0,0.0,1.4,0.0,-0.8,0.0,0.0,16.0,25903.0
2026-07-30T19:01:36.896Z,266.379,266.394,0.0,7.4,0.0,0.0,0.0,0.0,0.0,0.0,0.0,0.0,1.0,0.0,0.0,0.0,9.0,4.0,0.0,0.0,0.0,0.0,0.0,0.0,0.0,0.0,6.0,12.0,1.0,12.18,5.01,2.5,1.48,0.0,0.0,0.0,0.4,0.0,-0.3,-0.6000000000000001,-1.2000000000000002,-169.60000000000002,0.0,0.0,169.70000000000002,0.0,21.700000000000003,29.200000000000003,29.200000000000003,29.700000000000003,300.0,300.0,31.700000000000003,35.6,29.1,28.3,30.200000000000003,4.96,1.99,4.96,0.16,0.0,0.0,1027.0,8228.0,0.0,0.0,0.0,0.0,0.0,1.0,0.0,0.0,0.0,0.0,0.0,0.8,0.0,-0.9,0.0,0.0002,16.0,25903.0
2026-07-30T19:01:36.908Z,266.391,266.406,0.0,7.4,0.0,0.0,0.0,0.0,0.0,0.0,0.0,0.0,1.0,0.0,0.0,0.0,9.0,4.0,0.0,0.0,0.0,0.0,0.0,0.0,0.0,0.0,5.0,12.0,1.0,12.18,5.01,2.5,1.48,0.0,0.0,0.0,0.4,0.0,-0.3,-0.6000000000000001,1.6,-169.60000000000002,0.0,0.0,169.70000000000002,0.0,21.700000000000003,29.200000000000003,29.200000000000003,29.700000000000003,300.0,300.0,31.700000000000003,35.6,29.1,28.3,30.200000000000003,4.95,1.99,4.97,0.16,0.0,0.0,1027.0,8228.0,0.0,0.0,0.0,0.0,0.0,1.0,0.0,0.0,0.0,0.0,0.0,-0.7000000000000001,0.0,0.0,0.0,0.0,16.0,25903.0
2026-07-30T19:01:36.921Z,266.404,266.418,0.0,7.4,0.0,0.0,0.0,0.0,0.0,0.0,0.0,0.0,1.0,0.0,0.0,0.0,9.0,4.0,0.0,0.0,0.0,0.0,0.0,0.0,0.0,0.0,6.0,12.0,1.0,12.2,5.01,2.5,1.49,0.0,0.0,0.0,0.5,0.0,-0.3,-0.6000000000000001,1.0,-169.60000000000002,0.0,0.0,169.8,0.0,20.9,29.200000000000003,29.200000000000003,29.700000000000003,300.0,300.0,31.8,35.6,29.1,28.3,30.200000000000003,4.95,1.99,4.97,0.16,0.0,0.0,1027.0,8228.0,0.0,0.0,0.0,0.0,0.0,1.0,0.0,0.0,0.0,0.0,0.0,-1.9,0.0,0.3,0.0,0.0,16.0,25903.0
2026-07-30T19:01:36.933Z,266.416,266.43,0.0,7.4,0.0,0.0,0.0,0.0,0.0,0.0,0.0,0.0,1.0,0.0,0.0,0.0,9.0,4.0,0.0,0.0,0.0,0.0,0.0,0.0,0.0,0.0,1.0,12.0,1.0,12.2,5.01,2.5,1.49,0.0,0.0,0.0,0.4,0.0,0.2,0.5,1.0,-169.60000000000002,0.0,0.0,169.8,0.0,20.9,29.200000000000003,29.200000000000003,29.700000000000003,300.0,300.0,31.8,35.6,29.1,28.3,30.200000000000003,4.95,1.99,4.96,0.16,0.0,0.0,1027.0,8228.0,0.0,0.0,0.0,0.0,0.0,1.0,0.0,0.0,0.0,0.0,0.0,1.4,0.0,-0.8,0.0,0.0001,16.0,25903.0
2026-07-30T19:01:36.945Z,266.428,266.442,0.0,7.4,0.0,0.0,0.0,0.0,0.0,0.0,0.0,0.0,1.0,0.0,0.0,0.0,9.0,4.0,0.0,0.0,0.0,0.0,0.0,0.0,0.0,0.0,2.0,12.0,1.0,12.2,5.01,2.5,1.49,0.0,0.0,0.0,0.4,0.0,0.2,0.6000000000000001,-0.6000000000000001,-169.70000000000002,0.0,0.0,169.8,0.0,20.9,29.200000000000003,29.200000000000003,29.700000000000003,300.0,300.0,31.8,35.6,29.1,28.3,30.200000000000003,4.96,1.99,4.96,0.16,0.0,0.0,1027.0,8228.0,0.0,0.0,0.0,0.0,0.0,1.0,0.0,0.0,0.0,0.0,0.0,0.2,0.0,0.6000000000000001,0.0,0.0001,16.0,25903.0
2026-07-30T19:01:36.956Z,266.439,266.454,0.0,7.4,0.0,0.0,0.0,0.0,0.0,0.0,0.0,0.0,1.0,0.0,0.0,0.0,9.0,4.0,0.0,0.0,0.0,0.0,0.0,0.0,0.0,0.0,3.0,12.0,1.0,12.2,5.01,2.5,1.49,0.0,0.0,0.0,0.4,0.0,-0.3,0.0,0.5,-169.70000000000002,0.0,0.0,169.8,0.0,20.9,29.200000000000003,29.200000000000003,29.700000000000003,300.0,300.0,31.8,35.6,29.1,28.3,30.200000000000003,4.95,1.99,4.97,0.16,0.0,0.0,1027.0,8228.0,0.0,0.0,0.0,0.0,0.0,1.0,0.0,0.0,0.0,0.0,0.0,0.5,0.0,-0.5,0.0,0.0,16.0,25903.0
2026-07-30T19:01:36.969Z,266.452,266.466,0.0,7.4,0.0,0.0,0.0,0.0,0.0,0.0,0.0,0.0,1.0,0.0,0.0,0.0,9.0,4.0,0.0,0.0,0.0,0.0,0.0,0.0,0.0,0.0,4.0,12.0,1.0,12.2,5.01,2.5,1.49,0.0,0.0,0.0,0.4,0.0,0.8,0.0,-0.5,-169.70000000000002,0.0,0.0,169.70000000000002,0.0,20.9,29.200000000000003,29.200000000000003,29.700000000000003,300.0,300.0,31.8,35.6,29.1,28.3,30.200000000000003,4.96,1.99,4.97,0.16,0.0,0.0,1027.0,8228.0,0.0,0.0,0.0,0.0,0.0,1.0,0.0,0.0,0.0,0.0,0.0,-0.2,0.0,0.4,0.0,0.0,16.0,25903.0
2026-07-30T19:01:36.981Z,266.464,266.478,0.0,7.4,0.0,0.0,0.0,0.0,0.0,0.0,0.0,0.0,1.0,0.0,0.0,0.0,9.0,4.0,0.0,0.0,0.0,0.0,0.0,0.0,0.0,0.0,5.0,12.0,1.0,12.2,5.01,2.5,1.49,0.0,0.0,0.0,0.4,0.0,0.2,0.0,-0.5,-169.70000000000002,0.0,0.0,169.70000000000002,0.0,20.9,29.200000000000003,29.200000000000003,29.700000000000003,300.0,300.0,31.8,35.6,29.1,28.3,30.200000000000003,4.96,1.99,4.97,0.16,0.0,0.0,1027.0,8228.0,0.0,0.0,0.0,0.0,0.0,1.0,0.0,0.0,0.0,0.0,0.0,-0.3,0.0,0.5,0.0,0.0002,16.0,25903.0
2026-07-30T19:01:36.992Z,266.475,266.49,0.0,7.4,0.0,0.0,0.0,0.0,0.0,0.0,0.0,0.0,1.0,0.0,0.0,0.0,9.0,4.0,0.0,0.0,0.0,0.0,0.0,0.0,0.0,0.0,6.0,12.0,1.0,12.2,5.01,2.5,1.49,0.0,0.0,0.0,0.3,0.0,-0.3,0.1,0.0,-169.70000000000002,0.0,0.0,169.70000000000002,0.0,20.9,29.200000000000003,29.200000000000003,29.700000000000003,300.0,300.0,31.8,35.6,29.1,28.3,30.200000000000003,4.95,1.99,4.97,0.16,0.0,0.0,1027.0,8228.0,0.0,0.0,0.0,0.0,0.0,1.0,0.0,0.0,0.0,0.0,0.0,0.1,0.0,0.0,0.0,0.0001,16.0,25903.0
2026-07-30T19:01:37.004Z,266.487,266.502,0.0,7.4,0.0,0.0,0.0,0.0,0.0,0.0,0.0,0.0,1.0,0.0,0.0,0.0,9.0,4.0,0.0,0.0,0.0,0.0,0.0,0.0,0.0,0.0,1.0,12.0,1.0,12.2,5.01,2.5,1.49,0.0,0.0,0.0,0.4,0.0,0.2,-0.5,1.1,-169.70000000000002,0.0,0.0,169.70000000000002,0.0,20.9,29.200000000000003,29.200000000000003,29.700000000000003,300.0,300.0,31.8,35.6,29.1,28.3,30.200000000000003,4.96,1.99,4.96,0.16,0.0,0.0,1027.0,8228.0,0.0,0.0,0.0,0.0,0.0,1.0,0.0,0.0,0.0,0.0,0.0,0.2,0.0,-1.1,0.0,0.0001,16.0,25903.0
2026-07-30T19:01:37.018Z,266.501,266.514,0.0,7.4,0.0,0.0,0.0,0.0,0.0,0.0,0.0,0.0,1.0,0.0,0.0,0.0,9.0,4.0,0.0,0.0,0.0,0.0,0.0,0.0,0.0,0.0,2.0,12.0,1.0,12.14,5.01,2.5,1.49,0.0,0.0,0.0,0.4,0.0,0.2,-1.1,1.1,-169.70000000000002,0.0,0.0,169.60000000000002,0.0,21.8,29.200000000000003,29.200000000000003,29.700000000000003,300.0,300.0,31.6,35.7,29.1,28.3,30.200000000000003,4.96,2.0,4.96,0.16,0.0,0.0,1027.0,8228.0,0.0,0.0,0.0,0.0,0.0,1.0,0.0,0.0,0.0,0.0,0.0,-0.4,0.0,-1.2000000000000002,0.0,0.0001,16.0,25903.0
2026-07-30T19:01:37.029Z,266.512,266.526,0.0,7.4,0.0,0.0,0.0,0.0,0.0,0.0,0.0,0.0,1.0,0.0,0.0,0.0,9.0,4.0,0.0,0.0,0.0,0.0,0.0,0.0,0.0,0.0,3.0,12.0,1.0,12.14,5.01,2.5,1.49,0.0,0.1,0.0,0.4,0.0,-0.4,0.0,0.0,-169.70000000000002,0.0,0.0,169.70000000000002,0.0,21.8,29.200000000000003,29.200000000000003,29.700000000000003,300.0,300.0,31.6,35.7,29.1,28.3,30.200000000000003,4.96,1.99,4.97,0.16,0.0,0.0,1027.0,8228.0,0.0,0.0,0.0,0.0,0.0,1.0,0.0,0.0,0.0,0.0,0.0,0.0,0.0,0.0,0.0,0.0,16.0,25903.0
2026-07-30T19:01:37.042Z,266.525,266.538,0.0,7.4,0.0,0.0,0.0,0.0,0.0,0.0,0.0,0.0,1.0,0.0,0.0,0.0,9.0,4.0,0.0,0.0,0.0,0.0,0.0,0.0,0.0,0.0,4.0,12.0,1.0,12.14,5.01,2.5,1.49,0.0,0.0,0.0,0.4,0.0,-1.0,0.0,0.0,-169.70000000000002,0.0,0.0,169.70000000000002,0.0,21.8,29.200000000000003,29.200000000000003,29.700000000000003,300.0,300.0,31.6,35.7,29.1,28.3,30.200000000000003,4.96,1.99,4.97,0.16,0.0,0.0,1027.0,8228.0,0.0,0.0,0.0,0.0,0.0,1.0,0.0,0.0,0.0,0.0,0.0,0.0,0.0,0.0,0.0,0.0,16.0,25903.0
2026-07-30T19:01:37.053Z,266.536,266.55,0.0,7.4,0.0,0.0,0.0,0.0,0.0,0.0,0.0,0.0,1.0,0.0,0.0,0.0,9.0,4.0,0.0,0.0,0.0,0.0,0.0,0.0,0.0,0.0,6.0,12.0,1.0,12.14,5.01,2.5,1.49,0.0,0.0,0.0,0.4,0.0,0.1,0.0,1.7000000000000002,-169.70000000000002,0.0,0.0,169.70000000000002,0.0,21.8,29.200000000000003,29.200000000000003,29.700000000000003,300.0,300.0,31.6,35.7,29.1,28.3,30.200000000000003,4.96,1.99,4.96,0.16,0.0,0.0,1027.0,8228.0,0.0,0.0,0.0,0.0,0.0,1.0,0.0,0.0,0.0,0.0,0.0,1.3,0.0,-1.5,0.0,0.0,16.0,25903.0
2026-07-30T19:01:37.065Z,266.548,266.562,0.0,7.4,0.0,0.0,0.0,0.0,0.0,0.0,0.0,0.0,1.0,0.0,0.0,0.0,9.0,4.0,0.0,0.0,0.0,0.0,0.0,0.0,0.0,0.0,1.0,12.0,1.0,12.14,5.01,2.5,1.49,0.0,0.0,0.0,0.4,0.0,-0.3,-1.0,1.1,-169.70000000000002,0.0,0.0,169.60000000000002,0.0,21.8,29.200000000000003,29.200000000000003,29.700000000000003,300.0,300.0,31.6,35.7,29.1,28.3,30.200000000000003,4.95,1.99,4.97,0.16,0.0,0.0,1027.0,8228.0,0.0,0.0,0.0,0.0,0.0,1.0,0.0,0.0,0.0,0.0,0.0,-0.3,0.0,-1.2000000000000002,0.0,0.0001,16.0,25903.0
2026-07-30T19:01:37.077Z,266.56,266.574,0.0,7.4,0.0,0.0,0.0,0.0,0.0,0.0,0.0,0.0,1.0,0.0,0.0,0.0,9.0,4.0,0.0,0.0,0.0,0.0,0.0,0.0,0.0,0.0,2.0,12.0,1.0,12.14,5.01,2.5,1.49,0.0,0.0,0.0,0.5,0.0,0.2,0.6000000000000001,0.5,-169.60000000000002,0.0,0.0,169.70000000000002,0.0,21.8,29.200000000000003,29.200000000000003,29.700000000000003,300.0,300.0,31.6,35.7,29.1,28.3,30.200000000000003,4.95,1.99,4.96,0.16,0.0,0.0,1027.0,8228.0,0.0,0.0,0.0,0.0,0.0,1.0,0.0,0.0,0.0,0.0,0.0,1.1,0.0,-0.3,0.0,0.0,16.0,25903.0
2026-07-30T19:01:37.088Z,266.571,266.586,0.0,7.4,0.0,0.0,0.0,0.0,0.0,0.0,0.0,0.0,1.0,0.0,0.0,0.0,9.0,4.0,0.0,0.0,0.0,0.0,0.0,0.0,0.0,0.0,3.0,12.0,1.0,12.14,5.01,2.5,1.49,0.0,0.0,0.0,0.4,0.0,-0.3,0.0,-1.1,-169.60000000000002,0.0,0.0,169.70000000000002,0.0,21.8,29.200000000000003,29.200000000000003,29.700000000000003,300.0,300.0,31.6,35.7,29.1,28.3,30.200000000000003,4.96,2.0,4.96,0.16,0.0,0.0,1027.0,8228.0,0.0,0.0,0.0,0.0,0.0,1.0,0.0,0.0,0.0,0.0,0.0,-0.7000000000000001,0.0,1.0,0.0,0.0,16.0,25903.0
2026-07-30T19:01:37.101Z,266.584,266.598,0.0,7.4,0.0,0.0,0.0,0.0,0.0,0.0,0.0,0.0,1.0,0.0,0.0,0.0,9.0,4.0,0.0,0.0,0.0,0.0,0.0,0.0,0.0,0.0,4.0,12.0,1.0,12.14,5.01,2.5,1.49,0.0,0.0,0.0,0.4,0.0,0.2,0.6000000000000001,-1.1,-169.60000000000002,0.0,0.0,169.70000000000002,0.0,21.8,29.200000000000003,29.200000000000003,29.700000000000003,300.0,300.0,31.6,35.7,29.1,28.3,30.200000000000003,4.95,2.0,4.96,0.16,0.0,0.0,1027.0,8228.0,0.0,0.0,0.0,0.0,0.0,1.0,0.0,0.0,0.0,0.0,0.0,-0.1,0.0,1.1,0.0,0.0,16.0,25903.0
2026-07-30T19:01:37.112Z,266.595,266.61,0.0,7.4,0.0,0.0,0.0,0.0,0.0,0.0,0.0,0.0,1.0,0.0,0.0,0.0,9.0,4.0,0.0,0.0,0.0,0.0,0.0,0.0,0.0,0.0,6.0,12.0,1.0,12.14,5.01,2.5,1.49,0.0,0.0,0.0,0.5,0.0,0.2,-1.0,1.2000000000000002,-169.60000000000002,0.0,0.0,169.60000000000002,0.0,21.8,29.200000000000003,29.200000000000003,29.700000000000003,300.0,300.0,31.6,35.7,29.1,28.3,30.200000000000003,4.96,1.99,4.97,0.16,0.0,0.0,1027.0,8228.0,0.0,0.0,0.0,0.0,0.0,1.0,0.0,0.0,0.0,0.0,0.0,-0.3,0.0,-1.2000000000000002,0.0,0.0001,16.0,25903.0
2026-07-30T19:01:37.125Z,266.608,266.622,0.0,7.4,0.0,0.0,0.0,0.0,0.0,0.0,0.0,0.0,1.0,0.0,0.0,0.0,9.0,4.0,0.0,0.0,0.0,0.0,0.0,0.0,0.0,0.0,1.0,12.0,1.0,12.15,5.0200000000000005,2.51,1.5,0.0,0.0,0.0,0.4,0.0,0.1,1.2000000000000002,0.0,-169.60000000000002,0.0,0.0,169.70000000000002,0.0,21.4,29.200000000000003,29.200000000000003,29.700000000000003,300.0,300.0,31.700000000000003,35.7,29.1,28.3,30.200000000000003,4.96,1.99,4.96,0.16,0.0,0.0,1027.0,8228.0,0.0,0.0,0.0,0.0,0.0,1.0,0.0,0.0,0.0,0.0,0.0,1.4,0.0,0.2,0.0,0.0,16.0,25903.0
2026-07-30T19:01:37.137Z,266.62,266.634,0.0,7.4,0.0,0.0,0.0,0.0,0.0,0.0,0.0,0.0,1.0,0.0,0.0,0.0,9.0,4.0,0.0,0.0,0.0,0.0,0.0,0.0,0.0,0.0,3.0,12.0,1.0,12.15,5.0200000000000005,2.51,1.5,0.0,0.0,0.0,0.5,0.0,-0.3,0.0,0.5,-169.60000000000002,0.0,0.0,169.8,0.0,21.4,29.200000000000003,29.200000000000003,29.700000000000003,300.0,300.0,31.700000000000003,35.7,29.1,28.3,30.200000000000003,4.96,1.99,4.96,0.16,0.0,0.0,1027.0,8228.0,0.0,0.0,0.0,0.0,0.0,1.0,0.0,0.0,0.0,0.0,0.0,0.5,0.0,-0.5,0.0,0.0001,16.0,25903.0
2026-07-30T19:01:37.148Z,266.631,266.646,0.0,7.4,0.0,0.0,0.0,0.0,0.0,0.0,0.0,0.0,1.0,0.0,0.0,0.0,9.0,4.0,0.0,0.0,0.0,0.0,0.0,0.0,0.0,0.0,4.0,12.0,1.0,12.15,5.0200000000000005,2.51,1.5,0.0,0.0,0.0,0.4,0.0,-0.3,-0.4,-1.1,-169.60000000000002,0.0,0.0,169.70000000000002,0.0,21.4,29.200000000000003,29.200000000000003,29.700000000000003,300.0,300.0,31.700000000000003,35.7,29.1,28.3,30.200000000000003,4.95,1.99,4.97,0.16,0.0,0.0,1027.0,8228.0,0.0,0.0,0.0,0.0,0.0,1.0,0.0,0.0,0.0,0.0,0.0,-1.4,0.0,0.9,0.0,0.0002,16.0,25903.0
2026-07-30T19:01:37.161Z,266.644,266.658,0.0,7.4,0.0,0.0,0.0,0.0,0.0,0.0,0.0,0.0,1.0,0.0,0.0,0.0,9.0,4.0,0.0,0.0,0.0,0.0,0.0,0.0,0.0,0.0,5.0,12.0,1.0,12.15,5.0200000000000005,2.51,1.5,0.0,0.1,0.0,0.4,0.0,0.2,-0.4,1.1,-169.60000000000002,0.0,0.0,169.8,0.0,21.4,29.200000000000003,29.200000000000003,29.700000000000003,300.0,300.0,31.700000000000003,35.7,29.1,28.3,30.200000000000003,4.96,1.99,4.96,0.16,0.0,0.0,1027.0,8228.0,0.0,0.0,0.0,0.0,0.0,1.0,0.0,0.0,0.0,0.0,0.0,0.3,0.0,-1.1,0.0,0.0002,16.0,25903.0
2026-07-30T19:01:37.172Z,266.655,266.67,0.0,7.4,0.0,0.0,0.0,0.0,0.0,0.0,0.0,0.0,1.0,0.0,0.0,0.0,9.0,4.0,0.0,0.0,0.0,0.0,0.0,0.0,0.0,0.0,1.0,12.0,1.0,12.15,5.0200000000000005,2.51,1.5,0.0,0.0,0.0,0.4,0.0,0.2,1.2000000000000002,0.0,-169.60000000000002,0.0,0.0,169.70000000000002,0.0,21.4,29.200000000000003,29.200000000000003,29.700000000000003,300.0,300.0,31.700000000000003,35.7,29.1,28.3,30.200000000000003,4.96,1.99,4.96,0.16,0.0,0.0,1027.0,8228.0,0.0,0.0,0.0,0.0,0.0,1.0,0.0,0.0,0.0,0.0,0.0,1.4,0.0,0.2,0.0,0.0001,16.0,25903.0
2026-07-30T19:01:37.185Z,266.668,266.682,0.0,7.4,0.0,0.0,0.0,0.0,0.0,0.0,0.0,0.0,1.0,0.0,0.0,0.0,9.0,4.0,0.0,0.0,0.0,0.0,0.0,0.0,0.0,0.0,2.0,12.0,1.0,12.15,5.0200000000000005,2.51,1.5,0.0,0.0,0.0,0.4,0.0,0.3,0.1,1.2000000000000002,-169.70000000000002,0.0,0.0,169.60000000000002,0.0,21.4,29.200000000000003,29.200000000000003,29.700000000000003,300.0,300.0,31.700000000000003,35.7,29.1,28.3,30.200000000000003,4.95,1.99,4.96,0.16,0.0,0.0,1027.0,8228.0,0.0,0.0,0.0,0.0,0.0,1.0,0.0,0.0,0.0,0.0,0.0,1.0,0.0,-1.0,0.0,0.0,16.0,25903.0
2026-07-30T19:01:37.196Z,266.679,266.694,0.0,7.4,0.0,0.0,0.0,0.0,0.0,0.0,0.0,0.0,1.0,0.0,0.0,0.0,9.0,4.0,0.0,0.0,0.0,0.0,0.0,0.0,0.0,0.0,4.0,12.0,1.0,12.15,5.0200000000000005,2.51,1.5,0.0,0.1,0.0,0.4,0.0,-0.2,-0.4,0.5,-169.70000000000002,0.0,0.0,169.8,0.0,21.4,29.200000000000003,29.200000000000003,29.700000000000003,300.0,300.0,31.700000000000003,35.7,29.1,28.3,30.200000000000003,4.95,1.99,4.97,0.16,0.0,0.0,1027.0,8228.0,0.0,0.0,0.0,0.0,0.0,1.0,0.0,0.0,0.0,0.0,0.0,0.0,0.0,-0.6000000000000001,0.0,0.0002,16.0,25903.0
2026-07-30T19:01:37.210Z,266.693,266.706,0.0,7.4,0.0,0.0,0.0,0.0,0.0,0.0,0.0,0.0,1.0,0.0,0.0,0.0,9.0,4.0,0.0,0.0,0.0,0.0,0.0,0.0,0.0,0.0,5.0,12.0,1.0,12.15,5.0200000000000005,2.51,1.5,0.0,0.0,0.0,0.4,0.0,-0.8,-0.4,-0.5,-169.70000000000002,0.0,0.0,169.70000000000002,0.0,21.4,29.200000000000003,29.200000000000003,29.700000000000003,300.0,300.0,31.700000000000003,35.7,29.1,28.3,30.200000000000003,4.96,1.99,4.96,0.16,0.0,0.0,1027.0,8228.0,0.0,0.0,0.0,0.0,0.0,1.0,0.0,0.0,0.0,0.0,0.0,-1.0,0.0,0.4,0.0,0.0001,16.0,25903.0
2026-07-30T19:01:37.222Z,266.705,266.718,0.0,7.4,0.0,0.0,0.0,0.0,0.0,0.0,0.0,0.0,1.0,0.0,0.0,0.0,9.0,4.0,0.0,0.0,0.0,0.0,0.0,0.0,0.0,0.0,3.0,12.0,1.0,12.15,5.0200000000000005,2.5,1.5,0.0,0.0,0.0,0.4,0.0,-0.8,0.6000000000000001,0.0,-169.70000000000002,0.0,0.0,169.70000000000002,0.0,21.4,29.200000000000003,29.200000000000003,29.700000000000003,300.0,300.0,31.6,35.7,29.1,28.3,30.200000000000003,4.96,1.99,4.97,0.16,0.0,0.0,1027.0,8228.0,0.0,0.0,0.0,0.0,0.0,1.0,0.0,0.0,0.0,0.0,0.0,0.7000000000000001,0.0,0.1,0.0,0.0,16.0,25903.0
2026-07-30T19:01:37.232Z,266.715,266.73,0.0,7.4,0.0,0.0,0.0,0.0,0.0,0.0,0.0,0.0,1.0,0.0,0.0,0.0,9.0,4.0,0.0,0.0,0.0,0.0,0.0,0.0,0.0,0.0,5.0,12.0,1.0,12.15,5.0200000000000005,2.5,1.5,0.0,0.1,0.0,0.4,0.0,0.3,0.6000000000000001,0.0,-169.70000000000002,0.0,0.0,169.70000000000002,0.0,21.4,29.200000000000003,29.200000000000003,29.700000000000003,300.0,300.0,31.6,35.7,29.1,28.3,30.200000000000003,4.95,1.99,4.97,0.16,0.0,0.0,1027.0,8228.0,0.0,0.0,0.0,0.0,0.0,1.0,0.0,0.0,0.0,0.0,0.0,0.7000000000000001,0.0,0.1,0.0,0.0,16.0,25903.0
2026-07-30T19:01:37.245Z,266.728,266.742,0.0,7.4,0.0,0.0,0.0,0.0,0.0,0.0,0.0,0.0,1.0,0.0,0.0,0.0,9.0,4.0,0.0,0.0,0.0,0.0,0.0,0.0,0.0,0.0,6.0,12.0,1.0,12.15,5.0200000000000005,2.5,1.5,0.0,0.0,0.0,0.4,0.0,0.2,0.0,0.4,-169.70000000000002,0.0,0.0,169.60000000000002,0.0,21.4,29.200000000000003,29.200000000000003,29.700000000000003,300.0,300.0,31.6,35.7,29.1,28.3,30.200000000000003,4.96,1.99,4.96,0.16,0.0,0.0,1027.0,8228.0,0.0,0.0,0.0,0.0,0.0,1.0,0.0,0.0,0.0,0.0,0.0,0.4,0.0,-0.4,0.0,0.0001,16.0,25903.0
2026-07-30T19:01:37.256Z,266.739,266.754,0.0,7.4,0.0,0.0,0.0,0.0,0.0,0.0,0.0,0.0,1.0,0.0,0.0,0.0,9.0,4.0,0.0,0.0,0.0,0.0,0.0,0.0,0.0,0.0,1.0,12.0,1.0,12.15,5.0200000000000005,2.5,1.5,0.0,0.1,0.0,0.5,0.0,-1.4,-1.1,-0.1,-169.70000000000002,0.0,0.0,169.70000000000002,0.0,21.4,29.200000000000003,29.200000000000003,29.700000000000003,300.0,300.0,31.6,35.7,29.1,28.3,30.200000000000003,4.96,2.0,4.96,0.16,0.0,0.0,1027.0,8228.0,0.0,0.0,0.0,0.0,0.0,1.0,0.0,0.0,0.0,0.0,0.0,-1.3,0.0,-0.1,0.0,0.0001,16.0,25903.0
2026-07-30T19:01:37.269Z,266.752,266.766,0.0,7.4,0.0,0.0,0.0,0.0,0.0,0.0,0.0,0.0,1.0,0.0,0.0,0.0,9.0,4.0,0.0,0.0,0.0,0.0,0.0,0.0,0.0,0.0,2.0,12.0,1.0,12.15,5.0200000000000005,2.5,1.5,0.0,0.1,0.0,0.4,0.0,0.8,0.0,-1.3,-169.70000000000002,0.0,0.0,169.70000000000002,0.0,21.4,29.200000000000003,29.200000000000003,29.700000000000003,300.0,300.0,31.6,35.7,29.1,28.3,30.200000000000003,4.96,1.99,4.97,0.16,0.0,0.0,1027.0,8228.0,0.0,0.0,0.0,0.0,0.0,1.0,0.0,0.0,0.0,0.0,0.0,-0.9,0.0,1.1,0.0,0.0,16.0,25903.0
2026-07-30T19:01:37.281Z,266.764,266.778,0.0,7.4,0.0,0.0,0.0,0.0,0.0,0.0,0.0,0.0,1.0,0.0,0.0,0.0,9.0,4.0,0.0,0.0,0.0,0.0,0.0,0.0,0.0,0.0,3.0,12.0,1.0,12.15,5.0200000000000005,2.5,1.5,0.0,0.0,0.0,0.4,0.0,1.4,0.5,0.4,-169.70000000000002,0.0,0.0,169.70000000000002,0.0,21.4,29.200000000000003,29.200000000000003,29.700000000000003,300.0,300.0,31.6,35.7,29.1,28.3,30.200000000000003,4.95,2.0,4.97,0.16,0.0,0.0,1027.0,8228.0,0.0,0.0,0.0,0.0,0.0,1.0,0.0,0.0,0.0,0.0,0.0,0.9,0.0,-0.2,0.0,0.0,16.0,25903.0
2026-07-30T19:01:37.293Z,266.776,266.79,0.0,7.4,0.0,0.0,0.0,0.0,0.0,0.0,0.0,0.0,1.0,0.0,0.0,0.0,9.0,4.0,0.0,0.0,0.0,0.0,0.0,0.0,0.0,0.0,5.0,12.0,1.0,12.15,5.0200000000000005,2.5,1.5,0.0,0.0,0.0,0.4,0.0,-0.2,0.0,-0.1,-169.70000000000002,0.0,0.0,169.70000000000002,0.0,21.4,29.200000000000003,29.200000000000003,29.700000000000003,300.0,300.0,31.6,35.7,29.1,28.3,30.200000000000003,4.96,2.0,4.96,0.15,0.0,0.0,1027.0,8228.0,0.0,0.0,0.0,0.0,0.0,1.0,0.0,0.0,0.0,0.0,0.0,0.0,0.0,0.1,0.0,0.0,16.0,25903.0
2026-07-30T19:01:37.304Z,266.787,266.802,0.0,7.4,0.0,0.0,0.0,0.0,0.0,0.0,0.0,0.0,1.0,0.0,0.0,0.0,9.0,4.0,0.0,0.0,0.0,0.0,0.0,0.0,0.0,0.0,5.0,12.0,1.0,12.15,5.0200000000000005,2.5,1.5,0.0,0.0,0.0,0.5,0.0,-0.8,-0.5,-0.7000000000000001,-169.70000000000002,0.0,0.0,169.70000000000002,0.0,21.4,29.200000000000003,29.200000000000003,29.700000000000003,300.0,300.0,31.6,35.7,29.1,28.3,30.200000000000003,4.95,1.99,4.97,0.15,0.0,0.0,1027.0,8228.0,0.0,0.0,0.0,0.0,0.0,1.0,0.0,0.0,0.0,0.0,0.0,-1.1,0.0,0.5,0.0,0.0001,16.0,25903.0
2026-07-30T19:01:37.317Z,266.8,266.814,0.0,7.4,0.0,0.0,0.0,0.0,0.0,0.0,0.0,0.0,1.0,0.0,0.0,0.0,9.0,4.0,0.0,0.0,0.0,0.0,0.0,0.0,0.0,0.0,1.0,12.0,1.0,12.15,5.0200000000000005,2.5,1.5,0.0,0.0,0.0,0.4,0.0,-0.2,1.8,1.0,-169.70000000000002,0.0,0.0,169.60000000000002,0.0,21.4,29.200000000000003,29.200000000000003,29.700000000000003,300.0,300.0,31.6,35.7,29.1,28.3,30.200000000000003,4.95,2.0,4.97,0.16,0.0,0.0,1027.0,8228.0,0.0,0.0,0.0,0.0,0.0,1.0,0.0,0.0,0.0,0.0,0.0,2.8000000000000003,0.0,-0.5,0.0,0.0001,16.0,25903.0
2026-07-30T19:01:37.329Z,266.812,266.826,0.0,7.4,0.0,0.0,0.0,0.0,0.0,0.0,0.0,0.0,1.0,0.0,0.0,0.0,9.0,4.0,0.0,0.0,0.0,0.0,0.0,0.0,0.0,0.0,2.0,12.0,1.0,12.18,5.0200000000000005,2.5,1.49,0.0,0.1,0.0,0.4,0.0,0.3,0.6000000000000001,-1.2000000000000002,-169.70000000000002,0.0,0.0,169.70000000000002,0.0,21.9,29.200000000000003,29.200000000000003,29.700000000000003,300.0,300.0,31.6,35.6,29.1,28.3,30.200000000000003,4.96,2.0,4.97,0.16,0.0,0.0,1027.0,8228.0,0.0,0.0,0.0,0.0,0.0,1.0,0.0,0.0,0.0,0.0,0.0,-0.2,0.0,1.2000000000000002,0.0,0.0001,16.0,25903.0
2026-07-30T19:01:37.341Z,266.824,266.838,0.0,7.4,0.0,0.0,0.0,0.0,0.0,0.0,0.0,0.0,1.0,0.0,0.0,0.0,9.0,4.0,0.0,0.0,0.0,0.0,0.0,0.0,0.0,0.0,3.0,12.0,1.0,12.18,5.0200000000000005,2.5,1.49,0.0,0.1,0.0,0.4,0.0,-0.2,-0.5,1.0,-169.60000000000002,0.0,0.0,169.70000000000002,0.0,21.9,29.200000000000003,29.200000000000003,29.700000000000003,300.0,300.0,31.6,35.6,29.1,28.3,30.200000000000003,4.96,2.0,4.97,0.16,0.0,0.0,1027.0,8228.0,0.0,0.0,0.0,0.0,0.0,1.0,0.0,0.0,0.0,0.0,0.0,0.1,0.0,-1.0,0.0,0.0,16.0,25903.0
2026-07-30T19:01:37.353Z,266.836,266.85,0.0,7.4,0.0,0.0,0.0,0.0,0.0,0.0,0.0,0.0,1.0,0.0,0.0,0.0,9.0,4.0,0.0,0.0,0.0,0.0,0.0,0.0,0.0,0.0,5.0,12.0,1.0,12.18,5.0200000000000005,2.5,1.49,0.0,0.0,0.0,0.4,0.0,0.9,-0.5,0.5,-169.70000000000002,0.0,0.0,169.70000000000002,0.0,21.9,29.200000000000003,29.200000000000003,29.700000000000003,300.0,300.0,31.6,35.6,29.1,28.3,30.200000000000003,4.95,1.99,4.96,0.16,0.0,0.0,1027.0,8228.0,0.0,0.0,0.0,0.0,0.0,1.0,0.0,0.0,0.0,0.0,0.0,-0.2,0.0,-0.5,0.0,0.0001,16.0,25903.0
2026-07-30T19:01:37.365Z,266.848,266.862,0.0,7.4,0.0,0.0,0.0,0.0,0.0,0.0,0.0,0.0,1.0,0.0,0.0,0.0,9.0,4.0,0.0,0.0,0.0,0.0,0.0,0.0,0.0,0.0,6.0,12.0,1.0,12.18,5.0200000000000005,2.5,1.49,0.0,0.0,0.0,0.4,0.0,0.3,-0.5,-0.6000000000000001,-169.60000000000002,0.0,0.0,169.70000000000002,0.0,21.9,29.200000000000003,29.200000000000003,29.700000000000003,300.0,300.0,31.6,35.6,29.1,28.3,30.200000000000003,4.95,1.99,4.96,0.16,0.0,0.0,1027.0,8228.0,0.0,0.0,0.0,0.0,0.0,1.0,0.0,0.0,0.0,0.0,0.0,-1.1,0.0,0.4,0.0,0.0001,16.0,25903.0
2026-07-30T19:01:37.377Z,266.86,266.874,0.0,7.4,0.0,0.0,0.0,0.0,0.0,0.0,0.0,0.0,1.0,0.0,0.0,0.0,9.0,4.0,0.0,0.0,0.0,0.0,0.0,0.0,0.0,0.0,1.0,12.0,1.0,12.18,5.0200000000000005,2.5,1.49,0.0,0.0,0.0,0.4,0.0,0.3,1.1,0.0,-169.60000000000002,0.0,0.0,169.70000000000002,0.0,21.9,29.200000000000003,29.200000000000003,29.700000000000003,300.0,300.0,31.6,35.6,29.1,28.3,30.200000000000003,4.96,1.99,4.96,0.16,0.0,0.0,1027.0,8228.0,0.0,0.0,0.0,0.0,0.0,1.0,0.0,0.0,0.0,0.0,0.0,1.3,0.0,0.2,0.0,0.0,16.0,25903.0
2026-07-30T19:01:37.388Z,266.871,266.886,0.0,7.4,0.0,0.0,0.0,0.0,0.0,0.0,0.0,0.0,1.0,0.0,0.0,0.0,9.0,4.0,0.0,0.0,0.0,0.0,0.0,0.0,0.0,0.0,2.0,12.0,1.0,12.18,5.0200000000000005,2.5,1.49,0.0,0.1,0.0,0.4,0.0,0.9,-0.5,-0.7000000000000001,-169.60000000000002,0.0,0.0,169.70000000000002,0.0,21.9,29.200000000000003,29.200000000000003,29.700000000000003,300.0,300.0,31.6,35.6,29.1,28.3,30.200000000000003,4.95,1.99,4.97,0.16,0.0,0.0,1027.0,8228.0,0.0,0.0,0.0,0.0,0.0,1.0,0.0,0.0,0.0,0.0,0.0,-1.1,0.0,0.5,0.0,0.0,16.0,25903.0
2026-07-30T19:01:37.400Z,266.883,266.898,0.0,7.4,0.0,0.0,0.0,0.0,0.0,0.0,0.0,0.0,1.0,0.0,0.0,0.0,9.0,4.0,0.0,0.0,0.0,0.0,0.0,0.0,0.0,0.0,3.0,12.0,1.0,12.18,5.0200000000000005,2.5,1.49,0.0,0.1,0.0,0.4,0.0,1.4,0.6000000000000001,1.0,-169.60000000000002,0.0,0.0,169.70000000000002,0.0,21.9,29.200000000000003,29.200000000000003,29.700000000000003,300.0,300.0,31.6,35.6,29.1,28.3,30.200000000000003,4.96,1.99,4.96,0.16,0.0,0.0,1027.0,8228.0,0.0,0.0,0.0,0.0,0.0,1.0,0.0,0.0,0.0,0.0,0.0,0.8,0.0,-0.9,0.0,0.0,16.0,25903.0
2026-07-30T19:01:37.412Z,266.895,266.91,0.0,7.4,0.0,0.0,0.0,0.0,0.0,0.0,0.0,0.0,1.0,0.0,0.0,0.0,9.0,4.0,0.0,0.0,0.0,0.0,0.0,0.0,0.0,0.0,4.0,12.0,1.0,12.18,5.0200000000000005,2.5,1.49,0.0,0.0,0.0,0.4,0.0,-0.8,1.7000000000000002,1.0,-169.60000000000002,0.0,0.0,169.70000000000002,0.0,21.9,29.200000000000003,29.200000000000003,29.700000000000003,300.0,300.0,31.6,35.6,29.1,28.3,30.200000000000003,4.96,1.99,4.97,0.16,0.0,0.0,1027.0,8228.0,0.0,0.0,0.0,0.0,0.0,1.0,0.0,0.0,0.0,0.0,0.0,0.5,0.0,0.2,0.0,0.0001,16.0,25903.0
2026-07-30T19:01:37.425Z,266.908,266.922,0.0,7.4,0.0,0.0,0.0,0.0,0.0,0.0,0.0,0.0,1.0,0.0,0.0,0.0,9.0,4.0,0.0,0.0,0.0,0.0,0.0,0.0,0.0,0.0,5.0,12.0,1.0,12.17,5.0200000000000005,2.51,1.49,0.0,0.0,0.0,0.4,0.0,-0.2,-0.5,0.0,-169.60000000000002,0.0,0.0,169.60000000000002,0.0,21.3,29.200000000000003,29.200000000000003,29.700000000000003,300.0,300.0,31.4,35.6,29.1,28.3,30.200000000000003,4.96,1.99,4.97,0.16,0.0,0.0,1027.0,8228.0,0.0,0.0,0.0,0.0,0.0,1.0,0.0,0.0,0.0,0.0,0.0,1.1,0.0,-0.3,0.0,0.0,16.0,25903.0
2026-07-30T19:01:37.437Z,266.92,266.934,0.0,7.4,0.0,0.0,0.0,0.0,0.0,0.0,0.0,0.0,1.0,0.0,0.0,0.0,9.0,4.0,0.0,0.0,0.0,0.0,0.0,0.0,0.0,0.0,5.0,12.0,1.0,12.17,5.0200000000000005,2.51,1.49,0.0,0.1,0.0,0.4,0.0,0.3,-0.5,0.4,-169.60000000000002,0.0,0.0,169.60000000000002,0.0,21.3,29.200000000000003,29.200000000000003,29.700000000000003,300.0,300.0,31.4,35.6,29.1,28.3,30.200000000000003,4.96,1.99,4.97,0.16,0.0,0.0,1027.0,8228.0,0.0,0.0,0.0,0.0,0.0,1.0,0.0,0.0,0.0,0.0,0.0,-0.2,0.0,-0.5,0.0,0.0,16.0,25903.0
2026-07-30T19:01:37.449Z,266.932,266.946,0.0,7.4,0.0,0.0,0.0,0.0,0.0,0.0,0.0,0.0,1.0,0.0,0.0,0.0,9.0,4.0,0.0,0.0,0.0,0.0,0.0,0.0,0.0,0.0,6.0,12.0,1.0,12.17,5.0200000000000005,2.51,1.49,0.0,0.0,0.0,0.4,0.0,-0.2,-1.1,-0.1,-169.60000000000002,0.0,0.0,169.70000000000002,0.0,21.3,29.200000000000003,29.200000000000003,29.700000000000003,300.0,300.0,31.4,35.6,29.1,28.3,30.200000000000003,4.95,1.99,4.96,0.16,0.0,0.0,1027.0,8228.0,0.0,0.0,0.0,0.0,0.0,1.0,0.0,0.0,0.0,0.0,0.0,-1.3,0.0,-0.1,0.0,0.0,16.0,25903.0
2026-07-30T19:01:37.461Z,266.944,266.958,0.0,7.4,0.0,0.0,0.0,0.0,0.0,0.0,0.0,0.0,1.0,0.0,0.0,0.0,9.0,4.0,0.0,0.0,0.0,0.0,0.0,0.0,0.0,0.0,1.0,12.0,1.0,12.17,5.0200000000000005,2.51,1.49,0.0,0.1,0.0,0.4,0.0,0.3,0.5,-0.7000000000000001,-169.60000000000002,0.0,0.0,169.70000000000002,0.0,21.3,29.200000000000003,29.200000000000003,29.700000000000003,300.0,300.0,31.4,35.6,29.1,28.3,30.200000000000003,4.95,2.0,4.97,0.16,0.0,0.0,1027.0,8228.0,0.0,0.0,0.0,0.0,0.0,1.0,0.0,0.0,0.0,0.0,0.0,0.0,0.0,0.8,0.0,0.0,16.0,25903.0
2026-07-30T19:01:37.473Z,266.956,266.97,0.0,7.4,0.0,0.0,0.0,0.0,0.0,0.0,0.0,0.0,1.0,0.0,0.0,0.0,9.0,4.0,0.0,0.0,0.0,0.0,0.0,0.0,0.0,0.0,2.0,12.0,1.0,12.17,5.0200000000000005,2.51,1.49,0.0,0.1,0.0,0.4,0.0,-0.3,0.0,-0.7000000000000001,-169.60000000000002,0.0,0.0,169.60000000000002,0.0,21.3,29.200000000000003,29.200000000000003,29.700000000000003,300.0,300.0,31.4,35.6,29.1,28.3,30.200000000000003,4.95,2.0,4.97,0.16,0.0,0.0,1027.0,8228.0,0.0,0.0,0.0,0.0,0.0,1.0,0.0,0.0,0.0,0.0,0.0,-0.5,0.0,0.6000000000000001,0.0,0.0002,16.0,25903.0
2026-07-30T19:01:37.485Z,266.968,266.982,0.0,7.4,0.0,0.0,0.0,0.0,0.0,0.0,0.0,0.0,1.0,0.0,0.0,0.0,9.0,4.0,0.0,0.0,0.0,0.0,0.0,0.0,0.0,0.0,4.0,12.0,1.0,12.17,5.0200000000000005,2.51,1.49,0.0,0.0,0.0,0.5,0.0,0.3,-0.6000000000000001,-0.1,-169.60000000000002,0.0,0.0,169.70000000000002,0.0,21.3,29.200000000000003,29.200000000000003,29.700000000000003,300.0,300.0,31.4,35.6,29.1,28.3,30.200000000000003,4.95,2.0,4.97,0.16,0.0,0.0,1027.0,8228.0,0.0,0.0,0.0,0.0,0.0,1.0,0.0,0.0,0.0,0.0,0.0,-0.8,0.0,0.0,0.0,0.0001,16.0,25903.0
2026-07-30T19:01:37.496Z,266.979,266.994,0.0,7.4,0.0,0.0,0.0,0.0,0.0,0.0,0.0,0.0,1.0,0.0,0.0,0.0,9.0,4.0,0.0,0.0,0.0,0.0,0.0,0.0,0.0,0.0,5.0,12.0,1.0,12.17,5.0200000000000005,2.51,1.49,-0.1,0.1,0.0,0.4,0.0,0.2,-0.6000000000000001,-0.1,-169.60000000000002,0.0,0.0,169.8,0.0,21.3,29.200000000000003,29.200000000000003,29.700000000000003,300.0,300.0,31.4,35.6,29.1,28.3,30.200000000000003,4.96,1.99,4.97,0.16,0.0,0.0,1027.0,8228.0,0.0,0.0,0.0,0.0,0.0,1.0,0.0,0.0,0.0,0.0,0.0,-0.8,0.0,0.0,0.0,0.0,16.0,25903.0
2026-07-30T19:01:37.509Z,266.992,267.00600000000003,0.0,7.4,0.0,0.0,0.0,0.0,0.0,0.0,0.0,0.0,1.0,0.0,0.0,0.0,9.0,4.0,0.0,0.0,0.0,0.0,0.0,0.0,0.0,0.0,6.0,12.0,1.0,12.17,5.0200000000000005,2.51,1.49,0.0,0.0,0.0,0.4,0.0,-0.2,0.5,0.4,-169.60000000000002,0.0,0.0,169.70000000000002,0.0,21.3,29.200000000000003,29.200000000000003,29.700000000000003,300.0,300.0,31.4,35.6,29.1,28.3,30.200000000000003,4.96,1.99,4.96,0.16,0.0,0.0,1027.0,8228.0,0.0,0.0,0.0,0.0,0.0,1.0,0.0,0.0,0.0,0.0,0.0,0.9,0.0,-0.2,0.0,0.0001,16.0,25903.0
2026-07-30T19:01:37.524Z,267.007,267.01800000000003,0.0,7.4,0.0,0.0,0.0,0.0,0.0,0.0,0.0,0.0,1.0,0.0,0.0,0.0,9.0,4.0,0.0,0.0,0.0,0.0,0.0,0.0,0.0,0.0,6.0,12.0,1.0,12.17,5.0200000000000005,2.51,1.49,0.0,0.0,0.0,0.4,0.0,0.3,0.0,-0.6000000000000001,-169.60000000000002,0.0,0.0,169.70000000000002,0.0,21.3,29.200000000000003,29.200000000000003,29.700000000000003,300.0,300.0,31.4,35.6,29.1,28.3,30.200000000000003,4.95,1.99,4.96,0.16,0.0,0.0,1027.0,8228.0,0.0,0.0,0.0,0.0,0.0,1.0,0.0,0.0,0.0,0.0,0.0,-0.5,0.0,0.5,0.0,0.0001,16.0,25903.0
2026-07-30T19:01:37.533Z,267.016,267.03000000000003,0.0,7.4,0.0,0.0,0.0,0.0,0.0,0.0,0.0,0.0,1.0,0.0,0.0,0.0,9.0,4.0,0.0,0.0,0.0,0.0,0.0,0.0,0.0,0.0,5.0,12.0,1.0,12.15,5.01,2.51,1.49,0.0,0.0,0.0,0.5,0.0,-0.8,-0.6000000000000001,-1.2000000000000002,-169.60000000000002,0.0,0.0,169.70000000000002,0.0,21.700000000000003,29.200000000000003,29.200000000000003,29.700000000000003,300.0,300.0,31.4,35.6,29.1,28.3,30.200000000000003,4.95,1.99,4.96,0.16,0.0,0.0,1027.0,8228.0,0.0,0.0,0.0,0.0,0.0,1.0,0.0,0.0,0.0,0.0,0.0,-1.6,0.0,1.0,0.0,0.0001,16.0,25903.0
2026-07-30T19:01:37.545Z,267.028,267.04200000000003,0.0,7.4,0.0,0.0,0.0,0.0,0.0,0.0,0.0,0.0,1.0,0.0,0.0,0.0,9.0,4.0,0.0,0.0,0.0,0.0,0.0,0.0,0.0,0.0,5.0,12.0,1.0,12.15,5.01,2.51,1.49,0.0,0.0,0.0,0.4,0.0,-0.2,-1.2000000000000002,-0.1,-169.60000000000002,0.0,0.0,169.70000000000002,0.0,21.700000000000003,29.200000000000003,29.200000000000003,29.700000000000003,300.0,300.0,31.4,35.6,29.1,28.3,30.200000000000003,4.95,1.99,4.97,0.16,0.0,0.0,1027.0,8228.0,0.0,0.0,0.0,0.0,0.0,1.0,0.0,0.0,0.0,0.0,0.0,-1.4,0.0,-0.1,0.0,0.0001,16.0,25903.0
2026-07-30T19:01:37.556Z,267.039,267.05400000000003,0.0,7.4,0.0,0.0,0.0,0.0,0.0,0.0,0.0,0.0,1.0,0.0,0.0,0.0,9.0,4.0,0.0,0.0,0.0,0.0,0.0,0.0,0.0,0.0,6.0,12.0,1.0,12.15,5.01,2.51,1.49,0.0,0.0,0.0,0.4,0.0,-0.8,-1.1,-0.6000000000000001,-169.70000000000002,0.0,0.0,169.70000000000002,0.0,21.700000000000003,29.200000000000003,29.200000000000003,29.700000000000003,300.0,300.0,31.4,35.6,29.1,28.3,30.200000000000003,4.95,1.99,4.96,0.16,0.0,0.0,1027.0,8228.0,0.0,0.0,0.0,0.0,0.0,1.0,0.0,0.0,0.0,0.0,0.0,-1.8,0.0,0.3,0.0,0.0001,16.0,25903.0
2026-07-30T19:01:37.569Z,267.052,267.06600000000003,0.0,7.4,0.0,0.0,0.0,0.0,0.0,0.0,0.0,0.0,1.0,0.0,0.0,0.0,9.0,4.0,0.0,0.0,0.0,0.0,0.0,0.0,0.0,0.0,1.0,12.0,1.0,12.15,5.01,2.51,1.49,0.0,0.0,0.0,0.4,0.0,0.3,1.1,0.4,-169.60000000000002,0.0,0.0,169.70000000000002,0.0,21.700000000000003,29.200000000000003,29.200000000000003,29.700000000000003,300.0,300.0,31.4,35.6,29.1,28.3,30.200000000000003,4.96,1.99,4.96,0.16,0.0,0.0,1027.0,8228.0,0.0,0.0,0.0,0.0,0.0,1.0,0.0,0.0,0.0,0.0,0.0,1.6,0.0,-0.1,0.0,0.0,16.0,25903.0
2026-07-30T19:01:37.581Z,267.064,267.07800000000003,0.0,7.4,0.0,0.0,0.0,0.0,0.0,0.0,0.0,0.0,1.0,0.0,0.0,0.0,9.0,4.0,0.0,0.0,0.0,0.0,0.0,0.0,0.0,0.0,2.0,12.0,1.0,12.15,5.01,2.51,1.49,0.0,0.0,0.0,0.5,0.0,-0.2,0.0,-1.3,-169.60000000000002,0.0,0.0,169.60000000000002,0.0,21.700000000000003,29.200000000000003,29.200000000000003,29.700000000000003,300.0,300.0,31.4,35.6,29.1,28.3,30.200000000000003,4.95,1.99,4.97,0.16,0.0,0.0,1027.0,8228.0,0.0,0.0,0.0,0.0,0.0,1.0,0.0,0.0,0.0,0.0,0.0,-1.0,0.0,1.1,0.0,0.0,16.0,25903.0
2026-07-30T19:01:37.593Z,267.076,267.09000000000003,0.0,7.4,0.0,0.0,0.0,0.0,0.0,0.0,0.0,0.0,1.0,0.0,0.0,0.0,9.0,4.0,0.0,0.0,0.0,0.0,0.0,0.0,0.0,0.0,3.0,12.0,1.0,12.15,5.01,2.51,1.49,0.0,0.1,0.0,0.5,0.0,0.2,-0.6000000000000001,-0.7000000000000001,-169.60000000000002,0.0,0.0,169.70000000000002,0.0,21.700000000000003,29.200000000000003,29.200000000000003,29.700000000000003,300.0,300.0,31.4,35.6,29.1,28.3,30.200000000000003,4.95,1.99,4.97,0.16,0.0,0.0,1027.0,8228.0,0.0,0.0,0.0,0.0,0.0,1.0,0.0,0.0,0.0,0.0,0.0,-1.2000000000000002,0.0,0.5,0.0,0.0001,16.0,25903.0
2026-07-30T19:01:37.605Z,267.088,267.10200000000003,0.0,7.4,0.0,0.0,0.0,0.0,0.0,0.0,0.0,0.0,1.0,0.0,0.0,0.0,9.0,4.0,0.0,0.0,0.0,0.0,0.0,0.0,0.0,0.0,5.0,12.0,1.0,12.15,5.01,2.51,1.49,0.0,0.0,0.0,0.4,0.0,0.8,0.0,0.4,-169.60000000000002,0.0,0.0,169.8,0.0,21.700000000000003,29.200000000000003,29.200000000000003,29.700000000000003,300.0,300.0,31.4,35.6,29.1,28.3,30.200000000000003,4.95,2.0,4.96,0.16,0.0,0.0,1027.0,8228.0,0.0,0.0,0.0,0.0,0.0,1.0,0.0,0.0,0.0,0.0,0.0,0.3,0.0,-0.3,0.0,0.0001,16.0,25903.0
2026-07-30T19:01:37.617Z,267.1,267.11400000000003,0.0,7.4,0.0,0.0,0.0,0.0,0.0,0.0,0.0,0.0,1.0,0.0,0.0,0.0,9.0,4.0,0.0,0.0,0.0,0.0,0.0,0.0,0.0,0.0,6.0,12.0,1.0,12.15,5.01,2.51,1.49,0.0,0.0,0.0,0.5,0.0,0.2,0.6000000000000001,-0.1,-169.70000000000002,0.0,0.0,169.70000000000002,0.0,21.700000000000003,29.200000000000003,29.200000000000003,29.700000000000003,300.0,300.0,31.4,35.6,29.1,28.3,30.200000000000003,4.96,1.99,4.96,0.16,0.0,0.0,1027.0,8228.0,0.0,0.0,0.0,0.0,0.0,1.0,0.0,0.0,0.0,0.0,0.0,0.5,0.0,0.2,0.0,0.0002,16.0,25903.0
2026-07-30T19:01:37.630Z,267.113,267.12600000000003,0.0,7.4,0.0,0.0,0.0,0.0,0.0,0.0,0.0,0.0,1.0,0.0,0.0,0.0,9.0,4.0,0.0,0.0,0.0,0.0,0.0,0.0,0.0,0.0,1.0,12.0,1.0,12.14,5.01,2.5,1.5,0.0,0.0,0.0,0.4,0.0,-0.9,0.6000000000000001,-0.1,-169.70000000000002,0.0,0.0,169.70000000000002,0.0,21.3,29.200000000000003,29.200000000000003,29.700000000000003,300.0,300.0,31.4,35.6,29.1,28.3,30.200000000000003,4.95,1.99,4.97,0.16,0.0,0.0,1027.0,8228.0,0.0,0.0,0.0,0.0,0.0,1.0,0.0,0.0,0.0,0.0,0.0,0.5,0.0,0.2,0.0,0.0001,16.0,25903.0
2026-07-30T19:01:37.640Z,267.123,267.13800000000003,0.0,7.4,0.0,0.0,0.0,0.0,0.0,0.0,0.0,0.0,1.0,0.0,0.0,0.0,9.0,4.0,0.0,0.0,0.0,0.0,0.0,0.0,0.0,0.0,2.0,12.0,1.0,12.14,5.01,2.5,1.5,0.0,0.1,0.0,0.4,0.0,0.2,-1.1,0.4,-169.70000000000002,0.0,0.0,169.60000000000002,0.0,21.3,29.200000000000003,29.200000000000003,29.700000000000003,300.0,300.0,31.4,35.6,29.1,28.3,30.200000000000003,4.96,1.99,4.96,0.16,0.0,0.0,1027.0,8228.0,0.0,0.0,0.0,0.0,0.0,1.0,0.0,0.0,0.0,0.0,0.0,-0.9,0.0,-0.6000000000000001,0.0,0.0,16.0,25903.0
2026-07-30T19:01:37.652Z,267.135,267.15,0.0,7.4,0.0,0.0,0.0,0.0,0.0,0.0,0.0,0.0,1.0,0.0,0.0,0.0,9.0,4.0,0.0,0.0,0.0,0.0,0.0,0.0,0.0,0.0,3.0,12.0,1.0,12.14,5.01,2.5,1.5,0.0,0.0,0.0,0.4,0.0,0.2,0.0,0.0,-169.70000000000002,0.0,0.0,169.8,0.0,21.3,29.200000000000003,29.200000000000003,29.700000000000003,300.0,300.0,31.4,35.6,29.1,28.3,30.200000000000003,4.96,1.99,4.96,0.16,0.0,0.0,1027.0,8228.0,0.0,0.0,0.0,0.0,0.0,1.0,0.0,0.0,0.0,0.0,0.0,0.0,0.0,0.0,0.0,0.0001,16.0,25903.0
2026-07-30T19:01:37.665Z,267.148,267.162,0.0,7.4,0.0,0.0,0.0,0.0,0.0,0.0,0.0,0.0,1.0,0.0,0.0,0.0,9.0,4.0,0.0,0.0,0.0,0.0,0.0,0.0,0.0,0.0,4.0,12.0,1.0,12.14,5.01,2.5,1.5,0.0,0.0,0.0,0.4,0.0,0.2,1.1,-0.1,-169.70000000000002,0.0,0.0,169.70000000000002,0.0,21.3,29.200000000000003,29.200000000000003,29.700000000000003,300.0,300.0,31.4,35.6,29.1,28.3,30.200000000000003,4.95,1.99,4.96,0.16,0.0,0.0,1027.0,8228.0,0.0,0.0,0.0,0.0,0.0,1.0,0.0,0.0,0.0,0.0,0.0,1.2000000000000002,0.0,0.3,0.0,0.0002,16.0,25903.0
2026-07-30T19:01:37.677Z,267.16,267.174,0.0,7.4,0.0,0.0,0.0,0.0,0.0,0.0,0.0,0.0,1.0,0.0,0.0,0.0,9.0,4.0,0.0,0.0,0.0,0.0,0.0,0.0,0.0,0.0,5.0,12.0,1.0,12.14,5.01,2.5,1.5,0.0,0.1,0.0,0.5,0.0,0.3,-1.1,-0.6000000000000001,-169.70000000000002,0.0,0.0,169.70000000000002,0.0,21.3,29.200000000000003,29.200000000000003,29.700000000000003,300.0,300.0,31.4,35.6,29.1,28.3,30.200000000000003,4.95,1.99,4.97,0.16,0.0,0.0,1027.0,8228.0,0.0,0.0,0.0,0.0,0.0,1.0,0.0,0.0,0.0,0.0,0.0,-1.8,0.0,0.3,0.0,0.0,16.0,25903.0
2026-07-30T19:01:37.689Z,267.172,267.186,0.0,7.4,0.0,0.0,0.0,0.0,0.0,0.0,0.0,0.0,1.0,0.0,0.0,0.0,9.0,4.0,0.0,0.0,0.0,0.0,0.0,0.0,0.0,0.0,1.0,12.0,1.0,12.14,5.01,2.5,1.5,0.0,0.0,0.0,0.4,0.0,0.9,0.0,0.4,-169.70000000000002,0.0,0.0,169.8,0.0,21.3,29.200000000000003,29.200000000000003,29.700000000000003,300.0,300.0,31.4,35.6,29.1,28.3,30.200000000000003,4.96,1.99,4.96,0.16,0.0,0.0,1027.0,8228.0,0.0,0.0,0.0,0.0,0.0,1.0,0.0,0.0,0.0,0.0,0.0,0.3,0.0,-0.4,0.0,0.0,16.0,25903.0
2026-07-30T19:01:37.700Z,267.183,267.198,0.0,7.4,0.0,0.0,0.0,0.0,0.0,0.0,0.0,0.0,1.0,0.0,0.0,0.0,9.0,4.0,0.0,0.0,0.0,0.0,0.0,0.0,0.0,0.0,2.0,12.0,1.0,12.14,5.01,2.5,1.5,0.1,0.0,0.0,0.4,0.0,0.9,0.0,-0.6000000000000001,-169.70000000000002,0.0,0.0,169.8,0.0,21.3,29.200000000000003,29.200000000000003,29.700000000000003,300.0,300.0,31.4,35.6,29.1,28.3,30.200000000000003,4.96,1.99,4.97,0.16,0.0,0.0,1027.0,8228.0,0.0,0.0,0.0,0.0,0.0,1.0,0.0,0.0,0.0,0.0,0.0,-0.5,0.0,0.6000000000000001,0.0,0.0,16.0,25903.0
2026-07-30T19:01:37.713Z,267.196,267.21,0.0,7.4,0.0,0.0,0.0,0.0,0.0,0.0,0.0,0.0,1.0,0.0,0.0,0.0,9.0,4.0,0.0,0.0,0.0,0.0,0.0,0.0,0.0,0.0,3.0,12.0,1.0,12.14,5.01,2.5,1.5,0.0,0.0,0.0,0.5,0.0,0.9,1.1,-0.6000000000000001,-169.70000000000002,0.0,0.0,169.8,0.0,21.3,29.200000000000003,29.200000000000003,29.700000000000003,300.0,300.0,31.4,35.6,29.1,28.3,30.200000000000003,4.95,1.99,4.97,0.16,0.0,0.0,1027.0,8228.0,0.0,0.0,0.0,0.0,0.0,1.0,0.0,0.0,0.0,0.0,0.0,0.7000000000000001,0.0,0.8,0.0,0.0001,16.0,25903.0
2026-07-30T19:01:37.724Z,267.207,267.222,0.0,7.4,0.0,0.0,0.0,0.0,0.0,0.0,0.0,0.0,1.0,0.0,0.0,0.0,9.0,4.0,0.0,0.0,0.0,0.0,0.0,0.0,0.0,0.0,5.0,12.0,1.0,12.14,5.01,2.5,1.5,0.0,0.0,0.0,0.4,0.0,-0.2,-0.6000000000000001,-0.1,-169.70000000000002,0.0,0.0,169.8,0.0,21.3,29.200000000000003,29.200000000000003,29.700000000000003,300.0,300.0,31.4,35.6,29.1,28.3,30.200000000000003,4.96,1.99,4.96,0.16,0.0,0.0,1027.0,8228.0,0.0,0.0,0.0,0.0,0.0,1.0,0.0,0.0,0.0,0.0,0.0,-0.8,0.0,0.0,0.0,0.0001,16.0,25903.0
2026-07-30T19:01:37.737Z,267.22,267.234,0.0,7.4,0.0,0.0,0.0,0.0,0.0,0.0,0.0,0.0,1.0,0.0,0.0,0.0,9.0,4.0,0.0,0.0,0.0,0.0,0.0,0.0,0.0,0.0,6.0,12.0,1.0,12.19,5.01,2.5,1.49,0.0,0.1,0.0,0.4,0.0,0.3,0.5,-0.7000000000000001,-169.70000000000002,0.0,0.0,169.70000000000002,0.0,21.8,29.200000000000003,29.200000000000003,29.700000000000003,300.0,300.0,31.4,35.7,29.1,28.3,30.200000000000003,4.95,2.0,4.97,0.16,0.0,0.0,1027.0,8228.0,0.0,0.0,0.0,0.0,0.0,1.0,0.0,0.0,0.0,0.0,0.0,0.0,0.0,0.7000000000000001,0.0,0.0,16.0,25903.0
2026-07-30T19:01:37.748Z,267.231,267.246,0.0,7.4,0.0,0.0,0.0,0.0,0.0,0.0,0.0,0.0,1.0,0.0,0.0,0.0,9.0,4.0,0.0,0.0,0.0,0.0,0.0,0.0,0.0,0.0,2.0,12.0,1.0,12.19,5.01,2.5,1.49,0.0,0.0,0.0,0.4,0.0,-0.2,0.0,0.4,-169.70000000000002,0.0,0.0,169.70000000000002,0.0,21.8,29.200000000000003,29.200000000000003,29.700000000000003,300.0,300.0,31.4,35.7,29.1,28.3,30.200000000000003,4.95,1.99,4.97,0.16,0.0,0.0,1027.0,8228.0,0.0,0.0,0.0,0.0,0.0,1.0,0.0,0.0,0.0,0.0,0.0,0.3,0.0,-0.4,0.0,0.0002,16.0,25903.0
2026-07-30T19:01:37.761Z,267.244,267.258,0.0,7.4,0.0,0.0,0.0,0.0,0.0,0.0,0.0,0.0,1.0,0.0,0.0,0.0,9.0,4.0,0.0,0.0,0.0,0.0,0.0,0.0,0.0,0.0,3.0,12.0,1.0,12.19,5.01,2.5,1.49,0.0,0.0,0.0,0.4,0.0,0.3,-0.5,-0.7000000000000001,-169.70000000000002,0.0,0.0,169.70000000000002,0.0,21.8,29.200000000000003,29.200000000000003,29.700000000000003,300.0,300.0,31.4,35.7,29.1,28.3,30.200000000000003,4.95,1.99,4.97,0.16,0.0,0.0,1027.0,8228.0,0.0,0.0,0.0,0.0,0.0,1.0,0.0,0.0,0.0,0.0,0.0,-1.1,0.0,0.5,0.0,0.0001,16.0,25903.0
2026-07-30T19:01:37.773Z,267.256,267.27,0.0,7.4,0.0,0.0,0.0,0.0,0.0,0.0,0.0,0.0,1.0,0.0,0.0,0.0,9.0,4.0,0.0,0.0,0.0,0.0,0.0,0.0,0.0,0.0,4.0,12.0,1.0,12.19,5.01,2.5,1.49,0.0,0.0,0.0,0.4,0.0,-1.4,-0.5,0.0,-169.70000000000002,0.0,0.0,169.70000000000002,0.0,21.8,29.200000000000003,29.200000000000003,29.700000000000003,300.0,300.0,31.4,35.7,29.1,28.3,30.200000000000003,4.96,1.99,4.96,0.17,0.0,0.0,1027.0,8228.0,0.0,0.0,0.0,0.0,0.0,1.0,0.0,0.0,0.0,0.0,0.0,-0.6000000000000001,0.0,0.0,0.0,0.0001,16.0,25903.0
2026-07-30T19:01:37.785Z,267.268,267.282,0.0,7.4,0.0,0.0,0.0,0.0,0.0,0.0,0.0,0.0,1.0,0.0,0.0,0.0,9.0,4.0,0.0,0.0,0.0,0.0,0.0,0.0,0.0,0.0,4.0,12.0,1.0,12.19,5.01,2.5,1.49,0.0,0.0,0.0,0.5,0.0,0.3,-0.5,1.0,-169.70000000000002,0.0,0.0,169.70000000000002,0.0,21.8,29.200000000000003,29.200000000000003,29.700000000000003,300.0,300.0,31.4,35.7,29.1,28.3,30.200000000000003,4.95,1.99,4.97,0.17,0.0,0.0,1027.0,8228.0,0.0,0.0,0.0,0.0,0.0,1.0,0.0,0.0,0.0,0.0,0.0,0.1,0.0,-1.0,0.0,0.0001,16.0,25903.0
2026-07-30T19:01:37.797Z,267.28,267.294,0.0,7.4,0.0,0.0,0.0,0.0,0.0,0.0,0.0,0.0,1.0,0.0,0.0,0.0,9.0,4.0,0.0,0.0,0.0,0.0,0.0,0.0,0.0,0.0,6.0,12.0,1.0,12.19,5.01,2.5,1.49,0.0,0.0,0.0,0.4,0.0,-0.2,0.0,-0.6000000000000001,-169.70000000000002,0.0,0.0,169.70000000000002,0.0,21.8,29.200000000000003,29.200000000000003,29.700000000000003,300.0,300.0,31.4,35.7,29.1,28.3,30.200000000000003,4.95,1.99,4.96,0.16,0.0,0.0,1027.0,8228.0,0.0,0.0,0.0,0.0,0.0,1.0,0.0,0.0,0.0,0.0,0.0,-0.4,0.0,0.5,0.0,0.0,16.0,25903.0
2026-07-30T19:01:37.809Z,267.292,267.306,0.0,7.4,0.0,0.0,0.0,0.0,0.0,0.0,0.0,0.0,1.0,0.0,0.0,0.0,9.0,4.0,0.0,0.0,0.0,0.0,0.0,0.0,0.0,0.0,1.0,12.0,1.0,12.19,5.01,2.5,1.49,0.0,0.0,0.0,0.4,0.0,0.9,0.0,1.6,-169.70000000000002,0.0,0.0,169.8,0.0,21.8,29.200000000000003,29.200000000000003,29.700000000000003,300.0,300.0,31.4,35.7,29.1,28.3,30.200000000000003,4.96,2.0,4.96,0.16,0.0,0.0,1027.0,8228.0,0.0,0.0,0.0,0.0,0.0,1.0,0.0,0.0,0.0,0.0,0.0,1.3,0.0,-1.4,0.0,0.0001,16.0,25903.0
2026-07-30T19:01:37.821Z,267.304,267.318,0.0,7.4,0.0,0.0,0.0,0.0,0.0,0.0,0.0,0.0,1.0,0.0,0.0,0.0,9.0,4.0,0.0,0.0,0.0,0.0,0.0,0.0,0.0,0.0,2.0,12.0,1.0,12.19,5.01,2.5,1.49,0.0,0.1,0.0,0.4,0.0,0.3,-0.5,0.0,-169.70000000000002,0.0,0.0,169.70000000000002,0.0,21.8,29.200000000000003,29.200000000000003,29.700000000000003,300.0,300.0,31.4,35.7,29.1,28.3,30.200000000000003,4.96,2.0,4.96,0.16,0.0,0.0,1027.0,8228.0,0.0,0.0,0.0,0.0,0.0,1.0,0.0,0.0,0.0,0.0,0.0,-0.6000000000000001,0.0,0.0,0.0,0.0001,16.0,25903.0
2026-07-30T19:01:37.840Z,267.323,267.33,0.0,7.4,0.0,0.0,0.0,0.0,0.0,0.0,0.0,0.0,1.0,0.0,0.0,0.0,9.0,4.0,0.0,0.0,0.0,0.0,0.0,0.0,0.0,0.0,3.0,12.0,1.0,12.17,5.0200000000000005,2.51,1.49,0.0,0.0,0.0,0.4,0.0,0.3,0.0,0.0,-169.70000000000002,0.0,0.0,169.70000000000002,0.0,21.3,29.200000000000003,29.200000000000003,29.700000000000003,300.0,300.0,31.4,35.6,29.1,28.3,30.200000000000003,4.96,1.99,4.97,0.16,0.0,0.0,1027.0,8228.0,0.0,0.0,0.0,0.0,0.0,1.0,0.0,0.0,0.0,0.0,0.0,0.0,0.0,0.0,0.0,0.0002,16.0,25903.0
2026-07-30T19:01:37.845Z,267.328,267.342,0.0,7.4,0.0,0.0,0.0,0.0,0.0,0.0,0.0,0.0,1.0,0.0,0.0,0.0,9.0,4.0,0.0,0.0,0.0,0.0,0.0,0.0,0.0,0.0,3.0,12.0,1.0,12.17,5.0200000000000005,2.51,1.49,0.0,0.0,0.0,0.5,0.0,-0.2,-0.4,1.0,-169.70000000000002,0.0,0.0,169.70000000000002,0.0,21.3,29.200000000000003,29.200000000000003,29.700000000000003,300.0,300.0,31.4,35.6,29.1,28.3,30.200000000000003,4.96,1.99,4.96,0.16,0.0,0.0,1027.0,8228.0,0.0,0.0,0.0,0.0,0.0,1.0,0.0,0.0,0.0,0.0,0.0,0.2,0.0,-1.0,0.0,0.0001,16.0,25903.0
2026-07-30T19:01:37.857Z,267.34,267.354,0.0,7.4,0.0,0.0,0.0,0.0,0.0,0.0,0.0,0.0,1.0,0.0,0.0,0.0,9.0,4.0,0.0,0.0,0.0,0.0,0.0,0.0,0.0,0.0,3.0,12.0,1.0,12.17,5.0200000000000005,2.51,1.49,0.0,0.1,0.0,0.4,0.0,0.3,0.6000000000000001,-1.2000000000000002,-169.70000000000002,0.0,0.0,169.60000000000002,0.0,21.3,29.200000000000003,29.200000000000003,29.700000000000003,300.0,300.0,31.4,35.6,29.1,28.3,30.200000000000003,4.96,1.99,4.96,0.15,0.0,0.0,1027.0,8228.0,0.0,0.0,0.0,0.0,0.0,1.0,0.0,0.0,0.0,0.0,0.0,-0.2,0.0,1.2000000000000002,0.0,0.0001,16.0,25903.0
2026-07-30T19:01:37.868Z,267.351,267.366,0.0,7.4,0.0,0.0,0.0,0.0,0.0,0.0,0.0,0.0,1.0,0.0,0.0,0.0,9.0,4.0,0.0,0.0,0.0,0.0,0.0,0.0,0.0,0.0,4.0,12.0,1.0,12.17,5.0200000000000005,2.51,1.49,0.0,0.1,0.0,0.4,0.0,-0.2,0.0,0.4,-169.70000000000002,0.0,0.0,169.60000000000002,0.0,21.3,29.200000000000003,29.200000000000003,29.700000000000003,300.0,300.0,31.4,35.6,29.1,28.3,30.200000000000003,4.95,1.99,4.97,0.16,0.0,0.0,1027.0,8228.0,0.0,0.0,0.0,0.0,0.0,1.0,0.0,0.0,0.0,0.0,0.0,0.3,0.0,-0.3,0.0,0.0001,16.0,25903.0
2026-07-30T19:01:37.881Z,267.364,267.378,0.0,7.4,0.0,0.0,0.0,0.0,0.0,0.0,0.0,0.0,1.0,0.0,0.0,0.0,9.0,4.0,0.0,0.0,0.0,0.0,0.0,0.0,0.0,0.0,5.0,12.0,1.0,12.17,5.0200000000000005,2.51,1.49,0.0,0.0,0.0,0.4,0.0,-1.4,-1.1,-0.1,-169.70000000000002,0.0,0.0,169.60000000000002,0.0,21.3,29.200000000000003,29.200000000000003,29.700000000000003,300.0,300.0,31.4,35.6,29.1,28.3,30.200000000000003,4.96,2.0,4.96,0.16,0.0,0.0,1027.0,8228.0,0.0,0.0,0.0,0.0,0.0,1.0,0.0,0.0,0.0,0.0,0.0,-1.4,0.0,0.0,0.0,0.0,16.0,25903.0
2026-07-30T19:01:37.893Z,267.376,267.39,0.0,7.4,0.0,0.0,0.0,0.0,0.0,0.0,0.0,0.0,1.0,0.0,0.0,0.0,9.0,4.0,0.0,0.0,0.0,0.0,0.0,0.0,0.0,0.0,6.0,12.0,1.0,12.17,5.0200000000000005,2.51,1.49,0.0,0.1,0.0,0.4,0.0,0.8,1.8,1.0,-169.70000000000002,0.0,0.0,169.60000000000002,0.0,21.3,29.200000000000003,29.200000000000003,29.700000000000003,300.0,300.0,31.4,35.6,29.1,28.3,30.200000000000003,4.96,2.0,4.97,0.16,0.0,0.0,1027.0,8228.0,0.0,0.0,0.0,0.0,0.0,1.0,0.0,0.0,0.0,0.0,0.0,2.8000000000000003,0.0,-0.5,0.0,0.0,16.0,25903.0
2026-07-30T19:01:37.905Z,267.388,267.402,0.0,7.4,0.0,0.0,0.0,0.0,0.0,0.0,0.0,0.0,1.0,0.0,0.0,0.0,9.0,4.0,0.0,0.0,0.0,0.0,0.0,0.0,0.0,0.0,1.0,12.0,1.0,12.17,5.0200000000000005,2.51,1.49,0.0,0.0,0.0,0.4,0.0,0.3,1.2000000000000002,-0.1,-169.60000000000002,0.0,0.0,169.60000000000002,0.0,21.3,29.200000000000003,29.200000000000003,29.700000000000003,300.0,300.0,31.4,35.6,29.1,28.3,30.200000000000003,4.95,1.99,4.97,0.16,0.0,0.0,1027.0,8228.0,0.0,0.0,0.0,0.0,0.0,1.0,0.0,0.0,0.0,0.0,0.0,1.3,0.0,0.3,0.0,0.0,16.0,25903.0
2026-07-30T19:01:37.917Z,267.4,267.414,0.0,7.4,0.0,0.0,0.0,0.0,0.0,0.0,0.0,0.0,1.0,0.0,0.0,0.0,9.0,4.0,0.0,0.0,0.0,0.0,0.0,0.0,0.0,0.0,2.0,12.0,1.0,12.17,5.0200000000000005,2.51,1.49,0.0,0.0,0.0,0.4,0.0,0.3,0.0,0.4,-169.60000000000002,0.0,0.0,169.60000000000002,0.0,21.3,29.200000000000003,29.200000000000003,29.700000000000003,300.0,300.0,31.4,35.6,29.1,28.3,30.200000000000003,4.95,1.99,4.97,0.16,0.0,0.0,1027.0,8228.0,0.0,0.0,0.0,0.0,0.0,1.0,0.0,0.0,0.0,0.0,0.0,0.6000000000000001,0.0,0.2,0.0,0.0,16.0,25903.0
2026-07-30T19:01:37.929Z,267.412,267.426,0.0,7.4,0.0,0.0,0.0,0.0,0.0,0.0,0.0,0.0,1.0,0.0,0.0,0.0,9.0,4.0,0.0,0.0,0.0,0.0,0.0,0.0,0.0,0.0,3.0,12.0,1.0,12.17,5.0200000000000005,2.51,1.49,0.0,0.0,0.0,0.4,0.0,-0.8,-0.5,0.4,-169.60000000000002,0.0,0.0,169.60000000000002,0.0,21.3,29.200000000000003,29.200000000000003,29.700000000000003,300.0,300.0,31.4,35.6,29.1,28.3,30.200000000000003,4.96,1.99,4.96,0.16,0.0,0.0,1027.0,8228.0,0.0,0.0,0.0,0.0,0.0,1.0,0.0,0.0,0.0,0.0,0.0,-1.7000000000000002,0.0,0.3,0.0,0.0,16.0,25903.0
2026-07-30T19:01:37.941Z,267.424,267.438,0.0,7.4,0.0,0.0,0.0,0.0,0.0,0.0,0.0,0.0,1.0,0.0,0.0,0.0,9.0,4.0,0.0,0.0,0.0,0.0,0.0,0.0,0.0,0.0,5.0,12.0,1.0,12.18,5.01,2.51,1.49,0.0,0.0,0.0,0.4,0.0,-0.8,-0.5,-0.1,-169.60000000000002,0.0,0.0,169.60000000000002,0.0,21.3,29.200000000000003,29.200000000000003,29.700000000000003,300.0,300.0,31.5,35.5,29.1,28.3,30.200000000000003,4.96,1.99,4.97,0.16,0.0,0.0,1027.0,8228.0,0.0,0.0,0.0,0.0,0.0,1.0,0.0,0.0,0.0,0.0,0.0,-0.6000000000000001,0.0,0.0,0.0,0.0,16.0,25903.0
2026-07-30T19:01:37.953Z,267.436,267.45,0.0,7.4,0.0,0.0,0.0,0.0,0.0,0.0,0.0,0.0,1.0,0.0,0.0,0.0,9.0,4.0,0.0,0.0,0.0,0.0,0.0,0.0,0.0,0.0,6.0,12.0,1.0,12.18,5.01,2.51,1.49,0.0,0.0,0.0,0.4,0.0,-0.2,0.0,-0.6000000000000001,-169.60000000000002,0.0,0.0,169.60000000000002,0.0,21.3,29.200000000000003,29.200000000000003,29.700000000000003,300.0,300.0,31.5,35.5,29.1,28.3,30.200000000000003,4.95,1.99,4.97,0.16,0.0,0.0,1027.0,8228.0,0.0,0.0,0.0,0.0,0.0,1.0,0.0,0.0,0.0,0.0,0.0,-0.4,0.0,0.6000000000000001,0.0,0.0,16.0,25903.0
2026-07-30T19:01:37.964Z,267.447,267.462,0.0,7.4,0.0,0.0,0.0,0.0,0.0,0.0,0.0,0.0,1.0,0.0,0.0,0.0,9.0,4.0,0.0,0.0,0.0,0.0,0.0,0.0,0.0,0.0,1.0,12.0,1.0,12.18,5.01,2.51,1.49,0.0,0.0,0.0,0.4,0.0,-0.2,0.0,1.0,-169.60000000000002,0.0,0.0,169.60000000000002,0.0,21.3,29.200000000000003,29.200000000000003,29.700000000000003,300.0,300.0,31.5,35.5,29.1,28.3,30.200000000000003,4.95,1.99,4.96,0.16,0.0,0.0,1027.0,8228.0,0.0,0.0,0.0,0.0,0.0,1.0,0.0,0.0,0.0,0.0,0.0,0.8,0.0,-0.9,0.0,0.0,16.0,25903.0
2026-07-30T19:01:37.977Z,267.46,267.474,0.0,7.4,0.0,0.0,0.0,0.0,0.0,0.0,0.0,0.0,1.0,0.0,0.0,0.0,9.0,4.0,0.0,0.0,0.0,0.0,0.0,0.0,0.0,0.0,2.0,12.0,1.0,12.18,5.01,2.51,1.49,0.0,0.0,0.0,0.4,0.0,-0.2,-0.5,0.4,-169.60000000000002,0.0,0.0,169.70000000000002,0.0,21.3,29.200000000000003,29.200000000000003,29.700000000000003,300.0,300.0,31.5,35.5,29.1,28.3,30.200000000000003,4.95,2.0,4.96,0.16,0.0,0.0,1027.0,8228.0,0.0,0.0,0.0,0.0,0.0,1.0,0.0,0.0,0.0,0.0,0.0,-0.3,0.0,-0.5,0.0,0.0,16.0,25903.0
2026-07-30T19:01:37.988Z,267.471,267.486,0.0,7.4,0.0,0.0,0.0,0.0,0.0,0.0,0.0,0.0,1.0,0.0,0.0,0.0,9.0,4.0,0.0,0.0,0.0,0.0,0.0,0.0,0.0,0.0,4.0,12.0,1.0,12.18,5.01,2.51,1.49,0.0,0.0,0.0,0.4,0.0,0.3,0.5,-0.7000000000000001,-169.60000000000002,0.0,0.0,169.8,0.0,21.3,29.200000000000003,29.200000000000003,29.700000000000003,300.0,300.0,31.5,35.5,29.1,28.3,30.200000000000003,4.95,1.99,4.97,0.16,0.0,0.0,1027.0,8228.0,0.0,0.0,0.0,0.0,0.0,1.0,0.0,0.0,0.0,0.0,0.0,0.0,0.0,0.7000000000000001,0.0,0.0,16.0,25903.0
2026-07-30T19:01:38.000Z,267.483,267.498,0.0,7.4,0.0,0.0,0.0,0.0,0.0,0.0,0.0,0.0,1.0,0.0,0.0,0.0,9.0,4.0,0.0,0.0,0.0,0.0,0.0,0.0,0.0,0.0,5.0,12.0,1.0,12.18,5.01,2.51,1.49,0.0,0.0,0.0,0.4,0.0,0.2,-0.6000000000000001,-0.1,-169.60000000000002,0.0,0.0,169.70000000000002,0.0,21.3,29.200000000000003,29.200000000000003,29.700000000000003,300.0,300.0,31.5,35.5,29.1,28.3,30.200000000000003,4.95,1.99,4.97,0.16,0.0,0.0,1027.0,8228.0,0.0,0.0,0.0,0.0,0.0,1.0,0.0,0.0,0.0,0.0,0.0,-0.7000000000000001,0.0,0.0,0.0,0.0002,16.0,25903.0
2026-07-30T19:01:38.013Z,267.496,267.51,0.0,7.4,0.0,0.0,0.0,0.0,0.0,0.0,0.0,0.0,1.0,0.0,0.0,0.0,9.0,4.0,0.0,0.0,0.0,0.0,0.0,0.0,0.0,0.0,6.0,12.0,1.0,12.18,5.01,2.51,1.49,0.0,0.0,0.0,0.4,0.0,-0.2,0.0,-1.8,-169.60000000000002,0.0,0.0,169.8,0.0,21.3,29.200000000000003,29.200000000000003,29.700000000000003,300.0,300.0,31.5,35.5,29.1,28.3,30.200000000000003,4.96,1.99,4.96,0.16,0.0,0.0,1027.0,8228.0,0.0,0.0,0.0,0.0,0.0,1.0,0.0,0.0,0.0,0.0,0.0,-1.3,0.0,1.6,0.0,0.0001,16.0,25903.0
2026-07-30T19:01:38.025Z,267.508,267.522,0.0,7.4,0.0,0.0,0.0,0.0,0.0,0.0,0.0,0.0,1.0,0.0,0.0,0.0,9.0,4.0,0.0,0.0,0.0,0.0,0.0,0.0,0.0,0.0,1.0,12.0,1.0,12.18,5.01,2.51,1.49,0.0,0.0,0.0,0.4,0.0,0.8,1.1,1.6,-169.60000000000002,0.0,0.0,169.70000000000002,0.0,21.3,29.200000000000003,29.200000000000003,29.700000000000003,300.0,300.0,31.5,35.5,29.1,28.3,30.200000000000003,4.95,1.99,4.97,0.16,0.0,0.0,1027.0,8228.0,0.0,0.0,0.0,0.0,0.0,1.0,0.0,0.0,0.0,0.0,0.0,2.6,0.0,-1.2000000000000002,0.0,0.0,16.0,25903.0
2026-07-30T19:01:38.038Z,267.521,267.534,0.0,7.4,0.0,0.0,0.0,0.0,0.0,0.0,0.0,0.0,1.0,0.0,0.0,0.0,9.0,4.0,0.0,0.0,0.0,0.0,0.0,0.0,0.0,0.0,2.0,12.0,1.0,12.19,5.01,2.5,1.49,0.0,0.0,0.0,0.4,0.0,-0.2,0.6000000000000001,1.0,-169.60000000000002,0.0,0.0,169.70000000000002,0.0,21.3,29.200000000000003,29.200000000000003,29.700000000000003,300.0,300.0,31.5,35.6,29.1,28.3,30.200000000000003,4.95,1.99,4.97,0.16,0.0,0.0,1027.0,8228.0,0.0,0.0,0.0,0.0,0.0,1.0,0.0,0.0,0.0,0.0,0.0,1.4,0.0,-0.8,0.0,0.0,16.0,25903.0
2026-07-30T19:01:38.049Z,267.532,267.546,0.0,7.4,0.0,0.0,0.0,0.0,0.0,0.0,0.0,0.0,1.0,0.0,0.0,0.0,9.0,4.0,0.0,0.0,0.0,0.0,0.0,0.0,0.0,0.0,4.0,12.0,1.0,12.19,5.01,2.5,1.49,0.0,0.0,0.0,0.4,0.0,0.8,0.0,1.0,-169.60000000000002,0.0,0.0,169.60000000000002,0.0,21.3,29.200000000000003,29.200000000000003,29.700000000000003,300.0,300.0,31.5,35.6,29.1,28.3,30.200000000000003,4.96,1.99,4.97,0.16,0.0,0.0,1027.0,8228.0,0.0,0.0,0.0,0.0,0.0,1.0,0.0,0.0,0.0,0.0,0.0,0.8,0.0,-0.9,0.0,0.0,16.0,25903.0
2026-07-30T19:01:38.060Z,267.543,267.558,0.0,7.4,0.0,0.0,0.0,0.0,0.0,0.0,0.0,0.0,1.0,0.0,0.0,0.0,9.0,4.0,0.0,0.0,0.0,0.0,0.0,0.0,0.0,0.0,5.0,12.0,1.0,12.19,5.01,2.5,1.49,0.0,0.0,0.0,0.4,0.0,-0.3,-0.5,0.4,-169.60000000000002,0.0,0.0,169.70000000000002,0.0,21.3,29.200000000000003,29.200000000000003,29.700000000000003,300.0,300.0,31.5,35.6,29.1,28.3,30.200000000000003,4.95,1.99,4.96,0.16,0.0,0.0,1027.0,8228.0,0.0,0.0,0.0,0.0,0.0,1.0,0.0,0.0,0.0,0.0,0.0,-0.2,0.0,-0.5,0.0,0.0001,16.0,25903.0
2026-07-30T19:01:38.073Z,267.556,267.57,0.0,7.4,0.0,0.0,0.0,0.0,0.0,0.0,0.0,0.0,1.0,0.0,0.0,0.0,9.0,4.0,0.0,0.0,0.0,0.0,0.0,0.0,0.0,0.0,6.0,12.0,1.0,12.19,5.01,2.5,1.49,0.0,0.0,0.0,0.4,0.0,0.8,-0.5,-1.2000000000000002,-169.60000000000002,0.0,0.0,169.70000000000002,0.0,21.3,29.200000000000003,29.200000000000003,29.700000000000003,300.0,300.0,31.5,35.6,29.1,28.3,30.200000000000003,4.95,1.99,4.97,0.16,0.0,0.0,1027.0,8228.0,0.0,0.0,0.0,0.0,0.0,1.0,0.0,0.0,0.0,0.0,0.0,-1.5,0.0,1.0,0.0,0.0,16.0,25903.0
2026-07-30T19:01:38.085Z,267.568,267.582,0.0,7.4,0.0,0.0,0.0,0.0,0.0,0.0,0.0,0.0,1.0,0.0,0.0,0.0,9.0,4.0,0.0,0.0,0.0,0.0,0.0,0.0,0.0,0.0,2.0,12.0,1.0,12.19,5.01,2.5,1.49,0.0,0.0,0.0,0.4,0.0,0.2,-0.5,-0.1,-169.60000000000002,0.0,0.0,169.60000000000002,0.0,21.3,29.200000000000003,29.200000000000003,29.700000000000003,300.0,300.0,31.5,35.6,29.1,28.3,30.200000000000003,4.95,1.99,4.97,0.16,0.0,0.0,1027.0,8228.0,0.0,0.0,0.0,0.0,0.0,1.0,0.0,0.0,0.0,0.0,0.0,-0.8,0.0,0.0,0.0,0.0001,16.0,25903.0
2026-07-30T19:01:38.097Z,267.58,267.594,0.0,7.4,0.0,0.0,0.0,0.0,0.0,0.0,0.0,0.0,1.0,0.0,0.0,0.0,9.0,4.0,0.0,0.0,0.0,0.0,0.0,0.0,0.0,0.0,3.0,12.0,1.0,12.19,5.01,2.5,1.49,0.0,0.0,0.0,0.4,0.0,0.8,1.1,0.3,-169.60000000000002,0.0,0.0,169.70000000000002,0.0,21.3,29.200000000000003,29.200000000000003,29.700000000000003,300.0,300.0,31.5,35.6,29.1,28.3,30.200000000000003,4.96,1.99,4.97,0.16,0.0,0.0,1027.0,8228.0,0.0,0.0,0.0,0.0,0.0,1.0,0.0,0.0,0.0,0.0,0.0,1.6,0.0,0.0,0.0,0.0001,16.0,25903.0
2026-07-30T19:01:38.109Z,267.592,267.606,0.0,7.4,0.0,0.0,0.0,0.0,0.0,0.0,0.0,0.0,1.0,0.0,0.0,0.0,9.0,4.0,0.0,0.0,0.0,0.0,0.0,0.0,0.0,0.0,5.0,12.0,1.0,12.19,5.01,2.5,1.49,0.0,0.0,0.0,0.4,0.0,0.2,0.5,-0.7000000000000001,-169.60000000000002,0.0,0.0,169.70000000000002,0.0,21.3,29.200000000000003,29.200000000000003,29.700000000000003,300.0,300.0,31.5,35.6,29.1,28.3,30.200000000000003,4.95,1.99,4.97,0.16,0.0,0.0,1027.0,8228.0,0.0,0.0,0.0,0.0,0.0,1.0,0.0,0.0,0.0,0.0,0.0,0.0,0.0,0.8,0.0,0.0,16.0,25903.0
2026-07-30T19:01:38.120Z,267.603,267.618,0.0,7.4,0.0,0.0,0.0,0.0,0.0,0.0,0.0,0.0,1.0,0.0,0.0,0.0,9.0,4.0,0.0,0.0,0.0,0.0,0.0,0.0,0.0,0.0,6.0,12.0,1.0,12.19,5.01,2.5,1.49,0.0,0.0,0.0,0.4,0.0,0.8,-0.5,0.9,-169.60000000000002,0.0,0.0,169.70000000000002,0.0,21.3,29.200000000000003,29.200000000000003,29.700000000000003,300.0,300.0,31.5,35.6,29.1,28.3,30.200000000000003,4.96,1.99,4.97,0.16,0.0,0.0,1027.0,8228.0,0.0,0.0,0.0,0.0,0.0,1.0,0.0,0.0,0.0,0.0,0.0,0.0,0.0,-0.9,0.0,0.0,16.0,25903.0
2026-07-30T19:01:38.133Z,267.616,267.63,0.0,7.4,0.0,0.0,0.0,0.0,0.0,0.0,0.0,0.0,1.0,0.0,0.0,0.0,9.0,4.0,0.0,0.0,0.0,0.0,0.0,0.0,0.0,0.0,1.0,12.0,1.0,12.19,5.01,2.5,1.49,0.0,0.0,0.0,0.4,0.0,-0.3,0.0,-0.2,-169.60000000000002,0.0,0.0,169.70000000000002,0.0,21.3,29.200000000000003,29.200000000000003,29.700000000000003,300.0,300.0,31.5,35.6,29.1,28.3,30.200000000000003,4.96,1.99,4.97,0.16,0.0,0.0,1027.0,8228.0,0.0,0.0,0.0,0.0,0.0,1.0,0.0,0.0,0.0,0.0,0.0,-0.1,0.0,0.1,0.0,0.0,16.0,25903.0
2026-07-30T19:01:38.145Z,267.628,267.642,0.0,7.4,0.0,0.0,0.0,0.0,0.0,0.0,0.0,0.0,1.0,0.0,0.0,0.0,9.0,4.0,0.0,0.0,0.0,0.0,0.0,0.0,0.0,0.0,2.0,12.0,1.0,12.17,5.01,2.51,1.49,0.0,0.0,0.0,0.4,0.0,0.8,0.6000000000000001,0.9,-169.60000000000002,0.0,0.0,169.70000000000002,0.0,21.700000000000003,29.200000000000003,29.200000000000003,29.700000000000003,300.0,300.0,31.5,35.6,29.1,28.3,30.200000000000003,4.95,1.99,4.97,0.16,0.0,0.0,1027.0,8228.0,0.0,0.0,0.0,0.0,0.0,1.0,0.0,0.0,0.0,0.0,0.0,1.4,0.0,-0.6000000000000001,0.0,0.0,16.0,25903.0
2026-07-30T19:01:38.160Z,267.643,267.654,0.0,7.4,0.0,0.0,0.0,0.0,0.0,0.0,0.0,0.0,1.0,0.0,0.0,0.0,9.0,4.0,0.0,0.0,0.0,0.0,0.0,0.0,0.0,0.0,3.0,12.0,1.0,12.17,5.01,2.51,1.49,0.0,0.0,0.0,0.4,0.0,0.2,0.0,0.9,-169.60000000000002,0.0,0.0,169.70000000000002,0.0,21.700000000000003,29.200000000000003,29.200000000000003,29.700000000000003,300.0,300.0,31.5,35.6,29.1,28.3,30.200000000000003,4.95,1.99,4.97,0.16,0.0,0.0,1027.0,8228.0,0.0,0.0,0.0,0.0,0.0,1.0,0.0,0.0,0.0,0.0,0.0,0.8,0.0,-0.8,0.0,0.0,16.0,25903.0
2026-07-30T19:01:38.168Z,267.651,267.666,0.0,7.4,0.0,0.0,0.0,0.0,0.0,0.0,0.0,0.0,1.0,0.0,0.0,0.0,9.0,4.0,0.0,0.0,0.0,0.0,0.0,0.0,0.0,0.0,6.0,12.0,1.0,12.17,5.01,2.51,1.49,0.0,0.0,0.0,0.4,0.0,-0.2,0.0,-0.1,-169.60000000000002,0.0,0.0,169.70000000000002,0.0,21.700000000000003,29.200000000000003,29.200000000000003,29.700000000000003,300.0,300.0,31.5,35.6,29.1,28.3,30.200000000000003,4.96,2.0,4.96,0.16,0.0,0.0,1027.0,8228.0,0.0,0.0,0.0,0.0,0.0,1.0,0.0,0.0,0.0,0.0,0.0,0.0,0.0,0.1,0.0,0.0,16.0,25903.0
2026-07-30T19:01:38.181Z,267.664,267.678,0.0,7.4,0.0,0.0,0.0,0.0,0.0,0.0,0.0,0.0,1.0,0.0,0.0,0.0,9.0,4.0,0.0,0.0,0.0,0.0,0.0,0.0,0.0,0.0,1.0,12.0,1.0,12.17,5.01,2.51,1.49,0.0,0.0,0.0,0.4,0.0,-0.2,-0.5,-0.2,-169.60000000000002,0.0,0.0,169.60000000000002,0.0,21.700000000000003,29.200000000000003,29.200000000000003,29.700000000000003,300.0,300.0,31.5,35.6,29.1,28.3,30.200000000000003,4.96,1.99,4.97,0.17,0.0,0.0,1027.0,8228.0,0.0,0.0,0.0,0.0,0.0,1.0,0.0,0.0,0.0,0.0,0.0,-0.7000000000000001,0.0,0.0,0.0,0.0,16.0,25903.0
2026-07-30T19:01:38.192Z,267.675,267.69,0.0,7.4,0.0,0.0,0.0,0.0,0.0,0.0,0.0,0.0,1.0,0.0,0.0,0.0,9.0,4.0,0.0,0.0,0.0,0.0,0.0,0.0,0.0,0.0,2.0,12.0,1.0,12.17,5.01,2.51,1.49,0.0,0.0,0.0,0.5,0.0,0.3,-0.4,-0.7000000000000001,-169.60000000000002,0.0,0.0,169.70000000000002,0.0,21.700000000000003,29.200000000000003,29.200000000000003,29.700000000000003,300.0,300.0,31.5,35.6,29.1,28.3,30.200000000000003,4.95,1.99,4.97,0.16,0.0,0.0,1027.0,8228.0,0.0,0.0,0.0,0.0,0.0,1.0,0.0,0.0,0.0,0.0,0.0,-1.1,0.0,0.5,0.0,0.0,16.0,25903.0
2026-07-30T19:01:38.205Z,267.688,267.702,0.0,7.4,0.0,0.0,0.0,0.0,0.0,0.0,0.0,0.0,1.0,0.0,0.0,0.0,9.0,4.0,0.0,0.0,0.0,0.0,0.0,0.0,0.0,0.0,3.0,12.0,1.0,12.17,5.01,2.51,1.49,0.0,0.0,0.0,0.5,0.0,-0.2,-0.4,-1.3,-169.60000000000002,0.0,0.0,169.70000000000002,0.0,21.700000000000003,29.200000000000003,29.200000000000003,29.700000000000003,300.0,300.0,31.5,35.6,29.1,28.3,30.200000000000003,4.96,1.99,4.97,0.16,0.0,0.0,1027.0,8228.0,0.0,0.0,0.0,0.0,0.0,1.0,0.0,0.0,0.0,0.0,0.0,-1.5,0.0,1.0,0.0,0.0,16.0,25903.0
2026-07-30T19:01:38.217Z,267.7,267.714,0.0,7.4,0.0,0.0,0.0,0.0,0.0,0.0,0.0,0.0,1.0,0.0,0.0,0.0,9.0,4.0,0.0,0.0,0.0,0.0,0.0,0.0,0.0,0.0,4.0,12.0,1.0,12.17,5.01,2.51,1.49,-0.1,0.0,0.0,0.4,0.0,0.8,-0.4,0.4,-169.60000000000002,0.0,0.0,169.70000000000002,0.0,21.700000000000003,29.200000000000003,29.200000000000003,29.700000000000003,300.0,300.0,31.5,35.6,29.1,28.3,30.200000000000003,4.95,2.0,4.97,0.16,0.0,0.0,1027.0,8228.0,0.0,0.0,0.0,0.0,0.0,1.0,0.0,0.0,0.0,0.0,0.0,-0.1,0.0,-0.4,0.0,0.0001,16.0,25903.0
2026-07-30T19:01:38.229Z,267.712,267.726,0.0,7.4,0.0,0.0,0.0,0.0,0.0,0.0,0.0,0.0,1.0,0.0,0.0,0.0,9.0,4.0,0.0,0.0,0.0,0.0,0.0,0.0,0.0,0.0,5.0,12.0,1.0,12.17,5.01,2.51,1.49,0.0,0.0,0.0,0.4,0.0,0.3,0.1,-0.1,-169.60000000000002,0.0,0.0,169.60000000000002,0.0,21.700000000000003,29.200000000000003,29.200000000000003,29.700000000000003,300.0,300.0,31.5,35.6,29.1,28.3,30.200000000000003,4.95,1.99,4.97,0.16,0.0,0.0,1027.0,8228.0,0.0,0.0,0.0,0.0,0.0,1.0,0.0,0.0,0.0,0.0,0.0,0.0,0.0,0.1,0.0,0.0,16.0,25903.0
2026-07-30T19:01:38.241Z,267.724,267.738,0.0,7.4,0.0,0.0,0.0,0.0,0.0,0.0,0.0,0.0,1.0,0.0,0.0,0.0,9.0,4.0,0.0,0.0,0.0,0.0,0.0,0.0,0.0,0.0,6.0,12.0,1.0,12.14,5.0200000000000005,2.51,1.49,0.0,0.0,0.0,0.4,0.0,-0.2,0.7000000000000001,0.9,-169.60000000000002,0.0,0.0,169.70000000000002,0.0,21.9,29.200000000000003,29.200000000000003,29.700000000000003,300.0,300.0,31.5,35.7,29.1,28.3,30.200000000000003,4.95,2.0,4.97,0.16,0.0,0.0,1027.0,8228.0,0.0,0.0,0.0,0.0,0.0,1.0,0.0,0.0,0.0,0.0,0.0,1.6,0.0,-0.7000000000000001,0.0,0.0001,16.0,25903.0
2026-07-30T19:01:38.253Z,267.736,267.75,0.0,7.4,0.0,0.0,0.0,0.0,0.0,0.0,0.0,0.0,1.0,0.0,0.0,0.0,9.0,4.0,0.0,0.0,0.0,0.0,0.0,0.0,0.0,0.0,1.0,12.0,1.0,12.14,5.0200000000000005,2.51,1.49,0.0,0.0,0.0,0.4,0.0,-0.8,0.1,-0.1,-169.60000000000002,0.0,0.0,169.70000000000002,0.0,21.9,29.200000000000003,29.200000000000003,29.700000000000003,300.0,300.0,31.5,35.7,29.1,28.3,30.200000000000003,4.96,2.0,4.96,0.15,0.0,0.0,1027.0,8228.0,0.0,0.0,0.0,0.0,0.0,1.0,0.0,0.0,0.0,0.0,0.0,0.0,0.0,0.1,0.0,0.0001,16.0,25903.0
2026-07-30T19:01:38.264Z,267.747,267.762,0.0,7.4,0.0,0.0,0.0,0.0,0.0,0.0,0.0,0.0,1.0,0.0,0.0,0.0,9.0,4.0,0.0,0.0,0.0,0.0,0.0,0.0,0.0,0.0,3.0,12.0,1.0,12.14,5.0200000000000005,2.51,1.49,0.0,0.0,0.0,0.4,0.0,-0.2,-0.9,-2.5,-169.60000000000002,0.0,0.0,169.60000000000002,0.0,21.9,29.200000000000003,29.200000000000003,29.700000000000003,300.0,300.0,31.5,35.7,29.1,28.3,30.200000000000003,4.95,1.99,4.97,0.15,0.0,0.0,1027.0,8228.0,0.0,0.0,0.0,0.0,0.0,1.0,0.0,0.0,0.0,0.0,0.0,-3.0,0.0,2.0,0.0,0.0001,16.0,25903.0
2026-07-30T19:01:38.276Z,267.759,267.774,0.0,7.4,0.0,0.0,0.0,0.0,0.0,0.0,0.0,0.0,1.0,0.0,0.0,0.0,9.0,4.0,0.0,0.0,0.0,0.0,0.0,0.0,0.0,0.0,4.0,12.0,1.0,12.14,5.0200000000000005,2.51,1.49,0.0,0.1,0.0,0.4,0.0,0.2,-1.0,-0.1,-169.60000000000002,0.0,0.0,169.70000000000002,0.0,21.9,29.200000000000003,29.200000000000003,29.700000000000003,300.0,300.0,31.5,35.7,29.1,28.3,30.200000000000003,4.95,1.99,4.97,0.16,0.0,0.0,1027.0,8228.0,0.0,0.0,0.0,0.0,0.0,1.0,0.0,0.0,0.0,0.0,0.0,-1.2000000000000002,0.0,0.0,0.0,0.0001,16.0,25903.0
2026-07-30T19:01:38.289Z,267.772,267.786,0.0,7.4,0.0,0.0,0.0,0.0,0.0,0.0,0.0,0.0,1.0,0.0,0.0,0.0,9.0,4.0,0.0,0.0,0.0,0.0,0.0,0.0,0.0,0.0,5.0,12.0,1.0,12.14,5.0200000000000005,2.51,1.49,0.0,0.0,0.0,0.4,0.0,0.2,0.7000000000000001,0.4,-169.60000000000002,0.0,0.0,169.70000000000002,0.0,21.9,29.200000000000003,29.200000000000003,29.700000000000003,300.0,300.0,31.5,35.7,29.1,28.3,30.200000000000003,4.96,1.99,4.97,0.16,0.0,0.0,1027.0,8228.0,0.0,0.0,0.0,0.0,0.0,1.0,0.0,0.0,0.0,0.0,0.0,1.2000000000000002,0.0,-0.2,0.0,0.0,16.0,25903.0
2026-07-30T19:01:38.301Z,267.784,267.798,0.0,7.4,0.0,0.0,0.0,0.0,0.0,0.0,0.0,0.0,1.0,0.0,0.0,0.0,9.0,4.0,0.0,0.0,0.0,0.0,0.0,0.0,0.0,0.0,6.0,12.0,1.0,12.14,5.0200000000000005,2.51,1.49,0.0,0.0,0.0,0.4,0.0,-0.9,-1.0,-0.1,-169.60000000000002,0.0,0.0,169.70000000000002,0.0,21.9,29.200000000000003,29.200000000000003,29.700000000000003,300.0,300.0,31.5,35.7,29.1,28.3,30.200000000000003,4.96,1.99,4.96,0.16,0.0,0.0,1027.0,8228.0,0.0,0.0,0.0,0.0,0.0,1.0,0.0,0.0,0.0,0.0,0.0,-1.2000000000000002,0.0,-0.1,0.0,0.0,16.0,25903.0
2026-07-30T19:01:38.312Z,267.795,267.81,0.0,7.4,0.0,0.0,0.0,0.0,0.0,0.0,0.0,0.0,1.0,0.0,0.0,0.0,9.0,4.0,0.0,0.0,0.0,0.0,0.0,0.0,0.0,0.0,2.0,12.0,1.0,12.14,5.0200000000000005,2.51,1.49,0.0,0.0,0.0,0.4,0.0,0.2,-0.4,-0.7000000000000001,-169.60000000000002,0.0,0.0,169.60000000000002,0.0,21.9,29.200000000000003,29.200000000000003,29.700000000000003,300.0,300.0,31.5,35.7,29.1,28.3,30.200000000000003,4.95,1.99,4.97,0.16,0.0,0.0,1027.0,8228.0,0.0,0.0,0.0,0.0,0.0,1.0,0.0,0.0,0.0,0.0,0.0,-1.0,0.0,0.5,0.0,0.0001,16.0,25903.0
2026-07-30T19:01:38.324Z,267.807,267.822,0.0,7.4,0.0,0.0,0.0,0.0,0.0,0.0,0.0,0.0,1.0,0.0,0.0,0.0,9.0,4.0,0.0,0.0,0.0,0.0,0.0,0.0,0.0,0.0,3.0,12.0,1.0,12.14,5.0200000000000005,2.51,1.49,0.0,0.0,0.0,0.4,0.0,-0.4,-0.4,-0.7000000000000001,-169.60000000000002,0.0,0.0,169.70000000000002,0.0,21.9,29.200000000000003,29.200000000000003,29.700000000000003,300.0,300.0,31.5,35.7,29.1,28.3,30.200000000000003,4.95,2.0,4.96,0.16,0.0,0.0,1027.0,8228.0,0.0,0.0,0.0,0.0,0.0,1.0,0.0,0.0,0.0,0.0,0.0,-1.0,0.0,0.5,0.0,0.0,16.0,25903.0
2026-07-30T19:01:38.336Z,267.819,267.834,0.0,7.4,0.0,0.0,0.0,0.0,0.0,0.0,0.0,0.0,1.0,0.0,0.0,0.0,9.0,4.0,0.0,0.0,0.0,0.0,0.0,0.0,0.0,0.0,4.0,12.0,1.0,12.14,5.0200000000000005,2.51,1.49,0.0,0.0,0.0,0.4,0.0,0.1,-0.4,1.1,-169.60000000000002,0.0,0.0,169.70000000000002,0.0,21.9,29.200000000000003,29.200000000000003,29.700000000000003,300.0,300.0,31.5,35.7,29.1,28.3,30.200000000000003,4.96,1.99,4.96,0.15,0.0,0.0,1027.0,8228.0,0.0,0.0,0.0,0.0,0.0,1.0,0.0,0.0,0.0,0.0,0.0,0.3,0.0,-1.0,0.0,0.0001,16.0,25903.0
2026-07-30T19:01:38.349Z,267.832,267.846,0.0,7.4,0.0,0.0,0.0,0.0,0.0,0.0,0.0,0.0,1.0,0.0,0.0,0.0,9.0,4.0,0.0,0.0,0.0,0.0,0.0,0.0,0.0,0.0,5.0,12.0,1.0,12.15,5.0200000000000005,2.5,1.5,0.0,0.0,0.0,0.4,0.0,0.7000000000000001,-0.4,-0.6000000000000001,-169.60000000000002,0.0,0.0,169.70000000000002,0.0,21.4,29.200000000000003,29.200000000000003,29.700000000000003,300.0,300.0,31.6,35.7,29.1,28.3,30.200000000000003,4.96,1.99,4.97,0.16,0.0,0.0,1027.0,8228.0,0.0,0.0,0.0,0.0,0.0,1.0,0.0,0.0,0.0,0.0,0.0,-1.0,0.0,0.5,0.0,0.0,16.0,25903.0
2026-07-30T19:01:38.360Z,267.843,267.858,0.0,7.4,0.0,0.0,0.0,0.0,0.0,0.0,0.0,0.0,1.0,0.0,0.0,0.0,9.0,4.0,0.0,0.0,0.0,0.0,0.0,0.0,0.0,0.0,1.0,12.0,1.0,12.15,5.0200000000000005,2.5,1.5,0.0,0.0,0.0,0.4,0.0,0.7000000000000001,-0.9,0.4,-169.60000000000002,0.0,0.0,169.8,0.0,21.4,29.200000000000003,29.200000000000003,29.700000000000003,300.0,300.0,31.6,35.7,29.1,28.3,30.200000000000003,4.96,1.99,4.97,0.16,0.0,0.0,1027.0,8228.0,0.0,0.0,0.0,0.0,0.0,1.0,0.0,0.0,0.0,0.0,0.0,-0.7000000000000001,0.0,-0.6000000000000001,0.0,0.0,16.0,25903.0
2026-07-30T19:01:38.373Z,267.856,267.87,0.0,7.4,0.0,0.0,0.0,0.0,0.0,0.0,0.0,0.0,1.0,0.0,0.0,0.0,9.0,4.0,0.0,0.0,0.0,0.0,0.0,0.0,0.0,0.0,2.0,12.0,1.0,12.15,5.0200000000000005,2.5,1.5,0.0,0.0,0.0,0.4,0.0,0.1,0.7000000000000001,-0.1,-169.60000000000002,0.0,0.0,169.70000000000002,0.0,21.4,29.200000000000003,29.200000000000003,29.700000000000003,300.0,300.0,31.6,35.7,29.1,28.3,30.200000000000003,4.96,1.99,4.96,0.16,0.0,0.0,1027.0,8228.0,0.0,0.0,0.0,0.0,0.0,1.0,0.0,0.0,0.0,0.0,0.0,0.7000000000000001,0.0,0.2,0.0,0.0003,16.0,25903.0
2026-07-30T19:01:38.385Z,267.868,267.882,0.0,7.4,0.0,0.0,0.0,0.0,0.0,0.0,0.0,0.0,1.0,0.0,0.0,0.0,9.0,4.0,0.0,0.0,0.0,0.0,0.0,0.0,0.0,0.0,3.0,12.0,1.0,12.15,5.0200000000000005,2.5,1.5,0.0,0.0,0.0,0.4,0.0,-0.4,-0.4,-0.6000000000000001,-169.60000000000002,0.0,0.0,169.70000000000002,0.0,21.4,29.200000000000003,29.200000000000003,29.700000000000003,300.0,300.0,31.6,35.7,29.1,28.3,30.200000000000003,4.95,1.99,4.96,0.16,0.0,0.0,1027.0,8228.0,0.0,0.0,0.0,0.0,0.0,1.0,0.0,0.0,0.0,0.0,0.0,-0.9,0.0,0.4,0.0,0.0001,16.0,25903.0
2026-07-30T19:01:38.397Z,267.88,267.894,0.0,7.4,0.0,0.0,0.0,0.0,0.0,0.0,0.0,0.0,1.0,0.0,0.0,0.0,9.0,4.0,0.0,0.0,0.0,0.0,0.0,0.0,0.0,0.0,3.0,12.0,1.0,12.15,5.0200000000000005,2.5,1.5,0.0,0.0,0.0,0.4,0.0,0.1,0.1,-0.1,-169.60000000000002,0.0,0.0,169.8,0.0,21.4,29.200000000000003,29.200000000000003,29.700000000000003,300.0,300.0,31.6,35.7,29.1,28.3,30.200000000000003,4.95,1.99,4.97,0.15,0.0,0.0,1027.0,8228.0,0.0,0.0,0.0,0.0,0.0,1.0,0.0,0.0,0.0,0.0,0.0,0.0,0.0,0.1,0.0,0.0,16.0,25903.0
2026-07-30T19:01:38.409Z,267.892,267.906,0.0,7.4,0.0,0.0,0.0,0.0,0.0,0.0,0.0,0.0,1.0,0.0,0.0,0.0,9.0,4.0,0.0,0.0,0.0,0.0,0.0,0.0,0.0,0.0,4.0,12.0,1.0,12.15,5.0200000000000005,2.5,1.5,0.0,0.0,0.0,0.4,0.0,-1.0,0.1,0.0,-169.60000000000002,0.0,0.0,169.70000000000002,0.0,21.4,29.200000000000003,29.200000000000003,29.700000000000003,300.0,300.0,31.6,35.7,29.1,28.3,30.200000000000003,4.96,1.99,4.96,0.15,0.0,0.0,1027.0,8228.0,0.0,0.0,0.0,0.0,0.0,1.0,0.0,0.0,0.0,0.0,0.0,0.0,0.0,0.1,0.0,0.0001,16.0,25903.0
2026-07-30T19:01:38.421Z,267.904,267.918,0.0,7.4,0.0,0.0,0.0,0.0,0.0,0.0,0.0,0.0,1.0,0.0,0.0,0.0,9.0,4.0,0.0,0.0,0.0,0.0,0.0,0.0,0.0,0.0,6.0,12.0,1.0,12.15,5.0200000000000005,2.5,1.5,0.0,0.1,0.0,0.4,0.0,0.1,1.2000000000000002,0.4,-169.60000000000002,0.0,0.0,169.70000000000002,0.0,21.4,29.200000000000003,29.200000000000003,29.700000000000003,300.0,300.0,31.6,35.7,29.1,28.3,30.200000000000003,4.96,1.99,4.96,0.16,0.0,0.0,1027.0,8228.0,0.0,0.0,0.0,0.0,0.0,1.0,0.0,0.0,0.0,0.0,0.0,1.8,0.0,-0.1,0.0,0.0001,16.0,25903.0
2026-07-30T19:01:38.432Z,267.915,267.93,0.0,7.4,0.0,0.0,0.0,0.0,0.0,0.0,0.0,0.0,1.0,0.0,0.0,0.0,9.0,4.0,0.0,0.0,0.0,0.0,0.0,0.0,0.0,0.0,1.0,12.0,1.0,12.15,5.0200000000000005,2.5,1.5,0.0,0.0,0.0,0.5,0.0,0.1,0.6000000000000001,-0.7000000000000001,-169.60000000000002,0.0,0.0,169.70000000000002,0.0,21.4,29.200000000000003,29.200000000000003,29.700000000000003,300.0,300.0,31.6,35.7,29.1,28.3,30.200000000000003,4.95,1.99,4.96,0.16,0.0,0.0,1027.0,8228.0,0.0,0.0,0.0,0.0,0.0,1.0,0.0,0.0,0.0,0.0,0.0,1.4,0.0,-0.7000000000000001,0.0,0.0,16.0,25903.0
2026-07-30T19:01:38.446Z,267.929,267.942,0.0,7.4,0.0,0.0,0.0,0.0,0.0,0.0,0.0,0.0,1.0,0.0,0.0,0.0,9.0,4.0,0.0,0.0,0.0,0.0,0.0,0.0,0.0,0.0,1.0,12.0,1.0,12.2,5.0200000000000005,2.5,1.49,0.0,0.0,0.0,0.4,0.0,0.7000000000000001,-0.5,-0.7000000000000001,-169.60000000000002,0.0,0.0,169.8,0.0,20.9,29.200000000000003,29.200000000000003,29.700000000000003,300.0,300.0,31.700000000000003,35.6,29.1,28.3,30.200000000000003,4.96,1.99,4.96,0.16,0.0,0.0,1027.0,8228.0,0.0,0.0,0.0,0.0,0.0,1.0,0.0,0.0,0.0,0.0,0.0,-1.1,0.0,0.5,0.0,0.0,16.0,25903.0
2026-07-30T19:01:38.461Z,267.944,267.954,0.0,7.4,0.0,0.0,0.0,0.0,0.0,0.0,0.0,0.0,1.0,0.0,0.0,0.0,9.0,4.0,0.0,0.0,0.0,0.0,0.0,0.0,0.0,0.0,3.0,12.0,1.0,12.2,5.0200000000000005,2.5,1.49,0.0,0.0,0.0,0.4,0.0,-0.4,-1.1,0.9,-169.60000000000002,0.0,0.0,169.70000000000002,0.0,20.9,29.200000000000003,29.200000000000003,29.700000000000003,300.0,300.0,31.700000000000003,35.6,29.1,28.3,30.200000000000003,4.95,2.0,4.97,0.16,0.0,0.0,1027.0,8228.0,0.0,0.0,0.0,0.0,0.0,1.0,0.0,0.0,0.0,0.0,0.0,-1.2000000000000002,0.0,0.5,0.0,0.0001,16.0,25903.0
2026-07-30T19:01:38.469Z,267.952,267.966,0.0,7.4,0.0,0.0,0.0,0.0,0.0,0.0,0.0,0.0,1.0,0.0,0.0,0.0,9.0,4.0,0.0,0.0,0.0,0.0,0.0,0.0,0.0,0.0,2.0,12.0,1.0,12.2,5.0200000000000005,2.5,1.49,0.0,0.0,0.0,0.4,0.0,0.1,1.1,1.0,-169.60000000000002,0.0,0.0,169.70000000000002,0.0,20.9,29.200000000000003,29.200000000000003,29.700000000000003,300.0,300.0,31.700000000000003,35.6,29.1,28.3,30.200000000000003,4.95,1.99,4.97,0.16,0.0,0.0,1027.0,8228.0,0.0,0.0,0.0,0.0,0.0,1.0,0.0,0.0,0.0,0.0,0.0,1.4,0.0,-0.7000000000000001,0.0,0.0001,16.0,25903.0
2026-07-30T19:01:38.481Z,267.964,267.978,0.0,7.4,0.0,0.0,0.0,0.0,0.0,0.0,0.0,0.0,1.0,0.0,0.0,0.0,9.0,4.0,0.0,0.0,0.0,0.0,0.0,0.0,0.0,0.0,4.0,12.0,1.0,12.2,5.0200000000000005,2.5,1.49,0.0,0.0,0.0,0.4,0.0,0.1,0.0,-0.7000000000000001,-169.60000000000002,0.0,0.0,169.70000000000002,0.0,20.9,29.200000000000003,29.200000000000003,29.700000000000003,300.0,300.0,31.700000000000003,35.6,29.1,28.3,30.200000000000003,4.96,1.99,4.97,0.16,0.0,0.0,1027.0,8228.0,0.0,0.0,0.0,0.0,0.0,1.0,0.0,0.0,0.0,0.0,0.0,-0.4,0.0,0.6000000000000001,0.0,0.0,16.0,25903.0
2026-07-30T19:01:38.492Z,267.975,267.99,0.0,7.4,0.0,0.0,0.0,0.0,0.0,0.0,0.0,0.0,1.0,0.0,0.0,0.0,9.0,4.0,0.0,0.0,0.0,0.0,0.0,0.0,0.0,0.0,5.0,12.0,1.0,12.2,5.0200000000000005,2.5,1.49,0.0,0.0,0.0,0.4,0.0,0.1,0.6000000000000001,2.2,-169.60000000000002,0.0,0.0,169.70000000000002,0.0,20.9,29.200000000000003,29.200000000000003,29.700000000000003,300.0,300.0,31.700000000000003,35.6,29.1,28.3,30.200000000000003,4.96,1.99,4.96,0.16,0.0,0.0,1027.0,8228.0,0.0,0.0,0.0,0.0,0.0,1.0,0.0,0.0,0.0,0.0,0.0,2.4000000000000004,0.0,-1.8,0.0,0.0,16.0,25903.0
2026-07-30T19:01:38.506Z,267.989,268.002,0.0,7.4,0.0,0.0,0.0,0.0,0.0,0.0,0.0,0.0,1.0,0.0,0.0,0.0,9.0,4.0,0.0,0.0,0.0,0.0,0.0,0.0,0.0,0.0,6.0,12.0,1.0,12.2,5.0200000000000005,2.5,1.49,0.0,0.0,0.0,0.4,0.0,-0.4,0.6000000000000001,-0.1,-169.60000000000002,0.0,0.0,169.70000000000002,0.0,20.9,29.200000000000003,29.200000000000003,29.700000000000003,300.0,300.0,31.700000000000003,35.6,29.1,28.3,30.200000000000003,4.96,1.99,4.97,0.16,0.0,0.0,1027.0,8228.0,0.0,0.0,0.0,0.0,0.0,1.0,0.0,0.0,0.0,0.0,0.0,0.5,0.0,0.2,0.0,0.0,16.0,25903.0
2026-07-30T19:01:38.516Z,267.999,268.014,0.0,7.4,0.0,0.0,0.0,0.0,0.0,0.0,0.0,0.0,1.0,0.0,0.0,0.0,9.0,4.0,0.0,0.0,0.0,0.0,0.0,0.0,0.0,0.0,5.0,12.0,1.0,12.2,5.0200000000000005,2.5,1.49,0.0,0.1,0.0,0.4,0.0,-0.3,-0.5,-0.1,-169.60000000000002,0.0,0.0,169.8,0.0,20.9,29.200000000000003,29.200000000000003,29.700000000000003,300.0,300.0,31.700000000000003,35.6,29.1,28.3,30.200000000000003,4.96,1.99,4.97,0.16,0.0,0.0,1027.0,8228.0,0.0,0.0,0.0,0.0,0.0,1.0,0.0,0.0,0.0,0.0,0.0,-0.7000000000000001,0.0,0.0,0.0,0.0001,16.0,25903.0
2026-07-30T19:01:38.528Z,268.011,268.026,0.0,7.4,0.0,0.0,0.0,0.0,0.0,0.0,0.0,0.0,1.0,0.0,0.0,0.0,9.0,4.0,0.0,0.0,0.0,0.0,0.0,0.0,0.0,0.0,1.0,12.0,1.0,12.2,5.0200000000000005,2.5,1.49,0.0,0.0,0.0,0.4,0.0,0.2,1.1,-0.1,-169.60000000000002,0.0,0.0,169.70000000000002,0.0,20.9,29.200000000000003,29.200000000000003,29.700000000000003,300.0,300.0,31.700000000000003,35.6,29.1,28.3,30.200000000000003,4.96,1.99,4.97,0.16,0.0,0.0,1027.0,8228.0,0.0,0.0,0.0,0.0,0.0,1.0,0.0,0.0,0.0,0.0,0.0,1.1,0.0,0.3,0.0,0.0001,16.0,25903.0
2026-07-30T19:01:38.541Z,268.024,268.038,0.0,7.4,0.0,0.0,0.0,0.0,0.0,0.0,0.0,0.0,1.0,0.0,0.0,0.0,9.0,4.0,0.0,0.0,0.0,0.0,0.0,0.0,0.0,0.0,2.0,12.0,1.0,12.2,5.0200000000000005,2.5,1.49,0.0,0.0,0.0,0.4,0.0,-0.3,0.0,0.4,-169.60000000000002,0.0,0.0,169.70000000000002,0.0,20.9,29.200000000000003,29.200000000000003,29.700000000000003,300.0,300.0,31.700000000000003,35.6,29.1,28.3,30.200000000000003,4.95,1.99,4.97,0.16,0.0,0.0,1027.0,8228.0,0.0,0.0,0.0,0.0,0.0,1.0,0.0,0.0,0.0,0.0,0.0,0.2,0.0,-0.3,0.0,0.0001,16.0,25903.0
2026-07-30T19:01:38.552Z,268.035,268.05,0.0,7.4,0.0,0.0,0.0,0.0,0.0,0.0,0.0,0.0,1.0,0.0,0.0,0.0,9.0,4.0,0.0,0.0,0.0,0.0,0.0,0.0,0.0,0.0,2.0,12.0,1.0,12.17,5.01,2.51,1.49,0.0,0.0,0.0,0.4,0.0,-0.3,-2.3000000000000003,-0.8,-169.60000000000002,0.0,0.0,169.8,0.0,21.200000000000003,29.200000000000003,29.200000000000003,29.700000000000003,300.0,300.0,31.6,35.6,29.1,28.3,30.200000000000003,4.96,1.99,4.96,0.16,0.0,0.0,1027.0,8228.0,0.0,0.0,0.0,0.0,0.0,1.0,0.0,0.0,0.0,0.0,0.0,-3.3000000000000003,0.0,0.2,0.0,0.0,16.0,25903.0
2026-07-30T19:01:38.565Z,268.048,268.062,0.0,7.4,0.0,0.0,0.0,0.0,0.0,0.0,0.0,0.0,1.0,0.0,0.0,0.0,9.0,4.0,0.0,0.0,0.0,0.0,0.0,0.0,0.0,0.0,4.0,12.0,1.0,12.17,5.01,2.51,1.49,0.0,0.1,0.0,0.4,0.0,0.8,0.0,-0.8,-169.60000000000002,0.0,0.0,169.8,0.0,21.200000000000003,29.200000000000003,29.200000000000003,29.700000000000003,300.0,300.0,31.6,35.6,29.1,28.3,30.200000000000003,4.96,1.99,4.96,0.16,0.0,0.0,1027.0,8228.0,0.0,0.0,0.0,0.0,0.0,1.0,0.0,0.0,0.0,0.0,0.0,-0.6000000000000001,0.0,0.7000000000000001,0.0,0.0001,16.0,25903.0
2026-07-30T19:01:38.577Z,268.06,268.074,0.0,7.4,0.0,0.0,0.0,0.0,0.0,0.0,0.0,0.0,1.0,0.0,0.0,0.0,9.0,4.0,0.0,0.0,0.0,0.0,0.0,0.0,0.0,0.0,5.0,12.0,1.0,12.17,5.01,2.51,1.49,0.0,0.0,0.0,0.4,0.0,0.2,-1.2000000000000002,-0.8,-169.70000000000002,0.0,0.0,169.8,0.0,21.200000000000003,29.200000000000003,29.200000000000003,29.700000000000003,300.0,300.0,31.6,35.6,29.1,28.3,30.200000000000003,4.96,1.99,4.96,0.17,0.0,0.0,1027.0,8228.0,0.0,0.0,0.0,0.0,0.0,1.0,0.0,0.0,0.0,0.0,0.0,-2.0,0.0,0.4,0.0,0.0002,16.0,25903.0
2026-07-30T19:01:38.589Z,268.072,268.086,0.0,7.4,0.0,0.0,0.0,0.0,0.0,0.0,0.0,0.0,1.0,0.0,0.0,0.0,9.0,4.0,0.0,0.0,0.0,0.0,0.0,0.0,0.0,0.0,6.0,12.0,1.0,12.17,5.01,2.51,1.49,0.0,0.0,0.0,0.4,0.0,-0.9,-0.6000000000000001,-0.2,-169.70000000000002,0.0,0.0,169.70000000000002,0.0,21.200000000000003,29.200000000000003,29.200000000000003,29.700000000000003,300.0,300.0,31.6,35.6,29.1,28.3,30.200000000000003,4.95,1.99,4.97,0.16,0.0,0.0,1027.0,8228.0,0.0,0.0,0.0,0.0,0.0,1.0,0.0,0.0,0.0,0.0,0.0,-0.8,0.0,0.1,0.0,0.0,16.0,25903.0
2026-07-30T19:01:38.601Z,268.084,268.098,0.0,7.4,0.0,0.0,0.0,0.0,0.0,0.0,0.0,0.0,1.0,0.0,0.0,0.0,9.0,4.0,0.0,0.0,0.0,0.0,0.0,0.0,0.0,0.0,2.0,12.0,1.0,12.17,5.01,2.51,1.49,0.0,0.0,0.0,0.4,0.0,0.2,0.0,-0.2,-169.70000000000002,0.0,0.0,169.8,0.0,21.200000000000003,29.200000000000003,29.200000000000003,29.700000000000003,300.0,300.0,31.6,35.6,29.1,28.3,30.200000000000003,4.96,1.99,4.96,0.16,0.0,0.0,1027.0,8228.0,0.0,0.0,0.0,0.0,0.0,1.0,0.0,0.0,0.0,0.0,0.0,-0.1,0.0,0.1,0.0,0.0001,16.0,25903.0
2026-07-30T19:01:38.613Z,268.096,268.11,0.0,7.4,0.0,0.0,0.0,0.0,0.0,0.0,0.0,0.0,1.0,0.0,0.0,0.0,9.0,4.0,0.0,0.0,0.0,0.0,0.0,0.0,0.0,0.0,3.0,12.0,1.0,12.17,5.01,2.51,1.49,0.0,0.0,0.0,0.4,0.0,-0.8,0.5,0.9,-169.70000000000002,0.0,0.0,169.70000000000002,0.0,21.200000000000003,29.200000000000003,29.200000000000003,29.700000000000003,300.0,300.0,31.6,35.6,29.1,28.3,30.200000000000003,4.96,2.0,4.96,0.16,0.0,0.0,1027.0,8228.0,0.0,0.0,0.0,0.0,0.0,1.0,0.0,0.0,0.0,0.0,0.0,1.3,0.0,-0.7000000000000001,0.0,0.0002,16.0,25903.0
2026-07-30T19:01:38.625Z,268.108,268.122,0.0,7.4,0.0,0.0,0.0,0.0,0.0,0.0,0.0,0.0,1.0,0.0,0.0,0.0,9.0,4.0,0.0,0.0,0.0,0.0,0.0,0.0,0.0,0.0,5.0,12.0,1.0,12.17,5.01,2.51,1.49,0.0,0.1,0.0,0.4,0.0,-0.2,0.6000000000000001,-0.2,-169.70000000000002,0.0,0.0,169.8,0.0,21.200000000000003,29.200000000000003,29.200000000000003,29.700000000000003,300.0,300.0,31.6,35.6,29.1,28.3,30.200000000000003,4.95,1.99,4.96,0.16,0.0,0.0,1027.0,8228.0,0.0,0.0,0.0,0.0,0.0,1.0,0.0,0.0,0.0,0.0,0.0,0.5,0.0,0.3,0.0,0.0001,16.0,25903.0
2026-07-30T19:01:38.636Z,268.119,268.134,0.0,7.4,0.0,0.0,0.0,0.0,0.0,0.0,0.0,0.0,1.0,0.0,0.0,0.0,9.0,4.0,0.0,0.0,0.0,0.0,0.0,0.0,0.0,0.0,6.0,12.0,1.0,12.17,5.01,2.51,1.49,0.0,0.0,0.0,0.4,0.0,0.9,0.6000000000000001,-0.1,-169.70000000000002,0.0,0.0,169.70000000000002,0.0,21.200000000000003,29.200000000000003,29.200000000000003,29.700000000000003,300.0,300.0,31.6,35.6,29.1,28.3,30.200000000000003,4.95,1.99,4.97,0.16,0.0,0.0,1027.0,8228.0,0.0,0.0,0.0,0.0,0.0,1.0,0.0,0.0,0.0,0.0,0.0,0.6000000000000001,0.0,0.2,0.0,0.0,16.0,25903.0
2026-07-30T19:01:38.649Z,268.132,268.146,0.0,7.4,0.0,0.0,0.0,0.0,0.0,0.0,0.0,0.0,1.0,0.0,0.0,0.0,9.0,4.0,0.0,0.0,0.0,0.0,0.0,0.0,0.0,0.0,1.0,12.0,1.0,12.18,5.01,2.51,1.49,0.0,0.1,0.0,0.4,0.0,0.3,-0.5,1.0,-169.70000000000002,0.0,0.0,169.8,0.0,21.700000000000003,29.200000000000003,29.200000000000003,29.700000000000003,300.0,300.0,31.5,35.7,29.1,28.3,30.200000000000003,4.96,1.99,4.96,0.16,0.0,0.0,1027.0,8228.0,0.0,0.0,0.0,0.0,0.0,1.0,0.0,0.0,0.0,0.0,0.0,0.1,0.0,-0.9,0.0,0.0001,16.0,25903.0
2026-07-30T19:01:38.660Z,268.143,268.158,0.0,7.4,0.0,0.0,0.0,0.0,0.0,0.0,0.0,0.0,1.0,0.0,0.0,0.0,9.0,4.0,0.0,0.0,0.0,0.0,0.0,0.0,0.0,0.0,2.0,12.0,1.0,12.18,5.01,2.51,1.49,0.0,0.0,0.0,0.4,0.0,-0.8,-1.0,-0.7000000000000001,-169.70000000000002,0.0,0.0,169.8,0.0,21.700000000000003,29.200000000000003,29.200000000000003,29.700000000000003,300.0,300.0,31.5,35.7,29.1,28.3,30.200000000000003,4.96,1.99,4.97,0.16,0.0,0.0,1027.0,8228.0,0.0,0.0,0.0,0.0,0.0,1.0,0.0,0.0,0.0,0.0,0.0,-1.8,0.0,0.4,0.0,0.0001,16.0,25903.0
2026-07-30T19:01:38.673Z,268.156,268.17,0.0,7.4,0.0,0.0,0.0,0.0,0.0,0.0,0.0,0.0,1.0,0.0,0.0,0.0,9.0,4.0,0.0,0.0,0.0,0.0,0.0,0.0,0.0,0.0,3.0,12.0,1.0,12.18,5.01,2.51,1.49,0.0,0.0,0.0,0.4,0.0,-0.8,-0.4,-0.7000000000000001,-169.70000000000002,0.0,0.0,169.70000000000002,0.0,21.700000000000003,29.200000000000003,29.200000000000003,29.700000000000003,300.0,300.0,31.5,35.7,29.1,28.3,30.200000000000003,4.95,1.99,4.97,0.16,0.0,0.0,1027.0,8228.0,0.0,0.0,0.0,0.0,0.0,1.0,0.0,0.0,0.0,0.0,0.0,-1.1,0.0,0.5,0.0,0.0001,16.0,25903.0
2026-07-30T19:01:38.685Z,268.168,268.182,0.0,7.4,0.0,0.0,0.0,0.0,0.0,0.0,0.0,0.0,1.0,0.0,0.0,0.0,9.0,4.0,0.0,0.0,0.0,0.0,0.0,0.0,0.0,0.0,4.0,12.0,1.0,12.18,5.01,2.51,1.49,0.0,0.0,0.0,0.4,0.0,0.9,0.1,-0.6000000000000001,-169.70000000000002,0.0,0.0,169.8,0.0,21.700000000000003,29.200000000000003,29.200000000000003,29.700000000000003,300.0,300.0,31.5,35.7,29.1,28.3,30.200000000000003,4.96,1.99,4.96,0.16,0.0,0.0,1027.0,8228.0,0.0,0.0,0.0,0.0,0.0,1.0,0.0,0.0,0.0,0.0,0.0,-0.3,0.0,0.6000000000000001,0.0,0.0,16.0,25903.0
2026-07-30T19:01:38.697Z,268.18,268.194,0.0,7.4,0.0,0.0,0.0,0.0,0.0,0.0,0.0,0.0,1.0,0.0,0.0,0.0,9.0,4.0,0.0,0.0,0.0,0.0,0.0,0.0,0.0,0.0,6.0,12.0,1.0,12.18,5.01,2.51,1.49,0.0,0.0,0.0,0.4,0.0,0.9,0.1,-0.7000000000000001,-169.70000000000002,0.0,0.0,169.70000000000002,0.0,21.700000000000003,29.200000000000003,29.200000000000003,29.700000000000003,300.0,300.0,31.5,35.7,29.1,28.3,30.200000000000003,4.95,2.0,4.97,0.16,0.0,0.0,1027.0,8228.0,0.0,0.0,0.0,0.0,0.0,1.0,0.0,0.0,0.0,0.0,0.0,-0.4,0.0,0.6000000000000001,0.0,0.0001,16.0,25903.0
2026-07-30T19:01:38.708Z,268.191,268.206,0.0,7.4,0.0,0.0,0.0,0.0,0.0,0.0,0.0,0.0,1.0,0.0,0.0,0.0,9.0,4.0,0.0,0.0,0.0,0.0,0.0,0.0,0.0,0.0,1.0,12.0,1.0,12.18,5.01,2.51,1.49,0.0,0.1,0.0,0.4,0.0,-0.8,1.3,1.0,-169.70000000000002,0.0,0.0,169.70000000000002,0.0,21.700000000000003,29.200000000000003,29.200000000000003,29.700000000000003,300.0,300.0,31.5,35.7,29.1,28.3,30.200000000000003,4.95,1.99,4.97,0.16,0.0,0.0,1027.0,8228.0,0.0,0.0,0.0,0.0,0.0,1.0,0.0,0.0,0.0,0.0,0.0,2.3000000000000003,0.0,-0.6000000000000001,0.0,0.0002,16.0,25903.0
2026-07-30T19:01:38.721Z,268.204,268.218,0.0,7.4,0.0,0.0,0.0,0.0,0.0,0.0,0.0,0.0,1.0,0.0,0.0,0.0,9.0,4.0,0.0,0.0,0.0,0.0,0.0,0.0,0.0,0.0,2.0,12.0,1.0,12.18,5.01,2.51,1.49,0.0,0.1,0.0,0.4,0.0,0.9,1.3,0.4,-169.70000000000002,0.0,0.0,169.60000000000002,0.0,21.700000000000003,29.200000000000003,29.200000000000003,29.700000000000003,300.0,300.0,31.5,35.7,29.1,28.3,30.200000000000003,4.95,1.99,4.97,0.16,0.0,0.0,1027.0,8228.0,0.0,0.0,0.0,0.0,0.0,1.0,0.0,0.0,0.0,0.0,0.0,1.9,0.0,-0.1,0.0,0.0,16.0,25903.0
2026-07-30T19:01:38.732Z,268.215,268.23,0.0,7.4,0.0,0.0,0.0,0.0,0.0,0.0,0.0,0.0,1.0,0.0,0.0,0.0,9.0,4.0,0.0,0.0,0.0,0.0,0.0,0.0,0.0,0.0,3.0,12.0,1.0,12.18,5.01,2.51,1.49,0.0,0.0,0.0,0.4,0.0,-0.7000000000000001,-0.9,-0.1,-169.70000000000002,0.0,0.0,169.70000000000002,0.0,21.700000000000003,29.200000000000003,29.200000000000003,29.700000000000003,300.0,300.0,31.5,35.7,29.1,28.3,30.200000000000003,4.96,1.99,4.96,0.16,0.0,0.0,1027.0,8228.0,0.0,0.0,0.0,0.0,0.0,1.0,0.0,0.0,0.0,0.0,0.0,-1.1,0.0,-0.1,0.0,0.0001,16.0,25903.0
2026-07-30T19:01:38.745Z,268.228,268.242,0.0,7.4,0.0,0.0,0.0,0.0,0.0,0.0,0.0,0.0,1.0,0.0,0.0,0.0,9.0,4.0,0.0,0.0,0.0,0.0,0.0,0.0,0.0,0.0,5.0,12.0,1.0,12.18,5.01,2.51,1.49,0.0,0.0,0.0,0.4,0.0,0.4,-0.3,-0.1,-169.70000000000002,0.0,0.0,169.70000000000002,0.0,21.700000000000003,29.200000000000003,29.200000000000003,29.700000000000003,300.0,300.0,31.5,35.7,29.1,28.3,30.200000000000003,4.95,1.99,4.97,0.16,0.0,0.0,1027.0,8228.0,0.0,0.0,0.0,0.0,0.0,1.0,0.0,0.0,0.0,0.0,0.0,-0.5,0.0,0.0,0.0,0.0001,16.0,25903.0
2026-07-30T19:01:38.757Z,268.24,268.254,0.0,7.4,0.0,0.0,0.0,0.0,0.0,0.0,0.0,0.0,1.0,0.0,0.0,0.0,9.0,4.0,0.0,0.0,0.0,0.0,0.0,0.0,0.0,0.0,6.0,12.0,1.0,12.2,5.0200000000000005,2.5,1.5,0.0,0.0,0.0,0.4,0.0,0.4,-0.4,-0.7000000000000001,-169.70000000000002,0.0,0.0,169.60000000000002,0.0,21.700000000000003,29.200000000000003,29.200000000000003,29.700000000000003,300.0,300.0,31.5,35.7,29.1,28.3,30.200000000000003,4.95,1.99,4.96,0.16,0.0,0.0,1027.0,8228.0,0.0,0.0,0.0,0.0,0.0,1.0,0.0,0.0,0.0,0.0,0.0,-1.0,0.0,0.5,0.0,0.0,16.0,25903.0
2026-07-30T19:01:38.769Z,268.252,268.266,0.0,7.4,0.0,0.0,0.0,0.0,0.0,0.0,0.0,0.0,1.0,0.0,0.0,0.0,9.0,4.0,0.0,0.0,0.0,0.0,0.0,0.0,0.0,0.0,1.0,12.0,1.0,12.2,5.0200000000000005,2.5,1.5,0.0,0.0,0.0,0.4,0.0,-0.1,1.3,1.0,-169.70000000000002,0.0,0.0,169.60000000000002,0.0,21.700000000000003,29.200000000000003,29.200000000000003,29.700000000000003,300.0,300.0,31.5,35.7,29.1,28.3,30.200000000000003,4.96,2.0,4.96,0.16,0.0,0.0,1027.0,8228.0,0.0,0.0,0.0,0.0,0.0,1.0,0.0,0.0,0.0,0.0,0.0,2.2,0.0,-0.6000000000000001,0.0,0.0001,16.0,25903.0
2026-07-30T19:01:38.785Z,268.268,268.278,0.0,7.4,0.0,0.0,0.0,0.0,0.0,0.0,0.0,0.0,1.0,0.0,0.0,0.0,9.0,4.0,0.0,0.0,0.0,0.0,0.0,0.0,0.0,0.0,2.0,12.0,1.0,12.2,5.0200000000000005,2.5,1.5,0.0,0.0,0.0,0.4,0.0,0.9,0.1,-1.3,-169.70000000000002,0.0,0.0,169.60000000000002,0.0,21.700000000000003,29.200000000000003,29.200000000000003,29.700000000000003,300.0,300.0,31.5,35.7,29.1,28.3,30.200000000000003,4.95,2.0,4.97,0.16,0.0,0.0,1027.0,8228.0,0.0,0.0,0.0,0.0,0.0,1.0,0.0,0.0,0.0,0.0,0.0,-0.7000000000000001,0.0,1.1,0.0,0.0,16.0,25903.0
2026-07-30T19:01:38.793Z,268.276,268.29,0.0,7.4,0.0,0.0,0.0,0.0,0.0,0.0,0.0,0.0,1.0,0.0,0.0,0.0,9.0,4.0,0.0,0.0,0.0,0.0,0.0,0.0,0.0,0.0,6.0,12.0,1.0,12.2,5.0200000000000005,2.5,1.5,0.0,0.0,0.0,0.4,0.0,0.3,-1.0,-0.1,-169.70000000000002,0.0,0.0,169.70000000000002,0.0,21.700000000000003,29.200000000000003,29.200000000000003,29.700000000000003,300.0,300.0,31.5,35.7,29.1,28.3,30.200000000000003,4.96,1.99,4.97,0.16,0.0,0.0,1027.0,8228.0,0.0,0.0,0.0,0.0,0.0,1.0,0.0,0.0,0.0,0.0,0.0,-1.2000000000000002,0.0,-0.1,0.0,0.0,16.0,25903.0
2026-07-30T19:01:38.805Z,268.288,268.302,0.0,7.4,0.0,0.0,0.0,0.0,0.0,0.0,0.0,0.0,1.0,0.0,0.0,0.0,9.0,4.0,0.0,0.0,0.0,0.0,0.0,0.0,0.0,0.0,2.0,12.0,1.0,12.2,5.0200000000000005,2.5,1.5,0.0,0.0,0.0,0.4,0.0,0.3,-0.4,-0.7000000000000001,-169.70000000000002,0.0,0.0,169.70000000000002,0.0,21.700000000000003,29.200000000000003,29.200000000000003,29.700000000000003,300.0,300.0,31.5,35.7,29.1,28.3,30.200000000000003,4.96,1.99,4.96,0.16,0.0,0.0,1027.0,8228.0,0.0,0.0,0.0,0.0,0.0,1.0,0.0,0.0,0.0,0.0,0.0,-1.0,0.0,0.5,0.0,0.0,16.0,25903.0
2026-07-30T19:01:38.816Z,268.299,268.314,0.0,7.4,0.0,0.0,0.0,0.0,0.0,0.0,0.0,0.0,1.0,0.0,0.0,0.0,9.0,4.0,0.0,0.0,0.0,0.0,0.0,0.0,0.0,0.0,3.0,12.0,1.0,12.2,5.0200000000000005,2.5,1.5,0.0,0.0,0.0,0.4,0.0,0.9,0.7000000000000001,0.4,-169.60000000000002,0.0,0.0,169.70000000000002,0.0,21.700000000000003,29.200000000000003,29.200000000000003,29.700000000000003,300.0,300.0,31.5,35.7,29.1,28.3,30.200000000000003,4.96,1.99,4.96,0.16,0.0,0.0,1027.0,8228.0,0.0,0.0,0.0,0.0,0.0,1.0,0.0,0.0,0.0,0.0,0.0,1.2000000000000002,0.0,-0.2,0.0,0.0001,16.0,25903.0
2026-07-30T19:01:38.828Z,268.311,268.326,0.0,7.4,0.0,0.0,0.0,0.0,0.0,0.0,0.0,0.0,1.0,0.0,0.0,0.0,9.0,4.0,0.0,0.0,0.0,0.0,0.0,0.0,0.0,0.0,4.0,12.0,1.0,12.2,5.0200000000000005,2.5,1.5,0.0,0.0,0.0,0.4,0.0,0.9,0.1,1.6,-169.70000000000002,0.0,0.0,169.70000000000002,0.0,21.700000000000003,29.200000000000003,29.200000000000003,29.700000000000003,300.0,300.0,31.5,35.7,29.1,28.3,30.200000000000003,4.96,1.99,4.97,0.16,0.0,0.0,1027.0,8228.0,0.0,0.0,0.0,0.0,0.0,1.0,0.0,0.0,0.0,0.0,0.0,1.4,0.0,-1.4,0.0,0.0,16.0,25903.0
2026-07-30T19:01:38.841Z,268.324,268.338,0.0,7.4,0.0,0.0,0.0,0.0,0.0,0.0,0.0,0.0,1.0,0.0,0.0,0.0,9.0,4.0,0.0,0.0,0.0,0.0,0.0,0.0,0.0,0.0,5.0,12.0,1.0,12.2,5.0200000000000005,2.5,1.5,0.0,0.1,0.0,0.4,0.0,-0.2,-1.6,-1.2000000000000002,-169.70000000000002,0.0,0.0,169.70000000000002,0.0,21.700000000000003,29.200000000000003,29.200000000000003,29.700000000000003,300.0,300.0,31.5,35.7,29.1,28.3,30.200000000000003,4.96,1.99,4.97,0.16,0.0,0.0,1027.0,8228.0,0.0,0.0,0.0,0.0,0.0,1.0,0.0,0.0,0.0,0.0,0.0,-2.7,0.0,0.7000000000000001,0.0,0.0,16.0,25903.0
2026-07-30T19:01:38.854Z,268.337,268.35,0.0,7.4,0.0,0.0,0.0,0.0,0.0,0.0,0.0,0.0,1.0,0.0,0.0,0.0,9.0,4.0,0.0,0.0,0.0,0.0,0.0,0.0,0.0,0.0,6.0,12.0,1.0,12.15,5.01,2.5,1.49,0.0,0.0,0.0,0.4,0.0,-0.8,-0.4,0.0,-169.70000000000002,0.0,0.0,169.70000000000002,0.0,21.8,29.200000000000003,29.200000000000003,29.700000000000003,300.0,300.0,31.700000000000003,35.7,29.1,28.3,30.200000000000003,4.96,2.0,4.96,0.16,0.0,0.0,1027.0,8228.0,0.0,0.0,0.0,0.0,0.0,1.0,0.0,0.0,0.0,0.0,0.0,-0.5,0.0,0.0,0.0,0.0,16.0,25903.0
2026-07-30T19:01:38.864Z,268.347,268.362,0.0,7.4,0.0,0.0,0.0,0.0,0.0,0.0,0.0,0.0,1.0,0.0,0.0,0.0,9.0,4.0,0.0,0.0,0.0,0.0,0.0,0.0,0.0,0.0,1.0,12.0,1.0,12.15,5.01,2.5,1.49,0.0,0.0,0.0,0.4,0.0,0.8,2.4000000000000004,2.8000000000000003,-169.70000000000002,0.0,0.0,169.70000000000002,0.0,21.8,29.200000000000003,29.200000000000003,29.700000000000003,300.0,300.0,31.700000000000003,35.7,29.1,28.3,30.200000000000003,4.95,1.99,4.96,0.16,0.0,0.0,1027.0,8228.0,0.0,0.0,0.0,0.0,0.0,1.0,0.0,0.0,0.0,0.0,0.0,4.9,0.0,-2.0,0.0,0.0001,16.0,25903.0
2026-07-30T19:01:38.876Z,268.359,268.374,0.0,7.4,0.0,0.0,0.0,0.0,0.0,0.0,0.0,0.0,1.0,0.0,0.0,0.0,9.0,4.0,0.0,0.0,0.0,0.0,0.0,0.0,0.0,0.0,2.0,12.0,1.0,12.15,5.01,2.5,1.49,0.0,0.0,0.0,0.4,0.0,0.3,-0.4,-0.6000000000000001,-169.70000000000002,0.0,0.0,169.8,0.0,21.8,29.200000000000003,29.200000000000003,29.700000000000003,300.0,300.0,31.700000000000003,35.7,29.1,28.3,30.200000000000003,4.95,1.99,4.97,0.16,0.0,0.0,1027.0,8228.0,0.0,0.0,0.0,0.0,0.0,1.0,0.0,0.0,0.0,0.0,0.0,-0.9,0.0,0.4,0.0,0.0001,16.0,25903.0
2026-07-30T19:01:38.889Z,268.372,268.386,0.0,7.4,0.0,0.0,0.0,0.0,0.0,0.0,0.0,0.0,1.0,0.0,0.0,0.0,9.0,4.0,0.0,0.0,0.0,0.0,0.0,0.0,0.0,0.0,3.0,12.0,1.0,12.15,5.01,2.5,1.49,0.0,0.0,0.0,0.4,0.0,0.3,-0.4,0.0,-169.70000000000002,0.0,0.0,169.70000000000002,0.0,21.8,29.200000000000003,29.200000000000003,29.700000000000003,300.0,300.0,31.700000000000003,35.7,29.1,28.3,30.200000000000003,4.96,1.99,4.96,0.16,0.0,0.0,1027.0,8228.0,0.0,0.0,0.0,0.0,0.0,1.0,0.0,0.0,0.0,0.0,0.0,-0.5,0.0,0.0,0.0,0.0002,16.0,25903.0
2026-07-30T19:01:38.901Z,268.384,268.398,0.0,7.4,0.0,0.0,0.0,0.0,0.0,0.0,0.0,0.0,1.0,0.0,0.0,0.0,9.0,4.0,0.0,0.0,0.0,0.0,0.0,0.0,0.0,0.0,4.0,12.0,1.0,12.15,5.01,2.5,1.49,0.0,0.0,0.0,0.4,0.0,-0.2,0.1,0.0,-169.70000000000002,0.0,0.0,169.60000000000002,0.0,21.8,29.200000000000003,29.200000000000003,29.700000000000003,300.0,300.0,31.700000000000003,35.7,29.1,28.3,30.200000000000003,4.96,2.0,4.96,0.16,0.0,0.0,1027.0,8228.0,0.0,0.0,0.0,0.0,0.0,1.0,0.0,0.0,0.0,0.0,0.0,0.1,0.0,0.0,0.0,0.0002,16.0,25903.0
2026-07-30T19:01:38.913Z,268.396,268.41,0.0,7.4,0.0,0.0,0.0,0.0,0.0,0.0,0.0,0.0,1.0,0.0,0.0,0.0,9.0,4.0,0.0,0.0,0.0,0.0,0.0,0.0,0.0,0.0,5.0,12.0,1.0,12.15,5.01,2.5,1.49,0.0,0.0,0.0,0.4,0.0,0.8,0.1,0.0,-169.70000000000002,0.0,0.0,169.70000000000002,0.0,21.8,29.200000000000003,29.200000000000003,29.700000000000003,300.0,300.0,31.700000000000003,35.7,29.1,28.3,30.200000000000003,4.95,1.99,4.96,0.16,0.0,0.0,1027.0,8228.0,0.0,0.0,0.0,0.0,0.0,1.0,0.0,0.0,0.0,0.0,0.0,0.1,0.0,0.0,0.0,0.0002,16.0,25903.0
2026-07-30T19:01:38.925Z,268.408,268.422,0.0,7.4,0.0,0.0,0.0,0.0,0.0,0.0,0.0,0.0,1.0,0.0,0.0,0.0,9.0,4.0,0.0,0.0,0.0,0.0,0.0,0.0,0.0,0.0,6.0,12.0,1.0,12.15,5.01,2.5,1.49,0.0,0.0,0.0,0.5,0.0,0.8,0.1,-1.7000000000000002,-169.70000000000002,0.0,0.0,169.70000000000002,0.0,21.8,29.200000000000003,29.200000000000003,29.700000000000003,300.0,300.0,31.700000000000003,35.7,29.1,28.3,30.200000000000003,4.96,1.99,4.97,0.16,0.0,0.0,1027.0,8228.0,0.0,0.0,0.0,0.0,0.0,1.0,0.0,0.0,0.0,0.0,0.0,-1.1,0.0,1.5,0.0,0.0,16.0,25903.0
2026-07-30T19:01:38.936Z,268.419,268.434,0.0,7.4,0.0,0.0,0.0,0.0,0.0,0.0,0.0,0.0,1.0,0.0,0.0,0.0,9.0,4.0,0.0,0.0,0.0,0.0,0.0,0.0,0.0,0.0,1.0,12.0,1.0,12.15,5.01,2.5,1.49,0.0,0.0,0.0,0.4,0.0,0.8,0.1,0.6000000000000001,-169.70000000000002,0.0,0.0,169.70000000000002,0.0,21.8,29.200000000000003,29.200000000000003,29.700000000000003,300.0,300.0,31.700000000000003,35.7,29.1,28.3,30.200000000000003,4.95,1.99,4.97,0.16,0.0,0.0,1027.0,8228.0,0.0,0.0,0.0,0.0,0.0,1.0,0.0,0.0,0.0,0.0,0.0,0.6000000000000001,0.0,-0.5,0.0,0.0001,16.0,25903.0
2026-07-30T19:01:38.948Z,268.431,268.446,0.0,7.4,0.0,0.0,0.0,0.0,0.0,0.0,0.0,0.0,1.0,0.0,0.0,0.0,9.0,4.0,0.0,0.0,0.0,0.0,0.0,0.0,0.0,0.0,2.0,12.0,1.0,12.15,5.01,2.5,1.49,0.0,0.0,0.0,0.4,0.0,0.3,0.7000000000000001,1.1,-169.70000000000002,0.0,0.0,169.60000000000002,0.0,21.8,29.200000000000003,29.200000000000003,29.700000000000003,300.0,300.0,31.700000000000003,35.7,29.1,28.3,30.200000000000003,4.95,1.99,4.96,0.16,0.0,0.0,1027.0,8228.0,0.0,0.0,0.0,0.0,0.0,1.0,0.0,0.0,0.0,0.0,0.0,1.7000000000000002,0.0,-0.8,0.0,0.0,16.0,25903.0
2026-07-30T19:01:38.961Z,268.444,268.458,0.0,7.4,0.0,0.0,0.0,0.0,0.0,0.0,0.0,0.0,1.0,0.0,0.0,0.0,9.0,4.0,0.0,0.0,0.0,0.0,0.0,0.0,0.0,0.0,3.0,12.0,1.0,12.17,5.01,2.51,1.49,0.0,0.0,0.0,0.5,0.0,0.8,1.3,0.6000000000000001,-169.70000000000002,0.0,0.0,169.70000000000002,0.0,21.4,29.200000000000003,29.200000000000003,29.700000000000003,300.0,300.0,31.6,35.6,29.1,28.3,30.200000000000003,4.95,1.99,4.96,0.16,0.0,0.0,1027.0,8228.0,0.0,0.0,0.0,0.0,0.0,1.0,0.0,0.0,0.0,0.0,0.0,1.1,0.0,0.7000000000000001,0.0,0.0001,16.0,25903.0
2026-07-30T19:01:38.973Z,268.456,268.47,0.0,7.4,0.0,0.0,0.0,0.0,0.0,0.0,0.0,0.0,1.0,0.0,0.0,0.0,9.0,4.0,0.0,0.0,0.0,0.0,0.0,0.0,0.0,0.0,3.0,12.0,1.0,12.17,5.01,2.51,1.49,0.0,0.0,0.0,0.4,0.0,-0.2,-0.4,1.1,-169.70000000000002,0.0,0.0,169.8,0.0,21.4,29.200000000000003,29.200000000000003,29.700000000000003,300.0,300.0,31.6,35.6,29.1,28.3,30.200000000000003,4.96,1.99,4.96,0.16,0.0,0.0,1027.0,8228.0,0.0,0.0,0.0,0.0,0.0,1.0,0.0,0.0,0.0,0.0,0.0,-0.9,0.0,0.4,0.0,0.0001,16.0,25903.0
2026-07-30T19:01:38.985Z,268.468,268.482,0.0,7.4,0.0,0.0,0.0,0.0,0.0,0.0,0.0,0.0,1.0,0.0,0.0,0.0,9.0,4.0,0.0,0.0,0.0,0.0,0.0,0.0,0.0,0.0,4.0,12.0,1.0,12.17,5.01,2.51,1.49,0.0,0.0,0.0,0.4,0.0,-0.2,-1.6,-0.5,-169.70000000000002,0.0,0.0,169.70000000000002,0.0,21.4,29.200000000000003,29.200000000000003,29.700000000000003,300.0,300.0,31.6,35.6,29.1,28.3,30.200000000000003,4.95,1.99,4.97,0.16,0.0,0.0,1027.0,8228.0,0.0,0.0,0.0,0.0,0.0,1.0,0.0,0.0,0.0,0.0,0.0,0.7000000000000001,0.0,-1.6,0.0,0.0001,16.0,25903.0
2026-07-30T19:01:38.997Z,268.48,268.494,0.0,7.4,0.0,0.0,0.0,0.0,0.0,0.0,0.0,0.0,1.0,0.0,0.0,0.0,9.0,4.0,0.0,0.0,0.0,0.0,0.0,0.0,0.0,0.0,5.0,12.0,1.0,12.17,5.01,2.51,1.49,0.0,0.0,0.0,0.4,0.0,0.2,0.1,1.1,-169.60000000000002,0.0,0.0,169.60000000000002,0.0,21.4,29.200000000000003,29.200000000000003,29.700000000000003,300.0,300.0,31.6,35.6,29.1,28.3,30.200000000000003,4.95,2.0,4.96,0.16,0.0,0.0,1027.0,8228.0,0.0,0.0,0.0,0.0,0.0,1.0,0.0,0.0,0.0,0.0,0.0,1.0,0.0,-0.9,0.0,0.0,16.0,25903.0
2026-07-30T19:01:39.009Z,268.492,268.50600000000003,0.0,7.4,0.0,0.0,0.0,0.0,0.0,0.0,0.0,0.0,1.0,0.0,0.0,0.0,9.0,4.0,0.0,0.0,0.0,0.0,0.0,0.0,0.0,0.0,6.0,12.0,1.0,12.17,5.01,2.51,1.49,0.0,0.0,0.0,0.4,0.0,0.8,0.1,0.5,-169.70000000000002,0.0,0.0,169.8,0.0,21.4,29.200000000000003,29.200000000000003,29.700000000000003,300.0,300.0,31.6,35.6,29.1,28.3,30.200000000000003,4.96,1.99,4.96,0.16,0.0,0.0,1027.0,8228.0,0.0,0.0,0.0,0.0,0.0,1.0,0.0,0.0,0.0,0.0,0.0,0.5,0.0,-0.4,0.0,0.0001,16.0,25903.0
2026-07-30T19:01:39.021Z,268.504,268.51800000000003,0.0,7.4,0.0,0.0,0.0,0.0,0.0,0.0,0.0,0.0,1.0,0.0,0.0,0.0,9.0,4.0,0.0,0.0,0.0,0.0,0.0,0.0,0.0,0.0,1.0,12.0,1.0,12.17,5.01,2.51,1.49,0.0,0.0,0.0,0.4,0.0,0.2,0.0,0.0,-169.70000000000002,0.0,0.0,169.60000000000002,0.0,21.4,29.200000000000003,29.200000000000003,29.700000000000003,300.0,300.0,31.6,35.6,29.1,28.3,30.200000000000003,4.95,1.99,4.96,0.16,0.0,0.0,1027.0,8228.0,0.0,0.0,0.0,0.0,0.0,1.0,0.0,0.0,0.0,0.0,0.0,0.0,0.0,0.0,0.0,0.0002,16.0,25903.0
2026-07-30T19:01:39.032Z,268.515,268.53000000000003,0.0,7.4,0.0,0.0,0.0,0.0,0.0,0.0,0.0,0.0,1.0,0.0,0.0,0.0,9.0,4.0,0.0,0.0,0.0,0.0,0.0,0.0,0.0,0.0,3.0,12.0,1.0,12.17,5.01,2.51,1.49,0.0,0.0,0.0,0.4,0.0,-0.3,-1.0,-0.6000000000000001,-169.60000000000002,0.0,0.0,169.60000000000002,0.0,21.4,29.200000000000003,29.200000000000003,29.700000000000003,300.0,300.0,31.6,35.6,29.1,28.3,30.200000000000003,4.96,1.99,4.97,0.16,0.0,0.0,1027.0,8228.0,0.0,0.0,0.0,0.0,0.0,1.0,0.0,0.0,0.0,0.0,0.0,-1.6,0.0,0.3,0.0,0.0002,16.0,25903.0
2026-07-30T19:01:39.045Z,268.528,268.54200000000003,0.0,7.4,0.0,0.0,0.0,0.0,0.0,0.0,0.0,0.0,1.0,0.0,0.0,0.0,9.0,4.0,0.0,0.0,0.0,0.0,0.0,0.0,0.0,0.0,4.0,12.0,1.0,12.17,5.01,2.51,1.49,0.0,0.0,0.0,0.4,0.0,0.2,0.6000000000000001,1.7000000000000002,-169.60000000000002,0.0,0.0,169.70000000000002,0.0,21.4,29.200000000000003,29.200000000000003,29.700000000000003,300.0,300.0,31.6,35.6,29.1,28.3,30.200000000000003,4.96,1.99,4.97,0.16,0.0,0.0,1027.0,8228.0,0.0,0.0,0.0,0.0,0.0,1.0,0.0,0.0,0.0,0.0,0.0,2.0,0.0,-1.3,0.0,0.0001,16.0,25903.0
2026-07-30T19:01:39.058Z,268.541,268.55400000000003,0.0,7.4,0.0,0.0,0.0,0.0,0.0,0.0,0.0,0.0,1.0,0.0,0.0,0.0,9.0,4.0,0.0,0.0,0.0,0.0,0.0,0.0,0.0,0.0,5.0,12.0,1.0,12.14,5.0200000000000005,2.51,1.49,0.0,0.0,0.0,0.4,0.0,0.8,0.1,-0.6000000000000001,-169.60000000000002,0.0,0.0,169.70000000000002,0.0,21.3,29.200000000000003,29.200000000000003,29.700000000000003,300.0,300.0,31.700000000000003,35.7,29.1,28.3,30.200000000000003,4.95,1.99,4.97,0.16,0.0,0.0,1027.0,8228.0,0.0,0.0,0.0,0.0,0.0,1.0,0.0,0.0,0.0,0.0,0.0,-0.3,0.0,0.5,0.0,0.0001,16.0,25903.0
2026-07-30T19:01:39.068Z,268.551,268.56600000000003,0.0,7.4,0.0,0.0,0.0,0.0,0.0,0.0,0.0,0.0,1.0,0.0,0.0,0.0,9.0,4.0,0.0,0.0,0.0,0.0,0.0,0.0,0.0,0.0,1.0,12.0,1.0,12.14,5.0200000000000005,2.51,1.49,0.0,0.0,0.0,0.4,0.0,-0.9,-0.9,-1.1,-169.60000000000002,0.0,0.0,169.70000000000002,0.0,21.3,29.200000000000003,29.200000000000003,29.700000000000003,300.0,300.0,31.700000000000003,35.7,29.1,28.3,30.200000000000003,4.95,1.99,4.97,0.16,0.0,0.0,1027.0,8228.0,0.0,0.0,0.0,0.0,0.0,1.0,0.0,0.0,0.0,0.0,0.0,-2.0,0.0,0.8,0.0,0.0,16.0,25903.0
2026-07-30T19:01:39.081Z,268.564,268.57800000000003,0.0,7.4,0.0,0.0,0.0,0.0,0.0,0.0,0.0,0.0,1.0,0.0,0.0,0.0,9.0,4.0,0.0,0.0,0.0,0.0,0.0,0.0,0.0,0.0,3.0,12.0,1.0,12.14,5.0200000000000005,2.51,1.49,0.0,0.0,0.0,0.4,0.0,-0.3,-0.4,0.5,-169.60000000000002,0.0,0.0,169.70000000000002,0.0,21.3,29.200000000000003,29.200000000000003,29.700000000000003,300.0,300.0,31.700000000000003,35.7,29.1,28.3,30.200000000000003,4.96,1.99,4.96,0.16,0.0,0.0,1027.0,8228.0,0.0,0.0,0.0,0.0,0.0,1.0,0.0,0.0,0.0,0.0,0.0,0.0,0.0,-0.5,0.0,0.0,16.0,25903.0
2026-07-30T19:01:39.092Z,268.575,268.59000000000003,0.0,7.4,0.0,0.0,0.0,0.0,0.0,0.0,0.0,0.0,1.0,0.0,0.0,0.0,9.0,4.0,0.0,0.0,0.0,0.0,0.0,0.0,0.0,0.0,4.0,12.0,1.0,12.14,5.0200000000000005,2.51,1.49,0.0,0.0,0.0,0.4,0.0,-0.3,1.3,0.0,-169.60000000000002,0.0,0.0,169.60000000000002,0.0,21.3,29.200000000000003,29.200000000000003,29.700000000000003,300.0,300.0,31.700000000000003,35.7,29.1,28.3,30.200000000000003,4.96,1.99,4.96,0.16,0.0,0.0,1027.0,8228.0,0.0,0.0,0.0,0.0,0.0,1.0,0.0,0.0,0.0,0.0,0.0,1.4,0.0,0.3,0.0,0.0,16.0,25903.0
2026-07-30T19:01:39.106Z,268.589,268.60200000000003,0.0,7.4,0.0,0.0,0.0,0.0,0.0,0.0,0.0,0.0,1.0,0.0,0.0,0.0,9.0,4.0,0.0,0.0,0.0,0.0,0.0,0.0,0.0,0.0,4.0,12.0,1.0,12.14,5.0200000000000005,2.51,1.49,0.0,0.0,0.0,0.4,0.0,0.2,-0.4,2.3000000000000003,-169.60000000000002,0.0,0.0,169.60000000000002,0.0,21.3,29.200000000000003,29.200000000000003,29.700000000000003,300.0,300.0,31.700000000000003,35.7,29.1,28.3,30.200000000000003,4.95,1.99,4.96,0.16,0.0,0.0,1027.0,8228.0,0.0,0.0,0.0,0.0,0.0,1.0,0.0,0.0,0.0,0.0,0.0,1.2000000000000002,0.0,-2.1,0.0,0.0,16.0,25903.0
2026-07-30T19:01:39.116Z,268.599,268.61400000000003,0.0,7.4,0.0,0.0,0.0,0.0,0.0,0.0,0.0,0.0,1.0,0.0,0.0,0.0,9.0,4.0,0.0,0.0,0.0,0.0,0.0,0.0,0.0,0.0,3.0,12.0,1.0,12.14,5.0200000000000005,2.51,1.49,0.0,0.0,0.0,0.4,0.0,0.2,0.1,0.6000000000000001,-169.60000000000002,0.0,0.0,169.70000000000002,0.0,21.3,29.200000000000003,29.200000000000003,29.700000000000003,300.0,300.0,31.700000000000003,35.7,29.1,28.3,30.200000000000003,4.96,1.99,4.97,0.16,0.0,0.0,1027.0,8228.0,0.0,0.0,0.0,0.0,0.0,1.0,0.0,0.0,0.0,0.0,0.0,0.6000000000000001,0.0,-0.4,0.0,0.0,16.0,25903.0
2026-07-30T19:01:39.129Z,268.612,268.62600000000003,0.0,7.4,0.0,0.0,0.0,0.0,0.0,0.0,0.0,0.0,1.0,0.0,0.0,0.0,9.0,4.0,0.0,0.0,0.0,0.0,0.0,0.0,0.0,0.0,5.0,12.0,1.0,12.14,5.0200000000000005,2.51,1.49,0.0,0.0,0.0,0.4,0.0,0.3,-0.9,-0.5,-169.60000000000002,0.0,0.0,169.70000000000002,0.0,21.3,29.200000000000003,29.200000000000003,29.700000000000003,300.0,300.0,31.700000000000003,35.7,29.1,28.3,30.200000000000003,4.96,1.99,4.96,0.16,0.0,0.0,1027.0,8228.0,0.0,0.0,0.0,0.0,0.0,1.0,0.0,0.0,0.0,0.0,0.0,-1.5,0.0,0.2,0.0,0.0,16.0,25903.0
2026-07-30T19:01:39.140Z,268.623,268.63800000000003,0.0,7.4,0.0,0.0,0.0,0.0,0.0,0.0,0.0,0.0,1.0,0.0,0.0,0.0,9.0,4.0,0.0,0.0,0.0,0.0,0.0,0.0,0.0,0.0,6.0,12.0,1.0,12.14,5.0200000000000005,2.51,1.49,0.0,0.0,0.0,0.4,0.0,0.3,0.1,0.0,-169.60000000000002,0.0,0.0,169.70000000000002,0.0,21.3,29.200000000000003,29.200000000000003,29.700000000000003,300.0,300.0,31.700000000000003,35.7,29.1,28.3,30.200000000000003,4.96,1.99,4.97,0.16,0.0,0.0,1027.0,8228.0,0.0,0.0,0.0,0.0,0.0,1.0,0.0,0.0,0.0,0.0,0.0,0.2,0.0,0.0,0.0,0.0,16.0,25903.0
2026-07-30T19:01:39.152Z,268.635,268.65,0.0,7.4,0.0,0.0,0.0,0.0,0.0,0.0,0.0,0.0,1.0,0.0,0.0,0.0,9.0,4.0,0.0,0.0,0.0,0.0,0.0,0.0,0.0,0.0,1.0,12.0,1.0,12.14,5.0200000000000005,2.51,1.49,0.0,0.0,0.0,0.4,0.0,0.3,1.3,1.2000000000000002,-169.60000000000002,0.0,0.0,169.8,0.0,21.3,29.200000000000003,29.200000000000003,29.700000000000003,300.0,300.0,31.700000000000003,35.7,29.1,28.3,30.200000000000003,4.95,1.99,4.97,0.16,0.0,0.0,1027.0,8228.0,0.0,0.0,0.0,0.0,0.0,1.0,0.0,0.0,0.0,0.0,0.0,2.4000000000000004,0.0,-0.7000000000000001,0.0,0.0,16.0,25903.0
2026-07-30T19:01:39.164Z,268.647,268.662,0.0,7.4,0.0,0.0,0.0,0.0,0.0,0.0,0.0,0.0,1.0,0.0,0.0,0.0,9.0,4.0,0.0,0.0,0.0,0.0,0.0,0.0,0.0,0.0,3.0,12.0,1.0,12.18,5.01,2.51,1.49,0.0,0.0,0.0,0.4,0.0,-0.8,-0.4,0.0,-169.60000000000002,0.0,0.0,169.60000000000002,0.0,21.3,29.200000000000003,29.200000000000003,29.700000000000003,300.0,300.0,31.6,35.6,29.1,28.3,30.200000000000003,4.95,1.99,4.96,0.16,0.0,0.0,1027.0,8228.0,0.0,0.0,0.0,0.0,0.0,1.0,0.0,0.0,0.0,0.0,0.0,-0.4,0.0,0.0,0.0,0.0002,16.0,25903.0
2026-07-30T19:01:39.177Z,268.66,268.674,0.0,7.4,0.0,0.0,0.0,0.0,0.0,0.0,0.0,0.0,1.0,0.0,0.0,0.0,9.0,4.0,0.0,0.0,0.0,0.0,0.0,0.0,0.0,0.0,4.0,12.0,1.0,12.18,5.01,2.51,1.49,0.0,0.0,0.0,0.4,0.0,0.3,0.1,-0.5,-169.60000000000002,0.0,0.0,169.70000000000002,0.0,21.3,29.200000000000003,29.200000000000003,29.700000000000003,300.0,300.0,31.6,35.6,29.1,28.3,30.200000000000003,4.95,2.0,4.96,0.16,0.0,0.0,1027.0,8228.0,0.0,0.0,0.0,0.0,0.0,1.0,0.0,0.0,0.0,0.0,0.0,-0.2,0.0,0.5,0.0,0.0002,16.0,25903.0
2026-07-30T19:01:39.188Z,268.671,268.686,0.0,7.4,0.0,0.0,0.0,0.0,0.0,0.0,0.0,0.0,1.0,0.0,0.0,0.0,9.0,4.0,0.0,0.0,0.0,0.0,0.0,0.0,0.0,0.0,5.0,12.0,1.0,12.18,5.01,2.51,1.49,0.0,0.0,0.0,0.5,0.0,-0.2,0.1,0.6000000000000001,-169.60000000000002,0.0,0.0,169.70000000000002,0.0,21.3,29.200000000000003,29.200000000000003,29.700000000000003,300.0,300.0,31.6,35.6,29.1,28.3,30.200000000000003,4.95,1.99,4.96,0.16,0.0,0.0,1027.0,8228.0,0.0,0.0,0.0,0.0,0.0,1.0,0.0,0.0,0.0,0.0,0.0,0.6000000000000001,0.0,-0.5,0.0,0.0,16.0,25903.0
2026-07-30T19:01:39.201Z,268.684,268.698,0.0,7.4,0.0,0.0,0.0,0.0,0.0,0.0,0.0,0.0,1.0,0.0,0.0,0.0,9.0,4.0,0.0,0.0,0.0,0.0,0.0,0.0,0.0,0.0,1.0,12.0,1.0,12.18,5.01,2.51,1.49,0.0,0.0,0.0,0.4,0.0,-0.2,0.7000000000000001,0.6000000000000001,-169.60000000000002,0.0,0.0,169.70000000000002,0.0,21.3,29.200000000000003,29.200000000000003,29.700000000000003,300.0,300.0,31.6,35.6,29.1,28.3,30.200000000000003,4.96,1.99,4.96,0.16,0.0,0.0,1027.0,8228.0,0.0,0.0,0.0,0.0,0.0,1.0,0.0,0.0,0.0,0.0,0.0,1.3,0.0,-0.4,0.0,0.0001,16.0,25903.0
2026-07-30T19:01:39.212Z,268.695,268.71,0.0,7.4,0.0,0.0,0.0,0.0,0.0,0.0,0.0,0.0,1.0,0.0,0.0,0.0,9.0,4.0,0.0,0.0,0.0,0.0,0.0,0.0,0.0,0.0,3.0,12.0,1.0,12.18,5.01,2.51,1.49,0.0,0.0,0.0,0.4,0.0,-0.2,0.2,0.1,-169.60000000000002,0.0,0.0,169.70000000000002,0.0,21.3,29.200000000000003,29.200000000000003,29.700000000000003,300.0,300.0,31.6,35.6,29.1,28.3,30.200000000000003,4.96,1.99,4.96,0.16,0.0,0.0,1027.0,8228.0,0.0,0.0,0.0,0.0,0.0,1.0,0.0,0.0,0.0,0.0,0.0,0.3,0.0,-0.1,0.0,0.0001,16.0,25903.0
2026-07-30T19:01:39.225Z,268.708,268.722,0.0,7.4,0.0,0.0,0.0,0.0,0.0,0.0,0.0,0.0,1.0,0.0,0.0,0.0,9.0,4.0,0.0,0.0,0.0,0.0,0.0,0.0,0.0,0.0,4.0,12.0,1.0,12.18,5.01,2.51,1.49,0.0,0.0,0.0,0.4,0.0,-0.2,-0.3,0.1,-169.60000000000002,0.0,0.0,169.60000000000002,0.0,21.3,29.200000000000003,29.200000000000003,29.700000000000003,300.0,300.0,31.6,35.6,29.1,28.3,30.200000000000003,4.95,1.99,4.97,0.16,0.0,0.0,1027.0,8228.0,0.0,0.0,0.0,0.0,0.0,1.0,0.0,0.0,0.0,0.0,0.0,-0.3,0.0,-0.2,0.0,0.0001,16.0,25903.0
2026-07-30T19:01:39.236Z,268.719,268.734,0.0,7.4,0.0,0.0,0.0,0.0,0.0,0.0,0.0,0.0,1.0,0.0,0.0,0.0,9.0,4.0,0.0,0.0,0.0,0.0,0.0,0.0,0.0,0.0,5.0,12.0,1.0,12.18,5.01,2.51,1.49,0.0,0.0,0.0,0.4,0.0,-0.2,0.2,-1.0,-169.60000000000002,0.0,0.0,169.70000000000002,0.0,21.3,29.200000000000003,29.200000000000003,29.700000000000003,300.0,300.0,31.6,35.6,29.1,28.3,30.200000000000003,4.95,1.99,4.97,0.16,0.0,0.0,1027.0,8228.0,0.0,0.0,0.0,0.0,0.0,1.0,0.0,0.0,0.0,0.0,0.0,-0.5,0.0,0.9,0.0,0.0002,16.0,25903.0
2026-07-30T19:01:39.248Z,268.731,268.746,0.0,7.4,0.0,0.0,0.0,0.0,0.0,0.0,0.0,0.0,1.0,0.0,0.0,0.0,9.0,4.0,0.0,0.0,0.0,0.0,0.0,0.0,0.0,0.0,1.0,12.0,1.0,12.18,5.01,2.51,1.49,0.0,0.0,0.0,0.5,0.0,0.9,1.4,1.8,-169.60000000000002,0.0,0.0,169.60000000000002,0.0,21.3,29.200000000000003,29.200000000000003,29.700000000000003,300.0,300.0,31.6,35.6,29.1,28.3,30.200000000000003,4.96,2.0,4.97,0.16,0.0,0.0,1027.0,8228.0,0.0,0.0,0.0,0.0,0.0,1.0,0.0,0.0,0.0,0.0,0.0,3.0,0.0,-1.3,0.0,0.0,16.0,25903.0
2026-07-30T19:01:39.262Z,268.745,268.758,-0.1,7.4,0.0,0.0,0.0,0.0,0.0,0.0,0.0,0.0,1.0,0.0,0.0,0.0,9.0,4.0,0.0,0.0,0.0,0.0,0.0,0.0,0.0,0.0,2.0,12.0,1.0,12.17,5.0200000000000005,2.51,1.49,0.0,0.0,0.0,0.4,0.0,0.3,0.8,1.8,-169.60000000000002,0.0,0.0,169.60000000000002,0.0,21.9,29.200000000000003,29.200000000000003,29.700000000000003,300.0,300.0,31.5,35.7,29.1,28.3,30.200000000000003,4.95,2.0,4.97,0.16,0.0,0.0,1027.0,8228.0,0.0,0.0,0.0,0.0,0.0,1.0,0.0,0.0,0.0,0.0,0.0,2.3000000000000003,0.0,-1.4,0.0,0.0,16.0,25903.0
2026-07-30T19:01:39.272Z,268.755,268.77,-0.1,7.4,0.0,0.0,0.0,0.0,0.0,0.0,0.0,0.0,1.0,0.0,0.0,0.0,9.0,4.0,0.0,0.0,0.0,0.0,0.0,0.0,0.0,0.0,4.0,12.0,1.0,12.17,5.0200000000000005,2.51,1.49,0.0,0.0,0.0,0.4,0.0,-0.2,-0.9,1.2000000000000002,-169.60000000000002,0.0,0.0,169.60000000000002,0.0,21.9,29.200000000000003,29.200000000000003,29.700000000000003,300.0,300.0,31.5,35.7,29.1,28.3,30.200000000000003,4.95,1.99,4.97,0.16,0.0,0.0,1027.0,8228.0,0.0,0.0,0.0,0.0,0.0,1.0,0.0,0.0,0.0,0.0,0.0,-0.1,0.0,-1.3,0.0,0.0,16.0,25903.0
2026-07-30T19:01:39.284Z,268.767,268.782,-0.1,7.4,0.0,0.0,0.0,0.0,0.0,0.0,0.0,0.0,1.0,0.0,0.0,0.0,9.0,4.0,0.0,0.0,0.0,0.0,0.0,0.0,0.0,0.0,5.0,12.0,1.0,12.17,5.0200000000000005,2.51,1.49,0.0,0.0,0.0,0.4,0.0,-0.2,0.7000000000000001,0.6000000000000001,-169.60000000000002,0.0,0.0,169.70000000000002,0.0,21.9,29.200000000000003,29.200000000000003,29.700000000000003,300.0,300.0,31.5,35.7,29.1,28.3,30.200000000000003,4.95,1.99,4.96,0.16,0.0,0.0,1027.0,8228.0,0.0,0.0,0.0,0.0,0.0,1.0,0.0,0.0,0.0,0.0,0.0,1.4,0.0,-0.4,0.0,0.0,16.0,25903.0
2026-07-30T19:01:39.297Z,268.78,268.794,-0.1,7.4,0.0,0.0,0.0,0.0,0.0,0.0,0.0,0.0,1.0,0.0,0.0,0.0,9.0,4.0,0.0,0.0,0.0,0.0,0.0,0.0,0.0,0.0,6.0,12.0,1.0,12.17,5.0200000000000005,2.51,1.49,0.0,0.0,0.0,0.5,0.0,0.9,-0.3,-1.0,-169.60000000000002,0.0,0.0,169.70000000000002,0.0,21.9,29.200000000000003,29.200000000000003,29.700000000000003,300.0,300.0,31.5,35.7,29.1,28.3,30.200000000000003,4.96,2.0,4.96,0.16,0.0,0.0,1027.0,8228.0,0.0,0.0,0.0,0.0,0.0,1.0,0.0,0.0,0.0,0.0,0.0,-1.1,0.0,0.8,0.0,0.0,16.0,25903.0
2026-07-30T19:01:39.308Z,268.791,268.806,-0.1,7.4,0.0,0.0,0.0,0.0,0.0,0.0,0.0,0.0,1.0,0.0,0.0,0.0,9.0,4.0,0.0,0.0,0.0,0.0,0.0,0.0,0.0,0.0,1.0,12.0,1.0,12.17,5.0200000000000005,2.51,1.49,0.0,0.1,0.0,0.4,0.0,0.2,0.2,0.6000000000000001,-169.60000000000002,0.0,0.0,169.70000000000002,0.0,21.9,29.200000000000003,29.200000000000003,29.700000000000003,300.0,300.0,31.5,35.7,29.1,28.3,30.200000000000003,4.95,2.0,4.97,0.16,0.0,0.0,1027.0,8228.0,0.0,0.0,0.0,0.0,0.0,1.0,0.0,0.0,0.0,0.0,0.0,0.7000000000000001,0.0,-0.5,0.0,0.0001,16.0,25903.0
2026-07-30T19:01:39.321Z,268.804,268.818,-0.1,7.4,0.0,0.0,0.0,0.0,0.0,0.0,0.0,0.0,1.0,0.0,0.0,0.0,9.0,4.0,0.0,0.0,0.0,0.0,0.0,0.0,0.0,0.0,2.0,12.0,1.0,12.17,5.0200000000000005,2.51,1.49,0.0,0.0,0.0,0.4,0.0,0.2,-0.9,0.0,-169.60000000000002,0.0,0.0,169.8,0.0,21.9,29.200000000000003,29.200000000000003,29.700000000000003,300.0,300.0,31.5,35.7,29.1,28.3,30.200000000000003,4.95,1.99,4.97,0.16,0.0,0.0,1027.0,8228.0,0.0,0.0,0.0,0.0,0.0,1.0,0.0,0.0,0.0,0.0,0.0,-1.0,0.0,-0.2,0.0,0.0,16.0,25903.0
2026-07-30T19:01:39.332Z,268.815,268.83,-0.1,7.4,0.0,0.0,0.0,0.0,0.0,0.0,0.0,0.0,1.0,0.0,0.0,0.0,9.0,4.0,0.0,0.0,0.0,0.0,0.0,0.0,0.0,0.0,4.0,12.0,1.0,12.17,5.0200000000000005,2.51,1.49,0.0,0.0,0.0,0.4,0.0,0.2,-0.3,0.0,-169.60000000000002,0.0,0.0,169.8,0.0,21.9,29.200000000000003,29.200000000000003,29.700000000000003,300.0,300.0,31.5,35.7,29.1,28.3,30.200000000000003,4.95,2.0,4.96,0.16,0.0,0.0,1027.0,8228.0,0.0,0.0,0.0,0.0,0.0,1.0,0.0,0.0,0.0,0.0,0.0,-0.3,0.0,-0.1,0.0,0.0001,16.0,25903.0
2026-07-30T19:01:39.344Z,268.827,268.842,-0.1,7.4,0.0,0.0,0.0,0.0,0.0,0.0,0.0,0.0,1.0,0.0,0.0,0.0,9.0,4.0,0.0,0.0,0.0,0.0,0.0,0.0,0.0,0.0,5.0,12.0,1.0,12.17,5.0200000000000005,2.51,1.49,0.0,0.0,0.0,0.4,0.0,0.2,0.2,0.6000000000000001,-169.60000000000002,0.0,0.0,169.70000000000002,0.0,21.9,29.200000000000003,29.200000000000003,29.700000000000003,300.0,300.0,31.5,35.7,29.1,28.3,30.200000000000003,4.96,1.99,4.96,0.16,0.0,0.0,1027.0,8228.0,0.0,0.0,0.0,0.0,0.0,1.0,0.0,0.0,0.0,0.0,0.0,0.7000000000000001,0.0,-0.5,0.0,0.0001,16.0,25903.0
2026-07-30T19:01:39.356Z,268.839,268.854,-0.1,7.4,0.0,0.0,0.0,0.0,0.0,0.0,0.0,0.0,1.0,0.0,0.0,0.0,9.0,4.0,0.0,0.0,0.0,0.0,0.0,0.0,0.0,0.0,6.0,12.0,1.0,12.17,5.0200000000000005,2.51,1.49,0.0,0.0,0.0,0.5,0.0,0.2,-0.3,1.2000000000000002,-169.60000000000002,0.0,0.0,169.70000000000002,0.0,21.9,29.200000000000003,29.200000000000003,29.700000000000003,300.0,300.0,31.5,35.7,29.1,28.3,30.200000000000003,4.95,1.99,4.97,0.16,0.0,0.0,1027.0,8228.0,0.0,0.0,0.0,0.0,0.0,1.0,0.0,0.0,0.0,0.0,0.0,0.4,0.0,-1.1,0.0,0.0001,16.0,25903.0
2026-07-30T19:01:39.369Z,268.852,268.866,0.0,7.4,0.0,0.0,0.0,0.0,0.0,0.0,0.0,0.0,1.0,0.0,0.0,0.0,9.0,4.0,0.0,0.0,0.0,0.0,0.0,0.0,0.0,0.0,1.0,12.0,1.0,12.15,5.0200000000000005,2.51,1.49,0.0,0.1,0.0,0.4,0.0,0.8,0.1,0.0,-169.60000000000002,0.0,0.0,169.60000000000002,0.0,21.9,29.200000000000003,29.200000000000003,29.700000000000003,300.0,300.0,31.6,35.6,29.1,28.3,30.200000000000003,4.96,2.0,4.96,0.16,0.0,0.0,1027.0,8228.0,0.0,0.0,0.0,0.0,0.0,1.0,0.0,0.0,0.0,0.0,0.0,0.2,0.0,0.0,0.0,0.0,16.0,25903.0
2026-07-30T19:01:39.381Z,268.864,268.878,-0.1,7.4,0.0,0.0,0.0,0.0,0.0,0.0,0.0,0.0,1.0,0.0,0.0,0.0,9.0,4.0,0.0,0.0,0.0,0.0,0.0,0.0,0.0,0.0,2.0,12.0,1.0,12.15,5.0200000000000005,2.51,1.49,0.0,0.0,0.0,0.4,0.0,-0.2,0.1,0.0,-169.60000000000002,0.0,0.0,169.60000000000002,0.0,21.9,29.200000000000003,29.200000000000003,29.700000000000003,300.0,300.0,31.6,35.6,29.1,28.3,30.200000000000003,4.96,1.98,4.97,0.16,0.0,0.0,1027.0,8228.0,0.0,0.0,0.0,0.0,0.0,1.0,0.0,0.0,0.0,0.0,0.0,0.1,0.0,0.0,0.0,0.0001,16.0,25903.0
2026-07-30T19:01:39.393Z,268.876,268.89,-0.1,7.4,0.0,0.0,0.0,0.0,0.0,0.0,0.0,0.0,1.0,0.0,0.0,0.0,9.0,4.0,0.0,0.0,0.0,0.0,0.0,0.0,0.0,0.0,3.0,12.0,1.0,12.15,5.0200000000000005,2.51,1.49,0.0,0.0,0.0,0.4,0.0,0.2,0.1,0.6000000000000001,-169.60000000000002,0.0,0.0,169.60000000000002,0.0,21.9,29.200000000000003,29.200000000000003,29.700000000000003,300.0,300.0,31.6,35.6,29.1,28.3,30.200000000000003,4.95,1.99,4.97,0.16,0.0,0.0,1027.0,8228.0,0.0,0.0,0.0,0.0,0.0,1.0,0.0,0.0,0.0,0.0,0.0,0.6000000000000001,0.0,-0.5,0.0,0.0,16.0,25903.0
2026-07-30T19:01:39.404Z,268.887,268.902,0.0,7.4,0.0,0.0,0.0,0.0,0.0,0.0,0.0,0.0,1.0,0.0,0.0,0.0,9.0,4.0,0.0,0.0,0.0,0.0,0.0,0.0,0.0,0.0,4.0,12.0,1.0,12.15,5.0200000000000005,2.51,1.49,0.0,0.0,0.0,0.4,0.0,1.4,0.6000000000000001,0.6000000000000001,-169.60000000000002,0.0,0.0,169.60000000000002,0.0,21.9,29.200000000000003,29.200000000000003,29.700000000000003,300.0,300.0,31.6,35.6,29.1,28.3,30.200000000000003,4.96,1.99,4.97,0.16,0.0,0.0,1027.0,8228.0,0.0,0.0,0.0,0.0,0.0,1.0,0.0,0.0,0.0,0.0,0.0,1.2000000000000002,0.0,-0.4,0.0,0.0,16.0,25903.0
2026-07-30T19:01:39.424Z,268.907,268.914,0.0,7.4,0.0,0.0,0.0,0.0,0.0,0.0,0.0,0.0,1.0,0.0,0.0,0.0,9.0,4.0,0.0,0.0,0.0,0.0,0.0,0.0,0.0,0.0,5.0,12.0,1.0,12.15,5.0200000000000005,2.51,1.49,0.0,0.0,0.0,0.4,0.0,0.2,-0.5,0.0,-169.60000000000002,0.0,0.0,169.70000000000002,0.0,21.9,29.200000000000003,29.200000000000003,29.700000000000003,300.0,300.0,31.6,35.6,29.1,28.3,30.200000000000003,4.96,1.99,4.96,0.16,0.0,0.0,1027.0,8228.0,0.0,0.0,0.0,0.0,0.0,1.0,0.0,0.0,0.0,0.0,0.0,-0.6000000000000001,0.0,-0.1,0.0,0.0,16.0,25903.0
2026-07-30T19:01:39.428Z,268.911,268.926,0.0,7.4,0.0,0.0,0.0,0.0,0.0,0.0,0.0,0.0,1.0,0.0,0.0,0.0,9.0,4.0,0.0,0.0,0.0,0.0,0.0,0.0,0.0,0.0,4.0,12.0,1.0,12.15,5.0200000000000005,2.51,1.49,0.0,0.0,0.0,0.4,0.0,0.2,0.0,0.5,-169.60000000000002,0.0,0.0,169.60000000000002,0.0,21.9,29.200000000000003,29.200000000000003,29.700000000000003,300.0,300.0,31.6,35.6,29.1,28.3,30.200000000000003,4.96,1.99,4.97,0.16,0.0,0.0,1027.0,8228.0,0.0,0.0,0.0,0.0,0.0,1.0,0.0,0.0,0.0,0.0,0.0,0.4,0.0,-0.5,0.0,0.0,16.0,25903.0
2026-07-30T19:01:39.441Z,268.924,268.938,0.0,7.4,0.0,0.0,0.0,0.0,0.0,0.0,0.0,0.0,1.0,0.0,0.0,0.0,9.0,4.0,0.0,0.0,0.0,0.0,0.0,0.0,0.0,0.0,5.0,12.0,1.0,12.15,5.0200000000000005,2.51,1.49,0.0,0.0,0.0,0.4,0.0,0.2,0.6000000000000001,0.5,-169.60000000000002,0.0,0.0,169.60000000000002,0.0,21.9,29.200000000000003,29.200000000000003,29.700000000000003,300.0,300.0,31.6,35.6,29.1,28.3,30.200000000000003,4.95,2.0,4.97,0.16,0.0,0.0,1027.0,8228.0,0.0,0.0,0.0,0.0,0.0,1.0,0.0,0.0,0.0,0.0,0.0,1.1,0.0,-0.3,0.0,0.0,16.0,25903.0
2026-07-30T19:01:39.453Z,268.936,268.95,0.0,7.4,0.0,0.0,0.0,0.0,0.0,0.0,0.0,0.0,1.0,0.0,0.0,0.0,9.0,4.0,0.0,0.0,0.0,0.0,0.0,0.0,0.0,0.0,6.0,12.0,1.0,12.15,5.0200000000000005,2.51,1.49,0.0,0.0,0.0,0.4,0.0,-0.3,-1.0,-1.1,-169.60000000000002,0.0,0.0,169.60000000000002,0.0,21.9,29.200000000000003,29.200000000000003,29.700000000000003,300.0,300.0,31.6,35.6,29.1,28.3,30.200000000000003,4.95,2.0,4.96,0.16,0.0,0.0,1027.0,8228.0,0.0,0.0,0.0,0.0,0.0,1.0,0.0,0.0,0.0,0.0,0.0,-2.0,0.0,0.7000000000000001,0.0,0.0,16.0,25903.0
2026-07-30T19:01:39.465Z,268.948,268.962,0.0,7.4,0.0,0.0,0.0,0.0,0.0,0.0,0.0,0.0,1.0,0.0,0.0,0.0,9.0,4.0,0.0,0.0,0.0,0.0,0.0,0.0,0.0,0.0,1.0,12.0,1.0,12.11,5.0200000000000005,2.51,1.5,0.0,0.0,0.0,0.4,0.0,-0.8,-1.1,1.2000000000000002,-169.60000000000002,0.0,0.0,169.70000000000002,0.0,21.700000000000003,29.200000000000003,29.200000000000003,29.700000000000003,300.0,300.0,31.700000000000003,35.7,29.1,28.3,30.200000000000003,4.95,1.99,4.97,0.16,0.0,0.0,1027.0,8228.0,0.0,0.0,0.0,0.0,0.0,1.0,0.0,0.0,0.0,0.0,0.0,-1.9,0.0,-0.3,0.0,0.0,16.0,25903.0
2026-07-30T19:01:39.476Z,268.959,268.974,0.0,7.4,0.0,0.0,0.0,0.0,0.0,0.0,0.0,0.0,1.0,0.0,0.0,0.0,9.0,4.0,0.0,0.0,0.0,0.0,0.0,0.0,0.0,0.0,3.0,12.0,1.0,12.11,5.0200000000000005,2.51,1.5,0.0,0.1,0.0,0.4,0.0,0.2,0.6000000000000001,0.0,-169.60000000000002,0.0,0.0,169.70000000000002,0.0,21.700000000000003,29.200000000000003,29.200000000000003,29.700000000000003,300.0,300.0,31.700000000000003,35.7,29.1,28.3,30.200000000000003,4.95,1.99,4.97,0.16,0.0,0.0,1027.0,8228.0,0.0,0.0,0.0,0.0,0.0,1.0,0.0,0.0,0.0,0.0,0.0,1.3,0.0,-1.5,0.0,0.0001,16.0,25903.0
2026-07-30T19:01:39.488Z,268.971,268.986,0.0,7.4,0.0,0.0,0.0,0.0,0.0,0.0,0.0,0.0,1.0,0.0,0.0,0.0,9.0,4.0,0.0,0.0,0.0,0.0,0.0,0.0,0.0,0.0,4.0,12.0,1.0,12.11,5.0200000000000005,2.51,1.5,-0.1,0.0,0.0,0.4,0.0,-0.9,-1.1,0.0,-169.60000000000002,0.0,0.0,169.70000000000002,0.0,21.700000000000003,29.200000000000003,29.200000000000003,29.700000000000003,300.0,300.0,31.700000000000003,35.7,29.1,28.3,30.200000000000003,4.96,1.99,4.97,0.16,0.0,0.0,1027.0,8228.0,0.0,0.0,0.0,0.0,0.0,1.0,0.0,0.0,0.0,0.0,0.0,-0.8,0.0,1.0,0.0,0.0,16.0,25903.0
2026-07-30T19:01:39.500Z,268.983,268.998,0.0,7.4,0.0,0.0,0.0,0.0,0.0,0.0,0.0,0.0,1.0,0.0,0.0,0.0,9.0,4.0,0.0,0.0,0.0,0.0,0.0,0.0,0.0,0.0,5.0,12.0,1.0,12.11,5.0200000000000005,2.51,1.5,0.0,0.0,0.0,0.4,0.0,0.2,-0.5,-1.2000000000000002,-169.60000000000002,0.0,0.0,169.70000000000002,0.0,21.700000000000003,29.200000000000003,29.200000000000003,29.700000000000003,300.0,300.0,31.700000000000003,35.7,29.1,28.3,30.200000000000003,4.95,1.99,4.96,0.16,0.0,0.0,1027.0,8228.0,0.0,0.0,0.0,0.0,0.0,1.0,0.0,0.0,0.0,0.0,0.0,-2.6,0.0,1.3,0.0,0.0,16.0,25903.0
2026-07-30T19:01:39.512Z,268.995,269.01,0.0,7.4,0.0,0.0,0.0,0.0,0.0,0.0,0.0,0.0,1.0,0.0,0.0,0.0,9.0,4.0,0.0,0.0,0.0,0.0,0.0,0.0,0.0,0.0,1.0,12.0,1.0,12.11,5.0200000000000005,2.51,1.5,0.0,0.0,0.0,0.4,0.0,-0.3,-1.1,0.0,-169.60000000000002,0.0,0.0,169.70000000000002,0.0,21.700000000000003,29.200000000000003,29.200000000000003,29.700000000000003,300.0,300.0,31.700000000000003,35.7,29.1,28.3,30.200000000000003,4.96,1.99,4.97,0.16,0.0,0.0,1027.0,8228.0,0.0,0.0,0.0,0.0,0.0,1.0,0.0,0.0,0.0,0.0,0.0,-1.3,0.0,-0.1,0.0,0.0001,16.0,25903.0
2026-07-30T19:01:39.524Z,269.007,269.022,0.0,7.4,0.0,0.0,0.0,0.0,0.0,0.0,0.0,0.0,1.0,0.0,0.0,0.0,9.0,4.0,0.0,0.0,0.0,0.0,0.0,0.0,0.0,0.0,2.0,12.0,1.0,12.11,5.0200000000000005,2.51,1.5,0.0,0.1,0.0,0.4,0.0,-0.8,0.0,-0.6000000000000001,-169.60000000000002,0.0,0.0,169.70000000000002,0.0,21.700000000000003,29.200000000000003,29.200000000000003,29.700000000000003,300.0,300.0,31.700000000000003,35.7,29.1,28.3,30.200000000000003,4.96,2.0,4.96,0.16,0.0,0.0,1027.0,8228.0,0.0,0.0,0.0,0.0,0.0,1.0,0.0,0.0,0.0,0.0,0.0,-0.3,0.0,0.5,0.0,0.0001,16.0,25903.0
2026-07-30T19:01:39.536Z,269.019,269.034,0.0,7.4,0.0,0.0,0.0,0.0,0.0,0.0,0.0,0.0,1.0,0.0,0.0,0.0,9.0,4.0,0.0,0.0,0.0,0.0,0.0,0.0,0.0,0.0,4.0,12.0,1.0,12.11,5.0200000000000005,2.51,1.5,0.0,0.0,0.0,0.5,0.0,0.3,0.0,0.5,-169.60000000000002,0.0,0.0,169.8,0.0,21.700000000000003,29.200000000000003,29.200000000000003,29.700000000000003,300.0,300.0,31.700000000000003,35.7,29.1,28.3,30.200000000000003,4.95,1.99,4.96,0.16,0.0,0.0,1027.0,8228.0,0.0,0.0,0.0,0.0,0.0,1.0,0.0,0.0,0.0,0.0,0.0,0.4,0.0,-0.4,0.0,0.0,16.0,25903.0
2026-07-30T19:01:39.548Z,269.031,269.046,0.0,7.4,0.0,0.0,0.0,0.0,0.0,0.0,0.0,0.0,1.0,0.0,0.0,0.0,9.0,4.0,0.0,0.0,0.0,0.0,0.0,0.0,0.0,0.0,5.0,12.0,1.0,12.11,5.0200000000000005,2.51,1.5,0.0,0.0,0.0,0.4,0.0,-0.2,-0.5,-1.2000000000000002,-169.60000000000002,0.0,0.0,169.70000000000002,0.0,21.700000000000003,29.200000000000003,29.200000000000003,29.700000000000003,300.0,300.0,31.700000000000003,35.7,29.1,28.3,30.200000000000003,4.95,1.99,4.97,0.16,0.0,0.0,1027.0,8228.0,0.0,0.0,0.0,0.0,0.0,1.0,0.0,0.0,0.0,0.0,0.0,-1.5,0.0,0.9,0.0,0.0002,16.0,25903.0
2026-07-30T19:01:39.560Z,269.043,269.058,0.0,7.4,0.0,0.0,0.0,0.0,0.0,0.0,0.0,0.0,1.0,0.0,0.0,0.0,9.0,4.0,0.0,0.0,0.0,0.0,0.0,0.0,0.0,0.0,6.0,12.0,1.0,12.11,5.0200000000000005,2.51,1.5,0.0,0.0,0.0,0.4,0.0,-0.8,-1.1,0.4,-169.60000000000002,0.0,0.0,169.8,0.0,21.700000000000003,29.200000000000003,29.200000000000003,29.700000000000003,300.0,300.0,31.700000000000003,35.7,29.1,28.3,30.200000000000003,4.95,2.0,4.97,0.16,0.0,0.0,1027.0,8228.0,0.0,0.0,0.0,0.0,0.0,1.0,0.0,0.0,0.0,0.0,0.0,-0.9,0.0,-0.6000000000000001,0.0,0.0001,16.0,25903.0
2026-07-30T19:01:39.573Z,269.056,269.07,0.0,7.4,0.0,0.0,0.0,0.0,0.0,0.0,0.0,0.0,1.0,0.0,0.0,0.0,9.0,4.0,0.0,0.0,0.0,0.0,0.0,0.0,0.0,0.0,2.0,12.0,1.0,12.18,5.01,2.5,1.49,0.0,0.0,0.0,0.4,0.0,-0.8,-0.5,-0.1,-169.70000000000002,0.0,0.0,169.70000000000002,0.0,21.8,29.200000000000003,29.200000000000003,29.700000000000003,300.0,300.0,31.6,35.6,29.1,28.3,30.200000000000003,4.95,1.99,4.97,0.16,0.0,0.0,1027.0,8228.0,0.0,0.0,0.0,0.0,0.0,1.0,0.0,0.0,0.0,0.0,0.0,-0.7000000000000001,0.0,0.0,0.0,0.0001,16.0,25903.0
2026-07-30T19:01:39.584Z,269.067,269.082,0.0,7.4,0.0,0.0,0.0,0.0,0.0,0.0,0.0,0.0,1.0,0.0,0.0,0.0,9.0,4.0,0.0,0.0,0.0,0.0,0.0,0.0,0.0,0.0,4.0,12.0,1.0,12.18,5.01,2.5,1.49,0.0,0.0,0.0,0.4,0.0,-0.2,-0.4,-0.1,-169.70000000000002,0.0,0.0,169.8,0.0,21.8,29.200000000000003,29.200000000000003,29.700000000000003,300.0,300.0,31.6,35.6,29.1,28.3,30.200000000000003,4.95,1.99,4.97,0.16,0.0,0.0,1027.0,8228.0,0.0,0.0,0.0,0.0,0.0,1.0,0.0,0.0,0.0,0.0,0.0,-0.6000000000000001,0.0,0.0,0.0,0.0001,16.0,25903.0
2026-07-30T19:01:39.596Z,269.079,269.094,0.0,7.4,0.0,0.0,0.0,0.0,0.0,0.0,0.0,0.0,1.0,0.0,0.0,0.0,9.0,4.0,0.0,0.0,0.0,0.0,0.0,0.0,0.0,0.0,5.0,12.0,1.0,12.18,5.01,2.5,1.49,0.0,0.1,0.0,0.4,0.0,-0.8,0.0,0.0,-169.70000000000002,0.0,0.0,169.70000000000002,0.0,21.8,29.200000000000003,29.200000000000003,29.700000000000003,300.0,300.0,31.6,35.6,29.1,28.3,30.200000000000003,4.95,1.99,4.97,0.16,0.0,0.0,1027.0,8228.0,0.0,0.0,0.0,0.0,0.0,1.0,0.0,0.0,0.0,0.0,0.0,0.0,0.0,0.0,0.0,0.0001,16.0,25903.0
2026-07-30T19:01:39.609Z,269.092,269.106,0.0,7.4,0.0,0.0,0.0,0.0,0.0,0.0,0.0,0.0,1.0,0.0,0.0,0.0,9.0,4.0,0.0,0.0,0.0,0.0,0.0,0.0,0.0,0.0,6.0,12.0,1.0,12.18,5.01,2.5,1.49,0.0,0.0,0.0,0.4,0.0,-0.2,-1.1,-0.1,-169.70000000000002,0.0,0.0,169.8,0.0,21.8,29.200000000000003,29.200000000000003,29.700000000000003,300.0,300.0,31.6,35.6,29.1,28.3,30.200000000000003,4.96,2.0,4.96,0.16,0.0,0.0,1027.0,8228.0,0.0,0.0,0.0,0.0,0.0,1.0,0.0,0.0,0.0,0.0,0.0,-1.3,0.0,-0.1,0.0,0.0,16.0,25903.0
2026-07-30T19:01:39.620Z,269.103,269.118,0.0,7.4,0.0,0.0,0.0,0.0,0.0,0.0,0.0,0.0,1.0,0.0,0.0,0.0,9.0,4.0,0.0,0.0,0.0,0.0,0.0,0.0,0.0,0.0,2.0,12.0,1.0,12.18,5.01,2.5,1.49,0.0,0.0,0.0,0.4,0.0,0.3,-0.5,-0.1,-169.70000000000002,0.0,0.0,169.8,0.0,21.8,29.200000000000003,29.200000000000003,29.700000000000003,300.0,300.0,31.6,35.6,29.1,28.3,30.200000000000003,4.96,1.99,4.97,0.16,0.0,0.0,1027.0,8228.0,0.0,0.0,0.0,0.0,0.0,1.0,0.0,0.0,0.0,0.0,0.0,-0.6000000000000001,0.0,0.0,0.0,0.0001,16.0,25903.0
2026-07-30T19:01:39.632Z,269.115,269.13,0.0,7.4,0.0,0.0,0.0,0.0,0.0,0.0,0.0,0.0,1.0,0.0,0.0,0.0,9.0,4.0,0.0,0.0,0.0,0.0,0.0,0.0,0.0,0.0,3.0,12.0,1.0,12.18,5.01,2.5,1.49,0.0,0.0,0.0,0.4,0.0,-0.8,-0.4,0.0,-169.70000000000002,0.0,0.0,169.70000000000002,0.0,21.8,29.200000000000003,29.200000000000003,29.700000000000003,300.0,300.0,31.6,35.6,29.1,28.3,30.200000000000003,4.95,1.99,4.97,0.16,0.0,0.0,1027.0,8228.0,0.0,0.0,0.0,0.0,0.0,1.0,0.0,0.0,0.0,0.0,0.0,-0.6000000000000001,0.0,0.0,0.0,0.0001,16.0,25903.0
2026-07-30T19:01:39.645Z,269.128,269.142,0.0,7.4,0.0,0.0,0.0,0.0,0.0,0.0,0.0,0.0,1.0,0.0,0.0,0.0,9.0,4.0,0.0,0.0,0.0,0.0,0.0,0.0,0.0,0.0,4.0,12.0,1.0,12.18,5.01,2.5,1.49,0.0,0.0,0.0,0.4,0.0,0.3,0.0,-0.6000000000000001,-169.70000000000002,0.0,0.0,169.70000000000002,0.0,21.8,29.200000000000003,29.200000000000003,29.700000000000003,300.0,300.0,31.6,35.6,29.1,28.3,30.200000000000003,4.96,1.99,4.96,0.16,0.0,0.0,1027.0,8228.0,0.0,0.0,0.0,0.0,0.0,1.0,0.0,0.0,0.0,0.0,0.0,-0.3,0.0,0.5,0.0,0.0002,16.0,25903.0
2026-07-30T19:01:39.656Z,269.139,269.154,0.0,7.4,0.0,0.0,0.0,0.0,0.0,0.0,0.0,0.0,1.0,0.0,0.0,0.0,9.0,4.0,0.0,0.0,0.0,0.0,0.0,0.0,0.0,0.0,6.0,12.0,1.0,12.18,5.01,2.5,1.49,0.0,0.0,0.0,0.5,0.0,0.9,1.2000000000000002,1.6,-169.70000000000002,0.0,0.0,169.8,0.0,21.8,29.200000000000003,29.200000000000003,29.700000000000003,300.0,300.0,31.6,35.6,29.1,28.3,30.200000000000003,4.95,2.0,4.96,0.16,0.0,0.0,1027.0,8228.0,0.0,0.0,0.0,0.0,0.0,1.0,0.0,0.0,0.0,0.0,0.0,2.6,0.0,-1.1,0.0,0.0,16.0,25903.0
2026-07-30T19:01:39.670Z,269.153,269.166,0.0,7.4,0.0,0.0,0.0,0.0,0.0,0.0,0.0,0.0,1.0,0.0,0.0,0.0,9.0,4.0,0.0,0.0,0.0,0.0,0.0,0.0,0.0,0.0,1.0,12.0,1.0,12.17,5.0200000000000005,2.51,1.49,0.0,0.0,0.0,0.4,0.0,-0.2,-0.5,-1.2000000000000002,-169.70000000000002,0.0,0.0,169.70000000000002,0.0,21.3,29.200000000000003,29.200000000000003,29.700000000000003,300.0,300.0,31.6,35.7,29.1,28.3,30.200000000000003,4.95,1.99,4.97,0.16,0.0,0.0,1027.0,8228.0,0.0,0.0,0.0,0.0,0.0,1.0,0.0,0.0,0.0,0.0,0.0,-1.5,0.0,1.0,0.0,0.0001,16.0,25903.0
2026-07-30T19:01:39.680Z,269.163,269.178,0.0,7.4,0.0,0.0,0.0,0.0,0.0,0.0,0.0,0.0,1.0,0.0,0.0,0.0,9.0,4.0,0.0,0.0,0.0,0.0,0.0,0.0,0.0,0.0,3.0,12.0,1.0,12.17,5.0200000000000005,2.51,1.49,0.0,0.1,0.0,0.5,0.0,0.3,-0.5,0.0,-169.70000000000002,0.0,0.0,169.8,0.0,21.3,29.200000000000003,29.200000000000003,29.700000000000003,300.0,300.0,31.6,35.7,29.1,28.3,30.200000000000003,4.95,2.0,4.97,0.16,0.0,0.0,1027.0,8228.0,0.0,0.0,0.0,0.0,0.0,1.0,0.0,0.0,0.0,0.0,0.0,-0.6000000000000001,0.0,0.0,0.0,0.0001,16.0,25903.0
2026-07-30T19:01:39.693Z,269.176,269.19,0.0,7.4,0.0,0.0,0.0,0.0,0.0,0.0,0.0,0.0,1.0,0.0,0.0,0.0,9.0,4.0,0.0,0.0,0.0,0.0,0.0,0.0,0.0,0.0,4.0,12.0,1.0,12.17,5.0200000000000005,2.51,1.49,0.0,0.1,0.0,0.4,0.0,0.3,0.7000000000000001,0.0,-169.70000000000002,0.0,0.0,169.70000000000002,0.0,21.3,29.200000000000003,29.200000000000003,29.700000000000003,300.0,300.0,31.6,35.7,29.1,28.3,30.200000000000003,4.96,2.0,4.97,0.15,0.0,0.0,1027.0,8228.0,0.0,0.0,0.0,0.0,0.0,1.0,0.0,0.0,0.0,0.0,0.0,0.8,0.0,0.1,0.0,0.0,16.0,25903.0
2026-07-30T19:01:39.704Z,269.187,269.202,0.0,7.4,0.0,0.0,0.0,0.0,0.0,0.0,0.0,0.0,1.0,0.0,0.0,0.0,9.0,4.0,0.0,0.0,0.0,0.0,0.0,0.0,0.0,0.0,5.0,12.0,1.0,12.17,5.0200000000000005,2.51,1.49,0.0,0.0,0.0,0.4,0.0,0.9,0.1,0.0,-169.70000000000002,0.0,0.0,169.70000000000002,0.0,21.3,29.200000000000003,29.200000000000003,29.700000000000003,300.0,300.0,31.6,35.7,29.1,28.3,30.200000000000003,4.95,1.99,4.97,0.15,0.0,0.0,1027.0,8228.0,0.0,0.0,0.0,0.0,0.0,1.0,0.0,0.0,0.0,0.0,0.0,0.1,0.0,0.0,0.0,0.0001,16.0,25903.0
2026-07-30T19:01:39.717Z,269.2,269.214,0.0,7.4,0.0,0.0,0.0,0.0,0.0,0.0,0.0,0.0,1.0,0.0,0.0,0.0,9.0,4.0,0.0,0.0,0.0,0.0,0.0,0.0,0.0,0.0,5.0,12.0,1.0,12.17,5.0200000000000005,2.51,1.49,0.0,0.0,0.0,0.4,0.0,-0.8,0.1,-0.6000000000000001,-169.70000000000002,0.0,0.0,169.70000000000002,0.0,21.3,29.200000000000003,29.200000000000003,29.700000000000003,300.0,300.0,31.6,35.7,29.1,28.3,30.200000000000003,4.95,1.99,4.96,0.16,0.0,0.0,1027.0,8228.0,0.0,0.0,0.0,0.0,0.0,1.0,0.0,0.0,0.0,0.0,0.0,-0.3,0.0,0.5,0.0,0.0001,16.0,25903.0
2026-07-30T19:01:39.729Z,269.212,269.226,0.0,7.4,0.0,0.0,0.0,0.0,0.0,0.0,0.0,0.0,1.0,0.0,0.0,0.0,9.0,4.0,0.0,0.0,0.0,0.0,0.0,0.0,0.0,0.0,6.0,12.0,1.0,12.17,5.0200000000000005,2.51,1.49,0.0,0.0,0.0,0.5,0.0,-0.3,0.1,-1.2000000000000002,-169.70000000000002,0.0,0.0,169.70000000000002,0.0,21.3,29.200000000000003,29.200000000000003,29.700000000000003,300.0,300.0,31.6,35.7,29.1,28.3,30.200000000000003,4.96,1.99,4.96,0.16,0.0,0.0,1027.0,8228.0,0.0,0.0,0.0,0.0,0.0,1.0,0.0,0.0,0.0,0.0,0.0,-0.7000000000000001,0.0,1.1,0.0,0.0,16.0,25903.0
2026-07-30T19:01:39.745Z,269.228,269.238,0.0,7.4,0.0,0.0,0.0,0.0,0.0,0.0,0.0,0.0,1.0,0.0,0.0,0.0,9.0,4.0,0.0,0.0,0.0,0.0,0.0,0.0,0.0,0.0,2.0,12.0,1.0,12.17,5.0200000000000005,2.51,1.49,0.0,0.1,0.0,0.4,0.0,-0.2,0.7000000000000001,1.0,-169.70000000000002,0.0,0.0,169.8,0.0,21.3,29.200000000000003,29.200000000000003,29.700000000000003,300.0,300.0,31.6,35.7,29.1,28.3,30.200000000000003,4.96,1.99,4.96,0.16,0.0,0.0,1027.0,8228.0,0.0,0.0,0.0,0.0,0.0,1.0,0.0,0.0,0.0,0.0,0.0,1.6,0.0,-0.7000000000000001,0.0,0.0,16.0,25903.0
2026-07-30T19:01:39.753Z,269.236,269.25,0.0,7.4,0.0,0.0,0.0,0.0,0.0,0.0,0.0,0.0,1.0,0.0,0.0,0.0,9.0,4.0,0.0,0.0,0.0,0.0,0.0,0.0,0.0,0.0,6.0,12.0,1.0,12.17,5.0200000000000005,2.51,1.49,0.0,0.0,0.0,0.5,0.0,-0.8,-0.4,1.0,-169.70000000000002,0.0,0.0,169.70000000000002,0.0,21.3,29.200000000000003,29.200000000000003,29.700000000000003,300.0,300.0,31.6,35.7,29.1,28.3,30.200000000000003,4.95,1.99,4.97,0.16,0.0,0.0,1027.0,8228.0,0.0,0.0,0.0,0.0,0.0,1.0,0.0,0.0,0.0,0.0,0.0,0.3,0.0,-1.0,0.0,0.0002,16.0,25903.0
2026-07-30T19:01:39.766Z,269.249,269.262,0.0,7.4,0.0,0.0,0.0,0.0,0.0,0.0,0.0,0.0,1.0,0.0,0.0,0.0,9.0,4.0,0.0,0.0,0.0,0.0,0.0,0.0,0.0,0.0,2.0,12.0,1.0,12.17,5.0200000000000005,2.51,1.49,0.0,0.0,0.0,0.4,0.0,0.2,0.1,1.0,-169.70000000000002,0.0,0.0,169.60000000000002,0.0,21.3,29.200000000000003,29.200000000000003,29.700000000000003,300.0,300.0,31.6,35.7,29.1,28.3,30.200000000000003,4.95,1.99,4.96,0.16,0.0,0.0,1027.0,8228.0,0.0,0.0,0.0,0.0,0.0,1.0,0.0,0.0,0.0,0.0,0.0,0.9,0.0,-0.9,0.0,0.0,16.0,25903.0
2026-07-30T19:01:39.777Z,269.26,269.274,0.0,7.4,0.0,0.0,0.0,0.0,0.0,0.0,0.0,0.0,1.0,0.0,0.0,0.0,9.0,4.0,0.0,0.0,0.0,0.0,0.0,0.0,0.0,0.0,2.0,12.0,1.0,12.18,5.01,2.51,1.49,0.0,0.1,0.0,0.4,0.0,-0.3,0.1,1.0,-169.70000000000002,0.0,0.0,169.60000000000002,0.0,21.700000000000003,29.200000000000003,29.200000000000003,29.700000000000003,300.0,300.0,31.6,35.6,29.1,28.3,30.200000000000003,4.96,1.99,4.96,0.16,0.0,0.0,1027.0,8228.0,0.0,0.0,0.0,0.0,0.0,1.0,0.0,0.0,0.0,0.0,0.0,0.9,0.0,-0.9,0.0,0.0002,16.0,25903.0
2026-07-30T19:01:39.789Z,269.272,269.286,0.0,7.4,0.0,0.0,0.0,0.0,0.0,0.0,0.0,0.0,1.0,0.0,0.0,0.0,9.0,4.0,0.0,0.0,0.0,0.0,0.0,0.0,0.0,0.0,3.0,12.0,1.0,12.18,5.01,2.51,1.49,0.0,0.0,0.0,0.4,0.0,0.2,0.1,-0.6000000000000001,-169.70000000000002,0.0,0.0,169.8,0.0,21.700000000000003,29.200000000000003,29.200000000000003,29.700000000000003,300.0,300.0,31.6,35.6,29.1,28.3,30.200000000000003,4.95,1.99,4.97,0.16,0.0,0.0,1027.0,8228.0,0.0,0.0,0.0,0.0,0.0,1.0,0.0,0.0,0.0,0.0,0.0,-0.3,0.0,0.6000000000000001,0.0,0.0,16.0,25903.0
2026-07-30T19:01:39.801Z,269.284,269.298,0.0,7.4,0.0,0.0,0.0,0.0,0.0,0.0,0.0,0.0,1.0,0.0,0.0,0.0,9.0,4.0,0.0,0.0,0.0,0.0,0.0,0.0,0.0,0.0,4.0,12.0,1.0,12.18,5.01,2.51,1.49,0.0,0.0,0.0,0.4,0.0,0.8,-1.0,-0.6000000000000001,-169.70000000000002,0.0,0.0,169.70000000000002,0.0,21.700000000000003,29.200000000000003,29.200000000000003,29.700000000000003,300.0,300.0,31.6,35.6,29.1,28.3,30.200000000000003,4.96,1.99,4.96,0.16,0.0,0.0,1027.0,8228.0,0.0,0.0,0.0,0.0,0.0,1.0,0.0,0.0,0.0,0.0,0.0,-1.7000000000000002,0.0,0.3,0.0,0.0002,16.0,25903.0
2026-07-30T19:01:39.813Z,269.296,269.31,0.0,7.4,0.0,0.0,0.0,0.0,0.0,0.0,0.0,0.0,1.0,0.0,0.0,0.0,9.0,4.0,0.0,0.0,0.0,0.0,0.0,0.0,0.0,0.0,4.0,12.0,1.0,12.18,5.01,2.51,1.49,0.0,0.0,0.0,0.4,0.0,-0.9,0.6000000000000001,0.5,-169.70000000000002,0.0,0.0,169.8,0.0,21.700000000000003,29.200000000000003,29.200000000000003,29.700000000000003,300.0,300.0,31.6,35.6,29.1,28.3,30.200000000000003,4.96,1.99,4.96,0.16,0.0,0.0,1027.0,8228.0,0.0,0.0,0.0,0.0,0.0,1.0,0.0,0.0,0.0,0.0,0.0,1.1,0.0,-0.3,0.0,0.0001,16.0,25903.0
2026-07-30T19:01:39.825Z,269.308,269.322,0.0,7.4,0.0,0.0,0.0,0.0,0.0,0.0,0.0,0.0,1.0,0.0,0.0,0.0,9.0,4.0,0.0,0.0,0.0,0.0,0.0,0.0,0.0,0.0,5.0,12.0,1.0,12.18,5.01,2.51,1.49,0.0,0.1,0.0,0.4,0.0,-0.3,0.0,-0.6000000000000001,-169.70000000000002,0.0,0.0,169.8,0.0,21.700000000000003,29.200000000000003,29.200000000000003,29.700000000000003,300.0,300.0,31.6,35.6,29.1,28.3,30.200000000000003,4.95,1.99,4.96,0.17,0.0,0.0,1027.0,8228.0,0.0,0.0,0.0,0.0,0.0,1.0,0.0,0.0,0.0,0.0,0.0,-0.4,0.0,0.5,0.0,0.0001,16.0,25903.0
2026-07-30T19:01:39.836Z,269.319,269.334,0.0,7.4,0.0,0.0,0.0,0.0,0.0,0.0,0.0,0.0,1.0,0.0,0.0,0.0,9.0,4.0,0.0,0.0,0.0,0.0,0.0,0.0,0.0,0.0,6.0,12.0,1.0,12.18,5.01,2.51,1.49,0.0,0.0,0.0,0.4,0.0,0.2,-1.1,0.4,-169.70000000000002,0.0,0.0,169.70000000000002,0.0,21.700000000000003,29.200000000000003,29.200000000000003,29.700000000000003,300.0,300.0,31.6,35.6,29.1,28.3,30.200000000000003,4.95,1.99,4.97,0.16,0.0,0.0,1027.0,8228.0,0.0,0.0,0.0,0.0,0.0,1.0,0.0,0.0,0.0,0.0,0.0,-0.9,0.0,-0.6000000000000001,0.0,0.0001,16.0,25903.0
2026-07-30T19:01:39.848Z,269.331,269.346,0.0,7.4,0.0,0.0,0.0,0.0,0.0,0.0,0.0,0.0,1.0,0.0,0.0,0.0,9.0,4.0,0.0,0.0,0.0,0.0,0.0,0.0,0.0,0.0,1.0,12.0,1.0,12.18,5.01,2.51,1.49,0.0,0.0,0.0,0.4,0.0,0.2,-0.5,-0.6000000000000001,-169.70000000000002,0.0,0.0,169.8,0.0,21.700000000000003,29.200000000000003,29.200000000000003,29.700000000000003,300.0,300.0,31.6,35.6,29.1,28.3,30.200000000000003,4.96,1.99,4.96,0.16,0.0,0.0,1027.0,8228.0,0.0,0.0,0.0,0.0,0.0,1.0,0.0,0.0,0.0,0.0,0.0,-1.0,0.0,0.4,0.0,0.0,16.0,25903.0
2026-07-30T19:01:39.860Z,269.343,269.358,0.0,7.4,0.0,0.0,0.0,0.0,0.0,0.0,0.0,0.0,1.0,0.0,0.0,0.0,9.0,4.0,0.0,0.0,0.0,0.0,0.0,0.0,0.0,0.0,2.0,12.0,1.0,12.18,5.01,2.51,1.49,0.0,0.0,0.0,0.4,0.0,0.8,0.0,-0.6000000000000001,-169.70000000000002,0.0,0.0,169.60000000000002,0.0,21.700000000000003,29.200000000000003,29.200000000000003,29.700000000000003,300.0,300.0,31.6,35.6,29.1,28.3,30.200000000000003,4.96,1.99,4.96,0.16,0.0,0.0,1027.0,8228.0,0.0,0.0,0.0,0.0,0.0,1.0,0.0,0.0,0.0,0.0,0.0,-0.4,0.0,0.6000000000000001,0.0,0.0,16.0,25903.0
2026-07-30T19:01:39.874Z,269.357,269.37,0.0,7.4,0.0,0.0,0.0,0.0,0.0,0.0,0.0,0.0,1.0,0.0,0.0,0.0,9.0,4.0,0.0,0.0,0.0,0.0,0.0,0.0,0.0,0.0,3.0,12.0,1.0,12.18,5.01,2.5,1.5,0.0,0.0,0.0,0.4,0.0,0.2,1.2000000000000002,-0.1,-169.70000000000002,0.0,0.0,169.70000000000002,0.0,21.4,29.200000000000003,29.200000000000003,29.700000000000003,300.0,300.0,31.6,35.7,29.1,28.3,30.200000000000003,4.95,1.99,4.96,0.16,0.0,0.0,1027.0,8228.0,0.0,0.0,0.0,0.0,0.0,1.0,0.0,0.0,0.0,0.0,0.0,1.3,0.0,0.3,0.0,0.0002,16.0,25903.0
2026-07-30T19:01:39.885Z,269.368,269.382,0.0,7.4,0.0,0.0,0.0,0.0,0.0,0.0,0.0,0.0,1.0,0.0,0.0,0.0,9.0,4.0,0.0,0.0,0.0,0.0,0.0,0.0,0.0,0.0,4.0,12.0,1.0,12.18,5.01,2.5,1.5,0.0,0.0,0.0,0.4,0.0,-0.3,-0.5,-1.3,-169.70000000000002,0.0,0.0,169.70000000000002,0.0,21.4,29.200000000000003,29.200000000000003,29.700000000000003,300.0,300.0,31.6,35.7,29.1,28.3,30.200000000000003,4.95,1.99,4.96,0.16,0.0,0.0,1027.0,8228.0,0.0,0.0,0.0,0.0,0.0,1.0,0.0,0.0,0.0,0.0,0.0,-1.5,0.0,1.0,0.0,0.0001,16.0,25903.0
2026-07-30T19:01:39.896Z,269.379,269.394,0.0,7.4,0.0,0.0,0.0,0.0,0.0,0.0,0.0,0.0,1.0,0.0,0.0,0.0,9.0,4.0,0.0,0.0,0.0,0.0,0.0,0.0,0.0,0.0,5.0,12.0,1.0,12.18,5.01,2.5,1.5,0.0,0.1,0.0,0.4,0.0,0.2,0.1,-0.1,-169.70000000000002,0.0,0.0,169.60000000000002,0.0,21.4,29.200000000000003,29.200000000000003,29.700000000000003,300.0,300.0,31.6,35.7,29.1,28.3,30.200000000000003,4.95,2.0,4.96,0.16,0.0,0.0,1027.0,8228.0,0.0,0.0,0.0,0.0,0.0,1.0,0.0,0.0,0.0,0.0,0.0,0.0,0.0,0.1,0.0,0.0001,16.0,25903.0
2026-07-30T19:01:39.909Z,269.392,269.406,0.0,7.4,0.0,0.0,0.0,0.0,0.0,0.0,0.0,0.0,1.0,0.0,0.0,0.0,9.0,4.0,0.0,0.0,0.0,0.0,0.0,0.0,0.0,0.0,6.0,12.0,1.0,12.18,5.01,2.5,1.5,0.0,0.1,0.0,0.4,0.0,0.2,1.3,-0.7000000000000001,-169.70000000000002,0.0,0.0,169.60000000000002,0.0,21.4,29.200000000000003,29.200000000000003,29.700000000000003,300.0,300.0,31.6,35.7,29.1,28.3,30.200000000000003,4.95,1.99,4.97,0.16,0.0,0.0,1027.0,8228.0,0.0,0.0,0.0,0.0,0.0,1.0,0.0,0.0,0.0,0.0,0.0,0.9,0.0,0.9,0.0,0.0001,16.0,25903.0
2026-07-30T19:01:39.920Z,269.403,269.418,0.0,7.4,0.0,0.0,0.0,0.0,0.0,0.0,0.0,0.0,1.0,0.0,0.0,0.0,9.0,4.0,0.0,0.0,0.0,0.0,0.0,0.0,0.0,0.0,2.0,12.0,1.0,12.18,5.01,2.5,1.5,0.0,0.0,0.0,0.4,0.0,0.2,1.9,0.4,-169.70000000000002,0.0,0.0,169.8,0.0,21.4,29.200000000000003,29.200000000000003,29.700000000000003,300.0,300.0,31.6,35.7,29.1,28.3,30.200000000000003,4.95,1.99,4.97,0.16,0.0,0.0,1027.0,8228.0,0.0,0.0,0.0,0.0,0.0,1.0,0.0,0.0,0.0,0.0,0.0,2.4000000000000004,0.0,0.0,0.0,0.0,16.0,25903.0
2026-07-30T19:01:39.933Z,269.416,269.43,0.0,7.4,0.0,0.0,0.0,0.0,0.0,0.0,0.0,0.0,1.0,0.0,0.0,0.0,9.0,4.0,0.0,0.0,0.0,0.0,0.0,0.0,0.0,0.0,3.0,12.0,1.0,12.18,5.01,2.5,1.5,0.0,0.0,0.0,0.4,0.0,-0.2,0.1,-0.1,-169.70000000000002,0.0,0.0,169.8,0.0,21.4,29.200000000000003,29.200000000000003,29.700000000000003,300.0,300.0,31.6,35.7,29.1,28.3,30.200000000000003,4.96,1.99,4.96,0.16,0.0,0.0,1027.0,8228.0,0.0,0.0,0.0,0.0,0.0,1.0,0.0,0.0,0.0,0.0,0.0,0.0,0.0,0.1,0.0,0.0002,16.0,25903.0
2026-07-30T19:01:39.945Z,269.428,269.442,0.0,7.4,0.0,0.0,0.0,0.0,0.0,0.0,0.0,0.0,1.0,0.0,0.0,0.0,9.0,4.0,0.0,0.0,0.0,0.0,0.0,0.0,0.0,0.0,4.0,12.0,1.0,12.18,5.01,2.5,1.5,0.0,0.0,0.0,0.4,0.0,-0.2,-1.0,-0.6000000000000001,-169.70000000000002,0.0,0.0,169.8,0.0,21.4,29.200000000000003,29.200000000000003,29.700000000000003,300.0,300.0,31.6,35.7,29.1,28.3,30.200000000000003,4.95,1.99,4.96,0.16,0.0,0.0,1027.0,8228.0,0.0,0.0,0.0,0.0,0.0,1.0,0.0,0.0,0.0,0.0,0.0,-1.6,0.0,0.3,0.0,0.0001,16.0,25903.0
2026-07-30T19:01:39.956Z,269.439,269.454,0.0,7.4,0.0,0.0,0.0,0.0,0.0,0.0,0.0,0.0,1.0,0.0,0.0,0.0,9.0,4.0,0.0,0.0,0.0,0.0,0.0,0.0,0.0,0.0,6.0,12.0,1.0,12.18,5.01,2.5,1.5,0.0,0.0,0.0,0.4,0.0,0.3,1.3,1.6,-169.70000000000002,0.0,0.0,169.70000000000002,0.0,21.4,29.200000000000003,29.200000000000003,29.700000000000003,300.0,300.0,31.6,35.7,29.1,28.3,30.200000000000003,4.95,2.0,4.96,0.16,0.0,0.0,1027.0,8228.0,0.0,0.0,0.0,0.0,0.0,1.0,0.0,0.0,0.0,0.0,0.0,0.7000000000000001,0.0,0.2,0.0,0.0,16.0,25903.0
2026-07-30T19:01:39.969Z,269.452,269.466,0.0,7.4,0.0,0.0,0.0,0.0,0.0,0.0,0.0,0.0,1.0,0.0,0.0,0.0,9.0,4.0,0.0,0.0,0.0,0.0,0.0,0.0,0.0,0.0,1.0,12.0,1.0,12.18,5.01,2.5,1.5,0.0,0.0,0.0,0.4,0.0,-0.8,0.1,-0.7000000000000001,-169.70000000000002,0.0,0.0,169.8,0.0,21.4,29.200000000000003,29.200000000000003,29.700000000000003,300.0,300.0,31.6,35.7,29.1,28.3,30.200000000000003,4.95,2.0,4.96,0.16,0.0,0.0,1027.0,8228.0,0.0,0.0,0.0,0.0,0.0,1.0,0.0,0.0,0.0,0.0,0.0,-0.3,0.0,0.6000000000000001,0.0,0.0002,16.0,25903.0
2026-07-30T19:01:39.981Z,269.464,269.478,0.0,7.4,0.0,0.0,0.0,0.0,0.0,0.0,0.0,0.0,1.0,0.0,0.0,0.0,9.0,4.0,0.0,0.0,0.0,0.0,0.0,0.0,0.0,0.0,3.0,12.0,1.0,12.17,5.0200000000000005,2.51,1.49,0.0,0.0,0.0,0.4,0.0,0.2,0.7000000000000001,1.0,-169.70000000000002,0.0,0.0,169.8,0.0,21.8,29.200000000000003,29.200000000000003,29.700000000000003,300.0,300.0,31.5,35.6,29.1,28.3,30.200000000000003,4.96,2.0,4.96,0.16,0.0,0.0,1027.0,8228.0,0.0,0.0,0.0,0.0,0.0,1.0,0.0,0.0,0.0,0.0,0.0,-0.8,0.0,1.2000000000000002,0.0,0.0001,16.0,25903.0
2026-07-30T19:01:39.993Z,269.476,269.49,0.0,7.4,0.0,0.0,0.0,0.0,0.0,0.0,0.0,0.0,1.0,0.0,0.0,0.0,9.0,4.0,0.0,0.0,0.0,0.0,0.0,0.0,0.0,0.0,3.0,12.0,1.0,12.17,5.0200000000000005,2.51,1.49,0.0,0.0,0.0,0.4,0.0,0.2,-1.0,-0.7000000000000001,-169.70000000000002,0.0,0.0,169.70000000000002,0.0,21.8,29.200000000000003,29.200000000000003,29.700000000000003,300.0,300.0,31.5,35.6,29.1,28.3,30.200000000000003,4.96,1.99,4.97,0.16,0.0,0.0,1027.0,8228.0,0.0,0.0,0.0,0.0,0.0,1.0,0.0,0.0,0.0,0.0,0.0,-0.8,0.0,-0.6000000000000001,0.0,0.0,16.0,25903.0
2026-07-30T19:01:40.005Z,269.488,269.502,0.0,7.4,0.0,0.0,0.0,0.0,0.0,0.0,0.0,0.0,1.0,0.0,0.0,0.0,9.0,4.0,0.0,0.0,0.0,0.0,0.0,0.0,0.0,0.0,4.0,12.0,1.0,12.17,5.0200000000000005,2.51,1.49,0.0,0.0,0.0,0.4,0.0,0.2,1.3,0.4,-169.70000000000002,0.0,0.0,169.8,0.0,21.8,29.200000000000003,29.200000000000003,29.700000000000003,300.0,300.0,31.5,35.6,29.1,28.3,30.200000000000003,4.96,1.99,4.96,0.16,0.0,0.0,1027.0,8228.0,0.0,0.0,0.0,0.0,0.0,1.0,0.0,0.0,0.0,0.0,0.0,-0.1,0.0,-0.5,0.0,0.0001,16.0,25903.0
2026-07-30T19:01:40.017Z,269.5,269.514,0.0,7.4,0.0,0.0,0.0,0.0,0.0,0.0,0.0,0.0,1.0,0.0,0.0,0.0,9.0,4.0,0.0,0.0,0.0,0.0,0.0,0.0,0.0,0.0,5.0,12.0,1.0,12.17,5.0200000000000005,2.51,1.49,0.0,0.0,0.0,0.4,0.0,0.8,0.1,1.0,-169.70000000000002,0.0,0.0,169.8,0.0,21.8,29.200000000000003,29.200000000000003,29.700000000000003,300.0,300.0,31.5,35.6,29.1,28.3,30.200000000000003,4.96,2.0,4.96,0.16,0.0,0.0,1027.0,8228.0,0.0,0.0,0.0,0.0,0.0,1.0,0.0,0.0,0.0,0.0,0.0,0.7000000000000001,0.0,0.2,0.0,0.0001,16.0,25903.0
2026-07-30T19:01:40.029Z,269.512,269.526,0.0,7.4,0.0,0.0,0.0,0.0,0.0,0.0,0.0,0.0,1.0,0.0,0.0,0.0,9.0,4.0,0.0,0.0,0.0,0.0,0.0,0.0,0.0,0.0,1.0,12.0,1.0,12.17,5.0200000000000005,2.51,1.49,0.0,0.0,0.0,0.4,0.0,0.3,-0.4,0.4,-169.70000000000002,0.0,0.0,169.8,0.0,21.8,29.200000000000003,29.200000000000003,29.700000000000003,300.0,300.0,31.5,35.6,29.1,28.3,30.200000000000003,4.95,2.0,4.97,0.16,0.0,0.0,1027.0,8228.0,0.0,0.0,0.0,0.0,0.0,1.0,0.0,0.0,0.0,0.0,0.0,-0.1,0.0,-0.4,0.0,0.0,16.0,25903.0
2026-07-30T19:01:40.040Z,269.523,269.538,0.0,7.4,0.0,0.0,0.0,0.0,0.0,0.0,0.0,0.0,1.0,0.0,0.0,0.0,9.0,4.0,0.0,0.0,0.0,0.0,0.0,0.0,0.0,0.0,2.0,12.0,1.0,12.17,5.0200000000000005,2.51,1.49,0.0,0.0,0.0,0.4,0.0,-0.2,-1.0,-1.2000000000000002,-169.70000000000002,0.0,0.0,169.70000000000002,0.0,21.8,29.200000000000003,29.200000000000003,29.700000000000003,300.0,300.0,31.5,35.6,29.1,28.3,30.200000000000003,4.96,1.99,4.97,0.16,0.0,0.0,1027.0,8228.0,0.0,0.0,0.0,0.0,0.0,1.0,0.0,0.0,0.0,0.0,0.0,-2.1,0.0,0.8,0.0,0.0001,16.0,25903.0
2026-07-30T19:01:40.056Z,269.539,269.55,0.0,7.4,0.0,0.0,0.0,0.0,0.0,0.0,0.0,0.0,1.0,0.0,0.0,0.0,9.0,4.0,0.0,0.0,0.0,0.0,0.0,0.0,0.0,0.0,3.0,12.0,1.0,12.17,5.0200000000000005,2.51,1.49,0.0,0.0,0.0,0.4,0.0,-0.2,-0.5,-0.7000000000000001,-169.70000000000002,0.0,0.0,169.70000000000002,0.0,21.8,29.200000000000003,29.200000000000003,29.700000000000003,300.0,300.0,31.5,35.6,29.1,28.3,30.200000000000003,4.96,1.99,4.97,0.16,0.0,0.0,1027.0,8228.0,0.0,0.0,0.0,0.0,0.0,1.0,0.0,0.0,0.0,0.0,0.0,-1.1,0.0,0.5,0.0,0.0001,16.0,25903.0
2026-07-30T19:01:40.064Z,269.547,269.562,0.0,7.4,0.0,0.0,0.0,0.0,0.0,0.0,0.0,0.0,1.0,0.0,0.0,0.0,9.0,4.0,0.0,0.0,0.0,0.0,0.0,0.0,0.0,0.0,6.0,12.0,1.0,12.17,5.0200000000000005,2.51,1.49,0.0,0.1,0.0,0.4,0.0,0.8,0.6000000000000001,0.4,-169.70000000000002,0.0,0.0,169.60000000000002,0.0,21.8,29.200000000000003,29.200000000000003,29.700000000000003,300.0,300.0,31.5,35.6,29.1,28.3,30.200000000000003,4.95,1.99,4.97,0.16,0.0,0.0,1027.0,8228.0,0.0,0.0,0.0,0.0,0.0,1.0,0.0,0.0,0.0,0.0,0.0,1.1,0.0,-0.2,0.0,0.0001,16.0,25903.0
2026-07-30T19:01:40.077Z,269.56,269.574,0.0,7.4,0.0,0.0,0.0,0.0,0.0,0.0,0.0,0.0,1.0,0.0,0.0,0.0,9.0,4.0,0.0,0.0,0.0,0.0,0.0,0.0,0.0,0.0,2.0,12.0,1.0,12.17,5.0200000000000005,2.51,1.49,0.0,0.0,0.0,0.4,0.0,-0.8,-1.0,-0.7000000000000001,-169.70000000000002,0.0,0.0,169.8,0.0,21.3,29.200000000000003,29.200000000000003,29.700000000000003,300.0,300.0,31.6,35.6,29.1,28.3,30.200000000000003,4.95,1.99,4.97,0.16,0.0,0.0,1027.0,8228.0,0.0,0.0,0.0,0.0,0.0,1.0,0.0,0.0,0.0,0.0,0.0,-1.7000000000000002,0.0,0.4,0.0,0.0001,16.0,25903.0
2026-07-30T19:01:40.088Z,269.571,269.586,0.0,7.4,0.0,0.0,0.0,0.0,0.0,0.0,0.0,0.0,1.0,0.0,0.0,0.0,9.0,4.0,0.0,0.0,0.0,0.0,0.0,0.0,0.0,0.0,3.0,12.0,1.0,12.17,5.0200000000000005,2.51,1.49,0.0,0.0,0.0,0.4,0.0,-0.2,0.1,0.3,-169.70000000000002,0.0,0.0,169.8,0.0,21.3,29.200000000000003,29.200000000000003,29.700000000000003,300.0,300.0,31.6,35.6,29.1,28.3,30.200000000000003,4.96,1.99,4.96,0.16,0.0,0.0,1027.0,8228.0,0.0,0.0,0.0,0.0,0.0,1.0,0.0,0.0,0.0,0.0,0.0,0.4,0.0,-0.3,0.0,0.0003,16.0,25903.0
2026-07-30T19:01:40.100Z,269.583,269.598,0.0,7.4,0.0,0.0,0.0,0.0,0.0,0.0,0.0,0.0,1.0,0.0,0.0,0.0,9.0,4.0,0.0,0.0,0.0,0.0,0.0,0.0,0.0,0.0,4.0,12.0,1.0,12.17,5.0200000000000005,2.51,1.49,0.0,0.0,0.0,0.4,0.0,0.2,0.0,-0.8,-169.70000000000002,0.0,0.0,169.70000000000002,0.0,21.3,29.200000000000003,29.200000000000003,29.700000000000003,300.0,300.0,31.6,35.6,29.1,28.3,30.200000000000003,4.96,1.99,4.97,0.15,0.0,0.0,1027.0,8228.0,0.0,0.0,0.0,0.0,0.0,1.0,0.0,0.0,0.0,0.0,0.0,-0.4,0.0,0.7000000000000001,0.0,0.0001,16.0,25903.0
2026-07-30T19:01:40.113Z,269.596,269.61,0.0,7.4,0.0,0.0,0.0,0.0,0.0,0.0,0.0,0.0,1.0,0.0,0.0,0.0,9.0,4.0,0.0,0.0,0.0,0.0,0.0,0.0,0.0,0.0,5.0,12.0,1.0,12.17,5.0200000000000005,2.51,1.49,0.0,0.0,0.0,0.4,0.0,-0.3,0.6000000000000001,-0.8,-169.70000000000002,0.0,0.0,169.70000000000002,0.0,21.3,29.200000000000003,29.200000000000003,29.700000000000003,300.0,300.0,31.6,35.6,29.1,28.3,30.200000000000003,4.95,1.99,4.97,0.16,0.0,0.0,1027.0,8228.0,0.0,0.0,0.0,0.0,0.0,1.0,0.0,0.0,0.0,0.0,0.0,0.1,0.0,0.8,0.0,0.0,16.0,25903.0
2026-07-30T19:01:40.124Z,269.607,269.622,0.0,7.4,0.0,0.0,0.0,0.0,0.0,0.0,0.0,0.0,1.0,0.0,0.0,0.0,9.0,4.0,0.0,0.0,0.0,0.0,0.0,0.0,0.0,0.0,6.0,12.0,1.0,12.17,5.0200000000000005,2.51,1.49,0.0,0.0,0.0,0.4,0.0,-0.3,0.0,-0.2,-169.70000000000002,0.0,0.0,169.70000000000002,0.0,21.3,29.200000000000003,29.200000000000003,29.700000000000003,300.0,300.0,31.6,35.6,29.1,28.3,30.200000000000003,4.96,1.99,4.97,0.16,0.0,0.0,1027.0,8228.0,0.0,0.0,0.0,0.0,0.0,1.0,0.0,0.0,0.0,0.0,0.0,0.0,0.0,0.2,0.0,0.0001,16.0,25903.0
2026-07-30T19:01:40.136Z,269.619,269.634,0.0,7.4,0.0,0.0,0.0,0.0,0.0,0.0,0.0,0.0,1.0,0.0,0.0,0.0,9.0,4.0,0.0,0.0,0.0,0.0,0.0,0.0,0.0,0.0,2.0,12.0,1.0,12.17,5.0200000000000005,2.51,1.49,0.0,0.0,0.0,0.4,0.0,0.3,-0.4,-0.2,-169.70000000000002,0.0,0.0,169.70000000000002,0.0,21.3,29.200000000000003,29.200000000000003,29.700000000000003,300.0,300.0,31.6,35.6,29.1,28.3,30.200000000000003,4.95,1.99,4.96,0.16,0.0,0.0,1027.0,8228.0,0.0,0.0,0.0,0.0,0.0,1.0,0.0,0.0,0.0,0.0,0.0,-0.7000000000000001,0.0,0.1,0.0,0.0002,16.0,25903.0
2026-07-30T19:01:40.148Z,269.631,269.646,0.0,7.4,0.0,0.0,0.0,0.0,0.0,0.0,0.0,0.0,1.0,0.0,0.0,0.0,9.0,4.0,0.0,0.0,0.0,0.0,0.0,0.0,0.0,0.0,4.0,12.0,1.0,12.17,5.0200000000000005,2.51,1.49,0.0,0.0,0.0,0.5,0.0,-0.2,-0.5,0.9,-169.70000000000002,0.0,0.0,169.70000000000002,0.0,21.3,29.200000000000003,29.200000000000003,29.700000000000003,300.0,300.0,31.6,35.6,29.1,28.3,30.200000000000003,4.95,1.99,4.97,0.16,0.0,0.0,1027.0,8228.0,0.0,0.0,0.0,0.0,0.0,1.0,0.0,0.0,0.0,0.0,0.0,0.1,0.0,-0.9,0.0,0.0,16.0,25903.0
2026-07-30T19:01:40.160Z,269.643,269.658,0.0,7.4,0.0,0.0,0.0,0.0,0.0,0.0,0.0,0.0,1.0,0.0,0.0,0.0,9.0,4.0,0.0,0.0,0.0,0.0,0.0,0.0,0.0,0.0,6.0,12.0,1.0,12.17,5.0200000000000005,2.51,1.49,0.0,0.0,0.0,0.4,0.0,0.3,1.2000000000000002,-0.8,-169.70000000000002,0.0,0.0,169.70000000000002,0.0,21.3,29.200000000000003,29.200000000000003,29.700000000000003,300.0,300.0,31.6,35.6,29.1,28.3,30.200000000000003,4.95,2.0,4.97,0.16,0.0,0.0,1027.0,8228.0,0.0,0.0,0.0,0.0,0.0,1.0,0.0,0.0,0.0,0.0,0.0,0.8,0.0,0.9,0.0,0.0,16.0,25903.0
2026-07-30T19:01:40.172Z,269.655,269.67,0.0,7.4,0.0,0.0,0.0,0.0,0.0,0.0,0.0,0.0,1.0,0.0,0.0,0.0,9.0,4.0,0.0,0.0,0.0,0.0,0.0,0.0,0.0,0.0,1.0,12.0,1.0,12.17,5.0200000000000005,2.51,1.49,0.0,0.0,0.0,0.4,0.0,0.3,-0.5,-0.8,-169.70000000000002,0.0,0.0,169.70000000000002,0.0,21.3,29.200000000000003,29.200000000000003,29.700000000000003,300.0,300.0,31.6,35.6,29.1,28.3,30.200000000000003,4.95,2.0,4.96,0.16,0.0,0.0,1027.0,8228.0,0.0,0.0,0.0,0.0,0.0,1.0,0.0,0.0,0.0,0.0,0.0,-1.2000000000000002,0.0,0.6000000000000001,0.0,0.0,16.0,25903.0
2026-07-30T19:01:40.184Z,269.667,269.682,0.0,7.4,0.0,0.0,0.0,0.0,0.0,0.0,0.0,0.0,1.0,0.0,0.0,0.0,9.0,4.0,0.0,0.0,0.0,0.0,0.0,0.0,0.0,0.0,3.0,12.0,1.0,12.15,5.01,2.51,1.49,0.0,0.0,0.0,0.4,0.0,-0.2,0.0,0.3,-169.70000000000002,0.0,0.0,169.70000000000002,0.0,21.700000000000003,29.200000000000003,29.200000000000003,29.700000000000003,300.0,300.0,31.6,35.6,29.1,28.3,30.200000000000003,4.95,1.99,4.97,0.16,0.0,0.0,1027.0,8228.0,0.0,0.0,0.0,0.0,0.0,1.0,0.0,0.0,0.0,0.0,0.0,0.3,0.0,-0.3,0.0,0.0001,16.0,25903.0
2026-07-30T19:01:40.196Z,269.679,269.694,0.0,7.4,0.0,0.0,0.0,0.0,0.0,0.0,0.0,0.0,1.0,0.0,0.0,0.0,9.0,4.0,0.0,0.0,0.0,0.0,0.0,0.0,0.0,0.0,4.0,12.0,1.0,12.15,5.01,2.51,1.49,0.0,0.0,0.0,0.4,0.0,-0.2,0.0,-0.7000000000000001,-169.70000000000002,0.0,0.0,169.8,0.0,21.700000000000003,29.200000000000003,29.200000000000003,29.700000000000003,300.0,300.0,31.6,35.6,29.1,28.3,30.200000000000003,4.95,1.99,4.97,0.16,0.0,0.0,1027.0,8228.0,0.0,0.0,0.0,0.0,0.0,1.0,0.0,0.0,0.0,0.0,0.0,-0.4,0.0,0.6000000000000001,0.0,0.0,16.0,25903.0
2026-07-30T19:01:40.208Z,269.691,269.706,0.0,7.4,0.0,0.0,0.0,0.0,0.0,0.0,0.0,0.0,1.0,0.0,0.0,0.0,9.0,4.0,0.0,0.0,0.0,0.0,0.0,0.0,0.0,0.0,6.0,12.0,1.0,12.15,5.01,2.51,1.49,0.0,0.0,0.0,0.4,0.0,-0.8,-0.5,-0.2,-169.70000000000002,0.0,0.0,169.60000000000002,0.0,21.700000000000003,29.200000000000003,29.200000000000003,29.700000000000003,300.0,300.0,31.6,35.6,29.1,28.3,30.200000000000003,4.96,1.99,4.97,0.16,0.0,0.0,1027.0,8228.0,0.0,0.0,0.0,0.0,0.0,1.0,0.0,0.0,0.0,0.0,0.0,-0.7000000000000001,0.0,0.0,0.0,0.0001,16.0,25903.0
2026-07-30T19:01:40.220Z,269.703,269.718,0.0,7.4,0.0,0.0,0.0,0.0,0.0,0.0,0.0,0.0,1.0,0.0,0.0,0.0,9.0,4.0,0.0,0.0,0.0,0.0,0.0,0.0,0.0,0.0,1.0,12.0,1.0,12.15,5.01,2.51,1.49,0.0,0.0,0.0,0.4,0.0,-0.2,1.2000000000000002,-0.2,-169.70000000000002,0.0,0.0,169.70000000000002,0.0,21.700000000000003,29.200000000000003,29.200000000000003,29.700000000000003,300.0,300.0,31.6,35.6,29.1,28.3,30.200000000000003,4.95,1.99,4.96,0.16,0.0,0.0,1027.0,8228.0,0.0,0.0,0.0,0.0,0.0,1.0,0.0,0.0,0.0,0.0,0.0,1.2000000000000002,0.0,0.4,0.0,0.0002,16.0,25903.0
2026-07-30T19:01:40.232Z,269.715,269.73,0.0,7.4,0.0,0.0,0.0,0.0,0.0,0.0,0.0,0.0,1.0,0.0,0.0,0.0,9.0,4.0,0.0,0.0,0.0,0.0,0.0,0.0,0.0,0.0,3.0,12.0,1.0,12.15,5.01,2.51,1.49,0.0,0.0,0.0,0.4,0.0,0.3,-1.1,-0.7000000000000001,-169.70000000000002,0.0,0.0,169.60000000000002,0.0,21.700000000000003,29.200000000000003,29.200000000000003,29.700000000000003,300.0,300.0,31.6,35.6,29.1,28.3,30.200000000000003,4.95,1.99,4.97,0.16,0.0,0.0,1027.0,8228.0,0.0,0.0,0.0,0.0,0.0,1.0,0.0,0.0,0.0,0.0,0.0,-1.8,0.0,0.4,0.0,0.0,16.0,25903.0
2026-07-30T19:01:40.244Z,269.727,269.742,0.0,7.4,0.0,0.0,0.0,0.0,0.0,0.0,0.0,0.0,1.0,0.0,0.0,0.0,9.0,4.0,0.0,0.0,0.0,0.0,0.0,0.0,0.0,0.0,4.0,12.0,1.0,12.15,5.01,2.51,1.49,0.0,0.0,0.0,0.4,0.0,0.3,0.0,-0.7000000000000001,-169.70000000000002,0.0,0.0,169.60000000000002,0.0,21.700000000000003,29.200000000000003,29.200000000000003,29.700000000000003,300.0,300.0,31.6,35.6,29.1,28.3,30.200000000000003,4.95,2.0,4.96,0.16,0.0,0.0,1027.0,8228.0,0.0,0.0,0.0,0.0,0.0,1.0,0.0,0.0,0.0,0.0,0.0,-0.5,0.0,0.6000000000000001,0.0,0.0,16.0,25903.0
2026-07-30T19:01:40.256Z,269.739,269.754,0.0,7.4,0.0,0.0,0.0,0.0,0.0,0.0,0.0,0.0,1.0,0.0,0.0,0.0,9.0,4.0,0.0,0.0,0.0,0.0,0.0,0.0,0.0,0.0,6.0,12.0,1.0,12.15,5.01,2.51,1.49,0.0,0.0,0.0,0.4,0.0,0.3,-0.5,-1.3,-169.70000000000002,0.0,0.0,169.60000000000002,0.0,21.700000000000003,29.200000000000003,29.200000000000003,29.700000000000003,300.0,300.0,31.6,35.6,29.1,28.3,30.200000000000003,4.96,1.99,4.96,0.16,0.0,0.0,1027.0,8228.0,0.0,0.0,0.0,0.0,0.0,1.0,0.0,0.0,0.0,0.0,0.0,-1.6,0.0,1.0,0.0,0.0,16.0,25903.0
2026-07-30T19:01:40.268Z,269.751,269.766,0.0,7.4,0.0,0.0,0.0,0.0,0.0,0.0,0.0,0.0,1.0,0.0,0.0,0.0,9.0,4.0,0.0,0.0,0.0,0.0,0.0,0.0,0.0,0.0,1.0,12.0,1.0,12.15,5.01,2.51,1.49,0.0,0.0,0.0,0.4,0.0,0.3,-1.1,-0.2,-169.70000000000002,0.0,0.0,169.70000000000002,0.0,21.700000000000003,29.200000000000003,29.200000000000003,29.700000000000003,300.0,300.0,31.6,35.6,29.1,28.3,30.200000000000003,4.95,1.99,4.97,0.16,0.0,0.0,1027.0,8228.0,0.0,0.0,0.0,0.0,0.0,1.0,0.0,0.0,0.0,0.0,0.0,-1.4,0.0,0.0,0.0,0.0,16.0,25903.0
2026-07-30T19:01:40.282Z,269.765,269.778,0.0,7.4,0.0,0.0,0.0,0.0,0.0,0.0,0.0,0.0,1.0,0.0,0.0,0.0,9.0,4.0,0.0,0.0,0.0,0.0,0.0,0.0,0.0,0.0,2.0,12.0,1.0,12.17,5.01,2.51,1.49,0.0,0.0,0.0,0.4,0.0,-0.8,-1.1,-1.3,-169.70000000000002,0.0,0.0,169.70000000000002,0.0,20.9,29.200000000000003,29.200000000000003,29.700000000000003,300.0,300.0,31.6,35.6,29.1,28.3,30.200000000000003,4.96,1.99,4.97,0.16,0.0,0.0,1027.0,8228.0,0.0,0.0,0.0,0.0,0.0,1.0,0.0,0.0,0.0,0.0,0.0,-2.2,0.0,0.9,0.0,0.0,16.0,25903.0
2026-07-30T19:01:40.292Z,269.775,269.79,0.0,7.4,0.0,0.0,0.0,0.0,0.0,0.0,0.0,0.0,1.0,0.0,0.0,0.0,9.0,4.0,0.0,0.0,0.0,0.0,0.0,0.0,0.0,0.0,4.0,12.0,1.0,12.17,5.01,2.51,1.49,0.0,0.0,0.0,0.4,0.0,-0.3,-0.5,-1.8,-169.70000000000002,0.0,0.0,169.70000000000002,0.0,20.9,29.200000000000003,29.200000000000003,29.700000000000003,300.0,300.0,31.6,35.6,29.1,28.3,30.200000000000003,4.96,2.0,4.96,0.16,0.0,0.0,1027.0,8228.0,0.0,0.0,0.0,0.0,0.0,1.0,0.0,0.0,0.0,0.0,0.0,-2.0,0.0,1.5,0.0,0.0,16.0,25903.0
2026-07-30T19:01:40.305Z,269.788,269.802,0.0,7.4,0.0,0.0,0.0,0.0,0.0,0.0,0.0,0.0,1.0,0.0,0.0,0.0,9.0,4.0,0.0,0.0,0.0,0.0,0.0,0.0,0.0,0.0,5.0,12.0,1.0,12.17,5.01,2.51,1.49,0.0,0.0,0.0,0.4,0.0,-0.3,0.0,-0.1,-169.60000000000002,0.0,0.0,169.60000000000002,0.0,20.9,29.200000000000003,29.200000000000003,29.700000000000003,300.0,300.0,31.6,35.6,29.1,28.3,30.200000000000003,4.95,1.99,4.96,0.16,0.0,0.0,1027.0,8228.0,0.0,0.0,0.0,0.0,0.0,1.0,0.0,0.0,0.0,0.0,0.0,0.0,0.0,0.1,0.0,0.0,16.0,25903.0
2026-07-30T19:01:40.317Z,269.8,269.814,0.0,7.4,0.0,0.0,0.0,0.0,0.0,0.0,0.0,0.0,1.0,0.0,0.0,0.0,9.0,4.0,0.0,0.0,0.0,0.0,0.0,0.0,0.0,0.0,1.0,12.0,1.0,12.17,5.01,2.51,1.49,0.0,0.0,0.0,0.4,0.0,-0.3,0.6000000000000001,1.0,-169.60000000000002,0.0,0.0,169.60000000000002,0.0,20.9,29.200000000000003,29.200000000000003,29.700000000000003,300.0,300.0,31.6,35.6,29.1,28.3,30.200000000000003,4.95,1.99,4.97,0.15,0.0,0.0,1027.0,8228.0,0.0,0.0,0.0,0.0,0.0,1.0,0.0,0.0,0.0,0.0,0.0,1.5,0.0,-0.7000000000000001,0.0,0.0,16.0,25903.0
2026-07-30T19:01:40.328Z,269.811,269.826,0.0,7.4,0.0,0.0,0.0,0.0,0.0,0.0,0.0,0.0,1.0,0.0,0.0,0.0,9.0,4.0,0.0,0.0,0.0,0.0,0.0,0.0,0.0,0.0,2.0,12.0,1.0,12.17,5.01,2.51,1.49,0.0,0.0,0.0,0.5,0.0,0.2,0.0,1.6,-169.60000000000002,0.0,0.0,169.70000000000002,0.0,20.9,29.200000000000003,29.200000000000003,29.700000000000003,300.0,300.0,31.6,35.6,29.1,28.3,30.200000000000003,4.96,1.99,4.96,0.15,0.0,0.0,1027.0,8228.0,0.0,0.0,0.0,0.0,0.0,1.0,0.0,0.0,0.0,0.0,0.0,1.3,0.0,-1.4,0.0,0.0,16.0,25903.0
2026-07-30T19:01:40.341Z,269.824,269.838,0.0,7.4,0.0,0.0,0.0,0.0,0.0,0.0,0.0,0.0,1.0,0.0,0.0,0.0,9.0,4.0,0.0,0.0,0.0,0.0,0.0,0.0,0.0,0.0,3.0,12.0,1.0,12.17,5.01,2.51,1.49,0.0,0.0,0.0,0.5,0.0,-0.3,0.6000000000000001,-0.7000000000000001,-169.60000000000002,0.0,0.0,169.60000000000002,0.0,20.9,29.200000000000003,29.200000000000003,29.700000000000003,300.0,300.0,31.6,35.6,29.1,28.3,30.200000000000003,4.96,1.99,4.97,0.16,0.0,0.0,1027.0,8228.0,0.0,0.0,0.0,0.0,0.0,1.0,0.0,0.0,0.0,0.0,0.0,0.1,0.0,0.7000000000000001,0.0,0.0,16.0,25903.0
2026-07-30T19:01:40.352Z,269.835,269.85,0.0,7.4,0.0,0.0,0.0,0.0,0.0,0.0,0.0,0.0,1.0,0.0,0.0,0.0,9.0,4.0,0.0,0.0,0.0,0.0,0.0,0.0,0.0,0.0,5.0,12.0,1.0,12.17,5.01,2.51,1.49,0.0,0.0,0.0,0.4,0.0,-0.3,-0.4,-0.7000000000000001,-169.60000000000002,0.0,0.0,169.60000000000002,0.0,20.9,29.200000000000003,29.200000000000003,29.700000000000003,300.0,300.0,31.6,35.6,29.1,28.3,30.200000000000003,4.95,1.99,4.97,0.16,0.0,0.0,1027.0,8228.0,0.0,0.0,0.0,0.0,0.0,1.0,0.0,0.0,0.0,0.0,0.0,-1.1,0.0,0.5,0.0,0.0,16.0,25903.0
2026-07-30T19:01:40.365Z,269.848,269.862,0.0,7.4,0.0,0.0,0.0,0.0,0.0,0.0,0.0,0.0,1.0,0.0,0.0,0.0,9.0,4.0,0.0,0.0,0.0,0.0,0.0,0.0,0.0,0.0,6.0,12.0,1.0,12.17,5.01,2.51,1.49,0.0,0.0,0.0,0.5,0.0,0.3,0.1,1.0,-169.60000000000002,0.0,0.0,169.70000000000002,0.0,20.9,29.200000000000003,29.200000000000003,29.700000000000003,300.0,300.0,31.6,35.6,29.1,28.3,30.200000000000003,4.96,1.99,4.97,0.16,0.0,0.0,1027.0,8228.0,0.0,0.0,0.0,0.0,0.0,1.0,0.0,0.0,0.0,0.0,0.0,0.9,0.0,-0.9,0.0,0.0,16.0,25903.0
2026-07-30T19:01:40.377Z,269.86,269.874,0.0,7.4,0.0,0.0,0.0,0.0,0.0,0.0,0.0,0.0,1.0,0.0,0.0,0.0,9.0,4.0,0.0,0.0,0.0,0.0,0.0,0.0,0.0,0.0,6.0,12.0,1.0,12.17,5.01,2.51,1.49,0.0,0.0,0.0,0.4,0.0,-0.2,-0.4,1.0,-169.60000000000002,0.0,0.0,169.70000000000002,0.0,20.9,29.200000000000003,29.200000000000003,29.700000000000003,300.0,300.0,31.6,35.6,29.1,28.3,30.200000000000003,4.96,2.0,4.96,0.16,0.0,0.0,1027.0,8228.0,0.0,0.0,0.0,0.0,0.0,1.0,0.0,0.0,0.0,0.0,0.0,0.2,0.0,-1.0,0.0,0.0,16.0,25903.0
2026-07-30T19:01:40.389Z,269.872,269.886,0.0,7.4,0.0,0.0,0.0,0.0,0.0,0.0,0.0,0.0,1.0,0.0,0.0,0.0,9.0,4.0,0.0,0.0,0.0,0.0,0.0,0.0,0.0,0.0,1.0,12.0,1.0,12.15,5.01,2.51,1.49,0.0,0.0,0.0,0.5,0.0,0.8,0.6000000000000001,1.6,-169.60000000000002,0.0,0.0,169.60000000000002,0.0,21.8,29.200000000000003,29.200000000000003,29.700000000000003,300.0,300.0,31.6,35.6,29.1,28.3,30.200000000000003,4.96,1.99,4.97,0.16,0.0,0.0,1027.0,8228.0,0.0,0.0,0.0,0.0,0.0,1.0,0.0,0.0,0.0,0.0,0.0,2.0,0.0,-1.3,0.0,0.0,16.0,25903.0
2026-07-30T19:01:40.400Z,269.883,269.898,0.0,7.4,0.0,0.0,0.0,0.0,0.0,0.0,0.0,0.0,1.0,0.0,0.0,0.0,9.0,4.0,0.0,0.0,0.0,0.0,0.0,0.0,0.0,0.0,1.0,12.0,1.0,12.15,5.01,2.51,1.49,0.0,0.0,0.0,0.4,0.0,0.2,0.7000000000000001,-1.2000000000000002,-169.60000000000002,0.0,0.0,169.60000000000002,0.0,21.8,29.200000000000003,29.200000000000003,29.700000000000003,300.0,300.0,31.6,35.6,29.1,28.3,30.200000000000003,4.95,1.99,4.97,0.16,0.0,0.0,1027.0,8228.0,0.0,0.0,0.0,0.0,0.0,1.0,0.0,0.0,0.0,0.0,0.0,-0.1,0.0,1.2000000000000002,0.0,0.0,16.0,25903.0
2026-07-30T19:01:40.412Z,269.895,269.91,0.0,7.4,0.0,0.0,0.0,0.0,0.0,0.0,0.0,0.0,1.0,0.0,0.0,0.0,9.0,4.0,0.0,0.0,0.0,0.0,0.0,0.0,0.0,0.0,3.0,12.0,1.0,12.15,5.01,2.51,1.49,0.0,0.0,0.0,0.4,0.0,-0.2,-1.5,-1.8,-169.60000000000002,0.0,0.0,169.60000000000002,0.0,21.8,29.200000000000003,29.200000000000003,29.700000000000003,300.0,300.0,31.6,35.6,29.1,28.3,30.200000000000003,4.96,1.99,4.97,0.16,0.0,0.0,1027.0,8228.0,0.0,0.0,0.0,0.0,0.0,1.0,0.0,0.0,0.0,0.0,0.0,-3.1,0.0,1.2000000000000002,0.0,0.0,16.0,25903.0
2026-07-30T19:01:40.425Z,269.908,269.922,0.0,7.4,0.0,0.0,0.0,0.0,0.0,0.0,0.0,0.0,1.0,0.0,0.0,0.0,9.0,4.0,0.0,0.0,0.0,0.0,0.0,0.0,0.0,0.0,4.0,12.0,1.0,12.15,5.01,2.51,1.49,0.0,0.0,0.0,0.4,0.0,0.8,-0.4,0.5,-169.60000000000002,0.0,0.0,169.60000000000002,0.0,21.8,29.200000000000003,29.200000000000003,29.700000000000003,300.0,300.0,31.6,35.6,29.1,28.3,30.200000000000003,4.95,1.99,4.97,0.16,0.0,0.0,1027.0,8228.0,0.0,0.0,0.0,0.0,0.0,1.0,0.0,0.0,0.0,0.0,0.0,0.0,0.0,-0.5,0.0,0.0,16.0,25903.0
2026-07-30T19:01:40.436Z,269.919,269.934,0.0,7.4,0.0,0.0,0.0,0.0,0.0,0.0,0.0,0.0,1.0,0.0,0.0,0.0,9.0,4.0,0.0,0.0,0.0,0.0,0.0,0.0,0.0,0.0,5.0,12.0,1.0,12.15,5.01,2.51,1.49,0.0,0.0,0.0,0.4,0.0,0.8,0.1,1.1,-169.60000000000002,0.0,0.0,169.70000000000002,0.0,21.8,29.200000000000003,29.200000000000003,29.700000000000003,300.0,300.0,31.6,35.6,29.1,28.3,30.200000000000003,4.95,1.99,4.97,0.16,0.0,0.0,1027.0,8228.0,0.0,0.0,0.0,0.0,0.0,1.0,0.0,0.0,0.0,0.0,0.0,1.0,0.0,-0.9,0.0,0.0,16.0,25903.0
2026-07-30T19:01:40.448Z,269.931,269.946,0.0,7.4,0.0,0.0,0.0,0.0,0.0,0.0,0.0,0.0,1.0,0.0,0.0,0.0,9.0,4.0,0.0,0.0,0.0,0.0,0.0,0.0,0.0,0.0,6.0,12.0,1.0,12.15,5.01,2.51,1.49,0.0,0.0,0.0,0.4,0.0,0.8,0.7000000000000001,0.5,-169.60000000000002,0.0,0.0,169.60000000000002,0.0,21.8,29.200000000000003,29.200000000000003,29.700000000000003,300.0,300.0,31.6,35.6,29.1,28.3,30.200000000000003,4.95,1.99,4.97,0.16,0.0,0.0,1027.0,8228.0,0.0,0.0,0.0,0.0,0.0,1.0,0.0,0.0,0.0,0.0,0.0,1.2000000000000002,0.0,-0.3,0.0,0.0001,16.0,25903.0
2026-07-30T19:01:40.461Z,269.944,269.958,0.0,7.4,0.0,0.0,0.0,0.0,0.0,0.0,0.0,0.0,1.0,0.0,0.0,0.0,9.0,4.0,0.0,0.0,0.0,0.0,0.0,0.0,0.0,0.0,1.0,12.0,1.0,12.15,5.01,2.51,1.49,0.0,0.0,0.0,0.4,0.0,-0.3,-0.4,-0.6000000000000001,-169.60000000000002,0.0,0.0,169.70000000000002,0.0,21.8,29.200000000000003,29.200000000000003,29.700000000000003,300.0,300.0,31.6,35.6,29.1,28.3,30.200000000000003,4.96,1.99,4.97,0.16,0.0,0.0,1027.0,8228.0,0.0,0.0,0.0,0.0,0.0,1.0,0.0,0.0,0.0,0.0,0.0,2.0,0.0,-1.3,0.0,0.0001,16.0,25903.0
2026-07-30T19:01:40.472Z,269.955,269.97,0.0,7.4,0.0,0.0,0.0,0.0,0.0,0.0,0.0,0.0,1.0,0.0,0.0,0.0,9.0,4.0,0.0,0.0,0.0,0.0,0.0,0.0,0.0,0.0,2.0,12.0,1.0,12.15,5.01,2.51,1.49,0.0,0.1,0.0,0.4,0.0,0.8,0.6000000000000001,1.1,-169.60000000000002,0.0,0.0,169.70000000000002,0.0,21.8,29.200000000000003,29.200000000000003,29.700000000000003,300.0,300.0,31.6,35.6,29.1,28.3,30.200000000000003,4.96,1.99,4.96,0.16,0.0,0.0,1027.0,8228.0,0.0,0.0,0.0,0.0,0.0,1.0,0.0,0.0,0.0,0.0,0.0,1.6,0.0,-0.8,0.0,0.0001,16.0,25903.0
2026-07-30T19:01:40.486Z,269.969,269.982,0.0,7.4,0.0,0.0,0.0,0.0,0.0,0.0,0.0,0.0,1.0,0.0,0.0,0.0,9.0,4.0,0.0,0.0,0.0,0.0,0.0,0.0,0.0,0.0,3.0,12.0,1.0,12.18,5.01,2.5,1.49,0.0,0.0,0.0,0.4,0.0,0.2,0.0,1.6,-169.60000000000002,0.0,0.0,169.70000000000002,0.0,21.700000000000003,29.200000000000003,29.200000000000003,29.700000000000003,300.0,300.0,31.6,35.7,29.1,28.3,30.200000000000003,4.96,1.99,4.97,0.16,0.0,0.0,1027.0,8228.0,0.0,0.0,0.0,0.0,0.0,1.0,0.0,0.0,0.0,0.0,0.0,1.3,0.0,-1.4,0.0,0.0,16.0,25903.0
2026-07-30T19:01:40.497Z,269.98,269.994,0.0,7.4,0.0,0.0,0.0,0.0,0.0,0.0,0.0,0.0,1.0,0.0,0.0,0.0,9.0,4.0,0.0,0.0,0.0,0.0,0.0,0.0,0.0,0.0,4.0,12.0,1.0,12.18,5.01,2.5,1.49,0.0,0.0,0.0,0.4,0.0,0.2,1.2000000000000002,0.4,-169.60000000000002,0.0,0.0,169.60000000000002,0.0,21.700000000000003,29.200000000000003,29.200000000000003,29.700000000000003,300.0,300.0,31.6,35.7,29.1,28.3,30.200000000000003,4.96,1.99,4.97,0.16,0.0,0.0,1027.0,8228.0,0.0,0.0,0.0,0.0,0.0,1.0,0.0,0.0,0.0,0.0,0.0,1.3,0.0,-1.4,0.0,0.0001,16.0,25903.0
2026-07-30T19:01:40.509Z,269.992,270.00600000000003,0.0,7.4,0.0,0.0,0.0,0.0,0.0,0.0,0.0,0.0,1.0,0.0,0.0,0.0,9.0,4.0,0.0,0.0,0.0,0.0,0.0,0.0,0.0,0.0,6.0,12.0,1.0,12.18,5.01,2.5,1.49,0.0,0.1,0.0,0.4,0.0,-0.8,-1.0,0.0,-169.60000000000002,0.0,0.0,169.60000000000002,0.0,21.700000000000003,29.200000000000003,29.200000000000003,29.700000000000003,300.0,300.0,31.6,35.7,29.1,28.3,30.200000000000003,4.95,1.99,4.96,0.16,0.0,0.0,1027.0,8228.0,0.0,0.0,0.0,0.0,0.0,1.0,0.0,0.0,0.0,0.0,0.0,0.9,0.0,-0.9,0.0,0.0,16.0,25903.0
2026-07-30T19:01:40.520Z,270.003,270.01800000000003,0.0,7.4,0.0,0.0,0.0,0.0,0.0,0.0,0.0,0.0,1.0,0.0,0.0,0.0,9.0,4.0,0.0,0.0,0.0,0.0,0.0,0.0,0.0,0.0,1.0,12.0,1.0,12.18,5.01,2.5,1.49,0.0,0.1,0.0,0.4,0.0,0.3,-1.0,0.0,-169.60000000000002,0.0,0.0,169.60000000000002,0.0,21.700000000000003,29.200000000000003,29.200000000000003,29.700000000000003,300.0,300.0,31.6,35.7,29.1,28.3,30.200000000000003,4.96,1.99,4.96,0.16,0.0,0.0,1027.0,8228.0,0.0,0.0,0.0,0.0,0.0,1.0,0.0,0.0,0.0,0.0,0.0,-1.0,0.0,0.4,0.0,0.0,16.0,25903.0
2026-07-30T19:01:40.533Z,270.016,270.03000000000003,0.0,7.4,0.0,0.0,0.0,0.0,0.0,0.0,0.0,0.0,1.0,0.0,0.0,0.0,9.0,4.0,0.0,0.0,0.0,0.0,0.0,0.0,0.0,0.0,2.0,12.0,1.0,12.18,5.01,2.5,1.49,0.0,0.0,0.0,0.4,0.0,-0.8,0.1,-1.2000000000000002,-169.60000000000002,0.0,0.0,169.60000000000002,0.0,21.700000000000003,29.200000000000003,29.200000000000003,29.700000000000003,300.0,300.0,31.6,35.7,29.1,28.3,30.200000000000003,4.96,1.99,4.96,0.16,0.0,0.0,1027.0,8228.0,0.0,0.0,0.0,0.0,0.0,1.0,0.0,0.0,0.0,0.0,0.0,-0.7000000000000001,0.0,1.0,0.0,0.0,16.0,25903.0
2026-07-30T19:01:40.544Z,270.027,270.04200000000003,0.0,7.4,0.0,0.0,0.0,0.0,0.0,0.0,0.0,0.0,1.0,0.0,0.0,0.0,9.0,4.0,0.0,0.0,0.0,0.0,0.0,0.0,0.0,0.0,3.0,12.0,1.0,12.18,5.01,2.5,1.49,0.0,0.1,0.0,0.5,0.0,0.9,0.1,0.5,-169.60000000000002,0.0,0.0,169.70000000000002,0.0,21.700000000000003,29.200000000000003,29.200000000000003,29.700000000000003,300.0,300.0,31.6,35.7,29.1,28.3,30.200000000000003,4.95,1.99,4.96,0.16,0.0,0.0,1027.0,8228.0,0.0,0.0,0.0,0.0,0.0,1.0,0.0,0.0,0.0,0.0,0.0,0.6000000000000001,0.0,-0.4,0.0,0.0,16.0,25903.0
2026-07-30T19:01:40.556Z,270.039,270.05400000000003,0.0,7.4,0.0,0.0,0.0,0.0,0.0,0.0,0.0,0.0,1.0,0.0,0.0,0.0,9.0,4.0,0.0,0.0,0.0,0.0,0.0,0.0,0.0,0.0,4.0,12.0,1.0,12.18,5.01,2.5,1.49,0.0,0.0,0.0,0.4,0.0,-0.2,0.1,0.0,-169.60000000000002,0.0,0.0,169.70000000000002,0.0,21.700000000000003,29.200000000000003,29.200000000000003,29.700000000000003,300.0,300.0,31.6,35.7,29.1,28.3,30.200000000000003,4.95,1.99,4.97,0.16,0.0,0.0,1027.0,8228.0,0.0,0.0,0.0,0.0,0.0,1.0,0.0,0.0,0.0,0.0,0.0,0.1,0.0,0.0,0.0,0.0,16.0,25903.0
2026-07-30T19:01:40.568Z,270.051,270.06600000000003,0.0,7.4,0.0,0.0,0.0,0.0,0.0,0.0,0.0,0.0,1.0,0.0,0.0,0.0,9.0,4.0,0.0,0.0,0.0,0.0,0.0,0.0,0.0,0.0,5.0,12.0,1.0,12.18,5.01,2.5,1.49,0.0,0.0,0.0,0.4,0.0,0.3,-0.4,1.1,-169.60000000000002,0.0,0.0,169.60000000000002,0.0,21.700000000000003,29.200000000000003,29.200000000000003,29.700000000000003,300.0,300.0,31.6,35.7,29.1,28.3,30.200000000000003,4.96,1.99,4.96,0.16,0.0,0.0,1027.0,8228.0,0.0,0.0,0.0,0.0,0.0,1.0,0.0,0.0,0.0,0.0,0.0,0.3,0.0,-1.0,0.0,0.0,16.0,25903.0
2026-07-30T19:01:40.581Z,270.064,270.07800000000003,0.0,7.4,0.0,0.0,0.0,0.0,0.0,0.0,0.0,0.0,1.0,0.0,0.0,0.0,9.0,4.0,0.0,0.0,0.0,0.0,0.0,0.0,0.0,0.0,6.0,12.0,1.0,12.18,5.01,2.5,1.49,0.0,0.0,0.0,0.4,0.0,-0.8,0.7000000000000001,0.5,-169.60000000000002,0.0,0.0,169.60000000000002,0.0,21.700000000000003,29.200000000000003,29.200000000000003,29.700000000000003,300.0,300.0,31.6,35.7,29.1,28.3,30.200000000000003,4.96,1.99,4.97,0.16,0.0,0.0,1027.0,8228.0,0.0,0.0,0.0,0.0,0.0,1.0,0.0,0.0,0.0,0.0,0.0,1.2000000000000002,0.0,-0.3,0.0,0.0,16.0,25903.0
2026-07-30T19:01:40.593Z,270.076,270.09000000000003,0.0,7.4,0.0,0.0,0.0,0.0,0.0,0.0,0.0,0.0,1.0,0.0,0.0,0.0,9.0,4.0,0.0,0.0,0.0,0.0,0.0,0.0,0.0,0.0,1.0,12.0,1.0,12.17,5.01,2.51,1.5,0.0,0.1,0.0,0.4,0.0,0.3,0.1,-1.2000000000000002,-169.60000000000002,0.0,0.0,169.60000000000002,0.0,21.3,29.200000000000003,29.200000000000003,29.700000000000003,300.0,300.0,31.8,35.7,29.1,28.3,30.200000000000003,4.95,1.99,4.97,0.16,0.0,0.0,1027.0,8228.0,0.0,0.0,0.0,0.0,0.0,1.0,0.0,0.0,0.0,0.0,0.0,-0.7000000000000001,0.0,1.1,0.0,0.0,16.0,25903.0
2026-07-30T19:01:40.605Z,270.088,270.10200000000003,0.0,7.4,0.0,0.0,0.0,0.0,0.0,0.0,0.0,0.0,1.0,0.0,0.0,0.0,9.0,4.0,0.0,0.0,0.0,0.0,0.0,0.0,0.0,0.0,3.0,12.0,1.0,12.17,5.01,2.51,1.5,0.0,0.0,0.0,0.4,0.0,0.3,-0.4,-0.6000000000000001,-169.60000000000002,0.0,0.0,169.60000000000002,0.0,21.3,29.200000000000003,29.200000000000003,29.700000000000003,300.0,300.0,31.8,35.7,29.1,28.3,30.200000000000003,4.96,1.99,4.96,0.16,0.0,0.0,1027.0,8228.0,0.0,0.0,0.0,0.0,0.0,1.0,0.0,0.0,0.0,0.0,0.0,-0.9,0.0,0.4,0.0,0.0,16.0,25903.0
2026-07-30T19:01:40.616Z,270.099,270.11400000000003,0.0,7.4,0.0,0.0,0.0,0.0,0.0,0.0,0.0,0.0,1.0,0.0,0.0,0.0,9.0,4.0,0.0,0.0,0.0,0.0,0.0,0.0,0.0,0.0,4.0,12.0,1.0,12.17,5.01,2.51,1.5,0.0,0.0,0.0,0.4,0.0,0.3,0.7000000000000001,0.5,-169.60000000000002,0.0,0.0,169.60000000000002,0.0,21.3,29.200000000000003,29.200000000000003,29.700000000000003,300.0,300.0,31.8,35.7,29.1,28.3,30.200000000000003,4.95,1.99,4.97,0.16,0.0,0.0,1027.0,8228.0,0.0,0.0,0.0,0.0,0.0,1.0,0.0,0.0,0.0,0.0,0.0,1.1,0.0,-0.3,0.0,0.0,16.0,25903.0
2026-07-30T19:01:40.629Z,270.112,270.12600000000003,0.0,7.4,0.0,0.0,0.0,0.0,0.0,0.0,0.0,0.0,1.0,0.0,0.0,0.0,9.0,4.0,0.0,0.0,0.0,0.0,0.0,0.0,0.0,0.0,5.0,12.0,1.0,12.17,5.01,2.51,1.5,0.0,0.0,0.0,0.4,0.0,-0.8,0.0,-0.6000000000000001,-169.60000000000002,0.0,0.0,169.60000000000002,0.0,21.3,29.200000000000003,29.200000000000003,29.700000000000003,300.0,300.0,31.8,35.7,29.1,28.3,30.200000000000003,4.95,1.99,4.96,0.16,0.0,0.0,1027.0,8228.0,0.0,0.0,0.0,0.0,0.0,1.0,0.0,0.0,0.0,0.0,0.0,-0.3,0.0,0.5,0.0,0.0,16.0,25903.0
2026-07-30T19:01:40.641Z,270.124,270.13800000000003,0.0,7.4,0.0,0.0,0.0,0.0,0.0,0.0,0.0,0.0,1.0,0.0,0.0,0.0,9.0,4.0,0.0,0.0,0.0,0.0,0.0,0.0,0.0,0.0,6.0,12.0,1.0,12.17,5.01,2.51,1.5,0.0,0.0,0.0,0.4,0.0,0.9,1.9,1.1,-169.60000000000002,0.0,0.0,169.70000000000002,0.0,21.3,29.200000000000003,29.200000000000003,29.700000000000003,300.0,300.0,31.8,35.7,29.1,28.3,30.200000000000003,4.96,1.99,4.96,0.16,0.0,0.0,1027.0,8228.0,0.0,0.0,0.0,0.0,0.0,1.0,0.0,0.0,0.0,0.0,0.0,3.0,0.0,-0.5,0.0,0.0,16.0,25903.0
2026-07-30T19:01:40.653Z,270.136,270.15,0.0,7.4,0.0,0.0,0.0,0.0,0.0,0.0,0.0,0.0,1.0,0.0,0.0,0.0,9.0,4.0,0.0,0.0,0.0,0.0,0.0,0.0,0.0,0.0,1.0,12.0,1.0,12.17,5.01,2.51,1.5,0.0,0.0,0.0,0.4,0.0,0.3,0.7000000000000001,-1.2000000000000002,-169.60000000000002,0.0,0.0,169.70000000000002,0.0,21.3,29.200000000000003,29.200000000000003,29.700000000000003,300.0,300.0,31.8,35.7,29.1,28.3,30.200000000000003,4.96,1.99,4.96,0.16,0.0,0.0,1027.0,8228.0,0.0,0.0,0.0,0.0,0.0,1.0,0.0,0.0,0.0,0.0,0.0,0.0,0.0,1.2000000000000002,0.0,0.0,16.0,25903.0
2026-07-30T19:01:40.664Z,270.147,270.162,0.0,7.4,0.0,0.0,0.0,0.0,0.0,0.0,0.0,0.0,1.0,0.0,0.0,0.0,9.0,4.0,0.0,0.0,0.0,0.0,0.0,0.0,0.0,0.0,3.0,12.0,1.0,12.17,5.01,2.51,1.5,0.0,0.0,0.0,0.4,0.0,-0.2,0.1,-1.2000000000000002,-169.60000000000002,0.0,0.0,169.70000000000002,0.0,21.3,29.200000000000003,29.200000000000003,29.700000000000003,300.0,300.0,31.8,35.7,29.1,28.3,30.200000000000003,4.95,1.99,4.97,0.16,0.0,0.0,1027.0,8228.0,0.0,0.0,0.0,0.0,0.0,1.0,0.0,0.0,0.0,0.0,0.0,-0.7000000000000001,0.0,1.1,0.0,0.0001,16.0,25903.0
2026-07-30T19:01:40.676Z,270.159,270.174,0.0,7.4,0.0,0.0,0.0,0.0,0.0,0.0,0.0,0.0,1.0,0.0,0.0,0.0,9.0,4.0,0.0,0.0,0.0,0.0,0.0,0.0,0.0,0.0,4.0,12.0,1.0,12.17,5.01,2.51,1.5,0.0,0.1,0.0,0.4,0.0,0.3,0.7000000000000001,0.5,-169.60000000000002,0.0,0.0,169.60000000000002,0.0,21.3,29.200000000000003,29.200000000000003,29.700000000000003,300.0,300.0,31.8,35.7,29.1,28.3,30.200000000000003,4.95,2.0,4.96,0.16,0.0,0.0,1027.0,8228.0,0.0,0.0,0.0,0.0,0.0,1.0,0.0,0.0,0.0,0.0,0.0,1.2000000000000002,0.0,-0.3,0.0,0.0,16.0,25903.0
2026-07-30T19:01:40.694Z,270.177,270.186,0.0,7.4,0.0,0.0,0.0,0.0,0.0,0.0,0.0,0.0,1.0,0.0,0.0,0.0,9.0,4.0,0.0,0.0,0.0,0.0,0.0,0.0,0.0,0.0,5.0,12.0,1.0,12.15,5.01,2.51,1.49,0.0,0.0,0.0,0.4,0.0,0.3,1.8,0.5,-169.60000000000002,0.0,0.0,169.60000000000002,0.0,21.700000000000003,29.200000000000003,29.200000000000003,29.700000000000003,300.0,300.0,31.6,35.6,29.1,28.3,30.200000000000003,4.96,1.99,4.96,0.16,0.0,0.0,1027.0,8228.0,0.0,0.0,0.0,0.0,0.0,1.0,0.0,0.0,0.0,0.0,0.0,2.5,0.0,0.0,0.0,0.0,16.0,25903.0
2026-07-30T19:01:40.700Z,270.183,270.198,0.0,7.4,0.0,0.0,0.0,0.0,0.0,0.0,0.0,0.0,1.0,0.0,0.0,0.0,9.0,4.0,0.0,0.0,0.0,0.0,0.0,0.0,0.0,0.0,3.0,12.0,1.0,12.15,5.01,2.51,1.49,0.0,0.0,0.0,0.5,0.0,-0.2,0.1,0.4,-169.60000000000002,0.0,0.0,169.60000000000002,0.0,21.700000000000003,29.200000000000003,29.200000000000003,29.700000000000003,300.0,300.0,31.6,35.6,29.1,28.3,30.200000000000003,4.96,1.99,4.96,0.16,0.0,0.0,1027.0,8228.0,0.0,0.0,0.0,0.0,0.0,1.0,0.0,0.0,0.0,0.0,0.0,0.5,0.0,-0.3,0.0,0.0,16.0,25903.0
2026-07-30T19:01:40.712Z,270.195,270.21,0.0,7.4,0.0,0.0,0.0,0.0,0.0,0.0,0.0,0.0,1.0,0.0,0.0,0.0,9.0,4.0,0.0,0.0,0.0,0.0,0.0,0.0,0.0,0.0,4.0,12.0,1.0,12.15,5.01,2.51,1.49,0.0,0.0,0.0,0.4,0.0,-0.2,0.1,1.0,-169.60000000000002,0.0,0.0,169.70000000000002,0.0,21.700000000000003,29.200000000000003,29.200000000000003,29.700000000000003,300.0,300.0,31.6,35.6,29.1,28.3,30.200000000000003,4.95,1.99,4.97,0.16,0.0,0.0,1027.0,8228.0,0.0,0.0,0.0,0.0,0.0,1.0,0.0,0.0,0.0,0.0,0.0,0.9,0.0,-0.8,0.0,0.0,16.0,25903.0
2026-07-30T19:01:40.724Z,270.207,270.222,0.0,7.4,0.0,0.0,0.0,0.0,0.0,0.0,0.0,0.0,1.0,0.0,0.0,0.0,9.0,4.0,0.0,0.0,0.0,0.0,0.0,0.0,0.0,0.0,5.0,12.0,1.0,12.15,5.01,2.51,1.49,0.0,0.0,0.0,0.4,0.0,0.9,0.7000000000000001,1.0,-169.60000000000002,0.0,0.0,169.60000000000002,0.0,21.700000000000003,29.200000000000003,29.200000000000003,29.700000000000003,300.0,300.0,31.6,35.6,29.1,28.3,30.200000000000003,4.95,1.99,4.96,0.17,0.0,0.0,1027.0,8228.0,0.0,0.0,0.0,0.0,0.0,1.0,0.0,0.0,0.0,0.0,0.0,1.6,0.0,-0.7000000000000001,0.0,0.0,16.0,25903.0
2026-07-30T19:01:40.737Z,270.22,270.234,0.0,7.4,0.0,0.0,0.0,0.0,0.0,0.0,0.0,0.0,1.0,0.0,0.0,0.0,9.0,4.0,0.0,0.0,0.0,0.0,0.0,0.0,0.0,0.0,5.0,12.0,1.0,12.15,5.01,2.51,1.49,0.0,0.0,0.0,0.4,0.0,0.3,-0.3,0.4,-169.60000000000002,0.0,0.0,169.60000000000002,0.0,21.700000000000003,29.200000000000003,29.200000000000003,29.700000000000003,300.0,300.0,31.6,35.6,29.1,28.3,30.200000000000003,4.96,1.99,4.96,0.16,0.0,0.0,1027.0,8228.0,0.0,0.0,0.0,0.0,0.0,1.0,0.0,0.0,0.0,0.0,0.0,0.0,0.0,-0.5,0.0,0.0,16.0,25903.0
2026-07-30T19:01:40.749Z,270.232,270.246,0.0,7.4,0.0,0.0,0.0,0.0,0.0,0.0,0.0,0.0,1.0,0.0,0.0,0.0,9.0,4.0,0.0,0.0,0.0,0.0,0.0,0.0,0.0,0.0,6.0,12.0,1.0,12.15,5.01,2.51,1.49,0.0,0.0,0.0,0.4,0.0,-0.8,-0.3,-0.6000000000000001,-169.60000000000002,0.0,0.0,169.60000000000002,0.0,21.700000000000003,29.200000000000003,29.200000000000003,29.700000000000003,300.0,300.0,31.6,35.6,29.1,28.3,30.200000000000003,4.95,1.99,4.97,0.16,0.0,0.0,1027.0,8228.0,0.0,0.0,0.0,0.0,0.0,1.0,0.0,0.0,0.0,0.0,0.0,-0.9,0.0,0.5,0.0,0.0,16.0,25903.0
2026-07-30T19:01:40.761Z,270.244,270.258,0.0,7.4,0.0,0.0,0.0,0.0,0.0,0.0,0.0,0.0,1.0,0.0,0.0,0.0,9.0,4.0,0.0,0.0,0.0,0.0,0.0,0.0,0.0,0.0,1.0,12.0,1.0,12.15,5.01,2.51,1.49,0.0,0.0,0.0,0.4,0.0,-0.2,-0.9,0.0,-169.60000000000002,0.0,0.0,169.60000000000002,0.0,21.700000000000003,29.200000000000003,29.200000000000003,29.700000000000003,300.0,300.0,31.6,35.6,29.1,28.3,30.200000000000003,4.96,1.99,4.97,0.16,0.0,0.0,1027.0,8228.0,0.0,0.0,0.0,0.0,0.0,1.0,0.0,0.0,0.0,0.0,0.0,-1.2000000000000002,0.0,-0.1,0.0,0.0,16.0,25903.0
2026-07-30T19:01:40.772Z,270.255,270.27,0.0,7.4,0.0,0.0,0.0,0.0,0.0,0.0,0.0,0.0,1.0,0.0,0.0,0.0,9.0,4.0,0.0,0.0,0.0,0.0,0.0,0.0,0.0,0.0,3.0,12.0,1.0,12.15,5.01,2.51,1.49,0.0,0.0,0.0,0.4,0.0,0.9,0.1,-0.6000000000000001,-169.60000000000002,0.0,0.0,169.60000000000002,0.0,21.700000000000003,29.200000000000003,29.200000000000003,29.700000000000003,300.0,300.0,31.6,35.6,29.1,28.3,30.200000000000003,4.96,1.99,4.97,0.16,0.0,0.0,1027.0,8228.0,0.0,0.0,0.0,0.0,0.0,1.0,0.0,0.0,0.0,0.0,0.0,-0.2,0.0,0.5,0.0,0.0,16.0,25903.0
2026-07-30T19:01:40.785Z,270.268,270.282,0.0,7.4,0.0,0.0,0.0,0.0,0.0,0.0,0.0,0.0,1.0,0.0,0.0,0.0,9.0,4.0,0.0,0.0,0.0,0.0,0.0,0.0,0.0,0.0,4.0,12.0,1.0,12.15,5.01,2.51,1.49,0.0,0.0,0.0,0.4,0.0,0.3,0.7000000000000001,0.4,-169.60000000000002,0.0,0.0,169.60000000000002,0.0,21.700000000000003,29.200000000000003,29.200000000000003,29.700000000000003,300.0,300.0,31.6,35.6,29.1,28.3,30.200000000000003,4.96,1.99,4.97,0.16,0.0,0.0,1027.0,8228.0,0.0,0.0,0.0,0.0,0.0,1.0,0.0,0.0,0.0,0.0,0.0,1.1,0.0,-0.2,0.0,0.0,16.0,25903.0
2026-07-30T19:01:40.797Z,270.28,270.294,0.0,7.4,0.0,0.0,0.0,0.0,0.0,0.0,0.0,0.0,1.0,0.0,0.0,0.0,9.0,4.0,0.0,0.0,0.0,0.0,0.0,0.0,0.0,0.0,6.0,12.0,1.0,12.18,5.01,2.51,1.49,0.0,0.0,0.0,0.4,0.0,-0.2,0.7000000000000001,1.6,-169.60000000000002,0.0,0.0,169.70000000000002,0.0,21.3,29.200000000000003,29.200000000000003,29.700000000000003,300.0,300.0,31.6,35.6,29.1,28.3,30.200000000000003,4.95,1.99,4.97,0.16,0.0,0.0,1027.0,8228.0,0.0,0.0,0.0,0.0,0.0,1.0,0.0,0.0,0.0,0.0,0.0,2.0,0.0,-1.3,0.0,0.0,16.0,25903.0
2026-07-30T19:01:40.809Z,270.292,270.306,0.0,7.4,0.0,0.0,0.0,0.0,0.0,0.0,0.0,0.0,1.0,0.0,0.0,0.0,9.0,4.0,0.0,0.0,0.0,0.0,0.0,0.0,0.0,0.0,6.0,12.0,1.0,12.18,5.01,2.51,1.49,0.0,0.0,0.0,0.4,0.0,0.3,-1.0,0.4,-169.60000000000002,0.0,0.0,169.70000000000002,0.0,21.3,29.200000000000003,29.200000000000003,29.700000000000003,300.0,300.0,31.6,35.6,29.1,28.3,30.200000000000003,4.96,1.99,4.96,0.16,0.0,0.0,1027.0,8228.0,0.0,0.0,0.0,0.0,0.0,1.0,0.0,0.0,0.0,0.0,0.0,-0.8,0.0,-0.6000000000000001,0.0,0.0,16.0,25903.0
2026-07-30T19:01:40.821Z,270.304,270.318,0.0,7.4,0.0,0.0,0.0,0.0,0.0,0.0,0.0,0.0,1.0,0.0,0.0,0.0,9.0,4.0,0.0,0.0,0.0,0.0,0.0,0.0,0.0,0.0,2.0,12.0,1.0,12.18,5.01,2.51,1.49,0.0,0.0,0.0,0.4,0.0,0.3,0.6000000000000001,1.0,-169.60000000000002,0.0,0.0,169.60000000000002,0.0,21.3,29.200000000000003,29.200000000000003,29.700000000000003,300.0,300.0,31.6,35.6,29.1,28.3,30.200000000000003,4.96,1.99,4.97,0.16,0.0,0.0,1027.0,8228.0,0.0,0.0,0.0,0.0,0.0,1.0,0.0,0.0,0.0,0.0,0.0,1.5,0.0,-0.7000000000000001,0.0,0.0,16.0,25903.0
2026-07-30T19:01:40.833Z,270.316,270.33,0.0,7.4,0.0,0.0,0.0,0.0,0.0,0.0,0.0,0.0,1.0,0.0,0.0,0.0,9.0,4.0,0.0,0.0,0.0,0.0,0.0,0.0,0.0,0.0,3.0,12.0,1.0,12.18,5.01,2.51,1.49,0.0,0.1,0.0,0.4,0.0,-0.2,0.0,-1.2000000000000002,-169.60000000000002,0.0,0.0,169.60000000000002,0.0,21.3,29.200000000000003,29.200000000000003,29.700000000000003,300.0,300.0,31.6,35.6,29.1,28.3,30.200000000000003,4.95,2.0,4.97,0.16,0.0,0.0,1027.0,8228.0,0.0,0.0,0.0,0.0,0.0,1.0,0.0,0.0,0.0,0.0,0.0,-0.8,0.0,1.1,0.0,0.0,16.0,25903.0
2026-07-30T19:01:40.845Z,270.328,270.342,0.0,7.4,0.0,0.0,0.0,0.0,0.0,0.0,0.0,0.0,1.0,0.0,0.0,0.0,9.0,4.0,0.0,0.0,0.0,0.0,0.0,0.0,0.0,0.0,4.0,12.0,1.0,12.18,5.01,2.51,1.49,0.0,0.0,0.0,0.4,0.0,-0.2,0.1,0.5,-169.60000000000002,0.0,0.0,169.60000000000002,0.0,21.3,29.200000000000003,29.200000000000003,29.700000000000003,300.0,300.0,31.6,35.6,29.1,28.3,30.200000000000003,4.96,2.0,4.97,0.16,0.0,0.0,1027.0,8228.0,0.0,0.0,0.0,0.0,0.0,1.0,0.0,0.0,0.0,0.0,0.0,0.5,0.0,-0.4,0.0,0.0,16.0,25903.0
2026-07-30T19:01:40.857Z,270.34,270.354,0.0,7.4,0.0,0.0,0.0,0.0,0.0,0.0,0.0,0.0,1.0,0.0,0.0,0.0,9.0,4.0,0.0,0.0,0.0,0.0,0.0,0.0,0.0,0.0,5.0,12.0,1.0,12.18,5.01,2.51,1.49,0.0,0.0,0.0,0.4,0.0,0.3,0.6000000000000001,1.1,-169.60000000000002,0.0,0.0,169.60000000000002,0.0,21.3,29.200000000000003,29.200000000000003,29.700000000000003,300.0,300.0,31.6,35.6,29.1,28.3,30.200000000000003,4.95,1.99,4.96,0.16,0.0,0.0,1027.0,8228.0,0.0,0.0,0.0,0.0,0.0,1.0,0.0,0.0,0.0,0.0,0.0,1.6,0.0,-0.8,0.0,0.0,16.0,25903.0
2026-07-30T19:01:40.868Z,270.351,270.366,0.0,7.4,0.0,0.0,0.0,0.0,0.0,0.0,0.0,0.0,1.0,0.0,0.0,0.0,9.0,4.0,0.0,0.0,0.0,0.0,0.0,0.0,0.0,0.0,6.0,12.0,1.0,12.18,5.01,2.51,1.49,0.0,0.0,0.0,0.4,0.0,0.8,1.2000000000000002,-0.1,-169.60000000000002,0.0,0.0,169.60000000000002,0.0,21.3,29.200000000000003,29.200000000000003,29.700000000000003,300.0,300.0,31.6,35.6,29.1,28.3,30.200000000000003,4.95,1.99,4.97,0.15,0.0,0.0,1027.0,8228.0,0.0,0.0,0.0,0.0,0.0,1.0,0.0,0.0,0.0,0.0,0.0,1.2000000000000002,0.0,0.3,0.0,0.0,16.0,25903.0
2026-07-30T19:01:40.880Z,270.363,270.378,0.0,7.4,0.0,0.0,0.0,0.0,0.0,0.0,0.0,0.0,1.0,0.0,0.0,0.0,9.0,4.0,0.0,0.0,0.0,0.0,0.0,0.0,0.0,0.0,1.0,12.0,1.0,12.18,5.01,2.51,1.49,0.0,0.1,0.0,0.4,0.0,0.3,0.1,0.9,-169.60000000000002,0.0,0.0,169.60000000000002,0.0,21.3,29.200000000000003,29.200000000000003,29.700000000000003,300.0,300.0,31.6,35.6,29.1,28.3,30.200000000000003,4.95,1.99,4.97,0.16,0.0,0.0,1027.0,8228.0,0.0,0.0,0.0,0.0,0.0,1.0,0.0,0.0,0.0,0.0,0.0,0.8,0.0,-0.8,0.0,0.0,16.0,25903.0
2026-07-30T19:01:40.894Z,270.377,270.39,0.0,7.4,0.0,0.0,0.0,0.0,0.0,0.0,0.0,0.0,1.0,0.0,0.0,0.0,9.0,4.0,0.0,0.0,0.0,0.0,0.0,0.0,0.0,0.0,2.0,12.0,1.0,12.17,5.01,2.51,1.49,0.0,0.0,0.0,0.4,0.0,0.3,-0.4,-0.7000000000000001,-169.60000000000002,0.0,0.0,169.60000000000002,0.0,21.4,29.200000000000003,29.200000000000003,29.700000000000003,300.0,300.0,31.5,35.6,29.1,28.3,30.200000000000003,4.96,1.99,4.96,0.17,0.0,0.0,1027.0,8228.0,0.0,0.0,0.0,0.0,0.0,1.0,0.0,0.0,0.0,0.0,0.0,-1.0,0.0,0.5,0.0,0.0,16.0,25903.0
2026-07-30T19:01:40.904Z,270.387,270.402,0.0,7.4,0.0,0.0,0.0,0.0,0.0,0.0,0.0,0.0,1.0,0.0,0.0,0.0,9.0,4.0,0.0,0.0,0.0,0.0,0.0,0.0,0.0,0.0,3.0,12.0,1.0,12.17,5.01,2.51,1.49,0.0,0.0,0.0,0.4,0.0,0.3,-0.4,0.9,-169.60000000000002,0.0,0.0,169.70000000000002,0.0,21.4,29.200000000000003,29.200000000000003,29.700000000000003,300.0,300.0,31.5,35.6,29.1,28.3,30.200000000000003,4.95,1.99,4.97,0.17,0.0,0.0,1027.0,8228.0,0.0,0.0,0.0,0.0,0.0,1.0,0.0,0.0,0.0,0.0,0.0,0.2,0.0,-0.9,0.0,0.0,16.0,25903.0
2026-07-30T19:01:40.917Z,270.4,270.414,0.0,7.4,0.0,0.0,0.0,0.0,0.0,0.0,0.0,0.0,1.0,0.0,0.0,0.0,9.0,4.0,0.0,0.0,0.0,0.0,0.0,0.0,0.0,0.0,4.0,12.0,1.0,12.17,5.01,2.51,1.49,0.0,0.0,0.0,0.4,0.0,0.3,0.1,0.4,-169.60000000000002,0.0,0.0,169.70000000000002,0.0,21.4,29.200000000000003,29.200000000000003,29.700000000000003,300.0,300.0,31.5,35.6,29.1,28.3,30.200000000000003,4.95,2.0,4.96,0.16,0.0,0.0,1027.0,8228.0,0.0,0.0,0.0,0.0,0.0,1.0,0.0,0.0,0.0,0.0,0.0,0.5,0.0,-0.3,0.0,0.0001,16.0,25903.0
2026-07-30T19:01:40.929Z,270.412,270.426,0.0,7.4,0.0,0.0,0.0,0.0,0.0,0.0,0.0,0.0,1.0,0.0,0.0,0.0,9.0,4.0,0.0,0.0,0.0,0.0,0.0,0.0,0.0,0.0,5.0,12.0,1.0,12.17,5.01,2.51,1.49,0.0,0.0,0.0,0.4,0.0,0.9,1.9,-0.7000000000000001,-169.60000000000002,0.0,0.0,169.60000000000002,0.0,21.4,29.200000000000003,29.200000000000003,29.700000000000003,300.0,300.0,31.5,35.6,29.1,28.3,30.200000000000003,4.96,2.0,4.96,0.16,0.0,0.0,1027.0,8228.0,0.0,0.0,0.0,0.0,0.0,1.0,0.0,0.0,0.0,0.0,0.0,1.6,0.0,1.0,0.0,0.0002,16.0,25903.0
2026-07-30T19:01:40.941Z,270.424,270.438,0.0,7.4,0.0,0.0,0.0,0.0,0.0,0.0,0.0,0.0,1.0,0.0,0.0,0.0,9.0,4.0,0.0,0.0,0.0,0.0,0.0,0.0,0.0,0.0,6.0,12.0,1.0,12.17,5.01,2.51,1.49,-0.1,0.1,0.0,0.4,0.0,0.3,-0.3,0.4,-169.60000000000002,0.0,0.0,169.60000000000002,0.0,21.4,29.200000000000003,29.200000000000003,29.700000000000003,300.0,300.0,31.5,35.6,29.1,28.3,30.200000000000003,4.96,2.0,4.96,0.16,0.0,0.0,1027.0,8228.0,0.0,0.0,0.0,0.0,0.0,1.0,0.0,0.0,0.0,0.0,0.0,0.0,0.0,-0.4,0.0,0.0001,16.0,25903.0
2026-07-30T19:01:40.953Z,270.436,270.45,0.0,7.4,0.0,0.0,0.0,0.0,0.0,0.0,0.0,0.0,1.0,0.0,0.0,0.0,9.0,4.0,0.0,0.0,0.0,0.0,0.0,0.0,0.0,0.0,1.0,12.0,1.0,12.17,5.01,2.51,1.49,0.0,0.0,0.0,0.4,0.0,-0.2,-0.3,-1.2000000000000002,-169.60000000000002,0.0,0.0,169.60000000000002,0.0,21.4,29.200000000000003,29.200000000000003,29.700000000000003,300.0,300.0,31.5,35.6,29.1,28.3,30.200000000000003,4.95,1.99,4.97,0.16,0.0,0.0,1027.0,8228.0,0.0,0.0,0.0,0.0,0.0,1.0,0.0,0.0,0.0,0.0,0.0,-1.3,0.0,1.0,0.0,0.0,16.0,25903.0
2026-07-30T19:01:40.964Z,270.447,270.462,0.0,7.4,0.0,0.0,0.0,0.0,0.0,0.0,0.0,0.0,1.0,0.0,0.0,0.0,9.0,4.0,0.0,0.0,0.0,0.0,0.0,0.0,0.0,0.0,3.0,12.0,1.0,12.17,5.01,2.51,1.49,0.0,0.0,0.0,0.4,0.0,0.8,0.7000000000000001,-0.1,-169.60000000000002,0.0,0.0,169.70000000000002,0.0,21.4,29.200000000000003,29.200000000000003,29.700000000000003,300.0,300.0,31.5,35.6,29.1,28.3,30.200000000000003,4.95,1.99,4.97,0.16,0.0,0.0,1027.0,8228.0,0.0,0.0,0.0,0.0,0.0,1.0,0.0,0.0,0.0,0.0,0.0,-0.7000000000000001,0.0,1.1,0.0,0.0,16.0,25903.0
2026-07-30T19:01:40.976Z,270.459,270.474,0.0,7.4,0.0,0.0,0.0,0.0,0.0,0.0,0.0,0.0,1.0,0.0,0.0,0.0,9.0,4.0,0.0,0.0,0.0,0.0,0.0,0.0,0.0,0.0,4.0,12.0,1.0,12.17,5.01,2.51,1.49,0.0,0.0,0.0,0.4,0.0,0.3,0.1,-0.1,-169.60000000000002,0.0,0.0,169.60000000000002,0.0,21.4,29.200000000000003,29.200000000000003,29.700000000000003,300.0,300.0,31.5,35.6,29.1,28.3,30.200000000000003,4.96,1.99,4.97,0.16,0.0,0.0,1027.0,8228.0,0.0,0.0,0.0,0.0,0.0,1.0,0.0,0.0,0.0,0.0,0.0,0.1,0.0,0.1,0.0,0.0,16.0,25903.0
2026-07-30T19:01:40.988Z,270.471,270.486,0.0,7.4,0.0,0.0,0.0,0.0,0.0,0.0,0.0,0.0,1.0,0.0,0.0,0.0,9.0,4.0,0.0,0.0,0.0,0.0,0.0,0.0,0.0,0.0,5.0,12.0,1.0,12.17,5.01,2.51,1.49,0.0,0.0,0.0,0.4,0.0,0.3,-1.0,0.4,-169.60000000000002,0.0,0.0,169.60000000000002,0.0,21.4,29.200000000000003,29.200000000000003,29.700000000000003,300.0,300.0,31.5,35.6,29.1,28.3,30.200000000000003,4.95,1.99,4.97,0.16,0.0,0.0,1027.0,8228.0,0.0,0.0,0.0,0.0,0.0,1.0,0.0,0.0,0.0,0.0,0.0,-0.7000000000000001,0.0,-0.6000000000000001,0.0,0.0,16.0,25903.0
2026-07-30T19:01:41.000Z,270.483,270.498,0.0,7.4,0.0,0.0,0.0,0.0,0.0,0.0,0.0,0.0,1.0,0.0,0.0,0.0,9.0,4.0,0.0,0.0,0.0,0.0,0.0,0.0,0.0,0.0,6.0,12.0,1.0,12.18,5.01,2.51,1.5,0.0,0.1,0.0,0.4,0.0,0.3,-0.4,1.0,-169.60000000000002,0.0,0.0,169.60000000000002,0.0,20.9,29.200000000000003,29.200000000000003,29.700000000000003,300.0,300.0,31.5,35.7,29.1,28.3,30.200000000000003,4.96,1.99,4.96,0.16,0.0,0.0,1027.0,8228.0,0.0,0.0,0.0,0.0,0.0,1.0,0.0,0.0,0.0,0.0,0.0,0.3,0.0,-1.0,0.0,0.0,16.0,25903.0
2026-07-30T19:01:41.013Z,270.496,270.51,0.0,7.4,0.0,0.0,0.0,0.0,0.0,0.0,0.0,0.0,1.0,0.0,0.0,0.0,9.0,4.0,0.0,0.0,0.0,0.0,0.0,0.0,0.0,0.0,6.0,12.0,1.0,12.18,5.01,2.51,1.5,0.0,0.0,0.0,0.4,0.0,0.8,-0.4,-0.6000000000000001,-169.60000000000002,0.0,0.0,169.60000000000002,0.0,20.9,29.200000000000003,29.200000000000003,29.700000000000003,300.0,300.0,31.5,35.7,29.1,28.3,30.200000000000003,4.96,1.99,4.96,0.16,0.0,0.0,1027.0,8228.0,0.0,0.0,0.0,0.0,0.0,1.0,0.0,0.0,0.0,0.0,0.0,2.7,0.0,-1.2000000000000002,0.0,0.0,16.0,25903.0
2026-07-30T19:01:41.024Z,270.507,270.522,0.0,7.4,0.0,0.0,0.0,0.0,0.0,0.0,0.0,0.0,1.0,0.0,0.0,0.0,9.0,4.0,0.0,0.0,0.0,0.0,0.0,0.0,0.0,0.0,6.0,12.0,1.0,12.18,5.01,2.51,1.5,0.0,0.0,0.0,0.4,0.0,0.3,0.1,-0.6000000000000001,-169.60000000000002,0.0,0.0,169.60000000000002,0.0,20.9,29.200000000000003,29.200000000000003,29.700000000000003,300.0,300.0,31.5,35.7,29.1,28.3,30.200000000000003,4.95,1.99,4.96,0.16,0.0,0.0,1027.0,8228.0,0.0,0.0,0.0,0.0,0.0,1.0,0.0,0.0,0.0,0.0,0.0,-0.3,0.0,0.6000000000000001,0.0,0.0,16.0,25903.0
2026-07-30T19:01:41.040Z,270.523,270.534,0.0,7.4,0.0,0.0,0.0,0.0,0.0,0.0,0.0,0.0,1.0,0.0,0.0,0.0,9.0,4.0,0.0,0.0,0.0,0.0,0.0,0.0,0.0,0.0,1.0,12.0,1.0,12.18,5.01,2.51,1.5,0.0,0.0,0.0,0.4,0.0,0.2,0.7000000000000001,1.0,-169.60000000000002,0.0,0.0,169.8,0.0,20.9,29.200000000000003,29.200000000000003,29.700000000000003,300.0,300.0,31.5,35.7,29.1,28.3,30.200000000000003,4.95,1.99,4.97,0.16,0.0,0.0,1027.0,8228.0,0.0,0.0,0.0,0.0,0.0,1.0,0.0,0.0,0.0,0.0,0.0,-1.4,0.0,1.0,0.0,0.0,16.0,25903.0
2026-07-30T19:01:41.048Z,270.531,270.546,0.0,7.4,0.0,0.0,0.0,0.0,0.0,0.0,0.0,0.0,1.0,0.0,0.0,0.0,9.0,4.0,0.0,0.0,0.0,0.0,0.0,0.0,0.0,0.0,1.0,12.0,1.0,12.18,5.01,2.51,1.5,0.0,0.0,0.0,0.4,0.0,0.2,-0.4,-0.1,-169.60000000000002,0.0,0.0,169.70000000000002,0.0,20.9,29.200000000000003,29.200000000000003,29.700000000000003,300.0,300.0,31.5,35.7,29.1,28.3,30.200000000000003,4.96,2.0,4.96,0.16,0.0,0.0,1027.0,8228.0,0.0,0.0,0.0,0.0,0.0,1.0,0.0,0.0,0.0,0.0,0.0,-0.1,0.0,-0.4,0.0,0.0002,16.0,25903.0
2026-07-30T19:01:41.060Z,270.543,270.558,0.0,7.4,0.0,0.0,0.0,0.0,0.0,0.0,0.0,0.0,1.0,0.0,0.0,0.0,9.0,4.0,0.0,0.0,0.0,0.0,0.0,0.0,0.0,0.0,2.0,12.0,1.0,12.18,5.01,2.51,1.5,0.0,0.0,0.0,0.4,0.0,-0.3,0.7000000000000001,1.0,-169.60000000000002,0.0,0.0,169.70000000000002,0.0,20.9,29.200000000000003,29.200000000000003,29.700000000000003,300.0,300.0,31.5,35.7,29.1,28.3,30.200000000000003,4.96,1.99,4.96,0.16,0.0,0.0,1027.0,8228.0,0.0,0.0,0.0,0.0,0.0,1.0,0.0,0.0,0.0,0.0,0.0,1.6,0.0,-0.7000000000000001,0.0,0.0001,16.0,25903.0
2026-07-30T19:01:41.072Z,270.555,270.57,0.0,7.4,0.0,0.0,0.0,0.0,0.0,0.0,0.0,0.0,1.0,0.0,0.0,0.0,9.0,4.0,0.0,0.0,0.0,0.0,0.0,0.0,0.0,0.0,4.0,12.0,1.0,12.18,5.01,2.51,1.5,0.0,0.0,0.0,0.4,0.0,0.8,1.3,1.6,-169.60000000000002,0.0,0.0,169.70000000000002,0.0,20.9,29.200000000000003,29.200000000000003,29.700000000000003,300.0,300.0,31.5,35.7,29.1,28.3,30.200000000000003,4.95,2.0,4.96,0.17,0.0,0.0,1027.0,8228.0,0.0,0.0,0.0,0.0,0.0,1.0,0.0,0.0,0.0,0.0,0.0,2.7,0.0,-1.1,0.0,0.0,16.0,25903.0
2026-07-30T19:01:41.084Z,270.567,270.582,0.0,7.4,0.0,0.0,0.0,0.0,0.0,0.0,0.0,0.0,1.0,0.0,0.0,0.0,9.0,4.0,0.0,0.0,0.0,0.0,0.0,0.0,0.0,0.0,5.0,12.0,1.0,12.18,5.01,2.51,1.5,0.0,0.0,0.0,0.4,0.0,0.2,0.7000000000000001,-0.1,-169.60000000000002,0.0,0.0,169.70000000000002,0.0,20.9,29.200000000000003,29.200000000000003,29.700000000000003,300.0,300.0,31.5,35.7,29.1,28.3,30.200000000000003,4.96,2.0,4.96,0.16,0.0,0.0,1027.0,8228.0,0.0,0.0,0.0,0.0,0.0,1.0,0.0,0.0,0.0,0.0,0.0,0.7000000000000001,0.0,0.2,0.0,0.0001,16.0,25903.0
2026-07-30T19:01:41.097Z,270.58,270.594,0.0,7.4,0.0,0.0,0.0,0.0,0.0,0.0,0.0,0.0,1.0,0.0,0.0,0.0,9.0,4.0,0.0,0.0,0.0,0.0,0.0,0.0,0.0,0.0,1.0,12.0,1.0,12.15,5.01,2.51,1.49,0.0,0.0,0.0,0.4,0.0,0.3,0.7000000000000001,0.4,-169.60000000000002,0.0,0.0,169.60000000000002,0.0,21.700000000000003,29.200000000000003,29.200000000000003,29.700000000000003,300.0,300.0,31.5,35.7,29.1,28.3,30.200000000000003,4.95,1.99,4.96,0.16,0.0,0.0,1027.0,8228.0,0.0,0.0,0.0,0.0,0.0,1.0,0.0,0.0,0.0,0.0,0.0,1.2000000000000002,0.0,-0.2,0.0,0.0,16.0,25903.0
2026-07-30T19:01:41.108Z,270.591,270.606,0.0,7.4,0.0,0.0,0.0,0.0,0.0,0.0,0.0,0.0,1.0,0.0,0.0,0.0,9.0,4.0,0.0,0.0,0.0,0.0,0.0,0.0,0.0,0.0,2.0,12.0,1.0,12.15,5.01,2.51,1.49,0.0,0.0,0.0,0.4,0.0,-0.2,0.7000000000000001,-0.1,-169.60000000000002,0.0,0.0,169.60000000000002,0.0,21.700000000000003,29.200000000000003,29.200000000000003,29.700000000000003,300.0,300.0,31.5,35.7,29.1,28.3,30.200000000000003,4.95,1.99,4.97,0.16,0.0,0.0,1027.0,8228.0,0.0,0.0,0.0,0.0,0.0,1.0,0.0,0.0,0.0,0.0,0.0,0.7000000000000001,0.0,0.2,0.0,0.0001,16.0,25903.0
2026-07-30T19:01:41.120Z,270.603,270.618,0.0,7.4,0.0,0.0,0.0,0.0,0.0,0.0,0.0,0.0,1.0,0.0,0.0,0.0,9.0,4.0,0.0,0.0,0.0,0.0,0.0,0.0,0.0,0.0,4.0,12.0,1.0,12.15,5.01,2.51,1.49,0.0,0.0,0.0,0.5,0.0,-0.2,0.1,0.4,-169.60000000000002,0.0,0.0,169.60000000000002,0.0,21.700000000000003,29.200000000000003,29.200000000000003,29.700000000000003,300.0,300.0,31.5,35.7,29.1,28.3,30.200000000000003,4.95,2.0,4.97,0.16,0.0,0.0,1027.0,8228.0,0.0,0.0,0.0,0.0,0.0,1.0,0.0,0.0,0.0,0.0,0.0,0.5,0.0,-0.4,0.0,0.0001,16.0,25903.0
2026-07-30T19:01:41.132Z,270.615,270.63,0.0,7.4,0.0,0.0,0.0,0.0,0.0,0.0,0.0,0.0,1.0,0.0,0.0,0.0,9.0,4.0,0.0,0.0,0.0,0.0,0.0,0.0,0.0,0.0,5.0,12.0,1.0,12.15,5.01,2.51,1.49,0.0,0.1,0.0,0.5,0.0,-0.8,-0.4,-0.1,-169.60000000000002,0.0,0.0,169.70000000000002,0.0,21.700000000000003,29.200000000000003,29.200000000000003,29.700000000000003,300.0,300.0,31.5,35.7,29.1,28.3,30.200000000000003,4.96,2.0,4.96,0.16,0.0,0.0,1027.0,8228.0,0.0,0.0,0.0,0.0,0.0,1.0,0.0,0.0,0.0,0.0,0.0,-0.5,0.0,0.0,0.0,0.0,16.0,25903.0
2026-07-30T19:01:41.144Z,270.627,270.642,0.0,7.4,0.0,0.0,0.0,0.0,0.0,0.0,0.0,0.0,1.0,0.0,0.0,0.0,9.0,4.0,0.0,0.0,0.0,0.0,0.0,0.0,0.0,0.0,1.0,12.0,1.0,12.15,5.01,2.51,1.49,0.0,0.0,0.0,0.5,0.0,0.3,-1.0,-0.1,-169.60000000000002,0.0,0.0,169.70000000000002,0.0,21.700000000000003,29.200000000000003,29.200000000000003,29.700000000000003,300.0,300.0,31.5,35.7,29.1,28.3,30.200000000000003,4.96,1.99,4.97,0.16,0.0,0.0,1027.0,8228.0,0.0,0.0,0.0,0.0,0.0,1.0,0.0,0.0,0.0,0.0,0.0,-1.2000000000000002,0.0,-0.1,0.0,0.0,16.0,25903.0
2026-07-30T19:01:41.156Z,270.639,270.654,0.0,7.4,0.0,0.0,0.0,0.0,0.0,0.0,0.0,0.0,1.0,0.0,0.0,0.0,9.0,4.0,0.0,0.0,0.0,0.0,0.0,0.0,0.0,0.0,2.0,12.0,1.0,12.15,5.01,2.51,1.49,0.0,0.0,0.0,0.5,0.0,0.3,1.3,0.0,-169.60000000000002,0.0,0.0,169.70000000000002,0.0,21.700000000000003,29.200000000000003,29.200000000000003,29.700000000000003,300.0,300.0,31.5,35.7,29.1,28.3,30.200000000000003,4.96,1.99,4.96,0.16,0.0,0.0,1027.0,8228.0,0.0,0.0,0.0,0.0,0.0,1.0,0.0,0.0,0.0,0.0,0.0,1.4,0.0,0.3,0.0,0.0,16.0,25903.0
2026-07-30T19:01:41.168Z,270.651,270.666,0.0,7.4,0.0,0.0,0.0,0.0,0.0,0.0,0.0,0.0,1.0,0.0,0.0,0.0,9.0,4.0,0.0,0.0,0.0,0.0,0.0,0.0,0.0,0.0,4.0,12.0,1.0,12.15,5.01,2.51,1.49,0.0,0.1,0.0,0.4,0.0,-0.1,1.3,0.0,-169.60000000000002,0.0,0.0,169.60000000000002,0.0,21.700000000000003,29.200000000000003,29.200000000000003,29.700000000000003,300.0,300.0,31.5,35.7,29.1,28.3,30.200000000000003,4.96,2.0,4.96,0.16,0.0,0.0,1027.0,8228.0,0.0,0.0,0.0,0.0,0.0,1.0,0.0,0.0,0.0,0.0,0.0,1.4,0.0,0.3,0.0,0.0001,16.0,25903.0
2026-07-30T19:01:41.180Z,270.663,270.678,0.0,7.4,0.0,0.0,0.0,0.0,0.0,0.0,0.0,0.0,1.0,0.0,0.0,0.0,9.0,4.0,0.0,0.0,0.0,0.0,0.0,0.0,0.0,0.0,5.0,12.0,1.0,12.15,5.01,2.51,1.49,0.0,0.0,0.0,0.4,0.0,-0.1,0.1,0.5,-169.60000000000002,0.0,0.0,169.70000000000002,0.0,21.700000000000003,29.200000000000003,29.200000000000003,29.700000000000003,300.0,300.0,31.5,35.7,29.1,28.3,30.200000000000003,4.95,2.0,4.96,0.16,0.0,0.0,1027.0,8228.0,0.0,0.0,0.0,0.0,0.0,1.0,0.0,0.0,0.0,0.0,0.0,0.5,0.0,-0.4,0.0,0.0001,16.0,25903.0
2026-07-30T19:01:41.192Z,270.675,270.69,0.0,7.4,0.0,0.0,0.0,0.0,0.0,0.0,0.0,0.0,1.0,0.0,0.0,0.0,9.0,4.0,0.0,0.0,0.0,0.0,0.0,0.0,0.0,0.0,1.0,12.0,1.0,12.15,5.01,2.51,1.49,0.0,0.0,0.0,0.4,0.0,-0.2,-1.5,-1.2000000000000002,-169.60000000000002,0.0,0.0,169.60000000000002,0.0,21.700000000000003,29.200000000000003,29.200000000000003,29.700000000000003,300.0,300.0,31.5,35.7,29.1,28.3,30.200000000000003,4.95,1.99,4.97,0.16,0.0,0.0,1027.0,8228.0,0.0,0.0,0.0,0.0,0.0,1.0,0.0,0.0,0.0,0.0,0.0,-2.7,0.0,0.7000000000000001,0.0,0.0,16.0,25903.0
2026-07-30T19:01:41.205Z,270.688,270.702,0.0,7.4,0.0,0.0,0.0,0.0,0.0,0.0,0.0,0.0,1.0,0.0,0.0,0.0,9.0,4.0,0.0,0.0,0.0,0.0,0.0,0.0,0.0,0.0,2.0,12.0,1.0,12.15,5.0200000000000005,2.51,1.49,0.0,0.0,0.0,0.4,0.0,-0.8,-0.9,-1.8,-169.60000000000002,0.0,0.0,169.70000000000002,0.0,21.3,29.200000000000003,29.200000000000003,29.700000000000003,300.0,300.0,31.5,35.6,29.1,28.3,30.200000000000003,4.95,1.99,4.96,0.16,0.0,0.0,1027.0,8228.0,0.0,0.0,0.0,0.0,0.0,1.0,0.0,0.0,0.0,0.0,0.0,-2.5,0.0,1.4,0.0,0.0,16.0,25903.0
2026-07-30T19:01:41.216Z,270.699,270.714,0.0,7.4,0.0,0.0,0.0,0.0,0.0,0.0,0.0,0.0,1.0,0.0,0.0,0.0,9.0,4.0,0.0,0.0,0.0,0.0,0.0,0.0,0.0,0.0,4.0,12.0,1.0,12.15,5.0200000000000005,2.51,1.49,0.0,0.0,0.0,0.4,0.0,0.3,0.7000000000000001,-0.6000000000000001,-169.60000000000002,0.0,0.0,169.8,0.0,21.3,29.200000000000003,29.200000000000003,29.700000000000003,300.0,300.0,31.5,35.6,29.1,28.3,30.200000000000003,4.95,1.99,4.96,0.16,0.0,0.0,1027.0,8228.0,0.0,0.0,0.0,0.0,0.0,1.0,0.0,0.0,0.0,0.0,0.0,0.3,0.0,0.7000000000000001,0.0,0.0,16.0,25903.0
2026-07-30T19:01:41.228Z,270.711,270.726,0.0,7.4,0.0,0.0,0.0,0.0,0.0,0.0,0.0,0.0,1.0,0.0,0.0,0.0,9.0,4.0,0.0,0.0,0.0,0.0,0.0,0.0,0.0,0.0,5.0,12.0,1.0,12.15,5.0200000000000005,2.51,1.49,0.0,0.0,0.0,0.4,0.0,0.3,0.7000000000000001,0.4,-169.60000000000002,0.0,0.0,169.8,0.0,21.3,29.200000000000003,29.200000000000003,29.700000000000003,300.0,300.0,31.5,35.6,29.1,28.3,30.200000000000003,4.95,1.99,4.97,0.16,0.0,0.0,1027.0,8228.0,0.0,0.0,0.0,0.0,0.0,1.0,0.0,0.0,0.0,0.0,0.0,1.2000000000000002,0.0,-0.2,0.0,0.0002,16.0,25903.0
2026-07-30T19:01:41.241Z,270.724,270.738,0.0,7.4,0.0,0.0,0.0,0.0,0.0,0.0,0.0,0.0,1.0,0.0,0.0,0.0,9.0,4.0,0.0,0.0,0.0,0.0,0.0,0.0,0.0,0.0,6.0,12.0,1.0,12.15,5.0200000000000005,2.51,1.49,0.0,0.0,0.0,0.4,0.0,-0.2,-0.4,-0.7000000000000001,-169.60000000000002,0.0,0.0,169.70000000000002,0.0,21.3,29.200000000000003,29.200000000000003,29.700000000000003,300.0,300.0,31.5,35.6,29.1,28.3,30.200000000000003,4.96,1.99,4.96,0.16,0.0,0.0,1027.0,8228.0,0.0,0.0,0.0,0.0,0.0,1.0,0.0,0.0,0.0,0.0,0.0,-1.0,0.0,0.5,0.0,0.0001,16.0,25903.0
2026-07-30T19:01:41.253Z,270.736,270.75,0.0,7.4,0.0,0.0,0.0,0.0,0.0,0.0,0.0,0.0,1.0,0.0,0.0,0.0,9.0,4.0,0.0,0.0,0.0,0.0,0.0,0.0,0.0,0.0,2.0,12.0,1.0,12.15,5.0200000000000005,2.51,1.49,0.0,0.0,0.0,0.4,0.0,-0.2,0.7000000000000001,1.6,-169.60000000000002,0.0,0.0,169.60000000000002,0.0,21.3,29.200000000000003,29.200000000000003,29.700000000000003,300.0,300.0,31.5,35.6,29.1,28.3,30.200000000000003,4.96,2.0,4.97,0.16,0.0,0.0,1027.0,8228.0,0.0,0.0,0.0,0.0,0.0,1.0,0.0,0.0,0.0,0.0,0.0,2.0,0.0,-1.2000000000000002,0.0,0.0001,16.0,25903.0
2026-07-30T19:01:41.265Z,270.748,270.762,0.0,7.4,0.0,0.0,0.0,0.0,0.0,0.0,0.0,0.0,1.0,0.0,0.0,0.0,9.0,4.0,0.0,0.0,0.0,0.0,0.0,0.0,0.0,0.0,3.0,12.0,1.0,12.15,5.0200000000000005,2.51,1.49,0.0,0.0,0.0,0.4,0.0,0.3,0.1,-0.1,-169.60000000000002,0.0,0.0,169.8,0.0,21.3,29.200000000000003,29.200000000000003,29.700000000000003,300.0,300.0,31.5,35.6,29.1,28.3,30.200000000000003,4.95,1.99,4.97,0.16,0.0,0.0,1027.0,8228.0,0.0,0.0,0.0,0.0,0.0,1.0,0.0,0.0,0.0,0.0,0.0,0.0,0.0,0.1,0.0,0.0001,16.0,25903.0
2026-07-30T19:01:41.276Z,270.759,270.774,0.0,7.4,0.0,0.0,0.0,0.0,0.0,0.0,0.0,0.0,1.0,0.0,0.0,0.0,9.0,4.0,0.0,0.0,0.0,0.0,0.0,0.0,0.0,0.0,4.0,12.0,1.0,12.15,5.0200000000000005,2.51,1.49,0.0,0.0,0.0,0.4,0.0,0.8,-0.4,0.4,-169.60000000000002,0.0,0.0,169.60000000000002,0.0,21.3,29.200000000000003,29.200000000000003,29.700000000000003,300.0,300.0,31.5,35.6,29.1,28.3,30.200000000000003,4.95,1.99,4.97,0.16,0.0,0.0,1027.0,8228.0,0.0,0.0,0.0,0.0,0.0,1.0,0.0,0.0,0.0,0.0,0.0,-0.1,0.0,-0.4,0.0,0.0002,16.0,25903.0
2026-07-30T19:01:41.288Z,270.771,270.786,0.0,7.4,0.0,0.0,0.0,0.0,0.0,0.0,0.0,0.0,1.0,0.0,0.0,0.0,9.0,4.0,0.0,0.0,0.0,0.0,0.0,0.0,0.0,0.0,5.0,12.0,1.0,12.15,5.0200000000000005,2.51,1.49,0.0,0.1,0.0,0.4,0.0,0.3,0.1,-0.1,-169.60000000000002,0.0,0.0,169.70000000000002,0.0,21.3,29.200000000000003,29.200000000000003,29.700000000000003,300.0,300.0,31.5,35.6,29.1,28.3,30.200000000000003,4.95,1.99,4.97,0.16,0.0,0.0,1027.0,8228.0,0.0,0.0,0.0,0.0,0.0,1.0,0.0,0.0,0.0,0.0,0.0,0.0,0.0,0.1,0.0,0.0001,16.0,25903.0
2026-07-30T19:01:41.302Z,270.785,270.798,0.0,7.4,0.0,0.0,0.0,0.0,0.0,0.0,0.0,0.0,1.0,0.0,0.0,0.0,9.0,4.0,0.0,0.0,0.0,0.0,0.0,0.0,0.0,0.0,6.0,12.0,1.0,12.17,5.01,2.5,1.49,0.0,0.1,0.0,0.4,0.0,-0.2,0.7000000000000001,0.4,-169.60000000000002,0.0,0.0,169.70000000000002,0.0,21.8,29.200000000000003,29.200000000000003,29.700000000000003,300.0,300.0,31.6,35.6,29.1,28.3,30.200000000000003,4.95,2.0,4.97,0.16,0.0,0.0,1027.0,8228.0,0.0,0.0,0.0,0.0,0.0,1.0,0.0,0.0,0.0,0.0,0.0,1.1,0.0,-0.2,0.0,0.0001,16.0,25903.0
2026-07-30T19:01:41.312Z,270.795,270.81,0.0,7.4,0.0,0.0,0.0,0.0,0.0,0.0,0.0,0.0,1.0,0.0,0.0,0.0,9.0,4.0,0.0,0.0,0.0,0.0,0.0,0.0,0.0,0.0,1.0,12.0,1.0,12.17,5.01,2.5,1.49,0.0,0.0,0.0,0.4,0.0,-0.8,-0.4,-0.6000000000000001,-169.60000000000002,0.0,0.0,169.8,0.0,21.8,29.200000000000003,29.200000000000003,29.700000000000003,300.0,300.0,31.6,35.6,29.1,28.3,30.200000000000003,4.95,1.99,4.97,0.16,0.0,0.0,1027.0,8228.0,0.0,0.0,0.0,0.0,0.0,1.0,0.0,0.0,0.0,0.0,0.0,-0.9,0.0,0.5,0.0,0.0002,16.0,25903.0
2026-07-30T19:01:41.328Z,270.811,270.822,0.0,7.4,0.0,0.0,0.0,0.0,0.0,0.0,0.0,0.0,1.0,0.0,0.0,0.0,9.0,4.0,0.0,0.0,0.0,0.0,0.0,0.0,0.0,0.0,2.0,12.0,1.0,12.17,5.01,2.5,1.49,0.0,0.0,0.0,0.4,0.0,0.9,0.1,-0.1,-169.60000000000002,0.0,0.0,169.8,0.0,21.8,29.200000000000003,29.200000000000003,29.700000000000003,300.0,300.0,31.6,35.6,29.1,28.3,30.200000000000003,4.96,1.99,4.97,0.16,0.0,0.0,1027.0,8228.0,0.0,0.0,0.0,0.0,0.0,1.0,0.0,0.0,0.0,0.0,0.0,0.0,0.0,0.1,0.0,0.0,16.0,25903.0
2026-07-30T19:01:41.337Z,270.82,270.834,0.0,7.4,0.0,0.0,0.0,0.0,0.0,0.0,0.0,0.0,1.0,0.0,0.0,0.0,9.0,4.0,0.0,0.0,0.0,0.0,0.0,0.0,0.0,0.0,1.0,12.0,1.0,12.17,5.01,2.5,1.49,0.0,0.0,0.0,0.4,0.0,-0.2,-1.0,-0.1,-169.70000000000002,0.0,0.0,169.70000000000002,0.0,21.8,29.200000000000003,29.200000000000003,29.700000000000003,300.0,300.0,31.6,35.6,29.1,28.3,30.200000000000003,4.96,1.99,4.97,0.16,0.0,0.0,1027.0,8228.0,0.0,0.0,0.0,0.0,0.0,1.0,0.0,0.0,0.0,0.0,0.0,-1.3,0.0,-0.1,0.0,0.0001,16.0,25903.0
2026-07-30T19:01:41.349Z,270.832,270.846,0.0,7.4,0.0,0.0,0.0,0.0,0.0,0.0,0.0,0.0,1.0,0.0,0.0,0.0,9.0,4.0,0.0,0.0,0.0,0.0,0.0,0.0,0.0,0.0,2.0,12.0,1.0,12.17,5.01,2.5,1.49,0.0,0.0,0.0,0.4,0.0,0.3,0.1,-0.1,-169.70000000000002,0.0,0.0,169.8,0.0,21.8,29.200000000000003,29.200000000000003,29.700000000000003,300.0,300.0,31.6,35.6,29.1,28.3,30.200000000000003,4.96,1.99,4.97,0.16,0.0,0.0,1027.0,8228.0,0.0,0.0,0.0,0.0,0.0,1.0,0.0,0.0,0.0,0.0,0.0,0.0,0.0,0.1,0.0,0.0,16.0,25903.0
2026-07-30T19:01:41.361Z,270.844,270.858,0.0,7.4,0.0,0.0,0.0,0.0,0.0,0.0,0.0,0.0,1.0,0.0,0.0,0.0,9.0,4.0,0.0,0.0,0.0,0.0,0.0,0.0,0.0,0.0,2.0,12.0,1.0,12.17,5.01,2.5,1.49,0.0,0.0,0.0,0.5,0.0,0.3,0.7000000000000001,-1.2000000000000002,-169.70000000000002,0.0,0.0,169.70000000000002,0.0,21.8,29.200000000000003,29.200000000000003,29.700000000000003,300.0,300.0,31.6,35.6,29.1,28.3,30.200000000000003,4.95,1.99,4.97,0.16,0.0,0.0,1027.0,8228.0,0.0,0.0,0.0,0.0,0.0,1.0,0.0,0.0,0.0,0.0,0.0,0.0,0.0,1.2000000000000002,0.0,0.0,16.0,25903.0
2026-07-30T19:01:41.372Z,270.855,270.87,0.0,7.4,0.0,0.0,0.0,0.0,0.0,0.0,0.0,0.0,1.0,0.0,0.0,0.0,9.0,4.0,0.0,0.0,0.0,0.0,0.0,0.0,0.0,0.0,3.0,12.0,1.0,12.17,5.01,2.5,1.49,0.0,0.1,0.0,0.4,0.0,0.9,0.7000000000000001,1.0,-169.70000000000002,0.0,0.0,169.8,0.0,21.8,29.200000000000003,29.200000000000003,29.700000000000003,300.0,300.0,31.6,35.6,29.1,28.3,30.200000000000003,4.95,1.99,4.96,0.16,0.0,0.0,1027.0,8228.0,0.0,0.0,0.0,0.0,0.0,1.0,0.0,0.0,0.0,0.0,0.0,1.6,0.0,-0.7000000000000001,0.0,0.0001,16.0,25903.0
2026-07-30T19:01:41.385Z,270.868,270.882,0.0,7.4,0.0,0.0,0.0,0.0,0.0,0.0,0.0,0.0,1.0,0.0,0.0,0.0,9.0,4.0,0.0,0.0,0.0,0.0,0.0,0.0,0.0,0.0,4.0,12.0,1.0,12.17,5.01,2.5,1.49,0.0,0.0,0.0,0.4,0.0,0.9,-0.4,0.4,-169.70000000000002,0.0,0.0,169.8,0.0,21.8,29.200000000000003,29.200000000000003,29.700000000000003,300.0,300.0,31.6,35.6,29.1,28.3,30.200000000000003,4.95,1.99,4.97,0.16,0.0,0.0,1027.0,8228.0,0.0,0.0,0.0,0.0,0.0,1.0,0.0,0.0,0.0,0.0,0.0,-0.1,0.0,-0.5,0.0,0.0001,16.0,25903.0
2026-07-30T19:01:41.396Z,270.879,270.894,0.0,7.4,0.0,0.0,0.0,0.0,0.0,0.0,0.0,0.0,1.0,0.0,0.0,0.0,9.0,4.0,0.0,0.0,0.0,0.0,0.0,0.0,0.0,0.0,5.0,12.0,1.0,12.17,5.01,2.5,1.49,0.0,0.0,0.0,0.4,0.0,-0.2,0.7000000000000001,-0.7000000000000001,-169.70000000000002,0.0,0.0,169.70000000000002,0.0,21.8,29.200000000000003,29.200000000000003,29.700000000000003,300.0,300.0,31.6,35.6,29.1,28.3,30.200000000000003,4.95,1.99,4.97,0.16,0.0,0.0,1027.0,8228.0,0.0,0.0,0.0,0.0,0.0,1.0,0.0,0.0,0.0,0.0,0.0,0.2,0.0,0.7000000000000001,0.0,0.0,16.0,25903.0
2026-07-30T19:01:41.409Z,270.892,270.906,0.0,7.4,0.0,0.0,0.0,0.0,0.0,0.0,0.0,0.0,1.0,0.0,0.0,0.0,9.0,4.0,0.0,0.0,0.0,0.0,0.0,0.0,0.0,0.0,6.0,12.0,1.0,12.18,5.0200000000000005,2.51,1.49,0.0,0.0,0.0,0.4,0.0,0.3,0.7000000000000001,0.4,-169.70000000000002,0.0,0.0,169.70000000000002,0.0,21.200000000000003,29.200000000000003,29.200000000000003,29.700000000000003,300.0,300.0,31.5,35.6,29.1,28.3,30.200000000000003,4.96,1.99,4.97,0.16,0.0,0.0,1027.0,8228.0,0.0,0.0,0.0,0.0,0.0,1.0,0.0,0.0,0.0,0.0,0.0,1.2000000000000002,0.0,-0.2,0.0,0.0002,16.0,25903.0
2026-07-30T19:01:41.420Z,270.903,270.918,0.0,7.4,0.0,0.0,0.0,0.0,0.0,0.0,0.0,0.0,1.0,0.0,0.0,0.0,9.0,4.0,0.0,0.0,0.0,0.0,0.0,0.0,0.0,0.0,1.0,12.0,1.0,12.18,5.0200000000000005,2.51,1.49,0.0,0.0,0.0,0.4,0.0,0.3,0.7000000000000001,-0.1,-169.70000000000002,0.0,0.0,169.70000000000002,0.0,21.200000000000003,29.200000000000003,29.200000000000003,29.700000000000003,300.0,300.0,31.5,35.6,29.1,28.3,30.200000000000003,4.96,1.99,4.97,0.16,0.0,0.0,1027.0,8228.0,0.0,0.0,0.0,0.0,0.0,1.0,0.0,0.0,0.0,0.0,0.0,0.7000000000000001,0.0,0.2,0.0,0.0001,16.0,25903.0
2026-07-30T19:01:41.433Z,270.916,270.93,0.0,7.4,0.0,0.0,0.0,0.0,0.0,0.0,0.0,0.0,1.0,0.0,0.0,0.0,9.0,4.0,0.0,0.0,0.0,0.0,0.0,0.0,0.0,0.0,2.0,12.0,1.0,12.18,5.0200000000000005,2.51,1.49,0.0,0.0,0.0,0.4,0.0,-0.2,-1.6,-0.7000000000000001,-169.70000000000002,0.0,0.0,169.8,0.0,21.200000000000003,29.200000000000003,29.200000000000003,29.700000000000003,300.0,300.0,31.5,35.6,29.1,28.3,30.200000000000003,4.95,1.99,4.96,0.16,0.0,0.0,1027.0,8228.0,0.0,0.0,0.0,0.0,0.0,1.0,0.0,0.0,0.0,0.0,0.0,-2.3000000000000003,0.0,0.3,0.0,0.0,16.0,25903.0
2026-07-30T19:01:41.444Z,270.927,270.942,0.0,7.4,0.0,0.0,0.0,0.0,0.0,0.0,0.0,0.0,1.0,0.0,0.0,0.0,9.0,4.0,0.0,0.0,0.0,0.0,0.0,0.0,0.0,0.0,3.0,12.0,1.0,12.18,5.0200000000000005,2.51,1.49,0.0,0.0,0.0,0.4,0.0,-0.1,0.0,-0.1,-169.70000000000002,0.0,0.0,169.70000000000002,0.0,21.200000000000003,29.200000000000003,29.200000000000003,29.700000000000003,300.0,300.0,31.5,35.6,29.1,28.3,30.200000000000003,4.95,1.99,4.96,0.16,0.0,0.0,1027.0,8228.0,0.0,0.0,0.0,0.0,0.0,1.0,0.0,0.0,0.0,0.0,0.0,0.0,0.0,0.1,0.0,0.0001,16.0,25903.0
2026-07-30T19:01:41.456Z,270.939,270.954,0.0,7.4,0.0,0.0,0.0,0.0,0.0,0.0,0.0,0.0,1.0,0.0,0.0,0.0,9.0,4.0,0.0,0.0,0.0,0.0,0.0,0.0,0.0,0.0,5.0,12.0,1.0,12.18,5.0200000000000005,2.51,1.49,0.0,0.1,0.0,0.4,0.0,-0.1,0.7000000000000001,-1.3,-169.70000000000002,0.0,0.0,169.8,0.0,21.200000000000003,29.200000000000003,29.200000000000003,29.700000000000003,300.0,300.0,31.5,35.6,29.1,28.3,30.200000000000003,4.96,1.99,4.96,0.16,0.0,0.0,1027.0,8228.0,0.0,0.0,0.0,0.0,0.0,1.0,0.0,0.0,0.0,0.0,0.0,-0.1,0.0,1.3,0.0,0.0,16.0,25903.0
2026-07-30T19:01:41.468Z,270.951,270.966,0.0,7.4,0.0,0.0,0.0,0.0,0.0,0.0,0.0,0.0,1.0,0.0,0.0,0.0,9.0,4.0,0.0,0.0,0.0,0.0,0.0,0.0,0.0,0.0,1.0,12.0,1.0,12.18,5.0200000000000005,2.51,1.49,0.0,0.0,0.0,0.4,0.0,-0.1,-0.4,-0.1,-169.70000000000002,0.0,0.0,169.8,0.0,21.200000000000003,29.200000000000003,29.200000000000003,29.700000000000003,300.0,300.0,31.5,35.6,29.1,28.3,30.200000000000003,4.95,1.99,4.97,0.16,0.0,0.0,1027.0,8228.0,0.0,0.0,0.0,0.0,0.0,1.0,0.0,0.0,0.0,0.0,0.0,-1.0,0.0,0.5,0.0,0.0,16.0,25903.0
2026-07-30T19:01:41.480Z,270.963,270.978,0.0,7.4,0.0,0.0,0.0,0.0,0.0,0.0,0.0,0.0,1.0,0.0,0.0,0.0,9.0,4.0,0.0,0.0,0.0,0.0,0.0,0.0,0.0,0.0,2.0,12.0,1.0,12.18,5.0200000000000005,2.51,1.49,0.0,0.0,0.0,0.4,0.0,-0.7000000000000001,-1.0,-0.7000000000000001,-169.70000000000002,0.0,0.0,169.8,0.0,21.200000000000003,29.200000000000003,29.200000000000003,29.700000000000003,300.0,300.0,31.5,35.6,29.1,28.3,30.200000000000003,4.96,1.99,4.97,0.16,0.0,0.0,1027.0,8228.0,0.0,0.0,0.0,0.0,0.0,1.0,0.0,0.0,0.0,0.0,0.0,-1.7000000000000002,0.0,0.4,0.0,0.0001,16.0,25903.0
2026-07-30T19:01:41.492Z,270.975,270.99,0.0,7.4,0.0,0.0,0.0,0.0,0.0,0.0,0.0,0.0,1.0,0.0,0.0,0.0,9.0,4.0,0.0,0.0,0.0,0.0,0.0,0.0,0.0,0.0,3.0,12.0,1.0,12.18,5.0200000000000005,2.51,1.49,0.0,0.0,0.0,0.4,0.0,0.3,0.7000000000000001,0.4,-169.70000000000002,0.0,0.0,169.8,0.0,21.200000000000003,29.200000000000003,29.200000000000003,29.700000000000003,300.0,300.0,31.5,35.6,29.1,28.3,30.200000000000003,4.96,1.99,4.96,0.16,0.0,0.0,1027.0,8228.0,0.0,0.0,0.0,0.0,0.0,1.0,0.0,0.0,0.0,0.0,0.0,1.1,0.0,-0.2,0.0,0.0001,16.0,25903.0
2026-07-30T19:01:41.505Z,270.988,271.002,0.0,7.4,0.0,0.0,0.0,0.0,0.0,0.0,0.0,0.0,1.0,0.0,0.0,0.0,9.0,4.0,0.0,0.0,0.0,0.0,0.0,0.0,0.0,0.0,5.0,12.0,1.0,12.19,5.01,2.51,1.49,0.0,0.0,0.0,0.5,0.0,-0.7000000000000001,0.7000000000000001,-1.2000000000000002,-169.70000000000002,0.0,0.0,169.8,0.0,21.3,29.200000000000003,29.200000000000003,29.700000000000003,300.0,300.0,31.6,35.6,29.1,28.3,30.200000000000003,4.96,1.99,4.96,0.16,0.0,0.0,1027.0,8228.0,0.0,0.0,0.0,0.0,0.0,1.0,0.0,0.0,0.0,0.0,0.0,-0.1,0.0,1.2000000000000002,0.0,0.0,16.0,25903.0
2026-07-30T19:01:41.516Z,270.999,271.014,0.0,7.4,0.0,0.0,0.0,0.0,0.0,0.0,0.0,0.0,1.0,0.0,0.0,0.0,9.0,4.0,0.0,0.0,0.0,0.0,0.0,0.0,0.0,0.0,6.0,12.0,1.0,12.19,5.01,2.51,1.49,0.0,0.0,0.0,0.4,0.0,0.3,-0.4,-0.1,-169.70000000000002,0.0,0.0,169.8,0.0,21.3,29.200000000000003,29.200000000000003,29.700000000000003,300.0,300.0,31.6,35.6,29.1,28.3,30.200000000000003,4.95,1.99,4.97,0.16,0.0,0.0,1027.0,8228.0,0.0,0.0,0.0,0.0,0.0,1.0,0.0,0.0,0.0,0.0,0.0,-0.5,0.0,0.0,0.0,0.0,16.0,25903.0
2026-07-30T19:01:41.528Z,271.011,271.026,0.0,7.4,0.0,0.0,0.0,0.0,0.0,0.0,0.0,0.0,1.0,0.0,0.0,0.0,9.0,4.0,0.0,0.0,0.0,0.0,0.0,0.0,0.0,0.0,2.0,12.0,1.0,12.19,5.01,2.51,1.49,0.0,0.0,0.0,0.4,0.0,0.3,-0.4,-0.1,-169.70000000000002,0.0,0.0,169.60000000000002,0.0,21.3,29.200000000000003,29.200000000000003,29.700000000000003,300.0,300.0,31.6,35.6,29.1,28.3,30.200000000000003,4.96,2.0,4.96,0.16,0.0,0.0,1027.0,8228.0,0.0,0.0,0.0,0.0,0.0,1.0,0.0,0.0,0.0,0.0,0.0,-0.6000000000000001,0.0,-0.3,0.0,0.0,16.0,25903.0
2026-07-30T19:01:41.540Z,271.023,271.038,0.0,7.4,0.0,0.0,0.0,0.0,0.0,0.0,0.0,0.0,1.0,0.0,0.0,0.0,9.0,4.0,0.0,0.0,0.0,0.0,0.0,0.0,0.0,0.0,3.0,12.0,1.0,12.19,5.01,2.51,1.49,0.0,0.0,0.0,0.4,0.0,0.3,-0.4,0.9,-169.70000000000002,0.0,0.0,169.70000000000002,0.0,21.3,29.200000000000003,29.200000000000003,29.700000000000003,300.0,300.0,31.6,35.6,29.1,28.3,30.200000000000003,4.96,1.99,4.97,0.16,0.0,0.0,1027.0,8228.0,0.0,0.0,0.0,0.0,0.0,1.0,0.0,0.0,0.0,0.0,0.0,0.2,0.0,-0.9,0.0,0.0002,16.0,25903.0
2026-07-30T19:01:41.552Z,271.035,271.05,0.0,7.4,0.0,0.0,0.0,0.0,0.0,0.0,0.0,0.0,1.0,0.0,0.0,0.0,9.0,4.0,0.0,0.0,0.0,0.0,0.0,0.0,0.0,0.0,5.0,12.0,1.0,12.19,5.01,2.51,1.49,0.0,0.0,0.0,0.4,0.0,-0.8,0.1,0.3,-169.70000000000002,0.0,0.0,169.70000000000002,0.0,21.3,29.200000000000003,29.200000000000003,29.700000000000003,300.0,300.0,31.6,35.6,29.1,28.3,30.200000000000003,4.95,1.99,4.97,0.16,0.0,0.0,1027.0,8228.0,0.0,0.0,0.0,0.0,0.0,1.0,0.0,0.0,0.0,0.0,0.0,-0.4,0.0,0.7000000000000001,0.0,0.0001,16.0,25903.0
2026-07-30T19:01:41.564Z,271.047,271.062,0.0,7.4,0.0,0.0,0.0,0.0,0.0,0.0,0.0,0.0,1.0,0.0,0.0,0.0,9.0,4.0,0.0,0.0,0.0,0.0,0.0,0.0,0.0,0.0,6.0,12.0,1.0,12.19,5.01,2.51,1.49,0.0,0.0,0.0,0.4,0.0,-0.2,-0.4,-0.8,-169.70000000000002,0.0,0.0,169.8,0.0,21.3,29.200000000000003,29.200000000000003,29.700000000000003,300.0,300.0,31.6,35.6,29.1,28.3,30.200000000000003,4.95,1.99,4.96,0.16,0.0,0.0,1027.0,8228.0,0.0,0.0,0.0,0.0,0.0,1.0,0.0,0.0,0.0,0.0,0.0,0.1,0.0,-0.9,0.0,0.0001,16.0,25903.0
2026-07-30T19:01:41.576Z,271.059,271.074,0.0,7.4,0.0,0.0,0.0,0.0,0.0,0.0,0.0,0.0,1.0,0.0,0.0,0.0,9.0,4.0,0.0,0.0,0.0,0.0,0.0,0.0,0.0,0.0,2.0,12.0,1.0,12.19,5.01,2.51,1.49,0.0,0.0,0.0,0.4,0.0,-0.8,-0.5,1.4,-169.70000000000002,0.0,0.0,169.8,0.0,21.3,29.200000000000003,29.200000000000003,29.700000000000003,300.0,300.0,31.6,35.6,29.1,28.3,30.200000000000003,4.95,1.99,4.97,0.16,0.0,0.0,1027.0,8228.0,0.0,0.0,0.0,0.0,0.0,1.0,0.0,0.0,0.0,0.0,0.0,0.5,0.0,-1.4,0.0,0.0002,16.0,25903.0
2026-07-30T19:01:41.588Z,271.071,271.086,0.0,7.4,0.0,0.0,0.0,0.0,0.0,0.0,0.0,0.0,1.0,0.0,0.0,0.0,9.0,4.0,0.0,0.0,0.0,0.0,0.0,0.0,0.0,0.0,3.0,12.0,1.0,12.19,5.01,2.51,1.49,0.0,0.1,0.0,0.4,0.0,0.3,0.0,-0.2,-169.70000000000002,0.0,0.0,169.8,0.0,21.3,29.200000000000003,29.200000000000003,29.700000000000003,300.0,300.0,31.6,35.6,29.1,28.3,30.200000000000003,4.95,1.99,4.97,0.16,0.0,0.0,1027.0,8228.0,0.0,0.0,0.0,0.0,0.0,1.0,0.0,0.0,0.0,0.0,0.0,-0.1,0.0,0.2,0.0,0.0001,16.0,25903.0
2026-07-30T19:01:41.600Z,271.083,271.098,0.0,7.4,0.0,0.0,0.0,0.0,0.0,0.0,0.0,0.0,1.0,0.0,0.0,0.0,9.0,4.0,0.0,0.0,0.0,0.0,0.0,0.0,0.0,0.0,5.0,12.0,1.0,12.19,5.01,2.51,1.49,0.0,0.0,0.0,0.4,0.0,0.3,0.0,1.4,-169.70000000000002,0.0,0.0,169.8,0.0,21.3,29.200000000000003,29.200000000000003,29.700000000000003,300.0,300.0,31.6,35.6,29.1,28.3,30.200000000000003,4.95,2.0,4.97,0.16,0.0,0.0,1027.0,8228.0,0.0,0.0,0.0,0.0,0.0,1.0,0.0,0.0,0.0,0.0,0.0,1.1,0.0,-1.2000000000000002,0.0,0.0001,16.0,25903.0
2026-07-30T19:01:41.613Z,271.096,271.11,0.0,7.4,0.0,0.0,0.0,0.0,0.0,0.0,0.0,0.0,1.0,0.0,0.0,0.0,9.0,4.0,0.0,0.0,0.0,0.0,0.0,0.0,0.0,0.0,6.0,12.0,1.0,12.18,5.01,2.51,1.49,0.0,0.0,0.0,0.4,0.0,0.3,-0.4,-0.2,-169.70000000000002,0.0,0.0,169.8,0.0,21.9,29.200000000000003,29.200000000000003,29.700000000000003,300.0,300.0,31.8,35.7,29.1,28.3,30.200000000000003,4.96,2.0,4.96,0.16,0.0,0.0,1027.0,8228.0,0.0,0.0,0.0,0.0,0.0,1.0,0.0,0.0,0.0,0.0,0.0,-0.7000000000000001,0.0,0.1,0.0,0.0001,16.0,25903.0
2026-07-30T19:01:41.624Z,271.107,271.122,0.0,7.4,0.0,0.0,0.0,0.0,0.0,0.0,0.0,0.0,1.0,0.0,0.0,0.0,9.0,4.0,0.0,0.0,0.0,0.0,0.0,0.0,0.0,0.0,2.0,12.0,1.0,12.18,5.01,2.51,1.49,0.0,0.0,0.0,0.4,0.0,-0.8,-0.5,-0.2,-169.70000000000002,0.0,0.0,169.60000000000002,0.0,21.9,29.200000000000003,29.200000000000003,29.700000000000003,300.0,300.0,31.8,35.7,29.1,28.3,30.200000000000003,4.95,1.99,4.97,0.16,0.0,0.0,1027.0,8228.0,0.0,0.0,0.0,0.0,0.0,1.0,0.0,0.0,0.0,0.0,0.0,-0.7000000000000001,0.0,0.1,0.0,0.0,16.0,25903.0
2026-07-30T19:01:41.637Z,271.12,271.134,0.0,7.4,0.0,0.0,0.0,0.0,0.0,0.0,0.0,0.0,1.0,0.0,0.0,0.0,9.0,4.0,0.0,0.0,0.0,0.0,0.0,0.0,0.0,0.0,3.0,12.0,1.0,12.18,5.01,2.51,1.49,0.0,0.0,0.0,0.4,0.0,0.2,0.6000000000000001,-0.2,-169.70000000000002,0.0,0.0,169.8,0.0,21.9,29.200000000000003,29.200000000000003,29.700000000000003,300.0,300.0,31.8,35.7,29.1,28.3,30.200000000000003,4.95,1.99,4.97,0.16,0.0,0.0,1027.0,8228.0,0.0,0.0,0.0,0.0,0.0,1.0,0.0,0.0,0.0,0.0,0.0,0.5,0.0,0.3,0.0,0.0003,16.0,25903.0
2026-07-30T19:01:41.649Z,271.132,271.146,0.0,7.4,0.0,0.0,0.0,0.0,0.0,0.0,0.0,0.0,1.0,0.0,0.0,0.0,9.0,4.0,0.0,0.0,0.0,0.0,0.0,0.0,0.0,0.0,3.0,12.0,1.0,12.18,5.01,2.51,1.49,0.0,0.0,0.0,0.4,0.0,-0.9,-1.0,-1.4,-169.70000000000002,0.0,0.0,169.70000000000002,0.0,21.9,29.200000000000003,29.200000000000003,29.700000000000003,300.0,300.0,31.8,35.7,29.1,28.3,30.200000000000003,4.96,2.0,4.97,0.16,0.0,0.0,1027.0,8228.0,0.0,0.0,0.0,0.0,0.0,1.0,0.0,0.0,0.0,0.0,0.0,-2.2,0.0,1.0,0.0,0.0002,16.0,25903.0
2026-07-30T19:01:41.660Z,271.143,271.158,0.0,7.4,0.0,0.0,0.0,0.0,0.0,0.0,0.0,0.0,1.0,0.0,0.0,0.0,9.0,4.0,0.0,0.0,0.0,0.0,0.0,0.0,0.0,0.0,4.0,12.0,1.0,12.18,5.01,2.51,1.49,0.0,0.0,0.0,0.4,0.0,0.2,0.1,0.9,-169.70000000000002,0.0,0.0,169.60000000000002,0.0,21.9,29.200000000000003,29.200000000000003,29.700000000000003,300.0,300.0,31.8,35.7,29.1,28.3,30.200000000000003,4.95,2.0,4.96,0.16,0.0,0.0,1027.0,8228.0,0.0,0.0,0.0,0.0,0.0,1.0,0.0,0.0,0.0,0.0,0.0,0.8,0.0,-0.7000000000000001,0.0,0.0001,16.0,25903.0
2026-07-30T19:01:41.674Z,271.157,271.17,0.0,7.4,0.0,0.0,0.0,0.0,0.0,0.0,0.0,0.0,1.0,0.0,0.0,0.0,9.0,4.0,0.0,0.0,0.0,0.0,0.0,0.0,0.0,0.0,5.0,12.0,1.0,12.18,5.01,2.51,1.49,0.0,0.0,0.0,0.4,0.0,-0.3,-0.4,-0.1,-169.70000000000002,0.0,0.0,169.8,0.0,21.9,29.200000000000003,29.200000000000003,29.700000000000003,300.0,300.0,31.8,35.7,29.1,28.3,30.200000000000003,4.95,1.99,4.97,0.16,0.0,0.0,1027.0,8228.0,0.0,0.0,0.0,0.0,0.0,1.0,0.0,0.0,0.0,0.0,0.0,-0.6000000000000001,0.0,0.0,0.0,0.0001,16.0,25903.0
2026-07-30T19:01:41.684Z,271.167,271.182,0.0,7.4,0.0,0.0,0.0,0.0,0.0,0.0,0.0,0.0,1.0,0.0,0.0,0.0,9.0,4.0,0.0,0.0,0.0,0.0,0.0,0.0,0.0,0.0,5.0,12.0,1.0,12.18,5.01,2.51,1.49,0.0,0.0,0.0,0.4,0.0,-0.8,0.7000000000000001,-0.2,-169.70000000000002,0.0,0.0,169.8,0.0,21.9,29.200000000000003,29.200000000000003,29.700000000000003,300.0,300.0,31.8,35.7,29.1,28.3,30.200000000000003,4.95,2.0,4.96,0.16,0.0,0.0,1027.0,8228.0,0.0,0.0,0.0,0.0,0.0,1.0,0.0,0.0,0.0,0.0,0.0,0.6000000000000001,0.0,0.3,0.0,0.0002,16.0,25903.0
2026-07-30T19:01:41.696Z,271.179,271.194,0.0,7.4,0.0,0.0,0.0,0.0,0.0,0.0,0.0,0.0,1.0,0.0,0.0,0.0,9.0,4.0,0.0,0.0,0.0,0.0,0.0,0.0,0.0,0.0,6.0,12.0,1.0,12.18,5.01,2.51,1.49,0.0,0.0,0.0,0.4,0.0,0.9,0.1,-0.1,-169.70000000000002,0.0,0.0,169.60000000000002,0.0,21.9,29.200000000000003,29.200000000000003,29.700000000000003,300.0,300.0,31.8,35.7,29.1,28.3,30.200000000000003,4.96,1.99,4.96,0.16,0.0,0.0,1027.0,8228.0,0.0,0.0,0.0,0.0,0.0,1.0,0.0,0.0,0.0,0.0,0.0,0.0,0.0,0.1,0.0,0.0,16.0,25903.0
2026-07-30T19:01:41.710Z,271.193,271.206,0.0,7.4,0.0,0.0,0.0,0.0,0.0,0.0,0.0,0.0,1.0,0.0,0.0,0.0,9.0,4.0,0.0,0.0,0.0,0.0,0.0,0.0,0.0,0.0,1.0,12.0,1.0,12.15,5.01,2.5,1.49,0.0,0.0,0.0,0.5,0.0,-0.2,-0.9,0.3,-169.70000000000002,0.0,0.0,169.70000000000002,0.0,21.3,29.200000000000003,29.200000000000003,29.700000000000003,300.0,300.0,31.700000000000003,35.7,29.1,28.3,30.200000000000003,4.95,1.99,4.97,0.16,0.0,0.0,1027.0,8228.0,0.0,0.0,0.0,0.0,0.0,1.0,0.0,0.0,0.0,0.0,0.0,-0.7000000000000001,0.0,-0.5,0.0,0.0001,16.0,25903.0
2026-07-30T19:01:41.721Z,271.204,271.218,0.0,7.4,0.0,0.0,0.0,0.0,0.0,0.0,0.0,0.0,1.0,0.0,0.0,0.0,9.0,4.0,0.0,0.0,0.0,0.0,0.0,0.0,0.0,0.0,1.0,12.0,1.0,12.15,5.01,2.5,1.49,0.0,0.0,0.0,0.4,0.0,0.3,-0.4,0.3,-169.70000000000002,0.0,0.0,169.70000000000002,0.0,21.3,29.200000000000003,29.200000000000003,29.700000000000003,300.0,300.0,31.700000000000003,35.7,29.1,28.3,30.200000000000003,4.96,1.99,4.96,0.16,0.0,0.0,1027.0,8228.0,0.0,0.0,0.0,0.0,0.0,1.0,0.0,0.0,0.0,0.0,0.0,-0.2,0.0,-0.3,0.0,0.0,16.0,25903.0
2026-07-30T19:01:41.732Z,271.215,271.23,0.0,7.4,0.0,0.0,0.0,0.0,0.0,0.0,0.0,0.0,1.0,0.0,0.0,0.0,9.0,4.0,0.0,0.0,0.0,0.0,0.0,0.0,0.0,0.0,2.0,12.0,1.0,12.15,5.01,2.5,1.49,0.0,0.0,0.0,0.4,0.0,-0.2,1.3,0.9,-169.70000000000002,0.0,0.0,169.70000000000002,0.0,21.3,29.200000000000003,29.200000000000003,29.700000000000003,300.0,300.0,31.700000000000003,35.7,29.1,28.3,30.200000000000003,4.96,2.0,4.96,0.16,0.0,0.0,1027.0,8228.0,0.0,0.0,0.0,0.0,0.0,1.0,0.0,0.0,0.0,0.0,0.0,2.2,0.0,-0.5,0.0,0.0001,16.0,25903.0
2026-07-30T19:01:41.745Z,271.228,271.242,0.0,7.4,0.0,0.0,0.0,0.0,0.0,0.0,0.0,0.0,1.0,0.0,0.0,0.0,9.0,4.0,0.0,0.0,0.0,0.0,0.0,0.0,0.0,0.0,3.0,12.0,1.0,12.15,5.01,2.5,1.49,0.0,0.0,0.0,0.4,0.0,0.9,0.7000000000000001,-0.1,-169.70000000000002,0.0,0.0,169.70000000000002,0.0,21.3,29.200000000000003,29.200000000000003,29.700000000000003,300.0,300.0,31.700000000000003,35.7,29.1,28.3,30.200000000000003,4.95,1.99,4.96,0.16,0.0,0.0,1027.0,8228.0,0.0,0.0,0.0,0.0,0.0,1.0,0.0,0.0,0.0,0.0,0.0,0.7000000000000001,0.0,0.3,0.0,0.0,16.0,25903.0
2026-07-30T19:01:41.757Z,271.24,271.254,0.0,7.4,0.0,0.0,0.0,0.0,0.0,0.0,0.0,0.0,1.0,0.0,0.0,0.0,9.0,4.0,0.0,0.0,0.0,0.0,0.0,0.0,0.0,0.0,4.0,12.0,1.0,12.15,5.01,2.5,1.49,0.0,0.1,0.0,0.5,0.0,-0.2,-1.5,-1.3,-169.70000000000002,0.0,0.0,169.8,0.0,21.3,29.200000000000003,29.200000000000003,29.700000000000003,300.0,300.0,31.700000000000003,35.7,29.1,28.3,30.200000000000003,4.95,1.99,4.97,0.16,0.0,0.0,1027.0,8228.0,0.0,0.0,0.0,0.0,0.0,1.0,0.0,0.0,0.0,0.0,0.0,-2.8000000000000003,0.0,0.8,0.0,0.0,16.0,25903.0
2026-07-30T19:01:41.769Z,271.252,271.266,0.0,7.4,0.0,0.0,0.0,0.0,0.0,0.0,0.0,0.0,1.0,0.0,0.0,0.0,9.0,4.0,0.0,0.0,0.0,0.0,0.0,0.0,0.0,0.0,5.0,12.0,1.0,12.15,5.01,2.5,1.49,0.0,0.1,0.0,0.4,0.0,0.3,0.1,0.3,-169.70000000000002,0.0,0.0,169.70000000000002,0.0,21.3,29.200000000000003,29.200000000000003,29.700000000000003,300.0,300.0,31.700000000000003,35.7,29.1,28.3,30.200000000000003,4.96,2.0,4.96,0.16,0.0,0.0,1027.0,8228.0,0.0,0.0,0.0,0.0,0.0,1.0,0.0,0.0,0.0,0.0,0.0,0.4,0.0,-0.3,0.0,0.0001,16.0,25903.0
2026-07-30T19:01:41.781Z,271.264,271.278,0.0,7.4,0.0,0.0,0.0,0.0,0.0,0.0,0.0,0.0,1.0,0.0,0.0,0.0,9.0,4.0,0.0,0.0,0.0,0.0,0.0,0.0,0.0,0.0,6.0,12.0,1.0,12.15,5.01,2.5,1.49,0.0,0.0,0.0,0.4,0.0,0.3,0.6000000000000001,0.9,-169.70000000000002,0.0,0.0,169.8,0.0,21.3,29.200000000000003,29.200000000000003,29.700000000000003,300.0,300.0,31.700000000000003,35.7,29.1,28.3,30.200000000000003,4.96,1.99,4.97,0.16,0.0,0.0,1027.0,8228.0,0.0,0.0,0.0,0.0,0.0,1.0,0.0,0.0,0.0,0.0,0.0,1.4,0.0,-0.7000000000000001,0.0,0.0002,16.0,25903.0
2026-07-30T19:01:41.793Z,271.276,271.29,0.0,7.4,0.0,0.0,0.0,0.0,0.0,0.0,0.0,0.0,1.0,0.0,0.0,0.0,9.0,4.0,0.0,0.0,0.0,0.0,0.0,0.0,0.0,0.0,1.0,12.0,1.0,12.15,5.01,2.5,1.49,0.0,0.0,0.0,0.4,0.0,-0.2,0.0,-0.7000000000000001,-169.70000000000002,0.0,0.0,169.70000000000002,0.0,21.3,29.200000000000003,29.200000000000003,29.700000000000003,300.0,300.0,31.700000000000003,35.7,29.1,28.3,30.200000000000003,4.95,1.99,4.97,0.16,0.0,0.0,1027.0,8228.0,0.0,0.0,0.0,0.0,0.0,1.0,0.0,0.0,0.0,0.0,0.0,-0.4,0.0,0.6000000000000001,0.0,0.0,16.0,25903.0
2026-07-30T19:01:41.805Z,271.288,271.302,0.0,7.4,0.0,0.0,0.0,0.0,0.0,0.0,0.0,0.0,1.0,0.0,0.0,0.0,9.0,4.0,0.0,0.0,0.0,0.0,0.0,0.0,0.0,0.0,2.0,12.0,1.0,12.15,5.01,2.5,1.49,0.0,0.0,0.0,0.4,0.0,0.3,0.6000000000000001,0.4,-169.70000000000002,0.0,0.0,169.70000000000002,0.0,21.3,29.200000000000003,29.200000000000003,29.700000000000003,300.0,300.0,31.700000000000003,35.7,29.1,28.3,30.200000000000003,4.95,1.99,4.96,0.16,0.0,0.0,1027.0,8228.0,0.0,0.0,0.0,0.0,0.0,1.0,0.0,0.0,0.0,0.0,0.0,1.1,0.0,-0.2,0.0,0.0,16.0,25903.0
2026-07-30T19:01:41.817Z,271.3,271.314,0.0,7.4,0.0,0.0,0.0,0.0,0.0,0.0,0.0,0.0,1.0,0.0,0.0,0.0,9.0,4.0,0.0,0.0,0.0,0.0,0.0,0.0,0.0,0.0,3.0,12.0,1.0,12.14,5.01,2.5,1.49,0.0,0.0,0.0,0.4,0.0,-0.2,0.0,-0.7000000000000001,-169.70000000000002,0.0,0.0,169.8,0.0,21.8,29.200000000000003,29.200000000000003,29.700000000000003,300.0,300.0,31.700000000000003,35.7,29.1,28.3,30.200000000000003,4.96,2.0,4.96,0.16,0.0,0.0,1027.0,8228.0,0.0,0.0,0.0,0.0,0.0,1.0,0.0,0.0,0.0,0.0,0.0,-0.5,0.0,0.6000000000000001,0.0,0.0001,16.0,25903.0
2026-07-30T19:01:41.829Z,271.312,271.326,0.0,7.4,0.0,0.0,0.0,0.0,0.0,0.0,0.0,0.0,1.0,0.0,0.0,0.0,9.0,4.0,0.0,0.0,0.0,0.0,0.0,0.0,0.0,0.0,4.0,12.0,1.0,12.14,5.01,2.5,1.49,0.0,0.0,0.0,0.4,0.0,0.3,0.0,-0.7000000000000001,-169.70000000000002,0.0,0.0,169.70000000000002,0.0,21.8,29.200000000000003,29.200000000000003,29.700000000000003,300.0,300.0,31.700000000000003,35.7,29.1,28.3,30.200000000000003,4.96,1.99,4.97,0.16,0.0,0.0,1027.0,8228.0,0.0,0.0,0.0,0.0,0.0,1.0,0.0,0.0,0.0,0.0,0.0,-0.4,0.0,0.6000000000000001,0.0,0.0002,16.0,25903.0
2026-07-30T19:01:41.841Z,271.324,271.338,0.0,7.4,0.0,0.0,0.0,0.0,0.0,0.0,0.0,0.0,1.0,0.0,0.0,0.0,9.0,4.0,0.0,0.0,0.0,0.0,0.0,0.0,0.0,0.0,6.0,12.0,1.0,12.14,5.01,2.5,1.49,0.0,0.0,0.0,0.4,0.0,0.3,0.6000000000000001,-0.1,-169.70000000000002,0.0,0.0,169.70000000000002,0.0,21.8,29.200000000000003,29.200000000000003,29.700000000000003,300.0,300.0,31.700000000000003,35.7,29.1,28.3,30.200000000000003,4.95,1.99,4.97,0.16,0.0,0.0,1027.0,8228.0,0.0,0.0,0.0,0.0,0.0,1.0,0.0,0.0,0.0,0.0,0.0,0.5,0.0,0.2,0.0,0.0001,16.0,25903.0
2026-07-30T19:01:41.853Z,271.336,271.35,0.0,7.4,0.0,0.0,0.0,0.0,0.0,0.0,0.0,0.0,1.0,0.0,0.0,0.0,9.0,4.0,0.0,0.0,0.0,0.0,0.0,0.0,0.0,0.0,1.0,12.0,1.0,12.14,5.01,2.5,1.49,0.0,0.0,0.0,0.4,0.0,0.3,-0.5,-0.1,-169.70000000000002,0.0,0.0,169.70000000000002,0.0,21.8,29.200000000000003,29.200000000000003,29.700000000000003,300.0,300.0,31.700000000000003,35.7,29.1,28.3,30.200000000000003,4.96,1.99,4.96,0.16,0.0,0.0,1027.0,8228.0,0.0,0.0,0.0,0.0,0.0,1.0,0.0,0.0,0.0,0.0,0.0,-0.7000000000000001,0.0,0.0,0.0,0.0001,16.0,25903.0
2026-07-30T19:01:41.864Z,271.347,271.362,0.0,7.4,0.0,0.0,0.0,0.0,0.0,0.0,0.0,0.0,1.0,0.0,0.0,0.0,9.0,4.0,0.0,0.0,0.0,0.0,0.0,0.0,0.0,0.0,2.0,12.0,1.0,12.14,5.01,2.5,1.49,0.0,0.0,0.0,0.4,0.0,0.9,0.0,1.0,-169.70000000000002,0.0,0.0,169.70000000000002,0.0,21.8,29.200000000000003,29.200000000000003,29.700000000000003,300.0,300.0,31.700000000000003,35.7,29.1,28.3,30.200000000000003,4.95,1.99,4.97,0.16,0.0,0.0,1027.0,8228.0,0.0,0.0,0.0,0.0,0.0,1.0,0.0,0.0,0.0,0.0,0.0,0.7000000000000001,0.0,-0.9,0.0,0.0,16.0,25903.0
2026-07-30T19:01:41.877Z,271.36,271.374,0.0,7.4,0.0,0.0,0.0,0.0,0.0,0.0,0.0,0.0,1.0,0.0,0.0,0.0,9.0,4.0,0.0,0.0,0.0,0.0,0.0,0.0,0.0,0.0,3.0,12.0,1.0,12.14,5.01,2.5,1.49,0.0,0.0,0.0,0.4,0.0,-0.2,1.1,-1.2000000000000002,-169.70000000000002,0.0,0.0,169.70000000000002,0.0,21.8,29.200000000000003,29.200000000000003,29.700000000000003,300.0,300.0,31.700000000000003,35.7,29.1,28.3,30.200000000000003,4.95,2.0,4.97,0.16,0.0,0.0,1027.0,8228.0,0.0,0.0,0.0,0.0,0.0,1.0,0.0,0.0,0.0,0.0,0.0,0.4,0.0,1.3,0.0,0.0,16.0,25903.0
2026-07-30T19:01:41.889Z,271.372,271.386,0.0,7.4,0.0,0.0,0.0,0.0,0.0,0.0,0.0,0.0,1.0,0.0,0.0,0.0,9.0,4.0,0.0,0.0,0.0,0.0,0.0,0.0,0.0,0.0,4.0,12.0,1.0,12.14,5.01,2.5,1.49,0.0,0.1,0.0,0.4,0.0,0.3,0.0,0.0,-169.70000000000002,0.0,0.0,169.70000000000002,0.0,21.8,29.200000000000003,29.200000000000003,29.700000000000003,300.0,300.0,31.700000000000003,35.7,29.1,28.3,30.200000000000003,4.95,1.99,4.97,0.16,0.0,0.0,1027.0,8228.0,0.0,0.0,0.0,0.0,0.0,1.0,0.0,0.0,0.0,0.0,0.0,0.0,0.0,0.0,0.0,0.0,16.0,25903.0
2026-07-30T19:01:41.900Z,271.383,271.398,0.0,7.4,0.0,0.0,0.0,0.0,0.0,0.0,0.0,0.0,1.0,0.0,0.0,0.0,9.0,4.0,0.0,0.0,0.0,0.0,0.0,0.0,0.0,0.0,5.0,12.0,1.0,12.14,5.01,2.5,1.49,0.0,0.0,0.0,0.4,0.0,0.9,0.6000000000000001,0.0,-169.70000000000002,0.0,0.0,169.60000000000002,0.0,21.8,29.200000000000003,29.200000000000003,29.700000000000003,300.0,300.0,31.700000000000003,35.7,29.1,28.3,30.200000000000003,4.96,1.99,4.96,0.17,0.0,0.0,1027.0,8228.0,0.0,0.0,0.0,0.0,0.0,1.0,0.0,0.0,0.0,0.0,0.0,0.6000000000000001,0.0,0.1,0.0,0.0001,16.0,25903.0
2026-07-30T19:01:41.913Z,271.396,271.41,0.0,7.4,0.0,0.0,0.0,0.0,0.0,0.0,0.0,0.0,1.0,0.0,0.0,0.0,9.0,4.0,0.0,0.0,0.0,0.0,0.0,0.0,0.0,0.0,6.0,12.0,1.0,12.17,5.01,2.5,1.49,0.0,0.0,0.0,0.4,0.0,0.4,-0.5,-0.6000000000000001,-169.70000000000002,0.0,0.0,169.70000000000002,0.0,21.3,29.200000000000003,29.200000000000003,29.700000000000003,300.0,300.0,31.700000000000003,35.7,29.1,28.3,30.200000000000003,4.95,1.99,4.97,0.17,0.0,0.0,1027.0,8228.0,0.0,0.0,0.0,0.0,0.0,1.0,0.0,0.0,0.0,0.0,0.0,-1.0,0.0,0.4,0.0,0.0,16.0,25903.0
2026-07-30T19:01:41.924Z,271.407,271.422,0.0,7.4,0.0,0.0,0.0,0.0,0.0,0.0,0.0,0.0,1.0,0.0,0.0,0.0,9.0,4.0,0.0,0.0,0.0,0.0,0.0,0.0,0.0,0.0,2.0,12.0,1.0,12.17,5.01,2.5,1.49,0.0,0.1,0.0,0.4,0.0,-0.1,-0.5,-0.5,-169.70000000000002,0.0,0.0,169.70000000000002,0.0,21.3,29.200000000000003,29.200000000000003,29.700000000000003,300.0,300.0,31.700000000000003,35.7,29.1,28.3,30.200000000000003,4.95,1.99,4.96,0.16,0.0,0.0,1027.0,8228.0,0.0,0.0,0.0,0.0,0.0,1.0,0.0,0.0,0.0,0.0,0.0,-1.0,0.0,0.4,0.0,0.0001,16.0,25903.0
2026-07-30T19:01:41.936Z,271.419,271.434,0.0,7.4,0.0,0.0,0.0,0.0,0.0,0.0,0.0,0.0,1.0,0.0,0.0,0.0,9.0,4.0,0.0,0.0,0.0,0.0,0.0,0.0,0.0,0.0,3.0,12.0,1.0,12.17,5.01,2.5,1.49,0.0,0.0,0.0,0.4,0.0,0.4,0.0,-1.1,-169.70000000000002,0.0,0.0,169.70000000000002,0.0,21.3,29.200000000000003,29.200000000000003,29.700000000000003,300.0,300.0,31.700000000000003,35.7,29.1,28.3,30.200000000000003,4.96,1.99,4.96,0.16,0.0,0.0,1027.0,8228.0,0.0,0.0,0.0,0.0,0.0,1.0,0.0,0.0,0.0,0.0,0.0,-0.8,0.0,1.0,0.0,0.0,16.0,25903.0
2026-07-30T19:01:41.949Z,271.432,271.446,0.0,7.4,0.0,0.0,0.0,0.0,0.0,0.0,0.0,0.0,1.0,0.0,0.0,0.0,9.0,4.0,0.0,0.0,0.0,0.0,0.0,0.0,0.0,0.0,4.0,12.0,1.0,12.17,5.01,2.5,1.49,0.0,0.0,0.0,0.4,0.0,0.9,0.0,0.5,-169.70000000000002,0.0,0.0,169.60000000000002,0.0,21.3,29.200000000000003,29.200000000000003,29.700000000000003,300.0,300.0,31.700000000000003,35.7,29.1,28.3,30.200000000000003,4.95,1.99,4.97,0.16,0.0,0.0,1027.0,8228.0,0.0,0.0,0.0,0.0,0.0,1.0,0.0,0.0,0.0,0.0,0.0,0.5,0.0,-0.4,0.0,0.0,16.0,25903.0
2026-07-30T19:01:41.962Z,271.445,271.458,0.0,7.4,0.0,0.0,0.0,0.0,0.0,0.0,0.0,0.0,1.0,0.0,0.0,0.0,9.0,4.0,0.0,0.0,0.0,0.0,0.0,0.0,0.0,0.0,5.0,12.0,1.0,12.17,5.01,2.5,1.49,0.0,0.1,0.0,0.4,0.0,0.4,0.6000000000000001,0.0,-169.60000000000002,0.0,0.0,169.60000000000002,0.0,21.3,29.200000000000003,29.200000000000003,29.700000000000003,300.0,300.0,31.700000000000003,35.7,29.1,28.3,30.200000000000003,4.96,1.99,4.97,0.16,0.0,0.0,1027.0,8228.0,0.0,0.0,0.0,0.0,0.0,1.0,0.0,0.0,0.0,0.0,0.0,0.7000000000000001,0.0,0.1,0.0,0.0,16.0,25903.0
2026-07-30T19:01:41.973Z,271.456,271.47,0.0,7.4,0.0,0.0,0.0,0.0,0.0,0.0,0.0,0.0,1.0,0.0,0.0,0.0,9.0,4.0,0.0,0.0,0.0,0.0,0.0,0.0,0.0,0.0,5.0,12.0,1.0,12.17,5.01,2.5,1.49,0.0,0.0,0.0,0.4,0.0,0.4,0.7000000000000001,-0.5,-169.60000000000002,0.0,0.0,169.60000000000002,0.0,21.3,29.200000000000003,29.200000000000003,29.700000000000003,300.0,300.0,31.700000000000003,35.7,29.1,28.3,30.200000000000003,4.96,1.99,4.97,0.16,0.0,0.0,1027.0,8228.0,0.0,0.0,0.0,0.0,0.0,1.0,0.0,0.0,0.0,0.0,0.0,0.3,0.0,0.6000000000000001,0.0,0.0,16.0,25903.0
2026-07-30T19:01:41.985Z,271.468,271.482,0.0,7.4,0.0,0.0,0.0,0.0,0.0,0.0,0.0,0.0,1.0,0.0,0.0,0.0,9.0,4.0,0.0,0.0,0.0,0.0,0.0,0.0,0.0,0.0,1.0,12.0,1.0,12.17,5.01,2.5,1.49,0.0,0.0,0.0,0.5,0.0,0.4,0.7000000000000001,1.1,-169.60000000000002,0.0,0.0,169.70000000000002,0.0,21.3,29.200000000000003,29.200000000000003,29.700000000000003,300.0,300.0,31.700000000000003,35.7,29.1,28.3,30.200000000000003,4.95,1.99,4.97,0.16,0.0,0.0,1027.0,8228.0,0.0,0.0,0.0,0.0,0.0,1.0,0.0,0.0,0.0,0.0,0.0,1.6,0.0,-0.8,0.0,0.0,16.0,25903.0
2026-07-30T19:01:41.996Z,271.479,271.494,0.0,7.4,0.0,0.0,0.0,0.0,0.0,0.0,0.0,0.0,1.0,0.0,0.0,0.0,9.0,4.0,0.0,0.0,0.0,0.0,0.0,0.0,0.0,0.0,1.0,12.0,1.0,12.17,5.01,2.5,1.49,0.0,0.0,0.0,0.4,0.0,-0.7000000000000001,0.0,-1.2000000000000002,-169.60000000000002,0.0,0.0,169.70000000000002,0.0,21.3,29.200000000000003,29.200000000000003,29.700000000000003,300.0,300.0,31.700000000000003,35.7,29.1,28.3,30.200000000000003,4.95,1.99,4.97,0.16,0.0,0.0,1027.0,8228.0,0.0,0.0,0.0,0.0,0.0,1.0,0.0,0.0,0.0,0.0,0.0,-0.8,0.0,1.1,0.0,0.0,16.0,25903.0
2026-07-30T19:01:42.009Z,271.492,271.50600000000003,0.0,7.4,0.0,0.0,0.0,0.0,0.0,0.0,0.0,0.0,1.0,0.0,0.0,0.0,9.0,4.0,0.0,0.0,0.0,0.0,0.0,0.0,0.0,0.0,2.0,12.0,1.0,12.17,5.01,2.5,1.49,0.0,0.0,0.0,0.5,0.0,-0.1,-1.0,-1.2000000000000002,-169.60000000000002,0.0,0.0,169.70000000000002,0.0,21.3,29.200000000000003,29.200000000000003,29.700000000000003,300.0,300.0,31.700000000000003,35.7,29.1,28.3,30.200000000000003,4.95,1.99,4.96,0.16,0.0,0.0,1027.0,8228.0,0.0,0.0,0.0,0.0,0.0,1.0,0.0,0.0,0.0,0.0,0.0,-2.1,0.0,0.8,0.0,0.0,16.0,25903.0
2026-07-30T19:01:42.021Z,271.504,271.51800000000003,0.0,7.4,0.0,0.0,0.0,0.0,0.0,0.0,0.0,0.0,1.0,0.0,0.0,0.0,9.0,4.0,0.0,0.0,0.0,0.0,0.0,0.0,0.0,0.0,4.0,12.0,1.0,12.17,5.01,2.51,1.49,0.0,0.0,0.0,0.4,0.0,-0.1,1.2000000000000002,0.0,-169.60000000000002,0.0,0.0,169.60000000000002,0.0,21.700000000000003,29.200000000000003,29.200000000000003,29.700000000000003,300.0,300.0,31.700000000000003,35.7,29.1,28.3,30.200000000000003,4.95,1.99,4.97,0.16,0.0,0.0,1027.0,8228.0,0.0,0.0,0.0,0.0,0.0,1.0,0.0,0.0,0.0,0.0,0.0,1.4,0.0,0.3,0.0,0.0,16.0,25903.0
2026-07-30T19:01:42.033Z,271.516,271.53000000000003,0.0,7.4,0.0,0.0,0.0,0.0,0.0,0.0,0.0,0.0,1.0,0.0,0.0,0.0,9.0,4.0,0.0,0.0,0.0,0.0,0.0,0.0,0.0,0.0,4.0,12.0,1.0,12.17,5.01,2.51,1.49,0.0,0.0,0.0,0.4,0.0,-0.1,1.2000000000000002,-0.7000000000000001,-169.60000000000002,0.0,0.0,169.60000000000002,0.0,21.700000000000003,29.200000000000003,29.200000000000003,29.700000000000003,300.0,300.0,31.700000000000003,35.7,29.1,28.3,30.200000000000003,4.95,1.99,4.97,0.16,0.0,0.0,1027.0,8228.0,0.0,0.0,0.0,0.0,0.0,1.0,0.0,0.0,0.0,0.0,0.0,0.9,0.0,0.8,0.0,0.0,16.0,25903.0
2026-07-30T19:01:42.044Z,271.527,271.54200000000003,0.0,7.4,0.0,0.0,0.0,0.0,0.0,0.0,0.0,0.0,1.0,0.0,0.0,0.0,9.0,4.0,0.0,0.0,0.0,0.0,0.0,0.0,0.0,0.0,5.0,12.0,1.0,12.17,5.01,2.51,1.49,0.0,0.0,0.0,0.5,0.0,0.4,-0.4,0.4,-169.60000000000002,0.0,0.0,169.70000000000002,0.0,21.700000000000003,29.200000000000003,29.200000000000003,29.700000000000003,300.0,300.0,31.700000000000003,35.7,29.1,28.3,30.200000000000003,4.96,1.99,4.96,0.16,0.0,0.0,1027.0,8228.0,0.0,0.0,0.0,0.0,0.0,1.0,0.0,0.0,0.0,0.0,0.0,0.2,0.0,-1.0,0.0,0.0,16.0,25903.0
2026-07-30T19:01:42.056Z,271.539,271.55400000000003,0.0,7.4,0.0,0.0,0.0,0.0,0.0,0.0,0.0,0.0,1.0,0.0,0.0,0.0,9.0,4.0,0.0,0.0,0.0,0.0,0.0,0.0,0.0,0.0,6.0,12.0,1.0,12.17,5.01,2.51,1.49,0.0,0.0,0.0,0.4,0.0,0.4,-1.0,-1.9,-169.60000000000002,0.0,0.0,169.60000000000002,0.0,21.700000000000003,29.200000000000003,29.200000000000003,29.700000000000003,300.0,300.0,31.700000000000003,35.7,29.1,28.3,30.200000000000003,4.95,2.0,4.96,0.16,0.0,0.0,1027.0,8228.0,0.0,0.0,0.0,0.0,0.0,1.0,0.0,0.0,0.0,0.0,0.0,-1.3,0.0,0.0,0.0,0.0,16.0,25903.0
2026-07-30T19:01:42.069Z,271.552,271.56600000000003,0.0,7.4,0.0,0.0,0.0,0.0,0.0,0.0,0.0,0.0,1.0,0.0,0.0,0.0,9.0,4.0,0.0,0.0,0.0,0.0,0.0,0.0,0.0,0.0,1.0,12.0,1.0,12.17,5.01,2.51,1.49,0.0,0.0,0.0,0.5,0.0,-0.7000000000000001,-0.5,0.4,-169.60000000000002,0.0,0.0,169.60000000000002,0.0,21.700000000000003,29.200000000000003,29.200000000000003,29.700000000000003,300.0,300.0,31.700000000000003,35.7,29.1,28.3,30.200000000000003,4.95,1.99,4.97,0.16,0.0,0.0,1027.0,8228.0,0.0,0.0,0.0,0.0,0.0,1.0,0.0,0.0,0.0,0.0,0.0,0.8,0.0,0.9,0.0,0.0,16.0,25903.0
2026-07-30T19:01:42.081Z,271.564,271.57800000000003,0.0,7.4,0.0,0.0,0.0,0.0,0.0,0.0,0.0,0.0,1.0,0.0,0.0,0.0,9.0,4.0,0.0,0.0,0.0,0.0,0.0,0.0,0.0,0.0,3.0,12.0,1.0,12.17,5.01,2.51,1.49,0.0,0.0,0.0,0.4,0.0,0.3,0.0,-0.1,-169.60000000000002,0.0,0.0,169.60000000000002,0.0,21.700000000000003,29.200000000000003,29.200000000000003,29.700000000000003,300.0,300.0,31.700000000000003,35.7,29.1,28.3,30.200000000000003,4.95,2.0,4.97,0.16,0.0,0.0,1027.0,8228.0,0.0,0.0,0.0,0.0,0.0,1.0,0.0,0.0,0.0,0.0,0.0,0.0,0.0,0.1,0.0,0.0,16.0,25903.0
2026-07-30T19:01:42.092Z,271.575,271.59000000000003,0.0,7.4,0.0,0.0,0.0,0.0,0.0,0.0,0.0,0.0,1.0,0.0,0.0,0.0,9.0,4.0,0.0,0.0,0.0,0.0,0.0,0.0,0.0,0.0,4.0,12.0,1.0,12.17,5.01,2.51,1.49,0.0,0.0,0.0,0.4,0.0,-0.8,0.0,1.0,-169.60000000000002,0.0,0.0,169.60000000000002,0.0,21.700000000000003,29.200000000000003,29.200000000000003,29.700000000000003,300.0,300.0,31.700000000000003,35.7,29.1,28.3,30.200000000000003,4.96,2.0,4.96,0.16,0.0,0.0,1027.0,8228.0,0.0,0.0,0.0,0.0,0.0,1.0,0.0,0.0,0.0,0.0,0.0,0.8,0.0,-0.8,0.0,0.0,16.0,25903.0
2026-07-30T19:01:42.105Z,271.588,271.60200000000003,0.0,7.4,0.0,0.0,0.0,0.0,0.0,0.0,0.0,0.0,1.0,0.0,0.0,0.0,9.0,4.0,0.0,0.0,0.0,0.0,0.0,0.0,0.0,0.0,5.0,12.0,1.0,12.17,5.01,2.51,1.49,0.0,0.0,0.0,0.5,0.0,-0.2,-1.1,-0.1,-169.60000000000002,0.0,0.0,169.70000000000002,0.0,21.700000000000003,29.200000000000003,29.200000000000003,29.700000000000003,300.0,300.0,31.700000000000003,35.7,29.1,28.3,30.200000000000003,4.95,1.99,4.97,0.16,0.0,0.0,1027.0,8228.0,0.0,0.0,0.0,0.0,0.0,1.0,0.0,0.0,0.0,0.0,0.0,-1.3,0.0,-0.1,0.0,0.0,16.0,25903.0
2026-07-30T19:01:42.116Z,271.599,271.61400000000003,0.0,7.4,0.0,0.0,0.0,0.0,0.0,0.0,0.0,0.0,1.0,0.0,0.0,0.0,9.0,4.0,0.0,0.0,0.0,0.0,0.0,0.0,0.0,0.0,1.0,12.0,1.0,12.18,5.01,2.51,1.5,0.0,0.0,0.0,0.4,0.0,-0.7000000000000001,-0.4,-1.2000000000000002,-169.60000000000002,0.0,0.0,169.60000000000002,0.0,20.9,29.200000000000003,29.200000000000003,29.700000000000003,300.0,300.0,31.6,35.6,29.1,28.3,30.200000000000003,4.95,1.99,4.97,0.16,0.0,0.0,1027.0,8228.0,0.0,0.0,0.0,0.0,0.0,1.0,0.0,0.0,0.0,0.0,0.0,-1.5,0.0,1.0,0.0,0.0001,16.0,25903.0
2026-07-30T19:01:42.128Z,271.611,271.62600000000003,0.0,7.4,0.0,0.0,0.0,0.0,0.0,0.0,0.0,0.0,1.0,0.0,0.0,0.0,9.0,4.0,0.0,0.0,0.0,0.0,0.0,0.0,0.0,0.0,2.0,12.0,1.0,12.18,5.01,2.51,1.5,0.0,0.0,0.0,0.4,0.0,-0.2,0.6000000000000001,-0.7000000000000001,-169.60000000000002,0.0,0.0,169.60000000000002,0.0,20.9,29.200000000000003,29.200000000000003,29.700000000000003,300.0,300.0,31.6,35.6,29.1,28.3,30.200000000000003,4.96,2.0,4.97,0.16,0.0,0.0,1027.0,8228.0,0.0,0.0,0.0,0.0,0.0,1.0,0.0,0.0,0.0,0.0,0.0,0.2,0.0,0.7000000000000001,0.0,0.0001,16.0,25903.0
2026-07-30T19:01:42.140Z,271.623,271.63800000000003,0.0,7.4,0.0,0.0,0.0,0.0,0.0,0.0,0.0,0.0,1.0,0.0,0.0,0.0,9.0,4.0,0.0,0.0,0.0,0.0,0.0,0.0,0.0,0.0,4.0,12.0,1.0,12.18,5.01,2.51,1.5,0.0,0.0,0.0,0.4,0.0,0.9,0.1,-0.1,-169.60000000000002,0.0,0.0,169.60000000000002,0.0,20.9,29.200000000000003,29.200000000000003,29.700000000000003,300.0,300.0,31.6,35.6,29.1,28.3,30.200000000000003,4.95,2.0,4.97,0.16,0.0,0.0,1027.0,8228.0,0.0,0.0,0.0,0.0,0.0,1.0,0.0,0.0,0.0,0.0,0.0,0.0,0.0,0.1,0.0,0.0,16.0,25903.0
2026-07-30T19:01:42.152Z,271.635,271.65,0.0,7.4,0.0,0.0,0.0,0.0,0.0,0.0,0.0,0.0,1.0,0.0,0.0,0.0,9.0,4.0,0.0,0.0,0.0,0.0,0.0,0.0,0.0,0.0,5.0,12.0,1.0,12.18,5.01,2.51,1.5,0.0,0.0,0.0,0.4,0.0,-0.2,-0.4,-0.6000000000000001,-169.60000000000002,0.0,0.0,169.60000000000002,0.0,20.9,29.200000000000003,29.200000000000003,29.700000000000003,300.0,300.0,31.6,35.6,29.1,28.3,30.200000000000003,4.95,1.99,4.97,0.16,0.0,0.0,1027.0,8228.0,0.0,0.0,0.0,0.0,0.0,1.0,0.0,0.0,0.0,0.0,0.0,-1.0,0.0,0.5,0.0,0.0,16.0,25903.0
2026-07-30T19:01:42.164Z,271.647,271.662,0.0,7.4,0.0,0.0,0.0,0.0,0.0,0.0,0.0,0.0,1.0,0.0,0.0,0.0,9.0,4.0,0.0,0.0,0.0,0.0,0.0,0.0,0.0,0.0,1.0,12.0,1.0,12.18,5.01,2.51,1.5,0.0,0.0,0.0,0.4,0.0,0.3,-0.4,-1.2000000000000002,-169.60000000000002,0.0,0.0,169.60000000000002,0.0,20.9,29.200000000000003,29.200000000000003,29.700000000000003,300.0,300.0,31.6,35.6,29.1,28.3,30.200000000000003,4.95,2.0,4.97,0.16,0.0,0.0,1027.0,8228.0,0.0,0.0,0.0,0.0,0.0,1.0,0.0,0.0,0.0,0.0,0.0,-1.4,0.0,1.0,0.0,0.0,16.0,25903.0
2026-07-30T19:01:42.176Z,271.659,271.674,0.0,7.4,0.0,0.0,0.0,0.0,0.0,0.0,0.0,0.0,1.0,0.0,0.0,0.0,9.0,4.0,0.0,0.0,0.0,0.0,0.0,0.0,0.0,0.0,2.0,12.0,1.0,12.18,5.01,2.51,1.5,0.0,0.0,0.0,0.4,0.0,-0.2,-0.3,-0.6000000000000001,-169.60000000000002,0.0,0.0,169.60000000000002,0.0,20.9,29.200000000000003,29.200000000000003,29.700000000000003,300.0,300.0,31.6,35.6,29.1,28.3,30.200000000000003,4.96,1.99,4.97,0.16,0.0,0.0,1027.0,8228.0,0.0,0.0,0.0,0.0,0.0,1.0,0.0,0.0,0.0,0.0,0.0,-0.9,0.0,0.5,0.0,0.0,16.0,25903.0
2026-07-30T19:01:42.188Z,271.671,271.686,0.0,7.4,0.0,0.0,0.0,0.0,0.0,0.0,0.0,0.0,1.0,0.0,0.0,0.0,9.0,4.0,0.0,0.0,0.0,0.0,0.0,0.0,0.0,0.0,4.0,12.0,1.0,12.18,5.01,2.51,1.5,-0.1,0.0,0.0,0.4,0.0,-0.2,0.7000000000000001,1.7000000000000002,-169.60000000000002,0.0,0.0,169.70000000000002,0.0,20.9,29.200000000000003,29.200000000000003,29.700000000000003,300.0,300.0,31.6,35.6,29.1,28.3,30.200000000000003,4.95,1.99,4.97,0.16,0.0,0.0,1027.0,8228.0,0.0,0.0,0.0,0.0,0.0,1.0,0.0,0.0,0.0,0.0,0.0,2.1,0.0,-1.3,0.0,0.0,16.0,25903.0
2026-07-30T19:01:42.200Z,271.683,271.698,0.0,7.4,0.0,0.0,0.0,0.0,0.0,0.0,0.0,0.0,1.0,0.0,0.0,0.0,9.0,4.0,0.0,0.0,0.0,0.0,0.0,0.0,0.0,0.0,5.0,12.0,1.0,12.18,5.01,2.51,1.5,0.0,0.0,0.0,0.4,0.0,0.3,0.1,0.5,-169.60000000000002,0.0,0.0,169.60000000000002,0.0,20.9,29.200000000000003,29.200000000000003,29.700000000000003,300.0,300.0,31.6,35.6,29.1,28.3,30.200000000000003,4.96,1.99,4.96,0.16,0.0,0.0,1027.0,8228.0,0.0,0.0,0.0,0.0,0.0,1.0,0.0,0.0,0.0,0.0,0.0,0.5,0.0,-0.4,0.0,0.0001,16.0,25903.0
2026-07-30T19:01:42.212Z,271.695,271.71,0.0,7.4,0.0,0.0,0.0,0.0,0.0,0.0,0.0,0.0,1.0,0.0,0.0,0.0,9.0,4.0,0.0,0.0,0.0,0.0,0.0,0.0,0.0,0.0,1.0,12.0,1.0,12.18,5.01,2.51,1.5,0.0,0.0,0.0,0.4,0.0,0.3,0.2,1.6,-169.60000000000002,0.0,0.0,169.70000000000002,0.0,20.9,29.200000000000003,29.200000000000003,29.700000000000003,300.0,300.0,31.6,35.6,29.1,28.3,30.200000000000003,4.96,2.0,4.96,0.16,0.0,0.0,1027.0,8228.0,0.0,0.0,0.0,0.0,0.0,1.0,0.0,0.0,0.0,0.0,0.0,1.4,0.0,-1.4,0.0,0.0,16.0,25903.0
2026-07-30T19:01:42.224Z,271.707,271.722,0.0,7.4,0.0,0.0,0.0,0.0,0.0,0.0,0.0,0.0,1.0,0.0,0.0,0.0,9.0,4.0,0.0,0.0,0.0,0.0,0.0,0.0,0.0,0.0,2.0,12.0,1.0,12.17,5.01,2.51,1.49,0.0,0.1,0.0,0.4,0.0,-0.2,0.2,-0.1,-169.60000000000002,0.0,0.0,169.70000000000002,0.0,21.8,29.200000000000003,29.200000000000003,29.700000000000003,300.0,300.0,31.6,35.6,29.1,28.3,30.200000000000003,4.96,1.99,4.96,0.16,0.0,0.0,1027.0,8228.0,0.0,0.0,0.0,0.0,0.0,1.0,0.0,0.0,0.0,0.0,0.0,0.1,0.0,0.1,0.0,0.0,16.0,25903.0
2026-07-30T19:01:42.236Z,271.719,271.734,0.0,7.4,0.0,0.0,0.0,0.0,0.0,0.0,0.0,0.0,1.0,0.0,0.0,0.0,9.0,4.0,0.0,0.0,0.0,0.0,0.0,0.0,0.0,0.0,4.0,12.0,1.0,12.17,5.01,2.51,1.49,0.0,0.0,0.0,0.4,0.0,0.9,-0.3,-0.1,-169.60000000000002,0.0,0.0,169.60000000000002,0.0,21.8,29.200000000000003,29.200000000000003,29.700000000000003,300.0,300.0,31.6,35.6,29.1,28.3,30.200000000000003,4.95,1.99,4.97,0.16,0.0,0.0,1027.0,8228.0,0.0,0.0,0.0,0.0,0.0,1.0,0.0,0.0,0.0,0.0,0.0,-0.5,0.0,0.0,0.0,0.0,16.0,25903.0
2026-07-30T19:01:42.248Z,271.731,271.746,0.0,7.4,0.0,0.0,0.0,0.0,0.0,0.0,0.0,0.0,1.0,0.0,0.0,0.0,9.0,4.0,0.0,0.0,0.0,0.0,0.0,0.0,0.0,0.0,5.0,12.0,1.0,12.17,5.01,2.51,1.49,0.0,0.0,0.0,0.4,0.0,-0.2,0.1,1.0,-169.60000000000002,0.0,0.0,169.60000000000002,0.0,21.8,29.200000000000003,29.200000000000003,29.700000000000003,300.0,300.0,31.6,35.6,29.1,28.3,30.200000000000003,4.96,2.0,4.96,0.16,0.0,0.0,1027.0,8228.0,0.0,0.0,0.0,0.0,0.0,1.0,0.0,0.0,0.0,0.0,0.0,1.0,0.0,-0.8,0.0,0.0,16.0,25903.0
2026-07-30T19:01:42.260Z,271.743,271.758,0.0,7.4,0.0,0.0,0.0,0.0,0.0,0.0,0.0,0.0,1.0,0.0,0.0,0.0,9.0,4.0,0.0,0.0,0.0,0.0,0.0,0.0,0.0,0.0,1.0,12.0,1.0,12.17,5.01,2.51,1.49,0.0,0.0,0.0,0.4,0.0,0.9,0.1,-0.6000000000000001,-169.60000000000002,0.0,0.0,169.70000000000002,0.0,21.8,29.200000000000003,29.200000000000003,29.700000000000003,300.0,300.0,31.6,35.6,29.1,28.3,30.200000000000003,4.96,1.99,4.97,0.16,0.0,0.0,1027.0,8228.0,0.0,0.0,0.0,0.0,0.0,1.0,0.0,0.0,0.0,0.0,0.0,-0.3,0.0,0.6000000000000001,0.0,0.0,16.0,25903.0
2026-07-30T19:01:42.273Z,271.756,271.77,0.0,7.4,0.0,0.0,0.0,0.0,0.0,0.0,0.0,0.0,1.0,0.0,0.0,0.0,9.0,4.0,0.0,0.0,0.0,0.0,0.0,0.0,0.0,0.0,2.0,12.0,1.0,12.17,5.01,2.51,1.49,0.0,0.1,0.0,0.4,0.0,-0.2,0.7000000000000001,-0.1,-169.60000000000002,0.0,0.0,169.60000000000002,0.0,21.8,29.200000000000003,29.200000000000003,29.700000000000003,300.0,300.0,31.6,35.6,29.1,28.3,30.200000000000003,4.95,1.99,4.97,0.17,0.0,0.0,1027.0,8228.0,0.0,0.0,0.0,0.0,0.0,1.0,0.0,0.0,0.0,0.0,0.0,0.6000000000000001,0.0,0.3,0.0,0.0,16.0,25903.0
2026-07-30T19:01:42.285Z,271.768,271.782,0.0,7.4,0.0,0.0,0.0,0.0,0.0,0.0,0.0,0.0,1.0,0.0,0.0,0.0,9.0,4.0,0.0,0.0,0.0,0.0,0.0,0.0,0.0,0.0,2.0,12.0,1.0,12.17,5.01,2.51,1.49,0.0,0.0,0.0,0.4,0.0,0.3,0.1,-0.7000000000000001,-169.60000000000002,0.0,0.0,169.60000000000002,0.0,21.8,29.200000000000003,29.200000000000003,29.700000000000003,300.0,300.0,31.6,35.6,29.1,28.3,30.200000000000003,4.96,1.99,4.96,0.16,0.0,0.0,1027.0,8228.0,0.0,0.0,0.0,0.0,0.0,1.0,0.0,0.0,0.0,0.0,0.0,-0.3,0.0,0.6000000000000001,0.0,0.0,16.0,25903.0
2026-07-30T19:01:42.296Z,271.779,271.794,0.0,7.4,0.0,0.0,0.0,0.0,0.0,0.0,0.0,0.0,1.0,0.0,0.0,0.0,9.0,4.0,0.0,0.0,0.0,0.0,0.0,0.0,0.0,0.0,3.0,12.0,1.0,12.17,5.01,2.51,1.49,0.0,0.1,0.0,0.5,0.0,0.9,-0.4,0.4,-169.60000000000002,0.0,0.0,169.70000000000002,0.0,21.8,29.200000000000003,29.200000000000003,29.700000000000003,300.0,300.0,31.6,35.6,29.1,28.3,30.200000000000003,4.96,1.99,4.96,0.16,0.0,0.0,1027.0,8228.0,0.0,0.0,0.0,0.0,0.0,1.0,0.0,0.0,0.0,0.0,0.0,-0.2,0.0,-0.4,0.0,0.0,16.0,25903.0
2026-07-30T19:01:42.311Z,271.794,271.806,0.0,7.4,0.0,0.0,0.0,0.0,0.0,0.0,0.0,0.0,1.0,0.0,0.0,0.0,9.0,4.0,0.0,0.0,0.0,0.0,0.0,0.0,0.0,0.0,4.0,12.0,1.0,12.17,5.01,2.51,1.49,0.0,0.0,0.0,0.4,0.0,-0.2,1.2000000000000002,-0.7000000000000001,-169.60000000000002,0.0,0.0,169.70000000000002,0.0,21.8,29.200000000000003,29.200000000000003,29.700000000000003,300.0,300.0,31.6,35.6,29.1,28.3,30.200000000000003,4.96,1.99,4.97,0.16,0.0,0.0,1027.0,8228.0,0.0,0.0,0.0,0.0,0.0,1.0,0.0,0.0,0.0,0.0,0.0,0.9,0.0,0.8,0.0,0.0001,16.0,25903.0
2026-07-30T19:01:42.321Z,271.804,271.818,0.0,7.4,0.0,0.0,0.0,0.0,0.0,0.0,0.0,0.0,1.0,0.0,0.0,0.0,9.0,4.0,0.0,0.0,0.0,0.0,0.0,0.0,0.0,0.0,4.0,12.0,1.0,12.18,5.0200000000000005,2.5,1.49,0.0,0.1,0.0,0.4,0.0,-0.2,0.7000000000000001,-0.6000000000000001,-169.60000000000002,0.0,0.0,169.70000000000002,0.0,21.3,29.200000000000003,29.200000000000003,29.700000000000003,300.0,300.0,31.4,35.7,29.1,28.3,30.200000000000003,4.95,1.99,4.97,0.16,0.0,0.0,1027.0,8228.0,0.0,0.0,0.0,0.0,0.0,1.0,0.0,0.0,0.0,0.0,0.0,0.3,0.0,0.7000000000000001,0.0,0.0001,16.0,25903.0
2026-07-30T19:01:42.332Z,271.815,271.83,0.0,7.4,0.0,0.0,0.0,0.0,0.0,0.0,0.0,0.0,1.0,0.0,0.0,0.0,9.0,4.0,0.0,0.0,0.0,0.0,0.0,0.0,0.0,0.0,5.0,12.0,1.0,12.18,5.0200000000000005,2.5,1.49,0.0,0.0,0.0,0.4,0.0,-0.2,-0.4,-0.1,-169.60000000000002,0.0,0.0,169.8,0.0,21.3,29.200000000000003,29.200000000000003,29.700000000000003,300.0,300.0,31.4,35.7,29.1,28.3,30.200000000000003,4.96,1.99,4.96,0.16,0.0,0.0,1027.0,8228.0,0.0,0.0,0.0,0.0,0.0,1.0,0.0,0.0,0.0,0.0,0.0,-0.5,0.0,0.0,0.0,0.0001,16.0,25903.0
2026-07-30T19:01:42.344Z,271.827,271.842,0.0,7.4,0.0,0.0,0.0,0.0,0.0,0.0,0.0,0.0,1.0,0.0,0.0,0.0,9.0,4.0,0.0,0.0,0.0,0.0,0.0,0.0,0.0,0.0,6.0,12.0,1.0,12.18,5.0200000000000005,2.5,1.49,0.0,0.1,0.0,0.4,0.0,-0.2,-0.4,-0.7000000000000001,-169.60000000000002,0.0,0.0,169.70000000000002,0.0,21.3,29.200000000000003,29.200000000000003,29.700000000000003,300.0,300.0,31.4,35.7,29.1,28.3,30.200000000000003,4.95,1.99,4.97,0.16,0.0,0.0,1027.0,8228.0,0.0,0.0,0.0,0.0,0.0,1.0,0.0,0.0,0.0,0.0,0.0,-1.0,0.0,0.5,0.0,0.0001,16.0,25903.0
2026-07-30T19:01:42.356Z,271.839,271.854,0.0,7.4,0.0,0.0,0.0,0.0,0.0,0.0,0.0,0.0,1.0,0.0,0.0,0.0,9.0,4.0,0.0,0.0,0.0,0.0,0.0,0.0,0.0,0.0,1.0,12.0,1.0,12.18,5.0200000000000005,2.5,1.49,0.0,0.1,0.0,0.4,0.0,0.2,0.1,0.3,-169.60000000000002,0.0,0.0,169.70000000000002,0.0,21.3,29.200000000000003,29.200000000000003,29.700000000000003,300.0,300.0,31.4,35.7,29.1,28.3,30.200000000000003,4.95,2.0,4.96,0.16,0.0,0.0,1027.0,8228.0,0.0,0.0,0.0,0.0,0.0,1.0,0.0,0.0,0.0,0.0,0.0,0.4,0.0,-0.3,0.0,0.0001,16.0,25903.0
2026-07-30T19:01:42.369Z,271.852,271.866,0.0,7.4,0.0,0.0,0.0,0.0,0.0,0.0,0.0,0.0,1.0,0.0,0.0,0.0,9.0,4.0,0.0,0.0,0.0,0.0,0.0,0.0,0.0,0.0,2.0,12.0,1.0,12.18,5.0200000000000005,2.5,1.49,0.0,0.1,0.0,0.4,0.0,-0.2,-0.4,-0.1,-169.60000000000002,0.0,0.0,169.8,0.0,21.3,29.200000000000003,29.200000000000003,29.700000000000003,300.0,300.0,31.4,35.7,29.1,28.3,30.200000000000003,4.96,1.99,4.96,0.16,0.0,0.0,1027.0,8228.0,0.0,0.0,0.0,0.0,0.0,1.0,0.0,0.0,0.0,0.0,0.0,-0.6000000000000001,0.0,0.0,0.0,0.0001,16.0,25903.0
2026-07-30T19:01:42.381Z,271.864,271.878,0.0,7.4,0.0,0.0,0.0,0.0,0.0,0.0,0.0,0.0,1.0,0.0,0.0,0.0,9.0,4.0,0.0,0.0,0.0,0.0,0.0,0.0,0.0,0.0,3.0,12.0,1.0,12.18,5.0200000000000005,2.5,1.49,0.0,0.0,0.0,0.4,0.0,0.9,-0.3,-0.1,-169.60000000000002,0.0,0.0,169.70000000000002,0.0,21.3,29.200000000000003,29.200000000000003,29.700000000000003,300.0,300.0,31.4,35.7,29.1,28.3,30.200000000000003,4.95,1.99,4.96,0.16,0.0,0.0,1027.0,8228.0,0.0,0.0,0.0,0.0,0.0,1.0,0.0,0.0,0.0,0.0,0.0,-0.5,0.0,0.0,0.0,0.0001,16.0,25903.0
2026-07-30T19:01:42.393Z,271.876,271.89,0.0,7.4,0.0,0.0,0.0,0.0,0.0,0.0,0.0,0.0,1.0,0.0,0.0,0.0,9.0,4.0,0.0,0.0,0.0,0.0,0.0,0.0,0.0,0.0,4.0,12.0,1.0,12.18,5.0200000000000005,2.5,1.49,0.0,0.0,0.0,0.4,0.0,-0.2,0.1,0.4,-169.60000000000002,0.0,0.0,169.70000000000002,0.0,21.3,29.200000000000003,29.200000000000003,29.700000000000003,300.0,300.0,31.4,35.7,29.1,28.3,30.200000000000003,4.95,1.99,4.97,0.16,0.0,0.0,1027.0,8228.0,0.0,0.0,0.0,0.0,0.0,1.0,0.0,0.0,0.0,0.0,0.0,0.5,0.0,-0.3,0.0,0.0001,16.0,25903.0
2026-07-30T19:01:42.405Z,271.888,271.902,0.0,7.4,0.0,0.0,0.0,0.0,0.0,0.0,0.0,0.0,1.0,0.0,0.0,0.0,9.0,4.0,0.0,0.0,0.0,0.0,0.0,0.0,0.0,0.0,6.0,12.0,1.0,12.18,5.0200000000000005,2.5,1.49,0.0,0.0,0.0,0.4,0.0,-0.1,1.3,0.5,-169.60000000000002,0.0,0.0,169.8,0.0,21.3,29.200000000000003,29.200000000000003,29.700000000000003,300.0,300.0,31.4,35.7,29.1,28.3,30.200000000000003,4.95,1.99,4.96,0.16,0.0,0.0,1027.0,8228.0,0.0,0.0,0.0,0.0,0.0,1.0,0.0,0.0,0.0,0.0,0.0,1.9,0.0,-0.1,0.0,0.0,16.0,25903.0
2026-07-30T19:01:42.416Z,271.899,271.914,0.0,7.4,0.0,0.0,0.0,0.0,0.0,0.0,0.0,0.0,1.0,0.0,0.0,0.0,9.0,4.0,0.0,0.0,0.0,0.0,0.0,0.0,0.0,0.0,1.0,12.0,1.0,12.18,5.0200000000000005,2.5,1.49,0.0,0.0,0.0,0.4,0.0,-0.1,-0.3,0.0,-169.60000000000002,0.0,0.0,169.70000000000002,0.0,21.3,29.200000000000003,29.200000000000003,29.700000000000003,300.0,300.0,31.4,35.7,29.1,28.3,30.200000000000003,4.96,1.99,4.96,0.16,0.0,0.0,1027.0,8228.0,0.0,0.0,0.0,0.0,0.0,1.0,0.0,0.0,0.0,0.0,0.0,-0.4,0.0,0.0,0.0,0.0001,16.0,25903.0
2026-07-30T19:01:42.428Z,271.911,271.926,0.0,7.4,0.0,0.0,0.0,0.0,0.0,0.0,0.0,0.0,1.0,0.0,0.0,0.0,9.0,4.0,0.0,0.0,0.0,0.0,0.0,0.0,0.0,0.0,2.0,12.0,1.0,12.18,5.01,2.5,1.5,0.0,0.0,0.0,0.4,0.0,-0.7000000000000001,-0.3,-1.2000000000000002,-169.60000000000002,0.0,0.0,169.60000000000002,0.0,21.3,29.200000000000003,29.200000000000003,29.700000000000003,300.0,300.0,31.5,35.6,29.1,28.3,30.200000000000003,4.95,1.99,4.97,0.16,0.0,0.0,1027.0,8228.0,0.0,0.0,0.0,0.0,0.0,1.0,0.0,0.0,0.0,0.0,0.0,-1.3,0.0,1.0,0.0,0.0001,16.0,25903.0
2026-07-30T19:01:42.440Z,271.923,271.938,0.0,7.4,0.0,0.0,0.0,0.0,0.0,0.0,0.0,0.0,1.0,0.0,0.0,0.0,9.0,4.0,0.0,0.0,0.0,0.0,0.0,0.0,0.0,0.0,3.0,12.0,1.0,12.18,5.01,2.5,1.5,0.0,0.0,0.0,0.4,0.0,0.4,-0.9,-0.6000000000000001,-169.60000000000002,0.0,0.0,169.70000000000002,0.0,21.3,29.200000000000003,29.200000000000003,29.700000000000003,300.0,300.0,31.5,35.6,29.1,28.3,30.200000000000003,4.96,1.99,4.96,0.16,0.0,0.0,1027.0,8228.0,0.0,0.0,0.0,0.0,0.0,1.0,0.0,0.0,0.0,0.0,0.0,-1.5,0.0,0.3,0.0,0.0001,16.0,25903.0
2026-07-30T19:01:42.453Z,271.936,271.95,0.0,7.4,0.0,0.0,0.0,0.0,0.0,0.0,0.0,0.0,1.0,0.0,0.0,0.0,9.0,4.0,0.0,0.0,0.0,0.0,0.0,0.0,0.0,0.0,4.0,12.0,1.0,12.18,5.01,2.5,1.5,0.0,0.0,0.0,0.4,0.0,0.4,0.7000000000000001,1.6,-169.60000000000002,0.0,0.0,169.70000000000002,0.0,21.3,29.200000000000003,29.200000000000003,29.700000000000003,300.0,300.0,31.5,35.6,29.1,28.3,30.200000000000003,4.96,1.99,4.96,0.16,0.0,0.0,1027.0,8228.0,0.0,0.0,0.0,0.0,0.0,1.0,0.0,0.0,0.0,0.0,0.0,2.1,0.0,-1.3,0.0,0.0,16.0,25903.0
2026-07-30T19:01:42.465Z,271.948,271.962,0.0,7.4,0.0,0.0,0.0,0.0,0.0,0.0,0.0,0.0,1.0,0.0,0.0,0.0,9.0,4.0,0.0,0.0,0.0,0.0,0.0,0.0,0.0,0.0,5.0,12.0,1.0,12.18,5.01,2.5,1.5,0.0,0.0,0.0,0.4,0.0,0.3,0.7000000000000001,-0.6000000000000001,-169.60000000000002,0.0,0.0,169.70000000000002,0.0,21.3,29.200000000000003,29.200000000000003,29.700000000000003,300.0,300.0,31.5,35.6,29.1,28.3,30.200000000000003,4.95,1.99,4.96,0.16,0.0,0.0,1027.0,8228.0,0.0,0.0,0.0,0.0,0.0,1.0,0.0,0.0,0.0,0.0,0.0,0.4,0.0,0.7000000000000001,0.0,0.0,16.0,25903.0
2026-07-30T19:01:42.476Z,271.959,271.974,0.0,7.4,0.0,0.0,0.0,0.0,0.0,0.0,0.0,0.0,1.0,0.0,0.0,0.0,9.0,4.0,0.0,0.0,0.0,0.0,0.0,0.0,0.0,0.0,1.0,12.0,1.0,12.18,5.01,2.5,1.5,-0.1,0.0,0.0,0.5,0.0,-0.1,-0.9,0.0,-169.60000000000002,0.0,0.0,169.60000000000002,0.0,21.3,29.200000000000003,29.200000000000003,29.700000000000003,300.0,300.0,31.5,35.6,29.1,28.3,30.200000000000003,4.95,1.99,4.97,0.16,0.0,0.0,1027.0,8228.0,0.0,0.0,0.0,0.0,0.0,1.0,0.0,0.0,0.0,0.0,0.0,-1.1,0.0,-0.1,0.0,0.0,16.0,25903.0
2026-07-30T19:01:42.488Z,271.971,271.986,0.0,7.4,0.0,0.0,0.0,0.0,0.0,0.0,0.0,0.0,1.0,0.0,0.0,0.0,9.0,4.0,0.0,0.0,0.0,0.0,0.0,0.0,0.0,0.0,2.0,12.0,1.0,12.18,5.01,2.5,1.5,0.0,0.1,0.0,0.4,0.0,0.3,-1.0,-1.2000000000000002,-169.60000000000002,0.0,0.0,169.60000000000002,0.0,21.3,29.200000000000003,29.200000000000003,29.700000000000003,300.0,300.0,31.5,35.6,29.1,28.3,30.200000000000003,4.96,1.99,4.96,0.16,0.0,0.0,1027.0,8228.0,0.0,0.0,0.0,0.0,0.0,1.0,0.0,0.0,0.0,0.0,0.0,-2.0,0.0,0.8,0.0,0.0,16.0,25903.0
2026-07-30T19:01:42.501Z,271.984,271.998,0.0,7.4,0.0,0.0,0.0,0.0,0.0,0.0,0.0,0.0,1.0,0.0,0.0,0.0,9.0,4.0,0.0,0.0,0.0,0.0,0.0,0.0,0.0,0.0,3.0,12.0,1.0,12.18,5.01,2.5,1.5,0.0,0.0,0.0,0.4,0.0,-0.2,-0.3,1.1,-169.60000000000002,0.0,0.0,169.70000000000002,0.0,21.3,29.200000000000003,29.200000000000003,29.700000000000003,300.0,300.0,31.5,35.6,29.1,28.3,30.200000000000003,4.96,1.99,4.96,0.16,0.0,0.0,1027.0,8228.0,0.0,0.0,0.0,0.0,0.0,1.0,0.0,0.0,0.0,0.0,0.0,0.3,0.0,-1.0,0.0,0.0,16.0,25903.0
2026-07-30T19:01:42.512Z,271.995,272.01,0.0,7.4,0.0,0.0,0.0,0.0,0.0,0.0,0.0,0.0,1.0,0.0,0.0,0.0,9.0,4.0,0.0,0.0,0.0,0.0,0.0,0.0,0.0,0.0,5.0,12.0,1.0,12.18,5.01,2.5,1.5,0.0,0.0,0.0,0.4,0.0,-0.1,0.8,0.0,-169.60000000000002,0.0,0.0,169.60000000000002,0.0,21.3,29.200000000000003,29.200000000000003,29.700000000000003,300.0,300.0,31.5,35.6,29.1,28.3,30.200000000000003,4.95,2.0,4.96,0.16,0.0,0.0,1027.0,8228.0,0.0,0.0,0.0,0.0,0.0,1.0,0.0,0.0,0.0,0.0,0.0,0.8,0.0,0.2,0.0,0.0,16.0,25903.0
2026-07-30T19:01:42.525Z,272.008,272.022,0.0,7.4,0.0,0.0,0.0,0.0,0.0,0.0,0.0,0.0,1.0,0.0,0.0,0.0,9.0,4.0,0.0,0.0,0.0,0.0,0.0,0.0,0.0,0.0,6.0,12.0,1.0,12.17,5.0200000000000005,2.5,1.49,0.0,0.0,0.0,0.4,0.0,-0.2,-0.3,0.4,-169.60000000000002,0.0,0.0,169.70000000000002,0.0,21.8,29.200000000000003,29.200000000000003,29.700000000000003,300.0,300.0,31.6,35.7,29.1,28.3,30.200000000000003,4.96,2.0,4.96,0.16,0.0,0.0,1027.0,8228.0,0.0,0.0,0.0,0.0,0.0,1.0,0.0,0.0,0.0,0.0,0.0,0.0,0.0,-0.5,0.0,0.0,16.0,25903.0
2026-07-30T19:01:42.536Z,272.019,272.034,0.0,7.4,0.0,0.0,0.0,0.0,0.0,0.0,0.0,0.0,1.0,0.0,0.0,0.0,9.0,4.0,0.0,0.0,0.0,0.0,0.0,0.0,0.0,0.0,1.0,12.0,1.0,12.17,5.0200000000000005,2.5,1.49,0.0,0.0,0.0,0.4,0.0,-0.8,-0.4,-0.7000000000000001,-169.60000000000002,0.0,0.0,169.60000000000002,0.0,21.8,29.200000000000003,29.200000000000003,29.700000000000003,300.0,300.0,31.6,35.7,29.1,28.3,30.200000000000003,4.95,1.99,4.96,0.16,0.0,0.0,1027.0,8228.0,0.0,0.0,0.0,0.0,0.0,1.0,0.0,0.0,0.0,0.0,0.0,-1.0,0.0,0.5,0.0,0.0001,16.0,25903.0
2026-07-30T19:01:42.549Z,272.032,272.046,0.0,7.4,0.0,0.0,0.0,0.0,0.0,0.0,0.0,0.0,1.0,0.0,0.0,0.0,9.0,4.0,0.0,0.0,0.0,0.0,0.0,0.0,0.0,0.0,2.0,12.0,1.0,12.17,5.0200000000000005,2.5,1.49,0.0,0.0,0.0,0.4,0.0,-0.2,0.1,-0.1,-169.60000000000002,0.0,0.0,169.70000000000002,0.0,21.8,29.200000000000003,29.200000000000003,29.700000000000003,300.0,300.0,31.6,35.7,29.1,28.3,30.200000000000003,4.95,1.98,4.97,0.16,0.0,0.0,1027.0,8228.0,0.0,0.0,0.0,0.0,0.0,1.0,0.0,0.0,0.0,0.0,0.0,0.0,0.0,0.1,0.0,0.0001,16.0,25903.0
2026-07-30T19:01:42.561Z,272.044,272.058,0.0,7.4,0.0,0.0,0.0,0.0,0.0,0.0,0.0,0.0,1.0,0.0,0.0,0.0,9.0,4.0,0.0,0.0,0.0,0.0,0.0,0.0,0.0,0.0,3.0,12.0,1.0,12.17,5.0200000000000005,2.5,1.49,0.0,0.0,0.0,0.4,0.0,1.4,2.4000000000000004,2.7,-169.60000000000002,0.0,0.0,169.60000000000002,0.0,21.8,29.200000000000003,29.200000000000003,29.700000000000003,300.0,300.0,31.6,35.7,29.1,28.3,30.200000000000003,4.96,1.99,4.97,0.16,0.0,0.0,1027.0,8228.0,0.0,0.0,0.0,0.0,0.0,1.0,0.0,0.0,0.0,0.0,0.0,-0.2,0.0,-0.4,0.0,0.0,16.0,25903.0
2026-07-30T19:01:42.573Z,272.056,272.07,0.0,7.4,0.0,0.0,0.0,0.0,0.0,0.0,0.0,0.0,1.0,0.0,0.0,0.0,9.0,4.0,0.0,0.0,0.0,0.0,0.0,0.0,0.0,0.0,5.0,12.0,1.0,12.17,5.0200000000000005,2.5,1.49,0.0,0.1,0.0,0.4,0.0,-0.8,-0.4,-0.1,-169.60000000000002,0.0,0.0,169.60000000000002,0.0,21.8,29.200000000000003,29.200000000000003,29.700000000000003,300.0,300.0,31.6,35.7,29.1,28.3,30.200000000000003,4.96,1.99,4.96,0.16,0.0,0.0,1027.0,8228.0,0.0,0.0,0.0,0.0,0.0,1.0,0.0,0.0,0.0,0.0,0.0,1.1,0.0,-0.2,0.0,0.0,16.0,25903.0
2026-07-30T19:01:42.588Z,272.071,272.082,0.0,7.4,0.0,0.0,0.0,0.0,0.0,0.0,0.0,0.0,1.0,0.0,0.0,0.0,9.0,4.0,0.0,0.0,0.0,0.0,0.0,0.0,0.0,0.0,6.0,12.0,1.0,12.17,5.0200000000000005,2.5,1.49,0.0,0.0,0.0,0.4,0.0,-0.2,0.1,-0.1,-169.60000000000002,0.0,0.0,169.60000000000002,0.0,21.8,29.200000000000003,29.200000000000003,29.700000000000003,300.0,300.0,31.6,35.7,29.1,28.3,30.200000000000003,4.95,1.99,4.96,0.16,0.0,0.0,1027.0,8228.0,0.0,0.0,0.0,0.0,0.0,1.0,0.0,0.0,0.0,0.0,0.0,1.6,0.0,-0.7000000000000001,0.0,0.0,16.0,25903.0
2026-07-30T19:01:42.597Z,272.08,272.094,0.0,7.4,0.0,0.0,0.0,0.0,0.0,0.0,0.0,0.0,1.0,0.0,0.0,0.0,9.0,4.0,0.0,0.0,0.0,0.0,0.0,0.0,0.0,0.0,4.0,12.0,1.0,12.17,5.0200000000000005,2.5,1.49,0.0,0.0,0.0,0.4,0.0,0.2,-0.4,-0.1,-169.60000000000002,0.0,0.0,169.60000000000002,0.0,21.8,29.200000000000003,29.200000000000003,29.700000000000003,300.0,300.0,31.6,35.7,29.1,28.3,30.200000000000003,4.95,1.99,4.96,0.16,0.0,0.0,1027.0,8228.0,0.0,0.0,0.0,0.0,0.0,1.0,0.0,0.0,0.0,0.0,0.0,-0.6000000000000001,0.0,0.0,0.0,0.0,16.0,25903.0
2026-07-30T19:01:42.609Z,272.092,272.106,0.0,7.4,0.0,0.0,0.0,0.0,0.0,0.0,0.0,0.0,1.0,0.0,0.0,0.0,9.0,4.0,0.0,0.0,0.0,0.0,0.0,0.0,0.0,0.0,6.0,12.0,1.0,12.17,5.0200000000000005,2.5,1.49,0.0,0.0,0.0,0.4,0.0,-0.3,0.1,0.4,-169.60000000000002,0.0,0.0,169.70000000000002,0.0,21.8,29.200000000000003,29.200000000000003,29.700000000000003,300.0,300.0,31.6,35.7,29.1,28.3,30.200000000000003,4.96,1.99,4.96,0.16,0.0,0.0,1027.0,8228.0,0.0,0.0,0.0,0.0,0.0,1.0,0.0,0.0,0.0,0.0,0.0,0.5,0.0,-0.3,0.0,0.0,16.0,25903.0
2026-07-30T19:01:42.621Z,272.104,272.118,0.0,7.4,0.0,0.0,0.0,0.0,0.0,0.0,0.0,0.0,1.0,0.0,0.0,0.0,9.0,4.0,0.0,0.0,0.0,0.0,0.0,0.0,0.0,0.0,6.0,12.0,1.0,12.17,5.0200000000000005,2.5,1.49,0.0,0.0,0.0,0.4,0.0,0.2,0.1,-0.1,-169.60000000000002,0.0,0.0,169.60000000000002,0.0,21.8,29.200000000000003,29.200000000000003,29.700000000000003,300.0,300.0,31.6,35.7,29.1,28.3,30.200000000000003,4.95,1.99,4.96,0.16,0.0,0.0,1027.0,8228.0,0.0,0.0,0.0,0.0,0.0,1.0,0.0,0.0,0.0,0.0,0.0,0.0,0.0,0.1,0.0,0.0,16.0,25903.0
2026-07-30T19:01:42.633Z,272.116,272.13,0.0,7.4,0.0,0.0,0.0,0.0,0.0,0.0,0.0,0.0,1.0,0.0,0.0,0.0,9.0,4.0,0.0,0.0,0.0,0.0,0.0,0.0,0.0,0.0,1.0,12.0,1.0,12.17,5.0200000000000005,2.51,1.49,0.0,0.0,0.0,0.4,0.0,0.2,-0.4,-0.1,-169.60000000000002,0.0,0.0,169.70000000000002,0.0,21.0,29.200000000000003,29.200000000000003,29.700000000000003,300.0,300.0,31.5,35.7,29.1,28.3,30.200000000000003,4.96,1.99,4.97,0.16,0.0,0.0,1027.0,8228.0,0.0,0.0,0.0,0.0,0.0,1.0,0.0,0.0,0.0,0.0,0.0,-0.6000000000000001,0.0,0.0,0.0,0.0,16.0,25903.0
2026-07-30T19:01:42.645Z,272.128,272.142,0.0,7.4,0.0,0.0,0.0,0.0,0.0,0.0,0.0,0.0,1.0,0.0,0.0,0.0,9.0,4.0,0.0,0.0,0.0,0.0,0.0,0.0,0.0,0.0,2.0,12.0,1.0,12.17,5.0200000000000005,2.51,1.49,0.0,0.0,0.0,0.4,0.0,-0.3,0.1,0.4,-169.60000000000002,0.0,0.0,169.70000000000002,0.0,21.0,29.200000000000003,29.200000000000003,29.700000000000003,300.0,300.0,31.5,35.7,29.1,28.3,30.200000000000003,4.96,1.99,4.96,0.16,0.0,0.0,1027.0,8228.0,0.0,0.0,0.0,0.0,0.0,1.0,0.0,0.0,0.0,0.0,0.0,0.5,0.0,-0.3,0.0,0.0,16.0,25903.0
2026-07-30T19:01:42.656Z,272.139,272.154,0.0,7.4,0.0,0.0,0.0,0.0,0.0,0.0,0.0,0.0,1.0,0.0,0.0,0.0,9.0,4.0,0.0,0.0,0.0,0.0,0.0,0.0,0.0,0.0,3.0,12.0,1.0,12.17,5.0200000000000005,2.51,1.49,-0.1,0.0,0.0,0.4,0.0,-0.3,0.7000000000000001,-0.6000000000000001,-169.60000000000002,0.0,0.0,169.70000000000002,0.0,21.0,29.200000000000003,29.200000000000003,29.700000000000003,300.0,300.0,31.5,35.7,29.1,28.3,30.200000000000003,4.96,1.99,4.96,0.16,0.0,0.0,1027.0,8228.0,0.0,0.0,0.0,0.0,0.0,1.0,0.0,0.0,0.0,0.0,0.0,0.3,0.0,0.7000000000000001,0.0,0.0001,16.0,25903.0
2026-07-30T19:01:42.668Z,272.151,272.166,0.0,7.4,0.0,0.0,0.0,0.0,0.0,0.0,0.0,0.0,1.0,0.0,0.0,0.0,9.0,4.0,0.0,0.0,0.0,0.0,0.0,0.0,0.0,0.0,4.0,12.0,1.0,12.17,5.0200000000000005,2.51,1.49,0.0,0.0,0.0,0.4,0.0,0.8,0.1,0.4,-169.60000000000002,0.0,0.0,169.70000000000002,0.0,21.0,29.200000000000003,29.200000000000003,29.700000000000003,300.0,300.0,31.5,35.7,29.1,28.3,30.200000000000003,4.95,1.99,4.97,0.16,0.0,0.0,1027.0,8228.0,0.0,0.0,0.0,0.0,0.0,1.0,0.0,0.0,0.0,0.0,0.0,0.5,0.0,-0.3,0.0,0.0001,16.0,25903.0
2026-07-30T19:01:42.680Z,272.163,272.178,0.0,7.4,0.0,0.0,0.0,0.0,0.0,0.0,0.0,0.0,1.0,0.0,0.0,0.0,9.0,4.0,0.0,0.0,0.0,0.0,0.0,0.0,0.0,0.0,5.0,12.0,1.0,12.17,5.0200000000000005,2.51,1.49,0.0,0.0,0.0,0.4,0.0,-0.3,-0.4,0.9,-169.60000000000002,0.0,0.0,169.8,0.0,21.0,29.200000000000003,29.200000000000003,29.700000000000003,300.0,300.0,31.5,35.7,29.1,28.3,30.200000000000003,4.96,2.0,4.96,0.16,0.0,0.0,1027.0,8228.0,0.0,0.0,0.0,0.0,0.0,1.0,0.0,0.0,0.0,0.0,0.0,0.2,0.0,-0.9,0.0,0.0,16.0,25903.0
2026-07-30T19:01:42.693Z,272.176,272.19,0.0,7.4,0.0,0.0,0.0,0.0,0.0,0.0,0.0,0.0,1.0,0.0,0.0,0.0,9.0,4.0,0.0,0.0,0.0,0.0,0.0,0.0,0.0,0.0,6.0,12.0,1.0,12.17,5.0200000000000005,2.51,1.49,0.0,0.0,0.0,0.4,0.0,0.2,-0.3,-0.2,-169.60000000000002,0.0,0.0,169.70000000000002,0.0,21.0,29.200000000000003,29.200000000000003,29.700000000000003,300.0,300.0,31.5,35.7,29.1,28.3,30.200000000000003,4.96,1.99,4.96,0.16,0.0,0.0,1027.0,8228.0,0.0,0.0,0.0,0.0,0.0,1.0,0.0,0.0,0.0,0.0,0.0,-0.6000000000000001,0.0,0.1,0.0,0.0002,16.0,25903.0
2026-07-30T19:01:42.704Z,272.187,272.202,0.0,7.4,0.0,0.0,0.0,0.0,0.0,0.0,0.0,0.0,1.0,0.0,0.0,0.0,9.0,4.0,0.0,0.0,0.0,0.0,0.0,0.0,0.0,0.0,2.0,12.0,1.0,12.17,5.0200000000000005,2.51,1.49,0.0,0.0,0.0,0.4,0.0,-0.3,0.8,-0.1,-169.60000000000002,0.0,0.0,169.60000000000002,0.0,21.0,29.200000000000003,29.200000000000003,29.700000000000003,300.0,300.0,31.5,35.7,29.1,28.3,30.200000000000003,4.95,1.99,4.96,0.16,0.0,0.0,1027.0,8228.0,0.0,0.0,0.0,0.0,0.0,1.0,0.0,0.0,0.0,0.0,0.0,0.7000000000000001,0.0,0.3,0.0,0.0001,16.0,25903.0
2026-07-30T19:01:42.716Z,272.199,272.214,0.0,7.4,0.0,0.0,0.0,0.0,0.0,0.0,0.0,0.0,1.0,0.0,0.0,0.0,9.0,4.0,0.0,0.0,0.0,0.0,0.0,0.0,0.0,0.0,3.0,12.0,1.0,12.17,5.0200000000000005,2.51,1.49,0.0,0.0,0.0,0.5,0.0,0.2,0.2,-0.1,-169.60000000000002,0.0,0.0,169.60000000000002,0.0,21.0,29.200000000000003,29.200000000000003,29.700000000000003,300.0,300.0,31.5,35.7,29.1,28.3,30.200000000000003,4.95,1.99,4.97,0.16,0.0,0.0,1027.0,8228.0,0.0,0.0,0.0,0.0,0.0,1.0,0.0,0.0,0.0,0.0,0.0,0.1,0.0,0.2,0.0,0.0001,16.0,25903.0
2026-07-30T19:01:42.729Z,272.212,272.226,0.0,7.4,0.0,0.0,0.0,0.0,0.0,0.0,0.0,0.0,1.0,0.0,0.0,0.0,9.0,4.0,0.0,0.0,0.0,0.0,0.0,0.0,0.0,0.0,4.0,12.0,1.0,12.18,5.01,2.51,1.49,0.0,0.0,0.0,0.4,0.0,-0.2,0.2,0.9,-169.60000000000002,0.0,0.0,169.60000000000002,0.0,21.700000000000003,29.200000000000003,29.200000000000003,29.700000000000003,300.0,300.0,31.6,35.6,29.1,28.3,30.200000000000003,4.96,1.99,4.96,0.16,0.0,0.0,1027.0,8228.0,0.0,0.0,0.0,0.0,0.0,1.0,0.0,0.0,0.0,0.0,0.0,1.0,0.0,-0.8,0.0,0.0,16.0,25903.0
2026-07-30T19:01:42.740Z,272.223,272.238,0.0,7.4,0.0,0.0,0.0,0.0,0.0,0.0,0.0,0.0,1.0,0.0,0.0,0.0,9.0,4.0,0.0,0.0,0.0,0.0,0.0,0.0,0.0,0.0,6.0,12.0,1.0,12.18,5.01,2.51,1.49,0.0,0.0,0.0,0.4,0.0,-0.2,0.8,-1.3,-169.60000000000002,0.0,0.0,169.70000000000002,0.0,21.700000000000003,29.200000000000003,29.200000000000003,29.700000000000003,300.0,300.0,31.6,35.6,29.1,28.3,30.200000000000003,4.96,1.99,4.97,0.16,0.0,0.0,1027.0,8228.0,0.0,0.0,0.0,0.0,0.0,1.0,0.0,0.0,0.0,0.0,0.0,0.0,0.0,1.3,0.0,0.0,16.0,25903.0
2026-07-30T19:01:42.752Z,272.235,272.25,0.0,7.4,0.0,0.0,0.0,0.0,0.0,0.0,0.0,0.0,1.0,0.0,0.0,0.0,9.0,4.0,0.0,0.0,0.0,0.0,0.0,0.0,0.0,0.0,1.0,12.0,1.0,12.18,5.01,2.51,1.49,0.0,0.1,0.0,0.4,0.0,-0.8,0.2,-0.1,-169.60000000000002,0.0,0.0,169.60000000000002,0.0,21.700000000000003,29.200000000000003,29.200000000000003,29.700000000000003,300.0,300.0,31.6,35.6,29.1,28.3,30.200000000000003,4.95,1.99,4.97,0.16,0.0,0.0,1027.0,8228.0,0.0,0.0,0.0,0.0,0.0,1.0,0.0,0.0,0.0,0.0,0.0,0.1,0.0,0.1,0.0,0.0001,16.0,25903.0
2026-07-30T19:01:42.764Z,272.247,272.262,0.0,7.4,0.0,0.0,0.0,0.0,0.0,0.0,0.0,0.0,1.0,0.0,0.0,0.0,9.0,4.0,0.0,0.0,0.0,0.0,0.0,0.0,0.0,0.0,2.0,12.0,1.0,12.18,5.01,2.51,1.49,0.0,0.0,0.0,0.4,0.0,0.3,0.2,2.7,-169.60000000000002,0.0,0.0,169.70000000000002,0.0,21.700000000000003,29.200000000000003,29.200000000000003,29.700000000000003,300.0,300.0,31.6,35.6,29.1,28.3,30.200000000000003,4.96,1.99,4.97,0.16,0.0,0.0,1027.0,8228.0,0.0,0.0,0.0,0.0,0.0,1.0,0.0,0.0,0.0,0.0,0.0,2.3000000000000003,0.0,-2.3000000000000003,0.0,0.0,16.0,25903.0
2026-07-30T19:01:42.776Z,272.259,272.274,0.0,7.4,0.0,0.0,0.0,0.0,0.0,0.0,0.0,0.0,1.0,0.0,0.0,0.0,9.0,4.0,0.0,0.0,0.0,0.0,0.0,0.0,0.0,0.0,3.0,12.0,1.0,12.18,5.01,2.51,1.49,0.0,0.0,0.0,0.4,0.0,0.8,-0.3,-0.1,-169.60000000000002,0.0,0.0,169.70000000000002,0.0,21.700000000000003,29.200000000000003,29.200000000000003,29.700000000000003,300.0,300.0,31.6,35.6,29.1,28.3,30.200000000000003,4.96,2.0,4.96,0.16,0.0,0.0,1027.0,8228.0,0.0,0.0,0.0,0.0,0.0,1.0,0.0,0.0,0.0,0.0,0.0,-0.5,0.0,0.0,0.0,0.0001,16.0,25903.0
2026-07-30T19:01:42.788Z,272.271,272.286,0.0,7.4,0.0,0.0,0.0,0.0,0.0,0.0,0.0,0.0,1.0,0.0,0.0,0.0,9.0,4.0,0.0,0.0,0.0,0.0,0.0,0.0,0.0,0.0,4.0,12.0,1.0,12.18,5.01,2.51,1.49,0.0,0.0,0.0,0.4,0.0,0.3,0.2,-1.3,-169.60000000000002,0.0,0.0,169.70000000000002,0.0,21.700000000000003,29.200000000000003,29.200000000000003,29.700000000000003,300.0,300.0,31.6,35.6,29.1,28.3,30.200000000000003,4.96,1.99,4.97,0.16,0.0,0.0,1027.0,8228.0,0.0,0.0,0.0,0.0,0.0,1.0,0.0,0.0,0.0,0.0,0.0,-0.7000000000000001,0.0,1.2000000000000002,0.0,0.0,16.0,25903.0
2026-07-30T19:01:42.801Z,272.284,272.298,0.0,7.4,0.0,0.0,0.0,0.0,0.0,0.0,0.0,0.0,1.0,0.0,0.0,0.0,9.0,4.0,0.0,0.0,0.0,0.0,0.0,0.0,0.0,0.0,5.0,12.0,1.0,12.18,5.01,2.51,1.49,0.0,0.0,0.0,0.4,0.0,-0.2,0.2,0.3,-169.60000000000002,0.0,0.0,169.70000000000002,0.0,21.700000000000003,29.200000000000003,29.200000000000003,29.700000000000003,300.0,300.0,31.6,35.6,29.1,28.3,30.200000000000003,4.96,1.99,4.97,0.16,0.0,0.0,1027.0,8228.0,0.0,0.0,0.0,0.0,0.0,1.0,0.0,0.0,0.0,0.0,0.0,0.5,0.0,-0.2,0.0,0.0,16.0,25903.0
2026-07-30T19:01:42.813Z,272.296,272.31,0.0,7.4,0.0,0.0,0.0,0.0,0.0,0.0,0.0,0.0,1.0,0.0,0.0,0.0,9.0,4.0,0.0,0.0,0.0,0.0,0.0,0.0,0.0,0.0,1.0,12.0,1.0,12.18,5.01,2.51,1.49,0.0,0.0,0.0,0.4,0.0,0.9,-0.3,-0.8,-169.60000000000002,0.0,0.0,169.70000000000002,0.0,21.700000000000003,29.200000000000003,29.200000000000003,29.700000000000003,300.0,300.0,31.6,35.6,29.1,28.3,30.200000000000003,4.96,1.99,4.96,0.16,0.0,0.0,1027.0,8228.0,0.0,0.0,0.0,0.0,0.0,1.0,0.0,0.0,0.0,0.0,0.0,-1.0,0.0,0.6000000000000001,0.0,0.0,16.0,25903.0
2026-07-30T19:01:42.824Z,272.307,272.322,0.0,7.4,0.0,0.0,0.0,0.0,0.0,0.0,0.0,0.0,1.0,0.0,0.0,0.0,9.0,4.0,0.0,0.0,0.0,0.0,0.0,0.0,0.0,0.0,1.0,12.0,1.0,12.18,5.01,2.51,1.49,0.0,0.0,0.0,0.4,0.0,-0.2,0.1,0.2,-169.60000000000002,0.0,0.0,169.70000000000002,0.0,21.700000000000003,29.200000000000003,29.200000000000003,29.700000000000003,300.0,300.0,31.6,35.6,29.1,28.3,30.200000000000003,4.95,1.99,4.96,0.16,0.0,0.0,1027.0,8228.0,0.0,0.0,0.0,0.0,0.0,1.0,0.0,0.0,0.0,0.0,0.0,0.4,0.0,-0.2,0.0,0.0001,16.0,25903.0
2026-07-30T19:01:42.836Z,272.319,272.334,0.0,7.4,0.0,0.0,0.0,0.0,0.0,0.0,0.0,0.0,1.0,0.0,0.0,0.0,9.0,4.0,0.0,0.0,0.0,0.0,0.0,0.0,0.0,0.0,3.0,12.0,1.0,12.17,5.01,2.51,1.49,0.0,0.0,0.0,0.4,0.0,-0.2,1.2000000000000002,0.8,-169.60000000000002,0.0,0.0,169.70000000000002,0.0,21.700000000000003,29.200000000000003,29.200000000000003,29.700000000000003,300.0,300.0,31.6,35.7,29.1,28.3,30.200000000000003,4.95,1.99,4.97,0.16,0.0,0.0,1027.0,8228.0,0.0,0.0,0.0,0.0,0.0,1.0,0.0,0.0,0.0,0.0,0.0,2.1,0.0,-0.5,0.0,0.0,16.0,25903.0
2026-07-30T19:01:42.849Z,272.332,272.346,0.0,7.4,0.0,0.0,0.0,0.0,0.0,0.0,0.0,0.0,1.0,0.0,0.0,0.0,9.0,4.0,0.0,0.0,0.0,0.0,0.0,0.0,0.0,0.0,4.0,12.0,1.0,12.17,5.01,2.51,1.49,0.0,0.0,0.0,0.4,0.0,-0.2,0.7000000000000001,-0.2,-169.60000000000002,0.0,0.0,169.70000000000002,0.0,21.700000000000003,29.200000000000003,29.200000000000003,29.700000000000003,300.0,300.0,31.6,35.7,29.1,28.3,30.200000000000003,4.96,2.0,4.97,0.16,0.0,0.0,1027.0,8228.0,0.0,0.0,0.0,0.0,0.0,1.0,0.0,0.0,0.0,0.0,0.0,0.6000000000000001,0.0,0.3,0.0,0.0001,16.0,25903.0
2026-07-30T19:01:42.860Z,272.343,272.358,0.0,7.4,0.0,0.0,0.0,0.0,0.0,0.0,0.0,0.0,1.0,0.0,0.0,0.0,9.0,4.0,0.0,0.0,0.0,0.0,0.0,0.0,0.0,0.0,6.0,12.0,1.0,12.17,5.01,2.51,1.49,0.0,0.0,0.0,0.5,0.0,0.2,-0.9,-1.5,-169.60000000000002,0.0,0.0,169.70000000000002,0.0,21.700000000000003,29.200000000000003,29.200000000000003,29.700000000000003,300.0,300.0,31.6,35.7,29.1,28.3,30.200000000000003,4.95,2.0,4.96,0.16,0.0,0.0,1027.0,8228.0,0.0,0.0,0.0,0.0,0.0,1.0,0.0,0.0,0.0,0.0,0.0,-2.2,0.0,1.1,0.0,0.0,16.0,25903.0
2026-07-30T19:01:42.873Z,272.356,272.37,0.0,7.4,0.0,0.0,0.0,0.0,0.0,0.0,0.0,0.0,1.0,0.0,0.0,0.0,9.0,4.0,0.0,0.0,0.0,0.0,0.0,0.0,0.0,0.0,1.0,12.0,1.0,12.17,5.01,2.51,1.49,0.0,0.0,0.0,0.5,0.0,0.2,1.3,1.4,-169.60000000000002,0.0,0.0,169.70000000000002,0.0,21.700000000000003,29.200000000000003,29.200000000000003,29.700000000000003,300.0,300.0,31.6,35.7,29.1,28.3,30.200000000000003,4.95,1.99,4.97,0.16,0.0,0.0,1027.0,8228.0,0.0,0.0,0.0,0.0,0.0,1.0,0.0,0.0,0.0,0.0,0.0,2.5,0.0,-0.9,0.0,0.0,16.0,25903.0
2026-07-30T19:01:42.884Z,272.367,272.382,0.0,7.4,0.0,0.0,0.0,0.0,0.0,0.0,0.0,0.0,1.0,0.0,0.0,0.0,9.0,4.0,0.0,0.0,0.0,0.0,0.0,0.0,0.0,0.0,3.0,12.0,1.0,12.17,5.01,2.51,1.49,0.0,0.1,0.0,0.4,0.0,-0.9,-0.4,0.8,-169.60000000000002,0.0,0.0,169.60000000000002,0.0,21.700000000000003,29.200000000000003,29.200000000000003,29.700000000000003,300.0,300.0,31.6,35.7,29.1,28.3,30.200000000000003,4.95,1.99,4.96,0.16,0.0,0.0,1027.0,8228.0,0.0,0.0,0.0,0.0,0.0,1.0,0.0,0.0,0.0,0.0,0.0,0.1,0.0,-0.8,0.0,0.0001,16.0,25903.0
2026-07-30T19:01:42.896Z,272.379,272.394,0.0,7.4,0.0,0.0,0.0,0.0,0.0,0.0,0.0,0.0,1.0,0.0,0.0,0.0,9.0,4.0,0.0,0.0,0.0,0.0,0.0,0.0,0.0,0.0,4.0,12.0,1.0,12.17,5.01,2.51,1.49,0.0,0.0,0.0,0.4,0.0,0.2,0.1,0.2,-169.60000000000002,0.0,0.0,169.60000000000002,0.0,21.700000000000003,29.200000000000003,29.200000000000003,29.700000000000003,300.0,300.0,31.6,35.7,29.1,28.3,30.200000000000003,4.96,1.99,4.96,0.16,0.0,0.0,1027.0,8228.0,0.0,0.0,0.0,0.0,0.0,1.0,0.0,0.0,0.0,0.0,0.0,0.3,0.0,-0.1,0.0,0.0,16.0,25903.0
2026-07-30T19:01:42.909Z,272.392,272.406,0.0,7.4,0.0,0.0,0.0,0.0,0.0,0.0,0.0,0.0,1.0,0.0,0.0,0.0,9.0,4.0,0.0,0.0,0.0,0.0,0.0,0.0,0.0,0.0,4.0,12.0,1.0,12.17,5.01,2.51,1.49,0.0,0.0,0.0,0.4,0.0,-0.3,1.3,0.8,-169.60000000000002,0.0,0.0,169.60000000000002,0.0,21.700000000000003,29.200000000000003,29.200000000000003,29.700000000000003,300.0,300.0,31.6,35.7,29.1,28.3,30.200000000000003,4.95,1.99,4.97,0.16,0.0,0.0,1027.0,8228.0,0.0,0.0,0.0,0.0,0.0,1.0,0.0,0.0,0.0,0.0,0.0,2.1,0.0,-0.4,0.0,0.0,16.0,25903.0
2026-07-30T19:01:42.920Z,272.403,272.418,0.0,7.4,0.0,0.0,0.0,0.0,0.0,0.0,0.0,0.0,1.0,0.0,0.0,0.0,9.0,4.0,0.0,0.0,0.0,0.0,0.0,0.0,0.0,0.0,4.0,12.0,1.0,12.17,5.01,2.51,1.49,0.0,0.0,0.0,0.4,0.0,-0.3,-0.4,-0.3,-169.60000000000002,0.0,0.0,169.60000000000002,0.0,21.700000000000003,29.200000000000003,29.200000000000003,29.700000000000003,300.0,300.0,31.6,35.7,29.1,28.3,30.200000000000003,4.95,1.99,4.96,0.16,0.0,0.0,1027.0,8228.0,0.0,0.0,0.0,0.0,0.0,1.0,0.0,0.0,0.0,0.0,0.0,-0.7000000000000001,0.0,0.2,0.0,0.0,16.0,25903.0
2026-07-30T19:01:42.934Z,272.417,272.43,0.0,7.4,0.0,0.0,0.0,0.0,0.0,0.0,0.0,0.0,1.0,0.0,0.0,0.0,9.0,4.0,0.0,0.0,0.0,0.0,0.0,0.0,0.0,0.0,5.0,12.0,1.0,12.15,5.0200000000000005,2.51,1.49,0.0,0.1,0.0,0.4,0.0,-0.3,1.3,1.4,-169.60000000000002,0.0,0.0,169.60000000000002,0.0,21.9,29.200000000000003,29.200000000000003,29.700000000000003,300.0,300.0,31.5,35.6,29.1,28.3,30.200000000000003,4.95,2.0,4.97,0.16,0.0,0.0,1027.0,8228.0,0.0,0.0,0.0,0.0,0.0,1.0,0.0,0.0,0.0,0.0,0.0,2.6,0.0,-1.0,0.0,0.0,16.0,25903.0
2026-07-30T19:01:42.945Z,272.428,272.442,0.0,7.4,0.0,0.0,0.0,0.0,0.0,0.0,0.0,0.0,1.0,0.0,0.0,0.0,9.0,4.0,0.0,0.0,0.0,0.0,0.0,0.0,0.0,0.0,6.0,12.0,1.0,12.15,5.0200000000000005,2.51,1.49,0.0,0.0,0.0,0.5,0.0,0.2,0.1,0.3,-169.60000000000002,0.0,0.0,169.60000000000002,0.0,21.9,29.200000000000003,29.200000000000003,29.700000000000003,300.0,300.0,31.5,35.6,29.1,28.3,30.200000000000003,4.96,1.99,4.97,0.16,0.0,0.0,1027.0,8228.0,0.0,0.0,0.0,0.0,0.0,1.0,0.0,0.0,0.0,0.0,0.0,0.4,0.0,-0.2,0.0,0.0,16.0,25903.0
2026-07-30T19:01:42.957Z,272.44,272.454,0.0,7.4,0.0,0.0,0.0,0.0,0.0,0.0,0.0,0.0,1.0,0.0,0.0,0.0,9.0,4.0,0.0,0.0,0.0,0.0,0.0,0.0,0.0,0.0,1.0,12.0,1.0,12.15,5.0200000000000005,2.51,1.49,0.0,0.0,0.0,0.4,0.0,0.2,0.1,-0.2,-169.60000000000002,0.0,0.0,169.60000000000002,0.0,21.9,29.200000000000003,29.200000000000003,29.700000000000003,300.0,300.0,31.5,35.6,29.1,28.3,30.200000000000003,4.95,1.99,4.97,0.16,0.0,0.0,1027.0,8228.0,0.0,0.0,0.0,0.0,0.0,1.0,0.0,0.0,0.0,0.0,0.0,0.0,0.0,0.2,0.0,0.0,16.0,25903.0
2026-07-30T19:01:42.969Z,272.452,272.466,0.0,7.4,0.0,0.0,0.0,0.0,0.0,0.0,0.0,0.0,1.0,0.0,0.0,0.0,9.0,4.0,0.0,0.0,0.0,0.0,0.0,0.0,0.0,0.0,3.0,12.0,1.0,12.15,5.0200000000000005,2.51,1.49,0.0,0.0,0.0,0.4,0.0,0.2,0.7000000000000001,1.5,-169.60000000000002,0.0,0.0,169.70000000000002,0.0,21.9,29.200000000000003,29.200000000000003,29.700000000000003,300.0,300.0,31.5,35.6,29.1,28.3,30.200000000000003,4.96,2.0,4.96,0.16,0.0,0.0,1027.0,8228.0,0.0,0.0,0.0,0.0,0.0,1.0,0.0,0.0,0.0,0.0,0.0,1.9,0.0,-1.2000000000000002,0.0,0.0,16.0,25903.0
2026-07-30T19:01:42.980Z,272.463,272.478,0.0,7.4,0.0,0.0,0.0,0.0,0.0,0.0,0.0,0.0,1.0,0.0,0.0,0.0,9.0,4.0,0.0,0.0,0.0,0.0,0.0,0.0,0.0,0.0,4.0,12.0,1.0,12.15,5.0200000000000005,2.51,1.49,0.0,0.0,0.0,0.4,0.0,-0.3,0.7000000000000001,-0.7000000000000001,-169.60000000000002,0.0,0.0,169.70000000000002,0.0,21.9,29.200000000000003,29.200000000000003,29.700000000000003,300.0,300.0,31.5,35.6,29.1,28.3,30.200000000000003,4.96,1.99,4.97,0.16,0.0,0.0,1027.0,8228.0,0.0,0.0,0.0,0.0,0.0,1.0,0.0,0.0,0.0,0.0,0.0,0.2,0.0,0.8,0.0,0.0001,16.0,25903.0
2026-07-30T19:01:42.993Z,272.476,272.49,0.0,7.4,0.0,0.0,0.0,0.0,0.0,0.0,0.0,0.0,1.0,0.0,0.0,0.0,9.0,4.0,0.0,0.0,0.0,0.0,0.0,0.0,0.0,0.0,5.0,12.0,1.0,12.15,5.0200000000000005,2.51,1.49,0.0,0.0,0.0,0.4,0.0,1.4,0.1,0.4,-169.60000000000002,0.0,0.0,169.8,0.0,21.9,29.200000000000003,29.200000000000003,29.700000000000003,300.0,300.0,31.5,35.6,29.1,28.3,30.200000000000003,4.95,1.99,4.97,0.16,0.0,0.0,1027.0,8228.0,0.0,0.0,0.0,0.0,0.0,1.0,0.0,0.0,0.0,0.0,0.0,0.4,0.0,-0.3,0.0,0.0001,16.0,25903.0
2026-07-30T19:01:43.005Z,272.488,272.502,0.0,7.4,0.0,0.0,0.0,0.0,0.0,0.0,0.0,0.0,1.0,0.0,0.0,0.0,9.0,4.0,0.0,0.0,0.0,0.0,0.0,0.0,0.0,0.0,6.0,12.0,1.0,12.15,5.0200000000000005,2.51,1.49,0.0,0.0,0.0,0.4,0.0,-0.3,0.7000000000000001,0.3,-169.60000000000002,0.0,0.0,169.70000000000002,0.0,21.9,29.200000000000003,29.200000000000003,29.700000000000003,300.0,300.0,31.5,35.6,29.1,28.3,30.200000000000003,4.96,1.99,4.96,0.16,0.0,0.0,1027.0,8228.0,0.0,0.0,0.0,0.0,0.0,1.0,0.0,0.0,0.0,0.0,0.0,1.0,0.0,-0.1,0.0,0.0001,16.0,25903.0
2026-07-30T19:01:43.016Z,272.499,272.514,0.0,7.4,0.0,0.0,0.0,0.0,0.0,0.0,0.0,0.0,1.0,0.0,0.0,0.0,9.0,4.0,0.0,0.0,0.0,0.0,0.0,0.0,0.0,0.0,1.0,12.0,1.0,12.15,5.0200000000000005,2.51,1.49,0.0,0.0,0.0,0.4,0.0,-0.9,-0.4,-0.7000000000000001,-169.60000000000002,0.0,0.0,169.8,0.0,21.9,29.200000000000003,29.200000000000003,29.700000000000003,300.0,300.0,31.5,35.6,29.1,28.3,30.200000000000003,4.95,1.99,4.96,0.16,0.0,0.0,1027.0,8228.0,0.0,0.0,0.0,0.0,0.0,1.0,0.0,0.0,0.0,0.0,0.0,-1.0,0.0,0.5,0.0,0.0,16.0,25903.0
2026-07-30T19:01:43.028Z,272.511,272.526,0.0,7.4,0.0,0.0,0.0,0.0,0.0,0.0,0.0,0.0,1.0,0.0,0.0,0.0,9.0,4.0,0.0,0.0,0.0,0.0,0.0,0.0,0.0,0.0,3.0,12.0,1.0,12.15,5.0200000000000005,2.51,1.49,0.0,0.0,0.0,0.4,0.0,-0.3,1.3,1.0,-169.60000000000002,0.0,0.0,169.8,0.0,21.9,29.200000000000003,29.200000000000003,29.700000000000003,300.0,300.0,31.5,35.6,29.1,28.3,30.200000000000003,4.95,1.99,4.97,0.16,0.0,0.0,1027.0,8228.0,0.0,0.0,0.0,0.0,0.0,1.0,0.0,0.0,0.0,0.0,0.0,2.2,0.0,-0.6000000000000001,0.0,0.0001,16.0,25903.0
2026-07-30T19:01:43.040Z,272.523,272.538,0.0,7.4,0.0,0.0,0.0,0.0,0.0,0.0,0.0,0.0,1.0,0.0,0.0,0.0,9.0,4.0,0.0,0.0,0.0,0.0,0.0,0.0,0.0,0.0,4.0,12.0,1.0,12.17,5.0200000000000005,2.5,1.49,0.0,0.1,0.0,0.4,0.0,0.2,0.1,-0.7000000000000001,-169.60000000000002,0.0,0.0,169.70000000000002,0.0,21.4,29.200000000000003,29.200000000000003,29.700000000000003,300.0,300.0,31.6,35.6,29.1,28.3,30.200000000000003,4.96,2.0,4.97,0.16,0.0,0.0,1027.0,8228.0,0.0,0.0,0.0,0.0,0.0,1.0,0.0,0.0,0.0,0.0,0.0,-0.4,0.0,0.7000000000000001,0.0,0.0001,16.0,25903.0
2026-07-30T19:01:43.052Z,272.535,272.55,0.0,7.4,0.0,0.0,0.0,0.0,0.0,0.0,0.0,0.0,1.0,0.0,0.0,0.0,9.0,4.0,0.0,0.0,0.0,0.0,0.0,0.0,0.0,0.0,6.0,12.0,1.0,12.17,5.0200000000000005,2.5,1.49,0.0,0.0,0.0,0.4,0.0,-0.3,0.1,-0.1,-169.60000000000002,0.0,0.0,169.70000000000002,0.0,21.4,29.200000000000003,29.200000000000003,29.700000000000003,300.0,300.0,31.6,35.6,29.1,28.3,30.200000000000003,4.96,2.0,4.96,0.16,0.0,0.0,1027.0,8228.0,0.0,0.0,0.0,0.0,0.0,1.0,0.0,0.0,0.0,0.0,0.0,0.0,0.0,0.1,0.0,0.0001,16.0,25903.0
2026-07-30T19:01:43.064Z,272.547,272.562,0.0,7.4,0.0,0.0,0.0,0.0,0.0,0.0,0.0,0.0,1.0,0.0,0.0,0.0,9.0,4.0,0.0,0.0,0.0,0.0,0.0,0.0,0.0,0.0,1.0,12.0,1.0,12.17,5.0200000000000005,2.5,1.49,0.0,0.0,0.0,0.4,0.0,-0.2,0.1,-0.1,-169.60000000000002,0.0,0.0,169.60000000000002,0.0,21.4,29.200000000000003,29.200000000000003,29.700000000000003,300.0,300.0,31.6,35.6,29.1,28.3,30.200000000000003,4.95,1.99,4.97,0.16,0.0,0.0,1027.0,8228.0,0.0,0.0,0.0,0.0,0.0,1.0,0.0,0.0,0.0,0.0,0.0,0.0,0.0,0.1,0.0,0.0,16.0,25903.0
2026-07-30T19:01:43.076Z,272.559,272.574,0.0,7.4,0.0,0.0,0.0,0.0,0.0,0.0,0.0,0.0,1.0,0.0,0.0,0.0,9.0,4.0,0.0,0.0,0.0,0.0,0.0,0.0,0.0,0.0,3.0,12.0,1.0,12.17,5.0200000000000005,2.5,1.49,-0.1,0.0,0.0,0.4,0.0,-0.2,-0.4,1.0,-169.60000000000002,0.0,0.0,169.70000000000002,0.0,21.4,29.200000000000003,29.200000000000003,29.700000000000003,300.0,300.0,31.6,35.6,29.1,28.3,30.200000000000003,4.95,1.99,4.96,0.16,0.0,0.0,1027.0,8228.0,0.0,0.0,0.0,0.0,0.0,1.0,0.0,0.0,0.0,0.0,0.0,1.5,0.0,-0.7000000000000001,0.0,0.0001,16.0,25903.0
2026-07-30T19:01:43.088Z,272.571,272.586,0.0,7.4,0.0,0.0,0.0,0.0,0.0,0.0,0.0,0.0,1.0,0.0,0.0,0.0,9.0,4.0,0.0,0.0,0.0,0.0,0.0,0.0,0.0,0.0,4.0,12.0,1.0,12.17,5.0200000000000005,2.5,1.49,0.0,0.0,0.0,0.4,0.0,0.9,0.6000000000000001,1.0,-169.70000000000002,0.0,0.0,169.8,0.0,21.4,29.200000000000003,29.200000000000003,29.700000000000003,300.0,300.0,31.6,35.6,29.1,28.3,30.200000000000003,4.96,2.0,4.96,0.16,0.0,0.0,1027.0,8228.0,0.0,0.0,0.0,0.0,0.0,1.0,0.0,0.0,0.0,0.0,0.0,1.5,0.0,-0.7000000000000001,0.0,0.0,16.0,25903.0
2026-07-30T19:01:43.100Z,272.583,272.598,0.0,7.4,0.0,0.0,0.0,0.0,0.0,0.0,0.0,0.0,1.0,0.0,0.0,0.0,9.0,4.0,0.0,0.0,0.0,0.0,0.0,0.0,0.0,0.0,6.0,12.0,1.0,12.17,5.0200000000000005,2.5,1.49,0.0,0.0,0.0,0.4,0.0,0.3,0.0,-1.2000000000000002,-169.70000000000002,0.0,0.0,169.70000000000002,0.0,21.4,29.200000000000003,29.200000000000003,29.700000000000003,300.0,300.0,31.6,35.6,29.1,28.3,30.200000000000003,4.95,2.0,4.97,0.16,0.0,0.0,1027.0,8228.0,0.0,0.0,0.0,0.0,0.0,1.0,0.0,0.0,0.0,0.0,0.0,0.6000000000000001,0.0,-1.5,0.0,0.0,16.0,25903.0
2026-07-30T19:01:43.112Z,272.595,272.61,0.0,7.4,0.0,0.0,0.0,0.0,0.0,0.0,0.0,0.0,1.0,0.0,0.0,0.0,9.0,4.0,0.0,0.0,0.0,0.0,0.0,0.0,0.0,0.0,1.0,12.0,1.0,12.17,5.0200000000000005,2.5,1.49,0.0,0.0,0.0,0.4,0.0,-0.2,0.6000000000000001,-0.6000000000000001,-169.60000000000002,0.0,0.0,169.60000000000002,0.0,21.4,29.200000000000003,29.200000000000003,29.700000000000003,300.0,300.0,31.6,35.6,29.1,28.3,30.200000000000003,4.95,1.99,4.97,0.16,0.0,0.0,1027.0,8228.0,0.0,0.0,0.0,0.0,0.0,1.0,0.0,0.0,0.0,0.0,0.0,0.2,0.0,0.7000000000000001,0.0,0.0,16.0,25903.0
2026-07-30T19:01:43.124Z,272.607,272.622,0.0,7.4,0.0,0.0,0.0,0.0,0.0,0.0,0.0,0.0,1.0,0.0,0.0,0.0,9.0,4.0,0.0,0.0,0.0,0.0,0.0,0.0,0.0,0.0,3.0,12.0,1.0,12.17,5.0200000000000005,2.5,1.49,0.0,0.0,0.0,0.5,0.0,-0.2,0.0,-0.6000000000000001,-169.70000000000002,0.0,0.0,169.8,0.0,21.4,29.200000000000003,29.200000000000003,29.700000000000003,300.0,300.0,31.6,35.6,29.1,28.3,30.200000000000003,4.95,1.99,4.96,0.16,0.0,0.0,1027.0,8228.0,0.0,0.0,0.0,0.0,0.0,1.0,0.0,0.0,0.0,0.0,0.0,-0.4,0.0,0.6000000000000001,0.0,0.0002,16.0,25903.0
2026-07-30T19:01:43.138Z,272.621,272.634,0.0,7.4,0.0,0.0,0.0,0.0,0.0,0.0,0.0,0.0,1.0,0.0,0.0,0.0,9.0,4.0,0.0,0.0,0.0,0.0,0.0,0.0,0.0,0.0,4.0,12.0,1.0,12.19,5.01,2.51,1.49,0.0,0.1,0.0,0.4,0.0,-0.8,0.7000000000000001,0.0,-169.70000000000002,0.0,0.0,169.8,0.0,21.4,29.200000000000003,29.200000000000003,29.700000000000003,300.0,300.0,31.700000000000003,35.6,29.1,28.3,30.200000000000003,4.96,1.99,4.96,0.16,0.0,0.0,1027.0,8228.0,0.0,0.0,0.0,0.0,0.0,1.0,0.0,0.0,0.0,0.0,0.0,0.7000000000000001,0.0,0.2,0.0,0.0002,16.0,25903.0
2026-07-30T19:01:43.148Z,272.631,272.646,0.0,7.4,0.0,0.0,0.0,0.0,0.0,0.0,0.0,0.0,1.0,0.0,0.0,0.0,9.0,4.0,0.0,0.0,0.0,0.0,0.0,0.0,0.0,0.0,6.0,12.0,1.0,12.19,5.01,2.51,1.49,0.0,0.0,0.0,0.4,0.0,0.3,-0.4,0.0,-169.70000000000002,0.0,0.0,169.8,0.0,21.4,29.200000000000003,29.200000000000003,29.700000000000003,300.0,300.0,31.700000000000003,35.6,29.1,28.3,30.200000000000003,4.95,1.99,4.97,0.16,0.0,0.0,1027.0,8228.0,0.0,0.0,0.0,0.0,0.0,1.0,0.0,0.0,0.0,0.0,0.0,-0.5,0.0,0.0,0.0,0.0002,16.0,25903.0
2026-07-30T19:01:43.160Z,272.643,272.658,0.0,7.4,0.0,0.0,0.0,0.0,0.0,0.0,0.0,0.0,1.0,0.0,0.0,0.0,9.0,4.0,0.0,0.0,0.0,0.0,0.0,0.0,0.0,0.0,1.0,12.0,1.0,12.19,5.01,2.51,1.49,0.0,0.1,0.0,0.4,0.0,0.3,-1.0,0.0,-169.70000000000002,0.0,0.0,169.8,0.0,21.4,29.200000000000003,29.200000000000003,29.700000000000003,300.0,300.0,31.700000000000003,35.6,29.1,28.3,30.200000000000003,4.96,1.99,4.96,0.16,0.0,0.0,1027.0,8228.0,0.0,0.0,0.0,0.0,0.0,1.0,0.0,0.0,0.0,0.0,0.0,-1.2000000000000002,0.0,-0.1,0.0,0.0,16.0,25903.0
2026-07-30T19:01:43.172Z,272.655,272.67,0.0,7.4,0.0,0.0,0.0,0.0,0.0,0.0,0.0,0.0,1.0,0.0,0.0,0.0,9.0,4.0,0.0,0.0,0.0,0.0,0.0,0.0,0.0,0.0,3.0,12.0,1.0,12.19,5.01,2.51,1.49,0.0,0.0,0.0,0.4,0.0,0.3,0.7000000000000001,-0.6000000000000001,-169.70000000000002,0.0,0.0,169.70000000000002,0.0,21.4,29.200000000000003,29.200000000000003,29.700000000000003,300.0,300.0,31.700000000000003,35.6,29.1,28.3,30.200000000000003,4.96,1.99,4.96,0.16,0.0,0.0,1027.0,8228.0,0.0,0.0,0.0,0.0,0.0,1.0,0.0,0.0,0.0,0.0,0.0,0.3,0.0,0.7000000000000001,0.0,0.0001,16.0,25903.0
2026-07-30T19:01:43.184Z,272.667,272.682,0.0,7.4,0.0,0.0,0.0,0.0,0.0,0.0,0.0,0.0,1.0,0.0,0.0,0.0,9.0,4.0,0.0,0.0,0.0,0.0,0.0,0.0,0.0,0.0,4.0,12.0,1.0,12.19,5.01,2.51,1.49,0.0,0.0,0.0,0.5,0.0,-0.1,0.0,-0.7000000000000001,-169.70000000000002,0.0,0.0,169.8,0.0,21.4,29.200000000000003,29.200000000000003,29.700000000000003,300.0,300.0,31.700000000000003,35.6,29.1,28.3,30.200000000000003,4.95,1.99,4.96,0.16,0.0,0.0,1027.0,8228.0,0.0,0.0,0.0,0.0,0.0,1.0,0.0,0.0,0.0,0.0,0.0,-0.4,0.0,0.6000000000000001,0.0,0.0001,16.0,25903.0
2026-07-30T19:01:43.196Z,272.679,272.694,0.0,7.4,0.0,0.0,0.0,0.0,0.0,0.0,0.0,0.0,1.0,0.0,0.0,0.0,9.0,4.0,0.0,0.0,0.0,0.0,0.0,0.0,0.0,0.0,6.0,12.0,1.0,12.19,5.01,2.51,1.49,0.0,0.1,0.0,0.4,0.0,0.3,0.0,1.6,-169.70000000000002,0.0,0.0,169.8,0.0,21.4,29.200000000000003,29.200000000000003,29.700000000000003,300.0,300.0,31.700000000000003,35.6,29.1,28.3,30.200000000000003,4.95,1.99,4.97,0.16,0.0,0.0,1027.0,8228.0,0.0,0.0,0.0,0.0,0.0,1.0,0.0,0.0,0.0,0.0,0.0,1.3,0.0,-1.4,0.0,0.0001,16.0,25903.0
2026-07-30T19:01:43.208Z,272.691,272.706,0.0,7.4,0.0,0.0,0.0,0.0,0.0,0.0,0.0,0.0,1.0,0.0,0.0,0.0,9.0,4.0,0.0,0.0,0.0,0.0,0.0,0.0,0.0,0.0,1.0,12.0,1.0,12.19,5.01,2.51,1.49,0.0,0.0,0.0,0.4,0.0,0.3,-1.1,-0.1,-169.70000000000002,0.0,0.0,169.8,0.0,21.4,29.200000000000003,29.200000000000003,29.700000000000003,300.0,300.0,31.700000000000003,35.6,29.1,28.3,30.200000000000003,4.96,1.99,4.96,0.16,0.0,0.0,1027.0,8228.0,0.0,0.0,0.0,0.0,0.0,1.0,0.0,0.0,0.0,0.0,0.0,-1.3,0.0,0.0,0.0,0.0001,16.0,25903.0
2026-07-30T19:01:43.225Z,272.708,272.718,0.0,7.4,0.0,0.0,0.0,0.0,0.0,0.0,0.0,0.0,1.0,0.0,0.0,0.0,9.0,4.0,0.0,0.0,0.0,0.0,0.0,0.0,0.0,0.0,3.0,12.0,1.0,12.19,5.01,2.51,1.49,0.0,0.0,0.0,0.4,0.0,0.3,0.0,-0.1,-169.70000000000002,0.0,0.0,169.8,0.0,21.4,29.200000000000003,29.200000000000003,29.700000000000003,300.0,300.0,31.700000000000003,35.6,29.1,28.3,30.200000000000003,4.96,1.99,4.97,0.16,0.0,0.0,1027.0,8228.0,0.0,0.0,0.0,0.0,0.0,1.0,0.0,0.0,0.0,0.0,0.0,-0.1,0.0,0.1,0.0,0.0001,16.0,25903.0
2026-07-30T19:01:43.232Z,272.715,272.73,0.0,7.4,0.0,0.0,0.0,0.0,0.0,0.0,0.0,0.0,1.0,0.0,0.0,0.0,9.0,4.0,0.0,0.0,0.0,0.0,0.0,0.0,0.0,0.0,2.0,12.0,1.0,12.19,5.01,2.51,1.49,0.0,0.0,0.0,0.4,0.0,0.3,0.6000000000000001,0.4,-169.70000000000002,0.0,0.0,169.70000000000002,0.0,21.4,29.200000000000003,29.200000000000003,29.700000000000003,300.0,300.0,31.700000000000003,35.6,29.1,28.3,30.200000000000003,4.95,1.99,4.97,0.16,0.0,0.0,1027.0,8228.0,0.0,0.0,0.0,0.0,0.0,1.0,0.0,0.0,0.0,0.0,0.0,1.0,0.0,-0.2,0.0,0.0,16.0,25903.0
2026-07-30T19:01:43.244Z,272.727,272.742,0.0,7.4,0.0,0.0,0.0,0.0,0.0,0.0,0.0,0.0,1.0,0.0,0.0,0.0,9.0,4.0,0.0,0.0,0.0,0.0,0.0,0.0,0.0,0.0,2.0,12.0,1.0,12.18,5.0200000000000005,2.5,1.49,0.0,0.0,0.0,0.4,0.0,0.3,-0.5,1.0,-169.70000000000002,0.0,0.0,169.8,0.0,21.700000000000003,29.200000000000003,29.200000000000003,29.700000000000003,300.0,300.0,31.700000000000003,35.7,29.1,28.3,30.200000000000003,4.96,1.99,4.96,0.16,0.0,0.0,1027.0,8228.0,0.0,0.0,0.0,0.0,0.0,1.0,0.0,0.0,0.0,0.0,0.0,0.1,0.0,-0.9,0.0,0.0001,16.0,25903.0
2026-07-30T19:01:43.257Z,272.74,272.754,0.0,7.4,0.0,0.0,0.0,0.0,0.0,0.0,0.0,0.0,1.0,0.0,0.0,0.0,9.0,4.0,0.0,0.0,0.0,0.0,0.0,0.0,0.0,0.0,2.0,12.0,1.0,12.18,5.0200000000000005,2.5,1.49,0.0,0.1,0.0,0.4,0.0,-0.8,-0.5,-0.1,-169.70000000000002,0.0,0.0,169.60000000000002,0.0,21.700000000000003,29.200000000000003,29.200000000000003,29.700000000000003,300.0,300.0,31.700000000000003,35.7,29.1,28.3,30.200000000000003,4.96,2.0,4.97,0.16,0.0,0.0,1027.0,8228.0,0.0,0.0,0.0,0.0,0.0,1.0,0.0,0.0,0.0,0.0,0.0,-0.7000000000000001,0.0,0.0,0.0,0.0001,16.0,25903.0
2026-07-30T19:01:43.269Z,272.752,272.766,0.0,7.4,0.0,0.0,0.0,0.0,0.0,0.0,0.0,0.0,1.0,0.0,0.0,0.0,9.0,4.0,0.0,0.0,0.0,0.0,0.0,0.0,0.0,0.0,3.0,12.0,1.0,12.18,5.0200000000000005,2.5,1.49,0.0,0.0,0.0,0.4,0.0,0.3,1.1,-0.1,-169.70000000000002,0.0,0.0,169.8,0.0,21.700000000000003,29.200000000000003,29.200000000000003,29.700000000000003,300.0,300.0,31.700000000000003,35.7,29.1,28.3,30.200000000000003,4.96,1.99,4.97,0.16,0.0,0.0,1027.0,8228.0,0.0,0.0,0.0,0.0,0.0,1.0,0.0,0.0,0.0,0.0,0.0,1.2000000000000002,0.0,0.3,0.0,0.0003,16.0,25903.0
2026-07-30T19:01:43.281Z,272.764,272.778,0.0,7.4,0.0,0.0,0.0,0.0,0.0,0.0,0.0,0.0,1.0,0.0,0.0,0.0,9.0,4.0,0.0,0.0,0.0,0.0,0.0,0.0,0.0,0.0,4.0,12.0,1.0,12.18,5.0200000000000005,2.5,1.49,0.0,0.1,0.0,0.4,0.0,-0.8,-1.1,-1.3,-169.70000000000002,0.0,0.0,169.70000000000002,0.0,21.700000000000003,29.200000000000003,29.200000000000003,29.700000000000003,300.0,300.0,31.700000000000003,35.7,29.1,28.3,30.200000000000003,4.96,2.0,4.97,0.16,0.0,0.0,1027.0,8228.0,0.0,0.0,0.0,0.0,0.0,1.0,0.0,0.0,0.0,0.0,0.0,-2.3000000000000003,0.0,0.9,0.0,0.0001,16.0,25903.0
2026-07-30T19:01:43.292Z,272.775,272.79,0.0,7.4,0.0,0.0,0.0,0.0,0.0,0.0,0.0,0.0,1.0,0.0,0.0,0.0,9.0,4.0,0.0,0.0,0.0,0.0,0.0,0.0,0.0,0.0,6.0,12.0,1.0,12.18,5.0200000000000005,2.5,1.49,0.0,0.0,0.0,0.5,0.0,-0.8,-1.1,-1.9,-169.70000000000002,0.0,0.0,169.70000000000002,0.0,21.700000000000003,29.200000000000003,29.200000000000003,29.700000000000003,300.0,300.0,31.700000000000003,35.7,29.1,28.3,30.200000000000003,4.96,2.0,4.96,0.16,0.0,0.0,1027.0,8228.0,0.0,0.0,0.0,0.0,0.0,1.0,0.0,0.0,0.0,0.0,0.0,-2.8000000000000003,0.0,1.5,0.0,0.0001,16.0,25903.0
2026-07-30T19:01:43.305Z,272.788,272.802,0.0,7.4,0.0,0.0,0.0,0.0,0.0,0.0,0.0,0.0,1.0,0.0,0.0,0.0,9.0,4.0,0.0,0.0,0.0,0.0,0.0,0.0,0.0,0.0,1.0,12.0,1.0,12.18,5.0200000000000005,2.5,1.49,0.0,0.0,0.0,0.4,0.0,-0.8,-1.7000000000000002,-1.4,-169.70000000000002,0.0,0.0,169.70000000000002,0.0,21.700000000000003,29.200000000000003,29.200000000000003,29.700000000000003,300.0,300.0,31.700000000000003,35.7,29.1,28.3,30.200000000000003,4.95,2.0,4.97,0.16,0.0,0.0,1027.0,8228.0,0.0,0.0,0.0,0.0,0.0,1.0,0.0,0.0,0.0,0.0,0.0,-3.0,0.0,0.8,0.0,0.0001,16.0,25903.0
2026-07-30T19:01:43.317Z,272.8,272.814,0.0,7.4,0.0,0.0,0.0,0.0,0.0,0.0,0.0,0.0,1.0,0.0,0.0,0.0,9.0,4.0,0.0,0.0,0.0,0.0,0.0,0.0,0.0,0.0,1.0,12.0,1.0,12.18,5.0200000000000005,2.5,1.49,0.0,0.0,0.0,0.4,0.0,-0.8,0.5,1.5,-169.70000000000002,0.0,0.0,169.8,0.0,21.700000000000003,29.200000000000003,29.200000000000003,29.700000000000003,300.0,300.0,31.700000000000003,35.7,29.1,28.3,30.200000000000003,4.95,1.99,4.97,0.16,0.0,0.0,1027.0,8228.0,0.0,0.0,0.0,0.0,0.0,1.0,0.0,0.0,0.0,0.0,0.0,1.7000000000000002,0.0,-1.2000000000000002,0.0,0.0,16.0,25903.0
2026-07-30T19:01:43.329Z,272.812,272.826,0.0,7.4,0.0,0.0,0.0,0.0,0.0,0.0,0.0,0.0,1.0,0.0,0.0,0.0,9.0,4.0,0.0,0.0,0.0,0.0,0.0,0.0,0.0,0.0,3.0,12.0,1.0,12.18,5.0200000000000005,2.5,1.49,0.0,0.0,0.0,0.4,0.0,-0.8,-0.6000000000000001,-0.2,-169.70000000000002,0.0,0.0,169.70000000000002,0.0,21.700000000000003,29.200000000000003,29.200000000000003,29.700000000000003,300.0,300.0,31.700000000000003,35.7,29.1,28.3,30.200000000000003,4.96,2.0,4.97,0.16,0.0,0.0,1027.0,8228.0,0.0,0.0,0.0,0.0,0.0,1.0,0.0,0.0,0.0,0.0,0.0,-0.9,0.0,0.0,0.0,0.0001,16.0,25903.0
2026-07-30T19:01:43.342Z,272.825,272.838,0.0,7.4,0.0,0.0,0.0,0.0,0.0,0.0,0.0,0.0,1.0,0.0,0.0,0.0,9.0,4.0,0.0,0.0,0.0,0.0,0.0,0.0,0.0,0.0,4.0,12.0,1.0,12.15,5.0200000000000005,2.51,1.49,0.0,0.0,0.0,0.4,0.0,0.8,1.1,0.9,-169.70000000000002,0.0,0.0,169.8,0.0,21.8,29.200000000000003,29.200000000000003,29.700000000000003,300.0,300.0,31.5,35.7,29.1,28.3,30.200000000000003,4.95,2.0,4.97,0.16,0.0,0.0,1027.0,8228.0,0.0,0.0,0.0,0.0,0.0,1.0,0.0,0.0,0.0,0.0,0.0,1.9,0.0,-0.6000000000000001,0.0,0.0,16.0,25903.0
2026-07-30T19:01:43.352Z,272.835,272.85,0.0,7.4,0.0,0.0,0.0,0.0,0.0,0.0,0.0,0.0,1.0,0.0,0.0,0.0,9.0,4.0,0.0,0.0,0.0,0.0,0.0,0.0,0.0,0.0,5.0,12.0,1.0,12.15,5.0200000000000005,2.51,1.49,0.0,0.0,0.0,0.4,0.0,-0.2,0.0,-0.7000000000000001,-169.70000000000002,0.0,0.0,169.8,0.0,21.8,29.200000000000003,29.200000000000003,29.700000000000003,300.0,300.0,31.5,35.7,29.1,28.3,30.200000000000003,4.95,1.99,4.97,0.16,0.0,0.0,1027.0,8228.0,0.0,0.0,0.0,0.0,0.0,1.0,0.0,0.0,0.0,0.0,0.0,-0.6000000000000001,0.0,0.6000000000000001,0.0,0.0,16.0,25903.0
2026-07-30T19:01:43.364Z,272.847,272.862,0.0,7.4,0.0,0.0,0.0,0.0,0.0,0.0,0.0,0.0,1.0,0.0,0.0,0.0,9.0,4.0,0.0,0.0,0.0,0.0,0.0,0.0,0.0,0.0,6.0,12.0,1.0,12.15,5.0200000000000005,2.51,1.49,0.0,0.1,0.0,0.4,0.0,-0.2,0.5,-0.8,-169.70000000000002,0.0,0.0,169.70000000000002,0.0,21.8,29.200000000000003,29.200000000000003,29.700000000000003,300.0,300.0,31.5,35.7,29.1,28.3,30.200000000000003,4.95,1.99,4.96,0.16,0.0,0.0,1027.0,8228.0,0.0,0.0,0.0,0.0,0.0,1.0,0.0,0.0,0.0,0.0,0.0,0.0,0.0,0.8,0.0,0.0,16.0,25903.0
2026-07-30T19:01:43.376Z,272.859,272.874,0.0,7.4,0.0,0.0,0.0,0.0,0.0,0.0,0.0,0.0,1.0,0.0,0.0,0.0,9.0,4.0,0.0,0.0,0.0,0.0,0.0,0.0,0.0,0.0,1.0,12.0,1.0,12.15,5.0200000000000005,2.51,1.49,0.0,0.0,0.0,0.4,0.0,0.3,0.0,2.1,-169.70000000000002,0.0,0.0,169.70000000000002,0.0,21.8,29.200000000000003,29.200000000000003,29.700000000000003,300.0,300.0,31.5,35.7,29.1,28.3,30.200000000000003,4.96,1.99,4.96,0.16,0.0,0.0,1027.0,8228.0,0.0,0.0,0.0,0.0,0.0,1.0,0.0,0.0,0.0,0.0,0.0,1.6,0.0,-1.8,0.0,0.0001,16.0,25903.0
2026-07-30T19:01:43.388Z,272.871,272.886,0.0,7.4,0.0,0.0,0.0,0.0,0.0,0.0,0.0,0.0,1.0,0.0,0.0,0.0,9.0,4.0,0.0,0.0,0.0,0.0,0.0,0.0,0.0,0.0,2.0,12.0,1.0,12.15,5.0200000000000005,2.51,1.49,0.0,0.0,0.0,0.4,0.0,-0.2,-0.5,1.0,-169.70000000000002,0.0,0.0,169.8,0.0,21.8,29.200000000000003,29.200000000000003,29.700000000000003,300.0,300.0,31.5,35.7,29.1,28.3,30.200000000000003,4.95,1.99,4.97,0.16,0.0,0.0,1027.0,8228.0,0.0,0.0,0.0,0.0,0.0,1.0,0.0,0.0,0.0,0.0,0.0,0.0,0.0,-1.0,0.0,0.0,16.0,25903.0
2026-07-30T19:01:43.400Z,272.883,272.898,0.0,7.4,0.0,0.0,0.0,0.0,0.0,0.0,0.0,0.0,1.0,0.0,0.0,0.0,9.0,4.0,0.0,0.0,0.0,0.0,0.0,0.0,0.0,0.0,3.0,12.0,1.0,12.15,5.0200000000000005,2.51,1.49,0.0,0.0,0.0,0.4,0.0,0.3,0.0,0.3,-169.70000000000002,0.0,0.0,169.8,0.0,21.8,29.200000000000003,29.200000000000003,29.700000000000003,300.0,300.0,31.5,35.7,29.1,28.3,30.200000000000003,4.96,1.99,4.97,0.16,0.0,0.0,1027.0,8228.0,0.0,0.0,0.0,0.0,0.0,1.0,0.0,0.0,0.0,0.0,0.0,0.2,0.0,-0.3,0.0,0.0002,16.0,25903.0
2026-07-30T19:01:43.412Z,272.895,272.91,0.0,7.4,0.0,0.0,0.0,0.0,0.0,0.0,0.0,0.0,1.0,0.0,0.0,0.0,9.0,4.0,0.0,0.0,0.0,0.0,0.0,0.0,0.0,0.0,4.0,12.0,1.0,12.15,5.0200000000000005,2.51,1.49,0.0,0.0,0.0,0.4,0.0,-0.1,1.2000000000000002,-0.7000000000000001,-169.70000000000002,0.0,0.0,169.8,0.0,21.8,29.200000000000003,29.200000000000003,29.700000000000003,300.0,300.0,31.5,35.7,29.1,28.3,30.200000000000003,4.96,1.99,4.96,0.16,0.0,0.0,1027.0,8228.0,0.0,0.0,0.0,0.0,0.0,1.0,0.0,0.0,0.0,0.0,0.0,0.8,0.0,0.9,0.0,0.0001,16.0,25903.0
2026-07-30T19:01:43.425Z,272.908,272.922,0.0,7.4,0.0,0.0,0.0,0.0,0.0,0.0,0.0,0.0,1.0,0.0,0.0,0.0,9.0,4.0,0.0,0.0,0.0,0.0,0.0,0.0,0.0,0.0,5.0,12.0,1.0,12.15,5.0200000000000005,2.51,1.49,0.0,0.0,0.0,0.4,0.0,-0.8,-0.5,-1.3,-169.70000000000002,0.0,0.0,169.70000000000002,0.0,21.8,29.200000000000003,29.200000000000003,29.700000000000003,300.0,300.0,31.5,35.7,29.1,28.3,30.200000000000003,4.96,1.99,4.96,0.16,0.0,0.0,1027.0,8228.0,0.0,0.0,0.0,0.0,0.0,1.0,0.0,0.0,0.0,0.0,0.0,-1.6,0.0,1.0,0.0,0.0,16.0,25903.0
2026-07-30T19:01:43.436Z,272.919,272.934,0.0,7.4,0.0,0.0,0.0,0.0,0.0,0.0,0.0,0.0,1.0,0.0,0.0,0.0,9.0,4.0,0.0,0.0,0.0,0.0,0.0,0.0,0.0,0.0,6.0,12.0,1.0,12.15,5.0200000000000005,2.51,1.49,0.0,0.0,0.0,0.4,0.0,-0.2,0.0,0.4,-169.70000000000002,0.0,0.0,169.70000000000002,0.0,21.8,29.200000000000003,29.200000000000003,29.700000000000003,300.0,300.0,31.5,35.7,29.1,28.3,30.200000000000003,4.96,1.99,4.96,0.16,0.0,0.0,1027.0,8228.0,0.0,0.0,0.0,0.0,0.0,1.0,0.0,0.0,0.0,0.0,0.0,0.4,0.0,-0.3,0.0,0.0001,16.0,25903.0
2026-07-30T19:01:43.448Z,272.931,272.946,0.0,7.4,0.0,0.0,0.0,0.0,0.0,0.0,0.0,0.0,1.0,0.0,0.0,0.0,9.0,4.0,0.0,0.0,0.0,0.0,0.0,0.0,0.0,0.0,1.0,12.0,1.0,12.17,5.01,2.51,1.49,0.0,0.0,0.0,0.4,0.0,-0.7000000000000001,-1.0,0.5,-169.70000000000002,0.0,0.0,169.70000000000002,0.0,21.8,29.200000000000003,29.200000000000003,29.700000000000003,300.0,300.0,31.5,35.7,29.1,28.3,30.200000000000003,4.95,2.0,4.96,0.16,0.0,0.0,1027.0,8228.0,0.0,0.0,0.0,0.0,0.0,1.0,0.0,0.0,0.0,0.0,0.0,-0.8,0.0,-0.6000000000000001,0.0,0.0002,16.0,25903.0
2026-07-30T19:01:43.460Z,272.943,272.958,0.0,7.4,0.0,0.0,0.0,0.0,0.0,0.0,0.0,0.0,1.0,0.0,0.0,0.0,9.0,4.0,0.0,0.0,0.0,0.0,0.0,0.0,0.0,0.0,2.0,12.0,1.0,12.17,5.01,2.51,1.49,0.0,0.0,0.0,0.4,0.0,0.3,0.1,1.0,-169.70000000000002,0.0,0.0,169.70000000000002,0.0,21.8,29.200000000000003,29.200000000000003,29.700000000000003,300.0,300.0,31.5,35.7,29.1,28.3,30.200000000000003,4.95,1.99,4.97,0.16,0.0,0.0,1027.0,8228.0,0.0,0.0,0.0,0.0,0.0,1.0,0.0,0.0,0.0,0.0,0.0,0.9,0.0,-0.9,0.0,0.0,16.0,25903.0
2026-07-30T19:01:43.473Z,272.956,272.97,0.0,7.4,0.0,0.0,0.0,0.0,0.0,0.0,0.0,0.0,1.0,0.0,0.0,0.0,9.0,4.0,0.0,0.0,0.0,0.0,0.0,0.0,0.0,0.0,4.0,12.0,1.0,12.17,5.01,2.51,1.49,0.0,0.0,0.0,0.4,0.0,0.9,0.6000000000000001,-0.6000000000000001,-169.70000000000002,0.0,0.0,169.70000000000002,0.0,21.8,29.200000000000003,29.200000000000003,29.700000000000003,300.0,300.0,31.5,35.7,29.1,28.3,30.200000000000003,4.95,1.99,4.97,0.16,0.0,0.0,1027.0,8228.0,0.0,0.0,0.0,0.0,0.0,1.0,0.0,0.0,0.0,0.0,0.0,0.2,0.0,0.7000000000000001,0.0,0.0001,16.0,25903.0
2026-07-30T19:01:43.485Z,272.968,272.982,0.0,7.4,0.0,0.0,0.0,0.0,0.0,0.0,0.0,0.0,1.0,0.0,0.0,0.0,9.0,4.0,0.0,0.0,0.0,0.0,0.0,0.0,0.0,0.0,5.0,12.0,1.0,12.17,5.01,2.51,1.49,0.0,0.1,0.0,0.4,0.0,0.9,-0.4,1.0,-169.70000000000002,0.0,0.0,169.8,0.0,21.8,29.200000000000003,29.200000000000003,29.700000000000003,300.0,300.0,31.5,35.7,29.1,28.3,30.200000000000003,4.96,1.99,4.96,0.16,0.0,0.0,1027.0,8228.0,0.0,0.0,0.0,0.0,0.0,1.0,0.0,0.0,0.0,0.0,0.0,0.3,0.0,-1.0,0.0,0.0,16.0,25903.0
2026-07-30T19:01:43.497Z,272.98,272.994,0.0,7.4,0.0,0.0,0.0,0.0,0.0,0.0,0.0,0.0,1.0,0.0,0.0,0.0,9.0,4.0,0.0,0.0,0.0,0.0,0.0,0.0,0.0,0.0,6.0,12.0,1.0,12.17,5.01,2.51,1.49,0.0,0.0,0.0,0.4,0.0,-0.2,-0.4,0.4,-169.70000000000002,0.0,0.0,169.8,0.0,21.8,29.200000000000003,29.200000000000003,29.700000000000003,300.0,300.0,31.5,35.7,29.1,28.3,30.200000000000003,4.95,1.99,4.97,0.16,0.0,0.0,1027.0,8228.0,0.0,0.0,0.0,0.0,0.0,1.0,0.0,0.0,0.0,0.0,0.0,-0.1,0.0,-0.5,0.0,0.0001,16.0,25903.0
2026-07-30T19:01:43.509Z,272.992,273.00600000000003,0.0,7.4,0.0,0.0,0.0,0.0,0.0,0.0,0.0,0.0,1.0,0.0,0.0,0.0,9.0,4.0,0.0,0.0,0.0,0.0,0.0,0.0,0.0,0.0,1.0,12.0,1.0,12.17,5.01,2.51,1.49,0.0,0.0,0.0,0.4,0.0,-0.8,0.0,0.0,-169.70000000000002,0.0,0.0,169.70000000000002,0.0,21.8,29.200000000000003,29.200000000000003,29.700000000000003,300.0,300.0,31.5,35.7,29.1,28.3,30.200000000000003,4.95,1.99,4.96,0.16,0.0,0.0,1027.0,8228.0,0.0,0.0,0.0,0.0,0.0,1.0,0.0,0.0,0.0,0.0,0.0,0.0,0.0,0.0,0.0,0.0,16.0,25903.0
2026-07-30T19:01:43.521Z,273.004,273.01800000000003,0.0,7.4,0.0,0.0,0.0,0.0,0.0,0.0,0.0,0.0,1.0,0.0,0.0,0.0,9.0,4.0,0.0,0.0,0.0,0.0,0.0,0.0,0.0,0.0,2.0,12.0,1.0,12.17,5.01,2.51,1.49,0.0,0.0,0.0,0.4,0.0,0.9,0.7000000000000001,1.7000000000000002,-169.70000000000002,0.0,0.0,169.70000000000002,0.0,21.8,29.200000000000003,29.200000000000003,29.700000000000003,300.0,300.0,31.5,35.7,29.1,28.3,30.200000000000003,4.95,2.0,4.96,0.16,0.0,0.0,1027.0,8228.0,0.0,0.0,0.0,0.0,0.0,1.0,0.0,0.0,0.0,0.0,0.0,2.1,0.0,-1.3,0.0,0.0,16.0,25903.0
2026-07-30T19:01:43.538Z,273.021,273.03000000000003,0.0,7.4,0.0,0.0,0.0,0.0,0.0,0.0,0.0,0.0,1.0,0.0,0.0,0.0,9.0,4.0,0.0,0.0,0.0,0.0,0.0,0.0,0.0,0.0,3.0,12.0,1.0,12.17,5.01,2.51,1.49,0.0,0.0,0.0,0.4,0.0,0.3,0.1,0.5,-169.70000000000002,0.0,0.0,169.70000000000002,0.0,21.8,29.200000000000003,29.200000000000003,29.700000000000003,300.0,300.0,31.5,35.7,29.1,28.3,30.200000000000003,4.95,2.0,4.96,0.16,0.0,0.0,1027.0,8228.0,0.0,0.0,0.0,0.0,0.0,1.0,0.0,0.0,0.0,0.0,0.0,0.5,0.0,-0.4,0.0,0.0001,16.0,25903.0
2026-07-30T19:01:43.548Z,273.031,273.04200000000003,0.0,7.4,0.0,0.0,0.0,0.0,0.0,0.0,0.0,0.0,1.0,0.0,0.0,0.0,9.0,4.0,0.0,0.0,0.0,0.0,0.0,0.0,0.0,0.0,2.0,12.0,1.0,12.13,5.01,2.5,1.5,0.0,0.0,0.0,0.4,0.0,-0.2,0.1,0.0,-169.70000000000002,0.0,0.0,169.8,0.0,21.700000000000003,29.200000000000003,29.200000000000003,29.700000000000003,300.0,300.0,31.6,35.7,29.1,28.3,30.200000000000003,4.95,1.99,4.97,0.16,0.0,0.0,1027.0,8228.0,0.0,0.0,0.0,0.0,0.0,1.0,0.0,0.0,0.0,0.0,0.0,0.1,0.0,0.0,0.0,0.0001,16.0,25903.0
2026-07-30T19:01:43.556Z,273.039,273.05400000000003,0.0,7.4,0.0,0.0,0.0,0.0,0.0,0.0,0.0,0.0,1.0,0.0,0.0,0.0,9.0,4.0,0.0,0.0,0.0,0.0,0.0,0.0,0.0,0.0,3.0,12.0,1.0,12.13,5.01,2.5,1.5,0.0,0.0,0.0,0.4,0.0,0.3,0.7000000000000001,0.5,-169.70000000000002,0.0,0.0,169.70000000000002,0.0,21.700000000000003,29.200000000000003,29.200000000000003,29.700000000000003,300.0,300.0,31.6,35.7,29.1,28.3,30.200000000000003,4.95,1.99,4.96,0.16,0.0,0.0,1027.0,8228.0,0.0,0.0,0.0,0.0,0.0,1.0,0.0,0.0,0.0,0.0,0.0,1.2000000000000002,0.0,-0.3,0.0,0.0001,16.0,25903.0
2026-07-30T19:01:43.568Z,273.051,273.06600000000003,0.0,7.4,0.0,0.0,0.0,0.0,0.0,0.0,0.0,0.0,1.0,0.0,0.0,0.0,9.0,4.0,0.0,0.0,0.0,0.0,0.0,0.0,0.0,0.0,4.0,12.0,1.0,12.13,5.01,2.5,1.5,0.0,0.0,0.0,0.4,0.0,-0.2,0.7000000000000001,0.0,-169.70000000000002,0.0,0.0,169.8,0.0,21.700000000000003,29.200000000000003,29.200000000000003,29.700000000000003,300.0,300.0,31.6,35.7,29.1,28.3,30.200000000000003,4.96,1.99,4.96,0.16,0.0,0.0,1027.0,8228.0,0.0,0.0,0.0,0.0,0.0,1.0,0.0,0.0,0.0,0.0,0.0,0.8,0.0,0.1,0.0,0.0001,16.0,25903.0
2026-07-30T19:01:43.580Z,273.063,273.07800000000003,0.0,7.4,0.0,0.0,0.0,0.0,0.0,0.0,0.0,0.0,1.0,0.0,0.0,0.0,9.0,4.0,0.0,0.0,0.0,0.0,0.0,0.0,0.0,0.0,5.0,12.0,1.0,12.13,5.01,2.5,1.5,0.0,0.0,0.0,0.4,0.0,0.2,1.3,0.0,-169.70000000000002,0.0,0.0,169.70000000000002,0.0,21.700000000000003,29.200000000000003,29.200000000000003,29.700000000000003,300.0,300.0,31.6,35.7,29.1,28.3,30.200000000000003,4.95,1.99,4.97,0.16,0.0,0.0,1027.0,8228.0,0.0,0.0,0.0,0.0,0.0,1.0,0.0,0.0,0.0,0.0,0.0,1.5,0.0,0.2,0.0,0.0,16.0,25903.0
2026-07-30T19:01:43.593Z,273.076,273.09000000000003,0.0,7.4,0.0,0.0,0.0,0.0,0.0,0.0,0.0,0.0,1.0,0.0,0.0,0.0,9.0,4.0,0.0,0.0,0.0,0.0,0.0,0.0,0.0,0.0,6.0,12.0,1.0,12.13,5.01,2.5,1.5,0.0,0.0,0.0,0.4,0.0,0.8,0.7000000000000001,0.5,-169.70000000000002,0.0,0.0,169.70000000000002,0.0,21.700000000000003,29.200000000000003,29.200000000000003,29.700000000000003,300.0,300.0,31.6,35.7,29.1,28.3,30.200000000000003,4.95,1.99,4.97,0.16,0.0,0.0,1027.0,8228.0,0.0,0.0,0.0,0.0,0.0,1.0,0.0,0.0,0.0,0.0,0.0,-0.3,0.0,-1.2000000000000002,0.0,0.0001,16.0,25903.0
2026-07-30T19:01:43.605Z,273.088,273.10200000000003,0.0,7.4,0.0,0.0,0.0,0.0,0.0,0.0,0.0,0.0,1.0,0.0,0.0,0.0,9.0,4.0,0.0,0.0,0.0,0.0,0.0,0.0,0.0,0.0,1.0,12.0,1.0,12.13,5.01,2.5,1.5,0.0,0.1,0.0,0.4,0.0,1.4,0.7000000000000001,0.5,-169.70000000000002,0.0,0.0,169.70000000000002,0.0,21.700000000000003,29.200000000000003,29.200000000000003,29.700000000000003,300.0,300.0,31.6,35.7,29.1,28.3,30.200000000000003,4.95,2.0,4.96,0.16,0.0,0.0,1027.0,8228.0,0.0,0.0,0.0,0.0,0.0,1.0,0.0,0.0,0.0,0.0,0.0,2.3000000000000003,0.0,-0.7000000000000001,0.0,0.0001,16.0,25903.0
2026-07-30T19:01:43.617Z,273.1,273.11400000000003,0.0,7.4,0.0,0.0,0.0,0.0,0.0,0.0,0.0,0.0,1.0,0.0,0.0,0.0,9.0,4.0,0.0,0.0,0.0,0.0,0.0,0.0,0.0,0.0,2.0,12.0,1.0,12.13,5.01,2.5,1.5,0.0,0.0,0.0,0.4,0.0,0.2,1.2000000000000002,0.5,-169.70000000000002,0.0,0.0,169.70000000000002,0.0,21.700000000000003,29.200000000000003,29.200000000000003,29.700000000000003,300.0,300.0,31.6,35.7,29.1,28.3,30.200000000000003,4.96,1.99,4.96,0.16,0.0,0.0,1027.0,8228.0,0.0,0.0,0.0,0.0,0.0,1.0,0.0,0.0,0.0,0.0,0.0,-1.0,0.0,0.4,0.0,0.0,16.0,25903.0
2026-07-30T19:01:43.629Z,273.112,273.12600000000003,0.0,7.4,0.0,0.0,0.0,0.0,0.0,0.0,0.0,0.0,1.0,0.0,0.0,0.0,9.0,4.0,0.0,0.0,0.0,0.0,0.0,0.0,0.0,0.0,4.0,12.0,1.0,12.13,5.01,2.5,1.5,0.0,0.0,0.0,0.4,0.0,0.2,-0.5,1.0,-169.70000000000002,0.0,0.0,169.70000000000002,0.0,21.700000000000003,29.200000000000003,29.200000000000003,29.700000000000003,300.0,300.0,31.6,35.7,29.1,28.3,30.200000000000003,4.95,1.99,4.97,0.16,0.0,0.0,1027.0,8228.0,0.0,0.0,0.0,0.0,0.0,1.0,0.0,0.0,0.0,0.0,0.0,0.2,0.0,-1.0,0.0,0.0001,16.0,25903.0
2026-07-30T19:01:43.641Z,273.124,273.13800000000003,0.0,7.4,0.0,0.0,0.0,0.0,0.0,0.0,0.0,0.0,1.0,0.0,0.0,0.0,9.0,4.0,0.0,0.0,0.0,0.0,0.0,0.0,0.0,0.0,5.0,12.0,1.0,12.13,5.01,2.5,1.5,0.0,0.1,0.0,0.4,0.0,-0.9,-1.1,-0.7000000000000001,-169.70000000000002,0.0,0.0,169.60000000000002,0.0,21.700000000000003,29.200000000000003,29.200000000000003,29.700000000000003,300.0,300.0,31.6,35.7,29.1,28.3,30.200000000000003,4.96,1.99,4.96,0.16,0.0,0.0,1027.0,8228.0,0.0,0.0,0.0,0.0,0.0,1.0,0.0,0.0,0.0,0.0,0.0,-1.8,0.0,0.4,0.0,0.0,16.0,25903.0
2026-07-30T19:01:43.652Z,273.135,273.15000000000003,0.0,7.4,0.0,0.0,0.0,0.0,0.0,0.0,0.0,0.0,1.0,0.0,0.0,0.0,9.0,4.0,0.0,0.0,0.0,0.0,0.0,0.0,0.0,0.0,6.0,12.0,1.0,12.17,5.01,2.51,1.49,0.0,0.0,0.0,0.4,0.0,0.8,1.8,1.0,-169.70000000000002,0.0,0.0,169.70000000000002,0.0,21.8,29.200000000000003,29.200000000000003,29.700000000000003,300.0,300.0,31.6,35.6,29.1,28.3,30.200000000000003,4.96,2.0,4.96,0.16,0.0,0.0,1027.0,8228.0,0.0,0.0,0.0,0.0,0.0,1.0,0.0,0.0,0.0,0.0,0.0,2.8000000000000003,0.0,-0.5,0.0,0.0001,16.0,25903.0
2026-07-30T19:01:43.664Z,273.147,273.162,0.0,7.4,0.0,0.0,0.0,0.0,0.0,0.0,0.0,0.0,1.0,0.0,0.0,0.0,9.0,4.0,0.0,0.0,0.0,0.0,0.0,0.0,0.0,0.0,1.0,12.0,1.0,12.17,5.01,2.51,1.49,0.0,0.0,0.0,0.4,0.0,0.2,-0.4,-1.3,-169.70000000000002,0.0,0.0,169.70000000000002,0.0,21.8,29.200000000000003,29.200000000000003,29.700000000000003,300.0,300.0,31.6,35.6,29.1,28.3,30.200000000000003,4.96,1.99,4.96,0.16,0.0,0.0,1027.0,8228.0,0.0,0.0,0.0,0.0,0.0,1.0,0.0,0.0,0.0,0.0,0.0,-1.4,0.0,1.0,0.0,0.0001,16.0,25903.0
2026-07-30T19:01:43.676Z,273.159,273.174,0.0,7.4,0.0,0.0,0.0,0.0,0.0,0.0,0.0,0.0,1.0,0.0,0.0,0.0,9.0,4.0,0.0,0.0,0.0,0.0,0.0,0.0,0.0,0.0,2.0,12.0,1.0,12.17,5.01,2.51,1.49,0.0,0.0,0.0,0.4,0.0,0.7000000000000001,-1.0,-0.1,-169.70000000000002,0.0,0.0,169.70000000000002,0.0,21.8,29.200000000000003,29.200000000000003,29.700000000000003,300.0,300.0,31.6,35.6,29.1,28.3,30.200000000000003,4.95,1.99,4.98,0.16,0.0,0.0,1027.0,8228.0,0.0,0.0,0.0,0.0,0.0,1.0,0.0,0.0,0.0,0.0,0.0,-1.2000000000000002,0.0,0.0,0.0,0.0002,16.0,25903.0
2026-07-30T19:01:43.688Z,273.171,273.186,0.0,7.4,0.0,0.0,0.0,0.0,0.0,0.0,0.0,0.0,1.0,0.0,0.0,0.0,9.0,4.0,0.0,0.0,0.0,0.0,0.0,0.0,0.0,0.0,3.0,12.0,1.0,12.17,5.01,2.51,1.49,0.0,0.0,0.0,0.4,0.0,-0.3,-1.0,0.4,-169.70000000000002,0.0,0.0,169.8,0.0,21.8,29.200000000000003,29.200000000000003,29.700000000000003,300.0,300.0,31.6,35.6,29.1,28.3,30.200000000000003,4.96,1.99,4.96,0.16,0.0,0.0,1027.0,8228.0,0.0,0.0,0.0,0.0,0.0,1.0,0.0,0.0,0.0,0.0,0.0,-0.8,0.0,-0.6000000000000001,0.0,0.0001,16.0,25903.0
2026-07-30T19:01:43.701Z,273.184,273.198,0.0,7.4,0.0,0.0,0.0,0.0,0.0,0.0,0.0,0.0,1.0,0.0,0.0,0.0,9.0,4.0,0.0,0.0,0.0,0.0,0.0,0.0,0.0,0.0,4.0,12.0,1.0,12.17,5.01,2.51,1.49,0.0,0.0,0.0,0.4,0.0,0.8,1.3,1.6,-169.70000000000002,0.0,0.0,169.70000000000002,0.0,21.8,29.200000000000003,29.200000000000003,29.700000000000003,300.0,300.0,31.6,35.6,29.1,28.3,30.200000000000003,4.96,1.99,4.97,0.16,0.0,0.0,1027.0,8228.0,0.0,0.0,0.0,0.0,0.0,1.0,0.0,0.0,0.0,0.0,0.0,2.7,0.0,-1.1,0.0,0.0001,16.0,25903.0
2026-07-30T19:01:43.712Z,273.195,273.21,0.0,7.4,0.0,0.0,0.0,0.0,0.0,0.0,0.0,0.0,1.0,0.0,0.0,0.0,9.0,4.0,0.0,0.0,0.0,0.0,0.0,0.0,0.0,0.0,5.0,12.0,1.0,12.17,5.01,2.51,1.49,0.0,0.0,0.0,0.4,0.0,-0.9,0.7000000000000001,1.0,-169.70000000000002,0.0,0.0,169.70000000000002,0.0,21.8,29.200000000000003,29.200000000000003,29.700000000000003,300.0,300.0,31.6,35.6,29.1,28.3,30.200000000000003,4.95,1.99,4.97,0.16,0.0,0.0,1027.0,8228.0,0.0,0.0,0.0,0.0,0.0,1.0,0.0,0.0,0.0,0.0,0.0,1.6,0.0,-0.8,0.0,0.0,16.0,25903.0
2026-07-30T19:01:43.725Z,273.208,273.222,0.0,7.4,0.0,0.0,0.0,0.0,0.0,0.0,0.0,0.0,1.0,0.0,0.0,0.0,9.0,4.0,0.0,0.0,0.0,0.0,0.0,0.0,0.0,0.0,6.0,12.0,1.0,12.17,5.01,2.51,1.49,0.0,0.0,0.0,0.4,0.0,-0.3,0.7000000000000001,1.1,-169.70000000000002,0.0,0.0,169.8,0.0,21.8,29.200000000000003,29.200000000000003,29.700000000000003,300.0,300.0,31.6,35.6,29.1,28.3,30.200000000000003,4.96,1.99,4.97,0.16,0.0,0.0,1027.0,8228.0,0.0,0.0,0.0,0.0,0.0,1.0,0.0,0.0,0.0,0.0,0.0,1.6,0.0,-0.8,0.0,0.0001,16.0,25903.0
2026-07-30T19:01:43.737Z,273.22,273.234,0.0,7.4,0.0,0.0,0.0,0.0,0.0,0.0,0.0,0.0,1.0,0.0,0.0,0.0,9.0,4.0,0.0,0.0,0.0,0.0,0.0,0.0,0.0,0.0,1.0,12.0,1.0,12.17,5.01,2.51,1.49,0.0,0.0,0.0,0.5,0.0,0.2,-0.4,1.0,-169.70000000000002,0.0,0.0,169.8,0.0,21.8,29.200000000000003,29.200000000000003,29.700000000000003,300.0,300.0,31.6,35.6,29.1,28.3,30.200000000000003,4.95,2.0,4.96,0.16,0.0,0.0,1027.0,8228.0,0.0,0.0,0.0,0.0,0.0,1.0,0.0,0.0,0.0,0.0,0.0,0.2,0.0,-1.0,0.0,0.0001,16.0,25903.0
2026-07-30T19:01:43.750Z,273.233,273.246,0.0,7.4,0.0,0.0,0.0,0.0,0.0,0.0,0.0,0.0,1.0,0.0,0.0,0.0,9.0,4.0,0.0,0.0,0.0,0.0,0.0,0.0,0.0,0.0,2.0,12.0,1.0,12.19,5.0200000000000005,2.51,1.49,0.0,0.1,0.0,0.4,0.0,0.2,1.3,0.0,-169.70000000000002,0.0,0.0,169.8,0.0,21.4,29.200000000000003,29.200000000000003,29.700000000000003,300.0,300.0,31.5,35.6,29.1,28.3,30.200000000000003,4.95,1.99,4.97,0.16,0.0,0.0,1027.0,8228.0,0.0,0.0,0.0,0.0,0.0,1.0,0.0,0.0,0.0,0.0,0.0,1.4,0.0,0.3,0.0,0.0,16.0,25903.0
2026-07-30T19:01:43.761Z,273.244,273.258,0.0,7.4,0.0,0.0,0.0,0.0,0.0,0.0,0.0,0.0,1.0,0.0,0.0,0.0,9.0,4.0,0.0,0.0,0.0,0.0,0.0,0.0,0.0,0.0,3.0,12.0,1.0,12.19,5.0200000000000005,2.51,1.49,0.0,0.0,0.0,0.4,0.0,0.8,0.6000000000000001,1.1,-169.70000000000002,0.0,0.0,169.70000000000002,0.0,21.4,29.200000000000003,29.200000000000003,29.700000000000003,300.0,300.0,31.5,35.6,29.1,28.3,30.200000000000003,4.95,1.99,4.97,0.16,0.0,0.0,1027.0,8228.0,0.0,0.0,0.0,0.0,0.0,1.0,0.0,0.0,0.0,0.0,0.0,1.6,0.0,-0.8,0.0,0.0001,16.0,25903.0
2026-07-30T19:01:43.773Z,273.256,273.27,0.0,7.4,0.0,0.0,0.0,0.0,0.0,0.0,0.0,0.0,1.0,0.0,0.0,0.0,9.0,4.0,0.0,0.0,0.0,0.0,0.0,0.0,0.0,0.0,4.0,12.0,1.0,12.19,5.0200000000000005,2.51,1.49,0.0,0.1,0.0,0.4,0.0,-0.3,-1.0,0.0,-169.70000000000002,0.0,0.0,169.60000000000002,0.0,21.4,29.200000000000003,29.200000000000003,29.700000000000003,300.0,300.0,31.5,35.6,29.1,28.3,30.200000000000003,4.96,1.99,4.96,0.16,0.0,0.0,1027.0,8228.0,0.0,0.0,0.0,0.0,0.0,1.0,0.0,0.0,0.0,0.0,0.0,-1.2000000000000002,0.0,-0.1,0.0,0.0001,16.0,25903.0
2026-07-30T19:01:43.785Z,273.268,273.282,0.0,7.4,0.0,0.0,0.0,0.0,0.0,0.0,0.0,0.0,1.0,0.0,0.0,0.0,9.0,4.0,0.0,0.0,0.0,0.0,0.0,0.0,0.0,0.0,5.0,12.0,1.0,12.19,5.0200000000000005,2.51,1.49,0.0,0.0,0.0,0.4,0.0,0.8,-1.0,-0.6000000000000001,-169.70000000000002,0.0,0.0,169.8,0.0,21.4,29.200000000000003,29.200000000000003,29.700000000000003,300.0,300.0,31.5,35.6,29.1,28.3,30.200000000000003,4.95,1.99,4.97,0.16,0.0,0.0,1027.0,8228.0,0.0,0.0,0.0,0.0,0.0,1.0,0.0,0.0,0.0,0.0,0.0,-1.7000000000000002,0.0,0.3,0.0,0.0002,16.0,25903.0
2026-07-30T19:01:43.797Z,273.28,273.294,0.0,7.4,0.0,0.0,0.0,0.0,0.0,0.0,0.0,0.0,1.0,0.0,0.0,0.0,9.0,4.0,0.0,0.0,0.0,0.0,0.0,0.0,0.0,0.0,1.0,12.0,1.0,12.19,5.0200000000000005,2.51,1.49,0.0,0.0,0.0,0.4,0.0,0.8,0.6000000000000001,0.0,-169.70000000000002,0.0,0.0,169.70000000000002,0.0,21.4,29.200000000000003,29.200000000000003,29.700000000000003,300.0,300.0,31.5,35.6,29.1,28.3,30.200000000000003,4.95,1.99,4.96,0.16,0.0,0.0,1027.0,8228.0,0.0,0.0,0.0,0.0,0.0,1.0,0.0,0.0,0.0,0.0,0.0,0.7000000000000001,0.0,0.2,0.0,0.0001,16.0,25903.0
2026-07-30T19:01:43.808Z,273.291,273.306,0.0,7.4,0.0,0.0,0.0,0.0,0.0,0.0,0.0,0.0,1.0,0.0,0.0,0.0,9.0,4.0,0.0,0.0,0.0,0.0,0.0,0.0,0.0,0.0,2.0,12.0,1.0,12.19,5.0200000000000005,2.51,1.49,0.0,0.0,0.0,0.4,0.0,0.2,-0.4,-0.1,-169.70000000000002,0.0,0.0,169.70000000000002,0.0,21.4,29.200000000000003,29.200000000000003,29.700000000000003,300.0,300.0,31.5,35.6,29.1,28.3,30.200000000000003,4.96,2.0,4.96,0.16,0.0,0.0,1027.0,8228.0,0.0,0.0,0.0,0.0,0.0,1.0,0.0,0.0,0.0,0.0,0.0,-0.6000000000000001,0.0,0.0,0.0,0.0001,16.0,25903.0
2026-07-30T19:01:43.820Z,273.303,273.318,0.0,7.4,0.0,0.0,0.0,0.0,0.0,0.0,0.0,0.0,1.0,0.0,0.0,0.0,9.0,4.0,0.0,0.0,0.0,0.0,0.0,0.0,0.0,0.0,3.0,12.0,1.0,12.19,5.0200000000000005,2.51,1.49,0.0,0.1,0.0,0.5,0.0,-0.8,-0.4,-0.1,-169.70000000000002,0.0,0.0,169.70000000000002,0.0,21.4,29.200000000000003,29.200000000000003,29.700000000000003,300.0,300.0,31.5,35.6,29.1,28.3,30.200000000000003,4.95,2.0,4.96,0.16,0.0,0.0,1027.0,8228.0,0.0,0.0,0.0,0.0,0.0,1.0,0.0,0.0,0.0,0.0,0.0,-0.5,0.0,0.0,0.0,0.0001,16.0,25903.0
2026-07-30T19:01:43.832Z,273.315,273.33,0.0,7.4,0.0,0.0,0.0,0.0,0.0,0.0,0.0,0.0,1.0,0.0,0.0,0.0,9.0,4.0,0.0,0.0,0.0,0.0,0.0,0.0,0.0,0.0,4.0,12.0,1.0,12.19,5.0200000000000005,2.51,1.49,0.0,0.0,0.0,0.5,0.0,-0.2,-1.0,-0.1,-169.70000000000002,0.0,0.0,169.70000000000002,0.0,21.4,29.200000000000003,29.200000000000003,29.700000000000003,300.0,300.0,31.5,35.6,29.1,28.3,30.200000000000003,4.95,1.99,4.97,0.16,0.0,0.0,1027.0,8228.0,0.0,0.0,0.0,0.0,0.0,1.0,0.0,0.0,0.0,0.0,0.0,-1.3,0.0,0.0,0.0,0.0001,16.0,25903.0
2026-07-30T19:01:43.844Z,273.327,273.342,0.0,7.4,0.0,0.0,0.0,0.0,0.0,0.0,0.0,0.0,1.0,0.0,0.0,0.0,9.0,4.0,0.0,0.0,0.0,0.0,0.0,0.0,0.0,0.0,5.0,12.0,1.0,12.19,5.0200000000000005,2.51,1.49,0.0,0.0,0.0,0.4,0.0,-0.2,-1.0,-0.7000000000000001,-169.70000000000002,0.0,0.0,169.70000000000002,0.0,21.4,29.200000000000003,29.200000000000003,29.700000000000003,300.0,300.0,31.5,35.6,29.1,28.3,30.200000000000003,4.95,1.99,4.96,0.16,0.0,0.0,1027.0,8228.0,0.0,0.0,0.0,0.0,0.0,1.0,0.0,0.0,0.0,0.0,0.0,-1.7000000000000002,0.0,0.3,0.0,0.0001,16.0,25903.0
2026-07-30T19:01:43.861Z,273.344,273.354,0.0,7.4,0.0,0.0,0.0,0.0,0.0,0.0,0.0,0.0,1.0,0.0,0.0,0.0,9.0,4.0,0.0,0.0,0.0,0.0,0.0,0.0,0.0,0.0,5.0,12.0,1.0,12.15,5.01,2.51,1.49,0.0,0.1,0.0,0.4,0.0,0.2,0.6000000000000001,0.4,-169.70000000000002,0.0,0.0,169.8,0.0,21.4,29.200000000000003,29.200000000000003,29.700000000000003,300.0,300.0,31.6,35.6,29.1,28.3,30.200000000000003,4.96,1.99,4.96,0.16,0.0,0.0,1027.0,8228.0,0.0,0.0,0.0,0.0,0.0,1.0,0.0,0.0,0.0,0.0,0.0,1.0,0.0,-0.2,0.0,0.0001,16.0,25903.0
2026-07-30T19:01:43.868Z,273.351,273.366,0.0,7.4,0.0,0.0,0.0,0.0,0.0,0.0,0.0,0.0,1.0,0.0,0.0,0.0,9.0,4.0,0.0,0.0,0.0,0.0,0.0,0.0,0.0,0.0,4.0,12.0,1.0,12.15,5.01,2.51,1.49,0.0,0.0,0.0,0.5,0.0,-0.3,0.0,-0.1,-169.70000000000002,0.0,0.0,169.8,0.0,21.4,29.200000000000003,29.200000000000003,29.700000000000003,300.0,300.0,31.6,35.6,29.1,28.3,30.200000000000003,4.95,1.99,4.96,0.16,0.0,0.0,1027.0,8228.0,0.0,0.0,0.0,0.0,0.0,1.0,0.0,0.0,0.0,0.0,0.0,0.0,0.0,0.1,0.0,0.0001,16.0,25903.0
2026-07-30T19:01:43.881Z,273.364,273.378,0.0,7.4,0.0,0.0,0.0,0.0,0.0,0.0,0.0,0.0,1.0,0.0,0.0,0.0,9.0,4.0,0.0,0.0,0.0,0.0,0.0,0.0,0.0,0.0,5.0,12.0,1.0,12.15,5.01,2.51,1.49,0.0,0.0,0.0,0.4,0.0,0.2,0.0,-0.8,-169.70000000000002,0.0,0.0,169.70000000000002,0.0,21.4,29.200000000000003,29.200000000000003,29.700000000000003,300.0,300.0,31.6,35.6,29.1,28.3,30.200000000000003,4.96,1.99,4.96,0.16,0.0,0.0,1027.0,8228.0,0.0,0.0,0.0,0.0,0.0,1.0,0.0,0.0,0.0,0.0,0.0,-0.5,0.0,0.7000000000000001,0.0,0.0001,16.0,25903.0
2026-07-30T19:01:43.893Z,273.376,273.39,0.0,7.4,0.0,0.0,0.0,0.0,0.0,0.0,0.0,0.0,1.0,0.0,0.0,0.0,9.0,4.0,0.0,0.0,0.0,0.0,0.0,0.0,0.0,0.0,6.0,12.0,1.0,12.15,5.01,2.51,1.49,0.0,0.0,0.0,0.4,0.0,-0.2,0.0,0.9,-169.70000000000002,0.0,0.0,169.8,0.0,21.4,29.200000000000003,29.200000000000003,29.700000000000003,300.0,300.0,31.6,35.6,29.1,28.3,30.200000000000003,4.96,1.99,4.96,0.16,0.0,0.0,1027.0,8228.0,0.0,0.0,0.0,0.0,0.0,1.0,0.0,0.0,0.0,0.0,0.0,0.7000000000000001,0.0,-0.8,0.0,0.0,16.0,25903.0
2026-07-30T19:01:43.905Z,273.388,273.402,0.0,7.4,0.0,0.0,0.0,0.0,0.0,0.0,0.0,0.0,1.0,0.0,0.0,0.0,9.0,4.0,0.0,0.0,0.0,0.0,0.0,0.0,0.0,0.0,1.0,12.0,1.0,12.15,5.01,2.51,1.49,0.0,0.1,0.0,0.4,0.0,0.3,1.2000000000000002,-0.1,-169.70000000000002,0.0,0.0,169.8,0.0,21.4,29.200000000000003,29.200000000000003,29.700000000000003,300.0,300.0,31.6,35.6,29.1,28.3,30.200000000000003,4.95,1.99,4.96,0.16,0.0,0.0,1027.0,8228.0,0.0,0.0,0.0,0.0,0.0,1.0,0.0,0.0,0.0,0.0,0.0,1.3,0.0,0.3,0.0,0.0,16.0,25903.0
2026-07-30T19:01:43.917Z,273.4,273.414,0.0,7.4,0.0,0.0,0.0,0.0,0.0,0.0,0.0,0.0,1.0,0.0,0.0,0.0,9.0,4.0,0.0,0.0,0.0,0.0,0.0,0.0,0.0,0.0,2.0,12.0,1.0,12.15,5.01,2.51,1.49,0.0,0.1,0.0,0.5,0.0,-0.8,-1.0,-0.7000000000000001,-169.70000000000002,0.0,0.0,169.70000000000002,0.0,21.4,29.200000000000003,29.200000000000003,29.700000000000003,300.0,300.0,31.6,35.6,29.1,28.3,30.200000000000003,4.95,1.99,4.97,0.16,0.0,0.0,1027.0,8228.0,0.0,0.0,0.0,0.0,0.0,1.0,0.0,0.0,0.0,0.0,0.0,-1.7000000000000002,0.0,0.4,0.0,0.0002,16.0,25903.0
2026-07-30T19:01:43.929Z,273.412,273.426,0.0,7.4,0.0,0.0,0.0,0.0,0.0,0.0,0.0,0.0,1.0,0.0,0.0,0.0,9.0,4.0,0.0,0.0,0.0,0.0,0.0,0.0,0.0,0.0,3.0,12.0,1.0,12.15,5.01,2.51,1.49,0.0,0.0,0.0,0.4,0.0,0.3,0.7000000000000001,1.0,-169.70000000000002,0.0,0.0,169.70000000000002,0.0,21.4,29.200000000000003,29.200000000000003,29.700000000000003,300.0,300.0,31.6,35.6,29.1,28.3,30.200000000000003,4.96,1.99,4.96,0.16,0.0,0.0,1027.0,8228.0,0.0,0.0,0.0,0.0,0.0,1.0,0.0,0.0,0.0,0.0,0.0,1.6,0.0,-0.8,0.0,0.0,16.0,25903.0
2026-07-30T19:01:43.941Z,273.424,273.438,0.0,7.4,0.0,0.0,0.0,0.0,0.0,0.0,0.0,0.0,1.0,0.0,0.0,0.0,9.0,4.0,0.0,0.0,0.0,0.0,0.0,0.0,0.0,0.0,4.0,12.0,1.0,12.15,5.01,2.51,1.49,0.0,0.1,0.0,0.4,0.0,-0.2,0.1,0.0,-169.70000000000002,0.0,0.0,169.8,0.0,21.4,29.200000000000003,29.200000000000003,29.700000000000003,300.0,300.0,31.6,35.6,29.1,28.3,30.200000000000003,4.96,2.0,4.97,0.16,0.0,0.0,1027.0,8228.0,0.0,0.0,0.0,0.0,0.0,1.0,0.0,0.0,0.0,0.0,0.0,0.0,0.0,0.1,0.0,0.0001,16.0,25903.0
2026-07-30T19:01:43.954Z,273.437,273.45,0.0,7.4,0.0,0.0,0.0,0.0,0.0,0.0,0.0,0.0,1.0,0.0,0.0,0.0,9.0,4.0,0.0,0.0,0.0,0.0,0.0,0.0,0.0,0.0,5.0,12.0,1.0,12.18,5.0200000000000005,2.5,1.5,0.0,0.0,0.0,0.4,0.0,-0.2,0.1,0.4,-169.70000000000002,0.0,0.0,169.8,0.0,21.8,29.200000000000003,29.200000000000003,29.700000000000003,300.0,300.0,31.5,35.6,29.1,28.3,30.200000000000003,4.95,2.0,4.97,0.16,0.0,0.0,1027.0,8228.0,0.0,0.0,0.0,0.0,0.0,1.0,0.0,0.0,0.0,0.0,0.0,0.4,0.0,-0.3,0.0,0.0001,16.0,25903.0
2026-07-30T19:01:43.964Z,273.447,273.462,0.0,7.4,0.0,0.0,0.0,0.0,0.0,0.0,0.0,0.0,1.0,0.0,0.0,0.0,9.0,4.0,0.0,0.0,0.0,0.0,0.0,0.0,0.0,0.0,6.0,12.0,1.0,12.18,5.0200000000000005,2.5,1.5,0.0,0.0,0.0,0.4,0.0,0.3,-0.4,0.9,-169.70000000000002,0.0,0.0,169.8,0.0,21.8,29.200000000000003,29.200000000000003,29.700000000000003,300.0,300.0,31.5,35.6,29.1,28.3,30.200000000000003,4.96,2.0,4.96,0.16,0.0,0.0,1027.0,8228.0,0.0,0.0,0.0,0.0,0.0,1.0,0.0,0.0,0.0,0.0,0.0,0.1,0.0,-0.9,0.0,0.0,16.0,25903.0
2026-07-30T19:01:43.977Z,273.46,273.474,0.0,7.4,0.0,0.0,0.0,0.0,0.0,0.0,0.0,0.0,1.0,0.0,0.0,0.0,9.0,4.0,0.0,0.0,0.0,0.0,0.0,0.0,0.0,0.0,1.0,12.0,1.0,12.18,5.0200000000000005,2.5,1.5,0.0,0.0,0.0,0.4,0.0,-0.8,-1.6,0.2,-169.70000000000002,0.0,0.0,169.70000000000002,0.0,21.8,29.200000000000003,29.200000000000003,29.700000000000003,300.0,300.0,31.5,35.6,29.1,28.3,30.200000000000003,4.96,1.99,4.96,0.16,0.0,0.0,1027.0,8228.0,0.0,0.0,0.0,0.0,0.0,1.0,0.0,0.0,0.0,0.0,0.0,-1.6,0.0,-0.5,0.0,0.0,16.0,25903.0
2026-07-30T19:01:43.988Z,273.471,273.486,0.0,7.4,0.0,0.0,0.0,0.0,0.0,0.0,0.0,0.0,1.0,0.0,0.0,0.0,9.0,4.0,0.0,0.0,0.0,0.0,0.0,0.0,0.0,0.0,2.0,12.0,1.0,12.18,5.0200000000000005,2.5,1.5,0.0,0.0,0.0,0.4,0.0,0.3,0.0,-0.3,-169.70000000000002,0.0,0.0,169.70000000000002,0.0,21.8,29.200000000000003,29.200000000000003,29.700000000000003,300.0,300.0,31.5,35.6,29.1,28.3,30.200000000000003,4.96,1.99,4.97,0.16,0.0,0.0,1027.0,8228.0,0.0,0.0,0.0,0.0,0.0,1.0,0.0,0.0,0.0,0.0,0.0,-0.1,0.0,0.2,0.0,0.0002,16.0,25903.0
2026-07-30T19:01:44.000Z,273.483,273.498,0.0,7.4,0.0,0.0,0.0,0.0,0.0,0.0,0.0,0.0,1.0,0.0,0.0,0.0,9.0,4.0,0.0,0.0,0.0,0.0,0.0,0.0,0.0,0.0,3.0,12.0,1.0,12.18,5.0200000000000005,2.5,1.5,0.0,0.0,0.0,0.4,0.0,0.3,1.2000000000000002,1.4,-169.70000000000002,0.0,0.0,169.8,0.0,21.8,29.200000000000003,29.200000000000003,29.700000000000003,300.0,300.0,31.5,35.6,29.1,28.3,30.200000000000003,4.96,1.99,4.97,0.16,0.0,0.0,1027.0,8228.0,0.0,0.0,0.0,0.0,0.0,1.0,0.0,0.0,0.0,0.0,0.0,2.5,0.0,-1.0,0.0,0.0001,16.0,25903.0
2026-07-30T19:01:44.012Z,273.495,273.51,0.0,7.4,0.0,0.0,0.0,0.0,0.0,0.0,0.0,0.0,1.0,0.0,0.0,0.0,9.0,4.0,0.0,0.0,0.0,0.0,0.0,0.0,0.0,0.0,4.0,12.0,1.0,12.18,5.0200000000000005,2.5,1.5,0.0,0.1,0.0,0.4,0.0,-0.8,-1.1,-0.2,-169.70000000000002,0.0,0.0,169.70000000000002,0.0,21.8,29.200000000000003,29.200000000000003,29.700000000000003,300.0,300.0,31.5,35.6,29.1,28.3,30.200000000000003,4.96,1.99,4.96,0.17,0.0,0.0,1027.0,8228.0,0.0,0.0,0.0,0.0,0.0,1.0,0.0,0.0,0.0,0.0,0.0,-1.4,0.0,0.0,0.0,0.0002,16.0,25903.0
2026-07-30T19:01:44.024Z,273.507,273.522,0.0,7.4,0.0,0.0,0.0,0.0,0.0,0.0,0.0,0.0,1.0,0.0,0.0,0.0,9.0,4.0,0.0,0.0,0.0,0.0,0.0,0.0,0.0,0.0,5.0,12.0,1.0,12.18,5.0200000000000005,2.5,1.5,0.0,0.0,0.0,0.4,0.0,-0.2,0.0,-0.2,-169.70000000000002,0.0,0.0,169.8,0.0,21.8,29.200000000000003,29.200000000000003,29.700000000000003,300.0,300.0,31.5,35.6,29.1,28.3,30.200000000000003,4.95,1.99,4.97,0.17,0.0,0.0,1027.0,8228.0,0.0,0.0,0.0,0.0,0.0,1.0,0.0,0.0,0.0,0.0,0.0,-0.1,0.0,0.2,0.0,0.0,16.0,25903.0
2026-07-30T19:01:44.036Z,273.519,273.534,0.0,7.4,0.0,0.0,0.0,0.0,0.0,0.0,0.0,0.0,1.0,0.0,0.0,0.0,9.0,4.0,0.0,0.0,0.0,0.0,0.0,0.0,0.0,0.0,6.0,12.0,1.0,12.18,5.0200000000000005,2.5,1.5,0.0,0.0,0.0,0.4,0.0,0.2,0.6000000000000001,-0.2,-169.70000000000002,0.0,0.0,169.70000000000002,0.0,21.8,29.200000000000003,29.200000000000003,29.700000000000003,300.0,300.0,31.5,35.6,29.1,28.3,30.200000000000003,4.95,1.99,4.97,0.16,0.0,0.0,1027.0,8228.0,0.0,0.0,0.0,0.0,0.0,1.0,0.0,0.0,0.0,0.0,0.0,0.5,0.0,0.3,0.0,0.0001,16.0,25903.0
2026-07-30T19:01:44.049Z,273.532,273.546,0.0,7.4,0.0,0.0,0.0,0.0,0.0,0.0,0.0,0.0,1.0,0.0,0.0,0.0,9.0,4.0,0.0,0.0,0.0,0.0,0.0,0.0,0.0,0.0,1.0,12.0,1.0,12.18,5.0200000000000005,2.5,1.5,0.0,0.0,0.0,0.4,0.0,-0.3,0.0,0.9,-169.70000000000002,0.0,0.0,169.8,0.0,21.8,29.200000000000003,29.200000000000003,29.700000000000003,300.0,300.0,31.5,35.6,29.1,28.3,30.200000000000003,4.96,2.0,4.97,0.16,0.0,0.0,1027.0,8228.0,0.0,0.0,0.0,0.0,0.0,1.0,0.0,0.0,0.0,0.0,0.0,0.7000000000000001,0.0,-0.7000000000000001,0.0,0.0002,16.0,25903.0
2026-07-30T19:01:44.060Z,273.543,273.558,0.0,7.4,0.0,0.0,0.0,0.0,0.0,0.0,0.0,0.0,1.0,0.0,0.0,0.0,9.0,4.0,0.0,0.0,0.0,0.0,0.0,0.0,0.0,0.0,2.0,12.0,1.0,12.22,5.01,2.5,1.49,0.0,0.0,0.0,0.5,0.0,0.3,-0.5,-1.3,-169.70000000000002,0.0,0.0,169.8,0.0,21.8,29.200000000000003,29.200000000000003,29.700000000000003,300.0,300.0,31.5,35.6,29.1,28.3,30.200000000000003,4.96,2.0,4.96,0.16,0.0,0.0,1027.0,8228.0,0.0,0.0,0.0,0.0,0.0,1.0,0.0,0.0,0.0,0.0,0.0,-1.5,0.0,1.1,0.0,0.0002,16.0,25903.0
2026-07-30T19:01:44.073Z,273.556,273.57,0.0,7.4,0.0,0.0,0.0,0.0,0.0,0.0,0.0,0.0,1.0,0.0,0.0,0.0,9.0,4.0,0.0,0.0,0.0,0.0,0.0,0.0,0.0,0.0,3.0,12.0,1.0,12.22,5.01,2.5,1.49,0.0,0.0,0.0,0.4,0.0,0.2,-0.5,-0.8,-169.70000000000002,0.0,0.0,169.8,0.0,21.8,29.200000000000003,29.200000000000003,29.700000000000003,300.0,300.0,31.5,35.6,29.1,28.3,30.200000000000003,4.95,1.99,4.97,0.16,0.0,0.0,1027.0,8228.0,0.0,0.0,0.0,0.0,0.0,1.0,0.0,0.0,0.0,0.0,0.0,-1.1,0.0,0.6000000000000001,0.0,0.0001,16.0,25903.0
2026-07-30T19:01:44.084Z,273.567,273.582,0.0,7.4,0.0,0.0,0.0,0.0,0.0,0.0,0.0,0.0,1.0,0.0,0.0,0.0,9.0,4.0,0.0,0.0,0.0,0.0,0.0,0.0,0.0,0.0,4.0,12.0,1.0,12.22,5.01,2.5,1.49,0.0,0.1,0.0,0.4,0.0,-0.3,0.6000000000000001,-1.4,-169.70000000000002,0.0,0.0,169.8,0.0,21.8,29.200000000000003,29.200000000000003,29.700000000000003,300.0,300.0,31.5,35.6,29.1,28.3,30.200000000000003,4.95,1.99,4.96,0.16,0.0,0.0,1027.0,8228.0,0.0,0.0,0.0,0.0,0.0,1.0,0.0,0.0,0.0,0.0,0.0,-0.3,0.0,1.3,0.0,0.0,16.0,25903.0
2026-07-30T19:01:44.096Z,273.579,273.594,0.0,7.4,0.0,0.0,0.0,0.0,0.0,0.0,0.0,0.0,1.0,0.0,0.0,0.0,9.0,4.0,0.0,0.0,0.0,0.0,0.0,0.0,0.0,0.0,5.0,12.0,1.0,12.22,5.01,2.5,1.49,0.0,0.0,0.0,0.4,0.0,-0.2,-1.1,-0.2,-169.70000000000002,0.0,0.0,169.8,0.0,21.8,29.200000000000003,29.200000000000003,29.700000000000003,300.0,300.0,31.5,35.6,29.1,28.3,30.200000000000003,4.96,1.99,4.96,0.16,0.0,0.0,1027.0,8228.0,0.0,0.0,0.0,0.0,0.0,1.0,0.0,0.0,0.0,0.0,0.0,-1.4,0.0,0.0,0.0,0.0,16.0,25903.0
2026-07-30T19:01:44.108Z,273.591,273.606,0.0,7.4,0.0,0.0,0.0,0.0,0.0,0.0,0.0,0.0,1.0,0.0,0.0,0.0,9.0,4.0,0.0,0.0,0.0,0.0,0.0,0.0,0.0,0.0,6.0,12.0,1.0,12.22,5.01,2.5,1.49,0.0,0.0,0.0,0.4,0.0,0.2,-0.5,-0.3,-169.70000000000002,0.0,0.0,169.8,0.0,21.8,29.200000000000003,29.200000000000003,29.700000000000003,300.0,300.0,31.5,35.6,29.1,28.3,30.200000000000003,4.95,1.99,4.97,0.16,0.0,0.0,1027.0,8228.0,0.0,0.0,0.0,0.0,0.0,1.0,0.0,0.0,0.0,0.0,0.0,0.4,0.0,0.4,0.0,0.0,16.0,25903.0
2026-07-30T19:01:44.121Z,273.604,273.618,0.0,7.4,0.0,0.0,0.0,0.0,0.0,0.0,0.0,0.0,1.0,0.0,0.0,0.0,9.0,4.0,0.0,0.0,0.0,0.0,0.0,0.0,0.0,0.0,1.0,12.0,1.0,12.22,5.01,2.5,1.49,0.0,0.0,0.0,0.4,0.0,0.2,0.6000000000000001,0.3,-169.70000000000002,0.0,0.0,169.8,0.0,21.8,29.200000000000003,29.200000000000003,29.700000000000003,300.0,300.0,31.5,35.6,29.1,28.3,30.200000000000003,4.96,2.0,4.96,0.16,0.0,0.0,1027.0,8228.0,0.0,0.0,0.0,0.0,0.0,1.0,0.0,0.0,0.0,0.0,0.0,-0.3,0.0,-0.4,0.0,0.0001,16.0,25903.0
2026-07-30T19:01:44.133Z,273.616,273.63,0.0,7.4,0.0,0.0,0.0,0.0,0.0,0.0,0.0,0.0,1.0,0.0,0.0,0.0,9.0,4.0,0.0,0.0,0.0,0.0,0.0,0.0,0.0,0.0,2.0,12.0,1.0,12.22,5.01,2.5,1.49,0.0,0.0,0.0,0.4,0.0,-0.9,-0.5,0.3,-169.70000000000002,0.0,0.0,169.8,0.0,21.8,29.200000000000003,29.200000000000003,29.700000000000003,300.0,300.0,31.5,35.6,29.1,28.3,30.200000000000003,4.96,1.99,4.96,0.16,0.0,0.0,1027.0,8228.0,0.0,0.0,0.0,0.0,0.0,1.0,0.0,0.0,0.0,0.0,0.0,0.7000000000000001,0.0,1.0,0.0,0.0001,16.0,25903.0
2026-07-30T19:01:44.145Z,273.628,273.642,0.0,7.4,0.0,0.0,0.0,0.0,0.0,0.0,0.0,0.0,1.0,0.0,0.0,0.0,9.0,4.0,0.0,0.0,0.0,0.0,0.0,0.0,0.0,0.0,3.0,12.0,1.0,12.22,5.01,2.5,1.49,0.0,0.0,0.0,0.4,0.0,0.8,1.8,0.8,-169.70000000000002,0.0,0.0,169.8,0.0,21.8,29.200000000000003,29.200000000000003,29.700000000000003,300.0,300.0,31.5,35.6,29.1,28.3,30.200000000000003,4.95,1.99,4.96,0.16,0.0,0.0,1027.0,8228.0,0.0,0.0,0.0,0.0,0.0,1.0,0.0,0.0,0.0,0.0,0.0,2.7,0.0,-0.3,0.0,0.0,16.0,25903.0
2026-07-30T19:01:44.158Z,273.641,273.654,0.0,7.4,0.0,0.0,0.0,0.0,0.0,0.0,0.0,0.0,1.0,0.0,0.0,0.0,9.0,4.0,0.0,0.0,0.0,0.0,0.0,0.0,0.0,0.0,4.0,12.0,1.0,12.18,5.01,2.51,1.49,0.0,0.0,0.0,0.4,0.0,-0.8,-0.5,-1.5,-169.70000000000002,0.0,0.0,169.8,0.0,21.3,29.200000000000003,29.200000000000003,29.700000000000003,300.0,300.0,31.5,35.6,29.1,28.3,30.200000000000003,4.95,1.99,4.97,0.16,0.0,0.0,1027.0,8228.0,0.0,0.0,0.0,0.0,0.0,1.0,0.0,0.0,0.0,0.0,0.0,-1.7000000000000002,0.0,1.2000000000000002,0.0,0.0001,16.0,25903.0
2026-07-30T19:01:44.175Z,273.658,273.666,0.0,7.4,0.0,0.0,0.0,0.0,0.0,0.0,0.0,0.0,1.0,0.0,0.0,0.0,9.0,4.0,0.0,0.0,0.0,0.0,0.0,0.0,0.0,0.0,5.0,12.0,1.0,12.18,5.01,2.51,1.49,0.0,0.0,0.0,0.4,0.0,-0.2,-1.0,-1.0,-169.70000000000002,0.0,0.0,169.8,0.0,21.3,29.200000000000003,29.200000000000003,29.700000000000003,300.0,300.0,31.5,35.6,29.1,28.3,30.200000000000003,4.96,2.0,4.96,0.16,0.0,0.0,1027.0,8228.0,0.0,0.0,0.0,0.0,0.0,1.0,0.0,0.0,0.0,0.0,0.0,-2.0,0.0,0.6000000000000001,0.0,0.0001,16.0,25903.0
2026-07-30T19:01:44.181Z,273.664,273.678,0.0,7.4,0.0,0.0,0.0,0.0,0.0,0.0,0.0,0.0,1.0,0.0,0.0,0.0,9.0,4.0,0.0,0.0,0.0,0.0,0.0,0.0,0.0,0.0,2.0,12.0,1.0,12.18,5.01,2.51,1.49,0.0,0.0,0.0,0.5,0.0,-0.2,1.2000000000000002,-0.4,-169.70000000000002,0.0,0.0,169.60000000000002,0.0,21.3,29.200000000000003,29.200000000000003,29.700000000000003,300.0,300.0,31.5,35.6,29.1,28.3,30.200000000000003,4.96,1.99,4.97,0.16,0.0,0.0,1027.0,8228.0,0.0,0.0,0.0,0.0,0.0,1.0,0.0,0.0,0.0,0.0,0.0,1.1,0.0,0.6000000000000001,0.0,0.0,16.0,25903.0
2026-07-30T19:01:44.192Z,273.675,273.69,0.0,7.4,0.0,0.0,0.0,0.0,0.0,0.0,0.0,0.0,1.0,0.0,0.0,0.0,9.0,4.0,0.0,0.0,0.0,0.0,0.0,0.0,0.0,0.0,2.0,12.0,1.0,12.18,5.01,2.51,1.49,0.0,0.0,0.0,0.4,0.0,0.3,0.7000000000000001,-0.9,-169.70000000000002,0.0,0.0,169.70000000000002,0.0,21.3,29.200000000000003,29.200000000000003,29.700000000000003,300.0,300.0,31.5,35.6,29.1,28.3,30.200000000000003,4.95,1.99,4.97,0.16,0.0,0.0,1027.0,8228.0,0.0,0.0,0.0,0.0,0.0,1.0,0.0,0.0,0.0,0.0,0.0,0.0,0.0,1.0,0.0,0.0002,16.0,25903.0
2026-07-30T19:01:44.205Z,273.688,273.702,0.0,7.4,0.0,0.0,0.0,0.0,0.0,0.0,0.0,0.0,1.0,0.0,0.0,0.0,9.0,4.0,0.0,0.0,0.0,0.0,0.0,0.0,0.0,0.0,3.0,12.0,1.0,12.18,5.01,2.51,1.49,0.0,0.0,0.0,0.4,0.0,-0.3,0.7000000000000001,0.2,-169.70000000000002,0.0,0.0,169.70000000000002,0.0,21.3,29.200000000000003,29.200000000000003,29.700000000000003,300.0,300.0,31.5,35.6,29.1,28.3,30.200000000000003,4.96,1.99,4.97,0.16,0.0,0.0,1027.0,8228.0,0.0,0.0,0.0,0.0,0.0,1.0,0.0,0.0,0.0,0.0,0.0,1.0,0.0,0.0,0.0,0.0,16.0,25903.0
2026-07-30T19:01:44.217Z,273.7,273.714,0.0,7.4,0.0,0.0,0.0,0.0,0.0,0.0,0.0,0.0,1.0,0.0,0.0,0.0,9.0,4.0,0.0,0.0,0.0,0.0,0.0,0.0,0.0,0.0,4.0,12.0,1.0,12.18,5.01,2.51,1.49,0.0,0.0,0.0,0.5,0.0,0.8,0.1,-0.9,-169.70000000000002,0.0,0.0,169.8,0.0,21.3,29.200000000000003,29.200000000000003,29.700000000000003,300.0,300.0,31.5,35.6,29.1,28.3,30.200000000000003,4.96,2.0,4.96,0.16,0.0,0.0,1027.0,8228.0,0.0,0.0,0.0,0.0,0.0,1.0,0.0,0.0,0.0,0.0,0.0,-0.5,0.0,0.8,0.0,0.0,16.0,25903.0
2026-07-30T19:01:44.229Z,273.712,273.726,0.0,7.4,0.0,0.0,0.0,0.0,0.0,0.0,0.0,0.0,1.0,0.0,0.0,0.0,9.0,4.0,0.0,0.0,0.0,0.0,0.0,0.0,0.0,0.0,5.0,12.0,1.0,12.18,5.01,2.51,1.49,0.0,0.0,0.0,0.4,0.0,-0.2,0.1,-0.9,-169.70000000000002,0.0,0.0,169.8,0.0,21.3,29.200000000000003,29.200000000000003,29.700000000000003,300.0,300.0,31.5,35.6,29.1,28.3,30.200000000000003,4.96,1.99,4.97,0.16,0.0,0.0,1027.0,8228.0,0.0,0.0,0.0,0.0,0.0,1.0,0.0,0.0,0.0,0.0,0.0,-0.4,0.0,0.8,0.0,0.0,16.0,25903.0
2026-07-30T19:01:44.240Z,273.723,273.738,0.1,7.4,0.0,0.0,0.0,0.0,0.0,0.0,0.0,0.0,1.0,0.0,0.0,0.0,9.0,4.0,0.0,0.0,0.0,0.0,0.0,0.0,0.0,0.0,6.0,12.0,1.0,12.18,5.01,2.51,1.49,0.0,0.1,0.0,0.5,0.0,0.3,0.7000000000000001,-0.2,-169.70000000000002,0.0,0.0,169.8,0.0,21.3,29.200000000000003,29.200000000000003,29.700000000000003,300.0,300.0,31.5,35.6,29.1,28.3,30.200000000000003,4.95,2.0,4.97,0.16,0.0,0.0,1027.0,8228.0,0.0,0.0,0.0,0.0,0.0,1.0,0.0,0.0,0.0,0.0,0.0,0.6000000000000001,0.0,0.4,0.0,0.0,16.0,25903.0
2026-07-30T19:01:44.252Z,273.735,273.75,0.0,7.4,0.0,0.0,0.0,0.0,0.0,0.0,0.0,0.0,1.0,0.0,0.0,0.0,9.0,4.0,0.0,0.0,0.0,0.0,0.0,0.0,0.0,0.0,2.0,12.0,1.0,12.18,5.01,2.51,1.49,0.0,0.0,0.0,0.5,0.0,-0.8,0.7000000000000001,0.8,-169.70000000000002,0.0,0.0,169.8,0.0,21.3,29.200000000000003,29.200000000000003,29.700000000000003,300.0,300.0,31.5,35.6,29.1,28.3,30.200000000000003,4.96,2.0,4.96,0.16,0.0,0.0,1027.0,8228.0,0.0,0.0,0.0,0.0,0.0,1.0,0.0,0.0,0.0,0.0,0.0,1.5,0.0,-0.6000000000000001,0.0,0.0001,16.0,25903.0
2026-07-30T19:01:44.264Z,273.747,273.762,0.0,7.4,0.0,0.0,0.0,0.0,0.0,0.0,0.0,0.0,1.0,0.0,0.0,0.0,9.0,4.0,0.0,0.0,0.0,0.0,0.0,0.0,0.0,0.0,3.0,12.0,1.0,12.13,5.0200000000000005,2.51,1.49,0.0,0.1,0.0,0.4,0.0,0.9,-0.9,1.4,-169.70000000000002,0.0,0.0,169.8,0.0,21.700000000000003,29.200000000000003,29.200000000000003,29.700000000000003,300.0,300.0,31.700000000000003,35.6,29.1,28.3,30.200000000000003,4.95,1.99,4.97,0.16,0.0,0.0,1027.0,8228.0,0.0,0.0,0.0,0.0,0.0,1.0,0.0,0.0,0.0,0.0,0.0,0.0,0.0,-1.5,0.0,0.0,16.0,25903.0
2026-07-30T19:01:44.277Z,273.76,273.774,0.0,7.4,0.0,0.0,0.0,0.0,0.0,0.0,0.0,0.0,1.0,0.0,0.0,0.0,9.0,4.0,0.0,0.0,0.0,0.0,0.0,0.0,0.0,0.0,4.0,12.0,1.0,12.13,5.0200000000000005,2.51,1.49,0.0,0.0,0.0,0.4,0.0,0.3,0.1,-0.2,-169.70000000000002,0.0,0.0,169.8,0.0,21.700000000000003,29.200000000000003,29.200000000000003,29.700000000000003,300.0,300.0,31.700000000000003,35.6,29.1,28.3,30.200000000000003,4.95,1.99,4.97,0.16,0.0,0.0,1027.0,8228.0,0.0,0.0,0.0,0.0,0.0,1.0,0.0,0.0,0.0,0.0,0.0,0.0,0.0,0.2,0.0,0.0,16.0,25903.0
2026-07-30T19:01:44.289Z,273.772,273.786,0.0,7.4,0.0,0.0,0.0,0.0,0.0,0.0,0.0,0.0,1.0,0.0,0.0,0.0,9.0,4.0,0.0,0.0,0.0,0.0,0.0,0.0,0.0,0.0,5.0,12.0,1.0,12.13,5.0200000000000005,2.51,1.49,0.0,0.0,0.0,0.4,0.0,-0.2,0.1,0.3,-169.70000000000002,0.0,0.0,169.8,0.0,21.700000000000003,29.200000000000003,29.200000000000003,29.700000000000003,300.0,300.0,31.700000000000003,35.6,29.1,28.3,30.200000000000003,4.96,1.99,4.97,0.16,0.0,0.0,1027.0,8228.0,0.0,0.0,0.0,0.0,0.0,1.0,0.0,0.0,0.0,0.0,0.0,0.4,0.0,-0.2,0.0,0.0,16.0,25903.0
2026-07-30T19:01:44.301Z,273.784,273.798,0.0,7.4,0.0,0.0,0.0,0.0,0.0,0.0,0.0,0.0,1.0,0.0,0.0,0.0,9.0,4.0,0.0,0.0,0.0,0.0,0.0,0.0,0.0,0.0,6.0,12.0,1.0,12.13,5.0200000000000005,2.51,1.49,0.0,0.0,0.0,0.4,0.0,-0.2,-0.3,-0.2,-169.70000000000002,0.0,0.0,169.8,0.0,21.700000000000003,29.200000000000003,29.200000000000003,29.700000000000003,300.0,300.0,31.700000000000003,35.6,29.1,28.3,30.200000000000003,4.95,1.99,4.96,0.16,0.0,0.0,1027.0,8228.0,0.0,0.0,0.0,0.0,0.0,1.0,0.0,0.0,0.0,0.0,0.0,-0.5,0.0,0.1,0.0,0.0,16.0,25903.0
2026-07-30T19:01:44.312Z,273.795,273.81,0.0,7.4,0.0,0.0,0.0,0.0,0.0,0.0,0.0,0.0,1.0,0.0,0.0,0.0,9.0,4.0,0.0,0.0,0.0,0.0,0.0,0.0,0.0,0.0,1.0,12.0,1.0,12.13,5.0200000000000005,2.51,1.49,0.0,0.0,0.0,0.4,0.0,0.2,0.2,-0.2,-169.70000000000002,0.0,0.0,169.8,0.0,21.700000000000003,29.200000000000003,29.200000000000003,29.700000000000003,300.0,300.0,31.700000000000003,35.6,29.1,28.3,30.200000000000003,4.95,1.99,4.97,0.16,0.0,0.0,1027.0,8228.0,0.0,0.0,0.0,0.0,0.0,1.0,0.0,0.0,0.0,0.0,0.0,0.0,0.0,0.2,0.0,0.0,16.0,25903.0
2026-07-30T19:01:44.325Z,273.808,273.822,0.0,7.4,0.0,0.0,0.0,0.0,0.0,0.0,0.0,0.0,1.0,0.0,0.0,0.0,9.0,4.0,0.0,0.0,0.0,0.0,0.0,0.0,0.0,0.0,2.0,12.0,1.0,12.13,5.0200000000000005,2.51,1.49,0.0,0.0,0.0,0.4,0.0,0.2,1.9,1.4,-169.70000000000002,0.0,0.0,169.8,0.0,21.700000000000003,29.200000000000003,29.200000000000003,29.700000000000003,300.0,300.0,31.700000000000003,35.6,29.1,28.3,30.200000000000003,4.95,1.99,4.96,0.16,0.0,0.0,1027.0,8228.0,0.0,0.0,0.0,0.0,0.0,1.0,0.0,0.0,0.0,0.0,0.0,3.3000000000000003,0.0,-0.9,0.0,0.0,16.0,25903.0
2026-07-30T19:01:44.336Z,273.819,273.834,0.0,7.4,0.0,0.0,0.0,0.0,0.0,0.0,0.0,0.0,1.0,0.0,0.0,0.0,9.0,4.0,0.0,0.0,0.0,0.0,0.0,0.0,0.0,0.0,3.0,12.0,1.0,12.13,5.0200000000000005,2.51,1.49,0.0,0.0,0.0,0.4,0.0,0.2,0.2,0.3,-169.70000000000002,0.0,0.0,169.70000000000002,0.0,21.700000000000003,29.200000000000003,29.200000000000003,29.700000000000003,300.0,300.0,31.700000000000003,35.6,29.1,28.3,30.200000000000003,4.95,1.99,4.96,0.16,0.0,0.0,1027.0,8228.0,0.0,0.0,0.0,0.0,0.0,1.0,0.0,0.0,0.0,0.0,0.0,0.4,0.0,-0.2,0.0,0.0,16.0,25903.0
2026-07-30T19:01:44.348Z,273.831,273.846,0.0,7.4,0.0,0.0,0.0,0.0,0.0,0.0,0.0,0.0,1.0,0.0,0.0,0.0,9.0,4.0,0.0,0.0,0.0,0.0,0.0,0.0,0.0,0.0,4.0,12.0,1.0,12.13,5.0200000000000005,2.51,1.49,0.0,0.0,0.0,0.4,0.0,0.2,-0.9,-1.4,-169.70000000000002,0.0,0.0,169.70000000000002,0.0,21.700000000000003,29.200000000000003,29.200000000000003,29.700000000000003,300.0,300.0,31.700000000000003,35.6,29.1,28.3,30.200000000000003,4.95,1.99,4.97,0.16,0.0,0.0,1027.0,8228.0,0.0,0.0,0.0,0.0,0.0,1.0,0.0,0.0,0.0,0.0,0.0,-2.1,0.0,1.0,0.0,0.0001,16.0,25903.0
2026-07-30T19:01:44.362Z,273.845,273.858,0.0,7.4,0.0,0.0,0.0,0.0,0.0,0.0,0.0,0.0,1.0,0.0,0.0,0.0,9.0,4.0,0.0,0.0,0.0,0.0,0.0,0.0,0.0,0.0,5.0,12.0,1.0,12.18,5.0200000000000005,2.5,1.49,0.0,0.1,0.0,0.4,0.0,0.2,-0.9,0.2,-169.70000000000002,0.0,0.0,169.70000000000002,0.0,21.200000000000003,29.200000000000003,29.200000000000003,29.700000000000003,300.0,300.0,31.5,35.7,29.1,28.3,30.200000000000003,4.96,1.99,4.97,0.16,0.0,0.0,1027.0,8228.0,0.0,0.0,0.0,0.0,0.0,1.0,0.0,0.0,0.0,0.0,0.0,-0.8,0.0,-0.4,0.0,0.0002,16.0,25903.0
2026-07-30T19:01:44.372Z,273.855,273.87,0.0,7.4,0.0,0.0,0.0,0.0,0.0,0.0,0.0,0.0,1.0,0.0,0.0,0.0,9.0,4.0,0.0,0.0,0.0,0.0,0.0,0.0,0.0,0.0,1.0,12.0,1.0,12.18,5.0200000000000005,2.5,1.49,0.0,0.0,0.0,0.4,0.0,0.2,0.1,0.2,-169.70000000000002,0.0,0.0,169.70000000000002,0.0,21.200000000000003,29.200000000000003,29.200000000000003,29.700000000000003,300.0,300.0,31.5,35.7,29.1,28.3,30.200000000000003,4.96,1.99,4.96,0.16,0.0,0.0,1027.0,8228.0,0.0,0.0,0.0,0.0,0.0,1.0,0.0,0.0,0.0,0.0,0.0,0.3,0.0,-0.2,0.0,0.0001,16.0,25903.0
2026-07-30T19:01:44.384Z,273.867,273.882,0.0,7.4,0.0,0.0,0.0,0.0,0.0,0.0,0.0,0.0,1.0,0.0,0.0,0.0,9.0,4.0,0.0,0.0,0.0,0.0,0.0,0.0,0.0,0.0,2.0,12.0,1.0,12.18,5.0200000000000005,2.5,1.49,0.0,0.1,0.0,0.4,0.0,0.2,0.1,-0.2,-169.70000000000002,0.0,0.0,169.8,0.0,21.200000000000003,29.200000000000003,29.200000000000003,29.700000000000003,300.0,300.0,31.5,35.7,29.1,28.3,30.200000000000003,4.95,1.99,4.96,0.16,0.0,0.0,1027.0,8228.0,0.0,0.0,0.0,0.0,0.0,1.0,0.0,0.0,0.0,0.0,0.0,0.0,0.0,0.2,0.0,0.0,16.0,25903.0
2026-07-30T19:01:44.396Z,273.879,273.894,0.0,7.4,0.0,0.0,0.0,0.0,0.0,0.0,0.0,0.0,1.0,0.0,0.0,0.0,9.0,4.0,0.0,0.0,0.0,0.0,0.0,0.0,0.0,0.0,3.0,12.0,1.0,12.18,5.0200000000000005,2.5,1.49,0.0,0.0,0.0,0.4,0.0,-0.3,0.7000000000000001,-0.8,-169.70000000000002,0.0,0.0,169.70000000000002,0.0,21.200000000000003,29.200000000000003,29.200000000000003,29.700000000000003,300.0,300.0,31.5,35.7,29.1,28.3,30.200000000000003,4.95,1.99,4.97,0.16,0.0,0.0,1027.0,8228.0,0.0,0.0,0.0,0.0,0.0,1.0,0.0,0.0,0.0,0.0,0.0,0.2,0.0,0.8,0.0,0.0,16.0,25903.0
2026-07-30T19:01:44.408Z,273.891,273.906,0.0,7.4,0.0,0.0,0.0,0.0,0.0,0.0,0.0,0.0,1.0,0.0,0.0,0.0,9.0,4.0,0.0,0.0,0.0,0.0,0.0,0.0,0.0,0.0,4.0,12.0,1.0,12.18,5.0200000000000005,2.5,1.49,0.0,0.1,0.0,0.4,0.0,-0.8,-0.9,-0.8,-169.70000000000002,0.0,0.0,169.60000000000002,0.0,21.200000000000003,29.200000000000003,29.200000000000003,29.700000000000003,300.0,300.0,31.5,35.7,29.1,28.3,30.200000000000003,4.96,2.0,4.96,0.16,0.0,0.0,1027.0,8228.0,0.0,0.0,0.0,0.0,0.0,1.0,0.0,0.0,0.0,0.0,0.0,-1.7000000000000002,0.0,0.5,0.0,0.0002,16.0,25903.0
2026-07-30T19:01:44.421Z,273.904,273.918,0.0,7.4,0.0,0.0,0.0,0.0,0.0,0.0,0.0,0.0,1.0,0.0,0.0,0.0,9.0,4.0,0.0,0.0,0.0,0.0,0.0,0.0,0.0,0.0,5.0,12.0,1.0,12.18,5.0200000000000005,2.5,1.49,0.0,0.0,0.0,0.4,0.0,0.3,0.2,0.9,-169.70000000000002,0.0,0.0,169.8,0.0,21.200000000000003,29.200000000000003,29.200000000000003,29.700000000000003,300.0,300.0,31.5,35.7,29.1,28.3,30.200000000000003,4.96,1.99,4.96,0.16,0.0,0.0,1027.0,8228.0,0.0,0.0,0.0,0.0,0.0,1.0,0.0,0.0,0.0,0.0,0.0,0.9,0.0,-0.8,0.0,0.0001,16.0,25903.0
2026-07-30T19:01:44.433Z,273.916,273.93,0.0,7.4,0.0,0.0,0.0,0.0,0.0,0.0,0.0,0.0,1.0,0.0,0.0,0.0,9.0,4.0,0.0,0.0,0.0,0.0,0.0,0.0,0.0,0.0,6.0,12.0,1.0,12.18,5.0200000000000005,2.5,1.49,-0.1,0.1,0.0,0.3,0.0,-0.2,1.9,0.4,-169.70000000000002,0.0,0.0,169.60000000000002,0.0,21.200000000000003,29.200000000000003,29.200000000000003,29.700000000000003,300.0,300.0,31.5,35.7,29.1,28.3,30.200000000000003,4.95,1.99,4.96,0.16,0.0,0.0,1027.0,8228.0,0.0,0.0,0.0,0.0,0.0,1.0,0.0,0.0,0.0,0.0,0.0,2.5,0.0,0.0,0.0,0.0002,16.0,25903.0
2026-07-30T19:01:44.444Z,273.927,273.942,0.0,7.4,0.0,0.0,0.0,0.0,0.0,0.0,0.0,0.0,1.0,0.0,0.0,0.0,9.0,4.0,0.0,0.0,0.0,0.0,0.0,0.0,0.0,0.0,1.0,12.0,1.0,12.18,5.0200000000000005,2.5,1.49,0.0,0.0,0.0,0.4,0.0,0.3,-0.3,0.9,-169.70000000000002,0.0,0.0,169.70000000000002,0.0,21.200000000000003,29.200000000000003,29.200000000000003,29.700000000000003,300.0,300.0,31.5,35.7,29.1,28.3,30.200000000000003,4.96,1.99,4.96,0.16,0.0,0.0,1027.0,8228.0,0.0,0.0,0.0,0.0,0.0,1.0,0.0,0.0,0.0,0.0,0.0,0.3,0.0,-0.9,0.0,0.0001,16.0,25903.0
2026-07-30T19:01:44.456Z,273.939,273.954,0.0,7.4,0.0,0.0,0.0,0.0,0.0,0.0,0.0,0.0,1.0,0.0,0.0,0.0,9.0,4.0,0.0,0.0,0.0,0.0,0.0,0.0,0.0,0.0,2.0,12.0,1.0,12.18,5.0200000000000005,2.5,1.49,0.0,0.0,0.0,0.4,0.0,-0.2,-0.9,-0.1,-169.70000000000002,0.0,0.0,169.70000000000002,0.0,21.200000000000003,29.200000000000003,29.200000000000003,29.700000000000003,300.0,300.0,31.5,35.7,29.1,28.3,30.200000000000003,4.95,1.99,4.96,0.16,0.0,0.0,1027.0,8228.0,0.0,0.0,0.0,0.0,0.0,1.0,0.0,0.0,0.0,0.0,0.0,-1.1,0.0,0.0,0.0,0.0,16.0,25903.0
2026-07-30T19:01:44.468Z,273.951,273.966,0.0,7.4,0.0,0.0,0.0,0.0,0.0,0.0,0.0,0.0,1.0,0.0,0.0,0.0,9.0,4.0,0.0,0.0,0.0,0.0,0.0,0.0,0.0,0.0,3.0,12.0,1.0,12.17,5.01,2.51,1.49,0.0,0.0,0.0,0.4,0.0,-0.2,-0.3,-0.1,-169.70000000000002,0.0,0.0,169.70000000000002,0.0,21.3,29.200000000000003,29.200000000000003,29.700000000000003,300.0,300.0,31.5,35.7,29.1,28.3,30.200000000000003,4.95,1.99,4.97,0.16,0.0,0.0,1027.0,8228.0,0.0,0.0,0.0,0.0,0.0,1.0,0.0,0.0,0.0,0.0,0.0,-0.5,0.0,0.0,0.0,0.0,16.0,25903.0
2026-07-30T19:01:44.492Z,273.975,273.978,0.0,7.4,0.0,0.0,0.0,0.0,0.0,0.0,0.0,0.0,1.0,0.0,0.0,0.0,9.0,4.0,0.0,0.0,0.0,0.0,0.0,0.0,0.0,0.0,4.0,12.0,1.0,12.17,5.01,2.51,1.49,0.0,0.0,0.0,0.4,0.0,-0.8,0.7000000000000001,1.6,-169.70000000000002,0.0,0.0,169.60000000000002,0.0,21.3,29.200000000000003,29.200000000000003,29.700000000000003,300.0,300.0,31.5,35.7,29.1,28.3,30.200000000000003,4.95,1.99,4.97,0.16,0.0,0.0,1027.0,8228.0,0.0,0.0,0.0,0.0,0.0,1.0,0.0,0.0,0.0,0.0,0.0,2.0,0.0,-1.2000000000000002,0.0,0.0001,16.0,25903.0
2026-07-30T19:01:44.497Z,273.98,273.99,0.0,7.4,0.0,0.0,0.0,0.0,0.0,0.0,0.0,0.0,1.0,0.0,0.0,0.0,9.0,4.0,0.0,0.0,0.0,0.0,0.0,0.0,0.0,0.0,3.0,12.0,1.0,12.17,5.01,2.51,1.49,-0.1,0.0,0.0,0.4,0.0,-0.2,-0.3,0.4,-169.70000000000002,0.0,0.0,169.60000000000002,0.0,21.3,29.200000000000003,29.200000000000003,29.700000000000003,300.0,300.0,31.5,35.7,29.1,28.3,30.200000000000003,4.96,1.99,4.96,0.16,0.0,0.0,1027.0,8228.0,0.0,0.0,0.0,0.0,0.0,1.0,0.0,0.0,0.0,0.0,0.0,0.0,0.0,-0.4,0.0,0.0001,16.0,25903.0
2026-07-30T19:01:44.504Z,273.987,274.002,0.0,7.4,0.0,0.0,0.0,0.0,0.0,0.0,0.0,0.0,1.0,0.0,0.0,0.0,9.0,4.0,0.0,0.0,0.0,0.0,0.0,0.0,0.0,0.0,1.0,12.0,1.0,12.17,5.01,2.51,1.49,0.0,0.0,0.0,0.4,0.0,0.3,-0.9,-0.1,-169.70000000000002,0.0,0.0,169.70000000000002,0.0,21.3,29.200000000000003,29.200000000000003,29.700000000000003,300.0,300.0,31.5,35.7,29.1,28.3,30.200000000000003,4.95,1.99,4.97,0.16,0.0,0.0,1027.0,8228.0,0.0,0.0,0.0,0.0,0.0,1.0,0.0,0.0,0.0,0.0,0.0,-1.1,0.0,0.0,0.0,0.0,16.0,25903.0
2026-07-30T19:01:44.517Z,274.0,274.014,0.0,7.4,0.0,0.0,0.0,0.0,0.0,0.0,0.0,0.0,1.0,0.0,0.0,0.0,9.0,4.0,0.0,0.0,0.0,0.0,0.0,0.0,0.0,0.0,2.0,12.0,1.0,12.17,5.01,2.51,1.49,0.0,0.0,0.0,0.4,0.0,-0.1,0.2,-1.2000000000000002,-169.70000000000002,0.0,0.0,169.8,0.0,21.3,29.200000000000003,29.200000000000003,29.700000000000003,300.0,300.0,31.5,35.7,29.1,28.3,30.200000000000003,4.95,2.0,4.96,0.16,0.0,0.0,1027.0,8228.0,0.0,0.0,0.0,0.0,0.0,1.0,0.0,0.0,0.0,0.0,0.0,-0.6000000000000001,0.0,1.1,0.0,0.0,16.0,25903.0
2026-07-30T19:01:44.528Z,274.011,274.026,0.0,7.4,0.0,0.0,0.0,0.0,0.0,0.0,0.0,0.0,1.0,0.0,0.0,0.0,9.0,4.0,0.0,0.0,0.0,0.0,0.0,0.0,0.0,0.0,4.0,12.0,1.0,12.17,5.01,2.51,1.49,0.0,0.0,0.0,0.4,0.0,0.9,0.8,0.4,-169.70000000000002,0.0,0.0,169.70000000000002,0.0,21.3,29.200000000000003,29.200000000000003,29.700000000000003,300.0,300.0,31.5,35.7,29.1,28.3,30.200000000000003,4.96,2.0,4.96,0.16,0.0,0.0,1027.0,8228.0,0.0,0.0,0.0,0.0,0.0,1.0,0.0,0.0,0.0,0.0,0.0,1.2000000000000002,0.0,-0.2,0.0,0.0001,16.0,25903.0
2026-07-30T19:01:44.540Z,274.023,274.038,0.0,7.4,0.0,0.0,0.0,0.0,0.0,0.0,0.0,0.0,1.0,0.0,0.0,0.0,9.0,4.0,0.0,0.0,0.0,0.0,0.0,0.0,0.0,0.0,5.0,12.0,1.0,12.17,5.01,2.51,1.49,0.0,0.0,0.0,0.4,0.0,0.3,-0.3,1.0,-169.70000000000002,0.0,0.0,169.8,0.0,21.3,29.200000000000003,29.200000000000003,29.700000000000003,300.0,300.0,31.5,35.7,29.1,28.3,30.200000000000003,4.95,2.0,4.96,0.16,0.0,0.0,1027.0,8228.0,0.0,0.0,0.0,0.0,0.0,1.0,0.0,0.0,0.0,0.0,0.0,0.3,0.0,-1.0,0.0,0.0002,16.0,25903.0
2026-07-30T19:01:44.552Z,274.035,274.05,0.0,7.4,0.0,0.0,0.0,0.0,0.0,0.0,0.0,0.0,1.0,0.0,0.0,0.0,9.0,4.0,0.0,0.0,0.0,0.0,0.0,0.0,0.0,0.0,6.0,12.0,1.0,12.17,5.01,2.51,1.49,0.0,0.0,0.0,0.4,0.0,-0.1,-0.3,-0.6000000000000001,-169.70000000000002,0.0,0.0,169.8,0.0,21.3,29.200000000000003,29.200000000000003,29.700000000000003,300.0,300.0,31.5,35.7,29.1,28.3,30.200000000000003,4.95,1.99,4.97,0.16,0.0,0.0,1027.0,8228.0,0.0,0.0,0.0,0.0,0.0,1.0,0.0,0.0,0.0,0.0,0.0,-0.9,0.0,0.4,0.0,0.0001,16.0,25903.0
2026-07-30T19:01:44.566Z,274.049,274.062,0.0,7.4,0.0,0.0,0.0,0.0,0.0,0.0,0.0,0.0,1.0,0.0,0.0,0.0,9.0,4.0,0.0,0.0,0.0,0.0,0.0,0.0,0.0,0.0,2.0,12.0,1.0,12.19,5.01,2.51,1.49,0.0,0.0,0.0,0.4,0.0,-0.2,0.7000000000000001,-0.7000000000000001,-169.70000000000002,0.0,0.0,169.8,0.0,21.700000000000003,29.200000000000003,29.200000000000003,29.700000000000003,300.0,300.0,31.6,35.7,29.1,28.3,30.200000000000003,4.95,1.99,4.96,0.16,0.0,0.0,1027.0,8228.0,0.0,0.0,0.0,0.0,0.0,1.0,0.0,0.0,0.0,0.0,0.0,0.3,0.0,0.7000000000000001,0.0,0.0002,16.0,25903.0
2026-07-30T19:01:44.576Z,274.059,274.074,0.0,7.4,0.0,0.0,0.0,0.0,0.0,0.0,0.0,0.0,1.0,0.0,0.0,0.0,9.0,4.0,0.0,0.0,0.0,0.0,0.0,0.0,0.0,0.0,3.0,12.0,1.0,12.19,5.01,2.51,1.49,0.0,0.0,0.0,0.4,0.0,-0.7000000000000001,0.1,-1.9,-169.70000000000002,0.0,0.0,169.70000000000002,0.0,21.700000000000003,29.200000000000003,29.200000000000003,29.700000000000003,300.0,300.0,31.6,35.7,29.1,28.3,30.200000000000003,4.96,1.99,4.96,0.16,0.0,0.0,1027.0,8228.0,0.0,0.0,0.0,0.0,0.0,1.0,0.0,0.0,0.0,0.0,0.0,-1.2000000000000002,0.0,1.7000000000000002,0.0,0.0,16.0,25903.0
2026-07-30T19:01:44.589Z,274.072,274.086,0.0,7.4,0.0,0.0,0.0,0.0,0.0,0.0,0.0,0.0,1.0,0.0,0.0,0.0,9.0,4.0,0.0,0.0,0.0,0.0,0.0,0.0,0.0,0.0,4.0,12.0,1.0,12.19,5.01,2.51,1.49,-0.1,0.0,0.0,0.5,0.0,-0.7000000000000001,-1.0,-1.8,-169.70000000000002,0.0,0.0,169.70000000000002,0.0,21.700000000000003,29.200000000000003,29.200000000000003,29.700000000000003,300.0,300.0,31.6,35.7,29.1,28.3,30.200000000000003,4.95,1.99,4.97,0.16,0.0,0.0,1027.0,8228.0,0.0,0.0,0.0,0.0,0.0,1.0,0.0,0.0,0.0,0.0,0.0,-2.5,0.0,1.4,0.0,0.0002,16.0,25903.0
2026-07-30T19:01:44.600Z,274.083,274.098,0.0,7.4,0.0,0.0,0.0,0.0,0.0,0.0,0.0,0.0,1.0,0.0,0.0,0.0,9.0,4.0,0.0,0.0,0.0,0.0,0.0,0.0,0.0,0.0,6.0,12.0,1.0,12.19,5.01,2.51,1.49,0.0,0.1,0.0,0.4,0.0,0.3,0.0,-0.1,-169.70000000000002,0.0,0.0,169.8,0.0,21.700000000000003,29.200000000000003,29.200000000000003,29.700000000000003,300.0,300.0,31.6,35.7,29.1,28.3,30.200000000000003,4.96,1.99,4.96,0.16,0.0,0.0,1027.0,8228.0,0.0,0.0,0.0,0.0,0.0,1.0,0.0,0.0,0.0,0.0,0.0,0.0,0.0,0.1,0.0,0.0001,16.0,25903.0
2026-07-30T19:01:44.612Z,274.095,274.11,0.0,7.4,0.0,0.0,0.0,0.0,0.0,0.0,0.0,0.0,1.0,0.0,0.0,0.0,9.0,4.0,0.0,0.0,0.0,0.0,0.0,0.0,0.0,0.0,1.0,12.0,1.0,12.19,5.01,2.51,1.49,0.0,0.0,0.0,0.4,0.0,0.3,0.6000000000000001,0.3,-169.70000000000002,0.0,0.0,169.8,0.0,21.700000000000003,29.200000000000003,29.200000000000003,29.700000000000003,300.0,300.0,31.6,35.7,29.1,28.3,30.200000000000003,4.96,2.0,4.96,0.16,0.0,0.0,1027.0,8228.0,0.0,0.0,0.0,0.0,0.0,1.0,0.0,0.0,0.0,0.0,0.0,1.0,0.0,-0.1,0.0,0.0001,16.0,25903.0
2026-07-30T19:01:44.624Z,274.107,274.122,0.0,7.4,0.0,0.0,0.0,0.0,0.0,0.0,0.0,0.0,1.0,0.0,0.0,0.0,9.0,4.0,0.0,0.0,0.0,0.0,0.0,0.0,0.0,0.0,2.0,12.0,1.0,12.19,5.01,2.51,1.49,0.0,0.0,0.0,0.4,0.0,0.3,0.0,0.3,-169.70000000000002,0.0,0.0,169.70000000000002,0.0,21.700000000000003,29.200000000000003,29.200000000000003,29.700000000000003,300.0,300.0,31.6,35.7,29.1,28.3,30.200000000000003,4.95,1.99,4.96,0.16,0.0,0.0,1027.0,8228.0,0.0,0.0,0.0,0.0,0.0,1.0,0.0,0.0,0.0,0.0,0.0,-0.5,0.0,0.7000000000000001,0.0,0.0,16.0,25903.0
2026-07-30T19:01:44.636Z,274.119,274.134,0.0,7.4,0.0,0.0,0.0,0.0,0.0,0.0,0.0,0.0,1.0,0.0,0.0,0.0,9.0,4.0,0.0,0.0,0.0,0.0,0.0,0.0,0.0,0.0,3.0,12.0,1.0,12.19,5.01,2.51,1.49,0.0,0.1,0.0,0.4,0.0,0.2,-0.4,-0.8,-169.70000000000002,0.0,0.0,169.70000000000002,0.0,21.700000000000003,29.200000000000003,29.200000000000003,29.700000000000003,300.0,300.0,31.6,35.7,29.1,28.3,30.200000000000003,4.95,1.99,4.97,0.15,0.0,0.0,1027.0,8228.0,0.0,0.0,0.0,0.0,0.0,1.0,0.0,0.0,0.0,0.0,0.0,0.1,0.0,-0.9,0.0,0.0001,16.0,25903.0
2026-07-30T19:01:44.648Z,274.131,274.146,0.0,7.4,0.0,0.0,0.0,0.0,0.0,0.0,0.0,0.0,1.0,0.0,0.0,0.0,9.0,4.0,0.0,0.0,0.0,0.0,0.0,0.0,0.0,0.0,4.0,12.0,1.0,12.19,5.01,2.51,1.49,0.0,0.0,0.0,0.4,0.0,-0.3,-0.5,-0.2,-169.70000000000002,0.0,0.0,169.8,0.0,21.700000000000003,29.200000000000003,29.200000000000003,29.700000000000003,300.0,300.0,31.6,35.7,29.1,28.3,30.200000000000003,4.96,1.99,4.96,0.15,0.0,0.0,1027.0,8228.0,0.0,0.0,0.0,0.0,0.0,1.0,0.0,0.0,0.0,0.0,0.0,-1.8,0.0,0.4,0.0,0.0001,16.0,25903.0
2026-07-30T19:01:44.660Z,274.143,274.158,0.0,7.4,0.0,0.0,0.0,0.0,0.0,0.0,0.0,0.0,1.0,0.0,0.0,0.0,9.0,4.0,0.0,0.0,0.0,0.0,0.0,0.0,0.0,0.0,5.0,12.0,1.0,12.19,5.01,2.51,1.49,0.0,0.0,0.0,0.4,0.0,0.8,1.8,0.4,-169.70000000000002,0.0,0.0,169.70000000000002,0.0,21.700000000000003,29.200000000000003,29.200000000000003,29.700000000000003,300.0,300.0,31.6,35.7,29.1,28.3,30.200000000000003,4.96,1.99,4.97,0.16,0.0,0.0,1027.0,8228.0,0.0,0.0,0.0,0.0,0.0,1.0,0.0,0.0,0.0,0.0,0.0,2.4000000000000004,0.0,0.0,0.0,0.0,16.0,25903.0
2026-07-30T19:01:44.672Z,274.155,274.17,0.0,7.4,0.0,0.0,0.0,0.0,0.0,0.0,0.0,0.0,1.0,0.0,0.0,0.0,9.0,4.0,0.0,0.0,0.0,0.0,0.0,0.0,0.0,0.0,6.0,12.0,1.0,12.15,5.01,2.5,1.5,0.0,0.0,0.0,0.4,0.0,0.2,0.0,1.5,-169.70000000000002,0.0,0.0,169.8,0.0,21.4,29.200000000000003,29.200000000000003,29.700000000000003,300.0,300.0,31.700000000000003,35.7,29.1,28.3,30.200000000000003,4.95,1.99,4.97,0.16,0.0,0.0,1027.0,8228.0,0.0,0.0,0.0,0.0,0.0,1.0,0.0,0.0,0.0,0.0,0.0,1.2000000000000002,0.0,-1.3,0.0,0.0002,16.0,25903.0
2026-07-30T19:01:44.684Z,274.167,274.182,0.0,7.4,0.0,0.0,0.0,0.0,0.0,0.0,0.0,0.0,1.0,0.0,0.0,0.0,9.0,4.0,0.0,0.0,0.0,0.0,0.0,0.0,0.0,0.0,1.0,12.0,1.0,12.15,5.01,2.5,1.5,0.0,0.0,0.0,0.4,0.0,0.8,0.6000000000000001,1.5,-169.70000000000002,0.0,0.0,169.8,0.0,21.4,29.200000000000003,29.200000000000003,29.700000000000003,300.0,300.0,31.700000000000003,35.7,29.1,28.3,30.200000000000003,4.96,1.99,4.96,0.16,0.0,0.0,1027.0,8228.0,0.0,0.0,0.0,0.0,0.0,1.0,0.0,0.0,0.0,0.0,0.0,1.9,0.0,-1.2000000000000002,0.0,0.0002,16.0,25903.0
2026-07-30T19:01:44.697Z,274.18,274.194,0.0,7.4,0.0,0.0,0.0,0.0,0.0,0.0,0.0,0.0,1.0,0.0,0.0,0.0,9.0,4.0,0.0,0.0,0.0,0.0,0.0,0.0,0.0,0.0,1.0,12.0,1.0,12.15,5.01,2.5,1.5,0.0,0.0,0.0,0.4,0.0,0.2,0.6000000000000001,0.3,-169.70000000000002,0.0,0.0,169.70000000000002,0.0,21.4,29.200000000000003,29.200000000000003,29.700000000000003,300.0,300.0,31.700000000000003,35.7,29.1,28.3,30.200000000000003,4.96,2.0,4.96,0.16,0.0,0.0,1027.0,8228.0,0.0,0.0,0.0,0.0,0.0,1.0,0.0,0.0,0.0,0.0,0.0,1.0,0.0,-0.1,0.0,0.0001,16.0,25903.0
2026-07-30T19:01:44.709Z,274.192,274.206,0.0,7.4,0.0,0.0,0.0,0.0,0.0,0.0,0.0,0.0,1.0,0.0,0.0,0.0,9.0,4.0,0.0,0.0,0.0,0.0,0.0,0.0,0.0,0.0,3.0,12.0,1.0,12.15,5.01,2.5,1.5,0.0,0.0,0.0,0.4,0.0,-0.3,0.1,-1.3,-169.70000000000002,0.0,0.0,169.70000000000002,0.0,21.4,29.200000000000003,29.200000000000003,29.700000000000003,300.0,300.0,31.700000000000003,35.7,29.1,28.3,30.200000000000003,4.96,1.99,4.97,0.16,0.0,0.0,1027.0,8228.0,0.0,0.0,0.0,0.0,0.0,1.0,0.0,0.0,0.0,0.0,0.0,-0.9,0.0,1.2000000000000002,0.0,0.0001,16.0,25903.0
2026-07-30T19:01:44.721Z,274.204,274.218,0.0,7.4,0.0,0.0,0.0,0.0,0.0,0.0,0.0,0.0,1.0,0.0,0.0,0.0,9.0,4.0,0.0,0.0,0.0,0.0,0.0,0.0,0.0,0.0,3.0,12.0,1.0,12.15,5.01,2.5,1.5,0.0,0.0,0.0,0.4,0.0,0.2,-0.4,-0.2,-169.70000000000002,0.0,0.0,169.70000000000002,0.0,21.4,29.200000000000003,29.200000000000003,29.700000000000003,300.0,300.0,31.700000000000003,35.7,29.1,28.3,30.200000000000003,4.95,1.99,4.97,0.16,0.0,0.0,1027.0,8228.0,0.0,0.0,0.0,0.0,0.0,1.0,0.0,0.0,0.0,0.0,0.0,-0.7000000000000001,0.0,0.0,0.0,0.0001,16.0,25903.0
2026-07-30T19:01:44.733Z,274.216,274.23,0.0,7.4,0.0,0.0,0.0,0.0,0.0,0.0,0.0,0.0,1.0,0.0,0.0,0.0,9.0,4.0,0.0,0.0,0.0,0.0,0.0,0.0,0.0,0.0,4.0,12.0,1.0,12.15,5.01,2.5,1.5,0.0,0.0,0.0,0.4,0.0,0.2,0.0,-0.2,-169.70000000000002,0.0,0.0,169.70000000000002,0.0,21.4,29.200000000000003,29.200000000000003,29.700000000000003,300.0,300.0,31.700000000000003,35.7,29.1,28.3,30.200000000000003,4.96,1.99,4.96,0.16,0.0,0.0,1027.0,8228.0,0.0,0.0,0.0,0.0,0.0,1.0,0.0,0.0,0.0,0.0,0.0,0.0,0.0,0.2,0.0,0.0,16.0,25903.0
2026-07-30T19:01:44.745Z,274.228,274.242,0.0,7.4,0.0,0.0,0.0,0.0,0.0,0.0,0.0,0.0,1.0,0.0,0.0,0.0,9.0,4.0,0.0,0.0,0.0,0.0,0.0,0.0,0.0,0.0,5.0,12.0,1.0,12.15,5.01,2.5,1.5,0.0,0.0,0.0,0.4,0.0,0.8,-0.5,-0.8,-169.70000000000002,0.0,0.0,169.60000000000002,0.0,21.4,29.200000000000003,29.200000000000003,29.700000000000003,300.0,300.0,31.700000000000003,35.7,29.1,28.3,30.200000000000003,4.95,1.99,4.97,0.16,0.0,0.0,1027.0,8228.0,0.0,0.0,0.0,0.0,0.0,1.0,0.0,0.0,0.0,0.0,0.0,-1.2000000000000002,0.0,0.6000000000000001,0.0,0.0001,16.0,25903.0
2026-07-30T19:01:44.756Z,274.239,274.254,0.0,7.4,0.0,0.0,0.0,0.0,0.0,0.0,0.0,0.0,1.0,0.0,0.0,0.0,9.0,4.0,0.0,0.0,0.0,0.0,0.0,0.0,0.0,0.0,6.0,12.0,1.0,12.15,5.01,2.5,1.5,0.0,0.0,0.0,0.4,0.0,0.2,1.2000000000000002,0.9,-169.70000000000002,0.0,0.0,169.60000000000002,0.0,21.4,29.200000000000003,29.200000000000003,29.700000000000003,300.0,300.0,31.700000000000003,35.7,29.1,28.3,30.200000000000003,4.95,1.99,4.97,0.16,0.0,0.0,1027.0,8228.0,0.0,0.0,0.0,0.0,0.0,1.0,0.0,0.0,0.0,0.0,0.0,2.1,0.0,-0.5,0.0,0.0001,16.0,25903.0
2026-07-30T19:01:44.769Z,274.252,274.266,0.0,7.4,0.0,0.0,0.0,0.0,0.0,0.0,0.0,0.0,1.0,0.0,0.0,0.0,9.0,4.0,0.0,0.0,0.0,0.0,0.0,0.0,0.0,0.0,2.0,12.0,1.0,12.15,5.0200000000000005,2.51,1.49,0.0,0.0,0.0,0.4,0.0,-0.9,0.0,-0.2,-169.70000000000002,0.0,0.0,169.70000000000002,0.0,21.700000000000003,29.200000000000003,29.200000000000003,29.700000000000003,300.0,300.0,31.700000000000003,35.7,29.1,28.3,30.200000000000003,4.96,1.99,4.97,0.16,0.0,0.0,1027.0,8228.0,0.0,0.0,0.0,0.0,0.0,1.0,0.0,0.0,0.0,0.0,0.0,0.0,0.0,0.2,0.0,0.0,16.0,25903.0
2026-07-30T19:01:44.781Z,274.264,274.278,0.0,7.4,0.0,0.0,0.0,0.0,0.0,0.0,0.0,0.0,1.0,0.0,0.0,0.0,9.0,4.0,0.0,0.0,0.0,0.0,0.0,0.0,0.0,0.0,3.0,12.0,1.0,12.15,5.0200000000000005,2.51,1.49,0.0,0.1,0.0,0.4,0.0,-0.3,-1.1,-1.4,-169.70000000000002,0.0,0.0,169.60000000000002,0.0,21.700000000000003,29.200000000000003,29.200000000000003,29.700000000000003,300.0,300.0,31.700000000000003,35.7,29.1,28.3,30.200000000000003,4.96,1.99,4.96,0.16,0.0,0.0,1027.0,8228.0,0.0,0.0,0.0,0.0,0.0,1.0,0.0,0.0,0.0,0.0,0.0,-2.3000000000000003,0.0,1.0,0.0,0.0,16.0,25903.0
2026-07-30T19:01:44.793Z,274.276,274.29,0.0,7.4,0.0,0.0,0.0,0.0,0.0,0.0,0.0,0.0,1.0,0.0,0.0,0.0,9.0,4.0,0.0,0.0,0.0,0.0,0.0,0.0,0.0,0.0,4.0,12.0,1.0,12.15,5.0200000000000005,2.51,1.49,0.0,0.0,0.0,0.4,0.0,0.2,-0.5,-0.2,-169.70000000000002,0.0,0.0,169.70000000000002,0.0,21.700000000000003,29.200000000000003,29.200000000000003,29.700000000000003,300.0,300.0,31.700000000000003,35.7,29.1,28.3,30.200000000000003,4.95,1.99,4.97,0.16,0.0,0.0,1027.0,8228.0,0.0,0.0,0.0,0.0,0.0,1.0,0.0,0.0,0.0,0.0,0.0,-0.7000000000000001,0.0,0.1,0.0,0.0,16.0,25903.0
2026-07-30T19:01:44.810Z,274.293,274.302,0.0,7.4,0.0,0.0,0.0,0.0,0.0,0.0,0.0,0.0,1.0,0.0,0.0,0.0,9.0,4.0,0.0,0.0,0.0,0.0,0.0,0.0,0.0,0.0,4.0,12.0,1.0,12.15,5.0200000000000005,2.51,1.49,0.0,0.0,0.0,0.4,0.0,-0.3,0.0,-0.8,-169.70000000000002,0.0,0.0,169.60000000000002,0.0,21.700000000000003,29.200000000000003,29.200000000000003,29.700000000000003,300.0,300.0,31.700000000000003,35.7,29.1,28.3,30.200000000000003,4.95,2.0,4.96,0.16,0.0,0.0,1027.0,8228.0,0.0,0.0,0.0,0.0,0.0,1.0,0.0,0.0,0.0,0.0,0.0,-0.5,0.0,0.7000000000000001,0.0,0.0,16.0,25903.0
2026-07-30T19:01:44.817Z,274.3,274.314,0.0,7.4,0.0,0.0,0.0,0.0,0.0,0.0,0.0,0.0,1.0,0.0,0.0,0.0,9.0,4.0,0.0,0.0,0.0,0.0,0.0,0.0,0.0,0.0,1.0,12.0,1.0,12.15,5.0200000000000005,2.51,1.49,0.0,0.0,0.0,0.4,0.0,-0.9,0.0,0.3,-169.70000000000002,0.0,0.0,169.70000000000002,0.0,21.700000000000003,29.200000000000003,29.200000000000003,29.700000000000003,300.0,300.0,31.700000000000003,35.7,29.1,28.3,30.200000000000003,4.96,1.99,4.96,0.16,0.0,0.0,1027.0,8228.0,0.0,0.0,0.0,0.0,0.0,1.0,0.0,0.0,0.0,0.0,0.0,0.2,0.0,-0.2,0.0,0.0001,16.0,25903.0
2026-07-30T19:01:44.829Z,274.312,274.326,0.0,7.4,0.0,0.0,0.0,0.0,0.0,0.0,0.0,0.0,1.0,0.0,0.0,0.0,9.0,4.0,0.0,0.0,0.0,0.0,0.0,0.0,0.0,0.0,3.0,12.0,1.0,12.15,5.0200000000000005,2.51,1.49,0.0,0.0,0.0,0.4,0.0,0.8,-0.5,-0.2,-169.70000000000002,0.0,0.0,169.70000000000002,0.0,21.700000000000003,29.200000000000003,29.200000000000003,29.700000000000003,300.0,300.0,31.700000000000003,35.7,29.1,28.3,30.200000000000003,4.95,1.99,4.97,0.16,0.0,0.0,1027.0,8228.0,0.0,0.0,0.0,0.0,0.0,1.0,0.0,0.0,0.0,0.0,0.0,-0.8,0.0,0.1,0.0,0.0,16.0,25903.0
2026-07-30T19:01:44.841Z,274.324,274.338,0.0,7.4,0.0,0.0,0.0,0.0,0.0,0.0,0.0,0.0,1.0,0.0,0.0,0.0,9.0,4.0,0.0,0.0,0.0,0.0,0.0,0.0,0.0,0.0,4.0,12.0,1.0,12.15,5.0200000000000005,2.51,1.49,0.0,0.1,0.0,0.5,0.0,0.2,-0.5,0.3,-169.70000000000002,0.0,0.0,169.70000000000002,0.0,21.700000000000003,29.200000000000003,29.200000000000003,29.700000000000003,300.0,300.0,31.700000000000003,35.7,29.1,28.3,30.200000000000003,4.95,1.99,4.96,0.16,0.0,0.0,1027.0,8228.0,0.0,0.0,0.0,0.0,0.0,1.0,0.0,0.0,0.0,0.0,0.0,-0.3,0.0,-0.4,0.0,0.0,16.0,25903.0
2026-07-30T19:01:44.852Z,274.335,274.35,0.0,7.4,0.0,0.0,0.0,0.0,0.0,0.0,0.0,0.0,1.0,0.0,0.0,0.0,9.0,4.0,0.0,0.0,0.0,0.0,0.0,0.0,0.0,0.0,5.0,12.0,1.0,12.15,5.0200000000000005,2.51,1.49,0.0,0.0,0.0,0.4,0.0,0.2,0.6000000000000001,0.3,-169.70000000000002,0.0,0.0,169.70000000000002,0.0,21.700000000000003,29.200000000000003,29.200000000000003,29.700000000000003,300.0,300.0,31.700000000000003,35.7,29.1,28.3,30.200000000000003,4.95,2.0,4.97,0.16,0.0,0.0,1027.0,8228.0,0.0,0.0,0.0,0.0,0.0,1.0,0.0,0.0,0.0,0.0,0.0,1.0,0.0,-0.2,0.0,0.0,16.0,25903.0
2026-07-30T19:01:44.864Z,274.347,274.362,0.0,7.4,0.0,0.0,0.0,0.0,0.0,0.0,0.0,0.0,1.0,0.0,0.0,0.0,9.0,4.0,0.0,0.0,0.0,0.0,0.0,0.0,0.0,0.0,6.0,12.0,1.0,12.15,5.0200000000000005,2.51,1.49,0.0,0.0,0.0,0.4,0.0,0.2,0.0,-0.1,-169.60000000000002,0.0,0.0,169.70000000000002,0.0,21.700000000000003,29.200000000000003,29.200000000000003,29.700000000000003,300.0,300.0,31.700000000000003,35.7,29.1,28.3,30.200000000000003,4.96,1.99,4.97,0.16,0.0,0.0,1027.0,8228.0,0.0,0.0,0.0,0.0,0.0,1.0,0.0,0.0,0.0,0.0,0.0,0.0,0.0,0.1,0.0,0.0,16.0,25903.0
2026-07-30T19:01:44.876Z,274.359,274.374,0.0,7.4,0.0,0.0,0.0,0.0,0.0,0.0,0.0,0.0,1.0,0.0,0.0,0.0,9.0,4.0,0.0,0.0,0.0,0.0,0.0,0.0,0.0,0.0,1.0,12.0,1.0,12.15,5.0200000000000005,2.51,1.5,0.0,0.0,0.0,0.4,0.0,0.2,0.6000000000000001,1.5,-169.60000000000002,0.0,0.0,169.70000000000002,0.0,21.3,29.200000000000003,29.200000000000003,29.700000000000003,300.0,300.0,31.6,35.7,29.1,28.3,30.200000000000003,4.95,1.99,4.97,0.16,0.0,0.0,1027.0,8228.0,0.0,0.0,0.0,0.0,0.0,1.0,0.0,0.0,0.0,0.0,0.0,1.9,0.0,-1.2000000000000002,0.0,0.0001,16.0,25903.0
2026-07-30T19:01:44.889Z,274.372,274.386,0.0,7.4,0.0,0.0,0.0,0.0,0.0,0.0,0.0,0.0,1.0,0.0,0.0,0.0,9.0,4.0,0.0,0.0,0.0,0.0,0.0,0.0,0.0,0.0,3.0,12.0,1.0,12.15,5.0200000000000005,2.51,1.5,0.0,0.0,0.0,0.4,0.0,0.8,-1.0,-0.7000000000000001,-169.60000000000002,0.0,0.0,169.60000000000002,0.0,21.3,29.200000000000003,29.200000000000003,29.700000000000003,300.0,300.0,31.6,35.7,29.1,28.3,30.200000000000003,4.96,1.99,4.97,0.16,0.0,0.0,1027.0,8228.0,0.0,0.0,0.0,0.0,0.0,1.0,0.0,0.0,0.0,0.0,0.0,-1.8,0.0,0.4,0.0,0.0,16.0,25903.0
2026-07-30T19:01:44.901Z,274.384,274.398,0.0,7.4,0.0,0.0,0.0,0.0,0.0,0.0,0.0,0.0,1.0,0.0,0.0,0.0,9.0,4.0,0.0,0.0,0.0,0.0,0.0,0.0,0.0,0.0,3.0,12.0,1.0,12.15,5.0200000000000005,2.51,1.5,0.0,0.1,0.0,0.4,0.0,-0.8,-0.4,-0.7000000000000001,-169.60000000000002,0.0,0.0,169.70000000000002,0.0,21.3,29.200000000000003,29.200000000000003,29.700000000000003,300.0,300.0,31.6,35.7,29.1,28.3,30.200000000000003,4.96,1.99,4.97,0.16,0.0,0.0,1027.0,8228.0,0.0,0.0,0.0,0.0,0.0,1.0,0.0,0.0,0.0,0.0,0.0,-1.0,0.0,0.5,0.0,0.0,16.0,25903.0
2026-07-30T19:01:44.913Z,274.396,274.41,0.0,7.4,0.0,0.0,0.0,0.0,0.0,0.0,0.0,0.0,1.0,0.0,0.0,0.0,9.0,4.0,0.0,0.0,0.0,0.0,0.0,0.0,0.0,0.0,5.0,12.0,1.0,12.15,5.0200000000000005,2.51,1.5,0.0,0.0,0.0,0.4,0.0,-0.8,1.3,0.0,-169.60000000000002,0.0,0.0,169.60000000000002,0.0,21.3,29.200000000000003,29.200000000000003,29.700000000000003,300.0,300.0,31.6,35.7,29.1,28.3,30.200000000000003,4.95,1.99,4.97,0.16,0.0,0.0,1027.0,8228.0,0.0,0.0,0.0,0.0,0.0,1.0,0.0,0.0,0.0,0.0,0.0,1.4,0.0,0.3,0.0,0.0,16.0,25903.0
2026-07-30T19:01:44.924Z,274.407,274.422,0.0,7.4,0.0,0.0,0.0,0.0,0.0,0.0,0.0,0.0,1.0,0.0,0.0,0.0,9.0,4.0,0.0,0.0,0.0,0.0,0.0,0.0,0.0,0.0,6.0,12.0,1.0,12.15,5.0200000000000005,2.51,1.5,0.0,0.0,0.0,0.4,0.0,0.3,0.1,-0.6000000000000001,-169.60000000000002,0.0,0.0,169.70000000000002,0.0,21.3,29.200000000000003,29.200000000000003,29.700000000000003,300.0,300.0,31.6,35.7,29.1,28.3,30.200000000000003,4.96,1.99,4.96,0.16,0.0,0.0,1027.0,8228.0,0.0,0.0,0.0,0.0,0.0,1.0,0.0,0.0,0.0,0.0,0.0,-0.2,0.0,0.5,0.0,0.0001,16.0,25903.0
2026-07-30T19:01:44.936Z,274.419,274.434,0.0,7.4,0.0,0.0,0.0,0.0,0.0,0.0,0.0,0.0,1.0,0.0,0.0,0.0,9.0,4.0,0.0,0.0,0.0,0.0,0.0,0.0,0.0,0.0,1.0,12.0,1.0,12.15,5.0200000000000005,2.51,1.5,0.0,0.0,0.0,0.4,0.0,0.3,-1.0,1.1,-169.60000000000002,0.0,0.0,169.70000000000002,0.0,21.3,29.200000000000003,29.200000000000003,29.700000000000003,300.0,300.0,31.6,35.7,29.1,28.3,30.200000000000003,4.95,1.99,4.96,0.16,0.0,0.0,1027.0,8228.0,0.0,0.0,0.0,0.0,0.0,1.0,0.0,0.0,0.0,0.0,0.0,-0.3,0.0,-1.2000000000000002,0.0,0.0002,16.0,25903.0
2026-07-30T19:01:44.949Z,274.432,274.446,0.0,7.4,0.0,0.0,0.0,0.0,0.0,0.0,0.0,0.0,1.0,0.0,0.0,0.0,9.0,4.0,0.0,0.0,0.0,0.0,0.0,0.0,0.0,0.0,2.0,12.0,1.0,12.15,5.0200000000000005,2.51,1.5,0.0,0.0,0.0,0.4,0.0,-0.2,0.7000000000000001,0.0,-169.60000000000002,0.0,0.0,169.70000000000002,0.0,21.3,29.200000000000003,29.200000000000003,29.700000000000003,300.0,300.0,31.6,35.7,29.1,28.3,30.200000000000003,4.95,1.99,4.97,0.16,0.0,0.0,1027.0,8228.0,0.0,0.0,0.0,0.0,0.0,1.0,0.0,0.0,0.0,0.0,0.0,0.8,0.0,0.1,0.0,0.0001,16.0,25903.0
2026-07-30T19:01:44.960Z,274.443,274.458,0.0,7.4,0.0,0.0,0.0,0.0,0.0,0.0,0.0,0.0,1.0,0.0,0.0,0.0,9.0,4.0,0.0,0.0,0.0,0.0,0.0,0.0,0.0,0.0,3.0,12.0,1.0,12.15,5.0200000000000005,2.51,1.5,0.0,0.0,0.0,0.4,0.0,-0.2,-0.4,-1.1,-169.60000000000002,0.0,0.0,169.8,0.0,21.3,29.200000000000003,29.200000000000003,29.700000000000003,300.0,300.0,31.6,35.7,29.1,28.3,30.200000000000003,4.95,2.0,4.97,0.16,0.0,0.0,1027.0,8228.0,0.0,0.0,0.0,0.0,0.0,1.0,0.0,0.0,0.0,0.0,0.0,-1.3,0.0,0.9,0.0,0.0,16.0,25903.0
2026-07-30T19:01:44.973Z,274.456,274.47,0.0,7.4,0.0,0.0,0.0,0.0,0.0,0.0,0.0,0.0,1.0,0.0,0.0,0.0,9.0,4.0,0.0,0.0,0.0,0.0,0.0,0.0,0.0,0.0,4.0,12.0,1.0,12.17,5.0200000000000005,2.51,1.49,0.0,0.0,0.0,0.5,0.0,-0.1,0.7000000000000001,0.0,-169.60000000000002,0.0,0.0,169.70000000000002,0.0,21.8,29.200000000000003,29.200000000000003,29.700000000000003,300.0,300.0,31.6,35.7,29.0,28.3,30.200000000000003,4.96,2.0,4.96,0.16,0.0,0.0,1027.0,8228.0,0.0,0.0,0.0,0.0,0.0,1.0,0.0,0.0,0.0,0.0,0.0,0.8,0.0,0.1,0.0,0.0002,16.0,25903.0
2026-07-30T19:01:44.984Z,274.467,274.482,0.0,7.4,0.0,0.0,0.0,0.0,0.0,0.0,0.0,0.0,1.0,0.0,0.0,0.0,9.0,4.0,0.0,0.0,0.0,0.0,0.0,0.0,0.0,0.0,5.0,12.0,1.0,12.17,5.0200000000000005,2.51,1.49,0.0,0.0,0.0,0.4,0.0,-0.1,-0.4,0.0,-169.60000000000002,0.0,0.0,169.70000000000002,0.0,21.8,29.200000000000003,29.200000000000003,29.700000000000003,300.0,300.0,31.6,35.7,29.0,28.3,30.200000000000003,4.96,1.99,4.97,0.16,0.0,0.0,1027.0,8228.0,0.0,0.0,0.0,0.0,0.0,1.0,0.0,0.0,0.0,0.0,0.0,-0.5,0.0,0.0,0.0,0.0,16.0,25903.0
2026-07-30T19:01:44.996Z,274.479,274.494,0.0,7.4,0.0,0.0,0.0,0.0,0.0,0.0,0.0,0.0,1.0,0.0,0.0,0.0,9.0,4.0,0.0,0.0,0.0,0.0,0.0,0.0,0.0,0.0,6.0,12.0,1.0,12.17,5.0200000000000005,2.51,1.49,0.0,0.0,0.0,0.5,0.0,-0.2,-1.0,0.5,-169.60000000000002,0.0,0.0,169.70000000000002,0.0,21.8,29.200000000000003,29.200000000000003,29.700000000000003,300.0,300.0,31.6,35.7,29.0,28.3,30.200000000000003,4.96,1.99,4.96,0.16,0.0,0.0,1027.0,8228.0,0.0,0.0,0.0,0.0,0.0,1.0,0.0,0.0,0.0,0.0,0.0,-0.7000000000000001,0.0,-0.7000000000000001,0.0,0.0,16.0,25903.0
2026-07-30T19:01:45.008Z,274.491,274.50600000000003,0.0,7.4,0.0,0.0,0.0,0.0,0.0,0.0,0.0,0.0,1.0,0.0,0.0,0.0,9.0,4.0,0.0,0.0,0.0,0.0,0.0,0.0,0.0,0.0,1.0,12.0,1.0,12.17,5.0200000000000005,2.51,1.49,0.0,0.0,0.0,0.4,0.0,-0.1,-0.4,-0.6000000000000001,-169.70000000000002,0.0,0.0,169.70000000000002,0.0,21.8,29.200000000000003,29.200000000000003,29.700000000000003,300.0,300.0,31.6,35.7,29.0,28.3,30.200000000000003,4.95,2.0,4.96,0.16,0.0,0.0,1027.0,8228.0,0.0,0.0,0.0,0.0,0.0,1.0,0.0,0.0,0.0,0.0,0.0,-0.9,0.0,0.4,0.0,0.0001,16.0,25903.0
2026-07-30T19:01:45.021Z,274.504,274.51800000000003,0.0,7.4,0.0,0.0,0.0,0.0,0.0,0.0,0.0,0.0,1.0,0.0,0.0,0.0,9.0,4.0,0.0,0.0,0.0,0.0,0.0,0.0,0.0,0.0,2.0,12.0,1.0,12.17,5.0200000000000005,2.51,1.49,0.0,0.1,0.0,0.4,0.0,0.3,-0.4,0.5,-169.70000000000002,0.0,0.0,169.8,0.0,21.8,29.200000000000003,29.200000000000003,29.700000000000003,300.0,300.0,31.6,35.7,29.0,28.3,30.200000000000003,4.95,2.0,4.97,0.16,0.0,0.0,1027.0,8228.0,0.0,0.0,0.0,0.0,0.0,1.0,0.0,0.0,0.0,0.0,0.0,-0.1,0.0,-0.5,0.0,0.0002,16.0,25903.0
2026-07-30T19:01:45.033Z,274.516,274.53000000000003,0.0,7.4,0.0,0.0,0.0,0.0,0.0,0.0,0.0,0.0,1.0,0.0,0.0,0.0,9.0,4.0,0.0,0.0,0.0,0.0,0.0,0.0,0.0,0.0,3.0,12.0,1.0,12.17,5.0200000000000005,2.51,1.49,0.0,0.0,0.0,0.5,0.0,0.3,-0.4,0.5,-169.70000000000002,0.0,0.0,169.8,0.0,21.8,29.200000000000003,29.200000000000003,29.700000000000003,300.0,300.0,31.6,35.7,29.0,28.3,30.200000000000003,4.95,1.99,4.97,0.16,0.0,0.0,1027.0,8228.0,0.0,0.0,0.0,0.0,0.0,1.0,0.0,0.0,0.0,0.0,0.0,0.0,0.0,-0.5,0.0,0.0,16.0,25903.0
2026-07-30T19:01:45.044Z,274.527,274.54200000000003,0.0,7.4,0.0,0.0,0.0,0.0,0.0,0.0,0.0,0.0,1.0,0.0,0.0,0.0,9.0,4.0,0.0,0.0,0.0,0.0,0.0,0.0,0.0,0.0,4.0,12.0,1.0,12.17,5.0200000000000005,2.51,1.49,0.0,0.0,0.0,0.4,0.0,0.3,1.3,1.1,-169.70000000000002,0.0,0.0,169.8,0.0,21.8,29.200000000000003,29.200000000000003,29.700000000000003,300.0,300.0,31.6,35.7,29.0,28.3,30.200000000000003,4.95,1.99,4.96,0.16,0.0,0.0,1027.0,8228.0,0.0,0.0,0.0,0.0,0.0,1.0,0.0,0.0,0.0,0.0,0.0,2.3000000000000003,0.0,-0.7000000000000001,0.0,0.0002,16.0,25903.0
2026-07-30T19:01:45.057Z,274.54,274.55400000000003,0.0,7.4,0.0,0.0,0.0,0.0,0.0,0.0,0.0,0.0,1.0,0.0,0.0,0.0,9.0,4.0,0.0,0.0,0.0,0.0,0.0,0.0,0.0,0.0,5.0,12.0,1.0,12.17,5.0200000000000005,2.51,1.49,0.0,0.0,0.0,0.4,0.0,-0.2,0.7000000000000001,0.5,-169.70000000000002,0.0,0.0,169.8,0.0,21.8,29.200000000000003,29.200000000000003,29.700000000000003,300.0,300.0,31.6,35.7,29.0,28.3,30.200000000000003,4.96,1.99,4.96,0.16,0.0,0.0,1027.0,8228.0,0.0,0.0,0.0,0.0,0.0,1.0,0.0,0.0,0.0,0.0,0.0,1.2000000000000002,0.0,-0.3,0.0,0.0001,16.0,25903.0
2026-07-30T19:01:45.069Z,274.552,274.56600000000003,0.0,7.4,0.0,0.0,0.0,0.0,0.0,0.0,0.0,0.0,1.0,0.0,0.0,0.0,9.0,4.0,0.0,0.0,0.0,0.0,0.0,0.0,0.0,0.0,6.0,12.0,1.0,12.17,5.0200000000000005,2.51,1.49,0.0,0.0,0.0,0.4,0.0,-0.2,0.1,0.0,-169.70000000000002,0.0,0.0,169.70000000000002,0.0,21.8,29.200000000000003,29.200000000000003,29.700000000000003,300.0,300.0,31.6,35.7,29.0,28.3,30.200000000000003,4.95,1.99,4.97,0.16,0.0,0.0,1027.0,8228.0,0.0,0.0,0.0,0.0,0.0,1.0,0.0,0.0,0.0,0.0,0.0,0.1,0.0,0.1,0.0,0.0002,16.0,25903.0
2026-07-30T19:01:45.080Z,274.563,274.57800000000003,0.0,7.4,0.0,0.0,0.0,0.0,0.0,0.0,0.0,0.0,1.0,0.0,0.0,0.0,9.0,4.0,0.0,0.0,0.0,0.0,0.0,0.0,0.0,0.0,6.0,12.0,1.0,12.18,5.01,2.5,1.49,0.0,0.0,0.0,0.4,0.0,-0.2,-1.0,-0.6000000000000001,-169.70000000000002,0.0,0.0,169.70000000000002,0.0,21.3,29.200000000000003,29.200000000000003,29.700000000000003,300.0,300.0,31.6,35.800000000000004,29.1,28.3,30.200000000000003,4.96,1.99,4.96,0.16,0.0,0.0,1027.0,8228.0,0.0,0.0,0.0,0.0,0.0,1.0,0.0,0.0,0.0,0.0,0.0,-1.6,0.0,0.3,0.0,0.0001,16.0,25903.0
2026-07-30T19:01:45.093Z,274.576,274.59000000000003,0.0,7.4,0.0,0.0,0.0,0.0,0.0,0.0,0.0,0.0,1.0,0.0,0.0,0.0,9.0,4.0,0.0,0.0,0.0,0.0,0.0,0.0,0.0,0.0,2.0,12.0,1.0,12.18,5.01,2.5,1.49,0.0,0.0,0.0,0.4,0.0,-0.2,0.7000000000000001,-1.2000000000000002,-169.70000000000002,0.0,0.0,169.8,0.0,21.3,29.200000000000003,29.200000000000003,29.700000000000003,300.0,300.0,31.6,35.800000000000004,29.1,28.3,30.200000000000003,4.96,2.0,4.96,0.16,0.0,0.0,1027.0,8228.0,0.0,0.0,0.0,0.0,0.0,1.0,0.0,0.0,0.0,0.0,0.0,0.0,0.0,1.2000000000000002,0.0,0.0001,16.0,25903.0
2026-07-30T19:01:45.105Z,274.588,274.60200000000003,0.0,7.4,0.0,0.0,0.0,0.0,0.0,0.0,0.0,0.0,1.0,0.0,0.0,0.0,9.0,4.0,0.0,0.0,0.0,0.0,0.0,0.0,0.0,0.0,2.0,12.0,1.0,12.18,5.01,2.5,1.49,0.0,0.0,0.0,0.4,0.0,-0.2,0.1,1.1,-169.70000000000002,0.0,0.0,169.60000000000002,0.0,21.3,29.200000000000003,29.200000000000003,29.700000000000003,300.0,300.0,31.6,35.800000000000004,29.1,28.3,30.200000000000003,4.95,1.99,4.96,0.16,0.0,0.0,1027.0,8228.0,0.0,0.0,0.0,0.0,0.0,1.0,0.0,0.0,0.0,0.0,0.0,1.0,0.0,-0.9,0.0,0.0001,16.0,25903.0
2026-07-30T19:01:45.128Z,274.611,274.61400000000003,0.0,7.4,0.0,0.0,0.0,0.0,0.0,0.0,0.0,0.0,1.0,0.0,0.0,0.0,9.0,4.0,0.0,0.0,0.0,0.0,0.0,0.0,0.0,0.0,3.0,12.0,1.0,12.18,5.01,2.5,1.49,0.0,0.0,0.0,0.4,0.0,-0.2,-0.4,0.0,-169.70000000000002,0.0,0.0,169.70000000000002,0.0,21.3,29.200000000000003,29.200000000000003,29.700000000000003,300.0,300.0,31.6,35.800000000000004,29.1,28.3,30.200000000000003,4.95,1.99,4.97,0.16,0.0,0.0,1027.0,8228.0,0.0,0.0,0.0,0.0,0.0,1.0,0.0,0.0,0.0,0.0,0.0,-0.5,0.0,0.0,0.0,0.0001,16.0,25903.0
2026-07-30T19:01:45.131Z,274.614,274.62600000000003,0.0,7.4,0.0,0.0,0.0,0.0,0.0,0.0,0.0,0.0,1.0,0.0,0.0,0.0,9.0,4.0,0.0,0.0,0.0,0.0,0.0,0.0,0.0,0.0,2.0,12.0,1.0,12.18,5.01,2.5,1.49,0.0,0.0,0.0,0.5,0.0,-0.2,-0.4,0.0,-169.70000000000002,0.0,0.0,169.60000000000002,0.0,21.3,29.200000000000003,29.200000000000003,29.700000000000003,300.0,300.0,31.6,35.800000000000004,29.1,28.3,30.200000000000003,4.96,1.99,4.96,0.16,0.0,0.0,1027.0,8228.0,0.0,0.0,0.0,0.0,0.0,1.0,0.0,0.0,0.0,0.0,0.0,-0.5,0.0,0.0,0.0,0.0001,16.0,25903.0
2026-07-30T19:01:45.141Z,274.624,274.63800000000003,0.0,7.4,0.0,0.0,0.0,0.0,0.0,0.0,0.0,0.0,1.0,0.0,0.0,0.0,9.0,4.0,0.0,0.0,0.0,0.0,0.0,0.0,0.0,0.0,2.0,12.0,1.0,12.18,5.01,2.5,1.49,0.0,0.1,0.0,0.5,0.0,0.3,0.7000000000000001,1.6,-169.70000000000002,0.0,0.0,169.70000000000002,0.0,21.3,29.200000000000003,29.200000000000003,29.700000000000003,300.0,300.0,31.6,35.800000000000004,29.1,28.3,30.200000000000003,4.96,1.99,4.97,0.16,0.0,0.0,1027.0,8228.0,0.0,0.0,0.0,0.0,0.0,1.0,0.0,0.0,0.0,0.0,0.0,-0.7000000000000001,0.0,1.1,0.0,0.0001,16.0,25903.0
2026-07-30T19:01:45.152Z,274.635,274.65000000000003,0.0,7.4,0.0,0.0,0.0,0.0,0.0,0.0,0.0,0.0,1.0,0.0,0.0,0.0,9.0,4.0,0.0,0.0,0.0,0.0,0.0,0.0,0.0,0.0,4.0,12.0,1.0,12.18,5.01,2.5,1.49,0.0,0.0,0.0,0.4,0.0,0.3,0.7000000000000001,0.4,-169.70000000000002,0.0,0.0,169.70000000000002,0.0,21.3,29.200000000000003,29.200000000000003,29.700000000000003,300.0,300.0,31.6,35.800000000000004,29.1,28.3,30.200000000000003,4.95,1.99,4.97,0.16,0.0,0.0,1027.0,8228.0,0.0,0.0,0.0,0.0,0.0,1.0,0.0,0.0,0.0,0.0,0.0,1.1,0.0,-0.2,0.0,0.0,16.0,25903.0
2026-07-30T19:01:45.165Z,274.648,274.662,0.0,7.4,0.0,0.0,0.0,0.0,0.0,0.0,0.0,0.0,1.0,0.0,0.0,0.0,9.0,4.0,0.0,0.0,0.0,0.0,0.0,0.0,0.0,0.0,5.0,12.0,1.0,12.18,5.01,2.5,1.49,0.0,0.0,0.0,0.4,0.0,0.3,0.7000000000000001,1.0,-169.70000000000002,0.0,0.0,169.60000000000002,0.0,21.3,29.200000000000003,29.200000000000003,29.700000000000003,300.0,300.0,31.6,35.800000000000004,29.1,28.3,30.200000000000003,4.96,1.99,4.96,0.16,0.0,0.0,1027.0,8228.0,0.0,0.0,0.0,0.0,0.0,1.0,0.0,0.0,0.0,0.0,0.0,0.9,0.0,-0.9,0.0,0.0,16.0,25903.0
2026-07-30T19:01:45.177Z,274.66,274.674,0.0,7.4,0.0,0.0,0.0,0.0,0.0,0.0,0.0,0.0,1.0,0.0,0.0,0.0,9.0,4.0,0.0,0.0,0.0,0.0,0.0,0.0,0.0,0.0,6.0,12.0,1.0,12.15,5.01,2.51,1.49,0.0,0.0,0.0,0.4,0.0,-0.3,-1.6,-1.2000000000000002,-169.70000000000002,0.0,0.0,169.70000000000002,0.0,21.700000000000003,29.200000000000003,29.200000000000003,29.700000000000003,300.0,300.0,31.6,35.7,29.1,28.3,30.200000000000003,4.95,1.99,4.96,0.16,0.0,0.0,1027.0,8228.0,0.0,0.0,0.0,0.0,0.0,1.0,0.0,0.0,0.0,0.0,0.0,-2.8000000000000003,0.0,0.8,0.0,0.0,16.0,25903.0
2026-07-30T19:01:45.188Z,274.671,274.686,0.0,7.4,0.0,0.0,0.0,0.0,0.0,0.0,0.0,0.0,1.0,0.0,0.0,0.0,9.0,4.0,0.0,0.0,0.0,0.0,0.0,0.0,0.0,0.0,1.0,12.0,1.0,12.15,5.01,2.51,1.49,0.0,0.0,0.0,0.4,0.0,-0.2,-0.4,-0.1,-169.70000000000002,0.0,0.0,169.70000000000002,0.0,21.700000000000003,29.200000000000003,29.200000000000003,29.700000000000003,300.0,300.0,31.6,35.7,29.1,28.3,30.200000000000003,4.95,1.99,4.97,0.16,0.0,0.0,1027.0,8228.0,0.0,0.0,0.0,0.0,0.0,1.0,0.0,0.0,0.0,0.0,0.0,-0.6000000000000001,0.0,0.0,0.0,0.0002,16.0,25903.0
2026-07-30T19:01:45.201Z,274.684,274.698,0.0,7.4,0.0,0.0,0.0,0.0,0.0,0.0,0.0,0.0,1.0,0.0,0.0,0.0,9.0,4.0,0.0,0.0,0.0,0.0,0.0,0.0,0.0,0.0,1.0,12.0,1.0,12.15,5.01,2.51,1.49,0.0,0.0,0.0,0.4,0.0,-0.2,0.1,-1.3,-169.70000000000002,0.0,0.0,169.70000000000002,0.0,21.700000000000003,29.200000000000003,29.200000000000003,29.700000000000003,300.0,300.0,31.6,35.7,29.1,28.3,30.200000000000003,4.95,2.0,4.97,0.16,0.0,0.0,1027.0,8228.0,0.0,0.0,0.0,0.0,0.0,1.0,0.0,0.0,0.0,0.0,0.0,-0.8,0.0,1.1,0.0,0.0,16.0,25903.0
2026-07-30T19:01:45.213Z,274.696,274.71,0.0,7.4,0.0,0.0,0.0,0.0,0.0,0.0,0.0,0.0,1.0,0.0,0.0,0.0,9.0,4.0,0.0,0.0,0.0,0.0,0.0,0.0,0.0,0.0,3.0,12.0,1.0,12.15,5.01,2.51,1.49,0.0,0.0,0.0,0.4,0.0,-0.2,0.1,-0.1,-169.70000000000002,0.0,0.0,169.70000000000002,0.0,21.700000000000003,29.200000000000003,29.200000000000003,29.700000000000003,300.0,300.0,31.6,35.7,29.1,28.3,30.200000000000003,4.96,2.0,4.96,0.15,0.0,0.0,1027.0,8228.0,0.0,0.0,0.0,0.0,0.0,1.0,0.0,0.0,0.0,0.0,0.0,0.0,0.0,0.1,0.0,0.0,16.0,25903.0
2026-07-30T19:01:45.224Z,274.707,274.722,0.0,7.4,0.0,0.0,0.0,0.0,0.0,0.0,0.0,0.0,1.0,0.0,0.0,0.0,9.0,4.0,0.0,0.0,0.0,0.0,0.0,0.0,0.0,0.0,4.0,12.0,1.0,12.15,5.01,2.51,1.49,0.0,0.0,0.0,0.4,0.0,-0.8,-0.4,0.0,-169.70000000000002,0.0,0.0,169.70000000000002,0.0,21.700000000000003,29.200000000000003,29.200000000000003,29.700000000000003,300.0,300.0,31.6,35.7,29.1,28.3,30.200000000000003,4.95,1.99,4.97,0.15,0.0,0.0,1027.0,8228.0,0.0,0.0,0.0,0.0,0.0,1.0,0.0,0.0,0.0,0.0,0.0,-0.5,0.0,0.0,0.0,0.0,16.0,25903.0
2026-07-30T19:01:45.236Z,274.719,274.734,0.0,7.4,0.0,0.0,0.0,0.0,0.0,0.0,0.0,0.0,1.0,0.0,0.0,0.0,9.0,4.0,0.0,0.0,0.0,0.0,0.0,0.0,0.0,0.0,5.0,12.0,1.0,12.15,5.01,2.51,1.49,0.0,0.0,0.0,0.4,0.0,0.2,0.6000000000000001,1.0,-169.70000000000002,0.0,0.0,169.60000000000002,0.0,21.700000000000003,29.200000000000003,29.200000000000003,29.700000000000003,300.0,300.0,31.6,35.7,29.1,28.3,30.200000000000003,4.95,1.99,4.97,0.16,0.0,0.0,1027.0,8228.0,0.0,0.0,0.0,0.0,0.0,1.0,0.0,0.0,0.0,0.0,0.0,1.5,0.0,-0.8,0.0,0.0001,16.0,25903.0
2026-07-30T19:01:45.248Z,274.731,274.746,0.0,7.4,0.0,0.0,0.0,0.0,0.0,0.0,0.0,0.0,1.0,0.0,0.0,0.0,9.0,4.0,0.0,0.0,0.0,0.0,0.0,0.0,0.0,0.0,6.0,12.0,1.0,12.15,5.01,2.51,1.49,0.0,0.0,0.0,0.5,0.0,-0.3,0.6000000000000001,1.1,-169.60000000000002,0.0,0.0,169.60000000000002,0.0,21.700000000000003,29.200000000000003,29.200000000000003,29.700000000000003,300.0,300.0,31.6,35.7,29.1,28.3,30.200000000000003,4.96,1.99,4.97,0.16,0.0,0.0,1027.0,8228.0,0.0,0.0,0.0,0.0,0.0,1.0,0.0,0.0,0.0,0.0,0.0,1.5,0.0,-0.8,0.0,0.0001,16.0,25903.0
2026-07-30T19:01:45.260Z,274.743,274.758,0.0,7.4,0.0,0.0,0.0,0.0,0.0,0.0,0.0,0.0,1.0,0.0,0.0,0.0,9.0,4.0,0.0,0.0,0.0,0.0,0.0,0.0,0.0,0.0,1.0,12.0,1.0,12.15,5.01,2.51,1.49,0.0,0.0,0.0,0.5,0.0,-0.8,-0.5,-0.6000000000000001,-169.60000000000002,0.0,0.0,169.60000000000002,0.0,21.700000000000003,29.200000000000003,29.200000000000003,29.700000000000003,300.0,300.0,31.6,35.7,29.1,28.3,30.200000000000003,4.96,1.99,4.96,0.16,0.0,0.0,1027.0,8228.0,0.0,0.0,0.0,0.0,0.0,1.0,0.0,0.0,0.0,0.0,0.0,-1.0,0.0,0.4,0.0,0.0,16.0,25903.0
2026-07-30T19:01:45.273Z,274.756,274.77,0.0,7.4,0.0,0.0,0.0,0.0,0.0,0.0,0.0,0.0,1.0,0.0,0.0,0.0,9.0,4.0,0.0,0.0,0.0,0.0,0.0,0.0,0.0,0.0,1.0,12.0,1.0,12.15,5.01,2.51,1.49,0.0,0.0,0.0,0.4,0.0,0.8,-0.5,0.0,-169.60000000000002,0.0,0.0,169.70000000000002,0.0,21.700000000000003,29.200000000000003,29.200000000000003,29.700000000000003,300.0,300.0,31.6,35.7,29.1,28.3,30.200000000000003,4.95,1.99,4.97,0.16,0.0,0.0,1027.0,8228.0,0.0,0.0,0.0,0.0,0.0,1.0,0.0,0.0,0.0,0.0,0.0,-0.6000000000000001,0.0,0.0,0.0,0.0001,16.0,25903.0
2026-07-30T19:01:45.284Z,274.767,274.782,0.0,7.4,0.0,0.0,0.0,0.0,0.0,0.0,0.0,0.0,1.0,0.0,0.0,0.0,9.0,4.0,0.0,0.0,0.0,0.0,0.0,0.0,0.0,0.0,2.0,12.0,1.0,12.17,5.0200000000000005,2.51,1.49,0.0,0.0,0.0,0.4,0.0,0.2,0.0,1.6,-169.60000000000002,0.0,0.0,169.70000000000002,0.0,21.700000000000003,29.200000000000003,29.200000000000003,29.700000000000003,300.0,300.0,31.5,35.7,29.1,28.3,30.200000000000003,4.95,1.99,4.96,0.16,0.0,0.0,1027.0,8228.0,0.0,0.0,0.0,0.0,0.0,1.0,0.0,0.0,0.0,0.0,0.0,1.2000000000000002,0.0,-1.4,0.0,0.0001,16.0,25903.0
2026-07-30T19:01:45.297Z,274.78,274.794,0.0,7.4,0.0,0.0,0.0,0.0,0.0,0.0,0.0,0.0,1.0,0.0,0.0,0.0,9.0,4.0,0.0,0.0,0.0,0.0,0.0,0.0,0.0,0.0,3.0,12.0,1.0,12.17,5.0200000000000005,2.51,1.49,0.0,0.0,0.0,0.4,0.0,-0.3,0.5,-0.6000000000000001,-169.70000000000002,0.0,0.0,169.70000000000002,0.0,21.700000000000003,29.200000000000003,29.200000000000003,29.700000000000003,300.0,300.0,31.5,35.7,29.1,28.3,30.200000000000003,4.96,2.0,4.96,0.16,0.0,0.0,1027.0,8228.0,0.0,0.0,0.0,0.0,0.0,1.0,0.0,0.0,0.0,0.0,0.0,0.1,0.0,0.7000000000000001,0.0,0.0001,16.0,25903.0
2026-07-30T19:01:45.309Z,274.792,274.806,0.0,7.4,0.0,0.0,0.0,0.0,0.0,0.0,0.0,0.0,1.0,0.0,0.0,0.0,9.0,4.0,0.0,0.0,0.0,0.0,0.0,0.0,0.0,0.0,4.0,12.0,1.0,12.17,5.0200000000000005,2.51,1.49,0.0,0.0,0.0,0.4,0.0,0.8,0.6000000000000001,0.4,-169.70000000000002,0.0,0.0,169.70000000000002,0.0,21.700000000000003,29.200000000000003,29.200000000000003,29.700000000000003,300.0,300.0,31.5,35.7,29.1,28.3,30.200000000000003,4.96,2.0,4.97,0.16,0.0,0.0,1027.0,8228.0,0.0,0.0,0.0,0.0,0.0,1.0,0.0,0.0,0.0,0.0,0.0,1.1,0.0,-0.2,0.0,0.0001,16.0,25903.0
2026-07-30T19:01:45.321Z,274.804,274.818,0.0,7.4,0.0,0.0,0.0,0.0,0.0,0.0,0.0,0.0,1.0,0.0,0.0,0.0,9.0,4.0,0.0,0.0,0.0,0.0,0.0,0.0,0.0,0.0,4.0,12.0,1.0,12.17,5.0200000000000005,2.51,1.49,0.0,0.0,0.0,0.4,0.0,0.8,-0.5,-0.1,-169.70000000000002,0.0,0.0,169.8,0.0,21.700000000000003,29.200000000000003,29.200000000000003,29.700000000000003,300.0,300.0,31.5,35.7,29.1,28.3,30.200000000000003,4.96,1.99,4.96,0.16,0.0,0.0,1027.0,8228.0,0.0,0.0,0.0,0.0,0.0,1.0,0.0,0.0,0.0,0.0,0.0,-0.7000000000000001,0.0,0.0,0.0,0.0,16.0,25903.0
2026-07-30T19:01:45.332Z,274.815,274.83,0.0,7.4,0.0,0.0,0.0,0.0,0.0,0.0,0.0,0.0,1.0,0.0,0.0,0.0,9.0,4.0,0.0,0.0,0.0,0.0,0.0,0.0,0.0,0.0,6.0,12.0,1.0,12.17,5.0200000000000005,2.51,1.49,0.0,0.0,0.0,0.4,0.0,-0.9,0.0,-1.2000000000000002,-169.70000000000002,0.0,0.0,169.8,0.0,21.700000000000003,29.200000000000003,29.200000000000003,29.700000000000003,300.0,300.0,31.5,35.7,29.1,28.3,30.200000000000003,4.96,1.99,4.96,0.16,0.0,0.0,1027.0,8228.0,0.0,0.0,0.0,0.0,0.0,1.0,0.0,0.0,0.0,0.0,0.0,-0.8,0.0,1.0,0.0,0.0001,16.0,25903.0
2026-07-30T19:01:45.345Z,274.828,274.842,0.0,7.4,0.0,0.0,0.0,0.0,0.0,0.0,0.0,0.0,1.0,0.0,0.0,0.0,9.0,4.0,0.0,0.0,0.0,0.0,0.0,0.0,0.0,0.0,1.0,12.0,1.0,12.17,5.0200000000000005,2.51,1.49,0.0,0.0,0.0,0.4,0.0,-0.3,0.6000000000000001,-0.1,-169.70000000000002,0.0,0.0,169.70000000000002,0.0,21.700000000000003,29.200000000000003,29.200000000000003,29.700000000000003,300.0,300.0,31.5,35.7,29.1,28.3,30.200000000000003,4.96,1.99,4.96,0.16,0.0,0.0,1027.0,8228.0,0.0,0.0,0.0,0.0,0.0,1.0,0.0,0.0,0.0,0.0,0.0,0.6000000000000001,0.0,0.2,0.0,0.0002,16.0,25903.0
2026-07-30T19:01:45.356Z,274.839,274.854,0.0,7.4,0.0,0.0,0.0,0.0,0.0,0.0,0.0,0.0,1.0,0.0,0.0,0.0,9.0,4.0,0.0,0.0,0.0,0.0,0.0,0.0,0.0,0.0,2.0,12.0,1.0,12.17,5.0200000000000005,2.51,1.49,0.0,0.0,0.0,0.4,0.0,0.2,0.0,-0.1,-169.70000000000002,0.0,0.0,169.70000000000002,0.0,21.700000000000003,29.200000000000003,29.200000000000003,29.700000000000003,300.0,300.0,31.5,35.7,29.1,28.3,30.200000000000003,4.95,1.99,4.97,0.16,0.0,0.0,1027.0,8228.0,0.0,0.0,0.0,0.0,0.0,1.0,0.0,0.0,0.0,0.0,0.0,0.0,0.0,0.1,0.0,0.0001,16.0,25903.0
2026-07-30T19:01:45.368Z,274.851,274.866,0.0,7.4,0.0,0.0,0.0,0.0,0.0,0.0,0.0,0.0,1.0,0.0,0.0,0.0,9.0,4.0,0.0,0.0,0.0,0.0,0.0,0.0,0.0,0.0,3.0,12.0,1.0,12.17,5.0200000000000005,2.51,1.49,0.0,0.0,0.0,0.4,0.0,-0.3,-1.1,1.0,-169.70000000000002,0.0,0.0,169.70000000000002,0.0,21.700000000000003,29.200000000000003,29.200000000000003,29.700000000000003,300.0,300.0,31.5,35.7,29.1,28.3,30.200000000000003,4.96,1.99,4.96,0.16,0.0,0.0,1027.0,8228.0,0.0,0.0,0.0,0.0,0.0,1.0,0.0,0.0,0.0,0.0,0.0,-0.4,0.0,-1.1,0.0,0.0,16.0,25903.0
2026-07-30T19:01:45.382Z,274.865,274.878,0.0,7.4,0.0,0.0,0.0,0.0,0.0,0.0,0.0,0.0,1.0,0.0,0.0,0.0,9.0,4.0,0.0,0.0,0.0,0.0,0.0,0.0,0.0,0.0,4.0,12.0,1.0,12.15,5.01,2.5,1.49,0.0,0.0,0.0,0.4,0.0,0.8,1.2000000000000002,0.0,-169.70000000000002,0.0,0.0,169.8,0.0,21.700000000000003,29.200000000000003,29.200000000000003,29.700000000000003,300.0,300.0,31.6,35.6,29.1,28.3,30.200000000000003,4.96,1.99,4.97,0.16,0.0,0.0,1027.0,8228.0,0.0,0.0,0.0,0.0,0.0,1.0,0.0,0.0,0.0,0.0,0.0,1.3,0.0,0.3,0.0,0.0,16.0,25903.0
2026-07-30T19:01:45.393Z,274.876,274.89,0.0,7.4,0.0,0.0,0.0,0.0,0.0,0.0,0.0,0.0,1.0,0.0,0.0,0.0,9.0,4.0,0.0,0.0,0.0,0.0,0.0,0.0,0.0,0.0,5.0,12.0,1.0,12.15,5.01,2.5,1.49,0.0,0.0,0.0,0.5,0.0,0.2,1.2000000000000002,0.0,-169.70000000000002,0.0,0.0,169.8,0.0,21.700000000000003,29.200000000000003,29.200000000000003,29.700000000000003,300.0,300.0,31.6,35.6,29.1,28.3,30.200000000000003,4.95,1.99,4.97,0.16,0.0,0.0,1027.0,8228.0,0.0,0.0,0.0,0.0,0.0,1.0,0.0,0.0,0.0,0.0,0.0,1.3,0.0,0.3,0.0,0.0001,16.0,25903.0
2026-07-30T19:01:45.405Z,274.888,274.902,0.0,7.4,0.0,0.0,0.0,0.0,0.0,0.0,0.0,0.0,1.0,0.0,0.0,0.0,9.0,4.0,0.0,0.0,0.0,0.0,0.0,0.0,0.0,0.0,5.0,12.0,1.0,12.15,5.01,2.5,1.49,0.0,0.0,0.0,0.5,0.0,-0.9,-0.5,-0.1,-169.70000000000002,0.0,0.0,169.70000000000002,0.0,21.700000000000003,29.200000000000003,29.200000000000003,29.700000000000003,300.0,300.0,31.6,35.6,29.1,28.3,30.200000000000003,4.96,1.99,4.96,0.16,0.0,0.0,1027.0,8228.0,0.0,0.0,0.0,0.0,0.0,1.0,0.0,0.0,0.0,0.0,0.0,-0.6000000000000001,0.0,0.0,0.0,0.0001,16.0,25903.0
2026-07-30T19:01:45.416Z,274.899,274.914,0.0,7.4,0.0,0.0,0.0,0.0,0.0,0.0,0.0,0.0,1.0,0.0,0.0,0.0,9.0,4.0,0.0,0.0,0.0,0.0,0.0,0.0,0.0,0.0,6.0,12.0,1.0,12.15,5.01,2.5,1.49,0.0,0.0,0.0,0.4,0.0,0.8,0.6000000000000001,-0.7000000000000001,-169.70000000000002,0.0,0.0,169.60000000000002,0.0,21.700000000000003,29.200000000000003,29.200000000000003,29.700000000000003,300.0,300.0,31.6,35.6,29.1,28.3,30.200000000000003,4.96,1.99,4.96,0.16,0.0,0.0,1027.0,8228.0,0.0,0.0,0.0,0.0,0.0,1.0,0.0,0.0,0.0,0.0,0.0,0.2,0.0,0.7000000000000001,0.0,0.0001,16.0,25903.0
2026-07-30T19:01:45.429Z,274.912,274.926,0.0,7.4,0.0,0.0,0.0,0.0,0.0,0.0,0.0,0.0,1.0,0.0,0.0,0.0,9.0,4.0,0.0,0.0,0.0,0.0,0.0,0.0,0.0,0.0,1.0,12.0,1.0,12.15,5.01,2.5,1.49,0.0,0.0,0.0,0.4,0.0,1.4,1.8,1.0,-169.70000000000002,0.0,0.0,169.60000000000002,0.0,21.700000000000003,29.200000000000003,29.200000000000003,29.700000000000003,300.0,300.0,31.6,35.6,29.1,28.3,30.200000000000003,4.96,1.99,4.96,0.16,0.0,0.0,1027.0,8228.0,0.0,0.0,0.0,0.0,0.0,1.0,0.0,0.0,0.0,0.0,0.0,2.8000000000000003,0.0,-0.5,0.0,0.0001,16.0,25903.0
2026-07-30T19:01:45.447Z,274.93,274.938,0.0,7.4,0.0,0.0,0.0,0.0,0.0,0.0,0.0,0.0,1.0,0.0,0.0,0.0,9.0,4.0,0.0,0.0,0.0,0.0,0.0,0.0,0.0,0.0,6.0,12.0,1.0,12.15,5.01,2.5,1.49,0.0,0.0,0.0,0.4,0.0,0.2,1.2000000000000002,-0.1,-169.70000000000002,0.0,0.0,169.70000000000002,0.0,21.700000000000003,29.200000000000003,29.200000000000003,29.700000000000003,300.0,300.0,31.6,35.6,29.1,28.3,30.200000000000003,4.95,1.99,4.96,0.16,0.0,0.0,1027.0,8228.0,0.0,0.0,0.0,0.0,0.0,1.0,0.0,0.0,0.0,0.0,0.0,1.3,0.0,0.3,0.0,0.0,16.0,25903.0
2026-07-30T19:01:45.453Z,274.936,274.95,0.0,7.4,0.0,0.0,0.0,0.0,0.0,0.0,0.0,0.0,1.0,0.0,0.0,0.0,9.0,4.0,0.0,0.0,0.0,0.0,0.0,0.0,0.0,0.0,4.0,12.0,1.0,12.15,5.01,2.5,1.49,0.0,0.0,0.0,0.4,0.0,0.2,0.6000000000000001,0.4,-169.70000000000002,0.0,0.0,169.70000000000002,0.0,21.700000000000003,29.200000000000003,29.200000000000003,29.700000000000003,300.0,300.0,31.6,35.6,29.1,28.3,30.200000000000003,4.95,1.99,4.96,0.15,0.0,0.0,1027.0,8228.0,0.0,0.0,0.0,0.0,0.0,1.0,0.0,0.0,0.0,0.0,0.0,1.0,0.0,-0.2,0.0,0.0001,16.0,25903.0
2026-07-30T19:01:45.464Z,274.947,274.962,0.0,7.4,0.0,0.0,0.0,0.0,0.0,0.0,0.0,0.0,1.0,0.0,0.0,0.0,9.0,4.0,0.0,0.0,0.0,0.0,0.0,0.0,0.0,0.0,6.0,12.0,1.0,12.15,5.01,2.5,1.49,0.0,0.0,0.0,0.4,0.0,0.2,0.6000000000000001,-0.6000000000000001,-169.70000000000002,0.0,0.0,169.8,0.0,21.700000000000003,29.200000000000003,29.200000000000003,29.700000000000003,300.0,300.0,31.6,35.6,29.1,28.3,30.200000000000003,4.95,1.99,4.97,0.15,0.0,0.0,1027.0,8228.0,0.0,0.0,0.0,0.0,0.0,1.0,0.0,0.0,0.0,0.0,0.0,0.2,0.0,0.7000000000000001,0.0,0.0001,16.0,25903.0
2026-07-30T19:01:45.476Z,274.959,274.974,0.0,7.4,0.0,0.0,0.0,0.0,0.0,0.0,0.0,0.0,1.0,0.0,0.0,0.0,9.0,4.0,0.0,0.0,0.0,0.0,0.0,0.0,0.0,0.0,2.0,12.0,1.0,12.15,5.01,2.5,1.49,0.0,0.0,0.0,0.5,0.0,-0.8,0.6000000000000001,-0.6000000000000001,-169.70000000000002,0.0,0.0,169.70000000000002,0.0,21.700000000000003,29.200000000000003,29.200000000000003,29.700000000000003,300.0,300.0,31.6,35.6,29.1,28.3,30.200000000000003,4.95,1.99,4.96,0.16,0.0,0.0,1027.0,8228.0,0.0,0.0,0.0,0.0,0.0,1.0,0.0,0.0,0.0,0.0,0.0,0.2,0.0,0.7000000000000001,0.0,0.0002,16.0,25903.0
2026-07-30T19:01:45.489Z,274.972,274.986,0.0,7.4,0.0,0.0,0.0,0.0,0.0,0.0,0.0,0.0,1.0,0.0,0.0,0.0,9.0,4.0,0.0,0.0,0.0,0.0,0.0,0.0,0.0,0.0,3.0,12.0,1.0,12.17,5.0200000000000005,2.51,1.49,0.0,0.1,0.0,0.4,0.0,1.4,1.8,0.5,-169.70000000000002,0.0,0.0,169.70000000000002,0.0,21.3,29.200000000000003,29.200000000000003,29.700000000000003,300.0,300.0,31.8,35.7,29.1,28.3,30.200000000000003,4.96,1.99,4.96,0.16,0.0,0.0,1027.0,8228.0,0.0,0.0,0.0,0.0,0.0,1.0,0.0,0.0,0.0,0.0,0.0,2.4000000000000004,0.0,0.0,0.0,0.0001,16.0,25903.0
2026-07-30T19:01:45.500Z,274.983,274.998,0.0,7.4,0.0,0.0,0.0,0.0,0.0,0.0,0.0,0.0,1.0,0.0,0.0,0.0,9.0,4.0,0.0,0.0,0.0,0.0,0.0,0.0,0.0,0.0,5.0,12.0,1.0,12.17,5.0200000000000005,2.51,1.49,0.0,0.0,0.0,0.4,0.0,0.2,0.1,-1.2000000000000002,-169.70000000000002,0.0,0.0,169.70000000000002,0.0,21.3,29.200000000000003,29.200000000000003,29.700000000000003,300.0,300.0,31.8,35.7,29.1,28.3,30.200000000000003,4.95,1.99,4.96,0.16,0.0,0.0,1027.0,8228.0,0.0,0.0,0.0,0.0,0.0,1.0,0.0,0.0,0.0,0.0,0.0,-0.7000000000000001,0.0,1.1,0.0,0.0001,16.0,25903.0
2026-07-30T19:01:45.513Z,274.996,275.01,0.0,7.4,0.0,0.0,0.0,0.0,0.0,0.0,0.0,0.0,1.0,0.0,0.0,0.0,9.0,4.0,0.0,0.0,0.0,0.0,0.0,0.0,0.0,0.0,6.0,12.0,1.0,12.17,5.0200000000000005,2.51,1.49,0.0,0.0,0.0,0.4,0.0,-0.2,-1.5,-0.7000000000000001,-169.70000000000002,0.0,0.0,169.70000000000002,0.0,21.3,29.200000000000003,29.200000000000003,29.700000000000003,300.0,300.0,31.8,35.7,29.1,28.3,30.200000000000003,4.95,1.99,4.96,0.16,0.0,0.0,1027.0,8228.0,0.0,0.0,0.0,0.0,0.0,1.0,0.0,0.0,0.0,0.0,0.0,-2.3000000000000003,0.0,0.2,0.0,0.0,16.0,25903.0
2026-07-30T19:01:45.525Z,275.008,275.022,0.0,7.4,0.0,0.0,0.0,0.0,0.0,0.0,0.0,0.0,1.0,0.0,0.0,0.0,9.0,4.0,0.0,0.0,0.0,0.0,0.0,0.0,0.0,0.0,2.0,12.0,1.0,12.17,5.0200000000000005,2.51,1.49,0.0,0.0,0.0,0.4,0.0,-0.2,0.0,1.0,-169.70000000000002,0.0,0.0,169.70000000000002,0.0,21.3,29.200000000000003,29.200000000000003,29.700000000000003,300.0,300.0,31.8,35.7,29.1,28.3,30.200000000000003,4.95,2.0,4.96,0.16,0.0,0.0,1027.0,8228.0,0.0,0.0,0.0,0.0,0.0,1.0,0.0,0.0,0.0,0.0,0.0,0.8,0.0,-0.8,0.0,0.0001,16.0,25903.0
2026-07-30T19:01:45.537Z,275.02,275.034,0.0,7.4,0.0,0.0,0.0,0.0,0.0,0.0,0.0,0.0,1.0,0.0,0.0,0.0,9.0,4.0,0.0,0.0,0.0,0.0,0.0,0.0,0.0,0.0,3.0,12.0,1.0,12.17,5.0200000000000005,2.51,1.49,0.0,0.0,0.0,0.4,0.0,-0.2,0.6000000000000001,0.4,-169.70000000000002,0.0,0.0,169.70000000000002,0.0,21.3,29.200000000000003,29.200000000000003,29.700000000000003,300.0,300.0,31.8,35.7,29.1,28.3,30.200000000000003,4.96,1.99,4.96,0.16,0.0,0.0,1027.0,8228.0,0.0,0.0,0.0,0.0,0.0,1.0,0.0,0.0,0.0,0.0,0.0,1.1,0.0,-0.2,0.0,0.0,16.0,25903.0
2026-07-30T19:01:45.548Z,275.031,275.046,0.0,7.4,0.0,0.0,0.0,0.0,0.0,0.0,0.0,0.0,1.0,0.0,0.0,0.0,9.0,4.0,0.0,0.0,0.0,0.0,0.0,0.0,0.0,0.0,4.0,12.0,1.0,12.17,5.0200000000000005,2.51,1.49,0.0,0.0,0.0,0.4,0.0,-0.2,-0.4,1.0,-169.70000000000002,0.0,0.0,169.8,0.0,21.3,29.200000000000003,29.200000000000003,29.700000000000003,300.0,300.0,31.8,35.7,29.1,28.3,30.200000000000003,4.95,1.99,4.97,0.16,0.0,0.0,1027.0,8228.0,0.0,0.0,0.0,0.0,0.0,1.0,0.0,0.0,0.0,0.0,0.0,0.2,0.0,-1.0,0.0,0.0002,16.0,25903.0
2026-07-30T19:01:45.561Z,275.044,275.058,0.0,7.4,0.0,0.0,0.0,0.0,0.0,0.0,0.0,0.0,1.0,0.0,0.0,0.0,9.0,4.0,0.0,0.0,0.0,0.0,0.0,0.0,0.0,0.0,5.0,12.0,1.0,12.17,5.0200000000000005,2.51,1.49,0.0,0.0,0.0,0.5,0.0,-0.2,0.1,-0.6000000000000001,-169.70000000000002,0.0,0.0,169.8,0.0,21.3,29.200000000000003,29.200000000000003,29.700000000000003,300.0,300.0,31.8,35.7,29.1,28.3,30.200000000000003,4.96,2.0,4.96,0.16,0.0,0.0,1027.0,8228.0,0.0,0.0,0.0,0.0,0.0,1.0,0.0,0.0,0.0,0.0,0.0,-0.3,0.0,0.5,0.0,0.0001,16.0,25903.0
2026-07-30T19:01:45.573Z,275.056,275.07,0.0,7.4,0.0,0.0,0.0,0.0,0.0,0.0,0.0,0.0,1.0,0.0,0.0,0.0,9.0,4.0,0.0,0.0,0.0,0.0,0.0,0.0,0.0,0.0,6.0,12.0,1.0,12.17,5.0200000000000005,2.51,1.49,0.0,0.0,0.0,0.5,0.0,0.3,0.7000000000000001,-0.6000000000000001,-169.70000000000002,0.0,0.0,169.8,0.0,21.3,29.200000000000003,29.200000000000003,29.700000000000003,300.0,300.0,31.8,35.7,29.1,28.3,30.200000000000003,4.96,1.99,4.96,0.16,0.0,0.0,1027.0,8228.0,0.0,0.0,0.0,0.0,0.0,1.0,0.0,0.0,0.0,0.0,0.0,0.3,0.0,0.7000000000000001,0.0,0.0001,16.0,25903.0
2026-07-30T19:01:45.586Z,275.069,275.082,0.0,7.4,0.0,0.0,0.0,0.0,0.0,0.0,0.0,0.0,1.0,0.0,0.0,0.0,9.0,4.0,0.0,0.0,0.0,0.0,0.0,0.0,0.0,0.0,1.0,12.0,1.0,12.18,5.01,2.51,1.49,0.0,0.1,0.0,0.4,0.0,0.3,0.1,0.0,-169.70000000000002,0.0,0.0,169.8,0.0,21.3,29.200000000000003,29.200000000000003,29.700000000000003,300.0,300.0,31.8,35.6,29.1,28.3,30.200000000000003,4.95,1.99,4.96,0.16,0.0,0.0,1027.0,8228.0,0.0,0.0,0.0,0.0,0.0,1.0,0.0,0.0,0.0,0.0,0.0,0.1,0.0,0.0,0.0,0.0,16.0,25903.0
2026-07-30T19:01:45.597Z,275.08,275.094,0.0,7.4,0.0,0.0,0.0,0.0,0.0,0.0,0.0,0.0,1.0,0.0,0.0,0.0,9.0,4.0,0.0,0.0,0.0,0.0,0.0,0.0,0.0,0.0,3.0,12.0,1.0,12.18,5.01,2.51,1.49,0.0,0.0,0.0,0.4,0.0,0.4,-0.9,0.5,-169.70000000000002,0.0,0.0,169.8,0.0,21.3,29.200000000000003,29.200000000000003,29.700000000000003,300.0,300.0,31.8,35.6,29.1,28.3,30.200000000000003,4.95,1.99,4.97,0.16,0.0,0.0,1027.0,8228.0,0.0,0.0,0.0,0.0,0.0,1.0,0.0,0.0,0.0,0.0,0.0,-0.6000000000000001,0.0,-0.7000000000000001,0.0,0.0,16.0,25903.0
2026-07-30T19:01:45.608Z,275.091,275.106,0.0,7.4,0.0,0.0,0.0,0.0,0.0,0.0,0.0,0.0,1.0,0.0,0.0,0.0,9.0,4.0,0.0,0.0,0.0,0.0,0.0,0.0,0.0,0.0,4.0,12.0,1.0,12.18,5.01,2.51,1.49,0.0,0.0,0.0,0.4,0.0,0.4,-0.3,1.1,-169.70000000000002,0.0,0.0,169.8,0.0,21.3,29.200000000000003,29.200000000000003,29.700000000000003,300.0,300.0,31.8,35.6,29.1,28.3,30.200000000000003,4.96,2.0,4.96,0.16,0.0,0.0,1027.0,8228.0,0.0,0.0,0.0,0.0,0.0,1.0,0.0,0.0,0.0,0.0,0.0,0.4,0.0,-1.0,0.0,0.0001,16.0,25903.0
2026-07-30T19:01:45.620Z,275.103,275.118,0.0,7.4,0.0,0.0,0.0,0.0,0.0,0.0,0.0,0.0,1.0,0.0,0.0,0.0,9.0,4.0,0.0,0.0,0.0,0.0,0.0,0.0,0.0,0.0,5.0,12.0,1.0,12.18,5.01,2.51,1.49,0.0,0.0,0.0,0.4,0.0,0.3,0.7000000000000001,-1.1,-169.70000000000002,0.0,0.0,169.8,0.0,21.3,29.200000000000003,29.200000000000003,29.700000000000003,300.0,300.0,31.8,35.6,29.1,28.3,30.200000000000003,4.96,1.99,4.97,0.16,0.0,0.0,1027.0,8228.0,0.0,0.0,0.0,0.0,0.0,1.0,0.0,0.0,0.0,0.0,0.0,0.0,0.0,1.2000000000000002,0.0,0.0001,16.0,25903.0
2026-07-30T19:01:45.632Z,275.115,275.13,0.0,7.4,0.0,0.0,0.0,0.0,0.0,0.0,0.0,0.0,1.0,0.0,0.0,0.0,9.0,4.0,0.0,0.0,0.0,0.0,0.0,0.0,0.0,0.0,6.0,12.0,1.0,12.18,5.01,2.51,1.49,0.0,0.0,0.0,0.4,0.0,0.9,1.3,-0.6000000000000001,-169.70000000000002,0.0,0.0,169.70000000000002,0.0,21.3,29.200000000000003,29.200000000000003,29.700000000000003,300.0,300.0,31.8,35.6,29.1,28.3,30.200000000000003,4.95,1.99,4.97,0.16,0.0,0.0,1027.0,8228.0,0.0,0.0,0.0,0.0,0.0,1.0,0.0,0.0,0.0,0.0,0.0,1.1,0.0,0.8,0.0,0.0,16.0,25903.0
2026-07-30T19:01:45.644Z,275.127,275.142,0.0,7.4,0.0,0.0,0.0,0.0,0.0,0.0,0.0,0.0,1.0,0.0,0.0,0.0,9.0,4.0,0.0,0.0,0.0,0.0,0.0,0.0,0.0,0.0,1.0,12.0,1.0,12.18,5.01,2.51,1.49,0.0,0.0,0.0,0.4,0.0,-0.2,0.1,1.6,-169.70000000000002,0.0,0.0,169.70000000000002,0.0,21.3,29.200000000000003,29.200000000000003,29.700000000000003,300.0,300.0,31.8,35.6,29.1,28.3,30.200000000000003,4.96,1.99,4.96,0.16,0.0,0.0,1027.0,8228.0,0.0,0.0,0.0,0.0,0.0,1.0,0.0,0.0,0.0,0.0,0.0,1.4,0.0,0.3,0.0,0.0001,16.0,25903.0
2026-07-30T19:01:45.657Z,275.14,275.154,0.0,7.4,0.0,0.0,0.0,0.0,0.0,0.0,0.0,0.0,1.0,0.0,0.0,0.0,9.0,4.0,0.0,0.0,0.0,0.0,0.0,0.0,0.0,0.0,2.0,12.0,1.0,12.18,5.01,2.51,1.49,0.0,0.0,0.0,0.4,0.0,0.2,-0.4,1.1,-169.70000000000002,0.0,0.0,169.70000000000002,0.0,21.3,29.200000000000003,29.200000000000003,29.700000000000003,300.0,300.0,31.8,35.6,29.1,28.3,30.200000000000003,4.95,1.99,4.96,0.16,0.0,0.0,1027.0,8228.0,0.0,0.0,0.0,0.0,0.0,1.0,0.0,0.0,0.0,0.0,0.0,0.1,0.0,0.0,0.0,0.0,16.0,25903.0
2026-07-30T19:01:45.669Z,275.152,275.166,0.0,7.4,0.0,0.0,0.0,0.0,0.0,0.0,0.0,0.0,1.0,0.0,0.0,0.0,9.0,4.0,0.0,0.0,0.0,0.0,0.0,0.0,0.0,0.0,2.0,12.0,1.0,12.18,5.01,2.51,1.49,0.0,0.1,0.0,0.4,0.0,0.8,1.3,1.1,-169.70000000000002,0.0,0.0,169.70000000000002,0.0,21.3,29.200000000000003,29.200000000000003,29.700000000000003,300.0,300.0,31.8,35.6,29.1,28.3,30.200000000000003,4.95,1.99,4.97,0.16,0.0,0.0,1027.0,8228.0,0.0,0.0,0.0,0.0,0.0,1.0,0.0,0.0,0.0,0.0,0.0,0.1,0.0,0.0,0.0,0.0001,16.0,25903.0
2026-07-30T19:01:45.681Z,275.164,275.178,0.0,7.4,0.0,0.0,0.0,0.0,0.0,0.0,0.0,0.0,1.0,0.0,0.0,0.0,9.0,4.0,0.0,0.0,0.0,0.0,0.0,0.0,0.0,0.0,3.0,12.0,1.0,12.18,5.01,2.51,1.49,0.0,0.0,0.0,0.4,0.0,-0.3,1.2000000000000002,-0.6000000000000001,-169.70000000000002,0.0,0.0,169.70000000000002,0.0,21.3,29.200000000000003,29.200000000000003,29.700000000000003,300.0,300.0,31.8,35.6,29.1,28.3,30.200000000000003,4.95,2.0,4.97,0.16,0.0,0.0,1027.0,8228.0,0.0,0.0,0.0,0.0,0.0,1.0,0.0,0.0,0.0,0.0,0.0,2.9000000000000004,0.0,-0.6000000000000001,0.0,0.0001,16.0,25903.0
2026-07-30T19:01:45.692Z,275.175,275.19,0.0,7.4,0.0,0.0,0.0,0.0,0.0,0.0,0.0,0.0,1.0,0.0,0.0,0.0,9.0,4.0,0.0,0.0,0.0,0.0,0.0,0.0,0.0,0.0,4.0,12.0,1.0,12.18,5.01,2.51,1.49,0.0,0.0,0.0,0.4,0.0,-0.3,0.1,-0.6000000000000001,-169.70000000000002,0.0,0.0,169.70000000000002,0.0,21.8,29.200000000000003,29.200000000000003,29.700000000000003,300.0,300.0,31.6,35.7,29.1,28.3,30.200000000000003,4.96,2.0,4.96,0.16,0.0,0.0,1027.0,8228.0,0.0,0.0,0.0,0.0,0.0,1.0,0.0,0.0,0.0,0.0,0.0,-0.3,0.0,0.5,0.0,0.0,16.0,25903.0
2026-07-30T19:01:45.705Z,275.188,275.202,0.0,7.4,0.0,0.0,0.0,0.0,0.0,0.0,0.0,0.0,1.0,0.0,0.0,0.0,9.0,4.0,0.0,0.0,0.0,0.0,0.0,0.0,0.0,0.0,4.0,12.0,1.0,12.18,5.01,2.51,1.49,0.0,0.0,0.0,0.4,0.0,-0.2,0.1,0.0,-169.70000000000002,0.0,0.0,169.70000000000002,0.0,21.8,29.200000000000003,29.200000000000003,29.700000000000003,300.0,300.0,31.6,35.7,29.1,28.3,30.200000000000003,4.95,1.99,4.97,0.16,0.0,0.0,1027.0,8228.0,0.0,0.0,0.0,0.0,0.0,1.0,0.0,0.0,0.0,0.0,0.0,0.1,0.0,0.0,0.0,0.0001,16.0,25903.0
2026-07-30T19:01:45.716Z,275.199,275.214,0.0,7.4,0.0,0.0,0.0,0.0,0.0,0.0,0.0,0.0,1.0,0.0,0.0,0.0,9.0,4.0,0.0,0.0,0.0,0.0,0.0,0.0,0.0,0.0,5.0,12.0,1.0,12.18,5.01,2.51,1.49,0.0,0.0,0.0,0.4,0.0,-0.9,1.8,0.0,-169.70000000000002,0.0,0.0,169.70000000000002,0.0,21.8,29.200000000000003,29.200000000000003,29.700000000000003,300.0,300.0,31.6,35.7,29.1,28.3,30.200000000000003,4.95,1.99,4.97,0.16,0.0,0.0,1027.0,8228.0,0.0,0.0,0.0,0.0,0.0,1.0,0.0,0.0,0.0,0.0,0.0,2.1,0.0,0.3,0.0,0.0,16.0,25903.0
2026-07-30T19:01:45.728Z,275.211,275.226,0.0,7.4,0.0,0.0,0.0,0.0,0.0,0.0,0.0,0.0,1.0,0.0,0.0,0.0,9.0,4.0,0.0,0.0,0.0,0.0,0.0,0.0,0.0,0.0,6.0,12.0,1.0,12.18,5.01,2.51,1.49,0.0,0.0,0.0,0.4,0.0,0.2,1.3,-0.5,-169.70000000000002,0.0,0.0,169.70000000000002,0.0,21.8,29.200000000000003,29.200000000000003,29.700000000000003,300.0,300.0,31.6,35.7,29.1,28.3,30.200000000000003,4.96,2.0,4.97,0.16,0.0,0.0,1027.0,8228.0,0.0,0.0,0.0,0.0,0.0,1.0,0.0,0.0,0.0,0.0,0.0,1.0,0.0,0.7000000000000001,0.0,0.0001,16.0,25903.0
2026-07-30T19:01:45.740Z,275.223,275.238,0.0,7.4,0.0,0.0,0.0,0.0,0.0,0.0,0.0,0.0,1.0,0.0,0.0,0.0,9.0,4.0,0.0,0.0,0.0,0.0,0.0,0.0,0.0,0.0,1.0,12.0,1.0,12.18,5.01,2.51,1.49,0.0,0.0,0.0,0.4,0.0,0.8,0.1,0.5,-169.70000000000002,0.0,0.0,169.70000000000002,0.0,21.8,29.200000000000003,29.200000000000003,29.700000000000003,300.0,300.0,31.6,35.7,29.1,28.3,30.200000000000003,4.95,2.0,4.96,0.16,0.0,0.0,1027.0,8228.0,0.0,0.0,0.0,0.0,0.0,1.0,0.0,0.0,0.0,0.0,0.0,0.6000000000000001,0.0,-0.4,0.0,0.0001,16.0,25903.0
2026-07-30T19:01:45.760Z,275.243,275.25,0.0,7.4,0.0,0.0,0.0,0.0,0.0,0.0,0.0,0.0,1.0,0.0,0.0,0.0,9.0,4.0,0.0,0.0,0.0,0.0,0.0,0.0,0.0,0.0,2.0,12.0,1.0,12.18,5.01,2.51,1.49,0.0,0.1,0.0,0.5,0.0,-0.9,0.1,-0.6000000000000001,-169.70000000000002,0.0,0.0,169.60000000000002,0.0,21.8,29.200000000000003,29.200000000000003,29.700000000000003,300.0,300.0,31.6,35.7,29.1,28.3,30.200000000000003,4.96,1.99,4.97,0.16,0.0,0.0,1027.0,8228.0,0.0,0.0,0.0,0.0,0.0,1.0,0.0,0.0,0.0,0.0,0.0,-0.3,0.0,0.5,0.0,0.0,16.0,25903.0
2026-07-30T19:01:45.764Z,275.247,275.262,0.0,7.4,0.0,0.0,0.0,0.0,0.0,0.0,0.0,0.0,1.0,0.0,0.0,0.0,9.0,4.0,0.0,0.0,0.0,0.0,0.0,0.0,0.0,0.0,4.0,12.0,1.0,12.18,5.01,2.51,1.49,0.0,0.0,0.0,0.4,0.0,0.2,-0.4,-0.6000000000000001,-169.70000000000002,0.0,0.0,169.70000000000002,0.0,21.8,29.200000000000003,29.200000000000003,29.700000000000003,300.0,300.0,31.6,35.7,29.1,28.3,30.200000000000003,4.96,1.99,4.96,0.16,0.0,0.0,1027.0,8228.0,0.0,0.0,0.0,0.0,0.0,1.0,0.0,0.0,0.0,0.0,0.0,-0.9,0.0,0.4,0.0,0.0,16.0,25903.0
2026-07-30T19:01:45.776Z,275.259,275.274,0.0,7.4,0.0,0.0,0.0,0.0,0.0,0.0,0.0,0.0,1.0,0.0,0.0,0.0,9.0,4.0,0.0,0.0,0.0,0.0,0.0,0.0,0.0,0.0,5.0,12.0,1.0,12.18,5.01,2.51,1.49,0.0,0.1,0.0,0.4,0.0,-1.4,0.7000000000000001,-0.6000000000000001,-169.70000000000002,0.0,0.0,169.70000000000002,0.0,21.8,29.200000000000003,29.200000000000003,29.700000000000003,300.0,300.0,31.6,35.7,29.1,28.3,30.200000000000003,4.96,1.99,4.96,0.16,0.0,0.0,1027.0,8228.0,0.0,0.0,0.0,0.0,0.0,1.0,0.0,0.0,0.0,0.0,0.0,0.4,0.0,0.7000000000000001,0.0,0.0,16.0,25903.0
2026-07-30T19:01:45.789Z,275.272,275.286,0.0,7.4,0.0,0.0,0.0,0.0,0.0,0.0,0.0,0.0,1.0,0.0,0.0,0.0,9.0,4.0,0.0,0.0,0.0,0.0,0.0,0.0,0.0,0.0,6.0,12.0,1.0,12.19,5.01,2.5,1.49,0.0,0.0,0.0,0.4,0.0,0.2,0.2,2.3000000000000003,-169.70000000000002,0.0,0.0,169.70000000000002,0.0,21.4,29.200000000000003,29.200000000000003,29.700000000000003,300.0,300.0,31.6,35.7,29.1,28.3,30.200000000000003,4.95,1.99,4.97,0.16,0.0,0.0,1027.0,8228.0,0.0,0.0,0.0,0.0,0.0,1.0,0.0,0.0,0.0,0.0,0.0,2.0,0.0,-2.0,0.0,0.0001,16.0,25903.0
2026-07-30T19:01:45.800Z,275.283,275.298,0.0,7.4,0.0,0.0,0.0,0.0,0.0,0.0,0.0,0.0,1.0,0.0,0.0,0.0,9.0,4.0,0.0,0.0,0.0,0.0,0.0,0.0,0.0,0.0,1.0,12.0,1.0,12.19,5.01,2.5,1.49,0.0,0.0,0.0,0.4,0.0,-0.2,-0.3,0.0,-169.70000000000002,0.0,0.0,169.8,0.0,21.4,29.200000000000003,29.200000000000003,29.700000000000003,300.0,300.0,31.6,35.7,29.1,28.3,30.200000000000003,4.95,1.99,4.97,0.16,0.0,0.0,1027.0,8228.0,0.0,0.0,0.0,0.0,0.0,1.0,0.0,0.0,0.0,0.0,0.0,-0.3,0.0,0.0,0.0,0.0,16.0,25903.0
2026-07-30T19:01:45.813Z,275.296,275.31,0.0,7.4,0.0,0.0,0.0,0.0,0.0,0.0,0.0,0.0,1.0,0.0,0.0,0.0,9.0,4.0,0.0,0.0,0.0,0.0,0.0,0.0,0.0,0.0,2.0,12.0,1.0,12.19,5.01,2.5,1.49,0.0,0.0,0.0,0.4,0.0,0.8,0.8,-1.1,-169.70000000000002,0.0,0.0,169.60000000000002,0.0,21.4,29.200000000000003,29.200000000000003,29.700000000000003,300.0,300.0,31.6,35.7,29.1,28.3,30.200000000000003,4.95,1.99,4.97,0.16,0.0,0.0,1027.0,8228.0,0.0,0.0,0.0,0.0,0.0,1.0,0.0,0.0,0.0,0.0,0.0,0.0,0.0,1.2000000000000002,0.0,0.0001,16.0,25903.0
2026-07-30T19:01:45.825Z,275.308,275.322,0.0,7.4,0.0,0.0,0.0,0.0,0.0,0.0,0.0,0.0,1.0,0.0,0.0,0.0,9.0,4.0,0.0,0.0,0.0,0.0,0.0,0.0,0.0,0.0,2.0,12.0,1.0,12.19,5.01,2.5,1.49,0.0,0.0,0.0,0.4,0.0,-0.3,0.2,0.5,-169.70000000000002,0.0,0.0,169.60000000000002,0.0,21.4,29.200000000000003,29.200000000000003,29.700000000000003,300.0,300.0,31.6,35.7,29.1,28.3,30.200000000000003,4.96,1.99,4.97,0.16,0.0,0.0,1027.0,8228.0,0.0,0.0,0.0,0.0,0.0,1.0,0.0,0.0,0.0,0.0,0.0,0.6000000000000001,0.0,-0.4,0.0,0.0001,16.0,25903.0
2026-07-30T19:01:45.836Z,275.319,275.334,0.0,7.4,0.0,0.0,0.0,0.0,0.0,0.0,0.0,0.0,1.0,0.0,0.0,0.0,9.0,4.0,0.0,0.0,0.0,0.0,0.0,0.0,0.0,0.0,3.0,12.0,1.0,12.19,5.01,2.5,1.49,0.0,0.0,0.0,0.4,0.0,0.2,0.8,0.0,-169.60000000000002,0.0,0.0,169.60000000000002,0.0,21.4,29.200000000000003,29.200000000000003,29.700000000000003,300.0,300.0,31.6,35.7,29.1,28.3,30.200000000000003,4.95,1.99,4.97,0.16,0.0,0.0,1027.0,8228.0,0.0,0.0,0.0,0.0,0.0,1.0,0.0,0.0,0.0,0.0,0.0,0.9,0.0,0.2,0.0,0.0,16.0,25903.0
2026-07-30T19:01:45.849Z,275.332,275.346,0.0,7.4,0.0,0.0,0.0,0.0,0.0,0.0,0.0,0.0,1.0,0.0,0.0,0.0,9.0,4.0,0.0,0.0,0.0,0.0,0.0,0.0,0.0,0.0,4.0,12.0,1.0,12.19,5.01,2.5,1.49,0.0,0.0,0.0,0.4,0.0,0.8,-0.3,2.2,-169.60000000000002,0.0,0.0,169.60000000000002,0.0,21.4,29.200000000000003,29.200000000000003,29.700000000000003,300.0,300.0,31.6,35.7,29.1,28.3,30.200000000000003,4.96,1.99,4.96,0.16,0.0,0.0,1027.0,8228.0,0.0,0.0,0.0,0.0,0.0,1.0,0.0,0.0,0.0,0.0,0.0,1.2000000000000002,0.0,-2.0,0.0,0.0,16.0,25903.0
2026-07-30T19:01:45.860Z,275.343,275.358,0.0,7.4,0.0,0.0,0.0,0.0,0.0,0.0,0.0,0.0,1.0,0.0,0.0,0.0,9.0,4.0,0.0,0.0,0.0,0.0,0.0,0.0,0.0,0.0,5.0,12.0,1.0,12.19,5.01,2.5,1.49,0.0,0.0,0.0,0.4,0.0,0.2,0.8,1.0,-169.60000000000002,0.0,0.0,169.70000000000002,0.0,21.4,29.200000000000003,29.200000000000003,29.700000000000003,300.0,300.0,31.6,35.7,29.1,28.3,30.200000000000003,4.96,1.99,4.97,0.16,0.0,0.0,1027.0,8228.0,0.0,0.0,0.0,0.0,0.0,1.0,0.0,0.0,0.0,0.0,0.0,1.7000000000000002,0.0,-0.7000000000000001,0.0,0.0001,16.0,25903.0
2026-07-30T19:01:45.873Z,275.356,275.37,0.0,7.4,0.0,0.0,0.0,0.0,0.0,0.0,0.0,0.0,1.0,0.0,0.0,0.0,9.0,4.0,0.0,0.0,0.0,0.0,0.0,0.0,0.0,0.0,6.0,12.0,1.0,12.19,5.01,2.5,1.49,0.0,0.0,0.0,0.4,0.0,-0.8,-0.3,-1.2000000000000002,-169.60000000000002,0.0,0.0,169.70000000000002,0.0,21.4,29.200000000000003,29.200000000000003,29.700000000000003,300.0,300.0,31.6,35.7,29.1,28.3,30.200000000000003,4.95,1.99,4.97,0.16,0.0,0.0,1027.0,8228.0,0.0,0.0,0.0,0.0,0.0,1.0,0.0,0.0,0.0,0.0,0.0,-1.3,0.0,1.0,0.0,0.0,16.0,25903.0
2026-07-30T19:01:45.885Z,275.368,275.382,0.0,7.4,0.0,0.0,0.0,0.0,0.0,0.0,0.0,0.0,1.0,0.0,0.0,0.0,9.0,4.0,0.0,0.0,0.0,0.0,0.0,0.0,0.0,0.0,1.0,12.0,1.0,12.19,5.01,2.5,1.49,0.0,0.1,0.0,0.4,0.0,0.9,-0.9,-0.6000000000000001,-169.60000000000002,0.0,0.0,169.60000000000002,0.0,21.4,29.200000000000003,29.200000000000003,29.700000000000003,300.0,300.0,31.6,35.7,29.1,28.3,30.200000000000003,4.96,1.99,4.96,0.16,0.0,0.0,1027.0,8228.0,0.0,0.0,0.0,0.0,0.0,1.0,0.0,0.0,0.0,0.0,0.0,-1.5,0.0,0.4,0.0,0.0,16.0,25903.0
2026-07-30T19:01:45.896Z,275.379,275.394,0.0,7.4,0.0,0.0,0.0,0.0,0.0,0.0,0.0,0.0,1.0,0.0,0.0,0.0,9.0,4.0,0.0,0.0,0.0,0.0,0.0,0.0,0.0,0.0,3.0,12.0,1.0,12.15,5.01,2.51,1.49,0.0,0.0,0.0,0.4,0.0,0.3,-0.9,0.4,-169.60000000000002,0.0,0.0,169.60000000000002,0.0,21.700000000000003,29.200000000000003,29.200000000000003,29.700000000000003,300.0,300.0,31.6,35.7,29.1,28.3,30.200000000000003,4.95,1.99,4.96,0.16,0.0,0.0,1027.0,8228.0,0.0,0.0,0.0,0.0,0.0,1.0,0.0,0.0,0.0,0.0,0.0,-0.6000000000000001,0.0,-0.6000000000000001,0.0,0.0,16.0,25903.0
2026-07-30T19:01:45.908Z,275.391,275.406,0.0,7.4,0.0,0.0,0.0,0.0,0.0,0.0,0.0,0.0,1.0,0.0,0.0,0.0,9.0,4.0,0.0,0.0,0.0,0.0,0.0,0.0,0.0,0.0,4.0,12.0,1.0,12.15,5.01,2.51,1.49,0.0,0.0,0.0,0.4,0.0,-0.2,0.2,-0.6000000000000001,-169.60000000000002,0.0,0.0,169.70000000000002,0.0,21.700000000000003,29.200000000000003,29.200000000000003,29.700000000000003,300.0,300.0,31.6,35.7,29.1,28.3,30.200000000000003,4.95,1.99,4.97,0.16,0.0,0.0,1027.0,8228.0,0.0,0.0,0.0,0.0,0.0,1.0,0.0,0.0,0.0,0.0,0.0,-0.2,0.0,0.6000000000000001,0.0,0.0,16.0,25903.0
2026-07-30T19:01:45.920Z,275.403,275.418,0.0,7.4,0.0,0.0,0.0,0.0,0.0,0.0,0.0,0.0,1.0,0.0,0.0,0.0,9.0,4.0,0.0,0.0,0.0,0.0,0.0,0.0,0.0,0.0,5.0,12.0,1.0,12.15,5.01,2.51,1.49,0.0,0.0,0.0,0.4,0.0,-0.2,0.2,0.5,-169.60000000000002,0.0,0.0,169.60000000000002,0.0,21.700000000000003,29.200000000000003,29.200000000000003,29.700000000000003,300.0,300.0,31.6,35.7,29.1,28.3,30.200000000000003,4.96,1.99,4.97,0.16,0.0,0.0,1027.0,8228.0,0.0,0.0,0.0,0.0,0.0,1.0,0.0,0.0,0.0,0.0,0.0,0.6000000000000001,0.0,-0.3,0.0,0.0,16.0,25903.0
2026-07-30T19:01:45.933Z,275.416,275.43,0.0,7.4,0.0,0.0,0.0,0.0,0.0,0.0,0.0,0.0,1.0,0.0,0.0,0.0,9.0,4.0,0.0,0.0,0.0,0.0,0.0,0.0,0.0,0.0,6.0,12.0,1.0,12.15,5.01,2.51,1.49,0.0,0.0,0.0,0.4,0.0,0.8,-0.3,-2.4000000000000004,-169.60000000000002,0.0,0.0,169.70000000000002,0.0,21.700000000000003,29.200000000000003,29.200000000000003,29.700000000000003,300.0,300.0,31.6,35.7,29.1,28.3,30.200000000000003,4.96,1.99,4.96,0.16,0.0,0.0,1027.0,8228.0,0.0,0.0,0.0,0.0,0.0,1.0,0.0,0.0,0.0,0.0,0.0,-2.2,0.0,2.0,0.0,0.0,16.0,25903.0
2026-07-30T19:01:45.945Z,275.428,275.442,0.0,7.4,0.0,0.0,0.0,0.0,0.0,0.0,0.0,0.0,1.0,0.0,0.0,0.0,9.0,4.0,0.0,0.0,0.0,0.0,0.0,0.0,0.0,0.0,1.0,12.0,1.0,12.15,5.01,2.51,1.49,0.0,0.0,0.0,0.4,0.0,0.3,0.2,0.5,-169.60000000000002,0.0,0.0,169.60000000000002,0.0,21.700000000000003,29.200000000000003,29.200000000000003,29.700000000000003,300.0,300.0,31.6,35.7,29.1,28.3,30.200000000000003,4.95,1.99,4.97,0.16,0.0,0.0,1027.0,8228.0,0.0,0.0,0.0,0.0,0.0,1.0,0.0,0.0,0.0,0.0,0.0,0.6000000000000001,0.0,-0.4,0.0,0.0001,16.0,25903.0
2026-07-30T19:01:45.956Z,275.439,275.454,0.0,7.4,0.0,0.0,0.0,0.0,0.0,0.0,0.0,0.0,1.0,0.0,0.0,0.0,9.0,4.0,0.0,0.0,0.0,0.0,0.0,0.0,0.0,0.0,2.0,12.0,1.0,12.15,5.01,2.51,1.49,0.0,0.0,0.0,0.4,0.0,-0.2,0.2,1.1,-169.60000000000002,0.0,0.0,169.60000000000002,0.0,21.700000000000003,29.200000000000003,29.200000000000003,29.700000000000003,300.0,300.0,31.6,35.7,29.1,28.3,30.200000000000003,4.95,1.99,4.96,0.16,0.0,0.0,1027.0,8228.0,0.0,0.0,0.0,0.0,0.0,1.0,0.0,0.0,0.0,0.0,0.0,1.1,0.0,-0.9,0.0,0.0,16.0,25903.0
2026-07-30T19:01:45.968Z,275.451,275.466,0.0,7.4,0.0,0.0,0.0,0.0,0.0,0.0,0.0,0.0,1.0,0.0,0.0,0.0,9.0,4.0,0.0,0.0,0.0,0.0,0.0,0.0,0.0,0.0,4.0,12.0,1.0,12.15,5.01,2.51,1.49,0.0,0.0,0.0,0.4,0.0,-0.8,0.2,0.6000000000000001,-169.60000000000002,0.0,0.0,169.70000000000002,0.0,21.700000000000003,29.200000000000003,29.200000000000003,29.700000000000003,300.0,300.0,31.6,35.7,29.1,28.3,30.200000000000003,4.96,1.99,4.96,0.16,0.0,0.0,1027.0,8228.0,0.0,0.0,0.0,0.0,0.0,1.0,0.0,0.0,0.0,0.0,0.0,0.7000000000000001,0.0,-0.4,0.0,0.0,16.0,25903.0
2026-07-30T19:01:45.980Z,275.463,275.478,0.0,7.4,0.0,0.0,0.0,0.0,0.0,0.0,0.0,0.0,1.0,0.0,0.0,0.0,9.0,4.0,0.0,0.0,0.0,0.0,0.0,0.0,0.0,0.0,5.0,12.0,1.0,12.15,5.01,2.51,1.49,-0.1,0.0,0.0,0.4,0.0,1.5,0.1,0.6000000000000001,-169.60000000000002,0.0,0.0,169.70000000000002,0.0,21.700000000000003,29.200000000000003,29.200000000000003,29.700000000000003,300.0,300.0,31.6,35.7,29.1,28.3,30.200000000000003,4.95,1.99,4.97,0.16,0.0,0.0,1027.0,8228.0,0.0,0.0,0.0,0.0,0.0,1.0,0.0,0.0,0.0,0.0,0.0,0.6000000000000001,0.0,-0.4,0.0,0.0,16.0,25903.0
2026-07-30T19:01:45.993Z,275.476,275.49,0.0,7.4,0.0,0.0,0.0,0.0,0.0,0.0,0.0,0.0,1.0,0.0,0.0,0.0,9.0,4.0,0.0,0.0,0.0,0.0,0.0,0.0,0.0,0.0,5.0,12.0,1.0,12.17,5.0200000000000005,2.51,1.49,0.0,0.0,0.0,0.4,0.0,-0.2,0.1,-1.1,-169.60000000000002,0.0,0.0,169.60000000000002,0.0,21.3,29.200000000000003,29.200000000000003,29.700000000000003,300.0,300.0,31.6,35.6,29.1,28.3,30.200000000000003,4.95,1.99,4.97,0.16,0.0,0.0,1027.0,8228.0,0.0,0.0,0.0,0.0,0.0,1.0,0.0,0.0,0.0,0.0,0.0,-0.6000000000000001,0.0,1.0,0.0,0.0,16.0,25903.0
2026-07-30T19:01:46.004Z,275.487,275.502,0.0,7.4,0.0,0.0,0.0,0.0,0.0,0.0,0.0,0.0,1.0,0.0,0.0,0.0,9.0,4.0,0.0,0.0,0.0,0.0,0.0,0.0,0.0,0.0,3.0,12.0,1.0,12.17,5.0200000000000005,2.51,1.49,0.0,0.0,0.0,0.4,0.0,-0.2,0.1,1.1,-169.60000000000002,0.0,0.0,169.60000000000002,0.0,21.3,29.200000000000003,29.200000000000003,29.700000000000003,300.0,300.0,31.6,35.6,29.1,28.3,30.200000000000003,4.95,2.0,4.96,0.16,0.0,0.0,1027.0,8228.0,0.0,0.0,0.0,0.0,0.0,1.0,0.0,0.0,0.0,0.0,0.0,1.0,0.0,-1.0,0.0,0.0,16.0,25903.0
2026-07-30T19:01:46.016Z,275.499,275.514,0.0,7.4,0.0,0.0,0.0,0.0,0.0,0.0,0.0,0.0,1.0,0.0,0.0,0.0,9.0,4.0,0.0,0.0,0.0,0.0,0.0,0.0,0.0,0.0,4.0,12.0,1.0,12.17,5.0200000000000005,2.51,1.49,0.0,0.0,0.0,0.4,0.0,0.3,1.3,-0.5,-169.60000000000002,0.0,0.0,169.70000000000002,0.0,21.3,29.200000000000003,29.200000000000003,29.700000000000003,300.0,300.0,31.6,35.6,29.1,28.3,30.200000000000003,4.96,1.99,4.96,0.16,0.0,0.0,1027.0,8228.0,0.0,0.0,0.0,0.0,0.0,1.0,0.0,0.0,0.0,0.0,0.0,1.1,0.0,0.7000000000000001,0.0,0.0,16.0,25903.0
2026-07-30T19:01:46.028Z,275.511,275.526,0.0,7.4,0.0,0.0,0.0,0.0,0.0,0.0,0.0,0.0,1.0,0.0,0.0,0.0,9.0,4.0,0.0,0.0,0.0,0.0,0.0,0.0,0.0,0.0,5.0,12.0,1.0,12.17,5.0200000000000005,2.51,1.49,0.0,0.0,0.0,0.4,0.0,-0.1,0.7000000000000001,-0.5,-169.60000000000002,0.0,0.0,169.70000000000002,0.0,21.3,29.200000000000003,29.200000000000003,29.700000000000003,300.0,300.0,31.6,35.6,29.1,28.3,30.200000000000003,4.95,1.99,4.97,0.16,0.0,0.0,1027.0,8228.0,0.0,0.0,0.0,0.0,0.0,1.0,0.0,0.0,0.0,0.0,0.0,0.4,0.0,0.6000000000000001,0.0,0.0001,16.0,25903.0
2026-07-30T19:01:46.041Z,275.524,275.538,0.0,7.4,0.0,0.0,0.0,0.0,0.0,0.0,0.0,0.0,1.0,0.0,0.0,0.0,9.0,4.0,0.0,0.0,0.0,0.0,0.0,0.0,0.0,0.0,6.0,12.0,1.0,12.17,5.0200000000000005,2.51,1.49,0.0,0.0,0.0,0.4,0.0,0.9,0.1,0.6000000000000001,-169.60000000000002,0.0,0.0,169.70000000000002,0.0,21.3,29.200000000000003,29.200000000000003,29.700000000000003,300.0,300.0,31.6,35.6,29.1,28.3,30.200000000000003,4.96,1.99,4.96,0.16,0.0,0.0,1027.0,8228.0,0.0,0.0,0.0,0.0,0.0,1.0,0.0,0.0,0.0,0.0,0.0,0.6000000000000001,0.0,-0.5,0.0,0.0,16.0,25903.0
2026-07-30T19:01:46.052Z,275.535,275.55,0.0,7.4,0.0,0.0,0.0,0.0,0.0,0.0,0.0,0.0,1.0,0.0,0.0,0.0,9.0,4.0,0.0,0.0,0.0,0.0,0.0,0.0,0.0,0.0,2.0,12.0,1.0,12.17,5.0200000000000005,2.51,1.49,0.0,0.0,0.0,0.4,0.0,-0.2,0.1,-0.5,-169.60000000000002,0.0,0.0,169.60000000000002,0.0,21.3,29.200000000000003,29.200000000000003,29.700000000000003,300.0,300.0,31.6,35.6,29.1,28.3,30.200000000000003,4.96,2.0,4.96,0.16,0.0,0.0,1027.0,8228.0,0.0,0.0,0.0,0.0,0.0,1.0,0.0,0.0,0.0,0.0,0.0,-0.2,0.0,0.5,0.0,0.0,16.0,25903.0
2026-07-30T19:01:46.065Z,275.548,275.562,0.0,7.4,0.0,0.0,0.0,0.0,0.0,0.0,0.0,0.0,1.0,0.0,0.0,0.0,9.0,4.0,0.0,0.0,0.0,0.0,0.0,0.0,0.0,0.0,3.0,12.0,1.0,12.17,5.0200000000000005,2.51,1.49,0.0,0.0,0.0,0.4,0.0,-0.2,-0.4,-0.6000000000000001,-169.60000000000002,0.0,0.0,169.70000000000002,0.0,21.3,29.200000000000003,29.200000000000003,29.700000000000003,300.0,300.0,31.6,35.6,29.1,28.3,30.200000000000003,4.95,1.99,4.96,0.16,0.0,0.0,1027.0,8228.0,0.0,0.0,0.0,0.0,0.0,1.0,0.0,0.0,0.0,0.0,0.0,-0.9,0.0,0.4,0.0,0.0001,16.0,25903.0
2026-07-30T19:01:46.079Z,275.562,275.574,0.0,7.4,0.0,0.0,0.0,0.0,0.0,0.0,0.0,0.0,1.0,0.0,0.0,0.0,9.0,4.0,0.0,0.0,0.0,0.0,0.0,0.0,0.0,0.0,3.0,12.0,1.0,12.17,5.0200000000000005,2.51,1.49,0.0,0.0,0.0,0.4,0.0,0.3,-1.0,0.0,-169.60000000000002,0.0,0.0,169.60000000000002,0.0,21.3,29.200000000000003,29.200000000000003,29.700000000000003,300.0,300.0,31.6,35.6,29.1,28.3,30.200000000000003,4.95,1.99,4.97,0.16,0.0,0.0,1027.0,8228.0,0.0,0.0,0.0,0.0,0.0,1.0,0.0,0.0,0.0,0.0,0.0,-1.1,0.0,-0.2,0.0,0.0001,16.0,25903.0
2026-07-30T19:01:46.088Z,275.571,275.586,0.0,7.4,0.0,0.0,0.0,0.0,0.0,0.0,0.0,0.0,1.0,0.0,0.0,0.0,9.0,4.0,0.0,0.0,0.0,0.0,0.0,0.0,0.0,0.0,2.0,12.0,1.0,12.17,5.0200000000000005,2.51,1.49,0.0,0.0,0.0,0.4,0.0,0.3,-1.0,-1.2000000000000002,-169.60000000000002,0.0,0.0,169.70000000000002,0.0,21.3,29.200000000000003,29.200000000000003,29.700000000000003,300.0,300.0,31.6,35.6,29.1,28.3,30.200000000000003,4.96,2.0,4.96,0.16,0.0,0.0,1027.0,8228.0,0.0,0.0,0.0,0.0,0.0,1.0,0.0,0.0,0.0,0.0,0.0,-2.0,0.0,0.8,0.0,0.0001,16.0,25903.0
2026-07-30T19:01:46.101Z,275.584,275.598,0.0,7.4,0.0,0.0,0.0,0.0,0.0,0.0,0.0,0.0,1.0,0.0,0.0,0.0,9.0,4.0,0.0,0.0,0.0,0.0,0.0,0.0,0.0,0.0,3.0,12.0,1.0,12.11,5.01,2.51,1.49,0.0,0.0,0.0,0.4,0.0,0.3,-0.4,0.0,-169.60000000000002,0.0,0.0,169.70000000000002,0.0,21.4,29.200000000000003,29.200000000000003,29.700000000000003,300.0,300.0,31.700000000000003,35.7,29.1,28.3,30.1,4.96,1.99,4.97,0.16,0.0,0.0,1027.0,8228.0,0.0,0.0,0.0,0.0,0.0,1.0,0.0,0.0,0.0,0.0,0.0,-0.5,0.0,0.0,0.0,0.0001,16.0,25903.0
2026-07-30T19:01:46.112Z,275.595,275.61,0.0,7.4,0.0,0.0,0.0,0.0,0.0,0.0,0.0,0.0,1.0,0.0,0.0,0.0,9.0,4.0,0.0,0.0,0.0,0.0,0.0,0.0,0.0,0.0,4.0,12.0,1.0,12.11,5.01,2.51,1.49,0.0,0.0,0.0,0.4,0.0,0.9,0.1,0.0,-169.60000000000002,0.0,0.0,169.60000000000002,0.0,21.4,29.200000000000003,29.200000000000003,29.700000000000003,300.0,300.0,31.700000000000003,35.7,29.1,28.3,30.1,4.95,1.99,4.97,0.16,0.0,0.0,1027.0,8228.0,0.0,0.0,0.0,0.0,0.0,1.0,0.0,0.0,0.0,0.0,0.0,0.0,0.0,0.0,0.0,0.0,16.0,25903.0
2026-07-30T19:01:46.125Z,275.608,275.622,0.0,7.4,0.0,0.0,0.0,0.0,0.0,0.0,0.0,0.0,1.0,0.0,0.0,0.0,9.0,4.0,0.0,0.0,0.0,0.0,0.0,0.0,0.0,0.0,4.0,12.0,1.0,12.11,5.01,2.51,1.49,0.0,0.0,0.0,0.4,0.0,-0.2,-0.4,-0.1,-169.60000000000002,0.0,0.0,169.60000000000002,0.0,21.4,29.200000000000003,29.200000000000003,29.700000000000003,300.0,300.0,31.700000000000003,35.7,29.1,28.3,30.1,4.96,1.99,4.96,0.16,0.0,0.0,1027.0,8228.0,0.0,0.0,0.0,0.0,0.0,1.0,0.0,0.0,0.0,0.0,0.0,-0.5,0.0,0.0,0.0,0.0001,16.0,25903.0
2026-07-30T19:01:46.136Z,275.619,275.634,0.0,7.4,0.0,0.0,0.0,0.0,0.0,0.0,0.0,0.0,1.0,0.0,0.0,0.0,9.0,4.0,0.0,0.0,0.0,0.0,0.0,0.0,0.0,0.0,5.0,12.0,1.0,12.11,5.01,2.51,1.49,0.0,0.0,0.0,0.5,0.0,0.3,-0.4,-0.1,-169.60000000000002,0.0,0.0,169.60000000000002,0.0,21.4,29.200000000000003,29.200000000000003,29.700000000000003,300.0,300.0,31.700000000000003,35.7,29.1,28.3,30.1,4.95,1.99,4.97,0.16,0.0,0.0,1027.0,8228.0,0.0,0.0,0.0,0.0,0.0,1.0,0.0,0.0,0.0,0.0,0.0,-0.5,0.0,0.0,0.0,0.0,16.0,25903.0
2026-07-30T19:01:46.149Z,275.632,275.646,0.0,7.4,0.0,0.0,0.0,0.0,0.0,0.0,0.0,0.0,1.0,0.0,0.0,0.0,9.0,4.0,0.0,0.0,0.0,0.0,0.0,0.0,0.0,0.0,6.0,12.0,1.0,12.11,5.01,2.51,1.49,0.0,0.1,0.0,0.4,0.0,-0.8,-0.4,-1.2000000000000002,-169.60000000000002,0.0,0.0,169.60000000000002,0.0,21.4,29.200000000000003,29.200000000000003,29.700000000000003,300.0,300.0,31.700000000000003,35.7,29.1,28.3,30.1,4.95,1.99,4.97,0.16,0.0,0.0,1027.0,8228.0,0.0,0.0,0.0,0.0,0.0,1.0,0.0,0.0,0.0,0.0,0.0,-1.5,0.0,1.0,0.0,0.0,16.0,25903.0
2026-07-30T19:01:46.161Z,275.644,275.658,0.0,7.4,0.0,0.0,0.0,0.0,0.0,0.0,0.0,0.0,1.0,0.0,0.0,0.0,9.0,4.0,0.0,0.0,0.0,0.0,0.0,0.0,0.0,0.0,2.0,12.0,1.0,12.11,5.01,2.51,1.49,0.0,0.0,0.0,0.4,0.0,-0.2,-0.4,-0.1,-169.60000000000002,0.0,0.0,169.60000000000002,0.0,21.4,29.200000000000003,29.200000000000003,29.700000000000003,300.0,300.0,31.700000000000003,35.7,29.1,28.3,30.1,4.95,1.99,4.97,0.16,0.0,0.0,1027.0,8228.0,0.0,0.0,0.0,0.0,0.0,1.0,0.0,0.0,0.0,0.0,0.0,-0.6000000000000001,0.0,0.0,0.0,0.0,16.0,25903.0
2026-07-30T19:01:46.172Z,275.655,275.67,0.0,7.4,0.0,0.0,0.0,0.0,0.0,0.0,0.0,0.0,1.0,0.0,0.0,0.0,9.0,4.0,0.0,0.0,0.0,0.0,0.0,0.0,0.0,0.0,2.0,12.0,1.0,12.11,5.01,2.51,1.49,0.0,0.0,0.0,0.4,0.0,-0.2,-0.4,0.0,-169.60000000000002,0.0,0.0,169.60000000000002,0.0,21.4,29.200000000000003,29.200000000000003,29.700000000000003,300.0,300.0,31.700000000000003,35.7,29.1,28.3,30.1,4.96,1.99,4.96,0.16,0.0,0.0,1027.0,8228.0,0.0,0.0,0.0,0.0,0.0,1.0,0.0,0.0,0.0,0.0,0.0,0.5,0.0,-0.4,0.0,0.0,16.0,25903.0
2026-07-30T19:01:46.185Z,275.668,275.682,0.0,7.4,0.0,0.0,0.0,0.0,0.0,0.0,0.0,0.0,1.0,0.0,0.0,0.0,9.0,4.0,0.0,0.0,0.0,0.0,0.0,0.0,0.0,0.0,4.0,12.0,1.0,12.11,5.01,2.51,1.49,0.0,0.0,0.0,0.4,0.0,-0.9,-0.4,-0.6000000000000001,-169.60000000000002,0.0,0.0,169.70000000000002,0.0,21.4,29.200000000000003,29.200000000000003,29.700000000000003,300.0,300.0,31.700000000000003,35.7,29.1,28.3,30.1,4.95,1.99,4.97,0.16,0.0,0.0,1027.0,8228.0,0.0,0.0,0.0,0.0,0.0,1.0,0.0,0.0,0.0,0.0,0.0,-1.7000000000000002,0.0,0.3,0.0,0.0,16.0,25903.0
2026-07-30T19:01:46.198Z,275.681,275.694,0.0,7.4,0.0,0.0,0.0,0.0,0.0,0.0,0.0,0.0,1.0,0.0,0.0,0.0,9.0,4.0,0.0,0.0,0.0,0.0,0.0,0.0,0.0,0.0,5.0,12.0,1.0,12.18,5.01,2.51,1.49,0.0,0.0,0.0,0.5,0.0,0.2,0.7000000000000001,0.4,-169.60000000000002,0.0,0.0,169.8,0.0,21.200000000000003,29.200000000000003,29.200000000000003,29.700000000000003,300.0,300.0,31.6,35.7,29.1,28.3,30.200000000000003,4.95,1.99,4.96,0.16,0.0,0.0,1027.0,8228.0,0.0,0.0,0.0,0.0,0.0,1.0,0.0,0.0,0.0,0.0,0.0,-1.4,0.0,1.0,0.0,0.0001,16.0,25903.0
2026-07-30T19:01:46.209Z,275.692,275.706,0.0,7.4,0.0,0.0,0.0,0.0,0.0,0.0,0.0,0.0,1.0,0.0,0.0,0.0,9.0,4.0,0.0,0.0,0.0,0.0,0.0,0.0,0.0,0.0,6.0,12.0,1.0,12.18,5.01,2.51,1.49,0.0,0.0,0.0,0.5,0.0,-0.3,0.7000000000000001,0.5,-169.60000000000002,0.0,0.0,169.70000000000002,0.0,21.200000000000003,29.200000000000003,29.200000000000003,29.700000000000003,300.0,300.0,31.6,35.7,29.1,28.3,30.200000000000003,4.96,1.99,4.96,0.16,0.0,0.0,1027.0,8228.0,0.0,0.0,0.0,0.0,0.0,1.0,0.0,0.0,0.0,0.0,0.0,1.1,0.0,-0.3,0.0,0.0001,16.0,25903.0
2026-07-30T19:01:46.220Z,275.703,275.718,0.0,7.4,0.0,0.0,0.0,0.0,0.0,0.0,0.0,0.0,1.0,0.0,0.0,0.0,9.0,4.0,0.0,0.0,0.0,0.0,0.0,0.0,0.0,0.0,1.0,12.0,1.0,12.18,5.01,2.51,1.49,0.0,0.1,0.0,0.4,0.0,-0.3,0.1,1.0,-169.60000000000002,0.0,0.0,169.70000000000002,0.0,21.200000000000003,29.200000000000003,29.200000000000003,29.700000000000003,300.0,300.0,31.6,35.7,29.1,28.3,30.200000000000003,4.96,1.99,4.96,0.16,0.0,0.0,1027.0,8228.0,0.0,0.0,0.0,0.0,0.0,1.0,0.0,0.0,0.0,0.0,0.0,1.0,0.0,-0.9,0.0,0.0001,16.0,25903.0
2026-07-30T19:01:46.233Z,275.716,275.73,0.0,7.4,0.0,0.0,0.0,0.0,0.0,0.0,0.0,0.0,1.0,0.0,0.0,0.0,9.0,4.0,0.0,0.0,0.0,0.0,0.0,0.0,0.0,0.0,2.0,12.0,1.0,12.18,5.01,2.51,1.49,0.0,0.0,0.0,0.4,0.0,0.2,0.7000000000000001,0.0,-169.60000000000002,0.0,0.0,169.60000000000002,0.0,21.200000000000003,29.200000000000003,29.200000000000003,29.700000000000003,300.0,300.0,31.6,35.7,29.1,28.3,30.200000000000003,4.95,1.99,4.97,0.16,0.0,0.0,1027.0,8228.0,0.0,0.0,0.0,0.0,0.0,1.0,0.0,0.0,0.0,0.0,0.0,0.7000000000000001,0.0,0.2,0.0,0.0001,16.0,25903.0
2026-07-30T19:01:46.245Z,275.728,275.742,0.0,7.4,0.0,0.0,0.0,0.0,0.0,0.0,0.0,0.0,1.0,0.0,0.0,0.0,9.0,4.0,0.0,0.0,0.0,0.0,0.0,0.0,0.0,0.0,3.0,12.0,1.0,12.18,5.01,2.51,1.49,-0.1,0.0,0.0,0.4,0.0,0.2,-0.4,-1.2000000000000002,-169.60000000000002,0.0,0.0,169.70000000000002,0.0,21.200000000000003,29.200000000000003,29.200000000000003,29.700000000000003,300.0,300.0,31.6,35.7,29.1,28.3,30.200000000000003,4.95,1.99,4.96,0.16,0.0,0.0,1027.0,8228.0,0.0,0.0,0.0,0.0,0.0,1.0,0.0,0.0,0.0,0.0,0.0,-1.4,0.0,1.0,0.0,0.0001,16.0,25903.0
2026-07-30T19:01:46.257Z,275.74,275.754,0.0,7.4,0.0,0.0,0.0,0.0,0.0,0.0,0.0,0.0,1.0,0.0,0.0,0.0,9.0,4.0,0.0,0.0,0.0,0.0,0.0,0.0,0.0,0.0,4.0,12.0,1.0,12.18,5.01,2.51,1.49,0.0,0.1,0.0,0.4,0.0,-0.3,0.0,-1.2000000000000002,-169.60000000000002,0.0,0.0,169.60000000000002,0.0,21.200000000000003,29.200000000000003,29.200000000000003,29.700000000000003,300.0,300.0,31.6,35.7,29.1,28.3,30.200000000000003,4.95,1.99,4.96,0.16,0.0,0.0,1027.0,8228.0,0.0,0.0,0.0,0.0,0.0,1.0,0.0,0.0,0.0,0.0,0.0,-0.8,0.0,1.1,0.0,0.0,16.0,25903.0
2026-07-30T19:01:46.269Z,275.752,275.766,0.0,7.4,0.0,0.0,0.0,0.0,0.0,0.0,0.0,0.0,1.0,0.0,0.0,0.0,9.0,4.0,0.0,0.0,0.0,0.0,0.0,0.0,0.0,0.0,6.0,12.0,1.0,12.18,5.01,2.51,1.49,0.0,0.1,0.0,0.4,0.0,-0.3,-1.0,-0.7000000000000001,-169.60000000000002,0.0,0.0,169.70000000000002,0.0,21.200000000000003,29.200000000000003,29.200000000000003,29.700000000000003,300.0,300.0,31.6,35.7,29.1,28.3,30.200000000000003,4.95,1.99,4.97,0.16,0.0,0.0,1027.0,8228.0,0.0,0.0,0.0,0.0,0.0,1.0,0.0,0.0,0.0,0.0,0.0,-1.7000000000000002,0.0,0.4,0.0,0.0,16.0,25903.0
2026-07-30T19:01:46.280Z,275.763,275.778,0.0,7.4,0.0,0.0,0.0,0.0,0.0,0.0,0.0,0.0,1.0,0.0,0.0,0.0,9.0,4.0,0.0,0.0,0.0,0.0,0.0,0.0,0.0,0.0,1.0,12.0,1.0,12.18,5.01,2.51,1.49,0.0,0.0,0.0,0.4,0.0,-0.3,0.1,1.0,-169.60000000000002,0.0,0.0,169.70000000000002,0.0,21.200000000000003,29.200000000000003,29.200000000000003,29.700000000000003,300.0,300.0,31.6,35.7,29.1,28.3,30.200000000000003,4.96,1.99,4.96,0.16,0.0,0.0,1027.0,8228.0,0.0,0.0,0.0,0.0,0.0,1.0,0.0,0.0,0.0,0.0,0.0,0.9,0.0,-0.8,0.0,0.0001,16.0,25903.0
2026-07-30T19:01:46.292Z,275.775,275.79,0.0,7.4,0.0,0.0,0.0,0.0,0.0,0.0,0.0,0.0,1.0,0.0,0.0,0.0,9.0,4.0,0.0,0.0,0.0,0.0,0.0,0.0,0.0,0.0,3.0,12.0,1.0,12.18,5.01,2.51,1.49,0.0,0.0,0.0,0.4,0.0,-0.3,0.0,0.4,-169.60000000000002,0.0,0.0,169.70000000000002,0.0,21.200000000000003,29.200000000000003,29.200000000000003,29.700000000000003,300.0,300.0,31.6,35.7,29.1,28.3,30.200000000000003,4.96,1.99,4.96,0.16,0.0,0.0,1027.0,8228.0,0.0,0.0,0.0,0.0,0.0,1.0,0.0,0.0,0.0,0.0,0.0,0.4,0.0,-0.3,0.0,0.0,16.0,25903.0
2026-07-30T19:01:46.304Z,275.787,275.802,0.0,7.4,0.0,0.0,0.0,0.0,0.0,0.0,0.0,0.0,1.0,0.0,0.0,0.0,9.0,4.0,0.0,0.0,0.0,0.0,0.0,0.0,0.0,0.0,4.0,12.0,1.0,12.17,5.01,2.51,1.49,0.0,0.0,0.0,0.4,0.0,-0.3,-0.5,-1.2000000000000002,-169.60000000000002,0.0,0.0,169.70000000000002,0.0,21.700000000000003,29.200000000000003,29.200000000000003,29.700000000000003,300.0,300.0,31.700000000000003,35.6,29.1,28.3,30.200000000000003,4.96,1.99,4.96,0.16,0.0,0.0,1027.0,8228.0,0.0,0.0,0.0,0.0,0.0,1.0,0.0,0.0,0.0,0.0,0.0,-1.5,0.0,1.0,0.0,0.0,16.0,25903.0
2026-07-30T19:01:46.317Z,275.8,275.814,0.0,7.4,0.0,0.0,0.0,0.0,0.0,0.0,0.0,0.0,1.0,0.0,0.0,0.0,9.0,4.0,0.0,0.0,0.0,0.0,0.0,0.0,0.0,0.0,5.0,12.0,1.0,12.17,5.01,2.51,1.49,0.1,0.0,0.0,0.4,0.0,-0.3,-1.7000000000000002,-1.2000000000000002,-169.60000000000002,0.0,0.0,169.60000000000002,0.0,21.700000000000003,29.200000000000003,29.200000000000003,29.700000000000003,300.0,300.0,31.700000000000003,35.6,29.1,28.3,30.200000000000003,4.95,1.99,4.97,0.16,0.0,0.0,1027.0,8228.0,0.0,0.0,0.0,0.0,0.0,1.0,0.0,0.0,0.0,0.0,0.0,-2.8000000000000003,0.0,0.7000000000000001,0.0,0.0,16.0,25903.0
2026-07-30T19:01:46.328Z,275.811,275.826,0.0,7.4,0.0,0.0,0.0,0.0,0.0,0.0,0.0,0.0,1.0,0.0,0.0,0.0,9.0,4.0,0.0,0.0,0.0,0.0,0.0,0.0,0.0,0.0,6.0,12.0,1.0,12.17,5.01,2.51,1.49,0.0,0.1,0.0,0.4,0.0,0.7000000000000001,0.0,1.5,-169.60000000000002,0.0,0.0,169.60000000000002,0.0,21.700000000000003,29.200000000000003,29.200000000000003,29.700000000000003,300.0,300.0,31.700000000000003,35.6,29.1,28.3,30.200000000000003,4.96,1.99,4.96,0.16,0.0,0.0,1027.0,8228.0,0.0,0.0,0.0,0.0,0.0,1.0,0.0,0.0,0.0,0.0,0.0,1.2000000000000002,0.0,-1.3,0.0,0.0,16.0,25903.0
2026-07-30T19:01:46.340Z,275.823,275.838,0.0,7.4,0.0,0.0,0.0,0.0,0.0,0.0,0.0,0.0,1.0,0.0,0.0,0.0,9.0,4.0,0.0,0.0,0.0,0.0,0.0,0.0,0.0,0.0,2.0,12.0,1.0,12.17,5.01,2.51,1.49,0.0,0.0,0.0,0.4,0.0,0.1,0.6000000000000001,1.6,-169.60000000000002,0.0,0.0,169.60000000000002,0.0,21.700000000000003,29.200000000000003,29.200000000000003,29.700000000000003,300.0,300.0,31.700000000000003,35.6,29.1,28.3,30.200000000000003,4.96,1.99,4.97,0.16,0.0,0.0,1027.0,8228.0,0.0,0.0,0.0,0.0,0.0,1.0,0.0,0.0,0.0,0.0,0.0,1.9,0.0,-1.3,0.0,0.0,16.0,25903.0
2026-07-30T19:01:46.352Z,275.835,275.85,0.0,7.4,0.0,0.0,0.0,0.0,0.0,0.0,0.0,0.0,1.0,0.0,0.0,0.0,9.0,4.0,0.0,0.0,0.0,0.0,0.0,0.0,0.0,0.0,3.0,12.0,1.0,12.17,5.01,2.51,1.49,0.0,0.0,0.0,0.4,0.0,0.7000000000000001,0.0,-0.1,-169.60000000000002,0.0,0.0,169.60000000000002,0.0,21.700000000000003,29.200000000000003,29.200000000000003,29.700000000000003,300.0,300.0,31.700000000000003,35.6,29.1,28.3,30.200000000000003,4.95,1.99,4.97,0.16,0.0,0.0,1027.0,8228.0,0.0,0.0,0.0,0.0,0.0,1.0,0.0,0.0,0.0,0.0,0.0,-0.1,0.0,0.1,0.0,0.0,16.0,25903.0
2026-07-30T19:01:46.364Z,275.847,275.862,0.0,7.4,0.0,0.0,0.0,0.0,0.0,0.0,0.0,0.0,1.0,0.0,0.0,0.0,9.0,4.0,0.0,0.0,0.0,0.0,0.0,0.0,0.0,0.0,4.0,12.0,1.0,12.17,5.01,2.51,1.49,0.0,0.0,0.0,0.4,0.0,0.1,0.6000000000000001,0.4,-169.60000000000002,0.0,0.0,169.70000000000002,0.0,21.700000000000003,29.200000000000003,29.200000000000003,29.700000000000003,300.0,300.0,31.700000000000003,35.6,29.1,28.3,30.200000000000003,4.96,1.99,4.96,0.16,0.0,0.0,1027.0,8228.0,0.0,0.0,0.0,0.0,0.0,1.0,0.0,0.0,0.0,0.0,0.0,1.0,0.0,-0.2,0.0,0.0,16.0,25903.0
2026-07-30T19:01:46.376Z,275.859,275.874,0.0,7.4,0.0,0.0,0.0,0.0,0.0,0.0,0.0,0.0,1.0,0.0,0.0,0.0,9.0,4.0,0.0,0.0,0.0,0.0,0.0,0.0,0.0,0.0,6.0,12.0,1.0,12.17,5.01,2.51,1.49,0.0,0.0,0.0,0.4,0.0,0.7000000000000001,0.0,0.4,-169.60000000000002,0.0,0.0,169.8,0.0,21.700000000000003,29.200000000000003,29.200000000000003,29.700000000000003,300.0,300.0,31.700000000000003,35.6,29.1,28.3,30.200000000000003,4.96,2.0,4.96,0.16,0.0,0.0,1027.0,8228.0,0.0,0.0,0.0,0.0,0.0,1.0,0.0,0.0,0.0,0.0,0.0,0.3,0.0,-0.3,0.0,0.0,16.0,25903.0
2026-07-30T19:01:46.393Z,275.876,275.886,0.0,7.4,0.0,0.0,0.0,0.0,0.0,0.0,0.0,0.0,1.0,0.0,0.0,0.0,9.0,4.0,0.0,0.0,0.0,0.0,0.0,0.0,0.0,0.0,1.0,12.0,1.0,12.17,5.01,2.51,1.49,0.0,0.1,0.0,0.4,0.0,0.1,1.2000000000000002,0.4,-169.60000000000002,0.0,0.0,169.60000000000002,0.0,21.700000000000003,29.200000000000003,29.200000000000003,29.700000000000003,300.0,300.0,31.700000000000003,35.6,29.1,28.3,30.200000000000003,4.96,1.99,4.97,0.16,0.0,0.0,1027.0,8228.0,0.0,0.0,0.0,0.0,0.0,1.0,0.0,0.0,0.0,0.0,0.0,1.6,0.0,-0.1,0.0,0.0002,16.0,25903.0
2026-07-30T19:01:46.401Z,275.884,275.898,0.0,7.4,0.0,0.0,0.0,0.0,0.0,0.0,0.0,0.0,1.0,0.0,0.0,0.0,9.0,4.0,0.0,0.0,0.0,0.0,0.0,0.0,0.0,0.0,5.0,12.0,1.0,12.18,5.01,2.51,1.49,0.0,0.0,0.0,0.4,0.0,0.1,0.0,0.4,-169.60000000000002,0.0,0.0,169.60000000000002,0.0,21.8,29.200000000000003,29.200000000000003,29.700000000000003,300.0,300.0,31.6,35.6,29.1,28.3,30.200000000000003,4.96,2.0,4.97,0.16,0.0,0.0,1027.0,8228.0,0.0,0.0,0.0,0.0,0.0,1.0,0.0,0.0,0.0,0.0,0.0,0.3,0.0,-0.3,0.0,0.0001,16.0,25903.0
2026-07-30T19:01:46.412Z,275.895,275.91,0.0,7.4,0.0,0.0,0.0,0.0,0.0,0.0,0.0,0.0,1.0,0.0,0.0,0.0,9.0,4.0,0.0,0.0,0.0,0.0,0.0,0.0,0.0,0.0,5.0,12.0,1.0,12.18,5.01,2.51,1.49,0.0,0.0,0.0,0.4,0.0,0.2,-0.5,-0.1,-169.60000000000002,0.0,0.0,169.70000000000002,0.0,21.8,29.200000000000003,29.200000000000003,29.700000000000003,300.0,300.0,31.6,35.6,29.1,28.3,30.200000000000003,4.96,2.0,4.96,0.16,0.0,0.0,1027.0,8228.0,0.0,0.0,0.0,0.0,0.0,1.0,0.0,0.0,0.0,0.0,0.0,-0.6000000000000001,0.0,0.0,0.0,0.0,16.0,25903.0
2026-07-30T19:01:46.424Z,275.907,275.922,0.0,7.4,0.0,0.0,0.0,0.0,0.0,0.0,0.0,0.0,1.0,0.0,0.0,0.0,9.0,4.0,0.0,0.0,0.0,0.0,0.0,0.0,0.0,0.0,6.0,12.0,1.0,12.18,5.01,2.51,1.49,0.0,0.0,0.0,0.4,0.0,0.2,0.0,-0.7000000000000001,-169.60000000000002,0.0,0.0,169.60000000000002,0.0,21.8,29.200000000000003,29.200000000000003,29.700000000000003,300.0,300.0,31.6,35.6,29.1,28.3,30.200000000000003,4.96,1.99,4.97,0.16,0.0,0.0,1027.0,8228.0,0.0,0.0,0.0,0.0,0.0,1.0,0.0,0.0,0.0,0.0,0.0,-0.4,0.0,0.6000000000000001,0.0,0.0001,16.0,25903.0
2026-07-30T19:01:46.436Z,275.919,275.934,0.0,7.4,0.0,0.0,0.0,0.0,0.0,0.0,0.0,0.0,1.0,0.0,0.0,0.0,9.0,4.0,0.0,0.0,0.0,0.0,0.0,0.0,0.0,0.0,1.0,12.0,1.0,12.18,5.01,2.51,1.49,-0.1,0.1,0.0,0.4,0.0,0.1,1.7000000000000002,1.0,-169.60000000000002,0.0,0.0,169.70000000000002,0.0,21.8,29.200000000000003,29.200000000000003,29.700000000000003,300.0,300.0,31.6,35.6,29.1,28.3,30.200000000000003,4.96,1.99,4.97,0.16,0.0,0.0,1027.0,8228.0,0.0,0.0,0.0,0.0,0.0,1.0,0.0,0.0,0.0,0.0,0.0,2.8000000000000003,0.0,-0.5,0.0,0.0,16.0,25903.0
2026-07-30T19:01:46.449Z,275.932,275.946,0.0,7.4,0.0,0.0,0.0,0.0,0.0,0.0,0.0,0.0,1.0,0.0,0.0,0.0,9.0,4.0,0.0,0.0,0.0,0.0,0.0,0.0,0.0,0.0,2.0,12.0,1.0,12.18,5.01,2.51,1.49,0.0,0.0,0.0,0.4,0.0,0.1,0.6000000000000001,1.0,-169.60000000000002,0.0,0.0,169.60000000000002,0.0,21.8,29.200000000000003,29.200000000000003,29.700000000000003,300.0,300.0,31.6,35.6,29.1,28.3,30.200000000000003,4.96,1.99,4.97,0.16,0.0,0.0,1027.0,8228.0,0.0,0.0,0.0,0.0,0.0,1.0,0.0,0.0,0.0,0.0,0.0,1.5,0.0,-0.7000000000000001,0.0,0.0,16.0,25903.0
2026-07-30T19:01:46.460Z,275.943,275.958,0.0,7.4,0.0,0.0,0.0,0.0,0.0,0.0,0.0,0.0,1.0,0.0,0.0,0.0,9.0,4.0,0.0,0.0,0.0,0.0,0.0,0.0,0.0,0.0,4.0,12.0,1.0,12.18,5.01,2.51,1.49,0.0,0.1,0.0,0.4,0.0,-0.3,-0.5,-0.1,-169.60000000000002,0.0,0.0,169.60000000000002,0.0,21.8,29.200000000000003,29.200000000000003,29.700000000000003,300.0,300.0,31.6,35.6,29.1,28.3,30.200000000000003,4.95,1.99,4.96,0.16,0.0,0.0,1027.0,8228.0,0.0,0.0,0.0,0.0,0.0,1.0,0.0,0.0,0.0,0.0,0.0,-0.7000000000000001,0.0,0.0,0.0,0.0,16.0,25903.0
2026-07-30T19:01:46.473Z,275.956,275.97,0.0,7.4,0.0,0.0,0.0,0.0,0.0,0.0,0.0,0.0,1.0,0.0,0.0,0.0,9.0,4.0,0.0,0.0,0.0,0.0,0.0,0.0,0.0,0.0,4.0,12.0,1.0,12.18,5.01,2.51,1.49,0.0,0.0,0.0,0.4,0.0,0.2,-1.1,-0.1,-169.60000000000002,0.0,0.0,169.70000000000002,0.0,21.8,29.200000000000003,29.200000000000003,29.700000000000003,300.0,300.0,31.6,35.6,29.1,28.3,30.200000000000003,4.95,1.99,4.97,0.16,0.0,0.0,1027.0,8228.0,0.0,0.0,0.0,0.0,0.0,1.0,0.0,0.0,0.0,0.0,0.0,-1.3,0.0,-0.1,0.0,0.0,16.0,25903.0
2026-07-30T19:01:46.484Z,275.967,275.982,0.0,7.4,0.0,0.0,0.0,0.0,0.0,0.0,0.0,0.0,1.0,0.0,0.0,0.0,9.0,4.0,0.0,0.0,0.0,0.0,0.0,0.0,0.0,0.0,5.0,12.0,1.0,12.18,5.01,2.51,1.49,0.0,0.0,0.0,0.4,0.0,-0.3,0.0,0.0,-169.60000000000002,0.0,0.0,169.70000000000002,0.0,21.8,29.200000000000003,29.200000000000003,29.700000000000003,300.0,300.0,31.6,35.6,29.1,28.3,30.200000000000003,4.95,1.99,4.96,0.16,0.0,0.0,1027.0,8228.0,0.0,0.0,0.0,0.0,0.0,1.0,0.0,0.0,0.0,0.0,0.0,0.0,0.0,0.0,0.0,0.0,16.0,25903.0
2026-07-30T19:01:46.496Z,275.979,275.994,0.0,7.4,0.0,0.0,0.0,0.0,0.0,0.0,0.0,0.0,1.0,0.0,0.0,0.0,9.0,4.0,0.0,0.0,0.0,0.0,0.0,0.0,0.0,0.0,6.0,12.0,1.0,12.18,5.01,2.51,1.49,0.0,0.0,0.0,0.4,0.0,-0.3,-0.4,-0.6000000000000001,-169.60000000000002,0.0,0.0,169.70000000000002,0.0,21.8,29.200000000000003,29.200000000000003,29.700000000000003,300.0,300.0,31.6,35.6,29.1,28.3,30.200000000000003,4.96,1.99,4.96,0.16,0.0,0.0,1027.0,8228.0,0.0,0.0,0.0,0.0,0.0,1.0,0.0,0.0,0.0,0.0,0.0,-1.0,0.0,0.4,0.0,0.0,16.0,25903.0
2026-07-30T19:01:46.509Z,275.992,276.00600000000003,0.0,7.4,0.0,0.0,0.0,0.0,0.0,0.0,0.0,0.0,1.0,0.0,0.0,0.0,9.0,4.0,0.0,0.0,0.0,0.0,0.0,0.0,0.0,0.0,1.0,12.0,1.0,12.19,5.01,2.51,1.49,0.0,0.0,0.0,0.4,0.0,-0.3,1.3,0.0,-169.60000000000002,0.0,0.0,169.60000000000002,0.0,21.4,29.200000000000003,29.200000000000003,29.700000000000003,300.0,300.0,31.700000000000003,35.6,29.1,28.3,30.200000000000003,4.95,1.99,4.97,0.16,0.0,0.0,1027.0,8228.0,0.0,0.0,0.0,0.0,0.0,1.0,0.0,0.0,0.0,0.0,0.0,1.4,0.0,0.3,0.0,0.0,16.0,25903.0
2026-07-30T19:01:46.520Z,276.003,276.01800000000003,0.0,7.4,0.0,0.0,0.0,0.0,0.0,0.0,0.0,0.0,1.0,0.0,0.0,0.0,9.0,4.0,0.0,0.0,0.0,0.0,0.0,0.0,0.0,0.0,2.0,12.0,1.0,12.19,5.01,2.51,1.49,0.0,0.0,0.0,0.4,0.0,-0.8,-1.0,-0.6000000000000001,-169.60000000000002,0.0,0.0,169.60000000000002,0.0,21.4,29.200000000000003,29.200000000000003,29.700000000000003,300.0,300.0,31.700000000000003,35.6,29.1,28.3,30.200000000000003,4.96,1.99,4.96,0.16,0.0,0.0,1027.0,8228.0,0.0,0.0,0.0,0.0,0.0,1.0,0.0,0.0,0.0,0.0,0.0,-1.6,0.0,0.3,0.0,0.0,16.0,25903.0
2026-07-30T19:01:46.533Z,276.016,276.03000000000003,0.0,7.4,0.0,0.0,0.0,0.0,0.0,0.0,0.0,0.0,1.0,0.0,0.0,0.0,9.0,4.0,0.0,0.0,0.0,0.0,0.0,0.0,0.0,0.0,3.0,12.0,1.0,12.19,5.01,2.51,1.49,0.0,0.1,0.0,0.4,0.0,-0.9,1.2000000000000002,1.0,-169.60000000000002,0.0,0.0,169.70000000000002,0.0,21.4,29.200000000000003,29.200000000000003,29.700000000000003,300.0,300.0,31.700000000000003,35.6,29.1,28.3,30.200000000000003,4.96,1.99,4.97,0.16,0.0,0.0,1027.0,8228.0,0.0,0.0,0.0,0.0,0.0,1.0,0.0,0.0,0.0,0.0,0.0,2.2,0.0,-0.7000000000000001,0.0,0.0,16.0,25903.0
2026-07-30T19:01:46.545Z,276.028,276.04200000000003,0.0,7.4,0.0,0.0,0.0,0.0,0.0,0.0,0.0,0.0,1.0,0.0,0.0,0.0,9.0,4.0,0.0,0.0,0.0,0.0,0.0,0.0,0.0,0.0,4.0,12.0,1.0,12.19,5.01,2.51,1.49,0.0,0.0,0.0,0.4,0.0,-0.3,0.6000000000000001,-0.1,-169.60000000000002,0.0,0.0,169.60000000000002,0.0,21.4,29.200000000000003,29.200000000000003,29.700000000000003,300.0,300.0,31.700000000000003,35.6,29.1,28.3,30.200000000000003,4.95,1.99,4.97,0.16,0.0,0.0,1027.0,8228.0,0.0,0.0,0.0,0.0,0.0,1.0,0.0,0.0,0.0,0.0,0.0,0.6000000000000001,0.0,0.2,0.0,0.0,16.0,25903.0
2026-07-30T19:01:46.557Z,276.04,276.05400000000003,0.0,7.4,0.0,0.0,0.0,0.0,0.0,0.0,0.0,0.0,1.0,0.0,0.0,0.0,9.0,4.0,0.0,0.0,0.0,0.0,0.0,0.0,0.0,0.0,5.0,12.0,1.0,12.19,5.01,2.51,1.49,0.0,0.0,0.0,0.4,0.0,-1.5,-1.0,-0.7000000000000001,-169.60000000000002,0.0,0.0,169.70000000000002,0.0,21.4,29.200000000000003,29.200000000000003,29.700000000000003,300.0,300.0,31.700000000000003,35.6,29.1,28.3,30.200000000000003,4.95,1.99,4.97,0.15,0.0,0.0,1027.0,8228.0,0.0,0.0,0.0,0.0,0.0,1.0,0.0,0.0,0.0,0.0,0.0,-1.7000000000000002,0.0,0.3,0.0,0.0,16.0,25903.0
2026-07-30T19:01:46.568Z,276.051,276.06600000000003,0.0,7.4,0.0,0.0,0.0,0.0,0.0,0.0,0.0,0.0,1.0,0.0,0.0,0.0,9.0,4.0,0.0,0.0,0.0,0.0,0.0,0.0,0.0,0.0,1.0,12.0,1.0,12.19,5.01,2.51,1.49,0.0,0.0,0.0,0.5,0.0,-0.3,0.6000000000000001,-0.1,-169.60000000000002,0.0,0.0,169.60000000000002,0.0,21.4,29.200000000000003,29.200000000000003,29.700000000000003,300.0,300.0,31.700000000000003,35.6,29.1,28.3,30.200000000000003,4.96,1.99,4.96,0.15,0.0,0.0,1027.0,8228.0,0.0,0.0,0.0,0.0,0.0,1.0,0.0,0.0,0.0,0.0,0.0,0.6000000000000001,0.0,0.2,0.0,0.0,16.0,25903.0
2026-07-30T19:01:46.580Z,276.063,276.07800000000003,0.0,7.4,0.0,0.0,0.0,0.0,0.0,0.0,0.0,0.0,1.0,0.0,0.0,0.0,9.0,4.0,0.0,0.0,0.0,0.0,0.0,0.0,0.0,0.0,2.0,12.0,1.0,12.19,5.01,2.51,1.49,0.0,0.0,0.0,0.4,0.0,-0.9,0.6000000000000001,-0.7000000000000001,-169.60000000000002,0.0,0.0,169.8,0.0,21.4,29.200000000000003,29.200000000000003,29.700000000000003,300.0,300.0,31.700000000000003,35.6,29.1,28.3,30.200000000000003,4.96,1.99,4.96,0.16,0.0,0.0,1027.0,8228.0,0.0,0.0,0.0,0.0,0.0,1.0,0.0,0.0,0.0,0.0,0.0,0.1,0.0,0.7000000000000001,0.0,0.0,16.0,25903.0
2026-07-30T19:01:46.592Z,276.075,276.09000000000003,0.0,7.4,0.0,0.0,0.0,0.0,0.0,0.0,0.0,0.0,1.0,0.0,0.0,0.0,9.0,4.0,0.0,0.0,0.0,0.0,0.0,0.0,0.0,0.0,3.0,12.0,1.0,12.19,5.01,2.51,1.49,0.0,0.0,0.0,0.5,0.0,-0.3,-0.5,1.0,-169.60000000000002,0.0,0.0,169.8,0.0,21.4,29.200000000000003,29.200000000000003,29.700000000000003,300.0,300.0,31.700000000000003,35.6,29.1,28.3,30.200000000000003,4.95,1.99,4.96,0.16,0.0,0.0,1027.0,8228.0,0.0,0.0,0.0,0.0,0.0,1.0,0.0,0.0,0.0,0.0,0.0,0.1,0.0,-1.0,0.0,0.0002,16.0,25903.0
2026-07-30T19:01:46.606Z,276.089,276.10200000000003,0.0,7.4,0.0,0.0,0.0,0.0,0.0,0.0,0.0,0.0,1.0,0.0,0.0,0.0,9.0,4.0,0.0,0.0,0.0,0.0,0.0,0.0,0.0,0.0,4.0,12.0,1.0,12.15,5.01,2.51,1.49,0.0,0.0,0.0,0.4,0.0,0.8,0.0,0.4,-169.60000000000002,0.0,0.0,169.70000000000002,0.0,21.200000000000003,29.200000000000003,29.200000000000003,29.700000000000003,300.0,300.0,31.6,35.7,29.1,28.3,30.200000000000003,4.96,1.99,4.96,0.16,0.0,0.0,1027.0,8228.0,0.0,0.0,0.0,0.0,0.0,1.0,0.0,0.0,0.0,0.0,0.0,0.4,0.0,-0.4,0.0,0.0,16.0,25903.0
2026-07-30T19:01:46.617Z,276.1,276.11400000000003,0.0,7.4,0.0,0.0,0.0,0.0,0.0,0.0,0.0,0.0,1.0,0.0,0.0,0.0,9.0,4.0,0.0,0.0,0.0,0.0,0.0,0.0,0.0,0.0,5.0,12.0,1.0,12.15,5.01,2.51,1.49,0.0,0.0,0.0,0.4,0.0,0.2,0.0,0.5,-169.60000000000002,0.0,0.0,169.70000000000002,0.0,21.200000000000003,29.200000000000003,29.200000000000003,29.700000000000003,300.0,300.0,31.6,35.7,29.1,28.3,30.200000000000003,4.96,1.99,4.96,0.16,0.0,0.0,1027.0,8228.0,0.0,0.0,0.0,0.0,0.0,1.0,0.0,0.0,0.0,0.0,0.0,0.4,0.0,-0.4,0.0,0.0001,16.0,25903.0
2026-07-30T19:01:46.629Z,276.112,276.12600000000003,0.0,7.4,0.0,0.0,0.0,0.0,0.0,0.0,0.0,0.0,1.0,0.0,0.0,0.0,9.0,4.0,0.0,0.0,0.0,0.0,0.0,0.0,0.0,0.0,4.0,12.0,1.0,12.15,5.01,2.51,1.49,0.0,0.0,0.0,0.4,0.0,0.3,0.6000000000000001,0.0,-169.60000000000002,0.0,0.0,169.70000000000002,0.0,21.200000000000003,29.200000000000003,29.200000000000003,29.700000000000003,300.0,300.0,31.6,35.7,29.1,28.3,30.200000000000003,4.96,1.99,4.97,0.16,0.0,0.0,1027.0,8228.0,0.0,0.0,0.0,0.0,0.0,1.0,0.0,0.0,0.0,0.0,0.0,0.7000000000000001,0.0,0.1,0.0,0.0,16.0,25903.0
2026-07-30T19:01:46.641Z,276.124,276.13800000000003,0.0,7.4,0.0,0.0,0.0,0.0,0.0,0.0,0.0,0.0,1.0,0.0,0.0,0.0,9.0,4.0,0.0,0.0,0.0,0.0,0.0,0.0,0.0,0.0,5.0,12.0,1.0,12.15,5.01,2.51,1.49,0.0,0.0,0.0,0.4,0.0,-0.3,0.6000000000000001,0.0,-169.60000000000002,0.0,0.0,169.70000000000002,0.0,21.200000000000003,29.200000000000003,29.200000000000003,29.700000000000003,300.0,300.0,31.6,35.7,29.1,28.3,30.200000000000003,4.95,1.99,4.97,0.16,0.0,0.0,1027.0,8228.0,0.0,0.0,0.0,0.0,0.0,1.0,0.0,0.0,0.0,0.0,0.0,0.7000000000000001,0.0,0.2,0.0,0.0,16.0,25903.0
2026-07-30T19:01:46.652Z,276.135,276.15000000000003,0.0,7.4,0.0,0.0,0.0,0.0,0.0,0.0,0.0,0.0,1.0,0.0,0.0,0.0,9.0,4.0,0.0,0.0,0.0,0.0,0.0,0.0,0.0,0.0,6.0,12.0,1.0,12.15,5.01,2.51,1.49,0.0,0.0,0.0,0.4,0.0,-0.3,0.0,0.4,-169.60000000000002,0.0,0.0,169.60000000000002,0.0,21.200000000000003,29.200000000000003,29.200000000000003,29.700000000000003,300.0,300.0,31.6,35.7,29.1,28.3,30.200000000000003,4.96,1.99,4.96,0.16,0.0,0.0,1027.0,8228.0,0.0,0.0,0.0,0.0,0.0,1.0,0.0,0.0,0.0,0.0,0.0,0.4,0.0,-0.4,0.0,0.0001,16.0,25903.0
2026-07-30T19:01:46.664Z,276.147,276.162,0.0,7.4,0.0,0.0,0.0,0.0,0.0,0.0,0.0,0.0,1.0,0.0,0.0,0.0,9.0,4.0,0.0,0.0,0.0,0.0,0.0,0.0,0.0,0.0,1.0,12.0,1.0,12.15,5.01,2.51,1.49,0.0,0.0,0.0,0.4,0.0,0.2,-0.5,0.4,-169.60000000000002,0.0,0.0,169.60000000000002,0.0,21.200000000000003,29.200000000000003,29.200000000000003,29.700000000000003,300.0,300.0,31.6,35.7,29.1,28.3,30.200000000000003,4.95,1.99,4.97,0.16,0.0,0.0,1027.0,8228.0,0.0,0.0,0.0,0.0,0.0,1.0,0.0,0.0,0.0,0.0,0.0,-0.2,0.0,-0.5,0.0,0.0001,16.0,25903.0
2026-07-30T19:01:46.677Z,276.16,276.174,0.0,7.4,0.0,0.0,0.0,0.0,0.0,0.0,0.0,0.0,1.0,0.0,0.0,0.0,9.0,4.0,0.0,0.0,0.0,0.0,0.0,0.0,0.0,0.0,2.0,12.0,1.0,12.15,5.01,2.51,1.49,0.0,0.0,0.0,0.4,0.0,1.4,1.7000000000000002,1.6,-169.60000000000002,0.0,0.0,169.60000000000002,0.0,21.200000000000003,29.200000000000003,29.200000000000003,29.700000000000003,300.0,300.0,31.6,35.7,29.1,28.3,30.200000000000003,4.95,1.99,4.96,0.16,0.0,0.0,1027.0,8228.0,0.0,0.0,0.0,0.0,0.0,1.0,0.0,0.0,0.0,0.0,0.0,-0.6000000000000001,0.0,0.0,0.0,0.0,16.0,25903.0
2026-07-30T19:01:46.688Z,276.171,276.186,0.0,7.4,0.0,0.0,0.0,0.0,0.0,0.0,0.0,0.0,1.0,0.0,0.0,0.0,9.0,4.0,0.0,0.0,0.0,0.0,0.0,0.0,0.0,0.0,3.0,12.0,1.0,12.15,5.01,2.51,1.49,0.0,0.1,0.0,0.4,0.0,-0.3,0.0,0.0,-169.60000000000002,0.0,0.0,169.70000000000002,0.0,21.200000000000003,29.200000000000003,29.200000000000003,29.700000000000003,300.0,300.0,31.6,35.7,29.1,28.3,30.200000000000003,4.96,1.99,4.96,0.16,0.0,0.0,1027.0,8228.0,0.0,0.0,0.0,0.0,0.0,1.0,0.0,0.0,0.0,0.0,0.0,-0.2,0.0,-0.5,0.0,0.0,16.0,25903.0
2026-07-30T19:01:46.701Z,276.184,276.198,0.0,7.4,0.0,0.0,0.0,0.0,0.0,0.0,0.0,0.0,1.0,0.0,0.0,0.0,9.0,4.0,0.0,0.0,0.0,0.0,0.0,0.0,0.0,0.0,4.0,12.0,1.0,12.15,5.01,2.51,1.49,0.0,0.1,0.0,0.4,0.0,-0.3,0.0,0.5,-169.60000000000002,0.0,0.0,169.70000000000002,0.0,21.200000000000003,29.200000000000003,29.200000000000003,29.700000000000003,300.0,300.0,31.6,35.7,29.1,28.3,30.200000000000003,4.95,1.99,4.96,0.16,0.0,0.0,1027.0,8228.0,0.0,0.0,0.0,0.0,0.0,1.0,0.0,0.0,0.0,0.0,0.0,0.6000000000000001,0.0,0.1,0.0,0.0001,16.0,25903.0
2026-07-30T19:01:46.721Z,276.204,276.21,0.0,7.4,0.0,0.0,0.0,0.0,0.0,0.0,0.0,0.0,1.0,0.0,0.0,0.0,9.0,4.0,0.0,0.0,0.0,0.0,0.0,0.0,0.0,0.0,5.0,12.0,1.0,12.17,5.0200000000000005,2.51,1.49,0.0,0.1,0.0,0.5,0.0,-0.3,0.0,0.0,-169.60000000000002,0.0,0.0,169.60000000000002,0.0,21.200000000000003,29.200000000000003,29.200000000000003,29.700000000000003,300.0,300.0,31.6,35.6,29.1,28.3,30.200000000000003,4.95,1.99,4.97,0.16,0.0,0.0,1027.0,8228.0,0.0,0.0,0.0,0.0,0.0,1.0,0.0,0.0,0.0,0.0,0.0,-1.5,0.0,1.0,0.0,0.0,16.0,25903.0
2026-07-30T19:01:46.728Z,276.211,276.222,0.0,7.4,0.0,0.0,0.0,0.0,0.0,0.0,0.0,0.0,1.0,0.0,0.0,0.0,9.0,4.0,0.0,0.0,0.0,0.0,0.0,0.0,0.0,0.0,3.0,12.0,1.0,12.17,5.0200000000000005,2.51,1.49,0.0,0.0,0.0,0.4,0.0,-0.8,-0.5,0.4,-169.60000000000002,0.0,0.0,169.70000000000002,0.0,21.200000000000003,29.200000000000003,29.200000000000003,29.700000000000003,300.0,300.0,31.6,35.6,29.1,28.3,30.200000000000003,4.95,1.99,4.96,0.16,0.0,0.0,1027.0,8228.0,0.0,0.0,0.0,0.0,0.0,1.0,0.0,0.0,0.0,0.0,0.0,-0.2,0.0,-0.5,0.0,0.0001,16.0,25903.0
2026-07-30T19:01:46.736Z,276.219,276.234,0.0,7.4,0.0,0.0,0.0,0.0,0.0,0.0,0.0,0.0,1.0,0.0,0.0,0.0,9.0,4.0,0.0,0.0,0.0,0.0,0.0,0.0,0.0,0.0,2.0,12.0,1.0,12.17,5.0200000000000005,2.51,1.49,0.0,0.0,0.0,0.4,0.0,0.8,0.0,1.0,-169.60000000000002,0.0,0.0,169.70000000000002,0.0,21.200000000000003,29.200000000000003,29.200000000000003,29.700000000000003,300.0,300.0,31.6,35.6,29.1,28.3,30.200000000000003,4.96,1.99,4.96,0.16,0.0,0.0,1027.0,8228.0,0.0,0.0,0.0,0.0,0.0,1.0,0.0,0.0,0.0,0.0,0.0,0.8,0.0,-0.8,0.0,0.0001,16.0,25903.0
2026-07-30T19:01:46.748Z,276.231,276.246,0.0,7.4,0.0,0.0,0.0,0.0,0.0,0.0,0.0,0.0,1.0,0.0,0.0,0.0,9.0,4.0,0.0,0.0,0.0,0.0,0.0,0.0,0.0,0.0,3.0,12.0,1.0,12.17,5.0200000000000005,2.51,1.49,0.0,0.0,0.0,0.5,0.0,0.2,-0.5,-0.1,-169.60000000000002,0.0,0.0,169.70000000000002,0.0,21.200000000000003,29.200000000000003,29.200000000000003,29.700000000000003,300.0,300.0,31.6,35.6,29.1,28.3,30.200000000000003,4.95,1.99,4.97,0.16,0.0,0.0,1027.0,8228.0,0.0,0.0,0.0,0.0,0.0,1.0,0.0,0.0,0.0,0.0,0.0,-0.6000000000000001,0.0,0.0,0.0,0.0,16.0,25903.0
2026-07-30T19:01:46.761Z,276.244,276.258,0.0,7.4,0.0,0.0,0.0,0.0,0.0,0.0,0.0,0.0,1.0,0.0,0.0,0.0,9.0,4.0,0.0,0.0,0.0,0.0,0.0,0.0,0.0,0.0,4.0,12.0,1.0,12.17,5.0200000000000005,2.51,1.49,0.0,0.0,0.0,0.4,0.0,0.2,-0.5,1.6,-169.60000000000002,0.0,0.0,169.60000000000002,0.0,21.200000000000003,29.200000000000003,29.200000000000003,29.700000000000003,300.0,300.0,31.6,35.6,29.1,28.3,30.200000000000003,4.96,1.99,4.96,0.16,0.0,0.0,1027.0,8228.0,0.0,0.0,0.0,0.0,0.0,1.0,0.0,0.0,0.0,0.0,0.0,0.6000000000000001,0.0,-1.5,0.0,0.0001,16.0,25903.0
2026-07-30T19:01:46.772Z,276.255,276.27,0.0,7.4,0.0,0.0,0.0,0.0,0.0,0.0,0.0,0.0,1.0,0.0,0.0,0.0,9.0,4.0,0.0,0.0,0.0,0.0,0.0,0.0,0.0,0.0,5.0,12.0,1.0,12.17,5.0200000000000005,2.51,1.49,0.0,0.0,0.0,0.4,0.0,-0.3,-0.5,-1.3,-169.60000000000002,0.0,0.0,169.70000000000002,0.0,21.200000000000003,29.200000000000003,29.200000000000003,29.700000000000003,300.0,300.0,31.6,35.6,29.1,28.3,30.200000000000003,4.96,1.99,4.96,0.16,0.0,0.0,1027.0,8228.0,0.0,0.0,0.0,0.0,0.0,1.0,0.0,0.0,0.0,0.0,0.0,-1.5,0.0,1.0,0.0,0.0,16.0,25903.0
2026-07-30T19:01:46.785Z,276.268,276.282,0.0,7.4,0.0,0.0,0.0,0.0,0.0,0.0,0.0,0.0,1.0,0.0,0.0,0.0,9.0,4.0,0.0,0.0,0.0,0.0,0.0,0.0,0.0,0.0,5.0,12.0,1.0,12.17,5.0200000000000005,2.51,1.49,0.0,0.0,0.0,0.4,0.0,0.2,1.2000000000000002,2.1,-169.60000000000002,0.0,0.0,169.70000000000002,0.0,21.200000000000003,29.200000000000003,29.200000000000003,29.700000000000003,300.0,300.0,31.6,35.6,29.1,28.3,30.200000000000003,4.95,1.99,4.96,0.16,0.0,0.0,1027.0,8228.0,0.0,0.0,0.0,0.0,0.0,1.0,0.0,0.0,0.0,0.0,0.0,2.9000000000000004,0.0,-1.6,0.0,0.0001,16.0,25903.0
2026-07-30T19:01:46.796Z,276.279,276.294,0.0,7.4,0.0,0.0,0.0,0.0,0.0,0.0,0.0,0.0,1.0,0.0,0.0,0.0,9.0,4.0,0.0,0.0,0.0,0.0,0.0,0.0,0.0,0.0,6.0,12.0,1.0,12.17,5.0200000000000005,2.51,1.49,0.0,0.1,0.0,0.4,0.0,0.8,0.0,-0.2,-169.60000000000002,0.0,0.0,169.70000000000002,0.0,21.200000000000003,29.200000000000003,29.200000000000003,29.700000000000003,300.0,300.0,31.6,35.6,29.1,28.3,30.200000000000003,4.95,1.99,4.97,0.16,0.0,0.0,1027.0,8228.0,0.0,0.0,0.0,0.0,0.0,1.0,0.0,0.0,0.0,0.0,0.0,-0.1,0.0,0.1,0.0,0.0,16.0,25903.0
2026-07-30T19:01:46.810Z,276.293,276.306,0.0,7.4,0.0,0.0,0.0,0.0,0.0,0.0,0.0,0.0,1.0,0.0,0.0,0.0,9.0,4.0,0.0,0.0,0.0,0.0,0.0,0.0,0.0,0.0,1.0,12.0,1.0,12.15,5.0200000000000005,2.5,1.49,0.0,0.0,0.0,0.4,0.0,-0.3,-0.5,-0.1,-169.60000000000002,0.0,0.0,169.60000000000002,0.0,21.4,29.200000000000003,29.200000000000003,29.700000000000003,300.0,300.0,31.6,35.6,29.1,28.3,30.200000000000003,4.96,1.99,4.96,0.16,0.0,0.0,1027.0,8228.0,0.0,0.0,0.0,0.0,0.0,1.0,0.0,0.0,0.0,0.0,0.0,-0.7000000000000001,0.0,0.0,0.0,0.0001,16.0,25903.0
2026-07-30T19:01:46.820Z,276.303,276.318,0.0,7.4,0.0,0.0,0.0,0.0,0.0,0.0,0.0,0.0,1.0,0.0,0.0,0.0,9.0,4.0,0.0,0.0,0.0,0.0,0.0,0.0,0.0,0.0,1.0,12.0,1.0,12.15,5.0200000000000005,2.5,1.49,-0.1,0.1,0.0,0.5,0.0,-0.9,0.0,0.4,-169.60000000000002,0.0,0.0,169.60000000000002,0.0,21.4,29.200000000000003,29.200000000000003,29.700000000000003,300.0,300.0,31.6,35.6,29.1,28.3,30.200000000000003,4.96,1.99,4.97,0.16,0.0,0.0,1027.0,8228.0,0.0,0.0,0.0,0.0,0.0,1.0,0.0,0.0,0.0,0.0,0.0,0.3,0.0,-0.3,0.0,0.0001,16.0,25903.0
2026-07-30T19:01:46.832Z,276.315,276.33,0.0,7.4,0.0,0.0,0.0,0.0,0.0,0.0,0.0,0.0,1.0,0.0,0.0,0.0,9.0,4.0,0.0,0.0,0.0,0.0,0.0,0.0,0.0,0.0,3.0,12.0,1.0,12.15,5.0200000000000005,2.5,1.49,0.0,0.0,0.0,0.4,0.0,-0.3,0.0,-0.7000000000000001,-169.60000000000002,0.0,0.0,169.70000000000002,0.0,21.4,29.200000000000003,29.200000000000003,29.700000000000003,300.0,300.0,31.6,35.6,29.1,28.3,30.200000000000003,4.95,1.99,4.97,0.16,0.0,0.0,1027.0,8228.0,0.0,0.0,0.0,0.0,0.0,1.0,0.0,0.0,0.0,0.0,0.0,-0.4,0.0,0.6000000000000001,0.0,0.0001,16.0,25903.0
2026-07-30T19:01:46.844Z,276.327,276.342,0.0,7.4,0.0,0.0,0.0,0.0,0.0,0.0,0.0,0.0,1.0,0.0,0.0,0.0,9.0,4.0,0.0,0.0,0.0,0.0,0.0,0.0,0.0,0.0,4.0,12.0,1.0,12.15,5.0200000000000005,2.5,1.49,0.0,0.0,0.0,0.4,0.0,-0.9,0.0,-0.1,-169.60000000000002,0.0,0.0,169.60000000000002,0.0,21.4,29.200000000000003,29.200000000000003,29.700000000000003,300.0,300.0,31.6,35.6,29.1,28.3,30.200000000000003,4.96,1.99,4.97,0.16,0.0,0.0,1027.0,8228.0,0.0,0.0,0.0,0.0,0.0,1.0,0.0,0.0,0.0,0.0,0.0,0.0,0.0,0.1,0.0,0.0,16.0,25903.0
2026-07-30T19:01:46.856Z,276.339,276.354,0.0,7.4,0.0,0.0,0.0,0.0,0.0,0.0,0.0,0.0,1.0,0.0,0.0,0.0,9.0,4.0,0.0,0.0,0.0,0.0,0.0,0.0,0.0,0.0,5.0,12.0,1.0,12.15,5.0200000000000005,2.5,1.49,0.0,0.0,0.0,0.5,0.0,0.2,0.0,0.4,-169.60000000000002,0.0,0.0,169.70000000000002,0.0,21.4,29.200000000000003,29.200000000000003,29.700000000000003,300.0,300.0,31.6,35.6,29.1,28.3,30.200000000000003,4.96,2.0,4.97,0.16,0.0,0.0,1027.0,8228.0,0.0,0.0,0.0,0.0,0.0,1.0,0.0,0.0,0.0,0.0,0.0,0.3,0.0,-0.3,0.0,0.0001,16.0,25903.0
2026-07-30T19:01:46.868Z,276.351,276.366,0.0,7.4,0.0,0.0,0.0,0.0,0.0,0.0,0.0,0.0,1.0,0.0,0.0,0.0,9.0,4.0,0.0,0.0,0.0,0.0,0.0,0.0,0.0,0.0,6.0,12.0,1.0,12.15,5.0200000000000005,2.5,1.49,0.0,0.0,0.0,0.4,0.0,-0.3,0.0,0.4,-169.60000000000002,0.0,0.0,169.70000000000002,0.0,21.4,29.200000000000003,29.200000000000003,29.700000000000003,300.0,300.0,31.6,35.6,29.1,28.3,30.200000000000003,4.96,1.99,4.97,0.16,0.0,0.0,1027.0,8228.0,0.0,0.0,0.0,0.0,0.0,1.0,0.0,0.0,0.0,0.0,0.0,0.2,0.0,-0.3,0.0,0.0,16.0,25903.0
2026-07-30T19:01:46.881Z,276.364,276.378,0.0,7.4,0.0,0.0,0.0,0.0,0.0,0.0,0.0,0.0,1.0,0.0,0.0,0.0,9.0,4.0,0.0,0.0,0.0,0.0,0.0,0.0,0.0,0.0,6.0,12.0,1.0,12.15,5.0200000000000005,2.5,1.49,0.0,0.0,0.0,0.4,0.0,0.2,0.0,-0.1,-169.60000000000002,0.0,0.0,169.70000000000002,0.0,21.4,29.200000000000003,29.200000000000003,29.700000000000003,300.0,300.0,31.6,35.6,29.1,28.3,30.200000000000003,4.95,1.99,4.97,0.16,0.0,0.0,1027.0,8228.0,0.0,0.0,0.0,0.0,0.0,1.0,0.0,0.0,0.0,0.0,0.0,0.0,0.0,0.1,0.0,0.0001,16.0,25903.0
2026-07-30T19:01:46.893Z,276.376,276.39,0.0,7.4,0.0,0.0,0.0,0.0,0.0,0.0,0.0,0.0,1.0,0.0,0.0,0.0,9.0,4.0,0.0,0.0,0.0,0.0,0.0,0.0,0.0,0.0,1.0,12.0,1.0,12.15,5.0200000000000005,2.5,1.49,0.0,0.0,0.0,0.4,0.0,0.2,-0.5,0.4,-169.60000000000002,0.0,0.0,169.8,0.0,21.4,29.200000000000003,29.200000000000003,29.700000000000003,300.0,300.0,31.6,35.6,29.1,28.3,30.200000000000003,4.96,1.99,4.96,0.16,0.0,0.0,1027.0,8228.0,0.0,0.0,0.0,0.0,0.0,1.0,0.0,0.0,0.0,0.0,0.0,-0.2,0.0,-0.5,0.0,0.0001,16.0,25903.0
2026-07-30T19:01:46.905Z,276.388,276.402,0.0,7.4,0.0,0.0,0.0,0.0,0.0,0.0,0.0,0.0,1.0,0.0,0.0,0.0,9.0,4.0,0.0,0.0,0.0,0.0,0.0,0.0,0.0,0.0,3.0,12.0,1.0,12.15,5.0200000000000005,2.5,1.49,0.0,0.0,0.0,0.5,0.0,0.2,-0.4,0.4,-169.60000000000002,0.0,0.0,169.60000000000002,0.0,21.4,29.200000000000003,29.200000000000003,29.700000000000003,300.0,300.0,31.6,35.6,29.1,28.3,30.200000000000003,4.96,1.99,4.97,0.16,0.0,0.0,1027.0,8228.0,0.0,0.0,0.0,0.0,0.0,1.0,0.0,0.0,0.0,0.0,0.0,-0.1,0.0,-0.5,0.0,0.0001,16.0,25903.0
2026-07-30T19:01:46.917Z,276.4,276.414,0.0,7.4,0.0,0.0,0.0,0.0,0.0,0.0,0.0,0.0,1.0,0.0,0.0,0.0,9.0,4.0,0.0,0.0,0.0,0.0,0.0,0.0,0.0,0.0,4.0,12.0,1.0,12.18,5.01,2.51,1.49,0.0,0.1,0.0,0.4,0.0,-0.3,0.1,-1.2000000000000002,-169.60000000000002,0.0,0.0,169.60000000000002,0.0,21.700000000000003,29.200000000000003,29.200000000000003,29.700000000000003,300.0,300.0,31.6,35.6,29.1,28.3,30.200000000000003,4.96,1.99,4.96,0.16,0.0,0.0,1027.0,8228.0,0.0,0.0,0.0,0.0,0.0,1.0,0.0,0.0,0.0,0.0,0.0,-0.8,0.0,1.1,0.0,0.0001,16.0,25903.0
2026-07-30T19:01:46.928Z,276.411,276.426,0.0,7.4,0.0,0.0,0.0,0.0,0.0,0.0,0.0,0.0,1.0,0.0,0.0,0.0,9.0,4.0,0.0,0.0,0.0,0.0,0.0,0.0,0.0,0.0,6.0,12.0,1.0,12.18,5.01,2.51,1.49,0.0,0.0,0.0,0.4,0.0,-0.8,-0.4,-1.2000000000000002,-169.60000000000002,0.0,0.0,169.70000000000002,0.0,21.700000000000003,29.200000000000003,29.200000000000003,29.700000000000003,300.0,300.0,31.6,35.6,29.1,28.3,30.200000000000003,4.96,2.0,4.96,0.16,0.0,0.0,1027.0,8228.0,0.0,0.0,0.0,0.0,0.0,1.0,0.0,0.0,0.0,0.0,0.0,-1.3,0.0,0.9,0.0,0.0,16.0,25903.0
2026-07-30T19:01:46.940Z,276.423,276.438,0.0,7.4,0.0,0.0,0.0,0.0,0.0,0.0,0.0,0.0,1.0,0.0,0.0,0.0,9.0,4.0,0.0,0.0,0.0,0.0,0.0,0.0,0.0,0.0,1.0,12.0,1.0,12.18,5.01,2.51,1.49,0.0,0.1,0.0,0.4,0.0,0.2,-0.4,0.0,-169.60000000000002,0.0,0.0,169.70000000000002,0.0,21.700000000000003,29.200000000000003,29.200000000000003,29.700000000000003,300.0,300.0,31.6,35.6,29.1,28.3,30.200000000000003,4.95,2.0,4.97,0.16,0.0,0.0,1027.0,8228.0,0.0,0.0,0.0,0.0,0.0,1.0,0.0,0.0,0.0,0.0,0.0,-0.5,0.0,0.0,0.0,0.0001,16.0,25903.0
2026-07-30T19:01:46.953Z,276.436,276.45,0.0,7.4,0.0,0.0,0.0,0.0,0.0,0.0,0.0,0.0,1.0,0.0,0.0,0.0,9.0,4.0,0.0,0.0,0.0,0.0,0.0,0.0,0.0,0.0,2.0,12.0,1.0,12.18,5.01,2.51,1.49,0.0,0.0,0.0,0.4,0.0,-0.2,-1.6,-0.6000000000000001,-169.60000000000002,0.0,0.0,169.8,0.0,21.700000000000003,29.200000000000003,29.200000000000003,29.700000000000003,300.0,300.0,31.6,35.6,29.1,28.3,30.200000000000003,4.95,2.0,4.97,0.16,0.0,0.0,1027.0,8228.0,0.0,0.0,0.0,0.0,0.0,1.0,0.0,0.0,0.0,0.0,0.0,-2.2,0.0,0.2,0.0,0.0,16.0,25903.0
2026-07-30T19:01:46.965Z,276.448,276.462,0.0,7.4,0.0,0.0,0.0,0.0,0.0,0.0,0.0,0.0,1.0,0.0,0.0,0.0,9.0,4.0,0.0,0.0,0.0,0.0,0.0,0.0,0.0,0.0,3.0,12.0,1.0,12.18,5.01,2.51,1.49,0.0,0.1,0.0,0.4,0.0,-0.2,0.1,-0.5,-169.60000000000002,0.0,0.0,169.70000000000002,0.0,21.700000000000003,29.200000000000003,29.200000000000003,29.700000000000003,300.0,300.0,31.6,35.6,29.1,28.3,30.200000000000003,4.95,1.99,4.96,0.16,0.0,0.0,1027.0,8228.0,0.0,0.0,0.0,0.0,0.0,1.0,0.0,0.0,0.0,0.0,0.0,-0.2,0.0,0.5,0.0,0.0002,16.0,25903.0
2026-07-30T19:01:46.977Z,276.46,276.474,0.0,7.4,0.0,0.0,0.0,0.0,0.0,0.0,0.0,0.0,1.0,0.0,0.0,0.0,9.0,4.0,0.0,0.0,0.0,0.0,0.0,0.0,0.0,0.0,4.0,12.0,1.0,12.18,5.01,2.51,1.49,0.0,0.1,0.0,0.4,0.0,-0.2,0.7000000000000001,-1.1,-169.60000000000002,0.0,0.0,169.70000000000002,0.0,21.700000000000003,29.200000000000003,29.200000000000003,29.700000000000003,300.0,300.0,31.6,35.6,29.1,28.3,30.200000000000003,4.96,1.99,4.96,0.16,0.0,0.0,1027.0,8228.0,0.0,0.0,0.0,0.0,0.0,1.0,0.0,0.0,0.0,0.0,0.0,0.0,0.0,1.1,0.0,0.0001,16.0,25903.0
2026-07-30T19:01:46.988Z,276.471,276.486,0.0,7.4,0.0,0.0,0.0,0.0,0.0,0.0,0.0,0.0,1.0,0.0,0.0,0.0,9.0,4.0,0.0,0.0,0.0,0.0,0.0,0.0,0.0,0.0,6.0,12.0,1.0,12.18,5.01,2.51,1.49,0.0,0.0,0.0,0.4,0.0,0.3,-0.9,0.6000000000000001,-169.60000000000002,0.0,0.0,169.70000000000002,0.0,21.700000000000003,29.200000000000003,29.200000000000003,29.700000000000003,300.0,300.0,31.6,35.6,29.1,28.3,30.200000000000003,4.96,1.99,4.97,0.16,0.0,0.0,1027.0,8228.0,0.0,0.0,0.0,0.0,0.0,1.0,0.0,0.0,0.0,0.0,0.0,-0.6000000000000001,0.0,-0.7000000000000001,0.0,0.0001,16.0,25903.0
2026-07-30T19:01:47.000Z,276.483,276.498,0.0,7.4,0.0,0.0,0.0,0.0,0.0,0.0,0.0,0.0,1.0,0.0,0.0,0.0,9.0,4.0,0.0,0.0,0.0,0.0,0.0,0.0,0.0,0.0,1.0,12.0,1.0,12.18,5.01,2.51,1.49,0.0,0.0,0.0,0.4,0.0,-0.2,-0.9,1.1,-169.60000000000002,0.0,0.0,169.70000000000002,0.0,21.700000000000003,29.200000000000003,29.200000000000003,29.700000000000003,300.0,300.0,31.6,35.6,29.1,28.3,30.200000000000003,4.96,1.99,4.96,0.16,0.0,0.0,1027.0,8228.0,0.0,0.0,0.0,0.0,0.0,1.0,0.0,0.0,0.0,0.0,0.0,-0.2,0.0,-1.1,0.0,0.0,16.0,25903.0
2026-07-30T19:01:47.013Z,276.496,276.51,0.0,7.4,0.0,0.0,0.0,0.0,0.0,0.0,0.0,0.0,1.0,0.0,0.0,0.0,9.0,4.0,0.0,0.0,0.0,0.0,0.0,0.0,0.0,0.0,2.0,12.0,1.0,12.15,5.01,2.5,1.49,0.0,0.0,0.0,0.4,0.0,-0.1,0.8,-1.1,-169.60000000000002,0.0,0.0,169.70000000000002,0.0,21.700000000000003,29.200000000000003,29.200000000000003,29.700000000000003,300.0,300.0,31.6,35.6,29.1,28.3,30.200000000000003,4.96,1.99,4.96,0.16,0.0,0.0,1027.0,8228.0,0.0,0.0,0.0,0.0,0.0,1.0,0.0,0.0,0.0,0.0,0.0,0.0,0.0,1.1,0.0,0.0,16.0,25903.0
2026-07-30T19:01:47.027Z,276.51,276.522,0.0,7.4,0.0,0.0,0.0,0.0,0.0,0.0,0.0,0.0,1.0,0.0,0.0,0.0,9.0,4.0,0.0,0.0,0.0,0.0,0.0,0.0,0.0,0.0,3.0,12.0,1.0,12.15,5.01,2.5,1.49,0.0,0.0,0.0,0.4,0.0,0.3,0.8,1.7000000000000002,-169.60000000000002,0.0,0.0,169.60000000000002,0.0,21.700000000000003,29.200000000000003,29.200000000000003,29.700000000000003,300.0,300.0,31.6,35.6,29.1,28.3,30.200000000000003,4.95,1.99,4.96,0.16,0.0,0.0,1027.0,8228.0,0.0,0.0,0.0,0.0,0.0,1.0,0.0,0.0,0.0,0.0,0.0,2.2,0.0,-1.3,0.0,0.0,16.0,25903.0
2026-07-30T19:01:47.037Z,276.52,276.534,0.0,7.4,0.0,0.0,0.0,0.0,0.0,0.0,0.0,0.0,1.0,0.0,0.0,0.0,9.0,4.0,0.0,0.0,0.0,0.0,0.0,0.0,0.0,0.0,2.0,12.0,1.0,12.15,5.01,2.5,1.49,0.0,0.0,0.0,0.4,0.0,0.3,-0.3,-0.6000000000000001,-169.60000000000002,0.0,0.0,169.70000000000002,0.0,21.700000000000003,29.200000000000003,29.200000000000003,29.700000000000003,300.0,300.0,31.6,35.6,29.1,28.3,30.200000000000003,4.95,1.99,4.97,0.16,0.0,0.0,1027.0,8228.0,0.0,0.0,0.0,0.0,0.0,1.0,0.0,0.0,0.0,0.0,0.0,-0.8,0.0,0.4,0.0,0.0001,16.0,25903.0
2026-07-30T19:01:47.048Z,276.531,276.546,0.0,7.4,0.0,0.0,0.0,0.0,0.0,0.0,0.0,0.0,1.0,0.0,0.0,0.0,9.0,4.0,0.0,0.0,0.0,0.0,0.0,0.0,0.0,0.0,1.0,12.0,1.0,12.15,5.01,2.5,1.49,0.0,0.0,0.0,0.4,0.0,-0.2,-0.9,0.0,-169.60000000000002,0.0,0.0,169.70000000000002,0.0,21.700000000000003,29.200000000000003,29.200000000000003,29.700000000000003,300.0,300.0,31.6,35.6,29.1,28.3,30.200000000000003,4.96,1.99,4.96,0.16,0.0,0.0,1027.0,8228.0,0.0,0.0,0.0,0.0,0.0,1.0,0.0,0.0,0.0,0.0,0.0,-1.0,0.0,-0.1,0.0,0.0,16.0,25903.0
2026-07-30T19:01:47.061Z,276.544,276.558,0.0,7.4,0.0,0.0,0.0,0.0,0.0,0.0,0.0,0.0,1.0,0.0,0.0,0.0,9.0,4.0,0.0,0.0,0.0,0.0,0.0,0.0,0.0,0.0,2.0,12.0,1.0,12.15,5.01,2.5,1.49,0.0,0.1,0.0,0.4,0.0,-0.8,1.3,0.0,-169.60000000000002,0.0,0.0,169.60000000000002,0.0,21.700000000000003,29.200000000000003,29.200000000000003,29.700000000000003,300.0,300.0,31.6,35.6,29.1,28.3,30.200000000000003,4.96,1.99,4.97,0.16,0.0,0.0,1027.0,8228.0,0.0,0.0,0.0,0.0,0.0,1.0,0.0,0.0,0.0,0.0,0.0,1.5,0.0,0.2,0.0,0.0,16.0,25903.0
2026-07-30T19:01:47.073Z,276.556,276.57,0.0,7.4,0.0,0.0,0.0,0.0,0.0,0.0,0.0,0.0,1.0,0.0,0.0,0.0,9.0,4.0,0.0,0.0,0.0,0.0,0.0,0.0,0.0,0.0,3.0,12.0,1.0,12.15,5.01,2.5,1.49,0.0,0.0,0.0,0.4,0.0,-0.2,0.8,0.6000000000000001,-169.60000000000002,0.0,0.0,169.70000000000002,0.0,21.700000000000003,29.200000000000003,29.200000000000003,29.700000000000003,300.0,300.0,31.6,35.6,29.1,28.3,30.200000000000003,4.95,1.99,4.97,0.16,0.0,0.0,1027.0,8228.0,0.0,0.0,0.0,0.0,0.0,1.0,0.0,0.0,0.0,0.0,0.0,1.3,0.0,-0.3,0.0,0.0001,16.0,25903.0
2026-07-30T19:01:47.084Z,276.567,276.582,0.0,7.4,0.0,0.0,0.0,0.0,0.0,0.0,0.0,0.0,1.0,0.0,0.0,0.0,9.0,4.0,0.0,0.0,0.0,0.0,0.0,0.0,0.0,0.0,5.0,12.0,1.0,12.15,5.01,2.5,1.49,0.0,0.0,0.0,0.4,0.0,0.3,0.8,0.5,-169.60000000000002,0.0,0.0,169.60000000000002,0.0,21.700000000000003,29.200000000000003,29.200000000000003,29.700000000000003,300.0,300.0,31.6,35.6,29.1,28.3,30.200000000000003,4.96,1.99,4.96,0.16,0.0,0.0,1027.0,8228.0,0.0,0.0,0.0,0.0,0.0,1.0,0.0,0.0,0.0,0.0,0.0,1.3,0.0,-0.3,0.0,0.0,16.0,25903.0
2026-07-30T19:01:47.097Z,276.58,276.594,0.0,7.4,0.0,0.0,0.0,0.0,0.0,0.0,0.0,0.0,1.0,0.0,0.0,0.0,9.0,4.0,0.0,0.0,0.0,0.0,0.0,0.0,0.0,0.0,6.0,12.0,1.0,12.15,5.01,2.5,1.49,0.0,0.0,0.0,0.4,0.0,-0.2,-0.4,0.0,-169.60000000000002,0.0,0.0,169.70000000000002,0.0,21.700000000000003,29.200000000000003,29.200000000000003,29.700000000000003,300.0,300.0,31.6,35.6,29.1,28.3,30.200000000000003,4.96,2.0,4.97,0.16,0.0,0.0,1027.0,8228.0,0.0,0.0,0.0,0.0,0.0,1.0,0.0,0.0,0.0,0.0,0.0,-0.5,0.0,0.0,0.0,0.0001,16.0,25903.0
2026-07-30T19:01:47.108Z,276.591,276.606,0.0,7.4,0.0,0.0,0.0,0.0,0.0,0.0,0.0,0.0,1.0,0.0,0.0,0.0,9.0,4.0,0.0,0.0,0.0,0.0,0.0,0.0,0.0,0.0,1.0,12.0,1.0,12.15,5.01,2.5,1.49,0.0,0.0,0.0,0.4,0.0,0.2,0.7000000000000001,1.1,-169.60000000000002,0.0,0.0,169.8,0.0,21.700000000000003,29.200000000000003,29.200000000000003,29.700000000000003,300.0,300.0,31.6,35.6,29.1,28.3,30.200000000000003,4.96,1.99,4.97,0.16,0.0,0.0,1027.0,8228.0,0.0,0.0,0.0,0.0,0.0,1.0,0.0,0.0,0.0,0.0,0.0,1.7000000000000002,0.0,-0.8,0.0,0.0001,16.0,25903.0
2026-07-30T19:01:47.121Z,276.604,276.618,0.0,7.4,0.0,0.0,0.0,0.0,0.0,0.0,0.0,0.0,1.0,0.0,0.0,0.0,9.0,4.0,0.0,0.0,0.0,0.0,0.0,0.0,0.0,0.0,2.0,12.0,1.0,12.15,5.0200000000000005,2.51,1.49,0.0,0.0,0.0,0.4,0.0,0.2,1.3,0.0,-169.60000000000002,0.0,0.0,169.8,0.0,21.3,29.200000000000003,29.200000000000003,29.700000000000003,300.0,300.0,31.6,35.7,29.1,28.3,30.200000000000003,4.95,1.99,4.97,0.16,0.0,0.0,1027.0,8228.0,0.0,0.0,0.0,0.0,0.0,1.0,0.0,0.0,0.0,0.0,0.0,1.4,0.0,0.3,0.0,0.0,16.0,25903.0
2026-07-30T19:01:47.132Z,276.615,276.63,0.0,7.4,0.0,0.0,0.0,0.0,0.0,0.0,0.0,0.0,1.0,0.0,0.0,0.0,9.0,4.0,0.0,0.0,0.0,0.0,0.0,0.0,0.0,0.0,3.0,12.0,1.0,12.15,5.0200000000000005,2.51,1.49,0.0,0.0,0.0,0.4,0.0,0.2,0.2,-0.6000000000000001,-169.70000000000002,0.0,0.0,169.8,0.0,21.3,29.200000000000003,29.200000000000003,29.700000000000003,300.0,300.0,31.6,35.7,29.1,28.3,30.200000000000003,4.96,1.99,4.96,0.16,0.0,0.0,1027.0,8228.0,0.0,0.0,0.0,0.0,0.0,1.0,0.0,0.0,0.0,0.0,0.0,-0.2,0.0,0.6000000000000001,0.0,0.0001,16.0,25903.0
2026-07-30T19:01:47.145Z,276.628,276.642,0.0,7.4,0.0,0.0,0.0,0.0,0.0,0.0,0.0,0.0,1.0,0.0,0.0,0.0,9.0,4.0,0.0,0.0,0.0,0.0,0.0,0.0,0.0,0.0,4.0,12.0,1.0,12.15,5.0200000000000005,2.51,1.49,0.0,0.0,0.0,0.4,0.0,-0.3,0.7000000000000001,0.5,-169.70000000000002,0.0,0.0,169.8,0.0,21.3,29.200000000000003,29.200000000000003,29.700000000000003,300.0,300.0,31.6,35.7,29.1,28.3,30.200000000000003,4.95,1.99,4.97,0.16,0.0,0.0,1027.0,8228.0,0.0,0.0,0.0,0.0,0.0,1.0,0.0,0.0,0.0,0.0,0.0,1.2000000000000002,0.0,-0.2,0.0,0.0,16.0,25903.0
2026-07-30T19:01:47.157Z,276.64,276.654,0.0,7.4,0.0,0.0,0.0,0.0,0.0,0.0,0.0,0.0,1.0,0.0,0.0,0.0,9.0,4.0,0.0,0.0,0.0,0.0,0.0,0.0,0.0,0.0,5.0,12.0,1.0,12.15,5.0200000000000005,2.51,1.49,0.0,0.0,0.0,0.4,0.0,0.8,0.2,0.0,-169.70000000000002,0.0,0.0,169.70000000000002,0.0,21.3,29.200000000000003,29.200000000000003,29.700000000000003,300.0,300.0,31.6,35.7,29.1,28.3,30.200000000000003,4.95,2.0,4.96,0.16,0.0,0.0,1027.0,8228.0,0.0,0.0,0.0,0.0,0.0,1.0,0.0,0.0,0.0,0.0,0.0,0.1,0.0,0.0,0.0,0.0001,16.0,25903.0
2026-07-30T19:01:47.168Z,276.651,276.666,0.0,7.4,0.0,0.0,0.0,0.0,0.0,0.0,0.0,0.0,1.0,0.0,0.0,0.0,9.0,4.0,0.0,0.0,0.0,0.0,0.0,0.0,0.0,0.0,6.0,12.0,1.0,12.15,5.0200000000000005,2.51,1.49,0.0,0.0,0.0,0.4,0.0,0.8,0.1,-0.5,-169.70000000000002,0.0,0.0,169.60000000000002,0.0,21.3,29.200000000000003,29.200000000000003,29.700000000000003,300.0,300.0,31.6,35.7,29.1,28.3,30.200000000000003,4.96,2.0,4.96,0.16,0.0,0.0,1027.0,8228.0,0.0,0.0,0.0,0.0,0.0,1.0,0.0,0.0,0.0,0.0,0.0,-0.2,0.0,0.5,0.0,0.0001,16.0,25903.0
2026-07-30T19:01:47.180Z,276.663,276.678,0.0,7.4,0.0,0.0,0.0,0.0,0.0,0.0,0.0,0.0,1.0,0.0,0.0,0.0,9.0,4.0,0.0,0.0,0.0,0.0,0.0,0.0,0.0,0.0,1.0,12.0,1.0,12.15,5.0200000000000005,2.51,1.49,0.0,0.0,0.0,0.4,0.0,0.2,0.7000000000000001,0.5,-169.70000000000002,0.0,0.0,169.70000000000002,0.0,21.3,29.200000000000003,29.200000000000003,29.700000000000003,300.0,300.0,31.6,35.7,29.1,28.3,30.200000000000003,4.96,2.0,4.96,0.16,0.0,0.0,1027.0,8228.0,0.0,0.0,0.0,0.0,0.0,1.0,0.0,0.0,0.0,0.0,0.0,1.2000000000000002,0.0,-0.3,0.0,0.0002,16.0,25903.0
2026-07-30T19:01:47.193Z,276.676,276.69,0.0,7.4,0.0,0.0,0.0,0.0,0.0,0.0,0.0,0.0,1.0,0.0,0.0,0.0,9.0,4.0,0.0,0.0,0.0,0.0,0.0,0.0,0.0,0.0,2.0,12.0,1.0,12.15,5.0200000000000005,2.51,1.49,0.0,0.1,0.0,0.5,0.0,-0.3,-1.5,-0.5,-169.70000000000002,0.0,0.0,169.8,0.0,21.3,29.200000000000003,29.200000000000003,29.700000000000003,300.0,300.0,31.6,35.7,29.1,28.3,30.200000000000003,4.96,1.99,4.97,0.16,0.0,0.0,1027.0,8228.0,0.0,0.0,0.0,0.0,0.0,1.0,0.0,0.0,0.0,0.0,0.0,-2.2,0.0,0.1,0.0,0.0001,16.0,25903.0
2026-07-30T19:01:47.205Z,276.688,276.702,0.0,7.4,0.0,0.0,0.0,0.0,0.0,0.0,0.0,0.0,1.0,0.0,0.0,0.0,9.0,4.0,0.0,0.0,0.0,0.0,0.0,0.0,0.0,0.0,4.0,12.0,1.0,12.15,5.0200000000000005,2.51,1.49,0.0,0.0,0.0,0.5,0.0,-0.3,0.7000000000000001,1.1,-169.70000000000002,0.0,0.0,169.8,0.0,21.3,29.200000000000003,29.200000000000003,29.700000000000003,300.0,300.0,31.6,35.7,29.1,28.3,30.200000000000003,4.96,2.0,4.96,0.16,0.0,0.0,1027.0,8228.0,0.0,0.0,0.0,0.0,0.0,1.0,0.0,0.0,0.0,0.0,0.0,0.0,0.0,-0.6000000000000001,0.0,0.0001,16.0,25903.0
2026-07-30T19:01:47.218Z,276.701,276.714,0.0,7.4,0.0,0.0,0.0,0.0,0.0,0.0,0.0,0.0,1.0,0.0,0.0,0.0,9.0,4.0,0.0,0.0,0.0,0.0,0.0,0.0,0.0,0.0,4.0,12.0,1.0,12.18,5.01,2.51,1.49,0.0,0.0,0.0,0.4,0.0,0.2,0.1,-0.5,-169.70000000000002,0.0,0.0,169.8,0.0,21.8,29.200000000000003,29.200000000000003,29.700000000000003,300.0,300.0,31.5,35.800000000000004,29.1,28.3,30.200000000000003,4.96,2.0,4.96,0.16,0.0,0.0,1027.0,8228.0,0.0,0.0,0.0,0.0,0.0,1.0,0.0,0.0,0.0,0.0,0.0,-2.0,0.0,0.8,0.0,0.0,16.0,25903.0
2026-07-30T19:01:47.229Z,276.712,276.726,0.0,7.4,0.0,0.0,0.0,0.0,0.0,0.0,0.0,0.0,1.0,0.0,0.0,0.0,9.0,4.0,0.0,0.0,0.0,0.0,0.0,0.0,0.0,0.0,6.0,12.0,1.0,12.18,5.01,2.51,1.49,0.0,0.1,0.0,0.4,0.0,0.2,-0.9,-0.5,-169.70000000000002,0.0,0.0,169.8,0.0,21.8,29.200000000000003,29.200000000000003,29.700000000000003,300.0,300.0,31.5,35.800000000000004,29.1,28.3,30.200000000000003,4.95,2.0,4.97,0.16,0.0,0.0,1027.0,8228.0,0.0,0.0,0.0,0.0,0.0,1.0,0.0,0.0,0.0,0.0,0.0,-0.8,0.0,0.4,0.0,0.0001,16.0,25903.0
2026-07-30T19:01:47.240Z,276.723,276.738,0.0,7.4,0.0,0.0,0.0,0.0,0.0,0.0,0.0,0.0,1.0,0.0,0.0,0.0,9.0,4.0,0.0,0.0,0.0,0.0,0.0,0.0,0.0,0.0,1.0,12.0,1.0,12.18,5.01,2.51,1.49,0.0,0.0,0.0,0.4,0.0,-0.9,0.2,0.0,-169.70000000000002,0.0,0.0,169.8,0.0,21.8,29.200000000000003,29.200000000000003,29.700000000000003,300.0,300.0,31.5,35.800000000000004,29.1,28.3,30.200000000000003,4.96,1.99,4.97,0.16,0.0,0.0,1027.0,8228.0,0.0,0.0,0.0,0.0,0.0,1.0,0.0,0.0,0.0,0.0,0.0,0.2,0.0,0.0,0.0,0.0,16.0,25903.0
2026-07-30T19:01:47.252Z,276.735,276.75,0.0,7.4,0.0,0.0,0.0,0.0,0.0,0.0,0.0,0.0,1.0,0.0,0.0,0.0,9.0,4.0,0.0,0.0,0.0,0.0,0.0,0.0,0.0,0.0,2.0,12.0,1.0,12.18,5.01,2.51,1.49,0.0,0.0,0.0,0.4,0.0,-0.3,1.3,0.0,-169.70000000000002,0.0,0.0,169.70000000000002,0.0,21.8,29.200000000000003,29.200000000000003,29.700000000000003,300.0,300.0,31.5,35.800000000000004,29.1,28.3,30.200000000000003,4.96,2.0,4.96,0.16,0.0,0.0,1027.0,8228.0,0.0,0.0,0.0,0.0,0.0,1.0,0.0,0.0,0.0,0.0,0.0,1.5,0.0,0.2,0.0,0.0,16.0,25903.0
2026-07-30T19:01:47.264Z,276.747,276.762,0.0,7.4,0.0,0.0,0.0,0.0,0.0,0.0,0.0,0.0,1.0,0.0,0.0,0.0,9.0,4.0,0.0,0.0,0.0,0.0,0.0,0.0,0.0,0.0,3.0,12.0,1.0,12.18,5.01,2.51,1.49,0.0,0.0,0.0,0.4,0.0,0.8,0.2,-0.6000000000000001,-169.70000000000002,0.0,0.0,169.70000000000002,0.0,21.8,29.200000000000003,29.200000000000003,29.700000000000003,300.0,300.0,31.5,35.800000000000004,29.1,28.3,30.200000000000003,4.96,1.99,4.96,0.16,0.0,0.0,1027.0,8228.0,0.0,0.0,0.0,0.0,0.0,1.0,0.0,0.0,0.0,0.0,0.0,-0.2,0.0,0.6000000000000001,0.0,0.0002,16.0,25903.0
2026-07-30T19:01:47.276Z,276.759,276.774,0.0,7.4,0.0,0.0,0.0,0.0,0.0,0.0,0.0,0.0,1.0,0.0,0.0,0.0,9.0,4.0,0.0,0.0,0.0,0.0,0.0,0.0,0.0,0.0,4.0,12.0,1.0,12.18,5.01,2.51,1.49,0.0,0.0,0.0,0.4,0.0,-0.3,0.8,1.7000000000000002,-169.70000000000002,0.0,0.0,169.70000000000002,0.0,21.8,29.200000000000003,29.200000000000003,29.700000000000003,300.0,300.0,31.5,35.800000000000004,29.1,28.3,30.200000000000003,4.95,1.99,4.97,0.16,0.0,0.0,1027.0,8228.0,0.0,0.0,0.0,0.0,0.0,1.0,0.0,0.0,0.0,0.0,0.0,2.1,0.0,-1.3,0.0,0.0,16.0,25903.0
2026-07-30T19:01:47.288Z,276.771,276.786,0.0,7.4,0.0,0.0,0.0,0.0,0.0,0.0,0.0,0.0,1.0,0.0,0.0,0.0,9.0,4.0,0.0,0.0,0.0,0.0,0.0,0.0,0.0,0.0,6.0,12.0,1.0,12.18,5.01,2.51,1.49,0.0,0.0,0.0,0.4,0.0,0.8,0.2,-0.6000000000000001,-169.70000000000002,0.0,0.0,169.70000000000002,0.0,21.8,29.200000000000003,29.200000000000003,29.700000000000003,300.0,300.0,31.5,35.800000000000004,29.1,28.3,30.200000000000003,4.96,2.0,4.96,0.16,0.0,0.0,1027.0,8228.0,0.0,0.0,0.0,0.0,0.0,1.0,0.0,0.0,0.0,0.0,0.0,-0.2,0.0,0.6000000000000001,0.0,0.0,16.0,25903.0
2026-07-30T19:01:47.301Z,276.784,276.798,0.0,7.4,0.0,0.0,0.0,0.0,0.0,0.0,0.0,0.0,1.0,0.0,0.0,0.0,9.0,4.0,0.0,0.0,0.0,0.0,0.0,0.0,0.0,0.0,1.0,12.0,1.0,12.18,5.01,2.51,1.49,0.0,0.0,0.0,0.5,0.0,-0.9,0.1,-0.6000000000000001,-169.70000000000002,0.0,0.0,169.70000000000002,0.0,21.8,29.200000000000003,29.200000000000003,29.700000000000003,300.0,300.0,31.5,35.800000000000004,29.1,28.3,30.200000000000003,4.96,1.99,4.97,0.16,0.0,0.0,1027.0,8228.0,0.0,0.0,0.0,0.0,0.0,1.0,0.0,0.0,0.0,0.0,0.0,-0.2,0.0,0.6000000000000001,0.0,0.0001,16.0,25903.0
2026-07-30T19:01:47.312Z,276.795,276.81,0.0,7.4,0.0,0.0,0.0,0.0,0.0,0.0,0.0,0.0,1.0,0.0,0.0,0.0,9.0,4.0,0.0,0.0,0.0,0.0,0.0,0.0,0.0,0.0,3.0,12.0,1.0,12.18,5.01,2.51,1.49,0.0,0.0,0.0,0.4,0.0,-0.3,0.7000000000000001,0.5,-169.70000000000002,0.0,0.0,169.8,0.0,21.8,29.200000000000003,29.200000000000003,29.700000000000003,300.0,300.0,31.5,35.800000000000004,29.1,28.3,30.200000000000003,4.95,2.0,4.97,0.16,0.0,0.0,1027.0,8228.0,0.0,0.0,0.0,0.0,0.0,1.0,0.0,0.0,0.0,0.0,0.0,1.2000000000000002,0.0,-0.3,0.0,0.0001,16.0,25903.0
2026-07-30T19:01:47.325Z,276.808,276.822,0.0,7.4,0.0,0.0,0.0,0.0,0.0,0.0,0.0,0.0,1.0,0.0,0.0,0.0,9.0,4.0,0.0,0.0,0.0,0.0,0.0,0.0,0.0,0.0,4.0,12.0,1.0,12.17,5.0200000000000005,2.5,1.49,0.0,0.0,0.0,0.5,0.0,-0.3,-0.4,-0.1,-169.70000000000002,0.0,0.0,169.70000000000002,0.0,21.8,29.200000000000003,29.200000000000003,29.700000000000003,300.0,300.0,31.5,35.7,29.1,28.200000000000003,30.200000000000003,4.96,2.0,4.97,0.16,0.0,0.0,1027.0,8228.0,0.0,0.0,0.0,0.0,0.0,1.0,0.0,0.0,0.0,0.0,0.0,-0.5,0.0,0.0,0.0,0.0,16.0,25903.0
2026-07-30T19:01:47.336Z,276.819,276.834,0.0,7.4,0.0,0.0,0.0,0.0,0.0,0.0,0.0,0.0,1.0,0.0,0.0,0.0,9.0,4.0,0.0,0.0,0.0,0.0,0.0,0.0,0.0,0.0,5.0,12.0,1.0,12.17,5.0200000000000005,2.5,1.49,0.0,0.0,0.0,0.4,0.0,-0.3,-1.0,-0.1,-169.70000000000002,0.0,0.0,169.8,0.0,21.8,29.200000000000003,29.200000000000003,29.700000000000003,300.0,300.0,31.5,35.7,29.1,28.200000000000003,30.200000000000003,4.96,1.99,4.96,0.16,0.0,0.0,1027.0,8228.0,0.0,0.0,0.0,0.0,0.0,1.0,0.0,0.0,0.0,0.0,0.0,-1.2000000000000002,0.0,0.0,0.0,0.0,16.0,25903.0
2026-07-30T19:01:47.355Z,276.838,276.846,0.0,7.4,0.0,0.0,0.0,0.0,0.0,0.0,0.0,0.0,1.0,0.0,0.0,0.0,9.0,4.0,0.0,0.0,0.0,0.0,0.0,0.0,0.0,0.0,6.0,12.0,1.0,12.17,5.0200000000000005,2.5,1.49,0.0,0.1,0.0,0.4,0.0,-0.9,0.1,-0.1,-169.70000000000002,0.0,0.0,169.8,0.0,21.8,29.200000000000003,29.200000000000003,29.700000000000003,300.0,300.0,31.5,35.7,29.1,28.200000000000003,30.200000000000003,4.96,1.99,4.97,0.16,0.0,0.0,1027.0,8228.0,0.0,0.0,0.0,0.0,0.0,1.0,0.0,0.0,0.0,0.0,0.0,0.0,0.0,0.1,0.0,0.0001,16.0,25903.0
2026-07-30T19:01:47.360Z,276.843,276.858,0.0,7.4,0.0,0.0,0.0,0.0,0.0,0.0,0.0,0.0,1.0,0.0,0.0,0.0,9.0,4.0,0.0,0.0,0.0,0.0,0.0,0.0,0.0,0.0,3.0,12.0,1.0,12.17,5.0200000000000005,2.5,1.49,0.0,0.0,0.0,0.4,0.0,-0.3,0.1,-0.1,-169.70000000000002,0.0,0.0,169.70000000000002,0.0,21.8,29.200000000000003,29.200000000000003,29.700000000000003,300.0,300.0,31.5,35.7,29.1,28.200000000000003,30.200000000000003,4.95,1.99,4.97,0.16,0.0,0.0,1027.0,8228.0,0.0,0.0,0.0,0.0,0.0,1.0,0.0,0.0,0.0,0.0,0.0,0.0,0.0,0.1,0.0,0.0001,16.0,25903.0
2026-07-30T19:01:47.372Z,276.855,276.87,0.0,7.4,0.0,0.0,0.0,0.0,0.0,0.0,0.0,0.0,1.0,0.0,0.0,0.0,9.0,4.0,0.0,0.0,0.0,0.0,0.0,0.0,0.0,0.0,4.0,12.0,1.0,12.17,5.0200000000000005,2.5,1.49,0.0,0.1,0.0,0.4,0.0,0.2,0.7000000000000001,2.8000000000000003,-169.70000000000002,0.0,0.0,169.8,0.0,21.8,29.200000000000003,29.200000000000003,29.700000000000003,300.0,300.0,31.5,35.7,29.1,28.200000000000003,30.200000000000003,4.95,1.99,4.96,0.16,0.0,0.0,1027.0,8228.0,0.0,0.0,0.0,0.0,0.0,1.0,0.0,0.0,0.0,0.0,0.0,2.9000000000000004,0.0,-2.3000000000000003,0.0,0.0001,16.0,25903.0
2026-07-30T19:01:47.384Z,276.867,276.882,0.0,7.4,0.0,0.0,0.0,0.0,0.0,0.0,0.0,0.0,1.0,0.0,0.0,0.0,9.0,4.0,0.0,0.0,0.0,0.0,0.0,0.0,0.0,0.0,5.0,12.0,1.0,12.17,5.0200000000000005,2.5,1.49,0.0,0.0,0.0,0.5,0.0,0.2,-0.3,1.0,-169.70000000000002,0.0,0.0,169.8,0.0,21.8,29.200000000000003,29.200000000000003,29.700000000000003,300.0,300.0,31.5,35.7,29.1,28.200000000000003,30.200000000000003,4.95,2.0,4.97,0.16,0.0,0.0,1027.0,8228.0,0.0,0.0,0.0,0.0,0.0,1.0,0.0,0.0,0.0,0.0,0.0,0.3,0.0,-0.9,0.0,0.0001,16.0,25903.0
2026-07-30T19:01:47.396Z,276.879,276.894,0.0,7.4,0.0,0.0,0.0,0.0,0.0,0.0,0.0,0.0,1.0,0.0,0.0,0.0,9.0,4.0,0.0,0.0,0.0,0.0,0.0,0.0,0.0,0.0,6.0,12.0,1.0,12.17,5.0200000000000005,2.5,1.49,0.0,0.0,0.0,0.5,0.0,-0.3,-0.3,-0.1,-169.70000000000002,0.0,0.0,169.70000000000002,0.0,21.8,29.200000000000003,29.200000000000003,29.700000000000003,300.0,300.0,31.5,35.7,29.1,28.200000000000003,30.200000000000003,4.95,1.99,4.97,0.16,0.0,0.0,1027.0,8228.0,0.0,0.0,0.0,0.0,0.0,1.0,0.0,0.0,0.0,0.0,0.0,-0.5,0.0,0.0,0.0,0.0001,16.0,25903.0
2026-07-30T19:01:47.408Z,276.891,276.906,0.0,7.4,0.0,0.0,0.0,0.0,0.0,0.0,0.0,0.0,1.0,0.0,0.0,0.0,9.0,4.0,0.0,0.0,0.0,0.0,0.0,0.0,0.0,0.0,1.0,12.0,1.0,12.17,5.0200000000000005,2.5,1.49,0.0,0.1,0.0,0.4,0.0,-0.3,0.8,0.4,-169.70000000000002,0.0,0.0,169.8,0.0,21.8,29.200000000000003,29.200000000000003,29.700000000000003,300.0,300.0,31.5,35.7,29.1,28.200000000000003,30.200000000000003,4.96,1.99,4.97,0.16,0.0,0.0,1027.0,8228.0,0.0,0.0,0.0,0.0,0.0,1.0,0.0,0.0,0.0,0.0,0.0,1.2000000000000002,0.0,-0.2,0.0,0.0001,16.0,25903.0
2026-07-30T19:01:47.421Z,276.904,276.918,0.0,7.4,0.0,0.0,0.0,0.0,0.0,0.0,0.0,0.0,1.0,0.0,0.0,0.0,9.0,4.0,0.0,0.0,0.0,0.0,0.0,0.0,0.0,0.0,2.0,12.0,1.0,12.17,5.01,2.51,1.49,0.0,0.1,0.0,0.4,0.0,-0.3,0.8,-0.7000000000000001,-169.70000000000002,0.0,0.0,169.8,0.0,21.4,29.200000000000003,29.200000000000003,29.700000000000003,300.0,300.0,31.5,35.7,29.1,28.3,30.200000000000003,4.95,1.99,4.97,0.16,0.0,0.0,1027.0,8228.0,0.0,0.0,0.0,0.0,0.0,1.0,0.0,0.0,0.0,0.0,0.0,0.3,0.0,0.7000000000000001,0.0,0.0,16.0,25903.0
2026-07-30T19:01:47.432Z,276.915,276.93,0.0,7.4,0.0,0.0,0.0,0.0,0.0,0.0,0.0,0.0,1.0,0.0,0.0,0.0,9.0,4.0,0.0,0.0,0.0,0.0,0.0,0.0,0.0,0.0,3.0,12.0,1.0,12.17,5.01,2.51,1.49,0.0,0.0,0.0,0.4,0.0,-0.3,-0.4,2.2,-169.70000000000002,0.0,0.0,169.60000000000002,0.0,21.4,29.200000000000003,29.200000000000003,29.700000000000003,300.0,300.0,31.5,35.7,29.1,28.3,30.200000000000003,4.95,1.99,4.96,0.16,0.0,0.0,1027.0,8228.0,0.0,0.0,0.0,0.0,0.0,1.0,0.0,0.0,0.0,0.0,0.0,1.1,0.0,-2.0,0.0,0.0,16.0,25903.0
2026-07-30T19:01:47.444Z,276.927,276.942,0.0,7.4,0.0,0.0,0.0,0.0,0.0,0.0,0.0,0.0,1.0,0.0,0.0,0.0,9.0,4.0,0.0,0.0,0.0,0.0,0.0,0.0,0.0,0.0,5.0,12.0,1.0,12.17,5.01,2.51,1.49,0.0,0.0,0.0,0.4,0.0,-0.8,0.1,-0.6000000000000001,-169.70000000000002,0.0,0.0,169.70000000000002,0.0,21.4,29.200000000000003,29.200000000000003,29.700000000000003,300.0,300.0,31.5,35.7,29.1,28.3,30.200000000000003,4.95,1.99,4.96,0.16,0.0,0.0,1027.0,8228.0,0.0,0.0,0.0,0.0,0.0,1.0,0.0,0.0,0.0,0.0,0.0,-0.2,0.0,0.6000000000000001,0.0,0.0002,16.0,25903.0
2026-07-30T19:01:47.457Z,276.94,276.954,0.0,7.4,0.0,0.0,0.0,0.0,0.0,0.0,0.0,0.0,1.0,0.0,0.0,0.0,9.0,4.0,0.0,0.0,0.0,0.0,0.0,0.0,0.0,0.0,6.0,12.0,1.0,12.17,5.01,2.51,1.49,0.0,0.0,0.0,0.4,0.0,0.2,0.7000000000000001,0.4,-169.70000000000002,0.0,0.0,169.70000000000002,0.0,21.4,29.200000000000003,29.200000000000003,29.700000000000003,300.0,300.0,31.5,35.7,29.1,28.3,30.200000000000003,4.95,2.0,4.96,0.16,0.0,0.0,1027.0,8228.0,0.0,0.0,0.0,0.0,0.0,1.0,0.0,0.0,0.0,0.0,0.0,1.2000000000000002,0.0,-0.2,0.0,0.0,16.0,25903.0
2026-07-30T19:01:47.468Z,276.951,276.966,0.0,7.4,0.0,0.0,0.0,0.0,0.0,0.0,0.0,0.0,1.0,0.0,0.0,0.0,9.0,4.0,0.0,0.0,0.0,0.0,0.0,0.0,0.0,0.0,1.0,12.0,1.0,12.17,5.01,2.51,1.49,0.0,0.0,0.0,0.5,0.0,0.8,0.2,0.5,-169.70000000000002,0.0,0.0,169.8,0.0,21.4,29.200000000000003,29.200000000000003,29.700000000000003,300.0,300.0,31.5,35.7,29.1,28.3,30.200000000000003,4.95,2.0,4.97,0.16,0.0,0.0,1027.0,8228.0,0.0,0.0,0.0,0.0,0.0,1.0,0.0,0.0,0.0,0.0,0.0,0.6000000000000001,0.0,-0.4,0.0,0.0001,16.0,25903.0
2026-07-30T19:01:47.481Z,276.964,276.978,0.0,7.4,0.0,0.0,0.0,0.0,0.0,0.0,0.0,0.0,1.0,0.0,0.0,0.0,9.0,4.0,0.0,0.0,0.0,0.0,0.0,0.0,0.0,0.0,2.0,12.0,1.0,12.17,5.01,2.51,1.49,0.0,0.0,0.0,0.4,0.0,-0.3,-0.3,0.0,-169.70000000000002,0.0,0.0,169.70000000000002,0.0,21.4,29.200000000000003,29.200000000000003,29.700000000000003,300.0,300.0,31.5,35.7,29.1,28.3,30.200000000000003,4.96,1.99,4.96,0.16,0.0,0.0,1027.0,8228.0,0.0,0.0,0.0,0.0,0.0,1.0,0.0,0.0,0.0,0.0,0.0,-0.4,0.0,0.0,0.0,0.0002,16.0,25903.0
2026-07-30T19:01:47.493Z,276.976,276.99,0.0,7.4,0.0,0.0,0.0,0.0,0.0,0.0,0.0,0.0,1.0,0.0,0.0,0.0,9.0,4.0,0.0,0.0,0.0,0.0,0.0,0.0,0.0,0.0,3.0,12.0,1.0,12.17,5.01,2.51,1.49,0.0,0.0,0.0,0.4,0.0,-0.3,0.1,1.7000000000000002,-169.70000000000002,0.0,0.0,169.8,0.0,21.4,29.200000000000003,29.200000000000003,29.700000000000003,300.0,300.0,31.5,35.7,29.1,28.3,30.200000000000003,4.96,1.99,4.97,0.16,0.0,0.0,1027.0,8228.0,0.0,0.0,0.0,0.0,0.0,1.0,0.0,0.0,0.0,0.0,0.0,1.5,0.0,-1.4,0.0,0.0001,16.0,25903.0
2026-07-30T19:01:47.505Z,276.988,277.002,0.0,7.4,0.0,0.0,0.0,0.0,0.0,0.0,0.0,0.0,1.0,0.0,0.0,0.0,9.0,4.0,0.0,0.0,0.0,0.0,0.0,0.0,0.0,0.0,4.0,12.0,1.0,12.17,5.01,2.51,1.49,0.0,0.0,0.0,0.4,0.0,1.4,0.1,0.0,-169.70000000000002,0.0,0.0,169.70000000000002,0.0,21.4,29.200000000000003,29.200000000000003,29.700000000000003,300.0,300.0,31.5,35.7,29.1,28.3,30.200000000000003,4.95,1.99,4.97,0.16,0.0,0.0,1027.0,8228.0,0.0,0.0,0.0,0.0,0.0,1.0,0.0,0.0,0.0,0.0,0.0,0.2,0.0,0.0,0.0,0.0,16.0,25903.0
2026-07-30T19:01:47.517Z,277.0,277.014,0.0,7.4,0.0,0.0,0.0,0.0,0.0,0.0,0.0,0.0,1.0,0.0,0.0,0.0,9.0,4.0,0.0,0.0,0.0,0.0,0.0,0.0,0.0,0.0,5.0,12.0,1.0,12.17,5.01,2.51,1.49,0.0,0.0,0.0,0.4,0.0,0.8,-0.3,0.6000000000000001,-169.70000000000002,0.0,0.0,169.70000000000002,0.0,21.4,29.200000000000003,29.200000000000003,29.700000000000003,300.0,300.0,31.5,35.7,29.1,28.3,30.200000000000003,4.95,1.99,4.97,0.16,0.0,0.0,1027.0,8228.0,0.0,0.0,0.0,0.0,0.0,1.0,0.0,0.0,0.0,0.0,0.0,0.0,0.0,-0.6000000000000001,0.0,0.0,16.0,25903.0
2026-07-30T19:01:47.529Z,277.012,277.026,0.0,7.4,0.0,0.0,0.0,0.0,0.0,0.0,0.0,0.0,1.0,0.0,0.0,0.0,9.0,4.0,0.0,0.0,0.0,0.0,0.0,0.0,0.0,0.0,6.0,12.0,1.0,12.18,5.01,2.51,1.49,0.0,0.0,0.0,0.4,0.0,0.2,-0.3,-0.5,-169.70000000000002,0.0,0.0,169.70000000000002,0.0,21.700000000000003,29.200000000000003,29.200000000000003,29.700000000000003,300.0,300.0,31.5,35.7,29.1,28.200000000000003,30.200000000000003,4.96,1.99,4.96,0.16,0.0,0.0,1027.0,8228.0,0.0,0.0,0.0,0.0,0.0,1.0,0.0,0.0,0.0,0.0,0.0,-0.8,0.0,0.4,0.0,0.0002,16.0,25903.0
2026-07-30T19:01:47.541Z,277.024,277.038,0.0,7.4,0.0,0.0,0.0,0.0,0.0,0.0,0.0,0.0,1.0,0.0,0.0,0.0,9.0,4.0,0.0,0.0,0.0,0.0,0.0,0.0,0.0,0.0,2.0,12.0,1.0,12.18,5.01,2.51,1.49,0.0,0.0,0.0,0.4,0.0,-0.2,-0.3,-0.5,-169.70000000000002,0.0,0.0,169.60000000000002,0.0,21.700000000000003,29.200000000000003,29.200000000000003,29.700000000000003,300.0,300.0,31.5,35.7,29.1,28.200000000000003,30.200000000000003,4.96,1.99,4.97,0.16,0.0,0.0,1027.0,8228.0,0.0,0.0,0.0,0.0,0.0,1.0,0.0,0.0,0.0,0.0,0.0,-0.8,0.0,0.4,0.0,0.0,16.0,25903.0
2026-07-30T19:01:47.553Z,277.036,277.05,0.0,7.4,0.0,0.0,0.0,0.0,0.0,0.0,0.0,0.0,1.0,0.0,0.0,0.0,9.0,4.0,0.0,0.0,0.0,0.0,0.0,0.0,0.0,0.0,3.0,12.0,1.0,12.18,5.01,2.51,1.49,0.0,0.0,0.0,0.4,0.0,-0.3,0.1,0.0,-169.70000000000002,0.0,0.0,169.60000000000002,0.0,21.700000000000003,29.200000000000003,29.200000000000003,29.700000000000003,300.0,300.0,31.5,35.7,29.1,28.200000000000003,30.200000000000003,4.95,1.99,4.97,0.16,0.0,0.0,1027.0,8228.0,0.0,0.0,0.0,0.0,0.0,1.0,0.0,0.0,0.0,0.0,0.0,0.1,0.0,0.0,0.0,0.0001,16.0,25903.0
2026-07-30T19:01:47.565Z,277.048,277.062,0.0,7.4,0.0,0.0,0.0,0.0,0.0,0.0,0.0,0.0,1.0,0.0,0.0,0.0,9.0,4.0,0.0,0.0,0.0,0.0,0.0,0.0,0.0,0.0,4.0,12.0,1.0,12.18,5.01,2.51,1.49,0.0,0.0,0.0,0.4,0.0,0.2,0.1,1.0,-169.70000000000002,0.0,0.0,169.70000000000002,0.0,21.700000000000003,29.200000000000003,29.200000000000003,29.700000000000003,300.0,300.0,31.5,35.7,29.1,28.200000000000003,30.200000000000003,4.96,1.99,4.96,0.16,0.0,0.0,1027.0,8228.0,0.0,0.0,0.0,0.0,0.0,1.0,0.0,0.0,0.0,0.0,0.0,1.0,0.0,-0.9,0.0,0.0,16.0,25903.0
2026-07-30T19:01:47.577Z,277.06,277.074,0.0,7.4,0.0,0.0,0.0,0.0,0.0,0.0,0.0,0.0,1.0,0.0,0.0,0.0,9.0,4.0,0.0,0.0,0.0,0.0,0.0,0.0,0.0,0.0,5.0,12.0,1.0,12.18,5.01,2.51,1.49,-0.1,0.0,0.0,0.4,0.0,-0.8,-0.3,-0.1,-169.70000000000002,0.0,0.0,169.70000000000002,0.0,21.700000000000003,29.200000000000003,29.200000000000003,29.700000000000003,300.0,300.0,31.5,35.7,29.1,28.200000000000003,30.200000000000003,4.97,2.0,4.96,0.16,0.0,0.0,1027.0,8228.0,0.0,0.0,0.0,0.0,0.0,1.0,0.0,0.0,0.0,0.0,0.0,-0.5,0.0,0.0,0.0,0.0001,16.0,25903.0
2026-07-30T19:01:47.589Z,277.072,277.086,0.0,7.4,0.0,0.0,0.0,0.0,0.0,0.0,0.0,0.0,1.0,0.0,0.0,0.0,9.0,4.0,0.0,0.0,0.0,0.0,0.0,0.0,0.0,0.0,6.0,12.0,1.0,12.18,5.01,2.51,1.49,0.0,0.0,0.0,0.4,0.0,0.2,0.2,-1.3,-169.70000000000002,0.0,0.0,169.8,0.0,21.700000000000003,29.200000000000003,29.200000000000003,29.700000000000003,300.0,300.0,31.5,35.7,29.1,28.200000000000003,30.200000000000003,4.97,1.99,4.97,0.16,0.0,0.0,1027.0,8228.0,0.0,0.0,0.0,0.0,0.0,1.0,0.0,0.0,0.0,0.0,0.0,-0.7000000000000001,0.0,1.1,0.0,0.0,16.0,25903.0
2026-07-30T19:01:47.601Z,277.084,277.098,0.0,7.4,0.0,0.0,0.0,0.0,0.0,0.0,0.0,0.0,1.0,0.0,0.0,0.0,9.0,4.0,0.0,0.0,0.0,0.0,0.0,0.0,0.0,0.0,2.0,12.0,1.0,12.18,5.01,2.51,1.49,0.0,0.0,0.0,0.4,0.0,-0.2,1.4,-0.6000000000000001,-169.70000000000002,0.0,0.0,169.8,0.0,21.700000000000003,29.200000000000003,29.200000000000003,29.700000000000003,300.0,300.0,31.5,35.7,29.1,28.200000000000003,30.200000000000003,4.95,1.99,4.97,0.16,0.0,0.0,1027.0,8228.0,0.0,0.0,0.0,0.0,0.0,1.0,0.0,0.0,0.0,0.0,0.0,1.0,0.0,0.8,0.0,0.0002,16.0,25903.0
2026-07-30T19:01:47.613Z,277.096,277.11,0.0,7.4,0.0,0.0,0.0,0.0,0.0,0.0,0.0,0.0,1.0,0.0,0.0,0.0,9.0,4.0,0.0,0.0,0.0,0.0,0.0,0.0,0.0,0.0,3.0,12.0,1.0,12.18,5.01,2.51,1.49,0.0,0.0,0.0,0.5,0.0,-0.2,-0.3,-0.1,-169.70000000000002,0.0,0.0,169.70000000000002,0.0,21.700000000000003,29.200000000000003,29.200000000000003,29.700000000000003,300.0,300.0,31.5,35.7,29.1,28.200000000000003,30.200000000000003,4.96,1.99,4.96,0.16,0.0,0.0,1027.0,8228.0,0.0,0.0,0.0,0.0,0.0,1.0,0.0,0.0,0.0,0.0,0.0,-0.4,0.0,0.0,0.0,0.0001,16.0,25903.0
2026-07-30T19:01:47.626Z,277.109,277.122,0.0,7.4,0.0,0.0,0.0,0.0,0.0,0.0,0.0,0.0,1.0,0.0,0.0,0.0,9.0,4.0,0.0,0.0,0.0,0.0,0.0,0.0,0.0,0.0,3.0,12.0,1.0,12.15,5.01,2.51,1.5,0.0,0.0,0.0,0.4,0.0,0.9,0.8,-0.6000000000000001,-169.70000000000002,0.0,0.0,169.70000000000002,0.0,21.8,29.200000000000003,29.200000000000003,29.700000000000003,300.0,300.0,31.5,35.800000000000004,29.1,28.3,30.1,4.95,2.0,4.97,0.16,0.0,0.0,1027.0,8228.0,0.0,0.0,0.0,0.0,0.0,1.0,0.0,0.0,0.0,0.0,0.0,0.4,0.0,0.7000000000000001,0.0,0.0001,16.0,25903.0
2026-07-30T19:01:47.637Z,277.12,277.134,0.0,7.4,0.0,0.0,0.0,0.0,0.0,0.0,0.0,0.0,1.0,0.0,0.0,0.0,9.0,4.0,0.0,0.0,0.0,0.0,0.0,0.0,0.0,0.0,5.0,12.0,1.0,12.15,5.01,2.51,1.5,0.0,0.0,0.0,0.4,0.0,-0.2,0.1,0.4,-169.70000000000002,0.0,0.0,169.70000000000002,0.0,21.8,29.200000000000003,29.200000000000003,29.700000000000003,300.0,300.0,31.5,35.800000000000004,29.1,28.3,30.1,4.95,1.99,4.96,0.16,0.0,0.0,1027.0,8228.0,0.0,0.0,0.0,0.0,0.0,1.0,0.0,0.0,0.0,0.0,0.0,0.5,0.0,-0.3,0.0,0.0,16.0,25903.0
2026-07-30T19:01:47.649Z,277.132,277.146,0.0,7.4,0.0,0.0,0.0,0.0,0.0,0.0,0.0,0.0,1.0,0.0,0.0,0.0,9.0,4.0,0.0,0.0,0.0,0.0,0.0,0.0,0.0,0.0,6.0,12.0,1.0,12.15,5.01,2.51,1.5,0.0,0.0,0.0,0.5,0.0,-0.1,1.9,-0.1,-169.70000000000002,0.0,0.0,169.8,0.0,21.8,29.200000000000003,29.200000000000003,29.700000000000003,300.0,300.0,31.5,35.800000000000004,29.1,28.3,30.1,4.96,2.0,4.96,0.16,0.0,0.0,1027.0,8228.0,0.0,0.0,0.0,0.0,0.0,1.0,0.0,0.0,0.0,0.0,0.0,2.0,0.0,0.5,0.0,0.0,16.0,25903.0
2026-07-30T19:01:47.664Z,277.147,277.158,0.0,7.4,0.0,0.0,0.0,0.0,0.0,0.0,0.0,0.0,1.0,0.0,0.0,0.0,9.0,4.0,0.0,0.0,0.0,0.0,0.0,0.0,0.0,0.0,1.0,12.0,1.0,12.15,5.01,2.51,1.5,0.0,0.0,0.0,0.4,0.0,0.9,-0.3,-0.1,-169.70000000000002,0.0,0.0,169.8,0.0,21.8,29.200000000000003,29.200000000000003,29.700000000000003,300.0,300.0,31.5,35.800000000000004,29.1,28.3,30.1,4.95,2.0,4.96,0.16,0.0,0.0,1027.0,8228.0,0.0,0.0,0.0,0.0,0.0,1.0,0.0,0.0,0.0,0.0,0.0,-0.5,0.0,0.0,0.0,0.0001,16.0,25903.0
2026-07-30T19:01:47.673Z,277.156,277.17,0.0,7.4,0.0,0.0,0.0,0.0,0.0,0.0,0.0,0.0,1.0,0.0,0.0,0.0,9.0,4.0,0.0,0.0,0.0,0.0,0.0,0.0,0.0,0.0,5.0,12.0,1.0,12.15,5.01,2.51,1.5,0.0,0.0,0.0,0.4,0.0,-0.1,-0.3,-0.1,-169.70000000000002,0.0,0.0,169.8,0.0,21.8,29.200000000000003,29.200000000000003,29.700000000000003,300.0,300.0,31.5,35.800000000000004,29.1,28.3,30.1,4.95,1.99,4.97,0.16,0.0,0.0,1027.0,8228.0,0.0,0.0,0.0,0.0,0.0,1.0,0.0,0.0,0.0,0.0,0.0,-0.5,0.0,0.0,0.0,0.0001,16.0,25903.0
2026-07-30T19:01:47.685Z,277.168,277.182,0.0,7.4,0.0,0.0,0.0,0.0,0.0,0.0,0.0,0.0,1.0,0.0,0.0,0.0,9.0,4.0,0.0,0.0,0.0,0.0,0.0,0.0,0.0,0.0,6.0,12.0,1.0,12.15,5.01,2.51,1.5,0.0,0.0,0.0,0.4,0.0,0.3,0.1,0.4,-169.70000000000002,0.0,0.0,169.70000000000002,0.0,21.8,29.200000000000003,29.200000000000003,29.700000000000003,300.0,300.0,31.5,35.800000000000004,29.1,28.3,30.1,4.95,1.99,4.96,0.16,0.0,0.0,1027.0,8228.0,0.0,0.0,0.0,0.0,0.0,1.0,0.0,0.0,0.0,0.0,0.0,0.5,0.0,-0.3,0.0,0.0,16.0,25903.0
2026-07-30T19:01:47.696Z,277.179,277.194,0.0,7.4,0.0,0.0,0.0,0.0,0.0,0.0,0.0,0.0,1.0,0.0,0.0,0.0,9.0,4.0,0.0,0.0,0.0,0.0,0.0,0.0,0.0,0.0,1.0,12.0,1.0,12.15,5.01,2.51,1.5,0.0,0.1,0.0,0.4,0.0,0.3,1.3,0.4,-169.70000000000002,0.0,0.0,169.8,0.0,21.8,29.200000000000003,29.200000000000003,29.700000000000003,300.0,300.0,31.5,35.800000000000004,29.1,28.3,30.1,4.96,1.99,4.96,0.16,0.0,0.0,1027.0,8228.0,0.0,0.0,0.0,0.0,0.0,1.0,0.0,0.0,0.0,0.0,0.0,1.8,0.0,-0.1,0.0,0.0,16.0,25903.0
2026-07-30T19:01:47.708Z,277.191,277.206,0.0,7.4,0.0,0.0,0.0,0.0,0.0,0.0,0.0,0.0,1.0,0.0,0.0,0.0,9.0,4.0,0.0,0.0,0.0,0.0,0.0,0.0,0.0,0.0,2.0,12.0,1.0,12.15,5.01,2.51,1.5,0.0,0.0,0.0,0.4,0.0,0.3,-0.3,-1.3,-169.70000000000002,0.0,0.0,169.70000000000002,0.0,21.8,29.200000000000003,29.200000000000003,29.700000000000003,300.0,300.0,31.5,35.800000000000004,29.1,28.3,30.1,4.95,1.99,4.97,0.16,0.0,0.0,1027.0,8228.0,0.0,0.0,0.0,0.0,0.0,1.0,0.0,0.0,0.0,0.0,0.0,-1.4,0.0,1.0,0.0,0.0,16.0,25903.0
2026-07-30T19:01:47.720Z,277.203,277.218,0.0,7.4,0.0,0.0,0.0,0.0,0.0,0.0,0.0,0.0,1.0,0.0,0.0,0.0,9.0,4.0,0.0,0.0,0.0,0.0,0.0,0.0,0.0,0.0,3.0,12.0,1.0,12.15,5.01,2.51,1.5,0.0,0.0,0.0,0.4,0.0,-0.2,-0.3,-0.7000000000000001,-169.70000000000002,0.0,0.0,169.70000000000002,0.0,21.8,29.200000000000003,29.200000000000003,29.700000000000003,300.0,300.0,31.5,35.800000000000004,29.1,28.3,30.1,4.96,1.99,4.96,0.16,0.0,0.0,1027.0,8228.0,0.0,0.0,0.0,0.0,0.0,1.0,0.0,0.0,0.0,0.0,0.0,-1.3,0.0,1.0,0.0,0.0001,16.0,25903.0
2026-07-30T19:01:47.732Z,277.215,277.23,0.0,7.4,0.0,0.0,0.0,0.0,0.0,0.0,0.0,0.0,1.0,0.0,0.0,0.0,9.0,4.0,0.0,0.0,0.0,0.0,0.0,0.0,0.0,0.0,4.0,12.0,1.0,12.17,5.01,2.5,1.49,0.0,0.0,0.0,0.4,0.0,0.9,1.4,1.6,-169.70000000000002,0.0,0.0,169.70000000000002,0.0,21.8,29.200000000000003,29.200000000000003,29.700000000000003,300.0,300.0,31.5,35.7,29.1,28.3,30.200000000000003,4.96,2.0,4.96,0.16,0.0,0.0,1027.0,8228.0,0.0,0.0,0.0,0.0,0.0,1.0,0.0,0.0,0.0,0.0,0.0,0.6000000000000001,0.0,-0.3,0.0,0.0001,16.0,25903.0
2026-07-30T19:01:47.744Z,277.227,277.242,0.0,7.4,0.0,0.0,0.0,0.0,0.0,0.0,0.0,0.0,1.0,0.0,0.0,0.0,9.0,4.0,0.0,0.0,0.0,0.0,0.0,0.0,0.0,0.0,5.0,12.0,1.0,12.17,5.01,2.5,1.49,0.0,0.0,0.0,0.4,0.0,-0.8,0.8,-0.6000000000000001,-169.70000000000002,0.0,0.0,169.70000000000002,0.0,21.8,29.200000000000003,29.200000000000003,29.700000000000003,300.0,300.0,31.5,35.7,29.1,28.3,30.200000000000003,4.96,1.99,4.96,0.16,0.0,0.0,1027.0,8228.0,0.0,0.0,0.0,0.0,0.0,1.0,0.0,0.0,0.0,0.0,0.0,1.8,0.0,-0.7000000000000001,0.0,0.0,16.0,25903.0
2026-07-30T19:01:47.756Z,277.239,277.254,0.0,7.4,0.0,0.0,0.0,0.0,0.0,0.0,0.0,0.0,1.0,0.0,0.0,0.0,9.0,4.0,0.0,0.0,0.0,0.0,0.0,0.0,0.0,0.0,6.0,12.0,1.0,12.17,5.01,2.5,1.49,0.0,0.0,0.0,0.4,0.0,-0.8,-0.2,-1.2000000000000002,-169.70000000000002,0.0,0.0,169.70000000000002,0.0,21.8,29.200000000000003,29.200000000000003,29.700000000000003,300.0,300.0,31.5,35.7,29.1,28.3,30.200000000000003,4.96,1.99,4.97,0.16,0.0,0.0,1027.0,8228.0,0.0,0.0,0.0,0.0,0.0,1.0,0.0,0.0,0.0,0.0,0.0,-1.2000000000000002,0.0,1.0,0.0,0.0,16.0,25903.0
2026-07-30T19:01:47.769Z,277.252,277.266,0.0,7.4,0.0,0.0,0.0,0.0,0.0,0.0,0.0,0.0,1.0,0.0,0.0,0.0,9.0,4.0,0.0,0.0,0.0,0.0,0.0,0.0,0.0,0.0,1.0,12.0,1.0,12.17,5.01,2.5,1.49,0.0,0.0,0.0,0.4,0.0,-0.2,0.2,-0.1,-169.70000000000002,0.0,0.0,169.70000000000002,0.0,21.8,29.200000000000003,29.200000000000003,29.700000000000003,300.0,300.0,31.5,35.7,29.1,28.3,30.200000000000003,4.96,1.99,4.96,0.16,0.0,0.0,1027.0,8228.0,0.0,0.0,0.0,0.0,0.0,1.0,0.0,0.0,0.0,0.0,0.0,0.2,0.0,0.1,0.0,0.0,16.0,25903.0
2026-07-30T19:01:47.780Z,277.263,277.278,0.0,7.4,0.0,0.0,0.0,0.0,0.0,0.0,0.0,0.0,1.0,0.0,0.0,0.0,9.0,4.0,0.0,0.0,0.0,0.0,0.0,0.0,0.0,0.0,2.0,12.0,1.0,12.17,5.01,2.5,1.49,0.0,0.0,0.0,0.4,0.0,-0.2,1.4,-0.1,-169.70000000000002,0.0,0.0,169.70000000000002,0.0,21.8,29.200000000000003,29.200000000000003,29.700000000000003,300.0,300.0,31.5,35.7,29.1,28.3,30.200000000000003,4.96,1.99,4.96,0.16,0.0,0.0,1027.0,8228.0,0.0,0.0,0.0,0.0,0.0,1.0,0.0,0.0,0.0,0.0,0.0,1.5,0.0,0.3,0.0,0.0001,16.0,25903.0
2026-07-30T19:01:47.792Z,277.275,277.29,0.0,7.4,0.0,0.0,0.0,0.0,0.0,0.0,0.0,0.0,1.0,0.0,0.0,0.0,9.0,4.0,0.0,0.0,0.0,0.0,0.0,0.0,0.0,0.0,3.0,12.0,1.0,12.17,5.01,2.5,1.49,0.0,0.0,0.0,0.4,0.0,0.3,-0.8,-1.8,-169.70000000000002,0.0,0.0,169.70000000000002,0.0,21.8,29.200000000000003,29.200000000000003,29.700000000000003,300.0,300.0,31.5,35.7,29.1,28.3,30.200000000000003,4.96,1.99,4.96,0.16,0.0,0.0,1027.0,8228.0,0.0,0.0,0.0,0.0,0.0,1.0,0.0,0.0,0.0,0.0,0.0,-2.4000000000000004,0.0,1.4,0.0,0.0,16.0,25903.0
2026-07-30T19:01:47.805Z,277.288,277.302,0.0,7.4,0.0,0.0,0.0,0.0,0.0,0.0,0.0,0.0,1.0,0.0,0.0,0.0,9.0,4.0,0.0,0.0,0.0,0.0,0.0,0.0,0.0,0.0,4.0,12.0,1.0,12.17,5.01,2.5,1.49,0.0,0.0,0.0,0.4,0.0,-0.2,-0.2,1.0,-169.70000000000002,0.0,0.0,169.70000000000002,0.0,21.8,29.200000000000003,29.200000000000003,29.700000000000003,300.0,300.0,31.5,35.7,29.1,28.3,30.200000000000003,4.95,1.99,4.96,0.16,0.0,0.0,1027.0,8228.0,0.0,0.0,0.0,0.0,0.0,1.0,0.0,0.0,0.0,0.0,0.0,0.4,0.0,-0.9,0.0,0.0,16.0,25903.0
2026-07-30T19:01:47.817Z,277.3,277.314,0.0,7.4,0.0,0.0,0.0,0.0,0.0,0.0,0.0,0.0,1.0,0.0,0.0,0.0,9.0,4.0,0.0,0.0,0.0,0.0,0.0,0.0,0.0,0.0,5.0,12.0,1.0,12.17,5.01,2.5,1.49,0.0,0.0,0.0,0.4,0.0,0.3,-0.3,-0.7000000000000001,-169.70000000000002,0.0,0.0,169.70000000000002,0.0,21.8,29.200000000000003,29.200000000000003,29.700000000000003,300.0,300.0,31.5,35.7,29.1,28.3,30.200000000000003,4.95,2.0,4.96,0.16,0.0,0.0,1027.0,8228.0,0.0,0.0,0.0,0.0,0.0,1.0,0.0,0.0,0.0,0.0,0.0,-0.9,0.0,0.5,0.0,0.0,16.0,25903.0
2026-07-30T19:01:47.830Z,277.313,277.326,0.0,7.4,0.0,0.0,0.0,0.0,0.0,0.0,0.0,0.0,1.0,0.0,0.0,0.0,9.0,4.0,0.0,0.0,0.0,0.0,0.0,0.0,0.0,0.0,1.0,12.0,1.0,12.17,5.0200000000000005,2.51,1.49,0.0,0.0,0.0,0.4,0.0,-0.8,-0.3,0.3,-169.70000000000002,0.0,0.0,169.8,0.0,21.4,29.200000000000003,29.200000000000003,29.700000000000003,300.0,300.0,31.6,35.6,29.1,28.3,30.200000000000003,4.95,1.99,4.97,0.16,0.0,0.0,1027.0,8228.0,0.0,0.0,0.0,0.0,0.0,1.0,0.0,0.0,0.0,0.0,0.0,-0.1,0.0,-0.4,0.0,0.0,16.0,25903.0
2026-07-30T19:01:47.841Z,277.324,277.338,0.0,7.4,0.0,0.0,0.0,0.0,0.0,0.0,0.0,0.0,1.0,0.0,0.0,0.0,9.0,4.0,0.0,0.0,0.0,0.0,0.0,0.0,0.0,0.0,2.0,12.0,1.0,12.17,5.0200000000000005,2.51,1.49,0.0,0.0,0.0,0.4,0.0,-0.2,1.3,-0.7000000000000001,-169.70000000000002,0.0,0.0,169.8,0.0,21.4,29.200000000000003,29.200000000000003,29.700000000000003,300.0,300.0,31.6,35.6,29.1,28.3,30.200000000000003,4.95,1.99,4.97,0.16,0.0,0.0,1027.0,8228.0,0.0,0.0,0.0,0.0,0.0,1.0,0.0,0.0,0.0,0.0,0.0,0.9,0.0,0.9,0.0,0.0003,16.0,25903.0
2026-07-30T19:01:47.853Z,277.336,277.35,0.0,7.4,0.0,0.0,0.0,0.0,0.0,0.0,0.0,0.0,1.0,0.0,0.0,0.0,9.0,4.0,0.0,0.0,0.0,0.0,0.0,0.0,0.0,0.0,3.0,12.0,1.0,12.17,5.0200000000000005,2.51,1.49,0.0,0.0,0.0,0.4,0.0,0.3,-0.3,-0.1,-169.70000000000002,0.0,0.0,169.8,0.0,21.4,29.200000000000003,29.200000000000003,29.700000000000003,300.0,300.0,31.6,35.6,29.1,28.3,30.200000000000003,4.96,1.99,4.96,0.16,0.0,0.0,1027.0,8228.0,0.0,0.0,0.0,0.0,0.0,1.0,0.0,0.0,0.0,0.0,0.0,-0.5,0.0,0.0,0.0,0.0001,16.0,25903.0
2026-07-30T19:01:47.865Z,277.348,277.362,0.0,7.4,0.0,0.0,0.0,0.0,0.0,0.0,0.0,0.0,1.0,0.0,0.0,0.0,9.0,4.0,0.0,0.0,0.0,0.0,0.0,0.0,0.0,0.0,4.0,12.0,1.0,12.17,5.0200000000000005,2.51,1.49,0.0,0.1,0.0,0.4,0.0,-0.2,0.2,0.4,-169.70000000000002,0.0,0.0,169.70000000000002,0.0,21.4,29.200000000000003,29.200000000000003,29.700000000000003,300.0,300.0,31.6,35.6,29.1,28.3,30.200000000000003,4.95,1.99,4.96,0.16,0.0,0.0,1027.0,8228.0,0.0,0.0,0.0,0.0,0.0,1.0,0.0,0.0,0.0,0.0,0.0,0.6000000000000001,0.0,-0.3,0.0,0.0001,16.0,25903.0
2026-07-30T19:01:47.877Z,277.36,277.374,0.0,7.4,0.0,0.0,0.0,0.0,0.0,0.0,0.0,0.0,1.0,0.0,0.0,0.0,9.0,4.0,0.0,0.0,0.0,0.0,0.0,0.0,0.0,0.0,5.0,12.0,1.0,12.17,5.0200000000000005,2.51,1.49,0.0,0.0,0.0,0.4,0.0,-0.2,0.2,-1.2000000000000002,-169.70000000000002,0.0,0.0,169.8,0.0,21.4,29.200000000000003,29.200000000000003,29.700000000000003,300.0,300.0,31.6,35.6,29.1,28.3,30.200000000000003,4.95,1.99,4.97,0.16,0.0,0.0,1027.0,8228.0,0.0,0.0,0.0,0.0,0.0,1.0,0.0,0.0,0.0,0.0,0.0,-0.6000000000000001,0.0,1.1,0.0,0.0001,16.0,25903.0
2026-07-30T19:01:47.889Z,277.372,277.386,0.0,7.4,0.0,0.0,0.0,0.0,0.0,0.0,0.0,0.0,1.0,0.0,0.0,0.0,9.0,4.0,0.0,0.0,0.0,0.0,0.0,0.0,0.0,0.0,6.0,12.0,1.0,12.17,5.0200000000000005,2.51,1.49,0.0,0.0,0.0,0.4,0.0,-0.7000000000000001,-0.3,-0.6000000000000001,-169.70000000000002,0.0,0.0,169.8,0.0,21.4,29.200000000000003,29.200000000000003,29.700000000000003,300.0,300.0,31.6,35.6,29.1,28.3,30.200000000000003,4.96,2.0,4.97,0.16,0.0,0.0,1027.0,8228.0,0.0,0.0,0.0,0.0,0.0,1.0,0.0,0.0,0.0,0.0,0.0,-0.8,0.0,0.4,0.0,0.0,16.0,25903.0
2026-07-30T19:01:47.901Z,277.384,277.398,0.0,7.4,0.0,0.0,0.0,0.0,0.0,0.0,0.0,0.0,1.0,0.0,0.0,0.0,9.0,4.0,0.0,0.0,0.0,0.0,0.0,0.0,0.0,0.0,1.0,12.0,1.0,12.17,5.0200000000000005,2.51,1.49,0.0,0.0,0.0,0.5,0.0,-0.1,-0.3,-0.6000000000000001,-169.70000000000002,0.0,0.0,169.8,0.0,21.4,29.200000000000003,29.200000000000003,29.700000000000003,300.0,300.0,31.6,35.6,29.1,28.3,30.200000000000003,4.95,2.0,4.97,0.16,0.0,0.0,1027.0,8228.0,0.0,0.0,0.0,0.0,0.0,1.0,0.0,0.0,0.0,0.0,0.0,-0.8,0.0,0.4,0.0,0.0001,16.0,25903.0
2026-07-30T19:01:47.913Z,277.396,277.41,0.0,7.4,0.0,0.0,0.0,0.0,0.0,0.0,0.0,0.0,1.0,0.0,0.0,0.0,9.0,4.0,0.0,0.0,0.0,0.0,0.0,0.0,0.0,0.0,2.0,12.0,1.0,12.17,5.0200000000000005,2.51,1.49,0.0,0.0,0.0,0.4,0.0,0.4,-0.3,-0.6000000000000001,-169.70000000000002,0.0,0.0,169.60000000000002,0.0,21.4,29.200000000000003,29.200000000000003,29.700000000000003,300.0,300.0,31.6,35.6,29.1,28.3,30.200000000000003,4.96,1.99,4.97,0.16,0.0,0.0,1027.0,8228.0,0.0,0.0,0.0,0.0,0.0,1.0,0.0,0.0,0.0,0.0,0.0,-0.8,0.0,0.4,0.0,0.0,16.0,25903.0
2026-07-30T19:01:47.924Z,277.407,277.422,0.0,7.4,0.0,0.0,0.0,0.0,0.0,0.0,0.0,0.0,1.0,0.0,0.0,0.0,9.0,4.0,0.0,0.0,0.0,0.0,0.0,0.0,0.0,0.0,4.0,12.0,1.0,12.17,5.0200000000000005,2.51,1.49,0.0,0.0,0.0,0.4,0.0,0.3,0.7000000000000001,0.0,-169.70000000000002,0.0,0.0,169.70000000000002,0.0,21.4,29.200000000000003,29.200000000000003,29.700000000000003,300.0,300.0,31.6,35.6,29.1,28.3,30.200000000000003,4.96,1.99,4.96,0.16,0.0,0.0,1027.0,8228.0,0.0,0.0,0.0,0.0,0.0,1.0,0.0,0.0,0.0,0.0,0.0,0.8,0.0,0.1,0.0,0.0002,16.0,25903.0
2026-07-30T19:01:47.937Z,277.42,277.434,0.0,7.4,0.0,0.0,0.0,0.0,0.0,0.0,0.0,0.0,1.0,0.0,0.0,0.0,9.0,4.0,0.0,0.0,0.0,0.0,0.0,0.0,0.0,0.0,5.0,12.0,1.0,12.18,5.0200000000000005,2.5,1.49,0.0,0.0,0.0,0.4,0.0,-0.2,1.3,-0.5,-169.70000000000002,0.0,0.0,169.70000000000002,0.0,21.700000000000003,29.200000000000003,29.200000000000003,29.700000000000003,300.0,300.0,31.5,35.7,29.1,28.3,30.200000000000003,4.96,1.99,4.96,0.16,0.0,0.0,1027.0,8228.0,0.0,0.0,0.0,0.0,0.0,1.0,0.0,0.0,0.0,0.0,0.0,1.1,0.0,0.7000000000000001,0.0,0.0001,16.0,25903.0
2026-07-30T19:01:47.948Z,277.431,277.446,0.0,7.4,0.0,0.0,0.0,0.0,0.0,0.0,0.0,0.0,1.0,0.0,0.0,0.0,9.0,4.0,0.0,0.0,0.0,0.0,0.0,0.0,0.0,0.0,1.0,12.0,1.0,12.18,5.0200000000000005,2.5,1.49,0.0,0.0,0.0,0.4,0.0,-0.2,-1.5,0.0,-169.70000000000002,0.0,0.0,169.70000000000002,0.0,21.700000000000003,29.200000000000003,29.200000000000003,29.700000000000003,300.0,300.0,31.5,35.7,29.1,28.3,30.200000000000003,4.95,1.99,4.97,0.16,0.0,0.0,1027.0,8228.0,0.0,0.0,0.0,0.0,0.0,1.0,0.0,0.0,0.0,0.0,0.0,-1.7000000000000002,0.0,-0.3,0.0,0.0,16.0,25903.0
2026-07-30T19:01:47.960Z,277.443,277.458,0.0,7.4,0.0,0.0,0.0,0.0,0.0,0.0,0.0,0.0,1.0,0.0,0.0,0.0,9.0,4.0,0.0,0.0,0.0,0.0,0.0,0.0,0.0,0.0,2.0,12.0,1.0,12.18,5.0200000000000005,2.5,1.49,0.0,0.0,0.0,0.4,0.0,-0.2,-0.9,-0.5,-169.70000000000002,0.0,0.0,169.60000000000002,0.0,21.700000000000003,29.200000000000003,29.200000000000003,29.700000000000003,300.0,300.0,31.5,35.7,29.1,28.3,30.200000000000003,4.96,1.99,4.97,0.16,0.0,0.0,1027.0,8228.0,0.0,0.0,0.0,0.0,0.0,1.0,0.0,0.0,0.0,0.0,0.0,-1.4,0.0,0.2,0.0,0.0,16.0,25903.0
2026-07-30T19:01:47.973Z,277.456,277.47,0.0,7.4,0.0,0.0,0.0,0.0,0.0,0.0,0.0,0.0,1.0,0.0,0.0,0.0,9.0,4.0,0.0,0.0,0.0,0.0,0.0,0.0,0.0,0.0,3.0,12.0,1.0,12.18,5.0200000000000005,2.5,1.49,0.0,0.0,0.0,0.4,0.0,0.9,2.5,1.2000000000000002,-169.70000000000002,0.0,0.0,169.70000000000002,0.0,21.700000000000003,29.200000000000003,29.200000000000003,29.700000000000003,300.0,300.0,31.5,35.7,29.1,28.3,30.200000000000003,4.96,1.99,4.96,0.16,0.0,0.0,1027.0,8228.0,0.0,0.0,0.0,0.0,0.0,1.0,0.0,0.0,0.0,0.0,0.0,3.8,0.0,-0.5,0.0,0.0001,16.0,25903.0
2026-07-30T19:01:47.985Z,277.468,277.482,0.0,7.4,0.0,0.0,0.0,0.0,0.0,0.0,0.0,0.0,1.0,0.0,0.0,0.0,9.0,4.0,0.0,0.0,0.0,0.0,0.0,0.0,0.0,0.0,4.0,12.0,1.0,12.18,5.0200000000000005,2.5,1.49,0.0,0.0,0.0,0.4,0.0,0.3,1.4,-0.4,-169.70000000000002,0.0,0.0,169.70000000000002,0.0,21.700000000000003,29.200000000000003,29.200000000000003,29.700000000000003,300.0,300.0,31.5,35.7,29.1,28.3,30.200000000000003,4.95,1.99,4.96,0.16,0.0,0.0,1027.0,8228.0,0.0,0.0,0.0,0.0,0.0,1.0,0.0,0.0,0.0,0.0,0.0,1.2000000000000002,0.0,0.7000000000000001,0.0,0.0001,16.0,25903.0
2026-07-30T19:01:47.996Z,277.479,277.494,0.0,7.4,0.0,0.0,0.0,0.0,0.0,0.0,0.0,0.0,1.0,0.0,0.0,0.0,9.0,4.0,0.0,0.0,0.0,0.0,0.0,0.0,0.0,0.0,6.0,12.0,1.0,12.18,5.0200000000000005,2.5,1.49,0.0,0.0,0.0,0.4,0.0,0.3,-0.3,0.6000000000000001,-169.70000000000002,0.0,0.0,169.70000000000002,0.0,21.700000000000003,29.200000000000003,29.200000000000003,29.700000000000003,300.0,300.0,31.5,35.7,29.1,28.3,30.200000000000003,4.95,1.99,4.97,0.16,0.0,0.0,1027.0,8228.0,0.0,0.0,0.0,0.0,0.0,1.0,0.0,0.0,0.0,0.0,0.0,0.0,0.0,-0.6000000000000001,0.0,0.0,16.0,25903.0
2026-07-30T19:01:48.008Z,277.491,277.50600000000003,0.0,7.4,0.0,0.0,0.0,0.0,0.0,0.0,0.0,0.0,1.0,0.0,0.0,0.0,9.0,4.0,0.0,0.0,0.0,0.0,0.0,0.0,0.0,0.0,1.0,12.0,1.0,12.18,5.0200000000000005,2.5,1.49,0.0,0.0,0.0,0.4,0.0,0.3,-1.5,0.0,-169.70000000000002,0.0,0.0,169.8,0.0,21.700000000000003,29.200000000000003,29.200000000000003,29.700000000000003,300.0,300.0,31.5,35.7,29.1,28.3,30.200000000000003,4.96,1.99,4.96,0.16,0.0,0.0,1027.0,8228.0,0.0,0.0,0.0,0.0,0.0,1.0,0.0,0.0,0.0,0.0,0.0,-1.7000000000000002,0.0,-0.3,0.0,0.0001,16.0,25903.0
2026-07-30T19:01:48.020Z,277.503,277.51800000000003,0.0,7.4,0.0,0.0,0.0,0.0,0.0,0.0,0.0,0.0,1.0,0.0,0.0,0.0,9.0,4.0,0.0,0.0,0.0,0.0,0.0,0.0,0.0,0.0,2.0,12.0,1.0,12.18,5.0200000000000005,2.5,1.49,0.0,0.0,0.0,0.4,0.0,-0.8,-0.4,0.0,-169.70000000000002,0.0,0.0,169.70000000000002,0.0,21.700000000000003,29.200000000000003,29.200000000000003,29.700000000000003,300.0,300.0,31.5,35.7,29.1,28.3,30.200000000000003,4.96,1.99,4.97,0.16,0.0,0.0,1027.0,8228.0,0.0,0.0,0.0,0.0,0.0,1.0,0.0,0.0,0.0,0.0,0.0,-0.5,0.0,-0.1,0.0,0.0003,16.0,25903.0
2026-07-30T19:01:48.034Z,277.517,277.53000000000003,0.0,7.4,0.0,0.0,0.0,0.0,0.0,0.0,0.0,0.0,1.0,0.0,0.0,0.0,9.0,4.0,0.0,0.0,0.0,0.0,0.0,0.0,0.0,0.0,3.0,12.0,1.0,12.18,5.0200000000000005,2.51,1.5,0.0,0.0,0.0,0.4,0.0,0.3,1.3,-0.5,-169.70000000000002,0.0,0.0,169.70000000000002,0.0,21.3,29.200000000000003,29.200000000000003,29.700000000000003,300.0,300.0,31.5,35.7,29.0,28.200000000000003,30.200000000000003,4.95,1.99,4.97,0.16,0.0,0.0,1027.0,8228.0,0.0,0.0,0.0,0.0,0.0,1.0,0.0,0.0,0.0,0.0,0.0,1.0,0.0,0.7000000000000001,0.0,0.0001,16.0,25903.0
2026-07-30T19:01:48.044Z,277.527,277.54200000000003,0.0,7.4,0.0,0.0,0.0,0.0,0.0,0.0,0.0,0.0,1.0,0.0,0.0,0.0,9.0,4.0,0.0,0.0,0.0,0.0,0.0,0.0,0.0,0.0,4.0,12.0,1.0,12.18,5.0200000000000005,2.51,1.5,0.0,0.1,0.0,0.5,0.0,-0.3,0.1,0.5,-169.70000000000002,0.0,0.0,169.8,0.0,21.3,29.200000000000003,29.200000000000003,29.700000000000003,300.0,300.0,31.5,35.7,29.0,28.200000000000003,30.200000000000003,4.96,1.99,4.96,0.16,0.0,0.0,1027.0,8228.0,0.0,0.0,0.0,0.0,0.0,1.0,0.0,0.0,0.0,0.0,0.0,0.5,0.0,-0.4,0.0,0.0001,16.0,25903.0
2026-07-30T19:01:48.057Z,277.54,277.55400000000003,0.0,7.4,0.0,0.0,0.0,0.0,0.0,0.0,0.0,0.0,1.0,0.0,0.0,0.0,9.0,4.0,0.0,0.0,0.0,0.0,0.0,0.0,0.0,0.0,5.0,12.0,1.0,12.18,5.0200000000000005,2.51,1.5,0.0,0.0,0.0,0.4,0.0,-0.8,-0.4,-0.6000000000000001,-169.70000000000002,0.0,0.0,169.8,0.0,21.3,29.200000000000003,29.200000000000003,29.700000000000003,300.0,300.0,31.5,35.7,29.0,28.200000000000003,30.200000000000003,4.95,1.99,4.97,0.16,0.0,0.0,1027.0,8228.0,0.0,0.0,0.0,0.0,0.0,1.0,0.0,0.0,0.0,0.0,0.0,-0.9,0.0,0.4,0.0,0.0,16.0,25903.0
2026-07-30T19:01:48.069Z,277.552,277.56600000000003,0.0,7.4,0.0,0.0,0.0,0.0,0.0,0.0,0.0,0.0,1.0,0.0,0.0,0.0,9.0,4.0,0.0,0.0,0.0,0.0,0.0,0.0,0.0,0.0,6.0,12.0,1.0,12.18,5.0200000000000005,2.51,1.5,0.0,0.0,0.0,0.5,0.0,-0.2,0.7000000000000001,0.5,-169.70000000000002,0.0,0.0,169.8,0.0,21.3,29.200000000000003,29.200000000000003,29.700000000000003,300.0,300.0,31.5,35.7,29.0,28.200000000000003,30.200000000000003,4.95,1.99,4.97,0.16,0.0,0.0,1027.0,8228.0,0.0,0.0,0.0,0.0,0.0,1.0,0.0,0.0,0.0,0.0,0.0,1.2000000000000002,0.0,-0.3,0.0,0.0,16.0,25903.0
2026-07-30T19:01:48.081Z,277.564,277.57800000000003,0.0,7.4,0.0,0.0,0.0,0.0,0.0,0.0,0.0,0.0,1.0,0.0,0.0,0.0,9.0,4.0,0.0,0.0,0.0,0.0,0.0,0.0,0.0,0.0,2.0,12.0,1.0,12.18,5.0200000000000005,2.51,1.5,0.0,0.0,0.0,0.4,0.0,0.3,0.7000000000000001,-0.6000000000000001,-169.70000000000002,0.0,0.0,169.8,0.0,21.3,29.200000000000003,29.200000000000003,29.700000000000003,300.0,300.0,31.5,35.7,29.0,28.200000000000003,30.200000000000003,4.95,1.99,4.97,0.16,0.0,0.0,1027.0,8228.0,0.0,0.0,0.0,0.0,0.0,1.0,0.0,0.0,0.0,0.0,0.0,0.3,0.0,0.7000000000000001,0.0,0.0,16.0,25903.0
2026-07-30T19:01:48.092Z,277.575,277.59000000000003,0.0,7.4,0.0,0.0,0.0,0.0,0.0,0.0,0.0,0.0,1.0,0.0,0.0,0.0,9.0,4.0,0.0,0.0,0.0,0.0,0.0,0.0,0.0,0.0,3.0,12.0,1.0,12.18,5.0200000000000005,2.51,1.5,0.0,0.0,0.0,0.4,0.0,-0.2,-0.9,-1.2000000000000002,-169.70000000000002,0.0,0.0,169.8,0.0,21.3,29.200000000000003,29.200000000000003,29.700000000000003,300.0,300.0,31.5,35.7,29.0,28.200000000000003,30.200000000000003,4.96,1.99,4.96,0.16,0.0,0.0,1027.0,8228.0,0.0,0.0,0.0,0.0,0.0,1.0,0.0,0.0,0.0,0.0,0.0,-2.0,0.0,0.9,0.0,0.0,16.0,25903.0
2026-07-30T19:01:48.105Z,277.588,277.60200000000003,0.0,7.4,0.0,0.0,0.0,0.0,0.0,0.0,0.0,0.0,1.0,0.0,0.0,0.0,9.0,4.0,0.0,0.0,0.0,0.0,0.0,0.0,0.0,0.0,3.0,12.0,1.0,12.18,5.0200000000000005,2.51,1.5,0.0,0.0,0.0,0.4,0.0,-0.3,0.1,-0.1,-169.70000000000002,0.0,0.0,169.8,0.0,21.3,29.200000000000003,29.200000000000003,29.700000000000003,300.0,300.0,31.5,35.7,29.0,28.200000000000003,30.200000000000003,4.95,1.99,4.97,0.16,0.0,0.0,1027.0,8228.0,0.0,0.0,0.0,0.0,0.0,1.0,0.0,0.0,0.0,0.0,0.0,0.0,0.0,0.1,0.0,0.0001,16.0,25903.0
2026-07-30T19:01:48.117Z,277.6,277.61400000000003,0.0,7.4,0.0,0.0,0.0,0.0,0.0,0.0,0.0,0.0,1.0,0.0,0.0,0.0,9.0,4.0,0.0,0.0,0.0,0.0,0.0,0.0,0.0,0.0,5.0,12.0,1.0,12.18,5.0200000000000005,2.51,1.5,0.0,0.0,0.0,0.4,0.0,-0.3,0.1,-0.7000000000000001,-169.70000000000002,0.0,0.0,169.8,0.0,21.3,29.200000000000003,29.200000000000003,29.700000000000003,300.0,300.0,31.5,35.7,29.0,28.200000000000003,30.200000000000003,4.95,1.99,4.96,0.16,0.0,0.0,1027.0,8228.0,0.0,0.0,0.0,0.0,0.0,1.0,0.0,0.0,0.0,0.0,0.0,-0.4,0.0,0.6000000000000001,0.0,0.0,16.0,25903.0
2026-07-30T19:01:48.128Z,277.611,277.62600000000003,0.0,7.4,0.0,0.0,0.0,0.0,0.0,0.0,0.0,0.0,1.0,0.0,0.0,0.0,9.0,4.0,0.0,0.0,0.0,0.0,0.0,0.0,0.0,0.0,6.0,12.0,1.0,12.18,5.0200000000000005,2.51,1.5,0.0,0.0,0.0,0.4,0.0,1.4,1.2000000000000002,2.2,-169.70000000000002,0.0,0.0,169.8,0.0,21.3,29.200000000000003,29.200000000000003,29.700000000000003,300.0,300.0,31.5,35.7,29.0,28.200000000000003,30.200000000000003,4.96,1.99,4.96,0.16,0.0,0.0,1027.0,8228.0,0.0,0.0,0.0,0.0,0.0,1.0,0.0,0.0,0.0,0.0,0.0,3.1,0.0,-1.6,0.0,0.0,16.0,25903.0
2026-07-30T19:01:48.140Z,277.623,277.63800000000003,0.0,7.4,0.0,0.0,0.0,0.0,0.0,0.0,0.0,0.0,1.0,0.0,0.0,0.0,9.0,4.0,0.0,0.0,0.0,0.0,0.0,0.0,0.0,0.0,1.0,12.0,1.0,12.17,5.01,2.51,1.49,0.0,0.1,0.0,0.4,0.0,-0.2,0.6000000000000001,0.0,-169.70000000000002,0.0,0.0,169.8,0.0,21.700000000000003,29.200000000000003,29.200000000000003,29.700000000000003,300.0,300.0,31.5,35.7,29.0,28.3,30.200000000000003,4.95,1.99,4.96,0.16,0.0,0.0,1027.0,8228.0,0.0,0.0,0.0,0.0,0.0,1.0,0.0,0.0,0.0,0.0,0.0,0.7000000000000001,0.0,0.2,0.0,0.0001,16.0,25903.0
2026-07-30T19:01:48.152Z,277.635,277.65000000000003,0.0,7.4,0.0,0.0,0.0,0.0,0.0,0.0,0.0,0.0,1.0,0.0,0.0,0.0,9.0,4.0,0.0,0.0,0.0,0.0,0.0,0.0,0.0,0.0,2.0,12.0,1.0,12.17,5.01,2.51,1.49,0.0,0.0,0.0,0.4,0.0,-0.2,-1.0,-0.6000000000000001,-169.70000000000002,0.0,0.0,169.8,0.0,21.700000000000003,29.200000000000003,29.200000000000003,29.700000000000003,300.0,300.0,31.5,35.7,29.0,28.3,30.200000000000003,4.95,1.99,4.97,0.16,0.0,0.0,1027.0,8228.0,0.0,0.0,0.0,0.0,0.0,1.0,0.0,0.0,0.0,0.0,0.0,-1.7000000000000002,0.0,0.3,0.0,0.0001,16.0,25903.0
2026-07-30T19:01:48.165Z,277.648,277.662,0.0,7.4,0.0,0.0,0.0,0.0,0.0,0.0,0.0,0.0,1.0,0.0,0.0,0.0,9.0,4.0,0.0,0.0,0.0,0.0,0.0,0.0,0.0,0.0,3.0,12.0,1.0,12.17,5.01,2.51,1.49,0.0,0.0,0.0,0.4,0.0,0.3,1.2000000000000002,0.0,-169.70000000000002,0.0,0.0,169.8,0.0,21.700000000000003,29.200000000000003,29.200000000000003,29.700000000000003,300.0,300.0,31.5,35.7,29.0,28.3,30.200000000000003,4.95,2.0,4.96,0.16,0.0,0.0,1027.0,8228.0,0.0,0.0,0.0,0.0,0.0,1.0,0.0,0.0,0.0,0.0,0.0,1.3,0.0,0.3,0.0,0.0001,16.0,25903.0
2026-07-30T19:01:48.176Z,277.659,277.674,0.0,7.4,0.0,0.0,0.0,0.0,0.0,0.0,0.0,0.0,1.0,0.0,0.0,0.0,9.0,4.0,0.0,0.0,0.0,0.0,0.0,0.0,0.0,0.0,4.0,12.0,1.0,12.17,5.01,2.51,1.49,0.0,0.0,0.0,0.4,0.0,-0.2,1.2000000000000002,-0.6000000000000001,-169.70000000000002,0.0,0.0,169.8,0.0,21.700000000000003,29.200000000000003,29.200000000000003,29.700000000000003,300.0,300.0,31.5,35.7,29.0,28.3,30.200000000000003,4.96,1.99,4.96,0.16,0.0,0.0,1027.0,8228.0,0.0,0.0,0.0,0.0,0.0,1.0,0.0,0.0,0.0,0.0,0.0,0.9,0.0,0.8,0.0,0.0,16.0,25903.0
2026-07-30T19:01:48.189Z,277.672,277.686,0.0,7.4,0.0,0.0,0.0,0.0,0.0,0.0,0.0,0.0,1.0,0.0,0.0,0.0,9.0,4.0,0.0,0.0,0.0,0.0,0.0,0.0,0.0,0.0,5.0,12.0,1.0,12.17,5.01,2.51,1.49,0.0,0.0,0.0,0.5,0.0,0.2,-0.4,0.4,-169.70000000000002,0.0,0.0,169.8,0.0,21.700000000000003,29.200000000000003,29.200000000000003,29.700000000000003,300.0,300.0,31.5,35.7,29.0,28.3,30.200000000000003,4.95,1.99,4.97,0.16,0.0,0.0,1027.0,8228.0,0.0,0.0,0.0,0.0,0.0,1.0,0.0,0.0,0.0,0.0,0.0,-0.1,0.0,-0.5,0.0,0.0,16.0,25903.0
2026-07-30T19:01:48.200Z,277.683,277.698,0.0,7.4,0.0,0.0,0.0,0.0,0.0,0.0,0.0,0.0,1.0,0.0,0.0,0.0,9.0,4.0,0.0,0.0,0.0,0.0,0.0,0.0,0.0,0.0,6.0,12.0,1.0,12.17,5.01,2.51,1.49,0.0,0.0,0.0,0.4,0.0,0.3,0.1,-0.6000000000000001,-169.70000000000002,0.0,0.0,169.70000000000002,0.0,21.700000000000003,29.200000000000003,29.200000000000003,29.700000000000003,300.0,300.0,31.5,35.7,29.0,28.3,30.200000000000003,4.96,1.98,4.96,0.16,0.0,0.0,1027.0,8228.0,0.0,0.0,0.0,0.0,0.0,1.0,0.0,0.0,0.0,0.0,0.0,-0.3,0.0,0.6000000000000001,0.0,0.0001,16.0,25903.0
2026-07-30T19:01:48.212Z,277.695,277.71,0.0,7.4,0.0,0.0,0.0,0.0,0.0,0.0,0.0,0.0,1.0,0.0,0.0,0.0,9.0,4.0,0.0,0.0,0.0,0.0,0.0,0.0,0.0,0.0,1.0,12.0,1.0,12.17,5.01,2.51,1.49,0.0,0.0,0.0,0.4,0.0,0.2,0.1,0.0,-169.70000000000002,0.0,0.0,169.70000000000002,0.0,21.700000000000003,29.200000000000003,29.200000000000003,29.700000000000003,300.0,300.0,31.5,35.7,29.0,28.3,30.200000000000003,4.96,1.99,4.96,0.16,0.0,0.0,1027.0,8228.0,0.0,0.0,0.0,0.0,0.0,1.0,0.0,0.0,0.0,0.0,0.0,0.0,0.0,0.1,0.0,0.0001,16.0,25903.0
2026-07-30T19:01:48.225Z,277.708,277.722,0.0,7.4,0.0,0.0,0.0,0.0,0.0,0.0,0.0,0.0,1.0,0.0,0.0,0.0,9.0,4.0,0.0,0.0,0.0,0.0,0.0,0.0,0.0,0.0,2.0,12.0,1.0,12.17,5.01,2.51,1.49,0.0,0.0,0.0,0.4,0.0,-0.2,0.1,0.4,-169.70000000000002,0.0,0.0,169.60000000000002,0.0,21.700000000000003,29.200000000000003,29.200000000000003,29.700000000000003,300.0,300.0,31.5,35.7,29.0,28.3,30.200000000000003,4.96,1.99,4.96,0.16,0.0,0.0,1027.0,8228.0,0.0,0.0,0.0,0.0,0.0,1.0,0.0,0.0,0.0,0.0,0.0,-1.8,0.0,-0.2,0.0,0.0001,16.0,25903.0
2026-07-30T19:01:48.237Z,277.72,277.734,0.0,7.4,0.0,0.0,0.0,0.0,0.0,0.0,0.0,0.0,1.0,0.0,0.0,0.0,9.0,4.0,0.0,0.0,0.0,0.0,0.0,0.0,0.0,0.0,3.0,12.0,1.0,12.14,5.0200000000000005,2.5,1.49,0.0,0.0,0.0,0.4,0.0,0.3,0.2,0.0,-169.70000000000002,0.0,0.0,169.8,0.0,21.3,29.200000000000003,29.200000000000003,29.700000000000003,300.0,300.0,31.5,35.7,29.1,28.200000000000003,30.1,4.95,1.99,4.97,0.16,0.0,0.0,1027.0,8228.0,0.0,0.0,0.0,0.0,0.0,1.0,0.0,0.0,0.0,0.0,0.0,0.0,0.0,-0.5,0.0,0.0001,16.0,25903.0
2026-07-30T19:01:48.249Z,277.732,277.746,0.0,7.4,0.0,0.0,0.0,0.0,0.0,0.0,0.0,0.0,1.0,0.0,0.0,0.0,9.0,4.0,0.0,0.0,0.0,0.0,0.0,0.0,0.0,0.0,5.0,12.0,1.0,12.14,5.0200000000000005,2.5,1.49,0.0,0.0,0.0,0.4,0.0,-0.8,-0.3,-0.6000000000000001,-169.70000000000002,0.0,0.0,169.8,0.0,21.3,29.200000000000003,29.200000000000003,29.700000000000003,300.0,300.0,31.5,35.7,29.1,28.200000000000003,30.1,4.96,1.99,4.96,0.16,0.0,0.0,1027.0,8228.0,0.0,0.0,0.0,0.0,0.0,1.0,0.0,0.0,0.0,0.0,0.0,-0.8,0.0,0.4,0.0,0.0001,16.0,25903.0
2026-07-30T19:01:48.261Z,277.744,277.758,0.0,7.4,0.0,0.0,0.0,0.0,0.0,0.0,0.0,0.0,1.0,0.0,0.0,0.0,9.0,4.0,0.0,0.0,0.0,0.0,0.0,0.0,0.0,0.0,5.0,12.0,1.0,12.14,5.0200000000000005,2.5,1.49,0.0,0.0,0.0,0.4,0.0,-0.8,0.8,-0.5,-169.70000000000002,0.0,0.0,169.8,0.0,21.3,29.200000000000003,29.200000000000003,29.700000000000003,300.0,300.0,31.5,35.7,29.1,28.200000000000003,30.1,4.96,1.99,4.97,0.16,0.0,0.0,1027.0,8228.0,0.0,0.0,0.0,0.0,0.0,1.0,0.0,0.0,0.0,0.0,0.0,2.4000000000000004,0.0,-2.5,0.0,0.0001,16.0,25903.0
2026-07-30T19:01:48.272Z,277.755,277.77,0.0,7.4,0.0,0.0,0.0,0.0,0.0,0.0,0.0,0.0,1.0,0.0,0.0,0.0,9.0,4.0,0.0,0.0,0.0,0.0,0.0,0.0,0.0,0.0,1.0,12.0,1.0,12.14,5.0200000000000005,2.5,1.49,0.0,0.0,0.0,0.4,0.0,-0.2,0.8,-1.1,-169.70000000000002,0.0,0.0,169.60000000000002,0.0,21.3,29.200000000000003,29.200000000000003,29.700000000000003,300.0,300.0,31.5,35.7,29.1,28.200000000000003,30.1,4.95,1.99,4.97,0.16,0.0,0.0,1027.0,8228.0,0.0,0.0,0.0,0.0,0.0,1.0,0.0,0.0,0.0,0.0,0.0,0.0,0.0,1.1,0.0,0.0002,16.0,25903.0
2026-07-30T19:01:48.285Z,277.768,277.782,0.0,7.4,0.0,0.0,0.0,0.0,0.0,0.0,0.0,0.0,1.0,0.0,0.0,0.0,9.0,4.0,0.0,0.0,0.0,0.0,0.0,0.0,0.0,0.0,2.0,12.0,1.0,12.14,5.0200000000000005,2.5,1.49,0.0,0.0,0.0,0.4,0.0,0.3,-0.3,1.1,-169.70000000000002,0.0,0.0,169.60000000000002,0.0,21.3,29.200000000000003,29.200000000000003,29.700000000000003,300.0,300.0,31.5,35.7,29.1,28.200000000000003,30.1,4.96,1.99,4.96,0.16,0.0,0.0,1027.0,8228.0,0.0,0.0,0.0,0.0,0.0,1.0,0.0,0.0,0.0,0.0,0.0,0.4,0.0,-1.0,0.0,0.0002,16.0,25903.0
2026-07-30T19:01:48.296Z,277.779,277.794,0.0,7.4,0.0,0.0,0.0,0.0,0.0,0.0,0.0,0.0,1.0,0.0,0.0,0.0,9.0,4.0,0.0,0.0,0.0,0.0,0.0,0.0,0.0,0.0,3.0,12.0,1.0,12.14,5.0200000000000005,2.5,1.49,0.0,0.0,0.0,0.4,0.0,0.3,0.2,1.1,-169.70000000000002,0.0,0.0,169.8,0.0,21.3,29.200000000000003,29.200000000000003,29.700000000000003,300.0,300.0,31.5,35.7,29.1,28.200000000000003,30.1,4.96,1.99,4.96,0.16,0.0,0.0,1027.0,8228.0,0.0,0.0,0.0,0.0,0.0,1.0,0.0,0.0,0.0,0.0,0.0,1.1,0.0,-0.9,0.0,0.0001,16.0,25903.0
2026-07-30T19:01:48.308Z,277.791,277.806,0.0,7.4,0.0,0.0,0.0,0.0,0.0,0.0,0.0,0.0,1.0,0.0,0.0,0.0,9.0,4.0,0.0,0.0,0.0,0.0,0.0,0.0,0.0,0.0,5.0,12.0,1.0,12.14,5.0200000000000005,2.5,1.49,0.0,0.0,0.0,0.4,0.0,0.3,0.2,0.6000000000000001,-169.70000000000002,0.0,0.0,169.70000000000002,0.0,21.3,29.200000000000003,29.200000000000003,29.700000000000003,300.0,300.0,31.5,35.7,29.1,28.200000000000003,30.1,4.96,1.99,4.96,0.16,0.0,0.0,1027.0,8228.0,0.0,0.0,0.0,0.0,0.0,1.0,0.0,0.0,0.0,0.0,0.0,0.7000000000000001,0.0,-0.5,0.0,0.0003,16.0,25903.0
2026-07-30T19:01:48.321Z,277.804,277.818,0.0,7.4,0.0,0.0,0.0,0.0,0.0,0.0,0.0,0.0,1.0,0.0,0.0,0.0,9.0,4.0,0.0,0.0,0.0,0.0,0.0,0.0,0.0,0.0,6.0,12.0,1.0,12.14,5.0200000000000005,2.5,1.49,0.0,0.1,0.0,0.4,0.0,-0.2,1.3,1.7000000000000002,-169.70000000000002,0.0,0.0,169.70000000000002,0.0,21.3,29.200000000000003,29.200000000000003,29.700000000000003,300.0,300.0,31.5,35.7,29.1,28.200000000000003,30.1,4.95,1.99,4.96,0.16,0.0,0.0,1027.0,8228.0,0.0,0.0,0.0,0.0,0.0,1.0,0.0,0.0,0.0,0.0,0.0,2.9000000000000004,0.0,-1.2000000000000002,0.0,0.0001,16.0,25903.0
2026-07-30T19:01:48.333Z,277.816,277.83,0.0,7.4,0.0,0.0,0.0,0.0,0.0,0.0,0.0,0.0,1.0,0.0,0.0,0.0,9.0,4.0,0.0,0.0,0.0,0.0,0.0,0.0,0.0,0.0,1.0,12.0,1.0,12.14,5.0200000000000005,2.5,1.49,0.0,0.0,0.0,0.4,0.0,-0.8,-0.9,-0.6000000000000001,-169.70000000000002,0.0,0.0,169.70000000000002,0.0,21.3,29.200000000000003,29.200000000000003,29.700000000000003,300.0,300.0,31.5,35.7,29.1,28.200000000000003,30.1,4.95,1.99,4.96,0.16,0.0,0.0,1027.0,8228.0,0.0,0.0,0.0,0.0,0.0,1.0,0.0,0.0,0.0,0.0,0.0,-1.5,0.0,0.3,0.0,0.0001,16.0,25903.0
2026-07-30T19:01:48.344Z,277.827,277.842,0.0,7.4,0.0,0.0,0.0,0.0,0.0,0.0,0.0,0.0,1.0,0.0,0.0,0.0,9.0,4.0,0.0,0.0,0.0,0.0,0.0,0.0,0.0,0.0,2.0,12.0,1.0,12.17,5.01,2.51,1.5,0.0,0.0,0.0,0.4,0.0,0.3,-1.5,-0.5,-169.70000000000002,0.0,0.0,169.70000000000002,0.0,21.200000000000003,29.200000000000003,29.200000000000003,29.700000000000003,300.0,300.0,31.6,35.7,29.1,28.3,30.200000000000003,4.95,1.99,4.97,0.16,0.0,0.0,1027.0,8228.0,0.0,0.0,0.0,0.0,0.0,1.0,0.0,0.0,0.0,0.0,0.0,-2.1,0.0,0.2,0.0,0.0,16.0,25903.0
2026-07-30T19:01:48.357Z,277.84,277.854,0.0,7.4,0.0,0.0,0.0,0.0,0.0,0.0,0.0,0.0,1.0,0.0,0.0,0.0,9.0,4.0,0.0,0.0,0.0,0.0,0.0,0.0,0.0,0.0,4.0,12.0,1.0,12.17,5.01,2.51,1.5,0.0,0.0,0.0,0.4,0.0,0.3,0.1,0.0,-169.70000000000002,0.0,0.0,169.8,0.0,21.200000000000003,29.200000000000003,29.200000000000003,29.700000000000003,300.0,300.0,31.6,35.7,29.1,28.3,30.200000000000003,4.95,1.99,4.97,0.16,0.0,0.0,1027.0,8228.0,0.0,0.0,0.0,0.0,0.0,1.0,0.0,0.0,0.0,0.0,0.0,0.1,0.0,0.0,0.0,0.0,16.0,25903.0
2026-07-30T19:01:48.368Z,277.851,277.866,0.0,7.4,0.0,0.0,0.0,0.0,0.0,0.0,0.0,0.0,1.0,0.0,0.0,0.0,9.0,4.0,0.0,0.0,0.0,0.0,0.0,0.0,0.0,0.0,5.0,12.0,1.0,12.17,5.01,2.51,1.5,0.0,0.0,0.0,0.4,0.0,-0.2,0.1,-0.5,-169.70000000000002,0.0,0.0,169.8,0.0,21.200000000000003,29.200000000000003,29.200000000000003,29.700000000000003,300.0,300.0,31.6,35.7,29.1,28.3,30.200000000000003,4.96,1.99,4.97,0.16,0.0,0.0,1027.0,8228.0,0.0,0.0,0.0,0.0,0.0,1.0,0.0,0.0,0.0,0.0,0.0,-0.2,0.0,0.5,0.0,0.0002,16.0,25903.0
2026-07-30T19:01:48.381Z,277.864,277.878,0.0,7.4,0.0,0.0,0.0,0.0,0.0,0.0,0.0,0.0,1.0,0.0,0.0,0.0,9.0,4.0,0.0,0.0,0.0,0.0,0.0,0.0,0.0,0.0,6.0,12.0,1.0,12.17,5.01,2.51,1.5,0.0,0.0,0.0,0.4,0.0,0.9,1.3,0.5,-169.70000000000002,0.0,0.0,169.70000000000002,0.0,21.200000000000003,29.200000000000003,29.200000000000003,29.700000000000003,300.0,300.0,31.6,35.7,29.1,28.3,30.200000000000003,4.95,1.99,4.96,0.16,0.0,0.0,1027.0,8228.0,0.0,0.0,0.0,0.0,0.0,1.0,0.0,0.0,0.0,0.0,0.0,1.9,0.0,-0.2,0.0,0.0,16.0,25903.0
2026-07-30T19:01:48.392Z,277.875,277.89,0.0,7.4,0.0,0.0,0.0,0.0,0.0,0.0,0.0,0.0,1.0,0.0,0.0,0.0,9.0,4.0,0.0,0.0,0.0,0.0,0.0,0.0,0.0,0.0,1.0,12.0,1.0,12.17,5.01,2.51,1.5,0.0,0.0,0.0,0.4,0.0,-0.7000000000000001,0.7000000000000001,0.0,-169.70000000000002,0.0,0.0,169.70000000000002,0.0,21.200000000000003,29.200000000000003,29.200000000000003,29.700000000000003,300.0,300.0,31.6,35.7,29.1,28.3,30.200000000000003,4.95,1.99,4.97,0.16,0.0,0.0,1027.0,8228.0,0.0,0.0,0.0,0.0,0.0,1.0,0.0,0.0,0.0,0.0,0.0,0.8,0.0,0.1,0.0,0.0002,16.0,25903.0
2026-07-30T19:01:48.404Z,277.887,277.902,0.0,7.4,0.0,0.0,0.0,0.0,0.0,0.0,0.0,0.0,1.0,0.0,0.0,0.0,9.0,4.0,0.0,0.0,0.0,0.0,0.0,0.0,0.0,0.0,2.0,12.0,1.0,12.17,5.01,2.51,1.5,0.0,0.0,0.0,0.4,0.0,0.9,0.1,0.0,-169.70000000000002,0.0,0.0,169.8,0.0,21.200000000000003,29.200000000000003,29.200000000000003,29.700000000000003,300.0,300.0,31.6,35.7,29.1,28.3,30.200000000000003,4.95,1.99,4.97,0.16,0.0,0.0,1027.0,8228.0,0.0,0.0,0.0,0.0,0.0,1.0,0.0,0.0,0.0,0.0,0.0,0.2,0.0,0.0,0.0,0.0001,16.0,25903.0
2026-07-30T19:01:48.416Z,277.899,277.914,0.0,7.4,0.0,0.0,0.0,0.0,0.0,0.0,0.0,0.0,1.0,0.0,0.0,0.0,9.0,4.0,0.0,0.0,0.0,0.0,0.0,0.0,0.0,0.0,3.0,12.0,1.0,12.17,5.01,2.51,1.5,0.0,0.0,0.0,0.4,0.0,-0.1,-0.3,-0.5,-169.70000000000002,0.0,0.0,169.70000000000002,0.0,21.200000000000003,29.200000000000003,29.200000000000003,29.700000000000003,300.0,300.0,31.6,35.7,29.1,28.3,30.200000000000003,4.96,1.99,4.97,0.16,0.0,0.0,1027.0,8228.0,0.0,0.0,0.0,0.0,0.0,1.0,0.0,0.0,0.0,0.0,0.0,-0.8,0.0,0.4,0.0,0.0001,16.0,25903.0
2026-07-30T19:01:48.429Z,277.912,277.926,0.0,7.4,0.0,0.0,0.0,0.0,0.0,0.0,0.0,0.0,1.0,0.0,0.0,0.0,9.0,4.0,0.0,0.0,0.0,0.0,0.0,0.0,0.0,0.0,4.0,12.0,1.0,12.17,5.01,2.51,1.5,0.0,0.0,0.0,0.4,0.0,-0.1,-0.9,0.0,-169.70000000000002,0.0,0.0,169.8,0.0,21.200000000000003,29.200000000000003,29.200000000000003,29.700000000000003,300.0,300.0,31.6,35.7,29.1,28.3,30.200000000000003,4.95,1.99,4.97,0.16,0.0,0.0,1027.0,8228.0,0.0,0.0,0.0,0.0,0.0,1.0,0.0,0.0,0.0,0.0,0.0,-1.0,0.0,-0.1,0.0,0.0,16.0,25903.0
2026-07-30T19:01:48.441Z,277.924,277.938,0.0,7.4,0.0,0.0,0.0,0.0,0.0,0.0,0.0,0.0,1.0,0.0,0.0,0.0,9.0,4.0,0.0,0.0,0.0,0.0,0.0,0.0,0.0,0.0,5.0,12.0,1.0,12.17,5.0200000000000005,2.5,1.49,0.0,0.0,0.0,0.4,0.0,0.4,-0.4,0.5,-169.70000000000002,0.0,0.0,169.8,0.0,21.4,29.200000000000003,29.200000000000003,29.700000000000003,300.0,300.0,31.6,35.7,29.0,28.3,30.200000000000003,4.96,1.99,4.97,0.16,0.0,0.0,1027.0,8228.0,0.0,0.0,0.0,0.0,0.0,1.0,0.0,0.0,0.0,0.0,0.0,0.0,0.0,-0.5,0.0,0.0001,16.0,25903.0
2026-07-30T19:01:48.453Z,277.936,277.95,0.0,7.4,0.0,0.0,0.0,0.0,0.0,0.0,0.0,0.0,1.0,0.0,0.0,0.0,9.0,4.0,0.0,0.0,0.0,0.0,0.0,0.0,0.0,0.0,6.0,12.0,1.0,12.17,5.0200000000000005,2.5,1.49,0.0,0.0,0.0,0.4,0.0,0.4,0.1,0.0,-169.70000000000002,0.0,0.0,169.70000000000002,0.0,21.4,29.200000000000003,29.200000000000003,29.700000000000003,300.0,300.0,31.6,35.7,29.0,28.3,30.200000000000003,4.96,2.0,4.97,0.16,0.0,0.0,1027.0,8228.0,0.0,0.0,0.0,0.0,0.0,1.0,0.0,0.0,0.0,0.0,0.0,0.1,0.0,0.0,0.0,0.0001,16.0,25903.0
2026-07-30T19:01:48.465Z,277.948,277.962,0.0,7.4,0.0,0.0,0.0,0.0,0.0,0.0,0.0,0.0,1.0,0.0,0.0,0.0,9.0,4.0,0.0,0.0,0.0,0.0,0.0,0.0,0.0,0.0,1.0,12.0,1.0,12.17,5.0200000000000005,2.5,1.49,0.0,0.0,0.0,0.4,0.0,0.4,0.2,-0.6000000000000001,-169.70000000000002,0.0,0.0,169.8,0.0,21.4,29.200000000000003,29.200000000000003,29.700000000000003,300.0,300.0,31.6,35.7,29.0,28.3,30.200000000000003,4.96,1.99,4.97,0.16,0.0,0.0,1027.0,8228.0,0.0,0.0,0.0,0.0,0.0,1.0,0.0,0.0,0.0,0.0,0.0,-0.2,0.0,0.6000000000000001,0.0,0.0,16.0,25903.0
2026-07-30T19:01:48.477Z,277.96,277.974,0.0,7.4,0.0,0.0,0.0,0.0,0.0,0.0,0.0,0.0,1.0,0.0,0.0,0.0,9.0,4.0,0.0,0.0,0.0,0.0,0.0,0.0,0.0,0.0,2.0,12.0,1.0,12.17,5.0200000000000005,2.5,1.49,0.0,0.0,0.0,0.4,0.0,0.4,0.2,0.0,-169.70000000000002,0.0,0.0,169.8,0.0,21.4,29.200000000000003,29.200000000000003,29.700000000000003,300.0,300.0,31.6,35.7,29.0,28.3,30.200000000000003,4.96,1.99,4.97,0.16,0.0,0.0,1027.0,8228.0,0.0,0.0,0.0,0.0,0.0,1.0,0.0,0.0,0.0,0.0,0.0,0.2,0.0,0.0,0.0,0.0001,16.0,25903.0
2026-07-30T19:01:48.489Z,277.972,277.986,0.0,7.4,0.0,0.0,0.0,0.0,0.0,0.0,0.0,0.0,1.0,0.0,0.0,0.0,9.0,4.0,0.0,0.0,0.0,0.0,0.0,0.0,0.0,0.0,3.0,12.0,1.0,12.17,5.0200000000000005,2.5,1.49,0.0,0.1,0.0,0.4,0.0,0.4,-0.3,0.5,-169.70000000000002,0.0,0.0,169.70000000000002,0.0,21.4,29.200000000000003,29.200000000000003,29.700000000000003,300.0,300.0,31.6,35.7,29.0,28.3,30.200000000000003,4.96,1.99,4.96,0.16,0.0,0.0,1027.0,8228.0,0.0,0.0,0.0,0.0,0.0,1.0,0.0,0.0,0.0,0.0,0.0,0.0,0.0,-0.5,0.0,0.0,16.0,25903.0
2026-07-30T19:01:48.501Z,277.984,277.998,0.0,7.4,0.0,0.0,0.0,0.0,0.0,0.0,0.0,0.0,1.0,0.0,0.0,0.0,9.0,4.0,0.0,0.0,0.0,0.0,0.0,0.0,0.0,0.0,4.0,12.0,1.0,12.17,5.0200000000000005,2.5,1.49,0.0,0.1,0.0,0.5,0.0,0.4,-0.3,-0.5,-169.70000000000002,0.0,0.0,169.70000000000002,0.0,21.4,29.200000000000003,29.200000000000003,29.700000000000003,300.0,300.0,31.6,35.7,29.0,28.3,30.200000000000003,4.96,1.99,4.97,0.16,0.0,0.0,1027.0,8228.0,0.0,0.0,0.0,0.0,0.0,1.0,0.0,0.0,0.0,0.0,0.0,-0.8,0.0,0.4,0.0,0.0001,16.0,25903.0
2026-07-30T19:01:48.513Z,277.996,278.01,0.0,7.4,0.0,0.0,0.0,0.0,0.0,0.0,0.0,0.0,1.0,0.0,0.0,0.0,9.0,4.0,0.0,0.0,0.0,0.0,0.0,0.0,0.0,0.0,5.0,12.0,1.0,12.17,5.0200000000000005,2.5,1.49,0.0,0.1,0.0,0.4,0.0,-0.1,0.8,-0.6000000000000001,-169.70000000000002,0.0,0.0,169.8,0.0,21.4,29.200000000000003,29.200000000000003,29.700000000000003,300.0,300.0,31.6,35.7,29.0,28.3,30.200000000000003,4.95,1.99,4.97,0.16,0.0,0.0,1027.0,8228.0,0.0,0.0,0.0,0.0,0.0,1.0,0.0,0.0,0.0,0.0,0.0,0.4,0.0,0.7000000000000001,0.0,0.0002,16.0,25903.0
2026-07-30T19:01:48.525Z,278.008,278.022,0.0,7.4,0.0,0.0,0.0,0.0,0.0,0.0,0.0,0.0,1.0,0.0,0.0,0.0,9.0,4.0,0.0,0.0,0.0,0.0,0.0,0.0,0.0,0.0,6.0,12.0,1.0,12.17,5.0200000000000005,2.5,1.49,0.0,0.0,0.0,0.4,0.0,-0.1,-0.9,-0.6000000000000001,-169.70000000000002,0.0,0.0,169.8,0.0,21.4,29.200000000000003,29.200000000000003,29.700000000000003,300.0,300.0,31.6,35.7,29.0,28.3,30.200000000000003,4.96,1.99,4.97,0.16,0.0,0.0,1027.0,8228.0,0.0,0.0,0.0,0.0,0.0,1.0,0.0,0.0,0.0,0.0,0.0,-1.5,0.0,0.3,0.0,0.0001,16.0,25903.0
2026-07-30T19:01:48.536Z,278.019,278.034,0.0,7.4,0.0,0.0,0.0,0.0,0.0,0.0,0.0,0.0,1.0,0.0,0.0,0.0,9.0,4.0,0.0,0.0,0.0,0.0,0.0,0.0,0.0,0.0,2.0,12.0,1.0,12.17,5.0200000000000005,2.5,1.49,0.0,0.0,0.0,0.4,0.0,-0.1,0.8,0.0,-169.70000000000002,0.0,0.0,169.8,0.0,21.4,29.200000000000003,29.200000000000003,29.700000000000003,300.0,300.0,31.6,35.7,29.0,28.3,30.200000000000003,4.96,1.99,4.97,0.16,0.0,0.0,1027.0,8228.0,0.0,0.0,0.0,0.0,0.0,1.0,0.0,0.0,0.0,0.0,0.0,0.8,0.0,0.2,0.0,0.0,16.0,25903.0
2026-07-30T19:01:48.549Z,278.032,278.046,0.0,7.4,0.0,0.0,0.0,0.0,0.0,0.0,0.0,0.0,1.0,0.0,0.0,0.0,9.0,4.0,0.0,0.0,0.0,0.0,0.0,0.0,0.0,0.0,3.0,12.0,1.0,12.14,5.0200000000000005,2.51,1.49,0.0,0.0,0.0,0.4,0.0,-0.1,0.2,1.6,-169.70000000000002,0.0,0.0,169.8,0.0,21.200000000000003,29.200000000000003,29.200000000000003,29.700000000000003,300.0,300.0,31.6,35.7,29.0,28.3,30.200000000000003,4.96,1.99,4.97,0.16,0.0,0.0,1027.0,8228.0,0.0,0.0,0.0,0.0,0.0,1.0,0.0,0.0,0.0,0.0,0.0,1.5,0.0,-1.4,0.0,0.0,16.0,25903.0
2026-07-30T19:01:48.561Z,278.044,278.058,0.0,7.4,0.0,0.0,0.0,0.0,0.0,0.0,0.0,0.0,1.0,0.0,0.0,0.0,9.0,4.0,0.0,0.0,0.0,0.0,0.0,0.0,0.0,0.0,4.0,12.0,1.0,12.14,5.0200000000000005,2.51,1.49,0.0,0.0,0.0,0.4,0.0,1.0,0.2,1.6,-169.70000000000002,0.0,0.0,169.8,0.0,21.200000000000003,29.200000000000003,29.200000000000003,29.700000000000003,300.0,300.0,31.6,35.7,29.0,28.3,30.200000000000003,4.96,1.99,4.97,0.16,0.0,0.0,1027.0,8228.0,0.0,0.0,0.0,0.0,0.0,1.0,0.0,0.0,0.0,0.0,0.0,1.4,0.0,-1.4,0.0,0.0001,16.0,25903.0
2026-07-30T19:01:48.573Z,278.056,278.07,0.0,7.4,0.0,0.0,0.0,0.0,0.0,0.0,0.0,0.0,1.0,0.0,0.0,0.0,9.0,4.0,0.0,0.0,0.0,0.0,0.0,0.0,0.0,0.0,5.0,12.0,1.0,12.14,5.0200000000000005,2.51,1.49,0.0,0.0,0.0,0.4,0.0,-0.7000000000000001,0.2,-0.6000000000000001,-169.70000000000002,0.0,0.0,169.70000000000002,0.0,21.200000000000003,29.200000000000003,29.200000000000003,29.700000000000003,300.0,300.0,31.6,35.7,29.0,28.3,30.200000000000003,4.96,1.99,4.96,0.16,0.0,0.0,1027.0,8228.0,0.0,0.0,0.0,0.0,0.0,1.0,0.0,0.0,0.0,0.0,0.0,-0.2,0.0,0.6000000000000001,0.0,0.0001,16.0,25903.0
2026-07-30T19:01:48.585Z,278.068,278.082,0.0,7.4,0.0,0.0,0.0,0.0,0.0,0.0,0.0,0.0,1.0,0.0,0.0,0.0,9.0,4.0,0.0,0.0,0.0,0.0,0.0,0.0,0.0,0.0,6.0,12.0,1.0,12.14,5.0200000000000005,2.51,1.49,0.0,0.1,0.0,0.4,0.0,-0.1,0.2,0.4,-169.70000000000002,0.0,0.0,169.8,0.0,21.200000000000003,29.200000000000003,29.200000000000003,29.700000000000003,300.0,300.0,31.6,35.7,29.0,28.3,30.200000000000003,4.95,1.99,4.97,0.16,0.0,0.0,1027.0,8228.0,0.0,0.0,0.0,0.0,0.0,1.0,0.0,0.0,0.0,0.0,0.0,0.6000000000000001,0.0,-0.3,0.0,0.0,16.0,25903.0
2026-07-30T19:01:48.597Z,278.08,278.094,0.0,7.4,0.0,0.0,0.0,0.0,0.0,0.0,0.0,0.0,1.0,0.0,0.0,0.0,9.0,4.0,0.0,0.0,0.0,0.0,0.0,0.0,0.0,0.0,1.0,12.0,1.0,12.14,5.0200000000000005,2.51,1.49,0.0,0.0,0.0,0.4,0.0,-0.1,0.8,-0.1,-169.70000000000002,0.0,0.0,169.70000000000002,0.0,21.200000000000003,29.200000000000003,29.200000000000003,29.700000000000003,300.0,300.0,31.6,35.7,29.0,28.3,30.200000000000003,4.95,1.99,4.96,0.16,0.0,0.0,1027.0,8228.0,0.0,0.0,0.0,0.0,0.0,1.0,0.0,0.0,0.0,0.0,0.0,0.8,0.0,0.2,0.0,0.0001,16.0,25903.0
2026-07-30T19:01:48.608Z,278.091,278.106,0.0,7.4,0.0,0.0,0.0,0.0,0.0,0.0,0.0,0.0,1.0,0.0,0.0,0.0,9.0,4.0,0.0,0.0,0.0,0.0,0.0,0.0,0.0,0.0,3.0,12.0,1.0,12.14,5.0200000000000005,2.51,1.49,0.0,0.0,0.0,0.5,0.0,0.4,0.8,-1.2000000000000002,-169.70000000000002,0.0,0.0,169.8,0.0,21.200000000000003,29.200000000000003,29.200000000000003,29.700000000000003,300.0,300.0,31.6,35.7,29.0,28.3,30.200000000000003,4.96,1.99,4.96,0.16,0.0,0.0,1027.0,8228.0,0.0,0.0,0.0,0.0,0.0,1.0,0.0,0.0,0.0,0.0,0.0,0.0,0.0,1.3,0.0,0.0001,16.0,25903.0
2026-07-30T19:01:48.620Z,278.103,278.118,0.0,7.4,0.0,0.0,0.0,0.0,0.0,0.0,0.0,0.0,1.0,0.0,0.0,0.0,9.0,4.0,0.0,0.0,0.0,0.0,0.0,0.0,0.0,0.0,4.0,12.0,1.0,12.14,5.0200000000000005,2.51,1.49,0.0,0.0,0.0,0.4,0.0,-0.7000000000000001,-0.3,-0.1,-169.70000000000002,0.0,0.0,169.8,0.0,21.200000000000003,29.200000000000003,29.200000000000003,29.700000000000003,300.0,300.0,31.6,35.7,29.0,28.3,30.200000000000003,4.96,1.99,4.96,0.16,0.0,0.0,1027.0,8228.0,0.0,0.0,0.0,0.0,0.0,1.0,0.0,0.0,0.0,0.0,0.0,-0.4,0.0,0.0,0.0,0.0001,16.0,25903.0
2026-07-30T19:01:48.632Z,278.115,278.13,0.0,7.4,0.0,0.0,0.0,0.0,0.0,0.0,0.0,0.0,1.0,0.0,0.0,0.0,9.0,4.0,0.0,0.0,0.0,0.0,0.0,0.0,0.0,0.0,5.0,12.0,1.0,12.14,5.0200000000000005,2.51,1.49,0.0,0.0,0.0,0.5,0.0,0.4,-0.3,1.6,-169.70000000000002,0.0,0.0,169.8,0.0,21.200000000000003,29.200000000000003,29.200000000000003,29.700000000000003,300.0,300.0,31.6,35.7,29.0,28.3,30.200000000000003,4.95,1.99,4.97,0.16,0.0,0.0,1027.0,8228.0,0.0,0.0,0.0,0.0,0.0,1.0,0.0,0.0,0.0,0.0,0.0,0.8,0.0,-1.5,0.0,0.0001,16.0,25903.0
2026-07-30T19:01:48.645Z,278.128,278.142,0.0,7.4,0.0,0.0,0.0,0.0,0.0,0.0,0.0,0.0,1.0,0.0,0.0,0.0,9.0,4.0,0.0,0.0,0.0,0.0,0.0,0.0,0.0,0.0,6.0,12.0,1.0,12.17,5.01,2.51,1.49,0.0,0.0,0.0,0.4,0.0,0.9,0.8,-0.1,-169.70000000000002,0.0,0.0,169.8,0.0,21.4,29.200000000000003,29.200000000000003,29.700000000000003,300.0,300.0,31.6,35.6,29.0,28.3,30.200000000000003,4.95,1.99,4.96,0.16,0.0,0.0,1027.0,8228.0,0.0,0.0,0.0,0.0,0.0,1.0,0.0,0.0,0.0,0.0,0.0,0.8,0.0,0.2,0.0,0.0,16.0,25903.0
2026-07-30T19:01:48.657Z,278.14,278.154,0.0,7.4,0.0,0.0,0.0,0.0,0.0,0.0,0.0,0.0,1.0,0.0,0.0,0.0,9.0,4.0,0.0,0.0,0.0,0.0,0.0,0.0,0.0,0.0,2.0,12.0,1.0,12.17,5.01,2.51,1.49,0.0,0.0,0.0,0.4,0.0,-0.8,0.8,1.0,-169.70000000000002,0.0,0.0,169.8,0.0,21.4,29.200000000000003,29.200000000000003,29.700000000000003,300.0,300.0,31.6,35.6,29.0,28.3,30.200000000000003,4.96,1.99,4.96,0.16,0.0,0.0,1027.0,8228.0,0.0,0.0,0.0,0.0,0.0,1.0,0.0,0.0,0.0,0.0,0.0,1.8,0.0,-0.7000000000000001,0.0,0.0,16.0,25903.0
2026-07-30T19:01:48.668Z,278.151,278.166,0.0,7.4,0.0,0.0,0.0,0.0,0.0,0.0,0.0,0.0,1.0,0.0,0.0,0.0,9.0,4.0,0.0,0.0,0.0,0.0,0.0,0.0,0.0,0.0,3.0,12.0,1.0,12.17,5.01,2.51,1.49,0.0,0.0,0.0,0.4,0.0,-0.2,-0.2,1.1,-169.70000000000002,0.0,0.0,169.8,0.0,21.4,29.200000000000003,29.200000000000003,29.700000000000003,300.0,300.0,31.6,35.6,29.0,28.3,30.200000000000003,4.95,1.99,4.97,0.16,0.0,0.0,1027.0,8228.0,0.0,0.0,0.0,0.0,0.0,1.0,0.0,0.0,0.0,0.0,0.0,0.5,0.0,-1.0,0.0,0.0,16.0,25903.0
2026-07-30T19:01:48.680Z,278.163,278.178,0.0,7.4,0.0,0.0,0.0,0.0,0.0,0.0,0.0,0.0,1.0,0.0,0.0,0.0,9.0,4.0,0.0,0.0,0.0,0.0,0.0,0.0,0.0,0.0,4.0,12.0,1.0,12.17,5.01,2.51,1.49,0.0,0.0,0.0,0.5,0.0,1.5,0.9,0.0,-169.70000000000002,0.0,0.0,169.70000000000002,0.0,21.4,29.200000000000003,29.200000000000003,29.700000000000003,300.0,300.0,31.6,35.6,29.0,28.3,30.200000000000003,4.96,1.99,4.96,0.16,0.0,0.0,1027.0,8228.0,0.0,0.0,0.0,0.0,0.0,1.0,0.0,0.0,0.0,0.0,0.0,0.9,0.0,0.2,0.0,0.0,16.0,25903.0
2026-07-30T19:01:48.692Z,278.175,278.19,0.0,7.4,0.0,0.0,0.0,0.0,0.0,0.0,0.0,0.0,1.0,0.0,0.0,0.0,9.0,4.0,0.0,0.0,0.0,0.0,0.0,0.0,0.0,0.0,5.0,12.0,1.0,12.17,5.01,2.51,1.49,0.0,0.0,0.0,0.4,0.0,-0.2,-0.3,0.0,-169.70000000000002,0.0,0.0,169.70000000000002,0.0,21.4,29.200000000000003,29.200000000000003,29.700000000000003,300.0,300.0,31.6,35.6,29.0,28.3,30.200000000000003,4.96,1.99,4.96,0.16,0.0,0.0,1027.0,8228.0,0.0,0.0,0.0,0.0,0.0,1.0,0.0,0.0,0.0,0.0,0.0,-0.4,0.0,0.0,0.0,0.0,16.0,25903.0
2026-07-30T19:01:48.704Z,278.187,278.202,0.0,7.4,0.0,0.0,0.0,0.0,0.0,0.0,0.0,0.0,1.0,0.0,0.0,0.0,9.0,4.0,0.0,0.0,0.0,0.0,0.0,0.0,0.0,0.0,6.0,12.0,1.0,12.17,5.01,2.51,1.49,0.0,0.0,0.0,0.4,0.0,0.3,0.9,-0.6000000000000001,-169.70000000000002,0.0,0.0,169.8,0.0,21.4,29.200000000000003,29.200000000000003,29.700000000000003,300.0,300.0,31.6,35.6,29.0,28.3,30.200000000000003,4.96,1.99,4.96,0.16,0.0,0.0,1027.0,8228.0,0.0,0.0,0.0,0.0,0.0,1.0,0.0,0.0,0.0,0.0,0.0,0.5,0.0,0.7000000000000001,0.0,0.0001,16.0,25903.0
2026-07-30T19:01:48.717Z,278.2,278.214,0.0,7.4,0.0,0.0,0.0,0.0,0.0,0.0,0.0,0.0,1.0,0.0,0.0,0.0,9.0,4.0,0.0,0.0,0.0,0.0,0.0,0.0,0.0,0.0,1.0,12.0,1.0,12.17,5.01,2.51,1.49,0.0,0.0,0.0,0.4,0.0,0.3,0.9,0.5,-169.70000000000002,0.0,0.0,169.60000000000002,0.0,21.4,29.200000000000003,29.200000000000003,29.700000000000003,300.0,300.0,31.6,35.6,29.0,28.3,30.200000000000003,4.95,1.99,4.97,0.16,0.0,0.0,1027.0,8228.0,0.0,0.0,0.0,0.0,0.0,1.0,0.0,0.0,0.0,0.0,0.0,1.4,0.0,-0.2,0.0,0.0001,16.0,25903.0
2026-07-30T19:01:48.728Z,278.211,278.226,0.0,7.4,0.0,0.0,0.0,0.0,0.0,0.0,0.0,0.0,1.0,0.0,0.0,0.0,9.0,4.0,0.0,0.0,0.0,0.0,0.0,0.0,0.0,0.0,3.0,12.0,1.0,12.17,5.01,2.51,1.49,0.0,0.0,0.0,0.4,0.0,-0.1,-0.2,0.4,-169.70000000000002,0.0,0.0,169.8,0.0,21.4,29.200000000000003,29.200000000000003,29.700000000000003,300.0,300.0,31.6,35.6,29.0,28.3,30.200000000000003,4.96,1.99,4.96,0.16,0.0,0.0,1027.0,8228.0,0.0,0.0,0.0,0.0,0.0,1.0,0.0,0.0,0.0,0.0,0.0,0.0,0.0,-0.4,0.0,0.0002,16.0,25903.0
2026-07-30T19:01:48.741Z,278.224,278.238,0.0,7.4,0.0,0.0,0.0,0.0,0.0,0.0,0.0,0.0,1.0,0.0,0.0,0.0,9.0,4.0,0.0,0.0,0.0,0.0,0.0,0.0,0.0,0.0,3.0,12.0,1.0,12.17,5.01,2.51,1.49,0.0,0.0,0.0,0.4,0.0,0.9,2.0,1.0,-169.70000000000002,0.0,0.0,169.70000000000002,0.0,21.4,29.200000000000003,29.200000000000003,29.700000000000003,300.0,300.0,31.6,35.6,29.0,28.3,30.200000000000003,4.96,1.99,4.97,0.16,0.0,0.0,1027.0,8228.0,0.0,0.0,0.0,0.0,0.0,1.0,0.0,0.0,0.0,0.0,0.0,-0.8,0.0,0.5,0.0,0.0001,16.0,25903.0
2026-07-30T19:01:48.752Z,278.235,278.25,0.0,7.4,0.0,0.0,0.0,0.0,0.0,0.0,0.0,0.0,1.0,0.0,0.0,0.0,9.0,4.0,0.0,0.0,0.0,0.0,0.0,0.0,0.0,0.0,5.0,12.0,1.0,12.14,5.01,2.5,1.5,0.0,0.0,0.0,0.4,0.0,-0.7000000000000001,-0.2,-0.6000000000000001,-169.70000000000002,0.0,0.0,169.8,0.0,21.4,29.200000000000003,29.200000000000003,29.700000000000003,300.0,300.0,31.6,35.7,29.1,28.3,30.200000000000003,4.95,1.99,4.97,0.16,0.0,0.0,1027.0,8228.0,0.0,0.0,0.0,0.0,0.0,1.0,0.0,0.0,0.0,0.0,0.0,-1.2000000000000002,0.0,1.0,0.0,0.0001,16.0,25903.0
2026-07-30T19:01:48.766Z,278.249,278.262,0.0,7.4,0.0,0.0,0.0,0.0,0.0,0.0,0.0,0.0,1.0,0.0,0.0,0.0,9.0,4.0,0.0,0.0,0.0,0.0,0.0,0.0,0.0,0.0,6.0,12.0,1.0,12.14,5.01,2.5,1.5,0.0,0.0,0.0,0.4,0.0,-0.2,-1.4,0.0,-169.70000000000002,0.0,0.0,169.60000000000002,0.0,21.4,29.200000000000003,29.200000000000003,29.700000000000003,300.0,300.0,31.6,35.7,29.1,28.3,30.200000000000003,4.95,1.99,4.97,0.16,0.0,0.0,1027.0,8228.0,0.0,0.0,0.0,0.0,0.0,1.0,0.0,0.0,0.0,0.0,0.0,0.7000000000000001,0.0,-0.4,0.0,0.0002,16.0,25903.0
2026-07-30T19:01:48.776Z,278.259,278.274,0.0,7.4,0.0,0.0,0.0,0.0,0.0,0.0,0.0,0.0,1.0,0.0,0.0,0.0,9.0,4.0,0.0,0.0,0.0,0.0,0.0,0.0,0.0,0.0,1.0,12.0,1.0,12.14,5.01,2.5,1.5,0.0,0.0,0.0,0.4,0.0,-0.7000000000000001,0.2,-0.6000000000000001,-169.70000000000002,0.0,0.0,169.60000000000002,0.0,21.4,29.200000000000003,29.200000000000003,29.700000000000003,300.0,300.0,31.6,35.7,29.1,28.3,30.200000000000003,4.96,2.0,4.96,0.16,0.0,0.0,1027.0,8228.0,0.0,0.0,0.0,0.0,0.0,1.0,0.0,0.0,0.0,0.0,0.0,-0.2,0.0,0.6000000000000001,0.0,0.0002,16.0,25903.0
2026-07-30T19:01:48.788Z,278.271,278.286,0.0,7.4,0.0,0.0,0.0,0.0,0.0,0.0,0.0,0.0,1.0,0.0,0.0,0.0,9.0,4.0,0.0,0.0,0.0,0.0,0.0,0.0,0.0,0.0,2.0,12.0,1.0,12.14,5.01,2.5,1.5,0.0,0.1,0.0,0.4,0.0,-0.2,1.3,0.4,-169.70000000000002,0.0,0.0,169.8,0.0,21.4,29.200000000000003,29.200000000000003,29.700000000000003,300.0,300.0,31.6,35.7,29.1,28.3,30.200000000000003,4.96,1.99,4.97,0.16,0.0,0.0,1027.0,8228.0,0.0,0.0,0.0,0.0,0.0,1.0,0.0,0.0,0.0,0.0,0.0,1.8,0.0,-0.1,0.0,0.0001,16.0,25903.0
2026-07-30T19:01:48.800Z,278.283,278.298,0.0,7.4,0.0,0.0,0.0,0.0,0.0,0.0,0.0,0.0,1.0,0.0,0.0,0.0,9.0,4.0,0.0,0.0,0.0,0.0,0.0,0.0,0.0,0.0,3.0,12.0,1.0,12.14,5.01,2.5,1.5,0.0,0.0,0.0,0.4,0.0,0.3,0.7000000000000001,-0.7000000000000001,-169.70000000000002,0.0,0.0,169.70000000000002,0.0,21.4,29.200000000000003,29.200000000000003,29.700000000000003,300.0,300.0,31.6,35.7,29.1,28.3,30.200000000000003,4.95,1.99,4.97,0.16,0.0,0.0,1027.0,8228.0,0.0,0.0,0.0,0.0,0.0,1.0,0.0,0.0,0.0,0.0,0.0,0.3,0.0,0.8,0.0,0.0003,16.0,25903.0
2026-07-30T19:01:48.812Z,278.295,278.31,0.0,7.4,0.0,0.0,0.0,0.0,0.0,0.0,0.0,0.0,1.0,0.0,0.0,0.0,9.0,4.0,0.0,0.0,0.0,0.0,0.0,0.0,0.0,0.0,4.0,12.0,1.0,12.14,5.01,2.5,1.5,0.0,0.0,0.0,0.4,0.0,-0.2,0.8,1.5,-169.70000000000002,0.0,0.0,169.70000000000002,0.0,21.4,29.200000000000003,29.200000000000003,29.700000000000003,300.0,300.0,31.6,35.7,29.1,28.3,30.200000000000003,4.96,1.99,4.96,0.15,0.0,0.0,1027.0,8228.0,0.0,0.0,0.0,0.0,0.0,1.0,0.0,0.0,0.0,0.0,0.0,2.0,0.0,-1.2000000000000002,0.0,0.0002,16.0,25903.0
2026-07-30T19:01:48.824Z,278.307,278.322,0.0,7.4,0.0,0.0,0.0,0.0,0.0,0.0,0.0,0.0,1.0,0.0,0.0,0.0,9.0,4.0,0.0,0.0,0.0,0.0,0.0,0.0,0.0,0.0,5.0,12.0,1.0,12.14,5.01,2.5,1.5,0.0,0.1,0.0,0.4,0.0,-0.2,-0.9,-0.2,-169.70000000000002,0.0,0.0,169.70000000000002,0.0,21.4,29.200000000000003,29.200000000000003,29.700000000000003,300.0,300.0,31.6,35.7,29.1,28.3,30.200000000000003,4.95,2.0,4.97,0.15,0.0,0.0,1027.0,8228.0,0.0,0.0,0.0,0.0,0.0,1.0,0.0,0.0,0.0,0.0,0.0,-1.2000000000000002,0.0,0.0,0.0,0.0001,16.0,25903.0
2026-07-30T19:01:48.837Z,278.32,278.334,0.0,7.4,0.0,0.0,0.0,0.0,0.0,0.0,0.0,0.0,1.0,0.0,0.0,0.0,9.0,4.0,0.0,0.0,0.0,0.0,0.0,0.0,0.0,0.0,6.0,12.0,1.0,12.14,5.01,2.5,1.5,0.0,0.0,0.0,0.5,0.0,-0.2,-0.3,0.3,-169.70000000000002,0.0,0.0,169.70000000000002,0.0,21.4,29.200000000000003,29.200000000000003,29.700000000000003,300.0,300.0,31.6,35.7,29.1,28.3,30.200000000000003,4.95,2.0,4.96,0.16,0.0,0.0,1027.0,8228.0,0.0,0.0,0.0,0.0,0.0,1.0,0.0,0.0,0.0,0.0,0.0,0.0,0.0,-0.3,0.0,0.0001,16.0,25903.0
2026-07-30T19:01:48.850Z,278.333,278.346,0.0,7.4,0.0,0.0,0.0,0.0,0.0,0.0,0.0,0.0,1.0,0.0,0.0,0.0,9.0,4.0,0.0,0.0,0.0,0.0,0.0,0.0,0.0,0.0,1.0,12.0,1.0,12.15,5.01,2.51,1.49,0.0,0.0,0.0,0.4,0.0,0.2,0.8,-0.8,-169.70000000000002,0.0,0.0,169.70000000000002,0.0,21.8,29.200000000000003,29.200000000000003,29.700000000000003,300.0,300.0,31.6,35.7,29.1,28.3,30.200000000000003,4.96,2.0,4.96,0.16,0.0,0.0,1027.0,8228.0,0.0,0.0,0.0,0.0,0.0,1.0,0.0,0.0,0.0,0.0,0.0,0.3,0.0,0.8,0.0,0.0,16.0,25903.0
2026-07-30T19:01:48.860Z,278.343,278.358,0.0,7.4,0.0,0.0,0.0,0.0,0.0,0.0,0.0,0.0,1.0,0.0,0.0,0.0,9.0,4.0,0.0,0.0,0.0,0.0,0.0,0.0,0.0,0.0,3.0,12.0,1.0,12.15,5.01,2.51,1.49,0.0,0.0,0.0,0.5,0.0,0.2,0.2,-0.1,-169.70000000000002,0.0,0.0,169.60000000000002,0.0,21.8,29.200000000000003,29.200000000000003,29.700000000000003,300.0,300.0,31.6,35.7,29.1,28.3,30.200000000000003,4.95,2.0,4.96,0.16,0.0,0.0,1027.0,8228.0,0.0,0.0,0.0,0.0,0.0,1.0,0.0,0.0,0.0,0.0,0.0,0.1,0.0,0.2,0.0,0.0,16.0,25903.0
2026-07-30T19:01:48.873Z,278.356,278.37,0.0,7.4,0.0,0.0,0.0,0.0,0.0,0.0,0.0,0.0,1.0,0.0,0.0,0.0,9.0,4.0,0.0,0.0,0.0,0.0,0.0,0.0,0.0,0.0,4.0,12.0,1.0,12.15,5.01,2.51,1.49,0.0,0.0,0.0,0.4,0.0,-0.3,-0.3,0.9,-169.70000000000002,0.0,0.0,169.60000000000002,0.0,21.8,29.200000000000003,29.200000000000003,29.700000000000003,300.0,300.0,31.6,35.7,29.1,28.3,30.200000000000003,4.95,1.99,4.97,0.16,0.0,0.0,1027.0,8228.0,0.0,0.0,0.0,0.0,0.0,1.0,0.0,0.0,0.0,0.0,0.0,0.3,0.0,-0.9,0.0,0.0,16.0,25903.0
2026-07-30T19:01:48.884Z,278.367,278.382,0.0,7.4,0.0,0.0,0.0,0.0,0.0,0.0,0.0,0.0,1.0,0.0,0.0,0.0,9.0,4.0,0.0,0.0,0.0,0.0,0.0,0.0,0.0,0.0,6.0,12.0,1.0,12.15,5.01,2.51,1.49,0.0,0.0,0.0,0.4,0.0,0.2,0.2,-0.1,-169.70000000000002,0.0,0.0,169.70000000000002,0.0,21.8,29.200000000000003,29.200000000000003,29.700000000000003,300.0,300.0,31.6,35.7,29.1,28.3,30.200000000000003,4.95,2.0,4.98,0.16,0.0,0.0,1027.0,8228.0,0.0,0.0,0.0,0.0,0.0,1.0,0.0,0.0,0.0,0.0,0.0,0.2,0.0,0.1,0.0,0.0,16.0,25903.0
2026-07-30T19:01:48.896Z,278.379,278.394,0.0,7.4,0.0,0.0,0.0,0.0,0.0,0.0,0.0,0.0,1.0,0.0,0.0,0.0,9.0,4.0,0.0,0.0,0.0,0.0,0.0,0.0,0.0,0.0,1.0,12.0,1.0,12.15,5.01,2.51,1.49,0.0,0.0,0.0,0.5,0.0,0.2,0.2,0.4,-169.70000000000002,0.0,0.0,169.70000000000002,0.0,21.8,29.200000000000003,29.200000000000003,29.700000000000003,300.0,300.0,31.6,35.7,29.1,28.3,30.200000000000003,4.96,1.99,4.98,0.16,0.0,0.0,1027.0,8228.0,0.0,0.0,0.0,0.0,0.0,1.0,0.0,0.0,0.0,0.0,0.0,0.6000000000000001,0.0,-0.3,0.0,0.0001,16.0,25903.0
2026-07-30T19:01:48.908Z,278.391,278.406,0.0,7.4,0.0,0.0,0.0,0.0,0.0,0.0,0.0,0.0,1.0,0.0,0.0,0.0,9.0,4.0,0.0,0.0,0.0,0.0,0.0,0.0,0.0,0.0,2.0,12.0,1.0,12.15,5.01,2.51,1.49,0.0,0.0,0.0,0.4,0.0,-0.9,-0.2,0.4,-169.70000000000002,0.0,0.0,169.70000000000002,0.0,21.8,29.200000000000003,29.200000000000003,29.700000000000003,300.0,300.0,31.6,35.7,29.1,28.3,30.200000000000003,4.96,1.99,4.97,0.16,0.0,0.0,1027.0,8228.0,0.0,0.0,0.0,0.0,0.0,1.0,0.0,0.0,0.0,0.0,0.0,0.0,0.0,-0.4,0.0,0.0,16.0,25903.0
2026-07-30T19:01:48.920Z,278.403,278.418,0.0,7.4,0.0,0.0,0.0,0.0,0.0,0.0,0.0,0.0,1.0,0.0,0.0,0.0,9.0,4.0,0.0,0.0,0.0,0.0,0.0,0.0,0.0,0.0,3.0,12.0,1.0,12.15,5.01,2.51,1.49,0.0,0.0,0.0,0.4,0.0,-0.3,0.3,-0.1,-169.70000000000002,0.0,0.0,169.70000000000002,0.0,21.8,29.200000000000003,29.200000000000003,29.700000000000003,300.0,300.0,31.6,35.7,29.1,28.3,30.200000000000003,4.95,1.99,4.96,0.16,0.0,0.0,1027.0,8228.0,0.0,0.0,0.0,0.0,0.0,1.0,0.0,0.0,0.0,0.0,0.0,0.2,0.0,0.1,0.0,0.0001,16.0,25903.0
2026-07-30T19:01:48.932Z,278.415,278.43,0.0,7.4,0.0,0.0,0.0,0.0,0.0,0.0,0.0,0.0,1.0,0.0,0.0,0.0,9.0,4.0,0.0,0.0,0.0,0.0,0.0,0.0,0.0,0.0,4.0,12.0,1.0,12.15,5.01,2.51,1.49,0.0,0.0,0.0,0.4,0.0,-0.3,0.3,1.0,-169.70000000000002,0.0,0.0,169.8,0.0,21.8,29.200000000000003,29.200000000000003,29.700000000000003,300.0,300.0,31.6,35.7,29.1,28.3,30.200000000000003,4.95,2.0,4.96,0.16,0.0,0.0,1027.0,8228.0,0.0,0.0,0.0,0.0,0.0,1.0,0.0,0.0,0.0,0.0,0.0,1.1,0.0,-0.8,0.0,0.0002,16.0,25903.0
2026-07-30T19:01:48.944Z,278.427,278.442,0.0,7.4,0.0,0.0,0.0,0.0,0.0,0.0,0.0,0.0,1.0,0.0,0.0,0.0,9.0,4.0,0.0,0.0,0.0,0.0,0.0,0.0,0.0,0.0,6.0,12.0,1.0,12.15,5.01,2.51,1.49,0.0,0.0,0.0,0.4,0.0,-0.8,0.8,-0.7000000000000001,-169.70000000000002,0.0,0.0,169.70000000000002,0.0,21.8,29.200000000000003,29.200000000000003,29.700000000000003,300.0,300.0,31.6,35.7,29.1,28.3,30.200000000000003,4.95,1.99,4.96,0.16,0.0,0.0,1027.0,8228.0,0.0,0.0,0.0,0.0,0.0,1.0,0.0,0.0,0.0,0.0,0.0,0.4,0.0,0.8,0.0,0.0001,16.0,25903.0
2026-07-30T19:01:48.956Z,278.439,278.454,0.0,7.4,0.0,0.0,0.0,0.0,0.0,0.0,0.0,0.0,1.0,0.0,0.0,0.0,9.0,4.0,0.0,0.0,0.0,0.0,0.0,0.0,0.0,0.0,1.0,12.0,1.0,12.17,5.0200000000000005,2.51,1.49,0.0,0.0,0.0,0.4,0.0,-0.2,-0.2,-0.1,-169.70000000000002,0.0,0.0,169.70000000000002,0.0,21.4,29.200000000000003,29.200000000000003,29.700000000000003,300.0,300.0,31.700000000000003,35.7,29.1,28.3,30.200000000000003,4.95,1.99,4.97,0.16,0.0,0.0,1027.0,8228.0,0.0,0.0,0.0,0.0,0.0,1.0,0.0,0.0,0.0,0.0,0.0,-0.4,0.0,0.1,0.0,0.0001,16.0,25903.0
2026-07-30T19:01:48.968Z,278.451,278.466,0.0,7.4,0.0,0.0,0.0,0.0,0.0,0.0,0.0,0.0,1.0,0.0,0.0,0.0,9.0,4.0,0.0,0.0,0.0,0.0,0.0,0.0,0.0,0.0,2.0,12.0,1.0,12.17,5.0200000000000005,2.51,1.49,0.0,0.0,0.0,0.4,0.0,-0.2,-0.2,-1.3,-169.70000000000002,0.0,0.0,169.70000000000002,0.0,21.4,29.200000000000003,29.200000000000003,29.700000000000003,300.0,300.0,31.700000000000003,35.7,29.1,28.3,30.200000000000003,4.96,1.99,4.97,0.16,0.0,0.0,1027.0,8228.0,0.0,0.0,0.0,0.0,0.0,1.0,0.0,0.0,0.0,0.0,0.0,-1.3,0.0,1.1,0.0,0.0,16.0,25903.0
2026-07-30T19:01:48.980Z,278.463,278.478,0.0,7.4,0.0,0.0,0.0,0.0,0.0,0.0,0.0,0.0,1.0,0.0,0.0,0.0,9.0,4.0,0.0,0.0,0.0,0.0,0.0,0.0,0.0,0.0,3.0,12.0,1.0,12.17,5.0200000000000005,2.51,1.49,0.0,0.0,0.0,0.4,0.0,-0.2,0.2,-0.1,-169.70000000000002,0.0,0.0,169.70000000000002,0.0,21.4,29.200000000000003,29.200000000000003,29.700000000000003,300.0,300.0,31.700000000000003,35.7,29.1,28.3,30.200000000000003,4.96,1.99,4.97,0.16,0.0,0.0,1027.0,8228.0,0.0,0.0,0.0,0.0,0.0,1.0,0.0,0.0,0.0,0.0,0.0,0.2,0.0,0.1,0.0,0.0001,16.0,25903.0
2026-07-30T19:01:48.992Z,278.475,278.49,0.0,7.4,0.0,0.0,0.0,0.0,0.0,0.0,0.0,0.0,1.0,0.0,0.0,0.0,9.0,4.0,0.0,0.0,0.0,0.0,0.0,0.0,0.0,0.0,4.0,12.0,1.0,12.17,5.0200000000000005,2.51,1.49,0.0,0.0,0.0,0.4,0.0,-0.2,-0.2,-0.1,-169.70000000000002,0.0,0.0,169.70000000000002,0.0,21.4,29.200000000000003,29.200000000000003,29.700000000000003,300.0,300.0,31.700000000000003,35.7,29.1,28.3,30.200000000000003,4.96,1.99,4.97,0.16,0.0,0.0,1027.0,8228.0,0.0,0.0,0.0,0.0,0.0,1.0,0.0,0.0,0.0,0.0,0.0,-0.3,0.0,0.0,0.0,0.0001,16.0,25903.0
2026-07-30T19:01:49.004Z,278.487,278.502,0.0,7.4,0.0,0.0,0.0,0.0,0.0,0.0,0.0,0.0,1.0,0.0,0.0,0.0,9.0,4.0,0.0,0.0,0.0,0.0,0.0,0.0,0.0,0.0,5.0,12.0,1.0,12.17,5.0200000000000005,2.51,1.49,0.0,0.0,0.0,0.4,0.0,-0.2,-0.3,-0.7000000000000001,-169.70000000000002,0.0,0.0,169.8,0.0,21.4,29.200000000000003,29.200000000000003,29.700000000000003,300.0,300.0,31.700000000000003,35.7,29.1,28.3,30.200000000000003,4.96,1.99,4.96,0.16,0.0,0.0,1027.0,8228.0,0.0,0.0,0.0,0.0,0.0,1.0,0.0,0.0,0.0,0.0,0.0,-0.8,0.0,0.5,0.0,0.0,16.0,25903.0
2026-07-30T19:01:49.016Z,278.499,278.514,0.0,7.4,0.0,0.0,0.0,0.0,0.0,0.0,0.0,0.0,1.0,0.0,0.0,0.0,9.0,4.0,0.0,0.0,0.0,0.0,0.0,0.0,0.0,0.0,6.0,12.0,1.0,12.17,5.0200000000000005,2.51,1.49,0.0,0.0,0.0,0.4,0.0,0.3,-1.5,-0.7000000000000001,-169.70000000000002,0.0,0.0,169.8,0.0,21.4,29.200000000000003,29.200000000000003,29.700000000000003,300.0,300.0,31.700000000000003,35.7,29.1,28.3,30.200000000000003,4.95,1.99,4.96,0.16,0.0,0.0,1027.0,8228.0,0.0,0.0,0.0,0.0,0.0,1.0,0.0,0.0,0.0,0.0,0.0,-2.3000000000000003,0.0,0.3,0.0,0.0001,16.0,25903.0
2026-07-30T19:01:49.028Z,278.511,278.526,0.0,7.4,0.0,0.0,0.0,0.0,0.0,0.0,0.0,0.0,1.0,0.0,0.0,0.0,9.0,4.0,0.0,0.0,0.0,0.0,0.0,0.0,0.0,0.0,1.0,12.0,1.0,12.17,5.0200000000000005,2.51,1.49,0.0,0.0,0.0,0.4,0.0,0.3,0.7000000000000001,-0.1,-169.70000000000002,0.0,0.0,169.70000000000002,0.0,21.4,29.200000000000003,29.200000000000003,29.700000000000003,300.0,300.0,31.700000000000003,35.7,29.1,28.3,30.200000000000003,4.95,1.99,4.97,0.16,0.0,0.0,1027.0,8228.0,0.0,0.0,0.0,0.0,0.0,1.0,0.0,0.0,0.0,0.0,0.0,0.7000000000000001,0.0,0.2,0.0,0.0001,16.0,25903.0
2026-07-30T19:01:49.041Z,278.524,278.538,0.0,7.4,0.0,0.0,0.0,0.0,0.0,0.0,0.0,0.0,1.0,0.0,0.0,0.0,9.0,4.0,0.0,0.0,0.0,0.0,0.0,0.0,0.0,0.0,2.0,12.0,1.0,12.17,5.0200000000000005,2.51,1.49,0.0,0.0,0.0,0.4,0.0,0.3,1.3,-0.1,-169.70000000000002,0.0,0.0,169.70000000000002,0.0,21.4,29.200000000000003,29.200000000000003,29.700000000000003,300.0,300.0,31.700000000000003,35.7,29.1,28.3,30.200000000000003,4.95,2.0,4.97,0.16,0.0,0.0,1027.0,8228.0,0.0,0.0,0.0,0.0,0.0,1.0,0.0,0.0,0.0,0.0,0.0,1.3,0.0,0.4,0.0,0.0001,16.0,25903.0
2026-07-30T19:01:49.054Z,278.537,278.55,0.0,7.4,0.0,0.0,0.0,0.0,0.0,0.0,0.0,0.0,1.0,0.0,0.0,0.0,9.0,4.0,0.0,0.0,0.0,0.0,0.0,0.0,0.0,0.0,3.0,12.0,1.0,12.18,5.0200000000000005,2.51,1.49,0.0,0.1,0.0,0.4,0.0,-0.2,0.1,0.9,-169.70000000000002,0.0,0.0,169.8,0.0,21.9,29.200000000000003,29.200000000000003,29.700000000000003,300.0,300.0,31.700000000000003,35.7,29.1,28.3,30.200000000000003,4.96,2.0,4.97,0.16,0.0,0.0,1027.0,8228.0,0.0,0.0,0.0,0.0,0.0,1.0,0.0,0.0,0.0,0.0,0.0,0.9,0.0,-0.8,0.0,0.0001,16.0,25903.0
2026-07-30T19:01:49.064Z,278.547,278.562,0.0,7.4,0.0,0.0,0.0,0.0,0.0,0.0,0.0,0.0,1.0,0.0,0.0,0.0,9.0,4.0,0.0,0.0,0.0,0.0,0.0,0.0,0.0,0.0,4.0,12.0,1.0,12.18,5.0200000000000005,2.51,1.49,0.0,0.0,0.0,0.4,0.0,0.3,-0.4,-0.1,-169.70000000000002,0.0,0.0,169.70000000000002,0.0,21.9,29.200000000000003,29.200000000000003,29.700000000000003,300.0,300.0,31.700000000000003,35.7,29.1,28.3,30.200000000000003,4.96,1.99,4.97,0.16,0.0,0.0,1027.0,8228.0,0.0,0.0,0.0,0.0,0.0,1.0,0.0,0.0,0.0,0.0,0.0,-0.6000000000000001,0.0,0.0,0.0,0.0,16.0,25903.0
2026-07-30T19:01:49.077Z,278.56,278.574,0.0,7.4,0.0,0.0,0.0,0.0,0.0,0.0,0.0,0.0,1.0,0.0,0.0,0.0,9.0,4.0,0.0,0.0,0.0,0.0,0.0,0.0,0.0,0.0,4.0,12.0,1.0,12.18,5.0200000000000005,2.51,1.49,0.0,0.0,0.0,0.4,0.0,0.3,0.1,1.5,-169.70000000000002,0.0,0.0,169.8,0.0,21.9,29.200000000000003,29.200000000000003,29.700000000000003,300.0,300.0,31.700000000000003,35.7,29.1,28.3,30.200000000000003,4.96,1.99,4.96,0.16,0.0,0.0,1027.0,8228.0,0.0,0.0,0.0,0.0,0.0,1.0,0.0,0.0,0.0,0.0,0.0,1.2000000000000002,0.0,-1.3,0.0,0.0001,16.0,25903.0
2026-07-30T19:01:49.089Z,278.572,278.586,0.0,7.4,0.0,0.0,0.0,0.0,0.0,0.0,0.0,0.0,1.0,0.0,0.0,0.0,9.0,4.0,0.0,0.0,0.0,0.0,0.0,0.0,0.0,0.0,5.0,12.0,1.0,12.18,5.0200000000000005,2.51,1.49,0.0,0.0,0.0,0.4,0.0,-0.2,0.1,0.4,-169.70000000000002,0.0,0.0,169.8,0.0,21.9,29.200000000000003,29.200000000000003,29.700000000000003,300.0,300.0,31.700000000000003,35.7,29.1,28.3,30.200000000000003,4.96,1.99,4.96,0.16,0.0,0.0,1027.0,8228.0,0.0,0.0,0.0,0.0,0.0,1.0,0.0,0.0,0.0,0.0,0.0,0.4,0.0,-0.3,0.0,0.0,16.0,25903.0
2026-07-30T19:01:49.100Z,278.583,278.598,0.0,7.4,0.0,0.0,0.0,0.0,0.0,0.0,0.0,0.0,1.0,0.0,0.0,0.0,9.0,4.0,0.0,0.0,0.0,0.0,0.0,0.0,0.0,0.0,1.0,12.0,1.0,12.18,5.0200000000000005,2.51,1.49,0.0,0.1,0.0,0.5,0.0,0.3,0.7000000000000001,0.9,-169.70000000000002,0.0,0.0,169.8,0.0,21.9,29.200000000000003,29.200000000000003,29.700000000000003,300.0,300.0,31.700000000000003,35.7,29.1,28.3,30.200000000000003,4.95,1.99,4.96,0.16,0.0,0.0,1027.0,8228.0,0.0,0.0,0.0,0.0,0.0,1.0,0.0,0.0,0.0,0.0,0.0,1.5,0.0,-0.7000000000000001,0.0,0.0,16.0,25903.0
2026-07-30T19:01:49.112Z,278.595,278.61,0.0,7.4,0.0,0.0,0.0,0.0,0.0,0.0,0.0,0.0,1.0,0.0,0.0,0.0,9.0,4.0,0.0,0.0,0.0,0.0,0.0,0.0,0.0,0.0,2.0,12.0,1.0,12.18,5.0200000000000005,2.51,1.49,0.0,0.0,0.0,0.4,0.0,-0.7000000000000001,-0.4,-0.2,-169.70000000000002,0.0,0.0,169.8,0.0,21.9,29.200000000000003,29.200000000000003,29.700000000000003,300.0,300.0,31.700000000000003,35.7,29.1,28.3,30.200000000000003,4.95,1.99,4.97,0.16,0.0,0.0,1027.0,8228.0,0.0,0.0,0.0,0.0,0.0,1.0,0.0,0.0,0.0,0.0,0.0,-0.7000000000000001,0.0,0.1,0.0,0.0,16.0,25903.0
2026-07-30T19:01:49.125Z,278.608,278.622,0.0,7.4,0.0,0.0,0.0,0.0,0.0,0.0,0.0,0.0,1.0,0.0,0.0,0.0,9.0,4.0,0.0,0.0,0.0,0.0,0.0,0.0,0.0,0.0,3.0,12.0,1.0,12.18,5.0200000000000005,2.51,1.49,0.0,0.0,0.0,0.4,0.0,-0.2,0.6000000000000001,0.3,-169.70000000000002,0.0,0.0,169.70000000000002,0.0,21.9,29.200000000000003,29.200000000000003,29.700000000000003,300.0,300.0,31.700000000000003,35.7,29.1,28.3,30.200000000000003,4.95,1.99,4.96,0.16,0.0,0.0,1027.0,8228.0,0.0,0.0,0.0,0.0,0.0,1.0,0.0,0.0,0.0,0.0,0.0,1.0,0.0,-0.2,0.0,0.0,16.0,25903.0
2026-07-30T19:01:49.136Z,278.619,278.634,0.0,7.4,0.0,0.0,0.0,0.0,0.0,0.0,0.0,0.0,1.0,0.0,0.0,0.0,9.0,4.0,0.0,0.0,0.0,0.0,0.0,0.0,0.0,0.0,5.0,12.0,1.0,12.18,5.0200000000000005,2.51,1.49,0.0,0.0,0.0,0.4,0.0,0.3,0.7000000000000001,-0.1,-169.70000000000002,0.0,0.0,169.70000000000002,0.0,21.9,29.200000000000003,29.200000000000003,29.700000000000003,300.0,300.0,31.700000000000003,35.7,29.1,28.3,30.200000000000003,4.96,1.99,4.96,0.16,0.0,0.0,1027.0,8228.0,0.0,0.0,0.0,0.0,0.0,1.0,0.0,0.0,0.0,0.0,0.0,0.6000000000000001,0.0,0.2,0.0,0.0,16.0,25903.0
2026-07-30T19:01:49.149Z,278.632,278.646,0.0,7.4,0.0,0.0,0.0,0.0,0.0,0.0,0.0,0.0,1.0,0.0,0.0,0.0,9.0,4.0,0.0,0.0,0.0,0.0,0.0,0.0,0.0,0.0,6.0,12.0,1.0,12.18,5.0200000000000005,2.51,1.49,0.0,0.0,0.0,0.4,0.0,0.3,0.1,1.0,-169.70000000000002,0.0,0.0,169.8,0.0,21.9,29.200000000000003,29.200000000000003,29.700000000000003,300.0,300.0,31.700000000000003,35.7,29.1,28.3,30.200000000000003,4.96,1.99,4.96,0.16,0.0,0.0,1027.0,8228.0,0.0,0.0,0.0,0.0,0.0,1.0,0.0,0.0,0.0,0.0,0.0,0.8,0.0,-0.8,0.0,0.0001,16.0,25903.0
2026-07-30T19:01:49.160Z,278.643,278.658,0.0,7.4,0.0,0.0,0.0,0.0,0.0,0.0,0.0,0.0,1.0,0.0,0.0,0.0,9.0,4.0,0.0,0.0,0.0,0.0,0.0,0.0,0.0,0.0,1.0,12.0,1.0,12.17,5.01,2.5,1.49,0.0,0.1,0.0,0.4,0.0,0.3,-0.5,-0.1,-169.70000000000002,0.0,0.0,169.70000000000002,0.0,21.3,29.200000000000003,29.200000000000003,29.700000000000003,300.0,300.0,31.6,35.7,29.1,28.3,30.200000000000003,4.96,1.99,4.96,0.16,0.0,0.0,1027.0,8228.0,0.0,0.0,0.0,0.0,0.0,1.0,0.0,0.0,0.0,0.0,0.0,-0.6000000000000001,0.0,0.0,0.0,0.0,16.0,25903.0
2026-07-30T19:01:49.172Z,278.655,278.67,0.0,7.4,0.0,0.0,0.0,0.0,0.0,0.0,0.0,0.0,1.0,0.0,0.0,0.0,9.0,4.0,0.0,0.0,0.0,0.0,0.0,0.0,0.0,0.0,2.0,12.0,1.0,12.17,5.01,2.5,1.49,0.0,0.1,0.0,0.4,0.0,0.3,0.6000000000000001,1.0,-169.70000000000002,0.0,0.0,169.8,0.0,21.3,29.200000000000003,29.200000000000003,29.700000000000003,300.0,300.0,31.6,35.7,29.1,28.3,30.200000000000003,4.96,1.99,4.96,0.16,0.0,0.0,1027.0,8228.0,0.0,0.0,0.0,0.0,0.0,1.0,0.0,0.0,0.0,0.0,0.0,1.5,0.0,-0.7000000000000001,0.0,0.0001,16.0,25903.0
2026-07-30T19:01:49.185Z,278.668,278.682,0.0,7.4,0.0,0.0,0.0,0.0,0.0,0.0,0.0,0.0,1.0,0.0,0.0,0.0,9.0,4.0,0.0,0.0,0.0,0.0,0.0,0.0,0.0,0.0,3.0,12.0,1.0,12.17,5.01,2.5,1.49,0.0,0.0,0.0,0.4,0.0,0.9,1.2000000000000002,-0.7000000000000001,-169.70000000000002,0.0,0.0,169.8,0.0,21.3,29.200000000000003,29.200000000000003,29.700000000000003,300.0,300.0,31.6,35.7,29.1,28.3,30.200000000000003,4.96,1.99,4.96,0.16,0.0,0.0,1027.0,8228.0,0.0,0.0,0.0,0.0,0.0,1.0,0.0,0.0,0.0,0.0,0.0,0.8,0.0,0.9,0.0,0.0001,16.0,25903.0
2026-07-30T19:01:49.196Z,278.679,278.694,0.0,7.4,0.0,0.0,0.0,0.0,0.0,0.0,0.0,0.0,1.0,0.0,0.0,0.0,9.0,4.0,0.0,0.0,0.0,0.0,0.0,0.0,0.0,0.0,4.0,12.0,1.0,12.17,5.01,2.5,1.49,0.0,0.0,0.0,0.4,0.0,0.3,-1.6,-0.7000000000000001,-169.70000000000002,0.0,0.0,169.8,0.0,21.3,29.200000000000003,29.200000000000003,29.700000000000003,300.0,300.0,31.6,35.7,29.1,28.3,30.200000000000003,4.96,1.99,4.97,0.16,0.0,0.0,1027.0,8228.0,0.0,0.0,0.0,0.0,0.0,1.0,0.0,0.0,0.0,0.0,0.0,-2.4000000000000004,0.0,0.2,0.0,0.0,16.0,25903.0
2026-07-30T19:01:49.208Z,278.691,278.706,0.0,7.4,0.0,0.0,0.0,0.0,0.0,0.0,0.0,0.0,1.0,0.0,0.0,0.0,9.0,4.0,0.0,0.0,0.0,0.0,0.0,0.0,0.0,0.0,6.0,12.0,1.0,12.17,5.01,2.5,1.49,0.0,0.0,0.0,0.4,0.0,-0.2,0.6000000000000001,0.4,-169.70000000000002,0.0,0.0,169.70000000000002,0.0,21.3,29.200000000000003,29.200000000000003,29.700000000000003,300.0,300.0,31.6,35.7,29.1,28.3,30.200000000000003,4.96,1.99,4.96,0.16,0.0,0.0,1027.0,8228.0,0.0,0.0,0.0,0.0,0.0,1.0,0.0,0.0,0.0,0.0,0.0,1.0,0.0,-0.2,0.0,0.0,16.0,25903.0
2026-07-30T19:01:49.220Z,278.703,278.718,0.0,7.4,0.0,0.0,0.0,0.0,0.0,0.0,0.0,0.0,1.0,0.0,0.0,0.0,9.0,4.0,0.0,0.0,0.0,0.0,0.0,0.0,0.0,0.0,1.0,12.0,1.0,12.17,5.01,2.5,1.49,0.0,0.0,0.0,0.4,0.0,0.3,1.2000000000000002,0.4,-169.70000000000002,0.0,0.0,169.8,0.0,21.3,29.200000000000003,29.200000000000003,29.700000000000003,300.0,300.0,31.6,35.7,29.1,28.3,30.200000000000003,4.96,2.0,4.97,0.16,0.0,0.0,1027.0,8228.0,0.0,0.0,0.0,0.0,0.0,1.0,0.0,0.0,0.0,0.0,0.0,1.7000000000000002,0.0,-0.1,0.0,0.0002,16.0,25903.0
2026-07-30T19:01:49.232Z,278.715,278.73,0.0,7.4,0.0,0.0,0.0,0.0,0.0,0.0,0.0,0.0,1.0,0.0,0.0,0.0,9.0,4.0,0.0,0.0,0.0,0.0,0.0,0.0,0.0,0.0,2.0,12.0,1.0,12.17,5.01,2.5,1.49,0.0,0.0,0.0,0.5,0.0,0.3,0.0,0.3,-169.70000000000002,0.0,0.0,169.70000000000002,0.0,21.3,29.200000000000003,29.200000000000003,29.700000000000003,300.0,300.0,31.6,35.7,29.1,28.3,30.200000000000003,4.95,1.99,4.97,0.16,0.0,0.0,1027.0,8228.0,0.0,0.0,0.0,0.0,0.0,1.0,0.0,0.0,0.0,0.0,0.0,0.3,0.0,-0.3,0.0,0.0001,16.0,25903.0
2026-07-30T19:01:49.245Z,278.728,278.742,0.0,7.4,0.0,0.0,0.0,0.0,0.0,0.0,0.0,0.0,1.0,0.0,0.0,0.0,9.0,4.0,0.0,0.0,0.0,0.0,0.0,0.0,0.0,0.0,2.0,12.0,1.0,12.17,5.01,2.5,1.49,0.0,0.0,0.0,0.4,0.0,0.3,0.6000000000000001,-0.7000000000000001,-169.70000000000002,0.0,0.0,169.70000000000002,0.0,21.3,29.200000000000003,29.200000000000003,29.700000000000003,300.0,300.0,31.6,35.7,29.1,28.3,30.200000000000003,4.96,1.99,4.97,0.16,0.0,0.0,1027.0,8228.0,0.0,0.0,0.0,0.0,0.0,1.0,0.0,0.0,0.0,0.0,0.0,0.2,0.0,0.7000000000000001,0.0,0.0001,16.0,25903.0
2026-07-30T19:01:49.258Z,278.741,278.754,0.0,7.4,0.0,0.0,0.0,0.0,0.0,0.0,0.0,0.0,1.0,0.0,0.0,0.0,9.0,4.0,0.0,0.0,0.0,0.0,0.0,0.0,0.0,0.0,3.0,12.0,1.0,12.15,5.01,2.5,1.49,0.0,0.0,0.0,0.4,0.0,0.9,0.6000000000000001,0.4,-169.70000000000002,0.0,0.0,169.70000000000002,0.0,21.700000000000003,29.200000000000003,29.200000000000003,29.700000000000003,300.0,300.0,31.6,35.7,29.1,28.3,30.200000000000003,4.96,1.99,4.96,0.16,0.0,0.0,1027.0,8228.0,0.0,0.0,0.0,0.0,0.0,1.0,0.0,0.0,0.0,0.0,0.0,0.6000000000000001,0.0,0.2,0.0,0.0001,16.0,25903.0
2026-07-30T19:01:49.268Z,278.751,278.766,0.0,7.4,0.0,0.0,0.0,0.0,0.0,0.0,0.0,0.0,1.0,0.0,0.0,0.0,9.0,4.0,0.0,0.0,0.0,0.0,0.0,0.0,0.0,0.0,5.0,12.0,1.0,12.15,5.01,2.5,1.49,0.0,0.0,0.0,0.4,0.0,-0.2,0.0,0.4,-169.70000000000002,0.0,0.0,169.8,0.0,21.700000000000003,29.200000000000003,29.200000000000003,29.700000000000003,300.0,300.0,31.6,35.7,29.1,28.3,30.200000000000003,4.96,1.99,4.97,0.16,0.0,0.0,1027.0,8228.0,0.0,0.0,0.0,0.0,0.0,1.0,0.0,0.0,0.0,0.0,0.0,0.4,0.0,-0.3,0.0,0.0,16.0,25903.0
2026-07-30T19:01:49.280Z,278.763,278.778,0.0,7.4,0.0,0.0,0.0,0.0,0.0,0.0,0.0,0.0,1.0,0.0,0.0,0.0,9.0,4.0,0.0,0.0,0.0,0.0,0.0,0.0,0.0,0.0,6.0,12.0,1.0,12.15,5.01,2.5,1.49,0.0,0.0,0.0,0.4,0.0,0.3,0.1,-0.1,-169.70000000000002,0.0,0.0,169.70000000000002,0.0,21.700000000000003,29.200000000000003,29.200000000000003,29.700000000000003,300.0,300.0,31.6,35.7,29.1,28.3,30.200000000000003,4.95,1.99,4.97,0.16,0.0,0.0,1027.0,8228.0,0.0,0.0,0.0,0.0,0.0,1.0,0.0,0.0,0.0,0.0,0.0,0.0,0.0,0.1,0.0,0.0002,16.0,25903.0
2026-07-30T19:01:49.292Z,278.775,278.79,0.0,7.4,0.0,0.0,0.0,0.0,0.0,0.0,0.0,0.0,1.0,0.0,0.0,0.0,9.0,4.0,0.0,0.0,0.0,0.0,0.0,0.0,0.0,0.0,1.0,12.0,1.0,12.15,5.01,2.5,1.49,0.0,0.1,0.0,0.4,0.0,0.3,-0.4,0.9,-169.70000000000002,0.0,0.0,169.8,0.0,21.700000000000003,29.200000000000003,29.200000000000003,29.700000000000003,300.0,300.0,31.6,35.7,29.1,28.3,30.200000000000003,4.96,1.99,4.96,0.16,0.0,0.0,1027.0,8228.0,0.0,0.0,0.0,0.0,0.0,1.0,0.0,0.0,0.0,0.0,0.0,-0.7000000000000001,0.0,0.0,0.0,0.0001,16.0,25903.0
2026-07-30T19:01:49.304Z,278.787,278.802,0.0,7.4,0.0,0.0,0.0,0.0,0.0,0.0,0.0,0.0,1.0,0.0,0.0,0.0,9.0,4.0,0.0,0.0,0.0,0.0,0.0,0.0,0.0,0.0,2.0,12.0,1.0,12.15,5.01,2.5,1.49,0.0,0.0,0.0,0.4,0.0,-0.2,-1.1,-0.1,-169.70000000000002,0.0,0.0,169.8,0.0,21.700000000000003,29.200000000000003,29.200000000000003,29.700000000000003,300.0,300.0,31.6,35.7,29.1,28.3,30.200000000000003,4.95,1.99,4.97,0.16,0.0,0.0,1027.0,8228.0,0.0,0.0,0.0,0.0,0.0,1.0,0.0,0.0,0.0,0.0,0.0,-1.4,0.0,0.0,0.0,0.0001,16.0,25903.0
2026-07-30T19:01:49.317Z,278.8,278.814,0.0,7.4,0.0,0.0,0.0,0.0,0.0,0.0,0.0,0.0,1.0,0.0,0.0,0.0,9.0,4.0,0.0,0.0,0.0,0.0,0.0,0.0,0.0,0.0,3.0,12.0,1.0,12.15,5.01,2.5,1.49,0.0,0.1,0.0,0.4,0.0,-0.2,0.0,-0.1,-169.70000000000002,0.0,0.0,169.70000000000002,0.0,21.700000000000003,29.200000000000003,29.200000000000003,29.700000000000003,300.0,300.0,31.6,35.7,29.1,28.3,30.200000000000003,4.95,1.99,4.97,0.16,0.0,0.0,1027.0,8228.0,0.0,0.0,0.0,0.0,0.0,1.0,0.0,0.0,0.0,0.0,0.0,0.0,0.0,0.1,0.0,0.0,16.0,25903.0
2026-07-30T19:01:49.329Z,278.812,278.826,0.0,7.4,0.0,0.0,0.0,0.0,0.0,0.0,0.0,0.0,1.0,0.0,0.0,0.0,9.0,4.0,0.0,0.0,0.0,0.0,0.0,0.0,0.0,0.0,4.0,12.0,1.0,12.15,5.01,2.5,1.49,0.0,0.0,0.0,0.5,0.0,-0.2,0.1,-0.1,-169.70000000000002,0.0,0.0,169.8,0.0,21.700000000000003,29.200000000000003,29.200000000000003,29.700000000000003,300.0,300.0,31.6,35.7,29.1,28.3,30.200000000000003,4.96,1.99,4.97,0.16,0.0,0.0,1027.0,8228.0,0.0,0.0,0.0,0.0,0.0,1.0,0.0,0.0,0.0,0.0,0.0,0.0,0.0,0.1,0.0,0.0001,16.0,25903.0
2026-07-30T19:01:49.340Z,278.823,278.838,0.0,7.4,0.0,0.0,0.0,0.0,0.0,0.0,0.0,0.0,1.0,0.0,0.0,0.0,9.0,4.0,0.0,0.0,0.0,0.0,0.0,0.0,0.0,0.0,6.0,12.0,1.0,12.15,5.01,2.5,1.49,0.0,0.0,0.0,0.4,0.0,0.3,-0.4,-0.1,-169.70000000000002,0.0,0.0,169.70000000000002,0.0,21.700000000000003,29.200000000000003,29.200000000000003,29.700000000000003,300.0,300.0,31.6,35.7,29.1,28.3,30.200000000000003,4.96,1.99,4.97,0.16,0.0,0.0,1027.0,8228.0,0.0,0.0,0.0,0.0,0.0,1.0,0.0,0.0,0.0,0.0,0.0,-0.5,0.0,0.0,0.0,0.0002,16.0,25903.0
2026-07-30T19:01:49.352Z,278.835,278.85,0.0,7.4,0.0,0.0,0.0,0.0,0.0,0.0,0.0,0.0,1.0,0.0,0.0,0.0,9.0,4.0,0.0,0.0,0.0,0.0,0.0,0.0,0.0,0.0,1.0,12.0,1.0,12.15,5.01,2.5,1.49,-0.1,0.1,0.0,0.4,0.0,0.9,0.1,1.0,-169.70000000000002,0.0,0.0,169.70000000000002,0.0,21.700000000000003,29.200000000000003,29.200000000000003,29.700000000000003,300.0,300.0,31.6,35.7,29.1,28.3,30.200000000000003,4.95,1.99,4.97,0.16,0.0,0.0,1027.0,8228.0,0.0,0.0,0.0,0.0,0.0,1.0,0.0,0.0,0.0,0.0,0.0,0.9,0.0,-0.9,0.0,0.0001,16.0,25903.0
2026-07-30T19:01:49.364Z,278.847,278.862,0.0,7.4,0.0,0.0,0.0,0.0,0.0,0.0,0.0,0.0,1.0,0.0,0.0,0.0,9.0,4.0,0.0,0.0,0.0,0.0,0.0,0.0,0.0,0.0,2.0,12.0,1.0,12.15,5.01,2.51,1.49,0.0,0.0,0.0,0.4,0.0,0.3,0.7000000000000001,0.5,-169.70000000000002,0.0,0.0,169.8,0.0,20.9,29.200000000000003,29.200000000000003,29.700000000000003,300.0,300.0,31.6,35.7,29.1,28.3,30.200000000000003,4.95,1.99,4.96,0.16,0.0,0.0,1027.0,8228.0,0.0,0.0,0.0,0.0,0.0,1.0,0.0,0.0,0.0,0.0,0.0,1.2000000000000002,0.0,-0.3,0.0,0.0002,16.0,25903.0
2026-07-30T19:01:49.376Z,278.859,278.874,0.0,7.4,0.0,0.0,0.0,0.0,0.0,0.0,0.0,0.0,1.0,0.0,0.0,0.0,9.0,4.0,0.0,0.0,0.0,0.0,0.0,0.0,0.0,0.0,3.0,12.0,1.0,12.15,5.01,2.51,1.49,0.0,0.0,0.0,0.4,0.0,0.9,1.9,0.0,-169.70000000000002,0.0,0.0,169.8,0.0,20.9,29.200000000000003,29.200000000000003,29.700000000000003,300.0,300.0,31.6,35.7,29.1,28.3,30.200000000000003,4.96,1.99,4.96,0.16,0.0,0.0,1027.0,8228.0,0.0,0.0,0.0,0.0,0.0,1.0,0.0,0.0,0.0,0.0,0.0,2.1,0.0,0.4,0.0,0.0001,16.0,25903.0
2026-07-30T19:01:49.388Z,278.871,278.886,0.0,7.4,0.0,0.0,0.0,0.0,0.0,0.0,0.0,0.0,1.0,0.0,0.0,0.0,9.0,4.0,0.0,0.0,0.0,0.0,0.0,0.0,0.0,0.0,4.0,12.0,1.0,12.15,5.01,2.51,1.49,0.0,0.0,0.0,0.4,0.0,0.3,-0.4,0.0,-169.70000000000002,0.0,0.0,169.70000000000002,0.0,20.9,29.200000000000003,29.200000000000003,29.700000000000003,300.0,300.0,31.6,35.7,29.1,28.3,30.200000000000003,4.95,1.99,4.97,0.16,0.0,0.0,1027.0,8228.0,0.0,0.0,0.0,0.0,0.0,1.0,0.0,0.0,0.0,0.0,0.0,-0.4,0.0,0.0,0.0,0.0001,16.0,25903.0
2026-07-30T19:01:49.401Z,278.884,278.898,0.0,7.4,0.0,0.0,0.0,0.0,0.0,0.0,0.0,0.0,1.0,0.0,0.0,0.0,9.0,4.0,0.0,0.0,0.0,0.0,0.0,0.0,0.0,0.0,6.0,12.0,1.0,12.15,5.01,2.51,1.49,0.0,0.0,0.0,0.4,0.0,-0.1,-1.0,1.1,-169.70000000000002,0.0,0.0,169.70000000000002,0.0,20.9,29.200000000000003,29.200000000000003,29.700000000000003,300.0,300.0,31.6,35.7,29.1,28.3,30.200000000000003,4.96,1.99,4.97,0.16,0.0,0.0,1027.0,8228.0,0.0,0.0,0.0,0.0,0.0,1.0,0.0,0.0,0.0,0.0,0.0,-0.2,0.0,-1.2000000000000002,0.0,0.0,16.0,25903.0
2026-07-30T19:01:49.412Z,278.895,278.91,0.0,7.4,0.0,0.0,0.0,0.0,0.0,0.0,0.0,0.0,1.0,0.0,0.0,0.0,9.0,4.0,0.0,0.0,0.0,0.0,0.0,0.0,0.0,0.0,1.0,12.0,1.0,12.15,5.01,2.51,1.49,0.0,0.0,0.0,0.4,0.0,0.4,1.3,0.5,-169.70000000000002,0.0,0.0,169.8,0.0,20.9,29.200000000000003,29.200000000000003,29.700000000000003,300.0,300.0,31.6,35.7,29.1,28.3,30.200000000000003,4.96,1.99,4.96,0.16,0.0,0.0,1027.0,8228.0,0.0,0.0,0.0,0.0,0.0,1.0,0.0,0.0,0.0,0.0,0.0,1.8,0.0,-0.1,0.0,0.0,16.0,25903.0
2026-07-30T19:01:49.424Z,278.907,278.922,0.0,7.4,0.0,0.0,0.0,0.0,0.0,0.0,0.0,0.0,1.0,0.0,0.0,0.0,9.0,4.0,0.0,0.0,0.0,0.0,0.0,0.0,0.0,0.0,2.0,12.0,1.0,12.15,5.01,2.51,1.49,0.0,0.0,0.0,0.4,0.0,-0.1,0.1,0.0,-169.70000000000002,0.0,0.0,169.8,0.0,20.9,29.200000000000003,29.200000000000003,29.700000000000003,300.0,300.0,31.6,35.7,29.1,28.3,30.200000000000003,4.96,1.99,4.96,0.16,0.0,0.0,1027.0,8228.0,0.0,0.0,0.0,0.0,0.0,1.0,0.0,0.0,0.0,0.0,0.0,0.1,0.0,0.1,0.0,0.0001,16.0,25903.0
2026-07-30T19:01:49.436Z,278.919,278.934,0.0,7.4,0.0,0.0,0.0,0.0,0.0,0.0,0.0,0.0,1.0,0.0,0.0,0.0,9.0,4.0,0.0,0.0,0.0,0.0,0.0,0.0,0.0,0.0,3.0,12.0,1.0,12.15,5.01,2.51,1.49,0.0,0.0,0.0,0.4,0.0,0.4,0.8,0.5,-169.70000000000002,0.0,0.0,169.70000000000002,0.0,20.9,29.200000000000003,29.200000000000003,29.700000000000003,300.0,300.0,31.6,35.7,29.1,28.3,30.200000000000003,4.95,1.99,4.96,0.16,0.0,0.0,1027.0,8228.0,0.0,0.0,0.0,0.0,0.0,1.0,0.0,0.0,0.0,0.0,0.0,1.3,0.0,-0.3,0.0,0.0,16.0,25903.0
2026-07-30T19:01:49.448Z,278.931,278.946,0.0,7.4,0.0,0.0,0.0,0.0,0.0,0.0,0.0,0.0,1.0,0.0,0.0,0.0,9.0,4.0,0.0,0.0,0.0,0.0,0.0,0.0,0.0,0.0,4.0,12.0,1.0,12.15,5.01,2.51,1.49,0.0,0.0,0.0,0.4,0.0,-0.6000000000000001,-1.5,-0.6000000000000001,-169.70000000000002,0.0,0.0,169.8,0.0,20.9,29.200000000000003,29.200000000000003,29.700000000000003,300.0,300.0,31.6,35.7,29.1,28.3,30.200000000000003,4.95,1.99,4.96,0.16,0.0,0.0,1027.0,8228.0,0.0,0.0,0.0,0.0,0.0,1.0,0.0,0.0,0.0,0.0,0.0,-2.2,0.0,0.2,0.0,0.0001,16.0,25903.0
2026-07-30T19:01:49.461Z,278.944,278.958,0.0,7.4,0.0,0.0,0.0,0.0,0.0,0.0,0.0,0.0,1.0,0.0,0.0,0.0,9.0,4.0,0.0,0.0,0.0,0.0,0.0,0.0,0.0,0.0,5.0,12.0,1.0,12.18,5.0200000000000005,2.5,1.49,0.0,0.0,0.0,0.4,0.0,0.0,0.7000000000000001,0.5,-169.70000000000002,0.0,0.0,169.70000000000002,0.0,21.4,29.200000000000003,29.200000000000003,29.700000000000003,300.0,300.0,31.6,35.7,29.1,28.3,30.200000000000003,4.95,1.99,4.97,0.16,0.0,0.0,1027.0,8228.0,0.0,0.0,0.0,0.0,0.0,1.0,0.0,0.0,0.0,0.0,0.0,1.3,0.0,-0.3,0.0,0.0001,16.0,25903.0
2026-07-30T19:01:49.473Z,278.956,278.97,0.0,7.4,0.0,0.0,0.0,0.0,0.0,0.0,0.0,0.0,1.0,0.0,0.0,0.0,9.0,4.0,0.0,0.0,0.0,0.0,0.0,0.0,0.0,0.0,6.0,12.0,1.0,12.18,5.0200000000000005,2.5,1.49,0.0,0.0,0.0,0.4,0.0,0.0,0.1,-1.1,-169.70000000000002,0.0,0.0,169.8,0.0,21.4,29.200000000000003,29.200000000000003,29.700000000000003,300.0,300.0,31.6,35.7,29.1,28.3,30.200000000000003,4.95,1.99,4.97,0.16,0.0,0.0,1027.0,8228.0,0.0,0.0,0.0,0.0,0.0,1.0,0.0,0.0,0.0,0.0,0.0,-0.6000000000000001,0.0,1.0,0.0,0.0002,16.0,25903.0
2026-07-30T19:01:49.485Z,278.968,278.982,0.0,7.4,0.0,0.0,0.0,0.0,0.0,0.0,0.0,0.0,1.0,0.0,0.0,0.0,9.0,4.0,0.0,0.0,0.0,0.0,0.0,0.0,0.0,0.0,1.0,12.0,1.0,12.18,5.0200000000000005,2.5,1.49,0.0,0.0,0.0,0.4,0.0,0.4,0.1,1.1,-169.70000000000002,0.0,0.0,169.60000000000002,0.0,21.4,29.200000000000003,29.200000000000003,29.700000000000003,300.0,300.0,31.6,35.7,29.1,28.3,30.200000000000003,4.96,1.99,4.96,0.16,0.0,0.0,1027.0,8228.0,0.0,0.0,0.0,0.0,0.0,1.0,0.0,0.0,0.0,0.0,0.0,1.0,0.0,-0.9,0.0,0.0002,16.0,25903.0
2026-07-30T19:01:49.497Z,278.98,278.994,0.0,7.4,0.0,0.0,0.0,0.0,0.0,0.0,0.0,0.0,1.0,0.0,0.0,0.0,9.0,4.0,0.0,0.0,0.0,0.0,0.0,0.0,0.0,0.0,2.0,12.0,1.0,12.18,5.0200000000000005,2.5,1.49,0.0,0.0,0.0,0.4,0.0,0.4,-1.0,-0.6000000000000001,-169.70000000000002,0.0,0.0,169.60000000000002,0.0,21.4,29.200000000000003,29.200000000000003,29.700000000000003,300.0,300.0,31.6,35.7,29.1,28.3,30.200000000000003,4.95,1.99,4.97,0.16,0.0,0.0,1027.0,8228.0,0.0,0.0,0.0,0.0,0.0,1.0,0.0,0.0,0.0,0.0,0.0,-1.6,0.0,0.3,0.0,0.0002,16.0,25903.0
2026-07-30T19:01:49.509Z,278.992,279.00600000000003,0.0,7.4,0.0,0.0,0.0,0.0,0.0,0.0,0.0,0.0,1.0,0.0,0.0,0.0,9.0,4.0,0.0,0.0,0.0,0.0,0.0,0.0,0.0,0.0,3.0,12.0,1.0,12.18,5.0200000000000005,2.5,1.49,0.0,0.0,0.0,0.4,0.0,-1.2000000000000002,0.7000000000000001,-1.2000000000000002,-169.70000000000002,0.0,0.0,169.8,0.0,21.4,29.200000000000003,29.200000000000003,29.700000000000003,300.0,300.0,31.6,35.7,29.1,28.3,30.200000000000003,4.95,1.99,4.96,0.16,0.0,0.0,1027.0,8228.0,0.0,0.0,0.0,0.0,0.0,1.0,0.0,0.0,0.0,0.0,0.0,-0.1,0.0,1.2000000000000002,0.0,0.0001,16.0,25903.0
2026-07-30T19:01:49.520Z,279.003,279.01800000000003,0.0,7.4,0.0,0.0,0.0,0.0,0.0,0.0,0.0,0.0,1.0,0.0,0.0,0.0,9.0,4.0,0.0,0.0,0.0,0.0,0.0,0.0,0.0,0.0,4.0,12.0,1.0,12.18,5.0200000000000005,2.5,1.49,0.0,0.0,0.0,0.5,0.0,-0.1,0.0,-0.7000000000000001,-169.70000000000002,0.0,0.0,169.8,0.0,21.4,29.200000000000003,29.200000000000003,29.700000000000003,300.0,300.0,31.6,35.7,29.1,28.3,30.200000000000003,4.95,2.0,4.96,0.16,0.0,0.0,1027.0,8228.0,0.0,0.0,0.0,0.0,0.0,1.0,0.0,0.0,0.0,0.0,0.0,-0.4,0.0,0.6000000000000001,0.0,0.0001,16.0,25903.0
2026-07-30T19:01:49.532Z,279.015,279.03000000000003,0.0,7.4,0.0,0.0,0.0,0.0,0.0,0.0,0.0,0.0,1.0,0.0,0.0,0.0,9.0,4.0,0.0,0.0,0.0,0.0,0.0,0.0,0.0,0.0,5.0,12.0,1.0,12.18,5.0200000000000005,2.5,1.49,0.0,0.0,0.0,0.4,0.0,-0.1,0.7000000000000001,-0.7000000000000001,-169.70000000000002,0.0,0.0,169.70000000000002,0.0,21.4,29.200000000000003,29.200000000000003,29.700000000000003,300.0,300.0,31.6,35.7,29.1,28.3,30.200000000000003,4.96,2.0,4.96,0.16,0.0,0.0,1027.0,8228.0,0.0,0.0,0.0,0.0,0.0,1.0,0.0,0.0,0.0,0.0,0.0,0.2,0.0,0.8,0.0,0.0001,16.0,25903.0
2026-07-30T19:01:49.544Z,279.027,279.04200000000003,0.0,7.4,0.0,0.0,0.0,0.0,0.0,0.0,0.0,0.0,1.0,0.0,0.0,0.0,9.0,4.0,0.0,0.0,0.0,0.0,0.0,0.0,0.0,0.0,6.0,12.0,1.0,12.18,5.0200000000000005,2.5,1.49,0.0,0.0,0.0,0.4,0.0,-0.1,-0.5,0.4,-169.70000000000002,0.0,0.0,169.8,0.0,21.4,29.200000000000003,29.200000000000003,29.700000000000003,300.0,300.0,31.6,35.7,29.1,28.3,30.200000000000003,4.95,1.99,4.97,0.16,0.0,0.0,1027.0,8228.0,0.0,0.0,0.0,0.0,0.0,1.0,0.0,0.0,0.0,0.0,0.0,-0.2,0.0,-0.5,0.0,0.0,16.0,25903.0
2026-07-30T19:01:49.556Z,279.039,279.05400000000003,0.0,7.4,0.0,0.0,0.0,0.0,0.0,0.0,0.0,0.0,1.0,0.0,0.0,0.0,9.0,4.0,0.0,0.0,0.0,0.0,0.0,0.0,0.0,0.0,1.0,12.0,1.0,12.18,5.0200000000000005,2.5,1.49,0.0,0.0,0.0,0.4,0.0,-1.3,-0.5,0.4,-169.70000000000002,0.0,0.0,169.8,0.0,21.4,29.200000000000003,29.200000000000003,29.700000000000003,300.0,300.0,31.6,35.7,29.1,28.3,30.200000000000003,4.95,2.0,4.96,0.16,0.0,0.0,1027.0,8228.0,0.0,0.0,0.0,0.0,0.0,1.0,0.0,0.0,0.0,0.0,0.0,-0.2,0.0,-0.5,0.0,0.0001,16.0,25903.0
2026-07-30T19:01:49.568Z,279.051,279.06600000000003,0.0,7.4,0.0,0.0,0.0,0.0,0.0,0.0,0.0,0.0,1.0,0.0,0.0,0.0,9.0,4.0,0.0,0.0,0.0,0.0,0.0,0.0,0.0,0.0,2.0,12.0,1.0,12.15,5.0200000000000005,2.5,1.49,0.0,0.0,0.0,0.4,0.0,-0.1,-1.0,-0.7000000000000001,-169.70000000000002,0.0,0.0,169.8,0.0,22.1,29.200000000000003,29.200000000000003,29.700000000000003,300.0,300.0,31.6,35.7,29.1,28.3,30.200000000000003,4.96,2.0,4.96,0.16,0.0,0.0,1027.0,8228.0,0.0,0.0,0.0,0.0,0.0,1.0,0.0,0.0,0.0,0.0,0.0,-1.7000000000000002,0.0,0.4,0.0,0.0,16.0,25903.0
2026-07-30T19:01:49.580Z,279.063,279.07800000000003,0.0,7.4,0.0,0.0,0.0,0.0,0.0,0.0,0.0,0.0,1.0,0.0,0.0,0.0,9.0,4.0,0.0,0.0,0.0,0.0,0.0,0.0,0.0,0.0,3.0,12.0,1.0,12.15,5.0200000000000005,2.5,1.49,0.0,0.0,0.0,0.4,0.0,-0.1,-1.0,-0.6000000000000001,-169.70000000000002,0.0,0.0,169.8,0.0,22.1,29.200000000000003,29.200000000000003,29.700000000000003,300.0,300.0,31.6,35.7,29.1,28.3,30.200000000000003,4.95,2.0,4.97,0.16,0.0,0.0,1027.0,8228.0,0.0,0.0,0.0,0.0,0.0,1.0,0.0,0.0,0.0,0.0,0.0,-1.7000000000000002,0.0,0.3,0.0,0.0001,16.0,25903.0
2026-07-30T19:01:49.592Z,279.075,279.09000000000003,0.0,7.4,0.0,0.0,0.0,0.0,0.0,0.0,0.0,0.0,1.0,0.0,0.0,0.0,9.0,4.0,0.0,0.0,0.0,0.0,0.0,0.0,0.0,0.0,4.0,12.0,1.0,12.15,5.0200000000000005,2.5,1.49,0.0,0.1,0.0,0.4,0.0,-0.7000000000000001,-0.5,-0.6000000000000001,-169.70000000000002,0.0,0.0,169.8,0.0,22.1,29.200000000000003,29.200000000000003,29.700000000000003,300.0,300.0,31.6,35.7,29.1,28.3,30.200000000000003,4.95,1.99,4.97,0.16,0.0,0.0,1027.0,8228.0,0.0,0.0,0.0,0.0,0.0,1.0,0.0,0.0,0.0,0.0,0.0,-1.0,0.0,0.4,0.0,0.0,16.0,25903.0
2026-07-30T19:01:49.605Z,279.088,279.10200000000003,0.0,7.4,0.0,0.0,0.0,0.0,0.0,0.0,0.0,0.0,1.0,0.0,0.0,0.0,9.0,4.0,0.0,0.0,0.0,0.0,0.0,0.0,0.0,0.0,5.0,12.0,1.0,12.15,5.0200000000000005,2.5,1.49,0.0,0.0,0.0,0.4,0.0,0.9,0.0,1.0,-169.70000000000002,0.0,0.0,169.8,0.0,22.1,29.200000000000003,29.200000000000003,29.700000000000003,300.0,300.0,31.6,35.7,29.1,28.3,30.200000000000003,4.95,2.0,4.96,0.16,0.0,0.0,1027.0,8228.0,0.0,0.0,0.0,0.0,0.0,1.0,0.0,0.0,0.0,0.0,0.0,0.8,0.0,-0.9,0.0,0.0001,16.0,25903.0
2026-07-30T19:01:49.617Z,279.1,279.11400000000003,0.0,7.4,0.0,0.0,0.0,0.0,0.0,0.0,0.0,0.0,1.0,0.0,0.0,0.0,9.0,4.0,0.0,0.0,0.0,0.0,0.0,0.0,0.0,0.0,6.0,12.0,1.0,12.15,5.0200000000000005,2.5,1.49,0.0,0.0,0.0,0.4,0.0,0.3,0.6000000000000001,1.6,-169.70000000000002,0.0,0.0,169.8,0.0,22.1,29.200000000000003,29.200000000000003,29.700000000000003,300.0,300.0,31.6,35.7,29.1,28.3,30.200000000000003,4.96,1.99,4.96,0.16,0.0,0.0,1027.0,8228.0,0.0,0.0,0.0,0.0,0.0,1.0,0.0,0.0,0.0,0.0,0.0,2.0,0.0,-1.3,0.0,0.0,16.0,25903.0
2026-07-30T19:01:49.629Z,279.112,279.12600000000003,0.0,7.4,0.0,0.0,0.0,0.0,0.0,0.0,0.0,0.0,1.0,0.0,0.0,0.0,9.0,4.0,0.0,0.0,0.0,0.0,0.0,0.0,0.0,0.0,2.0,12.0,1.0,12.15,5.0200000000000005,2.5,1.49,0.0,0.0,0.0,0.4,0.0,0.9,-0.5,-0.6000000000000001,-169.70000000000002,0.0,0.0,169.70000000000002,0.0,22.1,29.200000000000003,29.200000000000003,29.700000000000003,300.0,300.0,31.6,35.7,29.1,28.3,30.200000000000003,4.95,1.99,4.96,0.16,0.0,0.0,1027.0,8228.0,0.0,0.0,0.0,0.0,0.0,1.0,0.0,0.0,0.0,0.0,0.0,-1.1,0.0,0.4,0.0,0.0001,16.0,25903.0
2026-07-30T19:01:49.641Z,279.124,279.13800000000003,0.0,7.4,0.0,0.0,0.0,0.0,0.0,0.0,0.0,0.0,1.0,0.0,0.0,0.0,9.0,4.0,0.0,0.0,0.0,0.0,0.0,0.0,0.0,0.0,2.0,12.0,1.0,12.15,5.0200000000000005,2.5,1.49,0.0,0.0,0.0,0.4,0.0,0.3,0.0,1.1,-169.70000000000002,0.0,0.0,169.70000000000002,0.0,22.1,29.200000000000003,29.200000000000003,29.700000000000003,300.0,300.0,31.6,35.7,29.1,28.3,30.200000000000003,4.96,1.99,4.96,0.16,0.0,0.0,1027.0,8228.0,0.0,0.0,0.0,0.0,0.0,1.0,0.0,0.0,0.0,0.0,0.0,0.8,0.0,-0.9,0.0,0.0001,16.0,25903.0
2026-07-30T19:01:49.653Z,279.136,279.15000000000003,0.0,7.4,0.0,0.0,0.0,0.0,0.0,0.0,0.0,0.0,1.0,0.0,0.0,0.0,9.0,4.0,0.0,0.0,0.0,0.0,0.0,0.0,0.0,0.0,3.0,12.0,1.0,12.15,5.0200000000000005,2.5,1.49,0.0,0.0,0.0,0.4,0.0,-0.2,0.0,0.5,-169.70000000000002,0.0,0.0,169.70000000000002,0.0,22.1,29.200000000000003,29.200000000000003,29.700000000000003,300.0,300.0,31.6,35.7,29.1,28.3,30.200000000000003,4.96,2.0,4.96,0.16,0.0,0.0,1027.0,8228.0,0.0,0.0,0.0,0.0,0.0,1.0,0.0,0.0,0.0,0.0,0.0,0.4,0.0,-0.5,0.0,0.0,16.0,25903.0
2026-07-30T19:01:49.666Z,279.149,279.162,0.0,7.4,0.0,0.0,0.0,0.0,0.0,0.0,0.0,0.0,1.0,0.0,0.0,0.0,9.0,4.0,0.0,0.0,0.0,0.0,0.0,0.0,0.0,0.0,4.0,12.0,1.0,12.17,5.01,2.51,1.49,0.0,0.0,0.0,0.4,0.0,1.0,0.0,1.7000000000000002,-169.70000000000002,0.0,0.0,169.70000000000002,0.0,21.3,29.200000000000003,29.200000000000003,29.700000000000003,300.0,300.0,31.6,35.7,29.1,28.200000000000003,30.200000000000003,4.95,1.99,4.96,0.16,0.0,0.0,1027.0,8228.0,0.0,0.0,0.0,0.0,0.0,1.0,0.0,0.0,0.0,0.0,0.0,1.3,0.0,-1.5,0.0,0.0001,16.0,25903.0
2026-07-30T19:01:49.676Z,279.159,279.174,0.0,7.4,0.0,0.0,0.0,0.0,0.0,0.0,0.0,0.0,1.0,0.0,0.0,0.0,9.0,4.0,0.0,0.0,0.0,0.0,0.0,0.0,0.0,0.0,5.0,12.0,1.0,12.17,5.01,2.51,1.49,0.0,0.0,0.0,0.4,0.0,0.4,-0.5,-1.2000000000000002,-169.70000000000002,0.0,0.0,169.70000000000002,0.0,21.3,29.200000000000003,29.200000000000003,29.700000000000003,300.0,300.0,31.6,35.7,29.1,28.200000000000003,30.200000000000003,4.96,1.99,4.97,0.16,0.0,0.0,1027.0,8228.0,0.0,0.0,0.0,0.0,0.0,1.0,0.0,0.0,0.0,0.0,0.0,-1.5,0.0,0.9,0.0,0.0,16.0,25903.0
2026-07-30T19:01:49.689Z,279.172,279.186,0.0,7.4,0.0,0.0,0.0,0.0,0.0,0.0,0.0,0.0,1.0,0.0,0.0,0.0,9.0,4.0,0.0,0.0,0.0,0.0,0.0,0.0,0.0,0.0,6.0,12.0,1.0,12.17,5.01,2.51,1.49,0.0,0.0,0.0,0.4,0.0,-0.7000000000000001,-1.7000000000000002,0.0,-169.70000000000002,0.0,0.0,169.8,0.0,21.3,29.200000000000003,29.200000000000003,29.700000000000003,300.0,300.0,31.6,35.7,29.1,28.200000000000003,30.200000000000003,4.96,2.0,4.96,0.16,0.0,0.0,1027.0,8228.0,0.0,0.0,0.0,0.0,0.0,1.0,0.0,0.0,0.0,0.0,0.0,-1.9,0.0,-0.3,0.0,0.0001,16.0,25903.0
2026-07-30T19:01:49.700Z,279.183,279.198,0.0,7.4,0.0,0.0,0.0,0.0,0.0,0.0,0.0,0.0,1.0,0.0,0.0,0.0,9.0,4.0,0.0,0.0,0.0,0.0,0.0,0.0,0.0,0.0,2.0,12.0,1.0,12.17,5.01,2.51,1.49,0.0,0.1,0.0,0.4,0.0,-0.1,0.0,0.0,-169.70000000000002,0.0,0.0,169.8,0.0,21.3,29.200000000000003,29.200000000000003,29.700000000000003,300.0,300.0,31.6,35.7,29.1,28.200000000000003,30.200000000000003,4.96,1.99,4.97,0.16,0.0,0.0,1027.0,8228.0,0.0,0.0,0.0,0.0,0.0,1.0,0.0,0.0,0.0,0.0,0.0,0.0,0.0,0.0,0.0,0.0001,16.0,25903.0
2026-07-30T19:01:49.712Z,279.195,279.21,0.0,7.4,0.0,0.0,0.0,0.0,0.0,0.0,0.0,0.0,1.0,0.0,0.0,0.0,9.0,4.0,0.0,0.0,0.0,0.0,0.0,0.0,0.0,0.0,3.0,12.0,1.0,12.17,5.01,2.51,1.49,0.0,0.0,0.0,0.4,0.0,0.4,0.0,0.5,-169.70000000000002,0.0,0.0,169.70000000000002,0.0,21.3,29.200000000000003,29.200000000000003,29.700000000000003,300.0,300.0,31.6,35.7,29.1,28.200000000000003,30.200000000000003,4.95,1.99,4.97,0.16,0.0,0.0,1027.0,8228.0,0.0,0.0,0.0,0.0,0.0,1.0,0.0,0.0,0.0,0.0,0.0,0.4,0.0,-0.4,0.0,0.0001,16.0,25903.0
2026-07-30T19:01:49.724Z,279.207,279.222,0.0,7.4,0.0,0.0,0.0,0.0,0.0,0.0,0.0,0.0,1.0,0.0,0.0,0.0,9.0,4.0,0.0,0.0,0.0,0.0,0.0,0.0,0.0,0.0,4.0,12.0,1.0,12.17,5.01,2.51,1.49,0.0,0.0,0.0,0.5,0.0,-0.1,0.6000000000000001,0.4,-169.70000000000002,0.0,0.0,169.8,0.0,21.3,29.200000000000003,29.200000000000003,29.700000000000003,300.0,300.0,31.6,35.7,29.1,28.200000000000003,30.200000000000003,4.96,1.99,4.96,0.16,0.0,0.0,1027.0,8228.0,0.0,0.0,0.0,0.0,0.0,1.0,0.0,0.0,0.0,0.0,0.0,1.0,0.0,-0.3,0.0,0.0001,16.0,25903.0
2026-07-30T19:01:49.736Z,279.219,279.234,0.0,7.4,0.0,0.0,0.0,0.0,0.0,0.0,0.0,0.0,1.0,0.0,0.0,0.0,9.0,4.0,0.0,0.0,0.0,0.0,0.0,0.0,0.0,0.0,5.0,12.0,1.0,12.17,5.01,2.51,1.49,0.0,0.0,0.0,0.4,0.0,-0.1,-0.5,-0.6000000000000001,-169.70000000000002,0.0,0.0,169.8,0.0,21.3,29.200000000000003,29.200000000000003,29.700000000000003,300.0,300.0,31.6,35.7,29.1,28.200000000000003,30.200000000000003,4.95,2.0,4.96,0.16,0.0,0.0,1027.0,8228.0,0.0,0.0,0.0,0.0,0.0,1.0,0.0,0.0,0.0,0.0,0.0,-1.1,0.0,0.4,0.0,0.0001,16.0,25903.0
2026-07-30T19:01:49.748Z,279.231,279.246,0.0,7.4,0.0,0.0,0.0,0.0,0.0,0.0,0.0,0.0,1.0,0.0,0.0,0.0,9.0,4.0,0.0,0.0,0.0,0.0,0.0,0.0,0.0,0.0,6.0,12.0,1.0,12.17,5.01,2.51,1.49,0.0,0.0,0.0,0.4,0.0,-0.7000000000000001,-1.1,-0.7000000000000001,-169.70000000000002,0.0,0.0,169.8,0.0,21.3,29.200000000000003,29.200000000000003,29.700000000000003,300.0,300.0,31.6,35.7,29.1,28.200000000000003,30.200000000000003,4.95,1.99,4.97,0.16,0.0,0.0,1027.0,8228.0,0.0,0.0,0.0,0.0,0.0,1.0,0.0,0.0,0.0,0.0,0.0,-1.8,0.0,0.3,0.0,0.0,16.0,25903.0
2026-07-30T19:01:49.760Z,279.243,279.258,0.0,7.4,0.0,0.0,0.0,0.0,0.0,0.0,0.0,0.0,1.0,0.0,0.0,0.0,9.0,4.0,0.0,0.0,0.0,0.0,0.0,0.0,0.0,0.0,1.0,12.0,1.0,12.17,5.01,2.51,1.49,0.0,0.1,0.0,0.4,0.0,-0.1,1.1,1.0,-169.70000000000002,0.0,0.0,169.8,0.0,21.3,29.200000000000003,29.200000000000003,29.700000000000003,300.0,300.0,31.6,35.7,29.1,28.200000000000003,30.200000000000003,4.95,1.99,4.97,0.16,0.0,0.0,1027.0,8228.0,0.0,0.0,0.0,0.0,0.0,1.0,0.0,0.0,0.0,0.0,0.0,2.0,0.0,-0.6000000000000001,0.0,0.0,16.0,25903.0
2026-07-30T19:01:49.772Z,279.255,279.27,0.0,7.4,0.0,0.0,0.0,0.0,0.0,0.0,0.0,0.0,1.0,0.0,0.0,0.0,9.0,4.0,0.0,0.0,0.0,0.0,0.0,0.0,0.0,0.0,2.0,12.0,1.0,12.22,5.01,2.51,1.49,0.0,0.0,0.0,0.4,0.0,-0.8,-1.1,-0.6000000000000001,-169.70000000000002,0.0,0.0,169.8,0.0,21.4,29.200000000000003,29.200000000000003,29.700000000000003,300.0,300.0,31.5,35.6,29.1,28.3,30.1,4.96,1.99,4.96,0.16,0.0,0.0,1027.0,8228.0,0.0,0.0,0.0,0.0,0.0,1.0,0.0,0.0,0.0,0.0,0.0,-0.7000000000000001,0.0,0.0,0.0,0.0,16.0,25903.0
2026-07-30T19:01:49.784Z,279.267,279.282,0.0,7.4,0.0,0.0,0.0,0.0,0.0,0.0,0.0,0.0,1.0,0.0,0.0,0.0,9.0,4.0,0.0,0.0,0.0,0.0,0.0,0.0,0.0,0.0,3.0,12.0,1.0,12.22,5.01,2.51,1.49,0.0,0.0,0.0,0.4,0.0,0.3,-0.5,1.0,-169.70000000000002,0.0,0.0,169.70000000000002,0.0,21.4,29.200000000000003,29.200000000000003,29.700000000000003,300.0,300.0,31.5,35.6,29.1,28.3,30.1,4.95,1.99,4.96,0.16,0.0,0.0,1027.0,8228.0,0.0,0.0,0.0,0.0,0.0,1.0,0.0,0.0,0.0,0.0,0.0,0.1,0.0,-1.0,0.0,0.0,16.0,25903.0
2026-07-30T19:01:49.796Z,279.279,279.294,0.0,7.4,0.0,0.0,0.0,0.0,0.0,0.0,0.0,0.0,1.0,0.0,0.0,0.0,9.0,4.0,0.0,0.0,0.0,0.0,0.0,0.0,0.0,0.0,4.0,12.0,1.0,12.22,5.01,2.51,1.49,0.0,0.0,0.0,0.4,0.0,-0.2,0.5,-0.7000000000000001,-169.70000000000002,0.0,0.0,169.8,0.0,21.4,29.200000000000003,29.200000000000003,29.700000000000003,300.0,300.0,31.5,35.6,29.1,28.3,30.1,4.95,1.99,4.96,0.16,0.0,0.0,1027.0,8228.0,0.0,0.0,0.0,0.0,0.0,1.0,0.0,0.0,0.0,0.0,0.0,1.3,0.0,-0.7000000000000001,0.0,0.0,16.0,25903.0
2026-07-30T19:01:49.809Z,279.292,279.306,0.0,7.4,0.0,0.0,0.0,0.0,0.0,0.0,0.0,0.0,1.0,0.0,0.0,0.0,9.0,4.0,0.0,0.0,0.0,0.0,0.0,0.0,0.0,0.0,5.0,12.0,1.0,12.22,5.01,2.51,1.49,0.0,0.0,0.0,0.4,0.0,0.3,0.0,0.9,-169.70000000000002,0.0,0.0,169.8,0.0,21.4,29.200000000000003,29.200000000000003,29.700000000000003,300.0,300.0,31.5,35.6,29.1,28.3,30.1,4.95,2.0,4.96,0.16,0.0,0.0,1027.0,8228.0,0.0,0.0,0.0,0.0,0.0,1.0,0.0,0.0,0.0,0.0,0.0,-1.0,0.0,1.1,0.0,0.0,16.0,25903.0
2026-07-30T19:01:49.820Z,279.303,279.318,0.0,7.4,0.0,0.0,0.0,0.0,0.0,0.0,0.0,0.0,1.0,0.0,0.0,0.0,9.0,4.0,0.0,0.0,0.0,0.0,0.0,0.0,0.0,0.0,6.0,12.0,1.0,12.22,5.01,2.51,1.49,0.0,0.0,0.0,0.4,0.0,0.3,-0.6000000000000001,0.3,-169.70000000000002,0.0,0.0,169.8,0.0,21.4,29.200000000000003,29.200000000000003,29.700000000000003,300.0,300.0,31.5,35.6,29.1,28.3,30.1,4.95,2.0,4.97,0.16,0.0,0.0,1027.0,8228.0,0.0,0.0,0.0,0.0,0.0,1.0,0.0,0.0,0.0,0.0,0.0,-0.4,0.0,-0.4,0.0,0.0001,16.0,25903.0
2026-07-30T19:01:49.833Z,279.316,279.33,0.0,7.4,0.0,0.0,0.0,0.0,0.0,0.0,0.0,0.0,1.0,0.0,0.0,0.0,9.0,4.0,0.0,0.0,0.0,0.0,0.0,0.0,0.0,0.0,1.0,12.0,1.0,12.22,5.01,2.51,1.49,0.0,0.0,0.0,0.4,0.0,0.3,0.5,2.1,-169.70000000000002,0.0,0.0,169.8,0.0,21.4,29.200000000000003,29.200000000000003,29.700000000000003,300.0,300.0,31.5,35.6,29.1,28.3,30.1,4.95,1.99,4.97,0.16,0.0,0.0,1027.0,8228.0,0.0,0.0,0.0,0.0,0.0,1.0,0.0,0.0,0.0,0.0,0.0,2.1,0.0,-1.7000000000000002,0.0,0.0,16.0,25903.0
2026-07-30T19:01:49.844Z,279.327,279.342,0.0,7.4,0.0,0.0,0.0,0.0,0.0,0.0,0.0,0.0,1.0,0.0,0.0,0.0,9.0,4.0,0.0,0.0,0.0,0.0,0.0,0.0,0.0,0.0,2.0,12.0,1.0,12.22,5.01,2.51,1.49,0.0,0.0,0.0,0.4,0.0,-0.8,0.0,-0.8,-169.70000000000002,0.0,0.0,169.8,0.0,21.4,29.200000000000003,29.200000000000003,29.700000000000003,300.0,300.0,31.5,35.6,29.1,28.3,30.1,4.95,1.99,4.96,0.16,0.0,0.0,1027.0,8228.0,0.0,0.0,0.0,0.0,0.0,1.0,0.0,0.0,0.0,0.0,0.0,-0.6000000000000001,0.0,0.7000000000000001,0.0,0.0,16.0,25903.0
2026-07-30T19:01:49.857Z,279.34,279.354,0.0,7.4,0.0,0.0,0.0,0.0,0.0,0.0,0.0,0.0,1.0,0.0,0.0,0.0,9.0,4.0,0.0,0.0,0.0,0.0,0.0,0.0,0.0,0.0,3.0,12.0,1.0,12.22,5.01,2.51,1.49,0.0,0.0,0.0,0.4,0.0,-0.2,0.0,0.3,-169.70000000000002,0.0,0.0,169.8,0.0,21.4,29.200000000000003,29.200000000000003,29.700000000000003,300.0,300.0,31.5,35.6,29.1,28.3,30.1,4.96,1.99,4.96,0.16,0.0,0.0,1027.0,8228.0,0.0,0.0,0.0,0.0,0.0,1.0,0.0,0.0,0.0,0.0,0.0,0.2,0.0,-0.3,0.0,0.0,16.0,25903.0
2026-07-30T19:01:49.870Z,279.353,279.366,0.0,7.4,0.0,0.0,0.0,0.0,0.0,0.0,0.0,0.0,1.0,0.0,0.0,0.0,9.0,4.0,0.0,0.0,0.0,0.0,0.0,0.0,0.0,0.0,4.0,12.0,1.0,12.19,5.0200000000000005,2.5,1.49,0.0,0.0,0.0,0.4,0.0,-0.2,-0.5,-0.8,-169.70000000000002,0.0,0.0,169.8,0.0,21.4,29.200000000000003,29.1,29.700000000000003,300.0,300.0,31.6,35.7,29.1,28.3,30.200000000000003,4.95,1.99,4.97,0.16,0.0,0.0,1027.0,8228.0,0.0,0.0,0.0,0.0,0.0,1.0,0.0,0.0,0.0,0.0,0.0,-1.2000000000000002,0.0,0.5,0.0,0.0,16.0,25903.0
2026-07-30T19:01:49.881Z,279.364,279.378,0.0,7.4,0.0,0.0,0.0,0.0,0.0,0.0,0.0,0.0,1.0,0.0,0.0,0.0,9.0,4.0,0.0,0.0,0.0,0.0,0.0,0.0,0.0,0.0,5.0,12.0,1.0,12.19,5.0200000000000005,2.5,1.49,0.0,0.0,0.0,0.4,0.0,0.3,0.0,0.3,-169.70000000000002,0.0,0.0,169.8,0.0,21.4,29.200000000000003,29.1,29.700000000000003,300.0,300.0,31.6,35.7,29.1,28.3,30.200000000000003,4.95,2.0,4.96,0.16,0.0,0.0,1027.0,8228.0,0.0,0.0,0.0,0.0,0.0,1.0,0.0,0.0,0.0,0.0,0.0,0.3,0.0,-0.3,0.0,0.0,16.0,25903.0
2026-07-30T19:01:49.892Z,279.375,279.39,0.0,7.4,0.0,0.0,0.0,0.0,0.0,0.0,0.0,0.0,1.0,0.0,0.0,0.0,9.0,4.0,0.0,0.0,0.0,0.0,0.0,0.0,0.0,0.0,1.0,12.0,1.0,12.19,5.0200000000000005,2.5,1.49,0.0,0.0,0.0,0.4,0.0,-0.2,0.0,0.4,-169.70000000000002,0.0,0.0,169.8,0.0,21.4,29.200000000000003,29.1,29.700000000000003,300.0,300.0,31.6,35.7,29.1,28.3,30.200000000000003,4.95,2.0,4.97,0.16,0.0,0.0,1027.0,8228.0,0.0,0.0,0.0,0.0,0.0,1.0,0.0,0.0,0.0,0.0,0.0,0.2,0.0,-0.3,0.0,0.0,16.0,25903.0
2026-07-30T19:01:49.905Z,279.388,279.402,0.0,7.4,0.0,0.0,0.0,0.0,0.0,0.0,0.0,0.0,1.0,0.0,0.0,0.0,9.0,4.0,0.0,0.0,0.0,0.0,0.0,0.0,0.0,0.0,2.0,12.0,1.0,12.19,5.0200000000000005,2.5,1.49,0.0,0.1,0.0,0.5,0.0,0.3,0.0,-1.3,-169.70000000000002,0.0,0.0,169.8,0.0,21.4,29.200000000000003,29.1,29.700000000000003,300.0,300.0,31.6,35.7,29.1,28.3,30.200000000000003,4.95,1.99,4.97,0.16,0.0,0.0,1027.0,8228.0,0.0,0.0,0.0,0.0,0.0,1.0,0.0,0.0,0.0,0.0,0.0,-0.9,0.0,1.1,0.0,0.0,16.0,25903.0
2026-07-30T19:01:49.916Z,279.399,279.414,0.0,7.4,0.0,0.0,0.0,0.0,0.0,0.0,0.0,0.0,1.0,0.0,0.0,0.0,9.0,4.0,0.0,0.0,0.0,0.0,0.0,0.0,0.0,0.0,3.0,12.0,1.0,12.19,5.0200000000000005,2.5,1.49,0.0,0.0,0.0,0.4,0.0,-0.7000000000000001,0.0,-0.1,-169.70000000000002,0.0,0.0,169.8,0.0,21.4,29.200000000000003,29.1,29.700000000000003,300.0,300.0,31.6,35.7,29.1,28.3,30.200000000000003,4.95,1.99,4.96,0.16,0.0,0.0,1027.0,8228.0,0.0,0.0,0.0,0.0,0.0,1.0,0.0,0.0,0.0,0.0,0.0,0.0,0.0,0.1,0.0,0.0,16.0,25903.0
2026-07-30T19:01:49.928Z,279.411,279.426,0.0,7.4,0.0,0.0,0.0,0.0,0.0,0.0,0.0,0.0,1.0,0.0,0.0,0.0,9.0,4.0,0.0,0.0,0.0,0.0,0.0,0.0,0.0,0.0,4.0,12.0,1.0,12.19,5.0200000000000005,2.5,1.49,0.0,0.0,0.0,0.4,0.0,-0.1,0.6000000000000001,-0.8,-169.70000000000002,0.0,0.0,169.8,0.0,21.4,29.200000000000003,29.1,29.700000000000003,300.0,300.0,31.6,35.7,29.1,28.3,30.200000000000003,4.96,1.99,4.96,0.16,0.0,0.0,1027.0,8228.0,0.0,0.0,0.0,0.0,0.0,1.0,0.0,0.0,0.0,0.0,0.0,0.1,0.0,0.8,0.0,0.0,16.0,25903.0
2026-07-30T19:01:49.940Z,279.423,279.438,0.0,7.4,0.0,0.0,0.0,0.0,0.0,0.0,0.0,0.0,1.0,0.0,0.0,0.0,9.0,4.0,0.0,0.0,0.0,0.0,0.0,0.0,0.0,0.0,5.0,12.0,1.0,12.19,5.0200000000000005,2.5,1.49,0.0,0.0,0.0,0.4,0.0,0.3,0.6000000000000001,1.0,-169.70000000000002,0.0,0.0,169.8,0.0,21.4,29.200000000000003,29.1,29.700000000000003,300.0,300.0,31.6,35.7,29.1,28.3,30.200000000000003,4.96,1.99,4.97,0.16,0.0,0.0,1027.0,8228.0,0.0,0.0,0.0,0.0,0.0,1.0,0.0,0.0,0.0,0.0,0.0,1.4,0.0,-0.7000000000000001,0.0,0.0001,16.0,25903.0
2026-07-30T19:01:49.952Z,279.435,279.45,0.0,7.4,0.0,0.0,0.0,0.0,0.0,0.0,0.0,0.0,1.0,0.0,0.0,0.0,9.0,4.0,0.0,0.0,0.0,0.0,0.0,0.0,0.0,0.0,6.0,12.0,1.0,12.19,5.0200000000000005,2.5,1.49,-0.1,0.2,0.0,0.4,0.0,-0.1,0.0,0.4,-169.70000000000002,0.0,0.0,169.70000000000002,0.0,21.4,29.200000000000003,29.1,29.700000000000003,300.0,300.0,31.6,35.7,29.1,28.3,30.200000000000003,4.95,1.99,4.97,0.16,0.0,0.0,1027.0,8228.0,0.0,0.0,0.0,0.0,0.0,1.0,0.0,0.0,0.0,0.0,0.0,0.4,0.0,-0.3,0.0,0.0,16.0,25903.0
2026-07-30T19:01:49.964Z,279.447,279.462,0.0,7.4,0.0,0.0,0.0,0.0,0.0,0.0,0.0,0.0,1.0,0.0,0.0,0.0,9.0,4.0,0.0,0.0,0.0,0.0,0.0,0.0,0.0,0.0,1.0,12.0,1.0,12.19,5.0200000000000005,2.5,1.49,0.0,0.0,0.0,0.5,0.0,-0.1,-0.4,-0.7000000000000001,-169.70000000000002,0.0,0.0,169.60000000000002,0.0,21.4,29.200000000000003,29.1,29.700000000000003,300.0,300.0,31.6,35.7,29.1,28.3,30.200000000000003,4.95,1.99,4.96,0.16,0.0,0.0,1027.0,8228.0,0.0,0.0,0.0,0.0,0.0,1.0,0.0,0.0,0.0,0.0,0.0,-1.0,0.0,0.5,0.0,0.0001,16.0,25903.0
2026-07-30T19:01:49.976Z,279.459,279.474,0.0,7.4,0.0,0.0,0.0,0.0,0.0,0.0,0.0,0.0,1.0,0.0,0.0,0.0,9.0,4.0,0.0,0.0,0.0,0.0,0.0,0.0,0.0,0.0,2.0,12.0,1.0,12.15,5.0200000000000005,2.51,1.49,0.0,0.0,0.0,0.4,0.0,-1.3,0.0,0.5,-169.70000000000002,0.0,0.0,169.70000000000002,0.0,21.700000000000003,29.200000000000003,29.1,29.700000000000003,300.0,300.0,31.6,35.6,29.1,28.3,30.200000000000003,4.95,1.99,4.97,0.16,0.0,0.0,1027.0,8228.0,0.0,0.0,0.0,0.0,0.0,1.0,0.0,0.0,0.0,0.0,0.0,0.4,0.0,-0.4,0.0,0.0002,16.0,25903.0
2026-07-30T19:01:49.988Z,279.471,279.486,0.0,7.4,0.0,0.0,0.0,0.0,0.0,0.0,0.0,0.0,1.0,0.0,0.0,0.0,9.0,4.0,0.0,0.0,0.0,0.0,0.0,0.0,0.0,0.0,3.0,12.0,1.0,12.15,5.0200000000000005,2.51,1.49,0.0,0.1,0.0,0.4,0.0,-0.1,0.0,-1.2000000000000002,-169.70000000000002,0.0,0.0,169.70000000000002,0.0,21.700000000000003,29.200000000000003,29.1,29.700000000000003,300.0,300.0,31.6,35.6,29.1,28.3,30.200000000000003,4.95,1.99,4.97,0.16,0.0,0.0,1027.0,8228.0,0.0,0.0,0.0,0.0,0.0,1.0,0.0,0.0,0.0,0.0,0.0,-0.8,0.0,1.1,0.0,0.0,16.0,25903.0
2026-07-30T19:01:50.000Z,279.483,279.498,0.0,7.4,0.0,0.0,0.0,0.0,0.0,0.0,0.0,0.0,1.0,0.0,0.0,0.0,9.0,4.0,0.0,0.0,0.0,0.0,0.0,0.0,0.0,0.0,4.0,12.0,1.0,12.15,5.0200000000000005,2.51,1.49,0.0,0.0,0.0,0.5,0.0,0.4,1.1,1.0,-169.70000000000002,0.0,0.0,169.8,0.0,21.700000000000003,29.200000000000003,29.1,29.700000000000003,300.0,300.0,31.6,35.6,29.1,28.3,30.200000000000003,4.95,2.0,4.97,0.16,0.0,0.0,1027.0,8228.0,0.0,0.0,0.0,0.0,0.0,1.0,0.0,0.0,0.0,0.0,0.0,2.1,0.0,-0.6000000000000001,0.0,0.0,16.0,25903.0
2026-07-30T19:01:50.012Z,279.495,279.51,0.0,7.4,0.0,0.0,0.0,0.0,0.0,0.0,0.0,0.0,1.0,0.0,0.0,0.0,9.0,4.0,0.0,0.0,0.0,0.0,0.0,0.0,0.0,0.0,5.0,12.0,1.0,12.15,5.0200000000000005,2.51,1.49,0.0,0.1,0.0,0.4,0.0,-0.1,-0.5,1.0,-169.70000000000002,0.0,0.0,169.8,0.0,21.700000000000003,29.200000000000003,29.1,29.700000000000003,300.0,300.0,31.6,35.6,29.1,28.3,30.200000000000003,4.96,2.0,4.97,0.16,0.0,0.0,1027.0,8228.0,0.0,0.0,0.0,0.0,0.0,1.0,0.0,0.0,0.0,0.0,0.0,0.1,0.0,-1.0,0.0,0.0001,16.0,25903.0
2026-07-30T19:01:50.025Z,279.508,279.522,0.0,7.4,0.0,0.0,0.0,0.0,0.0,0.0,0.0,0.0,1.0,0.0,0.0,0.0,9.0,4.0,0.0,0.0,0.0,0.0,0.0,0.0,0.0,0.0,6.0,12.0,1.0,12.15,5.0200000000000005,2.51,1.49,0.0,0.0,0.0,0.4,0.0,0.3,-0.6000000000000001,-1.2000000000000002,-169.70000000000002,0.0,0.0,169.8,0.0,21.700000000000003,29.200000000000003,29.1,29.700000000000003,300.0,300.0,31.6,35.6,29.1,28.3,30.200000000000003,4.96,1.99,4.97,0.16,0.0,0.0,1027.0,8228.0,0.0,0.0,0.0,0.0,0.0,1.0,0.0,0.0,0.0,0.0,0.0,-1.6,0.0,1.0,0.0,0.0001,16.0,25903.0
2026-07-30T19:01:50.037Z,279.52,279.534,0.0,7.4,0.0,0.0,0.0,0.0,0.0,0.0,0.0,0.0,1.0,0.0,0.0,0.0,9.0,4.0,0.0,0.0,0.0,0.0,0.0,0.0,0.0,0.0,6.0,12.0,1.0,12.15,5.0200000000000005,2.51,1.49,0.0,0.0,0.0,0.4,0.0,0.3,1.1,1.6,-169.70000000000002,0.0,0.0,169.8,0.0,21.700000000000003,29.200000000000003,29.1,29.700000000000003,300.0,300.0,31.6,35.6,29.1,28.3,30.200000000000003,4.96,1.99,4.97,0.16,0.0,0.0,1027.0,8228.0,0.0,0.0,0.0,0.0,0.0,1.0,0.0,0.0,0.0,0.0,0.0,2.4000000000000004,0.0,-1.2000000000000002,0.0,0.0,16.0,25903.0
2026-07-30T19:01:50.048Z,279.531,279.546,0.0,7.4,0.0,0.0,0.0,0.0,0.0,0.0,0.0,0.0,1.0,0.0,0.0,0.0,9.0,4.0,0.0,0.0,0.0,0.0,0.0,0.0,0.0,0.0,1.0,12.0,1.0,12.15,5.0200000000000005,2.51,1.49,0.0,0.0,0.0,0.4,0.0,-0.7000000000000001,-0.6000000000000001,-0.6000000000000001,-169.70000000000002,0.0,0.0,169.8,0.0,21.700000000000003,29.200000000000003,29.1,29.700000000000003,300.0,300.0,31.6,35.6,29.1,28.3,30.200000000000003,4.96,1.99,4.97,0.16,0.0,0.0,1027.0,8228.0,0.0,0.0,0.0,0.0,0.0,1.0,0.0,0.0,0.0,0.0,0.0,-1.2000000000000002,0.0,0.4,0.0,0.0001,16.0,25903.0
2026-07-30T19:01:50.061Z,279.544,279.558,0.0,7.4,0.0,0.0,0.0,0.0,0.0,0.0,0.0,0.0,1.0,0.0,0.0,0.0,9.0,4.0,0.0,0.0,0.0,0.0,0.0,0.0,0.0,0.0,2.0,12.0,1.0,12.15,5.0200000000000005,2.51,1.49,0.0,0.0,0.0,0.4,0.0,-0.2,-0.6000000000000001,0.5,-169.70000000000002,0.0,0.0,169.8,0.0,21.700000000000003,29.200000000000003,29.1,29.700000000000003,300.0,300.0,31.6,35.6,29.1,28.3,30.200000000000003,4.95,1.99,4.96,0.16,0.0,0.0,1027.0,8228.0,0.0,0.0,0.0,0.0,0.0,1.0,0.0,0.0,0.0,0.0,0.0,-0.3,0.0,-0.5,0.0,0.0001,16.0,25903.0
2026-07-30T19:01:50.073Z,279.556,279.57,0.0,7.4,0.0,0.0,0.0,0.0,0.0,0.0,0.0,0.0,1.0,0.0,0.0,0.0,9.0,4.0,0.0,0.0,0.0,0.0,0.0,0.0,0.0,0.0,4.0,12.0,1.0,12.18,5.0200000000000005,2.51,1.49,0.0,0.0,0.0,0.4,0.0,0.3,-0.6000000000000001,-0.1,-169.70000000000002,0.0,0.0,169.8,0.0,21.700000000000003,29.200000000000003,29.1,29.700000000000003,300.0,300.0,31.6,35.6,29.1,28.3,30.200000000000003,4.95,1.99,4.97,0.16,0.0,0.0,1027.0,8228.0,0.0,0.0,0.0,0.0,0.0,1.0,0.0,0.0,0.0,0.0,0.0,-0.8,0.0,0.0,0.0,0.0,16.0,25903.0
2026-07-30T19:01:50.085Z,279.568,279.582,0.0,7.4,0.0,0.0,0.0,0.0,0.0,0.0,0.0,0.0,1.0,0.0,0.0,0.0,9.0,4.0,0.0,0.0,0.0,0.0,0.0,0.0,0.0,0.0,5.0,12.0,1.0,12.18,5.0200000000000005,2.51,1.49,0.0,0.0,0.0,0.4,0.0,0.4,1.7000000000000002,1.6,-169.70000000000002,0.0,0.0,169.8,0.0,21.700000000000003,29.200000000000003,29.1,29.700000000000003,300.0,300.0,31.6,35.6,29.1,28.3,30.200000000000003,4.95,2.0,4.96,0.16,0.0,0.0,1027.0,8228.0,0.0,0.0,0.0,0.0,0.0,1.0,0.0,0.0,0.0,0.0,0.0,3.2,0.0,-1.1,0.0,0.0,16.0,25903.0
2026-07-30T19:01:50.097Z,279.58,279.594,0.0,7.4,0.0,0.0,0.0,0.0,0.0,0.0,0.0,0.0,1.0,0.0,0.0,0.0,9.0,4.0,0.0,0.0,0.0,0.0,0.0,0.0,0.0,0.0,6.0,12.0,1.0,12.18,5.0200000000000005,2.51,1.49,0.0,0.0,0.0,0.4,0.0,1.5,0.6000000000000001,1.1,-169.70000000000002,0.0,0.0,169.8,0.0,21.700000000000003,29.200000000000003,29.1,29.700000000000003,300.0,300.0,31.6,35.6,29.1,28.3,30.200000000000003,4.96,1.99,4.96,0.16,0.0,0.0,1027.0,8228.0,0.0,0.0,0.0,0.0,0.0,1.0,0.0,0.0,0.0,0.0,0.0,1.5,0.0,-0.8,0.0,0.0,16.0,25903.0
2026-07-30T19:01:50.109Z,279.592,279.606,0.0,7.4,0.0,0.0,0.0,0.0,0.0,0.0,0.0,0.0,1.0,0.0,0.0,0.0,9.0,4.0,0.0,0.0,0.0,0.0,0.0,0.0,0.0,0.0,1.0,12.0,1.0,12.18,5.0200000000000005,2.51,1.49,0.0,0.0,0.0,0.4,0.0,0.3,-0.5,-0.6000000000000001,-169.70000000000002,0.0,0.0,169.70000000000002,0.0,21.700000000000003,29.200000000000003,29.1,29.700000000000003,300.0,300.0,31.6,35.6,29.1,28.3,30.200000000000003,4.95,1.99,4.97,0.16,0.0,0.0,1027.0,8228.0,0.0,0.0,0.0,0.0,0.0,1.0,0.0,0.0,0.0,0.0,0.0,-1.0,0.0,0.4,0.0,0.0001,16.0,25903.0
2026-07-30T19:01:50.121Z,279.604,279.618,0.0,7.4,0.0,0.0,0.0,0.0,0.0,0.0,0.0,0.0,1.0,0.0,0.0,0.0,9.0,4.0,0.0,0.0,0.0,0.0,0.0,0.0,0.0,0.0,2.0,12.0,1.0,12.18,5.0200000000000005,2.51,1.49,0.0,0.0,0.0,0.4,0.0,-0.1,-1.0,0.0,-169.70000000000002,0.0,0.0,169.70000000000002,0.0,21.700000000000003,29.200000000000003,29.1,29.700000000000003,300.0,300.0,31.6,35.6,29.1,28.3,30.200000000000003,4.96,1.99,4.97,0.16,0.0,0.0,1027.0,8228.0,0.0,0.0,0.0,0.0,0.0,1.0,0.0,0.0,0.0,0.0,0.0,-1.2000000000000002,0.0,-0.1,0.0,0.0001,16.0,25903.0
2026-07-30T19:01:50.132Z,279.615,279.63,0.0,7.4,0.0,0.0,0.0,0.0,0.0,0.0,0.0,0.0,1.0,0.0,0.0,0.0,9.0,4.0,0.0,0.0,0.0,0.0,0.0,0.0,0.0,0.0,3.0,12.0,1.0,12.18,5.0200000000000005,2.51,1.49,0.0,0.1,0.0,0.4,0.0,0.4,0.6000000000000001,0.0,-169.70000000000002,0.0,0.0,169.8,0.0,21.700000000000003,29.200000000000003,29.1,29.700000000000003,300.0,300.0,31.6,35.6,29.1,28.3,30.200000000000003,4.96,1.99,4.96,0.16,0.0,0.0,1027.0,8228.0,0.0,0.0,0.0,0.0,0.0,1.0,0.0,0.0,0.0,0.0,0.0,0.6000000000000001,0.0,0.2,0.0,0.0001,16.0,25903.0
2026-07-30T19:01:50.144Z,279.627,279.642,0.0,7.4,0.0,0.0,0.0,0.0,0.0,0.0,0.0,0.0,1.0,0.0,0.0,0.0,9.0,4.0,0.0,0.0,0.0,0.0,0.0,0.0,0.0,0.0,5.0,12.0,1.0,12.18,5.0200000000000005,2.51,1.49,0.0,0.0,0.0,0.4,0.0,-0.1,1.8,-0.1,-169.70000000000002,0.0,0.0,169.8,0.0,21.700000000000003,29.200000000000003,29.1,29.700000000000003,300.0,300.0,31.6,35.6,29.1,28.3,30.200000000000003,4.96,1.99,4.96,0.16,0.0,0.0,1027.0,8228.0,0.0,0.0,0.0,0.0,0.0,1.0,0.0,0.0,0.0,0.0,0.0,2.0,0.0,0.5,0.0,0.0001,16.0,25903.0
2026-07-30T19:01:50.157Z,279.64,279.654,0.0,7.4,0.0,0.0,0.0,0.0,0.0,0.0,0.0,0.0,1.0,0.0,0.0,0.0,9.0,4.0,0.0,0.0,0.0,0.0,0.0,0.0,0.0,0.0,6.0,12.0,1.0,12.18,5.0200000000000005,2.51,1.49,0.0,0.1,0.0,0.4,0.0,1.0,0.1,1.6,-169.70000000000002,0.0,0.0,169.8,0.0,21.700000000000003,29.200000000000003,29.1,29.700000000000003,300.0,300.0,31.6,35.6,29.1,28.3,30.200000000000003,4.95,1.99,4.97,0.16,0.0,0.0,1027.0,8228.0,0.0,0.0,0.0,0.0,0.0,1.0,0.0,0.0,0.0,0.0,0.0,1.3,0.0,-1.4,0.0,0.0,16.0,25903.0
2026-07-30T19:01:50.168Z,279.651,279.666,0.0,7.4,0.0,0.0,0.0,0.0,0.0,0.0,0.0,0.0,1.0,0.0,0.0,0.0,9.0,4.0,0.0,0.0,0.0,0.0,0.0,0.0,0.0,0.0,6.0,12.0,1.0,12.18,5.0200000000000005,2.51,1.49,0.0,0.0,0.0,0.5,0.0,-0.1,0.6000000000000001,0.0,-169.70000000000002,0.0,0.0,169.8,0.0,21.700000000000003,29.200000000000003,29.1,29.700000000000003,300.0,300.0,31.6,35.6,29.1,28.3,30.200000000000003,4.96,2.0,4.96,0.16,0.0,0.0,1027.0,8228.0,0.0,0.0,0.0,0.0,0.0,1.0,0.0,0.0,0.0,0.0,0.0,0.7000000000000001,0.0,0.2,0.0,0.0,16.0,25903.0
2026-07-30T19:01:50.180Z,279.663,279.678,0.0,7.4,0.0,0.0,0.0,0.0,0.0,0.0,0.0,0.0,1.0,0.0,0.0,0.0,9.0,4.0,0.0,0.0,0.0,0.0,0.0,0.0,0.0,0.0,2.0,12.0,1.0,12.17,5.01,2.51,1.49,0.0,0.1,0.0,0.4,0.0,-0.1,-0.4,0.5,-169.70000000000002,0.0,0.0,169.8,0.0,21.700000000000003,29.200000000000003,29.1,29.700000000000003,300.0,300.0,31.6,35.7,29.1,28.3,30.200000000000003,4.96,1.99,4.97,0.15,0.0,0.0,1027.0,8228.0,0.0,0.0,0.0,0.0,0.0,1.0,0.0,0.0,0.0,0.0,0.0,-0.1,0.0,-0.5,0.0,0.0001,16.0,25903.0
2026-07-30T19:01:50.192Z,279.675,279.69,0.0,7.4,0.0,0.0,0.0,0.0,0.0,0.0,0.0,0.0,1.0,0.0,0.0,0.0,9.0,4.0,0.0,0.0,0.0,0.0,0.0,0.0,0.0,0.0,3.0,12.0,1.0,12.17,5.01,2.51,1.49,0.0,0.0,0.0,0.4,0.0,-0.1,0.7000000000000001,1.1,-169.70000000000002,0.0,0.0,169.8,0.0,21.700000000000003,29.200000000000003,29.1,29.700000000000003,300.0,300.0,31.6,35.7,29.1,28.3,30.200000000000003,4.95,1.99,4.97,0.17,0.0,0.0,1027.0,8228.0,0.0,0.0,0.0,0.0,0.0,1.0,0.0,0.0,0.0,0.0,0.0,1.6,0.0,-0.8,0.0,0.0,16.0,25903.0
2026-07-30T19:01:50.204Z,279.687,279.702,0.0,7.4,0.0,0.0,0.0,0.0,0.0,0.0,0.0,0.0,1.0,0.0,0.0,0.0,9.0,4.0,0.0,0.0,0.0,0.0,0.0,0.0,0.0,0.0,4.0,12.0,1.0,12.17,5.01,2.51,1.49,0.0,0.0,0.0,0.5,0.0,0.4,0.1,-0.6000000000000001,-169.70000000000002,0.0,0.0,169.70000000000002,0.0,21.700000000000003,29.200000000000003,29.1,29.700000000000003,300.0,300.0,31.6,35.7,29.1,28.3,30.200000000000003,4.96,1.99,4.96,0.16,0.0,0.0,1027.0,8228.0,0.0,0.0,0.0,0.0,0.0,1.0,0.0,0.0,0.0,0.0,0.0,-0.2,0.0,0.5,0.0,0.0,16.0,25903.0
2026-07-30T19:01:50.216Z,279.699,279.714,0.0,7.4,0.0,0.0,0.0,0.0,0.0,0.0,0.0,0.0,1.0,0.0,0.0,0.0,9.0,4.0,0.0,0.0,0.0,0.0,0.0,0.0,0.0,0.0,5.0,12.0,1.0,12.17,5.01,2.51,1.49,0.0,0.0,0.0,0.4,0.0,-0.7000000000000001,-1.0,0.0,-169.70000000000002,0.0,0.0,169.70000000000002,0.0,21.700000000000003,29.200000000000003,29.1,29.700000000000003,300.0,300.0,31.6,35.7,29.1,28.3,30.200000000000003,4.95,1.99,4.96,0.16,0.0,0.0,1027.0,8228.0,0.0,0.0,0.0,0.0,0.0,1.0,0.0,0.0,0.0,0.0,0.0,-1.2000000000000002,0.0,-0.1,0.0,0.0001,16.0,25903.0
2026-07-30T19:01:50.228Z,279.711,279.726,0.0,7.4,0.0,0.0,0.0,0.0,0.0,0.0,0.0,0.0,1.0,0.0,0.0,0.0,9.0,4.0,0.0,0.0,0.0,0.0,0.0,0.0,0.0,0.0,6.0,12.0,1.0,12.17,5.01,2.51,1.49,0.0,0.1,0.0,0.4,0.0,-0.1,0.1,-1.1,-169.70000000000002,0.0,0.0,169.60000000000002,0.0,21.700000000000003,29.200000000000003,29.1,29.700000000000003,300.0,300.0,31.6,35.7,29.1,28.3,30.200000000000003,4.95,1.99,4.97,0.16,0.0,0.0,1027.0,8228.0,0.0,0.0,0.0,0.0,0.0,1.0,0.0,0.0,0.0,0.0,0.0,-0.7000000000000001,0.0,1.0,0.0,0.0001,16.0,25903.0
2026-07-30T19:01:50.240Z,279.723,279.738,0.0,7.4,0.0,0.0,0.0,0.0,0.0,0.0,0.0,0.0,1.0,0.0,0.0,0.0,9.0,4.0,0.0,0.0,0.0,0.0,0.0,0.0,0.0,0.0,1.0,12.0,1.0,12.17,5.01,2.51,1.49,0.0,0.0,0.0,0.4,0.0,-0.1,-0.4,0.0,-169.70000000000002,0.0,0.0,169.70000000000002,0.0,21.700000000000003,29.200000000000003,29.1,29.700000000000003,300.0,300.0,31.6,35.7,29.1,28.3,30.200000000000003,4.96,1.99,4.97,0.16,0.0,0.0,1027.0,8228.0,0.0,0.0,0.0,0.0,0.0,1.0,0.0,0.0,0.0,0.0,0.0,-0.5,0.0,0.0,0.0,0.0002,16.0,25903.0
2026-07-30T19:01:50.253Z,279.736,279.75,0.0,7.4,0.0,0.0,0.0,0.0,0.0,0.0,0.0,0.0,1.0,0.0,0.0,0.0,9.0,4.0,0.0,0.0,0.0,0.0,0.0,0.0,0.0,0.0,2.0,12.0,1.0,12.17,5.01,2.51,1.49,0.0,0.0,0.0,0.4,0.0,0.4,0.7000000000000001,2.3000000000000003,-169.70000000000002,0.0,0.0,169.70000000000002,0.0,21.700000000000003,29.200000000000003,29.1,29.700000000000003,300.0,300.0,31.6,35.7,29.1,28.3,30.200000000000003,4.96,1.99,4.96,0.16,0.0,0.0,1027.0,8228.0,0.0,0.0,0.0,0.0,0.0,1.0,0.0,0.0,0.0,0.0,0.0,2.5,0.0,-1.8,0.0,0.0,16.0,25903.0
2026-07-30T19:01:50.264Z,279.747,279.762,0.0,7.4,0.0,0.0,0.0,0.0,0.0,0.0,0.0,0.0,1.0,0.0,0.0,0.0,9.0,4.0,0.0,0.0,0.0,0.0,0.0,0.0,0.0,0.0,3.0,12.0,1.0,12.17,5.01,2.51,1.49,0.0,0.0,0.0,0.4,0.0,0.0,0.1,0.0,-169.70000000000002,0.0,0.0,169.8,0.0,21.700000000000003,29.200000000000003,29.1,29.700000000000003,300.0,300.0,31.6,35.7,29.1,28.3,30.200000000000003,4.95,1.99,4.97,0.16,0.0,0.0,1027.0,8228.0,0.0,0.0,0.0,0.0,0.0,1.0,0.0,0.0,0.0,0.0,0.0,0.1,0.0,0.0,0.0,0.0,16.0,25903.0
2026-07-30T19:01:50.277Z,279.76,279.774,0.0,7.4,0.0,0.0,0.0,0.0,0.0,0.0,0.0,0.0,1.0,0.0,0.0,0.0,9.0,4.0,0.0,0.0,0.0,0.0,0.0,0.0,0.0,0.0,5.0,12.0,1.0,12.18,5.0200000000000005,2.5,1.49,0.0,0.0,0.0,0.5,0.0,0.5,1.2000000000000002,1.6,-169.70000000000002,0.0,0.0,169.70000000000002,0.0,20.8,29.200000000000003,29.1,29.700000000000003,300.0,300.0,31.700000000000003,35.6,29.1,28.3,30.1,4.95,1.99,4.96,0.16,0.0,0.0,1027.0,8228.0,0.0,0.0,0.0,0.0,0.0,1.0,0.0,0.0,0.0,0.0,0.0,2.7,0.0,-1.2000000000000002,0.0,0.0002,16.0,25903.0
2026-07-30T19:01:50.289Z,279.772,279.786,0.0,7.4,0.0,0.0,0.0,0.0,0.0,0.0,0.0,0.0,1.0,0.0,0.0,0.0,9.0,4.0,0.0,0.0,0.0,0.0,0.0,0.0,0.0,0.0,1.0,12.0,1.0,12.18,5.0200000000000005,2.5,1.49,0.0,0.0,0.0,0.4,0.0,0.4,0.7000000000000001,2.2,-169.70000000000002,0.0,0.0,169.70000000000002,0.0,20.8,29.200000000000003,29.1,29.700000000000003,300.0,300.0,31.700000000000003,35.6,29.1,28.3,30.1,4.96,2.0,4.96,0.16,0.0,0.0,1027.0,8228.0,0.0,0.0,0.0,0.0,0.0,1.0,0.0,0.0,0.0,0.0,0.0,2.4000000000000004,0.0,-1.8,0.0,0.0001,16.0,25903.0
2026-07-30T19:01:50.300Z,279.783,279.798,0.0,7.4,0.0,0.0,0.0,0.0,0.0,0.0,0.0,0.0,1.0,0.0,0.0,0.0,9.0,4.0,0.0,0.0,0.0,0.0,0.0,0.0,0.0,0.0,2.0,12.0,1.0,12.18,5.0200000000000005,2.5,1.49,0.0,0.0,0.0,0.4,0.0,0.4,-0.9,-0.6000000000000001,-169.70000000000002,0.0,0.0,169.8,0.0,20.8,29.200000000000003,29.1,29.700000000000003,300.0,300.0,31.700000000000003,35.6,29.1,28.3,30.1,4.95,2.0,4.96,0.16,0.0,0.0,1027.0,8228.0,0.0,0.0,0.0,0.0,0.0,1.0,0.0,0.0,0.0,0.0,0.0,-0.9,0.0,0.5,0.0,0.0001,16.0,25903.0
2026-07-30T19:01:50.313Z,279.796,279.81,0.0,7.4,0.0,0.0,0.0,0.0,0.0,0.0,0.0,0.0,1.0,0.0,0.0,0.0,9.0,4.0,0.0,0.0,0.0,0.0,0.0,0.0,0.0,0.0,4.0,12.0,1.0,12.18,5.0200000000000005,2.5,1.49,0.0,0.0,0.0,0.4,0.0,-0.6000000000000001,-0.4,1.1,-169.70000000000002,0.0,0.0,169.70000000000002,0.0,20.8,29.200000000000003,29.1,29.700000000000003,300.0,300.0,31.700000000000003,35.6,29.1,28.3,30.1,4.95,1.99,4.97,0.16,0.0,0.0,1027.0,8228.0,0.0,0.0,0.0,0.0,0.0,1.0,0.0,0.0,0.0,0.0,0.0,-1.6,0.0,0.3,0.0,0.0001,16.0,25903.0
2026-07-30T19:01:50.325Z,279.808,279.822,0.0,7.4,0.0,0.0,0.0,0.0,0.0,0.0,0.0,0.0,1.0,0.0,0.0,0.0,9.0,4.0,0.0,0.0,0.0,0.0,0.0,0.0,0.0,0.0,5.0,12.0,1.0,12.18,5.0200000000000005,2.5,1.49,0.0,0.0,0.0,0.4,0.0,-0.1,0.1,-1.2000000000000002,-169.70000000000002,0.0,0.0,169.8,0.0,20.8,29.200000000000003,29.1,29.700000000000003,300.0,300.0,31.700000000000003,35.6,29.1,28.3,30.1,4.95,1.99,4.96,0.16,0.0,0.0,1027.0,8228.0,0.0,0.0,0.0,0.0,0.0,1.0,0.0,0.0,0.0,0.0,0.0,0.9,0.0,0.8,0.0,0.0001,16.0,25903.0
2026-07-30T19:01:50.336Z,279.819,279.834,0.0,7.4,0.0,0.0,0.0,0.0,0.0,0.0,0.0,0.0,1.0,0.0,0.0,0.0,9.0,4.0,0.0,0.0,0.0,0.0,0.0,0.0,0.0,0.0,1.0,12.0,1.0,12.18,5.0200000000000005,2.5,1.49,0.0,0.1,0.0,0.4,0.0,1.0,1.2000000000000002,-1.2000000000000002,-169.70000000000002,0.0,0.0,169.8,0.0,20.8,29.200000000000003,29.1,29.700000000000003,300.0,300.0,31.700000000000003,35.6,29.1,28.3,30.1,4.96,2.0,4.96,0.16,0.0,0.0,1027.0,8228.0,0.0,0.0,0.0,0.0,0.0,1.0,0.0,0.0,0.0,0.0,0.0,0.5,0.0,1.4,0.0,0.0002,16.0,25903.0
2026-07-30T19:01:50.349Z,279.832,279.846,0.0,7.4,0.0,0.0,0.0,0.0,0.0,0.0,0.0,0.0,1.0,0.0,0.0,0.0,9.0,4.0,0.0,0.0,0.0,0.0,0.0,0.0,0.0,0.0,2.0,12.0,1.0,12.18,5.0200000000000005,2.5,1.49,0.0,0.0,0.0,0.4,0.0,-0.1,0.7000000000000001,1.0,-169.70000000000002,0.0,0.0,169.8,0.0,20.8,29.200000000000003,29.1,29.700000000000003,300.0,300.0,31.700000000000003,35.6,29.1,28.3,30.1,4.95,2.0,4.96,0.16,0.0,0.0,1027.0,8228.0,0.0,0.0,0.0,0.0,0.0,1.0,0.0,0.0,0.0,0.0,0.0,1.6,0.0,-0.7000000000000001,0.0,0.0001,16.0,25903.0
2026-07-30T19:01:50.361Z,279.844,279.858,0.0,7.4,0.0,0.0,0.0,0.0,0.0,0.0,0.0,0.0,1.0,0.0,0.0,0.0,9.0,4.0,0.0,0.0,0.0,0.0,0.0,0.0,0.0,0.0,3.0,12.0,1.0,12.18,5.0200000000000005,2.5,1.49,0.0,0.0,0.0,0.4,0.0,-0.1,-0.4,-1.2000000000000002,-169.70000000000002,0.0,0.0,169.70000000000002,0.0,20.8,29.200000000000003,29.1,29.700000000000003,300.0,300.0,31.700000000000003,35.6,29.1,28.3,30.1,4.96,2.0,4.96,0.16,0.0,0.0,1027.0,8228.0,0.0,0.0,0.0,0.0,0.0,1.0,0.0,0.0,0.0,0.0,0.0,-1.4,0.0,1.0,0.0,0.0,16.0,25903.0
2026-07-30T19:01:50.373Z,279.856,279.87,0.0,7.4,0.0,0.0,0.0,0.0,0.0,0.0,0.0,0.0,1.0,0.0,0.0,0.0,9.0,4.0,0.0,0.0,0.0,0.0,0.0,0.0,0.0,0.0,5.0,12.0,1.0,12.18,5.0200000000000005,2.5,1.49,0.0,0.0,0.0,0.4,0.0,-0.1,0.7000000000000001,0.0,-169.70000000000002,0.0,0.0,169.70000000000002,0.0,20.8,29.200000000000003,29.1,29.700000000000003,300.0,300.0,31.700000000000003,35.6,29.1,28.3,30.1,4.96,1.99,4.96,0.16,0.0,0.0,1027.0,8228.0,0.0,0.0,0.0,0.0,0.0,1.0,0.0,0.0,0.0,0.0,0.0,0.7000000000000001,0.0,0.2,0.0,0.0001,16.0,25903.0
2026-07-30T19:01:50.384Z,279.867,279.882,0.0,7.4,0.0,0.0,0.0,0.0,0.0,0.0,0.0,0.0,1.0,0.0,0.0,0.0,9.0,4.0,0.0,0.0,0.0,0.0,0.0,0.0,0.0,0.0,6.0,12.0,1.0,12.15,5.01,2.51,1.49,0.0,0.0,0.0,0.4,0.0,0.4,0.0,-0.1,-169.70000000000002,0.0,0.0,169.8,0.0,21.700000000000003,29.200000000000003,29.1,29.700000000000003,300.0,300.0,31.700000000000003,35.6,29.1,28.3,30.1,4.95,1.99,4.96,0.16,0.0,0.0,1027.0,8228.0,0.0,0.0,0.0,0.0,0.0,1.0,0.0,0.0,0.0,0.0,0.0,0.0,0.0,0.1,0.0,0.0001,16.0,25903.0
2026-07-30T19:01:50.396Z,279.879,279.894,0.0,7.4,0.0,0.0,0.0,0.0,0.0,0.0,0.0,0.0,1.0,0.0,0.0,0.0,9.0,4.0,0.0,0.0,0.0,0.0,0.0,0.0,0.0,0.0,2.0,12.0,1.0,12.15,5.01,2.51,1.49,0.0,0.0,0.0,0.4,0.0,1.0,-0.4,1.0,-169.70000000000002,0.0,0.0,169.70000000000002,0.0,21.700000000000003,29.200000000000003,29.1,29.700000000000003,300.0,300.0,31.700000000000003,35.6,29.1,28.3,30.1,4.94,1.99,4.97,0.16,0.0,0.0,1027.0,8228.0,0.0,0.0,0.0,0.0,0.0,1.0,0.0,0.0,0.0,0.0,0.0,0.2,0.0,-0.9,0.0,0.0,16.0,25903.0
2026-07-30T19:01:50.409Z,279.892,279.906,0.0,7.4,0.0,0.0,0.0,0.0,0.0,0.0,0.0,0.0,1.0,0.0,0.0,0.0,9.0,4.0,0.0,0.0,0.0,0.0,0.0,0.0,0.0,0.0,3.0,12.0,1.0,12.15,5.01,2.51,1.49,0.0,0.0,0.0,0.4,0.0,-0.1,-1.6,-0.7000000000000001,-169.70000000000002,0.0,0.0,169.70000000000002,0.0,21.700000000000003,29.200000000000003,29.1,29.700000000000003,300.0,300.0,31.700000000000003,35.6,29.1,28.3,30.1,4.96,1.99,4.96,0.16,0.0,0.0,1027.0,8228.0,0.0,0.0,0.0,0.0,0.0,1.0,0.0,0.0,0.0,0.0,0.0,-2.4000000000000004,0.0,0.3,0.0,0.0001,16.0,25903.0
2026-07-30T19:01:50.421Z,279.904,279.918,0.0,7.4,0.0,0.0,0.0,0.0,0.0,0.0,0.0,0.0,1.0,0.0,0.0,0.0,9.0,4.0,0.0,0.0,0.0,0.0,0.0,0.0,0.0,0.0,5.0,12.0,1.0,12.15,5.01,2.51,1.49,0.0,0.0,0.0,0.4,0.0,-0.1,-0.4,-1.3,-169.70000000000002,0.0,0.0,169.70000000000002,0.0,21.700000000000003,29.200000000000003,29.1,29.700000000000003,300.0,300.0,31.700000000000003,35.6,29.1,28.3,30.1,4.96,1.99,4.97,0.16,0.0,0.0,1027.0,8228.0,0.0,0.0,0.0,0.0,0.0,1.0,0.0,0.0,0.0,0.0,0.0,-1.5,0.0,1.1,0.0,0.0001,16.0,25903.0
2026-07-30T19:01:50.432Z,279.915,279.93,0.0,7.4,0.0,0.0,0.0,0.0,0.0,0.0,0.0,0.0,1.0,0.0,0.0,0.0,9.0,4.0,0.0,0.0,0.0,0.0,0.0,0.0,0.0,0.0,6.0,12.0,1.0,12.15,5.01,2.51,1.49,0.0,0.0,0.0,0.4,0.0,-0.1,-0.4,-0.1,-169.70000000000002,0.0,0.0,169.70000000000002,0.0,21.700000000000003,29.200000000000003,29.1,29.700000000000003,300.0,300.0,31.700000000000003,35.6,29.1,28.3,30.1,4.95,1.99,4.97,0.17,0.0,0.0,1027.0,8228.0,0.0,0.0,0.0,0.0,0.0,1.0,0.0,0.0,0.0,0.0,0.0,-0.6000000000000001,0.0,0.0,0.0,0.0,16.0,25903.0
2026-07-30T19:01:50.444Z,279.927,279.942,0.0,7.4,0.0,0.0,0.0,0.0,0.0,0.0,0.0,0.0,1.0,0.0,0.0,0.0,9.0,4.0,0.0,0.0,0.0,0.0,0.0,0.0,0.0,0.0,2.0,12.0,1.0,12.15,5.01,2.51,1.49,0.0,0.0,0.0,0.4,0.0,-0.6000000000000001,-0.4,-0.1,-169.70000000000002,0.0,0.0,169.70000000000002,0.0,21.700000000000003,29.200000000000003,29.1,29.700000000000003,300.0,300.0,31.700000000000003,35.6,29.1,28.3,30.1,4.96,1.99,4.97,0.16,0.0,0.0,1027.0,8228.0,0.0,0.0,0.0,0.0,0.0,1.0,0.0,0.0,0.0,0.0,0.0,-0.6000000000000001,0.0,0.0,0.0,0.0,16.0,25903.0
2026-07-30T19:01:50.456Z,279.939,279.954,0.0,7.4,0.0,0.0,0.0,0.0,0.0,0.0,0.0,0.0,1.0,0.0,0.0,0.0,9.0,4.0,0.0,0.0,0.0,0.0,0.0,0.0,0.0,0.0,3.0,12.0,1.0,12.15,5.01,2.51,1.49,0.0,0.0,0.0,0.4,0.0,0.4,-1.5,0.4,-169.70000000000002,0.0,0.0,169.8,0.0,21.700000000000003,29.200000000000003,29.1,29.700000000000003,300.0,300.0,31.700000000000003,35.6,29.1,28.3,30.1,4.95,1.99,4.97,0.16,0.0,0.0,1027.0,8228.0,0.0,0.0,0.0,0.0,0.0,1.0,0.0,0.0,0.0,0.0,0.0,-1.4,0.0,-0.7000000000000001,0.0,0.0001,16.0,25903.0
2026-07-30T19:01:50.468Z,279.951,279.966,0.0,7.4,0.0,0.0,0.0,0.0,0.0,0.0,0.0,0.0,1.0,0.0,0.0,0.0,9.0,4.0,0.0,0.0,0.0,0.0,0.0,0.0,0.0,0.0,4.0,12.0,1.0,12.15,5.01,2.51,1.49,0.0,0.0,0.0,0.4,0.0,-0.1,-0.4,-1.3,-169.70000000000002,0.0,0.0,169.70000000000002,0.0,21.700000000000003,29.200000000000003,29.1,29.700000000000003,300.0,300.0,31.700000000000003,35.6,29.1,28.3,30.1,4.95,1.99,4.97,0.16,0.0,0.0,1027.0,8228.0,0.0,0.0,0.0,0.0,0.0,1.0,0.0,0.0,0.0,0.0,0.0,-1.5,0.0,1.1,0.0,0.0001,16.0,25903.0
2026-07-30T19:01:50.482Z,279.965,279.978,0.0,7.4,0.0,0.0,0.0,0.0,0.0,0.0,0.0,0.0,1.0,0.0,0.0,0.0,9.0,4.0,0.0,0.0,0.0,0.0,0.0,0.0,0.0,0.0,5.0,12.0,1.0,12.18,5.0200000000000005,2.51,1.49,0.0,0.0,0.0,0.4,0.0,0.4,-0.5,-0.1,-169.70000000000002,0.0,0.0,169.70000000000002,0.0,21.8,29.200000000000003,29.1,29.700000000000003,300.0,300.0,31.6,35.7,29.1,28.3,30.1,4.96,2.0,4.97,0.16,0.0,0.0,1027.0,8228.0,0.0,0.0,0.0,0.0,0.0,1.0,0.0,0.0,0.0,0.0,0.0,-0.7000000000000001,0.0,0.0,0.0,0.0,16.0,25903.0
2026-07-30T19:01:50.493Z,279.976,279.99,0.0,7.4,0.0,0.0,0.0,0.0,0.0,0.0,0.0,0.0,1.0,0.0,0.0,0.0,9.0,4.0,0.0,0.0,0.0,0.0,0.0,0.0,0.0,0.0,5.0,12.0,1.0,12.18,5.0200000000000005,2.51,1.49,0.0,0.0,0.0,0.4,0.0,0.3,-0.4,-0.1,-169.70000000000002,0.0,0.0,169.70000000000002,0.0,21.8,29.200000000000003,29.1,29.700000000000003,300.0,300.0,31.6,35.7,29.1,28.3,30.1,4.96,2.0,4.96,0.16,0.0,0.0,1027.0,8228.0,0.0,0.0,0.0,0.0,0.0,1.0,0.0,0.0,0.0,0.0,0.0,-0.6000000000000001,0.0,0.0,0.0,0.0001,16.0,25903.0
2026-07-30T19:01:50.504Z,279.987,280.002,0.0,7.4,0.0,0.0,0.0,0.0,0.0,0.0,0.0,0.0,1.0,0.0,0.0,0.0,9.0,4.0,0.0,0.0,0.0,0.0,0.0,0.0,0.0,0.0,6.0,12.0,1.0,12.18,5.0200000000000005,2.51,1.49,0.0,0.0,0.0,0.4,0.0,0.9,-0.9,-0.1,-169.70000000000002,0.0,0.0,169.70000000000002,0.0,21.8,29.200000000000003,29.1,29.700000000000003,300.0,300.0,31.6,35.7,29.1,28.3,30.1,4.95,1.99,4.97,0.16,0.0,0.0,1027.0,8228.0,0.0,0.0,0.0,0.0,0.0,1.0,0.0,0.0,0.0,0.0,0.0,-1.2000000000000002,0.0,0.0,0.0,0.0001,16.0,25903.0
2026-07-30T19:01:50.516Z,279.999,280.014,0.0,7.4,0.0,0.0,0.0,0.0,0.0,0.0,0.0,0.0,1.0,0.0,0.0,0.0,9.0,4.0,0.0,0.0,0.0,0.0,0.0,0.0,0.0,0.0,2.0,12.0,1.0,12.18,5.0200000000000005,2.51,1.49,0.0,0.0,0.0,0.4,0.0,-0.7000000000000001,0.7000000000000001,-0.7000000000000001,-169.70000000000002,0.0,0.0,169.70000000000002,0.0,21.8,29.200000000000003,29.1,29.700000000000003,300.0,300.0,31.6,35.7,29.1,28.3,30.1,4.95,1.99,4.96,0.16,0.0,0.0,1027.0,8228.0,0.0,0.0,0.0,0.0,0.0,1.0,0.0,0.0,0.0,0.0,0.0,0.3,0.0,0.7000000000000001,0.0,0.0001,16.0,25903.0
2026-07-30T19:01:50.528Z,280.011,280.026,0.0,7.4,0.0,0.0,0.0,0.0,0.0,0.0,0.0,0.0,1.0,0.0,0.0,0.0,9.0,4.0,0.0,0.0,0.0,0.0,0.0,0.0,0.0,0.0,3.0,12.0,1.0,12.18,5.0200000000000005,2.51,1.49,0.0,0.1,0.0,0.4,0.0,0.9,1.2000000000000002,0.4,-169.70000000000002,0.0,0.0,169.8,0.0,21.8,29.200000000000003,29.1,29.700000000000003,300.0,300.0,31.6,35.7,29.1,28.3,30.1,4.96,1.99,4.96,0.16,0.0,0.0,1027.0,8228.0,0.0,0.0,0.0,0.0,0.0,1.0,0.0,0.0,0.0,0.0,0.0,1.8,0.0,-0.1,0.0,0.0001,16.0,25903.0
2026-07-30T19:01:50.540Z,280.023,280.038,0.0,7.4,0.0,0.0,0.0,0.0,0.0,0.0,0.0,0.0,1.0,0.0,0.0,0.0,9.0,4.0,0.0,0.0,0.0,0.0,0.0,0.0,0.0,0.0,4.0,12.0,1.0,12.18,5.0200000000000005,2.51,1.49,0.0,0.0,0.0,0.4,0.0,-0.2,-0.4,-0.7000000000000001,-169.70000000000002,0.0,0.0,169.70000000000002,0.0,21.8,29.200000000000003,29.1,29.700000000000003,300.0,300.0,31.6,35.7,29.1,28.3,30.1,4.95,1.99,4.96,0.16,0.0,0.0,1027.0,8228.0,0.0,0.0,0.0,0.0,0.0,1.0,0.0,0.0,0.0,0.0,0.0,-1.0,0.0,0.5,0.0,0.0002,16.0,25903.0
2026-07-30T19:01:50.552Z,280.035,280.05,0.0,7.4,0.0,0.0,0.0,0.0,0.0,0.0,0.0,0.0,1.0,0.0,0.0,0.0,9.0,4.0,0.0,0.0,0.0,0.0,0.0,0.0,0.0,0.0,5.0,12.0,1.0,12.18,5.0200000000000005,2.51,1.49,-0.1,0.0,0.0,0.4,0.0,0.4,1.2000000000000002,-0.1,-169.70000000000002,0.0,0.0,169.70000000000002,0.0,21.8,29.200000000000003,29.1,29.700000000000003,300.0,300.0,31.6,35.7,29.1,28.3,30.1,4.95,1.99,4.97,0.16,0.0,0.0,1027.0,8228.0,0.0,0.0,0.0,0.0,0.0,1.0,0.0,0.0,0.0,0.0,0.0,1.3,0.0,0.3,0.0,0.0001,16.0,25903.0
2026-07-30T19:01:50.564Z,280.047,280.062,0.0,7.4,0.0,0.0,0.0,0.0,0.0,0.0,0.0,0.0,1.0,0.0,0.0,0.0,9.0,4.0,0.0,0.0,0.0,0.0,0.0,0.0,0.0,0.0,6.0,12.0,1.0,12.18,5.0200000000000005,2.51,1.49,0.0,0.1,0.0,0.5,0.0,0.3,0.1,-0.1,-169.70000000000002,0.0,0.0,169.70000000000002,0.0,21.8,29.200000000000003,29.1,29.700000000000003,300.0,300.0,31.6,35.7,29.1,28.3,30.1,4.95,1.99,4.96,0.16,0.0,0.0,1027.0,8228.0,0.0,0.0,0.0,0.0,0.0,1.0,0.0,0.0,0.0,0.0,0.0,0.0,0.0,0.1,0.0,0.0,16.0,25903.0
2026-07-30T19:01:50.576Z,280.059,280.074,0.0,7.4,0.0,0.0,0.0,0.0,0.0,0.0,0.0,0.0,1.0,0.0,0.0,0.0,9.0,4.0,0.0,0.0,0.0,0.0,0.0,0.0,0.0,0.0,1.0,12.0,1.0,12.18,5.0200000000000005,2.51,1.49,0.0,0.1,0.0,0.4,0.0,-0.2,0.1,-0.6000000000000001,-169.70000000000002,0.0,0.0,169.8,0.0,21.8,29.200000000000003,29.1,29.700000000000003,300.0,300.0,31.6,35.7,29.1,28.3,30.1,4.96,1.99,4.96,0.16,0.0,0.0,1027.0,8228.0,0.0,0.0,0.0,0.0,0.0,1.0,0.0,0.0,0.0,0.0,0.0,-0.3,0.0,0.6000000000000001,0.0,0.0001,16.0,25903.0
2026-07-30T19:01:50.589Z,280.072,280.086,0.0,7.4,0.0,0.0,0.0,0.0,0.0,0.0,0.0,0.0,1.0,0.0,0.0,0.0,9.0,4.0,0.0,0.0,0.0,0.0,0.0,0.0,0.0,0.0,2.0,12.0,1.0,12.15,5.01,2.51,1.49,0.0,0.0,0.0,0.4,0.0,0.3,0.7000000000000001,0.4,-169.70000000000002,0.0,0.0,169.8,0.0,21.4,29.200000000000003,29.1,29.700000000000003,300.0,300.0,31.700000000000003,35.7,29.1,28.3,30.200000000000003,4.95,1.99,4.97,0.16,0.0,0.0,1027.0,8228.0,0.0,0.0,0.0,0.0,0.0,1.0,0.0,0.0,0.0,0.0,0.0,1.1,0.0,-0.2,0.0,0.0,16.0,25903.0
2026-07-30T19:01:50.601Z,280.084,280.098,0.0,7.4,0.0,0.0,0.0,0.0,0.0,0.0,0.0,0.0,1.0,0.0,0.0,0.0,9.0,4.0,0.0,0.0,0.0,0.0,0.0,0.0,0.0,0.0,3.0,12.0,1.0,12.15,5.01,2.51,1.49,0.0,0.0,0.0,0.4,0.0,-0.1,-0.4,0.4,-169.70000000000002,0.0,0.0,169.8,0.0,21.4,29.200000000000003,29.1,29.700000000000003,300.0,300.0,31.700000000000003,35.7,29.1,28.3,30.200000000000003,4.96,1.99,4.97,0.16,0.0,0.0,1027.0,8228.0,0.0,0.0,0.0,0.0,0.0,1.0,0.0,0.0,0.0,0.0,0.0,-0.1,0.0,-0.4,0.0,0.0002,16.0,25903.0
2026-07-30T19:01:50.612Z,280.095,280.11,0.0,7.4,0.0,0.0,0.0,0.0,0.0,0.0,0.0,0.0,1.0,0.0,0.0,0.0,9.0,4.0,0.0,0.0,0.0,0.0,0.0,0.0,0.0,0.0,5.0,12.0,1.0,12.15,5.01,2.51,1.49,0.0,0.1,0.0,0.4,0.0,-0.7000000000000001,0.6000000000000001,-0.7000000000000001,-169.70000000000002,0.0,0.0,169.70000000000002,0.0,21.4,29.200000000000003,29.1,29.700000000000003,300.0,300.0,31.700000000000003,35.7,29.1,28.3,30.200000000000003,4.96,1.99,4.96,0.16,0.0,0.0,1027.0,8228.0,0.0,0.0,0.0,0.0,0.0,1.0,0.0,0.0,0.0,0.0,0.0,0.2,0.0,0.8,0.0,0.0001,16.0,25903.0
2026-07-30T19:01:50.624Z,280.107,280.122,0.0,7.4,0.0,0.0,0.0,0.0,0.0,0.0,0.0,0.0,1.0,0.0,0.0,0.0,9.0,4.0,0.0,0.0,0.0,0.0,0.0,0.0,0.0,0.0,6.0,12.0,1.0,12.15,5.01,2.51,1.49,0.0,0.0,0.0,0.4,0.0,0.3,0.1,1.5,-169.70000000000002,0.0,0.0,169.70000000000002,0.0,21.4,29.200000000000003,29.1,29.700000000000003,300.0,300.0,31.700000000000003,35.7,29.1,28.3,30.200000000000003,4.96,1.99,4.96,0.16,0.0,0.0,1027.0,8228.0,0.0,0.0,0.0,0.0,0.0,1.0,0.0,0.0,0.0,0.0,0.0,1.2000000000000002,0.0,-1.2000000000000002,0.0,0.0001,16.0,25903.0
2026-07-30T19:01:50.636Z,280.119,280.134,0.0,7.4,0.0,0.0,0.0,0.0,0.0,0.0,0.0,0.0,1.0,0.0,0.0,0.0,9.0,4.0,0.0,0.0,0.0,0.0,0.0,0.0,0.0,0.0,1.0,12.0,1.0,12.15,5.01,2.51,1.49,0.0,0.0,0.0,0.4,0.0,0.3,0.1,-0.8,-169.70000000000002,0.0,0.0,169.8,0.0,21.4,29.200000000000003,29.1,29.700000000000003,300.0,300.0,31.700000000000003,35.7,29.1,28.3,30.200000000000003,4.95,1.99,4.97,0.16,0.0,0.0,1027.0,8228.0,0.0,0.0,0.0,0.0,0.0,1.0,0.0,0.0,0.0,0.0,0.0,-0.4,0.0,0.7000000000000001,0.0,0.0002,16.0,25903.0
2026-07-30T19:01:50.648Z,280.131,280.146,0.0,7.4,0.0,0.0,0.0,0.0,0.0,0.0,0.0,0.0,1.0,0.0,0.0,0.0,9.0,4.0,0.0,0.0,0.0,0.0,0.0,0.0,0.0,0.0,2.0,12.0,1.0,12.15,5.01,2.51,1.49,0.0,0.0,0.0,0.4,0.0,-1.4,0.1,-0.7000000000000001,-169.70000000000002,0.0,0.0,169.70000000000002,0.0,21.4,29.200000000000003,29.1,29.700000000000003,300.0,300.0,31.700000000000003,35.7,29.1,28.3,30.200000000000003,4.96,1.99,4.96,0.16,0.0,0.0,1027.0,8228.0,0.0,0.0,0.0,0.0,0.0,1.0,0.0,0.0,0.0,0.0,0.0,-0.4,0.0,0.7000000000000001,0.0,0.0002,16.0,25903.0
2026-07-30T19:01:50.660Z,280.143,280.158,0.0,7.4,0.0,0.0,0.0,0.0,0.0,0.0,0.0,0.0,1.0,0.0,0.0,0.0,9.0,4.0,0.0,0.0,0.0,0.0,0.0,0.0,0.0,0.0,3.0,12.0,1.0,12.15,5.01,2.51,1.49,0.0,0.0,0.0,0.4,0.0,0.2,0.7000000000000001,-0.7000000000000001,-169.70000000000002,0.0,0.0,169.8,0.0,21.4,29.200000000000003,29.1,29.700000000000003,300.0,300.0,31.700000000000003,35.7,29.1,28.3,30.200000000000003,4.96,1.99,4.97,0.16,0.0,0.0,1027.0,8228.0,0.0,0.0,0.0,0.0,0.0,1.0,0.0,0.0,0.0,0.0,0.0,0.2,0.0,0.8,0.0,0.0,16.0,25903.0
2026-07-30T19:01:50.672Z,280.155,280.17,0.0,7.4,0.0,0.0,0.0,0.0,0.0,0.0,0.0,0.0,1.0,0.0,0.0,0.0,9.0,4.0,0.0,0.0,0.0,0.0,0.0,0.0,0.0,0.0,4.0,12.0,1.0,12.15,5.01,2.51,1.49,0.0,0.0,0.0,0.4,0.0,0.2,0.1,-0.1,-169.70000000000002,0.0,0.0,169.8,0.0,21.4,29.200000000000003,29.1,29.700000000000003,300.0,300.0,31.700000000000003,35.7,29.1,28.3,30.200000000000003,4.95,1.99,4.97,0.16,0.0,0.0,1027.0,8228.0,0.0,0.0,0.0,0.0,0.0,1.0,0.0,0.0,0.0,0.0,0.0,0.0,0.0,0.2,0.0,0.0,16.0,25903.0
2026-07-30T19:01:50.685Z,280.168,280.182,0.0,7.4,0.0,0.0,0.0,0.0,0.0,0.0,0.0,0.0,1.0,0.0,0.0,0.0,9.0,4.0,0.0,0.0,0.0,0.0,0.0,0.0,0.0,0.0,5.0,12.0,1.0,12.18,5.0200000000000005,2.5,1.49,0.0,0.0,0.0,0.4,0.0,-0.9,0.1,0.4,-169.70000000000002,0.0,0.0,169.8,0.0,21.3,29.200000000000003,29.1,29.700000000000003,300.0,300.0,31.700000000000003,35.7,29.1,28.3,30.1,4.96,1.99,4.96,0.16,0.0,0.0,1027.0,8228.0,0.0,0.0,0.0,0.0,0.0,1.0,0.0,0.0,0.0,0.0,0.0,0.4,0.0,-0.3,0.0,0.0,16.0,25903.0
2026-07-30T19:01:50.697Z,280.18,280.194,0.0,7.4,0.0,0.0,0.0,0.0,0.0,0.0,0.0,0.0,1.0,0.0,0.0,0.0,9.0,4.0,0.0,0.0,0.0,0.0,0.0,0.0,0.0,0.0,6.0,12.0,1.0,12.18,5.0200000000000005,2.5,1.49,0.0,0.0,0.0,0.5,0.0,0.2,-0.4,-0.7000000000000001,-169.70000000000002,0.0,0.0,169.8,0.0,21.3,29.200000000000003,29.1,29.700000000000003,300.0,300.0,31.700000000000003,35.7,29.1,28.3,30.1,4.95,1.99,4.96,0.16,0.0,0.0,1027.0,8228.0,0.0,0.0,0.0,0.0,0.0,1.0,0.0,0.0,0.0,0.0,0.0,-1.0,0.0,0.5,0.0,0.0001,16.0,25903.0
2026-07-30T19:01:50.709Z,280.192,280.206,0.0,7.4,0.0,0.0,0.0,0.0,0.0,0.0,0.0,0.0,1.0,0.0,0.0,0.0,9.0,4.0,0.0,0.0,0.0,0.0,0.0,0.0,0.0,0.0,6.0,12.0,1.0,12.18,5.0200000000000005,2.5,1.49,0.0,0.0,0.0,0.4,0.0,-0.3,-0.4,0.4,-169.70000000000002,0.0,0.0,169.8,0.0,21.3,29.200000000000003,29.1,29.700000000000003,300.0,300.0,31.700000000000003,35.7,29.1,28.3,30.1,4.95,1.99,4.97,0.16,0.0,0.0,1027.0,8228.0,0.0,0.0,0.0,0.0,0.0,1.0,0.0,0.0,0.0,0.0,0.0,-0.1,0.0,-0.4,0.0,0.0,16.0,25903.0
2026-07-30T19:01:50.721Z,280.204,280.218,0.0,7.4,0.0,0.0,0.0,0.0,0.0,0.0,0.0,0.0,1.0,0.0,0.0,0.0,9.0,4.0,0.0,0.0,0.0,0.0,0.0,0.0,0.0,0.0,1.0,12.0,1.0,12.18,5.0200000000000005,2.5,1.49,0.0,0.0,0.0,0.4,0.0,0.8,0.1,0.4,-169.70000000000002,0.0,0.0,169.70000000000002,0.0,21.3,29.200000000000003,29.1,29.700000000000003,300.0,300.0,31.700000000000003,35.7,29.1,28.3,30.1,4.95,1.99,4.97,0.16,0.0,0.0,1027.0,8228.0,0.0,0.0,0.0,0.0,0.0,1.0,0.0,0.0,0.0,0.0,0.0,0.4,0.0,-0.3,0.0,0.0001,16.0,25903.0
2026-07-30T19:01:50.733Z,280.216,280.23,0.0,7.4,0.0,0.0,0.0,0.0,0.0,0.0,0.0,0.0,1.0,0.0,0.0,0.0,9.0,4.0,0.0,0.0,0.0,0.0,0.0,0.0,0.0,0.0,3.0,12.0,1.0,12.18,5.0200000000000005,2.5,1.49,0.0,0.0,0.0,0.4,0.0,-0.8,-1.0,-0.7000000000000001,-169.70000000000002,0.0,0.0,169.70000000000002,0.0,21.3,29.200000000000003,29.1,29.700000000000003,300.0,300.0,31.700000000000003,35.7,29.1,28.3,30.1,4.95,1.99,4.96,0.16,0.0,0.0,1027.0,8228.0,0.0,0.0,0.0,0.0,0.0,1.0,0.0,0.0,0.0,0.0,0.0,-1.6,0.0,0.4,0.0,0.0002,16.0,25903.0
2026-07-30T19:01:50.745Z,280.228,280.242,0.0,7.4,0.0,0.0,0.0,0.0,0.0,0.0,0.0,0.0,1.0,0.0,0.0,0.0,9.0,4.0,0.0,0.0,0.0,0.0,0.0,0.0,0.0,0.0,4.0,12.0,1.0,12.18,5.0200000000000005,2.5,1.49,0.0,0.0,0.0,0.4,0.0,-0.2,0.1,-0.1,-169.70000000000002,0.0,0.0,169.8,0.0,21.3,29.200000000000003,29.1,29.700000000000003,300.0,300.0,31.700000000000003,35.7,29.1,28.3,30.1,4.95,1.99,4.96,0.16,0.0,0.0,1027.0,8228.0,0.0,0.0,0.0,0.0,0.0,1.0,0.0,0.0,0.0,0.0,0.0,0.1,0.0,0.1,0.0,0.0001,16.0,25903.0
2026-07-30T19:01:50.756Z,280.239,280.254,0.0,7.4,0.0,0.0,0.0,0.0,0.0,0.0,0.0,0.0,1.0,0.0,0.0,0.0,9.0,4.0,0.0,0.0,0.0,0.0,0.0,0.0,0.0,0.0,5.0,12.0,1.0,12.18,5.0200000000000005,2.5,1.49,0.0,0.1,0.0,0.4,0.0,0.2,0.1,1.0,-169.70000000000002,0.0,0.0,169.8,0.0,21.3,29.200000000000003,29.1,29.700000000000003,300.0,300.0,31.700000000000003,35.7,29.1,28.3,30.1,4.95,2.0,4.97,0.16,0.0,0.0,1027.0,8228.0,0.0,0.0,0.0,0.0,0.0,1.0,0.0,0.0,0.0,0.0,0.0,0.9,0.0,-0.8,0.0,0.0,16.0,25903.0
2026-07-30T19:01:50.769Z,280.252,280.266,0.0,7.4,0.0,0.0,0.0,0.0,0.0,0.0,0.0,0.0,1.0,0.0,0.0,0.0,9.0,4.0,0.0,0.0,0.0,0.0,0.0,0.0,0.0,0.0,6.0,12.0,1.0,12.18,5.0200000000000005,2.5,1.49,0.0,0.0,0.0,0.4,0.0,0.2,1.9,0.4,-169.70000000000002,0.0,0.0,169.8,0.0,21.3,29.200000000000003,29.1,29.700000000000003,300.0,300.0,31.700000000000003,35.7,29.1,28.3,30.1,4.96,1.99,4.97,0.16,0.0,0.0,1027.0,8228.0,0.0,0.0,0.0,0.0,0.0,1.0,0.0,0.0,0.0,0.0,0.0,2.5,0.0,0.0,0.0,0.0,16.0,25903.0
2026-07-30T19:01:50.780Z,280.263,280.278,0.0,7.4,0.0,0.0,0.0,0.0,0.0,0.0,0.0,0.0,1.0,0.0,0.0,0.0,9.0,4.0,0.0,0.0,0.0,0.0,0.0,0.0,0.0,0.0,1.0,12.0,1.0,12.18,5.0200000000000005,2.5,1.49,0.0,0.0,0.0,0.4,0.0,-0.3,0.1,-0.1,-169.70000000000002,0.0,0.0,169.8,0.0,21.3,29.200000000000003,29.1,29.700000000000003,300.0,300.0,31.700000000000003,35.7,29.1,28.3,30.1,4.95,1.99,4.96,0.16,0.0,0.0,1027.0,8228.0,0.0,0.0,0.0,0.0,0.0,1.0,0.0,0.0,0.0,0.0,0.0,0.0,0.0,0.1,0.0,0.0,16.0,25903.0
2026-07-30T19:01:50.792Z,280.275,280.29,0.0,7.4,0.0,0.0,0.0,0.0,0.0,0.0,0.0,0.0,1.0,0.0,0.0,0.0,9.0,4.0,0.0,0.0,0.0,0.0,0.0,0.0,0.0,0.0,2.0,12.0,1.0,12.15,5.0200000000000005,2.51,1.49,0.0,0.0,0.0,0.4,0.0,0.2,-0.4,0.3,-169.70000000000002,0.0,0.0,169.8,0.0,21.4,29.200000000000003,29.1,29.700000000000003,300.0,300.0,31.8,35.6,29.1,28.3,30.1,4.95,1.99,4.97,0.16,0.0,0.0,1027.0,8228.0,0.0,0.0,0.0,0.0,0.0,1.0,0.0,0.0,0.0,0.0,0.0,-0.2,0.0,-0.4,0.0,0.0001,16.0,25903.0
2026-07-30T19:01:50.804Z,280.287,280.302,0.0,7.4,0.0,0.0,0.0,0.0,0.0,0.0,0.0,0.0,1.0,0.0,0.0,0.0,9.0,4.0,0.0,0.0,0.0,0.0,0.0,0.0,0.0,0.0,3.0,12.0,1.0,12.15,5.0200000000000005,2.51,1.49,0.0,0.0,0.0,0.4,0.0,0.2,-0.4,0.4,-169.70000000000002,0.0,0.0,169.8,0.0,21.4,29.200000000000003,29.1,29.700000000000003,300.0,300.0,31.8,35.6,29.1,28.3,30.1,4.95,2.0,4.96,0.16,0.0,0.0,1027.0,8228.0,0.0,0.0,0.0,0.0,0.0,1.0,0.0,0.0,0.0,0.0,0.0,1.3,0.0,0.4,0.0,0.0001,16.0,25903.0
2026-07-30T19:01:50.817Z,280.3,280.314,0.0,7.4,0.0,0.0,0.0,0.0,0.0,0.0,0.0,0.0,1.0,0.0,0.0,0.0,9.0,4.0,0.0,0.0,0.0,0.0,0.0,0.0,0.0,0.0,4.0,12.0,1.0,12.15,5.0200000000000005,2.51,1.49,0.0,0.0,0.0,0.4,0.0,-0.3,0.1,-0.7000000000000001,-169.70000000000002,0.0,0.0,169.70000000000002,0.0,21.4,29.200000000000003,29.1,29.700000000000003,300.0,300.0,31.8,35.6,29.1,28.3,30.1,4.95,1.99,4.96,0.16,0.0,0.0,1027.0,8228.0,0.0,0.0,0.0,0.0,0.0,1.0,0.0,0.0,0.0,0.0,0.0,-1.0,0.0,0.5,0.0,0.0001,16.0,25903.0
2026-07-30T19:01:50.828Z,280.311,280.326,0.0,7.4,0.0,0.0,0.0,0.0,0.0,0.0,0.0,0.0,1.0,0.0,0.0,0.0,9.0,4.0,0.0,0.0,0.0,0.0,0.0,0.0,0.0,0.0,5.0,12.0,1.0,12.15,5.0200000000000005,2.51,1.49,0.0,0.0,0.0,0.4,0.0,-0.9,-1.0,-0.1,-169.70000000000002,0.0,0.0,169.70000000000002,0.0,21.4,29.200000000000003,29.1,29.700000000000003,300.0,300.0,31.8,35.6,29.1,28.3,30.1,4.96,1.99,4.97,0.16,0.0,0.0,1027.0,8228.0,0.0,0.0,0.0,0.0,0.0,1.0,0.0,0.0,0.0,0.0,0.0,2.2,0.0,-0.6000000000000001,0.0,0.0,16.0,25903.0
2026-07-30T19:01:50.840Z,280.323,280.338,0.0,7.4,0.0,0.0,0.0,0.0,0.0,0.0,0.0,0.0,1.0,0.0,0.0,0.0,9.0,4.0,0.0,0.0,0.0,0.0,0.0,0.0,0.0,0.0,6.0,12.0,1.0,12.15,5.0200000000000005,2.51,1.49,0.0,0.1,0.0,0.4,0.0,-1.5,-1.0,-0.1,-169.70000000000002,0.0,0.0,169.8,0.0,21.4,29.200000000000003,29.1,29.700000000000003,300.0,300.0,31.8,35.6,29.1,28.3,30.1,4.96,1.99,4.97,0.16,0.0,0.0,1027.0,8228.0,0.0,0.0,0.0,0.0,0.0,1.0,0.0,0.0,0.0,0.0,0.0,-1.3,0.0,0.0,0.0,0.0,16.0,25903.0
2026-07-30T19:01:50.852Z,280.335,280.35,0.0,7.4,0.0,0.0,0.0,0.0,0.0,0.0,0.0,0.0,1.0,0.0,0.0,0.0,9.0,4.0,0.0,0.0,0.0,0.0,0.0,0.0,0.0,0.0,1.0,12.0,1.0,12.15,5.0200000000000005,2.51,1.49,0.0,0.0,0.0,0.4,0.0,-0.3,0.6000000000000001,-0.1,-169.70000000000002,0.0,0.0,169.8,0.0,21.4,29.200000000000003,29.1,29.700000000000003,300.0,300.0,31.8,35.6,29.1,28.3,30.1,4.96,2.0,4.96,0.16,0.0,0.0,1027.0,8228.0,0.0,0.0,0.0,0.0,0.0,1.0,0.0,0.0,0.0,0.0,0.0,0.6000000000000001,0.0,0.2,0.0,0.0001,16.0,25903.0
2026-07-30T19:01:50.864Z,280.347,280.362,0.0,7.4,0.0,0.0,0.0,0.0,0.0,0.0,0.0,0.0,1.0,0.0,0.0,0.0,9.0,4.0,0.0,0.0,0.0,0.0,0.0,0.0,0.0,0.0,2.0,12.0,1.0,12.15,5.0200000000000005,2.51,1.49,0.0,0.1,0.0,0.4,0.0,0.2,-0.4,-0.1,-169.70000000000002,0.0,0.0,169.70000000000002,0.0,21.4,29.200000000000003,29.1,29.700000000000003,300.0,300.0,31.8,35.6,29.1,28.3,30.1,4.95,1.99,4.96,0.16,0.0,0.0,1027.0,8228.0,0.0,0.0,0.0,0.0,0.0,1.0,0.0,0.0,0.0,0.0,0.0,-0.6000000000000001,0.0,0.0,0.0,0.0,16.0,25903.0
2026-07-30T19:01:50.876Z,280.359,280.374,0.0,7.4,0.0,0.0,0.0,0.0,0.0,0.0,0.0,0.0,1.0,0.0,0.0,0.0,9.0,4.0,0.0,0.0,0.0,0.0,0.0,0.0,0.0,0.0,4.0,12.0,1.0,12.15,5.0200000000000005,2.51,1.49,0.0,0.0,0.0,0.4,0.0,0.2,0.1,-0.1,-169.70000000000002,0.0,0.0,169.8,0.0,21.4,29.200000000000003,29.1,29.700000000000003,300.0,300.0,31.8,35.6,29.1,28.3,30.1,4.95,1.99,4.97,0.17,0.0,0.0,1027.0,8228.0,0.0,0.0,0.0,0.0,0.0,1.0,0.0,0.0,0.0,0.0,0.0,0.0,0.0,0.1,0.0,0.0,16.0,25903.0
2026-07-30T19:01:50.889Z,280.372,280.386,0.0,7.4,0.0,0.0,0.0,0.0,0.0,0.0,0.0,0.0,1.0,0.0,0.0,0.0,9.0,4.0,0.0,0.0,0.0,0.0,0.0,0.0,0.0,0.0,5.0,12.0,1.0,12.17,5.01,2.51,1.49,0.0,0.0,0.0,0.4,0.0,0.2,-0.4,2.1,-169.70000000000002,0.0,0.0,169.8,0.0,21.700000000000003,29.200000000000003,29.1,29.700000000000003,300.0,300.0,31.6,35.6,29.1,28.200000000000003,30.1,4.96,1.99,4.96,0.17,0.0,0.0,1027.0,8228.0,0.0,0.0,0.0,0.0,0.0,1.0,0.0,0.0,0.0,0.0,0.0,1.0,0.0,-1.9,0.0,0.0001,16.0,25903.0
2026-07-30T19:01:50.900Z,280.383,280.398,0.0,7.4,0.0,0.0,0.0,0.0,0.0,0.0,0.0,0.0,1.0,0.0,0.0,0.0,9.0,4.0,0.0,0.0,0.0,0.0,0.0,0.0,0.0,0.0,1.0,12.0,1.0,12.17,5.01,2.51,1.49,0.0,0.1,0.0,0.4,0.0,-0.9,-0.4,-0.2,-169.70000000000002,0.0,0.0,169.8,0.0,21.700000000000003,29.200000000000003,29.1,29.700000000000003,300.0,300.0,31.6,35.6,29.1,28.200000000000003,30.1,4.96,1.99,4.97,0.16,0.0,0.0,1027.0,8228.0,0.0,0.0,0.0,0.0,0.0,1.0,0.0,0.0,0.0,0.0,0.0,-0.6000000000000001,0.0,0.1,0.0,0.0,16.0,25903.0
2026-07-30T19:01:50.912Z,280.395,280.41,0.0,7.4,0.0,0.0,0.0,0.0,0.0,0.0,0.0,0.0,1.0,0.0,0.0,0.0,9.0,4.0,0.0,0.0,0.0,0.0,0.0,0.0,0.0,0.0,2.0,12.0,1.0,12.17,5.01,2.51,1.49,0.0,0.1,0.0,0.4,0.0,0.2,0.1,-1.3,-169.70000000000002,0.0,0.0,169.70000000000002,0.0,21.700000000000003,29.200000000000003,29.1,29.700000000000003,300.0,300.0,31.6,35.6,29.1,28.200000000000003,30.1,4.96,1.99,4.97,0.16,0.0,0.0,1027.0,8228.0,0.0,0.0,0.0,0.0,0.0,1.0,0.0,0.0,0.0,0.0,0.0,-0.8,0.0,1.2000000000000002,0.0,0.0,16.0,25903.0
2026-07-30T19:01:50.924Z,280.407,280.422,0.0,7.4,0.0,0.0,0.0,0.0,0.0,0.0,0.0,0.0,1.0,0.0,0.0,0.0,9.0,4.0,0.0,0.0,0.0,0.0,0.0,0.0,0.0,0.0,4.0,12.0,1.0,12.17,5.01,2.51,1.49,0.0,0.0,0.0,0.4,0.0,0.2,0.1,1.0,-169.70000000000002,0.0,0.0,169.70000000000002,0.0,21.700000000000003,29.200000000000003,29.1,29.700000000000003,300.0,300.0,31.6,35.6,29.1,28.200000000000003,30.1,4.96,1.99,4.96,0.16,0.0,0.0,1027.0,8228.0,0.0,0.0,0.0,0.0,0.0,1.0,0.0,0.0,0.0,0.0,0.0,0.9,0.0,-0.8,0.0,0.0001,16.0,25903.0
2026-07-30T19:01:50.936Z,280.419,280.434,0.0,7.4,0.0,0.0,0.0,0.0,0.0,0.0,0.0,0.0,1.0,0.0,0.0,0.0,9.0,4.0,0.0,0.0,0.0,0.0,0.0,0.0,0.0,0.0,5.0,12.0,1.0,12.17,5.01,2.51,1.49,0.0,0.0,0.0,0.4,0.0,0.2,0.2,-0.2,-169.70000000000002,0.0,0.0,169.8,0.0,21.700000000000003,29.200000000000003,29.1,29.700000000000003,300.0,300.0,31.6,35.6,29.1,28.200000000000003,30.1,4.95,2.0,4.96,0.16,0.0,0.0,1027.0,8228.0,0.0,0.0,0.0,0.0,0.0,1.0,0.0,0.0,0.0,0.0,0.0,0.0,0.0,0.2,0.0,0.0001,16.0,25903.0
2026-07-30T19:01:50.949Z,280.432,280.446,0.0,7.4,0.0,0.0,0.0,0.0,0.0,0.0,0.0,0.0,1.0,0.0,0.0,0.0,9.0,4.0,0.0,0.0,0.0,0.0,0.0,0.0,0.0,0.0,1.0,12.0,1.0,12.17,5.01,2.51,1.49,0.0,0.0,0.0,0.5,0.0,-0.2,0.1,-0.7000000000000001,-169.70000000000002,0.0,0.0,169.9,0.0,21.700000000000003,29.200000000000003,29.1,29.700000000000003,300.0,300.0,31.6,35.6,29.1,28.200000000000003,30.1,4.95,1.99,4.97,0.16,0.0,0.0,1027.0,8228.0,0.0,0.0,0.0,0.0,0.0,1.0,0.0,0.0,0.0,0.0,0.0,-0.3,0.0,0.7000000000000001,0.0,0.0001,16.0,25903.0
2026-07-30T19:01:50.960Z,280.443,280.458,0.0,7.4,0.0,0.0,0.0,0.0,0.0,0.0,0.0,0.0,1.0,0.0,0.0,0.0,9.0,4.0,0.0,0.0,0.0,0.0,0.0,0.0,0.0,0.0,2.0,12.0,1.0,12.17,5.01,2.51,1.49,0.0,0.0,0.0,0.4,0.0,-0.8,0.1,0.3,-169.70000000000002,0.0,0.0,169.8,0.0,21.700000000000003,29.200000000000003,29.1,29.700000000000003,300.0,300.0,31.6,35.6,29.1,28.200000000000003,30.1,4.95,1.99,4.97,0.16,0.0,0.0,1027.0,8228.0,0.0,0.0,0.0,0.0,0.0,1.0,0.0,0.0,0.0,0.0,0.0,0.4,0.0,-0.2,0.0,0.0002,16.0,25903.0
2026-07-30T19:01:50.972Z,280.455,280.47,0.0,7.4,0.0,0.0,0.0,0.0,0.0,0.0,0.0,0.0,1.0,0.0,0.0,0.0,9.0,4.0,0.0,0.0,0.0,0.0,0.0,0.0,0.0,0.0,4.0,12.0,1.0,12.17,5.01,2.51,1.49,0.0,0.0,0.0,0.4,0.0,-0.8,-0.9,-0.7000000000000001,-169.70000000000002,0.0,0.0,169.8,0.0,21.700000000000003,29.200000000000003,29.1,29.700000000000003,300.0,300.0,31.6,35.6,29.1,28.200000000000003,30.1,4.96,1.99,4.96,0.16,0.0,0.0,1027.0,8228.0,0.0,0.0,0.0,0.0,0.0,1.0,0.0,0.0,0.0,0.0,0.0,-1.7000000000000002,0.0,0.4,0.0,0.0,16.0,25903.0
2026-07-30T19:01:50.984Z,280.467,280.482,0.0,7.4,0.0,0.0,0.0,0.0,0.0,0.0,0.0,0.0,1.0,0.0,0.0,0.0,9.0,4.0,0.0,0.0,0.0,0.0,0.0,0.0,0.0,0.0,6.0,12.0,1.0,12.17,5.01,2.51,1.49,0.0,0.0,0.0,0.4,0.0,-0.2,-0.9,-0.7000000000000001,-169.70000000000002,0.0,0.0,169.8,0.0,21.700000000000003,29.200000000000003,29.1,29.700000000000003,300.0,300.0,31.6,35.6,29.1,28.200000000000003,30.1,4.96,1.99,4.97,0.16,0.0,0.0,1027.0,8228.0,0.0,0.0,0.0,0.0,0.0,1.0,0.0,0.0,0.0,0.0,0.0,-1.6,0.0,0.4,0.0,0.0,16.0,25903.0
2026-07-30T19:01:50.997Z,280.48,280.494,0.0,7.4,0.0,0.0,0.0,0.0,0.0,0.0,0.0,0.0,1.0,0.0,0.0,0.0,9.0,4.0,0.0,0.0,0.0,0.0,0.0,0.0,0.0,0.0,1.0,12.0,1.0,12.2,5.01,2.5,1.5,0.0,0.1,0.0,0.4,0.0,-0.3,1.3,-0.7000000000000001,-169.70000000000002,0.0,0.0,169.8,0.0,21.4,29.200000000000003,29.1,29.700000000000003,300.0,300.0,31.700000000000003,35.7,29.0,28.200000000000003,30.1,4.96,1.99,4.96,0.16,0.0,0.0,1027.0,8228.0,0.0,0.0,0.0,0.0,0.0,1.0,0.0,0.0,0.0,0.0,0.0,0.9,0.0,0.9,0.0,0.0,16.0,25903.0
2026-07-30T19:01:51.009Z,280.492,280.50600000000003,0.0,7.4,0.0,0.0,0.0,0.0,0.0,0.0,0.0,0.0,1.0,0.0,0.0,0.0,9.0,4.0,0.0,0.0,0.0,0.0,0.0,0.0,0.0,0.0,2.0,12.0,1.0,12.2,5.01,2.5,1.5,0.0,0.0,0.0,0.4,0.0,0.2,-0.4,-0.6000000000000001,-169.70000000000002,0.0,0.0,169.8,0.0,21.4,29.200000000000003,29.1,29.700000000000003,300.0,300.0,31.700000000000003,35.7,29.0,28.200000000000003,30.1,4.96,1.99,4.96,0.16,0.0,0.0,1027.0,8228.0,0.0,0.0,0.0,0.0,0.0,1.0,0.0,0.0,0.0,0.0,0.0,-0.9,0.0,0.4,0.0,0.0,16.0,25903.0
2026-07-30T19:01:51.021Z,280.504,280.51800000000003,0.0,7.4,0.0,0.0,0.0,0.0,0.0,0.0,0.0,0.0,1.0,0.0,0.0,0.0,9.0,4.0,0.0,0.0,0.0,0.0,0.0,0.0,0.0,0.0,3.0,12.0,1.0,12.2,5.01,2.5,1.5,0.0,0.0,0.0,0.4,0.0,0.8,-0.4,0.4,-169.70000000000002,0.0,0.0,169.8,0.0,21.4,29.200000000000003,29.1,29.700000000000003,300.0,300.0,31.700000000000003,35.7,29.0,28.200000000000003,30.1,4.95,1.99,4.96,0.16,0.0,0.0,1027.0,8228.0,0.0,0.0,0.0,0.0,0.0,1.0,0.0,0.0,0.0,0.0,0.0,-0.1,0.0,-0.4,0.0,0.0,16.0,25903.0
2026-07-30T19:01:51.032Z,280.515,280.53000000000003,0.0,7.4,0.0,0.0,0.0,0.0,0.0,0.0,0.0,0.0,1.0,0.0,0.0,0.0,9.0,4.0,0.0,0.0,0.0,0.0,0.0,0.0,0.0,0.0,5.0,12.0,1.0,12.2,5.01,2.5,1.5,0.0,0.0,0.0,0.4,0.0,-0.3,-1.0,-1.3,-169.70000000000002,0.0,0.0,169.8,0.0,21.4,29.200000000000003,29.1,29.700000000000003,300.0,300.0,31.700000000000003,35.7,29.0,28.200000000000003,30.1,4.96,1.99,4.97,0.16,0.0,0.0,1027.0,8228.0,0.0,0.0,0.0,0.0,0.0,1.0,0.0,0.0,0.0,0.0,0.0,-2.1,0.0,0.9,0.0,0.0,16.0,25903.0
2026-07-30T19:01:51.044Z,280.527,280.54200000000003,0.0,7.4,0.0,0.0,0.0,0.0,0.0,0.0,0.0,0.0,1.0,0.0,0.0,0.0,9.0,4.0,0.0,0.0,0.0,0.0,0.0,0.0,0.0,0.0,6.0,12.0,1.0,12.2,5.01,2.5,1.5,0.0,0.0,0.0,0.4,0.0,0.3,-0.4,-0.7000000000000001,-169.70000000000002,0.0,0.0,169.8,0.0,21.4,29.200000000000003,29.1,29.700000000000003,300.0,300.0,31.700000000000003,35.7,29.0,28.200000000000003,30.1,4.96,1.99,4.96,0.16,0.0,0.0,1027.0,8228.0,0.0,0.0,0.0,0.0,0.0,1.0,0.0,0.0,0.0,0.0,0.0,-1.0,0.0,0.5,0.0,0.0,16.0,25903.0
2026-07-30T19:01:51.056Z,280.539,280.55400000000003,0.0,7.4,0.0,0.0,0.0,0.0,0.0,0.0,0.0,0.0,1.0,0.0,0.0,0.0,9.0,4.0,0.0,0.0,0.0,0.0,0.0,0.0,0.0,0.0,1.0,12.0,1.0,12.2,5.01,2.5,1.5,0.0,0.0,0.0,0.4,0.0,-0.3,0.1,0.4,-169.70000000000002,0.0,0.0,169.8,0.0,21.4,29.200000000000003,29.1,29.700000000000003,300.0,300.0,31.700000000000003,35.7,29.0,28.200000000000003,30.1,4.96,1.99,4.96,0.16,0.0,0.0,1027.0,8228.0,0.0,0.0,0.0,0.0,0.0,1.0,0.0,0.0,0.0,0.0,0.0,0.4,0.0,-0.3,0.0,0.0001,16.0,25903.0
2026-07-30T19:01:51.069Z,280.552,280.56600000000003,0.0,7.4,0.0,0.0,0.0,0.0,0.0,0.0,0.0,0.0,1.0,0.0,0.0,0.0,9.0,4.0,0.0,0.0,0.0,0.0,0.0,0.0,0.0,0.0,2.0,12.0,1.0,12.2,5.01,2.5,1.5,0.0,0.0,0.0,0.4,0.0,-0.3,-0.4,-0.7000000000000001,-169.70000000000002,0.0,0.0,169.8,0.0,21.4,29.200000000000003,29.1,29.700000000000003,300.0,300.0,31.700000000000003,35.7,29.0,28.200000000000003,30.1,4.95,1.99,4.97,0.16,0.0,0.0,1027.0,8228.0,0.0,0.0,0.0,0.0,0.0,1.0,0.0,0.0,0.0,0.0,0.0,-1.0,0.0,0.5,0.0,0.0,16.0,25903.0
2026-07-30T19:01:51.081Z,280.564,280.57800000000003,0.0,7.4,0.0,0.0,0.0,0.0,0.0,0.0,0.0,0.0,1.0,0.0,0.0,0.0,9.0,4.0,0.0,0.0,0.0,0.0,0.0,0.0,0.0,0.0,2.0,12.0,1.0,12.2,5.01,2.5,1.5,0.0,0.0,0.0,0.4,0.0,-0.3,0.2,1.0,-169.70000000000002,0.0,0.0,169.8,0.0,21.4,29.200000000000003,29.1,29.700000000000003,300.0,300.0,31.700000000000003,35.7,29.0,28.200000000000003,30.1,4.96,1.99,4.96,0.16,0.0,0.0,1027.0,8228.0,0.0,0.0,0.0,0.0,0.0,1.0,0.0,0.0,0.0,0.0,0.0,1.0,0.0,-0.8,0.0,0.0001,16.0,25903.0
2026-07-30T19:01:51.093Z,280.576,280.59000000000003,0.0,7.4,0.0,0.0,0.0,0.0,0.0,0.0,0.0,0.0,1.0,0.0,0.0,0.0,9.0,4.0,0.0,0.0,0.0,0.0,0.0,0.0,0.0,0.0,4.0,12.0,1.0,12.15,5.0,2.5,1.49,0.0,0.0,0.0,0.4,0.0,-0.3,0.2,-1.3,-169.70000000000002,0.0,0.0,169.8,0.0,21.700000000000003,29.200000000000003,29.1,29.700000000000003,300.0,300.0,31.700000000000003,35.800000000000004,29.0,28.200000000000003,30.200000000000003,4.96,1.99,4.96,0.16,0.0,0.0,1027.0,8228.0,0.0,0.0,0.0,0.0,0.0,1.0,0.0,0.0,0.0,0.0,0.0,-0.7000000000000001,0.0,1.2000000000000002,0.0,0.0,16.0,25903.0
2026-07-30T19:01:51.104Z,280.587,280.60200000000003,0.0,7.4,0.0,0.0,0.0,0.0,0.0,0.0,0.0,0.0,1.0,0.0,0.0,0.0,9.0,4.0,0.0,0.0,0.0,0.0,0.0,0.0,0.0,0.0,5.0,12.0,1.0,12.15,5.0,2.5,1.49,0.0,0.0,0.0,0.4,0.0,0.2,0.2,0.9,-169.70000000000002,0.0,0.0,169.8,0.0,21.700000000000003,29.200000000000003,29.1,29.700000000000003,300.0,300.0,31.700000000000003,35.800000000000004,29.0,28.200000000000003,30.200000000000003,4.95,1.99,4.96,0.16,0.0,0.0,1027.0,8228.0,0.0,0.0,0.0,0.0,0.0,1.0,0.0,0.0,0.0,0.0,0.0,1.0,0.0,-0.8,0.0,0.0,16.0,25903.0
2026-07-30T19:01:51.117Z,280.6,280.61400000000003,0.0,7.4,0.0,0.0,0.0,0.0,0.0,0.0,0.0,0.0,1.0,0.0,0.0,0.0,9.0,4.0,0.0,0.0,0.0,0.0,0.0,0.0,0.0,0.0,6.0,12.0,1.0,12.15,5.0,2.5,1.49,0.0,0.0,0.0,0.4,0.0,0.3,-0.3,-0.1,-169.70000000000002,0.0,0.0,169.8,0.0,21.700000000000003,29.200000000000003,29.1,29.700000000000003,300.0,300.0,31.700000000000003,35.800000000000004,29.0,28.200000000000003,30.200000000000003,4.95,1.99,4.97,0.16,0.0,0.0,1027.0,8228.0,0.0,0.0,0.0,0.0,0.0,1.0,0.0,0.0,0.0,0.0,0.0,-0.5,0.0,0.0,0.0,0.0001,16.0,25903.0
2026-07-30T19:01:51.128Z,280.611,280.62600000000003,0.0,7.4,0.0,0.0,0.0,0.0,0.0,0.0,0.0,0.0,1.0,0.0,0.0,0.0,9.0,4.0,0.0,0.0,0.0,0.0,0.0,0.0,0.0,0.0,1.0,12.0,1.0,12.15,5.0,2.5,1.49,0.0,0.0,0.0,0.4,0.0,0.3,-0.3,-0.7000000000000001,-169.70000000000002,0.0,0.0,169.70000000000002,0.0,21.700000000000003,29.200000000000003,29.1,29.700000000000003,300.0,300.0,31.700000000000003,35.800000000000004,29.0,28.200000000000003,30.200000000000003,4.96,2.0,4.96,0.16,0.0,0.0,1027.0,8228.0,0.0,0.0,0.0,0.0,0.0,1.0,0.0,0.0,0.0,0.0,0.0,-0.9,0.0,0.5,0.0,0.0001,16.0,25903.0
2026-07-30T19:01:51.141Z,280.624,280.63800000000003,0.0,7.4,0.0,0.0,0.0,0.0,0.0,0.0,0.0,0.0,1.0,0.0,0.0,0.0,9.0,4.0,0.0,0.0,0.0,0.0,0.0,0.0,0.0,0.0,3.0,12.0,1.0,12.15,5.0,2.5,1.49,0.0,0.0,0.0,0.5,0.0,-0.2,0.7000000000000001,1.0,-169.70000000000002,0.0,0.0,169.60000000000002,0.0,21.700000000000003,29.200000000000003,29.1,29.700000000000003,300.0,300.0,31.700000000000003,35.800000000000004,29.0,28.200000000000003,30.200000000000003,4.96,1.99,4.96,0.16,0.0,0.0,1027.0,8228.0,0.0,0.0,0.0,0.0,0.0,1.0,0.0,0.0,0.0,0.0,0.0,1.6,0.0,-0.7000000000000001,0.0,0.0001,16.0,25903.0
2026-07-30T19:01:51.153Z,280.636,280.65000000000003,0.0,7.4,0.0,0.0,0.0,0.0,0.0,0.0,0.0,0.0,1.0,0.0,0.0,0.0,9.0,4.0,0.0,0.0,0.0,0.0,0.0,0.0,0.0,0.0,3.0,12.0,1.0,12.15,5.0,2.5,1.49,0.0,0.0,0.0,0.4,0.0,0.9,-0.4,-0.7000000000000001,-169.70000000000002,0.0,0.0,169.70000000000002,0.0,21.700000000000003,29.200000000000003,29.1,29.700000000000003,300.0,300.0,31.700000000000003,35.800000000000004,29.0,28.200000000000003,30.200000000000003,4.95,1.99,4.96,0.16,0.0,0.0,1027.0,8228.0,0.0,0.0,0.0,0.0,0.0,1.0,0.0,0.0,0.0,0.0,0.0,-1.0,0.0,0.5,0.0,0.0002,16.0,25903.0
2026-07-30T19:01:51.165Z,280.648,280.662,0.0,7.4,0.0,0.0,0.0,0.0,0.0,0.0,0.0,0.0,1.0,0.0,0.0,0.0,9.0,4.0,0.0,0.0,0.0,0.0,0.0,0.0,0.0,0.0,5.0,12.0,1.0,12.15,5.0,2.5,1.49,0.0,0.0,0.0,0.4,0.0,0.3,-0.4,0.4,-169.70000000000002,0.0,0.0,169.70000000000002,0.0,21.700000000000003,29.200000000000003,29.1,29.700000000000003,300.0,300.0,31.700000000000003,35.800000000000004,29.0,28.200000000000003,30.200000000000003,4.96,1.99,4.96,0.16,0.0,0.0,1027.0,8228.0,0.0,0.0,0.0,0.0,0.0,1.0,0.0,0.0,0.0,0.0,0.0,-0.1,0.0,-0.4,0.0,0.0,16.0,25903.0
2026-07-30T19:01:51.176Z,280.659,280.674,0.0,7.4,0.0,0.0,0.0,0.0,0.0,0.0,0.0,0.0,1.0,0.0,0.0,0.0,9.0,4.0,0.0,0.0,0.0,0.0,0.0,0.0,0.0,0.0,6.0,12.0,1.0,12.15,5.0,2.5,1.49,0.0,0.1,0.0,0.4,0.0,0.3,-0.9,0.0,-169.70000000000002,0.0,0.0,169.70000000000002,0.0,21.700000000000003,29.200000000000003,29.1,29.700000000000003,300.0,300.0,31.700000000000003,35.800000000000004,29.0,28.200000000000003,30.200000000000003,4.96,2.0,4.97,0.16,0.0,0.0,1027.0,8228.0,0.0,0.0,0.0,0.0,0.0,1.0,0.0,0.0,0.0,0.0,0.0,-1.1,0.0,-0.1,0.0,0.0001,16.0,25903.0
2026-07-30T19:01:51.189Z,280.672,280.686,0.0,7.4,0.0,0.0,0.0,0.0,0.0,0.0,0.0,0.0,1.0,0.0,0.0,0.0,9.0,4.0,0.0,0.0,0.0,0.0,0.0,0.0,0.0,0.0,1.0,12.0,1.0,12.15,5.0,2.5,1.49,0.0,0.0,0.0,0.4,0.0,-0.8,0.1,-0.6000000000000001,-169.70000000000002,0.0,0.0,169.70000000000002,0.0,21.700000000000003,29.200000000000003,29.1,29.700000000000003,300.0,300.0,31.700000000000003,35.800000000000004,29.0,28.200000000000003,30.200000000000003,4.96,1.99,4.97,0.16,0.0,0.0,1027.0,8228.0,0.0,0.0,0.0,0.0,0.0,1.0,0.0,0.0,0.0,0.0,0.0,-0.2,0.0,0.5,0.0,0.0001,16.0,25903.0
2026-07-30T19:01:51.200Z,280.683,280.698,0.0,7.4,0.0,0.0,0.0,0.0,0.0,0.0,0.0,0.0,1.0,0.0,0.0,0.0,9.0,4.0,0.0,0.0,0.0,0.0,0.0,0.0,0.0,0.0,2.0,12.0,1.0,12.17,5.0200000000000005,2.5,1.5,0.0,0.1,0.0,0.4,0.0,-0.8,0.1,3.4000000000000004,-169.70000000000002,0.0,0.0,169.70000000000002,0.0,21.3,29.200000000000003,29.1,29.700000000000003,300.0,300.0,31.700000000000003,35.7,29.1,28.200000000000003,30.1,4.95,1.99,4.97,0.16,0.0,0.0,1027.0,8228.0,0.0,0.0,0.0,0.0,0.0,1.0,0.0,0.0,0.0,0.0,0.0,2.7,0.0,-3.0,0.0,0.0,16.0,25903.0
2026-07-30T19:01:51.212Z,280.695,280.71,0.0,7.4,0.0,0.0,0.0,0.0,0.0,0.0,0.0,0.0,1.0,0.0,0.0,0.0,9.0,4.0,0.0,0.0,0.0,0.0,0.0,0.0,0.0,0.0,3.0,12.0,1.0,12.17,5.0200000000000005,2.5,1.5,0.0,0.0,0.0,0.4,0.0,-0.2,0.1,0.5,-169.70000000000002,0.0,0.0,169.8,0.0,21.3,29.200000000000003,29.1,29.700000000000003,300.0,300.0,31.700000000000003,35.7,29.1,28.200000000000003,30.1,4.96,1.99,4.96,0.16,0.0,0.0,1027.0,8228.0,0.0,0.0,0.0,0.0,0.0,1.0,0.0,0.0,0.0,0.0,0.0,0.5,0.0,-0.4,0.0,0.0001,16.0,25903.0
2026-07-30T19:01:51.224Z,280.707,280.722,0.0,7.4,0.0,0.0,0.0,0.0,0.0,0.0,0.0,0.0,1.0,0.0,0.0,0.0,9.0,4.0,0.0,0.0,0.0,0.0,0.0,0.0,0.0,0.0,4.0,12.0,1.0,12.17,5.0200000000000005,2.5,1.5,0.0,0.0,0.0,0.4,0.0,0.3,-0.4,0.5,-169.70000000000002,0.0,0.0,169.70000000000002,0.0,21.3,29.200000000000003,29.1,29.700000000000003,300.0,300.0,31.700000000000003,35.7,29.1,28.200000000000003,30.1,4.95,1.99,4.97,0.16,0.0,0.0,1027.0,8228.0,0.0,0.0,0.0,0.0,0.0,1.0,0.0,0.0,0.0,0.0,0.0,-0.1,0.0,-0.5,0.0,0.0,16.0,25903.0
2026-07-30T19:01:51.237Z,280.72,280.734,0.0,7.4,0.0,0.0,0.0,0.0,0.0,0.0,0.0,0.0,1.0,0.0,0.0,0.0,9.0,4.0,0.0,0.0,0.0,0.0,0.0,0.0,0.0,0.0,5.0,12.0,1.0,12.17,5.0200000000000005,2.5,1.5,0.0,0.0,0.0,0.4,0.0,-0.2,-0.4,-0.6000000000000001,-169.70000000000002,0.0,0.0,169.70000000000002,0.0,21.3,29.200000000000003,29.1,29.700000000000003,300.0,300.0,31.700000000000003,35.7,29.1,28.200000000000003,30.1,4.95,2.0,4.97,0.16,0.0,0.0,1027.0,8228.0,0.0,0.0,0.0,0.0,0.0,1.0,0.0,0.0,0.0,0.0,0.0,-1.0,0.0,0.5,0.0,0.0,16.0,25903.0
2026-07-30T19:01:51.249Z,280.732,280.746,0.0,7.4,0.0,0.0,0.0,0.0,0.0,0.0,0.0,0.0,1.0,0.0,0.0,0.0,9.0,4.0,0.0,0.0,0.0,0.0,0.0,0.0,0.0,0.0,1.0,12.0,1.0,12.17,5.0200000000000005,2.5,1.5,0.0,0.1,0.0,0.4,0.0,0.3,1.2000000000000002,-1.2000000000000002,-169.70000000000002,0.0,0.0,169.70000000000002,0.0,21.3,29.200000000000003,29.1,29.700000000000003,300.0,300.0,31.700000000000003,35.7,29.1,28.200000000000003,30.1,4.96,2.0,4.97,0.16,0.0,0.0,1027.0,8228.0,0.0,0.0,0.0,0.0,0.0,1.0,0.0,0.0,0.0,0.0,0.0,0.4,0.0,1.3,0.0,0.0001,16.0,25903.0
2026-07-30T19:01:51.261Z,280.744,280.758,0.0,7.4,0.0,0.0,0.0,0.0,0.0,0.0,0.0,0.0,1.0,0.0,0.0,0.0,9.0,4.0,0.0,0.0,0.0,0.0,0.0,0.0,0.0,0.0,2.0,12.0,1.0,12.17,5.0200000000000005,2.5,1.5,0.0,0.0,0.0,0.4,0.0,-0.2,1.2000000000000002,1.1,-169.70000000000002,0.0,0.0,169.8,0.0,21.3,29.200000000000003,29.1,29.700000000000003,300.0,300.0,31.700000000000003,35.7,29.1,28.200000000000003,30.1,4.95,2.0,4.96,0.16,0.0,0.0,1027.0,8228.0,0.0,0.0,0.0,0.0,0.0,1.0,0.0,0.0,0.0,0.0,0.0,2.2,0.0,-0.7000000000000001,0.0,0.0,16.0,25903.0
2026-07-30T19:01:51.272Z,280.755,280.77,0.0,7.4,0.0,0.0,0.0,0.0,0.0,0.0,0.0,0.0,1.0,0.0,0.0,0.0,9.0,4.0,0.0,0.0,0.0,0.0,0.0,0.0,0.0,0.0,3.0,12.0,1.0,12.17,5.0200000000000005,2.5,1.5,0.0,0.0,0.0,0.4,0.0,-0.2,-0.4,0.0,-169.70000000000002,0.0,0.0,169.70000000000002,0.0,21.3,29.200000000000003,29.1,29.700000000000003,300.0,300.0,31.700000000000003,35.7,29.1,28.200000000000003,30.1,4.95,1.99,4.97,0.16,0.0,0.0,1027.0,8228.0,0.0,0.0,0.0,0.0,0.0,1.0,0.0,0.0,0.0,0.0,0.0,-0.6000000000000001,0.0,0.0,0.0,0.0,16.0,25903.0
2026-07-30T19:01:51.284Z,280.767,280.782,0.0,7.4,0.0,0.0,0.0,0.0,0.0,0.0,0.0,0.0,1.0,0.0,0.0,0.0,9.0,4.0,0.0,0.0,0.0,0.0,0.0,0.0,0.0,0.0,4.0,12.0,1.0,12.17,5.0200000000000005,2.5,1.5,0.0,0.1,0.0,0.4,0.0,0.9,0.6000000000000001,1.6,-169.70000000000002,0.0,0.0,169.70000000000002,0.0,21.3,29.200000000000003,29.1,29.700000000000003,300.0,300.0,31.700000000000003,35.7,29.1,28.200000000000003,30.1,4.95,1.99,4.96,0.16,0.0,0.0,1027.0,8228.0,0.0,0.0,0.0,0.0,0.0,1.0,0.0,0.0,0.0,0.0,0.0,2.0,0.0,-1.3,0.0,0.0001,16.0,25903.0
2026-07-30T19:01:51.298Z,280.781,280.794,0.0,7.4,0.0,0.0,0.0,0.0,0.0,0.0,0.0,0.0,1.0,0.0,0.0,0.0,9.0,4.0,0.0,0.0,0.0,0.0,0.0,0.0,0.0,0.0,5.0,12.0,1.0,12.17,5.01,2.51,1.49,0.0,0.0,0.0,0.4,0.0,-0.2,0.6000000000000001,0.5,-169.70000000000002,0.0,0.0,169.70000000000002,0.0,21.700000000000003,29.200000000000003,29.1,29.700000000000003,300.0,300.0,31.6,35.7,29.1,28.200000000000003,30.1,4.96,1.99,4.96,0.16,0.0,0.0,1027.0,8228.0,0.0,0.0,0.0,0.0,0.0,1.0,0.0,0.0,0.0,0.0,0.0,1.3,0.0,0.3,0.0,0.0,16.0,25903.0
2026-07-30T19:01:51.309Z,280.792,280.806,0.0,7.4,0.0,0.0,0.0,0.0,0.0,0.0,0.0,0.0,1.0,0.0,0.0,0.0,9.0,4.0,0.0,0.0,0.0,0.0,0.0,0.0,0.0,0.0,6.0,12.0,1.0,12.17,5.01,2.51,1.49,0.0,0.0,0.0,0.4,0.0,-0.2,-1.0,-0.6000000000000001,-169.70000000000002,0.0,0.0,169.70000000000002,0.0,21.700000000000003,29.200000000000003,29.1,29.700000000000003,300.0,300.0,31.6,35.7,29.1,28.200000000000003,30.1,4.95,1.99,4.97,0.16,0.0,0.0,1027.0,8228.0,0.0,0.0,0.0,0.0,0.0,1.0,0.0,0.0,0.0,0.0,0.0,-1.6,0.0,0.3,0.0,0.0001,16.0,25903.0
2026-07-30T19:01:51.320Z,280.803,280.818,0.0,7.4,0.0,0.0,0.0,0.0,0.0,0.0,0.0,0.0,1.0,0.0,0.0,0.0,9.0,4.0,0.0,0.0,0.0,0.0,0.0,0.0,0.0,0.0,2.0,12.0,1.0,12.17,5.01,2.51,1.49,0.0,0.0,0.0,0.4,0.0,-0.2,-0.4,1.1,-169.70000000000002,0.0,0.0,169.60000000000002,0.0,21.700000000000003,29.200000000000003,29.1,29.700000000000003,300.0,300.0,31.6,35.7,29.1,28.200000000000003,30.1,4.96,1.99,4.97,0.16,0.0,0.0,1027.0,8228.0,0.0,0.0,0.0,0.0,0.0,1.0,0.0,0.0,0.0,0.0,0.0,-0.3,0.0,0.5,0.0,0.0001,16.0,25903.0
2026-07-30T19:01:51.333Z,280.816,280.83,0.0,7.4,0.0,0.0,0.0,0.0,0.0,0.0,0.0,0.0,1.0,0.0,0.0,0.0,9.0,4.0,0.0,0.0,0.0,0.0,0.0,0.0,0.0,0.0,2.0,12.0,1.0,12.17,5.01,2.51,1.49,0.0,0.0,0.0,0.4,0.0,0.9,0.1,0.0,-169.70000000000002,0.0,0.0,169.70000000000002,0.0,21.700000000000003,29.200000000000003,29.1,29.700000000000003,300.0,300.0,31.6,35.7,29.1,28.200000000000003,30.1,4.96,1.99,4.96,0.16,0.0,0.0,1027.0,8228.0,0.0,0.0,0.0,0.0,0.0,1.0,0.0,0.0,0.0,0.0,0.0,0.1,0.0,0.0,0.0,0.0001,16.0,25903.0
2026-07-30T19:01:51.344Z,280.827,280.842,0.0,7.4,0.0,0.0,0.0,0.0,0.0,0.0,0.0,0.0,1.0,0.0,0.0,0.0,9.0,4.0,0.0,0.0,0.0,0.0,0.0,0.0,0.0,0.0,4.0,12.0,1.0,12.17,5.01,2.51,1.49,0.0,0.1,0.0,0.4,0.0,-0.2,0.1,0.0,-169.70000000000002,0.0,0.0,169.70000000000002,0.0,21.700000000000003,29.200000000000003,29.1,29.700000000000003,300.0,300.0,31.6,35.7,29.1,28.200000000000003,30.1,4.96,1.99,4.96,0.16,0.0,0.0,1027.0,8228.0,0.0,0.0,0.0,0.0,0.0,1.0,0.0,0.0,0.0,0.0,0.0,1.6,0.0,-0.8,0.0,0.0,16.0,25903.0
2026-07-30T19:01:51.357Z,280.84,280.854,0.0,7.4,0.0,0.0,0.0,0.0,0.0,0.0,0.0,0.0,1.0,0.0,0.0,0.0,9.0,4.0,0.0,0.0,0.0,0.0,0.0,0.0,0.0,0.0,5.0,12.0,1.0,12.17,5.01,2.51,1.49,0.0,0.1,0.0,0.4,0.0,0.9,0.7000000000000001,0.5,-169.70000000000002,0.0,0.0,169.70000000000002,0.0,21.700000000000003,29.200000000000003,29.1,29.700000000000003,300.0,300.0,31.6,35.7,29.1,28.200000000000003,30.1,4.95,1.99,4.97,0.16,0.0,0.0,1027.0,8228.0,0.0,0.0,0.0,0.0,0.0,1.0,0.0,0.0,0.0,0.0,0.0,-1.3,0.0,0.9,0.0,0.0001,16.0,25903.0
2026-07-30T19:01:51.368Z,280.851,280.866,0.0,7.4,0.0,0.0,0.0,0.0,0.0,0.0,0.0,0.0,1.0,0.0,0.0,0.0,9.0,4.0,0.0,0.0,0.0,0.0,0.0,0.0,0.0,0.0,1.0,12.0,1.0,12.17,5.01,2.51,1.49,0.0,0.0,0.0,0.4,0.0,0.3,0.1,0.5,-169.70000000000002,0.0,0.0,169.70000000000002,0.0,21.700000000000003,29.200000000000003,29.1,29.700000000000003,300.0,300.0,31.6,35.7,29.1,28.200000000000003,30.1,4.95,1.99,4.96,0.16,0.0,0.0,1027.0,8228.0,0.0,0.0,0.0,0.0,0.0,1.0,0.0,0.0,0.0,0.0,0.0,0.5,0.0,-0.4,0.0,0.0,16.0,25903.0
2026-07-30T19:01:51.380Z,280.863,280.878,0.0,7.4,0.0,0.0,0.0,0.0,0.0,0.0,0.0,0.0,1.0,0.0,0.0,0.0,9.0,4.0,0.0,0.0,0.0,0.0,0.0,0.0,0.0,0.0,2.0,12.0,1.0,12.17,5.01,2.51,1.49,0.0,0.0,0.0,0.5,0.0,0.8,-0.5,-1.2000000000000002,-169.70000000000002,0.0,0.0,169.8,0.0,21.700000000000003,29.200000000000003,29.1,29.700000000000003,300.0,300.0,31.6,35.7,29.1,28.200000000000003,30.1,4.95,1.99,4.97,0.16,0.0,0.0,1027.0,8228.0,0.0,0.0,0.0,0.0,0.0,1.0,0.0,0.0,0.0,0.0,0.0,-1.5,0.0,1.0,0.0,0.0,16.0,25903.0
2026-07-30T19:01:51.392Z,280.875,280.89,0.0,7.4,0.0,0.0,0.0,0.0,0.0,0.0,0.0,0.0,1.0,0.0,0.0,0.0,9.0,4.0,0.0,0.0,0.0,0.0,0.0,0.0,0.0,0.0,4.0,12.0,1.0,12.17,5.01,2.51,1.49,0.0,0.0,0.0,0.5,0.0,0.3,1.8,1.0,-169.70000000000002,0.0,0.0,169.8,0.0,21.700000000000003,29.200000000000003,29.1,29.700000000000003,300.0,300.0,31.6,35.7,29.1,28.200000000000003,30.1,4.95,1.99,4.97,0.16,0.0,0.0,1027.0,8228.0,0.0,0.0,0.0,0.0,0.0,1.0,0.0,0.0,0.0,0.0,0.0,2.8000000000000003,0.0,-0.5,0.0,0.0002,16.0,25903.0
2026-07-30T19:01:51.405Z,280.888,280.902,0.0,7.4,0.0,0.0,0.0,0.0,0.0,0.0,0.0,0.0,1.0,0.0,0.0,0.0,9.0,4.0,0.0,0.0,0.0,0.0,0.0,0.0,0.0,0.0,5.0,12.0,1.0,12.18,5.0200000000000005,2.51,1.49,0.0,0.0,0.0,0.4,0.0,-0.8,-0.4,-1.2000000000000002,-169.70000000000002,0.0,0.0,169.8,0.0,21.3,29.200000000000003,29.1,29.700000000000003,300.0,300.0,31.6,35.6,29.1,28.200000000000003,30.1,4.96,1.99,4.97,0.16,0.0,0.0,1027.0,8228.0,0.0,0.0,0.0,0.0,0.0,1.0,0.0,0.0,0.0,0.0,0.0,-1.4,0.0,0.9,0.0,0.0,16.0,25903.0
2026-07-30T19:01:51.416Z,280.899,280.914,0.0,7.4,0.0,0.0,0.0,0.0,0.0,0.0,0.0,0.0,1.0,0.0,0.0,0.0,9.0,4.0,0.0,0.0,0.0,0.0,0.0,0.0,0.0,0.0,6.0,12.0,1.0,12.18,5.0200000000000005,2.51,1.49,0.0,0.0,0.0,0.4,0.0,0.9,0.1,0.4,-169.70000000000002,0.0,0.0,169.8,0.0,21.3,29.200000000000003,29.1,29.700000000000003,300.0,300.0,31.6,35.6,29.1,28.200000000000003,30.1,4.95,1.99,4.96,0.16,0.0,0.0,1027.0,8228.0,0.0,0.0,0.0,0.0,0.0,1.0,0.0,0.0,0.0,0.0,0.0,0.4,0.0,-0.4,0.0,0.0,16.0,25903.0
2026-07-30T19:01:51.428Z,280.911,280.926,0.0,7.4,0.0,0.0,0.0,0.0,0.0,0.0,0.0,0.0,1.0,0.0,0.0,0.0,9.0,4.0,0.0,0.0,0.0,0.0,0.0,0.0,0.0,0.0,1.0,12.0,1.0,12.18,5.0200000000000005,2.51,1.49,0.0,0.0,0.0,0.4,0.0,0.3,0.1,1.6,-169.70000000000002,0.0,0.0,169.8,0.0,21.3,29.200000000000003,29.1,29.700000000000003,300.0,300.0,31.6,35.6,29.1,28.200000000000003,30.1,4.95,1.99,4.97,0.16,0.0,0.0,1027.0,8228.0,0.0,0.0,0.0,0.0,0.0,1.0,0.0,0.0,0.0,0.0,0.0,1.3,0.0,-1.4,0.0,0.0001,16.0,25903.0
2026-07-30T19:01:51.440Z,280.923,280.938,0.0,7.4,0.0,0.0,0.0,0.0,0.0,0.0,0.0,0.0,1.0,0.0,0.0,0.0,9.0,4.0,0.0,0.0,0.0,0.0,0.0,0.0,0.0,0.0,2.0,12.0,1.0,12.18,5.0200000000000005,2.51,1.49,0.0,0.1,0.0,0.4,0.0,0.9,1.2000000000000002,-0.6000000000000001,-169.70000000000002,0.0,0.0,169.8,0.0,21.3,29.200000000000003,29.1,29.700000000000003,300.0,300.0,31.6,35.6,29.1,28.200000000000003,30.1,4.95,2.0,4.97,0.16,0.0,0.0,1027.0,8228.0,0.0,0.0,0.0,0.0,0.0,1.0,0.0,0.0,0.0,0.0,0.0,0.9,0.0,0.8,0.0,0.0001,16.0,25903.0
2026-07-30T19:01:51.453Z,280.936,280.95,0.0,7.4,0.0,0.0,0.0,0.0,0.0,0.0,0.0,0.0,1.0,0.0,0.0,0.0,9.0,4.0,0.0,0.0,0.0,0.0,0.0,0.0,0.0,0.0,3.0,12.0,1.0,12.18,5.0200000000000005,2.51,1.49,0.0,0.0,0.0,0.4,0.0,0.9,1.2000000000000002,1.0,-169.70000000000002,0.0,0.0,169.8,0.0,21.3,29.200000000000003,29.1,29.700000000000003,300.0,300.0,31.6,35.6,29.1,28.200000000000003,30.1,4.95,2.0,4.96,0.16,0.0,0.0,1027.0,8228.0,0.0,0.0,0.0,0.0,0.0,1.0,0.0,0.0,0.0,0.0,0.0,2.2,0.0,-0.6000000000000001,0.0,0.0,16.0,25903.0
2026-07-30T19:01:51.465Z,280.948,280.962,0.0,7.4,0.0,0.0,0.0,0.0,0.0,0.0,0.0,0.0,1.0,0.0,0.0,0.0,9.0,4.0,0.0,0.0,0.0,0.0,0.0,0.0,0.0,0.0,4.0,12.0,1.0,12.18,5.0200000000000005,2.51,1.49,0.0,0.0,0.0,0.4,0.0,0.3,-0.4,-0.7000000000000001,-169.70000000000002,0.0,0.0,169.8,0.0,21.3,29.200000000000003,29.1,29.700000000000003,300.0,300.0,31.6,35.6,29.1,28.200000000000003,30.1,4.95,1.99,4.97,0.16,0.0,0.0,1027.0,8228.0,0.0,0.0,0.0,0.0,0.0,1.0,0.0,0.0,0.0,0.0,0.0,-1.0,0.0,0.5,0.0,0.0,16.0,25903.0
2026-07-30T19:01:51.476Z,280.959,280.974,0.0,7.4,0.0,0.0,0.0,0.0,0.0,0.0,0.0,0.0,1.0,0.0,0.0,0.0,9.0,4.0,0.0,0.0,0.0,0.0,0.0,0.0,0.0,0.0,5.0,12.0,1.0,12.18,5.0200000000000005,2.51,1.49,0.0,0.0,0.0,0.4,0.0,0.9,1.8,0.4,-169.70000000000002,0.0,0.0,169.8,0.0,21.3,29.200000000000003,29.1,29.700000000000003,300.0,300.0,31.6,35.6,29.1,28.200000000000003,30.1,4.95,1.99,4.97,0.16,0.0,0.0,1027.0,8228.0,0.0,0.0,0.0,0.0,0.0,1.0,0.0,0.0,0.0,0.0,0.0,2.4000000000000004,0.0,0.0,0.0,0.0001,16.0,25903.0
2026-07-30T19:01:51.488Z,280.971,280.986,0.0,7.4,0.0,0.0,0.0,0.0,0.0,0.0,0.0,0.0,1.0,0.0,0.0,0.0,9.0,4.0,0.0,0.0,0.0,0.0,0.0,0.0,0.0,0.0,6.0,12.0,1.0,12.18,5.0200000000000005,2.51,1.49,0.0,0.1,0.0,0.4,0.0,-0.8,1.2000000000000002,-0.1,-169.70000000000002,0.0,0.0,169.8,0.0,21.3,29.200000000000003,29.1,29.700000000000003,300.0,300.0,31.6,35.6,29.1,28.200000000000003,30.1,4.95,1.99,4.97,0.16,0.0,0.0,1027.0,8228.0,0.0,0.0,0.0,0.0,0.0,1.0,0.0,0.0,0.0,0.0,0.0,1.3,0.0,0.3,0.0,0.0,16.0,25903.0
2026-07-30T19:01:51.501Z,280.984,280.998,0.0,7.4,0.0,0.0,0.0,0.0,0.0,0.0,0.0,0.0,1.0,0.0,0.0,0.0,9.0,4.0,0.0,0.0,0.0,0.0,0.0,0.0,0.0,0.0,2.0,12.0,1.0,12.17,5.0200000000000005,2.5,1.49,0.0,0.0,0.0,0.4,0.0,-0.2,0.1,0.4,-169.70000000000002,0.0,0.0,169.8,0.0,21.4,29.200000000000003,29.1,29.700000000000003,300.0,300.0,31.700000000000003,35.7,29.0,28.200000000000003,30.1,4.95,1.99,4.96,0.16,0.0,0.0,1027.0,8228.0,0.0,0.0,0.0,0.0,0.0,1.0,0.0,0.0,0.0,0.0,0.0,0.4,0.0,-0.3,0.0,0.0,16.0,25903.0
2026-07-30T19:01:51.512Z,280.995,281.01,0.0,7.4,0.0,0.0,0.0,0.0,0.0,0.0,0.0,0.0,1.0,0.0,0.0,0.0,9.0,4.0,0.0,0.0,0.0,0.0,0.0,0.0,0.0,0.0,3.0,12.0,1.0,12.17,5.0200000000000005,2.5,1.49,0.0,0.0,0.0,0.4,0.0,-0.8,0.1,1.0,-169.70000000000002,0.0,0.0,169.8,0.0,21.4,29.200000000000003,29.1,29.700000000000003,300.0,300.0,31.700000000000003,35.7,29.0,28.200000000000003,30.1,4.95,1.99,4.97,0.16,0.0,0.0,1027.0,8228.0,0.0,0.0,0.0,0.0,0.0,1.0,0.0,0.0,0.0,0.0,0.0,0.9,0.0,-0.8,0.0,0.0,16.0,25903.0
2026-07-30T19:01:51.524Z,281.007,281.022,0.0,7.4,0.0,0.0,0.0,0.0,0.0,0.0,0.0,0.0,1.0,0.0,0.0,0.0,9.0,4.0,0.0,0.0,0.0,0.0,0.0,0.0,0.0,0.0,4.0,12.0,1.0,12.17,5.0200000000000005,2.5,1.49,0.0,0.0,0.0,0.5,0.0,-0.2,0.1,-1.3,-169.70000000000002,0.0,0.0,169.8,0.0,21.4,29.200000000000003,29.1,29.700000000000003,300.0,300.0,31.700000000000003,35.7,29.0,28.200000000000003,30.1,4.95,1.99,4.96,0.16,0.0,0.0,1027.0,8228.0,0.0,0.0,0.0,0.0,0.0,1.0,0.0,0.0,0.0,0.0,0.0,-0.8,0.0,1.1,0.0,0.0001,16.0,25903.0
2026-07-30T19:01:51.536Z,281.019,281.034,0.0,7.4,0.0,0.0,0.0,0.0,0.0,0.0,0.0,0.0,1.0,0.0,0.0,0.0,9.0,4.0,0.0,0.0,0.0,0.0,0.0,0.0,0.0,0.0,5.0,12.0,1.0,12.17,5.0200000000000005,2.5,1.49,0.0,0.0,0.0,0.4,0.0,-0.2,1.9,0.4,-169.70000000000002,0.0,0.0,169.8,0.0,21.4,29.200000000000003,29.1,29.700000000000003,300.0,300.0,31.700000000000003,35.7,29.0,28.200000000000003,30.1,4.96,1.99,4.96,0.16,0.0,0.0,1027.0,8228.0,0.0,0.0,0.0,0.0,0.0,1.0,0.0,0.0,0.0,0.0,0.0,2.5,0.0,0.0,0.0,0.0001,16.0,25903.0
2026-07-30T19:01:51.549Z,281.032,281.046,0.0,7.4,0.0,0.0,0.0,0.0,0.0,0.0,0.0,0.0,1.0,0.0,0.0,0.0,9.0,4.0,0.0,0.0,0.0,0.0,0.0,0.0,0.0,0.0,6.0,12.0,1.0,12.17,5.0200000000000005,2.5,1.49,0.0,0.0,0.0,0.4,0.0,0.3,-0.4,-0.1,-169.70000000000002,0.0,0.0,169.8,0.0,21.4,29.200000000000003,29.1,29.700000000000003,300.0,300.0,31.700000000000003,35.7,29.0,28.200000000000003,30.1,4.95,1.99,4.97,0.16,0.0,0.0,1027.0,8228.0,0.0,0.0,0.0,0.0,0.0,1.0,0.0,0.0,0.0,0.0,0.0,-0.5,0.0,0.0,0.0,0.0001,16.0,25903.0
2026-07-30T19:01:51.560Z,281.043,281.058,0.0,7.4,0.0,0.0,0.0,0.0,0.0,0.0,0.0,0.0,1.0,0.0,0.0,0.0,9.0,4.0,0.0,0.0,0.0,0.0,0.0,0.0,0.0,0.0,2.0,12.0,1.0,12.17,5.0200000000000005,2.5,1.49,0.0,0.0,0.0,0.4,0.0,0.3,-0.4,0.5,-169.70000000000002,0.0,0.0,169.8,0.0,21.4,29.200000000000003,29.1,29.700000000000003,300.0,300.0,31.700000000000003,35.7,29.0,28.200000000000003,30.1,4.96,2.0,4.96,0.16,0.0,0.0,1027.0,8228.0,0.0,0.0,0.0,0.0,0.0,1.0,0.0,0.0,0.0,0.0,0.0,-0.1,0.0,-0.5,0.0,0.0,16.0,25903.0
2026-07-30T19:01:51.572Z,281.055,281.07,0.0,7.4,0.0,0.0,0.0,0.0,0.0,0.0,0.0,0.0,1.0,0.0,0.0,0.0,9.0,4.0,0.0,0.0,0.0,0.0,0.0,0.0,0.0,0.0,3.0,12.0,1.0,12.17,5.0200000000000005,2.5,1.49,0.0,0.0,0.0,0.5,0.0,-0.2,0.1,0.0,-169.70000000000002,0.0,0.0,169.8,0.0,21.4,29.200000000000003,29.1,29.700000000000003,300.0,300.0,31.700000000000003,35.7,29.0,28.200000000000003,30.1,4.96,1.99,4.96,0.16,0.0,0.0,1027.0,8228.0,0.0,0.0,0.0,0.0,0.0,1.0,0.0,0.0,0.0,0.0,0.0,0.1,0.0,0.0,0.0,0.0,16.0,25903.0
2026-07-30T19:01:51.584Z,281.067,281.082,0.0,7.4,0.0,0.0,0.0,0.0,0.0,0.0,0.0,0.0,1.0,0.0,0.0,0.0,9.0,4.0,0.0,0.0,0.0,0.0,0.0,0.0,0.0,0.0,4.0,12.0,1.0,12.17,5.0200000000000005,2.5,1.49,0.0,0.0,0.0,0.4,0.0,-0.1,0.1,-0.6000000000000001,-169.70000000000002,0.0,0.0,169.8,0.0,21.4,29.200000000000003,29.1,29.700000000000003,300.0,300.0,31.700000000000003,35.7,29.0,28.200000000000003,30.1,4.95,1.99,4.96,0.16,0.0,0.0,1027.0,8228.0,0.0,0.0,0.0,0.0,0.0,1.0,0.0,0.0,0.0,0.0,0.0,-0.3,0.0,0.6000000000000001,0.0,0.0,16.0,25903.0
2026-07-30T19:01:51.596Z,281.079,281.094,0.0,7.4,0.0,0.0,0.0,0.0,0.0,0.0,0.0,0.0,1.0,0.0,0.0,0.0,9.0,4.0,0.0,0.0,0.0,0.0,0.0,0.0,0.0,0.0,5.0,12.0,1.0,12.17,5.0200000000000005,2.5,1.49,0.0,0.1,0.0,0.5,0.0,0.9,1.3,1.0,-169.70000000000002,0.0,0.0,169.70000000000002,0.0,21.4,29.200000000000003,29.1,29.700000000000003,300.0,300.0,31.700000000000003,35.7,29.0,28.200000000000003,30.1,4.95,1.99,4.97,0.16,0.0,0.0,1027.0,8228.0,0.0,0.0,0.0,0.0,0.0,1.0,0.0,0.0,0.0,0.0,0.0,2.3000000000000003,0.0,-0.6000000000000001,0.0,0.0,16.0,25903.0
2026-07-30T19:01:51.608Z,281.091,281.106,0.0,7.4,0.0,0.0,0.0,0.0,0.0,0.0,0.0,0.0,1.0,0.0,0.0,0.0,9.0,4.0,0.0,0.0,0.0,0.0,0.0,0.0,0.0,0.0,1.0,12.0,1.0,12.18,5.01,2.51,1.49,0.0,0.1,0.0,0.4,0.0,0.3,-0.3,-0.1,-169.70000000000002,0.0,0.0,169.70000000000002,0.0,21.700000000000003,29.200000000000003,29.1,29.700000000000003,300.0,300.0,31.700000000000003,35.7,29.0,28.3,30.1,4.96,1.99,4.96,0.16,0.0,0.0,1027.0,8228.0,0.0,0.0,0.0,0.0,0.0,1.0,0.0,0.0,0.0,0.0,0.0,-0.5,0.0,0.0,0.0,0.0002,16.0,25903.0
2026-07-30T19:01:51.620Z,281.103,281.118,0.0,7.4,0.0,0.0,0.0,0.0,0.0,0.0,0.0,0.0,1.0,0.0,0.0,0.0,9.0,4.0,0.0,0.0,0.0,0.0,0.0,0.0,0.0,0.0,2.0,12.0,1.0,12.18,5.01,2.51,1.49,0.0,0.0,0.0,0.4,0.0,-0.1,0.7000000000000001,-0.1,-169.70000000000002,0.0,0.0,169.60000000000002,0.0,21.700000000000003,29.200000000000003,29.1,29.700000000000003,300.0,300.0,31.700000000000003,35.7,29.0,28.3,30.1,4.96,1.99,4.97,0.16,0.0,0.0,1027.0,8228.0,0.0,0.0,0.0,0.0,0.0,1.0,0.0,0.0,0.0,0.0,0.0,0.7000000000000001,0.0,0.2,0.0,0.0001,16.0,25903.0
2026-07-30T19:01:51.632Z,281.115,281.13,0.0,7.4,0.0,0.0,0.0,0.0,0.0,0.0,0.0,0.0,1.0,0.0,0.0,0.0,9.0,4.0,0.0,0.0,0.0,0.0,0.0,0.0,0.0,0.0,3.0,12.0,1.0,12.18,5.01,2.51,1.49,0.0,0.0,0.0,0.4,0.0,-0.7000000000000001,-0.3,1.0,-169.70000000000002,0.0,0.0,169.70000000000002,0.0,21.700000000000003,29.200000000000003,29.1,29.700000000000003,300.0,300.0,31.700000000000003,35.7,29.0,28.3,30.1,4.95,1.99,4.97,0.16,0.0,0.0,1027.0,8228.0,0.0,0.0,0.0,0.0,0.0,1.0,0.0,0.0,0.0,0.0,0.0,0.3,0.0,-1.0,0.0,0.0001,16.0,25903.0
2026-07-30T19:01:51.645Z,281.128,281.142,0.0,7.4,0.0,0.0,0.0,0.0,0.0,0.0,0.0,0.0,1.0,0.0,0.0,0.0,9.0,4.0,0.0,0.0,0.0,0.0,0.0,0.0,0.0,0.0,4.0,12.0,1.0,12.18,5.01,2.51,1.49,0.0,0.0,0.0,0.4,0.0,-0.7000000000000001,-0.3,-0.7000000000000001,-169.70000000000002,0.0,0.0,169.70000000000002,0.0,21.700000000000003,29.200000000000003,29.1,29.700000000000003,300.0,300.0,31.700000000000003,35.7,29.0,28.3,30.1,4.96,1.99,4.96,0.16,0.0,0.0,1027.0,8228.0,0.0,0.0,0.0,0.0,0.0,1.0,0.0,0.0,0.0,0.0,0.0,-0.9,0.0,0.5,0.0,0.0001,16.0,25903.0
2026-07-30T19:01:51.657Z,281.14,281.154,0.0,7.4,0.0,0.0,0.0,0.0,0.0,0.0,0.0,0.0,1.0,0.0,0.0,0.0,9.0,4.0,0.0,0.0,0.0,0.0,0.0,0.0,0.0,0.0,5.0,12.0,1.0,12.18,5.01,2.51,1.49,0.0,0.0,0.0,0.4,0.0,0.4,-0.9,-1.2000000000000002,-169.70000000000002,0.0,0.0,169.8,0.0,21.700000000000003,29.200000000000003,29.1,29.700000000000003,300.0,300.0,31.700000000000003,35.7,29.0,28.3,30.1,4.95,2.0,4.96,0.16,0.0,0.0,1027.0,8228.0,0.0,0.0,0.0,0.0,0.0,1.0,0.0,0.0,0.0,0.0,0.0,-2.0,0.0,0.9,0.0,0.0,16.0,25903.0
2026-07-30T19:01:51.668Z,281.151,281.166,0.0,7.4,0.0,0.0,0.0,0.0,0.0,0.0,0.0,0.0,1.0,0.0,0.0,0.0,9.0,4.0,0.0,0.0,0.0,0.0,0.0,0.0,0.0,0.0,6.0,12.0,1.0,12.18,5.01,2.51,1.49,0.0,0.0,0.0,0.4,0.0,-0.1,1.3,-0.1,-169.70000000000002,0.0,0.0,169.70000000000002,0.0,21.700000000000003,29.200000000000003,29.1,29.700000000000003,300.0,300.0,31.700000000000003,35.7,29.0,28.3,30.1,4.95,1.99,4.97,0.16,0.0,0.0,1027.0,8228.0,0.0,0.0,0.0,0.0,0.0,1.0,0.0,0.0,0.0,0.0,0.0,1.4,0.0,0.3,0.0,0.0002,16.0,25903.0
2026-07-30T19:01:51.681Z,281.164,281.178,0.0,7.4,0.0,0.0,0.0,0.0,0.0,0.0,0.0,0.0,1.0,0.0,0.0,0.0,9.0,4.0,0.0,0.0,0.0,0.0,0.0,0.0,0.0,0.0,2.0,12.0,1.0,12.18,5.01,2.51,1.49,0.0,0.0,0.0,0.5,0.0,1.6,1.3,1.6,-169.70000000000002,0.0,0.0,169.70000000000002,0.0,21.700000000000003,29.200000000000003,29.1,29.700000000000003,300.0,300.0,31.700000000000003,35.7,29.0,28.3,30.1,4.96,1.99,4.97,0.16,0.0,0.0,1027.0,8228.0,0.0,0.0,0.0,0.0,0.0,1.0,0.0,0.0,0.0,0.0,0.0,2.7,0.0,-1.1,0.0,0.0001,16.0,25903.0
2026-07-30T19:01:51.692Z,281.175,281.19,0.0,7.4,0.0,0.0,0.0,0.0,0.0,0.0,0.0,0.0,1.0,0.0,0.0,0.0,9.0,4.0,0.0,0.0,0.0,0.0,0.0,0.0,0.0,0.0,3.0,12.0,1.0,12.18,5.01,2.51,1.49,0.0,0.0,0.0,0.4,0.0,-0.1,-0.3,-0.1,-169.70000000000002,0.0,0.0,169.8,0.0,21.700000000000003,29.200000000000003,29.1,29.700000000000003,300.0,300.0,31.700000000000003,35.7,29.0,28.3,30.1,4.96,1.99,4.96,0.16,0.0,0.0,1027.0,8228.0,0.0,0.0,0.0,0.0,0.0,1.0,0.0,0.0,0.0,0.0,0.0,-0.4,0.0,0.0,0.0,0.0001,16.0,25903.0
2026-07-30T19:01:51.706Z,281.189,281.202,0.0,7.4,0.0,0.0,0.0,0.0,0.0,0.0,0.0,0.0,1.0,0.0,0.0,0.0,9.0,4.0,0.0,0.0,0.0,0.0,0.0,0.0,0.0,0.0,4.0,12.0,1.0,12.13,5.01,2.51,1.5,0.0,0.0,0.0,0.4,0.0,-0.1,-0.8,-0.7000000000000001,-169.70000000000002,0.0,0.0,169.8,0.0,21.4,29.1,29.1,29.700000000000003,300.0,300.0,31.6,35.7,29.1,28.200000000000003,30.1,4.95,1.99,4.97,0.16,0.0,0.0,1027.0,8228.0,0.0,0.0,0.0,0.0,0.0,1.0,0.0,0.0,0.0,0.0,0.0,-1.5,0.0,0.4,0.0,0.0002,16.0,25903.0
2026-07-30T19:01:51.717Z,281.2,281.214,0.0,7.4,0.0,0.0,0.0,0.0,0.0,0.0,0.0,0.0,1.0,0.0,0.0,0.0,9.0,4.0,0.0,0.0,0.0,0.0,0.0,0.0,0.0,0.0,4.0,12.0,1.0,12.13,5.01,2.51,1.5,0.0,0.0,0.0,0.4,0.0,0.4,0.8,0.0,-169.70000000000002,0.0,0.0,169.8,0.0,21.4,29.1,29.1,29.700000000000003,300.0,300.0,31.6,35.7,29.1,28.200000000000003,30.1,4.95,1.99,4.97,0.16,0.0,0.0,1027.0,8228.0,0.0,0.0,0.0,0.0,0.0,1.0,0.0,0.0,0.0,0.0,0.0,0.9,0.0,0.2,0.0,0.0002,16.0,25903.0
2026-07-30T19:01:51.728Z,281.211,281.226,0.0,7.4,0.0,0.0,0.0,0.0,0.0,0.0,0.0,0.0,1.0,0.0,0.0,0.0,9.0,4.0,0.0,0.0,0.0,0.0,0.0,0.0,0.0,0.0,6.0,12.0,1.0,12.13,5.01,2.51,1.5,0.0,0.0,0.0,0.4,0.0,-0.1,0.8,0.0,-169.70000000000002,0.0,0.0,169.8,0.0,21.4,29.1,29.1,29.700000000000003,300.0,300.0,31.6,35.7,29.1,28.200000000000003,30.1,4.96,2.0,4.97,0.16,0.0,0.0,1027.0,8228.0,0.0,0.0,0.0,0.0,0.0,1.0,0.0,0.0,0.0,0.0,0.0,0.9,0.0,0.2,0.0,0.0,16.0,25903.0
2026-07-30T19:01:51.741Z,281.224,281.238,0.0,7.4,0.0,0.0,0.0,0.0,0.0,0.0,0.0,0.0,1.0,0.0,0.0,0.0,9.0,4.0,0.0,0.0,0.0,0.0,0.0,0.0,0.0,0.0,1.0,12.0,1.0,12.13,5.01,2.51,1.5,0.0,0.0,0.0,0.4,0.0,1.0,0.2,0.0,-169.70000000000002,0.0,0.0,169.8,0.0,21.4,29.1,29.1,29.700000000000003,300.0,300.0,31.6,35.7,29.1,28.200000000000003,30.1,4.95,2.0,4.96,0.16,0.0,0.0,1027.0,8228.0,0.0,0.0,0.0,0.0,0.0,1.0,0.0,0.0,0.0,0.0,0.0,0.2,0.0,0.1,0.0,0.0,16.0,25903.0
2026-07-30T19:01:51.752Z,281.235,281.25,0.0,7.4,0.0,0.0,0.0,0.0,0.0,0.0,0.0,0.0,1.0,0.0,0.0,0.0,9.0,4.0,0.0,0.0,0.0,0.0,0.0,0.0,0.0,0.0,2.0,12.0,1.0,12.13,5.01,2.51,1.5,0.0,0.0,0.0,0.5,0.0,-0.1,-0.3,0.5,-169.70000000000002,0.0,0.0,169.8,0.0,21.4,29.1,29.1,29.700000000000003,300.0,300.0,31.6,35.7,29.1,28.200000000000003,30.1,4.95,1.99,4.97,0.16,0.0,0.0,1027.0,8228.0,0.0,0.0,0.0,0.0,0.0,1.0,0.0,0.0,0.0,0.0,0.0,0.0,0.0,-0.5,0.0,0.0001,16.0,25903.0
2026-07-30T19:01:51.765Z,281.248,281.262,0.0,7.4,0.0,0.0,0.0,0.0,0.0,0.0,0.0,0.0,1.0,0.0,0.0,0.0,9.0,4.0,0.0,0.0,0.0,0.0,0.0,0.0,0.0,0.0,3.0,12.0,1.0,12.13,5.01,2.51,1.5,0.0,0.0,0.0,0.4,0.0,0.4,1.3,-0.7000000000000001,-169.70000000000002,0.0,0.0,169.8,0.0,21.4,29.1,29.1,29.700000000000003,300.0,300.0,31.6,35.7,29.1,28.200000000000003,30.1,4.95,1.99,4.96,0.16,0.0,0.0,1027.0,8228.0,0.0,0.0,0.0,0.0,0.0,1.0,0.0,0.0,0.0,0.0,0.0,1.0,0.0,0.9,0.0,0.0001,16.0,25903.0
2026-07-30T19:01:51.776Z,281.259,281.274,0.0,7.4,0.0,0.0,0.0,0.0,0.0,0.0,0.0,0.0,1.0,0.0,0.0,0.0,9.0,4.0,0.0,0.0,0.0,0.0,0.0,0.0,0.0,0.0,5.0,12.0,1.0,12.13,5.01,2.51,1.5,0.0,0.0,0.0,0.5,0.0,0.4,-0.4,-0.1,-169.70000000000002,0.0,0.0,169.70000000000002,0.0,21.4,29.1,29.1,29.700000000000003,300.0,300.0,31.6,35.7,29.1,28.200000000000003,30.1,4.96,1.99,4.96,0.16,0.0,0.0,1027.0,8228.0,0.0,0.0,0.0,0.0,0.0,1.0,0.0,0.0,0.0,0.0,0.0,-0.5,0.0,0.0,0.0,0.0001,16.0,25903.0
2026-07-30T19:01:51.788Z,281.271,281.286,0.0,7.4,0.0,0.0,0.0,0.0,0.0,0.0,0.0,0.0,1.0,0.0,0.0,0.0,9.0,4.0,0.0,0.0,0.0,0.0,0.0,0.0,0.0,0.0,6.0,12.0,1.0,12.13,5.01,2.51,1.5,0.0,0.0,0.0,0.4,0.0,1.0,0.2,2.2,-169.70000000000002,0.0,0.0,169.8,0.0,21.4,29.1,29.1,29.700000000000003,300.0,300.0,31.6,35.7,29.1,28.200000000000003,30.1,4.95,1.99,4.96,0.16,0.0,0.0,1027.0,8228.0,0.0,0.0,0.0,0.0,0.0,1.0,0.0,0.0,0.0,0.0,0.0,1.8,0.0,-1.8,0.0,0.0002,16.0,25903.0
2026-07-30T19:01:51.800Z,281.283,281.298,0.0,7.4,0.0,0.0,0.0,0.0,0.0,0.0,0.0,0.0,1.0,0.0,0.0,0.0,9.0,4.0,0.0,0.0,0.0,0.0,0.0,0.0,0.0,0.0,1.0,12.0,1.0,12.13,5.01,2.51,1.5,0.0,0.0,0.0,0.4,0.0,-0.7000000000000001,0.2,-0.7000000000000001,-169.70000000000002,0.0,0.0,169.70000000000002,0.0,21.4,29.1,29.1,29.700000000000003,300.0,300.0,31.6,35.7,29.1,28.200000000000003,30.1,4.96,1.99,4.96,0.16,0.0,0.0,1027.0,8228.0,0.0,0.0,0.0,0.0,0.0,1.0,0.0,0.0,0.0,0.0,0.0,0.5,0.0,-0.3,0.0,0.0001,16.0,25903.0
2026-07-30T19:01:51.812Z,281.295,281.31,0.0,7.4,0.0,0.0,0.0,0.0,0.0,0.0,0.0,0.0,1.0,0.0,0.0,0.0,9.0,4.0,0.0,0.0,0.0,0.0,0.0,0.0,0.0,0.0,3.0,12.0,1.0,12.15,5.01,2.51,1.49,0.0,0.0,0.0,0.4,0.0,-0.7000000000000001,0.1,0.4,-169.70000000000002,0.0,0.0,169.70000000000002,0.0,21.700000000000003,29.1,29.1,29.700000000000003,300.0,300.0,31.6,35.7,29.1,28.200000000000003,30.1,4.96,1.99,4.97,0.16,0.0,0.0,1027.0,8228.0,0.0,0.0,0.0,0.0,0.0,1.0,0.0,0.0,0.0,0.0,0.0,0.5,0.0,-0.4,0.0,0.0,16.0,25903.0
2026-07-30T19:01:51.824Z,281.307,281.322,0.0,7.4,0.0,0.0,0.0,0.0,0.0,0.0,0.0,0.0,1.0,0.0,0.0,0.0,9.0,4.0,0.0,0.0,0.0,0.0,0.0,0.0,0.0,0.0,4.0,12.0,1.0,12.15,5.01,2.51,1.49,0.0,0.0,0.0,0.4,0.0,-0.1,0.1,-1.2000000000000002,-169.70000000000002,0.0,0.0,169.8,0.0,21.700000000000003,29.1,29.1,29.700000000000003,300.0,300.0,31.6,35.7,29.1,28.200000000000003,30.1,4.95,1.99,4.97,0.16,0.0,0.0,1027.0,8228.0,0.0,0.0,0.0,0.0,0.0,1.0,0.0,0.0,0.0,0.0,0.0,-0.7000000000000001,0.0,1.1,0.0,0.0,16.0,25903.0
2026-07-30T19:01:51.836Z,281.319,281.334,0.0,7.4,0.0,0.0,0.0,0.0,0.0,0.0,0.0,0.0,1.0,0.0,0.0,0.0,9.0,4.0,0.0,0.0,0.0,0.0,0.0,0.0,0.0,0.0,6.0,12.0,1.0,12.15,5.01,2.51,1.49,0.0,0.0,0.0,0.4,0.0,1.5,0.1,1.0,-169.70000000000002,0.0,0.0,169.8,0.0,21.700000000000003,29.1,29.1,29.700000000000003,300.0,300.0,31.6,35.7,29.1,28.200000000000003,30.1,4.95,1.99,4.97,0.16,0.0,0.0,1027.0,8228.0,0.0,0.0,0.0,0.0,0.0,1.0,0.0,0.0,0.0,0.0,0.0,-1.0,0.0,0.5,0.0,0.0,16.0,25903.0
2026-07-30T19:01:51.848Z,281.331,281.346,0.0,7.4,0.0,0.0,0.0,0.0,0.0,0.0,0.0,0.0,1.0,0.0,0.0,0.0,9.0,4.0,0.0,0.0,0.0,0.0,0.0,0.0,0.0,0.0,1.0,12.0,1.0,12.15,5.01,2.51,1.49,0.0,0.0,0.0,0.5,0.0,-0.7000000000000001,0.7000000000000001,0.4,-169.70000000000002,0.0,0.0,169.70000000000002,0.0,21.700000000000003,29.1,29.1,29.700000000000003,300.0,300.0,31.6,35.7,29.1,28.200000000000003,30.1,4.96,1.99,4.97,0.16,0.0,0.0,1027.0,8228.0,0.0,0.0,0.0,0.0,0.0,1.0,0.0,0.0,0.0,0.0,0.0,-1.0,0.0,0.5,0.0,0.0001,16.0,25903.0
2026-07-30T19:01:51.861Z,281.344,281.358,0.0,7.4,0.0,0.0,0.0,0.0,0.0,0.0,0.0,0.0,1.0,0.0,0.0,0.0,9.0,4.0,0.0,0.0,0.0,0.0,0.0,0.0,0.0,0.0,2.0,12.0,1.0,12.15,5.01,2.51,1.49,0.0,0.0,0.0,0.4,0.0,0.3,1.2000000000000002,-0.1,-169.70000000000002,0.0,0.0,169.70000000000002,0.0,21.700000000000003,29.1,29.1,29.700000000000003,300.0,300.0,31.6,35.7,29.1,28.200000000000003,30.1,4.96,1.99,4.97,0.16,0.0,0.0,1027.0,8228.0,0.0,0.0,0.0,0.0,0.0,1.0,0.0,0.0,0.0,0.0,0.0,2.4000000000000004,0.0,-1.8,0.0,0.0001,16.0,25903.0
2026-07-30T19:01:51.872Z,281.355,281.37,0.0,7.4,0.0,0.0,0.0,0.0,0.0,0.0,0.0,0.0,1.0,0.0,0.0,0.0,9.0,4.0,0.0,0.0,0.0,0.0,0.0,0.0,0.0,0.0,4.0,12.0,1.0,12.15,5.01,2.51,1.49,0.0,0.0,0.0,0.4,0.0,0.3,-0.4,-1.2000000000000002,-169.70000000000002,0.0,0.0,169.60000000000002,0.0,21.700000000000003,29.1,29.1,29.700000000000003,300.0,300.0,31.6,35.7,29.1,28.200000000000003,30.1,4.95,1.99,4.97,0.16,0.0,0.0,1027.0,8228.0,0.0,0.0,0.0,0.0,0.0,1.0,0.0,0.0,0.0,0.0,0.0,-1.4,0.0,1.0,0.0,0.0,16.0,25903.0
2026-07-30T19:01:51.884Z,281.367,281.382,0.0,7.4,0.0,0.0,0.0,0.0,0.0,0.0,0.0,0.0,1.0,0.0,0.0,0.0,9.0,4.0,0.0,0.0,0.0,0.0,0.0,0.0,0.0,0.0,5.0,12.0,1.0,12.15,5.01,2.51,1.49,0.0,0.0,0.0,0.4,0.0,0.3,1.2000000000000002,1.6,-169.70000000000002,0.0,0.0,169.8,0.0,21.700000000000003,29.1,29.1,29.700000000000003,300.0,300.0,31.6,35.7,29.1,28.200000000000003,30.1,4.96,1.99,4.96,0.16,0.0,0.0,1027.0,8228.0,0.0,0.0,0.0,0.0,0.0,1.0,0.0,0.0,0.0,0.0,0.0,2.6,0.0,-1.1,0.0,0.0002,16.0,25903.0
2026-07-30T19:01:51.896Z,281.379,281.394,0.0,7.4,0.0,0.0,0.0,0.0,0.0,0.0,0.0,0.0,1.0,0.0,0.0,0.0,9.0,4.0,0.0,0.0,0.0,0.0,0.0,0.0,0.0,0.0,1.0,12.0,1.0,12.15,5.01,2.51,1.49,0.0,0.1,0.0,0.4,0.0,0.3,-0.4,-0.1,-169.70000000000002,0.0,0.0,169.8,0.0,21.700000000000003,29.1,29.1,29.700000000000003,300.0,300.0,31.6,35.7,29.1,28.200000000000003,30.1,4.95,1.99,4.96,0.16,0.0,0.0,1027.0,8228.0,0.0,0.0,0.0,0.0,0.0,1.0,0.0,0.0,0.0,0.0,0.0,-0.5,0.0,0.0,0.0,0.0001,16.0,25903.0
2026-07-30T19:01:51.910Z,281.393,281.406,0.0,7.4,0.0,0.0,0.0,0.0,0.0,0.0,0.0,0.0,1.0,0.0,0.0,0.0,9.0,4.0,0.0,0.0,0.0,0.0,0.0,0.0,0.0,0.0,2.0,12.0,1.0,12.18,5.01,2.5,1.5,0.0,0.0,0.0,0.4,0.0,0.9,1.3,1.6,-169.70000000000002,0.0,0.0,169.8,0.0,21.3,29.1,29.1,29.700000000000003,300.0,300.0,31.700000000000003,35.7,29.0,28.3,30.1,4.95,1.99,4.96,0.16,0.0,0.0,1027.0,8228.0,0.0,0.0,0.0,0.0,0.0,1.0,0.0,0.0,0.0,0.0,0.0,2.7,0.0,-1.1,0.0,0.0001,16.0,25903.0
2026-07-30T19:01:51.920Z,281.403,281.418,0.0,7.4,0.0,0.0,0.0,0.0,0.0,0.0,0.0,0.0,1.0,0.0,0.0,0.0,9.0,4.0,0.0,0.0,0.0,0.0,0.0,0.0,0.0,0.0,3.0,12.0,1.0,12.18,5.01,2.5,1.5,0.0,0.0,0.0,0.5,0.0,-0.8,0.7000000000000001,0.4,-169.70000000000002,0.0,0.0,169.8,0.0,21.3,29.1,29.1,29.700000000000003,300.0,300.0,31.700000000000003,35.7,29.0,28.3,30.1,4.96,1.99,4.96,0.16,0.0,0.0,1027.0,8228.0,0.0,0.0,0.0,0.0,0.0,1.0,0.0,0.0,0.0,0.0,0.0,1.2000000000000002,0.0,-0.2,0.0,0.0,16.0,25903.0
2026-07-30T19:01:51.932Z,281.415,281.43,0.0,7.4,0.0,0.0,0.0,0.0,0.0,0.0,0.0,0.0,1.0,0.0,0.0,0.0,9.0,4.0,0.0,0.0,0.0,0.0,0.0,0.0,0.0,0.0,4.0,12.0,1.0,12.18,5.01,2.5,1.5,0.0,0.0,0.0,0.4,0.0,-0.8,-0.4,1.0,-169.70000000000002,0.0,0.0,169.8,0.0,21.3,29.1,29.1,29.700000000000003,300.0,300.0,31.700000000000003,35.7,29.0,28.3,30.1,4.96,1.99,4.96,0.16,0.0,0.0,1027.0,8228.0,0.0,0.0,0.0,0.0,0.0,1.0,0.0,0.0,0.0,0.0,0.0,0.3,0.0,-1.0,0.0,0.0,16.0,25903.0
2026-07-30T19:01:51.945Z,281.428,281.442,0.0,7.4,0.0,0.0,0.0,0.0,0.0,0.0,0.0,0.0,1.0,0.0,0.0,0.0,9.0,4.0,0.0,0.0,0.0,0.0,0.0,0.0,0.0,0.0,5.0,12.0,1.0,12.18,5.01,2.5,1.5,0.0,0.0,0.0,0.4,0.0,-0.2,-0.9,-0.7000000000000001,-169.70000000000002,0.0,0.0,169.70000000000002,0.0,21.3,29.1,29.1,29.700000000000003,300.0,300.0,31.700000000000003,35.7,29.0,28.3,30.1,4.95,1.99,4.96,0.16,0.0,0.0,1027.0,8228.0,0.0,0.0,0.0,0.0,0.0,1.0,0.0,0.0,0.0,0.0,0.0,-1.6,0.0,0.4,0.0,0.0,16.0,25903.0
2026-07-30T19:01:51.956Z,281.439,281.454,0.0,7.4,0.0,0.0,0.0,0.0,0.0,0.0,0.0,0.0,1.0,0.0,0.0,0.0,9.0,4.0,0.0,0.0,0.0,0.0,0.0,0.0,0.0,0.0,1.0,12.0,1.0,12.18,5.01,2.5,1.5,0.0,0.0,0.0,0.4,0.0,0.9,-0.4,-0.7000000000000001,-169.70000000000002,0.0,0.0,169.8,0.0,21.3,29.1,29.1,29.700000000000003,300.0,300.0,31.700000000000003,35.7,29.0,28.3,30.1,4.95,1.99,4.96,0.16,0.0,0.0,1027.0,8228.0,0.0,0.0,0.0,0.0,0.0,1.0,0.0,0.0,0.0,0.0,0.0,-1.0,0.0,0.5,0.0,0.0001,16.0,25903.0
2026-07-30T19:01:51.969Z,281.452,281.466,0.0,7.4,0.0,0.0,0.0,0.0,0.0,0.0,0.0,0.0,1.0,0.0,0.0,0.0,9.0,4.0,0.0,0.0,0.0,0.0,0.0,0.0,0.0,0.0,2.0,12.0,1.0,12.18,5.01,2.5,1.5,0.0,0.0,0.0,0.4,0.0,-0.8,0.1,-0.7000000000000001,-169.70000000000002,0.0,0.0,169.8,0.0,21.3,29.1,29.1,29.700000000000003,300.0,300.0,31.700000000000003,35.7,29.0,28.3,30.1,4.96,1.99,4.96,0.16,0.0,0.0,1027.0,8228.0,0.0,0.0,0.0,0.0,0.0,1.0,0.0,0.0,0.0,0.0,0.0,-0.3,0.0,0.6000000000000001,0.0,0.0001,16.0,25903.0
2026-07-30T19:01:51.980Z,281.463,281.478,0.0,7.4,0.0,0.0,0.0,0.0,0.0,0.0,0.0,0.0,1.0,0.0,0.0,0.0,9.0,4.0,0.0,0.0,0.0,0.0,0.0,0.0,0.0,0.0,4.0,12.0,1.0,12.18,5.01,2.5,1.5,0.0,0.0,0.0,0.4,0.0,0.3,0.2,0.4,-169.70000000000002,0.0,0.0,169.8,0.0,21.3,29.1,29.1,29.700000000000003,300.0,300.0,31.700000000000003,35.7,29.0,28.3,30.1,4.95,1.99,4.96,0.17,0.0,0.0,1027.0,8228.0,0.0,0.0,0.0,0.0,0.0,1.0,0.0,0.0,0.0,0.0,0.0,0.6000000000000001,0.0,-0.3,0.0,0.0001,16.0,25903.0
2026-07-30T19:01:51.992Z,281.475,281.49,0.0,7.4,0.0,0.0,0.0,0.0,0.0,0.0,0.0,0.0,1.0,0.0,0.0,0.0,9.0,4.0,0.0,0.0,0.0,0.0,0.0,0.0,0.0,0.0,5.0,12.0,1.0,12.18,5.01,2.5,1.5,0.0,0.0,0.0,0.4,0.0,-0.2,0.8,1.1,-169.70000000000002,0.0,0.0,169.70000000000002,0.0,21.3,29.1,29.1,29.700000000000003,300.0,300.0,31.700000000000003,35.7,29.0,28.3,30.1,4.96,1.99,4.97,0.17,0.0,0.0,1027.0,8228.0,0.0,0.0,0.0,0.0,0.0,1.0,0.0,0.0,0.0,0.0,0.0,1.7000000000000002,0.0,-0.8,0.0,0.0001,16.0,25903.0
2026-07-30T19:01:52.004Z,281.487,281.502,0.0,7.4,0.0,0.0,0.0,0.0,0.0,0.0,0.0,0.0,1.0,0.0,0.0,0.0,9.0,4.0,0.0,0.0,0.0,0.0,0.0,0.0,0.0,0.0,6.0,12.0,1.0,12.18,5.01,2.5,1.5,0.0,0.0,0.0,0.4,0.0,-0.2,0.8,0.5,-169.70000000000002,0.0,0.0,169.8,0.0,21.3,29.1,29.1,29.700000000000003,300.0,300.0,31.700000000000003,35.7,29.0,28.3,30.1,4.96,1.99,4.96,0.16,0.0,0.0,1027.0,8228.0,0.0,0.0,0.0,0.0,0.0,1.0,0.0,0.0,0.0,0.0,0.0,1.3,0.0,-0.2,0.0,0.0001,16.0,25903.0
2026-07-30T19:01:52.018Z,281.501,281.514,0.0,7.4,0.0,0.0,0.0,0.0,0.0,0.0,0.0,0.0,1.0,0.0,0.0,0.0,9.0,4.0,0.0,0.0,0.0,0.0,0.0,0.0,0.0,0.0,1.0,12.0,1.0,12.19,5.01,2.51,1.49,0.0,0.1,0.0,0.4,0.0,-0.2,1.3,0.0,-169.70000000000002,0.0,0.0,169.8,0.0,21.700000000000003,29.1,29.1,29.700000000000003,300.0,300.0,31.5,35.7,29.0,28.3,30.1,4.96,1.99,4.96,0.16,0.0,0.0,1027.0,8228.0,0.0,0.0,0.0,0.0,0.0,1.0,0.0,0.0,0.0,0.0,0.0,1.4,0.0,0.3,0.0,0.0,16.0,25903.0
2026-07-30T19:01:52.028Z,281.511,281.526,0.0,7.4,0.0,0.0,0.0,0.0,0.0,0.0,0.0,0.0,1.0,0.0,0.0,0.0,9.0,4.0,0.0,0.0,0.0,0.0,0.0,0.0,0.0,0.0,1.0,12.0,1.0,12.19,5.01,2.51,1.49,0.0,0.0,0.0,0.4,0.0,0.3,-0.4,0.0,-169.70000000000002,0.0,0.0,169.8,0.0,21.700000000000003,29.1,29.1,29.700000000000003,300.0,300.0,31.5,35.7,29.0,28.3,30.1,4.95,1.99,4.97,0.16,0.0,0.0,1027.0,8228.0,0.0,0.0,0.0,0.0,0.0,1.0,0.0,0.0,0.0,0.0,0.0,-0.5,0.0,0.0,0.0,0.0002,16.0,25903.0
2026-07-30T19:01:52.040Z,281.523,281.538,0.0,7.4,0.0,0.0,0.0,0.0,0.0,0.0,0.0,0.0,1.0,0.0,0.0,0.0,9.0,4.0,0.0,0.0,0.0,0.0,0.0,0.0,0.0,0.0,3.0,12.0,1.0,12.19,5.01,2.51,1.49,0.0,0.0,0.0,0.4,0.0,0.2,-0.4,0.0,-169.70000000000002,0.0,0.0,169.8,0.0,21.700000000000003,29.1,29.1,29.700000000000003,300.0,300.0,31.5,35.7,29.0,28.3,30.1,4.96,1.99,4.96,0.16,0.0,0.0,1027.0,8228.0,0.0,0.0,0.0,0.0,0.0,1.0,0.0,0.0,0.0,0.0,0.0,-0.5,0.0,0.0,0.0,0.0,16.0,25903.0
2026-07-30T19:01:52.052Z,281.535,281.55,0.0,7.4,0.0,0.0,0.0,0.0,0.0,0.0,0.0,0.0,1.0,0.0,0.0,0.0,9.0,4.0,0.0,0.0,0.0,0.0,0.0,0.0,0.0,0.0,4.0,12.0,1.0,12.19,5.01,2.51,1.49,0.0,0.0,0.0,0.4,0.0,-0.2,-0.4,1.0,-169.70000000000002,0.0,0.0,169.70000000000002,0.0,21.700000000000003,29.1,29.1,29.700000000000003,300.0,300.0,31.5,35.7,29.0,28.3,30.1,4.96,1.99,4.96,0.16,0.0,0.0,1027.0,8228.0,0.0,0.0,0.0,0.0,0.0,1.0,0.0,0.0,0.0,0.0,0.0,0.2,0.0,-1.0,0.0,0.0,16.0,25903.0
2026-07-30T19:01:52.064Z,281.547,281.562,0.0,7.4,0.0,0.0,0.0,0.0,0.0,0.0,0.0,0.0,1.0,0.0,0.0,0.0,9.0,4.0,0.0,0.0,0.0,0.0,0.0,0.0,0.0,0.0,5.0,12.0,1.0,12.19,5.01,2.51,1.49,0.0,0.0,0.0,0.5,0.0,-0.9,-1.1,-0.7000000000000001,-169.70000000000002,0.0,0.0,169.60000000000002,0.0,21.700000000000003,29.1,29.1,29.700000000000003,300.0,300.0,31.5,35.7,29.0,28.3,30.1,4.95,1.99,4.96,0.16,0.0,0.0,1027.0,8228.0,0.0,0.0,0.0,0.0,0.0,1.0,0.0,0.0,0.0,0.0,0.0,-1.8,0.0,0.4,0.0,0.0002,16.0,25903.0
2026-07-30T19:01:52.077Z,281.56,281.574,0.0,7.4,0.0,0.0,0.0,0.0,0.0,0.0,0.0,0.0,1.0,0.0,0.0,0.0,9.0,4.0,0.0,0.0,0.0,0.0,0.0,0.0,0.0,0.0,6.0,12.0,1.0,12.19,5.01,2.51,1.49,0.0,0.0,0.0,0.4,0.0,-0.3,-0.5,-0.2,-169.70000000000002,0.0,0.0,169.70000000000002,0.0,21.700000000000003,29.1,29.1,29.700000000000003,300.0,300.0,31.5,35.7,29.0,28.3,30.1,4.95,1.99,4.97,0.16,0.0,0.0,1027.0,8228.0,0.0,0.0,0.0,0.0,0.0,1.0,0.0,0.0,0.0,0.0,0.0,-0.8,0.0,0.1,0.0,0.0001,16.0,25903.0
2026-07-30T19:01:52.088Z,281.571,281.586,0.0,7.4,0.0,0.0,0.0,0.0,0.0,0.0,0.0,0.0,1.0,0.0,0.0,0.0,9.0,4.0,0.0,0.0,0.0,0.0,0.0,0.0,0.0,0.0,1.0,12.0,1.0,12.19,5.01,2.51,1.49,0.0,0.0,0.0,0.4,0.0,-0.3,-1.1,0.2,-169.70000000000002,0.0,0.0,169.70000000000002,0.0,21.700000000000003,29.1,29.1,29.700000000000003,300.0,300.0,31.5,35.7,29.0,28.3,30.1,4.96,2.0,4.96,0.16,0.0,0.0,1027.0,8228.0,0.0,0.0,0.0,0.0,0.0,1.0,0.0,0.0,0.0,0.0,0.0,-1.1,0.0,-0.4,0.0,0.0001,16.0,25903.0
2026-07-30T19:01:52.100Z,281.583,281.598,0.0,7.4,0.0,0.0,0.0,0.0,0.0,0.0,0.0,0.0,1.0,0.0,0.0,0.0,9.0,4.0,0.0,0.0,0.0,0.0,0.0,0.0,0.0,0.0,2.0,12.0,1.0,12.19,5.01,2.51,1.49,0.0,0.0,0.0,0.4,0.0,0.2,-0.5,-0.9,-169.70000000000002,0.0,0.0,169.8,0.0,21.700000000000003,29.1,29.1,29.700000000000003,300.0,300.0,31.5,35.7,29.0,28.3,30.1,4.96,1.99,4.97,0.16,0.0,0.0,1027.0,8228.0,0.0,0.0,0.0,0.0,0.0,1.0,0.0,0.0,0.0,0.0,0.0,-1.3,0.0,0.7000000000000001,0.0,0.0,16.0,25903.0
2026-07-30T19:01:52.113Z,281.596,281.61,0.0,7.4,0.0,0.0,0.0,0.0,0.0,0.0,0.0,0.0,1.0,0.0,0.0,0.0,9.0,4.0,0.0,0.0,0.0,0.0,0.0,0.0,0.0,0.0,3.0,12.0,1.0,12.18,5.01,2.5,1.49,0.0,0.0,0.0,0.5,0.0,0.8,0.0,-1.5,-169.70000000000002,0.0,0.0,169.8,0.0,21.8,29.1,29.1,29.700000000000003,300.0,300.0,31.700000000000003,35.7,29.1,28.3,30.200000000000003,4.95,2.0,4.97,0.16,0.0,0.0,1027.0,8228.0,0.0,0.0,0.0,0.0,0.0,1.0,0.0,0.0,0.0,0.0,0.0,-1.1,0.0,1.3,0.0,0.0,16.0,25903.0
2026-07-30T19:01:52.124Z,281.607,281.622,0.0,7.4,0.0,0.0,0.0,0.0,0.0,0.0,0.0,0.0,1.0,0.0,0.0,0.0,9.0,4.0,0.0,0.0,0.0,0.0,0.0,0.0,0.0,0.0,4.0,12.0,1.0,12.18,5.01,2.5,1.49,0.0,0.0,0.0,0.5,0.0,0.2,-0.6000000000000001,-0.3,-169.70000000000002,0.0,0.0,169.8,0.0,21.8,29.1,29.1,29.700000000000003,300.0,300.0,31.700000000000003,35.7,29.1,28.3,30.200000000000003,4.96,2.0,4.96,0.16,0.0,0.0,1027.0,8228.0,0.0,0.0,0.0,0.0,0.0,1.0,0.0,0.0,0.0,0.0,0.0,-0.9,0.0,0.2,0.0,0.0001,16.0,25903.0
2026-07-30T19:01:52.137Z,281.62,281.634,0.0,7.4,0.0,0.0,0.0,0.0,0.0,0.0,0.0,0.0,1.0,0.0,0.0,0.0,9.0,4.0,0.0,0.0,0.0,0.0,0.0,0.0,0.0,0.0,5.0,12.0,1.0,12.18,5.01,2.5,1.49,0.0,0.0,0.0,0.4,0.0,0.2,-0.5,0.8,-169.70000000000002,0.0,0.0,169.60000000000002,0.0,21.8,29.1,29.1,29.700000000000003,300.0,300.0,31.700000000000003,35.7,29.1,28.3,30.200000000000003,4.95,2.0,4.96,0.16,0.0,0.0,1027.0,8228.0,0.0,0.0,0.0,0.0,0.0,1.0,0.0,0.0,0.0,0.0,0.0,0.0,0.0,-0.8,0.0,0.0,16.0,25903.0
2026-07-30T19:01:52.148Z,281.631,281.646,0.0,7.4,0.0,0.0,0.0,0.0,0.0,0.0,0.0,0.0,1.0,0.0,0.0,0.0,9.0,4.0,0.0,0.0,0.0,0.0,0.0,0.0,0.0,0.0,1.0,12.0,1.0,12.18,5.01,2.5,1.49,0.0,0.0,0.0,0.4,0.0,0.2,0.0,0.3,-169.70000000000002,0.0,0.0,169.8,0.0,21.8,29.1,29.1,29.700000000000003,300.0,300.0,31.700000000000003,35.7,29.1,28.3,30.200000000000003,4.95,1.99,4.97,0.16,0.0,0.0,1027.0,8228.0,0.0,0.0,0.0,0.0,0.0,1.0,0.0,0.0,0.0,0.0,0.0,0.2,0.0,-0.2,0.0,0.0003,16.0,25903.0
2026-07-30T19:01:52.160Z,281.643,281.658,0.0,7.4,0.0,0.0,0.0,0.0,0.0,0.0,0.0,0.0,1.0,0.0,0.0,0.0,9.0,4.0,0.0,0.0,0.0,0.0,0.0,0.0,0.0,0.0,2.0,12.0,1.0,12.18,5.01,2.5,1.49,0.0,0.1,0.0,0.4,0.0,0.2,0.5,0.9,-169.70000000000002,0.0,0.0,169.8,0.0,21.8,29.1,29.1,29.700000000000003,300.0,300.0,31.700000000000003,35.7,29.1,28.3,30.200000000000003,4.95,2.0,4.97,0.16,0.0,0.0,1027.0,8228.0,0.0,0.0,0.0,0.0,0.0,1.0,0.0,0.0,0.0,0.0,0.0,1.3,0.0,-0.6000000000000001,0.0,0.0001,16.0,25903.0
2026-07-30T19:01:52.172Z,281.655,281.67,0.0,7.4,0.0,0.0,0.0,0.0,0.0,0.0,0.0,0.0,1.0,0.0,0.0,0.0,9.0,4.0,0.0,0.0,0.0,0.0,0.0,0.0,0.0,0.0,3.0,12.0,1.0,12.18,5.01,2.5,1.49,0.0,0.0,0.0,0.4,0.0,1.4,0.0,-0.2,-169.70000000000002,0.0,0.0,169.8,0.0,21.8,29.1,29.1,29.700000000000003,300.0,300.0,31.700000000000003,35.7,29.1,28.3,30.200000000000003,4.96,2.0,4.97,0.16,0.0,0.0,1027.0,8228.0,0.0,0.0,0.0,0.0,0.0,1.0,0.0,0.0,0.0,0.0,0.0,-0.1,0.0,0.2,0.0,0.0001,16.0,25903.0
2026-07-30T19:01:52.184Z,281.667,281.682,0.0,7.4,0.0,0.0,0.0,0.0,0.0,0.0,0.0,0.0,1.0,0.0,0.0,0.0,9.0,4.0,0.0,0.0,0.0,0.0,0.0,0.0,0.0,0.0,4.0,12.0,1.0,12.18,5.01,2.5,1.49,0.0,0.0,0.0,0.4,0.0,0.3,-1.1,-0.2,-169.70000000000002,0.0,0.0,169.8,0.0,21.8,29.1,29.1,29.700000000000003,300.0,300.0,31.700000000000003,35.7,29.1,28.3,30.200000000000003,4.95,1.99,4.97,0.16,0.0,0.0,1027.0,8228.0,0.0,0.0,0.0,0.0,0.0,1.0,0.0,0.0,0.0,0.0,0.0,-1.4,0.0,0.0,0.0,0.0,16.0,25903.0
2026-07-30T19:01:52.196Z,281.679,281.694,0.0,7.4,0.0,0.0,0.0,0.0,0.0,0.0,0.0,0.0,1.0,0.0,0.0,0.0,9.0,4.0,0.0,0.0,0.0,0.0,0.0,0.0,0.0,0.0,4.0,12.0,1.0,12.18,5.01,2.5,1.49,0.0,0.0,0.0,0.4,0.0,0.3,0.0,-1.4,-169.70000000000002,0.0,0.0,169.8,0.0,21.8,29.1,29.1,29.700000000000003,300.0,300.0,31.700000000000003,35.7,29.1,28.3,30.200000000000003,4.95,1.99,4.96,0.16,0.0,0.0,1027.0,8228.0,0.0,0.0,0.0,0.0,0.0,1.0,0.0,0.0,0.0,0.0,0.0,-1.0,0.0,1.2000000000000002,0.0,0.0,16.0,25903.0
2026-07-30T19:01:52.208Z,281.691,281.706,0.0,7.4,0.0,0.0,0.0,0.0,0.0,0.0,0.0,0.0,1.0,0.0,0.0,0.0,9.0,4.0,0.0,0.0,0.0,0.0,0.0,0.0,0.0,0.0,5.0,12.0,1.0,12.18,5.01,2.5,1.49,0.0,0.0,0.0,0.4,0.0,0.2,0.6000000000000001,-0.8,-169.70000000000002,0.0,0.0,169.8,0.0,21.8,29.1,29.1,29.700000000000003,300.0,300.0,31.700000000000003,35.7,29.1,28.3,30.200000000000003,4.96,2.0,4.96,0.16,0.0,0.0,1027.0,8228.0,0.0,0.0,0.0,0.0,0.0,1.0,0.0,0.0,0.0,0.0,0.0,0.1,0.0,0.8,0.0,0.0,16.0,25903.0
2026-07-30T19:01:52.220Z,281.703,281.718,0.0,7.4,0.0,0.0,0.0,0.0,0.0,0.0,0.0,0.0,1.0,0.0,0.0,0.0,9.0,4.0,0.0,0.0,0.0,0.0,0.0,0.0,0.0,0.0,6.0,12.0,1.0,12.18,5.01,2.51,1.49,0.0,0.0,0.0,0.4,0.0,-0.3,0.5,0.9,-169.70000000000002,0.0,0.0,169.8,0.0,21.8,29.1,29.1,29.700000000000003,300.0,300.0,31.8,35.800000000000004,29.1,28.3,30.1,4.95,2.0,4.96,0.16,0.0,0.0,1027.0,8228.0,0.0,0.0,0.0,0.0,0.0,1.0,0.0,0.0,0.0,0.0,0.0,1.3,0.0,-0.6000000000000001,0.0,0.0,16.0,25903.0
2026-07-30T19:01:52.232Z,281.715,281.73,0.0,7.4,0.0,0.0,0.0,0.0,0.0,0.0,0.0,0.0,1.0,0.0,0.0,0.0,9.0,4.0,0.0,0.0,0.0,0.0,0.0,0.0,0.0,0.0,2.0,12.0,1.0,12.18,5.01,2.51,1.49,0.0,0.0,0.0,0.4,0.0,0.2,0.0,-0.8,-169.70000000000002,0.0,0.0,169.8,0.0,21.8,29.1,29.1,29.700000000000003,300.0,300.0,31.8,35.800000000000004,29.1,28.3,30.1,4.96,1.99,4.97,0.16,0.0,0.0,1027.0,8228.0,0.0,0.0,0.0,0.0,0.0,1.0,0.0,0.0,0.0,0.0,0.0,-0.6000000000000001,0.0,0.7000000000000001,0.0,0.0001,16.0,25903.0
2026-07-30T19:01:52.245Z,281.728,281.742,0.0,7.4,0.0,0.0,0.0,0.0,0.0,0.0,0.0,0.0,1.0,0.0,0.0,0.0,9.0,4.0,0.0,0.0,0.0,0.0,0.0,0.0,0.0,0.0,3.0,12.0,1.0,12.18,5.01,2.51,1.49,0.0,0.0,0.0,0.4,0.0,-0.3,2.3000000000000003,0.3,-169.70000000000002,0.0,0.0,169.70000000000002,0.0,21.8,29.1,29.1,29.700000000000003,300.0,300.0,31.8,35.800000000000004,29.1,28.3,30.1,4.96,2.0,4.96,0.16,0.0,0.0,1027.0,8228.0,0.0,0.0,0.0,0.0,0.0,1.0,0.0,0.0,0.0,0.0,0.0,2.8000000000000003,0.0,0.1,0.0,0.0,16.0,25903.0
2026-07-30T19:01:52.257Z,281.74,281.754,0.0,7.4,0.0,0.0,0.0,0.0,0.0,0.0,0.0,0.0,1.0,0.0,0.0,0.0,9.0,4.0,0.0,0.0,0.0,0.0,0.0,0.0,0.0,0.0,3.0,12.0,1.0,12.18,5.01,2.51,1.49,0.0,0.0,0.0,0.4,0.0,0.8,0.5,-0.8,-169.70000000000002,0.0,0.0,169.70000000000002,0.0,21.8,29.1,29.1,29.700000000000003,300.0,300.0,31.8,35.800000000000004,29.1,28.3,30.1,4.96,1.99,4.96,0.16,0.0,0.0,1027.0,8228.0,0.0,0.0,0.0,0.0,0.0,1.0,0.0,0.0,0.0,0.0,0.0,0.0,0.0,0.8,0.0,0.0001,16.0,25903.0
2026-07-30T19:01:52.268Z,281.751,281.766,0.0,7.4,0.0,0.0,0.0,0.0,0.0,0.0,0.0,0.0,1.0,0.0,0.0,0.0,9.0,4.0,0.0,0.0,0.0,0.0,0.0,0.0,0.0,0.0,4.0,12.0,1.0,12.18,5.01,2.51,1.49,0.0,0.0,0.0,0.5,0.0,0.2,0.0,-0.2,-169.70000000000002,0.0,0.0,169.60000000000002,0.0,21.8,29.1,29.1,29.700000000000003,300.0,300.0,31.8,35.800000000000004,29.1,28.3,30.1,4.95,1.99,4.97,0.16,0.0,0.0,1027.0,8228.0,0.0,0.0,0.0,0.0,0.0,1.0,0.0,0.0,0.0,0.0,0.0,-0.2,0.0,0.2,0.0,0.0001,16.0,25903.0
2026-07-30T19:01:52.280Z,281.763,281.778,0.0,7.4,0.0,0.0,0.0,0.0,0.0,0.0,0.0,0.0,1.0,0.0,0.0,0.0,9.0,4.0,0.0,0.0,0.0,0.0,0.0,0.0,0.0,0.0,6.0,12.0,1.0,12.18,5.01,2.51,1.49,0.0,0.0,0.0,0.4,0.0,-0.3,-0.6000000000000001,-0.3,-169.70000000000002,0.0,0.0,169.8,0.0,21.8,29.1,29.1,29.700000000000003,300.0,300.0,31.8,35.800000000000004,29.1,28.3,30.1,4.96,1.99,4.97,0.16,0.0,0.0,1027.0,8228.0,0.0,0.0,0.0,0.0,0.0,1.0,0.0,0.0,0.0,0.0,0.0,-0.9,0.0,0.1,0.0,0.0002,16.0,25903.0
2026-07-30T19:01:52.292Z,281.775,281.79,0.0,7.4,0.0,0.0,0.0,0.0,0.0,0.0,0.0,0.0,1.0,0.0,0.0,0.0,9.0,4.0,0.0,0.0,0.0,0.0,0.0,0.0,0.0,0.0,6.0,12.0,1.0,12.18,5.01,2.51,1.49,0.0,0.0,0.0,0.4,0.0,0.2,0.5,-0.8,-169.70000000000002,0.0,0.0,169.70000000000002,0.0,21.8,29.1,29.1,29.700000000000003,300.0,300.0,31.8,35.800000000000004,29.1,28.3,30.1,4.96,2.0,4.96,0.16,0.0,0.0,1027.0,8228.0,0.0,0.0,0.0,0.0,0.0,1.0,0.0,0.0,0.0,0.0,0.0,0.0,0.0,0.8,0.0,0.0002,16.0,25903.0
2026-07-30T19:01:52.304Z,281.787,281.802,0.0,7.4,0.0,0.0,0.0,0.0,0.0,0.0,0.0,0.0,1.0,0.0,0.0,0.0,9.0,4.0,0.0,0.0,0.0,0.0,0.0,0.0,0.0,0.0,2.0,12.0,1.0,12.18,5.01,2.51,1.49,0.0,0.0,0.0,0.4,0.0,0.2,0.0,0.2,-169.70000000000002,0.0,0.0,169.8,0.0,21.8,29.1,29.1,29.700000000000003,300.0,300.0,31.8,35.800000000000004,29.1,28.3,30.1,4.96,1.99,4.96,0.16,0.0,0.0,1027.0,8228.0,0.0,0.0,0.0,0.0,0.0,1.0,0.0,0.0,0.0,0.0,0.0,1.4,0.0,0.0,0.0,0.0001,16.0,25903.0
2026-07-30T19:01:52.317Z,281.8,281.814,0.0,7.4,0.0,0.0,0.0,0.0,0.0,0.0,0.0,0.0,1.0,0.0,0.0,0.0,9.0,4.0,0.0,0.0,0.0,0.0,0.0,0.0,0.0,0.0,3.0,12.0,1.0,12.17,5.01,2.5,1.49,0.0,0.1,0.0,0.4,0.0,-0.3,-1.2000000000000002,-1.5,-169.70000000000002,0.0,0.0,169.8,0.0,21.4,29.1,29.1,29.700000000000003,300.0,300.0,31.6,35.800000000000004,29.1,28.3,30.1,4.95,1.99,4.97,0.16,0.0,0.0,1027.0,8228.0,0.0,0.0,0.0,0.0,0.0,1.0,0.0,0.0,0.0,0.0,0.0,-2.5,0.0,1.1,0.0,0.0001,16.0,25903.0
2026-07-30T19:01:52.329Z,281.812,281.826,0.0,7.4,0.0,0.0,0.0,0.0,0.0,0.0,0.0,0.0,1.0,0.0,0.0,0.0,9.0,4.0,0.0,0.0,0.0,0.0,0.0,0.0,0.0,0.0,4.0,12.0,1.0,12.17,5.01,2.5,1.49,0.0,0.0,0.0,0.4,0.0,-0.3,-1.2000000000000002,-1.5,-169.70000000000002,0.0,0.0,169.8,0.0,21.4,29.1,29.1,29.700000000000003,300.0,300.0,31.6,35.800000000000004,29.1,28.3,30.1,4.96,1.99,4.96,0.16,0.0,0.0,1027.0,8228.0,0.0,0.0,0.0,0.0,0.0,1.0,0.0,0.0,0.0,0.0,0.0,-2.5,0.0,1.1,0.0,0.0001,16.0,25903.0
2026-07-30T19:01:52.340Z,281.823,281.838,0.0,7.4,0.0,0.0,0.0,0.0,0.0,0.0,0.0,0.0,1.0,0.0,0.0,0.0,9.0,4.0,0.0,0.0,0.0,0.0,0.0,0.0,0.0,0.0,5.0,12.0,1.0,12.17,5.01,2.5,1.49,0.0,0.0,0.0,0.4,0.0,0.7000000000000001,0.4,-0.3,-169.70000000000002,0.0,0.0,169.8,0.0,21.4,29.1,29.1,29.700000000000003,300.0,300.0,31.6,35.800000000000004,29.1,28.3,30.1,4.96,1.99,4.96,0.16,0.0,0.0,1027.0,8228.0,0.0,0.0,0.0,0.0,0.0,1.0,0.0,0.0,0.0,0.0,0.0,0.2,0.0,0.4,0.0,0.0001,16.0,25903.0
2026-07-30T19:01:52.352Z,281.835,281.85,0.0,7.4,0.0,0.0,0.0,0.0,0.0,0.0,0.0,0.0,1.0,0.0,0.0,0.0,9.0,4.0,0.0,0.0,0.0,0.0,0.0,0.0,0.0,0.0,1.0,12.0,1.0,12.17,5.01,2.5,1.49,0.0,0.0,0.0,0.4,0.0,-0.4,-0.1,-0.3,-169.70000000000002,0.0,0.0,169.70000000000002,0.0,21.4,29.1,29.1,29.700000000000003,300.0,300.0,31.6,35.800000000000004,29.1,28.3,30.1,4.95,2.0,4.96,0.16,0.0,0.0,1027.0,8228.0,0.0,0.0,0.0,0.0,0.0,1.0,0.0,0.0,0.0,0.0,0.0,-0.4,0.0,0.2,0.0,0.0,16.0,25903.0
2026-07-30T19:01:52.364Z,281.847,281.862,0.0,7.4,0.0,0.0,0.0,0.0,0.0,0.0,0.0,0.0,1.0,0.0,0.0,0.0,9.0,4.0,0.0,0.0,0.0,0.0,0.0,0.0,0.0,0.0,2.0,12.0,1.0,12.17,5.01,2.5,1.49,0.0,0.0,0.0,0.5,0.0,-0.4,-1.3,-0.3,-169.70000000000002,0.0,0.0,169.60000000000002,0.0,21.4,29.1,29.1,29.700000000000003,300.0,300.0,31.6,35.800000000000004,29.1,28.3,30.1,4.95,2.0,4.96,0.16,0.0,0.0,1027.0,8228.0,0.0,0.0,0.0,0.0,0.0,1.0,0.0,0.0,0.0,0.0,0.0,-0.6000000000000001,0.0,-0.3,0.0,0.0001,16.0,25903.0
2026-07-30T19:01:52.377Z,281.86,281.874,0.0,7.4,0.0,0.0,0.0,0.0,0.0,0.0,0.0,0.0,1.0,0.0,0.0,0.0,9.0,4.0,0.0,0.0,0.0,0.0,0.0,0.0,0.0,0.0,3.0,12.0,1.0,12.17,5.01,2.5,1.49,0.0,0.0,0.0,0.4,0.0,-0.3,-0.7000000000000001,-0.3,-169.70000000000002,0.0,0.0,169.70000000000002,0.0,21.4,29.1,29.1,29.700000000000003,300.0,300.0,31.6,35.800000000000004,29.1,28.3,30.1,4.95,1.99,4.97,0.16,0.0,0.0,1027.0,8228.0,0.0,0.0,0.0,0.0,0.0,1.0,0.0,0.0,0.0,0.0,0.0,-1.3,0.0,-0.4,0.0,0.0001,16.0,25903.0
2026-07-30T19:01:52.389Z,281.872,281.886,0.0,7.4,0.0,0.0,0.0,0.0,0.0,0.0,0.0,0.0,1.0,0.0,0.0,0.0,9.0,4.0,0.0,0.0,0.0,0.0,0.0,0.0,0.0,0.0,5.0,12.0,1.0,12.17,5.01,2.5,1.49,0.0,0.0,0.0,0.4,0.0,-0.4,0.4,-0.9,-169.70000000000002,0.0,0.0,169.8,0.0,21.4,29.1,29.1,29.700000000000003,300.0,300.0,31.6,35.800000000000004,29.1,28.3,30.1,4.95,1.99,4.97,0.16,0.0,0.0,1027.0,8228.0,0.0,0.0,0.0,0.0,0.0,1.0,0.0,0.0,0.0,0.0,0.0,-0.2,0.0,0.9,0.0,0.0,16.0,25903.0
2026-07-30T19:01:52.400Z,281.883,281.898,0.0,7.4,0.0,0.0,0.0,0.0,0.0,0.0,0.0,0.0,1.0,0.0,0.0,0.0,9.0,4.0,0.0,0.0,0.0,0.0,0.0,0.0,0.0,0.0,6.0,12.0,1.0,12.17,5.01,2.5,1.49,0.0,0.0,0.0,0.4,0.0,-0.9,-0.1,-0.3,-169.70000000000002,0.0,0.0,169.70000000000002,0.0,21.4,29.1,29.1,29.700000000000003,300.0,300.0,31.6,35.800000000000004,29.1,28.3,30.1,4.95,1.99,4.97,0.16,0.0,0.0,1027.0,8228.0,0.0,0.0,0.0,0.0,0.0,1.0,0.0,0.0,0.0,0.0,0.0,-0.4,0.0,0.3,0.0,0.0001,16.0,25903.0
2026-07-30T19:01:52.412Z,281.895,281.91,0.0,7.4,0.0,0.0,0.0,0.0,0.0,0.0,0.0,0.0,1.0,0.0,0.0,0.0,9.0,4.0,0.0,0.0,0.0,0.0,0.0,0.0,0.0,0.0,1.0,12.0,1.0,12.17,5.01,2.5,1.49,0.0,0.0,0.0,0.4,0.0,0.2,1.0,0.7000000000000001,-169.70000000000002,0.0,0.0,169.70000000000002,0.0,21.4,29.1,29.1,29.700000000000003,300.0,300.0,31.6,35.800000000000004,29.1,28.3,30.1,4.95,1.99,4.97,0.16,0.0,0.0,1027.0,8228.0,0.0,0.0,0.0,0.0,0.0,1.0,0.0,0.0,0.0,0.0,0.0,1.7000000000000002,0.0,-0.4,0.0,0.0001,16.0,25903.0
2026-07-30T19:01:52.424Z,281.907,281.922,0.0,7.4,0.0,0.0,0.0,0.0,0.0,0.0,0.0,0.0,1.0,0.0,0.0,0.0,9.0,4.0,0.0,0.0,0.0,0.0,0.0,0.0,0.0,0.0,2.0,12.0,1.0,12.18,5.01,2.51,1.49,0.0,0.0,0.0,0.4,0.0,-0.3,-1.2000000000000002,-0.9,-169.70000000000002,0.0,0.0,169.70000000000002,0.0,21.700000000000003,29.1,29.1,29.700000000000003,300.0,300.0,31.700000000000003,35.7,29.1,28.200000000000003,30.1,4.95,1.99,4.97,0.16,0.0,0.0,1027.0,8228.0,0.0,0.0,0.0,0.0,0.0,1.0,0.0,0.0,0.0,0.0,0.0,-2.1,0.0,0.5,0.0,0.0,16.0,25903.0
2026-07-30T19:01:52.436Z,281.919,281.934,0.0,7.4,0.0,0.0,0.0,0.0,0.0,0.0,0.0,0.0,1.0,0.0,0.0,0.0,9.0,4.0,0.0,0.0,0.0,0.0,0.0,0.0,0.0,0.0,2.0,12.0,1.0,12.18,5.01,2.51,1.49,0.0,0.0,0.0,0.4,0.0,0.8,0.4,1.3,-169.70000000000002,0.0,0.0,169.70000000000002,0.0,21.700000000000003,29.1,29.1,29.700000000000003,300.0,300.0,31.700000000000003,35.7,29.1,28.200000000000003,30.1,4.95,2.0,4.96,0.17,0.0,0.0,1027.0,8228.0,0.0,0.0,0.0,0.0,0.0,1.0,0.0,0.0,0.0,0.0,0.0,1.5,0.0,-1.1,0.0,0.0,16.0,25903.0
2026-07-30T19:01:52.448Z,281.931,281.946,0.0,7.4,0.0,0.0,0.0,0.0,0.0,0.0,0.0,0.0,1.0,0.0,0.0,0.0,9.0,4.0,0.0,0.0,0.0,0.0,0.0,0.0,0.0,0.0,4.0,12.0,1.0,12.18,5.01,2.51,1.49,0.0,0.0,0.0,0.4,0.0,-0.3,0.0,0.8,-169.70000000000002,0.0,0.0,169.70000000000002,0.0,21.700000000000003,29.1,29.1,29.700000000000003,300.0,300.0,31.700000000000003,35.7,29.1,28.200000000000003,30.1,4.96,2.0,4.96,0.16,0.0,0.0,1027.0,8228.0,0.0,0.0,0.0,0.0,0.0,1.0,0.0,0.0,0.0,0.0,0.0,0.5,0.0,-0.7000000000000001,0.0,0.0,16.0,25903.0
2026-07-30T19:01:52.460Z,281.943,281.958,0.0,7.4,0.0,0.0,0.0,0.0,0.0,0.0,0.0,0.0,1.0,0.0,0.0,0.0,9.0,4.0,0.0,0.0,0.0,0.0,0.0,0.0,0.0,0.0,5.0,12.0,1.0,12.18,5.01,2.51,1.49,0.0,0.0,0.0,0.4,0.0,0.2,-1.2000000000000002,-0.9,-169.70000000000002,0.0,0.0,169.70000000000002,0.0,21.700000000000003,29.1,29.1,29.700000000000003,300.0,300.0,31.700000000000003,35.7,29.1,28.200000000000003,30.1,4.95,2.0,4.97,0.16,0.0,0.0,1027.0,8228.0,0.0,0.0,0.0,0.0,0.0,1.0,0.0,0.0,0.0,0.0,0.0,-2.1,0.0,0.6000000000000001,0.0,0.0001,16.0,25903.0
2026-07-30T19:01:52.472Z,281.955,281.97,0.1,7.4,0.0,0.0,0.0,0.0,0.0,0.0,0.0,0.0,1.0,0.0,0.0,0.0,9.0,4.0,0.0,0.0,0.0,0.0,0.0,0.0,0.0,0.0,6.0,12.0,1.0,12.18,5.01,2.51,1.49,0.0,0.0,0.0,0.4,0.0,0.2,0.0,-0.3,-169.70000000000002,0.0,0.0,169.8,0.0,21.700000000000003,29.1,29.1,29.700000000000003,300.0,300.0,31.700000000000003,35.7,29.1,28.200000000000003,30.1,4.96,1.99,4.97,0.16,0.0,0.0,1027.0,8228.0,0.0,0.0,0.0,0.0,0.0,1.0,0.0,0.0,0.0,0.0,0.0,-0.2,0.0,0.2,0.0,0.0001,16.0,25903.0
2026-07-30T19:01:52.484Z,281.967,281.982,0.1,7.4,0.0,0.0,0.0,0.0,0.0,0.0,0.0,0.0,1.0,0.0,0.0,0.0,9.0,4.0,0.0,0.0,0.0,0.0,0.0,0.0,0.0,0.0,1.0,12.0,1.0,12.18,5.01,2.51,1.49,0.0,0.0,0.0,0.4,0.0,0.3,0.0,0.2,-169.70000000000002,0.0,0.0,169.8,0.0,21.700000000000003,29.1,29.1,29.700000000000003,300.0,300.0,31.700000000000003,35.7,29.1,28.200000000000003,30.1,4.96,1.99,4.96,0.16,0.0,0.0,1027.0,8228.0,0.0,0.0,0.0,0.0,0.0,1.0,0.0,0.0,0.0,0.0,0.0,0.1,0.0,-0.2,0.0,0.0,16.0,25903.0
2026-07-30T19:01:52.497Z,281.98,281.994,0.1,7.4,0.0,0.0,0.0,0.0,0.0,0.0,0.0,0.0,1.0,0.0,0.0,0.0,9.0,4.0,0.0,0.0,0.0,0.0,0.0,0.0,0.0,0.0,2.0,12.0,1.0,12.18,5.01,2.51,1.49,0.0,0.0,0.0,0.4,0.0,-0.8,0.0,-0.3,-169.70000000000002,0.0,0.0,169.70000000000002,0.0,21.700000000000003,29.1,29.1,29.700000000000003,300.0,300.0,31.700000000000003,35.7,29.1,28.200000000000003,30.1,4.96,1.99,4.96,0.16,0.0,0.0,1027.0,8228.0,0.0,0.0,0.0,0.0,0.0,1.0,0.0,0.0,0.0,0.0,0.0,-0.3,0.0,0.2,0.0,0.0,16.0,25903.0
2026-07-30T19:01:52.508Z,281.991,282.00600000000003,0.1,7.4,0.0,0.0,0.0,0.0,0.0,0.0,0.0,0.0,1.0,0.0,0.0,0.0,9.0,4.0,0.0,0.0,0.0,0.0,0.0,0.0,0.0,0.0,3.0,12.0,1.0,12.18,5.01,2.51,1.49,0.0,0.0,0.0,0.4,0.0,0.3,-0.5,-0.9,-169.70000000000002,0.0,0.0,169.8,0.0,21.700000000000003,29.1,29.1,29.700000000000003,300.0,300.0,31.700000000000003,35.7,29.1,28.200000000000003,30.1,4.95,1.99,4.97,0.16,0.0,0.0,1027.0,8228.0,0.0,0.0,0.0,0.0,0.0,1.0,0.0,0.0,0.0,0.0,0.0,-1.3,0.0,0.6000000000000001,0.0,0.0,16.0,25903.0
2026-07-30T19:01:52.521Z,282.004,282.01800000000003,0.1,7.4,0.0,0.0,0.0,0.0,0.0,0.0,0.0,0.0,1.0,0.0,0.0,0.0,9.0,4.0,0.0,0.0,0.0,0.0,0.0,0.0,0.0,0.0,4.0,12.0,1.0,12.17,5.01,2.5,1.49,0.0,0.0,0.0,0.4,0.0,0.3,-1.1,-0.9,-169.70000000000002,0.0,0.0,169.8,0.0,21.4,29.1,29.1,29.700000000000003,300.0,300.0,31.6,35.7,29.0,28.3,30.1,4.96,1.99,4.96,0.16,0.0,0.0,1027.0,8228.0,0.0,0.0,0.0,0.0,0.0,1.0,0.0,0.0,0.0,0.0,0.0,-2.0,0.0,0.5,0.0,0.0001,16.0,25903.0
2026-07-30T19:01:52.533Z,282.016,282.03000000000003,0.1,7.4,0.0,0.0,0.0,0.0,0.0,0.0,0.0,0.0,1.0,0.0,0.0,0.0,9.0,4.0,0.0,0.0,0.0,0.0,0.0,0.0,0.0,0.0,5.0,12.0,1.0,12.17,5.01,2.5,1.49,0.0,0.0,0.0,0.5,0.0,0.3,0.0,-0.3,-169.70000000000002,0.0,0.0,169.70000000000002,0.0,21.4,29.1,29.1,29.700000000000003,300.0,300.0,31.6,35.7,29.0,28.3,30.1,4.96,1.99,4.96,0.16,0.0,0.0,1027.0,8228.0,0.0,0.0,0.0,0.0,0.0,1.0,0.0,0.0,0.0,0.0,0.0,-0.2,0.0,0.2,0.0,0.0,16.0,25903.0
2026-07-30T19:01:52.544Z,282.027,282.04200000000003,0.1,7.4,0.0,0.0,0.0,0.0,0.0,0.0,0.0,0.0,1.0,0.0,0.0,0.0,9.0,4.0,0.0,0.0,0.0,0.0,0.0,0.0,0.0,0.0,6.0,12.0,1.0,12.17,5.01,2.5,1.49,0.0,0.0,0.0,0.4,0.0,-0.2,-0.6000000000000001,0.2,-169.70000000000002,0.0,0.0,169.70000000000002,0.0,21.4,29.1,29.1,29.700000000000003,300.0,300.0,31.6,35.7,29.0,28.3,30.1,4.96,1.99,4.96,0.16,0.0,0.0,1027.0,8228.0,0.0,0.0,0.0,0.0,0.0,1.0,0.0,0.0,0.0,0.0,0.0,-0.4,0.0,-0.3,0.0,0.0,16.0,25903.0
2026-07-30T19:01:52.557Z,282.04,282.05400000000003,0.0,7.4,0.0,0.0,0.0,0.0,0.0,0.0,0.0,0.0,1.0,0.0,0.0,0.0,9.0,4.0,0.0,0.0,0.0,0.0,0.0,0.0,0.0,0.0,1.0,12.0,1.0,12.17,5.01,2.5,1.49,0.0,0.0,0.0,0.4,0.0,0.8,1.1,-0.3,-169.70000000000002,0.0,0.0,169.60000000000002,0.0,21.4,29.1,29.1,29.700000000000003,300.0,300.0,31.6,35.7,29.0,28.3,30.1,4.95,1.99,4.97,0.16,0.0,0.0,1027.0,8228.0,0.0,0.0,0.0,0.0,0.0,1.0,0.0,0.0,0.0,0.0,0.0,1.0,0.0,0.5,0.0,0.0,16.0,25903.0
2026-07-30T19:01:52.568Z,282.051,282.06600000000003,0.0,7.4,0.0,0.0,0.0,0.0,0.0,0.0,0.0,0.0,1.0,0.0,0.0,0.0,9.0,4.0,0.0,0.0,0.0,0.0,0.0,0.0,0.0,0.0,2.0,12.0,1.0,12.17,5.01,2.5,1.49,0.0,0.0,0.0,0.4,0.0,-0.2,-0.5,-0.9,-169.70000000000002,0.0,0.0,169.8,0.0,21.4,29.1,29.1,29.700000000000003,300.0,300.0,31.6,35.7,29.0,28.3,30.1,4.96,1.99,4.96,0.16,0.0,0.0,1027.0,8228.0,0.0,0.0,0.0,0.0,0.0,1.0,0.0,0.0,0.0,0.0,0.0,-1.3,0.0,0.7000000000000001,0.0,0.0003,16.0,25903.0
2026-07-30T19:01:52.580Z,282.063,282.07800000000003,0.1,7.4,0.0,0.0,0.0,0.0,0.0,0.0,0.0,0.0,1.0,0.0,0.0,0.0,9.0,4.0,0.0,0.0,0.0,0.0,0.0,0.0,0.0,0.0,3.0,12.0,1.0,12.17,5.01,2.5,1.49,0.0,0.0,0.0,0.4,0.0,-0.3,-0.6000000000000001,-0.3,-169.70000000000002,0.0,0.0,169.70000000000002,0.0,21.4,29.1,29.1,29.700000000000003,300.0,300.0,31.6,35.7,29.0,28.3,30.1,4.96,1.99,4.97,0.16,0.0,0.0,1027.0,8228.0,0.0,0.0,0.0,0.0,0.0,1.0,0.0,0.0,0.0,0.0,0.0,-0.9,0.0,0.1,0.0,0.0002,16.0,25903.0
2026-07-30T19:01:52.592Z,282.075,282.09000000000003,0.1,7.4,0.0,0.0,0.0,0.0,0.0,0.0,0.0,0.0,1.0,0.0,0.0,0.0,9.0,4.0,0.0,0.0,0.0,0.0,0.0,0.0,0.0,0.0,4.0,12.0,1.0,12.17,5.01,2.5,1.49,0.0,0.0,0.0,0.5,0.0,-0.8,1.0,-1.5,-169.70000000000002,0.0,0.0,169.70000000000002,0.0,21.4,29.1,29.1,29.700000000000003,300.0,300.0,31.6,35.7,29.0,28.3,30.1,4.95,1.99,4.97,0.16,0.0,0.0,1027.0,8228.0,0.0,0.0,0.0,0.0,0.0,1.0,0.0,0.0,0.0,0.0,0.0,0.0,0.0,1.5,0.0,0.0001,16.0,25903.0
2026-07-30T19:01:52.604Z,282.087,282.10200000000003,0.0,7.4,0.0,0.0,0.0,0.0,0.0,0.0,0.0,0.0,1.0,0.0,0.0,0.0,9.0,4.0,0.0,0.0,0.0,0.0,0.0,0.0,0.0,0.0,6.0,12.0,1.0,12.17,5.01,2.5,1.49,0.0,0.0,0.0,0.4,0.0,-0.3,0.5,-0.9,-169.70000000000002,0.0,0.0,169.70000000000002,0.0,21.4,29.1,29.1,29.700000000000003,300.0,300.0,31.6,35.7,29.0,28.3,30.1,4.95,1.99,4.97,0.16,0.0,0.0,1027.0,8228.0,0.0,0.0,0.0,0.0,0.0,1.0,0.0,0.0,0.0,0.0,0.0,-0.1,0.0,0.9,0.0,0.0,16.0,25903.0
2026-07-30T19:01:52.616Z,282.099,282.11400000000003,0.0,7.4,0.0,0.0,0.0,0.0,0.0,0.0,0.0,0.0,1.0,0.0,0.0,0.0,9.0,4.0,0.0,0.0,0.0,0.0,0.0,0.0,0.0,0.0,1.0,12.0,1.0,12.17,5.01,2.5,1.49,0.0,0.0,0.0,0.4,0.0,-0.3,0.4,0.1,-169.70000000000002,0.0,0.0,169.70000000000002,0.0,21.4,29.1,29.1,29.700000000000003,300.0,300.0,31.6,35.7,29.0,28.3,30.1,4.95,1.99,4.97,0.16,0.0,0.0,1027.0,8228.0,0.0,0.0,0.0,0.0,0.0,1.0,0.0,0.0,0.0,0.0,0.0,0.7000000000000001,0.0,0.0,0.0,0.0,16.0,25903.0
2026-07-30T19:01:52.628Z,282.111,282.12600000000003,0.1,7.4,0.0,0.0,0.0,0.0,0.0,0.0,0.0,0.0,1.0,0.0,0.0,0.0,9.0,4.0,0.0,0.0,0.0,0.0,0.0,0.0,0.0,0.0,2.0,12.0,1.0,12.17,5.0200000000000005,2.51,1.49,0.0,0.0,0.0,0.4,0.0,0.2,0.4,0.1,-169.70000000000002,0.0,0.0,169.60000000000002,0.0,21.200000000000003,29.1,29.1,29.700000000000003,300.0,300.0,31.700000000000003,35.7,29.0,28.3,30.1,4.95,1.99,4.96,0.16,0.0,0.0,1027.0,8228.0,0.0,0.0,0.0,0.0,0.0,1.0,0.0,0.0,0.0,0.0,0.0,0.6000000000000001,0.0,0.0,0.0,0.0,16.0,25903.0
2026-07-30T19:01:52.640Z,282.123,282.13800000000003,0.1,7.4,0.0,0.0,0.0,0.0,0.0,0.0,0.0,0.0,1.0,0.0,0.0,0.0,9.0,4.0,0.0,0.0,0.0,0.0,0.0,0.0,0.0,0.0,3.0,12.0,1.0,12.17,5.0200000000000005,2.51,1.49,0.0,0.0,0.0,0.4,0.0,0.8,0.5,0.1,-169.70000000000002,0.0,0.0,169.70000000000002,0.0,21.200000000000003,29.1,29.1,29.700000000000003,300.0,300.0,31.700000000000003,35.7,29.0,28.3,30.1,4.96,1.99,4.96,0.16,0.0,0.0,1027.0,8228.0,0.0,0.0,0.0,0.0,0.0,1.0,0.0,0.0,0.0,0.0,0.0,0.7000000000000001,0.0,0.0,0.0,0.0001,16.0,25903.0
2026-07-30T19:01:52.652Z,282.135,282.15000000000003,0.1,7.4,0.0,0.0,0.0,0.0,0.0,0.0,0.0,0.0,1.0,0.0,0.0,0.0,9.0,4.0,0.0,0.0,0.0,0.0,0.0,0.0,0.0,0.0,4.0,12.0,1.0,12.17,5.0200000000000005,2.51,1.49,0.0,0.0,0.0,0.5,0.0,-0.3,0.5,-0.3,-169.70000000000002,0.0,0.0,169.70000000000002,0.0,21.200000000000003,29.1,29.1,29.700000000000003,300.0,300.0,31.700000000000003,35.7,29.0,28.3,30.1,4.96,1.99,4.96,0.16,0.0,0.0,1027.0,8228.0,0.0,0.0,0.0,0.0,0.0,1.0,0.0,0.0,0.0,0.0,0.0,0.3,0.0,0.4,0.0,0.0,16.0,25903.0
2026-07-30T19:01:52.664Z,282.147,282.162,0.0,7.4,0.0,0.0,0.0,0.0,0.0,0.0,0.0,0.0,1.0,0.0,0.0,0.0,9.0,4.0,0.0,0.0,0.0,0.0,0.0,0.0,0.0,0.0,6.0,12.0,1.0,12.17,5.0200000000000005,2.51,1.49,0.0,0.0,0.0,0.5,0.0,0.2,-1.2000000000000002,-0.9,-169.70000000000002,0.0,0.0,169.70000000000002,0.0,21.200000000000003,29.1,29.1,29.700000000000003,300.0,300.0,31.700000000000003,35.7,29.0,28.3,30.1,4.95,1.99,4.97,0.16,0.0,0.0,1027.0,8228.0,0.0,0.0,0.0,0.0,0.0,1.0,0.0,0.0,0.0,0.0,0.0,-2.0,0.0,0.5,0.0,0.0,16.0,25903.0
2026-07-30T19:01:52.676Z,282.159,282.174,0.1,7.4,0.0,0.0,0.0,0.0,0.0,0.0,0.0,0.0,1.0,0.0,0.0,0.0,9.0,4.0,0.0,0.0,0.0,0.0,0.0,0.0,0.0,0.0,1.0,12.0,1.0,12.17,5.0200000000000005,2.51,1.49,0.0,0.0,0.0,0.4,0.0,-0.8,0.0,0.3,-169.70000000000002,0.0,0.0,169.60000000000002,0.0,21.200000000000003,29.1,29.1,29.700000000000003,300.0,300.0,31.700000000000003,35.7,29.0,28.3,30.1,4.95,1.99,4.97,0.16,0.0,0.0,1027.0,8228.0,0.0,0.0,0.0,0.0,0.0,1.0,0.0,0.0,0.0,0.0,0.0,0.2,0.0,-0.2,0.0,0.0,16.0,25903.0
2026-07-30T19:01:52.688Z,282.171,282.186,0.0,7.4,0.0,0.0,0.0,0.0,0.0,0.0,0.0,0.0,1.0,0.0,0.0,0.0,9.0,4.0,0.0,0.0,0.0,0.0,0.0,0.0,0.0,0.0,2.0,12.0,1.0,12.17,5.0200000000000005,2.51,1.49,0.0,0.0,0.0,0.4,0.0,0.3,0.6000000000000001,-0.2,-169.70000000000002,0.0,0.0,169.60000000000002,0.0,21.200000000000003,29.1,29.1,29.700000000000003,300.0,300.0,31.700000000000003,35.7,29.0,28.3,30.1,4.96,2.0,4.97,0.16,0.0,0.0,1027.0,8228.0,0.0,0.0,0.0,0.0,0.0,1.0,0.0,0.0,0.0,0.0,0.0,0.5,0.0,0.3,0.0,0.0001,16.0,25903.0
2026-07-30T19:01:52.700Z,282.183,282.198,0.0,7.4,0.0,0.0,0.0,0.0,0.0,0.0,0.0,0.0,1.0,0.0,0.0,0.0,9.0,4.0,0.0,0.0,0.0,0.0,0.0,0.0,0.0,0.0,3.0,12.0,1.0,12.17,5.0200000000000005,2.51,1.49,0.0,0.0,0.0,0.5,0.0,0.3,0.0,-0.7000000000000001,-169.70000000000002,0.0,0.0,169.60000000000002,0.0,21.200000000000003,29.1,29.1,29.700000000000003,300.0,300.0,31.700000000000003,35.7,29.0,28.3,30.1,4.95,2.0,4.96,0.16,0.0,0.0,1027.0,8228.0,0.0,0.0,0.0,0.0,0.0,1.0,0.0,0.0,0.0,0.0,0.0,-0.5,0.0,0.7000000000000001,0.0,0.0,16.0,25903.0
2026-07-30T19:01:52.713Z,282.196,282.21,0.0,7.4,0.0,0.0,0.0,0.0,0.0,0.0,0.0,0.0,1.0,0.0,0.0,0.0,9.0,4.0,0.0,0.0,0.0,0.0,0.0,0.0,0.0,0.0,4.0,12.0,1.0,12.17,5.0200000000000005,2.51,1.49,0.0,0.0,0.0,0.4,0.0,-0.1,-0.5,-0.2,-169.70000000000002,0.0,0.0,169.70000000000002,0.0,21.200000000000003,29.1,29.1,29.700000000000003,300.0,300.0,31.700000000000003,35.7,29.0,28.3,30.1,4.96,1.99,4.97,0.16,0.0,0.0,1027.0,8228.0,0.0,0.0,0.0,0.0,0.0,1.0,0.0,0.0,0.0,0.0,0.0,-0.7000000000000001,0.0,0.0,0.0,0.0,16.0,25903.0
2026-07-30T19:01:52.726Z,282.209,282.222,0.0,7.4,0.0,0.0,0.0,0.0,0.0,0.0,0.0,0.0,1.0,0.0,0.0,0.0,9.0,4.0,0.0,0.0,0.0,0.0,0.0,0.0,0.0,0.0,5.0,12.0,1.0,12.14,5.01,2.5,1.49,0.0,0.0,0.0,0.4,0.0,-0.1,0.0,-0.2,-169.70000000000002,0.0,0.0,169.70000000000002,0.0,21.4,29.1,29.1,29.700000000000003,300.0,300.0,31.5,35.7,29.0,28.200000000000003,30.1,4.96,1.99,4.96,0.16,0.0,0.0,1027.0,8228.0,0.0,0.0,0.0,0.0,0.0,1.0,0.0,0.0,0.0,0.0,0.0,0.0,0.0,0.1,0.0,0.0001,16.0,25903.0
2026-07-30T19:01:52.736Z,282.219,282.234,0.0,7.4,0.0,0.0,0.0,0.0,0.0,0.0,0.0,0.0,1.0,0.0,0.0,0.0,9.0,4.0,0.0,0.0,0.0,0.0,0.0,0.0,0.0,0.0,6.0,12.0,1.0,12.14,5.01,2.5,1.49,0.0,0.0,0.0,0.4,0.0,0.4,0.6000000000000001,0.9,-169.70000000000002,0.0,0.0,169.70000000000002,0.0,21.4,29.1,29.1,29.700000000000003,300.0,300.0,31.5,35.7,29.0,28.200000000000003,30.1,4.96,2.0,4.96,0.16,0.0,0.0,1027.0,8228.0,0.0,0.0,0.0,0.0,0.0,1.0,0.0,0.0,0.0,0.0,0.0,1.4,0.0,-0.6000000000000001,0.0,0.0,16.0,25903.0
2026-07-30T19:01:52.749Z,282.232,282.246,0.0,7.4,0.0,0.0,0.0,0.0,0.0,0.0,0.0,0.0,1.0,0.0,0.0,0.0,9.0,4.0,0.0,0.0,0.0,0.0,0.0,0.0,0.0,0.0,1.0,12.0,1.0,12.14,5.01,2.5,1.49,0.0,0.0,0.0,0.4,0.0,-0.7000000000000001,0.1,-0.7000000000000001,-169.70000000000002,0.0,0.0,169.70000000000002,0.0,21.4,29.1,29.1,29.700000000000003,300.0,300.0,31.5,35.7,29.0,28.200000000000003,30.1,4.95,2.0,4.97,0.16,0.0,0.0,1027.0,8228.0,0.0,0.0,0.0,0.0,0.0,1.0,0.0,0.0,0.0,0.0,0.0,-0.4,0.0,0.7000000000000001,0.0,0.0001,16.0,25903.0
2026-07-30T19:01:52.760Z,282.243,282.258,0.0,7.4,0.0,0.0,0.0,0.0,0.0,0.0,0.0,0.0,1.0,0.0,0.0,0.0,9.0,4.0,0.0,0.0,0.0,0.0,0.0,0.0,0.0,0.0,2.0,12.0,1.0,12.14,5.01,2.5,1.49,0.0,0.0,0.0,0.4,0.0,-1.3,-1.0,-0.7000000000000001,-169.70000000000002,0.0,0.0,169.70000000000002,0.0,21.4,29.1,29.1,29.700000000000003,300.0,300.0,31.5,35.7,29.0,28.200000000000003,30.1,4.96,1.99,4.96,0.16,0.0,0.0,1027.0,8228.0,0.0,0.0,0.0,0.0,0.0,1.0,0.0,0.0,0.0,0.0,0.0,-1.7000000000000002,0.0,0.4,0.0,0.0001,16.0,25903.0
2026-07-30T19:01:52.772Z,282.255,282.27,0.0,7.4,0.0,0.0,0.0,0.0,0.0,0.0,0.0,0.0,1.0,0.0,0.0,0.0,9.0,4.0,0.0,0.0,0.0,0.0,0.0,0.0,0.0,0.0,4.0,12.0,1.0,12.14,5.01,2.5,1.49,0.0,0.0,0.0,0.4,0.0,-0.1,1.9,0.4,-169.70000000000002,0.0,0.0,169.70000000000002,0.0,21.4,29.1,29.1,29.700000000000003,300.0,300.0,31.5,35.7,29.0,28.200000000000003,30.1,4.96,2.0,4.96,0.16,0.0,0.0,1027.0,8228.0,0.0,0.0,0.0,0.0,0.0,1.0,0.0,0.0,0.0,0.0,0.0,2.5,0.0,0.0,0.0,0.0001,16.0,25903.0
2026-07-30T19:01:52.784Z,282.267,282.282,0.0,7.4,0.0,0.0,0.0,0.0,0.0,0.0,0.0,0.0,1.0,0.0,0.0,0.0,9.0,4.0,0.0,0.0,0.0,0.0,0.0,0.0,0.0,0.0,5.0,12.0,1.0,12.14,5.01,2.5,1.49,0.0,0.0,0.0,0.4,0.0,0.4,0.7000000000000001,0.4,-169.70000000000002,0.0,0.0,169.70000000000002,0.0,21.4,29.1,29.1,29.700000000000003,300.0,300.0,31.5,35.7,29.0,28.200000000000003,30.1,4.96,1.99,4.96,0.16,0.0,0.0,1027.0,8228.0,0.0,0.0,0.0,0.0,0.0,1.0,0.0,0.0,0.0,0.0,0.0,1.1,0.0,-0.2,0.0,0.0002,16.0,25903.0
2026-07-30T19:01:52.797Z,282.28,282.294,0.0,7.4,0.0,0.0,0.0,0.0,0.0,0.0,0.0,0.0,1.0,0.0,0.0,0.0,9.0,4.0,0.0,0.0,0.0,0.0,0.0,0.0,0.0,0.0,5.0,12.0,1.0,12.14,5.01,2.5,1.49,0.0,0.0,0.0,0.4,0.0,-1.3,-0.4,-1.2000000000000002,-169.70000000000002,0.0,0.0,169.60000000000002,0.0,21.4,29.1,29.1,29.700000000000003,300.0,300.0,31.5,35.7,29.0,28.200000000000003,30.1,4.95,1.99,4.97,0.16,0.0,0.0,1027.0,8228.0,0.0,0.0,0.0,0.0,0.0,1.0,0.0,0.0,0.0,0.0,0.0,-1.4,0.0,1.0,0.0,0.0001,16.0,25903.0
2026-07-30T19:01:52.808Z,282.291,282.306,0.0,7.4,0.0,0.0,0.0,0.0,0.0,0.0,0.0,0.0,1.0,0.0,0.0,0.0,9.0,4.0,0.0,0.0,0.0,0.0,0.0,0.0,0.0,0.0,1.0,12.0,1.0,12.14,5.01,2.5,1.49,0.0,0.0,0.0,0.4,0.0,-0.1,0.1,-0.1,-169.70000000000002,0.0,0.0,169.70000000000002,0.0,21.4,29.1,29.1,29.700000000000003,300.0,300.0,31.5,35.7,29.0,28.200000000000003,30.1,4.96,1.99,4.96,0.16,0.0,0.0,1027.0,8228.0,0.0,0.0,0.0,0.0,0.0,1.0,0.0,0.0,0.0,0.0,0.0,-1.2000000000000002,0.0,0.0,0.0,0.0001,16.0,25903.0
2026-07-30T19:01:52.820Z,282.303,282.318,0.0,7.4,0.0,0.0,0.0,0.0,0.0,0.0,0.0,0.0,1.0,0.0,0.0,0.0,9.0,4.0,0.0,0.0,0.0,0.0,0.0,0.0,0.0,0.0,2.0,12.0,1.0,12.14,5.01,2.5,1.49,0.0,0.0,0.0,0.4,0.0,-0.7000000000000001,-0.4,-1.8,-169.70000000000002,0.0,0.0,169.70000000000002,0.0,21.4,29.1,29.1,29.700000000000003,300.0,300.0,31.5,35.7,29.0,28.200000000000003,30.1,4.96,2.0,4.97,0.16,0.0,0.0,1027.0,8228.0,0.0,0.0,0.0,0.0,0.0,1.0,0.0,0.0,0.0,0.0,0.0,-1.9,0.0,1.5,0.0,0.0001,16.0,25903.0
2026-07-30T19:01:52.833Z,282.316,282.33,0.0,7.4,0.0,0.0,0.0,0.0,0.0,0.0,0.0,0.0,1.0,0.0,0.0,0.0,9.0,4.0,0.0,0.0,0.0,0.0,0.0,0.0,0.0,0.0,3.0,12.0,1.0,12.11,5.01,2.5,1.49,0.0,0.0,0.0,0.4,0.0,-0.7000000000000001,0.1,-0.1,-169.60000000000002,0.0,0.0,169.70000000000002,0.0,21.9,29.1,29.1,29.700000000000003,300.0,300.0,31.5,35.7,29.0,28.200000000000003,30.1,4.95,1.99,4.97,0.16,0.0,0.0,1027.0,8228.0,0.0,0.0,0.0,0.0,0.0,1.0,0.0,0.0,0.0,0.0,0.0,0.0,0.0,0.1,0.0,0.0001,16.0,25903.0
2026-07-30T19:01:52.844Z,282.327,282.342,0.0,7.4,0.0,0.0,0.0,0.0,0.0,0.0,0.0,0.0,1.0,0.0,0.0,0.0,9.0,4.0,0.0,0.0,0.0,0.0,0.0,0.0,0.0,0.0,5.0,12.0,1.0,12.11,5.01,2.5,1.49,0.0,0.0,0.0,0.4,0.0,0.3,-0.4,1.6,-169.60000000000002,0.0,0.0,169.60000000000002,0.0,21.9,29.1,29.1,29.700000000000003,300.0,300.0,31.5,35.7,29.0,28.200000000000003,30.1,4.95,1.99,4.96,0.16,0.0,0.0,1027.0,8228.0,0.0,0.0,0.0,0.0,0.0,1.0,0.0,0.0,0.0,0.0,0.0,0.6000000000000001,0.0,-1.5,0.0,0.0,16.0,25903.0
2026-07-30T19:01:52.857Z,282.34,282.354,0.0,7.4,0.0,0.0,0.0,0.0,0.0,0.0,0.0,0.0,1.0,0.0,0.0,0.0,9.0,4.0,0.0,0.0,0.0,0.0,0.0,0.0,0.0,0.0,6.0,12.0,1.0,12.11,5.01,2.5,1.49,0.0,0.0,0.0,0.4,0.0,-0.8,-1.6,-0.1,-169.60000000000002,0.0,0.0,169.8,0.0,21.9,29.1,29.1,29.700000000000003,300.0,300.0,31.5,35.7,29.0,28.200000000000003,30.1,4.95,2.0,4.96,0.16,0.0,0.0,1027.0,8228.0,0.0,0.0,0.0,0.0,0.0,1.0,0.0,0.0,0.0,0.0,0.0,-1.9,0.0,-0.2,0.0,0.0001,16.0,25903.0
2026-07-30T19:01:52.868Z,282.351,282.366,0.0,7.4,0.0,0.0,0.0,0.0,0.0,0.0,0.0,0.0,1.0,0.0,0.0,0.0,9.0,4.0,0.0,0.0,0.0,0.0,0.0,0.0,0.0,0.0,1.0,12.0,1.0,12.11,5.01,2.5,1.49,0.0,0.0,0.0,0.4,0.0,-0.8,0.6000000000000001,-0.1,-169.60000000000002,0.0,0.0,169.70000000000002,0.0,21.9,29.1,29.1,29.700000000000003,300.0,300.0,31.5,35.7,29.0,28.200000000000003,30.1,4.95,1.99,4.96,0.16,0.0,0.0,1027.0,8228.0,0.0,0.0,0.0,0.0,0.0,1.0,0.0,0.0,0.0,0.0,0.0,0.6000000000000001,0.0,0.2,0.0,0.0001,16.0,25903.0
2026-07-30T19:01:52.880Z,282.363,282.378,0.0,7.4,0.0,0.0,0.0,0.0,0.0,0.0,0.0,0.0,1.0,0.0,0.0,0.0,9.0,4.0,0.0,0.0,0.0,0.0,0.0,0.0,0.0,0.0,2.0,12.0,1.0,12.11,5.01,2.5,1.49,0.0,0.0,0.0,0.4,0.0,0.9,1.8,1.0,-169.70000000000002,0.0,0.0,169.8,0.0,21.9,29.1,29.1,29.700000000000003,300.0,300.0,31.5,35.7,29.0,28.200000000000003,30.1,4.95,2.0,4.96,0.16,0.0,0.0,1027.0,8228.0,0.0,0.0,0.0,0.0,0.0,1.0,0.0,0.0,0.0,0.0,0.0,0.0,0.0,0.1,0.0,0.0,16.0,25903.0
2026-07-30T19:01:52.893Z,282.376,282.39,0.0,7.4,0.0,0.0,0.0,0.0,0.0,0.0,0.0,0.0,1.0,0.0,0.0,0.0,9.0,4.0,0.0,0.0,0.0,0.0,0.0,0.0,0.0,0.0,3.0,12.0,1.0,12.11,5.01,2.5,1.49,0.0,0.0,0.0,0.4,0.0,-0.2,-0.4,0.4,-169.70000000000002,0.0,0.0,169.60000000000002,0.0,21.9,29.1,29.1,29.700000000000003,300.0,300.0,31.5,35.7,29.0,28.200000000000003,30.1,4.96,2.0,4.96,0.16,0.0,0.0,1027.0,8228.0,0.0,0.0,0.0,0.0,0.0,1.0,0.0,0.0,0.0,0.0,0.0,-0.6000000000000001,0.0,0.0,0.0,0.0001,16.0,25903.0
2026-07-30T19:01:52.904Z,282.387,282.402,0.0,7.4,0.0,0.0,0.0,0.0,0.0,0.0,0.0,0.0,1.0,0.0,0.0,0.0,9.0,4.0,0.0,0.0,0.0,0.0,0.0,0.0,0.0,0.0,4.0,12.0,1.0,12.11,5.01,2.5,1.49,0.0,0.0,0.0,0.4,0.0,0.3,0.6000000000000001,-0.1,-169.60000000000002,0.0,0.0,169.70000000000002,0.0,21.9,29.1,29.1,29.700000000000003,300.0,300.0,31.5,35.7,29.0,28.200000000000003,30.1,4.95,1.99,4.96,0.16,0.0,0.0,1027.0,8228.0,0.0,0.0,0.0,0.0,0.0,1.0,0.0,0.0,0.0,0.0,0.0,0.6000000000000001,0.0,0.3,0.0,0.0002,16.0,25903.0
2026-07-30T19:01:52.916Z,282.399,282.414,0.0,7.4,0.0,0.0,0.0,0.0,0.0,0.0,0.0,0.0,1.0,0.0,0.0,0.0,9.0,4.0,0.0,0.0,0.0,0.0,0.0,0.0,0.0,0.0,5.0,12.0,1.0,12.11,5.01,2.5,1.49,0.0,0.0,0.0,0.5,0.0,-0.2,0.0,0.3,-169.70000000000002,0.0,0.0,169.70000000000002,0.0,21.9,29.1,29.1,29.700000000000003,300.0,300.0,31.5,35.7,29.0,28.200000000000003,30.1,4.95,1.99,4.96,0.16,0.0,0.0,1027.0,8228.0,0.0,0.0,0.0,0.0,0.0,1.0,0.0,0.0,0.0,0.0,0.0,0.3,0.0,-0.3,0.0,0.0,16.0,25903.0
2026-07-30T19:01:52.929Z,282.412,282.426,0.0,7.4,0.0,0.0,0.0,0.0,0.0,0.0,0.0,0.0,1.0,0.0,0.0,0.0,9.0,4.0,0.0,0.0,0.0,0.0,0.0,0.0,0.0,0.0,1.0,12.0,1.0,12.15,5.01,2.5,1.49,0.0,0.0,0.0,0.4,0.0,-0.8,0.0,-0.2,-169.70000000000002,0.0,0.0,169.8,0.0,21.8,29.1,29.1,29.700000000000003,300.0,300.0,31.6,35.7,29.0,28.200000000000003,30.200000000000003,4.96,2.0,4.96,0.16,0.0,0.0,1027.0,8228.0,0.0,0.0,0.0,0.0,0.0,1.0,0.0,0.0,0.0,0.0,0.0,0.0,0.0,0.2,0.0,0.0,16.0,25903.0
2026-07-30T19:01:52.940Z,282.423,282.438,0.0,7.4,0.0,0.0,0.0,0.0,0.0,0.0,0.0,0.0,1.0,0.0,0.0,0.0,9.0,4.0,0.0,0.0,0.0,0.0,0.0,0.0,0.0,0.0,2.0,12.0,1.0,12.15,5.01,2.5,1.49,0.0,0.0,0.0,0.5,0.0,-0.2,-1.0,0.3,-169.70000000000002,0.0,0.0,169.8,0.0,21.8,29.1,29.1,29.700000000000003,300.0,300.0,31.6,35.7,29.0,28.200000000000003,30.200000000000003,4.95,2.0,4.96,0.16,0.0,0.0,1027.0,8228.0,0.0,0.0,0.0,0.0,0.0,1.0,0.0,0.0,0.0,0.0,0.0,-0.8,0.0,-0.5,0.0,0.0002,16.0,25903.0
2026-07-30T19:01:52.952Z,282.435,282.45,0.0,7.4,0.0,0.0,0.0,0.0,0.0,0.0,0.0,0.0,1.0,0.0,0.0,0.0,9.0,4.0,0.0,0.0,0.0,0.0,0.0,0.0,0.0,0.0,4.0,12.0,1.0,12.15,5.01,2.5,1.49,0.0,0.0,0.0,0.4,0.0,0.3,0.1,-0.7000000000000001,-169.70000000000002,0.0,0.0,169.8,0.0,21.8,29.1,29.1,29.700000000000003,300.0,300.0,31.6,35.7,29.0,28.200000000000003,30.200000000000003,4.96,1.99,4.97,0.16,0.0,0.0,1027.0,8228.0,0.0,0.0,0.0,0.0,0.0,1.0,0.0,0.0,0.0,0.0,0.0,-0.3,0.0,0.7000000000000001,0.0,0.0,16.0,25903.0
2026-07-30T19:01:52.964Z,282.447,282.462,0.0,7.4,0.0,0.0,0.0,0.0,0.0,0.0,0.0,0.0,1.0,0.0,0.0,0.0,9.0,4.0,0.0,0.0,0.0,0.0,0.0,0.0,0.0,0.0,5.0,12.0,1.0,12.15,5.01,2.5,1.49,0.0,0.0,0.0,0.4,0.0,-0.2,0.1,-0.1,-169.70000000000002,0.0,0.0,169.8,0.0,21.8,29.1,29.1,29.700000000000003,300.0,300.0,31.6,35.7,29.0,28.200000000000003,30.200000000000003,4.96,2.0,4.97,0.16,0.0,0.0,1027.0,8228.0,0.0,0.0,0.0,0.0,0.0,1.0,0.0,0.0,0.0,0.0,0.0,0.1,0.0,0.1,0.0,0.0,16.0,25903.0
2026-07-30T19:01:52.976Z,282.459,282.474,0.0,7.4,0.0,0.0,0.0,0.0,0.0,0.0,0.0,0.0,1.0,0.0,0.0,0.0,9.0,4.0,0.0,0.0,0.0,0.0,0.0,0.0,0.0,0.0,1.0,12.0,1.0,12.15,5.01,2.5,1.49,0.0,0.0,0.0,0.4,0.0,-0.8,0.1,0.4,-169.70000000000002,0.0,0.0,169.8,0.0,21.8,29.1,29.1,29.700000000000003,300.0,300.0,31.6,35.7,29.0,28.200000000000003,30.200000000000003,4.96,1.99,4.97,0.16,0.0,0.0,1027.0,8228.0,0.0,0.0,0.0,0.0,0.0,1.0,0.0,0.0,0.0,0.0,0.0,0.5,0.0,-0.3,0.0,0.0001,16.0,25903.0
2026-07-30T19:01:52.988Z,282.471,282.486,0.0,7.4,0.0,0.0,0.0,0.0,0.0,0.0,0.0,0.0,1.0,0.0,0.0,0.0,9.0,4.0,0.0,0.0,0.0,0.0,0.0,0.0,0.0,0.0,2.0,12.0,1.0,12.15,5.01,2.5,1.49,0.0,0.0,0.0,0.4,0.0,0.4,0.2,-0.7000000000000001,-169.70000000000002,0.0,0.0,169.70000000000002,0.0,21.8,29.1,29.1,29.700000000000003,300.0,300.0,31.6,35.7,29.0,28.200000000000003,30.200000000000003,4.95,1.99,4.97,0.16,0.0,0.0,1027.0,8228.0,0.0,0.0,0.0,0.0,0.0,1.0,0.0,0.0,0.0,0.0,0.0,-0.3,0.0,0.6000000000000001,0.0,0.0001,16.0,25903.0
2026-07-30T19:01:53.000Z,282.483,282.498,0.0,7.4,0.0,0.0,0.0,0.0,0.0,0.0,0.0,0.0,1.0,0.0,0.0,0.0,9.0,4.0,0.0,0.0,0.0,0.0,0.0,0.0,0.0,0.0,4.0,12.0,1.0,12.15,5.01,2.5,1.49,0.0,0.0,0.0,0.4,0.0,1.0,-0.3,-0.6000000000000001,-169.70000000000002,0.0,0.0,169.70000000000002,0.0,21.8,29.1,29.1,29.700000000000003,300.0,300.0,31.6,35.7,29.0,28.200000000000003,30.200000000000003,4.96,1.99,4.96,0.16,0.0,0.0,1027.0,8228.0,0.0,0.0,0.0,0.0,0.0,1.0,0.0,0.0,0.0,0.0,0.0,-0.9,0.0,0.5,0.0,0.0002,16.0,25903.0
2026-07-30T19:01:53.012Z,282.495,282.51,0.0,7.4,0.0,0.0,0.0,0.0,0.0,0.0,0.0,0.0,1.0,0.0,0.0,0.0,9.0,4.0,0.0,0.0,0.0,0.0,0.0,0.0,0.0,0.0,6.0,12.0,1.0,12.15,5.01,2.5,1.49,0.0,0.0,0.0,0.5,0.0,0.9,0.7000000000000001,-0.6000000000000001,-169.70000000000002,0.0,0.0,169.70000000000002,0.0,21.8,29.1,29.1,29.700000000000003,300.0,300.0,31.6,35.7,29.0,28.200000000000003,30.200000000000003,4.96,1.99,4.97,0.16,0.0,0.0,1027.0,8228.0,0.0,0.0,0.0,0.0,0.0,1.0,0.0,0.0,0.0,0.0,0.0,0.3,0.0,0.7000000000000001,0.0,0.0,16.0,25903.0
2026-07-30T19:01:53.024Z,282.507,282.522,0.0,7.4,0.0,0.0,0.0,0.0,0.0,0.0,0.0,0.0,1.0,0.0,0.0,0.0,9.0,4.0,0.0,0.0,0.0,0.0,0.0,0.0,0.0,0.0,1.0,12.0,1.0,12.15,5.01,2.5,1.49,0.0,0.0,0.0,0.4,0.0,-1.4,-0.4,0.4,-169.70000000000002,0.0,0.0,169.70000000000002,0.0,21.8,29.1,29.1,29.700000000000003,300.0,300.0,31.6,35.7,29.0,28.200000000000003,30.200000000000003,4.95,1.99,4.97,0.16,0.0,0.0,1027.0,8228.0,0.0,0.0,0.0,0.0,0.0,1.0,0.0,0.0,0.0,0.0,0.0,-0.1,0.0,-0.4,0.0,0.0,16.0,25903.0
2026-07-30T19:01:53.036Z,282.519,282.534,0.0,7.4,0.0,0.0,0.0,0.0,0.0,0.0,0.0,0.0,1.0,0.0,0.0,0.0,9.0,4.0,0.0,0.0,0.0,0.0,0.0,0.0,0.0,0.0,3.0,12.0,1.0,12.17,5.0200000000000005,2.51,1.49,0.0,0.0,0.0,0.4,0.0,-0.2,0.1,-0.7000000000000001,-169.70000000000002,0.0,0.0,169.70000000000002,0.0,21.3,29.1,29.1,29.700000000000003,300.0,300.0,31.700000000000003,35.7,29.0,28.3,30.1,4.95,1.99,4.97,0.16,0.0,0.0,1027.0,8228.0,0.0,0.0,0.0,0.0,0.0,1.0,0.0,0.0,0.0,0.0,0.0,-0.4,0.0,0.6000000000000001,0.0,0.0,16.0,25903.0
2026-07-30T19:01:53.048Z,282.531,282.546,0.0,7.4,0.0,0.0,0.0,0.0,0.0,0.0,0.0,0.0,1.0,0.0,0.0,0.0,9.0,4.0,0.0,0.0,0.0,0.0,0.0,0.0,0.0,0.0,4.0,12.0,1.0,12.17,5.0200000000000005,2.51,1.49,0.0,0.0,0.0,0.4,0.0,-0.2,-1.6,-0.7000000000000001,-169.70000000000002,0.0,0.0,169.8,0.0,21.3,29.1,29.1,29.700000000000003,300.0,300.0,31.700000000000003,35.7,29.0,28.3,30.1,4.96,1.99,4.96,0.16,0.0,0.0,1027.0,8228.0,0.0,0.0,0.0,0.0,0.0,1.0,0.0,0.0,0.0,0.0,0.0,-2.4000000000000004,0.0,0.3,0.0,0.0,16.0,25903.0
2026-07-30T19:01:53.060Z,282.543,282.558,0.0,7.4,0.0,0.0,0.0,0.0,0.0,0.0,0.0,0.0,1.0,0.0,0.0,0.0,9.0,4.0,0.0,0.0,0.0,0.0,0.0,0.0,0.0,0.0,5.0,12.0,1.0,12.17,5.0200000000000005,2.51,1.49,0.0,0.0,0.0,0.4,0.0,-0.2,1.3,-0.7000000000000001,-169.70000000000002,0.0,0.0,169.70000000000002,0.0,21.3,29.1,29.1,29.700000000000003,300.0,300.0,31.700000000000003,35.7,29.0,28.3,30.1,4.96,1.99,4.97,0.16,0.0,0.0,1027.0,8228.0,0.0,0.0,0.0,0.0,0.0,1.0,0.0,0.0,0.0,0.0,0.0,0.9,0.0,0.9,0.0,0.0001,16.0,25903.0
2026-07-30T19:01:53.072Z,282.555,282.57,0.0,7.4,0.0,0.0,0.0,0.0,0.0,0.0,0.0,0.0,1.0,0.0,0.0,0.0,9.0,4.0,0.0,0.0,0.0,0.0,0.0,0.0,0.0,0.0,1.0,12.0,1.0,12.17,5.0200000000000005,2.51,1.49,0.0,0.0,0.0,0.4,0.0,-0.2,-0.4,-0.6000000000000001,-169.70000000000002,0.0,0.0,169.70000000000002,0.0,21.3,29.1,29.1,29.700000000000003,300.0,300.0,31.700000000000003,35.7,29.0,28.3,30.1,4.95,1.99,4.97,0.16,0.0,0.0,1027.0,8228.0,0.0,0.0,0.0,0.0,0.0,1.0,0.0,0.0,0.0,0.0,0.0,-1.0,0.0,0.5,0.0,0.0,16.0,25903.0
2026-07-30T19:01:53.084Z,282.567,282.582,0.0,7.4,0.0,0.0,0.0,0.0,0.0,0.0,0.0,0.0,1.0,0.0,0.0,0.0,9.0,4.0,0.0,0.0,0.0,0.0,0.0,0.0,0.0,0.0,3.0,12.0,1.0,12.17,5.0200000000000005,2.51,1.49,0.0,0.0,0.0,0.5,0.0,-0.2,-0.4,-0.1,-169.70000000000002,0.0,0.0,169.70000000000002,0.0,21.3,29.1,29.1,29.700000000000003,300.0,300.0,31.700000000000003,35.7,29.0,28.3,30.1,4.96,1.99,4.96,0.16,0.0,0.0,1027.0,8228.0,0.0,0.0,0.0,0.0,0.0,1.0,0.0,0.0,0.0,0.0,0.0,-0.6000000000000001,0.0,0.0,0.0,0.0,16.0,25903.0
2026-07-30T19:01:53.096Z,282.579,282.594,0.0,7.4,0.0,0.0,0.0,0.0,0.0,0.0,0.0,0.0,1.0,0.0,0.0,0.0,9.0,4.0,0.0,0.0,0.0,0.0,0.0,0.0,0.0,0.0,4.0,12.0,1.0,12.17,5.0200000000000005,2.51,1.49,0.0,0.0,0.0,0.4,0.0,0.3,0.1,-0.6000000000000001,-169.70000000000002,0.0,0.0,169.70000000000002,0.0,21.3,29.1,29.1,29.700000000000003,300.0,300.0,31.700000000000003,35.7,29.0,28.3,30.1,4.95,2.0,4.96,0.16,0.0,0.0,1027.0,8228.0,0.0,0.0,0.0,0.0,0.0,1.0,0.0,0.0,0.0,0.0,0.0,-0.3,0.0,0.6000000000000001,0.0,0.0001,16.0,25903.0
2026-07-30T19:01:53.108Z,282.591,282.606,0.0,7.4,0.0,0.0,0.0,0.0,0.0,0.0,0.0,0.0,1.0,0.0,0.0,0.0,9.0,4.0,0.0,0.0,0.0,0.0,0.0,0.0,0.0,0.0,6.0,12.0,1.0,12.17,5.0200000000000005,2.51,1.49,0.0,0.0,0.0,0.4,0.0,-0.1,-0.4,0.0,-169.70000000000002,0.0,0.0,169.70000000000002,0.0,21.3,29.1,29.1,29.700000000000003,300.0,300.0,31.700000000000003,35.7,29.0,28.3,30.1,4.95,1.99,4.97,0.16,0.0,0.0,1027.0,8228.0,0.0,0.0,0.0,0.0,0.0,1.0,0.0,0.0,0.0,0.0,0.0,-0.4,0.0,0.0,0.0,0.0,16.0,25903.0
2026-07-30T19:01:53.120Z,282.603,282.618,0.0,7.4,0.0,0.0,0.0,0.0,0.0,0.0,0.0,0.0,1.0,0.0,0.0,0.0,9.0,4.0,0.0,0.0,0.0,0.0,0.0,0.0,0.0,0.0,1.0,12.0,1.0,12.17,5.0200000000000005,2.51,1.49,0.0,0.0,0.0,0.4,0.0,0.3,0.1,0.0,-169.70000000000002,0.0,0.0,169.8,0.0,21.3,29.1,29.1,29.700000000000003,300.0,300.0,31.700000000000003,35.7,29.0,28.3,30.1,4.96,1.99,4.97,0.16,0.0,0.0,1027.0,8228.0,0.0,0.0,0.0,0.0,0.0,1.0,0.0,0.0,0.0,0.0,0.0,0.1,0.0,0.0,0.0,0.0001,16.0,25903.0
2026-07-30T19:01:53.133Z,282.616,282.63,0.0,7.4,0.0,0.0,0.0,0.0,0.0,0.0,0.0,0.0,1.0,0.0,0.0,0.0,9.0,4.0,0.0,0.0,0.0,0.0,0.0,0.0,0.0,0.0,3.0,12.0,1.0,12.15,5.01,2.51,1.49,0.0,0.0,0.0,0.4,0.0,0.3,0.7000000000000001,0.5,-169.70000000000002,0.0,0.0,169.70000000000002,0.0,21.700000000000003,29.1,29.1,29.700000000000003,300.0,300.0,31.700000000000003,35.7,29.1,28.3,30.1,4.96,1.99,4.96,0.16,0.0,0.0,1027.0,8228.0,0.0,0.0,0.0,0.0,0.0,1.0,0.0,0.0,0.0,0.0,0.0,1.2000000000000002,0.0,-0.3,0.0,0.0001,16.0,25903.0
2026-07-30T19:01:53.144Z,282.627,282.642,0.0,7.4,0.0,0.0,0.0,0.0,0.0,0.0,0.0,0.0,1.0,0.0,0.0,0.0,9.0,4.0,0.0,0.0,0.0,0.0,0.0,0.0,0.0,0.0,4.0,12.0,1.0,12.15,5.01,2.51,1.49,0.0,0.0,0.0,0.4,0.0,0.3,0.7000000000000001,0.5,-169.70000000000002,0.0,0.0,169.70000000000002,0.0,21.700000000000003,29.1,29.1,29.700000000000003,300.0,300.0,31.700000000000003,35.7,29.1,28.3,30.1,4.95,1.99,4.97,0.16,0.0,0.0,1027.0,8228.0,0.0,0.0,0.0,0.0,0.0,1.0,0.0,0.0,0.0,0.0,0.0,1.2000000000000002,0.0,-0.3,0.0,0.0001,16.0,25903.0
2026-07-30T19:01:53.156Z,282.639,282.654,0.0,7.4,0.0,0.0,0.0,0.0,0.0,0.0,0.0,0.0,1.0,0.0,0.0,0.0,9.0,4.0,0.0,0.0,0.0,0.0,0.0,0.0,0.0,0.0,6.0,12.0,1.0,12.15,5.01,2.51,1.49,0.0,0.0,0.0,0.4,0.0,0.3,0.7000000000000001,0.0,-169.70000000000002,0.0,0.0,169.70000000000002,0.0,21.700000000000003,29.1,29.1,29.700000000000003,300.0,300.0,31.700000000000003,35.7,29.1,28.3,30.1,4.95,1.99,4.96,0.16,0.0,0.0,1027.0,8228.0,0.0,0.0,0.0,0.0,0.0,1.0,0.0,0.0,0.0,0.0,0.0,0.7000000000000001,0.0,0.1,0.0,0.0,16.0,25903.0
2026-07-30T19:01:53.168Z,282.651,282.666,0.0,7.4,0.0,0.0,0.0,0.0,0.0,0.0,0.0,0.0,1.0,0.0,0.0,0.0,9.0,4.0,0.0,0.0,0.0,0.0,0.0,0.0,0.0,0.0,1.0,12.0,1.0,12.15,5.01,2.51,1.49,0.0,0.0,0.0,0.4,0.0,0.3,1.3,1.6,-169.70000000000002,0.0,0.0,169.8,0.0,21.700000000000003,29.1,29.1,29.700000000000003,300.0,300.0,31.700000000000003,35.7,29.1,28.3,30.1,4.96,2.0,4.96,0.16,0.0,0.0,1027.0,8228.0,0.0,0.0,0.0,0.0,0.0,1.0,0.0,0.0,0.0,0.0,0.0,2.7,0.0,-1.2000000000000002,0.0,0.0,16.0,25903.0
2026-07-30T19:01:53.180Z,282.663,282.678,0.0,7.4,0.0,0.0,0.0,0.0,0.0,0.0,0.0,0.0,1.0,0.0,0.0,0.0,9.0,4.0,0.0,0.0,0.0,0.0,0.0,0.0,0.0,0.0,3.0,12.0,1.0,12.15,5.01,2.51,1.49,0.0,0.0,0.0,0.4,0.0,0.3,-0.4,-0.6000000000000001,-169.70000000000002,0.0,0.0,169.8,0.0,21.700000000000003,29.1,29.1,29.700000000000003,300.0,300.0,31.700000000000003,35.7,29.1,28.3,30.1,4.95,2.0,4.96,0.16,0.0,0.0,1027.0,8228.0,0.0,0.0,0.0,0.0,0.0,1.0,0.0,0.0,0.0,0.0,0.0,-0.9,0.0,0.4,0.0,0.0001,16.0,25903.0
2026-07-30T19:01:53.192Z,282.675,282.69,0.0,7.4,0.0,0.0,0.0,0.0,0.0,0.0,0.0,0.0,1.0,0.0,0.0,0.0,9.0,4.0,0.0,0.0,0.0,0.0,0.0,0.0,0.0,0.0,4.0,12.0,1.0,12.15,5.01,2.51,1.49,0.0,0.0,0.0,0.4,0.0,0.4,0.2,-0.6000000000000001,-169.70000000000002,0.0,0.0,169.8,0.0,21.700000000000003,29.1,29.1,29.700000000000003,300.0,300.0,31.700000000000003,35.7,29.1,28.3,30.1,4.96,1.99,4.97,0.16,0.0,0.0,1027.0,8228.0,0.0,0.0,0.0,0.0,0.0,1.0,0.0,0.0,0.0,0.0,0.0,-0.1,0.0,0.5,0.0,0.0001,16.0,25903.0
2026-07-30T19:01:53.204Z,282.687,282.702,0.0,7.4,0.0,0.0,0.0,0.0,0.0,0.0,0.0,0.0,1.0,0.0,0.0,0.0,9.0,4.0,0.0,0.0,0.0,0.0,0.0,0.0,0.0,0.0,6.0,12.0,1.0,12.15,5.01,2.51,1.49,0.0,0.0,0.0,0.4,0.0,1.0,0.8,0.6000000000000001,-169.70000000000002,0.0,0.0,169.8,0.0,21.700000000000003,29.1,29.1,29.700000000000003,300.0,300.0,31.700000000000003,35.7,29.1,28.3,30.1,4.96,1.99,4.96,0.16,0.0,0.0,1027.0,8228.0,0.0,0.0,0.0,0.0,0.0,1.0,0.0,0.0,0.0,0.0,0.0,1.4,0.0,-0.3,0.0,0.0001,16.0,25903.0
2026-07-30T19:01:53.216Z,282.699,282.714,0.0,7.4,0.0,0.0,0.0,0.0,0.0,0.0,0.0,0.0,1.0,0.0,0.0,0.0,9.0,4.0,0.0,0.0,0.0,0.0,0.0,0.0,0.0,0.0,1.0,12.0,1.0,12.15,5.01,2.51,1.49,0.0,0.0,0.0,0.4,0.0,0.4,1.4,0.0,-169.70000000000002,0.0,0.0,169.8,0.0,21.700000000000003,29.1,29.1,29.700000000000003,300.0,300.0,31.700000000000003,35.7,29.1,28.3,30.1,4.95,1.99,4.96,0.16,0.0,0.0,1027.0,8228.0,0.0,0.0,0.0,0.0,0.0,1.0,0.0,0.0,0.0,0.0,0.0,1.6,0.0,0.2,0.0,0.0,16.0,25903.0
2026-07-30T19:01:53.228Z,282.711,282.726,0.0,7.4,0.0,0.0,0.0,0.0,0.0,0.0,0.0,0.0,1.0,0.0,0.0,0.0,9.0,4.0,0.0,0.0,0.0,0.0,0.0,0.0,0.0,0.0,3.0,12.0,1.0,12.15,5.01,2.51,1.49,0.0,0.0,0.0,0.4,0.0,0.4,1.3,1.2000000000000002,-169.70000000000002,0.0,0.0,169.70000000000002,0.0,21.700000000000003,29.1,29.1,29.700000000000003,300.0,300.0,31.700000000000003,35.7,29.1,28.3,30.1,4.95,1.99,4.97,0.16,0.0,0.0,1027.0,8228.0,0.0,0.0,0.0,0.0,0.0,1.0,0.0,0.0,0.0,0.0,0.0,2.5,0.0,-0.8,0.0,0.0,16.0,25903.0
2026-07-30T19:01:53.240Z,282.723,282.738,0.0,7.4,0.0,0.0,0.0,0.0,0.0,0.0,0.0,0.0,1.0,0.0,0.0,0.0,9.0,4.0,0.0,0.0,0.0,0.0,0.0,0.0,0.0,0.0,4.0,12.0,1.0,12.18,5.0200000000000005,2.5,1.49,0.0,0.0,0.0,0.4,0.0,0.4,-0.3,0.0,-169.70000000000002,0.0,0.0,169.70000000000002,0.0,21.0,29.1,29.1,29.700000000000003,300.0,300.0,31.6,35.7,29.1,28.3,30.1,4.96,1.99,4.97,0.16,0.0,0.0,1027.0,8228.0,0.0,0.0,0.0,0.0,0.0,1.0,0.0,0.0,0.0,0.0,0.0,-0.3,0.0,-0.1,0.0,0.0001,16.0,25903.0
2026-07-30T19:01:53.252Z,282.735,282.75,0.0,7.4,0.0,0.0,0.0,0.0,0.0,0.0,0.0,0.0,1.0,0.0,0.0,0.0,9.0,4.0,0.0,0.0,0.0,0.0,0.0,0.0,0.0,0.0,5.0,12.0,1.0,12.18,5.0200000000000005,2.5,1.49,0.0,0.0,0.0,0.4,0.0,-0.1,0.7000000000000001,0.6000000000000001,-169.70000000000002,0.0,0.0,169.8,0.0,21.0,29.1,29.1,29.700000000000003,300.0,300.0,31.6,35.7,29.1,28.3,30.1,4.96,2.0,4.97,0.16,0.0,0.0,1027.0,8228.0,0.0,0.0,0.0,0.0,0.0,1.0,0.0,0.0,0.0,0.0,0.0,1.3,0.0,-0.4,0.0,0.0,16.0,25903.0
2026-07-30T19:01:53.264Z,282.747,282.762,0.0,7.4,0.0,0.0,0.0,0.0,0.0,0.0,0.0,0.0,1.0,0.0,0.0,0.0,9.0,4.0,0.0,0.0,0.0,0.0,0.0,0.0,0.0,0.0,1.0,12.0,1.0,12.18,5.0200000000000005,2.5,1.49,0.0,0.0,0.0,0.4,0.0,0.4,-0.9,-1.1,-169.70000000000002,0.0,0.0,169.70000000000002,0.0,21.0,29.1,29.1,29.700000000000003,300.0,300.0,31.6,35.7,29.1,28.3,30.1,4.96,1.99,4.97,0.16,0.0,0.0,1027.0,8228.0,0.0,0.0,0.0,0.0,0.0,1.0,0.0,0.0,0.0,0.0,0.0,-1.9,0.0,0.8,0.0,0.0,16.0,25903.0
2026-07-30T19:01:53.276Z,282.759,282.774,0.0,7.4,0.0,0.0,0.0,0.0,0.0,0.0,0.0,0.0,1.0,0.0,0.0,0.0,9.0,4.0,0.0,0.0,0.0,0.0,0.0,0.0,0.0,0.0,3.0,12.0,1.0,12.18,5.0200000000000005,2.5,1.49,0.0,0.0,0.0,0.4,0.0,-0.2,0.2,1.2000000000000002,-169.70000000000002,0.0,0.0,169.8,0.0,21.0,29.1,29.1,29.700000000000003,300.0,300.0,31.6,35.7,29.1,28.3,30.1,4.95,1.99,4.97,0.16,0.0,0.0,1027.0,8228.0,0.0,0.0,0.0,0.0,0.0,1.0,0.0,0.0,0.0,0.0,0.0,1.1,0.0,-1.0,0.0,0.0001,16.0,25903.0
2026-07-30T19:01:53.288Z,282.771,282.786,0.0,7.4,0.0,0.0,0.0,0.0,0.0,0.0,0.0,0.0,1.0,0.0,0.0,0.0,9.0,4.0,0.0,0.0,0.0,0.0,0.0,0.0,0.0,0.0,4.0,12.0,1.0,12.18,5.0200000000000005,2.5,1.49,0.0,0.0,0.0,0.4,0.0,-0.2,-0.4,0.6000000000000001,-169.70000000000002,0.0,0.0,169.70000000000002,0.0,21.0,29.1,29.1,29.700000000000003,300.0,300.0,31.6,35.7,29.1,28.3,30.1,4.96,1.99,4.96,0.16,0.0,0.0,1027.0,8228.0,0.0,0.0,0.0,0.0,0.0,1.0,0.0,0.0,0.0,0.0,0.0,0.0,0.0,-0.6000000000000001,0.0,0.0,16.0,25903.0
2026-07-30T19:01:53.300Z,282.783,282.798,0.0,7.4,0.0,0.0,0.0,0.0,0.0,0.0,0.0,0.0,1.0,0.0,0.0,0.0,9.0,4.0,0.0,0.0,0.0,0.0,0.0,0.0,0.0,0.0,6.0,12.0,1.0,12.18,5.0200000000000005,2.5,1.49,0.0,0.0,0.0,0.4,0.0,-0.2,1.3,0.5,-169.70000000000002,0.0,0.0,169.8,0.0,21.0,29.1,29.1,29.700000000000003,300.0,300.0,31.6,35.7,29.1,28.3,30.1,4.96,2.0,4.97,0.16,0.0,0.0,1027.0,8228.0,0.0,0.0,0.0,0.0,0.0,1.0,0.0,0.0,0.0,0.0,0.0,1.9,0.0,-0.2,0.0,0.0,16.0,25903.0
2026-07-30T19:01:53.312Z,282.795,282.81,0.0,7.4,0.0,0.0,0.0,0.0,0.0,0.0,0.0,0.0,1.0,0.0,0.0,0.0,9.0,4.0,0.0,0.0,0.0,0.0,0.0,0.0,0.0,0.0,1.0,12.0,1.0,12.18,5.0200000000000005,2.5,1.49,0.0,0.0,0.0,0.4,0.0,-0.2,-0.4,-1.1,-169.70000000000002,0.0,0.0,169.70000000000002,0.0,21.0,29.1,29.1,29.700000000000003,300.0,300.0,31.6,35.7,29.1,28.3,30.1,4.95,2.0,4.97,0.16,0.0,0.0,1027.0,8228.0,0.0,0.0,0.0,0.0,0.0,1.0,0.0,0.0,0.0,0.0,0.0,-1.3,0.0,0.9,0.0,0.0001,16.0,25903.0
2026-07-30T19:01:53.324Z,282.807,282.822,0.0,7.4,0.0,0.0,0.0,0.0,0.0,0.0,0.0,0.0,1.0,0.0,0.0,0.0,9.0,4.0,0.0,0.0,0.0,0.0,0.0,0.0,0.0,0.0,3.0,12.0,1.0,12.18,5.0200000000000005,2.5,1.49,0.0,0.0,0.0,0.4,0.0,-0.2,-0.4,1.8,-169.70000000000002,0.0,0.0,169.8,0.0,21.0,29.1,29.1,29.700000000000003,300.0,300.0,31.6,35.7,29.1,28.3,30.1,4.96,2.0,4.97,0.16,0.0,0.0,1027.0,8228.0,0.0,0.0,0.0,0.0,0.0,1.0,0.0,0.0,0.0,0.0,0.0,0.8,0.0,-1.6,0.0,0.0001,16.0,25903.0
2026-07-30T19:01:53.337Z,282.82,282.834,0.0,7.4,0.0,0.0,0.0,0.0,0.0,0.0,0.0,0.0,1.0,0.0,0.0,0.0,9.0,4.0,0.0,0.0,0.0,0.0,0.0,0.0,0.0,0.0,4.0,12.0,1.0,12.17,5.0200000000000005,2.51,1.49,0.0,0.0,0.0,0.4,0.0,0.9,-0.4,0.6000000000000001,-169.70000000000002,0.0,0.0,169.8,0.0,21.4,29.1,29.1,29.700000000000003,300.0,300.0,31.8,35.7,29.1,28.3,30.1,4.96,1.99,4.96,0.16,0.0,0.0,1027.0,8228.0,0.0,0.0,0.0,0.0,0.0,1.0,0.0,0.0,0.0,0.0,0.0,0.0,0.0,-0.6000000000000001,0.0,0.0001,16.0,25903.0
2026-07-30T19:01:53.348Z,282.831,282.846,0.0,7.4,0.0,0.0,0.0,0.0,0.0,0.0,0.0,0.0,1.0,0.0,0.0,0.0,9.0,4.0,0.0,0.0,0.0,0.0,0.0,0.0,0.0,0.0,5.0,12.0,1.0,12.17,5.0200000000000005,2.51,1.49,0.0,0.0,0.0,0.4,0.0,-0.2,0.7000000000000001,1.2000000000000002,-169.70000000000002,0.0,0.0,169.70000000000002,0.0,21.4,29.1,29.1,29.700000000000003,300.0,300.0,31.8,35.7,29.1,28.3,30.1,4.96,1.99,4.97,0.16,0.0,0.0,1027.0,8228.0,0.0,0.0,0.0,0.0,0.0,1.0,0.0,0.0,0.0,0.0,0.0,1.7000000000000002,0.0,-0.9,0.0,0.0,16.0,25903.0
2026-07-30T19:01:53.360Z,282.843,282.858,0.0,7.4,0.0,0.0,0.0,0.0,0.0,0.0,0.0,0.0,1.0,0.0,0.0,0.0,9.0,4.0,0.0,0.0,0.0,0.0,0.0,0.0,0.0,0.0,1.0,12.0,1.0,12.17,5.0200000000000005,2.51,1.49,0.0,0.0,0.0,0.4,0.0,-0.2,-0.5,-0.5,-169.70000000000002,0.0,0.0,169.8,0.0,21.4,29.1,29.1,29.700000000000003,300.0,300.0,31.8,35.7,29.1,28.3,30.1,4.95,1.99,4.97,0.16,0.0,0.0,1027.0,8228.0,0.0,0.0,0.0,0.0,0.0,1.0,0.0,0.0,0.0,0.0,0.0,-1.0,0.0,0.3,0.0,0.0,16.0,25903.0
2026-07-30T19:01:53.372Z,282.855,282.87,-0.1,7.4,0.0,0.0,0.0,0.0,0.0,0.0,0.0,0.0,1.0,0.0,0.0,0.0,9.0,4.0,0.0,0.0,0.0,0.0,0.0,0.0,0.0,0.0,2.0,12.0,1.0,12.17,5.0200000000000005,2.51,1.49,-0.1,0.1,0.0,0.4,0.0,0.3,0.0,-0.5,-169.70000000000002,0.0,0.0,169.8,0.0,21.4,29.1,29.1,29.700000000000003,300.0,300.0,31.8,35.7,29.1,28.3,30.1,4.96,1.99,4.96,0.16,0.0,0.0,1027.0,8228.0,0.0,0.0,0.0,0.0,0.0,1.0,0.0,0.0,0.0,0.0,0.0,-0.3,0.0,0.5,0.0,0.0,16.0,25903.0
2026-07-30T19:01:53.384Z,282.867,282.882,-0.1,7.4,0.0,0.0,0.0,0.0,0.0,0.0,0.0,0.0,1.0,0.0,0.0,0.0,9.0,4.0,0.0,0.0,0.0,0.0,0.0,0.0,0.0,0.0,4.0,12.0,1.0,12.17,5.0200000000000005,2.51,1.49,0.0,0.0,0.0,0.4,0.0,-0.2,-1.1,1.1,-169.70000000000002,0.0,0.0,169.8,0.0,21.4,29.1,29.1,29.700000000000003,300.0,300.0,31.8,35.7,29.1,28.3,30.1,4.95,1.99,4.97,0.16,0.0,0.0,1027.0,8228.0,0.0,0.0,0.0,0.0,0.0,1.0,0.0,0.0,0.0,0.0,0.0,0.6000000000000001,0.0,0.1,0.0,0.0001,16.0,25903.0
2026-07-30T19:01:53.396Z,282.879,282.894,0.0,7.4,0.0,0.0,0.0,0.0,0.0,0.0,0.0,0.0,1.0,0.0,0.0,0.0,9.0,4.0,0.0,0.0,0.0,0.0,0.0,0.0,0.0,0.0,5.0,12.0,1.0,12.17,5.0200000000000005,2.51,1.49,0.0,0.0,0.0,0.4,0.0,0.2,0.0,-0.6000000000000001,-169.70000000000002,0.0,0.0,169.8,0.0,21.4,29.1,29.1,29.700000000000003,300.0,300.0,31.8,35.7,29.1,28.3,30.1,4.95,1.99,4.97,0.16,0.0,0.0,1027.0,8228.0,0.0,0.0,0.0,0.0,0.0,1.0,0.0,0.0,0.0,0.0,0.0,0.3,0.0,-0.4,0.0,0.0001,16.0,25903.0
2026-07-30T19:01:53.409Z,282.892,282.906,0.0,7.4,0.0,0.0,0.0,0.0,0.0,0.0,0.0,0.0,1.0,0.0,0.0,0.0,9.0,4.0,0.0,0.0,0.0,0.0,0.0,0.0,0.0,0.0,6.0,12.0,1.0,12.17,5.0200000000000005,2.51,1.49,0.0,0.0,0.0,0.4,0.0,0.8,-0.6000000000000001,0.4,-169.70000000000002,0.0,0.0,169.8,0.0,21.4,29.1,29.1,29.700000000000003,300.0,300.0,31.8,35.7,29.1,28.3,30.1,4.96,1.99,4.97,0.16,0.0,0.0,1027.0,8228.0,0.0,0.0,0.0,0.0,0.0,1.0,0.0,0.0,0.0,0.0,0.0,-1.2000000000000002,0.0,0.5,0.0,0.0,16.0,25903.0
2026-07-30T19:01:53.420Z,282.903,282.918,0.0,7.4,0.0,0.0,0.0,0.0,0.0,0.0,0.0,0.0,1.0,0.0,0.0,0.0,9.0,4.0,0.0,0.0,0.0,0.0,0.0,0.0,0.0,0.0,1.0,12.0,1.0,12.17,5.0200000000000005,2.51,1.49,0.0,0.0,0.0,0.4,0.0,0.2,-1.2000000000000002,-0.1,-169.70000000000002,0.0,0.0,169.70000000000002,0.0,21.4,29.1,29.1,29.700000000000003,300.0,300.0,31.8,35.7,29.1,28.3,30.1,4.95,1.99,4.97,0.16,0.0,0.0,1027.0,8228.0,0.0,0.0,0.0,0.0,0.0,1.0,0.0,0.0,0.0,0.0,0.0,-1.5,0.0,0.0,0.0,0.0,16.0,25903.0
2026-07-30T19:01:53.432Z,282.915,282.93,0.0,7.4,0.0,0.0,0.0,0.0,0.0,0.0,0.0,0.0,1.0,0.0,0.0,0.0,9.0,4.0,0.0,0.0,0.0,0.0,0.0,0.0,0.0,0.0,2.0,12.0,1.0,12.17,5.0200000000000005,2.51,1.49,0.0,0.0,0.0,0.4,0.0,0.2,0.0,-1.3,-169.70000000000002,0.0,0.0,169.70000000000002,0.0,21.4,29.1,29.1,29.700000000000003,300.0,300.0,31.8,35.7,29.1,28.3,30.1,4.96,1.99,4.97,0.16,0.0,0.0,1027.0,8228.0,0.0,0.0,0.0,0.0,0.0,1.0,0.0,0.0,0.0,0.0,0.0,-1.1,0.0,1.2000000000000002,0.0,0.0001,16.0,25903.0
2026-07-30T19:01:53.444Z,282.927,282.942,0.0,7.4,0.0,0.0,0.0,0.0,0.0,0.0,0.0,0.0,1.0,0.0,0.0,0.0,9.0,4.0,0.0,0.0,0.0,0.0,0.0,0.0,0.0,0.0,3.0,12.0,1.0,12.18,5.01,2.51,1.5,0.0,0.0,0.0,0.4,0.0,-0.8,0.5,-1.3,-169.70000000000002,0.0,0.0,169.8,0.0,21.4,29.1,29.1,29.700000000000003,300.0,300.0,31.700000000000003,35.6,29.0,28.3,30.1,4.96,1.99,4.96,0.16,0.0,0.0,1027.0,8228.0,0.0,0.0,0.0,0.0,0.0,1.0,0.0,0.0,0.0,0.0,0.0,-0.4,0.0,1.3,0.0,0.0001,16.0,25903.0
2026-07-30T19:01:53.456Z,282.939,282.954,0.0,7.4,0.0,0.0,0.0,0.0,0.0,0.0,0.0,0.0,1.0,0.0,0.0,0.0,9.0,4.0,0.0,0.0,0.0,0.0,0.0,0.0,0.0,0.0,4.0,12.0,1.0,12.18,5.01,2.51,1.5,0.0,0.0,0.0,0.4,0.0,0.2,1.0,-1.4,-169.70000000000002,0.0,0.0,169.70000000000002,0.0,21.4,29.1,29.1,29.700000000000003,300.0,300.0,31.700000000000003,35.6,29.0,28.3,30.1,4.96,1.99,4.96,0.15,0.0,0.0,1027.0,8228.0,0.0,0.0,0.0,0.0,0.0,1.0,0.0,0.0,0.0,0.0,0.0,0.1,0.0,1.4,0.0,0.0001,16.0,25903.0
2026-07-30T19:01:53.468Z,282.951,282.966,0.0,7.4,0.0,0.0,0.0,0.0,0.0,0.0,0.0,0.0,1.0,0.0,0.0,0.0,9.0,4.0,0.0,0.0,0.0,0.0,0.0,0.0,0.0,0.0,5.0,12.0,1.0,12.18,5.01,2.51,1.5,0.0,0.0,0.0,0.4,0.0,-0.3,-1.2000000000000002,0.3,-169.70000000000002,0.0,0.0,169.60000000000002,0.0,21.4,29.1,29.1,29.700000000000003,300.0,300.0,31.700000000000003,35.6,29.0,28.3,30.1,4.95,1.99,4.96,0.16,0.0,0.0,1027.0,8228.0,0.0,0.0,0.0,0.0,0.0,1.0,0.0,0.0,0.0,0.0,0.0,-1.1,0.0,-0.5,0.0,0.0001,16.0,25903.0
2026-07-30T19:01:53.481Z,282.964,282.978,0.0,7.4,0.0,0.0,0.0,0.0,0.0,0.0,0.0,0.0,1.0,0.0,0.0,0.0,9.0,4.0,0.0,0.0,0.0,0.0,0.0,0.0,0.0,0.0,6.0,12.0,1.0,12.18,5.01,2.51,1.5,0.0,0.0,0.0,0.4,0.0,-0.3,-1.2000000000000002,0.3,-169.70000000000002,0.0,0.0,169.70000000000002,0.0,21.4,29.1,29.1,29.700000000000003,300.0,300.0,31.700000000000003,35.6,29.0,28.3,30.1,4.96,1.99,4.96,0.16,0.0,0.0,1027.0,8228.0,0.0,0.0,0.0,0.0,0.0,1.0,0.0,0.0,0.0,0.0,0.0,-1.1,0.0,-0.5,0.0,0.0001,16.0,25903.0
2026-07-30T19:01:53.493Z,282.976,282.99,0.0,7.4,0.0,0.0,0.0,0.0,0.0,0.0,0.0,0.0,1.0,0.0,0.0,0.0,9.0,4.0,0.0,0.0,0.0,0.0,0.0,0.0,0.0,0.0,1.0,12.0,1.0,12.18,5.01,2.51,1.5,0.0,0.0,0.0,0.4,0.0,0.2,0.5,0.3,-169.70000000000002,0.0,0.0,169.70000000000002,0.0,21.4,29.1,29.1,29.700000000000003,300.0,300.0,31.700000000000003,35.6,29.0,28.3,30.1,4.96,1.99,4.97,0.16,0.0,0.0,1027.0,8228.0,0.0,0.0,0.0,0.0,0.0,1.0,0.0,0.0,0.0,0.0,0.0,0.8,0.0,-0.1,0.0,0.0,16.0,25903.0
2026-07-30T19:01:53.505Z,282.988,283.002,0.0,7.4,0.0,0.0,0.0,0.0,0.0,0.0,0.0,0.0,1.0,0.0,0.0,0.0,9.0,4.0,0.0,0.0,0.0,0.0,0.0,0.0,0.0,0.0,2.0,12.0,1.0,12.18,5.01,2.51,1.5,0.0,0.0,0.0,0.4,0.0,-0.3,-1.2000000000000002,-0.2,-169.70000000000002,0.0,0.0,169.60000000000002,0.0,21.4,29.1,29.1,29.700000000000003,300.0,300.0,31.700000000000003,35.6,29.0,28.3,30.1,4.96,1.99,4.97,0.16,0.0,0.0,1027.0,8228.0,0.0,0.0,0.0,0.0,0.0,1.0,0.0,0.0,0.0,0.0,0.0,-1.5,0.0,0.0,0.0,0.0,16.0,25903.0
2026-07-30T19:01:53.516Z,282.999,283.014,0.0,7.4,0.0,0.0,0.0,0.0,0.0,0.0,0.0,0.0,1.0,0.0,0.0,0.0,9.0,4.0,0.0,0.0,0.0,0.0,0.0,0.0,0.0,0.0,3.0,12.0,1.0,12.18,5.01,2.51,1.5,0.0,0.0,0.0,0.4,0.0,-0.3,-0.5,0.9,-169.70000000000002,0.0,0.0,169.70000000000002,0.0,21.4,29.1,29.1,29.700000000000003,300.0,300.0,31.700000000000003,35.6,29.0,28.3,30.1,4.95,1.99,4.96,0.16,0.0,0.0,1027.0,8228.0,0.0,0.0,0.0,0.0,0.0,1.0,0.0,0.0,0.0,0.0,0.0,0.0,0.0,-0.9,0.0,0.0001,16.0,25903.0
2026-07-30T19:01:53.528Z,283.011,283.026,0.0,7.4,0.0,0.0,0.0,0.0,0.0,0.0,0.0,0.0,1.0,0.0,0.0,0.0,9.0,4.0,0.0,0.0,0.0,0.0,0.0,0.0,0.0,0.0,5.0,12.0,1.0,12.18,5.01,2.51,1.5,0.0,0.0,0.0,0.4,0.0,-0.3,-0.5,0.9,-169.70000000000002,0.0,0.0,169.70000000000002,0.0,21.4,29.1,29.1,29.700000000000003,300.0,300.0,31.700000000000003,35.6,29.0,28.3,30.1,4.96,2.0,4.96,0.16,0.0,0.0,1027.0,8228.0,0.0,0.0,0.0,0.0,0.0,1.0,0.0,0.0,0.0,0.0,0.0,0.0,0.0,-0.9,0.0,0.0001,16.0,25903.0
2026-07-30T19:01:53.542Z,283.025,283.038,0.0,7.4,0.0,0.0,0.0,0.0,0.0,0.0,0.0,0.0,1.0,0.0,0.0,0.0,9.0,4.0,0.0,0.0,0.0,0.0,0.0,0.0,0.0,0.0,6.0,12.0,1.0,12.15,5.01,2.51,1.49,0.0,0.0,0.0,0.4,0.0,-0.9,0.6000000000000001,1.5,-169.70000000000002,0.0,0.0,169.8,0.0,21.4,29.1,29.1,29.700000000000003,300.0,300.0,31.700000000000003,35.7,29.0,28.3,30.1,4.96,1.99,4.97,0.16,0.0,0.0,1027.0,8228.0,0.0,0.0,0.0,0.0,0.0,1.0,0.0,0.0,0.0,0.0,0.0,1.8,0.0,-1.2000000000000002,0.0,0.0001,16.0,25903.0
2026-07-30T19:01:53.552Z,283.035,283.05,0.0,7.4,0.0,0.0,0.0,0.0,0.0,0.0,0.0,0.0,1.0,0.0,0.0,0.0,9.0,4.0,0.0,0.0,0.0,0.0,0.0,0.0,0.0,0.0,1.0,12.0,1.0,12.15,5.01,2.51,1.49,0.0,0.0,0.0,0.4,0.0,-0.3,0.0,-0.2,-169.70000000000002,0.0,0.0,169.8,0.0,21.4,29.1,29.1,29.700000000000003,300.0,300.0,31.700000000000003,35.7,29.0,28.3,30.1,4.95,1.99,4.97,0.16,0.0,0.0,1027.0,8228.0,0.0,0.0,0.0,0.0,0.0,1.0,0.0,0.0,0.0,0.0,0.0,-0.1,0.0,0.2,0.0,0.0001,16.0,25903.0
2026-07-30T19:01:53.564Z,283.047,283.062,0.0,7.4,0.0,0.0,0.0,0.0,0.0,0.0,0.0,0.0,1.0,0.0,0.0,0.0,9.0,4.0,0.0,0.0,0.0,0.0,0.0,0.0,0.0,0.0,2.0,12.0,1.0,12.15,5.01,2.51,1.49,0.0,0.0,0.0,0.5,0.0,0.8,0.5,-1.4,-169.70000000000002,0.0,0.0,169.70000000000002,0.0,21.4,29.1,29.1,29.700000000000003,300.0,300.0,31.700000000000003,35.7,29.0,28.3,30.1,4.96,1.99,4.96,0.16,0.0,0.0,1027.0,8228.0,0.0,0.0,0.0,0.0,0.0,1.0,0.0,0.0,0.0,0.0,0.0,-0.4,0.0,1.3,0.0,0.0002,16.0,25903.0
2026-07-30T19:01:53.576Z,283.059,283.074,0.0,7.4,0.0,0.0,0.0,0.0,0.0,0.0,0.0,0.0,1.0,0.0,0.0,0.0,9.0,4.0,0.0,0.0,0.0,0.0,0.0,0.0,0.0,0.0,2.0,12.0,1.0,12.15,5.01,2.51,1.49,0.0,0.0,0.0,0.4,0.0,-0.3,-0.5,-0.2,-169.70000000000002,0.0,0.0,169.70000000000002,0.0,21.4,29.1,29.1,29.700000000000003,300.0,300.0,31.700000000000003,35.7,29.0,28.3,30.1,4.95,1.99,4.96,0.16,0.0,0.0,1027.0,8228.0,0.0,0.0,0.0,0.0,0.0,1.0,0.0,0.0,0.0,0.0,0.0,-0.8,0.0,0.0,0.0,0.0002,16.0,25903.0
2026-07-30T19:01:53.588Z,283.071,283.086,0.0,7.4,0.0,0.0,0.0,0.0,0.0,0.0,0.0,0.0,1.0,0.0,0.0,0.0,9.0,4.0,0.0,0.0,0.0,0.0,0.0,0.0,0.0,0.0,4.0,12.0,1.0,12.15,5.01,2.51,1.49,0.0,0.1,0.0,0.4,0.0,0.2,0.5,0.3,-169.70000000000002,0.0,0.0,169.70000000000002,0.0,21.4,29.1,29.1,29.700000000000003,300.0,300.0,31.700000000000003,35.7,29.0,28.3,30.1,4.95,1.99,4.97,0.16,0.0,0.0,1027.0,8228.0,0.0,0.0,0.0,0.0,0.0,1.0,0.0,0.0,0.0,0.0,0.0,0.9,0.0,-0.1,0.0,0.0,16.0,25903.0
2026-07-30T19:01:53.600Z,283.083,283.098,0.0,7.4,0.0,0.0,0.0,0.0,0.0,0.0,0.0,0.0,1.0,0.0,0.0,0.0,9.0,4.0,0.0,0.0,0.0,0.0,0.0,0.0,0.0,0.0,5.0,12.0,1.0,12.15,5.01,2.51,1.49,0.0,0.0,0.0,0.4,0.0,0.2,0.5,0.3,-169.70000000000002,0.0,0.0,169.8,0.0,21.4,29.1,29.1,29.700000000000003,300.0,300.0,31.700000000000003,35.7,29.0,28.3,30.1,4.95,2.0,4.97,0.16,0.0,0.0,1027.0,8228.0,0.0,0.0,0.0,0.0,0.0,1.0,0.0,0.0,0.0,0.0,0.0,0.9,0.0,-0.2,0.0,0.0,16.0,25903.0
2026-07-30T19:01:53.613Z,283.096,283.11,0.0,7.4,0.0,0.0,0.0,0.0,0.0,0.0,0.0,0.0,1.0,0.0,0.0,0.0,9.0,4.0,0.0,0.0,0.0,0.0,0.0,0.0,0.0,0.0,6.0,12.0,1.0,12.15,5.01,2.51,1.49,0.0,0.0,0.0,0.4,0.0,-0.3,-0.6000000000000001,-0.2,-169.70000000000002,0.0,0.0,169.60000000000002,0.0,21.4,29.1,29.1,29.700000000000003,300.0,300.0,31.700000000000003,35.7,29.0,28.3,30.1,4.96,2.0,4.96,0.16,0.0,0.0,1027.0,8228.0,0.0,0.0,0.0,0.0,0.0,1.0,0.0,0.0,0.0,0.0,0.0,-0.8,0.0,0.0,0.0,0.0001,16.0,25903.0
2026-07-30T19:01:53.625Z,283.108,283.122,0.0,7.4,0.0,0.0,0.0,0.0,0.0,0.0,0.0,0.0,1.0,0.0,0.0,0.0,9.0,4.0,0.0,0.0,0.0,0.0,0.0,0.0,0.0,0.0,1.0,12.0,1.0,12.15,5.01,2.51,1.49,0.0,0.1,0.0,0.4,0.0,0.2,0.5,-0.8,-169.70000000000002,0.0,0.0,169.70000000000002,0.0,21.4,29.1,29.1,29.700000000000003,300.0,300.0,31.700000000000003,35.7,29.0,28.3,30.1,4.95,1.99,4.97,0.16,0.0,0.0,1027.0,8228.0,0.0,0.0,0.0,0.0,0.0,1.0,0.0,0.0,0.0,0.0,0.0,0.0,0.0,0.8,0.0,0.0002,16.0,25903.0
2026-07-30T19:01:53.637Z,283.12,283.134,0.0,7.4,0.0,0.0,0.0,0.0,0.0,0.0,0.0,0.0,1.0,0.0,0.0,0.0,9.0,4.0,0.0,0.0,0.0,0.0,0.0,0.0,0.0,0.0,2.0,12.0,1.0,12.15,5.01,2.51,1.49,0.0,0.0,0.0,0.4,0.0,-0.9,1.1,-0.2,-169.70000000000002,0.0,0.0,169.8,0.0,21.4,29.1,29.1,29.700000000000003,300.0,300.0,31.700000000000003,35.7,29.0,28.3,30.1,4.95,1.99,4.96,0.16,0.0,0.0,1027.0,8228.0,0.0,0.0,0.0,0.0,0.0,1.0,0.0,0.0,0.0,0.0,0.0,1.1,0.0,0.4,0.0,0.0,16.0,25903.0
2026-07-30T19:01:53.648Z,283.131,283.146,0.0,7.4,0.0,0.0,0.0,0.0,0.0,0.0,0.0,0.0,1.0,0.0,0.0,0.0,9.0,4.0,0.0,0.0,0.0,0.0,0.0,0.0,0.0,0.0,4.0,12.0,1.0,12.15,5.0200000000000005,2.5,1.49,0.0,0.0,0.0,0.4,0.0,0.2,1.7000000000000002,0.4,-169.70000000000002,0.0,0.0,169.8,0.0,21.3,29.1,29.1,29.700000000000003,300.0,300.0,31.700000000000003,35.7,29.0,28.200000000000003,30.1,4.96,2.0,4.96,0.16,0.0,0.0,1027.0,8228.0,0.0,0.0,0.0,0.0,0.0,1.0,0.0,0.0,0.0,0.0,0.0,2.3000000000000003,0.0,0.0,0.0,0.0001,16.0,25903.0
2026-07-30T19:01:53.660Z,283.143,283.158,0.0,7.4,0.0,0.0,0.0,0.0,0.0,0.0,0.0,0.0,1.0,0.0,0.0,0.0,9.0,4.0,0.0,0.0,0.0,0.0,0.0,0.0,0.0,0.0,5.0,12.0,1.0,12.15,5.0200000000000005,2.5,1.49,0.0,0.0,0.0,0.4,0.0,-0.3,-0.5,1.0,-169.70000000000002,0.0,0.0,169.70000000000002,0.0,21.3,29.1,29.1,29.700000000000003,300.0,300.0,31.700000000000003,35.7,29.0,28.200000000000003,30.1,4.95,2.0,4.97,0.16,0.0,0.0,1027.0,8228.0,0.0,0.0,0.0,0.0,0.0,1.0,0.0,0.0,0.0,0.0,0.0,0.1,0.0,-1.0,0.0,0.0,16.0,25903.0
2026-07-30T19:01:53.672Z,283.155,283.17,0.0,7.4,0.0,0.0,0.0,0.0,0.0,0.0,0.0,0.0,1.0,0.0,0.0,0.0,9.0,4.0,0.0,0.0,0.0,0.0,0.0,0.0,0.0,0.0,6.0,12.0,1.0,12.15,5.0200000000000005,2.5,1.49,0.0,0.0,0.0,0.4,0.0,0.8,0.0,0.3,-169.70000000000002,0.0,0.0,169.8,0.0,21.3,29.1,29.1,29.700000000000003,300.0,300.0,31.700000000000003,35.7,29.0,28.200000000000003,30.1,4.96,1.99,4.97,0.16,0.0,0.0,1027.0,8228.0,0.0,0.0,0.0,0.0,0.0,1.0,0.0,0.0,0.0,0.0,0.0,0.3,0.0,-0.3,0.0,0.0,16.0,25903.0
2026-07-30T19:01:53.684Z,283.167,283.182,0.0,7.4,0.0,0.0,0.0,0.0,0.0,0.0,0.0,0.0,1.0,0.0,0.0,0.0,9.0,4.0,0.0,0.0,0.0,0.0,0.0,0.0,0.0,0.0,1.0,12.0,1.0,12.15,5.0200000000000005,2.5,1.49,0.0,0.0,0.0,0.4,0.0,-0.3,-0.5,-0.7000000000000001,-169.70000000000002,0.0,0.0,169.8,0.0,21.3,29.1,29.1,29.700000000000003,300.0,300.0,31.700000000000003,35.7,29.0,28.200000000000003,30.1,4.96,2.0,4.97,0.16,0.0,0.0,1027.0,8228.0,0.0,0.0,0.0,0.0,0.0,1.0,0.0,0.0,0.0,0.0,0.0,-1.1,0.0,0.5,0.0,0.0001,16.0,25903.0
2026-07-30T19:01:53.697Z,283.18,283.194,0.0,7.4,0.0,0.0,0.0,0.0,0.0,0.0,0.0,0.0,1.0,0.0,0.0,0.0,9.0,4.0,0.0,0.0,0.0,0.0,0.0,0.0,0.0,0.0,2.0,12.0,1.0,12.15,5.0200000000000005,2.5,1.49,0.0,0.0,0.0,0.4,0.0,0.2,1.2000000000000002,1.0,-169.70000000000002,0.0,0.0,169.8,0.0,21.3,29.1,29.1,29.700000000000003,300.0,300.0,31.700000000000003,35.7,29.0,28.200000000000003,30.1,4.96,2.0,4.97,0.17,0.0,0.0,1027.0,8228.0,0.0,0.0,0.0,0.0,0.0,1.0,0.0,0.0,0.0,0.0,0.0,2.1,0.0,-0.6000000000000001,0.0,0.0001,16.0,25903.0
2026-07-30T19:01:53.709Z,283.192,283.206,0.0,7.4,0.0,0.0,0.0,0.0,0.0,0.0,0.0,0.0,1.0,0.0,0.0,0.0,9.0,4.0,0.0,0.0,0.0,0.0,0.0,0.0,0.0,0.0,2.0,12.0,1.0,12.15,5.0200000000000005,2.5,1.49,0.0,0.0,0.0,0.4,0.0,0.2,0.1,0.0,-169.70000000000002,0.0,0.0,169.8,0.0,21.3,29.1,29.1,29.700000000000003,300.0,300.0,31.700000000000003,35.7,29.0,28.200000000000003,30.1,4.95,2.0,4.97,0.16,0.0,0.0,1027.0,8228.0,0.0,0.0,0.0,0.0,0.0,1.0,0.0,0.0,0.0,0.0,0.0,0.1,0.0,0.1,0.0,0.0001,16.0,25903.0
2026-07-30T19:01:53.721Z,283.204,283.218,0.0,7.4,0.0,0.0,0.0,0.0,0.0,0.0,0.0,0.0,1.0,0.0,0.0,0.0,9.0,4.0,0.0,0.0,0.0,0.0,0.0,0.0,0.0,0.0,4.0,12.0,1.0,12.15,5.0200000000000005,2.5,1.49,0.0,0.0,0.0,0.5,0.0,-0.9,-0.4,-0.1,-169.70000000000002,0.0,0.0,169.8,0.0,21.3,29.1,29.1,29.700000000000003,300.0,300.0,31.700000000000003,35.7,29.0,28.200000000000003,30.1,4.95,1.99,4.96,0.16,0.0,0.0,1027.0,8228.0,0.0,0.0,0.0,0.0,0.0,1.0,0.0,0.0,0.0,0.0,0.0,-0.6000000000000001,0.0,0.0,0.0,0.0,16.0,25903.0
2026-07-30T19:01:53.732Z,283.215,283.23,0.0,7.4,0.0,0.0,0.0,0.0,0.0,0.0,0.0,0.0,1.0,0.0,0.0,0.0,9.0,4.0,0.0,0.0,0.0,0.0,0.0,0.0,0.0,0.0,5.0,12.0,1.0,12.15,5.0200000000000005,2.5,1.49,0.0,0.0,0.0,0.4,0.0,0.8,0.1,1.0,-169.70000000000002,0.0,0.0,169.8,0.0,21.3,29.1,29.1,29.700000000000003,300.0,300.0,31.700000000000003,35.7,29.0,28.200000000000003,30.1,4.95,2.0,4.96,0.16,0.0,0.0,1027.0,8228.0,0.0,0.0,0.0,0.0,0.0,1.0,0.0,0.0,0.0,0.0,0.0,0.9,0.0,-0.9,0.0,0.0001,16.0,25903.0
2026-07-30T19:01:53.746Z,283.229,283.242,0.0,7.4,0.0,0.0,0.0,0.0,0.0,0.0,0.0,0.0,1.0,0.0,0.0,0.0,9.0,4.0,0.0,0.0,0.0,0.0,0.0,0.0,0.0,0.0,6.0,12.0,1.0,12.17,5.01,2.51,1.49,0.0,0.0,0.0,0.4,0.0,0.2,0.1,-0.7000000000000001,-169.70000000000002,0.0,0.0,169.8,0.0,21.3,29.1,29.1,29.700000000000003,300.0,300.0,31.6,35.7,29.0,28.200000000000003,30.1,4.96,1.99,4.96,0.16,0.0,0.0,1027.0,8228.0,0.0,0.0,0.0,0.0,0.0,1.0,0.0,0.0,0.0,0.0,0.0,-0.4,0.0,0.6000000000000001,0.0,0.0,16.0,25903.0
2026-07-30T19:01:53.756Z,283.239,283.254,0.0,7.4,0.0,0.0,0.0,0.0,0.0,0.0,0.0,0.0,1.0,0.0,0.0,0.0,9.0,4.0,0.0,0.0,0.0,0.0,0.0,0.0,0.0,0.0,1.0,12.0,1.0,12.17,5.01,2.51,1.49,0.0,0.0,0.0,0.4,0.0,-0.2,-0.4,1.0,-169.70000000000002,0.0,0.0,169.70000000000002,0.0,21.3,29.1,29.1,29.700000000000003,300.0,300.0,31.6,35.7,29.0,28.200000000000003,30.1,4.96,1.99,4.97,0.16,0.0,0.0,1027.0,8228.0,0.0,0.0,0.0,0.0,0.0,1.0,0.0,0.0,0.0,0.0,0.0,0.3,0.0,-1.0,0.0,0.0001,16.0,25903.0
2026-07-30T19:01:53.768Z,283.251,283.266,0.0,7.4,0.0,0.0,0.0,0.0,0.0,0.0,0.0,0.0,1.0,0.0,0.0,0.0,9.0,4.0,0.0,0.0,0.0,0.0,0.0,0.0,0.0,0.0,2.0,12.0,1.0,12.17,5.01,2.51,1.49,0.0,0.0,0.0,0.5,0.0,0.9,-0.4,1.1,-169.70000000000002,0.0,0.0,169.70000000000002,0.0,21.3,29.1,29.1,29.700000000000003,300.0,300.0,31.6,35.7,29.0,28.200000000000003,30.1,4.96,1.99,4.97,0.16,0.0,0.0,1027.0,8228.0,0.0,0.0,0.0,0.0,0.0,1.0,0.0,0.0,0.0,0.0,0.0,0.3,0.0,-1.0,0.0,0.0,16.0,25903.0
2026-07-30T19:01:53.780Z,283.263,283.278,0.0,7.4,0.0,0.0,0.0,0.0,0.0,0.0,0.0,0.0,1.0,0.0,0.0,0.0,9.0,4.0,0.0,0.0,0.0,0.0,0.0,0.0,0.0,0.0,3.0,12.0,1.0,12.17,5.01,2.51,1.49,0.0,0.0,0.0,0.4,0.0,0.9,0.7000000000000001,0.5,-169.70000000000002,0.0,0.0,169.8,0.0,21.3,29.1,29.1,29.700000000000003,300.0,300.0,31.6,35.7,29.0,28.200000000000003,30.1,4.96,1.99,4.97,0.16,0.0,0.0,1027.0,8228.0,0.0,0.0,0.0,0.0,0.0,1.0,0.0,0.0,0.0,0.0,0.0,1.2000000000000002,0.0,-0.3,0.0,0.0001,16.0,25903.0
2026-07-30T19:01:53.792Z,283.275,283.29,0.0,7.4,0.0,0.0,0.0,0.0,0.0,0.0,0.0,0.0,1.0,0.0,0.0,0.0,9.0,4.0,0.0,0.0,0.0,0.0,0.0,0.0,0.0,0.0,4.0,12.0,1.0,12.17,5.01,2.51,1.49,0.0,0.0,0.0,0.4,0.0,0.3,0.7000000000000001,0.0,-169.70000000000002,0.0,0.0,169.70000000000002,0.0,21.3,29.1,29.1,29.700000000000003,300.0,300.0,31.6,35.7,29.0,28.200000000000003,30.1,4.95,1.99,4.97,0.16,0.0,0.0,1027.0,8228.0,0.0,0.0,0.0,0.0,0.0,1.0,0.0,0.0,0.0,0.0,0.0,0.8,0.0,0.2,0.0,0.0002,16.0,25903.0
2026-07-30T19:01:53.805Z,283.288,283.302,0.0,7.4,0.0,0.0,0.0,0.0,0.0,0.0,0.0,0.0,1.0,0.0,0.0,0.0,9.0,4.0,0.0,0.0,0.0,0.0,0.0,0.0,0.0,0.0,5.0,12.0,1.0,12.17,5.01,2.51,1.49,0.0,0.0,0.0,0.4,0.0,0.3,-0.4,-0.7000000000000001,-169.70000000000002,0.0,0.0,169.8,0.0,21.3,29.1,29.1,29.700000000000003,300.0,300.0,31.6,35.7,29.0,28.200000000000003,30.1,4.95,1.99,4.96,0.16,0.0,0.0,1027.0,8228.0,0.0,0.0,0.0,0.0,0.0,1.0,0.0,0.0,0.0,0.0,0.0,-0.9,0.0,0.5,0.0,0.0002,16.0,25903.0
2026-07-30T19:01:53.816Z,283.299,283.314,0.0,7.4,0.0,0.0,0.0,0.0,0.0,0.0,0.0,0.0,1.0,0.0,0.0,0.0,9.0,4.0,0.0,0.0,0.0,0.0,0.0,0.0,0.0,0.0,6.0,12.0,1.0,12.17,5.01,2.51,1.49,0.0,0.0,0.0,0.4,0.0,-0.2,-1.6,-0.1,-169.70000000000002,0.0,0.0,169.8,0.0,21.3,29.1,29.1,29.700000000000003,300.0,300.0,31.6,35.7,29.0,28.200000000000003,30.1,4.95,1.99,4.96,0.16,0.0,0.0,1027.0,8228.0,0.0,0.0,0.0,0.0,0.0,1.0,0.0,0.0,0.0,0.0,0.0,-1.9,0.0,-0.1,0.0,0.0002,16.0,25903.0
2026-07-30T19:01:53.828Z,283.311,283.326,0.0,7.4,0.0,0.0,0.0,0.0,0.0,0.0,0.0,0.0,1.0,0.0,0.0,0.0,9.0,4.0,0.0,0.0,0.0,0.0,0.0,0.0,0.0,0.0,1.0,12.0,1.0,12.17,5.01,2.51,1.49,0.0,0.0,0.0,0.5,0.0,-0.2,1.2000000000000002,0.3,-169.70000000000002,0.0,0.0,169.8,0.0,21.3,29.1,29.1,29.700000000000003,300.0,300.0,31.6,35.7,29.0,28.200000000000003,30.1,4.95,1.99,4.97,0.16,0.0,0.0,1027.0,8228.0,0.0,0.0,0.0,0.0,0.0,1.0,0.0,0.0,0.0,0.0,0.0,1.6,0.0,0.0,0.0,0.0001,16.0,25903.0
2026-07-30T19:01:53.840Z,283.323,283.338,0.0,7.4,0.0,0.0,0.0,0.0,0.0,0.0,0.0,0.0,1.0,0.0,0.0,0.0,9.0,4.0,0.0,0.0,0.0,0.0,0.0,0.0,0.0,0.0,2.0,12.0,1.0,12.17,5.01,2.51,1.49,0.0,0.1,0.0,0.4,0.0,0.8,0.6000000000000001,0.3,-169.70000000000002,0.0,0.0,169.8,0.0,21.3,29.1,29.1,29.700000000000003,300.0,300.0,31.6,35.7,29.0,28.200000000000003,30.1,4.96,2.0,4.97,0.16,0.0,0.0,1027.0,8228.0,0.0,0.0,0.0,0.0,0.0,1.0,0.0,0.0,0.0,0.0,0.0,0.9,0.0,-0.1,0.0,0.0001,16.0,25903.0
2026-07-30T19:01:53.852Z,283.335,283.35,0.0,7.4,0.0,0.0,0.0,0.0,0.0,0.0,0.0,0.0,1.0,0.0,0.0,0.0,9.0,4.0,0.0,0.0,0.0,0.0,0.0,0.0,0.0,0.0,3.0,12.0,1.0,12.17,5.0200000000000005,2.51,1.49,0.0,0.0,0.0,0.4,0.0,-0.9,-1.0,-1.9,-169.70000000000002,0.0,0.0,169.70000000000002,0.0,21.8,29.1,29.1,29.700000000000003,300.0,300.0,31.6,35.7,29.0,28.200000000000003,30.200000000000003,4.96,2.0,4.96,0.16,0.0,0.0,1027.0,8228.0,0.0,0.0,0.0,0.0,0.0,1.0,0.0,0.0,0.0,0.0,0.0,-2.7,0.0,1.5,0.0,0.0,16.0,25903.0
2026-07-30T19:01:53.864Z,283.347,283.362,0.0,7.4,0.0,0.0,0.0,0.0,0.0,0.0,0.0,0.0,1.0,0.0,0.0,0.0,9.0,4.0,0.0,0.0,0.0,0.0,0.0,0.0,0.0,0.0,4.0,12.0,1.0,12.17,5.0200000000000005,2.51,1.49,0.0,0.0,0.0,0.4,0.0,-0.3,0.0,-0.7000000000000001,-169.70000000000002,0.0,0.0,169.70000000000002,0.0,21.8,29.1,29.1,29.700000000000003,300.0,300.0,31.6,35.7,29.0,28.200000000000003,30.200000000000003,4.95,1.99,4.97,0.16,0.0,0.0,1027.0,8228.0,0.0,0.0,0.0,0.0,0.0,1.0,0.0,0.0,0.0,0.0,0.0,-0.4,0.0,0.6000000000000001,0.0,0.0,16.0,25903.0
2026-07-30T19:01:53.876Z,283.359,283.374,0.0,7.4,0.0,0.0,0.0,0.0,0.0,0.0,0.0,0.0,1.0,0.0,0.0,0.0,9.0,4.0,0.0,0.0,0.0,0.0,0.0,0.0,0.0,0.0,5.0,12.0,1.0,12.17,5.0200000000000005,2.51,1.49,0.0,0.0,0.0,0.4,0.0,0.2,0.0,-0.1,-169.70000000000002,0.0,0.0,169.70000000000002,0.0,21.8,29.1,29.1,29.700000000000003,300.0,300.0,31.6,35.7,29.0,28.200000000000003,30.200000000000003,4.95,2.0,4.96,0.16,0.0,0.0,1027.0,8228.0,0.0,0.0,0.0,0.0,0.0,1.0,0.0,0.0,0.0,0.0,0.0,0.0,0.0,0.1,0.0,0.0001,16.0,25903.0
2026-07-30T19:01:53.889Z,283.372,283.386,0.0,7.4,0.0,0.0,0.0,0.0,0.0,0.0,0.0,0.0,1.0,0.0,0.0,0.0,9.0,4.0,0.0,0.0,0.0,0.0,0.0,0.0,0.0,0.0,6.0,12.0,1.0,12.17,5.0200000000000005,2.51,1.49,0.0,0.0,0.0,0.4,0.0,0.2,0.0,-0.7000000000000001,-169.70000000000002,0.0,0.0,169.60000000000002,0.0,21.8,29.1,29.1,29.700000000000003,300.0,300.0,31.6,35.7,29.0,28.200000000000003,30.200000000000003,4.95,1.99,4.96,0.16,0.0,0.0,1027.0,8228.0,0.0,0.0,0.0,0.0,0.0,1.0,0.0,0.0,0.0,0.0,0.0,-0.4,0.0,0.6000000000000001,0.0,0.0001,16.0,25903.0
2026-07-30T19:01:53.901Z,283.384,283.398,0.0,7.4,0.0,0.0,0.0,0.0,0.0,0.0,0.0,0.0,1.0,0.0,0.0,0.0,9.0,4.0,0.0,0.0,0.0,0.0,0.0,0.0,0.0,0.0,1.0,12.0,1.0,12.17,5.0200000000000005,2.51,1.49,0.0,0.0,0.0,0.4,0.0,-0.3,-0.5,0.4,-169.70000000000002,0.0,0.0,169.70000000000002,0.0,21.8,29.1,29.1,29.700000000000003,300.0,300.0,31.6,35.7,29.0,28.200000000000003,30.200000000000003,4.95,1.99,4.96,0.16,0.0,0.0,1027.0,8228.0,0.0,0.0,0.0,0.0,0.0,1.0,0.0,0.0,0.0,0.0,0.0,1.0,0.0,-0.2,0.0,0.0001,16.0,25903.0
2026-07-30T19:01:53.913Z,283.396,283.41,0.0,7.4,0.0,0.0,0.0,0.0,0.0,0.0,0.0,0.0,1.0,0.0,0.0,0.0,9.0,4.0,0.0,0.0,0.0,0.0,0.0,0.0,0.0,0.0,2.0,12.0,1.0,12.17,5.0200000000000005,2.51,1.49,0.0,0.0,0.0,0.4,0.0,-0.9,-0.6000000000000001,-0.8,-169.70000000000002,0.0,0.0,169.8,0.0,21.8,29.1,29.1,29.700000000000003,300.0,300.0,31.6,35.7,29.0,28.200000000000003,30.200000000000003,4.95,1.99,4.97,0.16,0.0,0.0,1027.0,8228.0,0.0,0.0,0.0,0.0,0.0,1.0,0.0,0.0,0.0,0.0,0.0,-0.4,0.0,-0.4,0.0,0.0001,16.0,25903.0
2026-07-30T19:01:53.925Z,283.408,283.422,0.0,7.4,0.0,0.0,0.0,0.0,0.0,0.0,0.0,0.0,1.0,0.0,0.0,0.0,9.0,4.0,0.0,0.0,0.0,0.0,0.0,0.0,0.0,0.0,3.0,12.0,1.0,12.17,5.0200000000000005,2.51,1.49,0.0,0.0,0.0,0.4,0.0,-0.9,-1.1,0.9,-169.70000000000002,0.0,0.0,169.70000000000002,0.0,21.8,29.1,29.1,29.700000000000003,300.0,300.0,31.6,35.7,29.0,28.200000000000003,30.200000000000003,4.95,1.99,4.96,0.16,0.0,0.0,1027.0,8228.0,0.0,0.0,0.0,0.0,0.0,1.0,0.0,0.0,0.0,0.0,0.0,-2.3000000000000003,0.0,0.9,0.0,0.0001,16.0,25903.0
2026-07-30T19:01:53.936Z,283.419,283.434,0.0,7.4,0.0,0.0,0.0,0.0,0.0,0.0,0.0,0.0,1.0,0.0,0.0,0.0,9.0,4.0,0.0,0.0,0.0,0.0,0.0,0.0,0.0,0.0,4.0,12.0,1.0,12.17,5.0200000000000005,2.51,1.49,0.0,0.0,0.0,0.4,0.0,-0.3,-1.1,-0.2,-169.70000000000002,0.0,0.0,169.60000000000002,0.0,21.8,29.1,29.1,29.700000000000003,300.0,300.0,31.6,35.7,29.0,28.200000000000003,30.200000000000003,4.96,1.99,4.96,0.16,0.0,0.0,1027.0,8228.0,0.0,0.0,0.0,0.0,0.0,1.0,0.0,0.0,0.0,0.0,0.0,-1.4,0.0,0.0,0.0,0.0001,16.0,25903.0
2026-07-30T19:01:53.950Z,283.433,283.446,0.0,7.4,0.0,0.0,0.0,0.0,0.0,0.0,0.0,0.0,1.0,0.0,0.0,0.0,9.0,4.0,0.0,0.0,0.0,0.0,0.0,0.0,0.0,0.0,6.0,12.0,1.0,12.13,5.01,2.5,1.5,0.0,0.0,0.0,0.4,0.0,-0.3,-0.5,0.3,-169.70000000000002,0.0,0.0,169.70000000000002,0.0,21.700000000000003,29.1,29.1,29.700000000000003,300.0,300.0,31.4,35.7,29.0,28.200000000000003,30.200000000000003,4.95,1.99,4.97,0.16,0.0,0.0,1027.0,8228.0,0.0,0.0,0.0,0.0,0.0,1.0,0.0,0.0,0.0,0.0,0.0,-0.3,0.0,-0.4,0.0,0.0002,16.0,25903.0
2026-07-30T19:01:53.961Z,283.444,283.458,0.0,7.4,0.0,0.0,0.0,0.0,0.0,0.0,0.0,0.0,1.0,0.0,0.0,0.0,9.0,4.0,0.0,0.0,0.0,0.0,0.0,0.0,0.0,0.0,6.0,12.0,1.0,12.13,5.01,2.5,1.5,0.0,0.0,0.0,0.4,0.0,-0.3,-0.5,-0.7000000000000001,-169.70000000000002,0.0,0.0,169.8,0.0,21.700000000000003,29.1,29.1,29.700000000000003,300.0,300.0,31.4,35.7,29.0,28.200000000000003,30.200000000000003,4.96,1.99,4.96,0.16,0.0,0.0,1027.0,8228.0,0.0,0.0,0.0,0.0,0.0,1.0,0.0,0.0,0.0,0.0,0.0,-1.2000000000000002,0.0,0.5,0.0,0.0001,16.0,25903.0
2026-07-30T19:01:53.973Z,283.456,283.47,0.0,7.4,0.0,0.0,0.0,0.0,0.0,0.0,0.0,0.0,1.0,0.0,0.0,0.0,9.0,4.0,0.0,0.0,0.0,0.0,0.0,0.0,0.0,0.0,1.0,12.0,1.0,12.13,5.01,2.5,1.5,0.0,0.0,0.0,0.4,0.0,0.8,-0.5,-0.2,-169.70000000000002,0.0,0.0,169.70000000000002,0.0,21.700000000000003,29.1,29.1,29.700000000000003,300.0,300.0,31.4,35.7,29.0,28.200000000000003,30.200000000000003,4.96,2.0,4.97,0.16,0.0,0.0,1027.0,8228.0,0.0,0.0,0.0,0.0,0.0,1.0,0.0,0.0,0.0,0.0,0.0,-0.7000000000000001,0.0,0.0,0.0,0.0002,16.0,25903.0
2026-07-30T19:01:53.984Z,283.467,283.482,0.0,7.4,0.0,0.0,0.0,0.0,0.0,0.0,0.0,0.0,1.0,0.0,0.0,0.0,9.0,4.0,0.0,0.0,0.0,0.0,0.0,0.0,0.0,0.0,2.0,12.0,1.0,12.13,5.01,2.5,1.5,0.0,0.0,0.0,0.4,0.0,-0.3,1.1,-0.2,-169.70000000000002,0.0,0.0,169.8,0.0,21.700000000000003,29.1,29.1,29.700000000000003,300.0,300.0,31.4,35.7,29.0,28.200000000000003,30.200000000000003,4.95,1.99,4.97,0.16,0.0,0.0,1027.0,8228.0,0.0,0.0,0.0,0.0,0.0,1.0,0.0,0.0,0.0,0.0,0.0,1.1,0.0,0.4,0.0,0.0002,16.0,25903.0
2026-07-30T19:01:53.997Z,283.48,283.494,0.0,7.4,0.0,0.0,0.0,0.0,0.0,0.0,0.0,0.0,1.0,0.0,0.0,0.0,9.0,4.0,0.0,0.0,0.0,0.0,0.0,0.0,0.0,0.0,3.0,12.0,1.0,12.13,5.01,2.5,1.5,0.0,0.0,0.0,0.4,0.0,-0.8,-0.5,-0.2,-169.70000000000002,0.0,0.0,169.8,0.0,21.700000000000003,29.1,29.1,29.700000000000003,300.0,300.0,31.4,35.7,29.0,28.200000000000003,30.200000000000003,4.95,1.99,4.97,0.16,0.0,0.0,1027.0,8228.0,0.0,0.0,0.0,0.0,0.0,1.0,0.0,0.0,0.0,0.0,0.0,-0.8,0.0,0.0,0.0,0.0001,16.0,25903.0
2026-07-30T19:01:54.008Z,283.491,283.50600000000003,0.0,7.4,0.0,0.0,0.0,0.0,0.0,0.0,0.0,0.0,1.0,0.0,0.0,0.0,9.0,4.0,0.0,0.0,0.0,0.0,0.0,0.0,0.0,0.0,5.0,12.0,1.0,12.13,5.01,2.5,1.5,0.0,0.0,0.0,0.4,0.0,-0.2,-1.1,-0.2,-169.70000000000002,0.0,0.0,169.70000000000002,0.0,21.700000000000003,29.1,29.1,29.700000000000003,300.0,300.0,31.4,35.7,29.0,28.200000000000003,30.200000000000003,4.95,2.0,4.96,0.16,0.0,0.0,1027.0,8228.0,0.0,0.0,0.0,0.0,0.0,1.0,0.0,0.0,0.0,0.0,0.0,-1.4,0.0,0.0,0.0,0.0001,16.0,25903.0
2026-07-30T19:01:54.020Z,283.503,283.51800000000003,0.0,7.4,0.0,0.0,0.0,0.0,0.0,0.0,0.0,0.0,1.0,0.0,0.0,0.0,9.0,4.0,0.0,0.0,0.0,0.0,0.0,0.0,0.0,0.0,6.0,12.0,1.0,12.13,5.01,2.5,1.5,-0.1,0.0,0.0,0.5,0.0,-0.2,0.0,-0.8,-169.70000000000002,0.0,0.0,169.8,0.0,21.700000000000003,29.1,29.1,29.700000000000003,300.0,300.0,31.4,35.7,29.0,28.200000000000003,30.200000000000003,4.95,1.99,4.97,0.16,0.0,0.0,1027.0,8228.0,0.0,0.0,0.0,0.0,0.0,1.0,0.0,0.0,0.0,0.0,0.0,-0.6000000000000001,0.0,0.7000000000000001,0.0,0.0001,16.0,25903.0
2026-07-30T19:01:54.032Z,283.515,283.53000000000003,0.0,7.4,0.0,0.0,0.0,0.0,0.0,0.0,0.0,0.0,1.0,0.0,0.0,0.0,9.0,4.0,0.0,0.0,0.0,0.0,0.0,0.0,0.0,0.0,1.0,12.0,1.0,12.13,5.01,2.5,1.5,0.0,0.0,0.0,0.5,0.0,-0.8,-1.1,-0.8,-169.70000000000002,0.0,0.0,169.70000000000002,0.0,21.700000000000003,29.1,29.1,29.700000000000003,300.0,300.0,31.4,35.7,29.0,28.200000000000003,30.200000000000003,4.95,1.99,4.97,0.16,0.0,0.0,1027.0,8228.0,0.0,0.0,0.0,0.0,0.0,1.0,0.0,0.0,0.0,0.0,0.0,-1.9,0.0,0.5,0.0,0.0,16.0,25903.0
2026-07-30T19:01:54.044Z,283.527,283.54200000000003,0.0,7.4,0.0,0.0,0.0,0.0,0.0,0.0,0.0,0.0,1.0,0.0,0.0,0.0,9.0,4.0,0.0,0.0,0.0,0.0,0.0,0.0,0.0,0.0,2.0,12.0,1.0,12.13,5.01,2.5,1.5,0.0,0.0,0.0,0.5,0.0,0.3,0.5,0.3,-169.70000000000002,0.0,0.0,169.70000000000002,0.0,21.700000000000003,29.1,29.1,29.700000000000003,300.0,300.0,31.4,35.7,29.0,28.200000000000003,30.200000000000003,4.96,1.99,4.96,0.16,0.0,0.0,1027.0,8228.0,0.0,0.0,0.0,0.0,0.0,1.0,0.0,0.0,0.0,0.0,0.0,0.9,0.0,-0.1,0.0,0.0002,16.0,25903.0
2026-07-30T19:01:54.057Z,283.54,283.55400000000003,0.0,7.4,0.0,0.0,0.0,0.0,0.0,0.0,0.0,0.0,1.0,0.0,0.0,0.0,9.0,4.0,0.0,0.0,0.0,0.0,0.0,0.0,0.0,0.0,3.0,12.0,1.0,12.15,5.01,2.51,1.49,0.0,0.0,0.0,0.5,0.0,-0.2,-0.5,-0.2,-169.70000000000002,0.0,0.0,169.8,0.0,21.8,29.1,29.1,29.700000000000003,300.0,300.0,31.5,35.7,29.0,28.3,30.1,4.95,2.0,4.96,0.16,0.0,0.0,1027.0,8228.0,0.0,0.0,0.0,0.0,0.0,1.0,0.0,0.0,0.0,0.0,0.0,-0.8,0.0,0.0,0.0,0.0002,16.0,25903.0
2026-07-30T19:01:54.069Z,283.552,283.56600000000003,0.0,7.4,0.0,0.0,0.0,0.0,0.0,0.0,0.0,0.0,1.0,0.0,0.0,0.0,9.0,4.0,0.0,0.0,0.0,0.0,0.0,0.0,0.0,0.0,5.0,12.0,1.0,12.15,5.01,2.51,1.49,0.0,0.0,0.0,0.5,0.0,-0.2,0.0,-0.2,-169.70000000000002,0.0,0.0,169.8,0.0,21.8,29.1,29.1,29.700000000000003,300.0,300.0,31.5,35.7,29.0,28.3,30.1,4.95,1.99,4.97,0.16,0.0,0.0,1027.0,8228.0,0.0,0.0,0.0,0.0,0.0,1.0,0.0,0.0,0.0,0.0,0.0,-0.2,0.0,0.2,0.0,0.0002,16.0,25903.0
2026-07-30T19:01:54.080Z,283.563,283.57800000000003,0.0,7.4,0.0,0.0,0.0,0.0,0.0,0.0,0.0,0.0,1.0,0.0,0.0,0.0,9.0,4.0,0.0,0.0,0.0,0.0,0.0,0.0,0.0,0.0,6.0,12.0,1.0,12.15,5.01,2.51,1.49,0.0,0.1,0.0,0.5,0.0,-0.2,1.1,-0.2,-169.70000000000002,0.0,0.0,169.8,0.0,21.8,29.1,29.1,29.700000000000003,300.0,300.0,31.5,35.7,29.0,28.3,30.1,4.95,2.0,4.97,0.16,0.0,0.0,1027.0,8228.0,0.0,0.0,0.0,0.0,0.0,1.0,0.0,0.0,0.0,0.0,0.0,1.0,0.0,0.4,0.0,0.0001,16.0,25903.0
2026-07-30T19:01:54.092Z,283.575,283.59000000000003,0.0,7.4,0.0,0.0,0.0,0.0,0.0,0.0,0.0,0.0,1.0,0.0,0.0,0.0,9.0,4.0,0.0,0.0,0.0,0.0,0.0,0.0,0.0,0.0,1.0,12.0,1.0,12.15,5.01,2.51,1.49,0.0,0.0,0.0,0.4,0.0,0.3,-0.6000000000000001,-0.2,-169.70000000000002,0.0,0.0,169.8,0.0,21.8,29.1,29.1,29.700000000000003,300.0,300.0,31.5,35.7,29.0,28.3,30.1,4.96,2.0,4.96,0.16,0.0,0.0,1027.0,8228.0,0.0,0.0,0.0,0.0,0.0,1.0,0.0,0.0,0.0,0.0,0.0,-0.8,0.0,0.0,0.0,0.0001,16.0,25903.0
2026-07-30T19:01:54.104Z,283.587,283.60200000000003,0.0,7.4,0.0,0.0,0.0,0.0,0.0,0.0,0.0,0.0,1.0,0.0,0.0,0.0,9.0,4.0,0.0,0.0,0.0,0.0,0.0,0.0,0.0,0.0,2.0,12.0,1.0,12.15,5.01,2.51,1.49,0.0,0.0,0.0,0.4,0.0,-0.2,0.0,0.3,-169.70000000000002,0.0,0.0,169.70000000000002,0.0,21.8,29.1,29.1,29.700000000000003,300.0,300.0,31.5,35.7,29.0,28.3,30.1,4.95,1.99,4.97,0.16,0.0,0.0,1027.0,8228.0,0.0,0.0,0.0,0.0,0.0,1.0,0.0,0.0,0.0,0.0,0.0,0.2,0.0,-0.3,0.0,0.0,16.0,25903.0
2026-07-30T19:01:54.117Z,283.6,283.61400000000003,0.0,7.4,0.0,0.0,0.0,0.0,0.0,0.0,0.0,0.0,1.0,0.0,0.0,0.0,9.0,4.0,0.0,0.0,0.0,0.0,0.0,0.0,0.0,0.0,3.0,12.0,1.0,12.15,5.01,2.51,1.49,0.0,0.1,0.0,0.4,0.0,0.3,1.1,-0.1,-169.70000000000002,0.0,0.0,169.70000000000002,0.0,21.8,29.1,29.1,29.700000000000003,300.0,300.0,31.5,35.7,29.0,28.3,30.1,4.95,1.99,4.97,0.16,0.0,0.0,1027.0,8228.0,0.0,0.0,0.0,0.0,0.0,1.0,0.0,0.0,0.0,0.0,0.0,1.1,0.0,0.3,0.0,0.0001,16.0,25903.0
2026-07-30T19:01:54.128Z,283.611,283.62600000000003,0.0,7.4,0.0,0.0,0.0,0.0,0.0,0.0,0.0,0.0,1.0,0.0,0.0,0.0,9.0,4.0,0.0,0.0,0.0,0.0,0.0,0.0,0.0,0.0,4.0,12.0,1.0,12.15,5.01,2.51,1.49,0.0,0.0,0.0,0.4,0.0,-0.2,1.1,-0.1,-169.70000000000002,0.0,0.0,169.70000000000002,0.0,21.8,29.1,29.1,29.700000000000003,300.0,300.0,31.5,35.7,29.0,28.3,30.1,4.96,1.99,4.97,0.16,0.0,0.0,1027.0,8228.0,0.0,0.0,0.0,0.0,0.0,1.0,0.0,0.0,0.0,0.0,0.0,1.1,0.0,0.3,0.0,0.0001,16.0,25903.0
2026-07-30T19:01:54.140Z,283.623,283.63800000000003,0.0,7.4,0.0,0.0,0.0,0.0,0.0,0.0,0.0,0.0,1.0,0.0,0.0,0.0,9.0,4.0,0.0,0.0,0.0,0.0,0.0,0.0,0.0,0.0,6.0,12.0,1.0,12.15,5.01,2.51,1.49,0.0,0.1,0.0,0.4,0.0,0.3,-0.5,-0.1,-169.70000000000002,0.0,0.0,169.70000000000002,0.0,21.8,29.1,29.1,29.700000000000003,300.0,300.0,31.5,35.7,29.0,28.3,30.1,4.95,1.99,4.97,0.16,0.0,0.0,1027.0,8228.0,0.0,0.0,0.0,0.0,0.0,1.0,0.0,0.0,0.0,0.0,0.0,-0.7000000000000001,0.0,0.0,0.0,0.0001,16.0,25903.0
2026-07-30T19:01:54.153Z,283.636,283.65000000000003,0.0,7.4,0.0,0.0,0.0,0.0,0.0,0.0,0.0,0.0,1.0,0.0,0.0,0.0,9.0,4.0,0.0,0.0,0.0,0.0,0.0,0.0,0.0,0.0,1.0,12.0,1.0,12.19,5.0200000000000005,2.51,1.5,0.0,0.0,0.0,0.4,0.0,0.3,0.0,1.5,-169.70000000000002,0.0,0.0,169.60000000000002,0.0,21.3,29.1,29.1,29.700000000000003,300.0,300.0,31.700000000000003,35.7,29.1,28.200000000000003,30.200000000000003,4.95,1.99,4.97,0.16,0.0,0.0,1027.0,8228.0,0.0,0.0,0.0,0.0,0.0,1.0,0.0,0.0,0.0,0.0,0.0,1.2000000000000002,0.0,-1.4,0.0,0.0,16.0,25903.0
2026-07-30T19:01:54.164Z,283.647,283.662,0.0,7.4,0.0,0.0,0.0,0.0,0.0,0.0,0.0,0.0,1.0,0.0,0.0,0.0,9.0,4.0,0.0,0.0,0.0,0.0,0.0,0.0,0.0,0.0,2.0,12.0,1.0,12.19,5.0200000000000005,2.51,1.5,0.0,0.0,0.0,0.4,0.0,-0.2,1.1,-0.7000000000000001,-169.70000000000002,0.0,0.0,169.60000000000002,0.0,21.3,29.1,29.1,29.700000000000003,300.0,300.0,31.700000000000003,35.7,29.1,28.200000000000003,30.200000000000003,4.95,2.0,4.96,0.16,0.0,0.0,1027.0,8228.0,0.0,0.0,0.0,0.0,0.0,1.0,0.0,0.0,0.0,0.0,0.0,0.7000000000000001,0.0,0.8,0.0,0.0001,16.0,25903.0
2026-07-30T19:01:54.177Z,283.66,283.674,0.0,7.4,0.0,0.0,0.0,0.0,0.0,0.0,0.0,0.0,1.0,0.0,0.0,0.0,9.0,4.0,0.0,0.0,0.0,0.0,0.0,0.0,0.0,0.0,3.0,12.0,1.0,12.19,5.0200000000000005,2.51,1.5,0.0,0.0,0.0,0.4,0.0,-1.3,-0.6000000000000001,-0.7000000000000001,-169.70000000000002,0.0,0.0,169.60000000000002,0.0,21.3,29.1,29.1,29.700000000000003,300.0,300.0,31.700000000000003,35.7,29.1,28.200000000000003,30.200000000000003,4.96,1.99,4.96,0.16,0.0,0.0,1027.0,8228.0,0.0,0.0,0.0,0.0,0.0,1.0,0.0,0.0,0.0,0.0,0.0,-1.2000000000000002,0.0,0.5,0.0,0.0,16.0,25903.0
2026-07-30T19:01:54.189Z,283.672,283.686,0.0,7.4,0.0,0.0,0.0,0.0,0.0,0.0,0.0,0.0,1.0,0.0,0.0,0.0,9.0,4.0,0.0,0.0,0.0,0.0,0.0,0.0,0.0,0.0,4.0,12.0,1.0,12.19,5.0200000000000005,2.51,1.5,0.0,0.0,0.0,0.4,0.0,0.9,0.6000000000000001,0.0,-169.70000000000002,0.0,0.0,169.70000000000002,0.0,21.3,29.1,29.1,29.700000000000003,300.0,300.0,31.700000000000003,35.7,29.1,28.200000000000003,30.200000000000003,4.95,1.99,4.97,0.16,0.0,0.0,1027.0,8228.0,0.0,0.0,0.0,0.0,0.0,1.0,0.0,0.0,0.0,0.0,0.0,0.6000000000000001,0.0,0.2,0.0,0.0,16.0,25903.0
2026-07-30T19:01:54.201Z,283.684,283.698,0.0,7.4,0.0,0.0,0.0,0.0,0.0,0.0,0.0,0.0,1.0,0.0,0.0,0.0,9.0,4.0,0.0,0.0,0.0,0.0,0.0,0.0,0.0,0.0,5.0,12.0,1.0,12.19,5.0200000000000005,2.51,1.5,0.0,0.0,0.0,0.4,0.0,-0.7000000000000001,-1.0,0.5,-169.70000000000002,0.0,0.0,169.70000000000002,0.0,21.3,29.1,29.1,29.700000000000003,300.0,300.0,31.700000000000003,35.7,29.1,28.200000000000003,30.200000000000003,4.96,1.99,4.96,0.16,0.0,0.0,1027.0,8228.0,0.0,0.0,0.0,0.0,0.0,1.0,0.0,0.0,0.0,0.0,0.0,-0.8,0.0,-0.6000000000000001,0.0,0.0002,16.0,25903.0
2026-07-30T19:01:54.213Z,283.696,283.71,0.0,7.4,0.0,0.0,0.0,0.0,0.0,0.0,0.0,0.0,1.0,0.0,0.0,0.0,9.0,4.0,0.0,0.0,0.0,0.0,0.0,0.0,0.0,0.0,6.0,12.0,1.0,12.19,5.0200000000000005,2.51,1.5,0.0,0.0,0.0,0.4,0.0,0.4,1.3,1.6,-169.70000000000002,0.0,0.0,169.60000000000002,0.0,21.3,29.1,29.1,29.700000000000003,300.0,300.0,31.700000000000003,35.7,29.1,28.200000000000003,30.200000000000003,4.96,1.99,4.96,0.16,0.0,0.0,1027.0,8228.0,0.0,0.0,0.0,0.0,0.0,1.0,0.0,0.0,0.0,0.0,0.0,2.7,0.0,-1.1,0.0,0.0,16.0,25903.0
2026-07-30T19:01:54.224Z,283.707,283.722,0.0,7.4,0.0,0.0,0.0,0.0,0.0,0.0,0.0,0.0,1.0,0.0,0.0,0.0,9.0,4.0,0.0,0.0,0.0,0.0,0.0,0.0,0.0,0.0,2.0,12.0,1.0,12.19,5.0200000000000005,2.51,1.5,0.0,0.0,0.0,0.4,0.0,-0.1,-0.4,-1.2000000000000002,-169.70000000000002,0.0,0.0,169.8,0.0,21.3,29.1,29.1,29.700000000000003,300.0,300.0,31.700000000000003,35.7,29.1,28.200000000000003,30.200000000000003,4.95,1.99,4.96,0.16,0.0,0.0,1027.0,8228.0,0.0,0.0,0.0,0.0,0.0,1.0,0.0,0.0,0.0,0.0,0.0,-1.4,0.0,1.0,0.0,0.0002,16.0,25903.0
2026-07-30T19:01:54.236Z,283.719,283.734,0.0,7.4,0.0,0.0,0.0,0.0,0.0,0.0,0.0,0.0,1.0,0.0,0.0,0.0,9.0,4.0,0.0,0.0,0.0,0.0,0.0,0.0,0.0,0.0,3.0,12.0,1.0,12.19,5.0200000000000005,2.51,1.5,0.0,0.0,0.0,0.4,0.0,-0.1,-1.0,-1.3,-169.70000000000002,0.0,0.0,169.70000000000002,0.0,21.3,29.1,29.1,29.700000000000003,300.0,300.0,31.700000000000003,35.7,29.1,28.200000000000003,30.200000000000003,4.95,1.99,4.97,0.16,0.0,0.0,1027.0,8228.0,0.0,0.0,0.0,0.0,0.0,1.0,0.0,0.0,0.0,0.0,0.0,-2.2,0.0,0.9,0.0,0.0002,16.0,25903.0
2026-07-30T19:01:54.249Z,283.732,283.746,0.0,7.4,0.0,0.0,0.0,0.0,0.0,0.0,0.0,0.0,1.0,0.0,0.0,0.0,9.0,4.0,0.0,0.0,0.0,0.0,0.0,0.0,0.0,0.0,3.0,12.0,1.0,12.19,5.0200000000000005,2.51,1.5,0.0,0.0,0.0,0.4,0.0,0.3,-0.4,0.3,-169.70000000000002,0.0,0.0,169.8,0.0,21.3,29.1,29.1,29.700000000000003,300.0,300.0,31.700000000000003,35.7,29.1,28.200000000000003,30.200000000000003,4.96,1.99,4.96,0.16,0.0,0.0,1027.0,8228.0,0.0,0.0,0.0,0.0,0.0,1.0,0.0,0.0,0.0,0.0,0.0,-0.2,0.0,-0.4,0.0,0.0001,16.0,25903.0
2026-07-30T19:01:54.260Z,283.743,283.758,0.0,7.4,0.0,0.0,0.0,0.0,0.0,0.0,0.0,0.0,1.0,0.0,0.0,0.0,9.0,4.0,0.0,0.0,0.0,0.0,0.0,0.0,0.0,0.0,4.0,12.0,1.0,12.18,5.01,2.5,1.49,0.0,0.0,0.0,0.4,0.0,-0.7000000000000001,0.1,-0.7000000000000001,-169.70000000000002,0.0,0.0,169.8,0.0,21.4,29.1,29.1,29.700000000000003,300.0,300.0,31.8,35.7,29.1,28.3,30.1,4.96,1.99,4.97,0.16,0.0,0.0,1027.0,8228.0,0.0,0.0,0.0,0.0,0.0,1.0,0.0,0.0,0.0,0.0,0.0,-0.4,0.0,0.6000000000000001,0.0,0.0001,16.0,25903.0
2026-07-30T19:01:54.272Z,283.755,283.77,0.0,7.4,0.0,0.0,0.0,0.0,0.0,0.0,0.0,0.0,1.0,0.0,0.0,0.0,9.0,4.0,0.0,0.0,0.0,0.0,0.0,0.0,0.0,0.0,5.0,12.0,1.0,12.18,5.01,2.5,1.49,0.0,0.0,0.0,0.4,0.0,1.5,0.7000000000000001,2.2,-169.70000000000002,0.0,0.0,169.70000000000002,0.0,21.4,29.1,29.1,29.700000000000003,300.0,300.0,31.8,35.7,29.1,28.3,30.1,4.95,1.99,4.97,0.16,0.0,0.0,1027.0,8228.0,0.0,0.0,0.0,0.0,0.0,1.0,0.0,0.0,0.0,0.0,0.0,2.5,0.0,-1.7000000000000002,0.0,0.0,16.0,25903.0
2026-07-30T19:01:54.284Z,283.767,283.782,0.0,7.4,0.0,0.0,0.0,0.0,0.0,0.0,0.0,0.0,1.0,0.0,0.0,0.0,9.0,4.0,0.0,0.0,0.0,0.0,0.0,0.0,0.0,0.0,6.0,12.0,1.0,12.18,5.01,2.5,1.49,0.0,0.0,0.0,0.4,0.0,-0.7000000000000001,-0.3,-1.3,-169.70000000000002,0.0,0.0,169.60000000000002,0.0,21.4,29.1,29.1,29.700000000000003,300.0,300.0,31.8,35.7,29.1,28.3,30.1,4.95,1.99,4.96,0.16,0.0,0.0,1027.0,8228.0,0.0,0.0,0.0,0.0,0.0,1.0,0.0,0.0,0.0,0.0,0.0,-1.4,0.0,1.0,0.0,0.0003,16.0,25903.0
2026-07-30T19:01:54.296Z,283.779,283.794,0.0,7.4,0.0,0.0,0.0,0.0,0.0,0.0,0.0,0.0,1.0,0.0,0.0,0.0,9.0,4.0,0.0,0.0,0.0,0.0,0.0,0.0,0.0,0.0,1.0,12.0,1.0,12.18,5.01,2.5,1.49,0.0,0.1,0.0,0.4,0.0,-0.2,-1.5,-2.4000000000000004,-169.70000000000002,0.0,0.0,169.70000000000002,0.0,21.4,29.1,29.1,29.700000000000003,300.0,300.0,31.8,35.7,29.1,28.3,30.1,4.95,1.99,4.96,0.16,0.0,0.0,1027.0,8228.0,0.0,0.0,0.0,0.0,0.0,1.0,0.0,0.0,0.0,0.0,0.0,-3.6,0.0,1.8,0.0,0.0001,16.0,25903.0
2026-07-30T19:01:54.308Z,283.791,283.806,0.0,7.4,0.0,0.0,0.0,0.0,0.0,0.0,0.0,0.0,1.0,0.0,0.0,0.0,9.0,4.0,0.0,0.0,0.0,0.0,0.0,0.0,0.0,0.0,2.0,12.0,1.0,12.18,5.01,2.5,1.49,0.0,0.0,0.0,0.4,0.0,-0.2,-0.4,-0.1,-169.70000000000002,0.0,0.0,169.70000000000002,0.0,21.4,29.1,29.1,29.700000000000003,300.0,300.0,31.8,35.7,29.1,28.3,30.1,4.95,1.99,4.97,0.16,0.0,0.0,1027.0,8228.0,0.0,0.0,0.0,0.0,0.0,1.0,0.0,0.0,0.0,0.0,0.0,-0.6000000000000001,0.0,0.0,0.0,0.0,16.0,25903.0
2026-07-30T19:01:54.321Z,283.804,283.818,0.0,7.4,0.0,0.0,0.0,0.0,0.0,0.0,0.0,0.0,1.0,0.0,0.0,0.0,9.0,4.0,0.0,0.0,0.0,0.0,0.0,0.0,0.0,0.0,2.0,12.0,1.0,12.18,5.01,2.5,1.49,0.0,0.1,0.0,0.4,0.0,-0.8,-0.4,-0.8,-169.70000000000002,0.0,0.0,169.60000000000002,0.0,21.4,29.1,29.1,29.700000000000003,300.0,300.0,31.8,35.7,29.1,28.3,30.1,4.95,2.0,4.97,0.16,0.0,0.0,1027.0,8228.0,0.0,0.0,0.0,0.0,0.0,1.0,0.0,0.0,0.0,0.0,0.0,-1.1,0.0,0.6000000000000001,0.0,0.0,16.0,25903.0
2026-07-30T19:01:54.332Z,283.815,283.83,0.0,7.4,0.0,0.0,0.0,0.0,0.0,0.0,0.0,0.0,1.0,0.0,0.0,0.0,9.0,4.0,0.0,0.0,0.0,0.0,0.0,0.0,0.0,0.0,3.0,12.0,1.0,12.18,5.01,2.5,1.49,0.0,0.0,0.0,0.4,0.0,-0.8,-1.6,-0.8,-169.70000000000002,0.0,0.0,169.70000000000002,0.0,21.4,29.1,29.1,29.700000000000003,300.0,300.0,31.8,35.7,29.1,28.3,30.1,4.96,2.0,4.96,0.16,0.0,0.0,1027.0,8228.0,0.0,0.0,0.0,0.0,0.0,1.0,0.0,0.0,0.0,0.0,0.0,-2.5,0.0,0.4,0.0,0.0,16.0,25903.0
2026-07-30T19:01:54.344Z,283.827,283.842,0.0,7.4,0.0,0.0,0.0,0.0,0.0,0.0,0.0,0.0,1.0,0.0,0.0,0.0,9.0,4.0,0.0,0.0,0.0,0.0,0.0,0.0,0.0,0.0,4.0,12.0,1.0,12.18,5.01,2.5,1.49,0.0,0.0,0.0,0.5,0.0,-0.2,0.1,-0.2,-169.70000000000002,0.0,0.0,169.70000000000002,0.0,21.4,29.1,29.1,29.700000000000003,300.0,300.0,31.8,35.7,29.1,28.3,30.1,4.96,1.99,4.97,0.16,0.0,0.0,1027.0,8228.0,0.0,0.0,0.0,0.0,0.0,1.0,0.0,0.0,0.0,0.0,0.0,0.0,0.0,0.2,0.0,0.0,16.0,25903.0
2026-07-30T19:01:54.357Z,283.84,283.854,0.0,7.4,0.0,0.0,0.0,0.0,0.0,0.0,0.0,0.0,1.0,0.0,0.0,0.0,9.0,4.0,0.0,0.0,0.0,0.0,0.0,0.0,0.0,0.0,5.0,12.0,1.0,12.19,5.01,2.51,1.49,0.0,0.0,0.0,0.4,0.0,0.3,1.2000000000000002,0.3,-169.70000000000002,0.0,0.0,169.60000000000002,0.0,21.3,29.1,29.1,29.700000000000003,300.0,300.0,31.6,35.7,29.1,28.3,30.1,4.96,1.99,4.97,0.16,0.0,0.0,1027.0,8228.0,0.0,0.0,0.0,0.0,0.0,1.0,0.0,0.0,0.0,0.0,0.0,1.6,0.0,0.0,0.0,0.0,16.0,25903.0
2026-07-30T19:01:54.368Z,283.851,283.866,0.0,7.4,0.0,0.0,0.0,0.0,0.0,0.0,0.0,0.0,1.0,0.0,0.0,0.0,9.0,4.0,0.0,0.0,0.0,0.0,0.0,0.0,0.0,0.0,6.0,12.0,1.0,12.19,5.01,2.51,1.49,0.0,0.0,0.0,0.4,0.0,0.9,0.0,0.3,-169.70000000000002,0.0,0.0,169.70000000000002,0.0,21.3,29.1,29.1,29.700000000000003,300.0,300.0,31.6,35.7,29.1,28.3,30.1,4.95,1.99,4.97,0.16,0.0,0.0,1027.0,8228.0,0.0,0.0,0.0,0.0,0.0,1.0,0.0,0.0,0.0,0.0,0.0,0.3,0.0,-0.2,0.0,0.0001,16.0,25903.0
2026-07-30T19:01:54.380Z,283.863,283.878,0.0,7.4,0.0,0.0,0.0,0.0,0.0,0.0,0.0,0.0,1.0,0.0,0.0,0.0,9.0,4.0,0.0,0.0,0.0,0.0,0.0,0.0,0.0,0.0,1.0,12.0,1.0,12.19,5.01,2.51,1.49,0.0,0.0,0.0,0.4,0.0,0.3,0.1,-0.8,-169.70000000000002,0.0,0.0,169.60000000000002,0.0,21.3,29.1,29.1,29.700000000000003,300.0,300.0,31.6,35.7,29.1,28.3,30.1,4.96,1.99,4.97,0.16,0.0,0.0,1027.0,8228.0,0.0,0.0,0.0,0.0,0.0,1.0,0.0,0.0,0.0,0.0,0.0,-0.5,0.0,0.8,0.0,0.0002,16.0,25903.0
2026-07-30T19:01:54.392Z,283.875,283.89,0.0,7.4,0.0,0.0,0.0,0.0,0.0,0.0,0.0,0.0,1.0,0.0,0.0,0.0,9.0,4.0,0.0,0.0,0.0,0.0,0.0,0.0,0.0,0.0,2.0,12.0,1.0,12.19,5.01,2.51,1.49,0.0,0.0,0.0,0.4,0.0,-0.2,-1.0,-0.9,-169.70000000000002,0.0,0.0,169.70000000000002,0.0,21.3,29.1,29.1,29.700000000000003,300.0,300.0,31.6,35.7,29.1,28.3,30.1,4.95,1.99,4.97,0.16,0.0,0.0,1027.0,8228.0,0.0,0.0,0.0,0.0,0.0,1.0,0.0,0.0,0.0,0.0,0.0,-1.8,0.0,0.6000000000000001,0.0,0.0001,16.0,25903.0
2026-07-30T19:01:54.404Z,283.887,283.902,0.0,7.4,0.0,0.0,0.0,0.0,0.0,0.0,0.0,0.0,1.0,0.0,0.0,0.0,9.0,4.0,0.0,0.0,0.0,0.0,0.0,0.0,0.0,0.0,4.0,12.0,1.0,12.19,5.01,2.51,1.49,0.0,0.0,0.0,0.4,0.0,0.3,1.2000000000000002,-1.5,-169.70000000000002,0.0,0.0,169.8,0.0,21.3,29.1,29.1,29.700000000000003,300.0,300.0,31.6,35.7,29.1,28.3,30.1,4.95,1.99,4.96,0.16,0.0,0.0,1027.0,8228.0,0.0,0.0,0.0,0.0,0.0,1.0,0.0,0.0,0.0,0.0,0.0,1.3,0.0,-0.5,0.0,0.0001,16.0,25903.0
2026-07-30T19:01:54.416Z,283.899,283.914,0.0,7.4,0.0,0.0,0.0,0.0,0.0,0.0,0.0,0.0,1.0,0.0,0.0,0.0,9.0,4.0,0.0,0.0,0.0,0.0,0.0,0.0,0.0,0.0,5.0,12.0,1.0,12.19,5.01,2.51,1.49,0.0,0.1,0.0,0.4,0.0,-0.2,0.1,-0.3,-169.70000000000002,0.0,0.0,169.8,0.0,21.3,29.1,29.1,29.700000000000003,300.0,300.0,31.6,35.7,29.1,28.3,30.1,4.96,1.99,4.96,0.16,0.0,0.0,1027.0,8228.0,0.0,0.0,0.0,0.0,0.0,1.0,0.0,0.0,0.0,0.0,0.0,2.2,0.0,-1.6,0.0,0.0001,16.0,25903.0
2026-07-30T19:01:54.428Z,283.911,283.926,0.0,7.4,0.0,0.0,0.0,0.0,0.0,0.0,0.0,0.0,1.0,0.0,0.0,0.0,9.0,4.0,0.0,0.0,0.0,0.0,0.0,0.0,0.0,0.0,6.0,12.0,1.0,12.19,5.01,2.51,1.49,0.0,0.0,0.0,0.4,0.0,-0.8,0.7000000000000001,0.8,-169.70000000000002,0.0,0.0,169.8,0.0,21.3,29.1,29.1,29.700000000000003,300.0,300.0,31.6,35.7,29.1,28.3,30.1,4.96,1.99,4.97,0.16,0.0,0.0,1027.0,8228.0,0.0,0.0,0.0,0.0,0.0,1.0,0.0,0.0,0.0,0.0,0.0,-0.6000000000000001,0.0,0.1,0.0,0.0001,16.0,25903.0
2026-07-30T19:01:54.440Z,283.923,283.938,0.0,7.4,0.0,0.0,0.0,0.0,0.0,0.0,0.0,0.0,1.0,0.0,0.0,0.0,9.0,4.0,0.0,0.0,0.0,0.0,0.0,0.0,0.0,0.0,1.0,12.0,1.0,12.19,5.01,2.51,1.49,0.0,0.0,0.0,0.4,0.0,-0.8,0.1,-0.8,-169.70000000000002,0.0,0.0,169.8,0.0,21.3,29.1,29.1,29.700000000000003,300.0,300.0,31.6,35.7,29.1,28.3,30.1,4.96,1.99,4.96,0.16,0.0,0.0,1027.0,8228.0,0.0,0.0,0.0,0.0,0.0,1.0,0.0,0.0,0.0,0.0,0.0,0.6000000000000001,0.0,0.3,0.0,0.0,16.0,25903.0
2026-07-30T19:01:54.453Z,283.936,283.95,0.0,7.4,0.0,0.0,0.0,0.0,0.0,0.0,0.0,0.0,1.0,0.0,0.0,0.0,9.0,4.0,0.0,0.0,0.0,0.0,0.0,0.0,0.0,0.0,2.0,12.0,1.0,12.19,5.01,2.51,1.49,0.0,0.0,0.0,0.4,0.0,-0.2,0.7000000000000001,0.3,-169.70000000000002,0.0,0.0,169.60000000000002,0.0,21.3,29.1,29.1,29.700000000000003,300.0,300.0,31.6,35.7,29.1,28.3,30.1,4.96,2.0,4.96,0.16,0.0,0.0,1027.0,8228.0,0.0,0.0,0.0,0.0,0.0,1.0,0.0,0.0,0.0,0.0,0.0,1.0,0.0,-0.1,0.0,0.0001,16.0,25903.0
2026-07-30T19:01:54.464Z,283.947,283.962,0.0,7.4,0.0,0.0,0.0,0.0,0.0,0.0,0.0,0.0,1.0,0.0,0.0,0.0,9.0,4.0,0.0,0.0,0.0,0.0,0.0,0.0,0.0,0.0,4.0,12.0,1.0,12.17,5.01,2.51,1.49,0.0,0.0,0.0,0.4,0.0,-0.2,-0.4,-1.4,-169.70000000000002,0.0,0.0,169.70000000000002,0.0,21.8,29.1,29.1,29.700000000000003,300.0,300.0,31.700000000000003,35.7,29.1,28.3,30.1,4.95,1.99,4.96,0.16,0.0,0.0,1027.0,8228.0,0.0,0.0,0.0,0.0,0.0,1.0,0.0,0.0,0.0,0.0,0.0,-1.6,0.0,1.1,0.0,0.0002,16.0,25903.0
2026-07-30T19:01:54.476Z,283.959,283.974,0.0,7.4,0.0,0.0,0.0,0.0,0.0,0.0,0.0,0.0,1.0,0.0,0.0,0.0,9.0,4.0,0.0,0.0,0.0,0.0,0.0,0.0,0.0,0.0,5.0,12.0,1.0,12.17,5.01,2.51,1.49,0.0,0.1,0.0,0.4,0.0,-0.1,-0.4,-0.8,-169.70000000000002,0.0,0.0,169.60000000000002,0.0,21.8,29.1,29.1,29.700000000000003,300.0,300.0,31.700000000000003,35.7,29.1,28.3,30.1,4.95,1.99,4.97,0.16,0.0,0.0,1027.0,8228.0,0.0,0.0,0.0,0.0,0.0,1.0,0.0,0.0,0.0,0.0,0.0,-1.1,0.0,0.6000000000000001,0.0,0.0,16.0,25903.0
2026-07-30T19:01:54.488Z,283.971,283.986,0.0,7.4,0.0,0.0,0.0,0.0,0.0,0.0,0.0,0.0,1.0,0.0,0.0,0.0,9.0,4.0,0.0,0.0,0.0,0.0,0.0,0.0,0.0,0.0,6.0,12.0,1.0,12.17,5.01,2.51,1.49,0.0,0.0,0.0,0.4,0.0,0.4,-0.4,-0.2,-169.70000000000002,0.0,0.0,169.8,0.0,21.8,29.1,29.1,29.700000000000003,300.0,300.0,31.700000000000003,35.7,29.1,28.3,30.1,4.96,2.0,4.96,0.16,0.0,0.0,1027.0,8228.0,0.0,0.0,0.0,0.0,0.0,1.0,0.0,0.0,0.0,0.0,0.0,-0.7000000000000001,0.0,0.1,0.0,0.0001,16.0,25903.0
2026-07-30T19:01:54.500Z,283.983,283.998,0.0,7.4,0.0,0.0,0.0,0.0,0.0,0.0,0.0,0.0,1.0,0.0,0.0,0.0,9.0,4.0,0.0,0.0,0.0,0.0,0.0,0.0,0.0,0.0,1.0,12.0,1.0,12.17,5.01,2.51,1.49,0.0,0.0,0.0,0.4,0.0,0.3,0.1,0.9,-169.70000000000002,0.0,0.0,169.70000000000002,0.0,21.8,29.1,29.1,29.700000000000003,300.0,300.0,31.700000000000003,35.7,29.1,28.3,30.1,4.96,1.99,4.97,0.16,0.0,0.0,1027.0,8228.0,0.0,0.0,0.0,0.0,0.0,1.0,0.0,0.0,0.0,0.0,0.0,0.8,0.0,-0.7000000000000001,0.0,0.0001,16.0,25903.0
2026-07-30T19:01:54.513Z,283.996,284.01,0.0,7.4,0.0,0.0,0.0,0.0,0.0,0.0,0.0,0.0,1.0,0.0,0.0,0.0,9.0,4.0,0.0,0.0,0.0,0.0,0.0,0.0,0.0,0.0,2.0,12.0,1.0,12.17,5.01,2.51,1.49,0.0,0.1,0.0,0.4,0.0,0.4,0.0,-0.8,-169.70000000000002,0.0,0.0,169.8,0.0,21.8,29.1,29.1,29.700000000000003,300.0,300.0,31.700000000000003,35.7,29.1,28.3,30.1,4.95,1.99,4.97,0.16,0.0,0.0,1027.0,8228.0,0.0,0.0,0.0,0.0,0.0,1.0,0.0,0.0,0.0,0.0,0.0,-0.5,0.0,0.7000000000000001,0.0,0.0001,16.0,25903.0
2026-07-30T19:01:54.525Z,284.008,284.022,0.0,7.4,0.0,0.0,0.0,0.0,0.0,0.0,0.0,0.0,1.0,0.0,0.0,0.0,9.0,4.0,0.0,0.0,0.0,0.0,0.0,0.0,0.0,0.0,3.0,12.0,1.0,12.17,5.01,2.51,1.49,0.0,0.0,0.0,0.4,0.0,-0.7000000000000001,0.6000000000000001,1.4,-169.70000000000002,0.0,0.0,169.8,0.0,21.8,29.1,29.1,29.700000000000003,300.0,300.0,31.700000000000003,35.7,29.1,28.3,30.1,4.96,1.99,4.96,0.15,0.0,0.0,1027.0,8228.0,0.0,0.0,0.0,0.0,0.0,1.0,0.0,0.0,0.0,0.0,0.0,1.8,0.0,-1.1,0.0,0.0,16.0,25903.0
2026-07-30T19:01:54.537Z,284.02,284.034,0.0,7.4,0.0,0.0,0.0,0.0,0.0,0.0,0.0,0.0,1.0,0.0,0.0,0.0,9.0,4.0,0.0,0.0,0.0,0.0,0.0,0.0,0.0,0.0,4.0,12.0,1.0,12.17,5.01,2.51,1.49,0.0,0.0,0.0,0.5,0.0,-0.2,-0.5,-0.9,-169.70000000000002,0.0,0.0,169.70000000000002,0.0,21.8,29.1,29.1,29.700000000000003,300.0,300.0,31.700000000000003,35.7,29.1,28.3,30.1,4.95,2.0,4.97,0.15,0.0,0.0,1027.0,8228.0,0.0,0.0,0.0,0.0,0.0,1.0,0.0,0.0,0.0,0.0,0.0,-1.2000000000000002,0.0,0.6000000000000001,0.0,0.0001,16.0,25903.0
2026-07-30T19:01:54.549Z,284.032,284.046,0.0,7.4,0.0,0.0,0.0,0.0,0.0,0.0,0.0,0.0,1.0,0.0,0.0,0.0,9.0,4.0,0.0,0.0,0.0,0.0,0.0,0.0,0.0,0.0,5.0,12.0,1.0,12.17,5.01,2.51,1.49,0.0,0.1,0.0,0.4,0.0,0.3,0.0,0.8,-169.70000000000002,0.0,0.0,169.70000000000002,0.0,21.8,29.1,29.1,29.700000000000003,300.0,300.0,31.700000000000003,35.7,29.1,28.3,30.1,4.95,1.99,4.97,0.17,0.0,0.0,1027.0,8228.0,0.0,0.0,0.0,0.0,0.0,1.0,0.0,0.0,0.0,0.0,0.0,0.6000000000000001,0.0,-0.7000000000000001,0.0,0.0001,16.0,25903.0
2026-07-30T19:01:54.561Z,284.044,284.058,0.0,7.4,0.0,0.0,0.0,0.0,0.0,0.0,0.0,0.0,1.0,0.0,0.0,0.0,9.0,4.0,0.0,0.0,0.0,0.0,0.0,0.0,0.0,0.0,6.0,12.0,1.0,12.19,5.0200000000000005,2.51,1.49,0.0,0.0,0.0,0.4,0.0,0.3,0.0,0.8,-169.70000000000002,0.0,0.0,169.70000000000002,0.0,21.700000000000003,29.1,29.1,29.700000000000003,300.0,300.0,31.6,35.7,29.0,28.3,30.1,4.96,1.99,4.97,0.16,0.0,0.0,1027.0,8228.0,0.0,0.0,0.0,0.0,0.0,1.0,0.0,0.0,0.0,0.0,0.0,0.6000000000000001,0.0,-0.7000000000000001,0.0,0.0002,16.0,25903.0
2026-07-30T19:01:54.572Z,284.055,284.07,0.0,7.4,0.0,0.0,0.0,0.0,0.0,0.0,0.0,0.0,1.0,0.0,0.0,0.0,9.0,4.0,0.0,0.0,0.0,0.0,0.0,0.0,0.0,0.0,2.0,12.0,1.0,12.19,5.0200000000000005,2.51,1.49,0.0,0.0,0.0,0.4,0.0,-0.2,-0.5,-0.8,-169.70000000000002,0.0,0.0,169.8,0.0,21.700000000000003,29.1,29.1,29.700000000000003,300.0,300.0,31.6,35.7,29.0,28.3,30.1,4.96,1.99,4.96,0.16,0.0,0.0,1027.0,8228.0,0.0,0.0,0.0,0.0,0.0,1.0,0.0,0.0,0.0,0.0,0.0,-1.2000000000000002,0.0,0.6000000000000001,0.0,0.0001,16.0,25903.0
2026-07-30T19:01:54.584Z,284.067,284.082,0.0,7.4,0.0,0.0,0.0,0.0,0.0,0.0,0.0,0.0,1.0,0.0,0.0,0.0,9.0,4.0,0.0,0.0,0.0,0.0,0.0,0.0,0.0,0.0,4.0,12.0,1.0,12.19,5.0200000000000005,2.51,1.49,0.0,0.0,0.0,0.4,0.0,-0.8,0.0,-0.2,-169.70000000000002,0.0,0.0,169.8,0.0,21.700000000000003,29.1,29.1,29.700000000000003,300.0,300.0,31.6,35.7,29.0,28.3,30.1,4.95,1.99,4.96,0.16,0.0,0.0,1027.0,8228.0,0.0,0.0,0.0,0.0,0.0,1.0,0.0,0.0,0.0,0.0,0.0,-0.1,0.0,0.1,0.0,0.0001,16.0,25903.0
2026-07-30T19:01:54.596Z,284.079,284.094,0.0,7.4,0.0,0.0,0.0,0.0,0.0,0.0,0.0,0.0,1.0,0.0,0.0,0.0,9.0,4.0,0.0,0.0,0.0,0.0,0.0,0.0,0.0,0.0,5.0,12.0,1.0,12.19,5.0200000000000005,2.51,1.49,0.0,0.0,0.0,0.4,0.0,0.3,1.1,-0.2,-169.70000000000002,0.0,0.0,169.8,0.0,21.700000000000003,29.1,29.1,29.700000000000003,300.0,300.0,31.6,35.7,29.0,28.3,30.1,4.95,1.99,4.96,0.16,0.0,0.0,1027.0,8228.0,0.0,0.0,0.0,0.0,0.0,1.0,0.0,0.0,0.0,0.0,0.0,1.1,0.0,0.4,0.0,0.0,16.0,25903.0
2026-07-30T19:01:54.609Z,284.092,284.106,0.0,7.4,0.0,0.0,0.0,0.0,0.0,0.0,0.0,0.0,1.0,0.0,0.0,0.0,9.0,4.0,0.0,0.0,0.0,0.0,0.0,0.0,0.0,0.0,6.0,12.0,1.0,12.19,5.0200000000000005,2.51,1.49,0.0,0.0,0.0,0.5,0.0,0.3,0.0,-0.8,-169.70000000000002,0.0,0.0,169.8,0.0,21.700000000000003,29.1,29.1,29.700000000000003,300.0,300.0,31.6,35.7,29.0,28.3,30.1,4.96,1.99,4.96,0.16,0.0,0.0,1027.0,8228.0,0.0,0.0,0.0,0.0,0.0,1.0,0.0,0.0,0.0,0.0,0.0,-0.6000000000000001,0.0,0.7000000000000001,0.0,0.0001,16.0,25903.0
2026-07-30T19:01:54.621Z,284.104,284.118,0.0,7.4,0.0,0.0,0.0,0.0,0.0,0.0,0.0,0.0,1.0,0.0,0.0,0.0,9.0,4.0,0.0,0.0,0.0,0.0,0.0,0.0,0.0,0.0,1.0,12.0,1.0,12.19,5.0200000000000005,2.51,1.49,0.0,0.0,0.0,0.4,0.0,-0.8,-0.5,-0.1,-169.70000000000002,0.0,0.0,169.8,0.0,21.700000000000003,29.1,29.1,29.700000000000003,300.0,300.0,31.6,35.7,29.0,28.3,30.1,4.96,1.99,4.97,0.16,0.0,0.0,1027.0,8228.0,0.0,0.0,0.0,0.0,0.0,1.0,0.0,0.0,0.0,0.0,0.0,-0.7000000000000001,0.0,0.0,0.0,0.0,16.0,25903.0
2026-07-30T19:01:54.633Z,284.116,284.13,0.0,7.4,0.0,0.0,0.0,0.0,0.0,0.0,0.0,0.0,1.0,0.0,0.0,0.0,9.0,4.0,0.0,0.0,0.0,0.0,0.0,0.0,0.0,0.0,2.0,12.0,1.0,12.19,5.0200000000000005,2.51,1.49,0.0,0.0,0.0,0.4,0.0,-0.2,-0.4,-1.2000000000000002,-169.70000000000002,0.0,0.0,169.8,0.0,21.700000000000003,29.1,29.1,29.700000000000003,300.0,300.0,31.6,35.7,29.0,28.3,30.1,4.95,1.99,4.97,0.16,0.0,0.0,1027.0,8228.0,0.0,0.0,0.0,0.0,0.0,1.0,0.0,0.0,0.0,0.0,0.0,-1.5,0.0,1.0,0.0,0.0,16.0,25903.0
2026-07-30T19:01:54.645Z,284.128,284.142,0.0,7.4,0.0,0.0,0.0,0.0,0.0,0.0,0.0,0.0,1.0,0.0,0.0,0.0,9.0,4.0,0.0,0.0,0.0,0.0,0.0,0.0,0.0,0.0,4.0,12.0,1.0,12.19,5.0200000000000005,2.51,1.49,0.0,0.0,0.0,0.5,0.0,-0.8,0.0,-0.6000000000000001,-169.70000000000002,0.0,0.0,169.8,0.0,21.700000000000003,29.1,29.1,29.700000000000003,300.0,300.0,31.6,35.7,29.0,28.3,30.1,4.95,1.99,4.96,0.16,0.0,0.0,1027.0,8228.0,0.0,0.0,0.0,0.0,0.0,1.0,0.0,0.0,0.0,0.0,0.0,-0.4,0.0,0.6000000000000001,0.0,0.0,16.0,25903.0
2026-07-30T19:01:54.656Z,284.139,284.154,0.0,7.4,0.0,0.0,0.0,0.0,0.0,0.0,0.0,0.0,1.0,0.0,0.0,0.0,9.0,4.0,0.0,0.0,0.0,0.0,0.0,0.0,0.0,0.0,4.0,12.0,1.0,12.19,5.0200000000000005,2.51,1.49,0.0,0.0,0.0,0.4,0.0,0.9,0.0,-0.6000000000000001,-169.70000000000002,0.0,0.0,169.8,0.0,21.700000000000003,29.1,29.1,29.700000000000003,300.0,300.0,31.6,35.7,29.0,28.3,30.1,4.96,1.99,4.96,0.16,0.0,0.0,1027.0,8228.0,0.0,0.0,0.0,0.0,0.0,1.0,0.0,0.0,0.0,0.0,0.0,-0.4,0.0,0.6000000000000001,0.0,0.0,16.0,25903.0
2026-07-30T19:01:54.668Z,284.151,284.166,0.0,7.4,0.0,0.0,0.0,0.0,0.0,0.0,0.0,0.0,1.0,0.0,0.0,0.0,9.0,4.0,0.0,0.0,0.0,0.0,0.0,0.0,0.0,0.0,6.0,12.0,1.0,12.17,5.01,2.51,1.5,0.0,0.0,0.0,0.4,0.0,0.9,0.0,0.5,-169.70000000000002,0.0,0.0,169.8,0.0,21.700000000000003,29.1,29.1,29.700000000000003,300.0,300.0,31.700000000000003,35.7,29.1,28.3,30.1,4.95,1.99,4.97,0.16,0.0,0.0,1027.0,8228.0,0.0,0.0,0.0,0.0,0.0,1.0,0.0,0.0,0.0,0.0,0.0,0.4,0.0,-0.4,0.0,0.0,16.0,25903.0
2026-07-30T19:01:54.681Z,284.164,284.178,0.0,7.4,0.0,0.0,0.0,0.0,0.0,0.0,0.0,0.0,1.0,0.0,0.0,0.0,9.0,4.0,0.0,0.0,0.0,0.0,0.0,0.0,0.0,0.0,6.0,12.0,1.0,12.17,5.01,2.51,1.5,0.0,0.0,0.0,0.4,0.0,-0.1,-0.5,1.1,-169.70000000000002,0.0,0.0,169.8,0.0,21.700000000000003,29.1,29.1,29.700000000000003,300.0,300.0,31.700000000000003,35.7,29.1,28.3,30.1,4.96,2.0,4.97,0.16,0.0,0.0,1027.0,8228.0,0.0,0.0,0.0,0.0,0.0,1.0,0.0,0.0,0.0,0.0,0.0,0.2,0.0,-1.1,0.0,0.0001,16.0,25903.0
2026-07-30T19:01:54.693Z,284.176,284.19,0.0,7.4,0.0,0.0,0.0,0.0,0.0,0.0,0.0,0.0,1.0,0.0,0.0,0.0,9.0,4.0,0.0,0.0,0.0,0.0,0.0,0.0,0.0,0.0,2.0,12.0,1.0,12.17,5.01,2.51,1.5,0.0,0.0,0.0,0.4,0.0,0.3,0.6000000000000001,-0.5,-169.70000000000002,0.0,0.0,169.70000000000002,0.0,21.700000000000003,29.1,29.1,29.700000000000003,300.0,300.0,31.700000000000003,35.7,29.1,28.3,30.1,4.96,2.0,4.97,0.16,0.0,0.0,1027.0,8228.0,0.0,0.0,0.0,0.0,0.0,1.0,0.0,0.0,0.0,0.0,0.0,0.2,0.0,0.6000000000000001,0.0,0.0,16.0,25903.0
2026-07-30T19:01:54.704Z,284.187,284.202,0.0,7.4,0.0,0.0,0.0,0.0,0.0,0.0,0.0,0.0,1.0,0.0,0.0,0.0,9.0,4.0,0.0,0.0,0.0,0.0,0.0,0.0,0.0,0.0,2.0,12.0,1.0,12.17,5.01,2.51,1.5,0.0,0.0,0.0,0.4,0.0,0.4,-1.1,-1.2000000000000002,-169.70000000000002,0.0,0.0,169.60000000000002,0.0,21.700000000000003,29.1,29.1,29.700000000000003,300.0,300.0,31.700000000000003,35.7,29.1,28.3,30.1,4.95,1.99,4.97,0.16,0.0,0.0,1027.0,8228.0,0.0,0.0,0.0,0.0,0.0,1.0,0.0,0.0,0.0,0.0,0.0,-2.2,0.0,0.8,0.0,0.0001,16.0,25903.0
2026-07-30T19:01:54.716Z,284.199,284.214,0.0,7.4,0.0,0.0,0.0,0.0,0.0,0.0,0.0,0.0,1.0,0.0,0.0,0.0,9.0,4.0,0.0,0.0,0.0,0.0,0.0,0.0,0.0,0.0,3.0,12.0,1.0,12.17,5.01,2.51,1.5,0.0,0.0,0.0,0.4,0.0,0.3,0.0,-0.6000000000000001,-169.70000000000002,0.0,0.0,169.70000000000002,0.0,21.700000000000003,29.1,29.1,29.700000000000003,300.0,300.0,31.700000000000003,35.7,29.1,28.3,30.1,4.95,1.99,4.97,0.16,0.0,0.0,1027.0,8228.0,0.0,0.0,0.0,0.0,0.0,1.0,0.0,0.0,0.0,0.0,0.0,-0.4,0.0,0.5,0.0,0.0002,16.0,25903.0
2026-07-30T19:01:54.728Z,284.211,284.226,0.0,7.4,0.0,0.0,0.0,0.0,0.0,0.0,0.0,0.0,1.0,0.0,0.0,0.0,9.0,4.0,0.0,0.0,0.0,0.0,0.0,0.0,0.0,0.0,4.0,12.0,1.0,12.17,5.01,2.51,1.5,0.0,0.0,0.0,0.4,0.0,0.3,0.0,0.4,-169.70000000000002,0.0,0.0,169.70000000000002,0.0,21.700000000000003,29.1,29.1,29.700000000000003,300.0,300.0,31.700000000000003,35.7,29.1,28.3,30.1,4.96,1.99,4.96,0.16,0.0,0.0,1027.0,8228.0,0.0,0.0,0.0,0.0,0.0,1.0,0.0,0.0,0.0,0.0,0.0,0.3,0.0,-0.4,0.0,0.0,16.0,25903.0
2026-07-30T19:01:54.740Z,284.223,284.238,0.0,7.4,0.0,0.0,0.0,0.0,0.0,0.0,0.0,0.0,1.0,0.0,0.0,0.0,9.0,4.0,0.0,0.0,0.0,0.0,0.0,0.0,0.0,0.0,5.0,12.0,1.0,12.17,5.01,2.51,1.5,0.0,0.0,0.0,0.4,0.0,-0.2,1.1,0.4,-169.70000000000002,0.0,0.0,169.8,0.0,21.700000000000003,29.1,29.1,29.700000000000003,300.0,300.0,31.700000000000003,35.7,29.1,28.3,30.1,4.96,1.99,4.97,0.16,0.0,0.0,1027.0,8228.0,0.0,0.0,0.0,0.0,0.0,1.0,0.0,0.0,0.0,0.0,0.0,1.6,0.0,-0.1,0.0,0.0001,16.0,25903.0
2026-07-30T19:01:54.752Z,284.235,284.25,0.0,7.4,0.0,0.0,0.0,0.0,0.0,0.0,0.0,0.0,1.0,0.0,0.0,0.0,9.0,4.0,0.0,0.0,0.0,0.0,0.0,0.0,0.0,0.0,6.0,12.0,1.0,12.17,5.01,2.51,1.5,0.0,0.0,0.0,0.4,0.0,-0.1,0.0,0.4,-169.70000000000002,0.0,0.0,169.8,0.0,21.700000000000003,29.1,29.1,29.700000000000003,300.0,300.0,31.700000000000003,35.7,29.1,28.3,30.1,4.95,1.99,4.97,0.16,0.0,0.0,1027.0,8228.0,0.0,0.0,0.0,0.0,0.0,1.0,0.0,0.0,0.0,0.0,0.0,0.3,0.0,-0.3,0.0,0.0002,16.0,25903.0
2026-07-30T19:01:54.765Z,284.248,284.262,0.0,7.4,0.0,0.0,0.0,0.0,0.0,0.0,0.0,0.0,1.0,0.0,0.0,0.0,9.0,4.0,0.0,0.0,0.0,0.0,0.0,0.0,0.0,0.0,1.0,12.0,1.0,12.15,5.0200000000000005,2.5,1.49,0.0,0.0,0.0,0.4,0.0,-0.7000000000000001,0.0,1.0,-169.70000000000002,0.0,0.0,169.8,0.0,21.4,29.1,29.1,29.700000000000003,300.0,300.0,31.6,35.6,29.1,28.200000000000003,30.1,4.96,1.99,4.97,0.16,0.0,0.0,1027.0,8228.0,0.0,0.0,0.0,0.0,0.0,1.0,0.0,0.0,0.0,0.0,0.0,0.7000000000000001,0.0,-0.8,0.0,0.0001,16.0,25903.0
2026-07-30T19:01:54.776Z,284.259,284.274,0.0,7.4,0.0,0.0,0.0,0.0,0.0,0.0,0.0,0.0,1.0,0.0,0.0,0.0,9.0,4.0,0.0,0.0,0.0,0.0,0.0,0.0,0.0,0.0,1.0,12.0,1.0,12.15,5.0200000000000005,2.5,1.49,0.0,0.0,0.0,0.5,0.0,-0.7000000000000001,-1.1,-0.7000000000000001,-169.70000000000002,0.0,0.0,169.8,0.0,21.4,29.1,29.1,29.700000000000003,300.0,300.0,31.6,35.6,29.1,28.200000000000003,30.1,4.95,1.99,4.96,0.16,0.0,0.0,1027.0,8228.0,0.0,0.0,0.0,0.0,0.0,1.0,0.0,0.0,0.0,0.0,0.0,-1.8,0.0,0.4,0.0,0.0001,16.0,25903.0
2026-07-30T19:01:54.788Z,284.271,284.286,0.0,7.4,0.0,0.0,0.0,0.0,0.0,0.0,0.0,0.0,1.0,0.0,0.0,0.0,9.0,4.0,0.0,0.0,0.0,0.0,0.0,0.0,0.0,0.0,3.0,12.0,1.0,12.15,5.0200000000000005,2.5,1.49,0.0,0.0,0.0,0.4,0.0,-0.1,0.0,-0.1,-169.70000000000002,0.0,0.0,169.70000000000002,0.0,21.4,29.1,29.1,29.700000000000003,300.0,300.0,31.6,35.6,29.1,28.200000000000003,30.1,4.95,1.99,4.97,0.16,0.0,0.0,1027.0,8228.0,0.0,0.0,0.0,0.0,0.0,1.0,0.0,0.0,0.0,0.0,0.0,0.0,0.0,0.1,0.0,0.0,16.0,25903.0
2026-07-30T19:01:54.800Z,284.283,284.298,0.0,7.4,0.0,0.0,0.0,0.0,0.0,0.0,0.0,0.0,1.0,0.0,0.0,0.0,9.0,4.0,0.0,0.0,0.0,0.0,0.0,0.0,0.0,0.0,4.0,12.0,1.0,12.15,5.0200000000000005,2.5,1.49,0.0,0.0,0.0,0.4,0.0,0.9,-0.5,-0.1,-169.70000000000002,0.0,0.0,169.60000000000002,0.0,21.4,29.1,29.1,29.700000000000003,300.0,300.0,31.6,35.6,29.1,28.200000000000003,30.1,4.95,1.99,4.97,0.16,0.0,0.0,1027.0,8228.0,0.0,0.0,0.0,0.0,0.0,1.0,0.0,0.0,0.0,0.0,0.0,-0.7000000000000001,0.0,0.0,0.0,0.0002,16.0,25903.0
2026-07-30T19:01:54.813Z,284.296,284.31,0.0,7.4,0.0,0.0,0.0,0.0,0.0,0.0,0.0,0.0,1.0,0.0,0.0,0.0,9.0,4.0,0.0,0.0,0.0,0.0,0.0,0.0,0.0,0.0,5.0,12.0,1.0,12.15,5.0200000000000005,2.5,1.49,0.0,0.0,0.0,0.4,0.0,-0.2,-0.5,1.0,-169.70000000000002,0.0,0.0,169.70000000000002,0.0,21.4,29.1,29.1,29.700000000000003,300.0,300.0,31.6,35.6,29.1,28.200000000000003,30.1,4.96,1.99,4.96,0.16,0.0,0.0,1027.0,8228.0,0.0,0.0,0.0,0.0,0.0,1.0,0.0,0.0,0.0,0.0,0.0,0.1,0.0,-1.0,0.0,0.0001,16.0,25903.0
2026-07-30T19:01:54.825Z,284.308,284.322,0.0,7.4,0.0,0.0,0.0,0.0,0.0,0.0,0.0,0.0,1.0,0.0,0.0,0.0,9.0,4.0,0.0,0.0,0.0,0.0,0.0,0.0,0.0,0.0,6.0,12.0,1.0,12.15,5.0200000000000005,2.5,1.49,0.0,0.0,0.0,0.5,0.0,0.8,1.2000000000000002,1.0,-169.70000000000002,0.0,0.0,169.70000000000002,0.0,21.4,29.1,29.1,29.700000000000003,300.0,300.0,31.6,35.6,29.1,28.200000000000003,30.1,4.95,1.99,4.97,0.16,0.0,0.0,1027.0,8228.0,0.0,0.0,0.0,0.0,0.0,1.0,0.0,0.0,0.0,0.0,0.0,2.1,0.0,-0.6000000000000001,0.0,0.0001,16.0,25903.0
2026-07-30T19:01:54.836Z,284.319,284.334,0.0,7.4,0.0,0.0,0.0,0.0,0.0,0.0,0.0,0.0,1.0,0.0,0.0,0.0,9.0,4.0,0.0,0.0,0.0,0.0,0.0,0.0,0.0,0.0,1.0,12.0,1.0,12.15,5.0200000000000005,2.5,1.49,0.0,0.0,0.0,0.4,0.0,0.3,0.0,-1.3,-169.70000000000002,0.0,0.0,169.8,0.0,21.4,29.1,29.1,29.700000000000003,300.0,300.0,31.6,35.6,29.1,28.200000000000003,30.1,4.95,1.99,4.97,0.16,0.0,0.0,1027.0,8228.0,0.0,0.0,0.0,0.0,0.0,1.0,0.0,0.0,0.0,0.0,0.0,-0.9,0.0,1.1,0.0,0.0,16.0,25903.0
2026-07-30T19:01:54.848Z,284.331,284.346,0.0,7.4,0.0,0.0,0.0,0.0,0.0,0.0,0.0,0.0,1.0,0.0,0.0,0.0,9.0,4.0,0.0,0.0,0.0,0.0,0.0,0.0,0.0,0.0,2.0,12.0,1.0,12.15,5.0200000000000005,2.5,1.49,0.0,0.0,0.0,0.5,0.0,0.3,-0.5,-1.4,-169.70000000000002,0.0,0.0,169.8,0.0,21.4,29.1,29.1,29.700000000000003,300.0,300.0,31.6,35.6,29.1,28.200000000000003,30.1,4.96,2.0,4.97,0.16,0.0,0.0,1027.0,8228.0,0.0,0.0,0.0,0.0,0.0,1.0,0.0,0.0,0.0,0.0,0.0,-1.7000000000000002,0.0,1.1,0.0,0.0,16.0,25903.0
2026-07-30T19:01:54.860Z,284.343,284.358,0.0,7.4,0.0,0.0,0.0,0.0,0.0,0.0,0.0,0.0,1.0,0.0,0.0,0.0,9.0,4.0,0.0,0.0,0.0,0.0,0.0,0.0,0.0,0.0,3.0,12.0,1.0,12.15,5.0200000000000005,2.5,1.49,0.0,0.0,0.0,0.4,0.0,0.3,0.0,0.9,-169.70000000000002,0.0,0.0,169.8,0.0,21.4,29.1,29.1,29.700000000000003,300.0,300.0,31.6,35.6,29.1,28.200000000000003,30.1,4.96,2.0,4.96,0.16,0.0,0.0,1027.0,8228.0,0.0,0.0,0.0,0.0,0.0,1.0,0.0,0.0,0.0,0.0,0.0,0.6000000000000001,0.0,-0.8,0.0,0.0,16.0,25903.0
2026-07-30T19:01:54.872Z,284.355,284.37,0.0,7.4,0.0,0.0,0.0,0.0,0.0,0.0,0.0,0.0,1.0,0.0,0.0,0.0,9.0,4.0,0.0,0.0,0.0,0.0,0.0,0.0,0.0,0.0,4.0,12.0,1.0,12.17,5.0200000000000005,2.51,1.49,0.0,0.0,0.0,0.5,0.0,-0.2,-1.1,0.9,-169.70000000000002,0.0,0.0,169.70000000000002,0.0,21.700000000000003,29.1,29.1,29.700000000000003,300.0,300.0,31.5,35.6,29.1,28.3,30.1,4.95,1.99,4.97,0.16,0.0,0.0,1027.0,8228.0,0.0,0.0,0.0,0.0,0.0,1.0,0.0,0.0,0.0,0.0,0.0,-0.5,0.0,-1.0,0.0,0.0001,16.0,25903.0
2026-07-30T19:01:54.884Z,284.367,284.382,0.0,7.4,0.0,0.0,0.0,0.0,0.0,0.0,0.0,0.0,1.0,0.0,0.0,0.0,9.0,4.0,0.0,0.0,0.0,0.0,0.0,0.0,0.0,0.0,5.0,12.0,1.0,12.17,5.0200000000000005,2.51,1.49,0.0,0.0,0.0,0.4,0.0,0.2,0.6000000000000001,1.6,-169.70000000000002,0.0,0.0,169.70000000000002,0.0,21.700000000000003,29.1,29.1,29.700000000000003,300.0,300.0,31.5,35.6,29.1,28.3,30.1,4.95,2.0,4.96,0.16,0.0,0.0,1027.0,8228.0,0.0,0.0,0.0,0.0,0.0,1.0,0.0,0.0,0.0,0.0,0.0,1.9,0.0,-1.2000000000000002,0.0,0.0002,16.0,25903.0
2026-07-30T19:01:54.896Z,284.379,284.394,0.0,7.4,0.0,0.0,0.0,0.0,0.0,0.0,0.0,0.0,1.0,0.0,0.0,0.0,9.0,4.0,0.0,0.0,0.0,0.0,0.0,0.0,0.0,0.0,6.0,12.0,1.0,12.17,5.0200000000000005,2.51,1.49,0.0,0.0,0.0,0.4,0.0,0.8,0.6000000000000001,-0.7000000000000001,-169.70000000000002,0.0,0.0,169.8,0.0,21.700000000000003,29.1,29.1,29.700000000000003,300.0,300.0,31.5,35.6,29.1,28.3,30.1,4.95,1.99,4.96,0.16,0.0,0.0,1027.0,8228.0,0.0,0.0,0.0,0.0,0.0,1.0,0.0,0.0,0.0,0.0,0.0,0.1,0.0,0.7000000000000001,0.0,0.0001,16.0,25903.0
2026-07-30T19:01:54.908Z,284.391,284.406,0.0,7.4,0.0,0.0,0.0,0.0,0.0,0.0,0.0,0.0,1.0,0.0,0.0,0.0,9.0,4.0,0.0,0.0,0.0,0.0,0.0,0.0,0.0,0.0,2.0,12.0,1.0,12.17,5.0200000000000005,2.51,1.49,0.0,0.0,0.0,0.4,0.0,0.3,-1.6,0.4,-169.70000000000002,0.0,0.0,169.8,0.0,21.700000000000003,29.1,29.1,29.700000000000003,300.0,300.0,31.5,35.6,29.1,28.3,30.1,4.96,1.99,4.97,0.16,0.0,0.0,1027.0,8228.0,0.0,0.0,0.0,0.0,0.0,1.0,0.0,0.0,0.0,0.0,0.0,-1.5,0.0,-0.7000000000000001,0.0,0.0002,16.0,25903.0
2026-07-30T19:01:54.920Z,284.403,284.418,0.0,7.4,0.0,0.0,0.0,0.0,0.0,0.0,0.0,0.0,1.0,0.0,0.0,0.0,9.0,4.0,0.0,0.0,0.0,0.0,0.0,0.0,0.0,0.0,3.0,12.0,1.0,12.17,5.0200000000000005,2.51,1.49,0.0,0.0,0.0,0.5,0.0,0.3,0.0,1.0,-169.70000000000002,0.0,0.0,169.8,0.0,21.700000000000003,29.1,29.1,29.700000000000003,300.0,300.0,31.5,35.6,29.1,28.3,30.1,4.96,1.99,4.96,0.16,0.0,0.0,1027.0,8228.0,0.0,0.0,0.0,0.0,0.0,1.0,0.0,0.0,0.0,0.0,0.0,1.0,0.0,-0.2,0.0,0.0,16.0,25903.0
2026-07-30T19:01:54.932Z,284.415,284.43,0.0,7.4,0.0,0.0,0.0,0.0,0.0,0.0,0.0,0.0,1.0,0.0,0.0,0.0,9.0,4.0,0.0,0.0,0.0,0.0,0.0,0.0,0.0,0.0,4.0,12.0,1.0,12.17,5.0200000000000005,2.51,1.49,0.0,0.0,0.0,0.4,0.0,-0.2,-0.5,-0.1,-169.70000000000002,0.0,0.0,169.8,0.0,21.700000000000003,29.1,29.1,29.700000000000003,300.0,300.0,31.5,35.6,29.1,28.3,30.1,4.96,2.0,4.96,0.16,0.0,0.0,1027.0,8228.0,0.0,0.0,0.0,0.0,0.0,1.0,0.0,0.0,0.0,0.0,0.0,0.0,0.0,0.1,0.0,0.0001,16.0,25903.0
2026-07-30T19:01:54.944Z,284.427,284.442,0.0,7.4,0.0,0.0,0.0,0.0,0.0,0.0,0.0,0.0,1.0,0.0,0.0,0.0,9.0,4.0,0.0,0.0,0.0,0.0,0.0,0.0,0.0,0.0,6.0,12.0,1.0,12.17,5.0200000000000005,2.51,1.49,0.0,0.0,0.0,0.4,0.0,-0.2,0.0,1.5,-169.70000000000002,0.0,0.0,169.8,0.0,21.700000000000003,29.1,29.1,29.700000000000003,300.0,300.0,31.5,35.6,29.1,28.3,30.1,4.95,1.99,4.96,0.16,0.0,0.0,1027.0,8228.0,0.0,0.0,0.0,0.0,0.0,1.0,0.0,0.0,0.0,0.0,0.0,0.1,0.0,0.8,0.0,0.0001,16.0,25903.0
2026-07-30T19:01:54.957Z,284.44,284.454,0.0,7.4,0.0,0.0,0.0,0.0,0.0,0.0,0.0,0.0,1.0,0.0,0.0,0.0,9.0,4.0,0.0,0.0,0.0,0.0,0.0,0.0,0.0,0.0,1.0,12.0,1.0,12.17,5.0200000000000005,2.51,1.49,0.0,0.1,0.0,0.5,0.0,-0.2,-0.5,-1.3,-169.70000000000002,0.0,0.0,169.70000000000002,0.0,21.700000000000003,29.1,29.1,29.700000000000003,300.0,300.0,31.5,35.6,29.1,28.3,30.1,4.96,1.99,4.97,0.16,0.0,0.0,1027.0,8228.0,0.0,0.0,0.0,0.0,0.0,1.0,0.0,0.0,0.0,0.0,0.0,1.4,0.0,-0.7000000000000001,0.0,0.0001,16.0,25903.0
2026-07-30T19:01:54.970Z,284.453,284.466,0.0,7.4,0.0,0.0,0.0,0.0,0.0,0.0,0.0,0.0,1.0,0.0,0.0,0.0,9.0,4.0,0.0,0.0,0.0,0.0,0.0,0.0,0.0,0.0,2.0,12.0,1.0,12.17,5.0200000000000005,2.5,1.49,0.0,0.0,0.0,0.4,0.0,-0.2,0.0,0.4,-169.70000000000002,0.0,0.0,169.8,0.0,21.700000000000003,29.1,29.1,29.700000000000003,300.0,300.0,31.6,35.7,29.1,28.3,30.1,4.96,1.99,4.97,0.16,0.0,0.0,1027.0,8228.0,0.0,0.0,0.0,0.0,0.0,1.0,0.0,0.0,0.0,0.0,0.0,0.3,0.0,-0.3,0.0,0.0002,16.0,25903.0
2026-07-30T19:01:54.981Z,284.464,284.478,0.0,7.4,0.0,0.0,0.0,0.0,0.0,0.0,0.0,0.0,1.0,0.0,0.0,0.0,9.0,4.0,0.0,0.0,0.0,0.0,0.0,0.0,0.0,0.0,3.0,12.0,1.0,12.17,5.0200000000000005,2.5,1.49,0.0,0.0,0.0,0.4,0.0,0.3,1.8,1.0,-169.70000000000002,0.0,0.0,169.70000000000002,0.0,21.700000000000003,29.1,29.1,29.700000000000003,300.0,300.0,31.6,35.7,29.1,28.3,30.1,4.95,1.99,4.97,0.16,0.0,0.0,1027.0,8228.0,0.0,0.0,0.0,0.0,0.0,1.0,0.0,0.0,0.0,0.0,0.0,2.9000000000000004,0.0,-0.5,0.0,0.0,16.0,25903.0
2026-07-30T19:01:54.993Z,284.476,284.49,0.0,7.4,0.0,0.0,0.0,0.0,0.0,0.0,0.0,0.0,1.0,0.0,0.0,0.0,9.0,4.0,0.0,0.0,0.0,0.0,0.0,0.0,0.0,0.0,5.0,12.0,1.0,12.17,5.0200000000000005,2.5,1.49,0.0,0.0,0.0,0.4,0.0,-0.7000000000000001,0.7000000000000001,0.0,-169.70000000000002,0.0,0.0,169.70000000000002,0.0,21.700000000000003,29.1,29.1,29.700000000000003,300.0,300.0,31.6,35.7,29.1,28.3,30.1,4.95,1.99,4.96,0.16,0.0,0.0,1027.0,8228.0,0.0,0.0,0.0,0.0,0.0,1.0,0.0,0.0,0.0,0.0,0.0,0.7000000000000001,0.0,0.2,0.0,0.0,16.0,25903.0
2026-07-30T19:01:55.005Z,284.488,284.502,0.0,7.4,0.0,0.0,0.0,0.0,0.0,0.0,0.0,0.0,1.0,0.0,0.0,0.0,9.0,4.0,0.0,0.0,0.0,0.0,0.0,0.0,0.0,0.0,6.0,12.0,1.0,12.17,5.0200000000000005,2.5,1.49,0.0,0.0,0.0,0.4,0.0,0.9,-0.4,1.0,-169.70000000000002,0.0,0.0,169.8,0.0,21.700000000000003,29.1,29.1,29.700000000000003,300.0,300.0,31.6,35.7,29.1,28.3,30.1,4.96,2.0,4.96,0.16,0.0,0.0,1027.0,8228.0,0.0,0.0,0.0,0.0,0.0,1.0,0.0,0.0,0.0,0.0,0.0,0.2,0.0,-1.0,0.0,0.0001,16.0,25903.0
2026-07-30T19:01:55.016Z,284.499,284.514,0.0,7.4,0.0,0.0,0.0,0.0,0.0,0.0,0.0,0.0,1.0,0.0,0.0,0.0,9.0,4.0,0.0,0.0,0.0,0.0,0.0,0.0,0.0,0.0,1.0,12.0,1.0,12.17,5.0200000000000005,2.5,1.49,0.0,0.0,0.0,0.4,0.0,-0.2,-1.6,-1.3,-169.70000000000002,0.0,0.0,169.8,0.0,21.700000000000003,29.1,29.1,29.700000000000003,300.0,300.0,31.6,35.7,29.1,28.3,30.1,4.95,2.0,4.96,0.16,0.0,0.0,1027.0,8228.0,0.0,0.0,0.0,0.0,0.0,1.0,0.0,0.0,0.0,0.0,0.0,-2.7,0.0,0.8,0.0,0.0001,16.0,25903.0
2026-07-30T19:01:55.028Z,284.511,284.526,0.0,7.4,0.0,0.0,0.0,0.0,0.0,0.0,0.0,0.0,1.0,0.0,0.0,0.0,9.0,4.0,0.0,0.0,0.0,0.0,0.0,0.0,0.0,0.0,2.0,12.0,1.0,12.17,5.0200000000000005,2.5,1.49,0.0,0.1,0.0,0.4,0.0,-0.8,-0.4,-0.1,-169.70000000000002,0.0,0.0,169.70000000000002,0.0,21.700000000000003,29.1,29.1,29.700000000000003,300.0,300.0,31.6,35.7,29.1,28.3,30.1,4.96,1.99,4.97,0.16,0.0,0.0,1027.0,8228.0,0.0,0.0,0.0,0.0,0.0,1.0,0.0,0.0,0.0,0.0,0.0,-0.6000000000000001,0.0,0.0,0.0,0.0,16.0,25903.0
2026-07-30T19:01:55.041Z,284.524,284.538,0.0,7.4,0.0,0.0,0.0,0.0,0.0,0.0,0.0,0.0,1.0,0.0,0.0,0.0,9.0,4.0,0.0,0.0,0.0,0.0,0.0,0.0,0.0,0.0,3.0,12.0,1.0,12.17,5.0200000000000005,2.5,1.49,0.0,0.0,0.0,0.4,0.0,-0.2,-0.4,-0.2,-169.70000000000002,0.0,0.0,169.70000000000002,0.0,21.700000000000003,29.1,29.1,29.700000000000003,300.0,300.0,31.6,35.7,29.1,28.3,30.1,4.96,2.0,4.96,0.16,0.0,0.0,1027.0,8228.0,0.0,0.0,0.0,0.0,0.0,1.0,0.0,0.0,0.0,0.0,0.0,-0.6000000000000001,0.0,0.0,0.0,0.0002,16.0,25903.0
2026-07-30T19:01:55.052Z,284.535,284.55,0.0,7.4,0.0,0.0,0.0,0.0,0.0,0.0,0.0,0.0,1.0,0.0,0.0,0.0,9.0,4.0,0.0,0.0,0.0,0.0,0.0,0.0,0.0,0.0,3.0,12.0,1.0,12.17,5.0200000000000005,2.5,1.49,0.0,0.0,0.0,0.4,0.0,0.8,0.0,0.4,-169.70000000000002,0.0,0.0,169.8,0.0,21.700000000000003,29.1,29.1,29.700000000000003,300.0,300.0,31.6,35.7,29.1,28.3,30.1,4.96,1.99,4.96,0.16,0.0,0.0,1027.0,8228.0,0.0,0.0,0.0,0.0,0.0,1.0,0.0,0.0,0.0,0.0,0.0,0.3,0.0,-0.3,0.0,0.0,16.0,25903.0
2026-07-30T19:01:55.064Z,284.547,284.562,0.0,7.4,0.0,0.0,0.0,0.0,0.0,0.0,0.0,0.0,1.0,0.0,0.0,0.0,9.0,4.0,0.0,0.0,0.0,0.0,0.0,0.0,0.0,0.0,4.0,12.0,1.0,12.17,5.0200000000000005,2.5,1.49,0.0,0.0,0.0,0.4,0.0,0.2,-0.5,1.0,-169.70000000000002,0.0,0.0,169.70000000000002,0.0,21.700000000000003,29.1,29.1,29.700000000000003,300.0,300.0,31.6,35.7,29.1,28.3,30.1,4.95,1.99,4.97,0.16,0.0,0.0,1027.0,8228.0,0.0,0.0,0.0,0.0,0.0,1.0,0.0,0.0,0.0,0.0,0.0,0.1,0.0,-1.0,0.0,0.0002,16.0,25903.0
2026-07-30T19:01:55.077Z,284.56,284.574,0.0,7.4,0.0,0.0,0.0,0.0,0.0,0.0,0.0,0.0,1.0,0.0,0.0,0.0,9.0,4.0,0.0,0.0,0.0,0.0,0.0,0.0,0.0,0.0,5.0,12.0,1.0,12.2,5.01,2.5,1.5,0.0,0.0,0.0,0.4,0.0,-0.3,0.6000000000000001,0.4,-169.70000000000002,0.0,0.0,169.70000000000002,0.0,21.3,29.1,29.1,29.700000000000003,300.0,300.0,31.6,35.7,29.1,28.200000000000003,30.200000000000003,4.96,1.99,4.96,0.16,0.0,0.0,1027.0,8228.0,0.0,0.0,0.0,0.0,0.0,1.0,0.0,0.0,0.0,0.0,0.0,1.0,0.0,-0.2,0.0,0.0002,16.0,25903.0
2026-07-30T19:01:55.088Z,284.571,284.586,0.0,7.4,0.0,0.0,0.0,0.0,0.0,0.0,0.0,0.0,1.0,0.0,0.0,0.0,9.0,4.0,0.0,0.0,0.0,0.0,0.0,0.0,0.0,0.0,6.0,12.0,1.0,12.2,5.01,2.5,1.5,0.0,0.1,0.0,0.4,0.0,-0.3,0.6000000000000001,0.4,-169.70000000000002,0.0,0.0,169.8,0.0,21.3,29.1,29.1,29.700000000000003,300.0,300.0,31.6,35.7,29.1,28.200000000000003,30.200000000000003,4.96,2.0,4.96,0.16,0.0,0.0,1027.0,8228.0,0.0,0.0,0.0,0.0,0.0,1.0,0.0,0.0,0.0,0.0,0.0,1.0,0.0,-0.2,0.0,0.0001,16.0,25903.0
2026-07-30T19:01:55.101Z,284.584,284.598,0.0,7.4,0.0,0.0,0.0,0.0,0.0,0.0,0.0,0.0,1.0,0.0,0.0,0.0,9.0,4.0,0.0,0.0,0.0,0.0,0.0,0.0,0.0,0.0,1.0,12.0,1.0,12.2,5.01,2.5,1.5,0.0,0.0,0.0,0.4,0.0,0.8,0.6000000000000001,0.4,-169.70000000000002,0.0,0.0,169.8,0.0,21.3,29.1,29.1,29.700000000000003,300.0,300.0,31.6,35.7,29.1,28.200000000000003,30.200000000000003,4.95,1.99,4.96,0.16,0.0,0.0,1027.0,8228.0,0.0,0.0,0.0,0.0,0.0,1.0,0.0,0.0,0.0,0.0,0.0,1.0,0.0,-0.2,0.0,0.0001,16.0,25903.0
2026-07-30T19:01:55.113Z,284.596,284.61,0.0,7.4,0.0,0.0,0.0,0.0,0.0,0.0,0.0,0.0,1.0,0.0,0.0,0.0,9.0,4.0,0.0,0.0,0.0,0.0,0.0,0.0,0.0,0.0,3.0,12.0,1.0,12.2,5.01,2.5,1.5,0.0,0.0,0.0,0.4,0.0,-0.2,-0.4,-1.3,-169.70000000000002,0.0,0.0,169.8,0.0,21.3,29.1,29.1,29.700000000000003,300.0,300.0,31.6,35.7,29.1,28.200000000000003,30.200000000000003,4.96,1.99,4.98,0.16,0.0,0.0,1027.0,8228.0,0.0,0.0,0.0,0.0,0.0,1.0,0.0,0.0,0.0,0.0,0.0,-1.5,0.0,1.0,0.0,0.0,16.0,25903.0
2026-07-30T19:01:55.124Z,284.607,284.622,0.0,7.4,0.0,0.0,0.0,0.0,0.0,0.0,0.0,0.0,1.0,0.0,0.0,0.0,9.0,4.0,0.0,0.0,0.0,0.0,0.0,0.0,0.0,0.0,4.0,12.0,1.0,12.2,5.01,2.5,1.5,0.0,0.0,0.0,0.4,0.0,0.8,-0.5,1.0,-169.70000000000002,0.0,0.0,169.8,0.0,21.3,29.1,29.1,29.700000000000003,300.0,300.0,31.6,35.7,29.1,28.200000000000003,30.200000000000003,4.96,2.0,4.96,0.16,0.0,0.0,1027.0,8228.0,0.0,0.0,0.0,0.0,0.0,1.0,0.0,0.0,0.0,0.0,0.0,0.1,0.0,-0.9,0.0,0.0001,16.0,25903.0
2026-07-30T19:01:55.136Z,284.619,284.634,0.0,7.4,0.0,0.0,0.0,0.0,0.0,0.0,0.0,0.0,1.0,0.0,0.0,0.0,9.0,4.0,0.0,0.0,0.0,0.0,0.0,0.0,0.0,0.0,5.0,12.0,1.0,12.2,5.01,2.5,1.5,0.0,0.0,0.0,0.4,0.0,0.8,0.6000000000000001,-0.1,-169.70000000000002,0.0,0.0,169.8,0.0,21.3,29.1,29.1,29.700000000000003,300.0,300.0,31.6,35.7,29.1,28.200000000000003,30.200000000000003,4.96,1.99,4.97,0.16,0.0,0.0,1027.0,8228.0,0.0,0.0,0.0,0.0,0.0,1.0,0.0,0.0,0.0,0.0,0.0,0.6000000000000001,0.0,0.2,0.0,0.0,16.0,25903.0
2026-07-30T19:01:55.148Z,284.631,284.646,0.0,7.4,0.0,0.0,0.0,0.0,0.0,0.0,0.0,0.0,1.0,0.0,0.0,0.0,9.0,4.0,0.0,0.0,0.0,0.0,0.0,0.0,0.0,0.0,6.0,12.0,1.0,12.2,5.01,2.5,1.5,0.0,0.0,0.0,0.4,0.0,0.3,-1.0,-0.7000000000000001,-169.70000000000002,0.0,0.0,169.8,0.0,21.3,29.1,29.1,29.700000000000003,300.0,300.0,31.6,35.7,29.1,28.200000000000003,30.200000000000003,4.95,1.99,4.97,0.16,0.0,0.0,1027.0,8228.0,0.0,0.0,0.0,0.0,0.0,1.0,0.0,0.0,0.0,0.0,0.0,-1.7000000000000002,0.0,0.4,0.0,0.0,16.0,25903.0
2026-07-30T19:01:55.160Z,284.643,284.658,0.0,7.4,0.0,0.0,0.0,0.0,0.0,0.0,0.0,0.0,1.0,0.0,0.0,0.0,9.0,4.0,0.0,0.0,0.0,0.0,0.0,0.0,0.0,0.0,1.0,12.0,1.0,12.2,5.01,2.5,1.5,0.0,0.1,0.0,0.4,0.0,-0.2,-0.4,-0.7000000000000001,-169.70000000000002,0.0,0.0,169.8,0.0,21.3,29.1,29.1,29.700000000000003,300.0,300.0,31.6,35.7,29.1,28.200000000000003,30.200000000000003,4.95,1.99,4.97,0.16,0.0,0.0,1027.0,8228.0,0.0,0.0,0.0,0.0,0.0,1.0,0.0,0.0,0.0,0.0,0.0,-1.0,0.0,0.5,0.0,0.0,16.0,25903.0
2026-07-30T19:01:55.174Z,284.657,284.67,0.0,7.4,0.0,0.0,0.0,0.0,0.0,0.0,0.0,0.0,1.0,0.0,0.0,0.0,9.0,4.0,0.0,0.0,0.0,0.0,0.0,0.0,0.0,0.0,2.0,12.0,1.0,12.17,5.0200000000000005,2.5,1.49,0.0,0.0,0.0,0.4,0.0,-0.2,-1.0,-0.7000000000000001,-169.70000000000002,0.0,0.0,169.8,0.0,21.8,29.1,29.1,29.700000000000003,300.0,300.0,31.6,35.6,29.0,28.200000000000003,30.200000000000003,4.95,2.0,4.97,0.16,0.0,0.0,1027.0,8228.0,0.0,0.0,0.0,0.0,0.0,1.0,0.0,0.0,0.0,0.0,0.0,-1.7000000000000002,0.0,0.4,0.0,0.0,16.0,25903.0
2026-07-30T19:01:55.184Z,284.667,284.682,0.0,7.4,0.0,0.0,0.0,0.0,0.0,0.0,0.0,0.0,1.0,0.0,0.0,0.0,9.0,4.0,0.0,0.0,0.0,0.0,0.0,0.0,0.0,0.0,3.0,12.0,1.0,12.17,5.0200000000000005,2.5,1.49,0.0,0.1,0.0,0.4,0.0,-0.2,1.2000000000000002,-0.1,-169.70000000000002,0.0,0.0,169.8,0.0,21.8,29.1,29.1,29.700000000000003,300.0,300.0,31.6,35.6,29.0,28.200000000000003,30.200000000000003,4.95,1.99,4.96,0.16,0.0,0.0,1027.0,8228.0,0.0,0.0,0.0,0.0,0.0,1.0,0.0,0.0,0.0,0.0,0.0,1.2000000000000002,0.0,0.4,0.0,0.0001,16.0,25903.0
2026-07-30T19:01:55.196Z,284.679,284.694,0.0,7.4,0.0,0.0,0.0,0.0,0.0,0.0,0.0,0.0,1.0,0.0,0.0,0.0,9.0,4.0,0.0,0.0,0.0,0.0,0.0,0.0,0.0,0.0,4.0,12.0,1.0,12.17,5.0200000000000005,2.5,1.49,0.0,0.0,0.0,0.4,0.0,0.9,1.2000000000000002,1.6,-169.70000000000002,0.0,0.0,169.8,0.0,21.8,29.1,29.1,29.700000000000003,300.0,300.0,31.6,35.6,29.0,28.200000000000003,30.200000000000003,4.95,2.0,4.96,0.16,0.0,0.0,1027.0,8228.0,0.0,0.0,0.0,0.0,0.0,1.0,0.0,0.0,0.0,0.0,0.0,2.6,0.0,-1.1,0.0,0.0001,16.0,25903.0
2026-07-30T19:01:55.209Z,284.692,284.706,0.0,7.4,0.0,0.0,0.0,0.0,0.0,0.0,0.0,0.0,1.0,0.0,0.0,0.0,9.0,4.0,0.0,0.0,0.0,0.0,0.0,0.0,0.0,0.0,5.0,12.0,1.0,12.17,5.0200000000000005,2.5,1.49,0.0,0.0,0.0,0.4,0.0,0.3,0.1,-0.7000000000000001,-169.70000000000002,0.0,0.0,169.8,0.0,21.8,29.1,29.1,29.700000000000003,300.0,300.0,31.6,35.6,29.0,28.200000000000003,30.200000000000003,4.96,2.0,4.96,0.16,0.0,0.0,1027.0,8228.0,0.0,0.0,0.0,0.0,0.0,1.0,0.0,0.0,0.0,0.0,0.0,-0.3,0.0,0.6000000000000001,0.0,0.0,16.0,25903.0
2026-07-30T19:01:55.221Z,284.704,284.718,0.0,7.4,0.0,0.0,0.0,0.0,0.0,0.0,0.0,0.0,1.0,0.0,0.0,0.0,9.0,4.0,0.0,0.0,0.0,0.0,0.0,0.0,0.0,0.0,6.0,12.0,1.0,12.17,5.0200000000000005,2.5,1.49,0.0,0.1,0.0,0.4,0.0,-0.2,1.2000000000000002,-0.7000000000000001,-169.70000000000002,0.0,0.0,169.8,0.0,21.8,29.1,29.1,29.700000000000003,300.0,300.0,31.6,35.6,29.0,28.200000000000003,30.200000000000003,4.95,2.0,4.97,0.16,0.0,0.0,1027.0,8228.0,0.0,0.0,0.0,0.0,0.0,1.0,0.0,0.0,0.0,0.0,0.0,0.9,0.0,0.8,0.0,0.0,16.0,25903.0
2026-07-30T19:01:55.232Z,284.715,284.73,0.0,7.4,0.0,0.0,0.0,0.0,0.0,0.0,0.0,0.0,1.0,0.0,0.0,0.0,9.0,4.0,0.0,0.0,0.0,0.0,0.0,0.0,0.0,0.0,1.0,12.0,1.0,12.17,5.0200000000000005,2.5,1.49,0.0,0.0,0.0,0.4,0.0,0.3,0.1,-0.1,-169.70000000000002,0.0,0.0,169.70000000000002,0.0,21.8,29.1,29.1,29.700000000000003,300.0,300.0,31.6,35.6,29.0,28.200000000000003,30.200000000000003,4.95,1.99,4.97,0.16,0.0,0.0,1027.0,8228.0,0.0,0.0,0.0,0.0,0.0,1.0,0.0,0.0,0.0,0.0,0.0,0.0,0.0,0.1,0.0,0.0001,16.0,25903.0
2026-07-30T19:01:55.244Z,284.727,284.742,0.0,7.4,0.0,0.0,0.0,0.0,0.0,0.0,0.0,0.0,1.0,0.0,0.0,0.0,9.0,4.0,0.0,0.0,0.0,0.0,0.0,0.0,0.0,0.0,2.0,12.0,1.0,12.17,5.0200000000000005,2.5,1.49,0.0,0.0,0.0,0.4,0.0,0.3,0.1,-0.1,-169.70000000000002,0.0,0.0,169.70000000000002,0.0,21.8,29.1,29.1,29.700000000000003,300.0,300.0,31.6,35.6,29.0,28.200000000000003,30.200000000000003,4.95,2.0,4.97,0.16,0.0,0.0,1027.0,8228.0,0.0,0.0,0.0,0.0,0.0,1.0,0.0,0.0,0.0,0.0,0.0,0.0,0.0,0.1,0.0,0.0001,16.0,25903.0
2026-07-30T19:01:55.257Z,284.74,284.754,0.0,7.4,0.0,0.0,0.0,0.0,0.0,0.0,0.0,0.0,1.0,0.0,0.0,0.0,9.0,4.0,0.0,0.0,0.0,0.0,0.0,0.0,0.0,0.0,4.0,12.0,1.0,12.17,5.0200000000000005,2.5,1.49,0.0,0.0,0.0,0.4,0.0,0.9,-0.4,1.0,-169.70000000000002,0.0,0.0,169.70000000000002,0.0,21.8,29.1,29.1,29.700000000000003,300.0,300.0,31.6,35.6,29.0,28.200000000000003,30.200000000000003,4.96,2.0,4.96,0.16,0.0,0.0,1027.0,8228.0,0.0,0.0,0.0,0.0,0.0,1.0,0.0,0.0,0.0,0.0,0.0,0.3,0.0,-1.0,0.0,0.0,16.0,25903.0
2026-07-30T19:01:55.268Z,284.751,284.766,0.0,7.4,0.0,0.0,0.0,0.0,0.0,0.0,0.0,0.0,1.0,0.0,0.0,0.0,9.0,4.0,0.0,0.0,0.0,0.0,0.0,0.0,0.0,0.0,5.0,12.0,1.0,12.17,5.0200000000000005,2.5,1.49,0.0,0.0,0.0,0.4,0.0,-0.2,0.1,-0.6000000000000001,-169.70000000000002,0.0,0.0,169.8,0.0,21.8,29.1,29.1,29.700000000000003,300.0,300.0,31.6,35.6,29.0,28.200000000000003,30.200000000000003,4.95,1.99,4.97,0.16,0.0,0.0,1027.0,8228.0,0.0,0.0,0.0,0.0,0.0,1.0,0.0,0.0,0.0,0.0,0.0,-0.3,0.0,0.6000000000000001,0.0,0.0001,16.0,25903.0
2026-07-30T19:01:55.280Z,284.763,284.778,0.0,7.4,0.0,0.0,0.0,0.0,0.0,0.0,0.0,0.0,1.0,0.0,0.0,0.0,9.0,4.0,0.0,0.0,0.0,0.0,0.0,0.0,0.0,0.0,6.0,12.0,1.0,12.17,5.01,2.51,1.49,0.0,0.0,0.0,0.4,0.0,-0.2,1.2000000000000002,0.4,-169.70000000000002,0.0,0.0,169.8,0.0,21.3,29.1,29.1,29.700000000000003,300.0,300.0,31.6,35.6,29.0,28.200000000000003,30.1,4.95,1.99,4.96,0.16,0.0,0.0,1027.0,8228.0,0.0,0.0,0.0,0.0,0.0,1.0,0.0,0.0,0.0,0.0,0.0,1.7000000000000002,0.0,-0.1,0.0,0.0002,16.0,25903.0
2026-07-30T19:01:55.292Z,284.775,284.79,0.0,7.4,0.0,0.0,0.0,0.0,0.0,0.0,0.0,0.0,1.0,0.0,0.0,0.0,9.0,4.0,0.0,0.0,0.0,0.0,0.0,0.0,0.0,0.0,1.0,12.0,1.0,12.17,5.01,2.51,1.49,0.0,0.0,0.0,0.4,0.0,-0.2,0.6000000000000001,-0.1,-169.70000000000002,0.0,0.0,169.8,0.0,21.3,29.1,29.1,29.700000000000003,300.0,300.0,31.6,35.6,29.0,28.200000000000003,30.1,4.96,1.99,4.96,0.16,0.0,0.0,1027.0,8228.0,0.0,0.0,0.0,0.0,0.0,1.0,0.0,0.0,0.0,0.0,0.0,0.6000000000000001,0.0,0.2,0.0,0.0001,16.0,25903.0
2026-07-30T19:01:55.304Z,284.787,284.802,0.0,7.4,0.0,0.0,0.0,0.0,0.0,0.0,0.0,0.0,1.0,0.0,0.0,0.0,9.0,4.0,0.0,0.0,0.0,0.0,0.0,0.0,0.0,0.0,2.0,12.0,1.0,12.17,5.01,2.51,1.49,0.0,0.0,0.0,0.4,0.0,-0.8,0.0,-0.7000000000000001,-169.70000000000002,0.0,0.0,169.8,0.0,21.3,29.1,29.1,29.700000000000003,300.0,300.0,31.6,35.6,29.0,28.200000000000003,30.1,4.95,1.99,4.97,0.16,0.0,0.0,1027.0,8228.0,0.0,0.0,0.0,0.0,0.0,1.0,0.0,0.0,0.0,0.0,0.0,-0.5,0.0,0.6000000000000001,0.0,0.0,16.0,25903.0
2026-07-30T19:01:55.316Z,284.799,284.814,0.0,7.4,0.0,0.0,0.0,0.0,0.0,0.0,0.0,0.0,1.0,0.0,0.0,0.0,9.0,4.0,0.0,0.0,0.0,0.0,0.0,0.0,0.0,0.0,3.0,12.0,1.0,12.17,5.01,2.51,1.49,0.0,0.0,0.0,0.5,0.0,0.3,0.6000000000000001,2.1,-169.70000000000002,0.0,0.0,169.8,0.0,21.3,29.1,29.1,29.700000000000003,300.0,300.0,31.6,35.6,29.0,28.200000000000003,30.1,4.96,1.99,4.97,0.16,0.0,0.0,1027.0,8228.0,0.0,0.0,0.0,0.0,0.0,1.0,0.0,0.0,0.0,0.0,0.0,2.2,0.0,-1.7000000000000002,0.0,0.0,16.0,25903.0
2026-07-30T19:01:55.328Z,284.811,284.826,0.0,7.4,0.0,0.0,0.0,0.0,0.0,0.0,0.0,0.0,1.0,0.0,0.0,0.0,9.0,4.0,0.0,0.0,0.0,0.0,0.0,0.0,0.0,0.0,4.0,12.0,1.0,12.17,5.01,2.51,1.49,0.0,0.0,0.0,0.4,0.0,0.3,0.0,0.3,-169.70000000000002,0.0,0.0,169.70000000000002,0.0,21.3,29.1,29.1,29.700000000000003,300.0,300.0,31.6,35.6,29.0,28.200000000000003,30.1,4.96,1.99,4.96,0.16,0.0,0.0,1027.0,8228.0,0.0,0.0,0.0,0.0,0.0,1.0,0.0,0.0,0.0,0.0,0.0,0.3,0.0,-0.3,0.0,0.0,16.0,25903.0
2026-07-30T19:01:55.340Z,284.823,284.838,0.0,7.4,0.0,0.0,0.0,0.0,0.0,0.0,0.0,0.0,1.0,0.0,0.0,0.0,9.0,4.0,0.0,0.0,0.0,0.0,0.0,0.0,0.0,0.0,5.0,12.0,1.0,12.17,5.01,2.51,1.49,0.0,0.0,0.0,0.4,0.0,-0.2,-1.1,0.9,-169.70000000000002,0.0,0.0,169.8,0.0,21.3,29.1,29.1,29.700000000000003,300.0,300.0,31.6,35.6,29.0,28.200000000000003,30.1,4.96,1.99,4.96,0.16,0.0,0.0,1027.0,8228.0,0.0,0.0,0.0,0.0,0.0,1.0,0.0,0.0,0.0,0.0,0.0,-0.5,0.0,-1.0,0.0,0.0001,16.0,25903.0
2026-07-30T19:01:55.352Z,284.835,284.85,0.0,7.4,0.0,0.0,0.0,0.0,0.0,0.0,0.0,0.0,1.0,0.0,0.0,0.0,9.0,4.0,0.0,0.0,0.0,0.0,0.0,0.0,0.0,0.0,6.0,12.0,1.0,12.17,5.01,2.51,1.49,0.0,0.0,0.0,0.4,0.0,0.3,0.6000000000000001,0.9,-169.70000000000002,0.0,0.0,169.70000000000002,0.0,21.3,29.1,29.1,29.700000000000003,300.0,300.0,31.6,35.6,29.0,28.200000000000003,30.1,4.95,1.99,4.97,0.16,0.0,0.0,1027.0,8228.0,0.0,0.0,0.0,0.0,0.0,1.0,0.0,0.0,0.0,0.0,0.0,1.4,0.0,-0.6000000000000001,0.0,0.0,16.0,25903.0
2026-07-30T19:01:55.364Z,284.847,284.862,0.0,7.4,0.0,0.0,0.0,0.0,0.0,0.0,0.0,0.0,1.0,0.0,0.0,0.0,9.0,4.0,0.0,0.0,0.0,0.0,0.0,0.0,0.0,0.0,1.0,12.0,1.0,12.17,5.01,2.51,1.49,0.0,0.0,0.0,0.5,0.0,-0.8,0.0,-0.8,-169.70000000000002,0.0,0.0,169.70000000000002,0.0,21.3,29.1,29.1,29.700000000000003,300.0,300.0,31.6,35.6,29.0,28.200000000000003,30.1,4.95,1.99,4.96,0.16,0.0,0.0,1027.0,8228.0,0.0,0.0,0.0,0.0,0.0,1.0,0.0,0.0,0.0,0.0,0.0,-0.5,0.0,0.7000000000000001,0.0,0.0001,16.0,25903.0
2026-07-30T19:01:55.377Z,284.86,284.874,0.0,7.4,0.0,0.0,0.0,0.0,0.0,0.0,0.0,0.0,1.0,0.0,0.0,0.0,9.0,4.0,0.0,0.0,0.0,0.0,0.0,0.0,0.0,0.0,2.0,12.0,1.0,12.14,5.01,2.51,1.49,0.0,0.0,0.0,0.4,0.0,0.2,0.6000000000000001,0.3,-169.70000000000002,0.0,0.0,169.8,0.0,21.4,29.1,29.1,29.700000000000003,300.0,300.0,31.6,35.7,29.0,28.200000000000003,30.200000000000003,4.95,1.99,4.97,0.17,0.0,0.0,1027.0,8228.0,0.0,0.0,0.0,0.0,0.0,1.0,0.0,0.0,0.0,0.0,0.0,1.0,0.0,-0.1,0.0,0.0001,16.0,25903.0
2026-07-30T19:01:55.388Z,284.871,284.886,0.0,7.4,0.0,0.0,0.0,0.0,0.0,0.0,0.0,0.0,1.0,0.0,0.0,0.0,9.0,4.0,0.0,0.0,0.0,0.0,0.0,0.0,0.0,0.0,3.0,12.0,1.0,12.14,5.01,2.51,1.49,0.0,0.0,0.0,0.4,0.0,-0.3,0.1,-0.8,-169.70000000000002,0.0,0.0,169.8,0.0,21.4,29.1,29.1,29.700000000000003,300.0,300.0,31.6,35.7,29.0,28.200000000000003,30.200000000000003,4.95,1.99,4.97,0.16,0.0,0.0,1027.0,8228.0,0.0,0.0,0.0,0.0,0.0,1.0,0.0,0.0,0.0,0.0,0.0,-0.4,0.0,0.7000000000000001,0.0,0.0001,16.0,25903.0
2026-07-30T19:01:55.400Z,284.883,284.898,0.0,7.4,0.0,0.0,0.0,0.0,0.0,0.0,0.0,0.0,1.0,0.0,0.0,0.0,9.0,4.0,0.0,0.0,0.0,0.0,0.0,0.0,0.0,0.0,4.0,12.0,1.0,12.14,5.01,2.51,1.49,0.0,0.0,0.0,0.4,0.0,-0.8,-1.0,-1.3,-169.70000000000002,0.0,0.0,169.60000000000002,0.0,21.4,29.1,29.1,29.700000000000003,300.0,300.0,31.6,35.7,29.0,28.200000000000003,30.200000000000003,4.96,1.99,4.97,0.15,0.0,0.0,1027.0,8228.0,0.0,0.0,0.0,0.0,0.0,1.0,0.0,0.0,0.0,0.0,0.0,-2.1,0.0,0.9,0.0,0.0001,16.0,25903.0
2026-07-30T19:01:55.412Z,284.895,284.91,0.0,7.4,0.0,0.0,0.0,0.0,0.0,0.0,0.0,0.0,1.0,0.0,0.0,0.0,9.0,4.0,0.0,0.0,0.0,0.0,0.0,0.0,0.0,0.0,5.0,12.0,1.0,12.14,5.01,2.51,1.49,0.0,0.0,0.0,0.4,0.0,0.3,0.1,-0.1,-169.70000000000002,0.0,0.0,169.60000000000002,0.0,21.4,29.1,29.1,29.700000000000003,300.0,300.0,31.6,35.7,29.0,28.200000000000003,30.200000000000003,4.95,1.99,4.96,0.15,0.0,0.0,1027.0,8228.0,0.0,0.0,0.0,0.0,0.0,1.0,0.0,0.0,0.0,0.0,0.0,0.0,0.0,0.1,0.0,0.0002,16.0,25903.0
2026-07-30T19:01:55.425Z,284.908,284.922,0.0,7.4,0.0,0.0,0.0,0.0,0.0,0.0,0.0,0.0,1.0,0.0,0.0,0.0,9.0,4.0,0.0,0.0,0.0,0.0,0.0,0.0,0.0,0.0,6.0,12.0,1.0,12.14,5.01,2.51,1.49,0.0,0.0,0.0,0.5,0.0,0.3,1.8,-0.1,-169.70000000000002,0.0,0.0,169.70000000000002,0.0,21.4,29.1,29.1,29.700000000000003,300.0,300.0,31.6,35.7,29.0,28.200000000000003,30.200000000000003,4.95,1.99,4.96,0.16,0.0,0.0,1027.0,8228.0,0.0,0.0,0.0,0.0,0.0,1.0,0.0,0.0,0.0,0.0,0.0,2.0,0.0,0.5,0.0,0.0001,16.0,25903.0
2026-07-30T19:01:55.437Z,284.92,284.934,0.0,7.4,0.0,0.0,0.0,0.0,0.0,0.0,0.0,0.0,1.0,0.0,0.0,0.0,9.0,4.0,0.0,0.0,0.0,0.0,0.0,0.0,0.0,0.0,1.0,12.0,1.0,12.14,5.01,2.51,1.49,0.0,0.0,0.0,0.4,0.0,-0.8,0.1,2.1,-169.70000000000002,0.0,0.0,169.70000000000002,0.0,21.4,29.1,29.1,29.700000000000003,300.0,300.0,31.6,35.7,29.0,28.200000000000003,30.200000000000003,4.96,2.0,4.96,0.16,0.0,0.0,1027.0,8228.0,0.0,0.0,0.0,0.0,0.0,1.0,0.0,0.0,0.0,0.0,0.0,0.0,0.0,0.1,0.0,0.0,16.0,25903.0
2026-07-30T19:01:55.449Z,284.932,284.946,0.0,7.4,0.0,0.0,0.0,0.0,0.0,0.0,0.0,0.0,1.0,0.0,0.0,0.0,9.0,4.0,0.0,0.0,0.0,0.0,0.0,0.0,0.0,0.0,2.0,12.0,1.0,12.14,5.01,2.51,1.49,0.0,0.0,0.0,0.4,0.0,-0.2,-0.4,-0.1,-169.70000000000002,0.0,0.0,169.70000000000002,0.0,21.4,29.1,29.1,29.700000000000003,300.0,300.0,31.6,35.7,29.0,28.200000000000003,30.200000000000003,4.95,2.0,4.96,0.16,0.0,0.0,1027.0,8228.0,0.0,0.0,0.0,0.0,0.0,1.0,0.0,0.0,0.0,0.0,0.0,-1.2000000000000002,0.0,0.0,0.0,0.0001,16.0,25903.0
2026-07-30T19:01:55.461Z,284.944,284.958,0.0,7.4,0.0,0.0,0.0,0.0,0.0,0.0,0.0,0.0,1.0,0.0,0.0,0.0,9.0,4.0,0.0,0.0,0.0,0.0,0.0,0.0,0.0,0.0,3.0,12.0,1.0,12.14,5.01,2.51,1.49,0.0,0.0,0.0,0.4,0.0,-0.2,-0.4,-1.8,-169.70000000000002,0.0,0.0,169.60000000000002,0.0,21.4,29.1,29.1,29.700000000000003,300.0,300.0,31.6,35.7,29.0,28.200000000000003,30.200000000000003,4.95,1.99,4.97,0.16,0.0,0.0,1027.0,8228.0,0.0,0.0,0.0,0.0,0.0,1.0,0.0,0.0,0.0,0.0,0.0,1.4,0.0,-1.4,0.0,0.0,16.0,25903.0
2026-07-30T19:01:55.473Z,284.956,284.97,0.0,7.4,0.0,0.0,0.0,0.0,0.0,0.0,0.0,0.0,1.0,0.0,0.0,0.0,9.0,4.0,0.0,0.0,0.0,0.0,0.0,0.0,0.0,0.0,4.0,12.0,1.0,12.14,5.01,2.51,1.49,0.0,0.0,0.0,0.4,0.0,-0.2,1.2000000000000002,1.6,-169.70000000000002,0.0,0.0,169.60000000000002,0.0,21.4,29.1,29.1,29.700000000000003,300.0,300.0,31.6,35.7,29.0,28.200000000000003,30.200000000000003,4.95,1.99,4.96,0.16,0.0,0.0,1027.0,8228.0,0.0,0.0,0.0,0.0,0.0,1.0,0.0,0.0,0.0,0.0,0.0,-1.4,0.0,0.9,0.0,0.0001,16.0,25903.0
2026-07-30T19:01:55.485Z,284.968,284.982,0.0,7.4,0.0,0.0,0.0,0.0,0.0,0.0,0.0,0.0,1.0,0.0,0.0,0.0,9.0,4.0,0.0,0.0,0.0,0.0,0.0,0.0,0.0,0.0,5.0,12.0,1.0,12.18,5.0200000000000005,2.5,1.49,0.0,0.0,0.0,0.4,0.0,-1.4,0.1,-0.6000000000000001,-169.70000000000002,0.0,0.0,169.70000000000002,0.0,21.700000000000003,29.1,29.1,29.700000000000003,300.0,300.0,31.700000000000003,35.800000000000004,29.0,28.200000000000003,30.1,4.96,1.99,4.96,0.16,0.0,0.0,1027.0,8228.0,0.0,0.0,0.0,0.0,0.0,1.0,0.0,0.0,0.0,0.0,0.0,-0.3,0.0,0.6000000000000001,0.0,0.0001,16.0,25903.0
2026-07-30T19:01:55.497Z,284.98,284.994,0.0,7.4,0.0,0.0,0.0,0.0,0.0,0.0,0.0,0.0,1.0,0.0,0.0,0.0,9.0,4.0,0.0,0.0,0.0,0.0,0.0,0.0,0.0,0.0,6.0,12.0,1.0,12.18,5.0200000000000005,2.5,1.49,0.0,0.0,0.0,0.4,0.0,-0.2,-0.4,1.1,-169.70000000000002,0.0,0.0,169.60000000000002,0.0,21.700000000000003,29.1,29.1,29.700000000000003,300.0,300.0,31.700000000000003,35.800000000000004,29.0,28.200000000000003,30.1,4.96,1.99,4.97,0.16,0.0,0.0,1027.0,8228.0,0.0,0.0,0.0,0.0,0.0,1.0,0.0,0.0,0.0,0.0,0.0,0.2,0.0,-1.0,0.0,0.0,16.0,25903.0
2026-07-30T19:01:55.509Z,284.992,285.00600000000003,0.0,7.4,0.0,0.0,0.0,0.0,0.0,0.0,0.0,0.0,1.0,0.0,0.0,0.0,9.0,4.0,0.0,0.0,0.0,0.0,0.0,0.0,0.0,0.0,1.0,12.0,1.0,12.18,5.0200000000000005,2.5,1.49,0.0,0.0,0.0,0.4,0.0,0.3,0.1,0.0,-169.70000000000002,0.0,0.0,169.8,0.0,21.700000000000003,29.1,29.1,29.700000000000003,300.0,300.0,31.700000000000003,35.800000000000004,29.0,28.200000000000003,30.1,4.95,1.99,4.97,0.16,0.0,0.0,1027.0,8228.0,0.0,0.0,0.0,0.0,0.0,1.0,0.0,0.0,0.0,0.0,0.0,0.1,0.0,0.0,0.0,0.0,16.0,25903.0
2026-07-30T19:01:55.521Z,285.004,285.01800000000003,0.0,7.4,0.0,0.0,0.0,0.0,0.0,0.0,0.0,0.0,1.0,0.0,0.0,0.0,9.0,4.0,0.0,0.0,0.0,0.0,0.0,0.0,0.0,0.0,2.0,12.0,1.0,12.18,5.0200000000000005,2.5,1.49,0.0,0.1,0.0,0.4,0.0,-0.8,0.1,-2.9000000000000004,-169.70000000000002,0.0,0.0,169.60000000000002,0.0,21.700000000000003,29.1,29.1,29.700000000000003,300.0,300.0,31.700000000000003,35.800000000000004,29.0,28.200000000000003,30.1,4.95,2.0,4.96,0.16,0.0,0.0,1027.0,8228.0,0.0,0.0,0.0,0.0,0.0,1.0,0.0,0.0,0.0,0.0,0.0,-2.0,0.0,2.6,0.0,0.0002,16.0,25903.0
2026-07-30T19:01:55.532Z,285.015,285.03000000000003,0.0,7.4,0.0,0.0,0.0,0.0,0.0,0.0,0.0,0.0,1.0,0.0,0.0,0.0,9.0,4.0,0.0,0.0,0.0,0.0,0.0,0.0,0.0,0.0,3.0,12.0,1.0,12.18,5.0200000000000005,2.5,1.49,0.0,0.0,0.0,0.4,0.0,-0.2,-0.4,-0.5,-169.70000000000002,0.0,0.0,169.70000000000002,0.0,21.700000000000003,29.1,29.1,29.700000000000003,300.0,300.0,31.700000000000003,35.800000000000004,29.0,28.200000000000003,30.1,4.95,1.99,4.96,0.16,0.0,0.0,1027.0,8228.0,0.0,0.0,0.0,0.0,0.0,1.0,0.0,0.0,0.0,0.0,0.0,-0.9,0.0,0.4,0.0,0.0001,16.0,25903.0
2026-07-30T19:01:55.544Z,285.027,285.04200000000003,0.0,7.4,0.0,0.0,0.0,0.0,0.0,0.0,0.0,0.0,1.0,0.0,0.0,0.0,9.0,4.0,0.0,0.0,0.0,0.0,0.0,0.0,0.0,0.0,4.0,12.0,1.0,12.18,5.0200000000000005,2.5,1.49,0.0,0.1,0.0,0.4,0.0,0.2,0.7000000000000001,2.3000000000000003,-169.70000000000002,0.0,0.0,169.8,0.0,21.700000000000003,29.1,29.1,29.700000000000003,300.0,300.0,31.700000000000003,35.800000000000004,29.0,28.200000000000003,30.1,4.95,1.99,4.97,0.16,0.0,0.0,1027.0,8228.0,0.0,0.0,0.0,0.0,0.0,1.0,0.0,0.0,0.0,0.0,0.0,2.5,0.0,-1.8,0.0,0.0001,16.0,25903.0
2026-07-30T19:01:55.556Z,285.039,285.05400000000003,0.0,7.4,0.0,0.0,0.0,0.0,0.0,0.0,0.0,0.0,1.0,0.0,0.0,0.0,9.0,4.0,0.0,0.0,0.0,0.0,0.0,0.0,0.0,0.0,6.0,12.0,1.0,12.18,5.0200000000000005,2.5,1.49,0.0,0.0,0.0,0.4,0.0,-0.8,-0.5,0.0,-169.70000000000002,0.0,0.0,169.70000000000002,0.0,21.700000000000003,29.1,29.1,29.700000000000003,300.0,300.0,31.700000000000003,35.800000000000004,29.0,28.200000000000003,30.1,4.96,1.98,4.96,0.16,0.0,0.0,1027.0,8228.0,0.0,0.0,0.0,0.0,0.0,1.0,0.0,0.0,0.0,0.0,0.0,-0.6000000000000001,0.0,0.0,0.0,0.0001,16.0,25903.0
2026-07-30T19:01:55.568Z,285.051,285.06600000000003,0.0,7.4,0.0,0.0,0.0,0.0,0.0,0.0,0.0,0.0,1.0,0.0,0.0,0.0,9.0,4.0,0.0,0.0,0.0,0.0,0.0,0.0,0.0,0.0,1.0,12.0,1.0,12.18,5.0200000000000005,2.5,1.49,0.0,0.1,0.0,0.4,0.0,-0.8,-0.5,0.5,-169.70000000000002,0.0,0.0,169.70000000000002,0.0,21.700000000000003,29.1,29.1,29.700000000000003,300.0,300.0,31.700000000000003,35.800000000000004,29.0,28.200000000000003,30.1,4.96,1.99,4.97,0.16,0.0,0.0,1027.0,8228.0,0.0,0.0,0.0,0.0,0.0,1.0,0.0,0.0,0.0,0.0,0.0,-0.1,0.0,-0.5,0.0,0.0,16.0,25903.0
2026-07-30T19:01:55.581Z,285.064,285.07800000000003,0.0,7.4,0.0,0.0,0.0,0.0,0.0,0.0,0.0,0.0,1.0,0.0,0.0,0.0,9.0,4.0,0.0,0.0,0.0,0.0,0.0,0.0,0.0,0.0,2.0,12.0,1.0,12.17,5.01,2.5,1.49,0.0,0.0,0.0,0.5,0.0,0.8,0.6000000000000001,-0.6000000000000001,-169.70000000000002,0.0,0.0,169.60000000000002,0.0,21.3,29.1,29.1,29.700000000000003,300.0,300.0,31.700000000000003,35.800000000000004,29.1,28.200000000000003,30.1,4.95,1.99,4.97,0.16,0.0,0.0,1027.0,8228.0,0.0,0.0,0.0,0.0,0.0,1.0,0.0,0.0,0.0,0.0,0.0,0.2,0.0,0.7000000000000001,0.0,0.0,16.0,25903.0
2026-07-30T19:01:55.592Z,285.075,285.09000000000003,0.0,7.4,0.0,0.0,0.0,0.0,0.0,0.0,0.0,0.0,1.0,0.0,0.0,0.0,9.0,4.0,0.0,0.0,0.0,0.0,0.0,0.0,0.0,0.0,3.0,12.0,1.0,12.17,5.01,2.5,1.49,0.0,0.0,0.0,0.4,0.0,0.2,-0.4,0.0,-169.70000000000002,0.0,0.0,169.60000000000002,0.0,21.3,29.1,29.1,29.700000000000003,300.0,300.0,31.700000000000003,35.800000000000004,29.1,28.200000000000003,30.1,4.96,1.99,4.97,0.16,0.0,0.0,1027.0,8228.0,0.0,0.0,0.0,0.0,0.0,1.0,0.0,0.0,0.0,0.0,0.0,-0.6000000000000001,0.0,0.0,0.0,0.0001,16.0,25903.0
2026-07-30T19:01:55.604Z,285.087,285.10200000000003,0.0,7.4,0.0,0.0,0.0,0.0,0.0,0.0,0.0,0.0,1.0,0.0,0.0,0.0,9.0,4.0,0.0,0.0,0.0,0.0,0.0,0.0,0.0,0.0,5.0,12.0,1.0,12.17,5.01,2.5,1.49,0.0,0.0,0.0,0.4,0.0,0.2,-0.5,0.0,-169.70000000000002,0.0,0.0,169.70000000000002,0.0,21.3,29.1,29.1,29.700000000000003,300.0,300.0,31.700000000000003,35.800000000000004,29.1,28.200000000000003,30.1,4.96,1.99,4.96,0.16,0.0,0.0,1027.0,8228.0,0.0,0.0,0.0,0.0,0.0,1.0,0.0,0.0,0.0,0.0,0.0,-0.6000000000000001,0.0,0.0,0.0,0.0,16.0,25903.0
2026-07-30T19:01:55.617Z,285.1,285.11400000000003,0.0,7.4,0.0,0.0,0.0,0.0,0.0,0.0,0.0,0.0,1.0,0.0,0.0,0.0,9.0,4.0,0.0,0.0,0.0,0.0,0.0,0.0,0.0,0.0,6.0,12.0,1.0,12.17,5.01,2.5,1.49,0.0,0.0,0.0,0.4,0.0,0.2,0.0,0.5,-169.70000000000002,0.0,0.0,169.70000000000002,0.0,21.3,29.1,29.1,29.700000000000003,300.0,300.0,31.700000000000003,35.800000000000004,29.1,28.200000000000003,30.1,4.96,1.99,4.97,0.16,0.0,0.0,1027.0,8228.0,0.0,0.0,0.0,0.0,0.0,1.0,0.0,0.0,0.0,0.0,0.0,0.4,0.0,-0.4,0.0,0.0002,16.0,25903.0
2026-07-30T19:01:55.629Z,285.112,285.12600000000003,0.0,7.4,0.0,0.0,0.0,0.0,0.0,0.0,0.0,0.0,1.0,0.0,0.0,0.0,9.0,4.0,0.0,0.0,0.0,0.0,0.0,0.0,0.0,0.0,1.0,12.0,1.0,12.17,5.01,2.5,1.49,0.0,0.0,0.0,0.4,0.0,-0.3,0.0,-0.6000000000000001,-169.70000000000002,0.0,0.0,169.8,0.0,21.3,29.1,29.1,29.700000000000003,300.0,300.0,31.700000000000003,35.800000000000004,29.1,28.200000000000003,30.1,4.95,1.99,4.97,0.16,0.0,0.0,1027.0,8228.0,0.0,0.0,0.0,0.0,0.0,1.0,0.0,0.0,0.0,0.0,0.0,-0.3,0.0,0.5,0.0,0.0,16.0,25903.0
2026-07-30T19:01:55.640Z,285.123,285.13800000000003,0.0,7.4,0.0,0.0,0.0,0.0,0.0,0.0,0.0,0.0,1.0,0.0,0.0,0.0,9.0,4.0,0.0,0.0,0.0,0.0,0.0,0.0,0.0,0.0,3.0,12.0,1.0,12.17,5.01,2.5,1.49,0.0,0.0,0.0,0.5,0.0,0.3,-0.4,-0.6000000000000001,-169.70000000000002,0.0,0.0,169.8,0.0,21.3,29.1,29.1,29.700000000000003,300.0,300.0,31.700000000000003,35.800000000000004,29.1,28.200000000000003,30.1,4.96,1.99,4.96,0.16,0.0,0.0,1027.0,8228.0,0.0,0.0,0.0,0.0,0.0,1.0,0.0,0.0,0.0,0.0,0.0,-1.0,0.0,0.4,0.0,0.0001,16.0,25903.0
2026-07-30T19:01:55.653Z,285.136,285.15000000000003,0.0,7.4,0.0,0.0,0.0,0.0,0.0,0.0,0.0,0.0,1.0,0.0,0.0,0.0,9.0,4.0,0.0,0.0,0.0,0.0,0.0,0.0,0.0,0.0,4.0,12.0,1.0,12.17,5.01,2.5,1.49,0.0,0.0,0.0,0.4,0.0,-0.2,-1.0,-1.2000000000000002,-169.70000000000002,0.0,0.0,169.8,0.0,21.3,29.1,29.1,29.700000000000003,300.0,300.0,31.700000000000003,35.800000000000004,29.1,28.200000000000003,30.1,4.96,2.0,4.96,0.16,0.0,0.0,1027.0,8228.0,0.0,0.0,0.0,0.0,0.0,1.0,0.0,0.0,0.0,0.0,0.0,-2.1,0.0,0.8,0.0,0.0001,16.0,25903.0
2026-07-30T19:01:55.665Z,285.148,285.162,0.0,7.4,0.0,0.0,0.0,0.0,0.0,0.0,0.0,0.0,1.0,0.0,0.0,0.0,9.0,4.0,0.0,0.0,0.0,0.0,0.0,0.0,0.0,0.0,4.0,12.0,1.0,12.17,5.01,2.5,1.49,0.0,0.0,0.0,0.4,0.0,-0.2,0.0,1.0,-169.70000000000002,0.0,0.0,169.70000000000002,0.0,21.3,29.1,29.1,29.700000000000003,300.0,300.0,31.700000000000003,35.800000000000004,29.1,28.200000000000003,30.1,4.96,1.99,4.97,0.16,0.0,0.0,1027.0,8228.0,0.0,0.0,0.0,0.0,0.0,1.0,0.0,0.0,0.0,0.0,0.0,0.9,0.0,-0.9,0.0,0.0001,16.0,25903.0
2026-07-30T19:01:55.676Z,285.159,285.174,0.0,7.4,0.0,0.0,0.0,0.0,0.0,0.0,0.0,0.0,1.0,0.0,0.0,0.0,9.0,4.0,0.0,0.0,0.0,0.0,0.0,0.0,0.0,0.0,5.0,12.0,1.0,12.17,5.01,2.5,1.49,0.0,0.0,0.0,0.4,0.0,0.3,0.1,1.7000000000000002,-169.70000000000002,0.0,0.0,169.8,0.0,21.3,29.1,29.1,29.700000000000003,300.0,300.0,31.700000000000003,35.800000000000004,29.1,28.200000000000003,30.1,4.95,1.99,4.97,0.16,0.0,0.0,1027.0,8228.0,0.0,0.0,0.0,0.0,0.0,1.0,0.0,0.0,0.0,0.0,0.0,1.4,0.0,-1.4,0.0,0.0,16.0,25903.0
2026-07-30T19:01:55.689Z,285.172,285.186,0.0,7.4,0.0,0.0,0.0,0.0,0.0,0.0,0.0,0.0,1.0,0.0,0.0,0.0,9.0,4.0,0.0,0.0,0.0,0.0,0.0,0.0,0.0,0.0,6.0,12.0,1.0,12.18,5.01,2.51,1.49,0.0,0.0,0.0,0.4,0.0,-0.1,-0.3,0.0,-169.70000000000002,0.0,0.0,169.8,0.0,21.700000000000003,29.1,29.1,29.700000000000003,300.0,300.0,31.6,35.800000000000004,29.0,28.200000000000003,30.200000000000003,4.96,1.99,4.96,0.16,0.0,0.0,1027.0,8228.0,0.0,0.0,0.0,0.0,0.0,1.0,0.0,0.0,0.0,0.0,0.0,-0.4,0.0,0.0,0.0,0.0,16.0,25903.0
2026-07-30T19:01:55.701Z,285.184,285.198,0.0,7.4,0.0,0.0,0.0,0.0,0.0,0.0,0.0,0.0,1.0,0.0,0.0,0.0,9.0,4.0,0.0,0.0,0.0,0.0,0.0,0.0,0.0,0.0,2.0,12.0,1.0,12.18,5.01,2.51,1.49,0.0,0.1,0.0,0.4,0.0,0.4,0.1,-0.6000000000000001,-169.70000000000002,0.0,0.0,169.8,0.0,21.700000000000003,29.1,29.1,29.700000000000003,300.0,300.0,31.6,35.800000000000004,29.0,28.200000000000003,30.200000000000003,4.95,1.99,4.97,0.16,0.0,0.0,1027.0,8228.0,0.0,0.0,0.0,0.0,0.0,1.0,0.0,0.0,0.0,0.0,0.0,-0.2,0.0,0.5,0.0,0.0,16.0,25903.0
2026-07-30T19:01:55.713Z,285.196,285.21,0.0,7.4,0.0,0.0,0.0,0.0,0.0,0.0,0.0,0.0,1.0,0.0,0.0,0.0,9.0,4.0,0.0,0.0,0.0,0.0,0.0,0.0,0.0,0.0,2.0,12.0,1.0,12.18,5.01,2.51,1.49,0.0,0.0,0.0,0.4,0.0,0.4,0.1,0.5,-169.70000000000002,0.0,0.0,169.8,0.0,21.700000000000003,29.1,29.1,29.700000000000003,300.0,300.0,31.6,35.800000000000004,29.0,28.200000000000003,30.200000000000003,4.95,2.0,4.96,0.16,0.0,0.0,1027.0,8228.0,0.0,0.0,0.0,0.0,0.0,1.0,0.0,0.0,0.0,0.0,0.0,0.6000000000000001,0.0,-0.4,0.0,0.0,16.0,25903.0
2026-07-30T19:01:55.724Z,285.207,285.222,0.0,7.4,0.0,0.0,0.0,0.0,0.0,0.0,0.0,0.0,1.0,0.0,0.0,0.0,9.0,4.0,0.0,0.0,0.0,0.0,0.0,0.0,0.0,0.0,4.0,12.0,1.0,12.18,5.01,2.51,1.49,0.0,0.0,0.0,0.5,0.0,-0.1,1.3,0.0,-169.70000000000002,0.0,0.0,169.70000000000002,0.0,21.700000000000003,29.1,29.1,29.700000000000003,300.0,300.0,31.6,35.800000000000004,29.0,28.200000000000003,30.200000000000003,4.96,2.0,4.96,0.16,0.0,0.0,1027.0,8228.0,0.0,0.0,0.0,0.0,0.0,1.0,0.0,0.0,0.0,0.0,0.0,1.5,0.0,0.3,0.0,0.0,16.0,25903.0
2026-07-30T19:01:55.736Z,285.219,285.234,0.0,7.4,0.0,0.0,0.0,0.0,0.0,0.0,0.0,0.0,1.0,0.0,0.0,0.0,9.0,4.0,0.0,0.0,0.0,0.0,0.0,0.0,0.0,0.0,5.0,12.0,1.0,12.18,5.01,2.51,1.49,0.0,0.0,0.0,0.4,0.0,-0.6000000000000001,-0.3,-0.6000000000000001,-169.70000000000002,0.0,0.0,169.8,0.0,21.700000000000003,29.1,29.1,29.700000000000003,300.0,300.0,31.6,35.800000000000004,29.0,28.200000000000003,30.200000000000003,4.95,2.0,4.96,0.16,0.0,0.0,1027.0,8228.0,0.0,0.0,0.0,0.0,0.0,1.0,0.0,0.0,0.0,0.0,0.0,-0.8,0.0,0.4,0.0,0.0001,16.0,25903.0
2026-07-30T19:01:55.748Z,285.231,285.246,0.0,7.4,0.0,0.0,0.0,0.0,0.0,0.0,0.0,0.0,1.0,0.0,0.0,0.0,9.0,4.0,0.0,0.0,0.0,0.0,0.0,0.0,0.0,0.0,6.0,12.0,1.0,12.18,5.01,2.51,1.49,0.0,0.0,0.0,0.4,0.0,0.4,-0.4,-0.6000000000000001,-169.70000000000002,0.0,0.0,169.8,0.0,21.700000000000003,29.1,29.1,29.700000000000003,300.0,300.0,31.6,35.800000000000004,29.0,28.200000000000003,30.200000000000003,4.95,1.99,4.97,0.16,0.0,0.0,1027.0,8228.0,0.0,0.0,0.0,0.0,0.0,1.0,0.0,0.0,0.0,0.0,0.0,-0.9,0.0,0.4,0.0,0.0,16.0,25903.0
2026-07-30T19:01:55.761Z,285.244,285.258,0.0,7.4,0.0,0.0,0.0,0.0,0.0,0.0,0.0,0.0,1.0,0.0,0.0,0.0,9.0,4.0,0.0,0.0,0.0,0.0,0.0,0.0,0.0,0.0,1.0,12.0,1.0,12.18,5.01,2.51,1.49,0.0,0.0,0.0,0.5,0.0,-0.1,0.1,-1.1,-169.70000000000002,0.0,0.0,169.70000000000002,0.0,21.700000000000003,29.1,29.1,29.700000000000003,300.0,300.0,31.6,35.800000000000004,29.0,28.200000000000003,30.200000000000003,4.95,1.99,4.96,0.16,0.0,0.0,1027.0,8228.0,0.0,0.0,0.0,0.0,0.0,1.0,0.0,0.0,0.0,0.0,0.0,-0.7000000000000001,0.0,1.0,0.0,0.0,16.0,25903.0
2026-07-30T19:01:55.773Z,285.256,285.27,0.0,7.4,0.0,0.0,0.0,0.0,0.0,0.0,0.0,0.0,1.0,0.0,0.0,0.0,9.0,4.0,0.0,0.0,0.0,0.0,0.0,0.0,0.0,0.0,2.0,12.0,1.0,12.18,5.01,2.51,1.49,0.0,0.0,0.0,0.5,0.0,-0.1,0.1,-0.5,-169.70000000000002,0.0,0.0,169.60000000000002,0.0,21.700000000000003,29.1,29.1,29.700000000000003,300.0,300.0,31.6,35.800000000000004,29.0,28.200000000000003,30.200000000000003,4.96,1.99,4.96,0.16,0.0,0.0,1027.0,8228.0,0.0,0.0,0.0,0.0,0.0,1.0,0.0,0.0,0.0,0.0,0.0,-0.2,0.0,0.5,0.0,0.0001,16.0,25903.0
2026-07-30T19:01:55.786Z,285.269,285.282,0.0,7.4,0.0,0.0,0.0,0.0,0.0,0.0,0.0,0.0,1.0,0.0,0.0,0.0,9.0,4.0,0.0,0.0,0.0,0.0,0.0,0.0,0.0,0.0,3.0,12.0,1.0,12.14,5.01,2.5,1.5,0.0,0.0,0.0,0.4,0.0,-0.7000000000000001,-0.4,0.0,-169.70000000000002,0.0,0.0,169.60000000000002,0.0,21.0,29.1,29.1,29.700000000000003,300.0,300.0,31.6,35.7,29.0,28.200000000000003,30.1,4.95,1.99,4.96,0.16,0.0,0.0,1027.0,8228.0,0.0,0.0,0.0,0.0,0.0,1.0,0.0,0.0,0.0,0.0,0.0,-0.4,0.0,0.0,0.0,0.0002,16.0,25903.0
2026-07-30T19:01:55.797Z,285.28,285.294,0.0,7.4,0.0,0.0,0.0,0.0,0.0,0.0,0.0,0.0,1.0,0.0,0.0,0.0,9.0,4.0,0.0,0.0,0.0,0.0,0.0,0.0,0.0,0.0,4.0,12.0,1.0,12.14,5.01,2.5,1.5,0.0,0.0,0.0,0.4,0.0,-0.1,-0.4,-0.5,-169.70000000000002,0.0,0.0,169.70000000000002,0.0,21.0,29.1,29.1,29.700000000000003,300.0,300.0,31.6,35.7,29.0,28.200000000000003,30.1,4.95,1.99,4.96,0.16,0.0,0.0,1027.0,8228.0,0.0,0.0,0.0,0.0,0.0,1.0,0.0,0.0,0.0,0.0,0.0,-0.8,0.0,0.4,0.0,0.0001,16.0,25903.0
2026-07-30T19:01:55.809Z,285.292,285.306,0.0,7.4,0.0,0.0,0.0,0.0,0.0,0.0,0.0,0.0,1.0,0.0,0.0,0.0,9.0,4.0,0.0,0.0,0.0,0.0,0.0,0.0,0.0,0.0,5.0,12.0,1.0,12.14,5.01,2.5,1.5,0.0,0.0,0.0,0.5,0.0,0.4,1.3,1.1,-169.70000000000002,0.0,0.0,169.70000000000002,0.0,21.0,29.1,29.1,29.700000000000003,300.0,300.0,31.6,35.7,29.0,28.200000000000003,30.1,4.95,2.0,4.96,0.16,0.0,0.0,1027.0,8228.0,0.0,0.0,0.0,0.0,0.0,1.0,0.0,0.0,0.0,0.0,0.0,2.3000000000000003,0.0,-0.7000000000000001,0.0,0.0,16.0,25903.0
2026-07-30T19:01:55.821Z,285.304,285.318,0.0,7.4,0.0,0.0,0.0,0.0,0.0,0.0,0.0,0.0,1.0,0.0,0.0,0.0,9.0,4.0,0.0,0.0,0.0,0.0,0.0,0.0,0.0,0.0,6.0,12.0,1.0,12.14,5.01,2.5,1.5,0.0,0.0,0.0,0.4,0.0,0.4,-0.4,-0.6000000000000001,-169.70000000000002,0.0,0.0,169.70000000000002,0.0,21.0,29.1,29.1,29.700000000000003,300.0,300.0,31.6,35.7,29.0,28.200000000000003,30.1,4.95,1.99,4.96,0.15,0.0,0.0,1027.0,8228.0,0.0,0.0,0.0,0.0,0.0,1.0,0.0,0.0,0.0,0.0,0.0,-0.9,0.0,0.4,0.0,0.0001,16.0,25903.0
2026-07-30T19:01:55.833Z,285.316,285.33,0.0,7.4,0.0,0.0,0.0,0.0,0.0,0.0,0.0,0.0,1.0,0.0,0.0,0.0,9.0,4.0,0.0,0.0,0.0,0.0,0.0,0.0,0.0,0.0,1.0,12.0,1.0,12.14,5.01,2.5,1.5,0.0,0.0,0.0,0.4,0.0,0.9,-0.3,1.1,-169.70000000000002,0.0,0.0,169.8,0.0,21.0,29.1,29.1,29.700000000000003,300.0,300.0,31.6,35.7,29.0,28.200000000000003,30.1,4.95,1.99,4.97,0.16,0.0,0.0,1027.0,8228.0,0.0,0.0,0.0,0.0,0.0,1.0,0.0,0.0,0.0,0.0,0.0,0.3,0.0,-1.0,0.0,0.0,16.0,25903.0
2026-07-30T19:01:55.844Z,285.327,285.342,0.0,7.4,0.0,0.0,0.0,0.0,0.0,0.0,0.0,0.0,1.0,0.0,0.0,0.0,9.0,4.0,0.0,0.0,0.0,0.0,0.0,0.0,0.0,0.0,3.0,12.0,1.0,12.14,5.01,2.5,1.5,0.0,0.0,0.0,0.4,0.0,-0.1,-0.9,1.1,-169.70000000000002,0.0,0.0,169.8,0.0,21.0,29.1,29.1,29.700000000000003,300.0,300.0,31.6,35.7,29.0,28.200000000000003,30.1,4.96,1.99,4.97,0.16,0.0,0.0,1027.0,8228.0,0.0,0.0,0.0,0.0,0.0,1.0,0.0,0.0,0.0,0.0,0.0,-0.2,0.0,-1.1,0.0,0.0001,16.0,25903.0
2026-07-30T19:01:55.857Z,285.34,285.354,0.0,7.4,0.0,0.0,0.0,0.0,0.0,0.0,0.0,0.0,1.0,0.0,0.0,0.0,9.0,4.0,0.0,0.0,0.0,0.0,0.0,0.0,0.0,0.0,4.0,12.0,1.0,12.14,5.01,2.5,1.5,0.0,0.0,0.0,0.4,0.0,-0.8,-0.9,-0.6000000000000001,-169.70000000000002,0.0,0.0,169.70000000000002,0.0,21.0,29.1,29.1,29.700000000000003,300.0,300.0,31.6,35.7,29.0,28.200000000000003,30.1,4.96,1.99,4.96,0.16,0.0,0.0,1027.0,8228.0,0.0,0.0,0.0,0.0,0.0,1.0,0.0,0.0,0.0,0.0,0.0,-1.6,0.0,0.3,0.0,0.0001,16.0,25903.0
2026-07-30T19:01:55.869Z,285.352,285.366,0.0,7.4,0.0,0.0,0.0,0.0,0.0,0.0,0.0,0.0,1.0,0.0,0.0,0.0,9.0,4.0,0.0,0.0,0.0,0.0,0.0,0.0,0.0,0.0,5.0,12.0,1.0,12.14,5.01,2.5,1.5,0.0,0.0,0.0,0.4,0.0,0.3,-0.4,-1.8,-169.70000000000002,0.0,0.0,169.60000000000002,0.0,21.0,29.1,29.1,29.700000000000003,300.0,300.0,31.6,35.7,29.0,28.200000000000003,30.1,4.95,2.0,4.96,0.16,0.0,0.0,1027.0,8228.0,0.0,0.0,0.0,0.0,0.0,1.0,0.0,0.0,0.0,0.0,0.0,-1.8,0.0,1.5,0.0,0.0001,16.0,25903.0
2026-07-30T19:01:55.880Z,285.363,285.378,0.0,7.4,0.0,0.0,0.0,0.0,0.0,0.0,0.0,0.0,1.0,0.0,0.0,0.0,9.0,4.0,0.0,0.0,0.0,0.0,0.0,0.0,0.0,0.0,5.0,12.0,1.0,12.14,5.01,2.5,1.5,0.0,0.0,0.0,0.4,0.0,0.3,0.7000000000000001,1.0,-169.70000000000002,0.0,0.0,169.70000000000002,0.0,21.0,29.1,29.1,29.700000000000003,300.0,300.0,31.6,35.7,29.0,28.200000000000003,30.1,4.96,2.0,4.96,0.16,0.0,0.0,1027.0,8228.0,0.0,0.0,0.0,0.0,0.0,1.0,0.0,0.0,0.0,0.0,0.0,1.6,0.0,-0.7000000000000001,0.0,0.0001,16.0,25903.0
2026-07-30T19:01:55.892Z,285.375,285.39,0.0,7.4,0.0,0.0,0.0,0.0,0.0,0.0,0.0,0.0,1.0,0.0,0.0,0.0,9.0,4.0,0.0,0.0,0.0,0.0,0.0,0.0,0.0,0.0,1.0,12.0,1.0,12.15,5.01,2.51,1.49,0.0,0.0,0.0,0.4,0.0,-0.2,-0.4,0.5,-169.70000000000002,0.0,0.0,169.8,0.0,21.8,29.1,29.1,29.700000000000003,300.0,300.0,31.6,35.7,29.0,28.200000000000003,30.1,4.96,2.0,4.96,0.16,0.0,0.0,1027.0,8228.0,0.0,0.0,0.0,0.0,0.0,1.0,0.0,0.0,0.0,0.0,0.0,0.0,0.0,-0.6000000000000001,0.0,0.0001,16.0,25903.0
2026-07-30T19:01:55.904Z,285.387,285.402,0.0,7.4,0.0,0.0,0.0,0.0,0.0,0.0,0.0,0.0,1.0,0.0,0.0,0.0,9.0,4.0,0.0,0.0,0.0,0.0,0.0,0.0,0.0,0.0,2.0,12.0,1.0,12.15,5.01,2.51,1.49,0.0,0.0,0.0,0.4,0.0,-0.2,-0.9,-0.5,-169.70000000000002,0.0,0.0,169.8,0.0,21.8,29.1,29.1,29.700000000000003,300.0,300.0,31.6,35.7,29.0,28.200000000000003,30.1,4.96,1.99,4.97,0.16,0.0,0.0,1027.0,8228.0,0.0,0.0,0.0,0.0,0.0,1.0,0.0,0.0,0.0,0.0,0.0,-1.5,0.0,0.3,0.0,0.0001,16.0,25903.0
2026-07-30T19:01:55.916Z,285.399,285.414,0.0,7.4,0.0,0.0,0.0,0.0,0.0,0.0,0.0,0.0,1.0,0.0,0.0,0.0,9.0,4.0,0.0,0.0,0.0,0.0,0.0,0.0,0.0,0.0,3.0,12.0,1.0,12.15,5.01,2.51,1.49,0.0,0.0,0.0,0.4,0.0,0.9,0.7000000000000001,-0.5,-169.70000000000002,0.0,0.0,169.70000000000002,0.0,21.8,29.1,29.1,29.700000000000003,300.0,300.0,31.6,35.7,29.0,28.200000000000003,30.1,4.95,1.99,4.97,0.16,0.0,0.0,1027.0,8228.0,0.0,0.0,0.0,0.0,0.0,1.0,0.0,0.0,0.0,0.0,0.0,0.4,0.0,0.6000000000000001,0.0,0.0002,16.0,25903.0
2026-07-30T19:01:55.928Z,285.411,285.426,0.0,7.4,0.0,0.0,0.0,0.0,0.0,0.0,0.0,0.0,1.0,0.0,0.0,0.0,9.0,4.0,0.0,0.0,0.0,0.0,0.0,0.0,0.0,0.0,4.0,12.0,1.0,12.15,5.01,2.51,1.49,0.0,0.0,0.0,0.4,0.0,-0.8,0.1,0.5,-169.70000000000002,0.0,0.0,169.70000000000002,0.0,21.8,29.1,29.1,29.700000000000003,300.0,300.0,31.6,35.7,29.0,28.200000000000003,30.1,4.95,1.99,4.96,0.16,0.0,0.0,1027.0,8228.0,0.0,0.0,0.0,0.0,0.0,1.0,0.0,0.0,0.0,0.0,0.0,0.6000000000000001,0.0,-0.4,0.0,0.0001,16.0,25903.0
2026-07-30T19:01:55.941Z,285.424,285.438,0.0,7.4,0.0,0.0,0.0,0.0,0.0,0.0,0.0,0.0,1.0,0.0,0.0,0.0,9.0,4.0,0.0,0.0,0.0,0.0,0.0,0.0,0.0,0.0,5.0,12.0,1.0,12.15,5.01,2.51,1.49,0.0,0.0,0.0,0.4,0.0,0.3,-0.4,-0.6000000000000001,-169.70000000000002,0.0,0.0,169.70000000000002,0.0,21.8,29.1,29.1,29.700000000000003,300.0,300.0,31.6,35.7,29.0,28.200000000000003,30.1,4.95,1.99,4.97,0.16,0.0,0.0,1027.0,8228.0,0.0,0.0,0.0,0.0,0.0,1.0,0.0,0.0,0.0,0.0,0.0,-0.9,0.0,0.4,0.0,0.0001,16.0,25903.0
2026-07-30T19:01:55.953Z,285.436,285.45,0.0,7.4,0.0,0.0,0.0,0.0,0.0,0.0,0.0,0.0,1.0,0.0,0.0,0.0,9.0,4.0,0.0,0.0,0.0,0.0,0.0,0.0,0.0,0.0,6.0,12.0,1.0,12.15,5.01,2.51,1.49,0.0,0.0,0.0,0.4,0.0,-0.1,0.6000000000000001,-0.6000000000000001,-169.70000000000002,0.0,0.0,169.70000000000002,0.0,21.8,29.1,29.1,29.700000000000003,300.0,300.0,31.6,35.7,29.0,28.200000000000003,30.1,4.95,2.0,4.96,0.16,0.0,0.0,1027.0,8228.0,0.0,0.0,0.0,0.0,0.0,1.0,0.0,0.0,0.0,0.0,0.0,0.7000000000000001,0.0,0.2,0.0,0.0,16.0,25903.0
2026-07-30T19:01:55.964Z,285.447,285.462,0.0,7.4,0.0,0.0,0.0,0.0,0.0,0.0,0.0,0.0,1.0,0.0,0.0,0.0,9.0,4.0,0.0,0.0,0.0,0.0,0.0,0.0,0.0,0.0,1.0,12.0,1.0,12.15,5.01,2.51,1.49,0.0,0.0,0.0,0.4,0.0,0.4,0.6000000000000001,0.0,-169.70000000000002,0.0,0.0,169.8,0.0,21.8,29.1,29.1,29.700000000000003,300.0,300.0,31.6,35.7,29.0,28.200000000000003,30.1,4.95,2.0,4.96,0.16,0.0,0.0,1027.0,8228.0,0.0,0.0,0.0,0.0,0.0,1.0,0.0,0.0,0.0,0.0,0.0,-1.0,0.0,0.4,0.0,0.0,16.0,25903.0
2026-07-30T19:01:55.976Z,285.459,285.474,0.0,7.4,0.0,0.0,0.0,0.0,0.0,0.0,0.0,0.0,1.0,0.0,0.0,0.0,9.0,4.0,0.0,0.0,0.0,0.0,0.0,0.0,0.0,0.0,2.0,12.0,1.0,12.15,5.01,2.51,1.49,0.0,0.0,0.0,0.4,0.0,-0.1,0.6000000000000001,-0.6000000000000001,-169.70000000000002,0.0,0.0,169.60000000000002,0.0,21.8,29.1,29.1,29.700000000000003,300.0,300.0,31.6,35.7,29.0,28.200000000000003,30.1,4.95,2.0,4.96,0.16,0.0,0.0,1027.0,8228.0,0.0,0.0,0.0,0.0,0.0,1.0,0.0,0.0,0.0,0.0,0.0,-1.3,0.0,-0.1,0.0,0.0001,16.0,25903.0
2026-07-30T19:01:55.990Z,285.473,285.486,0.0,7.4,0.0,0.0,0.0,0.0,0.0,0.0,0.0,0.0,1.0,0.0,0.0,0.0,9.0,4.0,0.0,0.0,0.0,0.0,0.0,0.0,0.0,0.0,3.0,12.0,1.0,12.17,5.0200000000000005,2.51,1.49,0.0,0.0,0.0,0.4,0.0,1.0,0.1,0.5,-169.70000000000002,0.0,0.0,169.60000000000002,0.0,21.200000000000003,29.1,29.1,29.700000000000003,300.0,300.0,31.700000000000003,35.7,29.0,28.200000000000003,30.1,4.96,1.99,4.97,0.16,0.0,0.0,1027.0,8228.0,0.0,0.0,0.0,0.0,0.0,1.0,0.0,0.0,0.0,0.0,0.0,-1.4,0.0,-0.7000000000000001,0.0,0.0002,16.0,25903.0
2026-07-30T19:01:56.000Z,285.483,285.498,0.0,7.4,0.0,0.0,0.0,0.0,0.0,0.0,0.0,0.0,1.0,0.0,0.0,0.0,9.0,4.0,0.0,0.0,0.0,0.0,0.0,0.0,0.0,0.0,4.0,12.0,1.0,12.17,5.0200000000000005,2.51,1.49,0.0,0.0,0.0,0.4,0.0,-0.1,0.7000000000000001,0.0,-169.70000000000002,0.0,0.0,169.70000000000002,0.0,21.200000000000003,29.1,29.1,29.700000000000003,300.0,300.0,31.700000000000003,35.7,29.0,28.200000000000003,30.1,4.96,2.0,4.96,0.16,0.0,0.0,1027.0,8228.0,0.0,0.0,0.0,0.0,0.0,1.0,0.0,0.0,0.0,0.0,0.0,0.8,0.0,0.1,0.0,0.0,16.0,25903.0
2026-07-30T19:01:56.013Z,285.496,285.51,0.0,7.4,0.0,0.0,0.0,0.0,0.0,0.0,0.0,0.0,1.0,0.0,0.0,0.0,9.0,4.0,0.0,0.0,0.0,0.0,0.0,0.0,0.0,0.0,5.0,12.0,1.0,12.17,5.0200000000000005,2.51,1.49,0.0,0.0,0.0,0.4,0.0,0.4,0.7000000000000001,0.0,-169.70000000000002,0.0,0.0,169.8,0.0,21.200000000000003,29.1,29.1,29.700000000000003,300.0,300.0,31.700000000000003,35.7,29.0,28.200000000000003,30.1,4.96,1.99,4.96,0.16,0.0,0.0,1027.0,8228.0,0.0,0.0,0.0,0.0,0.0,1.0,0.0,0.0,0.0,0.0,0.0,0.8,0.0,0.1,0.0,0.0,16.0,25903.0
2026-07-30T19:01:56.025Z,285.508,285.522,0.0,7.4,0.0,0.0,0.0,0.0,0.0,0.0,0.0,0.0,1.0,0.0,0.0,0.0,9.0,4.0,0.0,0.0,0.0,0.0,0.0,0.0,0.0,0.0,6.0,12.0,1.0,12.17,5.0200000000000005,2.51,1.49,0.0,0.0,0.0,0.4,0.0,-0.1,-1.0,0.0,-169.70000000000002,0.0,0.0,169.70000000000002,0.0,21.200000000000003,29.1,29.1,29.700000000000003,300.0,300.0,31.700000000000003,35.7,29.0,28.200000000000003,30.1,4.95,1.99,4.97,0.16,0.0,0.0,1027.0,8228.0,0.0,0.0,0.0,0.0,0.0,1.0,0.0,0.0,0.0,0.0,0.0,-1.2000000000000002,0.0,-0.1,0.0,0.0002,16.0,25903.0
2026-07-30T19:01:56.036Z,285.519,285.534,0.0,7.4,0.0,0.0,0.0,0.0,0.0,0.0,0.0,0.0,1.0,0.0,0.0,0.0,9.0,4.0,0.0,0.0,0.0,0.0,0.0,0.0,0.0,0.0,2.0,12.0,1.0,12.17,5.0200000000000005,2.51,1.49,0.0,0.0,0.0,0.4,0.0,0.4,-0.4,1.0,-169.70000000000002,0.0,0.0,169.8,0.0,21.200000000000003,29.1,29.1,29.700000000000003,300.0,300.0,31.700000000000003,35.7,29.0,28.200000000000003,30.1,4.96,1.99,4.97,0.16,0.0,0.0,1027.0,8228.0,0.0,0.0,0.0,0.0,0.0,1.0,0.0,0.0,0.0,0.0,0.0,0.2,0.0,-1.0,0.0,0.0,16.0,25903.0
2026-07-30T19:01:56.049Z,285.532,285.546,0.0,7.4,0.0,0.0,0.0,0.0,0.0,0.0,0.0,0.0,1.0,0.0,0.0,0.0,9.0,4.0,0.0,0.0,0.0,0.0,0.0,0.0,0.0,0.0,3.0,12.0,1.0,12.17,5.0200000000000005,2.51,1.49,0.0,0.0,0.0,0.4,0.0,0.9,0.6000000000000001,-0.1,-169.70000000000002,0.0,0.0,169.70000000000002,0.0,21.200000000000003,29.1,29.1,29.700000000000003,300.0,300.0,31.700000000000003,35.7,29.0,28.200000000000003,30.1,4.96,1.99,4.97,0.16,0.0,0.0,1027.0,8228.0,0.0,0.0,0.0,0.0,0.0,1.0,0.0,0.0,0.0,0.0,0.0,0.6000000000000001,0.0,0.2,0.0,0.0001,16.0,25903.0
2026-07-30T19:01:56.061Z,285.544,285.558,0.0,7.4,0.0,0.0,0.0,0.0,0.0,0.0,0.0,0.0,1.0,0.0,0.0,0.0,9.0,4.0,0.0,0.0,0.0,0.0,0.0,0.0,0.0,0.0,4.0,12.0,1.0,12.17,5.0200000000000005,2.51,1.49,0.0,0.0,0.0,0.4,0.0,-0.2,0.6000000000000001,1.5,-169.70000000000002,0.0,0.0,169.8,0.0,21.200000000000003,29.1,29.1,29.700000000000003,300.0,300.0,31.700000000000003,35.7,29.0,28.200000000000003,30.1,4.95,1.99,4.97,0.16,0.0,0.0,1027.0,8228.0,0.0,0.0,0.0,0.0,0.0,1.0,0.0,0.0,0.0,0.0,0.0,1.9,0.0,-1.2000000000000002,0.0,0.0001,16.0,25903.0
2026-07-30T19:01:56.072Z,285.555,285.57,0.0,7.4,0.0,0.0,0.0,0.0,0.0,0.0,0.0,0.0,1.0,0.0,0.0,0.0,9.0,4.0,0.0,0.0,0.0,0.0,0.0,0.0,0.0,0.0,5.0,12.0,1.0,12.17,5.0200000000000005,2.51,1.49,0.0,0.0,0.0,0.4,0.0,0.3,-0.5,-0.7000000000000001,-169.70000000000002,0.0,0.0,169.8,0.0,21.200000000000003,29.1,29.1,29.700000000000003,300.0,300.0,31.700000000000003,35.7,29.0,28.200000000000003,30.1,4.96,1.99,4.97,0.16,0.0,0.0,1027.0,8228.0,0.0,0.0,0.0,0.0,0.0,1.0,0.0,0.0,0.0,0.0,0.0,-1.1,0.0,0.5,0.0,0.0,16.0,25903.0
2026-07-30T19:01:56.084Z,285.567,285.582,0.0,7.4,0.0,0.0,0.0,0.0,0.0,0.0,0.0,0.0,1.0,0.0,0.0,0.0,9.0,4.0,0.0,0.0,0.0,0.0,0.0,0.0,0.0,0.0,1.0,12.0,1.0,12.17,5.0200000000000005,2.51,1.49,0.0,0.0,0.0,0.4,0.0,-0.2,-1.6,-1.3,-169.70000000000002,0.0,0.0,169.70000000000002,0.0,21.200000000000003,29.1,29.1,29.700000000000003,300.0,300.0,31.700000000000003,35.7,29.0,28.200000000000003,30.1,4.96,2.0,4.96,0.16,0.0,0.0,1027.0,8228.0,0.0,0.0,0.0,0.0,0.0,1.0,0.0,0.0,0.0,0.0,0.0,-2.8000000000000003,0.0,0.8,0.0,0.0,16.0,25903.0
2026-07-30T19:01:56.096Z,285.579,285.594,0.0,7.4,0.0,0.0,0.0,0.0,0.0,0.0,0.0,0.0,1.0,0.0,0.0,0.0,9.0,4.0,0.0,0.0,0.0,0.0,0.0,0.0,0.0,0.0,2.0,12.0,1.0,12.18,5.01,2.51,1.49,0.0,0.0,0.0,0.5,0.0,0.3,1.3,-0.1,-169.70000000000002,0.0,0.0,169.60000000000002,0.0,21.8,29.1,29.1,29.700000000000003,300.0,300.0,31.6,35.7,29.0,28.200000000000003,30.1,4.96,1.99,4.97,0.16,0.0,0.0,1027.0,8228.0,0.0,0.0,0.0,0.0,0.0,1.0,0.0,0.0,0.0,0.0,0.0,1.3,0.0,0.4,0.0,0.0001,16.0,25903.0
2026-07-30T19:01:56.108Z,285.591,285.606,0.0,7.4,0.0,0.0,0.0,0.0,0.0,0.0,0.0,0.0,1.0,0.0,0.0,0.0,9.0,4.0,0.0,0.0,0.0,0.0,0.0,0.0,0.0,0.0,3.0,12.0,1.0,12.18,5.01,2.51,1.49,0.0,0.0,0.0,0.5,0.0,0.3,0.1,-0.6000000000000001,-169.70000000000002,0.0,0.0,169.8,0.0,21.8,29.1,29.1,29.700000000000003,300.0,300.0,31.6,35.7,29.0,28.200000000000003,30.1,4.96,1.99,4.97,0.16,0.0,0.0,1027.0,8228.0,0.0,0.0,0.0,0.0,0.0,1.0,0.0,0.0,0.0,0.0,0.0,-0.3,0.0,0.6000000000000001,0.0,0.0001,16.0,25903.0
2026-07-30T19:01:56.120Z,285.603,285.618,0.0,7.4,0.0,0.0,0.0,0.0,0.0,0.0,0.0,0.0,1.0,0.0,0.0,0.0,9.0,4.0,0.0,0.0,0.0,0.0,0.0,0.0,0.0,0.0,4.0,12.0,1.0,12.18,5.01,2.51,1.49,0.0,0.0,0.0,0.4,0.0,-0.2,-0.4,1.0,-169.70000000000002,0.0,0.0,169.8,0.0,21.8,29.1,29.1,29.700000000000003,300.0,300.0,31.6,35.7,29.0,28.200000000000003,30.1,4.96,1.99,4.96,0.16,0.0,0.0,1027.0,8228.0,0.0,0.0,0.0,0.0,0.0,1.0,0.0,0.0,0.0,0.0,0.0,0.2,0.0,-1.0,0.0,0.0002,16.0,25903.0
2026-07-30T19:01:56.132Z,285.615,285.63,0.0,7.4,0.0,0.0,0.0,0.0,0.0,0.0,0.0,0.0,1.0,0.0,0.0,0.0,9.0,4.0,0.0,0.0,0.0,0.0,0.0,0.0,0.0,0.0,5.0,12.0,1.0,12.18,5.01,2.51,1.49,0.0,0.0,0.0,0.4,0.0,0.3,-1.0,-0.7000000000000001,-169.70000000000002,0.0,0.0,169.8,0.0,21.8,29.1,29.1,29.700000000000003,300.0,300.0,31.6,35.7,29.0,28.200000000000003,30.1,4.95,1.99,4.96,0.16,0.0,0.0,1027.0,8228.0,0.0,0.0,0.0,0.0,0.0,1.0,0.0,0.0,0.0,0.0,0.0,-1.6,0.0,0.4,0.0,0.0001,16.0,25903.0
2026-07-30T19:01:56.145Z,285.628,285.642,0.0,7.4,0.0,0.0,0.0,0.0,0.0,0.0,0.0,0.0,1.0,0.0,0.0,0.0,9.0,4.0,0.0,0.0,0.0,0.0,0.0,0.0,0.0,0.0,6.0,12.0,1.0,12.18,5.01,2.51,1.49,0.0,0.0,0.0,0.4,0.0,0.3,0.1,-1.9,-169.70000000000002,0.0,0.0,169.8,0.0,21.8,29.1,29.1,29.700000000000003,300.0,300.0,31.6,35.7,29.0,28.200000000000003,30.1,4.95,1.99,4.97,0.16,0.0,0.0,1027.0,8228.0,0.0,0.0,0.0,0.0,0.0,1.0,0.0,0.0,0.0,0.0,0.0,-1.2000000000000002,0.0,1.7000000000000002,0.0,0.0,16.0,25903.0
2026-07-30T19:01:56.157Z,285.64,285.654,0.0,7.4,0.0,0.0,0.0,0.0,0.0,0.0,0.0,0.0,1.0,0.0,0.0,0.0,9.0,4.0,0.0,0.0,0.0,0.0,0.0,0.0,0.0,0.0,6.0,12.0,1.0,12.18,5.01,2.51,1.49,0.0,0.0,0.0,0.4,0.0,-0.2,0.7000000000000001,0.4,-169.70000000000002,0.0,0.0,169.8,0.0,21.8,29.1,29.1,29.700000000000003,300.0,300.0,31.6,35.7,29.0,28.200000000000003,30.1,4.95,2.0,4.97,0.16,0.0,0.0,1027.0,8228.0,0.0,0.0,0.0,0.0,0.0,1.0,0.0,0.0,0.0,0.0,0.0,1.1,0.0,-0.2,0.0,0.0,16.0,25903.0
2026-07-30T19:01:56.168Z,285.651,285.666,0.0,7.4,0.0,0.0,0.0,0.0,0.0,0.0,0.0,0.0,1.0,0.0,0.0,0.0,9.0,4.0,0.0,0.0,0.0,0.0,0.0,0.0,0.0,0.0,1.0,12.0,1.0,12.18,5.01,2.51,1.49,0.0,0.0,0.0,0.4,0.0,0.3,1.8,2.1,-169.70000000000002,0.0,0.0,169.70000000000002,0.0,21.8,29.1,29.1,29.700000000000003,300.0,300.0,31.6,35.7,29.0,28.200000000000003,30.1,4.96,2.0,4.96,0.16,0.0,0.0,1027.0,8228.0,0.0,0.0,0.0,0.0,0.0,1.0,0.0,0.0,0.0,0.0,0.0,3.7,0.0,-1.5,0.0,0.0001,16.0,25903.0
2026-07-30T19:01:56.180Z,285.663,285.678,0.0,7.4,0.0,0.0,0.0,0.0,0.0,0.0,0.0,0.0,1.0,0.0,0.0,0.0,9.0,4.0,0.0,0.0,0.0,0.0,0.0,0.0,0.0,0.0,2.0,12.0,1.0,12.18,5.01,2.51,1.49,0.0,0.0,0.0,0.4,0.0,0.3,0.1,1.0,-169.70000000000002,0.0,0.0,169.70000000000002,0.0,21.8,29.1,29.1,29.700000000000003,300.0,300.0,31.6,35.7,29.0,28.200000000000003,30.1,4.95,1.99,4.97,0.16,0.0,0.0,1027.0,8228.0,0.0,0.0,0.0,0.0,0.0,1.0,0.0,0.0,0.0,0.0,0.0,0.8,0.0,-0.8,0.0,0.0001,16.0,25903.0
2026-07-30T19:01:56.194Z,285.677,285.69,0.0,7.4,0.0,0.0,0.0,0.0,0.0,0.0,0.0,0.0,1.0,0.0,0.0,0.0,9.0,4.0,0.0,0.0,0.0,0.0,0.0,0.0,0.0,0.0,3.0,12.0,1.0,12.18,5.01,2.5,1.49,0.0,0.0,0.0,0.4,0.0,-0.2,0.1,-0.1,-169.70000000000002,0.0,0.0,169.8,0.0,21.200000000000003,29.1,29.1,29.700000000000003,300.0,300.0,31.700000000000003,35.7,29.0,28.3,30.1,4.95,1.99,4.96,0.16,0.0,0.0,1027.0,8228.0,0.0,0.0,0.0,0.0,0.0,1.0,0.0,0.0,0.0,0.0,0.0,0.0,0.0,0.1,0.0,0.0,16.0,25903.0
2026-07-30T19:01:56.204Z,285.687,285.702,0.0,7.4,0.0,0.0,0.0,0.0,0.0,0.0,0.0,0.0,1.0,0.0,0.0,0.0,9.0,4.0,0.0,0.0,0.0,0.0,0.0,0.0,0.0,0.0,4.0,12.0,1.0,12.18,5.01,2.5,1.49,0.0,0.0,0.0,0.4,0.0,1.5,1.2000000000000002,0.4,-169.70000000000002,0.0,0.0,169.8,0.0,21.200000000000003,29.1,29.1,29.700000000000003,300.0,300.0,31.700000000000003,35.7,29.0,28.3,30.1,4.96,2.0,4.96,0.16,0.0,0.0,1027.0,8228.0,0.0,0.0,0.0,0.0,0.0,1.0,0.0,0.0,0.0,0.0,0.0,1.8,0.0,-0.1,0.0,0.0001,16.0,25903.0
2026-07-30T19:01:56.216Z,285.699,285.714,0.0,7.4,0.0,0.0,0.0,0.0,0.0,0.0,0.0,0.0,1.0,0.0,0.0,0.0,9.0,4.0,0.0,0.0,0.0,0.0,0.0,0.0,0.0,0.0,6.0,12.0,1.0,12.18,5.01,2.5,1.49,0.0,0.0,0.0,0.4,0.0,-0.2,0.0,-0.1,-169.70000000000002,0.0,0.0,169.8,0.0,21.200000000000003,29.1,29.1,29.700000000000003,300.0,300.0,31.700000000000003,35.7,29.0,28.3,30.1,4.96,2.0,4.96,0.16,0.0,0.0,1027.0,8228.0,0.0,0.0,0.0,0.0,0.0,1.0,0.0,0.0,0.0,0.0,0.0,0.0,0.0,0.1,0.0,0.0001,16.0,25903.0
2026-07-30T19:01:56.228Z,285.711,285.726,0.0,7.4,0.0,0.0,0.0,0.0,0.0,0.0,0.0,0.0,1.0,0.0,0.0,0.0,9.0,4.0,0.0,0.0,0.0,0.0,0.0,0.0,0.0,0.0,1.0,12.0,1.0,12.18,5.01,2.5,1.49,0.0,0.0,0.0,0.4,0.0,-0.2,0.0,1.0,-169.70000000000002,0.0,0.0,169.70000000000002,0.0,21.200000000000003,29.1,29.1,29.700000000000003,300.0,300.0,31.700000000000003,35.7,29.0,28.3,30.1,4.95,1.99,4.97,0.16,0.0,0.0,1027.0,8228.0,0.0,0.0,0.0,0.0,0.0,1.0,0.0,0.0,0.0,0.0,0.0,0.8,0.0,-0.9,0.0,0.0001,16.0,25903.0
2026-07-30T19:01:56.240Z,285.723,285.738,0.0,7.4,0.0,0.0,0.0,0.0,0.0,0.0,0.0,0.0,1.0,0.0,0.0,0.0,9.0,4.0,0.0,0.0,0.0,0.0,0.0,0.0,0.0,0.0,2.0,12.0,1.0,12.18,5.01,2.5,1.49,0.0,0.0,0.0,0.4,0.0,-0.2,2.4000000000000004,1.6,-169.70000000000002,0.0,0.0,169.8,0.0,21.200000000000003,29.1,29.1,29.700000000000003,300.0,300.0,31.700000000000003,35.7,29.0,28.3,30.1,4.95,2.0,4.96,0.16,0.0,0.0,1027.0,8228.0,0.0,0.0,0.0,0.0,0.0,1.0,0.0,0.0,0.0,0.0,0.0,3.9,0.0,-0.9,0.0,0.0001,16.0,25903.0
2026-07-30T19:01:56.252Z,285.735,285.75,0.0,7.4,0.0,0.0,0.0,0.0,0.0,0.0,0.0,0.0,1.0,0.0,0.0,0.0,9.0,4.0,0.0,0.0,0.0,0.0,0.0,0.0,0.0,0.0,3.0,12.0,1.0,12.18,5.01,2.5,1.49,0.0,0.0,0.0,0.4,0.0,0.3,0.6000000000000001,-0.6000000000000001,-169.70000000000002,0.0,0.0,169.8,0.0,21.200000000000003,29.1,29.1,29.700000000000003,300.0,300.0,31.700000000000003,35.7,29.0,28.3,30.1,4.96,1.99,4.96,0.16,0.0,0.0,1027.0,8228.0,0.0,0.0,0.0,0.0,0.0,1.0,0.0,0.0,0.0,0.0,0.0,0.2,0.0,0.7000000000000001,0.0,0.0001,16.0,25903.0
2026-07-30T19:01:56.264Z,285.747,285.762,0.0,7.4,0.0,0.0,0.0,0.0,0.0,0.0,0.0,0.0,1.0,0.0,0.0,0.0,9.0,4.0,0.0,0.0,0.0,0.0,0.0,0.0,0.0,0.0,4.0,12.0,1.0,12.18,5.01,2.5,1.49,0.0,0.0,0.0,0.4,0.0,-0.2,0.6000000000000001,0.0,-169.70000000000002,0.0,0.0,169.8,0.0,21.200000000000003,29.1,29.1,29.700000000000003,300.0,300.0,31.700000000000003,35.7,29.0,28.3,30.1,4.95,1.99,4.96,0.16,0.0,0.0,1027.0,8228.0,0.0,0.0,0.0,0.0,0.0,1.0,0.0,0.0,0.0,0.0,0.0,0.7000000000000001,0.0,0.1,0.0,0.0,16.0,25903.0
2026-07-30T19:01:56.277Z,285.76,285.774,0.0,7.4,0.0,0.0,0.0,0.0,0.0,0.0,0.0,0.0,1.0,0.0,0.0,0.0,9.0,4.0,0.0,0.0,0.0,0.0,0.0,0.0,0.0,0.0,5.0,12.0,1.0,12.18,5.01,2.5,1.49,0.0,0.0,0.0,0.4,0.0,-0.2,0.6000000000000001,1.0,-169.70000000000002,0.0,0.0,169.8,0.0,21.200000000000003,29.1,29.1,29.700000000000003,300.0,300.0,31.700000000000003,35.7,29.0,28.3,30.1,4.96,1.99,4.96,0.16,0.0,0.0,1027.0,8228.0,0.0,0.0,0.0,0.0,0.0,1.0,0.0,0.0,0.0,0.0,0.0,1.5,0.0,-0.8,0.0,0.0001,16.0,25903.0
2026-07-30T19:01:56.288Z,285.771,285.786,0.0,7.4,0.0,0.0,0.0,0.0,0.0,0.0,0.0,0.0,1.0,0.0,0.0,0.0,9.0,4.0,0.0,0.0,0.0,0.0,0.0,0.0,0.0,0.0,6.0,12.0,1.0,12.18,5.01,2.5,1.49,0.0,0.0,0.0,0.4,0.0,0.8,0.6000000000000001,1.6,-169.70000000000002,0.0,0.0,169.8,0.0,21.200000000000003,29.1,29.1,29.700000000000003,300.0,300.0,31.700000000000003,35.7,29.0,28.3,30.1,4.96,1.99,4.97,0.16,0.0,0.0,1027.0,8228.0,0.0,0.0,0.0,0.0,0.0,1.0,0.0,0.0,0.0,0.0,0.0,1.9,0.0,-1.3,0.0,0.0,16.0,25903.0
2026-07-30T19:01:56.300Z,285.783,285.798,0.0,7.4,0.0,0.0,0.0,0.0,0.0,0.0,0.0,0.0,1.0,0.0,0.0,0.0,9.0,4.0,0.0,0.0,0.0,0.0,0.0,0.0,0.0,0.0,1.0,12.0,1.0,12.15,5.0200000000000005,2.5,1.49,0.0,0.0,0.0,0.5,0.0,-0.9,1.1,-0.1,-169.70000000000002,0.0,0.0,169.8,0.0,21.4,29.1,29.1,29.700000000000003,300.0,300.0,31.700000000000003,35.7,29.0,28.3,30.1,4.96,1.99,4.97,0.16,0.0,0.0,1027.0,8228.0,0.0,0.0,0.0,0.0,0.0,1.0,0.0,0.0,0.0,0.0,0.0,1.2000000000000002,0.0,0.3,0.0,0.0,16.0,25903.0
2026-07-30T19:01:56.312Z,285.795,285.81,0.0,7.4,0.0,0.0,0.0,0.0,0.0,0.0,0.0,0.0,1.0,0.0,0.0,0.0,9.0,4.0,0.0,0.0,0.0,0.0,0.0,0.0,0.0,0.0,2.0,12.0,1.0,12.15,5.0200000000000005,2.5,1.49,0.0,0.1,0.0,0.4,0.0,-0.9,0.0,-1.3,-169.70000000000002,0.0,0.0,169.70000000000002,0.0,21.4,29.1,29.1,29.700000000000003,300.0,300.0,31.700000000000003,35.7,29.0,28.3,30.1,4.95,1.99,4.97,0.16,0.0,0.0,1027.0,8228.0,0.0,0.0,0.0,0.0,0.0,1.0,0.0,0.0,0.0,0.0,0.0,-0.9,0.0,1.1,0.0,0.0,16.0,25903.0
2026-07-30T19:01:56.324Z,285.807,285.822,0.0,7.4,0.0,0.0,0.0,0.0,0.0,0.0,0.0,0.0,1.0,0.0,0.0,0.0,9.0,4.0,0.0,0.0,0.0,0.0,0.0,0.0,0.0,0.0,3.0,12.0,1.0,12.15,5.0200000000000005,2.5,1.49,0.0,0.0,0.0,0.5,0.0,-0.9,-1.1,-0.7000000000000001,-169.70000000000002,0.0,0.0,169.70000000000002,0.0,21.4,29.1,29.1,29.700000000000003,300.0,300.0,31.700000000000003,35.7,29.0,28.3,30.1,4.95,2.0,4.96,0.16,0.0,0.0,1027.0,8228.0,0.0,0.0,0.0,0.0,0.0,1.0,0.0,0.0,0.0,0.0,0.0,-1.8,0.0,0.3,0.0,0.0001,16.0,25903.0
2026-07-30T19:01:56.337Z,285.82,285.834,0.0,7.4,0.0,0.0,0.0,0.0,0.0,0.0,0.0,0.0,1.0,0.0,0.0,0.0,9.0,4.0,0.0,0.0,0.0,0.0,0.0,0.0,0.0,0.0,3.0,12.0,1.0,12.15,5.0200000000000005,2.5,1.49,0.0,0.1,0.0,0.4,0.0,0.2,0.5,-0.1,-169.70000000000002,0.0,0.0,169.60000000000002,0.0,21.4,29.1,29.1,29.700000000000003,300.0,300.0,31.700000000000003,35.7,29.0,28.3,30.1,4.95,1.99,4.97,0.16,0.0,0.0,1027.0,8228.0,0.0,0.0,0.0,0.0,0.0,1.0,0.0,0.0,0.0,0.0,0.0,0.5,0.0,0.2,0.0,0.0001,16.0,25903.0
2026-07-30T19:01:56.348Z,285.831,285.846,0.0,7.4,0.0,0.0,0.0,0.0,0.0,0.0,0.0,0.0,1.0,0.0,0.0,0.0,9.0,4.0,0.0,0.0,0.0,0.0,0.0,0.0,0.0,0.0,4.0,12.0,1.0,12.15,5.0200000000000005,2.5,1.49,0.0,0.1,0.0,0.4,0.0,0.2,1.2000000000000002,0.4,-169.70000000000002,0.0,0.0,169.70000000000002,0.0,21.4,29.1,29.1,29.700000000000003,300.0,300.0,31.700000000000003,35.7,29.0,28.3,30.1,4.95,1.99,4.97,0.16,0.0,0.0,1027.0,8228.0,0.0,0.0,0.0,0.0,0.0,1.0,0.0,0.0,0.0,0.0,0.0,1.7000000000000002,0.0,-0.1,0.0,0.0001,16.0,25903.0
2026-07-30T19:01:56.361Z,285.844,285.858,0.0,7.4,0.0,0.0,0.0,0.0,0.0,0.0,0.0,0.0,1.0,0.0,0.0,0.0,9.0,4.0,0.0,0.0,0.0,0.0,0.0,0.0,0.0,0.0,6.0,12.0,1.0,12.15,5.0200000000000005,2.5,1.49,0.0,0.0,0.0,0.4,0.0,0.2,0.0,2.2,-169.70000000000002,0.0,0.0,169.70000000000002,0.0,21.4,29.1,29.1,29.700000000000003,300.0,300.0,31.700000000000003,35.7,29.0,28.3,30.1,4.96,1.99,4.96,0.16,0.0,0.0,1027.0,8228.0,0.0,0.0,0.0,0.0,0.0,1.0,0.0,0.0,0.0,0.0,0.0,1.7000000000000002,0.0,-1.9,0.0,0.0,16.0,25903.0
2026-07-30T19:01:56.373Z,285.856,285.87,0.0,7.4,0.0,0.0,0.0,0.0,0.0,0.0,0.0,0.0,1.0,0.0,0.0,0.0,9.0,4.0,0.0,0.0,0.0,0.0,0.0,0.0,0.0,0.0,1.0,12.0,1.0,12.15,5.0200000000000005,2.5,1.49,0.0,0.0,0.0,0.4,0.0,-0.9,-0.6000000000000001,-0.7000000000000001,-169.70000000000002,0.0,0.0,169.8,0.0,21.4,29.1,29.1,29.700000000000003,300.0,300.0,31.700000000000003,35.7,29.0,28.3,30.1,4.95,1.99,4.96,0.16,0.0,0.0,1027.0,8228.0,0.0,0.0,0.0,0.0,0.0,1.0,0.0,0.0,0.0,0.0,0.0,-1.2000000000000002,0.0,0.5,0.0,0.0001,16.0,25903.0
2026-07-30T19:01:56.384Z,285.867,285.882,0.0,7.4,0.0,0.0,0.0,0.0,0.0,0.0,0.0,0.0,1.0,0.0,0.0,0.0,9.0,4.0,0.0,0.0,0.0,0.0,0.0,0.0,0.0,0.0,2.0,12.0,1.0,12.15,5.0200000000000005,2.5,1.49,0.0,0.0,0.0,0.4,0.0,0.7000000000000001,0.0,-0.1,-169.70000000000002,0.0,0.0,169.70000000000002,0.0,21.4,29.1,29.1,29.700000000000003,300.0,300.0,31.700000000000003,35.7,29.0,28.3,30.1,4.95,1.99,4.97,0.16,0.0,0.0,1027.0,8228.0,0.0,0.0,0.0,0.0,0.0,1.0,0.0,0.0,0.0,0.0,0.0,0.0,0.0,0.1,0.0,0.0001,16.0,25903.0
2026-07-30T19:01:56.397Z,285.88,285.894,0.0,7.4,0.0,0.0,0.0,0.0,0.0,0.0,0.0,0.0,1.0,0.0,0.0,0.0,9.0,4.0,0.0,0.0,0.0,0.0,0.0,0.0,0.0,0.0,3.0,12.0,1.0,12.14,5.0200000000000005,2.5,1.49,0.0,0.0,0.0,0.4,0.0,-0.3,1.2000000000000002,1.0,-169.70000000000002,0.0,0.0,169.8,0.0,21.700000000000003,29.1,29.1,29.700000000000003,300.0,300.0,31.6,35.6,29.0,28.200000000000003,30.200000000000003,4.95,1.99,4.97,0.16,0.0,0.0,1027.0,8228.0,0.0,0.0,0.0,0.0,0.0,1.0,0.0,0.0,0.0,0.0,0.0,2.2,0.0,-0.7000000000000001,0.0,0.0001,16.0,25903.0
2026-07-30T19:01:56.408Z,285.891,285.906,0.0,7.4,0.0,0.0,0.0,0.0,0.0,0.0,0.0,0.0,1.0,0.0,0.0,0.0,9.0,4.0,0.0,0.0,0.0,0.0,0.0,0.0,0.0,0.0,5.0,12.0,1.0,12.14,5.0200000000000005,2.5,1.49,0.0,0.0,0.0,0.4,0.0,-0.3,-0.5,0.4,-169.70000000000002,0.0,0.0,169.8,0.0,21.700000000000003,29.1,29.1,29.700000000000003,300.0,300.0,31.6,35.6,29.0,28.200000000000003,30.200000000000003,4.96,1.99,4.97,0.16,0.0,0.0,1027.0,8228.0,0.0,0.0,0.0,0.0,0.0,1.0,0.0,0.0,0.0,0.0,0.0,-0.2,0.0,-0.5,0.0,0.0001,16.0,25903.0
2026-07-30T19:01:56.420Z,285.903,285.918,0.0,7.4,0.0,0.0,0.0,0.0,0.0,0.0,0.0,0.0,1.0,0.0,0.0,0.0,9.0,4.0,0.0,0.0,0.0,0.0,0.0,0.0,0.0,0.0,6.0,12.0,1.0,12.14,5.0200000000000005,2.5,1.49,0.0,0.0,0.0,0.4,0.0,-0.9,-1.1,1.0,-169.70000000000002,0.0,0.0,169.70000000000002,0.0,21.700000000000003,29.1,29.1,29.700000000000003,300.0,300.0,31.6,35.6,29.0,28.200000000000003,30.200000000000003,4.95,1.99,4.96,0.16,0.0,0.0,1027.0,8228.0,0.0,0.0,0.0,0.0,0.0,1.0,0.0,0.0,0.0,0.0,0.0,-0.5,0.0,-1.1,0.0,0.0,16.0,25903.0
2026-07-30T19:01:56.432Z,285.915,285.93,0.0,7.4,0.0,0.0,0.0,0.0,0.0,0.0,0.0,0.0,1.0,0.0,0.0,0.0,9.0,4.0,0.0,0.0,0.0,0.0,0.0,0.0,0.0,0.0,1.0,12.0,1.0,12.14,5.0200000000000005,2.5,1.49,0.0,0.0,0.0,0.4,0.0,0.2,0.6000000000000001,-1.3,-169.70000000000002,0.0,0.0,169.70000000000002,0.0,21.700000000000003,29.1,29.1,29.700000000000003,300.0,300.0,31.6,35.6,29.0,28.200000000000003,30.200000000000003,4.95,1.99,4.96,0.16,0.0,0.0,1027.0,8228.0,0.0,0.0,0.0,0.0,0.0,1.0,0.0,0.0,0.0,0.0,0.0,-0.2,0.0,1.2000000000000002,0.0,0.0,16.0,25903.0
2026-07-30T19:01:56.444Z,285.927,285.942,0.0,7.4,0.0,0.0,0.0,0.0,0.0,0.0,0.0,0.0,1.0,0.0,0.0,0.0,9.0,4.0,0.0,0.0,0.0,0.0,0.0,0.0,0.0,0.0,2.0,12.0,1.0,12.14,5.0200000000000005,2.5,1.49,0.0,0.0,0.0,0.4,0.0,-0.3,0.0,-0.7000000000000001,-169.70000000000002,0.0,0.0,169.70000000000002,0.0,21.700000000000003,29.1,29.1,29.700000000000003,300.0,300.0,31.6,35.6,29.0,28.200000000000003,30.200000000000003,4.96,1.99,4.96,0.16,0.0,0.0,1027.0,8228.0,0.0,0.0,0.0,0.0,0.0,1.0,0.0,0.0,0.0,0.0,0.0,-0.4,0.0,0.6000000000000001,0.0,0.0,16.0,25903.0
2026-07-30T19:01:56.457Z,285.94,285.954,0.0,7.4,0.0,0.0,0.0,0.0,0.0,0.0,0.0,0.0,1.0,0.0,0.0,0.0,9.0,4.0,0.0,0.0,0.0,0.0,0.0,0.0,0.0,0.0,3.0,12.0,1.0,12.14,5.0200000000000005,2.5,1.49,0.0,0.0,0.0,0.4,0.0,0.2,-0.4,-0.1,-169.70000000000002,0.0,0.0,169.8,0.0,21.700000000000003,29.1,29.1,29.700000000000003,300.0,300.0,31.6,35.6,29.0,28.200000000000003,30.200000000000003,4.95,1.99,4.97,0.16,0.0,0.0,1027.0,8228.0,0.0,0.0,0.0,0.0,0.0,1.0,0.0,0.0,0.0,0.0,0.0,-0.6000000000000001,0.0,0.0,0.0,0.0001,16.0,25903.0
2026-07-30T19:01:56.469Z,285.952,285.966,0.0,7.4,0.0,0.0,0.0,0.0,0.0,0.0,0.0,0.0,1.0,0.0,0.0,0.0,9.0,4.0,0.0,0.0,0.0,0.0,0.0,0.0,0.0,0.0,4.0,12.0,1.0,12.14,5.0200000000000005,2.5,1.49,0.0,0.0,0.0,0.4,0.0,-0.9,-0.5,-0.1,-169.70000000000002,0.0,0.0,169.60000000000002,0.0,21.700000000000003,29.1,29.1,29.700000000000003,300.0,300.0,31.6,35.6,29.0,28.200000000000003,30.200000000000003,4.96,1.99,4.97,0.16,0.0,0.0,1027.0,8228.0,0.0,0.0,0.0,0.0,0.0,1.0,0.0,0.0,0.0,0.0,0.0,-0.7000000000000001,0.0,-0.3,0.0,0.0001,16.0,25903.0
2026-07-30T19:01:56.481Z,285.964,285.978,0.0,7.4,0.0,0.0,0.0,0.0,0.0,0.0,0.0,0.0,1.0,0.0,0.0,0.0,9.0,4.0,0.0,0.0,0.0,0.0,0.0,0.0,0.0,0.0,5.0,12.0,1.0,12.14,5.0200000000000005,2.5,1.49,0.0,0.1,0.0,0.4,0.0,0.2,1.2000000000000002,-0.1,-169.70000000000002,0.0,0.0,169.70000000000002,0.0,21.700000000000003,29.1,29.1,29.700000000000003,300.0,300.0,31.6,35.6,29.0,28.200000000000003,30.200000000000003,4.96,1.99,4.96,0.16,0.0,0.0,1027.0,8228.0,0.0,0.0,0.0,0.0,0.0,1.0,0.0,0.0,0.0,0.0,0.0,-0.2,0.0,1.3,0.0,0.0001,16.0,25903.0
2026-07-30T19:01:56.492Z,285.975,285.99,0.0,7.4,0.0,0.0,0.0,0.0,0.0,0.0,0.0,0.0,1.0,0.0,0.0,0.0,9.0,4.0,0.0,0.0,0.0,0.0,0.0,0.0,0.0,0.0,6.0,12.0,1.0,12.14,5.0200000000000005,2.5,1.49,0.0,0.0,0.0,0.4,0.0,-0.9,0.1,-1.4,-169.70000000000002,0.0,0.0,169.70000000000002,0.0,21.700000000000003,29.1,29.1,29.700000000000003,300.0,300.0,31.6,35.6,29.0,28.200000000000003,30.200000000000003,4.96,1.99,4.96,0.16,0.0,0.0,1027.0,8228.0,0.0,0.0,0.0,0.0,0.0,1.0,0.0,0.0,0.0,0.0,0.0,1.5,0.0,-0.6000000000000001,0.0,0.0001,16.0,25903.0
2026-07-30T19:01:56.504Z,285.987,286.002,0.0,7.4,0.0,0.0,0.0,0.0,0.0,0.0,0.0,0.0,1.0,0.0,0.0,0.0,9.0,4.0,0.0,0.0,0.0,0.0,0.0,0.0,0.0,0.0,1.0,12.0,1.0,12.18,5.01,2.51,1.49,0.0,0.0,0.0,0.4,0.0,0.2,0.7000000000000001,-0.2,-169.70000000000002,0.0,0.0,169.70000000000002,0.0,21.4,29.1,29.1,29.700000000000003,300.0,300.0,31.5,35.7,29.0,28.200000000000003,30.200000000000003,4.95,1.99,4.97,0.16,0.0,0.0,1027.0,8228.0,0.0,0.0,0.0,0.0,0.0,1.0,0.0,0.0,0.0,0.0,0.0,-0.9,0.0,1.3,0.0,0.0,16.0,25903.0
2026-07-30T19:01:56.517Z,286.0,286.014,0.0,7.4,0.0,0.0,0.0,0.0,0.0,0.0,0.0,0.0,1.0,0.0,0.0,0.0,9.0,4.0,0.0,0.0,0.0,0.0,0.0,0.0,0.0,0.0,2.0,12.0,1.0,12.18,5.01,2.51,1.49,0.0,0.1,0.0,0.4,0.0,-0.9,-1.0,-1.4,-169.70000000000002,0.0,0.0,169.8,0.0,21.4,29.1,29.1,29.700000000000003,300.0,300.0,31.5,35.7,29.0,28.200000000000003,30.200000000000003,4.95,2.0,4.97,0.16,0.0,0.0,1027.0,8228.0,0.0,0.0,0.0,0.0,0.0,1.0,0.0,0.0,0.0,0.0,0.0,-2.2,0.0,1.0,0.0,0.0001,16.0,25903.0
2026-07-30T19:01:56.529Z,286.012,286.026,0.0,7.4,0.0,0.0,0.0,0.0,0.0,0.0,0.0,0.0,1.0,0.0,0.0,0.0,9.0,4.0,0.0,0.0,0.0,0.0,0.0,0.0,0.0,0.0,3.0,12.0,1.0,12.18,5.01,2.51,1.49,0.0,0.0,0.0,0.4,0.0,0.2,0.7000000000000001,-0.2,-169.70000000000002,0.0,0.0,169.8,0.0,21.4,29.1,29.1,29.700000000000003,300.0,300.0,31.5,35.7,29.0,28.200000000000003,30.200000000000003,4.95,1.99,4.97,0.16,0.0,0.0,1027.0,8228.0,0.0,0.0,0.0,0.0,0.0,1.0,0.0,0.0,0.0,0.0,0.0,0.6000000000000001,0.0,0.3,0.0,0.0002,16.0,25903.0
2026-07-30T19:01:56.541Z,286.024,286.038,0.0,7.4,0.0,0.0,0.0,0.0,0.0,0.0,0.0,0.0,1.0,0.0,0.0,0.0,9.0,4.0,0.0,0.0,0.0,0.0,0.0,0.0,0.0,0.0,4.0,12.0,1.0,12.18,5.01,2.51,1.49,0.0,0.0,0.0,0.4,0.0,-0.3,0.7000000000000001,0.9,-169.70000000000002,0.0,0.0,169.70000000000002,0.0,21.4,29.1,29.1,29.700000000000003,300.0,300.0,31.5,35.7,29.0,28.200000000000003,30.200000000000003,4.95,1.99,4.97,0.16,0.0,0.0,1027.0,8228.0,0.0,0.0,0.0,0.0,0.0,1.0,0.0,0.0,0.0,0.0,0.0,1.5,0.0,-0.7000000000000001,0.0,0.0,16.0,25903.0
2026-07-30T19:01:56.552Z,286.035,286.05,0.0,7.4,0.0,0.0,0.0,0.0,0.0,0.0,0.0,0.0,1.0,0.0,0.0,0.0,9.0,4.0,0.0,0.0,0.0,0.0,0.0,0.0,0.0,0.0,5.0,12.0,1.0,12.18,5.01,2.51,1.49,0.0,0.0,0.0,0.4,0.0,0.2,0.7000000000000001,0.9,-169.70000000000002,0.0,0.0,169.60000000000002,0.0,21.4,29.1,29.1,29.700000000000003,300.0,300.0,31.5,35.7,29.0,28.200000000000003,30.200000000000003,4.95,1.99,4.97,0.17,0.0,0.0,1027.0,8228.0,0.0,0.0,0.0,0.0,0.0,1.0,0.0,0.0,0.0,0.0,0.0,1.5,0.0,-0.7000000000000001,0.0,0.0,16.0,25903.0
2026-07-30T19:01:56.564Z,286.047,286.062,0.0,7.4,0.0,0.0,0.0,0.0,0.0,0.0,0.0,0.0,1.0,0.0,0.0,0.0,9.0,4.0,0.0,0.0,0.0,0.0,0.0,0.0,0.0,0.0,6.0,12.0,1.0,12.18,5.01,2.51,1.49,0.0,0.1,0.0,0.4,0.0,0.2,-0.4,-0.7000000000000001,-169.70000000000002,0.0,0.0,169.70000000000002,0.0,21.4,29.1,29.1,29.700000000000003,300.0,300.0,31.5,35.7,29.0,28.200000000000003,30.200000000000003,4.96,1.99,4.96,0.17,0.0,0.0,1027.0,8228.0,0.0,0.0,0.0,0.0,0.0,1.0,0.0,0.0,0.0,0.0,0.0,-1.0,0.0,0.5,0.0,0.0001,16.0,25903.0
2026-07-30T19:01:56.577Z,286.06,286.074,0.0,7.4,0.0,0.0,0.0,0.0,0.0,0.0,0.0,0.0,1.0,0.0,0.0,0.0,9.0,4.0,0.0,0.0,0.0,0.0,0.0,0.0,0.0,0.0,2.0,12.0,1.0,12.18,5.01,2.51,1.49,0.0,0.0,0.0,0.4,0.0,0.7000000000000001,0.1,-1.3,-169.70000000000002,0.0,0.0,169.70000000000002,0.0,21.4,29.1,29.1,29.700000000000003,300.0,300.0,31.5,35.7,29.0,28.200000000000003,30.200000000000003,4.96,1.99,4.97,0.16,0.0,0.0,1027.0,8228.0,0.0,0.0,0.0,0.0,0.0,1.0,0.0,0.0,0.0,0.0,0.0,-0.8,0.0,1.2000000000000002,0.0,0.0,16.0,25903.0
2026-07-30T19:01:56.589Z,286.072,286.086,0.0,7.4,0.0,0.0,0.0,0.0,0.0,0.0,0.0,0.0,1.0,0.0,0.0,0.0,9.0,4.0,0.0,0.0,0.0,0.0,0.0,0.0,0.0,0.0,3.0,12.0,1.0,12.18,5.01,2.51,1.49,0.0,0.0,0.0,0.4,0.0,0.2,1.3,-0.1,-169.70000000000002,0.0,0.0,169.8,0.0,21.4,29.1,29.1,29.700000000000003,300.0,300.0,31.5,35.7,29.0,28.200000000000003,30.200000000000003,4.95,2.0,4.97,0.16,0.0,0.0,1027.0,8228.0,0.0,0.0,0.0,0.0,0.0,1.0,0.0,0.0,0.0,0.0,0.0,1.3,0.0,0.4,0.0,0.0001,16.0,25903.0
2026-07-30T19:01:56.602Z,286.085,286.098,0.0,7.4,0.0,0.0,0.0,0.0,0.0,0.0,0.0,0.0,1.0,0.0,0.0,0.0,9.0,4.0,0.0,0.0,0.0,0.0,0.0,0.0,0.0,0.0,4.0,12.0,1.0,12.15,5.0200000000000005,2.51,1.49,0.0,0.0,0.0,0.4,0.0,0.2,0.7000000000000001,-0.1,-169.70000000000002,0.0,0.0,169.8,0.0,21.8,29.1,29.1,29.700000000000003,300.0,300.0,31.6,35.7,29.0,28.200000000000003,30.200000000000003,4.96,2.0,4.96,0.16,0.0,0.0,1027.0,8228.0,0.0,0.0,0.0,0.0,0.0,1.0,0.0,0.0,0.0,0.0,0.0,0.7000000000000001,0.0,0.2,0.0,0.0001,16.0,25903.0
2026-07-30T19:01:56.612Z,286.095,286.11,0.0,7.4,0.0,0.0,0.0,0.0,0.0,0.0,0.0,0.0,1.0,0.0,0.0,0.0,9.0,4.0,0.0,0.0,0.0,0.0,0.0,0.0,0.0,0.0,6.0,12.0,1.0,12.15,5.0200000000000005,2.51,1.49,0.0,0.1,0.0,0.4,0.0,0.7000000000000001,0.1,-0.7000000000000001,-169.70000000000002,0.0,0.0,169.70000000000002,0.0,21.8,29.1,29.1,29.700000000000003,300.0,300.0,31.6,35.7,29.0,28.200000000000003,30.200000000000003,4.95,2.0,4.96,0.16,0.0,0.0,1027.0,8228.0,0.0,0.0,0.0,0.0,0.0,1.0,0.0,0.0,0.0,0.0,0.0,-0.3,0.0,0.6000000000000001,0.0,0.0,16.0,25903.0
2026-07-30T19:01:56.624Z,286.107,286.122,0.0,7.4,0.0,0.0,0.0,0.0,0.0,0.0,0.0,0.0,1.0,0.0,0.0,0.0,9.0,4.0,0.0,0.0,0.0,0.0,0.0,0.0,0.0,0.0,1.0,12.0,1.0,12.15,5.0200000000000005,2.51,1.49,0.0,0.0,0.0,0.4,0.0,-0.3,0.7000000000000001,-0.7000000000000001,-169.70000000000002,0.0,0.0,169.8,0.0,21.8,29.1,29.1,29.700000000000003,300.0,300.0,31.6,35.7,29.0,28.200000000000003,30.200000000000003,4.95,1.99,4.97,0.16,0.0,0.0,1027.0,8228.0,0.0,0.0,0.0,0.0,0.0,1.0,0.0,0.0,0.0,0.0,0.0,0.3,0.0,0.7000000000000001,0.0,0.0001,16.0,25903.0
2026-07-30T19:01:56.636Z,286.119,286.134,0.0,7.4,0.0,0.0,0.0,0.0,0.0,0.0,0.0,0.0,1.0,0.0,0.0,0.0,9.0,4.0,0.0,0.0,0.0,0.0,0.0,0.0,0.0,0.0,2.0,12.0,1.0,12.15,5.0200000000000005,2.51,1.49,0.0,0.1,0.0,0.4,0.0,0.7000000000000001,1.8,-0.1,-169.70000000000002,0.0,0.0,169.8,0.0,21.8,29.1,29.1,29.700000000000003,300.0,300.0,31.6,35.7,29.0,28.200000000000003,30.200000000000003,4.95,1.99,4.97,0.16,0.0,0.0,1027.0,8228.0,0.0,0.0,0.0,0.0,0.0,1.0,0.0,0.0,0.0,0.0,0.0,2.0,0.0,0.5,0.0,0.0,16.0,25903.0
2026-07-30T19:01:56.648Z,286.131,286.146,0.0,7.4,0.0,0.0,0.0,0.0,0.0,0.0,0.0,0.0,1.0,0.0,0.0,0.0,9.0,4.0,0.0,0.0,0.0,0.0,0.0,0.0,0.0,0.0,3.0,12.0,1.0,12.15,5.0200000000000005,2.51,1.49,0.0,0.1,0.0,0.4,0.0,0.2,0.6000000000000001,-0.1,-169.70000000000002,0.0,0.0,169.8,0.0,21.8,29.1,29.1,29.700000000000003,300.0,300.0,31.6,35.7,29.0,28.200000000000003,30.200000000000003,4.96,1.99,4.96,0.16,0.0,0.0,1027.0,8228.0,0.0,0.0,0.0,0.0,0.0,1.0,0.0,0.0,0.0,0.0,0.0,0.6000000000000001,0.0,0.2,0.0,0.0001,16.0,25903.0
2026-07-30T19:01:56.660Z,286.143,286.158,0.0,7.4,0.0,0.0,0.0,0.0,0.0,0.0,0.0,0.0,1.0,0.0,0.0,0.0,9.0,4.0,0.0,0.0,0.0,0.0,0.0,0.0,0.0,0.0,4.0,12.0,1.0,12.15,5.0200000000000005,2.51,1.49,0.0,0.0,0.0,0.4,0.0,-0.3,-0.4,-0.2,-169.70000000000002,0.0,0.0,169.70000000000002,0.0,21.8,29.1,29.1,29.700000000000003,300.0,300.0,31.6,35.7,29.0,28.200000000000003,30.200000000000003,4.95,1.99,4.97,0.16,0.0,0.0,1027.0,8228.0,0.0,0.0,0.0,0.0,0.0,1.0,0.0,0.0,0.0,0.0,0.0,-0.7000000000000001,0.0,0.0,0.0,0.0,16.0,25903.0
2026-07-30T19:01:56.672Z,286.155,286.17,0.0,7.4,0.0,0.0,0.0,0.0,0.0,0.0,0.0,0.0,1.0,0.0,0.0,0.0,9.0,4.0,0.0,0.0,0.0,0.0,0.0,0.0,0.0,0.0,5.0,12.0,1.0,12.15,5.0200000000000005,2.51,1.49,0.0,0.0,0.0,0.4,0.0,-0.3,0.6000000000000001,0.3,-169.70000000000002,0.0,0.0,169.8,0.0,21.8,29.1,29.1,29.700000000000003,300.0,300.0,31.6,35.7,29.0,28.200000000000003,30.200000000000003,4.95,1.99,4.96,0.16,0.0,0.0,1027.0,8228.0,0.0,0.0,0.0,0.0,0.0,1.0,0.0,0.0,0.0,0.0,0.0,1.0,0.0,-0.1,0.0,0.0001,16.0,25903.0
2026-07-30T19:01:56.684Z,286.167,286.182,0.0,7.4,0.0,0.0,0.0,0.0,0.0,0.0,0.0,0.0,1.0,0.0,0.0,0.0,9.0,4.0,0.0,0.0,0.0,0.0,0.0,0.0,0.0,0.0,6.0,12.0,1.0,12.15,5.0200000000000005,2.51,1.49,0.0,0.0,0.0,0.4,0.0,-0.3,0.6000000000000001,-0.8,-169.70000000000002,0.0,0.0,169.8,0.0,21.8,29.1,29.1,29.700000000000003,300.0,300.0,31.6,35.7,29.0,28.200000000000003,30.200000000000003,4.95,2.0,4.96,0.16,0.0,0.0,1027.0,8228.0,0.0,0.0,0.0,0.0,0.0,1.0,0.0,0.0,0.0,0.0,0.0,0.1,0.0,0.8,0.0,0.0002,16.0,25903.0
2026-07-30T19:01:56.696Z,286.179,286.194,0.0,7.4,0.0,0.0,0.0,0.0,0.0,0.0,0.0,0.0,1.0,0.0,0.0,0.0,9.0,4.0,0.0,0.0,0.0,0.0,0.0,0.0,0.0,0.0,1.0,12.0,1.0,12.15,5.0200000000000005,2.51,1.49,0.0,0.0,0.0,0.4,0.0,-0.2,-0.5,-0.7000000000000001,-169.70000000000002,0.0,0.0,169.8,0.0,21.8,29.1,29.1,29.700000000000003,300.0,300.0,31.6,35.7,29.0,28.200000000000003,30.200000000000003,4.95,2.0,4.96,0.16,0.0,0.0,1027.0,8228.0,0.0,0.0,0.0,0.0,0.0,1.0,0.0,0.0,0.0,0.0,0.0,-1.1,0.0,0.5,0.0,0.0001,16.0,25903.0
2026-07-30T19:01:56.708Z,286.191,286.206,0.0,7.4,0.0,0.0,0.0,0.0,0.0,0.0,0.0,0.0,1.0,0.0,0.0,0.0,9.0,4.0,0.0,0.0,0.0,0.0,0.0,0.0,0.0,0.0,2.0,12.0,1.0,12.18,5.01,2.51,1.49,0.0,0.0,0.0,0.4,0.0,-0.8,-1.1,-0.2,-169.70000000000002,0.0,0.0,169.8,0.0,21.200000000000003,29.1,29.1,29.700000000000003,300.0,300.0,31.6,35.7,29.0,28.200000000000003,30.1,4.96,1.99,4.97,0.16,0.0,0.0,1027.0,8228.0,0.0,0.0,0.0,0.0,0.0,1.0,0.0,0.0,0.0,0.0,0.0,-1.4,0.0,0.0,0.0,0.0,16.0,25903.0
2026-07-30T19:01:56.720Z,286.203,286.218,0.0,7.4,0.0,0.0,0.0,0.0,0.0,0.0,0.0,0.0,1.0,0.0,0.0,0.0,9.0,4.0,0.0,0.0,0.0,0.0,0.0,0.0,0.0,0.0,3.0,12.0,1.0,12.18,5.01,2.51,1.49,0.0,0.0,0.0,0.4,0.0,-0.3,0.6000000000000001,-0.2,-169.70000000000002,0.0,0.0,169.8,0.0,21.200000000000003,29.1,29.1,29.700000000000003,300.0,300.0,31.6,35.7,29.0,28.200000000000003,30.1,4.96,2.0,4.96,0.16,0.0,0.0,1027.0,8228.0,0.0,0.0,0.0,0.0,0.0,1.0,0.0,0.0,0.0,0.0,0.0,0.5,0.0,0.3,0.0,0.0001,16.0,25903.0
2026-07-30T19:01:56.732Z,286.215,286.23,0.0,7.4,0.0,0.0,0.0,0.0,0.0,0.0,0.0,0.0,1.0,0.0,0.0,0.0,9.0,4.0,0.0,0.0,0.0,0.0,0.0,0.0,0.0,0.0,4.0,12.0,1.0,12.18,5.01,2.51,1.49,0.0,0.0,0.0,0.5,0.0,-1.4,0.0,2.0,-169.70000000000002,0.0,0.0,169.70000000000002,0.0,21.200000000000003,29.1,29.1,29.700000000000003,300.0,300.0,31.6,35.7,29.0,28.200000000000003,30.1,4.96,1.99,4.96,0.16,0.0,0.0,1027.0,8228.0,0.0,0.0,0.0,0.0,0.0,1.0,0.0,0.0,0.0,0.0,0.0,1.6,0.0,-1.8,0.0,0.0001,16.0,25903.0
2026-07-30T19:01:56.744Z,286.227,286.242,0.0,7.4,0.0,0.0,0.0,0.0,0.0,0.0,0.0,0.0,1.0,0.0,0.0,0.0,9.0,4.0,0.0,0.0,0.0,0.0,0.0,0.0,0.0,0.0,2.0,12.0,1.0,12.18,5.01,2.51,1.49,0.0,0.0,0.0,0.4,0.0,-0.3,-0.4,-1.9,-169.70000000000002,0.0,0.0,169.8,0.0,21.200000000000003,29.1,29.1,29.700000000000003,300.0,300.0,31.6,35.7,29.0,28.200000000000003,30.1,4.95,1.99,4.96,0.16,0.0,0.0,1027.0,8228.0,0.0,0.0,0.0,0.0,0.0,1.0,0.0,0.0,0.0,0.0,0.0,-2.0,0.0,1.6,0.0,0.0001,16.0,25903.0
2026-07-30T19:01:56.756Z,286.239,286.254,0.0,7.4,0.0,0.0,0.0,0.0,0.0,0.0,0.0,0.0,1.0,0.0,0.0,0.0,9.0,4.0,0.0,0.0,0.0,0.0,0.0,0.0,0.0,0.0,4.0,12.0,1.0,12.18,5.01,2.51,1.49,0.0,0.0,0.0,0.4,0.0,0.2,-1.0,0.3,-169.70000000000002,0.0,0.0,169.8,0.0,21.200000000000003,29.1,29.1,29.700000000000003,300.0,300.0,31.6,35.7,29.0,28.200000000000003,30.1,4.96,1.99,4.96,0.16,0.0,0.0,1027.0,8228.0,0.0,0.0,0.0,0.0,0.0,1.0,0.0,0.0,0.0,0.0,0.0,-0.9,0.0,-0.5,0.0,0.0001,16.0,25903.0
2026-07-30T19:01:56.768Z,286.251,286.266,0.0,7.4,0.0,0.0,0.0,0.0,0.0,0.0,0.0,0.0,1.0,0.0,0.0,0.0,9.0,4.0,0.0,0.0,0.0,0.0,0.0,0.0,0.0,0.0,5.0,12.0,1.0,12.18,5.01,2.51,1.49,0.0,0.0,0.0,0.5,0.0,-1.4,-1.0,-0.2,-169.70000000000002,0.0,0.0,169.8,0.0,21.200000000000003,29.1,29.1,29.700000000000003,300.0,300.0,31.6,35.7,29.0,28.200000000000003,30.1,4.96,2.0,4.96,0.16,0.0,0.0,1027.0,8228.0,0.0,0.0,0.0,0.0,0.0,1.0,0.0,0.0,0.0,0.0,0.0,-1.4,0.0,0.0,0.0,0.0,16.0,25903.0
2026-07-30T19:01:56.780Z,286.263,286.278,0.0,7.4,0.0,0.0,0.0,0.0,0.0,0.0,0.0,0.0,1.0,0.0,0.0,0.0,9.0,4.0,0.0,0.0,0.0,0.0,0.0,0.0,0.0,0.0,6.0,12.0,1.0,12.18,5.01,2.51,1.49,0.0,0.0,0.0,0.4,0.0,-0.2,0.0,-0.1,-169.70000000000002,0.0,0.0,169.8,0.0,21.200000000000003,29.1,29.1,29.700000000000003,300.0,300.0,31.6,35.7,29.0,28.200000000000003,30.1,4.95,1.99,4.96,0.16,0.0,0.0,1027.0,8228.0,0.0,0.0,0.0,0.0,0.0,1.0,0.0,0.0,0.0,0.0,0.0,0.0,0.0,0.1,0.0,0.0,16.0,25903.0
2026-07-30T19:01:56.792Z,286.275,286.29,0.0,7.4,0.0,0.0,0.0,0.0,0.0,0.0,0.0,0.0,1.0,0.0,0.0,0.0,9.0,4.0,0.0,0.0,0.0,0.0,0.0,0.0,0.0,0.0,1.0,12.0,1.0,12.18,5.01,2.51,1.49,0.0,0.0,0.0,0.4,0.0,-0.2,-0.5,-0.1,-169.70000000000002,0.0,0.0,169.8,0.0,21.200000000000003,29.1,29.1,29.700000000000003,300.0,300.0,31.6,35.7,29.0,28.200000000000003,30.1,4.95,1.99,4.97,0.16,0.0,0.0,1027.0,8228.0,0.0,0.0,0.0,0.0,0.0,1.0,0.0,0.0,0.0,0.0,0.0,-0.7000000000000001,0.0,0.0,0.0,0.0,16.0,25903.0
2026-07-30T19:01:56.806Z,286.289,286.302,0.0,7.4,0.0,0.0,0.0,0.0,0.0,0.0,0.0,0.0,1.0,0.0,0.0,0.0,9.0,4.0,0.0,0.0,0.0,0.0,0.0,0.0,0.0,0.0,2.0,12.0,1.0,12.17,5.01,2.51,1.49,0.0,0.0,0.0,0.4,0.0,0.2,-0.5,-0.1,-169.70000000000002,0.0,0.0,169.70000000000002,0.0,21.4,29.1,29.1,29.700000000000003,300.0,300.0,31.5,35.7,29.0,28.200000000000003,30.1,4.96,1.99,4.96,0.16,0.0,0.0,1027.0,8228.0,0.0,0.0,0.0,0.0,0.0,1.0,0.0,0.0,0.0,0.0,0.0,-0.7000000000000001,0.0,0.0,0.0,0.0,16.0,25903.0
2026-07-30T19:01:56.816Z,286.299,286.314,0.0,7.4,0.0,0.0,0.0,0.0,0.0,0.0,0.0,0.0,1.0,0.0,0.0,0.0,9.0,4.0,0.0,0.0,0.0,0.0,0.0,0.0,0.0,0.0,3.0,12.0,1.0,12.17,5.01,2.51,1.49,0.0,0.0,0.0,0.4,0.0,0.9,0.6000000000000001,-0.1,-169.70000000000002,0.0,0.0,169.70000000000002,0.0,21.4,29.1,29.1,29.700000000000003,300.0,300.0,31.5,35.7,29.0,28.200000000000003,30.1,4.96,1.99,4.97,0.16,0.0,0.0,1027.0,8228.0,0.0,0.0,0.0,0.0,0.0,1.0,0.0,0.0,0.0,0.0,0.0,0.6000000000000001,0.0,0.2,0.0,0.0001,16.0,25903.0
2026-07-30T19:01:56.828Z,286.311,286.326,0.0,7.4,0.0,0.0,0.0,0.0,0.0,0.0,0.0,0.0,1.0,0.0,0.0,0.0,9.0,4.0,0.0,0.0,0.0,0.0,0.0,0.0,0.0,0.0,4.0,12.0,1.0,12.17,5.01,2.51,1.49,0.0,0.0,0.0,0.4,0.0,-0.1,1.8,1.0,-169.70000000000002,0.0,0.0,169.70000000000002,0.0,21.4,29.1,29.1,29.700000000000003,300.0,300.0,31.5,35.7,29.0,28.200000000000003,30.1,4.95,1.99,4.97,0.16,0.0,0.0,1027.0,8228.0,0.0,0.0,0.0,0.0,0.0,1.0,0.0,0.0,0.0,0.0,0.0,2.8000000000000003,0.0,-0.5,0.0,0.0,16.0,25903.0
2026-07-30T19:01:56.840Z,286.323,286.338,0.0,7.4,0.0,0.0,0.0,0.0,0.0,0.0,0.0,0.0,1.0,0.0,0.0,0.0,9.0,4.0,0.0,0.0,0.0,0.0,0.0,0.0,0.0,0.0,5.0,12.0,1.0,12.17,5.01,2.51,1.49,0.0,0.1,0.0,0.4,0.0,0.9,0.1,0.0,-169.70000000000002,0.0,0.0,169.8,0.0,21.4,29.1,29.1,29.700000000000003,300.0,300.0,31.5,35.7,29.0,28.200000000000003,30.1,4.96,1.99,4.97,0.16,0.0,0.0,1027.0,8228.0,0.0,0.0,0.0,0.0,0.0,1.0,0.0,0.0,0.0,0.0,0.0,0.0,0.0,0.1,0.0,0.0,16.0,25903.0
2026-07-30T19:01:56.853Z,286.336,286.35,0.0,7.4,0.0,0.0,0.0,0.0,0.0,0.0,0.0,0.0,1.0,0.0,0.0,0.0,9.0,4.0,0.0,0.0,0.0,0.0,0.0,0.0,0.0,0.0,6.0,12.0,1.0,12.17,5.01,2.51,1.49,0.0,0.0,0.0,0.4,0.0,0.3,-0.4,-0.1,-169.70000000000002,0.0,0.0,169.70000000000002,0.0,21.4,29.1,29.1,29.700000000000003,300.0,300.0,31.5,35.7,29.0,28.200000000000003,30.1,4.95,2.0,4.96,0.16,0.0,0.0,1027.0,8228.0,0.0,0.0,0.0,0.0,0.0,1.0,0.0,0.0,0.0,0.0,0.0,-0.5,0.0,0.0,0.0,0.0,16.0,25903.0
2026-07-30T19:01:56.865Z,286.348,286.362,0.0,7.4,0.0,0.0,0.0,0.0,0.0,0.0,0.0,0.0,1.0,0.0,0.0,0.0,9.0,4.0,0.0,0.0,0.0,0.0,0.0,0.0,0.0,0.0,1.0,12.0,1.0,12.17,5.01,2.51,1.49,0.0,0.0,0.0,0.4,0.0,-0.2,0.1,0.4,-169.70000000000002,0.0,0.0,169.60000000000002,0.0,21.4,29.1,29.1,29.700000000000003,300.0,300.0,31.5,35.7,29.0,28.200000000000003,30.1,4.95,1.99,4.97,0.16,0.0,0.0,1027.0,8228.0,0.0,0.0,0.0,0.0,0.0,1.0,0.0,0.0,0.0,0.0,0.0,0.5,0.0,-0.3,0.0,0.0001,16.0,25903.0
2026-07-30T19:01:56.876Z,286.359,286.374,0.0,7.4,0.0,0.0,0.0,0.0,0.0,0.0,0.0,0.0,1.0,0.0,0.0,0.0,9.0,4.0,0.0,0.0,0.0,0.0,0.0,0.0,0.0,0.0,3.0,12.0,1.0,12.17,5.01,2.51,1.49,0.0,0.0,0.0,0.4,0.0,-0.2,0.1,0.4,-169.70000000000002,0.0,0.0,169.8,0.0,21.4,29.1,29.1,29.700000000000003,300.0,300.0,31.5,35.7,29.0,28.200000000000003,30.1,4.95,1.99,4.97,0.16,0.0,0.0,1027.0,8228.0,0.0,0.0,0.0,0.0,0.0,1.0,0.0,0.0,0.0,0.0,0.0,0.5,0.0,-0.3,0.0,0.0001,16.0,25903.0
2026-07-30T19:01:56.889Z,286.372,286.386,0.0,7.4,0.0,0.0,0.0,0.0,0.0,0.0,0.0,0.0,1.0,0.0,0.0,0.0,9.0,4.0,0.0,0.0,0.0,0.0,0.0,0.0,0.0,0.0,4.0,12.0,1.0,12.17,5.01,2.51,1.49,0.0,0.0,0.0,0.4,0.0,0.3,0.7000000000000001,-0.1,-169.70000000000002,0.0,0.0,169.70000000000002,0.0,21.4,29.1,29.1,29.700000000000003,300.0,300.0,31.5,35.7,29.0,28.200000000000003,30.1,4.96,1.99,4.97,0.16,0.0,0.0,1027.0,8228.0,0.0,0.0,0.0,0.0,0.0,1.0,0.0,0.0,0.0,0.0,0.0,0.7000000000000001,0.0,0.2,0.0,0.0002,16.0,25903.0
2026-07-30T19:01:56.900Z,286.383,286.398,0.0,7.4,0.0,0.0,0.0,0.0,0.0,0.0,0.0,0.0,1.0,0.0,0.0,0.0,9.0,4.0,0.0,0.0,0.0,0.0,0.0,0.0,0.0,0.0,5.0,12.0,1.0,12.17,5.01,2.51,1.49,0.0,0.0,0.0,0.4,0.0,0.3,0.1,0.4,-169.70000000000002,0.0,0.0,169.60000000000002,0.0,21.4,29.1,29.1,29.700000000000003,300.0,300.0,31.5,35.7,29.0,28.200000000000003,30.1,4.95,2.0,4.97,0.16,0.0,0.0,1027.0,8228.0,0.0,0.0,0.0,0.0,0.0,1.0,0.0,0.0,0.0,0.0,0.0,0.4,0.0,-0.3,0.0,0.0,16.0,25903.0
2026-07-30T19:01:56.912Z,286.395,286.41,0.0,7.4,0.0,0.0,0.0,0.0,0.0,0.0,0.0,0.0,1.0,0.0,0.0,0.0,9.0,4.0,0.0,0.0,0.0,0.0,0.0,0.0,0.0,0.0,6.0,12.0,1.0,12.17,5.01,2.5,1.5,0.0,0.0,0.0,0.4,0.0,0.4,1.2000000000000002,1.6,-169.70000000000002,0.0,0.0,169.70000000000002,0.0,21.8,29.1,29.1,29.700000000000003,300.0,300.0,31.5,35.7,29.0,28.200000000000003,30.1,4.95,1.99,4.96,0.16,0.0,0.0,1027.0,8228.0,0.0,0.0,0.0,0.0,0.0,1.0,0.0,0.0,0.0,0.0,0.0,2.6,0.0,-1.1,0.0,0.0001,16.0,25903.0
2026-07-30T19:01:56.924Z,286.407,286.422,0.0,7.4,0.0,0.0,0.0,0.0,0.0,0.0,0.0,0.0,1.0,0.0,0.0,0.0,9.0,4.0,0.0,0.0,0.0,0.0,0.0,0.0,0.0,0.0,1.0,12.0,1.0,12.17,5.01,2.5,1.5,0.0,0.0,0.0,0.4,0.0,0.4,0.0,-0.1,-169.70000000000002,0.0,0.0,169.70000000000002,0.0,21.8,29.1,29.1,29.700000000000003,300.0,300.0,31.5,35.7,29.0,28.200000000000003,30.1,4.96,2.0,4.96,0.16,0.0,0.0,1027.0,8228.0,0.0,0.0,0.0,0.0,0.0,1.0,0.0,0.0,0.0,0.0,0.0,0.0,0.0,0.1,0.0,0.0,16.0,25903.0
2026-07-30T19:01:56.936Z,286.419,286.434,0.0,7.4,0.0,0.0,0.0,0.0,0.0,0.0,0.0,0.0,1.0,0.0,0.0,0.0,9.0,4.0,0.0,0.0,0.0,0.0,0.0,0.0,0.0,0.0,2.0,12.0,1.0,12.17,5.01,2.5,1.5,0.0,0.0,0.0,0.4,0.0,-0.1,-0.4,-0.7000000000000001,-169.70000000000002,0.0,0.0,169.70000000000002,0.0,21.8,29.1,29.1,29.700000000000003,300.0,300.0,31.5,35.7,29.0,28.200000000000003,30.1,4.95,2.0,4.96,0.16,0.0,0.0,1027.0,8228.0,0.0,0.0,0.0,0.0,0.0,1.0,0.0,0.0,0.0,0.0,0.0,-1.0,0.0,0.5,0.0,0.0001,16.0,25903.0
2026-07-30T19:01:56.948Z,286.431,286.446,0.0,7.4,0.0,0.0,0.0,0.0,0.0,0.0,0.0,0.0,1.0,0.0,0.0,0.0,9.0,4.0,0.0,0.0,0.0,0.0,0.0,0.0,0.0,0.0,3.0,12.0,1.0,12.17,5.01,2.5,1.5,0.0,0.0,0.0,0.4,0.0,0.4,-0.4,1.6,-169.70000000000002,0.0,0.0,169.8,0.0,21.8,29.1,29.1,29.700000000000003,300.0,300.0,31.5,35.7,29.0,28.200000000000003,30.1,4.95,1.99,4.96,0.16,0.0,0.0,1027.0,8228.0,0.0,0.0,0.0,0.0,0.0,1.0,0.0,0.0,0.0,0.0,0.0,0.7000000000000001,0.0,-1.5,0.0,0.0001,16.0,25903.0
2026-07-30T19:01:56.960Z,286.443,286.458,0.0,7.4,0.0,0.0,0.0,0.0,0.0,0.0,0.0,0.0,1.0,0.0,0.0,0.0,9.0,4.0,0.0,0.0,0.0,0.0,0.0,0.0,0.0,0.0,4.0,12.0,1.0,12.17,5.01,2.5,1.5,0.0,0.0,0.0,0.4,0.0,-0.1,0.7000000000000001,-0.6000000000000001,-169.70000000000002,0.0,0.0,169.70000000000002,0.0,21.8,29.1,29.1,29.700000000000003,300.0,300.0,31.5,35.7,29.0,28.200000000000003,30.1,4.95,1.99,4.96,0.16,0.0,0.0,1027.0,8228.0,0.0,0.0,0.0,0.0,0.0,1.0,0.0,0.0,0.0,0.0,0.0,0.3,0.0,0.6000000000000001,0.0,0.0001,16.0,25903.0
2026-07-30T19:01:56.972Z,286.455,286.47,0.0,7.4,0.0,0.0,0.0,0.0,0.0,0.0,0.0,0.0,1.0,0.0,0.0,0.0,9.0,4.0,0.0,0.0,0.0,0.0,0.0,0.0,0.0,0.0,5.0,12.0,1.0,12.17,5.01,2.5,1.5,0.0,0.0,0.0,0.4,0.0,0.4,0.1,0.5,-169.70000000000002,0.0,0.0,169.70000000000002,0.0,21.8,29.1,29.1,29.700000000000003,300.0,300.0,31.5,35.7,29.0,28.200000000000003,30.1,4.96,1.99,4.96,0.16,0.0,0.0,1027.0,8228.0,0.0,0.0,0.0,0.0,0.0,1.0,0.0,0.0,0.0,0.0,0.0,0.5,0.0,-0.4,0.0,0.0001,16.0,25903.0
2026-07-30T19:01:56.984Z,286.467,286.482,0.0,7.4,0.0,0.0,0.0,0.0,0.0,0.0,0.0,0.0,1.0,0.0,0.0,0.0,9.0,4.0,0.0,0.0,0.0,0.0,0.0,0.0,0.0,0.0,6.0,12.0,1.0,12.17,5.01,2.5,1.5,0.0,0.0,0.0,0.4,0.0,1.0,0.6000000000000001,-1.2000000000000002,-169.70000000000002,0.0,0.0,169.70000000000002,0.0,21.8,29.1,29.1,29.700000000000003,300.0,300.0,31.5,35.7,29.0,28.200000000000003,30.1,4.95,1.99,4.97,0.16,0.0,0.0,1027.0,8228.0,0.0,0.0,0.0,0.0,0.0,1.0,0.0,0.0,0.0,0.0,0.0,-0.7000000000000001,0.0,-0.7000000000000001,0.0,0.0001,16.0,25903.0
2026-07-30T19:01:56.996Z,286.479,286.494,0.0,7.4,0.0,0.0,0.0,0.0,0.0,0.0,0.0,0.0,1.0,0.0,0.0,0.0,9.0,4.0,0.0,0.0,0.0,0.0,0.0,0.0,0.0,0.0,1.0,12.0,1.0,12.17,5.01,2.5,1.5,0.0,0.0,0.0,0.4,0.0,1.0,-1.0,0.6000000000000001,-169.70000000000002,0.0,0.0,169.70000000000002,0.0,21.8,29.1,29.1,29.700000000000003,300.0,300.0,31.5,35.7,29.0,28.200000000000003,30.1,4.96,2.0,4.96,0.16,0.0,0.0,1027.0,8228.0,0.0,0.0,0.0,0.0,0.0,1.0,0.0,0.0,0.0,0.0,0.0,-2.0,0.0,0.7000000000000001,0.0,0.0,16.0,25903.0
2026-07-30T19:01:57.009Z,286.492,286.50600000000003,0.0,7.4,0.0,0.0,0.0,0.0,0.0,0.0,0.0,0.0,1.0,0.0,0.0,0.0,9.0,4.0,0.0,0.0,0.0,0.0,0.0,0.0,0.0,0.0,2.0,12.0,1.0,12.15,5.01,2.5,1.49,0.0,0.0,0.0,0.4,0.0,-0.1,-0.5,1.1,-169.70000000000002,0.0,0.0,169.70000000000002,0.0,21.8,29.1,29.1,29.700000000000003,300.0,300.0,31.700000000000003,35.7,29.0,28.200000000000003,30.1,4.96,2.0,4.96,0.16,0.0,0.0,1027.0,8228.0,0.0,0.0,0.0,0.0,0.0,1.0,0.0,0.0,0.0,0.0,0.0,-1.0,0.0,0.3,0.0,0.0,16.0,25903.0
2026-07-30T19:01:57.020Z,286.503,286.51800000000003,0.0,7.4,0.0,0.0,0.0,0.0,0.0,0.0,0.0,0.0,1.0,0.0,0.0,0.0,9.0,4.0,0.0,0.0,0.0,0.0,0.0,0.0,0.0,0.0,3.0,12.0,1.0,12.15,5.01,2.5,1.49,0.0,0.1,0.0,0.4,0.0,-0.7000000000000001,0.0,0.0,-169.70000000000002,0.0,0.0,169.60000000000002,0.0,21.8,29.1,29.1,29.700000000000003,300.0,300.0,31.700000000000003,35.7,29.0,28.200000000000003,30.1,4.95,1.99,4.96,0.16,0.0,0.0,1027.0,8228.0,0.0,0.0,0.0,0.0,0.0,1.0,0.0,0.0,0.0,0.0,0.0,-0.5,0.0,-0.1,0.0,0.0,16.0,25903.0
2026-07-30T19:01:57.033Z,286.516,286.53000000000003,0.0,7.4,0.0,0.0,0.0,0.0,0.0,0.0,0.0,0.0,1.0,0.0,0.0,0.0,9.0,4.0,0.0,0.0,0.0,0.0,0.0,0.0,0.0,0.0,4.0,12.0,1.0,12.15,5.01,2.5,1.49,0.0,0.0,0.0,0.4,0.0,-0.7000000000000001,-1.0,0.6000000000000001,-169.70000000000002,0.0,0.0,169.70000000000002,0.0,21.8,29.1,29.1,29.700000000000003,300.0,300.0,31.700000000000003,35.7,29.0,28.200000000000003,30.1,4.95,1.99,4.96,0.16,0.0,0.0,1027.0,8228.0,0.0,0.0,0.0,0.0,0.0,1.0,0.0,0.0,0.0,0.0,0.0,-0.7000000000000001,0.0,-0.7000000000000001,0.0,0.0001,16.0,25903.0
2026-07-30T19:01:57.044Z,286.527,286.54200000000003,0.0,7.4,0.0,0.0,0.0,0.0,0.0,0.0,0.0,0.0,1.0,0.0,0.0,0.0,9.0,4.0,0.0,0.0,0.0,0.0,0.0,0.0,0.0,0.0,5.0,12.0,1.0,12.15,5.01,2.5,1.49,0.0,0.0,0.0,0.4,0.0,0.3,0.0,0.5,-169.70000000000002,0.0,0.0,169.60000000000002,0.0,21.8,29.1,29.1,29.700000000000003,300.0,300.0,31.700000000000003,35.7,29.0,28.200000000000003,30.1,4.96,1.99,4.96,0.16,0.0,0.0,1027.0,8228.0,0.0,0.0,0.0,0.0,0.0,1.0,0.0,0.0,0.0,0.0,0.0,0.4,0.0,-0.5,0.0,0.0001,16.0,25903.0
2026-07-30T19:01:57.056Z,286.539,286.55400000000003,0.0,7.4,0.0,0.0,0.0,0.0,0.0,0.0,0.0,0.0,1.0,0.0,0.0,0.0,9.0,4.0,0.0,0.0,0.0,0.0,0.0,0.0,0.0,0.0,6.0,12.0,1.0,12.15,5.01,2.5,1.49,0.0,0.0,0.0,0.4,0.0,-0.7000000000000001,1.2000000000000002,2.3000000000000003,-169.70000000000002,0.0,0.0,169.70000000000002,0.0,21.8,29.1,29.1,29.700000000000003,300.0,300.0,31.700000000000003,35.7,29.0,28.200000000000003,30.1,4.96,1.99,4.97,0.16,0.0,0.0,1027.0,8228.0,0.0,0.0,0.0,0.0,0.0,1.0,0.0,0.0,0.0,0.0,0.0,3.1,0.0,-1.7000000000000002,0.0,0.0,16.0,25903.0
2026-07-30T19:01:57.068Z,286.551,286.56600000000003,0.0,7.4,0.0,0.0,0.0,0.0,0.0,0.0,0.0,0.0,1.0,0.0,0.0,0.0,9.0,4.0,0.0,0.0,0.0,0.0,0.0,0.0,0.0,0.0,2.0,12.0,1.0,12.15,5.01,2.5,1.49,0.0,0.0,0.0,0.4,0.0,0.9,0.6000000000000001,1.1,-169.70000000000002,0.0,0.0,169.70000000000002,0.0,21.8,29.1,29.1,29.700000000000003,300.0,300.0,31.700000000000003,35.7,29.0,28.200000000000003,30.1,4.96,1.99,4.97,0.16,0.0,0.0,1027.0,8228.0,0.0,0.0,0.0,0.0,0.0,1.0,0.0,0.0,0.0,0.0,0.0,1.6,0.0,-0.8,0.0,0.0,16.0,25903.0
2026-07-30T19:01:57.080Z,286.563,286.57800000000003,0.0,7.4,0.0,0.0,0.0,0.0,0.0,0.0,0.0,0.0,1.0,0.0,0.0,0.0,9.0,4.0,0.0,0.0,0.0,0.0,0.0,0.0,0.0,0.0,2.0,12.0,1.0,12.15,5.01,2.5,1.49,0.0,0.0,0.0,0.4,0.0,0.3,1.2000000000000002,0.5,-169.70000000000002,0.0,0.0,169.70000000000002,0.0,21.8,29.1,29.1,29.700000000000003,300.0,300.0,31.700000000000003,35.7,29.0,28.200000000000003,30.1,4.95,1.99,4.96,0.16,0.0,0.0,1027.0,8228.0,0.0,0.0,0.0,0.0,0.0,1.0,0.0,0.0,0.0,0.0,0.0,1.8,0.0,-0.2,0.0,0.0001,16.0,25903.0
2026-07-30T19:01:57.092Z,286.575,286.59000000000003,0.0,7.4,0.0,0.0,0.0,0.0,0.0,0.0,0.0,0.0,1.0,0.0,0.0,0.0,9.0,4.0,0.0,0.0,0.0,0.0,0.0,0.0,0.0,0.0,3.0,12.0,1.0,12.15,5.01,2.5,1.49,0.0,0.0,0.0,0.4,0.0,1.5,-1.0,-0.6000000000000001,-169.70000000000002,0.0,0.0,169.70000000000002,0.0,21.8,29.1,29.1,29.700000000000003,300.0,300.0,31.700000000000003,35.7,29.0,28.200000000000003,30.1,4.95,2.0,4.96,0.16,0.0,0.0,1027.0,8228.0,0.0,0.0,0.0,0.0,0.0,1.0,0.0,0.0,0.0,0.0,0.0,-1.7000000000000002,0.0,0.3,0.0,0.0001,16.0,25903.0
2026-07-30T19:01:57.105Z,286.588,286.60200000000003,0.0,7.4,0.0,0.0,0.0,0.0,0.0,0.0,0.0,0.0,1.0,0.0,0.0,0.0,9.0,4.0,0.0,0.0,0.0,0.0,0.0,0.0,0.0,0.0,5.0,12.0,1.0,12.15,5.01,2.5,1.49,0.0,0.0,0.0,0.4,0.0,-0.7000000000000001,0.1,0.5,-169.60000000000002,0.0,0.0,169.70000000000002,0.0,21.8,29.1,29.1,29.700000000000003,300.0,300.0,31.700000000000003,35.7,29.0,28.200000000000003,30.1,4.95,1.99,4.97,0.16,0.0,0.0,1027.0,8228.0,0.0,0.0,0.0,0.0,0.0,1.0,0.0,0.0,0.0,0.0,0.0,0.5,0.0,-0.4,0.0,0.0,16.0,25903.0
2026-07-30T19:01:57.116Z,286.599,286.61400000000003,0.0,7.4,0.0,0.0,0.0,0.0,0.0,0.0,0.0,0.0,1.0,0.0,0.0,0.0,9.0,4.0,0.0,0.0,0.0,0.0,0.0,0.0,0.0,0.0,6.0,12.0,1.0,12.15,5.0200000000000005,2.51,1.49,0.0,0.0,0.0,0.4,0.0,-0.2,1.2000000000000002,0.4,-169.60000000000002,0.0,0.0,169.70000000000002,0.0,21.3,29.1,29.1,29.700000000000003,300.0,300.0,31.6,35.7,29.0,28.200000000000003,30.1,4.95,2.0,4.97,0.16,0.0,0.0,1027.0,8228.0,0.0,0.0,0.0,0.0,0.0,1.0,0.0,0.0,0.0,0.0,0.0,1.8,0.0,-0.1,0.0,0.0,16.0,25903.0
2026-07-30T19:01:57.128Z,286.611,286.62600000000003,0.0,7.4,0.0,0.0,0.0,0.0,0.0,0.0,0.0,0.0,1.0,0.0,0.0,0.0,9.0,4.0,0.0,0.0,0.0,0.0,0.0,0.0,0.0,0.0,1.0,12.0,1.0,12.15,5.0200000000000005,2.51,1.49,0.0,0.0,0.0,0.4,0.0,-0.2,0.1,0.0,-169.60000000000002,0.0,0.0,169.8,0.0,21.3,29.1,29.1,29.700000000000003,300.0,300.0,31.6,35.7,29.0,28.200000000000003,30.1,4.96,2.0,4.96,0.16,0.0,0.0,1027.0,8228.0,0.0,0.0,0.0,0.0,0.0,1.0,0.0,0.0,0.0,0.0,0.0,0.0,0.0,0.0,0.0,0.0,16.0,25903.0
2026-07-30T19:01:57.140Z,286.623,286.63800000000003,0.0,7.4,0.0,0.0,0.0,0.0,0.0,0.0,0.0,0.0,1.0,0.0,0.0,0.0,9.0,4.0,0.0,0.0,0.0,0.0,0.0,0.0,0.0,0.0,2.0,12.0,1.0,12.15,5.0200000000000005,2.51,1.49,0.0,0.0,0.0,0.4,0.0,0.3,0.1,0.5,-169.60000000000002,0.0,0.0,169.60000000000002,0.0,21.3,29.1,29.1,29.700000000000003,300.0,300.0,31.6,35.7,29.0,28.200000000000003,30.1,4.95,1.99,4.97,0.16,0.0,0.0,1027.0,8228.0,0.0,0.0,0.0,0.0,0.0,1.0,0.0,0.0,0.0,0.0,0.0,0.5,0.0,-0.4,0.0,0.0001,16.0,25903.0
2026-07-30T19:01:57.152Z,286.635,286.65000000000003,0.0,7.4,0.0,0.0,0.0,0.0,0.0,0.0,0.0,0.0,1.0,0.0,0.0,0.0,9.0,4.0,0.0,0.0,0.0,0.0,0.0,0.0,0.0,0.0,3.0,12.0,1.0,12.15,5.0200000000000005,2.51,1.49,0.0,0.0,0.0,0.4,0.0,0.3,0.6000000000000001,0.5,-169.60000000000002,0.0,0.0,169.70000000000002,0.0,21.3,29.1,29.1,29.700000000000003,300.0,300.0,31.6,35.7,29.0,28.200000000000003,30.1,4.95,1.99,4.97,0.16,0.0,0.0,1027.0,8228.0,0.0,0.0,0.0,0.0,0.0,1.0,0.0,0.0,0.0,0.0,0.0,1.1,0.0,-0.3,0.0,0.0001,16.0,25903.0
2026-07-30T19:01:57.164Z,286.647,286.662,0.0,7.4,0.0,0.0,0.0,0.0,0.0,0.0,0.0,0.0,1.0,0.0,0.0,0.0,9.0,4.0,0.0,0.0,0.0,0.0,0.0,0.0,0.0,0.0,4.0,12.0,1.0,12.15,5.0200000000000005,2.51,1.49,0.0,0.0,0.0,0.4,0.0,-0.2,0.0,0.0,-169.60000000000002,0.0,0.0,169.70000000000002,0.0,21.3,29.1,29.1,29.700000000000003,300.0,300.0,31.6,35.7,29.0,28.200000000000003,30.1,4.96,1.99,4.97,0.16,0.0,0.0,1027.0,8228.0,0.0,0.0,0.0,0.0,0.0,1.0,0.0,0.0,0.0,0.0,0.0,0.0,0.0,0.0,0.0,0.0001,16.0,25903.0
2026-07-30T19:01:57.176Z,286.659,286.674,0.0,7.4,0.0,0.0,0.0,0.0,0.0,0.0,0.0,0.0,1.0,0.0,0.0,0.0,9.0,4.0,0.0,0.0,0.0,0.0,0.0,0.0,0.0,0.0,5.0,12.0,1.0,12.15,5.0200000000000005,2.51,1.49,0.0,0.0,0.0,0.4,0.0,-0.2,-0.4,0.0,-169.60000000000002,0.0,0.0,169.70000000000002,0.0,21.3,29.1,29.1,29.700000000000003,300.0,300.0,31.6,35.7,29.0,28.200000000000003,30.1,4.95,1.99,4.96,0.16,0.0,0.0,1027.0,8228.0,0.0,0.0,0.0,0.0,0.0,1.0,0.0,0.0,0.0,0.0,0.0,-0.5,0.0,0.0,0.0,0.0002,16.0,25903.0
2026-07-30T19:01:57.188Z,286.671,286.686,0.0,7.4,0.0,0.0,0.0,0.0,0.0,0.0,0.0,0.0,1.0,0.0,0.0,0.0,9.0,4.0,0.0,0.0,0.0,0.0,0.0,0.0,0.0,0.0,6.0,12.0,1.0,12.15,5.0200000000000005,2.51,1.49,0.0,0.0,0.0,0.4,0.0,-0.2,-1.0,0.0,-169.60000000000002,0.0,0.0,169.60000000000002,0.0,21.3,29.1,29.1,29.700000000000003,300.0,300.0,31.6,35.7,29.0,28.200000000000003,30.1,4.96,1.99,4.97,0.16,0.0,0.0,1027.0,8228.0,0.0,0.0,0.0,0.0,0.0,1.0,0.0,0.0,0.0,0.0,0.0,-1.2000000000000002,0.0,-0.1,0.0,0.0001,16.0,25903.0
2026-07-30T19:01:57.200Z,286.683,286.698,0.0,7.4,0.0,0.0,0.0,0.0,0.0,0.0,0.0,0.0,1.0,0.0,0.0,0.0,9.0,4.0,0.0,0.0,0.0,0.0,0.0,0.0,0.0,0.0,6.0,12.0,1.0,12.15,5.0200000000000005,2.51,1.49,0.0,0.0,0.0,0.4,0.0,-0.2,0.0,1.0,-169.60000000000002,0.0,0.0,169.70000000000002,0.0,21.3,29.1,29.1,29.700000000000003,300.0,300.0,31.6,35.7,29.0,28.200000000000003,30.1,4.96,2.0,4.97,0.16,0.0,0.0,1027.0,8228.0,0.0,0.0,0.0,0.0,0.0,1.0,0.0,0.0,0.0,0.0,0.0,0.9,0.0,-0.9,0.0,0.0002,16.0,25903.0
2026-07-30T19:01:57.214Z,286.697,286.71,0.0,7.4,0.0,0.0,0.0,0.0,0.0,0.0,0.0,0.0,1.0,0.0,0.0,0.0,9.0,4.0,0.0,0.0,0.0,0.0,0.0,0.0,0.0,0.0,2.0,12.0,1.0,12.19,5.01,2.5,1.49,0.0,0.1,0.0,0.4,0.0,-0.2,0.1,1.6,-169.60000000000002,0.0,0.0,169.60000000000002,0.0,21.700000000000003,29.1,29.1,29.700000000000003,300.0,300.0,31.6,35.7,29.1,28.200000000000003,30.1,4.96,1.99,4.97,0.16,0.0,0.0,1027.0,8228.0,0.0,0.0,0.0,0.0,0.0,1.0,0.0,0.0,0.0,0.0,0.0,1.4,0.0,-1.4,0.0,0.0,16.0,25903.0
2026-07-30T19:01:57.224Z,286.707,286.722,0.0,7.4,0.0,0.0,0.0,0.0,0.0,0.0,0.0,0.0,1.0,0.0,0.0,0.0,9.0,4.0,0.0,0.0,0.0,0.0,0.0,0.0,0.0,0.0,3.0,12.0,1.0,12.19,5.01,2.5,1.49,0.0,0.0,0.0,0.4,0.0,0.2,0.1,2.1,-169.60000000000002,0.0,0.0,169.60000000000002,0.0,21.700000000000003,29.1,29.1,29.700000000000003,300.0,300.0,31.6,35.7,29.1,28.200000000000003,30.1,4.95,1.99,4.97,0.16,0.0,0.0,1027.0,8228.0,0.0,0.0,0.0,0.0,0.0,1.0,0.0,0.0,0.0,0.0,0.0,1.7000000000000002,0.0,-1.8,0.0,0.0,16.0,25903.0
2026-07-30T19:01:57.236Z,286.719,286.734,0.0,7.4,0.0,0.0,0.0,0.0,0.0,0.0,0.0,0.0,1.0,0.0,0.0,0.0,9.0,4.0,0.0,0.0,0.0,0.0,0.0,0.0,0.0,0.0,4.0,12.0,1.0,12.19,5.01,2.5,1.49,0.0,0.0,0.0,0.4,0.0,0.8,-0.4,0.9,-169.60000000000002,0.0,0.0,169.60000000000002,0.0,21.700000000000003,29.1,29.1,29.700000000000003,300.0,300.0,31.6,35.7,29.1,28.200000000000003,30.1,4.96,1.99,4.96,0.16,0.0,0.0,1027.0,8228.0,0.0,0.0,0.0,0.0,0.0,1.0,0.0,0.0,0.0,0.0,0.0,0.2,0.0,-0.9,0.0,0.0,16.0,25903.0
2026-07-30T19:01:57.248Z,286.731,286.746,0.0,7.4,0.0,0.0,0.0,0.0,0.0,0.0,0.0,0.0,1.0,0.0,0.0,0.0,9.0,4.0,0.0,0.0,0.0,0.0,0.0,0.0,0.0,0.0,5.0,12.0,1.0,12.19,5.01,2.5,1.49,0.0,0.0,0.0,0.4,0.0,0.8,0.0,-0.7000000000000001,-169.60000000000002,0.0,0.0,169.60000000000002,0.0,21.700000000000003,29.1,29.1,29.700000000000003,300.0,300.0,31.6,35.7,29.1,28.200000000000003,30.1,4.96,2.0,4.96,0.16,0.0,0.0,1027.0,8228.0,0.0,0.0,0.0,0.0,0.0,1.0,0.0,0.0,0.0,0.0,0.0,-0.4,0.0,0.6000000000000001,0.0,0.0,16.0,25903.0
2026-07-30T19:01:57.260Z,286.743,286.758,0.0,7.4,0.0,0.0,0.0,0.0,0.0,0.0,0.0,0.0,1.0,0.0,0.0,0.0,9.0,4.0,0.0,0.0,0.0,0.0,0.0,0.0,0.0,0.0,6.0,12.0,1.0,12.19,5.01,2.5,1.49,0.0,0.0,0.0,0.4,0.0,-0.3,1.2000000000000002,1.0,-169.60000000000002,0.0,0.0,169.8,0.0,21.700000000000003,29.1,29.1,29.700000000000003,300.0,300.0,31.6,35.7,29.1,28.200000000000003,30.1,4.96,1.99,4.96,0.16,0.0,0.0,1027.0,8228.0,0.0,0.0,0.0,0.0,0.0,1.0,0.0,0.0,0.0,0.0,0.0,2.1,0.0,-0.6000000000000001,0.0,0.0,16.0,25903.0
2026-07-30T19:01:57.272Z,286.755,286.77,0.0,7.4,0.0,0.0,0.0,0.0,0.0,0.0,0.0,0.0,1.0,0.0,0.0,0.0,9.0,4.0,0.0,0.0,0.0,0.0,0.0,0.0,0.0,0.0,1.0,12.0,1.0,12.19,5.01,2.5,1.49,0.0,0.0,0.0,0.4,0.0,0.2,-0.5,1.0,-169.60000000000002,0.0,0.0,169.70000000000002,0.0,21.700000000000003,29.1,29.1,29.700000000000003,300.0,300.0,31.6,35.7,29.1,28.200000000000003,30.1,4.95,1.99,4.97,0.16,0.0,0.0,1027.0,8228.0,0.0,0.0,0.0,0.0,0.0,1.0,0.0,0.0,0.0,0.0,0.0,0.2,0.0,-1.0,0.0,0.0002,16.0,25903.0
2026-07-30T19:01:57.284Z,286.767,286.782,0.0,7.4,0.0,0.0,0.0,0.0,0.0,0.0,0.0,0.0,1.0,0.0,0.0,0.0,9.0,4.0,0.0,0.0,0.0,0.0,0.0,0.0,0.0,0.0,2.0,12.0,1.0,12.19,5.01,2.5,1.49,0.0,0.0,0.0,0.4,0.0,0.8,-0.5,1.7000000000000002,-169.60000000000002,0.0,0.0,169.60000000000002,0.0,21.700000000000003,29.1,29.1,29.700000000000003,300.0,300.0,31.6,35.7,29.1,28.200000000000003,30.1,4.96,1.99,4.96,0.16,0.0,0.0,1027.0,8228.0,0.0,0.0,0.0,0.0,0.0,1.0,0.0,0.0,0.0,0.0,0.0,0.6000000000000001,0.0,-1.6,0.0,0.0001,16.0,25903.0
2026-07-30T19:01:57.296Z,286.779,286.794,0.0,7.4,0.0,0.0,0.0,0.0,0.0,0.0,0.0,0.0,1.0,0.0,0.0,0.0,9.0,4.0,0.0,0.0,0.0,0.0,0.0,0.0,0.0,0.0,3.0,12.0,1.0,12.19,5.01,2.5,1.49,0.0,0.0,0.0,0.4,0.0,0.8,0.6000000000000001,0.0,-169.60000000000002,0.0,0.0,169.70000000000002,0.0,21.700000000000003,29.1,29.1,29.700000000000003,300.0,300.0,31.6,35.7,29.1,28.200000000000003,30.1,4.96,2.0,4.97,0.16,0.0,0.0,1027.0,8228.0,0.0,0.0,0.0,0.0,0.0,1.0,0.0,0.0,0.0,0.0,0.0,0.6000000000000001,0.0,0.2,0.0,0.0002,16.0,25903.0
2026-07-30T19:01:57.308Z,286.791,286.806,0.0,7.4,0.0,0.0,0.0,0.0,0.0,0.0,0.0,0.0,1.0,0.0,0.0,0.0,9.0,4.0,0.0,0.0,0.0,0.0,0.0,0.0,0.0,0.0,4.0,12.0,1.0,12.19,5.01,2.5,1.49,0.0,0.0,0.0,0.4,0.0,-0.2,-0.5,-0.6000000000000001,-169.60000000000002,0.0,0.0,169.60000000000002,0.0,21.700000000000003,29.1,29.1,29.700000000000003,300.0,300.0,31.6,35.7,29.1,28.200000000000003,30.1,4.95,1.99,4.97,0.16,0.0,0.0,1027.0,8228.0,0.0,0.0,0.0,0.0,0.0,1.0,0.0,0.0,0.0,0.0,0.0,-1.1,0.0,0.4,0.0,0.0002,16.0,25903.0
2026-07-30T19:01:57.320Z,286.803,286.818,0.0,7.4,0.0,0.0,0.0,0.0,0.0,0.0,0.0,0.0,1.0,0.0,0.0,0.0,9.0,4.0,0.0,0.0,0.0,0.0,0.0,0.0,0.0,0.0,5.0,12.0,1.0,12.17,5.0200000000000005,2.51,1.49,0.0,0.0,0.0,0.4,0.0,-0.3,0.6000000000000001,0.4,-169.60000000000002,0.0,0.0,169.8,0.0,21.3,29.1,29.1,29.700000000000003,300.0,300.0,31.8,35.6,29.0,28.200000000000003,30.1,4.96,1.99,4.97,0.16,0.0,0.0,1027.0,8228.0,0.0,0.0,0.0,0.0,0.0,1.0,0.0,0.0,0.0,0.0,0.0,1.0,0.0,-0.3,0.0,0.0,16.0,25903.0
2026-07-30T19:01:57.332Z,286.815,286.83,0.0,7.4,0.0,0.0,0.0,0.0,0.0,0.0,0.0,0.0,1.0,0.0,0.0,0.0,9.0,4.0,0.0,0.0,0.0,0.0,0.0,0.0,0.0,0.0,6.0,12.0,1.0,12.17,5.0200000000000005,2.51,1.49,0.0,0.1,0.0,0.4,0.0,0.2,0.0,0.5,-169.60000000000002,0.0,0.0,169.60000000000002,0.0,21.3,29.1,29.1,29.700000000000003,300.0,300.0,31.8,35.6,29.0,28.200000000000003,30.1,4.95,2.0,4.97,0.16,0.0,0.0,1027.0,8228.0,0.0,0.0,0.0,0.0,0.0,1.0,0.0,0.0,0.0,0.0,0.0,0.4,0.0,-0.4,0.0,0.0002,16.0,25903.0
2026-07-30T19:01:57.344Z,286.827,286.842,0.0,7.4,0.0,0.0,0.0,0.0,0.0,0.0,0.0,0.0,1.0,0.0,0.0,0.0,9.0,4.0,0.0,0.0,0.0,0.0,0.0,0.0,0.0,0.0,1.0,12.0,1.0,12.17,5.0200000000000005,2.51,1.49,0.0,0.0,0.0,0.4,0.0,0.8,1.1,1.6,-169.60000000000002,0.0,0.0,169.70000000000002,0.0,21.3,29.1,29.1,29.700000000000003,300.0,300.0,31.8,35.6,29.0,28.200000000000003,30.1,4.95,1.99,4.97,0.16,0.0,0.0,1027.0,8228.0,0.0,0.0,0.0,0.0,0.0,1.0,0.0,0.0,0.0,0.0,0.0,2.6,0.0,-1.2000000000000002,0.0,0.0002,16.0,25903.0
2026-07-30T19:01:57.356Z,286.839,286.854,0.0,7.4,0.0,0.0,0.0,0.0,0.0,0.0,0.0,0.0,1.0,0.0,0.0,0.0,9.0,4.0,0.0,0.0,0.0,0.0,0.0,0.0,0.0,0.0,2.0,12.0,1.0,12.17,5.0200000000000005,2.51,1.49,0.0,0.0,0.0,0.4,0.0,0.2,0.0,-1.2000000000000002,-169.60000000000002,0.0,0.0,169.70000000000002,0.0,21.3,29.1,29.1,29.700000000000003,300.0,300.0,31.8,35.6,29.0,28.200000000000003,30.1,4.95,1.99,4.97,0.16,0.0,0.0,1027.0,8228.0,0.0,0.0,0.0,0.0,0.0,1.0,0.0,0.0,0.0,0.0,0.0,-0.8,0.0,1.1,0.0,0.0001,16.0,25903.0
2026-07-30T19:01:57.369Z,286.852,286.866,0.0,7.4,0.0,0.0,0.0,0.0,0.0,0.0,0.0,0.0,1.0,0.0,0.0,0.0,9.0,4.0,0.0,0.0,0.0,0.0,0.0,0.0,0.0,0.0,3.0,12.0,1.0,12.17,5.0200000000000005,2.51,1.49,0.0,0.0,0.0,0.4,0.0,-0.9,-1.0,-0.6000000000000001,-169.60000000000002,0.0,0.0,169.60000000000002,0.0,21.3,29.1,29.1,29.700000000000003,300.0,300.0,31.8,35.6,29.0,28.200000000000003,30.1,4.96,1.99,4.96,0.16,0.0,0.0,1027.0,8228.0,0.0,0.0,0.0,0.0,0.0,1.0,0.0,0.0,0.0,0.0,0.0,-1.7000000000000002,0.0,0.3,0.0,0.0001,16.0,25903.0
2026-07-30T19:01:57.380Z,286.863,286.878,0.0,7.4,0.0,0.0,0.0,0.0,0.0,0.0,0.0,0.0,1.0,0.0,0.0,0.0,9.0,4.0,0.0,0.0,0.0,0.0,0.0,0.0,0.0,0.0,4.0,12.0,1.0,12.17,5.0200000000000005,2.51,1.49,0.0,0.0,0.0,0.4,0.0,0.2,0.1,0.5,-169.60000000000002,0.0,0.0,169.70000000000002,0.0,21.3,29.1,29.1,29.700000000000003,300.0,300.0,31.8,35.6,29.0,28.200000000000003,30.1,4.95,1.99,4.97,0.16,0.0,0.0,1027.0,8228.0,0.0,0.0,0.0,0.0,0.0,1.0,0.0,0.0,0.0,0.0,0.0,0.5,0.0,-0.4,0.0,0.0001,16.0,25903.0
2026-07-30T19:01:57.392Z,286.875,286.89,0.0,7.4,0.0,0.0,0.0,0.0,0.0,0.0,0.0,0.0,1.0,0.0,0.0,0.0,9.0,4.0,0.0,0.0,0.0,0.0,0.0,0.0,0.0,0.0,6.0,12.0,1.0,12.17,5.0200000000000005,2.51,1.49,0.0,0.0,0.0,0.4,0.0,0.2,0.1,-0.6000000000000001,-169.60000000000002,0.0,0.0,169.70000000000002,0.0,21.3,29.1,29.1,29.700000000000003,300.0,300.0,31.8,35.6,29.0,28.200000000000003,30.1,4.95,1.99,4.96,0.16,0.0,0.0,1027.0,8228.0,0.0,0.0,0.0,0.0,0.0,1.0,0.0,0.0,0.0,0.0,0.0,-0.3,0.0,0.5,0.0,0.0001,16.0,25903.0
2026-07-30T19:01:57.405Z,286.888,286.902,0.0,7.4,0.0,0.0,0.0,0.0,0.0,0.0,0.0,0.0,1.0,0.0,0.0,0.0,9.0,4.0,0.0,0.0,0.0,0.0,0.0,0.0,0.0,0.0,1.0,12.0,1.0,12.17,5.0200000000000005,2.51,1.49,0.0,0.0,0.0,0.4,0.0,0.8,0.1,0.0,-169.60000000000002,0.0,0.0,169.70000000000002,0.0,21.3,29.1,29.1,29.700000000000003,300.0,300.0,31.8,35.6,29.0,28.200000000000003,30.1,4.96,1.99,4.96,0.16,0.0,0.0,1027.0,8228.0,0.0,0.0,0.0,0.0,0.0,1.0,0.0,0.0,0.0,0.0,0.0,0.0,0.0,0.0,0.0,0.0,16.0,25903.0
2026-07-30T19:01:57.417Z,286.9,286.914,0.0,7.4,0.0,0.0,0.0,0.0,0.0,0.0,0.0,0.0,1.0,0.0,0.0,0.0,9.0,4.0,0.0,0.0,0.0,0.0,0.0,0.0,0.0,0.0,2.0,12.0,1.0,12.17,5.0,2.51,1.49,0.0,0.1,0.0,0.4,0.0,-0.8,0.7000000000000001,0.4,-169.60000000000002,0.0,0.0,169.70000000000002,0.0,21.4,29.1,29.1,29.700000000000003,300.0,300.0,31.700000000000003,35.6,29.1,28.200000000000003,30.1,4.96,1.99,4.96,0.16,0.0,0.0,1027.0,8228.0,0.0,0.0,0.0,0.0,0.0,1.0,0.0,0.0,0.0,0.0,0.0,1.2000000000000002,0.0,-0.2,0.0,0.0,16.0,25903.0
2026-07-30T19:01:57.428Z,286.911,286.926,0.0,7.4,0.0,0.0,0.0,0.0,0.0,0.0,0.0,0.0,1.0,0.0,0.0,0.0,9.0,4.0,0.0,0.0,0.0,0.0,0.0,0.0,0.0,0.0,3.0,12.0,1.0,12.17,5.0,2.51,1.49,0.0,0.0,0.0,0.4,0.0,0.9,-0.3,1.1,-169.60000000000002,0.0,0.0,169.70000000000002,0.0,21.4,29.1,29.1,29.700000000000003,300.0,300.0,31.700000000000003,35.6,29.1,28.200000000000003,30.1,4.95,1.99,4.96,0.16,0.0,0.0,1027.0,8228.0,0.0,0.0,0.0,0.0,0.0,1.0,0.0,0.0,0.0,0.0,0.0,0.4,0.0,-1.0,0.0,0.0,16.0,25903.0
2026-07-30T19:01:57.440Z,286.923,286.938,0.0,7.4,0.0,0.0,0.0,0.0,0.0,0.0,0.0,0.0,1.0,0.0,0.0,0.0,9.0,4.0,0.0,0.0,0.0,0.0,0.0,0.0,0.0,0.0,4.0,12.0,1.0,12.17,5.0,2.51,1.49,0.0,0.1,0.0,0.4,0.0,0.3,0.1,-1.2000000000000002,-169.60000000000002,0.0,0.0,169.70000000000002,0.0,21.4,29.1,29.1,29.700000000000003,300.0,300.0,31.700000000000003,35.6,29.1,28.200000000000003,30.1,4.95,1.99,4.96,0.16,0.0,0.0,1027.0,8228.0,0.0,0.0,0.0,0.0,0.0,1.0,0.0,0.0,0.0,0.0,0.0,-0.7000000000000001,0.0,1.1,0.0,0.0,16.0,25903.0
2026-07-30T19:01:57.452Z,286.935,286.95,0.0,7.4,0.0,0.0,0.0,0.0,0.0,0.0,0.0,0.0,1.0,0.0,0.0,0.0,9.0,4.0,0.0,0.0,0.0,0.0,0.0,0.0,0.0,0.0,5.0,12.0,1.0,12.17,5.0,2.51,1.49,0.0,0.0,0.0,0.4,0.0,-0.2,0.2,1.1,-169.60000000000002,0.0,0.0,169.70000000000002,0.0,21.4,29.1,29.1,29.700000000000003,300.0,300.0,31.700000000000003,35.6,29.1,28.200000000000003,30.1,4.96,1.99,4.96,0.16,0.0,0.0,1027.0,8228.0,0.0,0.0,0.0,0.0,0.0,1.0,0.0,0.0,0.0,0.0,0.0,1.1,0.0,-0.9,0.0,0.0001,16.0,25903.0
2026-07-30T19:01:57.465Z,286.948,286.962,0.0,7.4,0.0,0.0,0.0,0.0,0.0,0.0,0.0,0.0,1.0,0.0,0.0,0.0,9.0,4.0,0.0,0.0,0.0,0.0,0.0,0.0,0.0,0.0,1.0,12.0,1.0,12.17,5.0,2.51,1.49,0.0,0.0,0.0,0.4,0.0,-0.2,-0.3,0.5,-169.60000000000002,0.0,0.0,169.70000000000002,0.0,21.4,29.1,29.1,29.700000000000003,300.0,300.0,31.700000000000003,35.6,29.1,28.200000000000003,30.1,4.95,1.99,4.96,0.16,0.0,0.0,1027.0,8228.0,0.0,0.0,0.0,0.0,0.0,1.0,0.0,0.0,0.0,0.0,0.0,0.0,0.0,-0.5,0.0,0.0,16.0,25903.0
2026-07-30T19:01:57.476Z,286.959,286.974,0.0,7.4,0.0,0.0,0.0,0.0,0.0,0.0,0.0,0.0,1.0,0.0,0.0,0.0,9.0,4.0,0.0,0.0,0.0,0.0,0.0,0.0,0.0,0.0,3.0,12.0,1.0,12.17,5.0,2.51,1.49,0.0,0.1,0.0,0.4,0.0,-0.1,-0.3,0.0,-169.60000000000002,0.0,0.0,169.70000000000002,0.0,21.4,29.1,29.1,29.700000000000003,300.0,300.0,31.700000000000003,35.6,29.1,28.200000000000003,30.1,4.96,1.99,4.97,0.16,0.0,0.0,1027.0,8228.0,0.0,0.0,0.0,0.0,0.0,1.0,0.0,0.0,0.0,0.0,0.0,-0.4,0.0,-0.1,0.0,0.0,16.0,25903.0
2026-07-30T19:01:57.488Z,286.971,286.986,0.0,7.4,0.0,0.0,0.0,0.0,0.0,0.0,0.0,0.0,1.0,0.0,0.0,0.0,9.0,4.0,0.0,0.0,0.0,0.0,0.0,0.0,0.0,0.0,5.0,12.0,1.0,12.17,5.0,2.51,1.49,0.0,0.0,0.0,0.4,0.0,-0.1,0.1,-0.5,-169.60000000000002,0.0,0.0,169.70000000000002,0.0,21.4,29.1,29.1,29.700000000000003,300.0,300.0,31.700000000000003,35.6,29.1,28.200000000000003,30.1,4.96,1.99,4.97,0.16,0.0,0.0,1027.0,8228.0,0.0,0.0,0.0,0.0,0.0,1.0,0.0,0.0,0.0,0.0,0.0,-0.2,0.0,0.5,0.0,0.0,16.0,25903.0
2026-07-30T19:01:57.500Z,286.983,286.998,0.0,7.4,0.0,0.0,0.0,0.0,0.0,0.0,0.0,0.0,1.0,0.0,0.0,0.0,9.0,4.0,0.0,0.0,0.0,0.0,0.0,0.0,0.0,0.0,6.0,12.0,1.0,12.17,5.0,2.51,1.49,0.0,0.0,0.0,0.4,0.0,-0.1,0.7000000000000001,0.0,-169.60000000000002,0.0,0.0,169.70000000000002,0.0,21.4,29.1,29.1,29.700000000000003,300.0,300.0,31.700000000000003,35.6,29.1,28.200000000000003,30.1,4.96,1.99,4.97,0.16,0.0,0.0,1027.0,8228.0,0.0,0.0,0.0,0.0,0.0,1.0,0.0,0.0,0.0,0.0,0.0,0.8,0.0,0.1,0.0,0.0,16.0,25903.0
2026-07-30T19:01:57.513Z,286.996,287.01,0.0,7.4,0.0,0.0,0.0,0.0,0.0,0.0,0.0,0.0,1.0,0.0,0.0,0.0,9.0,4.0,0.0,0.0,0.0,0.0,0.0,0.0,0.0,0.0,1.0,12.0,1.0,12.17,5.0,2.51,1.49,0.0,0.0,0.0,0.4,0.0,0.4,0.1,1.1,-169.60000000000002,0.0,0.0,169.70000000000002,0.0,21.4,29.1,29.1,29.700000000000003,300.0,300.0,31.700000000000003,35.6,29.1,28.200000000000003,30.1,4.95,1.99,4.96,0.16,0.0,0.0,1027.0,8228.0,0.0,0.0,0.0,0.0,0.0,1.0,0.0,0.0,0.0,0.0,0.0,-1.1,0.0,-0.1,0.0,0.0001,16.0,25903.0
2026-07-30T19:01:57.525Z,287.008,287.022,0.0,7.4,0.0,0.0,0.0,0.0,0.0,0.0,0.0,0.0,1.0,0.0,0.0,0.0,9.0,4.0,0.0,0.0,0.0,0.0,0.0,0.0,0.0,0.0,2.0,12.0,1.0,12.18,5.01,2.51,1.49,0.0,0.0,0.0,0.4,0.0,-0.7000000000000001,0.2,1.1,-169.60000000000002,0.0,0.0,169.70000000000002,0.0,21.700000000000003,29.1,29.1,29.700000000000003,300.0,300.0,31.700000000000003,35.7,29.0,28.200000000000003,30.1,4.95,1.99,4.96,0.16,0.0,0.0,1027.0,8228.0,0.0,0.0,0.0,0.0,0.0,1.0,0.0,0.0,0.0,0.0,0.0,-0.4,0.0,0.0,0.0,0.0001,16.0,25903.0
2026-07-30T19:01:57.536Z,287.019,287.034,0.0,7.4,0.0,0.0,0.0,0.0,0.0,0.0,0.0,0.0,1.0,0.0,0.0,0.0,9.0,4.0,0.0,0.0,0.0,0.0,0.0,0.0,0.0,0.0,4.0,12.0,1.0,12.18,5.01,2.51,1.49,0.0,0.0,0.0,0.4,0.0,-0.1,1.9,0.0,-169.60000000000002,0.0,0.0,169.8,0.0,21.700000000000003,29.1,29.1,29.700000000000003,300.0,300.0,31.700000000000003,35.7,29.0,28.200000000000003,30.1,4.95,1.99,4.97,0.16,0.0,0.0,1027.0,8228.0,0.0,0.0,0.0,0.0,0.0,1.0,0.0,0.0,0.0,0.0,0.0,-0.2,0.0,0.5,0.0,0.0,16.0,25903.0
2026-07-30T19:01:57.548Z,287.031,287.046,0.0,7.4,0.0,0.0,0.0,0.0,0.0,0.0,0.0,0.0,1.0,0.0,0.0,0.0,9.0,4.0,0.0,0.0,0.0,0.0,0.0,0.0,0.0,0.0,5.0,12.0,1.0,12.18,5.01,2.51,1.49,0.0,0.0,0.0,0.4,0.0,0.4,-0.3,-1.2000000000000002,-169.60000000000002,0.0,0.0,169.8,0.0,21.700000000000003,29.1,29.1,29.700000000000003,300.0,300.0,31.700000000000003,35.7,29.0,28.200000000000003,30.1,4.95,1.99,4.97,0.16,0.0,0.0,1027.0,8228.0,0.0,0.0,0.0,0.0,0.0,1.0,0.0,0.0,0.0,0.0,0.0,-1.3,0.0,1.0,0.0,0.0002,16.0,25903.0
2026-07-30T19:01:57.560Z,287.043,287.058,0.0,7.4,0.0,0.0,0.0,0.0,0.0,0.0,0.0,0.0,1.0,0.0,0.0,0.0,9.0,4.0,0.0,0.0,0.0,0.0,0.0,0.0,0.0,0.0,6.0,12.0,1.0,12.18,5.01,2.51,1.49,0.0,0.1,0.0,0.4,0.0,0.4,0.2,-1.2000000000000002,-169.60000000000002,0.0,0.0,169.8,0.0,21.700000000000003,29.1,29.1,29.700000000000003,300.0,300.0,31.700000000000003,35.7,29.0,28.200000000000003,30.1,4.96,1.99,4.97,0.16,0.0,0.0,1027.0,8228.0,0.0,0.0,0.0,0.0,0.0,1.0,0.0,0.0,0.0,0.0,0.0,-0.7000000000000001,0.0,1.1,0.0,0.0002,16.0,25903.0
2026-07-30T19:01:57.572Z,287.055,287.07,0.0,7.4,0.0,0.0,0.0,0.0,0.0,0.0,0.0,0.0,1.0,0.0,0.0,0.0,9.0,4.0,0.0,0.0,0.0,0.0,0.0,0.0,0.0,0.0,1.0,12.0,1.0,12.18,5.01,2.51,1.49,0.0,0.0,0.0,0.4,0.0,0.4,-0.3,1.0,-169.60000000000002,0.0,0.0,169.70000000000002,0.0,21.700000000000003,29.1,29.1,29.700000000000003,300.0,300.0,31.700000000000003,35.7,29.0,28.200000000000003,30.1,4.95,2.0,4.96,0.16,0.0,0.0,1027.0,8228.0,0.0,0.0,0.0,0.0,0.0,1.0,0.0,0.0,0.0,0.0,0.0,0.3,0.0,-1.0,0.0,0.0001,16.0,25903.0
2026-07-30T19:01:57.585Z,287.068,287.082,0.0,7.4,0.0,0.0,0.0,0.0,0.0,0.0,0.0,0.0,1.0,0.0,0.0,0.0,9.0,4.0,0.0,0.0,0.0,0.0,0.0,0.0,0.0,0.0,2.0,12.0,1.0,12.18,5.01,2.51,1.49,0.0,0.0,0.0,0.4,0.0,1.0,0.2,0.0,-169.60000000000002,0.0,0.0,169.70000000000002,0.0,21.700000000000003,29.1,29.1,29.700000000000003,300.0,300.0,31.700000000000003,35.7,29.0,28.200000000000003,30.1,4.95,1.99,4.97,0.16,0.0,0.0,1027.0,8228.0,0.0,0.0,0.0,0.0,0.0,1.0,0.0,0.0,0.0,0.0,0.0,0.2,0.0,0.1,0.0,0.0002,16.0,25903.0
2026-07-30T19:01:57.596Z,287.079,287.094,0.0,7.4,0.0,0.0,0.0,0.0,0.0,0.0,0.0,0.0,1.0,0.0,0.0,0.0,9.0,4.0,0.0,0.0,0.0,0.0,0.0,0.0,0.0,0.0,3.0,12.0,1.0,12.18,5.01,2.51,1.49,-0.1,0.1,0.0,0.4,0.0,0.4,1.3,1.0,-169.60000000000002,0.0,0.0,169.70000000000002,0.0,21.700000000000003,29.1,29.1,29.700000000000003,300.0,300.0,31.700000000000003,35.7,29.0,28.200000000000003,30.1,4.96,2.0,4.97,0.16,0.0,0.0,1027.0,8228.0,0.0,0.0,0.0,0.0,0.0,1.0,0.0,0.0,0.0,0.0,0.0,2.3000000000000003,0.0,-0.6000000000000001,0.0,0.0,16.0,25903.0
2026-07-30T19:01:57.609Z,287.092,287.106,0.0,7.4,0.0,0.0,0.0,0.0,0.0,0.0,0.0,0.0,1.0,0.0,0.0,0.0,9.0,4.0,0.0,0.0,0.0,0.0,0.0,0.0,0.0,0.0,4.0,12.0,1.0,12.18,5.01,2.51,1.49,0.0,0.0,0.0,0.4,0.0,-0.1,-0.9,-1.2000000000000002,-169.60000000000002,0.0,0.0,169.70000000000002,0.0,21.700000000000003,29.1,29.1,29.700000000000003,300.0,300.0,31.700000000000003,35.7,29.0,28.200000000000003,30.1,4.96,2.0,4.96,0.16,0.0,0.0,1027.0,8228.0,0.0,0.0,0.0,0.0,0.0,1.0,0.0,0.0,0.0,0.0,0.0,-2.0,0.0,0.8,0.0,0.0,16.0,25903.0
2026-07-30T19:01:57.622Z,287.105,287.118,0.0,7.4,0.0,0.0,0.0,0.0,0.0,0.0,0.0,0.0,1.0,0.0,0.0,0.0,9.0,4.0,0.0,0.0,0.0,0.0,0.0,0.0,0.0,0.0,6.0,12.0,1.0,12.18,5.0,2.5,1.5,0.0,0.0,0.0,0.4,0.0,1.0,-0.4,0.5,-169.60000000000002,0.0,0.0,169.70000000000002,0.0,21.3,29.1,29.1,29.700000000000003,300.0,300.0,31.700000000000003,35.7,29.0,28.200000000000003,30.1,4.95,1.99,4.96,0.16,0.0,0.0,1027.0,8228.0,0.0,0.0,0.0,0.0,0.0,1.0,0.0,0.0,0.0,0.0,0.0,0.0,0.0,-0.5,0.0,0.0,16.0,25903.0
2026-07-30T19:01:57.633Z,287.116,287.13,0.0,7.4,0.0,0.0,0.0,0.0,0.0,0.0,0.0,0.0,1.0,0.0,0.0,0.0,9.0,4.0,0.0,0.0,0.0,0.0,0.0,0.0,0.0,0.0,6.0,12.0,1.0,12.18,5.0,2.5,1.5,0.0,0.0,0.0,0.4,0.0,-0.1,1.3,1.6,-169.60000000000002,0.0,0.0,169.70000000000002,0.0,21.3,29.1,29.1,29.700000000000003,300.0,300.0,31.700000000000003,35.7,29.0,28.200000000000003,30.1,4.95,1.99,4.96,0.16,0.0,0.0,1027.0,8228.0,0.0,0.0,0.0,0.0,0.0,1.0,0.0,0.0,0.0,0.0,0.0,2.7,0.0,-1.1,0.0,0.0,16.0,25903.0
2026-07-30T19:01:57.645Z,287.128,287.142,0.0,7.4,0.0,0.0,0.0,0.0,0.0,0.0,0.0,0.0,1.0,0.0,0.0,0.0,9.0,4.0,0.0,0.0,0.0,0.0,0.0,0.0,0.0,0.0,1.0,12.0,1.0,12.18,5.0,2.5,1.5,0.0,0.0,0.0,0.4,0.0,0.4,1.3,0.0,-169.60000000000002,0.0,0.0,169.70000000000002,0.0,21.3,29.1,29.1,29.700000000000003,300.0,300.0,31.700000000000003,35.7,29.0,28.200000000000003,30.1,4.96,1.99,4.96,0.16,0.0,0.0,1027.0,8228.0,0.0,0.0,0.0,0.0,0.0,1.0,0.0,0.0,0.0,0.0,0.0,1.4,0.0,0.3,0.0,0.0,16.0,25903.0
2026-07-30T19:01:57.657Z,287.14,287.154,0.0,7.4,0.0,0.0,0.0,0.0,0.0,0.0,0.0,0.0,1.0,0.0,0.0,0.0,9.0,4.0,0.0,0.0,0.0,0.0,0.0,0.0,0.0,0.0,2.0,12.0,1.0,12.18,5.0,2.5,1.5,0.0,0.0,0.0,0.4,0.0,-0.1,-0.4,0.4,-169.60000000000002,0.0,0.0,169.8,0.0,21.3,29.1,29.1,29.700000000000003,300.0,300.0,31.700000000000003,35.7,29.0,28.200000000000003,30.1,4.95,1.99,4.96,0.16,0.0,0.0,1027.0,8228.0,0.0,0.0,0.0,0.0,0.0,1.0,0.0,0.0,0.0,0.0,0.0,0.0,0.0,-0.5,0.0,0.0,16.0,25903.0
2026-07-30T19:01:57.669Z,287.152,287.166,0.0,7.4,0.0,0.0,0.0,0.0,0.0,0.0,0.0,0.0,1.0,0.0,0.0,0.0,9.0,4.0,0.0,0.0,0.0,0.0,0.0,0.0,0.0,0.0,4.0,12.0,1.0,12.18,5.0,2.5,1.5,0.0,0.0,0.0,0.4,0.0,-0.1,-1.0,-1.2000000000000002,-169.60000000000002,0.0,0.0,169.70000000000002,0.0,21.3,29.1,29.1,29.700000000000003,300.0,300.0,31.700000000000003,35.7,29.0,28.200000000000003,30.1,4.95,1.99,4.97,0.16,0.0,0.0,1027.0,8228.0,0.0,0.0,0.0,0.0,0.0,1.0,0.0,0.0,0.0,0.0,0.0,-2.0,0.0,0.9,0.0,0.0001,16.0,25903.0
2026-07-30T19:01:57.681Z,287.164,287.178,0.0,7.4,0.0,0.0,0.0,0.0,0.0,0.0,0.0,0.0,1.0,0.0,0.0,0.0,9.0,4.0,0.0,0.0,0.0,0.0,0.0,0.0,0.0,0.0,4.0,12.0,1.0,12.18,5.0,2.5,1.5,0.0,0.0,0.0,0.4,0.0,-0.7000000000000001,-1.0,-1.9,-169.60000000000002,0.0,0.0,169.8,0.0,21.3,29.1,29.1,29.700000000000003,300.0,300.0,31.700000000000003,35.7,29.0,28.200000000000003,30.1,4.95,2.0,4.96,0.16,0.0,0.0,1027.0,8228.0,0.0,0.0,0.0,0.0,0.0,1.0,0.0,0.0,0.0,0.0,0.0,-2.6,0.0,1.4,0.0,0.0,16.0,25903.0
2026-07-30T19:01:57.692Z,287.175,287.19,0.0,7.4,0.0,0.0,0.0,0.0,0.0,0.0,0.0,0.0,1.0,0.0,0.0,0.0,9.0,4.0,0.0,0.0,0.0,0.0,0.0,0.0,0.0,0.0,6.0,12.0,1.0,12.18,5.0,2.5,1.5,0.0,0.0,0.0,0.4,0.0,1.0,0.7000000000000001,-0.1,-169.60000000000002,0.0,0.0,169.70000000000002,0.0,21.3,29.1,29.1,29.700000000000003,300.0,300.0,31.700000000000003,35.7,29.0,28.200000000000003,30.1,4.96,1.99,4.96,0.16,0.0,0.0,1027.0,8228.0,0.0,0.0,0.0,0.0,0.0,1.0,0.0,0.0,0.0,0.0,0.0,0.7000000000000001,0.0,0.2,0.0,0.0002,16.0,25903.0
2026-07-30T19:01:57.704Z,287.187,287.202,0.0,7.4,0.0,0.0,0.0,0.0,0.0,0.0,0.0,0.0,1.0,0.0,0.0,0.0,9.0,4.0,0.0,0.0,0.0,0.0,0.0,0.0,0.0,0.0,1.0,12.0,1.0,12.18,5.0,2.5,1.5,0.0,0.0,0.0,0.4,0.0,-0.1,-1.0,-1.2000000000000002,-169.60000000000002,0.0,0.0,169.70000000000002,0.0,21.3,29.1,29.1,29.700000000000003,300.0,300.0,31.700000000000003,35.7,29.0,28.200000000000003,30.1,4.95,1.99,4.97,0.16,0.0,0.0,1027.0,8228.0,0.0,0.0,0.0,0.0,0.0,1.0,0.0,0.0,0.0,0.0,0.0,-2.1,0.0,0.9,0.0,0.0001,16.0,25903.0
2026-07-30T19:01:57.717Z,287.2,287.214,0.0,7.4,0.0,0.0,0.0,0.0,0.0,0.0,0.0,0.0,1.0,0.0,0.0,0.0,9.0,4.0,0.0,0.0,0.0,0.0,0.0,0.0,0.0,0.0,1.0,12.0,1.0,12.18,5.0,2.5,1.5,0.0,0.0,0.0,0.4,0.0,0.4,-1.0,0.4,-169.60000000000002,0.0,0.0,169.70000000000002,0.0,21.3,29.1,29.1,29.700000000000003,300.0,300.0,31.700000000000003,35.7,29.0,28.200000000000003,30.1,4.96,1.99,4.96,0.16,0.0,0.0,1027.0,8228.0,0.0,0.0,0.0,0.0,0.0,1.0,0.0,0.0,0.0,0.0,0.0,-0.8,0.0,-0.6000000000000001,0.0,0.0,16.0,25903.0
2026-07-30T19:01:57.728Z,287.211,287.226,0.0,7.4,0.0,0.0,0.0,0.0,0.0,0.0,0.0,0.0,1.0,0.0,0.0,0.0,9.0,4.0,0.0,0.0,0.0,0.0,0.0,0.0,0.0,0.0,3.0,12.0,1.0,12.17,5.01,2.51,1.49,0.0,0.0,0.0,0.4,0.0,-0.1,1.3,-1.2000000000000002,-169.60000000000002,0.0,0.0,169.60000000000002,0.0,21.0,29.1,29.1,29.700000000000003,300.0,300.0,31.6,35.7,29.0,28.200000000000003,30.1,4.96,2.0,4.96,0.16,0.0,0.0,1027.0,8228.0,0.0,0.0,0.0,0.0,0.0,1.0,0.0,0.0,0.0,0.0,0.0,0.5,0.0,1.3,0.0,0.0,16.0,25903.0
2026-07-30T19:01:57.740Z,287.223,287.238,0.0,7.4,0.0,0.0,0.0,0.0,0.0,0.0,0.0,0.0,1.0,0.0,0.0,0.0,9.0,4.0,0.0,0.0,0.0,0.0,0.0,0.0,0.0,0.0,4.0,12.0,1.0,12.17,5.01,2.51,1.49,0.0,0.0,0.0,0.4,0.0,0.4,-0.3,0.0,-169.60000000000002,0.0,0.0,169.70000000000002,0.0,21.0,29.1,29.1,29.700000000000003,300.0,300.0,31.6,35.7,29.0,28.200000000000003,30.1,4.96,1.99,4.96,0.16,0.0,0.0,1027.0,8228.0,0.0,0.0,0.0,0.0,0.0,1.0,0.0,0.0,0.0,0.0,0.0,-0.4,0.0,0.0,0.0,0.0001,16.0,25903.0
2026-07-30T19:01:57.752Z,287.235,287.25,0.0,7.4,0.0,0.0,0.0,0.0,0.0,0.0,0.0,0.0,1.0,0.0,0.0,0.0,9.0,4.0,0.0,0.0,0.0,0.0,0.0,0.0,0.0,0.0,6.0,12.0,1.0,12.17,5.01,2.51,1.49,0.0,0.0,0.0,0.4,0.0,-0.1,1.3,0.0,-169.60000000000002,0.0,0.0,169.8,0.0,21.0,29.1,29.1,29.700000000000003,300.0,300.0,31.6,35.7,29.0,28.200000000000003,30.1,4.96,1.99,4.97,0.16,0.0,0.0,1027.0,8228.0,0.0,0.0,0.0,0.0,0.0,1.0,0.0,0.0,0.0,0.0,0.0,1.4,0.0,0.3,0.0,0.0002,16.0,25903.0
2026-07-30T19:01:57.765Z,287.248,287.262,0.0,7.4,0.0,0.0,0.0,0.0,0.0,0.0,0.0,0.0,1.0,0.0,0.0,0.0,9.0,4.0,0.0,0.0,0.0,0.0,0.0,0.0,0.0,0.0,1.0,12.0,1.0,12.17,5.01,2.51,1.49,0.0,0.0,0.0,0.4,0.0,-0.2,-1.5,-0.5,-169.60000000000002,0.0,0.0,169.70000000000002,0.0,21.0,29.1,29.1,29.700000000000003,300.0,300.0,31.6,35.7,29.0,28.200000000000003,30.1,4.96,1.99,4.96,0.16,0.0,0.0,1027.0,8228.0,0.0,0.0,0.0,0.0,0.0,1.0,0.0,0.0,0.0,0.0,0.0,-2.2,0.0,0.1,0.0,0.0001,16.0,25903.0
2026-07-30T19:01:57.776Z,287.259,287.274,0.0,7.4,0.0,0.0,0.0,0.0,0.0,0.0,0.0,0.0,1.0,0.0,0.0,0.0,9.0,4.0,0.0,0.0,0.0,0.0,0.0,0.0,0.0,0.0,1.0,12.0,1.0,12.17,5.01,2.51,1.49,0.0,0.0,0.0,0.4,0.0,0.3,0.1,1.1,-169.60000000000002,0.0,0.0,169.70000000000002,0.0,21.0,29.1,29.1,29.700000000000003,300.0,300.0,31.6,35.7,29.0,28.200000000000003,30.1,4.96,1.99,4.97,0.16,0.0,0.0,1027.0,8228.0,0.0,0.0,0.0,0.0,0.0,1.0,0.0,0.0,0.0,0.0,0.0,1.0,0.0,-0.9,0.0,0.0001,16.0,25903.0
2026-07-30T19:01:57.789Z,287.272,287.286,0.0,7.4,0.0,0.0,0.0,0.0,0.0,0.0,0.0,0.0,1.0,0.0,0.0,0.0,9.0,4.0,0.0,0.0,0.0,0.0,0.0,0.0,0.0,0.0,2.0,12.0,1.0,12.17,5.01,2.51,1.49,0.0,0.0,0.0,0.4,0.0,-0.2,0.7000000000000001,-0.5,-169.60000000000002,0.0,0.0,169.60000000000002,0.0,21.0,29.1,29.1,29.700000000000003,300.0,300.0,31.6,35.7,29.0,28.200000000000003,30.1,4.95,1.99,4.97,0.16,0.0,0.0,1027.0,8228.0,0.0,0.0,0.0,0.0,0.0,1.0,0.0,0.0,0.0,0.0,0.0,0.3,0.0,0.6000000000000001,0.0,0.0,16.0,25903.0
2026-07-30T19:01:57.800Z,287.283,287.298,0.0,7.4,0.0,0.0,0.0,0.0,0.0,0.0,0.0,0.0,1.0,0.0,0.0,0.0,9.0,4.0,0.0,0.0,0.0,0.0,0.0,0.0,0.0,0.0,4.0,12.0,1.0,12.17,5.01,2.51,1.49,0.0,0.0,0.0,0.4,0.0,0.3,0.0,1.1,-169.60000000000002,0.0,0.0,169.60000000000002,0.0,21.0,29.1,29.1,29.700000000000003,300.0,300.0,31.6,35.7,29.0,28.200000000000003,30.1,4.96,1.99,4.96,0.16,0.0,0.0,1027.0,8228.0,0.0,0.0,0.0,0.0,0.0,1.0,0.0,0.0,0.0,0.0,0.0,0.9,0.0,-1.0,0.0,0.0,16.0,25903.0
2026-07-30T19:01:57.813Z,287.296,287.31,0.0,7.4,0.0,0.0,0.0,0.0,0.0,0.0,0.0,0.0,1.0,0.0,0.0,0.0,9.0,4.0,0.0,0.0,0.0,0.0,0.0,0.0,0.0,0.0,4.0,12.0,1.0,12.17,5.01,2.51,1.49,0.0,0.0,0.0,0.4,0.0,0.3,0.6000000000000001,0.6000000000000001,-169.60000000000002,0.0,0.0,169.60000000000002,0.0,21.0,29.1,29.1,29.700000000000003,300.0,300.0,31.6,35.7,29.0,28.200000000000003,30.1,4.96,2.0,4.96,0.16,0.0,0.0,1027.0,8228.0,0.0,0.0,0.0,0.0,0.0,1.0,0.0,0.0,0.0,0.0,0.0,1.1,0.0,-0.4,0.0,0.0,16.0,25903.0
2026-07-30T19:01:57.826Z,287.309,287.322,0.0,7.4,0.0,0.0,0.0,0.0,0.0,0.0,0.0,0.0,1.0,0.0,0.0,0.0,9.0,4.0,0.0,0.0,0.0,0.0,0.0,0.0,0.0,0.0,5.0,12.0,1.0,12.17,5.0200000000000005,2.5,1.49,0.0,0.0,0.0,0.4,0.0,-0.8,0.6000000000000001,-0.5,-169.60000000000002,0.0,0.0,169.70000000000002,0.0,21.3,29.1,29.1,29.700000000000003,300.0,300.0,31.700000000000003,35.7,29.0,28.200000000000003,30.1,4.96,1.99,4.97,0.16,0.0,0.0,1027.0,8228.0,0.0,0.0,0.0,0.0,0.0,1.0,0.0,0.0,0.0,0.0,0.0,0.3,0.0,0.6000000000000001,0.0,0.0,16.0,25903.0
2026-07-30T19:01:57.837Z,287.32,287.334,0.0,7.4,0.0,0.0,0.0,0.0,0.0,0.0,0.0,0.0,1.0,0.0,0.0,0.0,9.0,4.0,0.0,0.0,0.0,0.0,0.0,0.0,0.0,0.0,6.0,12.0,1.0,12.17,5.0200000000000005,2.5,1.49,0.0,0.0,0.0,0.4,0.0,1.4,0.6000000000000001,1.7000000000000002,-169.60000000000002,0.0,0.0,169.70000000000002,0.0,21.3,29.1,29.1,29.700000000000003,300.0,300.0,31.700000000000003,35.7,29.0,28.200000000000003,30.1,4.95,1.99,4.97,0.16,0.0,0.0,1027.0,8228.0,0.0,0.0,0.0,0.0,0.0,1.0,0.0,0.0,0.0,0.0,0.0,2.0,0.0,-1.4,0.0,0.0001,16.0,25903.0
2026-07-30T19:01:57.849Z,287.332,287.346,0.0,7.4,0.0,0.0,0.0,0.0,0.0,0.0,0.0,0.0,1.0,0.0,0.0,0.0,9.0,4.0,0.0,0.0,0.0,0.0,0.0,0.0,0.0,0.0,2.0,12.0,1.0,12.17,5.0200000000000005,2.5,1.49,0.0,0.0,0.0,0.4,0.0,-0.2,-0.5,0.5,-169.60000000000002,0.0,0.0,169.70000000000002,0.0,21.3,29.1,29.1,29.700000000000003,300.0,300.0,31.700000000000003,35.7,29.0,28.200000000000003,30.1,4.96,1.99,4.96,0.16,0.0,0.0,1027.0,8228.0,0.0,0.0,0.0,0.0,0.0,1.0,0.0,0.0,0.0,0.0,0.0,-0.1,0.0,-0.6000000000000001,0.0,0.0,16.0,25903.0
2026-07-30T19:01:57.860Z,287.343,287.358,0.0,7.4,0.0,0.0,0.0,0.0,0.0,0.0,0.0,0.0,1.0,0.0,0.0,0.0,9.0,4.0,0.0,0.0,0.0,0.0,0.0,0.0,0.0,0.0,3.0,12.0,1.0,12.17,5.0200000000000005,2.5,1.49,0.0,0.0,0.0,0.4,0.0,0.2,-1.1,-0.6000000000000001,-169.60000000000002,0.0,0.0,169.70000000000002,0.0,21.3,29.1,29.1,29.700000000000003,300.0,300.0,31.700000000000003,35.7,29.0,28.200000000000003,30.1,4.95,1.99,4.96,0.16,0.0,0.0,1027.0,8228.0,0.0,0.0,0.0,0.0,0.0,1.0,0.0,0.0,0.0,0.0,0.0,-1.7000000000000002,0.0,0.3,0.0,0.0001,16.0,25903.0
2026-07-30T19:01:57.872Z,287.355,287.37,0.0,7.4,0.0,0.0,0.0,0.0,0.0,0.0,0.0,0.0,1.0,0.0,0.0,0.0,9.0,4.0,0.0,0.0,0.0,0.0,0.0,0.0,0.0,0.0,4.0,12.0,1.0,12.17,5.0200000000000005,2.5,1.49,0.0,0.0,0.0,0.4,0.0,0.2,-0.5,0.0,-169.60000000000002,0.0,0.0,169.60000000000002,0.0,21.3,29.1,29.1,29.700000000000003,300.0,300.0,31.700000000000003,35.7,29.0,28.200000000000003,30.1,4.95,2.0,4.96,0.16,0.0,0.0,1027.0,8228.0,0.0,0.0,0.0,0.0,0.0,1.0,0.0,0.0,0.0,0.0,0.0,-0.6000000000000001,0.0,0.0,0.0,0.0001,16.0,25903.0
2026-07-30T19:01:57.884Z,287.367,287.382,0.0,7.4,0.0,0.0,0.0,0.0,0.0,0.0,0.0,0.0,1.0,0.0,0.0,0.0,9.0,4.0,0.0,0.0,0.0,0.0,0.0,0.0,0.0,0.0,5.0,12.0,1.0,12.17,5.0200000000000005,2.5,1.49,0.0,0.0,0.0,0.4,0.0,-0.2,0.0,0.0,-169.60000000000002,0.0,0.0,169.70000000000002,0.0,21.3,29.1,29.1,29.700000000000003,300.0,300.0,31.700000000000003,35.7,29.0,28.200000000000003,30.1,4.95,1.98,4.96,0.16,0.0,0.0,1027.0,8228.0,0.0,0.0,0.0,0.0,0.0,1.0,0.0,0.0,0.0,0.0,0.0,0.0,0.0,0.0,0.0,0.0,16.0,25903.0
2026-07-30T19:01:57.896Z,287.379,287.394,0.0,7.4,0.0,0.0,0.0,0.0,0.0,0.0,0.0,0.0,1.0,0.0,0.0,0.0,9.0,4.0,0.0,0.0,0.0,0.0,0.0,0.0,0.0,0.0,6.0,12.0,1.0,12.17,5.0200000000000005,2.5,1.49,0.0,0.0,0.0,0.4,0.0,-0.3,0.0,1.1,-169.60000000000002,0.0,0.0,169.60000000000002,0.0,21.3,29.1,29.1,29.700000000000003,300.0,300.0,31.700000000000003,35.7,29.0,28.200000000000003,30.1,4.95,1.98,4.96,0.16,0.0,0.0,1027.0,8228.0,0.0,0.0,0.0,0.0,0.0,1.0,0.0,0.0,0.0,0.0,0.0,0.9,0.0,-0.9,0.0,0.0001,16.0,25903.0
2026-07-30T19:01:57.909Z,287.392,287.406,0.0,7.4,0.0,0.0,0.0,0.0,0.0,0.0,0.0,0.0,1.0,0.0,0.0,0.0,9.0,4.0,0.0,0.0,0.0,0.0,0.0,0.0,0.0,0.0,1.0,12.0,1.0,12.17,5.0200000000000005,2.5,1.49,0.0,0.0,0.0,0.4,0.0,-0.3,-0.5,0.4,-169.60000000000002,0.0,0.0,169.8,0.0,21.3,29.1,29.1,29.700000000000003,300.0,300.0,31.700000000000003,35.7,29.0,28.200000000000003,30.1,4.96,1.99,4.97,0.16,0.0,0.0,1027.0,8228.0,0.0,0.0,0.0,0.0,0.0,1.0,0.0,0.0,0.0,0.0,0.0,-0.2,0.0,-0.5,0.0,0.0001,16.0,25903.0
2026-07-30T19:01:57.921Z,287.404,287.418,0.0,7.4,0.0,0.0,0.0,0.0,0.0,0.0,0.0,0.0,1.0,0.0,0.0,0.0,9.0,4.0,0.0,0.0,0.0,0.0,0.0,0.0,0.0,0.0,1.0,12.0,1.0,12.17,5.0200000000000005,2.5,1.49,0.0,0.0,0.0,0.4,0.0,-0.2,0.0,-0.6000000000000001,-169.60000000000002,0.0,0.0,169.70000000000002,0.0,21.3,29.1,29.1,29.700000000000003,300.0,300.0,31.700000000000003,35.7,29.0,28.200000000000003,30.1,4.96,1.99,4.96,0.16,0.0,0.0,1027.0,8228.0,0.0,0.0,0.0,0.0,0.0,1.0,0.0,0.0,0.0,0.0,0.0,-0.3,0.0,0.5,0.0,0.0002,16.0,25903.0
2026-07-30T19:01:57.933Z,287.416,287.43,0.0,7.4,0.0,0.0,0.0,0.0,0.0,0.0,0.0,0.0,1.0,0.0,0.0,0.0,9.0,4.0,0.0,0.0,0.0,0.0,0.0,0.0,0.0,0.0,2.0,12.0,1.0,12.18,5.01,2.51,1.49,0.0,0.0,0.0,0.4,0.0,-0.2,-0.4,1.1,-169.60000000000002,0.0,0.0,169.70000000000002,0.0,21.3,29.1,29.1,29.700000000000003,300.0,300.0,31.700000000000003,35.7,29.0,28.200000000000003,30.200000000000003,4.96,1.99,4.96,0.16,0.0,0.0,1027.0,8228.0,0.0,0.0,0.0,0.0,0.0,1.0,0.0,0.0,0.0,0.0,0.0,0.2,0.0,-1.0,0.0,0.0001,16.0,25903.0
2026-07-30T19:01:57.945Z,287.428,287.442,0.0,7.4,0.0,0.0,0.0,0.0,0.0,0.0,0.0,0.0,1.0,0.0,0.0,0.0,9.0,4.0,0.0,0.0,0.0,0.0,0.0,0.0,0.0,0.0,3.0,12.0,1.0,12.18,5.01,2.51,1.49,0.0,0.0,0.0,0.4,0.0,0.3,-0.4,0.0,-169.60000000000002,0.0,0.0,169.8,0.0,21.3,29.1,29.1,29.700000000000003,300.0,300.0,31.700000000000003,35.7,29.0,28.200000000000003,30.200000000000003,4.95,1.99,4.97,0.16,0.0,0.0,1027.0,8228.0,0.0,0.0,0.0,0.0,0.0,1.0,0.0,0.0,0.0,0.0,0.0,-0.6000000000000001,0.0,0.0,0.0,0.0,16.0,25903.0
2026-07-30T19:01:57.957Z,287.44,287.454,0.0,7.4,0.0,0.0,0.0,0.0,0.0,0.0,0.0,0.0,1.0,0.0,0.0,0.0,9.0,4.0,0.0,0.0,0.0,0.0,0.0,0.0,0.0,0.0,4.0,12.0,1.0,12.18,5.01,2.51,1.49,0.0,0.0,0.0,0.4,0.0,-0.8,-1.0,-0.7000000000000001,-169.70000000000002,0.0,0.0,169.8,0.0,21.3,29.1,29.1,29.700000000000003,300.0,300.0,31.700000000000003,35.7,29.0,28.200000000000003,30.200000000000003,4.96,1.99,4.96,0.16,0.0,0.0,1027.0,8228.0,0.0,0.0,0.0,0.0,0.0,1.0,0.0,0.0,0.0,0.0,0.0,-1.7000000000000002,0.0,0.4,0.0,0.0001,16.0,25903.0
2026-07-30T19:01:57.968Z,287.451,287.466,0.0,7.4,0.0,0.0,0.0,0.0,0.0,0.0,0.0,0.0,1.0,0.0,0.0,0.0,9.0,4.0,0.0,0.0,0.0,0.0,0.0,0.0,0.0,0.0,5.0,12.0,1.0,12.18,5.01,2.51,1.49,0.0,0.0,0.0,0.4,0.0,-0.2,0.0,0.4,-169.70000000000002,0.0,0.0,169.70000000000002,0.0,21.3,29.1,29.1,29.700000000000003,300.0,300.0,31.700000000000003,35.7,29.0,28.200000000000003,30.200000000000003,4.96,2.0,4.96,0.16,0.0,0.0,1027.0,8228.0,0.0,0.0,0.0,0.0,0.0,1.0,0.0,0.0,0.0,0.0,0.0,0.4,0.0,-0.4,0.0,0.0001,16.0,25903.0
2026-07-30T19:01:57.980Z,287.463,287.478,0.0,7.4,0.0,0.0,0.0,0.0,0.0,0.0,0.0,0.0,1.0,0.0,0.0,0.0,9.0,4.0,0.0,0.0,0.0,0.0,0.0,0.0,0.0,0.0,6.0,12.0,1.0,12.18,5.01,2.51,1.49,0.0,0.0,0.0,0.5,0.0,-0.2,0.0,1.0,-169.70000000000002,0.0,0.0,169.8,0.0,21.3,29.1,29.1,29.700000000000003,300.0,300.0,31.700000000000003,35.7,29.0,28.200000000000003,30.200000000000003,4.95,1.99,4.96,0.16,0.0,0.0,1027.0,8228.0,0.0,0.0,0.0,0.0,0.0,1.0,0.0,0.0,0.0,0.0,0.0,0.8,0.0,-0.9,0.0,0.0003,16.0,25903.0
2026-07-30T19:01:57.993Z,287.476,287.49,0.0,7.4,0.0,0.0,0.0,0.0,0.0,0.0,0.0,0.0,1.0,0.0,0.0,0.0,9.0,4.0,0.0,0.0,0.0,0.0,0.0,0.0,0.0,0.0,1.0,12.0,1.0,12.18,5.01,2.51,1.49,0.0,0.0,0.0,0.4,0.0,-0.7000000000000001,-1.0,1.1,-169.70000000000002,0.0,0.0,169.8,0.0,21.3,29.1,29.1,29.700000000000003,300.0,300.0,31.700000000000003,35.7,29.0,28.200000000000003,30.200000000000003,4.95,1.99,4.97,0.16,0.0,0.0,1027.0,8228.0,0.0,0.0,0.0,0.0,0.0,1.0,0.0,0.0,0.0,0.0,0.0,-0.3,0.0,-1.2000000000000002,0.0,0.0002,16.0,25903.0
2026-07-30T19:01:58.005Z,287.488,287.502,0.0,7.4,0.0,0.0,0.0,0.0,0.0,0.0,0.0,0.0,1.0,0.0,0.0,0.0,9.0,4.0,0.0,0.0,0.0,0.0,0.0,0.0,0.0,0.0,2.0,12.0,1.0,12.18,5.01,2.51,1.49,0.0,0.0,0.0,0.4,0.0,0.9,-0.4,0.5,-169.70000000000002,0.0,0.0,169.8,0.0,21.3,29.1,29.1,29.700000000000003,300.0,300.0,31.700000000000003,35.7,29.0,28.200000000000003,30.200000000000003,4.96,1.99,4.96,0.16,0.0,0.0,1027.0,8228.0,0.0,0.0,0.0,0.0,0.0,1.0,0.0,0.0,0.0,0.0,0.0,-0.1,0.0,-0.5,0.0,0.0,16.0,25903.0
2026-07-30T19:01:58.017Z,287.5,287.514,0.0,7.4,0.0,0.0,0.0,0.0,0.0,0.0,0.0,0.0,1.0,0.0,0.0,0.0,9.0,4.0,0.0,0.0,0.0,0.0,0.0,0.0,0.0,0.0,3.0,12.0,1.0,12.18,5.01,2.51,1.49,0.0,0.0,0.0,0.4,0.0,0.4,0.7000000000000001,0.0,-169.70000000000002,0.0,0.0,169.70000000000002,0.0,21.3,29.1,29.1,29.700000000000003,300.0,300.0,31.700000000000003,35.7,29.0,28.200000000000003,30.200000000000003,4.96,1.99,4.97,0.16,0.0,0.0,1027.0,8228.0,0.0,0.0,0.0,0.0,0.0,1.0,0.0,0.0,0.0,0.0,0.0,1.9,0.0,-2.0,0.0,0.0001,16.0,25903.0
2026-07-30T19:01:58.030Z,287.513,287.526,0.0,7.4,0.0,0.0,0.0,0.0,0.0,0.0,0.0,0.0,1.0,0.0,0.0,0.0,9.0,4.0,0.0,0.0,0.0,0.0,0.0,0.0,0.0,0.0,4.0,12.0,1.0,12.17,5.01,2.5,1.5,0.0,0.0,0.0,0.4,0.0,0.4,0.1,0.0,-169.70000000000002,0.0,0.0,169.8,0.0,21.4,29.1,29.1,29.700000000000003,300.0,300.0,31.6,35.7,29.0,28.200000000000003,30.1,4.95,1.99,4.97,0.16,0.0,0.0,1027.0,8228.0,0.0,0.0,0.0,0.0,0.0,1.0,0.0,0.0,0.0,0.0,0.0,3.4000000000000004,0.0,-1.1,0.0,0.0002,16.0,25903.0
2026-07-30T19:01:58.040Z,287.523,287.538,0.0,7.4,0.0,0.0,0.0,0.0,0.0,0.0,0.0,0.0,1.0,0.0,0.0,0.0,9.0,4.0,0.0,0.0,0.0,0.0,0.0,0.0,0.0,0.0,6.0,12.0,1.0,12.17,5.01,2.5,1.5,0.0,0.0,0.0,0.4,0.0,-0.1,-0.9,-1.1,-169.70000000000002,0.0,0.0,169.8,0.0,21.4,29.1,29.1,29.700000000000003,300.0,300.0,31.6,35.7,29.0,28.200000000000003,30.1,4.96,1.99,4.97,0.16,0.0,0.0,1027.0,8228.0,0.0,0.0,0.0,0.0,0.0,1.0,0.0,0.0,0.0,0.0,0.0,0.4,0.0,0.6000000000000001,0.0,0.0001,16.0,25903.0
2026-07-30T19:01:58.052Z,287.535,287.55,0.0,7.4,0.0,0.0,0.0,0.0,0.0,0.0,0.0,0.0,1.0,0.0,0.0,0.0,9.0,4.0,0.0,0.0,0.0,0.0,0.0,0.0,0.0,0.0,1.0,12.0,1.0,12.17,5.01,2.5,1.5,0.0,0.0,0.0,0.5,0.0,-0.1,-1.0,0.0,-169.70000000000002,0.0,0.0,169.8,0.0,21.4,29.1,29.1,29.700000000000003,300.0,300.0,31.6,35.7,29.0,28.200000000000003,30.1,4.95,1.99,4.96,0.16,0.0,0.0,1027.0,8228.0,0.0,0.0,0.0,0.0,0.0,1.0,0.0,0.0,0.0,0.0,0.0,0.1,0.0,0.0,0.0,0.0,16.0,25903.0
2026-07-30T19:01:58.064Z,287.547,287.562,0.0,7.4,0.0,0.0,0.0,0.0,0.0,0.0,0.0,0.0,1.0,0.0,0.0,0.0,9.0,4.0,0.0,0.0,0.0,0.0,0.0,0.0,0.0,0.0,2.0,12.0,1.0,12.17,5.01,2.5,1.5,0.0,0.0,0.0,0.4,0.0,1.0,1.2000000000000002,1.0,-169.70000000000002,0.0,0.0,169.8,0.0,21.4,29.1,29.1,29.700000000000003,300.0,300.0,31.6,35.7,29.0,28.200000000000003,30.1,4.95,1.99,4.97,0.16,0.0,0.0,1027.0,8228.0,0.0,0.0,0.0,0.0,0.0,1.0,0.0,0.0,0.0,0.0,0.0,2.2,0.0,-0.6000000000000001,0.0,0.0,16.0,25903.0
2026-07-30T19:01:58.076Z,287.559,287.574,0.0,7.4,0.0,0.0,0.0,0.0,0.0,0.0,0.0,0.0,1.0,0.0,0.0,0.0,9.0,4.0,0.0,0.0,0.0,0.0,0.0,0.0,0.0,0.0,3.0,12.0,1.0,12.17,5.01,2.5,1.5,0.0,0.0,0.0,0.5,0.0,1.0,-0.4,0.0,-169.70000000000002,0.0,0.0,169.70000000000002,0.0,21.4,29.1,29.1,29.700000000000003,300.0,300.0,31.6,35.7,29.0,28.200000000000003,30.1,4.96,2.0,4.97,0.16,0.0,0.0,1027.0,8228.0,0.0,0.0,0.0,0.0,0.0,1.0,0.0,0.0,0.0,0.0,0.0,-0.5,0.0,0.0,0.0,0.0,16.0,25903.0
2026-07-30T19:01:58.088Z,287.571,287.586,0.0,7.4,0.0,0.0,0.0,0.0,0.0,0.0,0.0,0.0,1.0,0.0,0.0,0.0,9.0,4.0,0.0,0.0,0.0,0.0,0.0,0.0,0.0,0.0,4.0,12.0,1.0,12.17,5.01,2.5,1.5,0.0,0.0,0.0,0.4,0.0,0.4,-0.4,0.0,-169.70000000000002,0.0,0.0,169.70000000000002,0.0,21.4,29.1,29.1,29.700000000000003,300.0,300.0,31.6,35.7,29.0,28.200000000000003,30.1,4.96,2.0,4.96,0.16,0.0,0.0,1027.0,8228.0,0.0,0.0,0.0,0.0,0.0,1.0,0.0,0.0,0.0,0.0,0.0,-0.5,0.0,0.0,0.0,0.0001,16.0,25903.0
2026-07-30T19:01:58.101Z,287.584,287.598,0.0,7.4,0.0,0.0,0.0,0.0,0.0,0.0,0.0,0.0,1.0,0.0,0.0,0.0,9.0,4.0,0.0,0.0,0.0,0.0,0.0,0.0,0.0,0.0,5.0,12.0,1.0,12.17,5.01,2.5,1.5,0.0,0.0,0.0,0.4,0.0,0.0,-0.4,-2.3000000000000003,-169.70000000000002,0.0,0.0,169.8,0.0,21.4,29.1,29.1,29.700000000000003,300.0,300.0,31.6,35.7,29.0,28.200000000000003,30.1,4.95,1.99,4.97,0.16,0.0,0.0,1027.0,8228.0,0.0,0.0,0.0,0.0,0.0,1.0,0.0,0.0,0.0,0.0,0.0,-2.2,0.0,1.9,0.0,0.0002,16.0,25903.0
2026-07-30T19:01:58.113Z,287.596,287.61,0.0,7.4,0.0,0.0,0.0,0.0,0.0,0.0,0.0,0.0,1.0,0.0,0.0,0.0,9.0,4.0,0.0,0.0,0.0,0.0,0.0,0.0,0.0,0.0,6.0,12.0,1.0,12.17,5.01,2.5,1.5,0.0,0.0,0.0,0.4,0.0,0.4,0.7000000000000001,0.0,-169.70000000000002,0.0,0.0,169.8,0.0,21.4,29.1,29.1,29.700000000000003,300.0,300.0,31.6,35.7,29.0,28.200000000000003,30.1,4.95,1.99,4.97,0.16,0.0,0.0,1027.0,8228.0,0.0,0.0,0.0,0.0,0.0,1.0,0.0,0.0,0.0,0.0,0.0,0.8,0.0,0.1,0.0,0.0001,16.0,25903.0
2026-07-30T19:01:58.125Z,287.608,287.622,0.0,7.4,0.0,0.0,0.0,0.0,0.0,0.0,0.0,0.0,1.0,0.0,0.0,0.0,9.0,4.0,0.0,0.0,0.0,0.0,0.0,0.0,0.0,0.0,1.0,12.0,1.0,12.17,5.01,2.5,1.5,0.0,0.0,0.0,0.4,0.0,0.4,0.8,0.5,-169.70000000000002,0.0,0.0,169.8,0.0,21.4,29.1,29.1,29.700000000000003,300.0,300.0,31.6,35.7,29.0,28.200000000000003,30.1,4.95,2.0,4.97,0.16,0.0,0.0,1027.0,8228.0,0.0,0.0,0.0,0.0,0.0,1.0,0.0,0.0,0.0,0.0,0.0,1.3,0.0,-0.3,0.0,0.0002,16.0,25903.0
2026-07-30T19:01:58.136Z,287.619,287.634,0.0,7.4,0.0,0.0,0.0,0.0,0.0,0.0,0.0,0.0,1.0,0.0,0.0,0.0,9.0,4.0,0.0,0.0,0.0,0.0,0.0,0.0,0.0,0.0,2.0,12.0,1.0,12.17,5.01,2.51,1.49,0.0,0.0,0.0,0.4,0.0,0.4,0.7000000000000001,0.5,-169.70000000000002,0.0,0.0,169.70000000000002,0.0,21.8,29.1,29.1,29.700000000000003,300.0,300.0,31.5,35.7,29.0,28.200000000000003,30.1,4.95,2.0,4.96,0.16,0.0,0.0,1027.0,8228.0,0.0,0.0,0.0,0.0,0.0,1.0,0.0,0.0,0.0,0.0,0.0,1.3,0.0,-0.3,0.0,0.0001,16.0,25903.0
2026-07-30T19:01:58.148Z,287.631,287.646,0.0,7.4,0.0,0.0,0.0,0.0,0.0,0.0,0.0,0.0,1.0,0.0,0.0,0.0,9.0,4.0,0.0,0.0,0.0,0.0,0.0,0.0,0.0,0.0,4.0,12.0,1.0,12.17,5.01,2.51,1.49,0.0,0.0,0.0,0.4,0.0,-0.1,0.2,1.1,-169.70000000000002,0.0,0.0,169.8,0.0,21.8,29.1,29.1,29.700000000000003,300.0,300.0,31.5,35.7,29.0,28.200000000000003,30.1,4.95,1.99,4.97,0.16,0.0,0.0,1027.0,8228.0,0.0,0.0,0.0,0.0,0.0,1.0,0.0,0.0,0.0,0.0,0.0,1.0,0.0,-0.9,0.0,0.0001,16.0,25903.0
2026-07-30T19:01:58.161Z,287.644,287.658,0.0,7.4,0.0,0.0,0.0,0.0,0.0,0.0,0.0,0.0,1.0,0.0,0.0,0.0,9.0,4.0,0.0,0.0,0.0,0.0,0.0,0.0,0.0,0.0,5.0,12.0,1.0,12.17,5.01,2.51,1.49,0.0,0.0,0.0,0.4,0.0,0.4,0.1,-0.1,-169.70000000000002,0.0,0.0,169.8,0.0,21.8,29.1,29.1,29.700000000000003,300.0,300.0,31.5,35.7,29.0,28.200000000000003,30.1,4.95,2.0,4.96,0.16,0.0,0.0,1027.0,8228.0,0.0,0.0,0.0,0.0,0.0,1.0,0.0,0.0,0.0,0.0,0.0,0.1,0.0,0.1,0.0,0.0001,16.0,25903.0
2026-07-30T19:01:58.172Z,287.655,287.67,0.0,7.4,0.0,0.0,0.0,0.0,0.0,0.0,0.0,0.0,1.0,0.0,0.0,0.0,9.0,4.0,0.0,0.0,0.0,0.0,0.0,0.0,0.0,0.0,6.0,12.0,1.0,12.17,5.01,2.51,1.49,0.0,0.0,0.0,0.4,0.0,1.0,0.7000000000000001,-0.1,-169.70000000000002,0.0,0.0,169.8,0.0,21.8,29.1,29.1,29.700000000000003,300.0,300.0,31.5,35.7,29.0,28.200000000000003,30.1,4.96,2.0,4.96,0.15,0.0,0.0,1027.0,8228.0,0.0,0.0,0.0,0.0,0.0,1.0,0.0,0.0,0.0,0.0,0.0,0.8,0.0,0.2,0.0,0.0001,16.0,25903.0
2026-07-30T19:01:58.184Z,287.667,287.682,0.0,7.4,0.0,0.0,0.0,0.0,0.0,0.0,0.0,0.0,1.0,0.0,0.0,0.0,9.0,4.0,0.0,0.0,0.0,0.0,0.0,0.0,0.0,0.0,1.0,12.0,1.0,12.17,5.01,2.51,1.49,0.0,0.0,0.0,0.4,0.0,-0.1,0.8,0.5,-169.70000000000002,0.0,0.0,169.8,0.0,21.8,29.1,29.1,29.700000000000003,300.0,300.0,31.5,35.7,29.0,28.200000000000003,30.1,4.95,2.0,4.97,0.16,0.0,0.0,1027.0,8228.0,0.0,0.0,0.0,0.0,0.0,1.0,0.0,0.0,0.0,0.0,0.0,1.3,0.0,-0.2,0.0,0.0001,16.0,25903.0
2026-07-30T19:01:58.196Z,287.679,287.694,0.0,7.4,0.0,0.0,0.0,0.0,0.0,0.0,0.0,0.0,1.0,0.0,0.0,0.0,9.0,4.0,0.0,0.0,0.0,0.0,0.0,0.0,0.0,0.0,2.0,12.0,1.0,12.17,5.01,2.51,1.49,0.0,0.0,0.0,0.5,0.0,-0.7000000000000001,-1.5,-0.7000000000000001,-169.70000000000002,0.0,0.0,169.8,0.0,21.8,29.1,29.1,29.700000000000003,300.0,300.0,31.5,35.7,29.0,28.200000000000003,30.1,4.96,1.98,4.97,0.16,0.0,0.0,1027.0,8228.0,0.0,0.0,0.0,0.0,0.0,1.0,0.0,0.0,0.0,0.0,0.0,-2.2,0.0,0.3,0.0,0.0001,16.0,25903.0
2026-07-30T19:01:58.208Z,287.691,287.706,0.0,7.4,0.0,0.0,0.0,0.0,0.0,0.0,0.0,0.0,1.0,0.0,0.0,0.0,9.0,4.0,0.0,0.0,0.0,0.0,0.0,0.0,0.0,0.0,3.0,12.0,1.0,12.17,5.01,2.51,1.49,0.0,0.1,0.0,0.4,0.0,0.4,0.2,1.0,-169.70000000000002,0.0,0.0,169.8,0.0,21.8,29.1,29.1,29.700000000000003,300.0,300.0,31.5,35.7,29.0,28.200000000000003,30.1,4.96,1.99,4.96,0.16,0.0,0.0,1027.0,8228.0,0.0,0.0,0.0,0.0,0.0,1.0,0.0,0.0,0.0,0.0,0.0,1.0,0.0,-0.8,0.0,0.0,16.0,25903.0
2026-07-30T19:01:58.220Z,287.703,287.718,0.0,7.4,0.0,0.0,0.0,0.0,0.0,0.0,0.0,0.0,1.0,0.0,0.0,0.0,9.0,4.0,0.0,0.0,0.0,0.0,0.0,0.0,0.0,0.0,4.0,12.0,1.0,12.17,5.01,2.51,1.49,0.0,0.0,0.0,0.4,0.0,1.0,0.2,-0.6000000000000001,-169.70000000000002,0.0,0.0,169.8,0.0,21.8,29.1,29.1,29.700000000000003,300.0,300.0,31.5,35.7,29.0,28.200000000000003,30.1,4.95,2.0,4.96,0.16,0.0,0.0,1027.0,8228.0,0.0,0.0,0.0,0.0,0.0,1.0,0.0,0.0,0.0,0.0,0.0,-0.1,0.0,0.6000000000000001,0.0,0.0001,16.0,25903.0
2026-07-30T19:01:58.234Z,287.717,287.73,0.0,7.4,0.0,0.0,0.0,0.0,0.0,0.0,0.0,0.0,1.0,0.0,0.0,0.0,9.0,4.0,0.0,0.0,0.0,0.0,0.0,0.0,0.0,0.0,5.0,12.0,1.0,12.15,5.01,2.51,1.49,0.0,0.0,0.0,0.4,0.0,-0.1,-0.9,-0.7000000000000001,-169.70000000000002,0.0,0.0,169.8,0.0,21.8,29.1,29.1,29.700000000000003,300.0,300.0,31.5,35.6,29.0,28.200000000000003,30.1,4.95,2.0,4.97,0.16,0.0,0.0,1027.0,8228.0,0.0,0.0,0.0,0.0,0.0,1.0,0.0,0.0,0.0,0.0,0.0,-1.5,0.0,0.4,0.0,0.0,16.0,25903.0
2026-07-30T19:01:58.244Z,287.727,287.742,0.0,7.4,0.0,0.0,0.0,0.0,0.0,0.0,0.0,0.0,1.0,0.0,0.0,0.0,9.0,4.0,0.0,0.0,0.0,0.0,0.0,0.0,0.0,0.0,1.0,12.0,1.0,12.15,5.01,2.51,1.49,0.0,0.0,0.0,0.4,0.0,0.3,-0.3,2.2,-169.70000000000002,0.0,0.0,169.8,0.0,21.8,29.1,29.1,29.700000000000003,300.0,300.0,31.5,35.6,29.0,28.200000000000003,30.1,4.96,1.99,4.96,0.16,0.0,0.0,1027.0,8228.0,0.0,0.0,0.0,0.0,0.0,1.0,0.0,0.0,0.0,0.0,0.0,1.2000000000000002,0.0,-2.0,0.0,0.0001,16.0,25903.0
2026-07-30T19:01:58.256Z,287.739,287.754,0.0,7.4,0.0,0.0,0.0,0.0,0.0,0.0,0.0,0.0,1.0,0.0,0.0,0.0,9.0,4.0,0.0,0.0,0.0,0.0,0.0,0.0,0.0,0.0,2.0,12.0,1.0,12.15,5.01,2.51,1.49,0.0,0.0,0.0,0.4,0.0,-0.2,0.7000000000000001,-0.1,-169.70000000000002,0.0,0.0,169.70000000000002,0.0,21.8,29.1,29.1,29.700000000000003,300.0,300.0,31.5,35.6,29.0,28.200000000000003,30.1,4.96,1.99,4.97,0.15,0.0,0.0,1027.0,8228.0,0.0,0.0,0.0,0.0,0.0,1.0,0.0,0.0,0.0,0.0,0.0,0.7000000000000001,0.0,0.2,0.0,0.0001,16.0,25903.0
2026-07-30T19:01:58.269Z,287.752,287.766,0.0,7.4,0.0,0.0,0.0,0.0,0.0,0.0,0.0,0.0,1.0,0.0,0.0,0.0,9.0,4.0,0.0,0.0,0.0,0.0,0.0,0.0,0.0,0.0,2.0,12.0,1.0,12.15,5.01,2.51,1.49,0.0,0.0,0.0,0.4,0.0,0.3,0.1,1.0,-169.70000000000002,0.0,0.0,169.70000000000002,0.0,21.8,29.1,29.1,29.700000000000003,300.0,300.0,31.5,35.6,29.0,28.200000000000003,30.1,4.95,1.99,4.97,0.16,0.0,0.0,1027.0,8228.0,0.0,0.0,0.0,0.0,0.0,1.0,0.0,0.0,0.0,0.0,0.0,1.0,0.0,-0.8,0.0,0.0001,16.0,25903.0
2026-07-30T19:01:58.280Z,287.763,287.778,0.0,7.4,0.0,0.0,0.0,0.0,0.0,0.0,0.0,0.0,1.0,0.0,0.0,0.0,9.0,4.0,0.0,0.0,0.0,0.0,0.0,0.0,0.0,0.0,3.0,12.0,1.0,12.15,5.01,2.51,1.49,0.0,0.0,0.0,0.4,0.0,-0.2,-0.9,0.4,-169.70000000000002,0.0,0.0,169.8,0.0,21.8,29.1,29.1,29.700000000000003,300.0,300.0,31.5,35.6,29.0,28.200000000000003,30.1,4.96,1.99,4.96,0.16,0.0,0.0,1027.0,8228.0,0.0,0.0,0.0,0.0,0.0,1.0,0.0,0.0,0.0,0.0,0.0,-0.7000000000000001,0.0,-0.6000000000000001,0.0,0.0002,16.0,25903.0
2026-07-30T19:01:58.292Z,287.775,287.79,0.0,7.4,0.0,0.0,0.0,0.0,0.0,0.0,0.0,0.0,1.0,0.0,0.0,0.0,9.0,4.0,0.0,0.0,0.0,0.0,0.0,0.0,0.0,0.0,4.0,12.0,1.0,12.15,5.01,2.51,1.49,0.0,0.0,0.0,0.4,0.0,-0.2,-0.3,-2.4000000000000004,-169.70000000000002,0.0,0.0,169.8,0.0,21.8,29.1,29.1,29.700000000000003,300.0,300.0,31.5,35.6,29.0,28.200000000000003,30.1,4.95,1.99,4.96,0.16,0.0,0.0,1027.0,8228.0,0.0,0.0,0.0,0.0,0.0,1.0,0.0,0.0,0.0,0.0,0.0,-2.2,0.0,2.0,0.0,0.0001,16.0,25903.0
2026-07-30T19:01:58.305Z,287.788,287.802,0.0,7.4,0.0,0.0,0.0,0.0,0.0,0.0,0.0,0.0,1.0,0.0,0.0,0.0,9.0,4.0,0.0,0.0,0.0,0.0,0.0,0.0,0.0,0.0,5.0,12.0,1.0,12.15,5.01,2.51,1.49,0.0,0.0,0.0,0.5,0.0,0.8,1.3,0.0,-169.70000000000002,0.0,0.0,169.8,0.0,21.8,29.1,29.1,29.700000000000003,300.0,300.0,31.5,35.6,29.0,28.200000000000003,30.1,4.95,1.99,4.97,0.16,0.0,0.0,1027.0,8228.0,0.0,0.0,0.0,0.0,0.0,1.0,0.0,0.0,0.0,0.0,0.0,1.5,0.0,0.3,0.0,0.0001,16.0,25903.0
2026-07-30T19:01:58.317Z,287.8,287.814,0.0,7.4,0.0,0.0,0.0,0.0,0.0,0.0,0.0,0.0,1.0,0.0,0.0,0.0,9.0,4.0,0.0,0.0,0.0,0.0,0.0,0.0,0.0,0.0,6.0,12.0,1.0,12.15,5.01,2.51,1.49,0.0,0.0,0.0,0.4,0.0,0.3,1.3,0.0,-169.70000000000002,0.0,0.0,169.8,0.0,21.8,29.1,29.1,29.700000000000003,300.0,300.0,31.5,35.6,29.0,28.200000000000003,30.1,4.95,1.99,4.97,0.16,0.0,0.0,1027.0,8228.0,0.0,0.0,0.0,0.0,0.0,1.0,0.0,0.0,0.0,0.0,0.0,1.4,0.0,0.3,0.0,0.0,16.0,25903.0
2026-07-30T19:01:58.329Z,287.812,287.826,0.0,7.4,0.0,0.0,0.0,0.0,0.0,0.0,0.0,0.0,1.0,0.0,0.0,0.0,9.0,4.0,0.0,0.0,0.0,0.0,0.0,0.0,0.0,0.0,1.0,12.0,1.0,12.15,5.01,2.51,1.49,0.0,0.0,0.0,0.4,0.0,-0.2,-0.3,0.5,-169.70000000000002,0.0,0.0,169.8,0.0,21.8,29.1,29.1,29.700000000000003,300.0,300.0,31.5,35.6,29.0,28.200000000000003,30.1,4.96,1.99,4.96,0.16,0.0,0.0,1027.0,8228.0,0.0,0.0,0.0,0.0,0.0,1.0,0.0,0.0,0.0,0.0,0.0,0.0,0.0,-0.5,0.0,0.0,16.0,25903.0
2026-07-30T19:01:58.340Z,287.823,287.838,0.0,7.4,0.0,0.0,0.0,0.0,0.0,0.0,0.0,0.0,1.0,0.0,0.0,0.0,9.0,4.0,0.0,0.0,0.0,0.0,0.0,0.0,0.0,0.0,3.0,12.0,1.0,12.15,5.01,2.51,1.49,0.0,0.0,0.0,0.4,0.0,0.9,0.7000000000000001,-0.6000000000000001,-169.70000000000002,0.0,0.0,169.8,0.0,21.8,29.1,29.1,29.700000000000003,300.0,300.0,31.5,35.7,29.0,28.200000000000003,30.1,4.95,2.0,4.97,0.16,0.0,0.0,1027.0,8228.0,0.0,0.0,0.0,0.0,0.0,1.0,0.0,0.0,0.0,0.0,0.0,0.3,0.0,0.7000000000000001,0.0,0.0,16.0,25903.0
2026-07-30T19:01:58.352Z,287.835,287.85,0.0,7.4,0.0,0.0,0.0,0.0,0.0,0.0,0.0,0.0,1.0,0.0,0.0,0.0,9.0,4.0,0.0,0.0,0.0,0.0,0.0,0.0,0.0,0.0,4.0,12.0,1.0,12.15,5.01,2.51,1.49,0.0,0.0,0.0,0.4,0.0,0.3,-0.4,-1.2000000000000002,-169.70000000000002,0.0,0.0,169.8,0.0,21.8,29.1,29.1,29.700000000000003,300.0,300.0,31.5,35.7,29.0,28.200000000000003,30.1,4.95,1.99,4.96,0.16,0.0,0.0,1027.0,8228.0,0.0,0.0,0.0,0.0,0.0,1.0,0.0,0.0,0.0,0.0,0.0,-1.4,0.0,1.0,0.0,0.0,16.0,25903.0
2026-07-30T19:01:58.365Z,287.848,287.862,0.0,7.4,0.0,0.0,0.0,0.0,0.0,0.0,0.0,0.0,1.0,0.0,0.0,0.0,9.0,4.0,0.0,0.0,0.0,0.0,0.0,0.0,0.0,0.0,4.0,12.0,1.0,12.15,5.01,2.51,1.49,0.0,0.0,0.0,0.5,0.0,0.9,0.6000000000000001,1.6,-169.70000000000002,0.0,0.0,169.8,0.0,21.8,29.1,29.1,29.700000000000003,300.0,300.0,31.5,35.7,29.0,28.200000000000003,30.1,4.95,2.0,4.96,0.16,0.0,0.0,1027.0,8228.0,0.0,0.0,0.0,0.0,0.0,1.0,0.0,0.0,0.0,0.0,0.0,2.0,0.0,-1.3,0.0,0.0,16.0,25903.0
2026-07-30T19:01:58.376Z,287.859,287.874,0.0,7.4,0.0,0.0,0.0,0.0,0.0,0.0,0.0,0.0,1.0,0.0,0.0,0.0,9.0,4.0,0.0,0.0,0.0,0.0,0.0,0.0,0.0,0.0,5.0,12.0,1.0,12.15,5.01,2.51,1.49,0.0,0.0,0.0,0.5,0.0,-0.2,-0.4,0.4,-169.70000000000002,0.0,0.0,169.8,0.0,21.8,29.1,29.1,29.700000000000003,300.0,300.0,31.5,35.7,29.0,28.200000000000003,30.1,4.96,2.0,4.96,0.16,0.0,0.0,1027.0,8228.0,0.0,0.0,0.0,0.0,0.0,1.0,0.0,0.0,0.0,0.0,0.0,-0.1,0.0,-0.5,0.0,0.0,16.0,25903.0
2026-07-30T19:01:58.389Z,287.872,287.886,0.0,7.4,0.0,0.0,0.0,0.0,0.0,0.0,0.0,0.0,1.0,0.0,0.0,0.0,9.0,4.0,0.0,0.0,0.0,0.0,0.0,0.0,0.0,0.0,6.0,12.0,1.0,12.15,5.01,2.51,1.49,0.0,0.1,0.0,0.4,0.0,-0.2,-1.0,0.5,-169.70000000000002,0.0,0.0,169.70000000000002,0.0,21.8,29.1,29.1,29.700000000000003,300.0,300.0,31.5,35.7,29.0,28.200000000000003,30.1,4.95,1.99,4.97,0.16,0.0,0.0,1027.0,8228.0,0.0,0.0,0.0,0.0,0.0,1.0,0.0,0.0,0.0,0.0,0.0,-0.8,0.0,-0.6000000000000001,0.0,0.0,16.0,25903.0
2026-07-30T19:01:58.401Z,287.884,287.898,0.0,7.4,0.0,0.0,0.0,0.0,0.0,0.0,0.0,0.0,1.0,0.0,0.0,0.0,9.0,4.0,0.0,0.0,0.0,0.0,0.0,0.0,0.0,0.0,1.0,12.0,1.0,12.15,5.01,2.51,1.49,0.0,0.0,0.0,0.4,0.0,0.3,0.7000000000000001,0.0,-169.70000000000002,0.0,0.0,169.70000000000002,0.0,21.8,29.1,29.1,29.700000000000003,300.0,300.0,31.5,35.7,29.0,28.200000000000003,30.1,4.95,2.0,4.97,0.16,0.0,0.0,1027.0,8228.0,0.0,0.0,0.0,0.0,0.0,1.0,0.0,0.0,0.0,0.0,0.0,0.7000000000000001,0.0,0.1,0.0,0.0001,16.0,25903.0
2026-07-30T19:01:58.413Z,287.896,287.91,0.0,7.4,0.0,0.0,0.0,0.0,0.0,0.0,0.0,0.0,1.0,0.0,0.0,0.0,9.0,4.0,0.0,0.0,0.0,0.0,0.0,0.0,0.0,0.0,2.0,12.0,1.0,12.15,5.01,2.51,1.49,0.0,0.0,0.0,0.5,0.0,-0.2,0.1,-0.5,-169.70000000000002,0.0,0.0,169.8,0.0,21.8,29.1,29.1,29.700000000000003,300.0,300.0,31.5,35.7,29.0,28.200000000000003,30.1,4.96,1.99,4.97,0.16,0.0,0.0,1027.0,8228.0,0.0,0.0,0.0,0.0,0.0,1.0,0.0,0.0,0.0,0.0,0.0,-0.2,0.0,0.5,0.0,0.0001,16.0,25903.0
2026-07-30T19:01:58.425Z,287.908,287.922,0.0,7.4,0.0,0.0,0.0,0.0,0.0,0.0,0.0,0.0,1.0,0.0,0.0,0.0,9.0,4.0,0.0,0.0,0.0,0.0,0.0,0.0,0.0,0.0,3.0,12.0,1.0,12.15,5.01,2.51,1.49,0.0,0.0,0.0,0.4,0.0,0.3,0.7000000000000001,0.6000000000000001,-169.70000000000002,0.0,0.0,169.8,0.0,21.8,29.1,29.1,29.700000000000003,300.0,300.0,31.5,35.7,29.0,28.200000000000003,30.1,4.95,1.99,4.97,0.16,0.0,0.0,1027.0,8228.0,0.0,0.0,0.0,0.0,0.0,1.0,0.0,0.0,0.0,0.0,0.0,1.2000000000000002,0.0,-0.4,0.0,0.0001,16.0,25903.0
2026-07-30T19:01:58.437Z,287.92,287.934,0.0,7.4,0.0,0.0,0.0,0.0,0.0,0.0,0.0,0.0,1.0,0.0,0.0,0.0,9.0,4.0,0.0,0.0,0.0,0.0,0.0,0.0,0.0,0.0,4.0,12.0,1.0,12.2,5.0200000000000005,2.51,1.49,0.0,0.0,0.0,0.4,0.0,-0.8,-0.4,1.2000000000000002,-169.70000000000002,0.0,0.0,169.8,0.0,21.4,29.1,29.1,29.700000000000003,300.0,300.0,31.6,35.7,29.0,28.200000000000003,30.1,4.96,1.99,4.97,0.16,0.0,0.0,1027.0,8228.0,0.0,0.0,0.0,0.0,0.0,1.0,0.0,0.0,0.0,0.0,0.0,0.3,0.0,-1.1,0.0,0.0001,16.0,25903.0
2026-07-30T19:01:58.449Z,287.932,287.946,0.0,7.4,0.0,0.0,0.0,0.0,0.0,0.0,0.0,0.0,1.0,0.0,0.0,0.0,9.0,4.0,0.0,0.0,0.0,0.0,0.0,0.0,0.0,0.0,5.0,12.0,1.0,12.2,5.0200000000000005,2.51,1.49,0.0,0.0,0.0,0.4,0.0,0.3,1.2000000000000002,0.0,-169.70000000000002,0.0,0.0,169.8,0.0,21.4,29.1,29.1,29.700000000000003,300.0,300.0,31.6,35.7,29.0,28.200000000000003,30.1,4.96,1.99,4.97,0.16,0.0,0.0,1027.0,8228.0,0.0,0.0,0.0,0.0,0.0,1.0,0.0,0.0,0.0,0.0,0.0,1.4,0.0,0.2,0.0,0.0001,16.0,25903.0
2026-07-30T19:01:58.461Z,287.944,287.958,0.0,7.4,0.0,0.0,0.0,0.0,0.0,0.0,0.0,0.0,1.0,0.0,0.0,0.0,9.0,4.0,0.0,0.0,0.0,0.0,0.0,0.0,0.0,0.0,6.0,12.0,1.0,12.2,5.0200000000000005,2.51,1.49,0.0,0.0,0.0,0.4,0.0,-0.8,0.1,0.0,-169.70000000000002,0.0,0.0,169.8,0.0,21.4,29.1,29.1,29.700000000000003,300.0,300.0,31.6,35.7,29.0,28.200000000000003,30.1,4.95,1.99,4.97,0.16,0.0,0.0,1027.0,8228.0,0.0,0.0,0.0,0.0,0.0,1.0,0.0,0.0,0.0,0.0,0.0,0.1,0.0,0.0,0.0,0.0,16.0,25903.0
2026-07-30T19:01:58.472Z,287.955,287.97,0.0,7.4,0.0,0.0,0.0,0.0,0.0,0.0,0.0,0.0,1.0,0.0,0.0,0.0,9.0,4.0,0.0,0.0,0.0,0.0,0.0,0.0,0.0,0.0,1.0,12.0,1.0,12.2,5.0200000000000005,2.51,1.49,0.0,0.0,0.0,0.4,0.0,0.9,-0.4,0.0,-169.70000000000002,0.0,0.0,169.70000000000002,0.0,21.4,29.1,29.1,29.700000000000003,300.0,300.0,31.6,35.7,29.0,28.200000000000003,30.1,4.95,1.99,4.97,0.16,0.0,0.0,1027.0,8228.0,0.0,0.0,0.0,0.0,0.0,1.0,0.0,0.0,0.0,0.0,0.0,-0.3,0.0,-0.1,0.0,0.0001,16.0,25903.0
2026-07-30T19:01:58.484Z,287.967,287.982,0.0,7.4,0.0,0.0,0.0,0.0,0.0,0.0,0.0,0.0,1.0,0.0,0.0,0.0,9.0,4.0,0.0,0.0,0.0,0.0,0.0,0.0,0.0,0.0,3.0,12.0,1.0,12.2,5.0200000000000005,2.51,1.49,0.0,0.1,0.0,0.4,0.0,0.3,0.1,0.0,-169.70000000000002,0.0,0.0,169.60000000000002,0.0,21.4,29.1,29.1,29.700000000000003,300.0,300.0,31.6,35.7,29.0,28.200000000000003,30.1,4.95,1.99,4.96,0.16,0.0,0.0,1027.0,8228.0,0.0,0.0,0.0,0.0,0.0,1.0,0.0,0.0,0.0,0.0,0.0,0.2,0.0,0.0,0.0,0.0001,16.0,25903.0
2026-07-30T19:01:58.496Z,287.979,287.994,0.0,7.4,0.0,0.0,0.0,0.0,0.0,0.0,0.0,0.0,1.0,0.0,0.0,0.0,9.0,4.0,0.0,0.0,0.0,0.0,0.0,0.0,0.0,0.0,4.0,12.0,1.0,12.2,5.0200000000000005,2.51,1.49,0.0,0.1,0.0,0.4,0.0,-0.2,0.1,-1.0,-169.70000000000002,0.0,0.0,169.70000000000002,0.0,21.4,29.1,29.1,29.700000000000003,300.0,300.0,31.6,35.7,29.0,28.200000000000003,30.1,4.95,1.99,4.97,0.16,0.0,0.0,1027.0,8228.0,0.0,0.0,0.0,0.0,0.0,1.0,0.0,0.0,0.0,0.0,0.0,-0.6000000000000001,0.0,0.9,0.0,0.0,16.0,25903.0
2026-07-30T19:01:58.508Z,287.991,288.00600000000003,0.0,7.4,0.0,0.0,0.0,0.0,0.0,0.0,0.0,0.0,1.0,0.0,0.0,0.0,9.0,4.0,0.0,0.0,0.0,0.0,0.0,0.0,0.0,0.0,6.0,12.0,1.0,12.2,5.0200000000000005,2.51,1.49,0.0,0.0,0.0,0.4,0.0,-0.8,0.7000000000000001,0.0,-169.70000000000002,0.0,0.0,169.8,0.0,21.4,29.1,29.1,29.700000000000003,300.0,300.0,31.6,35.7,29.0,28.200000000000003,30.1,4.96,1.99,4.97,0.16,0.0,0.0,1027.0,8228.0,0.0,0.0,0.0,0.0,0.0,1.0,0.0,0.0,0.0,0.0,0.0,0.9,0.0,0.0,0.0,0.0,16.0,25903.0
2026-07-30T19:01:58.520Z,288.003,288.01800000000003,0.0,7.4,0.0,0.0,0.0,0.0,0.0,0.0,0.0,0.0,1.0,0.0,0.0,0.0,9.0,4.0,0.0,0.0,0.0,0.0,0.0,0.0,0.0,0.0,2.0,12.0,1.0,12.2,5.0200000000000005,2.51,1.49,0.0,0.0,0.0,0.4,0.0,-0.2,-0.4,1.1,-169.70000000000002,0.0,0.0,169.70000000000002,0.0,21.4,29.1,29.1,29.700000000000003,300.0,300.0,31.6,35.7,29.0,28.200000000000003,30.1,4.96,1.99,4.96,0.16,0.0,0.0,1027.0,8228.0,0.0,0.0,0.0,0.0,0.0,1.0,0.0,0.0,0.0,0.0,0.0,0.4,0.0,-1.1,0.0,0.0001,16.0,25903.0
2026-07-30T19:01:58.533Z,288.016,288.03000000000003,0.0,7.4,0.0,0.0,0.0,0.0,0.0,0.0,0.0,0.0,1.0,0.0,0.0,0.0,9.0,4.0,0.0,0.0,0.0,0.0,0.0,0.0,0.0,0.0,3.0,12.0,1.0,12.2,5.0200000000000005,2.51,1.49,0.0,0.0,0.0,0.4,0.0,-0.8,-1.6,-1.1,-169.70000000000002,0.0,0.0,169.70000000000002,0.0,21.4,29.1,29.1,29.700000000000003,300.0,300.0,31.6,35.7,29.0,28.200000000000003,30.1,4.95,1.99,4.96,0.16,0.0,0.0,1027.0,8228.0,0.0,0.0,0.0,0.0,0.0,1.0,0.0,0.0,0.0,0.0,0.0,-1.6,0.0,0.3,0.0,0.0,16.0,25903.0
2026-07-30T19:01:58.545Z,288.028,288.04200000000003,0.0,7.4,0.0,0.0,0.0,0.0,0.0,0.0,0.0,0.0,1.0,0.0,0.0,0.0,9.0,4.0,0.0,0.0,0.0,0.0,0.0,0.0,0.0,0.0,3.0,12.0,1.0,12.15,5.01,2.51,1.49,-0.1,0.1,0.0,0.4,0.0,-0.2,0.6000000000000001,0.0,-169.70000000000002,0.0,0.0,169.70000000000002,0.0,21.700000000000003,29.1,29.1,29.700000000000003,300.0,300.0,31.6,35.6,29.0,28.200000000000003,30.1,4.95,1.99,4.96,0.16,0.0,0.0,1027.0,8228.0,0.0,0.0,0.0,0.0,0.0,1.0,0.0,0.0,0.0,0.0,0.0,-2.1,0.0,0.8,0.0,0.0001,16.0,25903.0
2026-07-30T19:01:58.557Z,288.04,288.05400000000003,0.0,7.4,0.0,0.0,0.0,0.0,0.0,0.0,0.0,0.0,1.0,0.0,0.0,0.0,9.0,4.0,0.0,0.0,0.0,0.0,0.0,0.0,0.0,0.0,4.0,12.0,1.0,12.15,5.01,2.51,1.49,0.0,0.0,0.0,0.4,0.0,-0.3,0.0,1.6,-169.70000000000002,0.0,0.0,169.60000000000002,0.0,21.700000000000003,29.1,29.1,29.700000000000003,300.0,300.0,31.6,35.6,29.0,28.200000000000003,30.1,4.96,2.0,4.96,0.16,0.0,0.0,1027.0,8228.0,0.0,0.0,0.0,0.0,0.0,1.0,0.0,0.0,0.0,0.0,0.0,0.8,0.0,-0.9,0.0,0.0,16.0,25903.0
2026-07-30T19:01:58.569Z,288.052,288.06600000000003,0.0,7.4,0.0,0.0,0.0,0.0,0.0,0.0,0.0,0.0,1.0,0.0,0.0,0.0,9.0,4.0,0.0,0.0,0.0,0.0,0.0,0.0,0.0,0.0,5.0,12.0,1.0,12.15,5.01,2.51,1.49,0.0,0.0,0.0,0.5,0.0,-0.3,0.0,-0.7000000000000001,-169.70000000000002,0.0,0.0,169.60000000000002,0.0,21.700000000000003,29.1,29.1,29.700000000000003,300.0,300.0,31.6,35.6,29.0,28.200000000000003,30.1,4.96,2.0,4.96,0.16,0.0,0.0,1027.0,8228.0,0.0,0.0,0.0,0.0,0.0,1.0,0.0,0.0,0.0,0.0,0.0,-0.7000000000000001,0.0,0.0,0.0,0.0001,16.0,25903.0
2026-07-30T19:01:58.581Z,288.064,288.07800000000003,0.0,7.4,0.0,0.0,0.0,0.0,0.0,0.0,0.0,0.0,1.0,0.0,0.0,0.0,9.0,4.0,0.0,0.0,0.0,0.0,0.0,0.0,0.0,0.0,6.0,12.0,1.0,12.15,5.01,2.51,1.49,0.0,0.0,0.0,0.4,0.0,0.2,-1.1,-0.1,-169.70000000000002,0.0,0.0,169.70000000000002,0.0,21.700000000000003,29.1,29.1,29.700000000000003,300.0,300.0,31.6,35.6,29.0,28.200000000000003,30.1,4.95,1.99,4.96,0.16,0.0,0.0,1027.0,8228.0,0.0,0.0,0.0,0.0,0.0,1.0,0.0,0.0,0.0,0.0,0.0,-1.4,0.0,-0.1,0.0,0.0,16.0,25903.0
2026-07-30T19:01:58.592Z,288.075,288.09000000000003,0.0,7.4,0.0,0.0,0.0,0.0,0.0,0.0,0.0,0.0,1.0,0.0,0.0,0.0,9.0,4.0,0.0,0.0,0.0,0.0,0.0,0.0,0.0,0.0,2.0,12.0,1.0,12.15,5.01,2.51,1.49,0.0,0.0,0.0,0.4,0.0,-0.3,1.2000000000000002,-0.7000000000000001,-169.70000000000002,0.0,0.0,169.70000000000002,0.0,21.700000000000003,29.1,29.1,29.700000000000003,300.0,300.0,31.6,35.6,29.0,28.200000000000003,30.1,4.95,1.99,4.97,0.16,0.0,0.0,1027.0,8228.0,0.0,0.0,0.0,0.0,0.0,1.0,0.0,0.0,0.0,0.0,0.0,0.7000000000000001,0.0,0.9,0.0,0.0,16.0,25903.0
2026-07-30T19:01:58.605Z,288.088,288.10200000000003,0.0,7.4,0.0,0.0,0.0,0.0,0.0,0.0,0.0,0.0,1.0,0.0,0.0,0.0,9.0,4.0,0.0,0.0,0.0,0.0,0.0,0.0,0.0,0.0,3.0,12.0,1.0,12.15,5.01,2.51,1.49,0.0,0.0,0.0,0.4,0.0,0.2,2.4000000000000004,1.5,-169.70000000000002,0.0,0.0,169.60000000000002,0.0,21.700000000000003,29.1,29.1,29.700000000000003,300.0,300.0,31.6,35.6,29.0,28.200000000000003,30.1,4.96,2.0,4.97,0.16,0.0,0.0,1027.0,8228.0,0.0,0.0,0.0,0.0,0.0,1.0,0.0,0.0,0.0,0.0,0.0,3.9,0.0,-0.9,0.0,0.0,16.0,25903.0
2026-07-30T19:01:58.616Z,288.099,288.11400000000003,0.0,7.4,0.0,0.0,0.0,0.0,0.0,0.0,0.0,0.0,1.0,0.0,0.0,0.0,9.0,4.0,0.0,0.0,0.0,0.0,0.0,0.0,0.0,0.0,4.0,12.0,1.0,12.15,5.01,2.51,1.49,0.0,0.0,0.0,0.4,0.0,-0.2,0.0,-0.1,-169.70000000000002,0.0,0.0,169.8,0.0,21.700000000000003,29.1,29.1,29.700000000000003,300.0,300.0,31.6,35.6,29.0,28.200000000000003,30.1,4.95,2.0,4.96,0.16,0.0,0.0,1027.0,8228.0,0.0,0.0,0.0,0.0,0.0,1.0,0.0,0.0,0.0,0.0,0.0,0.0,0.0,0.1,0.0,0.0,16.0,25903.0
2026-07-30T19:01:58.629Z,288.112,288.12600000000003,0.0,7.4,0.0,0.0,0.0,0.0,0.0,0.0,0.0,0.0,1.0,0.0,0.0,0.0,9.0,4.0,0.0,0.0,0.0,0.0,0.0,0.0,0.0,0.0,5.0,12.0,1.0,12.15,5.01,2.51,1.49,0.0,0.1,0.0,0.4,0.0,-0.2,0.0,-0.6000000000000001,-169.70000000000002,0.0,0.0,169.70000000000002,0.0,21.700000000000003,29.1,29.1,29.700000000000003,300.0,300.0,31.6,35.6,29.0,28.200000000000003,30.1,4.96,1.99,4.97,0.16,0.0,0.0,1027.0,8228.0,0.0,0.0,0.0,0.0,0.0,1.0,0.0,0.0,0.0,0.0,0.0,-0.4,0.0,0.6000000000000001,0.0,0.0002,16.0,25903.0
2026-07-30T19:01:58.642Z,288.125,288.13800000000003,0.0,7.4,0.0,0.0,0.0,0.0,0.0,0.0,0.0,0.0,1.0,0.0,0.0,0.0,9.0,4.0,0.0,0.0,0.0,0.0,0.0,0.0,0.0,0.0,6.0,12.0,1.0,12.17,5.01,2.51,1.49,0.0,0.0,0.0,0.4,0.0,-0.2,-0.4,-0.1,-169.70000000000002,0.0,0.0,169.60000000000002,0.0,21.4,29.1,29.1,29.700000000000003,300.0,300.0,31.6,35.7,29.0,28.200000000000003,30.1,4.96,1.99,4.96,0.16,0.0,0.0,1027.0,8228.0,0.0,0.0,0.0,0.0,0.0,1.0,0.0,0.0,0.0,0.0,0.0,-0.6000000000000001,0.0,0.0,0.0,0.0,16.0,25903.0
2026-07-30T19:01:58.653Z,288.136,288.15000000000003,0.0,7.4,0.0,0.0,0.0,0.0,0.0,0.0,0.0,0.0,1.0,0.0,0.0,0.0,9.0,4.0,0.0,0.0,0.0,0.0,0.0,0.0,0.0,0.0,1.0,12.0,1.0,12.17,5.01,2.51,1.49,0.0,0.1,0.0,0.4,0.0,0.8,1.2000000000000002,0.4,-169.70000000000002,0.0,0.0,169.70000000000002,0.0,21.4,29.1,29.1,29.700000000000003,300.0,300.0,31.6,35.7,29.0,28.200000000000003,30.1,4.96,1.99,4.96,0.16,0.0,0.0,1027.0,8228.0,0.0,0.0,0.0,0.0,0.0,1.0,0.0,0.0,0.0,0.0,0.0,1.8,0.0,-0.1,0.0,0.0001,16.0,25903.0
2026-07-30T19:01:58.665Z,288.148,288.162,0.0,7.4,0.0,0.0,0.0,0.0,0.0,0.0,0.0,0.0,1.0,0.0,0.0,0.0,9.0,4.0,0.0,0.0,0.0,0.0,0.0,0.0,0.0,0.0,2.0,12.0,1.0,12.17,5.01,2.51,1.49,0.0,0.0,0.0,0.4,0.0,0.3,-1.0,-0.7000000000000001,-169.70000000000002,0.0,0.0,169.70000000000002,0.0,21.4,29.1,29.1,29.700000000000003,300.0,300.0,31.6,35.7,29.0,28.200000000000003,30.1,4.95,1.99,4.97,0.16,0.0,0.0,1027.0,8228.0,0.0,0.0,0.0,0.0,0.0,1.0,0.0,0.0,0.0,0.0,0.0,-1.7000000000000002,0.0,0.4,0.0,0.0001,16.0,25903.0
2026-07-30T19:01:58.677Z,288.16,288.174,0.0,7.4,0.0,0.0,0.0,0.0,0.0,0.0,0.0,0.0,1.0,0.0,0.0,0.0,9.0,4.0,0.0,0.0,0.0,0.0,0.0,0.0,0.0,0.0,3.0,12.0,1.0,12.17,5.01,2.51,1.49,0.0,0.0,0.0,0.4,0.0,0.3,0.1,0.0,-169.70000000000002,0.0,0.0,169.8,0.0,21.4,29.1,29.1,29.700000000000003,300.0,300.0,31.6,35.7,29.0,28.200000000000003,30.1,4.96,1.99,4.96,0.16,0.0,0.0,1027.0,8228.0,0.0,0.0,0.0,0.0,0.0,1.0,0.0,0.0,0.0,0.0,0.0,0.0,0.0,0.0,0.0,0.0,16.0,25903.0
2026-07-30T19:01:58.688Z,288.171,288.186,0.0,7.4,0.0,0.0,0.0,0.0,0.0,0.0,0.0,0.0,1.0,0.0,0.0,0.0,9.0,4.0,0.0,0.0,0.0,0.0,0.0,0.0,0.0,0.0,4.0,12.0,1.0,12.17,5.01,2.51,1.49,0.0,0.0,0.0,0.4,0.0,0.3,1.2000000000000002,0.5,-169.70000000000002,0.0,0.0,169.70000000000002,0.0,21.4,29.1,29.1,29.700000000000003,300.0,300.0,31.6,35.7,29.0,28.200000000000003,30.1,4.96,1.99,4.96,0.16,0.0,0.0,1027.0,8228.0,0.0,0.0,0.0,0.0,0.0,1.0,0.0,0.0,0.0,0.0,0.0,1.7000000000000002,0.0,-0.2,0.0,0.0001,16.0,25903.0
2026-07-30T19:01:58.700Z,288.183,288.198,0.0,7.4,0.0,0.0,0.0,0.0,0.0,0.0,0.0,0.0,1.0,0.0,0.0,0.0,9.0,4.0,0.0,0.0,0.0,0.0,0.0,0.0,0.0,0.0,6.0,12.0,1.0,12.17,5.01,2.51,1.49,0.0,0.0,0.0,0.4,0.0,-0.2,0.0,1.1,-169.70000000000002,0.0,0.0,169.70000000000002,0.0,21.4,29.1,29.1,29.700000000000003,300.0,300.0,31.6,35.7,29.0,28.200000000000003,30.1,4.95,1.99,4.96,0.16,0.0,0.0,1027.0,8228.0,0.0,0.0,0.0,0.0,0.0,1.0,0.0,0.0,0.0,0.0,0.0,0.8,0.0,-0.9,0.0,0.0,16.0,25903.0
2026-07-30T19:01:58.712Z,288.195,288.21,0.0,7.4,0.0,0.0,0.0,0.0,0.0,0.0,0.0,0.0,1.0,0.0,0.0,0.0,9.0,4.0,0.0,0.0,0.0,0.0,0.0,0.0,0.0,0.0,1.0,12.0,1.0,12.17,5.01,2.51,1.49,0.0,0.0,0.0,0.5,0.0,0.2,0.6000000000000001,0.5,-169.70000000000002,0.0,0.0,169.70000000000002,0.0,21.4,29.1,29.1,29.700000000000003,300.0,300.0,31.6,35.7,29.0,28.200000000000003,30.1,4.95,1.99,4.97,0.16,0.0,0.0,1027.0,8228.0,0.0,0.0,0.0,0.0,0.0,1.0,0.0,0.0,0.0,0.0,0.0,1.1,0.0,-0.3,0.0,0.0001,16.0,25903.0
2026-07-30T19:01:58.725Z,288.208,288.222,0.0,7.4,0.0,0.0,0.0,0.0,0.0,0.0,0.0,0.0,1.0,0.0,0.0,0.0,9.0,4.0,0.0,0.0,0.0,0.0,0.0,0.0,0.0,0.0,2.0,12.0,1.0,12.17,5.01,2.51,1.49,0.0,0.0,0.0,0.5,0.0,-0.8,-1.7000000000000002,-1.1,-169.70000000000002,0.0,0.0,169.8,0.0,21.4,29.1,29.1,29.700000000000003,300.0,300.0,31.6,35.7,29.0,28.200000000000003,30.1,4.96,2.0,4.96,0.16,0.0,0.0,1027.0,8228.0,0.0,0.0,0.0,0.0,0.0,1.0,0.0,0.0,0.0,0.0,0.0,-2.8000000000000003,0.0,0.6000000000000001,0.0,0.0001,16.0,25903.0
2026-07-30T19:01:58.737Z,288.22,288.234,0.0,7.4,0.0,0.0,0.0,0.0,0.0,0.0,0.0,0.0,1.0,0.0,0.0,0.0,9.0,4.0,0.0,0.0,0.0,0.0,0.0,0.0,0.0,0.0,3.0,12.0,1.0,12.17,5.01,2.51,1.49,0.0,0.0,0.0,0.5,0.0,-0.3,0.0,0.5,-169.70000000000002,0.0,0.0,169.8,0.0,21.4,29.1,29.1,29.700000000000003,300.0,300.0,31.6,35.7,29.0,28.200000000000003,30.1,4.96,1.99,4.97,0.15,0.0,0.0,1027.0,8228.0,0.0,0.0,0.0,0.0,0.0,1.0,0.0,0.0,0.0,0.0,0.0,0.4,0.0,-0.5,0.0,0.0002,16.0,25903.0
2026-07-30T19:01:58.748Z,288.231,288.246,0.0,7.4,0.0,0.0,0.0,0.0,0.0,0.0,0.0,0.0,1.0,0.0,0.0,0.0,9.0,4.0,0.0,0.0,0.0,0.0,0.0,0.0,0.0,0.0,4.0,12.0,1.0,12.14,5.0200000000000005,2.5,1.5,0.0,0.0,0.0,0.5,0.0,0.2,0.0,0.0,-169.70000000000002,0.0,0.0,169.70000000000002,0.0,21.700000000000003,29.1,29.1,29.700000000000003,300.0,300.0,31.6,35.7,29.0,28.200000000000003,30.1,4.95,1.99,4.97,0.16,0.0,0.0,1027.0,8228.0,0.0,0.0,0.0,0.0,0.0,1.0,0.0,0.0,0.0,0.0,0.0,0.0,0.0,0.0,0.0,0.0001,16.0,25903.0
2026-07-30T19:01:58.760Z,288.243,288.258,0.0,7.4,0.0,0.0,0.0,0.0,0.0,0.0,0.0,0.0,1.0,0.0,0.0,0.0,9.0,4.0,0.0,0.0,0.0,0.0,0.0,0.0,0.0,0.0,6.0,12.0,1.0,12.14,5.0200000000000005,2.5,1.5,0.0,0.0,0.0,0.5,0.0,0.2,0.6000000000000001,0.0,-169.70000000000002,0.0,0.0,169.70000000000002,0.0,21.700000000000003,29.1,29.1,29.700000000000003,300.0,300.0,31.6,35.7,29.0,28.200000000000003,30.1,4.96,1.99,4.96,0.16,0.0,0.0,1027.0,8228.0,0.0,0.0,0.0,0.0,0.0,1.0,0.0,0.0,0.0,0.0,0.0,0.6000000000000001,0.0,0.1,0.0,0.0002,16.0,25903.0
2026-07-30T19:01:58.772Z,288.255,288.27,0.0,7.4,0.0,0.0,0.0,0.0,0.0,0.0,0.0,0.0,1.0,0.0,0.0,0.0,9.0,4.0,0.0,0.0,0.0,0.0,0.0,0.0,0.0,0.0,1.0,12.0,1.0,12.14,5.0200000000000005,2.5,1.5,0.0,0.0,0.0,0.4,0.0,-0.3,0.0,-0.6000000000000001,-169.70000000000002,0.0,0.0,169.8,0.0,21.700000000000003,29.1,29.1,29.700000000000003,300.0,300.0,31.6,35.7,29.0,28.200000000000003,30.1,4.96,2.0,4.96,0.16,0.0,0.0,1027.0,8228.0,0.0,0.0,0.0,0.0,0.0,1.0,0.0,0.0,0.0,0.0,0.0,-0.4,0.0,0.5,0.0,0.0001,16.0,25903.0
2026-07-30T19:01:58.784Z,288.267,288.282,0.0,7.4,0.0,0.0,0.0,0.0,0.0,0.0,0.0,0.0,1.0,0.0,0.0,0.0,9.0,4.0,0.0,0.0,0.0,0.0,0.0,0.0,0.0,0.0,2.0,12.0,1.0,12.14,5.0200000000000005,2.5,1.5,0.0,0.0,0.0,0.4,0.0,-0.2,0.0,0.0,-169.70000000000002,0.0,0.0,169.8,0.0,21.700000000000003,29.1,29.1,29.700000000000003,300.0,300.0,31.6,35.7,29.0,28.200000000000003,30.1,4.96,1.99,4.97,0.16,0.0,0.0,1027.0,8228.0,0.0,0.0,0.0,0.0,0.0,1.0,0.0,0.0,0.0,0.0,0.0,0.0,0.0,0.0,0.0,0.0,16.0,25903.0
2026-07-30T19:01:58.796Z,288.279,288.294,0.0,7.4,0.0,0.0,0.0,0.0,0.0,0.0,0.0,0.0,1.0,0.0,0.0,0.0,9.0,4.0,0.0,0.0,0.0,0.0,0.0,0.0,0.0,0.0,3.0,12.0,1.0,12.14,5.0200000000000005,2.5,1.5,0.0,0.0,0.0,1.1,0.0,-0.3,1.2000000000000002,0.0,-169.70000000000002,0.0,0.0,169.70000000000002,0.0,21.700000000000003,29.1,29.1,29.700000000000003,300.0,300.0,31.6,35.7,29.0,28.200000000000003,30.1,4.96,2.0,4.97,0.16,0.0,0.0,1027.0,8228.0,0.0,0.0,0.0,0.0,0.0,1.0,0.0,0.0,0.0,0.0,0.0,1.3,0.0,0.3,0.0,0.0,16.0,25903.0
2026-07-30T19:01:58.808Z,288.291,288.306,0.0,7.4,0.0,0.0,0.0,0.0,0.0,0.0,0.0,0.0,1.0,0.0,0.0,0.0,9.0,4.0,0.0,0.0,0.0,0.0,0.0,0.0,0.0,0.0,4.0,12.0,1.0,12.14,5.0200000000000005,2.5,1.5,0.0,0.0,0.0,2.1,0.0,0.2,-0.5,0.0,-169.70000000000002,0.0,0.0,169.70000000000002,0.0,21.700000000000003,29.1,29.1,29.700000000000003,300.0,300.0,31.6,35.7,29.0,28.200000000000003,30.1,4.96,2.0,4.97,0.16,0.0,0.0,1027.0,8228.0,0.0,0.0,0.0,0.0,0.0,1.0,0.0,0.0,0.0,0.0,0.0,-0.6000000000000001,0.0,0.0,0.0,0.0,16.0,25903.0
2026-07-30T19:01:58.820Z,288.303,288.318,0.0,7.4,0.0,0.0,0.0,0.0,0.0,0.0,0.0,0.0,1.0,0.0,0.0,0.0,9.0,4.0,0.0,0.0,0.0,0.0,0.0,0.0,0.0,0.0,5.0,12.0,1.0,12.14,5.0200000000000005,2.5,1.5,0.0,0.1,0.0,2.9000000000000004,0.0,-0.3,0.0,0.0,-169.70000000000002,0.0,0.0,169.70000000000002,0.0,21.700000000000003,29.1,29.1,29.700000000000003,300.0,300.0,31.6,35.7,29.0,28.200000000000003,30.1,4.95,1.99,4.97,0.16,0.0,0.0,1027.0,8228.0,0.0,0.0,0.0,0.0,0.0,1.0,0.0,0.0,0.0,0.0,0.0,0.0,0.0,0.0,0.0,0.0002,16.0,25903.0
2026-07-30T19:01:58.832Z,288.315,288.33,0.0,7.4,0.0,0.0,0.0,0.0,0.0,0.0,0.0,0.0,1.0,0.0,0.0,0.0,9.0,4.0,0.0,0.0,0.0,0.0,0.0,0.0,0.0,0.0,6.0,12.0,1.0,12.14,5.0200000000000005,2.5,1.5,0.0,0.0,0.0,3.7,0.0,0.8,0.0,-1.2000000000000002,-169.70000000000002,0.0,0.0,169.60000000000002,0.0,21.700000000000003,29.1,29.1,29.700000000000003,300.0,300.0,31.6,35.7,29.0,28.200000000000003,30.1,4.95,1.99,4.97,0.17,0.0,0.0,1027.0,8228.0,0.0,0.0,0.0,0.0,0.0,1.0,0.0,0.0,0.0,0.0,0.0,-0.8,0.0,1.0,0.0,0.0001,16.0,25903.0
2026-07-30T19:01:58.846Z,288.329,288.342,0.0,7.4,0.0,0.0,0.0,0.0,0.0,0.0,0.0,0.0,1.0,0.0,0.0,0.0,9.0,4.0,0.0,0.0,0.0,0.0,0.0,0.0,0.0,0.0,1.0,12.0,1.0,12.17,5.0200000000000005,2.51,1.49,0.0,0.0,0.0,4.7,0.0,-0.3,-1.0,-1.2000000000000002,-169.70000000000002,0.0,0.0,169.70000000000002,0.0,21.8,29.1,29.1,29.700000000000003,300.0,300.0,31.6,35.6,29.0,28.200000000000003,30.200000000000003,4.96,2.0,4.97,0.16,0.0,0.0,1027.0,8228.0,0.0,0.0,0.0,0.0,0.0,1.0,0.0,0.0,0.0,0.0,0.0,-2.1,0.0,0.8,0.0,0.0001,16.0,25903.0
2026-07-30T19:01:58.856Z,288.339,288.354,0.0,7.4,0.0,0.0,0.0,0.0,0.0,0.0,0.0,0.0,1.0,0.0,0.0,0.0,9.0,4.0,0.0,0.0,0.0,0.0,0.0,0.0,0.0,0.0,2.0,12.0,1.0,12.17,5.0200000000000005,2.51,1.49,0.0,0.0,0.0,5.5,0.0,-0.2,-0.4,0.5,-169.70000000000002,0.0,0.0,169.8,0.0,21.8,29.1,29.1,29.700000000000003,300.0,300.0,31.6,35.6,29.0,28.200000000000003,30.200000000000003,4.96,2.0,4.96,0.16,0.0,0.0,1027.0,8228.0,0.0,0.0,0.0,0.0,0.0,1.0,0.0,0.0,0.0,0.0,0.0,-0.1,0.0,-0.5,0.0,0.0,16.0,25903.0
2026-07-30T19:01:58.868Z,288.351,288.366,0.0,7.4,0.0,0.0,0.0,0.0,0.0,0.0,0.0,0.0,1.0,0.0,0.0,0.0,9.0,4.0,0.0,0.0,0.0,0.0,0.0,0.0,0.0,0.0,3.0,12.0,1.0,12.17,5.0200000000000005,2.51,1.49,0.0,0.0,0.0,6.300000000000001,0.0,0.2,0.0,0.0,-169.70000000000002,0.0,0.0,169.70000000000002,0.0,21.8,29.1,29.1,29.700000000000003,300.0,300.0,31.6,35.6,29.0,28.200000000000003,30.200000000000003,4.96,1.99,4.97,0.16,0.0,0.0,1027.0,8228.0,0.0,0.0,0.0,0.0,0.0,1.0,0.0,0.0,0.0,0.0,0.0,0.0,0.0,0.0,0.0,0.0002,16.0,25903.0
2026-07-30T19:01:58.880Z,288.363,288.378,0.0,7.4,0.0,0.0,0.0,0.0,0.0,0.0,0.0,0.0,1.0,0.0,0.0,0.0,9.0,4.0,0.0,0.0,0.0,0.0,0.0,0.0,0.0,0.0,4.0,12.0,1.0,12.17,5.0200000000000005,2.51,1.49,0.0,0.1,0.0,7.2,0.0,0.9,0.0,-0.6000000000000001,-169.70000000000002,0.0,0.0,169.8,0.0,21.8,29.1,29.1,29.700000000000003,300.0,300.0,31.6,35.6,29.0,28.200000000000003,30.200000000000003,4.96,1.99,4.96,0.16,0.0,0.0,1027.0,8228.0,0.0,0.0,0.0,0.0,0.0,1.0,0.0,0.0,0.0,0.0,0.0,-0.4,0.0,0.6000000000000001,0.0,0.0,16.0,25903.0
2026-07-30T19:01:58.892Z,288.375,288.39,0.0,7.4,0.0,0.0,0.0,0.0,0.0,0.0,0.0,0.0,1.0,0.0,0.0,0.0,9.0,4.0,0.0,0.0,0.0,0.0,0.0,0.0,0.0,0.0,5.0,12.0,1.0,12.17,5.0200000000000005,2.51,1.49,0.0,0.1,0.0,7.9,0.0,-0.2,-0.5,0.0,-169.70000000000002,0.0,0.0,169.70000000000002,0.0,21.8,29.1,29.1,29.700000000000003,300.0,300.0,31.6,35.6,29.0,28.200000000000003,30.200000000000003,4.96,1.99,4.96,0.15,0.0,0.0,1027.0,8228.0,0.0,0.0,0.0,0.0,0.0,1.0,0.0,0.0,0.0,0.0,0.0,-0.6000000000000001,0.0,0.0,0.0,0.0001,16.0,25903.0
2026-07-30T19:01:58.904Z,288.387,288.402,0.0,7.4,0.0,0.0,0.0,0.0,0.0,0.0,0.0,0.0,1.0,0.0,0.0,0.0,9.0,4.0,0.0,0.0,0.0,0.0,0.0,0.0,0.0,0.0,5.0,12.0,1.0,12.17,5.0200000000000005,2.51,1.49,0.0,0.0,0.0,8.700000000000001,0.0,0.9,0.6000000000000001,1.0,-169.70000000000002,0.0,0.0,169.70000000000002,0.0,21.8,29.1,29.1,29.700000000000003,300.0,300.0,31.6,35.6,29.0,28.200000000000003,30.200000000000003,4.95,1.99,4.97,0.16,0.0,0.0,1027.0,8228.0,0.0,0.0,0.0,0.0,0.0,1.0,0.0,0.0,0.0,0.0,0.0,1.4,0.0,-0.7000000000000001,0.0,0.0,16.0,25903.0
2026-07-30T19:01:58.916Z,288.399,288.414,0.0,7.4,0.0,0.0,0.0,0.0,0.0,0.0,0.0,0.0,1.0,0.0,0.0,0.0,9.0,4.0,0.0,0.0,0.0,0.0,0.0,0.0,0.0,0.0,1.0,12.0,1.0,12.17,5.0200000000000005,2.51,1.49,0.0,0.0,0.0,9.5,0.0,0.3,-0.5,1.5,-169.70000000000002,0.0,0.0,169.70000000000002,0.0,21.8,29.1,29.1,29.700000000000003,300.0,300.0,31.6,35.6,29.0,28.200000000000003,30.200000000000003,4.96,2.0,4.97,0.16,0.0,0.0,1027.0,8228.0,0.0,0.0,0.0,0.0,0.0,1.0,0.0,0.0,0.0,0.0,0.0,0.6000000000000001,0.0,-1.5,0.0,0.0001,16.0,25903.0
2026-07-30T19:01:58.928Z,288.411,288.426,0.0,7.4,0.0,0.0,0.0,0.0,0.0,0.0,0.0,0.0,1.0,0.0,0.0,0.0,9.0,4.0,0.0,0.0,0.0,0.0,0.0,0.0,0.0,0.0,2.0,12.0,1.0,12.17,5.0200000000000005,2.51,1.49,0.0,0.0,0.0,10.2,0.0,-0.2,0.0,-0.1,-169.70000000000002,0.0,0.0,169.70000000000002,0.0,21.8,29.1,29.1,29.700000000000003,300.0,300.0,31.6,35.6,29.0,28.200000000000003,30.200000000000003,4.96,1.99,4.97,0.16,0.0,0.0,1027.0,8228.0,0.0,0.0,0.0,0.0,0.0,1.0,0.0,0.0,0.0,0.0,0.0,0.0,0.0,0.1,0.0,0.0,16.0,25903.0
2026-07-30T19:01:58.940Z,288.423,288.438,0.0,7.4,0.0,0.0,0.0,0.0,0.0,0.0,0.0,0.0,1.0,0.0,0.0,0.0,9.0,4.0,0.0,0.0,0.0,0.0,0.0,0.0,0.0,0.0,3.0,12.0,1.0,12.17,5.0200000000000005,2.51,1.49,0.0,0.0,0.0,10.7,0.0,0.3,0.7000000000000001,0.4,-169.70000000000002,0.0,0.0,169.70000000000002,0.0,21.8,29.1,29.1,29.700000000000003,300.0,300.0,31.6,35.6,29.0,28.200000000000003,30.200000000000003,4.95,1.99,4.97,0.16,0.0,0.0,1027.0,8228.0,0.0,0.0,0.0,0.0,0.0,1.0,0.0,0.0,0.0,0.0,0.0,1.1,0.0,-0.2,0.0,0.0001,16.0,25903.0
2026-07-30T19:01:58.952Z,288.435,288.45,0.0,7.4,0.0,0.0,0.0,0.0,0.0,0.0,0.0,0.0,1.0,0.0,0.0,0.0,9.0,4.0,0.0,0.0,0.0,0.0,0.0,0.0,0.0,0.0,3.0,12.0,1.0,12.17,5.0200000000000005,2.51,1.49,0.0,0.1,0.0,10.6,0.0,-0.1,-0.4,1.0,-169.70000000000002,0.0,0.0,169.60000000000002,0.0,21.4,29.1,29.1,29.700000000000003,300.0,300.0,31.5,35.6,29.0,28.200000000000003,30.1,4.95,1.99,4.96,0.16,0.0,0.0,1027.0,8228.0,0.0,0.0,0.0,0.0,0.0,1.0,0.0,0.0,0.0,0.0,0.0,0.2,0.0,-1.0,0.0,0.0,16.0,25903.0
2026-07-30T19:01:58.964Z,288.447,288.462,0.0,7.4,0.0,0.0,0.0,0.0,0.0,0.0,0.0,0.0,1.0,0.0,0.0,0.0,9.0,4.0,0.0,0.0,0.0,0.0,0.0,0.0,0.0,0.0,4.0,12.0,1.0,12.17,5.0200000000000005,2.51,1.49,0.0,0.0,0.0,10.5,0.0,0.4,-1.0,0.4,-169.70000000000002,0.0,0.0,169.60000000000002,0.0,21.4,29.1,29.1,29.700000000000003,300.0,300.0,31.5,35.6,29.0,28.200000000000003,30.1,4.96,1.99,4.96,0.16,0.0,0.0,1027.0,8228.0,0.0,0.0,0.0,0.0,0.0,1.0,0.0,0.0,0.0,0.0,0.0,-0.8,0.0,-0.6000000000000001,0.0,0.0001,16.0,25903.0
2026-07-30T19:01:58.977Z,288.46,288.474,0.0,7.4,0.0,0.0,0.0,0.0,0.0,0.0,0.0,0.0,1.0,0.0,0.0,0.0,9.0,4.0,0.0,0.0,0.0,0.0,0.0,0.0,0.0,0.0,6.0,12.0,1.0,12.17,5.0200000000000005,2.51,1.49,0.0,0.0,0.0,10.4,0.0,-0.1,0.1,1.6,-169.60000000000002,0.0,0.0,169.70000000000002,0.0,21.4,29.1,29.1,29.700000000000003,300.0,300.0,31.5,35.6,29.0,28.200000000000003,30.1,4.96,1.99,4.97,0.16,0.0,0.0,1027.0,8228.0,0.0,0.0,0.0,0.0,0.0,1.0,0.0,0.0,0.0,0.0,0.0,1.3,0.0,-1.4,0.0,0.0,16.0,25903.0
2026-07-30T19:01:58.989Z,288.472,288.486,0.0,7.4,0.0,0.0,0.0,0.0,0.0,0.0,0.0,0.0,1.0,0.0,0.0,0.0,9.0,4.0,0.0,0.0,0.0,0.0,0.0,0.0,0.0,0.0,6.0,12.0,1.0,12.17,5.0200000000000005,2.51,1.49,0.0,0.0,0.0,10.3,0.0,-0.1,0.1,-1.2000000000000002,-169.60000000000002,0.0,0.0,169.60000000000002,0.0,21.4,29.1,29.1,29.700000000000003,300.0,300.0,31.5,35.6,29.0,28.200000000000003,30.1,4.96,2.0,4.97,0.16,0.0,0.0,1027.0,8228.0,0.0,0.0,0.0,0.0,0.0,1.0,0.0,0.0,0.0,0.0,0.0,-0.7000000000000001,0.0,1.1,0.0,0.0001,16.0,25903.0
2026-07-30T19:01:59.001Z,288.484,288.498,0.0,7.4,0.0,0.0,0.0,0.0,0.0,0.0,0.0,0.0,1.0,0.0,0.0,0.0,9.0,4.0,0.0,0.0,0.0,0.0,0.0,0.0,0.0,0.0,2.0,12.0,1.0,12.17,5.0200000000000005,2.51,1.49,0.0,0.0,0.0,10.2,0.0,-0.1,-1.0,0.4,-169.60000000000002,0.0,0.0,169.70000000000002,0.0,21.4,29.1,29.1,29.700000000000003,300.0,300.0,31.5,35.6,29.0,28.200000000000003,30.1,4.96,2.0,4.96,0.16,0.0,0.0,1027.0,8228.0,0.0,0.0,0.0,0.0,0.0,1.0,0.0,0.0,0.0,0.0,0.0,-0.8,0.0,-0.6000000000000001,0.0,0.0,16.0,25903.0
2026-07-30T19:01:59.013Z,288.496,288.51,0.0,7.4,0.0,0.0,0.0,0.0,0.0,0.0,0.0,0.0,1.0,0.0,0.0,0.0,9.0,4.0,0.0,0.0,0.0,0.0,0.0,0.0,0.0,0.0,2.0,12.0,1.0,12.17,5.0200000000000005,2.51,1.49,0.0,0.0,0.0,10.1,0.0,-0.1,-0.5,-0.7000000000000001,-169.70000000000002,0.0,0.0,169.70000000000002,0.0,21.4,29.1,29.1,29.700000000000003,300.0,300.0,31.5,35.6,29.0,28.200000000000003,30.1,4.95,2.0,4.96,0.16,0.0,0.0,1027.0,8228.0,0.0,0.0,0.0,0.0,0.0,1.0,0.0,0.0,0.0,0.0,0.0,-1.1,0.0,0.5,0.0,0.0002,16.0,25903.0
2026-07-30T19:01:59.024Z,288.507,288.522,0.0,7.4,0.0,0.0,0.0,0.0,0.0,0.0,0.0,0.0,1.0,0.0,0.0,0.0,9.0,4.0,0.0,0.0,0.0,0.0,0.0,0.0,0.0,0.0,3.0,12.0,1.0,12.17,5.0200000000000005,2.51,1.49,0.0,0.0,0.0,10.0,0.0,-0.1,0.6000000000000001,1.0,-169.70000000000002,0.0,0.0,169.70000000000002,0.0,21.4,29.1,29.1,29.700000000000003,300.0,300.0,31.5,35.6,29.0,28.200000000000003,30.1,4.95,1.99,4.97,0.16,0.0,0.0,1027.0,8228.0,0.0,0.0,0.0,0.0,0.0,1.0,0.0,0.0,0.0,0.0,0.0,1.5,0.0,-0.7000000000000001,0.0,0.0,16.0,25903.0
2026-07-30T19:01:59.037Z,288.52,288.534,0.0,7.4,0.0,0.0,0.0,0.0,0.0,0.0,0.0,0.0,1.0,0.0,0.0,0.0,9.0,4.0,0.0,0.0,0.0,0.0,0.0,0.0,0.0,0.0,5.0,12.0,1.0,12.17,5.0200000000000005,2.51,1.49,0.0,0.0,0.0,9.9,0.0,-0.1,0.0,-1.3,-169.70000000000002,0.0,0.0,169.70000000000002,0.0,21.4,29.1,29.1,29.700000000000003,300.0,300.0,31.5,35.6,29.0,28.200000000000003,30.1,4.95,2.0,4.97,0.16,0.0,0.0,1027.0,8228.0,0.0,0.0,0.0,0.0,0.0,1.0,0.0,0.0,0.0,0.0,0.0,-0.8,0.0,1.1,0.0,0.0001,16.0,25903.0
2026-07-30T19:01:59.050Z,288.533,288.546,0.0,7.4,0.0,0.0,0.0,0.0,0.0,0.0,0.0,0.0,1.0,0.0,0.0,0.0,9.0,4.0,0.0,0.0,0.0,0.0,0.0,0.0,0.0,0.0,6.0,12.0,1.0,12.18,5.0200000000000005,2.51,1.49,0.0,0.0,0.0,9.8,0.0,0.4,0.7000000000000001,-0.7000000000000001,-169.70000000000002,0.0,0.0,169.70000000000002,0.0,21.8,29.1,29.1,29.700000000000003,300.0,300.0,31.5,35.7,29.0,28.200000000000003,30.1,4.96,2.0,4.96,0.16,0.0,0.0,1027.0,8228.0,0.0,0.0,0.0,0.0,0.0,1.0,0.0,0.0,0.0,0.0,0.0,1.5,0.0,-0.7000000000000001,0.0,0.0001,16.0,25903.0
2026-07-30T19:01:59.060Z,288.543,288.558,0.0,7.4,0.0,0.0,0.0,0.0,0.0,0.0,0.0,0.0,1.0,0.0,0.0,0.0,9.0,4.0,0.0,0.0,0.0,0.0,0.0,0.0,0.0,0.0,2.0,12.0,1.0,12.18,5.0200000000000005,2.51,1.49,0.0,0.1,0.0,9.7,0.0,-0.1,0.6000000000000001,0.4,-169.70000000000002,0.0,0.0,169.60000000000002,0.0,21.8,29.1,29.1,29.700000000000003,300.0,300.0,31.5,35.7,29.0,28.200000000000003,30.1,4.95,1.99,4.97,0.16,0.0,0.0,1027.0,8228.0,0.0,0.0,0.0,0.0,0.0,1.0,0.0,0.0,0.0,0.0,0.0,0.0,0.0,0.1,0.0,0.0001,16.0,25903.0
2026-07-30T19:01:59.072Z,288.555,288.57,0.0,7.4,0.0,0.0,0.0,0.0,0.0,0.0,0.0,0.0,1.0,0.0,0.0,0.0,9.0,4.0,0.0,0.0,0.0,0.0,0.0,0.0,0.0,0.0,3.0,12.0,1.0,12.18,5.0200000000000005,2.51,1.49,0.0,0.0,0.0,9.6,0.0,-0.2,0.0,-0.1,-169.70000000000002,0.0,0.0,169.60000000000002,0.0,21.8,29.1,29.1,29.700000000000003,300.0,300.0,31.5,35.7,29.0,28.200000000000003,30.1,4.95,1.99,4.96,0.16,0.0,0.0,1027.0,8228.0,0.0,0.0,0.0,0.0,0.0,1.0,0.0,0.0,0.0,0.0,0.0,0.3,0.0,-0.3,0.0,0.0001,16.0,25903.0
2026-07-30T19:01:59.085Z,288.568,288.582,0.0,7.4,0.0,0.0,0.0,0.0,0.0,0.0,0.0,0.0,1.0,0.0,0.0,0.0,9.0,4.0,0.0,0.0,0.0,0.0,0.0,0.0,0.0,0.0,4.0,12.0,1.0,12.18,5.0200000000000005,2.51,1.49,0.0,0.1,0.0,9.5,0.0,-0.2,0.0,0.3,-169.70000000000002,0.0,0.0,169.70000000000002,0.0,21.8,29.1,29.1,29.700000000000003,300.0,300.0,31.5,35.7,29.0,28.200000000000003,30.1,4.96,1.99,4.96,0.16,0.0,0.0,1027.0,8228.0,0.0,0.0,0.0,0.0,0.0,1.0,0.0,0.0,0.0,0.0,0.0,-0.4,0.0,0.7000000000000001,0.0,0.0001,16.0,25903.0
2026-07-30T19:01:59.097Z,288.58,288.594,0.0,7.4,0.0,0.0,0.0,0.0,0.0,0.0,0.0,0.0,1.0,0.0,0.0,0.0,9.0,4.0,0.0,0.0,0.0,0.0,0.0,0.0,0.0,0.0,4.0,12.0,1.0,12.18,5.0200000000000005,2.51,1.49,0.0,0.0,0.0,9.4,0.0,0.3,0.6000000000000001,0.3,-169.70000000000002,0.0,0.0,169.8,0.0,21.8,29.1,29.1,29.700000000000003,300.0,300.0,31.5,35.7,29.0,28.200000000000003,30.1,4.95,1.99,4.96,0.16,0.0,0.0,1027.0,8228.0,0.0,0.0,0.0,0.0,0.0,1.0,0.0,0.0,0.0,0.0,0.0,1.0,0.0,-0.1,0.0,0.0001,16.0,25903.0
2026-07-30T19:01:59.108Z,288.591,288.606,0.0,7.4,0.0,0.0,0.0,0.0,0.0,0.0,0.0,0.0,1.0,0.0,0.0,0.0,9.0,4.0,0.0,0.0,0.0,0.0,0.0,0.0,0.0,0.0,6.0,12.0,1.0,12.18,5.0200000000000005,2.51,1.49,0.0,0.0,0.0,9.3,0.0,0.3,-0.5,0.3,-169.70000000000002,0.0,0.0,169.70000000000002,0.0,21.8,29.1,29.1,29.700000000000003,300.0,300.0,31.5,35.7,29.0,28.200000000000003,30.1,4.95,1.99,4.97,0.16,0.0,0.0,1027.0,8228.0,0.0,0.0,0.0,0.0,0.0,1.0,0.0,0.0,0.0,0.0,0.0,-0.2,0.0,-0.4,0.0,0.0,16.0,25903.0
2026-07-30T19:01:59.120Z,288.603,288.618,0.0,7.4,0.0,0.0,0.0,0.0,0.0,0.0,0.0,0.0,1.0,0.0,0.0,0.0,9.0,4.0,0.0,0.0,0.0,0.0,0.0,0.0,0.0,0.0,6.0,12.0,1.0,12.18,5.0200000000000005,2.51,1.49,0.0,0.0,0.0,9.3,0.0,-0.2,1.2000000000000002,0.4,-169.70000000000002,0.0,0.0,169.70000000000002,0.0,21.8,29.1,29.1,29.700000000000003,300.0,300.0,31.5,35.7,29.0,28.200000000000003,30.1,4.95,1.99,4.96,0.16,0.0,0.0,1027.0,8228.0,0.0,0.0,0.0,0.0,0.0,1.0,0.0,0.0,0.0,0.0,0.0,1.7000000000000002,0.0,-0.1,0.0,0.0001,16.0,25903.0
2026-07-30T19:01:59.133Z,288.616,288.63,0.0,7.4,0.0,0.0,0.0,0.0,0.0,0.0,0.0,0.0,1.0,0.0,0.0,0.0,9.0,4.0,0.0,0.0,0.0,0.0,0.0,0.0,0.0,0.0,1.0,12.0,1.0,12.18,5.0200000000000005,2.51,1.49,0.0,0.0,0.0,9.2,0.0,0.3,0.0,-0.1,-169.70000000000002,0.0,0.0,169.70000000000002,0.0,21.8,29.1,29.1,29.700000000000003,300.0,300.0,31.5,35.7,29.0,28.200000000000003,30.1,4.96,1.99,4.96,0.16,0.0,0.0,1027.0,8228.0,0.0,0.0,0.0,0.0,0.0,1.0,0.0,0.0,0.0,0.0,0.0,0.0,0.0,0.1,0.0,0.0001,16.0,25903.0
2026-07-30T19:01:59.144Z,288.627,288.642,0.0,7.4,0.0,0.0,0.0,0.0,0.0,0.0,0.0,0.0,1.0,0.0,0.0,0.0,9.0,4.0,0.0,0.0,0.0,0.0,0.0,0.0,0.0,0.0,3.0,12.0,1.0,12.18,5.0200000000000005,2.51,1.49,0.0,0.0,0.0,9.1,0.0,-0.2,-0.4,1.0,-169.70000000000002,0.0,0.0,169.60000000000002,0.0,21.8,29.1,29.1,29.700000000000003,300.0,300.0,31.5,35.7,29.0,28.200000000000003,30.1,4.95,1.99,4.97,0.16,0.0,0.0,1027.0,8228.0,0.0,0.0,0.0,0.0,0.0,1.0,0.0,0.0,0.0,0.0,0.0,0.1,0.0,-0.9,0.0,0.0001,16.0,25903.0
2026-07-30T19:01:59.156Z,288.639,288.654,0.0,7.4,0.0,0.0,0.0,0.0,0.0,0.0,0.0,0.0,1.0,0.0,0.0,0.0,9.0,4.0,0.0,0.0,0.0,0.0,0.0,0.0,0.0,0.0,4.0,12.0,1.0,12.18,5.0200000000000005,2.5,1.49,0.0,0.0,0.0,9.0,0.0,-0.2,-0.4,-0.7000000000000001,-169.70000000000002,0.0,0.0,169.8,0.0,20.9,29.1,29.1,29.700000000000003,300.0,300.0,31.5,35.7,29.0,28.200000000000003,30.200000000000003,4.96,1.99,4.96,0.16,0.0,0.0,1027.0,8228.0,0.0,0.0,0.0,0.0,0.0,1.0,0.0,0.0,0.0,0.0,0.0,-1.0,0.0,0.5,0.0,0.0001,16.0,25903.0
2026-07-30T19:01:59.168Z,288.651,288.666,0.0,7.4,0.0,0.0,0.0,0.0,0.0,0.0,0.0,0.0,1.0,0.0,0.0,0.0,9.0,4.0,0.0,0.0,0.0,0.0,0.0,0.0,0.0,0.0,5.0,12.0,1.0,12.18,5.0200000000000005,2.5,1.49,0.0,0.0,0.0,8.9,0.0,-0.3,0.0,-0.1,-169.70000000000002,0.0,0.0,169.8,0.0,20.9,29.1,29.1,29.700000000000003,300.0,300.0,31.5,35.7,29.0,28.200000000000003,30.200000000000003,4.96,1.99,4.96,0.16,0.0,0.0,1027.0,8228.0,0.0,0.0,0.0,0.0,0.0,1.0,0.0,0.0,0.0,0.0,0.0,0.0,0.0,0.1,0.0,0.0003,16.0,25903.0
2026-07-30T19:01:59.180Z,288.663,288.678,0.0,7.4,0.0,0.0,0.0,0.0,0.0,0.0,0.0,0.0,1.0,0.0,0.0,0.0,9.0,4.0,0.0,0.0,0.0,0.0,0.0,0.0,0.0,0.0,6.0,12.0,1.0,12.18,5.0200000000000005,2.5,1.49,-0.1,0.0,0.0,8.9,0.0,-0.2,0.6000000000000001,-1.3,-169.70000000000002,0.0,0.0,169.70000000000002,0.0,20.9,29.1,29.1,29.700000000000003,300.0,300.0,31.5,35.7,29.0,28.200000000000003,30.200000000000003,4.96,1.99,4.96,0.16,0.0,0.0,1027.0,8228.0,0.0,0.0,0.0,0.0,0.0,1.0,0.0,0.0,0.0,0.0,0.0,-0.2,0.0,1.3,0.0,0.0001,16.0,25903.0
2026-07-30T19:01:59.192Z,288.675,288.69,0.0,7.4,0.0,0.0,0.0,0.0,0.0,0.0,0.0,0.0,1.0,0.0,0.0,0.0,9.0,4.0,0.0,0.0,0.0,0.0,0.0,0.0,0.0,0.0,1.0,12.0,1.0,12.18,5.0200000000000005,2.5,1.49,0.0,0.0,0.0,8.700000000000001,0.0,0.2,-0.5,0.3,-169.70000000000002,0.0,0.0,169.70000000000002,0.0,20.9,29.1,29.1,29.700000000000003,300.0,300.0,31.5,35.7,29.0,28.200000000000003,30.200000000000003,4.95,1.99,4.97,0.16,0.0,0.0,1027.0,8228.0,0.0,0.0,0.0,0.0,0.0,1.0,0.0,0.0,0.0,0.0,0.0,-0.2,0.0,-0.4,0.0,0.0002,16.0,25903.0
2026-07-30T19:01:59.205Z,288.688,288.702,0.0,7.4,0.0,0.0,0.0,0.0,0.0,0.0,0.0,0.0,1.0,0.0,0.0,0.0,9.0,4.0,0.0,0.0,0.0,0.0,0.0,0.0,0.0,0.0,2.0,12.0,1.0,12.18,5.0200000000000005,2.5,1.49,0.0,0.0,0.0,8.700000000000001,0.0,-0.9,-1.0,-1.3,-169.70000000000002,0.0,0.0,169.8,0.0,20.9,29.1,29.1,29.700000000000003,300.0,300.0,31.5,35.7,29.0,28.200000000000003,30.200000000000003,4.96,2.0,4.96,0.16,0.0,0.0,1027.0,8228.0,0.0,0.0,0.0,0.0,0.0,1.0,0.0,0.0,0.0,0.0,0.0,-2.2,0.0,0.9,0.0,0.0,16.0,25903.0
2026-07-30T19:01:59.217Z,288.7,288.714,0.0,7.4,0.0,0.0,0.0,0.0,0.0,0.0,0.0,0.0,1.0,0.0,0.0,0.0,9.0,4.0,0.0,0.0,0.0,0.0,0.0,0.0,0.0,0.0,3.0,12.0,1.0,12.18,5.0200000000000005,2.5,1.49,0.0,0.0,0.0,8.6,0.0,-0.3,0.6000000000000001,-0.2,-169.70000000000002,0.0,0.0,169.8,0.0,20.9,29.1,29.1,29.700000000000003,300.0,300.0,31.5,35.7,29.0,28.200000000000003,30.200000000000003,4.96,1.99,4.97,0.16,0.0,0.0,1027.0,8228.0,0.0,0.0,0.0,0.0,0.0,1.0,0.0,0.0,0.0,0.0,0.0,0.6000000000000001,0.0,0.3,0.0,0.0001,16.0,25903.0
2026-07-30T19:01:59.229Z,288.712,288.726,0.0,7.4,0.0,0.0,0.0,0.0,0.0,0.0,0.0,0.0,1.0,0.0,0.0,0.0,9.0,4.0,0.0,0.0,0.0,0.0,0.0,0.0,0.0,0.0,4.0,12.0,1.0,12.18,5.0200000000000005,2.5,1.49,0.0,0.0,0.0,8.5,0.0,-0.9,0.0,-0.2,-169.70000000000002,0.0,0.0,169.8,0.0,20.9,29.1,29.1,29.700000000000003,300.0,300.0,31.5,35.7,29.0,28.200000000000003,30.200000000000003,4.95,1.99,4.97,0.16,0.0,0.0,1027.0,8228.0,0.0,0.0,0.0,0.0,0.0,1.0,0.0,0.0,0.0,0.0,0.0,-0.1,0.0,0.2,0.0,0.0001,16.0,25903.0
2026-07-30T19:01:59.241Z,288.724,288.738,0.0,7.4,0.0,0.0,0.0,0.0,0.0,0.0,0.0,0.0,1.0,0.0,0.0,0.0,9.0,4.0,0.0,0.0,0.0,0.0,0.0,0.0,0.0,0.0,5.0,12.0,1.0,12.18,5.0200000000000005,2.5,1.49,0.0,0.0,0.0,8.4,0.0,-0.9,-1.1,-0.8,-169.70000000000002,0.0,0.0,169.8,0.0,20.9,29.1,29.1,29.700000000000003,300.0,300.0,31.5,35.7,29.0,28.200000000000003,30.200000000000003,4.96,1.99,4.96,0.16,0.0,0.0,1027.0,8228.0,0.0,0.0,0.0,0.0,0.0,1.0,0.0,0.0,0.0,0.0,0.0,-1.8,0.0,0.5,0.0,0.0,16.0,25903.0
2026-07-30T19:01:59.254Z,288.737,288.75,0.0,7.4,0.0,0.0,0.0,0.0,0.0,0.0,0.0,0.0,1.0,0.0,0.0,0.0,9.0,4.0,0.0,0.0,0.0,0.0,0.0,0.0,0.0,0.0,6.0,12.0,1.0,12.15,5.01,2.51,1.49,-0.1,0.1,0.0,8.4,0.0,-0.9,-1.7000000000000002,-0.2,-169.70000000000002,0.0,0.0,169.8,0.0,21.8,29.1,29.1,29.700000000000003,300.0,300.0,31.700000000000003,35.7,29.0,28.200000000000003,30.1,4.95,2.0,4.96,0.16,0.0,0.0,1027.0,8228.0,0.0,0.0,0.0,0.0,0.0,1.0,0.0,0.0,0.0,0.0,0.0,-2.1,0.0,-0.1,0.0,0.0,16.0,25903.0
2026-07-30T19:01:59.264Z,288.747,288.762,0.0,7.4,0.0,0.0,0.0,0.0,0.0,0.0,0.0,0.0,1.0,0.0,0.0,0.0,9.0,4.0,0.0,0.0,0.0,0.0,0.0,0.0,0.0,0.0,2.0,12.0,1.0,12.15,5.01,2.51,1.49,0.0,0.0,0.0,8.3,0.0,-0.9,0.0,0.3,-169.70000000000002,0.0,0.0,169.8,0.0,21.8,29.1,29.1,29.700000000000003,300.0,300.0,31.700000000000003,35.7,29.0,28.200000000000003,30.1,4.95,1.99,4.97,0.16,0.0,0.0,1027.0,8228.0,0.0,0.0,0.0,0.0,0.0,1.0,0.0,0.0,0.0,0.0,0.0,0.3,0.0,-0.3,0.0,0.0,16.0,25903.0
2026-07-30T19:01:59.276Z,288.759,288.774,0.0,7.4,0.0,0.0,0.0,0.0,0.0,0.0,0.0,0.0,1.0,0.0,0.0,0.0,9.0,4.0,0.0,0.0,0.0,0.0,0.0,0.0,0.0,0.0,2.0,12.0,1.0,12.15,5.01,2.51,1.49,0.0,0.0,0.0,8.200000000000001,0.0,0.2,0.0,0.3,-169.70000000000002,0.0,0.0,169.8,0.0,21.8,29.1,29.1,29.700000000000003,300.0,300.0,31.700000000000003,35.7,29.0,28.200000000000003,30.1,4.96,1.99,4.97,0.16,0.0,0.0,1027.0,8228.0,0.0,0.0,0.0,0.0,0.0,1.0,0.0,0.0,0.0,0.0,0.0,0.2,0.0,-0.3,0.0,0.0,16.0,25903.0
2026-07-30T19:01:59.288Z,288.771,288.786,0.0,7.4,0.0,0.0,0.0,0.0,0.0,0.0,0.0,0.0,1.0,0.0,0.0,0.0,9.0,4.0,0.0,0.0,0.0,0.0,0.0,0.0,0.0,0.0,4.0,12.0,1.0,12.15,5.01,2.51,1.49,0.0,0.0,0.0,8.1,0.0,0.2,0.6000000000000001,0.3,-169.70000000000002,0.0,0.0,169.8,0.0,21.8,29.1,29.1,29.700000000000003,300.0,300.0,31.700000000000003,35.7,29.0,28.200000000000003,30.1,4.96,1.99,4.96,0.16,0.0,0.0,1027.0,8228.0,0.0,0.0,0.0,0.0,0.0,1.0,0.0,0.0,0.0,0.0,0.0,0.9,0.0,-0.1,0.0,0.0,16.0,25903.0
2026-07-30T19:01:59.301Z,288.784,288.798,0.0,7.4,0.0,0.0,0.0,0.0,0.0,0.0,0.0,0.0,1.0,0.0,0.0,0.0,9.0,4.0,0.0,0.0,0.0,0.0,0.0,0.0,0.0,0.0,4.0,12.0,1.0,12.15,5.01,2.51,1.49,0.0,0.0,0.0,8.1,0.0,0.2,0.0,-0.2,-169.70000000000002,0.0,0.0,169.8,0.0,21.8,29.1,29.1,29.700000000000003,300.0,300.0,31.700000000000003,35.7,29.0,28.200000000000003,30.1,4.95,2.0,4.97,0.16,0.0,0.0,1027.0,8228.0,0.0,0.0,0.0,0.0,0.0,1.0,0.0,0.0,0.0,0.0,0.0,-0.1,0.0,0.2,0.0,0.0,16.0,25903.0
2026-07-30T19:01:59.312Z,288.795,288.81,0.0,7.4,0.0,0.0,0.0,0.0,0.0,0.0,0.0,0.0,1.0,0.0,0.0,0.0,9.0,4.0,0.0,0.0,0.0,0.0,0.0,0.0,0.0,0.0,6.0,12.0,1.0,12.15,5.01,2.51,1.49,0.0,0.0,0.0,8.0,0.0,0.2,0.0,0.9,-169.70000000000002,0.0,0.0,169.8,0.0,21.8,29.1,29.1,29.700000000000003,300.0,300.0,31.700000000000003,35.7,29.0,28.200000000000003,30.1,4.95,1.99,4.97,0.16,0.0,0.0,1027.0,8228.0,0.0,0.0,0.0,0.0,0.0,1.0,0.0,0.0,0.0,0.0,0.0,0.7000000000000001,0.0,-0.8,0.0,0.0,16.0,25903.0
2026-07-30T19:01:59.324Z,288.807,288.822,0.0,7.4,0.0,0.0,0.0,0.0,0.0,0.0,0.0,0.0,1.0,0.0,0.0,0.0,9.0,4.0,0.0,0.0,0.0,0.0,0.0,0.0,0.0,0.0,1.0,12.0,1.0,12.15,5.01,2.51,1.49,0.0,0.0,0.0,7.9,0.0,-0.3,0.0,-0.7000000000000001,-169.70000000000002,0.0,0.0,169.8,0.0,21.8,29.1,29.1,29.700000000000003,300.0,300.0,31.700000000000003,35.7,29.0,28.200000000000003,30.1,4.96,2.0,4.97,0.16,0.0,0.0,1027.0,8228.0,0.0,0.0,0.0,0.0,0.0,1.0,0.0,0.0,0.0,0.0,0.0,-0.5,0.0,0.7000000000000001,0.0,0.0,16.0,25903.0
2026-07-30T19:01:59.336Z,288.819,288.834,0.0,7.4,0.0,0.0,0.0,0.0,0.0,0.0,0.0,0.0,1.0,0.0,0.0,0.0,9.0,4.0,0.0,0.0,0.0,0.0,0.0,0.0,0.0,0.0,2.0,12.0,1.0,12.15,5.01,2.51,1.49,0.0,0.0,0.0,7.9,0.0,0.2,-0.5,0.3,-169.70000000000002,0.0,0.0,169.8,0.0,21.8,29.1,29.1,29.700000000000003,300.0,300.0,31.700000000000003,35.7,29.0,28.200000000000003,30.1,4.95,2.0,4.96,0.16,0.0,0.0,1027.0,8228.0,0.0,0.0,0.0,0.0,0.0,1.0,0.0,0.0,0.0,0.0,0.0,-0.3,0.0,-0.4,0.0,0.0001,16.0,25903.0
2026-07-30T19:01:59.348Z,288.831,288.846,0.0,7.4,0.0,0.0,0.0,0.0,0.0,0.0,0.0,0.0,1.0,0.0,0.0,0.0,9.0,4.0,0.0,0.0,0.0,0.0,0.0,0.0,0.0,0.0,3.0,12.0,1.0,12.15,5.01,2.51,1.49,0.0,0.0,0.0,7.800000000000001,0.0,-0.3,0.0,0.3,-169.70000000000002,0.0,0.0,169.8,0.0,21.8,29.1,29.1,29.700000000000003,300.0,300.0,31.700000000000003,35.7,29.0,28.200000000000003,30.1,4.96,1.99,4.97,0.16,0.0,0.0,1027.0,8228.0,0.0,0.0,0.0,0.0,0.0,1.0,0.0,0.0,0.0,0.0,0.0,0.3,0.0,-0.2,0.0,0.0,16.0,25903.0
2026-07-30T19:01:59.361Z,288.844,288.858,0.0,7.4,0.0,0.0,0.0,0.0,0.0,0.0,0.0,0.0,1.0,0.0,0.0,0.0,9.0,4.0,0.0,0.0,0.0,0.0,0.0,0.0,0.0,0.0,4.0,12.0,1.0,12.17,5.01,2.5,1.5,0.0,0.0,0.0,7.7,0.0,0.2,0.0,-0.8,-169.70000000000002,0.0,0.0,169.70000000000002,0.0,21.3,29.1,29.1,29.700000000000003,300.0,300.0,31.6,35.6,29.0,28.200000000000003,30.1,4.96,1.99,4.96,0.16,0.0,0.0,1027.0,8228.0,0.0,0.0,0.0,0.0,0.0,1.0,0.0,0.0,0.0,0.0,0.0,-0.5,0.0,0.7000000000000001,0.0,0.0,16.0,25903.0
2026-07-30T19:01:59.373Z,288.856,288.87,0.0,7.4,0.0,0.0,0.0,0.0,0.0,0.0,0.0,0.0,1.0,0.0,0.0,0.0,9.0,4.0,0.0,0.0,0.0,0.0,0.0,0.0,0.0,0.0,5.0,12.0,1.0,12.17,5.01,2.5,1.5,0.0,0.0,0.0,7.7,0.0,0.2,0.6000000000000001,0.9,-169.70000000000002,0.0,0.0,169.8,0.0,21.3,29.1,29.1,29.700000000000003,300.0,300.0,31.6,35.6,29.0,28.200000000000003,30.1,4.96,2.0,4.96,0.16,0.0,0.0,1027.0,8228.0,0.0,0.0,0.0,0.0,0.0,1.0,0.0,0.0,0.0,0.0,0.0,1.4,0.0,-0.6000000000000001,0.0,0.0001,16.0,25903.0
2026-07-30T19:01:59.384Z,288.867,288.882,0.0,7.4,0.0,0.0,0.0,0.0,0.0,0.0,0.0,0.0,1.0,0.0,0.0,0.0,9.0,4.0,0.0,0.0,0.0,0.0,0.0,0.0,0.0,0.0,6.0,12.0,1.0,12.17,5.01,2.5,1.5,0.0,0.0,0.0,7.5,0.0,0.8,-1.0,-0.2,-169.70000000000002,0.0,0.0,169.8,0.0,21.3,29.1,29.1,29.700000000000003,300.0,300.0,31.6,35.6,29.0,28.200000000000003,30.1,4.95,2.0,4.97,0.16,0.0,0.0,1027.0,8228.0,0.0,0.0,0.0,0.0,0.0,1.0,0.0,0.0,0.0,0.0,0.0,-1.3,0.0,0.0,0.0,0.0001,16.0,25903.0
2026-07-30T19:01:59.396Z,288.879,288.894,0.0,7.4,0.0,0.0,0.0,0.0,0.0,0.0,0.0,0.0,1.0,0.0,0.0,0.0,9.0,4.0,0.0,0.0,0.0,0.0,0.0,0.0,0.0,0.0,1.0,12.0,1.0,12.17,5.01,2.5,1.5,0.0,0.0,0.0,7.5,0.0,0.2,0.1,0.3,-169.70000000000002,0.0,0.0,169.8,0.0,21.3,29.1,29.1,29.700000000000003,300.0,300.0,31.6,35.6,29.0,28.200000000000003,30.1,4.96,1.99,4.97,0.16,0.0,0.0,1027.0,8228.0,0.0,0.0,0.0,0.0,0.0,1.0,0.0,0.0,0.0,0.0,0.0,0.4,0.0,-0.2,0.0,0.0001,16.0,25903.0
2026-07-30T19:01:59.408Z,288.891,288.906,0.0,7.4,0.0,0.0,0.0,0.0,0.0,0.0,0.0,0.0,1.0,0.0,0.0,0.0,9.0,4.0,0.0,0.0,0.0,0.0,0.0,0.0,0.0,0.0,2.0,12.0,1.0,12.17,5.01,2.5,1.5,0.0,0.0,0.0,7.4,0.0,-0.3,0.1,-1.4,-169.70000000000002,0.0,0.0,169.8,0.0,21.3,29.1,29.1,29.700000000000003,300.0,300.0,31.6,35.6,29.0,28.200000000000003,30.1,4.96,1.99,4.97,0.16,0.0,0.0,1027.0,8228.0,0.0,0.0,0.0,0.0,0.0,1.0,0.0,0.0,0.0,0.0,0.0,-0.8,0.0,1.2000000000000002,0.0,0.0,16.0,25903.0
2026-07-30T19:01:59.420Z,288.903,288.918,0.0,7.4,0.0,0.0,0.0,0.0,0.0,0.0,0.0,0.0,1.0,0.0,0.0,0.0,9.0,4.0,0.0,0.0,0.0,0.0,0.0,0.0,0.0,0.0,3.0,12.0,1.0,12.17,5.01,2.5,1.5,0.0,0.1,0.0,7.300000000000001,0.0,0.2,0.1,-0.1,-169.70000000000002,0.0,0.0,169.8,0.0,21.3,29.1,29.1,29.700000000000003,300.0,300.0,31.6,35.6,29.0,28.200000000000003,30.1,4.95,1.99,4.97,0.16,0.0,0.0,1027.0,8228.0,0.0,0.0,0.0,0.0,0.0,1.0,0.0,0.0,0.0,0.0,0.0,0.0,0.0,0.1,0.0,0.0001,16.0,25903.0
2026-07-30T19:01:59.432Z,288.915,288.93,0.0,7.4,0.0,0.0,0.0,0.0,0.0,0.0,0.0,0.0,1.0,0.0,0.0,0.0,9.0,4.0,0.0,0.0,0.0,0.0,0.0,0.0,0.0,0.0,4.0,12.0,1.0,12.17,5.01,2.5,1.5,0.0,0.1,0.0,7.300000000000001,0.0,-0.8,-0.4,-0.1,-169.70000000000002,0.0,0.0,169.8,0.0,21.3,29.1,29.1,29.700000000000003,300.0,300.0,31.6,35.6,29.0,28.200000000000003,30.1,4.95,1.99,4.97,0.16,0.0,0.0,1027.0,8228.0,0.0,0.0,0.0,0.0,0.0,1.0,0.0,0.0,0.0,0.0,0.0,-0.5,0.0,0.0,0.0,0.0001,16.0,25903.0
2026-07-30T19:01:59.445Z,288.928,288.942,0.0,7.4,0.0,0.0,0.0,0.0,0.0,0.0,0.0,0.0,1.0,0.0,0.0,0.0,9.0,4.0,0.0,0.0,0.0,0.0,0.0,0.0,0.0,0.0,5.0,12.0,1.0,12.17,5.01,2.5,1.5,0.0,0.0,0.0,7.2,0.0,-0.3,-0.4,-1.9,-169.70000000000002,0.0,0.0,169.8,0.0,21.3,29.1,29.1,29.700000000000003,300.0,300.0,31.6,35.6,29.0,28.200000000000003,30.1,4.95,1.99,4.96,0.16,0.0,0.0,1027.0,8228.0,0.0,0.0,0.0,0.0,0.0,1.0,0.0,0.0,0.0,0.0,0.0,-1.9,0.0,1.6,0.0,0.0,16.0,25903.0
2026-07-30T19:01:59.458Z,288.941,288.954,0.0,7.4,0.0,0.0,0.0,0.0,0.0,0.0,0.0,0.0,1.0,0.0,0.0,0.0,9.0,4.0,0.0,0.0,0.0,0.0,0.0,0.0,0.0,0.0,6.0,12.0,1.0,12.14,5.01,2.51,1.5,0.0,0.0,0.0,7.1000000000000005,0.0,-0.2,-0.9,0.0,-169.70000000000002,0.0,0.0,169.70000000000002,0.0,21.700000000000003,29.1,29.1,29.700000000000003,300.0,300.0,31.5,35.6,29.0,28.3,30.1,4.95,1.99,4.97,0.16,0.0,0.0,1027.0,8228.0,0.0,0.0,0.0,0.0,0.0,1.0,0.0,0.0,0.0,0.0,0.0,-1.1,0.0,-0.1,0.0,0.0,16.0,25903.0
2026-07-30T19:01:59.468Z,288.951,288.966,0.0,7.4,0.0,0.0,0.0,0.0,0.0,0.0,0.0,0.0,1.0,0.0,0.0,0.0,9.0,4.0,0.0,0.0,0.0,0.0,0.0,0.0,0.0,0.0,1.0,12.0,1.0,12.14,5.01,2.51,1.5,0.0,0.0,0.0,7.1000000000000005,0.0,0.2,1.3,-0.7000000000000001,-169.70000000000002,0.0,0.0,169.70000000000002,0.0,21.700000000000003,29.1,29.1,29.700000000000003,300.0,300.0,31.5,35.6,29.0,28.3,30.1,4.95,1.99,4.97,0.16,0.0,0.0,1027.0,8228.0,0.0,0.0,0.0,0.0,0.0,1.0,0.0,0.0,0.0,0.0,0.0,0.9,0.0,0.8,0.0,0.0001,16.0,25903.0
2026-07-30T19:01:59.480Z,288.963,288.978,0.0,7.4,0.0,0.0,0.0,0.0,0.0,0.0,0.0,0.0,1.0,0.0,0.0,0.0,9.0,4.0,0.0,0.0,0.0,0.0,0.0,0.0,0.0,0.0,2.0,12.0,1.0,12.14,5.01,2.51,1.5,0.0,0.0,0.0,7.1000000000000005,0.0,0.8,-0.4,-0.7000000000000001,-169.70000000000002,0.0,0.0,169.70000000000002,0.0,21.700000000000003,29.1,29.1,29.700000000000003,300.0,300.0,31.5,35.6,29.0,28.3,30.1,4.96,1.99,4.97,0.16,0.0,0.0,1027.0,8228.0,0.0,0.0,0.0,0.0,0.0,1.0,0.0,0.0,0.0,0.0,0.0,-1.0,0.0,0.5,0.0,0.0001,16.0,25903.0
2026-07-30T19:01:59.493Z,288.976,288.99,0.0,7.4,0.0,0.0,0.0,0.0,0.0,0.0,0.0,0.0,1.0,0.0,0.0,0.0,9.0,4.0,0.0,0.0,0.0,0.0,0.0,0.0,0.0,0.0,3.0,12.0,1.0,12.14,5.01,2.51,1.5,0.0,0.0,0.0,7.0,0.0,-0.2,0.7000000000000001,1.0,-169.70000000000002,0.0,0.0,169.8,0.0,21.700000000000003,29.1,29.1,29.700000000000003,300.0,300.0,31.5,35.6,29.0,28.3,30.1,4.96,1.99,4.96,0.16,0.0,0.0,1027.0,8228.0,0.0,0.0,0.0,0.0,0.0,1.0,0.0,0.0,0.0,0.0,0.0,1.6,0.0,-0.7000000000000001,0.0,0.0001,16.0,25903.0
2026-07-30T19:01:59.504Z,288.987,289.002,0.0,7.4,0.0,0.0,0.0,0.0,0.0,0.0,0.0,0.0,1.0,0.0,0.0,0.0,9.0,4.0,0.0,0.0,0.0,0.0,0.0,0.0,0.0,0.0,4.0,12.0,1.0,12.14,5.01,2.51,1.5,0.0,0.0,0.0,6.9,0.0,-0.2,-0.3,-1.3,-169.70000000000002,0.0,0.0,169.8,0.0,21.700000000000003,29.1,29.1,29.700000000000003,300.0,300.0,31.5,35.6,29.0,28.3,30.1,4.96,1.99,4.97,0.16,0.0,0.0,1027.0,8228.0,0.0,0.0,0.0,0.0,0.0,1.0,0.0,0.0,0.0,0.0,0.0,-1.3,0.0,1.0,0.0,0.0001,16.0,25903.0
2026-07-30T19:01:59.516Z,288.999,289.014,0.0,7.4,0.0,0.0,0.0,0.0,0.0,0.0,0.0,0.0,1.0,0.0,0.0,0.0,9.0,4.0,0.0,0.0,0.0,0.0,0.0,0.0,0.0,0.0,5.0,12.0,1.0,12.14,5.01,2.51,1.5,0.0,0.0,0.0,6.800000000000001,0.0,-0.2,0.1,-0.7000000000000001,-169.70000000000002,0.0,0.0,169.8,0.0,21.700000000000003,29.1,29.1,29.700000000000003,300.0,300.0,31.5,35.6,29.0,28.3,30.1,4.95,2.0,4.97,0.16,0.0,0.0,1027.0,8228.0,0.0,0.0,0.0,0.0,0.0,1.0,0.0,0.0,0.0,0.0,0.0,-0.3,0.0,0.6000000000000001,0.0,0.0,16.0,25903.0
2026-07-30T19:01:59.529Z,289.012,289.026,0.0,7.4,0.0,0.0,0.0,0.0,0.0,0.0,0.0,0.0,1.0,0.0,0.0,0.0,9.0,4.0,0.0,0.0,0.0,0.0,0.0,0.0,0.0,0.0,6.0,12.0,1.0,12.14,5.01,2.51,1.5,0.0,0.0,0.0,6.7,0.0,-0.8,-0.3,-0.1,-169.70000000000002,0.0,0.0,169.60000000000002,0.0,21.700000000000003,29.1,29.1,29.700000000000003,300.0,300.0,31.5,35.6,29.0,28.3,30.1,4.95,2.0,4.96,0.16,0.0,0.0,1027.0,8228.0,0.0,0.0,0.0,0.0,0.0,1.0,0.0,0.0,0.0,0.0,0.0,-0.5,0.0,0.0,0.0,0.0001,16.0,25903.0
2026-07-30T19:01:59.541Z,289.024,289.038,0.0,7.4,0.0,0.0,0.0,0.0,0.0,0.0,0.0,0.0,1.0,0.0,0.0,0.0,9.0,4.0,0.0,0.0,0.0,0.0,0.0,0.0,0.0,0.0,1.0,12.0,1.0,12.14,5.01,2.51,1.5,0.0,0.0,0.0,6.7,0.0,0.8,0.7000000000000001,1.0,-169.70000000000002,0.0,0.0,169.8,0.0,21.700000000000003,29.1,29.1,29.700000000000003,300.0,300.0,31.5,35.6,29.0,28.3,30.1,4.95,2.0,4.96,0.16,0.0,0.0,1027.0,8228.0,0.0,0.0,0.0,0.0,0.0,1.0,0.0,0.0,0.0,0.0,0.0,1.6,0.0,-0.7000000000000001,0.0,0.0002,16.0,25903.0
2026-07-30T19:01:59.552Z,289.035,289.05,0.0,7.4,0.0,0.0,0.0,0.0,0.0,0.0,0.0,0.0,1.0,0.0,0.0,0.0,9.0,4.0,0.0,0.0,0.0,0.0,0.0,0.0,0.0,0.0,2.0,12.0,1.0,12.14,5.01,2.51,1.5,0.0,0.0,0.0,6.6000000000000005,0.0,-0.2,0.2,-0.1,-169.70000000000002,0.0,0.0,169.8,0.0,21.700000000000003,29.1,29.1,29.700000000000003,300.0,300.0,31.5,35.6,29.0,28.3,30.1,4.95,1.99,4.96,0.16,0.0,0.0,1027.0,8228.0,0.0,0.0,0.0,0.0,0.0,1.0,0.0,0.0,0.0,0.0,0.0,0.1,0.0,0.1,0.0,0.0001,16.0,25903.0
2026-07-30T19:01:59.565Z,289.048,289.062,0.0,7.4,0.0,0.0,0.0,0.0,0.0,0.0,0.0,0.0,1.0,0.0,0.0,0.0,9.0,4.0,0.0,0.0,0.0,0.0,0.0,0.0,0.0,0.0,3.0,12.0,1.0,12.17,5.01,2.51,1.49,0.0,0.0,0.0,6.6000000000000005,0.0,0.2,0.7000000000000001,0.0,-169.70000000000002,0.0,0.0,169.8,0.0,20.9,29.1,29.1,29.700000000000003,300.0,300.0,31.5,35.5,29.0,28.200000000000003,30.1,4.96,1.99,4.96,0.16,0.0,0.0,1027.0,8228.0,0.0,0.0,0.0,0.0,0.0,1.0,0.0,0.0,0.0,0.0,0.0,-1.8,0.0,1.5,0.0,0.0,16.0,25903.0
2026-07-30T19:01:59.577Z,289.06,289.074,0.0,7.4,0.0,0.0,0.0,0.0,0.0,0.0,0.0,0.0,1.0,0.0,0.0,0.0,9.0,4.0,0.0,0.0,0.0,0.0,0.0,0.0,0.0,0.0,4.0,12.0,1.0,12.17,5.01,2.51,1.49,0.0,0.0,0.0,6.5,0.0,-0.2,0.1,-0.6000000000000001,-169.70000000000002,0.0,0.0,169.70000000000002,0.0,20.9,29.1,29.1,29.700000000000003,300.0,300.0,31.5,35.5,29.0,28.200000000000003,30.1,4.96,1.99,4.97,0.16,0.0,0.0,1027.0,8228.0,0.0,0.0,0.0,0.0,0.0,1.0,0.0,0.0,0.0,0.0,0.0,-1.6,0.0,0.3,0.0,0.0001,16.0,25903.0
2026-07-30T19:01:59.589Z,289.072,289.086,0.0,7.4,0.0,0.0,0.0,0.0,0.0,0.0,0.0,0.0,1.0,0.0,0.0,0.0,9.0,4.0,0.0,0.0,0.0,0.0,0.0,0.0,0.0,0.0,5.0,12.0,1.0,12.17,5.01,2.51,1.49,0.0,0.0,0.0,6.5,0.0,-0.3,-0.4,-0.1,-169.70000000000002,0.0,0.0,169.70000000000002,0.0,20.9,29.1,29.1,29.700000000000003,300.0,300.0,31.5,35.5,29.0,28.200000000000003,30.1,4.95,1.99,4.97,0.16,0.0,0.0,1027.0,8228.0,0.0,0.0,0.0,0.0,0.0,1.0,0.0,0.0,0.0,0.0,0.0,-0.5,0.0,0.0,0.0,0.0001,16.0,25903.0
2026-07-30T19:01:59.600Z,289.083,289.098,0.0,7.4,0.0,0.0,0.0,0.0,0.0,0.0,0.0,0.0,1.0,0.0,0.0,0.0,9.0,4.0,0.0,0.0,0.0,0.0,0.0,0.0,0.0,0.0,1.0,12.0,1.0,12.17,5.01,2.51,1.49,0.0,0.0,0.0,6.5,0.0,-0.3,0.7000000000000001,2.2,-169.70000000000002,0.0,0.0,169.70000000000002,0.0,20.9,29.1,29.1,29.700000000000003,300.0,300.0,31.5,35.5,29.0,28.200000000000003,30.1,4.95,1.99,4.96,0.16,0.0,0.0,1027.0,8228.0,0.0,0.0,0.0,0.0,0.0,1.0,0.0,0.0,0.0,0.0,0.0,2.0,0.0,-1.3,0.0,0.0001,16.0,25903.0
2026-07-30T19:01:59.612Z,289.095,289.11,0.0,7.4,0.0,0.0,0.0,0.0,0.0,0.0,0.0,0.0,1.0,0.0,0.0,0.0,9.0,4.0,0.0,0.0,0.0,0.0,0.0,0.0,0.0,0.0,2.0,12.0,1.0,12.17,5.01,2.51,1.49,0.0,0.0,0.0,7.2,0.0,0.2,0.1,0.0,-169.70000000000002,0.0,0.0,169.8,0.0,20.9,29.1,29.1,29.700000000000003,300.0,300.0,31.5,35.5,29.0,28.200000000000003,30.1,4.96,1.99,4.96,0.16,0.0,0.0,1027.0,8228.0,0.0,0.0,0.0,0.0,0.0,1.0,0.0,0.0,0.0,0.0,0.0,0.1,0.0,0.1,0.0,0.0001,16.0,25903.0
2026-07-30T19:01:59.624Z,289.107,289.122,0.0,7.4,0.0,0.0,0.0,0.0,0.0,0.0,0.0,0.0,1.0,0.0,0.0,0.0,9.0,4.0,0.0,0.0,0.0,0.0,0.0,0.0,0.0,0.0,3.0,12.0,1.0,12.17,5.01,2.51,1.49,0.0,0.0,0.0,7.9,0.0,-0.3,0.1,1.0,-169.70000000000002,0.0,0.0,169.8,0.0,20.9,29.1,29.1,29.700000000000003,300.0,300.0,31.5,35.5,29.0,28.200000000000003,30.1,4.95,1.99,4.97,0.16,0.0,0.0,1027.0,8228.0,0.0,0.0,0.0,0.0,0.0,1.0,0.0,0.0,0.0,0.0,0.0,0.9,0.0,-0.9,0.0,0.0001,16.0,25903.0
2026-07-30T19:01:59.636Z,289.119,289.134,0.0,7.4,0.0,0.0,0.0,0.0,0.0,0.0,0.0,0.0,1.0,0.0,0.0,0.0,9.0,4.0,0.0,0.0,0.0,0.0,0.0,0.0,0.0,0.0,4.0,12.0,1.0,12.17,5.01,2.51,1.49,0.0,0.0,0.0,8.8,0.0,-0.3,-1.0,-1.2000000000000002,-169.70000000000002,0.0,0.0,169.8,0.0,20.9,29.1,29.1,29.700000000000003,300.0,300.0,31.5,35.5,29.0,28.200000000000003,30.1,4.96,1.99,4.96,0.16,0.0,0.0,1027.0,8228.0,0.0,0.0,0.0,0.0,0.0,1.0,0.0,0.0,0.0,0.0,0.0,-2.0,0.0,0.9,0.0,0.0001,16.0,25903.0
2026-07-30T19:01:59.648Z,289.131,289.146,0.0,7.4,0.0,0.0,0.0,0.0,0.0,0.0,0.0,0.0,1.0,0.0,0.0,0.0,9.0,4.0,0.0,0.0,0.0,0.0,0.0,0.0,0.0,0.0,5.0,12.0,1.0,12.17,5.01,2.51,1.49,0.0,0.0,0.0,9.6,0.0,-0.3,0.1,-0.6000000000000001,-169.70000000000002,0.0,0.0,169.8,0.0,20.9,29.1,29.1,29.700000000000003,300.0,300.0,31.5,35.5,29.0,28.200000000000003,30.1,4.96,1.99,4.97,0.15,0.0,0.0,1027.0,8228.0,0.0,0.0,0.0,0.0,0.0,1.0,0.0,0.0,0.0,0.0,0.0,-0.3,0.0,0.6000000000000001,0.0,0.0001,16.0,25903.0
2026-07-30T19:01:59.661Z,289.144,289.158,0.0,7.4,0.0,0.0,0.0,0.0,0.0,0.0,0.0,0.0,1.0,0.0,0.0,0.0,9.0,4.0,0.0,0.0,0.0,0.0,0.0,0.0,0.0,0.0,6.0,12.0,1.0,12.17,5.0200000000000005,2.51,1.49,0.0,0.0,0.0,10.4,0.0,0.2,0.1,1.0,-169.70000000000002,0.0,0.0,169.70000000000002,0.0,21.4,29.1,29.1,29.700000000000003,300.0,300.0,31.5,35.6,29.0,28.200000000000003,30.1,4.95,1.99,4.97,0.16,0.0,0.0,1027.0,8228.0,0.0,0.0,0.0,0.0,0.0,1.0,0.0,0.0,0.0,0.0,0.0,0.9,0.0,-0.9,0.0,0.0001,16.0,25903.0
2026-07-30T19:01:59.673Z,289.156,289.17,0.0,7.4,0.0,0.0,0.0,0.0,0.0,0.0,0.0,0.0,1.0,0.0,0.0,0.0,9.0,4.0,0.0,0.0,0.0,0.0,0.0,0.0,0.0,0.0,1.0,12.0,1.0,12.17,5.0200000000000005,2.51,1.49,0.0,0.0,0.0,11.3,0.0,0.3,-0.4,-0.7000000000000001,-169.70000000000002,0.0,0.0,169.8,0.0,21.4,29.1,29.1,29.700000000000003,300.0,300.0,31.5,35.6,29.0,28.200000000000003,30.1,4.95,1.99,4.97,0.16,0.0,0.0,1027.0,8228.0,0.0,0.0,0.0,0.0,0.0,1.0,0.0,0.0,0.0,0.0,0.0,-1.0,0.0,0.5,0.0,0.0001,16.0,25903.0
2026-07-30T19:01:59.685Z,289.168,289.182,0.0,7.4,0.0,0.0,0.0,0.0,0.0,0.0,0.0,0.0,1.0,0.0,0.0,0.0,9.0,4.0,0.0,0.0,0.0,0.0,0.0,0.0,0.0,0.0,2.0,12.0,1.0,12.17,5.0200000000000005,2.51,1.49,0.0,0.0,0.0,12.0,0.0,-0.2,-1.0,1.0,-169.70000000000002,0.0,0.0,169.8,0.0,21.4,29.1,29.1,29.700000000000003,300.0,300.0,31.5,35.6,29.0,28.200000000000003,30.1,4.96,2.0,4.96,0.16,0.0,0.0,1027.0,8228.0,0.0,0.0,0.0,0.0,0.0,1.0,0.0,0.0,0.0,0.0,0.0,-0.4,0.0,-1.1,0.0,0.0002,16.0,25903.0
2026-07-30T19:01:59.696Z,289.179,289.194,0.0,7.4,0.0,0.0,0.0,0.0,0.0,0.0,0.0,0.0,1.0,0.0,0.0,0.0,9.0,4.0,0.0,0.0,0.0,0.0,0.0,0.0,0.0,0.0,4.0,12.0,1.0,12.17,5.0200000000000005,2.51,1.49,0.0,0.0,0.0,12.9,0.0,-0.8,0.1,-0.7000000000000001,-169.70000000000002,0.0,0.0,169.8,0.0,21.4,29.1,29.1,29.700000000000003,300.0,300.0,31.5,35.6,29.0,28.200000000000003,30.1,4.96,2.0,4.97,0.16,0.0,0.0,1027.0,8228.0,0.0,0.0,0.0,0.0,0.0,1.0,0.0,0.0,0.0,0.0,0.0,-0.3,0.0,0.6000000000000001,0.0,0.0001,16.0,25903.0
2026-07-30T19:01:59.708Z,289.191,289.206,0.0,7.4,0.0,0.0,0.0,0.0,0.0,0.0,0.0,0.0,1.0,0.0,0.0,0.0,9.0,4.0,0.0,0.0,0.0,0.0,0.0,0.0,0.0,0.0,5.0,12.0,1.0,12.17,5.0200000000000005,2.51,1.49,0.0,0.0,0.0,13.6,0.0,0.9,0.7000000000000001,0.4,-169.70000000000002,0.0,0.0,169.70000000000002,0.0,21.4,29.1,29.1,29.700000000000003,300.0,300.0,31.5,35.6,29.0,28.200000000000003,30.1,4.95,1.99,4.97,0.16,0.0,0.0,1027.0,8228.0,0.0,0.0,0.0,0.0,0.0,1.0,0.0,0.0,0.0,0.0,0.0,1.1,0.0,-0.2,0.0,0.0001,16.0,25903.0
2026-07-30T19:01:59.720Z,289.203,289.218,0.0,7.4,0.0,0.0,0.0,0.0,0.0,0.0,0.0,0.0,1.0,0.0,0.0,0.0,9.0,4.0,0.0,0.0,0.0,0.0,0.0,0.0,0.0,0.0,6.0,12.0,1.0,12.17,5.0200000000000005,2.51,1.49,0.0,0.0,0.0,14.4,0.0,0.3,0.1,1.6,-169.70000000000002,0.0,0.0,169.70000000000002,0.0,21.4,29.1,29.1,29.700000000000003,300.0,300.0,31.5,35.6,29.0,28.200000000000003,30.1,4.96,1.99,4.96,0.16,0.0,0.0,1027.0,8228.0,0.0,0.0,0.0,0.0,0.0,1.0,0.0,0.0,0.0,0.0,0.0,1.3,0.0,-1.4,0.0,0.0001,16.0,25903.0
2026-07-30T19:01:59.733Z,289.216,289.23,0.0,7.4,0.0,0.0,0.0,0.0,0.0,0.0,0.0,0.0,1.0,0.0,0.0,0.0,9.0,4.0,0.0,0.0,0.0,0.0,0.0,0.0,0.0,0.0,1.0,12.0,1.0,12.17,5.0200000000000005,2.51,1.49,0.0,0.0,0.0,15.2,0.0,-0.3,-1.0,0.0,-169.70000000000002,0.0,0.0,169.60000000000002,0.0,21.4,29.1,29.1,29.700000000000003,300.0,300.0,31.5,35.6,29.0,28.200000000000003,30.1,4.96,2.0,4.97,0.16,0.0,0.0,1027.0,8228.0,0.0,0.0,0.0,0.0,0.0,1.0,0.0,0.0,0.0,0.0,0.0,-1.2000000000000002,0.0,-0.1,0.0,0.0001,16.0,25903.0
2026-07-30T19:01:59.745Z,289.228,289.242,0.0,7.4,0.0,0.0,0.0,0.0,0.0,0.0,0.0,0.0,1.0,0.0,0.0,0.0,9.0,4.0,0.0,0.0,0.0,0.0,0.0,0.0,0.0,0.0,2.0,12.0,1.0,12.17,5.0200000000000005,2.51,1.49,0.0,0.0,0.0,16.0,0.0,-0.3,1.3,1.0,-169.70000000000002,0.0,0.0,169.60000000000002,0.0,21.4,29.1,29.1,29.700000000000003,300.0,300.0,31.5,35.6,29.0,28.200000000000003,30.1,4.96,1.99,4.97,0.16,0.0,0.0,1027.0,8228.0,0.0,0.0,0.0,0.0,0.0,1.0,0.0,0.0,0.0,0.0,0.0,2.3000000000000003,0.0,-0.6000000000000001,0.0,0.0002,16.0,25903.0
2026-07-30T19:01:59.757Z,289.24,289.254,0.0,7.4,0.0,0.0,0.0,0.0,0.0,0.0,0.0,0.0,1.0,0.0,0.0,0.0,9.0,4.0,0.0,0.0,0.0,0.0,0.0,0.0,0.0,0.0,3.0,12.0,1.0,12.17,5.0200000000000005,2.51,1.49,0.0,0.0,0.0,16.8,0.0,0.2,0.1,-1.2000000000000002,-169.70000000000002,0.0,0.0,169.8,0.0,21.4,29.1,29.1,29.700000000000003,300.0,300.0,31.5,35.6,29.0,28.200000000000003,30.1,4.96,1.99,4.97,0.16,0.0,0.0,1027.0,8228.0,0.0,0.0,0.0,0.0,0.0,1.0,0.0,0.0,0.0,0.0,0.0,-0.7000000000000001,0.0,1.1,0.0,0.0001,16.0,25903.0
2026-07-30T19:01:59.768Z,289.251,289.266,0.0,7.4,0.0,0.0,0.0,0.0,0.0,0.0,0.0,0.0,1.0,0.0,0.0,0.0,9.0,4.0,0.0,0.0,0.0,0.0,0.0,0.0,0.0,0.0,5.0,12.0,1.0,12.18,5.01,2.51,1.49,0.0,0.0,0.0,17.6,0.0,0.2,0.0,-0.1,-169.70000000000002,0.0,0.0,169.8,0.0,21.700000000000003,29.1,29.1,29.700000000000003,300.0,300.0,31.5,35.6,29.0,28.200000000000003,30.1,4.96,1.99,4.96,0.16,0.0,0.0,1027.0,8228.0,0.0,0.0,0.0,0.0,0.0,1.0,0.0,0.0,0.0,0.0,0.0,0.0,0.0,0.1,0.0,0.0001,16.0,25903.0
2026-07-30T19:01:59.780Z,289.263,289.278,0.0,7.4,0.0,0.0,0.0,0.0,0.0,0.0,0.0,0.0,1.0,0.0,0.0,0.0,9.0,4.0,0.0,0.0,0.0,0.0,0.0,0.0,0.0,0.0,6.0,12.0,1.0,12.18,5.01,2.51,1.49,0.0,0.1,0.0,18.3,0.0,-0.2,0.0,0.4,-169.70000000000002,0.0,0.0,169.8,0.0,21.700000000000003,29.1,29.1,29.700000000000003,300.0,300.0,31.5,35.6,29.0,28.200000000000003,30.1,4.95,1.99,4.97,0.16,0.0,0.0,1027.0,8228.0,0.0,0.0,0.0,0.0,0.0,1.0,0.0,0.0,0.0,0.0,0.0,0.4,0.0,-0.3,0.0,0.0001,16.0,25903.0
2026-07-30T19:01:59.792Z,289.275,289.29,0.0,7.4,0.0,0.0,0.0,0.0,0.0,0.0,0.0,0.0,1.0,0.0,0.0,0.0,9.0,4.0,0.0,0.0,0.0,0.0,0.0,0.0,0.0,0.0,1.0,12.0,1.0,12.18,5.01,2.51,1.49,0.0,0.0,0.0,19.0,0.0,-0.2,0.6000000000000001,-0.7000000000000001,-169.70000000000002,0.0,0.0,169.8,0.0,21.700000000000003,29.1,29.1,29.700000000000003,300.0,300.0,31.5,35.6,29.0,28.200000000000003,30.1,4.95,2.0,4.96,0.16,0.0,0.0,1027.0,8228.0,0.0,0.0,0.0,0.0,0.0,1.0,0.0,0.0,0.0,0.0,0.0,0.2,0.0,0.7000000000000001,0.0,0.0,16.0,25903.0
2026-07-30T19:01:59.805Z,289.288,289.302,0.0,7.4,0.0,0.0,0.0,0.0,0.0,0.0,0.0,0.0,1.0,0.0,0.0,0.0,9.0,4.0,0.0,0.0,0.0,0.0,0.0,0.0,0.0,0.0,2.0,12.0,1.0,12.18,5.01,2.51,1.49,0.0,0.0,0.0,19.8,0.0,-0.8,-0.4,0.4,-169.70000000000002,0.0,0.0,169.70000000000002,0.0,21.700000000000003,29.1,29.1,29.700000000000003,300.0,300.0,31.5,35.6,29.0,28.200000000000003,30.1,4.96,2.0,4.96,0.16,0.0,0.0,1027.0,8228.0,0.0,0.0,0.0,0.0,0.0,1.0,0.0,0.0,0.0,0.0,0.0,-0.2,0.0,-0.4,0.0,0.0001,16.0,25903.0
2026-07-30T19:01:59.817Z,289.3,289.314,0.0,7.4,0.0,0.0,0.0,0.0,0.0,0.0,0.0,0.0,1.0,0.0,0.0,0.0,9.0,4.0,0.0,0.0,0.0,0.0,0.0,0.0,0.0,0.0,3.0,12.0,1.0,12.18,5.01,2.51,1.49,0.0,0.0,0.0,20.6,0.0,0.3,-0.4,-0.1,-169.70000000000002,0.0,0.0,169.8,0.0,21.700000000000003,29.1,29.1,29.700000000000003,300.0,300.0,31.5,35.6,29.0,28.200000000000003,30.1,4.95,2.0,4.97,0.16,0.0,0.0,1027.0,8228.0,0.0,0.0,0.0,0.0,0.0,1.0,0.0,0.0,0.0,0.0,0.0,-0.6000000000000001,0.0,0.0,0.0,0.0001,16.0,25903.0
2026-07-30T19:01:59.828Z,289.311,289.326,0.0,7.4,0.0,0.0,0.0,0.0,0.0,0.0,0.0,0.0,1.0,0.0,0.0,0.0,9.0,4.0,0.0,0.0,0.0,0.0,0.0,0.0,0.0,0.0,4.0,12.0,1.0,12.18,5.01,2.51,1.49,0.0,0.0,0.0,21.4,0.0,1.4,0.6000000000000001,1.0,-169.70000000000002,0.0,0.0,169.8,0.0,21.700000000000003,29.1,29.1,29.700000000000003,300.0,300.0,31.5,35.6,29.0,28.200000000000003,30.1,4.95,1.99,4.97,0.16,0.0,0.0,1027.0,8228.0,0.0,0.0,0.0,0.0,0.0,1.0,0.0,0.0,0.0,0.0,0.0,1.4,0.0,-0.7000000000000001,0.0,0.0001,16.0,25903.0
2026-07-30T19:01:59.840Z,289.323,289.338,0.0,7.4,0.0,0.0,0.0,0.0,0.0,0.0,0.0,0.0,1.0,0.0,0.0,0.0,9.0,4.0,0.0,0.0,0.0,0.0,0.0,0.0,0.0,0.0,6.0,12.0,1.0,12.18,5.01,2.51,1.49,0.0,0.0,0.0,22.1,0.0,0.3,0.0,0.9,-169.70000000000002,0.0,0.0,169.8,0.0,21.700000000000003,29.1,29.1,29.700000000000003,300.0,300.0,31.5,35.6,29.0,28.200000000000003,30.1,4.95,1.99,4.96,0.16,0.0,0.0,1027.0,8228.0,0.0,0.0,0.0,0.0,0.0,1.0,0.0,0.0,0.0,0.0,0.0,0.7000000000000001,0.0,-0.8,0.0,0.0001,16.0,25903.0
2026-07-30T19:01:59.852Z,289.335,289.35,0.0,7.4,0.0,0.0,0.0,0.0,0.0,0.0,0.0,0.0,1.0,0.0,0.0,0.0,9.0,4.0,0.0,0.0,0.0,0.0,0.0,0.0,0.0,0.0,1.0,12.0,1.0,12.18,5.01,2.51,1.49,0.0,0.0,0.0,22.9,0.0,-0.8,0.0,0.9,-169.70000000000002,0.0,0.0,169.8,0.0,21.700000000000003,29.1,29.1,29.700000000000003,300.0,300.0,31.5,35.6,29.0,28.200000000000003,30.1,4.96,1.99,4.96,0.16,0.0,0.0,1027.0,8228.0,0.0,0.0,0.0,0.0,0.0,1.0,0.0,0.0,0.0,0.0,0.0,0.7000000000000001,0.0,-0.8,0.0,0.0001,16.0,25903.0
2026-07-30T19:01:59.866Z,289.349,289.362,0.0,7.4,0.0,0.0,0.0,0.0,0.0,0.0,0.0,0.0,1.0,0.0,0.0,0.0,9.0,4.0,0.0,0.0,0.0,0.0,0.0,0.0,0.0,0.0,2.0,12.0,1.0,12.17,5.01,2.51,1.5,0.0,0.0,0.0,23.3,0.0,0.3,-0.5,0.3,-169.70000000000002,0.0,0.0,169.70000000000002,0.0,21.4,29.1,29.1,29.700000000000003,300.0,300.0,31.5,35.7,29.0,28.200000000000003,30.1,4.95,1.99,4.97,0.16,0.0,0.0,1027.0,8228.0,0.0,0.0,0.0,0.0,0.0,1.0,0.0,0.0,0.0,0.0,0.0,-0.3,0.0,-0.4,0.0,0.0,16.0,25903.0
2026-07-30T19:01:59.876Z,289.359,289.374,0.0,7.4,0.0,0.0,0.0,0.0,0.0,0.0,0.0,0.0,1.0,0.0,0.0,0.0,9.0,4.0,0.0,0.0,0.0,0.0,0.0,0.0,0.0,0.0,3.0,12.0,1.0,12.17,5.01,2.51,1.5,0.0,0.0,0.0,23.1,0.0,0.9,0.0,-0.2,-169.70000000000002,0.0,0.0,169.8,0.0,21.4,29.1,29.1,29.700000000000003,300.0,300.0,31.5,35.7,29.0,28.200000000000003,30.1,4.96,1.99,4.96,0.16,0.0,0.0,1027.0,8228.0,0.0,0.0,0.0,0.0,0.0,1.0,0.0,0.0,0.0,0.0,0.0,0.0,0.0,0.1,0.0,0.0001,16.0,25903.0
2026-07-30T19:01:59.889Z,289.372,289.386,0.0,7.4,0.0,0.0,0.0,0.0,0.0,0.0,0.0,0.0,1.0,0.0,0.0,0.0,9.0,4.0,0.0,0.0,0.0,0.0,0.0,0.0,0.0,0.0,4.0,12.0,1.0,12.17,5.01,2.51,1.5,0.0,0.0,0.0,23.1,0.0,-0.2,0.0,-0.8,-169.70000000000002,0.0,0.0,169.8,0.0,21.4,29.1,29.1,29.700000000000003,300.0,300.0,31.5,35.7,29.0,28.200000000000003,30.1,4.96,2.0,4.96,0.16,0.0,0.0,1027.0,8228.0,0.0,0.0,0.0,0.0,0.0,1.0,0.0,0.0,0.0,0.0,0.0,-0.5,0.0,0.7000000000000001,0.0,0.0001,16.0,25903.0
2026-07-30T19:01:59.900Z,289.383,289.398,0.0,7.4,0.0,0.0,0.0,0.0,0.0,0.0,0.0,0.0,1.0,0.0,0.0,0.0,9.0,4.0,0.0,0.0,0.0,0.0,0.0,0.0,0.0,0.0,6.0,12.0,1.0,12.17,5.01,2.51,1.5,0.0,0.1,0.0,23.0,0.0,-0.7000000000000001,1.2000000000000002,-0.2,-169.70000000000002,0.0,0.0,169.70000000000002,0.0,21.4,29.1,29.1,29.700000000000003,300.0,300.0,31.5,35.7,29.0,28.200000000000003,30.1,4.95,1.99,4.96,0.16,0.0,0.0,1027.0,8228.0,0.0,0.0,0.0,0.0,0.0,1.0,0.0,0.0,0.0,0.0,0.0,1.2000000000000002,0.0,0.4,0.0,0.0001,16.0,25903.0
2026-07-30T19:01:59.912Z,289.395,289.41,0.0,7.4,0.0,0.0,0.0,0.0,0.0,0.0,0.0,0.0,1.0,0.0,0.0,0.0,9.0,4.0,0.0,0.0,0.0,0.0,0.0,0.0,0.0,0.0,1.0,12.0,1.0,12.17,5.01,2.51,1.5,0.0,0.0,0.0,22.9,0.0,-0.1,0.0,-0.1,-169.70000000000002,0.0,0.0,169.70000000000002,0.0,21.4,29.1,29.1,29.700000000000003,300.0,300.0,31.5,35.7,29.0,28.200000000000003,30.1,4.95,1.99,4.97,0.16,0.0,0.0,1027.0,8228.0,0.0,0.0,0.0,0.0,0.0,1.0,0.0,0.0,0.0,0.0,0.0,0.0,0.0,0.1,0.0,0.0001,16.0,25903.0
2026-07-30T19:01:59.924Z,289.407,289.422,0.0,7.4,0.0,0.0,0.0,0.0,0.0,0.0,0.0,0.0,1.0,0.0,0.0,0.0,9.0,4.0,0.0,0.0,0.0,0.0,0.0,0.0,0.0,0.0,2.0,12.0,1.0,12.17,5.01,2.51,1.5,0.0,0.0,0.0,22.9,0.0,0.3,-0.5,-0.2,-169.70000000000002,0.0,0.0,169.8,0.0,21.4,29.1,29.1,29.700000000000003,300.0,300.0,31.5,35.7,29.0,28.200000000000003,30.1,4.96,1.99,4.96,0.16,0.0,0.0,1027.0,8228.0,0.0,0.0,0.0,0.0,0.0,1.0,0.0,0.0,0.0,0.0,0.0,-0.7000000000000001,0.0,0.0,0.0,0.0002,16.0,25903.0
2026-07-30T19:01:59.936Z,289.419,289.434,0.0,7.4,0.0,0.0,0.0,0.0,0.0,0.0,0.0,0.0,1.0,0.0,0.0,0.0,9.0,4.0,0.0,0.0,0.0,0.0,0.0,0.0,0.0,0.0,3.0,12.0,1.0,12.17,5.01,2.51,1.5,0.0,0.0,0.0,22.8,0.0,0.9,0.6000000000000001,-0.1,-169.70000000000002,0.0,0.0,169.8,0.0,21.4,29.1,29.1,29.700000000000003,300.0,300.0,31.5,35.7,29.0,28.200000000000003,30.1,4.96,1.99,4.96,0.16,0.0,0.0,1027.0,8228.0,0.0,0.0,0.0,0.0,0.0,1.0,0.0,0.0,0.0,0.0,0.0,0.6000000000000001,0.0,0.2,0.0,0.0002,16.0,25903.0
2026-07-30T19:01:59.948Z,289.431,289.446,0.0,7.4,0.0,0.0,0.0,0.0,0.0,0.0,0.0,0.0,1.0,0.0,0.0,0.0,9.0,4.0,0.0,0.0,0.0,0.0,0.0,0.0,0.0,0.0,4.0,12.0,1.0,12.17,5.01,2.51,1.5,0.0,0.0,0.0,22.700000000000003,0.0,0.3,0.0,-0.1,-169.70000000000002,0.0,0.0,169.8,0.0,21.4,29.1,29.1,29.700000000000003,300.0,300.0,31.5,35.7,29.0,28.200000000000003,30.1,4.95,1.99,4.96,0.16,0.0,0.0,1027.0,8228.0,0.0,0.0,0.0,0.0,0.0,1.0,0.0,0.0,0.0,0.0,0.0,0.0,0.0,0.1,0.0,0.0001,16.0,25903.0
2026-07-30T19:01:59.961Z,289.444,289.458,0.0,7.4,0.0,0.0,0.0,0.0,0.0,0.0,0.0,0.0,1.0,0.0,0.0,0.0,9.0,4.0,0.0,0.0,0.0,0.0,0.0,0.0,0.0,0.0,5.0,12.0,1.0,12.17,5.01,2.51,1.5,0.0,0.0,0.0,22.6,0.0,0.3,0.1,-0.1,-169.70000000000002,0.0,0.0,169.70000000000002,0.0,21.4,29.1,29.1,29.700000000000003,300.0,300.0,31.5,35.7,29.0,28.200000000000003,30.1,4.96,1.99,4.96,0.16,0.0,0.0,1027.0,8228.0,0.0,0.0,0.0,0.0,0.0,1.0,0.0,0.0,0.0,0.0,0.0,0.0,0.0,0.1,0.0,0.0001,16.0,25903.0
2026-07-30T19:01:59.972Z,289.455,289.47,0.0,7.4,0.0,0.0,0.0,0.0,0.0,0.0,0.0,0.0,1.0,0.0,0.0,0.0,9.0,4.0,0.0,0.0,0.0,0.0,0.0,0.0,0.0,0.0,6.0,12.0,1.0,12.15,5.01,2.5,1.49,0.0,0.0,0.0,22.5,0.0,-0.7000000000000001,-1.0,-0.6000000000000001,-169.70000000000002,0.0,0.0,169.8,0.0,21.700000000000003,29.1,29.1,29.700000000000003,300.0,300.0,31.6,35.6,29.0,28.3,30.1,4.95,1.99,4.96,0.16,0.0,0.0,1027.0,8228.0,0.0,0.0,0.0,0.0,0.0,1.0,0.0,0.0,0.0,0.0,0.0,-1.6,0.0,0.3,0.0,0.0003,16.0,25903.0
2026-07-30T19:01:59.984Z,289.467,289.482,0.0,7.4,0.0,0.0,0.0,0.0,0.0,0.0,0.0,0.0,1.0,0.0,0.0,0.0,9.0,4.0,0.0,0.0,0.0,0.0,0.0,0.0,0.0,0.0,1.0,12.0,1.0,12.15,5.01,2.5,1.49,0.0,0.0,0.0,22.3,0.0,1.5,1.3,1.6,-169.70000000000002,0.0,0.0,169.70000000000002,0.0,21.700000000000003,29.1,29.1,29.700000000000003,300.0,300.0,31.6,35.6,29.0,28.3,30.1,4.95,1.99,4.97,0.16,0.0,0.0,1027.0,8228.0,0.0,0.0,0.0,0.0,0.0,1.0,0.0,0.0,0.0,0.0,0.0,2.7,0.0,-1.2000000000000002,0.0,0.0001,16.0,25903.0
2026-07-30T19:01:59.996Z,289.479,289.494,0.0,7.4,0.0,0.0,0.0,0.0,0.0,0.0,0.0,0.0,1.0,0.0,0.0,0.0,9.0,4.0,0.0,0.0,0.0,0.0,0.0,0.0,0.0,0.0,1.0,12.0,1.0,12.15,5.01,2.5,1.49,0.0,0.0,0.0,22.1,0.0,1.0,0.2,-0.6000000000000001,-169.70000000000002,0.0,0.0,169.70000000000002,0.0,21.700000000000003,29.1,29.1,29.700000000000003,300.0,300.0,31.6,35.6,29.0,28.3,30.1,4.96,1.99,4.97,0.16,0.0,0.0,1027.0,8228.0,0.0,0.0,0.0,0.0,0.0,1.0,0.0,0.0,0.0,0.0,0.0,-0.2,0.0,0.5,0.0,0.0001,16.0,25903.0
2026-07-30T19:02:00.008Z,289.491,289.50600000000003,0.0,7.4,0.0,0.0,0.0,0.0,0.0,0.0,0.0,0.0,1.0,0.0,0.0,0.0,9.0,4.0,0.0,0.0,0.0,0.0,0.0,0.0,0.0,0.0,3.0,12.0,1.0,12.15,5.01,2.5,1.49,0.0,0.0,0.0,21.9,0.0,-0.7000000000000001,-0.3,0.5,-169.70000000000002,0.0,0.0,169.8,0.0,21.700000000000003,29.1,29.1,29.700000000000003,300.0,300.0,31.6,35.6,29.0,28.3,30.1,4.96,1.99,4.96,0.16,0.0,0.0,1027.0,8228.0,0.0,0.0,0.0,0.0,0.0,1.0,0.0,0.0,0.0,0.0,0.0,0.0,0.0,-0.5,0.0,0.0,16.0,25903.0
2026-07-30T19:02:00.020Z,289.503,289.51800000000003,0.0,7.4,0.0,0.0,0.0,0.0,0.0,0.0,0.0,0.0,1.0,0.0,0.0,0.0,9.0,4.0,0.0,0.0,0.0,0.0,0.0,0.0,0.0,0.0,4.0,12.0,1.0,12.15,5.01,2.5,1.49,0.0,0.0,0.0,21.700000000000003,0.0,-0.1,0.2,2.2,-169.70000000000002,0.0,0.0,169.8,0.0,21.700000000000003,29.1,29.1,29.700000000000003,300.0,300.0,31.6,35.6,29.0,28.3,30.1,4.95,1.99,4.97,0.16,0.0,0.0,1027.0,8228.0,0.0,0.0,0.0,0.0,0.0,1.0,0.0,0.0,0.0,0.0,0.0,1.9,0.0,-1.9,0.0,0.0001,16.0,25903.0
2026-07-30T19:02:00.032Z,289.515,289.53000000000003,0.0,7.4,0.0,0.0,0.0,0.0,0.0,0.0,0.0,0.0,1.0,0.0,0.0,0.0,9.0,4.0,0.0,0.0,0.0,0.0,0.0,0.0,0.0,0.0,5.0,12.0,1.0,12.15,5.01,2.5,1.49,0.0,0.0,0.0,21.5,0.0,-0.1,-0.3,-1.2000000000000002,-169.70000000000002,0.0,0.0,169.70000000000002,0.0,21.700000000000003,29.1,29.1,29.700000000000003,300.0,300.0,31.6,35.6,29.0,28.3,30.1,4.95,1.99,4.96,0.16,0.0,0.0,1027.0,8228.0,0.0,0.0,0.0,0.0,0.0,1.0,0.0,0.0,0.0,0.0,0.0,-1.3,0.0,1.0,0.0,0.0001,16.0,25903.0
2026-07-30T19:02:00.044Z,289.527,289.54200000000003,0.0,7.4,0.0,0.0,0.0,0.0,0.0,0.0,0.0,0.0,1.0,0.0,0.0,0.0,9.0,4.0,0.0,0.0,0.0,0.0,0.0,0.0,0.0,0.0,6.0,12.0,1.0,12.15,5.01,2.5,1.49,0.0,0.0,0.0,21.3,0.0,-0.7000000000000001,0.1,-0.1,-169.70000000000002,0.0,0.0,169.8,0.0,21.700000000000003,29.1,29.1,29.700000000000003,300.0,300.0,31.6,35.6,29.0,28.3,30.1,4.96,1.99,4.96,0.16,0.0,0.0,1027.0,8228.0,0.0,0.0,0.0,0.0,0.0,1.0,0.0,0.0,0.0,0.0,0.0,0.1,0.0,0.1,0.0,0.0002,16.0,25903.0
2026-07-30T19:02:00.056Z,289.539,289.55400000000003,0.0,7.4,0.0,0.0,0.0,0.0,0.0,0.0,0.0,0.0,1.0,0.0,0.0,0.0,9.0,4.0,0.0,0.0,0.0,0.0,0.0,0.0,0.0,0.0,2.0,12.0,1.0,12.15,5.01,2.5,1.49,0.0,0.0,0.0,21.1,0.0,-0.1,0.7000000000000001,-1.9,-169.70000000000002,0.0,0.0,169.70000000000002,0.0,21.700000000000003,29.1,29.1,29.700000000000003,300.0,300.0,31.6,35.6,29.0,28.3,30.1,4.95,1.99,4.97,0.16,0.0,0.0,1027.0,8228.0,0.0,0.0,0.0,0.0,0.0,1.0,0.0,0.0,0.0,0.0,0.0,-0.5,0.0,1.8,0.0,0.0,16.0,25903.0
2026-07-30T19:02:00.069Z,289.552,289.56600000000003,0.0,7.4,0.0,0.0,0.0,0.0,0.0,0.0,0.0,0.0,1.0,0.0,0.0,0.0,9.0,4.0,0.0,0.0,0.0,0.0,0.0,0.0,0.0,0.0,3.0,12.0,1.0,12.17,5.0200000000000005,2.51,1.49,0.0,0.0,0.0,21.0,0.0,-0.1,-0.9,-0.1,-169.70000000000002,0.0,0.0,169.70000000000002,0.0,21.3,29.1,29.1,29.700000000000003,300.0,300.0,31.5,35.7,29.0,28.3,30.1,4.96,1.99,4.97,0.16,0.0,0.0,1027.0,8228.0,0.0,0.0,0.0,0.0,0.0,1.0,0.0,0.0,0.0,0.0,0.0,-1.1,0.0,0.0,0.0,0.0001,16.0,25903.0
2026-07-30T19:02:00.081Z,289.564,289.57800000000003,0.0,7.4,0.0,0.0,0.0,0.0,0.0,0.0,0.0,0.0,1.0,0.0,0.0,0.0,9.0,4.0,0.0,0.0,0.0,0.0,0.0,0.0,0.0,0.0,4.0,12.0,1.0,12.17,5.0200000000000005,2.51,1.49,0.0,0.0,0.0,20.8,0.0,0.4,0.7000000000000001,-0.1,-169.70000000000002,0.0,0.0,169.70000000000002,0.0,21.3,29.1,29.1,29.700000000000003,300.0,300.0,31.5,35.7,29.0,28.3,30.1,4.96,1.99,4.96,0.16,0.0,0.0,1027.0,8228.0,0.0,0.0,0.0,0.0,0.0,1.0,0.0,0.0,0.0,0.0,0.0,-0.1,0.0,1.3,0.0,0.0001,16.0,25903.0
2026-07-30T19:02:00.093Z,289.576,289.59000000000003,0.0,7.4,0.0,0.0,0.0,0.0,0.0,0.0,0.0,0.0,1.0,0.0,0.0,0.0,9.0,4.0,0.0,0.0,0.0,0.0,0.0,0.0,0.0,0.0,5.0,12.0,1.0,12.17,5.0200000000000005,2.51,1.49,0.0,0.0,0.0,20.5,0.0,-0.7000000000000001,0.2,-0.7000000000000001,-169.70000000000002,0.0,0.0,169.8,0.0,21.3,29.1,29.1,29.700000000000003,300.0,300.0,31.5,35.7,29.0,28.3,30.1,4.96,1.99,4.96,0.16,0.0,0.0,1027.0,8228.0,0.0,0.0,0.0,0.0,0.0,1.0,0.0,0.0,0.0,0.0,0.0,0.7000000000000001,0.0,0.3,0.0,0.0,16.0,25903.0
2026-07-30T19:02:00.104Z,289.587,289.60200000000003,0.0,7.4,0.0,0.0,0.0,0.0,0.0,0.0,0.0,0.0,1.0,0.0,0.0,0.0,9.0,4.0,0.0,0.0,0.0,0.0,0.0,0.0,0.0,0.0,1.0,12.0,1.0,12.17,5.0200000000000005,2.51,1.49,0.0,0.1,0.0,20.4,0.0,0.3,-0.4,0.3,-169.70000000000002,0.0,0.0,169.8,0.0,21.3,29.1,29.1,29.700000000000003,300.0,300.0,31.5,35.7,29.0,28.3,30.1,4.95,1.99,4.97,0.16,0.0,0.0,1027.0,8228.0,0.0,0.0,0.0,0.0,0.0,1.0,0.0,0.0,0.0,0.0,0.0,0.0,0.0,0.2,0.0,0.0002,16.0,25903.0
2026-07-30T19:02:00.116Z,289.599,289.61400000000003,0.0,7.4,0.0,0.0,0.0,0.0,0.0,0.0,0.0,0.0,1.0,0.0,0.0,0.0,9.0,4.0,0.0,0.0,0.0,0.0,0.0,0.0,0.0,0.0,2.0,12.0,1.0,12.17,5.0200000000000005,2.51,1.49,0.0,0.0,0.0,20.200000000000003,0.0,0.9,0.1,0.2,-169.70000000000002,0.0,0.0,169.70000000000002,0.0,21.3,29.1,29.1,29.700000000000003,300.0,300.0,31.5,35.7,29.0,28.3,30.1,4.96,1.99,4.96,0.16,0.0,0.0,1027.0,8228.0,0.0,0.0,0.0,0.0,0.0,1.0,0.0,0.0,0.0,0.0,0.0,0.3,0.0,-0.2,0.0,0.0,16.0,25903.0
2026-07-30T19:02:00.128Z,289.611,289.62600000000003,0.0,7.4,0.0,0.0,0.0,0.0,0.0,0.0,0.0,0.0,1.0,0.0,0.0,0.0,9.0,4.0,0.0,0.0,0.0,0.0,0.0,0.0,0.0,0.0,3.0,12.0,1.0,12.17,5.0200000000000005,2.51,1.49,0.0,0.0,0.0,20.0,0.0,0.3,0.1,0.8,-169.70000000000002,0.0,0.0,169.70000000000002,0.0,21.3,29.1,29.1,29.700000000000003,300.0,300.0,31.5,35.7,29.0,28.3,30.1,4.96,1.99,4.96,0.16,0.0,0.0,1027.0,8228.0,0.0,0.0,0.0,0.0,0.0,1.0,0.0,0.0,0.0,0.0,0.0,0.7000000000000001,0.0,-0.7000000000000001,0.0,0.0001,16.0,25903.0
2026-07-30T19:02:00.140Z,289.623,289.63800000000003,0.0,7.4,0.0,0.0,0.0,0.0,0.0,0.0,0.0,0.0,1.0,0.0,0.0,0.0,9.0,4.0,0.0,0.0,0.0,0.0,0.0,0.0,0.0,0.0,4.0,12.0,1.0,12.17,5.0200000000000005,2.51,1.49,0.0,0.1,0.0,19.9,0.0,-0.2,0.1,-1.4,-169.70000000000002,0.0,0.0,169.70000000000002,0.0,21.3,29.1,29.1,29.700000000000003,300.0,300.0,31.5,35.7,29.0,28.3,30.1,4.95,1.99,4.96,0.16,0.0,0.0,1027.0,8228.0,0.0,0.0,0.0,0.0,0.0,1.0,0.0,0.0,0.0,0.0,0.0,-0.9,0.0,1.2000000000000002,0.0,0.0,16.0,25903.0
2026-07-30T19:02:00.152Z,289.635,289.65000000000003,0.0,7.4,0.0,0.0,0.0,0.0,0.0,0.0,0.0,0.0,1.0,0.0,0.0,0.0,9.0,4.0,0.0,0.0,0.0,0.0,0.0,0.0,0.0,0.0,6.0,12.0,1.0,12.17,5.0200000000000005,2.51,1.49,0.0,0.0,0.0,19.700000000000003,0.0,-0.2,-0.4,0.3,-169.70000000000002,0.0,0.0,169.8,0.0,21.3,29.1,29.1,29.700000000000003,300.0,300.0,31.5,35.7,29.0,28.3,30.1,4.95,1.99,4.97,0.16,0.0,0.0,1027.0,8228.0,0.0,0.0,0.0,0.0,0.0,1.0,0.0,0.0,0.0,0.0,0.0,-0.2,0.0,-0.4,0.0,0.0,16.0,25903.0
2026-07-30T19:02:00.164Z,289.647,289.662,0.0,7.4,0.0,0.0,0.0,0.0,0.0,0.0,0.0,0.0,1.0,0.0,0.0,0.0,9.0,4.0,0.0,0.0,0.0,0.0,0.0,0.0,0.0,0.0,2.0,12.0,1.0,12.17,5.0200000000000005,2.51,1.49,0.0,0.1,0.0,19.5,0.0,-0.2,-1.0,0.3,-169.70000000000002,0.0,0.0,169.8,0.0,21.3,29.1,29.1,29.700000000000003,300.0,300.0,31.5,35.7,29.0,28.3,30.1,4.96,2.0,4.96,0.16,0.0,0.0,1027.0,8228.0,0.0,0.0,0.0,0.0,0.0,1.0,0.0,0.0,0.0,0.0,0.0,-0.8,0.0,-0.5,0.0,0.0001,16.0,25903.0
2026-07-30T19:02:00.176Z,289.659,289.674,0.0,7.4,0.0,0.0,0.0,0.0,0.0,0.0,0.0,0.0,1.0,0.0,0.0,0.0,9.0,4.0,0.0,0.0,0.0,0.0,0.0,0.0,0.0,0.0,3.0,12.0,1.0,12.17,5.01,2.51,1.49,0.0,0.0,0.0,19.200000000000003,0.0,-0.7000000000000001,0.1,-1.9,-169.70000000000002,0.0,0.0,169.8,0.0,21.8,29.1,29.1,29.700000000000003,300.0,300.0,31.5,35.7,29.0,28.3,30.1,4.96,1.99,4.97,0.16,0.0,0.0,1027.0,8228.0,0.0,0.0,0.0,0.0,0.0,1.0,0.0,0.0,0.0,0.0,0.0,-1.2000000000000002,0.0,1.7000000000000002,0.0,0.0001,16.0,25903.0
2026-07-30T19:02:00.188Z,289.671,289.686,0.0,7.4,0.0,0.0,0.0,0.0,0.0,0.0,0.0,0.0,1.0,0.0,0.0,0.0,9.0,4.0,0.0,0.0,0.0,0.0,0.0,0.0,0.0,0.0,4.0,12.0,1.0,12.17,5.01,2.51,1.49,0.0,0.0,0.0,19.1,0.0,-1.3,-0.4,-0.1,-169.70000000000002,0.0,0.0,169.8,0.0,21.8,29.1,29.1,29.700000000000003,300.0,300.0,31.5,35.7,29.0,28.3,30.1,4.95,1.99,4.97,0.16,0.0,0.0,1027.0,8228.0,0.0,0.0,0.0,0.0,0.0,1.0,0.0,0.0,0.0,0.0,0.0,-0.6000000000000001,0.0,0.0,0.0,0.0,16.0,25903.0
2026-07-30T19:02:00.200Z,289.683,289.698,0.0,7.4,0.0,0.0,0.0,0.0,0.0,0.0,0.0,0.0,1.0,0.0,0.0,0.0,9.0,4.0,0.0,0.0,0.0,0.0,0.0,0.0,0.0,0.0,6.0,12.0,1.0,12.17,5.01,2.51,1.49,0.0,0.0,0.0,19.0,0.0,-0.1,0.1,-0.7000000000000001,-169.70000000000002,0.0,0.0,169.8,0.0,21.8,29.1,29.1,29.700000000000003,300.0,300.0,31.5,35.7,29.0,28.3,30.1,4.96,1.99,4.96,0.16,0.0,0.0,1027.0,8228.0,0.0,0.0,0.0,0.0,0.0,1.0,0.0,0.0,0.0,0.0,0.0,-0.3,0.0,0.6000000000000001,0.0,0.0,16.0,25903.0
2026-07-30T19:02:00.213Z,289.696,289.71,0.0,7.4,0.0,0.0,0.0,0.0,0.0,0.0,0.0,0.0,1.0,0.0,0.0,0.0,9.0,4.0,0.0,0.0,0.0,0.0,0.0,0.0,0.0,0.0,1.0,12.0,1.0,12.17,5.01,2.51,1.49,-0.1,0.1,0.0,18.8,0.0,-0.1,0.7000000000000001,0.3,-169.70000000000002,0.0,0.0,169.8,0.0,21.8,29.1,29.1,29.700000000000003,300.0,300.0,31.5,35.7,29.0,28.3,30.1,4.95,2.0,4.96,0.16,0.0,0.0,1027.0,8228.0,0.0,0.0,0.0,0.0,0.0,1.0,0.0,0.0,0.0,0.0,0.0,1.1,0.0,-0.1,0.0,0.0,16.0,25903.0
2026-07-30T19:02:00.224Z,289.707,289.722,0.0,7.4,0.0,0.0,0.0,0.0,0.0,0.0,0.0,0.0,1.0,0.0,0.0,0.0,9.0,4.0,0.0,0.0,0.0,0.0,0.0,0.0,0.0,0.0,2.0,12.0,1.0,12.17,5.01,2.51,1.49,0.0,0.1,0.0,18.6,0.0,0.4,1.3,2.1,-169.70000000000002,0.0,0.0,169.70000000000002,0.0,21.8,29.1,29.1,29.700000000000003,300.0,300.0,31.5,35.7,29.0,28.3,30.1,4.95,1.99,4.97,0.16,0.0,0.0,1027.0,8228.0,0.0,0.0,0.0,0.0,0.0,1.0,0.0,0.0,0.0,0.0,0.0,3.1,0.0,-1.6,0.0,0.0,16.0,25903.0
2026-07-30T19:02:00.236Z,289.719,289.734,0.0,7.4,0.0,0.0,0.0,0.0,0.0,0.0,0.0,0.0,1.0,0.0,0.0,0.0,9.0,4.0,0.0,0.0,0.0,0.0,0.0,0.0,0.0,0.0,3.0,12.0,1.0,12.17,5.01,2.51,1.49,0.0,0.0,0.0,18.5,0.0,0.4,1.2000000000000002,0.9,-169.70000000000002,0.0,0.0,169.8,0.0,21.8,29.1,29.1,29.700000000000003,300.0,300.0,31.5,35.7,29.0,28.3,30.1,4.95,1.99,4.97,0.16,0.0,0.0,1027.0,8228.0,0.0,0.0,0.0,0.0,0.0,1.0,0.0,0.0,0.0,0.0,0.0,2.1,0.0,-0.5,0.0,0.0002,16.0,25903.0
2026-07-30T19:02:00.248Z,289.731,289.746,0.0,7.4,0.0,0.0,0.0,0.0,0.0,0.0,0.0,0.0,1.0,0.0,0.0,0.0,9.0,4.0,0.0,0.0,0.0,0.0,0.0,0.0,0.0,0.0,4.0,12.0,1.0,12.17,5.01,2.51,1.49,0.0,0.0,0.0,18.3,0.0,-0.7000000000000001,-0.4,-1.3,-169.70000000000002,0.0,0.0,169.8,0.0,21.8,29.1,29.1,29.700000000000003,300.0,300.0,31.5,35.7,29.0,28.3,30.1,4.96,1.99,4.96,0.16,0.0,0.0,1027.0,8228.0,0.0,0.0,0.0,0.0,0.0,1.0,0.0,0.0,0.0,0.0,0.0,-1.5,0.0,1.1,0.0,0.0,16.0,25903.0
2026-07-30T19:02:00.260Z,289.743,289.758,0.0,7.4,0.0,0.0,0.0,0.0,0.0,0.0,0.0,0.0,1.0,0.0,0.0,0.0,9.0,4.0,0.0,0.0,0.0,0.0,0.0,0.0,0.0,0.0,5.0,12.0,1.0,12.17,5.01,2.51,1.49,0.0,0.0,0.0,18.1,0.0,-0.1,-0.9,-1.3,-169.70000000000002,0.0,0.0,169.70000000000002,0.0,21.8,29.1,29.1,29.700000000000003,300.0,300.0,31.5,35.7,29.0,28.3,30.1,4.95,1.99,4.97,0.16,0.0,0.0,1027.0,8228.0,0.0,0.0,0.0,0.0,0.0,1.0,0.0,0.0,0.0,0.0,0.0,-2.1,0.0,0.9,0.0,0.0001,16.0,25903.0
2026-07-30T19:02:00.273Z,289.756,289.77,0.0,7.4,0.0,0.0,0.0,0.0,0.0,0.0,0.0,0.0,1.0,0.0,0.0,0.0,9.0,4.0,0.0,0.0,0.0,0.0,0.0,0.0,0.0,0.0,6.0,12.0,1.0,12.18,5.01,2.51,1.49,0.0,0.0,0.0,18.0,0.0,-0.7000000000000001,0.7000000000000001,-0.1,-169.70000000000002,0.0,0.0,169.70000000000002,0.0,21.0,29.1,29.1,29.700000000000003,300.0,300.0,31.5,35.800000000000004,29.0,28.3,30.1,4.95,1.99,4.97,0.16,0.0,0.0,1027.0,8228.0,0.0,0.0,0.0,0.0,0.0,1.0,0.0,0.0,0.0,0.0,0.0,0.6000000000000001,0.0,0.3,0.0,0.0002,16.0,25903.0
2026-07-30T19:02:00.284Z,289.767,289.782,0.0,7.4,0.0,0.0,0.0,0.0,0.0,0.0,0.0,0.0,1.0,0.0,0.0,0.0,9.0,4.0,0.0,0.0,0.0,0.0,0.0,0.0,0.0,0.0,1.0,12.0,1.0,12.18,5.01,2.51,1.49,0.0,0.0,0.0,17.8,0.0,0.3,1.3,-0.1,-169.70000000000002,0.0,0.0,169.8,0.0,21.0,29.1,29.1,29.700000000000003,300.0,300.0,31.5,35.800000000000004,29.0,28.3,30.1,4.96,1.99,4.97,0.16,0.0,0.0,1027.0,8228.0,0.0,0.0,0.0,0.0,0.0,1.0,0.0,0.0,0.0,0.0,0.0,1.3,0.0,0.4,0.0,0.0,16.0,25903.0
2026-07-30T19:02:00.296Z,289.779,289.794,0.0,7.4,0.0,0.0,0.0,0.0,0.0,0.0,0.0,0.0,1.0,0.0,0.0,0.0,9.0,4.0,0.0,0.0,0.0,0.0,0.0,0.0,0.0,0.0,2.0,12.0,1.0,12.18,5.01,2.51,1.49,0.0,0.0,0.0,17.6,0.0,-0.1,0.1,1.5,-169.70000000000002,0.0,0.0,169.8,0.0,21.0,29.1,29.1,29.700000000000003,300.0,300.0,31.5,35.800000000000004,29.0,28.3,30.1,4.96,1.99,4.97,0.16,0.0,0.0,1027.0,8228.0,0.0,0.0,0.0,0.0,0.0,1.0,0.0,0.0,0.0,0.0,0.0,1.3,0.0,-1.3,0.0,0.0001,16.0,25903.0
2026-07-30T19:02:00.308Z,289.791,289.806,0.0,7.4,0.0,0.0,0.0,0.0,0.0,0.0,0.0,0.0,1.0,0.0,0.0,0.0,9.0,4.0,0.0,0.0,0.0,0.0,0.0,0.0,0.0,0.0,3.0,12.0,1.0,12.18,5.01,2.51,1.49,0.0,0.0,0.0,17.400000000000002,0.0,0.4,-1.0,-1.3,-169.70000000000002,0.0,0.0,169.8,0.0,21.0,29.1,29.1,29.700000000000003,300.0,300.0,31.5,35.800000000000004,29.0,28.3,30.1,4.95,1.99,4.97,0.16,0.0,0.0,1027.0,8228.0,0.0,0.0,0.0,0.0,0.0,1.0,0.0,0.0,0.0,0.0,0.0,-2.2,0.0,1.0,0.0,0.0,16.0,25903.0
2026-07-30T19:02:00.320Z,289.803,289.818,0.0,7.4,0.0,0.0,0.0,0.0,0.0,0.0,0.0,0.0,1.0,0.0,0.0,0.0,9.0,4.0,0.0,0.0,0.0,0.0,0.0,0.0,0.0,0.0,4.0,12.0,1.0,12.18,5.01,2.51,1.49,0.0,0.0,0.0,17.3,0.0,0.4,0.7000000000000001,-0.7000000000000001,-169.70000000000002,0.0,0.0,169.8,0.0,21.0,29.1,29.1,29.700000000000003,300.0,300.0,31.5,35.800000000000004,29.0,28.3,30.1,4.95,1.99,4.96,0.16,0.0,0.0,1027.0,8228.0,0.0,0.0,0.0,0.0,0.0,1.0,0.0,0.0,0.0,0.0,0.0,0.2,0.0,0.8,0.0,0.0001,16.0,25903.0
2026-07-30T19:02:00.332Z,289.815,289.83,0.0,7.4,0.0,0.0,0.0,0.0,0.0,0.0,0.0,0.0,1.0,0.0,0.0,0.0,9.0,4.0,0.0,0.0,0.0,0.0,0.0,0.0,0.0,0.0,5.0,12.0,1.0,12.18,5.01,2.51,1.49,0.0,0.0,0.0,17.1,0.0,1.0,0.1,0.4,-169.70000000000002,0.0,0.0,169.70000000000002,0.0,21.0,29.1,29.1,29.700000000000003,300.0,300.0,31.5,35.800000000000004,29.0,28.3,30.1,4.96,1.99,4.96,0.16,0.0,0.0,1027.0,8228.0,0.0,0.0,0.0,0.0,0.0,1.0,0.0,0.0,0.0,0.0,0.0,0.4,0.0,-0.3,0.0,0.0,16.0,25903.0
2026-07-30T19:02:00.345Z,289.828,289.842,0.0,7.4,0.0,0.0,0.0,0.0,0.0,0.0,0.0,0.0,1.0,0.0,0.0,0.0,9.0,4.0,0.0,0.0,0.0,0.0,0.0,0.0,0.0,0.0,6.0,12.0,1.0,12.18,5.01,2.51,1.49,0.0,0.0,0.0,16.900000000000002,0.0,-0.1,-0.4,-0.1,-169.70000000000002,0.0,0.0,169.70000000000002,0.0,21.0,29.1,29.1,29.700000000000003,300.0,300.0,31.5,35.800000000000004,29.0,28.3,30.1,4.95,1.99,4.97,0.16,0.0,0.0,1027.0,8228.0,0.0,0.0,0.0,0.0,0.0,1.0,0.0,0.0,0.0,0.0,0.0,-0.5,0.0,0.0,0.0,0.0,16.0,25903.0
2026-07-30T19:02:00.356Z,289.839,289.854,0.0,7.4,0.0,0.0,0.0,0.0,0.0,0.0,0.0,0.0,1.0,0.0,0.0,0.0,9.0,4.0,0.0,0.0,0.0,0.0,0.0,0.0,0.0,0.0,1.0,12.0,1.0,12.18,5.01,2.51,1.49,0.0,0.0,0.0,16.8,0.0,-0.1,-1.0,-0.7000000000000001,-169.70000000000002,0.0,0.0,169.70000000000002,0.0,21.0,29.1,29.1,29.700000000000003,300.0,300.0,31.5,35.800000000000004,29.0,28.3,30.1,4.97,1.99,4.97,0.16,0.0,0.0,1027.0,8228.0,0.0,0.0,0.0,0.0,0.0,1.0,0.0,0.0,0.0,0.0,0.0,-1.6,0.0,0.4,0.0,0.0,16.0,25903.0
2026-07-30T19:02:00.368Z,289.851,289.866,0.0,7.4,0.0,0.0,0.0,0.0,0.0,0.0,0.0,0.0,1.0,0.0,0.0,0.0,9.0,4.0,0.0,0.0,0.0,0.0,0.0,0.0,0.0,0.0,3.0,12.0,1.0,12.18,5.01,2.51,1.49,0.0,0.0,0.0,16.7,0.0,-0.1,0.2,-0.6000000000000001,-169.70000000000002,0.0,0.0,169.70000000000002,0.0,21.0,29.1,29.1,29.700000000000003,300.0,300.0,31.5,35.800000000000004,29.0,28.3,30.1,4.97,1.99,4.96,0.16,0.0,0.0,1027.0,8228.0,0.0,0.0,0.0,0.0,0.0,1.0,0.0,0.0,0.0,0.0,0.0,-0.2,0.0,0.6000000000000001,0.0,0.0,16.0,25903.0
2026-07-30T19:02:00.380Z,289.863,289.878,0.0,7.4,0.0,0.0,0.0,0.0,0.0,0.0,0.0,0.0,1.0,0.0,0.0,0.0,9.0,4.0,0.0,0.0,0.0,0.0,0.0,0.0,0.0,0.0,4.0,12.0,1.0,12.15,5.01,2.51,1.49,-0.1,0.0,0.0,16.400000000000002,0.0,0.0,0.8,0.0,-169.70000000000002,0.0,0.0,169.8,0.0,21.700000000000003,29.1,29.1,29.700000000000003,300.0,300.0,31.6,35.7,29.0,28.3,30.1,4.95,1.99,4.96,0.16,0.0,0.0,1027.0,8228.0,0.0,0.0,0.0,0.0,0.0,1.0,0.0,0.0,0.0,0.0,0.0,0.8,0.0,0.2,0.0,0.0001,16.0,25903.0
2026-07-30T19:02:00.392Z,289.875,289.89,0.0,7.4,0.0,0.0,0.0,0.0,0.0,0.0,0.0,0.0,1.0,0.0,0.0,0.0,9.0,4.0,0.0,0.0,0.0,0.0,0.0,0.0,0.0,0.0,5.0,12.0,1.0,12.15,5.01,2.51,1.49,0.0,0.1,0.0,16.3,0.0,-0.6000000000000001,-0.3,0.0,-169.70000000000002,0.0,0.0,169.70000000000002,0.0,21.700000000000003,29.1,29.1,29.700000000000003,300.0,300.0,31.6,35.7,29.0,28.3,30.1,4.95,1.99,4.97,0.16,0.0,0.0,1027.0,8228.0,0.0,0.0,0.0,0.0,0.0,1.0,0.0,0.0,0.0,0.0,0.0,-0.4,0.0,0.0,0.0,0.0001,16.0,25903.0
2026-07-30T19:02:00.404Z,289.887,289.902,0.0,7.4,0.0,0.0,0.0,0.0,0.0,0.0,0.0,0.0,1.0,0.0,0.0,0.0,9.0,4.0,0.0,0.0,0.0,0.0,0.0,0.0,0.0,0.0,6.0,12.0,1.0,12.15,5.01,2.51,1.49,0.0,0.0,0.0,16.1,0.0,0.4,-0.3,0.0,-169.70000000000002,0.0,0.0,169.8,0.0,21.700000000000003,29.1,29.1,29.700000000000003,300.0,300.0,31.6,35.7,29.0,28.3,30.1,4.96,1.99,4.96,0.16,0.0,0.0,1027.0,8228.0,0.0,0.0,0.0,0.0,0.0,1.0,0.0,0.0,0.0,0.0,0.0,-0.4,0.0,0.0,0.0,0.0001,16.0,25903.0
2026-07-30T19:02:00.416Z,289.899,289.914,0.0,7.4,0.0,0.0,0.0,0.0,0.0,0.0,0.0,0.0,1.0,0.0,0.0,0.0,9.0,4.0,0.0,0.0,0.0,0.0,0.0,0.0,0.0,0.0,2.0,12.0,1.0,12.15,5.01,2.51,1.49,0.0,0.0,0.0,16.0,0.0,1.1,1.9,1.1,-169.70000000000002,0.0,0.0,169.8,0.0,21.700000000000003,29.1,29.1,29.700000000000003,300.0,300.0,31.6,35.7,29.0,28.3,30.1,4.96,1.99,4.97,0.16,0.0,0.0,1027.0,8228.0,0.0,0.0,0.0,0.0,0.0,1.0,0.0,0.0,0.0,0.0,0.0,3.1,0.0,-0.5,0.0,0.0002,16.0,25903.0
2026-07-30T19:02:00.428Z,289.911,289.926,0.0,7.4,0.0,0.0,0.0,0.0,0.0,0.0,0.0,0.0,1.0,0.0,0.0,0.0,9.0,4.0,0.0,0.0,0.0,0.0,0.0,0.0,0.0,0.0,3.0,12.0,1.0,12.15,5.01,2.51,1.49,0.0,0.1,0.0,15.9,0.0,0.0,0.2,-0.6000000000000001,-169.70000000000002,0.0,0.0,169.8,0.0,21.700000000000003,29.1,29.1,29.700000000000003,300.0,300.0,31.6,35.7,29.0,28.3,30.1,4.95,2.0,4.97,0.16,0.0,0.0,1027.0,8228.0,0.0,0.0,0.0,0.0,0.0,1.0,0.0,0.0,0.0,0.0,0.0,-0.2,0.0,0.6000000000000001,0.0,0.0,16.0,25903.0
2026-07-30T19:02:00.440Z,289.923,289.938,0.0,7.4,0.0,0.0,0.0,0.0,0.0,0.0,0.0,0.0,1.0,0.0,0.0,0.0,9.0,4.0,0.0,0.0,0.0,0.0,0.0,0.0,0.0,0.0,5.0,12.0,1.0,12.15,5.01,2.51,1.49,0.0,0.0,0.0,15.6,0.0,1.7000000000000002,0.2,1.1,-169.70000000000002,0.0,0.0,169.8,0.0,21.700000000000003,29.1,29.1,29.700000000000003,300.0,300.0,31.6,35.7,29.0,28.3,30.1,4.96,2.0,4.96,0.16,0.0,0.0,1027.0,8228.0,0.0,0.0,0.0,0.0,0.0,1.0,0.0,0.0,0.0,0.0,0.0,1.1,0.0,-0.9,0.0,0.0001,16.0,25903.0
2026-07-30T19:02:00.452Z,289.935,289.95,0.0,7.4,0.0,0.0,0.0,0.0,0.0,0.0,0.0,0.0,1.0,0.0,0.0,0.0,9.0,4.0,0.0,0.0,0.0,0.0,0.0,0.0,0.0,0.0,6.0,12.0,1.0,12.15,5.01,2.51,1.49,0.0,0.1,0.0,15.5,0.0,0.5,-0.8,0.0,-169.70000000000002,0.0,0.0,169.70000000000002,0.0,21.700000000000003,29.1,29.1,29.700000000000003,300.0,300.0,31.6,35.7,29.0,28.3,30.1,4.95,1.99,4.96,0.16,0.0,0.0,1027.0,8228.0,0.0,0.0,0.0,0.0,0.0,1.0,0.0,0.0,0.0,0.0,0.0,-1.0,0.0,-0.1,0.0,0.0,16.0,25903.0
2026-07-30T19:02:00.464Z,289.947,289.962,0.0,7.4,0.0,0.0,0.0,0.0,0.0,0.0,0.0,0.0,1.0,0.0,0.0,0.0,9.0,4.0,0.0,0.0,0.0,0.0,0.0,0.0,0.0,0.0,1.0,12.0,1.0,12.15,5.01,2.51,1.49,0.0,0.0,0.0,15.4,0.0,0.5,0.2,-0.6000000000000001,-169.70000000000002,0.0,0.0,169.70000000000002,0.0,21.700000000000003,29.1,29.1,29.700000000000003,300.0,300.0,31.6,35.7,29.0,28.3,30.1,4.95,1.99,4.97,0.16,0.0,0.0,1027.0,8228.0,0.0,0.0,0.0,0.0,0.0,1.0,0.0,0.0,0.0,0.0,0.0,-0.1,0.0,0.6000000000000001,0.0,0.0002,16.0,25903.0
2026-07-30T19:02:00.476Z,289.959,289.974,0.0,7.4,0.0,0.0,0.0,0.0,0.0,0.0,0.0,0.0,1.0,0.0,0.0,0.0,9.0,4.0,0.0,0.0,0.0,0.0,0.0,0.0,0.0,0.0,2.0,12.0,1.0,12.17,5.0200000000000005,2.51,1.49,0.0,0.0,0.0,15.2,0.0,0.0,-0.9,-0.6000000000000001,-169.70000000000002,0.0,0.0,169.8,0.0,21.3,29.1,29.1,29.700000000000003,300.0,300.0,31.6,35.800000000000004,29.0,28.3,30.1,4.95,1.99,4.97,0.16,0.0,0.0,1027.0,8228.0,0.0,0.0,0.0,0.0,0.0,1.0,0.0,0.0,0.0,0.0,0.0,-1.5,0.0,0.4,0.0,0.0001,16.0,25903.0
2026-07-30T19:02:00.488Z,289.971,289.986,0.0,7.4,0.0,0.0,0.0,0.0,0.0,0.0,0.0,0.0,1.0,0.0,0.0,0.0,9.0,4.0,0.0,0.0,0.0,0.0,0.0,0.0,0.0,0.0,3.0,12.0,1.0,12.17,5.0200000000000005,2.51,1.49,0.0,0.0,0.0,15.1,0.0,0.0,0.2,-1.3,-169.70000000000002,0.0,0.0,169.8,0.0,21.3,29.1,29.1,29.700000000000003,300.0,300.0,31.6,35.800000000000004,29.0,28.3,30.1,4.96,1.99,4.97,0.16,0.0,0.0,1027.0,8228.0,0.0,0.0,0.0,0.0,0.0,1.0,0.0,0.0,0.0,0.0,0.0,-0.7000000000000001,0.0,1.2000000000000002,0.0,0.0,16.0,25903.0
2026-07-30T19:02:00.500Z,289.983,289.998,0.0,7.4,0.0,0.0,0.0,0.0,0.0,0.0,0.0,0.0,1.0,0.0,0.0,0.0,9.0,4.0,0.0,0.0,0.0,0.0,0.0,0.0,0.0,0.0,4.0,12.0,1.0,12.17,5.0200000000000005,2.51,1.49,0.0,0.0,0.0,14.9,0.0,2.2,-0.3,0.4,-169.70000000000002,0.0,0.0,169.8,0.0,21.3,29.1,29.1,29.700000000000003,300.0,300.0,31.6,35.800000000000004,29.0,28.3,30.1,4.95,1.99,4.97,0.16,0.0,0.0,1027.0,8228.0,0.0,0.0,0.0,0.0,0.0,1.0,0.0,0.0,0.0,0.0,0.0,-0.1,0.0,-0.4,0.0,0.0,16.0,25903.0
2026-07-30T19:02:00.512Z,289.995,290.01,0.0,7.4,0.0,0.0,0.0,0.0,0.0,0.0,0.0,0.0,1.0,0.0,0.0,0.0,9.0,4.0,0.0,0.0,0.0,0.0,0.0,0.0,0.0,0.0,5.0,12.0,1.0,12.17,5.0200000000000005,2.51,1.49,0.0,0.0,0.0,14.8,0.0,0.4,1.3,0.3,-169.70000000000002,0.0,0.0,169.70000000000002,0.0,21.3,29.1,29.1,29.700000000000003,300.0,300.0,31.6,35.800000000000004,29.0,28.3,30.1,4.95,2.0,4.96,0.16,0.0,0.0,1027.0,8228.0,0.0,0.0,0.0,0.0,0.0,1.0,0.0,0.0,0.0,0.0,0.0,1.8,0.0,0.0,0.0,0.0,16.0,25903.0
2026-07-30T19:02:00.524Z,290.007,290.022,0.0,7.4,0.0,0.0,0.0,0.0,0.0,0.0,0.0,0.0,1.0,0.0,0.0,0.0,9.0,4.0,0.0,0.0,0.0,0.0,0.0,0.0,0.0,0.0,5.0,12.0,1.0,12.17,5.0200000000000005,2.51,1.49,0.0,0.0,0.0,14.6,0.0,-0.1,-0.4,-0.8,-169.70000000000002,0.0,0.0,169.70000000000002,0.0,21.3,29.1,29.1,29.700000000000003,300.0,300.0,31.6,35.800000000000004,29.0,28.3,30.1,4.96,1.99,4.96,0.16,0.0,0.0,1027.0,8228.0,0.0,0.0,0.0,0.0,0.0,1.0,0.0,0.0,0.0,0.0,0.0,-1.1,0.0,0.6000000000000001,0.0,0.0001,16.0,25903.0
2026-07-30T19:02:00.536Z,290.019,290.034,0.0,7.4,0.0,0.0,0.0,0.0,0.0,0.0,0.0,0.0,1.0,0.0,0.0,0.0,9.0,4.0,0.0,0.0,0.0,0.0,0.0,0.0,0.0,0.0,6.0,12.0,1.0,12.17,5.0200000000000005,2.51,1.49,0.0,0.0,0.0,14.5,0.0,-0.1,-1.0,0.9,-169.70000000000002,0.0,0.0,169.70000000000002,0.0,21.3,29.1,29.1,29.700000000000003,300.0,300.0,31.6,35.800000000000004,29.0,28.3,30.1,4.96,1.99,4.96,0.16,0.0,0.0,1027.0,8228.0,0.0,0.0,0.0,0.0,0.0,1.0,0.0,0.0,0.0,0.0,0.0,-0.4,0.0,-1.0,0.0,0.0,16.0,25903.0
2026-07-30T19:02:00.548Z,290.031,290.046,0.0,7.4,0.0,0.0,0.0,0.0,0.0,0.0,0.0,0.0,1.0,0.0,0.0,0.0,9.0,4.0,0.0,0.0,0.0,0.0,0.0,0.0,0.0,0.0,1.0,12.0,1.0,12.17,5.0200000000000005,2.51,1.49,0.0,0.0,0.0,14.4,0.0,-0.7000000000000001,-0.4,-0.7000000000000001,-169.70000000000002,0.0,0.0,169.8,0.0,21.3,29.1,29.1,29.700000000000003,300.0,300.0,31.6,35.800000000000004,29.0,28.3,30.1,4.96,1.99,4.97,0.16,0.0,0.0,1027.0,8228.0,0.0,0.0,0.0,0.0,0.0,1.0,0.0,0.0,0.0,0.0,0.0,-1.0,0.0,0.5,0.0,0.0001,16.0,25903.0
2026-07-30T19:02:00.560Z,290.043,290.058,0.0,7.4,0.0,0.0,0.0,0.0,0.0,0.0,0.0,0.0,1.0,0.0,0.0,0.0,9.0,4.0,0.0,0.0,0.0,0.0,0.0,0.0,0.0,0.0,2.0,12.0,1.0,12.17,5.0200000000000005,2.51,1.49,0.0,0.0,0.0,14.8,0.0,0.3,-1.0,-0.1,-169.70000000000002,0.0,0.0,169.8,0.0,21.3,29.1,29.1,29.700000000000003,300.0,300.0,31.6,35.800000000000004,29.0,28.3,30.1,4.96,1.99,4.97,0.16,0.0,0.0,1027.0,8228.0,0.0,0.0,0.0,0.0,0.0,1.0,0.0,0.0,0.0,0.0,0.0,-1.3,0.0,0.0,0.0,0.0001,16.0,25903.0
2026-07-30T19:02:00.572Z,290.055,290.07,0.0,7.4,0.0,0.0,0.0,0.0,0.0,0.0,0.0,0.0,1.0,0.0,0.0,0.0,9.0,4.0,0.0,0.0,0.0,0.0,0.0,0.0,0.0,0.0,3.0,12.0,1.0,12.17,5.0200000000000005,2.51,1.49,0.0,0.0,0.0,15.6,0.0,0.3,0.7000000000000001,0.9,-169.70000000000002,0.0,0.0,169.70000000000002,0.0,21.3,29.1,29.1,29.700000000000003,300.0,300.0,31.6,35.800000000000004,29.0,28.3,30.1,4.96,1.99,4.97,0.16,0.0,0.0,1027.0,8228.0,0.0,0.0,0.0,0.0,0.0,1.0,0.0,0.0,0.0,0.0,0.0,1.5,0.0,-0.7000000000000001,0.0,0.0001,16.0,25903.0
2026-07-30T19:02:00.584Z,290.067,290.082,0.0,7.4,0.0,0.0,0.0,0.0,0.0,0.0,0.0,0.0,1.0,0.0,0.0,0.0,9.0,4.0,0.0,0.0,0.0,0.0,0.0,0.0,0.0,0.0,4.0,12.0,1.0,12.18,5.0200000000000005,2.51,1.49,0.0,0.0,0.0,16.400000000000002,0.0,0.3,0.1,-0.7000000000000001,-169.70000000000002,0.0,0.0,169.8,0.0,21.700000000000003,29.1,29.1,29.700000000000003,300.0,300.0,31.6,35.7,29.0,28.200000000000003,30.1,4.95,1.99,4.96,0.16,0.0,0.0,1027.0,8228.0,0.0,0.0,0.0,0.0,0.0,1.0,0.0,0.0,0.0,0.0,0.0,-0.4,0.0,0.7000000000000001,0.0,0.0001,16.0,25903.0
2026-07-30T19:02:00.596Z,290.079,290.094,0.0,7.4,0.0,0.0,0.0,0.0,0.0,0.0,0.0,0.0,1.0,0.0,0.0,0.0,9.0,4.0,0.0,0.0,0.0,0.0,0.0,0.0,0.0,0.0,5.0,12.0,1.0,12.18,5.0200000000000005,2.51,1.49,0.0,0.0,0.0,17.1,0.0,-0.2,-0.4,0.3,-169.70000000000002,0.0,0.0,169.70000000000002,0.0,21.700000000000003,29.1,29.1,29.700000000000003,300.0,300.0,31.6,35.7,29.0,28.200000000000003,30.1,4.96,1.99,4.97,0.16,0.0,0.0,1027.0,8228.0,0.0,0.0,0.0,0.0,0.0,1.0,0.0,0.0,0.0,0.0,0.0,-2.2,0.0,0.9,0.0,0.0,16.0,25903.0
2026-07-30T19:02:00.608Z,290.091,290.106,0.0,7.4,0.0,0.0,0.0,0.0,0.0,0.0,0.0,0.0,1.0,0.0,0.0,0.0,9.0,4.0,0.0,0.0,0.0,0.0,0.0,0.0,0.0,0.0,6.0,12.0,1.0,12.18,5.0200000000000005,2.51,1.49,0.0,0.0,0.0,17.900000000000002,0.0,0.9,0.7000000000000001,-0.2,-169.70000000000002,0.0,0.0,169.8,0.0,21.700000000000003,29.1,29.1,29.700000000000003,300.0,300.0,31.6,35.7,29.0,28.200000000000003,30.1,4.96,2.0,4.96,0.16,0.0,0.0,1027.0,8228.0,0.0,0.0,0.0,0.0,0.0,1.0,0.0,0.0,0.0,0.0,0.0,-1.1,0.0,0.6000000000000001,0.0,0.0,16.0,25903.0
2026-07-30T19:02:00.620Z,290.103,290.118,0.0,7.4,0.0,0.0,0.0,0.0,0.0,0.0,0.0,0.0,1.0,0.0,0.0,0.0,9.0,4.0,0.0,0.0,0.0,0.0,0.0,0.0,0.0,0.0,1.0,12.0,1.0,12.18,5.0200000000000005,2.51,1.49,0.0,0.0,0.0,18.7,0.0,-0.8,0.6000000000000001,-0.8,-169.70000000000002,0.0,0.0,169.70000000000002,0.0,21.700000000000003,29.1,29.1,29.700000000000003,300.0,300.0,31.6,35.7,29.0,28.200000000000003,30.1,4.95,1.99,4.96,0.16,0.0,0.0,1027.0,8228.0,0.0,0.0,0.0,0.0,0.0,1.0,0.0,0.0,0.0,0.0,0.0,0.1,0.0,0.8,0.0,0.0001,16.0,25903.0
2026-07-30T19:02:00.632Z,290.115,290.13,0.0,7.4,0.0,0.0,0.0,0.0,0.0,0.0,0.0,0.0,1.0,0.0,0.0,0.0,9.0,4.0,0.0,0.0,0.0,0.0,0.0,0.0,0.0,0.0,2.0,12.0,1.0,12.18,5.0200000000000005,2.51,1.49,0.0,0.0,0.0,19.4,0.0,0.3,-1.0,0.3,-169.70000000000002,0.0,0.0,169.70000000000002,0.0,21.700000000000003,29.1,29.1,29.700000000000003,300.0,300.0,31.6,35.7,29.0,28.200000000000003,30.1,4.95,1.99,4.97,0.16,0.0,0.0,1027.0,8228.0,0.0,0.0,0.0,0.0,0.0,1.0,0.0,0.0,0.0,0.0,0.0,-0.9,0.0,-0.5,0.0,0.0001,16.0,25903.0
2026-07-30T19:02:00.644Z,290.127,290.142,0.0,7.4,0.0,0.0,0.0,0.0,0.0,0.0,0.0,0.0,1.0,0.0,0.0,0.0,9.0,4.0,0.0,0.0,0.0,0.0,0.0,0.0,0.0,0.0,4.0,12.0,1.0,12.18,5.0200000000000005,2.51,1.49,0.0,0.0,0.0,20.200000000000003,0.0,0.3,-0.4,0.3,-169.70000000000002,0.0,0.0,169.8,0.0,21.700000000000003,29.1,29.1,29.700000000000003,300.0,300.0,31.6,35.7,29.0,28.200000000000003,30.1,4.95,1.99,4.96,0.16,0.0,0.0,1027.0,8228.0,0.0,0.0,0.0,0.0,0.0,1.0,0.0,0.0,0.0,0.0,0.0,-0.2,0.0,-0.4,0.0,0.0001,16.0,25903.0
2026-07-30T19:02:00.656Z,290.139,290.154,0.0,7.4,0.0,0.0,0.0,0.0,0.0,0.0,0.0,0.0,1.0,0.0,0.0,0.0,9.0,4.0,0.0,0.0,0.0,0.0,0.0,0.0,0.0,0.0,5.0,12.0,1.0,12.18,5.0200000000000005,2.51,1.49,0.0,0.0,0.0,20.9,0.0,0.9,-0.4,-0.7000000000000001,-169.70000000000002,0.0,0.0,169.70000000000002,0.0,21.700000000000003,29.1,29.1,29.700000000000003,300.0,300.0,31.6,35.7,29.0,28.200000000000003,30.1,4.95,1.99,4.97,0.16,0.0,0.0,1027.0,8228.0,0.0,0.0,0.0,0.0,0.0,1.0,0.0,0.0,0.0,0.0,0.0,-1.0,0.0,0.5,0.0,0.0002,16.0,25903.0
2026-07-30T19:02:00.668Z,290.151,290.166,0.0,7.4,0.0,0.0,0.0,0.0,0.0,0.0,0.0,0.0,1.0,0.0,0.0,0.0,9.0,4.0,0.0,0.0,0.0,0.0,0.0,0.0,0.0,0.0,1.0,12.0,1.0,12.18,5.0200000000000005,2.51,1.49,0.0,0.1,0.0,21.700000000000003,0.0,1.5,1.2000000000000002,-0.1,-169.70000000000002,0.0,0.0,169.70000000000002,0.0,21.700000000000003,29.1,29.1,29.700000000000003,300.0,300.0,31.6,35.7,29.0,28.200000000000003,30.1,4.95,1.99,4.97,0.16,0.0,0.0,1027.0,8228.0,0.0,0.0,0.0,0.0,0.0,1.0,0.0,0.0,0.0,0.0,0.0,1.3,0.0,0.3,0.0,0.0001,16.0,25903.0
2026-07-30T19:02:00.680Z,290.163,290.178,0.0,7.4,0.0,0.0,0.0,0.0,0.0,0.0,0.0,0.0,1.0,0.0,0.0,0.0,9.0,4.0,0.0,0.0,0.0,0.0,0.0,0.0,0.0,0.0,2.0,12.0,1.0,12.17,5.01,2.5,1.49,0.0,0.0,0.0,22.4,0.0,-0.1,-0.4,-0.7000000000000001,-169.70000000000002,0.0,0.0,169.8,0.0,21.4,29.1,29.1,29.700000000000003,300.0,300.0,31.6,35.7,29.0,28.3,30.1,4.96,1.99,4.97,0.16,0.0,0.0,1027.0,8228.0,0.0,0.0,0.0,0.0,0.0,1.0,0.0,0.0,0.0,0.0,0.0,-1.0,0.0,0.5,0.0,0.0001,16.0,25903.0
2026-07-30T19:02:00.692Z,290.175,290.19,0.0,7.4,0.0,0.0,0.0,0.0,0.0,0.0,0.0,0.0,1.0,0.0,0.0,0.0,9.0,4.0,0.0,0.0,0.0,0.0,0.0,0.0,0.0,0.0,3.0,12.0,1.0,12.17,5.01,2.5,1.49,0.0,0.0,0.0,23.200000000000003,0.0,-0.1,0.7000000000000001,0.4,-169.70000000000002,0.0,0.0,169.8,0.0,21.4,29.1,29.1,29.700000000000003,300.0,300.0,31.6,35.7,29.0,28.3,30.1,4.95,1.99,4.96,0.16,0.0,0.0,1027.0,8228.0,0.0,0.0,0.0,0.0,0.0,1.0,0.0,0.0,0.0,0.0,0.0,1.1,0.0,-0.2,0.0,0.0001,16.0,25903.0
2026-07-30T19:02:00.705Z,290.188,290.202,0.0,7.4,0.0,0.0,0.0,0.0,0.0,0.0,0.0,0.0,1.0,0.0,0.0,0.0,9.0,4.0,0.0,0.0,0.0,0.0,0.0,0.0,0.0,0.0,5.0,12.0,1.0,12.17,5.01,2.5,1.49,0.0,0.0,0.0,24.0,0.0,-0.1,0.1,-0.1,-169.70000000000002,0.0,0.0,169.8,0.0,21.4,29.1,29.1,29.700000000000003,300.0,300.0,31.6,35.7,29.0,28.3,30.1,4.95,1.99,4.97,0.17,0.0,0.0,1027.0,8228.0,0.0,0.0,0.0,0.0,0.0,1.0,0.0,0.0,0.0,0.0,0.0,0.0,0.0,0.1,0.0,0.0001,16.0,25903.0
2026-07-30T19:02:00.716Z,290.199,290.214,0.0,7.4,0.0,0.0,0.0,0.0,0.0,0.0,0.0,0.0,1.0,0.0,0.0,0.0,9.0,4.0,0.0,0.0,0.0,0.0,0.0,0.0,0.0,0.0,5.0,12.0,1.0,12.17,5.01,2.5,1.49,0.0,0.0,0.0,24.700000000000003,0.0,0.0,-0.4,-0.7000000000000001,-169.70000000000002,0.0,0.0,169.8,0.0,21.4,29.1,29.1,29.700000000000003,300.0,300.0,31.6,35.7,29.0,28.3,30.1,4.96,1.99,4.97,0.16,0.0,0.0,1027.0,8228.0,0.0,0.0,0.0,0.0,0.0,1.0,0.0,0.0,0.0,0.0,0.0,-1.0,0.0,0.5,0.0,0.0001,16.0,25903.0
2026-07-30T19:02:00.728Z,290.211,290.226,0.0,7.4,0.0,0.0,0.0,0.0,0.0,0.0,0.0,0.0,1.0,0.0,0.0,0.0,9.0,4.0,0.0,0.0,0.0,0.0,0.0,0.0,0.0,0.0,1.0,12.0,1.0,12.17,5.01,2.5,1.49,0.0,0.0,0.0,25.4,0.0,-0.6000000000000001,0.7000000000000001,1.5,-169.70000000000002,0.0,0.0,169.8,0.0,21.4,29.1,29.1,29.700000000000003,300.0,300.0,31.6,35.7,29.0,28.3,30.1,4.96,1.99,4.96,0.17,0.0,0.0,1027.0,8228.0,0.0,0.0,0.0,0.0,0.0,1.0,0.0,0.0,0.0,0.0,0.0,2.0,0.0,-1.2000000000000002,0.0,0.0,16.0,25903.0
2026-07-30T19:02:00.740Z,290.223,290.238,0.0,7.4,0.0,0.0,0.0,0.0,0.0,0.0,0.0,0.0,1.0,0.0,0.0,0.0,9.0,4.0,0.0,0.0,0.0,0.0,0.0,0.0,0.0,0.0,2.0,12.0,1.0,12.17,5.01,2.5,1.49,0.0,0.0,0.0,26.200000000000003,0.0,-0.1,-1.0,-0.2,-169.70000000000002,0.0,0.0,169.8,0.0,21.4,29.1,29.1,29.700000000000003,300.0,300.0,31.6,35.7,29.0,28.3,30.1,4.95,1.99,4.97,0.17,0.0,0.0,1027.0,8228.0,0.0,0.0,0.0,0.0,0.0,1.0,0.0,0.0,0.0,0.0,0.0,-1.3,0.0,0.0,0.0,0.0,16.0,25903.0
2026-07-30T19:02:00.752Z,290.235,290.25,0.0,7.4,0.0,0.0,0.0,0.0,0.0,0.0,0.0,0.0,1.0,0.0,0.0,0.0,9.0,4.0,0.0,0.0,0.0,0.0,0.0,0.0,0.0,0.0,3.0,12.0,1.0,12.17,5.01,2.5,1.49,0.0,0.0,0.0,27.0,0.0,-0.7000000000000001,-0.4,-1.3,-169.70000000000002,0.0,0.0,169.70000000000002,0.0,21.4,29.1,29.1,29.700000000000003,300.0,300.0,31.6,35.7,29.0,28.3,30.1,4.95,1.99,4.97,0.16,0.0,0.0,1027.0,8228.0,0.0,0.0,0.0,0.0,0.0,1.0,0.0,0.0,0.0,0.0,0.0,-1.5,0.0,1.0,0.0,0.0,16.0,25903.0
2026-07-30T19:02:00.764Z,290.247,290.262,0.0,7.4,0.0,0.0,0.0,0.0,0.0,0.0,0.0,0.0,1.0,0.0,0.0,0.0,9.0,4.0,0.0,0.0,0.0,0.0,0.0,0.0,0.0,0.0,4.0,12.0,1.0,12.17,5.01,2.5,1.49,0.0,0.0,0.0,27.6,0.0,-0.6000000000000001,1.3,-0.1,-169.70000000000002,0.0,0.0,169.8,0.0,21.4,29.1,29.1,29.700000000000003,300.0,300.0,31.6,35.7,29.0,28.3,30.1,4.96,2.0,4.97,0.16,0.0,0.0,1027.0,8228.0,0.0,0.0,0.0,0.0,0.0,1.0,0.0,0.0,0.0,0.0,0.0,1.4,0.0,0.4,0.0,0.0002,16.0,25903.0
2026-07-30T19:02:00.776Z,290.259,290.274,0.0,7.4,0.0,0.0,0.0,0.0,0.0,0.0,0.0,0.0,1.0,0.0,0.0,0.0,9.0,4.0,0.0,0.0,0.0,0.0,0.0,0.0,0.0,0.0,5.0,12.0,1.0,12.17,5.01,2.5,1.49,0.0,0.0,0.0,28.4,0.0,-0.1,0.1,-1.2000000000000002,-169.70000000000002,0.0,0.0,169.8,0.0,21.4,29.1,29.1,29.700000000000003,300.0,300.0,31.6,35.7,29.0,28.3,30.1,4.96,2.0,4.97,0.16,0.0,0.0,1027.0,8228.0,0.0,0.0,0.0,0.0,0.0,1.0,0.0,0.0,0.0,0.0,0.0,-0.7000000000000001,0.0,1.1,0.0,0.0,16.0,25903.0
2026-07-30T19:02:00.788Z,290.271,290.286,0.0,7.4,0.0,0.0,0.0,0.0,0.0,0.0,0.0,0.0,1.0,0.0,0.0,0.0,9.0,4.0,0.0,0.0,0.0,0.0,0.0,0.0,0.0,0.0,6.0,12.0,1.0,12.15,5.0200000000000005,2.51,1.49,0.0,0.0,0.0,29.1,0.0,-0.1,-0.9,1.0,-169.70000000000002,0.0,0.0,169.8,0.0,21.8,29.1,29.1,29.700000000000003,300.0,300.0,31.5,35.7,29.0,28.3,30.1,4.95,1.99,4.96,0.16,0.0,0.0,1027.0,8228.0,0.0,0.0,0.0,0.0,0.0,1.0,0.0,0.0,0.0,0.0,0.0,-0.3,0.0,-1.1,0.0,0.0001,16.0,25903.0
2026-07-30T19:02:00.801Z,290.284,290.298,0.0,7.4,0.0,0.0,0.0,0.0,0.0,0.0,0.0,0.0,1.0,0.0,0.0,0.0,9.0,4.0,0.0,0.0,0.0,0.0,0.0,0.0,0.0,0.0,6.0,12.0,1.0,12.15,5.0200000000000005,2.51,1.49,0.0,0.0,0.0,29.9,0.0,0.4,0.2,-1.8,-169.70000000000002,0.0,0.0,169.8,0.0,21.8,29.1,29.1,29.700000000000003,300.0,300.0,31.5,35.7,29.0,28.3,30.1,4.95,1.99,4.96,0.16,0.0,0.0,1027.0,8228.0,0.0,0.0,0.0,0.0,0.0,1.0,0.0,0.0,0.0,0.0,0.0,-1.1,0.0,1.6,0.0,0.0,16.0,25903.0
2026-07-30T19:02:00.812Z,290.295,290.31,0.0,7.4,0.0,0.0,0.0,0.0,0.0,0.0,0.0,0.0,1.0,0.0,0.0,0.0,9.0,4.0,0.0,0.0,0.0,0.0,0.0,0.0,0.0,0.0,1.0,12.0,1.0,12.15,5.0200000000000005,2.51,1.49,0.0,0.2,0.0,30.700000000000003,0.0,0.4,0.2,0.4,-169.70000000000002,0.0,0.0,169.8,0.0,21.8,29.1,29.1,29.700000000000003,300.0,300.0,31.5,35.7,29.0,28.3,30.1,4.96,1.99,4.96,0.16,0.0,0.0,1027.0,8228.0,0.0,0.0,0.0,0.0,0.0,1.0,0.0,0.0,0.0,0.0,0.0,0.6000000000000001,0.0,-0.3,0.0,0.0001,16.0,25903.0
2026-07-30T19:02:00.824Z,290.307,290.322,0.0,7.4,0.0,0.0,0.0,0.0,0.0,0.0,0.0,0.0,1.0,0.0,0.0,0.0,9.0,4.0,0.0,0.0,0.0,0.0,0.0,0.0,0.0,0.0,2.0,12.0,1.0,12.15,5.0200000000000005,2.51,1.49,0.0,0.0,0.0,30.5,0.0,-0.1,0.1,-0.1,-169.70000000000002,0.0,0.0,169.8,0.0,21.8,29.1,29.1,29.700000000000003,300.0,300.0,31.5,35.7,29.0,28.3,30.1,4.95,1.99,4.96,0.16,0.0,0.0,1027.0,8228.0,0.0,0.0,0.0,0.0,0.0,1.0,0.0,0.0,0.0,0.0,0.0,0.1,0.0,0.1,0.0,0.0,16.0,25903.0
2026-07-30T19:02:00.836Z,290.319,290.334,0.0,7.4,0.0,0.0,0.0,0.0,0.0,0.0,0.0,0.0,1.0,0.0,0.0,0.0,9.0,4.0,0.0,0.0,0.0,0.0,0.0,0.0,0.0,0.0,3.0,12.0,1.0,12.15,5.0200000000000005,2.51,1.49,0.0,0.0,0.0,30.5,0.0,-0.1,0.1,2.2,-169.70000000000002,0.0,0.0,169.70000000000002,0.0,21.8,29.1,29.1,29.700000000000003,300.0,300.0,31.5,35.7,29.0,28.3,30.1,4.96,1.99,4.97,0.16,0.0,0.0,1027.0,8228.0,0.0,0.0,0.0,0.0,0.0,1.0,0.0,0.0,0.0,0.0,0.0,1.8,0.0,-1.9,0.0,0.0,16.0,25903.0
2026-07-30T19:02:00.848Z,290.331,290.346,0.0,7.4,0.0,0.0,0.0,0.0,0.0,0.0,0.0,0.0,1.0,0.0,0.0,0.0,9.0,4.0,0.0,0.0,0.0,0.0,0.0,0.0,0.0,0.0,5.0,12.0,1.0,12.15,5.0200000000000005,2.51,1.49,0.0,0.0,0.0,30.4,0.0,-0.1,0.2,-0.6000000000000001,-169.70000000000002,0.0,0.0,169.8,0.0,21.8,29.1,29.1,29.700000000000003,300.0,300.0,31.5,35.7,29.0,28.3,30.1,4.96,1.99,4.97,0.16,0.0,0.0,1027.0,8228.0,0.0,0.0,0.0,0.0,0.0,1.0,0.0,0.0,0.0,0.0,0.0,-0.2,0.0,0.6000000000000001,0.0,0.0001,16.0,25903.0
2026-07-30T19:02:00.860Z,290.343,290.358,0.0,7.4,0.0,0.0,0.0,0.0,0.0,0.0,0.0,0.0,1.0,0.0,0.0,0.0,9.0,4.0,0.0,0.0,0.0,0.0,0.0,0.0,0.0,0.0,6.0,12.0,1.0,12.15,5.0200000000000005,2.51,1.49,0.0,0.0,0.0,30.3,0.0,0.4,1.3,-1.2000000000000002,-169.70000000000002,0.0,0.0,169.8,0.0,21.8,29.1,29.1,29.700000000000003,300.0,300.0,31.5,35.7,29.0,28.3,30.1,4.96,1.99,4.97,0.16,0.0,0.0,1027.0,8228.0,0.0,0.0,0.0,0.0,0.0,1.0,0.0,0.0,0.0,0.0,0.0,0.5,0.0,1.4,0.0,0.0001,16.0,25903.0
2026-07-30T19:02:00.872Z,290.355,290.37,0.0,7.4,0.0,0.0,0.0,0.0,0.0,0.0,0.0,0.0,1.0,0.0,0.0,0.0,9.0,4.0,0.0,0.0,0.0,0.0,0.0,0.0,0.0,0.0,1.0,12.0,1.0,12.15,5.0200000000000005,2.51,1.49,0.0,0.0,0.0,30.200000000000003,0.0,0.4,-0.4,-0.1,-169.70000000000002,0.0,0.0,169.8,0.0,21.8,29.1,29.1,29.700000000000003,300.0,300.0,31.5,35.7,29.0,28.3,30.1,4.95,1.99,4.97,0.16,0.0,0.0,1027.0,8228.0,0.0,0.0,0.0,0.0,0.0,1.0,0.0,0.0,0.0,0.0,0.0,-0.5,0.0,0.0,0.0,0.0001,16.0,25903.0
2026-07-30T19:02:00.884Z,290.367,290.382,0.0,7.4,0.0,0.0,0.0,0.0,0.0,0.0,0.0,0.0,1.0,0.0,0.0,0.0,9.0,4.0,0.0,0.0,0.0,0.0,0.0,0.0,0.0,0.0,3.0,12.0,1.0,12.17,5.0200000000000005,2.5,1.49,0.0,0.0,0.0,30.1,0.0,0.4,0.1,-0.7000000000000001,-169.70000000000002,0.0,0.0,169.8,0.0,21.700000000000003,29.1,29.1,29.700000000000003,300.0,300.0,31.5,35.7,29.0,28.200000000000003,30.1,4.95,1.99,4.96,0.16,0.0,0.0,1027.0,8228.0,0.0,0.0,0.0,0.0,0.0,1.0,0.0,0.0,0.0,0.0,0.0,-0.3,0.0,0.6000000000000001,0.0,0.0001,16.0,25903.0
2026-07-30T19:02:00.897Z,290.38,290.394,0.0,7.4,0.0,0.0,0.0,0.0,0.0,0.0,0.0,0.0,1.0,0.0,0.0,0.0,9.0,4.0,0.0,0.0,0.0,0.0,0.0,0.0,0.0,0.0,3.0,12.0,1.0,12.17,5.0200000000000005,2.5,1.49,0.0,0.0,0.0,30.0,0.0,-0.7000000000000001,-0.4,-0.1,-169.70000000000002,0.0,0.0,169.8,0.0,21.700000000000003,29.1,29.1,29.700000000000003,300.0,300.0,31.5,35.7,29.0,28.200000000000003,30.1,4.95,2.0,4.97,0.16,0.0,0.0,1027.0,8228.0,0.0,0.0,0.0,0.0,0.0,1.0,0.0,0.0,0.0,0.0,0.0,-0.5,0.0,0.0,0.0,0.0,16.0,25903.0
2026-07-30T19:02:00.909Z,290.392,290.406,0.0,7.4,0.0,0.0,0.0,0.0,0.0,0.0,0.0,0.0,1.0,0.0,0.0,0.0,9.0,4.0,0.0,0.0,0.0,0.0,0.0,0.0,0.0,0.0,4.0,12.0,1.0,12.17,5.0200000000000005,2.5,1.49,0.0,0.0,0.0,30.0,0.0,0.4,1.3,1.0,-169.70000000000002,0.0,0.0,169.8,0.0,21.700000000000003,29.1,29.1,29.700000000000003,300.0,300.0,31.5,35.7,29.0,28.200000000000003,30.1,4.95,1.99,4.97,0.16,0.0,0.0,1027.0,8228.0,0.0,0.0,0.0,0.0,0.0,1.0,0.0,0.0,0.0,0.0,0.0,2.2,0.0,-0.6000000000000001,0.0,0.0001,16.0,25903.0
2026-07-30T19:02:00.920Z,290.403,290.418,0.0,7.4,0.0,0.0,0.0,0.0,0.0,0.0,0.0,0.0,1.0,0.0,0.0,0.0,9.0,4.0,0.0,0.0,0.0,0.0,0.0,0.0,0.0,0.0,5.0,12.0,1.0,12.17,5.0200000000000005,2.5,1.49,0.0,0.0,0.0,29.9,0.0,0.4,-0.9,0.3,-169.70000000000002,0.0,0.0,169.8,0.0,21.700000000000003,29.1,29.1,29.700000000000003,300.0,300.0,31.5,35.7,29.0,28.200000000000003,30.1,4.96,1.99,4.96,0.16,0.0,0.0,1027.0,8228.0,0.0,0.0,0.0,0.0,0.0,1.0,0.0,0.0,0.0,0.0,0.0,-0.7000000000000001,0.0,-0.5,0.0,0.0,16.0,25903.0
2026-07-30T19:02:00.932Z,290.415,290.43,0.0,7.4,0.0,0.0,0.0,0.0,0.0,0.0,0.0,0.0,1.0,0.0,0.0,0.0,9.0,4.0,0.0,0.0,0.0,0.0,0.0,0.0,0.0,0.0,6.0,12.0,1.0,12.17,5.0200000000000005,2.5,1.49,0.0,0.0,0.0,29.8,0.0,-0.1,0.7000000000000001,-0.2,-169.70000000000002,0.0,0.0,169.8,0.0,21.700000000000003,29.1,29.1,29.700000000000003,300.0,300.0,31.5,35.7,29.0,28.200000000000003,30.1,4.96,1.99,4.96,0.16,0.0,0.0,1027.0,8228.0,0.0,0.0,0.0,0.0,0.0,1.0,0.0,0.0,0.0,0.0,0.0,0.7000000000000001,0.0,0.3,0.0,0.0001,16.0,25903.0
2026-07-30T19:02:00.944Z,290.427,290.442,0.0,7.4,0.0,0.0,0.0,0.0,0.0,0.0,0.0,0.0,1.0,0.0,0.0,0.0,9.0,4.0,0.0,0.0,0.0,0.0,0.0,0.0,0.0,0.0,1.0,12.0,1.0,12.17,5.0200000000000005,2.5,1.49,0.0,0.0,0.0,29.8,0.0,-0.7000000000000001,0.1,-0.2,-169.70000000000002,0.0,0.0,169.70000000000002,0.0,21.700000000000003,29.1,29.1,29.700000000000003,300.0,300.0,31.5,35.7,29.0,28.200000000000003,30.1,4.96,1.99,4.97,0.16,0.0,0.0,1027.0,8228.0,0.0,0.0,0.0,0.0,0.0,1.0,0.0,0.0,0.0,0.0,0.0,0.0,0.0,0.2,0.0,0.0,16.0,25903.0
2026-07-30T19:02:00.956Z,290.439,290.454,0.0,7.4,0.0,0.0,0.0,0.0,0.0,0.0,0.0,0.0,1.0,0.0,0.0,0.0,9.0,4.0,0.0,0.0,0.0,0.0,0.0,0.0,0.0,0.0,2.0,12.0,1.0,12.17,5.0200000000000005,2.5,1.49,0.0,0.0,0.0,29.700000000000003,0.0,0.4,0.1,0.3,-169.70000000000002,0.0,0.0,169.70000000000002,0.0,21.700000000000003,29.1,29.1,29.700000000000003,300.0,300.0,31.5,35.7,29.0,28.200000000000003,30.1,4.95,1.99,4.97,0.16,0.0,0.0,1027.0,8228.0,0.0,0.0,0.0,0.0,0.0,1.0,0.0,0.0,0.0,0.0,0.0,0.4,0.0,-0.2,0.0,0.0001,16.0,25903.0
2026-07-30T19:02:00.968Z,290.451,290.466,0.0,7.4,0.0,0.0,0.0,0.0,0.0,0.0,0.0,0.0,1.0,0.0,0.0,0.0,9.0,4.0,0.0,0.0,0.0,0.0,0.0,0.0,0.0,0.0,3.0,12.0,1.0,12.17,5.0200000000000005,2.5,1.49,0.0,0.1,0.0,29.6,0.0,1.0,-0.4,0.9,-169.70000000000002,0.0,0.0,169.70000000000002,0.0,21.700000000000003,29.1,29.1,29.700000000000003,300.0,300.0,31.5,35.7,29.0,28.200000000000003,30.1,4.96,1.99,4.97,0.16,0.0,0.0,1027.0,8228.0,0.0,0.0,0.0,0.0,0.0,1.0,0.0,0.0,0.0,0.0,0.0,0.2,0.0,-0.9,0.0,0.0001,16.0,25903.0
2026-07-30T19:02:00.980Z,290.463,290.478,0.0,7.4,0.0,0.0,0.0,0.0,0.0,0.0,0.0,0.0,1.0,0.0,0.0,0.0,9.0,4.0,0.0,0.0,0.0,0.0,0.0,0.0,0.0,0.0,4.0,12.0,1.0,12.17,5.0200000000000005,2.5,1.49,0.0,0.0,0.0,29.5,0.0,0.4,0.1,-0.2,-169.70000000000002,0.0,0.0,169.8,0.0,21.700000000000003,29.1,29.1,29.700000000000003,300.0,300.0,31.5,35.7,29.0,28.200000000000003,30.1,4.95,1.99,4.97,0.16,0.0,0.0,1027.0,8228.0,0.0,0.0,0.0,0.0,0.0,1.0,0.0,0.0,0.0,0.0,0.0,0.0,0.0,0.2,0.0,0.0001,16.0,25903.0
2026-07-30T19:02:00.992Z,290.475,290.49,0.0,7.4,0.0,0.0,0.0,0.0,0.0,0.0,0.0,0.0,1.0,0.0,0.0,0.0,9.0,4.0,0.0,0.0,0.0,0.0,0.0,0.0,0.0,0.0,5.0,12.0,1.0,12.17,5.01,2.51,1.5,0.0,0.0,0.0,29.3,0.0,1.0,0.8,1.0,-169.70000000000002,0.0,0.0,169.8,0.0,21.4,29.1,29.1,29.700000000000003,300.0,300.0,31.5,35.7,29.0,28.200000000000003,30.1,4.95,1.99,4.96,0.16,0.0,0.0,1027.0,8228.0,0.0,0.0,0.0,0.0,0.0,1.0,0.0,0.0,0.0,0.0,0.0,1.6,0.0,-0.7000000000000001,0.0,0.0001,16.0,25903.0
2026-07-30T19:02:01.004Z,290.487,290.502,0.0,7.4,0.0,0.0,0.0,0.0,0.0,0.0,0.0,0.0,1.0,0.0,0.0,0.0,9.0,4.0,0.0,0.0,0.0,0.0,0.0,0.0,0.0,0.0,6.0,12.0,1.0,12.17,5.01,2.51,1.5,0.0,0.1,0.0,29.1,0.0,0.4,0.1,0.4,-169.70000000000002,0.0,0.0,169.70000000000002,0.0,21.4,29.1,29.1,29.700000000000003,300.0,300.0,31.5,35.7,29.0,28.200000000000003,30.1,4.96,1.99,4.96,0.16,0.0,0.0,1027.0,8228.0,0.0,0.0,0.0,0.0,0.0,1.0,0.0,0.0,0.0,0.0,0.0,0.5,0.0,-0.3,0.0,0.0001,16.0,25903.0
2026-07-30T19:02:01.016Z,290.499,290.514,0.0,7.4,0.0,0.0,0.0,0.0,0.0,0.0,0.0,0.0,1.0,0.0,0.0,0.0,9.0,4.0,0.0,0.0,0.0,0.0,0.0,0.0,0.0,0.0,1.0,12.0,1.0,12.17,5.01,2.51,1.5,0.0,0.0,0.0,28.8,0.0,1.0,-0.4,0.4,-169.70000000000002,0.0,0.0,169.70000000000002,0.0,21.4,29.1,29.1,29.700000000000003,300.0,300.0,31.5,35.7,29.0,28.200000000000003,30.1,4.96,1.99,4.96,0.16,0.0,0.0,1027.0,8228.0,0.0,0.0,0.0,0.0,0.0,1.0,0.0,0.0,0.0,0.0,0.0,-0.1,0.0,-0.4,0.0,0.0001,16.0,25903.0
2026-07-30T19:02:01.028Z,290.511,290.526,0.0,7.4,0.0,0.0,0.0,0.0,0.0,0.0,0.0,0.0,1.0,0.0,0.0,0.0,9.0,4.0,0.0,0.0,0.0,0.0,0.0,0.0,0.0,0.0,2.0,12.0,1.0,12.17,5.01,2.51,1.5,0.0,0.0,0.0,28.6,0.0,-0.7000000000000001,-1.0,-0.1,-169.70000000000002,0.0,0.0,169.60000000000002,0.0,21.4,29.1,29.1,29.700000000000003,300.0,300.0,31.5,35.7,29.0,28.200000000000003,30.1,4.95,1.99,4.97,0.16,0.0,0.0,1027.0,8228.0,0.0,0.0,0.0,0.0,0.0,1.0,0.0,0.0,0.0,0.0,0.0,-1.2000000000000002,0.0,0.0,0.0,0.0001,16.0,25903.0
2026-07-30T19:02:01.041Z,290.524,290.538,0.0,7.4,0.0,0.0,0.0,0.0,0.0,0.0,0.0,0.0,1.0,0.0,0.0,0.0,9.0,4.0,0.0,0.0,0.0,0.0,0.0,0.0,0.0,0.0,3.0,12.0,1.0,12.17,5.01,2.51,1.5,0.0,0.0,0.0,28.3,0.0,0.4,0.1,-0.1,-169.70000000000002,0.0,0.0,169.70000000000002,0.0,21.4,29.1,29.1,29.700000000000003,300.0,300.0,31.5,35.7,29.0,28.200000000000003,30.1,4.95,2.0,4.96,0.16,0.0,0.0,1027.0,8228.0,0.0,0.0,0.0,0.0,0.0,1.0,0.0,0.0,0.0,0.0,0.0,0.1,0.0,0.1,0.0,0.0002,16.0,25903.0
2026-07-30T19:02:01.052Z,290.535,290.55,0.0,7.4,0.0,0.0,0.0,0.0,0.0,0.0,0.0,0.0,1.0,0.0,0.0,0.0,9.0,4.0,0.0,0.0,0.0,0.0,0.0,0.0,0.0,0.0,5.0,12.0,1.0,12.17,5.01,2.51,1.5,0.0,0.0,0.0,28.1,0.0,-0.1,0.2,-0.7000000000000001,-169.70000000000002,0.0,0.0,169.8,0.0,21.4,29.1,29.1,29.700000000000003,300.0,300.0,31.5,35.7,29.0,28.200000000000003,30.1,4.96,1.99,4.96,0.16,0.0,0.0,1027.0,8228.0,0.0,0.0,0.0,0.0,0.0,1.0,0.0,0.0,0.0,0.0,0.0,-0.3,0.0,0.6000000000000001,0.0,0.0001,16.0,25903.0
2026-07-30T19:02:01.064Z,290.547,290.562,0.0,7.4,0.0,0.0,0.0,0.0,0.0,0.0,0.0,0.0,1.0,0.0,0.0,0.0,9.0,4.0,0.0,0.0,0.0,0.0,0.0,0.0,0.0,0.0,6.0,12.0,1.0,12.17,5.01,2.51,1.5,0.0,0.0,0.0,27.9,0.0,0.4,1.3,-0.1,-169.70000000000002,0.0,0.0,169.60000000000002,0.0,21.4,29.1,29.1,29.700000000000003,300.0,300.0,31.5,35.7,29.0,28.200000000000003,30.1,4.95,1.99,4.97,0.17,0.0,0.0,1027.0,8228.0,0.0,0.0,0.0,0.0,0.0,1.0,0.0,0.0,0.0,0.0,0.0,1.4,0.0,0.4,0.0,0.0002,16.0,25903.0
2026-07-30T19:02:01.076Z,290.559,290.574,0.0,7.4,0.0,0.0,0.0,0.0,0.0,0.0,0.0,0.0,1.0,0.0,0.0,0.0,9.0,4.0,0.0,0.0,0.0,0.0,0.0,0.0,0.0,0.0,1.0,12.0,1.0,12.17,5.01,2.51,1.5,0.0,0.0,0.0,27.700000000000003,0.0,0.4,0.1,-0.7000000000000001,-169.70000000000002,0.0,0.0,169.8,0.0,21.4,29.1,29.1,29.700000000000003,300.0,300.0,31.5,35.7,29.0,28.200000000000003,30.1,4.96,1.99,4.96,0.17,0.0,0.0,1027.0,8228.0,0.0,0.0,0.0,0.0,0.0,1.0,0.0,0.0,0.0,0.0,0.0,-0.3,0.0,0.6000000000000001,0.0,0.0002,16.0,25903.0
2026-07-30T19:02:01.088Z,290.571,290.586,0.0,7.4,0.0,0.0,0.0,0.0,0.0,0.0,0.0,0.0,1.0,0.0,0.0,0.0,9.0,4.0,0.0,0.0,0.0,0.0,0.0,0.0,0.0,0.0,2.0,12.0,1.0,12.15,5.01,2.51,1.49,0.0,0.0,0.0,27.4,0.0,0.4,0.7000000000000001,-0.1,-169.70000000000002,0.0,0.0,169.8,0.0,21.3,29.1,29.1,29.700000000000003,300.0,300.0,31.5,35.7,29.0,28.200000000000003,30.1,4.96,1.99,4.96,0.16,0.0,0.0,1027.0,8228.0,0.0,0.0,0.0,0.0,0.0,1.0,0.0,0.0,0.0,0.0,0.0,0.7000000000000001,0.0,0.2,0.0,0.0001,16.0,25903.0
2026-07-30T19:02:01.100Z,290.583,290.598,0.0,7.4,0.0,0.0,0.0,0.0,0.0,0.0,0.0,0.0,1.0,0.0,0.0,0.0,9.0,4.0,0.0,0.0,0.0,0.0,0.0,0.0,0.0,0.0,3.0,12.0,1.0,12.15,5.01,2.51,1.49,0.0,0.0,0.0,27.200000000000003,0.0,0.4,0.1,-1.2000000000000002,-169.70000000000002,0.0,0.0,169.70000000000002,0.0,21.3,29.1,29.1,29.700000000000003,300.0,300.0,31.5,35.7,29.0,28.200000000000003,30.1,4.95,1.99,4.96,0.16,0.0,0.0,1027.0,8228.0,0.0,0.0,0.0,0.0,0.0,1.0,0.0,0.0,0.0,0.0,0.0,-0.8,0.0,1.1,0.0,0.0001,16.0,25903.0
2026-07-30T19:02:01.113Z,290.596,290.61,0.0,7.4,0.0,0.0,0.0,0.0,0.0,0.0,0.0,0.0,1.0,0.0,0.0,0.0,9.0,4.0,0.0,0.0,0.0,0.0,0.0,0.0,0.0,0.0,4.0,12.0,1.0,12.15,5.01,2.51,1.49,0.0,0.0,0.0,27.0,0.0,0.4,-0.4,-0.6000000000000001,-169.70000000000002,0.0,0.0,169.70000000000002,0.0,21.3,29.1,29.1,29.700000000000003,300.0,300.0,31.5,35.7,29.0,28.200000000000003,30.1,4.95,1.99,4.96,0.16,0.0,0.0,1027.0,8228.0,0.0,0.0,0.0,0.0,0.0,1.0,0.0,0.0,0.0,0.0,0.0,-0.9,0.0,0.5,0.0,0.0001,16.0,25903.0
2026-07-30T19:02:01.125Z,290.608,290.622,0.0,7.4,0.0,0.0,0.0,0.0,0.0,0.0,0.0,0.0,1.0,0.0,0.0,0.0,9.0,4.0,0.0,0.0,0.0,0.0,0.0,0.0,0.0,0.0,6.0,12.0,1.0,12.15,5.01,2.51,1.49,0.0,0.0,0.0,26.9,0.0,-0.1,-0.3,0.0,-169.70000000000002,0.0,0.0,169.70000000000002,0.0,21.3,29.1,29.1,29.700000000000003,300.0,300.0,31.5,35.7,29.0,28.200000000000003,30.1,4.96,2.0,4.96,0.16,0.0,0.0,1027.0,8228.0,0.0,0.0,0.0,0.0,0.0,1.0,0.0,0.0,0.0,0.0,0.0,-0.5,0.0,0.0,0.0,0.0001,16.0,25903.0
2026-07-30T19:02:01.137Z,290.62,290.634,0.0,7.4,0.0,0.0,0.0,0.0,0.0,0.0,0.0,0.0,1.0,0.0,0.0,0.0,9.0,4.0,0.0,0.0,0.0,0.0,0.0,0.0,0.0,0.0,6.0,12.0,1.0,12.15,5.01,2.51,1.49,0.0,0.0,0.0,26.6,0.0,-0.7000000000000001,0.1,0.0,-169.70000000000002,0.0,0.0,169.8,0.0,21.3,29.1,29.1,29.700000000000003,300.0,300.0,31.5,35.7,29.0,28.200000000000003,30.1,4.96,1.99,4.96,0.16,0.0,0.0,1027.0,8228.0,0.0,0.0,0.0,0.0,0.0,1.0,0.0,0.0,0.0,0.0,0.0,0.1,0.0,0.1,0.0,0.0001,16.0,25903.0
2026-07-30T19:02:01.148Z,290.631,290.646,0.0,7.4,0.0,0.0,0.0,0.0,0.0,0.0,0.0,0.0,1.0,0.0,0.0,0.0,9.0,4.0,0.0,0.0,0.0,0.0,0.0,0.0,0.0,0.0,1.0,12.0,1.0,12.15,5.01,2.51,1.49,0.0,0.0,0.0,26.4,0.0,0.4,0.1,-0.1,-169.70000000000002,0.0,0.0,169.8,0.0,21.3,29.1,29.1,29.700000000000003,300.0,300.0,31.5,35.7,29.0,28.200000000000003,30.1,4.95,1.99,4.96,0.16,0.0,0.0,1027.0,8228.0,0.0,0.0,0.0,0.0,0.0,1.0,0.0,0.0,0.0,0.0,0.0,0.9,0.0,-0.8,0.0,0.0001,16.0,25903.0
2026-07-30T19:02:01.160Z,290.643,290.658,0.0,7.4,0.0,0.0,0.0,0.0,0.0,0.0,0.0,0.0,1.0,0.0,0.0,0.0,9.0,4.0,0.0,0.0,0.0,0.0,0.0,0.0,0.0,0.0,3.0,12.0,1.0,12.15,5.01,2.51,1.49,0.0,0.0,0.0,26.200000000000003,0.0,-0.7000000000000001,0.1,-0.6000000000000001,-169.70000000000002,0.0,0.0,169.60000000000002,0.0,21.3,29.1,29.1,29.700000000000003,300.0,300.0,31.5,35.7,29.0,28.200000000000003,30.1,4.96,1.99,4.96,0.16,0.0,0.0,1027.0,8228.0,0.0,0.0,0.0,0.0,0.0,1.0,0.0,0.0,0.0,0.0,0.0,-0.3,0.0,0.6000000000000001,0.0,0.0001,16.0,25903.0
2026-07-30T19:02:01.172Z,290.655,290.67,0.0,7.4,0.0,0.0,0.0,0.0,0.0,0.0,0.0,0.0,1.0,0.0,0.0,0.0,9.0,4.0,0.0,0.0,0.0,0.0,0.0,0.0,0.0,0.0,4.0,12.0,1.0,12.15,5.01,2.51,1.49,0.0,0.0,0.0,26.0,0.0,-0.1,-0.4,-1.2000000000000002,-169.70000000000002,0.0,0.0,169.70000000000002,0.0,21.3,29.1,29.1,29.700000000000003,300.0,300.0,31.5,35.7,29.0,28.200000000000003,30.1,4.95,1.99,4.96,0.16,0.0,0.0,1027.0,8228.0,0.0,0.0,0.0,0.0,0.0,1.0,0.0,0.0,0.0,0.0,0.0,-1.4,0.0,0.9,0.0,0.0003,16.0,25903.0
2026-07-30T19:02:01.184Z,290.667,290.682,0.0,7.4,0.0,0.0,0.0,0.0,0.0,0.0,0.0,0.0,1.0,0.0,0.0,0.0,9.0,4.0,0.0,0.0,0.0,0.0,0.0,0.0,0.0,0.0,4.0,12.0,1.0,12.15,5.01,2.51,1.49,0.0,0.0,0.0,25.700000000000003,0.0,-0.7000000000000001,-0.4,-0.6000000000000001,-169.70000000000002,0.0,0.0,169.70000000000002,0.0,21.3,29.1,29.1,29.700000000000003,300.0,300.0,31.5,35.7,29.0,28.200000000000003,30.1,4.95,1.99,4.97,0.16,0.0,0.0,1027.0,8228.0,0.0,0.0,0.0,0.0,0.0,1.0,0.0,0.0,0.0,0.0,0.0,-1.0,0.0,0.4,0.0,0.0001,16.0,25903.0
2026-07-30T19:02:01.196Z,290.679,290.694,0.0,7.4,0.0,0.0,0.0,0.0,0.0,0.0,0.0,0.0,1.0,0.0,0.0,0.0,9.0,4.0,0.0,0.0,0.0,0.0,0.0,0.0,0.0,0.0,5.0,12.0,1.0,12.14,5.0200000000000005,2.51,1.49,0.0,0.0,0.0,25.5,0.0,-0.7000000000000001,1.2000000000000002,0.0,-169.70000000000002,0.0,0.0,169.8,0.0,21.3,29.1,29.1,29.700000000000003,300.0,300.0,31.5,35.7,29.0,28.200000000000003,30.1,4.95,1.99,4.97,0.17,0.0,0.0,1027.0,8228.0,0.0,0.0,0.0,0.0,0.0,1.0,0.0,0.0,0.0,0.0,0.0,1.3,0.0,0.3,0.0,0.0,16.0,25903.0
2026-07-30T19:02:01.208Z,290.691,290.706,0.0,7.4,0.0,0.0,0.0,0.0,0.0,0.0,0.0,0.0,1.0,0.0,0.0,0.0,9.0,4.0,0.0,0.0,0.0,0.0,0.0,0.0,0.0,0.0,1.0,12.0,1.0,12.14,5.0200000000000005,2.51,1.49,0.0,0.0,0.0,25.4,0.0,0.9,0.1,-0.6000000000000001,-169.70000000000002,0.0,0.0,169.8,0.0,21.3,29.1,29.1,29.700000000000003,300.0,300.0,31.5,35.7,29.0,28.200000000000003,30.1,4.96,1.99,4.96,0.16,0.0,0.0,1027.0,8228.0,0.0,0.0,0.0,0.0,0.0,1.0,0.0,0.0,0.0,0.0,0.0,-0.3,0.0,0.6000000000000001,0.0,0.0001,16.0,25903.0
2026-07-30T19:02:01.220Z,290.703,290.718,0.0,7.4,0.0,0.0,0.0,0.0,0.0,0.0,0.0,0.0,1.0,0.0,0.0,0.0,9.0,4.0,0.0,0.0,0.0,0.0,0.0,0.0,0.0,0.0,2.0,12.0,1.0,12.14,5.0200000000000005,2.51,1.49,0.0,0.1,0.0,25.1,0.0,-0.7000000000000001,-1.5,0.0,-169.70000000000002,0.0,0.0,169.8,0.0,21.3,29.1,29.1,29.700000000000003,300.0,300.0,31.5,35.7,29.0,28.200000000000003,30.1,4.95,1.99,4.97,0.16,0.0,0.0,1027.0,8228.0,0.0,0.0,0.0,0.0,0.0,1.0,0.0,0.0,0.0,0.0,0.0,-1.8,0.0,-0.2,0.0,0.0001,16.0,25903.0
2026-07-30T19:02:01.232Z,290.715,290.73,0.0,7.4,0.0,0.0,0.0,0.0,0.0,0.0,0.0,0.0,1.0,0.0,0.0,0.0,9.0,4.0,0.0,0.0,0.0,0.0,0.0,0.0,0.0,0.0,3.0,12.0,1.0,12.14,5.0200000000000005,2.51,1.49,0.0,0.1,0.0,24.9,0.0,-0.1,0.1,-0.5,-169.70000000000002,0.0,0.0,169.70000000000002,0.0,21.3,29.1,29.1,29.700000000000003,300.0,300.0,31.5,35.7,29.0,28.200000000000003,30.1,4.95,1.99,4.96,0.16,0.0,0.0,1027.0,8228.0,0.0,0.0,0.0,0.0,0.0,1.0,0.0,0.0,0.0,0.0,0.0,-0.2,0.0,0.5,0.0,0.0001,16.0,25903.0
2026-07-30T19:02:01.245Z,290.728,290.742,0.0,7.4,0.0,0.0,0.0,0.0,0.0,0.0,0.0,0.0,1.0,0.0,0.0,0.0,9.0,4.0,0.0,0.0,0.0,0.0,0.0,0.0,0.0,0.0,3.0,12.0,1.0,12.14,5.0200000000000005,2.51,1.49,0.0,0.0,0.0,24.700000000000003,0.0,0.9,1.3,2.3000000000000003,-169.70000000000002,0.0,0.0,169.8,0.0,21.3,29.1,29.1,29.700000000000003,300.0,300.0,31.5,35.7,29.0,28.200000000000003,30.1,4.96,1.99,4.96,0.16,0.0,0.0,1027.0,8228.0,0.0,0.0,0.0,0.0,0.0,1.0,0.0,0.0,0.0,0.0,0.0,3.2,0.0,-1.7000000000000002,0.0,0.0001,16.0,25903.0
2026-07-30T19:02:01.257Z,290.74,290.754,0.0,7.4,0.0,0.0,0.0,0.0,0.0,0.0,0.0,0.0,1.0,0.0,0.0,0.0,9.0,4.0,0.0,0.0,0.0,0.0,0.0,0.0,0.0,0.0,4.0,12.0,1.0,12.14,5.0200000000000005,2.51,1.49,0.0,0.1,0.0,24.5,0.0,-0.2,0.1,1.7000000000000002,-169.70000000000002,0.0,0.0,169.8,0.0,21.3,29.1,29.1,29.700000000000003,300.0,300.0,31.5,35.7,29.0,28.200000000000003,30.1,4.95,1.99,4.97,0.16,0.0,0.0,1027.0,8228.0,0.0,0.0,0.0,0.0,0.0,1.0,0.0,0.0,0.0,0.0,0.0,1.4,0.0,-1.5,0.0,0.0002,16.0,25903.0
2026-07-30T19:02:01.268Z,290.751,290.766,0.0,7.4,0.0,0.0,0.0,0.0,0.0,0.0,0.0,0.0,1.0,0.0,0.0,0.0,9.0,4.0,0.0,0.0,0.0,0.0,0.0,0.0,0.0,0.0,5.0,12.0,1.0,12.14,5.0200000000000005,2.51,1.49,0.0,0.0,0.0,24.3,0.0,-0.8,-0.4,0.0,-169.70000000000002,0.0,0.0,169.8,0.0,21.3,29.1,29.1,29.700000000000003,300.0,300.0,31.5,35.7,29.0,28.200000000000003,30.1,4.95,1.99,4.97,0.16,0.0,0.0,1027.0,8228.0,0.0,0.0,0.0,0.0,0.0,1.0,0.0,0.0,0.0,0.0,0.0,-0.5,0.0,0.0,0.0,0.0001,16.0,25903.0
2026-07-30T19:02:01.280Z,290.763,290.778,0.0,7.4,0.0,0.0,0.0,0.0,0.0,0.0,0.0,0.0,1.0,0.0,0.0,0.0,9.0,4.0,0.0,0.0,0.0,0.0,0.0,0.0,0.0,0.0,1.0,12.0,1.0,12.14,5.0200000000000005,2.51,1.49,0.0,0.0,0.0,24.1,0.0,-0.8,0.1,0.0,-169.70000000000002,0.0,0.0,169.8,0.0,21.3,29.1,29.1,29.700000000000003,300.0,300.0,31.5,35.7,29.0,28.200000000000003,30.1,4.95,1.99,4.96,0.16,0.0,0.0,1027.0,8228.0,0.0,0.0,0.0,0.0,0.0,1.0,0.0,0.0,0.0,0.0,0.0,0.0,0.0,0.0,0.0,0.0001,16.0,25903.0
2026-07-30T19:02:01.292Z,290.775,290.79,0.0,7.4,0.0,0.0,0.0,0.0,0.0,0.0,0.0,0.0,1.0,0.0,0.0,0.0,9.0,4.0,0.0,0.0,0.0,0.0,0.0,0.0,0.0,0.0,2.0,12.0,1.0,12.17,5.01,2.5,1.49,0.0,0.0,0.0,23.9,0.0,-0.2,0.0,-0.6000000000000001,-169.70000000000002,0.0,0.0,169.8,0.0,21.700000000000003,29.1,29.1,29.700000000000003,300.0,300.0,31.4,35.7,29.0,28.200000000000003,30.1,4.96,1.99,4.96,0.16,0.0,0.0,1027.0,8228.0,0.0,0.0,0.0,0.0,0.0,1.0,0.0,0.0,0.0,0.0,0.0,-0.3,0.0,0.6000000000000001,0.0,0.0001,16.0,25903.0
2026-07-30T19:02:01.305Z,290.788,290.802,0.0,7.4,0.0,0.0,0.0,0.0,0.0,0.0,0.0,0.0,1.0,0.0,0.0,0.0,9.0,4.0,0.0,0.0,0.0,0.0,0.0,0.0,0.0,0.0,3.0,12.0,1.0,12.17,5.01,2.5,1.49,0.0,0.0,0.0,23.700000000000003,0.0,0.3,1.8,0.4,-169.70000000000002,0.0,0.0,169.8,0.0,21.700000000000003,29.1,29.1,29.700000000000003,300.0,300.0,31.4,35.7,29.0,28.200000000000003,30.1,4.95,1.99,4.97,0.16,0.0,0.0,1027.0,8228.0,0.0,0.0,0.0,0.0,0.0,1.0,0.0,0.0,0.0,0.0,0.0,2.4000000000000004,0.0,0.0,0.0,0.0,16.0,25903.0
2026-07-30T19:02:01.316Z,290.799,290.814,0.0,7.4,0.0,0.0,0.0,0.0,0.0,0.0,0.0,0.0,1.0,0.0,0.0,0.0,9.0,4.0,0.0,0.0,0.0,0.0,0.0,0.0,0.0,0.0,4.0,12.0,1.0,12.17,5.01,2.5,1.49,0.0,0.0,0.0,23.5,0.0,-0.2,0.1,0.5,-169.70000000000002,0.0,0.0,169.8,0.0,21.700000000000003,29.1,29.1,29.700000000000003,300.0,300.0,31.4,35.7,29.0,28.200000000000003,30.1,4.96,1.99,4.96,0.16,0.0,0.0,1027.0,8228.0,0.0,0.0,0.0,0.0,0.0,1.0,0.0,0.0,0.0,0.0,0.0,0.5,0.0,-0.4,0.0,0.0,16.0,25903.0
2026-07-30T19:02:01.328Z,290.811,290.826,0.0,7.4,0.0,0.0,0.0,0.0,0.0,0.0,0.0,0.0,1.0,0.0,0.0,0.0,9.0,4.0,0.0,0.0,0.0,0.0,0.0,0.0,0.0,0.0,6.0,12.0,1.0,12.17,5.01,2.5,1.49,0.0,0.0,0.0,23.3,0.0,-0.2,0.1,0.0,-169.70000000000002,0.0,0.0,169.70000000000002,0.0,21.700000000000003,29.1,29.1,29.700000000000003,300.0,300.0,31.4,35.7,29.0,28.200000000000003,30.1,4.96,1.99,4.96,0.16,0.0,0.0,1027.0,8228.0,0.0,0.0,0.0,0.0,0.0,1.0,0.0,0.0,0.0,0.0,0.0,0.1,0.0,0.0,0.0,0.0,16.0,25903.0
2026-07-30T19:02:01.340Z,290.823,290.838,0.0,7.4,0.0,0.0,0.0,0.0,0.0,0.0,0.0,0.0,1.0,0.0,0.0,0.0,9.0,4.0,0.0,0.0,0.0,0.0,0.0,0.0,0.0,0.0,1.0,12.0,1.0,12.17,5.01,2.5,1.49,0.0,0.0,0.0,23.1,0.0,-0.2,-0.9,0.5,-169.70000000000002,0.0,0.0,169.8,0.0,21.700000000000003,29.1,29.1,29.700000000000003,300.0,300.0,31.4,35.7,29.0,28.200000000000003,30.1,4.96,1.99,4.96,0.16,0.0,0.0,1027.0,8228.0,0.0,0.0,0.0,0.0,0.0,1.0,0.0,0.0,0.0,0.0,0.0,-0.7000000000000001,0.0,-0.6000000000000001,0.0,0.0001,16.0,25903.0
2026-07-30T19:02:01.352Z,290.835,290.85,0.0,7.4,0.0,0.0,0.0,0.0,0.0,0.0,0.0,0.0,1.0,0.0,0.0,0.0,9.0,4.0,0.0,0.0,0.0,0.0,0.0,0.0,0.0,0.0,2.0,12.0,1.0,12.17,5.01,2.5,1.49,0.0,0.0,0.0,22.9,0.0,1.4,1.3,0.5,-169.70000000000002,0.0,0.0,169.70000000000002,0.0,21.700000000000003,29.1,29.1,29.700000000000003,300.0,300.0,31.4,35.7,29.0,28.200000000000003,30.1,4.95,1.99,4.97,0.16,0.0,0.0,1027.0,8228.0,0.0,0.0,0.0,0.0,0.0,1.0,0.0,0.0,0.0,0.0,0.0,1.9,0.0,-0.2,0.0,0.0,16.0,25903.0
2026-07-30T19:02:01.364Z,290.847,290.862,0.0,7.4,0.0,0.0,0.0,0.0,0.0,0.0,0.0,0.0,1.0,0.0,0.0,0.0,9.0,4.0,0.0,0.0,0.0,0.0,0.0,0.0,0.0,0.0,3.0,12.0,1.0,12.17,5.01,2.5,1.49,0.0,0.0,0.0,22.700000000000003,0.0,-0.8,-0.9,-0.6000000000000001,-169.70000000000002,0.0,0.0,169.8,0.0,21.700000000000003,29.1,29.1,29.700000000000003,300.0,300.0,31.4,35.7,29.0,28.200000000000003,30.1,4.96,1.99,4.97,0.16,0.0,0.0,1027.0,8228.0,0.0,0.0,0.0,0.0,0.0,1.0,0.0,0.0,0.0,0.0,0.0,-1.6,0.0,0.3,0.0,0.0001,16.0,25903.0
2026-07-30T19:02:01.376Z,290.859,290.874,0.0,7.4,0.0,0.0,0.0,0.0,0.0,0.0,0.0,0.0,1.0,0.0,0.0,0.0,9.0,4.0,0.0,0.0,0.0,0.0,0.0,0.0,0.0,0.0,4.0,12.0,1.0,12.17,5.01,2.5,1.49,0.0,0.1,0.0,22.5,0.0,0.2,0.1,0.5,-169.70000000000002,0.0,0.0,169.8,0.0,21.700000000000003,29.1,29.1,29.700000000000003,300.0,300.0,31.4,35.7,29.0,28.200000000000003,30.1,4.96,1.99,4.96,0.16,0.0,0.0,1027.0,8228.0,0.0,0.0,0.0,0.0,0.0,1.0,0.0,0.0,0.0,0.0,0.0,0.5,0.0,-0.4,0.0,0.0,16.0,25903.0
2026-07-30T19:02:01.388Z,290.871,290.886,0.0,7.4,0.0,0.0,0.0,0.0,0.0,0.0,0.0,0.0,1.0,0.0,0.0,0.0,9.0,4.0,0.0,0.0,0.0,0.0,0.0,0.0,0.0,0.0,5.0,12.0,1.0,12.17,5.01,2.5,1.49,0.0,0.0,0.0,22.200000000000003,0.0,0.3,0.1,0.0,-169.70000000000002,0.0,0.0,169.8,0.0,21.700000000000003,29.1,29.1,29.700000000000003,300.0,300.0,31.4,35.7,29.0,28.200000000000003,30.1,4.96,1.99,4.96,0.16,0.0,0.0,1027.0,8228.0,0.0,0.0,0.0,0.0,0.0,1.0,0.0,0.0,0.0,0.0,0.0,0.1,0.0,0.0,0.0,0.0,16.0,25903.0
2026-07-30T19:02:01.400Z,290.883,290.898,0.0,7.4,0.0,0.0,0.0,0.0,0.0,0.0,0.0,0.0,1.0,0.0,0.0,0.0,9.0,4.0,0.0,0.0,0.0,0.0,0.0,0.0,0.0,0.0,6.0,12.0,1.0,12.18,5.0200000000000005,2.5,1.49,0.0,0.0,0.0,22.1,0.0,0.3,-0.4,0.0,-169.70000000000002,0.0,0.0,169.8,0.0,20.9,29.1,29.1,29.700000000000003,300.0,300.0,31.4,35.7,29.0,28.200000000000003,30.1,4.96,1.99,4.96,0.16,0.0,0.0,1027.0,8228.0,0.0,0.0,0.0,0.0,0.0,1.0,0.0,0.0,0.0,0.0,0.0,-0.5,0.0,0.0,0.0,0.0001,16.0,25903.0
2026-07-30T19:02:01.412Z,290.895,290.91,0.0,7.4,0.0,0.0,0.0,0.0,0.0,0.0,0.0,0.0,1.0,0.0,0.0,0.0,9.0,4.0,0.0,0.0,0.0,0.0,0.0,0.0,0.0,0.0,6.0,12.0,1.0,12.18,5.0200000000000005,2.5,1.49,0.0,0.0,0.0,21.9,0.0,0.3,-0.4,0.5,-169.70000000000002,0.0,0.0,169.8,0.0,20.9,29.1,29.1,29.700000000000003,300.0,300.0,31.4,35.7,29.0,28.200000000000003,30.1,4.96,1.99,4.96,0.16,0.0,0.0,1027.0,8228.0,0.0,0.0,0.0,0.0,0.0,1.0,0.0,0.0,0.0,0.0,0.0,0.0,0.0,-0.5,0.0,0.0,16.0,25903.0
2026-07-30T19:02:01.425Z,290.908,290.922,0.0,7.4,0.0,0.0,0.0,0.0,0.0,0.0,0.0,0.0,1.0,0.0,0.0,0.0,9.0,4.0,0.0,0.0,0.0,0.0,0.0,0.0,0.0,0.0,1.0,12.0,1.0,12.18,5.0200000000000005,2.5,1.49,0.0,0.0,0.0,21.700000000000003,0.0,0.9,0.1,-0.6000000000000001,-169.70000000000002,0.0,0.0,169.8,0.0,20.9,29.1,29.1,29.700000000000003,300.0,300.0,31.4,35.7,29.0,28.200000000000003,30.1,4.96,1.99,4.97,0.16,0.0,0.0,1027.0,8228.0,0.0,0.0,0.0,0.0,0.0,1.0,0.0,0.0,0.0,0.0,0.0,-0.3,0.0,0.6000000000000001,0.0,0.0,16.0,25903.0
2026-07-30T19:02:01.436Z,290.919,290.934,0.0,7.4,0.0,0.0,0.0,0.0,0.0,0.0,0.0,0.0,1.0,0.0,0.0,0.0,9.0,4.0,0.0,0.0,0.0,0.0,0.0,0.0,0.0,0.0,2.0,12.0,1.0,12.18,5.0200000000000005,2.5,1.49,0.0,0.0,0.0,21.5,0.0,0.9,0.1,0.0,-169.70000000000002,0.0,0.0,169.8,0.0,20.9,29.1,29.1,29.700000000000003,300.0,300.0,31.4,35.7,29.0,28.200000000000003,30.1,4.95,1.99,4.97,0.16,0.0,0.0,1027.0,8228.0,0.0,0.0,0.0,0.0,0.0,1.0,0.0,0.0,0.0,0.0,0.0,0.1,0.0,0.0,0.0,0.0001,16.0,25903.0
2026-07-30T19:02:01.448Z,290.931,290.946,0.0,7.4,0.0,0.0,0.0,0.0,0.0,0.0,0.0,0.0,1.0,0.0,0.0,0.0,9.0,4.0,0.0,0.0,0.0,0.0,0.0,0.0,0.0,0.0,3.0,12.0,1.0,12.18,5.0200000000000005,2.5,1.49,0.0,0.0,0.0,21.3,0.0,0.3,-0.4,0.0,-169.70000000000002,0.0,0.0,169.8,0.0,20.9,29.1,29.1,29.700000000000003,300.0,300.0,31.4,35.7,29.0,28.200000000000003,30.1,4.96,1.99,4.96,0.16,0.0,0.0,1027.0,8228.0,0.0,0.0,0.0,0.0,0.0,1.0,0.0,0.0,0.0,0.0,0.0,-0.5,0.0,0.0,0.0,0.0001,16.0,25903.0
2026-07-30T19:02:01.460Z,290.943,290.958,0.0,7.4,0.0,0.0,0.0,0.0,0.0,0.0,0.0,0.0,1.0,0.0,0.0,0.0,9.0,4.0,0.0,0.0,0.0,0.0,0.0,0.0,0.0,0.0,4.0,12.0,1.0,12.18,5.0200000000000005,2.5,1.49,0.0,0.0,0.0,21.1,0.0,-0.2,-0.4,0.0,-169.70000000000002,0.0,0.0,169.8,0.0,20.9,29.1,29.1,29.700000000000003,300.0,300.0,31.4,35.7,29.0,28.200000000000003,30.1,4.95,1.99,4.97,0.16,0.0,0.0,1027.0,8228.0,0.0,0.0,0.0,0.0,0.0,1.0,0.0,0.0,0.0,0.0,0.0,-0.5,0.0,0.0,0.0,0.0,16.0,25903.0
2026-07-30T19:02:01.472Z,290.955,290.97,0.0,7.4,0.0,0.0,0.0,0.0,0.0,0.0,0.0,0.0,1.0,0.0,0.0,0.0,9.0,4.0,0.0,0.0,0.0,0.0,0.0,0.0,0.0,0.0,5.0,12.0,1.0,12.18,5.0200000000000005,2.5,1.49,0.0,0.0,0.0,21.0,0.0,0.3,1.3,-0.6000000000000001,-169.70000000000002,0.0,0.0,169.8,0.0,20.9,29.1,29.1,29.700000000000003,300.0,300.0,31.4,35.7,29.0,28.200000000000003,30.1,4.95,1.99,4.97,0.16,0.0,0.0,1027.0,8228.0,0.0,0.0,0.0,0.0,0.0,1.0,0.0,0.0,0.0,0.0,0.0,0.9,0.0,0.8,0.0,0.0,16.0,25903.0
2026-07-30T19:02:01.484Z,290.967,290.982,0.0,7.4,0.0,0.0,0.0,0.0,0.0,0.0,0.0,0.0,1.0,0.0,0.0,0.0,9.0,4.0,0.0,0.0,0.0,0.0,0.0,0.0,0.0,0.0,1.0,12.0,1.0,12.18,5.0200000000000005,2.5,1.49,0.0,0.1,0.0,20.8,0.0,1.4,-0.4,0.0,-169.70000000000002,0.0,0.0,169.70000000000002,0.0,20.9,29.1,29.1,29.700000000000003,300.0,300.0,31.4,35.7,29.0,28.200000000000003,30.1,4.96,1.99,4.97,0.16,0.0,0.0,1027.0,8228.0,0.0,0.0,0.0,0.0,0.0,1.0,0.0,0.0,0.0,0.0,0.0,-0.5,0.0,0.0,0.0,0.0,16.0,25903.0
2026-07-30T19:02:01.497Z,290.98,290.994,0.0,7.4,0.0,0.0,0.0,0.0,0.0,0.0,0.0,0.0,1.0,0.0,0.0,0.0,9.0,4.0,0.0,0.0,0.0,0.0,0.0,0.0,0.0,0.0,3.0,12.0,1.0,12.15,5.0200000000000005,2.51,1.49,0.0,0.0,0.0,20.5,0.0,0.8,1.2000000000000002,0.0,-169.70000000000002,0.0,0.0,169.8,0.0,21.700000000000003,29.1,29.1,29.700000000000003,300.0,300.0,31.5,35.7,29.0,28.200000000000003,30.1,4.96,1.99,4.96,0.16,0.0,0.0,1027.0,8228.0,0.0,0.0,0.0,0.0,0.0,1.0,0.0,0.0,0.0,0.0,0.0,1.4,0.0,0.3,0.0,0.0001,16.0,25903.0
2026-07-30T19:02:01.509Z,290.992,291.00600000000003,0.0,7.4,0.0,0.0,0.0,0.0,0.0,0.0,0.0,0.0,1.0,0.0,0.0,0.0,9.0,4.0,0.0,0.0,0.0,0.0,0.0,0.0,0.0,0.0,3.0,12.0,1.0,12.15,5.0200000000000005,2.51,1.49,0.0,0.0,0.0,20.4,0.0,0.9,-0.4,-0.1,-169.70000000000002,0.0,0.0,169.8,0.0,21.700000000000003,29.1,29.1,29.700000000000003,300.0,300.0,31.5,35.7,29.0,28.200000000000003,30.1,4.96,1.99,4.96,0.16,0.0,0.0,1027.0,8228.0,0.0,0.0,0.0,0.0,0.0,1.0,0.0,0.0,0.0,0.0,0.0,-0.6000000000000001,0.0,0.0,0.0,0.0001,16.0,25903.0
2026-07-30T19:02:01.520Z,291.003,291.01800000000003,0.0,7.4,0.0,0.0,0.0,0.0,0.0,0.0,0.0,0.0,1.0,0.0,0.0,0.0,9.0,4.0,0.0,0.0,0.0,0.0,0.0,0.0,0.0,0.0,4.0,12.0,1.0,12.15,5.0200000000000005,2.51,1.49,0.0,0.0,0.0,20.200000000000003,0.0,0.8,0.6000000000000001,1.0,-169.70000000000002,0.0,0.0,169.8,0.0,21.700000000000003,29.1,29.1,29.700000000000003,300.0,300.0,31.5,35.7,29.0,28.200000000000003,30.1,4.96,1.99,4.96,0.15,0.0,0.0,1027.0,8228.0,0.0,0.0,0.0,0.0,0.0,1.0,0.0,0.0,0.0,0.0,0.0,1.5,0.0,-0.8,0.0,0.0,16.0,25903.0
2026-07-30T19:02:01.533Z,291.016,291.03000000000003,0.0,7.4,0.0,0.0,0.0,0.0,0.0,0.0,0.0,0.0,1.0,0.0,0.0,0.0,9.0,4.0,0.0,0.0,0.0,0.0,0.0,0.0,0.0,0.0,5.0,12.0,1.0,12.15,5.0200000000000005,2.51,1.49,0.0,0.0,0.0,20.0,0.0,-0.2,1.2000000000000002,0.0,-169.70000000000002,0.0,0.0,169.70000000000002,0.0,21.700000000000003,29.1,29.1,29.700000000000003,300.0,300.0,31.5,35.7,29.0,28.200000000000003,30.1,4.95,1.99,4.96,0.16,0.0,0.0,1027.0,8228.0,0.0,0.0,0.0,0.0,0.0,1.0,0.0,0.0,0.0,0.0,0.0,1.3,0.0,0.3,0.0,0.0,16.0,25903.0
2026-07-30T19:02:01.545Z,291.028,291.04200000000003,0.0,7.4,0.0,0.0,0.0,0.0,0.0,0.0,0.0,0.0,1.0,0.0,0.0,0.0,9.0,4.0,0.0,0.0,0.0,0.0,0.0,0.0,0.0,0.0,6.0,12.0,1.0,12.15,5.0200000000000005,2.51,1.49,0.0,0.0,0.0,19.9,0.0,0.3,0.6000000000000001,0.0,-169.70000000000002,0.0,0.0,169.8,0.0,21.700000000000003,29.1,29.1,29.700000000000003,300.0,300.0,31.5,35.7,29.0,28.200000000000003,30.1,4.96,1.99,4.97,0.16,0.0,0.0,1027.0,8228.0,0.0,0.0,0.0,0.0,0.0,1.0,0.0,0.0,0.0,0.0,0.0,0.7000000000000001,0.0,0.1,0.0,0.0002,16.0,25903.0
2026-07-30T19:02:01.556Z,291.039,291.05400000000003,0.0,7.4,0.0,0.0,0.0,0.0,0.0,0.0,0.0,0.0,1.0,0.0,0.0,0.0,9.0,4.0,0.0,0.0,0.0,0.0,0.0,0.0,0.0,0.0,1.0,12.0,1.0,12.15,5.0200000000000005,2.51,1.49,0.0,0.0,0.0,19.700000000000003,0.0,-0.2,-1.0,-0.6000000000000001,-169.70000000000002,0.0,0.0,169.8,0.0,21.700000000000003,29.1,29.1,29.700000000000003,300.0,300.0,31.5,35.7,29.0,28.200000000000003,30.1,4.96,1.99,4.96,0.16,0.0,0.0,1027.0,8228.0,0.0,0.0,0.0,0.0,0.0,1.0,0.0,0.0,0.0,0.0,0.0,-1.6,0.0,0.3,0.0,0.0001,16.0,25903.0
2026-07-30T19:02:01.569Z,291.052,291.06600000000003,0.0,7.4,0.0,0.0,0.0,0.0,0.0,0.0,0.0,0.0,1.0,0.0,0.0,0.0,9.0,4.0,0.0,0.0,0.0,0.0,0.0,0.0,0.0,0.0,3.0,12.0,1.0,12.15,5.0200000000000005,2.51,1.49,0.0,0.0,0.0,19.5,0.0,0.3,0.6000000000000001,0.5,-169.70000000000002,0.0,0.0,169.8,0.0,21.700000000000003,29.1,29.1,29.700000000000003,300.0,300.0,31.5,35.7,29.0,28.200000000000003,30.1,4.96,1.99,4.96,0.16,0.0,0.0,1027.0,8228.0,0.0,0.0,0.0,0.0,0.0,1.0,0.0,0.0,0.0,0.0,0.0,1.1,0.0,-0.3,0.0,0.0001,16.0,25903.0
2026-07-30T19:02:01.580Z,291.063,291.07800000000003,0.0,7.4,0.0,0.0,0.0,0.0,0.0,0.0,0.0,0.0,1.0,0.0,0.0,0.0,9.0,4.0,0.0,0.0,0.0,0.0,0.0,0.0,0.0,0.0,4.0,12.0,1.0,12.15,5.0200000000000005,2.51,1.49,0.0,0.0,0.0,19.3,0.0,-0.8,-0.5,0.0,-169.70000000000002,0.0,0.0,169.8,0.0,21.700000000000003,29.1,29.1,29.700000000000003,300.0,300.0,31.5,35.7,29.0,28.200000000000003,30.1,4.95,2.0,4.96,0.16,0.0,0.0,1027.0,8228.0,0.0,0.0,0.0,0.0,0.0,1.0,0.0,0.0,0.0,0.0,0.0,-0.5,0.0,0.0,0.0,0.0,16.0,25903.0
2026-07-30T19:02:01.593Z,291.076,291.09000000000003,0.0,7.4,0.0,0.0,0.0,0.0,0.0,0.0,0.0,0.0,1.0,0.0,0.0,0.0,9.0,4.0,0.0,0.0,0.0,0.0,0.0,0.0,0.0,0.0,5.0,12.0,1.0,12.15,5.0200000000000005,2.51,1.49,0.0,0.0,0.0,19.1,0.0,0.3,-0.5,-0.5,-169.70000000000002,0.0,0.0,169.8,0.0,21.700000000000003,29.1,29.1,29.700000000000003,300.0,300.0,31.5,35.7,29.0,28.200000000000003,30.1,4.96,2.0,4.96,0.16,0.0,0.0,1027.0,8228.0,0.0,0.0,0.0,0.0,0.0,1.0,0.0,0.0,0.0,0.0,0.0,-1.0,0.0,0.4,0.0,0.0,16.0,25903.0
2026-07-30T19:02:01.605Z,291.088,291.10200000000003,0.0,7.4,0.0,0.0,0.0,0.0,0.0,0.0,0.0,0.0,1.0,0.0,0.0,0.0,9.0,4.0,0.0,0.0,0.0,0.0,0.0,0.0,0.0,0.0,6.0,12.0,1.0,12.17,5.0200000000000005,2.51,1.49,0.0,0.0,0.0,19.0,0.0,-0.2,-1.1,-0.6000000000000001,-169.70000000000002,0.0,0.0,169.70000000000002,0.0,21.700000000000003,29.1,29.1,29.700000000000003,300.0,300.0,31.6,35.7,29.0,28.200000000000003,30.1,4.96,1.99,4.96,0.16,0.0,0.0,1027.0,8228.0,0.0,0.0,0.0,0.0,0.0,1.0,0.0,0.0,0.0,0.0,0.0,-1.7000000000000002,0.0,0.3,0.0,0.0001,16.0,25903.0
2026-07-30T19:02:01.617Z,291.1,291.11400000000003,0.0,7.4,0.0,0.0,0.0,0.0,0.0,0.0,0.0,0.0,1.0,0.0,0.0,0.0,9.0,4.0,0.0,0.0,0.0,0.0,0.0,0.0,0.0,0.0,1.0,12.0,1.0,12.17,5.0200000000000005,2.51,1.49,0.0,0.0,0.0,18.8,0.0,0.2,0.0,1.6,-169.70000000000002,0.0,0.0,169.8,0.0,21.700000000000003,29.1,29.1,29.700000000000003,300.0,300.0,31.6,35.7,29.0,28.200000000000003,30.1,4.96,1.99,4.97,0.16,0.0,0.0,1027.0,8228.0,0.0,0.0,0.0,0.0,0.0,1.0,0.0,0.0,0.0,0.0,0.0,1.3,0.0,-1.4,0.0,0.0,16.0,25903.0
2026-07-30T19:02:01.629Z,291.112,291.12600000000003,0.0,7.4,0.0,0.0,0.0,0.0,0.0,0.0,0.0,0.0,1.0,0.0,0.0,0.0,9.0,4.0,0.0,0.0,0.0,0.0,0.0,0.0,0.0,0.0,2.0,12.0,1.0,12.17,5.0200000000000005,2.51,1.49,0.0,0.0,0.0,18.6,0.0,0.8,0.6000000000000001,-0.1,-169.70000000000002,0.0,0.0,169.8,0.0,21.700000000000003,29.1,29.1,29.700000000000003,300.0,300.0,31.6,35.7,29.0,28.200000000000003,30.1,4.95,1.99,4.97,0.16,0.0,0.0,1027.0,8228.0,0.0,0.0,0.0,0.0,0.0,1.0,0.0,0.0,0.0,0.0,0.0,0.6000000000000001,0.0,0.2,0.0,0.0,16.0,25903.0
2026-07-30T19:02:01.640Z,291.123,291.13800000000003,0.0,7.4,0.0,0.0,0.0,0.0,0.0,0.0,0.0,0.0,1.0,0.0,0.0,0.0,9.0,4.0,0.0,0.0,0.0,0.0,0.0,0.0,0.0,0.0,3.0,12.0,1.0,12.17,5.0200000000000005,2.51,1.49,0.0,0.0,0.0,19.0,0.0,0.2,0.6000000000000001,2.2,-169.70000000000002,0.0,0.0,169.8,0.0,21.700000000000003,29.1,29.1,29.700000000000003,300.0,300.0,31.6,35.7,29.0,28.200000000000003,30.1,4.96,1.99,4.96,0.16,0.0,0.0,1027.0,8228.0,0.0,0.0,0.0,0.0,0.0,1.0,0.0,0.0,0.0,0.0,0.0,-0.7000000000000001,0.0,0.0,0.0,0.0001,16.0,25903.0
2026-07-30T19:02:01.652Z,291.135,291.15000000000003,0.0,7.4,0.0,0.0,0.0,0.0,0.0,0.0,0.0,0.0,1.0,0.0,0.0,0.0,9.0,4.0,0.0,0.0,0.0,0.0,0.0,0.0,0.0,0.0,4.0,12.0,1.0,12.17,5.0200000000000005,2.51,1.49,0.0,0.0,0.0,19.700000000000003,0.0,-0.9,0.0,-0.1,-169.70000000000002,0.0,0.0,169.8,0.0,21.700000000000003,29.1,29.1,29.700000000000003,300.0,300.0,31.6,35.7,29.0,28.200000000000003,30.1,4.95,1.99,4.96,0.16,0.0,0.0,1027.0,8228.0,0.0,0.0,0.0,0.0,0.0,1.0,0.0,0.0,0.0,0.0,0.0,4.1000000000000005,0.0,-2.1,0.0,0.0,16.0,25903.0
2026-07-30T19:02:01.664Z,291.147,291.162,0.0,7.4,0.0,0.0,0.0,0.0,0.0,0.0,0.0,0.0,1.0,0.0,0.0,0.0,9.0,4.0,0.0,0.0,0.0,0.0,0.0,0.0,0.0,0.0,5.0,12.0,1.0,12.17,5.0200000000000005,2.51,1.49,0.0,0.0,0.0,20.5,0.0,0.2,0.0,0.4,-169.70000000000002,0.0,0.0,169.70000000000002,0.0,21.700000000000003,29.1,29.1,29.700000000000003,300.0,300.0,31.6,35.7,29.0,28.200000000000003,30.1,4.95,1.99,4.97,0.16,0.0,0.0,1027.0,8228.0,0.0,0.0,0.0,0.0,0.0,1.0,0.0,0.0,0.0,0.0,0.0,0.4,0.0,-0.3,0.0,0.0,16.0,25903.0
2026-07-30T19:02:01.676Z,291.159,291.174,0.0,7.4,0.0,0.0,0.0,0.0,0.0,0.0,0.0,0.0,1.0,0.0,0.0,0.0,9.0,4.0,0.0,0.0,0.0,0.0,0.0,0.0,0.0,0.0,6.0,12.0,1.0,12.17,5.0200000000000005,2.51,1.49,0.0,0.0,0.0,21.200000000000003,0.0,-0.3,0.0,0.4,-169.70000000000002,0.0,0.0,169.8,0.0,21.700000000000003,29.1,29.1,29.700000000000003,300.0,300.0,31.6,35.7,29.0,28.200000000000003,30.1,4.95,2.0,4.97,0.16,0.0,0.0,1027.0,8228.0,0.0,0.0,0.0,0.0,0.0,1.0,0.0,0.0,0.0,0.0,0.0,0.4,0.0,-0.3,0.0,0.0001,16.0,25903.0
2026-07-30T19:02:01.689Z,291.172,291.186,0.0,7.4,0.0,0.0,0.0,0.0,0.0,0.0,0.0,0.0,1.0,0.0,0.0,0.0,9.0,4.0,0.0,0.0,0.0,0.0,0.0,0.0,0.0,0.0,1.0,12.0,1.0,12.17,5.0200000000000005,2.51,1.49,0.0,0.0,0.0,21.9,0.0,0.8,0.0,1.6,-169.70000000000002,0.0,0.0,169.8,0.0,21.700000000000003,29.1,29.1,29.700000000000003,300.0,300.0,31.6,35.7,29.0,28.200000000000003,30.1,4.96,2.0,4.96,0.15,0.0,0.0,1027.0,8228.0,0.0,0.0,0.0,0.0,0.0,1.0,0.0,0.0,0.0,0.0,0.0,1.3,0.0,-1.4,0.0,0.0001,16.0,25903.0
2026-07-30T19:02:01.702Z,291.185,291.198,0.0,7.4,0.0,0.0,0.0,0.0,0.0,0.0,0.0,0.0,1.0,0.0,0.0,0.0,9.0,4.0,0.0,0.0,0.0,0.0,0.0,0.0,0.0,0.0,3.0,12.0,1.0,12.11,5.0200000000000005,2.5,1.49,0.0,0.0,0.0,22.700000000000003,0.0,-0.3,-0.4,-0.6000000000000001,-169.70000000000002,0.0,0.0,169.8,0.0,21.4,29.1,29.1,29.700000000000003,300.0,300.0,31.6,35.7,29.0,28.200000000000003,30.1,4.95,1.99,4.97,0.15,0.0,0.0,1027.0,8228.0,0.0,0.0,0.0,0.0,0.0,1.0,0.0,0.0,0.0,0.0,0.0,-1.0,0.0,0.4,0.0,0.0,16.0,25903.0
2026-07-30T19:02:01.712Z,291.195,291.21,0.0,7.4,0.0,0.0,0.0,0.0,0.0,0.0,0.0,0.0,1.0,0.0,0.0,0.0,9.0,4.0,0.0,0.0,0.0,0.0,0.0,0.0,0.0,0.0,4.0,12.0,1.0,12.11,5.0200000000000005,2.5,1.49,0.0,0.1,0.0,23.4,0.0,-0.3,-0.5,1.0,-169.70000000000002,0.0,0.0,169.8,0.0,21.4,29.1,29.1,29.700000000000003,300.0,300.0,31.6,35.7,29.0,28.200000000000003,30.1,4.95,1.99,4.97,0.16,0.0,0.0,1027.0,8228.0,0.0,0.0,0.0,0.0,0.0,1.0,0.0,0.0,0.0,0.0,0.0,0.2,0.0,-1.0,0.0,0.0,16.0,25903.0
2026-07-30T19:02:01.724Z,291.207,291.222,0.0,7.4,0.0,0.0,0.0,0.0,0.0,0.0,0.0,0.0,1.0,0.0,0.0,0.0,9.0,4.0,0.0,0.0,0.0,0.0,0.0,0.0,0.0,0.0,5.0,12.0,1.0,12.11,5.0200000000000005,2.5,1.49,0.0,0.0,0.0,24.200000000000003,0.0,0.2,0.0,0.0,-169.70000000000002,0.0,0.0,169.8,0.0,21.4,29.1,29.1,29.700000000000003,300.0,300.0,31.6,35.7,29.0,28.200000000000003,30.1,4.96,1.99,4.97,0.15,0.0,0.0,1027.0,8228.0,0.0,0.0,0.0,0.0,0.0,1.0,0.0,0.0,0.0,0.0,0.0,0.0,0.0,0.0,0.0,0.0,16.0,25903.0
2026-07-30T19:02:01.737Z,291.22,291.234,0.0,7.4,0.0,0.0,0.0,0.0,0.0,0.0,0.0,0.0,1.0,0.0,0.0,0.0,9.0,4.0,0.0,0.0,0.0,0.0,0.0,0.0,0.0,0.0,6.0,12.0,1.0,12.11,5.0200000000000005,2.5,1.49,0.0,0.0,0.0,24.9,0.0,-0.3,-1.0,-1.8,-169.70000000000002,0.0,0.0,169.8,0.0,21.4,29.1,29.1,29.700000000000003,300.0,300.0,31.6,35.7,29.0,28.200000000000003,30.1,4.95,1.99,4.97,0.16,0.0,0.0,1027.0,8228.0,0.0,0.0,0.0,0.0,0.0,1.0,0.0,0.0,0.0,0.0,0.0,-2.6,0.0,1.4,0.0,0.0001,16.0,25903.0
2026-07-30T19:02:01.748Z,291.231,291.246,0.0,7.4,0.0,0.0,0.0,0.0,0.0,0.0,0.0,0.0,1.0,0.0,0.0,0.0,9.0,4.0,0.0,0.0,0.0,0.0,0.0,0.0,0.0,0.0,1.0,12.0,1.0,12.11,5.0200000000000005,2.5,1.49,0.0,0.0,0.0,25.700000000000003,0.0,-0.3,0.6000000000000001,0.4,-169.70000000000002,0.0,0.0,169.8,0.0,21.4,29.1,29.1,29.700000000000003,300.0,300.0,31.6,35.7,29.0,28.200000000000003,30.1,4.95,1.99,4.97,0.16,0.0,0.0,1027.0,8228.0,0.0,0.0,0.0,0.0,0.0,1.0,0.0,0.0,0.0,0.0,0.0,1.1,0.0,-0.2,0.0,0.0,16.0,25903.0
2026-07-30T19:02:01.761Z,291.244,291.258,0.0,7.4,0.0,0.0,0.0,0.0,0.0,0.0,0.0,0.0,1.0,0.0,0.0,0.0,9.0,4.0,0.0,0.0,0.0,0.0,0.0,0.0,0.0,0.0,2.0,12.0,1.0,12.11,5.0200000000000005,2.5,1.49,0.0,0.0,0.0,26.4,0.0,0.2,-0.5,1.0,-169.70000000000002,0.0,0.0,169.8,0.0,21.4,29.1,29.1,29.700000000000003,300.0,300.0,31.6,35.7,29.0,28.200000000000003,30.1,4.95,2.0,4.96,0.16,0.0,0.0,1027.0,8228.0,0.0,0.0,0.0,0.0,0.0,1.0,0.0,0.0,0.0,0.0,0.0,0.1,0.0,-1.0,0.0,0.0001,16.0,25903.0
2026-07-30T19:02:01.773Z,291.256,291.27,0.0,7.4,0.0,0.0,0.0,0.0,0.0,0.0,0.0,0.0,1.0,0.0,0.0,0.0,9.0,4.0,0.0,0.0,0.0,0.0,0.0,0.0,0.0,0.0,3.0,12.0,1.0,12.11,5.0200000000000005,2.5,1.49,0.0,0.0,0.0,27.200000000000003,0.0,0.2,0.7000000000000001,-0.1,-169.70000000000002,0.0,0.0,169.8,0.0,21.4,29.1,29.1,29.700000000000003,300.0,300.0,31.6,35.7,29.0,28.200000000000003,30.1,4.96,1.99,4.96,0.16,0.0,0.0,1027.0,8228.0,0.0,0.0,0.0,0.0,0.0,1.0,0.0,0.0,0.0,0.0,0.0,0.7000000000000001,0.0,0.2,0.0,0.0001,16.0,25903.0
2026-07-30T19:02:01.785Z,291.268,291.282,0.0,7.4,0.0,0.0,0.0,0.0,0.0,0.0,0.0,0.0,1.0,0.0,0.0,0.0,9.0,4.0,0.0,0.0,0.0,0.0,0.0,0.0,0.0,0.0,5.0,12.0,1.0,12.11,5.0200000000000005,2.5,1.49,0.0,0.0,0.0,27.9,0.0,-0.3,-1.0,-0.6000000000000001,-169.70000000000002,0.0,0.0,169.8,0.0,21.4,29.1,29.1,29.700000000000003,300.0,300.0,31.6,35.7,29.0,28.200000000000003,30.1,4.95,1.99,4.97,0.16,0.0,0.0,1027.0,8228.0,0.0,0.0,0.0,0.0,0.0,1.0,0.0,0.0,0.0,0.0,0.0,-1.6,0.0,0.3,0.0,0.0001,16.0,25903.0
2026-07-30T19:02:01.797Z,291.28,291.294,0.0,7.4,0.0,0.0,0.0,0.0,0.0,0.0,0.0,0.0,1.0,0.0,0.0,0.0,9.0,4.0,0.0,0.0,0.0,0.0,0.0,0.0,0.0,0.0,5.0,12.0,1.0,12.11,5.0200000000000005,2.5,1.49,0.0,0.0,0.0,28.6,0.0,0.2,-1.0,-0.1,-169.70000000000002,0.0,0.0,169.70000000000002,0.0,21.4,29.1,29.1,29.700000000000003,300.0,300.0,31.6,35.7,29.0,28.200000000000003,30.1,4.96,1.99,4.96,0.16,0.0,0.0,1027.0,8228.0,0.0,0.0,0.0,0.0,0.0,1.0,0.0,0.0,0.0,0.0,0.0,-1.3,0.0,-0.1,0.0,0.0,16.0,25903.0
2026-07-30T19:02:01.808Z,291.291,291.306,0.0,7.4,0.0,0.0,0.0,0.0,0.0,0.0,0.0,0.0,1.0,0.0,0.0,0.0,9.0,4.0,0.0,0.0,0.0,0.0,0.0,0.0,0.0,0.0,1.0,12.0,1.0,12.17,5.01,2.51,1.49,0.0,0.1,0.0,29.4,0.0,-0.3,0.6000000000000001,1.0,-169.70000000000002,0.0,0.0,169.8,0.0,21.3,29.1,29.1,29.700000000000003,300.0,300.0,31.6,35.7,29.0,28.200000000000003,30.1,4.96,2.0,4.96,0.16,0.0,0.0,1027.0,8228.0,0.0,0.0,0.0,0.0,0.0,1.0,0.0,0.0,0.0,0.0,0.0,1.5,0.0,-0.7000000000000001,0.0,0.0,16.0,25903.0
2026-07-30T19:02:01.820Z,291.303,291.318,0.0,7.4,0.0,0.0,0.0,0.0,0.0,0.0,0.0,0.0,1.0,0.0,0.0,0.0,9.0,4.0,0.0,0.0,0.0,0.0,0.0,0.0,0.0,0.0,2.0,12.0,1.0,12.17,5.01,2.51,1.49,0.0,0.0,0.0,30.1,0.0,-0.8,-0.4,-0.6000000000000001,-169.70000000000002,0.0,0.0,169.8,0.0,21.3,29.1,29.1,29.700000000000003,300.0,300.0,31.6,35.7,29.0,28.200000000000003,30.1,4.96,1.99,4.96,0.16,0.0,0.0,1027.0,8228.0,0.0,0.0,0.0,0.0,0.0,1.0,0.0,0.0,0.0,0.0,0.0,-1.0,0.0,0.4,0.0,0.0001,16.0,25903.0
2026-07-30T19:02:01.832Z,291.315,291.33,0.0,7.4,0.0,0.0,0.0,0.0,0.0,0.0,0.0,0.0,1.0,0.0,0.0,0.0,9.0,4.0,0.0,0.0,0.0,0.0,0.0,0.0,0.0,0.0,3.0,12.0,1.0,12.17,5.01,2.51,1.49,0.0,0.0,0.0,30.9,0.0,0.2,-0.5,1.0,-169.70000000000002,0.0,0.0,169.8,0.0,21.3,29.1,29.1,29.700000000000003,300.0,300.0,31.6,35.7,29.0,28.200000000000003,30.1,4.95,1.99,4.97,0.16,0.0,0.0,1027.0,8228.0,0.0,0.0,0.0,0.0,0.0,1.0,0.0,0.0,0.0,0.0,0.0,0.2,0.0,-1.0,0.0,0.0001,16.0,25903.0
2026-07-30T19:02:01.844Z,291.327,291.342,0.0,7.4,0.0,0.0,0.0,0.0,0.0,0.0,0.0,0.0,1.0,0.0,0.0,0.0,9.0,4.0,0.0,0.0,0.0,0.0,0.0,0.0,0.0,0.0,4.0,12.0,1.0,12.17,5.01,2.51,1.49,0.0,0.0,0.0,31.6,0.0,0.2,0.0,0.4,-169.70000000000002,0.0,0.0,169.70000000000002,0.0,21.3,29.1,29.1,29.700000000000003,300.0,300.0,31.6,35.7,29.0,28.200000000000003,30.1,4.96,1.99,4.96,0.16,0.0,0.0,1027.0,8228.0,0.0,0.0,0.0,0.0,0.0,1.0,0.0,0.0,0.0,0.0,0.0,0.4,0.0,-0.3,0.0,0.0,16.0,25903.0
2026-07-30T19:02:01.856Z,291.339,291.354,0.0,7.4,0.0,0.0,0.0,0.0,0.0,0.0,0.0,0.0,1.0,0.0,0.0,0.0,9.0,4.0,0.0,0.0,0.0,0.0,0.0,0.0,0.0,0.0,5.0,12.0,1.0,12.17,5.01,2.51,1.49,0.0,0.0,0.0,32.300000000000004,0.0,0.3,1.2000000000000002,-0.6000000000000001,-169.70000000000002,0.0,0.0,169.70000000000002,0.0,21.3,29.1,29.1,29.700000000000003,300.0,300.0,31.6,35.7,29.0,28.200000000000003,30.1,4.96,1.99,4.97,0.16,0.0,0.0,1027.0,8228.0,0.0,0.0,0.0,0.0,0.0,1.0,0.0,0.0,0.0,0.0,0.0,0.8,0.0,0.8,0.0,0.0001,16.0,25903.0
2026-07-30T19:02:01.868Z,291.351,291.366,0.0,7.4,0.0,0.0,0.0,0.0,0.0,0.0,0.0,0.0,1.0,0.0,0.0,0.0,9.0,4.0,0.0,0.0,0.0,0.0,0.0,0.0,0.0,0.0,6.0,12.0,1.0,12.17,5.01,2.51,1.49,0.0,0.0,0.0,33.0,0.0,0.2,1.2000000000000002,0.4,-169.70000000000002,0.0,0.0,169.70000000000002,0.0,21.3,29.1,29.1,29.700000000000003,300.0,300.0,31.6,35.7,29.0,28.200000000000003,30.1,4.94,1.99,4.97,0.16,0.0,0.0,1027.0,8228.0,0.0,0.0,0.0,0.0,0.0,1.0,0.0,0.0,0.0,0.0,0.0,1.7000000000000002,0.0,-0.1,0.0,0.0001,16.0,25903.0
2026-07-30T19:02:01.880Z,291.363,291.378,0.0,7.4,0.0,0.0,0.0,0.0,0.0,0.0,0.0,0.0,1.0,0.0,0.0,0.0,9.0,4.0,0.0,0.0,0.0,0.0,0.0,0.0,0.0,0.0,1.0,12.0,1.0,12.17,5.01,2.51,1.49,0.0,0.0,0.0,33.800000000000004,0.0,0.3,-1.6,-0.7000000000000001,-169.70000000000002,0.0,0.0,169.70000000000002,0.0,21.3,29.1,29.1,29.700000000000003,300.0,300.0,31.6,35.7,29.0,28.200000000000003,30.1,4.95,1.99,4.96,0.16,0.0,0.0,1027.0,8228.0,0.0,0.0,0.0,0.0,0.0,1.0,0.0,0.0,0.0,0.0,0.0,-2.4000000000000004,0.0,0.2,0.0,0.0,16.0,25903.0
2026-07-30T19:02:01.892Z,291.375,291.39,0.0,7.4,0.0,0.0,0.0,0.0,0.0,0.0,0.0,0.0,1.0,0.0,0.0,0.0,9.0,4.0,0.0,0.0,0.0,0.0,0.0,0.0,0.0,0.0,2.0,12.0,1.0,12.17,5.01,2.51,1.49,0.0,0.1,0.0,34.300000000000004,0.0,-0.3,0.0,0.4,-169.70000000000002,0.0,0.0,169.70000000000002,0.0,21.3,29.1,29.1,29.700000000000003,300.0,300.0,31.6,35.7,29.0,28.200000000000003,30.1,4.95,2.0,4.96,0.16,0.0,0.0,1027.0,8228.0,0.0,0.0,0.0,0.0,0.0,1.0,0.0,0.0,0.0,0.0,0.0,0.3,0.0,-0.3,0.0,0.0,16.0,25903.0
2026-07-30T19:02:01.906Z,291.389,291.402,0.0,7.4,0.0,0.0,0.0,0.0,0.0,0.0,0.0,0.0,1.0,0.0,0.0,0.0,9.0,4.0,0.0,0.0,0.0,0.0,0.0,0.0,0.0,0.0,3.0,12.0,1.0,12.17,5.0200000000000005,2.51,1.49,0.0,0.0,0.0,34.2,0.0,0.3,1.2000000000000002,-0.1,-169.70000000000002,0.0,0.0,169.70000000000002,0.0,21.3,29.1,29.1,29.700000000000003,300.0,300.0,31.5,35.7,29.0,28.200000000000003,30.1,4.95,1.99,4.97,0.16,0.0,0.0,1027.0,8228.0,0.0,0.0,0.0,0.0,0.0,1.0,0.0,0.0,0.0,0.0,0.0,1.2000000000000002,0.0,0.3,0.0,0.0,16.0,25903.0
2026-07-30T19:02:01.916Z,291.399,291.414,0.0,7.4,0.0,0.0,0.0,0.0,0.0,0.0,0.0,0.0,1.0,0.0,0.0,0.0,9.0,4.0,0.0,0.0,0.0,0.0,0.0,0.0,0.0,0.0,4.0,12.0,1.0,12.17,5.0200000000000005,2.51,1.49,0.0,0.0,0.0,34.1,0.0,1.4,1.2000000000000002,1.0,-169.70000000000002,0.0,0.0,169.8,0.0,21.3,29.1,29.1,29.700000000000003,300.0,300.0,31.5,35.7,29.0,28.200000000000003,30.1,4.95,1.99,4.97,0.16,0.0,0.0,1027.0,8228.0,0.0,0.0,0.0,0.0,0.0,1.0,0.0,0.0,0.0,0.0,0.0,2.2,0.0,-0.6000000000000001,0.0,0.0,16.0,25903.0
2026-07-30T19:02:01.928Z,291.411,291.426,0.0,7.4,0.0,0.0,0.0,0.0,0.0,0.0,0.0,0.0,1.0,0.0,0.0,0.0,9.0,4.0,0.0,0.0,0.0,0.0,0.0,0.0,0.0,0.0,5.0,12.0,1.0,12.17,5.0200000000000005,2.51,1.49,0.0,0.0,0.0,34.0,0.0,-0.2,0.6000000000000001,0.0,-169.70000000000002,0.0,0.0,169.8,0.0,21.3,29.1,29.1,29.700000000000003,300.0,300.0,31.5,35.7,29.0,28.200000000000003,30.1,4.96,1.99,4.96,0.16,0.0,0.0,1027.0,8228.0,0.0,0.0,0.0,0.0,0.0,1.0,0.0,0.0,0.0,0.0,0.0,0.6000000000000001,0.0,0.2,0.0,0.0,16.0,25903.0
2026-07-30T19:02:01.941Z,291.424,291.438,0.0,7.4,0.0,0.0,0.0,0.0,0.0,0.0,0.0,0.0,1.0,0.0,0.0,0.0,9.0,4.0,0.0,0.0,0.0,0.0,0.0,0.0,0.0,0.0,6.0,12.0,1.0,12.17,5.0200000000000005,2.51,1.49,0.0,0.0,0.0,34.0,0.0,0.3,-1.0,0.0,-169.70000000000002,0.0,0.0,169.8,0.0,21.3,29.1,29.1,29.700000000000003,300.0,300.0,31.5,35.7,29.0,28.200000000000003,30.1,4.95,1.99,4.96,0.16,0.0,0.0,1027.0,8228.0,0.0,0.0,0.0,0.0,0.0,1.0,0.0,0.0,0.0,0.0,0.0,-1.2000000000000002,0.0,-0.1,0.0,0.0001,16.0,25903.0
2026-07-30T19:02:01.952Z,291.435,291.45,0.0,7.4,0.0,0.0,0.0,0.0,0.0,0.0,0.0,0.0,1.0,0.0,0.0,0.0,9.0,4.0,0.0,0.0,0.0,0.0,0.0,0.0,0.0,0.0,1.0,12.0,1.0,12.17,5.0200000000000005,2.51,1.49,0.0,0.0,0.0,33.9,0.0,-0.2,1.2000000000000002,1.7000000000000002,-169.70000000000002,0.0,0.0,169.60000000000002,0.0,21.3,29.1,29.1,29.700000000000003,300.0,300.0,31.5,35.7,29.0,28.200000000000003,30.1,4.95,1.99,4.96,0.16,0.0,0.0,1027.0,8228.0,0.0,0.0,0.0,0.0,0.0,1.0,0.0,0.0,0.0,0.0,0.0,2.7,0.0,-1.2000000000000002,0.0,0.0,16.0,25903.0
2026-07-30T19:02:01.964Z,291.447,291.462,0.0,7.4,0.0,0.0,0.0,0.0,0.0,0.0,0.0,0.0,1.0,0.0,0.0,0.0,9.0,4.0,0.0,0.0,0.0,0.0,0.0,0.0,0.0,0.0,3.0,12.0,1.0,12.17,5.0200000000000005,2.51,1.49,0.0,0.0,0.0,33.800000000000004,0.0,0.3,0.1,0.0,-169.70000000000002,0.0,0.0,169.8,0.0,21.3,29.1,29.1,29.700000000000003,300.0,300.0,31.5,35.7,29.0,28.200000000000003,30.1,4.95,2.0,4.96,0.16,0.0,0.0,1027.0,8228.0,0.0,0.0,0.0,0.0,0.0,1.0,0.0,0.0,0.0,0.0,0.0,0.0,0.0,0.1,0.0,0.0003,16.0,25903.0
2026-07-30T19:02:01.977Z,291.46,291.474,0.0,7.4,0.0,0.0,0.0,0.0,0.0,0.0,0.0,0.0,1.0,0.0,0.0,0.0,9.0,4.0,0.0,0.0,0.0,0.0,0.0,0.0,0.0,0.0,4.0,12.0,1.0,12.17,5.0200000000000005,2.51,1.49,0.0,0.0,0.0,33.800000000000004,0.0,-0.2,-1.0,0.0,-169.70000000000002,0.0,0.0,169.8,0.0,21.3,29.1,29.1,29.700000000000003,300.0,300.0,31.5,35.7,29.0,28.200000000000003,30.1,4.96,2.0,4.96,0.16,0.0,0.0,1027.0,8228.0,0.0,0.0,0.0,0.0,0.0,1.0,0.0,0.0,0.0,0.0,0.0,-1.2000000000000002,0.0,-0.1,0.0,0.0001,16.0,25903.0
2026-07-30T19:02:01.989Z,291.472,291.486,0.0,7.4,0.0,0.0,0.0,0.0,0.0,0.0,0.0,0.0,1.0,0.0,0.0,0.0,9.0,4.0,0.0,0.0,0.0,0.0,0.0,0.0,0.0,0.0,5.0,12.0,1.0,12.17,5.0200000000000005,2.51,1.49,0.0,0.1,0.0,33.5,0.0,0.3,0.7000000000000001,-0.6000000000000001,-169.70000000000002,0.0,0.0,169.9,0.0,21.3,29.1,29.1,29.700000000000003,300.0,300.0,31.5,35.7,29.0,28.200000000000003,30.1,4.95,1.99,4.97,0.16,0.0,0.0,1027.0,8228.0,0.0,0.0,0.0,0.0,0.0,1.0,0.0,0.0,0.0,0.0,0.0,0.3,0.0,0.7000000000000001,0.0,0.0001,16.0,25903.0
2026-07-30T19:02:02.001Z,291.484,291.498,0.0,7.4,0.0,0.0,0.0,0.0,0.0,0.0,0.0,0.0,1.0,0.0,0.0,0.0,9.0,4.0,0.0,0.0,0.0,0.0,0.0,0.0,0.0,0.0,6.0,12.0,1.0,12.17,5.0200000000000005,2.51,1.49,0.0,0.1,0.0,33.2,0.0,-0.7000000000000001,-0.4,-1.7000000000000002,-169.70000000000002,0.0,0.0,169.8,0.0,21.3,29.1,29.1,29.700000000000003,300.0,300.0,31.5,35.7,29.0,28.200000000000003,30.1,4.95,1.99,4.96,0.16,0.0,0.0,1027.0,8228.0,0.0,0.0,0.0,0.0,0.0,1.0,0.0,0.0,0.0,0.0,0.0,-1.8,0.0,1.4,0.0,0.0001,16.0,25903.0
2026-07-30T19:02:02.013Z,291.496,291.51,0.0,7.4,0.0,0.0,0.0,0.0,0.0,0.0,0.0,0.0,1.0,0.0,0.0,0.0,9.0,4.0,0.0,0.0,0.0,0.0,0.0,0.0,0.0,0.0,1.0,12.0,1.0,12.18,5.01,2.51,1.49,0.0,0.1,0.0,33.1,0.0,0.3,0.7000000000000001,0.0,-169.70000000000002,0.0,0.0,169.8,0.0,21.4,29.1,29.1,29.8,300.0,300.0,31.5,35.800000000000004,29.0,28.200000000000003,30.1,4.96,1.99,4.96,0.16,0.0,0.0,1027.0,8228.0,0.0,0.0,0.0,0.0,0.0,1.0,0.0,0.0,0.0,0.0,0.0,0.7000000000000001,0.0,0.1,0.0,0.0,16.0,25903.0
2026-07-30T19:02:02.024Z,291.507,291.522,0.0,7.4,0.0,0.0,0.0,0.0,0.0,0.0,0.0,0.0,1.0,0.0,0.0,0.0,9.0,4.0,0.0,0.0,0.0,0.0,0.0,0.0,0.0,0.0,2.0,12.0,1.0,12.18,5.01,2.51,1.49,0.0,0.0,0.0,33.0,0.0,0.9,0.1,-0.6000000000000001,-169.70000000000002,0.0,0.0,169.8,0.0,21.4,29.1,29.1,29.8,300.0,300.0,31.5,35.800000000000004,29.0,28.200000000000003,30.1,4.95,1.99,4.97,0.16,0.0,0.0,1027.0,8228.0,0.0,0.0,0.0,0.0,0.0,1.0,0.0,0.0,0.0,0.0,0.0,-0.3,0.0,0.5,0.0,0.0,16.0,25903.0
2026-07-30T19:02:02.036Z,291.519,291.534,0.0,7.4,0.0,0.0,0.0,0.0,0.0,0.0,0.0,0.0,1.0,0.0,0.0,0.0,9.0,4.0,0.0,0.0,0.0,0.0,0.0,0.0,0.0,0.0,4.0,12.0,1.0,12.18,5.01,2.51,1.49,0.0,0.0,0.0,32.6,0.0,-0.7000000000000001,-1.0,-1.7000000000000002,-169.70000000000002,0.0,0.0,169.8,0.0,21.4,29.1,29.1,29.8,300.0,300.0,31.5,35.800000000000004,29.0,28.200000000000003,30.1,4.96,1.99,4.96,0.16,0.0,0.0,1027.0,8228.0,0.0,0.0,0.0,0.0,0.0,1.0,0.0,0.0,0.0,0.0,0.0,-2.4000000000000004,0.0,1.3,0.0,0.0001,16.0,25903.0
2026-07-30T19:02:02.048Z,291.531,291.546,0.0,7.4,0.0,0.0,0.0,0.0,0.0,0.0,0.0,0.0,1.0,0.0,0.0,0.0,9.0,4.0,0.0,0.0,0.0,0.0,0.0,0.0,0.0,0.0,5.0,12.0,1.0,12.18,5.01,2.51,1.49,0.0,0.0,0.0,32.4,0.0,-0.2,1.3,0.0,-169.70000000000002,0.0,0.0,169.8,0.0,21.4,29.1,29.1,29.8,300.0,300.0,31.5,35.800000000000004,29.0,28.200000000000003,30.1,4.96,1.99,4.96,0.16,0.0,0.0,1027.0,8228.0,0.0,0.0,0.0,0.0,0.0,1.0,0.0,0.0,0.0,0.0,0.0,1.4,0.0,0.2,0.0,0.0001,16.0,25903.0
2026-07-30T19:02:02.060Z,291.543,291.558,0.0,7.4,0.0,0.0,0.0,0.0,0.0,0.0,0.0,0.0,1.0,0.0,0.0,0.0,9.0,4.0,0.0,0.0,0.0,0.0,0.0,0.0,0.0,0.0,6.0,12.0,1.0,12.18,5.01,2.51,1.49,0.0,0.0,0.0,32.2,0.0,0.3,0.7000000000000001,-0.6000000000000001,-169.70000000000002,0.0,0.0,169.8,0.0,21.4,29.1,29.1,29.8,300.0,300.0,31.5,35.800000000000004,29.0,28.200000000000003,30.1,4.95,1.99,4.96,0.16,0.0,0.0,1027.0,8228.0,0.0,0.0,0.0,0.0,0.0,1.0,0.0,0.0,0.0,0.0,0.0,0.3,0.0,0.6000000000000001,0.0,0.0001,16.0,25903.0
2026-07-30T19:02:02.072Z,291.555,291.57,0.0,7.4,0.0,0.0,0.0,0.0,0.0,0.0,0.0,0.0,1.0,0.0,0.0,0.0,9.0,4.0,0.0,0.0,0.0,0.0,0.0,0.0,0.0,0.0,1.0,12.0,1.0,12.18,5.01,2.51,1.49,0.0,0.0,0.0,31.9,0.0,-0.2,-0.4,1.7000000000000002,-169.70000000000002,0.0,0.0,169.8,0.0,21.4,29.1,29.1,29.8,300.0,300.0,31.5,35.800000000000004,29.0,28.200000000000003,30.1,4.96,1.99,4.97,0.16,0.0,0.0,1027.0,8228.0,0.0,0.0,0.0,0.0,0.0,1.0,0.0,0.0,0.0,0.0,0.0,0.7000000000000001,0.0,-1.6,0.0,0.0001,16.0,25903.0
2026-07-30T19:02:02.084Z,291.567,291.582,0.0,7.4,0.0,0.0,0.0,0.0,0.0,0.0,0.0,0.0,1.0,0.0,0.0,0.0,9.0,4.0,0.0,0.0,0.0,0.0,0.0,0.0,0.0,0.0,2.0,12.0,1.0,12.18,5.01,2.51,1.49,0.0,0.0,0.0,31.6,0.0,-0.2,0.6000000000000001,0.0,-169.70000000000002,0.0,0.0,169.70000000000002,0.0,21.4,29.1,29.1,29.8,300.0,300.0,31.5,35.800000000000004,29.0,28.200000000000003,30.1,4.96,1.99,4.96,0.16,0.0,0.0,1027.0,8228.0,0.0,0.0,0.0,0.0,0.0,1.0,0.0,0.0,0.0,0.0,0.0,0.7000000000000001,0.0,0.1,0.0,0.0,16.0,25903.0
2026-07-30T19:02:02.096Z,291.579,291.594,0.0,7.4,0.0,0.0,0.0,0.0,0.0,0.0,0.0,0.0,1.0,0.0,0.0,0.0,9.0,4.0,0.0,0.0,0.0,0.0,0.0,0.0,0.0,0.0,3.0,12.0,1.0,12.18,5.01,2.51,1.49,0.0,0.0,0.0,31.4,0.0,0.3,0.6000000000000001,1.1,-169.70000000000002,0.0,0.0,169.8,0.0,21.4,29.1,29.1,29.8,300.0,300.0,31.5,35.800000000000004,29.0,28.200000000000003,30.1,4.96,1.99,4.97,0.16,0.0,0.0,1027.0,8228.0,0.0,0.0,0.0,0.0,0.0,1.0,0.0,0.0,0.0,0.0,0.0,1.5,0.0,-0.8,0.0,0.0001,16.0,25903.0
2026-07-30T19:02:02.109Z,291.592,291.606,0.0,7.4,0.0,0.0,0.0,0.0,0.0,0.0,0.0,0.0,1.0,0.0,0.0,0.0,9.0,4.0,0.0,0.0,0.0,0.0,0.0,0.0,0.0,0.0,4.0,12.0,1.0,12.18,5.01,2.5,1.5,0.0,0.0,0.0,31.200000000000003,0.0,0.3,0.0,0.3,-169.70000000000002,0.0,0.0,169.8,0.0,21.200000000000003,29.1,29.1,29.8,300.0,300.0,31.6,35.7,29.0,28.200000000000003,30.1,4.95,1.99,4.97,0.16,0.0,0.0,1027.0,8228.0,0.0,0.0,0.0,0.0,0.0,1.0,0.0,0.0,0.0,0.0,0.0,0.2,0.0,-0.3,0.0,0.0001,16.0,25903.0
2026-07-30T19:02:02.121Z,291.604,291.618,0.0,7.4,0.0,0.0,0.0,0.0,0.0,0.0,0.0,0.0,1.0,0.0,0.0,0.0,9.0,4.0,0.0,0.0,0.0,0.0,0.0,0.0,0.0,0.0,5.0,12.0,1.0,12.18,5.01,2.5,1.5,0.0,0.0,0.0,31.0,0.0,-0.3,0.0,-0.1,-169.70000000000002,0.0,0.0,169.70000000000002,0.0,21.200000000000003,29.1,29.1,29.8,300.0,300.0,31.6,35.7,29.0,28.200000000000003,30.1,4.96,1.99,4.96,0.16,0.0,0.0,1027.0,8228.0,0.0,0.0,0.0,0.0,0.0,1.0,0.0,0.0,0.0,0.0,0.0,-0.2,0.0,0.1,0.0,0.0,16.0,25903.0
2026-07-30T19:02:02.132Z,291.615,291.63,0.0,7.4,0.0,0.0,0.0,0.0,0.0,0.0,0.0,0.0,1.0,0.0,0.0,0.0,9.0,4.0,0.0,0.0,0.0,0.0,0.0,0.0,0.0,0.0,6.0,12.0,1.0,12.18,5.01,2.5,1.5,0.0,0.0,0.0,30.700000000000003,0.0,0.2,-0.6000000000000001,0.9,-169.70000000000002,0.0,0.0,169.8,0.0,21.200000000000003,29.1,29.1,29.8,300.0,300.0,31.6,35.7,29.0,28.200000000000003,30.1,4.95,1.99,4.97,0.16,0.0,0.0,1027.0,8228.0,0.0,0.0,0.0,0.0,0.0,1.0,0.0,0.0,0.0,0.0,0.0,0.0,0.0,-0.9,0.0,0.0002,16.0,25903.0
2026-07-30T19:02:02.144Z,291.627,291.642,0.0,7.4,0.0,0.0,0.0,0.0,0.0,0.0,0.0,0.0,1.0,0.0,0.0,0.0,9.0,4.0,0.0,0.0,0.0,0.0,0.0,0.0,0.0,0.0,1.0,12.0,1.0,12.18,5.01,2.5,1.5,0.0,0.0,0.0,30.5,0.0,-0.8,0.0,-1.3,-169.70000000000002,0.0,0.0,169.8,0.0,21.200000000000003,29.1,29.1,29.8,300.0,300.0,31.6,35.7,29.0,28.200000000000003,30.1,4.95,1.99,4.96,0.16,0.0,0.0,1027.0,8228.0,0.0,0.0,0.0,0.0,0.0,1.0,0.0,0.0,0.0,0.0,0.0,0.9,0.0,-0.2,0.0,0.0,16.0,25903.0
2026-07-30T19:02:02.156Z,291.639,291.654,0.0,7.4,0.0,0.0,0.0,0.0,0.0,0.0,0.0,0.0,1.0,0.0,0.0,0.0,9.0,4.0,0.0,0.0,0.0,0.0,0.0,0.0,0.0,0.0,2.0,12.0,1.0,12.18,5.01,2.5,1.5,0.0,0.1,0.0,30.3,0.0,0.8,1.1,-0.7000000000000001,-169.70000000000002,0.0,0.0,169.70000000000002,0.0,21.200000000000003,29.1,29.1,29.8,300.0,300.0,31.6,35.7,29.0,28.200000000000003,30.1,4.96,2.0,4.96,0.16,0.0,0.0,1027.0,8228.0,0.0,0.0,0.0,0.0,0.0,1.0,0.0,0.0,0.0,0.0,0.0,-1.6,0.0,1.0,0.0,0.0,16.0,25903.0
2026-07-30T19:02:02.168Z,291.651,291.666,0.0,7.4,0.0,0.0,0.0,0.0,0.0,0.0,0.0,0.0,1.0,0.0,0.0,0.0,9.0,4.0,0.0,0.0,0.0,0.0,0.0,0.0,0.0,0.0,3.0,12.0,1.0,12.18,5.01,2.5,1.5,0.0,0.0,0.0,30.0,0.0,0.8,1.1,1.5,-169.70000000000002,0.0,0.0,169.70000000000002,0.0,21.200000000000003,29.1,29.1,29.8,300.0,300.0,31.6,35.7,29.0,28.200000000000003,30.1,4.96,2.0,4.96,0.16,0.0,0.0,1027.0,8228.0,0.0,0.0,0.0,0.0,0.0,1.0,0.0,0.0,0.0,0.0,0.0,-0.6000000000000001,0.0,0.7000000000000001,0.0,0.0002,16.0,25903.0
2026-07-30T19:02:02.180Z,291.663,291.678,0.0,7.4,0.0,0.0,0.0,0.0,0.0,0.0,0.0,0.0,1.0,0.0,0.0,0.0,9.0,4.0,0.0,0.0,0.0,0.0,0.0,0.0,0.0,0.0,4.0,12.0,1.0,12.18,5.01,2.5,1.5,0.0,0.0,0.0,29.700000000000003,0.0,-0.3,-1.2000000000000002,-0.1,-169.70000000000002,0.0,0.0,169.8,0.0,21.200000000000003,29.1,29.1,29.8,300.0,300.0,31.6,35.7,29.0,28.200000000000003,30.1,4.95,1.99,4.97,0.16,0.0,0.0,1027.0,8228.0,0.0,0.0,0.0,0.0,0.0,1.0,0.0,0.0,0.0,0.0,0.0,-1.5,0.0,0.0,0.0,0.0,16.0,25903.0
2026-07-30T19:02:02.192Z,291.675,291.69,0.0,7.4,0.0,0.0,0.0,0.0,0.0,0.0,0.0,0.0,1.0,0.0,0.0,0.0,9.0,4.0,0.0,0.0,0.0,0.0,0.0,0.0,0.0,0.0,5.0,12.0,1.0,12.18,5.01,2.5,1.5,0.0,0.0,0.0,29.5,0.0,-1.4,0.0,0.3,-169.70000000000002,0.0,0.0,169.70000000000002,0.0,21.200000000000003,29.1,29.1,29.8,300.0,300.0,31.6,35.7,29.0,28.200000000000003,30.1,4.95,1.99,4.97,0.16,0.0,0.0,1027.0,8228.0,0.0,0.0,0.0,0.0,0.0,1.0,0.0,0.0,0.0,0.0,0.0,0.2,0.0,-0.3,0.0,0.0001,16.0,25903.0
2026-07-30T19:02:02.204Z,291.687,291.702,0.0,7.4,0.0,0.0,0.0,0.0,0.0,0.0,0.0,0.0,1.0,0.0,0.0,0.0,9.0,4.0,0.0,0.0,0.0,0.0,0.0,0.0,0.0,0.0,6.0,12.0,1.0,12.18,5.01,2.5,1.5,0.0,0.0,0.0,29.3,0.0,0.2,1.1,0.9,-169.70000000000002,0.0,0.0,169.8,0.0,21.200000000000003,29.1,29.1,29.8,300.0,300.0,31.6,35.7,29.0,28.200000000000003,30.1,4.96,1.99,4.97,0.16,0.0,0.0,1027.0,8228.0,0.0,0.0,0.0,0.0,0.0,1.0,0.0,0.0,0.0,0.0,0.0,2.0,0.0,-0.6000000000000001,0.0,0.0,16.0,25903.0
2026-07-30T19:02:02.216Z,291.699,291.714,0.0,7.4,0.0,0.0,0.0,0.0,0.0,0.0,0.0,0.0,1.0,0.0,0.0,0.0,9.0,4.0,0.0,0.0,0.0,0.0,0.0,0.0,0.0,0.0,1.0,12.0,1.0,12.15,5.01,2.5,1.49,0.0,0.0,0.0,29.1,0.0,-0.8,0.0,-0.7000000000000001,-169.70000000000002,0.0,0.0,169.60000000000002,0.0,21.4,29.1,29.1,29.8,300.0,300.0,31.5,35.6,29.0,28.200000000000003,30.1,4.96,1.99,4.96,0.16,0.0,0.0,1027.0,8228.0,0.0,0.0,0.0,0.0,0.0,1.0,0.0,0.0,0.0,0.0,0.0,-0.5,0.0,0.6000000000000001,0.0,0.0001,16.0,25903.0
2026-07-30T19:02:02.228Z,291.711,291.726,0.0,7.4,0.0,0.0,0.0,0.0,0.0,0.0,0.0,0.0,1.0,0.0,0.0,0.0,9.0,4.0,0.0,0.0,0.0,0.0,0.0,0.0,0.0,0.0,2.0,12.0,1.0,12.15,5.01,2.5,1.49,0.0,0.0,0.0,28.8,0.0,-0.3,0.0,0.4,-169.70000000000002,0.0,0.0,169.8,0.0,21.4,29.1,29.1,29.8,300.0,300.0,31.5,35.6,29.0,28.200000000000003,30.1,4.96,1.99,4.97,0.16,0.0,0.0,1027.0,8228.0,0.0,0.0,0.0,0.0,0.0,1.0,0.0,0.0,0.0,0.0,0.0,0.3,0.0,-0.3,0.0,0.0002,16.0,25903.0
2026-07-30T19:02:02.240Z,291.723,291.738,0.0,7.4,0.0,0.0,0.0,0.0,0.0,0.0,0.0,0.0,1.0,0.0,0.0,0.0,9.0,4.0,0.0,0.0,0.0,0.0,0.0,0.0,0.0,0.0,3.0,12.0,1.0,12.15,5.01,2.5,1.49,0.0,0.0,0.0,28.6,0.0,-0.9,1.1,-0.7000000000000001,-169.70000000000002,0.0,0.0,169.70000000000002,0.0,21.4,29.1,29.1,29.8,300.0,300.0,31.5,35.6,29.0,28.200000000000003,30.1,4.96,2.0,4.96,0.16,0.0,0.0,1027.0,8228.0,0.0,0.0,0.0,0.0,0.0,1.0,0.0,0.0,0.0,0.0,0.0,0.7000000000000001,0.0,0.8,0.0,0.0001,16.0,25903.0
2026-07-30T19:02:02.252Z,291.735,291.75,0.0,7.4,0.0,0.0,0.0,0.0,0.0,0.0,0.0,0.0,1.0,0.0,0.0,0.0,9.0,4.0,0.0,0.0,0.0,0.0,0.0,0.0,0.0,0.0,3.0,12.0,1.0,12.15,5.01,2.5,1.49,0.0,0.0,0.0,28.3,0.0,0.2,1.1,-0.1,-169.70000000000002,0.0,0.0,169.8,0.0,21.4,29.1,29.1,29.8,300.0,300.0,31.5,35.6,29.0,28.200000000000003,30.1,4.96,1.99,4.96,0.16,0.0,0.0,1027.0,8228.0,0.0,0.0,0.0,0.0,0.0,1.0,0.0,0.0,0.0,0.0,0.0,1.2000000000000002,0.0,0.3,0.0,0.0001,16.0,25903.0
2026-07-30T19:02:02.264Z,291.747,291.762,0.0,7.4,0.0,0.0,0.0,0.0,0.0,0.0,0.0,0.0,1.0,0.0,0.0,0.0,9.0,4.0,0.0,0.0,0.0,0.0,0.0,0.0,0.0,0.0,5.0,12.0,1.0,12.15,5.01,2.5,1.49,0.0,0.0,0.0,28.1,0.0,-0.8,0.6000000000000001,-0.1,-169.70000000000002,0.0,0.0,169.8,0.0,21.4,29.1,29.1,29.8,300.0,300.0,31.5,35.6,29.0,28.200000000000003,30.1,4.95,1.99,4.97,0.16,0.0,0.0,1027.0,8228.0,0.0,0.0,0.0,0.0,0.0,1.0,0.0,0.0,0.0,0.0,0.0,0.6000000000000001,0.0,0.2,0.0,0.0001,16.0,25903.0
2026-07-30T19:02:02.277Z,291.76,291.774,0.0,7.4,0.0,0.0,0.0,0.0,0.0,0.0,0.0,0.0,1.0,0.0,0.0,0.0,9.0,4.0,0.0,0.0,0.0,0.0,0.0,0.0,0.0,0.0,5.0,12.0,1.0,12.15,5.01,2.5,1.49,0.0,0.0,0.0,27.8,0.0,-0.3,-1.1,-0.7000000000000001,-169.70000000000002,0.0,0.0,169.70000000000002,0.0,21.4,29.1,29.1,29.8,300.0,300.0,31.5,35.6,29.0,28.200000000000003,30.1,4.95,1.99,4.96,0.16,0.0,0.0,1027.0,8228.0,0.0,0.0,0.0,0.0,0.0,1.0,0.0,0.0,0.0,0.0,0.0,-1.8,0.0,0.4,0.0,0.0,16.0,25903.0
2026-07-30T19:02:02.288Z,291.771,291.786,0.0,7.4,0.0,0.0,0.0,0.0,0.0,0.0,0.0,0.0,1.0,0.0,0.0,0.0,9.0,4.0,0.0,0.0,0.0,0.0,0.0,0.0,0.0,0.0,6.0,12.0,1.0,12.15,5.01,2.5,1.49,0.0,0.0,0.0,27.700000000000003,0.0,0.8,-0.5,-0.1,-169.70000000000002,0.0,0.0,169.70000000000002,0.0,21.4,29.1,29.1,29.8,300.0,300.0,31.5,35.6,29.0,28.200000000000003,30.1,4.95,1.99,4.96,0.16,0.0,0.0,1027.0,8228.0,0.0,0.0,0.0,0.0,0.0,1.0,0.0,0.0,0.0,0.0,0.0,-0.8,0.0,0.0,0.0,0.0001,16.0,25903.0
2026-07-30T19:02:02.301Z,291.784,291.798,0.0,7.4,0.0,0.0,0.0,0.0,0.0,0.0,0.0,0.0,1.0,0.0,0.0,0.0,9.0,4.0,0.0,0.0,0.0,0.0,0.0,0.0,0.0,0.0,1.0,12.0,1.0,12.15,5.01,2.5,1.49,0.0,0.0,0.0,27.5,0.0,-0.3,0.0,-0.1,-169.70000000000002,0.0,0.0,169.8,0.0,21.4,29.1,29.1,29.8,300.0,300.0,31.5,35.6,29.0,28.200000000000003,30.1,4.96,1.99,4.96,0.16,0.0,0.0,1027.0,8228.0,0.0,0.0,0.0,0.0,0.0,1.0,0.0,0.0,0.0,0.0,0.0,-0.1,0.0,0.1,0.0,0.0,16.0,25903.0
2026-07-30T19:02:02.313Z,291.796,291.81,0.0,7.4,0.0,0.0,0.0,0.0,0.0,0.0,0.0,0.0,1.0,0.0,0.0,0.0,9.0,4.0,0.0,0.0,0.0,0.0,0.0,0.0,0.0,0.0,2.0,12.0,1.0,12.17,5.0200000000000005,2.51,1.49,0.0,0.1,0.0,27.3,0.0,0.2,0.0,-0.1,-169.70000000000002,0.0,0.0,169.8,0.0,21.3,29.1,29.1,29.8,300.0,300.0,31.5,35.6,29.0,28.200000000000003,30.1,4.96,1.99,4.97,0.16,0.0,0.0,1027.0,8228.0,0.0,0.0,0.0,0.0,0.0,1.0,0.0,0.0,0.0,0.0,0.0,-0.1,0.0,0.1,0.0,0.0001,16.0,25903.0
2026-07-30T19:02:02.324Z,291.807,291.822,0.0,7.4,0.0,0.0,0.0,0.0,0.0,0.0,0.0,0.0,1.0,0.0,0.0,0.0,9.0,4.0,0.0,0.0,0.0,0.0,0.0,0.0,0.0,0.0,3.0,12.0,1.0,12.17,5.0200000000000005,2.51,1.49,0.0,0.0,0.0,27.1,0.0,0.2,-0.6000000000000001,2.1,-169.70000000000002,0.0,0.0,169.8,0.0,21.3,29.1,29.1,29.8,300.0,300.0,31.5,35.6,29.0,28.200000000000003,30.1,4.96,1.99,4.96,0.16,0.0,0.0,1027.0,8228.0,0.0,0.0,0.0,0.0,0.0,1.0,0.0,0.0,0.0,0.0,0.0,0.9,0.0,-2.0,0.0,0.0001,16.0,25903.0
2026-07-30T19:02:02.336Z,291.819,291.834,0.0,7.4,0.0,0.0,0.0,0.0,0.0,0.0,0.0,0.0,1.0,0.0,0.0,0.0,9.0,4.0,0.0,0.0,0.0,0.0,0.0,0.0,0.0,0.0,4.0,12.0,1.0,12.17,5.0200000000000005,2.51,1.49,0.0,0.0,0.0,26.8,0.0,0.2,-0.5,-0.7000000000000001,-169.70000000000002,0.0,0.0,169.70000000000002,0.0,21.3,29.1,29.1,29.8,300.0,300.0,31.5,35.6,29.0,28.200000000000003,30.1,4.96,1.99,4.97,0.16,0.0,0.0,1027.0,8228.0,0.0,0.0,0.0,0.0,0.0,1.0,0.0,0.0,0.0,0.0,0.0,-1.2000000000000002,0.0,0.5,0.0,0.0,16.0,25903.0
2026-07-30T19:02:02.348Z,291.831,291.846,0.0,7.4,0.0,0.0,0.0,0.0,0.0,0.0,0.0,0.0,1.0,0.0,0.0,0.0,9.0,4.0,0.0,0.0,0.0,0.0,0.0,0.0,0.0,0.0,5.0,12.0,1.0,12.17,5.0200000000000005,2.51,1.49,0.0,0.0,0.0,26.6,0.0,-0.3,-0.5,-1.3,-169.70000000000002,0.0,0.0,169.70000000000002,0.0,21.3,29.1,29.1,29.8,300.0,300.0,31.5,35.6,29.0,28.200000000000003,30.1,4.95,1.99,4.97,0.16,0.0,0.0,1027.0,8228.0,0.0,0.0,0.0,0.0,0.0,1.0,0.0,0.0,0.0,0.0,0.0,-1.6,0.0,1.0,0.0,0.0001,16.0,25903.0
2026-07-30T19:02:02.360Z,291.843,291.858,0.0,7.4,0.0,0.0,0.0,0.0,0.0,0.0,0.0,0.0,1.0,0.0,0.0,0.0,9.0,4.0,0.0,0.0,0.0,0.0,0.0,0.0,0.0,0.0,6.0,12.0,1.0,12.17,5.0200000000000005,2.51,1.49,0.0,0.0,0.0,26.6,0.0,0.2,0.6000000000000001,1.0,-169.70000000000002,0.0,0.0,169.70000000000002,0.0,21.3,29.1,29.1,29.8,300.0,300.0,31.5,35.6,29.0,28.200000000000003,30.1,4.96,1.99,4.96,0.16,0.0,0.0,1027.0,8228.0,0.0,0.0,0.0,0.0,0.0,1.0,0.0,0.0,0.0,0.0,0.0,1.5,0.0,-0.8,0.0,0.0001,16.0,25903.0
2026-07-30T19:02:02.372Z,291.855,291.87,0.0,7.4,0.0,0.0,0.0,0.0,0.0,0.0,0.0,0.0,1.0,0.0,0.0,0.0,9.0,4.0,0.0,0.0,0.0,0.0,0.0,0.0,0.0,0.0,2.0,12.0,1.0,12.17,5.0200000000000005,2.51,1.49,0.0,0.0,0.0,28.6,0.0,0.2,-0.5,0.0,-169.70000000000002,0.0,0.0,169.8,0.0,21.3,29.1,29.1,29.8,300.0,300.0,31.5,35.6,29.0,28.200000000000003,30.1,4.95,1.99,4.97,0.16,0.0,0.0,1027.0,8228.0,0.0,0.0,0.0,0.0,0.0,1.0,0.0,0.0,0.0,0.0,0.0,-0.6000000000000001,0.0,0.0,0.0,0.0,16.0,25903.0
2026-07-30T19:02:02.384Z,291.867,291.882,0.0,7.4,0.0,0.0,0.0,0.0,0.0,0.0,0.0,0.0,1.0,0.0,0.0,0.0,9.0,4.0,0.0,0.0,0.0,0.0,0.0,0.0,0.0,0.0,3.0,12.0,1.0,12.17,5.0200000000000005,2.51,1.49,0.0,0.0,0.0,32.5,0.0,0.8,0.6000000000000001,1.6,-169.70000000000002,0.0,0.0,169.8,0.0,21.3,29.1,29.1,29.8,300.0,300.0,31.5,35.6,29.0,28.200000000000003,30.1,4.95,1.99,4.97,0.16,0.0,0.0,1027.0,8228.0,0.0,0.0,0.0,0.0,0.0,1.0,0.0,0.0,0.0,0.0,0.0,1.9,0.0,-1.3,0.0,0.0001,16.0,25903.0
2026-07-30T19:02:02.397Z,291.88,291.894,0.0,7.4,0.0,0.0,0.0,0.0,0.0,0.0,0.0,0.0,1.0,0.0,0.0,0.0,9.0,4.0,0.0,0.0,0.0,0.0,0.0,0.0,0.0,0.0,4.0,12.0,1.0,12.17,5.0200000000000005,2.51,1.49,0.0,0.0,0.0,36.4,0.0,0.2,0.0,-0.7000000000000001,-169.70000000000002,0.0,0.0,169.8,0.0,21.3,29.1,29.1,29.8,300.0,300.0,31.5,35.6,29.0,28.200000000000003,30.1,4.95,1.99,4.97,0.16,0.0,0.0,1027.0,8228.0,0.0,0.0,0.0,0.0,0.0,1.0,0.0,0.0,0.0,0.0,0.0,-0.4,0.0,0.6000000000000001,0.0,0.0001,16.0,25903.0
2026-07-30T19:02:02.408Z,291.891,291.906,0.0,7.4,0.0,0.0,0.0,0.0,0.0,0.0,0.0,0.0,1.0,0.0,0.0,0.0,9.0,4.0,0.0,0.0,0.0,0.0,0.0,0.0,0.0,0.0,5.0,12.0,1.0,12.17,5.0200000000000005,2.51,1.49,0.0,0.0,0.0,40.1,0.0,0.2,0.0,-0.1,-169.70000000000002,0.0,0.0,169.8,0.0,21.3,29.1,29.1,29.8,300.0,300.0,31.5,35.6,29.0,28.200000000000003,30.1,4.96,1.99,4.96,0.16,0.0,0.0,1027.0,8228.0,0.0,0.0,0.0,0.0,0.0,1.0,0.0,0.0,0.0,0.0,0.0,0.0,0.0,0.1,0.0,0.0001,16.0,25903.0
2026-07-30T19:02:02.420Z,291.903,291.918,0.0,7.4,0.0,0.0,0.0,0.0,0.0,0.0,0.0,0.0,1.0,0.0,0.0,0.0,9.0,4.0,0.0,0.0,0.0,0.0,0.0,0.0,0.0,0.0,1.0,12.0,1.0,12.17,5.01,2.51,1.49,0.0,0.0,0.0,44.0,0.0,0.8,-0.5,0.4,-169.70000000000002,0.0,0.0,169.8,0.0,21.700000000000003,29.1,29.1,29.8,300.0,300.0,31.6,35.7,29.0,28.200000000000003,30.1,4.95,1.99,4.97,0.16,0.0,0.0,1027.0,8228.0,0.0,0.0,0.0,0.0,0.0,1.0,0.0,0.0,0.0,0.0,0.0,-0.2,0.0,-0.5,0.0,0.0001,16.0,25903.0
2026-07-30T19:02:02.432Z,291.915,291.93,0.0,7.4,0.0,0.0,0.0,0.0,0.0,0.0,0.0,0.0,1.0,0.0,0.0,0.0,9.0,4.0,0.0,0.0,0.0,0.0,0.0,0.0,0.0,0.0,2.0,12.0,1.0,12.17,5.01,2.51,1.49,0.0,0.0,0.0,47.7,0.0,-0.2,0.6000000000000001,-0.1,-169.70000000000002,0.0,0.0,169.8,0.0,21.700000000000003,29.1,29.1,29.8,300.0,300.0,31.6,35.7,29.0,28.200000000000003,30.1,4.95,1.99,4.96,0.16,0.0,0.0,1027.0,8228.0,0.0,0.0,0.0,0.0,0.0,1.0,0.0,0.0,0.0,0.0,0.0,0.6000000000000001,0.0,0.2,0.0,0.0001,16.0,25903.0
2026-07-30T19:02:02.444Z,291.927,291.942,0.0,7.4,0.0,0.0,0.0,0.0,0.0,0.0,0.0,0.0,1.0,0.0,0.0,0.0,9.0,4.0,0.0,0.0,0.0,0.0,0.0,0.0,0.0,0.0,3.0,12.0,1.0,12.17,5.01,2.51,1.49,0.0,0.0,0.0,51.3,0.0,-0.2,0.6000000000000001,0.4,-169.70000000000002,0.0,0.0,169.70000000000002,0.0,21.700000000000003,29.1,29.1,29.8,300.0,300.0,31.6,35.7,29.0,28.200000000000003,30.1,4.95,1.99,4.96,0.16,0.0,0.0,1027.0,8228.0,0.0,0.0,0.0,0.0,0.0,1.0,0.0,0.0,0.0,0.0,0.0,1.1,0.0,-0.3,0.0,0.0001,16.0,25903.0
2026-07-30T19:02:02.456Z,291.939,291.954,0.0,7.4,0.0,0.0,0.0,0.0,0.0,0.0,0.0,0.0,1.0,0.0,0.0,0.0,9.0,4.0,0.0,0.0,0.0,0.0,0.0,0.0,0.0,0.0,5.0,12.0,1.0,12.17,5.01,2.51,1.49,0.0,0.0,0.0,54.900000000000006,0.0,-0.2,0.0,-0.6000000000000001,-169.70000000000002,0.0,0.0,169.70000000000002,0.0,21.700000000000003,29.1,29.1,29.8,300.0,300.0,31.6,35.7,29.0,28.200000000000003,30.1,4.95,1.99,4.96,0.16,0.0,0.0,1027.0,8228.0,0.0,0.0,0.0,0.0,0.0,1.0,0.0,0.0,0.0,0.0,0.0,-0.4,0.0,0.6000000000000001,0.0,0.0002,16.0,25903.0
2026-07-30T19:02:02.468Z,291.951,291.966,0.0,7.4,0.0,0.0,0.0,0.0,0.0,0.0,0.0,0.0,1.0,0.0,0.0,0.0,9.0,4.0,0.0,0.0,0.0,0.0,0.0,0.0,0.0,0.0,5.0,12.0,1.0,12.17,5.01,2.51,1.49,0.0,0.0,0.0,58.5,0.0,-0.2,-1.6,-0.1,-169.70000000000002,0.0,0.0,169.8,0.0,21.700000000000003,29.1,29.1,29.8,300.0,300.0,31.6,35.7,29.0,28.200000000000003,30.1,4.95,1.99,4.97,0.16,0.0,0.0,1027.0,8228.0,0.0,0.0,0.0,0.0,0.0,1.0,0.0,0.0,0.0,0.0,0.0,-1.9,0.0,-0.2,0.0,0.0001,16.0,25903.0
2026-07-30T19:02:02.480Z,291.963,291.978,0.0,7.4,0.0,0.0,0.0,0.0,0.0,0.0,0.0,0.0,1.0,0.0,0.0,0.0,9.0,4.0,0.0,0.0,0.0,0.0,0.0,0.0,0.0,0.0,6.0,12.0,1.0,12.17,5.01,2.51,1.49,0.0,0.0,0.0,62.0,0.0,0.3,1.2000000000000002,-0.1,-169.70000000000002,0.0,0.0,169.70000000000002,0.0,21.700000000000003,29.1,29.1,29.8,300.0,300.0,31.6,35.7,29.0,28.200000000000003,30.1,4.95,2.0,4.96,0.16,0.0,0.0,1027.0,8228.0,0.0,0.0,0.0,0.0,0.0,1.0,0.0,0.0,0.0,0.0,0.0,1.3,0.0,0.3,0.0,0.0002,16.0,25903.0
2026-07-30T19:02:02.492Z,291.975,291.99,0.0,7.4,0.0,0.0,0.0,0.0,0.0,0.0,0.0,0.0,1.0,0.0,0.0,0.0,9.0,4.0,0.0,0.0,0.0,0.0,0.0,0.0,0.0,0.0,1.0,12.0,1.0,12.17,5.01,2.51,1.49,0.0,0.0,0.0,65.5,0.0,0.3,0.7000000000000001,0.4,-169.70000000000002,0.0,0.0,169.8,0.0,21.700000000000003,29.1,29.1,29.8,300.0,300.0,31.6,35.7,29.0,28.200000000000003,30.1,4.96,1.99,4.96,0.16,0.0,0.0,1027.0,8228.0,0.0,0.0,0.0,0.0,0.0,1.0,0.0,0.0,0.0,0.0,0.0,1.2000000000000002,0.0,-0.2,0.0,0.0001,16.0,25903.0
2026-07-30T19:02:02.504Z,291.987,292.002,0.0,7.4,0.0,0.0,0.0,0.0,0.0,0.0,0.0,0.0,1.0,0.0,0.0,0.0,9.0,4.0,0.0,0.0,0.0,0.0,0.0,0.0,0.0,0.0,2.0,12.0,1.0,12.17,5.01,2.51,1.49,0.0,0.0,0.0,69.0,0.0,0.3,0.1,1.0,-169.70000000000002,0.0,0.0,169.8,0.0,21.700000000000003,29.1,29.1,29.8,300.0,300.0,31.6,35.7,29.0,28.200000000000003,30.1,4.96,1.99,4.96,0.16,0.0,0.0,1027.0,8228.0,0.0,0.0,0.0,0.0,0.0,1.0,0.0,0.0,0.0,0.0,0.0,0.9,0.0,-0.9,0.0,0.0001,16.0,25903.0
2026-07-30T19:02:02.517Z,292.0,292.014,0.0,7.4,0.0,0.0,0.0,0.0,0.0,0.0,0.0,0.0,1.0,0.0,0.0,0.0,9.0,4.0,0.0,0.0,0.0,0.0,0.0,0.0,0.0,0.0,3.0,12.0,1.0,12.17,5.01,2.5,1.49,0.0,0.0,0.0,72.4,0.0,-0.2,-1.0,-1.3,-169.70000000000002,0.0,0.0,169.8,0.0,21.4,29.1,29.1,29.8,300.0,300.0,31.6,35.6,29.0,28.200000000000003,30.1,4.95,1.99,4.96,0.16,0.0,0.0,1027.0,8228.0,0.0,0.0,0.0,0.0,0.0,1.0,0.0,0.0,0.0,0.0,0.0,-2.1,0.0,0.9,0.0,0.0,16.0,25903.0
2026-07-30T19:02:02.528Z,292.011,292.026,0.0,7.4,0.0,0.0,0.0,0.0,0.0,0.0,0.0,0.0,1.0,0.0,0.0,0.0,9.0,4.0,0.0,0.0,0.0,0.0,0.0,0.0,0.0,0.0,4.0,12.0,1.0,12.17,5.01,2.5,1.49,0.0,0.0,0.0,75.7,0.0,0.3,1.3,0.4,-169.70000000000002,0.0,0.0,169.8,0.0,21.4,29.1,29.1,29.8,300.0,300.0,31.6,35.6,29.0,28.200000000000003,30.1,4.95,1.99,4.96,0.16,0.0,0.0,1027.0,8228.0,0.0,0.0,0.0,0.0,0.0,1.0,0.0,0.0,0.0,0.0,0.0,1.8,0.0,-0.1,0.0,0.0001,16.0,25903.0
2026-07-30T19:02:02.540Z,292.023,292.038,0.0,7.4,0.0,0.0,0.0,0.0,0.0,0.0,0.0,0.0,1.0,0.0,0.0,0.0,9.0,4.0,0.0,0.0,0.0,0.0,0.0,0.0,0.0,0.0,5.0,12.0,1.0,12.17,5.01,2.5,1.49,0.0,0.0,0.0,79.10000000000001,0.0,-0.2,0.7000000000000001,-0.1,-169.70000000000002,0.0,0.0,169.8,0.0,21.4,29.1,29.1,29.8,300.0,300.0,31.6,35.6,29.0,28.200000000000003,30.1,4.95,1.99,4.96,0.16,0.0,0.0,1027.0,8228.0,0.0,0.0,0.0,0.0,0.0,1.0,0.0,0.0,0.0,0.0,0.0,0.7000000000000001,0.0,0.2,0.0,0.0001,16.0,25903.0
2026-07-30T19:02:02.553Z,292.036,292.05,0.0,7.4,0.0,0.0,0.0,0.0,0.0,0.0,0.0,0.0,1.0,0.0,0.0,0.0,9.0,4.0,0.0,0.0,0.0,0.0,0.0,0.0,0.0,0.0,6.0,12.0,1.0,12.17,5.01,2.5,1.49,0.0,0.0,0.0,82.4,0.0,-0.7000000000000001,-0.4,-0.6000000000000001,-169.70000000000002,0.0,0.0,169.70000000000002,0.0,21.4,29.1,29.1,29.8,300.0,300.0,31.6,35.6,29.0,28.200000000000003,30.1,4.95,1.99,4.97,0.16,0.0,0.0,1027.0,8228.0,0.0,0.0,0.0,0.0,0.0,1.0,0.0,0.0,0.0,0.0,0.0,-0.9,0.0,0.4,0.0,0.0,16.0,25903.0
2026-07-30T19:02:02.564Z,292.047,292.062,0.0,7.4,0.0,0.0,0.0,0.0,0.0,0.0,0.0,0.0,1.0,0.0,0.0,0.0,9.0,4.0,0.0,0.0,0.0,0.0,0.0,0.0,0.0,0.0,2.0,12.0,1.0,12.17,5.01,2.5,1.49,0.0,0.0,0.0,85.60000000000001,0.0,-0.1,0.1,1.1,-169.70000000000002,0.0,0.0,169.8,0.0,21.4,29.1,29.1,29.8,300.0,300.0,31.6,35.6,29.0,28.200000000000003,30.1,4.96,1.99,4.96,0.16,0.0,0.0,1027.0,8228.0,0.0,0.0,0.0,0.0,0.0,1.0,0.0,0.0,0.0,0.0,0.0,1.0,0.0,-0.9,0.0,0.0002,16.0,25903.0
2026-07-30T19:02:02.576Z,292.059,292.074,0.0,7.4,0.0,0.0,0.0,0.0,0.0,0.0,0.0,0.0,1.0,0.0,0.0,0.0,9.0,4.0,0.0,0.0,0.0,0.0,0.0,0.0,0.0,0.0,3.0,12.0,1.0,12.17,5.01,2.5,1.49,0.0,0.0,0.0,88.80000000000001,0.0,-0.1,1.3,-1.3,-169.70000000000002,0.0,0.0,169.8,0.0,21.4,29.1,29.1,29.8,300.0,300.0,31.6,35.6,29.0,28.200000000000003,30.1,4.96,1.99,4.97,0.16,0.0,0.0,1027.0,8228.0,0.0,0.0,0.0,0.0,0.0,1.0,0.0,0.0,0.0,0.0,0.0,0.5,0.0,1.4,0.0,0.0001,16.0,25903.0
2026-07-30T19:02:02.589Z,292.072,292.086,0.0,7.4,0.0,0.0,0.0,0.0,0.0,0.0,0.0,0.0,1.0,0.0,0.0,0.0,9.0,4.0,0.0,0.0,0.0,0.0,0.0,0.0,0.0,0.0,4.0,12.0,1.0,12.17,5.01,2.5,1.49,0.0,0.0,0.0,92.0,0.0,-0.8,-0.4,-1.3,-169.70000000000002,0.0,0.0,169.8,0.0,21.4,29.1,29.1,29.8,300.0,300.0,31.6,35.6,29.0,28.200000000000003,30.1,4.95,1.99,4.97,0.16,0.0,0.0,1027.0,8228.0,0.0,0.0,0.0,0.0,0.0,1.0,0.0,0.0,0.0,0.0,0.0,-1.4,0.0,1.0,0.0,0.0,16.0,25903.0
2026-07-30T19:02:02.600Z,292.083,292.098,0.0,7.4,0.0,0.0,0.0,0.0,0.0,0.0,0.0,0.0,1.0,0.0,0.0,0.0,9.0,4.0,0.0,0.0,0.0,0.0,0.0,0.0,0.0,0.0,5.0,12.0,1.0,12.17,5.01,2.5,1.49,0.0,0.0,0.0,95.1,0.0,-0.2,-0.4,1.0,-169.70000000000002,0.0,0.0,169.8,0.0,21.4,29.1,29.1,29.8,300.0,300.0,31.6,35.6,29.0,28.200000000000003,30.1,4.96,1.99,4.96,0.16,0.0,0.0,1027.0,8228.0,0.0,0.0,0.0,0.0,0.0,1.0,0.0,0.0,0.0,0.0,0.0,0.2,0.0,-1.0,0.0,0.0,16.0,25903.0
2026-07-30T19:02:02.612Z,292.095,292.11,0.0,7.4,0.0,0.0,0.0,0.0,0.0,0.0,0.0,0.0,1.0,0.0,0.0,0.0,9.0,4.0,0.0,0.0,0.0,0.0,0.0,0.0,0.0,0.0,6.0,12.0,1.0,12.17,5.01,2.5,1.49,0.0,0.0,0.0,98.2,0.0,-0.8,-0.9,-0.1,-169.70000000000002,0.0,0.0,169.8,0.0,21.4,29.1,29.1,29.8,300.0,300.0,31.6,35.6,29.0,28.200000000000003,30.1,4.96,2.0,4.96,0.16,0.0,0.0,1027.0,8228.0,0.0,0.0,0.0,0.0,0.0,1.0,0.0,0.0,0.0,0.0,0.0,-1.2000000000000002,0.0,-0.1,0.0,0.0,16.0,25903.0
2026-07-30T19:02:02.624Z,292.107,292.122,0.0,7.4,0.0,0.0,0.0,0.0,0.0,0.0,0.0,0.0,1.0,0.0,0.0,0.0,9.0,4.0,0.0,0.0,0.0,0.0,0.0,0.0,0.0,0.0,1.0,12.0,1.0,12.15,5.01,2.51,1.49,0.0,0.0,0.0,101.2,0.0,-0.8,1.3,-0.1,-169.70000000000002,0.0,0.0,169.8,0.0,21.8,29.1,29.1,29.8,300.0,300.0,31.6,35.7,29.0,28.200000000000003,30.1,4.96,1.99,4.97,0.16,0.0,0.0,1027.0,8228.0,0.0,0.0,0.0,0.0,0.0,1.0,0.0,0.0,0.0,0.0,0.0,1.4,0.0,0.3,0.0,0.0,16.0,25903.0
2026-07-30T19:02:02.636Z,292.119,292.134,0.0,7.4,0.0,0.0,0.0,0.0,0.0,0.0,0.0,0.0,1.0,0.0,0.0,0.0,9.0,4.0,0.0,0.0,0.0,0.0,0.0,0.0,0.0,0.0,2.0,12.0,1.0,12.15,5.01,2.51,1.49,0.0,0.0,0.0,104.3,0.0,0.9,0.1,-0.1,-169.70000000000002,0.0,0.0,169.8,0.0,21.8,29.1,29.1,29.8,300.0,300.0,31.6,35.7,29.0,28.200000000000003,30.1,4.95,1.99,4.97,0.16,0.0,0.0,1027.0,8228.0,0.0,0.0,0.0,0.0,0.0,1.0,0.0,0.0,0.0,0.0,0.0,2.0,0.0,-1.2000000000000002,0.0,0.0,16.0,25903.0
2026-07-30T19:02:02.648Z,292.131,292.146,0.0,7.4,0.0,0.0,0.0,0.0,0.0,0.0,0.0,0.0,1.0,0.0,0.0,0.0,9.0,4.0,0.0,0.0,0.0,0.0,0.0,0.0,0.0,0.0,3.0,12.0,1.0,12.15,5.01,2.51,1.49,0.0,0.0,0.0,107.3,0.0,0.8,-0.4,0.4,-169.70000000000002,0.0,0.0,169.8,0.0,21.8,29.1,29.1,29.8,300.0,300.0,31.6,35.7,29.0,28.200000000000003,30.1,4.96,1.99,4.97,0.16,0.0,0.0,1027.0,8228.0,0.0,0.0,0.0,0.0,0.0,1.0,0.0,0.0,0.0,0.0,0.0,-0.1,0.0,-0.4,0.0,0.0,16.0,25903.0
2026-07-30T19:02:02.660Z,292.143,292.158,0.0,7.4,0.0,0.0,0.0,0.0,0.0,0.0,0.0,0.0,1.0,0.0,0.0,0.0,9.0,4.0,0.0,0.0,0.0,0.0,0.0,0.0,0.0,0.0,4.0,12.0,1.0,12.15,5.01,2.51,1.49,0.0,0.0,0.0,110.2,0.0,0.2,0.7000000000000001,1.0,-169.70000000000002,0.0,0.0,169.70000000000002,0.0,21.8,29.1,29.1,29.8,300.0,300.0,31.6,35.7,29.0,28.200000000000003,30.1,4.95,1.99,4.97,0.16,0.0,0.0,1027.0,8228.0,0.0,0.0,0.0,0.0,0.0,1.0,0.0,0.0,0.0,0.0,0.0,-2.8000000000000003,0.0,0.8,0.0,0.0,16.0,25903.0
2026-07-30T19:02:02.672Z,292.155,292.17,0.0,7.4,0.0,0.0,0.0,0.0,0.0,0.0,0.0,0.0,1.0,0.0,0.0,0.0,9.0,4.0,0.0,0.0,0.0,0.0,0.0,0.0,0.0,0.0,5.0,12.0,1.0,12.15,5.01,2.51,1.49,0.0,0.1,0.0,113.0,0.0,-0.3,1.8,0.9,-169.70000000000002,0.0,0.0,169.8,0.0,21.8,29.1,29.1,29.8,300.0,300.0,31.6,35.7,29.0,28.200000000000003,30.1,4.95,2.0,4.96,0.16,0.0,0.0,1027.0,8228.0,0.0,0.0,0.0,0.0,0.0,1.0,0.0,0.0,0.0,0.0,0.0,0.0,0.0,0.1,0.0,0.0,16.0,25903.0
2026-07-30T19:02:02.684Z,292.167,292.182,0.0,7.4,0.0,0.0,0.0,0.0,0.0,0.0,0.0,0.0,1.0,0.0,0.0,0.0,9.0,4.0,0.0,0.0,0.0,0.0,0.0,0.0,0.0,0.0,1.0,12.0,1.0,12.15,5.01,2.51,1.49,-0.1,0.1,0.0,115.9,0.0,0.8,1.2000000000000002,1.5,-169.70000000000002,0.0,0.0,169.8,0.0,21.8,29.1,29.1,29.8,300.0,300.0,31.6,35.7,29.0,28.200000000000003,30.1,4.96,1.99,4.96,0.16,0.0,0.0,1027.0,8228.0,0.0,0.0,0.0,0.0,0.0,1.0,0.0,0.0,0.0,0.0,0.0,-0.2,0.0,-0.4,0.0,0.0,16.0,25903.0
2026-07-30T19:02:02.697Z,292.18,292.194,0.0,7.4,0.0,0.0,0.0,0.0,0.0,0.0,0.0,0.0,1.0,0.0,0.0,0.0,9.0,4.0,0.0,0.0,0.0,0.0,0.0,0.0,0.0,0.0,2.0,12.0,1.0,12.15,5.01,2.51,1.49,0.0,0.0,0.0,118.8,0.0,-0.3,-0.4,-1.3,-169.70000000000002,0.0,0.0,169.8,0.0,21.8,29.1,29.1,29.8,300.0,300.0,31.6,35.7,29.0,28.200000000000003,30.1,4.95,1.99,4.97,0.16,0.0,0.0,1027.0,8228.0,0.0,0.0,0.0,0.0,0.0,1.0,0.0,0.0,0.0,0.0,0.0,2.6,0.0,-1.1,0.0,0.0,16.0,25903.0
2026-07-30T19:02:02.708Z,292.191,292.206,0.0,7.4,0.0,0.0,0.0,0.0,0.0,0.0,0.0,0.0,1.0,0.0,0.0,0.0,9.0,4.0,0.0,0.0,0.0,0.0,0.0,0.0,0.0,0.0,3.0,12.0,1.0,12.15,5.01,2.51,1.49,0.0,0.0,0.0,121.5,0.0,0.3,0.1,-0.7000000000000001,-169.70000000000002,0.0,0.0,169.8,0.0,21.8,29.1,29.1,29.8,300.0,300.0,31.6,35.7,29.0,28.200000000000003,30.1,4.95,1.99,4.97,0.16,0.0,0.0,1027.0,8228.0,0.0,0.0,0.0,0.0,0.0,1.0,0.0,0.0,0.0,0.0,0.0,-0.3,0.0,0.6000000000000001,0.0,0.0,16.0,25903.0
2026-07-30T19:02:02.721Z,292.204,292.218,0.0,7.4,0.0,0.0,0.0,0.0,0.0,0.0,0.0,0.0,1.0,0.0,0.0,0.0,9.0,4.0,0.0,0.0,0.0,0.0,0.0,0.0,0.0,0.0,4.0,12.0,1.0,12.18,5.01,2.5,1.49,0.0,0.0,0.0,124.3,0.0,0.2,0.0,-0.7000000000000001,-169.70000000000002,0.0,0.0,169.8,0.0,21.8,29.1,29.1,29.9,300.0,300.0,31.5,35.7,29.0,28.200000000000003,30.1,4.95,2.0,4.96,0.16,0.0,0.0,1027.0,8228.0,0.0,0.0,0.0,0.0,0.0,1.0,0.0,0.0,0.0,0.0,0.0,-0.4,0.0,0.6000000000000001,0.0,0.0,16.0,25903.0
2026-07-30T19:02:02.732Z,292.215,292.23,0.0,7.4,0.0,0.0,0.0,0.0,0.0,0.0,0.0,0.0,1.0,0.0,0.0,0.0,9.0,4.0,0.0,0.0,0.0,0.0,0.0,0.0,0.0,0.0,6.0,12.0,1.0,12.18,5.01,2.5,1.49,0.0,0.0,0.0,127.1,0.0,-0.3,1.2000000000000002,-0.1,-169.70000000000002,0.0,0.0,169.8,0.0,21.8,29.1,29.1,29.9,300.0,300.0,31.5,35.7,29.0,28.200000000000003,30.1,4.96,1.99,4.96,0.16,0.0,0.0,1027.0,8228.0,0.0,0.0,0.0,0.0,0.0,1.0,0.0,0.0,0.0,0.0,0.0,1.3,0.0,0.3,0.0,0.0,16.0,25903.0
2026-07-30T19:02:02.744Z,292.227,292.242,0.0,7.4,0.0,0.0,0.0,0.0,0.0,0.0,0.0,0.0,1.0,0.0,0.0,0.0,9.0,4.0,0.0,0.0,0.0,0.0,0.0,0.0,0.0,0.0,1.0,12.0,1.0,12.18,5.01,2.5,1.49,0.0,0.0,0.0,129.8,0.0,-1.5,-0.4,-0.7000000000000001,-169.70000000000002,0.0,0.0,169.8,0.0,21.8,29.1,29.1,29.9,300.0,300.0,31.5,35.7,29.0,28.200000000000003,30.1,4.95,1.99,4.97,0.16,0.0,0.0,1027.0,8228.0,0.0,0.0,0.0,0.0,0.0,1.0,0.0,0.0,0.0,0.0,0.0,-1.1,0.0,0.5,0.0,0.0,16.0,25903.0
2026-07-30T19:02:02.757Z,292.24,292.254,0.0,7.4,0.0,0.0,0.0,0.0,0.0,0.0,0.0,0.0,1.0,0.0,0.0,0.0,9.0,4.0,0.0,0.0,0.0,0.0,0.0,0.0,0.0,0.0,2.0,12.0,1.0,12.18,5.01,2.5,1.49,0.0,0.0,0.0,132.4,0.0,0.8,0.6000000000000001,1.0,-169.70000000000002,0.0,0.0,169.8,0.0,21.8,29.1,29.1,29.9,300.0,300.0,31.5,35.7,29.0,28.200000000000003,30.1,4.96,1.99,4.96,0.16,0.0,0.0,1027.0,8228.0,0.0,0.0,0.0,0.0,0.0,1.0,0.0,0.0,0.0,0.0,0.0,1.5,0.0,-0.7000000000000001,0.0,0.0,16.0,25903.0
2026-07-30T19:02:02.768Z,292.251,292.266,0.0,7.4,0.0,0.0,0.0,0.0,0.0,0.0,0.0,0.0,1.0,0.0,0.0,0.0,9.0,4.0,0.0,0.0,0.0,0.0,0.0,0.0,0.0,0.0,3.0,12.0,1.0,12.18,5.01,2.5,1.49,0.0,0.1,0.0,135.0,0.0,-0.3,0.6000000000000001,-1.3,-169.70000000000002,0.0,0.0,169.8,0.0,21.8,29.1,29.1,29.9,300.0,300.0,31.5,35.7,29.0,28.200000000000003,30.1,4.96,2.0,4.96,0.16,0.0,0.0,1027.0,8228.0,0.0,0.0,0.0,0.0,0.0,1.0,0.0,0.0,0.0,0.0,0.0,-0.2,0.0,1.3,0.0,0.0,16.0,25903.0
2026-07-30T19:02:02.780Z,292.263,292.278,0.0,7.4,0.0,0.0,0.0,0.0,0.0,0.0,0.0,0.0,1.0,0.0,0.0,0.0,9.0,4.0,0.0,0.0,0.0,0.0,0.0,0.0,0.0,0.0,4.0,12.0,1.0,12.18,5.01,2.5,1.49,0.0,0.0,0.0,136.3,0.0,0.2,-0.5,0.3,-169.70000000000002,0.0,0.0,169.8,0.0,21.8,29.1,29.1,29.9,300.0,300.0,31.5,35.7,29.0,28.200000000000003,30.1,4.96,1.99,4.96,0.16,0.0,0.0,1027.0,8228.0,0.0,0.0,0.0,0.0,0.0,1.0,0.0,0.0,0.0,0.0,0.0,-0.2,0.0,-0.4,0.0,0.0,16.0,25903.0
2026-07-30T19:02:02.792Z,292.275,292.29,0.0,7.4,0.0,0.0,0.0,0.0,0.0,0.0,0.0,0.0,1.0,0.0,0.0,0.0,9.0,4.0,0.0,0.0,0.0,0.0,0.0,0.0,0.0,0.0,5.0,12.0,1.0,12.18,5.01,2.5,1.49,0.0,0.1,0.0,135.8,0.0,0.2,0.5,0.3,-169.70000000000002,0.0,0.0,169.8,0.0,21.8,29.1,29.1,29.9,300.0,300.0,31.5,35.7,29.0,28.200000000000003,30.1,4.95,1.99,4.97,0.17,0.0,0.0,1027.0,8228.0,0.0,0.0,0.0,0.0,0.0,1.0,0.0,0.0,0.0,0.0,0.0,0.9,0.0,-0.2,0.0,0.0,16.0,25903.0
2026-07-30T19:02:02.804Z,292.287,292.302,0.0,7.4,0.0,0.0,0.0,0.0,0.0,0.0,0.0,0.0,1.0,0.0,0.0,0.0,9.0,4.0,0.0,0.0,0.0,0.0,0.0,0.0,0.0,0.0,6.0,12.0,1.0,12.18,5.01,2.5,1.49,0.0,0.0,0.0,135.3,0.0,-0.3,-0.5,-0.1,-169.70000000000002,0.0,0.0,169.70000000000002,0.0,21.8,29.1,29.1,29.9,300.0,300.0,31.5,35.7,29.0,28.200000000000003,30.1,4.96,1.99,4.96,0.17,0.0,0.0,1027.0,8228.0,0.0,0.0,0.0,0.0,0.0,1.0,0.0,0.0,0.0,0.0,0.0,-0.7000000000000001,0.0,0.0,0.0,0.0,16.0,25903.0
2026-07-30T19:02:02.816Z,292.299,292.314,0.0,7.4,0.0,0.0,0.0,0.0,0.0,0.0,0.0,0.0,1.0,0.0,0.0,0.0,9.0,4.0,0.0,0.0,0.0,0.0,0.0,0.0,0.0,0.0,1.0,12.0,1.0,12.18,5.01,2.5,1.49,0.0,0.0,0.0,134.70000000000002,0.0,0.8,-0.5,-0.1,-169.70000000000002,0.0,0.0,169.70000000000002,0.0,21.8,29.1,29.1,29.9,300.0,300.0,31.5,35.7,29.0,28.200000000000003,30.1,4.96,1.99,4.97,0.16,0.0,0.0,1027.0,8228.0,0.0,0.0,0.0,0.0,0.0,1.0,0.0,0.0,0.0,0.0,0.0,-0.7000000000000001,0.0,0.0,0.0,0.0001,16.0,25903.0
2026-07-30T19:02:02.828Z,292.311,292.326,0.0,7.4,0.0,0.0,0.0,0.0,0.0,0.0,0.0,0.0,1.0,0.0,0.0,0.0,9.0,4.0,0.0,0.0,0.0,0.0,0.0,0.0,0.0,0.0,2.0,12.0,1.0,12.17,5.0200000000000005,2.5,1.49,0.0,0.0,0.0,134.20000000000002,0.0,-0.3,-0.5,-0.7000000000000001,-169.70000000000002,0.0,0.0,169.70000000000002,0.0,21.700000000000003,29.1,29.1,30.0,300.0,300.0,31.5,35.7,29.0,28.200000000000003,30.1,4.95,1.99,4.97,0.16,0.0,0.0,1027.0,8228.0,0.0,0.0,0.0,0.0,0.0,1.0,0.0,0.0,0.0,0.0,0.0,-1.2000000000000002,0.0,0.5,0.0,0.0001,16.0,25903.0
2026-07-30T19:02:02.840Z,292.323,292.338,0.0,7.4,0.0,0.0,0.0,0.0,0.0,0.0,0.0,0.0,1.0,0.0,0.0,0.0,9.0,4.0,0.0,0.0,0.0,0.0,0.0,0.0,0.0,0.0,3.0,12.0,1.0,12.17,5.0200000000000005,2.5,1.49,0.0,0.0,0.0,133.6,0.0,0.8,-0.5,1.0,-169.70000000000002,0.0,0.0,169.70000000000002,0.0,21.700000000000003,29.1,29.1,30.0,300.0,300.0,31.5,35.7,29.0,28.200000000000003,30.1,4.96,1.99,4.97,0.16,0.0,0.0,1027.0,8228.0,0.0,0.0,0.0,0.0,0.0,1.0,0.0,0.0,0.0,0.0,0.0,0.1,0.0,-1.0,0.0,0.0,16.0,25903.0
2026-07-30T19:02:02.852Z,292.335,292.35,0.0,7.4,0.0,0.0,0.0,0.0,0.0,0.0,0.0,0.0,1.0,0.0,0.0,0.0,9.0,4.0,0.0,0.0,0.0,0.0,0.0,0.0,0.0,0.0,4.0,12.0,1.0,12.17,5.0200000000000005,2.5,1.49,0.0,0.0,0.0,133.1,0.0,-0.3,-0.5,-0.6000000000000001,-169.70000000000002,0.0,0.0,169.8,0.0,21.700000000000003,29.1,29.1,30.0,300.0,300.0,31.5,35.7,29.0,28.200000000000003,30.1,4.95,2.0,4.96,0.16,0.0,0.0,1027.0,8228.0,0.0,0.0,0.0,0.0,0.0,1.0,0.0,0.0,0.0,0.0,0.0,-1.1,0.0,0.4,0.0,0.0,16.0,25903.0
2026-07-30T19:02:02.864Z,292.347,292.362,0.0,7.4,0.0,0.0,0.0,0.0,0.0,0.0,0.0,0.0,1.0,0.0,0.0,0.0,9.0,4.0,0.0,0.0,0.0,0.0,0.0,0.0,0.0,0.0,5.0,12.0,1.0,12.17,5.0200000000000005,2.5,1.49,0.0,0.0,0.0,132.6,0.0,0.2,1.1,-0.7000000000000001,-169.70000000000002,0.0,0.0,169.8,0.0,21.700000000000003,29.1,29.1,30.0,300.0,300.0,31.5,35.7,29.0,28.200000000000003,30.1,4.95,1.99,4.97,0.16,0.0,0.0,1027.0,8228.0,0.0,0.0,0.0,0.0,0.0,1.0,0.0,0.0,0.0,0.0,0.0,0.7000000000000001,0.0,0.8,0.0,0.0,16.0,25903.0
2026-07-30T19:02:02.877Z,292.36,292.374,0.0,7.4,0.0,0.0,0.0,0.0,0.0,0.0,0.0,0.0,1.0,0.0,0.0,0.0,9.0,4.0,0.0,0.0,0.0,0.0,0.0,0.0,0.0,0.0,6.0,12.0,1.0,12.17,5.0200000000000005,2.5,1.49,0.0,0.0,0.0,132.3,0.0,0.2,0.0,-0.1,-169.70000000000002,0.0,0.0,169.8,0.0,21.700000000000003,29.1,29.1,30.0,300.0,300.0,31.5,35.7,29.0,28.200000000000003,30.1,4.95,1.99,4.97,0.16,0.0,0.0,1027.0,8228.0,0.0,0.0,0.0,0.0,0.0,1.0,0.0,0.0,0.0,0.0,0.0,0.0,0.0,0.1,0.0,0.0,16.0,25903.0
2026-07-30T19:02:02.889Z,292.372,292.386,0.0,7.4,0.0,0.0,0.0,0.0,0.0,0.0,0.0,0.0,1.0,0.0,0.0,0.0,9.0,4.0,0.0,0.0,0.0,0.0,0.0,0.0,0.0,0.0,1.0,12.0,1.0,12.17,5.0200000000000005,2.5,1.49,0.0,0.0,0.0,132.5,0.0,0.8,0.0,-0.6000000000000001,-169.70000000000002,0.0,0.0,169.70000000000002,0.0,21.700000000000003,29.1,29.1,30.0,300.0,300.0,31.5,35.7,29.0,28.200000000000003,30.1,4.96,1.99,4.96,0.16,0.0,0.0,1027.0,8228.0,0.0,0.0,0.0,0.0,0.0,1.0,0.0,0.0,0.0,0.0,0.0,-0.4,0.0,0.5,0.0,0.0,16.0,25903.0
2026-07-30T19:02:02.900Z,292.383,292.398,0.0,7.4,0.0,0.0,0.0,0.0,0.0,0.0,0.0,0.0,1.0,0.0,0.0,0.0,9.0,4.0,0.0,0.0,0.0,0.0,0.0,0.0,0.0,0.0,1.0,12.0,1.0,12.17,5.0200000000000005,2.5,1.49,0.0,0.0,0.0,132.6,0.0,0.2,1.2000000000000002,0.5,-169.70000000000002,0.0,0.0,169.8,0.0,21.700000000000003,29.1,29.1,30.0,300.0,300.0,31.5,35.7,29.0,28.200000000000003,30.1,4.95,1.99,4.96,0.16,0.0,0.0,1027.0,8228.0,0.0,0.0,0.0,0.0,0.0,1.0,0.0,0.0,0.0,0.0,0.0,1.8,0.0,-0.2,0.0,0.0,16.0,25903.0
2026-07-30T19:02:02.912Z,292.395,292.41,0.0,7.4,0.0,0.0,0.0,0.0,0.0,0.0,0.0,0.0,1.0,0.0,0.0,0.0,9.0,4.0,0.0,0.0,0.0,0.0,0.0,0.0,0.0,0.0,2.0,12.0,1.0,12.17,5.0200000000000005,2.5,1.49,0.1,0.0,0.0,132.5,0.0,-0.2,0.0,1.1,-169.70000000000002,0.0,0.0,169.8,0.0,21.700000000000003,29.1,29.1,30.0,300.0,300.0,31.5,35.7,29.0,28.200000000000003,30.1,4.95,1.99,4.97,0.16,0.0,0.0,1027.0,8228.0,0.0,0.0,0.0,0.0,0.0,1.0,0.0,0.0,0.0,0.0,0.0,0.9,0.0,-1.0,0.0,0.0,16.0,25903.0
2026-07-30T19:02:02.925Z,292.408,292.422,0.0,7.4,0.0,0.0,0.0,0.0,0.0,0.0,0.0,0.0,1.0,0.0,0.0,0.0,9.0,4.0,0.0,0.0,0.0,0.0,0.0,0.0,0.0,0.0,3.0,12.0,1.0,12.15,5.0200000000000005,2.51,1.49,0.0,0.0,0.0,132.4,0.0,0.2,-0.4,-0.6000000000000001,-169.70000000000002,0.0,0.0,169.8,0.0,21.8,29.1,29.1,30.0,300.0,300.0,31.5,35.7,29.0,28.200000000000003,30.1,4.96,2.0,4.97,0.16,0.0,0.0,1027.0,8228.0,0.0,0.0,0.0,0.0,0.0,1.0,0.0,0.0,0.0,0.0,0.0,-0.9,0.0,0.4,0.0,0.0,16.0,25903.0
2026-07-30T19:02:02.936Z,292.419,292.434,0.0,7.4,0.0,0.0,0.0,0.0,0.0,0.0,0.0,0.0,1.0,0.0,0.0,0.0,9.0,4.0,0.0,0.0,0.0,0.0,0.0,0.0,0.0,0.0,4.0,12.0,1.0,12.15,5.0200000000000005,2.51,1.49,0.0,0.0,0.0,132.3,0.0,-0.2,0.1,1.7000000000000002,-169.70000000000002,0.0,0.0,169.8,0.0,21.8,29.1,29.1,30.0,300.0,300.0,31.5,35.7,29.0,28.200000000000003,30.1,4.95,2.0,4.97,0.16,0.0,0.0,1027.0,8228.0,0.0,0.0,0.0,0.0,0.0,1.0,0.0,0.0,0.0,0.0,0.0,1.4,0.0,-1.5,0.0,0.0,16.0,25903.0
2026-07-30T19:02:02.948Z,292.431,292.446,0.0,7.4,0.0,0.0,0.0,0.0,0.0,0.0,0.0,0.0,1.0,0.0,0.0,0.0,9.0,4.0,0.0,0.0,0.0,0.0,0.0,0.0,0.0,0.0,5.0,12.0,1.0,12.15,5.0200000000000005,2.51,1.49,0.0,0.0,0.0,132.20000000000002,0.0,-0.8,-1.0,-0.5,-169.70000000000002,0.0,0.0,169.8,0.0,21.8,29.1,29.1,30.0,300.0,300.0,31.5,35.7,29.0,28.200000000000003,30.1,4.95,1.99,4.97,0.16,0.0,0.0,1027.0,8228.0,0.0,0.0,0.0,0.0,0.0,1.0,0.0,0.0,0.0,0.0,0.0,-1.6,0.0,0.2,0.0,0.0,16.0,25903.0
2026-07-30T19:02:02.960Z,292.443,292.458,0.0,7.4,0.0,0.0,0.0,0.0,0.0,0.0,0.0,0.0,1.0,0.0,0.0,0.0,9.0,4.0,0.0,0.0,0.0,0.0,0.0,0.0,0.0,0.0,6.0,12.0,1.0,12.15,5.0200000000000005,2.51,1.49,0.0,0.0,0.0,132.1,0.0,-0.2,0.1,-0.5,-169.70000000000002,0.0,0.0,169.8,0.0,21.8,29.1,29.1,30.0,300.0,300.0,31.5,35.7,29.0,28.200000000000003,30.1,4.95,1.99,4.96,0.16,0.0,0.0,1027.0,8228.0,0.0,0.0,0.0,0.0,0.0,1.0,0.0,0.0,0.0,0.0,0.0,-0.2,0.0,0.5,0.0,0.0,16.0,25903.0
2026-07-30T19:02:02.972Z,292.455,292.47,0.0,7.4,0.0,0.0,0.0,0.0,0.0,0.0,0.0,0.0,1.0,0.0,0.0,0.0,9.0,4.0,0.0,0.0,0.0,0.0,0.0,0.0,0.0,0.0,2.0,12.0,1.0,12.15,5.0200000000000005,2.51,1.49,0.0,0.0,0.0,132.0,0.0,0.3,0.1,1.7000000000000002,-169.70000000000002,0.0,0.0,169.70000000000002,0.0,21.8,29.1,29.1,30.0,300.0,300.0,31.5,35.7,29.0,28.200000000000003,30.1,4.96,1.99,4.96,0.16,0.0,0.0,1027.0,8228.0,0.0,0.0,0.0,0.0,0.0,1.0,0.0,0.0,0.0,0.0,0.0,1.4,0.0,-1.5,0.0,0.0,16.0,25903.0
2026-07-30T19:02:02.984Z,292.467,292.482,0.0,7.4,0.0,0.0,0.0,0.0,0.0,0.0,0.0,0.0,1.0,0.0,0.0,0.0,9.0,4.0,0.0,0.0,0.0,0.0,0.0,0.0,0.0,0.0,3.0,12.0,1.0,12.15,5.0200000000000005,2.51,1.49,0.0,0.0,0.0,131.9,0.0,0.3,0.7000000000000001,0.6000000000000001,-169.70000000000002,0.0,0.0,169.8,0.0,21.8,29.1,29.1,30.0,300.0,300.0,31.5,35.7,29.0,28.200000000000003,30.1,4.96,1.99,4.97,0.16,0.0,0.0,1027.0,8228.0,0.0,0.0,0.0,0.0,0.0,1.0,0.0,0.0,0.0,0.0,0.0,1.2000000000000002,0.0,-0.4,0.0,0.0,16.0,25903.0
2026-07-30T19:02:02.996Z,292.479,292.494,0.0,7.4,0.0,0.0,0.0,0.0,0.0,0.0,0.0,0.0,1.0,0.0,0.0,0.0,9.0,4.0,0.0,0.0,0.0,0.0,0.0,0.0,0.0,0.0,4.0,12.0,1.0,12.15,5.0200000000000005,2.51,1.49,0.0,0.0,0.0,131.8,0.0,-0.8,0.1,0.6000000000000001,-169.70000000000002,0.0,0.0,169.8,0.0,21.8,29.1,29.1,30.0,300.0,300.0,31.5,35.7,29.0,28.200000000000003,30.1,4.96,1.99,4.97,0.16,0.0,0.0,1027.0,8228.0,0.0,0.0,0.0,0.0,0.0,1.0,0.0,0.0,0.0,0.0,0.0,0.5,0.0,-0.5,0.0,0.0,16.0,25903.0
2026-07-30T19:02:03.008Z,292.491,292.50600000000003,0.0,7.4,0.0,0.0,0.0,0.0,0.0,0.0,0.0,0.0,1.0,0.0,0.0,0.0,9.0,4.0,0.0,0.0,0.0,0.0,0.0,0.0,0.0,0.0,5.0,12.0,1.0,12.15,5.0200000000000005,2.51,1.49,-0.1,0.1,0.0,131.70000000000002,0.0,-0.2,-0.4,-0.5,-169.70000000000002,0.0,0.0,169.8,0.0,21.8,29.1,29.1,30.0,300.0,300.0,31.5,35.7,29.0,28.200000000000003,30.1,4.96,1.99,4.97,0.15,0.0,0.0,1027.0,8228.0,0.0,0.0,0.0,0.0,0.0,1.0,0.0,0.0,0.0,0.0,0.0,-0.9,0.0,0.3,0.0,0.0,16.0,25903.0
2026-07-30T19:02:03.020Z,292.503,292.51800000000003,0.0,7.4,0.0,0.0,0.0,0.0,0.0,0.0,0.0,0.0,1.0,0.0,0.0,0.0,9.0,4.0,0.0,0.0,0.0,0.0,0.0,0.0,0.0,0.0,6.0,12.0,1.0,12.15,5.0200000000000005,2.51,1.49,0.0,0.0,0.0,131.6,0.0,-0.2,-0.4,-0.5,-169.70000000000002,0.0,0.0,169.8,0.0,21.8,29.1,29.1,30.0,300.0,300.0,31.5,35.7,29.0,28.200000000000003,30.1,4.95,1.99,4.97,0.16,0.0,0.0,1027.0,8228.0,0.0,0.0,0.0,0.0,0.0,1.0,0.0,0.0,0.0,0.0,0.0,-0.9,0.0,0.3,0.0,0.0,16.0,25903.0
2026-07-30T19:02:03.032Z,292.515,292.53000000000003,0.0,7.4,0.0,0.0,0.0,0.0,0.0,0.0,0.0,0.0,1.0,0.0,0.0,0.0,9.0,4.0,0.0,0.0,0.0,0.0,0.0,0.0,0.0,0.0,1.0,12.0,1.0,12.17,5.01,2.51,1.49,0.0,0.0,0.0,131.4,0.0,0.3,0.1,1.7000000000000002,-169.70000000000002,0.0,0.0,169.8,0.0,21.700000000000003,29.1,29.1,30.1,300.0,300.0,31.5,35.7,29.0,28.200000000000003,30.1,4.95,1.99,4.97,0.16,0.0,0.0,1027.0,8228.0,0.0,0.0,0.0,0.0,0.0,1.0,0.0,0.0,0.0,0.0,0.0,1.5,0.0,-1.5,0.0,0.0,16.0,25903.0
2026-07-30T19:02:03.045Z,292.528,292.54200000000003,0.0,7.4,0.0,0.0,0.0,0.0,0.0,0.0,0.0,0.0,1.0,0.0,0.0,0.0,9.0,4.0,0.0,0.0,0.0,0.0,0.0,0.0,0.0,0.0,1.0,12.0,1.0,12.17,5.01,2.51,1.49,0.0,0.0,0.0,131.4,0.0,0.3,-1.5,0.0,-169.70000000000002,0.0,0.0,169.8,0.0,21.700000000000003,29.1,29.1,30.1,300.0,300.0,31.5,35.7,29.0,28.200000000000003,30.1,4.96,1.99,4.96,0.16,0.0,0.0,1027.0,8228.0,0.0,0.0,0.0,0.0,0.0,1.0,0.0,0.0,0.0,0.0,0.0,-1.7000000000000002,0.0,-0.3,0.0,0.0,16.0,25903.0
2026-07-30T19:02:03.056Z,292.539,292.55400000000003,-0.1,7.4,0.0,0.0,0.0,0.0,0.0,0.0,0.0,0.0,1.0,0.0,0.0,0.0,9.0,4.0,0.0,0.0,0.0,0.0,0.0,0.0,0.0,0.0,3.0,12.0,1.0,12.17,5.01,2.51,1.49,0.0,0.0,0.0,131.20000000000002,0.0,0.9,1.3,1.1,-169.70000000000002,0.0,0.0,169.8,0.0,21.700000000000003,29.1,29.1,30.1,300.0,300.0,31.5,35.7,29.0,28.200000000000003,30.1,4.96,1.99,4.97,0.16,0.0,0.0,1027.0,8228.0,0.0,0.0,0.0,0.0,0.0,1.0,0.0,0.0,0.0,0.0,0.0,2.4000000000000004,0.0,-0.7000000000000001,0.0,0.0,16.0,25903.0
2026-07-30T19:02:03.068Z,292.551,292.56600000000003,0.0,7.4,0.0,0.0,0.0,0.0,0.0,0.0,0.0,0.0,1.0,0.0,0.0,0.0,9.0,4.0,0.0,0.0,0.0,0.0,0.0,0.0,0.0,0.0,4.0,12.0,1.0,12.17,5.01,2.51,1.49,0.0,0.0,0.0,131.1,0.0,0.3,-0.3,-1.7000000000000002,-169.70000000000002,0.0,0.0,169.8,0.0,21.700000000000003,29.1,29.1,30.1,300.0,300.0,31.5,35.7,29.0,28.200000000000003,30.1,4.95,1.99,4.97,0.16,0.0,0.0,1027.0,8228.0,0.0,0.0,0.0,0.0,0.0,1.0,0.0,0.0,0.0,0.0,0.0,-1.7000000000000002,0.0,1.4,0.0,0.0,16.0,25903.0
2026-07-30T19:02:03.080Z,292.563,292.57800000000003,0.0,7.4,0.0,0.0,0.0,0.0,0.0,0.0,0.0,0.0,1.0,0.0,0.0,0.0,9.0,4.0,0.0,0.0,0.0,0.0,0.0,0.0,0.0,0.0,6.0,12.0,1.0,12.17,5.01,2.51,1.49,0.0,0.0,0.0,131.0,0.0,-0.2,-0.9,0.0,-169.70000000000002,0.0,0.0,169.70000000000002,0.0,21.700000000000003,29.1,29.1,30.1,300.0,300.0,31.5,35.7,29.0,28.200000000000003,30.1,4.95,1.99,4.96,0.16,0.0,0.0,1027.0,8228.0,0.0,0.0,0.0,0.0,0.0,1.0,0.0,0.0,0.0,0.0,0.0,-1.0,0.0,-0.1,0.0,0.0,16.0,25903.0
2026-07-30T19:02:03.092Z,292.575,292.59000000000003,0.0,7.4,0.0,0.0,0.0,0.0,0.0,0.0,0.0,0.0,1.0,0.0,0.0,0.0,9.0,4.0,0.0,0.0,0.0,0.0,0.0,0.0,0.0,0.0,1.0,12.0,1.0,12.17,5.01,2.51,1.49,0.0,0.0,0.0,130.9,0.0,-0.2,0.2,0.0,-169.70000000000002,0.0,0.0,169.8,0.0,21.700000000000003,29.1,29.1,30.1,300.0,300.0,31.5,35.7,29.0,28.200000000000003,30.1,4.95,2.0,4.96,0.16,0.0,0.0,1027.0,8228.0,0.0,0.0,0.0,0.0,0.0,1.0,0.0,0.0,0.0,0.0,0.0,0.2,0.0,0.0,0.0,0.0,16.0,25903.0
2026-07-30T19:02:03.104Z,292.587,292.60200000000003,0.0,7.4,0.0,0.0,0.0,0.0,0.0,0.0,0.0,0.0,1.0,0.0,0.0,0.0,9.0,4.0,0.0,0.0,0.0,0.0,0.0,0.0,0.0,0.0,2.0,12.0,1.0,12.17,5.01,2.51,1.49,0.0,0.0,0.0,130.8,0.0,-0.2,1.4,1.1,-169.70000000000002,0.0,0.0,169.8,0.0,21.700000000000003,29.1,29.1,30.1,300.0,300.0,31.5,35.7,29.0,28.200000000000003,30.1,4.95,1.99,4.97,0.16,0.0,0.0,1027.0,8228.0,0.0,0.0,0.0,0.0,0.0,1.0,0.0,0.0,0.0,0.0,0.0,2.4000000000000004,0.0,-0.6000000000000001,0.0,0.0001,16.0,25903.0
2026-07-30T19:02:03.116Z,292.599,292.61400000000003,0.0,7.4,0.0,0.0,0.0,0.0,0.0,0.0,0.0,0.0,1.0,0.0,0.0,0.0,9.0,4.0,0.0,0.0,0.0,0.0,0.0,0.0,0.0,0.0,4.0,12.0,1.0,12.17,5.01,2.51,1.49,0.0,0.0,0.0,130.6,0.0,-0.8,-0.3,0.0,-169.70000000000002,0.0,0.0,169.8,0.0,21.700000000000003,29.1,29.1,30.1,300.0,300.0,31.5,35.7,29.0,28.200000000000003,30.1,4.95,1.99,4.97,0.16,0.0,0.0,1027.0,8228.0,0.0,0.0,0.0,0.0,0.0,1.0,0.0,0.0,0.0,0.0,0.0,-0.4,0.0,0.0,0.0,0.0,16.0,25903.0
2026-07-30T19:02:03.129Z,292.612,292.62600000000003,0.0,7.4,0.0,0.0,0.0,0.0,0.0,0.0,0.0,0.0,1.0,0.0,0.0,0.0,9.0,4.0,0.0,0.0,0.0,0.0,0.0,0.0,0.0,0.0,5.0,12.0,1.0,12.18,5.0200000000000005,2.5,1.49,0.0,0.0,0.0,130.6,0.0,-0.8,-0.3,-0.6000000000000001,-169.70000000000002,0.0,0.0,169.8,0.0,21.700000000000003,29.1,29.1,30.1,300.0,300.0,31.6,35.6,29.0,28.200000000000003,30.1,4.96,1.99,4.96,0.16,0.0,0.0,1027.0,8228.0,0.0,0.0,0.0,0.0,0.0,1.0,0.0,0.0,0.0,0.0,0.0,-0.8,0.0,0.4,0.0,0.0001,16.0,25903.0
2026-07-30T19:02:03.140Z,292.623,292.63800000000003,0.0,7.4,0.0,0.0,0.0,0.0,0.0,0.0,0.0,0.0,1.0,0.0,0.0,0.0,9.0,4.0,0.0,0.0,0.0,0.0,0.0,0.0,0.0,0.0,6.0,12.0,1.0,12.18,5.0200000000000005,2.5,1.49,0.0,0.1,0.0,130.5,0.0,-0.2,-0.9,0.0,-169.70000000000002,0.0,0.0,169.8,0.0,21.700000000000003,29.1,29.1,30.1,300.0,300.0,31.6,35.6,29.0,28.200000000000003,30.1,4.95,1.99,4.97,0.16,0.0,0.0,1027.0,8228.0,0.0,0.0,0.0,0.0,0.0,1.0,0.0,0.0,0.0,0.0,0.0,-0.8,0.0,0.4,0.0,0.0,16.0,25903.0
2026-07-30T19:02:03.152Z,292.635,292.65000000000003,0.0,7.4,0.0,0.0,0.0,0.0,0.0,0.0,0.0,0.0,1.0,0.0,0.0,0.0,9.0,4.0,0.0,0.0,0.0,0.0,0.0,0.0,0.0,0.0,1.0,12.0,1.0,12.18,5.0200000000000005,2.5,1.49,0.0,0.0,0.0,130.4,0.0,-0.8,0.2,1.0,-169.70000000000002,0.0,0.0,169.8,0.0,21.700000000000003,29.1,29.1,30.1,300.0,300.0,31.6,35.6,29.0,28.200000000000003,30.1,4.95,2.0,4.96,0.16,0.0,0.0,1027.0,8228.0,0.0,0.0,0.0,0.0,0.0,1.0,0.0,0.0,0.0,0.0,0.0,1.0,0.0,-0.9,0.0,0.0,16.0,25903.0
2026-07-30T19:02:03.164Z,292.647,292.662,0.0,7.4,0.0,0.0,0.0,0.0,0.0,0.0,0.0,0.0,1.0,0.0,0.0,0.0,9.0,4.0,0.0,0.0,0.0,0.0,0.0,0.0,0.0,0.0,2.0,12.0,1.0,12.18,5.0200000000000005,2.5,1.49,0.0,0.0,0.0,130.4,0.0,-0.8,1.4,-0.6000000000000001,-169.70000000000002,0.0,0.0,169.8,0.0,21.700000000000003,29.1,29.1,30.1,300.0,300.0,31.6,35.6,29.0,28.200000000000003,30.1,4.96,1.99,4.96,0.16,0.0,0.0,1027.0,8228.0,0.0,0.0,0.0,0.0,0.0,1.0,0.0,0.0,0.0,0.0,0.0,1.1,0.0,0.8,0.0,0.0,16.0,25903.0
2026-07-30T19:02:03.177Z,292.66,292.674,0.0,7.4,0.0,0.0,0.0,0.0,0.0,0.0,0.0,0.0,1.0,0.0,0.0,0.0,9.0,4.0,0.0,0.0,0.0,0.0,0.0,0.0,0.0,0.0,3.0,12.0,1.0,12.18,5.0200000000000005,2.5,1.49,0.0,0.0,0.0,130.70000000000002,0.0,0.3,-0.3,1.1,-169.70000000000002,0.0,0.0,169.8,0.0,21.700000000000003,29.1,29.1,30.1,300.0,300.0,31.6,35.6,29.0,28.200000000000003,30.1,4.95,1.99,4.96,0.16,0.0,0.0,1027.0,8228.0,0.0,0.0,0.0,0.0,0.0,1.0,0.0,0.0,0.0,0.0,0.0,-0.1,0.0,0.6000000000000001,0.0,0.0,16.0,25903.0
2026-07-30T19:02:03.189Z,292.672,292.686,0.0,7.4,0.0,0.0,0.0,0.0,0.0,0.0,0.0,0.0,1.0,0.0,0.0,0.0,9.0,4.0,0.0,0.0,0.0,0.0,0.0,0.0,0.0,0.0,4.0,12.0,1.0,12.18,5.0200000000000005,2.5,1.49,0.0,0.0,0.0,130.9,0.0,0.8,-0.8,-0.6000000000000001,-169.70000000000002,0.0,0.0,169.8,0.0,21.700000000000003,29.1,29.1,30.1,300.0,300.0,31.6,35.6,29.0,28.200000000000003,30.1,4.95,1.99,4.97,0.16,0.0,0.0,1027.0,8228.0,0.0,0.0,0.0,0.0,0.0,1.0,0.0,0.0,0.0,0.0,0.0,0.9,0.0,-1.5,0.0,0.0,16.0,25903.0
2026-07-30T19:02:03.200Z,292.683,292.698,0.0,7.4,0.0,0.0,0.0,0.0,0.0,0.0,0.0,0.0,1.0,0.0,0.0,0.0,9.0,4.0,0.0,0.0,0.0,0.0,0.0,0.0,0.0,0.0,6.0,12.0,1.0,12.18,5.0200000000000005,2.5,1.49,0.0,0.0,0.0,131.0,0.0,-0.2,0.8,0.5,-169.70000000000002,0.0,0.0,169.70000000000002,0.0,21.700000000000003,29.1,29.1,30.1,300.0,300.0,31.6,35.6,29.0,28.200000000000003,30.1,4.95,1.99,4.97,0.16,0.0,0.0,1027.0,8228.0,0.0,0.0,0.0,0.0,0.0,1.0,0.0,0.0,0.0,0.0,0.0,0.5,0.0,0.7000000000000001,0.0,0.0,16.0,25903.0
2026-07-30T19:02:03.212Z,292.695,292.71,0.0,7.4,0.0,0.0,0.0,0.0,0.0,0.0,0.0,0.0,1.0,0.0,0.0,0.0,9.0,4.0,0.0,0.0,0.0,0.0,0.0,0.0,0.0,0.0,1.0,12.0,1.0,12.18,5.0200000000000005,2.5,1.49,0.0,0.0,0.0,131.3,0.0,0.8,0.8,-0.6000000000000001,-169.70000000000002,0.0,0.0,169.8,0.0,21.700000000000003,29.1,29.1,30.1,300.0,300.0,31.6,35.6,29.0,28.200000000000003,30.1,4.96,1.99,4.97,0.16,0.0,0.0,1027.0,8228.0,0.0,0.0,0.0,0.0,0.0,1.0,0.0,0.0,0.0,0.0,0.0,0.4,0.0,0.7000000000000001,0.0,0.0,16.0,25903.0
2026-07-30T19:02:03.224Z,292.707,292.722,0.0,7.4,0.0,0.0,0.0,0.0,0.0,0.0,0.0,0.0,1.0,0.0,0.0,0.0,9.0,4.0,0.0,0.0,0.0,0.0,0.0,0.0,0.0,0.0,2.0,12.0,1.0,12.18,5.0200000000000005,2.5,1.49,0.0,0.0,0.0,131.4,0.0,-0.8,0.7000000000000001,0.4,-169.70000000000002,0.0,0.0,169.8,0.0,21.700000000000003,29.1,29.1,30.1,300.0,300.0,31.6,35.6,29.0,28.200000000000003,30.1,4.95,1.99,4.97,0.17,0.0,0.0,1027.0,8228.0,0.0,0.0,0.0,0.0,0.0,1.0,0.0,0.0,0.0,0.0,0.0,1.2000000000000002,0.0,-0.2,0.0,0.0,16.0,25903.0
2026-07-30T19:02:03.236Z,292.719,292.734,0.0,7.4,0.0,0.0,0.0,0.0,0.0,0.0,0.0,0.0,1.0,0.0,0.0,0.0,9.0,4.0,0.0,0.0,0.0,0.0,0.0,0.0,0.0,0.0,3.0,12.0,1.0,12.18,5.0200000000000005,2.5,1.49,0.0,0.1,0.0,131.6,0.0,0.8,-0.4,1.0,-169.70000000000002,0.0,0.0,169.8,0.0,21.0,29.1,29.1,30.1,300.0,300.0,31.5,35.7,29.0,28.200000000000003,30.1,4.96,1.99,4.96,0.17,0.0,0.0,1027.0,8228.0,0.0,0.0,0.0,0.0,0.0,1.0,0.0,0.0,0.0,0.0,0.0,0.2,0.0,-1.0,0.0,0.0,16.0,25903.0
2026-07-30T19:02:03.248Z,292.731,292.746,0.0,7.4,0.0,0.0,0.0,0.0,0.0,0.0,0.0,0.0,1.0,0.0,0.0,0.0,9.0,4.0,0.0,0.0,0.0,0.0,0.0,0.0,0.0,0.0,4.0,12.0,1.0,12.18,5.0200000000000005,2.5,1.49,0.0,0.0,0.0,131.8,0.0,-0.3,0.6000000000000001,-0.1,-169.70000000000002,0.0,0.0,169.8,0.0,21.0,29.1,29.1,30.1,300.0,300.0,31.5,35.7,29.0,28.200000000000003,30.1,4.96,2.0,4.96,0.16,0.0,0.0,1027.0,8228.0,0.0,0.0,0.0,0.0,0.0,1.0,0.0,0.0,0.0,0.0,0.0,0.7000000000000001,0.0,0.2,0.0,0.0,16.0,25903.0
2026-07-30T19:02:03.260Z,292.743,292.758,0.0,7.4,0.0,0.0,0.0,0.0,0.0,0.0,0.0,0.0,1.0,0.0,0.0,0.0,9.0,4.0,0.0,0.0,0.0,0.0,0.0,0.0,0.0,0.0,5.0,12.0,1.0,12.18,5.0200000000000005,2.5,1.49,0.0,0.0,0.0,132.0,0.0,0.2,0.1,-0.7000000000000001,-169.70000000000002,0.0,0.0,169.70000000000002,0.0,21.0,29.1,29.1,30.1,300.0,300.0,31.5,35.7,29.0,28.200000000000003,30.1,4.95,1.99,4.96,0.16,0.0,0.0,1027.0,8228.0,0.0,0.0,0.0,0.0,0.0,1.0,0.0,0.0,0.0,0.0,0.0,-0.4,0.0,0.6000000000000001,0.0,0.0,16.0,25903.0
2026-07-30T19:02:03.272Z,292.755,292.77,0.0,7.4,0.0,0.0,0.0,0.0,0.0,0.0,0.0,0.0,1.0,0.0,0.0,0.0,9.0,4.0,0.0,0.0,0.0,0.0,0.0,0.0,0.0,0.0,6.0,12.0,1.0,12.18,5.0200000000000005,2.5,1.49,0.0,0.1,0.0,132.20000000000002,0.0,0.2,0.1,0.4,-169.70000000000002,0.0,0.0,169.70000000000002,0.0,21.0,29.1,29.1,30.1,300.0,300.0,31.5,35.7,29.0,28.200000000000003,30.1,4.95,1.99,4.97,0.16,0.0,0.0,1027.0,8228.0,0.0,0.0,0.0,0.0,0.0,1.0,0.0,0.0,0.0,0.0,0.0,0.4,0.0,-0.3,0.0,0.0001,16.0,25903.0
2026-07-30T19:02:03.284Z,292.767,292.782,0.0,7.4,0.0,0.0,0.0,0.0,0.0,0.0,0.0,0.0,1.0,0.0,0.0,0.0,9.0,4.0,0.0,0.0,0.0,0.0,0.0,0.0,0.0,0.0,6.0,12.0,1.0,12.18,5.0200000000000005,2.5,1.49,0.0,0.0,0.0,132.4,0.0,0.2,0.7000000000000001,0.4,-169.70000000000002,0.0,0.0,169.70000000000002,0.0,21.0,29.1,29.1,30.1,300.0,300.0,31.5,35.7,29.0,28.200000000000003,30.1,4.96,1.99,4.96,0.16,0.0,0.0,1027.0,8228.0,0.0,0.0,0.0,0.0,0.0,1.0,0.0,0.0,0.0,0.0,0.0,1.1,0.0,-0.2,0.0,0.0,16.0,25903.0
2026-07-30T19:02:03.296Z,292.779,292.794,0.0,7.4,0.0,0.0,0.0,0.0,0.0,0.0,0.0,0.0,1.0,0.0,0.0,0.0,9.0,4.0,0.0,0.0,0.0,0.0,0.0,0.0,0.0,0.0,2.0,12.0,1.0,12.18,5.0200000000000005,2.5,1.49,0.0,0.0,0.0,132.6,0.0,-0.3,0.0,-0.7000000000000001,-169.70000000000002,0.0,0.0,169.8,0.0,21.0,29.1,29.1,30.1,300.0,300.0,31.5,35.7,29.0,28.200000000000003,30.1,4.96,1.99,4.97,0.16,0.0,0.0,1027.0,8228.0,0.0,0.0,0.0,0.0,0.0,1.0,0.0,0.0,0.0,0.0,0.0,-0.4,0.0,0.6000000000000001,0.0,0.0,16.0,25903.0
2026-07-30T19:02:03.309Z,292.792,292.806,0.0,7.4,0.0,0.0,0.0,0.0,0.0,0.0,0.0,0.0,1.0,0.0,0.0,0.0,9.0,4.0,0.0,0.0,0.0,0.0,0.0,0.0,0.0,0.0,2.0,12.0,1.0,12.18,5.0200000000000005,2.5,1.49,0.0,0.0,0.0,132.8,0.0,0.8,0.7000000000000001,0.9,-169.70000000000002,0.0,0.0,169.8,0.0,21.0,29.1,29.1,30.1,300.0,300.0,31.5,35.7,29.0,28.200000000000003,30.1,4.95,1.99,4.97,0.17,0.0,0.0,1027.0,8228.0,0.0,0.0,0.0,0.0,0.0,1.0,0.0,0.0,0.0,0.0,0.0,1.5,0.0,-0.7000000000000001,0.0,0.0001,16.0,25903.0
2026-07-30T19:02:03.321Z,292.804,292.818,0.0,7.4,0.0,0.0,0.0,0.0,0.0,0.0,0.0,0.0,1.0,0.0,0.0,0.0,9.0,4.0,0.0,0.0,0.0,0.0,0.0,0.0,0.0,0.0,4.0,12.0,1.0,12.18,5.0200000000000005,2.5,1.49,0.0,0.0,0.0,133.0,0.0,0.8,-0.4,0.9,-169.70000000000002,0.0,0.0,169.8,0.0,21.0,29.1,29.1,30.1,300.0,300.0,31.5,35.7,29.0,28.200000000000003,30.1,4.96,1.99,4.97,0.16,0.0,0.0,1027.0,8228.0,0.0,0.0,0.0,0.0,0.0,1.0,0.0,0.0,0.0,0.0,0.0,0.2,0.0,-0.9,0.0,0.0,16.0,25903.0
2026-07-30T19:02:03.334Z,292.817,292.83,0.0,7.4,0.0,0.0,0.0,0.0,0.0,0.0,0.0,0.0,1.0,0.0,0.0,0.0,9.0,4.0,0.0,0.0,0.0,0.0,0.0,0.0,0.0,0.0,4.0,12.0,1.0,12.15,5.01,2.5,1.49,0.0,0.0,0.0,133.1,0.0,0.8,-0.4,0.9,-169.70000000000002,0.0,0.0,169.8,0.0,21.8,29.1,29.1,30.1,300.0,300.0,31.5,35.7,29.0,28.200000000000003,30.1,4.96,2.0,4.96,0.16,0.0,0.0,1027.0,8228.0,0.0,0.0,0.0,0.0,0.0,1.0,0.0,0.0,0.0,0.0,0.0,0.2,0.0,-0.9,0.0,0.0,16.0,25903.0
2026-07-30T19:02:03.345Z,292.828,292.842,0.0,7.4,0.0,0.0,0.0,0.0,0.0,0.0,0.0,0.0,1.0,0.0,0.0,0.0,9.0,4.0,0.0,0.0,0.0,0.0,0.0,0.0,0.0,0.0,5.0,12.0,1.0,12.15,5.01,2.5,1.49,0.0,0.0,0.0,133.3,0.0,0.2,0.1,-0.1,-169.70000000000002,0.0,0.0,169.8,0.0,21.8,29.1,29.1,30.1,300.0,300.0,31.5,35.7,29.0,28.200000000000003,30.1,4.96,1.99,4.97,0.16,0.0,0.0,1027.0,8228.0,0.0,0.0,0.0,0.0,0.0,1.0,0.0,0.0,0.0,0.0,0.0,0.0,0.0,0.1,0.0,0.0,16.0,25903.0
2026-07-30T19:02:03.356Z,292.839,292.854,0.0,7.4,0.0,0.0,0.0,0.0,0.0,0.0,0.0,0.0,1.0,0.0,0.0,0.0,9.0,4.0,0.0,0.0,0.0,0.0,0.0,0.0,0.0,0.0,6.0,12.0,1.0,12.15,5.01,2.5,1.49,0.0,0.0,0.0,133.5,0.0,0.2,0.1,-0.1,-169.70000000000002,0.0,0.0,169.8,0.0,21.8,29.1,29.1,30.1,300.0,300.0,31.5,35.7,29.0,28.200000000000003,30.1,4.95,2.0,4.97,0.16,0.0,0.0,1027.0,8228.0,0.0,0.0,0.0,0.0,0.0,1.0,0.0,0.0,0.0,0.0,0.0,0.0,0.0,0.1,0.0,0.0,16.0,25903.0
2026-07-30T19:02:03.368Z,292.851,292.866,0.0,7.4,0.0,0.0,0.0,0.0,0.0,0.0,0.0,0.0,1.0,0.0,0.0,0.0,9.0,4.0,0.0,0.0,0.0,0.0,0.0,0.0,0.0,0.0,1.0,12.0,1.0,12.15,5.01,2.5,1.49,0.0,0.0,0.0,133.70000000000002,0.0,-0.3,0.1,1.0,-169.70000000000002,0.0,0.0,169.8,0.0,21.8,29.1,29.1,30.1,300.0,300.0,31.5,35.7,29.0,28.200000000000003,30.1,4.96,2.0,4.96,0.15,0.0,0.0,1027.0,8228.0,0.0,0.0,0.0,0.0,0.0,1.0,0.0,0.0,0.0,0.0,0.0,0.9,0.0,-0.8,0.0,0.0,16.0,25903.0
2026-07-30T19:02:03.380Z,292.863,292.878,0.0,7.4,0.0,0.0,0.0,0.0,0.0,0.0,0.0,0.0,1.0,0.0,0.0,0.0,9.0,4.0,0.0,0.0,0.0,0.0,0.0,0.0,0.0,0.0,3.0,12.0,1.0,12.15,5.01,2.5,1.49,0.0,0.1,0.0,133.8,0.0,-0.9,0.1,-1.3,-169.70000000000002,0.0,0.0,169.8,0.0,21.8,29.1,29.1,30.1,300.0,300.0,31.5,35.7,29.0,28.200000000000003,30.1,4.95,1.99,4.97,0.15,0.0,0.0,1027.0,8228.0,0.0,0.0,0.0,0.0,0.0,1.0,0.0,0.0,0.0,0.0,0.0,-0.8,0.0,1.2000000000000002,0.0,0.0,16.0,25903.0
2026-07-30T19:02:03.392Z,292.875,292.89,0.0,7.4,0.0,0.0,0.0,0.0,0.0,0.0,0.0,0.0,1.0,0.0,0.0,0.0,9.0,4.0,0.0,0.0,0.0,0.0,0.0,0.0,0.0,0.0,3.0,12.0,1.0,12.15,5.01,2.5,1.49,0.0,0.0,0.0,133.70000000000002,0.0,0.8,0.7000000000000001,0.4,-169.70000000000002,0.0,0.0,169.8,0.0,21.8,29.1,29.1,30.1,300.0,300.0,31.5,35.7,29.0,28.200000000000003,30.1,4.95,1.99,4.97,0.16,0.0,0.0,1027.0,8228.0,0.0,0.0,0.0,0.0,0.0,1.0,0.0,0.0,0.0,0.0,0.0,1.1,0.0,-0.2,0.0,0.0,16.0,25903.0
2026-07-30T19:02:03.405Z,292.888,292.902,0.0,7.4,0.0,0.0,0.0,0.0,0.0,0.0,0.0,0.0,1.0,0.0,0.0,0.0,9.0,4.0,0.0,0.0,0.0,0.0,0.0,0.0,0.0,0.0,4.0,12.0,1.0,12.15,5.01,2.5,1.49,0.0,0.1,0.0,133.6,0.0,-0.3,0.1,-0.1,-169.70000000000002,0.0,0.0,169.8,0.0,21.8,29.1,29.1,30.1,300.0,300.0,31.5,35.7,29.0,28.200000000000003,30.1,4.96,1.99,4.97,0.16,0.0,0.0,1027.0,8228.0,0.0,0.0,0.0,0.0,0.0,1.0,0.0,0.0,0.0,0.0,0.0,0.0,0.0,0.1,0.0,0.0,16.0,25903.0
2026-07-30T19:02:03.417Z,292.9,292.914,0.0,7.4,0.0,0.0,0.0,0.0,0.0,0.0,0.0,0.0,1.0,0.0,0.0,0.0,9.0,4.0,0.0,0.0,0.0,0.0,0.0,0.0,0.0,0.0,5.0,12.0,1.0,12.15,5.01,2.5,1.49,0.0,0.0,0.0,133.5,0.0,0.2,-0.4,-0.7000000000000001,-169.70000000000002,0.0,0.0,169.8,0.0,21.8,29.1,29.1,30.1,300.0,300.0,31.5,35.7,29.0,28.200000000000003,30.1,4.96,1.99,4.96,0.16,0.0,0.0,1027.0,8228.0,0.0,0.0,0.0,0.0,0.0,1.0,0.0,0.0,0.0,0.0,0.0,-0.9,0.0,0.5,0.0,0.0,16.0,25903.0
2026-07-30T19:02:03.429Z,292.912,292.926,0.0,7.4,0.0,0.0,0.0,0.0,0.0,0.0,0.0,0.0,1.0,0.0,0.0,0.0,9.0,4.0,0.0,0.0,0.0,0.0,0.0,0.0,0.0,0.0,6.0,12.0,1.0,12.15,5.01,2.5,1.49,0.0,0.0,0.0,133.4,0.0,0.2,0.7000000000000001,2.2,-169.70000000000002,0.0,0.0,169.70000000000002,0.0,21.8,29.1,29.1,30.1,300.0,300.0,31.5,35.7,29.0,28.200000000000003,30.1,4.96,1.99,4.96,0.16,0.0,0.0,1027.0,8228.0,0.0,0.0,0.0,0.0,0.0,1.0,0.0,0.0,0.0,0.0,0.0,2.5,0.0,-1.8,0.0,0.0,16.0,25903.0
2026-07-30T19:02:03.440Z,292.923,292.938,0.0,7.4,0.0,0.0,0.0,0.0,0.0,0.0,0.0,0.0,1.0,0.0,0.0,0.0,9.0,4.0,0.0,0.0,0.0,0.0,0.0,0.0,0.0,0.0,1.0,12.0,1.0,12.19,5.01,2.51,1.49,0.0,0.0,0.0,133.3,0.0,0.2,-0.4,-0.6000000000000001,-169.70000000000002,0.0,0.0,169.8,0.0,21.3,29.1,29.1,30.1,300.0,300.0,31.6,35.7,29.0,28.200000000000003,30.1,4.96,1.99,4.96,0.16,0.0,0.0,1027.0,8228.0,0.0,0.0,0.0,0.0,0.0,1.0,0.0,0.0,0.0,0.0,0.0,-1.0,0.0,0.5,0.0,0.0,16.0,25903.0
2026-07-30T19:02:03.453Z,292.936,292.95,0.0,7.4,0.0,0.0,0.0,0.0,0.0,0.0,0.0,0.0,1.0,0.0,0.0,0.0,9.0,4.0,0.0,0.0,0.0,0.0,0.0,0.0,0.0,0.0,2.0,12.0,1.0,12.19,5.01,2.51,1.49,0.0,0.0,0.0,133.20000000000002,0.0,0.8,0.7000000000000001,0.4,-169.70000000000002,0.0,0.0,169.8,0.0,21.3,29.1,29.1,30.1,300.0,300.0,31.6,35.7,29.0,28.200000000000003,30.1,4.96,1.99,4.96,0.16,0.0,0.0,1027.0,8228.0,0.0,0.0,0.0,0.0,0.0,1.0,0.0,0.0,0.0,0.0,0.0,1.1,0.0,-0.2,0.0,0.0,16.0,25903.0
2026-07-30T19:02:03.464Z,292.947,292.962,0.0,7.4,0.0,0.0,0.0,0.0,0.0,0.0,0.0,0.0,1.0,0.0,0.0,0.0,9.0,4.0,0.0,0.0,0.0,0.0,0.0,0.0,0.0,0.0,3.0,12.0,1.0,12.19,5.01,2.51,1.49,0.0,0.0,0.0,133.1,0.0,0.3,0.1,1.0,-169.70000000000002,0.0,0.0,169.70000000000002,0.0,21.3,29.1,29.1,30.1,300.0,300.0,31.6,35.7,29.0,28.200000000000003,30.1,4.95,1.99,4.97,0.16,0.0,0.0,1027.0,8228.0,0.0,0.0,0.0,0.0,0.0,1.0,0.0,0.0,0.0,0.0,0.0,0.9,0.0,-0.8,0.0,0.0,16.0,25903.0
2026-07-30T19:02:03.476Z,292.959,292.974,0.0,7.4,0.0,0.0,0.0,0.0,0.0,0.0,0.0,0.0,1.0,0.0,0.0,0.0,9.0,4.0,0.0,0.0,0.0,0.0,0.0,0.0,0.0,0.0,5.0,12.0,1.0,12.19,5.01,2.51,1.49,0.0,0.0,0.0,133.0,0.0,-0.3,-0.4,-0.7000000000000001,-169.70000000000002,0.0,0.0,169.8,0.0,21.3,29.1,29.1,30.1,300.0,300.0,31.6,35.7,29.0,28.200000000000003,30.1,4.96,1.99,4.97,0.16,0.0,0.0,1027.0,8228.0,0.0,0.0,0.0,0.0,0.0,1.0,0.0,0.0,0.0,0.0,0.0,-1.0,0.0,0.5,0.0,0.0,16.0,25903.0
2026-07-30T19:02:03.488Z,292.971,292.986,0.0,7.4,0.0,0.0,0.0,0.0,0.0,0.0,0.0,0.0,1.0,0.0,0.0,0.0,9.0,4.0,0.0,0.0,0.0,0.0,0.0,0.0,0.0,0.0,6.0,12.0,1.0,12.19,5.01,2.51,1.49,0.0,0.0,0.0,132.9,0.0,0.2,1.3,1.0,-169.70000000000002,0.0,0.0,169.8,0.0,21.3,29.1,29.1,30.1,300.0,300.0,31.6,35.7,29.0,28.200000000000003,30.1,4.96,1.99,4.97,0.16,0.0,0.0,1027.0,8228.0,0.0,0.0,0.0,0.0,0.0,1.0,0.0,0.0,0.0,0.0,0.0,2.2,0.0,-0.6000000000000001,0.0,0.0,16.0,25903.0
2026-07-30T19:02:03.500Z,292.983,292.998,0.0,7.4,0.0,0.0,0.0,0.0,0.0,0.0,0.0,0.0,1.0,0.0,0.0,0.0,9.0,4.0,0.0,0.0,0.0,0.0,0.0,0.0,0.0,0.0,1.0,12.0,1.0,12.19,5.01,2.51,1.49,0.0,0.1,0.0,132.8,0.0,0.2,0.1,0.4,-169.70000000000002,0.0,0.0,169.8,0.0,21.3,29.1,29.1,30.1,300.0,300.0,31.6,35.7,29.0,28.200000000000003,30.1,4.95,1.99,4.97,0.16,0.0,0.0,1027.0,8228.0,0.0,0.0,0.0,0.0,0.0,1.0,0.0,0.0,0.0,0.0,0.0,0.4,0.0,-0.3,0.0,0.0,16.0,25903.0
2026-07-30T19:02:03.512Z,292.995,293.01,0.0,7.4,0.0,0.0,0.0,0.0,0.0,0.0,0.0,0.0,1.0,0.0,0.0,0.0,9.0,4.0,0.0,0.0,0.0,0.0,0.0,0.0,0.0,0.0,3.0,12.0,1.0,12.19,5.01,2.51,1.49,0.0,0.0,0.0,132.6,0.0,-0.3,-0.9,-0.1,-169.70000000000002,0.0,0.0,169.8,0.0,21.3,29.1,29.1,30.1,300.0,300.0,31.6,35.7,29.0,28.200000000000003,30.1,4.95,1.99,4.96,0.16,0.0,0.0,1027.0,8228.0,0.0,0.0,0.0,0.0,0.0,1.0,0.0,0.0,0.0,0.0,0.0,-1.1,0.0,-0.1,0.0,0.0,16.0,25903.0
2026-07-30T19:02:03.525Z,293.008,293.022,0.0,7.4,0.0,0.0,0.0,0.0,0.0,0.0,0.0,0.0,1.0,0.0,0.0,0.0,9.0,4.0,0.0,0.0,0.0,0.0,0.0,0.0,0.0,0.0,3.0,12.0,1.0,12.19,5.01,2.51,1.49,0.0,0.0,0.0,132.6,0.0,0.2,-1.5,-0.7000000000000001,-169.70000000000002,0.0,0.0,169.8,0.0,21.3,29.1,29.1,30.1,300.0,300.0,31.6,35.7,29.0,28.200000000000003,30.1,4.95,2.0,4.96,0.16,0.0,0.0,1027.0,8228.0,0.0,0.0,0.0,0.0,0.0,1.0,0.0,0.0,0.0,0.0,0.0,-2.3000000000000003,0.0,0.3,0.0,0.0,16.0,25903.0
2026-07-30T19:02:03.537Z,293.02,293.034,0.0,7.4,0.0,0.0,0.0,0.0,0.0,0.0,0.0,0.0,1.0,0.0,0.0,0.0,9.0,4.0,0.0,0.0,0.0,0.0,0.0,0.0,0.0,0.0,5.0,12.0,1.0,12.15,5.01,2.51,1.5,0.0,0.0,0.0,132.5,0.0,0.2,1.3,1.0,-169.70000000000002,0.0,0.0,169.8,0.0,21.4,29.1,29.1,30.1,300.0,300.0,31.6,35.7,29.0,28.200000000000003,30.1,4.95,1.99,4.97,0.16,0.0,0.0,1027.0,8228.0,0.0,0.0,0.0,0.0,0.0,1.0,0.0,0.0,0.0,0.0,0.0,2.3000000000000003,0.0,-0.6000000000000001,0.0,0.0,16.0,25903.0
2026-07-30T19:02:03.548Z,293.031,293.046,0.0,7.4,0.0,0.0,0.0,0.0,0.0,0.0,0.0,0.0,1.0,0.0,0.0,0.0,9.0,4.0,0.0,0.0,0.0,0.0,0.0,0.0,0.0,0.0,6.0,12.0,1.0,12.15,5.01,2.51,1.5,0.0,0.1,0.0,132.3,0.0,0.2,-0.3,-0.1,-169.70000000000002,0.0,0.0,169.8,0.0,21.4,29.1,29.1,30.1,300.0,300.0,31.6,35.7,29.0,28.200000000000003,30.1,4.95,1.99,4.97,0.16,0.0,0.0,1027.0,8228.0,0.0,0.0,0.0,0.0,0.0,1.0,0.0,0.0,0.0,0.0,0.0,-0.5,0.0,0.0,0.0,0.0,16.0,25903.0
2026-07-30T19:02:03.560Z,293.043,293.058,0.0,7.4,0.0,0.0,0.0,0.0,0.0,0.0,0.0,0.0,1.0,0.0,0.0,0.0,9.0,4.0,0.0,0.0,0.0,0.0,0.0,0.0,0.0,0.0,1.0,12.0,1.0,12.15,5.01,2.51,1.5,0.0,0.0,0.0,132.20000000000002,0.0,0.3,-0.3,-0.7000000000000001,-169.70000000000002,0.0,0.0,169.8,0.0,21.4,29.1,29.1,30.1,300.0,300.0,31.6,35.7,29.0,28.200000000000003,30.1,4.96,1.99,4.97,0.16,0.0,0.0,1027.0,8228.0,0.0,0.0,0.0,0.0,0.0,1.0,0.0,0.0,0.0,0.0,0.0,-0.9,0.0,0.5,0.0,0.0,16.0,25903.0
2026-07-30T19:02:03.572Z,293.055,293.07,0.0,7.4,0.0,0.0,0.0,0.0,0.0,0.0,0.0,0.0,1.0,0.0,0.0,0.0,9.0,4.0,0.0,0.0,0.0,0.0,0.0,0.0,0.0,0.0,2.0,12.0,1.0,12.15,5.01,2.51,1.5,0.0,0.0,0.0,132.1,0.0,0.3,-1.0,-0.6000000000000001,-169.70000000000002,0.0,0.0,169.8,0.0,21.4,29.1,29.1,30.1,300.0,300.0,31.6,35.7,29.0,28.200000000000003,30.1,4.95,1.99,4.97,0.16,0.0,0.0,1027.0,8228.0,0.0,0.0,0.0,0.0,0.0,1.0,0.0,0.0,0.0,0.0,0.0,-1.6,0.0,0.3,0.0,0.0,16.0,25903.0
2026-07-30T19:02:03.584Z,293.067,293.082,0.0,7.4,0.0,0.0,0.0,0.0,0.0,0.0,0.0,0.0,1.0,0.0,0.0,0.0,9.0,4.0,0.0,0.0,0.0,0.0,0.0,0.0,0.0,0.0,3.0,12.0,1.0,12.15,5.01,2.51,1.5,0.0,0.0,0.0,132.0,0.0,0.3,0.7000000000000001,0.0,-169.70000000000002,0.0,0.0,169.8,0.0,21.4,29.1,29.1,30.1,300.0,300.0,31.6,35.7,29.0,28.200000000000003,30.1,4.95,1.99,4.97,0.16,0.0,0.0,1027.0,8228.0,0.0,0.0,0.0,0.0,0.0,1.0,0.0,0.0,0.0,0.0,0.0,0.7000000000000001,0.0,0.2,0.0,0.0,16.0,25903.0
2026-07-30T19:02:03.596Z,293.079,293.094,0.0,7.4,0.0,0.0,0.0,0.0,0.0,0.0,0.0,0.0,1.0,0.0,0.0,0.0,9.0,4.0,0.0,0.0,0.0,0.0,0.0,0.0,0.0,0.0,4.0,12.0,1.0,12.15,5.01,2.51,1.5,0.0,0.0,0.0,131.9,0.0,0.8,-0.4,-0.6000000000000001,-169.70000000000002,0.0,0.0,169.8,0.0,21.4,29.1,29.1,30.1,300.0,300.0,31.6,35.7,29.0,28.200000000000003,30.1,4.96,2.0,4.97,0.16,0.0,0.0,1027.0,8228.0,0.0,0.0,0.0,0.0,0.0,1.0,0.0,0.0,0.0,0.0,0.0,-0.9,0.0,0.4,0.0,0.0,16.0,25903.0
2026-07-30T19:02:03.608Z,293.091,293.106,0.0,7.4,0.0,0.0,0.0,0.0,0.0,0.0,0.0,0.0,1.0,0.0,0.0,0.0,9.0,4.0,0.0,0.0,0.0,0.0,0.0,0.0,0.0,0.0,5.0,12.0,1.0,12.15,5.01,2.51,1.5,0.0,0.0,0.0,131.8,0.0,0.8,-0.4,1.6,-169.70000000000002,0.0,0.0,169.8,0.0,21.4,29.1,29.1,30.1,300.0,300.0,31.6,35.7,29.0,28.200000000000003,30.1,4.95,2.0,4.96,0.16,0.0,0.0,1027.0,8228.0,0.0,0.0,0.0,0.0,0.0,1.0,0.0,0.0,0.0,0.0,0.0,0.7000000000000001,0.0,-1.5,0.0,0.0,16.0,25903.0
2026-07-30T19:02:03.620Z,293.103,293.118,0.0,7.4,0.0,0.0,0.0,0.0,0.0,0.0,0.0,0.0,1.0,0.0,0.0,0.0,9.0,4.0,0.0,0.0,0.0,0.0,0.0,0.0,0.0,0.0,6.0,12.0,1.0,12.15,5.01,2.51,1.5,0.0,0.0,0.0,131.70000000000002,0.0,-0.9,-0.4,0.0,-169.70000000000002,0.0,0.0,169.8,0.0,21.4,29.1,29.1,30.1,300.0,300.0,31.6,35.7,29.0,28.200000000000003,30.1,4.95,1.99,4.97,0.16,0.0,0.0,1027.0,8228.0,0.0,0.0,0.0,0.0,0.0,1.0,0.0,0.0,0.0,0.0,0.0,-0.5,0.0,0.0,0.0,0.0,16.0,25903.0
2026-07-30T19:02:03.632Z,293.115,293.13,0.0,7.4,0.0,0.0,0.0,0.0,0.0,0.0,0.0,0.0,1.0,0.0,0.0,0.0,9.0,4.0,0.0,0.0,0.0,0.0,0.0,0.0,0.0,0.0,1.0,12.0,1.0,12.15,5.01,2.51,1.5,0.0,0.0,0.0,131.6,0.0,0.8,-0.4,0.0,-169.70000000000002,0.0,0.0,169.8,0.0,21.4,29.1,29.1,30.1,300.0,300.0,31.6,35.7,29.0,28.200000000000003,30.1,4.95,1.99,4.96,0.16,0.0,0.0,1027.0,8228.0,0.0,0.0,0.0,0.0,0.0,1.0,0.0,0.0,0.0,0.0,0.0,-0.5,0.0,0.0,0.0,0.0,16.0,25903.0
2026-07-30T19:02:03.644Z,293.127,293.142,0.0,7.4,0.0,0.0,0.0,0.0,0.0,0.0,0.0,0.0,1.0,0.0,0.0,0.0,9.0,4.0,0.0,0.0,0.0,0.0,0.0,0.0,0.0,0.0,2.0,12.0,1.0,12.18,5.01,2.5,1.49,0.0,0.0,0.0,131.4,0.0,0.2,0.7000000000000001,0.0,-169.70000000000002,0.0,0.0,169.8,0.0,21.0,29.1,29.1,30.1,300.0,300.0,31.700000000000003,35.7,29.0,28.200000000000003,30.1,4.96,1.99,4.96,0.16,0.0,0.0,1027.0,8228.0,0.0,0.0,0.0,0.0,0.0,1.0,0.0,0.0,0.0,0.0,0.0,0.1,0.0,0.0,0.0,0.0,16.0,25903.0
2026-07-30T19:02:03.657Z,293.14,293.154,0.0,7.4,0.0,0.0,0.0,0.0,0.0,0.0,0.0,0.0,1.0,0.0,0.0,0.0,9.0,4.0,0.0,0.0,0.0,0.0,0.0,0.0,0.0,0.0,3.0,12.0,1.0,12.18,5.01,2.5,1.49,0.0,0.0,0.0,131.4,0.0,0.2,-0.4,0.0,-169.8,0.0,0.0,169.8,0.0,21.0,29.1,29.1,30.1,300.0,300.0,31.700000000000003,35.7,29.0,28.200000000000003,30.1,4.96,1.99,4.96,0.16,0.0,0.0,1027.0,8228.0,0.0,0.0,0.0,0.0,0.0,1.0,0.0,0.0,0.0,0.0,0.0,-0.5,0.0,0.0,0.0,0.0,16.0,25903.0
2026-07-30T19:02:03.669Z,293.152,293.166,0.0,7.4,0.0,0.0,0.0,0.0,0.0,0.0,0.0,0.0,1.0,0.0,0.0,0.0,9.0,4.0,0.0,0.0,0.0,0.0,0.0,0.0,0.0,0.0,4.0,12.0,1.0,12.18,5.01,2.5,1.49,0.0,0.1,0.0,131.20000000000002,0.0,-0.9,0.7000000000000001,1.0,-169.8,0.0,0.0,169.8,0.0,21.0,29.1,29.1,30.1,300.0,300.0,31.700000000000003,35.7,29.0,28.200000000000003,30.1,4.95,1.99,4.97,0.16,0.0,0.0,1027.0,8228.0,0.0,0.0,0.0,0.0,0.0,1.0,0.0,0.0,0.0,0.0,0.0,1.5,0.0,-0.7000000000000001,0.0,0.0,16.0,25903.0
2026-07-30T19:02:03.680Z,293.163,293.178,0.0,7.4,0.0,0.0,0.0,0.0,0.0,0.0,0.0,0.0,1.0,0.0,0.0,0.0,9.0,4.0,0.0,0.0,0.0,0.0,0.0,0.0,0.0,0.0,5.0,12.0,1.0,12.18,5.01,2.5,1.49,0.0,0.0,0.0,131.1,0.0,0.7000000000000001,1.3,1.6,-169.8,0.0,0.0,169.8,0.0,21.0,29.1,29.1,30.1,300.0,300.0,31.700000000000003,35.7,29.0,28.200000000000003,30.1,4.95,1.99,4.96,0.16,0.0,0.0,1027.0,8228.0,0.0,0.0,0.0,0.0,0.0,1.0,0.0,0.0,0.0,0.0,0.0,2.7,0.0,-1.1,0.0,0.0,16.0,25903.0
2026-07-30T19:02:03.692Z,293.175,293.19,0.0,7.4,0.0,0.0,0.0,0.0,0.0,0.0,0.0,0.0,1.0,0.0,0.0,0.0,9.0,4.0,0.0,0.0,0.0,0.0,0.0,0.0,0.0,0.0,6.0,12.0,1.0,12.18,5.01,2.5,1.49,0.0,0.1,0.0,131.1,0.0,1.3,0.1,-0.7000000000000001,-169.8,0.0,0.0,169.8,0.0,21.0,29.1,29.1,30.1,300.0,300.0,31.700000000000003,35.7,29.0,28.200000000000003,30.1,4.96,1.99,4.96,0.16,0.0,0.0,1027.0,8228.0,0.0,0.0,0.0,0.0,0.0,1.0,0.0,0.0,0.0,0.0,0.0,0.0,0.0,0.1,0.0,0.0,16.0,25903.0
2026-07-30T19:02:03.705Z,293.188,293.202,0.0,7.4,0.0,0.0,0.0,0.0,0.0,0.0,0.0,0.0,1.0,0.0,0.0,0.0,9.0,4.0,0.0,0.0,0.0,0.0,0.0,0.0,0.0,0.0,1.0,12.0,1.0,12.18,5.01,2.5,1.49,0.0,0.0,0.0,130.9,0.0,0.2,0.1,-0.1,-169.8,0.0,0.0,169.8,0.0,21.0,29.1,29.1,30.1,300.0,300.0,31.700000000000003,35.7,29.0,28.200000000000003,30.1,4.95,1.99,4.97,0.16,0.0,0.0,1027.0,8228.0,0.0,0.0,0.0,0.0,0.0,1.0,0.0,0.0,0.0,0.0,0.0,0.7000000000000001,0.0,0.2,0.0,0.0,16.0,25903.0
2026-07-30T19:02:03.717Z,293.2,293.214,0.0,7.4,0.0,0.0,0.0,0.0,0.0,0.0,0.0,0.0,1.0,0.0,0.0,0.0,9.0,4.0,0.0,0.0,0.0,0.0,0.0,0.0,0.0,0.0,2.0,12.0,1.0,12.18,5.01,2.5,1.49,0.0,0.0,0.0,130.8,0.0,-0.9,-0.4,0.0,-169.8,0.0,0.0,169.8,0.0,21.0,29.1,29.1,30.1,300.0,300.0,31.700000000000003,35.7,29.0,28.200000000000003,30.1,4.96,1.99,4.96,0.16,0.0,0.0,1027.0,8228.0,0.0,0.0,0.0,0.0,0.0,1.0,0.0,0.0,0.0,0.0,0.0,-0.5,0.0,0.0,0.0,0.0,16.0,25903.0
2026-07-30T19:02:03.729Z,293.212,293.226,0.0,7.4,0.0,0.0,0.0,0.0,0.0,0.0,0.0,0.0,1.0,0.0,0.0,0.0,9.0,4.0,0.0,0.0,0.0,0.0,0.0,0.0,0.0,0.0,3.0,12.0,1.0,12.18,5.01,2.5,1.49,0.0,0.0,0.0,130.70000000000002,0.0,-0.9,0.1,0.0,-169.8,0.0,0.0,169.8,0.0,21.0,29.1,29.1,30.1,300.0,300.0,31.700000000000003,35.7,29.0,28.200000000000003,30.1,4.96,2.0,4.97,0.16,0.0,0.0,1027.0,8228.0,0.0,0.0,0.0,0.0,0.0,1.0,0.0,0.0,0.0,0.0,0.0,0.1,0.0,0.0,0.0,0.0,16.0,25903.0
2026-07-30T19:02:03.741Z,293.224,293.238,0.0,7.4,0.0,0.0,0.0,0.0,0.0,0.0,0.0,0.0,1.0,0.0,0.0,0.0,9.0,4.0,0.0,0.0,0.0,0.0,0.0,0.0,0.0,0.0,4.0,12.0,1.0,12.17,5.0200000000000005,2.51,1.49,0.0,0.0,0.0,130.6,0.0,0.2,0.1,1.6,-169.8,0.0,0.0,169.8,0.0,21.3,29.1,29.1,30.1,300.0,300.0,31.6,35.7,29.0,28.200000000000003,30.1,4.95,1.99,4.97,0.16,0.0,0.0,1027.0,8228.0,0.0,0.0,0.0,0.0,0.0,1.0,0.0,0.0,0.0,0.0,0.0,1.4,0.0,-1.4,0.0,0.0,16.0,25903.0
2026-07-30T19:02:03.753Z,293.236,293.25,0.0,7.4,0.0,0.0,0.0,0.0,0.0,0.0,0.0,0.0,1.0,0.0,0.0,0.0,9.0,4.0,0.0,0.0,0.0,0.0,0.0,0.0,0.0,0.0,5.0,12.0,1.0,12.17,5.0200000000000005,2.51,1.49,0.0,0.1,0.0,130.5,0.0,0.2,0.1,-0.1,-169.8,0.0,0.0,169.8,0.0,21.3,29.1,29.1,30.1,300.0,300.0,31.6,35.7,29.0,28.200000000000003,30.1,4.95,1.99,4.97,0.16,0.0,0.0,1027.0,8228.0,0.0,0.0,0.0,0.0,0.0,1.0,0.0,0.0,0.0,0.0,0.0,0.0,0.0,0.1,0.0,0.0,16.0,25903.0
2026-07-30T19:02:03.764Z,293.247,293.262,0.0,7.4,0.0,0.0,0.0,0.0,0.0,0.0,0.0,0.0,1.0,0.0,0.0,0.0,9.0,4.0,0.0,0.0,0.0,0.0,0.0,0.0,0.0,0.0,1.0,12.0,1.0,12.17,5.0200000000000005,2.51,1.49,0.0,0.0,0.0,130.4,0.0,-2.0,-1.6,-1.8,-169.8,0.0,0.0,169.8,0.0,21.3,29.1,29.1,30.1,300.0,300.0,31.6,35.7,29.0,28.200000000000003,30.1,4.96,1.99,4.96,0.16,0.0,0.0,1027.0,8228.0,0.0,0.0,0.0,0.0,0.0,1.0,0.0,0.0,0.0,0.0,0.0,-3.2,0.0,1.3,0.0,0.0,16.0,25903.0
2026-07-30T19:02:03.776Z,293.259,293.274,0.0,7.4,0.0,0.0,0.0,0.0,0.0,0.0,0.0,0.0,1.0,0.0,0.0,0.0,9.0,4.0,0.0,0.0,0.0,0.0,0.0,0.0,0.0,0.0,2.0,12.0,1.0,12.17,5.0200000000000005,2.51,1.49,0.0,0.0,0.0,130.3,0.0,-0.3,1.2000000000000002,-0.1,-169.8,0.0,0.0,169.8,0.0,21.3,29.1,29.1,30.1,300.0,300.0,31.6,35.7,29.0,28.200000000000003,30.1,4.96,1.99,4.97,0.16,0.0,0.0,1027.0,8228.0,0.0,0.0,0.0,0.0,0.0,1.0,0.0,0.0,0.0,0.0,0.0,1.3,0.0,0.3,0.0,0.0,16.0,25903.0
2026-07-30T19:02:03.789Z,293.272,293.286,0.0,7.4,0.0,0.0,0.0,0.0,0.0,0.0,0.0,0.0,1.0,0.0,0.0,0.0,9.0,4.0,0.0,0.0,0.0,0.0,0.0,0.0,0.0,0.0,3.0,12.0,1.0,12.17,5.0200000000000005,2.51,1.49,0.0,0.0,0.0,130.20000000000002,0.0,0.2,1.3,-0.6000000000000001,-169.8,0.0,0.0,169.8,0.0,21.3,29.1,29.1,30.1,300.0,300.0,31.6,35.7,29.0,28.200000000000003,30.1,4.95,1.99,4.97,0.16,0.0,0.0,1027.0,8228.0,0.0,0.0,0.0,0.0,0.0,1.0,0.0,0.0,0.0,0.0,0.0,0.9,0.0,0.8,0.0,0.0,16.0,25903.0
2026-07-30T19:02:03.800Z,293.283,293.298,0.0,7.4,0.0,0.0,0.0,0.0,0.0,0.0,0.0,0.0,1.0,0.0,0.0,0.0,9.0,4.0,0.0,0.0,0.0,0.0,0.0,0.0,0.0,0.0,4.0,12.0,1.0,12.17,5.0200000000000005,2.51,1.49,0.0,0.0,0.0,130.4,0.0,-0.3,0.1,0.4,-169.8,0.0,0.0,169.8,0.0,21.3,29.1,29.1,30.1,300.0,300.0,31.6,35.7,29.0,28.200000000000003,30.1,4.96,1.99,4.97,0.16,0.0,0.0,1027.0,8228.0,0.0,0.0,0.0,0.0,0.0,1.0,0.0,0.0,0.0,0.0,0.0,0.5,0.0,-0.4,0.0,0.0,16.0,25903.0
2026-07-30T19:02:03.813Z,293.296,293.31,0.0,7.4,0.0,0.0,0.0,0.0,0.0,0.0,0.0,0.0,1.0,0.0,0.0,0.0,9.0,4.0,0.0,0.0,0.0,0.0,0.0,0.0,0.0,0.0,5.0,12.0,1.0,12.17,5.0200000000000005,2.51,1.49,0.0,0.0,0.0,130.5,0.0,0.2,-1.0,-1.8,-169.8,0.0,0.0,169.8,0.0,21.3,29.1,29.1,30.1,300.0,300.0,31.6,35.7,29.0,28.200000000000003,30.1,4.95,2.0,4.96,0.16,0.0,0.0,1027.0,8228.0,0.0,0.0,0.0,0.0,0.0,1.0,0.0,0.0,0.0,0.0,0.0,-2.6,0.0,1.4,0.0,0.0,16.0,25903.0
2026-07-30T19:02:03.825Z,293.308,293.322,0.0,7.4,0.0,0.0,0.0,0.0,0.0,0.0,0.0,0.0,1.0,0.0,0.0,0.0,9.0,4.0,0.0,0.0,0.0,0.0,0.0,0.0,0.0,0.0,6.0,12.0,1.0,12.17,5.0200000000000005,2.51,1.49,0.0,0.0,0.0,130.70000000000002,0.0,-0.3,1.2000000000000002,-0.6000000000000001,-169.8,0.0,0.0,169.8,0.0,21.3,29.1,29.1,30.1,300.0,300.0,31.6,35.7,29.0,28.200000000000003,30.1,4.95,1.99,4.97,0.16,0.0,0.0,1027.0,8228.0,0.0,0.0,0.0,0.0,0.0,1.0,0.0,0.0,0.0,0.0,0.0,0.9,0.0,0.8,0.0,0.0,16.0,25903.0
2026-07-30T19:02:03.837Z,293.32,293.334,0.0,7.4,0.0,0.0,0.0,0.0,0.0,0.0,0.0,0.0,1.0,0.0,0.0,0.0,9.0,4.0,0.0,0.0,0.0,0.0,0.0,0.0,0.0,0.0,1.0,12.0,1.0,12.17,5.0200000000000005,2.51,1.49,0.0,0.0,0.0,130.9,0.0,-0.3,1.2000000000000002,-0.1,-169.8,0.0,0.0,169.8,0.0,21.3,29.1,29.1,30.1,300.0,300.0,31.6,35.7,29.0,28.200000000000003,30.1,4.95,1.99,4.97,0.16,0.0,0.0,1027.0,8228.0,0.0,0.0,0.0,0.0,0.0,1.0,0.0,0.0,0.0,0.0,0.0,1.3,0.0,0.3,0.0,0.0,16.0,25903.0
2026-07-30T19:02:03.849Z,293.332,293.346,0.0,7.4,0.0,0.0,0.0,0.0,0.0,0.0,0.0,0.0,1.0,0.0,0.0,0.0,9.0,4.0,0.0,0.0,0.0,0.0,0.0,0.0,0.0,0.0,2.0,12.0,1.0,12.18,5.01,2.51,1.49,0.0,0.0,0.0,131.1,0.0,-0.3,-1.0,-0.7000000000000001,-169.8,0.0,0.0,169.70000000000002,0.0,21.4,29.1,29.1,30.1,300.0,300.0,31.6,35.7,29.0,28.200000000000003,30.1,4.96,1.99,4.96,0.16,0.0,0.0,1027.0,8228.0,0.0,0.0,0.0,0.0,0.0,1.0,0.0,0.0,0.0,0.0,0.0,-1.7000000000000002,0.0,0.4,0.0,0.0,16.0,25903.0
2026-07-30T19:02:03.860Z,293.343,293.358,0.0,7.4,0.0,0.0,0.0,0.0,0.0,0.0,0.0,0.0,1.0,0.0,0.0,0.0,9.0,4.0,0.0,0.0,0.0,0.0,0.0,0.0,0.0,0.0,3.0,12.0,1.0,12.18,5.01,2.51,1.49,0.0,0.1,0.0,131.3,0.0,0.2,-0.5,-0.7000000000000001,-169.8,0.0,0.0,169.70000000000002,0.0,21.4,29.1,29.1,30.1,300.0,300.0,31.6,35.7,29.0,28.200000000000003,30.1,4.95,1.99,4.96,0.16,0.0,0.0,1027.0,8228.0,0.0,0.0,0.0,0.0,0.0,1.0,0.0,0.0,0.0,0.0,0.0,-1.1,0.0,0.5,0.0,0.0001,16.0,25903.0
2026-07-30T19:02:03.872Z,293.355,293.37,0.0,7.4,0.0,0.0,0.0,0.0,0.0,0.0,0.0,0.0,1.0,0.0,0.0,0.0,9.0,4.0,0.0,0.0,0.0,0.0,0.0,0.0,0.0,0.0,5.0,12.0,1.0,12.18,5.01,2.51,1.49,0.0,0.0,0.0,131.5,0.0,0.8,0.6000000000000001,1.5,-169.8,0.0,0.0,169.8,0.0,21.4,29.1,29.1,30.1,300.0,300.0,31.6,35.7,29.0,28.200000000000003,30.1,4.95,1.99,4.96,0.16,0.0,0.0,1027.0,8228.0,0.0,0.0,0.0,0.0,0.0,1.0,0.0,0.0,0.0,0.0,0.0,1.9,0.0,-1.2000000000000002,0.0,0.0,16.0,25903.0
2026-07-30T19:02:03.884Z,293.367,293.382,0.0,7.4,0.0,0.0,0.0,0.0,0.0,0.0,0.0,0.0,1.0,0.0,0.0,0.0,9.0,4.0,0.0,0.0,0.0,0.0,0.0,0.0,0.0,0.0,6.0,12.0,1.0,12.18,5.01,2.51,1.49,0.0,0.0,0.0,131.6,0.0,-0.3,0.1,-0.1,-169.8,0.0,0.0,169.8,0.0,21.4,29.1,29.1,30.1,300.0,300.0,31.6,35.7,29.0,28.200000000000003,30.1,4.96,2.0,4.96,0.16,0.0,0.0,1027.0,8228.0,0.0,0.0,0.0,0.0,0.0,1.0,0.0,0.0,0.0,0.0,0.0,0.0,0.0,0.1,0.0,0.0001,16.0,25903.0
2026-07-30T19:02:03.896Z,293.379,293.394,0.0,7.4,0.0,0.0,0.0,0.0,0.0,0.0,0.0,0.0,1.0,0.0,0.0,0.0,9.0,4.0,0.0,0.0,0.0,0.0,0.0,0.0,0.0,0.0,1.0,12.0,1.0,12.18,5.01,2.51,1.49,0.0,0.0,0.0,131.9,0.0,0.2,0.0,1.0,-169.8,0.0,0.0,169.8,0.0,21.4,29.1,29.1,30.1,300.0,300.0,31.6,35.7,29.0,28.200000000000003,30.1,4.95,2.0,4.96,0.16,0.0,0.0,1027.0,8228.0,0.0,0.0,0.0,0.0,0.0,1.0,0.0,0.0,0.0,0.0,0.0,0.8,0.0,-0.8,0.0,0.0,16.0,25903.0
2026-07-30T19:02:03.908Z,293.391,293.406,0.0,7.4,0.0,0.0,0.0,0.0,0.0,0.0,0.0,0.0,1.0,0.0,0.0,0.0,9.0,4.0,0.0,0.0,0.0,0.0,0.0,0.0,0.0,0.0,2.0,12.0,1.0,12.18,5.01,2.51,1.49,0.0,0.0,0.0,132.1,0.0,0.2,-0.4,0.0,-169.8,0.0,0.0,169.8,0.0,21.4,29.1,29.1,30.1,300.0,300.0,31.6,35.7,29.0,28.200000000000003,30.1,4.95,1.99,4.97,0.16,0.0,0.0,1027.0,8228.0,0.0,0.0,0.0,0.0,0.0,1.0,0.0,0.0,0.0,0.0,0.0,-0.6000000000000001,0.0,0.0,0.0,0.0,16.0,25903.0
2026-07-30T19:02:03.920Z,293.403,293.418,0.0,7.4,0.0,0.0,0.0,0.0,0.0,0.0,0.0,0.0,1.0,0.0,0.0,0.0,9.0,4.0,0.0,0.0,0.0,0.0,0.0,0.0,0.0,0.0,3.0,12.0,1.0,12.18,5.01,2.51,1.49,0.0,0.0,0.0,132.3,0.0,1.4,1.2000000000000002,1.6,-169.8,0.0,0.0,169.70000000000002,0.0,21.4,29.1,29.1,30.1,300.0,300.0,31.6,35.7,29.0,28.200000000000003,30.1,4.95,1.99,4.97,0.16,0.0,0.0,1027.0,8228.0,0.0,0.0,0.0,0.0,0.0,1.0,0.0,0.0,0.0,0.0,0.0,2.6,0.0,-1.2000000000000002,0.0,0.0,16.0,25903.0
2026-07-30T19:02:03.932Z,293.415,293.43,0.0,7.4,0.0,0.0,0.0,0.0,0.0,0.0,0.0,0.0,1.0,0.0,0.0,0.0,9.0,4.0,0.0,0.0,0.0,0.0,0.0,0.0,0.0,0.0,4.0,12.0,1.0,12.18,5.01,2.51,1.49,0.0,0.0,0.0,132.4,0.0,0.2,0.6000000000000001,0.0,-169.70000000000002,0.0,0.0,169.8,0.0,21.4,29.1,29.1,30.1,300.0,300.0,31.6,35.7,29.0,28.200000000000003,30.1,4.96,1.99,4.97,0.16,0.0,0.0,1027.0,8228.0,0.0,0.0,0.0,0.0,0.0,1.0,0.0,0.0,0.0,0.0,0.0,0.7000000000000001,0.0,0.2,0.0,0.0001,16.0,25903.0
2026-07-30T19:02:03.945Z,293.428,293.442,0.0,7.4,0.0,0.0,0.0,0.0,0.0,0.0,0.0,0.0,1.0,0.0,0.0,0.0,9.0,4.0,0.0,0.0,0.0,0.0,0.0,0.0,0.0,0.0,5.0,12.0,1.0,12.19,5.01,2.5,1.49,0.0,0.1,0.0,132.6,0.0,-0.3,-0.4,0.0,-169.70000000000002,0.0,0.0,169.70000000000002,0.0,21.4,29.1,29.1,30.1,300.0,300.0,31.700000000000003,35.7,29.0,28.200000000000003,30.1,4.95,1.99,4.97,0.16,0.0,0.0,1027.0,8228.0,0.0,0.0,0.0,0.0,0.0,1.0,0.0,0.0,0.0,0.0,0.0,-0.6000000000000001,0.0,0.0,0.0,0.0,16.0,25903.0
2026-07-30T19:02:03.957Z,293.44,293.454,0.0,7.4,0.0,0.0,0.0,0.0,0.0,0.0,0.0,0.0,1.0,0.0,0.0,0.0,9.0,4.0,0.0,0.0,0.0,0.0,0.0,0.0,0.0,0.0,6.0,12.0,1.0,12.19,5.01,2.5,1.49,0.0,0.0,0.0,132.8,0.0,0.2,-0.4,-0.1,-169.70000000000002,0.0,0.0,169.8,0.0,21.4,29.1,29.1,30.1,300.0,300.0,31.700000000000003,35.7,29.0,28.200000000000003,30.1,4.96,1.99,4.97,0.16,0.0,0.0,1027.0,8228.0,0.0,0.0,0.0,0.0,0.0,1.0,0.0,0.0,0.0,0.0,0.0,-0.6000000000000001,0.0,0.0,0.0,0.0,16.0,25903.0
2026-07-30T19:02:03.969Z,293.452,293.466,0.0,7.4,0.0,0.0,0.0,0.0,0.0,0.0,0.0,0.0,1.0,0.0,0.0,0.0,9.0,4.0,0.0,0.0,0.0,0.0,0.0,0.0,0.0,0.0,1.0,12.0,1.0,12.19,5.01,2.5,1.49,0.0,0.0,0.0,133.0,0.0,0.2,1.8,2.2,-169.70000000000002,0.0,0.0,169.70000000000002,0.0,21.4,29.1,29.1,30.1,300.0,300.0,31.700000000000003,35.7,29.0,28.200000000000003,30.1,4.96,2.0,4.96,0.16,0.0,0.0,1027.0,8228.0,0.0,0.0,0.0,0.0,0.0,1.0,0.0,0.0,0.0,0.0,0.0,3.8,0.0,-1.6,0.0,0.0,16.0,25903.0
2026-07-30T19:02:03.981Z,293.464,293.478,0.0,7.4,0.0,0.0,0.0,0.0,0.0,0.0,0.0,0.0,1.0,0.0,0.0,0.0,9.0,4.0,0.0,0.0,0.0,0.0,0.0,0.0,0.0,0.0,2.0,12.0,1.0,12.19,5.01,2.5,1.49,0.0,0.0,0.0,133.1,0.0,-0.3,0.7000000000000001,0.5,-169.70000000000002,0.0,0.0,169.8,0.0,21.4,29.1,29.1,30.1,300.0,300.0,31.700000000000003,35.7,29.0,28.200000000000003,30.1,4.96,1.99,4.96,0.16,0.0,0.0,1027.0,8228.0,0.0,0.0,0.0,0.0,0.0,1.0,0.0,0.0,0.0,0.0,0.0,1.2000000000000002,0.0,-0.2,0.0,0.0,16.0,25903.0
2026-07-30T19:02:03.993Z,293.476,293.49,0.0,7.4,0.0,0.0,0.0,0.0,0.0,0.0,0.0,0.0,1.0,0.0,0.0,0.0,9.0,4.0,0.0,0.0,0.0,0.0,0.0,0.0,0.0,0.0,3.0,12.0,1.0,12.19,5.01,2.5,1.49,0.0,0.0,0.0,133.4,0.0,0.2,0.1,-0.6000000000000001,-169.70000000000002,0.0,0.0,169.8,0.0,21.4,29.1,29.1,30.1,300.0,300.0,31.700000000000003,35.7,29.0,28.200000000000003,30.1,4.95,1.99,4.97,0.16,0.0,0.0,1027.0,8228.0,0.0,0.0,0.0,0.0,0.0,1.0,0.0,0.0,0.0,0.0,0.0,-0.3,0.0,0.6000000000000001,0.0,0.0001,16.0,25903.0
2026-07-30T19:02:04.004Z,293.487,293.502,0.0,7.4,0.0,0.0,0.0,0.0,0.0,0.0,0.0,0.0,1.0,0.0,0.0,0.0,9.0,4.0,0.0,0.0,0.0,0.0,0.0,0.0,0.0,0.0,5.0,12.0,1.0,12.19,5.01,2.5,1.49,0.0,0.0,0.0,133.6,0.0,0.2,-0.4,1.0,-169.70000000000002,0.0,0.0,169.8,0.0,21.4,29.1,29.1,30.1,300.0,300.0,31.700000000000003,35.7,29.0,28.200000000000003,30.1,4.96,1.99,4.96,0.16,0.0,0.0,1027.0,8228.0,0.0,0.0,0.0,0.0,0.0,1.0,0.0,0.0,0.0,0.0,0.0,0.2,0.0,-1.0,0.0,0.0,16.0,25903.0
2026-07-30T19:02:04.016Z,293.499,293.514,0.0,7.4,0.0,0.0,0.0,0.0,0.0,0.0,0.0,0.0,1.0,0.0,0.0,0.0,9.0,4.0,0.0,0.0,0.0,0.0,0.0,0.0,0.0,0.0,6.0,12.0,1.0,12.19,5.01,2.5,1.49,0.0,0.1,0.0,133.70000000000002,0.0,0.2,-0.4,0.0,-169.70000000000002,0.0,0.0,169.8,0.0,21.4,29.1,29.1,30.1,300.0,300.0,31.700000000000003,35.7,29.0,28.200000000000003,30.1,4.96,1.99,4.97,0.16,0.0,0.0,1027.0,8228.0,0.0,0.0,0.0,0.0,0.0,1.0,0.0,0.0,0.0,0.0,0.0,-0.5,0.0,0.0,0.0,0.0,16.0,25903.0
2026-07-30T19:02:04.028Z,293.511,293.526,0.0,7.4,0.0,0.0,0.0,0.0,0.0,0.0,0.0,0.0,1.0,0.0,0.0,0.0,9.0,4.0,0.0,0.0,0.0,0.0,0.0,0.0,0.0,0.0,6.0,12.0,1.0,12.19,5.01,2.5,1.49,0.0,0.0,0.0,133.9,0.0,-1.4,-0.4,-0.6000000000000001,-169.70000000000002,0.0,0.0,169.60000000000002,0.0,21.4,29.1,29.1,30.1,300.0,300.0,31.700000000000003,35.7,29.0,28.200000000000003,30.1,4.95,1.99,4.97,0.16,0.0,0.0,1027.0,8228.0,0.0,0.0,0.0,0.0,0.0,1.0,0.0,0.0,0.0,0.0,0.0,-1.0,0.0,0.4,0.0,0.0,16.0,25903.0
2026-07-30T19:02:04.040Z,293.523,293.538,0.0,7.4,0.0,0.0,0.0,0.0,0.0,0.0,0.0,0.0,1.0,0.0,0.0,0.0,9.0,4.0,0.0,0.0,0.0,0.0,0.0,0.0,0.0,0.0,1.0,12.0,1.0,12.19,5.01,2.5,1.49,0.0,0.0,0.0,134.1,0.0,0.8,0.1,0.4,-169.70000000000002,0.0,0.0,169.70000000000002,0.0,21.4,29.1,29.1,30.1,300.0,300.0,31.700000000000003,35.7,29.0,28.200000000000003,30.1,4.96,1.99,4.96,0.16,0.0,0.0,1027.0,8228.0,0.0,0.0,0.0,0.0,0.0,1.0,0.0,0.0,0.0,0.0,0.0,0.4,0.0,-0.3,0.0,0.0001,16.0,25903.0
2026-07-30T19:02:04.052Z,293.535,293.55,0.0,7.4,0.0,0.0,0.0,0.0,0.0,0.0,0.0,0.0,1.0,0.0,0.0,0.0,9.0,4.0,0.0,0.0,0.0,0.0,0.0,0.0,0.0,0.0,3.0,12.0,1.0,12.15,5.01,2.51,1.49,0.0,0.0,0.0,133.9,0.0,0.8,0.0,-0.7000000000000001,-169.70000000000002,0.0,0.0,169.8,0.0,21.8,29.1,29.1,30.1,300.0,300.0,31.700000000000003,35.7,29.0,28.200000000000003,30.1,4.95,2.0,4.96,0.16,0.0,0.0,1027.0,8228.0,0.0,0.0,0.0,0.0,0.0,1.0,0.0,0.0,0.0,0.0,0.0,-0.4,0.0,0.6000000000000001,0.0,0.0,16.0,25903.0
2026-07-30T19:02:04.064Z,293.547,293.562,0.0,7.4,0.0,0.0,0.0,0.0,0.0,0.0,0.0,0.0,1.0,0.0,0.0,0.0,9.0,4.0,0.0,0.0,0.0,0.0,0.0,0.0,0.0,0.0,4.0,12.0,1.0,12.15,5.01,2.51,1.49,0.0,0.1,0.0,133.8,0.0,0.2,-0.5,0.3,-169.70000000000002,0.0,0.0,169.8,0.0,21.8,29.1,29.1,30.1,300.0,300.0,31.700000000000003,35.7,29.0,28.200000000000003,30.1,4.95,1.99,4.97,0.16,0.0,0.0,1027.0,8228.0,0.0,0.0,0.0,0.0,0.0,1.0,0.0,0.0,0.0,0.0,0.0,-0.3,0.0,-0.4,0.0,0.0001,16.0,25903.0
2026-07-30T19:02:04.076Z,293.559,293.574,0.0,7.4,0.0,0.0,0.0,0.0,0.0,0.0,0.0,0.0,1.0,0.0,0.0,0.0,9.0,4.0,0.0,0.0,0.0,0.0,0.0,0.0,0.0,0.0,5.0,12.0,1.0,12.15,5.01,2.51,1.49,0.0,0.0,0.0,133.70000000000002,0.0,0.2,1.2000000000000002,-0.2,-169.70000000000002,0.0,0.0,169.8,0.0,21.8,29.1,29.1,30.1,300.0,300.0,31.700000000000003,35.7,29.0,28.200000000000003,30.1,4.95,1.99,4.97,0.16,0.0,0.0,1027.0,8228.0,0.0,0.0,0.0,0.0,0.0,1.0,0.0,0.0,0.0,0.0,0.0,1.2000000000000002,0.0,0.4,0.0,0.0,16.0,25903.0
2026-07-30T19:02:04.088Z,293.571,293.586,0.0,7.4,0.0,0.0,0.0,0.0,0.0,0.0,0.0,0.0,1.0,0.0,0.0,0.0,9.0,4.0,0.0,0.0,0.0,0.0,0.0,0.0,0.0,0.0,6.0,12.0,1.0,12.15,5.01,2.51,1.49,0.0,0.0,0.0,133.70000000000002,0.0,-0.2,-1.1,0.3,-169.70000000000002,0.0,0.0,169.8,0.0,21.8,29.1,29.1,30.1,300.0,300.0,31.700000000000003,35.7,29.0,28.200000000000003,30.1,4.96,1.99,4.96,0.16,0.0,0.0,1027.0,8228.0,0.0,0.0,0.0,0.0,0.0,1.0,0.0,0.0,0.0,0.0,0.0,-1.0,0.0,-0.5,0.0,0.0,16.0,25903.0
2026-07-30T19:02:04.101Z,293.584,293.598,0.0,7.4,0.0,0.0,0.0,0.0,0.0,0.0,0.0,0.0,1.0,0.0,0.0,0.0,9.0,4.0,0.0,0.0,0.0,0.0,0.0,0.0,0.0,0.0,1.0,12.0,1.0,12.15,5.01,2.51,1.49,0.0,0.0,0.0,133.6,0.0,-0.8,-1.7000000000000002,-0.2,-169.70000000000002,0.0,0.0,169.8,0.0,21.8,29.1,29.1,30.1,300.0,300.0,31.700000000000003,35.7,29.0,28.200000000000003,30.1,4.95,1.99,4.97,0.16,0.0,0.0,1027.0,8228.0,0.0,0.0,0.0,0.0,0.0,1.0,0.0,0.0,0.0,0.0,0.0,-2.1,0.0,-0.1,0.0,0.0,16.0,25903.0
2026-07-30T19:02:04.112Z,293.595,293.61,0.0,7.4,0.0,0.0,0.0,0.0,0.0,0.0,0.0,0.0,1.0,0.0,0.0,0.0,9.0,4.0,0.0,0.0,0.0,0.0,0.0,0.0,0.0,0.0,2.0,12.0,1.0,12.15,5.01,2.51,1.49,0.0,0.1,0.0,133.4,0.0,-1.4,0.6000000000000001,-1.3,-169.70000000000002,0.0,0.0,169.8,0.0,21.8,29.1,29.1,30.1,300.0,300.0,31.700000000000003,35.7,29.0,28.200000000000003,30.1,4.95,1.99,4.96,0.16,0.0,0.0,1027.0,8228.0,0.0,0.0,0.0,0.0,0.0,1.0,0.0,0.0,0.0,0.0,0.0,-0.3,0.0,1.3,0.0,0.0,16.0,25903.0
2026-07-30T19:02:04.124Z,293.607,293.622,0.0,7.4,0.0,0.0,0.0,0.0,0.0,0.0,0.0,0.0,1.0,0.0,0.0,0.0,9.0,4.0,0.0,0.0,0.0,0.0,0.0,0.0,0.0,0.0,3.0,12.0,1.0,12.15,5.01,2.51,1.49,0.0,0.0,0.0,133.3,0.0,0.3,0.0,-0.7000000000000001,-169.70000000000002,0.0,0.0,169.8,0.0,21.8,29.1,29.1,30.1,300.0,300.0,31.700000000000003,35.7,29.0,28.200000000000003,30.1,4.96,1.99,4.96,0.16,0.0,0.0,1027.0,8228.0,0.0,0.0,0.0,0.0,0.0,1.0,0.0,0.0,0.0,0.0,0.0,-0.5,0.0,0.6000000000000001,0.0,0.0,16.0,25903.0
2026-07-30T19:02:04.136Z,293.619,293.634,0.0,7.4,0.0,0.0,0.0,0.0,0.0,0.0,0.0,0.0,1.0,0.0,0.0,0.0,9.0,4.0,0.0,0.0,0.0,0.0,0.0,0.0,0.0,0.0,4.0,12.0,1.0,12.15,5.01,2.51,1.49,0.0,0.0,0.0,133.20000000000002,0.0,0.3,-0.5,1.0,-169.70000000000002,0.0,0.0,169.8,0.0,21.8,29.1,29.1,30.1,300.0,300.0,31.700000000000003,35.7,29.0,28.200000000000003,30.1,4.95,1.99,4.96,0.17,0.0,0.0,1027.0,8228.0,0.0,0.0,0.0,0.0,0.0,1.0,0.0,0.0,0.0,0.0,0.0,0.0,0.0,-1.0,0.0,0.0,16.0,25903.0
2026-07-30T19:02:04.150Z,293.633,293.646,0.0,7.4,0.0,0.0,0.0,0.0,0.0,0.0,0.0,0.0,1.0,0.0,0.0,0.0,9.0,4.0,0.0,0.0,0.0,0.0,0.0,0.0,0.0,0.0,5.0,12.0,1.0,12.17,5.0200000000000005,2.51,1.49,0.0,0.0,0.0,133.1,0.0,0.8,-0.6000000000000001,-0.1,-169.70000000000002,0.0,0.0,169.70000000000002,0.0,21.3,29.1,29.1,30.1,300.0,300.0,31.700000000000003,35.800000000000004,29.0,28.200000000000003,30.1,4.96,1.99,4.97,0.17,0.0,0.0,1027.0,8228.0,0.0,0.0,0.0,0.0,0.0,1.0,0.0,0.0,0.0,0.0,0.0,0.5,0.0,0.2,0.0,0.0,16.0,25903.0
2026-07-30T19:02:04.160Z,293.643,293.658,0.0,7.4,0.0,0.0,0.0,0.0,0.0,0.0,0.0,0.0,1.0,0.0,0.0,0.0,9.0,4.0,0.0,0.0,0.0,0.0,0.0,0.0,0.0,0.0,6.0,12.0,1.0,12.17,5.0200000000000005,2.51,1.49,0.0,0.0,0.0,133.0,0.0,-0.2,1.7000000000000002,1.0,-169.70000000000002,0.0,0.0,169.8,0.0,21.3,29.1,29.1,30.1,300.0,300.0,31.700000000000003,35.800000000000004,29.0,28.200000000000003,30.1,4.96,1.99,4.96,0.16,0.0,0.0,1027.0,8228.0,0.0,0.0,0.0,0.0,0.0,1.0,0.0,0.0,0.0,0.0,0.0,2.7,0.0,-0.5,0.0,0.0,16.0,25903.0
2026-07-30T19:02:04.172Z,293.655,293.67,0.0,7.4,0.0,0.0,0.0,0.0,0.0,0.0,0.0,0.0,1.0,0.0,0.0,0.0,9.0,4.0,0.0,0.0,0.0,0.0,0.0,0.0,0.0,0.0,6.0,12.0,1.0,12.17,5.0200000000000005,2.51,1.49,0.0,0.1,0.0,132.9,0.0,0.9,1.1,-0.1,-169.70000000000002,0.0,0.0,169.8,0.0,21.3,29.1,29.1,30.1,300.0,300.0,31.700000000000003,35.800000000000004,29.0,28.200000000000003,30.1,4.96,1.99,4.96,0.16,0.0,0.0,1027.0,8228.0,0.0,0.0,0.0,0.0,0.0,1.0,0.0,0.0,0.0,0.0,0.0,1.2000000000000002,0.0,0.3,0.0,0.0,16.0,25903.0
2026-07-30T19:02:04.184Z,293.667,293.682,0.0,7.4,0.0,0.0,0.0,0.0,0.0,0.0,0.0,0.0,1.0,0.0,0.0,0.0,9.0,4.0,0.0,0.0,0.0,0.0,0.0,0.0,0.0,0.0,2.0,12.0,1.0,12.17,5.0200000000000005,2.51,1.49,0.0,0.0,0.0,132.8,0.0,0.3,0.0,0.0,-169.70000000000002,0.0,0.0,169.8,0.0,21.3,29.1,29.1,30.1,300.0,300.0,31.700000000000003,35.800000000000004,29.0,28.200000000000003,30.1,4.95,1.99,4.97,0.16,0.0,0.0,1027.0,8228.0,0.0,0.0,0.0,0.0,0.0,1.0,0.0,0.0,0.0,0.0,0.0,0.0,0.0,0.0,0.0,0.0,16.0,25903.0
2026-07-30T19:02:04.196Z,293.679,293.694,0.0,7.4,0.0,0.0,0.0,0.0,0.0,0.0,0.0,0.0,1.0,0.0,0.0,0.0,9.0,4.0,0.0,0.0,0.0,0.0,0.0,0.0,0.0,0.0,3.0,12.0,1.0,12.17,5.0200000000000005,2.51,1.49,0.0,0.0,0.0,132.70000000000002,0.0,0.3,0.0,0.0,-169.70000000000002,0.0,0.0,169.8,0.0,21.3,29.1,29.1,30.1,300.0,300.0,31.700000000000003,35.800000000000004,29.0,28.200000000000003,30.1,4.96,1.99,4.96,0.16,0.0,0.0,1027.0,8228.0,0.0,0.0,0.0,0.0,0.0,1.0,0.0,0.0,0.0,0.0,0.0,0.0,0.0,0.0,0.0,0.0,16.0,25903.0
2026-07-30T19:02:04.208Z,293.691,293.706,0.0,7.4,0.0,0.0,0.0,0.0,0.0,0.0,0.0,0.0,1.0,0.0,0.0,0.0,9.0,4.0,0.0,0.0,0.0,0.0,0.0,0.0,0.0,0.0,4.0,12.0,1.0,12.17,5.0200000000000005,2.51,1.49,0.0,0.0,0.0,132.6,0.0,0.3,0.6000000000000001,0.5,-169.70000000000002,0.0,0.0,169.8,0.0,21.3,29.1,29.1,30.1,300.0,300.0,31.700000000000003,35.800000000000004,29.0,28.200000000000003,30.1,4.96,1.99,4.96,0.16,0.0,0.0,1027.0,8228.0,0.0,0.0,0.0,0.0,0.0,1.0,0.0,0.0,0.0,0.0,0.0,1.1,0.0,-0.1,0.0,0.0,16.0,25903.0
2026-07-30T19:02:04.220Z,293.703,293.718,0.0,7.4,0.0,0.0,0.0,0.0,0.0,0.0,0.0,0.0,1.0,0.0,0.0,0.0,9.0,4.0,0.0,0.0,0.0,0.0,0.0,0.0,0.0,0.0,5.0,12.0,1.0,12.17,5.0200000000000005,2.51,1.49,0.0,0.1,0.0,132.5,0.0,-0.8,0.6000000000000001,0.0,-169.70000000000002,0.0,0.0,169.8,0.0,21.3,29.1,29.1,30.1,300.0,300.0,31.700000000000003,35.800000000000004,29.0,28.200000000000003,30.1,4.96,1.99,4.96,0.16,0.0,0.0,1027.0,8228.0,0.0,0.0,0.0,0.0,0.0,1.0,0.0,0.0,0.0,0.0,0.0,0.9,0.0,0.8,0.0,0.0,16.0,25903.0
2026-07-30T19:02:04.232Z,293.715,293.73,0.0,7.4,0.0,0.0,0.0,0.0,0.0,0.0,0.0,0.0,1.0,0.0,0.0,0.0,9.0,4.0,0.0,0.0,0.0,0.0,0.0,0.0,0.0,0.0,6.0,12.0,1.0,12.17,5.0200000000000005,2.51,1.49,0.0,0.0,0.0,132.4,0.0,0.3,0.7000000000000001,0.0,-169.70000000000002,0.0,0.0,169.8,0.0,21.3,29.1,29.1,30.1,300.0,300.0,31.700000000000003,35.800000000000004,29.0,28.200000000000003,30.1,4.96,1.99,4.96,0.16,0.0,0.0,1027.0,8228.0,0.0,0.0,0.0,0.0,0.0,1.0,0.0,0.0,0.0,0.0,0.0,-2.3000000000000003,0.0,0.2,0.0,0.0,16.0,25903.0
2026-07-30T19:02:04.244Z,293.727,293.742,0.0,7.4,0.0,0.0,0.0,0.0,0.0,0.0,0.0,0.0,1.0,0.0,0.0,0.0,9.0,4.0,0.0,0.0,0.0,0.0,0.0,0.0,0.0,0.0,1.0,12.0,1.0,12.17,5.0200000000000005,2.51,1.49,0.0,0.0,0.0,132.3,0.0,-0.8,-1.0,-1.2000000000000002,-169.70000000000002,0.0,0.0,169.8,0.0,21.3,29.1,29.1,30.1,300.0,300.0,31.700000000000003,35.800000000000004,29.0,28.200000000000003,30.1,4.96,2.0,4.96,0.16,0.0,0.0,1027.0,8228.0,0.0,0.0,0.0,0.0,0.0,1.0,0.0,0.0,0.0,0.0,0.0,-2.1,0.0,0.8,0.0,0.0001,16.0,25903.0
2026-07-30T19:02:04.256Z,293.739,293.754,0.0,7.4,0.0,0.0,0.0,0.0,0.0,0.0,0.0,0.0,1.0,0.0,0.0,0.0,9.0,4.0,0.0,0.0,0.0,0.0,0.0,0.0,0.0,0.0,2.0,12.0,1.0,12.14,5.0200000000000005,2.5,1.49,0.0,0.0,0.0,132.1,0.0,0.2,0.6000000000000001,0.5,-169.70000000000002,0.0,0.0,169.8,0.0,21.8,29.1,29.1,30.1,300.0,300.0,31.6,35.7,29.0,28.200000000000003,30.1,4.96,1.99,4.97,0.16,0.0,0.0,1027.0,8228.0,0.0,0.0,0.0,0.0,0.0,1.0,0.0,0.0,0.0,0.0,0.0,1.1,0.0,-0.3,0.0,0.0,16.0,25903.0
2026-07-30T19:02:04.268Z,293.751,293.766,0.0,7.4,0.0,0.0,0.0,0.0,0.0,0.0,0.0,0.0,1.0,0.0,0.0,0.0,9.0,4.0,0.0,0.0,0.0,0.0,0.0,0.0,0.0,0.0,3.0,12.0,1.0,12.14,5.0200000000000005,2.5,1.49,0.0,0.1,0.0,132.0,0.0,-0.3,1.2000000000000002,0.5,-169.70000000000002,0.0,0.0,169.70000000000002,0.0,21.8,29.1,29.1,30.1,300.0,300.0,31.6,35.7,29.0,28.200000000000003,30.1,4.96,1.99,4.97,0.16,0.0,0.0,1027.0,8228.0,0.0,0.0,0.0,0.0,0.0,1.0,0.0,0.0,0.0,0.0,0.0,1.8,0.0,-0.2,0.0,0.0,16.0,25903.0
2026-07-30T19:02:04.280Z,293.763,293.778,0.0,7.4,0.0,0.0,0.0,0.0,0.0,0.0,0.0,0.0,1.0,0.0,0.0,0.0,9.0,4.0,0.0,0.0,0.0,0.0,0.0,0.0,0.0,0.0,4.0,12.0,1.0,12.14,5.0200000000000005,2.5,1.49,0.0,0.0,0.0,131.9,0.0,0.8,-0.5,0.0,-169.70000000000002,0.0,0.0,169.8,0.0,21.8,29.1,29.1,30.1,300.0,300.0,31.6,35.7,29.0,28.200000000000003,30.1,4.96,1.99,4.96,0.16,0.0,0.0,1027.0,8228.0,0.0,0.0,0.0,0.0,0.0,1.0,0.0,0.0,0.0,0.0,0.0,-0.6000000000000001,0.0,0.0,0.0,0.0001,16.0,25903.0
2026-07-30T19:02:04.292Z,293.775,293.79,0.0,7.4,0.0,0.0,0.0,0.0,0.0,0.0,0.0,0.0,1.0,0.0,0.0,0.0,9.0,4.0,0.0,0.0,0.0,0.0,0.0,0.0,0.0,0.0,5.0,12.0,1.0,12.14,5.0200000000000005,2.5,1.49,0.0,0.0,0.0,131.8,0.0,-0.3,-1.7000000000000002,0.5,-169.70000000000002,0.0,0.0,169.70000000000002,0.0,21.8,29.1,29.1,30.1,300.0,300.0,31.6,35.7,29.0,28.200000000000003,30.1,4.95,1.99,4.96,0.16,0.0,0.0,1027.0,8228.0,0.0,0.0,0.0,0.0,0.0,1.0,0.0,0.0,0.0,0.0,0.0,-1.5,0.0,-0.8,0.0,0.0,16.0,25903.0
2026-07-30T19:02:04.305Z,293.788,293.802,0.0,7.4,0.0,0.0,0.0,0.0,0.0,0.0,0.0,0.0,1.0,0.0,0.0,0.0,9.0,4.0,0.0,0.0,0.0,0.0,0.0,0.0,0.0,0.0,6.0,12.0,1.0,12.14,5.0200000000000005,2.5,1.49,0.0,0.0,0.0,131.6,0.0,-0.3,1.2000000000000002,0.0,-169.70000000000002,0.0,0.0,169.8,0.0,21.8,29.1,29.1,30.1,300.0,300.0,31.6,35.7,29.0,28.200000000000003,30.1,4.95,1.99,4.97,0.16,0.0,0.0,1027.0,8228.0,0.0,0.0,0.0,0.0,0.0,1.0,0.0,0.0,0.0,0.0,0.0,1.3,0.0,0.2,0.0,0.0,16.0,25903.0
2026-07-30T19:02:04.317Z,293.8,293.814,0.0,7.4,0.0,0.0,0.0,0.0,0.0,0.0,0.0,0.0,1.0,0.0,0.0,0.0,9.0,4.0,0.0,0.0,0.0,0.0,0.0,0.0,0.0,0.0,1.0,12.0,1.0,12.14,5.0200000000000005,2.5,1.49,0.0,0.1,0.0,131.6,0.0,0.2,1.8,0.5,-169.70000000000002,0.0,0.0,169.70000000000002,0.0,21.8,29.1,29.1,30.1,300.0,300.0,31.6,35.7,29.0,28.200000000000003,30.1,4.95,1.99,4.97,0.16,0.0,0.0,1027.0,8228.0,0.0,0.0,0.0,0.0,0.0,1.0,0.0,0.0,0.0,0.0,0.0,2.4000000000000004,0.0,-0.1,0.0,0.0,16.0,25903.0
2026-07-30T19:02:04.328Z,293.811,293.826,0.0,7.4,0.0,0.0,0.0,0.0,0.0,0.0,0.0,0.0,1.0,0.0,0.0,0.0,9.0,4.0,0.0,0.0,0.0,0.0,0.0,0.0,0.0,0.0,2.0,12.0,1.0,12.14,5.0200000000000005,2.5,1.49,0.0,0.0,0.0,131.5,0.0,0.2,0.0,0.0,-169.70000000000002,0.0,0.0,169.70000000000002,0.0,21.8,29.1,29.1,30.1,300.0,300.0,31.6,35.7,29.0,28.200000000000003,30.1,4.96,1.99,4.96,0.16,0.0,0.0,1027.0,8228.0,0.0,0.0,0.0,0.0,0.0,1.0,0.0,0.0,0.0,0.0,0.0,0.0,0.0,0.0,0.0,0.0,16.0,25903.0
2026-07-30T19:02:04.341Z,293.824,293.838,0.0,7.4,0.0,0.0,0.0,0.0,0.0,0.0,0.0,0.0,1.0,0.0,0.0,0.0,9.0,4.0,0.0,0.0,0.0,0.0,0.0,0.0,0.0,0.0,3.0,12.0,1.0,12.14,5.0200000000000005,2.5,1.49,0.0,0.0,0.0,131.4,0.0,-0.9,-0.5,0.0,-169.70000000000002,0.0,0.0,169.70000000000002,0.0,21.8,29.1,29.1,30.1,300.0,300.0,31.6,35.7,29.0,28.200000000000003,30.1,4.95,1.99,4.97,0.16,0.0,0.0,1027.0,8228.0,0.0,0.0,0.0,0.0,0.0,1.0,0.0,0.0,0.0,0.0,0.0,-0.6000000000000001,0.0,-0.1,0.0,0.0,16.0,25903.0
2026-07-30T19:02:04.354Z,293.837,293.85,0.0,7.4,0.0,0.0,0.0,0.0,0.0,0.0,0.0,0.0,1.0,0.0,0.0,0.0,9.0,4.0,0.0,0.0,0.0,0.0,0.0,0.0,0.0,0.0,4.0,12.0,1.0,12.17,5.01,2.5,1.49,0.0,0.0,0.0,131.3,0.0,0.2,0.0,1.1,-169.70000000000002,0.0,0.0,169.70000000000002,0.0,21.200000000000003,29.1,29.1,30.1,300.0,300.0,31.6,35.7,29.0,28.200000000000003,30.1,4.95,1.99,4.96,0.16,0.0,0.0,1027.0,8228.0,0.0,0.0,0.0,0.0,0.0,1.0,0.0,0.0,0.0,0.0,0.0,0.8,0.0,-0.9,0.0,0.0,16.0,25903.0
2026-07-30T19:02:04.364Z,293.847,293.862,0.0,7.4,0.0,0.0,0.0,0.0,0.0,0.0,0.0,0.0,1.0,0.0,0.0,0.0,9.0,4.0,0.0,0.0,0.0,0.0,0.0,0.0,0.0,0.0,5.0,12.0,1.0,12.17,5.01,2.5,1.49,0.0,0.0,0.0,131.20000000000002,0.0,-0.3,0.0,-1.1,-169.70000000000002,0.0,0.0,169.70000000000002,0.0,21.200000000000003,29.1,29.1,30.1,300.0,300.0,31.6,35.7,29.0,28.200000000000003,30.1,4.96,1.99,4.96,0.16,0.0,0.0,1027.0,8228.0,0.0,0.0,0.0,0.0,0.0,1.0,0.0,0.0,0.0,0.0,0.0,-0.8,0.0,1.0,0.0,0.0,16.0,25903.0
2026-07-30T19:02:04.376Z,293.859,293.874,0.0,7.4,0.0,0.0,0.0,0.0,0.0,0.0,0.0,0.0,1.0,0.0,0.0,0.0,9.0,4.0,0.0,0.0,0.0,0.0,0.0,0.0,0.0,0.0,6.0,12.0,1.0,12.17,5.01,2.5,1.49,0.0,0.0,0.0,131.0,0.0,0.2,0.6000000000000001,0.0,-169.70000000000002,0.0,0.0,169.8,0.0,21.200000000000003,29.1,29.1,30.1,300.0,300.0,31.6,35.7,29.0,28.200000000000003,30.1,4.95,1.99,4.96,0.16,0.0,0.0,1027.0,8228.0,0.0,0.0,0.0,0.0,0.0,1.0,0.0,0.0,0.0,0.0,0.0,0.7000000000000001,0.0,0.1,0.0,0.0,16.0,25903.0
2026-07-30T19:02:04.388Z,293.871,293.886,0.0,7.4,0.0,0.0,0.0,0.0,0.0,0.0,0.0,0.0,1.0,0.0,0.0,0.0,9.0,4.0,0.0,0.0,0.0,0.0,0.0,0.0,0.0,0.0,1.0,12.0,1.0,12.17,5.01,2.5,1.49,0.0,0.0,0.0,131.0,0.0,-0.3,0.0,0.0,-169.70000000000002,0.0,0.0,169.8,0.0,21.200000000000003,29.1,29.1,30.1,300.0,300.0,31.6,35.7,29.0,28.200000000000003,30.1,4.95,1.99,4.96,0.16,0.0,0.0,1027.0,8228.0,0.0,0.0,0.0,0.0,0.0,1.0,0.0,0.0,0.0,0.0,0.0,0.0,0.0,0.0,0.0,0.0001,16.0,25903.0
2026-07-30T19:02:04.400Z,293.883,293.898,0.0,7.4,0.0,0.0,0.0,0.0,0.0,0.0,0.0,0.0,1.0,0.0,0.0,0.0,9.0,4.0,0.0,0.0,0.0,0.0,0.0,0.0,0.0,0.0,2.0,12.0,1.0,12.17,5.01,2.5,1.49,0.0,0.0,0.0,130.9,0.0,-0.9,0.0,-0.5,-169.70000000000002,0.0,0.0,169.70000000000002,0.0,21.200000000000003,29.1,29.1,30.1,300.0,300.0,31.6,35.7,29.0,28.200000000000003,30.1,4.95,2.0,4.96,0.16,0.0,0.0,1027.0,8228.0,0.0,0.0,0.0,0.0,0.0,1.0,0.0,0.0,0.0,0.0,0.0,-0.3,0.0,0.5,0.0,0.0,16.0,25903.0
2026-07-30T19:02:04.412Z,293.895,293.91,0.0,7.4,0.0,0.0,0.0,0.0,0.0,0.0,0.0,0.0,1.0,0.0,0.0,0.0,9.0,4.0,0.0,0.0,0.0,0.0,0.0,0.0,0.0,0.0,3.0,12.0,1.0,12.17,5.01,2.5,1.49,0.0,0.0,0.0,130.70000000000002,0.0,0.8,0.1,0.6000000000000001,-169.70000000000002,0.0,0.0,169.70000000000002,0.0,21.200000000000003,29.1,29.1,30.1,300.0,300.0,31.6,35.7,29.0,28.200000000000003,30.1,4.96,1.99,4.96,0.17,0.0,0.0,1027.0,8228.0,0.0,0.0,0.0,0.0,0.0,1.0,0.0,0.0,0.0,0.0,0.0,0.6000000000000001,0.0,-0.5,0.0,0.0,16.0,25903.0
2026-07-30T19:02:04.425Z,293.908,293.922,0.0,7.4,0.0,0.0,0.0,0.0,0.0,0.0,0.0,0.0,1.0,0.0,0.0,0.0,9.0,4.0,0.0,0.0,0.0,0.0,0.0,0.0,0.0,0.0,4.0,12.0,1.0,12.17,5.01,2.5,1.49,0.0,0.0,0.0,130.6,0.0,-0.3,-0.4,-0.5,-169.70000000000002,0.0,0.0,169.8,0.0,21.200000000000003,29.1,29.1,30.1,300.0,300.0,31.6,35.7,29.0,28.200000000000003,30.1,4.95,1.99,4.97,0.16,0.0,0.0,1027.0,8228.0,0.0,0.0,0.0,0.0,0.0,1.0,0.0,0.0,0.0,0.0,0.0,-0.9,0.0,0.4,0.0,0.0001,16.0,25903.0
2026-07-30T19:02:04.436Z,293.919,293.934,0.0,7.4,0.0,0.0,0.0,0.0,0.0,0.0,0.0,0.0,1.0,0.0,0.0,0.0,9.0,4.0,0.0,0.0,0.0,0.0,0.0,0.0,0.0,0.0,5.0,12.0,1.0,12.17,5.01,2.5,1.49,0.0,0.0,0.0,130.6,0.0,0.2,-1.0,0.6000000000000001,-169.70000000000002,0.0,0.0,169.8,0.0,21.200000000000003,29.1,29.1,30.1,300.0,300.0,31.6,35.7,29.0,28.200000000000003,30.1,4.95,1.99,4.96,0.16,0.0,0.0,1027.0,8228.0,0.0,0.0,0.0,0.0,0.0,1.0,0.0,0.0,0.0,0.0,0.0,-0.7000000000000001,0.0,-0.7000000000000001,0.0,0.0,16.0,25903.0
2026-07-30T19:02:04.448Z,293.931,293.946,0.0,7.4,0.0,0.0,0.0,0.0,0.0,0.0,0.0,0.0,1.0,0.0,0.0,0.0,9.0,4.0,0.0,0.0,0.0,0.0,0.0,0.0,0.0,0.0,1.0,12.0,1.0,12.17,5.01,2.5,1.49,0.0,0.0,0.0,130.4,0.0,-0.8,0.6000000000000001,0.0,-169.70000000000002,0.0,0.0,169.8,0.0,21.200000000000003,29.1,29.1,30.1,300.0,300.0,31.6,35.7,29.0,28.200000000000003,30.1,4.95,2.0,4.96,0.16,0.0,0.0,1027.0,8228.0,0.0,0.0,0.0,0.0,0.0,1.0,0.0,0.0,0.0,0.0,0.0,0.8,0.0,0.1,0.0,0.0,16.0,25903.0
2026-07-30T19:02:04.460Z,293.943,293.958,0.0,7.4,0.0,0.0,0.0,0.0,0.0,0.0,0.0,0.0,1.0,0.0,0.0,0.0,9.0,4.0,0.0,0.0,0.0,0.0,0.0,0.0,0.0,0.0,2.0,12.0,1.0,12.15,5.01,2.5,1.49,0.0,0.0,0.0,130.4,0.0,0.8,0.7000000000000001,0.0,-169.70000000000002,0.0,0.0,169.8,0.0,21.8,29.1,29.1,30.1,300.0,300.0,31.5,35.7,29.0,28.200000000000003,30.1,4.95,1.99,4.96,0.16,0.0,0.0,1027.0,8228.0,0.0,0.0,0.0,0.0,0.0,1.0,0.0,0.0,0.0,0.0,0.0,0.8,0.0,0.1,0.0,0.0,16.0,25903.0
2026-07-30T19:02:04.472Z,293.955,293.97,0.0,7.4,0.0,0.0,0.0,0.0,0.0,0.0,0.0,0.0,1.0,0.0,0.0,0.0,9.0,4.0,0.0,0.0,0.0,0.0,0.0,0.0,0.0,0.0,3.0,12.0,1.0,12.15,5.01,2.5,1.49,0.0,0.0,0.0,130.20000000000002,0.0,-0.3,-1.0,0.5,-169.70000000000002,0.0,0.0,169.8,0.0,21.8,29.1,29.1,30.1,300.0,300.0,31.5,35.7,29.0,28.200000000000003,30.1,4.96,1.99,4.97,0.16,0.0,0.0,1027.0,8228.0,0.0,0.0,0.0,0.0,0.0,1.0,0.0,0.0,0.0,0.0,0.0,-0.7000000000000001,0.0,-0.7000000000000001,0.0,0.0,16.0,25903.0
2026-07-30T19:02:04.484Z,293.967,293.982,0.0,7.4,0.0,0.0,0.0,0.0,0.0,0.0,0.0,0.0,1.0,0.0,0.0,0.0,9.0,4.0,0.0,0.0,0.0,0.0,0.0,0.0,0.0,0.0,4.0,12.0,1.0,12.15,5.01,2.5,1.49,-0.1,0.1,0.0,130.5,0.0,-0.2,-0.4,0.0,-169.70000000000002,0.0,0.0,169.70000000000002,0.0,21.8,29.1,29.1,30.1,300.0,300.0,31.5,35.7,29.0,28.200000000000003,30.1,4.95,2.0,4.97,0.16,0.0,0.0,1027.0,8228.0,0.0,0.0,0.0,0.0,0.0,1.0,0.0,0.0,0.0,0.0,0.0,-0.4,0.0,-0.1,0.0,0.0,16.0,25903.0
2026-07-30T19:02:04.496Z,293.979,293.994,0.0,7.4,0.0,0.0,0.0,0.0,0.0,0.0,0.0,0.0,1.0,0.0,0.0,0.0,9.0,4.0,0.0,0.0,0.0,0.0,0.0,0.0,0.0,0.0,5.0,12.0,1.0,12.15,5.01,2.5,1.49,0.0,0.0,0.0,130.6,0.0,-0.2,1.8,1.7000000000000002,-169.70000000000002,0.0,0.0,169.8,0.0,21.8,29.1,29.1,30.1,300.0,300.0,31.5,35.7,29.0,28.200000000000003,30.1,4.95,1.99,4.97,0.16,0.0,0.0,1027.0,8228.0,0.0,0.0,0.0,0.0,0.0,1.0,0.0,0.0,0.0,0.0,0.0,3.4000000000000004,0.0,-1.1,0.0,0.0001,16.0,25903.0
2026-07-30T19:02:04.509Z,293.992,294.00600000000003,0.0,7.4,0.0,0.0,0.0,0.0,0.0,0.0,0.0,0.0,1.0,0.0,0.0,0.0,9.0,4.0,0.0,0.0,0.0,0.0,0.0,0.0,0.0,0.0,6.0,12.0,1.0,12.15,5.01,2.5,1.49,0.0,0.0,0.0,130.9,0.0,-0.8,0.0,1.2000000000000002,-169.70000000000002,0.0,0.0,169.8,0.0,21.8,29.1,29.1,30.1,300.0,300.0,31.5,35.7,29.0,28.200000000000003,30.1,4.96,2.0,4.97,0.16,0.0,0.0,1027.0,8228.0,0.0,0.0,0.0,0.0,0.0,1.0,0.0,0.0,0.0,0.0,0.0,0.9,0.0,-1.0,0.0,0.0,16.0,25903.0
2026-07-30T19:02:04.520Z,294.003,294.01800000000003,0.0,7.4,0.0,0.0,0.0,0.0,0.0,0.0,0.0,0.0,1.0,0.0,0.0,0.0,9.0,4.0,0.0,0.0,0.0,0.0,0.0,0.0,0.0,0.0,1.0,12.0,1.0,12.15,5.01,2.5,1.49,0.0,0.0,0.0,131.0,0.0,-0.2,0.1,-0.5,-169.70000000000002,0.0,0.0,169.8,0.0,21.8,29.1,29.1,30.1,300.0,300.0,31.5,35.7,29.0,28.200000000000003,30.1,4.96,2.0,4.97,0.16,0.0,0.0,1027.0,8228.0,0.0,0.0,0.0,0.0,0.0,1.0,0.0,0.0,0.0,0.0,0.0,-0.2,0.0,0.5,0.0,0.0,16.0,25903.0
2026-07-30T19:02:04.533Z,294.016,294.03000000000003,0.0,7.4,0.0,0.0,0.0,0.0,0.0,0.0,0.0,0.0,1.0,0.0,0.0,0.0,9.0,4.0,0.0,0.0,0.0,0.0,0.0,0.0,0.0,0.0,2.0,12.0,1.0,12.15,5.01,2.5,1.49,0.0,0.0,0.0,131.20000000000002,0.0,-0.2,-1.0,-0.5,-169.70000000000002,0.0,0.0,169.8,0.0,21.8,29.1,29.1,30.1,300.0,300.0,31.5,35.7,29.0,28.200000000000003,30.1,4.96,1.99,4.96,0.16,0.0,0.0,1027.0,8228.0,0.0,0.0,0.0,0.0,0.0,1.0,0.0,0.0,0.0,0.0,0.0,-1.6,0.0,0.2,0.0,0.0,16.0,25903.0
2026-07-30T19:02:04.544Z,294.027,294.04200000000003,0.0,7.4,0.0,0.0,0.0,0.0,0.0,0.0,0.0,0.0,1.0,0.0,0.0,0.0,9.0,4.0,0.0,0.0,0.0,0.0,0.0,0.0,0.0,0.0,3.0,12.0,1.0,12.15,5.01,2.5,1.49,0.0,0.0,0.0,131.4,0.0,0.3,-0.5,-1.2000000000000002,-169.70000000000002,0.0,0.0,169.8,0.0,21.8,29.1,29.1,30.1,300.0,300.0,31.5,35.7,29.0,28.200000000000003,30.1,4.96,1.99,4.97,0.16,0.0,0.0,1027.0,8228.0,0.0,0.0,0.0,0.0,0.0,1.0,0.0,0.0,0.0,0.0,0.0,-1.5,0.0,0.9,0.0,0.0,16.0,25903.0
2026-07-30T19:02:04.557Z,294.04,294.05400000000003,0.0,7.4,0.0,0.0,0.0,0.0,0.0,0.0,0.0,0.0,1.0,0.0,0.0,0.0,9.0,4.0,0.0,0.0,0.0,0.0,0.0,0.0,0.0,0.0,4.0,12.0,1.0,12.18,5.0200000000000005,2.51,1.5,0.0,0.0,0.0,131.6,0.0,0.3,1.2000000000000002,0.5,-169.70000000000002,0.0,0.0,169.8,0.0,21.4,29.1,29.1,30.1,300.0,300.0,31.6,35.6,29.0,28.200000000000003,30.1,4.96,1.99,4.97,0.16,0.0,0.0,1027.0,8228.0,0.0,0.0,0.0,0.0,0.0,1.0,0.0,0.0,0.0,0.0,0.0,1.7000000000000002,0.0,-0.2,0.0,0.0,16.0,25903.0
2026-07-30T19:02:04.568Z,294.051,294.06600000000003,0.0,7.4,0.0,0.0,0.0,0.0,0.0,0.0,0.0,0.0,1.0,0.0,0.0,0.0,9.0,4.0,0.0,0.0,0.0,0.0,0.0,0.0,0.0,0.0,5.0,12.0,1.0,12.18,5.0200000000000005,2.51,1.5,0.0,0.0,0.0,131.8,0.0,0.3,0.0,0.0,-169.70000000000002,0.0,0.0,169.8,0.0,21.4,29.1,29.1,30.1,300.0,300.0,31.6,35.6,29.0,28.200000000000003,30.1,4.96,1.99,4.97,0.16,0.0,0.0,1027.0,8228.0,0.0,0.0,0.0,0.0,0.0,1.0,0.0,0.0,0.0,0.0,0.0,0.0,0.0,0.0,0.0,0.0,16.0,25903.0
2026-07-30T19:02:04.580Z,294.063,294.07800000000003,0.0,7.4,0.0,0.0,0.0,0.0,0.0,0.0,0.0,0.0,1.0,0.0,0.0,0.0,9.0,4.0,0.0,0.0,0.0,0.0,0.0,0.0,0.0,0.0,6.0,12.0,1.0,12.18,5.0200000000000005,2.51,1.5,0.0,0.0,0.0,132.0,0.0,0.3,0.6000000000000001,0.5,-169.70000000000002,0.0,0.0,169.8,0.0,21.4,29.1,29.1,30.1,300.0,300.0,31.6,35.6,29.0,28.200000000000003,30.1,4.95,1.99,4.97,0.16,0.0,0.0,1027.0,8228.0,0.0,0.0,0.0,0.0,0.0,1.0,0.0,0.0,0.0,0.0,0.0,1.0,0.0,-0.3,0.0,0.0,16.0,25903.0
2026-07-30T19:02:04.593Z,294.076,294.09000000000003,0.0,7.4,0.0,0.0,0.0,0.0,0.0,0.0,0.0,0.0,1.0,0.0,0.0,0.0,9.0,4.0,0.0,0.0,0.0,0.0,0.0,0.0,0.0,0.0,1.0,12.0,1.0,12.18,5.0200000000000005,2.51,1.5,0.0,0.0,0.0,132.20000000000002,0.0,0.3,0.0,-0.1,-169.70000000000002,0.0,0.0,169.8,0.0,21.4,29.1,29.1,30.1,300.0,300.0,31.6,35.6,29.0,28.200000000000003,30.1,4.95,1.99,4.97,0.16,0.0,0.0,1027.0,8228.0,0.0,0.0,0.0,0.0,0.0,1.0,0.0,0.0,0.0,0.0,0.0,0.0,0.0,0.1,0.0,0.0,16.0,25903.0
2026-07-30T19:02:04.604Z,294.087,294.10200000000003,0.0,7.4,0.0,0.0,0.0,0.0,0.0,0.0,0.0,0.0,1.0,0.0,0.0,0.0,9.0,4.0,0.0,0.0,0.0,0.0,0.0,0.0,0.0,0.0,3.0,12.0,1.0,12.18,5.0200000000000005,2.51,1.5,0.0,0.0,0.0,132.3,0.0,-1.4,0.0,-3.0,-169.70000000000002,0.0,0.0,169.8,0.0,21.4,29.1,29.1,30.1,300.0,300.0,31.6,35.6,29.0,28.200000000000003,30.1,4.96,1.99,4.97,0.16,0.0,0.0,1027.0,8228.0,0.0,0.0,0.0,0.0,0.0,1.0,0.0,0.0,0.0,0.0,0.0,-2.2,0.0,2.7,0.0,0.0,16.0,25903.0
2026-07-30T19:02:04.616Z,294.099,294.11400000000003,0.0,7.4,0.0,0.0,0.0,0.0,0.0,0.0,0.0,0.0,1.0,0.0,0.0,0.0,9.0,4.0,0.0,0.0,0.0,0.0,0.0,0.0,0.0,0.0,3.0,12.0,1.0,12.18,5.0200000000000005,2.51,1.5,-0.1,0.0,0.0,132.6,0.0,0.3,0.0,-0.1,-169.70000000000002,0.0,0.0,169.8,0.0,21.4,29.1,29.1,30.1,300.0,300.0,31.6,35.6,29.0,28.200000000000003,30.1,4.96,1.99,4.96,0.16,0.0,0.0,1027.0,8228.0,0.0,0.0,0.0,0.0,0.0,1.0,0.0,0.0,0.0,0.0,0.0,0.0,0.0,0.0,0.0,0.0,16.0,25903.0
2026-07-30T19:02:04.629Z,294.112,294.12600000000003,0.0,7.4,0.0,0.0,0.0,0.0,0.0,0.0,0.0,0.0,1.0,0.0,0.0,0.0,9.0,4.0,0.0,0.0,0.0,0.0,0.0,0.0,0.0,0.0,4.0,12.0,1.0,12.18,5.0200000000000005,2.51,1.5,0.0,0.0,0.0,132.8,0.0,0.3,-1.1,-0.6000000000000001,-169.70000000000002,0.0,0.0,169.8,0.0,21.4,29.1,29.1,30.1,300.0,300.0,31.6,35.6,29.0,28.200000000000003,30.1,4.95,1.99,4.96,0.16,0.0,0.0,1027.0,8228.0,0.0,0.0,0.0,0.0,0.0,1.0,0.0,0.0,0.0,0.0,0.0,-1.7000000000000002,0.0,0.3,0.0,0.0,16.0,25903.0
2026-07-30T19:02:04.641Z,294.124,294.13800000000003,0.0,7.4,0.0,0.0,0.0,0.0,0.0,0.0,0.0,0.0,1.0,0.0,0.0,0.0,9.0,4.0,0.0,0.0,0.0,0.0,0.0,0.0,0.0,0.0,6.0,12.0,1.0,12.18,5.0200000000000005,2.51,1.5,0.0,0.0,0.0,132.9,0.0,0.2,0.6000000000000001,0.0,-169.70000000000002,0.0,0.0,169.8,0.0,21.4,29.1,29.1,30.1,300.0,300.0,31.6,35.6,29.0,28.200000000000003,30.1,4.95,1.99,4.96,0.16,0.0,0.0,1027.0,8228.0,0.0,0.0,0.0,0.0,0.0,1.0,0.0,0.0,0.0,0.0,0.0,0.6000000000000001,0.0,0.2,0.0,0.0,16.0,25903.0
2026-07-30T19:02:04.652Z,294.135,294.15000000000003,0.0,7.4,0.0,0.0,0.0,0.0,0.0,0.0,0.0,0.0,1.0,0.0,0.0,0.0,9.0,4.0,0.0,0.0,0.0,0.0,0.0,0.0,0.0,0.0,6.0,12.0,1.0,12.18,5.0200000000000005,2.51,1.5,0.0,0.0,0.0,133.1,0.0,0.2,0.0,-0.1,-169.70000000000002,0.0,0.0,169.8,0.0,21.4,29.1,29.1,30.1,300.0,300.0,31.6,35.6,29.0,28.200000000000003,30.1,4.96,1.99,4.96,0.16,0.0,0.0,1027.0,8228.0,0.0,0.0,0.0,0.0,0.0,1.0,0.0,0.0,0.0,0.0,0.0,0.0,0.0,0.1,0.0,0.0,16.0,25903.0
2026-07-30T19:02:04.664Z,294.147,294.162,0.0,7.4,0.0,0.0,0.0,0.0,0.0,0.0,0.0,0.0,1.0,0.0,0.0,0.0,9.0,4.0,0.0,0.0,0.0,0.0,0.0,0.0,0.0,0.0,2.0,12.0,1.0,12.19,5.01,2.51,1.49,0.0,0.0,0.0,133.3,0.0,0.3,-0.5,-0.1,-169.70000000000002,0.0,0.0,169.8,0.0,21.4,29.1,29.1,30.1,300.0,300.0,31.6,35.7,29.0,28.200000000000003,30.1,4.95,1.99,4.97,0.16,0.0,0.0,1027.0,8228.0,0.0,0.0,0.0,0.0,0.0,1.0,0.0,0.0,0.0,0.0,0.0,-0.7000000000000001,0.0,0.0,0.0,0.0,16.0,25903.0
2026-07-30T19:02:04.676Z,294.159,294.174,0.0,7.4,0.0,0.0,0.0,0.0,0.0,0.0,0.0,0.0,1.0,0.0,0.0,0.0,9.0,4.0,0.0,0.0,0.0,0.0,0.0,0.0,0.0,0.0,3.0,12.0,1.0,12.19,5.01,2.51,1.49,0.0,0.0,0.0,133.4,0.0,0.3,1.1,0.5,-169.70000000000002,0.0,0.0,169.8,0.0,21.4,29.1,29.1,30.1,300.0,300.0,31.6,35.7,29.0,28.200000000000003,30.1,4.96,1.99,4.97,0.16,0.0,0.0,1027.0,8228.0,0.0,0.0,0.0,0.0,0.0,1.0,0.0,0.0,0.0,0.0,0.0,1.7000000000000002,0.0,-0.2,0.0,0.0,16.0,25903.0
2026-07-30T19:02:04.688Z,294.171,294.186,0.0,7.4,0.0,0.0,0.0,0.0,0.0,0.0,0.0,0.0,1.0,0.0,0.0,0.0,9.0,4.0,0.0,0.0,0.0,0.0,0.0,0.0,0.0,0.0,4.0,12.0,1.0,12.19,5.01,2.51,1.49,0.0,0.0,0.0,133.70000000000002,0.0,0.2,0.0,-0.1,-169.70000000000002,0.0,0.0,169.8,0.0,21.4,29.1,29.1,30.1,300.0,300.0,31.6,35.7,29.0,28.200000000000003,30.1,4.96,2.0,4.97,0.16,0.0,0.0,1027.0,8228.0,0.0,0.0,0.0,0.0,0.0,1.0,0.0,0.0,0.0,0.0,0.0,0.0,0.0,0.0,0.0,0.0,16.0,25903.0
2026-07-30T19:02:04.700Z,294.183,294.198,0.0,7.4,0.0,0.0,0.0,0.0,0.0,0.0,0.0,0.0,1.0,0.0,0.0,0.0,9.0,4.0,0.0,0.0,0.0,0.0,0.0,0.0,0.0,0.0,5.0,12.0,1.0,12.19,5.01,2.51,1.49,0.0,0.0,0.0,133.8,0.0,0.2,0.0,0.0,-169.70000000000002,0.0,0.0,169.8,0.0,21.4,29.1,29.1,30.1,300.0,300.0,31.6,35.7,29.0,28.200000000000003,30.1,4.95,1.99,4.97,0.16,0.0,0.0,1027.0,8228.0,0.0,0.0,0.0,0.0,0.0,1.0,0.0,0.0,0.0,0.0,0.0,0.0,0.0,0.0,0.0,0.0,16.0,25903.0
2026-07-30T19:02:04.713Z,294.196,294.21,0.0,7.4,0.0,0.0,0.0,0.0,0.0,0.0,0.0,0.0,1.0,0.0,0.0,0.0,9.0,4.0,0.0,0.0,0.0,0.0,0.0,0.0,0.0,0.0,6.0,12.0,1.0,12.19,5.01,2.51,1.49,0.0,0.0,0.0,134.1,0.0,0.8,-0.4,2.8000000000000003,-169.8,0.0,0.0,169.8,0.0,21.4,29.1,29.1,30.1,300.0,300.0,31.6,35.7,29.0,28.200000000000003,30.1,4.95,1.99,4.97,0.16,0.0,0.0,1027.0,8228.0,0.0,0.0,0.0,0.0,0.0,1.0,0.0,0.0,0.0,0.0,0.0,1.5,0.0,-2.6,0.0,0.0,16.0,25903.0
2026-07-30T19:02:04.725Z,294.208,294.222,0.0,7.4,0.0,0.0,0.0,0.0,0.0,0.0,0.0,0.0,1.0,0.0,0.0,0.0,9.0,4.0,0.0,0.0,0.0,0.0,0.0,0.0,0.0,0.0,1.0,12.0,1.0,12.19,5.01,2.51,1.49,0.0,0.0,0.0,134.1,0.0,0.8,0.0,0.0,-169.8,0.0,0.0,169.8,0.0,21.4,29.1,29.1,30.1,300.0,300.0,31.6,35.7,29.0,28.200000000000003,30.1,4.96,2.0,4.96,0.16,0.0,0.0,1027.0,8228.0,0.0,0.0,0.0,0.0,0.0,1.0,0.0,0.0,0.0,0.0,0.0,-0.4,0.0,-1.1,0.0,0.0,16.0,25903.0
2026-07-30T19:02:04.736Z,294.219,294.234,0.0,7.4,0.0,0.0,0.0,0.0,0.0,0.0,0.0,0.0,1.0,0.0,0.0,0.0,9.0,4.0,0.0,0.0,0.0,0.0,0.0,0.0,0.0,0.0,2.0,12.0,1.0,12.19,5.01,2.51,1.49,0.0,0.0,0.0,134.4,0.0,0.2,1.2000000000000002,0.0,-169.8,0.0,0.0,169.8,0.0,21.4,29.1,29.1,30.1,300.0,300.0,31.6,35.7,29.0,28.200000000000003,30.1,4.96,1.99,4.97,0.16,0.0,0.0,1027.0,8228.0,0.0,0.0,0.0,0.0,0.0,1.0,0.0,0.0,0.0,0.0,0.0,-0.1,0.0,1.2000000000000002,0.0,0.0,16.0,25903.0
2026-07-30T19:02:04.749Z,294.232,294.246,0.0,7.4,0.0,0.0,0.0,0.0,0.0,0.0,0.0,0.0,1.0,0.0,0.0,0.0,9.0,4.0,0.0,0.0,0.0,0.0,0.0,0.0,0.0,0.0,3.0,12.0,1.0,12.19,5.01,2.51,1.49,0.0,0.0,0.0,134.5,0.0,-0.2,1.2000000000000002,0.0,-169.8,0.0,0.0,169.8,0.0,21.4,29.1,29.1,30.1,300.0,300.0,31.6,35.7,29.0,28.200000000000003,30.1,4.95,1.99,4.97,0.16,0.0,0.0,1027.0,8228.0,0.0,0.0,0.0,0.0,0.0,1.0,0.0,0.0,0.0,0.0,0.0,-0.4,0.0,0.6000000000000001,0.0,0.0,16.0,25903.0
2026-07-30T19:02:04.762Z,294.245,294.258,0.0,7.4,0.0,0.0,0.0,0.0,0.0,0.0,0.0,0.0,1.0,0.0,0.0,0.0,9.0,4.0,0.0,0.0,0.0,0.0,0.0,0.0,0.0,0.0,4.0,12.0,1.0,12.17,5.0200000000000005,2.51,1.49,0.0,0.0,0.0,134.3,0.0,0.2,0.6000000000000001,-0.1,-169.8,0.0,0.0,169.8,0.0,21.0,29.1,29.1,30.1,300.0,300.0,31.6,35.7,29.0,28.200000000000003,30.1,4.96,1.99,4.96,0.16,0.0,0.0,1027.0,8228.0,0.0,0.0,0.0,0.0,0.0,1.0,0.0,0.0,0.0,0.0,0.0,0.6000000000000001,0.0,0.2,0.0,0.0,16.0,25903.0
2026-07-30T19:02:04.772Z,294.255,294.27,0.0,7.4,0.0,0.0,0.0,0.0,0.0,0.0,0.0,0.0,1.0,0.0,0.0,0.0,9.0,4.0,0.0,0.0,0.0,0.0,0.0,0.0,0.0,0.0,6.0,12.0,1.0,12.17,5.0200000000000005,2.51,1.49,0.0,0.1,0.0,134.3,0.0,0.2,0.0,0.4,-169.8,0.0,0.0,169.8,0.0,21.0,29.1,29.1,30.1,300.0,300.0,31.6,35.7,29.0,28.200000000000003,30.1,4.95,1.99,4.97,0.16,0.0,0.0,1027.0,8228.0,0.0,0.0,0.0,0.0,0.0,1.0,0.0,0.0,0.0,0.0,0.0,0.3,0.0,-0.3,0.0,0.0,16.0,25903.0
2026-07-30T19:02:04.784Z,294.267,294.282,0.0,7.4,0.0,0.0,0.0,0.0,0.0,0.0,0.0,0.0,1.0,0.0,0.0,0.0,9.0,4.0,0.0,0.0,0.0,0.0,0.0,0.0,0.0,0.0,1.0,12.0,1.0,12.17,5.0200000000000005,2.51,1.49,0.0,0.0,0.0,134.20000000000002,0.0,-0.2,1.2000000000000002,1.5,-169.8,0.0,0.0,169.8,0.0,21.0,29.1,29.1,30.1,300.0,300.0,31.6,35.7,29.0,28.200000000000003,30.1,4.95,1.99,4.97,0.16,0.0,0.0,1027.0,8228.0,0.0,0.0,0.0,0.0,0.0,1.0,0.0,0.0,0.0,0.0,0.0,2.5,0.0,-1.1,0.0,0.0,16.0,25903.0
2026-07-30T19:02:04.796Z,294.279,294.294,0.0,7.4,0.0,0.0,0.0,0.0,0.0,0.0,0.0,0.0,1.0,0.0,0.0,0.0,9.0,4.0,0.0,0.0,0.0,0.0,0.0,0.0,0.0,0.0,1.0,12.0,1.0,12.17,5.0200000000000005,2.51,1.49,0.0,0.0,0.0,134.0,0.0,-0.9,0.0,-0.7000000000000001,-169.8,0.0,0.0,169.8,0.0,21.0,29.1,29.1,30.1,300.0,300.0,31.6,35.7,29.0,28.200000000000003,30.1,4.95,1.99,4.97,0.16,0.0,0.0,1027.0,8228.0,0.0,0.0,0.0,0.0,0.0,1.0,0.0,0.0,0.0,0.0,0.0,-0.5,0.0,0.7000000000000001,0.0,0.0,16.0,25903.0
2026-07-30T19:02:04.808Z,294.291,294.306,0.0,7.4,0.0,0.0,0.0,0.0,0.0,0.0,0.0,0.0,1.0,0.0,0.0,0.0,9.0,4.0,0.0,0.0,0.0,0.0,0.0,0.0,0.0,0.0,3.0,12.0,1.0,12.17,5.0200000000000005,2.51,1.49,0.0,0.0,0.0,134.0,0.0,-0.3,-1.1,0.4,-169.8,0.0,0.0,169.8,0.0,21.0,29.1,29.1,30.1,300.0,300.0,31.6,35.7,29.0,28.200000000000003,30.1,4.95,1.99,4.96,0.16,0.0,0.0,1027.0,8228.0,0.0,0.0,0.0,0.0,0.0,1.0,0.0,0.0,0.0,0.0,0.0,-0.9,0.0,-0.6000000000000001,0.0,0.0,16.0,25903.0
2026-07-30T19:02:04.820Z,294.303,294.318,0.0,7.4,0.0,0.0,0.0,0.0,0.0,0.0,0.0,0.0,1.0,0.0,0.0,0.0,9.0,4.0,0.0,0.0,0.0,0.0,0.0,0.0,0.0,0.0,4.0,12.0,1.0,12.17,5.0200000000000005,2.51,1.49,0.0,0.0,0.0,133.9,0.0,-0.9,0.0,1.0,-169.8,0.0,0.0,169.8,0.0,21.0,29.1,29.1,30.1,300.0,300.0,31.6,35.7,29.0,28.200000000000003,30.1,4.95,1.99,4.97,0.16,0.0,0.0,1027.0,8228.0,0.0,0.0,0.0,0.0,0.0,1.0,0.0,0.0,0.0,0.0,0.0,0.7000000000000001,0.0,-0.8,0.0,0.0,16.0,25903.0
2026-07-30T19:02:04.832Z,294.315,294.33,0.0,7.4,0.0,0.0,0.0,0.0,0.0,0.0,0.0,0.0,1.0,0.0,0.0,0.0,9.0,4.0,0.0,0.0,0.0,0.0,0.0,0.0,0.0,0.0,5.0,12.0,1.0,12.17,5.0200000000000005,2.51,1.49,0.0,0.0,0.0,133.70000000000002,0.0,-0.3,0.0,-0.7000000000000001,-169.8,0.0,0.0,169.8,0.0,21.0,29.1,29.1,30.1,300.0,300.0,31.6,35.7,29.0,28.200000000000003,30.1,4.95,1.99,4.97,0.16,0.0,0.0,1027.0,8228.0,0.0,0.0,0.0,0.0,0.0,1.0,0.0,0.0,0.0,0.0,0.0,-0.5,0.0,0.6000000000000001,0.0,0.0,16.0,25903.0
2026-07-30T19:02:04.844Z,294.327,294.342,0.0,7.4,0.0,0.0,0.0,0.0,0.0,0.0,0.0,0.0,1.0,0.0,0.0,0.0,9.0,4.0,0.0,0.0,0.0,0.0,0.0,0.0,0.0,0.0,6.0,12.0,1.0,12.17,5.0200000000000005,2.51,1.49,0.0,0.0,0.0,133.6,0.0,0.2,0.6000000000000001,0.9,-169.8,0.0,0.0,169.8,0.0,21.0,29.1,29.1,30.1,300.0,300.0,31.6,35.7,29.0,28.200000000000003,30.1,4.96,1.99,4.97,0.16,0.0,0.0,1027.0,8228.0,0.0,0.0,0.0,0.0,0.0,1.0,0.0,0.0,0.0,0.0,0.0,1.4,0.0,-0.7000000000000001,0.0,0.0,16.0,25903.0
2026-07-30T19:02:04.856Z,294.339,294.354,0.0,7.4,0.0,0.0,0.0,0.0,0.0,0.0,0.0,0.0,1.0,0.0,0.0,0.0,9.0,4.0,0.0,0.0,0.0,0.0,0.0,0.0,0.0,0.0,1.0,12.0,1.0,12.17,5.0200000000000005,2.51,1.49,0.0,0.0,0.0,133.5,0.0,0.8,0.0,-0.7000000000000001,-169.8,0.0,0.0,169.8,0.0,21.0,29.1,29.1,30.1,300.0,300.0,31.6,35.7,29.0,28.200000000000003,30.1,4.96,1.99,4.96,0.16,0.0,0.0,1027.0,8228.0,0.0,0.0,0.0,0.0,0.0,1.0,0.0,0.0,0.0,0.0,0.0,-0.5,0.0,0.6000000000000001,0.0,0.0,16.0,25903.0
2026-07-30T19:02:04.868Z,294.351,294.366,0.0,7.4,0.0,0.0,0.0,0.0,0.0,0.0,0.0,0.0,1.0,0.0,0.0,0.0,9.0,4.0,0.0,0.0,0.0,0.0,0.0,0.0,0.0,0.0,2.0,12.0,1.0,12.17,5.01,2.51,1.49,0.0,0.0,0.0,133.4,0.0,-0.2,-1.1,-0.1,-169.8,0.0,0.0,169.8,0.0,20.9,29.1,29.1,30.1,300.0,300.0,31.6,35.7,29.0,28.200000000000003,30.1,4.95,1.99,4.97,0.16,0.0,0.0,1027.0,8228.0,0.0,0.0,0.0,0.0,0.0,1.0,0.0,0.0,0.0,0.0,0.0,-1.3,0.0,-0.1,0.0,0.0,16.0,25903.0
2026-07-30T19:02:04.880Z,294.363,294.378,0.0,7.4,0.0,0.0,0.0,0.0,0.0,0.0,0.0,0.0,1.0,0.0,0.0,0.0,9.0,4.0,0.0,0.0,0.0,0.0,0.0,0.0,0.0,0.0,3.0,12.0,1.0,12.17,5.01,2.51,1.49,0.0,0.0,0.0,133.3,0.0,0.2,-0.5,1.0,-169.8,0.0,0.0,169.8,0.0,20.9,29.1,29.1,30.1,300.0,300.0,31.6,35.7,29.0,28.200000000000003,30.1,4.95,1.99,4.96,0.16,0.0,0.0,1027.0,8228.0,0.0,0.0,0.0,0.0,0.0,1.0,0.0,0.0,0.0,0.0,0.0,0.1,0.0,-1.0,0.0,0.0,16.0,25903.0
2026-07-30T19:02:04.892Z,294.375,294.39,0.0,7.4,0.0,0.0,0.0,0.0,0.0,0.0,0.0,0.0,1.0,0.0,0.0,0.0,9.0,4.0,0.0,0.0,0.0,0.0,0.0,0.0,0.0,0.0,4.0,12.0,1.0,12.17,5.01,2.51,1.49,0.0,0.0,0.0,133.20000000000002,0.0,-0.2,0.6000000000000001,0.4,-169.8,0.0,0.0,169.8,0.0,20.9,29.1,29.1,30.1,300.0,300.0,31.6,35.7,29.0,28.200000000000003,30.1,4.96,1.99,4.96,0.16,0.0,0.0,1027.0,8228.0,0.0,0.0,0.0,0.0,0.0,1.0,0.0,0.0,0.0,0.0,0.0,1.0,0.0,-0.2,0.0,0.0,16.0,25903.0
2026-07-30T19:02:04.904Z,294.387,294.402,0.0,7.4,0.0,0.0,0.0,0.0,0.0,0.0,0.0,0.0,1.0,0.0,0.0,0.0,9.0,4.0,0.0,0.0,0.0,0.0,0.0,0.0,0.0,0.0,4.0,12.0,1.0,12.17,5.01,2.51,1.49,0.0,0.0,0.0,133.1,0.0,0.2,-0.5,0.4,-169.8,0.0,0.0,169.8,0.0,20.9,29.1,29.1,30.1,300.0,300.0,31.6,35.7,29.0,28.200000000000003,30.1,4.95,1.99,4.97,0.16,0.0,0.0,1027.0,8228.0,0.0,0.0,0.0,0.0,0.0,1.0,0.0,0.0,0.0,0.0,0.0,-0.2,0.0,-0.5,0.0,0.0,16.0,25903.0
2026-07-30T19:02:04.916Z,294.399,294.414,0.0,7.4,0.0,0.0,0.0,0.0,0.0,0.0,0.0,0.0,1.0,0.0,0.0,0.0,9.0,4.0,0.0,0.0,0.0,0.0,0.0,0.0,0.0,0.0,6.0,12.0,1.0,12.17,5.01,2.51,1.49,0.0,0.0,0.0,133.0,0.0,0.2,0.0,0.4,-169.8,0.0,0.0,169.8,0.0,20.9,29.1,29.1,30.1,300.0,300.0,31.6,35.7,29.0,28.200000000000003,30.1,4.96,1.99,4.96,0.16,0.0,0.0,1027.0,8228.0,0.0,0.0,0.0,0.0,0.0,1.0,0.0,0.0,0.0,0.0,0.0,0.4,0.0,-0.3,0.0,0.0,16.0,25903.0
2026-07-30T19:02:04.928Z,294.411,294.426,0.0,7.4,0.0,0.0,0.0,0.0,0.0,0.0,0.0,0.0,1.0,0.0,0.0,0.0,9.0,4.0,0.0,0.0,0.0,0.0,0.0,0.0,0.0,0.0,1.0,12.0,1.0,12.17,5.01,2.51,1.49,0.0,0.1,0.0,132.8,0.0,0.8,0.1,0.4,-169.8,0.0,0.0,169.8,0.0,20.9,29.1,29.1,30.1,300.0,300.0,31.6,35.7,29.0,28.200000000000003,30.1,4.96,2.0,4.96,0.16,0.0,0.0,1027.0,8228.0,0.0,0.0,0.0,0.0,0.0,1.0,0.0,0.0,0.0,0.0,0.0,0.4,0.0,-0.4,0.0,0.0,16.0,25903.0
2026-07-30T19:02:04.941Z,294.424,294.438,0.0,7.4,0.0,0.0,0.0,0.0,0.0,0.0,0.0,0.0,1.0,0.0,0.0,0.0,9.0,4.0,0.0,0.0,0.0,0.0,0.0,0.0,0.0,0.0,2.0,12.0,1.0,12.17,5.01,2.51,1.49,0.0,0.0,0.0,132.70000000000002,0.0,-0.2,0.1,0.4,-169.8,0.0,0.0,169.8,0.0,20.9,29.1,29.1,30.1,300.0,300.0,31.6,35.7,29.0,28.200000000000003,30.1,4.96,1.99,4.96,0.16,0.0,0.0,1027.0,8228.0,0.0,0.0,0.0,0.0,0.0,1.0,0.0,0.0,0.0,0.0,0.0,0.4,0.0,-0.3,0.0,0.0,16.0,25903.0
2026-07-30T19:02:04.953Z,294.436,294.45,0.0,7.4,0.0,0.0,0.0,0.0,0.0,0.0,0.0,0.0,1.0,0.0,0.0,0.0,9.0,4.0,0.0,0.0,0.0,0.0,0.0,0.0,0.0,0.0,3.0,12.0,1.0,12.17,5.01,2.51,1.49,0.0,0.0,0.0,132.6,0.0,0.3,-1.0,-0.1,-169.8,0.0,0.0,169.8,0.0,20.9,29.1,29.1,30.1,300.0,300.0,31.6,35.7,29.0,28.200000000000003,30.1,4.95,1.99,4.97,0.16,0.0,0.0,1027.0,8228.0,0.0,0.0,0.0,0.0,0.0,1.0,0.0,0.0,0.0,0.0,0.0,-1.2000000000000002,0.0,0.0,0.0,0.0,16.0,25903.0
2026-07-30T19:02:04.965Z,294.448,294.462,0.0,7.4,0.0,0.0,0.0,0.0,0.0,0.0,0.0,0.0,1.0,0.0,0.0,0.0,9.0,4.0,0.0,0.0,0.0,0.0,0.0,0.0,0.0,0.0,4.0,12.0,1.0,12.15,5.01,2.51,1.49,0.0,0.0,0.0,132.6,0.0,-0.2,-0.4,0.4,-169.8,0.0,0.0,169.8,0.0,21.8,29.1,29.1,30.1,300.0,300.0,31.6,35.7,29.0,28.200000000000003,30.1,4.96,2.0,4.96,0.16,0.0,0.0,1027.0,8228.0,0.0,0.0,0.0,0.0,0.0,1.0,0.0,0.0,0.0,0.0,0.0,-0.2,0.0,-0.4,0.0,0.0,16.0,25903.0
2026-07-30T19:02:04.977Z,294.46,294.474,0.0,7.4,0.0,0.0,0.0,0.0,0.0,0.0,0.0,0.0,1.0,0.0,0.0,0.0,9.0,4.0,0.0,0.0,0.0,0.0,0.0,0.0,0.0,0.0,5.0,12.0,1.0,12.15,5.01,2.51,1.49,0.0,0.0,0.0,132.4,0.0,-0.2,0.1,-0.7000000000000001,-169.8,0.0,0.0,169.70000000000002,0.0,21.8,29.1,29.1,30.1,300.0,300.0,31.6,35.7,29.0,28.200000000000003,30.1,4.96,1.99,4.97,0.16,0.0,0.0,1027.0,8228.0,0.0,0.0,0.0,0.0,0.0,1.0,0.0,0.0,0.0,0.0,0.0,-0.3,0.0,0.7000000000000001,0.0,0.0,16.0,25903.0
2026-07-30T19:02:04.988Z,294.471,294.486,0.0,7.4,0.0,0.0,0.0,0.0,0.0,0.0,0.0,0.0,1.0,0.0,0.0,0.0,9.0,4.0,0.0,0.0,0.0,0.0,0.0,0.0,0.0,0.0,6.0,12.0,1.0,12.15,5.01,2.51,1.49,0.0,0.0,0.0,132.3,0.0,0.3,-0.4,-1.3,-169.70000000000002,0.0,0.0,169.8,0.0,21.8,29.1,29.1,30.1,300.0,300.0,31.6,35.7,29.0,28.200000000000003,30.1,4.95,1.99,4.97,0.16,0.0,0.0,1027.0,8228.0,0.0,0.0,0.0,0.0,0.0,1.0,0.0,0.0,0.0,0.0,0.0,-1.4,0.0,1.0,0.0,0.0001,16.0,25903.0
2026-07-30T19:02:05.000Z,294.483,294.498,0.0,7.4,0.0,0.0,0.0,0.0,0.0,0.0,0.0,0.0,1.0,0.0,0.0,0.0,9.0,4.0,0.0,0.0,0.0,0.0,0.0,0.0,0.0,0.0,1.0,12.0,1.0,12.15,5.01,2.51,1.49,0.0,0.0,0.0,132.20000000000002,0.0,0.2,0.1,2.1,-169.70000000000002,0.0,0.0,169.8,0.0,21.8,29.1,29.1,30.1,300.0,300.0,31.6,35.7,29.0,28.200000000000003,30.1,4.96,1.99,4.96,0.16,0.0,0.0,1027.0,8228.0,0.0,0.0,0.0,0.0,0.0,1.0,0.0,0.0,0.0,0.0,0.0,1.8,0.0,-1.8,0.0,0.0001,16.0,25903.0
2026-07-30T19:02:05.013Z,294.496,294.51,0.0,7.4,0.0,0.0,0.0,0.0,0.0,0.0,0.0,0.0,1.0,0.0,0.0,0.0,9.0,4.0,0.0,0.0,0.0,0.0,0.0,0.0,0.0,0.0,2.0,12.0,1.0,12.15,5.01,2.51,1.49,0.0,0.0,0.0,132.1,0.0,-0.2,0.8,0.5,-169.70000000000002,0.0,0.0,169.8,0.0,21.8,29.1,29.1,30.1,300.0,300.0,31.6,35.7,29.0,28.200000000000003,30.1,4.96,1.99,4.96,0.16,0.0,0.0,1027.0,8228.0,0.0,0.0,0.0,0.0,0.0,1.0,0.0,0.0,0.0,0.0,0.0,1.2000000000000002,0.0,-0.2,0.0,0.0,16.0,25903.0
2026-07-30T19:02:05.024Z,294.507,294.522,0.0,7.4,0.0,0.0,0.0,0.0,0.0,0.0,0.0,0.0,1.0,0.0,0.0,0.0,9.0,4.0,0.0,0.0,0.0,0.0,0.0,0.0,0.0,0.0,4.0,12.0,1.0,12.15,5.01,2.51,1.49,0.0,0.0,0.0,132.0,0.0,-0.2,0.8,0.5,-169.70000000000002,0.0,0.0,169.8,0.0,21.8,29.1,29.1,30.1,300.0,300.0,31.6,35.7,29.0,28.200000000000003,30.1,4.96,1.99,4.97,0.16,0.0,0.0,1027.0,8228.0,0.0,0.0,0.0,0.0,0.0,1.0,0.0,0.0,0.0,0.0,0.0,1.3,0.0,-0.2,0.0,0.0,16.0,25903.0
2026-07-30T19:02:05.036Z,294.519,294.534,0.0,7.4,0.0,0.0,0.0,0.0,0.0,0.0,0.0,0.0,1.0,0.0,0.0,0.0,9.0,4.0,0.0,0.0,0.0,0.0,0.0,0.0,0.0,0.0,5.0,12.0,1.0,12.15,5.01,2.51,1.49,0.0,0.0,0.0,131.8,0.0,-0.2,0.2,-1.2000000000000002,-169.70000000000002,0.0,0.0,169.8,0.0,21.8,29.1,29.1,30.1,300.0,300.0,31.6,35.7,29.0,28.200000000000003,30.1,4.96,1.99,4.97,0.16,0.0,0.0,1027.0,8228.0,0.0,0.0,0.0,0.0,0.0,1.0,0.0,0.0,0.0,0.0,0.0,-0.6000000000000001,0.0,1.1,0.0,0.0,16.0,25903.0
2026-07-30T19:02:05.048Z,294.531,294.546,0.0,7.4,0.0,0.0,0.0,0.0,0.0,0.0,0.0,0.0,1.0,0.0,0.0,0.0,9.0,4.0,0.0,0.0,0.0,0.0,0.0,0.0,0.0,0.0,6.0,12.0,1.0,12.15,5.01,2.51,1.49,0.0,0.0,0.0,131.8,0.0,-0.2,-1.5,-2.3000000000000003,-169.70000000000002,0.0,0.0,169.8,0.0,21.8,29.1,29.1,30.1,300.0,300.0,31.6,35.7,29.0,28.200000000000003,30.1,4.96,1.99,4.96,0.16,0.0,0.0,1027.0,8228.0,0.0,0.0,0.0,0.0,0.0,1.0,0.0,0.0,0.0,0.0,0.0,-3.5,0.0,1.7000000000000002,0.0,0.0,16.0,25903.0
2026-07-30T19:02:05.061Z,294.544,294.558,0.0,7.4,0.0,0.0,0.0,0.0,0.0,0.0,0.0,0.0,1.0,0.0,0.0,0.0,9.0,4.0,0.0,0.0,0.0,0.0,0.0,0.0,0.0,0.0,1.0,12.0,1.0,12.15,5.01,2.51,1.49,0.0,0.0,0.0,131.70000000000002,0.0,0.3,0.8,0.0,-169.70000000000002,0.0,0.0,169.8,0.0,21.8,29.1,29.1,30.1,300.0,300.0,31.6,35.7,29.0,28.200000000000003,30.1,4.95,1.99,4.97,0.16,0.0,0.0,1027.0,8228.0,0.0,0.0,0.0,0.0,0.0,1.0,0.0,0.0,0.0,0.0,0.0,0.9,0.0,0.1,0.0,0.0,16.0,25903.0
2026-07-30T19:02:05.072Z,294.555,294.57,0.0,7.4,0.0,0.0,0.0,0.0,0.0,0.0,0.0,0.0,1.0,0.0,0.0,0.0,9.0,4.0,0.0,0.0,0.0,0.0,0.0,0.0,0.0,0.0,2.0,12.0,1.0,12.2,5.0200000000000005,2.5,1.49,0.0,0.0,0.0,131.6,0.0,-0.2,0.2,1.1,-169.70000000000002,0.0,0.0,169.8,0.0,21.3,29.1,29.1,30.1,300.0,300.0,31.6,35.7,29.0,28.200000000000003,30.1,4.95,1.99,4.96,0.16,0.0,0.0,1027.0,8228.0,0.0,0.0,0.0,0.0,0.0,1.0,0.0,0.0,0.0,0.0,0.0,1.1,0.0,-0.9,0.0,0.0,16.0,25903.0
2026-07-30T19:02:05.084Z,294.567,294.582,0.0,7.4,0.0,0.0,0.0,0.0,0.0,0.0,0.0,0.0,1.0,0.0,0.0,0.0,9.0,4.0,0.0,0.0,0.0,0.0,0.0,0.0,0.0,0.0,3.0,12.0,1.0,12.2,5.0200000000000005,2.5,1.49,0.0,0.1,0.0,131.5,0.0,-0.2,0.2,0.5,-169.70000000000002,0.0,0.0,169.8,0.0,21.3,29.1,29.1,30.1,300.0,300.0,31.6,35.7,29.0,28.200000000000003,30.1,4.96,1.99,4.96,0.16,0.0,0.0,1027.0,8228.0,0.0,0.0,0.0,0.0,0.0,1.0,0.0,0.0,0.0,0.0,0.0,0.6000000000000001,0.0,-0.3,0.0,0.0,16.0,25903.0
2026-07-30T19:02:05.097Z,294.58,294.594,0.0,7.4,0.0,0.0,0.0,0.0,0.0,0.0,0.0,0.0,1.0,0.0,0.0,0.0,9.0,4.0,0.0,0.0,0.0,0.0,0.0,0.0,0.0,0.0,4.0,12.0,1.0,12.2,5.0200000000000005,2.5,1.49,0.0,0.0,0.0,131.4,0.0,-0.2,-0.3,-0.6000000000000001,-169.70000000000002,0.0,0.0,169.8,0.0,21.3,29.1,29.1,30.1,300.0,300.0,31.6,35.7,29.0,28.200000000000003,30.1,4.95,1.99,4.96,0.16,0.0,0.0,1027.0,8228.0,0.0,0.0,0.0,0.0,0.0,1.0,0.0,0.0,0.0,0.0,0.0,-0.8,0.0,0.5,0.0,0.0,16.0,25903.0
2026-07-30T19:02:05.108Z,294.591,294.606,0.0,7.4,0.0,0.0,0.0,0.0,0.0,0.0,0.0,0.0,1.0,0.0,0.0,0.0,9.0,4.0,0.0,0.0,0.0,0.0,0.0,0.0,0.0,0.0,6.0,12.0,1.0,12.2,5.0200000000000005,2.5,1.49,0.0,0.0,0.0,131.20000000000002,0.0,0.3,-0.9,-0.6000000000000001,-169.70000000000002,0.0,0.0,169.70000000000002,0.0,21.3,29.1,29.1,30.1,300.0,300.0,31.6,35.7,29.0,28.200000000000003,30.1,4.96,1.99,4.97,0.16,0.0,0.0,1027.0,8228.0,0.0,0.0,0.0,0.0,0.0,1.0,0.0,0.0,0.0,0.0,0.0,-1.5,0.0,0.3,0.0,0.0,16.0,25903.0
2026-07-30T19:02:05.120Z,294.603,294.618,0.0,7.4,0.0,0.0,0.0,0.0,0.0,0.0,0.0,0.0,1.0,0.0,0.0,0.0,9.0,4.0,0.0,0.0,0.0,0.0,0.0,0.0,0.0,0.0,1.0,12.0,1.0,12.2,5.0200000000000005,2.5,1.49,0.0,0.0,0.0,131.1,0.0,-0.8,0.8,0.0,-169.70000000000002,0.0,0.0,169.8,0.0,21.3,29.1,29.1,30.1,300.0,300.0,31.6,35.7,29.0,28.200000000000003,30.1,4.96,2.0,4.96,0.16,0.0,0.0,1027.0,8228.0,0.0,0.0,0.0,0.0,0.0,1.0,0.0,0.0,0.0,0.0,0.0,0.9,0.0,0.1,0.0,0.0,16.0,25903.0
2026-07-30T19:02:05.132Z,294.615,294.63,0.0,7.4,0.0,0.0,0.0,0.0,0.0,0.0,0.0,0.0,1.0,0.0,0.0,0.0,9.0,4.0,0.0,0.0,0.0,0.0,0.0,0.0,0.0,0.0,2.0,12.0,1.0,12.2,5.0200000000000005,2.5,1.49,0.0,0.0,0.0,131.0,0.0,0.3,0.2,-1.1,-169.70000000000002,0.0,0.0,169.8,0.0,21.3,29.1,29.1,30.1,300.0,300.0,31.6,35.7,29.0,28.200000000000003,30.1,4.96,1.99,4.96,0.16,0.0,0.0,1027.0,8228.0,0.0,0.0,0.0,0.0,0.0,1.0,0.0,0.0,0.0,0.0,0.0,-0.5,0.0,1.0,0.0,0.0,16.0,25903.0
2026-07-30T19:02:05.144Z,294.627,294.642,0.0,7.4,0.0,0.0,0.0,0.0,0.0,0.0,0.0,0.0,1.0,0.0,0.0,0.0,9.0,4.0,0.0,0.0,0.0,0.0,0.0,0.0,0.0,0.0,3.0,12.0,1.0,12.2,5.0200000000000005,2.5,1.49,-0.1,0.1,0.0,130.9,0.0,0.9,0.2,0.6000000000000001,-169.70000000000002,0.0,0.0,169.8,0.0,21.3,29.1,29.1,30.1,300.0,300.0,31.6,35.7,29.0,28.200000000000003,30.1,4.95,1.99,4.97,0.16,0.0,0.0,1027.0,8228.0,0.0,0.0,0.0,0.0,0.0,1.0,0.0,0.0,0.0,0.0,0.0,0.7000000000000001,0.0,-0.5,0.0,0.0,16.0,25903.0
2026-07-30T19:02:05.156Z,294.639,294.654,0.0,7.4,0.0,0.0,0.0,0.0,0.0,0.0,0.0,0.0,1.0,0.0,0.0,0.0,9.0,4.0,0.0,0.0,0.0,0.0,0.0,0.0,0.0,0.0,4.0,12.0,1.0,12.2,5.0200000000000005,2.5,1.49,0.0,0.0,0.0,130.8,0.0,-0.2,0.1,-1.2000000000000002,-169.70000000000002,0.0,0.0,169.8,0.0,21.3,29.1,29.1,30.1,300.0,300.0,31.6,35.7,29.0,28.200000000000003,30.1,4.96,1.99,4.96,0.16,0.0,0.0,1027.0,8228.0,0.0,0.0,0.0,0.0,0.0,1.0,0.0,0.0,0.0,0.0,0.0,-0.6000000000000001,0.0,1.1,0.0,0.0,16.0,25903.0
2026-07-30T19:02:05.170Z,294.653,294.666,0.0,7.4,0.0,0.0,0.0,0.0,0.0,0.0,0.0,0.0,1.0,0.0,0.0,0.0,9.0,4.0,0.0,0.0,0.0,0.0,0.0,0.0,0.0,0.0,5.0,12.0,1.0,12.15,5.01,2.51,1.49,0.0,0.1,0.0,130.70000000000002,0.0,0.3,0.7000000000000001,0.0,-169.70000000000002,0.0,0.0,169.8,0.0,21.700000000000003,29.1,29.1,30.1,300.0,300.0,31.6,35.7,29.0,28.3,30.1,4.96,1.99,4.96,0.16,0.0,0.0,1027.0,8228.0,0.0,0.0,0.0,0.0,0.0,1.0,0.0,0.0,0.0,0.0,0.0,0.8,0.0,0.1,0.0,0.0,16.0,25903.0
2026-07-30T19:02:05.180Z,294.663,294.678,0.0,7.4,0.0,0.0,0.0,0.0,0.0,0.0,0.0,0.0,1.0,0.0,0.0,0.0,9.0,4.0,0.0,0.0,0.0,0.0,0.0,0.0,0.0,0.0,6.0,12.0,1.0,12.15,5.01,2.51,1.49,0.0,0.0,0.0,130.6,0.0,-0.7000000000000001,0.7000000000000001,0.0,-169.70000000000002,0.0,0.0,169.8,0.0,21.700000000000003,29.1,29.1,30.1,300.0,300.0,31.6,35.7,29.0,28.3,30.1,4.95,1.99,4.96,0.16,0.0,0.0,1027.0,8228.0,0.0,0.0,0.0,0.0,0.0,1.0,0.0,0.0,0.0,0.0,0.0,0.8,0.0,0.1,0.0,0.0,16.0,25903.0
2026-07-30T19:02:05.192Z,294.675,294.69,0.0,7.4,0.0,0.0,0.0,0.0,0.0,0.0,0.0,0.0,1.0,0.0,0.0,0.0,9.0,4.0,0.0,0.0,0.0,0.0,0.0,0.0,0.0,0.0,2.0,12.0,1.0,12.15,5.01,2.51,1.49,0.0,0.1,0.0,130.6,0.0,-0.2,-0.4,0.0,-169.70000000000002,0.0,0.0,169.8,0.0,21.700000000000003,29.1,29.1,30.1,300.0,300.0,31.6,35.7,29.0,28.3,30.1,4.95,1.99,4.97,0.16,0.0,0.0,1027.0,8228.0,0.0,0.0,0.0,0.0,0.0,1.0,0.0,0.0,0.0,0.0,0.0,-0.5,0.0,0.0,0.0,0.0,16.0,25903.0
2026-07-30T19:02:05.204Z,294.687,294.702,0.0,7.4,0.0,0.0,0.0,0.0,0.0,0.0,0.0,0.0,1.0,0.0,0.0,0.0,9.0,4.0,0.0,0.0,0.0,0.0,0.0,0.0,0.0,0.0,3.0,12.0,1.0,12.15,5.01,2.51,1.49,0.0,0.1,0.0,130.8,0.0,-0.2,-1.0,0.4,-169.70000000000002,0.0,0.0,169.8,0.0,21.700000000000003,29.1,29.1,30.1,300.0,300.0,31.6,35.7,29.0,28.3,30.1,4.96,2.0,4.96,0.16,0.0,0.0,1027.0,8228.0,0.0,0.0,0.0,0.0,0.0,1.0,0.0,0.0,0.0,0.0,0.0,-0.7000000000000001,0.0,-0.6000000000000001,0.0,0.0,16.0,25903.0
2026-07-30T19:02:05.216Z,294.699,294.714,0.0,7.4,0.0,0.0,0.0,0.0,0.0,0.0,0.0,0.0,1.0,0.0,0.0,0.0,9.0,4.0,0.0,0.0,0.0,0.0,0.0,0.0,0.0,0.0,4.0,12.0,1.0,12.15,5.01,2.51,1.49,0.0,0.0,0.0,131.0,0.0,0.3,1.2000000000000002,-0.6000000000000001,-169.70000000000002,0.0,0.0,169.8,0.0,21.700000000000003,29.1,29.1,30.1,300.0,300.0,31.6,35.7,29.0,28.3,30.1,4.96,1.99,4.96,0.16,0.0,0.0,1027.0,8228.0,0.0,0.0,0.0,0.0,0.0,1.0,0.0,0.0,0.0,0.0,0.0,0.9,0.0,0.8,0.0,0.0,16.0,25903.0
2026-07-30T19:02:05.228Z,294.711,294.726,0.0,7.4,0.0,0.0,0.0,0.0,0.0,0.0,0.0,0.0,1.0,0.0,0.0,0.0,9.0,4.0,0.0,0.0,0.0,0.0,0.0,0.0,0.0,0.0,5.0,12.0,1.0,12.15,5.01,2.51,1.49,0.0,0.0,0.0,131.20000000000002,0.0,-0.2,-0.4,-0.6000000000000001,-169.8,0.0,0.0,169.8,0.0,21.700000000000003,29.1,29.1,30.1,300.0,300.0,31.6,35.7,29.0,28.3,30.1,4.95,1.99,4.96,0.16,0.0,0.0,1027.0,8228.0,0.0,0.0,0.0,0.0,0.0,1.0,0.0,0.0,0.0,0.0,0.0,-1.0,0.0,0.4,0.0,0.0,16.0,25903.0
2026-07-30T19:02:05.240Z,294.723,294.738,0.0,7.4,0.0,0.0,0.0,0.0,0.0,0.0,0.0,0.0,1.0,0.0,0.0,0.0,9.0,4.0,0.0,0.0,0.0,0.0,0.0,0.0,0.0,0.0,6.0,12.0,1.0,12.15,5.01,2.51,1.49,0.0,0.0,0.0,131.4,0.0,-0.2,-0.4,0.5,-169.8,0.0,0.0,169.8,0.0,21.700000000000003,29.1,29.1,30.1,300.0,300.0,31.6,35.7,29.0,28.3,30.1,4.96,1.99,4.97,0.16,0.0,0.0,1027.0,8228.0,0.0,0.0,0.0,0.0,0.0,1.0,0.0,0.0,0.0,0.0,0.0,0.0,0.0,0.0,0.0,0.0,16.0,25903.0
2026-07-30T19:02:05.252Z,294.735,294.75,0.0,7.4,0.0,0.0,0.0,0.0,0.0,0.0,0.0,0.0,1.0,0.0,0.0,0.0,9.0,4.0,0.0,0.0,0.0,0.0,0.0,0.0,0.0,0.0,1.0,12.0,1.0,12.15,5.01,2.51,1.49,0.0,0.0,0.0,131.6,0.0,0.9,-0.4,1.0,-169.8,0.0,0.0,169.8,0.0,21.700000000000003,29.1,29.1,30.1,300.0,300.0,31.6,35.7,29.0,28.3,30.1,4.95,2.0,4.96,0.16,0.0,0.0,1027.0,8228.0,0.0,0.0,0.0,0.0,0.0,1.0,0.0,0.0,0.0,0.0,0.0,0.2,0.0,-1.0,0.0,0.0,16.0,25903.0
2026-07-30T19:02:05.264Z,294.747,294.762,0.0,7.4,0.0,0.0,0.0,0.0,0.0,0.0,0.0,0.0,1.0,0.0,0.0,0.0,9.0,4.0,0.0,0.0,0.0,0.0,0.0,0.0,0.0,0.0,2.0,12.0,1.0,12.15,5.01,2.51,1.49,0.0,0.0,0.0,131.8,0.0,0.3,0.6000000000000001,0.5,-169.8,0.0,0.0,169.8,0.0,21.700000000000003,29.1,29.1,30.1,300.0,300.0,31.6,35.7,29.0,28.3,30.1,4.95,2.0,4.97,0.16,0.0,0.0,1027.0,8228.0,0.0,0.0,0.0,0.0,0.0,1.0,0.0,0.0,0.0,0.0,0.0,-0.8,0.0,1.1,0.0,0.0,16.0,25903.0
2026-07-30T19:02:05.276Z,294.759,294.774,0.0,7.4,0.0,0.0,0.0,0.0,0.0,0.0,0.0,0.0,1.0,0.0,0.0,0.0,9.0,4.0,0.0,0.0,0.0,0.0,0.0,0.0,0.0,0.0,3.0,12.0,1.0,12.15,5.0200000000000005,2.51,1.5,0.0,0.0,0.0,131.9,0.0,-0.7000000000000001,-0.4,0.0,-169.8,0.0,0.0,169.8,0.0,22.4,29.1,29.1,30.1,300.0,300.0,31.5,35.7,29.0,28.200000000000003,30.1,4.96,1.99,4.97,0.16,0.0,0.0,1027.0,8228.0,0.0,0.0,0.0,0.0,0.0,1.0,0.0,0.0,0.0,0.0,0.0,-0.5,0.0,0.0,0.0,0.0,16.0,25903.0
2026-07-30T19:02:05.288Z,294.771,294.786,0.0,7.4,0.0,0.0,0.0,0.0,0.0,0.0,0.0,0.0,1.0,0.0,0.0,0.0,9.0,4.0,0.0,0.0,0.0,0.0,0.0,0.0,0.0,0.0,4.0,12.0,1.0,12.15,5.0200000000000005,2.51,1.5,0.0,0.0,0.0,132.1,0.0,-0.2,-1.0,-1.2000000000000002,-169.8,0.0,0.0,169.8,0.0,22.4,29.1,29.1,30.1,300.0,300.0,31.5,35.7,29.0,28.200000000000003,30.1,4.96,1.99,4.96,0.16,0.0,0.0,1027.0,8228.0,0.0,0.0,0.0,0.0,0.0,1.0,0.0,0.0,0.0,0.0,0.0,-2.0,0.0,0.8,0.0,0.0,16.0,25903.0
2026-07-30T19:02:05.301Z,294.784,294.798,0.0,7.4,0.0,0.0,0.0,0.0,0.0,0.0,0.0,0.0,1.0,0.0,0.0,0.0,9.0,4.0,0.0,0.0,0.0,0.0,0.0,0.0,0.0,0.0,5.0,12.0,1.0,12.15,5.0200000000000005,2.51,1.5,0.0,0.0,0.0,132.3,0.0,-0.7000000000000001,-1.5,-1.1,-169.8,0.0,0.0,169.8,0.0,22.4,29.1,29.1,30.1,300.0,300.0,31.5,35.7,29.0,28.200000000000003,30.1,4.95,1.99,4.97,0.16,0.0,0.0,1027.0,8228.0,0.0,0.0,0.0,0.0,0.0,1.0,0.0,0.0,0.0,0.0,0.0,-2.6,0.0,0.7000000000000001,0.0,0.0,16.0,25903.0
2026-07-30T19:02:05.313Z,294.796,294.81,0.0,7.4,0.0,0.0,0.0,0.0,0.0,0.0,0.0,0.0,1.0,0.0,0.0,0.0,9.0,4.0,0.0,0.0,0.0,0.0,0.0,0.0,0.0,0.0,6.0,12.0,1.0,12.15,5.0200000000000005,2.51,1.5,0.0,0.1,0.0,132.5,0.0,-0.7000000000000001,-0.3,0.0,-169.8,0.0,0.0,169.8,0.0,22.4,29.1,29.1,30.1,300.0,300.0,31.5,35.7,29.0,28.200000000000003,30.1,4.95,1.98,4.97,0.16,0.0,0.0,1027.0,8228.0,0.0,0.0,0.0,0.0,0.0,1.0,0.0,0.0,0.0,0.0,0.0,-0.4,0.0,0.0,0.0,0.0,16.0,25903.0
2026-07-30T19:02:05.325Z,294.808,294.822,0.0,7.4,0.0,0.0,0.0,0.0,0.0,0.0,0.0,0.0,1.0,0.0,0.0,0.0,9.0,4.0,0.0,0.0,0.0,0.0,0.0,0.0,0.0,0.0,1.0,12.0,1.0,12.15,5.0200000000000005,2.51,1.5,0.0,0.0,0.0,132.70000000000002,0.0,0.3,0.7000000000000001,0.0,-169.8,0.0,0.0,169.8,0.0,22.4,29.1,29.1,30.1,300.0,300.0,31.5,35.7,29.0,28.200000000000003,30.1,4.96,2.0,4.97,0.16,0.0,0.0,1027.0,8228.0,0.0,0.0,0.0,0.0,0.0,1.0,0.0,0.0,0.0,0.0,0.0,0.9,0.0,0.1,0.0,0.0,16.0,25903.0
2026-07-30T19:02:05.336Z,294.819,294.834,0.0,7.4,0.0,0.0,0.0,0.0,0.0,0.0,0.0,0.0,1.0,0.0,0.0,0.0,9.0,4.0,0.0,0.0,0.0,0.0,0.0,0.0,0.0,0.0,2.0,12.0,1.0,12.15,5.0200000000000005,2.51,1.5,0.0,0.0,0.0,132.8,0.0,-0.7000000000000001,0.1,0.5,-169.8,0.0,0.0,169.8,0.0,22.4,29.1,29.1,30.1,300.0,300.0,31.5,35.7,29.0,28.200000000000003,30.1,4.96,2.0,4.96,0.16,0.0,0.0,1027.0,8228.0,0.0,0.0,0.0,0.0,0.0,1.0,0.0,0.0,0.0,0.0,0.0,0.6000000000000001,0.0,-0.4,0.0,0.0,16.0,25903.0
2026-07-30T19:02:05.348Z,294.831,294.846,0.0,7.4,0.0,0.0,0.0,0.0,0.0,0.0,0.0,0.0,1.0,0.0,0.0,0.0,9.0,4.0,0.0,0.0,0.0,0.0,0.0,0.0,0.0,0.0,4.0,12.0,1.0,12.15,5.0200000000000005,2.51,1.5,0.0,0.0,0.0,133.1,0.0,0.9,0.6000000000000001,1.6,-169.8,0.0,0.0,169.8,0.0,22.4,29.1,29.1,30.1,300.0,300.0,31.5,35.7,29.0,28.200000000000003,30.1,4.96,1.99,4.97,0.16,0.0,0.0,1027.0,8228.0,0.0,0.0,0.0,0.0,0.0,1.0,0.0,0.0,0.0,0.0,0.0,2.0,0.0,-1.3,0.0,0.0,16.0,25903.0
2026-07-30T19:02:05.360Z,294.843,294.858,0.0,7.4,0.0,0.0,0.0,0.0,0.0,0.0,0.0,0.0,1.0,0.0,0.0,0.0,9.0,4.0,0.0,0.0,0.0,0.0,0.0,0.0,0.0,0.0,5.0,12.0,1.0,12.15,5.0200000000000005,2.51,1.5,0.0,0.1,0.0,133.3,0.0,-0.8,0.7000000000000001,0.0,-169.8,0.0,0.0,169.8,0.0,22.4,29.1,29.1,30.1,300.0,300.0,31.5,35.7,29.0,28.200000000000003,30.1,4.96,1.99,4.96,0.16,0.0,0.0,1027.0,8228.0,0.0,0.0,0.0,0.0,0.0,1.0,0.0,0.0,0.0,0.0,0.0,0.7000000000000001,0.0,0.2,0.0,0.0,16.0,25903.0
2026-07-30T19:02:05.374Z,294.857,294.87,0.0,7.4,0.0,0.0,0.0,0.0,0.0,0.0,0.0,0.0,1.0,0.0,0.0,0.0,9.0,4.0,0.0,0.0,0.0,0.0,0.0,0.0,0.0,0.0,5.0,12.0,1.0,12.11,5.01,2.5,1.49,0.0,0.0,0.0,133.4,0.0,0.3,0.0,-1.2000000000000002,-169.8,0.0,0.0,169.8,0.0,21.8,29.1,29.1,30.1,300.0,300.0,31.6,35.800000000000004,29.0,28.200000000000003,30.1,4.96,2.0,4.96,0.16,0.0,0.0,1027.0,8228.0,0.0,0.0,0.0,0.0,0.0,1.0,0.0,0.0,0.0,0.0,0.0,-0.8,0.0,1.1,0.0,0.0,16.0,25903.0
2026-07-30T19:02:05.384Z,294.867,294.882,0.0,7.4,0.0,0.0,0.0,0.0,0.0,0.0,0.0,0.0,1.0,0.0,0.0,0.0,9.0,4.0,0.0,0.0,0.0,0.0,0.0,0.0,0.0,0.0,6.0,12.0,1.0,12.11,5.01,2.5,1.49,0.0,0.0,0.0,133.6,0.0,0.3,0.1,1.0,-169.8,0.0,0.0,169.8,0.0,21.8,29.1,29.1,30.1,300.0,300.0,31.6,35.800000000000004,29.0,28.200000000000003,30.1,4.96,2.0,4.97,0.16,0.0,0.0,1027.0,8228.0,0.0,0.0,0.0,0.0,0.0,1.0,0.0,0.0,0.0,0.0,0.0,0.9,0.0,-0.9,0.0,0.0,16.0,25903.0
2026-07-30T19:02:05.397Z,294.88,294.894,0.0,7.4,0.0,0.0,0.0,0.0,0.0,0.0,0.0,0.0,1.0,0.0,0.0,0.0,9.0,4.0,0.0,0.0,0.0,0.0,0.0,0.0,0.0,0.0,1.0,12.0,1.0,12.11,5.01,2.5,1.49,0.0,0.0,0.0,133.8,0.0,0.3,-0.4,0.0,-169.8,0.0,0.0,169.8,0.0,21.8,29.1,29.1,30.1,300.0,300.0,31.6,35.800000000000004,29.0,28.200000000000003,30.1,4.96,1.99,4.97,0.16,0.0,0.0,1027.0,8228.0,0.0,0.0,0.0,0.0,0.0,1.0,0.0,0.0,0.0,0.0,0.0,-0.6000000000000001,0.0,0.0,0.0,0.0,16.0,25903.0
2026-07-30T19:02:05.408Z,294.891,294.906,0.0,7.4,0.0,0.0,0.0,0.0,0.0,0.0,0.0,0.0,1.0,0.0,0.0,0.0,9.0,4.0,0.0,0.0,0.0,0.0,0.0,0.0,0.0,0.0,3.0,12.0,1.0,12.11,5.01,2.5,1.49,0.0,0.0,0.0,134.0,0.0,-0.2,0.6000000000000001,-1.2000000000000002,-169.8,0.0,0.0,169.8,0.0,21.8,29.1,29.1,30.1,300.0,300.0,31.6,35.800000000000004,29.0,28.200000000000003,30.1,4.96,1.99,4.96,0.15,0.0,0.0,1027.0,8228.0,0.0,0.0,0.0,0.0,0.0,1.0,0.0,0.0,0.0,0.0,0.0,-0.1,0.0,1.2000000000000002,0.0,0.0,16.0,25903.0
2026-07-30T19:02:05.420Z,294.903,294.918,0.0,7.4,0.0,0.0,0.0,0.0,0.0,0.0,0.0,0.0,1.0,0.0,0.0,0.0,9.0,4.0,0.0,0.0,0.0,0.0,0.0,0.0,0.0,0.0,4.0,12.0,1.0,12.11,5.01,2.5,1.49,-0.1,0.0,0.0,134.1,0.0,-0.1,0.7000000000000001,-0.6000000000000001,-169.8,0.0,0.0,169.8,0.0,21.8,29.1,29.1,30.1,300.0,300.0,31.6,35.800000000000004,29.0,28.200000000000003,30.1,4.96,1.99,4.96,0.16,0.0,0.0,1027.0,8228.0,0.0,0.0,0.0,0.0,0.0,1.0,0.0,0.0,0.0,0.0,0.0,0.3,0.0,0.7000000000000001,0.0,0.0,16.0,25903.0
2026-07-30T19:02:05.432Z,294.915,294.93,0.0,7.4,0.0,0.0,0.0,0.0,0.0,0.0,0.0,0.0,1.0,0.0,0.0,0.0,9.0,4.0,0.0,0.0,0.0,0.0,0.0,0.0,0.0,0.0,5.0,12.0,1.0,12.11,5.01,2.5,1.49,0.0,0.0,0.0,134.3,0.0,0.3,0.1,0.5,-169.8,0.0,0.0,169.8,0.0,21.8,29.1,29.1,30.1,300.0,300.0,31.6,35.800000000000004,29.0,28.200000000000003,30.1,4.95,1.99,4.97,0.17,0.0,0.0,1027.0,8228.0,0.0,0.0,0.0,0.0,0.0,1.0,0.0,0.0,0.0,0.0,0.0,0.5,0.0,-0.4,0.0,0.0,16.0,25903.0
2026-07-30T19:02:05.444Z,294.927,294.942,0.0,7.4,0.0,0.0,0.0,0.0,0.0,0.0,0.0,0.0,1.0,0.0,0.0,0.0,9.0,4.0,0.0,0.0,0.0,0.0,0.0,0.0,0.0,0.0,6.0,12.0,1.0,12.11,5.01,2.5,1.49,0.0,0.0,0.0,134.5,0.0,-0.1,-1.0,0.0,-169.8,0.0,0.0,169.8,0.0,21.8,29.1,29.1,30.1,300.0,300.0,31.6,35.800000000000004,29.0,28.200000000000003,30.1,4.96,1.99,4.96,0.17,0.0,0.0,1027.0,8228.0,0.0,0.0,0.0,0.0,0.0,1.0,0.0,0.0,0.0,0.0,0.0,-1.2000000000000002,0.0,-0.1,0.0,0.0,16.0,25903.0
2026-07-30T19:02:05.456Z,294.939,294.954,0.0,7.4,0.0,0.0,0.0,0.0,0.0,0.0,0.0,0.0,1.0,0.0,0.0,0.0,9.0,4.0,0.0,0.0,0.0,0.0,0.0,0.0,0.0,0.0,1.0,12.0,1.0,12.11,5.01,2.5,1.49,0.0,0.0,0.0,134.70000000000002,0.0,0.4,0.1,0.4,-169.8,0.0,0.0,169.8,0.0,21.8,29.1,29.1,30.1,300.0,300.0,31.6,35.800000000000004,29.0,28.200000000000003,30.1,4.96,1.99,4.97,0.16,0.0,0.0,1027.0,8228.0,0.0,0.0,0.0,0.0,0.0,1.0,0.0,0.0,0.0,0.0,0.0,0.4,0.0,-0.3,0.0,0.0,16.0,25903.0
2026-07-30T19:02:05.468Z,294.951,294.966,0.0,7.4,0.0,0.0,0.0,0.0,0.0,0.0,0.0,0.0,1.0,0.0,0.0,0.0,9.0,4.0,0.0,0.0,0.0,0.0,0.0,0.0,0.0,0.0,2.0,12.0,1.0,12.11,5.01,2.5,1.49,0.0,0.0,0.0,134.6,0.0,-0.2,0.6000000000000001,0.4,-169.8,0.0,0.0,169.8,0.0,21.8,29.1,29.1,30.1,300.0,300.0,31.6,35.800000000000004,29.0,28.200000000000003,30.1,4.95,1.99,4.97,0.16,0.0,0.0,1027.0,8228.0,0.0,0.0,0.0,0.0,0.0,1.0,0.0,0.0,0.0,0.0,0.0,1.0,0.0,-0.2,0.0,0.0,16.0,25903.0
2026-07-30T19:02:05.480Z,294.963,294.978,0.0,7.4,0.0,0.0,0.0,0.0,0.0,0.0,0.0,0.0,1.0,0.0,0.0,0.0,9.0,4.0,0.0,0.0,0.0,0.0,0.0,0.0,0.0,0.0,3.0,12.0,1.0,12.18,5.0200000000000005,2.5,1.49,0.0,0.1,0.0,134.5,0.0,0.3,-1.0,0.4,-169.8,0.0,0.0,169.8,0.0,21.3,29.1,29.1,30.1,300.0,300.0,31.700000000000003,35.7,29.0,28.200000000000003,30.1,4.96,1.99,4.96,0.16,0.0,0.0,1027.0,8228.0,0.0,0.0,0.0,0.0,0.0,1.0,0.0,0.0,0.0,0.0,0.0,-0.9,0.0,-0.6000000000000001,0.0,0.0,16.0,25903.0
2026-07-30T19:02:05.492Z,294.975,294.99,0.0,7.4,0.0,0.0,0.0,0.0,0.0,0.0,0.0,0.0,1.0,0.0,0.0,0.0,9.0,4.0,0.0,0.0,0.0,0.0,0.0,0.0,0.0,0.0,4.0,12.0,1.0,12.18,5.0200000000000005,2.5,1.49,0.0,0.1,0.0,134.4,0.0,-0.2,-0.5,0.4,-169.8,0.0,0.0,169.8,0.0,21.3,29.1,29.1,30.1,300.0,300.0,31.700000000000003,35.7,29.0,28.200000000000003,30.1,4.95,1.99,4.96,0.16,0.0,0.0,1027.0,8228.0,0.0,0.0,0.0,0.0,0.0,1.0,0.0,0.0,0.0,0.0,0.0,-0.2,0.0,-0.4,0.0,0.0,16.0,25903.0
2026-07-30T19:02:05.504Z,294.987,295.002,0.0,7.4,0.0,0.0,0.0,0.0,0.0,0.0,0.0,0.0,1.0,0.0,0.0,0.0,9.0,4.0,0.0,0.0,0.0,0.0,0.0,0.0,0.0,0.0,5.0,12.0,1.0,12.18,5.0200000000000005,2.5,1.49,0.0,0.0,0.0,134.3,0.0,0.9,0.7000000000000001,-0.1,-169.8,0.0,0.0,169.9,0.0,21.3,29.1,29.1,30.1,300.0,300.0,31.700000000000003,35.7,29.0,28.200000000000003,30.1,4.95,1.99,4.96,0.16,0.0,0.0,1027.0,8228.0,0.0,0.0,0.0,0.0,0.0,1.0,0.0,0.0,0.0,0.0,0.0,0.7000000000000001,0.0,0.2,0.0,0.0,16.0,25903.0
2026-07-30T19:02:05.517Z,295.0,295.014,0.0,7.4,0.0,0.0,0.0,0.0,0.0,0.0,0.0,0.0,1.0,0.0,0.0,0.0,9.0,4.0,0.0,0.0,0.0,0.0,0.0,0.0,0.0,0.0,6.0,12.0,1.0,12.18,5.0200000000000005,2.5,1.49,0.0,0.0,0.0,134.20000000000002,0.0,-0.2,0.7000000000000001,1.0,-169.8,0.0,0.0,169.8,0.0,21.3,29.1,29.1,30.1,300.0,300.0,31.700000000000003,35.7,29.0,28.200000000000003,30.1,4.95,2.0,4.96,0.16,0.0,0.0,1027.0,8228.0,0.0,0.0,0.0,0.0,0.0,1.0,0.0,0.0,0.0,0.0,0.0,1.6,0.0,-0.8,0.0,0.0,16.0,25903.0
2026-07-30T19:02:05.529Z,295.012,295.026,0.0,7.4,0.0,0.0,0.0,0.0,0.0,0.0,0.0,0.0,1.0,0.0,0.0,0.0,9.0,4.0,0.0,0.0,0.0,0.0,0.0,0.0,0.0,0.0,1.0,12.0,1.0,12.18,5.0200000000000005,2.5,1.49,0.0,0.1,0.0,134.1,0.0,-0.2,-0.5,-0.6000000000000001,-169.8,0.0,0.0,169.8,0.0,21.3,29.1,29.1,30.1,300.0,300.0,31.700000000000003,35.7,29.0,28.200000000000003,30.1,4.96,2.0,4.96,0.16,0.0,0.0,1027.0,8228.0,0.0,0.0,0.0,0.0,0.0,1.0,0.0,0.0,0.0,0.0,0.0,-1.0,0.0,0.4,0.0,0.0,16.0,25903.0
2026-07-30T19:02:05.541Z,295.024,295.038,0.0,7.4,0.0,0.0,0.0,0.0,0.0,0.0,0.0,0.0,1.0,0.0,0.0,0.0,9.0,4.0,0.0,0.0,0.0,0.0,0.0,0.0,0.0,0.0,2.0,12.0,1.0,12.18,5.0200000000000005,2.5,1.49,0.0,0.0,0.0,134.0,0.0,0.3,0.6000000000000001,0.0,-169.8,0.0,0.0,169.8,0.0,21.3,29.1,29.1,30.1,300.0,300.0,31.700000000000003,35.7,29.0,28.200000000000003,30.1,4.95,1.99,4.97,0.16,0.0,0.0,1027.0,8228.0,0.0,0.0,0.0,0.0,0.0,1.0,0.0,0.0,0.0,0.0,0.0,0.7000000000000001,0.0,0.2,0.0,0.0,16.0,25903.0
2026-07-30T19:02:05.553Z,295.036,295.05,0.0,7.4,0.0,0.0,0.0,0.0,0.0,0.0,0.0,0.0,1.0,0.0,0.0,0.0,9.0,4.0,0.0,0.0,0.0,0.0,0.0,0.0,0.0,0.0,3.0,12.0,1.0,12.18,5.0200000000000005,2.5,1.49,0.0,0.0,0.0,133.9,0.0,-0.2,1.2000000000000002,1.0,-169.8,0.0,0.0,169.8,0.0,21.3,29.1,29.1,30.1,300.0,300.0,31.700000000000003,35.7,29.0,28.200000000000003,30.1,4.95,1.99,4.97,0.16,0.0,0.0,1027.0,8228.0,0.0,0.0,0.0,0.0,0.0,1.0,0.0,0.0,0.0,0.0,0.0,2.1,0.0,-0.7000000000000001,0.0,0.0,16.0,25903.0
2026-07-30T19:02:05.564Z,295.047,295.062,0.0,7.4,0.0,0.0,0.0,0.0,0.0,0.0,0.0,0.0,1.0,0.0,0.0,0.0,9.0,4.0,0.0,0.0,0.0,0.0,0.0,0.0,0.0,0.0,4.0,12.0,1.0,12.18,5.0200000000000005,2.5,1.49,0.0,0.0,0.0,133.8,0.0,0.3,0.6000000000000001,1.0,-169.8,0.0,0.0,169.9,0.0,21.3,29.1,29.1,30.1,300.0,300.0,31.700000000000003,35.7,29.0,28.200000000000003,30.1,4.95,1.99,4.97,0.16,0.0,0.0,1027.0,8228.0,0.0,0.0,0.0,0.0,0.0,1.0,0.0,0.0,0.0,0.0,0.0,1.5,0.0,-0.8,0.0,0.0,16.0,25903.0
2026-07-30T19:02:05.578Z,295.061,295.074,0.0,7.4,0.0,0.0,0.0,0.0,0.0,0.0,0.0,0.0,1.0,0.0,0.0,0.0,9.0,4.0,0.0,0.0,0.0,0.0,0.0,0.0,0.0,0.0,5.0,12.0,1.0,12.15,5.0200000000000005,2.51,1.49,0.0,0.0,0.0,133.6,0.0,-1.9,-1.6,-0.6000000000000001,-169.8,0.0,0.0,169.8,0.0,21.700000000000003,29.1,29.1,30.1,300.0,300.0,31.700000000000003,35.800000000000004,29.0,28.200000000000003,30.1,4.95,1.99,4.96,0.16,0.0,0.0,1027.0,8228.0,0.0,0.0,0.0,0.0,0.0,1.0,0.0,0.0,0.0,0.0,0.0,-2.4000000000000004,0.0,0.2,0.0,0.0,16.0,25903.0
2026-07-30T19:02:05.588Z,295.071,295.086,0.0,7.4,0.0,0.0,0.0,0.0,0.0,0.0,0.0,0.0,1.0,0.0,0.0,0.0,9.0,4.0,0.0,0.0,0.0,0.0,0.0,0.0,0.0,0.0,1.0,12.0,1.0,12.15,5.0200000000000005,2.51,1.49,0.0,0.0,0.0,133.6,0.0,-0.7000000000000001,-1.1,-0.1,-169.8,0.0,0.0,169.8,0.0,21.700000000000003,29.1,29.1,30.1,300.0,300.0,31.700000000000003,35.800000000000004,29.0,28.200000000000003,30.1,4.95,1.99,4.96,0.16,0.0,0.0,1027.0,8228.0,0.0,0.0,0.0,0.0,0.0,1.0,0.0,0.0,0.0,0.0,0.0,-1.3,0.0,-0.1,0.0,0.0,16.0,25903.0
2026-07-30T19:02:05.600Z,295.083,295.098,0.0,7.4,0.0,0.0,0.0,0.0,0.0,0.0,0.0,0.0,1.0,0.0,0.0,0.0,9.0,4.0,0.0,0.0,0.0,0.0,0.0,0.0,0.0,0.0,2.0,12.0,1.0,12.15,5.0200000000000005,2.51,1.49,0.0,0.0,0.0,133.5,0.0,-0.7000000000000001,0.6000000000000001,-0.1,-169.8,0.0,0.0,169.8,0.0,21.700000000000003,29.1,29.1,30.1,300.0,300.0,31.700000000000003,35.800000000000004,29.0,28.200000000000003,30.1,4.95,1.99,4.96,0.16,0.0,0.0,1027.0,8228.0,0.0,0.0,0.0,0.0,0.0,1.0,0.0,0.0,0.0,0.0,0.0,0.5,0.0,0.2,0.0,0.0,16.0,25903.0
2026-07-30T19:02:05.612Z,295.095,295.11,0.0,7.4,0.0,0.0,0.0,0.0,0.0,0.0,0.0,0.0,1.0,0.0,0.0,0.0,9.0,4.0,0.0,0.0,0.0,0.0,0.0,0.0,0.0,0.0,3.0,12.0,1.0,12.15,5.0200000000000005,2.51,1.49,0.0,0.0,0.0,133.3,0.0,0.9,0.0,-0.1,-169.8,0.0,0.0,169.8,0.0,21.700000000000003,29.1,29.1,30.1,300.0,300.0,31.700000000000003,35.800000000000004,29.0,28.200000000000003,30.1,4.95,1.99,4.96,0.16,0.0,0.0,1027.0,8228.0,0.0,0.0,0.0,0.0,0.0,1.0,0.0,0.0,0.0,0.0,0.0,-0.1,0.0,0.1,0.0,0.0,16.0,25903.0
2026-07-30T19:02:05.624Z,295.107,295.122,0.0,7.4,0.0,0.0,0.0,0.0,0.0,0.0,0.0,0.0,1.0,0.0,0.0,0.0,9.0,4.0,0.0,0.0,0.0,0.0,0.0,0.0,0.0,0.0,4.0,12.0,1.0,12.15,5.0200000000000005,2.51,1.49,0.0,0.0,0.0,133.3,0.0,-0.2,-1.1,-0.1,-169.8,0.0,0.0,169.8,0.0,21.700000000000003,29.1,29.1,30.1,300.0,300.0,31.700000000000003,35.800000000000004,29.0,28.200000000000003,30.1,4.95,1.99,4.97,0.16,0.0,0.0,1027.0,8228.0,0.0,0.0,0.0,0.0,0.0,1.0,0.0,0.0,0.0,0.0,0.0,-1.4,0.0,0.0,0.0,0.0,16.0,25903.0
2026-07-30T19:02:05.636Z,295.119,295.134,0.0,7.4,0.0,0.0,0.0,0.0,0.0,0.0,0.0,0.0,1.0,0.0,0.0,0.0,9.0,4.0,0.0,0.0,0.0,0.0,0.0,0.0,0.0,0.0,5.0,12.0,1.0,12.15,5.0200000000000005,2.51,1.49,0.0,0.0,0.0,133.1,0.0,-0.2,0.0,-0.1,-169.8,0.0,0.0,169.8,0.0,21.700000000000003,29.1,29.1,30.1,300.0,300.0,31.700000000000003,35.800000000000004,29.0,28.200000000000003,30.1,4.96,1.98,4.96,0.16,0.0,0.0,1027.0,8228.0,0.0,0.0,0.0,0.0,0.0,1.0,0.0,0.0,0.0,0.0,0.0,-0.1,0.0,0.1,0.0,0.0,16.0,25903.0
2026-07-30T19:02:05.649Z,295.132,295.146,0.0,7.4,0.0,0.0,0.0,0.0,0.0,0.0,0.0,0.0,1.0,0.0,0.0,0.0,9.0,4.0,0.0,0.0,0.0,0.0,0.0,0.0,0.0,0.0,5.0,12.0,1.0,12.15,5.0200000000000005,2.51,1.49,0.0,0.0,0.0,133.1,0.0,-0.2,0.0,-1.3,-169.8,0.0,0.0,169.8,0.0,21.700000000000003,29.1,29.1,30.1,300.0,300.0,31.700000000000003,35.800000000000004,29.0,28.200000000000003,30.1,4.96,2.0,4.96,0.16,0.0,0.0,1027.0,8228.0,0.0,0.0,0.0,0.0,0.0,1.0,0.0,0.0,0.0,0.0,0.0,-1.0,0.0,1.1,0.0,0.0,16.0,25903.0
2026-07-30T19:02:05.660Z,295.143,295.158,0.0,7.4,0.0,0.0,0.0,0.0,0.0,0.0,0.0,0.0,1.0,0.0,0.0,0.0,9.0,4.0,0.0,0.0,0.0,0.0,0.0,0.0,0.0,0.0,1.0,12.0,1.0,12.15,5.0200000000000005,2.51,1.49,0.0,0.0,0.0,132.9,0.0,0.3,1.1,-1.3,-169.8,0.0,0.0,169.8,0.0,21.700000000000003,29.1,29.1,30.1,300.0,300.0,31.700000000000003,35.800000000000004,29.0,28.200000000000003,30.1,4.95,1.99,4.96,0.16,0.0,0.0,1027.0,8228.0,0.0,0.0,0.0,0.0,0.0,1.0,0.0,0.0,0.0,0.0,0.0,0.3,0.0,1.4,0.0,0.0,16.0,25903.0
2026-07-30T19:02:05.673Z,295.156,295.17,0.0,7.4,0.0,0.0,0.0,0.0,0.0,0.0,0.0,0.0,1.0,0.0,0.0,0.0,9.0,4.0,0.0,0.0,0.0,0.0,0.0,0.0,0.0,0.0,1.0,12.0,1.0,12.15,5.0200000000000005,2.51,1.49,0.0,0.0,0.0,132.8,0.0,0.3,0.5,0.4,-169.8,0.0,0.0,169.9,0.0,21.700000000000003,29.1,29.1,30.1,300.0,300.0,31.700000000000003,35.800000000000004,29.0,28.200000000000003,30.1,4.95,1.99,4.97,0.16,0.0,0.0,1027.0,8228.0,0.0,0.0,0.0,0.0,0.0,1.0,0.0,0.0,0.0,0.0,0.0,0.9,0.0,-0.2,0.0,0.0,16.0,25903.0
2026-07-30T19:02:05.685Z,295.168,295.182,0.0,7.4,0.0,0.0,0.0,0.0,0.0,0.0,0.0,0.0,1.0,0.0,0.0,0.0,9.0,4.0,0.0,0.0,0.0,0.0,0.0,0.0,0.0,0.0,3.0,12.0,1.0,12.17,5.0200000000000005,2.51,1.49,0.0,0.0,0.0,132.70000000000002,0.0,0.3,-0.6000000000000001,-0.7000000000000001,-169.8,0.0,0.0,169.8,0.0,21.700000000000003,29.1,29.1,30.1,300.0,300.0,31.5,35.800000000000004,29.0,28.200000000000003,30.1,4.96,1.99,4.96,0.16,0.0,0.0,1027.0,8228.0,0.0,0.0,0.0,0.0,0.0,1.0,0.0,0.0,0.0,0.0,0.0,-1.2000000000000002,0.0,0.5,0.0,0.0,16.0,25903.0
2026-07-30T19:02:05.697Z,295.18,295.194,0.0,7.4,0.0,0.0,0.0,0.0,0.0,0.0,0.0,0.0,1.0,0.0,0.0,0.0,9.0,4.0,0.0,0.0,0.0,0.0,0.0,0.0,0.0,0.0,3.0,12.0,1.0,12.17,5.0200000000000005,2.51,1.49,0.0,0.0,0.0,132.6,0.0,0.3,1.6,1.6,-169.8,0.0,0.0,169.8,0.0,21.700000000000003,29.1,29.1,30.1,300.0,300.0,31.5,35.800000000000004,29.0,28.200000000000003,30.1,4.96,1.99,4.97,0.16,0.0,0.0,1027.0,8228.0,0.0,0.0,0.0,0.0,0.0,1.0,0.0,0.0,0.0,0.0,0.0,3.1,0.0,-1.0,0.0,0.0,16.0,25903.0
2026-07-30T19:02:05.708Z,295.191,295.206,0.0,7.4,0.0,0.0,0.0,0.0,0.0,0.0,0.0,0.0,1.0,0.0,0.0,0.0,9.0,4.0,0.0,0.0,0.0,0.0,0.0,0.0,0.0,0.0,5.0,12.0,1.0,12.17,5.0200000000000005,2.51,1.49,0.0,0.0,0.0,132.5,0.0,0.3,0.0,-1.4,-169.8,0.0,0.0,169.8,0.0,21.700000000000003,29.1,29.1,30.1,300.0,300.0,31.5,35.800000000000004,29.0,28.200000000000003,30.1,4.95,1.99,4.97,0.16,0.0,0.0,1027.0,8228.0,0.0,0.0,0.0,0.0,0.0,1.0,0.0,0.0,0.0,0.0,0.0,-1.0,0.0,1.2000000000000002,0.0,0.0,16.0,25903.0
2026-07-30T19:02:05.720Z,295.203,295.218,0.0,7.4,0.0,0.0,0.0,0.0,0.0,0.0,0.0,0.0,1.0,0.0,0.0,0.0,9.0,4.0,0.0,0.0,0.0,0.0,0.0,0.0,0.0,0.0,6.0,12.0,1.0,12.17,5.0200000000000005,2.51,1.49,0.0,0.0,0.0,132.3,0.0,-0.8,-1.1,-0.7000000000000001,-169.8,0.0,0.0,169.8,0.0,21.700000000000003,29.1,29.1,30.1,300.0,300.0,31.5,35.800000000000004,29.0,28.200000000000003,30.1,4.96,1.99,4.96,0.16,0.0,0.0,1027.0,8228.0,0.0,0.0,0.0,0.0,0.0,1.0,0.0,0.0,0.0,0.0,0.0,-1.8,0.0,0.4,0.0,0.0,16.0,25903.0
2026-07-30T19:02:05.732Z,295.215,295.23,0.0,7.4,0.0,0.0,0.0,0.0,0.0,0.0,0.0,0.0,1.0,0.0,0.0,0.0,9.0,4.0,0.0,0.0,0.0,0.0,0.0,0.0,0.0,0.0,1.0,12.0,1.0,12.17,5.0200000000000005,2.51,1.49,0.0,0.0,0.0,132.3,0.0,0.3,0.6000000000000001,1.5,-169.8,0.0,0.0,169.70000000000002,0.0,21.700000000000003,29.1,29.1,30.1,300.0,300.0,31.5,35.800000000000004,29.0,28.200000000000003,30.1,4.95,1.99,4.96,0.16,0.0,0.0,1027.0,8228.0,0.0,0.0,0.0,0.0,0.0,1.0,0.0,0.0,0.0,0.0,0.0,1.8,0.0,-1.2000000000000002,0.0,0.0,16.0,25903.0
2026-07-30T19:02:05.744Z,295.227,295.242,0.0,7.4,0.0,0.0,0.0,0.0,0.0,0.0,0.0,0.0,1.0,0.0,0.0,0.0,9.0,4.0,0.0,0.0,0.0,0.0,0.0,0.0,0.0,0.0,2.0,12.0,1.0,12.17,5.0200000000000005,2.51,1.49,0.0,0.0,0.0,132.1,0.0,-0.1,-0.5,-0.7000000000000001,-169.8,0.0,0.0,169.8,0.0,21.700000000000003,29.1,29.1,30.1,300.0,300.0,31.5,35.800000000000004,29.0,28.200000000000003,30.1,4.95,1.99,4.97,0.16,0.0,0.0,1027.0,8228.0,0.0,0.0,0.0,0.0,0.0,1.0,0.0,0.0,0.0,0.0,0.0,-1.2000000000000002,0.0,0.0,0.0,0.0,16.0,25903.0
2026-07-30T19:02:05.756Z,295.239,295.254,0.0,7.4,0.0,0.0,0.0,0.0,0.0,0.0,0.0,0.0,1.0,0.0,0.0,0.0,9.0,4.0,0.0,0.0,0.0,0.0,0.0,0.0,0.0,0.0,3.0,12.0,1.0,12.17,5.0200000000000005,2.51,1.49,0.0,0.0,0.0,132.1,0.0,-0.1,-1.1,-0.2,-169.8,0.0,0.0,169.8,0.0,21.700000000000003,29.1,29.1,30.1,300.0,300.0,31.5,35.800000000000004,29.0,28.200000000000003,30.1,4.95,1.99,4.97,0.16,0.0,0.0,1027.0,8228.0,0.0,0.0,0.0,0.0,0.0,1.0,0.0,0.0,0.0,0.0,0.0,0.7000000000000001,0.0,0.9,0.0,0.0,16.0,25903.0
2026-07-30T19:02:05.768Z,295.251,295.266,0.0,7.4,0.0,0.0,0.0,0.0,0.0,0.0,0.0,0.0,1.0,0.0,0.0,0.0,9.0,4.0,0.0,0.0,0.0,0.0,0.0,0.0,0.0,0.0,4.0,12.0,1.0,12.17,5.0200000000000005,2.51,1.49,0.0,0.0,0.0,132.0,0.0,-0.2,0.0,0.3,-169.8,0.0,0.0,169.8,0.0,21.700000000000003,29.1,29.1,30.1,300.0,300.0,31.5,35.800000000000004,29.0,28.200000000000003,30.1,4.96,1.99,4.96,0.16,0.0,0.0,1027.0,8228.0,0.0,0.0,0.0,0.0,0.0,1.0,0.0,0.0,0.0,0.0,0.0,1.9,0.0,-0.5,0.0,0.0,16.0,25903.0
2026-07-30T19:02:05.782Z,295.265,295.278,0.0,7.4,0.0,0.0,0.0,0.0,0.0,0.0,0.0,0.0,1.0,0.0,0.0,0.0,9.0,4.0,0.0,0.0,0.0,0.0,0.0,0.0,0.0,0.0,5.0,12.0,1.0,12.14,5.0200000000000005,2.51,1.49,0.0,0.0,0.0,131.8,0.0,0.3,-1.7000000000000002,-0.3,-169.8,0.0,0.0,169.8,0.0,21.4,29.1,29.1,30.1,300.0,300.0,31.5,35.800000000000004,29.0,28.200000000000003,30.1,4.95,1.99,4.96,0.16,0.0,0.0,1027.0,8228.0,0.0,0.0,0.0,0.0,0.0,1.0,0.0,0.0,0.0,0.0,0.0,-0.6000000000000001,0.0,0.7000000000000001,0.0,0.0,16.0,25903.0
2026-07-30T19:02:05.793Z,295.276,295.29,0.0,7.4,0.0,0.0,0.0,0.0,0.0,0.0,0.0,0.0,1.0,0.0,0.0,0.0,9.0,4.0,0.0,0.0,0.0,0.0,0.0,0.0,0.0,0.0,6.0,12.0,1.0,12.14,5.0200000000000005,2.51,1.49,0.0,0.1,0.0,131.8,0.0,0.3,-0.5,-0.8,-169.8,0.0,0.0,169.8,0.0,21.4,29.1,29.1,30.1,300.0,300.0,31.5,35.800000000000004,29.0,28.200000000000003,30.1,4.95,1.99,4.96,0.16,0.0,0.0,1027.0,8228.0,0.0,0.0,0.0,0.0,0.0,1.0,0.0,0.0,0.0,0.0,0.0,-1.3,0.0,0.6000000000000001,0.0,0.0,16.0,25903.0
2026-07-30T19:02:05.805Z,295.288,295.302,0.0,7.4,0.0,0.0,0.0,0.0,0.0,0.0,0.0,0.0,1.0,0.0,0.0,0.0,9.0,4.0,0.0,0.0,0.0,0.0,0.0,0.0,0.0,0.0,1.0,12.0,1.0,12.14,5.0200000000000005,2.51,1.49,0.0,0.1,0.0,131.6,0.0,0.3,0.0,0.8,-169.8,0.0,0.0,169.8,0.0,21.4,29.1,29.1,30.1,300.0,300.0,31.5,35.800000000000004,29.0,28.200000000000003,30.1,4.96,2.0,4.96,0.16,0.0,0.0,1027.0,8228.0,0.0,0.0,0.0,0.0,0.0,1.0,0.0,0.0,0.0,0.0,0.0,0.6000000000000001,0.0,-0.7000000000000001,0.0,0.0,16.0,25903.0
2026-07-30T19:02:05.816Z,295.299,295.314,0.0,7.4,0.0,0.0,0.0,0.0,0.0,0.0,0.0,0.0,1.0,0.0,0.0,0.0,9.0,4.0,0.0,0.0,0.0,0.0,0.0,0.0,0.0,0.0,3.0,12.0,1.0,12.14,5.0200000000000005,2.51,1.49,0.0,0.0,0.0,131.6,0.0,-0.8,0.0,-0.9,-169.8,0.0,0.0,169.8,0.0,21.4,29.1,29.1,30.1,300.0,300.0,31.5,35.800000000000004,29.0,28.200000000000003,30.1,4.95,2.0,4.96,0.16,0.0,0.0,1027.0,8228.0,0.0,0.0,0.0,0.0,0.0,1.0,0.0,0.0,0.0,0.0,0.0,-0.7000000000000001,0.0,0.8,0.0,0.0,16.0,25903.0
2026-07-30T19:02:05.828Z,295.311,295.326,0.0,7.4,0.0,0.0,0.0,0.0,0.0,0.0,0.0,0.0,1.0,0.0,0.0,0.0,9.0,4.0,0.0,0.0,0.0,0.0,0.0,0.0,0.0,0.0,4.0,12.0,1.0,12.14,5.0200000000000005,2.51,1.49,0.0,0.0,0.0,131.4,0.0,0.3,-1.7000000000000002,-0.3,-169.8,0.0,0.0,169.8,0.0,21.4,29.1,29.1,30.1,300.0,300.0,31.5,35.800000000000004,29.0,28.200000000000003,30.1,4.95,1.99,4.97,0.16,0.0,0.0,1027.0,8228.0,0.0,0.0,0.0,0.0,0.0,1.0,0.0,0.0,0.0,0.0,0.0,-2.3000000000000003,0.0,0.0,0.0,0.0,16.0,25903.0
2026-07-30T19:02:05.840Z,295.323,295.338,0.0,7.4,0.0,0.0,0.0,0.0,0.0,0.0,0.0,0.0,1.0,0.0,0.0,0.0,9.0,4.0,0.0,0.0,0.0,0.0,0.0,0.0,0.0,0.0,5.0,12.0,1.0,12.14,5.0200000000000005,2.51,1.49,0.0,0.0,0.0,131.3,0.0,0.9,0.0,-1.5,-169.8,0.0,0.0,169.8,0.0,21.4,29.1,29.1,30.1,300.0,300.0,31.5,35.800000000000004,29.0,28.200000000000003,30.1,4.95,1.99,4.96,0.16,0.0,0.0,1027.0,8228.0,0.0,0.0,0.0,0.0,0.0,1.0,0.0,0.0,0.0,0.0,0.0,-1.1,0.0,1.3,0.0,0.0,16.0,25903.0
2026-07-30T19:02:05.852Z,295.335,295.35,0.1,7.4,0.0,0.0,0.0,0.0,0.0,0.0,0.0,0.0,1.0,0.0,0.0,0.0,9.0,4.0,0.0,0.0,0.0,0.0,0.0,0.0,0.0,0.0,6.0,12.0,1.0,12.14,5.0200000000000005,2.51,1.49,0.0,0.1,0.0,131.20000000000002,0.0,0.3,0.0,-1.5,-169.8,0.0,0.0,169.8,0.0,21.4,29.1,29.1,30.1,300.0,300.0,31.5,35.800000000000004,29.0,28.200000000000003,30.1,4.96,1.99,4.96,0.16,0.0,0.0,1027.0,8228.0,0.0,0.0,0.0,0.0,0.0,1.0,0.0,0.0,0.0,0.0,0.0,-1.1,0.0,1.3,0.0,0.0001,16.0,25903.0
2026-07-30T19:02:05.864Z,295.347,295.362,0.1,7.4,0.0,0.0,0.0,0.0,0.0,0.0,0.0,0.0,1.0,0.0,0.0,0.0,9.0,4.0,0.0,0.0,0.0,0.0,0.0,0.0,0.0,0.0,6.0,12.0,1.0,12.14,5.0200000000000005,2.51,1.49,0.0,0.0,0.0,131.1,0.0,-0.2,0.6000000000000001,-0.2,-169.8,0.0,0.0,169.70000000000002,0.0,21.4,29.1,29.1,30.1,300.0,300.0,31.5,35.800000000000004,29.0,28.200000000000003,30.1,4.95,1.99,4.97,0.16,0.0,0.0,1027.0,8228.0,0.0,0.0,0.0,0.0,0.0,1.0,0.0,0.0,0.0,0.0,0.0,0.5,0.0,0.3,0.0,0.0,16.0,25903.0
2026-07-30T19:02:05.876Z,295.359,295.374,0.1,7.4,0.0,0.0,0.0,0.0,0.0,0.0,0.0,0.0,1.0,0.0,0.0,0.0,9.0,4.0,0.0,0.0,0.0,0.0,0.0,0.0,0.0,0.0,1.0,12.0,1.0,12.14,5.0200000000000005,2.51,1.49,0.0,0.0,0.0,131.1,0.0,-0.2,-0.5,0.8,-169.8,0.0,0.0,169.8,0.0,21.4,29.1,29.1,30.1,300.0,300.0,31.5,35.800000000000004,29.0,28.200000000000003,30.1,4.95,2.0,4.97,0.16,0.0,0.0,1027.0,8228.0,0.0,0.0,0.0,0.0,0.0,1.0,0.0,0.0,0.0,0.0,0.0,0.0,0.0,-0.8,0.0,0.0,16.0,25903.0
2026-07-30T19:02:05.888Z,295.371,295.386,0.1,7.4,0.0,0.0,0.0,0.0,0.0,0.0,0.0,0.0,1.0,0.0,0.0,0.0,9.0,4.0,0.0,0.0,0.0,0.0,0.0,0.0,0.0,0.0,3.0,12.0,1.0,12.17,5.0200000000000005,2.51,1.49,0.0,0.1,0.0,130.9,0.0,-0.2,-0.4,-0.2,-169.8,0.0,0.0,169.8,0.0,21.8,29.1,29.1,30.1,300.0,300.0,31.6,35.7,29.0,28.200000000000003,30.1,4.95,2.0,4.96,0.16,0.0,0.0,1027.0,8228.0,0.0,0.0,0.0,0.0,0.0,1.0,0.0,0.0,0.0,0.0,0.0,-0.7000000000000001,0.0,0.1,0.0,0.0,16.0,25903.0
2026-07-30T19:02:05.900Z,295.383,295.398,0.0,7.4,0.0,0.0,0.0,0.0,0.0,0.0,0.0,0.0,1.0,0.0,0.0,0.0,9.0,4.0,0.0,0.0,0.0,0.0,0.0,0.0,0.0,0.0,4.0,12.0,1.0,12.17,5.0200000000000005,2.51,1.49,0.0,0.0,0.0,130.8,0.0,0.3,1.3,-0.2,-169.8,0.0,0.0,169.8,0.0,21.8,29.1,29.1,30.1,300.0,300.0,31.6,35.7,29.0,28.200000000000003,30.1,4.95,1.99,4.96,0.16,0.0,0.0,1027.0,8228.0,0.0,0.0,0.0,0.0,0.0,1.0,0.0,0.0,0.0,0.0,0.0,1.3,0.0,0.5,0.0,0.0,16.0,25903.0
2026-07-30T19:02:05.912Z,295.395,295.41,0.0,7.4,0.0,0.0,0.0,0.0,0.0,0.0,0.0,0.0,1.0,0.0,0.0,0.0,9.0,4.0,0.0,0.0,0.0,0.0,0.0,0.0,0.0,0.0,5.0,12.0,1.0,12.17,5.0200000000000005,2.51,1.49,0.0,0.0,0.0,130.9,0.0,0.3,-1.0,-0.2,-169.8,0.0,0.0,169.8,0.0,21.8,29.1,29.1,30.1,300.0,300.0,31.6,35.7,29.0,28.200000000000003,30.1,4.95,1.99,4.97,0.16,0.0,0.0,1027.0,8228.0,0.0,0.0,0.0,0.0,0.0,1.0,0.0,0.0,0.0,0.0,0.0,-1.3,0.0,0.0,0.0,0.0,16.0,25903.0
2026-07-30T19:02:05.924Z,295.407,295.422,0.0,7.4,0.0,0.0,0.0,0.0,0.0,0.0,0.0,0.0,1.0,0.0,0.0,0.0,9.0,4.0,0.0,0.0,0.0,0.0,0.0,0.0,0.0,0.0,6.0,12.0,1.0,12.17,5.0200000000000005,2.51,1.49,0.0,0.0,0.0,131.1,0.0,0.3,0.1,0.9,-169.8,0.0,0.0,169.70000000000002,0.0,21.8,29.1,29.1,30.1,300.0,300.0,31.6,35.7,29.0,28.200000000000003,30.1,4.96,1.99,4.96,0.16,0.0,0.0,1027.0,8228.0,0.0,0.0,0.0,0.0,0.0,1.0,0.0,0.0,0.0,0.0,0.0,0.9,0.0,-0.8,0.0,0.0,16.0,25903.0
2026-07-30T19:02:05.936Z,295.419,295.434,0.0,7.4,0.0,0.0,0.0,0.0,0.0,0.0,0.0,0.0,1.0,0.0,0.0,0.0,9.0,4.0,0.0,0.0,0.0,0.0,0.0,0.0,0.0,0.0,1.0,12.0,1.0,12.17,5.0200000000000005,2.51,1.49,0.0,0.0,0.0,131.3,0.0,-0.2,-0.4,-0.7000000000000001,-169.8,0.0,0.0,169.70000000000002,0.0,21.8,29.1,29.1,30.1,300.0,300.0,31.6,35.7,29.0,28.200000000000003,30.1,4.96,1.99,4.97,0.16,0.0,0.0,1027.0,8228.0,0.0,0.0,0.0,0.0,0.0,1.0,0.0,0.0,0.0,0.0,0.0,-1.0,0.0,0.6000000000000001,0.0,0.0001,16.0,25903.0
2026-07-30T19:02:05.948Z,295.431,295.446,0.0,7.4,0.0,0.0,0.0,0.0,0.0,0.0,0.0,0.0,1.0,0.0,0.0,0.0,9.0,4.0,0.0,0.0,0.0,0.0,0.0,0.0,0.0,0.0,2.0,12.0,1.0,12.17,5.0200000000000005,2.51,1.49,0.0,0.1,0.0,131.4,0.0,-0.8,-0.3,-0.8,-169.70000000000002,0.0,0.0,169.8,0.0,21.8,29.1,29.1,30.1,300.0,300.0,31.6,35.7,29.0,28.200000000000003,30.1,4.95,1.99,4.97,0.16,0.0,0.0,1027.0,8228.0,0.0,0.0,0.0,0.0,0.0,1.0,0.0,0.0,0.0,0.0,0.0,-1.0,0.0,0.6000000000000001,0.0,0.0,16.0,25903.0
2026-07-30T19:02:05.960Z,295.443,295.458,0.0,7.4,0.0,0.0,0.0,0.0,0.0,0.0,0.0,0.0,1.0,0.0,0.0,0.0,9.0,4.0,0.0,0.0,0.0,0.0,0.0,0.0,0.0,0.0,3.0,12.0,1.0,12.17,5.0200000000000005,2.51,1.49,0.0,0.0,0.0,131.6,0.0,0.3,1.3,-0.2,-169.70000000000002,0.0,0.0,169.8,0.0,21.8,29.1,29.1,30.1,300.0,300.0,31.6,35.7,29.0,28.200000000000003,30.1,4.95,1.99,4.96,0.16,0.0,0.0,1027.0,8228.0,0.0,0.0,0.0,0.0,0.0,1.0,0.0,0.0,0.0,0.0,0.0,1.4,0.0,0.4,0.0,0.0,16.0,25903.0
2026-07-30T19:02:05.972Z,295.455,295.47,0.0,7.4,0.0,0.0,0.0,0.0,0.0,0.0,0.0,0.0,1.0,0.0,0.0,0.0,9.0,4.0,0.0,0.0,0.0,0.0,0.0,0.0,0.0,0.0,4.0,12.0,1.0,12.17,5.0200000000000005,2.51,1.49,0.0,0.0,0.0,131.8,0.0,0.9,-0.3,-0.1,-169.70000000000002,0.0,0.0,169.8,0.0,21.8,29.1,29.1,30.1,300.0,300.0,31.6,35.7,29.0,28.200000000000003,30.1,4.95,2.0,4.96,0.16,0.0,0.0,1027.0,8228.0,0.0,0.0,0.0,0.0,0.0,1.0,0.0,0.0,0.0,0.0,0.0,-0.5,0.0,0.0,0.0,0.0,16.0,25903.0
2026-07-30T19:02:05.985Z,295.468,295.482,0.0,7.4,0.0,0.0,0.0,0.0,0.0,0.0,0.0,0.0,1.0,0.0,0.0,0.0,9.0,4.0,0.0,0.0,0.0,0.0,0.0,0.0,0.0,0.0,5.0,12.0,1.0,12.17,5.0200000000000005,2.51,1.5,0.0,0.0,0.0,132.0,0.0,-0.1,0.7000000000000001,0.4,-169.8,0.0,0.0,169.8,0.0,21.700000000000003,29.1,29.1,30.1,300.0,300.0,31.6,35.7,29.0,28.200000000000003,30.1,4.95,1.99,4.97,0.16,0.0,0.0,1027.0,8228.0,0.0,0.0,0.0,0.0,0.0,1.0,0.0,0.0,0.0,0.0,0.0,1.1,0.0,-0.2,0.0,0.0,16.0,25903.0
2026-07-30T19:02:05.996Z,295.479,295.494,0.0,7.4,0.0,0.0,0.0,0.0,0.0,0.0,0.0,0.0,1.0,0.0,0.0,0.0,9.0,4.0,0.0,0.0,0.0,0.0,0.0,0.0,0.0,0.0,6.0,12.0,1.0,12.17,5.0200000000000005,2.51,1.5,0.0,0.1,0.0,132.20000000000002,0.0,-0.2,0.1,-0.2,-169.8,0.0,0.0,169.8,0.0,21.700000000000003,29.1,29.1,30.1,300.0,300.0,31.6,35.7,29.0,28.200000000000003,30.1,4.95,1.99,4.97,0.16,0.0,0.0,1027.0,8228.0,0.0,0.0,0.0,0.0,0.0,1.0,0.0,0.0,0.0,0.0,0.0,0.0,0.0,0.2,0.0,0.0,16.0,25903.0
2026-07-30T19:02:06.009Z,295.492,295.50600000000003,0.0,7.4,0.0,0.0,0.0,0.0,0.0,0.0,0.0,0.0,1.0,0.0,0.0,0.0,9.0,4.0,0.0,0.0,0.0,0.0,0.0,0.0,0.0,0.0,1.0,12.0,1.0,12.17,5.0200000000000005,2.51,1.5,0.0,0.0,0.0,132.3,0.0,0.3,1.3,0.9,-169.8,0.0,0.0,169.8,0.0,21.700000000000003,29.1,29.1,30.1,300.0,300.0,31.6,35.7,29.0,28.200000000000003,30.1,4.96,1.99,4.96,0.16,0.0,0.0,1027.0,8228.0,0.0,0.0,0.0,0.0,0.0,1.0,0.0,0.0,0.0,0.0,0.0,2.2,0.0,-0.5,0.0,0.0,16.0,25903.0
2026-07-30T19:02:06.020Z,295.503,295.51800000000003,0.0,7.4,0.0,0.0,0.0,0.0,0.0,0.0,0.0,0.0,1.0,0.0,0.0,0.0,9.0,4.0,0.0,0.0,0.0,0.0,0.0,0.0,0.0,0.0,3.0,12.0,1.0,12.17,5.0200000000000005,2.51,1.5,0.0,0.0,0.0,132.6,0.0,0.3,-0.4,-0.8,-169.8,0.0,0.0,169.70000000000002,0.0,21.700000000000003,29.1,29.1,30.1,300.0,300.0,31.6,35.7,29.0,28.200000000000003,30.1,4.95,1.99,4.97,0.16,0.0,0.0,1027.0,8228.0,0.0,0.0,0.0,0.0,0.0,1.0,0.0,0.0,0.0,0.0,0.0,-1.1,0.0,0.6000000000000001,0.0,0.0,16.0,25903.0
2026-07-30T19:02:06.032Z,295.515,295.53000000000003,0.0,7.4,0.0,0.0,0.0,0.0,0.0,0.0,0.0,0.0,1.0,0.0,0.0,0.0,9.0,4.0,0.0,0.0,0.0,0.0,0.0,0.0,0.0,0.0,4.0,12.0,1.0,12.17,5.0200000000000005,2.51,1.5,0.0,0.0,0.0,132.8,0.0,0.3,0.1,-1.3,-169.70000000000002,0.0,0.0,169.8,0.0,21.700000000000003,29.1,29.1,30.1,300.0,300.0,31.6,35.7,29.0,28.200000000000003,30.1,4.95,1.99,4.96,0.16,0.0,0.0,1027.0,8228.0,0.0,0.0,0.0,0.0,0.0,1.0,0.0,0.0,0.0,0.0,0.0,-0.8,0.0,1.2000000000000002,0.0,0.0,16.0,25903.0
2026-07-30T19:02:06.044Z,295.527,295.54200000000003,0.0,7.4,0.0,0.0,0.0,0.0,0.0,0.0,0.0,0.0,1.0,0.0,0.0,0.0,9.0,4.0,0.0,0.0,0.0,0.0,0.0,0.0,0.0,0.0,5.0,12.0,1.0,12.17,5.0200000000000005,2.51,1.5,0.0,0.0,0.0,132.9,0.0,-0.8,0.7000000000000001,-0.7000000000000001,-169.70000000000002,0.0,0.0,169.8,0.0,21.700000000000003,29.1,29.1,30.1,300.0,300.0,31.6,35.7,29.0,28.200000000000003,30.1,4.95,1.99,4.96,0.16,0.0,0.0,1027.0,8228.0,0.0,0.0,0.0,0.0,0.0,1.0,0.0,0.0,0.0,0.0,0.0,0.3,0.0,0.8,0.0,0.0,16.0,25903.0
2026-07-30T19:02:06.057Z,295.54,295.55400000000003,0.0,7.4,0.0,0.0,0.0,0.0,0.0,0.0,0.0,0.0,1.0,0.0,0.0,0.0,9.0,4.0,0.0,0.0,0.0,0.0,0.0,0.0,0.0,0.0,6.0,12.0,1.0,12.17,5.0200000000000005,2.51,1.5,0.0,0.0,0.0,133.1,0.0,0.3,-1.0,-0.7000000000000001,-169.70000000000002,0.0,0.0,169.8,0.0,21.700000000000003,29.1,29.1,30.1,300.0,300.0,31.6,35.7,29.0,28.200000000000003,30.1,4.95,1.99,4.96,0.16,0.0,0.0,1027.0,8228.0,0.0,0.0,0.0,0.0,0.0,1.0,0.0,0.0,0.0,0.0,0.0,-1.7000000000000002,0.0,0.4,0.0,0.0,16.0,25903.0
2026-07-30T19:02:06.068Z,295.551,295.56600000000003,0.0,7.4,0.0,0.0,0.0,0.0,0.0,0.0,0.0,0.0,1.0,0.0,0.0,0.0,9.0,4.0,0.0,0.0,0.0,0.0,0.0,0.0,0.0,0.0,1.0,12.0,1.0,12.17,5.0200000000000005,2.51,1.5,0.0,0.0,0.0,133.3,0.0,0.4,-1.0,1.0,-169.8,0.0,0.0,169.8,0.0,21.700000000000003,29.1,29.1,30.1,300.0,300.0,31.6,35.7,29.0,28.200000000000003,30.1,4.95,1.99,4.97,0.16,0.0,0.0,1027.0,8228.0,0.0,0.0,0.0,0.0,0.0,1.0,0.0,0.0,0.0,0.0,0.0,-0.4,0.0,-1.1,0.0,0.0,16.0,25903.0
2026-07-30T19:02:06.080Z,295.563,295.57800000000003,0.0,7.4,0.0,0.0,0.0,0.0,0.0,0.0,0.0,0.0,1.0,0.0,0.0,0.0,9.0,4.0,0.0,0.0,0.0,0.0,0.0,0.0,0.0,0.0,2.0,12.0,1.0,12.17,5.0200000000000005,2.51,1.5,0.0,0.0,0.0,133.5,0.0,0.3,0.0,-1.3,-169.8,0.0,0.0,169.8,0.0,21.700000000000003,29.1,29.1,30.1,300.0,300.0,31.6,35.7,29.0,28.200000000000003,30.1,4.95,1.99,4.96,0.16,0.0,0.0,1027.0,8228.0,0.0,0.0,0.0,0.0,0.0,1.0,0.0,0.0,0.0,0.0,0.0,-0.8,0.0,1.1,0.0,0.0,16.0,25903.0
2026-07-30T19:02:06.092Z,295.575,295.59000000000003,0.0,7.4,0.0,0.0,0.0,0.0,0.0,0.0,0.0,0.0,1.0,0.0,0.0,0.0,9.0,4.0,0.0,0.0,0.0,0.0,0.0,0.0,0.0,0.0,3.0,12.0,1.0,12.2,5.01,2.51,1.49,0.0,0.0,0.0,133.6,0.0,0.3,0.6000000000000001,-0.1,-169.8,0.0,0.0,169.8,0.0,21.700000000000003,29.1,29.1,30.1,300.0,300.0,31.5,35.7,29.0,28.200000000000003,30.1,4.96,1.99,4.96,0.16,0.0,0.0,1027.0,8228.0,0.0,0.0,0.0,0.0,0.0,1.0,0.0,0.0,0.0,0.0,0.0,0.6000000000000001,0.0,0.2,0.0,0.0,16.0,25903.0
2026-07-30T19:02:06.104Z,295.587,295.60200000000003,0.0,7.4,0.0,0.0,0.0,0.0,0.0,0.0,0.0,0.0,1.0,0.0,0.0,0.0,9.0,4.0,0.0,0.0,0.0,0.0,0.0,0.0,0.0,0.0,4.0,12.0,1.0,12.2,5.01,2.51,1.49,0.0,0.0,0.0,133.9,0.0,0.3,0.6000000000000001,0.4,-169.8,0.0,0.0,169.8,0.0,21.700000000000003,29.1,29.1,30.1,300.0,300.0,31.5,35.7,29.0,28.200000000000003,30.1,4.95,1.99,4.97,0.16,0.0,0.0,1027.0,8228.0,0.0,0.0,0.0,0.0,0.0,1.0,0.0,0.0,0.0,0.0,0.0,1.1,0.0,-0.2,0.0,0.0,16.0,25903.0
2026-07-30T19:02:06.116Z,295.599,295.61400000000003,0.0,7.4,0.0,0.0,0.0,0.0,0.0,0.0,0.0,0.0,1.0,0.0,0.0,0.0,9.0,4.0,0.0,0.0,0.0,0.0,0.0,0.0,0.0,0.0,5.0,12.0,1.0,12.2,5.01,2.51,1.49,0.0,0.0,0.0,134.0,0.0,-0.2,-0.5,0.5,-169.8,0.0,0.0,169.8,0.0,21.700000000000003,29.1,29.1,30.1,300.0,300.0,31.5,35.7,29.0,28.200000000000003,30.1,4.96,1.99,4.96,0.16,0.0,0.0,1027.0,8228.0,0.0,0.0,0.0,0.0,0.0,1.0,0.0,0.0,0.0,0.0,0.0,-0.1,0.0,-0.5,0.0,0.0,16.0,25903.0
2026-07-30T19:02:06.128Z,295.611,295.62600000000003,0.0,7.4,0.0,0.0,0.0,0.0,0.0,0.0,0.0,0.0,1.0,0.0,0.0,0.0,9.0,4.0,0.0,0.0,0.0,0.0,0.0,0.0,0.0,0.0,5.0,12.0,1.0,12.2,5.01,2.51,1.49,0.0,0.0,0.0,134.3,0.0,-0.8,-1.0,-0.6000000000000001,-169.8,0.0,0.0,169.70000000000002,0.0,21.700000000000003,29.1,29.1,30.1,300.0,300.0,31.5,35.7,29.0,28.200000000000003,30.1,4.96,2.0,4.96,0.16,0.0,0.0,1027.0,8228.0,0.0,0.0,0.0,0.0,0.0,1.0,0.0,0.0,0.0,0.0,0.0,-1.7000000000000002,0.0,0.3,0.0,0.0,16.0,25903.0
2026-07-30T19:02:06.140Z,295.623,295.63800000000003,0.0,7.4,0.0,0.0,0.0,0.0,0.0,0.0,0.0,0.0,1.0,0.0,0.0,0.0,9.0,4.0,0.0,0.0,0.0,0.0,0.0,0.0,0.0,0.0,1.0,12.0,1.0,12.2,5.01,2.51,1.49,0.0,0.0,0.0,134.4,0.0,0.3,0.1,-0.6000000000000001,-169.8,0.0,0.0,169.8,0.0,21.700000000000003,29.1,29.1,30.1,300.0,300.0,31.5,35.7,29.0,28.200000000000003,30.1,4.96,1.99,4.96,0.16,0.0,0.0,1027.0,8228.0,0.0,0.0,0.0,0.0,0.0,1.0,0.0,0.0,0.0,0.0,0.0,-0.3,0.0,0.5,0.0,0.0,16.0,25903.0
2026-07-30T19:02:06.152Z,295.635,295.65000000000003,0.0,7.4,0.0,0.0,0.0,0.0,0.0,0.0,0.0,0.0,1.0,0.0,0.0,0.0,9.0,4.0,0.0,0.0,0.0,0.0,0.0,0.0,0.0,0.0,2.0,12.0,1.0,12.2,5.01,2.51,1.49,0.0,0.0,0.0,134.5,0.0,-0.2,-0.4,0.0,-169.8,0.0,0.0,169.8,0.0,21.700000000000003,29.1,29.1,30.1,300.0,300.0,31.5,35.7,29.0,28.200000000000003,30.1,4.95,1.99,4.97,0.16,0.0,0.0,1027.0,8228.0,0.0,0.0,0.0,0.0,0.0,1.0,0.0,0.0,0.0,0.0,0.0,-0.5,0.0,0.0,0.0,0.0,16.0,25903.0
2026-07-30T19:02:06.164Z,295.647,295.66200000000003,0.0,7.4,0.0,0.0,0.0,0.0,0.0,0.0,0.0,0.0,1.0,0.0,0.0,0.0,9.0,4.0,0.0,0.0,0.0,0.0,0.0,0.0,0.0,0.0,3.0,12.0,1.0,12.2,5.01,2.51,1.49,0.0,0.0,0.0,134.8,0.0,0.9,0.6000000000000001,0.0,-169.8,0.0,0.0,169.8,0.0,21.700000000000003,29.1,29.1,30.1,300.0,300.0,31.5,35.7,29.0,28.200000000000003,30.1,4.96,2.0,4.96,0.16,0.0,0.0,1027.0,8228.0,0.0,0.0,0.0,0.0,0.0,1.0,0.0,0.0,0.0,0.0,0.0,0.7000000000000001,0.0,0.1,0.0,0.0,16.0,25903.0
2026-07-30T19:02:06.176Z,295.659,295.674,0.0,7.4,0.0,0.0,0.0,0.0,0.0,0.0,0.0,0.0,1.0,0.0,0.0,0.0,9.0,4.0,0.0,0.0,0.0,0.0,0.0,0.0,0.0,0.0,4.0,12.0,1.0,12.2,5.01,2.51,1.49,0.0,0.0,0.0,134.9,0.0,0.3,0.0,-1.2000000000000002,-169.8,0.0,0.0,169.8,0.0,21.700000000000003,29.1,29.1,30.1,300.0,300.0,31.5,35.7,29.0,28.200000000000003,30.1,4.96,1.99,4.97,0.16,0.0,0.0,1027.0,8228.0,0.0,0.0,0.0,0.0,0.0,1.0,0.0,0.0,0.0,0.0,0.0,-0.8,0.0,1.0,0.0,0.0,16.0,25903.0
2026-07-30T19:02:06.190Z,295.673,295.686,0.0,7.4,0.0,0.0,0.0,0.0,0.0,0.0,0.0,0.0,1.0,0.0,0.0,0.0,9.0,4.0,0.0,0.0,0.0,0.0,0.0,0.0,0.0,0.0,4.0,12.0,1.0,12.18,5.0200000000000005,2.5,1.5,0.0,0.0,0.0,134.9,0.0,0.9,-0.4,0.0,-169.8,0.0,0.0,169.8,0.0,21.200000000000003,29.1,29.1,30.1,300.0,300.0,31.6,35.7,29.0,28.200000000000003,30.1,4.95,1.99,4.97,0.16,0.0,0.0,1027.0,8228.0,0.0,0.0,0.0,0.0,0.0,1.0,0.0,0.0,0.0,0.0,0.0,-0.5,0.0,0.0,0.0,0.0,16.0,25903.0
2026-07-30T19:02:06.200Z,295.683,295.698,0.0,7.4,0.0,0.0,0.0,0.0,0.0,0.0,0.0,0.0,1.0,0.0,0.0,0.0,9.0,4.0,0.0,0.0,0.0,0.0,0.0,0.0,0.0,0.0,5.0,12.0,1.0,12.18,5.0200000000000005,2.5,1.5,0.0,0.0,0.0,134.8,0.0,0.3,-0.4,-1.2000000000000002,-169.8,0.0,0.0,169.8,0.0,21.200000000000003,29.1,29.1,30.1,300.0,300.0,31.6,35.7,29.0,28.200000000000003,30.1,4.96,1.99,4.96,0.16,0.0,0.0,1027.0,8228.0,0.0,0.0,0.0,0.0,0.0,1.0,0.0,0.0,0.0,0.0,0.0,-1.4,0.0,0.9,0.0,0.0,16.0,25903.0
2026-07-30T19:02:06.212Z,295.695,295.71,0.0,7.4,0.0,0.0,0.0,0.0,0.0,0.0,0.0,0.0,1.0,0.0,0.0,0.0,9.0,4.0,0.0,0.0,0.0,0.0,0.0,0.0,0.0,0.0,1.0,12.0,1.0,12.18,5.0200000000000005,2.5,1.5,0.0,0.0,0.0,134.70000000000002,0.0,0.9,-0.4,0.0,-169.8,0.0,0.0,169.8,0.0,21.200000000000003,29.1,29.1,30.1,300.0,300.0,31.6,35.7,29.0,28.200000000000003,30.1,4.95,2.0,4.96,0.16,0.0,0.0,1027.0,8228.0,0.0,0.0,0.0,0.0,0.0,1.0,0.0,0.0,0.0,0.0,0.0,-0.5,0.0,0.0,0.0,0.0,16.0,25903.0
2026-07-30T19:02:06.224Z,295.707,295.722,0.0,7.4,0.0,0.0,0.0,0.0,0.0,0.0,0.0,0.0,1.0,0.0,0.0,0.0,9.0,4.0,0.0,0.0,0.0,0.0,0.0,0.0,0.0,0.0,2.0,12.0,1.0,12.18,5.0200000000000005,2.5,1.5,0.0,0.0,0.0,134.6,0.0,0.3,0.7000000000000001,-0.1,-169.8,0.0,0.0,169.8,0.0,21.200000000000003,29.1,29.1,30.1,300.0,300.0,31.6,35.7,29.0,28.200000000000003,30.1,4.95,1.99,4.97,0.16,0.0,0.0,1027.0,8228.0,0.0,0.0,0.0,0.0,0.0,1.0,0.0,0.0,0.0,0.0,0.0,0.7000000000000001,0.0,0.2,0.0,0.0,16.0,25903.0
2026-07-30T19:02:06.236Z,295.719,295.734,0.0,7.4,0.0,0.0,0.0,0.0,0.0,0.0,0.0,0.0,1.0,0.0,0.0,0.0,9.0,4.0,0.0,0.0,0.0,0.0,0.0,0.0,0.0,0.0,3.0,12.0,1.0,12.18,5.0200000000000005,2.5,1.5,0.0,0.0,0.0,134.5,0.0,0.9,1.9,0.4,-169.8,0.0,0.0,169.8,0.0,21.200000000000003,29.1,29.1,30.1,300.0,300.0,31.6,35.7,29.0,28.200000000000003,30.1,4.95,2.0,4.97,0.16,0.0,0.0,1027.0,8228.0,0.0,0.0,0.0,0.0,0.0,1.0,0.0,0.0,0.0,0.0,0.0,2.5,0.0,0.0,0.0,0.0,16.0,25903.0
2026-07-30T19:02:06.248Z,295.731,295.746,0.0,7.4,0.0,0.0,0.0,0.0,0.0,0.0,0.0,0.0,1.0,0.0,0.0,0.0,9.0,4.0,0.0,0.0,0.0,0.0,0.0,0.0,0.0,0.0,4.0,12.0,1.0,12.18,5.0200000000000005,2.5,1.5,0.0,0.0,0.0,134.4,0.0,0.3,0.7000000000000001,2.1,-169.8,0.0,0.0,169.8,0.0,21.200000000000003,29.1,29.1,30.1,300.0,300.0,31.6,35.7,29.0,28.200000000000003,30.1,4.95,2.0,4.96,0.16,0.0,0.0,1027.0,8228.0,0.0,0.0,0.0,0.0,0.0,1.0,0.0,0.0,0.0,0.0,0.0,2.4000000000000004,0.0,-1.7000000000000002,0.0,0.0,16.0,25903.0
2026-07-30T19:02:06.260Z,295.743,295.758,0.0,7.4,0.0,0.0,0.0,0.0,0.0,0.0,0.0,0.0,1.0,0.0,0.0,0.0,9.0,4.0,0.0,0.0,0.0,0.0,0.0,0.0,0.0,0.0,5.0,12.0,1.0,12.18,5.0200000000000005,2.5,1.5,0.0,0.1,0.0,134.3,0.0,-0.2,0.1,-0.1,-169.8,0.0,0.0,169.70000000000002,0.0,21.200000000000003,29.1,29.1,30.1,300.0,300.0,31.6,35.7,29.0,28.200000000000003,30.1,4.95,1.99,4.97,0.16,0.0,0.0,1027.0,8228.0,0.0,0.0,0.0,0.0,0.0,1.0,0.0,0.0,0.0,0.0,0.0,0.0,0.0,-1.3,0.0,0.0,16.0,25903.0
2026-07-30T19:02:06.272Z,295.755,295.77,0.0,7.4,0.0,0.0,0.0,0.0,0.0,0.0,0.0,0.0,1.0,0.0,0.0,0.0,9.0,4.0,0.0,0.0,0.0,0.0,0.0,0.0,0.0,0.0,6.0,12.0,1.0,12.18,5.0200000000000005,2.5,1.5,0.0,0.0,0.0,134.1,0.0,0.8,1.9,-0.7000000000000001,-169.8,0.0,0.0,169.70000000000002,0.0,21.200000000000003,29.1,29.1,30.1,300.0,300.0,31.6,35.7,29.0,28.200000000000003,30.1,4.95,1.99,4.96,0.16,0.0,0.0,1027.0,8228.0,0.0,0.0,0.0,0.0,0.0,1.0,0.0,0.0,0.0,0.0,0.0,-0.7000000000000001,0.0,1.2000000000000002,0.0,0.0,16.0,25903.0
2026-07-30T19:02:06.284Z,295.767,295.782,0.0,7.4,0.0,0.0,0.0,0.0,0.0,0.0,0.0,0.0,1.0,0.0,0.0,0.0,9.0,4.0,0.0,0.0,0.0,0.0,0.0,0.0,0.0,0.0,1.0,12.0,1.0,12.18,5.0200000000000005,2.5,1.5,0.0,0.0,0.0,134.1,0.0,-0.2,1.4,-0.1,-169.70000000000002,0.0,0.0,169.70000000000002,0.0,21.200000000000003,29.1,29.1,30.1,300.0,300.0,31.6,35.7,29.0,28.200000000000003,30.1,4.95,1.99,4.96,0.16,0.0,0.0,1027.0,8228.0,0.0,0.0,0.0,0.0,0.0,1.0,0.0,0.0,0.0,0.0,0.0,1.9,0.0,0.0,0.0,0.0,16.0,25903.0
2026-07-30T19:02:06.296Z,295.779,295.794,0.0,7.4,0.0,0.0,0.0,0.0,0.0,0.0,0.0,0.0,1.0,0.0,0.0,0.0,9.0,4.0,0.0,0.0,0.0,0.0,0.0,0.0,0.0,0.0,2.0,12.0,1.0,12.17,5.0,2.51,1.49,0.0,0.0,0.0,134.0,0.0,-0.2,0.8,-0.6000000000000001,-169.70000000000002,0.0,0.0,169.70000000000002,0.0,21.700000000000003,29.1,29.1,30.1,300.0,300.0,31.6,35.7,29.0,28.200000000000003,30.1,4.95,1.99,4.96,0.16,0.0,0.0,1027.0,8228.0,0.0,0.0,0.0,0.0,0.0,1.0,0.0,0.0,0.0,0.0,0.0,1.3,0.0,-0.2,0.0,0.0,16.0,25903.0
2026-07-30T19:02:06.308Z,295.791,295.806,0.0,7.4,0.0,0.0,0.0,0.0,0.0,0.0,0.0,0.0,1.0,0.0,0.0,0.0,9.0,4.0,0.0,0.0,0.0,0.0,0.0,0.0,0.0,0.0,3.0,12.0,1.0,12.17,5.0,2.51,1.49,0.0,0.0,0.0,133.8,0.0,0.3,-1.5,-1.2000000000000002,-169.70000000000002,0.0,0.0,169.8,0.0,21.700000000000003,29.1,29.1,30.1,300.0,300.0,31.6,35.7,29.0,28.200000000000003,30.1,4.95,1.99,4.97,0.16,0.0,0.0,1027.0,8228.0,0.0,0.0,0.0,0.0,0.0,1.0,0.0,0.0,0.0,0.0,0.0,-2.6,0.0,0.7000000000000001,0.0,0.0,16.0,25903.0
2026-07-30T19:02:06.320Z,295.803,295.818,0.0,7.4,0.0,0.0,0.0,0.0,0.0,0.0,0.0,0.0,1.0,0.0,0.0,0.0,9.0,4.0,0.0,0.0,0.0,0.0,0.0,0.0,0.0,0.0,4.0,12.0,1.0,12.17,5.0,2.51,1.49,0.0,0.0,0.0,133.8,0.0,-0.2,0.2,1.0,-169.70000000000002,0.0,0.0,169.70000000000002,0.0,21.700000000000003,29.1,29.1,30.1,300.0,300.0,31.6,35.7,29.0,28.200000000000003,30.1,4.95,2.0,4.96,0.16,0.0,0.0,1027.0,8228.0,0.0,0.0,0.0,0.0,0.0,1.0,0.0,0.0,0.0,0.0,0.0,1.0,0.0,-0.8,0.0,0.0,16.0,25903.0
2026-07-30T19:02:06.333Z,295.816,295.83,0.0,7.4,0.0,0.0,0.0,0.0,0.0,0.0,0.0,0.0,1.0,0.0,0.0,0.0,9.0,4.0,0.0,0.0,0.0,0.0,0.0,0.0,0.0,0.0,5.0,12.0,1.0,12.17,5.0,2.51,1.49,0.0,0.0,0.0,133.70000000000002,0.0,-0.8,0.2,-1.2000000000000002,-169.70000000000002,0.0,0.0,169.70000000000002,0.0,21.700000000000003,29.1,29.1,30.1,300.0,300.0,31.6,35.7,29.0,28.200000000000003,30.1,4.95,1.99,4.96,0.16,0.0,0.0,1027.0,8228.0,0.0,0.0,0.0,0.0,0.0,1.0,0.0,0.0,0.0,0.0,0.0,-0.7000000000000001,0.0,1.1,0.0,0.0001,16.0,25903.0
2026-07-30T19:02:06.344Z,295.827,295.842,0.0,7.4,0.0,0.0,0.0,0.0,0.0,0.0,0.0,0.0,1.0,0.0,0.0,0.0,9.0,4.0,0.0,0.0,0.0,0.0,0.0,0.0,0.0,0.0,6.0,12.0,1.0,12.17,5.0,2.51,1.49,0.0,0.0,0.0,133.5,0.0,0.9,1.3,0.4,-169.70000000000002,0.0,0.0,169.70000000000002,0.0,21.700000000000003,29.1,29.1,30.1,300.0,300.0,31.6,35.7,29.0,28.200000000000003,30.1,4.95,1.99,4.97,0.16,0.0,0.0,1027.0,8228.0,0.0,0.0,0.0,0.0,0.0,1.0,0.0,0.0,0.0,0.0,0.0,1.8,0.0,-0.1,0.0,0.0,16.0,25903.0
2026-07-30T19:02:06.357Z,295.84,295.854,0.0,7.4,0.0,0.0,0.0,0.0,0.0,0.0,0.0,0.0,1.0,0.0,0.0,0.0,9.0,4.0,0.0,0.0,0.0,0.0,0.0,0.0,0.0,0.0,2.0,12.0,1.0,12.17,5.0,2.51,1.49,0.0,0.0,0.0,133.4,0.0,-0.2,-0.3,2.2,-169.70000000000002,0.0,0.0,169.60000000000002,0.0,21.700000000000003,29.1,29.1,30.1,300.0,300.0,31.6,35.7,29.0,28.200000000000003,30.1,4.96,2.0,4.96,0.16,0.0,0.0,1027.0,8228.0,0.0,0.0,0.0,0.0,0.0,1.0,0.0,0.0,0.0,0.0,0.0,1.2000000000000002,0.0,-2.0,0.0,0.0,16.0,25903.0
2026-07-30T19:02:06.368Z,295.851,295.866,0.0,7.4,0.0,0.0,0.0,0.0,0.0,0.0,0.0,0.0,1.0,0.0,0.0,0.0,9.0,4.0,0.0,0.0,0.0,0.0,0.0,0.0,0.0,0.0,2.0,12.0,1.0,12.17,5.0,2.51,1.49,0.0,0.0,0.0,133.3,0.0,0.3,0.2,1.0,-169.70000000000002,0.0,0.0,169.70000000000002,0.0,21.700000000000003,29.1,29.1,30.1,300.0,300.0,31.6,35.7,29.0,28.200000000000003,30.1,4.96,1.99,4.96,0.16,0.0,0.0,1027.0,8228.0,0.0,0.0,0.0,0.0,0.0,1.0,0.0,0.0,0.0,0.0,0.0,1.0,0.0,-0.8,0.0,0.0,16.0,25903.0
2026-07-30T19:02:06.380Z,295.863,295.878,0.0,7.4,0.0,0.0,0.0,0.0,0.0,0.0,0.0,0.0,1.0,0.0,0.0,0.0,9.0,4.0,0.0,0.0,0.0,0.0,0.0,0.0,0.0,0.0,3.0,12.0,1.0,12.17,5.0,2.51,1.49,0.0,0.0,0.0,133.3,0.0,1.4,2.5,2.8000000000000003,-169.70000000000002,0.0,0.0,169.8,0.0,21.700000000000003,29.1,29.1,30.1,300.0,300.0,31.6,35.7,29.0,28.200000000000003,30.1,4.95,1.99,4.96,0.16,0.0,0.0,1027.0,8228.0,0.0,0.0,0.0,0.0,0.0,1.0,0.0,0.0,0.0,0.0,0.0,4.9,0.0,-1.9,0.0,0.0,16.0,25903.0
2026-07-30T19:02:06.394Z,295.877,295.89,0.0,7.4,0.0,0.0,0.0,0.0,0.0,0.0,0.0,0.0,1.0,0.0,0.0,0.0,9.0,4.0,0.0,0.0,0.0,0.0,0.0,0.0,0.0,0.0,3.0,12.0,1.0,12.17,5.01,2.51,1.49,0.0,0.0,0.0,133.1,0.0,0.8,0.8,2.2,-169.70000000000002,0.0,0.0,169.70000000000002,0.0,21.3,29.1,29.1,30.1,300.0,300.0,31.5,35.7,29.0,28.200000000000003,30.1,4.96,1.99,4.97,0.16,0.0,0.0,1027.0,8228.0,0.0,0.0,0.0,0.0,0.0,1.0,0.0,0.0,0.0,0.0,0.0,2.5,0.0,-1.7000000000000002,0.0,0.0,16.0,25903.0
2026-07-30T19:02:06.404Z,295.887,295.902,0.0,7.4,0.0,0.0,0.0,0.0,0.0,0.0,0.0,0.0,1.0,0.0,0.0,0.0,9.0,4.0,0.0,0.0,0.0,0.0,0.0,0.0,0.0,0.0,5.0,12.0,1.0,12.17,5.01,2.51,1.49,0.0,0.0,0.0,133.0,0.0,-0.2,-0.3,-2.4000000000000004,-169.70000000000002,0.0,0.0,169.8,0.0,21.3,29.1,29.1,30.1,300.0,300.0,31.5,35.7,29.0,28.200000000000003,30.1,4.96,2.0,4.96,0.16,0.0,0.0,1027.0,8228.0,0.0,0.0,0.0,0.0,0.0,1.0,0.0,0.0,0.0,0.0,0.0,-2.2,0.0,2.0,0.0,0.0,16.0,25903.0
2026-07-30T19:02:06.416Z,295.899,295.914,0.0,7.4,0.0,0.0,0.0,0.0,0.0,0.0,0.0,0.0,1.0,0.0,0.0,0.0,9.0,4.0,0.0,0.0,0.0,0.0,0.0,0.0,0.0,0.0,6.0,12.0,1.0,12.17,5.01,2.51,1.49,0.0,0.0,0.0,132.9,0.0,-0.2,0.7000000000000001,0.5,-169.70000000000002,0.0,0.0,169.70000000000002,0.0,21.3,29.1,29.1,30.1,300.0,300.0,31.5,35.7,29.0,28.200000000000003,30.1,4.96,1.99,4.97,0.16,0.0,0.0,1027.0,8228.0,0.0,0.0,0.0,0.0,0.0,1.0,0.0,0.0,0.0,0.0,0.0,1.2000000000000002,0.0,-0.3,0.0,0.0,16.0,25903.0
2026-07-30T19:02:06.428Z,295.911,295.926,0.0,7.4,0.0,0.0,0.0,0.0,0.0,0.0,0.0,0.0,1.0,0.0,0.0,0.0,9.0,4.0,0.0,0.0,0.0,0.0,0.0,0.0,0.0,0.0,1.0,12.0,1.0,12.17,5.01,2.51,1.49,0.0,0.1,0.0,132.8,0.0,-0.8,0.7000000000000001,0.0,-169.70000000000002,0.0,0.0,169.8,0.0,21.3,29.1,29.1,30.1,300.0,300.0,31.5,35.7,29.0,28.200000000000003,30.1,4.95,1.99,4.97,0.16,0.0,0.0,1027.0,8228.0,0.0,0.0,0.0,0.0,0.0,1.0,0.0,0.0,0.0,0.0,0.0,0.8,0.0,0.1,0.0,0.0,16.0,25903.0
2026-07-30T19:02:06.440Z,295.923,295.938,0.0,7.4,0.0,0.0,0.0,0.0,0.0,0.0,0.0,0.0,1.0,0.0,0.0,0.0,9.0,4.0,0.0,0.0,0.0,0.0,0.0,0.0,0.0,0.0,2.0,12.0,1.0,12.17,5.01,2.51,1.49,0.0,0.0,0.0,132.70000000000002,0.0,-0.8,-0.9,0.0,-169.70000000000002,0.0,0.0,169.8,0.0,21.3,29.1,29.1,30.1,300.0,300.0,31.5,35.7,29.0,28.200000000000003,30.1,4.96,1.99,4.96,0.16,0.0,0.0,1027.0,8228.0,0.0,0.0,0.0,0.0,0.0,1.0,0.0,0.0,0.0,0.0,0.0,-1.1,0.0,-0.1,0.0,0.0,16.0,25903.0
2026-07-30T19:02:06.452Z,295.935,295.95,0.0,7.4,0.0,0.0,0.0,0.0,0.0,0.0,0.0,0.0,1.0,0.0,0.0,0.0,9.0,4.0,0.0,0.0,0.0,0.0,0.0,0.0,0.0,0.0,3.0,12.0,1.0,12.17,5.01,2.51,1.49,0.0,0.0,0.0,132.6,0.0,-0.8,-0.4,-0.6000000000000001,-169.70000000000002,0.0,0.0,169.70000000000002,0.0,21.3,29.1,29.1,30.1,300.0,300.0,31.5,35.7,29.0,28.200000000000003,30.1,4.96,1.99,4.97,0.16,0.0,0.0,1027.0,8228.0,0.0,0.0,0.0,0.0,0.0,1.0,0.0,0.0,0.0,0.0,0.0,-0.9,0.0,0.4,0.0,0.0,16.0,25903.0
2026-07-30T19:02:06.464Z,295.947,295.962,0.0,7.4,0.0,0.0,0.0,0.0,0.0,0.0,0.0,0.0,1.0,0.0,0.0,0.0,9.0,4.0,0.0,0.0,0.0,0.0,0.0,0.0,0.0,0.0,4.0,12.0,1.0,12.17,5.01,2.51,1.49,0.0,0.0,0.0,132.5,0.0,-0.2,0.1,0.0,-169.70000000000002,0.0,0.0,169.8,0.0,21.3,29.1,29.1,30.1,300.0,300.0,31.5,35.7,29.0,28.200000000000003,30.1,4.96,1.99,4.97,0.16,0.0,0.0,1027.0,8228.0,0.0,0.0,0.0,0.0,0.0,1.0,0.0,0.0,0.0,0.0,0.0,0.1,0.0,0.0,0.0,0.0,16.0,25903.0
2026-07-30T19:02:06.476Z,295.959,295.974,0.0,7.4,0.0,0.0,0.0,0.0,0.0,0.0,0.0,0.0,1.0,0.0,0.0,0.0,9.0,4.0,0.0,0.0,0.0,0.0,0.0,0.0,0.0,0.0,5.0,12.0,1.0,12.17,5.01,2.51,1.49,0.0,0.0,0.0,132.4,0.0,0.8,2.0,0.5,-169.70000000000002,0.0,0.0,169.8,0.0,21.3,29.1,29.1,30.1,300.0,300.0,31.5,35.7,29.0,28.200000000000003,30.1,4.95,2.0,4.97,0.16,0.0,0.0,1027.0,8228.0,0.0,0.0,0.0,0.0,0.0,1.0,0.0,0.0,0.0,0.0,0.0,2.7,0.0,0.0,0.0,0.0,16.0,25903.0
2026-07-30T19:02:06.488Z,295.971,295.986,0.0,7.4,0.0,0.0,0.0,0.0,0.0,0.0,0.0,0.0,1.0,0.0,0.0,0.0,9.0,4.0,0.0,0.0,0.0,0.0,0.0,0.0,0.0,0.0,6.0,12.0,1.0,12.17,5.01,2.51,1.49,0.0,0.0,0.0,132.3,0.0,0.3,-0.3,-0.6000000000000001,-169.70000000000002,0.0,0.0,169.8,0.0,21.3,29.1,29.1,30.1,300.0,300.0,31.5,35.7,29.0,28.200000000000003,30.1,4.96,2.0,4.96,0.16,0.0,0.0,1027.0,8228.0,0.0,0.0,0.0,0.0,0.0,1.0,0.0,0.0,0.0,0.0,0.0,-0.8,0.0,0.4,0.0,0.0,16.0,25903.0
2026-07-30T19:02:06.500Z,295.983,295.998,0.0,7.4,0.0,0.0,0.0,0.0,0.0,0.0,0.0,0.0,1.0,0.0,0.0,0.0,9.0,4.0,0.0,0.0,0.0,0.0,0.0,0.0,0.0,0.0,1.0,12.0,1.0,12.13,5.0200000000000005,2.51,1.49,0.0,0.0,0.0,132.20000000000002,0.0,0.9,-0.9,0.0,-169.70000000000002,0.0,0.0,169.8,0.0,21.4,29.1,29.1,30.1,300.0,300.0,31.6,35.7,29.0,28.200000000000003,30.1,4.96,1.99,4.97,0.16,0.0,0.0,1027.0,8228.0,0.0,0.0,0.0,0.0,0.0,1.0,0.0,0.0,0.0,0.0,0.0,-1.0,0.0,-0.1,0.0,0.0,16.0,25903.0
2026-07-30T19:02:06.513Z,295.996,296.01,0.0,7.4,0.0,0.0,0.0,0.0,0.0,0.0,0.0,0.0,1.0,0.0,0.0,0.0,9.0,4.0,0.0,0.0,0.0,0.0,0.0,0.0,0.0,0.0,2.0,12.0,1.0,12.13,5.0200000000000005,2.51,1.49,0.0,0.0,0.0,132.0,0.0,0.3,0.8,0.0,-169.70000000000002,0.0,0.0,169.8,0.0,21.4,29.1,29.1,30.1,300.0,300.0,31.6,35.7,29.0,28.200000000000003,30.1,4.96,1.99,4.96,0.16,0.0,0.0,1027.0,8228.0,0.0,0.0,0.0,0.0,0.0,1.0,0.0,0.0,0.0,0.0,0.0,0.9,0.0,0.2,0.0,0.0,16.0,25903.0
2026-07-30T19:02:06.525Z,296.008,296.022,0.0,7.4,0.0,0.0,0.0,0.0,0.0,0.0,0.0,0.0,1.0,0.0,0.0,0.0,9.0,4.0,0.0,0.0,0.0,0.0,0.0,0.0,0.0,0.0,3.0,12.0,1.0,12.13,5.0200000000000005,2.51,1.49,0.0,0.0,0.0,131.9,0.0,0.3,0.2,0.4,-169.70000000000002,0.0,0.0,169.8,0.0,21.4,29.1,29.1,30.1,300.0,300.0,31.6,35.7,29.0,28.200000000000003,30.1,4.96,1.99,4.96,0.16,0.0,0.0,1027.0,8228.0,0.0,0.0,0.0,0.0,0.0,1.0,0.0,0.0,0.0,0.0,0.0,0.6000000000000001,0.0,-0.3,0.0,0.0,16.0,25903.0
2026-07-30T19:02:06.536Z,296.019,296.034,0.0,7.4,0.0,0.0,0.0,0.0,0.0,0.0,0.0,0.0,1.0,0.0,0.0,0.0,9.0,4.0,0.0,0.0,0.0,0.0,0.0,0.0,0.0,0.0,4.0,12.0,1.0,12.13,5.0200000000000005,2.51,1.49,0.0,0.0,0.0,131.8,0.0,-0.8,0.8,1.0,-169.70000000000002,0.0,0.0,169.70000000000002,0.0,21.4,29.1,29.1,30.1,300.0,300.0,31.6,35.7,29.0,28.200000000000003,30.1,4.95,1.99,4.96,0.16,0.0,0.0,1027.0,8228.0,0.0,0.0,0.0,0.0,0.0,1.0,0.0,0.0,0.0,0.0,0.0,1.7000000000000002,0.0,-0.7000000000000001,0.0,0.0,16.0,25903.0
2026-07-30T19:02:06.548Z,296.031,296.046,0.0,7.4,0.0,0.0,0.0,0.0,0.0,0.0,0.0,0.0,1.0,0.0,0.0,0.0,9.0,4.0,0.0,0.0,0.0,0.0,0.0,0.0,0.0,0.0,5.0,12.0,1.0,12.13,5.0200000000000005,2.51,1.49,0.0,0.0,0.0,131.70000000000002,0.0,0.3,-0.9,1.1,-169.70000000000002,0.0,0.0,169.70000000000002,0.0,21.4,29.1,29.1,30.1,300.0,300.0,31.6,35.7,29.0,28.200000000000003,30.1,4.96,1.99,4.97,0.16,0.0,0.0,1027.0,8228.0,0.0,0.0,0.0,0.0,0.0,1.0,0.0,0.0,0.0,0.0,0.0,-0.2,0.0,-1.1,0.0,0.0,16.0,25903.0
2026-07-30T19:02:06.560Z,296.043,296.058,0.0,7.4,0.0,0.0,0.0,0.0,0.0,0.0,0.0,0.0,1.0,0.0,0.0,0.0,9.0,4.0,0.0,0.0,0.0,0.0,0.0,0.0,0.0,0.0,6.0,12.0,1.0,12.13,5.0200000000000005,2.51,1.49,0.0,0.0,0.0,131.6,0.0,0.3,0.8,1.1,-169.70000000000002,0.0,0.0,169.8,0.0,21.4,29.1,29.1,30.1,300.0,300.0,31.6,35.7,29.0,28.200000000000003,30.1,4.96,1.99,4.96,0.15,0.0,0.0,1027.0,8228.0,0.0,0.0,0.0,0.0,0.0,1.0,0.0,0.0,0.0,0.0,0.0,1.8,0.0,-0.7000000000000001,0.0,0.0,16.0,25903.0
2026-07-30T19:02:06.572Z,296.055,296.07,0.0,7.4,0.0,0.0,0.0,0.0,0.0,0.0,0.0,0.0,1.0,0.0,0.0,0.0,9.0,4.0,0.0,0.0,0.0,0.0,0.0,0.0,0.0,0.0,2.0,12.0,1.0,12.13,5.0200000000000005,2.51,1.49,0.0,0.0,0.0,131.5,0.0,-0.1,0.9,-1.2000000000000002,-169.70000000000002,0.0,0.0,169.8,0.0,21.4,29.1,29.1,30.1,300.0,300.0,31.6,35.7,29.0,28.200000000000003,30.1,4.96,1.99,4.96,0.16,0.0,0.0,1027.0,8228.0,0.0,0.0,0.0,0.0,0.0,1.0,0.0,0.0,0.0,0.0,0.0,0.1,0.0,1.2000000000000002,0.0,0.0,16.0,25903.0
2026-07-30T19:02:06.584Z,296.067,296.082,0.0,7.4,0.0,0.0,0.0,0.0,0.0,0.0,0.0,0.0,1.0,0.0,0.0,0.0,9.0,4.0,0.0,0.0,0.0,0.0,0.0,0.0,0.0,0.0,2.0,12.0,1.0,12.13,5.0200000000000005,2.51,1.49,0.0,0.0,0.0,131.4,0.0,-0.2,0.9,0.0,-169.70000000000002,0.0,0.0,169.8,0.0,21.4,29.1,29.1,30.1,300.0,300.0,31.6,35.7,29.0,28.200000000000003,30.1,4.95,1.99,4.97,0.16,0.0,0.0,1027.0,8228.0,0.0,0.0,0.0,0.0,0.0,1.0,0.0,0.0,0.0,0.0,0.0,0.9,0.0,0.2,0.0,0.0,16.0,25903.0
2026-07-30T19:02:06.597Z,296.08,296.094,0.0,7.4,0.0,0.0,0.0,0.0,0.0,0.0,0.0,0.0,1.0,0.0,0.0,0.0,9.0,4.0,0.0,0.0,0.0,0.0,0.0,0.0,0.0,0.0,4.0,12.0,1.0,12.17,5.0200000000000005,2.5,1.49,0.0,0.0,0.0,131.3,0.0,-0.1,-0.3,0.5,-169.70000000000002,0.0,0.0,169.8,0.0,21.4,29.1,29.1,30.1,300.0,300.0,31.700000000000003,35.7,29.0,28.200000000000003,30.1,4.96,1.99,4.97,0.16,0.0,0.0,1027.0,8228.0,0.0,0.0,0.0,0.0,0.0,1.0,0.0,0.0,0.0,0.0,0.0,0.0,0.0,-0.5,0.0,0.0,16.0,25903.0
2026-07-30T19:02:06.608Z,296.091,296.106,0.0,7.4,0.0,0.0,0.0,0.0,0.0,0.0,0.0,0.0,1.0,0.0,0.0,0.0,9.0,4.0,0.0,0.0,0.0,0.0,0.0,0.0,0.0,0.0,5.0,12.0,1.0,12.17,5.0200000000000005,2.5,1.49,0.0,0.0,0.0,131.20000000000002,0.0,0.4,2.0,1.1,-169.70000000000002,0.0,0.0,169.8,0.0,21.4,29.1,29.1,30.1,300.0,300.0,31.700000000000003,35.7,29.0,28.200000000000003,30.1,4.96,2.0,4.97,0.16,0.0,0.0,1027.0,8228.0,0.0,0.0,0.0,0.0,0.0,1.0,0.0,0.0,0.0,0.0,0.0,3.1,0.0,-0.5,0.0,0.0,16.0,25903.0
2026-07-30T19:02:06.620Z,296.103,296.118,0.0,7.4,0.0,0.0,0.0,0.0,0.0,0.0,0.0,0.0,1.0,0.0,0.0,0.0,9.0,4.0,0.0,0.0,0.0,0.0,0.0,0.0,0.0,0.0,6.0,12.0,1.0,12.17,5.0200000000000005,2.5,1.49,0.0,0.0,0.0,131.1,0.0,0.3,0.8,1.6,-169.70000000000002,0.0,0.0,169.70000000000002,0.0,21.4,29.1,29.1,30.1,300.0,300.0,31.700000000000003,35.7,29.0,28.200000000000003,30.1,4.95,1.99,4.97,0.16,0.0,0.0,1027.0,8228.0,0.0,0.0,0.0,0.0,0.0,1.0,0.0,0.0,0.0,0.0,0.0,2.2,0.0,-1.3,0.0,0.0,16.0,25903.0
2026-07-30T19:02:06.632Z,296.115,296.13,0.0,7.4,0.0,0.0,0.0,0.0,0.0,0.0,0.0,0.0,1.0,0.0,0.0,0.0,9.0,4.0,0.0,0.0,0.0,0.0,0.0,0.0,0.0,0.0,1.0,12.0,1.0,12.17,5.0200000000000005,2.5,1.49,0.0,0.0,0.0,131.20000000000002,0.0,0.9,-0.2,0.5,-169.70000000000002,0.0,0.0,169.70000000000002,0.0,21.4,29.1,29.1,30.1,300.0,300.0,31.700000000000003,35.7,29.0,28.200000000000003,30.1,4.96,1.99,4.97,0.16,0.0,0.0,1027.0,8228.0,0.0,0.0,0.0,0.0,0.0,1.0,0.0,0.0,0.0,0.0,0.0,0.0,0.0,-0.5,0.0,0.0001,16.0,25903.0
2026-07-30T19:02:06.644Z,296.127,296.142,0.0,7.4,0.0,0.0,0.0,0.0,0.0,0.0,0.0,0.0,1.0,0.0,0.0,0.0,9.0,4.0,0.0,0.0,0.0,0.0,0.0,0.0,0.0,0.0,1.0,12.0,1.0,12.17,5.0200000000000005,2.5,1.49,0.0,0.1,0.0,131.3,0.0,-0.8,-0.2,-0.1,-169.70000000000002,0.0,0.0,169.8,0.0,21.4,29.1,29.1,30.1,300.0,300.0,31.700000000000003,35.7,29.0,28.200000000000003,30.1,4.96,1.99,4.96,0.16,0.0,0.0,1027.0,8228.0,0.0,0.0,0.0,0.0,0.0,1.0,0.0,0.0,0.0,0.0,0.0,-0.4,0.0,0.0,0.0,0.0,16.0,25903.0
2026-07-30T19:02:06.656Z,296.139,296.154,0.0,7.4,0.0,0.0,0.0,0.0,0.0,0.0,0.0,0.0,1.0,0.0,0.0,0.0,9.0,4.0,0.0,0.0,0.0,0.0,0.0,0.0,0.0,0.0,3.0,12.0,1.0,12.17,5.0200000000000005,2.5,1.49,0.0,0.0,0.0,131.6,0.0,0.3,0.8,-0.1,-169.70000000000002,0.0,0.0,169.70000000000002,0.0,21.4,29.1,29.1,30.1,300.0,300.0,31.700000000000003,35.7,29.0,28.200000000000003,30.1,4.96,1.99,4.97,0.17,0.0,0.0,1027.0,8228.0,0.0,0.0,0.0,0.0,0.0,1.0,0.0,0.0,0.0,0.0,0.0,0.9,0.0,0.2,0.0,0.0,16.0,25903.0
2026-07-30T19:02:06.668Z,296.151,296.166,0.0,7.4,0.0,0.0,0.0,0.0,0.0,0.0,0.0,0.0,1.0,0.0,0.0,0.0,9.0,4.0,0.0,0.0,0.0,0.0,0.0,0.0,0.0,0.0,4.0,12.0,1.0,12.17,5.0200000000000005,2.5,1.49,0.0,0.0,0.0,131.8,0.0,0.3,0.3,0.0,-169.70000000000002,0.0,0.0,169.8,0.0,21.4,29.1,29.1,30.1,300.0,300.0,31.700000000000003,35.7,29.0,28.200000000000003,30.1,4.95,1.99,4.97,0.16,0.0,0.0,1027.0,8228.0,0.0,0.0,0.0,0.0,0.0,1.0,0.0,0.0,0.0,0.0,0.0,0.3,0.0,0.1,0.0,0.0001,16.0,25903.0
2026-07-30T19:02:06.680Z,296.163,296.178,0.0,7.4,0.0,0.0,0.0,0.0,0.0,0.0,0.0,0.0,1.0,0.0,0.0,0.0,9.0,4.0,0.0,0.0,0.0,0.0,0.0,0.0,0.0,0.0,5.0,12.0,1.0,12.17,5.0200000000000005,2.5,1.49,0.0,0.0,0.0,132.0,0.0,-0.2,0.3,1.0,-169.70000000000002,0.0,0.0,169.8,0.0,21.4,29.1,29.1,30.1,300.0,300.0,31.700000000000003,35.7,29.0,28.200000000000003,30.1,4.96,1.99,4.97,0.16,0.0,0.0,1027.0,8228.0,0.0,0.0,0.0,0.0,0.0,1.0,0.0,0.0,0.0,0.0,0.0,1.1,0.0,-0.8,0.0,0.0001,16.0,25903.0
2026-07-30T19:02:06.693Z,296.176,296.19,0.0,7.4,0.0,0.0,0.0,0.0,0.0,0.0,0.0,0.0,1.0,0.0,0.0,0.0,9.0,4.0,0.0,0.0,0.0,0.0,0.0,0.0,0.0,0.0,6.0,12.0,1.0,12.17,5.0200000000000005,2.5,1.49,0.0,0.0,0.0,132.1,0.0,-0.2,-1.4,-0.1,-169.70000000000002,0.0,0.0,169.9,0.0,21.4,29.1,29.1,30.1,300.0,300.0,31.700000000000003,35.7,29.0,28.200000000000003,30.1,4.95,1.99,4.97,0.16,0.0,0.0,1027.0,8228.0,0.0,0.0,0.0,0.0,0.0,1.0,0.0,0.0,0.0,0.0,0.0,-1.7000000000000002,0.0,-0.1,0.0,0.0,16.0,25903.0
2026-07-30T19:02:06.704Z,296.187,296.202,0.0,7.4,0.0,0.0,0.0,0.0,0.0,0.0,0.0,0.0,1.0,0.0,0.0,0.0,9.0,4.0,0.0,0.0,0.0,0.0,0.0,0.0,0.0,0.0,1.0,12.0,1.0,12.15,5.0200000000000005,2.51,1.49,0.0,0.0,0.0,132.3,0.0,0.3,0.8,-0.1,-169.70000000000002,0.0,0.0,169.8,0.0,21.700000000000003,29.1,29.1,30.1,300.0,300.0,31.8,35.7,29.0,28.200000000000003,30.1,4.95,1.99,4.97,0.16,0.0,0.0,1027.0,8228.0,0.0,0.0,0.0,0.0,0.0,1.0,0.0,0.0,0.0,0.0,0.0,0.8,0.0,0.3,0.0,0.0,16.0,25903.0
2026-07-30T19:02:06.716Z,296.199,296.214,0.0,7.4,0.0,0.0,0.0,0.0,0.0,0.0,0.0,0.0,1.0,0.0,0.0,0.0,9.0,4.0,0.0,0.0,0.0,0.0,0.0,0.0,0.0,0.0,3.0,12.0,1.0,12.15,5.0200000000000005,2.51,1.49,0.0,0.0,0.0,132.5,0.0,0.2,0.2,-0.1,-169.70000000000002,0.0,0.0,169.8,0.0,21.700000000000003,29.1,29.1,30.1,300.0,300.0,31.8,35.7,29.0,28.200000000000003,30.1,4.95,1.99,4.97,0.16,0.0,0.0,1027.0,8228.0,0.0,0.0,0.0,0.0,0.0,1.0,0.0,0.0,0.0,0.0,0.0,0.2,0.0,0.1,0.0,0.0,16.0,25903.0
2026-07-30T19:02:06.729Z,296.212,296.226,0.0,7.4,0.0,0.0,0.0,0.0,0.0,0.0,0.0,0.0,1.0,0.0,0.0,0.0,9.0,4.0,0.0,0.0,0.0,0.0,0.0,0.0,0.0,0.0,4.0,12.0,1.0,12.15,5.0200000000000005,2.51,1.49,0.0,0.0,0.0,132.70000000000002,0.0,-0.3,0.2,-0.1,-169.70000000000002,0.0,0.0,169.8,0.0,21.700000000000003,29.1,29.1,30.1,300.0,300.0,31.8,35.7,29.0,28.200000000000003,30.1,4.96,1.99,4.96,0.16,0.0,0.0,1027.0,8228.0,0.0,0.0,0.0,0.0,0.0,1.0,0.0,0.0,0.0,0.0,0.0,0.1,0.0,0.1,0.0,0.0,16.0,25903.0
2026-07-30T19:02:06.740Z,296.223,296.238,0.0,7.4,0.0,0.0,0.0,0.0,0.0,0.0,0.0,0.0,1.0,0.0,0.0,0.0,9.0,4.0,0.0,0.0,0.0,0.0,0.0,0.0,0.0,0.0,5.0,12.0,1.0,12.15,5.0200000000000005,2.51,1.49,0.0,0.0,0.0,132.9,0.0,-0.2,0.2,-0.1,-169.70000000000002,0.0,0.0,169.70000000000002,0.0,21.700000000000003,29.1,29.1,30.1,300.0,300.0,31.8,35.7,29.0,28.200000000000003,30.1,4.95,1.99,4.97,0.16,0.0,0.0,1027.0,8228.0,0.0,0.0,0.0,0.0,0.0,1.0,0.0,0.0,0.0,0.0,0.0,0.1,0.0,0.1,0.0,0.0,16.0,25903.0
2026-07-30T19:02:06.752Z,296.235,296.25,0.0,7.4,0.0,0.0,0.0,0.0,0.0,0.0,0.0,0.0,1.0,0.0,0.0,0.0,9.0,4.0,0.0,0.0,0.0,0.0,0.0,0.0,0.0,0.0,6.0,12.0,1.0,12.15,5.0200000000000005,2.51,1.49,0.0,0.0,0.0,133.1,0.0,-0.8,0.2,-1.2000000000000002,-169.70000000000002,0.0,0.0,169.8,0.0,21.700000000000003,29.1,29.1,30.1,300.0,300.0,31.8,35.7,29.0,28.200000000000003,30.1,4.95,1.99,4.97,0.16,0.0,0.0,1027.0,8228.0,0.0,0.0,0.0,0.0,0.0,1.0,0.0,0.0,0.0,0.0,0.0,-0.7000000000000001,0.0,1.1,0.0,0.0,16.0,25903.0
2026-07-30T19:02:06.764Z,296.247,296.262,0.0,7.4,0.0,0.0,0.0,0.0,0.0,0.0,0.0,0.0,1.0,0.0,0.0,0.0,9.0,4.0,0.0,0.0,0.0,0.0,0.0,0.0,0.0,0.0,1.0,12.0,1.0,12.15,5.0200000000000005,2.51,1.49,0.0,0.0,0.0,133.3,0.0,0.2,1.4,-0.7000000000000001,-169.70000000000002,0.0,0.0,169.8,0.0,21.700000000000003,29.1,29.1,30.1,300.0,300.0,31.8,35.7,29.0,28.200000000000003,30.1,4.96,2.0,4.97,0.16,0.0,0.0,1027.0,8228.0,0.0,0.0,0.0,0.0,0.0,1.0,0.0,0.0,0.0,0.0,0.0,1.0,0.0,0.9,0.0,0.0,16.0,25903.0
2026-07-30T19:02:06.777Z,296.26,296.274,0.0,7.4,0.0,0.0,0.0,0.0,0.0,0.0,0.0,0.0,1.0,0.0,0.0,0.0,9.0,4.0,0.0,0.0,0.0,0.0,0.0,0.0,0.0,0.0,2.0,12.0,1.0,12.15,5.0200000000000005,2.51,1.49,0.0,0.1,0.0,133.4,0.0,-0.2,-0.9,-1.9,-169.70000000000002,0.0,0.0,169.8,0.0,21.700000000000003,29.1,29.1,30.1,300.0,300.0,31.8,35.7,29.0,28.200000000000003,30.1,4.95,2.0,4.97,0.16,0.0,0.0,1027.0,8228.0,0.0,0.0,0.0,0.0,0.0,1.0,0.0,0.0,0.0,0.0,0.0,-1.4,0.0,1.1,0.0,0.0,16.0,25903.0
2026-07-30T19:02:06.788Z,296.271,296.286,0.0,7.4,0.0,0.0,0.0,0.0,0.0,0.0,0.0,0.0,1.0,0.0,0.0,0.0,9.0,4.0,0.0,0.0,0.0,0.0,0.0,0.0,0.0,0.0,3.0,12.0,1.0,12.15,5.0200000000000005,2.51,1.49,0.0,0.0,0.0,133.6,0.0,-0.8,-1.5,-0.7000000000000001,-169.70000000000002,0.0,0.0,169.8,0.0,21.700000000000003,29.1,29.1,30.1,300.0,300.0,31.8,35.7,29.0,28.200000000000003,30.1,4.96,1.99,4.97,0.16,0.0,0.0,1027.0,8228.0,0.0,0.0,0.0,0.0,0.0,1.0,0.0,0.0,0.0,0.0,0.0,0.5,0.0,-0.3,0.0,0.0,16.0,25903.0
2026-07-30T19:02:06.801Z,296.284,296.298,0.0,7.4,0.0,0.0,0.0,0.0,0.0,0.0,0.0,0.0,1.0,0.0,0.0,0.0,9.0,4.0,0.0,0.0,0.0,0.0,0.0,0.0,0.0,0.0,4.0,12.0,1.0,12.18,5.01,2.51,1.49,0.0,0.0,0.0,133.8,0.0,-0.2,0.1,0.4,-169.70000000000002,0.0,0.0,169.70000000000002,0.0,21.700000000000003,29.1,29.1,30.1,300.0,300.0,31.6,35.7,29.0,28.200000000000003,30.1,4.96,1.99,4.96,0.16,0.0,0.0,1027.0,8228.0,0.0,0.0,0.0,0.0,0.0,1.0,0.0,0.0,0.0,0.0,0.0,1.5,0.0,-0.7000000000000001,0.0,0.0,16.0,25903.0
2026-07-30T19:02:06.812Z,296.295,296.31,0.0,7.4,0.0,0.0,0.0,0.0,0.0,0.0,0.0,0.0,1.0,0.0,0.0,0.0,9.0,4.0,0.0,0.0,0.0,0.0,0.0,0.0,0.0,0.0,5.0,12.0,1.0,12.18,5.01,2.51,1.49,0.0,0.0,0.0,133.9,0.0,-0.2,0.1,-0.7000000000000001,-169.70000000000002,0.0,0.0,169.8,0.0,21.700000000000003,29.1,29.1,30.1,300.0,300.0,31.6,35.7,29.0,28.200000000000003,30.1,4.96,1.99,4.96,0.16,0.0,0.0,1027.0,8228.0,0.0,0.0,0.0,0.0,0.0,1.0,0.0,0.0,0.0,0.0,0.0,-1.0,0.0,0.5,0.0,0.0001,16.0,25903.0
2026-07-30T19:02:06.824Z,296.307,296.322,0.0,7.4,0.0,0.0,0.0,0.0,0.0,0.0,0.0,0.0,1.0,0.0,0.0,0.0,9.0,4.0,0.0,0.0,0.0,0.0,0.0,0.0,0.0,0.0,6.0,12.0,1.0,12.18,5.01,2.51,1.49,0.0,0.0,0.0,134.20000000000002,0.0,0.3,0.1,-0.6000000000000001,-169.70000000000002,0.0,0.0,169.8,0.0,21.700000000000003,29.1,29.1,30.1,300.0,300.0,31.6,35.7,29.0,28.200000000000003,30.1,4.95,1.99,4.97,0.16,0.0,0.0,1027.0,8228.0,0.0,0.0,0.0,0.0,0.0,1.0,0.0,0.0,0.0,0.0,0.0,-0.3,0.0,0.6000000000000001,0.0,0.0,16.0,25903.0
2026-07-30T19:02:06.837Z,296.32,296.334,0.0,7.4,0.0,0.0,0.0,0.0,0.0,0.0,0.0,0.0,1.0,0.0,0.0,0.0,9.0,4.0,0.0,0.0,0.0,0.0,0.0,0.0,0.0,0.0,1.0,12.0,1.0,12.18,5.01,2.51,1.49,0.0,0.0,0.0,134.3,0.0,-0.2,-1.0,-0.7000000000000001,-169.70000000000002,0.0,0.0,169.70000000000002,0.0,21.700000000000003,29.1,29.1,30.1,300.0,300.0,31.6,35.7,29.0,28.200000000000003,30.1,4.96,1.99,4.97,0.16,0.0,0.0,1027.0,8228.0,0.0,0.0,0.0,0.0,0.0,1.0,0.0,0.0,0.0,0.0,0.0,-1.7000000000000002,0.0,0.4,0.0,0.0,16.0,25903.0
2026-07-30T19:02:06.848Z,296.331,296.346,0.0,7.4,0.0,0.0,0.0,0.0,0.0,0.0,0.0,0.0,1.0,0.0,0.0,0.0,9.0,4.0,0.0,0.0,0.0,0.0,0.0,0.0,0.0,0.0,2.0,12.0,1.0,12.18,5.01,2.51,1.49,0.0,0.0,0.0,134.5,0.0,-0.8,0.6000000000000001,-0.7000000000000001,-169.70000000000002,0.0,0.0,169.8,0.0,21.700000000000003,29.1,29.1,30.1,300.0,300.0,31.6,35.7,29.0,28.200000000000003,30.1,4.96,1.99,4.96,0.16,0.0,0.0,1027.0,8228.0,0.0,0.0,0.0,0.0,0.0,1.0,0.0,0.0,0.0,0.0,0.0,0.2,0.0,0.7000000000000001,0.0,0.0,16.0,25903.0
2026-07-30T19:02:06.860Z,296.343,296.358,0.0,7.4,0.0,0.0,0.0,0.0,0.0,0.0,0.0,0.0,1.0,0.0,0.0,0.0,9.0,4.0,0.0,0.0,0.0,0.0,0.0,0.0,0.0,0.0,4.0,12.0,1.0,12.18,5.01,2.51,1.49,0.0,0.0,0.0,134.70000000000002,0.0,-0.2,0.1,-1.3,-169.70000000000002,0.0,0.0,169.8,0.0,21.700000000000003,29.1,29.1,30.1,300.0,300.0,31.6,35.7,29.0,28.200000000000003,30.1,4.96,1.99,4.96,0.16,0.0,0.0,1027.0,8228.0,0.0,0.0,0.0,0.0,0.0,1.0,0.0,0.0,0.0,0.0,0.0,-0.8,0.0,1.1,0.0,0.0,16.0,25903.0
2026-07-30T19:02:06.873Z,296.356,296.37,0.0,7.4,0.0,0.0,0.0,0.0,0.0,0.0,0.0,0.0,1.0,0.0,0.0,0.0,9.0,4.0,0.0,0.0,0.0,0.0,0.0,0.0,0.0,0.0,4.0,12.0,1.0,12.18,5.01,2.51,1.49,0.0,0.0,0.0,134.8,0.0,-0.8,-1.0,-2.5,-169.70000000000002,0.0,0.0,169.8,0.0,21.700000000000003,29.1,29.1,30.1,300.0,300.0,31.6,35.7,29.0,28.200000000000003,30.1,4.95,1.99,4.97,0.16,0.0,0.0,1027.0,8228.0,0.0,0.0,0.0,0.0,0.0,1.0,0.0,0.0,0.0,0.0,0.0,-3.0,0.0,2.0,0.0,0.0,16.0,25903.0
2026-07-30T19:02:06.885Z,296.368,296.382,0.0,7.4,0.0,0.0,0.0,0.0,0.0,0.0,0.0,0.0,1.0,0.0,0.0,0.0,9.0,4.0,0.0,0.0,0.0,0.0,0.0,0.0,0.0,0.0,5.0,12.0,1.0,12.18,5.01,2.51,1.49,0.0,0.0,0.0,134.70000000000002,0.0,0.3,0.6000000000000001,-0.1,-169.70000000000002,0.0,0.0,169.8,0.0,21.700000000000003,29.1,29.1,30.1,300.0,300.0,31.6,35.7,29.0,28.200000000000003,30.1,4.96,1.99,4.96,0.16,0.0,0.0,1027.0,8228.0,0.0,0.0,0.0,0.0,0.0,1.0,0.0,0.0,0.0,0.0,0.0,0.6000000000000001,0.0,0.2,0.0,0.0,16.0,25903.0
2026-07-30T19:02:06.897Z,296.38,296.394,0.0,7.4,0.0,0.0,0.0,0.0,0.0,0.0,0.0,0.0,1.0,0.0,0.0,0.0,9.0,4.0,0.0,0.0,0.0,0.0,0.0,0.0,0.0,0.0,6.0,12.0,1.0,12.18,5.01,2.51,1.49,0.0,0.0,0.0,134.6,0.0,-0.2,0.6000000000000001,-1.2000000000000002,-169.70000000000002,0.0,0.0,169.8,0.0,21.700000000000003,29.1,29.1,30.1,300.0,300.0,31.6,35.7,29.0,28.200000000000003,30.1,4.96,1.99,4.97,0.15,0.0,0.0,1027.0,8228.0,0.0,0.0,0.0,0.0,0.0,1.0,0.0,0.0,0.0,0.0,0.0,-0.1,0.0,1.2000000000000002,0.0,0.0,16.0,25903.0
2026-07-30T19:02:06.908Z,296.391,296.406,0.0,7.4,0.0,0.0,0.0,0.0,0.0,0.0,0.0,0.0,1.0,0.0,0.0,0.0,9.0,4.0,0.0,0.0,0.0,0.0,0.0,0.0,0.0,0.0,1.0,12.0,1.0,12.17,5.0200000000000005,2.51,1.49,0.0,0.0,0.0,134.5,0.0,-0.2,0.1,-0.1,-169.70000000000002,0.0,0.0,169.8,0.0,21.700000000000003,29.1,29.1,30.1,300.0,300.0,31.6,35.7,29.0,28.200000000000003,30.1,4.95,1.99,4.97,0.16,0.0,0.0,1027.0,8228.0,0.0,0.0,0.0,0.0,0.0,1.0,0.0,0.0,0.0,0.0,0.0,0.1,0.0,0.1,0.0,0.0,16.0,25903.0
2026-07-30T19:02:06.920Z,296.403,296.418,0.0,7.4,0.0,0.0,0.0,0.0,0.0,0.0,0.0,0.0,1.0,0.0,0.0,0.0,9.0,4.0,0.0,0.0,0.0,0.0,0.0,0.0,0.0,0.0,2.0,12.0,1.0,12.17,5.0200000000000005,2.51,1.49,0.0,0.0,0.0,134.3,0.0,-0.8,-1.0,-0.1,-169.70000000000002,0.0,0.0,169.8,0.0,21.700000000000003,29.1,29.1,30.1,300.0,300.0,31.6,35.7,29.0,28.200000000000003,30.1,4.96,1.99,4.97,0.16,0.0,0.0,1027.0,8228.0,0.0,0.0,0.0,0.0,0.0,1.0,0.0,0.0,0.0,0.0,0.0,-1.2000000000000002,0.0,0.0,0.0,0.0,16.0,25903.0
2026-07-30T19:02:06.933Z,296.416,296.43,0.0,7.4,0.0,0.0,0.0,0.0,0.0,0.0,0.0,0.0,1.0,0.0,0.0,0.0,9.0,4.0,0.0,0.0,0.0,0.0,0.0,0.0,0.0,0.0,3.0,12.0,1.0,12.17,5.0200000000000005,2.51,1.49,0.0,0.0,0.0,134.3,0.0,-0.8,0.1,1.0,-169.70000000000002,0.0,0.0,169.8,0.0,21.700000000000003,29.1,29.1,30.1,300.0,300.0,31.6,35.7,29.0,28.200000000000003,30.1,4.95,1.99,4.96,0.16,0.0,0.0,1027.0,8228.0,0.0,0.0,0.0,0.0,0.0,1.0,0.0,0.0,0.0,0.0,0.0,0.9,0.0,-0.8,0.0,0.0,16.0,25903.0
2026-07-30T19:02:06.944Z,296.427,296.442,0.0,7.4,0.0,0.0,0.0,0.0,0.0,0.0,0.0,0.0,1.0,0.0,0.0,0.0,9.0,4.0,0.0,0.0,0.0,0.0,0.0,0.0,0.0,0.0,5.0,12.0,1.0,12.17,5.0200000000000005,2.51,1.49,0.0,0.0,0.0,134.1,0.0,-0.1,-0.4,-1.8,-169.70000000000002,0.0,0.0,169.70000000000002,0.0,21.700000000000003,29.1,29.1,30.1,300.0,300.0,31.6,35.7,29.0,28.200000000000003,30.1,4.95,1.99,4.97,0.16,0.0,0.0,1027.0,8228.0,0.0,0.0,0.0,0.0,0.0,1.0,0.0,0.0,0.0,0.0,0.0,-1.8,0.0,1.5,0.0,0.0,16.0,25903.0
2026-07-30T19:02:06.956Z,296.439,296.454,0.0,7.4,0.0,0.0,0.0,0.0,0.0,0.0,0.0,0.0,1.0,0.0,0.0,0.0,9.0,4.0,0.0,0.0,0.0,0.0,0.0,0.0,0.0,0.0,5.0,12.0,1.0,12.17,5.0200000000000005,2.51,1.49,0.0,0.0,0.0,134.1,0.0,-0.1,-0.4,-1.2000000000000002,-169.70000000000002,0.0,0.0,169.8,0.0,21.700000000000003,29.1,29.1,30.1,300.0,300.0,31.6,35.7,29.0,28.200000000000003,30.1,4.95,1.99,4.97,0.16,0.0,0.0,1027.0,8228.0,0.0,0.0,0.0,0.0,0.0,1.0,0.0,0.0,0.0,0.0,0.0,-1.4,0.0,1.0,0.0,0.0001,16.0,25903.0
2026-07-30T19:02:06.968Z,296.451,296.466,0.0,7.4,0.0,0.0,0.0,0.0,0.0,0.0,0.0,0.0,1.0,0.0,0.0,0.0,9.0,4.0,0.0,0.0,0.0,0.0,0.0,0.0,0.0,0.0,6.0,12.0,1.0,12.17,5.0200000000000005,2.51,1.49,0.0,0.1,0.0,134.0,0.0,-0.7000000000000001,0.1,0.0,-169.70000000000002,0.0,0.0,169.8,0.0,21.700000000000003,29.1,29.1,30.1,300.0,300.0,31.6,35.7,29.0,28.200000000000003,30.1,4.96,1.99,4.96,0.16,0.0,0.0,1027.0,8228.0,0.0,0.0,0.0,0.0,0.0,1.0,0.0,0.0,0.0,0.0,0.0,0.1,0.0,0.1,0.0,0.0,16.0,25903.0
2026-07-30T19:02:06.980Z,296.463,296.478,0.0,7.4,0.0,0.0,0.0,0.0,0.0,0.0,0.0,0.0,1.0,0.0,0.0,0.0,9.0,4.0,0.0,0.0,0.0,0.0,0.0,0.0,0.0,0.0,2.0,12.0,1.0,12.17,5.0200000000000005,2.51,1.49,0.0,0.0,0.0,133.8,0.0,0.4,0.1,0.5,-169.70000000000002,0.0,0.0,169.70000000000002,0.0,21.700000000000003,29.1,29.1,30.1,300.0,300.0,31.6,35.7,29.0,28.200000000000003,30.1,4.95,1.99,4.97,0.16,0.0,0.0,1027.0,8228.0,0.0,0.0,0.0,0.0,0.0,1.0,0.0,0.0,0.0,0.0,0.0,0.5,0.0,-0.4,0.0,0.0,16.0,25903.0
2026-07-30T19:02:06.993Z,296.476,296.49,0.0,7.4,0.0,0.0,0.0,0.0,0.0,0.0,0.0,0.0,1.0,0.0,0.0,0.0,9.0,4.0,0.0,0.0,0.0,0.0,0.0,0.0,0.0,0.0,2.0,12.0,1.0,12.17,5.0200000000000005,2.51,1.49,0.0,0.0,0.0,133.70000000000002,0.0,0.4,0.7000000000000001,2.3000000000000003,-169.70000000000002,0.0,0.0,169.8,0.0,21.700000000000003,29.1,29.1,30.1,300.0,300.0,31.6,35.7,29.0,28.200000000000003,30.1,4.95,1.99,4.97,0.16,0.0,0.0,1027.0,8228.0,0.0,0.0,0.0,0.0,0.0,1.0,0.0,0.0,0.0,0.0,0.0,2.6,0.0,-1.9,0.0,0.0,16.0,25903.0
2026-07-30T19:02:07.005Z,296.488,296.502,0.0,7.4,0.0,0.0,0.0,0.0,0.0,0.0,0.0,0.0,1.0,0.0,0.0,0.0,9.0,4.0,0.0,0.0,0.0,0.0,0.0,0.0,0.0,0.0,3.0,12.0,1.0,12.15,5.01,2.5,1.49,0.0,0.0,0.0,133.6,0.0,-0.1,-0.3,-1.2000000000000002,-169.70000000000002,0.0,0.0,169.8,0.0,21.700000000000003,29.1,29.1,30.1,300.0,300.0,31.6,35.6,29.0,28.200000000000003,30.1,4.96,1.99,4.97,0.16,0.0,0.0,1027.0,8228.0,0.0,0.0,0.0,0.0,0.0,1.0,0.0,0.0,0.0,0.0,0.0,-1.3,0.0,0.9,0.0,0.0,16.0,25903.0
2026-07-30T19:02:07.016Z,296.499,296.514,0.0,7.4,0.0,0.0,0.0,0.0,0.0,0.0,0.0,0.0,1.0,0.0,0.0,0.0,9.0,4.0,0.0,0.0,0.0,0.0,0.0,0.0,0.0,0.0,4.0,12.0,1.0,12.15,5.01,2.5,1.49,0.0,0.0,0.0,133.5,0.0,0.4,-0.3,1.1,-169.70000000000002,0.0,0.0,169.8,0.0,21.700000000000003,29.1,29.1,30.1,300.0,300.0,31.6,35.6,29.0,28.200000000000003,30.1,4.95,1.99,4.97,0.16,0.0,0.0,1027.0,8228.0,0.0,0.0,0.0,0.0,0.0,1.0,0.0,0.0,0.0,0.0,0.0,0.4,0.0,-1.0,0.0,0.0,16.0,25903.0
2026-07-30T19:02:07.028Z,296.511,296.526,0.0,7.4,0.0,0.0,0.0,0.0,0.0,0.0,0.0,0.0,1.0,0.0,0.0,0.0,9.0,4.0,0.0,0.0,0.0,0.0,0.0,0.0,0.0,0.0,5.0,12.0,1.0,12.15,5.01,2.5,1.49,0.0,0.0,0.0,133.4,0.0,0.4,-0.3,1.1,-169.70000000000002,0.0,0.0,169.8,0.0,21.700000000000003,29.1,29.1,30.1,300.0,300.0,31.6,35.6,29.0,28.200000000000003,30.1,4.96,1.99,4.96,0.16,0.0,0.0,1027.0,8228.0,0.0,0.0,0.0,0.0,0.0,1.0,0.0,0.0,0.0,0.0,0.0,0.4,0.0,-1.0,0.0,0.0,16.0,25903.0
2026-07-30T19:02:07.040Z,296.523,296.538,0.0,7.4,0.0,0.0,0.0,0.0,0.0,0.0,0.0,0.0,1.0,0.0,0.0,0.0,9.0,4.0,0.0,0.0,0.0,0.0,0.0,0.0,0.0,0.0,6.0,12.0,1.0,12.15,5.01,2.5,1.49,0.0,0.0,0.0,133.3,0.0,-0.1,-0.4,0.5,-169.70000000000002,0.0,0.0,169.8,0.0,21.700000000000003,29.1,29.1,30.1,300.0,300.0,31.6,35.6,29.0,28.200000000000003,30.1,4.96,1.99,4.96,0.16,0.0,0.0,1027.0,8228.0,0.0,0.0,0.0,0.0,0.0,1.0,0.0,0.0,0.0,0.0,0.0,0.0,0.0,-0.5,0.0,0.0,16.0,25903.0
2026-07-30T19:02:07.053Z,296.536,296.55,0.0,7.4,0.0,0.0,0.0,0.0,0.0,0.0,0.0,0.0,1.0,0.0,0.0,0.0,9.0,4.0,0.0,0.0,0.0,0.0,0.0,0.0,0.0,0.0,1.0,12.0,1.0,12.15,5.01,2.5,1.49,0.0,0.0,0.0,133.20000000000002,0.0,0.3,0.7000000000000001,1.6,-169.70000000000002,0.0,0.0,169.8,0.0,21.700000000000003,29.1,29.1,30.1,300.0,300.0,31.6,35.6,29.0,28.200000000000003,30.1,4.96,1.99,4.96,0.16,0.0,0.0,1027.0,8228.0,0.0,0.0,0.0,0.0,0.0,1.0,0.0,0.0,0.0,0.0,0.0,2.1,0.0,-1.3,0.0,0.0,16.0,25903.0
2026-07-30T19:02:07.064Z,296.547,296.562,0.0,7.4,0.0,0.0,0.0,0.0,0.0,0.0,0.0,0.0,1.0,0.0,0.0,0.0,9.0,4.0,0.0,0.0,0.0,0.0,0.0,0.0,0.0,0.0,1.0,12.0,1.0,12.15,5.01,2.5,1.49,0.0,0.1,0.0,133.1,0.0,0.3,-0.4,-1.2000000000000002,-169.70000000000002,0.0,0.0,169.8,0.0,21.700000000000003,29.1,29.1,30.1,300.0,300.0,31.6,35.6,29.0,28.200000000000003,30.1,4.95,1.99,4.96,0.16,0.0,0.0,1027.0,8228.0,0.0,0.0,0.0,0.0,0.0,1.0,0.0,0.0,0.0,0.0,0.0,-1.3,0.0,1.0,0.0,0.0,16.0,25903.0
2026-07-30T19:02:07.077Z,296.56,296.574,0.0,7.4,0.0,0.0,0.0,0.0,0.0,0.0,0.0,0.0,1.0,0.0,0.0,0.0,9.0,4.0,0.0,0.0,0.0,0.0,0.0,0.0,0.0,0.0,2.0,12.0,1.0,12.15,5.01,2.5,1.49,0.0,0.0,0.0,133.0,0.0,0.3,-1.0,-0.6000000000000001,-169.70000000000002,0.0,0.0,169.8,0.0,21.700000000000003,29.1,29.1,30.1,300.0,300.0,31.6,35.6,29.0,28.200000000000003,30.1,4.96,1.99,4.96,0.16,0.0,0.0,1027.0,8228.0,0.0,0.0,0.0,0.0,0.0,1.0,0.0,0.0,0.0,0.0,0.0,-1.6,0.0,0.3,0.0,0.0,16.0,25903.0
2026-07-30T19:02:07.088Z,296.571,296.586,0.0,7.4,0.0,0.0,0.0,0.0,0.0,0.0,0.0,0.0,1.0,0.0,0.0,0.0,9.0,4.0,0.0,0.0,0.0,0.0,0.0,0.0,0.0,0.0,3.0,12.0,1.0,12.15,5.01,2.5,1.49,0.0,0.0,0.0,132.9,0.0,0.3,-0.4,0.0,-169.70000000000002,0.0,0.0,169.8,0.0,21.700000000000003,29.1,29.1,30.1,300.0,300.0,31.6,35.6,29.0,28.200000000000003,30.1,4.96,2.0,4.97,0.16,0.0,0.0,1027.0,8228.0,0.0,0.0,0.0,0.0,0.0,1.0,0.0,0.0,0.0,0.0,0.0,-0.6000000000000001,0.0,0.0,0.0,0.0,16.0,25903.0
2026-07-30T19:02:07.100Z,296.583,296.598,0.0,7.4,0.0,0.0,0.0,0.0,0.0,0.0,0.0,0.0,1.0,0.0,0.0,0.0,9.0,4.0,0.0,0.0,0.0,0.0,0.0,0.0,0.0,0.0,4.0,12.0,1.0,12.15,5.01,2.5,1.49,0.0,0.0,0.0,132.8,0.0,-0.2,0.1,-0.7000000000000001,-169.70000000000002,0.0,0.0,169.8,0.0,21.700000000000003,29.1,29.1,30.1,300.0,300.0,31.6,35.6,29.0,28.200000000000003,30.1,4.95,1.99,4.97,0.16,0.0,0.0,1027.0,8228.0,0.0,0.0,0.0,0.0,0.0,1.0,0.0,0.0,0.0,0.0,0.0,-0.4,0.0,0.6000000000000001,0.0,0.0,16.0,25903.0
2026-07-30T19:02:07.113Z,296.596,296.61,0.0,7.4,0.0,0.0,0.0,0.0,0.0,0.0,0.0,0.0,1.0,0.0,0.0,0.0,9.0,4.0,0.0,0.0,0.0,0.0,0.0,0.0,0.0,0.0,4.0,12.0,1.0,12.17,5.0200000000000005,2.51,1.49,0.0,0.0,0.0,132.70000000000002,0.0,0.8,1.2000000000000002,2.7,-169.70000000000002,0.0,0.0,169.8,0.0,21.4,29.1,29.1,30.1,300.0,300.0,31.4,35.7,29.0,28.200000000000003,30.1,4.95,1.99,4.97,0.16,0.0,0.0,1027.0,8228.0,0.0,0.0,0.0,0.0,0.0,1.0,0.0,0.0,0.0,0.0,0.0,3.4000000000000004,0.0,-2.1,0.0,0.0,16.0,25903.0
2026-07-30T19:02:07.125Z,296.608,296.622,0.0,7.4,0.0,0.0,0.0,0.0,0.0,0.0,0.0,0.0,1.0,0.0,0.0,0.0,9.0,4.0,0.0,0.0,0.0,0.0,0.0,0.0,0.0,0.0,5.0,12.0,1.0,12.17,5.0200000000000005,2.51,1.49,0.0,0.0,0.0,132.6,0.0,0.8,-0.4,-0.2,-169.70000000000002,0.0,0.0,169.70000000000002,0.0,21.4,29.1,29.1,30.1,300.0,300.0,31.4,35.7,29.0,28.200000000000003,30.1,4.96,1.99,4.96,0.16,0.0,0.0,1027.0,8228.0,0.0,0.0,0.0,0.0,0.0,1.0,0.0,0.0,0.0,0.0,0.0,-0.6000000000000001,0.0,0.0,0.0,0.0,16.0,25903.0
2026-07-30T19:02:07.136Z,296.619,296.634,0.0,7.4,0.0,0.0,0.0,0.0,0.0,0.0,0.0,0.0,1.0,0.0,0.0,0.0,9.0,4.0,0.0,0.0,0.0,0.0,0.0,0.0,0.0,0.0,6.0,12.0,1.0,12.17,5.0200000000000005,2.51,1.49,0.0,0.0,0.0,132.5,0.0,-0.3,0.1,-0.7000000000000001,-169.70000000000002,0.0,0.0,169.8,0.0,21.4,29.1,29.1,30.1,300.0,300.0,31.4,35.7,29.0,28.200000000000003,30.1,4.96,1.99,4.97,0.16,0.0,0.0,1027.0,8228.0,0.0,0.0,0.0,0.0,0.0,1.0,0.0,0.0,0.0,0.0,0.0,-0.4,0.0,0.7000000000000001,0.0,0.0,16.0,25903.0
2026-07-30T19:02:07.148Z,296.631,296.646,0.0,7.4,0.0,0.0,0.0,0.0,0.0,0.0,0.0,0.0,1.0,0.0,0.0,0.0,9.0,4.0,0.0,0.0,0.0,0.0,0.0,0.0,0.0,0.0,1.0,12.0,1.0,12.17,5.0200000000000005,2.51,1.49,0.0,0.0,0.0,132.4,0.0,-0.3,0.7000000000000001,1.0,-169.70000000000002,0.0,0.0,169.70000000000002,0.0,21.4,29.1,29.1,30.1,300.0,300.0,31.4,35.7,29.0,28.200000000000003,30.1,4.96,1.99,4.97,0.16,0.0,0.0,1027.0,8228.0,0.0,0.0,0.0,0.0,0.0,1.0,0.0,0.0,0.0,0.0,0.0,1.6,0.0,-0.7000000000000001,0.0,0.0,16.0,25903.0
2026-07-30T19:02:07.160Z,296.643,296.658,0.0,7.4,0.0,0.0,0.0,0.0,0.0,0.0,0.0,0.0,1.0,0.0,0.0,0.0,9.0,4.0,0.0,0.0,0.0,0.0,0.0,0.0,0.0,0.0,2.0,12.0,1.0,12.17,5.0200000000000005,2.51,1.49,0.0,0.0,0.0,132.20000000000002,0.0,0.2,-0.4,1.6,-169.70000000000002,0.0,0.0,169.8,0.0,21.4,29.1,29.1,30.1,300.0,300.0,31.4,35.7,29.0,28.200000000000003,30.1,4.96,1.99,4.96,0.16,0.0,0.0,1027.0,8228.0,0.0,0.0,0.0,0.0,0.0,1.0,0.0,0.0,0.0,0.0,0.0,0.7000000000000001,0.0,-1.4,0.0,0.0001,16.0,25903.0
2026-07-30T19:02:07.172Z,296.655,296.67,0.0,7.4,0.0,0.0,0.0,0.0,0.0,0.0,0.0,0.0,1.0,0.0,0.0,0.0,9.0,4.0,0.0,0.0,0.0,0.0,0.0,0.0,0.0,0.0,3.0,12.0,1.0,12.17,5.0200000000000005,2.51,1.49,0.0,0.0,0.0,132.1,0.0,0.8,0.7000000000000001,2.1,-169.70000000000002,0.0,0.0,169.8,0.0,21.4,29.1,29.1,30.1,300.0,300.0,31.4,35.7,29.0,28.200000000000003,30.1,4.95,1.99,4.96,0.16,0.0,0.0,1027.0,8228.0,0.0,0.0,0.0,0.0,0.0,1.0,0.0,0.0,0.0,0.0,0.0,2.4000000000000004,0.0,-1.7000000000000002,0.0,0.0001,16.0,25903.0
2026-07-30T19:02:07.185Z,296.668,296.682,0.0,7.4,0.0,0.0,0.0,0.0,0.0,0.0,0.0,0.0,1.0,0.0,0.0,0.0,9.0,4.0,0.0,0.0,0.0,0.0,0.0,0.0,0.0,0.0,4.0,12.0,1.0,12.17,5.0200000000000005,2.51,1.49,0.0,0.0,0.0,132.0,0.0,-0.9,1.3,-0.1,-169.70000000000002,0.0,0.0,169.70000000000002,0.0,21.4,29.1,29.1,30.1,300.0,300.0,31.4,35.7,29.0,28.200000000000003,30.1,4.95,1.99,4.97,0.16,0.0,0.0,1027.0,8228.0,0.0,0.0,0.0,0.0,0.0,1.0,0.0,0.0,0.0,0.0,0.0,1.3,0.0,0.4,0.0,0.0,16.0,25903.0
2026-07-30T19:02:07.197Z,296.68,296.694,0.0,7.4,0.0,0.0,0.0,0.0,0.0,0.0,0.0,0.0,1.0,0.0,0.0,0.0,9.0,4.0,0.0,0.0,0.0,0.0,0.0,0.0,0.0,0.0,5.0,12.0,1.0,12.17,5.0200000000000005,2.51,1.49,0.0,0.0,0.0,131.9,0.0,0.8,0.7000000000000001,1.0,-169.70000000000002,0.0,0.0,169.70000000000002,0.0,21.4,29.1,29.1,30.1,300.0,300.0,31.4,35.7,29.0,28.200000000000003,30.1,4.95,1.99,4.97,0.16,0.0,0.0,1027.0,8228.0,0.0,0.0,0.0,0.0,0.0,1.0,0.0,0.0,0.0,0.0,0.0,1.6,0.0,-0.7000000000000001,0.0,0.0,16.0,25903.0
2026-07-30T19:02:07.209Z,296.692,296.706,0.0,7.4,0.0,0.0,0.0,0.0,0.0,0.0,0.0,0.0,1.0,0.0,0.0,0.0,9.0,4.0,0.0,0.0,0.0,0.0,0.0,0.0,0.0,0.0,6.0,12.0,1.0,12.17,5.01,2.51,1.49,0.0,0.0,0.0,131.8,0.0,-0.9,1.3,-0.1,-169.70000000000002,0.0,0.0,169.70000000000002,0.0,21.700000000000003,29.1,29.1,30.1,300.0,300.0,31.700000000000003,35.7,29.0,28.200000000000003,30.1,4.96,1.99,4.96,0.16,0.0,0.0,1027.0,8228.0,0.0,0.0,0.0,0.0,0.0,1.0,0.0,0.0,0.0,0.0,0.0,1.3,0.0,0.4,0.0,0.0,16.0,25903.0
2026-07-30T19:02:07.220Z,296.703,296.718,0.0,7.4,0.0,0.0,0.0,0.0,0.0,0.0,0.0,0.0,1.0,0.0,0.0,0.0,9.0,4.0,0.0,0.0,0.0,0.0,0.0,0.0,0.0,0.0,2.0,12.0,1.0,12.17,5.01,2.51,1.49,0.0,0.0,0.0,131.70000000000002,0.0,0.2,-0.4,0.4,-169.70000000000002,0.0,0.0,169.8,0.0,21.700000000000003,29.1,29.1,30.1,300.0,300.0,31.700000000000003,35.7,29.0,28.200000000000003,30.1,4.96,1.99,4.97,0.16,0.0,0.0,1027.0,8228.0,0.0,0.0,0.0,0.0,0.0,1.0,0.0,0.0,0.0,0.0,0.0,-0.1,0.0,-0.4,0.0,0.0001,16.0,25903.0
2026-07-30T19:02:07.233Z,296.716,296.73,0.0,7.4,0.0,0.0,0.0,0.0,0.0,0.0,0.0,0.0,1.0,0.0,0.0,0.0,9.0,4.0,0.0,0.0,0.0,0.0,0.0,0.0,0.0,0.0,3.0,12.0,1.0,12.17,5.01,2.51,1.49,0.0,0.0,0.0,131.6,0.0,0.2,0.7000000000000001,-0.1,-169.70000000000002,0.0,0.0,169.70000000000002,0.0,21.700000000000003,29.1,29.1,30.1,300.0,300.0,31.700000000000003,35.7,29.0,28.200000000000003,30.1,4.96,1.99,4.96,0.16,0.0,0.0,1027.0,8228.0,0.0,0.0,0.0,0.0,0.0,1.0,0.0,0.0,0.0,0.0,0.0,0.7000000000000001,0.0,0.2,0.0,0.0001,16.0,25903.0
2026-07-30T19:02:07.245Z,296.728,296.742,0.0,7.4,0.0,0.0,0.0,0.0,0.0,0.0,0.0,0.0,1.0,0.0,0.0,0.0,9.0,4.0,0.0,0.0,0.0,0.0,0.0,0.0,0.0,0.0,4.0,12.0,1.0,12.17,5.01,2.51,1.49,0.0,0.0,0.0,131.5,0.0,0.2,0.1,-0.7000000000000001,-169.70000000000002,0.0,0.0,169.8,0.0,21.700000000000003,29.1,29.1,30.1,300.0,300.0,31.700000000000003,35.7,29.0,28.200000000000003,30.1,4.96,1.99,4.96,0.16,0.0,0.0,1027.0,8228.0,0.0,0.0,0.0,0.0,0.0,1.0,0.0,0.0,0.0,0.0,0.0,-0.3,0.0,0.6000000000000001,0.0,0.0,16.0,25903.0
2026-07-30T19:02:07.256Z,296.739,296.754,0.0,7.4,0.0,0.0,0.0,0.0,0.0,0.0,0.0,0.0,1.0,0.0,0.0,0.0,9.0,4.0,0.0,0.0,0.0,0.0,0.0,0.0,0.0,0.0,5.0,12.0,1.0,12.17,5.01,2.51,1.49,0.0,0.0,0.0,131.4,0.0,1.4,0.1,1.6,-169.70000000000002,0.0,0.0,169.70000000000002,0.0,21.700000000000003,29.1,29.1,30.1,300.0,300.0,31.700000000000003,35.7,29.0,28.200000000000003,30.1,4.95,1.99,4.96,0.16,0.0,0.0,1027.0,8228.0,0.0,0.0,0.0,0.0,0.0,1.0,0.0,0.0,0.0,0.0,0.0,1.4,0.0,-1.3,0.0,0.0001,16.0,25903.0
2026-07-30T19:02:07.269Z,296.752,296.766,0.0,7.4,0.0,0.0,0.0,0.0,0.0,0.0,0.0,0.0,1.0,0.0,0.0,0.0,9.0,4.0,0.0,0.0,0.0,0.0,0.0,0.0,0.0,0.0,6.0,12.0,1.0,12.17,5.01,2.51,1.49,0.0,0.0,0.0,131.3,0.0,0.2,-0.4,1.0,-169.70000000000002,0.0,0.0,169.70000000000002,0.0,21.700000000000003,29.1,29.1,30.1,300.0,300.0,31.700000000000003,35.7,29.0,28.200000000000003,30.1,4.95,1.99,4.97,0.16,0.0,0.0,1027.0,8228.0,0.0,0.0,0.0,0.0,0.0,1.0,0.0,0.0,0.0,0.0,0.0,0.3,0.0,-1.0,0.0,0.0001,16.0,25903.0
2026-07-30T19:02:07.281Z,296.764,296.778,0.0,7.4,0.0,0.0,0.0,0.0,0.0,0.0,0.0,0.0,1.0,0.0,0.0,0.0,9.0,4.0,0.0,0.0,0.0,0.0,0.0,0.0,0.0,0.0,1.0,12.0,1.0,12.17,5.01,2.51,1.49,0.0,0.1,0.0,131.1,0.0,0.2,0.1,-0.1,-169.70000000000002,0.0,0.0,169.70000000000002,0.0,21.700000000000003,29.1,29.1,30.1,300.0,300.0,31.700000000000003,35.7,29.0,28.200000000000003,30.1,4.95,2.0,4.96,0.16,0.0,0.0,1027.0,8228.0,0.0,0.0,0.0,0.0,0.0,1.0,0.0,0.0,0.0,0.0,0.0,0.1,0.0,0.1,0.0,0.0,16.0,25903.0
2026-07-30T19:02:07.293Z,296.776,296.79,0.0,7.4,0.0,0.0,0.0,0.0,0.0,0.0,0.0,0.0,1.0,0.0,0.0,0.0,9.0,4.0,0.0,0.0,0.0,0.0,0.0,0.0,0.0,0.0,3.0,12.0,1.0,12.17,5.01,2.51,1.49,0.0,0.0,0.0,131.1,0.0,0.2,0.1,-0.1,-169.70000000000002,0.0,0.0,169.8,0.0,21.700000000000003,29.1,29.1,30.1,300.0,300.0,31.700000000000003,35.7,29.0,28.200000000000003,30.1,4.96,1.99,4.96,0.16,0.0,0.0,1027.0,8228.0,0.0,0.0,0.0,0.0,0.0,1.0,0.0,0.0,0.0,0.0,0.0,2.2,0.0,-0.6000000000000001,0.0,0.0001,16.0,25903.0
2026-07-30T19:02:07.304Z,296.787,296.802,0.0,7.4,0.0,0.0,0.0,0.0,0.0,0.0,0.0,0.0,1.0,0.0,0.0,0.0,9.0,4.0,0.0,0.0,0.0,0.0,0.0,0.0,0.0,0.0,4.0,12.0,1.0,12.17,5.01,2.51,1.49,0.0,0.0,0.0,130.9,0.0,0.2,0.7000000000000001,-0.1,-169.70000000000002,0.0,0.0,169.70000000000002,0.0,21.700000000000003,29.1,29.1,30.1,300.0,300.0,31.700000000000003,35.7,29.0,28.200000000000003,30.1,4.95,1.99,4.97,0.16,0.0,0.0,1027.0,8228.0,0.0,0.0,0.0,0.0,0.0,1.0,0.0,0.0,0.0,0.0,0.0,1.4,0.0,-1.3,0.0,0.0,16.0,25903.0
2026-07-30T19:02:07.316Z,296.799,296.814,0.0,7.4,0.0,0.0,0.0,0.0,0.0,0.0,0.0,0.0,1.0,0.0,0.0,0.0,9.0,4.0,0.0,0.0,0.0,0.0,0.0,0.0,0.0,0.0,5.0,12.0,1.0,12.18,5.01,2.5,1.49,0.0,0.0,0.0,131.1,0.0,-0.3,-1.6,-0.1,-169.70000000000002,0.0,0.0,169.70000000000002,0.0,21.3,29.1,29.1,30.1,300.0,300.0,31.6,35.7,29.0,28.200000000000003,30.1,4.96,1.99,4.97,0.16,0.0,0.0,1027.0,8228.0,0.0,0.0,0.0,0.0,0.0,1.0,0.0,0.0,0.0,0.0,0.0,-0.8,0.0,1.2000000000000002,0.0,0.0,16.0,25903.0
2026-07-30T19:02:07.328Z,296.811,296.826,0.0,7.4,0.0,0.0,0.0,0.0,0.0,0.0,0.0,0.0,1.0,0.0,0.0,0.0,9.0,4.0,0.0,0.0,0.0,0.0,0.0,0.0,0.0,0.0,6.0,12.0,1.0,12.18,5.01,2.5,1.49,0.0,0.0,0.0,131.3,0.0,-0.3,1.3,1.0,-169.70000000000002,0.0,0.0,169.60000000000002,0.0,21.3,29.1,29.1,30.1,300.0,300.0,31.6,35.7,29.0,28.200000000000003,30.1,4.96,2.0,4.97,0.16,0.0,0.0,1027.0,8228.0,0.0,0.0,0.0,0.0,0.0,1.0,0.0,0.0,0.0,0.0,0.0,1.1,0.0,-0.2,0.0,0.0,16.0,25903.0
2026-07-30T19:02:07.340Z,296.823,296.838,0.0,7.4,0.0,0.0,0.0,0.0,0.0,0.0,0.0,0.0,1.0,0.0,0.0,0.0,9.0,4.0,0.0,0.0,0.0,0.0,0.0,0.0,0.0,0.0,1.0,12.0,1.0,12.18,5.01,2.5,1.49,0.0,0.0,0.0,131.5,0.0,0.2,0.7000000000000001,1.6,-169.70000000000002,0.0,0.0,169.70000000000002,0.0,21.3,29.1,29.1,30.1,300.0,300.0,31.6,35.7,29.0,28.200000000000003,30.1,4.95,1.99,4.97,0.16,0.0,0.0,1027.0,8228.0,0.0,0.0,0.0,0.0,0.0,1.0,0.0,0.0,0.0,0.0,0.0,2.0,0.0,-1.2000000000000002,0.0,0.0001,16.0,25903.0
2026-07-30T19:02:07.353Z,296.836,296.85,0.0,7.4,0.0,0.0,0.0,0.0,0.0,0.0,0.0,0.0,1.0,0.0,0.0,0.0,9.0,4.0,0.0,0.0,0.0,0.0,0.0,0.0,0.0,0.0,2.0,12.0,1.0,12.18,5.01,2.5,1.49,0.0,0.0,0.0,131.70000000000002,0.0,-0.3,0.1,0.0,-169.70000000000002,0.0,0.0,169.70000000000002,0.0,21.3,29.1,29.1,30.1,300.0,300.0,31.6,35.7,29.0,28.200000000000003,30.1,4.96,1.99,4.97,0.16,0.0,0.0,1027.0,8228.0,0.0,0.0,0.0,0.0,0.0,1.0,0.0,0.0,0.0,0.0,0.0,0.1,0.0,0.1,0.0,0.0,16.0,25903.0
2026-07-30T19:02:07.364Z,296.847,296.862,0.0,7.4,0.0,0.0,0.0,0.0,0.0,0.0,0.0,0.0,1.0,0.0,0.0,0.0,9.0,4.0,0.0,0.0,0.0,0.0,0.0,0.0,0.0,0.0,3.0,12.0,1.0,12.18,5.01,2.5,1.49,0.0,0.1,0.0,131.9,0.0,0.2,-0.4,1.6,-169.70000000000002,0.0,0.0,169.70000000000002,0.0,21.3,29.1,29.1,30.1,300.0,300.0,31.6,35.7,29.0,28.200000000000003,30.1,4.96,2.0,4.96,0.16,0.0,0.0,1027.0,8228.0,0.0,0.0,0.0,0.0,0.0,1.0,0.0,0.0,0.0,0.0,0.0,0.8,0.0,-1.5,0.0,0.0,16.0,25903.0
2026-07-30T19:02:07.376Z,296.859,296.874,0.0,7.4,0.0,0.0,0.0,0.0,0.0,0.0,0.0,0.0,1.0,0.0,0.0,0.0,9.0,4.0,0.0,0.0,0.0,0.0,0.0,0.0,0.0,0.0,5.0,12.0,1.0,12.18,5.01,2.5,1.49,0.0,0.0,0.0,132.1,0.0,-0.3,1.3,-1.2000000000000002,-169.70000000000002,0.0,0.0,169.70000000000002,0.0,21.3,29.1,29.1,30.1,300.0,300.0,31.6,35.7,29.0,28.200000000000003,30.1,4.96,1.99,4.97,0.16,0.0,0.0,1027.0,8228.0,0.0,0.0,0.0,0.0,0.0,1.0,0.0,0.0,0.0,0.0,0.0,0.6000000000000001,0.0,1.3,0.0,0.0,16.0,25903.0
2026-07-30T19:02:07.388Z,296.871,296.886,0.0,7.4,0.0,0.0,0.0,0.0,0.0,0.0,0.0,0.0,1.0,0.0,0.0,0.0,9.0,4.0,0.0,0.0,0.0,0.0,0.0,0.0,0.0,0.0,6.0,12.0,1.0,12.18,5.01,2.5,1.49,0.0,0.0,0.0,132.20000000000002,0.0,-0.3,0.2,0.0,-169.70000000000002,0.0,0.0,169.70000000000002,0.0,21.3,29.1,29.1,30.1,300.0,300.0,31.6,35.7,29.0,28.200000000000003,30.1,4.95,1.99,4.97,0.16,0.0,0.0,1027.0,8228.0,0.0,0.0,0.0,0.0,0.0,1.0,0.0,0.0,0.0,0.0,0.0,0.2,0.0,0.1,0.0,0.0,16.0,25903.0
2026-07-30T19:02:07.400Z,296.883,296.898,0.0,7.4,0.0,0.0,0.0,0.0,0.0,0.0,0.0,0.0,1.0,0.0,0.0,0.0,9.0,4.0,0.0,0.0,0.0,0.0,0.0,0.0,0.0,0.0,1.0,12.0,1.0,12.18,5.01,2.5,1.49,0.0,0.1,0.0,132.4,0.0,0.2,0.2,0.0,-169.70000000000002,0.0,0.0,169.70000000000002,0.0,21.3,29.1,29.1,30.1,300.0,300.0,31.6,35.7,29.0,28.200000000000003,30.1,4.96,1.99,4.97,0.16,0.0,0.0,1027.0,8228.0,0.0,0.0,0.0,0.0,0.0,1.0,0.0,0.0,0.0,0.0,0.0,0.1,0.0,0.0,0.0,0.0,16.0,25903.0
2026-07-30T19:02:07.414Z,296.897,296.91,0.0,7.4,0.0,0.0,0.0,0.0,0.0,0.0,0.0,0.0,1.0,0.0,0.0,0.0,9.0,4.0,0.0,0.0,0.0,0.0,0.0,0.0,0.0,0.0,2.0,12.0,1.0,12.13,5.01,2.51,1.49,0.0,0.0,0.0,132.6,0.0,-0.9,0.2,0.4,-169.70000000000002,0.0,0.0,169.70000000000002,0.0,21.8,29.1,29.1,30.1,300.0,300.0,31.6,35.7,29.0,28.200000000000003,30.1,4.95,2.0,4.96,0.16,0.0,0.0,1027.0,8228.0,0.0,0.0,0.0,0.0,0.0,1.0,0.0,0.0,0.0,0.0,0.0,0.6000000000000001,0.0,-0.3,0.0,0.0,16.0,25903.0
2026-07-30T19:02:07.424Z,296.907,296.922,0.0,7.4,0.0,0.0,0.0,0.0,0.0,0.0,0.0,0.0,1.0,0.0,0.0,0.0,9.0,4.0,0.0,0.0,0.0,0.0,0.0,0.0,0.0,0.0,3.0,12.0,1.0,12.13,5.01,2.51,1.49,0.0,0.0,0.0,132.8,0.0,-0.3,-0.3,-1.8,-169.70000000000002,0.0,0.0,169.8,0.0,21.8,29.1,29.1,30.1,300.0,300.0,31.6,35.7,29.0,28.200000000000003,30.1,4.95,1.99,4.97,0.16,0.0,0.0,1027.0,8228.0,0.0,0.0,0.0,0.0,0.0,1.0,0.0,0.0,0.0,0.0,0.0,-1.8,0.0,1.5,0.0,0.0,16.0,25903.0
2026-07-30T19:02:07.436Z,296.919,296.934,0.0,7.4,0.0,0.0,0.0,0.0,0.0,0.0,0.0,0.0,1.0,0.0,0.0,0.0,9.0,4.0,0.0,0.0,0.0,0.0,0.0,0.0,0.0,0.0,4.0,12.0,1.0,12.13,5.01,2.51,1.49,0.0,0.0,0.0,133.0,0.0,0.2,-0.3,-1.2000000000000002,-169.70000000000002,0.0,0.0,169.70000000000002,0.0,21.8,29.1,29.1,30.1,300.0,300.0,31.6,35.7,29.0,28.200000000000003,30.1,4.96,1.99,4.97,0.16,0.0,0.0,1027.0,8228.0,0.0,0.0,0.0,0.0,0.0,1.0,0.0,0.0,0.0,0.0,0.0,-1.3,0.0,1.0,0.0,0.0001,16.0,25903.0
2026-07-30T19:02:07.448Z,296.931,296.946,0.0,7.4,0.0,0.0,0.0,0.0,0.0,0.0,0.0,0.0,1.0,0.0,0.0,0.0,9.0,4.0,0.0,0.0,0.0,0.0,0.0,0.0,0.0,0.0,5.0,12.0,1.0,12.13,5.01,2.51,1.49,0.0,0.0,0.0,133.20000000000002,0.0,0.2,0.2,0.5,-169.70000000000002,0.0,0.0,169.8,0.0,21.8,29.1,29.1,30.1,300.0,300.0,31.6,35.7,29.0,28.200000000000003,30.1,4.96,1.99,4.96,0.16,0.0,0.0,1027.0,8228.0,0.0,0.0,0.0,0.0,0.0,1.0,0.0,0.0,0.0,0.0,0.0,0.6000000000000001,0.0,-0.4,0.0,0.0,16.0,25903.0
2026-07-30T19:02:07.460Z,296.943,296.958,0.0,7.4,0.0,0.0,0.0,0.0,0.0,0.0,0.0,0.0,1.0,0.0,0.0,0.0,9.0,4.0,0.0,0.0,0.0,0.0,0.0,0.0,0.0,0.0,6.0,12.0,1.0,12.13,5.01,2.51,1.49,0.0,0.0,0.0,133.4,0.0,-0.2,-0.3,0.0,-169.70000000000002,0.0,0.0,169.8,0.0,21.8,29.1,29.1,30.1,300.0,300.0,31.6,35.7,29.0,28.200000000000003,30.1,4.95,1.99,4.97,0.16,0.0,0.0,1027.0,8228.0,0.0,0.0,0.0,0.0,0.0,1.0,0.0,0.0,0.0,0.0,0.0,-0.4,0.0,0.0,0.0,0.0,16.0,25903.0
2026-07-30T19:02:07.472Z,296.955,296.97,0.0,7.4,0.0,0.0,0.0,0.0,0.0,0.0,0.0,0.0,1.0,0.0,0.0,0.0,9.0,4.0,0.0,0.0,0.0,0.0,0.0,0.0,0.0,0.0,1.0,12.0,1.0,12.13,5.01,2.51,1.49,0.0,0.0,0.0,133.5,0.0,-0.3,0.2,-0.6000000000000001,-169.70000000000002,0.0,0.0,169.8,0.0,21.8,29.1,29.1,30.1,300.0,300.0,31.6,35.7,29.0,28.200000000000003,30.1,4.95,1.99,4.97,0.16,0.0,0.0,1027.0,8228.0,0.0,0.0,0.0,0.0,0.0,1.0,0.0,0.0,0.0,0.0,0.0,-0.2,0.0,0.6000000000000001,0.0,0.0,16.0,25903.0
2026-07-30T19:02:07.484Z,296.967,296.982,0.0,7.4,0.0,0.0,0.0,0.0,0.0,0.0,0.0,0.0,1.0,0.0,0.0,0.0,9.0,4.0,0.0,0.0,0.0,0.0,0.0,0.0,0.0,0.0,2.0,12.0,1.0,12.13,5.01,2.51,1.49,0.0,0.0,0.0,133.8,0.0,-0.8,0.2,-0.1,-169.70000000000002,0.0,0.0,169.8,0.0,21.8,29.1,29.1,30.1,300.0,300.0,31.6,35.7,29.0,28.200000000000003,30.1,4.96,2.0,4.97,0.16,0.0,0.0,1027.0,8228.0,0.0,0.0,0.0,0.0,0.0,1.0,0.0,0.0,0.0,0.0,0.0,0.1,0.0,0.1,0.0,0.0,16.0,25903.0
2026-07-30T19:02:07.497Z,296.98,296.994,0.0,7.4,0.0,0.0,0.0,0.0,0.0,0.0,0.0,0.0,1.0,0.0,0.0,0.0,9.0,4.0,0.0,0.0,0.0,0.0,0.0,0.0,0.0,0.0,3.0,12.0,1.0,12.13,5.01,2.51,1.49,0.0,0.0,0.0,133.9,0.0,0.2,0.2,-1.3,-169.70000000000002,0.0,0.0,169.8,0.0,21.8,29.1,29.1,30.1,300.0,300.0,31.6,35.7,29.0,28.200000000000003,30.1,4.96,2.0,4.97,0.16,0.0,0.0,1027.0,8228.0,0.0,0.0,0.0,0.0,0.0,1.0,0.0,0.0,0.0,0.0,0.0,-0.7000000000000001,0.0,1.1,0.0,0.0,16.0,25903.0
2026-07-30T19:02:07.509Z,296.992,297.00600000000003,0.0,7.4,0.0,0.0,0.0,0.0,0.0,0.0,0.0,0.0,1.0,0.0,0.0,0.0,9.0,4.0,0.0,0.0,0.0,0.0,0.0,0.0,0.0,0.0,4.0,12.0,1.0,12.13,5.01,2.51,1.49,0.0,0.0,0.0,134.1,0.0,0.2,-0.9,-0.1,-169.70000000000002,0.0,0.0,169.70000000000002,0.0,21.8,29.1,29.1,30.1,300.0,300.0,31.6,35.7,29.0,28.200000000000003,30.1,4.96,2.0,4.97,0.16,0.0,0.0,1027.0,8228.0,0.0,0.0,0.0,0.0,0.0,1.0,0.0,0.0,0.0,0.0,0.0,-1.2000000000000002,0.0,0.0,0.0,0.0,16.0,25903.0
2026-07-30T19:02:07.520Z,297.003,297.01800000000003,0.0,7.4,0.0,0.0,0.0,0.0,0.0,0.0,0.0,0.0,1.0,0.0,0.0,0.0,9.0,4.0,0.0,0.0,0.0,0.0,0.0,0.0,0.0,0.0,6.0,12.0,1.0,12.17,5.0200000000000005,2.5,1.49,0.0,0.0,0.0,134.3,0.0,-0.3,0.2,-0.7000000000000001,-169.70000000000002,0.0,0.0,169.70000000000002,0.0,21.700000000000003,29.1,29.1,30.1,300.0,300.0,31.5,35.800000000000004,29.0,28.200000000000003,30.1,4.96,1.99,4.96,0.16,0.0,0.0,1027.0,8228.0,0.0,0.0,0.0,0.0,0.0,1.0,0.0,0.0,0.0,0.0,0.0,-0.3,0.0,0.7000000000000001,0.0,0.0,16.0,25903.0
2026-07-30T19:02:07.532Z,297.015,297.03000000000003,0.0,7.4,0.0,0.0,0.0,0.0,0.0,0.0,0.0,0.0,1.0,0.0,0.0,0.0,9.0,4.0,0.0,0.0,0.0,0.0,0.0,0.0,0.0,0.0,1.0,12.0,1.0,12.17,5.0200000000000005,2.5,1.49,0.0,0.0,0.0,134.5,0.0,0.2,1.4,-0.1,-169.70000000000002,0.0,0.0,169.8,0.0,21.700000000000003,29.1,29.1,30.1,300.0,300.0,31.5,35.800000000000004,29.0,28.200000000000003,30.1,4.95,1.99,4.96,0.16,0.0,0.0,1027.0,8228.0,0.0,0.0,0.0,0.0,0.0,1.0,0.0,0.0,0.0,0.0,0.0,1.4,0.0,0.4,0.0,0.0001,16.0,25903.0
2026-07-30T19:02:07.544Z,297.027,297.04200000000003,0.0,7.4,0.0,0.0,0.0,0.0,0.0,0.0,0.0,0.0,1.0,0.0,0.0,0.0,9.0,4.0,0.0,0.0,0.0,0.0,0.0,0.0,0.0,0.0,2.0,12.0,1.0,12.17,5.0200000000000005,2.5,1.49,0.0,0.0,0.0,134.70000000000002,0.0,0.2,-0.3,0.9,-169.70000000000002,0.0,0.0,169.70000000000002,0.0,21.700000000000003,29.1,29.1,30.1,300.0,300.0,31.5,35.800000000000004,29.0,28.200000000000003,30.1,4.95,1.99,4.97,0.16,0.0,0.0,1027.0,8228.0,0.0,0.0,0.0,0.0,0.0,1.0,0.0,0.0,0.0,0.0,0.0,0.2,0.0,-0.9,0.0,0.0,16.0,25903.0
2026-07-30T19:02:07.556Z,297.039,297.05400000000003,0.0,7.4,0.0,0.0,0.0,0.0,0.0,0.0,0.0,0.0,1.0,0.0,0.0,0.0,9.0,4.0,0.0,0.0,0.0,0.0,0.0,0.0,0.0,0.0,3.0,12.0,1.0,12.17,5.0200000000000005,2.5,1.49,0.0,0.0,0.0,134.8,0.0,0.8,0.1,-0.8,-169.70000000000002,0.0,0.0,169.8,0.0,21.700000000000003,29.1,29.1,30.1,300.0,300.0,31.5,35.800000000000004,29.0,28.200000000000003,30.1,4.96,1.99,4.97,0.16,0.0,0.0,1027.0,8228.0,0.0,0.0,0.0,0.0,0.0,1.0,0.0,0.0,0.0,0.0,0.0,-0.4,0.0,0.7000000000000001,0.0,0.0,16.0,25903.0
2026-07-30T19:02:07.568Z,297.051,297.06600000000003,0.0,7.4,0.0,0.0,0.0,0.0,0.0,0.0,0.0,0.0,1.0,0.0,0.0,0.0,9.0,4.0,0.0,0.0,0.0,0.0,0.0,0.0,0.0,0.0,4.0,12.0,1.0,12.17,5.0200000000000005,2.5,1.49,0.0,0.1,0.0,135.0,0.0,0.2,0.2,-0.2,-169.70000000000002,0.0,0.0,169.8,0.0,21.700000000000003,29.1,29.1,30.1,300.0,300.0,31.5,35.800000000000004,29.0,28.200000000000003,30.1,4.96,1.99,4.96,0.16,0.0,0.0,1027.0,8228.0,0.0,0.0,0.0,0.0,0.0,1.0,0.0,0.0,0.0,0.0,0.0,0.0,0.0,0.2,0.0,0.0,16.0,25903.0
2026-07-30T19:02:07.580Z,297.063,297.07800000000003,0.0,7.4,0.0,0.0,0.0,0.0,0.0,0.0,0.0,0.0,1.0,0.0,0.0,0.0,9.0,4.0,0.0,0.0,0.0,0.0,0.0,0.0,0.0,0.0,5.0,12.0,1.0,12.17,5.0200000000000005,2.5,1.49,-0.1,0.1,0.0,135.0,0.0,0.2,1.3,-0.2,-169.70000000000002,0.0,0.0,169.8,0.0,21.700000000000003,29.1,29.1,30.1,300.0,300.0,31.5,35.800000000000004,29.0,28.200000000000003,30.1,4.96,1.99,4.96,0.16,0.0,0.0,1027.0,8228.0,0.0,0.0,0.0,0.0,0.0,1.0,0.0,0.0,0.0,0.0,0.0,1.3,0.0,0.4,0.0,0.0,16.0,25903.0
2026-07-30T19:02:07.592Z,297.075,297.09000000000003,0.0,7.4,0.0,0.0,0.0,0.0,0.0,0.0,0.0,0.0,1.0,0.0,0.0,0.0,9.0,4.0,0.0,0.0,0.0,0.0,0.0,0.0,0.0,0.0,6.0,12.0,1.0,12.17,5.0200000000000005,2.5,1.49,0.0,0.0,0.0,135.0,0.0,-0.3,0.1,0.3,-169.70000000000002,0.0,0.0,169.8,0.0,21.700000000000003,29.1,29.1,30.1,300.0,300.0,31.5,35.800000000000004,29.0,28.200000000000003,30.1,4.96,1.99,4.97,0.16,0.0,0.0,1027.0,8228.0,0.0,0.0,0.0,0.0,0.0,1.0,0.0,0.0,0.0,0.0,0.0,0.4,0.0,-0.2,0.0,0.0,16.0,25903.0
2026-07-30T19:02:07.604Z,297.087,297.10200000000003,0.0,7.4,0.0,0.0,0.0,0.0,0.0,0.0,0.0,0.0,1.0,0.0,0.0,0.0,9.0,4.0,0.0,0.0,0.0,0.0,0.0,0.0,0.0,0.0,1.0,12.0,1.0,12.17,5.0200000000000005,2.5,1.49,0.0,0.0,0.0,134.8,0.0,-0.2,-0.4,0.3,-169.70000000000002,0.0,0.0,169.8,0.0,21.700000000000003,29.1,29.1,30.1,300.0,300.0,31.5,35.800000000000004,29.0,28.200000000000003,30.1,4.95,2.0,4.96,0.16,0.0,0.0,1027.0,8228.0,0.0,0.0,0.0,0.0,0.0,1.0,0.0,0.0,0.0,0.0,0.0,-0.1,0.0,-0.4,0.0,0.0,16.0,25903.0
2026-07-30T19:02:07.618Z,297.101,297.11400000000003,0.0,7.4,0.0,0.0,0.0,0.0,0.0,0.0,0.0,0.0,1.0,0.0,0.0,0.0,9.0,4.0,0.0,0.0,0.0,0.0,0.0,0.0,0.0,0.0,2.0,12.0,1.0,12.14,5.0200000000000005,2.5,1.49,0.0,0.0,0.0,134.8,0.0,0.8,0.1,0.3,-169.70000000000002,0.0,0.0,169.8,0.0,21.700000000000003,29.1,29.1,30.1,300.0,300.0,31.5,35.800000000000004,29.0,28.200000000000003,30.1,4.95,1.99,4.97,0.16,0.0,0.0,1027.0,8228.0,0.0,0.0,0.0,0.0,0.0,1.0,0.0,0.0,0.0,0.0,0.0,0.4,0.0,-0.2,0.0,0.0,16.0,25903.0
2026-07-30T19:02:07.628Z,297.111,297.12600000000003,0.0,7.4,0.0,0.0,0.0,0.0,0.0,0.0,0.0,0.0,1.0,0.0,0.0,0.0,9.0,4.0,0.0,0.0,0.0,0.0,0.0,0.0,0.0,0.0,3.0,12.0,1.0,12.14,5.0200000000000005,2.5,1.49,0.0,0.0,0.0,134.6,0.0,-0.2,-0.4,-0.8,-169.70000000000002,0.0,0.0,169.8,0.0,21.700000000000003,29.1,29.1,30.1,300.0,300.0,31.5,35.800000000000004,29.0,28.200000000000003,30.1,4.95,2.0,4.97,0.16,0.0,0.0,1027.0,8228.0,0.0,0.0,0.0,0.0,0.0,1.0,0.0,0.0,0.0,0.0,0.0,-1.0,0.0,0.6000000000000001,0.0,0.0,16.0,25903.0
2026-07-30T19:02:07.640Z,297.123,297.13800000000003,0.0,7.4,0.0,0.0,0.0,0.0,0.0,0.0,0.0,0.0,1.0,0.0,0.0,0.0,9.0,4.0,0.0,0.0,0.0,0.0,0.0,0.0,0.0,0.0,4.0,12.0,1.0,12.14,5.0200000000000005,2.5,1.49,0.0,0.0,0.0,134.5,0.0,-0.2,0.7000000000000001,-1.9,-169.70000000000002,0.0,0.0,169.8,0.0,21.700000000000003,29.1,29.1,30.1,300.0,300.0,31.5,35.800000000000004,29.0,28.200000000000003,30.1,4.95,2.0,4.96,0.16,0.0,0.0,1027.0,8228.0,0.0,0.0,0.0,0.0,0.0,1.0,0.0,0.0,0.0,0.0,0.0,-0.6000000000000001,0.0,1.9,0.0,0.0,16.0,25903.0
2026-07-30T19:02:07.652Z,297.135,297.15000000000003,0.0,7.4,0.0,0.0,0.0,0.0,0.0,0.0,0.0,0.0,1.0,0.0,0.0,0.0,9.0,4.0,0.0,0.0,0.0,0.0,0.0,0.0,0.0,0.0,5.0,12.0,1.0,12.14,5.0200000000000005,2.5,1.49,0.0,0.0,0.0,134.4,0.0,-0.2,0.1,1.5,-169.70000000000002,0.0,0.0,169.8,0.0,21.700000000000003,29.1,29.1,30.1,300.0,300.0,31.5,35.800000000000004,29.0,28.200000000000003,30.1,4.95,1.99,4.96,0.16,0.0,0.0,1027.0,8228.0,0.0,0.0,0.0,0.0,0.0,1.0,0.0,0.0,0.0,0.0,0.0,1.3,0.0,-1.3,0.0,0.0,16.0,25903.0
2026-07-30T19:02:07.665Z,297.148,297.16200000000003,0.0,7.4,0.0,0.0,0.0,0.0,0.0,0.0,0.0,0.0,1.0,0.0,0.0,0.0,9.0,4.0,0.0,0.0,0.0,0.0,0.0,0.0,0.0,0.0,6.0,12.0,1.0,12.14,5.0200000000000005,2.5,1.49,0.0,0.0,0.0,134.3,0.0,-0.2,1.3,1.5,-169.70000000000002,0.0,0.0,169.8,0.0,21.700000000000003,29.1,29.1,30.1,300.0,300.0,31.5,35.800000000000004,29.0,28.200000000000003,30.1,4.95,1.99,4.97,0.16,0.0,0.0,1027.0,8228.0,0.0,0.0,0.0,0.0,0.0,1.0,0.0,0.0,0.0,0.0,0.0,2.6,0.0,-1.0,0.0,0.0,16.0,25903.0
2026-07-30T19:02:07.677Z,297.16,297.174,0.0,7.4,0.0,0.0,0.0,0.0,0.0,0.0,0.0,0.0,1.0,0.0,0.0,0.0,9.0,4.0,0.0,0.0,0.0,0.0,0.0,0.0,0.0,0.0,1.0,12.0,1.0,12.14,5.0200000000000005,2.5,1.49,0.0,0.0,0.0,134.20000000000002,0.0,0.9,0.7000000000000001,-0.2,-169.70000000000002,0.0,0.0,169.8,0.0,21.700000000000003,29.1,29.1,30.1,300.0,300.0,31.5,35.800000000000004,29.0,28.200000000000003,30.1,4.96,2.0,4.97,0.16,0.0,0.0,1027.0,8228.0,0.0,0.0,0.0,0.0,0.0,1.0,0.0,0.0,0.0,0.0,0.0,0.6000000000000001,0.0,0.3,0.0,0.0,16.0,25903.0
2026-07-30T19:02:07.688Z,297.171,297.186,0.0,7.4,0.0,0.0,0.0,0.0,0.0,0.0,0.0,0.0,1.0,0.0,0.0,0.0,9.0,4.0,0.0,0.0,0.0,0.0,0.0,0.0,0.0,0.0,2.0,12.0,1.0,12.14,5.0200000000000005,2.5,1.49,0.0,0.0,0.0,134.1,0.0,0.3,-0.9,-0.2,-169.70000000000002,0.0,0.0,169.8,0.0,21.700000000000003,29.1,29.1,30.1,300.0,300.0,31.5,35.800000000000004,29.0,28.200000000000003,30.1,4.96,2.0,4.96,0.16,0.0,0.0,1027.0,8228.0,0.0,0.0,0.0,0.0,0.0,1.0,0.0,0.0,0.0,0.0,0.0,-1.2000000000000002,0.0,0.0,0.0,0.0,16.0,25903.0
2026-07-30T19:02:07.700Z,297.183,297.198,0.0,7.4,0.0,0.0,0.0,0.0,0.0,0.0,0.0,0.0,1.0,0.0,0.0,0.0,9.0,4.0,0.0,0.0,0.0,0.0,0.0,0.0,0.0,0.0,4.0,12.0,1.0,12.14,5.0200000000000005,2.5,1.49,0.0,0.1,0.0,134.1,0.0,-0.7000000000000001,0.1,0.3,-169.70000000000002,0.0,0.0,169.70000000000002,0.0,21.700000000000003,29.1,29.1,30.1,300.0,300.0,31.5,35.800000000000004,29.0,28.200000000000003,30.1,4.95,1.99,4.97,0.16,0.0,0.0,1027.0,8228.0,0.0,0.0,0.0,0.0,0.0,1.0,0.0,0.0,0.0,0.0,0.0,0.4,0.0,-0.2,0.0,0.0001,16.0,25903.0
2026-07-30T19:02:07.712Z,297.195,297.21,0.0,7.4,0.0,0.0,0.0,0.0,0.0,0.0,0.0,0.0,1.0,0.0,0.0,0.0,9.0,4.0,0.0,0.0,0.0,0.0,0.0,0.0,0.0,0.0,5.0,12.0,1.0,12.14,5.0200000000000005,2.5,1.49,0.0,0.1,0.0,133.9,0.0,-0.1,0.7000000000000001,-0.8,-169.70000000000002,0.0,0.0,169.8,0.0,21.700000000000003,29.1,29.1,30.1,300.0,300.0,31.5,35.800000000000004,29.0,28.200000000000003,30.1,4.95,1.99,4.96,0.16,0.0,0.0,1027.0,8228.0,0.0,0.0,0.0,0.0,0.0,1.0,0.0,0.0,0.0,0.0,0.0,0.2,0.0,0.8,0.0,0.0,16.0,25903.0
2026-07-30T19:02:07.724Z,297.207,297.222,0.0,7.4,0.0,0.0,0.0,0.0,0.0,0.0,0.0,0.0,1.0,0.0,0.0,0.0,9.0,4.0,0.0,0.0,0.0,0.0,0.0,0.0,0.0,0.0,6.0,12.0,1.0,12.18,5.01,2.51,1.49,0.0,0.0,0.0,133.8,0.0,0.9,1.9,-0.2,-169.70000000000002,0.0,0.0,169.8,0.0,20.9,29.1,29.1,30.1,300.0,300.0,31.5,35.800000000000004,29.0,28.200000000000003,30.1,4.96,1.99,4.96,0.16,0.0,0.0,1027.0,8228.0,0.0,0.0,0.0,0.0,0.0,1.0,0.0,0.0,0.0,0.0,0.0,2.0,0.0,0.5,0.0,0.0,16.0,25903.0
2026-07-30T19:02:07.736Z,297.219,297.234,0.0,7.4,0.0,0.0,0.0,0.0,0.0,0.0,0.0,0.0,1.0,0.0,0.0,0.0,9.0,4.0,0.0,0.0,0.0,0.0,0.0,0.0,0.0,0.0,1.0,12.0,1.0,12.18,5.01,2.51,1.49,0.0,0.0,0.0,133.6,0.0,-0.1,-0.4,-1.4,-169.70000000000002,0.0,0.0,169.70000000000002,0.0,20.9,29.1,29.1,30.1,300.0,300.0,31.5,35.800000000000004,29.0,28.200000000000003,30.1,4.95,1.99,4.96,0.16,0.0,0.0,1027.0,8228.0,0.0,0.0,0.0,0.0,0.0,1.0,0.0,0.0,0.0,0.0,0.0,-1.5,0.0,1.1,0.0,0.0,16.0,25903.0
2026-07-30T19:02:07.748Z,297.231,297.246,0.0,7.4,0.0,0.0,0.0,0.0,0.0,0.0,0.0,0.0,1.0,0.0,0.0,0.0,9.0,4.0,0.0,0.0,0.0,0.0,0.0,0.0,0.0,0.0,2.0,12.0,1.0,12.18,5.01,2.51,1.49,0.0,0.0,0.0,133.6,0.0,1.0,-1.0,-0.2,-169.70000000000002,0.0,0.0,169.8,0.0,20.9,29.1,29.1,30.1,300.0,300.0,31.5,35.800000000000004,29.0,28.200000000000003,30.1,4.96,1.99,4.97,0.16,0.0,0.0,1027.0,8228.0,0.0,0.0,0.0,0.0,0.0,1.0,0.0,0.0,0.0,0.0,0.0,-1.2000000000000002,0.0,0.0,0.0,0.0,16.0,25903.0
2026-07-30T19:02:07.760Z,297.243,297.258,0.0,7.4,0.0,0.0,0.0,0.0,0.0,0.0,0.0,0.0,1.0,0.0,0.0,0.0,9.0,4.0,0.0,0.0,0.0,0.0,0.0,0.0,0.0,0.0,3.0,12.0,1.0,12.18,5.01,2.51,1.49,0.0,0.0,0.0,133.5,0.0,0.4,1.3,0.9,-169.70000000000002,0.0,0.0,169.8,0.0,20.9,29.1,29.1,30.1,300.0,300.0,31.5,35.800000000000004,29.0,28.200000000000003,30.1,4.96,1.99,4.96,0.16,0.0,0.0,1027.0,8228.0,0.0,0.0,0.0,0.0,0.0,1.0,0.0,0.0,0.0,0.0,0.0,2.2,0.0,-0.6000000000000001,0.0,0.0,16.0,25903.0
2026-07-30T19:02:07.772Z,297.255,297.27,0.0,7.4,0.0,0.0,0.0,0.0,0.0,0.0,0.0,0.0,1.0,0.0,0.0,0.0,9.0,4.0,0.0,0.0,0.0,0.0,0.0,0.0,0.0,0.0,4.0,12.0,1.0,12.18,5.01,2.51,1.49,0.0,0.0,0.0,133.4,0.0,0.4,0.1,-0.2,-169.70000000000002,0.0,0.0,169.8,0.0,20.9,29.1,29.1,30.1,300.0,300.0,31.5,35.800000000000004,29.0,28.200000000000003,30.1,4.96,1.99,4.96,0.16,0.0,0.0,1027.0,8228.0,0.0,0.0,0.0,0.0,0.0,1.0,0.0,0.0,0.0,0.0,0.0,0.0,0.0,0.2,0.0,0.0,16.0,25903.0
2026-07-30T19:02:07.784Z,297.267,297.282,0.0,7.4,0.0,0.0,0.0,0.0,0.0,0.0,0.0,0.0,1.0,0.0,0.0,0.0,9.0,4.0,0.0,0.0,0.0,0.0,0.0,0.0,0.0,0.0,5.0,12.0,1.0,12.18,5.01,2.51,1.49,0.0,0.0,0.0,133.3,0.0,-0.7000000000000001,-0.9,1.5,-169.70000000000002,0.0,0.0,169.70000000000002,0.0,20.9,29.1,29.1,30.1,300.0,300.0,31.5,35.800000000000004,29.0,28.200000000000003,30.1,4.95,1.99,4.97,0.16,0.0,0.0,1027.0,8228.0,0.0,0.0,0.0,0.0,0.0,1.0,0.0,0.0,0.0,0.0,0.0,0.0,0.0,-1.5,0.0,0.0,16.0,25903.0
2026-07-30T19:02:07.796Z,297.279,297.294,0.0,7.4,0.0,0.0,0.0,0.0,0.0,0.0,0.0,0.0,1.0,0.0,0.0,0.0,9.0,4.0,0.0,0.0,0.0,0.0,0.0,0.0,0.0,0.0,6.0,12.0,1.0,12.18,5.01,2.51,1.49,0.0,0.0,0.0,133.1,0.0,-0.1,-0.9,-0.8,-169.70000000000002,0.0,0.0,169.8,0.0,20.9,29.1,29.1,30.1,300.0,300.0,31.5,35.800000000000004,29.0,28.200000000000003,30.1,4.96,1.99,4.96,0.16,0.0,0.0,1027.0,8228.0,0.0,0.0,0.0,0.0,0.0,1.0,0.0,0.0,0.0,0.0,0.0,-1.7000000000000002,0.0,0.5,0.0,0.0001,16.0,25903.0
2026-07-30T19:02:07.808Z,297.291,297.306,0.0,7.4,0.0,0.0,0.0,0.0,0.0,0.0,0.0,0.0,1.0,0.0,0.0,0.0,9.0,4.0,0.0,0.0,0.0,0.0,0.0,0.0,0.0,0.0,1.0,12.0,1.0,12.18,5.01,2.51,1.49,0.0,0.1,0.0,133.0,0.0,-1.3,0.7000000000000001,-0.8,-169.70000000000002,0.0,0.0,169.70000000000002,0.0,20.9,29.1,29.1,30.1,300.0,300.0,31.5,35.800000000000004,29.0,28.200000000000003,30.1,4.96,2.0,4.96,0.16,0.0,0.0,1027.0,8228.0,0.0,0.0,0.0,0.0,0.0,1.0,0.0,0.0,0.0,0.0,0.0,0.2,0.0,0.8,0.0,0.0,16.0,25903.0
2026-07-30T19:02:07.821Z,297.304,297.318,0.0,7.4,0.0,0.0,0.0,0.0,0.0,0.0,0.0,0.0,1.0,0.0,0.0,0.0,9.0,4.0,0.0,0.0,0.0,0.0,0.0,0.0,0.0,0.0,1.0,12.0,1.0,12.17,5.03,2.51,1.49,0.0,0.0,0.0,132.9,0.0,0.3,0.1,1.4,-169.70000000000002,0.0,0.0,169.70000000000002,0.0,21.3,29.1,29.1,30.1,300.0,300.0,31.5,35.800000000000004,29.0,28.200000000000003,30.1,4.96,1.99,4.96,0.16,0.0,0.0,1027.0,8228.0,0.0,0.0,0.0,0.0,0.0,1.0,0.0,0.0,0.0,0.0,0.0,0.6000000000000001,0.0,0.4,0.0,0.0,16.0,25903.0
2026-07-30T19:02:07.833Z,297.316,297.33,0.0,7.4,0.0,0.0,0.0,0.0,0.0,0.0,0.0,0.0,1.0,0.0,0.0,0.0,9.0,4.0,0.0,0.0,0.0,0.0,0.0,0.0,0.0,0.0,2.0,12.0,1.0,12.17,5.03,2.51,1.49,0.0,0.0,0.0,132.8,0.0,-0.2,-0.4,-0.2,-169.70000000000002,0.0,0.0,169.70000000000002,0.0,21.3,29.1,29.1,30.1,300.0,300.0,31.5,35.800000000000004,29.0,28.200000000000003,30.1,4.96,1.99,4.97,0.16,0.0,0.0,1027.0,8228.0,0.0,0.0,0.0,0.0,0.0,1.0,0.0,0.0,0.0,0.0,0.0,-0.2,0.0,-0.4,0.0,0.0,16.0,25903.0
2026-07-30T19:02:07.844Z,297.327,297.342,0.0,7.4,0.0,0.0,0.0,0.0,0.0,0.0,0.0,0.0,1.0,0.0,0.0,0.0,9.0,4.0,0.0,0.0,0.0,0.0,0.0,0.0,0.0,0.0,4.0,12.0,1.0,12.17,5.03,2.51,1.49,0.0,0.0,0.0,132.70000000000002,0.0,0.3,0.1,0.3,-169.70000000000002,0.0,0.0,169.60000000000002,0.0,21.3,29.1,29.1,30.1,300.0,300.0,31.5,35.800000000000004,29.0,28.200000000000003,30.1,4.96,1.99,4.96,0.16,0.0,0.0,1027.0,8228.0,0.0,0.0,0.0,0.0,0.0,1.0,0.0,0.0,0.0,0.0,0.0,-1.3,0.0,0.0,0.0,0.0,16.0,25903.0
2026-07-30T19:02:07.856Z,297.339,297.354,0.0,7.4,0.0,0.0,0.0,0.0,0.0,0.0,0.0,0.0,1.0,0.0,0.0,0.0,9.0,4.0,0.0,0.0,0.0,0.0,0.0,0.0,0.0,0.0,5.0,12.0,1.0,12.17,5.03,2.51,1.49,0.0,0.0,0.0,132.6,0.0,0.2,1.2000000000000002,1.5,-169.70000000000002,0.0,0.0,169.60000000000002,0.0,21.3,29.1,29.1,30.1,300.0,300.0,31.5,35.800000000000004,29.0,28.200000000000003,30.1,4.96,1.99,4.97,0.16,0.0,0.0,1027.0,8228.0,0.0,0.0,0.0,0.0,0.0,1.0,0.0,0.0,0.0,0.0,0.0,2.5,0.0,-1.0,0.0,0.0,16.0,25903.0
2026-07-30T19:02:07.868Z,297.351,297.366,0.0,7.4,0.0,0.0,0.0,0.0,0.0,0.0,0.0,0.0,1.0,0.0,0.0,0.0,9.0,4.0,0.0,0.0,0.0,0.0,0.0,0.0,0.0,0.0,6.0,12.0,1.0,12.17,5.03,2.51,1.49,0.0,0.0,0.0,132.5,0.0,0.2,-0.4,-0.1,-169.70000000000002,0.0,0.0,169.60000000000002,0.0,21.3,29.1,29.1,30.1,300.0,300.0,31.5,35.800000000000004,29.0,28.200000000000003,30.1,4.95,1.99,4.97,0.16,0.0,0.0,1027.0,8228.0,0.0,0.0,0.0,0.0,0.0,1.0,0.0,0.0,0.0,0.0,0.0,-0.6000000000000001,0.0,0.0,0.0,0.0,16.0,25903.0
2026-07-30T19:02:07.881Z,297.364,297.378,0.0,7.4,0.0,0.0,0.0,0.0,0.0,0.0,0.0,0.0,1.0,0.0,0.0,0.0,9.0,4.0,0.0,0.0,0.0,0.0,0.0,0.0,0.0,0.0,1.0,12.0,1.0,12.17,5.03,2.51,1.49,0.0,0.0,0.0,132.4,0.0,-0.2,-0.4,0.4,-169.70000000000002,0.0,0.0,169.70000000000002,0.0,21.3,29.1,29.1,30.1,300.0,300.0,31.5,35.800000000000004,29.0,28.200000000000003,30.1,4.96,1.99,4.96,0.16,0.0,0.0,1027.0,8228.0,0.0,0.0,0.0,0.0,0.0,1.0,0.0,0.0,0.0,0.0,0.0,-0.1,0.0,-0.4,0.0,0.0,16.0,25903.0
2026-07-30T19:02:07.892Z,297.375,297.39,0.0,7.4,0.0,0.0,0.0,0.0,0.0,0.0,0.0,0.0,1.0,0.0,0.0,0.0,9.0,4.0,0.0,0.0,0.0,0.0,0.0,0.0,0.0,0.0,2.0,12.0,1.0,12.17,5.03,2.51,1.49,0.0,0.0,0.0,132.3,0.0,0.3,-0.4,0.4,-169.70000000000002,0.0,0.0,169.70000000000002,0.0,21.3,29.1,29.1,30.1,300.0,300.0,31.5,35.800000000000004,29.0,28.200000000000003,30.1,4.95,2.0,4.96,0.16,0.0,0.0,1027.0,8228.0,0.0,0.0,0.0,0.0,0.0,1.0,0.0,0.0,0.0,0.0,0.0,-0.2,0.0,-0.4,0.0,0.0,16.0,25903.0
2026-07-30T19:02:07.904Z,297.387,297.402,0.0,7.4,0.0,0.0,0.0,0.0,0.0,0.0,0.0,0.0,1.0,0.0,0.0,0.0,9.0,4.0,0.0,0.0,0.0,0.0,0.0,0.0,0.0,0.0,4.0,12.0,1.0,12.17,5.03,2.51,1.49,0.0,0.0,0.0,132.20000000000002,0.0,0.9,1.3,0.4,-169.70000000000002,0.0,0.0,169.70000000000002,0.0,21.3,29.1,29.1,30.1,300.0,300.0,31.5,35.800000000000004,29.0,28.200000000000003,30.1,4.95,1.99,4.97,0.16,0.0,0.0,1027.0,8228.0,0.0,0.0,0.0,0.0,0.0,1.0,0.0,0.0,0.0,0.0,0.0,1.8,0.0,-0.1,0.0,0.0,16.0,25903.0
2026-07-30T19:02:07.916Z,297.399,297.414,0.0,7.4,0.0,0.0,0.0,0.0,0.0,0.0,0.0,0.0,1.0,0.0,0.0,0.0,9.0,4.0,0.0,0.0,0.0,0.0,0.0,0.0,0.0,0.0,6.0,12.0,1.0,12.17,5.03,2.51,1.49,0.0,0.0,0.0,132.1,0.0,-0.2,0.1,0.4,-169.70000000000002,0.0,0.0,169.8,0.0,21.3,29.1,29.1,30.1,300.0,300.0,31.5,35.800000000000004,29.0,28.200000000000003,30.1,4.95,2.0,4.97,0.16,0.0,0.0,1027.0,8228.0,0.0,0.0,0.0,0.0,0.0,1.0,0.0,0.0,0.0,0.0,0.0,0.5,0.0,-0.3,0.0,0.0,16.0,25903.0
2026-07-30T19:02:07.928Z,297.411,297.426,0.0,7.4,0.0,0.0,0.0,0.0,0.0,0.0,0.0,0.0,1.0,0.0,0.0,0.0,9.0,4.0,0.0,0.0,0.0,0.0,0.0,0.0,0.0,0.0,1.0,12.0,1.0,12.17,5.01,2.51,1.49,0.0,0.1,0.0,132.0,0.0,0.3,0.1,-0.1,-169.70000000000002,0.0,0.0,169.70000000000002,0.0,21.8,29.1,29.1,30.1,300.0,300.0,31.5,35.7,29.0,28.200000000000003,30.1,4.96,2.0,4.96,0.16,0.0,0.0,1027.0,8228.0,0.0,0.0,0.0,0.0,0.0,1.0,0.0,0.0,0.0,0.0,0.0,0.0,0.0,0.1,0.0,0.0,16.0,25903.0
2026-07-30T19:02:07.940Z,297.423,297.438,0.0,7.4,0.0,0.0,0.0,0.0,0.0,0.0,0.0,0.0,1.0,0.0,0.0,0.0,9.0,4.0,0.0,0.0,0.0,0.0,0.0,0.0,0.0,0.0,3.0,12.0,1.0,12.17,5.01,2.51,1.49,0.0,0.0,0.0,131.8,0.0,0.3,-1.6,-0.7000000000000001,-169.70000000000002,0.0,0.0,169.8,0.0,21.8,29.1,29.1,30.1,300.0,300.0,31.5,35.7,29.0,28.200000000000003,30.1,4.95,1.99,4.96,0.16,0.0,0.0,1027.0,8228.0,0.0,0.0,0.0,0.0,0.0,1.0,0.0,0.0,0.0,0.0,0.0,-2.3000000000000003,0.0,0.3,0.0,0.0,16.0,25903.0
2026-07-30T19:02:07.952Z,297.435,297.45,0.0,7.4,0.0,0.0,0.0,0.0,0.0,0.0,0.0,0.0,1.0,0.0,0.0,0.0,9.0,4.0,0.0,0.0,0.0,0.0,0.0,0.0,0.0,0.0,5.0,12.0,1.0,12.17,5.01,2.51,1.49,0.0,0.0,0.0,131.8,0.0,0.3,1.3,-0.1,-169.70000000000002,0.0,0.0,169.8,0.0,21.8,29.1,29.1,30.1,300.0,300.0,31.5,35.7,29.0,28.200000000000003,30.1,4.95,2.0,4.96,0.16,0.0,0.0,1027.0,8228.0,0.0,0.0,0.0,0.0,0.0,1.0,0.0,0.0,0.0,0.0,0.0,1.3,0.0,0.4,0.0,0.0001,16.0,25903.0
2026-07-30T19:02:07.964Z,297.447,297.462,0.0,7.4,0.0,0.0,0.0,0.0,0.0,0.0,0.0,0.0,1.0,0.0,0.0,0.0,9.0,4.0,0.0,0.0,0.0,0.0,0.0,0.0,0.0,0.0,6.0,12.0,1.0,12.17,5.01,2.51,1.49,0.0,0.0,0.0,131.6,0.0,0.9,1.3,-0.1,-169.70000000000002,0.0,0.0,169.70000000000002,0.0,21.8,29.1,29.1,30.1,300.0,300.0,31.5,35.7,29.0,28.200000000000003,30.1,4.96,2.0,4.96,0.16,0.0,0.0,1027.0,8228.0,0.0,0.0,0.0,0.0,0.0,1.0,0.0,0.0,0.0,0.0,0.0,1.4,0.0,0.3,0.0,0.0,16.0,25903.0
2026-07-30T19:02:07.976Z,297.459,297.474,0.0,7.4,0.0,0.0,0.0,0.0,0.0,0.0,0.0,0.0,1.0,0.0,0.0,0.0,9.0,4.0,0.0,0.0,0.0,0.0,0.0,0.0,0.0,0.0,2.0,12.0,1.0,12.17,5.01,2.51,1.49,0.0,0.1,0.0,131.5,0.0,-0.2,0.1,1.0,-169.70000000000002,0.0,0.0,169.70000000000002,0.0,21.8,29.1,29.1,30.1,300.0,300.0,31.5,35.7,29.0,28.200000000000003,30.1,4.95,2.0,4.95,0.16,0.0,0.0,1027.0,8228.0,0.0,0.0,0.0,0.0,0.0,1.0,0.0,0.0,0.0,0.0,0.0,0.9,0.0,-0.8,0.0,0.0,16.0,25903.0
2026-07-30T19:02:07.988Z,297.471,297.486,0.0,7.4,0.0,0.0,0.0,0.0,0.0,0.0,0.0,0.0,1.0,0.0,0.0,0.0,9.0,4.0,0.0,0.0,0.0,0.0,0.0,0.0,0.0,0.0,4.0,12.0,1.0,12.17,5.01,2.51,1.49,0.0,0.1,0.0,131.4,0.0,-0.1,0.1,1.0,-169.70000000000002,0.0,0.0,169.70000000000002,0.0,21.8,29.1,29.1,30.1,300.0,300.0,31.5,35.7,29.0,28.200000000000003,30.1,4.96,1.99,4.97,0.16,0.0,0.0,1027.0,8228.0,0.0,0.0,0.0,0.0,0.0,1.0,0.0,0.0,0.0,0.0,0.0,0.9,0.0,-0.8,0.0,0.0,16.0,25903.0
2026-07-30T19:02:08.000Z,297.483,297.498,0.0,7.4,0.0,0.0,0.0,0.0,0.0,0.0,0.0,0.0,1.0,0.0,0.0,0.0,9.0,4.0,0.0,0.0,0.0,0.0,0.0,0.0,0.0,0.0,5.0,12.0,1.0,12.17,5.01,2.51,1.49,0.0,0.0,0.0,131.3,0.0,0.9,1.9,0.4,-169.70000000000002,0.0,0.0,169.70000000000002,0.0,21.8,29.1,29.1,30.1,300.0,300.0,31.5,35.7,29.0,28.200000000000003,30.1,4.96,1.99,4.96,0.16,0.0,0.0,1027.0,8228.0,0.0,0.0,0.0,0.0,0.0,1.0,0.0,0.0,0.0,0.0,0.0,2.5,0.0,0.0,0.0,0.0,16.0,25903.0
2026-07-30T19:02:08.012Z,297.495,297.51,0.0,7.4,0.0,0.0,0.0,0.0,0.0,0.0,0.0,0.0,1.0,0.0,0.0,0.0,9.0,4.0,0.0,0.0,0.0,0.0,0.0,0.0,0.0,0.0,1.0,12.0,1.0,12.17,5.01,2.51,1.49,0.0,0.0,0.0,131.20000000000002,0.0,-0.7000000000000001,-0.9,-1.9,-169.70000000000002,0.0,0.0,169.8,0.0,21.8,29.1,29.1,30.1,300.0,300.0,31.5,35.7,29.0,28.200000000000003,30.1,4.96,1.99,4.96,0.16,0.0,0.0,1027.0,8228.0,0.0,0.0,0.0,0.0,0.0,1.0,0.0,0.0,0.0,0.0,0.0,-2.5,0.0,1.5,0.0,0.0,16.0,25903.0
2026-07-30T19:02:08.025Z,297.508,297.522,0.0,7.4,0.0,0.0,0.0,0.0,0.0,0.0,0.0,0.0,1.0,0.0,0.0,0.0,9.0,4.0,0.0,0.0,0.0,0.0,0.0,0.0,0.0,0.0,2.0,12.0,1.0,12.14,5.01,2.5,1.49,0.0,0.0,0.0,131.1,0.0,0.3,-0.3,-0.1,-169.70000000000002,0.0,0.0,169.8,0.0,21.700000000000003,29.1,29.1,30.1,300.0,300.0,31.5,35.7,29.0,28.200000000000003,30.1,4.95,1.99,4.97,0.16,0.0,0.0,1027.0,8228.0,0.0,0.0,0.0,0.0,0.0,1.0,0.0,0.0,0.0,0.0,0.0,-0.5,0.0,0.0,0.0,0.0001,16.0,25903.0
2026-07-30T19:02:08.037Z,297.52,297.534,0.0,7.4,0.0,0.0,0.0,0.0,0.0,0.0,0.0,0.0,1.0,0.0,0.0,0.0,9.0,4.0,0.0,0.0,0.0,0.0,0.0,0.0,0.0,0.0,4.0,12.0,1.0,12.14,5.01,2.5,1.49,0.0,0.0,0.0,131.3,0.0,-0.2,0.1,0.4,-169.70000000000002,0.0,0.0,169.70000000000002,0.0,21.700000000000003,29.1,29.1,30.1,300.0,300.0,31.5,35.7,29.0,28.200000000000003,30.1,4.96,1.99,4.97,0.16,0.0,0.0,1027.0,8228.0,0.0,0.0,0.0,0.0,0.0,1.0,0.0,0.0,0.0,0.0,0.0,0.5,0.0,-0.3,0.0,0.0,16.0,25903.0
2026-07-30T19:02:08.048Z,297.531,297.546,0.0,7.4,0.0,0.0,0.0,0.0,0.0,0.0,0.0,0.0,1.0,0.0,0.0,0.0,9.0,4.0,0.0,0.0,0.0,0.0,0.0,0.0,0.0,0.0,6.0,12.0,1.0,12.14,5.01,2.5,1.49,0.0,0.0,0.0,131.5,0.0,0.3,0.1,0.0,-169.70000000000002,0.0,0.0,169.70000000000002,0.0,21.700000000000003,29.1,29.1,30.1,300.0,300.0,31.5,35.7,29.0,28.200000000000003,30.1,4.96,1.99,4.97,0.16,0.0,0.0,1027.0,8228.0,0.0,0.0,0.0,0.0,0.0,1.0,0.0,0.0,0.0,0.0,0.0,0.1,0.0,0.1,0.0,0.0,16.0,25903.0
2026-07-30T19:02:08.060Z,297.543,297.558,0.0,7.4,0.0,0.0,0.0,0.0,0.0,0.0,0.0,0.0,1.0,0.0,0.0,0.0,9.0,4.0,0.0,0.0,0.0,0.0,0.0,0.0,0.0,0.0,1.0,12.0,1.0,12.14,5.01,2.5,1.49,0.0,0.1,0.0,131.70000000000002,0.0,-0.7000000000000001,0.1,-0.1,-169.70000000000002,0.0,0.0,169.70000000000002,0.0,21.700000000000003,29.1,29.1,30.1,300.0,300.0,31.5,35.7,29.0,28.200000000000003,30.1,4.95,1.99,4.97,0.16,0.0,0.0,1027.0,8228.0,0.0,0.0,0.0,0.0,0.0,1.0,0.0,0.0,0.0,0.0,0.0,0.1,0.0,0.1,0.0,0.0,16.0,25903.0
2026-07-30T19:02:08.072Z,297.555,297.57,0.0,7.4,0.0,0.0,0.0,0.0,0.0,0.0,0.0,0.0,1.0,0.0,0.0,0.0,9.0,4.0,0.0,0.0,0.0,0.0,0.0,0.0,0.0,0.0,3.0,12.0,1.0,12.14,5.01,2.5,1.49,0.0,0.0,0.0,131.9,0.0,-0.7000000000000001,0.7000000000000001,1.0,-169.70000000000002,0.0,0.0,169.8,0.0,21.700000000000003,29.1,29.1,30.1,300.0,300.0,31.5,35.7,29.0,28.200000000000003,30.1,4.95,1.99,4.97,0.16,0.0,0.0,1027.0,8228.0,0.0,0.0,0.0,0.0,0.0,1.0,0.0,0.0,0.0,0.0,0.0,1.6,0.0,-0.7000000000000001,0.0,0.0,16.0,25903.0
2026-07-30T19:02:08.084Z,297.567,297.582,0.0,7.4,0.0,0.0,0.0,0.0,0.0,0.0,0.0,0.0,1.0,0.0,0.0,0.0,9.0,4.0,0.0,0.0,0.0,0.0,0.0,0.0,0.0,0.0,3.0,12.0,1.0,12.14,5.01,2.5,1.49,0.0,0.0,0.0,132.1,0.0,-0.2,-0.4,0.4,-169.70000000000002,0.0,0.0,169.60000000000002,0.0,21.700000000000003,29.1,29.1,30.1,300.0,300.0,31.5,35.7,29.0,28.200000000000003,30.1,4.96,1.99,4.96,0.16,0.0,0.0,1027.0,8228.0,0.0,0.0,0.0,0.0,0.0,1.0,0.0,0.0,0.0,0.0,0.0,-0.1,0.0,-0.5,0.0,0.0,16.0,25903.0
2026-07-30T19:02:08.096Z,297.579,297.594,0.0,7.4,0.0,0.0,0.0,0.0,0.0,0.0,0.0,0.0,1.0,0.0,0.0,0.0,9.0,4.0,0.0,0.0,0.0,0.0,0.0,0.0,0.0,0.0,5.0,12.0,1.0,12.14,5.01,2.5,1.49,0.0,0.0,0.0,132.20000000000002,0.0,-0.7000000000000001,-0.4,0.0,-169.70000000000002,0.0,0.0,169.60000000000002,0.0,21.700000000000003,29.1,29.1,30.1,300.0,300.0,31.5,35.7,29.0,28.200000000000003,30.1,4.96,1.99,4.97,0.16,0.0,0.0,1027.0,8228.0,0.0,0.0,0.0,0.0,0.0,1.0,0.0,0.0,0.0,0.0,0.0,-0.5,0.0,0.0,0.0,0.0,16.0,25903.0
2026-07-30T19:02:08.108Z,297.591,297.606,0.0,7.4,0.0,0.0,0.0,0.0,0.0,0.0,0.0,0.0,1.0,0.0,0.0,0.0,9.0,4.0,0.0,0.0,0.0,0.0,0.0,0.0,0.0,0.0,6.0,12.0,1.0,12.14,5.01,2.5,1.49,0.0,0.0,0.0,132.5,0.0,-0.1,0.1,-0.6000000000000001,-169.70000000000002,0.0,0.0,169.60000000000002,0.0,21.700000000000003,29.1,29.1,30.1,300.0,300.0,31.5,35.7,29.0,28.200000000000003,30.1,4.95,1.99,4.97,0.16,0.0,0.0,1027.0,8228.0,0.0,0.0,0.0,0.0,0.0,1.0,0.0,0.0,0.0,0.0,0.0,-0.3,0.0,0.6000000000000001,0.0,0.0,16.0,25903.0
2026-07-30T19:02:08.121Z,297.604,297.618,0.0,7.4,0.0,0.0,0.0,0.0,0.0,0.0,0.0,0.0,1.0,0.0,0.0,0.0,9.0,4.0,0.0,0.0,0.0,0.0,0.0,0.0,0.0,0.0,1.0,12.0,1.0,12.14,5.01,2.5,1.49,0.0,0.0,0.0,132.6,0.0,-0.2,-0.9,-1.2000000000000002,-169.70000000000002,0.0,0.0,169.8,0.0,21.700000000000003,29.1,29.1,30.1,300.0,300.0,31.5,35.7,29.0,28.200000000000003,30.1,4.96,1.99,4.96,0.16,0.0,0.0,1027.0,8228.0,0.0,0.0,0.0,0.0,0.0,1.0,0.0,0.0,0.0,0.0,0.0,-2.0,0.0,0.8,0.0,0.0,16.0,25903.0
2026-07-30T19:02:08.132Z,297.615,297.63,0.0,7.4,0.0,0.0,0.0,0.0,0.0,0.0,0.0,0.0,1.0,0.0,0.0,0.0,9.0,4.0,0.0,0.0,0.0,0.0,0.0,0.0,0.0,0.0,2.0,12.0,1.0,12.15,5.0200000000000005,2.5,1.49,-0.1,0.1,0.0,132.8,0.0,-0.7000000000000001,0.7000000000000001,2.2,-169.60000000000002,0.0,0.0,169.60000000000002,0.0,21.8,29.1,29.1,30.1,300.0,300.0,31.6,35.6,29.0,28.200000000000003,30.1,4.95,2.0,4.97,0.16,0.0,0.0,1027.0,8228.0,0.0,0.0,0.0,0.0,0.0,1.0,0.0,0.0,0.0,0.0,0.0,2.5,0.0,-1.8,0.0,0.0,16.0,25903.0
2026-07-30T19:02:08.145Z,297.628,297.642,0.0,7.4,0.0,0.0,0.0,0.0,0.0,0.0,0.0,0.0,1.0,0.0,0.0,0.0,9.0,4.0,0.0,0.0,0.0,0.0,0.0,0.0,0.0,0.0,3.0,12.0,1.0,12.15,5.0200000000000005,2.5,1.49,0.0,0.0,0.0,133.0,0.0,-0.2,0.1,1.0,-169.60000000000002,0.0,0.0,169.60000000000002,0.0,21.8,29.1,29.1,30.1,300.0,300.0,31.6,35.6,29.0,28.200000000000003,30.1,4.95,1.99,4.97,0.16,0.0,0.0,1027.0,8228.0,0.0,0.0,0.0,0.0,0.0,1.0,0.0,0.0,0.0,0.0,0.0,0.9,0.0,-0.8,0.0,0.0,16.0,25903.0
2026-07-30T19:02:08.156Z,297.639,297.654,0.0,7.4,0.0,0.0,0.0,0.0,0.0,0.0,0.0,0.0,1.0,0.0,0.0,0.0,9.0,4.0,0.0,0.0,0.0,0.0,0.0,0.0,0.0,0.0,4.0,12.0,1.0,12.15,5.0200000000000005,2.5,1.49,0.0,0.0,0.0,133.20000000000002,0.0,0.3,0.7000000000000001,-0.7000000000000001,-169.60000000000002,0.0,0.0,169.60000000000002,0.0,21.8,29.1,29.1,30.1,300.0,300.0,31.6,35.6,29.0,28.200000000000003,30.1,4.96,1.99,4.97,0.16,0.0,0.0,1027.0,8228.0,0.0,0.0,0.0,0.0,0.0,1.0,0.0,0.0,0.0,0.0,0.0,0.2,0.0,0.7000000000000001,0.0,0.0,16.0,25903.0
2026-07-30T19:02:08.169Z,297.652,297.666,0.0,7.4,0.0,0.0,0.0,0.0,0.0,0.0,0.0,0.0,1.0,0.0,0.0,0.0,9.0,4.0,0.0,0.0,0.0,0.0,0.0,0.0,0.0,0.0,5.0,12.0,1.0,12.15,5.0200000000000005,2.5,1.49,0.0,0.1,0.0,133.4,0.0,0.9,0.1,-1.3,-169.60000000000002,0.0,0.0,169.70000000000002,0.0,21.8,29.1,29.1,30.1,300.0,300.0,31.6,35.6,29.0,28.200000000000003,30.1,4.96,1.99,4.96,0.16,0.0,0.0,1027.0,8228.0,0.0,0.0,0.0,0.0,0.0,1.0,0.0,0.0,0.0,0.0,0.0,-0.8,0.0,1.2000000000000002,0.0,0.0,16.0,25903.0
2026-07-30T19:02:08.180Z,297.663,297.678,0.0,7.4,0.0,0.0,0.0,0.0,0.0,0.0,0.0,0.0,1.0,0.0,0.0,0.0,9.0,4.0,0.0,0.0,0.0,0.0,0.0,0.0,0.0,0.0,6.0,12.0,1.0,12.15,5.0200000000000005,2.5,1.49,0.0,0.0,0.0,133.6,0.0,0.3,0.6000000000000001,0.3,-169.60000000000002,0.0,0.0,169.70000000000002,0.0,21.8,29.1,29.1,30.1,300.0,300.0,31.6,35.6,29.0,28.200000000000003,30.1,4.95,1.99,4.97,0.16,0.0,0.0,1027.0,8228.0,0.0,0.0,0.0,0.0,0.0,1.0,0.0,0.0,0.0,0.0,0.0,1.0,0.0,-0.2,0.0,0.0,16.0,25903.0
2026-07-30T19:02:08.192Z,297.675,297.69,0.0,7.4,0.0,0.0,0.0,0.0,0.0,0.0,0.0,0.0,1.0,0.0,0.0,0.0,9.0,4.0,0.0,0.0,0.0,0.0,0.0,0.0,0.0,0.0,2.0,12.0,1.0,12.15,5.0200000000000005,2.5,1.49,0.0,0.0,0.0,133.70000000000002,0.0,-0.7000000000000001,0.1,-0.7000000000000001,-169.60000000000002,0.0,0.0,169.70000000000002,0.0,21.8,29.1,29.1,30.1,300.0,300.0,31.6,35.6,29.0,28.200000000000003,30.1,4.95,2.0,4.97,0.16,0.0,0.0,1027.0,8228.0,0.0,0.0,0.0,0.0,0.0,1.0,0.0,0.0,0.0,0.0,0.0,-0.4,0.0,0.6000000000000001,0.0,0.0001,16.0,25903.0
2026-07-30T19:02:08.204Z,297.687,297.702,0.0,7.4,0.0,0.0,0.0,0.0,0.0,0.0,0.0,0.0,1.0,0.0,0.0,0.0,9.0,4.0,0.0,0.0,0.0,0.0,0.0,0.0,0.0,0.0,3.0,12.0,1.0,12.15,5.0200000000000005,2.5,1.49,0.0,0.0,0.0,133.9,0.0,-0.1,0.1,-0.1,-169.60000000000002,0.0,0.0,169.60000000000002,0.0,21.8,29.1,29.1,30.1,300.0,300.0,31.6,35.6,29.0,28.200000000000003,30.1,4.96,1.99,4.97,0.16,0.0,0.0,1027.0,8228.0,0.0,0.0,0.0,0.0,0.0,1.0,0.0,0.0,0.0,0.0,0.0,0.0,0.0,0.1,0.0,0.0,16.0,25903.0
2026-07-30T19:02:08.216Z,297.699,297.714,0.0,7.4,0.0,0.0,0.0,0.0,0.0,0.0,0.0,0.0,1.0,0.0,0.0,0.0,9.0,4.0,0.0,0.0,0.0,0.0,0.0,0.0,0.0,0.0,4.0,12.0,1.0,12.15,5.0200000000000005,2.5,1.49,0.0,0.0,0.0,134.1,0.0,-0.1,-0.4,0.3,-169.60000000000002,0.0,0.0,169.60000000000002,0.0,21.8,29.1,29.1,30.1,300.0,300.0,31.6,35.6,29.0,28.200000000000003,30.1,4.95,1.99,4.96,0.16,0.0,0.0,1027.0,8228.0,0.0,0.0,0.0,0.0,0.0,1.0,0.0,0.0,0.0,0.0,0.0,-0.2,0.0,-0.4,0.0,0.0001,16.0,25903.0
2026-07-30T19:02:08.229Z,297.712,297.726,0.0,7.4,0.0,0.0,0.0,0.0,0.0,0.0,0.0,0.0,1.0,0.0,0.0,0.0,9.0,4.0,0.0,0.0,0.0,0.0,0.0,0.0,0.0,0.0,6.0,12.0,1.0,12.17,5.01,2.5,1.49,0.0,0.1,0.0,134.3,0.0,-0.2,0.7000000000000001,0.3,-169.60000000000002,0.0,0.0,169.70000000000002,0.0,21.3,29.1,29.1,30.1,300.0,300.0,31.6,35.7,29.0,28.200000000000003,30.1,4.95,1.99,4.97,0.16,0.0,0.0,1027.0,8228.0,0.0,0.0,0.0,0.0,0.0,1.0,0.0,0.0,0.0,0.0,0.0,1.1,0.0,-0.1,0.0,0.0,16.0,25903.0
2026-07-30T19:02:08.240Z,297.723,297.738,0.0,7.4,0.0,0.0,0.0,0.0,0.0,0.0,0.0,0.0,1.0,0.0,0.0,0.0,9.0,4.0,0.0,0.0,0.0,0.0,0.0,0.0,0.0,0.0,1.0,12.0,1.0,12.17,5.01,2.5,1.49,0.0,0.0,0.0,134.5,0.0,-0.7000000000000001,0.7000000000000001,-0.2,-169.60000000000002,0.0,0.0,169.8,0.0,21.3,29.1,29.1,30.1,300.0,300.0,31.6,35.7,29.0,28.200000000000003,30.1,4.95,2.0,4.97,0.16,0.0,0.0,1027.0,8228.0,0.0,0.0,0.0,0.0,0.0,1.0,0.0,0.0,0.0,0.0,0.0,0.6000000000000001,0.0,0.3,0.0,0.0001,16.0,25903.0
2026-07-30T19:02:08.252Z,297.735,297.75,0.0,7.4,0.0,0.0,0.0,0.0,0.0,0.0,0.0,0.0,1.0,0.0,0.0,0.0,9.0,4.0,0.0,0.0,0.0,0.0,0.0,0.0,0.0,0.0,2.0,12.0,1.0,12.17,5.01,2.5,1.49,0.0,0.0,0.0,134.6,0.0,-0.7000000000000001,-0.4,0.9,-169.60000000000002,0.0,0.0,169.70000000000002,0.0,21.3,29.1,29.1,30.1,300.0,300.0,31.6,35.7,29.0,28.200000000000003,30.1,4.96,1.99,4.97,0.16,0.0,0.0,1027.0,8228.0,0.0,0.0,0.0,0.0,0.0,1.0,0.0,0.0,0.0,0.0,0.0,0.2,0.0,-0.8,0.0,0.0,16.0,25903.0
2026-07-30T19:02:08.264Z,297.747,297.762,0.0,7.4,0.0,0.0,0.0,0.0,0.0,0.0,0.0,0.0,1.0,0.0,0.0,0.0,9.0,4.0,0.0,0.0,0.0,0.0,0.0,0.0,0.0,0.0,3.0,12.0,1.0,12.17,5.01,2.5,1.49,0.0,0.0,0.0,134.8,0.0,-0.8,-0.3,-0.2,-169.60000000000002,0.0,0.0,169.70000000000002,0.0,21.3,29.1,29.1,30.1,300.0,300.0,31.6,35.7,29.0,28.200000000000003,30.1,4.95,1.99,4.97,0.16,0.0,0.0,1027.0,8228.0,0.0,0.0,0.0,0.0,0.0,1.0,0.0,0.0,0.0,0.0,0.0,-0.6000000000000001,0.0,0.1,0.0,0.0,16.0,25903.0
2026-07-30T19:02:08.276Z,297.759,297.774,0.0,7.4,0.0,0.0,0.0,0.0,0.0,0.0,0.0,0.0,1.0,0.0,0.0,0.0,9.0,4.0,0.0,0.0,0.0,0.0,0.0,0.0,0.0,0.0,4.0,12.0,1.0,12.17,5.01,2.5,1.49,0.0,0.0,0.0,134.9,0.0,-0.2,-1.0,-0.2,-169.60000000000002,0.0,0.0,169.70000000000002,0.0,21.3,29.1,29.1,30.1,300.0,300.0,31.6,35.7,29.0,28.200000000000003,30.1,4.96,1.99,4.97,0.16,0.0,0.0,1027.0,8228.0,0.0,0.0,0.0,0.0,0.0,1.0,0.0,0.0,0.0,0.0,0.0,-1.3,0.0,0.0,0.0,0.0,16.0,25903.0
2026-07-30T19:02:08.288Z,297.771,297.786,0.0,7.4,0.0,0.0,0.0,0.0,0.0,0.0,0.0,0.0,1.0,0.0,0.0,0.0,9.0,4.0,0.0,0.0,0.0,0.0,0.0,0.0,0.0,0.0,5.0,12.0,1.0,12.17,5.01,2.5,1.49,0.0,0.0,0.0,134.8,0.0,0.3,1.3,-0.2,-169.60000000000002,0.0,0.0,169.60000000000002,0.0,21.3,29.1,29.1,30.1,300.0,300.0,31.6,35.7,29.0,28.200000000000003,30.1,4.96,2.0,4.96,0.16,0.0,0.0,1027.0,8228.0,0.0,0.0,0.0,0.0,0.0,1.0,0.0,0.0,0.0,0.0,0.0,1.2000000000000002,0.0,0.5,0.0,0.0,16.0,25903.0
2026-07-30T19:02:08.300Z,297.783,297.798,0.0,7.4,0.0,0.0,0.0,0.0,0.0,0.0,0.0,0.0,1.0,0.0,0.0,0.0,9.0,4.0,0.0,0.0,0.0,0.0,0.0,0.0,0.0,0.0,1.0,12.0,1.0,12.17,5.01,2.5,1.49,0.0,0.1,0.0,134.70000000000002,0.0,0.9,0.7000000000000001,-0.8,-169.60000000000002,0.0,0.0,169.60000000000002,0.0,21.3,29.1,29.1,30.1,300.0,300.0,31.6,35.7,29.0,28.200000000000003,30.1,4.95,1.99,4.96,0.16,0.0,0.0,1027.0,8228.0,0.0,0.0,0.0,0.0,0.0,1.0,0.0,0.0,0.0,0.0,0.0,0.2,0.0,0.9,0.0,0.0,16.0,25903.0
2026-07-30T19:02:08.313Z,297.796,297.81,0.0,7.4,0.0,0.0,0.0,0.0,0.0,0.0,0.0,0.0,1.0,0.0,0.0,0.0,9.0,4.0,0.0,0.0,0.0,0.0,0.0,0.0,0.0,0.0,2.0,12.0,1.0,12.17,5.01,2.5,1.49,0.0,0.0,0.0,134.5,0.0,-0.2,0.7000000000000001,-0.2,-169.60000000000002,0.0,0.0,169.60000000000002,0.0,21.3,29.1,29.1,30.1,300.0,300.0,31.6,35.7,29.0,28.200000000000003,30.1,4.95,1.99,4.97,0.16,0.0,0.0,1027.0,8228.0,0.0,0.0,0.0,0.0,0.0,1.0,0.0,0.0,0.0,0.0,0.0,0.6000000000000001,0.0,0.3,0.0,0.0,16.0,25903.0
2026-07-30T19:02:08.324Z,297.807,297.822,0.0,7.4,0.0,0.0,0.0,0.0,0.0,0.0,0.0,0.0,1.0,0.0,0.0,0.0,9.0,4.0,0.0,0.0,0.0,0.0,0.0,0.0,0.0,0.0,3.0,12.0,1.0,12.17,5.01,2.5,1.49,0.0,0.0,0.0,134.5,0.0,-0.8,-1.5,-0.8,-169.60000000000002,0.0,0.0,169.70000000000002,0.0,21.3,29.1,29.1,30.1,300.0,300.0,31.6,35.7,29.0,28.200000000000003,30.1,4.96,2.0,4.97,0.16,0.0,0.0,1027.0,8228.0,0.0,0.0,0.0,0.0,0.0,1.0,0.0,0.0,0.0,0.0,0.0,-0.6000000000000001,0.0,0.1,0.0,0.0,16.0,25903.0
2026-07-30T19:02:08.336Z,297.819,297.834,0.0,7.4,0.0,0.0,0.0,0.0,0.0,0.0,0.0,0.0,1.0,0.0,0.0,0.0,9.0,4.0,0.0,0.0,0.0,0.0,0.0,0.0,0.0,0.0,4.0,12.0,1.0,12.14,5.0200000000000005,2.51,1.49,0.0,0.0,0.0,134.4,0.0,0.3,-0.4,-0.8,-169.60000000000002,0.0,0.0,169.70000000000002,0.0,21.4,29.1,29.1,30.1,300.0,300.0,31.5,35.800000000000004,29.0,28.200000000000003,30.1,4.96,1.99,4.97,0.16,0.0,0.0,1027.0,8228.0,0.0,0.0,0.0,0.0,0.0,1.0,0.0,0.0,0.0,0.0,0.0,1.0,0.0,-0.1,0.0,0.0,16.0,25903.0
2026-07-30T19:02:08.348Z,297.831,297.846,0.0,7.4,0.0,0.0,0.0,0.0,0.0,0.0,0.0,0.0,1.0,0.0,0.0,0.0,9.0,4.0,0.0,0.0,0.0,0.0,0.0,0.0,0.0,0.0,5.0,12.0,1.0,12.14,5.0200000000000005,2.51,1.49,0.0,0.1,0.0,134.3,0.0,0.3,1.3,-0.8,-169.60000000000002,0.0,0.0,169.8,0.0,21.4,29.1,29.1,30.1,300.0,300.0,31.5,35.800000000000004,29.0,28.200000000000003,30.1,4.95,1.99,4.97,0.16,0.0,0.0,1027.0,8228.0,0.0,0.0,0.0,0.0,0.0,1.0,0.0,0.0,0.0,0.0,0.0,1.5,0.0,-0.6000000000000001,0.0,0.0,16.0,25903.0
2026-07-30T19:02:08.360Z,297.843,297.858,0.0,7.4,0.0,0.0,0.0,0.0,0.0,0.0,0.0,0.0,1.0,0.0,0.0,0.0,9.0,4.0,0.0,0.0,0.0,0.0,0.0,0.0,0.0,0.0,6.0,12.0,1.0,12.14,5.0200000000000005,2.51,1.49,0.0,0.0,0.0,134.1,0.0,0.3,0.7000000000000001,0.9,-169.60000000000002,0.0,0.0,169.70000000000002,0.0,21.4,29.1,29.1,30.1,300.0,300.0,31.5,35.800000000000004,29.0,28.200000000000003,30.1,4.96,1.99,4.96,0.16,0.0,0.0,1027.0,8228.0,0.0,0.0,0.0,0.0,0.0,1.0,0.0,0.0,0.0,0.0,0.0,-1.5,0.0,1.1,0.0,0.0001,16.0,25903.0
2026-07-30T19:02:08.372Z,297.855,297.87,0.0,7.4,0.0,0.0,0.0,0.0,0.0,0.0,0.0,0.0,1.0,0.0,0.0,0.0,9.0,4.0,0.0,0.0,0.0,0.0,0.0,0.0,0.0,0.0,2.0,12.0,1.0,12.14,5.0200000000000005,2.51,1.49,0.0,0.0,0.0,134.0,0.0,-0.8,-0.4,-0.8,-169.70000000000002,0.0,0.0,169.8,0.0,21.4,29.1,29.1,30.1,300.0,300.0,31.5,35.800000000000004,29.0,28.200000000000003,30.1,4.95,1.99,4.96,0.16,0.0,0.0,1027.0,8228.0,0.0,0.0,0.0,0.0,0.0,1.0,0.0,0.0,0.0,0.0,0.0,-1.1,0.0,0.6000000000000001,0.0,0.0,16.0,25903.0
2026-07-30T19:02:08.384Z,297.867,297.882,0.0,7.4,0.0,0.0,0.0,0.0,0.0,0.0,0.0,0.0,1.0,0.0,0.0,0.0,9.0,4.0,0.0,0.0,0.0,0.0,0.0,0.0,0.0,0.0,3.0,12.0,1.0,12.14,5.0200000000000005,2.51,1.49,0.0,0.0,0.0,134.0,0.0,0.8,1.3,0.8,-169.70000000000002,0.0,0.0,169.70000000000002,0.0,21.4,29.1,29.1,30.1,300.0,300.0,31.5,35.800000000000004,29.0,28.200000000000003,30.1,4.95,1.99,4.97,0.16,0.0,0.0,1027.0,8228.0,0.0,0.0,0.0,0.0,0.0,1.0,0.0,0.0,0.0,0.0,0.0,2.1,0.0,-0.5,0.0,0.0,16.0,25903.0
2026-07-30T19:02:08.396Z,297.879,297.894,0.0,7.4,0.0,0.0,0.0,0.0,0.0,0.0,0.0,0.0,1.0,0.0,0.0,0.0,9.0,4.0,0.0,0.0,0.0,0.0,0.0,0.0,0.0,0.0,4.0,12.0,1.0,12.14,5.0200000000000005,2.51,1.49,0.0,0.0,0.0,133.8,0.0,0.9,1.3,1.5,-169.70000000000002,0.0,0.0,169.70000000000002,0.0,21.4,29.1,29.1,30.1,300.0,300.0,31.5,35.800000000000004,29.0,28.200000000000003,30.1,4.95,1.99,4.97,0.16,0.0,0.0,1027.0,8228.0,0.0,0.0,0.0,0.0,0.0,1.0,0.0,0.0,0.0,0.0,0.0,2.6,0.0,-1.0,0.0,0.0,16.0,25903.0
2026-07-30T19:02:08.408Z,297.891,297.906,0.0,7.4,0.0,0.0,0.0,0.0,0.0,0.0,0.0,0.0,1.0,0.0,0.0,0.0,9.0,4.0,0.0,0.0,0.0,0.0,0.0,0.0,0.0,0.0,5.0,12.0,1.0,12.14,5.0200000000000005,2.51,1.49,0.0,0.0,0.0,133.70000000000002,0.0,0.2,-1.0,-0.2,-169.70000000000002,0.0,0.0,169.8,0.0,21.4,29.1,29.1,30.1,300.0,300.0,31.5,35.800000000000004,29.0,28.200000000000003,30.1,4.96,1.99,4.96,0.16,0.0,0.0,1027.0,8228.0,0.0,0.0,0.0,0.0,0.0,1.0,0.0,0.0,0.0,0.0,0.0,-1.3,0.0,0.0,0.0,0.0,16.0,25903.0
2026-07-30T19:02:08.420Z,297.903,297.918,0.0,7.4,0.0,0.0,0.0,0.0,0.0,0.0,0.0,0.0,1.0,0.0,0.0,0.0,9.0,4.0,0.0,0.0,0.0,0.0,0.0,0.0,0.0,0.0,6.0,12.0,1.0,12.14,5.0200000000000005,2.51,1.49,0.0,0.0,0.0,133.6,0.0,0.3,0.1,-0.2,-169.70000000000002,0.0,0.0,169.8,0.0,21.4,29.1,29.1,30.1,300.0,300.0,31.5,35.800000000000004,29.0,28.200000000000003,30.1,4.95,1.99,4.97,0.16,0.0,0.0,1027.0,8228.0,0.0,0.0,0.0,0.0,0.0,1.0,0.0,0.0,0.0,0.0,0.0,0.0,0.0,0.2,0.0,0.0,16.0,25903.0
2026-07-30T19:02:08.433Z,297.916,297.93,0.0,7.4,0.0,0.0,0.0,0.0,0.0,0.0,0.0,0.0,1.0,0.0,0.0,0.0,9.0,4.0,0.0,0.0,0.0,0.0,0.0,0.0,0.0,0.0,1.0,12.0,1.0,12.18,5.0200000000000005,2.5,1.49,0.0,0.0,0.0,133.5,0.0,-0.2,0.1,-1.3,-169.70000000000002,0.0,0.0,169.70000000000002,0.0,20.9,29.1,29.1,30.1,300.0,300.0,31.5,35.800000000000004,29.0,28.200000000000003,30.1,4.95,1.99,4.96,0.16,0.0,0.0,1027.0,8228.0,0.0,0.0,0.0,0.0,0.0,1.0,0.0,0.0,0.0,0.0,0.0,-0.8,0.0,1.2000000000000002,0.0,0.0,16.0,25903.0
2026-07-30T19:02:08.444Z,297.927,297.942,0.0,7.4,0.0,0.0,0.0,0.0,0.0,0.0,0.0,0.0,1.0,0.0,0.0,0.0,9.0,4.0,0.0,0.0,0.0,0.0,0.0,0.0,0.0,0.0,2.0,12.0,1.0,12.18,5.0200000000000005,2.5,1.49,0.0,0.0,0.0,133.4,0.0,-0.2,1.3,0.4,-169.70000000000002,0.0,0.0,169.8,0.0,20.9,29.1,29.1,30.1,300.0,300.0,31.5,35.800000000000004,29.0,28.200000000000003,30.1,4.96,1.99,4.96,0.16,0.0,0.0,1027.0,8228.0,0.0,0.0,0.0,0.0,0.0,1.0,0.0,0.0,0.0,0.0,0.0,1.8,0.0,0.0,0.0,0.0,16.0,25903.0
2026-07-30T19:02:08.456Z,297.939,297.954,0.0,7.4,0.0,0.0,0.0,0.0,0.0,0.0,0.0,0.0,1.0,0.0,0.0,0.0,9.0,4.0,0.0,0.0,0.0,0.0,0.0,0.0,0.0,0.0,3.0,12.0,1.0,12.18,5.0200000000000005,2.5,1.49,0.0,0.0,0.0,133.3,0.0,0.3,-0.3,-0.7000000000000001,-169.70000000000002,0.0,0.0,169.8,0.0,20.9,29.1,29.1,30.1,300.0,300.0,31.5,35.800000000000004,29.0,28.200000000000003,30.1,4.95,1.99,4.96,0.16,0.0,0.0,1027.0,8228.0,0.0,0.0,0.0,0.0,0.0,1.0,0.0,0.0,0.0,0.0,0.0,-0.9,0.0,0.5,0.0,0.0001,16.0,25903.0
2026-07-30T19:02:08.468Z,297.951,297.966,0.0,7.4,0.0,0.0,0.0,0.0,0.0,0.0,0.0,0.0,1.0,0.0,0.0,0.0,9.0,4.0,0.0,0.0,0.0,0.0,0.0,0.0,0.0,0.0,4.0,12.0,1.0,12.18,5.0200000000000005,2.5,1.49,0.0,0.0,0.0,133.20000000000002,0.0,0.9,1.3,1.0,-169.70000000000002,0.0,0.0,169.70000000000002,0.0,20.9,29.1,29.1,30.1,300.0,300.0,31.5,35.800000000000004,29.0,28.200000000000003,30.1,4.95,1.99,4.97,0.16,0.0,0.0,1027.0,8228.0,0.0,0.0,0.0,0.0,0.0,1.0,0.0,0.0,0.0,0.0,0.0,2.3000000000000003,0.0,-0.6000000000000001,0.0,0.0,16.0,25903.0
2026-07-30T19:02:08.480Z,297.963,297.978,0.0,7.4,0.0,0.0,0.0,0.0,0.0,0.0,0.0,0.0,1.0,0.0,0.0,0.0,9.0,4.0,0.0,0.0,0.0,0.0,0.0,0.0,0.0,0.0,5.0,12.0,1.0,12.18,5.0200000000000005,2.5,1.49,0.0,0.0,0.0,133.1,0.0,0.3,0.8,1.0,-169.70000000000002,0.0,0.0,169.70000000000002,0.0,20.9,29.1,29.1,30.1,300.0,300.0,31.5,35.800000000000004,29.0,28.200000000000003,30.1,4.95,1.99,4.96,0.16,0.0,0.0,1027.0,8228.0,0.0,0.0,0.0,0.0,0.0,1.0,0.0,0.0,0.0,0.0,0.0,1.7000000000000002,0.0,-0.7000000000000001,0.0,0.0,16.0,25903.0
2026-07-30T19:02:08.492Z,297.975,297.99,0.0,7.4,0.0,0.0,0.0,0.0,0.0,0.0,0.0,0.0,1.0,0.0,0.0,0.0,9.0,4.0,0.0,0.0,0.0,0.0,0.0,0.0,0.0,0.0,6.0,12.0,1.0,12.18,5.0200000000000005,2.5,1.49,0.0,0.0,0.0,132.9,0.0,0.9,-0.8,0.5,-169.70000000000002,0.0,0.0,169.70000000000002,0.0,20.9,29.1,29.1,30.1,300.0,300.0,31.5,35.800000000000004,29.0,28.200000000000003,30.1,4.95,1.99,4.96,0.16,0.0,0.0,1027.0,8228.0,0.0,0.0,0.0,0.0,0.0,1.0,0.0,0.0,0.0,0.0,0.0,-0.6000000000000001,0.0,-0.6000000000000001,0.0,0.0,16.0,25903.0
2026-07-30T19:02:08.504Z,297.987,298.002,0.0,7.4,0.0,0.0,0.0,0.0,0.0,0.0,0.0,0.0,1.0,0.0,0.0,0.0,9.0,4.0,0.0,0.0,0.0,0.0,0.0,0.0,0.0,0.0,1.0,12.0,1.0,12.18,5.0200000000000005,2.5,1.49,0.0,0.0,0.0,132.8,0.0,-0.2,0.2,1.1,-169.70000000000002,0.0,0.0,169.70000000000002,0.0,20.9,29.1,29.1,30.1,300.0,300.0,31.5,35.800000000000004,29.0,28.200000000000003,30.1,4.95,1.99,4.97,0.16,0.0,0.0,1027.0,8228.0,0.0,0.0,0.0,0.0,0.0,1.0,0.0,0.0,0.0,0.0,0.0,1.1,0.0,-0.9,0.0,0.0,16.0,25903.0
2026-07-30T19:02:08.516Z,297.999,298.014,0.0,7.4,0.0,0.0,0.0,0.0,0.0,0.0,0.0,0.0,1.0,0.0,0.0,0.0,9.0,4.0,0.0,0.0,0.0,0.0,0.0,0.0,0.0,0.0,3.0,12.0,1.0,12.18,5.0200000000000005,2.5,1.49,0.0,0.0,0.0,132.8,0.0,0.3,-0.9,-0.6000000000000001,-169.70000000000002,0.0,0.0,169.70000000000002,0.0,20.9,29.1,29.1,30.1,300.0,300.0,31.5,35.800000000000004,29.0,28.200000000000003,30.1,4.96,1.99,4.97,0.16,0.0,0.0,1027.0,8228.0,0.0,0.0,0.0,0.0,0.0,1.0,0.0,0.0,0.0,0.0,0.0,-1.5,0.0,0.3,0.0,0.0,16.0,25903.0
2026-07-30T19:02:08.529Z,298.012,298.026,0.0,7.4,0.0,0.0,0.0,0.0,0.0,0.0,0.0,0.0,1.0,0.0,0.0,0.0,9.0,4.0,0.0,0.0,0.0,0.0,0.0,0.0,0.0,0.0,4.0,12.0,1.0,12.18,5.0200000000000005,2.5,1.49,0.0,0.0,0.0,132.6,0.0,0.9,0.8,1.1,-169.70000000000002,0.0,0.0,169.70000000000002,0.0,20.9,29.1,29.1,30.1,300.0,300.0,31.5,35.800000000000004,29.0,28.200000000000003,30.1,4.96,1.99,4.97,0.16,0.0,0.0,1027.0,8228.0,0.0,0.0,0.0,0.0,0.0,1.0,0.0,0.0,0.0,0.0,0.0,1.8,0.0,-0.8,0.0,0.0,16.0,25903.0
2026-07-30T19:02:08.540Z,298.023,298.038,0.0,7.4,0.0,0.0,0.0,0.0,0.0,0.0,0.0,0.0,1.0,0.0,0.0,0.0,9.0,4.0,0.0,0.0,0.0,0.0,0.0,0.0,0.0,0.0,5.0,12.0,1.0,12.17,5.01,2.51,1.49,0.0,0.0,0.0,132.6,0.0,0.3,0.8,-1.2000000000000002,-169.70000000000002,0.0,0.0,169.70000000000002,0.0,21.700000000000003,29.1,29.1,30.1,300.0,300.0,31.700000000000003,35.800000000000004,29.0,28.200000000000003,30.1,4.95,1.99,4.97,0.16,0.0,0.0,1027.0,8228.0,0.0,0.0,0.0,0.0,0.0,1.0,0.0,0.0,0.0,0.0,0.0,0.0,0.0,1.2000000000000002,0.0,0.0,16.0,25903.0
2026-07-30T19:02:08.552Z,298.035,298.05,0.0,7.4,0.0,0.0,0.0,0.0,0.0,0.0,0.0,0.0,1.0,0.0,0.0,0.0,9.0,4.0,0.0,0.0,0.0,0.0,0.0,0.0,0.0,0.0,6.0,12.0,1.0,12.17,5.01,2.51,1.49,0.0,0.1,0.0,132.4,0.0,0.3,-0.3,-1.1,-169.70000000000002,0.0,0.0,169.70000000000002,0.0,21.700000000000003,29.1,29.1,30.1,300.0,300.0,31.700000000000003,35.800000000000004,29.0,28.200000000000003,30.1,4.95,1.99,4.97,0.16,0.0,0.0,1027.0,8228.0,0.0,0.0,0.0,0.0,0.0,1.0,0.0,0.0,0.0,0.0,0.0,-1.2000000000000002,0.0,0.9,0.0,0.0,16.0,25903.0
2026-07-30T19:02:08.564Z,298.047,298.062,0.0,7.4,0.0,0.0,0.0,0.0,0.0,0.0,0.0,0.0,1.0,0.0,0.0,0.0,9.0,4.0,0.0,0.0,0.0,0.0,0.0,0.0,0.0,0.0,1.0,12.0,1.0,12.17,5.01,2.51,1.49,0.0,0.0,0.0,132.3,0.0,-0.2,-0.3,1.1,-169.70000000000002,0.0,0.0,169.60000000000002,0.0,21.700000000000003,29.1,29.1,30.1,300.0,300.0,31.700000000000003,35.800000000000004,29.0,28.200000000000003,30.1,4.96,1.99,4.97,0.16,0.0,0.0,1027.0,8228.0,0.0,0.0,0.0,0.0,0.0,1.0,0.0,0.0,0.0,0.0,0.0,0.4,0.0,-1.0,0.0,0.0,16.0,25903.0
2026-07-30T19:02:08.576Z,298.059,298.074,0.0,7.4,0.0,0.0,0.0,0.0,0.0,0.0,0.0,0.0,1.0,0.0,0.0,0.0,9.0,4.0,0.0,0.0,0.0,0.0,0.0,0.0,0.0,0.0,2.0,12.0,1.0,12.17,5.01,2.51,1.49,0.0,0.0,0.0,132.20000000000002,0.0,-0.2,-0.4,0.0,-169.70000000000002,0.0,0.0,169.60000000000002,0.0,21.700000000000003,29.1,29.1,30.1,300.0,300.0,31.700000000000003,35.800000000000004,29.0,28.200000000000003,30.1,4.96,1.99,4.97,0.16,0.0,0.0,1027.0,8228.0,0.0,0.0,0.0,0.0,0.0,1.0,0.0,0.0,0.0,0.0,0.0,-0.4,0.0,0.0,0.0,0.0001,16.0,25903.0
2026-07-30T19:02:08.588Z,298.071,298.086,0.0,7.4,0.0,0.0,0.0,0.0,0.0,0.0,0.0,0.0,1.0,0.0,0.0,0.0,9.0,4.0,0.0,0.0,0.0,0.0,0.0,0.0,0.0,0.0,3.0,12.0,1.0,12.17,5.01,2.51,1.49,0.0,0.0,0.0,132.1,0.0,-0.8,-0.3,-0.5,-169.70000000000002,0.0,0.0,169.70000000000002,0.0,21.700000000000003,29.1,29.1,30.1,300.0,300.0,31.700000000000003,35.800000000000004,29.0,28.200000000000003,30.1,4.95,1.99,4.97,0.16,0.0,0.0,1027.0,8228.0,0.0,0.0,0.0,0.0,0.0,1.0,0.0,0.0,0.0,0.0,0.0,-0.8,0.0,0.4,0.0,0.0,16.0,25903.0
2026-07-30T19:02:08.600Z,298.083,298.098,0.0,7.4,0.0,0.0,0.0,0.0,0.0,0.0,0.0,0.0,1.0,0.0,0.0,0.0,9.0,4.0,0.0,0.0,0.0,0.0,0.0,0.0,0.0,0.0,5.0,12.0,1.0,12.17,5.01,2.51,1.49,0.0,0.0,0.0,132.1,0.0,-0.2,-0.3,0.5,-169.70000000000002,0.0,0.0,169.70000000000002,0.0,21.700000000000003,29.1,29.1,30.1,300.0,300.0,31.700000000000003,35.800000000000004,29.0,28.200000000000003,30.1,4.96,1.99,4.97,0.16,0.0,0.0,1027.0,8228.0,0.0,0.0,0.0,0.0,0.0,1.0,0.0,0.0,0.0,0.0,0.0,0.0,0.0,-0.5,0.0,0.0001,16.0,25903.0
2026-07-30T19:02:08.612Z,298.095,298.11,0.0,7.4,0.0,0.0,0.0,0.0,0.0,0.0,0.0,0.0,1.0,0.0,0.0,0.0,9.0,4.0,0.0,0.0,0.0,0.0,0.0,0.0,0.0,0.0,1.0,12.0,1.0,12.17,5.01,2.51,1.49,0.0,0.0,0.0,131.9,0.0,0.3,-0.3,0.0,-169.70000000000002,0.0,0.0,169.70000000000002,0.0,21.700000000000003,29.1,29.1,30.1,300.0,300.0,31.700000000000003,35.800000000000004,29.0,28.200000000000003,30.1,4.96,1.99,4.96,0.16,0.0,0.0,1027.0,8228.0,0.0,0.0,0.0,0.0,0.0,1.0,0.0,0.0,0.0,0.0,0.0,-0.4,0.0,0.0,0.0,0.0,16.0,25903.0
2026-07-30T19:02:08.624Z,298.107,298.122,0.0,7.4,0.0,0.0,0.0,0.0,0.0,0.0,0.0,0.0,1.0,0.0,0.0,0.0,9.0,4.0,0.0,0.0,0.0,0.0,0.0,0.0,0.0,0.0,2.0,12.0,1.0,12.17,5.01,2.51,1.49,0.0,0.0,0.0,131.8,0.0,-0.2,1.3,0.5,-169.70000000000002,0.0,0.0,169.70000000000002,0.0,21.700000000000003,29.1,29.1,30.1,300.0,300.0,31.700000000000003,35.800000000000004,29.0,28.200000000000003,30.1,4.96,1.99,4.97,0.16,0.0,0.0,1027.0,8228.0,0.0,0.0,0.0,0.0,0.0,1.0,0.0,0.0,0.0,0.0,0.0,2.0,0.0,-0.2,0.0,0.0,16.0,25903.0
2026-07-30T19:02:08.637Z,298.12,298.134,0.0,7.4,0.0,0.0,0.0,0.0,0.0,0.0,0.0,0.0,1.0,0.0,0.0,0.0,9.0,4.0,0.0,0.0,0.0,0.0,0.0,0.0,0.0,0.0,3.0,12.0,1.0,12.18,5.01,2.51,1.49,0.0,0.0,0.0,131.70000000000002,0.0,-0.2,0.8,-0.6000000000000001,-169.70000000000002,0.0,0.0,169.8,0.0,21.700000000000003,29.1,29.1,30.1,300.0,300.0,31.6,35.7,29.0,28.200000000000003,30.1,4.95,1.99,4.97,0.16,0.0,0.0,1027.0,8228.0,0.0,0.0,0.0,0.0,0.0,1.0,0.0,0.0,0.0,0.0,0.0,0.4,0.0,0.7000000000000001,0.0,0.0,16.0,25903.0
2026-07-30T19:02:08.648Z,298.131,298.146,0.0,7.4,0.0,0.0,0.0,0.0,0.0,0.0,0.0,0.0,1.0,0.0,0.0,0.0,9.0,4.0,0.0,0.0,0.0,0.0,0.0,0.0,0.0,0.0,5.0,12.0,1.0,12.18,5.01,2.51,1.49,0.0,0.1,0.0,131.6,0.0,0.9,0.8,1.7000000000000002,-169.70000000000002,0.0,0.0,169.70000000000002,0.0,21.700000000000003,29.1,29.1,30.1,300.0,300.0,31.6,35.7,29.0,28.200000000000003,30.1,4.96,1.99,4.96,0.16,0.0,0.0,1027.0,8228.0,0.0,0.0,0.0,0.0,0.0,1.0,0.0,0.0,0.0,0.0,0.0,2.2,0.0,-1.3,0.0,0.0,16.0,25903.0
2026-07-30T19:02:08.661Z,298.144,298.158,0.0,7.4,0.0,0.0,0.0,0.0,0.0,0.0,0.0,0.0,1.0,0.0,0.0,0.0,9.0,4.0,0.0,0.0,0.0,0.0,0.0,0.0,0.0,0.0,6.0,12.0,1.0,12.18,5.01,2.51,1.49,0.0,0.0,0.0,131.4,0.0,0.9,0.8,0.5,-169.70000000000002,0.0,0.0,169.8,0.0,21.700000000000003,29.1,29.1,30.1,300.0,300.0,31.6,35.7,29.0,28.200000000000003,30.1,4.95,1.99,4.97,0.16,0.0,0.0,1027.0,8228.0,0.0,0.0,0.0,0.0,0.0,1.0,0.0,0.0,0.0,0.0,0.0,1.2000000000000002,0.0,-0.2,0.0,0.0,16.0,25903.0
2026-07-30T19:02:08.672Z,298.155,298.17,0.0,7.4,0.0,0.0,0.0,0.0,0.0,0.0,0.0,0.0,1.0,0.0,0.0,0.0,9.0,4.0,0.0,0.0,0.0,0.0,0.0,0.0,0.0,0.0,1.0,12.0,1.0,12.18,5.01,2.51,1.49,0.0,0.0,0.0,131.4,0.0,0.9,0.7000000000000001,-0.7000000000000001,-169.70000000000002,0.0,0.0,169.8,0.0,21.700000000000003,29.1,29.1,30.1,300.0,300.0,31.6,35.7,29.0,28.200000000000003,30.1,4.95,1.99,4.96,0.16,0.0,0.0,1027.0,8228.0,0.0,0.0,0.0,0.0,0.0,1.0,0.0,0.0,0.0,0.0,0.0,0.3,0.0,0.7000000000000001,0.0,0.0,16.0,25903.0
2026-07-30T19:02:08.684Z,298.167,298.182,0.0,7.4,0.0,0.0,0.0,0.0,0.0,0.0,0.0,0.0,1.0,0.0,0.0,0.0,9.0,4.0,0.0,0.0,0.0,0.0,0.0,0.0,0.0,0.0,3.0,12.0,1.0,12.18,5.01,2.51,1.49,0.0,0.0,0.0,131.3,0.0,-0.2,0.7000000000000001,2.8000000000000003,-169.70000000000002,0.0,0.0,169.8,0.0,21.700000000000003,29.1,29.1,30.1,300.0,300.0,31.6,35.7,29.0,28.200000000000003,30.1,4.96,2.0,4.96,0.16,0.0,0.0,1027.0,8228.0,0.0,0.0,0.0,0.0,0.0,1.0,0.0,0.0,0.0,0.0,0.0,2.9000000000000004,0.0,-2.3000000000000003,0.0,0.0,16.0,25903.0
2026-07-30T19:02:08.696Z,298.179,298.194,0.0,7.4,0.0,0.0,0.0,0.0,0.0,0.0,0.0,0.0,1.0,0.0,0.0,0.0,9.0,4.0,0.0,0.0,0.0,0.0,0.0,0.0,0.0,0.0,4.0,12.0,1.0,12.18,5.01,2.51,1.49,0.0,0.0,0.0,131.1,0.0,-0.2,-0.4,-0.6000000000000001,-169.70000000000002,0.0,0.0,169.8,0.0,21.700000000000003,29.1,29.1,30.1,300.0,300.0,31.6,35.7,29.0,28.200000000000003,30.1,4.96,2.0,4.96,0.16,0.0,0.0,1027.0,8228.0,0.0,0.0,0.0,0.0,0.0,1.0,0.0,0.0,0.0,0.0,0.0,-0.9,0.0,0.5,0.0,0.0,16.0,25903.0
2026-07-30T19:02:08.708Z,298.191,298.206,0.0,7.4,0.0,0.0,0.0,0.0,0.0,0.0,0.0,0.0,1.0,0.0,0.0,0.0,9.0,4.0,0.0,0.0,0.0,0.0,0.0,0.0,0.0,0.0,6.0,12.0,1.0,12.18,5.01,2.51,1.49,0.0,0.0,0.0,131.1,0.0,0.9,0.7000000000000001,2.2,-169.70000000000002,0.0,0.0,169.8,0.0,21.700000000000003,29.1,29.1,30.1,300.0,300.0,31.6,35.7,29.0,28.200000000000003,30.1,4.96,1.99,4.97,0.16,0.0,0.0,1027.0,8228.0,0.0,0.0,0.0,0.0,0.0,1.0,0.0,0.0,0.0,0.0,0.0,2.5,0.0,-1.8,0.0,0.0,16.0,25903.0
2026-07-30T19:02:08.720Z,298.203,298.218,0.0,7.4,0.0,0.0,0.0,0.0,0.0,0.0,0.0,0.0,1.0,0.0,0.0,0.0,9.0,4.0,0.0,0.0,0.0,0.0,0.0,0.0,0.0,0.0,1.0,12.0,1.0,12.18,5.01,2.51,1.49,0.0,0.0,0.0,131.3,0.0,1.0,1.4,1.0,-169.70000000000002,0.0,0.0,169.70000000000002,0.0,21.700000000000003,29.1,29.1,30.1,300.0,300.0,31.6,35.7,29.0,28.200000000000003,30.1,4.96,1.99,4.96,0.16,0.0,0.0,1027.0,8228.0,0.0,0.0,0.0,0.0,0.0,1.0,0.0,0.0,0.0,0.0,0.0,2.4000000000000004,0.0,-0.6000000000000001,0.0,0.0,16.0,25903.0
2026-07-30T19:02:08.733Z,298.216,298.23,0.0,7.4,0.0,0.0,0.0,0.0,0.0,0.0,0.0,0.0,1.0,0.0,0.0,0.0,9.0,4.0,0.0,0.0,0.0,0.0,0.0,0.0,0.0,0.0,1.0,12.0,1.0,12.18,5.01,2.51,1.49,0.0,0.0,0.0,131.5,0.0,0.4,0.2,1.0,-169.70000000000002,0.0,0.0,169.70000000000002,0.0,21.700000000000003,29.1,29.1,30.1,300.0,300.0,31.6,35.7,29.0,28.200000000000003,30.1,4.96,1.99,4.96,0.16,0.0,0.0,1027.0,8228.0,0.0,0.0,0.0,0.0,0.0,1.0,0.0,0.0,0.0,0.0,0.0,1.0,0.0,-0.9,0.0,0.0,16.0,25903.0
2026-07-30T19:02:08.744Z,298.227,298.242,0.0,7.4,0.0,0.0,0.0,0.0,0.0,0.0,0.0,0.0,1.0,0.0,0.0,0.0,9.0,4.0,0.0,0.0,0.0,0.0,0.0,0.0,0.0,0.0,2.0,12.0,1.0,12.18,5.01,2.5,1.49,0.0,0.0,0.0,131.6,0.0,0.3,0.2,1.0,-169.70000000000002,0.0,0.0,169.8,0.0,21.3,29.1,29.1,30.1,300.0,300.0,31.6,35.800000000000004,29.0,28.200000000000003,30.1,4.96,1.99,4.97,0.16,0.0,0.0,1027.0,8228.0,0.0,0.0,0.0,0.0,0.0,1.0,0.0,0.0,0.0,0.0,0.0,1.0,0.0,-0.9,0.0,0.0,16.0,25903.0
2026-07-30T19:02:08.756Z,298.239,298.254,0.0,7.4,0.0,0.0,0.0,0.0,0.0,0.0,0.0,0.0,1.0,0.0,0.0,0.0,9.0,4.0,0.0,0.0,0.0,0.0,0.0,0.0,0.0,0.0,4.0,12.0,1.0,12.18,5.01,2.5,1.49,0.0,0.0,0.0,131.8,0.0,-0.7000000000000001,-0.9,-0.6000000000000001,-169.70000000000002,0.0,0.0,169.70000000000002,0.0,21.3,29.1,29.1,30.1,300.0,300.0,31.6,35.800000000000004,29.0,28.200000000000003,30.1,4.96,1.99,4.96,0.16,0.0,0.0,1027.0,8228.0,0.0,0.0,0.0,0.0,0.0,1.0,0.0,0.0,0.0,0.0,0.0,-1.6,0.0,0.3,0.0,0.0,16.0,25903.0
2026-07-30T19:02:08.769Z,298.252,298.266,0.0,7.4,0.0,0.0,0.0,0.0,0.0,0.0,0.0,0.0,1.0,0.0,0.0,0.0,9.0,4.0,0.0,0.0,0.0,0.0,0.0,0.0,0.0,0.0,4.0,12.0,1.0,12.18,5.01,2.5,1.49,0.0,0.0,0.0,132.0,0.0,-0.2,1.3,1.0,-169.70000000000002,0.0,0.0,169.60000000000002,0.0,21.3,29.1,29.1,30.1,300.0,300.0,31.6,35.800000000000004,29.0,28.200000000000003,30.1,4.96,1.99,4.97,0.16,0.0,0.0,1027.0,8228.0,0.0,0.0,0.0,0.0,0.0,1.0,0.0,0.0,0.0,0.0,0.0,2.3000000000000003,0.0,-0.6000000000000001,0.0,0.0,16.0,25903.0
2026-07-30T19:02:08.780Z,298.263,298.278,0.0,7.4,0.0,0.0,0.0,0.0,0.0,0.0,0.0,0.0,1.0,0.0,0.0,0.0,9.0,4.0,0.0,0.0,0.0,0.0,0.0,0.0,0.0,0.0,5.0,12.0,1.0,12.18,5.01,2.5,1.49,0.0,0.0,0.0,132.3,0.0,0.4,1.3,-0.6000000000000001,-169.70000000000002,0.0,0.0,169.60000000000002,0.0,21.3,29.1,29.1,30.1,300.0,300.0,31.6,35.800000000000004,29.0,28.200000000000003,30.1,4.96,1.99,4.97,0.16,0.0,0.0,1027.0,8228.0,0.0,0.0,0.0,0.0,0.0,1.0,0.0,0.0,0.0,0.0,0.0,1.0,0.0,0.8,0.0,0.0001,16.0,25903.0
2026-07-30T19:02:08.792Z,298.275,298.29,0.0,7.4,0.0,0.0,0.0,0.0,0.0,0.0,0.0,0.0,1.0,0.0,0.0,0.0,9.0,4.0,0.0,0.0,0.0,0.0,0.0,0.0,0.0,0.0,6.0,12.0,1.0,12.18,5.01,2.5,1.49,0.0,0.0,0.0,132.4,0.0,0.3,-0.9,-1.2000000000000002,-169.70000000000002,0.0,0.0,169.70000000000002,0.0,21.3,29.1,29.1,30.1,300.0,300.0,31.6,35.800000000000004,29.0,28.200000000000003,30.1,4.96,1.99,4.96,0.16,0.0,0.0,1027.0,8228.0,0.0,0.0,0.0,0.0,0.0,1.0,0.0,0.0,0.0,0.0,0.0,-2.0,0.0,0.9,0.0,0.0,16.0,25903.0
2026-07-30T19:02:08.804Z,298.287,298.302,0.0,7.4,0.0,0.0,0.0,0.0,0.0,0.0,0.0,0.0,1.0,0.0,0.0,0.0,9.0,4.0,0.0,0.0,0.0,0.0,0.0,0.0,0.0,0.0,1.0,12.0,1.0,12.18,5.01,2.5,1.49,0.0,0.0,0.0,132.6,0.0,-0.2,0.7000000000000001,0.4,-169.70000000000002,0.0,0.0,169.70000000000002,0.0,21.3,29.1,29.1,30.1,300.0,300.0,31.6,35.800000000000004,29.0,28.200000000000003,30.1,4.96,1.99,4.96,0.16,0.0,0.0,1027.0,8228.0,0.0,0.0,0.0,0.0,0.0,1.0,0.0,0.0,0.0,0.0,0.0,1.2000000000000002,0.0,-0.2,0.0,0.0,16.0,25903.0
2026-07-30T19:02:08.816Z,298.299,298.314,0.0,7.4,0.0,0.0,0.0,0.0,0.0,0.0,0.0,0.0,1.0,0.0,0.0,0.0,9.0,4.0,0.0,0.0,0.0,0.0,0.0,0.0,0.0,0.0,2.0,12.0,1.0,12.18,5.01,2.5,1.49,0.0,0.1,0.0,132.8,0.0,-0.7000000000000001,0.1,-0.7000000000000001,-169.70000000000002,0.0,0.0,169.70000000000002,0.0,21.3,29.1,29.1,30.1,300.0,300.0,31.6,35.800000000000004,29.0,28.200000000000003,30.1,4.96,1.99,4.96,0.16,0.0,0.0,1027.0,8228.0,0.0,0.0,0.0,0.0,0.0,1.0,0.0,0.0,0.0,0.0,0.0,-0.3,0.0,0.6000000000000001,0.0,0.0,16.0,25903.0
2026-07-30T19:02:08.828Z,298.311,298.326,0.0,7.4,0.0,0.0,0.0,0.0,0.0,0.0,0.0,0.0,1.0,0.0,0.0,0.0,9.0,4.0,0.0,0.0,0.0,0.0,0.0,0.0,0.0,0.0,4.0,12.0,1.0,12.18,5.01,2.5,1.49,0.0,0.0,0.0,132.9,0.0,-0.8,0.1,1.0,-169.70000000000002,0.0,0.0,169.70000000000002,0.0,21.3,29.1,29.1,30.1,300.0,300.0,31.6,35.800000000000004,29.0,28.200000000000003,30.1,4.95,1.99,4.96,0.16,0.0,0.0,1027.0,8228.0,0.0,0.0,0.0,0.0,0.0,1.0,0.0,0.0,0.0,0.0,0.0,0.9,0.0,-0.9,0.0,0.0,16.0,25903.0
2026-07-30T19:02:08.841Z,298.324,298.338,0.0,7.4,0.0,0.0,0.0,0.0,0.0,0.0,0.0,0.0,1.0,0.0,0.0,0.0,9.0,4.0,0.0,0.0,0.0,0.0,0.0,0.0,0.0,0.0,5.0,12.0,1.0,12.17,5.0200000000000005,2.51,1.49,0.0,0.0,0.0,133.1,0.0,-0.2,-1.0,-1.2000000000000002,-169.70000000000002,0.0,0.0,169.8,0.0,21.4,29.1,29.1,30.1,300.0,300.0,31.6,35.800000000000004,29.0,28.200000000000003,30.1,4.96,1.99,4.97,0.16,0.0,0.0,1027.0,8228.0,0.0,0.0,0.0,0.0,0.0,1.0,0.0,0.0,0.0,0.0,0.0,-0.5,0.0,0.0,0.0,0.0,16.0,25903.0
2026-07-30T19:02:08.852Z,298.335,298.35,0.0,7.4,0.0,0.0,0.0,0.0,0.0,0.0,0.0,0.0,1.0,0.0,0.0,0.0,9.0,4.0,0.0,0.0,0.0,0.0,0.0,0.0,0.0,0.0,6.0,12.0,1.0,12.17,5.0200000000000005,2.51,1.49,0.0,0.0,0.0,133.3,0.0,-0.2,-0.4,-0.1,-169.70000000000002,0.0,0.0,169.8,0.0,21.4,29.1,29.1,30.1,300.0,300.0,31.6,35.800000000000004,29.0,28.200000000000003,30.1,4.95,1.99,4.96,0.16,0.0,0.0,1027.0,8228.0,0.0,0.0,0.0,0.0,0.0,1.0,0.0,0.0,0.0,0.0,0.0,-0.5,0.0,0.0,0.0,0.0,16.0,25903.0
2026-07-30T19:02:08.864Z,298.347,298.362,0.0,7.4,0.0,0.0,0.0,0.0,0.0,0.0,0.0,0.0,1.0,0.0,0.0,0.0,9.0,4.0,0.0,0.0,0.0,0.0,0.0,0.0,0.0,0.0,1.0,12.0,1.0,12.17,5.0200000000000005,2.51,1.49,0.0,0.1,0.0,133.5,0.0,0.3,0.1,0.0,-169.70000000000002,0.0,0.0,169.8,0.0,21.4,29.1,29.1,30.1,300.0,300.0,31.6,35.800000000000004,29.0,28.200000000000003,30.1,4.95,1.99,4.96,0.16,0.0,0.0,1027.0,8228.0,0.0,0.0,0.0,0.0,0.0,1.0,0.0,0.0,0.0,0.0,0.0,-1.3,0.0,1.0,0.0,0.0,16.0,25903.0
2026-07-30T19:02:08.876Z,298.359,298.374,0.0,7.4,0.0,0.0,0.0,0.0,0.0,0.0,0.0,0.0,1.0,0.0,0.0,0.0,9.0,4.0,0.0,0.0,0.0,0.0,0.0,0.0,0.0,0.0,3.0,12.0,1.0,12.17,5.0200000000000005,2.51,1.49,0.0,0.0,0.0,133.70000000000002,0.0,0.3,0.7000000000000001,0.5,-169.70000000000002,0.0,0.0,169.8,0.0,21.4,29.1,29.1,30.1,300.0,300.0,31.6,35.800000000000004,29.0,28.200000000000003,30.1,4.95,1.99,4.96,0.16,0.0,0.0,1027.0,8228.0,0.0,0.0,0.0,0.0,0.0,1.0,0.0,0.0,0.0,0.0,0.0,1.0,0.0,-0.9,0.0,0.0,16.0,25903.0
2026-07-30T19:02:08.888Z,298.371,298.386,0.0,7.4,0.0,0.0,0.0,0.0,0.0,0.0,0.0,0.0,1.0,0.0,0.0,0.0,9.0,4.0,0.0,0.0,0.0,0.0,0.0,0.0,0.0,0.0,4.0,12.0,1.0,12.17,5.0200000000000005,2.51,1.49,0.0,0.0,0.0,133.9,0.0,0.3,-0.3,0.0,-169.70000000000002,0.0,0.0,169.8,0.0,21.4,29.1,29.1,30.1,300.0,300.0,31.6,35.800000000000004,29.0,28.200000000000003,30.1,4.96,1.99,4.96,0.16,0.0,0.0,1027.0,8228.0,0.0,0.0,0.0,0.0,0.0,1.0,0.0,0.0,0.0,0.0,0.0,-0.4,0.0,0.0,0.0,0.0,16.0,25903.0
2026-07-30T19:02:08.900Z,298.383,298.398,0.0,7.4,0.0,0.0,0.0,0.0,0.0,0.0,0.0,0.0,1.0,0.0,0.0,0.0,9.0,4.0,0.0,0.0,0.0,0.0,0.0,0.0,0.0,0.0,5.0,12.0,1.0,12.17,5.0200000000000005,2.51,1.49,0.0,0.0,0.0,134.1,0.0,0.9,0.2,0.4,-169.70000000000002,0.0,0.0,169.8,0.0,21.4,29.1,29.1,30.1,300.0,300.0,31.6,35.800000000000004,29.0,28.200000000000003,30.1,4.95,1.99,4.97,0.16,0.0,0.0,1027.0,8228.0,0.0,0.0,0.0,0.0,0.0,1.0,0.0,0.0,0.0,0.0,0.0,0.5,0.0,-0.3,0.0,0.0,16.0,25903.0
2026-07-30T19:02:08.912Z,298.395,298.41,0.0,7.4,0.0,0.0,0.0,0.0,0.0,0.0,0.0,0.0,1.0,0.0,0.0,0.0,9.0,4.0,0.0,0.0,0.0,0.0,0.0,0.0,0.0,0.0,1.0,12.0,1.0,12.17,5.0200000000000005,2.51,1.49,0.0,0.0,0.0,134.20000000000002,0.0,-0.1,0.2,0.4,-169.70000000000002,0.0,0.0,169.8,0.0,21.4,29.1,29.1,30.1,300.0,300.0,31.6,35.800000000000004,29.0,28.200000000000003,30.1,4.95,1.99,4.96,0.16,0.0,0.0,1027.0,8228.0,0.0,0.0,0.0,0.0,0.0,1.0,0.0,0.0,0.0,0.0,0.0,0.6000000000000001,0.0,-0.3,0.0,0.0,16.0,25903.0
2026-07-30T19:02:08.925Z,298.408,298.422,0.0,7.4,0.0,0.0,0.0,0.0,0.0,0.0,0.0,0.0,1.0,0.0,0.0,0.0,9.0,4.0,0.0,0.0,0.0,0.0,0.0,0.0,0.0,0.0,2.0,12.0,1.0,12.17,5.0200000000000005,2.51,1.49,0.0,0.0,0.0,134.5,0.0,-0.2,0.2,1.6,-169.70000000000002,0.0,0.0,169.8,0.0,21.4,29.1,29.1,30.1,300.0,300.0,31.6,35.800000000000004,29.0,28.200000000000003,30.1,4.96,1.99,4.96,0.16,0.0,0.0,1027.0,8228.0,0.0,0.0,0.0,0.0,0.0,1.0,0.0,0.0,0.0,0.0,0.0,1.4,0.0,-1.4,0.0,0.0,16.0,25903.0
2026-07-30T19:02:08.936Z,298.419,298.434,0.0,7.4,0.0,0.0,0.0,0.0,0.0,0.0,0.0,0.0,1.0,0.0,0.0,0.0,9.0,4.0,0.0,0.0,0.0,0.0,0.0,0.0,0.0,0.0,4.0,12.0,1.0,12.17,5.0200000000000005,2.51,1.49,0.0,0.0,0.0,134.5,0.0,-0.8,-0.3,0.0,-169.70000000000002,0.0,0.0,169.8,0.0,21.4,29.1,29.1,30.1,300.0,300.0,31.6,35.800000000000004,29.0,28.200000000000003,30.1,4.96,1.99,4.96,0.16,0.0,0.0,1027.0,8228.0,0.0,0.0,0.0,0.0,0.0,1.0,0.0,0.0,0.0,0.0,0.0,-0.4,0.0,0.0,0.0,0.0,16.0,25903.0
2026-07-30T19:02:08.949Z,298.432,298.446,0.0,7.4,0.0,0.0,0.0,0.0,0.0,0.0,0.0,0.0,1.0,0.0,0.0,0.0,9.0,4.0,0.0,0.0,0.0,0.0,0.0,0.0,0.0,0.0,5.0,12.0,1.0,12.2,5.0200000000000005,2.5,1.49,0.0,0.0,0.0,134.8,0.0,0.3,-0.9,-1.1,-169.70000000000002,0.0,0.0,169.70000000000002,0.0,21.200000000000003,29.1,29.1,30.1,300.0,300.0,31.6,35.800000000000004,29.0,28.200000000000003,30.1,4.95,1.99,4.97,0.16,0.0,0.0,1027.0,8228.0,0.0,0.0,0.0,0.0,0.0,1.0,0.0,0.0,0.0,0.0,0.0,-1.9,0.0,0.8,0.0,0.0,16.0,25903.0
2026-07-30T19:02:08.960Z,298.443,298.458,0.0,7.4,0.0,0.0,0.0,0.0,0.0,0.0,0.0,0.0,1.0,0.0,0.0,0.0,9.0,4.0,0.0,0.0,0.0,0.0,0.0,0.0,0.0,0.0,6.0,12.0,1.0,12.2,5.0200000000000005,2.5,1.49,0.0,0.0,0.0,134.70000000000002,0.0,-0.7000000000000001,-0.3,0.0,-169.70000000000002,0.0,0.0,169.70000000000002,0.0,21.200000000000003,29.1,29.1,30.1,300.0,300.0,31.6,35.800000000000004,29.0,28.200000000000003,30.1,4.95,1.99,4.96,0.16,0.0,0.0,1027.0,8228.0,0.0,0.0,0.0,0.0,0.0,1.0,0.0,0.0,0.0,0.0,0.0,-0.4,0.0,0.0,0.0,0.0,16.0,25903.0
2026-07-30T19:02:08.972Z,298.455,298.47,0.0,7.4,0.0,0.0,0.0,0.0,0.0,0.0,0.0,0.0,1.0,0.0,0.0,0.0,9.0,4.0,0.0,0.0,0.0,0.0,0.0,0.0,0.0,0.0,1.0,12.0,1.0,12.2,5.0200000000000005,2.5,1.49,0.0,0.0,0.0,134.5,0.0,-0.2,0.2,-0.6000000000000001,-169.70000000000002,0.0,0.0,169.70000000000002,0.0,21.200000000000003,29.1,29.1,30.1,300.0,300.0,31.6,35.800000000000004,29.0,28.200000000000003,30.1,4.96,2.0,4.96,0.16,0.0,0.0,1027.0,8228.0,0.0,0.0,0.0,0.0,0.0,1.0,0.0,0.0,0.0,0.0,0.0,-0.1,0.0,0.5,0.0,0.0,16.0,25903.0
2026-07-30T19:02:08.984Z,298.467,298.482,0.0,7.4,0.0,0.0,0.0,0.0,0.0,0.0,0.0,0.0,1.0,0.0,0.0,0.0,9.0,4.0,0.0,0.0,0.0,0.0,0.0,0.0,0.0,0.0,1.0,12.0,1.0,12.2,5.0200000000000005,2.5,1.49,0.0,0.0,0.0,134.4,0.0,0.3,-0.3,0.5,-169.70000000000002,0.0,0.0,169.70000000000002,0.0,21.200000000000003,29.1,29.1,30.1,300.0,300.0,31.6,35.800000000000004,29.0,28.200000000000003,30.1,4.95,2.0,4.96,0.16,0.0,0.0,1027.0,8228.0,0.0,0.0,0.0,0.0,0.0,1.0,0.0,0.0,0.0,0.0,0.0,0.0,0.0,-0.5,0.0,0.0,16.0,25903.0
2026-07-30T19:02:08.996Z,298.479,298.494,0.0,7.4,0.0,0.0,0.0,0.0,0.0,0.0,0.0,0.0,1.0,0.0,0.0,0.0,9.0,4.0,0.0,0.0,0.0,0.0,0.0,0.0,0.0,0.0,2.0,12.0,1.0,12.2,5.0200000000000005,2.5,1.49,0.0,0.0,0.0,134.3,0.0,-0.1,-0.8,0.5,-169.70000000000002,0.0,0.0,169.8,0.0,21.200000000000003,29.1,29.1,30.1,300.0,300.0,31.6,35.800000000000004,29.0,28.200000000000003,30.1,4.96,2.0,4.97,0.16,0.0,0.0,1027.0,8228.0,0.0,0.0,0.0,0.0,0.0,1.0,0.0,0.0,0.0,0.0,0.0,-0.5,0.0,-0.7000000000000001,0.0,0.0,16.0,25903.0
2026-07-30T19:02:09.008Z,298.491,298.50600000000003,0.0,7.4,0.0,0.0,0.0,0.0,0.0,0.0,0.0,0.0,1.0,0.0,0.0,0.0,9.0,4.0,0.0,0.0,0.0,0.0,0.0,0.0,0.0,0.0,3.0,12.0,1.0,12.2,5.0200000000000005,2.5,1.49,0.0,0.0,0.0,134.3,0.0,0.3,0.2,0.5,-169.70000000000002,0.0,0.0,169.8,0.0,21.200000000000003,29.1,29.1,30.1,300.0,300.0,31.6,35.800000000000004,29.0,28.200000000000003,30.1,4.96,2.0,4.96,0.16,0.0,0.0,1027.0,8228.0,0.0,0.0,0.0,0.0,0.0,1.0,0.0,0.0,0.0,0.0,0.0,0.7000000000000001,0.0,-0.4,0.0,0.0,16.0,25903.0
2026-07-30T19:02:09.020Z,298.503,298.51800000000003,0.0,7.4,0.0,0.0,0.0,0.0,0.0,0.0,0.0,0.0,1.0,0.0,0.0,0.0,9.0,4.0,0.0,0.0,0.0,0.0,0.0,0.0,0.0,0.0,4.0,12.0,1.0,12.2,5.0200000000000005,2.5,1.49,0.0,0.0,0.0,134.1,0.0,-0.7000000000000001,1.4,-0.5,-169.70000000000002,0.0,0.0,169.8,0.0,21.200000000000003,29.1,29.1,30.1,300.0,300.0,31.6,35.800000000000004,29.0,28.200000000000003,30.1,4.96,1.99,4.96,0.16,0.0,0.0,1027.0,8228.0,0.0,0.0,0.0,0.0,0.0,1.0,0.0,0.0,0.0,0.0,0.0,1.1,0.0,0.8,0.0,0.0,16.0,25903.0
2026-07-30T19:02:09.032Z,298.515,298.53000000000003,0.0,7.4,0.0,0.0,0.0,0.0,0.0,0.0,0.0,0.0,1.0,0.0,0.0,0.0,9.0,4.0,0.0,0.0,0.0,0.0,0.0,0.0,0.0,0.0,6.0,12.0,1.0,12.2,5.0200000000000005,2.5,1.49,0.0,0.1,0.0,134.0,0.0,0.3,-0.3,0.0,-169.70000000000002,0.0,0.0,169.60000000000002,0.0,21.200000000000003,29.1,29.1,30.1,300.0,300.0,31.6,35.800000000000004,29.0,28.200000000000003,30.1,4.95,1.99,4.97,0.16,0.0,0.0,1027.0,8228.0,0.0,0.0,0.0,0.0,0.0,1.0,0.0,0.0,0.0,0.0,0.0,-0.3,0.0,0.0,0.0,0.0,16.0,25903.0
2026-07-30T19:02:09.045Z,298.528,298.54200000000003,0.0,7.4,0.0,0.0,0.0,0.0,0.0,0.0,0.0,0.0,1.0,0.0,0.0,0.0,9.0,4.0,0.0,0.0,0.0,0.0,0.0,0.0,0.0,0.0,1.0,12.0,1.0,12.15,5.01,2.51,1.49,0.0,0.1,0.0,133.9,0.0,0.3,-0.3,0.0,-169.70000000000002,0.0,0.0,169.60000000000002,0.0,21.700000000000003,29.1,29.1,30.1,300.0,300.0,31.6,35.800000000000004,28.9,28.200000000000003,30.1,4.96,1.99,4.96,0.16,0.0,0.0,1027.0,8228.0,0.0,0.0,0.0,0.0,0.0,1.0,0.0,0.0,0.0,0.0,0.0,-0.3,0.0,0.0,0.0,0.0001,16.0,25903.0
2026-07-30T19:02:09.056Z,298.539,298.55400000000003,0.0,7.4,0.0,0.0,0.0,0.0,0.0,0.0,0.0,0.0,1.0,0.0,0.0,0.0,9.0,4.0,0.0,0.0,0.0,0.0,0.0,0.0,0.0,0.0,1.0,12.0,1.0,12.15,5.01,2.51,1.49,0.0,0.0,0.0,133.8,0.0,0.3,0.2,0.6000000000000001,-169.70000000000002,0.0,0.0,169.60000000000002,0.0,21.700000000000003,29.1,29.1,30.1,300.0,300.0,31.6,35.800000000000004,28.9,28.200000000000003,30.1,4.96,1.99,4.96,0.16,0.0,0.0,1027.0,8228.0,0.0,0.0,0.0,0.0,0.0,1.0,0.0,0.0,0.0,0.0,0.0,0.6000000000000001,0.0,-0.4,0.0,0.0001,16.0,25903.0
2026-07-30T19:02:09.068Z,298.551,298.56600000000003,0.0,7.4,0.0,0.0,0.0,0.0,0.0,0.0,0.0,0.0,1.0,0.0,0.0,0.0,9.0,4.0,0.0,0.0,0.0,0.0,0.0,0.0,0.0,0.0,2.0,12.0,1.0,12.15,5.01,2.51,1.49,0.0,0.0,0.0,133.70000000000002,0.0,-0.2,1.9,-0.5,-169.70000000000002,0.0,0.0,169.70000000000002,0.0,21.700000000000003,29.1,29.1,30.1,300.0,300.0,31.6,35.800000000000004,28.9,28.200000000000003,30.1,4.95,1.99,4.96,0.17,0.0,0.0,1027.0,8228.0,0.0,0.0,0.0,0.0,0.0,1.0,0.0,0.0,0.0,0.0,0.0,1.7000000000000002,0.0,0.9,0.0,0.0,16.0,25903.0
2026-07-30T19:02:09.080Z,298.563,298.57800000000003,0.0,7.4,0.0,0.0,0.0,0.0,0.0,0.0,0.0,0.0,1.0,0.0,0.0,0.0,9.0,4.0,0.0,0.0,0.0,0.0,0.0,0.0,0.0,0.0,3.0,12.0,1.0,12.15,5.01,2.51,1.49,0.0,0.0,0.0,133.6,0.0,0.3,0.7000000000000001,1.2000000000000002,-169.70000000000002,0.0,0.0,169.70000000000002,0.0,21.700000000000003,29.1,29.1,30.1,300.0,300.0,31.6,35.800000000000004,28.9,28.200000000000003,30.1,4.96,1.99,4.96,0.16,0.0,0.0,1027.0,8228.0,0.0,0.0,0.0,0.0,0.0,1.0,0.0,0.0,0.0,0.0,0.0,1.8,0.0,-0.9,0.0,0.0,16.0,25903.0
2026-07-30T19:02:09.092Z,298.575,298.59000000000003,0.0,7.4,0.0,0.0,0.0,0.0,0.0,0.0,0.0,0.0,1.0,0.0,0.0,0.0,9.0,4.0,0.0,0.0,0.0,0.0,0.0,0.0,0.0,0.0,5.0,12.0,1.0,12.15,5.01,2.51,1.49,0.0,0.1,0.0,133.4,0.0,0.3,-0.9,-0.5,-169.70000000000002,0.0,0.0,169.70000000000002,0.0,21.700000000000003,29.1,29.1,30.1,300.0,300.0,31.6,35.800000000000004,28.9,28.200000000000003,30.1,4.95,1.99,4.96,0.16,0.0,0.0,1027.0,8228.0,0.0,0.0,0.0,0.0,0.0,1.0,0.0,0.0,0.0,0.0,0.0,-1.5,0.0,0.3,0.0,0.0001,16.0,25903.0
2026-07-30T19:02:09.104Z,298.587,298.60200000000003,0.0,7.4,0.0,0.0,0.0,0.0,0.0,0.0,0.0,0.0,1.0,0.0,0.0,0.0,9.0,4.0,0.0,0.0,0.0,0.0,0.0,0.0,0.0,0.0,6.0,12.0,1.0,12.15,5.01,2.51,1.49,0.0,0.0,0.0,133.4,0.0,0.3,0.7000000000000001,0.0,-169.70000000000002,0.0,0.0,169.70000000000002,0.0,21.700000000000003,29.1,29.1,30.1,300.0,300.0,31.6,35.800000000000004,28.9,28.200000000000003,30.1,4.95,1.99,4.97,0.16,0.0,0.0,1027.0,8228.0,0.0,0.0,0.0,0.0,0.0,1.0,0.0,0.0,0.0,0.0,0.0,0.8,0.0,0.1,0.0,0.0,16.0,25903.0
2026-07-30T19:02:09.116Z,298.599,298.61400000000003,0.0,7.4,0.0,0.0,0.0,0.0,0.0,0.0,0.0,0.0,1.0,0.0,0.0,0.0,9.0,4.0,0.0,0.0,0.0,0.0,0.0,0.0,0.0,0.0,1.0,12.0,1.0,12.15,5.01,2.51,1.49,0.0,0.0,0.0,133.3,0.0,-0.8,1.3,0.0,-169.70000000000002,0.0,0.0,169.70000000000002,0.0,21.700000000000003,29.1,29.1,30.1,300.0,300.0,31.6,35.800000000000004,28.9,28.200000000000003,30.1,4.95,1.99,4.97,0.16,0.0,0.0,1027.0,8228.0,0.0,0.0,0.0,0.0,0.0,1.0,0.0,0.0,0.0,0.0,0.0,1.5,0.0,0.3,0.0,0.0,16.0,25903.0
2026-07-30T19:02:09.129Z,298.612,298.62600000000003,0.0,7.4,0.0,0.0,0.0,0.0,0.0,0.0,0.0,0.0,1.0,0.0,0.0,0.0,9.0,4.0,0.0,0.0,0.0,0.0,0.0,0.0,0.0,0.0,2.0,12.0,1.0,12.15,5.01,2.51,1.49,0.0,0.0,0.0,133.20000000000002,0.0,-0.2,-0.3,1.1,-169.70000000000002,0.0,0.0,169.70000000000002,0.0,21.700000000000003,29.1,29.1,30.1,300.0,300.0,31.6,35.800000000000004,28.9,28.200000000000003,30.1,4.96,1.99,4.98,0.16,0.0,0.0,1027.0,8228.0,0.0,0.0,0.0,0.0,0.0,1.0,0.0,0.0,0.0,0.0,0.0,0.4,0.0,-1.1,0.0,0.0,16.0,25903.0
2026-07-30T19:02:09.140Z,298.623,298.63800000000003,0.0,7.4,0.0,0.0,0.0,0.0,0.0,0.0,0.0,0.0,1.0,0.0,0.0,0.0,9.0,4.0,0.0,0.0,0.0,0.0,0.0,0.0,0.0,0.0,2.0,12.0,1.0,12.15,5.01,2.51,1.49,0.0,0.0,0.0,133.1,0.0,0.3,-0.3,0.0,-169.70000000000002,0.0,0.0,169.70000000000002,0.0,21.700000000000003,29.1,29.1,30.1,300.0,300.0,31.6,35.800000000000004,28.9,28.200000000000003,30.1,4.95,1.99,4.96,0.16,0.0,0.0,1027.0,8228.0,0.0,0.0,0.0,0.0,0.0,1.0,0.0,0.0,0.0,0.0,0.0,-0.4,0.0,0.0,0.0,0.0,16.0,25903.0
2026-07-30T19:02:09.152Z,298.635,298.65000000000003,0.0,7.4,0.0,0.0,0.0,0.0,0.0,0.0,0.0,0.0,1.0,0.0,0.0,0.0,9.0,4.0,0.0,0.0,0.0,0.0,0.0,0.0,0.0,0.0,3.0,12.0,1.0,12.18,5.0200000000000005,2.51,1.49,0.0,0.0,0.0,132.9,0.0,0.8,-0.4,-0.6000000000000001,-169.70000000000002,0.0,0.0,169.8,0.0,22.1,29.1,29.1,30.1,300.0,300.0,31.6,35.7,29.0,28.200000000000003,30.1,4.95,2.0,4.96,0.16,0.0,0.0,1027.0,8228.0,0.0,0.0,0.0,0.0,0.0,1.0,0.0,0.0,0.0,0.0,0.0,-0.9,0.0,0.4,0.0,0.0,16.0,25903.0
2026-07-30T19:02:09.164Z,298.647,298.66200000000003,0.0,7.4,0.0,0.0,0.0,0.0,0.0,0.0,0.0,0.0,1.0,0.0,0.0,0.0,9.0,4.0,0.0,0.0,0.0,0.0,0.0,0.0,0.0,0.0,4.0,12.0,1.0,12.18,5.0200000000000005,2.51,1.49,0.0,0.0,0.0,132.8,0.0,-0.2,-0.3,0.5,-169.70000000000002,0.0,0.0,169.70000000000002,0.0,22.1,29.1,29.1,30.1,300.0,300.0,31.6,35.7,29.0,28.200000000000003,30.1,4.96,2.0,4.96,0.16,0.0,0.0,1027.0,8228.0,0.0,0.0,0.0,0.0,0.0,1.0,0.0,0.0,0.0,0.0,0.0,0.0,0.0,-0.5,0.0,0.0001,16.0,25903.0
2026-07-30T19:02:09.176Z,298.659,298.674,0.0,7.4,0.0,0.0,0.0,0.0,0.0,0.0,0.0,0.0,1.0,0.0,0.0,0.0,9.0,4.0,0.0,0.0,0.0,0.0,0.0,0.0,0.0,0.0,5.0,12.0,1.0,12.18,5.0200000000000005,2.51,1.49,0.0,0.0,0.0,132.8,0.0,-0.3,0.7000000000000001,0.5,-169.70000000000002,0.0,0.0,169.70000000000002,0.0,22.1,29.1,29.1,30.1,300.0,300.0,31.6,35.7,29.0,28.200000000000003,30.1,4.95,2.0,4.97,0.16,0.0,0.0,1027.0,8228.0,0.0,0.0,0.0,0.0,0.0,1.0,0.0,0.0,0.0,0.0,0.0,1.2000000000000002,0.0,-0.2,0.0,0.0001,16.0,25903.0
2026-07-30T19:02:09.188Z,298.671,298.686,0.0,7.4,0.0,0.0,0.0,0.0,0.0,0.0,0.0,0.0,1.0,0.0,0.0,0.0,9.0,4.0,0.0,0.0,0.0,0.0,0.0,0.0,0.0,0.0,6.0,12.0,1.0,12.18,5.0200000000000005,2.51,1.49,0.0,0.0,0.0,132.6,0.0,-0.3,-0.3,1.1,-169.70000000000002,0.0,0.0,169.8,0.0,22.1,29.1,29.1,30.1,300.0,300.0,31.6,35.7,29.0,28.200000000000003,30.1,4.95,1.99,4.97,0.16,0.0,0.0,1027.0,8228.0,0.0,0.0,0.0,0.0,0.0,1.0,0.0,0.0,0.0,0.0,0.0,0.3,0.0,-1.0,0.0,0.0,16.0,25903.0
2026-07-30T19:02:09.200Z,298.683,298.698,0.0,7.4,0.0,0.0,0.0,0.0,0.0,0.0,0.0,0.0,1.0,0.0,0.0,0.0,9.0,4.0,0.0,0.0,0.0,0.0,0.0,0.0,0.0,0.0,1.0,12.0,1.0,12.18,5.0200000000000005,2.51,1.49,0.0,0.0,0.0,132.5,0.0,-0.3,0.1,2.2,-169.70000000000002,0.0,0.0,169.8,0.0,22.1,29.1,29.1,30.1,300.0,300.0,31.6,35.7,29.0,28.200000000000003,30.1,4.95,1.99,4.97,0.16,0.0,0.0,1027.0,8228.0,0.0,0.0,0.0,0.0,0.0,1.0,0.0,0.0,0.0,0.0,0.0,1.8,0.0,-1.9,0.0,0.0,16.0,25903.0
2026-07-30T19:02:09.212Z,298.695,298.71,0.0,7.4,0.0,0.0,0.0,0.0,0.0,0.0,0.0,0.0,1.0,0.0,0.0,0.0,9.0,4.0,0.0,0.0,0.0,0.0,0.0,0.0,0.0,0.0,2.0,12.0,1.0,12.18,5.0200000000000005,2.51,1.49,0.0,0.0,0.0,132.4,0.0,-0.3,-0.3,-1.3,-169.70000000000002,0.0,0.0,169.70000000000002,0.0,22.1,29.1,29.1,30.1,300.0,300.0,31.6,35.7,29.0,28.200000000000003,30.1,4.96,1.99,4.97,0.16,0.0,0.0,1027.0,8228.0,0.0,0.0,0.0,0.0,0.0,1.0,0.0,0.0,0.0,0.0,0.0,-1.4,0.0,1.0,0.0,0.0,16.0,25903.0
2026-07-30T19:02:09.224Z,298.707,298.722,0.0,7.4,0.0,0.0,0.0,0.0,0.0,0.0,0.0,0.0,1.0,0.0,0.0,0.0,9.0,4.0,0.0,0.0,0.0,0.0,0.0,0.0,0.0,0.0,3.0,12.0,1.0,12.18,5.0200000000000005,2.51,1.49,0.0,0.1,0.0,132.3,0.0,0.2,0.1,1.0,-169.70000000000002,0.0,0.0,169.70000000000002,0.0,22.1,29.1,29.1,30.1,300.0,300.0,31.6,35.7,29.0,28.200000000000003,30.1,4.95,1.99,4.97,0.16,0.0,0.0,1027.0,8228.0,0.0,0.0,0.0,0.0,0.0,1.0,0.0,0.0,0.0,0.0,0.0,1.0,0.0,-0.8,0.0,0.0,16.0,25903.0
2026-07-30T19:02:09.236Z,298.719,298.734,0.0,7.4,0.0,0.0,0.0,0.0,0.0,0.0,0.0,0.0,1.0,0.0,0.0,0.0,9.0,4.0,0.0,0.0,0.0,0.0,0.0,0.0,0.0,0.0,3.0,12.0,1.0,12.18,5.0200000000000005,2.51,1.49,0.0,0.0,0.0,132.20000000000002,0.0,0.2,1.3,0.0,-169.70000000000002,0.0,0.0,169.8,0.0,22.1,29.1,29.1,30.1,300.0,300.0,31.6,35.7,29.0,28.200000000000003,30.1,4.96,2.0,4.97,0.16,0.0,0.0,1027.0,8228.0,0.0,0.0,0.0,0.0,0.0,1.0,0.0,0.0,0.0,0.0,0.0,1.5,0.0,0.3,0.0,0.0,16.0,25903.0
2026-07-30T19:02:09.250Z,298.733,298.746,0.0,7.4,0.0,0.0,0.0,0.0,0.0,0.0,0.0,0.0,1.0,0.0,0.0,0.0,9.0,4.0,0.0,0.0,0.0,0.0,0.0,0.0,0.0,0.0,4.0,12.0,1.0,12.14,5.0200000000000005,2.51,1.49,0.0,0.0,0.0,132.1,0.0,0.2,-0.3,1.1,-169.70000000000002,0.0,0.0,169.8,0.0,21.8,29.1,29.1,30.1,300.0,300.0,31.6,35.800000000000004,29.0,28.200000000000003,30.1,4.96,2.0,4.96,0.16,0.0,0.0,1027.0,8228.0,0.0,0.0,0.0,0.0,0.0,1.0,0.0,0.0,0.0,0.0,0.0,0.3,0.0,-1.0,0.0,0.0001,16.0,25903.0
2026-07-30T19:02:09.260Z,298.743,298.758,0.0,7.4,0.0,0.0,0.0,0.0,0.0,0.0,0.0,0.0,1.0,0.0,0.0,0.0,9.0,4.0,0.0,0.0,0.0,0.0,0.0,0.0,0.0,0.0,5.0,12.0,1.0,12.14,5.0200000000000005,2.51,1.49,0.0,0.0,0.0,132.0,0.0,-0.8,1.3,0.0,-169.70000000000002,0.0,0.0,169.8,0.0,21.8,29.1,29.1,30.1,300.0,300.0,31.6,35.800000000000004,29.0,28.200000000000003,30.1,4.95,1.99,4.96,0.16,0.0,0.0,1027.0,8228.0,0.0,0.0,0.0,0.0,0.0,1.0,0.0,0.0,0.0,0.0,0.0,1.5,0.0,0.3,0.0,0.0,16.0,25903.0
2026-07-30T19:02:09.272Z,298.755,298.77,0.0,7.4,0.0,0.0,0.0,0.0,0.0,0.0,0.0,0.0,1.0,0.0,0.0,0.0,9.0,4.0,0.0,0.0,0.0,0.0,0.0,0.0,0.0,0.0,1.0,12.0,1.0,12.14,5.0200000000000005,2.51,1.49,0.0,0.0,0.0,131.8,0.0,0.8,-0.3,-0.6000000000000001,-169.70000000000002,0.0,0.0,169.8,0.0,21.8,29.1,29.1,30.1,300.0,300.0,31.6,35.800000000000004,29.0,28.200000000000003,30.1,4.95,1.99,4.97,0.16,0.0,0.0,1027.0,8228.0,0.0,0.0,0.0,0.0,0.0,1.0,0.0,0.0,0.0,0.0,0.0,-0.8,0.0,0.5,0.0,0.0,16.0,25903.0
2026-07-30T19:02:09.284Z,298.767,298.782,0.0,7.4,0.0,0.0,0.0,0.0,0.0,0.0,0.0,0.0,1.0,0.0,0.0,0.0,9.0,4.0,0.0,0.0,0.0,0.0,0.0,0.0,0.0,0.0,2.0,12.0,1.0,12.14,5.0200000000000005,2.51,1.49,0.0,0.0,0.0,131.8,0.0,0.9,0.8,0.5,-169.70000000000002,0.0,0.0,169.8,0.0,21.8,29.1,29.1,30.1,300.0,300.0,31.6,35.800000000000004,29.0,28.200000000000003,30.1,4.96,1.99,4.96,0.16,0.0,0.0,1027.0,8228.0,0.0,0.0,0.0,0.0,0.0,1.0,0.0,0.0,0.0,0.0,0.0,1.3,0.0,-0.2,0.0,0.0,16.0,25903.0
2026-07-30T19:02:09.296Z,298.779,298.794,0.0,7.4,0.0,0.0,0.0,0.0,0.0,0.0,0.0,0.0,1.0,0.0,0.0,0.0,9.0,4.0,0.0,0.0,0.0,0.0,0.0,0.0,0.0,0.0,2.0,12.0,1.0,12.14,5.0200000000000005,2.51,1.49,0.0,0.0,0.0,131.6,0.0,-0.2,1.3,0.0,-169.70000000000002,0.0,0.0,169.8,0.0,21.8,29.1,29.1,30.1,300.0,300.0,31.6,35.800000000000004,29.0,28.200000000000003,30.1,4.96,1.99,4.97,0.16,0.0,0.0,1027.0,8228.0,0.0,0.0,0.0,0.0,0.0,1.0,0.0,0.0,0.0,0.0,0.0,1.4,0.0,0.3,0.0,0.0,16.0,25903.0
2026-07-30T19:02:09.308Z,298.791,298.806,0.0,7.4,0.0,0.0,0.0,0.0,0.0,0.0,0.0,0.0,1.0,0.0,0.0,0.0,9.0,4.0,0.0,0.0,0.0,0.0,0.0,0.0,0.0,0.0,3.0,12.0,1.0,12.14,5.0200000000000005,2.51,1.49,-0.1,0.0,0.0,131.6,0.0,-0.3,-0.4,0.4,-169.70000000000002,0.0,0.0,169.70000000000002,0.0,21.8,29.1,29.1,30.1,300.0,300.0,31.6,35.800000000000004,29.0,28.200000000000003,30.1,4.95,1.99,4.97,0.16,0.0,0.0,1027.0,8228.0,0.0,0.0,0.0,0.0,0.0,1.0,0.0,0.0,0.0,0.0,0.0,-0.1,0.0,-0.4,0.0,0.0,16.0,25903.0
2026-07-30T19:02:09.320Z,298.803,298.818,0.0,7.4,0.0,0.0,0.0,0.0,0.0,0.0,0.0,0.0,1.0,0.0,0.0,0.0,9.0,4.0,0.0,0.0,0.0,0.0,0.0,0.0,0.0,0.0,4.0,12.0,1.0,12.14,5.0200000000000005,2.51,1.49,0.0,0.0,0.0,131.4,0.0,0.8,0.1,1.0,-169.70000000000002,0.0,0.0,169.8,0.0,21.8,29.1,29.1,30.1,300.0,300.0,31.6,35.800000000000004,29.0,28.200000000000003,30.1,4.96,1.99,4.96,0.16,0.0,0.0,1027.0,8228.0,0.0,0.0,0.0,0.0,0.0,1.0,0.0,0.0,0.0,0.0,0.0,0.9,0.0,-0.8,0.0,0.0001,16.0,25903.0
2026-07-30T19:02:09.332Z,298.815,298.83,0.0,7.4,0.0,0.0,0.0,0.0,0.0,0.0,0.0,0.0,1.0,0.0,0.0,0.0,9.0,4.0,0.0,0.0,0.0,0.0,0.0,0.0,0.0,0.0,5.0,12.0,1.0,12.14,5.0200000000000005,2.51,1.49,0.0,0.0,0.0,131.4,0.0,-0.2,-0.4,-0.7000000000000001,-169.70000000000002,0.0,0.0,169.70000000000002,0.0,21.8,29.1,29.1,30.1,300.0,300.0,31.6,35.800000000000004,29.0,28.200000000000003,30.1,4.95,2.0,4.96,0.16,0.0,0.0,1027.0,8228.0,0.0,0.0,0.0,0.0,0.0,1.0,0.0,0.0,0.0,0.0,0.0,-1.1,0.0,0.5,0.0,0.0001,16.0,25903.0
2026-07-30T19:02:09.344Z,298.827,298.842,0.0,7.4,0.0,0.0,0.0,0.0,0.0,0.0,0.0,0.0,1.0,0.0,0.0,0.0,9.0,4.0,0.0,0.0,0.0,0.0,0.0,0.0,0.0,0.0,6.0,12.0,1.0,12.14,5.0200000000000005,2.51,1.49,0.0,0.1,0.0,131.3,0.0,-0.8,1.2000000000000002,-0.1,-169.70000000000002,0.0,0.0,169.70000000000002,0.0,21.8,29.1,29.1,30.1,300.0,300.0,31.6,35.800000000000004,29.0,28.200000000000003,30.1,4.95,1.99,4.97,0.16,0.0,0.0,1027.0,8228.0,0.0,0.0,0.0,0.0,0.0,1.0,0.0,0.0,0.0,0.0,0.0,1.3,0.0,0.3,0.0,0.0,16.0,25903.0
2026-07-30T19:02:09.356Z,298.839,298.854,0.0,7.4,0.0,0.0,0.0,0.0,0.0,0.0,0.0,0.0,1.0,0.0,0.0,0.0,9.0,4.0,0.0,0.0,0.0,0.0,0.0,0.0,0.0,0.0,2.0,12.0,1.0,12.17,5.0200000000000005,2.51,1.49,0.0,0.0,0.0,131.1,0.0,-0.2,0.1,-0.1,-169.70000000000002,0.0,0.0,169.8,0.0,21.3,29.1,29.1,30.1,300.0,300.0,31.5,35.800000000000004,29.0,28.3,30.1,4.96,1.99,4.97,0.16,0.0,0.0,1027.0,8228.0,0.0,0.0,0.0,0.0,0.0,1.0,0.0,0.0,0.0,0.0,0.0,-0.6000000000000001,0.0,0.0,0.0,0.0,16.0,25903.0
2026-07-30T19:02:09.368Z,298.851,298.866,0.0,7.4,0.0,0.0,0.0,0.0,0.0,0.0,0.0,0.0,1.0,0.0,0.0,0.0,9.0,4.0,0.0,0.0,0.0,0.0,0.0,0.0,0.0,0.0,3.0,12.0,1.0,12.17,5.0200000000000005,2.51,1.49,0.0,0.1,0.0,131.0,0.0,0.2,0.1,-0.7000000000000001,-169.70000000000002,0.0,0.0,169.8,0.0,21.3,29.1,29.1,30.1,300.0,300.0,31.5,35.800000000000004,29.0,28.3,30.1,4.96,1.99,4.96,0.16,0.0,0.0,1027.0,8228.0,0.0,0.0,0.0,0.0,0.0,1.0,0.0,0.0,0.0,0.0,0.0,1.0,0.0,-2.0,0.0,0.0,16.0,25903.0
2026-07-30T19:02:09.380Z,298.863,298.878,0.0,7.4,0.0,0.0,0.0,0.0,0.0,0.0,0.0,0.0,1.0,0.0,0.0,0.0,9.0,4.0,0.0,0.0,0.0,0.0,0.0,0.0,0.0,0.0,4.0,12.0,1.0,12.17,5.0200000000000005,2.51,1.49,0.0,0.0,0.0,131.1,0.0,-0.8,-0.4,0.4,-169.70000000000002,0.0,0.0,169.8,0.0,21.3,29.1,29.1,30.1,300.0,300.0,31.5,35.800000000000004,29.0,28.3,30.1,4.96,1.99,4.96,0.16,0.0,0.0,1027.0,8228.0,0.0,0.0,0.0,0.0,0.0,1.0,0.0,0.0,0.0,0.0,0.0,-0.1,0.0,-0.4,0.0,0.0,16.0,25903.0
2026-07-30T19:02:09.392Z,298.875,298.89,0.0,7.4,0.0,0.0,0.0,0.0,0.0,0.0,0.0,0.0,1.0,0.0,0.0,0.0,9.0,4.0,0.0,0.0,0.0,0.0,0.0,0.0,0.0,0.0,5.0,12.0,1.0,12.17,5.0200000000000005,2.51,1.49,0.0,0.0,0.0,131.20000000000002,0.0,0.2,1.2000000000000002,-0.7000000000000001,-169.70000000000002,0.0,0.0,169.8,0.0,21.3,29.1,29.1,30.1,300.0,300.0,31.5,35.800000000000004,29.0,28.3,30.1,4.96,2.0,4.96,0.16,0.0,0.0,1027.0,8228.0,0.0,0.0,0.0,0.0,0.0,1.0,0.0,0.0,0.0,0.0,0.0,0.8,0.0,-0.8,0.0,0.0,16.0,25903.0
2026-07-30T19:02:09.404Z,298.887,298.902,0.0,7.4,0.0,0.0,0.0,0.0,0.0,0.0,0.0,0.0,1.0,0.0,0.0,0.0,9.0,4.0,0.0,0.0,0.0,0.0,0.0,0.0,0.0,0.0,6.0,12.0,1.0,12.17,5.0200000000000005,2.51,1.49,0.0,0.0,0.0,131.5,0.0,0.8,0.0,0.9,-169.70000000000002,0.0,0.0,169.8,0.0,21.3,29.1,29.1,30.1,300.0,300.0,31.5,35.800000000000004,29.0,28.3,30.1,4.96,2.0,4.96,0.16,0.0,0.0,1027.0,8228.0,0.0,0.0,0.0,0.0,0.0,1.0,0.0,0.0,0.0,0.0,0.0,0.8,0.0,-0.8,0.0,0.0,16.0,25903.0
2026-07-30T19:02:09.416Z,298.899,298.914,0.0,7.4,0.0,0.0,0.0,0.0,0.0,0.0,0.0,0.0,1.0,0.0,0.0,0.0,9.0,4.0,0.0,0.0,0.0,0.0,0.0,0.0,0.0,0.0,1.0,12.0,1.0,12.17,5.0200000000000005,2.51,1.49,0.0,0.0,0.0,131.6,0.0,0.2,-0.4,0.3,-169.70000000000002,0.0,0.0,169.8,0.0,21.3,29.1,29.1,30.1,300.0,300.0,31.5,35.800000000000004,29.0,28.3,30.1,4.96,2.0,4.97,0.16,0.0,0.0,1027.0,8228.0,0.0,0.0,0.0,0.0,0.0,1.0,0.0,0.0,0.0,0.0,0.0,-0.2,0.0,-0.4,0.0,0.0,16.0,25903.0
2026-07-30T19:02:09.428Z,298.911,298.926,0.0,7.4,0.0,0.0,0.0,0.0,0.0,0.0,0.0,0.0,1.0,0.0,0.0,0.0,9.0,4.0,0.0,0.0,0.0,0.0,0.0,0.0,0.0,0.0,2.0,12.0,1.0,12.17,5.0200000000000005,2.51,1.49,0.0,0.1,0.0,131.8,0.0,-0.3,-0.4,0.9,-169.70000000000002,0.0,0.0,169.70000000000002,0.0,21.3,29.1,29.1,30.1,300.0,300.0,31.5,35.800000000000004,29.0,28.3,30.1,4.95,1.99,4.97,0.16,0.0,0.0,1027.0,8228.0,0.0,0.0,0.0,0.0,0.0,1.0,0.0,0.0,0.0,0.0,0.0,0.1,0.0,-0.9,0.0,0.0,16.0,25903.0
2026-07-30T19:02:09.440Z,298.923,298.938,0.0,7.4,0.0,0.0,0.0,0.0,0.0,0.0,0.0,0.0,1.0,0.0,0.0,0.0,9.0,4.0,0.0,0.0,0.0,0.0,0.0,0.0,0.0,0.0,3.0,12.0,1.0,12.17,5.0200000000000005,2.51,1.49,0.0,0.0,0.0,132.0,0.0,0.8,0.0,0.3,-169.70000000000002,0.0,0.0,169.70000000000002,0.0,21.3,29.1,29.1,30.1,300.0,300.0,31.5,35.800000000000004,29.0,28.3,30.1,4.95,1.99,4.96,0.16,0.0,0.0,1027.0,8228.0,0.0,0.0,0.0,0.0,0.0,1.0,0.0,0.0,0.0,0.0,0.0,0.3,0.0,-0.3,0.0,0.0,16.0,25903.0
2026-07-30T19:02:09.453Z,298.936,298.95,0.0,7.4,0.0,0.0,0.0,0.0,0.0,0.0,0.0,0.0,1.0,0.0,0.0,0.0,9.0,4.0,0.0,0.0,0.0,0.0,0.0,0.0,0.0,0.0,4.0,12.0,1.0,12.19,5.01,2.5,1.49,0.0,0.0,0.0,132.20000000000002,0.0,0.2,0.0,0.3,-169.70000000000002,0.0,0.0,169.70000000000002,0.0,21.700000000000003,29.1,29.1,30.1,300.0,300.0,31.6,35.800000000000004,28.9,28.200000000000003,30.1,4.96,1.99,4.96,0.15,0.0,0.0,1027.0,8228.0,0.0,0.0,0.0,0.0,0.0,1.0,0.0,0.0,0.0,0.0,0.0,0.3,0.0,-0.3,0.0,0.0,16.0,25903.0
2026-07-30T19:02:09.464Z,298.947,298.962,0.0,7.4,0.0,0.0,0.0,0.0,0.0,0.0,0.0,0.0,1.0,0.0,0.0,0.0,9.0,4.0,0.0,0.0,0.0,0.0,0.0,0.0,0.0,0.0,5.0,12.0,1.0,12.19,5.01,2.5,1.49,0.0,0.0,0.0,132.4,0.0,0.2,-0.4,-1.3,-169.70000000000002,0.0,0.0,169.70000000000002,0.0,21.700000000000003,29.1,29.1,30.1,300.0,300.0,31.6,35.800000000000004,28.9,28.200000000000003,30.1,4.95,1.99,4.97,0.16,0.0,0.0,1027.0,8228.0,0.0,0.0,0.0,0.0,0.0,1.0,0.0,0.0,0.0,0.0,0.0,-1.5,0.0,1.1,0.0,0.0001,16.0,25903.0
2026-07-30T19:02:09.476Z,298.959,298.974,0.0,7.4,0.0,0.0,0.0,0.0,0.0,0.0,0.0,0.0,1.0,0.0,0.0,0.0,9.0,4.0,0.0,0.0,0.0,0.0,0.0,0.0,0.0,0.0,6.0,12.0,1.0,12.19,5.01,2.5,1.49,0.0,0.0,0.0,132.6,0.0,0.2,-1.0,-0.8,-169.70000000000002,0.0,0.0,169.70000000000002,0.0,21.700000000000003,29.1,29.1,30.1,300.0,300.0,31.6,35.800000000000004,28.9,28.200000000000003,30.1,4.96,1.99,4.97,0.16,0.0,0.0,1027.0,8228.0,0.0,0.0,0.0,0.0,0.0,1.0,0.0,0.0,0.0,0.0,0.0,-1.8,0.0,0.5,0.0,0.0,16.0,25903.0
2026-07-30T19:02:09.488Z,298.971,298.986,0.0,7.4,0.0,0.0,0.0,0.0,0.0,0.0,0.0,0.0,1.0,0.0,0.0,0.0,9.0,4.0,0.0,0.0,0.0,0.0,0.0,0.0,0.0,0.0,1.0,12.0,1.0,12.19,5.01,2.5,1.49,0.0,0.1,0.0,132.8,0.0,-0.3,-0.4,-0.8,-169.70000000000002,0.0,0.0,169.70000000000002,0.0,21.700000000000003,29.1,29.1,30.1,300.0,300.0,31.6,35.800000000000004,28.9,28.200000000000003,30.1,4.96,1.99,4.96,0.16,0.0,0.0,1027.0,8228.0,0.0,0.0,0.0,0.0,0.0,1.0,0.0,0.0,0.0,0.0,0.0,-1.1,0.0,0.6000000000000001,0.0,0.0,16.0,25903.0
2026-07-30T19:02:09.500Z,298.983,298.998,0.0,7.4,0.0,0.0,0.0,0.0,0.0,0.0,0.0,0.0,1.0,0.0,0.0,0.0,9.0,4.0,0.0,0.0,0.0,0.0,0.0,0.0,0.0,0.0,3.0,12.0,1.0,12.19,5.01,2.5,1.49,0.0,0.1,0.0,132.9,0.0,-0.3,1.2000000000000002,0.3,-169.70000000000002,0.0,0.0,169.8,0.0,21.700000000000003,29.1,29.1,30.1,300.0,300.0,31.6,35.800000000000004,28.9,28.200000000000003,30.1,4.96,1.99,4.96,0.16,0.0,0.0,1027.0,8228.0,0.0,0.0,0.0,0.0,0.0,1.0,0.0,0.0,0.0,0.0,0.0,1.7000000000000002,0.0,0.0,0.0,0.0001,16.0,25903.0
2026-07-30T19:02:09.512Z,298.995,299.01,0.0,7.4,0.0,0.0,0.0,0.0,0.0,0.0,0.0,0.0,1.0,0.0,0.0,0.0,9.0,4.0,0.0,0.0,0.0,0.0,0.0,0.0,0.0,0.0,4.0,12.0,1.0,12.19,5.01,2.5,1.49,0.0,0.0,0.0,133.1,0.0,-0.3,0.0,-0.1,-169.70000000000002,0.0,0.0,169.70000000000002,0.0,21.700000000000003,29.1,29.1,30.1,300.0,300.0,31.6,35.800000000000004,28.9,28.200000000000003,30.1,4.95,1.99,4.97,0.16,0.0,0.0,1027.0,8228.0,0.0,0.0,0.0,0.0,0.0,1.0,0.0,0.0,0.0,0.0,0.0,0.0,0.0,0.1,0.0,0.0001,16.0,25903.0
2026-07-30T19:02:09.524Z,299.007,299.022,0.0,7.4,0.0,0.0,0.0,0.0,0.0,0.0,0.0,0.0,1.0,0.0,0.0,0.0,9.0,4.0,0.0,0.0,0.0,0.0,0.0,0.0,0.0,0.0,6.0,12.0,1.0,12.19,5.01,2.5,1.49,0.0,0.0,0.0,133.3,0.0,0.2,-0.5,-0.1,-169.70000000000002,0.0,0.0,169.60000000000002,0.0,21.700000000000003,29.1,29.1,30.1,300.0,300.0,31.6,35.800000000000004,28.9,28.200000000000003,30.1,4.96,1.99,4.96,0.16,0.0,0.0,1027.0,8228.0,0.0,0.0,0.0,0.0,0.0,1.0,0.0,0.0,0.0,0.0,0.0,-0.7000000000000001,0.0,0.0,0.0,0.0001,16.0,25903.0
2026-07-30T19:02:09.536Z,299.019,299.034,0.0,7.4,0.0,0.0,0.0,0.0,0.0,0.0,0.0,0.0,1.0,0.0,0.0,0.0,9.0,4.0,0.0,0.0,0.0,0.0,0.0,0.0,0.0,0.0,1.0,12.0,1.0,12.19,5.01,2.5,1.49,0.0,0.0,0.0,133.5,0.0,-0.2,0.0,-1.3,-169.70000000000002,0.0,0.0,169.70000000000002,0.0,21.700000000000003,29.1,29.1,30.1,300.0,300.0,31.6,35.800000000000004,28.9,28.200000000000003,30.1,4.96,2.0,4.97,0.16,0.0,0.0,1027.0,8228.0,0.0,0.0,0.0,0.0,0.0,1.0,0.0,0.0,0.0,0.0,0.0,-0.8,0.0,1.1,0.0,0.0001,16.0,25903.0
2026-07-30T19:02:09.548Z,299.031,299.046,0.0,7.4,0.0,0.0,0.0,0.0,0.0,0.0,0.0,0.0,1.0,0.0,0.0,0.0,9.0,4.0,0.0,0.0,0.0,0.0,0.0,0.0,0.0,0.0,2.0,12.0,1.0,12.19,5.01,2.5,1.49,0.0,0.0,0.0,133.70000000000002,0.0,0.3,0.1,-0.1,-169.70000000000002,0.0,0.0,169.70000000000002,0.0,21.700000000000003,29.1,29.1,30.1,300.0,300.0,31.6,35.800000000000004,28.9,28.200000000000003,30.1,4.95,1.99,4.97,0.16,0.0,0.0,1027.0,8228.0,0.0,0.0,0.0,0.0,0.0,1.0,0.0,0.0,0.0,0.0,0.0,0.0,0.0,0.1,0.0,0.0,16.0,25903.0
2026-07-30T19:02:09.560Z,299.043,299.058,0.0,7.4,0.0,0.0,0.0,0.0,0.0,0.0,0.0,0.0,1.0,0.0,0.0,0.0,9.0,4.0,0.0,0.0,0.0,0.0,0.0,0.0,0.0,0.0,3.0,12.0,1.0,12.18,5.0200000000000005,2.5,1.49,0.0,0.0,0.0,133.9,0.0,-0.3,-1.0,-0.1,-169.70000000000002,0.0,0.0,169.70000000000002,0.0,21.4,29.1,29.1,30.1,300.0,300.0,31.5,35.7,29.0,28.200000000000003,30.1,4.96,1.99,4.97,0.16,0.0,0.0,1027.0,8228.0,0.0,0.0,0.0,0.0,0.0,1.0,0.0,0.0,0.0,0.0,0.0,-1.2000000000000002,0.0,0.0,0.0,0.0,16.0,25903.0
2026-07-30T19:02:09.572Z,299.055,299.07,0.0,7.4,0.0,0.0,0.0,0.0,0.0,0.0,0.0,0.0,1.0,0.0,0.0,0.0,9.0,4.0,0.0,0.0,0.0,0.0,0.0,0.0,0.0,0.0,4.0,12.0,1.0,12.18,5.0200000000000005,2.5,1.49,0.0,0.0,0.0,134.0,0.0,0.8,-1.0,-0.1,-169.70000000000002,0.0,0.0,169.60000000000002,0.0,21.4,29.1,29.1,30.1,300.0,300.0,31.5,35.7,29.0,28.200000000000003,30.1,4.96,1.99,4.97,0.16,0.0,0.0,1027.0,8228.0,0.0,0.0,0.0,0.0,0.0,1.0,0.0,0.0,0.0,0.0,0.0,-1.3,0.0,0.0,0.0,0.0,16.0,25903.0
2026-07-30T19:02:09.584Z,299.067,299.082,0.0,7.4,0.0,0.0,0.0,0.0,0.0,0.0,0.0,0.0,1.0,0.0,0.0,0.0,9.0,4.0,0.0,0.0,0.0,0.0,0.0,0.0,0.0,0.0,5.0,12.0,1.0,12.18,5.0200000000000005,2.5,1.49,0.0,0.0,0.0,134.20000000000002,0.0,0.8,0.0,-0.2,-169.70000000000002,0.0,0.0,169.8,0.0,21.4,29.1,29.1,30.1,300.0,300.0,31.5,35.7,29.0,28.200000000000003,30.1,4.96,1.99,4.97,0.16,0.0,0.0,1027.0,8228.0,0.0,0.0,0.0,0.0,0.0,1.0,0.0,0.0,0.0,0.0,0.0,0.0,0.0,0.2,0.0,0.0001,16.0,25903.0
2026-07-30T19:02:09.596Z,299.079,299.094,0.0,7.4,0.0,0.0,0.0,0.0,0.0,0.0,0.0,0.0,1.0,0.0,0.0,0.0,9.0,4.0,0.0,0.0,0.0,0.0,0.0,0.0,0.0,0.0,6.0,12.0,1.0,12.18,5.0200000000000005,2.5,1.49,0.0,0.0,0.0,134.4,0.0,-0.2,0.1,-0.1,-169.70000000000002,0.0,0.0,169.8,0.0,21.4,29.1,29.1,30.1,300.0,300.0,31.5,35.7,29.0,28.200000000000003,30.1,4.95,2.0,4.97,0.16,0.0,0.0,1027.0,8228.0,0.0,0.0,0.0,0.0,0.0,1.0,0.0,0.0,0.0,0.0,0.0,0.0,0.0,0.1,0.0,0.0001,16.0,25903.0
2026-07-30T19:02:09.608Z,299.091,299.106,0.0,7.4,0.0,0.0,0.0,0.0,0.0,0.0,0.0,0.0,1.0,0.0,0.0,0.0,9.0,4.0,0.0,0.0,0.0,0.0,0.0,0.0,0.0,0.0,2.0,12.0,1.0,12.18,5.0200000000000005,2.5,1.49,0.0,0.0,0.0,134.6,0.0,0.3,0.7000000000000001,1.5,-169.70000000000002,0.0,0.0,169.8,0.0,21.4,29.1,29.1,30.1,300.0,300.0,31.5,35.7,29.0,28.200000000000003,30.1,4.96,2.0,4.96,0.16,0.0,0.0,1027.0,8228.0,0.0,0.0,0.0,0.0,0.0,1.0,0.0,0.0,0.0,0.0,0.0,1.9,0.0,-1.2000000000000002,0.0,0.0,16.0,25903.0
2026-07-30T19:02:09.620Z,299.103,299.118,0.0,7.4,0.0,0.0,0.0,0.0,0.0,0.0,0.0,0.0,1.0,0.0,0.0,0.0,9.0,4.0,0.0,0.0,0.0,0.0,0.0,0.0,0.0,0.0,2.0,12.0,1.0,12.18,5.0200000000000005,2.5,1.49,0.0,0.0,0.0,134.4,0.0,0.9,0.1,-0.7000000000000001,-169.70000000000002,0.0,0.0,169.8,0.0,21.4,29.1,29.1,30.1,300.0,300.0,31.5,35.7,29.0,28.200000000000003,30.1,4.95,1.99,4.96,0.16,0.0,0.0,1027.0,8228.0,0.0,0.0,0.0,0.0,0.0,1.0,0.0,0.0,0.0,0.0,0.0,-0.4,0.0,0.7000000000000001,0.0,0.0,16.0,25903.0
2026-07-30T19:02:09.632Z,299.115,299.13,0.0,7.4,0.0,0.0,0.0,0.0,0.0,0.0,0.0,0.0,1.0,0.0,0.0,0.0,9.0,4.0,0.0,0.0,0.0,0.0,0.0,0.0,0.0,0.0,3.0,12.0,1.0,12.18,5.0200000000000005,2.5,1.49,0.0,0.0,0.0,134.3,0.0,-0.2,1.8,0.9,-169.70000000000002,0.0,0.0,169.70000000000002,0.0,21.4,29.1,29.1,30.1,300.0,300.0,31.5,35.7,29.0,28.200000000000003,30.1,4.95,1.99,4.96,0.16,0.0,0.0,1027.0,8228.0,0.0,0.0,0.0,0.0,0.0,1.0,0.0,0.0,0.0,0.0,0.0,2.8000000000000003,0.0,-0.4,0.0,0.0,16.0,25903.0
2026-07-30T19:02:09.644Z,299.127,299.142,0.0,7.4,0.0,0.0,0.0,0.0,0.0,0.0,0.0,0.0,1.0,0.0,0.0,0.0,9.0,4.0,0.0,0.0,0.0,0.0,0.0,0.0,0.0,0.0,4.0,12.0,1.0,12.18,5.0200000000000005,2.5,1.49,0.0,0.0,0.0,134.20000000000002,0.0,-0.3,-0.5,-1.4,-169.70000000000002,0.0,0.0,169.70000000000002,0.0,21.4,29.1,29.1,30.1,300.0,300.0,31.5,35.7,29.0,28.200000000000003,30.1,4.96,1.99,4.96,0.16,0.0,0.0,1027.0,8228.0,0.0,0.0,0.0,0.0,0.0,1.0,0.0,0.0,0.0,0.0,0.0,-1.6,0.0,1.1,0.0,0.0001,16.0,25903.0
2026-07-30T19:02:09.657Z,299.14,299.154,0.0,7.4,0.0,0.0,0.0,0.0,0.0,0.0,0.0,0.0,1.0,0.0,0.0,0.0,9.0,4.0,0.0,0.0,0.0,0.0,0.0,0.0,0.0,0.0,6.0,12.0,1.0,12.17,5.0200000000000005,2.51,1.49,0.0,0.0,0.0,134.1,0.0,-0.9,-1.0,-1.3,-169.70000000000002,0.0,0.0,169.8,0.0,21.4,29.1,29.1,30.1,300.0,300.0,31.6,35.800000000000004,29.0,28.200000000000003,30.1,4.95,1.99,4.97,0.16,0.0,0.0,1027.0,8228.0,0.0,0.0,0.0,0.0,0.0,1.0,0.0,0.0,0.0,0.0,0.0,-2.2,0.0,0.9,0.0,0.0,16.0,25903.0
2026-07-30T19:02:09.668Z,299.151,299.166,0.0,7.4,0.0,0.0,0.0,0.0,0.0,0.0,0.0,0.0,1.0,0.0,0.0,0.0,9.0,4.0,0.0,0.0,0.0,0.0,0.0,0.0,0.0,0.0,1.0,12.0,1.0,12.17,5.0200000000000005,2.51,1.49,0.0,0.0,0.0,134.1,0.0,0.2,-0.4,-0.1,-169.70000000000002,0.0,0.0,169.8,0.0,21.4,29.1,29.1,30.1,300.0,300.0,31.6,35.800000000000004,29.0,28.200000000000003,30.1,4.96,1.99,4.96,0.16,0.0,0.0,1027.0,8228.0,0.0,0.0,0.0,0.0,0.0,1.0,0.0,0.0,0.0,0.0,0.0,-0.6000000000000001,0.0,0.0,0.0,0.0001,16.0,25903.0
2026-07-30T19:02:09.680Z,299.163,299.178,0.0,7.4,0.0,0.0,0.0,0.0,0.0,0.0,0.0,0.0,1.0,0.0,0.0,0.0,9.0,4.0,0.0,0.0,0.0,0.0,0.0,0.0,0.0,0.0,2.0,12.0,1.0,12.17,5.0200000000000005,2.51,1.49,0.0,0.0,0.0,133.9,0.0,0.8,0.0,1.6,-169.70000000000002,0.0,0.0,169.8,0.0,21.4,29.1,29.1,30.1,300.0,300.0,31.6,35.800000000000004,29.0,28.200000000000003,30.1,4.96,1.99,4.96,0.16,0.0,0.0,1027.0,8228.0,0.0,0.0,0.0,0.0,0.0,1.0,0.0,0.0,0.0,0.0,0.0,1.3,0.0,-1.4,0.0,0.0,16.0,25903.0
2026-07-30T19:02:09.692Z,299.175,299.19,0.0,7.4,0.0,0.0,0.0,0.0,0.0,0.0,0.0,0.0,1.0,0.0,0.0,0.0,9.0,4.0,0.0,0.0,0.0,0.0,0.0,0.0,0.0,0.0,3.0,12.0,1.0,12.17,5.0200000000000005,2.51,1.49,0.0,0.0,0.0,133.8,0.0,0.2,0.6000000000000001,0.9,-169.70000000000002,0.0,0.0,169.8,0.0,21.4,29.1,29.1,30.1,300.0,300.0,31.6,35.800000000000004,29.0,28.200000000000003,30.1,4.96,1.99,4.96,0.16,0.0,0.0,1027.0,8228.0,0.0,0.0,0.0,0.0,0.0,1.0,0.0,0.0,0.0,0.0,0.0,1.4,0.0,-0.7000000000000001,0.0,0.0,16.0,25903.0
2026-07-30T19:02:09.704Z,299.187,299.202,0.0,7.4,0.0,0.0,0.0,0.0,0.0,0.0,0.0,0.0,1.0,0.0,0.0,0.0,9.0,4.0,0.0,0.0,0.0,0.0,0.0,0.0,0.0,0.0,4.0,12.0,1.0,12.17,5.0200000000000005,2.51,1.49,0.0,0.1,0.0,133.70000000000002,0.0,0.2,0.1,-0.2,-169.70000000000002,0.0,0.0,169.8,0.0,21.4,29.1,29.1,30.1,300.0,300.0,31.6,35.800000000000004,29.0,28.200000000000003,30.1,4.95,1.99,4.97,0.16,0.0,0.0,1027.0,8228.0,0.0,0.0,0.0,0.0,0.0,1.0,0.0,0.0,0.0,0.0,0.0,0.0,0.0,0.2,0.0,0.0,16.0,25903.0
2026-07-30T19:02:09.716Z,299.199,299.214,0.0,7.4,0.0,0.0,0.0,0.0,0.0,0.0,0.0,0.0,1.0,0.0,0.0,0.0,9.0,4.0,0.0,0.0,0.0,0.0,0.0,0.0,0.0,0.0,5.0,12.0,1.0,12.17,5.0200000000000005,2.51,1.49,0.0,0.1,0.0,133.6,0.0,-0.9,-0.4,-0.8,-169.70000000000002,0.0,0.0,169.8,0.0,21.4,29.1,29.1,30.1,300.0,300.0,31.6,35.800000000000004,29.0,28.200000000000003,30.1,4.96,1.99,4.96,0.16,0.0,0.0,1027.0,8228.0,0.0,0.0,0.0,0.0,0.0,1.0,0.0,0.0,0.0,0.0,0.0,-1.1,0.0,0.6000000000000001,0.0,0.0,16.0,25903.0
2026-07-30T19:02:09.728Z,299.211,299.226,0.0,7.4,0.0,0.0,0.0,0.0,0.0,0.0,0.0,0.0,1.0,0.0,0.0,0.0,9.0,4.0,0.0,0.0,0.0,0.0,0.0,0.0,0.0,0.0,1.0,12.0,1.0,12.17,5.0200000000000005,2.51,1.49,0.0,0.0,0.0,133.5,0.0,0.2,0.0,-0.2,-169.70000000000002,0.0,0.0,169.70000000000002,0.0,21.4,29.1,29.1,30.1,300.0,300.0,31.6,35.800000000000004,29.0,28.200000000000003,30.1,4.96,1.99,4.96,0.16,0.0,0.0,1027.0,8228.0,0.0,0.0,0.0,0.0,0.0,1.0,0.0,0.0,0.0,0.0,0.0,0.0,0.0,0.2,0.0,0.0,16.0,25903.0
2026-07-30T19:02:09.740Z,299.223,299.238,0.0,7.4,0.0,0.0,0.0,0.0,0.0,0.0,0.0,0.0,1.0,0.0,0.0,0.0,9.0,4.0,0.0,0.0,0.0,0.0,0.0,0.0,0.0,0.0,2.0,12.0,1.0,12.17,5.0200000000000005,2.51,1.49,0.0,0.0,0.0,133.3,0.0,0.2,1.2000000000000002,0.3,-169.70000000000002,0.0,0.0,169.70000000000002,0.0,21.4,29.1,29.1,30.1,300.0,300.0,31.6,35.800000000000004,29.0,28.200000000000003,30.1,4.96,1.99,4.96,0.16,0.0,0.0,1027.0,8228.0,0.0,0.0,0.0,0.0,0.0,1.0,0.0,0.0,0.0,0.0,0.0,1.7000000000000002,0.0,0.0,0.0,0.0001,16.0,25903.0
2026-07-30T19:02:09.752Z,299.235,299.25,0.0,7.4,0.0,0.0,0.0,0.0,0.0,0.0,0.0,0.0,1.0,0.0,0.0,0.0,9.0,4.0,0.0,0.0,0.0,0.0,0.0,0.0,0.0,0.0,3.0,12.0,1.0,12.17,5.0200000000000005,2.51,1.49,0.0,0.0,0.0,133.20000000000002,0.0,-0.3,-0.4,0.3,-169.70000000000002,0.0,0.0,169.8,0.0,21.4,29.1,29.1,30.1,300.0,300.0,31.6,35.800000000000004,29.0,28.200000000000003,30.1,4.95,1.99,4.96,0.16,0.0,0.0,1027.0,8228.0,0.0,0.0,0.0,0.0,0.0,1.0,0.0,0.0,0.0,0.0,0.0,-0.2,0.0,-0.4,0.0,0.0,16.0,25903.0
2026-07-30T19:02:09.764Z,299.247,299.262,0.0,7.4,0.0,0.0,0.0,0.0,0.0,0.0,0.0,0.0,1.0,0.0,0.0,0.0,9.0,4.0,0.0,0.0,0.0,0.0,0.0,0.0,0.0,0.0,4.0,12.0,1.0,12.18,5.0200000000000005,2.51,1.49,0.0,0.0,0.0,133.20000000000002,0.0,-0.3,-1.0,-1.4,-169.70000000000002,0.0,0.0,169.8,0.0,21.700000000000003,29.1,29.1,30.1,300.0,300.0,31.6,35.7,29.0,28.200000000000003,30.1,4.96,1.99,4.96,0.16,0.0,0.0,1027.0,8228.0,0.0,0.0,0.0,0.0,0.0,1.0,0.0,0.0,0.0,0.0,0.0,-2.3000000000000003,0.0,1.0,0.0,0.0,16.0,25903.0
2026-07-30T19:02:09.776Z,299.259,299.274,0.0,7.4,0.0,0.0,0.0,0.0,0.0,0.0,0.0,0.0,1.0,0.0,0.0,0.0,9.0,4.0,0.0,0.0,0.0,0.0,0.0,0.0,0.0,0.0,5.0,12.0,1.0,12.18,5.0200000000000005,2.51,1.49,0.0,0.0,0.0,133.1,0.0,0.8,0.0,0.9,-169.70000000000002,0.0,0.0,169.70000000000002,0.0,21.700000000000003,29.1,29.1,30.1,300.0,300.0,31.6,35.7,29.0,28.200000000000003,30.1,4.96,1.99,4.97,0.16,0.0,0.0,1027.0,8228.0,0.0,0.0,0.0,0.0,0.0,1.0,0.0,0.0,0.0,0.0,0.0,0.8,0.0,-0.8,0.0,0.0,16.0,25903.0
2026-07-30T19:02:09.788Z,299.271,299.286,0.0,7.4,0.0,0.0,0.0,0.0,0.0,0.0,0.0,0.0,1.0,0.0,0.0,0.0,9.0,4.0,0.0,0.0,0.0,0.0,0.0,0.0,0.0,0.0,6.0,12.0,1.0,12.18,5.0200000000000005,2.51,1.49,0.0,0.0,0.0,132.9,0.0,-0.9,0.1,0.9,-169.70000000000002,0.0,0.0,169.8,0.0,21.700000000000003,29.1,29.1,30.1,300.0,300.0,31.6,35.7,29.0,28.200000000000003,30.1,4.95,1.99,4.97,0.16,0.0,0.0,1027.0,8228.0,0.0,0.0,0.0,0.0,0.0,1.0,0.0,0.0,0.0,0.0,0.0,0.8,0.0,-0.8,0.0,0.0,16.0,25903.0
2026-07-30T19:02:09.800Z,299.283,299.298,0.0,7.4,0.0,0.0,0.0,0.0,0.0,0.0,0.0,0.0,1.0,0.0,0.0,0.0,9.0,4.0,0.0,0.0,0.0,0.0,0.0,0.0,0.0,0.0,1.0,12.0,1.0,12.18,5.0200000000000005,2.51,1.49,0.0,0.0,0.0,132.8,0.0,-0.3,-1.0,-0.7000000000000001,-169.70000000000002,0.0,0.0,169.70000000000002,0.0,21.700000000000003,29.1,29.1,30.1,300.0,300.0,31.6,35.7,29.0,28.200000000000003,30.1,4.96,1.99,4.96,0.16,0.0,0.0,1027.0,8228.0,0.0,0.0,0.0,0.0,0.0,1.0,0.0,0.0,0.0,0.0,0.0,-1.7000000000000002,0.0,0.4,0.0,0.0,16.0,25903.0
2026-07-30T19:02:09.813Z,299.296,299.31,0.0,7.4,0.0,0.0,0.0,0.0,0.0,0.0,0.0,0.0,1.0,0.0,0.0,0.0,9.0,4.0,0.0,0.0,0.0,0.0,0.0,0.0,0.0,0.0,1.0,12.0,1.0,12.18,5.0200000000000005,2.51,1.49,0.0,0.0,0.0,132.8,0.0,0.2,-0.3,0.4,-169.70000000000002,0.0,0.0,169.8,0.0,21.700000000000003,29.1,29.1,30.1,300.0,300.0,31.6,35.7,29.0,28.200000000000003,30.1,4.95,2.0,4.96,0.16,0.0,0.0,1027.0,8228.0,0.0,0.0,0.0,0.0,0.0,1.0,0.0,0.0,0.0,0.0,0.0,-0.1,0.0,-0.4,0.0,0.0,16.0,25903.0
2026-07-30T19:02:09.824Z,299.307,299.322,0.0,7.4,0.0,0.0,0.0,0.0,0.0,0.0,0.0,0.0,1.0,0.0,0.0,0.0,9.0,4.0,0.0,0.0,0.0,0.0,0.0,0.0,0.0,0.0,2.0,12.0,1.0,12.18,5.0200000000000005,2.51,1.49,0.0,0.0,0.0,132.6,0.0,-0.3,0.7000000000000001,2.1,-169.70000000000002,0.0,0.0,169.8,0.0,21.700000000000003,29.1,29.1,30.1,300.0,300.0,31.6,35.7,29.0,28.200000000000003,30.1,4.95,1.99,4.97,0.16,0.0,0.0,1027.0,8228.0,0.0,0.0,0.0,0.0,0.0,1.0,0.0,0.0,0.0,0.0,0.0,2.4000000000000004,0.0,-1.7000000000000002,0.0,0.0,16.0,25903.0
2026-07-30T19:02:09.837Z,299.32,299.334,0.0,7.4,0.0,0.0,0.0,0.0,0.0,0.0,0.0,0.0,1.0,0.0,0.0,0.0,9.0,4.0,0.0,0.0,0.0,0.0,0.0,0.0,0.0,0.0,3.0,12.0,1.0,12.18,5.0200000000000005,2.51,1.49,0.0,0.0,0.0,132.5,0.0,-0.3,0.0,-0.7000000000000001,-169.70000000000002,0.0,0.0,169.8,0.0,21.700000000000003,29.1,29.1,30.1,300.0,300.0,31.6,35.7,29.0,28.200000000000003,30.1,4.96,1.99,4.97,0.16,0.0,0.0,1027.0,8228.0,0.0,0.0,0.0,0.0,0.0,1.0,0.0,0.0,0.0,0.0,0.0,-0.4,0.0,0.6000000000000001,0.0,0.0,16.0,25903.0
2026-07-30T19:02:09.848Z,299.331,299.346,0.0,7.4,0.0,0.0,0.0,0.0,0.0,0.0,0.0,0.0,1.0,0.0,0.0,0.0,9.0,4.0,0.0,0.0,0.0,0.0,0.0,0.0,0.0,0.0,4.0,12.0,1.0,12.18,5.0200000000000005,2.51,1.49,0.0,0.0,0.0,132.4,0.0,-0.3,-1.0,0.4,-169.70000000000002,0.0,0.0,169.8,0.0,21.700000000000003,29.1,29.1,30.1,300.0,300.0,31.6,35.7,29.0,28.200000000000003,30.1,4.96,1.99,4.96,0.16,0.0,0.0,1027.0,8228.0,0.0,0.0,0.0,0.0,0.0,1.0,0.0,0.0,0.0,0.0,0.0,-0.8,0.0,-0.5,0.0,0.0,16.0,25903.0
2026-07-30T19:02:09.862Z,299.345,299.358,0.0,7.4,0.0,0.0,0.0,0.0,0.0,0.0,0.0,0.0,1.0,0.0,0.0,0.0,9.0,4.0,0.0,0.0,0.0,0.0,0.0,0.0,0.0,0.0,5.0,12.0,1.0,12.17,5.01,2.51,1.49,0.0,0.0,0.0,132.3,0.0,-0.3,-1.0,-0.1,-169.70000000000002,0.0,0.0,169.70000000000002,0.0,21.4,29.1,29.1,30.1,300.0,300.0,31.6,35.7,28.9,28.200000000000003,30.1,4.95,1.99,4.96,0.16,0.0,0.0,1027.0,8228.0,0.0,0.0,0.0,0.0,0.0,1.0,0.0,0.0,0.0,0.0,0.0,-1.3,0.0,-0.1,0.0,0.0,16.0,25903.0
2026-07-30T19:02:09.872Z,299.355,299.37,0.0,7.4,0.0,0.0,0.0,0.0,0.0,0.0,0.0,0.0,1.0,0.0,0.0,0.0,9.0,4.0,0.0,0.0,0.0,0.0,0.0,0.0,0.0,0.0,6.0,12.0,1.0,12.17,5.01,2.51,1.49,0.0,0.0,0.0,132.20000000000002,0.0,-0.3,0.0,-0.6000000000000001,-169.70000000000002,0.0,0.0,169.8,0.0,21.4,29.1,29.1,30.1,300.0,300.0,31.6,35.7,28.9,28.200000000000003,30.1,4.95,2.0,4.96,0.16,0.0,0.0,1027.0,8228.0,0.0,0.0,0.0,0.0,0.0,1.0,0.0,0.0,0.0,0.0,0.0,-0.8,0.0,1.1,0.0,0.0001,16.0,25903.0
2026-07-30T19:02:09.885Z,299.368,299.382,0.0,7.4,0.0,0.0,0.0,0.0,0.0,0.0,0.0,0.0,1.0,0.0,0.0,0.0,9.0,4.0,0.0,0.0,0.0,0.0,0.0,0.0,0.0,0.0,2.0,12.0,1.0,12.17,5.01,2.51,1.49,0.0,0.0,0.0,132.1,0.0,-0.3,0.1,0.0,-169.70000000000002,0.0,0.0,169.8,0.0,21.4,29.1,29.1,30.1,300.0,300.0,31.6,35.7,28.9,28.200000000000003,30.1,4.96,2.0,4.96,0.16,0.0,0.0,1027.0,8228.0,0.0,0.0,0.0,0.0,0.0,1.0,0.0,0.0,0.0,0.0,0.0,-0.3,0.0,0.6000000000000001,0.0,0.0,16.0,25903.0
2026-07-30T19:02:09.896Z,299.379,299.394,0.0,7.4,0.0,0.0,0.0,0.0,0.0,0.0,0.0,0.0,1.0,0.0,0.0,0.0,9.0,4.0,0.0,0.0,0.0,0.0,0.0,0.0,0.0,0.0,3.0,12.0,1.0,12.17,5.01,2.51,1.49,0.0,0.0,0.0,132.0,0.0,0.2,-1.0,-0.6000000000000001,-169.70000000000002,0.0,0.0,169.8,0.0,21.4,29.1,29.1,30.1,300.0,300.0,31.6,35.7,28.9,28.200000000000003,30.1,4.95,2.0,4.96,0.16,0.0,0.0,1027.0,8228.0,0.0,0.0,0.0,0.0,0.0,1.0,0.0,0.0,0.0,0.0,0.0,-0.6000000000000001,0.0,0.0,0.0,0.0,16.0,25903.0
2026-07-30T19:02:09.908Z,299.391,299.406,0.0,7.4,0.0,0.0,0.0,0.0,0.0,0.0,0.0,0.0,1.0,0.0,0.0,0.0,9.0,4.0,0.0,0.0,0.0,0.0,0.0,0.0,0.0,0.0,4.0,12.0,1.0,12.17,5.01,2.51,1.49,0.0,0.0,0.0,131.8,0.0,0.8,0.6000000000000001,0.5,-169.70000000000002,0.0,0.0,169.70000000000002,0.0,21.4,29.1,29.1,30.1,300.0,300.0,31.6,35.7,28.9,28.200000000000003,30.1,4.95,1.99,4.97,0.16,0.0,0.0,1027.0,8228.0,0.0,0.0,0.0,0.0,0.0,1.0,0.0,0.0,0.0,0.0,0.0,-0.1,0.0,-0.6000000000000001,0.0,0.0,16.0,25903.0
2026-07-30T19:02:09.920Z,299.403,299.418,0.0,7.4,0.0,0.0,0.0,0.0,0.0,0.0,0.0,0.0,1.0,0.0,0.0,0.0,9.0,4.0,0.0,0.0,0.0,0.0,0.0,0.0,0.0,0.0,5.0,12.0,1.0,12.17,5.01,2.51,1.49,0.0,0.0,0.0,131.8,0.0,-0.3,1.2000000000000002,0.0,-169.70000000000002,0.0,0.0,169.8,0.0,21.4,29.1,29.1,30.1,300.0,300.0,31.6,35.7,28.9,28.200000000000003,30.1,4.95,1.99,4.96,0.16,0.0,0.0,1027.0,8228.0,0.0,0.0,0.0,0.0,0.0,1.0,0.0,0.0,0.0,0.0,0.0,1.4,0.0,0.2,0.0,0.0001,16.0,25903.0
2026-07-30T19:02:09.932Z,299.415,299.43,0.0,7.4,0.0,0.0,0.0,0.0,0.0,0.0,0.0,0.0,1.0,0.0,0.0,0.0,9.0,4.0,0.0,0.0,0.0,0.0,0.0,0.0,0.0,0.0,6.0,12.0,1.0,12.17,5.01,2.51,1.49,0.0,0.0,0.0,131.6,0.0,-0.2,0.1,0.0,-169.70000000000002,0.0,0.0,169.70000000000002,0.0,21.4,29.1,29.1,30.1,300.0,300.0,31.6,35.7,28.9,28.200000000000003,30.1,4.96,1.99,4.96,0.16,0.0,0.0,1027.0,8228.0,0.0,0.0,0.0,0.0,0.0,1.0,0.0,0.0,0.0,0.0,0.0,0.1,0.0,0.0,0.0,0.0,16.0,25903.0
2026-07-30T19:02:09.944Z,299.427,299.442,0.0,7.4,0.0,0.0,0.0,0.0,0.0,0.0,0.0,0.0,1.0,0.0,0.0,0.0,9.0,4.0,0.0,0.0,0.0,0.0,0.0,0.0,0.0,0.0,2.0,12.0,1.0,12.17,5.01,2.51,1.49,0.0,0.0,0.0,131.6,0.0,-0.2,-0.9,-1.7000000000000002,-169.70000000000002,0.0,0.0,169.8,0.0,21.4,29.1,29.1,30.1,300.0,300.0,31.6,35.7,28.9,28.200000000000003,30.1,4.95,1.99,4.97,0.16,0.0,0.0,1027.0,8228.0,0.0,0.0,0.0,0.0,0.0,1.0,0.0,0.0,0.0,0.0,0.0,-2.4000000000000004,0.0,1.3,0.0,0.0,16.0,25903.0
2026-07-30T19:02:09.957Z,299.44,299.454,0.0,7.4,0.0,0.0,0.0,0.0,0.0,0.0,0.0,0.0,1.0,0.0,0.0,0.0,9.0,4.0,0.0,0.0,0.0,0.0,0.0,0.0,0.0,0.0,2.0,12.0,1.0,12.17,5.01,2.51,1.49,0.0,0.1,0.0,131.5,0.0,0.3,0.1,2.3000000000000003,-169.70000000000002,0.0,0.0,169.8,0.0,21.4,29.1,29.1,30.1,300.0,300.0,31.6,35.7,28.9,28.200000000000003,30.1,4.96,1.99,4.97,0.16,0.0,0.0,1027.0,8228.0,0.0,0.0,0.0,0.0,0.0,1.0,0.0,0.0,0.0,0.0,0.0,1.9,0.0,-2.0,0.0,0.0,16.0,25903.0
2026-07-30T19:02:09.968Z,299.451,299.466,0.0,7.4,0.0,0.0,0.0,0.0,0.0,0.0,0.0,0.0,1.0,0.0,0.0,0.0,9.0,4.0,0.0,0.0,0.0,0.0,0.0,0.0,0.0,0.0,3.0,12.0,1.0,12.15,5.01,2.5,1.49,0.0,0.0,0.0,131.70000000000002,0.0,0.3,0.2,0.6000000000000001,-169.70000000000002,0.0,0.0,169.70000000000002,0.0,21.700000000000003,29.1,29.1,30.1,300.0,300.0,31.700000000000003,35.800000000000004,29.0,28.200000000000003,30.1,4.96,1.99,4.96,0.16,0.0,0.0,1027.0,8228.0,0.0,0.0,0.0,0.0,0.0,1.0,0.0,0.0,0.0,0.0,0.0,0.7000000000000001,0.0,-0.5,0.0,0.0,16.0,25903.0
2026-07-30T19:02:09.981Z,299.464,299.478,0.0,7.4,0.0,0.0,0.0,0.0,0.0,0.0,0.0,0.0,1.0,0.0,0.0,0.0,9.0,4.0,0.0,0.0,0.0,0.0,0.0,0.0,0.0,0.0,4.0,12.0,1.0,12.15,5.01,2.5,1.49,0.0,0.0,0.0,131.9,0.0,-0.2,1.4,0.0,-169.70000000000002,0.0,0.0,169.8,0.0,21.700000000000003,29.1,29.1,30.1,300.0,300.0,31.700000000000003,35.800000000000004,29.0,28.200000000000003,30.1,4.95,1.99,4.96,0.16,0.0,0.0,1027.0,8228.0,0.0,0.0,0.0,0.0,0.0,1.0,0.0,0.0,0.0,0.0,0.0,1.6,0.0,0.2,0.0,0.0,16.0,25903.0
2026-07-30T19:02:09.992Z,299.475,299.49,0.0,7.4,0.0,0.0,0.0,0.0,0.0,0.0,0.0,0.0,1.0,0.0,0.0,0.0,9.0,4.0,0.0,0.0,0.0,0.0,0.0,0.0,0.0,0.0,5.0,12.0,1.0,12.15,5.01,2.5,1.49,0.0,0.0,0.0,132.1,0.0,0.3,0.2,0.0,-169.70000000000002,0.0,0.0,169.70000000000002,0.0,21.700000000000003,29.1,29.1,30.1,300.0,300.0,31.700000000000003,35.800000000000004,29.0,28.200000000000003,30.1,4.96,1.99,4.97,0.16,0.0,0.0,1027.0,8228.0,0.0,0.0,0.0,0.0,0.0,1.0,0.0,0.0,0.0,0.0,0.0,0.3,0.0,0.0,0.0,0.0,16.0,25903.0
2026-07-30T19:02:10.004Z,299.487,299.502,0.0,7.4,0.0,0.0,0.0,0.0,0.0,0.0,0.0,0.0,1.0,0.0,0.0,0.0,9.0,4.0,0.0,0.0,0.0,0.0,0.0,0.0,0.0,0.0,6.0,12.0,1.0,12.15,5.01,2.5,1.49,0.0,0.0,0.0,132.3,0.0,-0.8,-1.5,0.0,-169.70000000000002,0.0,0.0,169.60000000000002,0.0,21.700000000000003,29.1,29.1,30.1,300.0,300.0,31.700000000000003,35.800000000000004,29.0,28.200000000000003,30.1,4.96,1.99,4.96,0.16,0.0,0.0,1027.0,8228.0,0.0,0.0,0.0,0.0,0.0,1.0,0.0,0.0,0.0,0.0,0.0,-1.6,0.0,-0.3,0.0,0.0,16.0,25903.0
2026-07-30T19:02:10.017Z,299.5,299.514,0.0,7.4,0.0,0.0,0.0,0.0,0.0,0.0,0.0,0.0,1.0,0.0,0.0,0.0,9.0,4.0,0.0,0.0,0.0,0.0,0.0,0.0,0.0,0.0,1.0,12.0,1.0,12.15,5.01,2.5,1.49,0.0,0.0,0.0,132.4,0.0,-0.8,0.2,-0.5,-169.70000000000002,0.0,0.0,169.70000000000002,0.0,21.700000000000003,29.1,29.1,30.1,300.0,300.0,31.700000000000003,35.800000000000004,29.0,28.200000000000003,30.1,4.96,1.99,4.97,0.16,0.0,0.0,1027.0,8228.0,0.0,0.0,0.0,0.0,0.0,1.0,0.0,0.0,0.0,0.0,0.0,-0.1,0.0,0.5,0.0,0.0001,16.0,25903.0
2026-07-30T19:02:10.029Z,299.512,299.526,0.0,7.4,0.0,0.0,0.0,0.0,0.0,0.0,0.0,0.0,1.0,0.0,0.0,0.0,9.0,4.0,0.0,0.0,0.0,0.0,0.0,0.0,0.0,0.0,2.0,12.0,1.0,12.15,5.01,2.5,1.49,0.0,0.0,0.0,132.6,0.0,-0.8,-0.3,0.6000000000000001,-169.70000000000002,0.0,0.0,169.70000000000002,0.0,21.700000000000003,29.1,29.1,30.1,300.0,300.0,31.700000000000003,35.800000000000004,29.0,28.200000000000003,30.1,4.95,1.99,4.97,0.16,0.0,0.0,1027.0,8228.0,0.0,0.0,0.0,0.0,0.0,1.0,0.0,0.0,0.0,0.0,0.0,0.0,0.0,-0.6000000000000001,0.0,0.0,16.0,25903.0
2026-07-30T19:02:10.041Z,299.524,299.538,0.0,7.4,0.0,0.0,0.0,0.0,0.0,0.0,0.0,0.0,1.0,0.0,0.0,0.0,9.0,4.0,0.0,0.0,0.0,0.0,0.0,0.0,0.0,0.0,3.0,12.0,1.0,12.15,5.01,2.5,1.49,0.0,0.0,0.0,132.8,0.0,0.3,0.8,0.0,-169.70000000000002,0.0,0.0,169.60000000000002,0.0,21.700000000000003,29.1,29.1,30.1,300.0,300.0,31.700000000000003,35.800000000000004,29.0,28.200000000000003,30.1,4.95,1.99,4.97,0.16,0.0,0.0,1027.0,8228.0,0.0,0.0,0.0,0.0,0.0,1.0,0.0,0.0,0.0,0.0,0.0,1.0,0.0,0.1,0.0,0.0,16.0,25903.0
2026-07-30T19:02:10.053Z,299.536,299.55,0.0,7.4,0.0,0.0,0.0,0.0,0.0,0.0,0.0,0.0,1.0,0.0,0.0,0.0,9.0,4.0,0.0,0.0,0.0,0.0,0.0,0.0,0.0,0.0,4.0,12.0,1.0,12.15,5.01,2.5,1.49,0.0,0.0,0.0,133.0,0.0,-0.8,-0.2,-0.5,-169.70000000000002,0.0,0.0,169.70000000000002,0.0,21.700000000000003,29.1,29.1,30.1,300.0,300.0,31.700000000000003,35.800000000000004,29.0,28.200000000000003,30.1,4.95,1.99,4.97,0.16,0.0,0.0,1027.0,8228.0,0.0,0.0,0.0,0.0,0.0,1.0,0.0,0.0,0.0,0.0,0.0,-0.6000000000000001,0.0,0.4,0.0,0.0,16.0,25903.0
2026-07-30T19:02:10.066Z,299.549,299.562,0.0,7.4,0.0,0.0,0.0,0.0,0.0,0.0,0.0,0.0,1.0,0.0,0.0,0.0,9.0,4.0,0.0,0.0,0.0,0.0,0.0,0.0,0.0,0.0,6.0,12.0,1.0,12.17,5.0200000000000005,2.51,1.5,0.0,0.0,0.0,133.20000000000002,0.0,0.9,0.8,0.0,-169.70000000000002,0.0,0.0,169.60000000000002,0.0,21.3,29.1,29.1,30.1,300.0,300.0,31.700000000000003,35.7,29.0,28.200000000000003,30.1,4.95,1.99,4.97,0.16,0.0,0.0,1027.0,8228.0,0.0,0.0,0.0,0.0,0.0,1.0,0.0,0.0,0.0,0.0,0.0,1.0,0.0,0.1,0.0,0.0,16.0,25903.0
2026-07-30T19:02:10.076Z,299.559,299.574,0.0,7.4,0.0,0.0,0.0,0.0,0.0,0.0,0.0,0.0,1.0,0.0,0.0,0.0,9.0,4.0,0.0,0.0,0.0,0.0,0.0,0.0,0.0,0.0,1.0,12.0,1.0,12.17,5.0200000000000005,2.51,1.5,0.0,0.0,0.0,133.4,0.0,-0.2,1.4,-1.1,-169.70000000000002,0.0,0.0,169.60000000000002,0.0,21.3,29.1,29.1,30.1,300.0,300.0,31.700000000000003,35.7,29.0,28.200000000000003,30.1,4.95,1.99,4.97,0.16,0.0,0.0,1027.0,8228.0,0.0,0.0,0.0,0.0,0.0,1.0,0.0,0.0,0.0,0.0,0.0,0.7000000000000001,0.0,1.3,0.0,0.0,16.0,25903.0
2026-07-30T19:02:10.088Z,299.571,299.586,0.0,7.4,0.0,0.0,0.0,0.0,0.0,0.0,0.0,0.0,1.0,0.0,0.0,0.0,9.0,4.0,0.0,0.0,0.0,0.0,0.0,0.0,0.0,0.0,2.0,12.0,1.0,12.17,5.0200000000000005,2.51,1.5,0.0,0.0,0.0,133.6,0.0,0.9,0.3,0.0,-169.70000000000002,0.0,0.0,169.60000000000002,0.0,21.3,29.1,29.1,30.1,300.0,300.0,31.700000000000003,35.7,29.0,28.200000000000003,30.1,4.96,1.99,4.96,0.16,0.0,0.0,1027.0,8228.0,0.0,0.0,0.0,0.0,0.0,1.0,0.0,0.0,0.0,0.0,0.0,0.3,0.0,0.0,0.0,0.0,16.0,25903.0
2026-07-30T19:02:10.100Z,299.583,299.598,0.0,7.4,0.0,0.0,0.0,0.0,0.0,0.0,0.0,0.0,1.0,0.0,0.0,0.0,9.0,4.0,0.0,0.0,0.0,0.0,0.0,0.0,0.0,0.0,3.0,12.0,1.0,12.17,5.0200000000000005,2.51,1.5,0.0,0.0,0.0,133.70000000000002,0.0,-0.8,-0.9,0.0,-169.70000000000002,0.0,0.0,169.8,0.0,21.3,29.1,29.1,30.1,300.0,300.0,31.700000000000003,35.7,29.0,28.200000000000003,30.1,4.95,1.99,4.97,0.16,0.0,0.0,1027.0,8228.0,0.0,0.0,0.0,0.0,0.0,1.0,0.0,0.0,0.0,0.0,0.0,-1.0,0.0,-0.1,0.0,0.0,16.0,25903.0
2026-07-30T19:02:10.112Z,299.595,299.61,0.0,7.4,0.0,0.0,0.0,0.0,0.0,0.0,0.0,0.0,1.0,0.0,0.0,0.0,9.0,4.0,0.0,0.0,0.0,0.0,0.0,0.0,0.0,0.0,4.0,12.0,1.0,12.17,5.0200000000000005,2.51,1.5,0.0,0.0,0.0,133.9,0.0,-0.2,-0.3,-1.7000000000000002,-169.70000000000002,0.0,0.0,169.70000000000002,0.0,21.3,29.1,29.1,30.1,300.0,300.0,31.700000000000003,35.7,29.0,28.200000000000003,30.1,4.95,2.0,4.97,0.16,0.0,0.0,1027.0,8228.0,0.0,0.0,0.0,0.0,0.0,1.0,0.0,0.0,0.0,0.0,0.0,-1.7000000000000002,0.0,1.5,0.0,0.0,16.0,25903.0
2026-07-30T19:02:10.124Z,299.607,299.622,0.0,7.4,0.0,0.0,0.0,0.0,0.0,0.0,0.0,0.0,1.0,0.0,0.0,0.0,9.0,4.0,0.0,0.0,0.0,0.0,0.0,0.0,0.0,0.0,5.0,12.0,1.0,12.17,5.0200000000000005,2.51,1.5,0.0,0.0,0.0,134.1,0.0,0.9,0.8,1.6,-169.70000000000002,0.0,0.0,169.8,0.0,21.3,29.1,29.1,30.1,300.0,300.0,31.700000000000003,35.7,29.0,28.200000000000003,30.1,4.95,1.99,4.97,0.16,0.0,0.0,1027.0,8228.0,0.0,0.0,0.0,0.0,0.0,1.0,0.0,0.0,0.0,0.0,0.0,2.2,0.0,-1.2000000000000002,0.0,0.0,16.0,25903.0
2026-07-30T19:02:10.136Z,299.619,299.634,0.0,7.4,0.0,0.0,0.0,0.0,0.0,0.0,0.0,0.0,1.0,0.0,0.0,0.0,9.0,4.0,0.0,0.0,0.0,0.0,0.0,0.0,0.0,0.0,6.0,12.0,1.0,12.17,5.0200000000000005,2.51,1.5,0.0,0.0,0.0,134.3,0.0,0.9,1.4,0.0,-169.70000000000002,0.0,0.0,169.8,0.0,21.3,29.1,29.1,30.1,300.0,300.0,31.700000000000003,35.7,29.0,28.200000000000003,30.1,4.96,1.99,4.97,0.16,0.0,0.0,1027.0,8228.0,0.0,0.0,0.0,0.0,0.0,1.0,0.0,0.0,0.0,0.0,0.0,1.5,0.0,0.3,0.0,0.0,16.0,25903.0
2026-07-30T19:02:10.148Z,299.631,299.646,0.0,7.4,0.0,0.0,0.0,0.0,0.0,0.0,0.0,0.0,1.0,0.0,0.0,0.0,9.0,4.0,0.0,0.0,0.0,0.0,0.0,0.0,0.0,0.0,1.0,12.0,1.0,12.17,5.0200000000000005,2.51,1.5,0.0,0.0,0.0,134.5,0.0,0.8,0.8,1.6,-169.70000000000002,0.0,0.0,169.8,0.0,21.3,29.1,29.1,30.1,300.0,300.0,31.700000000000003,35.7,29.0,28.200000000000003,30.1,4.96,1.99,4.97,0.16,0.0,0.0,1027.0,8228.0,0.0,0.0,0.0,0.0,0.0,1.0,0.0,0.0,0.0,0.0,0.0,2.1,0.0,-1.3,0.0,0.0,16.0,25903.0
2026-07-30T19:02:10.160Z,299.643,299.658,0.0,7.4,0.0,0.0,0.0,0.0,0.0,0.0,0.0,0.0,1.0,0.0,0.0,0.0,9.0,4.0,0.0,0.0,0.0,0.0,0.0,0.0,0.0,0.0,2.0,12.0,1.0,12.17,5.0200000000000005,2.51,1.5,0.0,0.0,0.0,134.6,0.0,0.8,0.1,1.1,-169.70000000000002,0.0,0.0,169.8,0.0,21.3,29.1,29.1,30.1,300.0,300.0,31.700000000000003,35.7,29.0,28.200000000000003,30.1,4.96,1.99,4.96,0.16,0.0,0.0,1027.0,8228.0,0.0,0.0,0.0,0.0,0.0,1.0,0.0,0.0,0.0,0.0,0.0,0.9,0.0,-0.9,0.0,0.0,16.0,25903.0
2026-07-30T19:02:10.172Z,299.655,299.67,0.0,7.4,0.0,0.0,0.0,0.0,0.0,0.0,0.0,0.0,1.0,0.0,0.0,0.0,9.0,4.0,0.0,0.0,0.0,0.0,0.0,0.0,0.0,0.0,3.0,12.0,1.0,12.17,5.01,2.51,1.49,0.0,0.0,0.0,134.8,0.0,0.3,-0.4,-0.6000000000000001,-169.70000000000002,0.0,0.0,169.8,0.0,21.700000000000003,29.1,29.1,30.1,300.0,300.0,31.6,35.800000000000004,29.0,28.200000000000003,30.1,4.96,1.99,4.96,0.16,0.0,0.0,1027.0,8228.0,0.0,0.0,0.0,0.0,0.0,1.0,0.0,0.0,0.0,0.0,0.0,-0.9,0.0,0.4,0.0,0.0,16.0,25903.0
2026-07-30T19:02:10.184Z,299.667,299.682,0.0,7.4,0.0,0.0,0.0,0.0,0.0,0.0,0.0,0.0,1.0,0.0,0.0,0.0,9.0,4.0,0.0,0.0,0.0,0.0,0.0,0.0,0.0,0.0,4.0,12.0,1.0,12.17,5.01,2.51,1.49,0.0,0.0,0.0,135.0,0.0,0.3,0.2,1.7000000000000002,-169.70000000000002,0.0,0.0,169.70000000000002,0.0,21.700000000000003,29.1,29.1,30.1,300.0,300.0,31.6,35.800000000000004,29.0,28.200000000000003,30.1,4.95,1.99,4.97,0.16,0.0,0.0,1027.0,8228.0,0.0,0.0,0.0,0.0,0.0,1.0,0.0,0.0,0.0,0.0,0.0,1.5,0.0,-1.4,0.0,0.0,16.0,25903.0
2026-07-30T19:02:10.196Z,299.679,299.694,0.0,7.4,0.0,0.0,0.0,0.0,0.0,0.0,0.0,0.0,1.0,0.0,0.0,0.0,9.0,4.0,0.0,0.0,0.0,0.0,0.0,0.0,0.0,0.0,6.0,12.0,1.0,12.17,5.01,2.51,1.49,0.0,0.0,0.0,135.1,0.0,0.9,0.2,0.5,-169.70000000000002,0.0,0.0,169.8,0.0,21.700000000000003,29.1,29.1,30.1,300.0,300.0,31.6,35.800000000000004,29.0,28.200000000000003,30.1,4.96,1.99,4.96,0.16,0.0,0.0,1027.0,8228.0,0.0,0.0,0.0,0.0,0.0,1.0,0.0,0.0,0.0,0.0,0.0,0.6000000000000001,0.0,-0.4,0.0,0.0001,16.0,25903.0
2026-07-30T19:02:10.209Z,299.692,299.706,0.0,7.4,0.0,0.0,0.0,0.0,0.0,0.0,0.0,0.0,1.0,0.0,0.0,0.0,9.0,4.0,0.0,0.0,0.0,0.0,0.0,0.0,0.0,0.0,1.0,12.0,1.0,12.17,5.01,2.51,1.49,0.0,0.0,0.0,135.3,0.0,-0.2,0.8,-0.5,-169.70000000000002,0.0,0.0,169.8,0.0,21.700000000000003,29.1,29.1,30.1,300.0,300.0,31.6,35.800000000000004,29.0,28.200000000000003,30.1,4.96,1.99,4.97,0.16,0.0,0.0,1027.0,8228.0,0.0,0.0,0.0,0.0,0.0,1.0,0.0,0.0,0.0,0.0,0.0,0.4,0.0,0.6000000000000001,0.0,0.0,16.0,25903.0
2026-07-30T19:02:10.220Z,299.703,299.718,0.0,7.4,0.0,0.0,0.0,0.0,0.0,0.0,0.0,0.0,1.0,0.0,0.0,0.0,9.0,4.0,0.0,0.0,0.0,0.0,0.0,0.0,0.0,0.0,2.0,12.0,1.0,12.17,5.01,2.51,1.49,0.0,0.0,0.0,135.5,0.0,0.3,0.2,1.1,-169.70000000000002,0.0,0.0,169.8,0.0,21.700000000000003,29.1,29.1,30.1,300.0,300.0,31.6,35.800000000000004,29.0,28.200000000000003,30.1,4.95,1.99,4.97,0.16,0.0,0.0,1027.0,8228.0,0.0,0.0,0.0,0.0,0.0,1.0,0.0,0.0,0.0,0.0,0.0,1.1,0.0,-0.9,0.0,0.0,16.0,25903.0
2026-07-30T19:02:10.232Z,299.715,299.73,0.0,7.4,0.0,0.0,0.0,0.0,0.0,0.0,0.0,0.0,1.0,0.0,0.0,0.0,9.0,4.0,0.0,0.0,0.0,0.0,0.0,0.0,0.0,0.0,4.0,12.0,1.0,12.17,5.01,2.51,1.49,0.0,0.0,0.0,135.5,0.0,0.4,-0.3,-0.5,-169.70000000000002,0.0,0.0,169.70000000000002,0.0,21.700000000000003,29.1,29.1,30.1,300.0,300.0,31.6,35.800000000000004,29.0,28.200000000000003,30.1,4.95,1.99,4.97,0.16,0.0,0.0,1027.0,8228.0,0.0,0.0,0.0,0.0,0.0,1.0,0.0,0.0,0.0,0.0,0.0,-0.7000000000000001,0.0,0.3,0.0,0.0001,16.0,25903.0
2026-07-30T19:02:10.244Z,299.727,299.742,0.0,7.4,0.0,0.0,0.0,0.0,0.0,0.0,0.0,0.0,1.0,0.0,0.0,0.0,9.0,4.0,0.0,0.0,0.0,0.0,0.0,0.0,0.0,0.0,5.0,12.0,1.0,12.17,5.01,2.51,1.49,0.0,0.0,0.0,135.4,0.0,0.3,1.4,0.5,-169.70000000000002,0.0,0.0,169.70000000000002,0.0,21.700000000000003,29.1,29.1,30.1,300.0,300.0,31.6,35.800000000000004,29.0,28.200000000000003,30.1,4.96,2.0,4.96,0.16,0.0,0.0,1027.0,8228.0,0.0,0.0,0.0,0.0,0.0,1.0,0.0,0.0,0.0,0.0,0.0,2.0,0.0,-0.2,0.0,0.0001,16.0,25903.0
2026-07-30T19:02:10.256Z,299.739,299.754,0.0,7.4,0.0,0.0,0.0,0.0,0.0,0.0,0.0,0.0,1.0,0.0,0.0,0.0,9.0,4.0,0.0,0.0,0.0,0.0,0.0,0.0,0.0,0.0,6.0,12.0,1.0,12.17,5.01,2.51,1.49,0.0,0.0,0.0,135.3,0.0,0.3,0.8,0.0,-169.70000000000002,0.0,0.0,169.70000000000002,0.0,21.700000000000003,29.1,29.1,30.1,300.0,300.0,31.6,35.800000000000004,29.0,28.200000000000003,30.1,4.96,1.99,4.97,0.16,0.0,0.0,1027.0,8228.0,0.0,0.0,0.0,0.0,0.0,1.0,0.0,0.0,0.0,0.0,0.0,0.9,0.0,0.1,0.0,0.0,16.0,25903.0
2026-07-30T19:02:10.269Z,299.752,299.766,0.0,7.4,0.0,0.0,0.0,0.0,0.0,0.0,0.0,0.0,1.0,0.0,0.0,0.0,9.0,4.0,0.0,0.0,0.0,0.0,0.0,0.0,0.0,0.0,1.0,12.0,1.0,12.18,5.0200000000000005,2.5,1.49,0.0,0.0,0.0,135.20000000000002,0.0,0.3,0.2,0.0,-169.70000000000002,0.0,0.0,169.8,0.0,21.3,29.1,29.1,30.1,300.0,300.0,31.6,35.800000000000004,29.0,28.200000000000003,30.1,4.95,1.99,4.97,0.16,0.0,0.0,1027.0,8228.0,0.0,0.0,0.0,0.0,0.0,1.0,0.0,0.0,0.0,0.0,0.0,0.2,0.0,0.0,0.0,0.0,16.0,25903.0
2026-07-30T19:02:10.280Z,299.763,299.778,0.0,7.4,0.0,0.0,0.0,0.0,0.0,0.0,0.0,0.0,1.0,0.0,0.0,0.0,9.0,4.0,0.0,0.0,0.0,0.0,0.0,0.0,0.0,0.0,2.0,12.0,1.0,12.18,5.0200000000000005,2.5,1.49,0.0,0.0,0.0,135.0,0.0,-0.7000000000000001,-0.9,0.5,-169.70000000000002,0.0,0.0,169.8,0.0,21.3,29.1,29.1,30.1,300.0,300.0,31.6,35.800000000000004,29.0,28.200000000000003,30.1,4.96,1.99,4.96,0.16,0.0,0.0,1027.0,8228.0,0.0,0.0,0.0,0.0,0.0,1.0,0.0,0.0,0.0,0.0,0.0,-0.6000000000000001,0.0,-0.7000000000000001,0.0,0.0001,16.0,25903.0
2026-07-30T19:02:10.292Z,299.775,299.79,0.0,7.4,0.0,0.0,0.0,0.0,0.0,0.0,0.0,0.0,1.0,0.0,0.0,0.0,9.0,4.0,0.0,0.0,0.0,0.0,0.0,0.0,0.0,0.0,3.0,12.0,1.0,12.18,5.0200000000000005,2.5,1.49,0.0,0.1,0.0,134.9,0.0,-0.2,0.2,-0.5,-169.70000000000002,0.0,0.0,169.70000000000002,0.0,21.3,29.1,29.1,30.1,300.0,300.0,31.6,35.800000000000004,29.0,28.200000000000003,30.1,4.96,1.99,4.97,0.16,0.0,0.0,1027.0,8228.0,0.0,0.0,0.0,0.0,0.0,1.0,0.0,0.0,0.0,0.0,0.0,-0.1,0.0,0.5,0.0,0.0,16.0,25903.0
2026-07-30T19:02:10.304Z,299.787,299.802,0.0,7.4,0.0,0.0,0.0,0.0,0.0,0.0,0.0,0.0,1.0,0.0,0.0,0.0,9.0,4.0,0.0,0.0,0.0,0.0,0.0,0.0,0.0,0.0,4.0,12.0,1.0,12.18,5.0200000000000005,2.5,1.49,0.0,0.0,0.0,134.8,0.0,-0.2,-1.0,0.5,-169.70000000000002,0.0,0.0,169.8,0.0,21.3,29.1,29.1,30.1,300.0,300.0,31.6,35.800000000000004,29.0,28.200000000000003,30.1,4.96,1.99,4.97,0.16,0.0,0.0,1027.0,8228.0,0.0,0.0,0.0,0.0,0.0,1.0,0.0,0.0,0.0,0.0,0.0,-0.7000000000000001,0.0,-0.7000000000000001,0.0,0.0,16.0,25903.0
2026-07-30T19:02:10.317Z,299.8,299.814,0.0,7.4,0.0,0.0,0.0,0.0,0.0,0.0,0.0,0.0,1.0,0.0,0.0,0.0,9.0,4.0,0.0,0.0,0.0,0.0,0.0,0.0,0.0,0.0,5.0,12.0,1.0,12.18,5.0200000000000005,2.5,1.49,0.0,0.0,0.0,134.70000000000002,0.0,0.9,1.3,-0.6000000000000001,-169.70000000000002,0.0,0.0,169.70000000000002,0.0,21.3,29.1,29.1,30.1,300.0,300.0,31.6,35.800000000000004,29.0,28.200000000000003,30.1,4.95,2.0,4.97,0.16,0.0,0.0,1027.0,8228.0,0.0,0.0,0.0,0.0,0.0,1.0,0.0,0.0,0.0,0.0,0.0,1.0,0.0,0.8,0.0,0.0001,16.0,25903.0
2026-07-30T19:02:10.328Z,299.811,299.826,0.0,7.4,0.0,0.0,0.0,0.0,0.0,0.0,0.0,0.0,1.0,0.0,0.0,0.0,9.0,4.0,0.0,0.0,0.0,0.0,0.0,0.0,0.0,0.0,6.0,12.0,1.0,12.18,5.0200000000000005,2.5,1.49,0.0,0.0,0.0,134.70000000000002,0.0,0.3,0.7000000000000001,0.0,-169.70000000000002,0.0,0.0,169.70000000000002,0.0,21.3,29.1,29.1,30.1,300.0,300.0,31.6,35.800000000000004,29.0,28.200000000000003,30.1,4.96,2.0,4.96,0.16,0.0,0.0,1027.0,8228.0,0.0,0.0,0.0,0.0,0.0,1.0,0.0,0.0,0.0,0.0,0.0,0.8,0.0,0.1,0.0,0.0,16.0,25903.0
2026-07-30T19:02:10.340Z,299.823,299.838,0.0,7.4,0.0,0.0,0.0,0.0,0.0,0.0,0.0,0.0,1.0,0.0,0.0,0.0,9.0,4.0,0.0,0.0,0.0,0.0,0.0,0.0,0.0,0.0,2.0,12.0,1.0,12.18,5.0200000000000005,2.5,1.49,0.0,0.0,0.0,134.5,0.0,0.3,-0.3,0.0,-169.70000000000002,0.0,0.0,169.8,0.0,21.3,29.1,29.1,30.1,300.0,300.0,31.6,35.800000000000004,29.0,28.200000000000003,30.1,4.95,1.99,4.97,0.16,0.0,0.0,1027.0,8228.0,0.0,0.0,0.0,0.0,0.0,1.0,0.0,0.0,0.0,0.0,0.0,-0.4,0.0,0.0,0.0,0.0,16.0,25903.0
2026-07-30T19:02:10.352Z,299.835,299.85,0.0,7.4,0.0,0.0,0.0,0.0,0.0,0.0,0.0,0.0,1.0,0.0,0.0,0.0,9.0,4.0,0.0,0.0,0.0,0.0,0.0,0.0,0.0,0.0,3.0,12.0,1.0,12.18,5.0200000000000005,2.5,1.49,0.0,0.0,0.0,134.4,0.0,-0.7000000000000001,0.7000000000000001,1.2000000000000002,-169.70000000000002,0.0,0.0,169.8,0.0,21.3,29.1,29.1,30.1,300.0,300.0,31.6,35.800000000000004,29.0,28.200000000000003,30.1,4.95,1.99,4.96,0.16,0.0,0.0,1027.0,8228.0,0.0,0.0,0.0,0.0,0.0,1.0,0.0,0.0,0.0,0.0,0.0,1.7000000000000002,0.0,-0.9,0.0,0.0,16.0,25903.0
2026-07-30T19:02:10.364Z,299.847,299.862,0.0,7.4,0.0,0.0,0.0,0.0,0.0,0.0,0.0,0.0,1.0,0.0,0.0,0.0,9.0,4.0,0.0,0.0,0.0,0.0,0.0,0.0,0.0,0.0,4.0,12.0,1.0,12.18,5.0200000000000005,2.5,1.49,0.0,0.0,0.0,134.3,0.0,0.4,0.1,0.0,-169.70000000000002,0.0,0.0,169.8,0.0,21.3,29.1,29.1,30.1,300.0,300.0,31.6,35.800000000000004,29.0,28.200000000000003,30.1,4.96,1.99,4.96,0.16,0.0,0.0,1027.0,8228.0,0.0,0.0,0.0,0.0,0.0,1.0,0.0,0.0,0.0,0.0,0.0,0.1,0.0,0.0,0.0,0.0,16.0,25903.0
2026-07-30T19:02:10.376Z,299.859,299.874,0.0,7.4,0.0,0.0,0.0,0.0,0.0,0.0,0.0,0.0,1.0,0.0,0.0,0.0,9.0,4.0,0.0,0.0,0.0,0.0,0.0,0.0,0.0,0.0,5.0,12.0,1.0,12.17,5.01,2.51,1.49,0.0,0.0,0.0,134.20000000000002,0.0,-0.7000000000000001,-0.9,-1.1,-169.70000000000002,0.0,0.0,169.8,0.0,21.700000000000003,29.1,29.1,30.1,300.0,300.0,31.6,35.800000000000004,29.0,28.200000000000003,30.1,4.95,1.99,4.96,0.16,0.0,0.0,1027.0,8228.0,0.0,0.0,0.0,0.0,0.0,1.0,0.0,0.0,0.0,0.0,0.0,-2.0,0.0,0.8,0.0,0.0,16.0,25903.0
2026-07-30T19:02:10.388Z,299.871,299.886,0.0,7.4,0.0,0.0,0.0,0.0,0.0,0.0,0.0,0.0,1.0,0.0,0.0,0.0,9.0,4.0,0.0,0.0,0.0,0.0,0.0,0.0,0.0,0.0,6.0,12.0,1.0,12.17,5.01,2.51,1.49,0.0,0.0,0.0,134.1,0.0,-0.2,-1.0,-0.6000000000000001,-169.70000000000002,0.0,0.0,169.8,0.0,21.700000000000003,29.1,29.1,30.1,300.0,300.0,31.6,35.800000000000004,29.0,28.200000000000003,30.1,4.96,1.99,4.97,0.16,0.0,0.0,1027.0,8228.0,0.0,0.0,0.0,0.0,0.0,1.0,0.0,0.0,0.0,0.0,0.0,-0.5,0.0,0.0,0.0,0.0,16.0,25903.0
2026-07-30T19:02:10.400Z,299.883,299.898,0.0,7.4,0.0,0.0,0.0,0.0,0.0,0.0,0.0,0.0,1.0,0.0,0.0,0.0,9.0,4.0,0.0,0.0,0.0,0.0,0.0,0.0,0.0,0.0,1.0,12.0,1.0,12.17,5.01,2.51,1.49,0.0,0.0,0.0,134.0,0.0,0.3,1.2000000000000002,0.9,-169.70000000000002,0.0,0.0,169.8,0.0,21.700000000000003,29.1,29.1,30.1,300.0,300.0,31.6,35.800000000000004,29.0,28.200000000000003,30.1,4.96,1.99,4.97,0.16,0.0,0.0,1027.0,8228.0,0.0,0.0,0.0,0.0,0.0,1.0,0.0,0.0,0.0,0.0,0.0,-1.1,0.0,0.5,0.0,0.0,16.0,25903.0
2026-07-30T19:02:10.412Z,299.895,299.91,0.0,7.4,0.0,0.0,0.0,0.0,0.0,0.0,0.0,0.0,1.0,0.0,0.0,0.0,9.0,4.0,0.0,0.0,0.0,0.0,0.0,0.0,0.0,0.0,2.0,12.0,1.0,12.17,5.01,2.51,1.49,0.0,0.0,0.0,133.9,0.0,0.3,0.1,-0.7000000000000001,-169.70000000000002,0.0,0.0,169.70000000000002,0.0,21.700000000000003,29.1,29.1,30.1,300.0,300.0,31.6,35.800000000000004,29.0,28.200000000000003,30.1,4.96,1.99,4.97,0.15,0.0,0.0,1027.0,8228.0,0.0,0.0,0.0,0.0,0.0,1.0,0.0,0.0,0.0,0.0,0.0,0.0,0.0,0.1,0.0,0.0,16.0,25903.0
2026-07-30T19:02:10.424Z,299.907,299.922,0.0,7.4,0.0,0.0,0.0,0.0,0.0,0.0,0.0,0.0,1.0,0.0,0.0,0.0,9.0,4.0,0.0,0.0,0.0,0.0,0.0,0.0,0.0,0.0,3.0,12.0,1.0,12.17,5.01,2.51,1.49,0.0,0.0,0.0,133.70000000000002,0.0,-0.2,0.1,0.9,-169.70000000000002,0.0,0.0,169.60000000000002,0.0,21.700000000000003,29.1,29.1,30.1,300.0,300.0,31.6,35.800000000000004,29.0,28.200000000000003,30.1,4.95,1.99,4.97,0.16,0.0,0.0,1027.0,8228.0,0.0,0.0,0.0,0.0,0.0,1.0,0.0,0.0,0.0,0.0,0.0,0.4,0.0,-0.2,0.0,0.0001,16.0,25903.0
2026-07-30T19:02:10.436Z,299.919,299.934,0.0,7.4,0.0,0.0,0.0,0.0,0.0,0.0,0.0,0.0,1.0,0.0,0.0,0.0,9.0,4.0,0.0,0.0,0.0,0.0,0.0,0.0,0.0,0.0,4.0,12.0,1.0,12.17,5.01,2.51,1.49,0.0,0.0,0.0,133.70000000000002,0.0,0.3,0.1,0.3,-169.70000000000002,0.0,0.0,169.8,0.0,21.700000000000003,29.1,29.1,30.1,300.0,300.0,31.6,35.800000000000004,29.0,28.200000000000003,30.1,4.96,1.99,4.96,0.16,0.0,0.0,1027.0,8228.0,0.0,0.0,0.0,0.0,0.0,1.0,0.0,0.0,0.0,0.0,0.0,0.4,0.0,-0.2,0.0,0.0,16.0,25903.0
2026-07-30T19:02:10.448Z,299.931,299.946,0.0,7.4,0.0,0.0,0.0,0.0,0.0,0.0,0.0,0.0,1.0,0.0,0.0,0.0,9.0,4.0,0.0,0.0,0.0,0.0,0.0,0.0,0.0,0.0,5.0,12.0,1.0,12.17,5.01,2.51,1.49,0.0,0.0,0.0,133.5,0.0,-0.2,0.0,-0.7000000000000001,-169.70000000000002,0.0,0.0,169.70000000000002,0.0,21.700000000000003,29.1,29.1,30.1,300.0,300.0,31.6,35.800000000000004,29.0,28.200000000000003,30.1,4.96,1.99,4.96,0.16,0.0,0.0,1027.0,8228.0,0.0,0.0,0.0,0.0,0.0,1.0,0.0,0.0,0.0,0.0,0.0,-0.4,0.0,0.7000000000000001,0.0,0.0001,16.0,25903.0
2026-07-30T19:02:10.460Z,299.943,299.958,0.0,7.4,0.0,0.0,0.0,0.0,0.0,0.0,0.0,0.0,1.0,0.0,0.0,0.0,9.0,4.0,0.0,0.0,0.0,0.0,0.0,0.0,0.0,0.0,6.0,12.0,1.0,12.17,5.01,2.51,1.49,0.0,0.0,0.0,133.5,0.0,0.3,1.8,1.0,-169.70000000000002,0.0,0.0,169.70000000000002,0.0,21.700000000000003,29.1,29.1,30.1,300.0,300.0,31.6,35.800000000000004,29.0,28.200000000000003,30.1,4.95,1.99,4.96,0.16,0.0,0.0,1027.0,8228.0,0.0,0.0,0.0,0.0,0.0,1.0,0.0,0.0,0.0,0.0,0.0,2.9000000000000004,0.0,-0.5,0.0,0.0,16.0,25903.0
2026-07-30T19:02:10.474Z,299.957,299.97,0.0,7.4,0.0,0.0,0.0,0.0,0.0,0.0,0.0,0.0,1.0,0.0,0.0,0.0,9.0,4.0,0.0,0.0,0.0,0.0,0.0,0.0,0.0,0.0,1.0,12.0,1.0,12.17,5.01,2.51,1.49,0.0,0.0,0.0,133.3,0.0,-0.2,0.7000000000000001,-0.1,-169.70000000000002,0.0,0.0,169.70000000000002,0.0,21.200000000000003,29.1,29.1,30.1,300.0,300.0,31.6,35.800000000000004,29.0,28.200000000000003,30.1,4.95,1.99,4.97,0.16,0.0,0.0,1027.0,8228.0,0.0,0.0,0.0,0.0,0.0,1.0,0.0,0.0,0.0,0.0,0.0,0.6000000000000001,0.0,0.3,0.0,0.0,16.0,25903.0
2026-07-30T19:02:10.484Z,299.967,299.982,0.0,7.4,0.0,0.0,0.0,0.0,0.0,0.0,0.0,0.0,1.0,0.0,0.0,0.0,9.0,4.0,0.0,0.0,0.0,0.0,0.0,0.0,0.0,0.0,2.0,12.0,1.0,12.17,5.01,2.51,1.49,0.0,0.0,0.0,133.20000000000002,0.0,-0.2,-1.0,1.0,-169.70000000000002,0.0,0.0,169.60000000000002,0.0,21.200000000000003,29.1,29.1,30.1,300.0,300.0,31.6,35.800000000000004,29.0,28.200000000000003,30.1,4.96,2.0,4.96,0.16,0.0,0.0,1027.0,8228.0,0.0,0.0,0.0,0.0,0.0,1.0,0.0,0.0,0.0,0.0,0.0,-0.4,0.0,-1.1,0.0,0.0,16.0,25903.0
2026-07-30T19:02:10.496Z,299.979,299.994,0.0,7.4,0.0,0.0,0.0,0.0,0.0,0.0,0.0,0.0,1.0,0.0,0.0,0.0,9.0,4.0,0.0,0.0,0.0,0.0,0.0,0.0,0.0,0.0,3.0,12.0,1.0,12.17,5.01,2.51,1.49,0.0,0.0,0.0,133.1,0.0,-0.2,-0.4,0.4,-169.70000000000002,0.0,0.0,169.8,0.0,21.200000000000003,29.1,29.1,30.1,300.0,300.0,31.6,35.800000000000004,29.0,28.200000000000003,30.1,4.96,1.99,4.97,0.15,0.0,0.0,1027.0,8228.0,0.0,0.0,0.0,0.0,0.0,1.0,0.0,0.0,0.0,0.0,0.0,-0.2,0.0,-0.4,0.0,0.0,16.0,25903.0
2026-07-30T19:02:10.508Z,299.991,300.00600000000003,0.0,7.4,0.0,0.0,0.0,0.0,0.0,0.0,0.0,0.0,1.0,0.0,0.0,0.0,9.0,4.0,0.0,0.0,0.0,0.0,0.0,0.0,0.0,0.0,4.0,12.0,1.0,12.17,5.01,2.51,1.49,0.0,0.1,0.0,133.0,0.0,0.3,0.1,-0.1,-169.70000000000002,0.0,0.0,169.8,0.0,21.200000000000003,29.1,29.1,30.1,300.0,300.0,31.6,35.800000000000004,29.0,28.200000000000003,30.1,4.95,1.99,4.97,0.16,0.0,0.0,1027.0,8228.0,0.0,0.0,0.0,0.0,0.0,1.0,0.0,0.0,0.0,0.0,0.0,0.0,0.0,0.1,0.0,0.0001,16.0,25903.0
2026-07-30T19:02:10.521Z,300.004,300.01800000000003,0.0,7.4,0.0,0.0,0.0,0.0,0.0,0.0,0.0,0.0,1.0,0.0,0.0,0.0,9.0,4.0,0.0,0.0,0.0,0.0,0.0,0.0,0.0,0.0,5.0,12.0,1.0,12.17,5.01,2.51,1.49,0.0,0.0,0.0,133.0,0.0,-0.2,-0.4,-0.1,-169.70000000000002,0.0,0.0,169.70000000000002,0.0,21.200000000000003,29.1,29.1,30.1,300.0,300.0,31.6,35.800000000000004,29.0,28.200000000000003,30.1,4.96,1.99,4.97,0.16,0.0,0.0,1027.0,8228.0,0.0,0.0,0.0,0.0,0.0,1.0,0.0,0.0,0.0,0.0,0.0,-0.6000000000000001,0.0,0.0,0.0,0.0001,16.0,25903.0
2026-07-30T19:02:10.533Z,300.016,300.03000000000003,0.0,7.4,0.0,0.0,0.0,0.0,0.0,0.0,0.0,0.0,1.0,0.0,0.0,0.0,9.0,4.0,0.0,0.0,0.0,0.0,0.0,0.0,0.0,0.0,6.0,12.0,1.0,12.17,5.01,2.51,1.49,0.0,0.0,0.0,132.8,0.0,-0.8,0.6000000000000001,-0.1,-169.70000000000002,0.0,0.0,169.8,0.0,21.200000000000003,29.1,29.1,30.1,300.0,300.0,31.6,35.800000000000004,29.0,28.200000000000003,30.1,4.96,1.99,4.96,0.16,0.0,0.0,1027.0,8228.0,0.0,0.0,0.0,0.0,0.0,1.0,0.0,0.0,0.0,0.0,0.0,0.6000000000000001,0.0,0.2,0.0,0.0001,16.0,25903.0
2026-07-30T19:02:10.545Z,300.028,300.04200000000003,0.0,7.4,0.0,0.0,0.0,0.0,0.0,0.0,0.0,0.0,1.0,0.0,0.0,0.0,9.0,4.0,0.0,0.0,0.0,0.0,0.0,0.0,0.0,0.0,1.0,12.0,1.0,12.17,5.01,2.51,1.49,0.0,0.1,0.0,132.70000000000002,0.0,-0.2,0.0,-0.1,-169.70000000000002,0.0,0.0,169.60000000000002,0.0,21.200000000000003,29.1,29.1,30.1,300.0,300.0,31.6,35.800000000000004,29.0,28.200000000000003,30.1,4.96,1.99,4.97,0.16,0.0,0.0,1027.0,8228.0,0.0,0.0,0.0,0.0,0.0,1.0,0.0,0.0,0.0,0.0,0.0,0.0,0.0,0.1,0.0,0.0,16.0,25903.0
2026-07-30T19:02:10.557Z,300.04,300.05400000000003,0.0,7.4,0.0,0.0,0.0,0.0,0.0,0.0,0.0,0.0,1.0,0.0,0.0,0.0,9.0,4.0,0.0,0.0,0.0,0.0,0.0,0.0,0.0,0.0,2.0,12.0,1.0,12.17,5.01,2.51,1.49,0.0,0.1,0.0,132.6,0.0,-0.2,0.7000000000000001,-0.2,-169.70000000000002,0.0,0.0,169.8,0.0,21.200000000000003,29.1,29.1,30.1,300.0,300.0,31.6,35.800000000000004,29.0,28.200000000000003,30.1,4.95,1.99,4.97,0.16,0.0,0.0,1027.0,8228.0,0.0,0.0,0.0,0.0,0.0,1.0,0.0,0.0,0.0,0.0,0.0,0.6000000000000001,0.0,0.3,0.0,0.0,16.0,25903.0
2026-07-30T19:02:10.568Z,300.051,300.06600000000003,0.0,7.4,0.0,0.0,0.0,0.0,0.0,0.0,0.0,0.0,1.0,0.0,0.0,0.0,9.0,4.0,0.0,0.0,0.0,0.0,0.0,0.0,0.0,0.0,3.0,12.0,1.0,12.17,5.01,2.51,1.49,0.0,0.0,0.0,132.5,0.0,0.3,-0.4,-1.9,-169.70000000000002,0.0,0.0,169.70000000000002,0.0,21.200000000000003,29.1,29.1,30.1,300.0,300.0,31.6,35.800000000000004,29.0,28.200000000000003,30.1,4.96,1.99,4.96,0.16,0.0,0.0,1027.0,8228.0,0.0,0.0,0.0,0.0,0.0,1.0,0.0,0.0,0.0,0.0,0.0,-1.9,0.0,1.6,0.0,0.0,16.0,25903.0
2026-07-30T19:02:10.580Z,300.063,300.07800000000003,0.0,7.4,0.0,0.0,0.0,0.0,0.0,0.0,0.0,0.0,1.0,0.0,0.0,0.0,9.0,4.0,0.0,0.0,0.0,0.0,0.0,0.0,0.0,0.0,4.0,12.0,1.0,12.17,5.01,2.51,1.49,0.0,0.0,0.0,132.3,0.0,0.3,-0.4,0.9,-169.70000000000002,0.0,0.0,169.8,0.0,21.4,29.1,29.1,30.1,300.0,300.0,31.700000000000003,35.7,29.0,28.200000000000003,30.1,4.95,1.99,4.97,0.16,0.0,0.0,1027.0,8228.0,0.0,0.0,0.0,0.0,0.0,1.0,0.0,0.0,0.0,0.0,0.0,0.1,0.0,-0.9,0.0,0.0,16.0,25903.0
2026-07-30T19:02:10.592Z,300.075,300.09000000000003,0.0,7.4,0.0,0.0,0.0,0.0,0.0,0.0,0.0,0.0,1.0,0.0,0.0,0.0,9.0,4.0,0.0,0.0,0.0,0.0,0.0,0.0,0.0,0.0,5.0,12.0,1.0,12.17,5.01,2.51,1.49,0.0,0.0,0.0,132.3,0.0,-0.2,0.6000000000000001,-0.2,-169.70000000000002,0.0,0.0,169.70000000000002,0.0,21.4,29.1,29.1,30.1,300.0,300.0,31.700000000000003,35.7,29.0,28.200000000000003,30.1,4.95,1.99,4.96,0.16,0.0,0.0,1027.0,8228.0,0.0,0.0,0.0,0.0,0.0,1.0,0.0,0.0,0.0,0.0,0.0,0.6000000000000001,0.0,0.3,0.0,0.0,16.0,25903.0
2026-07-30T19:02:10.604Z,300.087,300.10200000000003,0.0,7.4,0.0,0.0,0.0,0.0,0.0,0.0,0.0,0.0,1.0,0.0,0.0,0.0,9.0,4.0,0.0,0.0,0.0,0.0,0.0,0.0,0.0,0.0,6.0,12.0,1.0,12.17,5.01,2.51,1.49,0.0,0.1,0.0,132.1,0.0,0.3,0.6000000000000001,-0.1,-169.70000000000002,0.0,0.0,169.60000000000002,0.0,21.4,29.1,29.1,30.1,300.0,300.0,31.700000000000003,35.7,29.0,28.200000000000003,30.1,4.95,1.99,4.96,0.16,0.0,0.0,1027.0,8228.0,0.0,0.0,0.0,0.0,0.0,1.0,0.0,0.0,0.0,0.0,0.0,0.6000000000000001,0.0,0.3,0.0,0.0001,16.0,25903.0
2026-07-30T19:02:10.616Z,300.099,300.11400000000003,0.0,7.4,0.0,0.0,0.0,0.0,0.0,0.0,0.0,0.0,1.0,0.0,0.0,0.0,9.0,4.0,0.0,0.0,0.0,0.0,0.0,0.0,0.0,0.0,2.0,12.0,1.0,12.17,5.01,2.51,1.49,0.0,0.0,0.0,132.1,0.0,-0.8,0.0,-0.2,-169.70000000000002,0.0,0.0,169.60000000000002,0.0,21.4,29.1,29.1,30.1,300.0,300.0,31.700000000000003,35.7,29.0,28.200000000000003,30.1,4.96,1.99,4.96,0.16,0.0,0.0,1027.0,8228.0,0.0,0.0,0.0,0.0,0.0,1.0,0.0,0.0,0.0,0.0,0.0,0.0,0.0,0.2,0.0,0.0001,16.0,25903.0
2026-07-30T19:02:10.628Z,300.111,300.12600000000003,0.0,7.4,0.0,0.0,0.0,0.0,0.0,0.0,0.0,0.0,1.0,0.0,0.0,0.0,9.0,4.0,0.0,0.0,0.0,0.0,0.0,0.0,0.0,0.0,3.0,12.0,1.0,12.17,5.01,2.51,1.49,0.0,0.1,0.0,131.9,0.0,0.3,-0.5,-0.2,-169.70000000000002,0.0,0.0,169.70000000000002,0.0,21.4,29.1,29.1,30.1,300.0,300.0,31.700000000000003,35.7,29.0,28.200000000000003,30.1,4.95,1.99,4.97,0.16,0.0,0.0,1027.0,8228.0,0.0,0.0,0.0,0.0,0.0,1.0,0.0,0.0,0.0,0.0,0.0,-0.7000000000000001,0.0,0.0,0.0,0.0,16.0,25903.0
2026-07-30T19:02:10.640Z,300.123,300.13800000000003,0.0,7.4,0.0,0.0,0.0,0.0,0.0,0.0,0.0,0.0,1.0,0.0,0.0,0.0,9.0,4.0,0.0,0.0,0.0,0.0,0.0,0.0,0.0,0.0,4.0,12.0,1.0,12.17,5.01,2.51,1.49,0.0,0.0,0.0,131.8,0.0,0.9,1.1,0.3,-169.70000000000002,0.0,0.0,169.70000000000002,0.0,21.4,29.1,29.1,30.1,300.0,300.0,31.700000000000003,35.7,29.0,28.200000000000003,30.1,4.95,1.99,4.96,0.16,0.0,0.0,1027.0,8228.0,0.0,0.0,0.0,0.0,0.0,1.0,0.0,0.0,0.0,0.0,0.0,1.6,0.0,0.0,0.0,0.0001,16.0,25903.0
2026-07-30T19:02:10.652Z,300.135,300.15000000000003,0.0,7.4,0.0,0.0,0.0,0.0,0.0,0.0,0.0,0.0,1.0,0.0,0.0,0.0,9.0,4.0,0.0,0.0,0.0,0.0,0.0,0.0,0.0,0.0,5.0,12.0,1.0,12.17,5.01,2.51,1.49,0.0,0.0,0.0,131.70000000000002,0.0,-0.2,0.5,-0.2,-169.70000000000002,0.0,0.0,169.8,0.0,21.4,29.1,29.1,30.1,300.0,300.0,31.700000000000003,35.7,29.0,28.200000000000003,30.1,4.96,1.99,4.96,0.16,0.0,0.0,1027.0,8228.0,0.0,0.0,0.0,0.0,0.0,1.0,0.0,0.0,0.0,0.0,0.0,0.4,0.0,0.3,0.0,0.0,16.0,25903.0
2026-07-30T19:02:10.664Z,300.147,300.16200000000003,0.0,7.4,0.0,0.0,0.0,0.0,0.0,0.0,0.0,0.0,1.0,0.0,0.0,0.0,9.0,4.0,0.0,0.0,0.0,0.0,0.0,0.0,0.0,0.0,6.0,12.0,1.0,12.17,5.01,2.51,1.49,0.0,0.1,0.0,131.6,0.0,-0.2,-0.5,0.4,-169.70000000000002,0.0,0.0,169.60000000000002,0.0,21.4,29.1,29.1,30.1,300.0,300.0,31.700000000000003,35.7,29.0,28.200000000000003,30.1,4.95,1.99,4.97,0.16,0.0,0.0,1027.0,8228.0,0.0,0.0,0.0,0.0,0.0,1.0,0.0,0.0,0.0,0.0,0.0,-0.3,0.0,-0.4,0.0,0.0001,16.0,25903.0
2026-07-30T19:02:10.677Z,300.16,300.174,0.0,7.4,0.0,0.0,0.0,0.0,0.0,0.0,0.0,0.0,1.0,0.0,0.0,0.0,9.0,4.0,0.0,0.0,0.0,0.0,0.0,0.0,0.0,0.0,1.0,12.0,1.0,12.17,5.01,2.5,1.49,0.0,0.0,0.0,131.5,0.0,0.9,0.0,0.9,-169.70000000000002,0.0,0.0,169.70000000000002,0.0,21.3,29.1,29.1,30.1,300.0,300.0,31.700000000000003,35.7,29.0,28.200000000000003,30.1,4.96,1.99,4.96,0.16,0.0,0.0,1027.0,8228.0,0.0,0.0,0.0,0.0,0.0,1.0,0.0,0.0,0.0,0.0,0.0,0.7000000000000001,0.0,-0.8,0.0,0.0,16.0,25903.0
2026-07-30T19:02:10.688Z,300.171,300.186,0.0,7.4,0.0,0.0,0.0,0.0,0.0,0.0,0.0,0.0,1.0,0.0,0.0,0.0,9.0,4.0,0.0,0.0,0.0,0.0,0.0,0.0,0.0,0.0,3.0,12.0,1.0,12.17,5.01,2.5,1.49,0.0,0.0,0.0,131.4,0.0,0.9,1.1,1.5,-169.70000000000002,0.0,0.0,169.60000000000002,0.0,21.3,29.1,29.1,30.1,300.0,300.0,31.700000000000003,35.7,29.0,28.200000000000003,30.1,4.96,1.99,4.96,0.16,0.0,0.0,1027.0,8228.0,0.0,0.0,0.0,0.0,0.0,1.0,0.0,0.0,0.0,0.0,0.0,2.4000000000000004,0.0,-1.1,0.0,0.0,16.0,25903.0
2026-07-30T19:02:10.700Z,300.183,300.198,0.0,7.4,0.0,0.0,0.0,0.0,0.0,0.0,0.0,0.0,1.0,0.0,0.0,0.0,9.0,4.0,0.0,0.0,0.0,0.0,0.0,0.0,0.0,0.0,4.0,12.0,1.0,12.17,5.01,2.5,1.49,0.0,0.0,0.0,131.3,0.0,0.9,1.1,0.3,-169.70000000000002,0.0,0.0,169.70000000000002,0.0,21.3,29.1,29.1,30.1,300.0,300.0,31.700000000000003,35.7,29.0,28.200000000000003,30.1,4.96,1.99,4.96,0.16,0.0,0.0,1027.0,8228.0,0.0,0.0,0.0,0.0,0.0,1.0,0.0,0.0,0.0,0.0,0.0,1.6,0.0,0.0,0.0,0.0,16.0,25903.0
2026-07-30T19:02:10.712Z,300.195,300.21,0.0,7.4,0.0,0.0,0.0,0.0,0.0,0.0,0.0,0.0,1.0,0.0,0.0,0.0,9.0,4.0,0.0,0.0,0.0,0.0,0.0,0.0,0.0,0.0,6.0,12.0,1.0,12.17,5.01,2.5,1.49,0.0,0.0,0.0,131.20000000000002,0.0,-0.2,-0.5,0.9,-169.70000000000002,0.0,0.0,169.70000000000002,0.0,21.3,29.1,29.1,30.1,300.0,300.0,31.700000000000003,35.7,29.0,28.200000000000003,30.1,4.95,1.99,4.97,0.17,0.0,0.0,1027.0,8228.0,0.0,0.0,0.0,0.0,0.0,1.0,0.0,0.0,0.0,0.0,0.0,0.0,0.0,-0.9,0.0,0.0,16.0,25903.0
2026-07-30T19:02:10.724Z,300.207,300.222,0.0,7.4,0.0,0.0,0.0,0.0,0.0,0.0,0.0,0.0,1.0,0.0,0.0,0.0,9.0,4.0,0.0,0.0,0.0,0.0,0.0,0.0,0.0,0.0,1.0,12.0,1.0,12.17,5.01,2.5,1.49,0.0,0.0,0.0,131.1,0.0,-0.2,-0.5,-0.2,-169.70000000000002,0.0,0.0,169.70000000000002,0.0,21.3,29.1,29.1,30.1,300.0,300.0,31.700000000000003,35.7,29.0,28.200000000000003,30.1,4.96,1.99,4.96,0.17,0.0,0.0,1027.0,8228.0,0.0,0.0,0.0,0.0,0.0,1.0,0.0,0.0,0.0,0.0,0.0,-0.8,0.0,0.0,0.0,0.0,16.0,25903.0
2026-07-30T19:02:10.736Z,300.219,300.234,0.0,7.4,0.0,0.0,0.0,0.0,0.0,0.0,0.0,0.0,1.0,0.0,0.0,0.0,9.0,4.0,0.0,0.0,0.0,0.0,0.0,0.0,0.0,0.0,2.0,12.0,1.0,12.17,5.01,2.5,1.49,0.0,0.0,0.0,130.9,0.0,0.3,1.1,0.9,-169.70000000000002,0.0,0.0,169.70000000000002,0.0,21.3,29.1,29.1,30.1,300.0,300.0,31.700000000000003,35.7,29.0,28.200000000000003,30.1,4.96,1.99,4.97,0.16,0.0,0.0,1027.0,8228.0,0.0,0.0,0.0,0.0,0.0,1.0,0.0,0.0,0.0,0.0,0.0,2.0,0.0,-0.6000000000000001,0.0,0.0,16.0,25903.0
2026-07-30T19:02:10.748Z,300.231,300.246,0.0,7.4,0.0,0.0,0.0,0.0,0.0,0.0,0.0,0.0,1.0,0.0,0.0,0.0,9.0,4.0,0.0,0.0,0.0,0.0,0.0,0.0,0.0,0.0,3.0,12.0,1.0,12.17,5.01,2.5,1.49,0.0,0.1,0.0,130.9,0.0,0.8,-0.5,-1.4,-169.70000000000002,0.0,0.0,169.70000000000002,0.0,21.3,29.1,29.1,30.1,300.0,300.0,31.700000000000003,35.7,29.0,28.200000000000003,30.1,4.95,2.0,4.97,0.16,0.0,0.0,1027.0,8228.0,0.0,0.0,0.0,0.0,0.0,1.0,0.0,0.0,0.0,0.0,0.0,-1.7000000000000002,0.0,1.1,0.0,0.0,16.0,25903.0
2026-07-30T19:02:10.760Z,300.243,300.258,0.0,7.4,0.0,0.0,0.0,0.0,0.0,0.0,0.0,0.0,1.0,0.0,0.0,0.0,9.0,4.0,0.0,0.0,0.0,0.0,0.0,0.0,0.0,0.0,5.0,12.0,1.0,12.17,5.01,2.5,1.49,0.0,0.0,0.0,130.8,0.0,0.3,-0.5,-0.2,-169.70000000000002,0.0,0.0,169.70000000000002,0.0,21.3,29.1,29.1,30.1,300.0,300.0,31.700000000000003,35.7,29.0,28.200000000000003,30.1,4.95,2.0,4.97,0.16,0.0,0.0,1027.0,8228.0,0.0,0.0,0.0,0.0,0.0,1.0,0.0,0.0,0.0,0.0,0.0,-0.7000000000000001,0.0,0.1,0.0,0.0001,16.0,25903.0
2026-07-30T19:02:10.772Z,300.255,300.27,0.0,7.4,0.0,0.0,0.0,0.0,0.0,0.0,0.0,0.0,1.0,0.0,0.0,0.0,9.0,4.0,0.0,0.0,0.0,0.0,0.0,0.0,0.0,0.0,6.0,12.0,1.0,12.17,5.01,2.5,1.49,0.0,0.0,0.0,130.6,0.0,0.3,-1.0,0.9,-169.70000000000002,0.0,0.0,169.70000000000002,0.0,21.3,29.1,29.1,30.1,300.0,300.0,31.700000000000003,35.7,29.0,28.200000000000003,30.1,4.96,2.0,4.97,0.16,0.0,0.0,1027.0,8228.0,0.0,0.0,0.0,0.0,0.0,1.0,0.0,0.0,0.0,0.0,0.0,-0.4,0.0,-1.1,0.0,0.0,16.0,25903.0
2026-07-30T19:02:10.785Z,300.268,300.282,0.0,7.4,0.0,0.0,0.0,0.0,0.0,0.0,0.0,0.0,1.0,0.0,0.0,0.0,9.0,4.0,0.0,0.0,0.0,0.0,0.0,0.0,0.0,0.0,1.0,12.0,1.0,12.18,5.0200000000000005,2.51,1.49,0.0,0.1,0.0,130.6,0.0,0.3,-0.5,-0.7000000000000001,-169.70000000000002,0.0,0.0,169.70000000000002,0.0,21.200000000000003,29.1,29.1,30.1,300.0,300.0,31.6,35.7,29.0,28.200000000000003,30.1,4.96,1.99,4.97,0.16,0.0,0.0,1027.0,8228.0,0.0,0.0,0.0,0.0,0.0,1.0,0.0,0.0,0.0,0.0,0.0,-1.1,0.0,0.5,0.0,0.0,16.0,25903.0
2026-07-30T19:02:10.796Z,300.279,300.294,0.0,7.4,0.0,0.0,0.0,0.0,0.0,0.0,0.0,0.0,1.0,0.0,0.0,0.0,9.0,4.0,0.0,0.0,0.0,0.0,0.0,0.0,0.0,0.0,3.0,12.0,1.0,12.18,5.0200000000000005,2.51,1.49,0.0,0.1,0.0,130.6,0.0,-0.8,0.1,-0.1,-169.70000000000002,0.0,0.0,169.60000000000002,0.0,21.200000000000003,29.1,29.1,30.1,300.0,300.0,31.6,35.7,29.0,28.200000000000003,30.1,4.96,1.99,4.97,0.16,0.0,0.0,1027.0,8228.0,0.0,0.0,0.0,0.0,0.0,1.0,0.0,0.0,0.0,0.0,0.0,0.0,0.0,0.1,0.0,0.0,16.0,25903.0
2026-07-30T19:02:10.808Z,300.291,300.306,0.0,7.4,0.0,0.0,0.0,0.0,0.0,0.0,0.0,0.0,1.0,0.0,0.0,0.0,9.0,4.0,0.0,0.0,0.0,0.0,0.0,0.0,0.0,0.0,4.0,12.0,1.0,12.18,5.0200000000000005,2.51,1.49,0.0,0.0,0.0,130.9,0.0,0.3,-0.4,-1.3,-169.70000000000002,0.0,0.0,169.60000000000002,0.0,21.200000000000003,29.1,29.1,30.1,300.0,300.0,31.6,35.7,29.0,28.200000000000003,30.1,4.96,1.99,4.96,0.16,0.0,0.0,1027.0,8228.0,0.0,0.0,0.0,0.0,0.0,1.0,0.0,0.0,0.0,0.0,0.0,-1.5,0.0,1.0,0.0,0.0,16.0,25903.0
2026-07-30T19:02:10.820Z,300.303,300.318,0.0,7.4,0.0,0.0,0.0,0.0,0.0,0.0,0.0,0.0,1.0,0.0,0.0,0.0,9.0,4.0,0.0,0.0,0.0,0.0,0.0,0.0,0.0,0.0,5.0,12.0,1.0,12.18,5.0200000000000005,2.51,1.49,0.0,0.0,0.0,131.0,0.0,-0.8,0.1,0.4,-169.70000000000002,0.0,0.0,169.70000000000002,0.0,21.200000000000003,29.1,29.1,30.1,300.0,300.0,31.6,35.7,29.0,28.200000000000003,30.1,4.95,1.99,4.97,0.16,0.0,0.0,1027.0,8228.0,0.0,0.0,0.0,0.0,0.0,1.0,0.0,0.0,0.0,0.0,0.0,0.4,0.0,-0.3,0.0,0.0,16.0,25903.0
2026-07-30T19:02:10.832Z,300.315,300.33,0.0,7.4,0.0,0.0,0.0,0.0,0.0,0.0,0.0,0.0,1.0,0.0,0.0,0.0,9.0,4.0,0.0,0.0,0.0,0.0,0.0,0.0,0.0,0.0,6.0,12.0,1.0,12.18,5.0200000000000005,2.51,1.49,0.0,0.0,0.0,131.20000000000002,0.0,-0.2,0.0,-0.1,-169.70000000000002,0.0,0.0,169.8,0.0,21.200000000000003,29.1,29.1,30.1,300.0,300.0,31.6,35.7,29.0,28.200000000000003,30.1,4.95,1.99,4.97,0.16,0.0,0.0,1027.0,8228.0,0.0,0.0,0.0,0.0,0.0,1.0,0.0,0.0,0.0,0.0,0.0,0.0,0.0,0.1,0.0,0.0,16.0,25903.0
2026-07-30T19:02:10.844Z,300.327,300.342,0.0,7.4,0.0,0.0,0.0,0.0,0.0,0.0,0.0,0.0,1.0,0.0,0.0,0.0,9.0,4.0,0.0,0.0,0.0,0.0,0.0,0.0,0.0,0.0,1.0,12.0,1.0,12.18,5.0200000000000005,2.51,1.49,0.0,0.0,0.0,131.4,0.0,-0.2,0.0,0.9,-169.70000000000002,0.0,0.0,169.60000000000002,0.0,21.200000000000003,29.1,29.1,30.1,300.0,300.0,31.6,35.7,29.0,28.200000000000003,30.1,4.96,1.99,4.97,0.16,0.0,0.0,1027.0,8228.0,0.0,0.0,0.0,0.0,0.0,1.0,0.0,0.0,0.0,0.0,0.0,0.8,0.0,-0.8,0.0,0.0001,16.0,25903.0
2026-07-30T19:02:10.856Z,300.339,300.354,0.0,7.4,0.0,0.0,0.0,0.0,0.0,0.0,0.0,0.0,1.0,0.0,0.0,0.0,9.0,4.0,0.0,0.0,0.0,0.0,0.0,0.0,0.0,0.0,2.0,12.0,1.0,12.18,5.0200000000000005,2.51,1.49,0.0,0.0,0.0,131.6,0.0,0.2,0.0,-0.2,-169.70000000000002,0.0,0.0,169.60000000000002,0.0,21.200000000000003,29.1,29.1,30.1,300.0,300.0,31.6,35.7,29.0,28.200000000000003,30.1,4.96,1.99,4.96,0.16,0.0,0.0,1027.0,8228.0,0.0,0.0,0.0,0.0,0.0,1.0,0.0,0.0,0.0,0.0,0.0,-0.1,0.0,0.2,0.0,0.0,16.0,25903.0
2026-07-30T19:02:10.869Z,300.352,300.366,0.0,7.4,0.0,0.0,0.0,0.0,0.0,0.0,0.0,0.0,1.0,0.0,0.0,0.0,9.0,4.0,0.0,0.0,0.0,0.0,0.0,0.0,0.0,0.0,3.0,12.0,1.0,12.18,5.0200000000000005,2.51,1.49,0.0,0.0,0.0,131.8,0.0,-0.3,0.0,-1.4,-169.60000000000002,0.0,0.0,169.70000000000002,0.0,21.200000000000003,29.1,29.1,30.1,300.0,300.0,31.6,35.7,29.0,28.200000000000003,30.1,4.95,1.99,4.97,0.16,0.0,0.0,1027.0,8228.0,0.0,0.0,0.0,0.0,0.0,1.0,0.0,0.0,0.0,0.0,0.0,-1.0,0.0,1.2000000000000002,0.0,0.0,16.0,25903.0
2026-07-30T19:02:10.881Z,300.364,300.378,0.0,7.4,0.0,0.0,0.0,0.0,0.0,0.0,0.0,0.0,1.0,0.0,0.0,0.0,9.0,4.0,0.0,0.0,0.0,0.0,0.0,0.0,0.0,0.0,5.0,12.0,1.0,12.17,5.01,2.51,1.49,0.0,0.0,0.0,132.0,0.0,-2.0,-1.1,-1.4,-169.60000000000002,0.0,0.0,169.70000000000002,0.0,21.9,29.1,29.1,30.1,300.0,300.0,31.6,35.7,29.0,28.200000000000003,30.1,4.95,2.0,4.96,0.16,0.0,0.0,1027.0,8228.0,0.0,0.0,0.0,0.0,0.0,1.0,0.0,0.0,0.0,0.0,0.0,-2.3000000000000003,0.0,1.0,0.0,0.0,16.0,25903.0
2026-07-30T19:02:10.893Z,300.376,300.39,0.0,7.4,0.0,0.0,0.0,0.0,0.0,0.0,0.0,0.0,1.0,0.0,0.0,0.0,9.0,4.0,0.0,0.0,0.0,0.0,0.0,0.0,0.0,0.0,6.0,12.0,1.0,12.17,5.01,2.51,1.49,0.0,0.1,0.0,132.1,0.0,-0.3,0.6000000000000001,0.2,-169.60000000000002,0.0,0.0,169.8,0.0,21.9,29.1,29.1,30.1,300.0,300.0,31.6,35.7,29.0,28.200000000000003,30.1,4.96,1.99,4.96,0.16,0.0,0.0,1027.0,8228.0,0.0,0.0,0.0,0.0,0.0,1.0,0.0,0.0,0.0,0.0,0.0,0.9,0.0,-0.1,0.0,0.0,16.0,25903.0
2026-07-30T19:02:10.904Z,300.387,300.402,0.0,7.4,0.0,0.0,0.0,0.0,0.0,0.0,0.0,0.0,1.0,0.0,0.0,0.0,9.0,4.0,0.0,0.0,0.0,0.0,0.0,0.0,0.0,0.0,1.0,12.0,1.0,12.17,5.01,2.51,1.49,0.0,0.0,0.0,132.4,0.0,-0.3,0.0,-0.3,-169.60000000000002,0.0,0.0,169.60000000000002,0.0,21.9,29.1,29.1,30.1,300.0,300.0,31.6,35.7,29.0,28.200000000000003,30.1,4.95,1.99,4.97,0.16,0.0,0.0,1027.0,8228.0,0.0,0.0,0.0,0.0,0.0,1.0,0.0,0.0,0.0,0.0,0.0,-0.1,0.0,0.2,0.0,0.0,16.0,25903.0
2026-07-30T19:02:10.916Z,300.399,300.414,0.0,7.4,0.0,0.0,0.0,0.0,0.0,0.0,0.0,0.0,1.0,0.0,0.0,0.0,9.0,4.0,0.0,0.0,0.0,0.0,0.0,0.0,0.0,0.0,3.0,12.0,1.0,12.17,5.01,2.51,1.49,0.0,0.0,0.0,132.5,0.0,0.8,0.0,0.8,-169.60000000000002,0.0,0.0,169.60000000000002,0.0,21.9,29.1,29.1,30.1,300.0,300.0,31.6,35.7,29.0,28.200000000000003,30.1,4.96,1.99,4.97,0.16,0.0,0.0,1027.0,8228.0,0.0,0.0,0.0,0.0,0.0,1.0,0.0,0.0,0.0,0.0,0.0,-2.0,0.0,0.5,0.0,0.0001,16.0,25903.0
2026-07-30T19:02:10.928Z,300.411,300.426,0.0,7.4,0.0,0.0,0.0,0.0,0.0,0.0,0.0,0.0,1.0,0.0,0.0,0.0,9.0,4.0,0.0,0.0,0.0,0.0,0.0,0.0,0.0,0.0,4.0,12.0,1.0,12.17,5.01,2.51,1.49,0.0,0.0,0.0,132.70000000000002,0.0,-0.3,0.0,-0.9,-169.60000000000002,0.0,0.0,169.60000000000002,0.0,21.9,29.1,29.1,30.1,300.0,300.0,31.6,35.7,29.0,28.200000000000003,30.1,4.96,2.0,4.97,0.16,0.0,0.0,1027.0,8228.0,0.0,0.0,0.0,0.0,0.0,1.0,0.0,0.0,0.0,0.0,0.0,2.1,0.0,0.1,0.0,0.0,16.0,25903.0
2026-07-30T19:02:10.940Z,300.423,300.438,0.0,7.4,0.0,0.0,0.0,0.0,0.0,0.0,0.0,0.0,1.0,0.0,0.0,0.0,9.0,4.0,0.0,0.0,0.0,0.0,0.0,0.0,0.0,0.0,6.0,12.0,1.0,12.17,5.01,2.51,1.49,0.0,0.0,0.0,132.9,0.0,-0.3,0.5,-1.4,-169.60000000000002,0.0,0.0,169.60000000000002,0.0,21.9,29.1,29.1,30.1,300.0,300.0,31.6,35.7,29.0,28.200000000000003,30.1,4.95,1.99,4.97,0.16,0.0,0.0,1027.0,8228.0,0.0,0.0,0.0,0.0,0.0,1.0,0.0,0.0,0.0,0.0,0.0,-0.4,0.0,1.4,0.0,0.0,16.0,25903.0
2026-07-30T19:02:10.952Z,300.435,300.45,0.0,7.4,0.0,0.0,0.0,0.0,0.0,0.0,0.0,0.0,1.0,0.0,0.0,0.0,9.0,4.0,0.0,0.0,0.0,0.0,0.0,0.0,0.0,0.0,1.0,12.0,1.0,12.17,5.01,2.51,1.49,0.0,0.0,0.0,133.1,0.0,0.3,-0.5,-0.2,-169.60000000000002,0.0,0.0,169.70000000000002,0.0,21.9,29.1,29.1,30.1,300.0,300.0,31.6,35.7,29.0,28.200000000000003,30.1,4.95,1.99,4.97,0.16,0.0,0.0,1027.0,8228.0,0.0,0.0,0.0,0.0,0.0,1.0,0.0,0.0,0.0,0.0,0.0,-0.8,0.0,0.1,0.0,0.0,16.0,25903.0
2026-07-30T19:02:10.964Z,300.447,300.462,0.0,7.4,0.0,0.0,0.0,0.0,0.0,0.0,0.0,0.0,1.0,0.0,0.0,0.0,9.0,4.0,0.0,0.0,0.0,0.0,0.0,0.0,0.0,0.0,3.0,12.0,1.0,12.17,5.01,2.51,1.49,0.0,0.0,0.0,133.3,0.0,-0.2,-0.6000000000000001,-0.2,-169.60000000000002,0.0,0.0,169.70000000000002,0.0,21.9,29.1,29.1,30.1,300.0,300.0,31.6,35.7,29.0,28.200000000000003,30.1,4.96,1.99,4.97,0.16,0.0,0.0,1027.0,8228.0,0.0,0.0,0.0,0.0,0.0,1.0,0.0,0.0,0.0,0.0,0.0,-0.9,0.0,0.1,0.0,0.0,16.0,25903.0
2026-07-30T19:02:10.976Z,300.459,300.474,0.0,7.4,0.0,0.0,0.0,0.0,0.0,0.0,0.0,0.0,1.0,0.0,0.0,0.0,9.0,4.0,0.0,0.0,0.0,0.0,0.0,0.0,0.0,0.0,4.0,12.0,1.0,12.17,5.01,2.51,1.49,0.0,0.0,0.0,133.5,0.0,0.3,0.0,0.3,-169.60000000000002,0.0,0.0,169.60000000000002,0.0,21.9,29.1,29.1,30.1,300.0,300.0,31.6,35.7,29.0,28.200000000000003,30.1,4.96,1.99,4.97,0.16,0.0,0.0,1027.0,8228.0,0.0,0.0,0.0,0.0,0.0,1.0,0.0,0.0,0.0,0.0,0.0,0.2,0.0,-0.3,0.0,0.0,16.0,25903.0
2026-07-30T19:02:10.988Z,300.471,300.486,0.0,7.4,0.0,0.0,0.0,0.0,0.0,0.0,0.0,0.0,1.0,0.0,0.0,0.0,9.0,4.0,0.0,0.0,0.0,0.0,0.0,0.0,0.0,0.0,5.0,12.0,1.0,12.18,5.01,2.5,1.5,0.0,0.0,0.0,133.70000000000002,0.0,-0.1,0.5,0.9,-169.60000000000002,0.0,0.0,169.60000000000002,0.0,21.4,29.1,29.1,30.1,300.0,300.0,31.700000000000003,35.800000000000004,29.0,28.200000000000003,30.1,4.95,1.99,4.97,0.16,0.0,0.0,1027.0,8228.0,0.0,0.0,0.0,0.0,0.0,1.0,0.0,0.0,0.0,0.0,0.0,1.3,0.0,-0.6000000000000001,0.0,0.0,16.0,25903.0
2026-07-30T19:02:11.000Z,300.483,300.498,0.0,7.4,0.0,0.0,0.0,0.0,0.0,0.0,0.0,0.0,1.0,0.0,0.0,0.0,9.0,4.0,0.0,0.0,0.0,0.0,0.0,0.0,0.0,0.0,5.0,12.0,1.0,12.18,5.01,2.5,1.5,0.0,0.0,0.0,133.8,0.0,-0.7000000000000001,0.0,-1.4,-169.60000000000002,0.0,0.0,169.70000000000002,0.0,21.4,29.1,29.1,30.1,300.0,300.0,31.700000000000003,35.800000000000004,29.0,28.200000000000003,30.1,4.96,1.99,4.96,0.16,0.0,0.0,1027.0,8228.0,0.0,0.0,0.0,0.0,0.0,1.0,0.0,0.0,0.0,0.0,0.0,-1.0,0.0,1.2000000000000002,0.0,0.0,16.0,25903.0
2026-07-30T19:02:11.012Z,300.495,300.51,0.0,7.4,0.0,0.0,0.0,0.0,0.0,0.0,0.0,0.0,1.0,0.0,0.0,0.0,9.0,4.0,0.0,0.0,0.0,0.0,0.0,0.0,0.0,0.0,6.0,12.0,1.0,12.18,5.01,2.5,1.5,0.0,0.0,0.0,134.0,0.0,-0.7000000000000001,-1.2000000000000002,-0.8,-169.60000000000002,0.0,0.0,169.60000000000002,0.0,21.4,29.1,29.1,30.1,300.0,300.0,31.700000000000003,35.800000000000004,29.0,28.200000000000003,30.1,4.96,1.99,4.96,0.16,0.0,0.0,1027.0,8228.0,0.0,0.0,0.0,0.0,0.0,1.0,0.0,0.0,0.0,0.0,0.0,-1.9,0.0,0.4,0.0,0.0,16.0,25903.0
2026-07-30T19:02:11.024Z,300.507,300.522,0.0,7.4,0.0,0.0,0.0,0.0,0.0,0.0,0.0,0.0,1.0,0.0,0.0,0.0,9.0,4.0,0.0,0.0,0.0,0.0,0.0,0.0,0.0,0.0,1.0,12.0,1.0,12.18,5.01,2.5,1.5,0.0,0.0,0.0,134.1,0.0,-0.1,0.5,-0.2,-169.60000000000002,0.0,0.0,169.60000000000002,0.0,21.4,29.1,29.1,30.1,300.0,300.0,31.700000000000003,35.800000000000004,29.0,28.200000000000003,30.1,4.96,1.99,4.97,0.16,0.0,0.0,1027.0,8228.0,0.0,0.0,0.0,0.0,0.0,1.0,0.0,0.0,0.0,0.0,0.0,0.4,0.0,0.3,0.0,0.0,16.0,25903.0
2026-07-30T19:02:11.038Z,300.521,300.534,0.0,7.4,0.0,0.0,0.0,0.0,0.0,0.0,0.0,0.0,1.0,0.0,0.0,0.0,9.0,4.0,0.0,0.0,0.0,0.0,0.0,0.0,0.0,0.0,2.0,12.0,1.0,12.18,5.01,2.5,1.5,0.0,0.0,0.0,134.4,0.0,0.4,1.1,0.4,-169.60000000000002,0.0,0.0,169.70000000000002,0.0,21.4,29.1,29.1,30.1,300.0,300.0,31.700000000000003,35.800000000000004,29.0,28.200000000000003,30.1,4.96,1.99,4.97,0.16,0.0,0.0,1027.0,8228.0,0.0,0.0,0.0,0.0,0.0,1.0,0.0,0.0,0.0,0.0,0.0,1.6,0.0,-0.1,0.0,0.0,16.0,25903.0
2026-07-30T19:02:11.048Z,300.531,300.546,0.0,7.4,0.0,0.0,0.0,0.0,0.0,0.0,0.0,0.0,1.0,0.0,0.0,0.0,9.0,4.0,0.0,0.0,0.0,0.0,0.0,0.0,0.0,0.0,3.0,12.0,1.0,12.18,5.01,2.5,1.5,0.0,0.0,0.0,134.5,0.0,-0.7000000000000001,-1.2000000000000002,-0.7000000000000001,-169.60000000000002,0.0,0.0,169.60000000000002,0.0,21.4,29.1,29.1,30.1,300.0,300.0,31.700000000000003,35.800000000000004,29.0,28.200000000000003,30.1,4.96,1.99,4.96,0.16,0.0,0.0,1027.0,8228.0,0.0,0.0,0.0,0.0,0.0,1.0,0.0,0.0,0.0,0.0,0.0,-1.9,0.0,0.4,0.0,0.0,16.0,25903.0
2026-07-30T19:02:11.060Z,300.543,300.558,0.0,7.4,0.0,0.0,0.0,0.0,0.0,0.0,0.0,0.0,1.0,0.0,0.0,0.0,9.0,4.0,0.0,0.0,0.0,0.0,0.0,0.0,0.0,0.0,4.0,12.0,1.0,12.18,5.01,2.5,1.5,0.0,0.0,0.0,134.5,0.0,0.9,0.0,-1.3,-169.60000000000002,0.0,0.0,169.60000000000002,0.0,21.4,29.1,29.1,30.1,300.0,300.0,31.700000000000003,35.800000000000004,29.0,28.200000000000003,30.1,4.95,1.99,4.97,0.16,0.0,0.0,1027.0,8228.0,0.0,0.0,0.0,0.0,0.0,1.0,0.0,0.0,0.0,0.0,0.0,-1.0,0.0,1.1,0.0,0.0,16.0,25903.0
2026-07-30T19:02:11.073Z,300.556,300.57,0.0,7.4,0.0,0.0,0.0,0.0,0.0,0.0,0.0,0.0,1.0,0.0,0.0,0.0,9.0,4.0,0.0,0.0,0.0,0.0,0.0,0.0,0.0,0.0,5.0,12.0,1.0,12.18,5.01,2.5,1.5,0.0,0.0,0.0,134.5,0.0,-0.7000000000000001,-0.6000000000000001,-0.7000000000000001,-169.60000000000002,0.0,0.0,169.70000000000002,0.0,21.4,29.1,29.1,30.1,300.0,300.0,31.700000000000003,35.800000000000004,29.0,28.200000000000003,30.1,4.95,1.99,4.97,0.16,0.0,0.0,1027.0,8228.0,0.0,0.0,0.0,0.0,0.0,1.0,0.0,0.0,0.0,0.0,0.0,-1.3,0.0,0.5,0.0,0.0,16.0,25903.0
2026-07-30T19:02:11.086Z,300.569,300.582,0.0,7.4,0.0,0.0,0.0,0.0,0.0,0.0,0.0,0.0,1.0,0.0,0.0,0.0,9.0,4.0,0.0,0.0,0.0,0.0,0.0,0.0,0.0,0.0,6.0,12.0,1.0,12.15,5.01,2.5,1.49,0.0,0.0,0.0,134.4,0.0,-0.1,0.0,1.0,-169.60000000000002,0.0,0.0,169.70000000000002,0.0,21.700000000000003,29.1,29.1,30.1,300.0,300.0,31.700000000000003,35.800000000000004,29.0,28.200000000000003,30.1,4.96,1.99,4.97,0.16,0.0,0.0,1027.0,8228.0,0.0,0.0,0.0,0.0,0.0,1.0,0.0,0.0,0.0,0.0,0.0,0.7000000000000001,0.0,-0.9,0.0,0.0,16.0,25903.0
2026-07-30T19:02:11.097Z,300.58,300.594,0.0,7.4,0.0,0.0,0.0,0.0,0.0,0.0,0.0,0.0,1.0,0.0,0.0,0.0,9.0,4.0,0.0,0.0,0.0,0.0,0.0,0.0,0.0,0.0,1.0,12.0,1.0,12.15,5.01,2.5,1.49,0.0,0.0,0.0,134.3,0.0,0.9,0.0,0.4,-169.60000000000002,0.0,0.0,169.60000000000002,0.0,21.700000000000003,29.1,29.1,30.1,300.0,300.0,31.700000000000003,35.800000000000004,29.0,28.200000000000003,30.1,4.96,1.99,4.96,0.16,0.0,0.0,1027.0,8228.0,0.0,0.0,0.0,0.0,0.0,1.0,0.0,0.0,0.0,0.0,0.0,0.2,0.0,-0.3,0.0,0.0,16.0,25903.0
2026-07-30T19:02:11.108Z,300.591,300.606,0.0,7.4,0.0,0.0,0.0,0.0,0.0,0.0,0.0,0.0,1.0,0.0,0.0,0.0,9.0,4.0,0.0,0.0,0.0,0.0,0.0,0.0,0.0,0.0,2.0,12.0,1.0,12.15,5.01,2.5,1.49,0.0,0.0,0.0,134.1,0.0,-0.2,-0.6000000000000001,0.4,-169.60000000000002,0.0,0.0,169.60000000000002,0.0,21.700000000000003,29.1,29.1,30.1,300.0,300.0,31.700000000000003,35.800000000000004,29.0,28.200000000000003,30.1,4.95,1.99,4.97,0.16,0.0,0.0,1027.0,8228.0,0.0,0.0,0.0,0.0,0.0,1.0,0.0,0.0,0.0,0.0,0.0,-0.3,0.0,-0.5,0.0,0.0,16.0,25903.0
2026-07-30T19:02:11.120Z,300.603,300.618,0.0,7.4,0.0,0.0,0.0,0.0,0.0,0.0,0.0,0.0,1.0,0.0,0.0,0.0,9.0,4.0,0.0,0.0,0.0,0.0,0.0,0.0,0.0,0.0,3.0,12.0,1.0,12.15,5.01,2.5,1.49,0.0,0.0,0.0,134.0,0.0,-0.1,1.1,2.2,-169.60000000000002,0.0,0.0,169.70000000000002,0.0,21.700000000000003,29.1,29.1,30.1,300.0,300.0,31.700000000000003,35.800000000000004,29.0,28.200000000000003,30.1,4.95,2.0,4.96,0.16,0.0,0.0,1027.0,8228.0,0.0,0.0,0.0,0.0,0.0,1.0,0.0,0.0,0.0,0.0,0.0,2.9000000000000004,0.0,-1.7000000000000002,0.0,0.0,16.0,25903.0
2026-07-30T19:02:11.132Z,300.615,300.63,0.0,7.4,0.0,0.0,0.0,0.0,0.0,0.0,0.0,0.0,1.0,0.0,0.0,0.0,9.0,4.0,0.0,0.0,0.0,0.0,0.0,0.0,0.0,0.0,4.0,12.0,1.0,12.15,5.01,2.5,1.49,0.0,0.0,0.0,133.9,0.0,0.9,0.0,-0.1,-169.60000000000002,0.0,0.0,169.70000000000002,0.0,21.700000000000003,29.1,29.1,30.1,300.0,300.0,31.700000000000003,35.800000000000004,29.0,28.200000000000003,30.1,4.96,1.99,4.96,0.16,0.0,0.0,1027.0,8228.0,0.0,0.0,0.0,0.0,0.0,1.0,0.0,0.0,0.0,0.0,0.0,-0.1,0.0,0.0,0.0,0.0,16.0,25903.0
2026-07-30T19:02:11.144Z,300.627,300.642,0.0,7.4,0.0,0.0,0.0,0.0,0.0,0.0,0.0,0.0,1.0,0.0,0.0,0.0,9.0,4.0,0.0,0.0,0.0,0.0,0.0,0.0,0.0,0.0,5.0,12.0,1.0,12.15,5.01,2.5,1.49,0.0,0.0,0.0,133.8,0.0,0.4,-0.6000000000000001,0.0,-169.60000000000002,0.0,0.0,169.70000000000002,0.0,21.700000000000003,29.1,29.1,30.1,300.0,300.0,31.700000000000003,35.800000000000004,29.0,28.200000000000003,30.1,4.96,1.99,4.97,0.16,0.0,0.0,1027.0,8228.0,0.0,0.0,0.0,0.0,0.0,1.0,0.0,0.0,0.0,0.0,0.0,-0.7000000000000001,0.0,0.0,0.0,0.0,16.0,25903.0
2026-07-30T19:02:11.156Z,300.639,300.654,0.0,7.4,0.0,0.0,0.0,0.0,0.0,0.0,0.0,0.0,1.0,0.0,0.0,0.0,9.0,4.0,0.0,0.0,0.0,0.0,0.0,0.0,0.0,0.0,6.0,12.0,1.0,12.15,5.01,2.5,1.49,0.0,0.0,0.0,133.8,0.0,0.4,-1.2000000000000002,1.0,-169.60000000000002,0.0,0.0,169.8,0.0,21.700000000000003,29.1,29.1,30.1,300.0,300.0,31.700000000000003,35.800000000000004,29.0,28.200000000000003,30.1,4.96,1.99,4.96,0.16,0.0,0.0,1027.0,8228.0,0.0,0.0,0.0,0.0,0.0,1.0,0.0,0.0,0.0,0.0,0.0,-0.5,0.0,-1.2000000000000002,0.0,0.0,16.0,25903.0
2026-07-30T19:02:11.168Z,300.651,300.666,0.0,7.4,0.0,0.0,0.0,0.0,0.0,0.0,0.0,0.0,1.0,0.0,0.0,0.0,9.0,4.0,0.0,0.0,0.0,0.0,0.0,0.0,0.0,0.0,1.0,12.0,1.0,12.15,5.01,2.5,1.49,0.0,0.0,0.0,133.6,0.0,0.4,-0.6000000000000001,0.0,-169.60000000000002,0.0,0.0,169.8,0.0,21.700000000000003,29.1,29.1,30.1,300.0,300.0,31.700000000000003,35.800000000000004,29.0,28.200000000000003,30.1,4.96,2.0,4.97,0.16,0.0,0.0,1027.0,8228.0,0.0,0.0,0.0,0.0,0.0,1.0,0.0,0.0,0.0,0.0,0.0,-0.7000000000000001,0.0,0.0,0.0,0.0,16.0,25903.0
2026-07-30T19:02:11.180Z,300.663,300.678,0.0,7.4,0.0,0.0,0.0,0.0,0.0,0.0,0.0,0.0,1.0,0.0,0.0,0.0,9.0,4.0,0.0,0.0,0.0,0.0,0.0,0.0,0.0,0.0,2.0,12.0,1.0,12.15,5.01,2.5,1.49,0.0,0.0,0.0,133.5,0.0,0.4,1.1,-0.1,-169.70000000000002,0.0,0.0,169.8,0.0,21.700000000000003,29.1,29.1,30.1,300.0,300.0,31.700000000000003,35.800000000000004,29.0,28.200000000000003,30.1,4.96,1.99,4.97,0.16,0.0,0.0,1027.0,8228.0,0.0,0.0,0.0,0.0,0.0,1.0,0.0,0.0,0.0,0.0,0.0,1.2000000000000002,0.0,0.3,0.0,0.0,16.0,25903.0
2026-07-30T19:02:11.192Z,300.675,300.69,0.0,7.4,0.0,0.0,0.0,0.0,0.0,0.0,0.0,0.0,1.0,0.0,0.0,0.0,9.0,4.0,0.0,0.0,0.0,0.0,0.0,0.0,0.0,0.0,3.0,12.0,1.0,12.17,5.0200000000000005,2.51,1.49,0.0,0.0,0.0,133.4,0.0,-0.2,-1.8,-1.3,-169.70000000000002,0.0,0.0,169.8,0.0,21.700000000000003,29.1,29.1,30.1,300.0,300.0,31.6,35.800000000000004,28.9,28.200000000000003,30.1,4.96,1.99,4.97,0.16,0.0,0.0,1027.0,8228.0,0.0,0.0,0.0,0.0,0.0,1.0,0.0,0.0,0.0,0.0,0.0,-3.0,0.0,0.8,0.0,0.0,16.0,25903.0
2026-07-30T19:02:11.204Z,300.687,300.702,0.0,7.4,0.0,0.0,0.0,0.0,0.0,0.0,0.0,0.0,1.0,0.0,0.0,0.0,9.0,4.0,0.0,0.0,0.0,0.0,0.0,0.0,0.0,0.0,4.0,12.0,1.0,12.17,5.0200000000000005,2.51,1.49,0.0,0.0,0.0,133.3,0.0,0.3,0.5,1.6,-169.70000000000002,0.0,0.0,169.70000000000002,0.0,21.700000000000003,29.1,29.1,30.1,300.0,300.0,31.6,35.800000000000004,28.9,28.200000000000003,30.1,4.96,1.99,4.96,0.16,0.0,0.0,1027.0,8228.0,0.0,0.0,0.0,0.0,0.0,1.0,0.0,0.0,0.0,0.0,0.0,1.8,0.0,-1.3,0.0,0.0,16.0,25903.0
2026-07-30T19:02:11.216Z,300.699,300.714,0.0,7.4,0.0,0.0,0.0,0.0,0.0,0.0,0.0,0.0,1.0,0.0,0.0,0.0,9.0,4.0,0.0,0.0,0.0,0.0,0.0,0.0,0.0,0.0,5.0,12.0,1.0,12.17,5.0200000000000005,2.51,1.49,0.0,0.0,0.0,133.20000000000002,0.0,-0.7000000000000001,-0.5,-0.1,-169.70000000000002,0.0,0.0,169.70000000000002,0.0,21.700000000000003,29.1,29.1,30.1,300.0,300.0,31.6,35.800000000000004,28.9,28.200000000000003,30.1,4.96,1.99,4.97,0.15,0.0,0.0,1027.0,8228.0,0.0,0.0,0.0,0.0,0.0,1.0,0.0,0.0,0.0,0.0,0.0,-0.7000000000000001,0.0,0.0,0.0,0.0,16.0,25903.0
2026-07-30T19:02:11.228Z,300.711,300.726,0.0,7.4,0.0,0.0,0.0,0.0,0.0,0.0,0.0,0.0,1.0,0.0,0.0,0.0,9.0,4.0,0.0,0.0,0.0,0.0,0.0,0.0,0.0,0.0,5.0,12.0,1.0,12.17,5.0200000000000005,2.51,1.49,0.0,0.1,0.0,133.1,0.0,-0.2,-0.5,-0.7000000000000001,-169.70000000000002,0.0,0.0,169.70000000000002,0.0,21.700000000000003,29.1,29.1,30.1,300.0,300.0,31.6,35.800000000000004,28.9,28.200000000000003,30.1,4.96,1.99,4.97,0.16,0.0,0.0,1027.0,8228.0,0.0,0.0,0.0,0.0,0.0,1.0,0.0,0.0,0.0,0.0,0.0,-1.1,0.0,0.5,0.0,0.0,16.0,25903.0
2026-07-30T19:02:11.240Z,300.723,300.738,0.0,7.4,0.0,0.0,0.0,0.0,0.0,0.0,0.0,0.0,1.0,0.0,0.0,0.0,9.0,4.0,0.0,0.0,0.0,0.0,0.0,0.0,0.0,0.0,6.0,12.0,1.0,12.17,5.0200000000000005,2.51,1.49,0.0,0.0,0.0,133.0,0.0,-0.1,-0.5,-0.6000000000000001,-169.70000000000002,0.0,0.0,169.8,0.0,21.700000000000003,29.1,29.1,30.1,300.0,300.0,31.6,35.800000000000004,28.9,28.200000000000003,30.1,4.96,1.99,4.96,0.16,0.0,0.0,1027.0,8228.0,0.0,0.0,0.0,0.0,0.0,1.0,0.0,0.0,0.0,0.0,0.0,-1.0,0.0,0.4,0.0,0.0,16.0,25903.0
2026-07-30T19:02:11.252Z,300.735,300.75,0.0,7.4,0.0,0.0,0.0,0.0,0.0,0.0,0.0,0.0,1.0,0.0,0.0,0.0,9.0,4.0,0.0,0.0,0.0,0.0,0.0,0.0,0.0,0.0,1.0,12.0,1.0,12.17,5.0200000000000005,2.51,1.49,0.0,0.0,0.0,132.8,0.0,-0.1,-1.1,-0.6000000000000001,-169.70000000000002,0.0,0.0,169.70000000000002,0.0,21.700000000000003,29.1,29.1,30.1,300.0,300.0,31.6,35.800000000000004,28.9,28.200000000000003,30.1,4.95,1.99,4.96,0.16,0.0,0.0,1027.0,8228.0,0.0,0.0,0.0,0.0,0.0,1.0,0.0,0.0,0.0,0.0,0.0,-1.7000000000000002,0.0,0.3,0.0,0.0,16.0,25903.0
2026-07-30T19:02:11.264Z,300.747,300.762,0.0,7.4,0.0,0.0,0.0,0.0,0.0,0.0,0.0,0.0,1.0,0.0,0.0,0.0,9.0,4.0,0.0,0.0,0.0,0.0,0.0,0.0,0.0,0.0,2.0,12.0,1.0,12.17,5.0200000000000005,2.51,1.49,0.0,0.0,0.0,132.8,0.0,0.4,0.0,0.5,-169.70000000000002,0.0,0.0,169.70000000000002,0.0,21.700000000000003,29.1,29.1,30.1,300.0,300.0,31.6,35.800000000000004,28.9,28.200000000000003,30.1,4.95,1.99,4.97,0.16,0.0,0.0,1027.0,8228.0,0.0,0.0,0.0,0.0,0.0,1.0,0.0,0.0,0.0,0.0,0.0,0.4,0.0,-0.4,0.0,0.0,16.0,25903.0
2026-07-30T19:02:11.276Z,300.759,300.774,0.0,7.4,0.0,0.0,0.0,0.0,0.0,0.0,0.0,0.0,1.0,0.0,0.0,0.0,9.0,4.0,0.0,0.0,0.0,0.0,0.0,0.0,0.0,0.0,3.0,12.0,1.0,12.17,5.0200000000000005,2.51,1.49,0.0,0.0,0.0,132.6,0.0,0.3,0.6000000000000001,-1.3,-169.70000000000002,0.0,0.0,169.70000000000002,0.0,21.700000000000003,29.1,29.1,30.1,300.0,300.0,31.6,35.800000000000004,28.9,28.200000000000003,30.1,4.95,1.99,4.97,0.16,0.0,0.0,1027.0,8228.0,0.0,0.0,0.0,0.0,0.0,1.0,0.0,0.0,0.0,0.0,0.0,-0.2,0.0,1.2000000000000002,0.0,0.0,16.0,25903.0
2026-07-30T19:02:11.289Z,300.772,300.786,0.0,7.4,0.0,0.0,0.0,0.0,0.0,0.0,0.0,0.0,1.0,0.0,0.0,0.0,9.0,4.0,0.0,0.0,0.0,0.0,0.0,0.0,0.0,0.0,5.0,12.0,1.0,12.17,5.01,2.5,1.49,0.0,0.0,0.0,132.6,0.0,-0.8,0.1,-1.2000000000000002,-169.70000000000002,0.0,0.0,169.70000000000002,0.0,21.700000000000003,29.1,29.1,30.1,300.0,300.0,31.700000000000003,35.800000000000004,29.0,28.200000000000003,30.1,4.95,1.99,4.96,0.16,0.0,0.0,1027.0,8228.0,0.0,0.0,0.0,0.0,0.0,1.0,0.0,0.0,0.0,0.0,0.0,-0.8,0.0,1.1,0.0,0.0,16.0,25903.0
2026-07-30T19:02:11.300Z,300.783,300.798,0.0,7.4,0.0,0.0,0.0,0.0,0.0,0.0,0.0,0.0,1.0,0.0,0.0,0.0,9.0,4.0,0.0,0.0,0.0,0.0,0.0,0.0,0.0,0.0,6.0,12.0,1.0,12.17,5.01,2.5,1.49,0.0,0.0,0.0,132.4,0.0,0.3,-0.4,-0.7000000000000001,-169.70000000000002,0.0,0.0,169.70000000000002,0.0,21.700000000000003,29.1,29.1,30.1,300.0,300.0,31.700000000000003,35.800000000000004,29.0,28.200000000000003,30.1,4.95,1.99,4.97,0.16,0.0,0.0,1027.0,8228.0,0.0,0.0,0.0,0.0,0.0,1.0,0.0,0.0,0.0,0.0,0.0,-1.1,0.0,0.5,0.0,0.0,16.0,25903.0
2026-07-30T19:02:11.312Z,300.795,300.81,0.0,7.4,0.0,0.0,0.0,0.0,0.0,0.0,0.0,0.0,1.0,0.0,0.0,0.0,9.0,4.0,0.0,0.0,0.0,0.0,0.0,0.0,0.0,0.0,1.0,12.0,1.0,12.17,5.01,2.5,1.49,0.0,0.0,0.0,132.3,0.0,0.3,-0.5,-0.7000000000000001,-169.70000000000002,0.0,0.0,169.70000000000002,0.0,21.700000000000003,29.1,29.1,30.1,300.0,300.0,31.700000000000003,35.800000000000004,29.0,28.200000000000003,30.1,4.95,1.99,4.96,0.17,0.0,0.0,1027.0,8228.0,0.0,0.0,0.0,0.0,0.0,1.0,0.0,0.0,0.0,0.0,0.0,-1.1,0.0,0.5,0.0,0.0,16.0,25903.0
2026-07-30T19:02:11.324Z,300.807,300.822,0.0,7.4,0.0,0.0,0.0,0.0,0.0,0.0,0.0,0.0,1.0,0.0,0.0,0.0,9.0,4.0,0.0,0.0,0.0,0.0,0.0,0.0,0.0,0.0,1.0,12.0,1.0,12.17,5.01,2.5,1.49,0.0,0.0,0.0,132.20000000000002,0.0,0.3,0.0,-0.1,-169.70000000000002,0.0,0.0,169.70000000000002,0.0,21.700000000000003,29.1,29.1,30.1,300.0,300.0,31.700000000000003,35.800000000000004,29.0,28.200000000000003,30.1,4.96,2.0,4.96,0.16,0.0,0.0,1027.0,8228.0,0.0,0.0,0.0,0.0,0.0,1.0,0.0,0.0,0.0,0.0,0.0,0.0,0.0,0.1,0.0,0.0,16.0,25903.0
2026-07-30T19:02:11.336Z,300.819,300.834,0.0,7.4,0.0,0.0,0.0,0.0,0.0,0.0,0.0,0.0,1.0,0.0,0.0,0.0,9.0,4.0,0.0,0.0,0.0,0.0,0.0,0.0,0.0,0.0,2.0,12.0,1.0,12.17,5.01,2.5,1.49,0.0,0.0,0.0,132.1,0.0,0.3,-1.1,0.3,-169.70000000000002,0.0,0.0,169.70000000000002,0.0,21.700000000000003,29.1,29.1,30.1,300.0,300.0,31.700000000000003,35.800000000000004,29.0,28.200000000000003,30.1,4.95,2.0,4.96,0.16,0.0,0.0,1027.0,8228.0,0.0,0.0,0.0,0.0,0.0,1.0,0.0,0.0,0.0,0.0,0.0,-1.0,0.0,-0.5,0.0,0.0,16.0,25903.0
2026-07-30T19:02:11.348Z,300.831,300.846,0.0,7.4,0.0,0.0,0.0,0.0,0.0,0.0,0.0,0.0,1.0,0.0,0.0,0.0,9.0,4.0,0.0,0.0,0.0,0.0,0.0,0.0,0.0,0.0,3.0,12.0,1.0,12.17,5.01,2.5,1.49,0.0,0.0,0.0,132.0,0.0,0.8,-1.1,0.4,-169.70000000000002,0.0,0.0,169.8,0.0,21.700000000000003,29.1,29.1,30.1,300.0,300.0,31.700000000000003,35.800000000000004,29.0,28.200000000000003,30.1,4.95,1.99,4.97,0.16,0.0,0.0,1027.0,8228.0,0.0,0.0,0.0,0.0,0.0,1.0,0.0,0.0,0.0,0.0,0.0,-0.9,0.0,-0.6000000000000001,0.0,0.0,16.0,25903.0
2026-07-30T19:02:11.360Z,300.843,300.858,0.0,7.4,0.0,0.0,0.0,0.0,0.0,0.0,0.0,0.0,1.0,0.0,0.0,0.0,9.0,4.0,0.0,0.0,0.0,0.0,0.0,0.0,0.0,0.0,4.0,12.0,1.0,12.17,5.01,2.5,1.49,0.0,0.1,0.0,131.9,0.0,-0.2,0.0,-0.2,-169.70000000000002,0.0,0.0,169.8,0.0,21.700000000000003,29.1,29.1,30.1,300.0,300.0,31.700000000000003,35.800000000000004,29.0,28.200000000000003,30.1,4.95,1.99,4.96,0.16,0.0,0.0,1027.0,8228.0,0.0,0.0,0.0,0.0,0.0,1.0,0.0,0.0,0.0,0.0,0.0,-0.2,0.0,0.2,0.0,0.0001,16.0,25903.0
2026-07-30T19:02:11.372Z,300.855,300.87,0.0,7.4,0.0,0.0,0.0,0.0,0.0,0.0,0.0,0.0,1.0,0.0,0.0,0.0,9.0,4.0,0.0,0.0,0.0,0.0,0.0,0.0,0.0,0.0,5.0,12.0,1.0,12.17,5.01,2.5,1.49,0.0,0.0,0.0,131.8,0.0,0.8,0.6000000000000001,-0.8,-169.70000000000002,0.0,0.0,169.70000000000002,0.0,21.700000000000003,29.1,29.1,30.1,300.0,300.0,31.700000000000003,35.800000000000004,29.0,28.200000000000003,30.1,4.95,2.0,4.96,0.16,0.0,0.0,1027.0,8228.0,0.0,0.0,0.0,0.0,0.0,1.0,0.0,0.0,0.0,0.0,0.0,0.0,0.0,0.8,0.0,0.0,16.0,25903.0
2026-07-30T19:02:11.384Z,300.867,300.882,0.0,7.4,0.0,0.0,0.0,0.0,0.0,0.0,0.0,0.0,1.0,0.0,0.0,0.0,9.0,4.0,0.0,0.0,0.0,0.0,0.0,0.0,0.0,0.0,6.0,12.0,1.0,12.17,5.01,2.5,1.49,0.0,0.0,0.0,131.70000000000002,0.0,0.2,-0.5,-1.4,-169.70000000000002,0.0,0.0,169.8,0.0,21.700000000000003,29.1,29.1,30.1,300.0,300.0,31.700000000000003,35.800000000000004,29.0,28.200000000000003,30.1,4.95,2.0,4.97,0.16,0.0,0.0,1027.0,8228.0,0.0,0.0,0.0,0.0,0.0,1.0,0.0,0.0,0.0,0.0,0.0,-1.6,0.0,1.1,0.0,0.0,16.0,25903.0
2026-07-30T19:02:11.396Z,300.879,300.894,0.0,7.4,0.0,0.0,0.0,0.0,0.0,0.0,0.0,0.0,1.0,0.0,0.0,0.0,9.0,4.0,0.0,0.0,0.0,0.0,0.0,0.0,0.0,0.0,1.0,12.0,1.0,12.2,5.0200000000000005,2.5,1.49,0.0,0.0,0.0,131.6,0.0,-0.3,-0.5,-0.2,-169.70000000000002,0.0,0.0,169.70000000000002,0.0,21.700000000000003,29.1,29.1,30.1,300.0,300.0,31.6,35.7,28.9,28.200000000000003,30.1,4.96,1.99,4.96,0.16,0.0,0.0,1027.0,8228.0,0.0,0.0,0.0,0.0,0.0,1.0,0.0,0.0,0.0,0.0,0.0,-0.7000000000000001,0.0,0.0,0.0,0.0,16.0,25903.0
2026-07-30T19:02:11.408Z,300.891,300.906,0.0,7.4,0.0,0.0,0.0,0.0,0.0,0.0,0.0,0.0,1.0,0.0,0.0,0.0,9.0,4.0,0.0,0.0,0.0,0.0,0.0,0.0,0.0,0.0,2.0,12.0,1.0,12.2,5.0200000000000005,2.5,1.49,0.0,0.0,0.0,131.4,0.0,-0.9,0.0,-0.2,-169.70000000000002,0.0,0.0,169.60000000000002,0.0,21.700000000000003,29.1,29.1,30.1,300.0,300.0,31.6,35.7,28.9,28.200000000000003,30.1,4.96,2.0,4.96,0.16,0.0,0.0,1027.0,8228.0,0.0,0.0,0.0,0.0,0.0,1.0,0.0,0.0,0.0,0.0,0.0,-0.1,0.0,0.1,0.0,0.0,16.0,25903.0
2026-07-30T19:02:11.420Z,300.903,300.918,0.0,7.4,0.0,0.0,0.0,0.0,0.0,0.0,0.0,0.0,1.0,0.0,0.0,0.0,9.0,4.0,0.0,0.0,0.0,0.0,0.0,0.0,0.0,0.0,3.0,12.0,1.0,12.2,5.0200000000000005,2.5,1.49,0.0,0.0,0.0,131.4,0.0,0.2,0.0,0.4,-169.70000000000002,0.0,0.0,169.70000000000002,0.0,21.700000000000003,29.1,29.1,30.1,300.0,300.0,31.6,35.7,28.9,28.200000000000003,30.1,4.96,1.99,4.96,0.16,0.0,0.0,1027.0,8228.0,0.0,0.0,0.0,0.0,0.0,1.0,0.0,0.0,0.0,0.0,0.0,-0.1,0.0,0.1,0.0,0.0,16.0,25903.0
2026-07-30T19:02:11.432Z,300.915,300.93,0.0,7.4,0.0,0.0,0.0,0.0,0.0,0.0,0.0,0.0,1.0,0.0,0.0,0.0,9.0,4.0,0.0,0.0,0.0,0.0,0.0,0.0,0.0,0.0,5.0,12.0,1.0,12.2,5.0200000000000005,2.5,1.49,0.0,0.0,0.0,131.3,0.0,0.2,0.0,-0.1,-169.70000000000002,0.0,0.0,169.70000000000002,0.0,21.700000000000003,29.1,29.1,30.1,300.0,300.0,31.6,35.7,28.9,28.200000000000003,30.1,4.96,1.99,4.97,0.16,0.0,0.0,1027.0,8228.0,0.0,0.0,0.0,0.0,0.0,1.0,0.0,0.0,0.0,0.0,0.0,0.0,0.0,0.1,0.0,0.0,16.0,25903.0
2026-07-30T19:02:11.444Z,300.927,300.942,0.0,7.4,0.0,0.0,0.0,0.0,0.0,0.0,0.0,0.0,1.0,0.0,0.0,0.0,9.0,4.0,0.0,0.0,0.0,0.0,0.0,0.0,0.0,0.0,6.0,12.0,1.0,12.2,5.0200000000000005,2.5,1.49,0.0,0.0,0.0,131.1,0.0,-0.3,-0.5,-0.1,-169.70000000000002,0.0,0.0,169.70000000000002,0.0,21.700000000000003,29.1,29.1,30.1,300.0,300.0,31.6,35.7,28.9,28.200000000000003,30.1,4.96,1.99,4.96,0.16,0.0,0.0,1027.0,8228.0,0.0,0.0,0.0,0.0,0.0,1.0,0.0,0.0,0.0,0.0,0.0,-3.3000000000000003,0.0,1.3,0.0,0.0,16.0,25903.0
2026-07-30T19:02:11.456Z,300.939,300.954,0.0,7.4,0.0,0.0,0.0,0.0,0.0,0.0,0.0,0.0,1.0,0.0,0.0,0.0,9.0,4.0,0.0,0.0,0.0,0.0,0.0,0.0,0.0,0.0,1.0,12.0,1.0,12.2,5.0200000000000005,2.5,1.49,0.0,0.1,0.0,131.0,0.0,0.2,0.0,1.6,-169.70000000000002,0.0,0.0,169.8,0.0,21.700000000000003,29.1,29.1,30.1,300.0,300.0,31.6,35.7,28.9,28.200000000000003,30.1,4.96,1.99,4.97,0.16,0.0,0.0,1027.0,8228.0,0.0,0.0,0.0,0.0,0.0,1.0,0.0,0.0,0.0,0.0,0.0,1.2000000000000002,0.0,-1.4,0.0,0.0,16.0,25903.0
2026-07-30T19:02:11.468Z,300.951,300.966,0.0,7.4,0.0,0.0,0.0,0.0,0.0,0.0,0.0,0.0,1.0,0.0,0.0,0.0,9.0,4.0,0.0,0.0,0.0,0.0,0.0,0.0,0.0,0.0,2.0,12.0,1.0,12.2,5.0200000000000005,2.5,1.49,0.0,0.0,0.0,130.9,0.0,-0.3,-0.5,-0.7000000000000001,-169.70000000000002,0.0,0.0,169.70000000000002,0.0,21.700000000000003,29.1,29.1,30.1,300.0,300.0,31.6,35.7,28.9,28.200000000000003,30.1,4.95,1.99,4.97,0.16,0.0,0.0,1027.0,8228.0,0.0,0.0,0.0,0.0,0.0,1.0,0.0,0.0,0.0,0.0,0.0,-1.1,0.0,0.5,0.0,0.0,16.0,25903.0
2026-07-30T19:02:11.480Z,300.963,300.978,0.0,7.4,0.0,0.0,0.0,0.0,0.0,0.0,0.0,0.0,1.0,0.0,0.0,0.0,9.0,4.0,0.0,0.0,0.0,0.0,0.0,0.0,0.0,0.0,3.0,12.0,1.0,12.2,5.0200000000000005,2.5,1.49,0.0,0.0,0.0,130.8,0.0,0.2,0.6000000000000001,0.9,-169.70000000000002,0.0,0.0,169.8,0.0,21.700000000000003,29.1,29.1,30.1,300.0,300.0,31.6,35.7,28.9,28.200000000000003,30.1,4.96,1.99,4.97,0.16,0.0,0.0,1027.0,8228.0,0.0,0.0,0.0,0.0,0.0,1.0,0.0,0.0,0.0,0.0,0.0,1.4,0.0,-0.7000000000000001,0.0,0.0,16.0,25903.0
2026-07-30T19:02:11.493Z,300.976,300.99,0.0,7.4,0.0,0.0,0.0,0.0,0.0,0.0,0.0,0.0,1.0,0.0,0.0,0.0,9.0,4.0,0.0,0.0,0.0,0.0,0.0,0.0,0.0,0.0,4.0,12.0,1.0,12.17,5.0200000000000005,2.5,1.49,0.0,0.0,0.0,130.8,0.0,0.2,-0.5,0.3,-169.70000000000002,0.0,0.0,169.8,0.0,21.9,29.1,29.1,30.1,300.0,300.0,31.6,35.7,29.0,28.200000000000003,30.1,4.95,2.0,4.97,0.16,0.0,0.0,1027.0,8228.0,0.0,0.0,0.0,0.0,0.0,1.0,0.0,0.0,0.0,0.0,0.0,-0.3,0.0,-0.3,0.0,0.0,16.0,25903.0
2026-07-30T19:02:11.504Z,300.987,301.002,0.0,7.4,0.0,0.0,0.0,0.0,0.0,0.0,0.0,0.0,1.0,0.0,0.0,0.0,9.0,4.0,0.0,0.0,0.0,0.0,0.0,0.0,0.0,0.0,5.0,12.0,1.0,12.17,5.0200000000000005,2.5,1.49,0.0,0.0,0.0,130.9,0.0,0.2,0.0,-0.2,-169.70000000000002,0.0,0.0,169.70000000000002,0.0,21.9,29.1,29.1,30.1,300.0,300.0,31.6,35.7,29.0,28.200000000000003,30.1,4.95,1.99,4.97,0.16,0.0,0.0,1027.0,8228.0,0.0,0.0,0.0,0.0,0.0,1.0,0.0,0.0,0.0,0.0,0.0,-0.1,0.0,0.2,0.0,0.0,16.0,25903.0
2026-07-30T19:02:11.516Z,300.999,301.014,0.0,7.4,0.0,0.0,0.0,0.0,0.0,0.0,0.0,0.0,1.0,0.0,0.0,0.0,9.0,4.0,0.0,0.0,0.0,0.0,0.0,0.0,0.0,0.0,6.0,12.0,1.0,12.17,5.0200000000000005,2.5,1.49,0.0,0.0,0.0,131.1,0.0,-0.3,0.6000000000000001,-0.3,-169.70000000000002,0.0,0.0,169.8,0.0,21.9,29.1,29.1,30.1,300.0,300.0,31.6,35.7,29.0,28.200000000000003,30.1,4.95,1.99,4.97,0.16,0.0,0.0,1027.0,8228.0,0.0,0.0,0.0,0.0,0.0,1.0,0.0,0.0,0.0,0.0,0.0,0.5,0.0,0.4,0.0,0.0,16.0,25903.0
2026-07-30T19:02:11.528Z,301.011,301.026,0.0,7.4,0.0,0.0,0.0,0.0,0.0,0.0,0.0,0.0,1.0,0.0,0.0,0.0,9.0,4.0,0.0,0.0,0.0,0.0,0.0,0.0,0.0,0.0,1.0,12.0,1.0,12.17,5.0200000000000005,2.5,1.49,0.0,0.0,0.0,131.4,0.0,-0.3,-0.4,0.8,-169.70000000000002,0.0,0.0,169.8,0.0,21.9,29.1,29.1,30.1,300.0,300.0,31.6,35.7,29.0,28.200000000000003,30.1,4.96,1.99,4.96,0.16,0.0,0.0,1027.0,8228.0,0.0,0.0,0.0,0.0,0.0,1.0,0.0,0.0,0.0,0.0,0.0,0.1,0.0,-0.8,0.0,0.0,16.0,25903.0
2026-07-30T19:02:11.540Z,301.023,301.038,0.0,7.4,0.0,0.0,0.0,0.0,0.0,0.0,0.0,0.0,1.0,0.0,0.0,0.0,9.0,4.0,0.0,0.0,0.0,0.0,0.0,0.0,0.0,0.0,2.0,12.0,1.0,12.17,5.0200000000000005,2.5,1.49,0.0,0.0,0.0,131.5,0.0,0.2,0.1,1.5,-169.70000000000002,0.0,0.0,169.8,0.0,21.9,29.1,29.1,30.1,300.0,300.0,31.6,35.7,29.0,28.200000000000003,30.1,4.95,1.99,4.97,0.16,0.0,0.0,1027.0,8228.0,0.0,0.0,0.0,0.0,0.0,1.0,0.0,0.0,0.0,0.0,0.0,1.2000000000000002,0.0,-1.2000000000000002,0.0,0.0,16.0,25903.0
2026-07-30T19:02:11.552Z,301.035,301.05,0.0,7.4,0.0,0.0,0.0,0.0,0.0,0.0,0.0,0.0,1.0,0.0,0.0,0.0,9.0,4.0,0.0,0.0,0.0,0.0,0.0,0.0,0.0,0.0,3.0,12.0,1.0,12.17,5.0200000000000005,2.5,1.49,0.0,0.0,0.0,131.70000000000002,0.0,0.2,1.3,-0.8,-169.70000000000002,0.0,0.0,169.8,0.0,21.9,29.1,29.1,30.1,300.0,300.0,31.6,35.7,29.0,28.200000000000003,30.1,4.95,1.99,4.97,0.16,0.0,0.0,1027.0,8228.0,0.0,0.0,0.0,0.0,0.0,1.0,0.0,0.0,0.0,0.0,0.0,0.8,0.0,1.0,0.0,0.0,16.0,25903.0
2026-07-30T19:02:11.565Z,301.048,301.062,0.0,7.4,0.0,0.0,0.0,0.0,0.0,0.0,0.0,0.0,1.0,0.0,0.0,0.0,9.0,4.0,0.0,0.0,0.0,0.0,0.0,0.0,0.0,0.0,3.0,12.0,1.0,12.17,5.0200000000000005,2.5,1.49,0.0,0.0,0.0,131.8,0.0,0.2,0.1,0.3,-169.70000000000002,0.0,0.0,169.8,0.0,21.9,29.1,29.1,30.1,300.0,300.0,31.6,35.7,29.0,28.200000000000003,30.1,4.96,1.99,4.97,0.16,0.0,0.0,1027.0,8228.0,0.0,0.0,0.0,0.0,0.0,1.0,0.0,0.0,0.0,0.0,0.0,0.4,0.0,-0.2,0.0,0.0,16.0,25903.0
2026-07-30T19:02:11.576Z,301.059,301.074,0.0,7.4,0.0,0.0,0.0,0.0,0.0,0.0,0.0,0.0,1.0,0.0,0.0,0.0,9.0,4.0,0.0,0.0,0.0,0.0,0.0,0.0,0.0,0.0,4.0,12.0,1.0,12.17,5.0200000000000005,2.5,1.49,0.0,0.0,0.0,132.1,0.0,0.2,0.1,0.3,-169.70000000000002,0.0,0.0,169.8,0.0,21.9,29.1,29.1,30.1,300.0,300.0,31.6,35.7,29.0,28.200000000000003,30.1,4.95,1.99,4.96,0.16,0.0,0.0,1027.0,8228.0,0.0,0.0,0.0,0.0,0.0,1.0,0.0,0.0,0.0,0.0,0.0,0.4,0.0,-0.2,0.0,0.0,16.0,25903.0
2026-07-30T19:02:11.588Z,301.071,301.086,0.0,7.4,0.0,0.0,0.0,0.0,0.0,0.0,0.0,0.0,1.0,0.0,0.0,0.0,9.0,4.0,0.0,0.0,0.0,0.0,0.0,0.0,0.0,0.0,5.0,12.0,1.0,12.17,5.0200000000000005,2.5,1.49,0.0,0.0,0.0,132.3,0.0,-0.3,-0.4,0.9,-169.70000000000002,0.0,0.0,169.8,0.0,21.9,29.1,29.1,30.1,300.0,300.0,31.6,35.7,29.0,28.200000000000003,30.1,4.96,1.99,4.97,0.16,0.0,0.0,1027.0,8228.0,0.0,0.0,0.0,0.0,0.0,1.0,0.0,0.0,0.0,0.0,0.0,0.2,0.0,-0.9,0.0,0.0,16.0,25903.0
2026-07-30T19:02:11.600Z,301.083,301.098,0.0,7.4,0.0,0.0,0.0,0.0,0.0,0.0,0.0,0.0,1.0,0.0,0.0,0.0,9.0,4.0,0.0,0.0,0.0,0.0,0.0,0.0,0.0,0.0,1.0,12.0,1.0,12.18,5.0200000000000005,2.51,1.49,0.0,0.0,0.0,132.4,0.0,0.2,1.8,2.1,-169.70000000000002,0.0,0.0,169.8,0.0,22.4,29.1,29.1,30.0,300.0,300.0,31.5,35.7,29.0,28.200000000000003,30.1,4.96,2.0,4.96,0.17,0.0,0.0,1027.0,8228.0,0.0,0.0,0.0,0.0,0.0,1.0,0.0,0.0,0.0,0.0,0.0,3.7,0.0,-1.4,0.0,0.0,16.0,25903.0
2026-07-30T19:02:11.613Z,301.096,301.11,0.0,7.4,0.0,0.0,0.0,0.0,0.0,0.0,0.0,0.0,1.0,0.0,0.0,0.0,9.0,4.0,0.0,0.0,0.0,0.0,0.0,0.0,0.0,0.0,1.0,12.0,1.0,12.18,5.0200000000000005,2.51,1.49,0.0,0.0,0.0,132.6,0.0,0.2,1.2000000000000002,-0.2,-169.70000000000002,0.0,0.0,169.8,0.0,22.4,29.1,29.1,30.0,300.0,300.0,31.5,35.7,29.0,28.200000000000003,30.1,4.96,2.0,4.96,0.16,0.0,0.0,1027.0,8228.0,0.0,0.0,0.0,0.0,0.0,1.0,0.0,0.0,0.0,0.0,0.0,1.3,0.0,0.4,0.0,0.0,16.0,25903.0
2026-07-30T19:02:11.625Z,301.108,301.122,0.0,7.4,0.0,0.0,0.0,0.0,0.0,0.0,0.0,0.0,1.0,0.0,0.0,0.0,9.0,4.0,0.0,0.0,0.0,0.0,0.0,0.0,0.0,0.0,2.0,12.0,1.0,12.18,5.0200000000000005,2.51,1.49,0.0,0.0,0.0,132.8,0.0,-0.4,0.7000000000000001,0.9,-169.70000000000002,0.0,0.0,169.8,0.0,22.4,29.1,29.1,30.0,300.0,300.0,31.5,35.7,29.0,28.200000000000003,30.1,4.95,2.0,4.97,0.16,0.0,0.0,1027.0,8228.0,0.0,0.0,0.0,0.0,0.0,1.0,0.0,0.0,0.0,0.0,0.0,1.5,0.0,-0.6000000000000001,0.0,0.0,16.0,25903.0
2026-07-30T19:02:11.637Z,301.12,301.134,0.0,7.4,0.0,0.0,0.0,0.0,0.0,0.0,0.0,0.0,1.0,0.0,0.0,0.0,9.0,4.0,0.0,0.0,0.0,0.0,0.0,0.0,0.0,0.0,3.0,12.0,1.0,12.18,5.0200000000000005,2.51,1.49,0.0,0.0,0.0,133.0,0.0,0.2,0.0,-0.2,-169.70000000000002,0.0,0.0,169.8,0.0,22.4,29.1,29.1,30.0,300.0,300.0,31.5,35.7,29.0,28.200000000000003,30.1,4.96,1.99,4.96,0.16,0.0,0.0,1027.0,8228.0,0.0,0.0,0.0,0.0,0.0,1.0,0.0,0.0,0.0,0.0,0.0,0.0,0.0,0.2,0.0,0.0,16.0,25903.0
2026-07-30T19:02:11.648Z,301.131,301.146,0.0,7.4,0.0,0.0,0.0,0.0,0.0,0.0,0.0,0.0,1.0,0.0,0.0,0.0,9.0,4.0,0.0,0.0,0.0,0.0,0.0,0.0,0.0,0.0,5.0,12.0,1.0,12.18,5.0200000000000005,2.51,1.49,0.0,0.0,0.0,133.20000000000002,0.0,0.2,1.7000000000000002,0.9,-169.70000000000002,0.0,0.0,169.70000000000002,0.0,22.4,29.1,29.1,30.0,300.0,300.0,31.5,35.7,29.0,28.200000000000003,30.1,4.96,1.99,4.97,0.16,0.0,0.0,1027.0,8228.0,0.0,0.0,0.0,0.0,0.0,1.0,0.0,0.0,0.0,0.0,0.0,2.7,0.0,-0.4,0.0,0.0,16.0,25903.0
2026-07-30T19:02:11.660Z,301.143,301.158,0.0,7.4,0.0,0.0,0.0,0.0,0.0,0.0,0.0,0.0,1.0,0.0,0.0,0.0,9.0,4.0,0.0,0.0,0.0,0.0,0.0,0.0,0.0,0.0,6.0,12.0,1.0,12.18,5.0200000000000005,2.51,1.49,0.0,0.0,0.0,133.4,0.0,-0.3,0.0,0.3,-169.70000000000002,0.0,0.0,169.70000000000002,0.0,22.4,29.1,29.1,30.0,300.0,300.0,31.5,35.7,29.0,28.200000000000003,30.1,4.96,1.99,4.97,0.16,0.0,0.0,1027.0,8228.0,0.0,0.0,0.0,0.0,0.0,1.0,0.0,0.0,0.0,0.0,0.0,0.3,0.0,-0.3,0.0,0.0,16.0,25903.0
2026-07-30T19:02:11.672Z,301.155,301.17,0.0,7.4,0.0,0.0,0.0,0.0,0.0,0.0,0.0,0.0,1.0,0.0,0.0,0.0,9.0,4.0,0.0,0.0,0.0,0.0,0.0,0.0,0.0,0.0,1.0,12.0,1.0,12.18,5.0200000000000005,2.51,1.49,0.0,0.0,0.0,133.6,0.0,0.7000000000000001,-0.5,-0.2,-169.70000000000002,0.0,0.0,169.8,0.0,22.4,29.1,29.1,30.0,300.0,300.0,31.5,35.7,29.0,28.200000000000003,30.1,4.96,1.99,4.96,0.16,0.0,0.0,1027.0,8228.0,0.0,0.0,0.0,0.0,0.0,1.0,0.0,0.0,0.0,0.0,0.0,-0.7000000000000001,0.0,0.0,0.0,0.0,16.0,25903.0
2026-07-30T19:02:11.684Z,301.167,301.182,0.0,7.4,0.0,0.0,0.0,0.0,0.0,0.0,0.0,0.0,1.0,0.0,0.0,0.0,9.0,4.0,0.0,0.0,0.0,0.0,0.0,0.0,0.0,0.0,2.0,12.0,1.0,12.18,5.0200000000000005,2.51,1.49,0.0,0.0,0.0,133.8,0.0,0.2,0.5,-0.1,-169.70000000000002,0.0,0.0,169.70000000000002,0.0,22.4,29.1,29.1,30.0,300.0,300.0,31.5,35.7,29.0,28.200000000000003,30.1,4.95,1.99,4.96,0.16,0.0,0.0,1027.0,8228.0,0.0,0.0,0.0,0.0,0.0,1.0,0.0,0.0,0.0,0.0,0.0,0.5,0.0,0.2,0.0,0.0,16.0,25903.0
2026-07-30T19:02:11.698Z,301.181,301.194,0.0,7.4,0.0,0.0,0.0,0.0,0.0,0.0,0.0,0.0,1.0,0.0,0.0,0.0,9.0,4.0,0.0,0.0,0.0,0.0,0.0,0.0,0.0,0.0,3.0,12.0,1.0,12.15,5.0200000000000005,2.51,1.49,0.0,0.0,0.0,133.9,0.0,0.2,0.0,0.3,-169.70000000000002,0.0,0.0,169.8,0.0,21.700000000000003,29.1,29.1,30.1,300.0,300.0,31.5,35.7,29.0,28.200000000000003,30.1,4.95,1.99,4.97,0.16,0.0,0.0,1027.0,8228.0,0.0,0.0,0.0,0.0,0.0,1.0,0.0,0.0,0.0,0.0,0.0,0.2,0.0,-0.3,0.0,0.0,16.0,25903.0
2026-07-30T19:02:11.708Z,301.191,301.206,0.0,7.4,0.0,0.0,0.0,0.0,0.0,0.0,0.0,0.0,1.0,0.0,0.0,0.0,9.0,4.0,0.0,0.0,0.0,0.0,0.0,0.0,0.0,0.0,4.0,12.0,1.0,12.15,5.0200000000000005,2.51,1.49,0.0,0.0,0.0,134.1,0.0,0.2,0.0,-0.1,-169.70000000000002,0.0,0.0,169.60000000000002,0.0,21.700000000000003,29.1,29.1,30.1,300.0,300.0,31.5,35.7,29.0,28.200000000000003,30.1,4.95,1.99,4.97,0.16,0.0,0.0,1027.0,8228.0,0.0,0.0,0.0,0.0,0.0,1.0,0.0,0.0,0.0,0.0,0.0,-0.1,0.0,0.1,0.0,0.0,16.0,25903.0
2026-07-30T19:02:11.720Z,301.203,301.218,0.0,7.4,0.0,0.0,0.0,0.0,0.0,0.0,0.0,0.0,1.0,0.0,0.0,0.0,9.0,4.0,0.0,0.0,0.0,0.0,0.0,0.0,0.0,0.0,5.0,12.0,1.0,12.15,5.0200000000000005,2.51,1.49,0.0,0.0,0.0,134.20000000000002,0.0,0.8,1.2000000000000002,2.1,-169.70000000000002,0.0,0.0,169.60000000000002,0.0,21.700000000000003,29.1,29.1,30.1,300.0,300.0,31.5,35.7,29.0,28.200000000000003,30.1,4.95,1.99,4.97,0.16,0.0,0.0,1027.0,8228.0,0.0,0.0,0.0,0.0,0.0,1.0,0.0,0.0,0.0,0.0,0.0,3.0,0.0,-1.6,0.0,0.0001,16.0,25903.0
2026-07-30T19:02:11.732Z,301.215,301.23,0.0,7.4,0.0,0.0,0.0,0.0,0.0,0.0,0.0,0.0,1.0,0.0,0.0,0.0,9.0,4.0,0.0,0.0,0.0,0.0,0.0,0.0,0.0,0.0,6.0,12.0,1.0,12.15,5.0200000000000005,2.51,1.49,0.0,0.0,0.0,134.5,0.0,-0.3,-0.5,-1.9,-169.70000000000002,0.0,0.0,169.70000000000002,0.0,21.700000000000003,29.1,29.1,30.1,300.0,300.0,31.5,35.7,29.0,28.200000000000003,30.1,4.96,1.99,4.97,0.16,0.0,0.0,1027.0,8228.0,0.0,0.0,0.0,0.0,0.0,1.0,0.0,0.0,0.0,0.0,0.0,-2.0,0.0,1.5,0.0,0.0,16.0,25903.0
2026-07-30T19:02:11.744Z,301.227,301.242,0.0,7.4,0.0,0.0,0.0,0.0,0.0,0.0,0.0,0.0,1.0,0.0,0.0,0.0,9.0,4.0,0.0,0.0,0.0,0.0,0.0,0.0,0.0,0.0,1.0,12.0,1.0,12.15,5.0200000000000005,2.51,1.49,0.0,0.0,0.0,134.3,0.0,0.2,0.6000000000000001,-0.7000000000000001,-169.70000000000002,0.0,0.0,169.60000000000002,0.0,21.700000000000003,29.1,29.1,30.1,300.0,300.0,31.5,35.7,29.0,28.200000000000003,30.1,4.96,1.99,4.96,0.16,0.0,0.0,1027.0,8228.0,0.0,0.0,0.0,0.0,0.0,1.0,0.0,0.0,0.0,0.0,0.0,0.1,0.0,0.7000000000000001,0.0,0.0,16.0,25903.0
2026-07-30T19:02:11.756Z,301.239,301.254,0.0,7.4,0.0,0.0,0.0,0.0,0.0,0.0,0.0,0.0,1.0,0.0,0.0,0.0,9.0,4.0,0.0,0.0,0.0,0.0,0.0,0.0,0.0,0.0,2.0,12.0,1.0,12.15,5.0200000000000005,2.51,1.49,0.0,0.0,0.0,134.3,0.0,-0.3,1.2000000000000002,1.6,-169.70000000000002,0.0,0.0,169.8,0.0,21.700000000000003,29.1,29.1,30.1,300.0,300.0,31.5,35.7,29.0,28.200000000000003,30.1,4.96,1.99,4.96,0.16,0.0,0.0,1027.0,8228.0,0.0,0.0,0.0,0.0,0.0,1.0,0.0,0.0,0.0,0.0,0.0,2.5,0.0,-1.1,0.0,0.0,16.0,25903.0
2026-07-30T19:02:11.768Z,301.251,301.266,0.0,7.4,0.0,0.0,0.0,0.0,0.0,0.0,0.0,0.0,1.0,0.0,0.0,0.0,9.0,4.0,0.0,0.0,0.0,0.0,0.0,0.0,0.0,0.0,3.0,12.0,1.0,12.15,5.0200000000000005,2.51,1.49,0.0,0.0,0.0,134.1,0.0,-0.2,0.6000000000000001,1.6,-169.70000000000002,0.0,0.0,169.70000000000002,0.0,21.700000000000003,29.1,29.1,30.1,300.0,300.0,31.5,35.7,29.0,28.200000000000003,30.1,4.95,1.99,4.96,0.16,0.0,0.0,1027.0,8228.0,0.0,0.0,0.0,0.0,0.0,1.0,0.0,0.0,0.0,0.0,0.0,1.9,0.0,-1.3,0.0,0.0001,16.0,25903.0
2026-07-30T19:02:11.780Z,301.263,301.278,0.0,7.4,0.0,0.0,0.0,0.0,0.0,0.0,0.0,0.0,1.0,0.0,0.0,0.0,9.0,4.0,0.0,0.0,0.0,0.0,0.0,0.0,0.0,0.0,4.0,12.0,1.0,12.15,5.0200000000000005,2.51,1.49,0.0,0.0,0.0,134.0,0.0,0.9,0.0,2.8000000000000003,-169.70000000000002,0.0,0.0,169.8,0.0,21.700000000000003,29.1,29.1,30.1,300.0,300.0,31.5,35.7,29.0,28.200000000000003,30.1,4.96,1.99,4.97,0.16,0.0,0.0,1027.0,8228.0,0.0,0.0,0.0,0.0,0.0,1.0,0.0,0.0,0.0,0.0,0.0,2.2,0.0,-2.4000000000000004,0.0,0.0,16.0,25903.0
2026-07-30T19:02:11.792Z,301.275,301.29,0.0,7.4,0.0,0.0,0.0,0.0,0.0,0.0,0.0,0.0,1.0,0.0,0.0,0.0,9.0,4.0,0.0,0.0,0.0,0.0,0.0,0.0,0.0,0.0,5.0,12.0,1.0,12.15,5.0200000000000005,2.51,1.49,0.0,0.0,0.0,133.9,0.0,0.3,0.6000000000000001,0.0,-169.70000000000002,0.0,0.0,169.8,0.0,21.700000000000003,29.1,29.1,30.1,300.0,300.0,31.5,35.7,29.0,28.200000000000003,30.1,4.96,1.99,4.96,0.16,0.0,0.0,1027.0,8228.0,0.0,0.0,0.0,0.0,0.0,1.0,0.0,0.0,0.0,0.0,0.0,0.7000000000000001,0.0,0.1,0.0,0.0,16.0,25903.0
2026-07-30T19:02:11.804Z,301.287,301.302,0.0,7.4,0.0,0.0,0.0,0.0,0.0,0.0,0.0,0.0,1.0,0.0,0.0,0.0,9.0,4.0,0.0,0.0,0.0,0.0,0.0,0.0,0.0,0.0,6.0,12.0,1.0,12.18,5.0200000000000005,2.51,1.49,0.0,0.0,0.0,133.8,0.0,0.3,-0.4,0.5,-169.70000000000002,0.0,0.0,169.70000000000002,0.0,20.9,29.1,29.1,30.0,300.0,300.0,31.5,35.6,29.0,28.200000000000003,30.1,4.95,1.99,4.96,0.16,0.0,0.0,1027.0,8228.0,0.0,0.0,0.0,0.0,0.0,1.0,0.0,0.0,0.0,0.0,0.0,-0.1,0.0,-0.5,0.0,0.0001,16.0,25903.0
2026-07-30T19:02:11.816Z,301.299,301.314,0.0,7.4,0.0,0.0,0.0,0.0,0.0,0.0,0.0,0.0,1.0,0.0,0.0,0.0,9.0,4.0,0.0,0.0,0.0,0.0,0.0,0.0,0.0,0.0,1.0,12.0,1.0,12.18,5.0200000000000005,2.51,1.49,0.0,0.0,0.0,133.70000000000002,0.0,-0.2,-0.4,1.7000000000000002,-169.70000000000002,0.0,0.0,169.8,0.0,20.9,29.1,29.1,30.0,300.0,300.0,31.5,35.6,29.0,28.200000000000003,30.1,4.95,1.99,4.96,0.16,0.0,0.0,1027.0,8228.0,0.0,0.0,0.0,0.0,0.0,1.0,0.0,0.0,0.0,0.0,0.0,0.8,0.0,-1.6,0.0,0.0,16.0,25903.0
2026-07-30T19:02:11.829Z,301.312,301.326,0.0,7.4,0.0,0.0,0.0,0.0,0.0,0.0,0.0,0.0,1.0,0.0,0.0,0.0,9.0,4.0,0.0,0.0,0.0,0.0,0.0,0.0,0.0,0.0,2.0,12.0,1.0,12.18,5.0200000000000005,2.51,1.49,0.0,0.0,0.0,133.6,0.0,0.3,0.1,0.0,-169.70000000000002,0.0,0.0,169.70000000000002,0.0,20.9,29.1,29.1,30.0,300.0,300.0,31.5,35.6,29.0,28.200000000000003,30.1,4.95,1.99,4.97,0.16,0.0,0.0,1027.0,8228.0,0.0,0.0,0.0,0.0,0.0,1.0,0.0,0.0,0.0,0.0,0.0,0.1,0.0,0.0,0.0,0.0,16.0,25903.0
2026-07-30T19:02:11.841Z,301.324,301.338,0.0,7.4,0.0,0.0,0.0,0.0,0.0,0.0,0.0,0.0,1.0,0.0,0.0,0.0,9.0,4.0,0.0,0.0,0.0,0.0,0.0,0.0,0.0,0.0,3.0,12.0,1.0,12.18,5.0200000000000005,2.51,1.49,0.0,0.0,0.0,133.5,0.0,0.9,1.2000000000000002,0.5,-169.70000000000002,0.0,0.0,169.8,0.0,20.9,29.1,29.1,30.0,300.0,300.0,31.5,35.6,29.0,28.200000000000003,30.1,4.95,2.0,4.96,0.16,0.0,0.0,1027.0,8228.0,0.0,0.0,0.0,0.0,0.0,1.0,0.0,0.0,0.0,0.0,0.0,1.8,0.0,-0.1,0.0,0.0,16.0,25903.0
2026-07-30T19:02:11.853Z,301.336,301.35,0.0,7.4,0.0,0.0,0.0,0.0,0.0,0.0,0.0,0.0,1.0,0.0,0.0,0.0,9.0,4.0,0.0,0.0,0.0,0.0,0.0,0.0,0.0,0.0,4.0,12.0,1.0,12.18,5.0200000000000005,2.51,1.49,0.0,0.0,0.0,133.4,0.0,0.3,0.6000000000000001,1.6,-169.70000000000002,0.0,0.0,169.70000000000002,0.0,20.9,29.1,29.1,30.0,300.0,300.0,31.5,35.6,29.0,28.200000000000003,30.1,4.95,1.99,4.96,0.16,0.0,0.0,1027.0,8228.0,0.0,0.0,0.0,0.0,0.0,1.0,0.0,0.0,0.0,0.0,0.0,1.9,0.0,-1.3,0.0,0.0,16.0,25903.0
2026-07-30T19:02:11.864Z,301.347,301.362,0.0,7.4,0.0,0.0,0.0,0.0,0.0,0.0,0.0,0.0,1.0,0.0,0.0,0.0,9.0,4.0,0.0,0.0,0.0,0.0,0.0,0.0,0.0,0.0,5.0,12.0,1.0,12.18,5.0200000000000005,2.51,1.49,0.0,0.0,0.0,133.3,0.0,0.9,-0.5,-0.6000000000000001,-169.70000000000002,0.0,0.0,169.70000000000002,0.0,20.9,29.1,29.1,30.0,300.0,300.0,31.5,35.6,29.0,28.200000000000003,30.1,4.95,1.99,4.97,0.16,0.0,0.0,1027.0,8228.0,0.0,0.0,0.0,0.0,0.0,1.0,0.0,0.0,0.0,0.0,0.0,-1.0,0.0,0.4,0.0,0.0,16.0,25903.0
2026-07-30T19:02:11.876Z,301.359,301.374,0.0,7.4,0.0,0.0,0.0,0.0,0.0,0.0,0.0,0.0,1.0,0.0,0.0,0.0,9.0,4.0,0.0,0.0,0.0,0.0,0.0,0.0,0.0,0.0,6.0,12.0,1.0,12.18,5.0200000000000005,2.51,1.49,0.0,0.0,0.0,133.20000000000002,0.0,-0.8,0.6000000000000001,1.0,-169.70000000000002,0.0,0.0,169.70000000000002,0.0,20.9,29.1,29.1,30.0,300.0,300.0,31.5,35.6,29.0,28.200000000000003,30.1,4.96,1.99,4.96,0.16,0.0,0.0,1027.0,8228.0,0.0,0.0,0.0,0.0,0.0,1.0,0.0,0.0,0.0,0.0,0.0,1.5,0.0,-0.8,0.0,0.0,16.0,25903.0
2026-07-30T19:02:11.889Z,301.372,301.386,0.0,7.4,0.0,0.0,0.0,0.0,0.0,0.0,0.0,0.0,1.0,0.0,0.0,0.0,9.0,4.0,0.0,0.0,0.0,0.0,0.0,0.0,0.0,0.0,2.0,12.0,1.0,12.18,5.0200000000000005,2.51,1.49,0.0,0.0,0.0,133.1,0.0,0.3,0.0,0.0,-169.70000000000002,0.0,0.0,169.60000000000002,0.0,20.9,29.1,29.1,30.0,300.0,300.0,31.5,35.6,29.0,28.200000000000003,30.1,4.96,2.0,4.96,0.16,0.0,0.0,1027.0,8228.0,0.0,0.0,0.0,0.0,0.0,1.0,0.0,0.0,0.0,0.0,0.0,0.0,0.0,0.0,0.0,0.0,16.0,25903.0
2026-07-30T19:02:11.901Z,301.384,301.398,0.0,7.4,0.0,0.0,0.0,0.0,0.0,0.0,0.0,0.0,1.0,0.0,0.0,0.0,9.0,4.0,0.0,0.0,0.0,0.0,0.0,0.0,0.0,0.0,2.0,12.0,1.0,12.18,5.01,2.51,1.49,0.0,0.0,0.0,132.9,0.0,0.3,0.6000000000000001,0.0,-169.70000000000002,0.0,0.0,169.70000000000002,0.0,21.700000000000003,29.1,29.1,30.0,300.0,300.0,31.4,35.6,29.0,28.1,30.1,4.96,1.99,4.96,0.16,0.0,0.0,1027.0,8228.0,0.0,0.0,0.0,0.0,0.0,1.0,0.0,0.0,0.0,0.0,0.0,0.6000000000000001,0.0,0.2,0.0,0.0001,16.0,25903.0
2026-07-30T19:02:11.912Z,301.395,301.41,0.0,7.4,0.0,0.0,0.0,0.0,0.0,0.0,0.0,0.0,1.0,0.0,0.0,0.0,9.0,4.0,0.0,0.0,0.0,0.0,0.0,0.0,0.0,0.0,4.0,12.0,1.0,12.18,5.01,2.51,1.49,0.0,0.1,0.0,132.8,0.0,0.9,0.6000000000000001,-1.2000000000000002,-169.70000000000002,0.0,0.0,169.70000000000002,0.0,21.700000000000003,29.1,29.1,30.0,300.0,300.0,31.4,35.6,29.0,28.1,30.1,4.95,1.99,4.97,0.16,0.0,0.0,1027.0,8228.0,0.0,0.0,0.0,0.0,0.0,1.0,0.0,0.0,0.0,0.0,0.0,-0.2,0.0,1.2000000000000002,0.0,0.0,16.0,25903.0
2026-07-30T19:02:11.924Z,301.407,301.422,0.0,7.4,0.0,0.0,0.0,0.0,0.0,0.0,0.0,0.0,1.0,0.0,0.0,0.0,9.0,4.0,0.0,0.0,0.0,0.0,0.0,0.0,0.0,0.0,5.0,12.0,1.0,12.18,5.01,2.51,1.49,0.0,0.0,0.0,132.8,0.0,-0.2,-0.5,-0.7000000000000001,-169.70000000000002,0.0,0.0,169.70000000000002,0.0,21.700000000000003,29.1,29.1,30.0,300.0,300.0,31.4,35.6,29.0,28.1,30.1,4.96,2.0,4.96,0.16,0.0,0.0,1027.0,8228.0,0.0,0.0,0.0,0.0,0.0,1.0,0.0,0.0,0.0,0.0,0.0,-1.1,0.0,0.5,0.0,0.0,16.0,25903.0
2026-07-30T19:02:11.936Z,301.419,301.434,0.0,7.4,0.0,0.0,0.0,0.0,0.0,0.0,0.0,0.0,1.0,0.0,0.0,0.0,9.0,4.0,0.0,0.0,0.0,0.0,0.0,0.0,0.0,0.0,6.0,12.0,1.0,12.18,5.01,2.51,1.49,0.0,0.0,0.0,132.6,0.0,0.3,1.1,-0.1,-169.70000000000002,0.0,0.0,169.70000000000002,0.0,21.700000000000003,29.1,29.1,30.0,300.0,300.0,31.4,35.6,29.0,28.1,30.1,4.96,1.99,4.97,0.16,0.0,0.0,1027.0,8228.0,0.0,0.0,0.0,0.0,0.0,1.0,0.0,0.0,0.0,0.0,0.0,0.5,0.0,0.2,0.0,0.0,16.0,25903.0
2026-07-30T19:02:11.948Z,301.431,301.446,0.0,7.4,0.0,0.0,0.0,0.0,0.0,0.0,0.0,0.0,1.0,0.0,0.0,0.0,9.0,4.0,0.0,0.0,0.0,0.0,0.0,0.0,0.0,0.0,1.0,12.0,1.0,12.18,5.01,2.51,1.49,0.0,0.0,0.0,132.6,0.0,-0.2,1.7000000000000002,-0.7000000000000001,-169.70000000000002,0.0,0.0,169.60000000000002,0.0,21.700000000000003,29.1,29.1,30.0,300.0,300.0,31.4,35.6,29.0,28.1,30.1,4.95,2.0,4.97,0.16,0.0,0.0,1027.0,8228.0,0.0,0.0,0.0,0.0,0.0,1.0,0.0,0.0,0.0,0.0,0.0,1.4,0.0,-0.7000000000000001,0.0,0.0,16.0,25903.0
2026-07-30T19:02:11.960Z,301.443,301.458,0.0,7.4,0.0,0.0,0.0,0.0,0.0,0.0,0.0,0.0,1.0,0.0,0.0,0.0,9.0,4.0,0.0,0.0,0.0,0.0,0.0,0.0,0.0,0.0,2.0,12.0,1.0,12.18,5.01,2.51,1.49,0.0,0.0,0.0,132.4,0.0,0.3,0.0,-0.7000000000000001,-169.70000000000002,0.0,0.0,169.70000000000002,0.0,21.700000000000003,29.1,29.1,30.0,300.0,300.0,31.4,35.6,29.0,28.1,30.1,4.95,2.0,4.96,0.16,0.0,0.0,1027.0,8228.0,0.0,0.0,0.0,0.0,0.0,1.0,0.0,0.0,0.0,0.0,0.0,-0.5,0.0,0.6000000000000001,0.0,0.0,16.0,25903.0
2026-07-30T19:02:11.973Z,301.456,301.47,0.0,7.4,0.0,0.0,0.0,0.0,0.0,0.0,0.0,0.0,1.0,0.0,0.0,0.0,9.0,4.0,0.0,0.0,0.0,0.0,0.0,0.0,0.0,0.0,3.0,12.0,1.0,12.18,5.01,2.51,1.49,0.0,0.0,0.0,132.3,0.0,0.3,-0.5,-0.7000000000000001,-169.70000000000002,0.0,0.0,169.8,0.0,21.700000000000003,29.1,29.1,30.0,300.0,300.0,31.4,35.6,29.0,28.1,30.1,4.95,2.0,4.97,0.16,0.0,0.0,1027.0,8228.0,0.0,0.0,0.0,0.0,0.0,1.0,0.0,0.0,0.0,0.0,0.0,-0.9,0.0,-0.5,0.0,0.0,16.0,25903.0
2026-07-30T19:02:11.984Z,301.467,301.482,0.0,7.4,0.0,0.0,0.0,0.0,0.0,0.0,0.0,0.0,1.0,0.0,0.0,0.0,9.0,4.0,0.0,0.0,0.0,0.0,0.0,0.0,0.0,0.0,4.0,12.0,1.0,12.18,5.01,2.51,1.49,0.0,0.0,0.0,132.20000000000002,0.0,-0.2,0.0,-0.8,-169.70000000000002,0.0,0.0,169.70000000000002,0.0,21.700000000000003,29.1,29.1,30.0,300.0,300.0,31.4,35.6,29.0,28.1,30.1,4.95,1.99,4.97,0.16,0.0,0.0,1027.0,8228.0,0.0,0.0,0.0,0.0,0.0,1.0,0.0,0.0,0.0,0.0,0.0,-0.6000000000000001,0.0,0.7000000000000001,0.0,0.0,16.0,25903.0
2026-07-30T19:02:11.996Z,301.479,301.494,0.0,7.4,0.0,0.0,0.0,0.0,0.0,0.0,0.0,0.0,1.0,0.0,0.0,0.0,9.0,4.0,0.0,0.0,0.0,0.0,0.0,0.0,0.0,0.0,5.0,12.0,1.0,12.18,5.01,2.51,1.49,0.0,0.0,0.0,132.1,0.0,0.3,0.0,-0.7000000000000001,-169.70000000000002,0.0,0.0,169.70000000000002,0.0,21.700000000000003,29.1,29.1,30.0,300.0,300.0,31.4,35.6,29.0,28.1,30.1,4.95,1.99,4.97,0.16,0.0,0.0,1027.0,8228.0,0.0,0.0,0.0,0.0,0.0,1.0,0.0,0.0,0.0,0.0,0.0,-0.5,0.0,0.6000000000000001,0.0,0.0,16.0,25903.0
2026-07-30T19:02:12.009Z,301.492,301.50600000000003,0.0,7.4,0.0,0.0,0.0,0.0,0.0,0.0,0.0,0.0,1.0,0.0,0.0,0.0,9.0,4.0,0.0,0.0,0.0,0.0,0.0,0.0,0.0,0.0,6.0,12.0,1.0,12.18,5.0200000000000005,2.51,1.49,0.0,0.1,0.0,132.0,0.0,-0.2,0.6000000000000001,-0.2,-169.70000000000002,0.0,0.0,169.60000000000002,0.0,21.3,29.1,29.1,30.1,300.0,300.0,31.4,35.7,28.9,28.1,30.1,4.96,1.99,4.96,0.16,0.0,0.0,1027.0,8228.0,0.0,0.0,0.0,0.0,0.0,1.0,0.0,0.0,0.0,0.0,0.0,0.5,0.0,0.3,0.0,0.0,16.0,25903.0
2026-07-30T19:02:12.020Z,301.503,301.51800000000003,0.0,7.4,0.0,0.0,0.0,0.0,0.0,0.0,0.0,0.0,1.0,0.0,0.0,0.0,9.0,4.0,0.0,0.0,0.0,0.0,0.0,0.0,0.0,0.0,1.0,12.0,1.0,12.18,5.0200000000000005,2.51,1.49,0.0,0.0,0.0,131.8,0.0,-0.2,-1.1,-0.7000000000000001,-169.70000000000002,0.0,0.0,169.60000000000002,0.0,21.3,29.1,29.1,30.1,300.0,300.0,31.4,35.7,28.9,28.1,30.1,4.96,1.99,4.96,0.16,0.0,0.0,1027.0,8228.0,0.0,0.0,0.0,0.0,0.0,1.0,0.0,0.0,0.0,0.0,0.0,-1.8,0.0,0.4,0.0,0.0,16.0,25903.0
2026-07-30T19:02:12.032Z,301.515,301.53000000000003,0.0,7.4,0.0,0.0,0.0,0.0,0.0,0.0,0.0,0.0,1.0,0.0,0.0,0.0,9.0,4.0,0.0,0.0,0.0,0.0,0.0,0.0,0.0,0.0,3.0,12.0,1.0,12.18,5.0200000000000005,2.51,1.49,0.0,0.1,0.0,131.8,0.0,-0.2,0.5,0.9,-169.70000000000002,0.0,0.0,169.60000000000002,0.0,21.3,29.1,29.1,30.1,300.0,300.0,31.4,35.7,28.9,28.1,30.1,4.96,1.99,4.97,0.16,0.0,0.0,1027.0,8228.0,0.0,0.0,0.0,0.0,0.0,1.0,0.0,0.0,0.0,0.0,0.0,1.3,0.0,-0.7000000000000001,0.0,0.0,16.0,25903.0
2026-07-30T19:02:12.044Z,301.527,301.54200000000003,0.0,7.4,0.0,0.0,0.0,0.0,0.0,0.0,0.0,0.0,1.0,0.0,0.0,0.0,9.0,4.0,0.0,0.0,0.0,0.0,0.0,0.0,0.0,0.0,4.0,12.0,1.0,12.18,5.0200000000000005,2.51,1.49,0.0,0.0,0.0,131.70000000000002,0.0,0.2,1.1,-0.8,-169.60000000000002,0.0,0.0,169.70000000000002,0.0,21.3,29.1,29.1,30.1,300.0,300.0,31.4,35.7,28.9,28.1,30.1,4.96,2.0,4.97,0.16,0.0,0.0,1027.0,8228.0,0.0,0.0,0.0,0.0,0.0,1.0,0.0,0.0,0.0,0.0,0.0,0.7000000000000001,0.0,0.9,0.0,0.0,16.0,25903.0
2026-07-30T19:02:12.056Z,301.539,301.55400000000003,0.0,7.4,0.0,0.0,0.0,0.0,0.0,0.0,0.0,0.0,1.0,0.0,0.0,0.0,9.0,4.0,0.0,0.0,0.0,0.0,0.0,0.0,0.0,0.0,5.0,12.0,1.0,12.18,5.0200000000000005,2.51,1.49,0.0,0.0,0.0,131.5,0.0,-0.3,-0.6000000000000001,-0.8,-169.60000000000002,0.0,0.0,169.70000000000002,0.0,21.3,29.1,29.1,30.1,300.0,300.0,31.4,35.7,28.9,28.1,30.1,4.95,2.0,4.96,0.16,0.0,0.0,1027.0,8228.0,0.0,0.0,0.0,0.0,0.0,1.0,0.0,0.0,0.0,0.0,0.0,-1.3,0.0,0.6000000000000001,0.0,0.0,16.0,25903.0
2026-07-30T19:02:12.068Z,301.551,301.56600000000003,0.0,7.4,0.0,0.0,0.0,0.0,0.0,0.0,0.0,0.0,1.0,0.0,0.0,0.0,9.0,4.0,0.0,0.0,0.0,0.0,0.0,0.0,0.0,0.0,6.0,12.0,1.0,12.18,5.0200000000000005,2.51,1.49,0.0,0.0,0.0,131.4,0.0,-0.3,0.5,-0.2,-169.60000000000002,0.0,0.0,169.60000000000002,0.0,21.3,29.1,29.1,30.1,300.0,300.0,31.4,35.7,28.9,28.1,30.1,4.95,1.99,4.97,0.16,0.0,0.0,1027.0,8228.0,0.0,0.0,0.0,0.0,0.0,1.0,0.0,0.0,0.0,0.0,0.0,0.3,0.0,0.3,0.0,0.0,16.0,25903.0
2026-07-30T19:02:12.081Z,301.564,301.57800000000003,0.0,7.4,0.0,0.0,0.0,0.0,0.0,0.0,0.0,0.0,1.0,0.0,0.0,0.0,9.0,4.0,0.0,0.0,0.0,0.0,0.0,0.0,0.0,0.0,1.0,12.0,1.0,12.18,5.0200000000000005,2.51,1.49,0.0,0.1,0.0,131.4,0.0,0.2,-0.6000000000000001,-0.2,-169.60000000000002,0.0,0.0,169.60000000000002,0.0,21.3,29.1,29.1,30.1,300.0,300.0,31.4,35.7,28.9,28.1,30.1,4.95,1.99,4.96,0.16,0.0,0.0,1027.0,8228.0,0.0,0.0,0.0,0.0,0.0,1.0,0.0,0.0,0.0,0.0,0.0,-0.9,0.0,0.0,0.0,0.0,16.0,25903.0
2026-07-30T19:02:12.092Z,301.575,301.59000000000003,0.0,7.4,0.0,0.0,0.0,0.0,0.0,0.0,0.0,0.0,1.0,0.0,0.0,0.0,9.0,4.0,0.0,0.0,0.0,0.0,0.0,0.0,0.0,0.0,2.0,12.0,1.0,12.18,5.0200000000000005,2.51,1.49,0.0,0.0,0.0,131.20000000000002,0.0,0.8,0.5,-0.2,-169.60000000000002,0.0,0.0,169.60000000000002,0.0,21.3,29.1,29.1,30.1,300.0,300.0,31.4,35.7,28.9,28.1,30.1,4.96,1.99,4.96,0.16,0.0,0.0,1027.0,8228.0,0.0,0.0,0.0,0.0,0.0,1.0,0.0,0.0,0.0,0.0,0.0,0.3,0.0,0.3,0.0,0.0,16.0,25903.0
2026-07-30T19:02:12.105Z,301.588,301.60200000000003,0.0,7.4,0.0,0.0,0.0,0.0,0.0,0.0,0.0,0.0,1.0,0.0,0.0,0.0,9.0,4.0,0.0,0.0,0.0,0.0,0.0,0.0,0.0,0.0,3.0,12.0,1.0,12.19,5.01,2.5,1.5,0.0,0.0,0.0,131.1,0.0,-0.3,0.0,-1.4,-169.60000000000002,0.0,0.0,169.60000000000002,0.0,21.4,29.1,29.1,30.0,300.0,300.0,31.5,35.7,28.9,28.200000000000003,30.1,4.95,1.99,4.96,0.16,0.0,0.0,1027.0,8228.0,0.0,0.0,0.0,0.0,0.0,1.0,0.0,0.0,0.0,0.0,0.0,-1.0,0.0,1.2000000000000002,0.0,0.0,16.0,25903.0
2026-07-30T19:02:12.116Z,301.599,301.61400000000003,0.0,7.4,0.0,0.0,0.0,0.0,0.0,0.0,0.0,0.0,1.0,0.0,0.0,0.0,9.0,4.0,0.0,0.0,0.0,0.0,0.0,0.0,0.0,0.0,4.0,12.0,1.0,12.19,5.01,2.5,1.5,0.0,0.0,0.0,131.1,0.0,0.8,0.0,0.3,-169.60000000000002,0.0,0.0,169.60000000000002,0.0,21.4,29.1,29.1,30.0,300.0,300.0,31.5,35.7,28.9,28.200000000000003,30.1,4.96,1.99,4.97,0.16,0.0,0.0,1027.0,8228.0,0.0,0.0,0.0,0.0,0.0,1.0,0.0,0.0,0.0,0.0,0.0,0.1,0.0,-0.3,0.0,0.0,16.0,25903.0
2026-07-30T19:02:12.128Z,301.611,301.62600000000003,0.0,7.4,0.0,0.0,0.0,0.0,0.0,0.0,0.0,0.0,1.0,0.0,0.0,0.0,9.0,4.0,0.0,0.0,0.0,0.0,0.0,0.0,0.0,0.0,5.0,12.0,1.0,12.19,5.01,2.5,1.5,0.0,0.0,0.0,130.9,0.0,-0.2,1.0,-0.8,-169.60000000000002,0.0,0.0,169.70000000000002,0.0,21.4,29.1,29.1,30.0,300.0,300.0,31.5,35.7,28.9,28.200000000000003,30.1,4.96,1.99,4.96,0.16,0.0,0.0,1027.0,8228.0,0.0,0.0,0.0,0.0,0.0,1.0,0.0,0.0,0.0,0.0,0.0,0.6000000000000001,0.0,0.9,0.0,0.0,16.0,25903.0
2026-07-30T19:02:12.140Z,301.623,301.63800000000003,0.0,7.4,0.0,0.0,0.0,0.0,0.0,0.0,0.0,0.0,1.0,0.0,0.0,0.0,9.0,4.0,0.0,0.0,0.0,0.0,0.0,0.0,0.0,0.0,6.0,12.0,1.0,12.19,5.01,2.5,1.5,0.0,0.1,0.0,130.8,0.0,-0.3,0.0,-0.7000000000000001,-169.60000000000002,0.0,0.0,169.60000000000002,0.0,21.4,29.1,29.1,30.0,300.0,300.0,31.5,35.7,28.9,28.200000000000003,30.1,4.96,1.99,4.96,0.16,0.0,0.0,1027.0,8228.0,0.0,0.0,0.0,0.0,0.0,1.0,0.0,0.0,0.0,0.0,0.0,-0.6000000000000001,0.0,0.6000000000000001,0.0,0.0,16.0,25903.0
2026-07-30T19:02:12.152Z,301.635,301.65000000000003,0.0,7.4,0.0,0.0,0.0,0.0,0.0,0.0,0.0,0.0,1.0,0.0,0.0,0.0,9.0,4.0,0.0,0.0,0.0,0.0,0.0,0.0,0.0,0.0,1.0,12.0,1.0,12.19,5.01,2.5,1.5,0.0,0.0,0.0,131.0,0.0,-0.3,0.0,1.5,-169.60000000000002,0.0,0.0,169.60000000000002,0.0,21.4,29.1,29.1,30.0,300.0,300.0,31.5,35.7,28.9,28.200000000000003,30.1,4.96,1.99,4.97,0.16,0.0,0.0,1027.0,8228.0,0.0,0.0,0.0,0.0,0.0,1.0,0.0,0.0,0.0,0.0,0.0,1.0,0.0,-1.3,0.0,0.0,16.0,25903.0
2026-07-30T19:02:12.164Z,301.647,301.66200000000003,0.0,7.4,0.0,0.0,0.0,0.0,0.0,0.0,0.0,0.0,1.0,0.0,0.0,0.0,9.0,4.0,0.0,0.0,0.0,0.0,0.0,0.0,0.0,0.0,2.0,12.0,1.0,12.19,5.01,2.5,1.5,0.0,0.0,0.0,131.20000000000002,0.0,-0.3,0.5,-1.3,-169.60000000000002,0.0,0.0,169.60000000000002,0.0,21.4,29.1,29.1,30.0,300.0,300.0,31.5,35.7,28.9,28.200000000000003,30.1,4.96,1.99,4.96,0.16,0.0,0.0,1027.0,8228.0,0.0,0.0,0.0,0.0,0.0,1.0,0.0,0.0,0.0,0.0,0.0,-0.4,0.0,1.3,0.0,0.0,16.0,25903.0
2026-07-30T19:02:12.176Z,301.659,301.674,0.0,7.4,0.0,0.0,0.0,0.0,0.0,0.0,0.0,0.0,1.0,0.0,0.0,0.0,9.0,4.0,0.0,0.0,0.0,0.0,0.0,0.0,0.0,0.0,4.0,12.0,1.0,12.19,5.01,2.5,1.5,0.0,0.0,0.0,131.4,0.0,-0.3,-0.6000000000000001,-0.7000000000000001,-169.60000000000002,0.0,0.0,169.60000000000002,0.0,21.4,29.1,29.1,30.0,300.0,300.0,31.5,35.7,28.9,28.200000000000003,30.1,4.96,1.99,4.96,0.16,0.0,0.0,1027.0,8228.0,0.0,0.0,0.0,0.0,0.0,1.0,0.0,0.0,0.0,0.0,0.0,-1.3,0.0,0.5,0.0,0.0,16.0,25903.0
2026-07-30T19:02:12.188Z,301.671,301.686,0.0,7.4,0.0,0.0,0.0,0.0,0.0,0.0,0.0,0.0,1.0,0.0,0.0,0.0,9.0,4.0,0.0,0.0,0.0,0.0,0.0,0.0,0.0,0.0,6.0,12.0,1.0,12.19,5.01,2.5,1.5,0.0,0.0,0.0,131.6,0.0,0.8,0.5,0.4,-169.60000000000002,0.0,0.0,169.60000000000002,0.0,21.4,29.1,29.1,30.0,300.0,300.0,31.5,35.7,28.9,28.200000000000003,30.1,4.95,1.99,4.96,0.16,0.0,0.0,1027.0,8228.0,0.0,0.0,0.0,0.0,0.0,1.0,0.0,0.0,0.0,0.0,0.0,0.9,0.0,-0.2,0.0,0.0,16.0,25903.0
2026-07-30T19:02:12.201Z,301.684,301.698,0.0,7.4,0.0,0.0,0.0,0.0,0.0,0.0,0.0,0.0,1.0,0.0,0.0,0.0,9.0,4.0,0.0,0.0,0.0,0.0,0.0,0.0,0.0,0.0,1.0,12.0,1.0,12.19,5.01,2.5,1.5,0.0,0.1,0.0,131.8,0.0,0.2,-1.1,-0.7000000000000001,-169.60000000000002,0.0,0.0,169.70000000000002,0.0,21.4,29.1,29.1,30.0,300.0,300.0,31.5,35.7,28.9,28.200000000000003,30.1,4.96,1.99,4.97,0.16,0.0,0.0,1027.0,8228.0,0.0,0.0,0.0,0.0,0.0,1.0,0.0,0.0,0.0,0.0,0.0,-1.8,0.0,0.3,0.0,0.0,16.0,25903.0
2026-07-30T19:02:12.212Z,301.695,301.71,0.0,7.4,0.0,0.0,0.0,0.0,0.0,0.0,0.0,0.0,1.0,0.0,0.0,0.0,9.0,4.0,0.0,0.0,0.0,0.0,0.0,0.0,0.0,0.0,2.0,12.0,1.0,12.17,5.01,2.51,1.49,0.0,0.0,0.0,131.9,0.0,0.8,-0.5,1.5,-169.60000000000002,0.0,0.0,169.70000000000002,0.0,21.700000000000003,29.1,29.1,30.1,300.0,300.0,31.6,35.800000000000004,29.0,28.200000000000003,30.1,4.96,1.99,4.96,0.16,0.0,0.0,1027.0,8228.0,0.0,0.0,0.0,0.0,0.0,1.0,0.0,0.0,0.0,0.0,0.0,0.5,0.0,-1.5,0.0,0.0,16.0,25903.0
2026-07-30T19:02:12.224Z,301.707,301.722,0.0,7.4,0.0,0.0,0.0,0.0,0.0,0.0,0.0,0.0,1.0,0.0,0.0,0.0,9.0,4.0,0.0,0.0,0.0,0.0,0.0,0.0,0.0,0.0,4.0,12.0,1.0,12.17,5.01,2.51,1.49,0.0,0.0,0.0,132.1,0.0,-0.2,0.0,-0.7000000000000001,-169.60000000000002,0.0,0.0,169.70000000000002,0.0,21.700000000000003,29.1,29.1,30.1,300.0,300.0,31.6,35.800000000000004,29.0,28.200000000000003,30.1,4.96,1.99,4.97,0.16,0.0,0.0,1027.0,8228.0,0.0,0.0,0.0,0.0,0.0,1.0,0.0,0.0,0.0,0.0,0.0,-0.5,0.0,0.6000000000000001,0.0,0.0,16.0,25903.0
2026-07-30T19:02:12.236Z,301.719,301.734,0.0,7.4,0.0,0.0,0.0,0.0,0.0,0.0,0.0,0.0,1.0,0.0,0.0,0.0,9.0,4.0,0.0,0.0,0.0,0.0,0.0,0.0,0.0,0.0,5.0,12.0,1.0,12.17,5.01,2.51,1.49,0.0,0.0,0.0,132.4,0.0,0.3,-0.5,-0.7000000000000001,-169.60000000000002,0.0,0.0,169.8,0.0,21.700000000000003,29.1,29.1,30.1,300.0,300.0,31.6,35.800000000000004,29.0,28.200000000000003,30.1,4.95,1.99,4.97,0.16,0.0,0.0,1027.0,8228.0,0.0,0.0,0.0,0.0,0.0,1.0,0.0,0.0,0.0,0.0,0.0,-1.1,0.0,0.5,0.0,0.0,16.0,25903.0
2026-07-30T19:02:12.248Z,301.731,301.746,0.0,7.4,0.0,0.0,0.0,0.0,0.0,0.0,0.0,0.0,1.0,0.0,0.0,0.0,9.0,4.0,0.0,0.0,0.0,0.0,0.0,0.0,0.0,0.0,6.0,12.0,1.0,12.17,5.01,2.51,1.49,0.0,0.0,0.0,132.5,0.0,-0.8,-1.1,-1.2000000000000002,-169.60000000000002,0.0,0.0,169.70000000000002,0.0,21.700000000000003,29.1,29.1,30.1,300.0,300.0,31.6,35.800000000000004,29.0,28.200000000000003,30.1,4.96,1.99,4.96,0.15,0.0,0.0,1027.0,8228.0,0.0,0.0,0.0,0.0,0.0,1.0,0.0,0.0,0.0,0.0,0.0,-2.2,0.0,0.8,0.0,0.0,16.0,25903.0
2026-07-30T19:02:12.260Z,301.743,301.758,0.0,7.4,0.0,0.0,0.0,0.0,0.0,0.0,0.0,0.0,1.0,0.0,0.0,0.0,9.0,4.0,0.0,0.0,0.0,0.0,0.0,0.0,0.0,0.0,1.0,12.0,1.0,12.17,5.01,2.51,1.49,0.0,0.1,0.0,132.70000000000002,0.0,-0.2,-0.5,0.0,-169.60000000000002,0.0,0.0,169.8,0.0,21.700000000000003,29.1,29.1,30.1,300.0,300.0,31.6,35.800000000000004,29.0,28.200000000000003,30.1,4.95,1.99,4.97,0.15,0.0,0.0,1027.0,8228.0,0.0,0.0,0.0,0.0,0.0,1.0,0.0,0.0,0.0,0.0,0.0,-0.6000000000000001,0.0,0.0,0.0,0.0,16.0,25903.0
2026-07-30T19:02:12.272Z,301.755,301.77,0.0,7.4,0.0,0.0,0.0,0.0,0.0,0.0,0.0,0.0,1.0,0.0,0.0,0.0,9.0,4.0,0.0,0.0,0.0,0.0,0.0,0.0,0.0,0.0,3.0,12.0,1.0,12.17,5.01,2.51,1.49,0.0,0.0,0.0,132.9,0.0,-0.1,-0.5,-0.6000000000000001,-169.60000000000002,0.0,0.0,169.70000000000002,0.0,21.700000000000003,29.1,29.1,30.1,300.0,300.0,31.6,35.800000000000004,29.0,28.200000000000003,30.1,4.95,2.0,4.96,0.16,0.0,0.0,1027.0,8228.0,0.0,0.0,0.0,0.0,0.0,1.0,0.0,0.0,0.0,0.0,0.0,-1.1,0.0,0.4,0.0,0.0001,16.0,25903.0
2026-07-30T19:02:12.284Z,301.767,301.782,0.0,7.4,0.0,0.0,0.0,0.0,0.0,0.0,0.0,0.0,1.0,0.0,0.0,0.0,9.0,4.0,0.0,0.0,0.0,0.0,0.0,0.0,0.0,0.0,4.0,12.0,1.0,12.17,5.01,2.51,1.49,0.0,0.0,0.0,133.1,0.0,-0.1,1.2000000000000002,-0.6000000000000001,-169.60000000000002,0.0,0.0,169.8,0.0,21.700000000000003,29.1,29.1,30.1,300.0,300.0,31.6,35.800000000000004,29.0,28.200000000000003,30.1,4.96,2.0,4.96,0.16,0.0,0.0,1027.0,8228.0,0.0,0.0,0.0,0.0,0.0,1.0,0.0,0.0,0.0,0.0,0.0,0.9,0.0,0.8,0.0,0.0001,16.0,25903.0
2026-07-30T19:02:12.296Z,301.779,301.794,0.0,7.4,0.0,0.0,0.0,0.0,0.0,0.0,0.0,0.0,1.0,0.0,0.0,0.0,9.0,4.0,0.0,0.0,0.0,0.0,0.0,0.0,0.0,0.0,6.0,12.0,1.0,12.17,5.01,2.51,1.49,0.0,0.0,0.0,133.3,0.0,-0.7000000000000001,-0.4,-0.6000000000000001,-169.60000000000002,0.0,0.0,169.70000000000002,0.0,21.700000000000003,29.1,29.1,30.1,300.0,300.0,31.6,35.800000000000004,29.0,28.200000000000003,30.1,4.96,2.0,4.96,0.16,0.0,0.0,1027.0,8228.0,0.0,0.0,0.0,0.0,0.0,1.0,0.0,0.0,0.0,0.0,0.0,-1.0,0.0,0.4,0.0,0.0,16.0,25903.0
2026-07-30T19:02:12.309Z,301.792,301.806,0.0,7.4,0.0,0.0,0.0,0.0,0.0,0.0,0.0,0.0,1.0,0.0,0.0,0.0,9.0,4.0,0.0,0.0,0.0,0.0,0.0,0.0,0.0,0.0,1.0,12.0,1.0,12.17,5.01,2.51,1.49,0.0,0.0,0.0,133.4,0.0,-0.1,-0.4,0.0,-169.60000000000002,0.0,0.0,169.70000000000002,0.0,21.3,29.1,29.1,30.0,300.0,300.0,31.700000000000003,35.7,29.0,28.200000000000003,30.1,4.96,1.99,4.97,0.16,0.0,0.0,1027.0,8228.0,0.0,0.0,0.0,0.0,0.0,1.0,0.0,0.0,0.0,0.0,0.0,-0.5,0.0,0.0,0.0,0.0,16.0,25903.0
2026-07-30T19:02:12.320Z,301.803,301.818,0.0,7.4,0.0,0.0,0.0,0.0,0.0,0.0,0.0,0.0,1.0,0.0,0.0,0.0,9.0,4.0,0.0,0.0,0.0,0.0,0.0,0.0,0.0,0.0,2.0,12.0,1.0,12.17,5.01,2.51,1.49,0.0,0.0,0.0,133.6,0.0,1.0,0.7000000000000001,0.5,-169.60000000000002,0.0,0.0,169.70000000000002,0.0,21.3,29.1,29.1,30.0,300.0,300.0,31.700000000000003,35.7,29.0,28.200000000000003,30.1,4.96,1.99,4.96,0.16,0.0,0.0,1027.0,8228.0,0.0,0.0,0.0,0.0,0.0,1.0,0.0,0.0,0.0,0.0,0.0,1.2000000000000002,0.0,-0.3,0.0,0.0,16.0,25903.0
2026-07-30T19:02:12.332Z,301.815,301.83,0.0,7.4,0.0,0.0,0.0,0.0,0.0,0.0,0.0,0.0,1.0,0.0,0.0,0.0,9.0,4.0,0.0,0.0,0.0,0.0,0.0,0.0,0.0,0.0,4.0,12.0,1.0,12.17,5.01,2.51,1.49,0.0,0.0,0.0,133.8,0.0,0.4,-1.0,-0.6000000000000001,-169.60000000000002,0.0,0.0,169.70000000000002,0.0,21.3,29.1,29.1,30.0,300.0,300.0,31.700000000000003,35.7,29.0,28.200000000000003,30.1,4.96,1.99,4.96,0.16,0.0,0.0,1027.0,8228.0,0.0,0.0,0.0,0.0,0.0,1.0,0.0,0.0,0.0,0.0,0.0,-1.6,0.0,0.3,0.0,0.0,16.0,25903.0
2026-07-30T19:02:12.344Z,301.827,301.842,0.0,7.4,0.0,0.0,0.0,0.0,0.0,0.0,0.0,0.0,1.0,0.0,0.0,0.0,9.0,4.0,0.0,0.0,0.0,0.0,0.0,0.0,0.0,0.0,5.0,12.0,1.0,12.17,5.01,2.51,1.49,0.0,0.0,0.0,134.0,0.0,-0.1,-0.4,0.0,-169.60000000000002,0.0,0.0,169.70000000000002,0.0,21.3,29.1,29.1,30.0,300.0,300.0,31.700000000000003,35.7,29.0,28.200000000000003,30.1,4.95,1.99,4.97,0.16,0.0,0.0,1027.0,8228.0,0.0,0.0,0.0,0.0,0.0,1.0,0.0,0.0,0.0,0.0,0.0,-0.4,0.0,0.0,0.0,0.0,16.0,25903.0
2026-07-30T19:02:12.356Z,301.839,301.854,0.0,7.4,0.0,0.0,0.0,0.0,0.0,0.0,0.0,0.0,1.0,0.0,0.0,0.0,9.0,4.0,0.0,0.0,0.0,0.0,0.0,0.0,0.0,0.0,6.0,12.0,1.0,12.17,5.01,2.51,1.49,0.0,0.0,0.0,134.20000000000002,0.0,0.4,0.1,-0.6000000000000001,-169.60000000000002,0.0,0.0,169.60000000000002,0.0,21.3,29.1,29.1,30.0,300.0,300.0,31.700000000000003,35.7,29.0,28.200000000000003,30.1,4.96,1.99,4.97,0.16,0.0,0.0,1027.0,8228.0,0.0,0.0,0.0,0.0,0.0,1.0,0.0,0.0,0.0,0.0,0.0,-0.2,0.0,0.5,0.0,0.0,16.0,25903.0
2026-07-30T19:02:12.368Z,301.851,301.866,0.0,7.4,0.0,0.0,0.0,0.0,0.0,0.0,0.0,0.0,1.0,0.0,0.0,0.0,9.0,4.0,0.0,0.0,0.0,0.0,0.0,0.0,0.0,0.0,1.0,12.0,1.0,12.17,5.01,2.51,1.49,0.0,0.0,0.0,134.3,0.0,0.4,0.1,0.5,-169.60000000000002,0.0,0.0,169.60000000000002,0.0,21.3,29.1,29.1,30.0,300.0,300.0,31.700000000000003,35.7,29.0,28.200000000000003,30.1,4.96,1.99,4.96,0.16,0.0,0.0,1027.0,8228.0,0.0,0.0,0.0,0.0,0.0,1.0,0.0,0.0,0.0,0.0,0.0,0.5,0.0,-0.4,0.0,0.0,16.0,25903.0
2026-07-30T19:02:12.380Z,301.863,301.878,0.0,7.4,0.0,0.0,0.0,0.0,0.0,0.0,0.0,0.0,1.0,0.0,0.0,0.0,9.0,4.0,0.0,0.0,0.0,0.0,0.0,0.0,0.0,0.0,3.0,12.0,1.0,12.17,5.01,2.51,1.49,0.0,0.0,0.0,134.5,0.0,0.9,1.8,0.0,-169.60000000000002,0.0,0.0,169.70000000000002,0.0,21.3,29.1,29.1,30.0,300.0,300.0,31.700000000000003,35.7,29.0,28.200000000000003,30.1,4.95,1.99,4.96,0.17,0.0,0.0,1027.0,8228.0,0.0,0.0,0.0,0.0,0.0,1.0,0.0,0.0,0.0,0.0,0.0,2.0,0.0,0.4,0.0,0.0,16.0,25903.0
2026-07-30T19:02:12.392Z,301.875,301.89,0.0,7.4,0.0,0.0,0.0,0.0,0.0,0.0,0.0,0.0,1.0,0.0,0.0,0.0,9.0,4.0,0.0,0.0,0.0,0.0,0.0,0.0,0.0,0.0,4.0,12.0,1.0,12.17,5.01,2.51,1.49,0.0,0.0,0.0,134.70000000000002,0.0,-0.1,-0.4,1.6,-169.60000000000002,0.0,0.0,169.8,0.0,21.3,29.1,29.1,30.0,300.0,300.0,31.700000000000003,35.7,29.0,28.200000000000003,30.1,4.95,1.99,4.97,0.16,0.0,0.0,1027.0,8228.0,0.0,0.0,0.0,0.0,0.0,1.0,0.0,0.0,0.0,0.0,0.0,0.6000000000000001,0.0,-1.5,0.0,0.0,16.0,25903.0
2026-07-30T19:02:12.404Z,301.887,301.902,0.0,7.4,0.0,0.0,0.0,0.0,0.0,0.0,0.0,0.0,1.0,0.0,0.0,0.0,9.0,4.0,0.0,0.0,0.0,0.0,0.0,0.0,0.0,0.0,5.0,12.0,1.0,12.17,5.01,2.51,1.49,0.0,0.0,0.0,134.8,0.0,-0.1,-1.0,-0.7000000000000001,-169.60000000000002,0.0,0.0,169.60000000000002,0.0,21.3,29.1,29.1,30.0,300.0,300.0,31.700000000000003,35.7,29.0,28.200000000000003,30.1,4.96,1.99,4.97,0.16,0.0,0.0,1027.0,8228.0,0.0,0.0,0.0,0.0,0.0,1.0,0.0,0.0,0.0,0.0,0.0,-1.7000000000000002,0.0,0.4,0.0,0.0,16.0,25903.0
2026-07-30T19:02:12.416Z,301.899,301.914,0.0,7.4,0.0,0.0,0.0,0.0,0.0,0.0,0.0,0.0,1.0,0.0,0.0,0.0,9.0,4.0,0.0,0.0,0.0,0.0,0.0,0.0,0.0,0.0,6.0,12.0,1.0,12.17,5.01,2.5,1.49,0.0,0.0,0.0,134.8,0.0,0.4,1.2000000000000002,0.4,-169.60000000000002,0.0,0.0,169.60000000000002,0.0,21.700000000000003,29.1,29.1,30.0,300.0,300.0,31.5,35.800000000000004,29.0,28.200000000000003,30.1,4.96,1.99,4.97,0.16,0.0,0.0,1027.0,8228.0,0.0,0.0,0.0,0.0,0.0,1.0,0.0,0.0,0.0,0.0,0.0,1.8,0.0,-0.1,0.0,0.0001,16.0,25903.0
2026-07-30T19:02:12.429Z,301.912,301.926,0.0,7.4,0.0,0.0,0.0,0.0,0.0,0.0,0.0,0.0,1.0,0.0,0.0,0.0,9.0,4.0,0.0,0.0,0.0,0.0,0.0,0.0,0.0,0.0,6.0,12.0,1.0,12.17,5.01,2.5,1.49,0.0,0.0,0.0,134.70000000000002,0.0,-0.1,1.3,0.0,-169.60000000000002,0.0,0.0,169.70000000000002,0.0,21.700000000000003,29.1,29.1,30.0,300.0,300.0,31.5,35.800000000000004,29.0,28.200000000000003,30.1,4.95,1.99,4.97,0.16,0.0,0.0,1027.0,8228.0,0.0,0.0,0.0,0.0,0.0,1.0,0.0,0.0,0.0,0.0,0.0,1.4,0.0,0.3,0.0,0.0,16.0,25903.0
2026-07-30T19:02:12.441Z,301.924,301.938,0.0,7.4,0.0,0.0,0.0,0.0,0.0,0.0,0.0,0.0,1.0,0.0,0.0,0.0,9.0,4.0,0.0,0.0,0.0,0.0,0.0,0.0,0.0,0.0,1.0,12.0,1.0,12.17,5.01,2.5,1.49,0.0,0.0,0.0,134.6,0.0,-0.1,0.1,0.0,-169.60000000000002,0.0,0.0,169.8,0.0,21.700000000000003,29.1,29.1,30.0,300.0,300.0,31.5,35.800000000000004,29.0,28.200000000000003,30.1,4.96,1.99,4.96,0.16,0.0,0.0,1027.0,8228.0,0.0,0.0,0.0,0.0,0.0,1.0,0.0,0.0,0.0,0.0,0.0,0.0,0.0,0.1,0.0,0.0,16.0,25903.0
2026-07-30T19:02:12.452Z,301.935,301.95,0.0,7.4,0.0,0.0,0.0,0.0,0.0,0.0,0.0,0.0,1.0,0.0,0.0,0.0,9.0,4.0,0.0,0.0,0.0,0.0,0.0,0.0,0.0,0.0,2.0,12.0,1.0,12.17,5.01,2.5,1.49,0.0,0.0,0.0,134.4,0.0,1.0,1.3,1.6,-169.60000000000002,0.0,0.0,169.70000000000002,0.0,21.700000000000003,29.1,29.1,30.0,300.0,300.0,31.5,35.800000000000004,29.0,28.200000000000003,30.1,4.96,1.99,4.96,0.16,0.0,0.0,1027.0,8228.0,0.0,0.0,0.0,0.0,0.0,1.0,0.0,0.0,0.0,0.0,0.0,-0.9,0.0,0.4,0.0,0.0,16.0,25903.0
2026-07-30T19:02:12.464Z,301.947,301.962,0.0,7.4,0.0,0.0,0.0,0.0,0.0,0.0,0.0,0.0,1.0,0.0,0.0,0.0,9.0,4.0,0.0,0.0,0.0,0.0,0.0,0.0,0.0,0.0,3.0,12.0,1.0,12.17,5.01,2.5,1.49,0.0,0.0,0.0,134.3,0.0,-0.7000000000000001,1.2000000000000002,1.0,-169.60000000000002,0.0,0.0,169.70000000000002,0.0,21.700000000000003,29.1,29.1,30.0,300.0,300.0,31.5,35.800000000000004,29.0,28.200000000000003,30.1,4.96,1.99,4.97,0.16,0.0,0.0,1027.0,8228.0,0.0,0.0,0.0,0.0,0.0,1.0,0.0,0.0,0.0,0.0,0.0,2.2,0.0,-0.6000000000000001,0.0,0.0,16.0,25903.0
2026-07-30T19:02:12.476Z,301.959,301.974,0.0,7.4,0.0,0.0,0.0,0.0,0.0,0.0,0.0,0.0,1.0,0.0,0.0,0.0,9.0,4.0,0.0,0.0,0.0,0.0,0.0,0.0,0.0,0.0,5.0,12.0,1.0,12.17,5.01,2.5,1.49,0.0,0.0,0.0,134.3,0.0,0.9,0.1,0.4,-169.70000000000002,0.0,0.0,169.70000000000002,0.0,21.700000000000003,29.1,29.1,30.0,300.0,300.0,31.5,35.800000000000004,29.0,28.200000000000003,30.1,4.95,2.0,4.97,0.16,0.0,0.0,1027.0,8228.0,0.0,0.0,0.0,0.0,0.0,1.0,0.0,0.0,0.0,0.0,0.0,-0.6000000000000001,0.0,0.0,0.0,0.0,16.0,25903.0
2026-07-30T19:02:12.488Z,301.971,301.986,0.0,7.4,0.0,0.0,0.0,0.0,0.0,0.0,0.0,0.0,1.0,0.0,0.0,0.0,9.0,4.0,0.0,0.0,0.0,0.0,0.0,0.0,0.0,0.0,6.0,12.0,1.0,12.17,5.01,2.5,1.49,0.0,0.0,0.0,134.1,0.0,0.9,0.1,0.5,-169.70000000000002,0.0,0.0,169.70000000000002,0.0,21.700000000000003,29.1,29.1,30.0,300.0,300.0,31.5,35.800000000000004,29.0,28.200000000000003,30.1,4.96,2.0,4.96,0.16,0.0,0.0,1027.0,8228.0,0.0,0.0,0.0,0.0,0.0,1.0,0.0,0.0,0.0,0.0,0.0,0.5,0.0,-0.4,0.0,0.0,16.0,25903.0
2026-07-30T19:02:12.500Z,301.983,301.998,0.0,7.4,0.0,0.0,0.0,0.0,0.0,0.0,0.0,0.0,1.0,0.0,0.0,0.0,9.0,4.0,0.0,0.0,0.0,0.0,0.0,0.0,0.0,0.0,1.0,12.0,1.0,12.17,5.01,2.5,1.49,0.0,0.0,0.0,134.1,0.0,0.3,-0.4,0.0,-169.70000000000002,0.0,0.0,169.70000000000002,0.0,21.700000000000003,29.1,29.1,30.0,300.0,300.0,31.5,35.800000000000004,29.0,28.200000000000003,30.1,4.96,1.99,4.97,0.16,0.0,0.0,1027.0,8228.0,0.0,0.0,0.0,0.0,0.0,1.0,0.0,0.0,0.0,0.0,0.0,-0.5,0.0,0.0,0.0,0.0,16.0,25903.0
2026-07-30T19:02:12.514Z,301.997,302.01,0.0,7.4,0.0,0.0,0.0,0.0,0.0,0.0,0.0,0.0,1.0,0.0,0.0,0.0,9.0,4.0,0.0,0.0,0.0,0.0,0.0,0.0,0.0,0.0,3.0,12.0,1.0,12.18,5.0200000000000005,2.5,1.49,0.0,0.1,0.0,133.9,0.0,0.3,0.0,0.0,-169.70000000000002,0.0,0.0,169.70000000000002,0.0,21.200000000000003,29.1,29.1,30.0,300.0,300.0,31.4,35.7,29.0,28.200000000000003,30.1,4.96,1.99,4.97,0.16,0.0,0.0,1027.0,8228.0,0.0,0.0,0.0,0.0,0.0,1.0,0.0,0.0,0.0,0.0,0.0,0.0,0.0,0.0,0.0,0.0,16.0,25903.0
2026-07-30T19:02:12.524Z,302.007,302.022,0.0,7.4,0.0,0.0,0.0,0.0,0.0,0.0,0.0,0.0,1.0,0.0,0.0,0.0,9.0,4.0,0.0,0.0,0.0,0.0,0.0,0.0,0.0,0.0,4.0,12.0,1.0,12.18,5.0200000000000005,2.5,1.49,0.0,0.0,0.0,133.8,0.0,0.9,1.2000000000000002,0.4,-169.70000000000002,0.0,0.0,169.70000000000002,0.0,21.200000000000003,29.1,29.1,30.0,300.0,300.0,31.4,35.7,29.0,28.200000000000003,30.1,4.96,2.0,4.97,0.16,0.0,0.0,1027.0,8228.0,0.0,0.0,0.0,0.0,0.0,1.0,0.0,0.0,0.0,0.0,0.0,1.7000000000000002,0.0,-0.1,0.0,0.0,16.0,25903.0
2026-07-30T19:02:12.537Z,302.02,302.034,0.0,7.4,0.0,0.0,0.0,0.0,0.0,0.0,0.0,0.0,1.0,0.0,0.0,0.0,9.0,4.0,0.0,0.0,0.0,0.0,0.0,0.0,0.0,0.0,4.0,12.0,1.0,12.18,5.0200000000000005,2.5,1.49,0.0,0.0,0.0,133.70000000000002,0.0,-0.8,-0.5,0.4,-169.70000000000002,0.0,0.0,169.8,0.0,21.200000000000003,29.1,29.1,30.0,300.0,300.0,31.4,35.7,29.0,28.200000000000003,30.1,4.96,2.0,4.96,0.16,0.0,0.0,1027.0,8228.0,0.0,0.0,0.0,0.0,0.0,1.0,0.0,0.0,0.0,0.0,0.0,-0.2,0.0,-0.5,0.0,0.0,16.0,25903.0
2026-07-30T19:02:12.548Z,302.031,302.046,0.0,7.4,0.0,0.0,0.0,0.0,0.0,0.0,0.0,0.0,1.0,0.0,0.0,0.0,9.0,4.0,0.0,0.0,0.0,0.0,0.0,0.0,0.0,0.0,5.0,12.0,1.0,12.18,5.0200000000000005,2.5,1.49,0.0,0.0,0.0,133.6,0.0,-0.2,-0.5,-1.2000000000000002,-169.70000000000002,0.0,0.0,169.8,0.0,21.200000000000003,29.1,29.1,30.0,300.0,300.0,31.4,35.7,29.0,28.200000000000003,30.1,4.95,1.99,4.97,0.16,0.0,0.0,1027.0,8228.0,0.0,0.0,0.0,0.0,0.0,1.0,0.0,0.0,0.0,0.0,0.0,-1.5,0.0,0.9,0.0,0.0,16.0,25903.0
2026-07-30T19:02:12.560Z,302.043,302.058,0.0,7.4,0.0,0.0,0.0,0.0,0.0,0.0,0.0,0.0,1.0,0.0,0.0,0.0,9.0,4.0,0.0,0.0,0.0,0.0,0.0,0.0,0.0,0.0,1.0,12.0,1.0,12.18,5.0200000000000005,2.5,1.49,0.0,0.0,0.0,133.5,0.0,-0.2,-0.5,0.0,-169.70000000000002,0.0,0.0,169.70000000000002,0.0,21.200000000000003,29.1,29.1,30.0,300.0,300.0,31.4,35.7,29.0,28.200000000000003,30.1,4.95,2.0,4.96,0.16,0.0,0.0,1027.0,8228.0,0.0,0.0,0.0,0.0,0.0,1.0,0.0,0.0,0.0,0.0,0.0,-0.6000000000000001,0.0,0.0,0.0,0.0,16.0,25903.0
2026-07-30T19:02:12.572Z,302.055,302.07,0.0,7.4,0.0,0.0,0.0,0.0,0.0,0.0,0.0,0.0,1.0,0.0,0.0,0.0,9.0,4.0,0.0,0.0,0.0,0.0,0.0,0.0,0.0,0.0,2.0,12.0,1.0,12.18,5.0200000000000005,2.5,1.49,0.0,0.1,0.0,133.4,0.0,0.3,0.6000000000000001,0.4,-169.70000000000002,0.0,0.0,169.70000000000002,0.0,21.200000000000003,29.1,29.1,30.0,300.0,300.0,31.4,35.7,29.0,28.200000000000003,30.1,4.96,1.99,4.96,0.15,0.0,0.0,1027.0,8228.0,0.0,0.0,0.0,0.0,0.0,1.0,0.0,0.0,0.0,0.0,0.0,1.0,0.0,-0.2,0.0,0.0001,16.0,25903.0
2026-07-30T19:02:12.584Z,302.067,302.082,0.0,7.4,0.0,0.0,0.0,0.0,0.0,0.0,0.0,0.0,1.0,0.0,0.0,0.0,9.0,4.0,0.0,0.0,0.0,0.0,0.0,0.0,0.0,0.0,4.0,12.0,1.0,12.18,5.0200000000000005,2.5,1.49,0.0,0.0,0.0,133.3,0.0,-0.8,-0.4,0.5,-169.70000000000002,0.0,0.0,169.70000000000002,0.0,21.200000000000003,29.1,29.1,30.0,300.0,300.0,31.4,35.7,29.0,28.200000000000003,30.1,4.95,1.99,4.97,0.16,0.0,0.0,1027.0,8228.0,0.0,0.0,0.0,0.0,0.0,1.0,0.0,0.0,0.0,0.0,0.0,-0.1,0.0,-0.5,0.0,0.0,16.0,25903.0
2026-07-30T19:02:12.596Z,302.079,302.094,0.0,7.4,0.0,0.0,0.0,0.0,0.0,0.0,0.0,0.0,1.0,0.0,0.0,0.0,9.0,4.0,0.0,0.0,0.0,0.0,0.0,0.0,0.0,0.0,5.0,12.0,1.0,12.18,5.0200000000000005,2.5,1.49,0.0,0.0,0.0,133.20000000000002,0.0,-0.2,-0.4,-0.6000000000000001,-169.70000000000002,0.0,0.0,169.8,0.0,21.200000000000003,29.1,29.1,30.0,300.0,300.0,31.4,35.7,29.0,28.200000000000003,30.1,4.95,1.99,4.97,0.16,0.0,0.0,1027.0,8228.0,0.0,0.0,0.0,0.0,0.0,1.0,0.0,0.0,0.0,0.0,0.0,-1.0,0.0,0.4,0.0,0.0,16.0,25903.0
2026-07-30T19:02:12.608Z,302.091,302.106,0.0,7.4,0.0,0.0,0.0,0.0,0.0,0.0,0.0,0.0,1.0,0.0,0.0,0.0,9.0,4.0,0.0,0.0,0.0,0.0,0.0,0.0,0.0,0.0,6.0,12.0,1.0,12.18,5.0200000000000005,2.5,1.49,0.0,0.0,0.0,133.1,0.0,-0.7000000000000001,-0.4,0.0,-169.70000000000002,0.0,0.0,169.70000000000002,0.0,21.200000000000003,29.1,29.1,30.0,300.0,300.0,31.4,35.7,29.0,28.200000000000003,30.1,4.95,1.99,4.97,0.16,0.0,0.0,1027.0,8228.0,0.0,0.0,0.0,0.0,0.0,1.0,0.0,0.0,0.0,0.0,0.0,-0.6000000000000001,0.0,0.0,0.0,0.0,16.0,25903.0
2026-07-30T19:02:12.620Z,302.103,302.118,0.0,7.4,0.0,0.0,0.0,0.0,0.0,0.0,0.0,0.0,1.0,0.0,0.0,0.0,9.0,4.0,0.0,0.0,0.0,0.0,0.0,0.0,0.0,0.0,2.0,12.0,1.0,12.13,5.0200000000000005,2.51,1.49,0.0,0.1,0.0,133.0,0.0,-0.2,1.2000000000000002,1.0,-169.70000000000002,0.0,0.0,169.60000000000002,0.0,21.700000000000003,29.1,29.1,30.0,300.0,300.0,31.4,35.7,29.0,28.200000000000003,30.1,4.96,1.99,4.97,0.16,0.0,0.0,1027.0,8228.0,0.0,0.0,0.0,0.0,0.0,1.0,0.0,0.0,0.0,0.0,0.0,2.2,0.0,-0.6000000000000001,0.0,0.0,16.0,25903.0
2026-07-30T19:02:12.632Z,302.115,302.13,0.0,7.4,0.0,0.0,0.0,0.0,0.0,0.0,0.0,0.0,1.0,0.0,0.0,0.0,9.0,4.0,0.0,0.0,0.0,0.0,0.0,0.0,0.0,0.0,3.0,12.0,1.0,12.13,5.0200000000000005,2.51,1.49,0.0,0.1,0.0,132.8,0.0,-0.8,-1.0,-0.6000000000000001,-169.70000000000002,0.0,0.0,169.8,0.0,21.700000000000003,29.1,29.1,30.0,300.0,300.0,31.4,35.7,29.0,28.200000000000003,30.1,4.95,1.99,4.96,0.16,0.0,0.0,1027.0,8228.0,0.0,0.0,0.0,0.0,0.0,1.0,0.0,0.0,0.0,0.0,0.0,-1.7000000000000002,0.0,0.3,0.0,0.0,16.0,25903.0
2026-07-30T19:02:12.644Z,302.127,302.142,0.0,7.4,0.0,0.0,0.0,0.0,0.0,0.0,0.0,0.0,1.0,0.0,0.0,0.0,9.0,4.0,0.0,0.0,0.0,0.0,0.0,0.0,0.0,0.0,4.0,12.0,1.0,12.13,5.0200000000000005,2.51,1.49,0.0,0.0,0.0,132.8,0.0,0.9,-1.0,-1.2000000000000002,-169.70000000000002,0.0,0.0,169.70000000000002,0.0,21.700000000000003,29.1,29.1,30.0,300.0,300.0,31.4,35.7,29.0,28.200000000000003,30.1,4.95,1.99,4.96,0.16,0.0,0.0,1027.0,8228.0,0.0,0.0,0.0,0.0,0.0,1.0,0.0,0.0,0.0,0.0,0.0,-2.1,0.0,0.8,0.0,0.0001,16.0,25903.0
2026-07-30T19:02:12.656Z,302.139,302.154,0.0,7.4,0.0,0.0,0.0,0.0,0.0,0.0,0.0,0.0,1.0,0.0,0.0,0.0,9.0,4.0,0.0,0.0,0.0,0.0,0.0,0.0,0.0,0.0,6.0,12.0,1.0,12.13,5.0200000000000005,2.51,1.49,0.0,0.0,0.0,132.6,0.0,0.3,-0.4,-0.6000000000000001,-169.70000000000002,0.0,0.0,169.70000000000002,0.0,21.700000000000003,29.1,29.1,30.0,300.0,300.0,31.4,35.7,29.0,28.200000000000003,30.1,4.95,1.99,4.97,0.16,0.0,0.0,1027.0,8228.0,0.0,0.0,0.0,0.0,0.0,1.0,0.0,0.0,0.0,0.0,0.0,-1.0,0.0,0.4,0.0,0.0,16.0,25903.0
2026-07-30T19:02:12.668Z,302.151,302.166,0.0,7.4,0.0,0.0,0.0,0.0,0.0,0.0,0.0,0.0,1.0,0.0,0.0,0.0,9.0,4.0,0.0,0.0,0.0,0.0,0.0,0.0,0.0,0.0,1.0,12.0,1.0,12.13,5.0200000000000005,2.51,1.49,0.0,0.0,0.0,132.6,0.0,0.3,0.1,-0.5,-169.70000000000002,0.0,0.0,169.70000000000002,0.0,21.700000000000003,29.1,29.1,30.0,300.0,300.0,31.4,35.7,29.0,28.200000000000003,30.1,4.95,1.99,4.97,0.16,0.0,0.0,1027.0,8228.0,0.0,0.0,0.0,0.0,0.0,1.0,0.0,0.0,0.0,0.0,0.0,-0.3,0.0,0.5,0.0,0.0,16.0,25903.0
2026-07-30T19:02:12.680Z,302.163,302.178,0.0,7.4,0.0,0.0,0.0,0.0,0.0,0.0,0.0,0.0,1.0,0.0,0.0,0.0,9.0,4.0,0.0,0.0,0.0,0.0,0.0,0.0,0.0,0.0,2.0,12.0,1.0,12.13,5.0200000000000005,2.51,1.49,0.0,0.1,0.0,132.4,0.0,-0.2,0.0,-0.5,-169.70000000000002,0.0,0.0,169.70000000000002,0.0,21.700000000000003,29.1,29.1,30.0,300.0,300.0,31.4,35.7,29.0,28.200000000000003,30.1,4.96,1.99,4.97,0.16,0.0,0.0,1027.0,8228.0,0.0,0.0,0.0,0.0,0.0,1.0,0.0,0.0,0.0,0.0,0.0,-0.3,0.0,0.5,0.0,0.0,16.0,25903.0
2026-07-30T19:02:12.693Z,302.176,302.19,0.0,7.4,0.0,0.0,0.0,0.0,0.0,0.0,0.0,0.0,1.0,0.0,0.0,0.0,9.0,4.0,0.0,0.0,0.0,0.0,0.0,0.0,0.0,0.0,3.0,12.0,1.0,12.13,5.0200000000000005,2.51,1.49,0.0,0.0,0.0,132.3,0.0,0.3,-1.0,-0.5,-169.70000000000002,0.0,0.0,169.8,0.0,21.700000000000003,29.1,29.1,30.0,300.0,300.0,31.4,35.7,29.0,28.200000000000003,30.1,4.95,2.0,4.96,0.16,0.0,0.0,1027.0,8228.0,0.0,0.0,0.0,0.0,0.0,1.0,0.0,0.0,0.0,0.0,0.0,-1.6,0.0,0.2,0.0,0.0,16.0,25903.0
2026-07-30T19:02:12.704Z,302.187,302.202,0.0,7.4,0.0,0.0,0.0,0.0,0.0,0.0,0.0,0.0,1.0,0.0,0.0,0.0,9.0,4.0,0.0,0.0,0.0,0.0,0.0,0.0,0.0,0.0,4.0,12.0,1.0,12.13,5.0200000000000005,2.51,1.49,-0.1,0.1,0.0,132.20000000000002,0.0,0.3,-0.5,-0.5,-169.70000000000002,0.0,0.0,169.70000000000002,0.0,21.700000000000003,29.1,29.1,30.0,300.0,300.0,31.4,35.7,29.0,28.200000000000003,30.1,4.95,1.99,4.97,0.16,0.0,0.0,1027.0,8228.0,0.0,0.0,0.0,0.0,0.0,1.0,0.0,0.0,0.0,0.0,0.0,-0.9,0.0,0.3,0.0,0.0,16.0,25903.0
2026-07-30T19:02:12.718Z,302.201,302.214,0.0,7.4,0.0,0.0,0.0,0.0,0.0,0.0,0.0,0.0,1.0,0.0,0.0,0.0,9.0,4.0,0.0,0.0,0.0,0.0,0.0,0.0,0.0,0.0,5.0,12.0,1.0,12.18,5.0200000000000005,2.51,1.49,0.0,0.0,0.0,132.1,0.0,-0.2,0.0,-1.0,-169.70000000000002,0.0,0.0,169.70000000000002,0.0,21.8,29.1,29.1,30.1,300.0,300.0,31.5,35.800000000000004,29.0,28.200000000000003,30.1,4.95,2.0,4.97,0.16,0.0,0.0,1027.0,8228.0,0.0,0.0,0.0,0.0,0.0,1.0,0.0,0.0,0.0,0.0,0.0,-0.7000000000000001,0.0,0.9,0.0,0.0,16.0,25903.0
2026-07-30T19:02:12.729Z,302.212,302.226,0.0,7.4,0.0,0.0,0.0,0.0,0.0,0.0,0.0,0.0,1.0,0.0,0.0,0.0,9.0,4.0,0.0,0.0,0.0,0.0,0.0,0.0,0.0,0.0,6.0,12.0,1.0,12.18,5.0200000000000005,2.51,1.49,0.0,0.0,0.0,132.0,0.0,0.3,-0.4,0.0,-169.70000000000002,0.0,0.0,169.8,0.0,21.8,29.1,29.1,30.1,300.0,300.0,31.5,35.800000000000004,29.0,28.200000000000003,30.1,4.96,2.0,4.96,0.16,0.0,0.0,1027.0,8228.0,0.0,0.0,0.0,0.0,0.0,1.0,0.0,0.0,0.0,0.0,0.0,-0.4,0.0,-0.1,0.0,0.0,16.0,25903.0
2026-07-30T19:02:12.740Z,302.223,302.238,0.0,7.4,0.0,0.0,0.0,0.0,0.0,0.0,0.0,0.0,1.0,0.0,0.0,0.0,9.0,4.0,0.0,0.0,0.0,0.0,0.0,0.0,0.0,0.0,1.0,12.0,1.0,12.18,5.0200000000000005,2.51,1.49,0.0,0.0,0.0,132.0,0.0,-0.2,-1.0,0.1,-169.70000000000002,0.0,0.0,169.70000000000002,0.0,21.8,29.1,29.1,30.1,300.0,300.0,31.5,35.800000000000004,29.0,28.200000000000003,30.1,4.95,1.99,4.97,0.16,0.0,0.0,1027.0,8228.0,0.0,0.0,0.0,0.0,0.0,1.0,0.0,0.0,0.0,0.0,0.0,-1.1,0.0,-0.3,0.0,0.0,16.0,25903.0
2026-07-30T19:02:12.753Z,302.236,302.25,0.0,7.4,0.0,0.0,0.0,0.0,0.0,0.0,0.0,0.0,1.0,0.0,0.0,0.0,9.0,4.0,0.0,0.0,0.0,0.0,0.0,0.0,0.0,0.0,2.0,12.0,1.0,12.18,5.0200000000000005,2.51,1.49,0.0,0.0,0.0,131.8,0.0,0.3,-0.4,0.7000000000000001,-169.70000000000002,0.0,0.0,169.70000000000002,0.0,21.8,29.1,29.1,30.1,300.0,300.0,31.5,35.800000000000004,29.0,28.200000000000003,30.1,4.95,2.0,4.96,0.16,0.0,0.0,1027.0,8228.0,0.0,0.0,0.0,0.0,0.0,1.0,0.0,0.0,0.0,0.0,0.0,0.0,0.0,-0.7000000000000001,0.0,0.0,16.0,25903.0
2026-07-30T19:02:12.764Z,302.247,302.262,0.0,7.4,0.0,0.0,0.0,0.0,0.0,0.0,0.0,0.0,1.0,0.0,0.0,0.0,9.0,4.0,0.0,0.0,0.0,0.0,0.0,0.0,0.0,0.0,3.0,12.0,1.0,12.18,5.0200000000000005,2.51,1.49,0.0,0.0,0.0,131.6,0.0,0.3,1.3,0.1,-169.70000000000002,0.0,0.0,169.60000000000002,0.0,21.8,29.1,29.1,30.1,300.0,300.0,31.5,35.800000000000004,29.0,28.200000000000003,30.1,4.96,2.0,4.96,0.16,0.0,0.0,1027.0,8228.0,0.0,0.0,0.0,0.0,0.0,1.0,0.0,0.0,0.0,0.0,0.0,1.5,0.0,0.1,0.0,0.0,16.0,25903.0
2026-07-30T19:02:12.776Z,302.259,302.274,0.0,7.4,0.0,0.0,0.0,0.0,0.0,0.0,0.0,0.0,1.0,0.0,0.0,0.0,9.0,4.0,0.0,0.0,0.0,0.0,0.0,0.0,0.0,0.0,4.0,12.0,1.0,12.18,5.0200000000000005,2.51,1.49,0.0,0.0,0.0,131.6,0.0,-0.2,-0.4,-1.0,-169.70000000000002,0.0,0.0,169.8,0.0,21.8,29.1,29.1,30.1,300.0,300.0,31.5,35.800000000000004,29.0,28.200000000000003,30.1,4.95,2.0,4.96,0.16,0.0,0.0,1027.0,8228.0,0.0,0.0,0.0,0.0,0.0,1.0,0.0,0.0,0.0,0.0,0.0,-1.2000000000000002,0.0,0.8,0.0,0.0001,16.0,25903.0
2026-07-30T19:02:12.788Z,302.271,302.286,0.0,7.4,0.0,0.0,0.0,0.0,0.0,0.0,0.0,0.0,1.0,0.0,0.0,0.0,9.0,4.0,0.0,0.0,0.0,0.0,0.0,0.0,0.0,0.0,6.0,12.0,1.0,12.18,5.0200000000000005,2.51,1.49,0.0,0.0,0.0,131.5,0.0,-0.8,-1.5,0.1,-169.70000000000002,0.0,0.0,169.70000000000002,0.0,21.8,29.1,29.1,30.1,300.0,300.0,31.5,35.800000000000004,29.0,28.200000000000003,30.1,4.95,1.99,4.97,0.16,0.0,0.0,1027.0,8228.0,0.0,0.0,0.0,0.0,0.0,1.0,0.0,0.0,0.0,0.0,0.0,-1.7000000000000002,0.0,-0.4,0.0,0.0001,16.0,25903.0
2026-07-30T19:02:12.800Z,302.283,302.298,0.0,7.4,0.0,0.0,0.0,0.0,0.0,0.0,0.0,0.0,1.0,0.0,0.0,0.0,9.0,4.0,0.0,0.0,0.0,0.0,0.0,0.0,0.0,0.0,1.0,12.0,1.0,12.18,5.0200000000000005,2.51,1.49,0.0,0.1,0.0,131.4,0.0,0.3,0.7000000000000001,1.8,-169.70000000000002,0.0,0.0,169.70000000000002,0.0,21.8,29.1,29.1,30.1,300.0,300.0,31.5,35.800000000000004,29.0,28.200000000000003,30.1,4.95,2.0,4.96,0.16,0.0,0.0,1027.0,8228.0,0.0,0.0,0.0,0.0,0.0,1.0,0.0,0.0,0.0,0.0,0.0,2.2,0.0,-1.4,0.0,0.0,16.0,25903.0
2026-07-30T19:02:12.812Z,302.295,302.31,0.0,7.4,0.0,0.0,0.0,0.0,0.0,0.0,0.0,0.0,1.0,0.0,0.0,0.0,9.0,4.0,0.0,0.0,0.0,0.0,0.0,0.0,0.0,0.0,2.0,12.0,1.0,12.18,5.0200000000000005,2.51,1.49,0.0,0.0,0.0,131.20000000000002,0.0,-0.8,1.8,-1.0,-169.70000000000002,0.0,0.0,169.70000000000002,0.0,21.8,29.1,29.1,30.1,300.0,300.0,31.5,35.800000000000004,29.0,28.200000000000003,30.1,4.96,1.99,4.96,0.16,0.0,0.0,1027.0,8228.0,0.0,0.0,0.0,0.0,0.0,1.0,0.0,0.0,0.0,0.0,0.0,1.3,0.0,1.3,0.0,0.0,16.0,25903.0
2026-07-30T19:02:12.824Z,302.307,302.322,-0.1,7.4,0.0,0.0,0.0,0.0,0.0,0.0,0.0,0.0,1.0,0.0,0.0,0.0,9.0,4.0,0.0,0.0,0.0,0.0,0.0,0.0,0.0,0.0,2.0,12.0,1.0,12.15,5.01,2.51,1.5,0.0,0.0,0.0,131.1,0.0,0.3,-0.4,1.2000000000000002,-169.70000000000002,0.0,0.0,169.8,0.0,21.700000000000003,29.1,29.1,30.0,300.0,300.0,31.5,35.800000000000004,29.0,28.1,30.1,4.95,1.99,4.97,0.16,0.0,0.0,1027.0,8228.0,0.0,0.0,0.0,0.0,0.0,1.0,0.0,0.0,0.0,0.0,0.0,0.4,0.0,-1.1,0.0,0.0,16.0,25903.0
2026-07-30T19:02:12.836Z,302.319,302.334,0.0,7.4,0.0,0.0,0.0,0.0,0.0,0.0,0.0,0.0,1.0,0.0,0.0,0.0,9.0,4.0,0.0,0.0,0.0,0.0,0.0,0.0,0.0,0.0,3.0,12.0,1.0,12.15,5.01,2.51,1.5,0.0,0.0,0.0,131.4,0.0,-0.2,-0.4,0.0,-169.70000000000002,0.0,0.0,169.8,0.0,21.700000000000003,29.1,29.1,30.0,300.0,300.0,31.5,35.800000000000004,29.0,28.1,30.1,4.96,1.99,4.97,0.16,0.0,0.0,1027.0,8228.0,0.0,0.0,0.0,0.0,0.0,1.0,0.0,0.0,0.0,0.0,0.0,-0.4,0.0,-0.1,0.0,0.0001,16.0,25903.0
2026-07-30T19:02:12.848Z,302.331,302.346,0.0,7.4,0.0,0.0,0.0,0.0,0.0,0.0,0.0,0.0,1.0,0.0,0.0,0.0,9.0,4.0,0.0,0.0,0.0,0.0,0.0,0.0,0.0,0.0,5.0,12.0,1.0,12.15,5.01,2.51,1.5,0.0,0.1,0.0,131.6,0.0,-0.2,0.1,0.0,-169.70000000000002,0.0,0.0,169.8,0.0,21.700000000000003,29.1,29.1,30.0,300.0,300.0,31.5,35.800000000000004,29.0,28.1,30.1,4.96,1.99,4.96,0.16,0.0,0.0,1027.0,8228.0,0.0,0.0,0.0,0.0,0.0,1.0,0.0,0.0,0.0,0.0,0.0,0.1,0.0,0.0,0.0,0.0,16.0,25903.0
2026-07-30T19:02:12.860Z,302.343,302.358,0.0,7.4,0.0,0.0,0.0,0.0,0.0,0.0,0.0,0.0,1.0,0.0,0.0,0.0,9.0,4.0,0.0,0.0,0.0,0.0,0.0,0.0,0.0,0.0,5.0,12.0,1.0,12.15,5.01,2.51,1.5,0.0,0.0,0.0,131.70000000000002,0.0,-0.2,1.3,0.0,-169.70000000000002,0.0,0.0,169.8,0.0,21.700000000000003,29.1,29.1,30.0,300.0,300.0,31.5,35.800000000000004,29.0,28.1,30.1,4.96,1.99,4.96,0.16,0.0,0.0,1027.0,8228.0,0.0,0.0,0.0,0.0,0.0,1.0,0.0,0.0,0.0,0.0,0.0,1.4,0.0,0.2,0.0,0.0,16.0,25903.0
2026-07-30T19:02:12.872Z,302.355,302.37,0.0,7.4,0.0,0.0,0.0,0.0,0.0,0.0,0.0,0.0,1.0,0.0,0.0,0.0,9.0,4.0,0.0,0.0,0.0,0.0,0.0,0.0,0.0,0.0,1.0,12.0,1.0,12.15,5.01,2.51,1.5,0.0,0.0,0.0,131.9,0.0,0.3,-0.4,-0.6000000000000001,-169.70000000000002,0.0,0.0,169.8,0.0,21.700000000000003,29.1,29.1,30.0,300.0,300.0,31.5,35.800000000000004,29.0,28.1,30.1,4.95,1.99,4.97,0.16,0.0,0.0,1027.0,8228.0,0.0,0.0,0.0,0.0,0.0,1.0,0.0,0.0,0.0,0.0,0.0,-0.9,0.0,0.4,0.0,0.0,16.0,25903.0
2026-07-30T19:02:12.884Z,302.367,302.382,0.0,7.4,0.0,0.0,0.0,0.0,0.0,0.0,0.0,0.0,1.0,0.0,0.0,0.0,9.0,4.0,0.0,0.0,0.0,0.0,0.0,0.0,0.0,0.0,2.0,12.0,1.0,12.15,5.01,2.51,1.5,0.0,0.0,0.0,132.1,0.0,-0.2,-0.4,1.6,-169.70000000000002,0.0,0.0,169.70000000000002,0.0,21.700000000000003,29.1,29.1,30.0,300.0,300.0,31.5,35.800000000000004,29.0,28.1,30.1,4.96,1.99,4.96,0.16,0.0,0.0,1027.0,8228.0,0.0,0.0,0.0,0.0,0.0,1.0,0.0,0.0,0.0,0.0,0.0,0.7000000000000001,0.0,-1.5,0.0,0.0,16.0,25903.0
2026-07-30T19:02:12.896Z,302.379,302.394,0.0,7.4,0.0,0.0,0.0,0.0,0.0,0.0,0.0,0.0,1.0,0.0,0.0,0.0,9.0,4.0,0.0,0.0,0.0,0.0,0.0,0.0,0.0,0.0,4.0,12.0,1.0,12.15,5.01,2.51,1.5,0.0,0.0,0.0,132.3,0.0,-0.8,0.0,-0.7000000000000001,-169.70000000000002,0.0,0.0,169.8,0.0,21.700000000000003,29.1,29.1,30.0,300.0,300.0,31.5,35.800000000000004,29.0,28.1,30.1,4.96,1.99,4.97,0.16,0.0,0.0,1027.0,8228.0,0.0,0.0,0.0,0.0,0.0,1.0,0.0,0.0,0.0,0.0,0.0,-0.4,0.0,0.6000000000000001,0.0,0.0,16.0,25903.0
2026-07-30T19:02:12.908Z,302.391,302.406,0.0,7.4,0.0,0.0,0.0,0.0,0.0,0.0,0.0,0.0,1.0,0.0,0.0,0.0,9.0,4.0,0.0,0.0,0.0,0.0,0.0,0.0,0.0,0.0,5.0,12.0,1.0,12.15,5.01,2.51,1.5,0.0,0.0,0.0,132.5,0.0,0.3,0.0,1.0,-169.70000000000002,0.0,0.0,169.8,0.0,21.700000000000003,29.1,29.1,30.0,300.0,300.0,31.5,35.800000000000004,29.0,28.1,30.1,4.95,1.99,4.97,0.16,0.0,0.0,1027.0,8228.0,0.0,0.0,0.0,0.0,0.0,1.0,0.0,0.0,0.0,0.0,0.0,0.8,0.0,-0.8,0.0,0.0,16.0,25903.0
2026-07-30T19:02:12.921Z,302.404,302.418,0.0,7.4,0.0,0.0,0.0,0.0,0.0,0.0,0.0,0.0,1.0,0.0,0.0,0.0,9.0,4.0,0.0,0.0,0.0,0.0,0.0,0.0,0.0,0.0,1.0,12.0,1.0,12.11,5.01,2.51,1.49,0.0,0.0,0.0,132.70000000000002,0.0,0.3,0.0,0.4,-169.70000000000002,0.0,0.0,169.70000000000002,0.0,21.200000000000003,29.1,29.1,30.0,300.0,300.0,31.5,35.800000000000004,29.0,28.200000000000003,30.1,4.96,1.99,4.96,0.16,0.0,0.0,1027.0,8228.0,0.0,0.0,0.0,0.0,0.0,1.0,0.0,0.0,0.0,0.0,0.0,0.3,0.0,-0.3,0.0,0.0,16.0,25903.0
2026-07-30T19:02:12.932Z,302.415,302.43,0.0,7.4,0.0,0.0,0.0,0.0,0.0,0.0,0.0,0.0,1.0,0.0,0.0,0.0,9.0,4.0,0.0,0.0,0.0,0.0,0.0,0.0,0.0,0.0,2.0,12.0,1.0,12.11,5.01,2.51,1.49,0.0,0.0,0.0,132.8,0.0,0.9,0.0,0.9,-169.70000000000002,0.0,0.0,169.70000000000002,0.0,21.200000000000003,29.1,29.1,30.0,300.0,300.0,31.5,35.800000000000004,29.0,28.200000000000003,30.1,4.95,2.0,4.96,0.16,0.0,0.0,1027.0,8228.0,0.0,0.0,0.0,0.0,0.0,1.0,0.0,0.0,0.0,0.0,0.0,0.7000000000000001,0.0,-0.8,0.0,0.0,16.0,25903.0
2026-07-30T19:02:12.944Z,302.427,302.442,0.0,7.4,0.0,0.0,0.0,0.0,0.0,0.0,0.0,0.0,1.0,0.0,0.0,0.0,9.0,4.0,0.0,0.0,0.0,0.0,0.0,0.0,0.0,0.0,3.0,12.0,1.0,12.11,5.01,2.51,1.49,0.0,0.0,0.0,133.0,0.0,-0.2,-0.5,0.4,-169.70000000000002,0.0,0.0,169.70000000000002,0.0,21.200000000000003,29.1,29.1,30.0,300.0,300.0,31.5,35.800000000000004,29.0,28.200000000000003,30.1,4.95,1.99,4.97,0.16,0.0,0.0,1027.0,8228.0,0.0,0.0,0.0,0.0,0.0,1.0,0.0,0.0,0.0,0.0,0.0,-0.3,0.0,-0.4,0.0,0.0,16.0,25903.0
2026-07-30T19:02:12.957Z,302.44,302.454,0.0,7.4,0.0,0.0,0.0,0.0,0.0,0.0,0.0,0.0,1.0,0.0,0.0,0.0,9.0,4.0,0.0,0.0,0.0,0.0,0.0,0.0,0.0,0.0,5.0,12.0,1.0,12.11,5.01,2.51,1.49,0.0,0.0,0.0,133.20000000000002,0.0,0.3,1.2000000000000002,-1.3,-169.70000000000002,0.0,0.0,169.70000000000002,0.0,21.200000000000003,29.1,29.1,30.0,300.0,300.0,31.5,35.800000000000004,29.0,28.200000000000003,30.1,4.96,1.99,4.97,0.16,0.0,0.0,1027.0,8228.0,0.0,0.0,0.0,0.0,0.0,1.0,0.0,0.0,0.0,0.0,0.0,0.3,0.0,1.4,0.0,0.0,16.0,25903.0
2026-07-30T19:02:12.969Z,302.452,302.466,0.0,7.4,0.0,0.0,0.0,0.0,0.0,0.0,0.0,0.0,1.0,0.0,0.0,0.0,9.0,4.0,0.0,0.0,0.0,0.0,0.0,0.0,0.0,0.0,6.0,12.0,1.0,12.11,5.01,2.51,1.49,0.0,0.0,0.0,133.4,0.0,0.3,1.2000000000000002,0.9,-169.70000000000002,0.0,0.0,169.70000000000002,0.0,21.200000000000003,29.1,29.1,30.0,300.0,300.0,31.5,35.800000000000004,29.0,28.200000000000003,30.1,4.96,1.99,4.96,0.16,0.0,0.0,1027.0,8228.0,0.0,0.0,0.0,0.0,0.0,1.0,0.0,0.0,0.0,0.0,0.0,2.1,0.0,-0.6000000000000001,0.0,0.0,16.0,25903.0
2026-07-30T19:02:12.980Z,302.463,302.478,0.0,7.4,0.0,0.0,0.0,0.0,0.0,0.0,0.0,0.0,1.0,0.0,0.0,0.0,9.0,4.0,0.0,0.0,0.0,0.0,0.0,0.0,0.0,0.0,2.0,12.0,1.0,12.11,5.01,2.51,1.49,0.0,0.0,0.0,133.6,0.0,-0.2,-0.5,-0.1,-169.70000000000002,0.0,0.0,169.8,0.0,21.200000000000003,29.1,29.1,30.0,300.0,300.0,31.5,35.800000000000004,29.0,28.200000000000003,30.1,4.95,1.99,4.97,0.16,0.0,0.0,1027.0,8228.0,0.0,0.0,0.0,0.0,0.0,1.0,0.0,0.0,0.0,0.0,0.0,-1.2000000000000002,0.0,0.5,0.0,0.0,16.0,25903.0
2026-07-30T19:02:12.992Z,302.475,302.49,0.0,7.4,0.0,0.0,0.0,0.0,0.0,0.0,0.0,0.0,1.0,0.0,0.0,0.0,9.0,4.0,0.0,0.0,0.0,0.0,0.0,0.0,0.0,0.0,3.0,12.0,1.0,12.11,5.01,2.51,1.49,0.0,0.0,0.0,133.8,0.0,0.9,0.0,-0.2,-169.70000000000002,0.0,0.0,169.70000000000002,0.0,21.200000000000003,29.1,29.1,30.0,300.0,300.0,31.5,35.800000000000004,29.0,28.200000000000003,30.1,4.95,1.99,4.96,0.16,0.0,0.0,1027.0,8228.0,0.0,0.0,0.0,0.0,0.0,1.0,0.0,0.0,0.0,0.0,0.0,0.9,0.0,-0.2,0.0,0.0,16.0,25903.0
2026-07-30T19:02:13.004Z,302.487,302.502,0.0,7.4,0.0,0.0,0.0,0.0,0.0,0.0,0.0,0.0,1.0,0.0,0.0,0.0,9.0,4.0,0.0,0.0,0.0,0.0,0.0,0.0,0.0,0.0,4.0,12.0,1.0,12.11,5.01,2.51,1.49,0.0,0.0,0.0,133.9,0.0,0.3,0.5,0.3,-169.70000000000002,0.0,0.0,169.70000000000002,0.0,21.200000000000003,29.1,29.1,30.0,300.0,300.0,31.5,35.800000000000004,29.0,28.200000000000003,30.1,4.96,2.0,4.96,0.16,0.0,0.0,1027.0,8228.0,0.0,0.0,0.0,0.0,0.0,1.0,0.0,0.0,0.0,0.0,0.0,0.8,0.0,-0.1,0.0,0.0,16.0,25903.0
2026-07-30T19:02:13.016Z,302.499,302.514,0.0,7.4,0.0,0.0,0.0,0.0,0.0,0.0,0.0,0.0,1.0,0.0,0.0,0.0,9.0,4.0,0.0,0.0,0.0,0.0,0.0,0.0,0.0,0.0,5.0,12.0,1.0,12.11,5.01,2.51,1.49,0.0,0.0,0.0,134.1,0.0,-0.8,-0.5,0.3,-169.70000000000002,0.0,0.0,169.70000000000002,0.0,21.200000000000003,29.1,29.1,30.0,300.0,300.0,31.5,35.800000000000004,29.0,28.200000000000003,30.1,4.95,2.0,4.97,0.16,0.0,0.0,1027.0,8228.0,0.0,0.0,0.0,0.0,0.0,1.0,0.0,0.0,0.0,0.0,0.0,-0.3,0.0,-0.4,0.0,0.0,16.0,25903.0
2026-07-30T19:02:13.028Z,302.511,302.526,0.0,7.4,0.0,0.0,0.0,0.0,0.0,0.0,0.0,0.0,1.0,0.0,0.0,0.0,9.0,4.0,0.0,0.0,0.0,0.0,0.0,0.0,0.0,0.0,1.0,12.0,1.0,12.17,5.01,2.51,1.5,0.0,0.1,0.0,134.3,0.0,-0.2,0.0,0.3,-169.70000000000002,0.0,0.0,169.8,0.0,21.3,29.1,29.1,30.1,300.0,300.0,31.6,35.800000000000004,29.0,28.200000000000003,30.1,4.95,1.99,4.96,0.16,0.0,0.0,1027.0,8228.0,0.0,0.0,0.0,0.0,0.0,1.0,0.0,0.0,0.0,0.0,0.0,0.2,0.0,-0.3,0.0,0.0,16.0,25903.0
2026-07-30T19:02:13.040Z,302.523,302.538,0.0,7.4,0.0,0.0,0.0,0.0,0.0,0.0,0.0,0.0,1.0,0.0,0.0,0.0,9.0,4.0,0.0,0.0,0.0,0.0,0.0,0.0,0.0,0.0,2.0,12.0,1.0,12.17,5.01,2.51,1.5,0.0,0.0,0.0,134.5,0.0,-1.4,0.0,-0.7000000000000001,-169.70000000000002,0.0,0.0,169.70000000000002,0.0,21.3,29.1,29.1,30.1,300.0,300.0,31.6,35.800000000000004,29.0,28.200000000000003,30.1,4.95,1.99,4.96,0.16,0.0,0.0,1027.0,8228.0,0.0,0.0,0.0,0.0,0.0,1.0,0.0,0.0,0.0,0.0,0.0,-0.5,0.0,0.6000000000000001,0.0,0.0001,16.0,25903.0
2026-07-30T19:02:13.052Z,302.535,302.55,0.0,7.4,0.0,0.0,0.0,0.0,0.0,0.0,0.0,0.0,1.0,0.0,0.0,0.0,9.0,4.0,0.0,0.0,0.0,0.0,0.0,0.0,0.0,0.0,3.0,12.0,1.0,12.17,5.01,2.51,1.5,0.0,0.0,0.0,134.6,0.0,0.2,0.0,1.6,-169.70000000000002,0.0,0.0,169.8,0.0,21.3,29.1,29.1,30.1,300.0,300.0,31.6,35.800000000000004,29.0,28.200000000000003,30.1,4.96,1.99,4.96,0.16,0.0,0.0,1027.0,8228.0,0.0,0.0,0.0,0.0,0.0,1.0,0.0,0.0,0.0,0.0,0.0,1.2000000000000002,0.0,-1.4,0.0,0.0,16.0,25903.0
2026-07-30T19:02:13.064Z,302.547,302.562,0.0,7.4,0.0,0.0,0.0,0.0,0.0,0.0,0.0,0.0,1.0,0.0,0.0,0.0,9.0,4.0,0.0,0.0,0.0,0.0,0.0,0.0,0.0,0.0,5.0,12.0,1.0,12.17,5.01,2.51,1.5,0.0,0.0,0.0,134.8,0.0,0.2,-0.5,0.4,-169.70000000000002,0.0,0.0,169.70000000000002,0.0,21.3,29.1,29.1,30.1,300.0,300.0,31.6,35.800000000000004,29.0,28.200000000000003,30.1,4.95,1.99,4.97,0.16,0.0,0.0,1027.0,8228.0,0.0,0.0,0.0,0.0,0.0,1.0,0.0,0.0,0.0,0.0,0.0,-0.3,0.0,-0.5,0.0,0.0,16.0,25903.0
2026-07-30T19:02:13.076Z,302.559,302.574,0.0,7.4,0.0,0.0,0.0,0.0,0.0,0.0,0.0,0.0,1.0,0.0,0.0,0.0,9.0,4.0,0.0,0.0,0.0,0.0,0.0,0.0,0.0,0.0,6.0,12.0,1.0,12.17,5.01,2.51,1.5,0.0,0.0,0.0,134.6,0.0,-0.2,-1.1,-0.1,-169.70000000000002,0.0,0.0,169.70000000000002,0.0,21.3,29.1,29.1,30.1,300.0,300.0,31.6,35.800000000000004,29.0,28.200000000000003,30.1,4.96,1.99,4.96,0.16,0.0,0.0,1027.0,8228.0,0.0,0.0,0.0,0.0,0.0,1.0,0.0,0.0,0.0,0.0,0.0,-1.4,0.0,0.0,0.0,0.0,16.0,25903.0
2026-07-30T19:02:13.088Z,302.571,302.586,0.0,7.4,0.0,0.0,0.0,0.0,0.0,0.0,0.0,0.0,1.0,0.0,0.0,0.0,9.0,4.0,0.0,0.0,0.0,0.0,0.0,0.0,0.0,0.0,1.0,12.0,1.0,12.17,5.01,2.51,1.5,0.0,0.0,0.0,134.5,0.0,0.2,0.5,-0.2,-169.70000000000002,0.0,0.0,169.70000000000002,0.0,21.3,29.1,29.1,30.1,300.0,300.0,31.6,35.800000000000004,29.0,28.200000000000003,30.1,4.96,2.0,4.96,0.16,0.0,0.0,1027.0,8228.0,0.0,0.0,0.0,0.0,0.0,1.0,0.0,0.0,0.0,0.0,0.0,0.4,0.0,0.3,0.0,0.0,16.0,25903.0
2026-07-30T19:02:13.100Z,302.583,302.598,0.0,7.4,0.0,0.0,0.0,0.0,0.0,0.0,0.0,0.0,1.0,0.0,0.0,0.0,9.0,4.0,0.0,0.0,0.0,0.0,0.0,0.0,0.0,0.0,3.0,12.0,1.0,12.17,5.01,2.51,1.5,0.0,0.0,0.0,134.5,0.0,0.8,0.5,1.5,-169.70000000000002,0.0,0.0,169.70000000000002,0.0,21.3,29.1,29.1,30.1,300.0,300.0,31.6,35.800000000000004,29.0,28.200000000000003,30.1,4.95,1.99,4.96,0.16,0.0,0.0,1027.0,8228.0,0.0,0.0,0.0,0.0,0.0,1.0,0.0,0.0,0.0,0.0,0.0,1.8,0.0,-1.2000000000000002,0.0,0.0,16.0,25903.0
2026-07-30T19:02:13.112Z,302.595,302.61,0.0,7.4,0.0,0.0,0.0,0.0,0.0,0.0,0.0,0.0,1.0,0.0,0.0,0.0,9.0,4.0,0.0,0.0,0.0,0.0,0.0,0.0,0.0,0.0,4.0,12.0,1.0,12.17,5.01,2.51,1.5,0.0,0.0,0.0,134.3,0.0,-0.9,-0.5,-0.1,-169.70000000000002,0.0,0.0,169.8,0.0,21.3,29.1,29.1,30.1,300.0,300.0,31.6,35.800000000000004,29.0,28.200000000000003,30.1,4.95,1.99,4.97,0.16,0.0,0.0,1027.0,8228.0,0.0,0.0,0.0,0.0,0.0,1.0,0.0,0.0,0.0,0.0,0.0,-0.7000000000000001,0.0,0.0,0.0,0.0,16.0,25903.0
2026-07-30T19:02:13.125Z,302.608,302.622,0.0,7.4,0.0,0.0,0.0,0.0,0.0,0.0,0.0,0.0,1.0,0.0,0.0,0.0,9.0,4.0,0.0,0.0,0.0,0.0,0.0,0.0,0.0,0.0,6.0,12.0,1.0,12.17,5.01,2.51,1.49,0.0,0.0,0.0,134.20000000000002,0.0,0.2,0.0,-0.1,-169.70000000000002,0.0,0.0,169.8,0.0,21.9,29.1,29.1,30.1,300.0,300.0,31.5,35.7,29.0,28.200000000000003,30.1,4.96,2.0,4.96,0.16,0.0,0.0,1027.0,8228.0,0.0,0.0,0.0,0.0,0.0,1.0,0.0,0.0,0.0,0.0,0.0,0.0,0.0,0.1,0.0,0.0001,16.0,25903.0
2026-07-30T19:02:13.136Z,302.619,302.634,0.0,7.4,0.0,0.0,0.0,0.0,0.0,0.0,0.0,0.0,1.0,0.0,0.0,0.0,9.0,4.0,0.0,0.0,0.0,0.0,0.0,0.0,0.0,0.0,1.0,12.0,1.0,12.17,5.01,2.51,1.49,0.0,0.0,0.0,134.1,0.0,-0.9,0.0,0.4,-169.70000000000002,0.0,0.0,169.70000000000002,0.0,21.9,29.1,29.1,30.1,300.0,300.0,31.5,35.7,29.0,28.200000000000003,30.1,4.96,1.99,4.96,0.16,0.0,0.0,1027.0,8228.0,0.0,0.0,0.0,0.0,0.0,1.0,0.0,0.0,0.0,0.0,0.0,0.3,0.0,-0.3,0.0,0.0,16.0,25903.0
2026-07-30T19:02:13.149Z,302.632,302.646,0.0,7.4,0.0,0.0,0.0,0.0,0.0,0.0,0.0,0.0,1.0,0.0,0.0,0.0,9.0,4.0,0.0,0.0,0.0,0.0,0.0,0.0,0.0,0.0,2.0,12.0,1.0,12.17,5.01,2.51,1.49,0.0,0.0,0.0,134.1,0.0,0.2,0.0,0.4,-169.70000000000002,0.0,0.0,169.8,0.0,21.9,29.1,29.1,30.1,300.0,300.0,31.5,35.7,29.0,28.200000000000003,30.1,4.95,1.99,4.96,0.16,0.0,0.0,1027.0,8228.0,0.0,0.0,0.0,0.0,0.0,1.0,0.0,0.0,0.0,0.0,0.0,0.3,0.0,-0.3,0.0,0.0,16.0,25903.0
2026-07-30T19:02:13.161Z,302.644,302.658,0.0,7.4,0.0,0.0,0.0,0.0,0.0,0.0,0.0,0.0,1.0,0.0,0.0,0.0,9.0,4.0,0.0,0.0,0.0,0.0,0.0,0.0,0.0,0.0,3.0,12.0,1.0,12.17,5.01,2.51,1.49,0.0,0.0,0.0,133.9,0.0,1.4,0.6000000000000001,0.4,-169.70000000000002,0.0,0.0,169.8,0.0,21.9,29.1,29.1,30.1,300.0,300.0,31.5,35.7,29.0,28.200000000000003,30.1,4.96,1.99,4.97,0.16,0.0,0.0,1027.0,8228.0,0.0,0.0,0.0,0.0,0.0,1.0,0.0,0.0,0.0,0.0,0.0,1.1,0.0,-0.2,0.0,0.0001,16.0,25903.0
2026-07-30T19:02:13.172Z,302.655,302.67,0.0,7.4,0.0,0.0,0.0,0.0,0.0,0.0,0.0,0.0,1.0,0.0,0.0,0.0,9.0,4.0,0.0,0.0,0.0,0.0,0.0,0.0,0.0,0.0,4.0,12.0,1.0,12.17,5.01,2.51,1.49,0.0,0.0,0.0,133.8,0.0,-0.9,-0.5,1.0,-169.70000000000002,0.0,0.0,169.8,0.0,21.9,29.1,29.1,30.1,300.0,300.0,31.5,35.7,29.0,28.200000000000003,30.1,4.96,1.99,4.96,0.16,0.0,0.0,1027.0,8228.0,0.0,0.0,0.0,0.0,0.0,1.0,0.0,0.0,0.0,0.0,0.0,0.2,0.0,-1.0,0.0,0.0,16.0,25903.0
2026-07-30T19:02:13.185Z,302.668,302.682,0.0,7.4,0.0,0.0,0.0,0.0,0.0,0.0,0.0,0.0,1.0,0.0,0.0,0.0,9.0,4.0,0.0,0.0,0.0,0.0,0.0,0.0,0.0,0.0,5.0,12.0,1.0,12.17,5.01,2.51,1.49,0.0,0.1,0.0,133.70000000000002,0.0,0.2,-0.5,-0.1,-169.70000000000002,0.0,0.0,169.8,0.0,21.9,29.1,29.1,30.1,300.0,300.0,31.5,35.7,29.0,28.200000000000003,30.1,4.96,1.99,4.97,0.16,0.0,0.0,1027.0,8228.0,0.0,0.0,0.0,0.0,0.0,1.0,0.0,0.0,0.0,0.0,0.0,-0.6000000000000001,0.0,0.0,0.0,0.0,16.0,25903.0
2026-07-30T19:02:13.196Z,302.679,302.694,0.0,7.4,0.0,0.0,0.0,0.0,0.0,0.0,0.0,0.0,1.0,0.0,0.0,0.0,9.0,4.0,0.0,0.0,0.0,0.0,0.0,0.0,0.0,0.0,6.0,12.0,1.0,12.17,5.01,2.51,1.49,0.0,0.0,0.0,133.6,0.0,-0.2,-0.4,0.4,-169.70000000000002,0.0,0.0,169.70000000000002,0.0,21.9,29.1,29.1,30.1,300.0,300.0,31.5,35.7,29.0,28.200000000000003,30.1,4.95,1.99,4.97,0.16,0.0,0.0,1027.0,8228.0,0.0,0.0,0.0,0.0,0.0,1.0,0.0,0.0,0.0,0.0,0.0,-0.2,0.0,-0.4,0.0,0.0,16.0,25903.0
2026-07-30T19:02:13.208Z,302.691,302.706,0.0,7.4,0.0,0.0,0.0,0.0,0.0,0.0,0.0,0.0,1.0,0.0,0.0,0.0,9.0,4.0,0.0,0.0,0.0,0.0,0.0,0.0,0.0,0.0,1.0,12.0,1.0,12.17,5.01,2.51,1.49,0.0,0.0,0.0,133.5,0.0,0.9,-0.5,-0.7000000000000001,-169.70000000000002,0.0,0.0,169.8,0.0,21.9,29.1,29.1,30.1,300.0,300.0,31.5,35.7,29.0,28.200000000000003,30.1,4.96,1.99,4.97,0.16,0.0,0.0,1027.0,8228.0,0.0,0.0,0.0,0.0,0.0,1.0,0.0,0.0,0.0,0.0,0.0,-1.1,0.0,0.5,0.0,0.0001,16.0,25903.0
2026-07-30T19:02:13.220Z,302.703,302.718,0.0,7.4,0.0,0.0,0.0,0.0,0.0,0.0,0.0,0.0,1.0,0.0,0.0,0.0,9.0,4.0,0.0,0.0,0.0,0.0,0.0,0.0,0.0,0.0,2.0,12.0,1.0,12.17,5.01,2.51,1.49,0.0,0.0,0.0,133.3,0.0,0.8,0.0,1.5,-169.70000000000002,0.0,0.0,169.8,0.0,21.9,29.1,29.1,30.1,300.0,300.0,31.5,35.7,29.0,28.200000000000003,30.1,4.95,1.99,4.97,0.16,0.0,0.0,1027.0,8228.0,0.0,0.0,0.0,0.0,0.0,1.0,0.0,0.0,0.0,0.0,0.0,1.2000000000000002,0.0,-1.3,0.0,0.0,16.0,25903.0
2026-07-30T19:02:13.232Z,302.715,302.73,0.0,7.4,0.0,0.0,0.0,0.0,0.0,0.0,0.0,0.0,1.0,0.0,0.0,0.0,9.0,4.0,0.0,0.0,0.0,0.0,0.0,0.0,0.0,0.0,4.0,12.0,1.0,12.18,5.0200000000000005,2.51,1.5,0.0,0.0,0.0,133.3,0.0,0.2,0.6000000000000001,-0.1,-169.70000000000002,0.0,0.0,169.8,0.0,21.3,29.1,29.1,30.0,300.0,300.0,31.5,35.7,29.0,28.200000000000003,30.0,4.95,1.99,4.96,0.16,0.0,0.0,1027.0,8228.0,0.0,0.0,0.0,0.0,0.0,1.0,0.0,0.0,0.0,0.0,0.0,0.6000000000000001,0.0,0.2,0.0,0.0,16.0,25903.0
2026-07-30T19:02:13.244Z,302.727,302.742,0.0,7.4,0.0,0.0,0.0,0.0,0.0,0.0,0.0,0.0,1.0,0.0,0.0,0.0,9.0,4.0,0.0,0.0,0.0,0.0,0.0,0.0,0.0,0.0,5.0,12.0,1.0,12.18,5.0200000000000005,2.51,1.5,0.0,0.0,0.0,133.20000000000002,0.0,-0.2,0.7000000000000001,1.1,-169.70000000000002,0.0,0.0,169.8,0.0,21.3,29.1,29.1,30.0,300.0,300.0,31.5,35.7,29.0,28.200000000000003,30.0,4.95,2.0,4.96,0.16,0.0,0.0,1027.0,8228.0,0.0,0.0,0.0,0.0,0.0,1.0,0.0,0.0,0.0,0.0,0.0,1.6,0.0,-0.8,0.0,0.0,16.0,25903.0
2026-07-30T19:02:13.256Z,302.739,302.754,0.0,7.4,0.0,0.0,0.0,0.0,0.0,0.0,0.0,0.0,1.0,0.0,0.0,0.0,9.0,4.0,0.0,0.0,0.0,0.0,0.0,0.0,0.0,0.0,1.0,12.0,1.0,12.18,5.0200000000000005,2.51,1.5,0.0,0.0,0.0,133.1,0.0,-0.2,0.7000000000000001,0.4,-169.70000000000002,0.0,0.0,169.8,0.0,21.3,29.1,29.1,30.0,300.0,300.0,31.5,35.7,29.0,28.200000000000003,30.0,4.95,2.0,4.96,0.16,0.0,0.0,1027.0,8228.0,0.0,0.0,0.0,0.0,0.0,1.0,0.0,0.0,0.0,0.0,0.0,1.1,0.0,-0.2,0.0,0.0,16.0,25903.0
2026-07-30T19:02:13.268Z,302.751,302.766,0.0,7.4,0.0,0.0,0.0,0.0,0.0,0.0,0.0,0.0,1.0,0.0,0.0,0.0,9.0,4.0,0.0,0.0,0.0,0.0,0.0,0.0,0.0,0.0,2.0,12.0,1.0,12.18,5.0200000000000005,2.51,1.5,0.0,0.0,0.0,132.9,0.0,-0.2,0.1,-1.2000000000000002,-169.70000000000002,0.0,0.0,169.8,0.0,21.3,29.1,29.1,30.0,300.0,300.0,31.5,35.7,29.0,28.200000000000003,30.0,4.95,1.99,4.97,0.16,0.0,0.0,1027.0,8228.0,0.0,0.0,0.0,0.0,0.0,1.0,0.0,0.0,0.0,0.0,0.0,-0.7000000000000001,0.0,1.1,0.0,0.0,16.0,25903.0
2026-07-30T19:02:13.281Z,302.764,302.778,0.0,7.4,0.0,0.0,0.0,0.0,0.0,0.0,0.0,0.0,1.0,0.0,0.0,0.0,9.0,4.0,0.0,0.0,0.0,0.0,0.0,0.0,0.0,0.0,3.0,12.0,1.0,12.18,5.0200000000000005,2.51,1.5,0.0,0.0,0.0,132.8,0.0,-0.2,0.0,-0.6000000000000001,-169.70000000000002,0.0,0.0,169.8,0.0,21.3,29.1,29.1,30.0,300.0,300.0,31.5,35.7,29.0,28.200000000000003,30.0,4.95,1.99,4.97,0.16,0.0,0.0,1027.0,8228.0,0.0,0.0,0.0,0.0,0.0,1.0,0.0,0.0,0.0,0.0,0.0,-0.3,0.0,0.5,0.0,0.0,16.0,25903.0
2026-07-30T19:02:13.292Z,302.775,302.79,0.0,7.4,0.0,0.0,0.0,0.0,0.0,0.0,0.0,0.0,1.0,0.0,0.0,0.0,9.0,4.0,0.0,0.0,0.0,0.0,0.0,0.0,0.0,0.0,4.0,12.0,1.0,12.18,5.0200000000000005,2.51,1.5,0.0,0.0,0.0,132.8,0.0,0.3,1.3,0.0,-169.70000000000002,0.0,0.0,169.8,0.0,21.3,29.1,29.1,30.0,300.0,300.0,31.5,35.7,29.0,28.200000000000003,30.0,4.96,1.99,4.97,0.16,0.0,0.0,1027.0,8228.0,0.0,0.0,0.0,0.0,0.0,1.0,0.0,0.0,0.0,0.0,0.0,1.4,0.0,0.3,0.0,0.0,16.0,25903.0
2026-07-30T19:02:13.304Z,302.787,302.802,0.0,7.4,0.0,0.0,0.0,0.0,0.0,0.0,0.0,0.0,1.0,0.0,0.0,0.0,9.0,4.0,0.0,0.0,0.0,0.0,0.0,0.0,0.0,0.0,5.0,12.0,1.0,12.18,5.0200000000000005,2.51,1.5,0.0,0.1,0.0,132.6,0.0,0.3,-0.4,-0.6000000000000001,-169.70000000000002,0.0,0.0,169.70000000000002,0.0,21.3,29.1,29.1,30.0,300.0,300.0,31.5,35.7,29.0,28.200000000000003,30.0,4.95,1.99,4.96,0.16,0.0,0.0,1027.0,8228.0,0.0,0.0,0.0,0.0,0.0,1.0,0.0,0.0,0.0,0.0,0.0,-0.9,0.0,0.4,0.0,0.0,16.0,25903.0
2026-07-30T19:02:13.316Z,302.799,302.814,0.0,7.4,0.0,0.0,0.0,0.0,0.0,0.0,0.0,0.0,1.0,0.0,0.0,0.0,9.0,4.0,0.0,0.0,0.0,0.0,0.0,0.0,0.0,0.0,1.0,12.0,1.0,12.18,5.0200000000000005,2.51,1.5,0.0,0.0,0.0,132.5,0.0,0.3,0.7000000000000001,0.5,-169.70000000000002,0.0,0.0,169.8,0.0,21.3,29.1,29.1,30.0,300.0,300.0,31.5,35.7,29.0,28.200000000000003,30.0,4.96,1.99,4.96,0.16,0.0,0.0,1027.0,8228.0,0.0,0.0,0.0,0.0,0.0,1.0,0.0,0.0,0.0,0.0,0.0,1.2000000000000002,0.0,-0.3,0.0,0.0,16.0,25903.0
2026-07-30T19:02:13.329Z,302.812,302.826,0.0,7.4,0.0,0.0,0.0,0.0,0.0,0.0,0.0,0.0,1.0,0.0,0.0,0.0,9.0,4.0,0.0,0.0,0.0,0.0,0.0,0.0,0.0,0.0,2.0,12.0,1.0,12.15,5.01,2.5,1.49,0.0,0.1,0.0,132.4,0.0,0.3,0.1,-0.6000000000000001,-169.70000000000002,0.0,0.0,169.8,0.0,21.700000000000003,29.1,29.1,30.0,300.0,300.0,31.6,35.7,29.0,28.200000000000003,30.0,4.96,1.99,4.96,0.16,0.0,0.0,1027.0,8228.0,0.0,0.0,0.0,0.0,0.0,1.0,0.0,0.0,0.0,0.0,0.0,-0.3,0.0,0.5,0.0,0.0,16.0,25903.0
2026-07-30T19:02:13.340Z,302.823,302.838,0.0,7.4,0.0,0.0,0.0,0.0,0.0,0.0,0.0,0.0,1.0,0.0,0.0,0.0,9.0,4.0,0.0,0.0,0.0,0.0,0.0,0.0,0.0,0.0,4.0,12.0,1.0,12.15,5.01,2.5,1.49,0.0,0.0,0.0,132.3,0.0,0.9,0.1,0.0,-169.70000000000002,0.0,0.0,169.8,0.0,21.700000000000003,29.1,29.1,30.0,300.0,300.0,31.6,35.7,29.0,28.200000000000003,30.0,4.95,1.99,4.96,0.16,0.0,0.0,1027.0,8228.0,0.0,0.0,0.0,0.0,0.0,1.0,0.0,0.0,0.0,0.0,0.0,0.1,0.0,0.0,0.0,0.0,16.0,25903.0
2026-07-30T19:02:13.352Z,302.835,302.85,0.0,7.4,0.0,0.0,0.0,0.0,0.0,0.0,0.0,0.0,1.0,0.0,0.0,0.0,9.0,4.0,0.0,0.0,0.0,0.0,0.0,0.0,0.0,0.0,5.0,12.0,1.0,12.15,5.01,2.5,1.49,0.0,0.0,0.0,132.20000000000002,0.0,-0.8,0.1,0.5,-169.70000000000002,0.0,0.0,169.70000000000002,0.0,21.700000000000003,29.1,29.1,30.0,300.0,300.0,31.6,35.7,29.0,28.200000000000003,30.0,4.96,1.99,4.97,0.16,0.0,0.0,1027.0,8228.0,0.0,0.0,0.0,0.0,0.0,1.0,0.0,0.0,0.0,0.0,0.0,0.5,0.0,-0.4,0.0,0.0,16.0,25903.0
2026-07-30T19:02:13.365Z,302.848,302.862,0.0,7.4,0.0,0.0,0.0,0.0,0.0,0.0,0.0,0.0,1.0,0.0,0.0,0.0,9.0,4.0,0.0,0.0,0.0,0.0,0.0,0.0,0.0,0.0,6.0,12.0,1.0,12.15,5.01,2.5,1.49,0.0,0.0,0.0,132.1,0.0,-0.2,0.1,1.1,-169.70000000000002,0.0,0.0,169.8,0.0,21.700000000000003,29.1,29.1,30.0,300.0,300.0,31.6,35.7,29.0,28.200000000000003,30.0,4.96,2.0,4.96,0.16,0.0,0.0,1027.0,8228.0,0.0,0.0,0.0,0.0,0.0,1.0,0.0,0.0,0.0,0.0,0.0,0.9,0.0,-0.9,0.0,0.0,16.0,25903.0
2026-07-30T19:02:13.376Z,302.859,302.874,0.0,7.4,0.0,0.0,0.0,0.0,0.0,0.0,0.0,0.0,1.0,0.0,0.0,0.0,9.0,4.0,0.0,0.0,0.0,0.0,0.0,0.0,0.0,0.0,1.0,12.0,1.0,12.15,5.01,2.5,1.49,0.0,0.0,0.0,132.0,0.0,-0.2,0.0,0.5,-169.70000000000002,0.0,0.0,169.8,0.0,21.700000000000003,29.1,29.1,30.0,300.0,300.0,31.6,35.7,29.0,28.200000000000003,30.0,4.96,1.99,4.97,0.16,0.0,0.0,1027.0,8228.0,0.0,0.0,0.0,0.0,0.0,1.0,0.0,0.0,0.0,0.0,0.0,0.4,0.0,-0.4,0.0,0.0,16.0,25903.0
2026-07-30T19:02:13.388Z,302.871,302.886,0.0,7.4,0.0,0.0,0.0,0.0,0.0,0.0,0.0,0.0,1.0,0.0,0.0,0.0,9.0,4.0,0.0,0.0,0.0,0.0,0.0,0.0,0.0,0.0,3.0,12.0,1.0,12.15,5.01,2.5,1.49,0.0,0.0,0.0,131.8,0.0,0.8,1.2000000000000002,-0.6000000000000001,-169.70000000000002,0.0,0.0,169.8,0.0,21.700000000000003,29.1,29.1,30.0,300.0,300.0,31.6,35.7,29.0,28.200000000000003,30.0,4.95,1.99,4.97,0.16,0.0,0.0,1027.0,8228.0,0.0,0.0,0.0,0.0,0.0,1.0,0.0,0.0,0.0,0.0,0.0,0.8,0.0,0.8,0.0,0.0,16.0,25903.0
2026-07-30T19:02:13.400Z,302.883,302.898,0.0,7.4,0.0,0.0,0.0,0.0,0.0,0.0,0.0,0.0,1.0,0.0,0.0,0.0,9.0,4.0,0.0,0.0,0.0,0.0,0.0,0.0,0.0,0.0,4.0,12.0,1.0,12.15,5.01,2.5,1.49,0.0,0.0,0.0,131.70000000000002,0.0,-0.3,-0.5,0.5,-169.70000000000002,0.0,0.0,169.8,0.0,21.700000000000003,29.1,29.1,30.0,300.0,300.0,31.6,35.7,29.0,28.200000000000003,30.0,4.96,1.99,4.96,0.16,0.0,0.0,1027.0,8228.0,0.0,0.0,0.0,0.0,0.0,1.0,0.0,0.0,0.0,0.0,0.0,-0.1,0.0,-0.5,0.0,0.0,16.0,25903.0
2026-07-30T19:02:13.412Z,302.895,302.91,0.0,7.4,0.0,0.0,0.0,0.0,0.0,0.0,0.0,0.0,1.0,0.0,0.0,0.0,9.0,4.0,0.0,0.0,0.0,0.0,0.0,0.0,0.0,0.0,6.0,12.0,1.0,12.15,5.01,2.5,1.49,0.0,0.0,0.0,131.70000000000002,0.0,-0.3,0.0,-0.1,-169.70000000000002,0.0,0.0,169.70000000000002,0.0,21.700000000000003,29.1,29.1,30.0,300.0,300.0,31.6,35.7,29.0,28.200000000000003,30.0,4.95,2.0,4.96,0.16,0.0,0.0,1027.0,8228.0,0.0,0.0,0.0,0.0,0.0,1.0,0.0,0.0,0.0,0.0,0.0,0.0,0.0,0.1,0.0,0.0,16.0,25903.0
2026-07-30T19:02:13.424Z,302.907,302.922,0.0,7.4,0.0,0.0,0.0,0.0,0.0,0.0,0.0,0.0,1.0,0.0,0.0,0.0,9.0,4.0,0.0,0.0,0.0,0.0,0.0,0.0,0.0,0.0,1.0,12.0,1.0,12.15,5.01,2.5,1.49,0.0,0.0,0.0,131.6,0.0,-0.3,1.1,1.0,-169.70000000000002,0.0,0.0,169.70000000000002,0.0,21.700000000000003,29.1,29.1,30.0,300.0,300.0,31.6,35.7,29.0,28.200000000000003,30.0,4.95,1.99,4.97,0.16,0.0,0.0,1027.0,8228.0,0.0,0.0,0.0,0.0,0.0,1.0,0.0,0.0,0.0,0.0,0.0,2.1,0.0,-0.6000000000000001,0.0,0.0001,16.0,25903.0
2026-07-30T19:02:13.437Z,302.92,302.934,0.0,7.4,0.0,0.0,0.0,0.0,0.0,0.0,0.0,0.0,1.0,0.0,0.0,0.0,9.0,4.0,0.0,0.0,0.0,0.0,0.0,0.0,0.0,0.0,2.0,12.0,1.0,12.17,5.0200000000000005,2.51,1.49,0.0,0.0,0.0,131.4,0.0,1.4,1.8,1.0,-169.70000000000002,0.0,0.0,169.60000000000002,0.0,21.3,29.1,29.1,30.0,300.0,300.0,31.6,35.7,29.0,28.200000000000003,30.1,4.95,1.99,4.97,0.16,0.0,0.0,1027.0,8228.0,0.0,0.0,0.0,0.0,0.0,1.0,0.0,0.0,0.0,0.0,0.0,2.9000000000000004,0.0,-0.5,0.0,0.0001,16.0,25903.0
2026-07-30T19:02:13.448Z,302.931,302.946,0.0,7.4,0.0,0.0,0.0,0.0,0.0,0.0,0.0,0.0,1.0,0.0,0.0,0.0,9.0,4.0,0.0,0.0,0.0,0.0,0.0,0.0,0.0,0.0,4.0,12.0,1.0,12.17,5.0200000000000005,2.51,1.49,0.0,0.1,0.0,131.3,0.0,0.8,-0.5,-0.6000000000000001,-169.70000000000002,0.0,0.0,169.70000000000002,0.0,21.3,29.1,29.1,30.0,300.0,300.0,31.6,35.7,29.0,28.200000000000003,30.1,4.96,1.99,4.96,0.16,0.0,0.0,1027.0,8228.0,0.0,0.0,0.0,0.0,0.0,1.0,0.0,0.0,0.0,0.0,0.0,-1.0,0.0,0.4,0.0,0.0,16.0,25903.0
2026-07-30T19:02:13.460Z,302.943,302.958,0.0,7.4,0.0,0.0,0.0,0.0,0.0,0.0,0.0,0.0,1.0,0.0,0.0,0.0,9.0,4.0,0.0,0.0,0.0,0.0,0.0,0.0,0.0,0.0,5.0,12.0,1.0,12.17,5.0200000000000005,2.51,1.49,0.0,0.1,0.0,131.20000000000002,0.0,0.3,-0.4,0.5,-169.70000000000002,0.0,0.0,169.70000000000002,0.0,21.3,29.1,29.1,30.0,300.0,300.0,31.6,35.7,29.0,28.200000000000003,30.1,4.95,1.99,4.97,0.16,0.0,0.0,1027.0,8228.0,0.0,0.0,0.0,0.0,0.0,1.0,0.0,0.0,0.0,0.0,0.0,-0.1,0.0,-0.5,0.0,0.0001,16.0,25903.0
2026-07-30T19:02:13.472Z,302.955,302.97,0.0,7.4,0.0,0.0,0.0,0.0,0.0,0.0,0.0,0.0,1.0,0.0,0.0,0.0,9.0,4.0,0.0,0.0,0.0,0.0,0.0,0.0,0.0,0.0,6.0,12.0,1.0,12.17,5.0200000000000005,2.51,1.49,0.0,0.0,0.0,131.1,0.0,-0.2,-0.4,0.0,-169.70000000000002,0.0,0.0,169.8,0.0,21.3,29.1,29.1,30.0,300.0,300.0,31.6,35.7,29.0,28.200000000000003,30.1,4.95,2.0,4.96,0.16,0.0,0.0,1027.0,8228.0,0.0,0.0,0.0,0.0,0.0,1.0,0.0,0.0,0.0,0.0,0.0,-0.6000000000000001,0.0,0.0,0.0,0.0,16.0,25903.0
2026-07-30T19:02:13.484Z,302.967,302.982,0.0,7.4,0.0,0.0,0.0,0.0,0.0,0.0,0.0,0.0,1.0,0.0,0.0,0.0,9.0,4.0,0.0,0.0,0.0,0.0,0.0,0.0,0.0,0.0,2.0,12.0,1.0,12.17,5.0200000000000005,2.51,1.49,0.0,0.0,0.0,131.0,0.0,0.2,0.6000000000000001,-1.3,-169.70000000000002,0.0,0.0,169.60000000000002,0.0,21.3,29.1,29.1,30.0,300.0,300.0,31.6,35.7,29.0,28.200000000000003,30.1,4.96,2.0,4.96,0.16,0.0,0.0,1027.0,8228.0,0.0,0.0,0.0,0.0,0.0,1.0,0.0,0.0,0.0,0.0,0.0,1.3,0.0,0.3,0.0,0.0001,16.0,25903.0
2026-07-30T19:02:13.496Z,302.979,302.994,0.0,7.4,0.0,0.0,0.0,0.0,0.0,0.0,0.0,0.0,1.0,0.0,0.0,0.0,9.0,4.0,0.0,0.0,0.0,0.0,0.0,0.0,0.0,0.0,4.0,12.0,1.0,12.17,5.0200000000000005,2.51,1.49,0.0,0.0,0.0,131.1,0.0,0.3,-0.4,1.5,-169.70000000000002,0.0,0.0,169.70000000000002,0.0,21.3,29.1,29.1,30.0,300.0,300.0,31.6,35.7,29.0,28.200000000000003,30.1,4.95,2.0,4.96,0.16,0.0,0.0,1027.0,8228.0,0.0,0.0,0.0,0.0,0.0,1.0,0.0,0.0,0.0,0.0,0.0,-0.6000000000000001,0.0,0.0,0.0,0.0001,16.0,25903.0
2026-07-30T19:02:13.508Z,302.991,303.00600000000003,0.0,7.4,0.0,0.0,0.0,0.0,0.0,0.0,0.0,0.0,1.0,0.0,0.0,0.0,9.0,4.0,0.0,0.0,0.0,0.0,0.0,0.0,0.0,0.0,5.0,12.0,1.0,12.17,5.0200000000000005,2.51,1.49,0.0,0.0,0.0,131.3,0.0,-0.3,0.6000000000000001,-0.7000000000000001,-169.70000000000002,0.0,0.0,169.70000000000002,0.0,21.3,29.1,29.1,30.0,300.0,300.0,31.6,35.7,29.0,28.200000000000003,30.1,4.95,1.99,4.97,0.16,0.0,0.0,1027.0,8228.0,0.0,0.0,0.0,0.0,0.0,1.0,0.0,0.0,0.0,0.0,0.0,0.0,0.0,0.1,0.0,0.0,16.0,25903.0
2026-07-30T19:02:13.520Z,303.003,303.01800000000003,0.0,7.4,0.0,0.0,0.0,0.0,0.0,0.0,0.0,0.0,1.0,0.0,0.0,0.0,9.0,4.0,0.0,0.0,0.0,0.0,0.0,0.0,0.0,0.0,6.0,12.0,1.0,12.17,5.0200000000000005,2.51,1.49,0.0,0.0,0.0,131.5,0.0,-0.2,1.1,-0.7000000000000001,-169.70000000000002,0.0,0.0,169.70000000000002,0.0,21.3,29.1,29.1,30.0,300.0,300.0,31.6,35.7,29.0,28.200000000000003,30.1,4.95,2.0,4.96,0.16,0.0,0.0,1027.0,8228.0,0.0,0.0,0.0,0.0,0.0,1.0,0.0,0.0,0.0,0.0,0.0,0.7000000000000001,0.0,0.9,0.0,0.0,16.0,25903.0
2026-07-30T19:02:13.533Z,303.016,303.03000000000003,0.0,7.4,0.0,0.0,0.0,0.0,0.0,0.0,0.0,0.0,1.0,0.0,0.0,0.0,9.0,4.0,0.0,0.0,0.0,0.0,0.0,0.0,0.0,0.0,2.0,12.0,1.0,12.17,5.01,2.51,1.49,0.0,0.0,0.0,131.70000000000002,0.0,-0.8,-0.6000000000000001,-0.8,-169.70000000000002,0.0,0.0,169.70000000000002,0.0,21.700000000000003,29.1,29.1,30.0,300.0,300.0,31.4,35.800000000000004,29.0,28.200000000000003,30.1,4.96,1.99,4.96,0.16,0.0,0.0,1027.0,8228.0,0.0,0.0,0.0,0.0,0.0,1.0,0.0,0.0,0.0,0.0,0.0,-1.2000000000000002,0.0,0.5,0.0,0.0,16.0,25903.0
2026-07-30T19:02:13.544Z,303.027,303.04200000000003,0.0,7.4,0.0,0.0,0.0,0.0,0.0,0.0,0.0,0.0,1.0,0.0,0.0,0.0,9.0,4.0,0.0,0.0,0.0,0.0,0.0,0.0,0.0,0.0,3.0,12.0,1.0,12.17,5.01,2.51,1.49,0.0,0.0,0.0,131.9,0.0,0.3,0.5,0.3,-169.70000000000002,0.0,0.0,169.70000000000002,0.0,21.700000000000003,29.1,29.1,30.0,300.0,300.0,31.4,35.800000000000004,29.0,28.200000000000003,30.1,4.95,1.99,4.97,0.17,0.0,0.0,1027.0,8228.0,0.0,0.0,0.0,0.0,0.0,1.0,0.0,0.0,0.0,0.0,0.0,0.9,0.0,-0.1,0.0,0.0,16.0,25903.0
2026-07-30T19:02:13.556Z,303.039,303.05400000000003,0.0,7.4,0.0,0.0,0.0,0.0,0.0,0.0,0.0,0.0,1.0,0.0,0.0,0.0,9.0,4.0,0.0,0.0,0.0,0.0,0.0,0.0,0.0,0.0,5.0,12.0,1.0,12.17,5.01,2.51,1.49,0.0,0.0,0.0,132.1,0.0,-0.2,-0.5,-0.2,-169.70000000000002,0.0,0.0,169.8,0.0,21.700000000000003,29.1,29.1,30.0,300.0,300.0,31.4,35.800000000000004,29.0,28.200000000000003,30.1,4.96,1.99,4.97,0.17,0.0,0.0,1027.0,8228.0,0.0,0.0,0.0,0.0,0.0,1.0,0.0,0.0,0.0,0.0,0.0,-0.8,0.0,0.1,0.0,0.0,16.0,25903.0
2026-07-30T19:02:13.568Z,303.051,303.06600000000003,0.0,7.4,0.0,0.0,0.0,0.0,0.0,0.0,0.0,0.0,1.0,0.0,0.0,0.0,9.0,4.0,0.0,0.0,0.0,0.0,0.0,0.0,0.0,0.0,6.0,12.0,1.0,12.17,5.01,2.51,1.49,0.0,0.0,0.0,132.20000000000002,0.0,-0.2,0.0,0.2,-169.70000000000002,0.0,0.0,169.70000000000002,0.0,21.700000000000003,29.1,29.1,30.0,300.0,300.0,31.4,35.800000000000004,29.0,28.200000000000003,30.1,4.96,2.0,4.96,0.16,0.0,0.0,1027.0,8228.0,0.0,0.0,0.0,0.0,0.0,1.0,0.0,0.0,0.0,0.0,0.0,0.0,0.0,-0.2,0.0,0.0001,16.0,25903.0
2026-07-30T19:02:13.580Z,303.063,303.07800000000003,0.0,7.4,0.0,0.0,0.0,0.0,0.0,0.0,0.0,0.0,1.0,0.0,0.0,0.0,9.0,4.0,0.0,0.0,0.0,0.0,0.0,0.0,0.0,0.0,1.0,12.0,1.0,12.17,5.01,2.51,1.49,0.0,0.0,0.0,132.4,0.0,-0.2,0.0,0.8,-169.70000000000002,0.0,0.0,169.70000000000002,0.0,21.700000000000003,29.1,29.1,30.0,300.0,300.0,31.4,35.800000000000004,29.0,28.200000000000003,30.1,4.96,1.99,4.96,0.16,0.0,0.0,1027.0,8228.0,0.0,0.0,0.0,0.0,0.0,1.0,0.0,0.0,0.0,0.0,0.0,0.6000000000000001,0.0,-0.7000000000000001,0.0,0.0001,16.0,25903.0
2026-07-30T19:02:13.592Z,303.075,303.09000000000003,0.0,7.4,0.0,0.0,0.0,0.0,0.0,0.0,0.0,0.0,1.0,0.0,0.0,0.0,9.0,4.0,0.0,0.0,0.0,0.0,0.0,0.0,0.0,0.0,2.0,12.0,1.0,12.17,5.01,2.51,1.49,0.0,0.0,0.0,132.6,0.0,-0.8,-0.5,-0.2,-169.70000000000002,0.0,0.0,169.8,0.0,21.700000000000003,29.1,29.1,30.0,300.0,300.0,31.4,35.800000000000004,29.0,28.200000000000003,30.1,4.96,1.99,4.97,0.16,0.0,0.0,1027.0,8228.0,0.0,0.0,0.0,0.0,0.0,1.0,0.0,0.0,0.0,0.0,0.0,-0.8,0.0,0.1,0.0,0.0,16.0,25903.0
2026-07-30T19:02:13.605Z,303.088,303.10200000000003,0.0,7.4,0.0,0.0,0.0,0.0,0.0,0.0,0.0,0.0,1.0,0.0,0.0,0.0,9.0,4.0,0.0,0.0,0.0,0.0,0.0,0.0,0.0,0.0,3.0,12.0,1.0,12.17,5.01,2.51,1.49,0.0,0.1,0.0,132.8,0.0,0.8,-0.5,0.2,-169.70000000000002,0.0,0.0,169.60000000000002,0.0,21.700000000000003,29.1,29.1,30.0,300.0,300.0,31.4,35.800000000000004,29.0,28.200000000000003,30.1,4.96,2.0,4.96,0.16,0.0,0.0,1027.0,8228.0,0.0,0.0,0.0,0.0,0.0,1.0,0.0,0.0,0.0,0.0,0.0,-0.4,0.0,-0.3,0.0,0.0,16.0,25903.0
2026-07-30T19:02:13.616Z,303.099,303.11400000000003,0.0,7.4,0.0,0.0,0.0,0.0,0.0,0.0,0.0,0.0,1.0,0.0,0.0,0.0,9.0,4.0,0.0,0.0,0.0,0.0,0.0,0.0,0.0,0.0,4.0,12.0,1.0,12.17,5.01,2.51,1.49,0.0,0.0,0.0,133.0,0.0,0.8,1.1,1.4,-169.70000000000002,0.0,0.0,169.70000000000002,0.0,21.700000000000003,29.1,29.1,30.0,300.0,300.0,31.4,35.800000000000004,29.0,28.200000000000003,30.1,4.96,1.99,4.97,0.16,0.0,0.0,1027.0,8228.0,0.0,0.0,0.0,0.0,0.0,1.0,0.0,0.0,0.0,0.0,0.0,2.4000000000000004,0.0,-1.0,0.0,0.0001,16.0,25903.0
2026-07-30T19:02:13.629Z,303.112,303.12600000000003,0.0,7.4,0.0,0.0,0.0,0.0,0.0,0.0,0.0,0.0,1.0,0.0,0.0,0.0,9.0,4.0,0.0,0.0,0.0,0.0,0.0,0.0,0.0,0.0,6.0,12.0,1.0,12.17,5.01,2.51,1.49,0.0,0.0,0.0,133.1,0.0,-0.3,0.5,0.2,-169.70000000000002,0.0,0.0,169.70000000000002,0.0,21.700000000000003,29.1,29.1,30.0,300.0,300.0,31.4,35.800000000000004,29.0,28.200000000000003,30.1,4.95,1.98,4.97,0.16,0.0,0.0,1027.0,8228.0,0.0,0.0,0.0,0.0,0.0,1.0,0.0,0.0,0.0,0.0,0.0,0.8,0.0,-0.1,0.0,0.0,16.0,25903.0
2026-07-30T19:02:13.640Z,303.123,303.13800000000003,0.0,7.4,0.0,0.0,0.0,0.0,0.0,0.0,0.0,0.0,1.0,0.0,0.0,0.0,9.0,4.0,0.0,0.0,0.0,0.0,0.0,0.0,0.0,0.0,1.0,12.0,1.0,12.18,5.0200000000000005,2.5,1.49,0.0,0.0,0.0,133.3,0.0,0.2,0.0,-0.2,-169.70000000000002,0.0,0.0,169.70000000000002,0.0,20.6,29.1,29.1,30.0,300.0,300.0,31.5,35.7,29.0,28.200000000000003,30.1,4.96,1.98,4.97,0.16,0.0,0.0,1027.0,8228.0,0.0,0.0,0.0,0.0,0.0,1.0,0.0,0.0,0.0,0.0,0.0,-0.1,0.0,0.2,0.0,0.0,16.0,25903.0
2026-07-30T19:02:13.652Z,303.135,303.15000000000003,0.0,7.4,0.0,0.0,0.0,0.0,0.0,0.0,0.0,0.0,1.0,0.0,0.0,0.0,9.0,4.0,0.0,0.0,0.0,0.0,0.0,0.0,0.0,0.0,2.0,12.0,1.0,12.18,5.0200000000000005,2.5,1.49,0.0,0.0,0.0,133.5,0.0,-0.3,-0.6000000000000001,-0.2,-169.70000000000002,0.0,0.0,169.8,0.0,20.6,29.1,29.1,30.0,300.0,300.0,31.5,35.7,29.0,28.200000000000003,30.1,4.96,1.99,4.96,0.16,0.0,0.0,1027.0,8228.0,0.0,0.0,0.0,0.0,0.0,1.0,0.0,0.0,0.0,0.0,0.0,-0.9,0.0,0.1,0.0,0.0,16.0,25903.0
2026-07-30T19:02:13.665Z,303.148,303.16200000000003,0.0,7.4,0.0,0.0,0.0,0.0,0.0,0.0,0.0,0.0,1.0,0.0,0.0,0.0,9.0,4.0,0.0,0.0,0.0,0.0,0.0,0.0,0.0,0.0,3.0,12.0,1.0,12.18,5.0200000000000005,2.5,1.49,0.0,0.0,0.0,133.70000000000002,0.0,0.1,1.1,0.8,-169.70000000000002,0.0,0.0,169.8,0.0,20.6,29.1,29.1,30.0,300.0,300.0,31.5,35.7,29.0,28.200000000000003,30.1,4.96,1.99,4.97,0.16,0.0,0.0,1027.0,8228.0,0.0,0.0,0.0,0.0,0.0,1.0,0.0,0.0,0.0,0.0,0.0,1.9,0.0,-0.5,0.0,0.0,16.0,25903.0
2026-07-30T19:02:13.676Z,303.159,303.174,0.0,7.4,0.0,0.0,0.0,0.0,0.0,0.0,0.0,0.0,1.0,0.0,0.0,0.0,9.0,4.0,0.0,0.0,0.0,0.0,0.0,0.0,0.0,0.0,4.0,12.0,1.0,12.18,5.0200000000000005,2.5,1.49,0.0,0.0,0.0,133.9,0.0,0.2,1.1,-0.8,-169.70000000000002,0.0,0.0,169.8,0.0,20.6,29.1,29.1,30.0,300.0,300.0,31.5,35.7,29.0,28.200000000000003,30.1,4.96,1.99,4.97,0.16,0.0,0.0,1027.0,8228.0,0.0,0.0,0.0,0.0,0.0,1.0,0.0,0.0,0.0,0.0,0.0,0.6000000000000001,0.0,0.9,0.0,0.0,16.0,25903.0
2026-07-30T19:02:13.688Z,303.171,303.186,0.0,7.4,0.0,0.0,0.0,0.0,0.0,0.0,0.0,0.0,1.0,0.0,0.0,0.0,9.0,4.0,0.0,0.0,0.0,0.0,0.0,0.0,0.0,0.0,6.0,12.0,1.0,12.18,5.0200000000000005,2.5,1.49,0.0,0.0,0.0,134.1,0.0,0.8,0.0,2.1,-169.70000000000002,0.0,0.0,169.70000000000002,0.0,20.6,29.1,29.1,30.0,300.0,300.0,31.5,35.7,29.0,28.200000000000003,30.1,4.96,1.99,4.96,0.16,0.0,0.0,1027.0,8228.0,0.0,0.0,0.0,0.0,0.0,1.0,0.0,0.0,0.0,0.0,0.0,1.5,0.0,-1.8,0.0,0.0,16.0,25903.0
2026-07-30T19:02:13.700Z,303.183,303.198,0.0,7.4,0.0,0.0,0.0,0.0,0.0,0.0,0.0,0.0,1.0,0.0,0.0,0.0,9.0,4.0,0.0,0.0,0.0,0.0,0.0,0.0,0.0,0.0,1.0,12.0,1.0,12.18,5.0200000000000005,2.5,1.49,0.0,0.0,0.0,134.20000000000002,0.0,-0.9,0.0,0.9,-169.70000000000002,0.0,0.0,169.8,0.0,20.6,29.1,29.1,30.0,300.0,300.0,31.5,35.7,29.0,28.200000000000003,30.1,4.95,1.99,4.97,0.16,0.0,0.0,1027.0,8228.0,0.0,0.0,0.0,0.0,0.0,1.0,0.0,0.0,0.0,0.0,0.0,0.6000000000000001,0.0,-0.8,0.0,0.0,16.0,25903.0
2026-07-30T19:02:13.712Z,303.195,303.21,0.0,7.4,0.0,0.0,0.0,0.0,0.0,0.0,0.0,0.0,1.0,0.0,0.0,0.0,9.0,4.0,0.0,0.0,0.0,0.0,0.0,0.0,0.0,0.0,2.0,12.0,1.0,12.18,5.0200000000000005,2.5,1.49,0.0,0.0,0.0,134.4,0.0,-0.3,0.0,-0.7000000000000001,-169.70000000000002,0.0,0.0,169.8,0.0,20.6,29.1,29.1,30.0,300.0,300.0,31.5,35.7,29.0,28.200000000000003,30.1,4.95,1.99,4.97,0.16,0.0,0.0,1027.0,8228.0,0.0,0.0,0.0,0.0,0.0,1.0,0.0,0.0,0.0,0.0,0.0,-0.6000000000000001,0.0,0.6000000000000001,0.0,0.0,16.0,25903.0
2026-07-30T19:02:13.724Z,303.207,303.222,0.0,7.4,0.0,0.0,0.0,0.0,0.0,0.0,0.0,0.0,1.0,0.0,0.0,0.0,9.0,4.0,0.0,0.0,0.0,0.0,0.0,0.0,0.0,0.0,3.0,12.0,1.0,12.18,5.0200000000000005,2.5,1.49,0.0,0.0,0.0,134.6,0.0,0.2,0.4,0.9,-169.70000000000002,0.0,0.0,169.60000000000002,0.0,20.6,29.1,29.1,30.0,300.0,300.0,31.5,35.7,29.0,28.200000000000003,30.1,4.96,1.99,4.97,0.16,0.0,0.0,1027.0,8228.0,0.0,0.0,0.0,0.0,0.0,1.0,0.0,0.0,0.0,0.0,0.0,1.2000000000000002,0.0,-0.7000000000000001,0.0,0.0001,16.0,25903.0
2026-07-30T19:02:13.737Z,303.22,303.234,0.0,7.4,0.0,0.0,0.0,0.0,0.0,0.0,0.0,0.0,1.0,0.0,0.0,0.0,9.0,4.0,0.0,0.0,0.0,0.0,0.0,0.0,0.0,0.0,5.0,12.0,1.0,12.17,5.0200000000000005,2.51,1.49,0.0,0.0,0.0,134.8,0.0,0.2,-0.6000000000000001,-0.7000000000000001,-169.70000000000002,0.0,0.0,169.70000000000002,0.0,21.700000000000003,29.1,29.1,30.0,300.0,300.0,31.4,35.7,29.0,28.200000000000003,30.1,4.95,1.99,4.97,0.16,0.0,0.0,1027.0,8228.0,0.0,0.0,0.0,0.0,0.0,1.0,0.0,0.0,0.0,0.0,0.0,-1.2000000000000002,0.0,0.5,0.0,0.0001,16.0,25903.0
2026-07-30T19:02:13.748Z,303.231,303.246,0.0,7.4,0.0,0.0,0.0,0.0,0.0,0.0,0.0,0.0,1.0,0.0,0.0,0.0,9.0,4.0,0.0,0.0,0.0,0.0,0.0,0.0,0.0,0.0,6.0,12.0,1.0,12.17,5.0200000000000005,2.51,1.49,0.0,0.0,0.0,135.0,0.0,0.7000000000000001,-0.7000000000000001,1.0,-169.70000000000002,0.0,0.0,169.8,0.0,21.700000000000003,29.1,29.1,30.0,300.0,300.0,31.4,35.7,29.0,28.200000000000003,30.1,4.95,1.99,4.96,0.16,0.0,0.0,1027.0,8228.0,0.0,0.0,0.0,0.0,0.0,1.0,0.0,0.0,0.0,0.0,0.0,0.0,0.0,-1.0,0.0,0.0,16.0,25903.0
2026-07-30T19:02:13.760Z,303.243,303.258,0.0,7.4,0.0,0.0,0.0,0.0,0.0,0.0,0.0,0.0,1.0,0.0,0.0,0.0,9.0,4.0,0.0,0.0,0.0,0.0,0.0,0.0,0.0,0.0,1.0,12.0,1.0,12.17,5.0200000000000005,2.51,1.49,0.0,0.0,0.0,135.1,0.0,-0.3,0.4,-1.3,-169.70000000000002,0.0,0.0,169.70000000000002,0.0,21.700000000000003,29.1,29.1,30.0,300.0,300.0,31.4,35.7,29.0,28.200000000000003,30.1,4.95,1.99,4.96,0.16,0.0,0.0,1027.0,8228.0,0.0,0.0,0.0,0.0,0.0,1.0,0.0,0.0,0.0,0.0,0.0,-0.4,0.0,1.2000000000000002,0.0,0.0,16.0,25903.0
2026-07-30T19:02:13.772Z,303.255,303.27,0.0,7.4,0.0,0.0,0.0,0.0,0.0,0.0,0.0,0.0,1.0,0.0,0.0,0.0,9.0,4.0,0.0,0.0,0.0,0.0,0.0,0.0,0.0,0.0,2.0,12.0,1.0,12.17,5.0200000000000005,2.51,1.49,0.0,0.0,0.0,135.20000000000002,0.0,0.2,0.5,-0.1,-169.70000000000002,0.0,0.0,169.70000000000002,0.0,21.700000000000003,29.1,29.1,30.0,300.0,300.0,31.4,35.7,29.0,28.200000000000003,30.1,4.96,1.99,4.96,0.16,0.0,0.0,1027.0,8228.0,0.0,0.0,0.0,0.0,0.0,1.0,0.0,0.0,0.0,0.0,0.0,0.4,0.0,0.2,0.0,0.0,16.0,25903.0
2026-07-30T19:02:13.784Z,303.267,303.282,0.0,7.4,0.0,0.0,0.0,0.0,0.0,0.0,0.0,0.0,1.0,0.0,0.0,0.0,9.0,4.0,0.0,0.0,0.0,0.0,0.0,0.0,0.0,0.0,3.0,12.0,1.0,12.17,5.0200000000000005,2.51,1.49,0.0,0.0,0.0,135.1,0.0,-0.3,0.0,1.0,-169.70000000000002,0.0,0.0,169.70000000000002,0.0,21.700000000000003,29.1,29.1,30.0,300.0,300.0,31.4,35.7,29.0,28.200000000000003,30.1,4.95,1.99,4.97,0.16,0.0,0.0,1027.0,8228.0,0.0,0.0,0.0,0.0,0.0,1.0,0.0,0.0,0.0,0.0,0.0,0.6000000000000001,0.0,-0.9,0.0,0.0001,16.0,25903.0
2026-07-30T19:02:13.796Z,303.279,303.294,0.0,7.4,0.0,0.0,0.0,0.0,0.0,0.0,0.0,0.0,1.0,0.0,0.0,0.0,9.0,4.0,0.0,0.0,0.0,0.0,0.0,0.0,0.0,0.0,5.0,12.0,1.0,12.17,5.0200000000000005,2.51,1.49,0.0,0.0,0.0,135.0,0.0,-0.2,-0.6000000000000001,0.4,-169.70000000000002,0.0,0.0,169.8,0.0,21.700000000000003,29.1,29.1,30.0,300.0,300.0,31.4,35.7,29.0,28.200000000000003,30.1,4.96,1.99,4.96,0.16,0.0,0.0,1027.0,8228.0,0.0,0.0,0.0,0.0,0.0,1.0,0.0,0.0,0.0,0.0,0.0,-0.4,0.0,-0.5,0.0,0.0,16.0,25903.0
2026-07-30T19:02:13.808Z,303.291,303.306,0.0,7.4,0.0,0.0,0.0,0.0,0.0,0.0,0.0,0.0,1.0,0.0,0.0,0.0,9.0,4.0,0.0,0.0,0.0,0.0,0.0,0.0,0.0,0.0,6.0,12.0,1.0,12.17,5.0200000000000005,2.51,1.49,0.0,0.0,0.0,134.9,0.0,0.8,0.0,1.0,-169.70000000000002,0.0,0.0,169.8,0.0,21.700000000000003,29.1,29.1,30.0,300.0,300.0,31.4,35.7,29.0,28.200000000000003,30.1,4.96,2.0,4.96,0.16,0.0,0.0,1027.0,8228.0,0.0,0.0,0.0,0.0,0.0,1.0,0.0,0.0,0.0,0.0,0.0,0.6000000000000001,0.0,-0.9,0.0,0.0001,16.0,25903.0
2026-07-30T19:02:13.821Z,303.304,303.318,0.0,7.4,0.0,0.0,0.0,0.0,0.0,0.0,0.0,0.0,1.0,0.0,0.0,0.0,9.0,4.0,0.0,0.0,0.0,0.0,0.0,0.0,0.0,0.0,1.0,12.0,1.0,12.17,5.0200000000000005,2.51,1.49,0.0,0.0,0.0,134.70000000000002,0.0,0.8,0.4,-0.7000000000000001,-169.70000000000002,0.0,0.0,169.8,0.0,21.700000000000003,29.1,29.1,30.0,300.0,300.0,31.4,35.7,29.0,28.200000000000003,30.1,4.96,1.99,4.96,0.16,0.0,0.0,1027.0,8228.0,0.0,0.0,0.0,0.0,0.0,1.0,0.0,0.0,0.0,0.0,0.0,0.0,0.0,0.7000000000000001,0.0,0.0,16.0,25903.0
2026-07-30T19:02:13.832Z,303.315,303.33,0.0,7.4,0.0,0.0,0.0,0.0,0.0,0.0,0.0,0.0,1.0,0.0,0.0,0.0,9.0,4.0,0.0,0.0,0.0,0.0,0.0,0.0,0.0,0.0,2.0,12.0,1.0,12.17,5.0200000000000005,2.51,1.49,0.0,0.0,0.0,134.70000000000002,0.0,-0.2,-0.6000000000000001,-0.7000000000000001,-169.70000000000002,0.0,0.0,169.8,0.0,21.700000000000003,29.1,29.1,30.0,300.0,300.0,31.4,35.7,29.0,28.200000000000003,30.1,4.95,1.99,4.96,0.16,0.0,0.0,1027.0,8228.0,0.0,0.0,0.0,0.0,0.0,1.0,0.0,0.0,0.0,0.0,0.0,-1.3,0.0,0.5,0.0,0.0,16.0,25903.0
2026-07-30T19:02:13.844Z,303.327,303.342,0.0,7.4,0.0,0.0,0.0,0.0,0.0,0.0,0.0,0.0,1.0,0.0,0.0,0.0,9.0,4.0,0.0,0.0,0.0,0.0,0.0,0.0,0.0,0.0,3.0,12.0,1.0,12.17,5.01,2.51,1.49,0.0,0.1,0.0,134.5,0.0,-0.2,0.0,-0.1,-169.70000000000002,0.0,0.0,169.70000000000002,0.0,21.4,29.1,29.1,30.0,300.0,300.0,31.5,35.7,29.0,28.200000000000003,30.1,4.96,1.99,4.96,0.16,0.0,0.0,1027.0,8228.0,0.0,0.0,0.0,0.0,0.0,1.0,0.0,0.0,0.0,0.0,0.0,-0.1,0.0,0.1,0.0,0.0,16.0,25903.0
2026-07-30T19:02:13.856Z,303.339,303.354,0.0,7.4,0.0,0.0,0.0,0.0,0.0,0.0,0.0,0.0,1.0,0.0,0.0,0.0,9.0,4.0,0.0,0.0,0.0,0.0,0.0,0.0,0.0,0.0,4.0,12.0,1.0,12.17,5.01,2.51,1.49,0.0,0.1,0.0,134.4,0.0,-0.3,0.4,-0.1,-169.70000000000002,0.0,0.0,169.8,0.0,21.4,29.1,29.1,30.0,300.0,300.0,31.5,35.7,29.0,28.200000000000003,30.1,4.96,1.99,4.97,0.15,0.0,0.0,1027.0,8228.0,0.0,0.0,0.0,0.0,0.0,1.0,0.0,0.0,0.0,0.0,0.0,0.4,0.0,0.2,0.0,0.0,16.0,25903.0
2026-07-30T19:02:13.868Z,303.351,303.366,0.0,7.4,0.0,0.0,0.0,0.0,0.0,0.0,0.0,0.0,1.0,0.0,0.0,0.0,9.0,4.0,0.0,0.0,0.0,0.0,0.0,0.0,0.0,0.0,6.0,12.0,1.0,12.17,5.01,2.51,1.49,0.0,0.1,0.0,134.3,0.0,-0.9,-0.7000000000000001,-0.1,-169.70000000000002,0.0,0.0,169.8,0.0,21.4,29.1,29.1,30.0,300.0,300.0,31.5,35.7,29.0,28.200000000000003,30.1,4.95,1.99,4.97,0.16,0.0,0.0,1027.0,8228.0,0.0,0.0,0.0,0.0,0.0,1.0,0.0,0.0,0.0,0.0,0.0,-0.9,0.0,0.0,0.0,0.0,16.0,25903.0
2026-07-30T19:02:13.880Z,303.363,303.378,0.0,7.4,0.0,0.0,0.0,0.0,0.0,0.0,0.0,0.0,1.0,0.0,0.0,0.0,9.0,4.0,0.0,0.0,0.0,0.0,0.0,0.0,0.0,0.0,1.0,12.0,1.0,12.17,5.01,2.51,1.49,0.0,0.0,0.0,134.20000000000002,0.0,-0.9,-0.7000000000000001,-0.8,-169.70000000000002,0.0,0.0,169.8,0.0,21.4,29.1,29.1,30.0,300.0,300.0,31.5,35.7,29.0,28.200000000000003,30.1,4.96,1.99,4.96,0.16,0.0,0.0,1027.0,8228.0,0.0,0.0,0.0,0.0,0.0,1.0,0.0,0.0,0.0,0.0,0.0,-1.3,0.0,0.5,0.0,0.0,16.0,25903.0
2026-07-30T19:02:13.892Z,303.375,303.39,0.0,7.4,0.0,0.0,0.0,0.0,0.0,0.0,0.0,0.0,1.0,0.0,0.0,0.0,9.0,4.0,0.0,0.0,0.0,0.0,0.0,0.0,0.0,0.0,2.0,12.0,1.0,12.17,5.01,2.51,1.49,0.0,0.0,0.0,134.1,0.0,-0.3,-1.2000000000000002,-0.8,-169.70000000000002,0.0,0.0,169.70000000000002,0.0,21.4,29.1,29.1,30.0,300.0,300.0,31.5,35.7,29.0,28.200000000000003,30.1,4.95,2.0,4.96,0.16,0.0,0.0,1027.0,8228.0,0.0,0.0,0.0,0.0,0.0,1.0,0.0,0.0,0.0,0.0,0.0,-2.0,0.0,0.4,0.0,0.0,16.0,25903.0
2026-07-30T19:02:13.904Z,303.387,303.402,0.0,7.4,0.0,0.0,0.0,0.0,0.0,0.0,0.0,0.0,1.0,0.0,0.0,0.0,9.0,4.0,0.0,0.0,0.0,0.0,0.0,0.0,0.0,0.0,3.0,12.0,1.0,12.17,5.01,2.51,1.49,0.0,0.0,0.0,134.0,0.0,0.2,-1.2000000000000002,-0.8,-169.70000000000002,0.0,0.0,169.70000000000002,0.0,21.4,29.1,29.1,30.0,300.0,300.0,31.5,35.7,29.0,28.200000000000003,30.1,4.95,1.99,4.97,0.16,0.0,0.0,1027.0,8228.0,0.0,0.0,0.0,0.0,0.0,1.0,0.0,0.0,0.0,0.0,0.0,-2.0,0.0,0.4,0.0,0.0001,16.0,25903.0
2026-07-30T19:02:13.916Z,303.399,303.414,0.0,7.4,0.0,0.0,0.0,0.0,0.0,0.0,0.0,0.0,1.0,0.0,0.0,0.0,9.0,4.0,0.0,0.0,0.0,0.0,0.0,0.0,0.0,0.0,5.0,12.0,1.0,12.17,5.01,2.51,1.49,0.0,0.0,0.0,133.9,0.0,0.2,0.0,0.3,-169.70000000000002,0.0,0.0,169.8,0.0,21.4,29.1,29.1,30.0,300.0,300.0,31.5,35.7,29.0,28.200000000000003,30.1,4.95,2.0,4.97,0.16,0.0,0.0,1027.0,8228.0,0.0,0.0,0.0,0.0,0.0,1.0,0.0,0.0,0.0,0.0,0.0,0.2,0.0,-0.3,0.0,0.0,16.0,25903.0
2026-07-30T19:02:13.928Z,303.411,303.426,0.0,7.4,0.0,0.0,0.0,0.0,0.0,0.0,0.0,0.0,1.0,0.0,0.0,0.0,9.0,4.0,0.0,0.0,0.0,0.0,0.0,0.0,0.0,0.0,6.0,12.0,1.0,12.17,5.01,2.51,1.49,0.0,0.0,0.0,133.8,0.0,0.8,0.0,0.3,-169.70000000000002,0.0,0.0,169.8,0.0,21.4,29.1,29.1,30.0,300.0,300.0,31.5,35.7,29.0,28.200000000000003,30.1,4.96,2.0,4.96,0.16,0.0,0.0,1027.0,8228.0,0.0,0.0,0.0,0.0,0.0,1.0,0.0,0.0,0.0,0.0,0.0,0.2,0.0,-0.3,0.0,0.0001,16.0,25903.0
2026-07-30T19:02:13.941Z,303.424,303.438,0.0,7.4,0.0,0.0,0.0,0.0,0.0,0.0,0.0,0.0,1.0,0.0,0.0,0.0,9.0,4.0,0.0,0.0,0.0,0.0,0.0,0.0,0.0,0.0,1.0,12.0,1.0,12.13,5.01,2.51,1.49,0.0,0.0,0.0,133.70000000000002,0.0,0.8,-0.6000000000000001,-0.2,-169.70000000000002,0.0,0.0,169.8,0.0,21.4,29.1,29.1,30.0,300.0,300.0,31.4,35.7,29.0,28.200000000000003,30.1,4.96,1.99,4.97,0.16,0.0,0.0,1027.0,8228.0,0.0,0.0,0.0,0.0,0.0,1.0,0.0,0.0,0.0,0.0,0.0,-0.9,0.0,0.0,0.0,0.0,16.0,25903.0
2026-07-30T19:02:13.952Z,303.435,303.45,0.0,7.4,0.0,0.0,0.0,0.0,0.0,0.0,0.0,0.0,1.0,0.0,0.0,0.0,9.0,4.0,0.0,0.0,0.0,0.0,0.0,0.0,0.0,0.0,2.0,12.0,1.0,12.13,5.01,2.51,1.49,0.0,0.0,0.0,133.6,0.0,0.8,1.6,0.4,-169.70000000000002,0.0,0.0,169.8,0.0,21.4,29.1,29.1,30.0,300.0,300.0,31.4,35.7,29.0,28.200000000000003,30.1,4.96,1.99,4.96,0.16,0.0,0.0,1027.0,8228.0,0.0,0.0,0.0,0.0,0.0,1.0,0.0,0.0,0.0,0.0,0.0,2.2,0.0,0.0,0.0,0.0,16.0,25903.0
2026-07-30T19:02:13.964Z,303.447,303.462,0.0,7.4,0.0,0.0,0.0,0.0,0.0,0.0,0.0,0.0,1.0,0.0,0.0,0.0,9.0,4.0,0.0,0.0,0.0,0.0,0.0,0.0,0.0,0.0,3.0,12.0,1.0,12.13,5.01,2.51,1.49,0.0,0.0,0.0,133.5,0.0,-0.2,0.0,0.4,-169.70000000000002,0.0,0.0,169.8,0.0,21.4,29.1,29.1,30.0,300.0,300.0,31.4,35.7,29.0,28.200000000000003,30.1,4.96,1.99,4.96,0.16,0.0,0.0,1027.0,8228.0,0.0,0.0,0.0,0.0,0.0,1.0,0.0,0.0,0.0,0.0,0.0,0.2,0.0,-0.3,0.0,0.0,16.0,25903.0
2026-07-30T19:02:13.976Z,303.459,303.474,0.0,7.4,0.0,0.0,0.0,0.0,0.0,0.0,0.0,0.0,1.0,0.0,0.0,0.0,9.0,4.0,0.0,0.0,0.0,0.0,0.0,0.0,0.0,0.0,4.0,12.0,1.0,12.13,5.01,2.51,1.49,0.0,0.0,0.0,133.3,0.0,-0.7000000000000001,-0.5,-0.1,-169.70000000000002,0.0,0.0,169.8,0.0,21.4,29.1,29.1,30.0,300.0,300.0,31.4,35.7,29.0,28.200000000000003,30.1,4.95,1.99,4.96,0.16,0.0,0.0,1027.0,8228.0,0.0,0.0,0.0,0.0,0.0,1.0,0.0,0.0,0.0,0.0,0.0,-0.7000000000000001,0.0,0.0,0.0,0.0,16.0,25903.0
2026-07-30T19:02:13.988Z,303.471,303.486,0.0,7.4,0.0,0.0,0.0,0.0,0.0,0.0,0.0,0.0,1.0,0.0,0.0,0.0,9.0,4.0,0.0,0.0,0.0,0.0,0.0,0.0,0.0,0.0,6.0,12.0,1.0,12.13,5.01,2.51,1.49,0.0,0.0,0.0,133.3,0.0,-0.7000000000000001,-0.5,-0.1,-169.70000000000002,0.0,0.0,169.8,0.0,21.4,29.1,29.1,30.0,300.0,300.0,31.4,35.7,29.0,28.200000000000003,30.1,4.95,1.99,4.97,0.16,0.0,0.0,1027.0,8228.0,0.0,0.0,0.0,0.0,0.0,1.0,0.0,0.0,0.0,0.0,0.0,-0.7000000000000001,0.0,0.0,0.0,0.0,16.0,25903.0
2026-07-30T19:02:14.000Z,303.483,303.498,0.0,7.4,0.0,0.0,0.0,0.0,0.0,0.0,0.0,0.0,1.0,0.0,0.0,0.0,9.0,4.0,0.0,0.0,0.0,0.0,0.0,0.0,0.0,0.0,1.0,12.0,1.0,12.13,5.01,2.51,1.49,0.0,0.0,0.0,133.20000000000002,0.0,-0.2,-0.6000000000000001,-0.7000000000000001,-169.70000000000002,0.0,0.0,169.8,0.0,21.4,29.1,29.1,30.0,300.0,300.0,31.4,35.7,29.0,28.200000000000003,30.1,4.95,2.0,4.96,0.16,0.0,0.0,1027.0,8228.0,0.0,0.0,0.0,0.0,0.0,1.0,0.0,0.0,0.0,0.0,0.0,2.4000000000000004,0.0,-1.1,0.0,0.0,16.0,25903.0
2026-07-30T19:02:14.012Z,303.495,303.51,0.0,7.4,0.0,0.0,0.0,0.0,0.0,0.0,0.0,0.0,1.0,0.0,0.0,0.0,9.0,4.0,0.0,0.0,0.0,0.0,0.0,0.0,0.0,0.0,2.0,12.0,1.0,12.13,5.01,2.51,1.49,0.0,0.0,0.0,133.1,0.0,0.9,1.6,0.9,-169.70000000000002,0.0,0.0,169.8,0.0,21.4,29.1,29.1,30.0,300.0,300.0,31.4,35.7,29.0,28.200000000000003,30.1,4.97,1.99,4.96,0.16,0.0,0.0,1027.0,8228.0,0.0,0.0,0.0,0.0,0.0,1.0,0.0,0.0,0.0,0.0,0.0,-1.1,0.0,1.2000000000000002,0.0,0.0,16.0,25903.0
2026-07-30T19:02:14.024Z,303.507,303.522,0.0,7.4,0.0,0.0,0.0,0.0,0.0,0.0,0.0,0.0,1.0,0.0,0.0,0.0,9.0,4.0,0.0,0.0,0.0,0.0,0.0,0.0,0.0,0.0,4.0,12.0,1.0,12.13,5.01,2.51,1.49,0.0,0.0,0.0,132.9,0.0,0.9,0.0,-0.2,-169.70000000000002,0.0,0.0,169.8,0.0,21.4,29.1,29.1,30.0,300.0,300.0,31.4,35.7,29.0,28.200000000000003,30.1,4.95,1.99,4.97,0.16,0.0,0.0,1027.0,8228.0,0.0,0.0,0.0,0.0,0.0,1.0,0.0,0.0,0.0,0.0,0.0,-1.5,0.0,1.7000000000000002,0.0,0.0,16.0,25903.0
2026-07-30T19:02:14.036Z,303.519,303.534,0.0,7.4,0.0,0.0,0.0,0.0,0.0,0.0,0.0,0.0,1.0,0.0,0.0,0.0,9.0,4.0,0.0,0.0,0.0,0.0,0.0,0.0,0.0,0.0,5.0,12.0,1.0,12.13,5.01,2.51,1.49,0.0,0.0,0.0,132.8,0.0,-0.2,-0.6000000000000001,-0.1,-169.70000000000002,0.0,0.0,169.8,0.0,21.4,29.1,29.1,30.0,300.0,300.0,31.4,35.7,29.0,28.200000000000003,30.1,4.96,1.99,4.96,0.16,0.0,0.0,1027.0,8228.0,0.0,0.0,0.0,0.0,0.0,1.0,0.0,0.0,0.0,0.0,0.0,-0.8,0.0,0.0,0.0,0.0,16.0,25903.0
2026-07-30T19:02:14.048Z,303.531,303.546,0.0,7.4,0.0,0.0,0.0,0.0,0.0,0.0,0.0,0.0,1.0,0.0,0.0,0.0,9.0,4.0,0.0,0.0,0.0,0.0,0.0,0.0,0.0,0.0,6.0,12.0,1.0,12.15,5.01,2.51,1.49,0.0,0.1,0.0,132.70000000000002,0.0,0.3,-0.6000000000000001,1.0,-169.70000000000002,0.0,0.0,169.8,0.0,21.8,29.1,29.1,30.0,300.0,300.0,31.5,35.800000000000004,29.0,28.200000000000003,30.0,4.96,2.0,4.97,0.16,0.0,0.0,1027.0,8228.0,0.0,0.0,0.0,0.0,0.0,1.0,0.0,0.0,0.0,0.0,0.0,0.0,0.0,-1.0,0.0,0.0,16.0,25903.0
2026-07-30T19:02:14.060Z,303.543,303.558,0.0,7.4,0.0,0.0,0.0,0.0,0.0,0.0,0.0,0.0,1.0,0.0,0.0,0.0,9.0,4.0,0.0,0.0,0.0,0.0,0.0,0.0,0.0,0.0,1.0,12.0,1.0,12.15,5.01,2.51,1.49,0.0,0.0,0.0,132.6,0.0,-0.2,0.5,1.5,-169.70000000000002,0.0,0.0,169.8,0.0,21.8,29.1,29.1,30.0,300.0,300.0,31.5,35.800000000000004,29.0,28.200000000000003,30.0,4.95,1.99,4.97,0.16,0.0,0.0,1027.0,8228.0,0.0,0.0,0.0,0.0,0.0,1.0,0.0,0.0,0.0,0.0,0.0,1.8,0.0,-1.2000000000000002,0.0,0.0,16.0,25903.0
2026-07-30T19:02:14.072Z,303.555,303.57,0.0,7.4,0.0,0.0,0.0,0.0,0.0,0.0,0.0,0.0,1.0,0.0,0.0,0.0,9.0,4.0,0.0,0.0,0.0,0.0,0.0,0.0,0.0,0.0,3.0,12.0,1.0,12.15,5.01,2.51,1.49,0.0,0.1,0.0,132.5,0.0,0.3,-1.2000000000000002,-1.9,-169.70000000000002,0.0,0.0,169.8,0.0,21.8,29.1,29.1,30.0,300.0,300.0,31.5,35.800000000000004,29.0,28.200000000000003,30.0,4.95,1.99,4.97,0.16,0.0,0.0,1027.0,8228.0,0.0,0.0,0.0,0.0,0.0,1.0,0.0,0.0,0.0,0.0,0.0,-2.8000000000000003,0.0,1.4,0.0,0.0,16.0,25903.0
2026-07-30T19:02:14.084Z,303.567,303.582,0.0,7.4,0.0,0.0,0.0,0.0,0.0,0.0,0.0,0.0,1.0,0.0,0.0,0.0,9.0,4.0,0.0,0.0,0.0,0.0,0.0,0.0,0.0,0.0,4.0,12.0,1.0,12.15,5.01,2.51,1.49,0.0,0.0,0.0,132.4,0.0,-0.2,-1.2000000000000002,0.3,-169.70000000000002,0.0,0.0,169.8,0.0,21.8,29.1,29.1,30.0,300.0,300.0,31.5,35.800000000000004,29.0,28.200000000000003,30.0,4.96,2.0,4.96,0.16,0.0,0.0,1027.0,8228.0,0.0,0.0,0.0,0.0,0.0,1.0,0.0,0.0,0.0,0.0,0.0,-1.1,0.0,-0.5,0.0,0.0,16.0,25903.0
2026-07-30T19:02:14.096Z,303.579,303.594,0.0,7.4,0.0,0.0,0.0,0.0,0.0,0.0,0.0,0.0,1.0,0.0,0.0,0.0,9.0,4.0,0.0,0.0,0.0,0.0,0.0,0.0,0.0,0.0,5.0,12.0,1.0,12.15,5.01,2.51,1.49,0.0,0.0,0.0,132.20000000000002,0.0,0.3,0.5,-0.1,-169.70000000000002,0.0,0.0,169.8,0.0,21.8,29.1,29.1,30.0,300.0,300.0,31.5,35.800000000000004,29.0,28.200000000000003,30.0,4.96,1.99,4.97,0.16,0.0,0.0,1027.0,8228.0,0.0,0.0,0.0,0.0,0.0,1.0,0.0,0.0,0.0,0.0,0.0,0.4,0.0,0.2,0.0,0.0,16.0,25903.0
2026-07-30T19:02:14.108Z,303.591,303.606,0.0,7.4,0.0,0.0,0.0,0.0,0.0,0.0,0.0,0.0,1.0,0.0,0.0,0.0,9.0,4.0,0.0,0.0,0.0,0.0,0.0,0.0,0.0,0.0,1.0,12.0,1.0,12.15,5.01,2.51,1.49,0.0,0.0,0.0,132.20000000000002,0.0,-0.2,0.5,0.4,-169.70000000000002,0.0,0.0,169.8,0.0,21.8,29.1,29.1,30.0,300.0,300.0,31.5,35.800000000000004,29.0,28.200000000000003,30.0,4.95,1.99,4.97,0.16,0.0,0.0,1027.0,8228.0,0.0,0.0,0.0,0.0,0.0,1.0,0.0,0.0,0.0,0.0,0.0,0.9,0.0,-0.2,0.0,0.0,16.0,25903.0
2026-07-30T19:02:14.120Z,303.603,303.618,0.0,7.4,0.0,0.0,0.0,0.0,0.0,0.0,0.0,0.0,1.0,0.0,0.0,0.0,9.0,4.0,0.0,0.0,0.0,0.0,0.0,0.0,0.0,0.0,2.0,12.0,1.0,12.15,5.01,2.51,1.49,0.0,0.0,0.0,132.1,0.0,0.8,-0.6000000000000001,0.4,-169.70000000000002,0.0,0.0,169.8,0.0,21.8,29.1,29.1,30.0,300.0,300.0,31.5,35.800000000000004,29.0,28.200000000000003,30.0,4.96,1.99,4.96,0.16,0.0,0.0,1027.0,8228.0,0.0,0.0,0.0,0.0,0.0,1.0,0.0,0.0,0.0,0.0,0.0,-0.4,0.0,-0.4,0.0,0.0,16.0,25903.0
2026-07-30T19:02:14.132Z,303.615,303.63,0.0,7.4,0.0,0.0,0.0,0.0,0.0,0.0,0.0,0.0,1.0,0.0,0.0,0.0,9.0,4.0,0.0,0.0,0.0,0.0,0.0,0.0,0.0,0.0,4.0,12.0,1.0,12.15,5.01,2.51,1.49,0.0,0.0,0.0,131.9,0.0,0.9,-0.6000000000000001,-1.3,-169.70000000000002,0.0,0.0,169.70000000000002,0.0,21.8,29.1,29.1,30.0,300.0,300.0,31.5,35.800000000000004,29.0,28.200000000000003,30.0,4.95,2.0,4.96,0.16,0.0,0.0,1027.0,8228.0,0.0,0.0,0.0,0.0,0.0,1.0,0.0,0.0,0.0,0.0,0.0,-1.7000000000000002,0.0,1.0,0.0,0.0,16.0,25903.0
2026-07-30T19:02:14.145Z,303.628,303.642,0.0,7.4,0.0,0.0,0.0,0.0,0.0,0.0,0.0,0.0,1.0,0.0,0.0,0.0,9.0,4.0,0.0,0.0,0.0,0.0,0.0,0.0,0.0,0.0,5.0,12.0,1.0,12.17,5.0200000000000005,2.51,1.5,0.0,0.0,0.0,131.8,0.0,1.5,1.7000000000000002,-0.1,-169.70000000000002,0.0,0.0,169.8,0.0,21.4,29.1,29.1,30.0,300.0,300.0,31.4,35.7,29.0,28.200000000000003,30.0,4.95,1.99,4.97,0.16,0.0,0.0,1027.0,8228.0,0.0,0.0,0.0,0.0,0.0,1.0,0.0,0.0,0.0,0.0,0.0,1.8,0.0,0.4,0.0,0.0,16.0,25903.0
2026-07-30T19:02:14.156Z,303.639,303.654,0.0,7.4,0.0,0.0,0.0,0.0,0.0,0.0,0.0,0.0,1.0,0.0,0.0,0.0,9.0,4.0,0.0,0.0,0.0,0.0,0.0,0.0,0.0,0.0,6.0,12.0,1.0,12.17,5.0200000000000005,2.51,1.5,0.0,0.0,0.0,131.70000000000002,0.0,0.3,0.5,-0.1,-169.70000000000002,0.0,0.0,169.8,0.0,21.4,29.1,29.1,30.0,300.0,300.0,31.4,35.7,29.0,28.200000000000003,30.0,4.96,1.99,4.97,0.16,0.0,0.0,1027.0,8228.0,0.0,0.0,0.0,0.0,0.0,1.0,0.0,0.0,0.0,0.0,0.0,0.5,0.0,0.2,0.0,0.0,16.0,25903.0
2026-07-30T19:02:14.168Z,303.651,303.666,0.0,7.4,0.0,0.0,0.0,0.0,0.0,0.0,0.0,0.0,1.0,0.0,0.0,0.0,9.0,4.0,0.0,0.0,0.0,0.0,0.0,0.0,0.0,0.0,2.0,12.0,1.0,12.17,5.0200000000000005,2.51,1.5,0.0,0.0,0.0,131.6,0.0,-0.8,0.0,0.4,-169.70000000000002,0.0,0.0,169.8,0.0,21.4,29.1,29.1,30.0,300.0,300.0,31.4,35.7,29.0,28.200000000000003,30.0,4.96,1.99,4.96,0.16,0.0,0.0,1027.0,8228.0,0.0,0.0,0.0,0.0,0.0,1.0,0.0,0.0,0.0,0.0,0.0,0.3,0.0,-0.4,0.0,0.0,16.0,25903.0
2026-07-30T19:02:14.180Z,303.663,303.678,0.0,7.4,0.0,0.0,0.0,0.0,0.0,0.0,0.0,0.0,1.0,0.0,0.0,0.0,9.0,4.0,0.0,0.0,0.0,0.0,0.0,0.0,0.0,0.0,3.0,12.0,1.0,12.17,5.0200000000000005,2.51,1.5,0.0,0.0,0.0,131.5,0.0,0.9,0.0,1.5,-169.70000000000002,0.0,0.0,169.70000000000002,0.0,21.4,29.1,29.1,30.0,300.0,300.0,31.4,35.7,29.0,28.200000000000003,30.0,4.95,1.99,4.96,0.16,0.0,0.0,1027.0,8228.0,0.0,0.0,0.0,0.0,0.0,1.0,0.0,0.0,0.0,0.0,0.0,1.1,0.0,-1.4,0.0,0.0,16.0,25903.0
2026-07-30T19:02:14.192Z,303.675,303.69,0.0,7.4,0.0,0.0,0.0,0.0,0.0,0.0,0.0,0.0,1.0,0.0,0.0,0.0,9.0,4.0,0.0,0.0,0.0,0.0,0.0,0.0,0.0,0.0,4.0,12.0,1.0,12.17,5.0200000000000005,2.51,1.5,0.0,0.0,0.0,131.4,0.0,0.9,0.5,-0.1,-169.70000000000002,0.0,0.0,169.8,0.0,21.4,29.1,29.1,30.0,300.0,300.0,31.4,35.7,29.0,28.200000000000003,30.0,4.95,1.99,4.96,0.16,0.0,0.0,1027.0,8228.0,0.0,0.0,0.0,0.0,0.0,1.0,0.0,0.0,0.0,0.0,0.0,0.5,0.0,0.2,0.0,0.0,16.0,25903.0
2026-07-30T19:02:14.204Z,303.687,303.702,0.0,7.4,0.0,0.0,0.0,0.0,0.0,0.0,0.0,0.0,1.0,0.0,0.0,0.0,9.0,4.0,0.0,0.0,0.0,0.0,0.0,0.0,0.0,0.0,5.0,12.0,1.0,12.17,5.0200000000000005,2.51,1.5,0.0,0.0,0.0,131.3,0.0,0.9,1.1,1.0,-169.70000000000002,0.0,0.0,169.8,0.0,21.4,29.1,29.1,30.0,300.0,300.0,31.4,35.7,29.0,28.200000000000003,30.0,4.95,1.99,4.96,0.16,0.0,0.0,1027.0,8228.0,0.0,0.0,0.0,0.0,0.0,1.0,0.0,0.0,0.0,0.0,0.0,2.1,0.0,-0.7000000000000001,0.0,0.0,16.0,25903.0
2026-07-30T19:02:14.216Z,303.699,303.714,0.0,7.4,0.0,0.0,0.0,0.0,0.0,0.0,0.0,0.0,1.0,0.0,0.0,0.0,9.0,4.0,0.0,0.0,0.0,0.0,0.0,0.0,0.0,0.0,6.0,12.0,1.0,12.17,5.0200000000000005,2.51,1.5,0.0,0.0,0.0,131.4,0.0,0.3,0.5,1.0,-169.70000000000002,0.0,0.0,169.70000000000002,0.0,21.4,29.1,29.1,30.0,300.0,300.0,31.4,35.7,29.0,28.200000000000003,30.0,4.96,1.99,4.96,0.16,0.0,0.0,1027.0,8228.0,0.0,0.0,0.0,0.0,0.0,1.0,0.0,0.0,0.0,0.0,0.0,1.4,0.0,-0.8,0.0,0.0,16.0,25903.0
2026-07-30T19:02:14.228Z,303.711,303.726,0.0,7.4,0.0,0.0,0.0,0.0,0.0,0.0,0.0,0.0,1.0,0.0,0.0,0.0,9.0,4.0,0.0,0.0,0.0,0.0,0.0,0.0,0.0,0.0,1.0,12.0,1.0,12.17,5.0200000000000005,2.51,1.5,0.0,0.0,0.0,131.6,0.0,-0.2,-0.5,0.0,-169.70000000000002,0.0,0.0,169.8,0.0,21.4,29.1,29.1,30.0,300.0,300.0,31.4,35.7,29.0,28.200000000000003,30.0,4.96,1.99,4.97,0.16,0.0,0.0,1027.0,8228.0,0.0,0.0,0.0,0.0,0.0,1.0,0.0,0.0,0.0,0.0,0.0,-0.6000000000000001,0.0,-0.1,0.0,0.0,16.0,25903.0
2026-07-30T19:02:14.240Z,303.723,303.738,0.0,7.4,0.0,0.0,0.0,0.0,0.0,0.0,0.0,0.0,1.0,0.0,0.0,0.0,9.0,4.0,0.0,0.0,0.0,0.0,0.0,0.0,0.0,0.0,2.0,12.0,1.0,12.17,5.0200000000000005,2.51,1.5,0.0,0.0,0.0,131.8,0.0,-0.7000000000000001,-0.6000000000000001,-0.6000000000000001,-169.70000000000002,0.0,0.0,169.8,0.0,21.4,29.1,29.1,30.0,300.0,300.0,31.4,35.7,29.0,28.200000000000003,30.0,4.96,1.99,4.96,0.16,0.0,0.0,1027.0,8228.0,0.0,0.0,0.0,0.0,0.0,1.0,0.0,0.0,0.0,0.0,0.0,-1.2000000000000002,0.0,0.4,0.0,0.0,16.0,25903.0
2026-07-30T19:02:14.252Z,303.735,303.75,0.0,7.4,0.0,0.0,0.0,0.0,0.0,0.0,0.0,0.0,1.0,0.0,0.0,0.0,9.0,4.0,0.0,0.0,0.0,0.0,0.0,0.0,0.0,0.0,3.0,12.0,1.0,12.18,5.01,2.5,1.49,0.0,0.1,0.0,132.0,0.0,1.0,1.1,0.4,-169.70000000000002,0.0,0.0,169.70000000000002,0.0,21.4,29.1,29.1,30.0,300.0,300.0,31.4,35.7,29.0,28.200000000000003,30.0,4.96,1.99,4.96,0.16,0.0,0.0,1027.0,8228.0,0.0,0.0,0.0,0.0,0.0,1.0,0.0,0.0,0.0,0.0,0.0,1.6,0.0,-0.1,0.0,0.0,16.0,25903.0
2026-07-30T19:02:14.264Z,303.747,303.762,0.0,7.4,0.0,0.0,0.0,0.0,0.0,0.0,0.0,0.0,1.0,0.0,0.0,0.0,9.0,4.0,0.0,0.0,0.0,0.0,0.0,0.0,0.0,0.0,4.0,12.0,1.0,12.18,5.01,2.5,1.49,0.0,0.0,0.0,132.20000000000002,0.0,-0.1,0.6000000000000001,0.4,-169.70000000000002,0.0,0.0,169.70000000000002,0.0,21.4,29.1,29.1,30.0,300.0,300.0,31.4,35.7,29.0,28.200000000000003,30.0,4.95,1.99,4.97,0.16,0.0,0.0,1027.0,8228.0,0.0,0.0,0.0,0.0,0.0,1.0,0.0,0.0,0.0,0.0,0.0,1.0,0.0,-0.2,0.0,0.0001,16.0,25903.0
2026-07-30T19:02:14.276Z,303.759,303.774,0.0,7.4,0.0,0.0,0.0,0.0,0.0,0.0,0.0,0.0,1.0,0.0,0.0,0.0,9.0,4.0,0.0,0.0,0.0,0.0,0.0,0.0,0.0,0.0,5.0,12.0,1.0,12.18,5.01,2.5,1.49,0.0,0.0,0.0,132.4,0.0,-0.1,-1.1,-0.6000000000000001,-169.70000000000002,0.0,0.0,169.70000000000002,0.0,21.4,29.1,29.1,30.0,300.0,300.0,31.4,35.7,29.0,28.200000000000003,30.0,4.96,2.0,4.96,0.16,0.0,0.0,1027.0,8228.0,0.0,0.0,0.0,0.0,0.0,1.0,0.0,0.0,0.0,0.0,0.0,-1.7000000000000002,0.0,0.3,0.0,0.0,16.0,25903.0
2026-07-30T19:02:14.288Z,303.771,303.786,0.0,7.4,0.0,0.0,0.0,0.0,0.0,0.0,0.0,0.0,1.0,0.0,0.0,0.0,9.0,4.0,0.0,0.0,0.0,0.0,0.0,0.0,0.0,0.0,6.0,12.0,1.0,12.18,5.01,2.5,1.49,0.0,0.1,0.0,132.6,0.0,-0.7000000000000001,0.0,0.4,-169.70000000000002,0.0,0.0,169.8,0.0,21.4,29.1,29.1,30.0,300.0,300.0,31.4,35.7,29.0,28.200000000000003,30.0,4.96,1.99,4.97,0.16,0.0,0.0,1027.0,8228.0,0.0,0.0,0.0,0.0,0.0,1.0,0.0,0.0,0.0,0.0,0.0,0.4,0.0,-0.4,0.0,0.0,16.0,25903.0
2026-07-30T19:02:14.301Z,303.784,303.798,0.0,7.4,0.0,0.0,0.0,0.0,0.0,0.0,0.0,0.0,1.0,0.0,0.0,0.0,9.0,4.0,0.0,0.0,0.0,0.0,0.0,0.0,0.0,0.0,1.0,12.0,1.0,12.18,5.01,2.5,1.49,0.0,0.0,0.0,132.8,0.0,0.4,0.0,-0.6000000000000001,-169.70000000000002,0.0,0.0,169.8,0.0,21.4,29.1,29.1,30.0,300.0,300.0,31.4,35.7,29.0,28.200000000000003,30.0,4.95,1.99,4.97,0.16,0.0,0.0,1027.0,8228.0,0.0,0.0,0.0,0.0,0.0,1.0,0.0,0.0,0.0,0.0,0.0,-0.4,0.0,0.5,0.0,0.0,16.0,25903.0
2026-07-30T19:02:14.312Z,303.795,303.81,0.0,7.4,0.0,0.0,0.0,0.0,0.0,0.0,0.0,0.0,1.0,0.0,0.0,0.0,9.0,4.0,0.0,0.0,0.0,0.0,0.0,0.0,0.0,0.0,2.0,12.0,1.0,12.18,5.01,2.5,1.49,0.0,0.0,0.0,133.0,0.0,-0.1,0.6000000000000001,-1.2000000000000002,-169.70000000000002,0.0,0.0,169.8,0.0,21.4,29.1,29.1,30.0,300.0,300.0,31.4,35.7,29.0,28.200000000000003,30.0,4.95,1.99,4.97,0.16,0.0,0.0,1027.0,8228.0,0.0,0.0,0.0,0.0,0.0,1.0,0.0,0.0,0.0,0.0,0.0,-0.1,0.0,1.2000000000000002,0.0,0.0,16.0,25903.0
2026-07-30T19:02:14.324Z,303.807,303.822,0.0,7.4,0.0,0.0,0.0,0.0,0.0,0.0,0.0,0.0,1.0,0.0,0.0,0.0,9.0,4.0,0.0,0.0,0.0,0.0,0.0,0.0,0.0,0.0,4.0,12.0,1.0,12.18,5.01,2.5,1.49,0.0,0.0,0.0,133.20000000000002,0.0,-0.1,-0.5,-1.7000000000000002,-169.70000000000002,0.0,0.0,169.8,0.0,21.4,29.1,29.1,30.0,300.0,300.0,31.4,35.7,29.0,28.200000000000003,30.0,4.96,1.99,4.96,0.16,0.0,0.0,1027.0,8228.0,0.0,0.0,0.0,0.0,0.0,1.0,0.0,0.0,0.0,0.0,0.0,-1.9,0.0,1.4,0.0,0.0,16.0,25903.0
2026-07-30T19:02:14.336Z,303.819,303.834,0.0,7.4,0.0,0.0,0.0,0.0,0.0,0.0,0.0,0.0,1.0,0.0,0.0,0.0,9.0,4.0,0.0,0.0,0.0,0.0,0.0,0.0,0.0,0.0,5.0,12.0,1.0,12.18,5.01,2.5,1.49,0.0,0.0,0.0,133.3,0.0,-0.1,0.6000000000000001,0.5,-169.70000000000002,0.0,0.0,169.8,0.0,21.4,29.1,29.1,30.0,300.0,300.0,31.4,35.7,29.0,28.200000000000003,30.0,4.96,1.99,4.97,0.16,0.0,0.0,1027.0,8228.0,0.0,0.0,0.0,0.0,0.0,1.0,0.0,0.0,0.0,0.0,0.0,1.1,0.0,-0.3,0.0,0.0,16.0,25903.0
2026-07-30T19:02:14.349Z,303.832,303.846,0.0,7.4,0.0,0.0,0.0,0.0,0.0,0.0,0.0,0.0,1.0,0.0,0.0,0.0,9.0,4.0,0.0,0.0,0.0,0.0,0.0,0.0,0.0,0.0,6.0,12.0,1.0,12.18,5.01,2.51,1.49,0.0,0.0,0.0,133.5,0.0,-0.2,0.0,0.0,-169.70000000000002,0.0,0.0,169.70000000000002,0.0,21.3,29.1,29.1,30.0,300.0,300.0,31.6,35.7,29.0,28.200000000000003,30.0,4.95,1.99,4.97,0.16,0.0,0.0,1027.0,8228.0,0.0,0.0,0.0,0.0,0.0,1.0,0.0,0.0,0.0,0.0,0.0,0.0,0.0,0.0,0.0,0.0,16.0,25903.0
2026-07-30T19:02:14.360Z,303.843,303.858,0.0,7.4,0.0,0.0,0.0,0.0,0.0,0.0,0.0,0.0,1.0,0.0,0.0,0.0,9.0,4.0,0.0,0.0,0.0,0.0,0.0,0.0,0.0,0.0,1.0,12.0,1.0,12.18,5.01,2.51,1.49,0.0,0.0,0.0,133.6,0.0,0.3,0.5,1.1,-169.70000000000002,0.0,0.0,169.70000000000002,0.0,21.3,29.1,29.1,30.0,300.0,300.0,31.6,35.7,29.0,28.200000000000003,30.0,4.96,1.99,4.96,0.16,0.0,0.0,1027.0,8228.0,0.0,0.0,0.0,0.0,0.0,1.0,0.0,0.0,0.0,0.0,0.0,1.5,0.0,-0.9,0.0,0.0,16.0,25903.0
2026-07-30T19:02:14.372Z,303.855,303.87,0.0,7.4,0.0,0.0,0.0,0.0,0.0,0.0,0.0,0.0,1.0,0.0,0.0,0.0,9.0,4.0,0.0,0.0,0.0,0.0,0.0,0.0,0.0,0.0,2.0,12.0,1.0,12.18,5.01,2.51,1.49,0.0,0.0,0.0,133.9,0.0,-0.1,-1.1,-1.1,-169.70000000000002,0.0,0.0,169.8,0.0,21.3,29.1,29.1,30.0,300.0,300.0,31.6,35.7,29.0,28.200000000000003,30.0,4.96,1.99,4.97,0.16,0.0,0.0,1027.0,8228.0,0.0,0.0,0.0,0.0,0.0,1.0,0.0,0.0,0.0,0.0,0.0,-2.2,0.0,0.7000000000000001,0.0,0.0,16.0,25903.0
2026-07-30T19:02:14.384Z,303.867,303.882,0.0,7.4,0.0,0.0,0.0,0.0,0.0,0.0,0.0,0.0,1.0,0.0,0.0,0.0,9.0,4.0,0.0,0.0,0.0,0.0,0.0,0.0,0.0,0.0,3.0,12.0,1.0,12.18,5.01,2.51,1.49,0.0,0.0,0.0,134.1,0.0,0.4,0.0,-0.5,-169.70000000000002,0.0,0.0,169.8,0.0,21.3,29.1,29.1,30.0,300.0,300.0,31.6,35.7,29.0,28.200000000000003,30.0,4.96,1.99,4.97,0.17,0.0,0.0,1027.0,8228.0,0.0,0.0,0.0,0.0,0.0,1.0,0.0,0.0,0.0,0.0,0.0,-0.3,0.0,0.4,0.0,0.0,16.0,25903.0
2026-07-30T19:02:14.396Z,303.879,303.894,0.0,7.4,0.0,0.0,0.0,0.0,0.0,0.0,0.0,0.0,1.0,0.0,0.0,0.0,9.0,4.0,0.0,0.0,0.0,0.0,0.0,0.0,0.0,0.0,4.0,12.0,1.0,12.18,5.01,2.51,1.49,0.0,0.0,0.0,134.20000000000002,0.0,0.4,0.0,0.5,-169.70000000000002,0.0,0.0,169.8,0.0,21.3,29.1,29.1,30.0,300.0,300.0,31.6,35.7,29.0,28.200000000000003,30.0,4.96,2.0,4.97,0.16,0.0,0.0,1027.0,8228.0,0.0,0.0,0.0,0.0,0.0,1.0,0.0,0.0,0.0,0.0,0.0,0.3,0.0,-0.5,0.0,0.0,16.0,25903.0
2026-07-30T19:02:14.408Z,303.891,303.906,0.0,7.4,0.0,0.0,0.0,0.0,0.0,0.0,0.0,0.0,1.0,0.0,0.0,0.0,9.0,4.0,0.0,0.0,0.0,0.0,0.0,0.0,0.0,0.0,5.0,12.0,1.0,12.18,5.01,2.51,1.49,0.0,0.0,0.0,134.4,0.0,0.4,0.5,2.3000000000000003,-169.70000000000002,0.0,0.0,169.70000000000002,0.0,21.3,29.1,29.1,30.0,300.0,300.0,31.6,35.7,29.0,28.200000000000003,30.0,4.96,2.0,4.96,0.16,0.0,0.0,1027.0,8228.0,0.0,0.0,0.0,0.0,0.0,1.0,0.0,0.0,0.0,0.0,0.0,2.3000000000000003,0.0,-1.9,0.0,0.0,16.0,25903.0
2026-07-30T19:02:14.420Z,303.903,303.918,0.0,7.4,0.0,0.0,0.0,0.0,0.0,0.0,0.0,0.0,1.0,0.0,0.0,0.0,9.0,4.0,0.0,0.0,0.0,0.0,0.0,0.0,0.0,0.0,6.0,12.0,1.0,12.18,5.01,2.51,1.49,0.0,0.0,0.0,134.6,0.0,-0.1,0.0,1.1,-169.70000000000002,0.0,0.0,169.60000000000002,0.0,21.3,29.1,29.1,30.0,300.0,300.0,31.6,35.7,29.0,28.200000000000003,30.0,4.95,1.99,4.97,0.16,0.0,0.0,1027.0,8228.0,0.0,0.0,0.0,0.0,0.0,1.0,0.0,0.0,0.0,0.0,0.0,0.8,0.0,-1.0,0.0,0.0001,16.0,25903.0
2026-07-30T19:02:14.432Z,303.915,303.93,0.0,7.4,0.0,0.0,0.0,0.0,0.0,0.0,0.0,0.0,1.0,0.0,0.0,0.0,9.0,4.0,0.0,0.0,0.0,0.0,0.0,0.0,0.0,0.0,1.0,12.0,1.0,12.18,5.01,2.51,1.49,0.0,0.0,0.0,134.8,0.0,0.4,0.0,-0.5,-169.70000000000002,0.0,0.0,169.70000000000002,0.0,21.3,29.1,29.1,30.0,300.0,300.0,31.6,35.7,29.0,28.200000000000003,30.0,4.95,1.99,4.96,0.16,0.0,0.0,1027.0,8228.0,0.0,0.0,0.0,0.0,0.0,1.0,0.0,0.0,0.0,0.0,0.0,-0.5,0.0,0.5,0.0,0.0001,16.0,25903.0
2026-07-30T19:02:14.444Z,303.927,303.942,0.0,7.4,0.0,0.0,0.0,0.0,0.0,0.0,0.0,0.0,1.0,0.0,0.0,0.0,9.0,4.0,0.0,0.0,0.0,0.0,0.0,0.0,0.0,0.0,2.0,12.0,1.0,12.18,5.01,2.51,1.49,0.0,0.0,0.0,134.9,0.0,0.4,-0.6000000000000001,0.0,-169.70000000000002,0.0,0.0,169.70000000000002,0.0,21.3,29.1,29.1,30.0,300.0,300.0,31.6,35.7,29.0,28.200000000000003,30.0,4.96,2.0,4.96,0.16,0.0,0.0,1027.0,8228.0,0.0,0.0,0.0,0.0,0.0,1.0,0.0,0.0,0.0,0.0,0.0,-0.7000000000000001,0.0,-0.1,0.0,0.0,16.0,25903.0
2026-07-30T19:02:14.456Z,303.939,303.954,0.0,7.4,0.0,0.0,0.0,0.0,0.0,0.0,0.0,0.0,1.0,0.0,0.0,0.0,9.0,4.0,0.0,0.0,0.0,0.0,0.0,0.0,0.0,0.0,3.0,12.0,1.0,12.18,5.0200000000000005,2.51,1.49,0.0,0.0,0.0,135.1,0.0,-0.1,-0.6000000000000001,1.7000000000000002,-169.70000000000002,0.0,0.0,169.60000000000002,0.0,21.8,29.1,29.1,30.0,300.0,300.0,31.5,35.7,29.0,28.200000000000003,30.0,4.95,2.0,4.96,0.16,0.0,0.0,1027.0,8228.0,0.0,0.0,0.0,0.0,0.0,1.0,0.0,0.0,0.0,0.0,0.0,0.5,0.0,-1.7000000000000002,0.0,0.0,16.0,25903.0
2026-07-30T19:02:14.468Z,303.951,303.966,0.0,7.4,0.0,0.0,0.0,0.0,0.0,0.0,0.0,0.0,1.0,0.0,0.0,0.0,9.0,4.0,0.0,0.0,0.0,0.0,0.0,0.0,0.0,0.0,4.0,12.0,1.0,12.18,5.0200000000000005,2.51,1.49,0.0,0.1,0.0,135.20000000000002,0.0,-0.1,-1.2000000000000002,-0.5,-169.70000000000002,0.0,0.0,169.60000000000002,0.0,21.8,29.1,29.1,30.0,300.0,300.0,31.5,35.7,29.0,28.200000000000003,30.0,4.95,1.99,4.97,0.16,0.0,0.0,1027.0,8228.0,0.0,0.0,0.0,0.0,0.0,1.0,0.0,0.0,0.0,0.0,0.0,-1.8,0.0,0.2,0.0,0.0001,16.0,25903.0
2026-07-30T19:02:14.480Z,303.963,303.978,0.0,7.4,0.0,0.0,0.0,0.0,0.0,0.0,0.0,0.0,1.0,0.0,0.0,0.0,9.0,4.0,0.0,0.0,0.0,0.0,0.0,0.0,0.0,0.0,5.0,12.0,1.0,12.18,5.0200000000000005,2.51,1.49,0.0,0.0,0.0,135.0,0.0,0.4,1.1,0.6000000000000001,-169.70000000000002,0.0,0.0,169.70000000000002,0.0,21.8,29.1,29.1,30.0,300.0,300.0,31.5,35.7,29.0,28.200000000000003,30.0,4.95,2.0,4.96,0.16,0.0,0.0,1027.0,8228.0,0.0,0.0,0.0,0.0,0.0,1.0,0.0,0.0,0.0,0.0,0.0,0.6000000000000001,0.0,0.0,0.0,0.0,16.0,25903.0
2026-07-30T19:02:14.492Z,303.975,303.99,0.0,7.4,0.0,0.0,0.0,0.0,0.0,0.0,0.0,0.0,1.0,0.0,0.0,0.0,9.0,4.0,0.0,0.0,0.0,0.0,0.0,0.0,0.0,0.0,6.0,12.0,1.0,12.18,5.0200000000000005,2.51,1.49,0.0,0.0,0.0,134.9,0.0,-0.1,0.0,0.0,-169.70000000000002,0.0,0.0,169.70000000000002,0.0,21.8,29.1,29.1,30.0,300.0,300.0,31.5,35.7,29.0,28.200000000000003,30.0,4.96,1.99,4.96,0.16,0.0,0.0,1027.0,8228.0,0.0,0.0,0.0,0.0,0.0,1.0,0.0,0.0,0.0,0.0,0.0,0.0,0.0,0.0,0.0,0.0,16.0,25903.0
2026-07-30T19:02:14.505Z,303.988,304.002,0.0,7.4,0.0,0.0,0.0,0.0,0.0,0.0,0.0,0.0,1.0,0.0,0.0,0.0,9.0,4.0,0.0,0.0,0.0,0.0,0.0,0.0,0.0,0.0,2.0,12.0,1.0,12.18,5.0200000000000005,2.51,1.49,0.0,0.0,0.0,134.8,0.0,-0.1,-0.6000000000000001,-0.5,-169.70000000000002,0.0,0.0,169.60000000000002,0.0,21.8,29.1,29.1,30.0,300.0,300.0,31.5,35.7,29.0,28.200000000000003,30.0,4.95,1.99,4.96,0.16,0.0,0.0,1027.0,8228.0,0.0,0.0,0.0,0.0,0.0,1.0,0.0,0.0,0.0,0.0,0.0,-1.1,0.0,0.3,0.0,0.0,16.0,25903.0
2026-07-30T19:02:14.516Z,303.999,304.014,-0.1,7.4,0.0,0.0,0.0,0.0,0.0,0.0,0.0,0.0,1.0,0.0,0.0,0.0,9.0,4.0,0.0,0.0,0.0,0.0,0.0,0.0,0.0,0.0,3.0,12.0,1.0,12.18,5.0200000000000005,2.51,1.49,-0.1,0.0,0.0,134.70000000000002,0.0,-0.1,-1.1,0.0,-169.70000000000002,0.0,0.0,169.70000000000002,0.0,21.8,29.1,29.1,30.0,300.0,300.0,31.5,35.7,29.0,28.200000000000003,30.0,4.96,1.99,4.96,0.16,0.0,0.0,1027.0,8228.0,0.0,0.0,0.0,0.0,0.0,1.0,0.0,0.0,0.0,0.0,0.0,-0.6000000000000001,0.0,-0.1,0.0,0.0,16.0,25903.0
2026-07-30T19:02:14.528Z,304.011,304.026,0.0,7.4,0.0,0.0,0.0,0.0,0.0,0.0,0.0,0.0,1.0,0.0,0.0,0.0,9.0,4.0,0.0,0.0,0.0,0.0,0.0,0.0,0.0,0.0,4.0,12.0,1.0,12.18,5.0200000000000005,2.51,1.49,0.0,0.0,0.0,134.6,0.0,-0.1,0.0,0.6000000000000001,-169.70000000000002,0.0,0.0,169.70000000000002,0.0,21.8,29.1,29.1,30.0,300.0,300.0,31.5,35.7,29.0,28.200000000000003,30.0,4.96,1.99,4.96,0.16,0.0,0.0,1027.0,8228.0,0.0,0.0,0.0,0.0,0.0,1.0,0.0,0.0,0.0,0.0,0.0,1.6,0.0,-0.9,0.0,0.0001,16.0,25903.0
2026-07-30T19:02:14.540Z,304.023,304.038,0.0,7.4,0.0,0.0,0.0,0.0,0.0,0.0,0.0,0.0,1.0,0.0,0.0,0.0,9.0,4.0,0.0,0.0,0.0,0.0,0.0,0.0,0.0,0.0,5.0,12.0,1.0,12.18,5.0200000000000005,2.51,1.49,0.0,0.1,0.0,134.5,0.0,1.0,0.0,1.8,-169.70000000000002,0.0,0.0,169.8,0.0,21.8,29.1,29.1,30.0,300.0,300.0,31.5,35.7,29.0,28.200000000000003,30.0,4.96,1.99,4.96,0.16,0.0,0.0,1027.0,8228.0,0.0,0.0,0.0,0.0,0.0,1.0,0.0,0.0,0.0,0.0,0.0,-0.5,0.0,-0.1,0.0,0.0,16.0,25903.0
2026-07-30T19:02:14.553Z,304.036,304.05,0.0,7.4,0.0,0.0,0.0,0.0,0.0,0.0,0.0,0.0,1.0,0.0,0.0,0.0,9.0,4.0,0.0,0.0,0.0,0.0,0.0,0.0,0.0,0.0,6.0,12.0,1.0,12.17,5.0200000000000005,2.51,1.5,0.0,0.1,0.0,134.4,0.0,0.4,0.0,1.2000000000000002,-169.70000000000002,0.0,0.0,169.8,0.0,21.3,29.1,29.1,30.0,300.0,300.0,31.6,35.7,29.0,28.200000000000003,30.1,4.95,1.99,4.97,0.16,0.0,0.0,1027.0,8228.0,0.0,0.0,0.0,0.0,0.0,1.0,0.0,0.0,0.0,0.0,0.0,0.9,0.0,-1.0,0.0,0.0001,16.0,25903.0
2026-07-30T19:02:14.564Z,304.047,304.062,0.0,7.4,0.0,0.0,0.0,0.0,0.0,0.0,0.0,0.0,1.0,0.0,0.0,0.0,9.0,4.0,0.0,0.0,0.0,0.0,0.0,0.0,0.0,0.0,1.0,12.0,1.0,12.17,5.0200000000000005,2.51,1.5,0.0,0.0,0.0,134.3,0.0,0.9,0.0,-0.5,-169.70000000000002,0.0,0.0,169.8,0.0,21.3,29.1,29.1,30.0,300.0,300.0,31.6,35.7,29.0,28.200000000000003,30.1,4.96,1.98,4.96,0.16,0.0,0.0,1027.0,8228.0,0.0,0.0,0.0,0.0,0.0,1.0,0.0,0.0,0.0,0.0,0.0,-0.3,0.0,0.4,0.0,0.0,16.0,25903.0
2026-07-30T19:02:14.576Z,304.059,304.074,0.0,7.4,0.0,0.0,0.0,0.0,0.0,0.0,0.0,0.0,1.0,0.0,0.0,0.0,9.0,4.0,0.0,0.0,0.0,0.0,0.0,0.0,0.0,0.0,3.0,12.0,1.0,12.17,5.0200000000000005,2.51,1.5,0.0,0.0,0.0,134.20000000000002,0.0,1.5,0.0,0.0,-169.70000000000002,0.0,0.0,169.8,0.0,21.3,29.1,29.1,30.0,300.0,300.0,31.6,35.7,29.0,28.200000000000003,30.1,4.96,1.99,4.97,0.16,0.0,0.0,1027.0,8228.0,0.0,0.0,0.0,0.0,0.0,1.0,0.0,0.0,0.0,0.0,0.0,0.1,0.0,0.0,0.0,0.0,16.0,25903.0
2026-07-30T19:02:14.589Z,304.072,304.086,-0.1,7.4,0.0,0.0,0.0,0.0,0.0,0.0,0.0,0.0,1.0,0.0,0.0,0.0,9.0,4.0,0.0,0.0,0.0,0.0,0.0,0.0,0.0,0.0,3.0,12.0,1.0,12.17,5.0200000000000005,2.51,1.5,0.0,0.0,0.0,134.1,0.0,1.0,0.6000000000000001,2.4000000000000004,-169.70000000000002,0.0,0.0,169.8,0.0,21.3,29.1,29.1,30.0,300.0,300.0,31.6,35.7,29.0,28.200000000000003,30.1,4.95,1.99,4.97,0.16,0.0,0.0,1027.0,8228.0,0.0,0.0,0.0,0.0,0.0,1.0,0.0,0.0,0.0,0.0,0.0,2.5,0.0,-2.0,0.0,0.0,16.0,25903.0
2026-07-30T19:02:14.600Z,304.083,304.098,-0.1,7.4,0.0,0.0,0.0,0.0,0.0,0.0,0.0,0.0,1.0,0.0,0.0,0.0,9.0,4.0,0.0,0.0,0.0,0.0,0.0,0.0,0.0,0.0,4.0,12.0,1.0,12.17,5.0200000000000005,2.51,1.5,0.0,0.0,0.0,134.0,0.0,-0.1,0.0,-1.1,-169.70000000000002,0.0,0.0,169.8,0.0,21.3,29.1,29.1,30.0,300.0,300.0,31.6,35.7,29.0,28.200000000000003,30.1,4.96,1.99,4.96,0.16,0.0,0.0,1027.0,8228.0,0.0,0.0,0.0,0.0,0.0,1.0,0.0,0.0,0.0,0.0,0.0,-0.7000000000000001,0.0,0.9,0.0,0.0,16.0,25903.0
2026-07-30T19:02:14.613Z,304.096,304.11,-0.1,7.4,0.0,0.0,0.0,0.0,0.0,0.0,0.0,0.0,1.0,0.0,0.0,0.0,9.0,4.0,0.0,0.0,0.0,0.0,0.0,0.0,0.0,0.0,5.0,12.0,1.0,12.17,5.0200000000000005,2.51,1.5,0.0,0.0,0.0,133.8,0.0,1.0,-0.4,1.8,-169.70000000000002,0.0,0.0,169.8,0.0,21.3,29.1,29.1,30.0,300.0,300.0,31.6,35.7,29.0,28.200000000000003,30.1,4.95,1.99,4.96,0.16,0.0,0.0,1027.0,8228.0,0.0,0.0,0.0,0.0,0.0,1.0,0.0,0.0,0.0,0.0,0.0,0.8,0.0,-1.7000000000000002,0.0,0.0,16.0,25903.0
2026-07-30T19:02:14.624Z,304.107,304.122,-0.1,7.4,0.0,0.0,0.0,0.0,0.0,0.0,0.0,0.0,1.0,0.0,0.0,0.0,9.0,4.0,0.0,0.0,0.0,0.0,0.0,0.0,0.0,0.0,1.0,12.0,1.0,12.17,5.0200000000000005,2.51,1.5,0.0,0.0,0.0,133.8,0.0,0.4,1.2000000000000002,-0.5,-169.70000000000002,0.0,0.0,169.8,0.0,21.3,29.1,29.1,30.0,300.0,300.0,31.6,35.7,29.0,28.200000000000003,30.1,4.95,1.99,4.97,0.17,0.0,0.0,1027.0,8228.0,0.0,0.0,0.0,0.0,0.0,1.0,0.0,0.0,0.0,0.0,0.0,0.9,0.0,0.6000000000000001,0.0,0.0,16.0,25903.0
2026-07-30T19:02:14.636Z,304.119,304.134,-0.1,7.4,0.0,0.0,0.0,0.0,0.0,0.0,0.0,0.0,1.0,0.0,0.0,0.0,9.0,4.0,0.0,0.0,0.0,0.0,0.0,0.0,0.0,0.0,2.0,12.0,1.0,12.17,5.0200000000000005,2.51,1.5,0.0,0.0,0.0,133.6,0.0,1.5,1.1,0.6000000000000001,-169.70000000000002,0.0,0.0,169.8,0.0,21.3,29.1,29.1,30.0,300.0,300.0,31.6,35.7,29.0,28.200000000000003,30.1,4.95,1.99,4.97,0.16,0.0,0.0,1027.0,8228.0,0.0,0.0,0.0,0.0,0.0,1.0,0.0,0.0,0.0,0.0,0.0,1.8,0.0,-0.3,0.0,0.0,16.0,25903.0
2026-07-30T19:02:14.649Z,304.132,304.146,-0.1,7.4,0.0,0.0,0.0,0.0,0.0,0.0,0.0,0.0,1.0,0.0,0.0,0.0,9.0,4.0,0.0,0.0,0.0,0.0,0.0,0.0,0.0,0.0,2.0,12.0,1.0,12.17,5.0200000000000005,2.51,1.5,0.0,0.0,0.0,133.6,0.0,0.3,0.5,0.0,-169.70000000000002,0.0,0.0,169.8,0.0,21.3,29.1,29.1,30.0,300.0,300.0,31.6,35.7,29.0,28.200000000000003,30.1,4.96,1.99,4.96,0.15,0.0,0.0,1027.0,8228.0,0.0,0.0,0.0,0.0,0.0,1.0,0.0,0.0,0.0,0.0,0.0,0.7000000000000001,0.0,0.0,0.0,0.0,16.0,25903.0
2026-07-30T19:02:14.661Z,304.144,304.158,-0.1,7.4,0.0,0.0,0.0,0.0,0.0,0.0,0.0,0.0,1.0,0.0,0.0,0.0,9.0,4.0,0.0,0.0,0.0,0.0,0.0,0.0,0.0,0.0,3.0,12.0,1.0,12.15,5.0200000000000005,2.51,1.49,0.0,0.0,0.0,133.4,0.0,-0.2,0.0,1.2000000000000002,-169.70000000000002,0.0,0.0,169.8,0.0,21.4,29.1,29.1,30.1,300.0,300.0,31.6,35.7,29.0,28.200000000000003,30.1,4.95,1.99,4.97,0.15,0.0,0.0,1027.0,8228.0,0.0,0.0,0.0,0.0,0.0,1.0,0.0,0.0,0.0,0.0,0.0,1.0,0.0,-1.1,0.0,0.0,16.0,25903.0
2026-07-30T19:02:14.672Z,304.155,304.17,-0.1,7.4,0.0,0.0,0.0,0.0,0.0,0.0,0.0,0.0,1.0,0.0,0.0,0.0,9.0,4.0,0.0,0.0,0.0,0.0,0.0,0.0,0.0,0.0,5.0,12.0,1.0,12.15,5.0200000000000005,2.51,1.49,0.0,0.1,0.0,133.3,0.0,0.4,-0.5,1.2000000000000002,-169.70000000000002,0.0,0.0,169.70000000000002,0.0,21.4,29.1,29.1,30.1,300.0,300.0,31.6,35.7,29.0,28.200000000000003,30.1,4.95,1.99,4.97,0.16,0.0,0.0,1027.0,8228.0,0.0,0.0,0.0,0.0,0.0,1.0,0.0,0.0,0.0,0.0,0.0,0.3,0.0,-1.2000000000000002,0.0,0.0,16.0,25903.0
2026-07-30T19:02:14.684Z,304.167,304.182,-0.1,7.4,0.0,0.0,0.0,0.0,0.0,0.0,0.0,0.0,1.0,0.0,0.0,0.0,9.0,4.0,0.0,0.0,0.0,0.0,0.0,0.0,0.0,0.0,6.0,12.0,1.0,12.15,5.0200000000000005,2.51,1.49,0.0,0.0,0.0,133.20000000000002,0.0,0.4,0.0,-0.4,-169.70000000000002,0.0,0.0,169.8,0.0,21.4,29.1,29.1,30.1,300.0,300.0,31.6,35.7,29.0,28.200000000000003,30.1,4.96,1.99,4.97,0.16,0.0,0.0,1027.0,8228.0,0.0,0.0,0.0,0.0,0.0,1.0,0.0,0.0,0.0,0.0,0.0,-0.2,0.0,0.4,0.0,0.0,16.0,25903.0
2026-07-30T19:02:14.696Z,304.179,304.194,-0.1,7.4,0.0,0.0,0.0,0.0,0.0,0.0,0.0,0.0,1.0,0.0,0.0,0.0,9.0,4.0,0.0,0.0,0.0,0.0,0.0,0.0,0.0,0.0,1.0,12.0,1.0,12.15,5.0200000000000005,2.51,1.49,0.0,0.1,0.0,133.1,0.0,0.4,0.0,0.0,-169.70000000000002,0.0,0.0,169.8,0.0,21.4,29.1,29.1,30.1,300.0,300.0,31.6,35.7,29.0,28.200000000000003,30.1,4.95,1.99,4.96,0.16,0.0,0.0,1027.0,8228.0,0.0,0.0,0.0,0.0,0.0,1.0,0.0,0.0,0.0,0.0,0.0,0.0,0.0,0.0,0.0,0.0,16.0,25903.0
2026-07-30T19:02:14.708Z,304.191,304.206,-0.1,7.4,0.0,0.0,0.0,0.0,0.0,0.0,0.0,0.0,1.0,0.0,0.0,0.0,9.0,4.0,0.0,0.0,0.0,0.0,0.0,0.0,0.0,0.0,2.0,12.0,1.0,12.15,5.0200000000000005,2.51,1.49,0.0,0.0,0.0,133.0,0.0,0.4,-0.5,1.2000000000000002,-169.70000000000002,0.0,0.0,169.8,0.0,21.4,29.1,29.1,30.1,300.0,300.0,31.6,35.7,29.0,28.200000000000003,30.1,4.95,1.99,4.97,0.16,0.0,0.0,1027.0,8228.0,0.0,0.0,0.0,0.0,0.0,1.0,0.0,0.0,0.0,0.0,0.0,0.2,0.0,-1.2000000000000002,0.0,0.0,16.0,25903.0
2026-07-30T19:02:14.720Z,304.203,304.218,-0.1,7.4,0.0,0.0,0.0,0.0,0.0,0.0,0.0,0.0,1.0,0.0,0.0,0.0,9.0,4.0,0.0,0.0,0.0,0.0,0.0,0.0,0.0,0.0,3.0,12.0,1.0,12.15,5.0200000000000005,2.51,1.49,0.0,0.0,0.0,132.9,0.0,-0.1,-0.6000000000000001,-1.0,-169.70000000000002,0.0,0.0,169.8,0.0,21.4,29.1,29.1,30.1,300.0,300.0,31.6,35.7,29.0,28.200000000000003,30.1,4.95,1.99,4.96,0.16,0.0,0.0,1027.0,8228.0,0.0,0.0,0.0,0.0,0.0,1.0,0.0,0.0,0.0,0.0,0.0,-1.4,0.0,0.8,0.0,0.0,16.0,25903.0
2026-07-30T19:02:14.732Z,304.215,304.23,-0.1,7.4,0.0,0.0,0.0,0.0,0.0,0.0,0.0,0.0,1.0,0.0,0.0,0.0,9.0,4.0,0.0,0.0,0.0,0.0,0.0,0.0,0.0,0.0,4.0,12.0,1.0,12.15,5.0200000000000005,2.51,1.49,0.0,0.0,0.0,132.8,0.0,-0.8,1.1,0.6000000000000001,-169.70000000000002,0.0,0.0,169.8,0.0,21.4,29.1,29.1,30.1,300.0,300.0,31.6,35.7,29.0,28.200000000000003,30.1,4.96,1.99,4.96,0.16,0.0,0.0,1027.0,8228.0,0.0,0.0,0.0,0.0,0.0,1.0,0.0,0.0,0.0,0.0,0.0,1.7000000000000002,0.0,-0.3,0.0,0.0,16.0,25903.0
2026-07-30T19:02:14.744Z,304.227,304.242,-0.1,7.4,0.0,0.0,0.0,0.0,0.0,0.0,0.0,0.0,1.0,0.0,0.0,0.0,9.0,4.0,0.0,0.0,0.0,0.0,0.0,0.0,0.0,0.0,5.0,12.0,1.0,12.15,5.0200000000000005,2.51,1.49,0.0,0.0,0.0,132.70000000000002,0.0,0.3,-0.5,-0.4,-169.70000000000002,0.0,0.0,169.8,0.0,21.4,29.1,29.1,30.1,300.0,300.0,31.6,35.7,29.0,28.200000000000003,30.1,4.95,1.99,4.97,0.16,0.0,0.0,1027.0,8228.0,0.0,0.0,0.0,0.0,0.0,1.0,0.0,0.0,0.0,0.0,0.0,-0.9,0.0,0.2,0.0,0.0,16.0,25903.0
2026-07-30T19:02:14.757Z,304.24,304.254,-0.1,7.4,0.0,0.0,0.0,0.0,0.0,0.0,0.0,0.0,1.0,0.0,0.0,0.0,9.0,4.0,0.0,0.0,0.0,0.0,0.0,0.0,0.0,0.0,6.0,12.0,1.0,12.2,5.0200000000000005,2.51,1.49,0.0,0.0,0.0,132.6,0.0,-0.2,-0.5,0.5,-169.70000000000002,0.0,0.0,169.70000000000002,0.0,21.4,29.1,29.1,30.0,300.0,300.0,31.6,35.800000000000004,29.0,28.200000000000003,30.1,4.96,1.99,4.96,0.16,0.0,0.0,1027.0,8228.0,0.0,0.0,0.0,0.0,0.0,1.0,0.0,0.0,0.0,0.0,0.0,-0.2,0.0,-0.6000000000000001,0.0,0.0,16.0,25903.0
2026-07-30T19:02:14.768Z,304.251,304.266,-0.1,7.4,0.0,0.0,0.0,0.0,0.0,0.0,0.0,0.0,1.0,0.0,0.0,0.0,9.0,4.0,0.0,0.0,0.0,0.0,0.0,0.0,0.0,0.0,1.0,12.0,1.0,12.2,5.0200000000000005,2.51,1.49,0.0,0.1,0.0,132.5,0.0,-0.2,1.1,0.0,-169.70000000000002,0.0,0.0,169.8,0.0,21.4,29.1,29.1,30.0,300.0,300.0,31.6,35.800000000000004,29.0,28.200000000000003,30.1,4.96,2.0,4.96,0.16,0.0,0.0,1027.0,8228.0,0.0,0.0,0.0,0.0,0.0,1.0,0.0,0.0,0.0,0.0,0.0,1.3,0.0,0.2,0.0,0.0,16.0,25903.0
2026-07-30T19:02:14.780Z,304.263,304.278,-0.1,7.4,0.0,0.0,0.0,0.0,0.0,0.0,0.0,0.0,1.0,0.0,0.0,0.0,9.0,4.0,0.0,0.0,0.0,0.0,0.0,0.0,0.0,0.0,2.0,12.0,1.0,12.2,5.0200000000000005,2.51,1.49,0.0,0.1,0.0,132.3,0.0,-0.2,-0.6000000000000001,0.0,-169.70000000000002,0.0,0.0,169.8,0.0,21.4,29.1,29.1,30.0,300.0,300.0,31.6,35.800000000000004,29.0,28.200000000000003,30.1,4.96,1.99,4.96,0.16,0.0,0.0,1027.0,8228.0,0.0,0.0,0.0,0.0,0.0,1.0,0.0,0.0,0.0,0.0,0.0,-0.6000000000000001,0.0,-0.1,0.0,0.0,16.0,25903.0
2026-07-30T19:02:14.792Z,304.275,304.29,-0.1,7.4,0.0,0.0,0.0,0.0,0.0,0.0,0.0,0.0,1.0,0.0,0.0,0.0,9.0,4.0,0.0,0.0,0.0,0.0,0.0,0.0,0.0,0.0,3.0,12.0,1.0,12.2,5.0200000000000005,2.51,1.49,0.0,0.0,0.0,132.20000000000002,0.0,0.3,-0.5,0.5,-169.70000000000002,0.0,0.0,169.8,0.0,21.4,29.1,29.1,30.0,300.0,300.0,31.6,35.800000000000004,29.0,28.200000000000003,30.1,4.95,1.99,4.97,0.16,0.0,0.0,1027.0,8228.0,0.0,0.0,0.0,0.0,0.0,1.0,0.0,0.0,0.0,0.0,0.0,-0.2,0.0,-0.6000000000000001,0.0,0.0,16.0,25903.0
2026-07-30T19:02:14.804Z,304.287,304.302,-0.1,7.4,0.0,0.0,0.0,0.0,0.0,0.0,0.0,0.0,1.0,0.0,0.0,0.0,9.0,4.0,0.0,0.0,0.0,0.0,0.0,0.0,0.0,0.0,4.0,12.0,1.0,12.2,5.0200000000000005,2.51,1.49,0.0,0.0,0.0,132.1,0.0,0.9,-0.6000000000000001,-0.6000000000000001,-169.70000000000002,0.0,0.0,169.8,0.0,21.4,29.1,29.1,30.0,300.0,300.0,31.6,35.800000000000004,29.0,28.200000000000003,30.1,4.96,1.99,4.96,0.16,0.0,0.0,1027.0,8228.0,0.0,0.0,0.0,0.0,0.0,1.0,0.0,0.0,0.0,0.0,0.0,-1.2000000000000002,0.0,0.4,0.0,0.0,16.0,25903.0
2026-07-30T19:02:14.816Z,304.299,304.314,-0.1,7.4,0.0,0.0,0.0,0.0,0.0,0.0,0.0,0.0,1.0,0.0,0.0,0.0,9.0,4.0,0.0,0.0,0.0,0.0,0.0,0.0,0.0,0.0,5.0,12.0,1.0,12.2,5.0200000000000005,2.51,1.49,0.0,0.0,0.0,132.1,0.0,0.9,-0.6000000000000001,-0.6000000000000001,-169.70000000000002,0.0,0.0,169.8,0.0,21.4,29.1,29.1,30.0,300.0,300.0,31.6,35.800000000000004,29.0,28.200000000000003,30.1,4.96,1.99,4.97,0.16,0.0,0.0,1027.0,8228.0,0.0,0.0,0.0,0.0,0.0,1.0,0.0,0.0,0.0,0.0,0.0,-1.2000000000000002,0.0,0.4,0.0,0.0,16.0,25903.0
2026-07-30T19:02:14.828Z,304.311,304.326,0.0,7.4,0.0,0.0,0.0,0.0,0.0,0.0,0.0,0.0,1.0,0.0,0.0,0.0,9.0,4.0,0.0,0.0,0.0,0.0,0.0,0.0,0.0,0.0,6.0,12.0,1.0,12.2,5.0200000000000005,2.51,1.49,0.0,0.0,0.0,131.9,0.0,0.3,0.0,0.4,-169.70000000000002,0.0,0.0,169.8,0.0,21.4,29.1,29.1,30.0,300.0,300.0,31.6,35.800000000000004,29.0,28.200000000000003,30.1,4.95,2.0,4.97,0.16,0.0,0.0,1027.0,8228.0,0.0,0.0,0.0,0.0,0.0,1.0,0.0,0.0,0.0,0.0,0.0,0.3,0.0,-0.4,0.0,0.0,16.0,25903.0
2026-07-30T19:02:14.840Z,304.323,304.338,0.0,7.4,0.0,0.0,0.0,0.0,0.0,0.0,0.0,0.0,1.0,0.0,0.0,0.0,9.0,4.0,0.0,0.0,0.0,0.0,0.0,0.0,0.0,0.0,1.0,12.0,1.0,12.2,5.0200000000000005,2.51,1.49,0.0,0.0,0.0,131.8,0.0,0.9,-1.1,-0.7000000000000001,-169.70000000000002,0.0,0.0,169.8,0.0,21.4,29.1,29.1,30.0,300.0,300.0,31.6,35.800000000000004,29.0,28.200000000000003,30.1,4.96,2.0,4.97,0.16,0.0,0.0,1027.0,8228.0,0.0,0.0,0.0,0.0,0.0,1.0,0.0,0.0,0.0,0.0,0.0,-1.8,0.0,0.4,0.0,0.0,16.0,25903.0
2026-07-30T19:02:14.852Z,304.335,304.35,0.0,7.4,0.0,0.0,0.0,0.0,0.0,0.0,0.0,0.0,1.0,0.0,0.0,0.0,9.0,4.0,0.0,0.0,0.0,0.0,0.0,0.0,0.0,0.0,3.0,12.0,1.0,12.2,5.0200000000000005,2.51,1.49,0.0,0.0,0.0,131.70000000000002,0.0,0.3,0.6000000000000001,2.1,-169.70000000000002,0.0,0.0,169.8,0.0,21.4,29.1,29.1,30.0,300.0,300.0,31.6,35.800000000000004,29.0,28.200000000000003,30.1,4.95,1.99,4.96,0.16,0.0,0.0,1027.0,8228.0,0.0,0.0,0.0,0.0,0.0,1.0,0.0,0.0,0.0,0.0,0.0,2.3000000000000003,0.0,-1.7000000000000002,0.0,0.0,16.0,25903.0
2026-07-30T19:02:14.864Z,304.347,304.362,0.0,7.4,0.0,0.0,0.0,0.0,0.0,0.0,0.0,0.0,1.0,0.0,0.0,0.0,9.0,4.0,0.0,0.0,0.0,0.0,0.0,0.0,0.0,0.0,4.0,12.0,1.0,12.17,5.01,2.51,1.49,0.0,0.1,0.0,131.70000000000002,0.0,0.3,-1.1,-1.9,-169.70000000000002,0.0,0.0,169.70000000000002,0.0,21.4,29.1,29.1,30.0,300.0,300.0,31.6,35.800000000000004,28.9,28.200000000000003,30.0,4.95,1.99,4.97,0.16,0.0,0.0,1027.0,8228.0,0.0,0.0,0.0,0.0,0.0,1.0,0.0,0.0,0.0,0.0,0.0,-2.8000000000000003,0.0,1.4,0.0,0.0,16.0,25903.0
2026-07-30T19:02:14.876Z,304.359,304.374,0.0,7.4,0.0,0.0,0.0,0.0,0.0,0.0,0.0,0.0,1.0,0.0,0.0,0.0,9.0,4.0,0.0,0.0,0.0,0.0,0.0,0.0,0.0,0.0,5.0,12.0,1.0,12.17,5.01,2.51,1.49,0.0,0.0,0.0,131.5,0.0,-0.2,0.0,-0.8,-169.70000000000002,0.0,0.0,169.70000000000002,0.0,21.4,29.1,29.1,30.0,300.0,300.0,31.6,35.800000000000004,28.9,28.200000000000003,30.0,4.96,1.99,4.97,0.16,0.0,0.0,1027.0,8228.0,0.0,0.0,0.0,0.0,0.0,1.0,0.0,0.0,0.0,0.0,0.0,-0.6000000000000001,0.0,0.7000000000000001,0.0,0.0,16.0,25903.0
2026-07-30T19:02:14.888Z,304.371,304.386,0.0,7.4,0.0,0.0,0.0,0.0,0.0,0.0,0.0,0.0,1.0,0.0,0.0,0.0,9.0,4.0,0.0,0.0,0.0,0.0,0.0,0.0,0.0,0.0,6.0,12.0,1.0,12.17,5.01,2.51,1.49,0.0,0.0,0.0,131.4,0.0,0.3,0.0,0.2,-169.70000000000002,0.0,0.0,169.8,0.0,21.4,29.1,29.1,30.0,300.0,300.0,31.6,35.800000000000004,28.9,28.200000000000003,30.0,4.96,1.99,4.96,0.16,0.0,0.0,1027.0,8228.0,0.0,0.0,0.0,0.0,0.0,1.0,0.0,0.0,0.0,0.0,0.0,0.1,0.0,-0.2,0.0,0.0001,16.0,25903.0
2026-07-30T19:02:14.900Z,304.383,304.398,0.0,7.4,0.0,0.0,0.0,0.0,0.0,0.0,0.0,0.0,1.0,0.0,0.0,0.0,9.0,4.0,0.0,0.0,0.0,0.0,0.0,0.0,0.0,0.0,1.0,12.0,1.0,12.17,5.01,2.51,1.49,0.0,0.0,0.0,131.3,0.0,0.9,-1.7000000000000002,-0.2,-169.70000000000002,0.0,0.0,169.8,0.0,21.4,29.1,29.1,30.0,300.0,300.0,31.6,35.800000000000004,28.9,28.200000000000003,30.0,4.95,1.99,4.97,0.16,0.0,0.0,1027.0,8228.0,0.0,0.0,0.0,0.0,0.0,1.0,0.0,0.0,0.0,0.0,0.0,-2.1,0.0,-0.1,0.0,0.0001,16.0,25903.0
2026-07-30T19:02:14.912Z,304.395,304.41,0.0,7.4,0.0,0.0,0.0,0.0,0.0,0.0,0.0,0.0,1.0,0.0,0.0,0.0,9.0,4.0,0.0,0.0,0.0,0.0,0.0,0.0,0.0,0.0,2.0,12.0,1.0,12.17,5.01,2.51,1.49,0.0,0.0,0.0,131.4,0.0,-0.2,0.5,-0.2,-169.70000000000002,0.0,0.0,169.8,0.0,21.4,29.1,29.1,30.0,300.0,300.0,31.6,35.800000000000004,28.9,28.200000000000003,30.0,4.95,1.99,4.97,0.16,0.0,0.0,1027.0,8228.0,0.0,0.0,0.0,0.0,0.0,1.0,0.0,0.0,0.0,0.0,0.0,0.4,0.0,0.3,0.0,0.0,16.0,25903.0
2026-07-30T19:02:14.924Z,304.407,304.422,0.0,7.4,0.0,0.0,0.0,0.0,0.0,0.0,0.0,0.0,1.0,0.0,0.0,0.0,9.0,4.0,0.0,0.0,0.0,0.0,0.0,0.0,0.0,0.0,3.0,12.0,1.0,12.17,5.01,2.51,1.49,0.0,0.0,0.0,131.6,0.0,1.5,0.6000000000000001,1.5,-169.70000000000002,0.0,0.0,169.8,0.0,21.4,29.1,29.1,30.0,300.0,300.0,31.6,35.800000000000004,28.9,28.200000000000003,30.0,4.96,2.0,4.97,0.16,0.0,0.0,1027.0,8228.0,0.0,0.0,0.0,0.0,0.0,1.0,0.0,0.0,0.0,0.0,0.0,1.8,0.0,-1.2000000000000002,0.0,0.0,16.0,25903.0
2026-07-30T19:02:14.936Z,304.419,304.434,0.0,7.4,0.0,0.0,0.0,0.0,0.0,0.0,0.0,0.0,1.0,0.0,0.0,0.0,9.0,4.0,0.0,0.0,0.0,0.0,0.0,0.0,0.0,0.0,4.0,12.0,1.0,12.17,5.01,2.51,1.49,0.0,0.0,0.0,131.70000000000002,0.0,-1.3,-1.1,-3.1,-169.70000000000002,0.0,0.0,169.70000000000002,0.0,21.4,29.1,29.1,30.0,300.0,300.0,31.6,35.800000000000004,28.9,28.200000000000003,30.0,4.95,2.0,4.97,0.16,0.0,0.0,1027.0,8228.0,0.0,0.0,0.0,0.0,0.0,1.0,0.0,0.0,0.0,0.0,0.0,-3.6,0.0,2.5,0.0,0.0,16.0,25903.0
2026-07-30T19:02:14.948Z,304.431,304.446,0.0,7.4,0.0,0.0,0.0,0.0,0.0,0.0,0.0,0.0,1.0,0.0,0.0,0.0,9.0,4.0,0.0,0.0,0.0,0.0,0.0,0.0,0.0,0.0,5.0,12.0,1.0,12.17,5.01,2.51,1.49,0.0,0.0,0.0,131.9,0.0,0.3,-0.5,0.3,-169.70000000000002,0.0,0.0,169.8,0.0,21.4,29.1,29.1,30.0,300.0,300.0,31.6,35.800000000000004,28.9,28.200000000000003,30.0,4.96,1.99,4.97,0.16,0.0,0.0,1027.0,8228.0,0.0,0.0,0.0,0.0,0.0,1.0,0.0,0.0,0.0,0.0,0.0,-0.3,0.0,-0.3,0.0,0.0,16.0,25903.0
2026-07-30T19:02:14.961Z,304.444,304.458,0.0,7.4,0.0,0.0,0.0,0.0,0.0,0.0,0.0,0.0,1.0,0.0,0.0,0.0,9.0,4.0,0.0,0.0,0.0,0.0,0.0,0.0,0.0,0.0,6.0,12.0,1.0,12.15,5.01,2.51,1.49,0.0,0.0,0.0,132.1,0.0,0.3,1.2000000000000002,-0.1,-169.70000000000002,0.0,0.0,169.8,0.0,21.700000000000003,29.1,29.1,30.0,300.0,300.0,31.6,35.7,29.0,28.200000000000003,30.1,4.96,1.99,4.96,0.16,0.0,0.0,1027.0,8228.0,0.0,0.0,0.0,0.0,0.0,1.0,0.0,0.0,0.0,0.0,0.0,1.2000000000000002,0.0,0.4,0.0,0.0,16.0,25903.0
2026-07-30T19:02:14.972Z,304.455,304.47,0.0,7.4,0.0,0.0,0.0,0.0,0.0,0.0,0.0,0.0,1.0,0.0,0.0,0.0,9.0,4.0,0.0,0.0,0.0,0.0,0.0,0.0,0.0,0.0,1.0,12.0,1.0,12.15,5.01,2.51,1.49,0.0,0.0,0.0,132.3,0.0,0.3,0.0,1.0,-169.70000000000002,0.0,0.0,169.70000000000002,0.0,21.700000000000003,29.1,29.1,30.0,300.0,300.0,31.6,35.7,29.0,28.200000000000003,30.1,4.96,1.99,4.96,0.16,0.0,0.0,1027.0,8228.0,0.0,0.0,0.0,0.0,0.0,1.0,0.0,0.0,0.0,0.0,0.0,0.8,0.0,-0.9,0.0,0.0,16.0,25903.0
2026-07-30T19:02:14.984Z,304.467,304.482,0.0,7.4,0.0,0.0,0.0,0.0,0.0,0.0,0.0,0.0,1.0,0.0,0.0,0.0,9.0,4.0,0.0,0.0,0.0,0.0,0.0,0.0,0.0,0.0,2.0,12.0,1.0,12.15,5.01,2.51,1.49,0.0,0.0,0.0,132.5,0.0,0.9,0.1,-0.6000000000000001,-169.70000000000002,0.0,0.0,169.70000000000002,0.0,21.700000000000003,29.1,29.1,30.0,300.0,300.0,31.6,35.7,29.0,28.200000000000003,30.1,4.95,1.99,4.97,0.16,0.0,0.0,1027.0,8228.0,0.0,0.0,0.0,0.0,0.0,1.0,0.0,0.0,0.0,0.0,0.0,2.0,0.0,-1.3,0.0,0.0001,16.0,25903.0
2026-07-30T19:02:14.997Z,304.48,304.494,0.0,7.4,0.0,0.0,0.0,0.0,0.0,0.0,0.0,0.0,1.0,0.0,0.0,0.0,9.0,4.0,0.0,0.0,0.0,0.0,0.0,0.0,0.0,0.0,3.0,12.0,1.0,12.15,5.01,2.51,1.49,0.0,0.0,0.0,132.70000000000002,0.0,-0.1,-1.0,0.5,-169.70000000000002,0.0,0.0,169.70000000000002,0.0,21.700000000000003,29.1,29.1,30.0,300.0,300.0,31.6,35.7,29.0,28.200000000000003,30.1,4.96,1.99,4.96,0.16,0.0,0.0,1027.0,8228.0,0.0,0.0,0.0,0.0,0.0,1.0,0.0,0.0,0.0,0.0,0.0,-0.7000000000000001,0.0,-0.6000000000000001,0.0,0.0,16.0,25903.0
2026-07-30T19:02:15.008Z,304.491,304.50600000000003,0.0,7.4,0.0,0.0,0.0,0.0,0.0,0.0,0.0,0.0,1.0,0.0,0.0,0.0,9.0,4.0,0.0,0.0,0.0,0.0,0.0,0.0,0.0,0.0,4.0,12.0,1.0,12.15,5.01,2.51,1.49,0.0,0.0,0.0,132.9,0.0,0.4,0.6000000000000001,-0.1,-169.70000000000002,0.0,0.0,169.70000000000002,0.0,21.700000000000003,29.1,29.1,30.0,300.0,300.0,31.6,35.7,29.0,28.200000000000003,30.1,4.96,2.0,4.97,0.16,0.0,0.0,1027.0,8228.0,0.0,0.0,0.0,0.0,0.0,1.0,0.0,0.0,0.0,0.0,0.0,0.7000000000000001,0.0,0.2,0.0,0.0001,16.0,25903.0
2026-07-30T19:02:15.020Z,304.503,304.51800000000003,0.0,7.4,0.0,0.0,0.0,0.0,0.0,0.0,0.0,0.0,1.0,0.0,0.0,0.0,9.0,4.0,0.0,0.0,0.0,0.0,0.0,0.0,0.0,0.0,5.0,12.0,1.0,12.15,5.01,2.51,1.49,0.0,0.0,0.0,133.0,0.0,-0.1,1.3,-1.2000000000000002,-169.70000000000002,0.0,0.0,169.8,0.0,21.700000000000003,29.1,29.1,30.0,300.0,300.0,31.6,35.7,29.0,28.200000000000003,30.1,4.95,1.99,4.97,0.16,0.0,0.0,1027.0,8228.0,0.0,0.0,0.0,0.0,0.0,1.0,0.0,0.0,0.0,0.0,0.0,0.5,0.0,1.3,0.0,0.0,16.0,25903.0
2026-07-30T19:02:15.032Z,304.515,304.53000000000003,0.0,7.4,0.0,0.0,0.0,0.0,0.0,0.0,0.0,0.0,1.0,0.0,0.0,0.0,9.0,4.0,0.0,0.0,0.0,0.0,0.0,0.0,0.0,0.0,6.0,12.0,1.0,12.15,5.01,2.51,1.49,0.0,0.0,0.0,133.20000000000002,0.0,-0.1,0.1,1.0,-169.70000000000002,0.0,0.0,169.8,0.0,21.700000000000003,29.1,29.1,30.0,300.0,300.0,31.6,35.7,29.0,28.200000000000003,30.1,4.95,1.99,4.97,0.16,0.0,0.0,1027.0,8228.0,0.0,0.0,0.0,0.0,0.0,1.0,0.0,0.0,0.0,0.0,0.0,2.0,0.0,0.4,0.0,0.0,16.0,25903.0
2026-07-30T19:02:15.045Z,304.528,304.54200000000003,0.0,7.4,0.0,0.0,0.0,0.0,0.0,0.0,0.0,0.0,1.0,0.0,0.0,0.0,9.0,4.0,0.0,0.0,0.0,0.0,0.0,0.0,0.0,0.0,1.0,12.0,1.0,12.15,5.01,2.51,1.49,0.0,0.0,0.0,133.4,0.0,1.6,-0.4,1.0,-169.70000000000002,0.0,0.0,169.8,0.0,21.700000000000003,29.1,29.1,30.0,300.0,300.0,31.6,35.7,29.0,28.200000000000003,30.1,4.96,1.99,4.96,0.16,0.0,0.0,1027.0,8228.0,0.0,0.0,0.0,0.0,0.0,1.0,0.0,0.0,0.0,0.0,0.0,-0.6000000000000001,0.0,0.0,0.0,0.0,16.0,25903.0
2026-07-30T19:02:15.056Z,304.539,304.55400000000003,0.0,7.4,0.0,0.0,0.0,0.0,0.0,0.0,0.0,0.0,1.0,0.0,0.0,0.0,9.0,4.0,0.0,0.0,0.0,0.0,0.0,0.0,0.0,0.0,2.0,12.0,1.0,12.15,5.01,2.51,1.49,0.0,0.0,0.0,133.6,0.0,-0.1,0.0,0.4,-169.70000000000002,0.0,0.0,169.8,0.0,21.700000000000003,29.1,29.1,30.0,300.0,300.0,31.6,35.7,29.0,28.200000000000003,30.1,4.96,1.99,4.97,0.16,0.0,0.0,1027.0,8228.0,0.0,0.0,0.0,0.0,0.0,1.0,0.0,0.0,0.0,0.0,0.0,-1.3,0.0,1.6,0.0,0.0,16.0,25903.0
2026-07-30T19:02:15.068Z,304.551,304.56600000000003,0.0,7.4,0.0,0.0,0.0,0.0,0.0,0.0,0.0,0.0,1.0,0.0,0.0,0.0,9.0,4.0,0.0,0.0,0.0,0.0,0.0,0.0,0.0,0.0,3.0,12.0,1.0,12.17,5.01,2.5,1.5,0.0,0.0,0.0,133.8,0.0,0.4,0.6000000000000001,1.0,-169.70000000000002,0.0,0.0,169.8,0.0,21.4,29.1,29.1,30.0,300.0,300.0,31.6,35.7,29.0,28.200000000000003,30.1,4.95,1.98,4.97,0.16,0.0,0.0,1027.0,8228.0,0.0,0.0,0.0,0.0,0.0,1.0,0.0,0.0,0.0,0.0,0.0,1.4,0.0,-0.7000000000000001,0.0,0.0,16.0,25903.0
2026-07-30T19:02:15.080Z,304.563,304.57800000000003,0.0,7.4,0.0,0.0,0.0,0.0,0.0,0.0,0.0,0.0,1.0,0.0,0.0,0.0,9.0,4.0,0.0,0.0,0.0,0.0,0.0,0.0,0.0,0.0,4.0,12.0,1.0,12.17,5.01,2.5,1.5,0.0,0.0,0.0,133.9,0.0,-0.7000000000000001,0.6000000000000001,-0.1,-169.70000000000002,0.0,0.0,169.8,0.0,21.4,29.1,29.1,30.0,300.0,300.0,31.6,35.7,29.0,28.200000000000003,30.1,4.96,1.98,4.97,0.16,0.0,0.0,1027.0,8228.0,0.0,0.0,0.0,0.0,0.0,1.0,0.0,0.0,0.0,0.0,0.0,0.6000000000000001,0.0,0.2,0.0,0.0,16.0,25903.0
2026-07-30T19:02:15.092Z,304.575,304.59000000000003,0.0,7.4,0.0,0.0,0.0,0.0,0.0,0.0,0.0,0.0,1.0,0.0,0.0,0.0,9.0,4.0,0.0,0.0,0.0,0.0,0.0,0.0,0.0,0.0,6.0,12.0,1.0,12.17,5.01,2.5,1.5,0.0,0.1,0.0,134.1,0.0,0.4,0.0,1.0,-169.70000000000002,0.0,0.0,169.8,0.0,21.4,29.1,29.1,30.0,300.0,300.0,31.6,35.7,29.0,28.200000000000003,30.1,4.95,2.0,4.96,0.16,0.0,0.0,1027.0,8228.0,0.0,0.0,0.0,0.0,0.0,1.0,0.0,0.0,0.0,0.0,0.0,0.8,0.0,-0.8,0.0,0.0,16.0,25903.0
2026-07-30T19:02:15.104Z,304.587,304.60200000000003,0.0,7.4,0.0,0.0,0.0,0.0,0.0,0.0,0.0,0.0,1.0,0.0,0.0,0.0,9.0,4.0,0.0,0.0,0.0,0.0,0.0,0.0,0.0,0.0,1.0,12.0,1.0,12.17,5.01,2.5,1.5,0.0,0.0,0.0,134.3,0.0,1.0,1.7000000000000002,-0.1,-169.70000000000002,0.0,0.0,169.8,0.0,21.4,29.1,29.1,30.0,300.0,300.0,31.6,35.7,29.0,28.200000000000003,30.1,4.95,1.99,4.97,0.16,0.0,0.0,1027.0,8228.0,0.0,0.0,0.0,0.0,0.0,1.0,0.0,0.0,0.0,0.0,0.0,1.9,0.0,0.4,0.0,0.0,16.0,25903.0
2026-07-30T19:02:15.116Z,304.599,304.61400000000003,0.0,7.4,0.0,0.0,0.0,0.0,0.0,0.0,0.0,0.0,1.0,0.0,0.0,0.0,9.0,4.0,0.0,0.0,0.0,0.0,0.0,0.0,0.0,0.0,2.0,12.0,1.0,12.17,5.01,2.5,1.5,0.0,0.1,0.0,134.4,0.0,-0.1,0.0,-0.1,-169.70000000000002,0.0,0.0,169.8,0.0,21.4,29.1,29.1,30.0,300.0,300.0,31.6,35.7,29.0,28.200000000000003,30.1,4.95,1.99,4.97,0.16,0.0,0.0,1027.0,8228.0,0.0,0.0,0.0,0.0,0.0,1.0,0.0,0.0,0.0,0.0,0.0,0.0,0.0,0.1,0.0,0.0,16.0,25903.0
2026-07-30T19:02:15.128Z,304.611,304.62600000000003,0.0,7.4,0.0,0.0,0.0,0.0,0.0,0.0,0.0,0.0,1.0,0.0,0.0,0.0,9.0,4.0,0.0,0.0,0.0,0.0,0.0,0.0,0.0,0.0,3.0,12.0,1.0,12.17,5.01,2.5,1.5,0.0,0.0,0.0,134.6,0.0,0.9,-0.5,0.3,-169.70000000000002,0.0,0.0,169.8,0.0,21.4,29.1,29.1,30.0,300.0,300.0,31.6,35.7,29.0,28.200000000000003,30.1,4.96,1.99,4.96,0.16,0.0,0.0,1027.0,8228.0,0.0,0.0,0.0,0.0,0.0,1.0,0.0,0.0,0.0,0.0,0.0,-0.3,0.0,-0.4,0.0,0.0,16.0,25903.0
2026-07-30T19:02:15.140Z,304.623,304.63800000000003,0.0,7.4,0.0,0.0,0.0,0.0,0.0,0.0,0.0,0.0,1.0,0.0,0.0,0.0,9.0,4.0,0.0,0.0,0.0,0.0,0.0,0.0,0.0,0.0,4.0,12.0,1.0,12.17,5.01,2.5,1.5,0.0,0.0,0.0,134.8,0.0,-0.7000000000000001,1.2000000000000002,1.5,-169.70000000000002,0.0,0.0,169.8,0.0,21.4,29.1,29.1,30.0,300.0,300.0,31.6,35.7,29.0,28.200000000000003,30.1,4.95,1.99,4.97,0.16,0.0,0.0,1027.0,8228.0,0.0,0.0,0.0,0.0,0.0,1.0,0.0,0.0,0.0,0.0,0.0,2.5,0.0,-1.1,0.0,0.0,16.0,25903.0
2026-07-30T19:02:15.152Z,304.635,304.65000000000003,0.0,7.4,0.0,0.0,0.0,0.0,0.0,0.0,0.0,0.0,1.0,0.0,0.0,0.0,9.0,4.0,0.0,0.0,0.0,0.0,0.0,0.0,0.0,0.0,5.0,12.0,1.0,12.17,5.01,2.5,1.5,0.0,0.0,0.0,135.0,0.0,0.4,0.6000000000000001,-0.1,-169.70000000000002,0.0,0.0,169.8,0.0,21.4,29.1,29.1,30.0,300.0,300.0,31.6,35.7,29.0,28.200000000000003,30.1,4.95,1.99,4.97,0.16,0.0,0.0,1027.0,8228.0,0.0,0.0,0.0,0.0,0.0,1.0,0.0,0.0,0.0,0.0,0.0,0.5,0.0,0.2,0.0,0.0,16.0,25903.0
2026-07-30T19:02:15.165Z,304.648,304.66200000000003,0.0,7.4,0.0,0.0,0.0,0.0,0.0,0.0,0.0,0.0,1.0,0.0,0.0,0.0,9.0,4.0,0.0,0.0,0.0,0.0,0.0,0.0,0.0,0.0,6.0,12.0,1.0,12.17,5.0200000000000005,2.51,1.49,0.0,0.0,0.0,135.20000000000002,0.0,0.4,0.0,-0.1,-169.70000000000002,0.0,0.0,169.8,0.0,21.8,29.1,29.1,30.0,300.0,300.0,31.6,35.800000000000004,29.0,28.200000000000003,30.1,4.96,2.0,4.97,0.15,0.0,0.0,1027.0,8228.0,0.0,0.0,0.0,0.0,0.0,1.0,0.0,0.0,0.0,0.0,0.0,0.0,0.0,0.1,0.0,0.0,16.0,25903.0
2026-07-30T19:02:15.176Z,304.659,304.674,0.0,7.4,0.0,0.0,0.0,0.0,0.0,0.0,0.0,0.0,1.0,0.0,0.0,0.0,9.0,4.0,0.0,0.0,0.0,0.0,0.0,0.0,0.0,0.0,1.0,12.0,1.0,12.17,5.0200000000000005,2.51,1.49,0.0,0.0,0.0,135.4,0.0,-0.7000000000000001,0.0,1.6,-169.70000000000002,0.0,0.0,169.70000000000002,0.0,21.8,29.1,29.1,30.0,300.0,300.0,31.6,35.800000000000004,29.0,28.200000000000003,30.1,4.96,2.0,4.96,0.16,0.0,0.0,1027.0,8228.0,0.0,0.0,0.0,0.0,0.0,1.0,0.0,0.0,0.0,0.0,0.0,1.3,0.0,-1.4,0.0,0.0,16.0,25903.0
2026-07-30T19:02:15.188Z,304.671,304.686,0.0,7.4,0.0,0.0,0.0,0.0,0.0,0.0,0.0,0.0,1.0,0.0,0.0,0.0,9.0,4.0,0.0,0.0,0.0,0.0,0.0,0.0,0.0,0.0,2.0,12.0,1.0,12.17,5.0200000000000005,2.51,1.49,0.0,0.0,0.0,135.5,0.0,-0.6000000000000001,-1.1,-1.2000000000000002,-169.70000000000002,0.0,0.0,169.70000000000002,0.0,21.8,29.1,29.1,30.0,300.0,300.0,31.6,35.800000000000004,29.0,28.200000000000003,30.1,4.95,1.99,4.97,0.16,0.0,0.0,1027.0,8228.0,0.0,0.0,0.0,0.0,0.0,1.0,0.0,0.0,0.0,0.0,0.0,-2.1,0.0,0.8,0.0,0.0001,16.0,25903.0
2026-07-30T19:02:15.200Z,304.683,304.698,0.0,7.4,0.0,0.0,0.0,0.0,0.0,0.0,0.0,0.0,1.0,0.0,0.0,0.0,9.0,4.0,0.0,0.0,0.0,0.0,0.0,0.0,0.0,0.0,4.0,12.0,1.0,12.17,5.0200000000000005,2.51,1.49,0.0,0.0,0.0,135.4,0.0,0.4,0.6000000000000001,-0.1,-169.70000000000002,0.0,0.0,169.70000000000002,0.0,21.8,29.1,29.1,30.0,300.0,300.0,31.6,35.800000000000004,29.0,28.200000000000003,30.1,4.95,2.0,4.96,0.16,0.0,0.0,1027.0,8228.0,0.0,0.0,0.0,0.0,0.0,1.0,0.0,0.0,0.0,0.0,0.0,0.6000000000000001,0.0,0.2,0.0,0.0,16.0,25903.0
2026-07-30T19:02:15.212Z,304.695,304.71,0.0,7.4,0.0,0.0,0.0,0.0,0.0,0.0,0.0,0.0,1.0,0.0,0.0,0.0,9.0,4.0,0.0,0.0,0.0,0.0,0.0,0.0,0.0,0.0,5.0,12.0,1.0,12.17,5.0200000000000005,2.51,1.49,0.0,0.0,0.0,135.20000000000002,0.0,0.4,-1.1,-1.3,-169.70000000000002,0.0,0.0,169.70000000000002,0.0,21.8,29.1,29.1,30.0,300.0,300.0,31.6,35.800000000000004,29.0,28.200000000000003,30.1,4.96,1.99,4.96,0.16,0.0,0.0,1027.0,8228.0,0.0,0.0,0.0,0.0,0.0,1.0,0.0,0.0,0.0,0.0,0.0,-2.2,0.0,0.9,0.0,0.0,16.0,25903.0
2026-07-30T19:02:15.224Z,304.707,304.722,0.0,7.4,0.0,0.0,0.0,0.0,0.0,0.0,0.0,0.0,1.0,0.0,0.0,0.0,9.0,4.0,0.0,0.0,0.0,0.0,0.0,0.0,0.0,0.0,6.0,12.0,1.0,12.17,5.0200000000000005,2.51,1.49,0.0,0.0,0.0,135.1,0.0,1.0,0.0,1.0,-169.70000000000002,0.0,0.0,169.70000000000002,0.0,21.8,29.1,29.1,30.0,300.0,300.0,31.6,35.800000000000004,29.0,28.200000000000003,30.1,4.95,1.99,4.97,0.16,0.0,0.0,1027.0,8228.0,0.0,0.0,0.0,0.0,0.0,1.0,0.0,0.0,0.0,0.0,0.0,0.8,0.0,-0.8,0.0,0.0,16.0,25903.0
2026-07-30T19:02:15.236Z,304.719,304.734,0.0,7.4,0.0,0.0,0.0,0.0,0.0,0.0,0.0,0.0,1.0,0.0,0.0,0.0,9.0,4.0,0.0,0.0,0.0,0.0,0.0,0.0,0.0,0.0,1.0,12.0,1.0,12.17,5.0200000000000005,2.51,1.49,0.0,0.0,0.0,135.0,0.0,-0.7000000000000001,-1.0,-0.7000000000000001,-169.70000000000002,0.0,0.0,169.70000000000002,0.0,21.8,29.1,29.1,30.0,300.0,300.0,31.6,35.800000000000004,29.0,28.200000000000003,30.1,4.96,1.99,4.97,0.16,0.0,0.0,1027.0,8228.0,0.0,0.0,0.0,0.0,0.0,1.0,0.0,0.0,0.0,0.0,0.0,-1.7000000000000002,0.0,0.3,0.0,0.0,16.0,25903.0
2026-07-30T19:02:15.248Z,304.731,304.746,0.0,7.4,0.0,0.0,0.0,0.0,0.0,0.0,0.0,0.0,1.0,0.0,0.0,0.0,9.0,4.0,0.0,0.0,0.0,0.0,0.0,0.0,0.0,0.0,2.0,12.0,1.0,12.17,5.0200000000000005,2.51,1.49,0.0,0.0,0.0,135.0,0.0,-0.1,-0.4,-1.8,-169.70000000000002,0.0,0.0,169.8,0.0,21.8,29.1,29.1,30.0,300.0,300.0,31.6,35.800000000000004,29.0,28.200000000000003,30.1,4.96,2.0,4.96,0.16,0.0,0.0,1027.0,8228.0,0.0,0.0,0.0,0.0,0.0,1.0,0.0,0.0,0.0,0.0,0.0,-1.9,0.0,1.5,0.0,0.0,16.0,25903.0
2026-07-30T19:02:15.260Z,304.743,304.758,0.0,7.4,0.0,0.0,0.0,0.0,0.0,0.0,0.0,0.0,1.0,0.0,0.0,0.0,9.0,4.0,0.0,0.0,0.0,0.0,0.0,0.0,0.0,0.0,3.0,12.0,1.0,12.17,5.0200000000000005,2.51,1.49,0.0,0.0,0.0,134.9,0.0,-0.7000000000000001,0.1,0.0,-169.70000000000002,0.0,0.0,169.8,0.0,21.8,29.1,29.1,30.0,300.0,300.0,31.6,35.800000000000004,29.0,28.200000000000003,30.1,4.96,1.99,4.96,0.16,0.0,0.0,1027.0,8228.0,0.0,0.0,0.0,0.0,0.0,1.0,0.0,0.0,0.0,0.0,0.0,0.1,0.0,0.0,0.0,0.0,16.0,25903.0
2026-07-30T19:02:15.272Z,304.755,304.77,0.0,7.4,0.0,0.0,0.0,0.0,0.0,0.0,0.0,0.0,1.0,0.0,0.0,0.0,9.0,4.0,0.0,0.0,0.0,0.0,0.0,0.0,0.0,0.0,4.0,12.0,1.0,12.22,5.0200000000000005,2.51,1.49,0.0,0.0,0.0,134.8,0.0,-0.1,0.1,0.0,-169.70000000000002,0.0,0.0,169.8,0.0,21.4,29.1,29.1,30.1,300.0,300.0,31.6,35.800000000000004,28.9,28.200000000000003,30.1,4.95,1.99,4.97,0.16,0.0,0.0,1027.0,8228.0,0.0,0.0,0.0,0.0,0.0,1.0,0.0,0.0,0.0,0.0,0.0,0.1,0.0,0.0,0.0,0.0,16.0,25903.0
2026-07-30T19:02:15.284Z,304.767,304.782,0.0,7.4,0.0,0.0,0.0,0.0,0.0,0.0,0.0,0.0,1.0,0.0,0.0,0.0,9.0,4.0,0.0,0.0,0.0,0.0,0.0,0.0,0.0,0.0,6.0,12.0,1.0,12.22,5.0200000000000005,2.51,1.49,0.0,0.0,0.0,134.6,0.0,1.0,0.7000000000000001,1.7000000000000002,-169.70000000000002,0.0,0.0,169.8,0.0,21.4,29.1,29.1,30.1,300.0,300.0,31.6,35.800000000000004,28.9,28.200000000000003,30.1,4.96,1.99,4.96,0.16,0.0,0.0,1027.0,8228.0,0.0,0.0,0.0,0.0,0.0,1.0,0.0,0.0,0.0,0.0,0.0,2.1,0.0,-1.3,0.0,0.0,16.0,25903.0
2026-07-30T19:02:15.296Z,304.779,304.794,0.0,7.4,0.0,0.0,0.0,0.0,0.0,0.0,0.0,0.0,1.0,0.0,0.0,0.0,9.0,4.0,0.0,0.0,0.0,0.0,0.0,0.0,0.0,0.0,1.0,12.0,1.0,12.22,5.0200000000000005,2.51,1.49,0.0,0.0,0.0,134.5,0.0,0.4,1.2000000000000002,-1.1,-169.70000000000002,0.0,0.0,169.70000000000002,0.0,21.4,29.1,29.1,30.1,300.0,300.0,31.6,35.800000000000004,28.9,28.200000000000003,30.1,4.96,1.99,4.96,0.16,0.0,0.0,1027.0,8228.0,0.0,0.0,0.0,0.0,0.0,1.0,0.0,0.0,0.0,0.0,0.0,0.5,0.0,1.2000000000000002,0.0,0.0,16.0,25903.0
2026-07-30T19:02:15.308Z,304.791,304.806,0.0,7.4,0.0,0.0,0.0,0.0,0.0,0.0,0.0,0.0,1.0,0.0,0.0,0.0,9.0,4.0,0.0,0.0,0.0,0.0,0.0,0.0,0.0,0.0,2.0,12.0,1.0,12.22,5.0200000000000005,2.51,1.49,0.0,0.0,0.0,134.3,0.0,-0.7000000000000001,-0.5,-1.1,-169.70000000000002,0.0,0.0,169.8,0.0,21.4,29.1,29.1,30.1,300.0,300.0,31.6,35.800000000000004,28.9,28.200000000000003,30.1,4.95,1.99,4.96,0.16,0.0,0.0,1027.0,8228.0,0.0,0.0,0.0,0.0,0.0,1.0,0.0,0.0,0.0,0.0,0.0,-1.4,0.0,0.9,0.0,0.0001,16.0,25903.0
2026-07-30T19:02:15.320Z,304.803,304.818,0.0,7.4,0.0,0.0,0.0,0.0,0.0,0.0,0.0,0.0,1.0,0.0,0.0,0.0,9.0,4.0,0.0,0.0,0.0,0.0,0.0,0.0,0.0,0.0,3.0,12.0,1.0,12.22,5.0200000000000005,2.51,1.49,0.0,0.0,0.0,134.3,0.0,0.4,0.0,2.2,-169.70000000000002,0.0,0.0,169.8,0.0,21.4,29.1,29.1,30.1,300.0,300.0,31.6,35.800000000000004,28.9,28.200000000000003,30.1,4.96,1.99,4.97,0.16,0.0,0.0,1027.0,8228.0,0.0,0.0,0.0,0.0,0.0,1.0,0.0,0.0,0.0,0.0,0.0,1.7000000000000002,0.0,-2.0,0.0,0.0,16.0,25903.0
2026-07-30T19:02:15.332Z,304.815,304.83,0.0,7.4,0.0,0.0,0.0,0.0,0.0,0.0,0.0,0.0,1.0,0.0,0.0,0.0,9.0,4.0,0.0,0.0,0.0,0.0,0.0,0.0,0.0,0.0,4.0,12.0,1.0,12.22,5.0200000000000005,2.51,1.49,0.0,0.0,0.0,134.20000000000002,0.0,-0.7000000000000001,-1.1,-0.6000000000000001,-169.70000000000002,0.0,0.0,169.8,0.0,21.4,29.1,29.1,30.1,300.0,300.0,31.6,35.800000000000004,28.9,28.200000000000003,30.1,4.95,1.99,4.96,0.16,0.0,0.0,1027.0,8228.0,0.0,0.0,0.0,0.0,0.0,1.0,0.0,0.0,0.0,0.0,0.0,-1.7000000000000002,0.0,0.3,0.0,0.0,16.0,25903.0
2026-07-30T19:02:15.344Z,304.827,304.842,0.0,7.4,0.0,0.0,0.0,0.0,0.0,0.0,0.0,0.0,1.0,0.0,0.0,0.0,9.0,4.0,0.0,0.0,0.0,0.0,0.0,0.0,0.0,0.0,5.0,12.0,1.0,12.22,5.0200000000000005,2.51,1.49,0.0,0.0,0.0,134.1,0.0,-0.7000000000000001,-0.5,0.0,-169.70000000000002,0.0,0.0,169.8,0.0,21.4,29.1,29.1,30.1,300.0,300.0,31.6,35.800000000000004,28.9,28.200000000000003,30.1,4.95,1.99,4.97,0.16,0.0,0.0,1027.0,8228.0,0.0,0.0,0.0,0.0,0.0,1.0,0.0,0.0,0.0,0.0,0.0,-0.6000000000000001,0.0,0.0,0.0,0.0,16.0,25903.0
2026-07-30T19:02:15.356Z,304.839,304.854,0.0,7.4,0.0,0.0,0.0,0.0,0.0,0.0,0.0,0.0,1.0,0.0,0.0,0.0,9.0,4.0,0.0,0.0,0.0,0.0,0.0,0.0,0.0,0.0,1.0,12.0,1.0,12.22,5.0200000000000005,2.51,1.49,0.0,0.0,0.0,133.9,0.0,0.4,0.0,-0.6000000000000001,-169.70000000000002,0.0,0.0,169.70000000000002,0.0,21.4,29.1,29.1,30.1,300.0,300.0,31.6,35.800000000000004,28.9,28.200000000000003,30.1,4.95,2.0,4.97,0.16,0.0,0.0,1027.0,8228.0,0.0,0.0,0.0,0.0,0.0,1.0,0.0,0.0,0.0,0.0,0.0,-0.3,0.0,0.5,0.0,0.0,16.0,25903.0
2026-07-30T19:02:15.369Z,304.852,304.866,0.0,7.4,0.0,0.0,0.0,0.0,0.0,0.0,0.0,0.0,1.0,0.0,0.0,0.0,9.0,4.0,0.0,0.0,0.0,0.0,0.0,0.0,0.0,0.0,2.0,12.0,1.0,12.15,5.01,2.5,1.49,0.0,0.1,0.0,133.8,0.0,0.9,0.6000000000000001,1.1,-169.70000000000002,0.0,0.0,169.70000000000002,0.0,21.8,29.1,29.1,30.0,300.0,300.0,31.6,35.800000000000004,29.0,28.200000000000003,30.0,4.96,2.0,4.96,0.16,0.0,0.0,1027.0,8228.0,0.0,0.0,0.0,0.0,0.0,1.0,0.0,0.0,0.0,0.0,0.0,1.6,0.0,-0.8,0.0,0.0,16.0,25903.0
2026-07-30T19:02:15.380Z,304.863,304.878,0.0,7.4,0.0,0.0,0.0,0.0,0.0,0.0,0.0,0.0,1.0,0.0,0.0,0.0,9.0,4.0,0.0,0.0,0.0,0.0,0.0,0.0,0.0,0.0,3.0,12.0,1.0,12.15,5.01,2.5,1.49,0.0,0.0,0.0,133.70000000000002,0.0,-0.1,0.0,0.0,-169.70000000000002,0.0,0.0,169.70000000000002,0.0,21.8,29.1,29.1,30.0,300.0,300.0,31.6,35.800000000000004,29.0,28.200000000000003,30.0,4.95,1.99,4.97,0.16,0.0,0.0,1027.0,8228.0,0.0,0.0,0.0,0.0,0.0,1.0,0.0,0.0,0.0,0.0,0.0,0.0,0.0,0.0,0.0,0.0,16.0,25903.0
2026-07-30T19:02:15.393Z,304.876,304.89,0.0,7.4,0.0,0.0,0.0,0.0,0.0,0.0,0.0,0.0,1.0,0.0,0.0,0.0,9.0,4.0,0.0,0.0,0.0,0.0,0.0,0.0,0.0,0.0,4.0,12.0,1.0,12.15,5.01,2.5,1.49,0.0,0.1,0.0,133.6,0.0,-0.1,0.0,-0.6000000000000001,-169.70000000000002,0.0,0.0,169.8,0.0,21.8,29.1,29.1,30.0,300.0,300.0,31.6,35.800000000000004,29.0,28.200000000000003,30.0,4.95,2.0,4.96,0.16,0.0,0.0,1027.0,8228.0,0.0,0.0,0.0,0.0,0.0,1.0,0.0,0.0,0.0,0.0,0.0,-0.4,0.0,0.5,0.0,0.0,16.0,25903.0
2026-07-30T19:02:15.404Z,304.887,304.902,0.0,7.4,0.0,0.0,0.0,0.0,0.0,0.0,0.0,0.0,1.0,0.0,0.0,0.0,9.0,4.0,0.0,0.0,0.0,0.0,0.0,0.0,0.0,0.0,5.0,12.0,1.0,12.15,5.01,2.5,1.49,0.0,0.1,0.0,133.6,0.0,0.4,0.0,1.1,-169.70000000000002,0.0,0.0,169.70000000000002,0.0,21.8,29.1,29.1,30.0,300.0,300.0,31.6,35.800000000000004,29.0,28.200000000000003,30.0,4.96,1.99,4.96,0.16,0.0,0.0,1027.0,8228.0,0.0,0.0,0.0,0.0,0.0,1.0,0.0,0.0,0.0,0.0,0.0,0.8,0.0,-0.9,0.0,0.0,16.0,25903.0
2026-07-30T19:02:15.416Z,304.899,304.914,0.0,7.4,0.0,0.0,0.0,0.0,0.0,0.0,0.0,0.0,1.0,0.0,0.0,0.0,9.0,4.0,0.0,0.0,0.0,0.0,0.0,0.0,0.0,0.0,1.0,12.0,1.0,12.15,5.01,2.5,1.49,0.0,0.1,0.0,133.4,0.0,1.0,-0.5,0.5,-169.70000000000002,0.0,0.0,169.8,0.0,21.8,29.1,29.1,30.0,300.0,300.0,31.6,35.800000000000004,29.0,28.200000000000003,30.0,4.95,1.99,4.96,0.16,0.0,0.0,1027.0,8228.0,0.0,0.0,0.0,0.0,0.0,1.0,0.0,0.0,0.0,0.0,0.0,-0.2,0.0,-0.5,0.0,0.0,16.0,25903.0
2026-07-30T19:02:15.428Z,304.911,304.926,0.0,7.4,0.0,0.0,0.0,0.0,0.0,0.0,0.0,0.0,1.0,0.0,0.0,0.0,9.0,4.0,0.0,0.0,0.0,0.0,0.0,0.0,0.0,0.0,2.0,12.0,1.0,12.15,5.01,2.5,1.49,0.0,0.0,0.0,133.3,0.0,0.4,-1.6,-1.2000000000000002,-169.70000000000002,0.0,0.0,169.70000000000002,0.0,21.8,29.1,29.1,30.0,300.0,300.0,31.6,35.800000000000004,29.0,28.200000000000003,30.0,4.95,1.99,4.97,0.16,0.0,0.0,1027.0,8228.0,0.0,0.0,0.0,0.0,0.0,1.0,0.0,0.0,0.0,0.0,0.0,-2.8000000000000003,0.0,0.7000000000000001,0.0,0.0,16.0,25903.0
2026-07-30T19:02:15.440Z,304.923,304.938,0.0,7.4,0.0,0.0,0.0,0.0,0.0,0.0,0.0,0.0,1.0,0.0,0.0,0.0,9.0,4.0,0.0,0.0,0.0,0.0,0.0,0.0,0.0,0.0,2.0,12.0,1.0,12.15,5.01,2.5,1.49,0.0,0.1,0.0,133.20000000000002,0.0,0.4,0.6000000000000001,1.6,-169.70000000000002,0.0,0.0,169.70000000000002,0.0,21.8,29.1,29.1,30.0,300.0,300.0,31.6,35.800000000000004,29.0,28.200000000000003,30.0,4.95,2.0,4.96,0.16,0.0,0.0,1027.0,8228.0,0.0,0.0,0.0,0.0,0.0,1.0,0.0,0.0,0.0,0.0,0.0,1.9,0.0,-1.3,0.0,0.0001,16.0,25903.0
2026-07-30T19:02:15.452Z,304.935,304.95,0.0,7.4,0.0,0.0,0.0,0.0,0.0,0.0,0.0,0.0,1.0,0.0,0.0,0.0,9.0,4.0,0.0,0.0,0.0,0.0,0.0,0.0,0.0,0.0,4.0,12.0,1.0,12.15,5.01,2.5,1.49,0.0,0.0,0.0,133.1,0.0,-0.1,1.1,0.0,-169.70000000000002,0.0,0.0,169.8,0.0,21.8,29.1,29.1,30.0,300.0,300.0,31.6,35.800000000000004,29.0,28.200000000000003,30.0,4.96,1.99,4.96,0.16,0.0,0.0,1027.0,8228.0,0.0,0.0,0.0,0.0,0.0,1.0,0.0,0.0,0.0,0.0,0.0,1.2000000000000002,0.0,0.3,0.0,0.0,16.0,25903.0
2026-07-30T19:02:15.464Z,304.947,304.962,0.0,7.4,0.0,0.0,0.0,0.0,0.0,0.0,0.0,0.0,1.0,0.0,0.0,0.0,9.0,4.0,0.0,0.0,0.0,0.0,0.0,0.0,0.0,0.0,5.0,12.0,1.0,12.15,5.01,2.5,1.49,0.0,0.0,0.0,133.0,0.0,-0.1,0.6000000000000001,1.1,-169.70000000000002,0.0,0.0,169.8,0.0,21.8,29.1,29.1,30.0,300.0,300.0,31.6,35.800000000000004,29.0,28.200000000000003,30.0,4.95,1.99,4.97,0.16,0.0,0.0,1027.0,8228.0,0.0,0.0,0.0,0.0,0.0,1.0,0.0,0.0,0.0,0.0,0.0,1.5,0.0,-0.8,0.0,0.0,16.0,25903.0
2026-07-30T19:02:15.476Z,304.959,304.974,0.0,7.4,0.0,0.0,0.0,0.0,0.0,0.0,0.0,0.0,1.0,0.0,0.0,0.0,9.0,4.0,0.0,0.0,0.0,0.0,0.0,0.0,0.0,0.0,1.0,12.0,1.0,12.18,5.01,2.5,1.49,0.0,0.0,0.0,132.9,0.0,-0.1,0.1,1.1,-169.70000000000002,0.0,0.0,169.70000000000002,0.0,21.700000000000003,29.1,29.1,30.0,300.0,300.0,31.6,35.800000000000004,29.0,28.200000000000003,30.1,4.96,1.99,4.96,0.16,0.0,0.0,1027.0,8228.0,0.0,0.0,0.0,0.0,0.0,1.0,0.0,0.0,0.0,0.0,0.0,0.9,0.0,-0.9,0.0,0.0,16.0,25903.0
2026-07-30T19:02:15.488Z,304.971,304.986,0.0,7.4,0.0,0.0,0.0,0.0,0.0,0.0,0.0,0.0,1.0,0.0,0.0,0.0,9.0,4.0,0.0,0.0,0.0,0.0,0.0,0.0,0.0,0.0,2.0,12.0,1.0,12.18,5.01,2.5,1.49,0.0,0.1,0.0,132.8,0.0,1.5,0.0,-0.6000000000000001,-169.70000000000002,0.0,0.0,169.8,0.0,21.700000000000003,29.1,29.1,30.0,300.0,300.0,31.6,35.800000000000004,29.0,28.200000000000003,30.1,4.96,1.99,4.97,0.16,0.0,0.0,1027.0,8228.0,0.0,0.0,0.0,0.0,0.0,1.0,0.0,0.0,0.0,0.0,0.0,-1.5,0.0,0.9,0.0,0.0,16.0,25903.0
2026-07-30T19:02:15.500Z,304.983,304.998,0.0,7.4,0.0,0.0,0.0,0.0,0.0,0.0,0.0,0.0,1.0,0.0,0.0,0.0,9.0,4.0,0.0,0.0,0.0,0.0,0.0,0.0,0.0,0.0,4.0,12.0,1.0,12.18,5.01,2.5,1.49,0.0,0.1,0.0,132.70000000000002,0.0,0.4,0.0,0.5,-169.70000000000002,0.0,0.0,169.8,0.0,21.700000000000003,29.1,29.1,30.0,300.0,300.0,31.6,35.800000000000004,29.0,28.200000000000003,30.1,4.95,1.99,4.97,0.16,0.0,0.0,1027.0,8228.0,0.0,0.0,0.0,0.0,0.0,1.0,0.0,0.0,0.0,0.0,0.0,0.5,0.0,-0.5,0.0,0.0,16.0,25903.0
2026-07-30T19:02:15.512Z,304.995,305.01,0.0,7.4,0.0,0.0,0.0,0.0,0.0,0.0,0.0,0.0,1.0,0.0,0.0,0.0,9.0,4.0,0.0,0.0,0.0,0.0,0.0,0.0,0.0,0.0,5.0,12.0,1.0,12.18,5.01,2.5,1.49,0.0,0.1,0.0,132.6,0.0,0.4,-0.5,1.2000000000000002,-169.70000000000002,0.0,0.0,169.8,0.0,21.700000000000003,29.1,29.1,30.0,300.0,300.0,31.6,35.800000000000004,29.0,28.200000000000003,30.1,4.96,1.99,4.97,0.16,0.0,0.0,1027.0,8228.0,0.0,0.0,0.0,0.0,0.0,1.0,0.0,0.0,0.0,0.0,0.0,0.3,0.0,-1.1,0.0,0.0,16.0,25903.0
2026-07-30T19:02:15.524Z,305.007,305.022,0.0,7.4,0.0,0.0,0.0,0.0,0.0,0.0,0.0,0.0,1.0,0.0,0.0,0.0,9.0,4.0,0.0,0.0,0.0,0.0,0.0,0.0,0.0,0.0,6.0,12.0,1.0,12.18,5.01,2.5,1.49,0.0,0.0,0.0,132.4,0.0,0.9,-0.5,1.2000000000000002,-169.70000000000002,0.0,0.0,169.8,0.0,21.700000000000003,29.1,29.1,30.0,300.0,300.0,31.6,35.800000000000004,29.0,28.200000000000003,30.1,4.96,2.0,4.96,0.16,0.0,0.0,1027.0,8228.0,0.0,0.0,0.0,0.0,0.0,1.0,0.0,0.0,0.0,0.0,0.0,0.3,0.0,-1.2000000000000002,0.0,0.0,16.0,25903.0
2026-07-30T19:02:15.536Z,305.019,305.034,0.0,7.4,0.0,0.0,0.0,0.0,0.0,0.0,0.0,0.0,1.0,0.0,0.0,0.0,9.0,4.0,0.0,0.0,0.0,0.0,0.0,0.0,0.0,0.0,2.0,12.0,1.0,12.18,5.01,2.5,1.49,0.0,0.0,0.0,132.3,0.0,-0.1,1.7000000000000002,-0.5,-169.70000000000002,0.0,0.0,169.8,0.0,21.700000000000003,29.1,29.1,30.0,300.0,300.0,31.6,35.800000000000004,29.0,28.200000000000003,30.1,4.96,1.99,4.97,0.17,0.0,0.0,1027.0,8228.0,0.0,0.0,0.0,0.0,0.0,1.0,0.0,0.0,0.0,0.0,0.0,1.5,0.0,0.8,0.0,0.0,16.0,25903.0
2026-07-30T19:02:15.548Z,305.031,305.046,0.0,7.4,0.0,0.0,0.0,0.0,0.0,0.0,0.0,0.0,1.0,0.0,0.0,0.0,9.0,4.0,0.0,0.0,0.0,0.0,0.0,0.0,0.0,0.0,3.0,12.0,1.0,12.18,5.01,2.5,1.49,0.0,0.0,0.0,132.3,0.0,-0.7000000000000001,1.1,1.7000000000000002,-169.70000000000002,0.0,0.0,169.8,0.0,21.700000000000003,29.1,29.1,30.0,300.0,300.0,31.6,35.800000000000004,29.0,28.200000000000003,30.1,4.95,1.99,4.97,0.16,0.0,0.0,1027.0,8228.0,0.0,0.0,0.0,0.0,0.0,1.0,0.0,0.0,0.0,0.0,0.0,-0.4,0.0,0.4,0.0,0.0,16.0,25903.0
2026-07-30T19:02:15.560Z,305.043,305.058,0.0,7.4,0.0,0.0,0.0,0.0,0.0,0.0,0.0,0.0,1.0,0.0,0.0,0.0,9.0,4.0,0.0,0.0,0.0,0.0,0.0,0.0,0.0,0.0,5.0,12.0,1.0,12.18,5.01,2.5,1.49,0.0,0.0,0.0,132.1,0.0,-0.8,-0.6000000000000001,1.7000000000000002,-169.70000000000002,0.0,0.0,169.8,0.0,21.700000000000003,29.1,29.1,30.0,300.0,300.0,31.6,35.800000000000004,29.0,28.200000000000003,30.1,4.96,1.99,4.96,0.16,0.0,0.0,1027.0,8228.0,0.0,0.0,0.0,0.0,0.0,1.0,0.0,0.0,0.0,0.0,0.0,-1.8,0.0,0.2,0.0,0.0,16.0,25903.0
2026-07-30T19:02:15.573Z,305.056,305.07,0.0,7.4,0.0,0.0,0.0,0.0,0.0,0.0,0.0,0.0,1.0,0.0,0.0,0.0,9.0,4.0,0.0,0.0,0.0,0.0,0.0,0.0,0.0,0.0,6.0,12.0,1.0,12.15,5.01,2.5,1.49,0.0,0.0,0.0,132.0,0.0,0.3,-0.6000000000000001,0.0,-169.70000000000002,0.0,0.0,169.8,0.0,21.8,29.1,29.1,30.0,300.0,300.0,31.5,35.7,28.9,28.200000000000003,30.1,4.95,2.0,4.96,0.16,0.0,0.0,1027.0,8228.0,0.0,0.0,0.0,0.0,0.0,1.0,0.0,0.0,0.0,0.0,0.0,-1.3,0.0,-0.2,0.0,0.0,16.0,25903.0
2026-07-30T19:02:15.584Z,305.067,305.082,0.0,7.4,0.0,0.0,0.0,0.0,0.0,0.0,0.0,0.0,1.0,0.0,0.0,0.0,9.0,4.0,0.0,0.0,0.0,0.0,0.0,0.0,0.0,0.0,1.0,12.0,1.0,12.15,5.01,2.5,1.49,-0.1,0.1,0.0,131.9,0.0,-0.8,-0.6000000000000001,-0.5,-169.70000000000002,0.0,0.0,169.8,0.0,21.8,29.1,29.1,30.0,300.0,300.0,31.5,35.7,28.9,28.200000000000003,30.1,4.95,1.99,4.97,0.16,0.0,0.0,1027.0,8228.0,0.0,0.0,0.0,0.0,0.0,1.0,0.0,0.0,0.0,0.0,0.0,-1.1,0.0,0.3,0.0,0.0,16.0,25903.0
2026-07-30T19:02:15.596Z,305.079,305.094,0.0,7.4,0.0,0.0,0.0,0.0,0.0,0.0,0.0,0.0,1.0,0.0,0.0,0.0,9.0,4.0,0.0,0.0,0.0,0.0,0.0,0.0,0.0,0.0,3.0,12.0,1.0,12.15,5.01,2.5,1.49,0.0,0.0,0.0,131.8,0.0,-0.3,0.0,0.5,-169.70000000000002,0.0,0.0,169.8,0.0,21.8,29.1,29.1,30.0,300.0,300.0,31.5,35.7,28.9,28.200000000000003,30.1,4.95,1.99,4.97,0.16,0.0,0.0,1027.0,8228.0,0.0,0.0,0.0,0.0,0.0,1.0,0.0,0.0,0.0,0.0,0.0,0.3,0.0,-0.5,0.0,0.0001,16.0,25903.0
2026-07-30T19:02:15.608Z,305.091,305.106,0.0,7.4,0.0,0.0,0.0,0.0,0.0,0.0,0.0,0.0,1.0,0.0,0.0,0.0,9.0,4.0,0.0,0.0,0.0,0.0,0.0,0.0,0.0,0.0,5.0,12.0,1.0,12.15,5.01,2.5,1.49,0.0,0.0,0.0,131.70000000000002,0.0,-0.9,-0.6000000000000001,0.0,-169.70000000000002,0.0,0.0,169.8,0.0,21.8,29.1,29.1,30.0,300.0,300.0,31.5,35.7,28.9,28.200000000000003,30.1,4.96,1.99,4.96,0.16,0.0,0.0,1027.0,8228.0,0.0,0.0,0.0,0.0,0.0,1.0,0.0,0.0,0.0,0.0,0.0,-0.7000000000000001,0.0,-0.1,0.0,0.0,16.0,25903.0
2026-07-30T19:02:15.620Z,305.103,305.118,0.0,7.4,0.0,0.0,0.0,0.0,0.0,0.0,0.0,0.0,1.0,0.0,0.0,0.0,9.0,4.0,0.0,0.0,0.0,0.0,0.0,0.0,0.0,0.0,6.0,12.0,1.0,12.15,5.01,2.5,1.49,0.0,0.0,0.0,131.6,0.0,0.2,-1.1,1.1,-169.70000000000002,0.0,0.0,169.8,0.0,21.8,29.1,29.1,30.0,300.0,300.0,31.5,35.7,28.9,28.200000000000003,30.1,4.95,1.99,4.97,0.16,0.0,0.0,1027.0,8228.0,0.0,0.0,0.0,0.0,0.0,1.0,0.0,0.0,0.0,0.0,0.0,-0.4,0.0,-1.2000000000000002,0.0,0.0,16.0,25903.0
2026-07-30T19:02:15.632Z,305.115,305.13,0.0,7.4,0.0,0.0,0.0,0.0,0.0,0.0,0.0,0.0,1.0,0.0,0.0,0.0,9.0,4.0,0.0,0.0,0.0,0.0,0.0,0.0,0.0,0.0,2.0,12.0,1.0,12.15,5.01,2.5,1.49,0.0,0.0,0.0,131.70000000000002,0.0,-0.3,0.5,0.0,-169.70000000000002,0.0,0.0,169.8,0.0,21.8,29.1,29.1,30.0,300.0,300.0,31.5,35.7,28.9,28.200000000000003,30.1,4.95,1.99,4.97,0.16,0.0,0.0,1027.0,8228.0,0.0,0.0,0.0,0.0,0.0,1.0,0.0,0.0,0.0,0.0,0.0,0.6000000000000001,0.0,0.1,0.0,0.0,16.0,25903.0
2026-07-30T19:02:15.644Z,305.127,305.142,0.0,7.4,0.0,0.0,0.0,0.0,0.0,0.0,0.0,0.0,1.0,0.0,0.0,0.0,9.0,4.0,0.0,0.0,0.0,0.0,0.0,0.0,0.0,0.0,3.0,12.0,1.0,12.15,5.01,2.5,1.49,0.0,0.0,0.0,131.9,0.0,0.2,0.5,-1.1,-169.70000000000002,0.0,0.0,169.70000000000002,0.0,21.8,29.1,29.1,30.0,300.0,300.0,31.5,35.7,28.9,28.200000000000003,30.1,4.96,2.0,4.97,0.16,0.0,0.0,1027.0,8228.0,0.0,0.0,0.0,0.0,0.0,1.0,0.0,0.0,0.0,0.0,0.0,-0.2,0.0,1.1,0.0,0.0,16.0,25903.0
2026-07-30T19:02:15.656Z,305.139,305.154,0.0,7.4,0.0,0.0,0.0,0.0,0.0,0.0,0.0,0.0,1.0,0.0,0.0,0.0,9.0,4.0,0.0,0.0,0.0,0.0,0.0,0.0,0.0,0.0,4.0,12.0,1.0,12.15,5.01,2.5,1.49,0.0,0.0,0.0,132.1,0.0,-0.3,0.5,1.1,-169.70000000000002,0.0,0.0,169.8,0.0,21.8,29.1,29.1,30.0,300.0,300.0,31.5,35.7,28.9,28.200000000000003,30.1,4.95,2.0,4.96,0.16,0.0,0.0,1027.0,8228.0,0.0,0.0,0.0,0.0,0.0,1.0,0.0,0.0,0.0,0.0,0.0,1.5,0.0,-0.9,0.0,0.0,16.0,25903.0
2026-07-30T19:02:15.668Z,305.151,305.166,0.0,7.4,0.0,0.0,0.0,0.0,0.0,0.0,0.0,0.0,1.0,0.0,0.0,0.0,9.0,4.0,0.0,0.0,0.0,0.0,0.0,0.0,0.0,0.0,6.0,12.0,1.0,12.15,5.01,2.5,1.49,0.0,0.0,0.0,132.3,0.0,0.3,0.0,1.1,-169.70000000000002,0.0,0.0,169.8,0.0,21.8,29.1,29.1,30.0,300.0,300.0,31.5,35.7,28.9,28.200000000000003,30.1,4.95,1.99,4.97,0.16,0.0,0.0,1027.0,8228.0,0.0,0.0,0.0,0.0,0.0,1.0,0.0,0.0,0.0,0.0,0.0,0.8,0.0,-1.0,0.0,0.0,16.0,25903.0
2026-07-30T19:02:15.680Z,305.163,305.178,0.0,7.4,0.0,0.0,0.0,0.0,0.0,0.0,0.0,0.0,1.0,0.0,0.0,0.0,9.0,4.0,0.0,0.0,0.0,0.0,0.0,0.0,0.0,0.0,1.0,12.0,1.0,12.17,5.0200000000000005,2.51,1.49,0.0,0.0,0.0,132.4,0.0,-0.2,0.5,-0.5,-169.70000000000002,0.0,0.0,169.70000000000002,0.0,21.700000000000003,29.1,29.1,30.0,300.0,300.0,31.5,35.7,29.0,28.200000000000003,30.1,4.95,1.99,4.96,0.16,0.0,0.0,1027.0,8228.0,0.0,0.0,0.0,0.0,0.0,1.0,0.0,0.0,0.0,0.0,0.0,0.2,0.0,0.5,0.0,0.0,16.0,25903.0
2026-07-30T19:02:15.692Z,305.175,305.19,0.0,7.4,0.0,0.0,0.0,0.0,0.0,0.0,0.0,0.0,1.0,0.0,0.0,0.0,9.0,4.0,0.0,0.0,0.0,0.0,0.0,0.0,0.0,0.0,2.0,12.0,1.0,12.17,5.0200000000000005,2.51,1.49,0.0,0.0,0.0,132.6,0.0,0.3,0.0,0.6000000000000001,-169.70000000000002,0.0,0.0,169.70000000000002,0.0,21.700000000000003,29.1,29.1,30.0,300.0,300.0,31.5,35.7,29.0,28.200000000000003,30.1,4.96,1.99,4.96,0.16,0.0,0.0,1027.0,8228.0,0.0,0.0,0.0,0.0,0.0,1.0,0.0,0.0,0.0,0.0,0.0,0.4,0.0,-0.5,0.0,0.0,16.0,25903.0
2026-07-30T19:02:15.704Z,305.187,305.202,-0.1,7.4,0.0,0.0,0.0,0.0,0.0,0.0,0.0,0.0,1.0,0.0,0.0,0.0,9.0,4.0,0.0,0.0,0.0,0.0,0.0,0.0,0.0,0.0,3.0,12.0,1.0,12.17,5.0200000000000005,2.51,1.49,0.0,0.1,0.0,132.8,0.0,-0.1,-0.5,-0.5,-169.70000000000002,0.0,0.0,169.8,0.0,21.700000000000003,29.1,29.1,30.0,300.0,300.0,31.5,35.7,29.0,28.200000000000003,30.1,4.95,1.99,4.97,0.16,0.0,0.0,1027.0,8228.0,0.0,0.0,0.0,0.0,0.0,1.0,0.0,0.0,0.0,0.0,0.0,-0.9,0.0,0.3,0.0,0.0,16.0,25903.0
2026-07-30T19:02:15.716Z,305.199,305.214,-0.1,7.4,0.0,0.0,0.0,0.0,0.0,0.0,0.0,0.0,1.0,0.0,0.0,0.0,9.0,4.0,0.0,0.0,0.0,0.0,0.0,0.0,0.0,0.0,5.0,12.0,1.0,12.17,5.0200000000000005,2.51,1.49,0.0,0.0,0.0,133.0,0.0,-0.1,-1.0,-0.5,-169.70000000000002,0.0,0.0,169.70000000000002,0.0,21.700000000000003,29.1,29.1,30.0,300.0,300.0,31.5,35.7,29.0,28.200000000000003,30.1,4.96,1.99,4.97,0.16,0.0,0.0,1027.0,8228.0,0.0,0.0,0.0,0.0,0.0,1.0,0.0,0.0,0.0,0.0,0.0,-1.6,0.0,0.2,0.0,0.0,16.0,25903.0
2026-07-30T19:02:15.728Z,305.211,305.226,-0.1,7.4,0.0,0.0,0.0,0.0,0.0,0.0,0.0,0.0,1.0,0.0,0.0,0.0,9.0,4.0,0.0,0.0,0.0,0.0,0.0,0.0,0.0,0.0,6.0,12.0,1.0,12.17,5.0200000000000005,2.51,1.49,0.0,0.0,0.0,133.1,0.0,-0.1,1.2000000000000002,-0.5,-169.70000000000002,0.0,0.0,169.60000000000002,0.0,21.700000000000003,29.1,29.1,30.0,300.0,300.0,31.5,35.7,29.0,28.200000000000003,30.1,4.96,1.99,4.96,0.16,0.0,0.0,1027.0,8228.0,0.0,0.0,0.0,0.0,0.0,1.0,0.0,0.0,0.0,0.0,0.0,1.0,0.0,0.7000000000000001,0.0,0.0,16.0,25903.0
2026-07-30T19:02:15.740Z,305.223,305.238,-0.1,7.4,0.0,0.0,0.0,0.0,0.0,0.0,0.0,0.0,1.0,0.0,0.0,0.0,9.0,4.0,0.0,0.0,0.0,0.0,0.0,0.0,0.0,0.0,1.0,12.0,1.0,12.17,5.0200000000000005,2.51,1.49,0.0,0.1,0.0,133.3,0.0,-0.7000000000000001,-1.0,-0.5,-169.70000000000002,0.0,0.0,169.8,0.0,21.700000000000003,29.1,29.1,30.0,300.0,300.0,31.5,35.7,29.0,28.200000000000003,30.1,4.96,1.99,4.96,0.16,0.0,0.0,1027.0,8228.0,0.0,0.0,0.0,0.0,0.0,1.0,0.0,0.0,0.0,0.0,0.0,-1.6,0.0,0.2,0.0,0.0001,16.0,25903.0
2026-07-30T19:02:15.753Z,305.236,305.25,-0.1,7.4,0.0,0.0,0.0,0.0,0.0,0.0,0.0,0.0,1.0,0.0,0.0,0.0,9.0,4.0,0.0,0.0,0.0,0.0,0.0,0.0,0.0,0.0,1.0,12.0,1.0,12.17,5.0200000000000005,2.51,1.49,0.0,0.0,0.0,133.6,0.0,0.4,0.6000000000000001,0.0,-169.70000000000002,0.0,0.0,169.8,0.0,21.700000000000003,29.1,29.1,30.0,300.0,300.0,31.5,35.7,29.0,28.200000000000003,30.1,4.96,1.99,4.97,0.16,0.0,0.0,1027.0,8228.0,0.0,0.0,0.0,0.0,0.0,1.0,0.0,0.0,0.0,0.0,0.0,0.8,0.0,0.0,0.0,0.0,16.0,25903.0
2026-07-30T19:02:15.764Z,305.247,305.262,-0.1,7.4,0.0,0.0,0.0,0.0,0.0,0.0,0.0,0.0,1.0,0.0,0.0,0.0,9.0,4.0,0.0,0.0,0.0,0.0,0.0,0.0,0.0,0.0,2.0,12.0,1.0,12.17,5.0200000000000005,2.51,1.49,0.0,0.0,0.0,133.8,0.0,-0.1,-0.4,0.0,-169.70000000000002,0.0,0.0,169.70000000000002,0.0,21.700000000000003,29.1,29.1,30.0,300.0,300.0,31.5,35.7,29.0,28.200000000000003,30.1,4.96,2.0,4.96,0.16,0.0,0.0,1027.0,8228.0,0.0,0.0,0.0,0.0,0.0,1.0,0.0,0.0,0.0,0.0,0.0,-0.4,0.0,-0.1,0.0,0.0,16.0,25903.0
2026-07-30T19:02:15.777Z,305.26,305.274,-0.1,7.4,0.0,0.0,0.0,0.0,0.0,0.0,0.0,0.0,1.0,0.0,0.0,0.0,9.0,4.0,0.0,0.0,0.0,0.0,0.0,0.0,0.0,0.0,3.0,12.0,1.0,12.14,5.01,2.51,1.5,0.0,0.0,0.0,133.9,0.0,-0.1,0.6000000000000001,0.6000000000000001,-169.70000000000002,0.0,0.0,169.70000000000002,0.0,21.700000000000003,29.1,29.1,30.0,300.0,300.0,31.3,35.7,29.0,28.200000000000003,30.1,4.96,1.99,4.97,0.17,0.0,0.0,1027.0,8228.0,0.0,0.0,0.0,0.0,0.0,1.0,0.0,0.0,0.0,0.0,0.0,1.2000000000000002,0.0,-0.4,0.0,0.0,16.0,25903.0
2026-07-30T19:02:15.788Z,305.271,305.286,-0.1,7.4,0.0,0.0,0.0,0.0,0.0,0.0,0.0,0.0,1.0,0.0,0.0,0.0,9.0,4.0,0.0,0.0,0.0,0.0,0.0,0.0,0.0,0.0,4.0,12.0,1.0,12.14,5.01,2.51,1.5,0.0,0.0,0.0,134.1,0.0,-0.8,0.0,-0.5,-169.70000000000002,0.0,0.0,169.8,0.0,21.700000000000003,29.1,29.1,30.0,300.0,300.0,31.3,35.7,29.0,28.200000000000003,30.1,4.95,1.99,4.97,0.16,0.0,0.0,1027.0,8228.0,0.0,0.0,0.0,0.0,0.0,1.0,0.0,0.0,0.0,0.0,0.0,-0.3,0.0,0.5,0.0,0.0,16.0,25903.0
2026-07-30T19:02:15.800Z,305.283,305.298,-0.1,7.4,0.0,0.0,0.0,0.0,0.0,0.0,0.0,0.0,1.0,0.0,0.0,0.0,9.0,4.0,0.0,0.0,0.0,0.0,0.0,0.0,0.0,0.0,5.0,12.0,1.0,12.14,5.01,2.51,1.5,0.0,0.0,0.0,134.3,0.0,0.9,-0.4,0.0,-169.70000000000002,0.0,0.0,169.70000000000002,0.0,21.700000000000003,29.1,29.1,30.0,300.0,300.0,31.3,35.7,29.0,28.200000000000003,30.1,4.96,1.99,4.97,0.16,0.0,0.0,1027.0,8228.0,0.0,0.0,0.0,0.0,0.0,1.0,0.0,0.0,0.0,0.0,0.0,-0.5,0.0,0.0,0.0,0.0,16.0,25903.0
2026-07-30T19:02:15.812Z,305.295,305.31,-0.1,7.4,0.0,0.0,0.0,0.0,0.0,0.0,0.0,0.0,1.0,0.0,0.0,0.0,9.0,4.0,0.0,0.0,0.0,0.0,0.0,0.0,0.0,0.0,6.0,12.0,1.0,12.14,5.01,2.51,1.5,0.0,0.0,0.0,134.4,0.0,0.3,0.1,0.5,-169.70000000000002,0.0,0.0,169.70000000000002,0.0,21.700000000000003,29.1,29.1,30.0,300.0,300.0,31.3,35.7,29.0,28.200000000000003,30.1,4.96,1.99,4.96,0.16,0.0,0.0,1027.0,8228.0,0.0,0.0,0.0,0.0,0.0,1.0,0.0,0.0,0.0,0.0,0.0,0.5,0.0,-0.4,0.0,0.0,16.0,25903.0
2026-07-30T19:02:15.824Z,305.307,305.322,-0.1,7.4,0.0,0.0,0.0,0.0,0.0,0.0,0.0,0.0,1.0,0.0,0.0,0.0,9.0,4.0,0.0,0.0,0.0,0.0,0.0,0.0,0.0,0.0,1.0,12.0,1.0,12.14,5.01,2.51,1.5,0.0,0.0,0.0,134.6,0.0,-0.2,0.0,0.5,-169.70000000000002,0.0,0.0,169.70000000000002,0.0,21.700000000000003,29.1,29.1,30.0,300.0,300.0,31.3,35.7,29.0,28.200000000000003,30.1,4.96,1.99,4.97,0.16,0.0,0.0,1027.0,8228.0,0.0,0.0,0.0,0.0,0.0,1.0,0.0,0.0,0.0,0.0,0.0,0.5,0.0,-0.4,0.0,0.0,16.0,25903.0
2026-07-30T19:02:15.836Z,305.319,305.334,-0.1,7.4,0.0,0.0,0.0,0.0,0.0,0.0,0.0,0.0,1.0,0.0,0.0,0.0,9.0,4.0,0.0,0.0,0.0,0.0,0.0,0.0,0.0,0.0,2.0,12.0,1.0,12.14,5.01,2.51,1.5,0.0,0.0,0.0,134.8,0.0,0.3,0.0,0.5,-169.70000000000002,0.0,0.0,169.70000000000002,0.0,21.700000000000003,29.1,29.1,30.0,300.0,300.0,31.3,35.7,29.0,28.200000000000003,30.1,4.96,1.99,4.97,0.16,0.0,0.0,1027.0,8228.0,0.0,0.0,0.0,0.0,0.0,1.0,0.0,0.0,0.0,0.0,0.0,0.4,0.0,-0.4,0.0,0.0,16.0,25903.0
2026-07-30T19:02:15.849Z,305.332,305.346,0.0,7.4,0.0,0.0,0.0,0.0,0.0,0.0,0.0,0.0,1.0,0.0,0.0,0.0,9.0,4.0,0.0,0.0,0.0,0.0,0.0,0.0,0.0,0.0,4.0,12.0,1.0,12.14,5.01,2.51,1.5,0.0,0.0,0.0,135.0,0.0,0.9,-0.4,0.0,-169.70000000000002,0.0,0.0,169.70000000000002,0.0,21.700000000000003,29.1,29.1,30.0,300.0,300.0,31.3,35.7,29.0,28.200000000000003,30.1,4.96,1.99,4.96,0.16,0.0,0.0,1027.0,8228.0,0.0,0.0,0.0,0.0,0.0,1.0,0.0,0.0,0.0,0.0,0.0,-0.5,0.0,0.0,0.0,0.0,16.0,25903.0
2026-07-30T19:02:15.860Z,305.343,305.358,0.0,7.4,0.0,0.0,0.0,0.0,0.0,0.0,0.0,0.0,1.0,0.0,0.0,0.0,9.0,4.0,0.0,0.0,0.0,0.0,0.0,0.0,0.0,0.0,5.0,12.0,1.0,12.14,5.01,2.51,1.5,0.0,0.0,0.0,135.1,0.0,-0.8,-1.0,-0.6000000000000001,-169.70000000000002,0.0,0.0,169.8,0.0,21.700000000000003,29.1,29.1,30.0,300.0,300.0,31.3,35.7,29.0,28.200000000000003,30.1,4.95,1.99,4.96,0.16,0.0,0.0,1027.0,8228.0,0.0,0.0,0.0,0.0,0.0,1.0,0.0,0.0,0.0,0.0,0.0,-1.6,0.0,0.3,0.0,0.0,16.0,25903.0
2026-07-30T19:02:15.872Z,305.355,305.37,0.0,7.4,0.0,0.0,0.0,0.0,0.0,0.0,0.0,0.0,1.0,0.0,0.0,0.0,9.0,4.0,0.0,0.0,0.0,0.0,0.0,0.0,0.0,0.0,6.0,12.0,1.0,12.14,5.01,2.51,1.5,0.0,0.0,0.0,135.20000000000002,0.0,-0.2,0.0,0.0,-169.70000000000002,0.0,0.0,169.70000000000002,0.0,21.700000000000003,29.1,29.1,30.0,300.0,300.0,31.3,35.7,29.0,28.200000000000003,30.1,4.95,1.99,4.96,0.16,0.0,0.0,1027.0,8228.0,0.0,0.0,0.0,0.0,0.0,1.0,0.0,0.0,0.0,0.0,0.0,0.0,0.0,0.0,0.0,0.0001,16.0,25903.0
2026-07-30T19:02:15.884Z,305.367,305.382,0.0,7.4,0.0,0.0,0.0,0.0,0.0,0.0,0.0,0.0,1.0,0.0,0.0,0.0,9.0,4.0,0.0,0.0,0.0,0.0,0.0,0.0,0.0,0.0,1.0,12.0,1.0,12.18,5.0200000000000005,2.51,1.49,0.0,0.0,0.0,135.0,0.0,0.3,1.2000000000000002,0.0,-169.70000000000002,0.0,0.0,169.70000000000002,0.0,21.4,29.1,29.1,30.0,300.0,300.0,31.5,35.7,28.9,28.200000000000003,30.1,4.96,1.99,4.96,0.16,0.0,0.0,1027.0,8228.0,0.0,0.0,0.0,0.0,0.0,1.0,0.0,0.0,0.0,0.0,0.0,1.4,0.0,0.3,0.0,0.0,16.0,25903.0
2026-07-30T19:02:15.897Z,305.38,305.394,0.0,7.4,0.0,0.0,0.0,0.0,0.0,0.0,0.0,0.0,1.0,0.0,0.0,0.0,9.0,4.0,0.0,0.0,0.0,0.0,0.0,0.0,0.0,0.0,2.0,12.0,1.0,12.18,5.0200000000000005,2.51,1.49,0.0,0.0,0.0,134.9,0.0,-0.2,0.7000000000000001,0.0,-169.70000000000002,0.0,0.0,169.8,0.0,21.4,29.1,29.1,30.0,300.0,300.0,31.5,35.7,28.9,28.200000000000003,30.1,4.95,1.99,4.96,0.16,0.0,0.0,1027.0,8228.0,0.0,0.0,0.0,0.0,0.0,1.0,0.0,0.0,0.0,0.0,0.0,0.8,0.0,0.1,0.0,0.0,16.0,25903.0
2026-07-30T19:02:15.908Z,305.391,305.406,0.0,7.4,0.0,0.0,0.0,0.0,0.0,0.0,0.0,0.0,1.0,0.0,0.0,0.0,9.0,4.0,0.0,0.0,0.0,0.0,0.0,0.0,0.0,0.0,3.0,12.0,1.0,12.18,5.0200000000000005,2.51,1.49,0.0,0.1,0.0,134.8,0.0,0.3,-0.3,-1.1,-169.70000000000002,0.0,0.0,169.70000000000002,0.0,21.4,29.1,29.1,30.0,300.0,300.0,31.5,35.7,28.9,28.200000000000003,30.1,4.96,1.99,4.96,0.16,0.0,0.0,1027.0,8228.0,0.0,0.0,0.0,0.0,0.0,1.0,0.0,0.0,0.0,0.0,0.0,-1.3,0.0,0.9,0.0,0.0001,16.0,25903.0
2026-07-30T19:02:15.920Z,305.403,305.418,0.0,7.4,0.0,0.0,0.0,0.0,0.0,0.0,0.0,0.0,1.0,0.0,0.0,0.0,9.0,4.0,0.0,0.0,0.0,0.0,0.0,0.0,0.0,0.0,4.0,12.0,1.0,12.18,5.0200000000000005,2.51,1.49,0.0,0.0,0.0,134.70000000000002,0.0,-0.2,-0.4,-1.8,-169.70000000000002,0.0,0.0,169.8,0.0,21.4,29.1,29.1,30.0,300.0,300.0,31.5,35.7,28.9,28.200000000000003,30.1,4.96,1.99,4.96,0.16,0.0,0.0,1027.0,8228.0,0.0,0.0,0.0,0.0,0.0,1.0,0.0,0.0,0.0,0.0,0.0,-1.8,0.0,1.5,0.0,0.0,16.0,25903.0
2026-07-30T19:02:15.932Z,305.415,305.43,0.0,7.4,0.0,0.0,0.0,0.0,0.0,0.0,0.0,0.0,1.0,0.0,0.0,0.0,9.0,4.0,0.0,0.0,0.0,0.0,0.0,0.0,0.0,0.0,5.0,12.0,1.0,12.18,5.0200000000000005,2.51,1.49,0.0,0.0,0.0,134.6,0.0,-0.8,0.1,0.0,-169.70000000000002,0.0,0.0,169.70000000000002,0.0,21.4,29.1,29.1,30.0,300.0,300.0,31.5,35.7,28.9,28.200000000000003,30.1,4.96,1.99,4.96,0.16,0.0,0.0,1027.0,8228.0,0.0,0.0,0.0,0.0,0.0,1.0,0.0,0.0,0.0,0.0,0.0,0.1,0.0,0.0,0.0,0.0001,16.0,25903.0
2026-07-30T19:02:15.944Z,305.427,305.442,0.0,7.4,0.0,0.0,0.0,0.0,0.0,0.0,0.0,0.0,1.0,0.0,0.0,0.0,9.0,4.0,0.0,0.0,0.0,0.0,0.0,0.0,0.0,0.0,6.0,12.0,1.0,12.18,5.0200000000000005,2.51,1.49,0.0,0.0,0.0,134.5,0.0,-0.2,0.7000000000000001,0.5,-169.70000000000002,0.0,0.0,169.70000000000002,0.0,21.4,29.1,29.1,30.0,300.0,300.0,31.5,35.7,28.9,28.200000000000003,30.1,4.95,1.99,4.97,0.16,0.0,0.0,1027.0,8228.0,0.0,0.0,0.0,0.0,0.0,1.0,0.0,0.0,0.0,0.0,0.0,1.2000000000000002,0.0,-0.3,0.0,0.0,16.0,25903.0
2026-07-30T19:02:15.956Z,305.439,305.454,0.0,7.4,0.0,0.0,0.0,0.0,0.0,0.0,0.0,0.0,1.0,0.0,0.0,0.0,9.0,4.0,0.0,0.0,0.0,0.0,0.0,0.0,0.0,0.0,1.0,12.0,1.0,12.18,5.0200000000000005,2.51,1.49,0.0,0.0,0.0,134.3,0.0,0.2,1.3,2.3000000000000003,-169.70000000000002,0.0,0.0,169.8,0.0,21.4,29.1,29.1,30.0,300.0,300.0,31.5,35.7,28.9,28.200000000000003,30.1,4.96,1.99,4.97,0.16,0.0,0.0,1027.0,8228.0,0.0,0.0,0.0,0.0,0.0,1.0,0.0,0.0,0.0,0.0,0.0,3.2,0.0,-1.7000000000000002,0.0,0.0,16.0,25903.0
2026-07-30T19:02:15.968Z,305.451,305.466,0.0,7.4,0.0,0.0,0.0,0.0,0.0,0.0,0.0,0.0,1.0,0.0,0.0,0.0,9.0,4.0,0.0,0.0,0.0,0.0,0.0,0.0,0.0,0.0,2.0,12.0,1.0,12.18,5.0200000000000005,2.51,1.49,0.0,0.0,0.0,134.3,0.0,0.9,0.7000000000000001,-1.7000000000000002,-169.70000000000002,0.0,0.0,169.8,0.0,21.4,29.1,29.1,30.0,300.0,300.0,31.5,35.7,28.9,28.200000000000003,30.1,4.96,1.99,4.96,0.16,0.0,0.0,1027.0,8228.0,0.0,0.0,0.0,0.0,0.0,1.0,0.0,0.0,0.0,0.0,0.0,-0.4,0.0,1.7000000000000002,0.0,0.0001,16.0,25903.0
2026-07-30T19:02:15.981Z,305.464,305.478,0.0,7.4,0.0,0.0,0.0,0.0,0.0,0.0,0.0,0.0,1.0,0.0,0.0,0.0,9.0,4.0,0.0,0.0,0.0,0.0,0.0,0.0,0.0,0.0,4.0,12.0,1.0,12.17,5.0200000000000005,2.5,1.49,0.0,0.1,0.0,134.20000000000002,0.0,0.3,0.7000000000000001,0.5,-169.70000000000002,0.0,0.0,169.70000000000002,0.0,21.3,29.1,29.1,30.0,300.0,300.0,31.6,35.800000000000004,29.0,28.200000000000003,30.1,4.95,1.99,4.96,0.16,0.0,0.0,1027.0,8228.0,0.0,0.0,0.0,0.0,0.0,1.0,0.0,0.0,0.0,0.0,0.0,1.2000000000000002,0.0,-0.3,0.0,0.0,16.0,25903.0
2026-07-30T19:02:15.992Z,305.475,305.49,0.0,7.4,0.0,0.0,0.0,0.0,0.0,0.0,0.0,0.0,1.0,0.0,0.0,0.0,9.0,4.0,0.0,0.0,0.0,0.0,0.0,0.0,0.0,0.0,5.0,12.0,1.0,12.17,5.0200000000000005,2.5,1.49,0.0,0.0,0.0,134.0,0.0,0.3,0.1,0.6000000000000001,-169.70000000000002,0.0,0.0,169.70000000000002,0.0,21.3,29.1,29.1,30.0,300.0,300.0,31.6,35.800000000000004,29.0,28.200000000000003,30.1,4.95,1.99,4.97,0.16,0.0,0.0,1027.0,8228.0,0.0,0.0,0.0,0.0,0.0,1.0,0.0,0.0,0.0,0.0,0.0,0.6000000000000001,0.0,-0.5,0.0,0.0001,16.0,25903.0
2026-07-30T19:02:16.004Z,305.487,305.502,0.0,7.4,0.0,0.0,0.0,0.0,0.0,0.0,0.0,0.0,1.0,0.0,0.0,0.0,9.0,4.0,0.0,0.0,0.0,0.0,0.0,0.0,0.0,0.0,5.0,12.0,1.0,12.17,5.0200000000000005,2.5,1.49,0.0,0.0,0.0,134.0,0.0,-0.2,-0.3,1.7000000000000002,-169.70000000000002,0.0,0.0,169.8,0.0,21.3,29.1,29.1,30.0,300.0,300.0,31.6,35.800000000000004,29.0,28.200000000000003,30.1,4.96,2.0,4.96,0.16,0.0,0.0,1027.0,8228.0,0.0,0.0,0.0,0.0,0.0,1.0,0.0,0.0,0.0,0.0,0.0,0.8,0.0,-1.6,0.0,0.0,16.0,25903.0
2026-07-30T19:02:16.016Z,305.499,305.514,0.0,7.4,0.0,0.0,0.0,0.0,0.0,0.0,0.0,0.0,1.0,0.0,0.0,0.0,9.0,4.0,0.0,0.0,0.0,0.0,0.0,0.0,0.0,0.0,1.0,12.0,1.0,12.17,5.0200000000000005,2.5,1.49,0.0,0.1,0.0,133.8,0.0,0.3,0.1,1.1,-169.70000000000002,0.0,0.0,169.8,0.0,21.3,29.1,29.1,30.0,300.0,300.0,31.6,35.800000000000004,29.0,28.200000000000003,30.1,4.96,1.99,4.97,0.16,0.0,0.0,1027.0,8228.0,0.0,0.0,0.0,0.0,0.0,1.0,0.0,0.0,0.0,0.0,0.0,1.0,0.0,-0.9,0.0,0.0,16.0,25903.0
2026-07-30T19:02:16.028Z,305.511,305.526,0.0,7.4,0.0,0.0,0.0,0.0,0.0,0.0,0.0,0.0,1.0,0.0,0.0,0.0,9.0,4.0,0.0,0.0,0.0,0.0,0.0,0.0,0.0,0.0,2.0,12.0,1.0,12.17,5.0200000000000005,2.5,1.49,0.0,0.0,0.0,133.70000000000002,0.0,0.3,0.1,0.0,-169.70000000000002,0.0,0.0,169.70000000000002,0.0,21.3,29.1,29.1,30.0,300.0,300.0,31.6,35.800000000000004,29.0,28.200000000000003,30.1,4.95,1.99,4.97,0.16,0.0,0.0,1027.0,8228.0,0.0,0.0,0.0,0.0,0.0,1.0,0.0,0.0,0.0,0.0,0.0,0.1,0.0,0.0,0.0,0.0,16.0,25903.0
2026-07-30T19:02:16.040Z,305.523,305.538,0.0,7.4,0.0,0.0,0.0,0.0,0.0,0.0,0.0,0.0,1.0,0.0,0.0,0.0,9.0,4.0,0.0,0.0,0.0,0.0,0.0,0.0,0.0,0.0,3.0,12.0,1.0,12.17,5.0200000000000005,2.5,1.49,0.0,0.1,0.0,133.6,0.0,0.3,-0.9,-1.2000000000000002,-169.70000000000002,0.0,0.0,169.70000000000002,0.0,21.3,29.1,29.1,30.0,300.0,300.0,31.6,35.800000000000004,29.0,28.200000000000003,30.1,4.96,1.99,4.97,0.16,0.0,0.0,1027.0,8228.0,0.0,0.0,0.0,0.0,0.0,1.0,0.0,0.0,0.0,0.0,0.0,-2.0,0.0,0.8,0.0,0.0,16.0,25903.0
2026-07-30T19:02:16.052Z,305.535,305.55,0.0,7.4,0.0,0.0,0.0,0.0,0.0,0.0,0.0,0.0,1.0,0.0,0.0,0.0,9.0,4.0,0.0,0.0,0.0,0.0,0.0,0.0,0.0,0.0,4.0,12.0,1.0,12.17,5.0200000000000005,2.5,1.49,0.0,0.0,0.0,133.5,0.0,-0.2,-0.9,0.0,-169.70000000000002,0.0,0.0,169.70000000000002,0.0,21.3,29.1,29.1,30.0,300.0,300.0,31.6,35.800000000000004,29.0,28.200000000000003,30.1,4.95,2.0,4.96,0.16,0.0,0.0,1027.0,8228.0,0.0,0.0,0.0,0.0,0.0,1.0,0.0,0.0,0.0,0.0,0.0,-1.1,0.0,-0.1,0.0,0.0,16.0,25903.0
2026-07-30T19:02:16.064Z,305.547,305.562,0.0,7.4,0.0,0.0,0.0,0.0,0.0,0.0,0.0,0.0,1.0,0.0,0.0,0.0,9.0,4.0,0.0,0.0,0.0,0.0,0.0,0.0,0.0,0.0,5.0,12.0,1.0,12.17,5.0200000000000005,2.5,1.49,0.0,0.0,0.0,133.3,0.0,0.3,-0.4,-0.6000000000000001,-169.70000000000002,0.0,0.0,169.8,0.0,21.3,29.1,29.1,30.0,300.0,300.0,31.6,35.800000000000004,29.0,28.200000000000003,30.1,4.95,1.99,4.97,0.16,0.0,0.0,1027.0,8228.0,0.0,0.0,0.0,0.0,0.0,1.0,0.0,0.0,0.0,0.0,0.0,1.7000000000000002,0.0,-0.8,0.0,0.0,16.0,25903.0
2026-07-30T19:02:16.076Z,305.559,305.574,0.0,7.4,0.0,0.0,0.0,0.0,0.0,0.0,0.0,0.0,1.0,0.0,0.0,0.0,9.0,4.0,0.0,0.0,0.0,0.0,0.0,0.0,0.0,0.0,6.0,12.0,1.0,12.17,5.0200000000000005,2.5,1.49,0.0,0.1,0.0,133.3,0.0,0.3,1.3,0.5,-169.70000000000002,0.0,0.0,169.70000000000002,0.0,21.3,29.1,29.1,30.0,300.0,300.0,31.6,35.800000000000004,29.0,28.200000000000003,30.1,4.95,2.0,4.97,0.16,0.0,0.0,1027.0,8228.0,0.0,0.0,0.0,0.0,0.0,1.0,0.0,0.0,0.0,0.0,0.0,3.6,0.0,-0.4,0.0,0.0,16.0,25903.0
2026-07-30T19:02:16.088Z,305.571,305.586,0.0,7.4,0.0,0.0,0.0,0.0,0.0,0.0,0.0,0.0,1.0,0.0,0.0,0.0,9.0,4.0,0.0,0.0,0.0,0.0,0.0,0.0,0.0,0.0,1.0,12.0,1.0,12.18,5.01,2.51,1.49,0.0,0.0,0.0,133.20000000000002,0.0,0.3,-0.4,1.1,-169.70000000000002,0.0,0.0,169.70000000000002,0.0,21.8,29.1,29.1,30.0,300.0,300.0,31.5,35.800000000000004,29.0,28.200000000000003,30.1,4.96,2.0,4.96,0.16,0.0,0.0,1027.0,8228.0,0.0,0.0,0.0,0.0,0.0,1.0,0.0,0.0,0.0,0.0,0.0,2.0,0.0,-1.3,0.0,0.0,16.0,25903.0
2026-07-30T19:02:16.100Z,305.583,305.598,0.0,7.4,0.0,0.0,0.0,0.0,0.0,0.0,0.0,0.0,1.0,0.0,0.0,0.0,9.0,4.0,0.0,0.0,0.0,0.0,0.0,0.0,0.0,0.0,2.0,12.0,1.0,12.18,5.01,2.51,1.49,0.0,0.0,0.0,133.1,0.0,-0.2,-0.4,0.4,-169.70000000000002,0.0,0.0,169.8,0.0,21.8,29.1,29.1,30.0,300.0,300.0,31.5,35.800000000000004,29.0,28.200000000000003,30.1,4.95,1.99,4.97,0.16,0.0,0.0,1027.0,8228.0,0.0,0.0,0.0,0.0,0.0,1.0,0.0,0.0,0.0,0.0,0.0,-0.1,0.0,-0.5,0.0,0.0001,16.0,25903.0
2026-07-30T19:02:16.112Z,305.595,305.61,0.0,7.4,0.0,0.0,0.0,0.0,0.0,0.0,0.0,0.0,1.0,0.0,0.0,0.0,9.0,4.0,0.0,0.0,0.0,0.0,0.0,0.0,0.0,0.0,3.0,12.0,1.0,12.18,5.01,2.51,1.49,0.0,0.0,0.0,133.0,0.0,-0.3,0.6000000000000001,-0.6000000000000001,-169.70000000000002,0.0,0.0,169.8,0.0,21.8,29.1,29.1,30.0,300.0,300.0,31.5,35.800000000000004,29.0,28.200000000000003,30.1,4.95,1.99,4.96,0.16,0.0,0.0,1027.0,8228.0,0.0,0.0,0.0,0.0,0.0,1.0,0.0,0.0,0.0,0.0,0.0,0.2,0.0,0.7000000000000001,0.0,0.0,16.0,25903.0
2026-07-30T19:02:16.125Z,305.608,305.622,0.0,7.4,0.0,0.0,0.0,0.0,0.0,0.0,0.0,0.0,1.0,0.0,0.0,0.0,9.0,4.0,0.0,0.0,0.0,0.0,0.0,0.0,0.0,0.0,4.0,12.0,1.0,12.18,5.01,2.51,1.49,0.0,0.0,0.0,132.8,0.0,0.2,0.1,0.0,-169.70000000000002,0.0,0.0,169.8,0.0,21.8,29.1,29.1,30.0,300.0,300.0,31.5,35.800000000000004,29.0,28.200000000000003,30.1,4.96,2.0,4.96,0.16,0.0,0.0,1027.0,8228.0,0.0,0.0,0.0,0.0,0.0,1.0,0.0,0.0,0.0,0.0,0.0,0.0,0.0,0.0,0.0,0.0,16.0,25903.0
2026-07-30T19:02:16.136Z,305.619,305.634,0.0,7.4,0.0,0.0,0.0,0.0,0.0,0.0,0.0,0.0,1.0,0.0,0.0,0.0,9.0,4.0,0.0,0.0,0.0,0.0,0.0,0.0,0.0,0.0,5.0,12.0,1.0,12.18,5.01,2.51,1.49,0.0,0.0,0.0,132.70000000000002,0.0,-0.3,0.1,0.0,-169.70000000000002,0.0,0.0,169.8,0.0,21.8,29.1,29.1,30.0,300.0,300.0,31.5,35.800000000000004,29.0,28.200000000000003,30.1,4.95,2.0,4.97,0.16,0.0,0.0,1027.0,8228.0,0.0,0.0,0.0,0.0,0.0,1.0,0.0,0.0,0.0,0.0,0.0,0.0,0.0,0.1,0.0,0.0,16.0,25903.0
2026-07-30T19:02:16.148Z,305.631,305.646,0.0,7.4,0.0,0.0,0.0,0.0,0.0,0.0,0.0,0.0,1.0,0.0,0.0,0.0,9.0,4.0,0.0,0.0,0.0,0.0,0.0,0.0,0.0,0.0,6.0,12.0,1.0,12.18,5.01,2.51,1.49,0.0,0.0,0.0,132.70000000000002,0.0,-0.8,-1.0,1.1,-169.70000000000002,0.0,0.0,169.8,0.0,21.8,29.1,29.1,30.0,300.0,300.0,31.5,35.800000000000004,29.0,28.200000000000003,30.1,4.95,1.99,4.97,0.16,0.0,0.0,1027.0,8228.0,0.0,0.0,0.0,0.0,0.0,1.0,0.0,0.0,0.0,0.0,0.0,-0.3,0.0,-1.2000000000000002,0.0,0.0,16.0,25903.0
2026-07-30T19:02:16.160Z,305.643,305.658,0.0,7.4,0.0,0.0,0.0,0.0,0.0,0.0,0.0,0.0,1.0,0.0,0.0,0.0,9.0,4.0,0.0,0.0,0.0,0.0,0.0,0.0,0.0,0.0,1.0,12.0,1.0,12.18,5.01,2.51,1.49,0.0,0.0,0.0,132.6,0.0,-0.3,0.7000000000000001,-1.2000000000000002,-169.70000000000002,0.0,0.0,169.8,0.0,21.8,29.1,29.1,30.0,300.0,300.0,31.5,35.800000000000004,29.0,28.200000000000003,30.1,4.95,1.99,4.96,0.16,0.0,0.0,1027.0,8228.0,0.0,0.0,0.0,0.0,0.0,1.0,0.0,0.0,0.0,0.0,0.0,0.0,0.0,1.2000000000000002,0.0,0.0,16.0,25903.0
2026-07-30T19:02:16.172Z,305.655,305.67,0.0,7.4,0.0,0.0,0.0,0.0,0.0,0.0,0.0,0.0,1.0,0.0,0.0,0.0,9.0,4.0,0.0,0.0,0.0,0.0,0.0,0.0,0.0,0.0,2.0,12.0,1.0,12.18,5.01,2.51,1.49,0.0,0.0,0.0,132.5,0.0,0.2,0.1,-0.5,-169.70000000000002,0.0,0.0,169.8,0.0,21.8,29.1,29.1,30.0,300.0,300.0,31.5,35.800000000000004,29.0,28.200000000000003,30.1,4.96,1.99,4.96,0.16,0.0,0.0,1027.0,8228.0,0.0,0.0,0.0,0.0,0.0,1.0,0.0,0.0,0.0,0.0,0.0,-0.2,0.0,0.5,0.0,0.0,16.0,25903.0
2026-07-30T19:02:16.185Z,305.668,305.682,0.0,7.4,0.0,0.0,0.0,0.0,0.0,0.0,0.0,0.0,1.0,0.0,0.0,0.0,9.0,4.0,0.0,0.0,0.0,0.0,0.0,0.0,0.0,0.0,3.0,12.0,1.0,12.14,5.01,2.51,1.5,0.0,0.1,0.0,132.3,0.0,-0.8,0.7000000000000001,0.0,-169.70000000000002,0.0,0.0,169.8,0.0,21.4,29.1,29.1,30.0,300.0,300.0,31.5,35.800000000000004,29.0,28.200000000000003,30.1,4.95,1.99,4.97,0.16,0.0,0.0,1027.0,8228.0,0.0,0.0,0.0,0.0,0.0,1.0,0.0,0.0,0.0,0.0,0.0,0.9,0.0,0.1,0.0,0.0,16.0,25903.0
2026-07-30T19:02:16.196Z,305.679,305.694,0.0,7.4,0.0,0.0,0.0,0.0,0.0,0.0,0.0,0.0,1.0,0.0,0.0,0.0,9.0,4.0,0.0,0.0,0.0,0.0,0.0,0.0,0.0,0.0,4.0,12.0,1.0,12.14,5.01,2.51,1.5,0.0,0.0,0.0,132.20000000000002,0.0,0.2,0.1,2.3000000000000003,-169.70000000000002,0.0,0.0,169.8,0.0,21.4,29.1,29.1,30.0,300.0,300.0,31.5,35.800000000000004,29.0,28.200000000000003,30.1,4.96,1.99,4.97,0.16,0.0,0.0,1027.0,8228.0,0.0,0.0,0.0,0.0,0.0,1.0,0.0,0.0,0.0,0.0,0.0,1.9,0.0,-2.0,0.0,0.0,16.0,25903.0
2026-07-30T19:02:16.208Z,305.691,305.706,0.0,7.4,0.0,0.0,0.0,0.0,0.0,0.0,0.0,0.0,1.0,0.0,0.0,0.0,9.0,4.0,0.0,0.0,0.0,0.0,0.0,0.0,0.0,0.0,6.0,12.0,1.0,12.14,5.01,2.51,1.5,0.0,0.0,0.0,132.1,0.0,-0.2,1.3,0.5,-169.70000000000002,0.0,0.0,169.8,0.0,21.4,29.1,29.1,30.0,300.0,300.0,31.5,35.800000000000004,29.0,28.200000000000003,30.1,4.96,2.0,4.96,0.16,0.0,0.0,1027.0,8228.0,0.0,0.0,0.0,0.0,0.0,1.0,0.0,0.0,0.0,0.0,0.0,1.9,0.0,-0.2,0.0,0.0,16.0,25903.0
2026-07-30T19:02:16.220Z,305.703,305.718,0.0,7.4,0.0,0.0,0.0,0.0,0.0,0.0,0.0,0.0,1.0,0.0,0.0,0.0,9.0,4.0,0.0,0.0,0.0,0.0,0.0,0.0,0.0,0.0,1.0,12.0,1.0,12.14,5.01,2.51,1.5,0.0,0.0,0.0,132.0,0.0,-0.2,0.1,-0.6000000000000001,-169.70000000000002,0.0,0.0,169.8,0.0,21.4,29.1,29.1,30.0,300.0,300.0,31.5,35.800000000000004,29.0,28.200000000000003,30.1,4.95,1.99,4.96,0.16,0.0,0.0,1027.0,8228.0,0.0,0.0,0.0,0.0,0.0,1.0,0.0,0.0,0.0,0.0,0.0,-0.3,0.0,0.5,0.0,0.0,16.0,25903.0
2026-07-30T19:02:16.232Z,305.715,305.73,0.0,7.4,0.0,0.0,0.0,0.0,0.0,0.0,0.0,0.0,1.0,0.0,0.0,0.0,9.0,4.0,0.0,0.0,0.0,0.0,0.0,0.0,0.0,0.0,1.0,12.0,1.0,12.14,5.01,2.51,1.5,0.0,0.0,0.0,131.8,0.0,-0.2,-0.4,-0.6000000000000001,-169.70000000000002,0.0,0.0,169.70000000000002,0.0,21.4,29.1,29.1,30.0,300.0,300.0,31.5,35.800000000000004,29.0,28.200000000000003,30.1,4.95,1.99,4.97,0.16,0.0,0.0,1027.0,8228.0,0.0,0.0,0.0,0.0,0.0,1.0,0.0,0.0,0.0,0.0,0.0,-0.9,0.0,0.4,0.0,0.0,16.0,25903.0
2026-07-30T19:02:16.245Z,305.728,305.742,0.0,7.4,0.0,0.0,0.0,0.0,0.0,0.0,0.0,0.0,1.0,0.0,0.0,0.0,9.0,4.0,0.0,0.0,0.0,0.0,0.0,0.0,0.0,0.0,2.0,12.0,1.0,12.14,5.01,2.51,1.5,0.0,0.0,0.0,131.8,0.0,-0.8,-0.4,0.0,-169.70000000000002,0.0,0.0,169.8,0.0,21.4,29.1,29.1,30.0,300.0,300.0,31.5,35.800000000000004,29.0,28.200000000000003,30.1,4.96,1.99,4.96,0.16,0.0,0.0,1027.0,8228.0,0.0,0.0,0.0,0.0,0.0,1.0,0.0,0.0,0.0,0.0,0.0,-0.5,0.0,0.0,0.0,0.0,16.0,25903.0
2026-07-30T19:02:16.257Z,305.74,305.754,0.0,7.4,0.0,0.0,0.0,0.0,0.0,0.0,0.0,0.0,1.0,0.0,0.0,0.0,9.0,4.0,0.0,0.0,0.0,0.0,0.0,0.0,0.0,0.0,3.0,12.0,1.0,12.14,5.01,2.51,1.5,0.0,0.0,0.0,131.70000000000002,0.0,-0.8,-0.4,-1.7000000000000002,-169.70000000000002,0.0,0.0,169.8,0.0,21.4,29.1,29.1,30.0,300.0,300.0,31.5,35.800000000000004,29.0,28.200000000000003,30.1,4.96,1.99,4.96,0.16,0.0,0.0,1027.0,8228.0,0.0,0.0,0.0,0.0,0.0,1.0,0.0,0.0,0.0,0.0,0.0,-1.7000000000000002,0.0,1.4,0.0,0.0,16.0,25903.0
2026-07-30T19:02:16.268Z,305.751,305.766,0.0,7.4,0.0,0.0,0.0,0.0,0.0,0.0,0.0,0.0,1.0,0.0,0.0,0.0,9.0,4.0,0.0,0.0,0.0,0.0,0.0,0.0,0.0,0.0,4.0,12.0,1.0,12.14,5.01,2.51,1.5,0.0,0.0,0.0,131.6,0.0,-0.8,0.1,1.1,-169.70000000000002,0.0,0.0,169.8,0.0,21.4,29.1,29.1,30.0,300.0,300.0,31.5,35.800000000000004,29.0,28.200000000000003,30.1,4.95,1.99,4.96,0.16,0.0,0.0,1027.0,8228.0,0.0,0.0,0.0,0.0,0.0,1.0,0.0,0.0,0.0,0.0,0.0,1.0,0.0,-1.0,0.0,0.0,16.0,25903.0
2026-07-30T19:02:16.281Z,305.764,305.778,0.0,7.4,0.0,0.0,0.0,0.0,0.0,0.0,0.0,0.0,1.0,0.0,0.0,0.0,9.0,4.0,0.0,0.0,0.0,0.0,0.0,0.0,0.0,0.0,5.0,12.0,1.0,12.14,5.01,2.51,1.5,0.0,0.0,0.0,131.5,0.0,-0.2,-0.3,-1.1,-169.70000000000002,0.0,0.0,169.8,0.0,21.4,29.1,29.1,30.0,300.0,300.0,31.5,35.800000000000004,29.0,28.200000000000003,30.1,4.96,1.99,4.97,0.16,0.0,0.0,1027.0,8228.0,0.0,0.0,0.0,0.0,0.0,1.0,0.0,0.0,0.0,0.0,0.0,-1.3,0.0,0.9,0.0,0.0,16.0,25903.0
2026-07-30T19:02:16.292Z,305.775,305.79,0.0,7.4,0.0,0.0,0.0,0.0,0.0,0.0,0.0,0.0,1.0,0.0,0.0,0.0,9.0,4.0,0.0,0.0,0.0,0.0,0.0,0.0,0.0,0.0,6.0,12.0,1.0,12.15,5.01,2.51,1.49,0.0,0.0,0.0,131.4,0.0,-0.2,0.1,-1.1,-169.70000000000002,0.0,0.0,169.8,0.0,21.8,29.1,29.1,30.0,300.0,300.0,31.6,35.800000000000004,29.0,28.200000000000003,30.1,4.96,2.0,4.96,0.16,0.0,0.0,1027.0,8228.0,0.0,0.0,0.0,0.0,0.0,1.0,0.0,0.0,0.0,0.0,0.0,-0.6000000000000001,0.0,1.0,0.0,0.0,16.0,25903.0
2026-07-30T19:02:16.304Z,305.787,305.802,0.0,7.4,0.0,0.0,0.0,0.0,0.0,0.0,0.0,0.0,1.0,0.0,0.0,0.0,9.0,4.0,0.0,0.0,0.0,0.0,0.0,0.0,0.0,0.0,1.0,12.0,1.0,12.15,5.01,2.51,1.49,0.0,0.0,0.0,131.6,0.0,-0.2,0.1,0.0,-169.70000000000002,0.0,0.0,169.8,0.0,21.8,29.1,29.1,30.0,300.0,300.0,31.6,35.800000000000004,29.0,28.200000000000003,30.1,4.96,1.99,4.97,0.16,0.0,0.0,1027.0,8228.0,0.0,0.0,0.0,0.0,0.0,1.0,0.0,0.0,0.0,0.0,0.0,0.1,0.0,0.0,0.0,0.0,16.0,25903.0
2026-07-30T19:02:16.316Z,305.799,305.814,0.0,7.4,0.0,0.0,0.0,0.0,0.0,0.0,0.0,0.0,1.0,0.0,0.0,0.0,9.0,4.0,0.0,0.0,0.0,0.0,0.0,0.0,0.0,0.0,2.0,12.0,1.0,12.15,5.01,2.51,1.49,0.0,0.1,0.0,131.8,0.0,-0.2,1.2000000000000002,0.0,-169.70000000000002,0.0,0.0,169.70000000000002,0.0,21.8,29.1,29.1,30.0,300.0,300.0,31.6,35.800000000000004,29.0,28.200000000000003,30.1,4.95,1.99,4.97,0.16,0.0,0.0,1027.0,8228.0,0.0,0.0,0.0,0.0,0.0,1.0,0.0,0.0,0.0,0.0,0.0,1.4,0.0,0.2,0.0,0.0,16.0,25903.0
2026-07-30T19:02:16.328Z,305.811,305.826,0.0,7.4,0.0,0.0,0.0,0.0,0.0,0.0,0.0,0.0,1.0,0.0,0.0,0.0,9.0,4.0,0.0,0.0,0.0,0.0,0.0,0.0,0.0,0.0,3.0,12.0,1.0,12.15,5.01,2.51,1.49,0.0,0.0,0.0,132.0,0.0,-0.2,0.7000000000000001,0.0,-169.70000000000002,0.0,0.0,169.8,0.0,21.8,29.1,29.1,30.0,300.0,300.0,31.6,35.800000000000004,29.0,28.200000000000003,30.1,4.96,1.99,4.96,0.16,0.0,0.0,1027.0,8228.0,0.0,0.0,0.0,0.0,0.0,1.0,0.0,0.0,0.0,0.0,0.0,0.7000000000000001,0.0,0.1,0.0,0.0,16.0,25903.0
2026-07-30T19:02:16.340Z,305.823,305.838,0.0,7.4,0.0,0.0,0.0,0.0,0.0,0.0,0.0,0.0,1.0,0.0,0.0,0.0,9.0,4.0,0.0,0.0,0.0,0.0,0.0,0.0,0.0,0.0,4.0,12.0,1.0,12.15,5.01,2.51,1.49,0.0,0.1,0.0,132.20000000000002,0.0,0.3,-0.4,-0.5,-169.70000000000002,0.0,0.0,169.8,0.0,21.8,29.1,29.1,30.0,300.0,300.0,31.6,35.800000000000004,29.0,28.200000000000003,30.1,4.95,1.99,4.97,0.16,0.0,0.0,1027.0,8228.0,0.0,0.0,0.0,0.0,0.0,1.0,0.0,0.0,0.0,0.0,0.0,-0.9,0.0,0.4,0.0,0.0,16.0,25903.0
2026-07-30T19:02:16.352Z,305.835,305.85,0.0,7.4,0.0,0.0,0.0,0.0,0.0,0.0,0.0,0.0,1.0,0.0,0.0,0.0,9.0,4.0,0.0,0.0,0.0,0.0,0.0,0.0,0.0,0.0,5.0,12.0,1.0,12.15,5.01,2.51,1.49,0.0,0.0,0.0,132.3,0.0,0.3,0.7000000000000001,-0.6000000000000001,-169.70000000000002,0.0,0.0,169.8,0.0,21.8,29.1,29.1,30.0,300.0,300.0,31.6,35.800000000000004,29.0,28.200000000000003,30.1,4.95,1.99,4.96,0.16,0.0,0.0,1027.0,8228.0,0.0,0.0,0.0,0.0,0.0,1.0,0.0,0.0,0.0,0.0,0.0,0.3,0.0,0.6000000000000001,0.0,0.0,16.0,25903.0
2026-07-30T19:02:16.364Z,305.847,305.862,0.0,7.4,0.0,0.0,0.0,0.0,0.0,0.0,0.0,0.0,1.0,0.0,0.0,0.0,9.0,4.0,0.0,0.0,0.0,0.0,0.0,0.0,0.0,0.0,6.0,12.0,1.0,12.15,5.01,2.51,1.49,0.0,0.0,0.0,132.5,0.0,0.3,0.7000000000000001,0.0,-169.70000000000002,0.0,0.0,169.70000000000002,0.0,21.8,29.1,29.1,30.0,300.0,300.0,31.6,35.800000000000004,29.0,28.200000000000003,30.1,4.96,1.99,4.96,0.16,0.0,0.0,1027.0,8228.0,0.0,0.0,0.0,0.0,0.0,1.0,0.0,0.0,0.0,0.0,0.0,0.7000000000000001,0.0,0.2,0.0,0.0,16.0,25903.0
2026-07-30T19:02:16.376Z,305.859,305.874,0.0,7.4,0.0,0.0,0.0,0.0,0.0,0.0,0.0,0.0,1.0,0.0,0.0,0.0,9.0,4.0,0.0,0.0,0.0,0.0,0.0,0.0,0.0,0.0,1.0,12.0,1.0,12.15,5.01,2.51,1.49,0.0,0.0,0.0,132.70000000000002,0.0,-1.4,0.1,-0.7000000000000001,-169.70000000000002,0.0,0.0,169.8,0.0,21.8,29.1,29.1,30.0,300.0,300.0,31.6,35.800000000000004,29.0,28.200000000000003,30.1,4.96,1.99,4.97,0.16,0.0,0.0,1027.0,8228.0,0.0,0.0,0.0,0.0,0.0,1.0,0.0,0.0,0.0,0.0,0.0,-0.3,0.0,0.6000000000000001,0.0,0.0001,16.0,25903.0
2026-07-30T19:02:16.389Z,305.872,305.886,0.0,7.4,0.0,0.0,0.0,0.0,0.0,0.0,0.0,0.0,1.0,0.0,0.0,0.0,9.0,4.0,0.0,0.0,0.0,0.0,0.0,0.0,0.0,0.0,2.0,12.0,1.0,12.17,5.0200000000000005,2.51,1.49,0.0,0.0,0.0,132.9,0.0,0.3,-0.4,1.0,-169.70000000000002,0.0,0.0,169.70000000000002,0.0,21.3,29.1,29.1,30.0,300.0,300.0,31.5,35.800000000000004,29.0,28.200000000000003,30.1,4.95,1.99,4.97,0.16,0.0,0.0,1027.0,8228.0,0.0,0.0,0.0,0.0,0.0,1.0,0.0,0.0,0.0,0.0,0.0,0.2,0.0,-1.0,0.0,0.0,16.0,25903.0
2026-07-30T19:02:16.401Z,305.884,305.898,0.0,7.4,0.0,0.0,0.0,0.0,0.0,0.0,0.0,0.0,1.0,0.0,0.0,0.0,9.0,4.0,0.0,0.0,0.0,0.0,0.0,0.0,0.0,0.0,3.0,12.0,1.0,12.17,5.0200000000000005,2.51,1.49,0.0,0.0,0.0,133.0,0.0,0.3,0.6000000000000001,-1.3,-169.70000000000002,0.0,0.0,169.70000000000002,0.0,21.3,29.1,29.1,30.0,300.0,300.0,31.5,35.800000000000004,29.0,28.200000000000003,30.1,4.95,1.99,4.96,0.16,0.0,0.0,1027.0,8228.0,0.0,0.0,0.0,0.0,0.0,1.0,0.0,0.0,0.0,0.0,0.0,-0.1,0.0,1.2000000000000002,0.0,0.0,16.0,25903.0
2026-07-30T19:02:16.413Z,305.896,305.91,0.0,7.4,0.0,0.0,0.0,0.0,0.0,0.0,0.0,0.0,1.0,0.0,0.0,0.0,9.0,4.0,0.0,0.0,0.0,0.0,0.0,0.0,0.0,0.0,4.0,12.0,1.0,12.17,5.0200000000000005,2.51,1.49,0.0,0.1,0.0,133.3,0.0,-0.1,0.7000000000000001,0.4,-169.70000000000002,0.0,0.0,169.8,0.0,21.3,29.1,29.1,30.0,300.0,300.0,31.5,35.800000000000004,29.0,28.200000000000003,30.1,4.95,1.99,4.96,0.16,0.0,0.0,1027.0,8228.0,0.0,0.0,0.0,0.0,0.0,1.0,0.0,0.0,0.0,0.0,0.0,1.1,0.0,-0.2,0.0,0.0,16.0,25903.0
2026-07-30T19:02:16.424Z,305.907,305.922,0.0,7.4,0.0,0.0,0.0,0.0,0.0,0.0,0.0,0.0,1.0,0.0,0.0,0.0,9.0,4.0,0.0,0.0,0.0,0.0,0.0,0.0,0.0,0.0,6.0,12.0,1.0,12.17,5.0200000000000005,2.51,1.49,0.0,0.0,0.0,133.5,0.0,0.3,0.1,-0.1,-169.70000000000002,0.0,0.0,169.70000000000002,0.0,21.3,29.1,29.1,30.0,300.0,300.0,31.5,35.800000000000004,29.0,28.200000000000003,30.1,4.95,1.99,4.97,0.16,0.0,0.0,1027.0,8228.0,0.0,0.0,0.0,0.0,0.0,1.0,0.0,0.0,0.0,0.0,0.0,0.0,0.0,0.1,0.0,0.0,16.0,25903.0
2026-07-30T19:02:16.436Z,305.919,305.934,0.0,7.4,0.0,0.0,0.0,0.0,0.0,0.0,0.0,0.0,1.0,0.0,0.0,0.0,9.0,4.0,0.0,0.0,0.0,0.0,0.0,0.0,0.0,0.0,6.0,12.0,1.0,12.17,5.0200000000000005,2.51,1.49,0.0,0.0,0.0,133.6,0.0,0.3,-1.0,-0.7000000000000001,-169.70000000000002,0.0,0.0,169.8,0.0,21.3,29.1,29.1,30.0,300.0,300.0,31.5,35.800000000000004,29.0,28.200000000000003,30.1,4.96,1.99,4.96,0.16,0.0,0.0,1027.0,8228.0,0.0,0.0,0.0,0.0,0.0,1.0,0.0,0.0,0.0,0.0,0.0,-1.7000000000000002,0.0,0.4,0.0,0.0,16.0,25903.0
2026-07-30T19:02:16.448Z,305.931,305.946,0.0,7.4,0.0,0.0,0.0,0.0,0.0,0.0,0.0,0.0,1.0,0.0,0.0,0.0,9.0,4.0,0.0,0.0,0.0,0.0,0.0,0.0,0.0,0.0,1.0,12.0,1.0,12.17,5.0200000000000005,2.51,1.49,0.0,0.0,0.0,133.8,0.0,-0.2,-0.4,0.4,-169.70000000000002,0.0,0.0,169.70000000000002,0.0,21.3,29.1,29.1,30.0,300.0,300.0,31.5,35.800000000000004,29.0,28.200000000000003,30.1,4.96,1.99,4.96,0.16,0.0,0.0,1027.0,8228.0,0.0,0.0,0.0,0.0,0.0,1.0,0.0,0.0,0.0,0.0,0.0,-0.1,0.0,-0.4,0.0,0.0,16.0,25903.0
2026-07-30T19:02:16.460Z,305.943,305.958,0.0,7.4,0.0,0.0,0.0,0.0,0.0,0.0,0.0,0.0,1.0,0.0,0.0,0.0,9.0,4.0,0.0,0.0,0.0,0.0,0.0,0.0,0.0,0.0,2.0,12.0,1.0,12.17,5.0200000000000005,2.51,1.49,0.0,0.0,0.0,134.0,0.0,0.3,1.3,-0.1,-169.70000000000002,0.0,0.0,169.70000000000002,0.0,21.3,29.1,29.1,30.0,300.0,300.0,31.5,35.800000000000004,29.0,28.200000000000003,30.1,4.95,1.99,4.96,0.16,0.0,0.0,1027.0,8228.0,0.0,0.0,0.0,0.0,0.0,1.0,0.0,0.0,0.0,0.0,0.0,1.3,0.0,0.4,0.0,0.0,16.0,25903.0
2026-07-30T19:02:16.472Z,305.955,305.97,0.0,7.4,0.0,0.0,0.0,0.0,0.0,0.0,0.0,0.0,1.0,0.0,0.0,0.0,9.0,4.0,0.0,0.0,0.0,0.0,0.0,0.0,0.0,0.0,3.0,12.0,1.0,12.17,5.0200000000000005,2.51,1.49,0.0,0.0,0.0,134.20000000000002,0.0,0.9,0.2,1.0,-169.70000000000002,0.0,0.0,169.60000000000002,0.0,21.3,29.1,29.1,30.0,300.0,300.0,31.5,35.800000000000004,29.0,28.200000000000003,30.1,4.95,1.99,4.97,0.16,0.0,0.0,1027.0,8228.0,0.0,0.0,0.0,0.0,0.0,1.0,0.0,0.0,0.0,0.0,0.0,1.0,0.0,-0.8,0.0,0.0,16.0,25903.0
2026-07-30T19:02:16.484Z,305.967,305.982,0.0,7.4,0.0,0.0,0.0,0.0,0.0,0.0,0.0,0.0,1.0,0.0,0.0,0.0,9.0,4.0,0.0,0.0,0.0,0.0,0.0,0.0,0.0,0.0,4.0,12.0,1.0,12.17,5.0200000000000005,2.51,1.49,0.0,0.0,0.0,134.4,0.0,-0.2,0.2,-0.1,-169.70000000000002,0.0,0.0,169.60000000000002,0.0,21.3,29.1,29.1,30.0,300.0,300.0,31.5,35.800000000000004,29.0,28.200000000000003,30.1,4.96,1.99,4.96,0.16,0.0,0.0,1027.0,8228.0,0.0,0.0,0.0,0.0,0.0,1.0,0.0,0.0,0.0,0.0,0.0,0.1,0.0,0.1,0.0,0.0,16.0,25903.0
2026-07-30T19:02:16.496Z,305.979,305.994,0.0,7.4,0.0,0.0,0.0,0.0,0.0,0.0,0.0,0.0,1.0,0.0,0.0,0.0,9.0,4.0,0.0,0.0,0.0,0.0,0.0,0.0,0.0,0.0,5.0,12.0,1.0,12.13,5.01,2.51,1.49,0.0,0.0,0.0,134.5,0.0,-0.2,0.2,-0.1,-169.70000000000002,0.0,0.0,169.8,0.0,21.4,29.1,29.1,30.0,300.0,300.0,31.6,35.800000000000004,29.0,28.200000000000003,30.1,4.96,1.99,4.97,0.16,0.0,0.0,1027.0,8228.0,0.0,0.0,0.0,0.0,0.0,1.0,0.0,0.0,0.0,0.0,0.0,0.1,0.0,0.1,0.0,0.0,16.0,25903.0
2026-07-30T19:02:16.508Z,305.991,306.00600000000003,0.0,7.4,0.0,0.0,0.0,0.0,0.0,0.0,0.0,0.0,1.0,0.0,0.0,0.0,9.0,4.0,0.0,0.0,0.0,0.0,0.0,0.0,0.0,0.0,6.0,12.0,1.0,12.13,5.01,2.51,1.49,0.0,0.0,0.0,134.70000000000002,0.0,-0.2,0.2,1.0,-169.70000000000002,0.0,0.0,169.60000000000002,0.0,21.4,29.1,29.1,30.0,300.0,300.0,31.6,35.800000000000004,29.0,28.200000000000003,30.1,4.95,2.0,4.97,0.16,0.0,0.0,1027.0,8228.0,0.0,0.0,0.0,0.0,0.0,1.0,0.0,0.0,0.0,0.0,0.0,1.0,0.0,-0.9,0.0,0.0,16.0,25903.0
2026-07-30T19:02:16.520Z,306.003,306.01800000000003,0.0,7.4,0.0,0.0,0.0,0.0,0.0,0.0,0.0,0.0,1.0,0.0,0.0,0.0,9.0,4.0,0.0,0.0,0.0,0.0,0.0,0.0,0.0,0.0,2.0,12.0,1.0,12.13,5.01,2.51,1.49,0.0,0.0,0.0,134.8,0.0,-0.2,-0.3,0.4,-169.70000000000002,0.0,0.0,169.70000000000002,0.0,21.4,29.1,29.1,30.0,300.0,300.0,31.6,35.800000000000004,29.0,28.200000000000003,30.1,4.95,2.0,4.96,0.16,0.0,0.0,1027.0,8228.0,0.0,0.0,0.0,0.0,0.0,1.0,0.0,0.0,0.0,0.0,0.0,0.0,0.0,-0.4,0.0,0.0,16.0,25903.0
2026-07-30T19:02:16.532Z,306.015,306.03000000000003,0.0,7.4,0.0,0.0,0.0,0.0,0.0,0.0,0.0,0.0,1.0,0.0,0.0,0.0,9.0,4.0,0.0,0.0,0.0,0.0,0.0,0.0,0.0,0.0,3.0,12.0,1.0,12.13,5.01,2.51,1.49,0.0,0.0,0.0,135.0,0.0,-0.2,-1.5,0.0,-169.70000000000002,0.0,0.0,169.8,0.0,21.4,29.1,29.1,30.0,300.0,300.0,31.6,35.800000000000004,29.0,28.200000000000003,30.1,4.96,1.99,4.97,0.16,0.0,0.0,1027.0,8228.0,0.0,0.0,0.0,0.0,0.0,1.0,0.0,0.0,0.0,0.0,0.0,-1.8,0.0,-0.2,0.0,0.0001,16.0,25903.0
2026-07-30T19:02:16.544Z,306.027,306.04200000000003,0.0,7.4,0.0,0.0,0.0,0.0,0.0,0.0,0.0,0.0,1.0,0.0,0.0,0.0,9.0,4.0,0.0,0.0,0.0,0.0,0.0,0.0,0.0,0.0,4.0,12.0,1.0,12.13,5.01,2.51,1.49,-0.1,0.1,0.0,135.0,0.0,0.3,0.7000000000000001,1.0,-169.70000000000002,0.0,0.0,169.70000000000002,0.0,21.4,29.1,29.1,30.0,300.0,300.0,31.6,35.800000000000004,29.0,28.200000000000003,30.1,4.96,1.99,4.96,0.16,0.0,0.0,1027.0,8228.0,0.0,0.0,0.0,0.0,0.0,1.0,0.0,0.0,0.0,0.0,0.0,1.6,0.0,-0.8,0.0,0.0,16.0,25903.0
2026-07-30T19:02:16.556Z,306.039,306.05400000000003,0.0,7.4,0.0,0.0,0.0,0.0,0.0,0.0,0.0,0.0,1.0,0.0,0.0,0.0,9.0,4.0,0.0,0.0,0.0,0.0,0.0,0.0,0.0,0.0,5.0,12.0,1.0,12.13,5.01,2.51,1.49,0.0,0.0,0.0,134.9,0.0,-0.2,0.1,0.0,-169.70000000000002,0.0,0.0,169.8,0.0,21.4,29.1,29.1,30.0,300.0,300.0,31.6,35.800000000000004,29.0,28.200000000000003,30.1,4.95,2.0,4.96,0.16,0.0,0.0,1027.0,8228.0,0.0,0.0,0.0,0.0,0.0,1.0,0.0,0.0,0.0,0.0,0.0,0.0,0.0,0.1,0.0,0.0,16.0,25903.0
2026-07-30T19:02:16.568Z,306.051,306.06600000000003,0.0,7.4,0.0,0.0,0.0,0.0,0.0,0.0,0.0,0.0,1.0,0.0,0.0,0.0,9.0,4.0,0.0,0.0,0.0,0.0,0.0,0.0,0.0,0.0,6.0,12.0,1.0,12.13,5.01,2.51,1.49,0.0,0.1,0.0,134.8,0.0,0.9,0.1,-0.1,-169.70000000000002,0.0,0.0,169.8,0.0,21.4,29.1,29.1,30.0,300.0,300.0,31.6,35.800000000000004,29.0,28.200000000000003,30.1,4.96,2.0,4.96,0.16,0.0,0.0,1027.0,8228.0,0.0,0.0,0.0,0.0,0.0,1.0,0.0,0.0,0.0,0.0,0.0,0.2,0.0,-0.9,0.0,0.0,16.0,25903.0
2026-07-30T19:02:16.580Z,306.063,306.07800000000003,0.0,7.4,0.0,0.0,0.0,0.0,0.0,0.0,0.0,0.0,1.0,0.0,0.0,0.0,9.0,4.0,0.0,0.0,0.0,0.0,0.0,0.0,0.0,0.0,2.0,12.0,1.0,12.13,5.01,2.51,1.49,0.0,0.0,0.0,134.8,0.0,-0.2,-0.4,-0.7000000000000001,-169.70000000000002,0.0,0.0,169.8,0.0,21.4,29.1,29.1,30.0,300.0,300.0,31.6,35.800000000000004,29.0,28.200000000000003,30.1,4.95,1.99,4.97,0.16,0.0,0.0,1027.0,8228.0,0.0,0.0,0.0,0.0,0.0,1.0,0.0,0.0,0.0,0.0,0.0,-0.6000000000000001,0.0,0.0,0.0,0.0,16.0,25903.0
2026-07-30T19:02:16.593Z,306.076,306.09000000000003,0.0,7.4,0.0,0.0,0.0,0.0,0.0,0.0,0.0,0.0,1.0,0.0,0.0,0.0,9.0,4.0,0.0,0.0,0.0,0.0,0.0,0.0,0.0,0.0,2.0,12.0,1.0,12.18,5.0200000000000005,2.5,1.49,0.0,0.1,0.0,134.5,0.0,0.3,1.8,1.0,-169.70000000000002,0.0,0.0,169.70000000000002,0.0,21.4,29.1,29.1,30.0,300.0,300.0,31.6,35.800000000000004,29.0,28.200000000000003,30.1,4.95,1.99,4.96,0.16,0.0,0.0,1027.0,8228.0,0.0,0.0,0.0,0.0,0.0,1.0,0.0,0.0,0.0,0.0,0.0,0.9,0.0,0.9,0.0,0.0,16.0,25903.0
2026-07-30T19:02:16.604Z,306.087,306.10200000000003,0.0,7.4,0.0,0.0,0.0,0.0,0.0,0.0,0.0,0.0,1.0,0.0,0.0,0.0,9.0,4.0,0.0,0.0,0.0,0.0,0.0,0.0,0.0,0.0,3.0,12.0,1.0,12.18,5.0200000000000005,2.5,1.49,0.0,0.0,0.0,134.5,0.0,-0.2,0.1,-0.1,-169.70000000000002,0.0,0.0,169.8,0.0,21.4,29.1,29.1,30.0,300.0,300.0,31.6,35.800000000000004,29.0,28.200000000000003,30.1,4.96,2.0,4.96,0.16,0.0,0.0,1027.0,8228.0,0.0,0.0,0.0,0.0,0.0,1.0,0.0,0.0,0.0,0.0,0.0,-0.3,0.0,0.6000000000000001,0.0,0.0,16.0,25903.0
2026-07-30T19:02:16.616Z,306.099,306.11400000000003,0.0,7.4,0.0,0.0,0.0,0.0,0.0,0.0,0.0,0.0,1.0,0.0,0.0,0.0,9.0,4.0,0.0,0.0,0.0,0.0,0.0,0.0,0.0,0.0,5.0,12.0,1.0,12.18,5.0200000000000005,2.5,1.49,0.0,0.0,0.0,134.3,0.0,-0.8,-1.0,0.4,-169.70000000000002,0.0,0.0,169.8,0.0,21.4,29.1,29.1,30.0,300.0,300.0,31.6,35.800000000000004,29.0,28.200000000000003,30.1,4.95,2.0,4.97,0.16,0.0,0.0,1027.0,8228.0,0.0,0.0,0.0,0.0,0.0,1.0,0.0,0.0,0.0,0.0,0.0,-0.7000000000000001,0.0,-0.6000000000000001,0.0,0.0,16.0,25903.0
2026-07-30T19:02:16.628Z,306.111,306.12600000000003,0.0,7.4,0.0,0.0,0.0,0.0,0.0,0.0,0.0,0.0,1.0,0.0,0.0,0.0,9.0,4.0,0.0,0.0,0.0,0.0,0.0,0.0,0.0,0.0,6.0,12.0,1.0,12.18,5.0200000000000005,2.5,1.49,0.0,0.0,0.0,134.3,0.0,-0.2,-1.0,1.0,-169.70000000000002,0.0,0.0,169.70000000000002,0.0,21.4,29.1,29.1,30.0,300.0,300.0,31.6,35.800000000000004,29.0,28.200000000000003,30.1,4.95,1.99,4.97,0.16,0.0,0.0,1027.0,8228.0,0.0,0.0,0.0,0.0,0.0,1.0,0.0,0.0,0.0,0.0,0.0,-0.3,0.0,-1.1,0.0,0.0,16.0,25903.0
2026-07-30T19:02:16.640Z,306.123,306.13800000000003,0.0,7.4,0.0,0.0,0.0,0.0,0.0,0.0,0.0,0.0,1.0,0.0,0.0,0.0,9.0,4.0,0.0,0.0,0.0,0.0,0.0,0.0,0.0,0.0,1.0,12.0,1.0,12.18,5.0200000000000005,2.5,1.49,0.0,0.0,0.0,134.1,0.0,-0.3,-0.4,0.4,-169.70000000000002,0.0,0.0,169.8,0.0,21.4,29.1,29.1,30.0,300.0,300.0,31.6,35.800000000000004,29.0,28.200000000000003,30.1,4.95,1.99,4.96,0.16,0.0,0.0,1027.0,8228.0,0.0,0.0,0.0,0.0,0.0,1.0,0.0,0.0,0.0,0.0,0.0,-0.1,0.0,-0.5,0.0,0.0,16.0,25903.0
2026-07-30T19:02:16.652Z,306.135,306.15000000000003,0.0,7.4,0.0,0.0,0.0,0.0,0.0,0.0,0.0,0.0,1.0,0.0,0.0,0.0,9.0,4.0,0.0,0.0,0.0,0.0,0.0,0.0,0.0,0.0,2.0,12.0,1.0,12.18,5.0200000000000005,2.5,1.49,0.0,0.0,0.0,134.0,0.0,-0.3,0.7000000000000001,-1.2000000000000002,-169.70000000000002,0.0,0.0,169.70000000000002,0.0,21.4,29.1,29.1,30.0,300.0,300.0,31.6,35.800000000000004,29.0,28.200000000000003,30.1,4.96,1.99,4.96,0.16,0.0,0.0,1027.0,8228.0,0.0,0.0,0.0,0.0,0.0,1.0,0.0,0.0,0.0,0.0,0.0,-0.1,0.0,1.2000000000000002,0.0,0.0,16.0,25903.0
2026-07-30T19:02:16.664Z,306.147,306.16200000000003,0.0,7.4,0.0,0.0,0.0,0.0,0.0,0.0,0.0,0.0,1.0,0.0,0.0,0.0,9.0,4.0,0.0,0.0,0.0,0.0,0.0,0.0,0.0,0.0,3.0,12.0,1.0,12.18,5.0200000000000005,2.5,1.49,0.0,0.0,0.0,133.9,0.0,-0.3,-1.0,-0.6000000000000001,-169.70000000000002,0.0,0.0,169.8,0.0,21.4,29.1,29.1,30.0,300.0,300.0,31.6,35.800000000000004,29.0,28.200000000000003,30.1,4.95,1.99,4.97,0.16,0.0,0.0,1027.0,8228.0,0.0,0.0,0.0,0.0,0.0,1.0,0.0,0.0,0.0,0.0,0.0,-1.6,0.0,0.4,0.0,0.0,16.0,25903.0
2026-07-30T19:02:16.676Z,306.159,306.174,0.0,7.4,0.0,0.0,0.0,0.0,0.0,0.0,0.0,0.0,1.0,0.0,0.0,0.0,9.0,4.0,0.0,0.0,0.0,0.0,0.0,0.0,0.0,0.0,4.0,12.0,1.0,12.18,5.0200000000000005,2.5,1.49,0.0,0.1,0.0,133.8,0.0,-0.3,-1.0,0.4,-169.70000000000002,0.0,0.0,169.60000000000002,0.0,21.4,29.1,29.1,30.0,300.0,300.0,31.6,35.800000000000004,29.0,28.200000000000003,30.1,4.96,1.99,4.96,0.16,0.0,0.0,1027.0,8228.0,0.0,0.0,0.0,0.0,0.0,1.0,0.0,0.0,0.0,0.0,0.0,-0.7000000000000001,0.0,-0.6000000000000001,0.0,0.0,16.0,25903.0
2026-07-30T19:02:16.688Z,306.171,306.186,0.0,7.4,0.0,0.0,0.0,0.0,0.0,0.0,0.0,0.0,1.0,0.0,0.0,0.0,9.0,4.0,0.0,0.0,0.0,0.0,0.0,0.0,0.0,0.0,5.0,12.0,1.0,12.18,5.0200000000000005,2.5,1.49,0.0,0.0,0.0,133.70000000000002,0.0,0.8,0.1,-0.1,-169.70000000000002,0.0,0.0,169.60000000000002,0.0,21.4,29.1,29.1,30.0,300.0,300.0,31.6,35.800000000000004,29.0,28.200000000000003,30.1,4.96,1.99,4.96,0.16,0.0,0.0,1027.0,8228.0,0.0,0.0,0.0,0.0,0.0,1.0,0.0,0.0,0.0,0.0,0.0,0.0,0.0,0.1,0.0,0.0001,16.0,25903.0
2026-07-30T19:02:16.700Z,306.183,306.198,0.0,7.4,0.0,0.0,0.0,0.0,0.0,0.0,0.0,0.0,1.0,0.0,0.0,0.0,9.0,4.0,0.0,0.0,0.0,0.0,0.0,0.0,0.0,0.0,6.0,12.0,1.0,12.18,5.01,2.51,1.49,0.0,0.0,0.0,133.6,0.0,-0.8,-0.4,0.4,-169.70000000000002,0.0,0.0,169.8,0.0,21.700000000000003,29.1,29.1,30.0,300.0,300.0,31.6,35.800000000000004,29.0,28.200000000000003,30.1,4.96,1.99,4.96,0.16,0.0,0.0,1027.0,8228.0,0.0,0.0,0.0,0.0,0.0,1.0,0.0,0.0,0.0,0.0,0.0,-0.1,0.0,-0.5,0.0,0.0,16.0,25903.0
2026-07-30T19:02:16.712Z,306.195,306.21,0.0,7.4,0.0,0.0,0.0,0.0,0.0,0.0,0.0,0.0,1.0,0.0,0.0,0.0,9.0,4.0,0.0,0.0,0.0,0.0,0.0,0.0,0.0,0.0,1.0,12.0,1.0,12.18,5.01,2.51,1.49,0.0,0.0,0.0,133.5,0.0,0.3,-0.4,-0.7000000000000001,-169.70000000000002,0.0,0.0,169.70000000000002,0.0,21.700000000000003,29.1,29.1,30.0,300.0,300.0,31.6,35.800000000000004,29.0,28.200000000000003,30.1,4.95,1.99,4.97,0.16,0.0,0.0,1027.0,8228.0,0.0,0.0,0.0,0.0,0.0,1.0,0.0,0.0,0.0,0.0,0.0,-1.0,0.0,0.5,0.0,0.0001,16.0,25903.0
2026-07-30T19:02:16.724Z,306.207,306.222,0.0,7.4,0.0,0.0,0.0,0.0,0.0,0.0,0.0,0.0,1.0,0.0,0.0,0.0,9.0,4.0,0.0,0.0,0.0,0.0,0.0,0.0,0.0,0.0,2.0,12.0,1.0,12.18,5.01,2.51,1.49,0.0,0.0,0.0,133.4,0.0,0.2,-1.0,0.4,-169.70000000000002,0.0,0.0,169.70000000000002,0.0,21.700000000000003,29.1,29.1,30.0,300.0,300.0,31.6,35.800000000000004,29.0,28.200000000000003,30.1,4.96,1.99,4.96,0.16,0.0,0.0,1027.0,8228.0,0.0,0.0,0.0,0.0,0.0,1.0,0.0,0.0,0.0,0.0,0.0,-0.8,0.0,-0.6000000000000001,0.0,0.0,16.0,25903.0
2026-07-30T19:02:16.736Z,306.219,306.234,0.0,7.4,0.0,0.0,0.0,0.0,0.0,0.0,0.0,0.0,1.0,0.0,0.0,0.0,9.0,4.0,0.0,0.0,0.0,0.0,0.0,0.0,0.0,0.0,2.0,12.0,1.0,12.18,5.01,2.51,1.49,0.0,0.0,0.0,133.3,0.0,-0.3,0.7000000000000001,-0.7000000000000001,-169.70000000000002,0.0,0.0,169.8,0.0,21.700000000000003,29.1,29.1,30.0,300.0,300.0,31.6,35.800000000000004,29.0,28.200000000000003,30.1,4.96,1.99,4.97,0.16,0.0,0.0,1027.0,8228.0,0.0,0.0,0.0,0.0,0.0,1.0,0.0,0.0,0.0,0.0,0.0,0.2,0.0,0.8,0.0,0.0,16.0,25903.0
2026-07-30T19:02:16.748Z,306.231,306.246,0.0,7.4,0.0,0.0,0.0,0.0,0.0,0.0,0.0,0.0,1.0,0.0,0.0,0.0,9.0,4.0,0.0,0.0,0.0,0.0,0.0,0.0,0.0,0.0,4.0,12.0,1.0,12.18,5.01,2.51,1.49,0.0,0.0,0.0,133.1,0.0,0.3,0.1,-0.1,-169.70000000000002,0.0,0.0,169.8,0.0,21.700000000000003,29.1,29.1,30.0,300.0,300.0,31.6,35.800000000000004,29.0,28.200000000000003,30.1,4.95,1.99,4.97,0.16,0.0,0.0,1027.0,8228.0,0.0,0.0,0.0,0.0,0.0,1.0,0.0,0.0,0.0,0.0,0.0,0.0,0.0,0.1,0.0,0.0,16.0,25903.0
2026-07-30T19:02:16.760Z,306.243,306.258,0.0,7.4,0.0,0.0,0.0,0.0,0.0,0.0,0.0,0.0,1.0,0.0,0.0,0.0,9.0,4.0,0.0,0.0,0.0,0.0,0.0,0.0,0.0,0.0,5.0,12.0,1.0,12.18,5.01,2.51,1.49,0.0,0.0,0.0,133.1,0.0,-0.2,-1.0,-0.1,-169.70000000000002,0.0,0.0,169.8,0.0,21.700000000000003,29.1,29.1,30.0,300.0,300.0,31.6,35.800000000000004,29.0,28.200000000000003,30.1,4.96,1.99,4.97,0.16,0.0,0.0,1027.0,8228.0,0.0,0.0,0.0,0.0,0.0,1.0,0.0,0.0,0.0,0.0,0.0,-1.2000000000000002,0.0,0.0,0.0,0.0001,16.0,25903.0
2026-07-30T19:02:16.772Z,306.255,306.27,0.0,7.4,0.0,0.0,0.0,0.0,0.0,0.0,0.0,0.0,1.0,0.0,0.0,0.0,9.0,4.0,0.0,0.0,0.0,0.0,0.0,0.0,0.0,0.0,6.0,12.0,1.0,12.18,5.01,2.51,1.49,0.0,0.0,0.0,132.9,0.0,-0.2,-0.4,-0.7000000000000001,-169.70000000000002,0.0,0.0,169.70000000000002,0.0,21.700000000000003,29.1,29.1,30.0,300.0,300.0,31.6,35.800000000000004,29.0,28.200000000000003,30.1,4.96,1.99,4.96,0.16,0.0,0.0,1027.0,8228.0,0.0,0.0,0.0,0.0,0.0,1.0,0.0,0.0,0.0,0.0,0.0,-1.0,0.0,0.5,0.0,0.0,16.0,25903.0
2026-07-30T19:02:16.784Z,306.267,306.282,0.0,7.4,0.0,0.0,0.0,0.0,0.0,0.0,0.0,0.0,1.0,0.0,0.0,0.0,9.0,4.0,0.0,0.0,0.0,0.0,0.0,0.0,0.0,0.0,1.0,12.0,1.0,12.18,5.01,2.51,1.49,0.0,0.0,0.0,132.8,0.0,0.3,-1.0,-0.1,-169.70000000000002,0.0,0.0,169.8,0.0,21.700000000000003,29.1,29.1,30.0,300.0,300.0,31.6,35.800000000000004,29.0,28.200000000000003,30.1,4.96,1.99,4.97,0.16,0.0,0.0,1027.0,8228.0,0.0,0.0,0.0,0.0,0.0,1.0,0.0,0.0,0.0,0.0,0.0,-1.2000000000000002,0.0,0.0,0.0,0.0001,16.0,25903.0
2026-07-30T19:02:16.797Z,306.28,306.294,0.0,7.4,0.0,0.0,0.0,0.0,0.0,0.0,0.0,0.0,1.0,0.0,0.0,0.0,9.0,4.0,0.0,0.0,0.0,0.0,0.0,0.0,0.0,0.0,2.0,12.0,1.0,12.14,5.01,2.51,1.49,0.0,0.0,0.0,132.70000000000002,0.0,-0.2,0.1,-0.1,-169.70000000000002,0.0,0.0,169.70000000000002,0.0,21.8,29.1,29.1,30.0,300.0,300.0,31.6,35.800000000000004,28.9,28.200000000000003,30.1,4.95,2.0,4.97,0.16,0.0,0.0,1027.0,8228.0,0.0,0.0,0.0,0.0,0.0,1.0,0.0,0.0,0.0,0.0,0.0,0.1,0.0,0.1,0.0,0.0,16.0,25903.0
2026-07-30T19:02:16.808Z,306.291,306.306,0.0,7.4,0.0,0.0,0.0,0.0,0.0,0.0,0.0,0.0,1.0,0.0,0.0,0.0,9.0,4.0,0.0,0.0,0.0,0.0,0.0,0.0,0.0,0.0,4.0,12.0,1.0,12.14,5.01,2.51,1.49,0.0,0.0,0.0,132.6,0.0,-0.2,0.8,-1.2000000000000002,-169.70000000000002,0.0,0.0,169.70000000000002,0.0,21.8,29.1,29.1,30.0,300.0,300.0,31.6,35.800000000000004,28.9,28.200000000000003,30.1,4.96,2.0,4.96,0.16,0.0,0.0,1027.0,8228.0,0.0,0.0,0.0,0.0,0.0,1.0,0.0,0.0,0.0,0.0,0.0,0.0,0.0,1.2000000000000002,0.0,0.0,16.0,25903.0
2026-07-30T19:02:16.820Z,306.303,306.318,0.0,7.4,0.0,0.0,0.0,0.0,0.0,0.0,0.0,0.0,1.0,0.0,0.0,0.0,9.0,4.0,0.0,0.0,0.0,0.0,0.0,0.0,0.0,0.0,5.0,12.0,1.0,12.14,5.01,2.51,1.49,0.0,0.0,0.0,132.5,0.0,0.9,0.2,1.0,-169.70000000000002,0.0,0.0,169.70000000000002,0.0,21.8,29.1,29.1,30.0,300.0,300.0,31.6,35.800000000000004,28.9,28.200000000000003,30.1,4.95,1.99,4.96,0.16,0.0,0.0,1027.0,8228.0,0.0,0.0,0.0,0.0,0.0,1.0,0.0,0.0,0.0,0.0,0.0,1.0,0.0,-0.8,0.0,0.0,16.0,25903.0
2026-07-30T19:02:16.832Z,306.315,306.33,0.0,7.4,0.0,0.0,0.0,0.0,0.0,0.0,0.0,0.0,1.0,0.0,0.0,0.0,9.0,4.0,0.0,0.0,0.0,0.0,0.0,0.0,0.0,0.0,6.0,12.0,1.0,12.14,5.01,2.51,1.49,0.0,0.0,0.0,132.5,0.0,0.3,0.7000000000000001,-0.7000000000000001,-169.70000000000002,0.0,0.0,169.60000000000002,0.0,21.8,29.1,29.1,30.0,300.0,300.0,31.6,35.800000000000004,28.9,28.200000000000003,30.1,4.95,1.99,4.97,0.16,0.0,0.0,1027.0,8228.0,0.0,0.0,0.0,0.0,0.0,1.0,0.0,0.0,0.0,0.0,0.0,0.2,0.0,0.8,0.0,0.0,16.0,25903.0
2026-07-30T19:02:16.844Z,306.327,306.342,0.0,7.4,0.0,0.0,0.0,0.0,0.0,0.0,0.0,0.0,1.0,0.0,0.0,0.0,9.0,4.0,0.0,0.0,0.0,0.0,0.0,0.0,0.0,0.0,1.0,12.0,1.0,12.14,5.01,2.51,1.49,0.0,0.0,0.0,132.3,0.0,0.3,0.7000000000000001,1.5,-169.70000000000002,0.0,0.0,169.70000000000002,0.0,21.8,29.1,29.1,30.0,300.0,300.0,31.6,35.800000000000004,28.9,28.200000000000003,30.1,4.96,1.99,4.97,0.16,0.0,0.0,1027.0,8228.0,0.0,0.0,0.0,0.0,0.0,1.0,0.0,0.0,0.0,0.0,0.0,2.0,0.0,-1.2000000000000002,0.0,0.0,16.0,25903.0
2026-07-30T19:02:16.856Z,306.339,306.354,0.0,7.4,0.0,0.0,0.0,0.0,0.0,0.0,0.0,0.0,1.0,0.0,0.0,0.0,9.0,4.0,0.0,0.0,0.0,0.0,0.0,0.0,0.0,0.0,2.0,12.0,1.0,12.14,5.01,2.51,1.49,0.0,0.0,0.0,132.20000000000002,0.0,-0.2,0.1,-0.1,-169.70000000000002,0.0,0.0,169.70000000000002,0.0,21.8,29.1,29.1,30.0,300.0,300.0,31.6,35.800000000000004,28.9,28.200000000000003,30.1,4.95,1.99,4.96,0.16,0.0,0.0,1027.0,8228.0,0.0,0.0,0.0,0.0,0.0,1.0,0.0,0.0,0.0,0.0,0.0,0.0,0.0,0.1,0.0,0.0001,16.0,25903.0
2026-07-30T19:02:16.868Z,306.351,306.366,0.0,7.4,0.0,0.0,0.0,0.0,0.0,0.0,0.0,0.0,1.0,0.0,0.0,0.0,9.0,4.0,0.0,0.0,0.0,0.0,0.0,0.0,0.0,0.0,3.0,12.0,1.0,12.14,5.01,2.51,1.49,0.0,0.0,0.0,132.1,0.0,0.3,-0.4,-0.1,-169.70000000000002,0.0,0.0,169.70000000000002,0.0,21.8,29.1,29.1,30.0,300.0,300.0,31.6,35.800000000000004,28.9,28.200000000000003,30.1,4.95,1.99,4.97,0.16,0.0,0.0,1027.0,8228.0,0.0,0.0,0.0,0.0,0.0,1.0,0.0,0.0,0.0,0.0,0.0,-0.6000000000000001,0.0,0.0,0.0,0.0,16.0,25903.0
2026-07-30T19:02:16.880Z,306.363,306.378,0.0,7.4,0.0,0.0,0.0,0.0,0.0,0.0,0.0,0.0,1.0,0.0,0.0,0.0,9.0,4.0,0.0,0.0,0.0,0.0,0.0,0.0,0.0,0.0,4.0,12.0,1.0,12.14,5.01,2.51,1.49,0.0,0.0,0.0,132.0,0.0,-0.8,-0.4,0.4,-169.70000000000002,0.0,0.0,169.8,0.0,21.8,29.1,29.1,30.0,300.0,300.0,31.6,35.800000000000004,28.9,28.200000000000003,30.1,4.95,1.99,4.96,0.16,0.0,0.0,1027.0,8228.0,0.0,0.0,0.0,0.0,0.0,1.0,0.0,0.0,0.0,0.0,0.0,-0.2,0.0,-0.4,0.0,0.0,16.0,25903.0
2026-07-30T19:02:16.892Z,306.375,306.39,0.0,7.4,0.0,0.0,0.0,0.0,0.0,0.0,0.0,0.0,1.0,0.0,0.0,0.0,9.0,4.0,0.0,0.0,0.0,0.0,0.0,0.0,0.0,0.0,5.0,12.0,1.0,12.14,5.01,2.51,1.49,0.0,0.0,0.0,131.8,0.0,-0.2,1.2000000000000002,-0.7000000000000001,-169.70000000000002,0.0,0.0,169.60000000000002,0.0,21.8,29.1,29.1,30.0,300.0,300.0,31.6,35.800000000000004,28.9,28.200000000000003,30.1,4.95,1.99,4.96,0.16,0.0,0.0,1027.0,8228.0,0.0,0.0,0.0,0.0,0.0,1.0,0.0,0.0,0.0,0.0,0.0,0.8,0.0,0.9,0.0,0.0001,16.0,25903.0
2026-07-30T19:02:16.904Z,306.387,306.402,0.0,7.4,0.0,0.0,0.0,0.0,0.0,0.0,0.0,0.0,1.0,0.0,0.0,0.0,9.0,4.0,0.0,0.0,0.0,0.0,0.0,0.0,0.0,0.0,6.0,12.0,1.0,12.14,5.0200000000000005,2.51,1.49,0.0,0.0,0.0,131.8,0.0,0.3,0.6000000000000001,0.4,-169.70000000000002,0.0,0.0,169.70000000000002,0.0,21.4,29.1,29.1,30.0,300.0,300.0,31.6,35.800000000000004,28.9,28.200000000000003,30.1,4.95,1.99,4.96,0.16,0.0,0.0,1027.0,8228.0,0.0,0.0,0.0,0.0,0.0,1.0,0.0,0.0,0.0,0.0,0.0,1.1,0.0,-0.2,0.0,0.0001,16.0,25903.0
2026-07-30T19:02:16.916Z,306.399,306.414,0.0,7.4,0.0,0.0,0.0,0.0,0.0,0.0,0.0,0.0,1.0,0.0,0.0,0.0,9.0,4.0,0.0,0.0,0.0,0.0,0.0,0.0,0.0,0.0,1.0,12.0,1.0,12.14,5.0200000000000005,2.51,1.49,0.0,0.0,0.0,131.6,0.0,0.3,0.7000000000000001,-0.1,-169.70000000000002,0.0,0.0,169.70000000000002,0.0,21.4,29.1,29.1,30.0,300.0,300.0,31.6,35.800000000000004,28.9,28.200000000000003,30.1,4.96,2.0,4.96,0.16,0.0,0.0,1027.0,8228.0,0.0,0.0,0.0,0.0,0.0,1.0,0.0,0.0,0.0,0.0,0.0,0.7000000000000001,0.0,0.2,0.0,0.0,16.0,25903.0
2026-07-30T19:02:16.928Z,306.411,306.426,0.0,7.4,0.0,0.0,0.0,0.0,0.0,0.0,0.0,0.0,1.0,0.0,0.0,0.0,9.0,4.0,0.0,0.0,0.0,0.0,0.0,0.0,0.0,0.0,2.0,12.0,1.0,12.14,5.0200000000000005,2.51,1.49,0.0,0.0,0.0,131.6,0.0,0.3,0.7000000000000001,-0.7000000000000001,-169.70000000000002,0.0,0.0,169.8,0.0,21.4,29.1,29.1,30.0,300.0,300.0,31.6,35.800000000000004,28.9,28.200000000000003,30.1,4.96,1.99,4.96,0.16,0.0,0.0,1027.0,8228.0,0.0,0.0,0.0,0.0,0.0,1.0,0.0,0.0,0.0,0.0,0.0,0.2,0.0,0.7000000000000001,0.0,0.0,16.0,25903.0
2026-07-30T19:02:16.940Z,306.423,306.438,0.0,7.4,0.0,0.0,0.0,0.0,0.0,0.0,0.0,0.0,1.0,0.0,0.0,0.0,9.0,4.0,0.0,0.0,0.0,0.0,0.0,0.0,0.0,0.0,3.0,12.0,1.0,12.14,5.0200000000000005,2.51,1.49,0.0,0.0,0.0,131.5,0.0,-0.7000000000000001,0.7000000000000001,1.0,-169.70000000000002,0.0,0.0,169.8,0.0,21.4,29.1,29.1,30.0,300.0,300.0,31.6,35.800000000000004,28.9,28.200000000000003,30.1,4.95,1.99,4.96,0.16,0.0,0.0,1027.0,8228.0,0.0,0.0,0.0,0.0,0.0,1.0,0.0,0.0,0.0,0.0,0.0,1.5,0.0,-0.7000000000000001,0.0,0.0001,16.0,25903.0
2026-07-30T19:02:16.952Z,306.435,306.45,0.0,7.4,0.0,0.0,0.0,0.0,0.0,0.0,0.0,0.0,1.0,0.0,0.0,0.0,9.0,4.0,0.0,0.0,0.0,0.0,0.0,0.0,0.0,0.0,4.0,12.0,1.0,12.14,5.0200000000000005,2.51,1.49,0.0,0.0,0.0,131.4,0.0,-0.2,-1.0,-1.9,-169.70000000000002,0.0,0.0,169.8,0.0,21.4,29.1,29.1,30.0,300.0,300.0,31.6,35.800000000000004,28.9,28.200000000000003,30.1,4.96,1.99,4.97,0.16,0.0,0.0,1027.0,8228.0,0.0,0.0,0.0,0.0,0.0,1.0,0.0,0.0,0.0,0.0,0.0,-2.6,0.0,1.4,0.0,0.0,16.0,25903.0
2026-07-30T19:02:16.964Z,306.447,306.462,0.0,7.4,0.0,0.0,0.0,0.0,0.0,0.0,0.0,0.0,1.0,0.0,0.0,0.0,9.0,4.0,0.0,0.0,0.0,0.0,0.0,0.0,0.0,0.0,5.0,12.0,1.0,12.14,5.0200000000000005,2.51,1.49,0.0,0.0,0.0,131.3,0.0,-0.2,-1.0,0.4,-169.70000000000002,0.0,0.0,169.8,0.0,21.4,29.1,29.1,30.0,300.0,300.0,31.6,35.800000000000004,28.9,28.200000000000003,30.1,4.96,1.99,4.96,0.16,0.0,0.0,1027.0,8228.0,0.0,0.0,0.0,0.0,0.0,1.0,0.0,0.0,0.0,0.0,0.0,-0.8,0.0,-0.5,0.0,0.0,16.0,25903.0
2026-07-30T19:02:16.976Z,306.459,306.474,0.0,7.4,0.0,0.0,0.0,0.0,0.0,0.0,0.0,0.0,1.0,0.0,0.0,0.0,9.0,4.0,0.0,0.0,0.0,0.0,0.0,0.0,0.0,0.0,6.0,12.0,1.0,12.14,5.0200000000000005,2.51,1.49,0.0,0.1,0.0,131.20000000000002,0.0,-0.1,0.1,-0.1,-169.70000000000002,0.0,0.0,169.8,0.0,21.4,29.1,29.1,30.0,300.0,300.0,31.6,35.800000000000004,28.9,28.200000000000003,30.1,4.96,1.99,4.97,0.16,0.0,0.0,1027.0,8228.0,0.0,0.0,0.0,0.0,0.0,1.0,0.0,0.0,0.0,0.0,0.0,0.0,0.0,0.1,0.0,0.0,16.0,25903.0
2026-07-30T19:02:16.988Z,306.471,306.486,0.0,7.4,0.0,0.0,0.0,0.0,0.0,0.0,0.0,0.0,1.0,0.0,0.0,0.0,9.0,4.0,0.0,0.0,0.0,0.0,0.0,0.0,0.0,0.0,1.0,12.0,1.0,12.14,5.0200000000000005,2.51,1.49,0.0,0.0,0.0,131.4,0.0,-0.1,-1.0,-1.8,-169.70000000000002,0.0,0.0,169.8,0.0,21.4,29.1,29.1,30.0,300.0,300.0,31.6,35.800000000000004,28.9,28.200000000000003,30.1,4.95,1.99,4.97,0.16,0.0,0.0,1027.0,8228.0,0.0,0.0,0.0,0.0,0.0,1.0,0.0,0.0,0.0,0.0,0.0,-2.5,0.0,1.4,0.0,0.0,16.0,25903.0
2026-07-30T19:02:17.001Z,306.484,306.498,0.0,7.4,0.0,0.0,0.0,0.0,0.0,0.0,0.0,0.0,1.0,0.0,0.0,0.0,9.0,4.0,0.0,0.0,0.0,0.0,0.0,0.0,0.0,0.0,2.0,12.0,1.0,12.17,5.0200000000000005,2.51,1.49,0.0,0.0,0.0,131.6,0.0,-0.2,0.1,0.4,-169.70000000000002,0.0,0.0,169.70000000000002,0.0,21.3,29.1,29.1,30.0,300.0,300.0,31.700000000000003,35.800000000000004,29.0,28.200000000000003,30.1,4.96,1.99,4.96,0.16,0.0,0.0,1027.0,8228.0,0.0,0.0,0.0,0.0,0.0,1.0,0.0,0.0,0.0,0.0,0.0,0.4,0.0,-0.3,0.0,0.0,16.0,25903.0
2026-07-30T19:02:17.012Z,306.495,306.51,0.0,7.4,0.0,0.0,0.0,0.0,0.0,0.0,0.0,0.0,1.0,0.0,0.0,0.0,9.0,4.0,0.0,0.0,0.0,0.0,0.0,0.0,0.0,0.0,3.0,12.0,1.0,12.17,5.0200000000000005,2.51,1.49,0.0,0.0,0.0,131.8,0.0,-0.2,-1.0,-1.3,-169.70000000000002,0.0,0.0,169.70000000000002,0.0,21.3,29.1,29.1,30.0,300.0,300.0,31.700000000000003,35.800000000000004,29.0,28.200000000000003,30.1,4.96,1.99,4.96,0.16,0.0,0.0,1027.0,8228.0,0.0,0.0,0.0,0.0,0.0,1.0,0.0,0.0,0.0,0.0,0.0,-2.1,0.0,0.9,0.0,0.0001,16.0,25903.0
2026-07-30T19:02:17.024Z,306.507,306.522,0.0,7.4,0.0,0.0,0.0,0.0,0.0,0.0,0.0,0.0,1.0,0.0,0.0,0.0,9.0,4.0,0.0,0.0,0.0,0.0,0.0,0.0,0.0,0.0,4.0,12.0,1.0,12.17,5.0200000000000005,2.51,1.49,0.0,0.0,0.0,131.9,0.0,0.3,0.6000000000000001,-0.1,-169.70000000000002,0.0,0.0,169.70000000000002,0.0,21.3,29.1,29.1,30.0,300.0,300.0,31.700000000000003,35.800000000000004,29.0,28.200000000000003,30.1,4.96,1.99,4.97,0.16,0.0,0.0,1027.0,8228.0,0.0,0.0,0.0,0.0,0.0,1.0,0.0,0.0,0.0,0.0,0.0,0.6000000000000001,0.0,0.3,0.0,0.0,16.0,25903.0
2026-07-30T19:02:17.036Z,306.519,306.534,0.0,7.4,0.0,0.0,0.0,0.0,0.0,0.0,0.0,0.0,1.0,0.0,0.0,0.0,9.0,4.0,0.0,0.0,0.0,0.0,0.0,0.0,0.0,0.0,5.0,12.0,1.0,12.17,5.0200000000000005,2.51,1.49,0.0,0.0,0.0,132.20000000000002,0.0,-0.2,0.0,-0.1,-169.70000000000002,0.0,0.0,169.8,0.0,21.3,29.1,29.1,30.0,300.0,300.0,31.700000000000003,35.800000000000004,29.0,28.200000000000003,30.1,4.96,1.99,4.97,0.16,0.0,0.0,1027.0,8228.0,0.0,0.0,0.0,0.0,0.0,1.0,0.0,0.0,0.0,0.0,0.0,0.0,0.0,0.1,0.0,0.0,16.0,25903.0
2026-07-30T19:02:17.048Z,306.531,306.546,0.0,7.4,0.0,0.0,0.0,0.0,0.0,0.0,0.0,0.0,1.0,0.0,0.0,0.0,9.0,4.0,0.0,0.0,0.0,0.0,0.0,0.0,0.0,0.0,6.0,12.0,1.0,12.17,5.0200000000000005,2.51,1.49,0.0,0.0,0.0,132.4,0.0,0.4,-0.4,-0.1,-169.70000000000002,0.0,0.0,169.8,0.0,21.3,29.1,29.1,30.0,300.0,300.0,31.700000000000003,35.800000000000004,29.0,28.200000000000003,30.1,4.96,1.99,4.96,0.16,0.0,0.0,1027.0,8228.0,0.0,0.0,0.0,0.0,0.0,1.0,0.0,0.0,0.0,0.0,0.0,-0.6000000000000001,0.0,0.0,0.0,0.0,16.0,25903.0
2026-07-30T19:02:17.060Z,306.543,306.558,0.0,7.4,0.0,0.0,0.0,0.0,0.0,0.0,0.0,0.0,1.0,0.0,0.0,0.0,9.0,4.0,0.0,0.0,0.0,0.0,0.0,0.0,0.0,0.0,1.0,12.0,1.0,12.17,5.0200000000000005,2.51,1.49,0.0,0.1,0.0,132.6,0.0,-0.2,-1.0,-0.1,-169.70000000000002,0.0,0.0,169.70000000000002,0.0,21.3,29.1,29.1,30.0,300.0,300.0,31.700000000000003,35.800000000000004,29.0,28.200000000000003,30.1,4.95,1.99,4.97,0.16,0.0,0.0,1027.0,8228.0,0.0,0.0,0.0,0.0,0.0,1.0,0.0,0.0,0.0,0.0,0.0,-1.3,0.0,0.0,0.0,0.0,16.0,25903.0
2026-07-30T19:02:17.072Z,306.555,306.57,0.0,7.4,0.0,0.0,0.0,0.0,0.0,0.0,0.0,0.0,1.0,0.0,0.0,0.0,9.0,4.0,0.0,0.0,0.0,0.0,0.0,0.0,0.0,0.0,2.0,12.0,1.0,12.17,5.0200000000000005,2.51,1.49,0.0,0.0,0.0,132.8,0.0,-0.2,0.1,-0.1,-169.70000000000002,0.0,0.0,169.60000000000002,0.0,21.3,29.1,29.1,30.0,300.0,300.0,31.700000000000003,35.800000000000004,29.0,28.200000000000003,30.1,4.95,1.99,4.97,0.16,0.0,0.0,1027.0,8228.0,0.0,0.0,0.0,0.0,0.0,1.0,0.0,0.0,0.0,0.0,0.0,0.0,0.0,0.1,0.0,0.0001,16.0,25903.0
2026-07-30T19:02:17.085Z,306.568,306.582,0.0,7.4,0.0,0.0,0.0,0.0,0.0,0.0,0.0,0.0,1.0,0.0,0.0,0.0,9.0,4.0,0.0,0.0,0.0,0.0,0.0,0.0,0.0,0.0,2.0,12.0,1.0,12.17,5.0200000000000005,2.51,1.49,0.0,0.1,0.0,132.9,0.0,-0.2,0.1,-1.3,-169.70000000000002,0.0,0.0,169.70000000000002,0.0,21.3,29.1,29.1,30.0,300.0,300.0,31.700000000000003,35.800000000000004,29.0,28.200000000000003,30.1,4.96,1.99,4.97,0.16,0.0,0.0,1027.0,8228.0,0.0,0.0,0.0,0.0,0.0,1.0,0.0,0.0,0.0,0.0,0.0,0.2,0.0,0.7000000000000001,0.0,0.0,16.0,25903.0
2026-07-30T19:02:17.097Z,306.58,306.594,0.0,7.4,0.0,0.0,0.0,0.0,0.0,0.0,0.0,0.0,1.0,0.0,0.0,0.0,9.0,4.0,0.0,0.0,0.0,0.0,0.0,0.0,0.0,0.0,3.0,12.0,1.0,12.17,5.0200000000000005,2.51,1.49,0.0,0.1,0.0,133.1,0.0,-0.2,0.7000000000000001,-0.1,-169.70000000000002,0.0,0.0,169.8,0.0,21.3,29.1,29.1,30.0,300.0,300.0,31.700000000000003,35.800000000000004,29.0,28.200000000000003,30.1,4.95,1.99,4.97,0.16,0.0,0.0,1027.0,8228.0,0.0,0.0,0.0,0.0,0.0,1.0,0.0,0.0,0.0,0.0,0.0,1.0,0.0,-0.2,0.0,0.0,16.0,25903.0
2026-07-30T19:02:17.108Z,306.591,306.606,0.0,7.4,0.0,0.0,0.0,0.0,0.0,0.0,0.0,0.0,1.0,0.0,0.0,0.0,9.0,4.0,0.0,0.0,0.0,0.0,0.0,0.0,0.0,0.0,5.0,12.0,1.0,12.17,5.0200000000000005,2.51,1.49,0.0,0.0,0.0,133.3,0.0,-0.2,-0.5,-0.8,-169.70000000000002,0.0,0.0,169.8,0.0,21.200000000000003,29.1,29.1,30.0,300.0,300.0,31.700000000000003,35.800000000000004,29.0,28.200000000000003,30.1,4.95,1.99,4.97,0.16,0.0,0.0,1027.0,8228.0,0.0,0.0,0.0,0.0,0.0,1.0,0.0,0.0,0.0,0.0,0.0,0.5,0.0,0.3,0.0,0.0001,16.0,25903.0
2026-07-30T19:02:17.120Z,306.603,306.618,0.0,7.4,0.0,0.0,0.0,0.0,0.0,0.0,0.0,0.0,1.0,0.0,0.0,0.0,9.0,4.0,0.0,0.0,0.0,0.0,0.0,0.0,0.0,0.0,6.0,12.0,1.0,12.17,5.0200000000000005,2.51,1.49,0.0,0.0,0.0,133.4,0.0,0.2,0.6000000000000001,0.9,-169.70000000000002,0.0,0.0,169.70000000000002,0.0,21.200000000000003,29.1,29.1,30.0,300.0,300.0,31.700000000000003,35.800000000000004,29.0,28.200000000000003,30.1,4.95,1.99,4.96,0.16,0.0,0.0,1027.0,8228.0,0.0,0.0,0.0,0.0,0.0,1.0,0.0,0.0,0.0,0.0,0.0,0.5,0.0,0.3,0.0,0.0,16.0,25903.0
2026-07-30T19:02:17.132Z,306.615,306.63,0.0,7.4,0.0,0.0,0.0,0.0,0.0,0.0,0.0,0.0,1.0,0.0,0.0,0.0,9.0,4.0,0.0,0.0,0.0,0.0,0.0,0.0,0.0,0.0,1.0,12.0,1.0,12.17,5.0200000000000005,2.51,1.49,0.0,0.0,0.0,133.6,0.0,-0.8,-0.5,-0.7000000000000001,-169.70000000000002,0.0,0.0,169.8,0.0,21.200000000000003,29.1,29.1,30.0,300.0,300.0,31.700000000000003,35.800000000000004,29.0,28.200000000000003,30.1,4.96,1.99,4.96,0.16,0.0,0.0,1027.0,8228.0,0.0,0.0,0.0,0.0,0.0,1.0,0.0,0.0,0.0,0.0,0.0,-1.2000000000000002,0.0,0.5,0.0,0.0,16.0,25903.0
2026-07-30T19:02:17.144Z,306.627,306.642,0.0,7.4,0.0,0.0,0.0,0.0,0.0,0.0,0.0,0.0,1.0,0.0,0.0,0.0,9.0,4.0,0.0,0.0,0.0,0.0,0.0,0.0,0.0,0.0,1.0,12.0,1.0,12.17,5.0200000000000005,2.51,1.49,0.0,0.0,0.0,133.8,0.0,0.8,0.5,0.4,-169.70000000000002,0.0,0.0,169.8,0.0,21.200000000000003,29.1,29.1,30.0,300.0,300.0,31.700000000000003,35.800000000000004,29.0,28.200000000000003,30.1,4.95,1.99,4.97,0.16,0.0,0.0,1027.0,8228.0,0.0,0.0,0.0,0.0,0.0,1.0,0.0,0.0,0.0,0.0,0.0,0.9,0.0,-0.2,0.0,0.0,16.0,25903.0
2026-07-30T19:02:17.156Z,306.639,306.654,0.0,7.4,0.0,0.0,0.0,0.0,0.0,0.0,0.0,0.0,1.0,0.0,0.0,0.0,9.0,4.0,0.0,0.0,0.0,0.0,0.0,0.0,0.0,0.0,2.0,12.0,1.0,12.17,5.0200000000000005,2.51,1.49,0.0,0.0,0.0,134.1,0.0,-0.3,-1.1,0.4,-169.70000000000002,0.0,0.0,169.70000000000002,0.0,21.200000000000003,29.1,29.1,30.0,300.0,300.0,31.700000000000003,35.800000000000004,29.0,28.200000000000003,30.1,4.95,1.99,4.97,0.16,0.0,0.0,1027.0,8228.0,0.0,0.0,0.0,0.0,0.0,1.0,0.0,0.0,0.0,0.0,0.0,-0.9,0.0,-0.6000000000000001,0.0,0.0,16.0,25903.0
2026-07-30T19:02:17.168Z,306.651,306.666,0.0,7.4,0.0,0.0,0.0,0.0,0.0,0.0,0.0,0.0,1.0,0.0,0.0,0.0,9.0,4.0,0.0,0.0,0.0,0.0,0.0,0.0,0.0,0.0,3.0,12.0,1.0,12.17,5.0200000000000005,2.51,1.49,0.0,0.1,0.0,134.1,0.0,0.8,0.0,-0.1,-169.70000000000002,0.0,0.0,169.70000000000002,0.0,21.200000000000003,29.1,29.1,30.0,300.0,300.0,31.700000000000003,35.800000000000004,29.0,28.200000000000003,30.1,4.95,2.0,4.97,0.16,0.0,0.0,1027.0,8228.0,0.0,0.0,0.0,0.0,0.0,1.0,0.0,0.0,0.0,0.0,0.0,-0.1,0.0,0.1,0.0,0.0,16.0,25903.0
2026-07-30T19:02:17.180Z,306.663,306.678,0.0,7.4,0.0,0.0,0.0,0.0,0.0,0.0,0.0,0.0,1.0,0.0,0.0,0.0,9.0,4.0,0.0,0.0,0.0,0.0,0.0,0.0,0.0,0.0,4.0,12.0,1.0,12.17,5.0200000000000005,2.51,1.49,0.0,0.1,0.0,134.3,0.0,0.2,1.2000000000000002,-0.7000000000000001,-169.70000000000002,0.0,0.0,169.8,0.0,21.200000000000003,29.1,29.1,30.0,300.0,300.0,31.700000000000003,35.800000000000004,29.0,28.200000000000003,30.1,4.96,1.99,4.97,0.16,0.0,0.0,1027.0,8228.0,0.0,0.0,0.0,0.0,0.0,1.0,0.0,0.0,0.0,0.0,0.0,0.8,0.0,0.9,0.0,0.0,16.0,25903.0
2026-07-30T19:02:17.192Z,306.675,306.69,0.0,7.4,0.0,0.0,0.0,0.0,0.0,0.0,0.0,0.0,1.0,0.0,0.0,0.0,9.0,4.0,0.0,0.0,0.0,0.0,0.0,0.0,0.0,0.0,5.0,12.0,1.0,12.17,5.0200000000000005,2.51,1.49,0.0,0.0,0.0,134.5,0.0,0.7000000000000001,1.2000000000000002,2.1,-169.70000000000002,0.0,0.0,169.70000000000002,0.0,21.200000000000003,29.1,29.1,30.0,300.0,300.0,31.700000000000003,35.800000000000004,29.0,28.200000000000003,30.1,4.95,1.99,4.96,0.16,0.0,0.0,1027.0,8228.0,0.0,0.0,0.0,0.0,0.0,1.0,0.0,0.0,0.0,0.0,0.0,3.0,0.0,-1.6,0.0,0.0,16.0,25903.0
2026-07-30T19:02:17.205Z,306.688,306.702,0.0,7.4,0.0,0.0,0.0,0.0,0.0,0.0,0.0,0.0,1.0,0.0,0.0,0.0,9.0,4.0,0.0,0.0,0.0,0.0,0.0,0.0,0.0,0.0,5.0,12.0,1.0,12.18,5.0200000000000005,2.51,1.49,0.0,0.0,0.0,134.70000000000002,0.0,0.1,0.6000000000000001,-0.7000000000000001,-169.70000000000002,0.0,0.0,169.60000000000002,0.0,21.700000000000003,29.1,29.1,30.0,300.0,300.0,31.700000000000003,35.800000000000004,29.0,28.200000000000003,30.1,4.96,1.99,4.96,0.16,0.0,0.0,1027.0,8228.0,0.0,0.0,0.0,0.0,0.0,1.0,0.0,0.0,0.0,0.0,0.0,0.1,0.0,0.7000000000000001,0.0,0.0,16.0,25903.0
2026-07-30T19:02:17.216Z,306.699,306.714,0.0,7.4,0.0,0.0,0.0,0.0,0.0,0.0,0.0,0.0,1.0,0.0,0.0,0.0,9.0,4.0,0.0,0.0,0.0,0.0,0.0,0.0,0.0,0.0,1.0,12.0,1.0,12.18,5.0200000000000005,2.51,1.49,0.0,0.0,0.0,134.9,0.0,0.2,0.5,1.0,-169.70000000000002,0.0,0.0,169.70000000000002,0.0,21.700000000000003,29.1,29.1,30.0,300.0,300.0,31.700000000000003,35.800000000000004,29.0,28.200000000000003,30.1,4.96,1.99,4.97,0.16,0.0,0.0,1027.0,8228.0,0.0,0.0,0.0,0.0,0.0,1.0,0.0,0.0,0.0,0.0,0.0,1.4,0.0,-0.7000000000000001,0.0,0.0001,16.0,25903.0
2026-07-30T19:02:17.228Z,306.711,306.726,0.0,7.4,0.0,0.0,0.0,0.0,0.0,0.0,0.0,0.0,1.0,0.0,0.0,0.0,9.0,4.0,0.0,0.0,0.0,0.0,0.0,0.0,0.0,0.0,1.0,12.0,1.0,12.18,5.0200000000000005,2.51,1.49,0.0,0.0,0.0,135.0,0.0,0.1,0.0,0.9,-169.70000000000002,0.0,0.0,169.8,0.0,21.700000000000003,29.1,29.1,30.0,300.0,300.0,31.700000000000003,35.800000000000004,29.0,28.200000000000003,30.1,4.95,1.99,4.97,0.16,0.0,0.0,1027.0,8228.0,0.0,0.0,0.0,0.0,0.0,1.0,0.0,0.0,0.0,0.0,0.0,0.6000000000000001,0.0,-0.8,0.0,0.0,16.0,25903.0
2026-07-30T19:02:17.240Z,306.723,306.738,0.0,7.4,0.0,0.0,0.0,0.0,0.0,0.0,0.0,0.0,1.0,0.0,0.0,0.0,9.0,4.0,0.0,0.0,0.0,0.0,0.0,0.0,0.0,0.0,2.0,12.0,1.0,12.18,5.0200000000000005,2.51,1.49,0.0,0.0,0.0,135.3,0.0,-0.9,0.5,-0.7000000000000001,-169.70000000000002,0.0,0.0,169.8,0.0,21.700000000000003,29.1,29.1,30.0,300.0,300.0,31.700000000000003,35.800000000000004,29.0,28.200000000000003,30.1,4.96,1.99,4.97,0.16,0.0,0.0,1027.0,8228.0,0.0,0.0,0.0,0.0,0.0,1.0,0.0,0.0,0.0,0.0,0.0,0.0,0.0,0.8,0.0,0.0001,16.0,25903.0
2026-07-30T19:02:17.252Z,306.735,306.75,0.0,7.4,0.0,0.0,0.0,0.0,0.0,0.0,0.0,0.0,1.0,0.0,0.0,0.0,9.0,4.0,0.0,0.0,0.0,0.0,0.0,0.0,0.0,0.0,3.0,12.0,1.0,12.18,5.0200000000000005,2.51,1.49,0.0,0.1,0.0,135.3,0.0,0.7000000000000001,0.0,0.9,-169.70000000000002,0.0,0.0,169.8,0.0,21.700000000000003,29.1,29.1,30.0,300.0,300.0,31.700000000000003,35.800000000000004,29.0,28.200000000000003,30.1,4.95,2.0,4.96,0.16,0.0,0.0,1027.0,8228.0,0.0,0.0,0.0,0.0,0.0,1.0,0.0,0.0,0.0,0.0,0.0,0.6000000000000001,0.0,-0.8,0.0,0.0,16.0,25903.0
2026-07-30T19:02:17.264Z,306.747,306.762,0.0,7.4,0.0,0.0,0.0,0.0,0.0,0.0,0.0,0.0,1.0,0.0,0.0,0.0,9.0,4.0,0.0,0.0,0.0,0.0,0.0,0.0,0.0,0.0,4.0,12.0,1.0,12.18,5.0200000000000005,2.51,1.49,0.0,0.0,0.0,135.20000000000002,0.0,0.2,0.5,-0.8,-169.70000000000002,0.0,0.0,169.8,0.0,21.700000000000003,29.1,29.1,30.0,300.0,300.0,31.700000000000003,35.800000000000004,29.0,28.200000000000003,30.1,4.95,1.99,4.97,0.16,0.0,0.0,1027.0,8228.0,0.0,0.0,0.0,0.0,0.0,1.0,0.0,0.0,0.0,0.0,0.0,0.0,0.0,0.8,0.0,0.0,16.0,25903.0
2026-07-30T19:02:17.276Z,306.759,306.774,0.0,7.4,0.0,0.0,0.0,0.0,0.0,0.0,0.0,0.0,1.0,0.0,0.0,0.0,9.0,4.0,0.0,0.0,0.0,0.0,0.0,0.0,0.0,0.0,5.0,12.0,1.0,12.18,5.0200000000000005,2.51,1.49,0.0,0.0,0.0,135.1,0.0,-0.3,-0.6000000000000001,-0.8,-169.70000000000002,0.0,0.0,169.70000000000002,0.0,21.700000000000003,29.1,29.1,30.0,300.0,300.0,31.700000000000003,35.800000000000004,29.0,28.200000000000003,30.1,4.95,1.99,4.97,0.16,0.0,0.0,1027.0,8228.0,0.0,0.0,0.0,0.0,0.0,1.0,0.0,0.0,0.0,0.0,0.0,-1.3,0.0,0.6000000000000001,0.0,0.0,16.0,25903.0
2026-07-30T19:02:17.288Z,306.771,306.786,0.0,7.4,0.0,0.0,0.0,0.0,0.0,0.0,0.0,0.0,1.0,0.0,0.0,0.0,9.0,4.0,0.0,0.0,0.0,0.0,0.0,0.0,0.0,0.0,6.0,12.0,1.0,12.18,5.0200000000000005,2.51,1.49,0.0,0.0,0.0,135.0,0.0,-0.3,-0.6000000000000001,0.3,-169.70000000000002,0.0,0.0,169.70000000000002,0.0,21.700000000000003,29.1,29.1,30.0,300.0,300.0,31.700000000000003,35.800000000000004,29.0,28.200000000000003,30.1,4.96,1.99,4.96,0.16,0.0,0.0,1027.0,8228.0,0.0,0.0,0.0,0.0,0.0,1.0,0.0,0.0,0.0,0.0,0.0,-0.4,0.0,-0.3,0.0,0.0001,16.0,25903.0
2026-07-30T19:02:17.300Z,306.783,306.798,0.0,7.4,0.0,0.0,0.0,0.0,0.0,0.0,0.0,0.0,1.0,0.0,0.0,0.0,9.0,4.0,0.0,0.0,0.0,0.0,0.0,0.0,0.0,0.0,1.0,12.0,1.0,12.18,5.0200000000000005,2.51,1.49,0.0,0.0,0.0,134.9,0.0,-0.3,-0.6000000000000001,1.4,-169.70000000000002,0.0,0.0,169.70000000000002,0.0,21.700000000000003,29.1,29.1,30.0,300.0,300.0,31.700000000000003,35.800000000000004,29.0,28.200000000000003,30.1,4.95,1.99,4.97,0.16,0.0,0.0,1027.0,8228.0,0.0,0.0,0.0,0.0,0.0,1.0,0.0,0.0,0.0,0.0,0.0,0.3,0.0,-1.4,0.0,0.0,16.0,25903.0
2026-07-30T19:02:17.312Z,306.795,306.81,0.0,7.4,0.0,0.0,0.0,0.0,0.0,0.0,0.0,0.0,1.0,0.0,0.0,0.0,9.0,4.0,0.0,0.0,0.0,0.0,0.0,0.0,0.0,0.0,1.0,12.0,1.0,12.18,5.0200000000000005,2.51,1.49,0.0,0.0,0.0,134.8,0.0,0.8,1.6,2.6,-169.70000000000002,0.0,0.0,169.70000000000002,0.0,21.200000000000003,29.1,29.1,30.0,300.0,300.0,31.700000000000003,35.800000000000004,29.0,28.200000000000003,30.1,4.95,1.99,4.96,0.16,0.0,0.0,1027.0,8228.0,0.0,0.0,0.0,0.0,0.0,1.0,0.0,0.0,0.0,0.0,0.0,3.8,0.0,-1.9,0.0,0.0,16.0,25903.0
2026-07-30T19:02:17.324Z,306.807,306.822,0.0,7.4,0.0,0.0,0.0,0.0,0.0,0.0,0.0,0.0,1.0,0.0,0.0,0.0,9.0,4.0,0.0,0.0,0.0,0.0,0.0,0.0,0.0,0.0,2.0,12.0,1.0,12.18,5.0200000000000005,2.51,1.49,0.0,0.0,0.0,134.70000000000002,0.0,-0.3,0.0,-0.8,-169.70000000000002,0.0,0.0,169.8,0.0,21.200000000000003,29.1,29.1,30.0,300.0,300.0,31.700000000000003,35.800000000000004,29.0,28.200000000000003,30.1,4.96,2.0,4.96,0.16,0.0,0.0,1027.0,8228.0,0.0,0.0,0.0,0.0,0.0,1.0,0.0,0.0,0.0,0.0,0.0,-0.7000000000000001,0.0,0.7000000000000001,0.0,0.0,16.0,25903.0
2026-07-30T19:02:17.336Z,306.819,306.834,0.0,7.4,0.0,0.0,0.0,0.0,0.0,0.0,0.0,0.0,1.0,0.0,0.0,0.0,9.0,4.0,0.0,0.0,0.0,0.0,0.0,0.0,0.0,0.0,3.0,12.0,1.0,12.18,5.0200000000000005,2.51,1.49,0.0,0.0,0.0,134.5,0.0,-0.3,-0.6000000000000001,-0.7000000000000001,-169.70000000000002,0.0,0.0,169.8,0.0,21.200000000000003,29.1,29.1,30.0,300.0,300.0,31.700000000000003,35.800000000000004,29.0,28.200000000000003,30.1,4.95,2.0,4.96,0.16,0.0,0.0,1027.0,8228.0,0.0,0.0,0.0,0.0,0.0,1.0,0.0,0.0,0.0,0.0,0.0,-1.2000000000000002,0.0,0.5,0.0,0.0,16.0,25903.0
2026-07-30T19:02:17.348Z,306.831,306.846,0.0,7.4,0.0,0.0,0.0,0.0,0.0,0.0,0.0,0.0,1.0,0.0,0.0,0.0,9.0,4.0,0.0,0.0,0.0,0.0,0.0,0.0,0.0,0.0,4.0,12.0,1.0,12.18,5.0200000000000005,2.51,1.49,0.0,0.0,0.0,134.5,0.0,0.2,-0.6000000000000001,-0.1,-169.70000000000002,0.0,0.0,169.8,0.0,21.200000000000003,29.1,29.1,30.0,300.0,300.0,31.700000000000003,35.800000000000004,29.0,28.200000000000003,30.1,4.96,1.99,4.96,0.16,0.0,0.0,1027.0,8228.0,0.0,0.0,0.0,0.0,0.0,1.0,0.0,0.0,0.0,0.0,0.0,-0.8,0.0,0.0,0.0,0.0,16.0,25903.0
2026-07-30T19:02:17.360Z,306.843,306.858,0.0,7.4,0.0,0.0,0.0,0.0,0.0,0.0,0.0,0.0,1.0,0.0,0.0,0.0,9.0,4.0,0.0,0.0,0.0,0.0,0.0,0.0,0.0,0.0,5.0,12.0,1.0,12.18,5.0200000000000005,2.51,1.49,0.0,0.0,0.0,134.3,0.0,-0.3,1.1,0.4,-169.70000000000002,0.0,0.0,169.70000000000002,0.0,21.200000000000003,29.1,29.1,30.0,300.0,300.0,31.700000000000003,35.800000000000004,29.0,28.200000000000003,30.1,4.96,1.99,4.97,0.16,0.0,0.0,1027.0,8228.0,0.0,0.0,0.0,0.0,0.0,1.0,0.0,0.0,0.0,0.0,0.0,1.6,0.0,-0.1,0.0,0.0,16.0,25903.0
2026-07-30T19:02:17.372Z,306.855,306.87,0.0,7.4,0.0,0.0,0.0,0.0,0.0,0.0,0.0,0.0,1.0,0.0,0.0,0.0,9.0,4.0,0.0,0.0,0.0,0.0,0.0,0.0,0.0,0.0,6.0,12.0,1.0,12.18,5.0200000000000005,2.51,1.49,0.0,0.0,0.0,134.3,0.0,-0.3,0.5,0.3,-169.70000000000002,0.0,0.0,169.70000000000002,0.0,21.200000000000003,29.1,29.1,30.0,300.0,300.0,31.700000000000003,35.800000000000004,29.0,28.200000000000003,30.1,4.96,1.99,4.97,0.16,0.0,0.0,1027.0,8228.0,0.0,0.0,0.0,0.0,0.0,1.0,0.0,0.0,0.0,0.0,0.0,0.9,0.0,-0.2,0.0,0.0,16.0,25903.0
2026-07-30T19:02:17.384Z,306.867,306.882,0.0,7.4,0.0,0.0,0.0,0.0,0.0,0.0,0.0,0.0,1.0,0.0,0.0,0.0,9.0,4.0,0.0,0.0,0.0,0.0,0.0,0.0,0.0,0.0,1.0,12.0,1.0,12.18,5.0200000000000005,2.51,1.49,0.0,0.0,0.0,134.20000000000002,0.0,0.2,-0.5,-0.7000000000000001,-169.70000000000002,0.0,0.0,169.70000000000002,0.0,21.200000000000003,29.1,29.1,30.0,300.0,300.0,31.700000000000003,35.800000000000004,29.0,28.200000000000003,30.1,4.95,1.99,4.97,0.16,0.0,0.0,1027.0,8228.0,0.0,0.0,0.0,0.0,0.0,1.0,0.0,0.0,0.0,0.0,0.0,-1.2000000000000002,0.0,0.5,0.0,0.0,16.0,25903.0
2026-07-30T19:02:17.396Z,306.879,306.894,0.0,7.4,0.0,0.0,0.0,0.0,0.0,0.0,0.0,0.0,1.0,0.0,0.0,0.0,9.0,4.0,0.0,0.0,0.0,0.0,0.0,0.0,0.0,0.0,2.0,12.0,1.0,12.18,5.0200000000000005,2.51,1.49,0.0,0.0,0.0,134.1,0.0,0.2,-0.6000000000000001,0.9,-169.70000000000002,0.0,0.0,169.8,0.0,21.200000000000003,29.1,29.1,30.0,300.0,300.0,31.700000000000003,35.800000000000004,29.0,28.200000000000003,30.1,4.96,1.99,4.96,0.16,0.0,0.0,1027.0,8228.0,0.0,0.0,0.0,0.0,0.0,1.0,0.0,0.0,0.0,0.0,0.0,0.0,0.0,-1.0,0.0,0.0,16.0,25903.0
2026-07-30T19:02:17.409Z,306.892,306.906,0.0,7.4,0.0,0.0,0.0,0.0,0.0,0.0,0.0,0.0,1.0,0.0,0.0,0.0,9.0,4.0,0.0,0.0,0.0,0.0,0.0,0.0,0.0,0.0,3.0,12.0,1.0,12.17,5.01,2.5,1.49,0.0,0.0,0.0,133.9,0.0,0.2,0.5,-0.1,-169.70000000000002,0.0,0.0,169.70000000000002,0.0,22.8,29.1,29.1,30.0,300.0,300.0,31.5,35.7,29.0,28.200000000000003,30.1,4.96,2.01,4.97,0.16,0.0,0.0,1027.0,8228.0,0.0,0.0,0.0,0.0,0.0,1.0,0.0,0.0,0.0,0.0,0.0,0.4,0.0,0.2,0.0,0.0,16.0,25903.0
2026-07-30T19:02:17.420Z,306.903,306.918,0.0,7.4,0.0,0.0,0.0,0.0,0.0,0.0,0.0,0.0,1.0,0.0,0.0,0.0,9.0,4.0,0.0,0.0,0.0,0.0,0.0,0.0,0.0,0.0,4.0,12.0,1.0,12.17,5.01,2.5,1.49,0.0,0.0,0.0,133.8,0.0,-0.9,0.5,-0.1,-169.70000000000002,0.0,0.0,169.70000000000002,0.0,22.8,29.1,29.1,30.0,300.0,300.0,31.5,35.7,29.0,28.200000000000003,30.1,4.95,1.99,4.97,0.16,0.0,0.0,1027.0,8228.0,0.0,0.0,0.0,0.0,0.0,1.0,0.0,0.0,0.0,0.0,0.0,0.4,0.0,0.2,0.0,0.0,16.0,25903.0
2026-07-30T19:02:17.432Z,306.915,306.93,0.0,7.4,0.0,0.0,0.0,0.0,0.0,0.0,0.0,0.0,1.0,0.0,0.0,0.0,9.0,4.0,0.0,0.0,0.0,0.0,0.0,0.0,0.0,0.0,5.0,12.0,1.0,12.17,5.01,2.5,1.49,0.0,0.0,0.0,133.70000000000002,0.0,-1.4,-1.2000000000000002,-0.7000000000000001,-169.70000000000002,0.0,0.0,169.8,0.0,22.8,29.1,29.1,30.0,300.0,300.0,31.5,35.7,29.0,28.200000000000003,30.1,4.95,1.99,4.96,0.16,0.0,0.0,1027.0,8228.0,0.0,0.0,0.0,0.0,0.0,1.0,0.0,0.0,0.0,0.0,0.0,-1.9,0.0,0.4,0.0,0.0,16.0,25903.0
2026-07-30T19:02:17.444Z,306.927,306.942,0.0,7.4,0.0,0.0,0.0,0.0,0.0,0.0,0.0,0.0,1.0,0.0,0.0,0.0,9.0,4.0,0.0,0.0,0.0,0.0,0.0,0.0,0.0,0.0,6.0,12.0,1.0,12.17,5.01,2.5,1.49,0.0,0.0,0.0,133.6,0.0,-0.9,-0.6000000000000001,-0.7000000000000001,-169.70000000000002,0.0,0.0,169.8,0.0,22.8,29.1,29.1,30.0,300.0,300.0,31.5,35.7,29.0,28.200000000000003,30.1,4.96,1.99,4.96,0.16,0.0,0.0,1027.0,8228.0,0.0,0.0,0.0,0.0,0.0,1.0,0.0,0.0,0.0,0.0,0.0,-1.3,0.0,0.5,0.0,0.0,16.0,25903.0
2026-07-30T19:02:17.456Z,306.939,306.954,0.0,7.4,0.0,0.0,0.0,0.0,0.0,0.0,0.0,0.0,1.0,0.0,0.0,0.0,9.0,4.0,0.0,0.0,0.0,0.0,0.0,0.0,0.0,0.0,1.0,12.0,1.0,12.17,5.01,2.5,1.49,0.0,0.0,0.0,133.5,0.0,0.2,0.0,0.3,-169.70000000000002,0.0,0.0,169.70000000000002,0.0,22.8,29.1,29.1,30.0,300.0,300.0,31.5,35.7,29.0,28.200000000000003,30.1,4.96,1.99,4.97,0.16,0.0,0.0,1027.0,8228.0,0.0,0.0,0.0,0.0,0.0,1.0,0.0,0.0,0.0,0.0,0.0,0.2,0.0,-0.3,0.0,0.0,16.0,25903.0
2026-07-30T19:02:17.468Z,306.951,306.966,0.0,7.4,0.0,0.0,0.0,0.0,0.0,0.0,0.0,0.0,1.0,0.0,0.0,0.0,9.0,4.0,0.0,0.0,0.0,0.0,0.0,0.0,0.0,0.0,2.0,12.0,1.0,12.17,5.01,2.5,1.49,0.0,0.0,0.0,133.4,0.0,0.8,-0.6000000000000001,1.5,-169.70000000000002,0.0,0.0,169.70000000000002,0.0,22.8,29.1,29.1,30.0,300.0,300.0,31.5,35.7,29.0,28.200000000000003,30.1,4.95,1.99,4.97,0.16,0.0,0.0,1027.0,8228.0,0.0,0.0,0.0,0.0,0.0,1.0,0.0,0.0,0.0,0.0,0.0,0.4,0.0,-1.4,0.0,0.0,16.0,25903.0
2026-07-30T19:02:17.480Z,306.963,306.978,0.0,7.4,0.0,0.0,0.0,0.0,0.0,0.0,0.0,0.0,1.0,0.0,0.0,0.0,9.0,4.0,0.0,0.0,0.0,0.0,0.0,0.0,0.0,0.0,3.0,12.0,1.0,12.17,5.01,2.5,1.49,0.0,0.0,0.0,133.3,0.0,-0.3,-0.5,-0.2,-169.70000000000002,0.0,0.0,169.8,0.0,22.8,29.1,29.1,30.0,300.0,300.0,31.5,35.7,29.0,28.200000000000003,30.1,4.95,1.99,4.96,0.16,0.0,0.0,1027.0,8228.0,0.0,0.0,0.0,0.0,0.0,1.0,0.0,0.0,0.0,0.0,0.0,-0.8,0.0,0.0,0.0,0.0,16.0,25903.0
2026-07-30T19:02:17.492Z,306.975,306.99,0.0,7.4,0.0,0.0,0.0,0.0,0.0,0.0,0.0,0.0,1.0,0.0,0.0,0.0,9.0,4.0,0.0,0.0,0.0,0.0,0.0,0.0,0.0,0.0,4.0,12.0,1.0,12.17,5.01,2.5,1.49,0.0,0.0,0.0,133.1,0.0,-0.9,-0.5,1.5,-169.70000000000002,0.0,0.0,169.70000000000002,0.0,22.8,29.1,29.1,30.0,300.0,300.0,31.5,35.7,29.0,28.200000000000003,30.1,4.95,2.0,4.97,0.16,0.0,0.0,1027.0,8228.0,0.0,0.0,0.0,0.0,0.0,1.0,0.0,0.0,0.0,0.0,0.0,0.4,0.0,-1.4,0.0,0.0001,16.0,25903.0
2026-07-30T19:02:17.504Z,306.987,307.002,0.0,7.4,0.0,0.0,0.0,0.0,0.0,0.0,0.0,0.0,1.0,0.0,0.0,0.0,9.0,4.0,0.0,0.0,0.0,0.0,0.0,0.0,0.0,0.0,5.0,12.0,1.0,12.17,5.01,2.5,1.49,0.0,0.0,0.0,133.1,0.0,-0.3,0.5,-0.7000000000000001,-169.70000000000002,0.0,0.0,169.8,0.0,22.8,29.1,29.1,30.0,300.0,300.0,31.5,35.7,29.0,28.200000000000003,30.1,4.95,1.99,4.97,0.16,0.0,0.0,1027.0,8228.0,0.0,0.0,0.0,0.0,0.0,1.0,0.0,0.0,0.0,0.0,0.0,0.0,0.0,0.8,0.0,0.0,16.0,25903.0
2026-07-30T19:02:17.516Z,306.999,307.014,0.0,7.4,0.0,0.0,0.0,0.0,0.0,0.0,0.0,0.0,1.0,0.0,0.0,0.0,9.0,4.0,0.0,0.0,0.0,0.0,0.0,0.0,0.0,0.0,6.0,12.0,1.0,12.17,5.01,2.51,1.49,0.0,0.0,0.0,132.9,0.0,0.2,0.0,-0.1,-169.70000000000002,0.0,0.0,169.70000000000002,0.0,21.4,29.1,29.1,30.0,300.0,300.0,31.6,35.7,29.0,28.200000000000003,30.0,4.95,1.99,4.97,0.16,0.0,0.0,1027.0,8228.0,0.0,0.0,0.0,0.0,0.0,1.0,0.0,0.0,0.0,0.0,0.0,-0.1,0.0,0.1,0.0,0.0001,16.0,25903.0
2026-07-30T19:02:17.528Z,307.011,307.026,0.0,7.4,0.0,0.0,0.0,0.0,0.0,0.0,0.0,0.0,1.0,0.0,0.0,0.0,9.0,4.0,0.0,0.0,0.0,0.0,0.0,0.0,0.0,0.0,1.0,12.0,1.0,12.17,5.01,2.51,1.49,0.0,0.0,0.0,132.9,0.0,0.2,0.0,-0.1,-169.70000000000002,0.0,0.0,169.70000000000002,0.0,21.4,29.1,29.1,30.0,300.0,300.0,31.6,35.7,29.0,28.200000000000003,30.0,4.96,1.99,4.96,0.16,0.0,0.0,1027.0,8228.0,0.0,0.0,0.0,0.0,0.0,1.0,0.0,0.0,0.0,0.0,0.0,-0.1,0.0,0.1,0.0,0.0001,16.0,25903.0
2026-07-30T19:02:17.540Z,307.023,307.038,0.0,7.4,0.0,0.0,0.0,0.0,0.0,0.0,0.0,0.0,1.0,0.0,0.0,0.0,9.0,4.0,0.0,0.0,0.0,0.0,0.0,0.0,0.0,0.0,2.0,12.0,1.0,12.17,5.01,2.51,1.49,0.0,0.0,0.0,132.70000000000002,0.0,-0.8,-1.1,0.9,-169.70000000000002,0.0,0.0,169.8,0.0,21.4,29.1,29.1,30.0,300.0,300.0,31.6,35.7,29.0,28.200000000000003,30.0,4.95,1.99,4.97,0.16,0.0,0.0,1027.0,8228.0,0.0,0.0,0.0,0.0,0.0,1.0,0.0,0.0,0.0,0.0,0.0,-0.5,0.0,-1.0,0.0,0.0,16.0,25903.0
2026-07-30T19:02:17.552Z,307.035,307.05,0.0,7.4,0.0,0.0,0.0,0.0,0.0,0.0,0.0,0.0,1.0,0.0,0.0,0.0,9.0,4.0,0.0,0.0,0.0,0.0,0.0,0.0,0.0,0.0,3.0,12.0,1.0,12.17,5.01,2.51,1.49,0.0,0.0,0.0,132.6,0.0,0.2,-0.5,-0.7000000000000001,-169.70000000000002,0.0,0.0,169.8,0.0,21.4,29.1,29.1,30.0,300.0,300.0,31.6,35.7,29.0,28.200000000000003,30.0,4.95,1.99,4.96,0.16,0.0,0.0,1027.0,8228.0,0.0,0.0,0.0,0.0,0.0,1.0,0.0,0.0,0.0,0.0,0.0,-1.2000000000000002,0.0,0.5,0.0,0.0,16.0,25903.0
2026-07-30T19:02:17.564Z,307.047,307.062,0.0,7.4,0.0,0.0,0.0,0.0,0.0,0.0,0.0,0.0,1.0,0.0,0.0,0.0,9.0,4.0,0.0,0.0,0.0,0.0,0.0,0.0,0.0,0.0,4.0,12.0,1.0,12.17,5.01,2.51,1.49,0.0,0.0,0.0,132.5,0.0,0.3,0.0,0.3,-169.70000000000002,0.0,0.0,169.8,0.0,21.4,29.1,29.1,30.0,300.0,300.0,31.6,35.7,29.0,28.200000000000003,30.0,4.96,2.0,4.96,0.16,0.0,0.0,1027.0,8228.0,0.0,0.0,0.0,0.0,0.0,1.0,0.0,0.0,0.0,0.0,0.0,0.3,0.0,-0.3,0.0,0.0,16.0,25903.0
2026-07-30T19:02:17.576Z,307.059,307.074,0.0,7.4,0.0,0.0,0.0,0.0,0.0,0.0,0.0,0.0,1.0,0.0,0.0,0.0,9.0,4.0,0.0,0.0,0.0,0.0,0.0,0.0,0.0,0.0,5.0,12.0,1.0,12.17,5.01,2.51,1.49,0.0,0.0,0.0,132.5,0.0,0.3,0.6000000000000001,1.0,-169.70000000000002,0.0,0.0,169.70000000000002,0.0,21.4,29.1,29.1,30.0,300.0,300.0,31.6,35.7,29.0,28.200000000000003,30.0,4.95,2.0,4.96,0.16,0.0,0.0,1027.0,8228.0,0.0,0.0,0.0,0.0,0.0,1.0,0.0,0.0,0.0,0.0,0.0,1.4,0.0,-0.7000000000000001,0.0,0.0,16.0,25903.0
2026-07-30T19:02:17.588Z,307.071,307.086,0.0,7.4,0.0,0.0,0.0,0.0,0.0,0.0,0.0,0.0,1.0,0.0,0.0,0.0,9.0,4.0,0.0,0.0,0.0,0.0,0.0,0.0,0.0,0.0,6.0,12.0,1.0,12.17,5.01,2.51,1.49,0.0,0.1,0.0,132.3,0.0,-0.2,0.6000000000000001,0.4,-169.70000000000002,0.0,0.0,169.8,0.0,21.4,29.1,29.1,30.0,300.0,300.0,31.6,35.7,29.0,28.200000000000003,30.0,4.95,1.99,4.97,0.16,0.0,0.0,1027.0,8228.0,0.0,0.0,0.0,0.0,0.0,1.0,0.0,0.0,0.0,0.0,0.0,1.1,0.0,-0.2,0.0,0.0001,16.0,25903.0
2026-07-30T19:02:17.600Z,307.083,307.098,0.0,7.4,0.0,0.0,0.0,0.0,0.0,0.0,0.0,0.0,1.0,0.0,0.0,0.0,9.0,4.0,0.0,0.0,0.0,0.0,0.0,0.0,0.0,0.0,6.0,12.0,1.0,12.17,5.01,2.51,1.49,0.0,0.0,0.0,132.20000000000002,0.0,-0.3,0.0,1.0,-169.70000000000002,0.0,0.0,169.8,0.0,21.4,29.1,29.1,30.0,300.0,300.0,31.6,35.7,29.0,28.200000000000003,30.0,4.95,1.99,4.96,0.16,0.0,0.0,1027.0,8228.0,0.0,0.0,0.0,0.0,0.0,1.0,0.0,0.0,0.0,0.0,0.0,0.6000000000000001,0.0,0.2,0.0,0.0001,16.0,25903.0
2026-07-30T19:02:17.613Z,307.096,307.11,0.0,7.4,0.0,0.0,0.0,0.0,0.0,0.0,0.0,0.0,1.0,0.0,0.0,0.0,9.0,4.0,0.0,0.0,0.0,0.0,0.0,0.0,0.0,0.0,1.0,12.0,1.0,12.14,5.01,2.51,1.5,0.0,0.0,0.0,132.1,0.0,-0.3,-0.5,0.4,-169.70000000000002,0.0,0.0,169.70000000000002,0.0,21.200000000000003,29.1,29.1,30.0,300.0,300.0,31.5,35.800000000000004,28.9,28.200000000000003,30.0,4.96,1.99,4.96,0.16,0.0,0.0,1027.0,8228.0,0.0,0.0,0.0,0.0,0.0,1.0,0.0,0.0,0.0,0.0,0.0,0.0,0.0,0.1,0.0,0.0001,16.0,25903.0
2026-07-30T19:02:17.624Z,307.107,307.122,0.0,7.4,0.0,0.0,0.0,0.0,0.0,0.0,0.0,0.0,1.0,0.0,0.0,0.0,9.0,4.0,0.0,0.0,0.0,0.0,0.0,0.0,0.0,0.0,2.0,12.0,1.0,12.14,5.01,2.51,1.5,0.0,0.0,0.0,132.0,0.0,-0.3,-0.5,-1.3,-169.70000000000002,0.0,0.0,169.8,0.0,21.200000000000003,29.1,29.1,30.0,300.0,300.0,31.5,35.800000000000004,28.9,28.200000000000003,30.0,4.95,1.99,4.97,0.16,0.0,0.0,1027.0,8228.0,0.0,0.0,0.0,0.0,0.0,1.0,0.0,0.0,0.0,0.0,0.0,-0.6000000000000001,0.0,0.0,0.0,0.0,16.0,25903.0
2026-07-30T19:02:17.636Z,307.119,307.134,0.0,7.4,0.0,0.0,0.0,0.0,0.0,0.0,0.0,0.0,1.0,0.0,0.0,0.0,9.0,4.0,0.0,0.0,0.0,0.0,0.0,0.0,0.0,0.0,3.0,12.0,1.0,12.14,5.01,2.51,1.5,0.0,0.0,0.0,131.9,0.0,1.4,-0.5,0.4,-169.70000000000002,0.0,0.0,169.8,0.0,21.200000000000003,29.1,29.1,30.0,300.0,300.0,31.5,35.800000000000004,28.9,28.200000000000003,30.0,4.96,1.99,4.96,0.16,0.0,0.0,1027.0,8228.0,0.0,0.0,0.0,0.0,0.0,1.0,0.0,0.0,0.0,0.0,0.0,0.0,0.0,0.1,0.0,0.0,16.0,25903.0
2026-07-30T19:02:17.648Z,307.131,307.146,0.0,7.4,0.0,0.0,0.0,0.0,0.0,0.0,0.0,0.0,1.0,0.0,0.0,0.0,9.0,4.0,0.0,0.0,0.0,0.0,0.0,0.0,0.0,0.0,4.0,12.0,1.0,12.14,5.01,2.51,1.5,0.0,0.0,0.0,131.8,0.0,0.2,1.2000000000000002,0.4,-169.70000000000002,0.0,0.0,169.70000000000002,0.0,21.200000000000003,29.1,29.1,30.0,300.0,300.0,31.5,35.800000000000004,28.9,28.200000000000003,30.0,4.96,1.99,4.96,0.16,0.0,0.0,1027.0,8228.0,0.0,0.0,0.0,0.0,0.0,1.0,0.0,0.0,0.0,0.0,0.0,1.7000000000000002,0.0,-0.1,0.0,0.0,16.0,25903.0
2026-07-30T19:02:17.660Z,307.143,307.158,0.0,7.4,0.0,0.0,0.0,0.0,0.0,0.0,0.0,0.0,1.0,0.0,0.0,0.0,9.0,4.0,0.0,0.0,0.0,0.0,0.0,0.0,0.0,0.0,4.0,12.0,1.0,12.14,5.01,2.51,1.5,0.0,0.0,0.0,131.70000000000002,0.0,-0.9,0.6000000000000001,0.5,-169.70000000000002,0.0,0.0,169.8,0.0,21.200000000000003,29.1,29.1,30.0,300.0,300.0,31.5,35.800000000000004,28.9,28.200000000000003,30.0,4.95,1.99,4.96,0.16,0.0,0.0,1027.0,8228.0,0.0,0.0,0.0,0.0,0.0,1.0,0.0,0.0,0.0,0.0,0.0,1.1,0.0,-0.3,0.0,0.0,16.0,25903.0
2026-07-30T19:02:17.672Z,307.155,307.17,0.0,7.4,0.0,0.0,0.0,0.0,0.0,0.0,0.0,0.0,1.0,0.0,0.0,0.0,9.0,4.0,0.0,0.0,0.0,0.0,0.0,0.0,0.0,0.0,6.0,12.0,1.0,12.14,5.01,2.51,1.5,0.0,0.0,0.0,131.6,0.0,-0.3,-0.5,0.0,-169.70000000000002,0.0,0.0,169.70000000000002,0.0,21.200000000000003,29.1,29.1,30.0,300.0,300.0,31.5,35.800000000000004,28.9,28.200000000000003,30.0,4.95,1.99,4.97,0.16,0.0,0.0,1027.0,8228.0,0.0,0.0,0.0,0.0,0.0,1.0,0.0,0.0,0.0,0.0,0.0,-0.5,0.0,0.0,0.0,0.0,16.0,25903.0
2026-07-30T19:02:17.684Z,307.167,307.182,0.0,7.4,0.0,0.0,0.0,0.0,0.0,0.0,0.0,0.0,1.0,0.0,0.0,0.0,9.0,4.0,0.0,0.0,0.0,0.0,0.0,0.0,0.0,0.0,1.0,12.0,1.0,12.14,5.01,2.51,1.5,0.0,0.0,0.0,131.5,0.0,0.2,-1.0,0.0,-169.70000000000002,0.0,0.0,169.70000000000002,0.0,21.200000000000003,29.1,29.1,30.0,300.0,300.0,31.5,35.800000000000004,28.9,28.200000000000003,30.0,4.96,1.99,4.96,0.16,0.0,0.0,1027.0,8228.0,0.0,0.0,0.0,0.0,0.0,1.0,0.0,0.0,0.0,0.0,0.0,-1.2000000000000002,0.0,-0.1,0.0,0.0,16.0,25903.0
2026-07-30T19:02:17.696Z,307.179,307.194,0.0,7.4,0.0,0.0,0.0,0.0,0.0,0.0,0.0,0.0,1.0,0.0,0.0,0.0,9.0,4.0,0.0,0.0,0.0,0.0,0.0,0.0,0.0,0.0,2.0,12.0,1.0,12.14,5.01,2.51,1.5,0.0,0.0,0.0,131.5,0.0,0.2,0.6000000000000001,0.0,-169.70000000000002,0.0,0.0,169.70000000000002,0.0,21.200000000000003,29.1,29.1,30.0,300.0,300.0,31.5,35.800000000000004,28.9,28.200000000000003,30.0,4.96,2.0,4.97,0.16,0.0,0.0,1027.0,8228.0,0.0,0.0,0.0,0.0,0.0,1.0,0.0,0.0,0.0,0.0,0.0,0.6000000000000001,0.0,0.2,0.0,0.0,16.0,25903.0
2026-07-30T19:02:17.708Z,307.191,307.206,0.0,7.4,0.0,0.0,0.0,0.0,0.0,0.0,0.0,0.0,1.0,0.0,0.0,0.0,9.0,4.0,0.0,0.0,0.0,0.0,0.0,0.0,0.0,0.0,3.0,12.0,1.0,12.14,5.01,2.51,1.5,0.0,0.0,0.0,131.6,0.0,0.2,-0.4,-0.1,-169.70000000000002,0.0,0.0,169.8,0.0,21.200000000000003,29.1,29.1,30.0,300.0,300.0,31.5,35.800000000000004,28.9,28.200000000000003,30.0,4.95,1.99,4.97,0.16,0.0,0.0,1027.0,8228.0,0.0,0.0,0.0,0.0,0.0,1.0,0.0,0.0,0.0,0.0,0.0,-0.6000000000000001,0.0,0.0,0.0,0.0,16.0,25903.0
2026-07-30T19:02:17.720Z,307.203,307.218,0.0,7.4,0.0,0.0,0.0,0.0,0.0,0.0,0.0,0.0,1.0,0.0,0.0,0.0,9.0,4.0,0.0,0.0,0.0,0.0,0.0,0.0,0.0,0.0,4.0,12.0,1.0,12.18,5.01,2.5,1.49,0.0,0.0,0.0,131.8,0.0,0.2,0.1,-0.1,-169.70000000000002,0.0,0.0,169.8,0.0,21.0,29.1,29.1,30.0,300.0,300.0,31.6,35.800000000000004,29.0,28.200000000000003,30.0,4.96,1.99,4.96,0.16,0.0,0.0,1027.0,8228.0,0.0,0.0,0.0,0.0,0.0,1.0,0.0,0.0,0.0,0.0,0.0,0.0,0.0,0.1,0.0,0.0,16.0,25903.0
2026-07-30T19:02:17.732Z,307.215,307.23,0.0,7.4,0.0,0.0,0.0,0.0,0.0,0.0,0.0,0.0,1.0,0.0,0.0,0.0,9.0,4.0,0.0,0.0,0.0,0.0,0.0,0.0,0.0,0.0,6.0,12.0,1.0,12.18,5.01,2.5,1.49,0.0,0.0,0.0,132.0,0.0,0.3,0.1,0.0,-169.70000000000002,0.0,0.0,169.70000000000002,0.0,21.0,29.1,29.1,30.0,300.0,300.0,31.6,35.800000000000004,29.0,28.200000000000003,30.0,4.95,2.0,4.96,0.16,0.0,0.0,1027.0,8228.0,0.0,0.0,0.0,0.0,0.0,1.0,0.0,0.0,0.0,0.0,0.0,0.1,0.0,0.0,0.0,0.0,16.0,25903.0
2026-07-30T19:02:17.744Z,307.227,307.242,0.0,7.4,0.0,0.0,0.0,0.0,0.0,0.0,0.0,0.0,1.0,0.0,0.0,0.0,9.0,4.0,0.0,0.0,0.0,0.0,0.0,0.0,0.0,0.0,1.0,12.0,1.0,12.18,5.01,2.5,1.49,0.0,0.0,0.0,132.20000000000002,0.0,0.3,0.1,0.5,-169.70000000000002,0.0,0.0,169.70000000000002,0.0,21.0,29.1,29.1,30.0,300.0,300.0,31.6,35.800000000000004,29.0,28.200000000000003,30.0,4.95,1.99,4.97,0.16,0.0,0.0,1027.0,8228.0,0.0,0.0,0.0,0.0,0.0,1.0,0.0,0.0,0.0,0.0,0.0,0.6000000000000001,0.0,-0.4,0.0,0.0,16.0,25903.0
2026-07-30T19:02:17.756Z,307.239,307.254,0.0,7.4,0.0,0.0,0.0,0.0,0.0,0.0,0.0,0.0,1.0,0.0,0.0,0.0,9.0,4.0,0.0,0.0,0.0,0.0,0.0,0.0,0.0,0.0,2.0,12.0,1.0,12.18,5.01,2.5,1.49,0.0,0.0,0.0,132.4,0.0,-0.2,0.2,0.5,-169.70000000000002,0.0,0.0,169.70000000000002,0.0,21.0,29.1,29.1,30.0,300.0,300.0,31.6,35.800000000000004,29.0,28.200000000000003,30.0,4.95,2.0,4.97,0.16,0.0,0.0,1027.0,8228.0,0.0,0.0,0.0,0.0,0.0,1.0,0.0,0.0,0.0,0.0,0.0,0.6000000000000001,0.0,-0.4,0.0,0.0,16.0,25903.0
2026-07-30T19:02:17.768Z,307.251,307.266,0.0,7.4,0.0,0.0,0.0,0.0,0.0,0.0,0.0,0.0,1.0,0.0,0.0,0.0,9.0,4.0,0.0,0.0,0.0,0.0,0.0,0.0,0.0,0.0,4.0,12.0,1.0,12.18,5.01,2.5,1.49,0.0,0.0,0.0,132.6,0.0,-0.2,-1.5,-0.6000000000000001,-169.70000000000002,0.0,0.0,169.60000000000002,0.0,21.0,29.1,29.1,30.0,300.0,300.0,31.6,35.800000000000004,29.0,28.200000000000003,30.0,4.96,2.0,4.96,0.16,0.0,0.0,1027.0,8228.0,0.0,0.0,0.0,0.0,0.0,1.0,0.0,0.0,0.0,0.0,0.0,-2.1,0.0,0.2,0.0,0.0,16.0,25903.0
2026-07-30T19:02:17.780Z,307.263,307.278,0.0,7.4,0.0,0.0,0.0,0.0,0.0,0.0,0.0,0.0,1.0,0.0,0.0,0.0,9.0,4.0,0.0,0.0,0.0,0.0,0.0,0.0,0.0,0.0,5.0,12.0,1.0,12.18,5.01,2.5,1.49,0.0,0.1,0.0,132.8,0.0,-0.2,-0.9,1.1,-169.70000000000002,0.0,0.0,169.70000000000002,0.0,21.0,29.1,29.1,30.0,300.0,300.0,31.6,35.800000000000004,29.0,28.200000000000003,30.0,4.95,2.0,4.97,0.16,0.0,0.0,1027.0,8228.0,0.0,0.0,0.0,0.0,0.0,1.0,0.0,0.0,0.0,0.0,0.0,-0.2,0.0,-1.1,0.0,0.0,16.0,25903.0
2026-07-30T19:02:17.793Z,307.276,307.29,0.0,7.4,0.0,0.0,0.0,0.0,0.0,0.0,0.0,0.0,1.0,0.0,0.0,0.0,9.0,4.0,0.0,0.0,0.0,0.0,0.0,0.0,0.0,0.0,1.0,12.0,1.0,12.18,5.01,2.5,1.49,0.0,0.0,0.0,133.0,0.0,-0.2,1.4,-0.1,-169.70000000000002,0.0,0.0,169.70000000000002,0.0,21.0,29.1,29.1,30.0,300.0,300.0,31.6,35.800000000000004,29.0,28.200000000000003,30.0,4.95,2.0,4.96,0.16,0.0,0.0,1027.0,8228.0,0.0,0.0,0.0,0.0,0.0,1.0,0.0,0.0,0.0,0.0,0.0,1.5,0.0,0.4,0.0,0.0,16.0,25903.0
2026-07-30T19:02:17.805Z,307.288,307.302,0.0,7.4,0.0,0.0,0.0,0.0,0.0,0.0,0.0,0.0,1.0,0.0,0.0,0.0,9.0,4.0,0.0,0.0,0.0,0.0,0.0,0.0,0.0,0.0,2.0,12.0,1.0,12.18,5.01,2.5,1.49,0.0,0.0,0.0,133.1,0.0,0.2,0.8,0.0,-169.70000000000002,0.0,0.0,169.70000000000002,0.0,21.0,29.1,29.1,30.0,300.0,300.0,31.6,35.800000000000004,29.0,28.200000000000003,30.0,4.96,2.0,4.96,0.16,0.0,0.0,1027.0,8228.0,0.0,0.0,0.0,0.0,0.0,1.0,0.0,0.0,0.0,0.0,0.0,0.8,0.0,0.2,0.0,0.0,16.0,25903.0
2026-07-30T19:02:17.817Z,307.3,307.314,0.0,7.4,0.0,0.0,0.0,0.0,0.0,0.0,0.0,0.0,1.0,0.0,0.0,0.0,9.0,4.0,0.0,0.0,0.0,0.0,0.0,0.0,0.0,0.0,3.0,12.0,1.0,12.15,5.0200000000000005,2.5,1.49,0.0,0.0,0.0,133.3,0.0,0.2,0.2,0.5,-169.70000000000002,0.0,0.0,169.70000000000002,0.0,21.8,29.1,29.1,30.0,300.0,300.0,31.6,35.7,28.9,28.1,30.1,4.96,2.0,4.97,0.16,0.0,0.0,1027.0,8228.0,0.0,0.0,0.0,0.0,0.0,1.0,0.0,0.0,0.0,0.0,0.0,0.7000000000000001,0.0,-0.4,0.0,0.0,16.0,25903.0
2026-07-30T19:02:17.828Z,307.311,307.326,0.0,7.4,0.0,0.0,0.0,0.0,0.0,0.0,0.0,0.0,1.0,0.0,0.0,0.0,9.0,4.0,0.0,0.0,0.0,0.0,0.0,0.0,0.0,0.0,4.0,12.0,1.0,12.15,5.0200000000000005,2.5,1.49,0.0,0.0,0.0,133.5,0.0,-1.5,-1.4,-1.2000000000000002,-169.70000000000002,0.0,0.0,169.8,0.0,21.8,29.1,29.1,30.0,300.0,300.0,31.6,35.7,28.9,28.1,30.1,4.95,1.99,4.97,0.16,0.0,0.0,1027.0,8228.0,0.0,0.0,0.0,0.0,0.0,1.0,0.0,0.0,0.0,0.0,0.0,-2.6,0.0,0.7000000000000001,0.0,0.0,16.0,25903.0
2026-07-30T19:02:17.840Z,307.323,307.338,0.0,7.4,0.0,0.0,0.0,0.0,0.0,0.0,0.0,0.0,1.0,0.0,0.0,0.0,9.0,4.0,0.0,0.0,0.0,0.0,0.0,0.0,0.0,0.0,5.0,12.0,1.0,12.15,5.0200000000000005,2.5,1.49,0.0,0.0,0.0,133.70000000000002,0.0,-0.3,0.1,-1.2000000000000002,-169.70000000000002,0.0,0.0,169.70000000000002,0.0,21.8,29.1,29.1,30.0,300.0,300.0,31.6,35.7,28.9,28.1,30.1,4.95,1.99,4.96,0.16,0.0,0.0,1027.0,8228.0,0.0,0.0,0.0,0.0,0.0,1.0,0.0,0.0,0.0,0.0,0.0,-0.7000000000000001,0.0,1.1,0.0,0.0001,16.0,25903.0
2026-07-30T19:02:17.852Z,307.335,307.35,0.0,7.4,0.0,0.0,0.0,0.0,0.0,0.0,0.0,0.0,1.0,0.0,0.0,0.0,9.0,4.0,0.0,0.0,0.0,0.0,0.0,0.0,0.0,0.0,6.0,12.0,1.0,12.15,5.0200000000000005,2.5,1.49,0.0,0.0,0.0,133.9,0.0,-0.3,-0.9,1.0,-169.70000000000002,0.0,0.0,169.70000000000002,0.0,21.8,29.1,29.1,30.0,300.0,300.0,31.6,35.7,28.9,28.1,30.1,4.95,2.0,4.96,0.16,0.0,0.0,1027.0,8228.0,0.0,0.0,0.0,0.0,0.0,1.0,0.0,0.0,0.0,0.0,0.0,-0.3,0.0,-1.1,0.0,0.0,16.0,25903.0
2026-07-30T19:02:17.864Z,307.347,307.362,0.0,7.4,0.0,0.0,0.0,0.0,0.0,0.0,0.0,0.0,1.0,0.0,0.0,0.0,9.0,4.0,0.0,0.0,0.0,0.0,0.0,0.0,0.0,0.0,1.0,12.0,1.0,12.15,5.0200000000000005,2.5,1.49,0.0,0.0,0.0,134.1,0.0,-0.9,-0.4,1.6,-169.70000000000002,0.0,0.0,169.70000000000002,0.0,21.8,29.1,29.1,30.0,300.0,300.0,31.6,35.7,28.9,28.1,30.1,4.95,2.0,4.97,0.16,0.0,0.0,1027.0,8228.0,0.0,0.0,0.0,0.0,0.0,1.0,0.0,0.0,0.0,0.0,0.0,0.7000000000000001,0.0,-1.5,0.0,0.0,16.0,25903.0
2026-07-30T19:02:17.876Z,307.359,307.374,0.0,7.4,0.0,0.0,0.0,0.0,0.0,0.0,0.0,0.0,1.0,0.0,0.0,0.0,9.0,4.0,0.0,0.0,0.0,0.0,0.0,0.0,0.0,0.0,2.0,12.0,1.0,12.15,5.0200000000000005,2.5,1.49,0.0,0.0,0.0,134.3,0.0,-0.2,-0.4,-0.6000000000000001,-169.70000000000002,0.0,0.0,169.60000000000002,0.0,21.8,29.1,29.1,30.0,300.0,300.0,31.6,35.7,28.9,28.1,30.1,4.96,2.0,4.97,0.16,0.0,0.0,1027.0,8228.0,0.0,0.0,0.0,0.0,0.0,1.0,0.0,0.0,0.0,0.0,0.0,-0.9,0.0,0.4,0.0,0.0,16.0,25903.0
2026-07-30T19:02:17.888Z,307.371,307.386,0.0,7.4,0.0,0.0,0.0,0.0,0.0,0.0,0.0,0.0,1.0,0.0,0.0,0.0,9.0,4.0,0.0,0.0,0.0,0.0,0.0,0.0,0.0,0.0,2.0,12.0,1.0,12.15,5.0200000000000005,2.5,1.49,0.0,0.0,0.0,134.5,0.0,-0.8,-0.4,-1.1,-169.70000000000002,0.0,0.0,169.60000000000002,0.0,21.8,29.1,29.1,30.0,300.0,300.0,31.6,35.7,28.9,28.1,30.1,4.96,2.0,4.96,0.16,0.0,0.0,1027.0,8228.0,0.0,0.0,0.0,0.0,0.0,1.0,0.0,0.0,0.0,0.0,0.0,-1.3,0.0,0.9,0.0,0.0,16.0,25903.0
2026-07-30T19:02:17.900Z,307.383,307.398,0.0,7.4,0.0,0.0,0.0,0.0,0.0,0.0,0.0,0.0,1.0,0.0,0.0,0.0,9.0,4.0,0.0,0.0,0.0,0.0,0.0,0.0,0.0,0.0,3.0,12.0,1.0,12.15,5.0200000000000005,2.5,1.49,0.0,0.1,0.0,134.6,0.0,-0.3,-0.4,-0.6000000000000001,-169.70000000000002,0.0,0.0,169.60000000000002,0.0,21.8,29.1,29.1,30.0,300.0,300.0,31.6,35.7,28.9,28.1,30.1,4.96,1.99,4.96,0.16,0.0,0.0,1027.0,8228.0,0.0,0.0,0.0,0.0,0.0,1.0,0.0,0.0,0.0,0.0,0.0,-0.9,0.0,0.4,0.0,0.0,16.0,25903.0
2026-07-30T19:02:17.912Z,307.395,307.41,0.0,7.4,0.0,0.0,0.0,0.0,0.0,0.0,0.0,0.0,1.0,0.0,0.0,0.0,9.0,4.0,0.0,0.0,0.0,0.0,0.0,0.0,0.0,0.0,4.0,12.0,1.0,12.15,5.0200000000000005,2.5,1.49,0.0,0.0,0.0,134.8,0.0,-0.3,0.1,0.5,-169.70000000000002,0.0,0.0,169.60000000000002,0.0,21.8,29.1,29.1,30.0,300.0,300.0,31.6,35.7,28.9,28.1,30.1,4.95,1.99,4.96,0.16,0.0,0.0,1027.0,8228.0,0.0,0.0,0.0,0.0,0.0,1.0,0.0,0.0,0.0,0.0,0.0,0.5,0.0,-0.4,0.0,0.0,16.0,25903.0
2026-07-30T19:02:17.924Z,307.407,307.422,0.0,7.4,0.0,0.0,0.0,0.0,0.0,0.0,0.0,0.0,1.0,0.0,0.0,0.0,9.0,4.0,0.0,0.0,0.0,0.0,0.0,0.0,0.0,0.0,5.0,12.0,1.0,12.18,5.01,2.51,1.49,0.0,0.0,0.0,134.9,0.0,0.8,0.1,2.2,-169.60000000000002,0.0,0.0,169.60000000000002,0.0,21.4,29.1,29.1,30.0,300.0,300.0,31.700000000000003,35.7,29.0,28.1,30.1,4.95,1.99,4.96,0.16,0.0,0.0,1027.0,8228.0,0.0,0.0,0.0,0.0,0.0,1.0,0.0,0.0,0.0,0.0,0.0,1.8,0.0,-1.9,0.0,0.0,16.0,25903.0
2026-07-30T19:02:17.936Z,307.419,307.434,0.0,7.4,0.0,0.0,0.0,0.0,0.0,0.0,0.0,0.0,1.0,0.0,0.0,0.0,9.0,4.0,0.0,0.0,0.0,0.0,0.0,0.0,0.0,0.0,6.0,12.0,1.0,12.18,5.01,2.51,1.49,0.0,0.0,0.0,135.0,0.0,0.2,0.1,-0.6000000000000001,-169.60000000000002,0.0,0.0,169.60000000000002,0.0,21.4,29.1,29.1,30.0,300.0,300.0,31.700000000000003,35.7,29.0,28.1,30.1,4.95,2.0,4.96,0.16,0.0,0.0,1027.0,8228.0,0.0,0.0,0.0,0.0,0.0,1.0,0.0,0.0,0.0,0.0,0.0,-0.3,0.0,0.6000000000000001,0.0,0.0,16.0,25903.0
2026-07-30T19:02:17.948Z,307.431,307.446,0.0,7.4,0.0,0.0,0.0,0.0,0.0,0.0,0.0,0.0,1.0,0.0,0.0,0.0,9.0,4.0,0.0,0.0,0.0,0.0,0.0,0.0,0.0,0.0,1.0,12.0,1.0,12.18,5.01,2.51,1.49,0.0,0.0,0.0,134.9,0.0,-0.2,-0.4,-0.6000000000000001,-169.60000000000002,0.0,0.0,169.70000000000002,0.0,21.4,29.1,29.1,30.0,300.0,300.0,31.700000000000003,35.7,29.0,28.1,30.1,4.95,1.99,4.96,0.16,0.0,0.0,1027.0,8228.0,0.0,0.0,0.0,0.0,0.0,1.0,0.0,0.0,0.0,0.0,0.0,-1.0,0.0,0.5,0.0,0.0,16.0,25903.0
2026-07-30T19:02:17.960Z,307.443,307.458,0.0,7.4,0.0,0.0,0.0,0.0,0.0,0.0,0.0,0.0,1.0,0.0,0.0,0.0,9.0,4.0,0.0,0.0,0.0,0.0,0.0,0.0,0.0,0.0,2.0,12.0,1.0,12.18,5.01,2.51,1.49,0.0,0.0,0.0,134.8,0.0,-0.2,-0.4,0.0,-169.60000000000002,0.0,0.0,169.70000000000002,0.0,21.4,29.1,29.1,30.0,300.0,300.0,31.700000000000003,35.7,29.0,28.1,30.1,4.96,1.99,4.97,0.16,0.0,0.0,1027.0,8228.0,0.0,0.0,0.0,0.0,0.0,1.0,0.0,0.0,0.0,0.0,0.0,-0.5,0.0,0.0,0.0,0.0,16.0,25903.0
2026-07-30T19:02:17.972Z,307.455,307.47,0.0,7.4,0.0,0.0,0.0,0.0,0.0,0.0,0.0,0.0,1.0,0.0,0.0,0.0,9.0,4.0,0.0,0.0,0.0,0.0,0.0,0.0,0.0,0.0,3.0,12.0,1.0,12.18,5.01,2.51,1.49,0.0,0.0,0.0,134.70000000000002,0.0,0.9,0.7000000000000001,0.0,-169.60000000000002,0.0,0.0,169.70000000000002,0.0,21.4,29.1,29.1,30.0,300.0,300.0,31.700000000000003,35.7,29.0,28.1,30.1,4.96,2.0,4.96,0.16,0.0,0.0,1027.0,8228.0,0.0,0.0,0.0,0.0,0.0,1.0,0.0,0.0,0.0,0.0,0.0,0.7000000000000001,0.0,0.1,0.0,0.0,16.0,25903.0
2026-07-30T19:02:17.984Z,307.467,307.482,0.0,7.4,0.0,0.0,0.0,0.0,0.0,0.0,0.0,0.0,1.0,0.0,0.0,0.0,9.0,4.0,0.0,0.0,0.0,0.0,0.0,0.0,0.0,0.0,4.0,12.0,1.0,12.18,5.01,2.51,1.49,0.0,0.0,0.0,134.6,0.0,0.9,1.2000000000000002,1.1,-169.60000000000002,0.0,0.0,169.60000000000002,0.0,21.4,29.1,29.1,30.0,300.0,300.0,31.700000000000003,35.7,29.0,28.1,30.1,4.96,1.99,4.96,0.16,0.0,0.0,1027.0,8228.0,0.0,0.0,0.0,0.0,0.0,1.0,0.0,0.0,0.0,0.0,0.0,2.3000000000000003,0.0,-0.7000000000000001,0.0,0.0,16.0,25903.0
2026-07-30T19:02:17.996Z,307.479,307.494,0.0,7.4,0.0,0.0,0.0,0.0,0.0,0.0,0.0,0.0,1.0,0.0,0.0,0.0,9.0,4.0,0.0,0.0,0.0,0.0,0.0,0.0,0.0,0.0,5.0,12.0,1.0,12.18,5.01,2.51,1.49,0.0,0.0,0.0,134.5,0.0,0.9,1.3,0.0,-169.60000000000002,0.0,0.0,169.60000000000002,0.0,21.4,29.1,29.1,30.0,300.0,300.0,31.700000000000003,35.7,29.0,28.1,30.1,4.95,1.99,4.96,0.16,0.0,0.0,1027.0,8228.0,0.0,0.0,0.0,0.0,0.0,1.0,0.0,0.0,0.0,0.0,0.0,1.4,0.0,0.2,0.0,0.0,16.0,25903.0
2026-07-30T19:02:18.008Z,307.491,307.50600000000003,0.0,7.4,0.0,0.0,0.0,0.0,0.0,0.0,0.0,0.0,1.0,0.0,0.0,0.0,9.0,4.0,0.0,0.0,0.0,0.0,0.0,0.0,0.0,0.0,6.0,12.0,1.0,12.18,5.01,2.51,1.49,0.0,0.0,0.0,134.3,0.0,0.9,0.1,1.1,-169.60000000000002,0.0,0.0,169.60000000000002,0.0,21.4,29.1,29.1,30.0,300.0,300.0,31.700000000000003,35.7,29.0,28.1,30.1,4.95,1.99,4.96,0.16,0.0,0.0,1027.0,8228.0,0.0,0.0,0.0,0.0,0.0,1.0,0.0,0.0,0.0,0.0,0.0,1.0,0.0,-0.9,0.0,0.0,16.0,25903.0
2026-07-30T19:02:18.021Z,307.504,307.51800000000003,0.0,7.4,0.0,0.0,0.0,0.0,0.0,0.0,0.0,0.0,1.0,0.0,0.0,0.0,9.0,4.0,0.0,0.0,0.0,0.0,0.0,0.0,0.0,0.0,1.0,12.0,1.0,12.13,5.01,2.5,1.49,0.0,0.1,0.0,134.3,0.0,0.3,0.1,1.1,-169.60000000000002,0.0,0.0,169.60000000000002,0.0,21.4,29.1,29.1,30.0,300.0,300.0,31.700000000000003,35.7,29.0,28.200000000000003,30.1,4.95,1.99,4.97,0.16,0.0,0.0,1027.0,8228.0,0.0,0.0,0.0,0.0,0.0,1.0,0.0,0.0,0.0,0.0,0.0,1.0,0.0,-0.9,0.0,0.0,16.0,25903.0
2026-07-30T19:02:18.033Z,307.516,307.53000000000003,0.0,7.4,0.0,0.0,0.0,0.0,0.0,0.0,0.0,0.0,1.0,0.0,0.0,0.0,9.0,4.0,0.0,0.0,0.0,0.0,0.0,0.0,0.0,0.0,2.0,12.0,1.0,12.13,5.01,2.5,1.49,0.0,0.0,0.0,134.1,0.0,0.9,0.7000000000000001,0.0,-169.60000000000002,0.0,0.0,169.70000000000002,0.0,21.4,29.1,29.1,30.0,300.0,300.0,31.700000000000003,35.7,29.0,28.200000000000003,30.1,4.95,1.99,4.96,0.16,0.0,0.0,1027.0,8228.0,0.0,0.0,0.0,0.0,0.0,1.0,0.0,0.0,0.0,0.0,0.0,0.8,0.0,0.2,0.0,0.0,16.0,25903.0
2026-07-30T19:02:18.044Z,307.527,307.54200000000003,0.0,7.4,0.0,0.0,0.0,0.0,0.0,0.0,0.0,0.0,1.0,0.0,0.0,0.0,9.0,4.0,0.0,0.0,0.0,0.0,0.0,0.0,0.0,0.0,3.0,12.0,1.0,12.13,5.01,2.5,1.49,0.0,0.0,0.0,134.1,0.0,-0.2,0.1,0.5,-169.60000000000002,0.0,0.0,169.60000000000002,0.0,21.4,29.1,29.1,30.0,300.0,300.0,31.700000000000003,35.7,29.0,28.200000000000003,30.1,4.96,2.0,4.96,0.16,0.0,0.0,1027.0,8228.0,0.0,0.0,0.0,0.0,0.0,1.0,0.0,0.0,0.0,0.0,0.0,0.6000000000000001,0.0,-0.4,0.0,0.0,16.0,25903.0
2026-07-30T19:02:18.056Z,307.539,307.55400000000003,0.0,7.4,0.0,0.0,0.0,0.0,0.0,0.0,0.0,0.0,1.0,0.0,0.0,0.0,9.0,4.0,0.0,0.0,0.0,0.0,0.0,0.0,0.0,0.0,5.0,12.0,1.0,12.13,5.01,2.5,1.49,0.0,0.0,0.0,134.0,0.0,-0.8,0.8,-0.6000000000000001,-169.60000000000002,0.0,0.0,169.70000000000002,0.0,21.4,29.1,29.1,30.0,300.0,300.0,31.700000000000003,35.7,29.0,28.200000000000003,30.1,4.95,2.0,4.97,0.16,0.0,0.0,1027.0,8228.0,0.0,0.0,0.0,0.0,0.0,1.0,0.0,0.0,0.0,0.0,0.0,0.4,0.0,0.7000000000000001,0.0,0.0,16.0,25903.0
2026-07-30T19:02:18.068Z,307.551,307.56600000000003,0.0,7.4,0.0,0.0,0.0,0.0,0.0,0.0,0.0,0.0,1.0,0.0,0.0,0.0,9.0,4.0,0.0,0.0,0.0,0.0,0.0,0.0,0.0,0.0,6.0,12.0,1.0,12.13,5.01,2.5,1.49,0.0,0.0,0.0,133.9,0.0,0.3,-0.3,1.1,-169.60000000000002,0.0,0.0,169.70000000000002,0.0,21.4,29.1,29.1,30.0,300.0,300.0,31.700000000000003,35.7,29.0,28.200000000000003,30.1,4.96,1.99,4.96,0.16,0.0,0.0,1027.0,8228.0,0.0,0.0,0.0,0.0,0.0,1.0,0.0,0.0,0.0,0.0,0.0,0.4,0.0,-1.0,0.0,0.0,16.0,25903.0
2026-07-30T19:02:18.080Z,307.563,307.57800000000003,0.0,7.4,0.0,0.0,0.0,0.0,0.0,0.0,0.0,0.0,1.0,0.0,0.0,0.0,9.0,4.0,0.0,0.0,0.0,0.0,0.0,0.0,0.0,0.0,1.0,12.0,1.0,12.13,5.01,2.5,1.49,0.0,0.1,0.0,133.8,0.0,-0.2,1.3,1.0,-169.60000000000002,0.0,0.0,169.70000000000002,0.0,21.4,29.1,29.1,30.0,300.0,300.0,31.700000000000003,35.7,29.0,28.200000000000003,30.1,4.96,1.99,4.96,0.16,0.0,0.0,1027.0,8228.0,0.0,0.0,0.0,0.0,0.0,1.0,0.0,0.0,0.0,0.0,0.0,2.3000000000000003,0.0,-0.6000000000000001,0.0,0.0,16.0,25903.0
2026-07-30T19:02:18.092Z,307.575,307.59000000000003,0.0,7.4,0.0,0.0,0.0,0.0,0.0,0.0,0.0,0.0,1.0,0.0,0.0,0.0,9.0,4.0,0.0,0.0,0.0,0.0,0.0,0.0,0.0,0.0,2.0,12.0,1.0,12.13,5.01,2.5,1.49,0.0,0.0,0.0,133.6,0.0,-0.2,-0.4,0.0,-169.60000000000002,0.0,0.0,169.60000000000002,0.0,21.4,29.1,29.1,30.0,300.0,300.0,31.700000000000003,35.7,29.0,28.200000000000003,30.1,4.96,1.99,4.96,0.16,0.0,0.0,1027.0,8228.0,0.0,0.0,0.0,0.0,0.0,1.0,0.0,0.0,0.0,0.0,0.0,-0.5,0.0,0.0,0.0,0.0,16.0,25903.0
2026-07-30T19:02:18.104Z,307.587,307.60200000000003,0.0,7.4,0.0,0.0,0.0,0.0,0.0,0.0,0.0,0.0,1.0,0.0,0.0,0.0,9.0,4.0,0.0,0.0,0.0,0.0,0.0,0.0,0.0,0.0,3.0,12.0,1.0,12.13,5.01,2.5,1.49,0.0,0.0,0.0,133.5,0.0,0.3,0.1,1.0,-169.60000000000002,0.0,0.0,169.70000000000002,0.0,21.4,29.1,29.1,30.0,300.0,300.0,31.700000000000003,35.7,29.0,28.200000000000003,30.1,4.95,1.99,4.97,0.16,0.0,0.0,1027.0,8228.0,0.0,0.0,0.0,0.0,0.0,1.0,0.0,0.0,0.0,0.0,0.0,1.0,0.0,-0.9,0.0,0.0,16.0,25903.0
2026-07-30T19:02:18.116Z,307.599,307.61400000000003,0.0,7.4,0.0,0.0,0.0,0.0,0.0,0.0,0.0,0.0,1.0,0.0,0.0,0.0,9.0,4.0,0.0,0.0,0.0,0.0,0.0,0.0,0.0,0.0,4.0,12.0,1.0,12.13,5.01,2.5,1.49,0.0,0.1,0.0,133.4,0.0,0.3,-0.4,-1.2000000000000002,-169.60000000000002,0.0,0.0,169.60000000000002,0.0,21.4,29.1,29.1,30.0,300.0,300.0,31.700000000000003,35.7,29.0,28.200000000000003,30.1,4.96,1.99,4.96,0.16,0.0,0.0,1027.0,8228.0,0.0,0.0,0.0,0.0,0.0,1.0,0.0,0.0,0.0,0.0,0.0,-1.4,0.0,0.0,0.0,0.0,16.0,25903.0
2026-07-30T19:02:18.128Z,307.611,307.62600000000003,0.0,7.4,0.0,0.0,0.0,0.0,0.0,0.0,0.0,0.0,1.0,0.0,0.0,0.0,9.0,4.0,0.0,0.0,0.0,0.0,0.0,0.0,0.0,0.0,5.0,12.0,1.0,12.17,5.0200000000000005,2.5,1.49,0.0,0.0,0.0,133.3,0.0,0.3,-0.4,-0.1,-169.60000000000002,0.0,0.0,169.70000000000002,0.0,21.8,29.1,29.1,30.0,300.0,300.0,31.8,35.7,29.0,28.200000000000003,30.1,4.96,2.0,4.96,0.16,0.0,0.0,1027.0,8228.0,0.0,0.0,0.0,0.0,0.0,1.0,0.0,0.0,0.0,0.0,0.0,0.0,0.0,0.1,0.0,0.0,16.0,25903.0
2026-07-30T19:02:18.140Z,307.623,307.63800000000003,0.0,7.4,0.0,0.0,0.0,0.0,0.0,0.0,0.0,0.0,1.0,0.0,0.0,0.0,9.0,4.0,0.0,0.0,0.0,0.0,0.0,0.0,0.0,0.0,6.0,12.0,1.0,12.17,5.0200000000000005,2.5,1.49,0.0,0.0,0.0,133.20000000000002,0.0,0.2,1.8,0.4,-169.60000000000002,0.0,0.0,169.70000000000002,0.0,21.8,29.1,29.1,30.0,300.0,300.0,31.8,35.7,29.0,28.200000000000003,30.1,4.95,1.99,4.96,0.16,0.0,0.0,1027.0,8228.0,0.0,0.0,0.0,0.0,0.0,1.0,0.0,0.0,0.0,0.0,0.0,0.0,0.0,0.1,0.0,0.0,16.0,25903.0
2026-07-30T19:02:18.152Z,307.635,307.65000000000003,0.0,7.4,0.0,0.0,0.0,0.0,0.0,0.0,0.0,0.0,1.0,0.0,0.0,0.0,9.0,4.0,0.0,0.0,0.0,0.0,0.0,0.0,0.0,0.0,1.0,12.0,1.0,12.17,5.0200000000000005,2.5,1.49,0.0,0.1,0.0,133.1,0.0,0.2,1.3,-0.1,-169.60000000000002,0.0,0.0,169.70000000000002,0.0,21.8,29.1,29.1,30.0,300.0,300.0,31.8,35.7,29.0,28.200000000000003,30.1,4.95,1.99,4.97,0.16,0.0,0.0,1027.0,8228.0,0.0,0.0,0.0,0.0,0.0,1.0,0.0,0.0,0.0,0.0,0.0,1.4,0.0,0.3,0.0,0.0,16.0,25903.0
2026-07-30T19:02:18.164Z,307.647,307.66200000000003,0.0,7.4,0.0,0.0,0.0,0.0,0.0,0.0,0.0,0.0,1.0,0.0,0.0,0.0,9.0,4.0,0.0,0.0,0.0,0.0,0.0,0.0,0.0,0.0,2.0,12.0,1.0,12.17,5.0200000000000005,2.5,1.49,0.0,0.0,0.0,133.0,0.0,0.8,-0.4,0.4,-169.60000000000002,0.0,0.0,169.60000000000002,0.0,21.8,29.1,29.1,30.0,300.0,300.0,31.8,35.7,29.0,28.200000000000003,30.1,4.96,2.0,4.96,0.16,0.0,0.0,1027.0,8228.0,0.0,0.0,0.0,0.0,0.0,1.0,0.0,0.0,0.0,0.0,0.0,-0.1,0.0,-0.4,0.0,0.0,16.0,25903.0
2026-07-30T19:02:18.176Z,307.659,307.674,0.0,7.4,0.0,0.0,0.0,0.0,0.0,0.0,0.0,0.0,1.0,0.0,0.0,0.0,9.0,4.0,0.0,0.0,0.0,0.0,0.0,0.0,0.0,0.0,3.0,12.0,1.0,12.17,5.0200000000000005,2.5,1.49,0.0,0.0,0.0,132.8,0.0,-0.3,0.7000000000000001,1.6,-169.60000000000002,0.0,0.0,169.8,0.0,21.8,29.1,29.1,30.0,300.0,300.0,31.8,35.7,29.0,28.200000000000003,30.1,4.96,1.99,4.97,0.16,0.0,0.0,1027.0,8228.0,0.0,0.0,0.0,0.0,0.0,1.0,0.0,0.0,0.0,0.0,0.0,2.0,0.0,-1.2000000000000002,0.0,0.0,16.0,25903.0
2026-07-30T19:02:18.188Z,307.671,307.686,0.0,7.4,0.0,0.0,0.0,0.0,0.0,0.0,0.0,0.0,1.0,0.0,0.0,0.0,9.0,4.0,0.0,0.0,0.0,0.0,0.0,0.0,0.0,0.0,4.0,12.0,1.0,12.17,5.0200000000000005,2.5,1.49,0.0,0.0,0.0,132.8,0.0,0.8,-1.0,-0.7000000000000001,-169.60000000000002,0.0,0.0,169.70000000000002,0.0,21.8,29.1,29.1,30.0,300.0,300.0,31.8,35.7,29.0,28.200000000000003,30.1,4.95,1.99,4.97,0.16,0.0,0.0,1027.0,8228.0,0.0,0.0,0.0,0.0,0.0,1.0,0.0,0.0,0.0,0.0,0.0,-1.7000000000000002,0.0,0.4,0.0,0.0,16.0,25903.0
2026-07-30T19:02:18.200Z,307.683,307.698,0.0,7.4,0.0,0.0,0.0,0.0,0.0,0.0,0.0,0.0,1.0,0.0,0.0,0.0,9.0,4.0,0.0,0.0,0.0,0.0,0.0,0.0,0.0,0.0,5.0,12.0,1.0,12.17,5.0200000000000005,2.5,1.49,0.0,0.0,0.0,132.70000000000002,0.0,-0.3,-0.4,-0.6000000000000001,-169.60000000000002,0.0,0.0,169.70000000000002,0.0,21.8,29.1,29.1,30.0,300.0,300.0,31.8,35.7,29.0,28.200000000000003,30.1,4.96,1.99,4.96,0.16,0.0,0.0,1027.0,8228.0,0.0,0.0,0.0,0.0,0.0,1.0,0.0,0.0,0.0,0.0,0.0,-1.0,0.0,0.5,0.0,0.0,16.0,25903.0
2026-07-30T19:02:18.212Z,307.695,307.71,0.0,7.4,0.0,0.0,0.0,0.0,0.0,0.0,0.0,0.0,1.0,0.0,0.0,0.0,9.0,4.0,0.0,0.0,0.0,0.0,0.0,0.0,0.0,0.0,1.0,12.0,1.0,12.17,5.0200000000000005,2.5,1.49,0.0,0.0,0.0,132.6,0.0,-0.9,-0.3,0.0,-169.60000000000002,0.0,0.0,169.8,0.0,21.8,29.1,29.1,30.0,300.0,300.0,31.8,35.7,29.0,28.200000000000003,30.1,4.95,2.0,4.96,0.16,0.0,0.0,1027.0,8228.0,0.0,0.0,0.0,0.0,0.0,1.0,0.0,0.0,0.0,0.0,0.0,-0.5,0.0,0.0,0.0,0.0,16.0,25903.0
2026-07-30T19:02:18.225Z,307.708,307.722,0.0,7.4,0.0,0.0,0.0,0.0,0.0,0.0,0.0,0.0,1.0,0.0,0.0,0.0,9.0,4.0,0.0,0.0,0.0,0.0,0.0,0.0,0.0,0.0,2.0,12.0,1.0,12.15,5.0200000000000005,2.51,1.49,0.0,0.0,0.0,132.4,0.0,-0.3,0.7000000000000001,0.5,-169.60000000000002,0.0,0.0,169.70000000000002,0.0,21.3,29.1,29.1,30.0,300.0,300.0,31.700000000000003,35.7,28.9,28.200000000000003,30.1,4.95,1.99,4.97,0.16,0.0,0.0,1027.0,8228.0,0.0,0.0,0.0,0.0,0.0,1.0,0.0,0.0,0.0,0.0,0.0,1.2000000000000002,0.0,-0.2,0.0,0.0,16.0,25903.0
2026-07-30T19:02:18.236Z,307.719,307.734,0.0,7.4,0.0,0.0,0.0,0.0,0.0,0.0,0.0,0.0,1.0,0.0,0.0,0.0,9.0,4.0,0.0,0.0,0.0,0.0,0.0,0.0,0.0,0.0,4.0,12.0,1.0,12.15,5.0200000000000005,2.51,1.49,0.0,0.0,0.0,132.3,0.0,-0.3,-0.4,0.5,-169.60000000000002,0.0,0.0,169.70000000000002,0.0,21.3,29.1,29.1,30.0,300.0,300.0,31.700000000000003,35.7,28.9,28.200000000000003,30.1,4.95,1.99,4.97,0.16,0.0,0.0,1027.0,8228.0,0.0,0.0,0.0,0.0,0.0,1.0,0.0,0.0,0.0,0.0,0.0,-0.1,0.0,-0.5,0.0,0.0,16.0,25903.0
2026-07-30T19:02:18.248Z,307.731,307.746,0.0,7.4,0.0,0.0,0.0,0.0,0.0,0.0,0.0,0.0,1.0,0.0,0.0,0.0,9.0,4.0,0.0,0.0,0.0,0.0,0.0,0.0,0.0,0.0,5.0,12.0,1.0,12.15,5.0200000000000005,2.51,1.49,0.0,0.0,0.0,132.20000000000002,0.0,0.2,-0.4,0.5,-169.60000000000002,0.0,0.0,169.70000000000002,0.0,21.3,29.1,29.1,30.0,300.0,300.0,31.700000000000003,35.7,28.9,28.200000000000003,30.1,4.96,1.99,4.96,0.16,0.0,0.0,1027.0,8228.0,0.0,0.0,0.0,0.0,0.0,1.0,0.0,0.0,0.0,0.0,0.0,-0.1,0.0,-0.5,0.0,0.0001,16.0,25903.0
2026-07-30T19:02:18.260Z,307.743,307.758,0.0,7.4,0.0,0.0,0.0,0.0,0.0,0.0,0.0,0.0,1.0,0.0,0.0,0.0,9.0,4.0,0.0,0.0,0.0,0.0,0.0,0.0,0.0,0.0,6.0,12.0,1.0,12.15,5.0200000000000005,2.51,1.49,0.0,0.0,0.0,132.1,0.0,0.2,0.7000000000000001,0.5,-169.60000000000002,0.0,0.0,169.70000000000002,0.0,21.3,29.1,29.1,30.0,300.0,300.0,31.700000000000003,35.7,28.9,28.200000000000003,30.1,4.95,1.99,4.97,0.16,0.0,0.0,1027.0,8228.0,0.0,0.0,0.0,0.0,0.0,1.0,0.0,0.0,0.0,0.0,0.0,1.2000000000000002,0.0,-0.3,0.0,0.0,16.0,25903.0
2026-07-30T19:02:18.272Z,307.755,307.77,0.0,7.4,0.0,0.0,0.0,0.0,0.0,0.0,0.0,0.0,1.0,0.0,0.0,0.0,9.0,4.0,0.0,0.0,0.0,0.0,0.0,0.0,0.0,0.0,1.0,12.0,1.0,12.15,5.0200000000000005,2.51,1.49,0.0,0.0,0.0,132.0,0.0,-0.2,0.7000000000000001,1.1,-169.60000000000002,0.0,0.0,169.70000000000002,0.0,21.3,29.1,29.1,30.0,300.0,300.0,31.700000000000003,35.7,28.9,28.200000000000003,30.1,4.95,1.99,4.97,0.16,0.0,0.0,1027.0,8228.0,0.0,0.0,0.0,0.0,0.0,1.0,0.0,0.0,0.0,0.0,0.0,1.6,0.0,-0.8,0.0,0.0,16.0,25903.0
2026-07-30T19:02:18.284Z,307.767,307.782,0.0,7.4,0.0,0.0,0.0,0.0,0.0,0.0,0.0,0.0,1.0,0.0,0.0,0.0,9.0,4.0,0.0,0.0,0.0,0.0,0.0,0.0,0.0,0.0,2.0,12.0,1.0,12.15,5.0200000000000005,2.51,1.49,0.0,0.1,0.0,131.9,0.0,-0.8,0.1,-0.6000000000000001,-169.60000000000002,0.0,0.0,169.70000000000002,0.0,21.3,29.1,29.1,30.0,300.0,300.0,31.700000000000003,35.7,28.9,28.200000000000003,30.1,4.96,2.0,4.97,0.16,0.0,0.0,1027.0,8228.0,0.0,0.0,0.0,0.0,0.0,1.0,0.0,0.0,0.0,0.0,0.0,-0.3,0.0,0.6000000000000001,0.0,0.0,16.0,25903.0
2026-07-30T19:02:18.296Z,307.779,307.794,0.0,7.4,0.0,0.0,0.0,0.0,0.0,0.0,0.0,0.0,1.0,0.0,0.0,0.0,9.0,4.0,0.0,0.0,0.0,0.0,0.0,0.0,0.0,0.0,3.0,12.0,1.0,12.15,5.0200000000000005,2.51,1.49,0.0,0.0,0.0,131.8,0.0,-0.2,0.7000000000000001,0.4,-169.60000000000002,0.0,0.0,169.70000000000002,0.0,21.3,29.1,29.1,30.0,300.0,300.0,31.700000000000003,35.7,28.9,28.200000000000003,30.1,4.96,2.0,4.96,0.16,0.0,0.0,1027.0,8228.0,0.0,0.0,0.0,0.0,0.0,1.0,0.0,0.0,0.0,0.0,0.0,1.1,0.0,-0.2,0.0,0.0,16.0,25903.0
2026-07-30T19:02:18.308Z,307.791,307.806,0.0,7.4,0.0,0.0,0.0,0.0,0.0,0.0,0.0,0.0,1.0,0.0,0.0,0.0,9.0,4.0,0.0,0.0,0.0,0.0,0.0,0.0,0.0,0.0,4.0,12.0,1.0,12.15,5.0200000000000005,2.51,1.49,-0.1,0.0,0.0,131.70000000000002,0.0,-0.3,0.1,-0.1,-169.60000000000002,0.0,0.0,169.70000000000002,0.0,21.3,29.1,29.1,30.0,300.0,300.0,31.700000000000003,35.7,28.9,28.200000000000003,30.1,4.95,1.99,4.97,0.16,0.0,0.0,1027.0,8228.0,0.0,0.0,0.0,0.0,0.0,1.0,0.0,0.0,0.0,0.0,0.0,0.0,0.0,0.1,0.0,0.0,16.0,25903.0
2026-07-30T19:02:18.320Z,307.803,307.818,0.0,7.4,0.0,0.0,0.0,0.0,0.0,0.0,0.0,0.0,1.0,0.0,0.0,0.0,9.0,4.0,0.0,0.0,0.0,0.0,0.0,0.0,0.0,0.0,6.0,12.0,1.0,12.15,5.0200000000000005,2.51,1.49,0.0,0.1,0.0,131.6,0.0,-0.9,-0.4,-0.2,-169.60000000000002,0.0,0.0,169.70000000000002,0.0,21.3,29.1,29.1,30.0,300.0,300.0,31.700000000000003,35.7,28.9,28.200000000000003,30.1,4.95,1.99,4.96,0.16,0.0,0.0,1027.0,8228.0,0.0,0.0,0.0,0.0,0.0,1.0,0.0,0.0,0.0,0.0,0.0,-0.7000000000000001,0.0,0.0,0.0,0.0,16.0,25903.0
2026-07-30T19:02:18.332Z,307.815,307.83,0.0,7.4,0.0,0.0,0.0,0.0,0.0,0.0,0.0,0.0,1.0,0.0,0.0,0.0,9.0,4.0,0.0,0.0,0.0,0.0,0.0,0.0,0.0,0.0,1.0,12.0,1.0,12.18,5.01,2.51,1.49,0.0,0.0,0.0,131.5,0.0,-0.9,-0.5,-0.2,-169.60000000000002,0.0,0.0,169.60000000000002,0.0,21.4,29.1,29.1,30.0,300.0,300.0,31.6,35.7,28.9,28.200000000000003,30.1,4.96,1.99,4.96,0.17,0.0,0.0,1027.0,8228.0,0.0,0.0,0.0,0.0,0.0,1.0,0.0,0.0,0.0,0.0,0.0,-0.7000000000000001,0.0,0.1,0.0,0.0,16.0,25903.0
2026-07-30T19:02:18.344Z,307.827,307.842,0.0,7.4,0.0,0.0,0.0,0.0,0.0,0.0,0.0,0.0,1.0,0.0,0.0,0.0,9.0,4.0,0.0,0.0,0.0,0.0,0.0,0.0,0.0,0.0,2.0,12.0,1.0,12.18,5.01,2.51,1.49,0.0,0.0,0.0,131.4,0.0,0.8,-1.0,-0.2,-169.60000000000002,0.0,0.0,169.70000000000002,0.0,21.4,29.1,29.1,30.0,300.0,300.0,31.6,35.7,28.9,28.200000000000003,30.1,4.95,1.99,4.97,0.16,0.0,0.0,1027.0,8228.0,0.0,0.0,0.0,0.0,0.0,1.0,0.0,0.0,0.0,0.0,0.0,-1.3,0.0,0.0,0.0,0.0,16.0,25903.0
2026-07-30T19:02:18.356Z,307.839,307.854,0.0,7.4,0.0,0.0,0.0,0.0,0.0,0.0,0.0,0.0,1.0,0.0,0.0,0.0,9.0,4.0,0.0,0.0,0.0,0.0,0.0,0.0,0.0,0.0,3.0,12.0,1.0,12.18,5.01,2.51,1.49,0.0,0.0,0.0,131.3,0.0,-0.9,0.0,-0.8,-169.60000000000002,0.0,0.0,169.8,0.0,21.4,29.1,29.1,30.0,300.0,300.0,31.6,35.7,28.9,28.200000000000003,30.1,4.95,1.99,4.96,0.16,0.0,0.0,1027.0,8228.0,0.0,0.0,0.0,0.0,0.0,1.0,0.0,0.0,0.0,0.0,0.0,-0.5,0.0,0.7000000000000001,0.0,0.0,16.0,25903.0
2026-07-30T19:02:18.368Z,307.851,307.866,0.0,7.4,0.0,0.0,0.0,0.0,0.0,0.0,0.0,0.0,1.0,0.0,0.0,0.0,9.0,4.0,0.0,0.0,0.0,0.0,0.0,0.0,0.0,0.0,5.0,12.0,1.0,12.18,5.01,2.51,1.49,0.0,0.0,0.0,131.1,0.0,0.8,1.2000000000000002,0.3,-169.60000000000002,0.0,0.0,169.70000000000002,0.0,21.4,29.1,29.1,30.0,300.0,300.0,31.6,35.7,28.9,28.200000000000003,30.1,4.95,2.0,4.96,0.16,0.0,0.0,1027.0,8228.0,0.0,0.0,0.0,0.0,0.0,1.0,0.0,0.0,0.0,0.0,0.0,1.6,0.0,0.0,0.0,0.0001,16.0,25903.0
2026-07-30T19:02:18.380Z,307.863,307.878,0.0,7.4,0.0,0.0,0.0,0.0,0.0,0.0,0.0,0.0,1.0,0.0,0.0,0.0,9.0,4.0,0.0,0.0,0.0,0.0,0.0,0.0,0.0,0.0,6.0,12.0,1.0,12.18,5.01,2.51,1.49,0.0,0.0,0.0,131.20000000000002,0.0,2.0,0.6000000000000001,-0.7000000000000001,-169.70000000000002,0.0,0.0,169.8,0.0,21.4,29.1,29.1,30.0,300.0,300.0,31.6,35.7,28.9,28.200000000000003,30.1,4.95,1.99,4.96,0.16,0.0,0.0,1027.0,8228.0,0.0,0.0,0.0,0.0,0.0,1.0,0.0,0.0,0.0,0.0,0.0,0.1,0.0,0.8,0.0,0.0,16.0,25903.0
2026-07-30T19:02:18.392Z,307.875,307.89,0.0,7.4,0.0,0.0,0.0,0.0,0.0,0.0,0.0,0.0,1.0,0.0,0.0,0.0,9.0,4.0,0.0,0.0,0.0,0.0,0.0,0.0,0.0,0.0,1.0,12.0,1.0,12.18,5.01,2.51,1.49,0.0,0.0,0.0,131.5,0.0,-0.9,-0.5,-1.3,-169.70000000000002,0.0,0.0,169.70000000000002,0.0,21.4,29.1,29.1,30.0,300.0,300.0,31.6,35.7,28.9,28.200000000000003,30.1,4.95,1.99,4.97,0.16,0.0,0.0,1027.0,8228.0,0.0,0.0,0.0,0.0,0.0,1.0,0.0,0.0,0.0,0.0,0.0,-1.6,0.0,1.1,0.0,0.0,16.0,25903.0
2026-07-30T19:02:18.404Z,307.887,307.902,0.0,7.4,0.0,0.0,0.0,0.0,0.0,0.0,0.0,0.0,1.0,0.0,0.0,0.0,9.0,4.0,0.0,0.0,0.0,0.0,0.0,0.0,0.0,0.0,2.0,12.0,1.0,12.18,5.01,2.51,1.49,0.0,0.0,0.0,131.6,0.0,0.2,0.0,0.4,-169.70000000000002,0.0,0.0,169.8,0.0,21.4,29.1,29.1,30.0,300.0,300.0,31.6,35.7,28.9,28.200000000000003,30.1,4.95,1.99,4.96,0.16,0.0,0.0,1027.0,8228.0,0.0,0.0,0.0,0.0,0.0,1.0,0.0,0.0,0.0,0.0,0.0,0.3,0.0,-0.3,0.0,0.0,16.0,25903.0
2026-07-30T19:02:18.416Z,307.899,307.914,0.0,7.4,0.0,0.0,0.0,0.0,0.0,0.0,0.0,0.0,1.0,0.0,0.0,0.0,9.0,4.0,0.0,0.0,0.0,0.0,0.0,0.0,0.0,0.0,3.0,12.0,1.0,12.18,5.01,2.51,1.49,0.0,0.0,0.0,131.8,0.0,-0.8,-0.5,-0.7000000000000001,-169.70000000000002,0.0,0.0,169.70000000000002,0.0,21.4,29.1,29.1,30.0,300.0,300.0,31.6,35.7,28.9,28.200000000000003,30.1,4.95,1.99,4.97,0.16,0.0,0.0,1027.0,8228.0,0.0,0.0,0.0,0.0,0.0,1.0,0.0,0.0,0.0,0.0,0.0,-1.1,0.0,0.5,0.0,0.0,16.0,25903.0
2026-07-30T19:02:18.429Z,307.912,307.926,0.0,7.4,0.0,0.0,0.0,0.0,0.0,0.0,0.0,0.0,1.0,0.0,0.0,0.0,9.0,4.0,0.0,0.0,0.0,0.0,0.0,0.0,0.0,0.0,4.0,12.0,1.0,12.2,5.01,2.5,1.49,0.0,0.1,0.0,132.0,0.0,0.3,0.6000000000000001,0.9,-169.70000000000002,0.0,0.0,169.70000000000002,0.0,21.700000000000003,29.1,29.1,30.0,300.0,300.0,31.5,35.800000000000004,29.0,28.1,30.1,4.95,1.99,4.97,0.16,0.0,0.0,1027.0,8228.0,0.0,0.0,0.0,0.0,0.0,1.0,0.0,0.0,0.0,0.0,0.0,1.4,0.0,-0.7000000000000001,0.0,0.0,16.0,25903.0
2026-07-30T19:02:18.440Z,307.923,307.938,0.0,7.4,0.0,0.0,0.0,0.0,0.0,0.0,0.0,0.0,1.0,0.0,0.0,0.0,9.0,4.0,0.0,0.0,0.0,0.0,0.0,0.0,0.0,0.0,6.0,12.0,1.0,12.2,5.01,2.5,1.49,0.0,0.0,0.0,132.20000000000002,0.0,-0.2,1.2000000000000002,0.3,-169.70000000000002,0.0,0.0,169.70000000000002,0.0,21.700000000000003,29.1,29.1,30.0,300.0,300.0,31.5,35.800000000000004,29.0,28.1,30.1,4.95,1.99,4.96,0.16,0.0,0.0,1027.0,8228.0,0.0,0.0,0.0,0.0,0.0,1.0,0.0,0.0,0.0,0.0,0.0,1.6,0.0,0.0,0.0,0.0,16.0,25903.0
2026-07-30T19:02:18.452Z,307.935,307.95,0.0,7.4,0.0,0.0,0.0,0.0,0.0,0.0,0.0,0.0,1.0,0.0,0.0,0.0,9.0,4.0,0.0,0.0,0.0,0.0,0.0,0.0,0.0,0.0,1.0,12.0,1.0,12.2,5.01,2.5,1.49,0.0,0.0,0.0,132.4,0.0,0.3,0.6000000000000001,1.5,-169.70000000000002,0.0,0.0,169.70000000000002,0.0,21.700000000000003,29.1,29.1,30.0,300.0,300.0,31.5,35.800000000000004,29.0,28.1,30.1,4.96,1.99,4.96,0.16,0.0,0.0,1027.0,8228.0,0.0,0.0,0.0,0.0,0.0,1.0,0.0,0.0,0.0,0.0,0.0,1.9,0.0,-1.2000000000000002,0.0,0.0,16.0,25903.0
2026-07-30T19:02:18.464Z,307.947,307.962,0.0,7.4,0.0,0.0,0.0,0.0,0.0,0.0,0.0,0.0,1.0,0.0,0.0,0.0,9.0,4.0,0.0,0.0,0.0,0.0,0.0,0.0,0.0,0.0,2.0,12.0,1.0,12.2,5.01,2.5,1.49,0.0,0.0,0.0,132.6,0.0,-0.8,0.0,-2.5,-169.70000000000002,0.0,0.0,169.60000000000002,0.0,21.700000000000003,29.1,29.1,30.0,300.0,300.0,31.5,35.800000000000004,29.0,28.1,30.1,4.96,1.99,4.97,0.16,0.0,0.0,1027.0,8228.0,0.0,0.0,0.0,0.0,0.0,1.0,0.0,0.0,0.0,0.0,0.0,-1.8,0.0,2.2,0.0,0.0,16.0,25903.0
2026-07-30T19:02:18.476Z,307.959,307.974,0.0,7.4,0.0,0.0,0.0,0.0,0.0,0.0,0.0,0.0,1.0,0.0,0.0,0.0,9.0,4.0,0.0,0.0,0.0,0.0,0.0,0.0,0.0,0.0,3.0,12.0,1.0,12.2,5.01,2.5,1.49,0.0,0.0,0.0,132.8,0.0,0.3,0.6000000000000001,-0.7000000000000001,-169.70000000000002,0.0,0.0,169.70000000000002,0.0,21.700000000000003,29.1,29.1,30.0,300.0,300.0,31.5,35.800000000000004,29.0,28.1,30.1,4.96,1.99,4.97,0.16,0.0,0.0,1027.0,8228.0,0.0,0.0,0.0,0.0,0.0,1.0,0.0,0.0,0.0,0.0,0.0,0.1,0.0,0.7000000000000001,0.0,0.0,16.0,25903.0
2026-07-30T19:02:18.488Z,307.971,307.986,0.0,7.4,0.0,0.0,0.0,0.0,0.0,0.0,0.0,0.0,1.0,0.0,0.0,0.0,9.0,4.0,0.0,0.0,0.0,0.0,0.0,0.0,0.0,0.0,4.0,12.0,1.0,12.2,5.01,2.5,1.49,0.0,0.1,0.0,132.9,0.0,0.3,1.2000000000000002,-0.7000000000000001,-169.70000000000002,0.0,0.0,169.70000000000002,0.0,21.700000000000003,29.1,29.1,30.0,300.0,300.0,31.5,35.800000000000004,29.0,28.1,30.1,4.96,1.99,4.96,0.16,0.0,0.0,1027.0,8228.0,0.0,0.0,0.0,0.0,0.0,1.0,0.0,0.0,0.0,0.0,0.0,0.8,0.0,0.9,0.0,0.0,16.0,25903.0
2026-07-30T19:02:18.500Z,307.983,307.998,0.0,7.4,0.0,0.0,0.0,0.0,0.0,0.0,0.0,0.0,1.0,0.0,0.0,0.0,9.0,4.0,0.0,0.0,0.0,0.0,0.0,0.0,0.0,0.0,5.0,12.0,1.0,12.2,5.01,2.5,1.49,0.0,0.0,0.0,133.1,0.0,-0.2,-0.4,-0.1,-169.70000000000002,0.0,0.0,169.70000000000002,0.0,21.700000000000003,29.1,29.1,30.0,300.0,300.0,31.5,35.800000000000004,29.0,28.1,30.1,4.95,1.99,4.97,0.16,0.0,0.0,1027.0,8228.0,0.0,0.0,0.0,0.0,0.0,1.0,0.0,0.0,0.0,0.0,0.0,-0.6000000000000001,0.0,0.0,0.0,0.0,16.0,25903.0
2026-07-30T19:02:18.512Z,307.995,308.01,0.0,7.4,0.0,0.0,0.0,0.0,0.0,0.0,0.0,0.0,1.0,0.0,0.0,0.0,9.0,4.0,0.0,0.0,0.0,0.0,0.0,0.0,0.0,0.0,6.0,12.0,1.0,12.2,5.01,2.5,1.49,0.0,0.1,0.0,133.3,0.0,0.3,-0.5,-0.1,-169.70000000000002,0.0,0.0,169.70000000000002,0.0,21.700000000000003,29.1,29.1,30.0,300.0,300.0,31.5,35.800000000000004,29.0,28.1,30.1,4.95,1.99,4.96,0.16,0.0,0.0,1027.0,8228.0,0.0,0.0,0.0,0.0,0.0,1.0,0.0,0.0,0.0,0.0,0.0,-0.6000000000000001,0.0,0.0,0.0,0.0,16.0,25903.0
2026-07-30T19:02:18.524Z,308.007,308.022,0.0,7.4,0.0,0.0,0.0,0.0,0.0,0.0,0.0,0.0,1.0,0.0,0.0,0.0,9.0,4.0,0.0,0.0,0.0,0.0,0.0,0.0,0.0,0.0,1.0,12.0,1.0,12.2,5.01,2.5,1.49,0.0,0.0,0.0,133.5,0.0,0.3,0.1,0.0,-169.60000000000002,0.0,0.0,169.70000000000002,0.0,21.700000000000003,29.1,29.1,30.0,300.0,300.0,31.5,35.800000000000004,29.0,28.1,30.1,4.96,1.99,4.96,0.16,0.0,0.0,1027.0,8228.0,0.0,0.0,0.0,0.0,0.0,1.0,0.0,0.0,0.0,0.0,0.0,0.0,0.0,0.0,0.0,0.0,16.0,25903.0
2026-07-30T19:02:18.536Z,308.019,308.034,0.0,7.4,0.0,0.0,0.0,0.0,0.0,0.0,0.0,0.0,1.0,0.0,0.0,0.0,9.0,4.0,0.0,0.0,0.0,0.0,0.0,0.0,0.0,0.0,3.0,12.0,1.0,12.15,5.0200000000000005,2.51,1.49,0.0,0.0,0.0,133.6,0.0,0.3,0.1,0.0,-169.60000000000002,0.0,0.0,169.60000000000002,0.0,21.700000000000003,29.1,29.1,30.0,300.0,300.0,31.6,35.800000000000004,29.0,28.200000000000003,30.1,4.95,1.99,4.97,0.16,0.0,0.0,1027.0,8228.0,0.0,0.0,0.0,0.0,0.0,1.0,0.0,0.0,0.0,0.0,0.0,0.0,0.0,0.0,0.0,0.0,16.0,25903.0
2026-07-30T19:02:18.548Z,308.031,308.046,0.0,7.4,0.0,0.0,0.0,0.0,0.0,0.0,0.0,0.0,1.0,0.0,0.0,0.0,9.0,4.0,0.0,0.0,0.0,0.0,0.0,0.0,0.0,0.0,4.0,12.0,1.0,12.15,5.0200000000000005,2.51,1.49,0.0,0.0,0.0,133.8,0.0,-0.2,-0.4,0.0,-169.60000000000002,0.0,0.0,169.70000000000002,0.0,21.700000000000003,29.1,29.1,30.0,300.0,300.0,31.6,35.800000000000004,29.0,28.200000000000003,30.1,4.95,1.99,4.97,0.16,0.0,0.0,1027.0,8228.0,0.0,0.0,0.0,0.0,0.0,1.0,0.0,0.0,0.0,0.0,0.0,-0.6000000000000001,0.0,0.0,0.0,0.0,16.0,25903.0
2026-07-30T19:02:18.561Z,308.044,308.058,0.0,7.4,0.0,0.0,0.0,0.0,0.0,0.0,0.0,0.0,1.0,0.0,0.0,0.0,9.0,4.0,0.0,0.0,0.0,0.0,0.0,0.0,0.0,0.0,6.0,12.0,1.0,12.15,5.0200000000000005,2.51,1.49,0.0,0.1,0.0,134.0,0.0,-0.2,0.7000000000000001,-0.1,-169.60000000000002,0.0,0.0,169.60000000000002,0.0,21.700000000000003,29.1,29.1,30.0,300.0,300.0,31.6,35.800000000000004,29.0,28.200000000000003,30.1,4.95,2.0,4.96,0.16,0.0,0.0,1027.0,8228.0,0.0,0.0,0.0,0.0,0.0,1.0,0.0,0.0,0.0,0.0,0.0,0.7000000000000001,0.0,0.2,0.0,0.0,16.0,25903.0
2026-07-30T19:02:18.572Z,308.055,308.07,0.0,7.4,0.0,0.0,0.0,0.0,0.0,0.0,0.0,0.0,1.0,0.0,0.0,0.0,9.0,4.0,0.0,0.0,0.0,0.0,0.0,0.0,0.0,0.0,1.0,12.0,1.0,12.15,5.0200000000000005,2.51,1.49,0.0,0.0,0.0,134.20000000000002,0.0,0.2,0.6000000000000001,-0.1,-169.60000000000002,0.0,0.0,169.60000000000002,0.0,21.700000000000003,29.1,29.1,30.0,300.0,300.0,31.6,35.800000000000004,29.0,28.200000000000003,30.1,4.96,1.99,4.96,0.16,0.0,0.0,1027.0,8228.0,0.0,0.0,0.0,0.0,0.0,1.0,0.0,0.0,0.0,0.0,0.0,0.6000000000000001,0.0,0.2,0.0,0.0,16.0,25903.0
2026-07-30T19:02:18.584Z,308.067,308.082,0.0,7.4,0.0,0.0,0.0,0.0,0.0,0.0,0.0,0.0,1.0,0.0,0.0,0.0,9.0,4.0,0.0,0.0,0.0,0.0,0.0,0.0,0.0,0.0,3.0,12.0,1.0,12.15,5.0200000000000005,2.51,1.49,0.0,0.0,0.0,134.3,0.0,-0.2,0.0,1.0,-169.60000000000002,0.0,0.0,169.70000000000002,0.0,21.700000000000003,29.1,29.1,30.0,300.0,300.0,31.6,35.800000000000004,29.0,28.200000000000003,30.1,4.95,1.99,4.97,0.16,0.0,0.0,1027.0,8228.0,0.0,0.0,0.0,0.0,0.0,1.0,0.0,0.0,0.0,0.0,0.0,0.8,0.0,-0.8,0.0,0.0,16.0,25903.0
2026-07-30T19:02:18.596Z,308.079,308.094,0.0,7.4,0.0,0.0,0.0,0.0,0.0,0.0,0.0,0.0,1.0,0.0,0.0,0.0,9.0,4.0,0.0,0.0,0.0,0.0,0.0,0.0,0.0,0.0,4.0,12.0,1.0,12.15,5.0200000000000005,2.51,1.49,0.0,0.0,0.0,134.5,0.0,-0.3,-0.5,0.9,-169.60000000000002,0.0,0.0,169.8,0.0,21.700000000000003,29.1,29.1,30.0,300.0,300.0,31.6,35.800000000000004,29.0,28.200000000000003,30.1,4.96,1.99,4.96,0.16,0.0,0.0,1027.0,8228.0,0.0,0.0,0.0,0.0,0.0,1.0,0.0,0.0,0.0,0.0,0.0,0.1,0.0,-0.9,0.0,0.0,16.0,25903.0
2026-07-30T19:02:18.608Z,308.091,308.106,0.0,7.4,0.0,0.0,0.0,0.0,0.0,0.0,0.0,0.0,1.0,0.0,0.0,0.0,9.0,4.0,0.0,0.0,0.0,0.0,0.0,0.0,0.0,0.0,5.0,12.0,1.0,12.15,5.0200000000000005,2.51,1.49,0.0,0.0,0.0,134.70000000000002,0.0,0.8,-0.5,-1.3,-169.60000000000002,0.0,0.0,169.8,0.0,21.700000000000003,29.1,29.1,30.0,300.0,300.0,31.6,35.800000000000004,29.0,28.200000000000003,30.1,4.96,2.0,4.97,0.16,0.0,0.0,1027.0,8228.0,0.0,0.0,0.0,0.0,0.0,1.0,0.0,0.0,0.0,0.0,0.0,-1.6,0.0,1.0,0.0,0.0,16.0,25903.0
2026-07-30T19:02:18.621Z,308.104,308.118,0.0,7.4,0.0,0.0,0.0,0.0,0.0,0.0,0.0,0.0,1.0,0.0,0.0,0.0,9.0,4.0,0.0,0.0,0.0,0.0,0.0,0.0,0.0,0.0,6.0,12.0,1.0,12.15,5.0200000000000005,2.51,1.49,0.0,0.0,0.0,134.8,0.0,0.2,-0.5,1.5,-169.60000000000002,0.0,0.0,169.8,0.0,21.700000000000003,29.1,29.1,30.0,300.0,300.0,31.6,35.800000000000004,29.0,28.200000000000003,30.1,4.96,1.99,4.97,0.16,0.0,0.0,1027.0,8228.0,0.0,0.0,0.0,0.0,0.0,1.0,0.0,0.0,0.0,0.0,0.0,0.5,0.0,-1.5,0.0,0.0,16.0,25903.0
2026-07-30T19:02:18.633Z,308.116,308.13,0.0,7.4,0.0,0.0,0.0,0.0,0.0,0.0,0.0,0.0,1.0,0.0,0.0,0.0,9.0,4.0,0.0,0.0,0.0,0.0,0.0,0.0,0.0,0.0,1.0,12.0,1.0,12.18,5.0200000000000005,2.51,1.49,0.0,0.0,0.0,135.0,0.0,0.2,0.0,-0.1,-169.60000000000002,0.0,0.0,169.70000000000002,0.0,21.3,29.1,29.1,30.0,300.0,300.0,31.700000000000003,35.7,28.9,28.200000000000003,30.1,4.95,1.99,4.97,0.16,0.0,0.0,1027.0,8228.0,0.0,0.0,0.0,0.0,0.0,1.0,0.0,0.0,0.0,0.0,0.0,-1.1,0.0,0.5,0.0,0.0,16.0,25903.0
2026-07-30T19:02:18.644Z,308.127,308.142,0.0,7.4,0.0,0.0,0.0,0.0,0.0,0.0,0.0,0.0,1.0,0.0,0.0,0.0,9.0,4.0,0.0,0.0,0.0,0.0,0.0,0.0,0.0,0.0,3.0,12.0,1.0,12.18,5.0200000000000005,2.51,1.49,0.0,0.0,0.0,135.20000000000002,0.0,0.2,0.6000000000000001,-0.1,-169.60000000000002,0.0,0.0,169.70000000000002,0.0,21.3,29.1,29.1,30.0,300.0,300.0,31.700000000000003,35.7,28.9,28.200000000000003,30.1,4.96,2.0,4.96,0.16,0.0,0.0,1027.0,8228.0,0.0,0.0,0.0,0.0,0.0,1.0,0.0,0.0,0.0,0.0,0.0,-0.7000000000000001,0.0,0.0,0.0,0.0,16.0,25903.0
2026-07-30T19:02:18.656Z,308.139,308.154,0.0,7.4,0.0,0.0,0.0,0.0,0.0,0.0,0.0,0.0,1.0,0.0,0.0,0.0,9.0,4.0,0.0,0.0,0.0,0.0,0.0,0.0,0.0,0.0,4.0,12.0,1.0,12.18,5.0200000000000005,2.51,1.49,0.0,0.0,0.0,135.3,0.0,-0.3,-1.1,-1.2000000000000002,-169.60000000000002,0.0,0.0,169.70000000000002,0.0,21.3,29.1,29.1,30.0,300.0,300.0,31.700000000000003,35.7,28.9,28.200000000000003,30.1,4.96,1.99,4.96,0.16,0.0,0.0,1027.0,8228.0,0.0,0.0,0.0,0.0,0.0,1.0,0.0,0.0,0.0,0.0,0.0,1.4,0.0,-0.7000000000000001,0.0,0.0,16.0,25903.0
2026-07-30T19:02:18.668Z,308.151,308.166,0.0,7.4,0.0,0.0,0.0,0.0,0.0,0.0,0.0,0.0,1.0,0.0,0.0,0.0,9.0,4.0,0.0,0.0,0.0,0.0,0.0,0.0,0.0,0.0,6.0,12.0,1.0,12.18,5.0200000000000005,2.51,1.49,0.0,0.0,0.0,135.20000000000002,0.0,-0.3,0.0,-0.6000000000000001,-169.60000000000002,0.0,0.0,169.70000000000002,0.0,21.3,29.1,29.1,30.0,300.0,300.0,31.700000000000003,35.7,28.9,28.200000000000003,30.1,4.95,1.99,4.96,0.16,0.0,0.0,1027.0,8228.0,0.0,0.0,0.0,0.0,0.0,1.0,0.0,0.0,0.0,0.0,0.0,0.0,0.0,0.0,0.0,0.0,16.0,25903.0
2026-07-30T19:02:18.680Z,308.163,308.178,0.0,7.4,0.0,0.0,0.0,0.0,0.0,0.0,0.0,0.0,1.0,0.0,0.0,0.0,9.0,4.0,0.0,0.0,0.0,0.0,0.0,0.0,0.0,0.0,1.0,12.0,1.0,12.18,5.0200000000000005,2.51,1.49,0.0,0.0,0.0,135.0,0.0,-0.3,0.0,-0.1,-169.60000000000002,0.0,0.0,169.60000000000002,0.0,21.3,29.1,29.1,30.0,300.0,300.0,31.700000000000003,35.7,28.9,28.200000000000003,30.1,4.96,1.99,4.96,0.16,0.0,0.0,1027.0,8228.0,0.0,0.0,0.0,0.0,0.0,1.0,0.0,0.0,0.0,0.0,0.0,0.0,0.0,0.0,0.0,0.0,16.0,25903.0
2026-07-30T19:02:18.692Z,308.175,308.19,0.0,7.4,0.0,0.0,0.0,0.0,0.0,0.0,0.0,0.0,1.0,0.0,0.0,0.0,9.0,4.0,0.0,0.0,0.0,0.0,0.0,0.0,0.0,0.0,2.0,12.0,1.0,12.18,5.0200000000000005,2.51,1.49,0.0,0.0,0.0,135.0,0.0,0.2,-1.1,-0.1,-169.60000000000002,0.0,0.0,169.60000000000002,0.0,21.3,29.1,29.1,30.0,300.0,300.0,31.700000000000003,35.7,28.9,28.200000000000003,30.1,4.95,1.99,4.96,0.16,0.0,0.0,1027.0,8228.0,0.0,0.0,0.0,0.0,0.0,1.0,0.0,0.0,0.0,0.0,0.0,-1.3,0.0,-0.1,0.0,0.0,16.0,25903.0
2026-07-30T19:02:18.704Z,308.187,308.202,0.0,7.4,0.0,0.0,0.0,0.0,0.0,0.0,0.0,0.0,1.0,0.0,0.0,0.0,9.0,4.0,0.0,0.0,0.0,0.0,0.0,0.0,0.0,0.0,3.0,12.0,1.0,12.18,5.0200000000000005,2.51,1.49,0.0,0.0,0.0,134.8,0.0,-0.8,0.0,0.4,-169.60000000000002,0.0,0.0,169.70000000000002,0.0,21.3,29.1,29.1,30.0,300.0,300.0,31.700000000000003,35.7,28.9,28.200000000000003,30.1,4.95,1.99,4.97,0.16,0.0,0.0,1027.0,8228.0,0.0,0.0,0.0,0.0,0.0,1.0,0.0,0.0,0.0,0.0,0.0,0.3,0.0,-0.4,0.0,0.0,16.0,25903.0
2026-07-30T19:02:18.716Z,308.199,308.214,0.0,7.4,0.0,0.0,0.0,0.0,0.0,0.0,0.0,0.0,1.0,0.0,0.0,0.0,9.0,4.0,0.0,0.0,0.0,0.0,0.0,0.0,0.0,0.0,4.0,12.0,1.0,12.18,5.0200000000000005,2.51,1.49,0.0,0.0,0.0,134.70000000000002,0.0,0.3,0.0,-0.7000000000000001,-169.60000000000002,0.0,0.0,169.70000000000002,0.0,21.3,29.1,29.1,30.0,300.0,300.0,31.700000000000003,35.7,28.9,28.200000000000003,30.1,4.95,2.0,4.97,0.16,0.0,0.0,1027.0,8228.0,0.0,0.0,0.0,0.0,0.0,1.0,0.0,0.0,0.0,0.0,0.0,-0.4,0.0,0.6000000000000001,0.0,0.0,16.0,25903.0
2026-07-30T19:02:18.728Z,308.211,308.226,0.0,7.4,0.0,0.0,0.0,0.0,0.0,0.0,0.0,0.0,1.0,0.0,0.0,0.0,9.0,4.0,0.0,0.0,0.0,0.0,0.0,0.0,0.0,0.0,6.0,12.0,1.0,12.18,5.0200000000000005,2.51,1.49,0.0,0.0,0.0,134.6,0.0,-0.3,0.5,0.4,-169.60000000000002,0.0,0.0,169.70000000000002,0.0,21.3,29.1,29.1,30.0,300.0,300.0,31.700000000000003,35.7,28.9,28.200000000000003,30.1,4.96,2.0,4.96,0.16,0.0,0.0,1027.0,8228.0,0.0,0.0,0.0,0.0,0.0,1.0,0.0,0.0,0.0,0.0,0.0,1.0,0.0,-0.2,0.0,0.0,16.0,25903.0
2026-07-30T19:02:18.740Z,308.223,308.238,0.0,7.4,0.0,0.0,0.0,0.0,0.0,0.0,0.0,0.0,1.0,0.0,0.0,0.0,9.0,4.0,0.0,0.0,0.0,0.0,0.0,0.0,0.0,0.0,1.0,12.0,1.0,12.15,5.0200000000000005,2.5,1.49,0.0,0.0,0.0,134.5,0.0,-0.2,-1.1,-1.3,-169.60000000000002,0.0,0.0,169.8,0.0,21.4,29.1,29.1,30.0,300.0,300.0,31.700000000000003,35.7,28.9,28.200000000000003,30.1,4.95,1.99,4.97,0.16,0.0,0.0,1027.0,8228.0,0.0,0.0,0.0,0.0,0.0,1.0,0.0,0.0,0.0,0.0,0.0,-2.3000000000000003,0.0,0.9,0.0,0.0,16.0,25903.0
2026-07-30T19:02:18.752Z,308.235,308.25,0.0,7.4,0.0,0.0,0.0,0.0,0.0,0.0,0.0,0.0,1.0,0.0,0.0,0.0,9.0,4.0,0.0,0.0,0.0,0.0,0.0,0.0,0.0,0.0,2.0,12.0,1.0,12.15,5.0200000000000005,2.5,1.49,0.0,0.0,0.0,134.4,0.0,-0.3,-0.6000000000000001,-0.7000000000000001,-169.60000000000002,0.0,0.0,169.70000000000002,0.0,21.4,29.1,29.1,30.0,300.0,300.0,31.700000000000003,35.7,28.9,28.200000000000003,30.1,4.95,1.99,4.97,0.16,0.0,0.0,1027.0,8228.0,0.0,0.0,0.0,0.0,0.0,1.0,0.0,0.0,0.0,0.0,0.0,-1.2000000000000002,0.0,0.5,0.0,0.0,16.0,25903.0
2026-07-30T19:02:18.764Z,308.247,308.262,0.0,7.4,0.0,0.0,0.0,0.0,0.0,0.0,0.0,0.0,1.0,0.0,0.0,0.0,9.0,4.0,0.0,0.0,0.0,0.0,0.0,0.0,0.0,0.0,4.0,12.0,1.0,12.15,5.0200000000000005,2.5,1.49,0.0,0.1,0.0,134.3,0.0,-0.8,0.5,-0.1,-169.60000000000002,0.0,0.0,169.70000000000002,0.0,21.4,29.1,29.1,30.0,300.0,300.0,31.700000000000003,35.7,28.9,28.200000000000003,30.1,4.96,2.0,4.97,0.16,0.0,0.0,1027.0,8228.0,0.0,0.0,0.0,0.0,0.0,1.0,0.0,0.0,0.0,0.0,0.0,0.4,0.0,0.2,0.0,0.0,16.0,25903.0
2026-07-30T19:02:18.776Z,308.259,308.274,0.0,7.4,0.0,0.0,0.0,0.0,0.0,0.0,0.0,0.0,1.0,0.0,0.0,0.0,9.0,4.0,0.0,0.0,0.0,0.0,0.0,0.0,0.0,0.0,4.0,12.0,1.0,12.15,5.0200000000000005,2.5,1.49,0.0,0.0,0.0,134.20000000000002,0.0,0.2,0.0,0.0,-169.70000000000002,0.0,0.0,169.70000000000002,0.0,21.4,29.1,29.1,30.0,300.0,300.0,31.700000000000003,35.7,28.9,28.200000000000003,30.1,4.95,2.0,4.96,0.16,0.0,0.0,1027.0,8228.0,0.0,0.0,0.0,0.0,0.0,1.0,0.0,0.0,0.0,0.0,0.0,-0.1,0.0,0.0,0.0,0.0,16.0,25903.0
2026-07-30T19:02:18.788Z,308.271,308.286,0.0,7.4,0.0,0.0,0.0,0.0,0.0,0.0,0.0,0.0,1.0,0.0,0.0,0.0,9.0,4.0,0.0,0.0,0.0,0.0,0.0,0.0,0.0,0.0,5.0,12.0,1.0,12.15,5.0200000000000005,2.5,1.49,0.0,0.0,0.0,134.1,0.0,-0.3,-0.5,1.0,-169.70000000000002,0.0,0.0,169.8,0.0,21.4,29.1,29.1,30.0,300.0,300.0,31.700000000000003,35.7,28.9,28.200000000000003,30.1,4.95,1.99,4.97,0.16,0.0,0.0,1027.0,8228.0,0.0,0.0,0.0,0.0,0.0,1.0,0.0,0.0,0.0,0.0,0.0,0.0,0.0,-1.0,0.0,0.0,16.0,25903.0
2026-07-30T19:02:18.800Z,308.283,308.298,0.0,7.4,0.0,0.0,0.0,0.0,0.0,0.0,0.0,0.0,1.0,0.0,0.0,0.0,9.0,4.0,0.0,0.0,0.0,0.0,0.0,0.0,0.0,0.0,6.0,12.0,1.0,12.15,5.0200000000000005,2.5,1.49,0.0,0.0,0.0,134.0,0.0,-0.2,0.5,0.4,-169.70000000000002,0.0,0.0,169.8,0.0,21.4,29.1,29.1,30.0,300.0,300.0,31.700000000000003,35.7,28.9,28.200000000000003,30.1,4.95,1.99,4.96,0.16,0.0,0.0,1027.0,8228.0,0.0,0.0,0.0,0.0,0.0,1.0,0.0,0.0,0.0,0.0,0.0,0.9,0.0,-0.2,0.0,0.0,16.0,25903.0
2026-07-30T19:02:18.812Z,308.295,308.31,0.0,7.4,0.0,0.0,0.0,0.0,0.0,0.0,0.0,0.0,1.0,0.0,0.0,0.0,9.0,4.0,0.0,0.0,0.0,0.0,0.0,0.0,0.0,0.0,2.0,12.0,1.0,12.15,5.0200000000000005,2.5,1.49,0.0,0.0,0.0,133.9,0.0,-0.3,1.1,-0.1,-169.70000000000002,0.0,0.0,169.8,0.0,21.4,29.1,29.1,30.0,300.0,300.0,31.700000000000003,35.7,28.9,28.200000000000003,30.1,4.95,1.99,4.96,0.16,0.0,0.0,1027.0,8228.0,0.0,0.0,0.0,0.0,0.0,1.0,0.0,0.0,0.0,0.0,0.0,1.2000000000000002,0.0,0.3,0.0,0.0,16.0,25903.0
2026-07-30T19:02:18.824Z,308.307,308.322,0.0,7.4,0.0,0.0,0.0,0.0,0.0,0.0,0.0,0.0,1.0,0.0,0.0,0.0,9.0,4.0,0.0,0.0,0.0,0.0,0.0,0.0,0.0,0.0,3.0,12.0,1.0,12.15,5.0200000000000005,2.5,1.49,0.0,0.0,0.0,133.8,0.0,0.2,0.5,1.5,-169.70000000000002,0.0,0.0,169.8,0.0,21.4,29.1,29.1,30.0,300.0,300.0,31.700000000000003,35.7,28.9,28.200000000000003,30.1,4.95,1.99,4.97,0.16,0.0,0.0,1027.0,8228.0,0.0,0.0,0.0,0.0,0.0,1.0,0.0,0.0,0.0,0.0,0.0,1.8,0.0,-1.2000000000000002,0.0,0.0,16.0,25903.0
2026-07-30T19:02:18.837Z,308.32,308.334,0.0,7.4,0.0,0.0,0.0,0.0,0.0,0.0,0.0,0.0,1.0,0.0,0.0,0.0,9.0,4.0,0.0,0.0,0.0,0.0,0.0,0.0,0.0,0.0,5.0,12.0,1.0,12.18,5.0200000000000005,2.51,1.49,0.0,0.0,0.0,133.70000000000002,0.0,0.8,-0.5,1.0,-169.70000000000002,0.0,0.0,169.70000000000002,0.0,21.200000000000003,29.1,29.1,30.0,300.0,300.0,31.700000000000003,35.7,29.0,28.200000000000003,30.1,4.96,1.99,4.96,0.16,0.0,0.0,1027.0,8228.0,0.0,0.0,0.0,0.0,0.0,1.0,0.0,0.0,0.0,0.0,0.0,0.1,0.0,-1.0,0.0,0.0,16.0,25903.0
2026-07-30T19:02:18.848Z,308.331,308.346,0.0,7.4,0.0,0.0,0.0,0.0,0.0,0.0,0.0,0.0,1.0,0.0,0.0,0.0,9.0,4.0,0.0,0.0,0.0,0.0,0.0,0.0,0.0,0.0,6.0,12.0,1.0,12.18,5.0200000000000005,2.51,1.49,0.0,0.0,0.0,133.6,0.0,-0.3,0.0,-0.7000000000000001,-169.70000000000002,0.0,0.0,169.8,0.0,21.200000000000003,29.1,29.1,30.0,300.0,300.0,31.700000000000003,35.7,29.0,28.200000000000003,30.1,4.96,1.99,4.96,0.16,0.0,0.0,1027.0,8228.0,0.0,0.0,0.0,0.0,0.0,1.0,0.0,0.0,0.0,0.0,0.0,-0.6000000000000001,0.0,0.6000000000000001,0.0,0.0,16.0,25903.0
2026-07-30T19:02:18.860Z,308.343,308.358,0.0,7.4,0.0,0.0,0.0,0.0,0.0,0.0,0.0,0.0,1.0,0.0,0.0,0.0,9.0,4.0,0.0,0.0,0.0,0.0,0.0,0.0,0.0,0.0,1.0,12.0,1.0,12.18,5.0200000000000005,2.51,1.49,0.0,0.0,0.0,133.5,0.0,0.2,0.0,-1.3,-169.70000000000002,0.0,0.0,169.8,0.0,21.200000000000003,29.1,29.1,30.0,300.0,300.0,31.700000000000003,35.7,29.0,28.200000000000003,30.1,4.95,1.99,4.96,0.16,0.0,0.0,1027.0,8228.0,0.0,0.0,0.0,0.0,0.0,1.0,0.0,0.0,0.0,0.0,0.0,-1.0,0.0,1.2000000000000002,0.0,0.0,16.0,25903.0
2026-07-30T19:02:18.872Z,308.355,308.37,0.0,7.4,0.0,0.0,0.0,0.0,0.0,0.0,0.0,0.0,1.0,0.0,0.0,0.0,9.0,4.0,0.0,0.0,0.0,0.0,0.0,0.0,0.0,0.0,2.0,12.0,1.0,12.18,5.0200000000000005,2.51,1.49,0.0,0.0,0.0,133.3,0.0,0.2,-0.5,-0.1,-169.70000000000002,0.0,0.0,169.8,0.0,21.200000000000003,29.1,29.1,30.0,300.0,300.0,31.700000000000003,35.7,29.0,28.200000000000003,30.1,4.95,1.99,4.97,0.16,0.0,0.0,1027.0,8228.0,0.0,0.0,0.0,0.0,0.0,1.0,0.0,0.0,0.0,0.0,0.0,-0.7000000000000001,0.0,0.0,0.0,0.0,16.0,25903.0
2026-07-30T19:02:18.884Z,308.367,308.382,0.0,7.4,0.0,0.0,0.0,0.0,0.0,0.0,0.0,0.0,1.0,0.0,0.0,0.0,9.0,4.0,0.0,0.0,0.0,0.0,0.0,0.0,0.0,0.0,3.0,12.0,1.0,12.18,5.0200000000000005,2.51,1.49,0.0,0.0,0.0,133.20000000000002,0.0,0.2,-0.5,-0.1,-169.70000000000002,0.0,0.0,169.8,0.0,21.200000000000003,29.1,29.1,30.0,300.0,300.0,31.700000000000003,35.7,29.0,28.200000000000003,30.1,4.96,1.99,4.96,0.16,0.0,0.0,1027.0,8228.0,0.0,0.0,0.0,0.0,0.0,1.0,0.0,0.0,0.0,0.0,0.0,-0.7000000000000001,0.0,0.0,0.0,0.0,16.0,25903.0
2026-07-30T19:02:18.896Z,308.379,308.394,0.0,7.4,0.0,0.0,0.0,0.0,0.0,0.0,0.0,0.0,1.0,0.0,0.0,0.0,9.0,4.0,0.0,0.0,0.0,0.0,0.0,0.0,0.0,0.0,4.0,12.0,1.0,12.18,5.0200000000000005,2.51,1.49,0.0,0.0,0.0,133.1,0.0,0.2,0.6000000000000001,1.0,-169.70000000000002,0.0,0.0,169.8,0.0,21.200000000000003,29.1,29.1,30.0,300.0,300.0,31.700000000000003,35.7,29.0,28.200000000000003,30.1,4.96,1.99,4.97,0.15,0.0,0.0,1027.0,8228.0,0.0,0.0,0.0,0.0,0.0,1.0,0.0,0.0,0.0,0.0,0.0,1.4,0.0,-0.7000000000000001,0.0,0.0,16.0,25903.0
2026-07-30T19:02:18.908Z,308.391,308.406,0.0,7.4,0.0,0.0,0.0,0.0,0.0,0.0,0.0,0.0,1.0,0.0,0.0,0.0,9.0,4.0,0.0,0.0,0.0,0.0,0.0,0.0,0.0,0.0,5.0,12.0,1.0,12.18,5.0200000000000005,2.51,1.49,0.0,0.0,0.0,133.1,0.0,0.8,1.2000000000000002,1.0,-169.70000000000002,0.0,0.0,169.70000000000002,0.0,21.200000000000003,29.1,29.1,30.0,300.0,300.0,31.700000000000003,35.7,29.0,28.200000000000003,30.1,4.95,1.99,4.97,0.16,0.0,0.0,1027.0,8228.0,0.0,0.0,0.0,0.0,0.0,1.0,0.0,0.0,0.0,0.0,0.0,2.2,0.0,-0.7000000000000001,0.0,0.0,16.0,25903.0
2026-07-30T19:02:18.920Z,308.403,308.418,0.0,7.4,0.0,0.0,0.0,0.0,0.0,0.0,0.0,0.0,1.0,0.0,0.0,0.0,9.0,4.0,0.0,0.0,0.0,0.0,0.0,0.0,0.0,0.0,6.0,12.0,1.0,12.18,5.0200000000000005,2.51,1.49,0.0,0.0,0.0,132.9,0.0,-0.3,-0.5,0.0,-169.70000000000002,0.0,0.0,169.70000000000002,0.0,21.200000000000003,29.1,29.1,30.0,300.0,300.0,31.700000000000003,35.7,29.0,28.200000000000003,30.1,4.96,1.99,4.97,0.16,0.0,0.0,1027.0,8228.0,0.0,0.0,0.0,0.0,0.0,1.0,0.0,0.0,0.0,0.0,0.0,-0.6000000000000001,0.0,0.0,0.0,0.0001,16.0,25903.0
2026-07-30T19:02:18.932Z,308.415,308.43,0.0,7.4,0.0,0.0,0.0,0.0,0.0,0.0,0.0,0.0,1.0,0.0,0.0,0.0,9.0,4.0,0.0,0.0,0.0,0.0,0.0,0.0,0.0,0.0,1.0,12.0,1.0,12.18,5.0200000000000005,2.51,1.49,0.0,0.0,0.0,132.8,0.0,-0.3,-0.5,0.0,-169.70000000000002,0.0,0.0,169.70000000000002,0.0,21.200000000000003,29.1,29.1,30.0,300.0,300.0,31.700000000000003,35.7,29.0,28.200000000000003,30.1,4.95,1.99,4.96,0.16,0.0,0.0,1027.0,8228.0,0.0,0.0,0.0,0.0,0.0,1.0,0.0,0.0,0.0,0.0,0.0,-0.6000000000000001,0.0,0.0,0.0,0.0,16.0,25903.0
2026-07-30T19:02:18.944Z,308.427,308.442,0.0,7.4,0.0,0.0,0.0,0.0,0.0,0.0,0.0,0.0,1.0,0.0,0.0,0.0,9.0,4.0,0.0,0.0,0.0,0.0,0.0,0.0,0.0,0.0,2.0,12.0,1.0,12.17,5.0200000000000005,2.51,1.5,-0.1,0.1,0.0,132.70000000000002,0.0,-0.2,0.6000000000000001,0.0,-169.70000000000002,0.0,0.0,169.70000000000002,0.0,21.3,29.1,29.1,30.0,300.0,300.0,31.5,35.7,29.0,28.200000000000003,30.0,4.95,1.99,4.96,0.16,0.0,0.0,1027.0,8228.0,0.0,0.0,0.0,0.0,0.0,1.0,0.0,0.0,0.0,0.0,0.0,0.7000000000000001,0.0,0.1,0.0,0.0,16.0,25903.0
2026-07-30T19:02:18.956Z,308.439,308.454,0.0,7.4,0.0,0.0,0.0,0.0,0.0,0.0,0.0,0.0,1.0,0.0,0.0,0.0,9.0,4.0,0.0,0.0,0.0,0.0,0.0,0.0,0.0,0.0,3.0,12.0,1.0,12.17,5.0200000000000005,2.51,1.5,0.0,0.0,0.0,132.6,0.0,-0.2,0.1,0.0,-169.70000000000002,0.0,0.0,169.70000000000002,0.0,21.3,29.1,29.1,30.0,300.0,300.0,31.5,35.7,29.0,28.200000000000003,30.0,4.95,1.99,4.96,0.16,0.0,0.0,1027.0,8228.0,0.0,0.0,0.0,0.0,0.0,1.0,0.0,0.0,0.0,0.0,0.0,0.1,0.0,0.0,0.0,0.0,16.0,25903.0
2026-07-30T19:02:18.968Z,308.451,308.466,0.0,7.4,0.0,0.0,0.0,0.0,0.0,0.0,0.0,0.0,1.0,0.0,0.0,0.0,9.0,4.0,0.0,0.0,0.0,0.0,0.0,0.0,0.0,0.0,4.0,12.0,1.0,12.17,5.0200000000000005,2.51,1.5,0.0,0.0,0.0,132.5,0.0,0.3,0.7000000000000001,1.1,-169.70000000000002,0.0,0.0,169.8,0.0,21.3,29.1,29.1,30.0,300.0,300.0,31.5,35.7,29.0,28.200000000000003,30.0,4.95,1.99,4.96,0.16,0.0,0.0,1027.0,8228.0,0.0,0.0,0.0,0.0,0.0,1.0,0.0,0.0,0.0,0.0,0.0,1.6,0.0,-0.8,0.0,0.0,16.0,25903.0
2026-07-30T19:02:18.979Z,308.462,308.478,0.0,7.4,0.0,0.0,0.0,0.0,0.0,0.0,0.0,0.0,1.0,0.0,0.0,0.0,9.0,4.0,0.0,0.0,0.0,0.0,0.0,0.0,0.0,0.0,5.0,12.0,1.0,12.17,5.0200000000000005,2.51,1.5,0.0,0.0,0.0,132.3,0.0,0.3,0.1,-0.6000000000000001,-169.70000000000002,0.0,0.0,169.8,0.0,21.3,29.1,29.1,30.0,300.0,300.0,31.5,35.7,29.0,28.200000000000003,30.0,4.95,1.99,4.97,0.16,0.0,0.0,1027.0,8228.0,0.0,0.0,0.0,0.0,0.0,1.0,0.0,0.0,0.0,0.0,0.0,-0.3,0.0,0.5,0.0,0.0001,16.0,25903.0
2026-07-30T19:02:18.992Z,308.475,308.49,0.0,7.4,0.0,0.0,0.0,0.0,0.0,0.0,0.0,0.0,1.0,0.0,0.0,0.0,9.0,4.0,0.0,0.0,0.0,0.0,0.0,0.0,0.0,0.0,6.0,12.0,1.0,12.17,5.0200000000000005,2.51,1.5,0.0,0.0,0.0,132.3,0.0,0.9,0.1,0.5,-169.70000000000002,0.0,0.0,169.8,0.0,21.3,29.1,29.1,30.0,300.0,300.0,31.5,35.7,29.0,28.200000000000003,30.0,4.95,1.99,4.96,0.16,0.0,0.0,1027.0,8228.0,0.0,0.0,0.0,0.0,0.0,1.0,0.0,0.0,0.0,0.0,0.0,0.5,0.0,-0.4,0.0,0.0,16.0,25903.0
2026-07-30T19:02:19.004Z,308.487,308.502,0.0,7.4,0.0,0.0,0.0,0.0,0.0,0.0,0.0,0.0,1.0,0.0,0.0,0.0,9.0,4.0,0.0,0.0,0.0,0.0,0.0,0.0,0.0,0.0,2.0,12.0,1.0,12.17,5.0200000000000005,2.51,1.5,0.0,0.0,0.0,132.1,0.0,0.3,0.6000000000000001,0.0,-169.70000000000002,0.0,0.0,169.8,0.0,21.3,29.1,29.1,30.0,300.0,300.0,31.5,35.7,29.0,28.200000000000003,30.0,4.96,1.99,4.96,0.16,0.0,0.0,1027.0,8228.0,0.0,0.0,0.0,0.0,0.0,1.0,0.0,0.0,0.0,0.0,0.0,0.7000000000000001,0.0,0.1,0.0,0.0,16.0,25903.0
2026-07-30T19:02:19.016Z,308.499,308.514,0.0,7.4,0.0,0.0,0.0,0.0,0.0,0.0,0.0,0.0,1.0,0.0,0.0,0.0,9.0,4.0,0.0,0.0,0.0,0.0,0.0,0.0,0.0,0.0,3.0,12.0,1.0,12.17,5.0200000000000005,2.51,1.5,0.0,0.1,0.0,132.1,0.0,-0.2,-0.4,-0.5,-169.70000000000002,0.0,0.0,169.70000000000002,0.0,21.3,29.1,29.1,30.0,300.0,300.0,31.5,35.7,29.0,28.200000000000003,30.0,4.95,1.99,4.96,0.16,0.0,0.0,1027.0,8228.0,0.0,0.0,0.0,0.0,0.0,1.0,0.0,0.0,0.0,0.0,0.0,-0.9,0.0,0.3,0.0,0.0,16.0,25903.0
2026-07-30T19:02:19.028Z,308.511,308.526,0.0,7.4,0.0,0.0,0.0,0.0,0.0,0.0,0.0,0.0,1.0,0.0,0.0,0.0,9.0,4.0,0.0,0.0,0.0,0.0,0.0,0.0,0.0,0.0,4.0,12.0,1.0,12.17,5.0200000000000005,2.51,1.5,0.0,0.0,0.0,131.9,0.0,0.3,0.1,0.5,-169.70000000000002,0.0,0.0,169.8,0.0,21.3,29.1,29.1,30.0,300.0,300.0,31.5,35.7,29.0,28.200000000000003,30.0,4.95,1.99,4.97,0.16,0.0,0.0,1027.0,8228.0,0.0,0.0,0.0,0.0,0.0,1.0,0.0,0.0,0.0,0.0,0.0,0.5,0.0,-0.4,0.0,0.0,16.0,25903.0
2026-07-30T19:02:19.040Z,308.523,308.538,0.0,7.4,0.0,0.0,0.0,0.0,0.0,0.0,0.0,0.0,1.0,0.0,0.0,0.0,9.0,4.0,0.0,0.0,0.0,0.0,0.0,0.0,0.0,0.0,5.0,12.0,1.0,12.18,5.0200000000000005,2.51,1.49,0.0,0.0,0.0,131.8,0.0,0.2,-0.5,-0.6000000000000001,-169.70000000000002,0.0,0.0,169.8,0.0,21.4,29.1,29.1,30.0,300.0,300.0,31.5,35.7,29.0,28.200000000000003,30.0,4.95,1.99,4.96,0.16,0.0,0.0,1027.0,8228.0,0.0,0.0,0.0,0.0,0.0,1.0,0.0,0.0,0.0,0.0,0.0,-1.0,0.0,0.4,0.0,0.0,16.0,25903.0
2026-07-30T19:02:19.052Z,308.535,308.55,0.0,7.4,0.0,0.0,0.0,0.0,0.0,0.0,0.0,0.0,1.0,0.0,0.0,0.0,9.0,4.0,0.0,0.0,0.0,0.0,0.0,0.0,0.0,0.0,6.0,12.0,1.0,12.18,5.0200000000000005,2.51,1.49,0.0,0.0,0.0,131.70000000000002,0.0,0.3,-0.5,-1.1,-169.70000000000002,0.0,0.0,169.8,0.0,21.4,29.1,29.1,30.0,300.0,300.0,31.5,35.7,29.0,28.200000000000003,30.0,4.96,1.99,4.96,0.16,0.0,0.0,1027.0,8228.0,0.0,0.0,0.0,0.0,0.0,1.0,0.0,0.0,0.0,0.0,0.0,-1.4,0.0,0.9,0.0,0.0,16.0,25903.0
2026-07-30T19:02:19.063Z,308.546,308.562,0.0,7.4,0.0,0.0,0.0,0.0,0.0,0.0,0.0,0.0,1.0,0.0,0.0,0.0,9.0,4.0,0.0,0.0,0.0,0.0,0.0,0.0,0.0,0.0,1.0,12.0,1.0,12.18,5.0200000000000005,2.51,1.49,0.0,0.0,0.0,131.6,0.0,0.3,0.1,0.0,-169.70000000000002,0.0,0.0,169.70000000000002,0.0,21.4,29.1,29.1,30.0,300.0,300.0,31.5,35.7,29.0,28.200000000000003,30.0,4.95,1.99,4.97,0.16,0.0,0.0,1027.0,8228.0,0.0,0.0,0.0,0.0,0.0,1.0,0.0,0.0,0.0,0.0,0.0,0.1,0.0,0.0,0.0,0.0,16.0,25903.0
2026-07-30T19:02:19.076Z,308.559,308.574,0.0,7.4,0.0,0.0,0.0,0.0,0.0,0.0,0.0,0.0,1.0,0.0,0.0,0.0,9.0,4.0,0.0,0.0,0.0,0.0,0.0,0.0,0.0,0.0,3.0,12.0,1.0,12.18,5.0200000000000005,2.51,1.49,0.0,0.0,0.0,131.6,0.0,0.2,-0.4,0.0,-169.70000000000002,0.0,0.0,169.8,0.0,21.4,29.1,29.1,30.0,300.0,300.0,31.5,35.7,29.0,28.200000000000003,30.0,4.96,1.99,4.96,0.16,0.0,0.0,1027.0,8228.0,0.0,0.0,0.0,0.0,0.0,1.0,0.0,0.0,0.0,0.0,0.0,-0.5,0.0,0.0,0.0,0.0001,16.0,25903.0
2026-07-30T19:02:19.088Z,308.571,308.586,0.0,7.4,0.0,0.0,0.0,0.0,0.0,0.0,0.0,0.0,1.0,0.0,0.0,0.0,9.0,4.0,0.0,0.0,0.0,0.0,0.0,0.0,0.0,0.0,4.0,12.0,1.0,12.18,5.0200000000000005,2.51,1.49,-0.1,0.1,0.0,131.4,0.0,0.2,0.6000000000000001,0.5,-169.70000000000002,0.0,0.0,169.8,0.0,21.4,29.1,29.1,30.0,300.0,300.0,31.5,35.7,29.0,28.200000000000003,30.0,4.96,1.99,4.96,0.16,0.0,0.0,1027.0,8228.0,0.0,0.0,0.0,0.0,0.0,1.0,0.0,0.0,0.0,0.0,0.0,1.1,0.0,-0.3,0.0,0.0,16.0,25903.0
2026-07-30T19:02:19.099Z,308.582,308.598,0.0,7.4,0.0,0.0,0.0,0.0,0.0,0.0,0.0,0.0,1.0,0.0,0.0,0.0,9.0,4.0,0.0,0.0,0.0,0.0,0.0,0.0,0.0,0.0,6.0,12.0,1.0,12.18,5.0200000000000005,2.51,1.49,0.0,0.0,0.0,131.3,0.0,0.2,1.2000000000000002,-0.1,-169.70000000000002,0.0,0.0,169.8,0.0,21.4,29.1,29.1,30.0,300.0,300.0,31.5,35.7,29.0,28.200000000000003,30.0,4.95,1.99,4.96,0.16,0.0,0.0,1027.0,8228.0,0.0,0.0,0.0,0.0,0.0,1.0,0.0,0.0,0.0,0.0,0.0,1.2000000000000002,0.0,0.3,0.0,0.0,16.0,25903.0
2026-07-30T19:02:19.112Z,308.595,308.61,0.0,7.4,0.0,0.0,0.0,0.0,0.0,0.0,0.0,0.0,1.0,0.0,0.0,0.0,9.0,4.0,0.0,0.0,0.0,0.0,0.0,0.0,0.0,0.0,1.0,12.0,1.0,12.18,5.0200000000000005,2.51,1.49,0.0,0.0,0.0,131.4,0.0,0.2,0.0,-0.1,-169.70000000000002,0.0,0.0,169.70000000000002,0.0,21.4,29.1,29.1,30.0,300.0,300.0,31.5,35.7,29.0,28.200000000000003,30.0,4.96,1.99,4.97,0.16,0.0,0.0,1027.0,8228.0,0.0,0.0,0.0,0.0,0.0,1.0,0.0,0.0,0.0,0.0,0.0,0.0,0.0,0.1,0.0,0.0,16.0,25903.0
2026-07-30T19:02:19.124Z,308.607,308.622,0.0,7.4,0.0,0.0,0.0,0.0,0.0,0.0,0.0,0.0,1.0,0.0,0.0,0.0,9.0,4.0,0.0,0.0,0.0,0.0,0.0,0.0,0.0,0.0,2.0,12.0,1.0,12.18,5.0200000000000005,2.51,1.49,0.0,0.1,0.0,131.6,0.0,-1.0,-1.1,0.3,-169.70000000000002,0.0,0.0,169.8,0.0,21.4,29.1,29.1,30.0,300.0,300.0,31.5,35.7,29.0,28.200000000000003,30.0,4.96,1.99,4.96,0.16,0.0,0.0,1027.0,8228.0,0.0,0.0,0.0,0.0,0.0,1.0,0.0,0.0,0.0,0.0,0.0,-1.0,0.0,-0.5,0.0,0.0001,16.0,25903.0
2026-07-30T19:02:19.136Z,308.619,308.634,0.0,7.4,0.0,0.0,0.0,0.0,0.0,0.0,0.0,0.0,1.0,0.0,0.0,0.0,9.0,4.0,0.0,0.0,0.0,0.0,0.0,0.0,0.0,0.0,2.0,12.0,1.0,12.18,5.0200000000000005,2.51,1.49,0.0,0.1,0.0,131.8,0.0,0.7000000000000001,0.0,-0.1,-169.70000000000002,0.0,0.0,169.8,0.0,21.4,29.1,29.1,30.0,300.0,300.0,31.5,35.7,29.0,28.200000000000003,30.0,4.96,1.99,4.97,0.16,0.0,0.0,1027.0,8228.0,0.0,0.0,0.0,0.0,0.0,1.0,0.0,0.0,0.0,0.0,0.0,-0.1,0.0,0.1,0.0,0.0,16.0,25903.0
2026-07-30T19:02:19.148Z,308.631,308.646,0.0,7.4,0.0,0.0,0.0,0.0,0.0,0.0,0.0,0.0,1.0,0.0,0.0,0.0,9.0,4.0,0.0,0.0,0.0,0.0,0.0,0.0,0.0,0.0,4.0,12.0,1.0,12.15,5.01,2.5,1.49,0.0,0.1,0.0,131.9,0.0,0.7000000000000001,0.5,-0.7000000000000001,-169.70000000000002,0.0,0.0,169.60000000000002,0.0,21.4,29.1,29.1,30.0,300.0,300.0,31.4,35.7,29.0,28.200000000000003,30.1,4.95,2.0,4.97,0.16,0.0,0.0,1027.0,8228.0,0.0,0.0,0.0,0.0,0.0,1.0,0.0,0.0,0.0,0.0,0.0,0.1,0.0,0.7000000000000001,0.0,0.0,16.0,25903.0
2026-07-30T19:02:19.160Z,308.643,308.658,0.0,7.4,0.0,0.0,0.0,0.0,0.0,0.0,0.0,0.0,1.0,0.0,0.0,0.0,9.0,4.0,0.0,0.0,0.0,0.0,0.0,0.0,0.0,0.0,4.0,12.0,1.0,12.15,5.01,2.5,1.49,0.0,0.0,0.0,132.1,0.0,-0.9,0.5,-0.1,-169.70000000000002,0.0,0.0,169.70000000000002,0.0,21.4,29.1,29.1,30.0,300.0,300.0,31.4,35.7,29.0,28.200000000000003,30.1,4.96,2.0,4.96,0.16,0.0,0.0,1027.0,8228.0,0.0,0.0,0.0,0.0,0.0,1.0,0.0,0.0,0.0,0.0,0.0,0.5,0.0,0.2,0.0,0.0001,16.0,25903.0
2026-07-30T19:02:19.172Z,308.655,308.67,0.0,7.4,0.0,0.0,0.0,0.0,0.0,0.0,0.0,0.0,1.0,0.0,0.0,0.0,9.0,4.0,0.0,0.0,0.0,0.0,0.0,0.0,0.0,0.0,6.0,12.0,1.0,12.15,5.01,2.5,1.49,0.0,0.0,0.0,132.3,0.0,1.3,0.5,1.0,-169.70000000000002,0.0,0.0,169.70000000000002,0.0,21.4,29.1,29.1,30.0,300.0,300.0,31.4,35.7,29.0,28.200000000000003,30.1,4.95,1.99,4.97,0.16,0.0,0.0,1027.0,8228.0,0.0,0.0,0.0,0.0,0.0,1.0,0.0,0.0,0.0,0.0,0.0,-1.6,0.0,1.0,0.0,0.0,16.0,25903.0
2026-07-30T19:02:19.184Z,308.667,308.682,0.0,7.4,0.0,0.0,0.0,0.0,0.0,0.0,0.0,0.0,1.0,0.0,0.0,0.0,9.0,4.0,0.0,0.0,0.0,0.0,0.0,0.0,0.0,0.0,1.0,12.0,1.0,12.15,5.01,2.5,1.49,0.0,0.0,0.0,132.5,0.0,-1.5,1.1,-0.1,-169.70000000000002,0.0,0.0,169.8,0.0,21.4,29.1,29.1,30.0,300.0,300.0,31.4,35.7,29.0,28.200000000000003,30.1,4.95,1.99,4.97,0.16,0.0,0.0,1027.0,8228.0,0.0,0.0,0.0,0.0,0.0,1.0,0.0,0.0,0.0,0.0,0.0,0.1,0.0,0.7000000000000001,0.0,0.0,16.0,25903.0
2026-07-30T19:02:19.196Z,308.679,308.694,0.0,7.4,0.0,0.0,0.0,0.0,0.0,0.0,0.0,0.0,1.0,0.0,0.0,0.0,9.0,4.0,0.0,0.0,0.0,0.0,0.0,0.0,0.0,0.0,2.0,12.0,1.0,12.15,5.01,2.5,1.49,0.0,0.0,0.0,132.70000000000002,0.0,0.1,0.5,0.0,-169.70000000000002,0.0,0.0,169.70000000000002,0.0,21.4,29.1,29.1,30.0,300.0,300.0,31.4,35.7,29.0,28.200000000000003,30.1,4.96,1.99,4.97,0.16,0.0,0.0,1027.0,8228.0,0.0,0.0,0.0,0.0,0.0,1.0,0.0,0.0,0.0,0.0,0.0,0.3,0.0,-0.4,0.0,0.0,16.0,25903.0
2026-07-30T19:02:19.208Z,308.691,308.706,0.0,7.4,0.0,0.0,0.0,0.0,0.0,0.0,0.0,0.0,1.0,0.0,0.0,0.0,9.0,4.0,0.0,0.0,0.0,0.0,0.0,0.0,0.0,0.0,3.0,12.0,1.0,12.15,5.01,2.5,1.49,0.0,0.0,0.0,132.8,0.0,-1.0,-1.1,-0.6000000000000001,-169.70000000000002,0.0,0.0,169.8,0.0,21.4,29.1,29.1,30.0,300.0,300.0,31.4,35.7,29.0,28.200000000000003,30.1,4.96,1.99,4.96,0.16,0.0,0.0,1027.0,8228.0,0.0,0.0,0.0,0.0,0.0,1.0,0.0,0.0,0.0,0.0,0.0,-1.8,0.0,0.3,0.0,0.0,16.0,25903.0
2026-07-30T19:02:19.220Z,308.703,308.718,0.0,7.4,0.0,0.0,0.0,0.0,0.0,0.0,0.0,0.0,1.0,0.0,0.0,0.0,9.0,4.0,0.0,0.0,0.0,0.0,0.0,0.0,0.0,0.0,4.0,12.0,1.0,12.15,5.01,2.5,1.49,0.0,0.0,0.0,133.1,0.0,-0.4,0.0,0.4,-169.70000000000002,0.0,0.0,169.70000000000002,0.0,21.4,29.1,29.1,30.0,300.0,300.0,31.4,35.7,29.0,28.200000000000003,30.1,4.95,1.99,4.97,0.16,0.0,0.0,1027.0,8228.0,0.0,0.0,0.0,0.0,0.0,1.0,0.0,0.0,0.0,0.0,0.0,0.3,0.0,-0.3,0.0,0.0,16.0,25903.0
2026-07-30T19:02:19.232Z,308.715,308.73,0.0,7.4,0.0,0.0,0.0,0.0,0.0,0.0,0.0,0.0,1.0,0.0,0.0,0.0,9.0,4.0,0.0,0.0,0.0,0.0,0.0,0.0,0.0,0.0,5.0,12.0,1.0,12.15,5.01,2.5,1.49,0.0,0.0,0.0,133.20000000000002,0.0,0.7000000000000001,0.0,-0.6000000000000001,-169.70000000000002,0.0,0.0,169.70000000000002,0.0,21.4,29.1,29.1,30.0,300.0,300.0,31.4,35.7,29.0,28.200000000000003,30.1,4.95,1.99,4.96,0.16,0.0,0.0,1027.0,8228.0,0.0,0.0,0.0,0.0,0.0,1.0,0.0,0.0,0.0,0.0,0.0,-0.5,0.0,0.6000000000000001,0.0,0.0,16.0,25903.0
2026-07-30T19:02:19.244Z,308.727,308.742,0.0,7.4,0.0,0.0,0.0,0.0,0.0,0.0,0.0,0.0,1.0,0.0,0.0,0.0,9.0,4.0,0.0,0.0,0.0,0.0,0.0,0.0,0.0,0.0,6.0,12.0,1.0,12.15,5.01,2.51,1.49,0.0,0.0,0.0,133.4,0.0,0.8,0.0,-0.1,-169.70000000000002,0.0,0.0,169.70000000000002,0.0,21.8,29.1,29.1,30.0,300.0,300.0,31.5,35.6,29.0,28.200000000000003,30.1,4.96,2.0,4.96,0.16,0.0,0.0,1027.0,8228.0,0.0,0.0,0.0,0.0,0.0,1.0,0.0,0.0,0.0,0.0,0.0,0.0,0.0,0.0,0.0,0.0,16.0,25903.0
2026-07-30T19:02:19.256Z,308.739,308.754,0.0,7.4,0.0,0.0,0.0,0.0,0.0,0.0,0.0,0.0,1.0,0.0,0.0,0.0,9.0,4.0,0.0,0.0,0.0,0.0,0.0,0.0,0.0,0.0,1.0,12.0,1.0,12.15,5.01,2.51,1.49,0.0,0.1,0.0,133.6,0.0,-0.3,-1.1,0.4,-169.70000000000002,0.0,0.0,169.8,0.0,21.8,29.1,29.1,30.0,300.0,300.0,31.5,35.6,29.0,28.200000000000003,30.1,4.95,2.0,4.97,0.16,0.0,0.0,1027.0,8228.0,0.0,0.0,0.0,0.0,0.0,1.0,0.0,0.0,0.0,0.0,0.0,-0.9,0.0,-0.6000000000000001,0.0,0.0,16.0,25903.0
2026-07-30T19:02:19.268Z,308.751,308.766,0.0,7.4,0.0,0.0,0.0,0.0,0.0,0.0,0.0,0.0,1.0,0.0,0.0,0.0,9.0,4.0,0.0,0.0,0.0,0.0,0.0,0.0,0.0,0.0,2.0,12.0,1.0,12.15,5.01,2.51,1.49,0.0,0.0,0.0,133.8,0.0,-0.3,-0.5,-0.7000000000000001,-169.70000000000002,0.0,0.0,169.8,0.0,21.8,29.1,29.1,30.0,300.0,300.0,31.5,35.6,29.0,28.200000000000003,30.1,4.95,1.99,4.97,0.16,0.0,0.0,1027.0,8228.0,0.0,0.0,0.0,0.0,0.0,1.0,0.0,0.0,0.0,0.0,0.0,-1.1,0.0,0.5,0.0,0.0001,16.0,25903.0
2026-07-30T19:02:19.280Z,308.763,308.778,0.0,7.4,0.0,0.0,0.0,0.0,0.0,0.0,0.0,0.0,1.0,0.0,0.0,0.0,9.0,4.0,0.0,0.0,0.0,0.0,0.0,0.0,0.0,0.0,3.0,12.0,1.0,12.15,5.01,2.51,1.49,0.0,0.0,0.0,133.9,0.0,-0.3,1.2000000000000002,0.4,-169.70000000000002,0.0,0.0,169.70000000000002,0.0,21.8,29.1,29.1,30.0,300.0,300.0,31.5,35.6,29.0,28.200000000000003,30.1,4.95,1.99,4.96,0.16,0.0,0.0,1027.0,8228.0,0.0,0.0,0.0,0.0,0.0,1.0,0.0,0.0,0.0,0.0,0.0,1.7000000000000002,0.0,-0.1,0.0,0.0,16.0,25903.0
2026-07-30T19:02:19.292Z,308.775,308.79,0.0,7.4,0.0,0.0,0.0,0.0,0.0,0.0,0.0,0.0,1.0,0.0,0.0,0.0,9.0,4.0,0.0,0.0,0.0,0.0,0.0,0.0,0.0,0.0,4.0,12.0,1.0,12.15,5.01,2.51,1.49,0.0,0.0,0.0,134.1,0.0,0.2,1.1,-1.3,-169.70000000000002,0.0,0.0,169.8,0.0,21.8,29.1,29.1,30.0,300.0,300.0,31.5,35.6,29.0,28.200000000000003,30.1,4.96,1.99,4.96,0.16,0.0,0.0,1027.0,8228.0,0.0,0.0,0.0,0.0,0.0,1.0,0.0,0.0,0.0,0.0,0.0,0.3,0.0,1.4,0.0,0.0,16.0,25903.0
2026-07-30T19:02:19.304Z,308.787,308.802,0.0,7.4,0.0,0.0,0.0,0.0,0.0,0.0,0.0,0.0,1.0,0.0,0.0,0.0,9.0,4.0,0.0,0.0,0.0,0.0,0.0,0.0,0.0,0.0,4.0,12.0,1.0,12.15,5.01,2.51,1.49,0.0,0.0,0.0,134.3,0.0,-0.3,0.0,0.4,-169.70000000000002,0.0,0.0,169.8,0.0,21.8,29.1,29.1,30.0,300.0,300.0,31.5,35.6,29.0,28.200000000000003,30.1,4.95,1.99,4.97,0.16,0.0,0.0,1027.0,8228.0,0.0,0.0,0.0,0.0,0.0,1.0,0.0,0.0,0.0,0.0,0.0,0.3,0.0,-0.3,0.0,0.0001,16.0,25903.0
2026-07-30T19:02:19.316Z,308.799,308.814,0.0,7.4,0.0,0.0,0.0,0.0,0.0,0.0,0.0,0.0,1.0,0.0,0.0,0.0,9.0,4.0,0.0,0.0,0.0,0.0,0.0,0.0,0.0,0.0,5.0,12.0,1.0,12.15,5.01,2.51,1.49,0.0,0.0,0.0,134.5,0.0,-0.3,-0.5,0.4,-169.70000000000002,0.0,0.0,169.8,0.0,21.8,29.1,29.1,30.0,300.0,300.0,31.5,35.6,29.0,28.200000000000003,30.1,4.95,1.99,4.96,0.16,0.0,0.0,1027.0,8228.0,0.0,0.0,0.0,0.0,0.0,1.0,0.0,0.0,0.0,0.0,0.0,-0.3,0.0,-0.4,0.0,0.0,16.0,25903.0
2026-07-30T19:02:19.327Z,308.81,308.826,0.0,7.4,0.0,0.0,0.0,0.0,0.0,0.0,0.0,0.0,1.0,0.0,0.0,0.0,9.0,4.0,0.0,0.0,0.0,0.0,0.0,0.0,0.0,0.0,5.0,12.0,1.0,12.15,5.01,2.51,1.49,0.0,0.1,0.0,134.6,0.0,-0.3,0.0,1.0,-169.70000000000002,0.0,0.0,169.8,0.0,21.8,29.1,29.1,30.0,300.0,300.0,31.5,35.6,29.0,28.200000000000003,30.1,4.95,1.99,4.96,0.16,0.0,0.0,1027.0,8228.0,0.0,0.0,0.0,0.0,0.0,1.0,0.0,0.0,0.0,0.0,0.0,-0.5,0.0,0.6000000000000001,0.0,0.0,16.0,25903.0
2026-07-30T19:02:19.339Z,308.822,308.838,0.0,7.4,0.0,0.0,0.0,0.0,0.0,0.0,0.0,0.0,1.0,0.0,0.0,0.0,9.0,4.0,0.0,0.0,0.0,0.0,0.0,0.0,0.0,0.0,6.0,12.0,1.0,12.15,5.01,2.51,1.49,0.0,0.0,0.0,134.9,0.0,-0.3,0.6000000000000001,-1.3,-169.70000000000002,0.0,0.0,169.70000000000002,0.0,21.8,29.1,29.1,30.0,300.0,300.0,31.5,35.6,29.0,28.200000000000003,30.1,4.95,1.99,4.96,0.16,0.0,0.0,1027.0,8228.0,0.0,0.0,0.0,0.0,0.0,1.0,0.0,0.0,0.0,0.0,0.0,-0.3,0.0,1.3,0.0,0.0,16.0,25903.0
2026-07-30T19:02:19.352Z,308.835,308.85,0.0,7.4,0.0,0.0,0.0,0.0,0.0,0.0,0.0,0.0,1.0,0.0,0.0,0.0,9.0,4.0,0.0,0.0,0.0,0.0,0.0,0.0,0.0,0.0,1.0,12.0,1.0,12.17,5.0200000000000005,2.51,1.5,0.0,0.0,0.0,135.0,0.0,0.2,0.0,-0.7000000000000001,-169.70000000000002,0.0,0.0,169.70000000000002,0.0,21.0,29.1,29.1,30.0,300.0,300.0,31.6,35.7,29.0,28.200000000000003,30.1,4.96,1.99,4.97,0.16,0.0,0.0,1027.0,8228.0,0.0,0.0,0.0,0.0,0.0,1.0,0.0,0.0,0.0,0.0,0.0,-0.4,0.0,0.7000000000000001,0.0,0.0,16.0,25903.0
2026-07-30T19:02:19.364Z,308.847,308.862,0.0,7.4,0.0,0.0,0.0,0.0,0.0,0.0,0.0,0.0,1.0,0.0,0.0,0.0,9.0,4.0,0.0,0.0,0.0,0.0,0.0,0.0,0.0,0.0,2.0,12.0,1.0,12.17,5.0200000000000005,2.51,1.5,0.0,0.0,0.0,135.20000000000002,0.0,-0.9,-0.4,-0.7000000000000001,-169.70000000000002,0.0,0.0,169.70000000000002,0.0,21.0,29.1,29.1,30.0,300.0,300.0,31.6,35.7,29.0,28.200000000000003,30.1,4.96,1.99,4.96,0.16,0.0,0.0,1027.0,8228.0,0.0,0.0,0.0,0.0,0.0,1.0,0.0,0.0,0.0,0.0,0.0,-1.0,0.0,0.5,0.0,0.0,16.0,25903.0
2026-07-30T19:02:19.376Z,308.859,308.874,0.0,7.4,0.0,0.0,0.0,0.0,0.0,0.0,0.0,0.0,1.0,0.0,0.0,0.0,9.0,4.0,0.0,0.0,0.0,0.0,0.0,0.0,0.0,0.0,3.0,12.0,1.0,12.17,5.0200000000000005,2.51,1.5,0.0,0.0,0.0,135.4,0.0,-0.3,1.2000000000000002,0.9,-169.70000000000002,0.0,0.0,169.70000000000002,0.0,21.0,29.1,29.1,30.0,300.0,300.0,31.6,35.7,29.0,28.200000000000003,30.1,4.96,1.99,4.97,0.16,0.0,0.0,1027.0,8228.0,0.0,0.0,0.0,0.0,0.0,1.0,0.0,0.0,0.0,0.0,0.0,2.1,0.0,-0.6000000000000001,0.0,0.0001,16.0,25903.0
2026-07-30T19:02:19.387Z,308.87,308.886,0.0,7.4,0.0,0.0,0.0,0.0,0.0,0.0,0.0,0.0,1.0,0.0,0.0,0.0,9.0,4.0,0.0,0.0,0.0,0.0,0.0,0.0,0.0,0.0,4.0,12.0,1.0,12.17,5.0200000000000005,2.51,1.5,0.0,0.0,0.0,135.4,0.0,0.2,1.8,1.0,-169.70000000000002,0.0,0.0,169.60000000000002,0.0,21.0,29.1,29.1,30.0,300.0,300.0,31.6,35.7,29.0,28.200000000000003,30.1,4.95,1.99,4.97,0.16,0.0,0.0,1027.0,8228.0,0.0,0.0,0.0,0.0,0.0,1.0,0.0,0.0,0.0,0.0,0.0,2.8000000000000003,0.0,-0.5,0.0,0.0001,16.0,25903.0
2026-07-30T19:02:19.399Z,308.882,308.898,0.0,7.4,0.0,0.0,0.0,0.0,0.0,0.0,0.0,0.0,1.0,0.0,0.0,0.0,9.0,4.0,0.0,0.0,0.0,0.0,0.0,0.0,0.0,0.0,5.0,12.0,1.0,12.17,5.0200000000000005,2.51,1.5,0.0,0.0,0.0,135.3,0.0,0.2,-0.4,-0.1,-169.70000000000002,0.0,0.0,169.60000000000002,0.0,21.0,29.1,29.1,30.0,300.0,300.0,31.6,35.7,29.0,28.200000000000003,30.1,4.95,1.99,4.96,0.16,0.0,0.0,1027.0,8228.0,0.0,0.0,0.0,0.0,0.0,1.0,0.0,0.0,0.0,0.0,0.0,-0.6000000000000001,0.0,0.0,0.0,0.0,16.0,25903.0
2026-07-30T19:02:19.412Z,308.895,308.91,0.0,7.4,0.0,0.0,0.0,0.0,0.0,0.0,0.0,0.0,1.0,0.0,0.0,0.0,9.0,4.0,0.0,0.0,0.0,0.0,0.0,0.0,0.0,0.0,1.0,12.0,1.0,12.17,5.0200000000000005,2.51,1.5,0.0,0.0,0.0,135.20000000000002,0.0,0.8,0.1,-0.6000000000000001,-169.70000000000002,0.0,0.0,169.70000000000002,0.0,21.0,29.1,29.1,30.0,300.0,300.0,31.6,35.7,29.0,28.200000000000003,30.1,4.95,1.99,4.96,0.16,0.0,0.0,1027.0,8228.0,0.0,0.0,0.0,0.0,0.0,1.0,0.0,0.0,0.0,0.0,0.0,-0.3,0.0,0.6000000000000001,0.0,0.0,16.0,25903.0
2026-07-30T19:02:19.424Z,308.907,308.922,0.0,7.4,0.0,0.0,0.0,0.0,0.0,0.0,0.0,0.0,1.0,0.0,0.0,0.0,9.0,4.0,0.0,0.0,0.0,0.0,0.0,0.0,0.0,0.0,2.0,12.0,1.0,12.17,5.0200000000000005,2.51,1.5,0.0,0.0,0.0,135.1,0.0,0.9,0.7000000000000001,0.0,-169.70000000000002,0.0,0.0,169.8,0.0,21.0,29.1,29.1,30.0,300.0,300.0,31.6,35.7,29.0,28.200000000000003,30.1,4.95,1.99,4.97,0.16,0.0,0.0,1027.0,8228.0,0.0,0.0,0.0,0.0,0.0,1.0,0.0,0.0,0.0,0.0,0.0,0.7000000000000001,0.0,0.2,0.0,0.0,16.0,25903.0
2026-07-30T19:02:19.436Z,308.919,308.934,0.0,7.4,0.0,0.0,0.0,0.0,0.0,0.0,0.0,0.0,1.0,0.0,0.0,0.0,9.0,4.0,0.0,0.0,0.0,0.0,0.0,0.0,0.0,0.0,3.0,12.0,1.0,12.17,5.0200000000000005,2.51,1.5,0.0,0.0,0.0,135.0,0.0,0.3,0.1,-0.1,-169.70000000000002,0.0,0.0,169.8,0.0,21.0,29.1,29.1,30.0,300.0,300.0,31.6,35.7,29.0,28.200000000000003,30.1,4.95,1.99,4.97,0.16,0.0,0.0,1027.0,8228.0,0.0,0.0,0.0,0.0,0.0,1.0,0.0,0.0,0.0,0.0,0.0,0.1,0.0,0.1,0.0,0.0001,16.0,25903.0
2026-07-30T19:02:19.448Z,308.931,308.946,0.0,7.4,0.0,0.0,0.0,0.0,0.0,0.0,0.0,0.0,1.0,0.0,0.0,0.0,9.0,4.0,0.0,0.0,0.0,0.0,0.0,0.0,0.0,0.0,4.0,12.0,1.0,12.18,5.01,2.51,1.49,0.0,0.0,0.0,134.9,0.0,0.3,-0.9,-1.3,-169.70000000000002,0.0,0.0,169.8,0.0,21.700000000000003,29.1,29.1,30.0,300.0,300.0,31.700000000000003,35.7,28.9,28.200000000000003,30.1,4.96,1.99,4.96,0.16,0.0,0.0,1027.0,8228.0,0.0,0.0,0.0,0.0,0.0,1.0,0.0,0.0,0.0,0.0,0.0,-2.0,0.0,0.9,0.0,0.0001,16.0,25903.0
2026-07-30T19:02:19.460Z,308.943,308.958,0.0,7.4,0.0,0.0,0.0,0.0,0.0,0.0,0.0,0.0,1.0,0.0,0.0,0.0,9.0,4.0,0.0,0.0,0.0,0.0,0.0,0.0,0.0,0.0,5.0,12.0,1.0,12.18,5.01,2.51,1.49,0.0,0.0,0.0,134.8,0.0,0.3,-0.3,1.0,-169.70000000000002,0.0,0.0,169.8,0.0,21.700000000000003,29.1,29.1,30.0,300.0,300.0,31.700000000000003,35.7,28.9,28.200000000000003,30.1,4.95,1.99,4.97,0.16,0.0,0.0,1027.0,8228.0,0.0,0.0,0.0,0.0,0.0,1.0,0.0,0.0,0.0,0.0,0.0,0.4,0.0,-1.0,0.0,0.0,16.0,25903.0
2026-07-30T19:02:19.472Z,308.955,308.97,0.0,7.4,0.0,0.0,0.0,0.0,0.0,0.0,0.0,0.0,1.0,0.0,0.0,0.0,9.0,4.0,0.0,0.0,0.0,0.0,0.0,0.0,0.0,0.0,6.0,12.0,1.0,12.18,5.01,2.51,1.49,0.0,0.0,0.0,134.6,0.0,-0.2,0.8,-0.6000000000000001,-169.70000000000002,0.0,0.0,169.70000000000002,0.0,21.700000000000003,29.1,29.1,30.0,300.0,300.0,31.700000000000003,35.7,28.9,28.200000000000003,30.1,4.95,1.99,4.97,0.16,0.0,0.0,1027.0,8228.0,0.0,0.0,0.0,0.0,0.0,1.0,0.0,0.0,0.0,0.0,0.0,0.4,0.0,0.7000000000000001,0.0,0.0,16.0,25903.0
2026-07-30T19:02:19.484Z,308.967,308.982,0.0,7.4,0.0,0.0,0.0,0.0,0.0,0.0,0.0,0.0,1.0,0.0,0.0,0.0,9.0,4.0,0.0,0.0,0.0,0.0,0.0,0.0,0.0,0.0,1.0,12.0,1.0,12.18,5.01,2.51,1.49,0.0,0.0,0.0,134.5,0.0,-0.2,0.2,-1.3,-169.70000000000002,0.0,0.0,169.8,0.0,21.700000000000003,29.1,29.1,30.0,300.0,300.0,31.700000000000003,35.7,28.9,28.200000000000003,30.1,4.96,2.0,4.97,0.16,0.0,0.0,1027.0,8228.0,0.0,0.0,0.0,0.0,0.0,1.0,0.0,0.0,0.0,0.0,0.0,-0.7000000000000001,0.0,1.1,0.0,0.0,16.0,25903.0
2026-07-30T19:02:19.496Z,308.979,308.994,0.0,7.4,0.0,0.0,0.0,0.0,0.0,0.0,0.0,0.0,1.0,0.0,0.0,0.0,9.0,4.0,0.0,0.0,0.0,0.0,0.0,0.0,0.0,0.0,2.0,12.0,1.0,12.18,5.01,2.51,1.49,0.0,0.0,0.0,134.5,0.0,-0.2,0.2,1.0,-169.70000000000002,0.0,0.0,169.8,0.0,21.700000000000003,29.1,29.1,30.0,300.0,300.0,31.700000000000003,35.7,28.9,28.200000000000003,30.1,4.95,2.0,4.97,0.16,0.0,0.0,1027.0,8228.0,0.0,0.0,0.0,0.0,0.0,1.0,0.0,0.0,0.0,0.0,0.0,1.0,0.0,-0.8,0.0,0.0,16.0,25903.0
2026-07-30T19:02:19.508Z,308.991,309.00600000000003,0.0,7.4,0.0,0.0,0.0,0.0,0.0,0.0,0.0,0.0,1.0,0.0,0.0,0.0,9.0,4.0,0.0,0.0,0.0,0.0,0.0,0.0,0.0,0.0,3.0,12.0,1.0,12.18,5.01,2.51,1.49,0.0,0.0,0.0,134.3,0.0,-0.2,-0.3,-0.6000000000000001,-169.70000000000002,0.0,0.0,169.8,0.0,21.700000000000003,29.1,29.1,30.0,300.0,300.0,31.700000000000003,35.7,28.9,28.200000000000003,30.1,4.95,1.99,4.97,0.16,0.0,0.0,1027.0,8228.0,0.0,0.0,0.0,0.0,0.0,1.0,0.0,0.0,0.0,0.0,0.0,-0.8,0.0,0.5,0.0,0.0,16.0,25903.0
2026-07-30T19:02:19.520Z,309.003,309.01800000000003,0.0,7.4,0.0,0.0,0.0,0.0,0.0,0.0,0.0,0.0,1.0,0.0,0.0,0.0,9.0,4.0,0.0,0.0,0.0,0.0,0.0,0.0,0.0,0.0,4.0,12.0,1.0,12.18,5.01,2.51,1.49,0.0,0.0,0.0,134.20000000000002,0.0,-0.8,-0.3,0.0,-169.70000000000002,0.0,0.0,169.70000000000002,0.0,21.700000000000003,29.1,29.1,30.0,300.0,300.0,31.700000000000003,35.7,28.9,28.200000000000003,30.1,4.95,1.99,4.96,0.16,0.0,0.0,1027.0,8228.0,0.0,0.0,0.0,0.0,0.0,1.0,0.0,0.0,0.0,0.0,0.0,-0.4,0.0,0.0,0.0,0.0,16.0,25903.0
2026-07-30T19:02:19.532Z,309.015,309.03000000000003,0.0,7.4,0.0,0.0,0.0,0.0,0.0,0.0,0.0,0.0,1.0,0.0,0.0,0.0,9.0,4.0,0.0,0.0,0.0,0.0,0.0,0.0,0.0,0.0,6.0,12.0,1.0,12.18,5.01,2.51,1.49,0.0,0.0,0.0,134.1,0.0,-0.2,1.3,-0.6000000000000001,-169.70000000000002,0.0,0.0,169.60000000000002,0.0,21.700000000000003,29.1,29.1,30.0,300.0,300.0,31.700000000000003,35.7,28.9,28.200000000000003,30.1,4.96,1.99,4.96,0.16,0.0,0.0,1027.0,8228.0,0.0,0.0,0.0,0.0,0.0,1.0,0.0,0.0,0.0,0.0,0.0,1.0,0.0,0.8,0.0,0.0001,16.0,25903.0
2026-07-30T19:02:19.544Z,309.027,309.04200000000003,0.0,7.4,0.0,0.0,0.0,0.0,0.0,0.0,0.0,0.0,1.0,0.0,0.0,0.0,9.0,4.0,0.0,0.0,0.0,0.0,0.0,0.0,0.0,0.0,1.0,12.0,1.0,12.18,5.01,2.51,1.49,0.0,0.0,0.0,134.0,0.0,0.3,-0.3,-0.6000000000000001,-169.70000000000002,0.0,0.0,169.70000000000002,0.0,21.700000000000003,29.1,29.1,30.0,300.0,300.0,31.700000000000003,35.7,28.9,28.200000000000003,30.1,4.96,1.99,4.97,0.16,0.0,0.0,1027.0,8228.0,0.0,0.0,0.0,0.0,0.0,1.0,0.0,0.0,0.0,0.0,0.0,-0.9,0.0,0.5,0.0,0.0001,16.0,25903.0
2026-07-30T19:02:19.556Z,309.039,309.05400000000003,0.0,7.4,0.0,0.0,0.0,0.0,0.0,0.0,0.0,0.0,1.0,0.0,0.0,0.0,9.0,4.0,0.0,0.0,0.0,0.0,0.0,0.0,0.0,0.0,2.0,12.0,1.0,12.2,5.01,2.5,1.5,0.0,0.0,0.0,133.9,0.0,-0.8,-0.3,1.1,-169.70000000000002,0.0,0.0,169.8,0.0,21.3,29.1,29.1,30.0,300.0,300.0,31.5,35.7,29.0,28.200000000000003,30.1,4.96,1.99,4.97,0.16,0.0,0.0,1027.0,8228.0,0.0,0.0,0.0,0.0,0.0,1.0,0.0,0.0,0.0,0.0,0.0,0.4,0.0,-1.0,0.0,0.0,16.0,25903.0
2026-07-30T19:02:19.568Z,309.051,309.06600000000003,0.0,7.4,0.0,0.0,0.0,0.0,0.0,0.0,0.0,0.0,1.0,0.0,0.0,0.0,9.0,4.0,0.0,0.0,0.0,0.0,0.0,0.0,0.0,0.0,3.0,12.0,1.0,12.2,5.01,2.5,1.5,0.0,0.1,0.0,133.8,0.0,-0.2,1.3,1.1,-169.70000000000002,0.0,0.0,169.8,0.0,21.3,29.1,29.1,30.0,300.0,300.0,31.5,35.7,29.0,28.200000000000003,30.1,4.96,1.99,4.96,0.16,0.0,0.0,1027.0,8228.0,0.0,0.0,0.0,0.0,0.0,1.0,0.0,0.0,0.0,0.0,0.0,2.4000000000000004,0.0,-0.7000000000000001,0.0,0.0,16.0,25903.0
2026-07-30T19:02:19.580Z,309.063,309.07800000000003,0.0,7.4,0.0,0.0,0.0,0.0,0.0,0.0,0.0,0.0,1.0,0.0,0.0,0.0,9.0,4.0,0.0,0.0,0.0,0.0,0.0,0.0,0.0,0.0,4.0,12.0,1.0,12.2,5.01,2.5,1.5,0.0,0.0,0.0,133.6,0.0,-0.2,0.1,0.4,-169.70000000000002,0.0,0.0,169.8,0.0,21.3,29.1,29.1,30.0,300.0,300.0,31.5,35.7,29.0,28.200000000000003,30.1,4.95,1.99,4.96,0.16,0.0,0.0,1027.0,8228.0,0.0,0.0,0.0,0.0,0.0,1.0,0.0,0.0,0.0,0.0,0.0,0.5,0.0,-0.3,0.0,0.0,16.0,25903.0
2026-07-30T19:02:19.592Z,309.075,309.09000000000003,0.0,7.4,0.0,0.0,0.0,0.0,0.0,0.0,0.0,0.0,1.0,0.0,0.0,0.0,9.0,4.0,0.0,0.0,0.0,0.0,0.0,0.0,0.0,0.0,5.0,12.0,1.0,12.2,5.01,2.5,1.5,0.0,0.0,0.0,133.6,0.0,0.3,0.7000000000000001,-0.1,-169.70000000000002,0.0,0.0,169.8,0.0,21.3,29.1,29.1,30.0,300.0,300.0,31.5,35.7,29.0,28.200000000000003,30.1,4.95,1.99,4.97,0.16,0.0,0.0,1027.0,8228.0,0.0,0.0,0.0,0.0,0.0,1.0,0.0,0.0,0.0,0.0,0.0,0.7000000000000001,0.0,0.3,0.0,0.0,16.0,25903.0
2026-07-30T19:02:19.604Z,309.087,309.10200000000003,0.0,7.4,0.0,0.0,0.0,0.0,0.0,0.0,0.0,0.0,1.0,0.0,0.0,0.0,9.0,4.0,0.0,0.0,0.0,0.0,0.0,0.0,0.0,0.0,6.0,12.0,1.0,12.2,5.01,2.5,1.5,0.0,0.0,0.0,133.5,0.0,-0.3,-2.1,-0.7000000000000001,-169.70000000000002,0.0,0.0,169.70000000000002,0.0,21.3,29.1,29.1,30.0,300.0,300.0,31.5,35.7,29.0,28.200000000000003,30.1,4.96,2.0,4.96,0.16,0.0,0.0,1027.0,8228.0,0.0,0.0,0.0,0.0,0.0,1.0,0.0,0.0,0.0,0.0,0.0,-3.0,0.0,0.2,0.0,0.0,16.0,25903.0
2026-07-30T19:02:19.616Z,309.099,309.11400000000003,0.0,7.4,0.0,0.0,0.0,0.0,0.0,0.0,0.0,0.0,1.0,0.0,0.0,0.0,9.0,4.0,0.0,0.0,0.0,0.0,0.0,0.0,0.0,0.0,1.0,12.0,1.0,12.2,5.01,2.5,1.5,0.0,0.0,0.0,133.3,0.0,0.9,0.7000000000000001,1.0,-169.70000000000002,0.0,0.0,169.70000000000002,0.0,21.3,29.1,29.1,30.0,300.0,300.0,31.5,35.7,29.0,28.200000000000003,30.1,4.96,1.99,4.97,0.16,0.0,0.0,1027.0,8228.0,0.0,0.0,0.0,0.0,0.0,1.0,0.0,0.0,0.0,0.0,0.0,1.6,0.0,-0.7000000000000001,0.0,0.0,16.0,25903.0
2026-07-30T19:02:19.628Z,309.111,309.12600000000003,0.0,7.4,0.0,0.0,0.0,0.0,0.0,0.0,0.0,0.0,1.0,0.0,0.0,0.0,9.0,4.0,0.0,0.0,0.0,0.0,0.0,0.0,0.0,0.0,3.0,12.0,1.0,12.2,5.01,2.5,1.5,0.0,0.0,0.0,133.20000000000002,0.0,-0.2,0.7000000000000001,-0.7000000000000001,-169.70000000000002,0.0,0.0,169.60000000000002,0.0,21.3,29.1,29.1,30.0,300.0,300.0,31.5,35.7,29.0,28.200000000000003,30.1,4.95,2.0,4.97,0.16,0.0,0.0,1027.0,8228.0,0.0,0.0,0.0,0.0,0.0,1.0,0.0,0.0,0.0,0.0,0.0,0.3,0.0,0.8,0.0,0.0,16.0,25903.0
2026-07-30T19:02:19.640Z,309.123,309.13800000000003,0.0,7.4,0.0,0.0,0.0,0.0,0.0,0.0,0.0,0.0,1.0,0.0,0.0,0.0,9.0,4.0,0.0,0.0,0.0,0.0,0.0,0.0,0.0,0.0,4.0,12.0,1.0,12.2,5.01,2.5,1.5,0.0,0.0,0.0,133.1,0.0,-1.4,-0.4,-0.2,-169.70000000000002,0.0,0.0,169.60000000000002,0.0,21.3,29.1,29.1,30.0,300.0,300.0,31.5,35.7,29.0,28.200000000000003,30.1,4.96,2.0,4.96,0.16,0.0,0.0,1027.0,8228.0,0.0,0.0,0.0,0.0,0.0,1.0,0.0,0.0,0.0,0.0,0.0,-0.7000000000000001,0.0,0.1,0.0,0.0001,16.0,25903.0
2026-07-30T19:02:19.652Z,309.135,309.15000000000003,0.0,7.4,0.0,0.0,0.0,0.0,0.0,0.0,0.0,0.0,1.0,0.0,0.0,0.0,9.0,4.0,0.0,0.0,0.0,0.0,0.0,0.0,0.0,0.0,5.0,12.0,1.0,12.17,5.01,2.51,1.49,0.0,0.0,0.0,133.1,0.0,0.2,-1.0,-0.2,-169.70000000000002,0.0,0.0,169.70000000000002,0.0,21.700000000000003,29.1,29.1,30.0,300.0,300.0,31.6,35.7,29.0,28.200000000000003,30.1,4.95,1.99,4.96,0.16,0.0,0.0,1027.0,8228.0,0.0,0.0,0.0,0.0,0.0,1.0,0.0,0.0,0.0,0.0,0.0,-1.3,0.0,0.0,0.0,0.0,16.0,25903.0
2026-07-30T19:02:19.664Z,309.147,309.16200000000003,0.0,7.4,0.0,0.0,0.0,0.0,0.0,0.0,0.0,0.0,1.0,0.0,0.0,0.0,9.0,4.0,0.0,0.0,0.0,0.0,0.0,0.0,0.0,0.0,6.0,12.0,1.0,12.17,5.01,2.51,1.49,0.0,0.0,0.0,132.9,0.0,-0.3,0.0,-0.2,-169.70000000000002,0.0,0.0,169.70000000000002,0.0,21.700000000000003,29.1,29.1,30.0,300.0,300.0,31.6,35.7,29.0,28.200000000000003,30.1,4.95,1.99,4.97,0.16,0.0,0.0,1027.0,8228.0,0.0,0.0,0.0,0.0,0.0,1.0,0.0,0.0,0.0,0.0,0.0,-0.1,0.0,0.2,0.0,0.0,16.0,25903.0
2026-07-30T19:02:19.676Z,309.159,309.174,0.0,7.4,0.0,0.0,0.0,0.0,0.0,0.0,0.0,0.0,1.0,0.0,0.0,0.0,9.0,4.0,0.0,0.0,0.0,0.0,0.0,0.0,0.0,0.0,1.0,12.0,1.0,12.17,5.01,2.51,1.49,0.0,0.1,0.0,132.8,0.0,0.2,0.0,2.0,-169.70000000000002,0.0,0.0,169.70000000000002,0.0,21.700000000000003,29.1,29.1,30.0,300.0,300.0,31.6,35.7,29.0,28.200000000000003,30.1,4.94,2.0,4.97,0.16,0.0,0.0,1027.0,8228.0,0.0,0.0,0.0,0.0,0.0,1.0,0.0,0.0,0.0,0.0,0.0,1.5,0.0,-1.8,0.0,0.0,16.0,25903.0
2026-07-30T19:02:19.688Z,309.171,309.186,0.0,7.4,0.0,0.0,0.0,0.0,0.0,0.0,0.0,0.0,1.0,0.0,0.0,0.0,9.0,4.0,0.0,0.0,0.0,0.0,0.0,0.0,0.0,0.0,2.0,12.0,1.0,12.17,5.01,2.51,1.49,0.0,0.0,0.0,132.70000000000002,0.0,-0.3,0.6000000000000001,-0.9,-169.70000000000002,0.0,0.0,169.70000000000002,0.0,21.700000000000003,29.1,29.1,30.0,300.0,300.0,31.6,35.7,29.0,28.200000000000003,30.1,4.96,2.0,4.96,0.16,0.0,0.0,1027.0,8228.0,0.0,0.0,0.0,0.0,0.0,1.0,0.0,0.0,0.0,0.0,0.0,-0.8,0.0,0.1,0.0,0.0,16.0,25903.0
2026-07-30T19:02:19.700Z,309.183,309.198,0.0,7.4,0.0,0.0,0.0,0.0,0.0,0.0,0.0,0.0,1.0,0.0,0.0,0.0,9.0,4.0,0.0,0.0,0.0,0.0,0.0,0.0,0.0,0.0,3.0,12.0,1.0,12.17,5.01,2.51,1.49,0.0,0.0,0.0,132.6,0.0,-0.3,-1.7000000000000002,-0.9,-169.70000000000002,0.0,0.0,169.70000000000002,0.0,21.700000000000003,29.1,29.1,30.0,300.0,300.0,31.6,35.7,29.0,28.200000000000003,30.1,4.95,2.0,4.97,0.16,0.0,0.0,1027.0,8228.0,0.0,0.0,0.0,0.0,0.0,1.0,0.0,0.0,0.0,0.0,0.0,0.2,0.0,-0.2,0.0,0.0,16.0,25903.0
2026-07-30T19:02:19.712Z,309.195,309.21,0.0,7.4,0.0,0.0,0.0,0.0,0.0,0.0,0.0,0.0,1.0,0.0,0.0,0.0,9.0,4.0,0.0,0.0,0.0,0.0,0.0,0.0,0.0,0.0,3.0,12.0,1.0,12.17,5.01,2.51,1.49,0.0,0.0,0.0,132.5,0.0,-0.3,1.2000000000000002,-0.8,-169.70000000000002,0.0,0.0,169.8,0.0,21.700000000000003,29.1,29.1,30.0,300.0,300.0,31.6,35.7,29.0,28.200000000000003,30.1,4.96,1.99,4.96,0.16,0.0,0.0,1027.0,8228.0,0.0,0.0,0.0,0.0,0.0,1.0,0.0,0.0,0.0,0.0,0.0,0.0,0.0,-0.8,0.0,0.0,16.0,25903.0
2026-07-30T19:02:19.724Z,309.207,309.222,0.0,7.4,0.0,0.0,0.0,0.0,0.0,0.0,0.0,0.0,1.0,0.0,0.0,0.0,9.0,4.0,0.0,0.0,0.0,0.0,0.0,0.0,0.0,0.0,4.0,12.0,1.0,12.17,5.01,2.51,1.49,0.0,0.0,0.0,132.4,0.0,-0.9,-0.5,-0.9,-169.70000000000002,0.0,0.0,169.70000000000002,0.0,21.700000000000003,29.1,29.1,30.0,300.0,300.0,31.6,35.7,29.0,28.200000000000003,30.1,4.96,1.99,4.97,0.16,0.0,0.0,1027.0,8228.0,0.0,0.0,0.0,0.0,0.0,1.0,0.0,0.0,0.0,0.0,0.0,-1.2000000000000002,0.0,0.7000000000000001,0.0,0.0,16.0,25903.0
2026-07-30T19:02:19.736Z,309.219,309.234,0.0,7.4,0.0,0.0,0.0,0.0,0.0,0.0,0.0,0.0,1.0,0.0,0.0,0.0,9.0,4.0,0.0,0.0,0.0,0.0,0.0,0.0,0.0,0.0,6.0,12.0,1.0,12.17,5.01,2.51,1.49,0.0,0.0,0.0,132.3,0.0,-0.3,-1.0,-0.9,-169.70000000000002,0.0,0.0,169.8,0.0,21.700000000000003,29.1,29.1,30.0,300.0,300.0,31.6,35.7,29.0,28.200000000000003,30.1,4.95,1.99,4.97,0.16,0.0,0.0,1027.0,8228.0,0.0,0.0,0.0,0.0,0.0,1.0,0.0,0.0,0.0,0.0,0.0,-1.9,0.0,0.5,0.0,0.0001,16.0,25903.0
2026-07-30T19:02:19.748Z,309.231,309.246,0.0,7.4,0.0,0.0,0.0,0.0,0.0,0.0,0.0,0.0,1.0,0.0,0.0,0.0,9.0,4.0,0.0,0.0,0.0,0.0,0.0,0.0,0.0,0.0,1.0,12.0,1.0,12.17,5.01,2.51,1.49,0.0,0.0,0.0,132.20000000000002,0.0,-0.3,-1.0,0.3,-169.70000000000002,0.0,0.0,169.8,0.0,21.700000000000003,29.1,29.1,30.0,300.0,300.0,31.6,35.7,29.0,28.200000000000003,30.1,4.95,1.99,4.97,0.16,0.0,0.0,1027.0,8228.0,0.0,0.0,0.0,0.0,0.0,1.0,0.0,0.0,0.0,0.0,0.0,-1.0,0.0,-0.5,0.0,0.0001,16.0,25903.0
2026-07-30T19:02:19.760Z,309.243,309.258,0.0,7.4,0.0,0.0,0.0,0.0,0.0,0.0,0.0,0.0,1.0,0.0,0.0,0.0,9.0,4.0,0.0,0.0,0.0,0.0,0.0,0.0,0.0,0.0,2.0,12.0,1.0,12.19,5.0200000000000005,2.51,1.5,0.0,0.0,0.0,132.1,0.0,-0.3,0.6000000000000001,-0.8,-169.70000000000002,0.0,0.0,169.70000000000002,0.0,21.3,29.1,29.1,30.0,300.0,300.0,31.5,35.7,29.0,28.200000000000003,30.1,4.96,1.99,4.96,0.16,0.0,0.0,1027.0,8228.0,0.0,0.0,0.0,0.0,0.0,1.0,0.0,0.0,0.0,0.0,0.0,0.0,0.0,0.8,0.0,0.0,16.0,25903.0
2026-07-30T19:02:19.772Z,309.255,309.27,0.0,7.4,0.0,0.0,0.0,0.0,0.0,0.0,0.0,0.0,1.0,0.0,0.0,0.0,9.0,4.0,0.0,0.0,0.0,0.0,0.0,0.0,0.0,0.0,3.0,12.0,1.0,12.19,5.0200000000000005,2.51,1.5,0.0,0.0,0.0,132.0,0.0,-0.3,-0.5,-0.2,-169.70000000000002,0.0,0.0,169.60000000000002,0.0,21.3,29.1,29.1,30.0,300.0,300.0,31.5,35.7,29.0,28.200000000000003,30.1,4.96,1.99,4.97,0.16,0.0,0.0,1027.0,8228.0,0.0,0.0,0.0,0.0,0.0,1.0,0.0,0.0,0.0,0.0,0.0,-0.8,0.0,0.1,0.0,0.0001,16.0,25903.0
2026-07-30T19:02:19.784Z,309.267,309.282,0.0,7.4,0.0,0.0,0.0,0.0,0.0,0.0,0.0,0.0,1.0,0.0,0.0,0.0,9.0,4.0,0.0,0.0,0.0,0.0,0.0,0.0,0.0,0.0,4.0,12.0,1.0,12.19,5.0200000000000005,2.51,1.5,0.0,0.1,0.0,131.9,0.0,0.8,0.0,0.9,-169.70000000000002,0.0,0.0,169.70000000000002,0.0,21.3,29.1,29.1,30.0,300.0,300.0,31.5,35.7,29.0,28.200000000000003,30.1,4.95,1.99,4.97,0.16,0.0,0.0,1027.0,8228.0,0.0,0.0,0.0,0.0,0.0,1.0,0.0,0.0,0.0,0.0,0.0,0.7000000000000001,0.0,-0.7000000000000001,0.0,0.0001,16.0,25903.0
2026-07-30T19:02:19.796Z,309.279,309.294,0.0,7.4,0.0,0.0,0.0,0.0,0.0,0.0,0.0,0.0,1.0,0.0,0.0,0.0,9.0,4.0,0.0,0.0,0.0,0.0,0.0,0.0,0.0,0.0,5.0,12.0,1.0,12.19,5.0200000000000005,2.51,1.5,0.0,0.1,0.0,131.8,0.0,0.2,0.0,0.3,-169.70000000000002,0.0,0.0,169.70000000000002,0.0,21.3,29.1,29.1,30.0,300.0,300.0,31.5,35.7,29.0,28.200000000000003,30.1,4.96,1.99,4.96,0.16,0.0,0.0,1027.0,8228.0,0.0,0.0,0.0,0.0,0.0,1.0,0.0,0.0,0.0,0.0,0.0,0.3,0.0,-0.3,0.0,0.0,16.0,25903.0
2026-07-30T19:02:19.808Z,309.291,309.306,0.0,7.4,0.0,0.0,0.0,0.0,0.0,0.0,0.0,0.0,1.0,0.0,0.0,0.0,9.0,4.0,0.0,0.0,0.0,0.0,0.0,0.0,0.0,0.0,6.0,12.0,1.0,12.19,5.0200000000000005,2.51,1.5,0.0,0.0,0.0,131.6,0.0,-0.3,0.6000000000000001,-0.1,-169.70000000000002,0.0,0.0,169.70000000000002,0.0,21.3,29.1,29.1,30.0,300.0,300.0,31.5,35.7,29.0,28.200000000000003,30.1,4.95,2.0,4.96,0.16,0.0,0.0,1027.0,8228.0,0.0,0.0,0.0,0.0,0.0,1.0,0.0,0.0,0.0,0.0,0.0,0.5,0.0,0.3,0.0,0.0,16.0,25903.0
2026-07-30T19:02:19.820Z,309.303,309.318,0.0,7.4,0.0,0.0,0.0,0.0,0.0,0.0,0.0,0.0,1.0,0.0,0.0,0.0,9.0,4.0,0.0,0.0,0.0,0.0,0.0,0.0,0.0,0.0,1.0,12.0,1.0,12.19,5.0200000000000005,2.51,1.5,0.0,0.0,0.0,131.5,0.0,-0.9,0.6000000000000001,-0.7000000000000001,-169.70000000000002,0.0,0.0,169.60000000000002,0.0,21.3,29.1,29.1,30.0,300.0,300.0,31.5,35.7,29.0,28.200000000000003,30.1,4.95,1.99,4.97,0.16,0.0,0.0,1027.0,8228.0,0.0,0.0,0.0,0.0,0.0,1.0,0.0,0.0,0.0,0.0,0.0,0.0,0.0,0.8,0.0,0.0,16.0,25903.0
2026-07-30T19:02:19.832Z,309.315,309.33,0.0,7.4,0.0,0.0,0.0,0.0,0.0,0.0,0.0,0.0,1.0,0.0,0.0,0.0,9.0,4.0,0.0,0.0,0.0,0.0,0.0,0.0,0.0,0.0,3.0,12.0,1.0,12.19,5.0200000000000005,2.51,1.5,0.0,0.0,0.0,131.4,0.0,-0.2,0.0,-1.3,-169.70000000000002,0.0,0.0,169.60000000000002,0.0,21.3,29.1,29.1,30.0,300.0,300.0,31.5,35.7,29.0,28.200000000000003,30.1,4.95,1.99,4.97,0.16,0.0,0.0,1027.0,8228.0,0.0,0.0,0.0,0.0,0.0,1.0,0.0,0.0,0.0,0.0,0.0,-1.2000000000000002,0.0,0.5,0.0,0.0,16.0,25903.0
2026-07-30T19:02:19.844Z,309.327,309.342,0.0,7.4,0.0,0.0,0.0,0.0,0.0,0.0,0.0,0.0,1.0,0.0,0.0,0.0,9.0,4.0,0.0,0.0,0.0,0.0,0.0,0.0,0.0,0.0,4.0,12.0,1.0,12.19,5.0200000000000005,2.51,1.5,0.0,0.1,0.0,131.4,0.0,-0.8,-1.1,-0.7000000000000001,-169.70000000000002,0.0,0.0,169.70000000000002,0.0,21.3,29.1,29.1,30.0,300.0,300.0,31.5,35.7,29.0,28.200000000000003,30.1,4.96,1.99,4.96,0.16,0.0,0.0,1027.0,8228.0,0.0,0.0,0.0,0.0,0.0,1.0,0.0,0.0,0.0,0.0,0.0,-1.7000000000000002,0.0,0.4,0.0,0.0,16.0,25903.0
2026-07-30T19:02:19.855Z,309.338,309.354,0.0,7.4,0.0,0.0,0.0,0.0,0.0,0.0,0.0,0.0,1.0,0.0,0.0,0.0,9.0,4.0,0.0,0.0,0.0,0.0,0.0,0.0,0.0,0.0,4.0,12.0,1.0,12.15,5.01,2.5,1.5,0.0,0.1,0.0,131.6,0.0,-0.2,0.0,-0.6000000000000001,-169.70000000000002,0.0,0.0,169.70000000000002,0.0,21.700000000000003,29.1,29.1,30.0,300.0,300.0,31.6,35.7,28.9,28.200000000000003,30.1,4.95,1.99,4.97,0.16,0.0,0.0,1027.0,8228.0,0.0,0.0,0.0,0.0,0.0,1.0,0.0,0.0,0.0,0.0,0.0,-0.4,0.0,0.6000000000000001,0.0,0.0,16.0,25903.0
2026-07-30T19:02:19.868Z,309.351,309.366,0.0,7.4,0.0,0.0,0.0,0.0,0.0,0.0,0.0,0.0,1.0,0.0,0.0,0.0,9.0,4.0,0.0,0.0,0.0,0.0,0.0,0.0,0.0,0.0,6.0,12.0,1.0,12.15,5.01,2.5,1.5,0.0,0.0,0.0,131.8,0.0,0.3,0.0,0.4,-169.70000000000002,0.0,0.0,169.70000000000002,0.0,21.700000000000003,29.1,29.1,30.0,300.0,300.0,31.6,35.7,28.9,28.200000000000003,30.1,4.95,1.99,4.97,0.16,0.0,0.0,1027.0,8228.0,0.0,0.0,0.0,0.0,0.0,1.0,0.0,0.0,0.0,0.0,0.0,0.4,0.0,-0.3,0.0,0.0,16.0,25903.0
2026-07-30T19:02:19.880Z,309.363,309.378,0.0,7.4,0.0,0.0,0.0,0.0,0.0,0.0,0.0,0.0,1.0,0.0,0.0,0.0,9.0,4.0,0.0,0.0,0.0,0.0,0.0,0.0,0.0,0.0,6.0,12.0,1.0,12.15,5.01,2.5,1.5,0.0,0.0,0.0,132.1,0.0,-0.2,-0.4,0.0,-169.70000000000002,0.0,0.0,169.60000000000002,0.0,21.700000000000003,29.1,29.1,30.0,300.0,300.0,31.6,35.7,28.9,28.200000000000003,30.1,4.96,2.0,4.97,0.16,0.0,0.0,1027.0,8228.0,0.0,0.0,0.0,0.0,0.0,1.0,0.0,0.0,0.0,0.0,0.0,-0.5,0.0,0.0,0.0,0.0,16.0,25903.0
2026-07-30T19:02:19.892Z,309.375,309.39,0.0,7.4,0.0,0.0,0.0,0.0,0.0,0.0,0.0,0.0,1.0,0.0,0.0,0.0,9.0,4.0,0.0,0.0,0.0,0.0,0.0,0.0,0.0,0.0,1.0,12.0,1.0,12.15,5.01,2.5,1.5,0.0,0.0,0.0,132.20000000000002,0.0,-0.2,0.7000000000000001,0.0,-169.70000000000002,0.0,0.0,169.60000000000002,0.0,21.700000000000003,29.1,29.1,30.0,300.0,300.0,31.6,35.7,28.9,28.200000000000003,30.1,4.95,2.0,4.97,0.16,0.0,0.0,1027.0,8228.0,0.0,0.0,0.0,0.0,0.0,1.0,0.0,0.0,0.0,0.0,0.0,0.7000000000000001,0.0,0.2,0.0,0.0,16.0,25903.0
2026-07-30T19:02:19.903Z,309.386,309.402,0.0,7.4,0.0,0.0,0.0,0.0,0.0,0.0,0.0,0.0,1.0,0.0,0.0,0.0,9.0,4.0,0.0,0.0,0.0,0.0,0.0,0.0,0.0,0.0,3.0,12.0,1.0,12.15,5.01,2.5,1.5,0.0,0.0,0.0,132.4,0.0,0.3,-0.4,1.0,-169.70000000000002,0.0,0.0,169.8,0.0,21.700000000000003,29.1,29.1,30.0,300.0,300.0,31.6,35.7,28.9,28.200000000000003,30.1,4.96,1.99,4.97,0.16,0.0,0.0,1027.0,8228.0,0.0,0.0,0.0,0.0,0.0,1.0,0.0,0.0,0.0,0.0,0.0,0.2,0.0,-1.0,0.0,0.0,16.0,25903.0
2026-07-30T19:02:19.916Z,309.399,309.414,0.0,7.4,0.0,0.0,0.0,0.0,0.0,0.0,0.0,0.0,1.0,0.0,0.0,0.0,9.0,4.0,0.0,0.0,0.0,0.0,0.0,0.0,0.0,0.0,4.0,12.0,1.0,12.15,5.01,2.5,1.5,0.0,0.0,0.0,132.6,0.0,0.3,0.1,-0.6000000000000001,-169.70000000000002,0.0,0.0,169.70000000000002,0.0,21.700000000000003,29.1,29.1,30.0,300.0,300.0,31.6,35.7,28.9,28.200000000000003,30.1,4.96,2.0,4.96,0.16,0.0,0.0,1027.0,8228.0,0.0,0.0,0.0,0.0,0.0,1.0,0.0,0.0,0.0,0.0,0.0,-0.3,0.0,0.6000000000000001,0.0,0.0001,16.0,25903.0
2026-07-30T19:02:19.928Z,309.411,309.426,0.0,7.4,0.0,0.0,0.0,0.0,0.0,0.0,0.0,0.0,1.0,0.0,0.0,0.0,9.0,4.0,0.0,0.0,0.0,0.0,0.0,0.0,0.0,0.0,5.0,12.0,1.0,12.15,5.01,2.5,1.5,0.0,0.0,0.0,132.70000000000002,0.0,0.3,0.7000000000000001,-0.1,-169.60000000000002,0.0,0.0,169.60000000000002,0.0,21.700000000000003,29.1,29.1,30.0,300.0,300.0,31.6,35.7,28.9,28.200000000000003,30.1,4.96,1.99,4.96,0.16,0.0,0.0,1027.0,8228.0,0.0,0.0,0.0,0.0,0.0,1.0,0.0,0.0,0.0,0.0,0.0,0.7000000000000001,0.0,0.2,0.0,0.0,16.0,25903.0
2026-07-30T19:02:19.940Z,309.423,309.438,0.0,7.4,0.0,0.0,0.0,0.0,0.0,0.0,0.0,0.0,1.0,0.0,0.0,0.0,9.0,4.0,0.0,0.0,0.0,0.0,0.0,0.0,0.0,0.0,6.0,12.0,1.0,12.15,5.01,2.5,1.5,0.0,0.0,0.0,133.0,0.0,0.4,-1.0,-0.7000000000000001,-169.60000000000002,0.0,0.0,169.70000000000002,0.0,21.700000000000003,29.1,29.1,30.0,300.0,300.0,31.6,35.7,28.9,28.200000000000003,30.1,4.95,1.99,4.97,0.16,0.0,0.0,1027.0,8228.0,0.0,0.0,0.0,0.0,0.0,1.0,0.0,0.0,0.0,0.0,0.0,-1.7000000000000002,0.0,0.4,0.0,0.0,16.0,25903.0
2026-07-30T19:02:19.951Z,309.434,309.45,0.0,7.4,0.0,0.0,0.0,0.0,0.0,0.0,0.0,0.0,1.0,0.0,0.0,0.0,9.0,4.0,0.0,0.0,0.0,0.0,0.0,0.0,0.0,0.0,6.0,12.0,1.0,12.15,5.01,2.5,1.5,0.0,0.0,0.0,133.1,0.0,0.4,0.7000000000000001,1.0,-169.70000000000002,0.0,0.0,169.8,0.0,21.700000000000003,29.1,29.1,30.0,300.0,300.0,31.6,35.7,28.9,28.200000000000003,30.1,4.96,2.0,4.97,0.16,0.0,0.0,1027.0,8228.0,0.0,0.0,0.0,0.0,0.0,1.0,0.0,0.0,0.0,0.0,0.0,1.6,0.0,-0.8,0.0,0.0,16.0,25903.0
2026-07-30T19:02:19.963Z,309.446,309.462,0.0,7.4,0.0,0.0,0.0,0.0,0.0,0.0,0.0,0.0,1.0,0.0,0.0,0.0,9.0,4.0,0.0,0.0,0.0,0.0,0.0,0.0,0.0,0.0,1.0,12.0,1.0,12.17,5.0200000000000005,2.5,1.49,0.0,0.0,0.0,133.3,0.0,0.4,0.1,-1.2000000000000002,-169.70000000000002,0.0,0.0,169.8,0.0,21.8,29.1,29.1,30.0,300.0,300.0,31.6,35.7,29.0,28.1,30.1,4.96,1.99,4.96,0.16,0.0,0.0,1027.0,8228.0,0.0,0.0,0.0,0.0,0.0,1.0,0.0,0.0,0.0,0.0,0.0,-0.7000000000000001,0.0,1.1,0.0,0.0001,16.0,25903.0
2026-07-30T19:02:19.976Z,309.459,309.474,0.0,7.4,0.0,0.0,0.0,0.0,0.0,0.0,0.0,0.0,1.0,0.0,0.0,0.0,9.0,4.0,0.0,0.0,0.0,0.0,0.0,0.0,0.0,0.0,3.0,12.0,1.0,12.17,5.0200000000000005,2.5,1.49,0.0,0.1,0.0,133.5,0.0,-0.1,-0.4,-0.6000000000000001,-169.70000000000002,0.0,0.0,169.60000000000002,0.0,21.8,29.1,29.1,30.0,300.0,300.0,31.6,35.7,29.0,28.1,30.1,4.96,1.99,4.96,0.16,0.0,0.0,1027.0,8228.0,0.0,0.0,0.0,0.0,0.0,1.0,0.0,0.0,0.0,0.0,0.0,-0.9,0.0,0.5,0.0,0.0,16.0,25903.0
2026-07-30T19:02:19.988Z,309.471,309.486,0.0,7.4,0.0,0.0,0.0,0.0,0.0,0.0,0.0,0.0,1.0,0.0,0.0,0.0,9.0,4.0,0.0,0.0,0.0,0.0,0.0,0.0,0.0,0.0,4.0,12.0,1.0,12.17,5.0200000000000005,2.5,1.49,0.0,0.0,0.0,133.6,0.0,1.0,-0.3,0.0,-169.70000000000002,0.0,0.0,169.60000000000002,0.0,21.8,29.1,29.1,30.0,300.0,300.0,31.6,35.7,29.0,28.1,30.1,4.95,1.99,4.97,0.16,0.0,0.0,1027.0,8228.0,0.0,0.0,0.0,0.0,0.0,1.0,0.0,0.0,0.0,0.0,0.0,-0.4,0.0,0.0,0.0,0.0001,16.0,25903.0
2026-07-30T19:02:20.000Z,309.483,309.498,0.0,7.4,0.0,0.0,0.0,0.0,0.0,0.0,0.0,0.0,1.0,0.0,0.0,0.0,9.0,4.0,0.0,0.0,0.0,0.0,0.0,0.0,0.0,0.0,4.0,12.0,1.0,12.17,5.0200000000000005,2.5,1.49,0.0,0.0,0.0,133.8,0.0,0.4,0.8,0.0,-169.70000000000002,0.0,0.0,169.8,0.0,21.8,29.1,29.1,30.0,300.0,300.0,31.6,35.7,29.0,28.1,30.1,4.96,1.99,4.96,0.16,0.0,0.0,1027.0,8228.0,0.0,0.0,0.0,0.0,0.0,1.0,0.0,0.0,0.0,0.0,0.0,0.9,0.0,0.1,0.0,0.0001,16.0,25903.0
2026-07-30T19:02:20.012Z,309.495,309.51,0.0,7.4,0.0,0.0,0.0,0.0,0.0,0.0,0.0,0.0,1.0,0.0,0.0,0.0,9.0,4.0,0.0,0.0,0.0,0.0,0.0,0.0,0.0,0.0,5.0,12.0,1.0,12.17,5.0200000000000005,2.5,1.49,0.0,0.0,0.0,134.1,0.0,0.4,0.1,1.1,-169.70000000000002,0.0,0.0,169.8,0.0,21.8,29.1,29.1,30.0,300.0,300.0,31.6,35.7,29.0,28.1,30.1,4.96,1.99,4.97,0.16,0.0,0.0,1027.0,8228.0,0.0,0.0,0.0,0.0,0.0,1.0,0.0,0.0,0.0,0.0,0.0,1.0,0.0,-0.9,0.0,0.0001,16.0,25903.0
2026-07-30T19:02:20.024Z,309.507,309.522,0.0,7.4,0.0,0.0,0.0,0.0,0.0,0.0,0.0,0.0,1.0,0.0,0.0,0.0,9.0,4.0,0.0,0.0,0.0,0.0,0.0,0.0,0.0,0.0,6.0,12.0,1.0,12.17,5.0200000000000005,2.5,1.49,0.0,0.0,0.0,134.20000000000002,0.0,-0.2,-0.4,-0.6000000000000001,-169.70000000000002,0.0,0.0,169.70000000000002,0.0,21.8,29.1,29.1,30.0,300.0,300.0,31.6,35.7,29.0,28.1,30.1,4.95,1.99,4.97,0.16,0.0,0.0,1027.0,8228.0,0.0,0.0,0.0,0.0,0.0,1.0,0.0,0.0,0.0,0.0,0.0,-0.9,0.0,0.5,0.0,0.0,16.0,25903.0
2026-07-30T19:02:20.036Z,309.519,309.534,0.0,7.4,0.0,0.0,0.0,0.0,0.0,0.0,0.0,0.0,1.0,0.0,0.0,0.0,9.0,4.0,0.0,0.0,0.0,0.0,0.0,0.0,0.0,0.0,2.0,12.0,1.0,12.17,5.0200000000000005,2.5,1.49,0.0,0.0,0.0,134.3,0.0,-0.2,-0.9,-0.1,-169.70000000000002,0.0,0.0,169.8,0.0,21.8,29.1,29.1,30.0,300.0,300.0,31.6,35.7,29.0,28.1,30.1,4.96,1.99,4.97,0.16,0.0,0.0,1027.0,8228.0,0.0,0.0,0.0,0.0,0.0,1.0,0.0,0.0,0.0,0.0,0.0,-1.2000000000000002,0.0,-0.1,0.0,0.0,16.0,25903.0
2026-07-30T19:02:20.048Z,309.531,309.546,0.0,7.4,0.0,0.0,0.0,0.0,0.0,0.0,0.0,0.0,1.0,0.0,0.0,0.0,9.0,4.0,0.0,0.0,0.0,0.0,0.0,0.0,0.0,0.0,3.0,12.0,1.0,12.17,5.0200000000000005,2.5,1.49,0.0,0.0,0.0,134.5,0.0,0.3,1.3,1.0,-169.70000000000002,0.0,0.0,169.8,0.0,21.8,29.1,29.1,30.0,300.0,300.0,31.6,35.7,29.0,28.1,30.1,4.96,1.99,4.96,0.16,0.0,0.0,1027.0,8228.0,0.0,0.0,0.0,0.0,0.0,1.0,0.0,0.0,0.0,0.0,0.0,2.3000000000000003,0.0,-0.6000000000000001,0.0,0.0,16.0,25903.0
2026-07-30T19:02:20.059Z,309.542,309.558,0.0,7.4,0.0,0.0,0.0,0.0,0.0,0.0,0.0,0.0,1.0,0.0,0.0,0.0,9.0,4.0,0.0,0.0,0.0,0.0,0.0,0.0,0.0,0.0,3.0,12.0,1.0,12.17,5.01,2.51,1.5,0.0,0.0,0.0,134.70000000000002,0.0,-0.2,0.7000000000000001,1.0,-169.70000000000002,0.0,0.0,169.8,0.0,21.3,29.1,29.1,30.0,300.0,300.0,31.6,35.7,29.0,28.1,30.1,4.96,1.99,4.97,0.16,0.0,0.0,1027.0,8228.0,0.0,0.0,0.0,0.0,0.0,1.0,0.0,0.0,0.0,0.0,0.0,1.6,0.0,-0.7000000000000001,0.0,0.0,16.0,25903.0
2026-07-30T19:02:20.072Z,309.555,309.57,0.0,7.4,0.0,0.0,0.0,0.0,0.0,0.0,0.0,0.0,1.0,0.0,0.0,0.0,9.0,4.0,0.0,0.0,0.0,0.0,0.0,0.0,0.0,0.0,5.0,12.0,1.0,12.17,5.01,2.51,1.5,0.0,0.0,0.0,134.9,0.0,-0.7000000000000001,-0.9,-0.1,-169.70000000000002,0.0,0.0,169.8,0.0,21.3,29.1,29.1,30.0,300.0,300.0,31.6,35.7,29.0,28.1,30.1,4.95,1.99,4.97,0.16,0.0,0.0,1027.0,8228.0,0.0,0.0,0.0,0.0,0.0,1.0,0.0,0.0,0.0,0.0,0.0,-1.2000000000000002,0.0,0.0,0.0,0.0,16.0,25903.0
2026-07-30T19:02:20.084Z,309.567,309.582,0.0,7.4,0.0,0.0,0.0,0.0,0.0,0.0,0.0,0.0,1.0,0.0,0.0,0.0,9.0,4.0,0.0,0.0,0.0,0.0,0.0,0.0,0.0,0.0,6.0,12.0,1.0,12.17,5.01,2.51,1.5,0.0,0.0,0.0,135.1,0.0,0.9,0.1,-0.7000000000000001,-169.70000000000002,0.0,0.0,169.8,0.0,21.3,29.1,29.1,30.0,300.0,300.0,31.6,35.7,29.0,28.1,30.1,4.95,1.99,4.96,0.16,0.0,0.0,1027.0,8228.0,0.0,0.0,0.0,0.0,0.0,1.0,0.0,0.0,0.0,0.0,0.0,-0.4,0.0,0.7000000000000001,0.0,0.0,16.0,25903.0
2026-07-30T19:02:20.096Z,309.579,309.594,0.0,7.4,0.0,0.0,0.0,0.0,0.0,0.0,0.0,0.0,1.0,0.0,0.0,0.0,9.0,4.0,0.0,0.0,0.0,0.0,0.0,0.0,0.0,0.0,1.0,12.0,1.0,12.17,5.01,2.51,1.5,0.0,0.0,0.0,135.3,0.0,0.9,1.3,0.3,-169.70000000000002,0.0,0.0,169.70000000000002,0.0,21.3,29.1,29.1,30.0,300.0,300.0,31.6,35.7,29.0,28.1,30.1,4.96,1.99,4.97,0.16,0.0,0.0,1027.0,8228.0,0.0,0.0,0.0,0.0,0.0,1.0,0.0,0.0,0.0,0.0,0.0,1.7000000000000002,0.0,0.0,0.0,0.0,16.0,25903.0
2026-07-30T19:02:20.108Z,309.591,309.606,0.0,7.4,0.0,0.0,0.0,0.0,0.0,0.0,0.0,0.0,1.0,0.0,0.0,0.0,9.0,4.0,0.0,0.0,0.0,0.0,0.0,0.0,0.0,0.0,2.0,12.0,1.0,12.17,5.01,2.51,1.5,0.0,0.0,0.0,135.5,0.0,-0.8,0.7000000000000001,0.9,-169.70000000000002,0.0,0.0,169.70000000000002,0.0,21.3,29.1,29.1,30.0,300.0,300.0,31.6,35.7,29.0,28.1,30.1,4.96,1.99,4.97,0.16,0.0,0.0,1027.0,8228.0,0.0,0.0,0.0,0.0,0.0,1.0,0.0,0.0,0.0,0.0,0.0,1.5,0.0,-0.7000000000000001,0.0,0.0001,16.0,25903.0
2026-07-30T19:02:20.119Z,309.602,309.618,0.0,7.4,0.0,0.0,0.0,0.0,0.0,0.0,0.0,0.0,1.0,0.0,0.0,0.0,9.0,4.0,0.0,0.0,0.0,0.0,0.0,0.0,0.0,0.0,2.0,12.0,1.0,12.17,5.01,2.51,1.5,0.0,0.0,0.0,135.6,0.0,-0.3,-0.4,-0.2,-169.70000000000002,0.0,0.0,169.8,0.0,21.3,29.1,29.1,30.0,300.0,300.0,31.6,35.7,29.0,28.1,30.1,4.96,1.99,4.97,0.16,0.0,0.0,1027.0,8228.0,0.0,0.0,0.0,0.0,0.0,1.0,0.0,0.0,0.0,0.0,0.0,-0.6000000000000001,0.0,0.1,0.0,0.0,16.0,25903.0
2026-07-30T19:02:20.132Z,309.615,309.63,0.0,7.4,0.0,0.0,0.0,0.0,0.0,0.0,0.0,0.0,1.0,0.0,0.0,0.0,9.0,4.0,0.0,0.0,0.0,0.0,0.0,0.0,0.0,0.0,4.0,12.0,1.0,12.17,5.01,2.51,1.5,-0.1,0.1,0.0,135.5,0.0,-0.3,0.1,1.4,-169.70000000000002,0.0,0.0,169.70000000000002,0.0,21.3,29.1,29.1,30.0,300.0,300.0,31.6,35.7,29.0,28.1,30.1,4.96,1.99,4.97,0.16,0.0,0.0,1027.0,8228.0,0.0,0.0,0.0,0.0,0.0,1.0,0.0,0.0,0.0,0.0,0.0,1.2000000000000002,0.0,-1.2000000000000002,0.0,0.0,16.0,25903.0
2026-07-30T19:02:20.144Z,309.627,309.642,0.0,7.4,0.0,0.0,0.0,0.0,0.0,0.0,0.0,0.0,1.0,0.0,0.0,0.0,9.0,4.0,0.0,0.0,0.0,0.0,0.0,0.0,0.0,0.0,5.0,12.0,1.0,12.17,5.01,2.51,1.5,0.0,0.0,0.0,135.4,0.0,0.7000000000000001,0.6000000000000001,-0.2,-169.70000000000002,0.0,0.0,169.70000000000002,0.0,21.3,29.1,29.1,30.0,300.0,300.0,31.6,35.7,29.0,28.1,30.1,4.95,1.99,4.96,0.16,0.0,0.0,1027.0,8228.0,0.0,0.0,0.0,0.0,0.0,1.0,0.0,0.0,0.0,0.0,0.0,0.5,0.0,0.3,0.0,0.0,16.0,25903.0
2026-07-30T19:02:20.156Z,309.639,309.654,0.0,7.4,0.0,0.0,0.0,0.0,0.0,0.0,0.0,0.0,1.0,0.0,0.0,0.0,9.0,4.0,0.0,0.0,0.0,0.0,0.0,0.0,0.0,0.0,6.0,12.0,1.0,12.17,5.01,2.51,1.5,0.0,0.0,0.0,135.3,0.0,-0.4,-0.5,-0.8,-169.70000000000002,0.0,0.0,169.60000000000002,0.0,21.3,29.1,29.1,30.0,300.0,300.0,31.6,35.7,29.0,28.1,30.1,4.95,1.99,4.96,0.16,0.0,0.0,1027.0,8228.0,0.0,0.0,0.0,0.0,0.0,1.0,0.0,0.0,0.0,0.0,0.0,-1.2000000000000002,0.0,0.6000000000000001,0.0,0.0,16.0,25903.0
2026-07-30T19:02:20.168Z,309.651,309.666,0.0,7.4,0.0,0.0,0.0,0.0,0.0,0.0,0.0,0.0,1.0,0.0,0.0,0.0,9.0,4.0,0.0,0.0,0.0,0.0,0.0,0.0,0.0,0.0,1.0,12.0,1.0,12.17,5.01,2.51,1.49,0.0,0.0,0.0,135.1,0.0,0.2,-0.4,-0.2,-169.70000000000002,0.0,0.0,169.8,0.0,21.700000000000003,29.1,29.0,30.0,300.0,300.0,31.6,35.800000000000004,28.9,28.200000000000003,30.1,4.95,1.99,4.96,0.15,0.0,0.0,1027.0,8228.0,0.0,0.0,0.0,0.0,0.0,1.0,0.0,0.0,0.0,0.0,0.0,-0.7000000000000001,0.0,0.1,0.0,0.0001,16.0,25903.0
2026-07-30T19:02:20.180Z,309.663,309.678,0.0,7.4,0.0,0.0,0.0,0.0,0.0,0.0,0.0,0.0,1.0,0.0,0.0,0.0,9.0,4.0,0.0,0.0,0.0,0.0,0.0,0.0,0.0,0.0,2.0,12.0,1.0,12.17,5.01,2.51,1.49,0.0,0.0,0.0,135.0,0.0,-0.9,-0.4,0.2,-169.70000000000002,0.0,0.0,169.8,0.0,21.700000000000003,29.1,29.0,30.0,300.0,300.0,31.6,35.800000000000004,28.9,28.200000000000003,30.1,4.95,1.99,4.97,0.16,0.0,0.0,1027.0,8228.0,0.0,0.0,0.0,0.0,0.0,1.0,0.0,0.0,0.0,0.0,0.0,-0.3,0.0,-0.3,0.0,0.0001,16.0,25903.0
2026-07-30T19:02:20.192Z,309.675,309.69,0.0,7.4,0.0,0.0,0.0,0.0,0.0,0.0,0.0,0.0,1.0,0.0,0.0,0.0,9.0,4.0,0.0,0.0,0.0,0.0,0.0,0.0,0.0,0.0,3.0,12.0,1.0,12.17,5.01,2.51,1.49,0.0,0.0,0.0,134.9,0.0,0.7000000000000001,1.2000000000000002,0.8,-169.70000000000002,0.0,0.0,169.8,0.0,21.700000000000003,29.1,29.0,30.0,300.0,300.0,31.6,35.800000000000004,28.9,28.200000000000003,30.1,4.96,2.0,4.96,0.16,0.0,0.0,1027.0,8228.0,0.0,0.0,0.0,0.0,0.0,1.0,0.0,0.0,0.0,0.0,0.0,2.0,0.0,-0.4,0.0,0.0,16.0,25903.0
2026-07-30T19:02:20.204Z,309.687,309.702,0.0,7.4,0.0,0.0,0.0,0.0,0.0,0.0,0.0,0.0,1.0,0.0,0.0,0.0,9.0,4.0,0.0,0.0,0.0,0.0,0.0,0.0,0.0,0.0,4.0,12.0,1.0,12.17,5.01,2.51,1.49,0.0,0.0,0.0,134.8,0.0,0.2,0.6000000000000001,-0.3,-169.70000000000002,0.0,0.0,169.8,0.0,21.700000000000003,29.1,29.0,30.0,300.0,300.0,31.6,35.800000000000004,28.9,28.200000000000003,30.1,4.96,1.99,4.96,0.16,0.0,0.0,1027.0,8228.0,0.0,0.0,0.0,0.0,0.0,1.0,0.0,0.0,0.0,0.0,0.0,-2.8000000000000003,0.0,1.6,0.0,0.0,16.0,25903.0
2026-07-30T19:02:20.215Z,309.698,309.714,0.0,7.4,0.0,0.0,0.0,0.0,0.0,0.0,0.0,0.0,1.0,0.0,0.0,0.0,9.0,4.0,0.0,0.0,0.0,0.0,0.0,0.0,0.0,0.0,5.0,12.0,1.0,12.17,5.01,2.51,1.49,0.0,0.0,0.0,134.70000000000002,0.0,-0.3,0.6000000000000001,0.8,-169.70000000000002,0.0,0.0,169.8,0.0,21.700000000000003,29.1,29.0,30.0,300.0,300.0,31.6,35.800000000000004,28.9,28.200000000000003,30.1,4.95,1.99,4.96,0.16,0.0,0.0,1027.0,8228.0,0.0,0.0,0.0,0.0,0.0,1.0,0.0,0.0,0.0,0.0,0.0,0.1,0.0,0.9,0.0,0.0,16.0,25903.0
2026-07-30T19:02:20.228Z,309.711,309.726,0.0,7.4,0.0,0.0,0.0,0.0,0.0,0.0,0.0,0.0,1.0,0.0,0.0,0.0,9.0,4.0,0.0,0.0,0.0,0.0,0.0,0.0,0.0,0.0,6.0,12.0,1.0,12.17,5.01,2.51,1.49,0.0,0.0,0.0,134.6,0.0,0.2,-0.5,1.4,-169.70000000000002,0.0,0.0,169.8,0.0,21.700000000000003,29.1,29.0,30.0,300.0,300.0,31.6,35.800000000000004,28.9,28.200000000000003,30.1,4.95,1.99,4.97,0.16,0.0,0.0,1027.0,8228.0,0.0,0.0,0.0,0.0,0.0,1.0,0.0,0.0,0.0,0.0,0.0,-1.6,0.0,1.1,0.0,0.0,16.0,25903.0
2026-07-30T19:02:20.239Z,309.722,309.738,0.0,7.4,0.0,0.0,0.0,0.0,0.0,0.0,0.0,0.0,1.0,0.0,0.0,0.0,9.0,4.0,0.0,0.0,0.0,0.0,0.0,0.0,0.0,0.0,1.0,12.0,1.0,12.17,5.01,2.51,1.49,0.0,0.0,0.0,134.5,0.0,-0.3,0.0,-0.2,-169.70000000000002,0.0,0.0,169.8,0.0,21.700000000000003,29.1,29.0,30.0,300.0,300.0,31.6,35.800000000000004,28.9,28.200000000000003,30.1,4.96,2.0,4.96,0.16,0.0,0.0,1027.0,8228.0,0.0,0.0,0.0,0.0,0.0,1.0,0.0,0.0,0.0,0.0,0.0,0.0,0.0,0.2,0.0,0.0,16.0,25903.0
2026-07-30T19:02:20.252Z,309.735,309.75,0.0,7.4,0.0,0.0,0.0,0.0,0.0,0.0,0.0,0.0,1.0,0.0,0.0,0.0,9.0,4.0,0.0,0.0,0.0,0.0,0.0,0.0,0.0,0.0,2.0,12.0,1.0,12.17,5.01,2.51,1.49,0.0,0.0,0.0,134.4,0.0,0.8,0.0,-0.1,-169.70000000000002,0.0,0.0,169.8,0.0,21.700000000000003,29.1,29.0,30.0,300.0,300.0,31.6,35.800000000000004,28.9,28.200000000000003,30.1,4.96,1.99,4.97,0.16,0.0,0.0,1027.0,8228.0,0.0,0.0,0.0,0.0,0.0,1.0,0.0,0.0,0.0,0.0,0.0,0.0,0.0,0.1,0.0,0.0,16.0,25903.0
2026-07-30T19:02:20.264Z,309.747,309.762,0.0,7.4,0.0,0.0,0.0,0.0,0.0,0.0,0.0,0.0,1.0,0.0,0.0,0.0,9.0,4.0,0.0,0.0,0.0,0.0,0.0,0.0,0.0,0.0,3.0,12.0,1.0,12.14,5.01,2.5,1.5,0.0,0.0,0.0,134.3,0.0,0.2,0.7000000000000001,2.2,-169.70000000000002,0.0,0.0,169.70000000000002,0.0,21.700000000000003,29.1,29.0,30.0,300.0,300.0,31.700000000000003,35.800000000000004,28.9,28.200000000000003,30.1,4.96,1.99,4.97,0.16,0.0,0.0,1027.0,8228.0,0.0,0.0,0.0,0.0,0.0,1.0,0.0,0.0,0.0,0.0,0.0,2.4000000000000004,0.0,-1.8,0.0,0.0,16.0,25903.0
2026-07-30T19:02:20.276Z,309.759,309.774,0.0,7.4,0.0,0.0,0.0,0.0,0.0,0.0,0.0,0.0,1.0,0.0,0.0,0.0,9.0,4.0,0.0,0.0,0.0,0.0,0.0,0.0,0.0,0.0,4.0,12.0,1.0,12.14,5.01,2.5,1.5,0.0,0.0,0.0,134.1,0.0,-0.8,-1.0,-0.7000000000000001,-169.70000000000002,0.0,0.0,169.8,0.0,21.700000000000003,29.1,29.0,30.0,300.0,300.0,31.700000000000003,35.800000000000004,28.9,28.200000000000003,30.1,4.96,1.99,4.96,0.16,0.0,0.0,1027.0,8228.0,0.0,0.0,0.0,0.0,0.0,1.0,0.0,0.0,0.0,0.0,0.0,-1.7000000000000002,0.0,0.4,0.0,0.0,16.0,25903.0
2026-07-30T19:02:20.287Z,309.77,309.786,0.0,7.4,0.0,0.0,0.0,0.0,0.0,0.0,0.0,0.0,1.0,0.0,0.0,0.0,9.0,4.0,0.0,0.0,0.0,0.0,0.0,0.0,0.0,0.0,5.0,12.0,1.0,12.14,5.01,2.5,1.5,0.0,0.0,0.0,134.1,0.0,0.2,-1.1,-0.7000000000000001,-169.70000000000002,0.0,0.0,169.8,0.0,21.700000000000003,29.1,29.0,30.0,300.0,300.0,31.700000000000003,35.800000000000004,28.9,28.200000000000003,30.1,4.95,2.0,4.96,0.16,0.0,0.0,1027.0,8228.0,0.0,0.0,0.0,0.0,0.0,1.0,0.0,0.0,0.0,0.0,0.0,-1.8,0.0,0.4,0.0,0.0,16.0,25903.0
2026-07-30T19:02:20.299Z,309.782,309.798,0.0,7.4,0.0,0.0,0.0,0.0,0.0,0.0,0.0,0.0,1.0,0.0,0.0,0.0,9.0,4.0,0.0,0.0,0.0,0.0,0.0,0.0,0.0,0.0,6.0,12.0,1.0,12.14,5.01,2.5,1.5,0.0,0.0,0.0,133.9,0.0,-0.2,0.0,-0.1,-169.70000000000002,0.0,0.0,169.8,0.0,21.700000000000003,29.1,29.0,30.0,300.0,300.0,31.700000000000003,35.800000000000004,28.9,28.200000000000003,30.1,4.95,1.99,4.97,0.16,0.0,0.0,1027.0,8228.0,0.0,0.0,0.0,0.0,0.0,1.0,0.0,0.0,0.0,0.0,0.0,1.2000000000000002,0.0,-1.3,0.0,0.0,16.0,25903.0
2026-07-30T19:02:20.312Z,309.795,309.81,0.0,7.4,0.0,0.0,0.0,0.0,0.0,0.0,0.0,0.0,1.0,0.0,0.0,0.0,9.0,4.0,0.0,0.0,0.0,0.0,0.0,0.0,0.0,0.0,1.0,12.0,1.0,12.14,5.01,2.5,1.5,0.0,0.0,0.0,133.8,0.0,-0.2,-0.5,-0.2,-169.70000000000002,0.0,0.0,169.70000000000002,0.0,21.700000000000003,29.1,29.0,30.0,300.0,300.0,31.700000000000003,35.800000000000004,28.9,28.200000000000003,30.1,4.95,2.0,4.97,0.16,0.0,0.0,1027.0,8228.0,0.0,0.0,0.0,0.0,0.0,1.0,0.0,0.0,0.0,0.0,0.0,-0.7000000000000001,0.0,0.0,0.0,0.0,16.0,25903.0
2026-07-30T19:02:20.324Z,309.807,309.822,0.0,7.4,0.0,0.0,0.0,0.0,0.0,0.0,0.0,0.0,1.0,0.0,0.0,0.0,9.0,4.0,0.0,0.0,0.0,0.0,0.0,0.0,0.0,0.0,3.0,12.0,1.0,12.14,5.01,2.5,1.5,0.0,0.0,0.0,133.70000000000002,0.0,1.4,0.0,0.9,-169.70000000000002,0.0,0.0,169.8,0.0,21.700000000000003,29.1,29.0,30.0,300.0,300.0,31.700000000000003,35.800000000000004,28.9,28.200000000000003,30.1,4.96,2.0,4.96,0.16,0.0,0.0,1027.0,8228.0,0.0,0.0,0.0,0.0,0.0,1.0,0.0,0.0,0.0,0.0,0.0,0.8,0.0,-0.8,0.0,0.0,16.0,25903.0
2026-07-30T19:02:20.336Z,309.819,309.834,0.0,7.4,0.0,0.0,0.0,0.0,0.0,0.0,0.0,0.0,1.0,0.0,0.0,0.0,9.0,4.0,0.0,0.0,0.0,0.0,0.0,0.0,0.0,0.0,4.0,12.0,1.0,12.14,5.01,2.5,1.5,0.0,0.0,0.0,133.70000000000002,0.0,0.9,0.6000000000000001,0.3,-169.70000000000002,0.0,0.0,169.70000000000002,0.0,21.700000000000003,29.1,29.0,30.0,300.0,300.0,31.700000000000003,35.800000000000004,28.9,28.200000000000003,30.1,4.95,1.99,4.97,0.16,0.0,0.0,1027.0,8228.0,0.0,0.0,0.0,0.0,0.0,1.0,0.0,0.0,0.0,0.0,0.0,-3.1,0.0,2.0,0.0,0.0,16.0,25903.0
2026-07-30T19:02:20.348Z,309.831,309.846,0.0,7.4,0.0,0.0,0.0,0.0,0.0,0.0,0.0,0.0,1.0,0.0,0.0,0.0,9.0,4.0,0.0,0.0,0.0,0.0,0.0,0.0,0.0,0.0,5.0,12.0,1.0,12.14,5.01,2.5,1.5,0.0,0.0,0.0,133.6,0.0,-0.2,0.0,0.4,-169.70000000000002,0.0,0.0,169.70000000000002,0.0,21.700000000000003,29.1,29.0,30.0,300.0,300.0,31.700000000000003,35.800000000000004,28.9,28.200000000000003,30.1,4.95,1.99,4.97,0.16,0.0,0.0,1027.0,8228.0,0.0,0.0,0.0,0.0,0.0,1.0,0.0,0.0,0.0,0.0,0.0,0.4,0.0,-0.3,0.0,0.0001,16.0,25903.0
2026-07-30T19:02:20.360Z,309.843,309.858,0.0,7.4,0.0,0.0,0.0,0.0,0.0,0.0,0.0,0.0,1.0,0.0,0.0,0.0,9.0,4.0,0.0,0.0,0.0,0.0,0.0,0.0,0.0,0.0,6.0,12.0,1.0,12.14,5.01,2.5,1.5,0.0,0.0,0.0,133.4,0.0,-0.2,1.2000000000000002,1.0,-169.70000000000002,0.0,0.0,169.8,0.0,21.700000000000003,29.1,29.0,30.0,300.0,300.0,31.700000000000003,35.800000000000004,28.9,28.200000000000003,30.1,4.96,1.99,4.97,0.16,0.0,0.0,1027.0,8228.0,0.0,0.0,0.0,0.0,0.0,1.0,0.0,0.0,0.0,0.0,0.0,1.7000000000000002,0.0,-0.1,0.0,0.0,16.0,25903.0
2026-07-30T19:02:20.372Z,309.855,309.87,0.0,7.4,0.0,0.0,0.0,0.0,0.0,0.0,0.0,0.0,1.0,0.0,0.0,0.0,9.0,4.0,0.0,0.0,0.0,0.0,0.0,0.0,0.0,0.0,1.0,12.0,1.0,12.17,5.01,2.5,1.49,0.0,0.0,0.0,133.3,0.0,0.3,0.6000000000000001,2.2,-169.70000000000002,0.0,0.0,169.8,0.0,21.700000000000003,29.1,29.0,30.0,300.0,300.0,31.6,35.7,28.9,28.200000000000003,30.1,4.96,1.99,4.96,0.16,0.0,0.0,1027.0,8228.0,0.0,0.0,0.0,0.0,0.0,1.0,0.0,0.0,0.0,0.0,0.0,2.4000000000000004,0.0,-1.8,0.0,0.0,16.0,25903.0
2026-07-30T19:02:20.384Z,309.867,309.882,0.0,7.4,0.0,0.0,0.0,0.0,0.0,0.0,0.0,0.0,1.0,0.0,0.0,0.0,9.0,4.0,0.0,0.0,0.0,0.0,0.0,0.0,0.0,0.0,3.0,12.0,1.0,12.17,5.01,2.5,1.49,0.0,0.0,0.0,133.20000000000002,0.0,-0.2,1.2000000000000002,-0.1,-169.70000000000002,0.0,0.0,169.8,0.0,21.700000000000003,29.1,29.0,30.0,300.0,300.0,31.6,35.7,28.9,28.200000000000003,30.1,4.96,1.99,4.97,0.16,0.0,0.0,1027.0,8228.0,0.0,0.0,0.0,0.0,0.0,1.0,0.0,0.0,0.0,0.0,0.0,1.3,0.0,0.3,0.0,0.0,16.0,25903.0
2026-07-30T19:02:20.396Z,309.879,309.894,0.0,7.4,0.0,0.0,0.0,0.0,0.0,0.0,0.0,0.0,1.0,0.0,0.0,0.0,9.0,4.0,0.0,0.0,0.0,0.0,0.0,0.0,0.0,0.0,3.0,12.0,1.0,12.17,5.01,2.5,1.49,0.0,0.0,0.0,133.1,0.0,0.9,0.6000000000000001,-0.6000000000000001,-169.70000000000002,0.0,0.0,169.8,0.0,21.700000000000003,29.1,29.0,30.0,300.0,300.0,31.6,35.7,28.9,28.200000000000003,30.1,4.96,1.99,4.96,0.16,0.0,0.0,1027.0,8228.0,0.0,0.0,0.0,0.0,0.0,1.0,0.0,0.0,0.0,0.0,0.0,0.1,0.0,0.7000000000000001,0.0,0.0,16.0,25903.0
2026-07-30T19:02:20.408Z,309.891,309.906,0.0,7.4,0.0,0.0,0.0,0.0,0.0,0.0,0.0,0.0,1.0,0.0,0.0,0.0,9.0,4.0,0.0,0.0,0.0,0.0,0.0,0.0,0.0,0.0,5.0,12.0,1.0,12.17,5.01,2.5,1.49,0.0,0.0,0.0,133.0,0.0,0.9,1.2000000000000002,1.0,-169.70000000000002,0.0,0.0,169.8,0.0,21.700000000000003,29.1,29.0,30.0,300.0,300.0,31.6,35.7,28.9,28.200000000000003,30.1,4.96,1.99,4.96,0.16,0.0,0.0,1027.0,8228.0,0.0,0.0,0.0,0.0,0.0,1.0,0.0,0.0,0.0,0.0,0.0,1.7000000000000002,0.0,-0.1,0.0,0.0,16.0,25903.0
2026-07-30T19:02:20.420Z,309.903,309.918,0.0,7.4,0.0,0.0,0.0,0.0,0.0,0.0,0.0,0.0,1.0,0.0,0.0,0.0,9.0,4.0,0.0,0.0,0.0,0.0,0.0,0.0,0.0,0.0,6.0,12.0,1.0,12.17,5.01,2.5,1.49,0.0,0.0,0.0,132.8,0.0,0.9,0.0,0.4,-169.70000000000002,0.0,0.0,169.8,0.0,21.700000000000003,29.1,29.0,30.0,300.0,300.0,31.6,35.7,28.9,28.200000000000003,30.1,4.95,1.99,4.97,0.16,0.0,0.0,1027.0,8228.0,0.0,0.0,0.0,0.0,0.0,1.0,0.0,0.0,0.0,0.0,0.0,0.0,0.0,0.1,0.0,0.0,16.0,25903.0
2026-07-30T19:02:20.432Z,309.915,309.93,0.0,7.4,0.0,0.0,0.0,0.0,0.0,0.0,0.0,0.0,1.0,0.0,0.0,0.0,9.0,4.0,0.0,0.0,0.0,0.0,0.0,0.0,0.0,0.0,1.0,12.0,1.0,12.17,5.01,2.5,1.49,0.0,0.0,0.0,132.8,0.0,-0.7000000000000001,-0.5,-0.7000000000000001,-169.70000000000002,0.0,0.0,169.70000000000002,0.0,21.700000000000003,29.1,29.0,30.0,300.0,300.0,31.6,35.7,28.9,28.200000000000003,30.1,4.95,2.0,4.97,0.16,0.0,0.0,1027.0,8228.0,0.0,0.0,0.0,0.0,0.0,1.0,0.0,0.0,0.0,0.0,0.0,-1.2000000000000002,0.0,0.5,0.0,0.0001,16.0,25903.0
2026-07-30T19:02:20.444Z,309.927,309.942,0.0,7.4,0.0,0.0,0.0,0.0,0.0,0.0,0.0,0.0,1.0,0.0,0.0,0.0,9.0,4.0,0.0,0.0,0.0,0.0,0.0,0.0,0.0,0.0,2.0,12.0,1.0,12.17,5.01,2.5,1.49,0.0,0.0,0.0,132.6,0.0,0.3,0.6000000000000001,1.5,-169.70000000000002,0.0,0.0,169.70000000000002,0.0,21.700000000000003,29.1,29.0,30.0,300.0,300.0,31.6,35.7,28.9,28.200000000000003,30.1,4.95,2.0,4.96,0.16,0.0,0.0,1027.0,8228.0,0.0,0.0,0.0,0.0,0.0,1.0,0.0,0.0,0.0,0.0,0.0,1.8,0.0,-1.2000000000000002,0.0,0.0,16.0,25903.0
2026-07-30T19:02:20.456Z,309.939,309.954,0.0,7.4,0.0,0.0,0.0,0.0,0.0,0.0,0.0,0.0,1.0,0.0,0.0,0.0,9.0,4.0,0.0,0.0,0.0,0.0,0.0,0.0,0.0,0.0,3.0,12.0,1.0,12.17,5.01,2.5,1.49,0.0,0.0,0.0,132.5,0.0,0.9,1.2000000000000002,-0.1,-169.70000000000002,0.0,0.0,169.70000000000002,0.0,21.700000000000003,29.1,29.0,30.0,300.0,300.0,31.6,35.7,28.9,28.200000000000003,30.1,4.95,1.99,4.96,0.16,0.0,0.0,1027.0,8228.0,0.0,0.0,0.0,0.0,0.0,1.0,0.0,0.0,0.0,0.0,0.0,1.2000000000000002,0.0,0.4,0.0,0.0,16.0,25903.0
2026-07-30T19:02:20.468Z,309.951,309.966,0.0,7.4,0.0,0.0,0.0,0.0,0.0,0.0,0.0,0.0,1.0,0.0,0.0,0.0,9.0,4.0,0.0,0.0,0.0,0.0,0.0,0.0,0.0,0.0,4.0,12.0,1.0,12.17,5.0200000000000005,2.51,1.49,0.0,0.0,0.0,132.4,0.0,0.2,0.6000000000000001,1.0,-169.70000000000002,0.0,0.0,169.60000000000002,0.0,21.3,29.1,29.0,30.0,300.0,300.0,31.5,35.7,29.0,28.200000000000003,30.0,4.95,1.99,4.97,0.16,0.0,0.0,1027.0,8228.0,0.0,0.0,0.0,0.0,0.0,1.0,0.0,0.0,0.0,0.0,0.0,1.5,0.0,-0.7000000000000001,0.0,0.0,16.0,25903.0
2026-07-30T19:02:20.480Z,309.963,309.978,0.0,7.4,0.0,0.0,0.0,0.0,0.0,0.0,0.0,0.0,1.0,0.0,0.0,0.0,9.0,4.0,0.0,0.0,0.0,0.0,0.0,0.0,0.0,0.0,4.0,12.0,1.0,12.17,5.0200000000000005,2.51,1.49,0.0,0.0,0.0,132.3,0.0,0.2,0.6000000000000001,0.4,-169.70000000000002,0.0,0.0,169.60000000000002,0.0,21.3,29.1,29.0,30.0,300.0,300.0,31.5,35.7,29.0,28.200000000000003,30.0,4.96,1.99,4.96,0.16,0.0,0.0,1027.0,8228.0,0.0,0.0,0.0,0.0,0.0,1.0,0.0,0.0,0.0,0.0,0.0,1.0,0.0,-0.2,0.0,0.0001,16.0,25903.0
2026-07-30T19:02:20.492Z,309.975,309.99,0.0,7.4,0.0,0.0,0.0,0.0,0.0,0.0,0.0,0.0,1.0,0.0,0.0,0.0,9.0,4.0,0.0,0.0,0.0,0.0,0.0,0.0,0.0,0.0,5.0,12.0,1.0,12.17,5.0200000000000005,2.51,1.49,0.0,0.0,0.0,132.3,0.0,-0.3,-0.5,-0.1,-169.70000000000002,0.0,0.0,169.70000000000002,0.0,21.3,29.1,29.0,30.0,300.0,300.0,31.5,35.7,29.0,28.200000000000003,30.0,4.96,1.99,4.96,0.16,0.0,0.0,1027.0,8228.0,0.0,0.0,0.0,0.0,0.0,1.0,0.0,0.0,0.0,0.0,0.0,-0.7000000000000001,0.0,0.0,0.0,0.0,16.0,25903.0
2026-07-30T19:02:20.504Z,309.987,310.002,0.0,7.4,0.0,0.0,0.0,0.0,0.0,0.0,0.0,0.0,1.0,0.0,0.0,0.0,9.0,4.0,0.0,0.0,0.0,0.0,0.0,0.0,0.0,0.0,6.0,12.0,1.0,12.17,5.0200000000000005,2.51,1.49,0.0,0.0,0.0,132.1,0.0,-0.9,0.0,-0.7000000000000001,-169.70000000000002,0.0,0.0,169.8,0.0,21.3,29.1,29.0,30.0,300.0,300.0,31.5,35.7,29.0,28.200000000000003,30.0,4.95,1.99,4.96,0.16,0.0,0.0,1027.0,8228.0,0.0,0.0,0.0,0.0,0.0,1.0,0.0,0.0,0.0,0.0,0.0,-0.5,0.0,0.6000000000000001,0.0,0.0,16.0,25903.0
2026-07-30T19:02:20.515Z,309.998,310.014,0.0,7.4,0.0,0.0,0.0,0.0,0.0,0.0,0.0,0.0,1.0,0.0,0.0,0.0,9.0,4.0,0.0,0.0,0.0,0.0,0.0,0.0,0.0,0.0,1.0,12.0,1.0,12.17,5.0200000000000005,2.51,1.49,0.0,0.0,0.0,132.0,0.0,0.8,0.0,-0.2,-169.70000000000002,0.0,0.0,169.70000000000002,0.0,21.3,29.1,29.0,30.0,300.0,300.0,31.5,35.7,29.0,28.200000000000003,30.0,4.96,1.99,4.97,0.16,0.0,0.0,1027.0,8228.0,0.0,0.0,0.0,0.0,0.0,1.0,0.0,0.0,0.0,0.0,0.0,-0.1,0.0,0.1,0.0,0.0001,16.0,25903.0
2026-07-30T19:02:20.528Z,310.011,310.026,0.0,7.4,0.0,0.0,0.0,0.0,0.0,0.0,0.0,0.0,1.0,0.0,0.0,0.0,9.0,4.0,0.0,0.0,0.0,0.0,0.0,0.0,0.0,0.0,3.0,12.0,1.0,12.17,5.0200000000000005,2.51,1.49,0.0,0.0,0.0,131.9,0.0,0.2,-0.5,-0.2,-169.70000000000002,0.0,0.0,169.70000000000002,0.0,21.3,29.1,29.0,30.0,300.0,300.0,31.5,35.7,29.0,28.200000000000003,30.0,4.95,2.0,4.96,0.16,0.0,0.0,1027.0,8228.0,0.0,0.0,0.0,0.0,0.0,1.0,0.0,0.0,0.0,0.0,0.0,-0.8,0.0,0.1,0.0,0.0,16.0,25903.0
2026-07-30T19:02:20.540Z,310.023,310.038,0.0,7.4,0.0,0.0,0.0,0.0,0.0,0.0,0.0,0.0,1.0,0.0,0.0,0.0,9.0,4.0,0.0,0.0,0.0,0.0,0.0,0.0,0.0,0.0,3.0,12.0,1.0,12.17,5.0200000000000005,2.51,1.49,0.0,0.0,0.0,131.8,0.0,-0.3,0.6000000000000001,0.3,-169.70000000000002,0.0,0.0,169.70000000000002,0.0,21.3,29.1,29.0,30.0,300.0,300.0,31.5,35.7,29.0,28.200000000000003,30.0,4.95,1.99,4.97,0.16,0.0,0.0,1027.0,8228.0,0.0,0.0,0.0,0.0,0.0,1.0,0.0,0.0,0.0,0.0,0.0,0.9,0.0,-0.1,0.0,0.0,16.0,25903.0
2026-07-30T19:02:20.552Z,310.035,310.05,0.0,7.4,0.0,0.0,0.0,0.0,0.0,0.0,0.0,0.0,1.0,0.0,0.0,0.0,9.0,4.0,0.0,0.0,0.0,0.0,0.0,0.0,0.0,0.0,4.0,12.0,1.0,12.17,5.0200000000000005,2.51,1.49,0.0,0.0,0.0,131.70000000000002,0.0,0.2,-0.5,-0.8,-169.70000000000002,0.0,0.0,169.70000000000002,0.0,21.3,29.1,29.0,30.0,300.0,300.0,31.5,35.7,29.0,28.200000000000003,30.0,4.95,1.99,4.97,0.16,0.0,0.0,1027.0,8228.0,0.0,0.0,0.0,0.0,0.0,1.0,0.0,0.0,0.0,0.0,0.0,-1.2000000000000002,0.0,0.6000000000000001,0.0,0.0,16.0,25903.0
2026-07-30T19:02:20.564Z,310.047,310.062,0.0,7.4,0.0,0.0,0.0,0.0,0.0,0.0,0.0,0.0,1.0,0.0,0.0,0.0,9.0,4.0,0.0,0.0,0.0,0.0,0.0,0.0,0.0,0.0,5.0,12.0,1.0,12.17,5.0200000000000005,2.51,1.49,0.0,0.1,0.0,131.6,0.0,-0.3,0.0,0.3,-169.70000000000002,0.0,0.0,169.70000000000002,0.0,21.3,29.1,29.0,30.0,300.0,300.0,31.5,35.7,29.0,28.200000000000003,30.0,4.96,1.99,4.96,0.16,0.0,0.0,1027.0,8228.0,0.0,0.0,0.0,0.0,0.0,1.0,0.0,0.0,0.0,0.0,0.0,0.2,0.0,-0.2,0.0,0.0,16.0,25903.0
2026-07-30T19:02:20.576Z,310.059,310.074,0.0,7.4,0.0,0.0,0.0,0.0,0.0,0.0,0.0,0.0,1.0,0.0,0.0,0.0,9.0,4.0,0.0,0.0,0.0,0.0,0.0,0.0,0.0,0.0,6.0,12.0,1.0,12.17,5.01,2.51,1.49,0.0,0.0,0.0,131.6,0.0,-0.9,-0.5,-1.3,-169.70000000000002,0.0,0.0,169.70000000000002,0.0,21.4,29.1,29.0,30.0,300.0,300.0,31.6,35.7,28.9,28.200000000000003,30.0,4.95,1.99,4.97,0.16,0.0,0.0,1027.0,8228.0,0.0,0.0,0.0,0.0,0.0,1.0,0.0,0.0,0.0,0.0,0.0,-1.6,0.0,1.0,0.0,0.0,16.0,25903.0
2026-07-30T19:02:20.588Z,310.071,310.086,0.0,7.4,0.0,0.0,0.0,0.0,0.0,0.0,0.0,0.0,1.0,0.0,0.0,0.0,9.0,4.0,0.0,0.0,0.0,0.0,0.0,0.0,0.0,0.0,2.0,12.0,1.0,12.17,5.01,2.51,1.49,0.0,0.0,0.0,131.8,0.0,0.8,-0.5,-0.2,-169.70000000000002,0.0,0.0,169.60000000000002,0.0,21.4,29.1,29.0,30.0,300.0,300.0,31.6,35.7,28.9,28.200000000000003,30.0,4.95,2.0,4.97,0.16,0.0,0.0,1027.0,8228.0,0.0,0.0,0.0,0.0,0.0,1.0,0.0,0.0,0.0,0.0,0.0,-0.7000000000000001,0.0,0.0,0.0,0.0,16.0,25903.0
2026-07-30T19:02:20.600Z,310.083,310.098,0.0,7.4,0.0,0.0,0.0,0.0,0.0,0.0,0.0,0.0,1.0,0.0,0.0,0.0,9.0,4.0,0.0,0.0,0.0,0.0,0.0,0.0,0.0,0.0,3.0,12.0,1.0,12.17,5.01,2.51,1.49,0.0,0.1,0.0,132.0,0.0,0.2,1.1,-0.2,-169.70000000000002,0.0,0.0,169.8,0.0,21.4,29.1,29.0,30.0,300.0,300.0,31.6,35.7,28.9,28.200000000000003,30.0,4.96,1.99,4.97,0.16,0.0,0.0,1027.0,8228.0,0.0,0.0,0.0,0.0,0.0,1.0,0.0,0.0,0.0,0.0,0.0,1.1,0.0,0.4,0.0,0.0,16.0,25903.0
2026-07-30T19:02:20.612Z,310.095,310.11,0.0,7.4,0.0,0.0,0.0,0.0,0.0,0.0,0.0,0.0,1.0,0.0,0.0,0.0,9.0,4.0,0.0,0.0,0.0,0.0,0.0,0.0,0.0,0.0,3.0,12.0,1.0,12.17,5.01,2.51,1.49,0.0,0.0,0.0,132.1,0.0,-1.5,-1.7000000000000002,-0.8,-169.70000000000002,0.0,0.0,169.70000000000002,0.0,21.4,29.1,29.0,30.0,300.0,300.0,31.6,35.7,28.9,28.200000000000003,30.0,4.95,1.99,4.96,0.16,0.0,0.0,1027.0,8228.0,0.0,0.0,0.0,0.0,0.0,1.0,0.0,0.0,0.0,0.0,0.0,-2.6,0.0,0.4,0.0,0.0,16.0,25903.0
2026-07-30T19:02:20.624Z,310.107,310.122,0.0,7.4,0.0,0.0,0.0,0.0,0.0,0.0,0.0,0.0,1.0,0.0,0.0,0.0,9.0,4.0,0.0,0.0,0.0,0.0,0.0,0.0,0.0,0.0,4.0,12.0,1.0,12.17,5.01,2.51,1.49,0.0,0.0,0.0,132.3,0.0,0.7000000000000001,0.0,-0.2,-169.70000000000002,0.0,0.0,169.8,0.0,21.4,29.1,29.0,30.0,300.0,300.0,31.6,35.7,28.9,28.200000000000003,30.0,4.96,1.99,4.97,0.16,0.0,0.0,1027.0,8228.0,0.0,0.0,0.0,0.0,0.0,1.0,0.0,0.0,0.0,0.0,0.0,-0.1,0.0,0.2,0.0,0.0,16.0,25903.0
2026-07-30T19:02:20.636Z,310.119,310.134,0.0,7.4,0.0,0.0,0.0,0.0,0.0,0.0,0.0,0.0,1.0,0.0,0.0,0.0,9.0,4.0,0.0,0.0,0.0,0.0,0.0,0.0,0.0,0.0,6.0,12.0,1.0,12.17,5.01,2.51,1.49,0.0,0.0,0.0,132.5,0.0,0.1,0.0,-2.0,-169.70000000000002,0.0,0.0,169.60000000000002,0.0,21.4,29.1,29.0,30.0,300.0,300.0,31.6,35.7,28.9,28.200000000000003,30.0,4.96,1.99,4.96,0.16,0.0,0.0,1027.0,8228.0,0.0,0.0,0.0,0.0,0.0,1.0,0.0,0.0,0.0,0.0,0.0,-1.4,0.0,1.7000000000000002,0.0,0.0,16.0,25903.0
2026-07-30T19:02:20.648Z,310.131,310.146,0.0,7.4,0.0,0.0,0.0,0.0,0.0,0.0,0.0,0.0,1.0,0.0,0.0,0.0,9.0,4.0,0.0,0.0,0.0,0.0,0.0,0.0,0.0,0.0,1.0,12.0,1.0,12.17,5.01,2.51,1.49,0.0,0.0,0.0,132.70000000000002,0.0,0.7000000000000001,0.0,-0.2,-169.70000000000002,0.0,0.0,169.70000000000002,0.0,21.4,29.1,29.0,30.0,300.0,300.0,31.6,35.7,28.9,28.200000000000003,30.0,4.96,1.99,4.96,0.16,0.0,0.0,1027.0,8228.0,0.0,0.0,0.0,0.0,0.0,1.0,0.0,0.0,0.0,0.0,0.0,-0.1,0.0,0.2,0.0,0.0001,16.0,25903.0
2026-07-30T19:02:20.660Z,310.143,310.158,0.0,7.4,0.0,0.0,0.0,0.0,0.0,0.0,0.0,0.0,1.0,0.0,0.0,0.0,9.0,4.0,0.0,0.0,0.0,0.0,0.0,0.0,0.0,0.0,2.0,12.0,1.0,12.17,5.01,2.51,1.49,0.0,0.0,0.0,132.9,0.0,0.1,1.2000000000000002,0.9,-169.70000000000002,0.0,0.0,169.70000000000002,0.0,21.4,29.1,29.0,30.0,300.0,300.0,31.6,35.7,28.9,28.200000000000003,30.0,4.95,1.99,4.97,0.16,0.0,0.0,1027.0,8228.0,0.0,0.0,0.0,0.0,0.0,1.0,0.0,0.0,0.0,0.0,0.0,2.1,0.0,-0.5,0.0,0.0,16.0,25903.0
2026-07-30T19:02:20.671Z,310.154,310.17,0.0,7.4,0.0,0.0,0.0,0.0,0.0,0.0,0.0,0.0,1.0,0.0,0.0,0.0,9.0,4.0,0.0,0.0,0.0,0.0,0.0,0.0,0.0,0.0,3.0,12.0,1.0,12.17,5.01,2.51,1.49,0.0,0.0,0.0,133.1,0.0,-0.4,-1.1,-0.8,-169.70000000000002,0.0,0.0,169.70000000000002,0.0,21.700000000000003,29.1,29.0,30.0,300.0,300.0,31.5,35.7,28.9,28.200000000000003,30.1,4.96,1.99,4.96,0.16,0.0,0.0,1027.0,8228.0,0.0,0.0,0.0,0.0,0.0,1.0,0.0,0.0,0.0,0.0,0.0,-1.9,0.0,0.5,0.0,0.0,16.0,25903.0
2026-07-30T19:02:20.684Z,310.167,310.182,0.0,7.4,0.0,0.0,0.0,0.0,0.0,0.0,0.0,0.0,1.0,0.0,0.0,0.0,9.0,4.0,0.0,0.0,0.0,0.0,0.0,0.0,0.0,0.0,5.0,12.0,1.0,12.17,5.01,2.51,1.49,0.0,0.0,0.0,133.20000000000002,0.0,0.7000000000000001,0.5,0.9,-169.70000000000002,0.0,0.0,169.8,0.0,21.700000000000003,29.1,29.0,30.0,300.0,300.0,31.5,35.7,28.9,28.200000000000003,30.1,4.96,1.99,4.97,0.16,0.0,0.0,1027.0,8228.0,0.0,0.0,0.0,0.0,0.0,1.0,0.0,0.0,0.0,0.0,0.0,1.3,0.0,-0.6000000000000001,0.0,0.0,16.0,25903.0
2026-07-30T19:02:20.696Z,310.179,310.194,0.0,7.4,0.0,0.0,0.0,0.0,0.0,0.0,0.0,0.0,1.0,0.0,0.0,0.0,9.0,4.0,0.0,0.0,0.0,0.0,0.0,0.0,0.0,0.0,6.0,12.0,1.0,12.17,5.01,2.51,1.49,0.0,0.0,0.0,133.4,0.0,0.1,-0.5,-2.0,-169.70000000000002,0.0,0.0,169.8,0.0,21.700000000000003,29.1,29.0,30.0,300.0,300.0,31.5,35.7,28.9,28.200000000000003,30.1,4.95,1.99,4.97,0.16,0.0,0.0,1027.0,8228.0,0.0,0.0,0.0,0.0,0.0,1.0,0.0,0.0,0.0,0.0,0.0,-2.1,0.0,1.6,0.0,0.0001,16.0,25903.0
2026-07-30T19:02:20.708Z,310.191,310.206,0.0,7.4,0.0,0.0,0.0,0.0,0.0,0.0,0.0,0.0,1.0,0.0,0.0,0.0,9.0,4.0,0.0,0.0,0.0,0.0,0.0,0.0,0.0,0.0,1.0,12.0,1.0,12.17,5.01,2.51,1.49,0.0,0.0,0.0,133.6,0.0,-0.4,-0.6000000000000001,0.3,-169.70000000000002,0.0,0.0,169.8,0.0,21.700000000000003,29.1,29.0,30.0,300.0,300.0,31.5,35.7,28.9,28.200000000000003,30.1,4.95,1.99,4.97,0.16,0.0,0.0,1027.0,8228.0,0.0,0.0,0.0,0.0,0.0,1.0,0.0,0.0,0.0,0.0,0.0,-0.4,0.0,-0.3,0.0,0.0,16.0,25903.0
2026-07-30T19:02:20.720Z,310.203,310.218,0.0,7.4,0.0,0.0,0.0,0.0,0.0,0.0,0.0,0.0,1.0,0.0,0.0,0.0,9.0,4.0,0.0,0.0,0.0,0.0,0.0,0.0,0.0,0.0,2.0,12.0,1.0,12.17,5.01,2.51,1.49,0.0,0.0,0.0,133.8,0.0,0.1,-0.5,1.4,-169.70000000000002,0.0,0.0,169.70000000000002,0.0,21.700000000000003,29.1,29.0,30.0,300.0,300.0,31.5,35.7,28.9,28.200000000000003,30.1,4.95,2.0,4.96,0.16,0.0,0.0,1027.0,8228.0,0.0,0.0,0.0,0.0,0.0,1.0,0.0,0.0,0.0,0.0,0.0,-1.7000000000000002,0.0,1.1,0.0,0.0,16.0,25903.0
2026-07-30T19:02:20.732Z,310.215,310.23,0.0,7.4,0.0,0.0,0.0,0.0,0.0,0.0,0.0,0.0,1.0,0.0,0.0,0.0,9.0,4.0,0.0,0.0,0.0,0.0,0.0,0.0,0.0,0.0,3.0,12.0,1.0,12.17,5.01,2.51,1.49,0.0,0.0,0.0,134.1,0.0,-1.0,1.1,-0.2,-169.70000000000002,0.0,0.0,169.60000000000002,0.0,21.700000000000003,29.1,29.0,30.0,300.0,300.0,31.5,35.7,28.9,28.200000000000003,30.1,4.95,1.99,4.97,0.16,0.0,0.0,1027.0,8228.0,0.0,0.0,0.0,0.0,0.0,1.0,0.0,0.0,0.0,0.0,0.0,0.4,0.0,0.3,0.0,0.0001,16.0,25903.0
2026-07-30T19:02:20.744Z,310.227,310.242,0.0,7.4,0.0,0.0,0.0,0.0,0.0,0.0,0.0,0.0,1.0,0.0,0.0,0.0,9.0,4.0,0.0,0.0,0.0,0.0,0.0,0.0,0.0,0.0,4.0,12.0,1.0,12.17,5.01,2.51,1.49,0.0,0.0,0.0,134.20000000000002,0.0,0.1,0.0,0.8,-169.70000000000002,0.0,0.0,169.60000000000002,0.0,21.700000000000003,29.1,29.0,30.0,300.0,300.0,31.5,35.7,28.9,28.200000000000003,30.1,4.95,1.99,4.97,0.16,0.0,0.0,1027.0,8228.0,0.0,0.0,0.0,0.0,0.0,1.0,0.0,0.0,0.0,0.0,0.0,-0.6000000000000001,0.0,0.7000000000000001,0.0,0.0,16.0,25903.0
2026-07-30T19:02:20.755Z,310.238,310.254,0.0,7.4,0.0,0.0,0.0,0.0,0.0,0.0,0.0,0.0,1.0,0.0,0.0,0.0,9.0,4.0,0.0,0.0,0.0,0.0,0.0,0.0,0.0,0.0,5.0,12.0,1.0,12.17,5.01,2.51,1.49,0.0,0.0,0.0,134.3,0.0,-0.4,0.0,0.3,-169.70000000000002,0.0,0.0,169.70000000000002,0.0,21.700000000000003,29.1,29.0,30.0,300.0,300.0,31.5,35.7,28.9,28.200000000000003,30.1,4.96,1.99,4.97,0.16,0.0,0.0,1027.0,8228.0,0.0,0.0,0.0,0.0,0.0,1.0,0.0,0.0,0.0,0.0,0.0,0.1,0.0,-0.3,0.0,0.0,16.0,25903.0
2026-07-30T19:02:20.768Z,310.251,310.266,0.0,7.4,0.0,0.0,0.0,0.0,0.0,0.0,0.0,0.0,1.0,0.0,0.0,0.0,9.0,4.0,0.0,0.0,0.0,0.0,0.0,0.0,0.0,0.0,1.0,12.0,1.0,12.17,5.01,2.51,1.49,0.0,0.0,0.0,134.5,0.0,0.1,0.0,-0.8,-169.70000000000002,0.0,0.0,169.70000000000002,0.0,21.700000000000003,29.1,29.0,30.0,300.0,300.0,31.5,35.7,28.9,28.200000000000003,30.1,4.96,1.99,4.96,0.16,0.0,0.0,1027.0,8228.0,0.0,0.0,0.0,0.0,0.0,1.0,0.0,0.0,0.0,0.0,0.0,-0.6000000000000001,0.0,0.7000000000000001,0.0,0.0,16.0,25903.0
2026-07-30T19:02:20.779Z,310.262,310.278,0.0,7.4,0.0,0.0,0.0,0.0,0.0,0.0,0.0,0.0,1.0,0.0,0.0,0.0,9.0,4.0,0.0,0.0,0.0,0.0,0.0,0.0,0.0,0.0,2.0,12.0,1.0,12.15,5.01,2.51,1.49,0.0,0.0,0.0,134.70000000000002,0.0,-0.4,-0.6000000000000001,0.3,-169.70000000000002,0.0,0.0,169.60000000000002,0.0,21.700000000000003,29.1,29.0,30.0,300.0,300.0,31.5,35.7,29.0,28.200000000000003,30.1,4.96,1.99,4.97,0.16,0.0,0.0,1027.0,8228.0,0.0,0.0,0.0,0.0,0.0,1.0,0.0,0.0,0.0,0.0,0.0,-0.4,0.0,-0.4,0.0,0.0,16.0,25903.0
2026-07-30T19:02:20.792Z,310.275,310.29,0.0,7.4,0.0,0.0,0.0,0.0,0.0,0.0,0.0,0.0,1.0,0.0,0.0,0.0,9.0,4.0,0.0,0.0,0.0,0.0,0.0,0.0,0.0,0.0,4.0,12.0,1.0,12.15,5.01,2.51,1.49,0.0,0.0,0.0,134.9,0.0,-0.3,1.1,-0.1,-169.60000000000002,0.0,0.0,169.60000000000002,0.0,21.700000000000003,29.1,29.0,30.0,300.0,300.0,31.5,35.7,29.0,28.200000000000003,30.1,4.95,1.99,4.97,0.16,0.0,0.0,1027.0,8228.0,0.0,0.0,0.0,0.0,0.0,1.0,0.0,0.0,0.0,0.0,0.0,1.1,0.0,0.4,0.0,0.0,16.0,25903.0
2026-07-30T19:02:20.804Z,310.287,310.302,0.0,7.4,0.0,0.0,0.0,0.0,0.0,0.0,0.0,0.0,1.0,0.0,0.0,0.0,9.0,4.0,0.0,0.0,0.0,0.0,0.0,0.0,0.0,0.0,5.0,12.0,1.0,12.15,5.01,2.51,1.49,0.0,0.0,0.0,135.0,0.0,-1.5,-0.6000000000000001,-1.3,-169.60000000000002,0.0,0.0,169.70000000000002,0.0,21.700000000000003,29.1,29.0,30.0,300.0,300.0,31.5,35.7,29.0,28.200000000000003,30.1,4.96,1.99,4.96,0.16,0.0,0.0,1027.0,8228.0,0.0,0.0,0.0,0.0,0.0,1.0,0.0,0.0,0.0,0.0,0.0,-1.6,0.0,1.0,0.0,0.0,16.0,25903.0
2026-07-30T19:02:20.815Z,310.298,310.314,0.0,7.4,0.0,0.0,0.0,0.0,0.0,0.0,0.0,0.0,1.0,0.0,0.0,0.0,9.0,4.0,0.0,0.0,0.0,0.0,0.0,0.0,0.0,0.0,6.0,12.0,1.0,12.15,5.01,2.51,1.49,0.0,0.1,0.0,135.20000000000002,0.0,1.3,-0.6000000000000001,-0.1,-169.60000000000002,0.0,0.0,169.60000000000002,0.0,21.700000000000003,29.1,29.0,30.0,300.0,300.0,31.5,35.7,29.0,28.200000000000003,30.1,4.95,1.99,4.97,0.16,0.0,0.0,1027.0,8228.0,0.0,0.0,0.0,0.0,0.0,1.0,0.0,0.0,0.0,0.0,0.0,-0.8,0.0,0.0,0.0,0.0,16.0,25903.0
2026-07-30T19:02:20.827Z,310.31,310.326,0.0,7.4,0.0,0.0,0.0,0.0,0.0,0.0,0.0,0.0,1.0,0.0,0.0,0.0,9.0,4.0,0.0,0.0,0.0,0.0,0.0,0.0,0.0,0.0,1.0,12.0,1.0,12.15,5.01,2.51,1.49,0.0,0.0,0.0,135.4,0.0,-0.4,-0.5,-1.3,-169.60000000000002,0.0,0.0,169.70000000000002,0.0,21.700000000000003,29.1,29.0,30.0,300.0,300.0,31.5,35.7,29.0,28.200000000000003,30.1,4.95,1.99,4.96,0.16,0.0,0.0,1027.0,8228.0,0.0,0.0,0.0,0.0,0.0,1.0,0.0,0.0,0.0,0.0,0.0,-1.7000000000000002,0.0,1.0,0.0,0.0,16.0,25903.0
2026-07-30T19:02:20.840Z,310.323,310.338,0.0,7.4,0.0,0.0,0.0,0.0,0.0,0.0,0.0,0.0,1.0,0.0,0.0,0.0,9.0,4.0,0.0,0.0,0.0,0.0,0.0,0.0,0.0,0.0,3.0,12.0,1.0,12.15,5.01,2.51,1.49,0.0,0.0,0.0,135.5,0.0,0.1,0.6000000000000001,0.4,-169.60000000000002,0.0,0.0,169.60000000000002,0.0,21.700000000000003,29.1,29.0,30.0,300.0,300.0,31.5,35.7,29.0,28.200000000000003,30.1,4.96,1.99,4.96,0.16,0.0,0.0,1027.0,8228.0,0.0,0.0,0.0,0.0,0.0,1.0,0.0,0.0,0.0,0.0,0.0,0.5,0.0,0.2,0.0,0.0,16.0,25903.0
2026-07-30T19:02:20.852Z,310.335,310.35,0.0,7.4,0.0,0.0,0.0,0.0,0.0,0.0,0.0,0.0,1.0,0.0,0.0,0.0,9.0,4.0,0.0,0.0,0.0,0.0,0.0,0.0,0.0,0.0,5.0,12.0,1.0,12.15,5.01,2.51,1.49,0.0,0.1,0.0,135.70000000000002,0.0,-0.4,-0.5,0.4,-169.60000000000002,0.0,0.0,169.70000000000002,0.0,21.700000000000003,29.1,29.0,30.0,300.0,300.0,31.5,35.7,29.0,28.200000000000003,30.1,4.95,1.99,4.96,0.16,0.0,0.0,1027.0,8228.0,0.0,0.0,0.0,0.0,0.0,1.0,0.0,0.0,0.0,0.0,0.0,-0.3,0.0,-0.4,0.0,0.0,16.0,25903.0
2026-07-30T19:02:20.863Z,310.346,310.362,0.0,7.4,0.0,0.0,0.0,0.0,0.0,0.0,0.0,0.0,1.0,0.0,0.0,0.0,9.0,4.0,0.0,0.0,0.0,0.0,0.0,0.0,0.0,0.0,6.0,12.0,1.0,12.15,5.01,2.51,1.49,0.0,0.0,0.0,135.5,0.0,0.7000000000000001,0.0,-0.7000000000000001,-169.60000000000002,0.0,0.0,169.70000000000002,0.0,21.700000000000003,29.1,29.0,30.0,300.0,300.0,31.5,35.7,29.0,28.200000000000003,30.1,4.95,1.99,4.96,0.16,0.0,0.0,1027.0,8228.0,0.0,0.0,0.0,0.0,0.0,1.0,0.0,0.0,0.0,0.0,0.0,-0.6000000000000001,0.0,0.6000000000000001,0.0,0.0,16.0,25903.0
2026-07-30T19:02:20.876Z,310.359,310.374,0.0,7.4,0.0,0.0,0.0,0.0,0.0,0.0,0.0,0.0,1.0,0.0,0.0,0.0,9.0,4.0,0.0,0.0,0.0,0.0,0.0,0.0,0.0,0.0,2.0,12.0,1.0,12.15,5.0200000000000005,2.51,1.49,0.0,0.0,0.0,135.4,0.0,-1.0,-0.6000000000000001,-0.2,-169.60000000000002,0.0,0.0,169.70000000000002,0.0,21.9,29.1,29.0,30.0,300.0,300.0,31.6,35.7,28.9,28.200000000000003,30.1,4.95,2.0,4.96,0.16,0.0,0.0,1027.0,8228.0,0.0,0.0,0.0,0.0,0.0,1.0,0.0,0.0,0.0,0.0,0.0,-0.8,0.0,0.0,0.0,0.0,16.0,25903.0
2026-07-30T19:02:20.887Z,310.37,310.386,0.0,7.4,0.0,0.0,0.0,0.0,0.0,0.0,0.0,0.0,1.0,0.0,0.0,0.0,9.0,4.0,0.0,0.0,0.0,0.0,0.0,0.0,0.0,0.0,3.0,12.0,1.0,12.15,5.0200000000000005,2.51,1.49,0.0,0.1,0.0,135.3,0.0,-0.4,-0.5,-0.7000000000000001,-169.60000000000002,0.0,0.0,169.70000000000002,0.0,21.9,29.1,29.0,30.0,300.0,300.0,31.6,35.7,28.9,28.200000000000003,30.1,4.96,1.99,4.96,0.17,0.0,0.0,1027.0,8228.0,0.0,0.0,0.0,0.0,0.0,1.0,0.0,0.0,0.0,0.0,0.0,-1.2000000000000002,0.0,0.5,0.0,0.0,16.0,25903.0
2026-07-30T19:02:20.900Z,310.383,310.398,0.0,7.4,0.0,0.0,0.0,0.0,0.0,0.0,0.0,0.0,1.0,0.0,0.0,0.0,9.0,4.0,0.0,0.0,0.0,0.0,0.0,0.0,0.0,0.0,5.0,12.0,1.0,12.15,5.0200000000000005,2.51,1.49,0.0,0.0,0.0,135.20000000000002,0.0,0.1,0.6000000000000001,0.3,-169.60000000000002,0.0,0.0,169.70000000000002,0.0,21.9,29.1,29.0,30.0,300.0,300.0,31.6,35.7,28.9,28.200000000000003,30.1,4.95,1.99,4.97,0.16,0.0,0.0,1027.0,8228.0,0.0,0.0,0.0,0.0,0.0,1.0,0.0,0.0,0.0,0.0,0.0,1.0,0.0,-0.2,0.0,0.0,16.0,25903.0
2026-07-30T19:02:20.911Z,310.394,310.41,0.0,7.4,0.0,0.0,0.0,0.0,0.0,0.0,0.0,0.0,1.0,0.0,0.0,0.0,9.0,4.0,0.0,0.0,0.0,0.0,0.0,0.0,0.0,0.0,6.0,12.0,1.0,12.15,5.0200000000000005,2.51,1.49,0.0,0.0,0.0,135.1,0.0,0.1,-1.1,0.3,-169.70000000000002,0.0,0.0,169.8,0.0,21.9,29.1,29.0,30.0,300.0,300.0,31.6,35.7,28.9,28.200000000000003,30.1,4.96,1.99,4.96,0.16,0.0,0.0,1027.0,8228.0,0.0,0.0,0.0,0.0,0.0,1.0,0.0,0.0,0.0,0.0,0.0,-0.9,0.0,-0.5,0.0,0.0,16.0,25903.0
2026-07-30T19:02:20.924Z,310.407,310.422,0.0,7.4,0.0,0.0,0.0,0.0,0.0,0.0,0.0,0.0,1.0,0.0,0.0,0.0,9.0,4.0,0.0,0.0,0.0,0.0,0.0,0.0,0.0,0.0,2.0,12.0,1.0,12.15,5.0200000000000005,2.51,1.49,0.0,0.0,0.0,135.0,0.0,0.1,0.0,0.4,-169.70000000000002,0.0,0.0,169.70000000000002,0.0,21.9,29.1,29.0,30.0,300.0,300.0,31.6,35.7,28.9,28.200000000000003,30.1,4.96,1.99,4.97,0.16,0.0,0.0,1027.0,8228.0,0.0,0.0,0.0,0.0,0.0,1.0,0.0,0.0,0.0,0.0,0.0,0.3,0.0,-0.3,0.0,0.0,16.0,25903.0
2026-07-30T19:02:20.935Z,310.418,310.434,0.0,7.4,0.0,0.0,0.0,0.0,0.0,0.0,0.0,0.0,1.0,0.0,0.0,0.0,9.0,4.0,0.0,0.0,0.0,0.0,0.0,0.0,0.0,0.0,3.0,12.0,1.0,12.15,5.0200000000000005,2.51,1.49,0.0,0.0,0.0,134.9,0.0,0.1,0.6000000000000001,1.5,-169.70000000000002,0.0,0.0,169.70000000000002,0.0,21.9,29.1,29.0,30.0,300.0,300.0,31.6,35.7,28.9,28.200000000000003,30.1,4.95,1.99,4.97,0.16,0.0,0.0,1027.0,8228.0,0.0,0.0,0.0,0.0,0.0,1.0,0.0,0.0,0.0,0.0,0.0,1.9,0.0,-1.2000000000000002,0.0,0.0,16.0,25903.0
2026-07-30T19:02:20.948Z,310.431,310.446,0.0,7.4,0.0,0.0,0.0,0.0,0.0,0.0,0.0,0.0,1.0,0.0,0.0,0.0,9.0,4.0,0.0,0.0,0.0,0.0,0.0,0.0,0.0,0.0,4.0,12.0,1.0,12.15,5.0200000000000005,2.51,1.49,0.0,0.0,0.0,134.8,0.0,0.1,-0.5,-1.3,-169.70000000000002,0.0,0.0,169.70000000000002,0.0,21.9,29.1,29.0,30.0,300.0,300.0,31.6,35.7,28.9,28.200000000000003,30.1,4.95,1.99,4.97,0.16,0.0,0.0,1027.0,8228.0,0.0,0.0,0.0,0.0,0.0,1.0,0.0,0.0,0.0,0.0,0.0,-1.5,0.0,1.0,0.0,0.0,16.0,25903.0
2026-07-30T19:02:20.960Z,310.443,310.458,0.0,7.4,0.0,0.0,0.0,0.0,0.0,0.0,0.0,0.0,1.0,0.0,0.0,0.0,9.0,4.0,0.0,0.0,0.0,0.0,0.0,0.0,0.0,0.0,5.0,12.0,1.0,12.15,5.0200000000000005,2.51,1.49,0.0,0.0,0.0,134.70000000000002,0.0,0.1,0.6000000000000001,0.4,-169.70000000000002,0.0,0.0,169.70000000000002,0.0,21.9,29.1,29.0,30.0,300.0,300.0,31.6,35.7,28.9,28.200000000000003,30.1,4.96,2.0,4.96,0.16,0.0,0.0,1027.0,8228.0,0.0,0.0,0.0,0.0,0.0,1.0,0.0,0.0,0.0,0.0,0.0,1.0,0.0,-0.2,0.0,0.0,16.0,25903.0
2026-07-30T19:02:20.972Z,310.455,310.47,0.0,7.4,0.0,0.0,0.0,0.0,0.0,0.0,0.0,0.0,1.0,0.0,0.0,0.0,9.0,4.0,0.0,0.0,0.0,0.0,0.0,0.0,0.0,0.0,6.0,12.0,1.0,12.15,5.0200000000000005,2.51,1.49,0.0,0.0,0.0,134.6,0.0,0.2,1.2000000000000002,-0.1,-169.70000000000002,0.0,0.0,169.70000000000002,0.0,21.9,29.1,29.0,30.0,300.0,300.0,31.6,35.7,28.9,28.200000000000003,30.1,4.96,1.99,4.97,0.16,0.0,0.0,1027.0,8228.0,0.0,0.0,0.0,0.0,0.0,1.0,0.0,0.0,0.0,0.0,0.0,1.3,0.0,0.3,0.0,0.0,16.0,25903.0
2026-07-30T19:02:20.984Z,310.467,310.482,0.0,7.4,0.0,0.0,0.0,0.0,0.0,0.0,0.0,0.0,1.0,0.0,0.0,0.0,9.0,4.0,0.0,0.0,0.0,0.0,0.0,0.0,0.0,0.0,2.0,12.0,1.0,12.15,5.01,2.51,1.5,0.0,0.0,0.0,134.5,0.0,-0.9,1.2000000000000002,-1.3,-169.70000000000002,0.0,0.0,169.8,0.0,21.4,29.1,29.0,30.0,300.0,300.0,31.6,35.7,28.9,28.200000000000003,30.1,4.95,1.98,4.97,0.16,0.0,0.0,1027.0,8228.0,0.0,0.0,0.0,0.0,0.0,1.0,0.0,0.0,0.0,0.0,0.0,0.3,0.0,1.4,0.0,0.0,16.0,25903.0
2026-07-30T19:02:20.996Z,310.479,310.494,0.0,7.4,0.0,0.0,0.0,0.0,0.0,0.0,0.0,0.0,1.0,0.0,0.0,0.0,9.0,4.0,0.0,0.0,0.0,0.0,0.0,0.0,0.0,0.0,3.0,12.0,1.0,12.15,5.01,2.51,1.5,0.0,0.0,0.0,134.4,0.0,0.2,0.0,-0.7000000000000001,-169.70000000000002,0.0,0.0,169.70000000000002,0.0,21.4,29.1,29.0,30.0,300.0,300.0,31.6,35.7,28.9,28.200000000000003,30.1,4.96,1.98,4.97,0.16,0.0,0.0,1027.0,8228.0,0.0,0.0,0.0,0.0,0.0,1.0,0.0,0.0,0.0,0.0,0.0,-0.5,0.0,0.6000000000000001,0.0,0.0001,16.0,25903.0
2026-07-30T19:02:21.007Z,310.49,310.50600000000003,0.0,7.4,0.0,0.0,0.0,0.0,0.0,0.0,0.0,0.0,1.0,0.0,0.0,0.0,9.0,4.0,0.0,0.0,0.0,0.0,0.0,0.0,0.0,0.0,4.0,12.0,1.0,12.15,5.01,2.51,1.5,0.0,0.0,0.0,134.3,0.0,0.2,-0.5,-0.8,-169.70000000000002,0.0,0.0,169.60000000000002,0.0,21.4,29.1,29.0,30.0,300.0,300.0,31.6,35.7,28.9,28.200000000000003,30.1,4.95,1.99,4.96,0.16,0.0,0.0,1027.0,8228.0,0.0,0.0,0.0,0.0,0.0,1.0,0.0,0.0,0.0,0.0,0.0,-1.2000000000000002,0.0,0.6000000000000001,0.0,0.0,16.0,25903.0
2026-07-30T19:02:21.020Z,310.503,310.51800000000003,0.0,7.4,0.0,0.0,0.0,0.0,0.0,0.0,0.0,0.0,1.0,0.0,0.0,0.0,9.0,4.0,0.0,0.0,0.0,0.0,0.0,0.0,0.0,0.0,6.0,12.0,1.0,12.15,5.01,2.51,1.5,0.0,0.0,0.0,134.1,0.0,0.8,1.1,0.8,-169.70000000000002,0.0,0.0,169.70000000000002,0.0,21.4,29.1,29.0,30.0,300.0,300.0,31.6,35.7,28.9,28.200000000000003,30.1,4.95,1.99,4.96,0.16,0.0,0.0,1027.0,8228.0,0.0,0.0,0.0,0.0,0.0,1.0,0.0,0.0,0.0,0.0,0.0,2.0,0.0,-0.5,0.0,0.0001,16.0,25903.0
2026-07-30T19:02:21.031Z,310.514,310.53000000000003,0.0,7.4,0.0,0.0,0.0,0.0,0.0,0.0,0.0,0.0,1.0,0.0,0.0,0.0,9.0,4.0,0.0,0.0,0.0,0.0,0.0,0.0,0.0,0.0,1.0,12.0,1.0,12.15,5.01,2.51,1.5,0.0,0.0,0.0,134.1,0.0,0.7000000000000001,0.5,0.8,-169.70000000000002,0.0,0.0,169.8,0.0,21.4,29.1,29.0,30.0,300.0,300.0,31.6,35.7,28.9,28.200000000000003,30.1,4.95,1.99,4.96,0.16,0.0,0.0,1027.0,8228.0,0.0,0.0,0.0,0.0,0.0,1.0,0.0,0.0,0.0,0.0,0.0,1.3,0.0,-0.6000000000000001,0.0,0.0,16.0,25903.0
2026-07-30T19:02:21.044Z,310.527,310.54200000000003,0.0,7.4,0.0,0.0,0.0,0.0,0.0,0.0,0.0,0.0,1.0,0.0,0.0,0.0,9.0,4.0,0.0,0.0,0.0,0.0,0.0,0.0,0.0,0.0,3.0,12.0,1.0,12.15,5.01,2.51,1.5,0.0,0.0,0.0,133.9,0.0,0.2,0.0,-0.8,-169.70000000000002,0.0,0.0,169.8,0.0,21.4,29.1,29.0,30.0,300.0,300.0,31.6,35.7,28.9,28.200000000000003,30.1,4.95,1.99,4.96,0.15,0.0,0.0,1027.0,8228.0,0.0,0.0,0.0,0.0,0.0,1.0,0.0,0.0,0.0,0.0,0.0,-0.6000000000000001,0.0,0.7000000000000001,0.0,0.0,16.0,25903.0
2026-07-30T19:02:21.056Z,310.539,310.55400000000003,0.0,7.4,0.0,0.0,0.0,0.0,0.0,0.0,0.0,0.0,1.0,0.0,0.0,0.0,9.0,4.0,0.0,0.0,0.0,0.0,0.0,0.0,0.0,0.0,4.0,12.0,1.0,12.15,5.01,2.51,1.5,0.0,0.0,0.0,133.8,0.0,-0.3,-1.1,-0.2,-169.70000000000002,0.0,0.0,169.8,0.0,21.4,29.1,29.0,30.0,300.0,300.0,31.6,35.7,28.9,28.200000000000003,30.1,4.95,1.99,4.97,0.15,0.0,0.0,1027.0,8228.0,0.0,0.0,0.0,0.0,0.0,1.0,0.0,0.0,0.0,0.0,0.0,-1.5,0.0,0.0,0.0,0.0,16.0,25903.0
2026-07-30T19:02:21.067Z,310.55,310.56600000000003,0.0,7.4,0.0,0.0,0.0,0.0,0.0,0.0,0.0,0.0,1.0,0.0,0.0,0.0,9.0,4.0,0.0,0.0,0.0,0.0,0.0,0.0,0.0,0.0,6.0,12.0,1.0,12.15,5.01,2.51,1.5,0.0,0.0,0.0,133.70000000000002,0.0,0.2,0.5,-0.2,-169.70000000000002,0.0,0.0,169.8,0.0,21.4,29.1,29.0,30.0,300.0,300.0,31.6,35.7,28.9,28.200000000000003,30.1,4.95,1.99,4.96,0.16,0.0,0.0,1027.0,8228.0,0.0,0.0,0.0,0.0,0.0,1.0,0.0,0.0,0.0,0.0,0.0,0.4,0.0,0.3,0.0,0.0,16.0,25903.0
2026-07-30T19:02:21.079Z,310.562,310.57800000000003,0.0,7.4,0.0,0.0,0.0,0.0,0.0,0.0,0.0,0.0,1.0,0.0,0.0,0.0,9.0,4.0,0.0,0.0,0.0,0.0,0.0,0.0,0.0,0.0,2.0,12.0,1.0,12.17,5.0200000000000005,2.5,1.49,0.0,0.0,0.0,133.6,0.0,0.8,0.6000000000000001,-0.2,-169.70000000000002,0.0,0.0,169.70000000000002,0.0,21.0,29.1,29.0,30.0,300.0,300.0,31.6,35.800000000000004,29.0,28.1,30.1,4.96,2.0,4.96,0.16,0.0,0.0,1027.0,8228.0,0.0,0.0,0.0,0.0,0.0,1.0,0.0,0.0,0.0,0.0,0.0,0.4,0.0,0.3,0.0,0.0,16.0,25903.0
2026-07-30T19:02:21.092Z,310.575,310.59000000000003,0.0,7.4,0.0,0.0,0.0,0.0,0.0,0.0,0.0,0.0,1.0,0.0,0.0,0.0,9.0,4.0,0.0,0.0,0.0,0.0,0.0,0.0,0.0,0.0,3.0,12.0,1.0,12.17,5.0200000000000005,2.5,1.49,0.0,0.0,0.0,133.5,0.0,0.2,0.6000000000000001,-0.2,-169.70000000000002,0.0,0.0,169.8,0.0,21.0,29.1,29.0,30.0,300.0,300.0,31.6,35.800000000000004,29.0,28.1,30.1,4.95,2.0,4.96,0.16,0.0,0.0,1027.0,8228.0,0.0,0.0,0.0,0.0,0.0,1.0,0.0,0.0,0.0,0.0,0.0,0.4,0.0,0.3,0.0,0.0001,16.0,25903.0
2026-07-30T19:02:21.104Z,310.587,310.60200000000003,0.0,7.4,0.0,0.0,0.0,0.0,0.0,0.0,0.0,0.0,1.0,0.0,0.0,0.0,9.0,4.0,0.0,0.0,0.0,0.0,0.0,0.0,0.0,0.0,4.0,12.0,1.0,12.17,5.0200000000000005,2.5,1.49,0.0,0.0,0.0,133.4,0.0,-0.3,-0.6000000000000001,-0.8,-169.70000000000002,0.0,0.0,169.8,0.0,21.0,29.1,29.0,30.0,300.0,300.0,31.6,35.800000000000004,29.0,28.1,30.1,4.95,1.99,4.97,0.16,0.0,0.0,1027.0,8228.0,0.0,0.0,0.0,0.0,0.0,1.0,0.0,0.0,0.0,0.0,0.0,-1.3,0.0,0.6000000000000001,0.0,0.0,16.0,25903.0
2026-07-30T19:02:21.115Z,310.598,310.61400000000003,0.0,7.4,0.0,0.0,0.0,0.0,0.0,0.0,0.0,0.0,1.0,0.0,0.0,0.0,9.0,4.0,0.0,0.0,0.0,0.0,0.0,0.0,0.0,0.0,5.0,12.0,1.0,12.17,5.0200000000000005,2.5,1.49,0.0,0.0,0.0,133.3,0.0,-0.3,0.0,-0.2,-169.70000000000002,0.0,0.0,169.8,0.0,21.0,29.1,29.0,30.0,300.0,300.0,31.6,35.800000000000004,29.0,28.1,30.1,4.95,1.99,4.96,0.16,0.0,0.0,1027.0,8228.0,0.0,0.0,0.0,0.0,0.0,1.0,0.0,0.0,0.0,0.0,0.0,-0.2,0.0,0.2,0.0,0.0,16.0,25903.0
2026-07-30T19:02:21.127Z,310.61,310.62600000000003,0.0,7.4,0.0,0.0,0.0,0.0,0.0,0.0,0.0,0.0,1.0,0.0,0.0,0.0,9.0,4.0,0.0,0.0,0.0,0.0,0.0,0.0,0.0,0.0,6.0,12.0,1.0,12.17,5.0200000000000005,2.5,1.49,0.0,0.0,0.0,133.20000000000002,0.0,0.2,-0.6000000000000001,-1.4,-169.70000000000002,0.0,0.0,169.8,0.0,21.0,29.1,29.0,30.0,300.0,300.0,31.6,35.800000000000004,29.0,28.1,30.1,4.96,1.99,4.96,0.16,0.0,0.0,1027.0,8228.0,0.0,0.0,0.0,0.0,0.0,1.0,0.0,0.0,0.0,0.0,0.0,-1.8,0.0,1.1,0.0,0.0,16.0,25903.0
2026-07-30T19:02:21.139Z,310.622,310.63800000000003,0.0,7.4,0.0,0.0,0.0,0.0,0.0,0.0,0.0,0.0,1.0,0.0,0.0,0.0,9.0,4.0,0.0,0.0,0.0,0.0,0.0,0.0,0.0,0.0,1.0,12.0,1.0,12.17,5.0200000000000005,2.5,1.49,0.0,0.1,0.0,133.1,0.0,-0.3,0.4,-0.2,-169.70000000000002,0.0,0.0,169.8,0.0,21.0,29.1,29.0,30.0,300.0,300.0,31.6,35.800000000000004,29.0,28.1,30.1,4.95,1.99,4.97,0.16,0.0,0.0,1027.0,8228.0,0.0,0.0,0.0,0.0,0.0,1.0,0.0,0.0,0.0,0.0,0.0,0.3,0.0,0.3,0.0,0.0,16.0,25903.0
2026-07-30T19:02:21.152Z,310.635,310.65000000000003,0.0,7.4,0.0,0.0,0.0,0.0,0.0,0.0,0.0,0.0,1.0,0.0,0.0,0.0,9.0,4.0,0.0,0.0,0.0,0.0,0.0,0.0,0.0,0.0,3.0,12.0,1.0,12.17,5.0200000000000005,2.5,1.49,0.0,0.0,0.0,132.9,0.0,-0.3,-0.6000000000000001,0.8,-169.70000000000002,0.0,0.0,169.8,0.0,21.0,29.1,29.0,30.0,300.0,300.0,31.6,35.800000000000004,29.0,28.1,30.1,4.96,2.0,4.96,0.16,0.0,0.0,1027.0,8228.0,0.0,0.0,0.0,0.0,0.0,1.0,0.0,0.0,0.0,0.0,0.0,-0.1,0.0,-0.8,0.0,0.0,16.0,25903.0
2026-07-30T19:02:21.164Z,310.647,310.66200000000003,0.0,7.4,0.0,0.0,0.0,0.0,0.0,0.0,0.0,0.0,1.0,0.0,0.0,0.0,9.0,4.0,0.0,0.0,0.0,0.0,0.0,0.0,0.0,0.0,4.0,12.0,1.0,12.17,5.0200000000000005,2.5,1.49,0.0,0.1,0.0,132.9,0.0,-0.9,0.0,-0.9,-169.70000000000002,0.0,0.0,169.70000000000002,0.0,21.0,29.1,29.0,30.0,300.0,300.0,31.6,35.800000000000004,29.0,28.1,30.1,4.96,1.99,4.97,0.16,0.0,0.0,1027.0,8228.0,0.0,0.0,0.0,0.0,0.0,1.0,0.0,0.0,0.0,0.0,0.0,-0.7000000000000001,0.0,0.7000000000000001,0.0,0.0,16.0,25903.0
2026-07-30T19:02:21.176Z,310.659,310.674,0.0,7.4,0.0,0.0,0.0,0.0,0.0,0.0,0.0,0.0,1.0,0.0,0.0,0.0,9.0,4.0,0.0,0.0,0.0,0.0,0.0,0.0,0.0,0.0,6.0,12.0,1.0,12.17,5.0200000000000005,2.5,1.49,0.0,0.0,0.0,132.8,0.0,-0.8,-0.6000000000000001,0.2,-169.70000000000002,0.0,0.0,169.8,0.0,21.0,29.1,29.0,30.0,300.0,300.0,31.6,35.800000000000004,29.0,28.1,30.1,4.96,1.99,4.97,0.16,0.0,0.0,1027.0,8228.0,0.0,0.0,0.0,0.0,0.0,1.0,0.0,0.0,0.0,0.0,0.0,-0.5,0.0,-0.3,0.0,0.0,16.0,25903.0
2026-07-30T19:02:21.188Z,310.671,310.686,0.0,7.4,0.0,0.0,0.0,0.0,0.0,0.0,0.0,0.0,1.0,0.0,0.0,0.0,9.0,4.0,0.0,0.0,0.0,0.0,0.0,0.0,0.0,0.0,1.0,12.0,1.0,12.18,5.0200000000000005,2.51,1.49,0.0,0.0,0.0,132.70000000000002,0.0,-0.2,-1.2000000000000002,-1.5,-169.70000000000002,0.0,0.0,169.8,0.0,21.3,29.1,29.0,30.0,300.0,300.0,31.6,35.7,29.0,28.200000000000003,30.1,4.95,1.99,4.97,0.16,0.0,0.0,1027.0,8228.0,0.0,0.0,0.0,0.0,0.0,1.0,0.0,0.0,0.0,0.0,0.0,-2.5,0.0,1.0,0.0,0.0,16.0,25903.0
2026-07-30T19:02:21.200Z,310.683,310.698,0.0,7.4,0.0,0.0,0.0,0.0,0.0,0.0,0.0,0.0,1.0,0.0,0.0,0.0,9.0,4.0,0.0,0.0,0.0,0.0,0.0,0.0,0.0,0.0,3.0,12.0,1.0,12.18,5.0200000000000005,2.51,1.49,0.0,0.0,0.0,132.6,0.0,0.2,-0.6000000000000001,-0.3,-169.70000000000002,0.0,0.0,169.70000000000002,0.0,21.3,29.1,29.0,30.0,300.0,300.0,31.6,35.7,29.0,28.200000000000003,30.1,4.96,2.0,4.96,0.16,0.0,0.0,1027.0,8228.0,0.0,0.0,0.0,0.0,0.0,1.0,0.0,0.0,0.0,0.0,0.0,-0.9,0.0,0.1,0.0,0.0,16.0,25903.0
2026-07-30T19:02:21.211Z,310.694,310.71,0.0,7.4,0.0,0.0,0.0,0.0,0.0,0.0,0.0,0.0,1.0,0.0,0.0,0.0,9.0,4.0,0.0,0.0,0.0,0.0,0.0,0.0,0.0,0.0,4.0,12.0,1.0,12.18,5.0200000000000005,2.51,1.49,0.0,0.0,0.0,132.4,0.0,-0.3,0.0,-0.3,-169.70000000000002,0.0,0.0,169.8,0.0,21.3,29.1,29.0,30.0,300.0,300.0,31.6,35.7,29.0,28.200000000000003,30.1,4.96,2.0,4.97,0.16,0.0,0.0,1027.0,8228.0,0.0,0.0,0.0,0.0,0.0,1.0,0.0,0.0,0.0,0.0,0.0,-0.3,0.0,0.2,0.0,0.0,16.0,25903.0
2026-07-30T19:02:21.224Z,310.707,310.722,0.0,7.4,0.0,0.0,0.0,0.0,0.0,0.0,0.0,0.0,1.0,0.0,0.0,0.0,9.0,4.0,0.0,0.0,0.0,0.0,0.0,0.0,0.0,0.0,6.0,12.0,1.0,12.18,5.0200000000000005,2.51,1.49,0.0,0.0,0.0,132.3,0.0,0.2,0.5,-0.2,-169.70000000000002,0.0,0.0,169.8,0.0,21.3,29.1,29.0,30.0,300.0,300.0,31.6,35.7,29.0,28.200000000000003,30.1,4.95,2.0,4.97,0.16,0.0,0.0,1027.0,8228.0,0.0,0.0,0.0,0.0,0.0,1.0,0.0,0.0,0.0,0.0,0.0,0.4,0.0,0.3,0.0,0.0,16.0,25903.0
2026-07-30T19:02:21.236Z,310.719,310.734,0.0,7.4,0.0,0.0,0.0,0.0,0.0,0.0,0.0,0.0,1.0,0.0,0.0,0.0,9.0,4.0,0.0,0.0,0.0,0.0,0.0,0.0,0.0,0.0,2.0,12.0,1.0,12.18,5.0200000000000005,2.51,1.49,0.0,0.0,0.0,132.20000000000002,0.0,0.2,1.1,0.9,-169.70000000000002,0.0,0.0,169.8,0.0,21.3,29.1,29.0,30.0,300.0,300.0,31.6,35.7,29.0,28.200000000000003,30.1,4.96,2.0,4.96,0.16,0.0,0.0,1027.0,8228.0,0.0,0.0,0.0,0.0,0.0,1.0,0.0,0.0,0.0,0.0,0.0,-2.6,0.0,0.3,0.0,0.0,16.0,25903.0
2026-07-30T19:02:21.248Z,310.731,310.746,0.0,7.4,0.0,0.0,0.0,0.0,0.0,0.0,0.0,0.0,1.0,0.0,0.0,0.0,9.0,4.0,0.0,0.0,0.0,0.0,0.0,0.0,0.0,0.0,3.0,12.0,1.0,12.18,5.0200000000000005,2.51,1.49,0.0,0.0,0.0,132.1,0.0,-0.9,-0.5,-0.2,-169.70000000000002,0.0,0.0,169.8,0.0,21.3,29.1,29.0,30.0,300.0,300.0,31.6,35.7,29.0,28.200000000000003,30.1,4.95,2.0,4.96,0.16,0.0,0.0,1027.0,8228.0,0.0,0.0,0.0,0.0,0.0,1.0,0.0,0.0,0.0,0.0,0.0,-1.9,0.0,0.4,0.0,0.0,16.0,25903.0
2026-07-30T19:02:21.260Z,310.743,310.758,0.0,7.4,0.0,0.0,0.0,0.0,0.0,0.0,0.0,0.0,1.0,0.0,0.0,0.0,9.0,4.0,0.0,0.0,0.0,0.0,0.0,0.0,0.0,0.0,4.0,12.0,1.0,12.18,5.0200000000000005,2.51,1.49,0.0,0.0,0.0,132.0,0.0,0.3,0.0,-0.2,-169.70000000000002,0.0,0.0,169.8,0.0,21.3,29.1,29.0,30.0,300.0,300.0,31.6,35.7,29.0,28.200000000000003,30.1,4.95,1.99,4.97,0.16,0.0,0.0,1027.0,8228.0,0.0,0.0,0.0,0.0,0.0,1.0,0.0,0.0,0.0,0.0,0.0,-1.0,0.0,1.2000000000000002,0.0,0.0,16.0,25903.0
2026-07-30T19:02:21.272Z,310.755,310.77,0.0,7.4,0.0,0.0,0.0,0.0,0.0,0.0,0.0,0.0,1.0,0.0,0.0,0.0,9.0,4.0,0.0,0.0,0.0,0.0,0.0,0.0,0.0,0.0,6.0,12.0,1.0,12.18,5.0200000000000005,2.51,1.49,0.0,0.0,0.0,131.9,0.0,0.8,0.5,-0.1,-169.70000000000002,0.0,0.0,169.8,0.0,21.3,29.1,29.0,30.0,300.0,300.0,31.6,35.7,29.0,28.200000000000003,30.1,4.96,1.99,4.97,0.16,0.0,0.0,1027.0,8228.0,0.0,0.0,0.0,0.0,0.0,1.0,0.0,0.0,0.0,0.0,0.0,0.7000000000000001,0.0,-0.8,0.0,0.0,16.0,25903.0
2026-07-30T19:02:21.284Z,310.767,310.782,0.0,7.4,0.0,0.0,0.0,0.0,0.0,0.0,0.0,0.0,1.0,0.0,0.0,0.0,9.0,4.0,0.0,0.0,0.0,0.0,0.0,0.0,0.0,0.0,2.0,12.0,1.0,12.18,5.01,2.51,1.49,0.0,0.0,0.0,131.8,0.0,-0.2,0.6000000000000001,-0.7000000000000001,-169.70000000000002,0.0,0.0,169.8,0.0,21.4,29.1,29.0,30.0,300.0,300.0,31.5,35.7,29.0,28.1,30.0,4.96,1.99,4.96,0.16,0.0,0.0,1027.0,8228.0,0.0,0.0,0.0,0.0,0.0,1.0,0.0,0.0,0.0,0.0,0.0,0.1,0.0,0.7000000000000001,0.0,0.0,16.0,25903.0
2026-07-30T19:02:21.296Z,310.779,310.794,0.0,7.4,0.0,0.0,0.0,0.0,0.0,0.0,0.0,0.0,1.0,0.0,0.0,0.0,9.0,4.0,0.0,0.0,0.0,0.0,0.0,0.0,0.0,0.0,3.0,12.0,1.0,12.18,5.01,2.51,1.49,0.0,0.0,0.0,131.70000000000002,0.0,-0.2,-0.5,0.4,-169.70000000000002,0.0,0.0,169.8,0.0,21.4,29.1,29.0,30.0,300.0,300.0,31.5,35.7,29.0,28.1,30.0,4.95,2.0,4.97,0.16,0.0,0.0,1027.0,8228.0,0.0,0.0,0.0,0.0,0.0,1.0,0.0,0.0,0.0,0.0,0.0,-0.2,0.0,-0.5,0.0,0.0,16.0,25903.0
2026-07-30T19:02:21.308Z,310.791,310.806,0.0,7.4,0.0,0.0,0.0,0.0,0.0,0.0,0.0,0.0,1.0,0.0,0.0,0.0,9.0,4.0,0.0,0.0,0.0,0.0,0.0,0.0,0.0,0.0,4.0,12.0,1.0,12.18,5.01,2.51,1.49,0.0,0.1,0.0,132.1,0.0,-0.7000000000000001,0.0,0.4,-169.70000000000002,0.0,0.0,169.8,0.0,21.4,29.1,29.0,30.0,300.0,300.0,31.5,35.7,29.0,28.1,30.0,4.95,2.0,4.97,0.16,0.0,0.0,1027.0,8228.0,0.0,0.0,0.0,0.0,0.0,1.0,0.0,0.0,0.0,0.0,0.0,0.3,0.0,-0.4,0.0,0.0,16.0,25903.0
2026-07-30T19:02:21.319Z,310.802,310.818,0.0,7.4,0.0,0.0,0.0,0.0,0.0,0.0,0.0,0.0,1.0,0.0,0.0,0.0,9.0,4.0,0.0,0.0,0.0,0.0,0.0,0.0,0.0,0.0,5.0,12.0,1.0,12.18,5.01,2.51,1.49,0.0,0.0,0.0,132.20000000000002,0.0,-0.1,0.0,0.0,-169.70000000000002,0.0,0.0,169.8,0.0,21.4,29.1,29.0,30.0,300.0,300.0,31.5,35.7,29.0,28.1,30.0,4.96,2.0,4.97,0.16,0.0,0.0,1027.0,8228.0,0.0,0.0,0.0,0.0,0.0,1.0,0.0,0.0,0.0,0.0,0.0,0.0,0.0,0.0,0.0,0.0,16.0,25903.0
2026-07-30T19:02:21.332Z,310.815,310.83,0.0,7.4,0.0,0.0,0.0,0.0,0.0,0.0,0.0,0.0,1.0,0.0,0.0,0.0,9.0,4.0,0.0,0.0,0.0,0.0,0.0,0.0,0.0,0.0,1.0,12.0,1.0,12.18,5.01,2.51,1.49,0.0,0.0,0.0,132.3,0.0,-0.2,-0.6000000000000001,1.0,-169.70000000000002,0.0,0.0,169.8,0.0,21.4,29.1,29.0,30.0,300.0,300.0,31.5,35.7,29.0,28.1,30.0,4.96,2.0,4.97,0.16,0.0,0.0,1027.0,8228.0,0.0,0.0,0.0,0.0,0.0,1.0,0.0,0.0,0.0,0.0,0.0,-1.2000000000000002,0.0,0.4,0.0,0.0,16.0,25903.0
2026-07-30T19:02:21.344Z,310.827,310.842,0.0,7.4,0.0,0.0,0.0,0.0,0.0,0.0,0.0,0.0,1.0,0.0,0.0,0.0,9.0,4.0,0.0,0.0,0.0,0.0,0.0,0.0,0.0,0.0,2.0,12.0,1.0,12.18,5.01,2.51,1.49,0.0,0.0,0.0,132.6,0.0,-0.2,0.0,-0.6000000000000001,-169.70000000000002,0.0,0.0,169.8,0.0,21.4,29.1,29.0,30.0,300.0,300.0,31.5,35.7,29.0,28.1,30.0,4.95,1.99,4.97,0.16,0.0,0.0,1027.0,8228.0,0.0,0.0,0.0,0.0,0.0,1.0,0.0,0.0,0.0,0.0,0.0,1.1,0.0,-1.4,0.0,0.0,16.0,25903.0
2026-07-30T19:02:21.356Z,310.839,310.854,0.0,7.4,0.0,0.0,0.0,0.0,0.0,0.0,0.0,0.0,1.0,0.0,0.0,0.0,9.0,4.0,0.0,0.0,0.0,0.0,0.0,0.0,0.0,0.0,3.0,12.0,1.0,12.18,5.01,2.51,1.49,0.0,0.1,0.0,132.70000000000002,0.0,-0.2,0.5,1.1,-169.70000000000002,0.0,0.0,169.8,0.0,21.4,29.1,29.0,30.0,300.0,300.0,31.5,35.7,29.0,28.1,30.0,4.95,1.99,4.96,0.16,0.0,0.0,1027.0,8228.0,0.0,0.0,0.0,0.0,0.0,1.0,0.0,0.0,0.0,0.0,0.0,-1.5,0.0,0.9,0.0,0.0,16.0,25903.0
2026-07-30T19:02:21.368Z,310.851,310.866,0.0,7.4,0.0,0.0,0.0,0.0,0.0,0.0,0.0,0.0,1.0,0.0,0.0,0.0,9.0,4.0,0.0,0.0,0.0,0.0,0.0,0.0,0.0,0.0,5.0,12.0,1.0,12.18,5.01,2.51,1.49,0.0,0.0,0.0,132.9,0.0,-0.2,-0.5,-1.3,-169.70000000000002,0.0,0.0,169.8,0.0,21.4,29.1,29.0,30.0,300.0,300.0,31.5,35.7,29.0,28.1,30.0,4.96,1.99,4.96,0.16,0.0,0.0,1027.0,8228.0,0.0,0.0,0.0,0.0,0.0,1.0,0.0,0.0,0.0,0.0,0.0,2.1,0.0,-0.6000000000000001,0.0,0.0,16.0,25903.0
2026-07-30T19:02:21.379Z,310.862,310.878,0.0,7.4,0.0,0.0,0.0,0.0,0.0,0.0,0.0,0.0,1.0,0.0,0.0,0.0,9.0,4.0,0.0,0.0,0.0,0.0,0.0,0.0,0.0,0.0,6.0,12.0,1.0,12.18,5.01,2.51,1.49,0.0,0.0,0.0,133.1,0.0,-0.8,-0.6000000000000001,-0.1,-169.70000000000002,0.0,0.0,169.8,0.0,21.4,29.1,29.0,30.0,300.0,300.0,31.5,35.7,29.0,28.1,30.0,4.95,1.99,4.96,0.16,0.0,0.0,1027.0,8228.0,0.0,0.0,0.0,0.0,0.0,1.0,0.0,0.0,0.0,0.0,0.0,-2.3000000000000003,0.0,0.9,0.0,0.0,16.0,25903.0
2026-07-30T19:02:21.392Z,310.875,310.89,0.0,7.4,0.0,0.0,0.0,0.0,0.0,0.0,0.0,0.0,1.0,0.0,0.0,0.0,9.0,4.0,0.0,0.0,0.0,0.0,0.0,0.0,0.0,0.0,2.0,12.0,1.0,12.15,5.01,2.5,1.5,0.0,0.0,0.0,133.3,0.0,0.3,0.5,1.0,-169.70000000000002,0.0,0.0,169.8,0.0,21.4,29.1,29.0,30.0,300.0,300.0,31.6,35.800000000000004,29.0,28.200000000000003,30.1,4.96,1.99,4.96,0.16,0.0,0.0,1027.0,8228.0,0.0,0.0,0.0,0.0,0.0,1.0,0.0,0.0,0.0,0.0,0.0,-0.3,0.0,-0.4,0.0,0.0,16.0,25903.0
2026-07-30T19:02:21.404Z,310.887,310.902,0.0,7.4,0.0,0.0,0.0,0.0,0.0,0.0,0.0,0.0,1.0,0.0,0.0,0.0,9.0,4.0,0.0,0.0,0.0,0.0,0.0,0.0,0.0,0.0,3.0,12.0,1.0,12.15,5.01,2.5,1.5,0.0,0.0,0.0,133.5,0.0,0.3,0.0,1.0,-169.70000000000002,0.0,0.0,169.8,0.0,21.4,29.1,29.0,30.0,300.0,300.0,31.6,35.800000000000004,29.0,28.200000000000003,30.1,4.96,2.0,4.96,0.16,0.0,0.0,1027.0,8228.0,0.0,0.0,0.0,0.0,0.0,1.0,0.0,0.0,0.0,0.0,0.0,0.8,0.0,-0.8,0.0,0.0,16.0,25903.0
2026-07-30T19:02:21.415Z,310.898,310.914,0.0,7.4,0.0,0.0,0.0,0.0,0.0,0.0,0.0,0.0,1.0,0.0,0.0,0.0,9.0,4.0,0.0,0.0,0.0,0.0,0.0,0.0,0.0,0.0,4.0,12.0,1.0,12.15,5.01,2.5,1.5,0.0,0.0,0.0,133.6,0.0,0.9,0.6000000000000001,-0.1,-169.70000000000002,0.0,0.0,169.70000000000002,0.0,21.4,29.1,29.0,30.0,300.0,300.0,31.6,35.800000000000004,29.0,28.200000000000003,30.1,4.96,1.99,4.96,0.16,0.0,0.0,1027.0,8228.0,0.0,0.0,0.0,0.0,0.0,1.0,0.0,0.0,0.0,0.0,0.0,0.5,0.0,0.2,0.0,0.0,16.0,25903.0
2026-07-30T19:02:21.428Z,310.911,310.926,0.0,7.4,0.0,0.0,0.0,0.0,0.0,0.0,0.0,0.0,1.0,0.0,0.0,0.0,9.0,4.0,0.0,0.0,0.0,0.0,0.0,0.0,0.0,0.0,6.0,12.0,1.0,12.15,5.01,2.5,1.5,-0.1,0.1,0.0,133.8,0.0,0.3,1.1,0.9,-169.70000000000002,0.0,0.0,169.70000000000002,0.0,21.4,29.1,29.0,30.0,300.0,300.0,31.6,35.800000000000004,29.0,28.200000000000003,30.1,4.95,1.99,4.97,0.16,0.0,0.0,1027.0,8228.0,0.0,0.0,0.0,0.0,0.0,1.0,0.0,0.0,0.0,0.0,0.0,2.0,0.0,-0.6000000000000001,0.0,0.0,16.0,25903.0
2026-07-30T19:02:21.440Z,310.923,310.938,0.0,7.4,0.0,0.0,0.0,0.0,0.0,0.0,0.0,0.0,1.0,0.0,0.0,0.0,9.0,4.0,0.0,0.0,0.0,0.0,0.0,0.0,0.0,0.0,1.0,12.0,1.0,12.15,5.01,2.5,1.5,0.0,0.0,0.0,134.0,0.0,0.3,-1.1,-0.1,-169.70000000000002,0.0,0.0,169.60000000000002,0.0,21.4,29.1,29.0,30.0,300.0,300.0,31.6,35.800000000000004,29.0,28.200000000000003,30.1,4.96,1.99,4.96,0.16,0.0,0.0,1027.0,8228.0,0.0,0.0,0.0,0.0,0.0,1.0,0.0,0.0,0.0,0.0,0.0,-1.4,0.0,0.0,0.0,0.0001,16.0,25903.0
2026-07-30T19:02:21.451Z,310.934,310.95,0.0,7.4,0.0,0.0,0.0,0.0,0.0,0.0,0.0,0.0,1.0,0.0,0.0,0.0,9.0,4.0,0.0,0.0,0.0,0.0,0.0,0.0,0.0,0.0,2.0,12.0,1.0,12.15,5.01,2.5,1.5,0.0,0.0,0.0,134.20000000000002,0.0,-0.8,-0.5,-0.7000000000000001,-169.70000000000002,0.0,0.0,169.70000000000002,0.0,21.4,29.1,29.0,30.0,300.0,300.0,31.6,35.800000000000004,29.0,28.200000000000003,30.1,4.96,1.99,4.97,0.16,0.0,0.0,1027.0,8228.0,0.0,0.0,0.0,0.0,0.0,1.0,0.0,0.0,0.0,0.0,0.0,-1.2000000000000002,0.0,0.5,0.0,0.0,16.0,25903.0
2026-07-30T19:02:21.464Z,310.947,310.962,0.0,7.4,0.0,0.0,0.0,0.0,0.0,0.0,0.0,0.0,1.0,0.0,0.0,0.0,9.0,4.0,0.0,0.0,0.0,0.0,0.0,0.0,0.0,0.0,3.0,12.0,1.0,12.15,5.01,2.5,1.5,0.0,0.0,0.0,134.3,0.0,0.3,0.0,0.3,-169.70000000000002,0.0,0.0,169.70000000000002,0.0,21.4,29.1,29.0,30.0,300.0,300.0,31.6,35.800000000000004,29.0,28.200000000000003,30.1,4.95,2.0,4.97,0.16,0.0,0.0,1027.0,8228.0,0.0,0.0,0.0,0.0,0.0,1.0,0.0,0.0,0.0,0.0,0.0,0.2,0.0,-0.3,0.0,0.0,16.0,25903.0
2026-07-30T19:02:21.476Z,310.959,310.974,0.0,7.4,0.0,0.0,0.0,0.0,0.0,0.0,0.0,0.0,1.0,0.0,0.0,0.0,9.0,4.0,0.0,0.0,0.0,0.0,0.0,0.0,0.0,0.0,5.0,12.0,1.0,12.15,5.01,2.5,1.5,0.0,0.0,0.0,134.5,0.0,-0.8,-1.1,-0.1,-169.70000000000002,0.0,0.0,169.8,0.0,21.4,29.1,29.0,30.0,300.0,300.0,31.6,35.800000000000004,29.0,28.200000000000003,30.1,4.95,2.0,4.96,0.16,0.0,0.0,1027.0,8228.0,0.0,0.0,0.0,0.0,0.0,1.0,0.0,0.0,0.0,0.0,0.0,-1.4,0.0,0.0,0.0,0.0,16.0,25903.0
2026-07-30T19:02:21.488Z,310.971,310.986,0.0,7.4,0.0,0.0,0.0,0.0,0.0,0.0,0.0,0.0,1.0,0.0,0.0,0.0,9.0,4.0,0.0,0.0,0.0,0.0,0.0,0.0,0.0,0.0,6.0,12.0,1.0,12.15,5.0200000000000005,2.51,1.49,0.0,0.0,0.0,134.8,0.0,0.3,0.0,1.0,-169.70000000000002,0.0,0.0,169.8,0.0,21.9,29.1,29.0,30.0,300.0,300.0,31.6,35.800000000000004,29.0,28.1,30.1,4.96,2.0,4.96,0.16,0.0,0.0,1027.0,8228.0,0.0,0.0,0.0,0.0,0.0,1.0,0.0,0.0,0.0,0.0,0.0,0.7000000000000001,0.0,-0.8,0.0,0.0001,16.0,25903.0
2026-07-30T19:02:21.500Z,310.983,310.998,0.0,7.4,0.0,0.0,0.0,0.0,0.0,0.0,0.0,0.0,1.0,0.0,0.0,0.0,9.0,4.0,0.0,0.0,0.0,0.0,0.0,0.0,0.0,0.0,2.0,12.0,1.0,12.15,5.0200000000000005,2.51,1.49,0.0,0.0,0.0,134.9,0.0,-0.2,0.0,-1.3,-169.70000000000002,0.0,0.0,169.60000000000002,0.0,21.9,29.1,29.0,30.0,300.0,300.0,31.6,35.800000000000004,29.0,28.1,30.1,4.96,1.99,4.97,0.16,0.0,0.0,1027.0,8228.0,0.0,0.0,0.0,0.0,0.0,1.0,0.0,0.0,0.0,0.0,0.0,-0.9,0.0,1.1,0.0,0.0,16.0,25903.0
2026-07-30T19:02:21.512Z,310.995,311.01,0.0,7.4,0.0,0.0,0.0,0.0,0.0,0.0,0.0,0.0,1.0,0.0,0.0,0.0,9.0,4.0,0.0,0.0,0.0,0.0,0.0,0.0,0.0,0.0,3.0,12.0,1.0,12.15,5.0200000000000005,2.51,1.49,0.0,0.0,0.0,135.0,0.0,-0.1,-0.5,-0.1,-169.70000000000002,0.0,0.0,169.70000000000002,0.0,21.9,29.1,29.0,30.0,300.0,300.0,31.6,35.800000000000004,29.0,28.1,30.1,4.95,1.99,4.97,0.16,0.0,0.0,1027.0,8228.0,0.0,0.0,0.0,0.0,0.0,1.0,0.0,0.0,0.0,0.0,0.0,-0.6000000000000001,0.0,0.0,0.0,0.0,16.0,25903.0
2026-07-30T19:02:21.523Z,311.006,311.022,0.0,7.4,0.0,0.0,0.0,0.0,0.0,0.0,0.0,0.0,1.0,0.0,0.0,0.0,9.0,4.0,0.0,0.0,0.0,0.0,0.0,0.0,0.0,0.0,4.0,12.0,1.0,12.15,5.0200000000000005,2.51,1.49,0.0,0.0,0.0,135.20000000000002,0.0,-0.7000000000000001,0.0,0.0,-169.70000000000002,0.0,0.0,169.8,0.0,21.9,29.1,29.0,30.0,300.0,300.0,31.6,35.800000000000004,29.0,28.1,30.1,4.96,1.99,4.96,0.16,0.0,0.0,1027.0,8228.0,0.0,0.0,0.0,0.0,0.0,1.0,0.0,0.0,0.0,0.0,0.0,0.0,0.0,0.0,0.0,0.0,16.0,25903.0
2026-07-30T19:02:21.536Z,311.019,311.034,0.0,7.4,0.0,0.0,0.0,0.0,0.0,0.0,0.0,0.0,1.0,0.0,0.0,0.0,9.0,4.0,0.0,0.0,0.0,0.0,0.0,0.0,0.0,0.0,6.0,12.0,1.0,12.15,5.0200000000000005,2.51,1.49,0.0,0.0,0.0,135.4,0.0,0.3,0.0,0.4,-169.70000000000002,0.0,0.0,169.70000000000002,0.0,21.9,29.1,29.0,30.0,300.0,300.0,31.6,35.800000000000004,29.0,28.1,30.1,4.95,2.0,4.97,0.16,0.0,0.0,1027.0,8228.0,0.0,0.0,0.0,0.0,0.0,1.0,0.0,0.0,0.0,0.0,0.0,0.3,0.0,-0.4,0.0,0.0001,16.0,25903.0
2026-07-30T19:02:21.547Z,311.03,311.046,0.0,7.4,0.0,0.0,0.0,0.0,0.0,0.0,0.0,0.0,1.0,0.0,0.0,0.0,9.0,4.0,0.0,0.0,0.0,0.0,0.0,0.0,0.0,0.0,1.0,12.0,1.0,12.15,5.0200000000000005,2.51,1.49,0.0,0.0,0.0,135.3,0.0,-0.2,-0.5,0.0,-169.70000000000002,0.0,0.0,169.8,0.0,21.9,29.1,29.0,30.0,300.0,300.0,31.6,35.800000000000004,29.0,28.1,30.1,4.95,1.98,4.96,0.16,0.0,0.0,1027.0,8228.0,0.0,0.0,0.0,0.0,0.0,1.0,0.0,0.0,0.0,0.0,0.0,-0.7000000000000001,0.0,0.0,0.0,0.0,16.0,25903.0
2026-07-30T19:02:21.560Z,311.043,311.058,0.0,7.4,0.0,0.0,0.0,0.0,0.0,0.0,0.0,0.0,1.0,0.0,0.0,0.0,9.0,4.0,0.0,0.0,0.0,0.0,0.0,0.0,0.0,0.0,3.0,12.0,1.0,12.15,5.0200000000000005,2.51,1.49,0.0,0.1,0.0,135.3,0.0,-0.2,0.0,-0.6000000000000001,-169.70000000000002,0.0,0.0,169.70000000000002,0.0,21.9,29.1,29.0,30.0,300.0,300.0,31.6,35.800000000000004,29.0,28.1,30.1,4.96,2.0,4.96,0.16,0.0,0.0,1027.0,8228.0,0.0,0.0,0.0,0.0,0.0,1.0,0.0,0.0,0.0,0.0,0.0,-0.4,0.0,0.5,0.0,0.0,16.0,25903.0
2026-07-30T19:02:21.572Z,311.055,311.07,0.0,7.4,0.0,0.0,0.0,0.0,0.0,0.0,0.0,0.0,1.0,0.0,0.0,0.0,9.0,4.0,0.0,0.0,0.0,0.0,0.0,0.0,0.0,0.0,4.0,12.0,1.0,12.15,5.0200000000000005,2.51,1.49,0.0,0.0,0.0,135.1,0.0,-1.4,-0.5,-1.2000000000000002,-169.70000000000002,0.0,0.0,169.70000000000002,0.0,21.9,29.1,29.0,30.0,300.0,300.0,31.6,35.800000000000004,29.0,28.1,30.1,4.96,2.0,4.96,0.16,0.0,0.0,1027.0,8228.0,0.0,0.0,0.0,0.0,0.0,1.0,0.0,0.0,0.0,0.0,0.0,-1.5,0.0,0.9,0.0,0.0,16.0,25903.0
2026-07-30T19:02:21.583Z,311.066,311.082,0.0,7.4,0.0,0.0,0.0,0.0,0.0,0.0,0.0,0.0,1.0,0.0,0.0,0.0,9.0,4.0,0.0,0.0,0.0,0.0,0.0,0.0,0.0,0.0,5.0,12.0,1.0,12.15,5.0200000000000005,2.51,1.49,0.0,0.0,0.0,135.0,0.0,-0.2,-1.1,0.0,-169.70000000000002,0.0,0.0,169.70000000000002,0.0,21.9,29.1,29.0,30.0,300.0,300.0,31.6,35.800000000000004,29.0,28.1,30.1,4.95,1.99,4.97,0.16,0.0,0.0,1027.0,8228.0,0.0,0.0,0.0,0.0,0.0,1.0,0.0,0.0,0.0,0.0,0.0,-1.3,0.0,-0.2,0.0,0.0,16.0,25903.0
2026-07-30T19:02:21.596Z,311.079,311.094,0.0,7.4,0.0,0.0,0.0,0.0,0.0,0.0,0.0,0.0,1.0,0.0,0.0,0.0,9.0,4.0,0.0,0.0,0.0,0.0,0.0,0.0,0.0,0.0,6.0,12.0,1.0,12.19,5.0200000000000005,2.51,1.49,0.0,0.0,0.0,134.9,0.0,-0.2,0.0,0.5,-169.70000000000002,0.0,0.0,169.70000000000002,0.0,21.3,29.1,29.0,30.0,300.0,300.0,31.6,35.7,29.0,28.1,30.1,4.95,1.99,4.96,0.16,0.0,0.0,1027.0,8228.0,0.0,0.0,0.0,0.0,0.0,1.0,0.0,0.0,0.0,0.0,0.0,0.3,0.0,-0.4,0.0,0.0,16.0,25903.0
2026-07-30T19:02:21.608Z,311.091,311.106,0.0,7.4,0.0,0.0,0.0,0.0,0.0,0.0,0.0,0.0,1.0,0.0,0.0,0.0,9.0,4.0,0.0,0.0,0.0,0.0,0.0,0.0,0.0,0.0,2.0,12.0,1.0,12.19,5.0200000000000005,2.51,1.49,0.0,0.0,0.0,134.8,0.0,0.2,1.1,1.6,-169.70000000000002,0.0,0.0,169.60000000000002,0.0,21.3,29.1,29.0,30.0,300.0,300.0,31.6,35.7,29.0,28.1,30.1,4.96,2.0,4.96,0.16,0.0,0.0,1027.0,8228.0,0.0,0.0,0.0,0.0,0.0,1.0,0.0,0.0,0.0,0.0,0.0,2.5,0.0,-1.2000000000000002,0.0,0.0,16.0,25903.0
2026-07-30T19:02:21.620Z,311.103,311.118,0.0,7.4,0.0,0.0,0.0,0.0,0.0,0.0,0.0,0.0,1.0,0.0,0.0,0.0,9.0,4.0,0.0,0.0,0.0,0.0,0.0,0.0,0.0,0.0,3.0,12.0,1.0,12.19,5.0200000000000005,2.51,1.49,0.0,0.0,0.0,134.70000000000002,0.0,-0.2,-0.6000000000000001,-1.2000000000000002,-169.70000000000002,0.0,0.0,169.60000000000002,0.0,21.3,29.1,29.0,30.0,300.0,300.0,31.6,35.7,29.0,28.1,30.1,4.95,2.0,4.97,0.16,0.0,0.0,1027.0,8228.0,0.0,0.0,0.0,0.0,0.0,1.0,0.0,0.0,0.0,0.0,0.0,-1.6,0.0,0.9,0.0,0.0,16.0,25903.0
2026-07-30T19:02:21.632Z,311.115,311.13,0.0,7.4,0.0,0.0,0.0,0.0,0.0,0.0,0.0,0.0,1.0,0.0,0.0,0.0,9.0,4.0,0.0,0.0,0.0,0.0,0.0,0.0,0.0,0.0,5.0,12.0,1.0,12.19,5.0200000000000005,2.51,1.49,0.0,0.0,0.0,134.6,0.0,0.2,0.5,0.4,-169.70000000000002,0.0,0.0,169.60000000000002,0.0,21.3,29.1,29.0,30.0,300.0,300.0,31.6,35.7,29.0,28.1,30.1,4.95,2.0,4.96,0.16,0.0,0.0,1027.0,8228.0,0.0,0.0,0.0,0.0,0.0,1.0,0.0,0.0,0.0,0.0,0.0,0.9,0.0,-0.3,0.0,0.0,16.0,25903.0
2026-07-30T19:02:21.644Z,311.127,311.142,0.0,7.4,0.0,0.0,0.0,0.0,0.0,0.0,0.0,0.0,1.0,0.0,0.0,0.0,9.0,4.0,0.0,0.0,0.0,0.0,0.0,0.0,0.0,0.0,6.0,12.0,1.0,12.19,5.0200000000000005,2.51,1.49,0.0,0.0,0.0,134.6,0.0,0.2,0.4,-1.3,-169.70000000000002,0.0,0.0,169.60000000000002,0.0,21.3,29.1,29.0,30.0,300.0,300.0,31.6,35.7,29.0,28.1,30.1,4.95,2.0,4.97,0.16,0.0,0.0,1027.0,8228.0,0.0,0.0,0.0,0.0,0.0,1.0,0.0,0.0,0.0,0.0,0.0,-0.4,0.0,1.2000000000000002,0.0,0.0,16.0,25903.0
2026-07-30T19:02:21.655Z,311.138,311.154,0.0,7.4,0.0,0.0,0.0,0.0,0.0,0.0,0.0,0.0,1.0,0.0,0.0,0.0,9.0,4.0,0.0,0.0,0.0,0.0,0.0,0.0,0.0,0.0,1.0,12.0,1.0,12.19,5.0200000000000005,2.51,1.49,0.0,0.0,0.0,134.4,0.0,-0.8,1.0,0.9,-169.70000000000002,0.0,0.0,169.70000000000002,0.0,21.3,29.1,29.0,30.0,300.0,300.0,31.6,35.7,29.0,28.1,30.1,4.96,1.99,4.97,0.16,0.0,0.0,1027.0,8228.0,0.0,0.0,0.0,0.0,0.0,1.0,0.0,0.0,0.0,0.0,0.0,1.9,0.0,-0.6000000000000001,0.0,0.0,16.0,25903.0
2026-07-30T19:02:21.668Z,311.151,311.166,0.0,7.4,0.0,0.0,0.0,0.0,0.0,0.0,0.0,0.0,1.0,0.0,0.0,0.0,9.0,4.0,0.0,0.0,0.0,0.0,0.0,0.0,0.0,0.0,3.0,12.0,1.0,12.19,5.0200000000000005,2.51,1.49,0.0,0.0,0.0,134.3,0.0,0.2,-1.2000000000000002,-0.8,-169.70000000000002,0.0,0.0,169.8,0.0,21.3,29.1,29.0,30.0,300.0,300.0,31.6,35.7,29.0,28.1,30.1,4.95,1.99,4.97,0.16,0.0,0.0,1027.0,8228.0,0.0,0.0,0.0,0.0,0.0,1.0,0.0,0.0,0.0,0.0,0.0,-2.0,0.0,0.4,0.0,0.0,16.0,25903.0
2026-07-30T19:02:21.680Z,311.163,311.178,0.0,7.4,0.0,0.0,0.0,0.0,0.0,0.0,0.0,0.0,1.0,0.0,0.0,0.0,9.0,4.0,0.0,0.0,0.0,0.0,0.0,0.0,0.0,0.0,4.0,12.0,1.0,12.19,5.0200000000000005,2.51,1.49,0.0,0.0,0.0,134.20000000000002,0.0,0.8,-0.1,1.5,-169.70000000000002,0.0,0.0,169.8,0.0,21.3,29.1,29.0,30.0,300.0,300.0,31.6,35.7,29.0,28.1,30.1,4.95,1.99,4.97,0.16,0.0,0.0,1027.0,8228.0,0.0,0.0,0.0,0.0,0.0,1.0,0.0,0.0,0.0,0.0,0.0,0.9,0.0,-1.3,0.0,0.0,16.0,25903.0
2026-07-30T19:02:21.692Z,311.175,311.19,0.0,7.4,0.0,0.0,0.0,0.0,0.0,0.0,0.0,0.0,1.0,0.0,0.0,0.0,9.0,4.0,0.0,0.0,0.0,0.0,0.0,0.0,0.0,0.0,5.0,12.0,1.0,12.19,5.01,2.51,1.49,0.0,0.0,0.0,134.0,0.0,2.0,1.6,1.5,-169.70000000000002,0.0,0.0,169.70000000000002,0.0,21.4,29.1,29.0,30.0,300.0,300.0,31.6,35.7,29.0,28.1,30.1,4.95,1.99,4.96,0.16,0.0,0.0,1027.0,8228.0,0.0,0.0,0.0,0.0,0.0,1.0,0.0,0.0,0.0,0.0,0.0,2.9000000000000004,0.0,-1.0,0.0,0.0001,16.0,25903.0
2026-07-30T19:02:21.704Z,311.187,311.202,0.0,7.4,0.0,0.0,0.0,0.0,0.0,0.0,0.0,0.0,1.0,0.0,0.0,0.0,9.0,4.0,0.0,0.0,0.0,0.0,0.0,0.0,0.0,0.0,6.0,12.0,1.0,12.19,5.01,2.51,1.49,0.0,0.0,0.0,134.0,0.0,-0.3,1.0,0.9,-169.70000000000002,0.0,0.0,169.70000000000002,0.0,21.4,29.1,29.0,30.0,300.0,300.0,31.6,35.7,29.0,28.1,30.1,4.95,1.99,4.96,0.17,0.0,0.0,1027.0,8228.0,0.0,0.0,0.0,0.0,0.0,1.0,0.0,0.0,0.0,0.0,0.0,1.8,0.0,-0.6000000000000001,0.0,0.0001,16.0,25903.0
2026-07-30T19:02:21.715Z,311.198,311.214,0.0,7.4,0.0,0.0,0.0,0.0,0.0,0.0,0.0,0.0,1.0,0.0,0.0,0.0,9.0,4.0,0.0,0.0,0.0,0.0,0.0,0.0,0.0,0.0,1.0,12.0,1.0,12.19,5.01,2.51,1.49,0.0,0.0,0.0,133.8,0.0,0.2,-0.1,1.5,-169.70000000000002,0.0,0.0,169.8,0.0,21.4,29.1,29.0,30.0,300.0,300.0,31.6,35.7,29.0,28.1,30.1,4.96,1.99,4.96,0.16,0.0,0.0,1027.0,8228.0,0.0,0.0,0.0,0.0,0.0,1.0,0.0,0.0,0.0,0.0,0.0,0.9,0.0,-1.3,0.0,0.0,16.0,25903.0
2026-07-30T19:02:21.728Z,311.211,311.226,0.0,7.4,0.0,0.0,0.0,0.0,0.0,0.0,0.0,0.0,1.0,0.0,0.0,0.0,9.0,4.0,0.0,0.0,0.0,0.0,0.0,0.0,0.0,0.0,2.0,12.0,1.0,12.19,5.01,2.51,1.49,0.0,0.0,0.0,133.70000000000002,0.0,-0.3,-0.6000000000000001,0.9,-169.70000000000002,0.0,0.0,169.70000000000002,0.0,21.4,29.1,29.0,30.0,300.0,300.0,31.6,35.7,29.0,28.1,30.1,4.95,2.0,4.96,0.16,0.0,0.0,1027.0,8228.0,0.0,0.0,0.0,0.0,0.0,1.0,0.0,0.0,0.0,0.0,0.0,0.0,0.0,-0.9,0.0,0.0,16.0,25903.0
2026-07-30T19:02:21.740Z,311.223,311.238,0.0,7.4,0.0,0.0,0.0,0.0,0.0,0.0,0.0,0.0,1.0,0.0,0.0,0.0,9.0,4.0,0.0,0.0,0.0,0.0,0.0,0.0,0.0,0.0,4.0,12.0,1.0,12.19,5.01,2.51,1.49,0.0,0.0,0.0,133.6,0.0,0.2,0.4,-0.8,-169.70000000000002,0.0,0.0,169.70000000000002,0.0,21.4,29.1,29.0,30.0,300.0,300.0,31.6,35.7,29.0,28.1,30.1,4.95,1.99,4.97,0.16,0.0,0.0,1027.0,8228.0,0.0,0.0,0.0,0.0,0.0,1.0,0.0,0.0,0.0,0.0,0.0,-0.1,0.0,0.8,0.0,0.0001,16.0,25903.0
2026-07-30T19:02:21.752Z,311.235,311.25,0.0,7.4,0.0,0.0,0.0,0.0,0.0,0.0,0.0,0.0,1.0,0.0,0.0,0.0,9.0,4.0,0.0,0.0,0.0,0.0,0.0,0.0,0.0,0.0,5.0,12.0,1.0,12.19,5.01,2.51,1.49,0.0,0.0,0.0,133.6,0.0,0.2,0.4,0.3,-169.70000000000002,0.0,0.0,169.8,0.0,21.4,29.1,29.0,30.0,300.0,300.0,31.6,35.7,29.0,28.1,30.1,4.96,2.0,4.97,0.16,0.0,0.0,1027.0,8228.0,0.0,0.0,0.0,0.0,0.0,1.0,0.0,0.0,0.0,0.0,0.0,-2.2,0.0,1.6,0.0,0.0,16.0,25903.0
2026-07-30T19:02:21.764Z,311.247,311.262,0.0,7.4,0.0,0.0,0.0,0.0,0.0,0.0,0.0,0.0,1.0,0.0,0.0,0.0,9.0,4.0,0.0,0.0,0.0,0.0,0.0,0.0,0.0,0.0,1.0,12.0,1.0,12.19,5.01,2.51,1.49,0.0,0.0,0.0,133.4,0.0,-0.3,0.0,-0.2,-169.70000000000002,0.0,0.0,169.8,0.0,21.4,29.1,29.0,30.0,300.0,300.0,31.6,35.7,29.0,28.1,30.1,4.96,2.0,4.96,0.16,0.0,0.0,1027.0,8228.0,0.0,0.0,0.0,0.0,0.0,1.0,0.0,0.0,0.0,0.0,0.0,0.5,0.0,-0.8,0.0,0.0,16.0,25903.0
2026-07-30T19:02:21.776Z,311.259,311.274,0.0,7.4,0.0,0.0,0.0,0.0,0.0,0.0,0.0,0.0,1.0,0.0,0.0,0.0,9.0,4.0,0.0,0.0,0.0,0.0,0.0,0.0,0.0,0.0,2.0,12.0,1.0,12.19,5.01,2.51,1.49,0.0,0.0,0.0,133.3,0.0,0.2,-1.2000000000000002,-0.2,-169.70000000000002,0.0,0.0,169.8,0.0,21.4,29.1,29.0,30.0,300.0,300.0,31.6,35.7,29.0,28.1,30.1,4.95,1.99,4.97,0.16,0.0,0.0,1027.0,8228.0,0.0,0.0,0.0,0.0,0.0,1.0,0.0,0.0,0.0,0.0,0.0,-0.3,0.0,0.1,0.0,0.0,16.0,25903.0
2026-07-30T19:02:21.788Z,311.271,311.286,0.0,7.4,0.0,0.0,0.0,0.0,0.0,0.0,0.0,0.0,1.0,0.0,0.0,0.0,9.0,4.0,0.0,0.0,0.0,0.0,0.0,0.0,0.0,0.0,3.0,12.0,1.0,12.19,5.01,2.51,1.49,0.0,0.0,0.0,133.20000000000002,0.0,-0.3,-0.1,0.9,-169.70000000000002,0.0,0.0,169.70000000000002,0.0,21.4,29.1,29.0,30.0,300.0,300.0,31.6,35.7,29.0,28.1,30.1,4.95,1.99,4.96,0.16,0.0,0.0,1027.0,8228.0,0.0,0.0,0.0,0.0,0.0,1.0,0.0,0.0,0.0,0.0,0.0,0.5,0.0,-0.8,0.0,0.0,16.0,25903.0
2026-07-30T19:02:21.800Z,311.283,311.298,0.0,7.4,0.0,0.0,0.0,0.0,0.0,0.0,0.0,0.0,1.0,0.0,0.0,0.0,9.0,4.0,0.0,0.0,0.0,0.0,0.0,0.0,0.0,0.0,4.0,12.0,1.0,12.18,5.01,2.5,1.49,0.0,0.0,0.0,133.1,0.0,0.2,-0.1,-1.9,-169.70000000000002,0.0,0.0,169.8,0.0,21.0,29.0,29.0,30.0,300.0,300.0,31.700000000000003,35.7,29.0,28.200000000000003,30.1,4.96,1.99,4.96,0.16,0.0,0.0,1027.0,8228.0,0.0,0.0,0.0,0.0,0.0,1.0,0.0,0.0,0.0,0.0,0.0,2.5,0.0,-0.5,0.0,0.0,16.0,25903.0
2026-07-30T19:02:21.812Z,311.295,311.31,0.0,7.4,0.0,0.0,0.0,0.0,0.0,0.0,0.0,0.0,1.0,0.0,0.0,0.0,9.0,4.0,0.0,0.0,0.0,0.0,0.0,0.0,0.0,0.0,5.0,12.0,1.0,12.18,5.01,2.5,1.49,0.0,0.0,0.0,133.0,0.0,-0.8,-0.7000000000000001,0.4,-169.70000000000002,0.0,0.0,169.8,0.0,21.0,29.0,29.0,30.0,300.0,300.0,31.700000000000003,35.7,29.0,28.200000000000003,30.1,4.95,1.99,4.96,0.17,0.0,0.0,1027.0,8228.0,0.0,0.0,0.0,0.0,0.0,1.0,0.0,0.0,0.0,0.0,0.0,-0.9,0.0,0.0,0.0,0.0,16.0,25903.0
2026-07-30T19:02:21.824Z,311.307,311.322,0.0,7.4,0.0,0.0,0.0,0.0,0.0,0.0,0.0,0.0,1.0,0.0,0.0,0.0,9.0,4.0,0.0,0.0,0.0,0.0,0.0,0.0,0.0,0.0,1.0,12.0,1.0,12.18,5.01,2.5,1.49,0.0,0.0,0.0,132.9,0.0,1.4,-0.7000000000000001,-0.1,-169.70000000000002,0.0,0.0,169.8,0.0,21.0,29.0,29.0,30.0,300.0,300.0,31.700000000000003,35.7,29.0,28.200000000000003,30.1,4.95,1.99,4.97,0.17,0.0,0.0,1027.0,8228.0,0.0,0.0,0.0,0.0,0.0,1.0,0.0,0.0,0.0,0.0,0.0,-0.9,0.0,0.0,0.0,0.0,16.0,25903.0
2026-07-30T19:02:21.836Z,311.319,311.334,0.0,7.4,0.0,0.0,0.0,0.0,0.0,0.0,0.0,0.0,1.0,0.0,0.0,0.0,9.0,4.0,0.0,0.0,0.0,0.0,0.0,0.0,0.0,0.0,2.0,12.0,1.0,12.18,5.01,2.5,1.49,0.0,0.0,0.0,132.70000000000002,0.0,0.3,-0.7000000000000001,-0.7000000000000001,-169.70000000000002,0.0,0.0,169.8,0.0,21.0,29.0,29.0,30.0,300.0,300.0,31.700000000000003,35.7,29.0,28.200000000000003,30.1,4.95,1.99,4.96,0.16,0.0,0.0,1027.0,8228.0,0.0,0.0,0.0,0.0,0.0,1.0,0.0,0.0,0.0,0.0,0.0,1.7000000000000002,0.0,-1.3,0.0,0.0,16.0,25903.0
2026-07-30T19:02:21.848Z,311.331,311.346,0.0,7.4,0.0,0.0,0.0,0.0,0.0,0.0,0.0,0.0,1.0,0.0,0.0,0.0,9.0,4.0,0.0,0.0,0.0,0.0,0.0,0.0,0.0,0.0,3.0,12.0,1.0,12.18,5.01,2.5,1.49,0.0,0.0,0.0,132.70000000000002,0.0,0.3,0.4,0.9,-169.70000000000002,0.0,0.0,169.70000000000002,0.0,21.0,29.0,29.0,30.0,300.0,300.0,31.700000000000003,35.7,29.0,28.200000000000003,30.1,4.96,1.99,4.96,0.16,0.0,0.0,1027.0,8228.0,0.0,0.0,0.0,0.0,0.0,1.0,0.0,0.0,0.0,0.0,0.0,0.0,0.0,0.7000000000000001,0.0,0.0,16.0,25903.0
2026-07-30T19:02:21.859Z,311.342,311.358,0.0,7.4,0.0,0.0,0.0,0.0,0.0,0.0,0.0,0.0,1.0,0.0,0.0,0.0,9.0,4.0,0.0,0.0,0.0,0.0,0.0,0.0,0.0,0.0,5.0,12.0,1.0,12.18,5.01,2.5,1.49,0.0,0.0,0.0,132.6,0.0,-0.8,-0.6000000000000001,-0.2,-169.70000000000002,0.0,0.0,169.8,0.0,21.0,29.0,29.0,30.0,300.0,300.0,31.700000000000003,35.7,29.0,28.200000000000003,30.1,4.95,1.99,4.97,0.16,0.0,0.0,1027.0,8228.0,0.0,0.0,0.0,0.0,0.0,1.0,0.0,0.0,0.0,0.0,0.0,-0.9,0.0,0.0,0.0,0.0001,16.0,25903.0
2026-07-30T19:02:21.872Z,311.355,311.37,0.0,7.4,0.0,0.0,0.0,0.0,0.0,0.0,0.0,0.0,1.0,0.0,0.0,0.0,9.0,4.0,0.0,0.0,0.0,0.0,0.0,0.0,0.0,0.0,6.0,12.0,1.0,12.18,5.01,2.5,1.49,0.0,0.0,0.0,132.5,0.0,-0.8,-0.6000000000000001,-0.2,-169.70000000000002,0.0,0.0,169.60000000000002,0.0,21.0,29.0,29.0,30.0,300.0,300.0,31.700000000000003,35.7,29.0,28.200000000000003,30.1,4.96,1.99,4.96,0.16,0.0,0.0,1027.0,8228.0,0.0,0.0,0.0,0.0,0.0,1.0,0.0,0.0,0.0,0.0,0.0,-0.8,0.0,0.0,0.0,0.0,16.0,25903.0
2026-07-30T19:02:21.884Z,311.367,311.382,0.0,7.4,0.0,0.0,0.0,0.0,0.0,0.0,0.0,0.0,1.0,0.0,0.0,0.0,9.0,4.0,0.0,0.0,0.0,0.0,0.0,0.0,0.0,0.0,1.0,12.0,1.0,12.18,5.01,2.5,1.49,0.0,0.0,0.0,132.3,0.0,1.5,0.5,0.3,-169.70000000000002,0.0,0.0,169.70000000000002,0.0,21.0,29.0,29.0,30.0,300.0,300.0,31.700000000000003,35.7,29.0,28.200000000000003,30.1,4.96,2.0,4.96,0.16,0.0,0.0,1027.0,8228.0,0.0,0.0,0.0,0.0,0.0,1.0,0.0,0.0,0.0,0.0,0.0,0.9,0.0,-0.1,0.0,0.0001,16.0,25903.0
2026-07-30T19:02:21.896Z,311.379,311.394,0.0,7.4,0.0,0.0,0.0,0.0,0.0,0.0,0.0,0.0,1.0,0.0,0.0,0.0,9.0,4.0,0.0,0.0,0.0,0.0,0.0,0.0,0.0,0.0,2.0,12.0,1.0,12.17,5.0200000000000005,2.51,1.49,0.0,0.0,0.0,132.3,0.0,0.3,0.6000000000000001,-0.2,-169.70000000000002,0.0,0.0,169.70000000000002,0.0,21.8,29.0,29.0,30.0,300.0,300.0,31.6,35.7,28.9,28.200000000000003,30.1,4.95,1.99,4.96,0.16,0.0,0.0,1027.0,8228.0,0.0,0.0,0.0,0.0,0.0,1.0,0.0,0.0,0.0,0.0,0.0,0.5,0.0,0.3,0.0,0.0,16.0,25903.0
2026-07-30T19:02:21.908Z,311.391,311.406,0.0,7.4,0.0,0.0,0.0,0.0,0.0,0.0,0.0,0.0,1.0,0.0,0.0,0.0,9.0,4.0,0.0,0.0,0.0,0.0,0.0,0.0,0.0,0.0,3.0,12.0,1.0,12.17,5.0200000000000005,2.51,1.49,0.0,0.0,0.0,132.1,0.0,-0.2,-0.5,0.9,-169.70000000000002,0.0,0.0,169.70000000000002,0.0,21.8,29.0,29.0,30.0,300.0,300.0,31.6,35.7,28.9,28.200000000000003,30.1,4.95,1.99,4.97,0.16,0.0,0.0,1027.0,8228.0,0.0,0.0,0.0,0.0,0.0,1.0,0.0,0.0,0.0,0.0,0.0,0.1,0.0,-0.9,0.0,0.0,16.0,25903.0
2026-07-30T19:02:21.920Z,311.403,311.418,0.0,7.4,0.0,0.0,0.0,0.0,0.0,0.0,0.0,0.0,1.0,0.0,0.0,0.0,9.0,4.0,0.0,0.0,0.0,0.0,0.0,0.0,0.0,0.0,4.0,12.0,1.0,12.17,5.0200000000000005,2.51,1.49,0.0,0.0,0.0,132.0,0.0,-0.2,1.2000000000000002,0.9,-169.70000000000002,0.0,0.0,169.70000000000002,0.0,21.8,29.0,29.0,30.0,300.0,300.0,31.6,35.7,28.9,28.200000000000003,30.1,4.96,1.99,4.96,0.16,0.0,0.0,1027.0,8228.0,0.0,0.0,0.0,0.0,0.0,1.0,0.0,0.0,0.0,0.0,0.0,2.1,0.0,-0.5,0.0,0.0,16.0,25903.0
2026-07-30T19:02:21.932Z,311.415,311.43,0.0,7.4,0.0,0.0,0.0,0.0,0.0,0.0,0.0,0.0,1.0,0.0,0.0,0.0,9.0,4.0,0.0,0.0,0.0,0.0,0.0,0.0,0.0,0.0,5.0,12.0,1.0,12.17,5.0200000000000005,2.51,1.49,0.0,0.0,0.0,131.8,0.0,-0.2,0.6000000000000001,0.4,-169.70000000000002,0.0,0.0,169.70000000000002,0.0,21.8,29.0,29.0,30.0,300.0,300.0,31.6,35.7,28.9,28.200000000000003,30.1,4.96,1.99,4.97,0.16,0.0,0.0,1027.0,8228.0,0.0,0.0,0.0,0.0,0.0,1.0,0.0,0.0,0.0,0.0,0.0,1.0,0.0,-0.2,0.0,0.0,16.0,25903.0
2026-07-30T19:02:21.943Z,311.426,311.442,0.0,7.4,0.0,0.0,0.0,0.0,0.0,0.0,0.0,0.0,1.0,0.0,0.0,0.0,9.0,4.0,0.0,0.0,0.0,0.0,0.0,0.0,0.0,0.0,6.0,12.0,1.0,12.17,5.0200000000000005,2.51,1.49,0.0,0.0,0.0,131.8,0.0,0.9,0.0,0.4,-169.70000000000002,0.0,0.0,169.8,0.0,21.8,29.0,29.0,30.0,300.0,300.0,31.6,35.7,28.9,28.200000000000003,30.1,4.95,1.99,4.97,0.16,0.0,0.0,1027.0,8228.0,0.0,0.0,0.0,0.0,0.0,1.0,0.0,0.0,0.0,0.0,0.0,0.4,0.0,-0.3,0.0,0.0,16.0,25903.0
2026-07-30T19:02:21.955Z,311.438,311.454,0.0,7.4,0.0,0.0,0.0,0.0,0.0,0.0,0.0,0.0,1.0,0.0,0.0,0.0,9.0,4.0,0.0,0.0,0.0,0.0,0.0,0.0,0.0,0.0,1.0,12.0,1.0,12.17,5.0200000000000005,2.51,1.49,0.0,0.0,0.0,131.70000000000002,0.0,-0.1,0.0,0.4,-169.70000000000002,0.0,0.0,169.70000000000002,0.0,21.8,29.0,29.0,30.0,300.0,300.0,31.6,35.7,28.9,28.200000000000003,30.1,4.96,1.99,4.96,0.16,0.0,0.0,1027.0,8228.0,0.0,0.0,0.0,0.0,0.0,1.0,0.0,0.0,0.0,0.0,0.0,0.4,0.0,-0.3,0.0,0.0,16.0,25903.0
2026-07-30T19:02:21.967Z,311.45,311.466,0.0,7.4,0.0,0.0,0.0,0.0,0.0,0.0,0.0,0.0,1.0,0.0,0.0,0.0,9.0,4.0,0.0,0.0,0.0,0.0,0.0,0.0,0.0,0.0,3.0,12.0,1.0,12.17,5.0200000000000005,2.51,1.49,0.0,0.0,0.0,131.6,0.0,-0.7000000000000001,0.1,-0.6000000000000001,-169.70000000000002,0.0,0.0,169.60000000000002,0.0,21.8,29.0,29.0,30.0,300.0,300.0,31.6,35.7,28.9,28.200000000000003,30.1,4.96,1.99,4.96,0.16,0.0,0.0,1027.0,8228.0,0.0,0.0,0.0,0.0,0.0,1.0,0.0,0.0,0.0,0.0,0.0,-0.3,0.0,0.6000000000000001,0.0,0.0,16.0,25903.0
2026-07-30T19:02:21.980Z,311.463,311.478,0.0,7.4,0.0,0.0,0.0,0.0,0.0,0.0,0.0,0.0,1.0,0.0,0.0,0.0,9.0,4.0,0.0,0.0,0.0,0.0,0.0,0.0,0.0,0.0,4.0,12.0,1.0,12.17,5.0200000000000005,2.51,1.49,0.0,0.1,0.0,131.6,0.0,-0.7000000000000001,1.3,-0.1,-169.70000000000002,0.0,0.0,169.70000000000002,0.0,21.8,29.0,29.0,30.0,300.0,300.0,31.6,35.7,28.9,28.200000000000003,30.1,4.96,1.99,4.97,0.16,0.0,0.0,1027.0,8228.0,0.0,0.0,0.0,0.0,0.0,1.0,0.0,0.0,0.0,0.0,0.0,1.4,0.0,0.3,0.0,0.0,16.0,25903.0
2026-07-30T19:02:21.992Z,311.475,311.49,0.0,7.4,0.0,0.0,0.0,0.0,0.0,0.0,0.0,0.0,1.0,0.0,0.0,0.0,9.0,4.0,0.0,0.0,0.0,0.0,0.0,0.0,0.0,0.0,5.0,12.0,1.0,12.17,5.0200000000000005,2.51,1.49,0.0,0.0,0.0,131.8,0.0,0.9,1.3,-1.9,-169.70000000000002,0.0,0.0,169.70000000000002,0.0,21.8,29.0,29.0,30.0,300.0,300.0,31.6,35.7,28.9,28.200000000000003,30.1,4.95,2.0,4.97,0.16,0.0,0.0,1027.0,8228.0,0.0,0.0,0.0,0.0,0.0,1.0,0.0,0.0,0.0,0.0,0.0,0.0,0.0,1.9,0.0,0.0,16.0,25903.0
2026-07-30T19:02:22.004Z,311.487,311.502,0.0,7.4,0.0,0.0,0.0,0.0,0.0,0.0,0.0,0.0,1.0,0.0,0.0,0.0,9.0,4.0,0.0,0.0,0.0,0.0,0.0,0.0,0.0,0.0,6.0,12.0,1.0,12.17,5.0200000000000005,2.5,1.49,0.0,0.0,0.0,132.1,0.0,-0.2,-1.0,-0.1,-169.70000000000002,0.0,0.0,169.60000000000002,0.0,21.8,29.0,29.0,30.0,300.0,300.0,31.6,35.800000000000004,29.0,28.200000000000003,30.1,4.95,2.0,4.96,0.16,0.0,0.0,1027.0,8228.0,0.0,0.0,0.0,0.0,0.0,1.0,0.0,0.0,0.0,0.0,0.0,-1.2000000000000002,0.0,0.0,0.0,0.0,16.0,25903.0
2026-07-30T19:02:22.016Z,311.499,311.514,0.0,7.4,0.0,0.0,0.0,0.0,0.0,0.0,0.0,0.0,1.0,0.0,0.0,0.0,9.0,4.0,0.0,0.0,0.0,0.0,0.0,0.0,0.0,0.0,1.0,12.0,1.0,12.17,5.0200000000000005,2.5,1.49,0.0,0.0,0.0,132.20000000000002,0.0,-0.8,0.1,-0.1,-169.70000000000002,0.0,0.0,169.70000000000002,0.0,21.8,29.0,29.0,30.0,300.0,300.0,31.6,35.800000000000004,29.0,28.200000000000003,30.1,4.95,1.99,4.97,0.16,0.0,0.0,1027.0,8228.0,0.0,0.0,0.0,0.0,0.0,1.0,0.0,0.0,0.0,0.0,0.0,0.1,0.0,0.1,0.0,0.0,16.0,25903.0
2026-07-30T19:02:22.028Z,311.511,311.526,0.0,7.4,0.0,0.0,0.0,0.0,0.0,0.0,0.0,0.0,1.0,0.0,0.0,0.0,9.0,4.0,0.0,0.0,0.0,0.0,0.0,0.0,0.0,0.0,2.0,12.0,1.0,12.17,5.0200000000000005,2.5,1.49,0.0,0.0,0.0,132.3,0.0,-0.2,-0.3,1.0,-169.70000000000002,0.0,0.0,169.70000000000002,0.0,21.8,29.0,29.0,30.0,300.0,300.0,31.6,35.800000000000004,29.0,28.200000000000003,30.1,4.95,1.99,4.97,0.16,0.0,0.0,1027.0,8228.0,0.0,0.0,0.0,0.0,0.0,1.0,0.0,0.0,0.0,0.0,0.0,0.3,0.0,-1.0,0.0,0.0,16.0,25903.0
2026-07-30T19:02:22.040Z,311.523,311.538,0.0,7.4,0.0,0.0,0.0,0.0,0.0,0.0,0.0,0.0,1.0,0.0,0.0,0.0,9.0,4.0,0.0,0.0,0.0,0.0,0.0,0.0,0.0,0.0,3.0,12.0,1.0,12.17,5.0200000000000005,2.5,1.49,0.0,0.0,0.0,132.6,0.0,0.9,-0.4,-0.1,-169.70000000000002,0.0,0.0,169.60000000000002,0.0,21.8,29.0,29.0,30.0,300.0,300.0,31.6,35.800000000000004,29.0,28.200000000000003,30.1,4.96,2.0,4.97,0.16,0.0,0.0,1027.0,8228.0,0.0,0.0,0.0,0.0,0.0,1.0,0.0,0.0,0.0,0.0,0.0,-0.5,0.0,0.0,0.0,0.0,16.0,25903.0
2026-07-30T19:02:22.052Z,311.535,311.55,0.0,7.4,0.0,0.0,0.0,0.0,0.0,0.0,0.0,0.0,1.0,0.0,0.0,0.0,9.0,4.0,0.0,0.0,0.0,0.0,0.0,0.0,0.0,0.0,5.0,12.0,1.0,12.17,5.0200000000000005,2.5,1.49,0.0,0.0,0.0,132.70000000000002,0.0,0.3,-0.4,-0.7000000000000001,-169.70000000000002,0.0,0.0,169.8,0.0,21.8,29.0,29.0,30.0,300.0,300.0,31.6,35.800000000000004,29.0,28.200000000000003,30.1,4.96,2.0,4.96,0.16,0.0,0.0,1027.0,8228.0,0.0,0.0,0.0,0.0,0.0,1.0,0.0,0.0,0.0,0.0,0.0,-1.1,0.0,0.5,0.0,0.0,16.0,25903.0
2026-07-30T19:02:22.063Z,311.546,311.562,0.0,7.4,0.0,0.0,0.0,0.0,0.0,0.0,0.0,0.0,1.0,0.0,0.0,0.0,9.0,4.0,0.0,0.0,0.0,0.0,0.0,0.0,0.0,0.0,1.0,12.0,1.0,12.17,5.0200000000000005,2.5,1.49,0.0,0.0,0.0,132.9,0.0,-0.2,-0.4,-0.2,-169.70000000000002,0.0,0.0,169.60000000000002,0.0,21.8,29.0,29.0,30.0,300.0,300.0,31.6,35.800000000000004,29.0,28.200000000000003,30.1,4.96,1.99,4.97,0.16,0.0,0.0,1027.0,8228.0,0.0,0.0,0.0,0.0,0.0,1.0,0.0,0.0,0.0,0.0,0.0,-0.7000000000000001,0.0,0.0,0.0,0.0,16.0,25903.0
2026-07-30T19:02:22.076Z,311.559,311.574,0.0,7.4,0.0,0.0,0.0,0.0,0.0,0.0,0.0,0.0,1.0,0.0,0.0,0.0,9.0,4.0,0.0,0.0,0.0,0.0,0.0,0.0,0.0,0.0,1.0,12.0,1.0,12.17,5.0200000000000005,2.5,1.49,0.0,0.1,0.0,133.1,0.0,0.3,0.6000000000000001,-0.2,-169.70000000000002,0.0,0.0,169.70000000000002,0.0,21.8,29.0,29.0,30.0,300.0,300.0,31.6,35.800000000000004,29.0,28.200000000000003,30.1,4.96,2.0,4.96,0.16,0.0,0.0,1027.0,8228.0,0.0,0.0,0.0,0.0,0.0,1.0,0.0,0.0,0.0,0.0,0.0,0.6000000000000001,0.0,0.3,0.0,0.0,16.0,25903.0
2026-07-30T19:02:22.087Z,311.57,311.586,0.0,7.4,0.0,0.0,0.0,0.0,0.0,0.0,0.0,0.0,1.0,0.0,0.0,0.0,9.0,4.0,0.0,0.0,0.0,0.0,0.0,0.0,0.0,0.0,2.0,12.0,1.0,12.17,5.0200000000000005,2.5,1.49,0.0,0.1,0.0,133.3,0.0,-0.8,0.0,-0.7000000000000001,-169.70000000000002,0.0,0.0,169.8,0.0,21.8,29.0,29.0,30.0,300.0,300.0,31.6,35.800000000000004,29.0,28.200000000000003,30.1,4.96,2.0,4.96,0.16,0.0,0.0,1027.0,8228.0,0.0,0.0,0.0,0.0,0.0,1.0,0.0,0.0,0.0,0.0,0.0,-0.4,0.0,0.6000000000000001,0.0,0.0,16.0,25903.0
2026-07-30T19:02:22.100Z,311.583,311.598,0.0,7.4,0.0,0.0,0.0,0.0,0.0,0.0,0.0,0.0,1.0,0.0,0.0,0.0,9.0,4.0,0.0,0.0,0.0,0.0,0.0,0.0,0.0,0.0,3.0,12.0,1.0,12.14,5.0200000000000005,2.51,1.5,0.0,0.0,0.0,133.5,0.0,0.2,0.1,1.5,-169.70000000000002,0.0,0.0,169.8,0.0,21.8,29.0,29.0,30.0,300.0,300.0,31.6,35.7,29.0,28.1,30.1,4.95,2.0,4.97,0.16,0.0,0.0,1027.0,8228.0,0.0,0.0,0.0,0.0,0.0,1.0,0.0,0.0,0.0,0.0,0.0,1.2000000000000002,0.0,-1.3,0.0,0.0,16.0,25903.0
2026-07-30T19:02:22.112Z,311.595,311.61,0.0,7.4,0.0,0.0,0.0,0.0,0.0,0.0,0.0,0.0,1.0,0.0,0.0,0.0,9.0,4.0,0.0,0.0,0.0,0.0,0.0,0.0,0.0,0.0,4.0,12.0,1.0,12.14,5.0200000000000005,2.51,1.5,0.0,0.0,0.0,133.6,0.0,0.2,-0.5,-0.7000000000000001,-169.70000000000002,0.0,0.0,169.8,0.0,21.8,29.0,29.0,30.0,300.0,300.0,31.6,35.7,29.0,28.1,30.1,4.96,1.99,4.97,0.16,0.0,0.0,1027.0,8228.0,0.0,0.0,0.0,0.0,0.0,1.0,0.0,0.0,0.0,0.0,0.0,-1.1,0.0,0.5,0.0,0.0,16.0,25903.0
2026-07-30T19:02:22.124Z,311.607,311.622,0.0,7.4,0.0,0.0,0.0,0.0,0.0,0.0,0.0,0.0,1.0,0.0,0.0,0.0,9.0,4.0,0.0,0.0,0.0,0.0,0.0,0.0,0.0,0.0,5.0,12.0,1.0,12.14,5.0200000000000005,2.51,1.5,0.0,0.0,0.0,133.8,0.0,0.8,0.6000000000000001,-0.1,-169.70000000000002,0.0,0.0,169.60000000000002,0.0,21.8,29.0,29.0,30.0,300.0,300.0,31.6,35.7,29.0,28.1,30.1,4.96,1.99,4.96,0.16,0.0,0.0,1027.0,8228.0,0.0,0.0,0.0,0.0,0.0,1.0,0.0,0.0,0.0,0.0,0.0,0.6000000000000001,0.0,0.2,0.0,0.0001,16.0,25903.0
2026-07-30T19:02:22.136Z,311.619,311.634,0.0,7.4,0.0,0.0,0.0,0.0,0.0,0.0,0.0,0.0,1.0,0.0,0.0,0.0,9.0,4.0,0.0,0.0,0.0,0.0,0.0,0.0,0.0,0.0,6.0,12.0,1.0,12.14,5.0200000000000005,2.51,1.5,0.0,0.0,0.0,134.0,0.0,-0.3,1.2000000000000002,0.9,-169.70000000000002,0.0,0.0,169.70000000000002,0.0,21.8,29.0,29.0,30.0,300.0,300.0,31.6,35.7,29.0,28.1,30.1,4.96,1.99,4.96,0.16,0.0,0.0,1027.0,8228.0,0.0,0.0,0.0,0.0,0.0,1.0,0.0,0.0,0.0,0.0,0.0,2.1,0.0,-0.5,0.0,0.0001,16.0,25903.0
2026-07-30T19:02:22.148Z,311.631,311.646,0.0,7.4,0.0,0.0,0.0,0.0,0.0,0.0,0.0,0.0,1.0,0.0,0.0,0.0,9.0,4.0,0.0,0.0,0.0,0.0,0.0,0.0,0.0,0.0,1.0,12.0,1.0,12.14,5.0200000000000005,2.51,1.5,0.0,0.0,0.0,134.20000000000002,0.0,0.2,-0.4,0.3,-169.70000000000002,0.0,0.0,169.70000000000002,0.0,21.8,29.0,29.0,30.0,300.0,300.0,31.6,35.7,29.0,28.1,30.1,4.95,1.99,4.97,0.16,0.0,0.0,1027.0,8228.0,0.0,0.0,0.0,0.0,0.0,1.0,0.0,0.0,0.0,0.0,0.0,-0.2,0.0,-0.4,0.0,0.0,16.0,25903.0
2026-07-30T19:02:22.160Z,311.643,311.658,0.0,7.4,0.0,0.0,0.0,0.0,0.0,0.0,0.0,0.0,1.0,0.0,0.0,0.0,9.0,4.0,0.0,0.0,0.0,0.0,0.0,0.0,0.0,0.0,3.0,12.0,1.0,12.14,5.0200000000000005,2.51,1.5,0.0,0.1,0.0,134.3,0.0,-0.9,-1.0,-0.2,-169.70000000000002,0.0,0.0,169.8,0.0,21.8,29.0,29.0,30.0,300.0,300.0,31.6,35.7,29.0,28.1,30.1,4.96,1.99,4.96,0.16,0.0,0.0,1027.0,8228.0,0.0,0.0,0.0,0.0,0.0,1.0,0.0,0.0,0.0,0.0,0.0,-1.4,0.0,0.0,0.0,0.0,16.0,25903.0
2026-07-30T19:02:22.172Z,311.655,311.67,0.0,7.4,0.0,0.0,0.0,0.0,0.0,0.0,0.0,0.0,1.0,0.0,0.0,0.0,9.0,4.0,0.0,0.0,0.0,0.0,0.0,0.0,0.0,0.0,4.0,12.0,1.0,12.14,5.0200000000000005,2.51,1.5,0.0,0.0,0.0,134.6,0.0,0.8,0.6000000000000001,-0.2,-169.70000000000002,0.0,0.0,169.70000000000002,0.0,21.8,29.0,29.0,30.0,300.0,300.0,31.6,35.7,29.0,28.1,30.1,4.96,2.0,4.97,0.16,0.0,0.0,1027.0,8228.0,0.0,0.0,0.0,0.0,0.0,1.0,0.0,0.0,0.0,0.0,0.0,0.5,0.0,0.3,0.0,0.0,16.0,25903.0
2026-07-30T19:02:22.184Z,311.667,311.682,0.0,7.4,0.0,0.0,0.0,0.0,0.0,0.0,0.0,0.0,1.0,0.0,0.0,0.0,9.0,4.0,0.0,0.0,0.0,0.0,0.0,0.0,0.0,0.0,6.0,12.0,1.0,12.14,5.0200000000000005,2.51,1.5,0.0,0.0,0.0,134.70000000000002,0.0,0.2,1.2000000000000002,-0.8,-169.70000000000002,0.0,0.0,169.8,0.0,21.8,29.0,29.0,30.0,300.0,300.0,31.6,35.7,29.0,28.1,30.1,4.95,1.99,4.97,0.16,0.0,0.0,1027.0,8228.0,0.0,0.0,0.0,0.0,0.0,1.0,0.0,0.0,0.0,0.0,0.0,0.7000000000000001,0.0,0.9,0.0,0.0,16.0,25903.0
2026-07-30T19:02:22.196Z,311.679,311.694,0.0,7.4,0.0,0.0,0.0,0.0,0.0,0.0,0.0,0.0,1.0,0.0,0.0,0.0,9.0,4.0,0.0,0.0,0.0,0.0,0.0,0.0,0.0,0.0,1.0,12.0,1.0,12.14,5.0200000000000005,2.51,1.5,0.0,0.0,0.0,134.9,0.0,-0.9,0.0,-0.1,-169.70000000000002,0.0,0.0,169.70000000000002,0.0,21.8,29.0,29.0,30.0,300.0,300.0,31.6,35.7,29.0,28.1,30.1,4.96,1.99,4.96,0.16,0.0,0.0,1027.0,8228.0,0.0,0.0,0.0,0.0,0.0,1.0,0.0,0.0,0.0,0.0,0.0,-0.1,0.0,0.1,0.0,0.0,16.0,25903.0
2026-07-30T19:02:22.208Z,311.691,311.706,0.0,7.4,0.0,0.0,0.0,0.0,0.0,0.0,0.0,0.0,1.0,0.0,0.0,0.0,9.0,4.0,0.0,0.0,0.0,0.0,0.0,0.0,0.0,0.0,2.0,12.0,1.0,12.18,5.0200000000000005,2.51,1.49,0.0,0.1,0.0,135.1,0.0,0.2,0.0,1.0,-169.70000000000002,0.0,0.0,169.60000000000002,0.0,21.3,29.0,29.0,30.0,300.0,300.0,31.700000000000003,35.7,29.0,28.200000000000003,30.0,4.96,1.99,4.96,0.16,0.0,0.0,1027.0,8228.0,0.0,0.0,0.0,0.0,0.0,1.0,0.0,0.0,0.0,0.0,0.0,0.8,0.0,-0.8,0.0,0.0,16.0,25903.0
2026-07-30T19:02:22.220Z,311.703,311.718,0.0,7.4,0.0,0.0,0.0,0.0,0.0,0.0,0.0,0.0,1.0,0.0,0.0,0.0,9.0,4.0,0.0,0.0,0.0,0.0,0.0,0.0,0.0,0.0,4.0,12.0,1.0,12.18,5.0200000000000005,2.51,1.49,0.0,0.0,0.0,135.0,0.0,-0.3,1.1,-0.1,-169.70000000000002,0.0,0.0,169.8,0.0,21.3,29.0,29.0,30.0,300.0,300.0,31.700000000000003,35.7,29.0,28.200000000000003,30.0,4.96,1.99,4.97,0.16,0.0,0.0,1027.0,8228.0,0.0,0.0,0.0,0.0,0.0,1.0,0.0,0.0,0.0,0.0,0.0,1.2000000000000002,0.0,0.4,0.0,0.0001,16.0,25903.0
2026-07-30T19:02:22.232Z,311.715,311.73,0.0,7.4,0.0,0.0,0.0,0.0,0.0,0.0,0.0,0.0,1.0,0.0,0.0,0.0,9.0,4.0,0.0,0.0,0.0,0.0,0.0,0.0,0.0,0.0,5.0,12.0,1.0,12.18,5.0200000000000005,2.51,1.49,0.0,0.0,0.0,134.9,0.0,-0.3,0.6000000000000001,-0.7000000000000001,-169.70000000000002,0.0,0.0,169.60000000000002,0.0,21.3,29.0,29.0,30.0,300.0,300.0,31.700000000000003,35.7,29.0,28.200000000000003,30.0,4.95,1.99,4.97,0.16,0.0,0.0,1027.0,8228.0,0.0,0.0,0.0,0.0,0.0,1.0,0.0,0.0,0.0,0.0,0.0,0.1,0.0,0.8,0.0,0.0,16.0,25903.0
2026-07-30T19:02:22.244Z,311.727,311.742,0.0,7.4,0.0,0.0,0.0,0.0,0.0,0.0,0.0,0.0,1.0,0.0,0.0,0.0,9.0,4.0,0.0,0.0,0.0,0.0,0.0,0.0,0.0,0.0,6.0,12.0,1.0,12.18,5.0200000000000005,2.51,1.49,0.0,0.0,0.0,134.8,0.0,0.8,0.0,0.9,-169.70000000000002,0.0,0.0,169.8,0.0,21.3,29.0,29.0,30.0,300.0,300.0,31.700000000000003,35.7,29.0,28.200000000000003,30.0,4.95,1.99,4.96,0.16,0.0,0.0,1027.0,8228.0,0.0,0.0,0.0,0.0,0.0,1.0,0.0,0.0,0.0,0.0,0.0,0.7000000000000001,0.0,-0.8,0.0,0.0,16.0,25903.0
2026-07-30T19:02:22.255Z,311.738,311.754,0.0,7.4,0.0,0.0,0.0,0.0,0.0,0.0,0.0,0.0,1.0,0.0,0.0,0.0,9.0,4.0,0.0,0.0,0.0,0.0,0.0,0.0,0.0,0.0,1.0,12.0,1.0,12.18,5.0200000000000005,2.51,1.49,0.0,0.0,0.0,134.70000000000002,0.0,0.2,0.0,0.8,-169.70000000000002,0.0,0.0,169.8,0.0,21.3,29.0,29.0,30.0,300.0,300.0,31.700000000000003,35.7,29.0,28.200000000000003,30.0,4.96,1.99,4.97,0.16,0.0,0.0,1027.0,8228.0,0.0,0.0,0.0,0.0,0.0,1.0,0.0,0.0,0.0,0.0,0.0,0.6000000000000001,0.0,-0.7000000000000001,0.0,0.0001,16.0,25903.0
2026-07-30T19:02:22.267Z,311.75,311.766,0.0,7.4,0.0,0.0,0.0,0.0,0.0,0.0,0.0,0.0,1.0,0.0,0.0,0.0,9.0,4.0,0.0,0.0,0.0,0.0,0.0,0.0,0.0,0.0,2.0,12.0,1.0,12.18,5.0200000000000005,2.51,1.49,0.0,0.0,0.0,134.6,0.0,0.2,0.0,0.3,-169.70000000000002,0.0,0.0,169.8,0.0,21.3,29.0,29.0,30.0,300.0,300.0,31.700000000000003,35.7,29.0,28.200000000000003,30.0,4.96,1.99,4.97,0.16,0.0,0.0,1027.0,8228.0,0.0,0.0,0.0,0.0,0.0,1.0,0.0,0.0,0.0,0.0,0.0,1.1,0.0,0.4,0.0,0.0,16.0,25903.0
2026-07-30T19:02:22.280Z,311.763,311.778,0.0,7.4,0.0,0.0,0.0,0.0,0.0,0.0,0.0,0.0,1.0,0.0,0.0,0.0,9.0,4.0,0.0,0.0,0.0,0.0,0.0,0.0,0.0,0.0,4.0,12.0,1.0,12.18,5.0200000000000005,2.51,1.49,0.0,0.0,0.0,134.5,0.0,0.2,1.1,1.4,-169.70000000000002,0.0,0.0,169.8,0.0,21.3,29.0,29.0,30.0,300.0,300.0,31.700000000000003,35.7,29.0,28.200000000000003,30.0,4.96,1.99,4.97,0.16,0.0,0.0,1027.0,8228.0,0.0,0.0,0.0,0.0,0.0,1.0,0.0,0.0,0.0,0.0,0.0,-2.3000000000000003,0.0,1.0,0.0,0.0,16.0,25903.0
2026-07-30T19:02:22.291Z,311.774,311.79,0.0,7.4,0.0,0.0,0.0,0.0,0.0,0.0,0.0,0.0,1.0,0.0,0.0,0.0,9.0,4.0,0.0,0.0,0.0,0.0,0.0,0.0,0.0,0.0,5.0,12.0,1.0,12.18,5.0200000000000005,2.51,1.49,0.0,0.0,0.0,134.4,0.0,0.1,-0.5,-0.2,-169.70000000000002,0.0,0.0,169.70000000000002,0.0,21.3,29.0,29.0,30.0,300.0,300.0,31.700000000000003,35.7,29.0,28.200000000000003,30.0,4.95,1.99,4.96,0.16,0.0,0.0,1027.0,8228.0,0.0,0.0,0.0,0.0,0.0,1.0,0.0,0.0,0.0,0.0,0.0,-0.8,0.0,0.1,0.0,0.0,16.0,25903.0
2026-07-30T19:02:22.304Z,311.787,311.802,0.0,7.4,0.0,0.0,0.0,0.0,0.0,0.0,0.0,0.0,1.0,0.0,0.0,0.0,9.0,4.0,0.0,0.0,0.0,0.0,0.0,0.0,0.0,0.0,1.0,12.0,1.0,12.17,5.01,2.51,1.49,0.0,0.0,0.0,134.3,0.0,-0.4,-0.5,1.4,-169.70000000000002,0.0,0.0,169.70000000000002,0.0,21.200000000000003,29.0,29.0,30.0,300.0,300.0,31.700000000000003,35.800000000000004,29.0,28.200000000000003,30.0,4.95,1.99,4.96,0.16,0.0,0.0,1027.0,8228.0,0.0,0.0,0.0,0.0,0.0,1.0,0.0,0.0,0.0,0.0,0.0,-1.7000000000000002,0.0,1.1,0.0,0.0,16.0,25903.0
2026-07-30T19:02:22.316Z,311.799,311.814,0.0,7.4,0.0,0.0,0.0,0.0,0.0,0.0,0.0,0.0,1.0,0.0,0.0,0.0,9.0,4.0,0.0,0.0,0.0,0.0,0.0,0.0,0.0,0.0,3.0,12.0,1.0,12.17,5.01,2.51,1.49,0.0,0.0,0.0,134.1,0.0,-0.4,1.1,-0.2,-169.70000000000002,0.0,0.0,169.70000000000002,0.0,21.200000000000003,29.0,29.0,30.0,300.0,300.0,31.700000000000003,35.800000000000004,29.0,28.200000000000003,30.0,4.95,1.99,4.96,0.16,0.0,0.0,1027.0,8228.0,0.0,0.0,0.0,0.0,0.0,1.0,0.0,0.0,0.0,0.0,0.0,-1.9,0.0,0.5,0.0,0.0,16.0,25903.0
2026-07-30T19:02:22.328Z,311.811,311.826,0.0,7.4,0.0,0.0,0.0,0.0,0.0,0.0,0.0,0.0,1.0,0.0,0.0,0.0,9.0,4.0,0.0,0.0,0.0,0.0,0.0,0.0,0.0,0.0,4.0,12.0,1.0,12.17,5.01,2.51,1.49,0.0,0.0,0.0,134.1,0.0,0.1,1.7000000000000002,0.2,-169.70000000000002,0.0,0.0,169.70000000000002,0.0,21.200000000000003,29.0,29.0,30.0,300.0,300.0,31.700000000000003,35.800000000000004,29.0,28.200000000000003,30.0,4.96,1.99,4.96,0.16,0.0,0.0,1027.0,8228.0,0.0,0.0,0.0,0.0,0.0,1.0,0.0,0.0,0.0,0.0,0.0,0.0,0.0,0.9,0.0,0.0,16.0,25903.0
2026-07-30T19:02:22.340Z,311.823,311.838,0.0,7.4,0.0,0.0,0.0,0.0,0.0,0.0,0.0,0.0,1.0,0.0,0.0,0.0,9.0,4.0,0.0,0.0,0.0,0.0,0.0,0.0,0.0,0.0,6.0,12.0,1.0,12.17,5.01,2.51,1.49,0.0,0.0,0.0,134.0,0.0,-0.3,0.0,-0.2,-169.70000000000002,0.0,0.0,169.8,0.0,21.200000000000003,29.0,29.0,30.0,300.0,300.0,31.700000000000003,35.800000000000004,29.0,28.200000000000003,30.0,4.96,1.99,4.98,0.16,0.0,0.0,1027.0,8228.0,0.0,0.0,0.0,0.0,0.0,1.0,0.0,0.0,0.0,0.0,0.0,-0.1,0.0,0.2,0.0,0.0,16.0,25903.0
2026-07-30T19:02:22.352Z,311.835,311.85,0.0,7.4,0.0,0.0,0.0,0.0,0.0,0.0,0.0,0.0,1.0,0.0,0.0,0.0,9.0,4.0,0.0,0.0,0.0,0.0,0.0,0.0,0.0,0.0,1.0,12.0,1.0,12.17,5.01,2.51,1.49,0.0,0.0,0.0,133.8,0.0,-0.9,-0.5,-1.4,-169.70000000000002,0.0,0.0,169.70000000000002,0.0,21.200000000000003,29.0,29.0,30.0,300.0,300.0,31.700000000000003,35.800000000000004,29.0,28.200000000000003,30.0,4.96,1.99,4.96,0.16,0.0,0.0,1027.0,8228.0,0.0,0.0,0.0,0.0,0.0,1.0,0.0,0.0,0.0,0.0,0.0,2.0,0.0,-0.5,0.0,0.0,16.0,25903.0
2026-07-30T19:02:22.364Z,311.847,311.862,0.0,7.4,0.0,0.0,0.0,0.0,0.0,0.0,0.0,0.0,1.0,0.0,0.0,0.0,9.0,4.0,0.0,0.0,0.0,0.0,0.0,0.0,0.0,0.0,3.0,12.0,1.0,12.17,5.01,2.51,1.49,0.0,0.0,0.0,133.8,0.0,0.2,0.0,-0.2,-169.70000000000002,0.0,0.0,169.70000000000002,0.0,21.200000000000003,29.0,29.0,30.0,300.0,300.0,31.700000000000003,35.800000000000004,29.0,28.200000000000003,30.0,4.96,1.99,4.97,0.16,0.0,0.0,1027.0,8228.0,0.0,0.0,0.0,0.0,0.0,1.0,0.0,0.0,0.0,0.0,0.0,-0.5,0.0,0.7000000000000001,0.0,0.0,16.0,25903.0
2026-07-30T19:02:22.375Z,311.858,311.874,0.0,7.4,0.0,0.0,0.0,0.0,0.0,0.0,0.0,0.0,1.0,0.0,0.0,0.0,9.0,4.0,0.0,0.0,0.0,0.0,0.0,0.0,0.0,0.0,4.0,12.0,1.0,12.17,5.01,2.51,1.49,0.0,0.0,0.0,133.70000000000002,0.0,-0.8,1.2000000000000002,0.3,-169.70000000000002,0.0,0.0,169.70000000000002,0.0,21.200000000000003,29.0,29.0,30.0,300.0,300.0,31.700000000000003,35.800000000000004,29.0,28.200000000000003,30.0,4.95,1.99,4.97,0.16,0.0,0.0,1027.0,8228.0,0.0,0.0,0.0,0.0,0.0,1.0,0.0,0.0,0.0,0.0,0.0,-2.2,0.0,0.9,0.0,0.0,16.0,25903.0
2026-07-30T19:02:22.388Z,311.871,311.886,0.0,7.4,0.0,0.0,0.0,0.0,0.0,0.0,0.0,0.0,1.0,0.0,0.0,0.0,9.0,4.0,0.0,0.0,0.0,0.0,0.0,0.0,0.0,0.0,6.0,12.0,1.0,12.17,5.01,2.51,1.49,0.0,0.0,0.0,133.5,0.0,-0.3,0.6000000000000001,0.8,-169.70000000000002,0.0,0.0,169.8,0.0,21.200000000000003,29.0,29.0,30.0,300.0,300.0,31.700000000000003,35.800000000000004,29.0,28.200000000000003,30.0,4.95,1.99,4.96,0.16,0.0,0.0,1027.0,8228.0,0.0,0.0,0.0,0.0,0.0,1.0,0.0,0.0,0.0,0.0,0.0,-0.3,0.0,-0.3,0.0,0.0,16.0,25903.0
2026-07-30T19:02:22.400Z,311.883,311.898,0.0,7.4,0.0,0.0,0.0,0.0,0.0,0.0,0.0,0.0,1.0,0.0,0.0,0.0,9.0,4.0,0.0,0.0,0.0,0.0,0.0,0.0,0.0,0.0,1.0,12.0,1.0,12.17,5.01,2.51,1.49,0.0,0.1,0.0,133.4,0.0,0.3,-0.5,0.8,-169.70000000000002,0.0,0.0,169.70000000000002,0.0,21.200000000000003,29.0,29.0,30.0,300.0,300.0,31.700000000000003,35.800000000000004,29.0,28.200000000000003,30.0,4.96,1.99,4.96,0.16,0.0,0.0,1027.0,8228.0,0.0,0.0,0.0,0.0,0.0,1.0,0.0,0.0,0.0,0.0,0.0,-1.9,0.0,0.5,0.0,0.0,16.0,25903.0
2026-07-30T19:02:22.412Z,311.895,311.91,0.0,7.4,0.0,0.0,0.0,0.0,0.0,0.0,0.0,0.0,1.0,0.0,0.0,0.0,9.0,4.0,0.0,0.0,0.0,0.0,0.0,0.0,0.0,0.0,2.0,12.0,1.0,12.17,5.01,2.51,1.49,0.0,0.0,0.0,133.3,0.0,-1.4,0.0,-0.2,-169.70000000000002,0.0,0.0,169.8,0.0,21.700000000000003,29.0,29.0,30.0,300.0,300.0,31.700000000000003,35.800000000000004,28.9,28.200000000000003,30.0,4.96,1.99,4.97,0.16,0.0,0.0,1027.0,8228.0,0.0,0.0,0.0,0.0,0.0,1.0,0.0,0.0,0.0,0.0,0.0,-0.1,0.0,0.2,0.0,0.0,16.0,25903.0
2026-07-30T19:02:22.424Z,311.907,311.922,0.0,7.4,0.0,0.0,0.0,0.0,0.0,0.0,0.0,0.0,1.0,0.0,0.0,0.0,9.0,4.0,0.0,0.0,0.0,0.0,0.0,0.0,0.0,0.0,4.0,12.0,1.0,12.17,5.01,2.51,1.49,0.0,0.0,0.0,133.20000000000002,0.0,-0.8,-0.4,0.3,-169.70000000000002,0.0,0.0,169.70000000000002,0.0,21.700000000000003,29.0,29.0,30.0,300.0,300.0,31.700000000000003,35.800000000000004,28.9,28.200000000000003,30.0,4.95,1.99,4.97,0.16,0.0,0.0,1027.0,8228.0,0.0,0.0,0.0,0.0,0.0,1.0,0.0,0.0,0.0,0.0,0.0,-1.1,0.0,0.6000000000000001,0.0,0.0,16.0,25903.0
2026-07-30T19:02:22.436Z,311.919,311.934,0.0,7.4,0.0,0.0,0.0,0.0,0.0,0.0,0.0,0.0,1.0,0.0,0.0,0.0,9.0,4.0,0.0,0.0,0.0,0.0,0.0,0.0,0.0,0.0,5.0,12.0,1.0,12.17,5.01,2.51,1.49,0.0,0.0,0.0,133.1,0.0,0.9,0.1,-0.7000000000000001,-169.70000000000002,0.0,0.0,169.70000000000002,0.0,21.700000000000003,29.0,29.0,30.0,300.0,300.0,31.700000000000003,35.800000000000004,28.9,28.200000000000003,30.0,4.96,1.99,4.96,0.16,0.0,0.0,1027.0,8228.0,0.0,0.0,0.0,0.0,0.0,1.0,0.0,0.0,0.0,0.0,0.0,0.4,0.0,-0.3,0.0,0.0,16.0,25903.0
2026-07-30T19:02:22.447Z,311.93,311.946,0.0,7.4,0.0,0.0,0.0,0.0,0.0,0.0,0.0,0.0,1.0,0.0,0.0,0.0,9.0,4.0,0.0,0.0,0.0,0.0,0.0,0.0,0.0,0.0,6.0,12.0,1.0,12.17,5.01,2.51,1.49,0.0,0.0,0.0,133.0,0.0,0.9,-0.4,0.9,-169.70000000000002,0.0,0.0,169.70000000000002,0.0,21.700000000000003,29.0,29.0,30.0,300.0,300.0,31.700000000000003,35.800000000000004,28.9,28.200000000000003,30.0,4.95,2.0,4.96,0.16,0.0,0.0,1027.0,8228.0,0.0,0.0,0.0,0.0,0.0,1.0,0.0,0.0,0.0,0.0,0.0,-0.6000000000000001,0.0,0.0,0.0,0.0,16.0,25903.0
2026-07-30T19:02:22.460Z,311.943,311.958,0.0,7.4,0.0,0.0,0.0,0.0,0.0,0.0,0.0,0.0,1.0,0.0,0.0,0.0,9.0,4.0,0.0,0.0,0.0,0.0,0.0,0.0,0.0,0.0,2.0,12.0,1.0,12.17,5.01,2.51,1.49,0.0,0.0,0.0,132.9,0.0,-0.8,0.0,-1.3,-169.70000000000002,0.0,0.0,169.60000000000002,0.0,21.700000000000003,29.0,29.0,30.0,300.0,300.0,31.700000000000003,35.800000000000004,28.9,28.200000000000003,30.0,4.95,1.99,4.97,0.16,0.0,0.0,1027.0,8228.0,0.0,0.0,0.0,0.0,0.0,1.0,0.0,0.0,0.0,0.0,0.0,-0.9,0.0,1.2000000000000002,0.0,0.0,16.0,25903.0
2026-07-30T19:02:22.472Z,311.955,311.97,0.0,7.4,0.0,0.0,0.0,0.0,0.0,0.0,0.0,0.0,1.0,0.0,0.0,0.0,9.0,4.0,0.0,0.0,0.0,0.0,0.0,0.0,0.0,0.0,3.0,12.0,1.0,12.17,5.01,2.51,1.49,0.0,0.0,0.0,132.8,0.0,0.3,0.6000000000000001,0.9,-169.70000000000002,0.0,0.0,169.70000000000002,0.0,21.700000000000003,29.0,29.0,30.0,300.0,300.0,31.700000000000003,35.800000000000004,28.9,28.200000000000003,30.0,4.95,2.0,4.97,0.16,0.0,0.0,1027.0,8228.0,0.0,0.0,0.0,0.0,0.0,1.0,0.0,0.0,0.0,0.0,0.0,1.0,0.0,-0.1,0.0,0.0,16.0,25903.0
2026-07-30T19:02:22.484Z,311.967,311.982,0.0,7.4,0.0,0.0,0.0,0.0,0.0,0.0,0.0,0.0,1.0,0.0,0.0,0.0,9.0,4.0,0.0,0.0,0.0,0.0,0.0,0.0,0.0,0.0,4.0,12.0,1.0,12.17,5.01,2.51,1.49,0.0,0.0,0.0,132.70000000000002,0.0,0.4,0.0,0.3,-169.70000000000002,0.0,0.0,169.70000000000002,0.0,21.700000000000003,29.0,29.0,30.0,300.0,300.0,31.700000000000003,35.800000000000004,28.9,28.200000000000003,30.0,4.96,2.0,4.96,0.16,0.0,0.0,1027.0,8228.0,0.0,0.0,0.0,0.0,0.0,1.0,0.0,0.0,0.0,0.0,0.0,0.3,0.0,-0.3,0.0,0.0,16.0,25903.0
2026-07-30T19:02:22.496Z,311.979,311.994,0.0,7.4,0.0,0.0,0.0,0.0,0.0,0.0,0.0,0.0,1.0,0.0,0.0,0.0,9.0,4.0,0.0,0.0,0.0,0.0,0.0,0.0,0.0,0.0,6.0,12.0,1.0,12.17,5.01,2.51,1.49,0.0,0.0,0.0,132.5,0.0,1.0,-0.5,0.4,-169.70000000000002,0.0,0.0,169.70000000000002,0.0,21.700000000000003,29.0,29.0,30.0,300.0,300.0,31.700000000000003,35.800000000000004,28.9,28.200000000000003,30.0,4.95,1.99,4.97,0.16,0.0,0.0,1027.0,8228.0,0.0,0.0,0.0,0.0,0.0,1.0,0.0,0.0,0.0,0.0,0.0,-0.2,0.0,-0.4,0.0,0.0,16.0,25903.0
2026-07-30T19:02:22.508Z,311.991,312.00600000000003,0.0,7.4,0.0,0.0,0.0,0.0,0.0,0.0,0.0,0.0,1.0,0.0,0.0,0.0,9.0,4.0,0.0,0.0,0.0,0.0,0.0,0.0,0.0,0.0,1.0,12.0,1.0,12.17,5.01,2.5,1.49,0.0,0.0,0.0,132.4,0.0,0.4,0.6000000000000001,-0.7000000000000001,-169.70000000000002,0.0,0.0,169.70000000000002,0.0,21.700000000000003,29.0,29.0,30.0,300.0,300.0,31.5,35.800000000000004,29.0,28.200000000000003,30.0,4.95,1.99,4.97,0.16,0.0,0.0,1027.0,8228.0,0.0,0.0,0.0,0.0,0.0,1.0,0.0,0.0,0.0,0.0,0.0,0.2,0.0,0.7000000000000001,0.0,0.0,16.0,25903.0
2026-07-30T19:02:22.520Z,312.003,312.01800000000003,0.0,7.4,0.0,0.0,0.0,0.0,0.0,0.0,0.0,0.0,1.0,0.0,0.0,0.0,9.0,4.0,0.0,0.0,0.0,0.0,0.0,0.0,0.0,0.0,2.0,12.0,1.0,12.17,5.01,2.5,1.49,0.0,0.0,0.0,132.3,0.0,0.4,0.0,-0.1,-169.70000000000002,0.0,0.0,169.70000000000002,0.0,21.700000000000003,29.0,29.0,30.0,300.0,300.0,31.5,35.800000000000004,29.0,28.200000000000003,30.0,4.96,1.99,4.97,0.16,0.0,0.0,1027.0,8228.0,0.0,0.0,0.0,0.0,0.0,1.0,0.0,0.0,0.0,0.0,0.0,0.0,0.0,0.1,0.0,0.0,16.0,25903.0
2026-07-30T19:02:22.532Z,312.015,312.03000000000003,0.0,7.4,0.0,0.0,0.0,0.0,0.0,0.0,0.0,0.0,1.0,0.0,0.0,0.0,9.0,4.0,0.0,0.0,0.0,0.0,0.0,0.0,0.0,0.0,4.0,12.0,1.0,12.17,5.01,2.5,1.49,0.0,-0.1,0.0,132.3,0.0,0.4,-0.5,0.4,-169.70000000000002,0.0,0.0,169.70000000000002,0.0,21.700000000000003,29.0,29.0,30.0,300.0,300.0,31.5,35.800000000000004,29.0,28.200000000000003,30.0,4.95,1.99,4.96,0.16,0.0,0.0,1027.0,8228.0,0.0,0.0,0.0,0.0,0.0,1.0,0.0,0.0,0.0,0.0,0.0,-0.2,0.0,-0.5,0.0,0.0,16.0,25903.0
2026-07-30T19:02:22.544Z,312.027,312.04200000000003,0.0,7.4,0.0,0.0,0.0,0.0,0.0,0.0,0.0,0.0,1.0,0.0,0.0,0.0,9.0,4.0,0.0,0.0,0.0,0.0,0.0,0.0,0.0,0.0,5.0,12.0,1.0,12.17,5.01,2.5,1.49,0.0,0.0,0.0,132.1,0.0,-0.1,-0.5,-0.7000000000000001,-169.70000000000002,0.0,0.0,169.70000000000002,0.0,21.700000000000003,29.0,29.0,30.0,300.0,300.0,31.5,35.800000000000004,29.0,28.200000000000003,30.0,4.95,1.99,4.97,0.16,0.0,0.0,1027.0,8228.0,0.0,0.0,0.0,0.0,0.0,1.0,0.0,0.0,0.0,0.0,0.0,-1.1,0.0,0.5,0.0,0.0,16.0,25903.0
2026-07-30T19:02:22.556Z,312.039,312.05400000000003,0.0,7.4,0.0,0.0,0.0,0.0,0.0,0.0,0.0,0.0,1.0,0.0,0.0,0.0,9.0,4.0,0.0,0.0,0.0,0.0,0.0,0.0,0.0,0.0,6.0,12.0,1.0,12.17,5.01,2.5,1.49,0.0,0.0,0.0,132.0,0.0,0.4,1.8,1.0,-169.70000000000002,0.0,0.0,169.70000000000002,0.0,21.700000000000003,29.0,29.0,30.0,300.0,300.0,31.5,35.800000000000004,29.0,28.200000000000003,30.0,4.95,1.99,4.96,0.16,0.0,0.0,1027.0,8228.0,0.0,0.0,0.0,0.0,0.0,1.0,0.0,0.0,0.0,0.0,0.0,2.8000000000000003,0.0,-0.5,0.0,0.0001,16.0,25903.0
2026-07-30T19:02:22.567Z,312.05,312.06600000000003,0.0,7.4,0.0,0.0,0.0,0.0,0.0,0.0,0.0,0.0,1.0,0.0,0.0,0.0,9.0,4.0,0.0,0.0,0.0,0.0,0.0,0.0,0.0,0.0,1.0,12.0,1.0,12.17,5.01,2.5,1.49,0.0,0.0,0.0,131.9,0.0,0.9,0.0,-0.1,-169.70000000000002,0.0,0.0,169.70000000000002,0.0,21.700000000000003,29.0,29.0,30.0,300.0,300.0,31.5,35.800000000000004,29.0,28.200000000000003,30.0,4.96,1.99,4.96,0.16,0.0,0.0,1027.0,8228.0,0.0,0.0,0.0,0.0,0.0,1.0,0.0,0.0,0.0,0.0,0.0,0.0,0.0,0.1,0.0,0.0,16.0,25903.0
2026-07-30T19:02:22.580Z,312.063,312.07800000000003,0.0,7.4,0.0,0.0,0.0,0.0,0.0,0.0,0.0,0.0,1.0,0.0,0.0,0.0,9.0,4.0,0.0,0.0,0.0,0.0,0.0,0.0,0.0,0.0,3.0,12.0,1.0,12.17,5.01,2.5,1.49,0.0,0.1,0.0,131.8,0.0,0.3,0.0,-0.7000000000000001,-169.70000000000002,0.0,0.0,169.60000000000002,0.0,21.700000000000003,29.0,29.0,30.0,300.0,300.0,31.5,35.800000000000004,29.0,28.200000000000003,30.0,4.95,1.99,4.97,0.16,0.0,0.0,1027.0,8228.0,0.0,0.0,0.0,0.0,0.0,1.0,0.0,0.0,0.0,0.0,0.0,-0.5,0.0,0.6000000000000001,0.0,0.0,16.0,25903.0
2026-07-30T19:02:22.591Z,312.074,312.09000000000003,0.0,7.4,0.0,0.0,0.0,0.0,0.0,0.0,0.0,0.0,1.0,0.0,0.0,0.0,9.0,4.0,0.0,0.0,0.0,0.0,0.0,0.0,0.0,0.0,4.0,12.0,1.0,12.17,5.01,2.5,1.49,0.0,0.0,0.0,131.70000000000002,0.0,0.3,0.0,0.3,-169.70000000000002,0.0,0.0,169.8,0.0,21.700000000000003,29.0,29.0,30.0,300.0,300.0,31.5,35.800000000000004,29.0,28.200000000000003,30.0,4.96,2.0,4.96,0.16,0.0,0.0,1027.0,8228.0,0.0,0.0,0.0,0.0,0.0,1.0,0.0,0.0,0.0,0.0,0.0,0.3,0.0,-0.3,0.0,0.0,16.0,25903.0
2026-07-30T19:02:22.603Z,312.086,312.10200000000003,0.0,7.4,0.0,0.0,0.0,0.0,0.0,0.0,0.0,0.0,1.0,0.0,0.0,0.0,9.0,4.0,0.0,0.0,0.0,0.0,0.0,0.0,0.0,0.0,6.0,12.0,1.0,12.17,5.01,2.5,1.49,0.0,0.0,0.0,131.6,0.0,0.9,1.8,0.4,-169.70000000000002,0.0,0.0,169.70000000000002,0.0,21.700000000000003,29.0,29.0,30.0,300.0,300.0,31.5,35.800000000000004,29.0,28.200000000000003,30.0,4.96,2.0,4.96,0.16,0.0,0.0,1027.0,8228.0,0.0,0.0,0.0,0.0,0.0,1.0,0.0,0.0,0.0,0.0,0.0,2.3000000000000003,0.0,0.0,0.0,0.0001,16.0,25903.0
2026-07-30T19:02:22.616Z,312.099,312.11400000000003,0.0,7.4,0.0,0.0,0.0,0.0,0.0,0.0,0.0,0.0,1.0,0.0,0.0,0.0,9.0,4.0,0.0,0.0,0.0,0.0,0.0,0.0,0.0,0.0,1.0,12.0,1.0,12.15,5.01,2.51,1.5,0.0,0.0,0.0,131.4,0.0,0.3,1.2000000000000002,0.3,-169.70000000000002,0.0,0.0,169.70000000000002,0.0,21.9,29.0,29.0,30.0,300.0,300.0,31.6,35.7,29.0,28.200000000000003,30.0,4.95,1.99,4.96,0.16,0.0,0.0,1027.0,8228.0,0.0,0.0,0.0,0.0,0.0,1.0,0.0,0.0,0.0,0.0,0.0,1.7000000000000002,0.0,0.0,0.0,0.0,16.0,25903.0
2026-07-30T19:02:22.628Z,312.111,312.12600000000003,0.0,7.4,0.0,0.0,0.0,0.0,0.0,0.0,0.0,0.0,1.0,0.0,0.0,0.0,9.0,4.0,0.0,0.0,0.0,0.0,0.0,0.0,0.0,0.0,3.0,12.0,1.0,12.15,5.01,2.51,1.5,0.0,0.0,0.0,131.4,0.0,-0.2,-0.4,0.3,-169.70000000000002,0.0,0.0,169.8,0.0,21.9,29.0,29.0,30.0,300.0,300.0,31.6,35.7,29.0,28.200000000000003,30.0,4.95,1.99,4.97,0.16,0.0,0.0,1027.0,8228.0,0.0,0.0,0.0,0.0,0.0,1.0,0.0,0.0,0.0,0.0,0.0,-0.2,0.0,-0.4,0.0,0.0,16.0,25903.0
2026-07-30T19:02:22.640Z,312.123,312.13800000000003,0.0,7.4,0.0,0.0,0.0,0.0,0.0,0.0,0.0,0.0,1.0,0.0,0.0,0.0,9.0,4.0,0.0,0.0,0.0,0.0,0.0,0.0,0.0,0.0,4.0,12.0,1.0,12.15,5.01,2.51,1.5,0.0,0.0,0.0,131.3,0.0,0.3,-1.0,-0.1,-169.70000000000002,0.0,0.0,169.70000000000002,0.0,21.9,29.0,29.0,30.0,300.0,300.0,31.6,35.7,29.0,28.200000000000003,30.0,4.96,1.99,4.96,0.16,0.0,0.0,1027.0,8228.0,0.0,0.0,0.0,0.0,0.0,1.0,0.0,0.0,0.0,0.0,0.0,-1.3,0.0,0.0,0.0,0.0001,16.0,25903.0
2026-07-30T19:02:22.652Z,312.135,312.15000000000003,0.0,7.4,0.0,0.0,0.0,0.0,0.0,0.0,0.0,0.0,1.0,0.0,0.0,0.0,9.0,4.0,0.0,0.0,0.0,0.0,0.0,0.0,0.0,0.0,5.0,12.0,1.0,12.15,5.01,2.51,1.5,0.0,0.0,0.0,131.5,0.0,-0.2,0.0,-1.3,-169.70000000000002,0.0,0.0,169.70000000000002,0.0,21.9,29.0,29.0,30.0,300.0,300.0,31.6,35.7,29.0,28.200000000000003,30.0,4.96,1.99,4.97,0.16,0.0,0.0,1027.0,8228.0,0.0,0.0,0.0,0.0,0.0,1.0,0.0,0.0,0.0,0.0,0.0,-0.9,0.0,1.2000000000000002,0.0,0.0,16.0,25903.0
2026-07-30T19:02:22.663Z,312.146,312.16200000000003,0.0,7.4,0.0,0.0,0.0,0.0,0.0,0.0,0.0,0.0,1.0,0.0,0.0,0.0,9.0,4.0,0.0,0.0,0.0,0.0,0.0,0.0,0.0,0.0,6.0,12.0,1.0,12.15,5.01,2.51,1.5,0.0,0.0,0.0,131.6,0.0,-0.2,0.0,-0.7000000000000001,-169.70000000000002,0.0,0.0,169.70000000000002,0.0,21.9,29.0,29.0,30.0,300.0,300.0,31.6,35.7,29.0,28.200000000000003,30.0,4.95,2.0,4.97,0.16,0.0,0.0,1027.0,8228.0,0.0,0.0,0.0,0.0,0.0,1.0,0.0,0.0,0.0,0.0,0.0,-0.4,0.0,0.7000000000000001,0.0,0.0,16.0,25903.0
2026-07-30T19:02:22.676Z,312.159,312.174,0.0,7.4,0.0,0.0,0.0,0.0,0.0,0.0,0.0,0.0,1.0,0.0,0.0,0.0,9.0,4.0,0.0,0.0,0.0,0.0,0.0,0.0,0.0,0.0,2.0,12.0,1.0,12.15,5.01,2.51,1.5,0.0,0.0,0.0,131.8,0.0,0.9,0.7000000000000001,0.4,-169.70000000000002,0.0,0.0,169.70000000000002,0.0,21.9,29.0,29.0,30.0,300.0,300.0,31.6,35.7,29.0,28.200000000000003,30.0,4.95,2.0,4.96,0.16,0.0,0.0,1027.0,8228.0,0.0,0.0,0.0,0.0,0.0,1.0,0.0,0.0,0.0,0.0,0.0,1.1,0.0,-0.2,0.0,0.0,16.0,25903.0
2026-07-30T19:02:22.688Z,312.171,312.186,0.0,7.4,0.0,0.0,0.0,0.0,0.0,0.0,0.0,0.0,1.0,0.0,0.0,0.0,9.0,4.0,0.0,0.0,0.0,0.0,0.0,0.0,0.0,0.0,3.0,12.0,1.0,12.15,5.01,2.51,1.5,0.0,0.0,0.0,132.0,0.0,-0.2,-0.4,0.4,-169.70000000000002,0.0,0.0,169.70000000000002,0.0,21.9,29.0,29.0,30.0,300.0,300.0,31.6,35.7,29.0,28.200000000000003,30.0,4.95,2.0,4.97,0.16,0.0,0.0,1027.0,8228.0,0.0,0.0,0.0,0.0,0.0,1.0,0.0,0.0,0.0,0.0,0.0,-0.2,0.0,-0.4,0.0,0.0,16.0,25903.0
2026-07-30T19:02:22.699Z,312.182,312.198,0.0,7.4,0.0,0.0,0.0,0.0,0.0,0.0,0.0,0.0,1.0,0.0,0.0,0.0,9.0,4.0,0.0,0.0,0.0,0.0,0.0,0.0,0.0,0.0,4.0,12.0,1.0,12.15,5.01,2.51,1.5,0.0,0.0,0.0,132.20000000000002,0.0,-0.2,0.0,-0.2,-169.70000000000002,0.0,0.0,169.70000000000002,0.0,21.9,29.0,29.0,30.0,300.0,300.0,31.6,35.7,29.0,28.200000000000003,30.0,4.95,1.99,4.97,0.16,0.0,0.0,1027.0,8228.0,0.0,0.0,0.0,0.0,0.0,1.0,0.0,0.0,0.0,0.0,0.0,0.0,0.0,0.2,0.0,0.0,16.0,25903.0
2026-07-30T19:02:22.712Z,312.195,312.21,0.0,7.4,0.0,0.0,0.0,0.0,0.0,0.0,0.0,0.0,1.0,0.0,0.0,0.0,9.0,4.0,0.0,0.0,0.0,0.0,0.0,0.0,0.0,0.0,6.0,12.0,1.0,12.17,5.0200000000000005,2.51,1.49,0.0,0.0,0.0,132.4,0.0,0.2,0.6000000000000001,2.1,-169.70000000000002,0.0,0.0,169.70000000000002,0.0,21.3,29.0,29.0,30.0,300.0,300.0,31.6,35.7,29.0,28.200000000000003,30.0,4.96,1.99,4.97,0.16,0.0,0.0,1027.0,8228.0,0.0,0.0,0.0,0.0,0.0,1.0,0.0,0.0,0.0,0.0,0.0,2.3000000000000003,0.0,-1.7000000000000002,0.0,0.0,16.0,25903.0
2026-07-30T19:02:22.724Z,312.207,312.222,0.0,7.4,0.0,0.0,0.0,0.0,0.0,0.0,0.0,0.0,1.0,0.0,0.0,0.0,9.0,4.0,0.0,0.0,0.0,0.0,0.0,0.0,0.0,0.0,1.0,12.0,1.0,12.17,5.0200000000000005,2.51,1.49,0.0,0.0,0.0,132.6,0.0,0.3,0.6000000000000001,-0.1,-169.70000000000002,0.0,0.0,169.8,0.0,21.3,29.0,29.0,30.0,300.0,300.0,31.6,35.7,29.0,28.200000000000003,30.0,4.96,1.99,4.96,0.16,0.0,0.0,1027.0,8228.0,0.0,0.0,0.0,0.0,0.0,1.0,0.0,0.0,0.0,0.0,0.0,0.6000000000000001,0.0,0.3,0.0,0.0,16.0,25903.0
2026-07-30T19:02:22.736Z,312.219,312.234,0.0,7.4,0.0,0.0,0.0,0.0,0.0,0.0,0.0,0.0,1.0,0.0,0.0,0.0,9.0,4.0,0.0,0.0,0.0,0.0,0.0,0.0,0.0,0.0,3.0,12.0,1.0,12.17,5.0200000000000005,2.51,1.49,0.0,0.0,0.0,132.8,0.0,-0.2,-0.5,-0.8,-169.70000000000002,0.0,0.0,169.70000000000002,0.0,21.3,29.0,29.0,30.0,300.0,300.0,31.6,35.7,29.0,28.200000000000003,30.0,4.95,1.99,4.97,0.16,0.0,0.0,1027.0,8228.0,0.0,0.0,0.0,0.0,0.0,1.0,0.0,0.0,0.0,0.0,0.0,-1.2000000000000002,0.0,0.6000000000000001,0.0,0.0,16.0,25903.0
2026-07-30T19:02:22.747Z,312.23,312.246,0.0,7.4,0.0,0.0,0.0,0.0,0.0,0.0,0.0,0.0,1.0,0.0,0.0,0.0,9.0,4.0,0.0,0.0,0.0,0.0,0.0,0.0,0.0,0.0,4.0,12.0,1.0,12.17,5.0200000000000005,2.51,1.49,0.0,0.1,0.0,133.0,0.0,0.2,0.0,-0.2,-169.70000000000002,0.0,0.0,169.70000000000002,0.0,21.3,29.0,29.0,30.0,300.0,300.0,31.6,35.7,29.0,28.200000000000003,30.0,4.95,2.0,4.96,0.16,0.0,0.0,1027.0,8228.0,0.0,0.0,0.0,0.0,0.0,1.0,0.0,0.0,0.0,0.0,0.0,-0.2,0.0,0.2,0.0,0.0,16.0,25903.0
2026-07-30T19:02:22.760Z,312.243,312.258,0.0,7.4,0.0,0.0,0.0,0.0,0.0,0.0,0.0,0.0,1.0,0.0,0.0,0.0,9.0,4.0,0.0,0.0,0.0,0.0,0.0,0.0,0.0,0.0,6.0,12.0,1.0,12.17,5.0200000000000005,2.51,1.49,0.0,0.0,0.0,133.1,0.0,0.9,0.5,-0.2,-169.70000000000002,0.0,0.0,169.60000000000002,0.0,21.3,29.0,29.0,30.0,300.0,300.0,31.6,35.7,29.0,28.200000000000003,30.0,4.95,1.99,4.96,0.16,0.0,0.0,1027.0,8228.0,0.0,0.0,0.0,0.0,0.0,1.0,0.0,0.0,0.0,0.0,0.0,0.4,0.0,0.3,0.0,0.0,16.0,25903.0
2026-07-30T19:02:22.772Z,312.255,312.27,0.0,7.4,0.0,0.0,0.0,0.0,0.0,0.0,0.0,0.0,1.0,0.0,0.0,0.0,9.0,4.0,0.0,0.0,0.0,0.0,0.0,0.0,0.0,0.0,1.0,12.0,1.0,12.17,5.0200000000000005,2.51,1.49,0.0,0.0,0.0,133.3,0.0,0.9,-0.5,0.3,-169.70000000000002,0.0,0.0,169.70000000000002,0.0,21.3,29.0,29.0,30.0,300.0,300.0,31.6,35.7,29.0,28.200000000000003,30.0,4.95,1.99,4.96,0.16,0.0,0.0,1027.0,8228.0,0.0,0.0,0.0,0.0,0.0,1.0,0.0,0.0,0.0,0.0,0.0,-0.3,0.0,-0.4,0.0,0.0,16.0,25903.0
2026-07-30T19:02:22.783Z,312.266,312.282,0.0,7.4,0.0,0.0,0.0,0.0,0.0,0.0,0.0,0.0,1.0,0.0,0.0,0.0,9.0,4.0,0.0,0.0,0.0,0.0,0.0,0.0,0.0,0.0,2.0,12.0,1.0,12.17,5.0200000000000005,2.51,1.49,0.0,0.0,0.0,133.5,0.0,0.3,-0.6000000000000001,0.3,-169.70000000000002,0.0,0.0,169.70000000000002,0.0,21.3,29.0,29.0,30.0,300.0,300.0,31.6,35.7,29.0,28.200000000000003,30.0,4.96,1.99,4.97,0.16,0.0,0.0,1027.0,8228.0,0.0,0.0,0.0,0.0,0.0,1.0,0.0,0.0,0.0,0.0,0.0,0.0,0.0,-0.9,0.0,0.0,16.0,25903.0
2026-07-30T19:02:22.795Z,312.278,312.294,0.0,7.4,0.0,0.0,0.0,0.0,0.0,0.0,0.0,0.0,1.0,0.0,0.0,0.0,9.0,4.0,0.0,0.0,0.0,0.0,0.0,0.0,0.0,0.0,4.0,12.0,1.0,12.17,5.0200000000000005,2.51,1.49,0.0,0.0,0.0,133.70000000000002,0.0,-0.8,-0.6000000000000001,-1.4,-169.70000000000002,0.0,0.0,169.70000000000002,0.0,21.3,29.0,29.0,30.0,300.0,300.0,31.6,35.7,29.0,28.200000000000003,30.0,4.96,1.99,4.96,0.16,0.0,0.0,1027.0,8228.0,0.0,0.0,0.0,0.0,0.0,1.0,0.0,0.0,0.0,0.0,0.0,-1.7000000000000002,0.0,1.1,0.0,0.0,16.0,25903.0
2026-07-30T19:02:22.808Z,312.291,312.306,0.0,7.4,0.0,0.0,0.0,0.0,0.0,0.0,0.0,0.0,1.0,0.0,0.0,0.0,9.0,4.0,0.0,0.0,0.0,0.0,0.0,0.0,0.0,0.0,5.0,12.0,1.0,12.17,5.0200000000000005,2.51,1.49,0.0,0.1,0.0,133.9,0.0,-0.2,0.0,0.9,-169.70000000000002,0.0,0.0,169.8,0.0,21.3,29.0,29.0,30.0,300.0,300.0,31.6,35.7,29.0,28.200000000000003,30.0,4.96,1.99,4.96,0.16,0.0,0.0,1027.0,8228.0,0.0,0.0,0.0,0.0,0.0,1.0,0.0,0.0,0.0,0.0,0.0,0.2,0.0,-0.2,0.0,0.0,16.0,25903.0
2026-07-30T19:02:22.820Z,312.303,312.318,0.0,7.4,0.0,0.0,0.0,0.0,0.0,0.0,0.0,0.0,1.0,0.0,0.0,0.0,9.0,4.0,0.0,0.0,0.0,0.0,0.0,0.0,0.0,0.0,1.0,12.0,1.0,12.17,5.01,2.5,1.49,0.0,0.0,0.0,134.1,0.0,0.8,-1.1,0.3,-169.70000000000002,0.0,0.0,169.70000000000002,0.0,21.4,29.0,29.0,30.0,300.0,300.0,31.6,35.800000000000004,28.9,28.200000000000003,30.1,4.95,1.99,4.97,0.16,0.0,0.0,1027.0,8228.0,0.0,0.0,0.0,0.0,0.0,1.0,0.0,0.0,0.0,0.0,0.0,1.1,0.0,0.4,0.0,0.0,16.0,25903.0
2026-07-30T19:02:22.832Z,312.315,312.33,0.0,7.4,0.0,0.0,0.0,0.0,0.0,0.0,0.0,0.0,1.0,0.0,0.0,0.0,9.0,4.0,0.0,0.0,0.0,0.0,0.0,0.0,0.0,0.0,2.0,12.0,1.0,12.17,5.01,2.5,1.49,0.0,0.0,0.0,134.20000000000002,0.0,0.3,0.0,-0.7000000000000001,-169.70000000000002,0.0,0.0,169.60000000000002,0.0,21.4,29.0,29.0,30.0,300.0,300.0,31.6,35.800000000000004,28.9,28.200000000000003,30.1,4.96,1.99,4.96,0.16,0.0,0.0,1027.0,8228.0,0.0,0.0,0.0,0.0,0.0,1.0,0.0,0.0,0.0,0.0,0.0,-0.5,0.0,0.6000000000000001,0.0,0.0,16.0,25903.0
2026-07-30T19:02:22.844Z,312.327,312.342,0.0,7.4,0.0,0.0,0.0,0.0,0.0,0.0,0.0,0.0,1.0,0.0,0.0,0.0,9.0,4.0,0.0,0.0,0.0,0.0,0.0,0.0,0.0,0.0,4.0,12.0,1.0,12.17,5.01,2.5,1.49,0.0,0.0,0.0,134.4,0.0,-0.3,0.0,0.9,-169.70000000000002,0.0,0.0,169.70000000000002,0.0,21.4,29.0,29.0,30.0,300.0,300.0,31.6,35.800000000000004,28.9,28.200000000000003,30.1,4.96,1.99,4.97,0.16,0.0,0.0,1027.0,8228.0,0.0,0.0,0.0,0.0,0.0,1.0,0.0,0.0,0.0,0.0,0.0,0.0,0.0,0.1,0.0,0.0001,16.0,25903.0
2026-07-30T19:02:22.856Z,312.339,312.354,0.0,7.4,0.0,0.0,0.0,0.0,0.0,0.0,0.0,0.0,1.0,0.0,0.0,0.0,9.0,4.0,0.0,0.0,0.0,0.0,0.0,0.0,0.0,0.0,5.0,12.0,1.0,12.17,5.01,2.5,1.49,0.0,0.0,0.0,134.5,0.0,-0.3,-0.5,-0.7000000000000001,-169.70000000000002,0.0,0.0,169.70000000000002,0.0,21.4,29.0,29.0,30.0,300.0,300.0,31.6,35.800000000000004,28.9,28.200000000000003,30.1,4.95,1.99,4.97,0.16,0.0,0.0,1027.0,8228.0,0.0,0.0,0.0,0.0,0.0,1.0,0.0,0.0,0.0,0.0,0.0,0.1,0.0,0.8,0.0,0.0,16.0,25903.0
2026-07-30T19:02:22.868Z,312.351,312.366,0.0,7.4,0.0,0.0,0.0,0.0,0.0,0.0,0.0,0.0,1.0,0.0,0.0,0.0,9.0,4.0,0.0,0.0,0.0,0.0,0.0,0.0,0.0,0.0,6.0,12.0,1.0,12.17,5.01,2.5,1.49,0.0,0.0,0.0,134.70000000000002,0.0,0.2,0.0,-0.1,-169.70000000000002,0.0,0.0,169.70000000000002,0.0,21.4,29.0,29.0,30.0,300.0,300.0,31.6,35.800000000000004,28.9,28.200000000000003,30.1,4.96,1.99,4.97,0.16,0.0,0.0,1027.0,8228.0,0.0,0.0,0.0,0.0,0.0,1.0,0.0,0.0,0.0,0.0,0.0,-0.7000000000000001,0.0,0.0,0.0,0.0,16.0,25903.0
2026-07-30T19:02:22.880Z,312.363,312.378,0.0,7.4,0.0,0.0,0.0,0.0,0.0,0.0,0.0,0.0,1.0,0.0,0.0,0.0,9.0,4.0,0.0,0.0,0.0,0.0,0.0,0.0,0.0,0.0,2.0,12.0,1.0,12.17,5.01,2.5,1.49,0.0,0.0,0.0,134.9,0.0,0.3,-1.1,-0.1,-169.70000000000002,0.0,0.0,169.70000000000002,0.0,21.4,29.0,29.0,30.0,300.0,300.0,31.6,35.800000000000004,28.9,28.200000000000003,30.1,4.96,2.0,4.96,0.16,0.0,0.0,1027.0,8228.0,0.0,0.0,0.0,0.0,0.0,1.0,0.0,0.0,0.0,0.0,0.0,-1.3,0.0,-0.1,0.0,0.0,16.0,25903.0
2026-07-30T19:02:22.892Z,312.375,312.39,0.0,7.4,0.0,0.0,0.0,0.0,0.0,0.0,0.0,0.0,1.0,0.0,0.0,0.0,9.0,4.0,0.0,0.0,0.0,0.0,0.0,0.0,0.0,0.0,3.0,12.0,1.0,12.17,5.01,2.5,1.49,-0.1,0.1,0.0,135.1,0.0,-0.2,1.2000000000000002,1.0,-169.70000000000002,0.0,0.0,169.70000000000002,0.0,21.4,29.0,29.0,30.0,300.0,300.0,31.6,35.800000000000004,28.9,28.200000000000003,30.1,4.96,1.99,4.97,0.17,0.0,0.0,1027.0,8228.0,0.0,0.0,0.0,0.0,0.0,1.0,0.0,0.0,0.0,0.0,0.0,0.1,0.0,0.7000000000000001,0.0,0.0001,16.0,25903.0
2026-07-30T19:02:22.903Z,312.386,312.402,0.0,7.4,0.0,0.0,0.0,0.0,0.0,0.0,0.0,0.0,1.0,0.0,0.0,0.0,9.0,4.0,0.0,0.0,0.0,0.0,0.0,0.0,0.0,0.0,5.0,12.0,1.0,12.17,5.01,2.5,1.49,0.0,0.0,0.0,135.0,0.0,0.3,0.5,2.1,-169.70000000000002,0.0,0.0,169.60000000000002,0.0,21.4,29.0,29.0,30.0,300.0,300.0,31.6,35.800000000000004,28.9,28.200000000000003,30.1,4.95,1.99,4.97,0.16,0.0,0.0,1027.0,8228.0,0.0,0.0,0.0,0.0,0.0,1.0,0.0,0.0,0.0,0.0,0.0,2.3000000000000003,0.0,-1.8,0.0,0.0,16.0,25903.0
2026-07-30T19:02:22.916Z,312.399,312.414,0.0,7.4,0.0,0.0,0.0,0.0,0.0,0.0,0.0,0.0,1.0,0.0,0.0,0.0,9.0,4.0,0.0,0.0,0.0,0.0,0.0,0.0,0.0,0.0,6.0,12.0,1.0,12.18,5.0200000000000005,2.5,1.49,0.0,0.0,0.0,134.8,0.0,-0.8,0.0,-1.2000000000000002,-169.70000000000002,0.0,0.0,169.60000000000002,0.0,21.200000000000003,29.0,29.0,30.0,300.0,300.0,31.6,35.800000000000004,28.9,28.200000000000003,30.0,4.96,1.99,4.96,0.16,0.0,0.0,1027.0,8228.0,0.0,0.0,0.0,0.0,0.0,1.0,0.0,0.0,0.0,0.0,0.0,-0.9,0.0,1.1,0.0,0.0,16.0,25903.0
2026-07-30T19:02:22.927Z,312.41,312.426,0.0,7.4,0.0,0.0,0.0,0.0,0.0,0.0,0.0,0.0,1.0,0.0,0.0,0.0,9.0,4.0,0.0,0.0,0.0,0.0,0.0,0.0,0.0,0.0,1.0,12.0,1.0,12.18,5.0200000000000005,2.5,1.49,0.0,0.0,0.0,134.8,0.0,0.9,-1.1,0.0,-169.60000000000002,0.0,0.0,169.60000000000002,0.0,21.200000000000003,29.0,29.0,30.0,300.0,300.0,31.6,35.800000000000004,28.9,28.200000000000003,30.0,4.95,1.99,4.97,0.16,0.0,0.0,1027.0,8228.0,0.0,0.0,0.0,0.0,0.0,1.0,0.0,0.0,0.0,0.0,0.0,-1.3,0.0,-0.1,0.0,0.0,16.0,25903.0
2026-07-30T19:02:22.940Z,312.423,312.438,0.0,7.4,0.0,0.0,0.0,0.0,0.0,0.0,0.0,0.0,1.0,0.0,0.0,0.0,9.0,4.0,0.0,0.0,0.0,0.0,0.0,0.0,0.0,0.0,3.0,12.0,1.0,12.18,5.0200000000000005,2.5,1.49,0.0,0.0,0.0,134.70000000000002,0.0,0.3,0.6000000000000001,0.0,-169.60000000000002,0.0,0.0,169.70000000000002,0.0,21.200000000000003,29.0,29.0,30.0,300.0,300.0,31.6,35.800000000000004,28.9,28.200000000000003,30.0,4.95,1.99,4.97,0.16,0.0,0.0,1027.0,8228.0,0.0,0.0,0.0,0.0,0.0,1.0,0.0,0.0,0.0,0.0,0.0,0.6000000000000001,0.0,0.1,0.0,0.0,16.0,25903.0
2026-07-30T19:02:22.951Z,312.434,312.45,0.0,7.4,0.0,0.0,0.0,0.0,0.0,0.0,0.0,0.0,1.0,0.0,0.0,0.0,9.0,4.0,0.0,0.0,0.0,0.0,0.0,0.0,0.0,0.0,4.0,12.0,1.0,12.18,5.0200000000000005,2.5,1.49,0.0,0.0,0.0,134.5,0.0,0.9,0.0,-0.6000000000000001,-169.60000000000002,0.0,0.0,169.60000000000002,0.0,21.200000000000003,29.0,29.0,30.0,300.0,300.0,31.6,35.800000000000004,28.9,28.200000000000003,30.0,4.96,2.0,4.97,0.16,0.0,0.0,1027.0,8228.0,0.0,0.0,0.0,0.0,0.0,1.0,0.0,0.0,0.0,0.0,0.0,-0.4,0.0,0.5,0.0,0.0,16.0,25903.0
2026-07-30T19:02:22.963Z,312.446,312.462,0.0,7.4,0.0,0.0,0.0,0.0,0.0,0.0,0.0,0.0,1.0,0.0,0.0,0.0,9.0,4.0,0.0,0.0,0.0,0.0,0.0,0.0,0.0,0.0,5.0,12.0,1.0,12.18,5.0200000000000005,2.5,1.49,0.0,0.0,0.0,134.4,0.0,0.3,-1.1,0.4,-169.60000000000002,0.0,0.0,169.60000000000002,0.0,21.200000000000003,29.0,29.0,30.0,300.0,300.0,31.6,35.800000000000004,28.9,28.200000000000003,30.0,4.96,2.0,4.96,0.16,0.0,0.0,1027.0,8228.0,0.0,0.0,0.0,0.0,0.0,1.0,0.0,0.0,0.0,0.0,0.0,-0.9,0.0,-0.6000000000000001,0.0,0.0,16.0,25903.0
2026-07-30T19:02:22.976Z,312.459,312.474,0.0,7.4,0.0,0.0,0.0,0.0,0.0,0.0,0.0,0.0,1.0,0.0,0.0,0.0,9.0,4.0,0.0,0.0,0.0,0.0,0.0,0.0,0.0,0.0,1.0,12.0,1.0,12.18,5.0200000000000005,2.5,1.49,0.0,0.0,0.0,134.3,0.0,-0.2,0.6000000000000001,0.0,-169.60000000000002,0.0,0.0,169.70000000000002,0.0,21.200000000000003,29.0,29.0,30.0,300.0,300.0,31.6,35.800000000000004,28.9,28.200000000000003,30.0,4.95,1.99,4.97,0.16,0.0,0.0,1027.0,8228.0,0.0,0.0,0.0,0.0,0.0,1.0,0.0,0.0,0.0,0.0,0.0,-0.7000000000000001,0.0,0.0,0.0,0.0,16.0,25903.0
2026-07-30T19:02:22.988Z,312.471,312.486,0.0,7.4,0.0,0.0,0.0,0.0,0.0,0.0,0.0,0.0,1.0,0.0,0.0,0.0,9.0,4.0,0.0,0.0,0.0,0.0,0.0,0.0,0.0,0.0,2.0,12.0,1.0,12.18,5.0200000000000005,2.5,1.49,0.0,0.0,0.0,134.20000000000002,0.0,0.3,0.0,0.4,-169.60000000000002,0.0,0.0,169.70000000000002,0.0,21.200000000000003,29.0,29.0,30.0,300.0,300.0,31.6,35.800000000000004,28.9,28.200000000000003,30.0,4.95,1.99,4.96,0.16,0.0,0.0,1027.0,8228.0,0.0,0.0,0.0,0.0,0.0,1.0,0.0,0.0,0.0,0.0,0.0,-1.2000000000000002,0.0,0.5,0.0,0.0001,16.0,25903.0
2026-07-30T19:02:23.000Z,312.483,312.498,0.0,7.4,0.0,0.0,0.0,0.0,0.0,0.0,0.0,0.0,1.0,0.0,0.0,0.0,9.0,4.0,0.0,0.0,0.0,0.0,0.0,0.0,0.0,0.0,3.0,12.0,1.0,12.18,5.0200000000000005,2.5,1.49,0.0,0.0,0.0,134.1,0.0,-0.2,-0.5,-0.2,-169.60000000000002,0.0,0.0,169.70000000000002,0.0,21.200000000000003,29.0,29.0,30.0,300.0,300.0,31.6,35.800000000000004,28.9,28.200000000000003,30.0,4.96,1.99,4.96,0.17,0.0,0.0,1027.0,8228.0,0.0,0.0,0.0,0.0,0.0,1.0,0.0,0.0,0.0,0.0,0.0,-0.8,0.0,0.0,0.0,0.0,16.0,25903.0
2026-07-30T19:02:23.012Z,312.495,312.51,0.0,7.4,0.0,0.0,0.0,0.0,0.0,0.0,0.0,0.0,1.0,0.0,0.0,0.0,9.0,4.0,0.0,0.0,0.0,0.0,0.0,0.0,0.0,0.0,5.0,12.0,1.0,12.18,5.0200000000000005,2.5,1.49,0.0,0.0,0.0,134.0,0.0,-0.2,-0.5,-0.7000000000000001,-169.60000000000002,0.0,0.0,169.70000000000002,0.0,21.200000000000003,29.0,29.0,30.0,300.0,300.0,31.6,35.800000000000004,28.9,28.200000000000003,30.0,4.95,1.99,4.96,0.16,0.0,0.0,1027.0,8228.0,0.0,0.0,0.0,0.0,0.0,1.0,0.0,0.0,0.0,0.0,0.0,-1.2000000000000002,0.0,0.5,0.0,0.0,16.0,25903.0
2026-07-30T19:02:23.024Z,312.507,312.522,0.0,7.4,0.0,0.0,0.0,0.0,0.0,0.0,0.0,0.0,1.0,0.0,0.0,0.0,9.0,4.0,0.0,0.0,0.0,0.0,0.0,0.0,0.0,0.0,6.0,12.0,1.0,12.15,5.01,2.51,1.49,0.0,0.0,0.0,133.9,0.0,-0.2,-0.5,0.9,-169.60000000000002,0.0,0.0,169.60000000000002,0.0,21.700000000000003,29.0,29.0,30.0,300.0,300.0,31.5,35.7,29.0,28.200000000000003,30.0,4.95,1.99,4.97,0.16,0.0,0.0,1027.0,8228.0,0.0,0.0,0.0,0.0,0.0,1.0,0.0,0.0,0.0,0.0,0.0,0.0,0.0,-0.9,0.0,0.0,16.0,25903.0
2026-07-30T19:02:23.035Z,312.518,312.534,0.0,7.4,0.0,0.0,0.0,0.0,0.0,0.0,0.0,0.0,1.0,0.0,0.0,0.0,9.0,4.0,0.0,0.0,0.0,0.0,0.0,0.0,0.0,0.0,1.0,12.0,1.0,12.15,5.01,2.51,1.49,0.0,0.0,0.0,133.8,0.0,-0.2,-0.6000000000000001,-1.4,-169.60000000000002,0.0,0.0,169.60000000000002,0.0,21.700000000000003,29.0,29.0,30.0,300.0,300.0,31.5,35.7,29.0,28.200000000000003,30.0,4.95,2.0,4.96,0.16,0.0,0.0,1027.0,8228.0,0.0,0.0,0.0,0.0,0.0,1.0,0.0,0.0,0.0,0.0,0.0,-1.7000000000000002,0.0,1.1,0.0,0.0,16.0,25903.0
2026-07-30T19:02:23.047Z,312.53,312.546,0.0,7.4,0.0,0.0,0.0,0.0,0.0,0.0,0.0,0.0,1.0,0.0,0.0,0.0,9.0,4.0,0.0,0.0,0.0,0.0,0.0,0.0,0.0,0.0,3.0,12.0,1.0,12.15,5.01,2.51,1.49,0.0,0.0,0.0,133.70000000000002,0.0,0.3,0.0,0.2,-169.60000000000002,0.0,0.0,169.70000000000002,0.0,21.700000000000003,29.0,29.0,30.0,300.0,300.0,31.5,35.7,29.0,28.200000000000003,30.0,4.96,1.99,4.96,0.16,0.0,0.0,1027.0,8228.0,0.0,0.0,0.0,0.0,0.0,1.0,0.0,0.0,0.0,0.0,0.0,0.1,0.0,-0.2,0.0,0.0,16.0,25903.0
2026-07-30T19:02:23.059Z,312.542,312.558,0.0,7.4,0.0,0.0,0.0,0.0,0.0,0.0,0.0,0.0,1.0,0.0,0.0,0.0,9.0,4.0,0.0,0.0,0.0,0.0,0.0,0.0,0.0,0.0,4.0,12.0,1.0,12.15,5.01,2.51,1.49,0.0,0.0,0.0,133.6,0.0,-0.2,0.5,0.2,-169.60000000000002,0.0,0.0,169.70000000000002,0.0,21.700000000000003,29.0,29.0,30.0,300.0,300.0,31.5,35.7,29.0,28.200000000000003,30.0,4.95,1.99,4.97,0.16,0.0,0.0,1027.0,8228.0,0.0,0.0,0.0,0.0,0.0,1.0,0.0,0.0,0.0,0.0,0.0,0.8,0.0,-0.1,0.0,0.0,16.0,25903.0
2026-07-30T19:02:23.072Z,312.555,312.57,0.0,7.4,0.0,0.0,0.0,0.0,0.0,0.0,0.0,0.0,1.0,0.0,0.0,0.0,9.0,4.0,0.0,0.0,0.0,0.0,0.0,0.0,0.0,0.0,6.0,12.0,1.0,12.15,5.01,2.51,1.49,0.0,0.0,0.0,133.5,0.0,-0.3,0.0,0.8,-169.60000000000002,0.0,0.0,169.60000000000002,0.0,21.700000000000003,29.0,29.0,30.0,300.0,300.0,31.5,35.7,29.0,28.200000000000003,30.0,4.96,1.99,4.96,0.16,0.0,0.0,1027.0,8228.0,0.0,0.0,0.0,0.0,0.0,1.0,0.0,0.0,0.0,0.0,0.0,0.6000000000000001,0.0,-0.7000000000000001,0.0,0.0,16.0,25903.0
2026-07-30T19:02:23.083Z,312.566,312.582,0.0,7.4,0.0,0.0,0.0,0.0,0.0,0.0,0.0,0.0,1.0,0.0,0.0,0.0,9.0,4.0,0.0,0.0,0.0,0.0,0.0,0.0,0.0,0.0,1.0,12.0,1.0,12.15,5.01,2.51,1.49,0.0,0.0,0.0,133.3,0.0,-0.3,0.5,1.4,-169.60000000000002,0.0,0.0,169.60000000000002,0.0,21.700000000000003,29.0,29.0,30.0,300.0,300.0,31.5,35.7,29.0,28.200000000000003,30.0,4.96,2.0,4.96,0.16,0.0,0.0,1027.0,8228.0,0.0,0.0,0.0,0.0,0.0,1.0,0.0,0.0,0.0,0.0,0.0,1.7000000000000002,0.0,-1.1,0.0,0.0,16.0,25903.0
2026-07-30T19:02:23.096Z,312.579,312.594,0.0,7.4,0.0,0.0,0.0,0.0,0.0,0.0,0.0,0.0,1.0,0.0,0.0,0.0,9.0,4.0,0.0,0.0,0.0,0.0,0.0,0.0,0.0,0.0,2.0,12.0,1.0,12.15,5.01,2.51,1.49,0.0,0.0,0.0,133.3,0.0,0.2,-0.5,-1.4,-169.60000000000002,0.0,0.0,169.60000000000002,0.0,21.700000000000003,29.0,29.0,30.0,300.0,300.0,31.5,35.7,29.0,28.200000000000003,30.0,4.96,1.99,4.96,0.16,0.0,0.0,1027.0,8228.0,0.0,0.0,0.0,0.0,0.0,1.0,0.0,0.0,0.0,0.0,0.0,-1.7000000000000002,0.0,1.1,0.0,0.0,16.0,25903.0
2026-07-30T19:02:23.108Z,312.591,312.606,0.0,7.4,0.0,0.0,0.0,0.0,0.0,0.0,0.0,0.0,1.0,0.0,0.0,0.0,9.0,4.0,0.0,0.0,0.0,0.0,0.0,0.0,0.0,0.0,4.0,12.0,1.0,12.15,5.01,2.51,1.49,0.0,0.0,0.0,133.1,0.0,-0.9,-0.5,-1.4,-169.60000000000002,0.0,0.0,169.70000000000002,0.0,21.700000000000003,29.0,29.0,30.0,300.0,300.0,31.5,35.7,29.0,28.200000000000003,30.0,4.95,1.99,4.97,0.16,0.0,0.0,1027.0,8228.0,0.0,0.0,0.0,0.0,0.0,1.0,0.0,0.0,0.0,0.0,0.0,-1.6,0.0,1.1,0.0,0.0,16.0,25903.0
2026-07-30T19:02:23.120Z,312.603,312.618,0.0,7.4,0.0,0.0,0.0,0.0,0.0,0.0,0.0,0.0,1.0,0.0,0.0,0.0,9.0,4.0,0.0,0.0,0.0,0.0,0.0,0.0,0.0,0.0,5.0,12.0,1.0,12.17,5.01,2.51,1.49,0.0,0.0,0.0,133.1,0.0,0.2,-0.5,-1.4,-169.60000000000002,0.0,0.0,169.70000000000002,0.0,21.8,29.0,29.0,30.0,300.0,300.0,31.4,35.800000000000004,29.0,28.200000000000003,30.0,4.96,2.0,4.96,0.16,0.0,0.0,1027.0,8228.0,0.0,0.0,0.0,0.0,0.0,1.0,0.0,0.0,0.0,0.0,0.0,-1.6,0.0,1.2000000000000002,0.0,0.0,16.0,25903.0
2026-07-30T19:02:23.131Z,312.614,312.63,0.0,7.4,0.0,0.0,0.0,0.0,0.0,0.0,0.0,0.0,1.0,0.0,0.0,0.0,9.0,4.0,0.0,0.0,0.0,0.0,0.0,0.0,0.0,0.0,6.0,12.0,1.0,12.17,5.01,2.51,1.49,0.0,0.0,0.0,132.9,0.0,-0.3,0.6000000000000001,-0.3,-169.60000000000002,0.0,0.0,169.60000000000002,0.0,21.8,29.0,29.0,30.0,300.0,300.0,31.4,35.800000000000004,29.0,28.200000000000003,30.0,4.96,2.0,4.97,0.16,0.0,0.0,1027.0,8228.0,0.0,0.0,0.0,0.0,0.0,1.0,0.0,0.0,0.0,0.0,0.0,0.4,0.0,0.4,0.0,0.0,16.0,25903.0
2026-07-30T19:02:23.143Z,312.626,312.642,0.0,7.4,0.0,0.0,0.0,0.0,0.0,0.0,0.0,0.0,1.0,0.0,0.0,0.0,9.0,4.0,0.0,0.0,0.0,0.0,0.0,0.0,0.0,0.0,2.0,12.0,1.0,12.17,5.01,2.51,1.49,0.0,0.0,0.0,132.8,0.0,0.2,-0.5,0.3,-169.60000000000002,0.0,0.0,169.70000000000002,0.0,21.8,29.0,29.0,30.0,300.0,300.0,31.4,35.800000000000004,29.0,28.200000000000003,30.0,4.95,1.99,4.97,0.16,0.0,0.0,1027.0,8228.0,0.0,0.0,0.0,0.0,0.0,1.0,0.0,0.0,0.0,0.0,0.0,-0.3,0.0,-0.4,0.0,0.0,16.0,25903.0
2026-07-30T19:02:23.155Z,312.638,312.654,0.0,7.4,0.0,0.0,0.0,0.0,0.0,0.0,0.0,0.0,1.0,0.0,0.0,0.0,9.0,4.0,0.0,0.0,0.0,0.0,0.0,0.0,0.0,0.0,4.0,12.0,1.0,12.17,5.01,2.51,1.49,0.0,0.0,0.0,132.70000000000002,0.0,0.2,-0.5,-1.4,-169.60000000000002,0.0,0.0,169.70000000000002,0.0,21.8,29.0,29.0,30.0,300.0,300.0,31.4,35.800000000000004,29.0,28.200000000000003,30.0,4.96,1.99,4.96,0.16,0.0,0.0,1027.0,8228.0,0.0,0.0,0.0,0.0,0.0,1.0,0.0,0.0,0.0,0.0,0.0,-1.6,0.0,1.1,0.0,0.0,16.0,25903.0
2026-07-30T19:02:23.168Z,312.651,312.666,0.0,7.4,0.0,0.0,0.0,0.0,0.0,0.0,0.0,0.0,1.0,0.0,0.0,0.0,9.0,4.0,0.0,0.0,0.0,0.0,0.0,0.0,0.0,0.0,5.0,12.0,1.0,12.17,5.01,2.51,1.49,0.0,0.0,0.0,132.6,0.0,-0.3,-1.1,-0.2,-169.60000000000002,0.0,0.0,169.70000000000002,0.0,21.8,29.0,29.0,30.0,300.0,300.0,31.4,35.800000000000004,29.0,28.200000000000003,30.0,4.96,1.99,4.96,0.16,0.0,0.0,1027.0,8228.0,0.0,0.0,0.0,0.0,0.0,1.0,0.0,0.0,0.0,0.0,0.0,-1.5,0.0,0.0,0.0,0.0,16.0,25903.0
2026-07-30T19:02:23.179Z,312.662,312.678,0.0,7.4,0.0,0.0,0.0,0.0,0.0,0.0,0.0,0.0,1.0,0.0,0.0,0.0,9.0,4.0,0.0,0.0,0.0,0.0,0.0,0.0,0.0,0.0,6.0,12.0,1.0,12.17,5.01,2.51,1.49,0.0,0.1,0.0,132.5,0.0,0.7000000000000001,2.4000000000000004,-0.2,-169.60000000000002,0.0,0.0,169.60000000000002,0.0,21.8,29.0,29.0,30.0,300.0,300.0,31.4,35.800000000000004,29.0,28.200000000000003,30.0,4.96,1.99,4.97,0.16,0.0,0.0,1027.0,8228.0,0.0,0.0,0.0,0.0,0.0,1.0,0.0,0.0,0.0,0.0,0.0,2.5,0.0,0.7000000000000001,0.0,0.0,16.0,25903.0
2026-07-30T19:02:23.192Z,312.675,312.69,0.0,7.4,0.0,0.0,0.0,0.0,0.0,0.0,0.0,0.0,1.0,0.0,0.0,0.0,9.0,4.0,0.0,0.0,0.0,0.0,0.0,0.0,0.0,0.0,2.0,12.0,1.0,12.17,5.01,2.51,1.49,0.0,0.0,0.0,132.3,0.0,0.2,-0.5,-0.8,-169.60000000000002,0.0,0.0,169.60000000000002,0.0,21.8,29.0,29.0,30.0,300.0,300.0,31.4,35.800000000000004,29.0,28.200000000000003,30.0,4.95,1.99,4.97,0.16,0.0,0.0,1027.0,8228.0,0.0,0.0,0.0,0.0,0.0,1.0,0.0,0.0,0.0,0.0,0.0,-1.1,0.0,0.6000000000000001,0.0,0.0,16.0,25903.0
2026-07-30T19:02:23.204Z,312.687,312.702,0.0,7.4,0.0,0.0,0.0,0.0,0.0,0.0,0.0,0.0,1.0,0.0,0.0,0.0,9.0,4.0,0.0,0.0,0.0,0.0,0.0,0.0,0.0,0.0,3.0,12.0,1.0,12.17,5.01,2.51,1.49,0.0,0.1,0.0,132.3,0.0,0.2,-1.0,-0.8,-169.60000000000002,0.0,0.0,169.60000000000002,0.0,21.8,29.0,29.0,30.0,300.0,300.0,31.4,35.800000000000004,29.0,28.200000000000003,30.0,4.96,1.99,4.96,0.16,0.0,0.0,1027.0,8228.0,0.0,0.0,0.0,0.0,0.0,1.0,0.0,0.0,0.0,0.0,0.0,-1.8,0.0,0.4,0.0,0.0,16.0,25903.0
2026-07-30T19:02:23.216Z,312.699,312.714,0.0,7.4,0.0,0.0,0.0,0.0,0.0,0.0,0.0,0.0,1.0,0.0,0.0,0.0,9.0,4.0,0.0,0.0,0.0,0.0,0.0,0.0,0.0,0.0,4.0,12.0,1.0,12.17,5.01,2.51,1.49,0.0,0.0,0.0,132.20000000000002,0.0,0.8,0.6000000000000001,-0.2,-169.60000000000002,0.0,0.0,169.60000000000002,0.0,21.8,29.0,29.0,30.0,300.0,300.0,31.4,35.800000000000004,29.0,28.200000000000003,30.0,4.95,1.99,4.97,0.16,0.0,0.0,1027.0,8228.0,0.0,0.0,0.0,0.0,0.0,1.0,0.0,0.0,0.0,0.0,0.0,0.6000000000000001,0.0,0.3,0.0,0.0,16.0,25903.0
2026-07-30T19:02:23.227Z,312.71,312.726,0.0,7.4,0.0,0.0,0.0,0.0,0.0,0.0,0.0,0.0,1.0,0.0,0.0,0.0,9.0,4.0,0.0,0.0,0.0,0.0,0.0,0.0,0.0,0.0,6.0,12.0,1.0,12.15,5.0200000000000005,2.5,1.49,0.0,0.0,0.0,132.1,0.0,0.8,0.0,-0.8,-169.60000000000002,0.0,0.0,169.60000000000002,0.0,21.4,29.0,29.0,30.0,300.0,300.0,31.6,35.800000000000004,28.9,28.200000000000003,30.0,4.95,1.99,4.97,0.16,0.0,0.0,1027.0,8228.0,0.0,0.0,0.0,0.0,0.0,1.0,0.0,0.0,0.0,0.0,0.0,-0.5,0.0,0.7000000000000001,0.0,0.0,16.0,25903.0
2026-07-30T19:02:23.240Z,312.723,312.738,0.0,7.4,0.0,0.0,0.0,0.0,0.0,0.0,0.0,0.0,1.0,0.0,0.0,0.0,9.0,4.0,0.0,0.0,0.0,0.0,0.0,0.0,0.0,0.0,2.0,12.0,1.0,12.15,5.0200000000000005,2.5,1.49,0.0,0.0,0.0,131.9,0.0,0.2,0.6000000000000001,1.4,-169.60000000000002,0.0,0.0,169.60000000000002,0.0,21.4,29.0,29.0,30.0,300.0,300.0,31.6,35.800000000000004,28.9,28.200000000000003,30.0,4.96,1.99,4.97,0.16,0.0,0.0,1027.0,8228.0,0.0,0.0,0.0,0.0,0.0,1.0,0.0,0.0,0.0,0.0,0.0,1.8,0.0,-1.1,0.0,0.0,16.0,25903.0
2026-07-30T19:02:23.251Z,312.734,312.75,0.0,7.4,0.0,0.0,0.0,0.0,0.0,0.0,0.0,0.0,1.0,0.0,0.0,0.0,9.0,4.0,0.0,0.0,0.0,0.0,0.0,0.0,0.0,0.0,3.0,12.0,1.0,12.15,5.0200000000000005,2.5,1.49,0.0,0.0,0.0,131.8,0.0,-0.3,-0.5,-0.7000000000000001,-169.60000000000002,0.0,0.0,169.60000000000002,0.0,21.4,29.0,29.0,30.0,300.0,300.0,31.6,35.800000000000004,28.9,28.200000000000003,30.0,4.95,1.99,4.96,0.16,0.0,0.0,1027.0,8228.0,0.0,0.0,0.0,0.0,0.0,1.0,0.0,0.0,0.0,0.0,0.0,-1.1,0.0,0.5,0.0,0.0,16.0,25903.0
2026-07-30T19:02:23.264Z,312.747,312.762,0.0,7.4,0.0,0.0,0.0,0.0,0.0,0.0,0.0,0.0,1.0,0.0,0.0,0.0,9.0,4.0,0.0,0.0,0.0,0.0,0.0,0.0,0.0,0.0,5.0,12.0,1.0,12.15,5.0200000000000005,2.5,1.49,0.0,0.0,0.0,131.8,0.0,-0.9,-0.5,0.3,-169.60000000000002,0.0,0.0,169.60000000000002,0.0,21.4,29.0,29.0,30.0,300.0,300.0,31.6,35.800000000000004,28.9,28.200000000000003,30.0,4.95,1.99,4.97,0.16,0.0,0.0,1027.0,8228.0,0.0,0.0,0.0,0.0,0.0,1.0,0.0,0.0,0.0,0.0,0.0,-0.2,0.0,-0.4,0.0,0.0,16.0,25903.0
2026-07-30T19:02:23.276Z,312.759,312.774,0.0,7.4,0.0,0.0,0.0,0.0,0.0,0.0,0.0,0.0,1.0,0.0,0.0,0.0,9.0,4.0,0.0,0.0,0.0,0.0,0.0,0.0,0.0,0.0,6.0,12.0,1.0,12.15,5.0200000000000005,2.5,1.49,0.0,0.0,0.0,131.6,0.0,0.7000000000000001,1.2000000000000002,2.2,-169.60000000000002,0.0,0.0,169.60000000000002,0.0,21.4,29.0,29.0,30.0,300.0,300.0,31.6,35.800000000000004,28.9,28.200000000000003,30.0,4.95,1.99,4.96,0.16,0.0,0.0,1027.0,8228.0,0.0,0.0,0.0,0.0,0.0,1.0,0.0,0.0,0.0,0.0,0.0,3.0,0.0,-1.6,0.0,0.0,16.0,25903.0
2026-07-30T19:02:23.287Z,312.77,312.786,0.0,7.4,0.0,0.0,0.0,0.0,0.0,0.0,0.0,0.0,1.0,0.0,0.0,0.0,9.0,4.0,0.0,0.0,0.0,0.0,0.0,0.0,0.0,0.0,1.0,12.0,1.0,12.15,5.0200000000000005,2.5,1.49,0.0,0.1,0.0,131.6,0.0,-0.4,-0.5,-0.7000000000000001,-169.60000000000002,0.0,0.0,169.70000000000002,0.0,21.4,29.0,29.0,30.0,300.0,300.0,31.6,35.800000000000004,28.9,28.200000000000003,30.0,4.96,1.99,4.96,0.15,0.0,0.0,1027.0,8228.0,0.0,0.0,0.0,0.0,0.0,1.0,0.0,0.0,0.0,0.0,0.0,-1.2000000000000002,0.0,0.5,0.0,0.0,16.0,25903.0
2026-07-30T19:02:23.300Z,312.783,312.798,0.0,7.4,0.0,0.0,0.0,0.0,0.0,0.0,0.0,0.0,1.0,0.0,0.0,0.0,9.0,4.0,0.0,0.0,0.0,0.0,0.0,0.0,0.0,0.0,3.0,12.0,1.0,12.15,5.0200000000000005,2.5,1.49,0.0,0.0,0.0,131.4,0.0,0.1,0.5,0.4,-169.60000000000002,0.0,0.0,169.60000000000002,0.0,21.4,29.0,29.0,30.0,300.0,300.0,31.6,35.800000000000004,28.9,28.200000000000003,30.0,4.96,1.99,4.97,0.16,0.0,0.0,1027.0,8228.0,0.0,0.0,0.0,0.0,0.0,1.0,0.0,0.0,0.0,0.0,0.0,0.9,0.0,-0.2,0.0,0.0,16.0,25903.0
2026-07-30T19:02:23.312Z,312.795,312.81,0.0,7.4,0.0,0.0,0.0,0.0,0.0,0.0,0.0,0.0,1.0,0.0,0.0,0.0,9.0,4.0,0.0,0.0,0.0,0.0,0.0,0.0,0.0,0.0,4.0,12.0,1.0,12.15,5.0200000000000005,2.5,1.49,0.0,0.0,0.0,131.3,0.0,0.1,-1.1,-0.2,-169.60000000000002,0.0,0.0,169.70000000000002,0.0,21.4,29.0,29.0,30.0,300.0,300.0,31.6,35.800000000000004,28.9,28.200000000000003,30.0,4.96,1.99,4.96,0.16,0.0,0.0,1027.0,8228.0,0.0,0.0,0.0,0.0,0.0,1.0,0.0,0.0,0.0,0.0,0.0,-0.3,0.0,-0.4,0.0,0.0,16.0,25903.0
2026-07-30T19:02:23.324Z,312.807,312.822,0.0,7.4,0.0,0.0,0.0,0.0,0.0,0.0,0.0,0.0,1.0,0.0,0.0,0.0,9.0,4.0,0.0,0.0,0.0,0.0,0.0,0.0,0.0,0.0,6.0,12.0,1.0,12.15,5.01,2.51,1.49,0.0,0.1,0.0,131.20000000000002,0.0,0.1,0.5,1.5,-169.60000000000002,0.0,0.0,169.60000000000002,0.0,21.8,29.0,29.0,30.0,300.0,300.0,31.700000000000003,35.7,28.9,28.200000000000003,30.0,4.96,2.0,4.96,0.16,0.0,0.0,1027.0,8228.0,0.0,0.0,0.0,0.0,0.0,1.0,0.0,0.0,0.0,0.0,0.0,1.3,0.0,-0.7000000000000001,0.0,0.0,16.0,25903.0
2026-07-30T19:02:23.335Z,312.818,312.834,0.0,7.4,0.0,0.0,0.0,0.0,0.0,0.0,0.0,0.0,1.0,0.0,0.0,0.0,9.0,4.0,0.0,0.0,0.0,0.0,0.0,0.0,0.0,0.0,1.0,12.0,1.0,12.15,5.01,2.51,1.49,0.0,0.0,0.0,131.1,0.0,0.1,0.0,-2.5,-169.60000000000002,0.0,0.0,169.70000000000002,0.0,21.8,29.0,29.0,30.0,300.0,300.0,31.700000000000003,35.7,28.9,28.200000000000003,30.0,4.96,1.99,4.96,0.16,0.0,0.0,1027.0,8228.0,0.0,0.0,0.0,0.0,0.0,1.0,0.0,0.0,0.0,0.0,0.0,2.4000000000000004,0.0,-1.1,0.0,0.0,16.0,25903.0
2026-07-30T19:02:23.348Z,312.831,312.846,0.0,7.4,0.0,0.0,0.0,0.0,0.0,0.0,0.0,0.0,1.0,0.0,0.0,0.0,9.0,4.0,0.0,0.0,0.0,0.0,0.0,0.0,0.0,0.0,3.0,12.0,1.0,12.15,5.01,2.51,1.49,0.0,0.0,0.0,131.20000000000002,0.0,-0.9,-0.6000000000000001,0.9,-169.60000000000002,0.0,0.0,169.60000000000002,0.0,21.8,29.0,29.0,30.0,300.0,300.0,31.700000000000003,35.7,28.9,28.200000000000003,30.0,4.96,1.99,4.97,0.16,0.0,0.0,1027.0,8228.0,0.0,0.0,0.0,0.0,0.0,1.0,0.0,0.0,0.0,0.0,0.0,-0.6000000000000001,0.0,0.6000000000000001,0.0,0.0,16.0,25903.0
2026-07-30T19:02:23.359Z,312.842,312.858,0.0,7.4,0.0,0.0,0.0,0.0,0.0,0.0,0.0,0.0,1.0,0.0,0.0,0.0,9.0,4.0,0.0,0.0,0.0,0.0,0.0,0.0,0.0,0.0,4.0,12.0,1.0,12.15,5.01,2.51,1.49,0.0,0.0,0.0,131.4,0.0,-0.3,0.0,1.0,-169.60000000000002,0.0,0.0,169.8,0.0,21.8,29.0,29.0,30.0,300.0,300.0,31.700000000000003,35.7,28.9,28.200000000000003,30.0,4.96,1.99,4.96,0.16,0.0,0.0,1027.0,8228.0,0.0,0.0,0.0,0.0,0.0,1.0,0.0,0.0,0.0,0.0,0.0,-1.8,0.0,0.4,0.0,0.0,16.0,25903.0
2026-07-30T19:02:23.371Z,312.854,312.87,0.0,7.4,0.0,0.0,0.0,0.0,0.0,0.0,0.0,0.0,1.0,0.0,0.0,0.0,9.0,4.0,0.0,0.0,0.0,0.0,0.0,0.0,0.0,0.0,6.0,12.0,1.0,12.15,5.01,2.51,1.49,0.0,0.0,0.0,131.6,0.0,0.1,0.5,-1.3,-169.60000000000002,0.0,0.0,169.70000000000002,0.0,21.8,29.0,29.0,30.0,300.0,300.0,31.700000000000003,35.7,28.9,28.200000000000003,30.0,4.96,1.99,4.97,0.16,0.0,0.0,1027.0,8228.0,0.0,0.0,0.0,0.0,0.0,1.0,0.0,0.0,0.0,0.0,0.0,0.0,0.0,-0.9,0.0,0.0,16.0,25903.0
2026-07-30T19:02:23.384Z,312.867,312.882,0.0,7.4,0.0,0.0,0.0,0.0,0.0,0.0,0.0,0.0,1.0,0.0,0.0,0.0,9.0,4.0,0.0,0.0,0.0,0.0,0.0,0.0,0.0,0.0,1.0,12.0,1.0,12.15,5.01,2.51,1.49,0.0,0.1,0.0,131.8,0.0,0.8,0.5,0.9,-169.60000000000002,0.0,0.0,169.60000000000002,0.0,21.8,29.0,29.0,30.0,300.0,300.0,31.700000000000003,35.7,28.9,28.200000000000003,30.0,4.96,1.99,4.97,0.16,0.0,0.0,1027.0,8228.0,0.0,0.0,0.0,0.0,0.0,1.0,0.0,0.0,0.0,0.0,0.0,0.0,0.0,0.7000000000000001,0.0,0.0,16.0,25903.0
2026-07-30T19:02:23.396Z,312.879,312.894,0.0,7.4,0.0,0.0,0.0,0.0,0.0,0.0,0.0,0.0,1.0,0.0,0.0,0.0,9.0,4.0,0.0,0.0,0.0,0.0,0.0,0.0,0.0,0.0,3.0,12.0,1.0,12.15,5.01,2.51,1.49,0.0,0.0,0.0,131.9,0.0,0.2,-0.5,-1.3,-169.60000000000002,0.0,0.0,169.60000000000002,0.0,21.8,29.0,29.0,30.0,300.0,300.0,31.700000000000003,35.7,28.9,28.200000000000003,30.0,4.96,1.99,4.97,0.16,0.0,0.0,1027.0,8228.0,0.0,0.0,0.0,0.0,0.0,1.0,0.0,0.0,0.0,0.0,0.0,-1.6,0.0,1.0,0.0,0.0,16.0,25903.0
2026-07-30T19:02:23.408Z,312.891,312.906,0.0,7.4,0.0,0.0,0.0,0.0,0.0,0.0,0.0,0.0,1.0,0.0,0.0,0.0,9.0,4.0,0.0,0.0,0.0,0.0,0.0,0.0,0.0,0.0,4.0,12.0,1.0,12.15,5.01,2.51,1.49,0.0,0.0,0.0,132.1,0.0,0.2,-1.1,0.3,-169.60000000000002,0.0,0.0,169.70000000000002,0.0,21.8,29.0,29.0,30.0,300.0,300.0,31.700000000000003,35.7,28.9,28.200000000000003,30.0,4.95,2.0,4.96,0.16,0.0,0.0,1027.0,8228.0,0.0,0.0,0.0,0.0,0.0,1.0,0.0,0.0,0.0,0.0,0.0,-2.5,0.0,0.3,0.0,0.0,16.0,25903.0
2026-07-30T19:02:23.419Z,312.902,312.918,0.0,7.4,0.0,0.0,0.0,0.0,0.0,0.0,0.0,0.0,1.0,0.0,0.0,0.0,9.0,4.0,0.0,0.0,0.0,0.0,0.0,0.0,0.0,0.0,5.0,12.0,1.0,12.15,5.01,2.51,1.49,0.0,0.0,0.0,132.4,0.0,1.4,0.0,1.0,-169.60000000000002,0.0,0.0,169.70000000000002,0.0,21.8,29.0,29.0,30.0,300.0,300.0,31.700000000000003,35.7,28.9,28.200000000000003,30.0,4.95,1.99,4.97,0.16,0.0,0.0,1027.0,8228.0,0.0,0.0,0.0,0.0,0.0,1.0,0.0,0.0,0.0,0.0,0.0,1.6,0.0,-0.1,0.0,0.0001,16.0,25903.0
2026-07-30T19:02:23.432Z,312.915,312.93,0.0,7.4,0.0,0.0,0.0,0.0,0.0,0.0,0.0,0.0,1.0,0.0,0.0,0.0,9.0,4.0,0.0,0.0,0.0,0.0,0.0,0.0,0.0,0.0,1.0,12.0,1.0,12.18,5.0200000000000005,2.51,1.5,0.0,0.0,0.0,132.5,0.0,0.2,0.0,0.4,-169.60000000000002,0.0,0.0,169.70000000000002,0.0,21.3,29.0,29.0,30.0,300.0,300.0,31.6,35.7,28.9,28.200000000000003,30.1,4.95,2.0,4.97,0.16,0.0,0.0,1027.0,8228.0,0.0,0.0,0.0,0.0,0.0,1.0,0.0,0.0,0.0,0.0,0.0,0.0,0.0,0.0,0.0,0.0,16.0,25903.0
2026-07-30T19:02:23.444Z,312.927,312.942,0.0,7.4,0.0,0.0,0.0,0.0,0.0,0.0,0.0,0.0,1.0,0.0,0.0,0.0,9.0,4.0,0.0,0.0,0.0,0.0,0.0,0.0,0.0,0.0,2.0,12.0,1.0,12.18,5.0200000000000005,2.51,1.5,0.0,0.0,0.0,132.8,0.0,0.2,0.0,1.1,-169.60000000000002,0.0,0.0,169.70000000000002,0.0,21.3,29.0,29.0,30.0,300.0,300.0,31.6,35.7,28.9,28.200000000000003,30.1,4.96,2.0,4.96,0.16,0.0,0.0,1027.0,8228.0,0.0,0.0,0.0,0.0,0.0,1.0,0.0,0.0,0.0,0.0,0.0,0.9,0.0,-0.9,0.0,0.0,16.0,25903.0
2026-07-30T19:02:23.455Z,312.938,312.954,0.0,7.4,0.0,0.0,0.0,0.0,0.0,0.0,0.0,0.0,1.0,0.0,0.0,0.0,9.0,4.0,0.0,0.0,0.0,0.0,0.0,0.0,0.0,0.0,3.0,12.0,1.0,12.18,5.0200000000000005,2.51,1.5,0.0,0.0,0.0,132.9,0.0,-0.2,-1.0,0.0,-169.60000000000002,0.0,0.0,169.60000000000002,0.0,21.3,29.0,29.0,30.0,300.0,300.0,31.6,35.7,28.9,28.200000000000003,30.1,4.95,1.99,4.97,0.16,0.0,0.0,1027.0,8228.0,0.0,0.0,0.0,0.0,0.0,1.0,0.0,0.0,0.0,0.0,0.0,-1.2000000000000002,0.0,-0.1,0.0,0.0,16.0,25903.0
2026-07-30T19:02:23.468Z,312.951,312.966,0.0,7.4,0.0,0.0,0.0,0.0,0.0,0.0,0.0,0.0,1.0,0.0,0.0,0.0,9.0,4.0,0.0,0.0,0.0,0.0,0.0,0.0,0.0,0.0,4.0,12.0,1.0,12.18,5.0200000000000005,2.51,1.5,0.0,0.0,0.0,133.1,0.0,-0.2,0.7000000000000001,0.0,-169.60000000000002,0.0,0.0,169.70000000000002,0.0,21.3,29.0,29.0,30.0,300.0,300.0,31.6,35.7,28.9,28.200000000000003,30.1,4.95,1.99,4.97,0.16,0.0,0.0,1027.0,8228.0,0.0,0.0,0.0,0.0,0.0,1.0,0.0,0.0,0.0,0.0,0.0,0.7000000000000001,0.0,0.1,0.0,0.0001,16.0,25903.0
2026-07-30T19:02:23.480Z,312.963,312.978,0.0,7.4,0.0,0.0,0.0,0.0,0.0,0.0,0.0,0.0,1.0,0.0,0.0,0.0,9.0,4.0,0.0,0.0,0.0,0.0,0.0,0.0,0.0,0.0,5.0,12.0,1.0,12.18,5.0200000000000005,2.51,1.5,0.0,0.0,0.0,133.20000000000002,0.0,-0.2,1.3,0.5,-169.60000000000002,0.0,0.0,169.70000000000002,0.0,21.3,29.0,29.0,30.0,300.0,300.0,31.6,35.7,28.9,28.200000000000003,30.1,4.96,2.0,4.97,0.16,0.0,0.0,1027.0,8228.0,0.0,0.0,0.0,0.0,0.0,1.0,0.0,0.0,0.0,0.0,0.0,0.8,0.0,0.1,0.0,0.0,16.0,25903.0
2026-07-30T19:02:23.492Z,312.975,312.99,0.0,7.4,0.0,0.0,0.0,0.0,0.0,0.0,0.0,0.0,1.0,0.0,0.0,0.0,9.0,4.0,0.0,0.0,0.0,0.0,0.0,0.0,0.0,0.0,1.0,12.0,1.0,12.18,5.0200000000000005,2.51,1.5,0.0,0.0,0.0,133.4,0.0,-0.2,-0.4,1.2000000000000002,-169.60000000000002,0.0,0.0,169.8,0.0,21.3,29.0,29.0,30.0,300.0,300.0,31.6,35.7,28.9,28.200000000000003,30.1,4.96,2.0,4.97,0.16,0.0,0.0,1027.0,8228.0,0.0,0.0,0.0,0.0,0.0,1.0,0.0,0.0,0.0,0.0,0.0,-0.4,0.0,-0.1,0.0,0.0,16.0,25903.0
2026-07-30T19:02:23.504Z,312.987,313.002,-0.1,7.4,0.0,0.0,0.0,0.0,0.0,0.0,0.0,0.0,1.0,0.0,0.0,0.0,9.0,4.0,0.0,0.0,0.0,0.0,0.0,0.0,0.0,0.0,2.0,12.0,1.0,12.18,5.0200000000000005,2.51,1.5,0.0,0.0,0.0,133.6,0.0,-0.2,0.1,0.6000000000000001,-169.60000000000002,0.0,0.0,169.70000000000002,0.0,21.3,29.0,29.0,30.0,300.0,300.0,31.6,35.7,28.9,28.200000000000003,30.1,4.96,1.99,4.97,0.16,0.0,0.0,1027.0,8228.0,0.0,0.0,0.0,0.0,0.0,1.0,0.0,0.0,0.0,0.0,0.0,0.6000000000000001,0.0,-0.5,0.0,0.0,16.0,25903.0
2026-07-30T19:02:23.516Z,312.999,313.014,-0.1,7.4,0.0,0.0,0.0,0.0,0.0,0.0,0.0,0.0,1.0,0.0,0.0,0.0,9.0,4.0,0.0,0.0,0.0,0.0,0.0,0.0,0.0,0.0,4.0,12.0,1.0,12.18,5.0200000000000005,2.51,1.5,0.0,0.0,0.0,133.8,0.0,0.3,0.1,-1.1,-169.60000000000002,0.0,0.0,169.70000000000002,0.0,21.3,29.0,29.0,30.0,300.0,300.0,31.6,35.7,28.9,28.200000000000003,30.1,4.96,2.0,4.96,0.16,0.0,0.0,1027.0,8228.0,0.0,0.0,0.0,0.0,0.0,1.0,0.0,0.0,0.0,0.0,0.0,0.1,0.0,0.0,0.0,0.0,16.0,25903.0
2026-07-30T19:02:23.527Z,313.01,313.026,-0.1,7.4,0.0,0.0,0.0,0.0,0.0,0.0,0.0,0.0,1.0,0.0,0.0,0.0,9.0,4.0,0.0,0.0,0.0,0.0,0.0,0.0,0.0,0.0,5.0,12.0,1.0,12.18,5.01,2.5,1.49,0.0,0.0,0.0,134.0,0.0,0.3,0.1,0.0,-169.60000000000002,0.0,0.0,169.70000000000002,0.0,21.9,29.0,29.0,30.0,300.0,300.0,31.6,35.800000000000004,28.9,28.200000000000003,30.0,4.96,1.99,4.96,0.16,0.0,0.0,1027.0,8228.0,0.0,0.0,0.0,0.0,0.0,1.0,0.0,0.0,0.0,0.0,0.0,0.1,0.0,0.0,0.0,0.0,16.0,25903.0
2026-07-30T19:02:23.539Z,313.022,313.038,-0.1,7.4,0.0,0.0,0.0,0.0,0.0,0.0,0.0,0.0,1.0,0.0,0.0,0.0,9.0,4.0,0.0,0.0,0.0,0.0,0.0,0.0,0.0,0.0,1.0,12.0,1.0,12.18,5.01,2.5,1.49,0.0,0.0,0.0,134.20000000000002,0.0,0.3,0.7000000000000001,1.1,-169.60000000000002,0.0,0.0,169.60000000000002,0.0,21.9,29.0,29.0,30.0,300.0,300.0,31.6,35.800000000000004,28.9,28.200000000000003,30.0,4.95,1.99,4.97,0.16,0.0,0.0,1027.0,8228.0,0.0,0.0,0.0,0.0,0.0,1.0,0.0,0.0,0.0,0.0,0.0,1.7000000000000002,0.0,-0.8,0.0,0.0001,16.0,25903.0
2026-07-30T19:02:23.552Z,313.035,313.05,0.0,7.4,0.0,0.0,0.0,0.0,0.0,0.0,0.0,0.0,1.0,0.0,0.0,0.0,9.0,4.0,0.0,0.0,0.0,0.0,0.0,0.0,0.0,0.0,2.0,12.0,1.0,12.18,5.01,2.5,1.49,0.0,0.0,0.0,134.4,0.0,0.3,0.7000000000000001,0.0,-169.60000000000002,0.0,0.0,169.60000000000002,0.0,21.9,29.0,29.0,30.0,300.0,300.0,31.6,35.800000000000004,28.9,28.200000000000003,30.0,4.96,1.99,4.97,0.16,0.0,0.0,1027.0,8228.0,0.0,0.0,0.0,0.0,0.0,1.0,0.0,0.0,0.0,0.0,0.0,0.8,0.0,0.1,0.0,0.0,16.0,25903.0
2026-07-30T19:02:23.563Z,313.046,313.062,-0.1,7.4,0.0,0.0,0.0,0.0,0.0,0.0,0.0,0.0,1.0,0.0,0.0,0.0,9.0,4.0,0.0,0.0,0.0,0.0,0.0,0.0,0.0,0.0,3.0,12.0,1.0,12.18,5.01,2.5,1.49,0.0,0.0,0.0,134.5,0.0,0.2,-0.4,0.5,-169.60000000000002,0.0,0.0,169.70000000000002,0.0,21.9,29.0,29.0,30.0,300.0,300.0,31.6,35.800000000000004,28.9,28.200000000000003,30.0,4.96,2.0,4.96,0.16,0.0,0.0,1027.0,8228.0,0.0,0.0,0.0,0.0,0.0,1.0,0.0,0.0,0.0,0.0,0.0,-0.1,0.0,-0.5,0.0,0.0,16.0,25903.0
2026-07-30T19:02:23.575Z,313.058,313.074,-0.1,7.4,0.0,0.0,0.0,0.0,0.0,0.0,0.0,0.0,1.0,0.0,0.0,0.0,9.0,4.0,0.0,0.0,0.0,0.0,0.0,0.0,0.0,0.0,4.0,12.0,1.0,12.18,5.01,2.5,1.49,0.0,0.0,0.0,134.6,0.0,0.8,1.3,0.5,-169.60000000000002,0.0,0.0,169.70000000000002,0.0,21.9,29.0,29.0,30.0,300.0,300.0,31.6,35.800000000000004,28.9,28.200000000000003,30.0,4.96,1.99,4.96,0.16,0.0,0.0,1027.0,8228.0,0.0,0.0,0.0,0.0,0.0,1.0,0.0,0.0,0.0,0.0,0.0,1.9,0.0,-0.2,0.0,0.0,16.0,25903.0
2026-07-30T19:02:23.588Z,313.071,313.086,-0.1,7.4,0.0,0.0,0.0,0.0,0.0,0.0,0.0,0.0,1.0,0.0,0.0,0.0,9.0,4.0,0.0,0.0,0.0,0.0,0.0,0.0,0.0,0.0,6.0,12.0,1.0,12.18,5.01,2.5,1.49,0.0,0.0,0.0,134.8,0.0,0.3,-0.4,-1.2000000000000002,-169.60000000000002,0.0,0.0,169.70000000000002,0.0,21.9,29.0,29.0,30.0,300.0,300.0,31.6,35.800000000000004,28.9,28.200000000000003,30.0,4.95,1.99,4.97,0.16,0.0,0.0,1027.0,8228.0,0.0,0.0,0.0,0.0,0.0,1.0,0.0,0.0,0.0,0.0,0.0,-1.4,0.0,1.0,0.0,0.0,16.0,25903.0
2026-07-30T19:02:23.600Z,313.083,313.098,0.0,7.4,0.0,0.0,0.0,0.0,0.0,0.0,0.0,0.0,1.0,0.0,0.0,0.0,9.0,4.0,0.0,0.0,0.0,0.0,0.0,0.0,0.0,0.0,1.0,12.0,1.0,12.18,5.01,2.5,1.49,0.0,0.0,0.0,135.0,0.0,1.5,-0.3,1.1,-169.60000000000002,0.0,0.0,169.70000000000002,0.0,21.9,29.0,29.0,30.0,300.0,300.0,31.6,35.800000000000004,28.9,28.200000000000003,30.0,4.96,1.99,4.96,0.16,0.0,0.0,1027.0,8228.0,0.0,0.0,0.0,0.0,0.0,1.0,0.0,0.0,0.0,0.0,0.0,0.3,0.0,-1.0,0.0,0.0,16.0,25903.0
2026-07-30T19:02:23.611Z,313.094,313.11,0.0,7.4,0.0,0.0,0.0,0.0,0.0,0.0,0.0,0.0,1.0,0.0,0.0,0.0,9.0,4.0,0.0,0.0,0.0,0.0,0.0,0.0,0.0,0.0,2.0,12.0,1.0,12.18,5.01,2.5,1.49,0.0,0.1,0.0,135.20000000000002,0.0,-0.2,0.8,0.0,-169.60000000000002,0.0,0.0,169.70000000000002,0.0,21.9,29.0,29.0,30.0,300.0,300.0,31.6,35.800000000000004,28.9,28.200000000000003,30.0,4.96,1.99,4.97,0.16,0.0,0.0,1027.0,8228.0,0.0,0.0,0.0,0.0,0.0,1.0,0.0,0.0,0.0,0.0,0.0,0.8,0.0,0.2,0.0,0.0,16.0,25903.0
2026-07-30T19:02:23.624Z,313.107,313.122,0.0,7.4,0.0,0.0,0.0,0.0,0.0,0.0,0.0,0.0,1.0,0.0,0.0,0.0,9.0,4.0,0.0,0.0,0.0,0.0,0.0,0.0,0.0,0.0,4.0,12.0,1.0,12.18,5.01,2.5,1.49,0.0,0.0,0.0,135.1,0.0,-0.2,0.1,-0.6000000000000001,-169.60000000000002,0.0,0.0,169.60000000000002,0.0,21.9,29.0,29.0,30.0,300.0,300.0,31.6,35.800000000000004,28.9,28.200000000000003,30.0,4.95,2.0,4.97,0.16,0.0,0.0,1027.0,8228.0,0.0,0.0,0.0,0.0,0.0,1.0,0.0,0.0,0.0,0.0,0.0,-0.2,0.0,0.6000000000000001,0.0,0.0,16.0,25903.0
2026-07-30T19:02:23.636Z,313.119,313.134,0.0,7.4,0.0,0.0,0.0,0.0,0.0,0.0,0.0,0.0,1.0,0.0,0.0,0.0,9.0,4.0,0.0,0.0,0.0,0.0,0.0,0.0,0.0,0.0,5.0,12.0,1.0,12.15,5.0200000000000005,2.5,1.49,0.0,0.0,0.0,135.0,0.0,-0.2,-0.4,1.0,-169.60000000000002,0.0,0.0,169.70000000000002,0.0,21.9,29.0,29.0,30.0,300.0,300.0,31.6,35.7,28.9,28.200000000000003,30.0,4.96,2.0,4.96,0.16,0.0,0.0,1027.0,8228.0,0.0,0.0,0.0,0.0,0.0,1.0,0.0,0.0,0.0,0.0,0.0,0.3,0.0,-1.0,0.0,0.0,16.0,25903.0
2026-07-30T19:02:23.647Z,313.13,313.146,0.0,7.4,0.0,0.0,0.0,0.0,0.0,0.0,0.0,0.0,1.0,0.0,0.0,0.0,9.0,4.0,0.0,0.0,0.0,0.0,0.0,0.0,0.0,0.0,6.0,12.0,1.0,12.15,5.0200000000000005,2.5,1.49,0.0,0.0,0.0,134.9,0.0,-0.2,-0.4,0.0,-169.60000000000002,0.0,0.0,169.70000000000002,0.0,21.9,29.0,29.0,30.0,300.0,300.0,31.6,35.7,28.9,28.200000000000003,30.0,4.95,2.0,4.96,0.16,0.0,0.0,1027.0,8228.0,0.0,0.0,0.0,0.0,0.0,1.0,0.0,0.0,0.0,0.0,0.0,-0.5,0.0,0.0,0.0,0.0,16.0,25903.0
2026-07-30T19:02:23.660Z,313.143,313.158,0.0,7.4,0.0,0.0,0.0,0.0,0.0,0.0,0.0,0.0,1.0,0.0,0.0,0.0,9.0,4.0,0.0,0.0,0.0,0.0,0.0,0.0,0.0,0.0,2.0,12.0,1.0,12.15,5.0200000000000005,2.5,1.49,0.0,0.0,0.0,134.8,0.0,0.2,0.6000000000000001,2.2,-169.60000000000002,0.0,0.0,169.70000000000002,0.0,21.9,29.0,29.0,30.0,300.0,300.0,31.6,35.7,28.9,28.200000000000003,30.0,4.95,1.99,4.97,0.16,0.0,0.0,1027.0,8228.0,0.0,0.0,0.0,0.0,0.0,1.0,0.0,0.0,0.0,0.0,0.0,2.4000000000000004,0.0,-1.8,0.0,0.0,16.0,25903.0
2026-07-30T19:02:23.671Z,313.154,313.17,0.0,7.4,0.0,0.0,0.0,0.0,0.0,0.0,0.0,0.0,1.0,0.0,0.0,0.0,9.0,4.0,0.0,0.0,0.0,0.0,0.0,0.0,0.0,0.0,3.0,12.0,1.0,12.15,5.0200000000000005,2.5,1.49,0.0,0.1,0.0,134.70000000000002,0.0,0.2,0.6000000000000001,0.0,-169.60000000000002,0.0,0.0,169.60000000000002,0.0,21.9,29.0,29.0,30.0,300.0,300.0,31.6,35.7,28.9,28.200000000000003,30.0,4.96,1.99,4.97,0.16,0.0,0.0,1027.0,8228.0,0.0,0.0,0.0,0.0,0.0,1.0,0.0,0.0,0.0,0.0,0.0,0.7000000000000001,0.0,0.2,0.0,0.0,16.0,25903.0
2026-07-30T19:02:23.684Z,313.167,313.182,0.0,7.4,0.0,0.0,0.0,0.0,0.0,0.0,0.0,0.0,1.0,0.0,0.0,0.0,9.0,4.0,0.0,0.0,0.0,0.0,0.0,0.0,0.0,0.0,5.0,12.0,1.0,12.15,5.0200000000000005,2.5,1.49,0.0,0.0,0.0,134.5,0.0,0.8,-0.4,0.0,-169.60000000000002,0.0,0.0,169.8,0.0,21.9,29.0,29.0,30.0,300.0,300.0,31.6,35.7,28.9,28.200000000000003,30.0,4.96,1.99,4.96,0.16,0.0,0.0,1027.0,8228.0,0.0,0.0,0.0,0.0,0.0,1.0,0.0,0.0,0.0,0.0,0.0,-0.6000000000000001,0.0,0.0,0.0,0.0,16.0,25903.0
2026-07-30T19:02:23.695Z,313.178,313.194,0.0,7.4,0.0,0.0,0.0,0.0,0.0,0.0,0.0,0.0,1.0,0.0,0.0,0.0,9.0,4.0,0.0,0.0,0.0,0.0,0.0,0.0,0.0,0.0,6.0,12.0,1.0,12.15,5.0200000000000005,2.5,1.49,0.0,0.0,0.0,134.5,0.0,-0.3,0.1,0.4,-169.60000000000002,0.0,0.0,169.70000000000002,0.0,21.9,29.0,29.0,30.0,300.0,300.0,31.6,35.7,28.9,28.200000000000003,30.0,4.95,1.99,4.96,0.16,0.0,0.0,1027.0,8228.0,0.0,0.0,0.0,0.0,0.0,1.0,0.0,0.0,0.0,0.0,0.0,0.4,0.0,-0.4,0.0,0.0001,16.0,25903.0
2026-07-30T19:02:23.707Z,313.19,313.206,0.0,7.4,0.0,0.0,0.0,0.0,0.0,0.0,0.0,0.0,1.0,0.0,0.0,0.0,9.0,4.0,0.0,0.0,0.0,0.0,0.0,0.0,0.0,0.0,1.0,12.0,1.0,12.15,5.0200000000000005,2.5,1.49,0.0,0.0,0.0,134.4,0.0,-0.3,1.2000000000000002,1.0,-169.60000000000002,0.0,0.0,169.70000000000002,0.0,21.9,29.0,29.0,30.0,300.0,300.0,31.6,35.7,28.9,28.200000000000003,30.0,4.95,2.0,4.97,0.16,0.0,0.0,1027.0,8228.0,0.0,0.0,0.0,0.0,0.0,1.0,0.0,0.0,0.0,0.0,0.0,2.2,0.0,-0.6000000000000001,0.0,0.0,16.0,25903.0
2026-07-30T19:02:23.720Z,313.203,313.218,0.0,7.4,0.0,0.0,0.0,0.0,0.0,0.0,0.0,0.0,1.0,0.0,0.0,0.0,9.0,4.0,0.0,0.0,0.0,0.0,0.0,0.0,0.0,0.0,3.0,12.0,1.0,12.15,5.0200000000000005,2.5,1.49,0.0,0.0,0.0,134.3,0.0,-0.3,0.0,-0.1,-169.60000000000002,0.0,0.0,169.70000000000002,0.0,21.9,29.0,29.0,30.0,300.0,300.0,31.6,35.7,28.9,28.200000000000003,30.0,4.96,1.99,4.97,0.16,0.0,0.0,1027.0,8228.0,0.0,0.0,0.0,0.0,0.0,1.0,0.0,0.0,0.0,0.0,0.0,0.0,0.0,0.1,0.0,0.0,16.0,25903.0
2026-07-30T19:02:23.732Z,313.215,313.23,0.0,7.4,0.0,0.0,0.0,0.0,0.0,0.0,0.0,0.0,1.0,0.0,0.0,0.0,9.0,4.0,0.0,0.0,0.0,0.0,0.0,0.0,0.0,0.0,4.0,12.0,1.0,12.15,5.01,2.5,1.49,0.0,0.0,0.0,134.1,0.0,0.2,0.6000000000000001,0.9,-169.60000000000002,0.0,0.0,169.60000000000002,0.0,21.700000000000003,29.0,29.0,30.0,300.0,300.0,31.5,35.7,29.0,28.200000000000003,30.0,4.95,1.99,4.96,0.16,0.0,0.0,1027.0,8228.0,0.0,0.0,0.0,0.0,0.0,1.0,0.0,0.0,0.0,0.0,0.0,1.4,0.0,-0.7000000000000001,0.0,0.0,16.0,25903.0
2026-07-30T19:02:23.744Z,313.227,313.242,0.0,7.4,0.0,0.0,0.0,0.0,0.0,0.0,0.0,0.0,1.0,0.0,0.0,0.0,9.0,4.0,0.0,0.0,0.0,0.0,0.0,0.0,0.0,0.0,6.0,12.0,1.0,12.15,5.01,2.5,1.49,0.0,0.0,0.0,134.1,0.0,0.2,-1.0,0.4,-169.60000000000002,0.0,0.0,169.70000000000002,0.0,21.700000000000003,29.0,29.0,30.0,300.0,300.0,31.5,35.7,29.0,28.200000000000003,30.0,4.96,1.99,4.97,0.16,0.0,0.0,1027.0,8228.0,0.0,0.0,0.0,0.0,0.0,1.0,0.0,0.0,0.0,0.0,0.0,-0.9,0.0,-0.5,0.0,0.0,16.0,25903.0
2026-07-30T19:02:23.755Z,313.238,313.254,0.0,7.4,0.0,0.0,0.0,0.0,0.0,0.0,0.0,0.0,1.0,0.0,0.0,0.0,9.0,4.0,0.0,0.0,0.0,0.0,0.0,0.0,0.0,0.0,1.0,12.0,1.0,12.15,5.01,2.5,1.49,0.0,0.0,0.0,134.0,0.0,0.2,1.8,0.9,-169.60000000000002,0.0,0.0,169.60000000000002,0.0,21.700000000000003,29.0,29.0,30.0,300.0,300.0,31.5,35.7,29.0,28.200000000000003,30.0,4.96,1.99,4.96,0.16,0.0,0.0,1027.0,8228.0,0.0,0.0,0.0,0.0,0.0,1.0,0.0,0.0,0.0,0.0,0.0,2.8000000000000003,0.0,-0.4,0.0,0.0,16.0,25903.0
2026-07-30T19:02:23.768Z,313.251,313.266,0.0,7.4,0.0,0.0,0.0,0.0,0.0,0.0,0.0,0.0,1.0,0.0,0.0,0.0,9.0,4.0,0.0,0.0,0.0,0.0,0.0,0.0,0.0,0.0,2.0,12.0,1.0,12.15,5.01,2.5,1.49,0.0,0.0,0.0,133.8,0.0,-0.9,1.2000000000000002,-0.2,-169.60000000000002,0.0,0.0,169.60000000000002,0.0,21.700000000000003,29.0,29.0,30.0,300.0,300.0,31.5,35.7,29.0,28.200000000000003,30.0,4.96,1.99,4.96,0.16,0.0,0.0,1027.0,8228.0,0.0,0.0,0.0,0.0,0.0,1.0,0.0,0.0,0.0,0.0,0.0,1.2000000000000002,0.0,0.4,0.0,0.0,16.0,25903.0
2026-07-30T19:02:23.780Z,313.263,313.278,0.0,7.4,0.0,0.0,0.0,0.0,0.0,0.0,0.0,0.0,1.0,0.0,0.0,0.0,9.0,4.0,0.0,0.0,0.0,0.0,0.0,0.0,0.0,0.0,4.0,12.0,1.0,12.15,5.01,2.5,1.49,0.0,0.0,0.0,133.70000000000002,0.0,-0.9,-1.7000000000000002,-0.8,-169.60000000000002,0.0,0.0,169.60000000000002,0.0,21.700000000000003,29.0,29.0,30.0,300.0,300.0,31.5,35.7,29.0,28.200000000000003,30.0,4.95,1.99,4.97,0.16,0.0,0.0,1027.0,8228.0,0.0,0.0,0.0,0.0,0.0,1.0,0.0,0.0,0.0,0.0,0.0,-2.5,0.0,0.3,0.0,0.0,16.0,25903.0
2026-07-30T19:02:23.791Z,313.274,313.29,0.0,7.4,0.0,0.0,0.0,0.0,0.0,0.0,0.0,0.0,1.0,0.0,0.0,0.0,9.0,4.0,0.0,0.0,0.0,0.0,0.0,0.0,0.0,0.0,5.0,12.0,1.0,12.15,5.01,2.5,1.49,0.0,0.0,0.0,133.6,0.0,0.2,-1.1,-0.2,-169.60000000000002,0.0,0.0,169.70000000000002,0.0,21.700000000000003,29.0,29.0,30.0,300.0,300.0,31.5,35.7,29.0,28.200000000000003,30.0,4.96,2.0,4.97,0.16,0.0,0.0,1027.0,8228.0,0.0,0.0,0.0,0.0,0.0,1.0,0.0,0.0,0.0,0.0,0.0,-1.4,0.0,0.0,0.0,0.0,16.0,25903.0
2026-07-30T19:02:23.803Z,313.286,313.302,0.0,7.4,0.0,0.0,0.0,0.0,0.0,0.0,0.0,0.0,1.0,0.0,0.0,0.0,9.0,4.0,0.0,0.0,0.0,0.0,0.0,0.0,0.0,0.0,6.0,12.0,1.0,12.15,5.01,2.5,1.49,0.0,0.0,0.0,133.5,0.0,0.8,0.5,-0.2,-169.60000000000002,0.0,0.0,169.70000000000002,0.0,21.700000000000003,29.0,29.0,30.0,300.0,300.0,31.5,35.7,29.0,28.200000000000003,30.0,4.96,1.99,4.96,0.16,0.0,0.0,1027.0,8228.0,0.0,0.0,0.0,0.0,0.0,1.0,0.0,0.0,0.0,0.0,0.0,0.4,0.0,0.3,0.0,0.0,16.0,25903.0
2026-07-30T19:02:23.816Z,313.299,313.314,0.0,7.4,0.0,0.0,0.0,0.0,0.0,0.0,0.0,0.0,1.0,0.0,0.0,0.0,9.0,4.0,0.0,0.0,0.0,0.0,0.0,0.0,0.0,0.0,2.0,12.0,1.0,12.15,5.01,2.5,1.49,0.0,0.0,0.0,133.4,0.0,-0.9,-1.1,-1.4,-169.60000000000002,0.0,0.0,169.70000000000002,0.0,21.700000000000003,29.0,29.0,30.0,300.0,300.0,31.5,35.7,29.0,28.200000000000003,30.0,4.95,1.99,4.96,0.16,0.0,0.0,1027.0,8228.0,0.0,0.0,0.0,0.0,0.0,1.0,0.0,0.0,0.0,0.0,0.0,-0.6000000000000001,0.0,0.7000000000000001,0.0,0.0,16.0,25903.0
2026-07-30T19:02:23.827Z,313.31,313.326,0.0,7.4,0.0,0.0,0.0,0.0,0.0,0.0,0.0,0.0,1.0,0.0,0.0,0.0,9.0,4.0,0.0,0.0,0.0,0.0,0.0,0.0,0.0,0.0,3.0,12.0,1.0,12.15,5.01,2.5,1.49,0.0,0.0,0.0,133.3,0.0,-0.3,-0.6000000000000001,1.4,-169.60000000000002,0.0,0.0,169.70000000000002,0.0,21.700000000000003,29.0,29.0,30.0,300.0,300.0,31.5,35.7,29.0,28.200000000000003,30.0,4.96,1.99,4.97,0.16,0.0,0.0,1027.0,8228.0,0.0,0.0,0.0,0.0,0.0,1.0,0.0,0.0,0.0,0.0,0.0,2.4000000000000004,0.0,-1.0,0.0,0.0,16.0,25903.0
2026-07-30T19:02:23.839Z,313.322,313.338,0.0,7.4,0.0,0.0,0.0,0.0,0.0,0.0,0.0,0.0,1.0,0.0,0.0,0.0,9.0,4.0,0.0,0.0,0.0,0.0,0.0,0.0,0.0,0.0,4.0,12.0,1.0,12.17,5.0200000000000005,2.51,1.49,0.0,0.0,0.0,133.20000000000002,0.0,0.2,-1.1,-0.8,-169.60000000000002,0.0,0.0,169.70000000000002,0.0,21.4,29.0,29.0,30.0,300.0,300.0,31.5,35.800000000000004,29.0,28.200000000000003,30.1,4.96,2.0,4.96,0.16,0.0,0.0,1027.0,8228.0,0.0,0.0,0.0,0.0,0.0,1.0,0.0,0.0,0.0,0.0,0.0,-0.1,0.0,0.2,0.0,0.0,16.0,25903.0
2026-07-30T19:02:23.852Z,313.335,313.35,0.0,7.4,0.0,0.0,0.0,0.0,0.0,0.0,0.0,0.0,1.0,0.0,0.0,0.0,9.0,4.0,0.0,0.0,0.0,0.0,0.0,0.0,0.0,0.0,5.0,12.0,1.0,12.17,5.0200000000000005,2.51,1.49,0.0,0.0,0.0,133.1,0.0,0.2,0.6000000000000001,-0.2,-169.60000000000002,0.0,0.0,169.70000000000002,0.0,21.4,29.0,29.0,30.0,300.0,300.0,31.5,35.800000000000004,29.0,28.200000000000003,30.1,4.96,1.99,4.97,0.16,0.0,0.0,1027.0,8228.0,0.0,0.0,0.0,0.0,0.0,1.0,0.0,0.0,0.0,0.0,0.0,0.9,0.0,-0.1,0.0,0.0,16.0,25903.0
2026-07-30T19:02:23.864Z,313.347,313.362,0.0,7.4,0.0,0.0,0.0,0.0,0.0,0.0,0.0,0.0,1.0,0.0,0.0,0.0,9.0,4.0,0.0,0.0,0.0,0.0,0.0,0.0,0.0,0.0,1.0,12.0,1.0,12.17,5.0200000000000005,2.51,1.49,0.0,0.0,0.0,133.0,0.0,-0.3,1.2000000000000002,0.9,-169.60000000000002,0.0,0.0,169.70000000000002,0.0,21.4,29.0,29.0,30.0,300.0,300.0,31.5,35.800000000000004,29.0,28.200000000000003,30.1,4.96,2.0,4.97,0.16,0.0,0.0,1027.0,8228.0,0.0,0.0,0.0,0.0,0.0,1.0,0.0,0.0,0.0,0.0,0.0,-1.4,0.0,0.0,0.0,0.0,16.0,25903.0
2026-07-30T19:02:23.876Z,313.359,313.374,0.0,7.4,0.0,0.0,0.0,0.0,0.0,0.0,0.0,0.0,1.0,0.0,0.0,0.0,9.0,4.0,0.0,0.0,0.0,0.0,0.0,0.0,0.0,0.0,2.0,12.0,1.0,12.17,5.0200000000000005,2.51,1.49,0.0,0.0,0.0,132.9,0.0,0.2,0.0,1.0,-169.60000000000002,0.0,0.0,169.70000000000002,0.0,21.4,29.0,29.0,30.0,300.0,300.0,31.5,35.800000000000004,29.0,28.200000000000003,30.1,4.96,2.0,4.97,0.16,0.0,0.0,1027.0,8228.0,0.0,0.0,0.0,0.0,0.0,1.0,0.0,0.0,0.0,0.0,0.0,0.8,0.0,-0.8,0.0,0.0,16.0,25903.0
2026-07-30T19:02:23.888Z,313.371,313.386,0.0,7.4,0.0,0.0,0.0,0.0,0.0,0.0,0.0,0.0,1.0,0.0,0.0,0.0,9.0,4.0,0.0,0.0,0.0,0.0,0.0,0.0,0.0,0.0,3.0,12.0,1.0,12.17,5.0200000000000005,2.51,1.49,0.0,0.0,0.0,132.8,0.0,0.2,0.6000000000000001,1.6,-169.60000000000002,0.0,0.0,169.70000000000002,0.0,21.4,29.0,29.0,30.0,300.0,300.0,31.5,35.800000000000004,29.0,28.200000000000003,30.1,4.95,2.0,4.97,0.16,0.0,0.0,1027.0,8228.0,0.0,0.0,0.0,0.0,0.0,1.0,0.0,0.0,0.0,0.0,0.0,1.9,0.0,-1.2000000000000002,0.0,0.0,16.0,25903.0
2026-07-30T19:02:23.900Z,313.383,313.398,0.0,7.4,0.0,0.0,0.0,0.0,0.0,0.0,0.0,0.0,1.0,0.0,0.0,0.0,9.0,4.0,0.0,0.0,0.0,0.0,0.0,0.0,0.0,0.0,4.0,12.0,1.0,12.17,5.0200000000000005,2.51,1.49,0.0,0.0,0.0,132.70000000000002,0.0,0.2,0.0,0.4,-169.60000000000002,0.0,0.0,169.8,0.0,21.4,29.0,29.0,30.0,300.0,300.0,31.5,35.800000000000004,29.0,28.200000000000003,30.1,4.95,1.99,4.97,0.16,0.0,0.0,1027.0,8228.0,0.0,0.0,0.0,0.0,0.0,1.0,0.0,0.0,0.0,0.0,0.0,-0.1,0.0,1.2000000000000002,0.0,0.0,16.0,25903.0
2026-07-30T19:02:23.912Z,313.395,313.41,0.0,7.4,0.0,0.0,0.0,0.0,0.0,0.0,0.0,0.0,1.0,0.0,0.0,0.0,9.0,4.0,0.0,0.0,0.0,0.0,0.0,0.0,0.0,0.0,5.0,12.0,1.0,12.17,5.0200000000000005,2.51,1.49,0.0,0.1,0.0,132.6,0.0,0.9,-0.4,0.0,-169.60000000000002,0.0,0.0,169.70000000000002,0.0,21.4,29.0,29.0,30.0,300.0,300.0,31.5,35.800000000000004,29.0,28.200000000000003,30.1,4.95,1.99,4.97,0.15,0.0,0.0,1027.0,8228.0,0.0,0.0,0.0,0.0,0.0,1.0,0.0,0.0,0.0,0.0,0.0,-0.6000000000000001,0.0,0.0,0.0,0.0,16.0,25903.0
2026-07-30T19:02:23.923Z,313.406,313.422,0.0,7.4,0.0,0.0,0.0,0.0,0.0,0.0,0.0,0.0,1.0,0.0,0.0,0.0,9.0,4.0,0.0,0.0,0.0,0.0,0.0,0.0,0.0,0.0,6.0,12.0,1.0,12.17,5.0200000000000005,2.51,1.49,0.0,0.0,0.0,132.4,0.0,-0.2,0.7000000000000001,1.0,-169.60000000000002,0.0,0.0,169.70000000000002,0.0,21.4,29.0,29.0,30.0,300.0,300.0,31.5,35.800000000000004,29.0,28.200000000000003,30.1,4.96,1.99,4.96,0.16,0.0,0.0,1027.0,8228.0,0.0,0.0,0.0,0.0,0.0,1.0,0.0,0.0,0.0,0.0,0.0,1.6,0.0,-0.7000000000000001,0.0,0.0,16.0,25903.0
2026-07-30T19:02:23.936Z,313.419,313.434,0.0,7.4,0.0,0.0,0.0,0.0,0.0,0.0,0.0,0.0,1.0,0.0,0.0,0.0,9.0,4.0,0.0,0.0,0.0,0.0,0.0,0.0,0.0,0.0,2.0,12.0,1.0,12.18,5.01,2.51,1.5,0.0,0.1,0.0,132.3,0.0,-0.2,-1.0,1.0,-169.60000000000002,0.0,0.0,169.60000000000002,0.0,21.3,29.0,29.0,30.0,300.0,300.0,31.6,35.800000000000004,28.9,28.200000000000003,30.1,4.95,1.99,4.97,0.16,0.0,0.0,1027.0,8228.0,0.0,0.0,0.0,0.0,0.0,1.0,0.0,0.0,0.0,0.0,0.0,-0.3,0.0,-1.1,0.0,0.0,16.0,25903.0
2026-07-30T19:02:23.948Z,313.431,313.446,0.0,7.4,0.0,0.0,0.0,0.0,0.0,0.0,0.0,0.0,1.0,0.0,0.0,0.0,9.0,4.0,0.0,0.0,0.0,0.0,0.0,0.0,0.0,0.0,3.0,12.0,1.0,12.18,5.01,2.51,1.5,0.0,0.0,0.0,132.20000000000002,0.0,-0.7000000000000001,-0.4,-0.1,-169.60000000000002,0.0,0.0,169.60000000000002,0.0,21.3,29.0,29.0,30.0,300.0,300.0,31.6,35.800000000000004,28.9,28.200000000000003,30.1,4.95,1.99,4.96,0.16,0.0,0.0,1027.0,8228.0,0.0,0.0,0.0,0.0,0.0,1.0,0.0,0.0,0.0,0.0,0.0,-0.6000000000000001,0.0,0.0,0.0,0.0,16.0,25903.0
2026-07-30T19:02:23.960Z,313.443,313.458,0.0,7.4,0.0,0.0,0.0,0.0,0.0,0.0,0.0,0.0,1.0,0.0,0.0,0.0,9.0,4.0,0.0,0.0,0.0,0.0,0.0,0.0,0.0,0.0,5.0,12.0,1.0,12.18,5.01,2.51,1.5,0.0,0.0,0.0,132.1,0.0,0.9,1.9,1.0,-169.60000000000002,0.0,0.0,169.8,0.0,21.3,29.0,29.0,30.0,300.0,300.0,31.6,35.800000000000004,28.9,28.200000000000003,30.1,4.96,2.0,4.96,0.16,0.0,0.0,1027.0,8228.0,0.0,0.0,0.0,0.0,0.0,1.0,0.0,0.0,0.0,0.0,0.0,-0.7000000000000001,0.0,1.1,0.0,0.0,16.0,25903.0
2026-07-30T19:02:23.972Z,313.455,313.47,0.0,7.4,0.0,0.0,0.0,0.0,0.0,0.0,0.0,0.0,1.0,0.0,0.0,0.0,9.0,4.0,0.0,0.0,0.0,0.0,0.0,0.0,0.0,0.0,6.0,12.0,1.0,12.18,5.01,2.51,1.5,0.0,0.0,0.0,132.1,0.0,1.5,-0.4,0.4,-169.70000000000002,0.0,0.0,169.8,0.0,21.3,29.0,29.0,30.0,300.0,300.0,31.6,35.800000000000004,28.9,28.200000000000003,30.1,4.95,2.0,4.97,0.16,0.0,0.0,1027.0,8228.0,0.0,0.0,0.0,0.0,0.0,1.0,0.0,0.0,0.0,0.0,0.0,-0.1,0.0,-0.4,0.0,0.0001,16.0,25903.0
2026-07-30T19:02:23.983Z,313.466,313.482,0.0,7.4,0.0,0.0,0.0,0.0,0.0,0.0,0.0,0.0,1.0,0.0,0.0,0.0,9.0,4.0,0.0,0.0,0.0,0.0,0.0,0.0,0.0,0.0,1.0,12.0,1.0,12.18,5.01,2.51,1.5,0.0,0.0,0.0,131.8,0.0,-0.2,0.1,-0.1,-169.70000000000002,0.0,0.0,169.70000000000002,0.0,21.3,29.0,29.0,30.0,300.0,300.0,31.6,35.800000000000004,28.9,28.200000000000003,30.1,4.95,1.99,4.97,0.16,0.0,0.0,1027.0,8228.0,0.0,0.0,0.0,0.0,0.0,1.0,0.0,0.0,0.0,0.0,0.0,0.0,0.0,0.1,0.0,0.0,16.0,25903.0
2026-07-30T19:02:23.996Z,313.479,313.494,0.0,7.4,0.0,0.0,0.0,0.0,0.0,0.0,0.0,0.0,1.0,0.0,0.0,0.0,9.0,4.0,0.0,0.0,0.0,0.0,0.0,0.0,0.0,0.0,3.0,12.0,1.0,12.18,5.01,2.51,1.5,0.0,0.1,0.0,131.8,0.0,-0.2,0.2,-0.1,-169.70000000000002,0.0,0.0,169.8,0.0,21.3,29.0,29.0,30.0,300.0,300.0,31.6,35.800000000000004,28.9,28.200000000000003,30.1,4.95,1.99,4.96,0.16,0.0,0.0,1027.0,8228.0,0.0,0.0,0.0,0.0,0.0,1.0,0.0,0.0,0.0,0.0,0.0,0.1,0.0,0.1,0.0,0.0,16.0,25903.0
2026-07-30T19:02:24.008Z,313.491,313.50600000000003,0.0,7.4,0.0,0.0,0.0,0.0,0.0,0.0,0.0,0.0,1.0,0.0,0.0,0.0,9.0,4.0,0.0,0.0,0.0,0.0,0.0,0.0,0.0,0.0,4.0,12.0,1.0,12.18,5.01,2.51,1.5,0.0,0.0,0.0,131.70000000000002,0.0,0.3,0.2,0.4,-169.70000000000002,0.0,0.0,169.70000000000002,0.0,21.3,29.0,29.0,30.0,300.0,300.0,31.6,35.800000000000004,28.9,28.200000000000003,30.1,4.96,1.99,4.96,0.15,0.0,0.0,1027.0,8228.0,0.0,0.0,0.0,0.0,0.0,1.0,0.0,0.0,0.0,0.0,0.0,0.6000000000000001,0.0,-0.3,0.0,0.0,16.0,25903.0
2026-07-30T19:02:24.020Z,313.503,313.51800000000003,0.0,7.4,0.0,0.0,0.0,0.0,0.0,0.0,0.0,0.0,1.0,0.0,0.0,0.0,9.0,4.0,0.0,0.0,0.0,0.0,0.0,0.0,0.0,0.0,5.0,12.0,1.0,12.18,5.01,2.51,1.5,0.0,0.0,0.0,131.6,0.0,0.3,0.8,1.6,-169.70000000000002,0.0,0.0,169.8,0.0,21.3,29.0,29.0,30.0,300.0,300.0,31.6,35.800000000000004,28.9,28.200000000000003,30.1,4.95,1.99,4.97,0.16,0.0,0.0,1027.0,8228.0,0.0,0.0,0.0,0.0,0.0,1.0,0.0,0.0,0.0,0.0,0.0,-2.0,0.0,0.9,0.0,0.0001,16.0,25903.0
2026-07-30T19:02:24.032Z,313.515,313.53000000000003,0.0,7.4,0.0,0.0,0.0,0.0,0.0,0.0,0.0,0.0,1.0,0.0,0.0,0.0,9.0,4.0,0.0,0.0,0.0,0.0,0.0,0.0,0.0,0.0,6.0,12.0,1.0,12.18,5.01,2.51,1.5,0.0,0.0,0.0,131.5,0.0,0.3,-0.3,-0.1,-169.70000000000002,0.0,0.0,169.70000000000002,0.0,21.3,29.0,29.0,30.0,300.0,300.0,31.6,35.800000000000004,28.9,28.200000000000003,30.1,4.96,2.0,4.96,0.16,0.0,0.0,1027.0,8228.0,0.0,0.0,0.0,0.0,0.0,1.0,0.0,0.0,0.0,0.0,0.0,-0.5,0.0,0.0,0.0,0.0001,16.0,25903.0
2026-07-30T19:02:24.044Z,313.527,313.54200000000003,0.0,7.4,0.0,0.0,0.0,0.0,0.0,0.0,0.0,0.0,1.0,0.0,0.0,0.0,9.0,4.0,0.0,0.0,0.0,0.0,0.0,0.0,0.0,0.0,1.0,12.0,1.0,12.18,5.01,2.51,1.49,0.0,0.0,0.0,131.4,0.0,-0.8,1.4,1.0,-169.70000000000002,0.0,0.0,169.60000000000002,0.0,21.8,29.0,29.0,30.0,300.0,300.0,31.700000000000003,35.7,28.9,28.200000000000003,30.1,4.96,2.0,4.96,0.16,0.0,0.0,1027.0,8228.0,0.0,0.0,0.0,0.0,0.0,1.0,0.0,0.0,0.0,0.0,0.0,2.3000000000000003,0.0,-0.6000000000000001,0.0,0.0001,16.0,25903.0
2026-07-30T19:02:24.056Z,313.539,313.55400000000003,0.0,7.4,0.0,0.0,0.0,0.0,0.0,0.0,0.0,0.0,1.0,0.0,0.0,0.0,9.0,4.0,0.0,0.0,0.0,0.0,0.0,0.0,0.0,0.0,2.0,12.0,1.0,12.18,5.01,2.51,1.49,0.0,0.0,0.0,131.20000000000002,0.0,0.3,2.0,-0.1,-169.70000000000002,0.0,0.0,169.70000000000002,0.0,21.8,29.0,29.0,30.0,300.0,300.0,31.700000000000003,35.7,28.9,28.200000000000003,30.1,4.95,1.99,4.96,0.16,0.0,0.0,1027.0,8228.0,0.0,0.0,0.0,0.0,0.0,1.0,0.0,0.0,0.0,0.0,0.0,2.1,0.0,0.5,0.0,0.0,16.0,25903.0
2026-07-30T19:02:24.068Z,313.551,313.56600000000003,0.0,7.4,0.0,0.0,0.0,0.0,0.0,0.0,0.0,0.0,1.0,0.0,0.0,0.0,9.0,4.0,0.0,0.0,0.0,0.0,0.0,0.0,0.0,0.0,4.0,12.0,1.0,12.18,5.01,2.51,1.49,0.0,0.0,0.0,131.4,0.0,-0.8,-0.9,0.4,-169.70000000000002,0.0,0.0,169.70000000000002,0.0,21.8,29.0,29.0,30.0,300.0,300.0,31.700000000000003,35.7,28.9,28.200000000000003,30.1,4.95,1.99,4.97,0.16,0.0,0.0,1027.0,8228.0,0.0,0.0,0.0,0.0,0.0,1.0,0.0,0.0,0.0,0.0,0.0,-0.7000000000000001,0.0,-0.6000000000000001,0.0,0.0,16.0,25903.0
2026-07-30T19:02:24.080Z,313.563,313.57800000000003,0.0,7.4,0.0,0.0,0.0,0.0,0.0,0.0,0.0,0.0,1.0,0.0,0.0,0.0,9.0,4.0,0.0,0.0,0.0,0.0,0.0,0.0,0.0,0.0,5.0,12.0,1.0,12.18,5.01,2.51,1.49,0.0,0.0,0.0,131.6,0.0,0.3,0.2,-0.1,-169.70000000000002,0.0,0.0,169.60000000000002,0.0,21.8,29.0,29.0,30.0,300.0,300.0,31.700000000000003,35.7,28.9,28.200000000000003,30.1,4.96,1.99,4.96,0.16,0.0,0.0,1027.0,8228.0,0.0,0.0,0.0,0.0,0.0,1.0,0.0,0.0,0.0,0.0,0.0,0.1,0.0,0.1,0.0,0.0,16.0,25903.0
2026-07-30T19:02:24.091Z,313.574,313.59000000000003,0.0,7.4,0.0,0.0,0.0,0.0,0.0,0.0,0.0,0.0,1.0,0.0,0.0,0.0,9.0,4.0,0.0,0.0,0.0,0.0,0.0,0.0,0.0,0.0,6.0,12.0,1.0,12.18,5.01,2.51,1.49,0.0,0.0,0.0,131.8,0.0,0.2,-0.3,-0.1,-169.70000000000002,0.0,0.0,169.70000000000002,0.0,21.8,29.0,29.0,30.0,300.0,300.0,31.700000000000003,35.7,28.9,28.200000000000003,30.1,4.96,1.99,4.97,0.16,0.0,0.0,1027.0,8228.0,0.0,0.0,0.0,0.0,0.0,1.0,0.0,0.0,0.0,0.0,0.0,-0.5,0.0,0.0,0.0,0.0,16.0,25903.0
2026-07-30T19:02:24.104Z,313.587,313.60200000000003,0.0,7.4,0.0,0.0,0.0,0.0,0.0,0.0,0.0,0.0,1.0,0.0,0.0,0.0,9.0,4.0,0.0,0.0,0.0,0.0,0.0,0.0,0.0,0.0,2.0,12.0,1.0,12.18,5.01,2.51,1.49,0.0,0.0,0.0,132.0,0.0,-0.3,1.4,0.9,-169.70000000000002,0.0,0.0,169.70000000000002,0.0,21.8,29.0,29.0,30.0,300.0,300.0,31.700000000000003,35.7,28.9,28.200000000000003,30.1,4.95,1.99,4.97,0.16,0.0,0.0,1027.0,8228.0,0.0,0.0,0.0,0.0,0.0,1.0,0.0,0.0,0.0,0.0,0.0,2.3000000000000003,0.0,-0.5,0.0,0.0,16.0,25903.0
2026-07-30T19:02:24.115Z,313.598,313.61400000000003,0.0,7.4,0.0,0.0,0.0,0.0,0.0,0.0,0.0,0.0,1.0,0.0,0.0,0.0,9.0,4.0,0.0,0.0,0.0,0.0,0.0,0.0,0.0,0.0,3.0,12.0,1.0,12.18,5.01,2.51,1.49,0.0,0.0,0.0,132.20000000000002,0.0,0.2,0.2,0.4,-169.70000000000002,0.0,0.0,169.60000000000002,0.0,21.8,29.0,29.0,30.0,300.0,300.0,31.700000000000003,35.7,28.9,28.200000000000003,30.1,4.96,1.99,4.96,0.16,0.0,0.0,1027.0,8228.0,0.0,0.0,0.0,0.0,0.0,1.0,0.0,0.0,0.0,0.0,0.0,0.5,0.0,-0.3,0.0,0.0,16.0,25903.0
2026-07-30T19:02:24.128Z,313.611,313.62600000000003,0.0,7.4,0.0,0.0,0.0,0.0,0.0,0.0,0.0,0.0,1.0,0.0,0.0,0.0,9.0,4.0,0.0,0.0,0.0,0.0,0.0,0.0,0.0,0.0,5.0,12.0,1.0,12.18,5.01,2.51,1.49,0.0,0.0,0.0,132.3,0.0,0.2,-0.9,0.9,-169.60000000000002,0.0,0.0,169.70000000000002,0.0,21.8,29.0,29.0,30.0,300.0,300.0,31.700000000000003,35.7,28.9,28.200000000000003,30.1,4.96,1.99,4.97,0.16,0.0,0.0,1027.0,8228.0,0.0,0.0,0.0,0.0,0.0,1.0,0.0,0.0,0.0,0.0,0.0,-0.3,0.0,-1.0,0.0,0.0,16.0,25903.0
2026-07-30T19:02:24.140Z,313.623,313.63800000000003,0.0,7.4,0.0,0.0,0.0,0.0,0.0,0.0,0.0,0.0,1.0,0.0,0.0,0.0,9.0,4.0,0.0,0.0,0.0,0.0,0.0,0.0,0.0,0.0,6.0,12.0,1.0,12.17,5.0200000000000005,2.51,1.49,0.0,0.0,0.0,132.5,0.0,0.8,0.7000000000000001,1.0,-169.60000000000002,0.0,0.0,169.70000000000002,0.0,20.8,29.0,29.0,30.0,300.0,300.0,31.6,35.7,28.9,28.200000000000003,30.0,4.96,1.99,4.97,0.16,0.0,0.0,1027.0,8228.0,0.0,0.0,0.0,0.0,0.0,1.0,0.0,0.0,0.0,0.0,0.0,1.6,0.0,-0.7000000000000001,0.0,0.0,16.0,25903.0
2026-07-30T19:02:24.152Z,313.635,313.65000000000003,0.0,7.4,0.0,0.0,0.0,0.0,0.0,0.0,0.0,0.0,1.0,0.0,0.0,0.0,9.0,4.0,0.0,0.0,0.0,0.0,0.0,0.0,0.0,0.0,1.0,12.0,1.0,12.17,5.0200000000000005,2.51,1.49,0.0,0.0,0.0,132.8,0.0,0.2,1.3,1.0,-169.60000000000002,0.0,0.0,169.60000000000002,0.0,20.8,29.0,29.0,30.0,300.0,300.0,31.6,35.7,28.9,28.200000000000003,30.0,4.95,1.99,4.97,0.16,0.0,0.0,1027.0,8228.0,0.0,0.0,0.0,0.0,0.0,1.0,0.0,0.0,0.0,0.0,0.0,2.3000000000000003,0.0,-0.6000000000000001,0.0,0.0,16.0,25903.0
2026-07-30T19:02:24.164Z,313.647,313.66200000000003,0.0,7.4,0.0,0.0,0.0,0.0,0.0,0.0,0.0,0.0,1.0,0.0,0.0,0.0,9.0,4.0,0.0,0.0,0.0,0.0,0.0,0.0,0.0,0.0,3.0,12.0,1.0,12.17,5.0200000000000005,2.51,1.49,0.0,0.0,0.0,132.9,0.0,0.2,-0.4,0.4,-169.60000000000002,0.0,0.0,169.70000000000002,0.0,20.8,29.0,29.0,30.0,300.0,300.0,31.6,35.7,28.9,28.200000000000003,30.0,4.96,1.99,4.96,0.16,0.0,0.0,1027.0,8228.0,0.0,0.0,0.0,0.0,0.0,1.0,0.0,0.0,0.0,0.0,0.0,-0.1,0.0,-0.4,0.0,0.0,16.0,25903.0
2026-07-30T19:02:24.175Z,313.658,313.674,0.0,7.4,0.0,0.0,0.0,0.0,0.0,0.0,0.0,0.0,1.0,0.0,0.0,0.0,9.0,4.0,0.0,0.0,0.0,0.0,0.0,0.0,0.0,0.0,4.0,12.0,1.0,12.17,5.0200000000000005,2.51,1.49,0.0,0.1,0.0,133.1,0.0,0.3,-0.3,-0.6000000000000001,-169.60000000000002,0.0,0.0,169.70000000000002,0.0,20.8,29.0,29.0,30.0,300.0,300.0,31.6,35.7,28.9,28.200000000000003,30.0,4.95,1.99,4.97,0.16,0.0,0.0,1027.0,8228.0,0.0,0.0,0.0,0.0,0.0,1.0,0.0,0.0,0.0,0.0,0.0,-0.9,0.0,0.5,0.0,0.0,16.0,25903.0
2026-07-30T19:02:24.188Z,313.671,313.686,0.0,7.4,0.0,0.0,0.0,0.0,0.0,0.0,0.0,0.0,1.0,0.0,0.0,0.0,9.0,4.0,0.0,0.0,0.0,0.0,0.0,0.0,0.0,0.0,6.0,12.0,1.0,12.17,5.0200000000000005,2.51,1.49,0.0,0.0,0.0,133.20000000000002,0.0,0.3,-0.4,0.0,-169.60000000000002,0.0,0.0,169.60000000000002,0.0,20.8,29.0,29.0,30.0,300.0,300.0,31.6,35.7,28.9,28.200000000000003,30.0,4.95,1.99,4.97,0.16,0.0,0.0,1027.0,8228.0,0.0,0.0,0.0,0.0,0.0,1.0,0.0,0.0,0.0,0.0,0.0,-0.5,0.0,0.0,0.0,0.0,16.0,25903.0
2026-07-30T19:02:24.200Z,313.683,313.698,0.0,7.4,0.0,0.0,0.0,0.0,0.0,0.0,0.0,0.0,1.0,0.0,0.0,0.0,9.0,4.0,0.0,0.0,0.0,0.0,0.0,0.0,0.0,0.0,1.0,12.0,1.0,12.17,5.0200000000000005,2.51,1.49,0.0,0.0,0.0,133.5,0.0,0.8,0.7000000000000001,0.0,-169.60000000000002,0.0,0.0,169.70000000000002,0.0,20.8,29.0,29.0,30.0,300.0,300.0,31.6,35.7,28.9,28.200000000000003,30.0,4.96,1.99,4.97,0.16,0.0,0.0,1027.0,8228.0,0.0,0.0,0.0,0.0,0.0,1.0,0.0,0.0,0.0,0.0,0.0,0.7000000000000001,0.0,0.1,0.0,0.0,16.0,25903.0
2026-07-30T19:02:24.211Z,313.694,313.71,0.0,7.4,0.0,0.0,0.0,0.0,0.0,0.0,0.0,0.0,1.0,0.0,0.0,0.0,9.0,4.0,0.0,0.0,0.0,0.0,0.0,0.0,0.0,0.0,2.0,12.0,1.0,12.17,5.0200000000000005,2.51,1.49,0.0,0.0,0.0,133.6,0.0,-0.3,-0.4,0.0,-169.60000000000002,0.0,0.0,169.70000000000002,0.0,20.8,29.0,29.0,30.0,300.0,300.0,31.6,35.7,28.9,28.200000000000003,30.0,4.95,1.99,4.96,0.16,0.0,0.0,1027.0,8228.0,0.0,0.0,0.0,0.0,0.0,1.0,0.0,0.0,0.0,0.0,0.0,-0.5,0.0,0.0,0.0,0.0,16.0,25903.0
2026-07-30T19:02:24.224Z,313.707,313.722,0.0,7.4,0.0,0.0,0.0,0.0,0.0,0.0,0.0,0.0,1.0,0.0,0.0,0.0,9.0,4.0,0.0,0.0,0.0,0.0,0.0,0.0,0.0,0.0,4.0,12.0,1.0,12.17,5.0200000000000005,2.51,1.49,0.0,0.0,0.0,133.8,0.0,-0.3,0.7000000000000001,0.0,-169.60000000000002,0.0,0.0,169.70000000000002,0.0,20.8,29.0,29.0,30.0,300.0,300.0,31.6,35.7,28.9,28.200000000000003,30.0,4.95,1.99,4.97,0.16,0.0,0.0,1027.0,8228.0,0.0,0.0,0.0,0.0,0.0,1.0,0.0,0.0,0.0,0.0,0.0,0.7000000000000001,0.0,0.2,0.0,0.0,16.0,25903.0
2026-07-30T19:02:24.236Z,313.719,313.734,0.0,7.4,0.0,0.0,0.0,0.0,0.0,0.0,0.0,0.0,1.0,0.0,0.0,0.0,9.0,4.0,0.0,0.0,0.0,0.0,0.0,0.0,0.0,0.0,5.0,12.0,1.0,12.17,5.0200000000000005,2.51,1.49,0.0,0.0,0.0,134.0,0.0,-0.8,-0.4,-0.6000000000000001,-169.60000000000002,0.0,0.0,169.70000000000002,0.0,20.8,29.0,29.0,30.0,300.0,300.0,31.6,35.7,28.9,28.200000000000003,30.0,4.95,1.99,4.96,0.16,0.0,0.0,1027.0,8228.0,0.0,0.0,0.0,0.0,0.0,1.0,0.0,0.0,0.0,0.0,0.0,-0.9,0.0,0.4,0.0,0.0,16.0,25903.0
2026-07-30T19:02:24.247Z,313.73,313.746,0.0,7.4,0.0,0.0,0.0,0.0,0.0,0.0,0.0,0.0,1.0,0.0,0.0,0.0,9.0,4.0,0.0,0.0,0.0,0.0,0.0,0.0,0.0,0.0,1.0,12.0,1.0,12.17,5.01,2.51,1.49,0.0,0.1,0.0,134.20000000000002,0.0,-0.2,1.3,1.1,-169.60000000000002,0.0,0.0,169.8,0.0,21.700000000000003,29.0,29.0,30.0,300.0,300.0,31.6,35.7,28.9,28.200000000000003,30.0,4.96,1.99,4.96,0.16,0.0,0.0,1027.0,8228.0,0.0,0.0,0.0,0.0,0.0,1.0,0.0,0.0,0.0,0.0,0.0,2.3000000000000003,0.0,-0.7000000000000001,0.0,0.0,16.0,25903.0
2026-07-30T19:02:24.260Z,313.743,313.758,0.0,7.4,0.0,0.0,0.0,0.0,0.0,0.0,0.0,0.0,1.0,0.0,0.0,0.0,9.0,4.0,0.0,0.0,0.0,0.0,0.0,0.0,0.0,0.0,3.0,12.0,1.0,12.17,5.01,2.51,1.49,0.0,0.1,0.0,134.3,0.0,0.3,-0.4,0.5,-169.60000000000002,0.0,0.0,169.8,0.0,21.700000000000003,29.0,29.0,30.0,300.0,300.0,31.6,35.7,28.9,28.200000000000003,30.0,4.95,1.99,4.97,0.16,0.0,0.0,1027.0,8228.0,0.0,0.0,0.0,0.0,0.0,1.0,0.0,0.0,0.0,0.0,0.0,0.0,0.0,-0.5,0.0,0.0001,16.0,25903.0
2026-07-30T19:02:24.271Z,313.754,313.77,0.0,7.4,0.0,0.0,0.0,0.0,0.0,0.0,0.0,0.0,1.0,0.0,0.0,0.0,9.0,4.0,0.0,0.0,0.0,0.0,0.0,0.0,0.0,0.0,4.0,12.0,1.0,12.17,5.01,2.51,1.49,0.0,0.1,0.0,134.5,0.0,0.3,-1.0,0.5,-169.70000000000002,0.0,0.0,169.8,0.0,21.700000000000003,29.0,29.0,30.0,300.0,300.0,31.6,35.7,28.9,28.200000000000003,30.0,4.96,1.99,4.97,0.16,0.0,0.0,1027.0,8228.0,0.0,0.0,0.0,0.0,0.0,1.0,0.0,0.0,0.0,0.0,0.0,-0.7000000000000001,0.0,-0.6000000000000001,0.0,0.0,16.0,25903.0
2026-07-30T19:02:24.284Z,313.767,313.782,0.0,7.4,0.0,0.0,0.0,0.0,0.0,0.0,0.0,0.0,1.0,0.0,0.0,0.0,9.0,4.0,0.0,0.0,0.0,0.0,0.0,0.0,0.0,0.0,6.0,12.0,1.0,12.17,5.01,2.51,1.49,0.0,0.1,0.0,134.70000000000002,0.0,-0.8,1.3,0.5,-169.70000000000002,0.0,0.0,169.8,0.0,21.700000000000003,29.0,29.0,30.0,300.0,300.0,31.6,35.7,28.9,28.200000000000003,30.0,4.96,2.0,4.96,0.16,0.0,0.0,1027.0,8228.0,0.0,0.0,0.0,0.0,0.0,1.0,0.0,0.0,0.0,0.0,0.0,1.8,0.0,-0.1,0.0,0.0001,16.0,25903.0
2026-07-30T19:02:24.295Z,313.778,313.794,0.0,7.4,0.0,0.0,0.0,0.0,0.0,0.0,0.0,0.0,1.0,0.0,0.0,0.0,9.0,4.0,0.0,0.0,0.0,0.0,0.0,0.0,0.0,0.0,1.0,12.0,1.0,12.17,5.01,2.51,1.49,0.0,0.1,0.0,134.9,0.0,0.3,1.2000000000000002,1.0,-169.70000000000002,0.0,0.0,169.70000000000002,0.0,21.700000000000003,29.0,29.0,30.0,300.0,300.0,31.6,35.7,28.9,28.200000000000003,30.0,4.96,1.99,4.96,0.16,0.0,0.0,1027.0,8228.0,0.0,0.0,0.0,0.0,0.0,1.0,0.0,0.0,0.0,0.0,0.0,2.2,0.0,-0.6000000000000001,0.0,0.0,16.0,25903.0
2026-07-30T19:02:24.308Z,313.791,313.806,0.0,7.4,0.0,0.0,0.0,0.0,0.0,0.0,0.0,0.0,1.0,0.0,0.0,0.0,9.0,4.0,0.0,0.0,0.0,0.0,0.0,0.0,0.0,0.0,3.0,12.0,1.0,12.17,5.01,2.51,1.49,0.0,0.0,0.0,134.8,0.0,-0.2,-1.1,0.0,-169.70000000000002,0.0,0.0,169.70000000000002,0.0,21.700000000000003,29.0,29.0,30.0,300.0,300.0,31.6,35.7,28.9,28.200000000000003,30.0,4.96,1.99,4.96,0.16,0.0,0.0,1027.0,8228.0,0.0,0.0,0.0,0.0,0.0,1.0,0.0,0.0,0.0,0.0,0.0,-1.3,0.0,-0.1,0.0,0.0001,16.0,25903.0
2026-07-30T19:02:24.320Z,313.803,313.818,0.0,7.4,0.0,0.0,0.0,0.0,0.0,0.0,0.0,0.0,1.0,0.0,0.0,0.0,9.0,4.0,0.0,0.0,0.0,0.0,0.0,0.0,0.0,0.0,4.0,12.0,1.0,12.17,5.01,2.51,1.49,0.0,0.1,0.0,134.70000000000002,0.0,0.9,-1.1,-0.6000000000000001,-169.70000000000002,0.0,0.0,169.70000000000002,0.0,21.700000000000003,29.0,29.0,30.0,300.0,300.0,31.6,35.7,28.9,28.200000000000003,30.0,4.96,1.99,4.96,0.16,0.0,0.0,1027.0,8228.0,0.0,0.0,0.0,0.0,0.0,1.0,0.0,0.0,0.0,0.0,0.0,-1.7000000000000002,0.0,0.3,0.0,0.0,16.0,25903.0
2026-07-30T19:02:24.332Z,313.815,313.83,0.0,7.4,0.0,0.0,0.0,0.0,0.0,0.0,0.0,0.0,1.0,0.0,0.0,0.0,9.0,4.0,0.0,0.0,0.0,0.0,0.0,0.0,0.0,0.0,6.0,12.0,1.0,12.17,5.01,2.51,1.49,0.0,0.0,0.0,134.6,0.0,0.8,0.6000000000000001,2.8000000000000003,-169.70000000000002,0.0,0.0,169.8,0.0,21.700000000000003,29.0,29.0,30.0,300.0,300.0,31.6,35.7,28.9,28.200000000000003,30.0,4.96,1.99,4.97,0.16,0.0,0.0,1027.0,8228.0,0.0,0.0,0.0,0.0,0.0,1.0,0.0,0.0,0.0,0.0,0.0,0.0,0.0,0.0,0.0,0.0001,16.0,25903.0
2026-07-30T19:02:24.344Z,313.827,313.842,0.0,7.4,0.0,0.0,0.0,0.0,0.0,0.0,0.0,0.0,1.0,0.0,0.0,0.0,9.0,4.0,0.0,0.0,0.0,0.0,0.0,0.0,0.0,0.0,1.0,12.0,1.0,12.17,5.01,2.5,1.49,0.0,0.0,0.0,134.5,0.0,0.2,0.0,1.1,-169.70000000000002,0.0,0.0,169.70000000000002,0.0,21.700000000000003,29.0,29.0,30.0,300.0,300.0,31.6,35.800000000000004,29.0,28.200000000000003,30.0,4.95,1.99,4.97,0.16,0.0,0.0,1027.0,8228.0,0.0,0.0,0.0,0.0,0.0,1.0,0.0,0.0,0.0,0.0,0.0,-1.0,0.0,0.4,0.0,0.0,16.0,25903.0
2026-07-30T19:02:24.356Z,313.839,313.854,0.0,7.4,0.0,0.0,0.0,0.0,0.0,0.0,0.0,0.0,1.0,0.0,0.0,0.0,9.0,4.0,0.0,0.0,0.0,0.0,0.0,0.0,0.0,0.0,2.0,12.0,1.0,12.17,5.01,2.5,1.49,0.0,0.0,0.0,134.4,0.0,-0.2,-1.1,-1.2000000000000002,-169.70000000000002,0.0,0.0,169.70000000000002,0.0,21.700000000000003,29.0,29.0,30.0,300.0,300.0,31.6,35.800000000000004,29.0,28.200000000000003,30.0,4.96,1.99,4.97,0.17,0.0,0.0,1027.0,8228.0,0.0,0.0,0.0,0.0,0.0,1.0,0.0,0.0,0.0,0.0,0.0,1.7000000000000002,0.0,-0.2,0.0,0.0001,16.0,25903.0
2026-07-30T19:02:24.368Z,313.851,313.866,0.0,7.4,0.0,0.0,0.0,0.0,0.0,0.0,0.0,0.0,1.0,0.0,0.0,0.0,9.0,4.0,0.0,0.0,0.0,0.0,0.0,0.0,0.0,0.0,3.0,12.0,1.0,12.17,5.01,2.5,1.49,0.0,0.0,0.0,134.3,0.0,-0.2,-0.5,0.5,-169.70000000000002,0.0,0.0,169.70000000000002,0.0,21.700000000000003,29.0,29.0,30.0,300.0,300.0,31.6,35.800000000000004,29.0,28.200000000000003,30.0,4.95,2.0,4.96,0.17,0.0,0.0,1027.0,8228.0,0.0,0.0,0.0,0.0,0.0,1.0,0.0,0.0,0.0,0.0,0.0,-1.3,0.0,-0.2,0.0,0.0,16.0,25903.0
2026-07-30T19:02:24.380Z,313.863,313.878,0.0,7.4,0.0,0.0,0.0,0.0,0.0,0.0,0.0,0.0,1.0,0.0,0.0,0.0,9.0,4.0,0.0,0.0,0.0,0.0,0.0,0.0,0.0,0.0,4.0,12.0,1.0,12.17,5.01,2.5,1.49,0.0,0.0,0.0,134.20000000000002,0.0,-0.8,0.0,1.1,-169.70000000000002,0.0,0.0,169.8,0.0,21.700000000000003,29.0,29.0,30.0,300.0,300.0,31.6,35.800000000000004,29.0,28.200000000000003,30.0,4.95,1.99,4.97,0.16,0.0,0.0,1027.0,8228.0,0.0,0.0,0.0,0.0,0.0,1.0,0.0,0.0,0.0,0.0,0.0,-0.6000000000000001,0.0,-0.1,0.0,0.0,16.0,25903.0
2026-07-30T19:02:24.392Z,313.875,313.89,0.0,7.4,0.0,0.0,0.0,0.0,0.0,0.0,0.0,0.0,1.0,0.0,0.0,0.0,9.0,4.0,0.0,0.0,0.0,0.0,0.0,0.0,0.0,0.0,5.0,12.0,1.0,12.17,5.01,2.5,1.49,-0.1,0.1,0.0,134.1,0.0,0.3,0.0,0.0,-169.70000000000002,0.0,0.0,169.8,0.0,21.700000000000003,29.0,29.0,30.0,300.0,300.0,31.6,35.800000000000004,29.0,28.200000000000003,30.0,4.95,2.0,4.97,0.16,0.0,0.0,1027.0,8228.0,0.0,0.0,0.0,0.0,0.0,1.0,0.0,0.0,0.0,0.0,0.0,0.0,0.0,0.0,0.0,0.0001,16.0,25903.0
2026-07-30T19:02:24.404Z,313.887,313.902,0.0,7.4,0.0,0.0,0.0,0.0,0.0,0.0,0.0,0.0,1.0,0.0,0.0,0.0,9.0,4.0,0.0,0.0,0.0,0.0,0.0,0.0,0.0,0.0,6.0,12.0,1.0,12.17,5.01,2.5,1.49,0.0,0.0,0.0,134.0,0.0,0.3,-1.1,-1.1,-169.70000000000002,0.0,0.0,169.70000000000002,0.0,21.700000000000003,29.0,29.0,30.0,300.0,300.0,31.6,35.800000000000004,29.0,28.200000000000003,30.0,4.96,2.0,4.96,0.16,0.0,0.0,1027.0,8228.0,0.0,0.0,0.0,0.0,0.0,1.0,0.0,0.0,0.0,0.0,0.0,-2.1,0.0,0.7000000000000001,0.0,0.0,16.0,25903.0
2026-07-30T19:02:24.415Z,313.898,313.914,0.0,7.4,0.0,0.0,0.0,0.0,0.0,0.0,0.0,0.0,1.0,0.0,0.0,0.0,9.0,4.0,0.0,0.0,0.0,0.0,0.0,0.0,0.0,0.0,1.0,12.0,1.0,12.17,5.01,2.5,1.49,0.0,0.0,0.0,133.9,0.0,-0.2,0.6000000000000001,1.1,-169.70000000000002,0.0,0.0,169.8,0.0,21.700000000000003,29.0,29.0,30.0,300.0,300.0,31.6,35.800000000000004,29.0,28.200000000000003,30.0,4.95,1.99,4.97,0.16,0.0,0.0,1027.0,8228.0,0.0,0.0,0.0,0.0,0.0,1.0,0.0,0.0,0.0,0.0,0.0,1.5,0.0,-0.8,0.0,0.0001,16.0,25903.0
2026-07-30T19:02:24.428Z,313.911,313.926,0.0,7.4,0.0,0.0,0.0,0.0,0.0,0.0,0.0,0.0,1.0,0.0,0.0,0.0,9.0,4.0,0.0,0.0,0.0,0.0,0.0,0.0,0.0,0.0,2.0,12.0,1.0,12.17,5.01,2.5,1.49,0.0,0.0,0.0,133.8,0.0,-0.1,1.2000000000000002,0.0,-169.70000000000002,0.0,0.0,169.8,0.0,21.700000000000003,29.0,29.0,30.0,300.0,300.0,31.6,35.800000000000004,29.0,28.200000000000003,30.0,4.95,1.99,4.97,0.16,0.0,0.0,1027.0,8228.0,0.0,0.0,0.0,0.0,0.0,1.0,0.0,0.0,0.0,0.0,0.0,1.4,0.0,0.2,0.0,0.0,16.0,25903.0
2026-07-30T19:02:24.440Z,313.923,313.938,0.0,7.4,0.0,0.0,0.0,0.0,0.0,0.0,0.0,0.0,1.0,0.0,0.0,0.0,9.0,4.0,0.0,0.0,0.0,0.0,0.0,0.0,0.0,0.0,3.0,12.0,1.0,12.17,5.01,2.5,1.49,0.0,0.0,0.0,133.6,0.0,0.4,0.0,1.7000000000000002,-169.70000000000002,0.0,0.0,169.70000000000002,0.0,21.700000000000003,29.0,29.0,30.0,300.0,300.0,31.6,35.800000000000004,29.0,28.200000000000003,30.0,4.96,1.99,4.97,0.16,0.0,0.0,1027.0,8228.0,0.0,0.0,0.0,0.0,0.0,1.0,0.0,0.0,0.0,0.0,0.0,1.3,0.0,-1.5,0.0,0.0,16.0,25903.0
2026-07-30T19:02:24.452Z,313.935,313.95,0.0,7.4,0.0,0.0,0.0,0.0,0.0,0.0,0.0,0.0,1.0,0.0,0.0,0.0,9.0,4.0,0.0,0.0,0.0,0.0,0.0,0.0,0.0,0.0,4.0,12.0,1.0,12.15,5.0200000000000005,2.51,1.49,0.0,0.0,0.0,133.6,0.0,0.4,0.0,0.6000000000000001,-169.70000000000002,0.0,0.0,169.8,0.0,21.3,29.0,29.0,30.0,300.0,300.0,31.4,35.7,29.0,28.200000000000003,30.0,4.96,1.99,4.96,0.16,0.0,0.0,1027.0,8228.0,0.0,0.0,0.0,0.0,0.0,1.0,0.0,0.0,0.0,0.0,0.0,-0.9,0.0,0.3,0.0,0.0,16.0,25903.0
2026-07-30T19:02:24.464Z,313.947,313.962,0.0,7.4,0.0,0.0,0.0,0.0,0.0,0.0,0.0,0.0,1.0,0.0,0.0,0.0,9.0,4.0,0.0,0.0,0.0,0.0,0.0,0.0,0.0,0.0,6.0,12.0,1.0,12.15,5.0200000000000005,2.51,1.49,0.0,0.0,0.0,133.4,0.0,0.4,0.0,1.2000000000000002,-169.70000000000002,0.0,0.0,169.8,0.0,21.3,29.0,29.0,30.0,300.0,300.0,31.4,35.7,29.0,28.200000000000003,30.0,4.95,1.99,4.97,0.16,0.0,0.0,1027.0,8228.0,0.0,0.0,0.0,0.0,0.0,1.0,0.0,0.0,0.0,0.0,0.0,1.0,0.0,-1.0,0.0,0.0,16.0,25903.0
2026-07-30T19:02:24.476Z,313.959,313.974,0.0,7.4,0.0,0.0,0.0,0.0,0.0,0.0,0.0,0.0,1.0,0.0,0.0,0.0,9.0,4.0,0.0,0.0,0.0,0.0,0.0,0.0,0.0,0.0,1.0,12.0,1.0,12.15,5.0200000000000005,2.51,1.49,0.0,0.0,0.0,133.3,0.0,-0.1,1.2000000000000002,0.6000000000000001,-169.70000000000002,0.0,0.0,169.70000000000002,0.0,21.3,29.0,29.0,30.0,300.0,300.0,31.4,35.7,29.0,28.200000000000003,30.0,4.95,1.99,4.96,0.16,0.0,0.0,1027.0,8228.0,0.0,0.0,0.0,0.0,0.0,1.0,0.0,0.0,0.0,0.0,0.0,1.8,0.0,-0.2,0.0,0.0,16.0,25903.0
2026-07-30T19:02:24.487Z,313.97,313.986,0.0,7.4,0.0,0.0,0.0,0.0,0.0,0.0,0.0,0.0,1.0,0.0,0.0,0.0,9.0,4.0,0.0,0.0,0.0,0.0,0.0,0.0,0.0,0.0,2.0,12.0,1.0,12.15,5.0200000000000005,2.51,1.49,0.0,0.0,0.0,133.20000000000002,0.0,-0.1,0.1,-0.5,-169.70000000000002,0.0,0.0,169.70000000000002,0.0,21.3,29.0,29.0,30.0,300.0,300.0,31.4,35.7,29.0,28.200000000000003,30.0,4.95,1.99,4.96,0.16,0.0,0.0,1027.0,8228.0,0.0,0.0,0.0,0.0,0.0,1.0,0.0,0.0,0.0,0.0,0.0,-0.2,0.0,0.5,0.0,0.0001,16.0,25903.0
2026-07-30T19:02:24.500Z,313.983,313.998,0.0,7.4,0.0,0.0,0.0,0.0,0.0,0.0,0.0,0.0,1.0,0.0,0.0,0.0,9.0,4.0,0.0,0.0,0.0,0.0,0.0,0.0,0.0,0.0,4.0,12.0,1.0,12.15,5.0200000000000005,2.51,1.49,0.0,0.0,0.0,133.1,0.0,-0.1,0.0,0.0,-169.70000000000002,0.0,0.0,169.70000000000002,0.0,21.3,29.0,29.0,30.0,300.0,300.0,31.4,35.7,29.0,28.200000000000003,30.0,4.95,1.99,4.97,0.16,0.0,0.0,1027.0,8228.0,0.0,0.0,0.0,0.0,0.0,1.0,0.0,0.0,0.0,0.0,0.0,0.1,0.0,0.0,0.0,0.0,16.0,25903.0
2026-07-30T19:02:24.511Z,313.994,314.01,0.0,7.4,0.0,0.0,0.0,0.0,0.0,0.0,0.0,0.0,1.0,0.0,0.0,0.0,9.0,4.0,0.0,0.0,0.0,0.0,0.0,0.0,0.0,0.0,5.0,12.0,1.0,12.15,5.0200000000000005,2.51,1.49,0.0,0.0,0.0,133.0,0.0,0.4,-0.4,0.0,-169.70000000000002,0.0,0.0,169.70000000000002,0.0,21.3,29.0,29.0,30.0,300.0,300.0,31.4,35.7,29.0,28.200000000000003,30.0,4.96,1.99,4.96,0.16,0.0,0.0,1027.0,8228.0,0.0,0.0,0.0,0.0,0.0,1.0,0.0,0.0,0.0,0.0,0.0,-0.4,0.0,-0.1,0.0,0.0,16.0,25903.0
2026-07-30T19:02:24.524Z,314.007,314.022,0.0,7.4,0.0,0.0,0.0,0.0,0.0,0.0,0.0,0.0,1.0,0.0,0.0,0.0,9.0,4.0,0.0,0.0,0.0,0.0,0.0,0.0,0.0,0.0,1.0,12.0,1.0,12.15,5.0200000000000005,2.51,1.49,0.0,0.0,0.0,132.9,0.0,0.4,-0.4,-1.1,-169.70000000000002,0.0,0.0,169.70000000000002,0.0,21.3,29.0,29.0,30.0,300.0,300.0,31.4,35.7,29.0,28.200000000000003,30.0,4.96,1.99,4.97,0.16,0.0,0.0,1027.0,8228.0,0.0,0.0,0.0,0.0,0.0,1.0,0.0,0.0,0.0,0.0,0.0,-1.3,0.0,0.8,0.0,0.0,16.0,25903.0
2026-07-30T19:02:24.535Z,314.018,314.034,0.0,7.4,0.0,0.0,0.0,0.0,0.0,0.0,0.0,0.0,1.0,0.0,0.0,0.0,9.0,4.0,0.0,0.0,0.0,0.0,0.0,0.0,0.0,0.0,2.0,12.0,1.0,12.15,5.0200000000000005,2.51,1.49,0.0,0.0,0.0,132.8,0.0,0.4,0.0,-0.5,-169.70000000000002,0.0,0.0,169.70000000000002,0.0,21.3,29.0,29.0,30.0,300.0,300.0,31.4,35.7,29.0,28.200000000000003,30.0,4.95,1.99,4.97,0.16,0.0,0.0,1027.0,8228.0,0.0,0.0,0.0,0.0,0.0,1.0,0.0,0.0,0.0,0.0,0.0,-0.2,0.0,0.4,0.0,0.0,16.0,25903.0
2026-07-30T19:02:24.548Z,314.031,314.046,0.0,7.4,0.0,0.0,0.0,0.0,0.0,0.0,0.0,0.0,1.0,0.0,0.0,0.0,9.0,4.0,0.0,0.0,0.0,0.0,0.0,0.0,0.0,0.0,4.0,12.0,1.0,12.17,5.01,2.5,1.5,0.0,0.1,0.0,132.70000000000002,0.0,1.0,0.0,0.0,-169.70000000000002,0.0,0.0,169.8,0.0,21.3,29.0,29.0,30.0,300.0,300.0,31.4,35.7,29.0,28.200000000000003,30.0,4.95,1.99,4.97,0.16,0.0,0.0,1027.0,8228.0,0.0,0.0,0.0,0.0,0.0,1.0,0.0,0.0,0.0,0.0,0.0,0.1,0.0,0.0,0.0,0.0,16.0,25903.0
2026-07-30T19:02:24.560Z,314.043,314.058,0.0,7.4,0.0,0.0,0.0,0.0,0.0,0.0,0.0,0.0,1.0,0.0,0.0,0.0,9.0,4.0,0.0,0.0,0.0,0.0,0.0,0.0,0.0,0.0,5.0,12.0,1.0,12.17,5.01,2.5,1.5,0.0,0.0,0.0,132.6,0.0,-0.1,-1.0,0.5,-169.70000000000002,0.0,0.0,169.70000000000002,0.0,21.3,29.0,29.0,30.0,300.0,300.0,31.4,35.7,29.0,28.200000000000003,30.0,4.95,1.99,4.96,0.16,0.0,0.0,1027.0,8228.0,0.0,0.0,0.0,0.0,0.0,1.0,0.0,0.0,0.0,0.0,0.0,-0.8,0.0,-0.6000000000000001,0.0,0.0001,16.0,25903.0
2026-07-30T19:02:24.571Z,314.054,314.07,0.0,7.4,0.0,0.0,0.0,0.0,0.0,0.0,0.0,0.0,1.0,0.0,0.0,0.0,9.0,4.0,0.0,0.0,0.0,0.0,0.0,0.0,0.0,0.0,6.0,12.0,1.0,12.17,5.01,2.5,1.5,0.0,0.1,0.0,132.5,0.0,0.3,1.2000000000000002,0.6000000000000001,-169.70000000000002,0.0,0.0,169.70000000000002,0.0,21.3,29.0,29.0,30.0,300.0,300.0,31.4,35.7,29.0,28.200000000000003,30.0,4.95,1.99,4.97,0.16,0.0,0.0,1027.0,8228.0,0.0,0.0,0.0,0.0,0.0,1.0,0.0,0.0,0.0,0.0,0.0,1.8,0.0,-0.2,0.0,0.0,16.0,25903.0
2026-07-30T19:02:24.583Z,314.066,314.082,0.0,7.4,0.0,0.0,0.0,0.0,0.0,0.0,0.0,0.0,1.0,0.0,0.0,0.0,9.0,4.0,0.0,0.0,0.0,0.0,0.0,0.0,0.0,0.0,1.0,12.0,1.0,12.17,5.01,2.5,1.5,0.0,0.0,0.0,132.3,0.0,-0.7000000000000001,-0.4,-0.5,-169.70000000000002,0.0,0.0,169.70000000000002,0.0,21.3,29.0,29.0,30.0,300.0,300.0,31.4,35.7,29.0,28.200000000000003,30.0,4.95,1.99,4.97,0.16,0.0,0.0,1027.0,8228.0,0.0,0.0,0.0,0.0,0.0,1.0,0.0,0.0,0.0,0.0,0.0,-0.9,0.0,0.3,0.0,0.0,16.0,25903.0
2026-07-30T19:02:24.596Z,314.079,314.094,0.0,7.4,0.0,0.0,0.0,0.0,0.0,0.0,0.0,0.0,1.0,0.0,0.0,0.0,9.0,4.0,0.0,0.0,0.0,0.0,0.0,0.0,0.0,0.0,3.0,12.0,1.0,12.17,5.01,2.5,1.5,0.0,0.1,0.0,132.3,0.0,0.3,0.0,2.3000000000000003,-169.70000000000002,0.0,0.0,169.8,0.0,21.3,29.0,29.0,30.0,300.0,300.0,31.4,35.7,29.0,28.200000000000003,30.0,4.96,1.99,4.96,0.16,0.0,0.0,1027.0,8228.0,0.0,0.0,0.0,0.0,0.0,1.0,0.0,0.0,0.0,0.0,0.0,1.8,0.0,-2.0,0.0,0.0,16.0,25903.0
2026-07-30T19:02:24.607Z,314.09,314.106,0.0,7.4,0.0,0.0,0.0,0.0,0.0,0.0,0.0,0.0,1.0,0.0,0.0,0.0,9.0,4.0,0.0,0.0,0.0,0.0,0.0,0.0,0.0,0.0,4.0,12.0,1.0,12.17,5.01,2.5,1.5,0.0,0.0,0.0,132.20000000000002,0.0,0.3,0.0,0.0,-169.70000000000002,0.0,0.0,169.8,0.0,21.3,29.0,29.0,30.0,300.0,300.0,31.4,35.7,29.0,28.200000000000003,30.0,4.96,1.99,4.96,0.16,0.0,0.0,1027.0,8228.0,0.0,0.0,0.0,0.0,0.0,1.0,0.0,0.0,0.0,0.0,0.0,0.0,0.0,0.0,0.0,0.0,16.0,25903.0
2026-07-30T19:02:24.619Z,314.102,314.118,0.0,7.4,0.0,0.0,0.0,0.0,0.0,0.0,0.0,0.0,1.0,0.0,0.0,0.0,9.0,4.0,0.0,0.0,0.0,0.0,0.0,0.0,0.0,0.0,5.0,12.0,1.0,12.17,5.01,2.5,1.5,0.0,0.0,0.0,132.1,0.0,0.9,0.6000000000000001,1.7000000000000002,-169.70000000000002,0.0,0.0,169.70000000000002,0.0,21.3,29.0,29.0,30.0,300.0,300.0,31.4,35.7,29.0,28.200000000000003,30.0,4.96,1.99,4.97,0.16,0.0,0.0,1027.0,8228.0,0.0,0.0,0.0,0.0,0.0,1.0,0.0,0.0,0.0,0.0,0.0,2.0,0.0,-1.4,0.0,0.0,16.0,25903.0
2026-07-30T19:02:24.632Z,314.115,314.13,-0.1,7.4,0.0,0.0,0.0,0.0,0.0,0.0,0.0,0.0,1.0,0.0,0.0,0.0,9.0,4.0,0.0,0.0,0.0,0.0,0.0,0.0,0.0,0.0,1.0,12.0,1.0,12.17,5.01,2.5,1.5,0.0,0.0,0.0,132.0,0.0,-0.8,0.0,-0.5,-169.70000000000002,0.0,0.0,169.70000000000002,0.0,21.3,29.0,29.0,30.0,300.0,300.0,31.4,35.7,29.0,28.200000000000003,30.0,4.95,2.0,4.97,0.16,0.0,0.0,1027.0,8228.0,0.0,0.0,0.0,0.0,0.0,1.0,0.0,0.0,0.0,0.0,0.0,-0.3,0.0,0.5,0.0,0.0001,16.0,25903.0
2026-07-30T19:02:24.643Z,314.126,314.142,0.0,7.4,0.0,0.0,0.0,0.0,0.0,0.0,0.0,0.0,1.0,0.0,0.0,0.0,9.0,4.0,0.0,0.0,0.0,0.0,0.0,0.0,0.0,0.0,2.0,12.0,1.0,12.17,5.01,2.5,1.5,0.0,0.0,0.0,131.8,0.0,-0.2,0.6000000000000001,0.5,-169.70000000000002,0.0,0.0,169.70000000000002,0.0,21.3,29.0,29.0,30.0,300.0,300.0,31.4,35.7,29.0,28.200000000000003,30.0,4.96,2.0,4.96,0.16,0.0,0.0,1027.0,8228.0,0.0,0.0,0.0,0.0,0.0,1.0,0.0,0.0,0.0,0.0,0.0,1.1,0.0,-0.3,0.0,0.0,16.0,25903.0
2026-07-30T19:02:24.656Z,314.139,314.154,0.0,7.4,0.0,0.0,0.0,0.0,0.0,0.0,0.0,0.0,1.0,0.0,0.0,0.0,9.0,4.0,0.0,0.0,0.0,0.0,0.0,0.0,0.0,0.0,4.0,12.0,1.0,12.18,5.01,2.51,1.49,0.0,0.0,0.0,131.70000000000002,0.0,0.3,0.6000000000000001,-1.1,-169.70000000000002,0.0,0.0,169.70000000000002,0.0,21.8,29.0,29.0,30.0,300.0,300.0,31.4,35.800000000000004,29.0,28.1,30.0,4.95,1.99,4.97,0.16,0.0,0.0,1027.0,8228.0,0.0,0.0,0.0,0.0,0.0,1.0,0.0,0.0,0.0,0.0,0.0,-0.1,0.0,1.1,0.0,0.0,16.0,25903.0
2026-07-30T19:02:24.668Z,314.151,314.166,0.0,7.4,0.0,0.0,0.0,0.0,0.0,0.0,0.0,0.0,1.0,0.0,0.0,0.0,9.0,4.0,0.0,0.0,0.0,0.0,0.0,0.0,0.0,0.0,5.0,12.0,1.0,12.18,5.01,2.51,1.49,0.0,0.0,0.0,131.6,0.0,0.3,1.2000000000000002,2.3000000000000003,-169.70000000000002,0.0,0.0,169.8,0.0,21.8,29.0,29.0,30.0,300.0,300.0,31.4,35.800000000000004,29.0,28.1,30.0,4.95,1.99,4.97,0.16,0.0,0.0,1027.0,8228.0,0.0,0.0,0.0,0.0,0.0,1.0,0.0,0.0,0.0,0.0,0.0,3.1,0.0,-1.8,0.0,0.0,16.0,25903.0
2026-07-30T19:02:24.680Z,314.163,314.178,0.0,7.4,0.0,0.0,0.0,0.0,0.0,0.0,0.0,0.0,1.0,0.0,0.0,0.0,9.0,4.0,0.0,0.0,0.0,0.0,0.0,0.0,0.0,0.0,6.0,12.0,1.0,12.18,5.01,2.51,1.49,0.0,0.0,0.0,131.5,0.0,-0.2,-1.6,-0.5,-169.70000000000002,0.0,0.0,169.70000000000002,0.0,21.8,29.0,29.0,30.0,300.0,300.0,31.4,35.800000000000004,29.0,28.1,30.0,4.96,2.0,4.97,0.16,0.0,0.0,1027.0,8228.0,0.0,0.0,0.0,0.0,0.0,1.0,0.0,0.0,0.0,0.0,0.0,-2.3000000000000003,0.0,0.1,0.0,0.0,16.0,25903.0
2026-07-30T19:02:24.691Z,314.174,314.19,0.0,7.4,0.0,0.0,0.0,0.0,0.0,0.0,0.0,0.0,1.0,0.0,0.0,0.0,9.0,4.0,0.0,0.0,0.0,0.0,0.0,0.0,0.0,0.0,1.0,12.0,1.0,12.18,5.01,2.51,1.49,0.0,0.0,0.0,131.4,0.0,0.3,0.1,1.1,-169.70000000000002,0.0,0.0,169.70000000000002,0.0,21.8,29.0,29.0,30.0,300.0,300.0,31.4,35.800000000000004,29.0,28.1,30.0,4.96,2.0,4.96,0.16,0.0,0.0,1027.0,8228.0,0.0,0.0,0.0,0.0,0.0,1.0,0.0,0.0,0.0,0.0,0.0,1.0,0.0,-1.0,0.0,0.0,16.0,25903.0
2026-07-30T19:02:24.703Z,314.186,314.202,0.0,7.4,0.0,0.0,0.0,0.0,0.0,0.0,0.0,0.0,1.0,0.0,0.0,0.0,9.0,4.0,0.0,0.0,0.0,0.0,0.0,0.0,0.0,0.0,2.0,12.0,1.0,12.18,5.01,2.51,1.49,0.0,0.0,0.0,131.3,0.0,0.9,0.1,0.0,-169.70000000000002,0.0,0.0,169.8,0.0,21.8,29.0,29.0,30.0,300.0,300.0,31.4,35.800000000000004,29.0,28.1,30.0,4.95,1.99,4.97,0.16,0.0,0.0,1027.0,8228.0,0.0,0.0,0.0,0.0,0.0,1.0,0.0,0.0,0.0,0.0,0.0,0.1,0.0,0.0,0.0,0.0,16.0,25903.0
2026-07-30T19:02:24.716Z,314.199,314.214,0.0,7.4,0.0,0.0,0.0,0.0,0.0,0.0,0.0,0.0,1.0,0.0,0.0,0.0,9.0,4.0,0.0,0.0,0.0,0.0,0.0,0.0,0.0,0.0,4.0,12.0,1.0,12.18,5.01,2.51,1.49,0.0,0.1,0.0,131.20000000000002,0.0,0.3,0.7000000000000001,0.0,-169.70000000000002,0.0,0.0,169.60000000000002,0.0,21.8,29.0,29.0,30.0,300.0,300.0,31.4,35.800000000000004,29.0,28.1,30.0,4.95,1.99,4.96,0.16,0.0,0.0,1027.0,8228.0,0.0,0.0,0.0,0.0,0.0,1.0,0.0,0.0,0.0,0.0,0.0,0.7000000000000001,0.0,0.1,0.0,0.0001,16.0,25903.0
2026-07-30T19:02:24.727Z,314.21,314.226,0.0,7.4,0.0,0.0,0.0,0.0,0.0,0.0,0.0,0.0,1.0,0.0,0.0,0.0,9.0,4.0,0.0,0.0,0.0,0.0,0.0,0.0,0.0,0.0,5.0,12.0,1.0,12.18,5.01,2.51,1.49,0.0,0.0,0.0,131.1,0.0,-0.7000000000000001,0.6000000000000001,0.0,-169.70000000000002,0.0,0.0,169.70000000000002,0.0,21.8,29.0,29.0,30.0,300.0,300.0,31.4,35.800000000000004,29.0,28.1,30.0,4.96,1.99,4.96,0.16,0.0,0.0,1027.0,8228.0,0.0,0.0,0.0,0.0,0.0,1.0,0.0,0.0,0.0,0.0,0.0,0.7000000000000001,0.0,0.1,0.0,0.0001,16.0,25903.0
2026-07-30T19:02:24.740Z,314.223,314.238,0.0,7.4,0.0,0.0,0.0,0.0,0.0,0.0,0.0,0.0,1.0,0.0,0.0,0.0,9.0,4.0,0.0,0.0,0.0,0.0,0.0,0.0,0.0,0.0,1.0,12.0,1.0,12.18,5.01,2.51,1.49,0.0,0.0,0.0,131.0,0.0,0.3,0.6000000000000001,0.0,-169.70000000000002,0.0,0.0,169.8,0.0,21.8,29.0,29.0,30.0,300.0,300.0,31.4,35.800000000000004,29.0,28.1,30.0,4.95,1.99,4.97,0.16,0.0,0.0,1027.0,8228.0,0.0,0.0,0.0,0.0,0.0,1.0,0.0,0.0,0.0,0.0,0.0,0.7000000000000001,0.0,0.1,0.0,0.0,16.0,25903.0
2026-07-30T19:02:24.752Z,314.235,314.25,0.0,7.4,0.0,0.0,0.0,0.0,0.0,0.0,0.0,0.0,1.0,0.0,0.0,0.0,9.0,4.0,0.0,0.0,0.0,0.0,0.0,0.0,0.0,0.0,2.0,12.0,1.0,12.18,5.01,2.5,1.49,0.0,0.0,0.0,131.20000000000002,0.0,-0.2,-0.4,-0.6000000000000001,-169.70000000000002,0.0,0.0,169.70000000000002,0.0,21.4,29.0,29.0,30.0,300.0,300.0,31.4,35.7,28.9,28.1,30.1,4.96,1.99,4.97,0.16,0.0,0.0,1027.0,8228.0,0.0,0.0,0.0,0.0,0.0,1.0,0.0,0.0,0.0,0.0,0.0,-1.0,0.0,0.4,0.0,0.0001,16.0,25903.0
2026-07-30T19:02:24.764Z,314.247,314.262,0.0,7.4,0.0,0.0,0.0,0.0,0.0,0.0,0.0,0.0,1.0,0.0,0.0,0.0,9.0,4.0,0.0,0.0,0.0,0.0,0.0,0.0,0.0,0.0,3.0,12.0,1.0,12.18,5.01,2.5,1.49,0.0,0.0,0.0,131.4,0.0,-1.3,-0.4,-0.6000000000000001,-169.70000000000002,0.0,0.0,169.70000000000002,0.0,21.4,29.0,29.0,30.0,300.0,300.0,31.4,35.7,28.9,28.1,30.1,4.96,2.0,4.97,0.16,0.0,0.0,1027.0,8228.0,0.0,0.0,0.0,0.0,0.0,1.0,0.0,0.0,0.0,0.0,0.0,-1.0,0.0,0.4,0.0,0.0,16.0,25903.0
2026-07-30T19:02:24.776Z,314.259,314.274,0.0,7.4,0.0,0.0,0.0,0.0,0.0,0.0,0.0,0.0,1.0,0.0,0.0,0.0,9.0,4.0,0.0,0.0,0.0,0.0,0.0,0.0,0.0,0.0,4.0,12.0,1.0,12.18,5.01,2.5,1.49,0.0,0.0,0.0,131.5,0.0,-0.7000000000000001,0.6000000000000001,0.4,-169.70000000000002,0.0,0.0,169.60000000000002,0.0,21.4,29.0,29.0,30.0,300.0,300.0,31.4,35.7,28.9,28.1,30.1,4.95,1.99,4.97,0.16,0.0,0.0,1027.0,8228.0,0.0,0.0,0.0,0.0,0.0,1.0,0.0,0.0,0.0,0.0,0.0,1.1,0.0,-0.2,0.0,0.0,16.0,25903.0
2026-07-30T19:02:24.788Z,314.271,314.286,0.0,7.4,0.0,0.0,0.0,0.0,0.0,0.0,0.0,0.0,1.0,0.0,0.0,0.0,9.0,4.0,0.0,0.0,0.0,0.0,0.0,0.0,0.0,0.0,5.0,12.0,1.0,12.18,5.01,2.5,1.49,0.0,0.0,0.0,131.70000000000002,0.0,-0.2,-0.5,0.4,-169.70000000000002,0.0,0.0,169.70000000000002,0.0,21.4,29.0,29.0,30.0,300.0,300.0,31.4,35.7,28.9,28.1,30.1,4.95,1.99,4.97,0.16,0.0,0.0,1027.0,8228.0,0.0,0.0,0.0,0.0,0.0,1.0,0.0,0.0,0.0,0.0,0.0,-0.2,0.0,-0.5,0.0,0.0,16.0,25903.0
2026-07-30T19:02:24.800Z,314.283,314.298,0.0,7.4,0.0,0.0,0.0,0.0,0.0,0.0,0.0,0.0,1.0,0.0,0.0,0.0,9.0,4.0,0.0,0.0,0.0,0.0,0.0,0.0,0.0,0.0,6.0,12.0,1.0,12.18,5.01,2.5,1.49,0.0,0.0,0.0,131.9,0.0,0.3,-0.5,0.4,-169.70000000000002,0.0,0.0,169.70000000000002,0.0,21.4,29.0,29.0,30.0,300.0,300.0,31.4,35.7,28.9,28.1,30.1,4.96,1.99,4.96,0.16,0.0,0.0,1027.0,8228.0,0.0,0.0,0.0,0.0,0.0,1.0,0.0,0.0,0.0,0.0,0.0,-0.2,0.0,-0.4,0.0,0.0001,16.0,25903.0
2026-07-30T19:02:24.812Z,314.295,314.31,0.0,7.4,0.0,0.0,0.0,0.0,0.0,0.0,0.0,0.0,1.0,0.0,0.0,0.0,9.0,4.0,0.0,0.0,0.0,0.0,0.0,0.0,0.0,0.0,1.0,12.0,1.0,12.18,5.01,2.5,1.49,0.0,0.0,0.0,132.1,0.0,0.8,0.0,-0.7000000000000001,-169.70000000000002,0.0,0.0,169.70000000000002,0.0,21.4,29.0,29.0,30.0,300.0,300.0,31.4,35.7,28.9,28.1,30.1,4.96,1.99,4.96,0.16,0.0,0.0,1027.0,8228.0,0.0,0.0,0.0,0.0,0.0,1.0,0.0,0.0,0.0,0.0,0.0,1.8,0.0,-1.2000000000000002,0.0,0.0,16.0,25903.0
2026-07-30T19:02:24.823Z,314.306,314.322,0.0,7.4,0.0,0.0,0.0,0.0,0.0,0.0,0.0,0.0,1.0,0.0,0.0,0.0,9.0,4.0,0.0,0.0,0.0,0.0,0.0,0.0,0.0,0.0,2.0,12.0,1.0,12.18,5.01,2.5,1.49,0.0,0.0,0.0,132.3,0.0,-1.4,-0.5,-0.1,-169.70000000000002,0.0,0.0,169.8,0.0,21.4,29.0,29.0,30.0,300.0,300.0,31.4,35.7,28.9,28.1,30.1,4.95,1.99,4.96,0.16,0.0,0.0,1027.0,8228.0,0.0,0.0,0.0,0.0,0.0,1.0,0.0,0.0,0.0,0.0,0.0,-0.6000000000000001,0.0,0.0,0.0,0.0,16.0,25903.0
2026-07-30T19:02:24.836Z,314.319,314.334,0.0,7.4,0.0,0.0,0.0,0.0,0.0,0.0,0.0,0.0,1.0,0.0,0.0,0.0,9.0,4.0,0.0,0.0,0.0,0.0,0.0,0.0,0.0,0.0,2.0,12.0,1.0,12.18,5.01,2.5,1.49,0.0,0.1,0.0,132.6,0.0,0.2,0.0,0.3,-169.70000000000002,0.0,0.0,169.8,0.0,21.4,29.0,29.0,30.0,300.0,300.0,31.4,35.7,28.9,28.1,30.1,4.95,1.99,4.96,0.16,0.0,0.0,1027.0,8228.0,0.0,0.0,0.0,0.0,0.0,1.0,0.0,0.0,0.0,0.0,0.0,0.3,0.0,-0.3,0.0,0.0,16.0,25903.0
2026-07-30T19:02:24.849Z,314.332,314.346,0.0,7.4,0.0,0.0,0.0,0.0,0.0,0.0,0.0,0.0,1.0,0.0,0.0,0.0,9.0,4.0,0.0,0.0,0.0,0.0,0.0,0.0,0.0,0.0,4.0,12.0,1.0,12.15,5.0200000000000005,2.5,1.49,0.0,0.0,0.0,132.70000000000002,0.0,0.8,-0.5,-0.8,-169.70000000000002,0.0,0.0,169.8,0.0,21.700000000000003,29.0,29.0,30.0,300.0,300.0,31.4,35.7,28.9,28.1,30.0,4.95,1.99,4.96,0.16,0.0,0.0,1027.0,8228.0,0.0,0.0,0.0,0.0,0.0,1.0,0.0,0.0,0.0,0.0,0.0,-0.7000000000000001,0.0,0.0,0.0,0.0,16.0,25903.0
2026-07-30T19:02:24.860Z,314.343,314.358,0.0,7.4,0.0,0.0,0.0,0.0,0.0,0.0,0.0,0.0,1.0,0.0,0.0,0.0,9.0,4.0,0.0,0.0,0.0,0.0,0.0,0.0,0.0,0.0,5.0,12.0,1.0,12.15,5.0200000000000005,2.5,1.49,0.0,0.0,0.0,132.8,0.0,0.2,-0.5,0.3,-169.70000000000002,0.0,0.0,169.8,0.0,21.700000000000003,29.0,29.0,30.0,300.0,300.0,31.4,35.7,28.9,28.1,30.0,4.95,1.99,4.97,0.16,0.0,0.0,1027.0,8228.0,0.0,0.0,0.0,0.0,0.0,1.0,0.0,0.0,0.0,0.0,0.0,-1.1,0.0,0.5,0.0,0.0,16.0,25903.0
2026-07-30T19:02:24.872Z,314.355,314.37,0.0,7.4,0.0,0.0,0.0,0.0,0.0,0.0,0.0,0.0,1.0,0.0,0.0,0.0,9.0,4.0,0.0,0.0,0.0,0.0,0.0,0.0,0.0,0.0,6.0,12.0,1.0,12.15,5.0200000000000005,2.5,1.49,0.0,0.1,0.0,133.1,0.0,0.8,-0.5,-1.3,-169.70000000000002,0.0,0.0,169.8,0.0,21.700000000000003,29.0,29.0,30.0,300.0,300.0,31.4,35.7,28.9,28.1,30.0,4.96,1.99,4.97,0.16,0.0,0.0,1027.0,8228.0,0.0,0.0,0.0,0.0,0.0,1.0,0.0,0.0,0.0,0.0,0.0,1.4,0.0,-0.7000000000000001,0.0,0.0,16.0,25903.0
2026-07-30T19:02:24.884Z,314.367,314.382,0.0,7.4,0.0,0.0,0.0,0.0,0.0,0.0,0.0,0.0,1.0,0.0,0.0,0.0,9.0,4.0,0.0,0.0,0.0,0.0,0.0,0.0,0.0,0.0,1.0,12.0,1.0,12.15,5.0200000000000005,2.5,1.49,0.0,0.0,0.0,133.20000000000002,0.0,0.8,-0.4,0.4,-169.70000000000002,0.0,0.0,169.8,0.0,21.700000000000003,29.0,29.0,30.0,300.0,300.0,31.4,35.7,28.9,28.1,30.0,4.96,1.99,4.96,0.16,0.0,0.0,1027.0,8228.0,0.0,0.0,0.0,0.0,0.0,1.0,0.0,0.0,0.0,0.0,0.0,-1.5,0.0,1.0,0.0,0.0,16.0,25903.0
2026-07-30T19:02:24.896Z,314.379,314.394,0.0,7.4,0.0,0.0,0.0,0.0,0.0,0.0,0.0,0.0,1.0,0.0,0.0,0.0,9.0,4.0,0.0,0.0,0.0,0.0,0.0,0.0,0.0,0.0,2.0,12.0,1.0,12.15,5.0200000000000005,2.5,1.49,0.0,0.0,0.0,133.4,0.0,0.2,-0.5,-0.1,-169.70000000000002,0.0,0.0,169.70000000000002,0.0,21.700000000000003,29.0,29.0,30.0,300.0,300.0,31.4,35.7,28.9,28.1,30.0,4.95,1.99,4.97,0.16,0.0,0.0,1027.0,8228.0,0.0,0.0,0.0,0.0,0.0,1.0,0.0,0.0,0.0,0.0,0.0,-1.8,0.0,0.4,0.0,0.0,16.0,25903.0
2026-07-30T19:02:24.908Z,314.391,314.406,0.0,7.4,0.0,0.0,0.0,0.0,0.0,0.0,0.0,0.0,1.0,0.0,0.0,0.0,9.0,4.0,0.0,0.0,0.0,0.0,0.0,0.0,0.0,0.0,3.0,12.0,1.0,12.15,5.0200000000000005,2.5,1.49,0.0,0.0,0.0,133.6,0.0,0.2,0.6000000000000001,-0.2,-169.70000000000002,0.0,0.0,169.8,0.0,21.700000000000003,29.0,29.0,30.0,300.0,300.0,31.4,35.7,28.9,28.1,30.0,4.95,2.0,4.96,0.16,0.0,0.0,1027.0,8228.0,0.0,0.0,0.0,0.0,0.0,1.0,0.0,0.0,0.0,0.0,0.0,0.3,0.0,-0.3,0.0,0.0001,16.0,25903.0
2026-07-30T19:02:24.920Z,314.403,314.418,0.0,7.4,0.0,0.0,0.0,0.0,0.0,0.0,0.0,0.0,1.0,0.0,0.0,0.0,9.0,4.0,0.0,0.0,0.0,0.0,0.0,0.0,0.0,0.0,5.0,12.0,1.0,12.15,5.0200000000000005,2.5,1.49,0.0,0.0,0.0,133.8,0.0,0.2,0.1,-0.7000000000000001,-169.70000000000002,0.0,0.0,169.70000000000002,0.0,21.700000000000003,29.0,29.0,30.0,300.0,300.0,31.4,35.7,28.9,28.1,30.0,4.96,1.99,4.96,0.16,0.0,0.0,1027.0,8228.0,0.0,0.0,0.0,0.0,0.0,1.0,0.0,0.0,0.0,0.0,0.0,-0.4,0.0,0.7000000000000001,0.0,0.0,16.0,25903.0
2026-07-30T19:02:24.932Z,314.415,314.43,0.0,7.4,0.0,0.0,0.0,0.0,0.0,0.0,0.0,0.0,1.0,0.0,0.0,0.0,9.0,4.0,0.0,0.0,0.0,0.0,0.0,0.0,0.0,0.0,6.0,12.0,1.0,12.15,5.0200000000000005,2.5,1.49,0.0,0.0,0.0,133.9,0.0,-0.9,1.2000000000000002,-0.7000000000000001,-169.70000000000002,0.0,0.0,169.8,0.0,21.700000000000003,29.0,29.0,30.0,300.0,300.0,31.4,35.7,28.9,28.1,30.0,4.95,1.99,4.96,0.16,0.0,0.0,1027.0,8228.0,0.0,0.0,0.0,0.0,0.0,1.0,0.0,0.0,0.0,0.0,0.0,-1.5,0.0,1.1,0.0,0.0,16.0,25903.0
2026-07-30T19:02:24.943Z,314.426,314.442,0.0,7.4,0.0,0.0,0.0,0.0,0.0,0.0,0.0,0.0,1.0,0.0,0.0,0.0,9.0,4.0,0.0,0.0,0.0,0.0,0.0,0.0,0.0,0.0,1.0,12.0,1.0,12.15,5.0200000000000005,2.5,1.49,0.0,0.0,0.0,134.1,0.0,-0.8,-1.0,-0.1,-169.70000000000002,0.0,0.0,169.70000000000002,0.0,21.700000000000003,29.0,29.0,30.0,300.0,300.0,31.4,35.7,28.9,28.1,30.0,4.95,1.99,4.97,0.16,0.0,0.0,1027.0,8228.0,0.0,0.0,0.0,0.0,0.0,1.0,0.0,0.0,0.0,0.0,0.0,-1.3,0.0,0.0,0.0,0.0001,16.0,25903.0
2026-07-30T19:02:24.956Z,314.439,314.454,0.0,7.4,0.0,0.0,0.0,0.0,0.0,0.0,0.0,0.0,1.0,0.0,0.0,0.0,9.0,4.0,0.0,0.0,0.0,0.0,0.0,0.0,0.0,0.0,3.0,12.0,1.0,12.15,5.0200000000000005,2.51,1.49,0.0,0.1,0.0,134.3,0.0,0.3,1.2000000000000002,-0.7000000000000001,-169.70000000000002,0.0,0.0,169.70000000000002,0.0,21.3,29.0,29.0,30.0,300.0,300.0,31.4,35.9,28.9,28.200000000000003,30.0,4.95,1.99,4.96,0.16,0.0,0.0,1027.0,8228.0,0.0,0.0,0.0,0.0,0.0,1.0,0.0,0.0,0.0,0.0,0.0,0.8,0.0,0.9,0.0,0.0,16.0,25903.0
2026-07-30T19:02:24.968Z,314.451,314.466,0.0,7.4,0.0,0.0,0.0,0.0,0.0,0.0,0.0,0.0,1.0,0.0,0.0,0.0,9.0,4.0,0.0,0.0,0.0,0.0,0.0,0.0,0.0,0.0,4.0,12.0,1.0,12.15,5.0200000000000005,2.51,1.49,0.0,0.0,0.0,134.5,0.0,0.3,0.1,-0.1,-169.70000000000002,0.0,0.0,169.8,0.0,21.3,29.0,29.0,30.0,300.0,300.0,31.4,35.9,28.9,28.200000000000003,30.0,4.96,1.99,4.96,0.16,0.0,0.0,1027.0,8228.0,0.0,0.0,0.0,0.0,0.0,1.0,0.0,0.0,0.0,0.0,0.0,0.0,0.0,0.1,0.0,0.0,16.0,25903.0
2026-07-30T19:02:24.980Z,314.463,314.478,0.0,7.4,0.0,0.0,0.0,0.0,0.0,0.0,0.0,0.0,1.0,0.0,0.0,0.0,9.0,4.0,0.0,0.0,0.0,0.0,0.0,0.0,0.0,0.0,6.0,12.0,1.0,12.15,5.0200000000000005,2.51,1.49,0.0,0.0,0.0,134.6,0.0,0.3,1.8,0.9,-169.70000000000002,0.0,0.0,169.70000000000002,0.0,21.3,29.0,29.0,30.0,300.0,300.0,31.4,35.9,28.9,28.200000000000003,30.0,4.95,1.99,4.97,0.16,0.0,0.0,1027.0,8228.0,0.0,0.0,0.0,0.0,0.0,1.0,0.0,0.0,0.0,0.0,0.0,2.8000000000000003,0.0,-0.4,0.0,0.0,16.0,25903.0
2026-07-30T19:02:24.992Z,314.475,314.49,0.0,7.4,0.0,0.0,0.0,0.0,0.0,0.0,0.0,0.0,1.0,0.0,0.0,0.0,9.0,4.0,0.0,0.0,0.0,0.0,0.0,0.0,0.0,0.0,1.0,12.0,1.0,12.15,5.0200000000000005,2.51,1.49,0.0,0.0,0.0,134.8,0.0,-0.2,-1.0,0.4,-169.70000000000002,0.0,0.0,169.60000000000002,0.0,21.3,29.0,29.0,30.0,300.0,300.0,31.4,35.9,28.9,28.200000000000003,30.0,4.96,1.99,4.96,0.16,0.0,0.0,1027.0,8228.0,0.0,0.0,0.0,0.0,0.0,1.0,0.0,0.0,0.0,0.0,0.0,-0.8,0.0,-0.5,0.0,0.0,16.0,25903.0
2026-07-30T19:02:25.004Z,314.487,314.502,0.0,7.4,0.0,0.0,0.0,0.0,0.0,0.0,0.0,0.0,1.0,0.0,0.0,0.0,9.0,4.0,0.0,0.0,0.0,0.0,0.0,0.0,0.0,0.0,3.0,12.0,1.0,12.15,5.0200000000000005,2.51,1.49,0.0,0.0,0.0,135.0,0.0,-0.8,0.1,0.3,-169.70000000000002,0.0,0.0,169.70000000000002,0.0,21.3,29.0,29.0,30.0,300.0,300.0,31.4,35.9,28.9,28.200000000000003,30.0,4.96,2.0,4.96,0.16,0.0,0.0,1027.0,8228.0,0.0,0.0,0.0,0.0,0.0,1.0,0.0,0.0,0.0,0.0,0.0,0.4,0.0,-0.3,0.0,0.0001,16.0,25903.0
2026-07-30T19:02:25.016Z,314.499,314.514,0.0,7.4,0.0,0.0,0.0,0.0,0.0,0.0,0.0,0.0,1.0,0.0,0.0,0.0,9.0,4.0,0.0,0.0,0.0,0.0,0.0,0.0,0.0,0.0,4.0,12.0,1.0,12.15,5.0200000000000005,2.51,1.49,0.0,0.0,0.0,135.0,0.0,0.8,0.1,-0.1,-169.70000000000002,0.0,0.0,169.8,0.0,21.3,29.0,29.0,30.0,300.0,300.0,31.4,35.9,28.9,28.200000000000003,30.0,4.95,1.99,4.96,0.16,0.0,0.0,1027.0,8228.0,0.0,0.0,0.0,0.0,0.0,1.0,0.0,0.0,0.0,0.0,0.0,0.8,0.0,-0.8,0.0,0.0,16.0,25903.0
2026-07-30T19:02:25.028Z,314.511,314.526,0.0,7.4,0.0,0.0,0.0,0.0,0.0,0.0,0.0,0.0,1.0,0.0,0.0,0.0,9.0,4.0,0.0,0.0,0.0,0.0,0.0,0.0,0.0,0.0,5.0,12.0,1.0,12.15,5.0200000000000005,2.51,1.49,0.0,0.0,0.0,135.0,0.0,0.2,-0.4,-0.7000000000000001,-169.70000000000002,0.0,0.0,169.70000000000002,0.0,21.3,29.0,29.0,30.0,300.0,300.0,31.4,35.9,28.9,28.200000000000003,30.0,4.95,1.99,4.96,0.16,0.0,0.0,1027.0,8228.0,0.0,0.0,0.0,0.0,0.0,1.0,0.0,0.0,0.0,0.0,0.0,0.0,0.0,0.1,0.0,0.0001,16.0,25903.0
2026-07-30T19:02:25.039Z,314.522,314.538,0.0,7.4,0.0,0.0,0.0,0.0,0.0,0.0,0.0,0.0,1.0,0.0,0.0,0.0,9.0,4.0,0.0,0.0,0.0,0.0,0.0,0.0,0.0,0.0,6.0,12.0,1.0,12.15,5.0200000000000005,2.51,1.49,0.0,0.0,0.0,134.9,0.0,0.3,0.1,-0.1,-169.70000000000002,0.0,0.0,169.70000000000002,0.0,21.3,29.0,29.0,30.0,300.0,300.0,31.4,35.9,28.9,28.200000000000003,30.0,4.96,1.99,4.96,0.16,0.0,0.0,1027.0,8228.0,0.0,0.0,0.0,0.0,0.0,1.0,0.0,0.0,0.0,0.0,0.0,0.0,0.0,0.1,0.0,0.0,16.0,25903.0
2026-07-30T19:02:25.053Z,314.536,314.55,0.0,7.4,0.0,0.0,0.0,0.0,0.0,0.0,0.0,0.0,1.0,0.0,0.0,0.0,9.0,4.0,0.0,0.0,0.0,0.0,0.0,0.0,0.0,0.0,2.0,12.0,1.0,12.13,5.01,2.5,1.49,0.0,0.0,0.0,134.8,0.0,-0.2,0.7000000000000001,-0.7000000000000001,-169.70000000000002,0.0,0.0,169.60000000000002,0.0,21.3,29.0,29.0,30.0,300.0,300.0,31.6,35.800000000000004,28.9,28.1,30.0,4.96,1.99,4.97,0.16,0.0,0.0,1027.0,8228.0,0.0,0.0,0.0,0.0,0.0,1.0,0.0,0.0,0.0,0.0,0.0,0.2,0.0,0.7000000000000001,0.0,0.0,16.0,25903.0
2026-07-30T19:02:25.063Z,314.546,314.562,0.0,7.4,0.0,0.0,0.0,0.0,0.0,0.0,0.0,0.0,1.0,0.0,0.0,0.0,9.0,4.0,0.0,0.0,0.0,0.0,0.0,0.0,0.0,0.0,2.0,12.0,1.0,12.13,5.01,2.5,1.49,0.0,0.0,0.0,134.70000000000002,0.0,-0.8,-0.4,-0.7000000000000001,-169.70000000000002,0.0,0.0,169.8,0.0,21.3,29.0,29.0,30.0,300.0,300.0,31.6,35.800000000000004,28.9,28.1,30.0,4.95,1.99,4.97,0.16,0.0,0.0,1027.0,8228.0,0.0,0.0,0.0,0.0,0.0,1.0,0.0,0.0,0.0,0.0,0.0,-1.0,0.0,0.5,0.0,0.0,16.0,25903.0
2026-07-30T19:02:25.075Z,314.558,314.574,0.0,7.4,0.0,0.0,0.0,0.0,0.0,0.0,0.0,0.0,1.0,0.0,0.0,0.0,9.0,4.0,0.0,0.0,0.0,0.0,0.0,0.0,0.0,0.0,3.0,12.0,1.0,12.13,5.01,2.5,1.49,0.0,0.1,0.0,134.6,0.0,-0.3,0.1,-0.1,-169.70000000000002,0.0,0.0,169.8,0.0,21.3,29.0,29.0,30.0,300.0,300.0,31.6,35.800000000000004,28.9,28.1,30.0,4.95,1.99,4.96,0.16,0.0,0.0,1027.0,8228.0,0.0,0.0,0.0,0.0,0.0,1.0,0.0,0.0,0.0,0.0,0.0,0.1,0.0,0.1,0.0,0.0001,16.0,25903.0
2026-07-30T19:02:25.088Z,314.571,314.586,0.0,7.4,0.0,0.0,0.0,0.0,0.0,0.0,0.0,0.0,1.0,0.0,0.0,0.0,9.0,4.0,0.0,0.0,0.0,0.0,0.0,0.0,0.0,0.0,4.0,12.0,1.0,12.13,5.01,2.5,1.49,0.0,0.0,0.0,134.5,0.0,0.2,0.2,1.0,-169.70000000000002,0.0,0.0,169.70000000000002,0.0,21.3,29.0,29.0,30.0,300.0,300.0,31.6,35.800000000000004,28.9,28.1,30.0,4.95,1.99,4.96,0.16,0.0,0.0,1027.0,8228.0,0.0,0.0,0.0,0.0,0.0,1.0,0.0,0.0,0.0,0.0,0.0,1.0,0.0,-0.9,0.0,0.0,16.0,25903.0
2026-07-30T19:02:25.100Z,314.583,314.598,0.0,7.4,0.0,0.0,0.0,0.0,0.0,0.0,0.0,0.0,1.0,0.0,0.0,0.0,9.0,4.0,0.0,0.0,0.0,0.0,0.0,0.0,0.0,0.0,5.0,12.0,1.0,12.13,5.01,2.5,1.49,0.0,0.1,0.0,134.3,0.0,0.2,0.2,0.0,-169.70000000000002,0.0,0.0,169.70000000000002,0.0,21.3,29.0,29.0,30.0,300.0,300.0,31.6,35.800000000000004,28.9,28.1,30.0,4.95,1.99,4.97,0.16,0.0,0.0,1027.0,8228.0,0.0,0.0,0.0,0.0,0.0,1.0,0.0,0.0,0.0,0.0,0.0,0.2,0.0,0.0,0.0,0.0,16.0,25903.0
2026-07-30T19:02:25.112Z,314.595,314.61,0.0,7.4,0.0,0.0,0.0,0.0,0.0,0.0,0.0,0.0,1.0,0.0,0.0,0.0,9.0,4.0,0.0,0.0,0.0,0.0,0.0,0.0,0.0,0.0,6.0,12.0,1.0,12.13,5.01,2.5,1.49,0.0,0.1,0.0,134.20000000000002,0.0,-0.9,0.1,-0.5,-169.70000000000002,0.0,0.0,169.8,0.0,21.3,29.0,29.0,30.0,300.0,300.0,31.6,35.800000000000004,28.9,28.1,30.0,4.95,1.99,4.97,0.16,0.0,0.0,1027.0,8228.0,0.0,0.0,0.0,0.0,0.0,1.0,0.0,0.0,0.0,0.0,0.0,-0.2,0.0,0.5,0.0,0.0,16.0,25903.0
2026-07-30T19:02:25.124Z,314.607,314.622,0.0,7.4,0.0,0.0,0.0,0.0,0.0,0.0,0.0,0.0,1.0,0.0,0.0,0.0,9.0,4.0,0.0,0.0,0.0,0.0,0.0,0.0,0.0,0.0,2.0,12.0,1.0,12.13,5.01,2.5,1.49,0.0,0.0,0.0,134.1,0.0,0.2,-0.4,0.0,-169.70000000000002,0.0,0.0,169.8,0.0,21.3,29.0,29.0,30.0,300.0,300.0,31.6,35.800000000000004,28.9,28.1,30.0,4.96,1.99,4.96,0.16,0.0,0.0,1027.0,8228.0,0.0,0.0,0.0,0.0,0.0,1.0,0.0,0.0,0.0,0.0,0.0,-0.5,0.0,0.0,0.0,0.0001,16.0,25903.0
2026-07-30T19:02:25.136Z,314.619,314.634,0.0,7.4,0.0,0.0,0.0,0.0,0.0,0.0,0.0,0.0,1.0,0.0,0.0,0.0,9.0,4.0,0.0,0.0,0.0,0.0,0.0,0.0,0.0,0.0,3.0,12.0,1.0,12.13,5.01,2.5,1.49,0.0,0.0,0.0,134.0,0.0,-0.3,-0.4,-0.7000000000000001,-169.70000000000002,0.0,0.0,169.8,0.0,21.3,29.0,29.0,30.0,300.0,300.0,31.6,35.800000000000004,28.9,28.1,30.0,4.95,1.99,4.97,0.16,0.0,0.0,1027.0,8228.0,0.0,0.0,0.0,0.0,0.0,1.0,0.0,0.0,0.0,0.0,0.0,-1.0,0.0,0.5,0.0,0.0,16.0,25903.0
2026-07-30T19:02:25.148Z,314.631,314.646,0.0,7.4,0.0,0.0,0.0,0.0,0.0,0.0,0.0,0.0,1.0,0.0,0.0,0.0,9.0,4.0,0.0,0.0,0.0,0.0,0.0,0.0,0.0,0.0,4.0,12.0,1.0,12.13,5.01,2.5,1.49,0.0,0.0,0.0,133.9,0.0,-0.3,-0.4,0.4,-169.70000000000002,0.0,0.0,169.8,0.0,21.3,29.0,29.0,30.0,300.0,300.0,31.6,35.800000000000004,28.9,28.1,30.0,4.95,2.0,4.96,0.16,0.0,0.0,1027.0,8228.0,0.0,0.0,0.0,0.0,0.0,1.0,0.0,0.0,0.0,0.0,0.0,-0.2,0.0,-0.4,0.0,0.0,16.0,25903.0
2026-07-30T19:02:25.160Z,314.643,314.658,0.0,7.4,0.0,0.0,0.0,0.0,0.0,0.0,0.0,0.0,1.0,0.0,0.0,0.0,9.0,4.0,0.0,0.0,0.0,0.0,0.0,0.0,0.0,0.0,5.0,12.0,1.0,12.18,5.01,2.51,1.49,0.0,0.0,0.0,133.8,0.0,0.8,2.4000000000000004,0.9,-169.70000000000002,0.0,0.0,169.8,0.0,22.1,29.0,29.0,30.0,300.0,300.0,31.700000000000003,35.800000000000004,28.9,28.1,30.0,4.96,1.99,4.96,0.16,0.0,0.0,1027.0,8228.0,0.0,0.0,0.0,0.0,0.0,1.0,0.0,0.0,0.0,0.0,0.0,3.5,0.0,-0.3,0.0,0.0,16.0,25903.0
2026-07-30T19:02:25.172Z,314.655,314.67,0.0,7.4,0.0,0.0,0.0,0.0,0.0,0.0,0.0,0.0,1.0,0.0,0.0,0.0,9.0,4.0,0.0,0.0,0.0,0.0,0.0,0.0,0.0,0.0,6.0,12.0,1.0,12.18,5.01,2.51,1.49,0.0,0.0,0.0,133.70000000000002,0.0,0.2,-0.4,0.9,-169.70000000000002,0.0,0.0,169.8,0.0,22.1,29.0,29.0,30.0,300.0,300.0,31.700000000000003,35.800000000000004,28.9,28.1,30.0,4.95,1.99,4.96,0.16,0.0,0.0,1027.0,8228.0,0.0,0.0,0.0,0.0,0.0,1.0,0.0,0.0,0.0,0.0,0.0,0.1,0.0,-0.9,0.0,0.0,16.0,25903.0
2026-07-30T19:02:25.184Z,314.667,314.682,0.0,7.4,0.0,0.0,0.0,0.0,0.0,0.0,0.0,0.0,1.0,0.0,0.0,0.0,9.0,4.0,0.0,0.0,0.0,0.0,0.0,0.0,0.0,0.0,1.0,12.0,1.0,12.18,5.01,2.51,1.49,0.0,0.0,0.0,133.6,0.0,1.4,0.6000000000000001,-0.1,-169.70000000000002,0.0,0.0,169.8,0.0,22.1,29.0,29.0,30.0,300.0,300.0,31.700000000000003,35.800000000000004,28.9,28.1,30.0,4.96,1.99,4.97,0.16,0.0,0.0,1027.0,8228.0,0.0,0.0,0.0,0.0,0.0,1.0,0.0,0.0,0.0,0.0,0.0,0.5,0.0,0.2,0.0,0.0,16.0,25903.0
2026-07-30T19:02:25.196Z,314.679,314.694,0.0,7.4,0.0,0.0,0.0,0.0,0.0,0.0,0.0,0.0,1.0,0.0,0.0,0.0,9.0,4.0,0.0,0.0,0.0,0.0,0.0,0.0,0.0,0.0,3.0,12.0,1.0,12.18,5.01,2.51,1.49,0.0,0.0,0.0,133.5,0.0,-0.3,0.0,-0.7000000000000001,-169.70000000000002,0.0,0.0,169.8,0.0,22.1,29.0,29.0,30.0,300.0,300.0,31.700000000000003,35.800000000000004,28.9,28.1,30.0,4.96,2.0,4.96,0.16,0.0,0.0,1027.0,8228.0,0.0,0.0,0.0,0.0,0.0,1.0,0.0,0.0,0.0,0.0,0.0,-0.5,0.0,0.6000000000000001,0.0,0.0,16.0,25903.0
2026-07-30T19:02:25.208Z,314.691,314.706,0.0,7.4,0.0,0.0,0.0,0.0,0.0,0.0,0.0,0.0,1.0,0.0,0.0,0.0,9.0,4.0,0.0,0.0,0.0,0.0,0.0,0.0,0.0,0.0,4.0,12.0,1.0,12.18,5.01,2.51,1.49,0.0,0.0,0.0,133.4,0.0,-0.9,0.0,-0.1,-169.70000000000002,0.0,0.0,169.8,0.0,22.1,29.0,29.0,30.0,300.0,300.0,31.700000000000003,35.800000000000004,28.9,28.1,30.0,4.96,1.99,4.96,0.16,0.0,0.0,1027.0,8228.0,0.0,0.0,0.0,0.0,0.0,1.0,0.0,0.0,0.0,0.0,0.0,-0.1,0.0,0.1,0.0,0.0,16.0,25903.0
2026-07-30T19:02:25.220Z,314.703,314.718,0.0,7.4,0.0,0.0,0.0,0.0,0.0,0.0,0.0,0.0,1.0,0.0,0.0,0.0,9.0,4.0,0.0,0.0,0.0,0.0,0.0,0.0,0.0,0.0,5.0,12.0,1.0,12.18,5.01,2.51,1.49,0.0,0.0,0.0,133.3,0.0,0.2,-0.5,0.4,-169.70000000000002,0.0,0.0,169.70000000000002,0.0,22.1,29.0,29.0,30.0,300.0,300.0,31.700000000000003,35.800000000000004,28.9,28.1,30.0,4.95,1.99,4.96,0.16,0.0,0.0,1027.0,8228.0,0.0,0.0,0.0,0.0,0.0,1.0,0.0,0.0,0.0,0.0,0.0,-0.3,0.0,-0.4,0.0,0.0,16.0,25903.0
2026-07-30T19:02:25.232Z,314.715,314.73,0.0,7.4,0.0,0.0,0.0,0.0,0.0,0.0,0.0,0.0,1.0,0.0,0.0,0.0,9.0,4.0,0.0,0.0,0.0,0.0,0.0,0.0,0.0,0.0,1.0,12.0,1.0,12.18,5.01,2.51,1.49,0.0,0.0,0.0,133.1,0.0,-0.8,-1.1,0.4,-169.70000000000002,0.0,0.0,169.8,0.0,22.1,29.0,29.0,30.0,300.0,300.0,31.700000000000003,35.800000000000004,28.9,28.1,30.0,4.96,1.98,4.96,0.16,0.0,0.0,1027.0,8228.0,0.0,0.0,0.0,0.0,0.0,1.0,0.0,0.0,0.0,0.0,0.0,-0.9,0.0,-0.5,0.0,0.0001,16.0,25903.0
2026-07-30T19:02:25.244Z,314.727,314.742,0.0,7.4,0.0,0.0,0.0,0.0,0.0,0.0,0.0,0.0,1.0,0.0,0.0,0.0,9.0,4.0,0.0,0.0,0.0,0.0,0.0,0.0,0.0,0.0,2.0,12.0,1.0,12.18,5.01,2.51,1.49,0.0,0.0,0.0,133.1,0.0,0.3,0.0,-0.7000000000000001,-169.70000000000002,0.0,0.0,169.8,0.0,22.1,29.0,29.0,30.0,300.0,300.0,31.700000000000003,35.800000000000004,28.9,28.1,30.0,4.96,1.99,4.96,0.16,0.0,0.0,1027.0,8228.0,0.0,0.0,0.0,0.0,0.0,1.0,0.0,0.0,0.0,0.0,0.0,-0.5,0.0,0.6000000000000001,0.0,0.0001,16.0,25903.0
2026-07-30T19:02:25.257Z,314.74,314.754,0.0,7.4,0.0,0.0,0.0,0.0,0.0,0.0,0.0,0.0,1.0,0.0,0.0,0.0,9.0,4.0,0.0,0.0,0.0,0.0,0.0,0.0,0.0,0.0,3.0,12.0,1.0,12.18,5.0200000000000005,2.51,1.49,0.0,0.0,0.0,132.9,0.0,0.3,0.0,-0.7000000000000001,-169.70000000000002,0.0,0.0,169.70000000000002,0.0,21.200000000000003,29.0,29.0,30.0,300.0,300.0,31.6,35.7,28.9,28.1,30.0,4.95,1.99,4.96,0.16,0.0,0.0,1027.0,8228.0,0.0,0.0,0.0,0.0,0.0,1.0,0.0,0.0,0.0,0.0,0.0,-0.5,0.0,0.6000000000000001,0.0,0.0,16.0,25903.0
2026-07-30T19:02:25.268Z,314.751,314.766,0.0,7.4,0.0,0.0,0.0,0.0,0.0,0.0,0.0,0.0,1.0,0.0,0.0,0.0,9.0,4.0,0.0,0.0,0.0,0.0,0.0,0.0,0.0,0.0,4.0,12.0,1.0,12.18,5.0200000000000005,2.51,1.49,0.0,0.0,0.0,132.8,0.0,0.3,0.0,-0.7000000000000001,-169.70000000000002,0.0,0.0,169.70000000000002,0.0,21.200000000000003,29.0,29.0,30.0,300.0,300.0,31.6,35.7,28.9,28.1,30.0,4.95,1.99,4.97,0.16,0.0,0.0,1027.0,8228.0,0.0,0.0,0.0,0.0,0.0,1.0,0.0,0.0,0.0,0.0,0.0,-0.4,0.0,0.6000000000000001,0.0,0.0,16.0,25903.0
2026-07-30T19:02:25.280Z,314.763,314.778,0.0,7.4,0.0,0.0,0.0,0.0,0.0,0.0,0.0,0.0,1.0,0.0,0.0,0.0,9.0,4.0,0.0,0.0,0.0,0.0,0.0,0.0,0.0,0.0,5.0,12.0,1.0,12.18,5.0200000000000005,2.51,1.49,0.0,0.0,0.0,132.70000000000002,0.0,0.9,-0.5,-0.1,-169.70000000000002,0.0,0.0,169.70000000000002,0.0,21.200000000000003,29.0,29.0,30.0,300.0,300.0,31.6,35.7,28.9,28.1,30.0,4.96,2.0,4.96,0.16,0.0,0.0,1027.0,8228.0,0.0,0.0,0.0,0.0,0.0,1.0,0.0,0.0,0.0,0.0,0.0,-0.7000000000000001,0.0,0.0,0.0,0.0,16.0,25903.0
2026-07-30T19:02:25.292Z,314.775,314.79,0.0,7.4,0.0,0.0,0.0,0.0,0.0,0.0,0.0,0.0,1.0,0.0,0.0,0.0,9.0,4.0,0.0,0.0,0.0,0.0,0.0,0.0,0.0,0.0,1.0,12.0,1.0,12.18,5.0200000000000005,2.51,1.49,0.0,0.0,0.0,132.6,0.0,-0.2,0.6000000000000001,0.4,-169.70000000000002,0.0,0.0,169.70000000000002,0.0,21.200000000000003,29.0,29.0,30.0,300.0,300.0,31.6,35.7,28.9,28.1,30.0,4.96,1.99,4.97,0.16,0.0,0.0,1027.0,8228.0,0.0,0.0,0.0,0.0,0.0,1.0,0.0,0.0,0.0,0.0,0.0,1.1,0.0,-0.2,0.0,0.0,16.0,25903.0
2026-07-30T19:02:25.304Z,314.787,314.802,0.0,7.4,0.0,0.0,0.0,0.0,0.0,0.0,0.0,0.0,1.0,0.0,0.0,0.0,9.0,4.0,0.0,0.0,0.0,0.0,0.0,0.0,0.0,0.0,2.0,12.0,1.0,12.18,5.0200000000000005,2.51,1.49,0.0,0.0,0.0,132.5,0.0,-0.2,0.0,-1.2000000000000002,-169.70000000000002,0.0,0.0,169.70000000000002,0.0,21.200000000000003,29.0,29.0,30.0,300.0,300.0,31.6,35.7,28.9,28.1,30.0,4.95,1.99,4.97,0.16,0.0,0.0,1027.0,8228.0,0.0,0.0,0.0,0.0,0.0,1.0,0.0,0.0,0.0,0.0,0.0,-0.9,0.0,1.0,0.0,0.0,16.0,25903.0
2026-07-30T19:02:25.316Z,314.799,314.814,0.0,7.4,0.0,0.0,0.0,0.0,0.0,0.0,0.0,0.0,1.0,0.0,0.0,0.0,9.0,4.0,0.0,0.0,0.0,0.0,0.0,0.0,0.0,0.0,3.0,12.0,1.0,12.18,5.0200000000000005,2.51,1.49,0.0,0.0,0.0,132.3,0.0,0.3,0.5,-0.6000000000000001,-169.70000000000002,0.0,0.0,169.8,0.0,21.200000000000003,29.0,29.0,30.0,300.0,300.0,31.6,35.7,28.9,28.1,30.0,4.96,1.99,4.96,0.16,0.0,0.0,1027.0,8228.0,0.0,0.0,0.0,0.0,0.0,1.0,0.0,0.0,0.0,0.0,0.0,0.1,0.0,0.6000000000000001,0.0,0.0,16.0,25903.0
2026-07-30T19:02:25.328Z,314.811,314.826,0.0,7.4,0.0,0.0,0.0,0.0,0.0,0.0,0.0,0.0,1.0,0.0,0.0,0.0,9.0,4.0,0.0,0.0,0.0,0.0,0.0,0.0,0.0,0.0,4.0,12.0,1.0,12.18,5.0200000000000005,2.51,1.49,0.0,0.0,0.0,132.3,0.0,-0.2,-1.2000000000000002,0.0,-169.70000000000002,0.0,0.0,169.8,0.0,21.200000000000003,29.0,29.0,30.0,300.0,300.0,31.6,35.7,28.9,28.1,30.0,4.95,1.98,4.96,0.16,0.0,0.0,1027.0,8228.0,0.0,0.0,0.0,0.0,0.0,1.0,0.0,0.0,0.0,0.0,0.0,-1.4,0.0,-0.2,0.0,0.0,16.0,25903.0
2026-07-30T19:02:25.340Z,314.823,314.838,0.0,7.4,0.0,0.0,0.0,0.0,0.0,0.0,0.0,0.0,1.0,0.0,0.0,0.0,9.0,4.0,0.0,0.0,0.0,0.0,0.0,0.0,0.0,0.0,5.0,12.0,1.0,12.18,5.0200000000000005,2.51,1.49,0.0,0.1,0.0,132.20000000000002,0.0,-0.2,0.5,1.1,-169.70000000000002,0.0,0.0,169.70000000000002,0.0,21.200000000000003,29.0,29.0,30.0,300.0,300.0,31.6,35.7,28.9,28.1,30.0,4.95,1.99,4.97,0.16,0.0,0.0,1027.0,8228.0,0.0,0.0,0.0,0.0,0.0,1.0,0.0,0.0,0.0,0.0,0.0,-0.5,0.0,0.5,0.0,0.0,16.0,25903.0
2026-07-30T19:02:25.352Z,314.835,314.85,0.0,7.4,0.0,0.0,0.0,0.0,0.0,0.0,0.0,0.0,1.0,0.0,0.0,0.0,9.0,4.0,0.0,0.0,0.0,0.0,0.0,0.0,0.0,0.0,6.0,12.0,1.0,12.18,5.0200000000000005,2.51,1.49,0.0,0.1,0.0,132.1,0.0,0.2,0.5,1.1,-169.70000000000002,0.0,0.0,169.60000000000002,0.0,21.200000000000003,29.0,29.0,30.0,300.0,300.0,31.6,35.7,28.9,28.1,30.0,4.95,2.0,4.97,0.16,0.0,0.0,1027.0,8228.0,0.0,0.0,0.0,0.0,0.0,1.0,0.0,0.0,0.0,0.0,0.0,0.1,0.0,0.6000000000000001,0.0,0.0001,16.0,25903.0
2026-07-30T19:02:25.364Z,314.847,314.862,0.0,7.4,0.0,0.0,0.0,0.0,0.0,0.0,0.0,0.0,1.0,0.0,0.0,0.0,9.0,4.0,0.0,0.0,0.0,0.0,0.0,0.0,0.0,0.0,1.0,12.0,1.0,12.17,5.0200000000000005,2.51,1.49,0.0,0.0,0.0,132.0,0.0,-0.3,-0.6000000000000001,-0.6000000000000001,-169.70000000000002,0.0,0.0,169.70000000000002,0.0,21.8,29.0,29.0,30.0,300.0,300.0,31.6,35.7,28.9,28.1,30.0,4.96,2.0,4.96,0.16,0.0,0.0,1027.0,8228.0,0.0,0.0,0.0,0.0,0.0,1.0,0.0,0.0,0.0,0.0,0.0,0.0,0.0,-1.1,0.0,0.0,16.0,25903.0
2026-07-30T19:02:25.376Z,314.859,314.874,0.0,7.4,0.0,0.0,0.0,0.0,0.0,0.0,0.0,0.0,1.0,0.0,0.0,0.0,9.0,4.0,0.0,0.0,0.0,0.0,0.0,0.0,0.0,0.0,2.0,12.0,1.0,12.17,5.0200000000000005,2.51,1.49,0.0,0.0,0.0,131.9,0.0,-0.3,-1.2000000000000002,-0.6000000000000001,-169.70000000000002,0.0,0.0,169.70000000000002,0.0,21.8,29.0,29.0,30.0,300.0,300.0,31.6,35.7,28.9,28.1,30.0,4.95,1.99,4.97,0.16,0.0,0.0,1027.0,8228.0,0.0,0.0,0.0,0.0,0.0,1.0,0.0,0.0,0.0,0.0,0.0,-1.4,0.0,-0.2,0.0,0.0,16.0,25903.0
2026-07-30T19:02:25.388Z,314.871,314.886,0.0,7.4,0.0,0.0,0.0,0.0,0.0,0.0,0.0,0.0,1.0,0.0,0.0,0.0,9.0,4.0,0.0,0.0,0.0,0.0,0.0,0.0,0.0,0.0,3.0,12.0,1.0,12.17,5.0200000000000005,2.51,1.49,0.0,0.0,0.0,131.8,0.0,-0.9,-0.6000000000000001,-1.2000000000000002,-169.70000000000002,0.0,0.0,169.70000000000002,0.0,21.8,29.0,29.0,30.0,300.0,300.0,31.6,35.7,28.9,28.1,30.0,4.95,1.99,4.96,0.16,0.0,0.0,1027.0,8228.0,0.0,0.0,0.0,0.0,0.0,1.0,0.0,0.0,0.0,0.0,0.0,-1.7000000000000002,0.0,0.9,0.0,0.0,16.0,25903.0
2026-07-30T19:02:25.400Z,314.883,314.898,0.0,7.4,0.0,0.0,0.0,0.0,0.0,0.0,0.0,0.0,1.0,0.0,0.0,0.0,9.0,4.0,0.0,0.0,0.0,0.0,0.0,0.0,0.0,0.0,4.0,12.0,1.0,12.17,5.0200000000000005,2.51,1.49,0.0,0.0,0.0,131.6,0.0,0.8,1.7000000000000002,0.5,-169.70000000000002,0.0,0.0,169.70000000000002,0.0,21.8,29.0,29.0,30.0,300.0,300.0,31.6,35.7,28.9,28.1,30.0,4.96,1.99,4.96,0.16,0.0,0.0,1027.0,8228.0,0.0,0.0,0.0,0.0,0.0,1.0,0.0,0.0,0.0,0.0,0.0,2.3000000000000003,0.0,-0.1,0.0,0.0,16.0,25903.0
2026-07-30T19:02:25.412Z,314.895,314.91,0.0,7.4,0.0,0.0,0.0,0.0,0.0,0.0,0.0,0.0,1.0,0.0,0.0,0.0,9.0,4.0,0.0,0.0,0.0,0.0,0.0,0.0,0.0,0.0,5.0,12.0,1.0,12.17,5.0200000000000005,2.51,1.49,0.0,0.0,0.0,131.6,0.0,0.2,0.0,-0.6000000000000001,-169.70000000000002,0.0,0.0,169.8,0.0,21.8,29.0,29.0,30.0,300.0,300.0,31.6,35.7,28.9,28.1,30.0,4.96,1.99,4.97,0.16,0.0,0.0,1027.0,8228.0,0.0,0.0,0.0,0.0,0.0,1.0,0.0,0.0,0.0,0.0,0.0,-0.5,0.0,0.5,0.0,0.0,16.0,25903.0
2026-07-30T19:02:25.424Z,314.907,314.922,0.0,7.4,0.0,0.0,0.0,0.0,0.0,0.0,0.0,0.0,1.0,0.0,0.0,0.0,9.0,4.0,0.0,0.0,0.0,0.0,0.0,0.0,0.0,0.0,6.0,12.0,1.0,12.17,5.0200000000000005,2.51,1.49,0.0,0.0,0.0,131.4,0.0,0.2,-1.2000000000000002,0.5,-169.70000000000002,0.0,0.0,169.8,0.0,21.8,29.0,29.0,30.0,300.0,300.0,31.6,35.7,28.9,28.1,30.0,4.95,1.99,4.97,0.16,0.0,0.0,1027.0,8228.0,0.0,0.0,0.0,0.0,0.0,1.0,0.0,0.0,0.0,0.0,0.0,-0.9,0.0,-0.7000000000000001,0.0,0.0,16.0,25903.0
2026-07-30T19:02:25.436Z,314.919,314.934,0.0,7.4,0.0,0.0,0.0,0.0,0.0,0.0,0.0,0.0,1.0,0.0,0.0,0.0,9.0,4.0,0.0,0.0,0.0,0.0,0.0,0.0,0.0,0.0,1.0,12.0,1.0,12.17,5.0200000000000005,2.51,1.49,0.0,0.0,0.0,131.4,0.0,0.2,0.0,0.0,-169.70000000000002,0.0,0.0,169.70000000000002,0.0,21.8,29.0,29.0,30.0,300.0,300.0,31.6,35.7,28.9,28.1,30.0,4.95,1.99,4.96,0.16,0.0,0.0,1027.0,8228.0,0.0,0.0,0.0,0.0,0.0,1.0,0.0,0.0,0.0,0.0,0.0,0.0,0.0,0.0,0.0,0.0001,16.0,25903.0
2026-07-30T19:02:25.448Z,314.931,314.946,0.0,7.4,0.0,0.0,0.0,0.0,0.0,0.0,0.0,0.0,1.0,0.0,0.0,0.0,9.0,4.0,0.0,0.0,0.0,0.0,0.0,0.0,0.0,0.0,3.0,12.0,1.0,12.17,5.0200000000000005,2.51,1.49,0.0,0.0,0.0,131.20000000000002,0.0,-0.3,1.1,0.0,-169.70000000000002,0.0,0.0,169.70000000000002,0.0,21.8,29.0,29.0,30.0,300.0,300.0,31.6,35.7,28.9,28.1,30.0,4.96,1.99,4.96,0.16,0.0,0.0,1027.0,8228.0,0.0,0.0,0.0,0.0,0.0,1.0,0.0,0.0,0.0,0.0,0.0,1.3,0.0,0.2,0.0,0.0,16.0,25903.0
2026-07-30T19:02:25.461Z,314.944,314.958,0.0,7.4,0.0,0.0,0.0,0.0,0.0,0.0,0.0,0.0,1.0,0.0,0.0,0.0,9.0,4.0,0.0,0.0,0.0,0.0,0.0,0.0,0.0,0.0,4.0,12.0,1.0,12.13,5.0200000000000005,2.5,1.49,0.0,0.0,0.0,131.20000000000002,0.0,-0.3,-0.5,0.0,-169.70000000000002,0.0,0.0,169.70000000000002,0.0,21.4,29.0,29.0,30.0,300.0,300.0,31.6,35.800000000000004,28.9,28.200000000000003,30.0,4.95,1.99,4.97,0.16,0.0,0.0,1027.0,8228.0,0.0,0.0,0.0,0.0,0.0,1.0,0.0,0.0,0.0,0.0,0.0,-0.6000000000000001,0.0,-0.1,0.0,0.0,16.0,25903.0
2026-07-30T19:02:25.472Z,314.955,314.97,0.0,7.4,0.0,0.0,0.0,0.0,0.0,0.0,0.0,0.0,1.0,0.0,0.0,0.0,9.0,4.0,0.0,0.0,0.0,0.0,0.0,0.0,0.0,0.0,5.0,12.0,1.0,12.13,5.0200000000000005,2.5,1.49,0.0,0.0,0.0,131.4,0.0,1.3,0.0,-0.5,-169.70000000000002,0.0,0.0,169.70000000000002,0.0,21.4,29.0,29.0,30.0,300.0,300.0,31.6,35.800000000000004,28.9,28.200000000000003,30.0,4.96,1.99,4.96,0.16,0.0,0.0,1027.0,8228.0,0.0,0.0,0.0,0.0,0.0,1.0,0.0,0.0,0.0,0.0,0.0,-0.3,0.0,0.5,0.0,0.0001,16.0,25903.0
2026-07-30T19:02:25.484Z,314.967,314.982,0.0,7.4,0.0,0.0,0.0,0.0,0.0,0.0,0.0,0.0,1.0,0.0,0.0,0.0,9.0,4.0,0.0,0.0,0.0,0.0,0.0,0.0,0.0,0.0,6.0,12.0,1.0,12.13,5.0200000000000005,2.5,1.49,0.0,0.0,0.0,131.5,0.0,0.1,0.6000000000000001,1.1,-169.70000000000002,0.0,0.0,169.8,0.0,21.4,29.0,29.0,30.0,300.0,300.0,31.6,35.800000000000004,28.9,28.200000000000003,30.0,4.96,1.99,4.97,0.16,0.0,0.0,1027.0,8228.0,0.0,0.0,0.0,0.0,0.0,1.0,0.0,0.0,0.0,0.0,0.0,1.5,0.0,-0.8,0.0,0.0,16.0,25903.0
2026-07-30T19:02:25.496Z,314.979,314.994,0.0,7.4,0.0,0.0,0.0,0.0,0.0,0.0,0.0,0.0,1.0,0.0,0.0,0.0,9.0,4.0,0.0,0.0,0.0,0.0,0.0,0.0,0.0,0.0,2.0,12.0,1.0,12.13,5.0200000000000005,2.5,1.49,0.0,0.0,0.0,131.70000000000002,0.0,-0.3,0.0,-1.2000000000000002,-169.70000000000002,0.0,0.0,169.8,0.0,21.4,29.0,29.0,30.0,300.0,300.0,31.6,35.800000000000004,28.9,28.200000000000003,30.0,4.95,1.99,4.97,0.16,0.0,0.0,1027.0,8228.0,0.0,0.0,0.0,0.0,0.0,1.0,0.0,0.0,0.0,0.0,0.0,-0.8,0.0,1.0,0.0,0.0001,16.0,25903.0
2026-07-30T19:02:25.508Z,314.991,315.00600000000003,0.0,7.4,0.0,0.0,0.0,0.0,0.0,0.0,0.0,0.0,1.0,0.0,0.0,0.0,9.0,4.0,0.0,0.0,0.0,0.0,0.0,0.0,0.0,0.0,3.0,12.0,1.0,12.13,5.0200000000000005,2.5,1.49,0.0,0.0,0.0,131.9,0.0,0.1,-0.5,1.0,-169.70000000000002,0.0,0.0,169.70000000000002,0.0,21.4,29.0,29.0,30.0,300.0,300.0,31.6,35.800000000000004,28.9,28.200000000000003,30.0,4.95,1.99,4.97,0.16,0.0,0.0,1027.0,8228.0,0.0,0.0,0.0,0.0,0.0,1.0,0.0,0.0,0.0,0.0,0.0,0.1,0.0,-1.0,0.0,0.0,16.0,25903.0
2026-07-30T19:02:25.520Z,315.003,315.01800000000003,0.0,7.4,0.0,0.0,0.0,0.0,0.0,0.0,0.0,0.0,1.0,0.0,0.0,0.0,9.0,4.0,0.0,0.0,0.0,0.0,0.0,0.0,0.0,0.0,5.0,12.0,1.0,12.13,5.0200000000000005,2.5,1.49,0.0,0.0,0.0,132.1,0.0,0.1,0.0,0.5,-169.70000000000002,0.0,0.0,169.70000000000002,0.0,21.4,29.0,29.0,30.0,300.0,300.0,31.6,35.800000000000004,28.9,28.200000000000003,30.0,4.96,1.99,4.96,0.16,0.0,0.0,1027.0,8228.0,0.0,0.0,0.0,0.0,0.0,1.0,0.0,0.0,0.0,0.0,0.0,0.3,0.0,-0.4,0.0,0.0001,16.0,25903.0
2026-07-30T19:02:25.532Z,315.015,315.03000000000003,0.0,7.4,0.0,0.0,0.0,0.0,0.0,0.0,0.0,0.0,1.0,0.0,0.0,0.0,9.0,4.0,0.0,0.0,0.0,0.0,0.0,0.0,0.0,0.0,6.0,12.0,1.0,12.13,5.0200000000000005,2.5,1.49,0.0,0.1,0.0,132.3,0.0,-0.4,0.5,-0.6000000000000001,-169.70000000000002,0.0,0.0,169.70000000000002,0.0,21.4,29.0,29.0,30.0,300.0,300.0,31.6,35.800000000000004,28.9,28.200000000000003,30.0,4.96,1.99,4.97,0.16,0.0,0.0,1027.0,8228.0,0.0,0.0,0.0,0.0,0.0,1.0,0.0,0.0,0.0,0.0,0.0,0.1,0.0,0.7000000000000001,0.0,0.0,16.0,25903.0
2026-07-30T19:02:25.544Z,315.027,315.04200000000003,0.0,7.4,0.0,0.0,0.0,0.0,0.0,0.0,0.0,0.0,1.0,0.0,0.0,0.0,9.0,4.0,0.0,0.0,0.0,0.0,0.0,0.0,0.0,0.0,2.0,12.0,1.0,12.13,5.0200000000000005,2.5,1.49,0.0,0.0,0.0,132.5,0.0,-1.0,0.5,0.4,-169.70000000000002,0.0,0.0,169.70000000000002,0.0,21.4,29.0,29.0,30.0,300.0,300.0,31.6,35.800000000000004,28.9,28.200000000000003,30.0,4.95,1.99,4.97,0.16,0.0,0.0,1027.0,8228.0,0.0,0.0,0.0,0.0,0.0,1.0,0.0,0.0,0.0,0.0,0.0,0.9,0.0,-0.2,0.0,0.0,16.0,25903.0
2026-07-30T19:02:25.556Z,315.039,315.05400000000003,0.0,7.4,0.0,0.0,0.0,0.0,0.0,0.0,0.0,0.0,1.0,0.0,0.0,0.0,9.0,4.0,0.0,0.0,0.0,0.0,0.0,0.0,0.0,0.0,3.0,12.0,1.0,12.13,5.0200000000000005,2.5,1.49,0.0,0.1,0.0,132.70000000000002,0.0,0.7000000000000001,0.0,-0.7000000000000001,-169.70000000000002,0.0,0.0,169.8,0.0,21.4,29.0,29.0,30.0,300.0,300.0,31.6,35.800000000000004,28.9,28.200000000000003,30.0,4.96,1.99,4.96,0.16,0.0,0.0,1027.0,8228.0,0.0,0.0,0.0,0.0,0.0,1.0,0.0,0.0,0.0,0.0,0.0,-0.6000000000000001,0.0,0.6000000000000001,0.0,0.0,16.0,25903.0
2026-07-30T19:02:25.568Z,315.051,315.06600000000003,0.0,7.4,0.0,0.0,0.0,0.0,0.0,0.0,0.0,0.0,1.0,0.0,0.0,0.0,9.0,4.0,0.0,0.0,0.0,0.0,0.0,0.0,0.0,0.0,5.0,12.0,1.0,12.15,5.01,2.5,1.49,0.0,0.0,0.0,132.8,0.0,-0.4,-0.5,0.0,-169.70000000000002,0.0,0.0,169.8,0.0,21.8,29.0,29.0,30.0,300.0,300.0,31.5,35.800000000000004,28.9,28.1,30.0,4.96,2.0,4.96,0.16,0.0,0.0,1027.0,8228.0,0.0,0.0,0.0,0.0,0.0,1.0,0.0,0.0,0.0,0.0,0.0,-0.7000000000000001,0.0,0.0,0.0,0.0001,16.0,25903.0
2026-07-30T19:02:25.580Z,315.063,315.07800000000003,0.0,7.4,0.0,0.0,0.0,0.0,0.0,0.0,0.0,0.0,1.0,0.0,0.0,0.0,9.0,4.0,0.0,0.0,0.0,0.0,0.0,0.0,0.0,0.0,6.0,12.0,1.0,12.15,5.01,2.5,1.49,0.0,0.0,0.0,133.1,0.0,0.1,0.5,1.1,-169.70000000000002,0.0,0.0,169.8,0.0,21.8,29.0,29.0,30.0,300.0,300.0,31.5,35.800000000000004,28.9,28.1,30.0,4.96,1.99,4.97,0.16,0.0,0.0,1027.0,8228.0,0.0,0.0,0.0,0.0,0.0,1.0,0.0,0.0,0.0,0.0,0.0,1.4,0.0,-0.8,0.0,0.0,16.0,25903.0
2026-07-30T19:02:25.592Z,315.075,315.09000000000003,0.0,7.4,0.0,0.0,0.0,0.0,0.0,0.0,0.0,0.0,1.0,0.0,0.0,0.0,9.0,4.0,0.0,0.0,0.0,0.0,0.0,0.0,0.0,0.0,2.0,12.0,1.0,12.15,5.01,2.5,1.49,0.0,0.1,0.0,133.20000000000002,0.0,-0.9,0.0,0.5,-169.70000000000002,0.0,0.0,169.70000000000002,0.0,21.8,29.0,29.0,30.0,300.0,300.0,31.5,35.800000000000004,28.9,28.1,30.0,4.95,1.99,4.97,0.16,0.0,0.0,1027.0,8228.0,0.0,0.0,0.0,0.0,0.0,1.0,0.0,0.0,0.0,0.0,0.0,0.3,0.0,-0.4,0.0,0.0,16.0,25903.0
2026-07-30T19:02:25.604Z,315.087,315.10200000000003,0.0,7.4,0.0,0.0,0.0,0.0,0.0,0.0,0.0,0.0,1.0,0.0,0.0,0.0,9.0,4.0,0.0,0.0,0.0,0.0,0.0,0.0,0.0,0.0,3.0,12.0,1.0,12.15,5.01,2.5,1.49,0.0,0.0,0.0,133.3,0.0,0.7000000000000001,-0.6000000000000001,0.0,-169.70000000000002,0.0,0.0,169.8,0.0,21.8,29.0,29.0,30.0,300.0,300.0,31.5,35.800000000000004,28.9,28.1,30.0,4.97,1.99,4.96,0.16,0.0,0.0,1027.0,8228.0,0.0,0.0,0.0,0.0,0.0,1.0,0.0,0.0,0.0,0.0,0.0,-0.7000000000000001,0.0,0.0,0.0,0.0,16.0,25903.0
2026-07-30T19:02:25.616Z,315.099,315.11400000000003,0.0,7.4,0.0,0.0,0.0,0.0,0.0,0.0,0.0,0.0,1.0,0.0,0.0,0.0,9.0,4.0,0.0,0.0,0.0,0.0,0.0,0.0,0.0,0.0,5.0,12.0,1.0,12.15,5.01,2.5,1.49,0.0,0.0,0.0,133.6,0.0,-0.3,-1.2000000000000002,-0.6000000000000001,-169.70000000000002,0.0,0.0,169.8,0.0,21.8,29.0,29.0,30.0,300.0,300.0,31.5,35.800000000000004,28.9,28.1,30.0,4.95,2.0,4.97,0.16,0.0,0.0,1027.0,8228.0,0.0,0.0,0.0,0.0,0.0,1.0,0.0,0.0,0.0,0.0,0.0,-1.8,0.0,0.3,0.0,0.0,16.0,25903.0
2026-07-30T19:02:25.628Z,315.111,315.12600000000003,0.0,7.4,0.0,0.0,0.0,0.0,0.0,0.0,0.0,0.0,1.0,0.0,0.0,0.0,9.0,4.0,0.0,0.0,0.0,0.0,0.0,0.0,0.0,0.0,6.0,12.0,1.0,12.15,5.01,2.5,1.49,0.0,0.0,0.0,133.8,0.0,0.1,0.5,-0.7000000000000001,-169.70000000000002,0.0,0.0,169.70000000000002,0.0,21.8,29.0,29.0,30.0,300.0,300.0,31.5,35.800000000000004,28.9,28.1,30.0,4.95,1.99,4.97,0.16,0.0,0.0,1027.0,8228.0,0.0,0.0,0.0,0.0,0.0,1.0,0.0,0.0,0.0,0.0,0.0,0.0,0.0,0.7000000000000001,0.0,0.0,16.0,25903.0
2026-07-30T19:02:25.640Z,315.123,315.13800000000003,0.0,7.4,0.0,0.0,0.0,0.0,0.0,0.0,0.0,0.0,1.0,0.0,0.0,0.0,9.0,4.0,0.0,0.0,0.0,0.0,0.0,0.0,0.0,0.0,1.0,12.0,1.0,12.15,5.01,2.5,1.49,0.0,0.0,0.0,133.9,0.0,0.1,1.0,0.4,-169.70000000000002,0.0,0.0,169.70000000000002,0.0,21.8,29.0,29.0,30.0,300.0,300.0,31.5,35.800000000000004,28.9,28.1,30.0,4.96,2.0,4.97,0.16,0.0,0.0,1027.0,8228.0,0.0,0.0,0.0,0.0,0.0,1.0,0.0,0.0,0.0,0.0,0.0,1.4,0.0,-0.1,0.0,0.0,16.0,25903.0
2026-07-30T19:02:25.652Z,315.135,315.15000000000003,0.0,7.4,0.0,0.0,0.0,0.0,0.0,0.0,0.0,0.0,1.0,0.0,0.0,0.0,9.0,4.0,0.0,0.0,0.0,0.0,0.0,0.0,0.0,0.0,3.0,12.0,1.0,12.15,5.01,2.5,1.49,0.0,0.0,0.0,134.1,0.0,0.1,0.4,-0.2,-169.70000000000002,0.0,0.0,169.70000000000002,0.0,21.8,29.0,29.0,30.0,300.0,300.0,31.5,35.800000000000004,28.9,28.1,30.0,4.95,2.0,4.97,0.16,0.0,0.0,1027.0,8228.0,0.0,0.0,0.0,0.0,0.0,1.0,0.0,0.0,0.0,0.0,0.0,0.3,0.0,0.3,0.0,0.0,16.0,25903.0
2026-07-30T19:02:25.665Z,315.148,315.16200000000003,0.0,7.4,0.0,0.0,0.0,0.0,0.0,0.0,0.0,0.0,1.0,0.0,0.0,0.0,9.0,4.0,0.0,0.0,0.0,0.0,0.0,0.0,0.0,0.0,5.0,12.0,1.0,12.15,5.0200000000000005,2.5,1.49,0.0,0.0,0.0,134.3,0.0,-1.0,-2.4000000000000004,-0.8,-169.70000000000002,0.0,0.0,169.70000000000002,0.0,21.200000000000003,29.0,29.0,30.0,300.0,300.0,31.4,35.7,29.0,28.1,30.0,4.95,1.99,4.97,0.16,0.0,0.0,1027.0,8228.0,0.0,0.0,0.0,0.0,0.0,1.0,0.0,0.0,0.0,0.0,0.0,-3.4000000000000004,0.0,0.2,0.0,0.0,16.0,25903.0
2026-07-30T19:02:25.676Z,315.159,315.174,0.0,7.4,0.0,0.0,0.0,0.0,0.0,0.0,0.0,0.0,1.0,0.0,0.0,0.0,9.0,4.0,0.0,0.0,0.0,0.0,0.0,0.0,0.0,0.0,6.0,12.0,1.0,12.15,5.0200000000000005,2.5,1.49,0.0,0.0,0.0,134.5,0.0,0.1,0.0,-0.8,-169.70000000000002,0.0,0.0,169.70000000000002,0.0,21.200000000000003,29.0,29.0,30.0,300.0,300.0,31.4,35.7,29.0,28.1,30.0,4.95,1.99,4.96,0.16,0.0,0.0,1027.0,8228.0,0.0,0.0,0.0,0.0,0.0,1.0,0.0,0.0,0.0,0.0,0.0,-0.7000000000000001,0.0,0.7000000000000001,0.0,0.0,16.0,25903.0
2026-07-30T19:02:25.688Z,315.171,315.186,0.0,7.4,0.0,0.0,0.0,0.0,0.0,0.0,0.0,0.0,1.0,0.0,0.0,0.0,9.0,4.0,0.0,0.0,0.0,0.0,0.0,0.0,0.0,0.0,1.0,12.0,1.0,12.15,5.0200000000000005,2.5,1.49,0.0,0.0,0.0,134.6,0.0,-0.9,-1.2000000000000002,-0.7000000000000001,-169.70000000000002,0.0,0.0,169.8,0.0,21.200000000000003,29.0,29.0,30.0,300.0,300.0,31.4,35.7,29.0,28.1,30.0,4.96,1.99,4.96,0.15,0.0,0.0,1027.0,8228.0,0.0,0.0,0.0,0.0,0.0,1.0,0.0,0.0,0.0,0.0,0.0,-1.9,0.0,0.4,0.0,0.0,16.0,25903.0
2026-07-30T19:02:25.700Z,315.183,315.198,0.0,7.4,0.0,0.0,0.0,0.0,0.0,0.0,0.0,0.0,1.0,0.0,0.0,0.0,9.0,4.0,0.0,0.0,0.0,0.0,0.0,0.0,0.0,0.0,2.0,12.0,1.0,12.15,5.0200000000000005,2.5,1.49,0.0,0.0,0.0,134.8,0.0,0.8,0.0,1.0,-169.70000000000002,0.0,0.0,169.70000000000002,0.0,21.200000000000003,29.0,29.0,30.0,300.0,300.0,31.4,35.7,29.0,28.1,30.0,4.95,1.99,4.97,0.16,0.0,0.0,1027.0,8228.0,0.0,0.0,0.0,0.0,0.0,1.0,0.0,0.0,0.0,0.0,0.0,0.7000000000000001,0.0,-0.9,0.0,0.0001,16.0,25903.0
2026-07-30T19:02:25.712Z,315.195,315.21,0.0,7.4,0.0,0.0,0.0,0.0,0.0,0.0,0.0,0.0,1.0,0.0,0.0,0.0,9.0,4.0,0.0,0.0,0.0,0.0,0.0,0.0,0.0,0.0,4.0,12.0,1.0,12.15,5.0200000000000005,2.5,1.49,0.0,0.0,0.0,134.8,0.0,0.2,-0.5,-0.1,-169.70000000000002,0.0,0.0,169.70000000000002,0.0,21.200000000000003,29.0,29.0,30.0,300.0,300.0,31.4,35.7,29.0,28.1,30.0,4.96,2.0,4.96,0.16,0.0,0.0,1027.0,8228.0,0.0,0.0,0.0,0.0,0.0,1.0,0.0,0.0,0.0,0.0,0.0,-0.7000000000000001,0.0,0.0,0.0,0.0001,16.0,25903.0
2026-07-30T19:02:25.724Z,315.207,315.222,0.0,7.4,0.0,0.0,0.0,0.0,0.0,0.0,0.0,0.0,1.0,0.0,0.0,0.0,9.0,4.0,0.0,0.0,0.0,0.0,0.0,0.0,0.0,0.0,5.0,12.0,1.0,12.15,5.0200000000000005,2.5,1.49,0.0,0.0,0.0,134.70000000000002,0.0,0.8,0.5,1.5,-169.70000000000002,0.0,0.0,169.60000000000002,0.0,21.200000000000003,29.0,29.0,30.0,300.0,300.0,31.4,35.7,29.0,28.1,30.0,4.96,1.99,4.96,0.16,0.0,0.0,1027.0,8228.0,0.0,0.0,0.0,0.0,0.0,1.0,0.0,0.0,0.0,0.0,0.0,1.8,0.0,-1.2000000000000002,0.0,0.0,16.0,25903.0
2026-07-30T19:02:25.736Z,315.219,315.234,0.0,7.4,0.0,0.0,0.0,0.0,0.0,0.0,0.0,0.0,1.0,0.0,0.0,0.0,9.0,4.0,0.0,0.0,0.0,0.0,0.0,0.0,0.0,0.0,6.0,12.0,1.0,12.15,5.0200000000000005,2.5,1.49,0.0,0.0,0.0,134.5,0.0,0.2,1.1,1.0,-169.70000000000002,0.0,0.0,169.60000000000002,0.0,21.200000000000003,29.0,29.0,30.0,300.0,300.0,31.4,35.7,29.0,28.1,30.0,4.95,1.99,4.96,0.16,0.0,0.0,1027.0,8228.0,0.0,0.0,0.0,0.0,0.0,1.0,0.0,0.0,0.0,0.0,0.0,2.1,0.0,-0.6000000000000001,0.0,0.0,16.0,25903.0
2026-07-30T19:02:25.748Z,315.231,315.246,0.0,7.4,0.0,0.0,0.0,0.0,0.0,0.0,0.0,0.0,1.0,0.0,0.0,0.0,9.0,4.0,0.0,0.0,0.0,0.0,0.0,0.0,0.0,0.0,1.0,12.0,1.0,12.15,5.0200000000000005,2.5,1.49,0.0,0.1,0.0,134.5,0.0,0.8,0.0,-0.7000000000000001,-169.70000000000002,0.0,0.0,169.70000000000002,0.0,21.200000000000003,29.0,29.0,30.0,300.0,300.0,31.4,35.7,29.0,28.1,30.0,4.95,1.99,4.97,0.16,0.0,0.0,1027.0,8228.0,0.0,0.0,0.0,0.0,0.0,1.0,0.0,0.0,0.0,0.0,0.0,-0.5,0.0,0.7000000000000001,0.0,0.0,16.0,25903.0
2026-07-30T19:02:25.761Z,315.244,315.258,0.0,7.4,0.0,0.0,0.0,0.0,0.0,0.0,0.0,0.0,1.0,0.0,0.0,0.0,9.0,4.0,0.0,0.0,0.0,0.0,0.0,0.0,0.0,0.0,2.0,12.0,1.0,12.15,5.0200000000000005,2.5,1.49,0.0,0.0,0.0,134.3,0.0,-0.3,0.0,-1.3,-169.70000000000002,0.0,0.0,169.60000000000002,0.0,21.200000000000003,29.0,29.0,30.0,300.0,300.0,31.4,35.7,29.0,28.1,30.0,4.96,1.99,4.96,0.16,0.0,0.0,1027.0,8228.0,0.0,0.0,0.0,0.0,0.0,1.0,0.0,0.0,0.0,0.0,0.0,-0.9,0.0,1.1,0.0,0.0,16.0,25903.0
2026-07-30T19:02:25.772Z,315.255,315.27,0.0,7.4,0.0,0.0,0.0,0.0,0.0,0.0,0.0,0.0,1.0,0.0,0.0,0.0,9.0,4.0,0.0,0.0,0.0,0.0,0.0,0.0,0.0,0.0,3.0,12.0,1.0,12.17,5.01,2.51,1.49,0.0,0.0,0.0,134.20000000000002,0.0,-0.9,-0.5,-0.7000000000000001,-169.70000000000002,0.0,0.0,169.70000000000002,0.0,21.4,29.0,29.0,30.0,300.0,300.0,31.4,35.7,29.0,28.1,30.0,4.96,1.99,4.97,0.16,0.0,0.0,1027.0,8228.0,0.0,0.0,0.0,0.0,0.0,1.0,0.0,0.0,0.0,0.0,0.0,-1.1,0.0,0.5,0.0,0.0,16.0,25903.0
2026-07-30T19:02:25.784Z,315.267,315.282,0.0,7.4,0.0,0.0,0.0,0.0,0.0,0.0,0.0,0.0,1.0,0.0,0.0,0.0,9.0,4.0,0.0,0.0,0.0,0.0,0.0,0.0,0.0,0.0,4.0,12.0,1.0,12.17,5.01,2.51,1.49,0.0,0.0,0.0,134.20000000000002,0.0,-0.3,0.0,-0.8,-169.70000000000002,0.0,0.0,169.60000000000002,0.0,21.4,29.0,29.0,30.0,300.0,300.0,31.4,35.7,29.0,28.1,30.0,4.95,1.99,4.97,0.16,0.0,0.0,1027.0,8228.0,0.0,0.0,0.0,0.0,0.0,1.0,0.0,0.0,0.0,0.0,0.0,-0.5,0.0,0.7000000000000001,0.0,0.0001,16.0,25903.0
2026-07-30T19:02:25.796Z,315.279,315.294,0.0,7.4,0.0,0.0,0.0,0.0,0.0,0.0,0.0,0.0,1.0,0.0,0.0,0.0,9.0,4.0,0.0,0.0,0.0,0.0,0.0,0.0,0.0,0.0,6.0,12.0,1.0,12.17,5.01,2.51,1.49,0.0,0.0,0.0,134.0,0.0,0.2,-1.1,-0.8,-169.70000000000002,0.0,0.0,169.70000000000002,0.0,21.4,29.0,29.0,30.0,300.0,300.0,31.4,35.7,29.0,28.1,30.0,4.96,1.99,4.96,0.16,0.0,0.0,1027.0,8228.0,0.0,0.0,0.0,0.0,0.0,1.0,0.0,0.0,0.0,0.0,0.0,-1.9,0.0,0.5,0.0,0.0,16.0,25903.0
2026-07-30T19:02:25.808Z,315.291,315.306,0.0,7.4,0.0,0.0,0.0,0.0,0.0,0.0,0.0,0.0,1.0,0.0,0.0,0.0,9.0,4.0,0.0,0.0,0.0,0.0,0.0,0.0,0.0,0.0,1.0,12.0,1.0,12.17,5.01,2.51,1.49,0.0,0.1,0.0,133.9,0.0,-0.9,-1.7000000000000002,-0.8,-169.60000000000002,0.0,0.0,169.60000000000002,0.0,21.4,29.0,29.0,30.0,300.0,300.0,31.4,35.7,29.0,28.1,30.0,4.95,1.99,4.97,0.16,0.0,0.0,1027.0,8228.0,0.0,0.0,0.0,0.0,0.0,1.0,0.0,0.0,0.0,0.0,0.0,-2.6,0.0,0.4,0.0,0.0,16.0,25903.0
2026-07-30T19:02:25.820Z,315.303,315.318,0.0,7.4,0.0,0.0,0.0,0.0,0.0,0.0,0.0,0.0,1.0,0.0,0.0,0.0,9.0,4.0,0.0,0.0,0.0,0.0,0.0,0.0,0.0,0.0,2.0,12.0,1.0,12.17,5.01,2.51,1.49,0.0,0.1,0.0,133.8,0.0,0.2,0.0,-0.3,-169.60000000000002,0.0,0.0,169.60000000000002,0.0,21.4,29.0,29.0,30.0,300.0,300.0,31.4,35.7,29.0,28.1,30.0,4.95,1.99,4.97,0.16,0.0,0.0,1027.0,8228.0,0.0,0.0,0.0,0.0,0.0,1.0,0.0,0.0,0.0,0.0,0.0,-1.8,0.0,1.1,0.0,0.0,16.0,25903.0
2026-07-30T19:02:25.832Z,315.315,315.33,0.0,7.4,0.0,0.0,0.0,0.0,0.0,0.0,0.0,0.0,1.0,0.0,0.0,0.0,9.0,4.0,0.0,0.0,0.0,0.0,0.0,0.0,0.0,0.0,3.0,12.0,1.0,12.17,5.01,2.51,1.49,0.0,0.0,0.0,133.70000000000002,0.0,-0.3,0.0,-1.4,-169.60000000000002,0.0,0.0,169.60000000000002,0.0,21.4,29.0,29.0,30.0,300.0,300.0,31.4,35.7,29.0,28.1,30.0,4.96,1.99,4.97,0.16,0.0,0.0,1027.0,8228.0,0.0,0.0,0.0,0.0,0.0,1.0,0.0,0.0,0.0,0.0,0.0,-1.1,0.0,1.2000000000000002,0.0,0.0,16.0,25903.0
2026-07-30T19:02:25.844Z,315.327,315.342,0.0,7.4,0.0,0.0,0.0,0.0,0.0,0.0,0.0,0.0,1.0,0.0,0.0,0.0,9.0,4.0,0.0,0.0,0.0,0.0,0.0,0.0,0.0,0.0,4.0,12.0,1.0,12.17,5.01,2.51,1.49,0.0,0.0,0.0,133.6,0.0,1.4,1.7000000000000002,0.8,-169.60000000000002,0.0,0.0,169.60000000000002,0.0,21.4,29.0,29.0,30.0,300.0,300.0,31.4,35.7,29.0,28.1,30.0,4.96,1.99,4.96,0.16,0.0,0.0,1027.0,8228.0,0.0,0.0,0.0,0.0,0.0,1.0,0.0,0.0,0.0,0.0,0.0,-1.3,0.0,0.6000000000000001,0.0,0.0,16.0,25903.0
2026-07-30T19:02:25.856Z,315.339,315.354,0.0,7.4,0.0,0.0,0.0,0.0,0.0,0.0,0.0,0.0,1.0,0.0,0.0,0.0,9.0,4.0,0.0,0.0,0.0,0.0,0.0,0.0,0.0,0.0,5.0,12.0,1.0,12.17,5.01,2.51,1.49,0.0,0.0,0.0,133.5,0.0,-0.3,-0.6000000000000001,-0.3,-169.60000000000002,0.0,0.0,169.70000000000002,0.0,21.4,29.0,29.0,30.0,300.0,300.0,31.4,35.7,29.0,28.1,30.0,4.95,1.99,4.97,0.16,0.0,0.0,1027.0,8228.0,0.0,0.0,0.0,0.0,0.0,1.0,0.0,0.0,0.0,0.0,0.0,1.7000000000000002,0.0,-1.1,0.0,0.0,16.0,25903.0
2026-07-30T19:02:25.869Z,315.352,315.366,0.0,7.4,0.0,0.0,0.0,0.0,0.0,0.0,0.0,0.0,1.0,0.0,0.0,0.0,9.0,4.0,0.0,0.0,0.0,0.0,0.0,0.0,0.0,0.0,6.0,12.0,1.0,12.15,5.0200000000000005,2.5,1.49,0.0,0.0,0.0,133.3,0.0,0.2,1.1,-0.2,-169.60000000000002,0.0,0.0,169.70000000000002,0.0,21.0,29.0,29.0,30.0,300.0,300.0,31.6,35.7,28.9,28.200000000000003,30.0,4.95,1.99,4.96,0.16,0.0,0.0,1027.0,8228.0,0.0,0.0,0.0,0.0,0.0,1.0,0.0,0.0,0.0,0.0,0.0,0.1,0.0,-0.2,0.0,0.0,16.0,25903.0
2026-07-30T19:02:25.880Z,315.363,315.378,0.0,7.4,0.0,0.0,0.0,0.0,0.0,0.0,0.0,0.0,1.0,0.0,0.0,0.0,9.0,4.0,0.0,0.0,0.0,0.0,0.0,0.0,0.0,0.0,1.0,12.0,1.0,12.15,5.0200000000000005,2.5,1.49,0.0,0.0,0.0,133.3,0.0,0.2,0.5,0.3,-169.60000000000002,0.0,0.0,169.8,0.0,21.0,29.0,29.0,30.0,300.0,300.0,31.6,35.7,28.9,28.200000000000003,30.0,4.96,2.0,4.96,0.16,0.0,0.0,1027.0,8228.0,0.0,0.0,0.0,0.0,0.0,1.0,0.0,0.0,0.0,0.0,0.0,1.3,0.0,1.1,0.0,0.0,16.0,25903.0
2026-07-30T19:02:25.892Z,315.375,315.39,0.0,7.4,0.0,0.0,0.0,0.0,0.0,0.0,0.0,0.0,1.0,0.0,0.0,0.0,9.0,4.0,0.0,0.0,0.0,0.0,0.0,0.0,0.0,0.0,2.0,12.0,1.0,12.15,5.0200000000000005,2.5,1.49,0.0,0.0,0.0,133.1,0.0,-0.3,0.5,-0.7000000000000001,-169.60000000000002,0.0,0.0,169.70000000000002,0.0,21.0,29.0,29.0,30.0,300.0,300.0,31.6,35.7,28.9,28.200000000000003,30.0,4.95,2.0,4.96,0.16,0.0,0.0,1027.0,8228.0,0.0,0.0,0.0,0.0,0.0,1.0,0.0,0.0,0.0,0.0,0.0,0.0,0.0,0.8,0.0,0.0001,16.0,25903.0
2026-07-30T19:02:25.904Z,315.387,315.402,0.0,7.4,0.0,0.0,0.0,0.0,0.0,0.0,0.0,0.0,1.0,0.0,0.0,0.0,9.0,4.0,0.0,0.0,0.0,0.0,0.0,0.0,0.0,0.0,3.0,12.0,1.0,12.15,5.0200000000000005,2.5,1.49,0.0,0.0,0.0,133.1,0.0,0.2,-1.1,0.4,-169.60000000000002,0.0,0.0,169.8,0.0,21.0,29.0,29.0,30.0,300.0,300.0,31.6,35.7,28.9,28.200000000000003,30.0,4.95,1.99,4.97,0.16,0.0,0.0,1027.0,8228.0,0.0,0.0,0.0,0.0,0.0,1.0,0.0,0.0,0.0,0.0,0.0,-0.9,0.0,-0.6000000000000001,0.0,0.0,16.0,25903.0
2026-07-30T19:02:25.916Z,315.399,315.414,0.0,7.4,0.0,0.0,0.0,0.0,0.0,0.0,0.0,0.0,1.0,0.0,0.0,0.0,9.0,4.0,0.0,0.0,0.0,0.0,0.0,0.0,0.0,0.0,4.0,12.0,1.0,12.15,5.0200000000000005,2.5,1.49,0.0,0.0,0.0,133.0,0.0,-0.3,0.6000000000000001,0.9,-169.70000000000002,0.0,0.0,169.8,0.0,21.0,29.0,29.0,30.0,300.0,300.0,31.6,35.7,28.9,28.200000000000003,30.0,4.95,1.99,4.96,0.16,0.0,0.0,1027.0,8228.0,0.0,0.0,0.0,0.0,0.0,1.0,0.0,0.0,0.0,0.0,0.0,1.4,0.0,-0.7000000000000001,0.0,0.0,16.0,25903.0
2026-07-30T19:02:25.928Z,315.411,315.426,0.0,7.4,0.0,0.0,0.0,0.0,0.0,0.0,0.0,0.0,1.0,0.0,0.0,0.0,9.0,4.0,0.0,0.0,0.0,0.0,0.0,0.0,0.0,0.0,5.0,12.0,1.0,12.15,5.0200000000000005,2.5,1.49,0.0,0.0,0.0,132.8,0.0,-0.2,1.2000000000000002,-0.7000000000000001,-169.70000000000002,0.0,0.0,169.70000000000002,0.0,21.0,29.0,29.0,30.0,300.0,300.0,31.6,35.7,28.9,28.200000000000003,30.0,4.96,1.99,4.96,0.16,0.0,0.0,1027.0,8228.0,0.0,0.0,0.0,0.0,0.0,1.0,0.0,0.0,0.0,0.0,0.0,0.8,0.0,0.9,0.0,0.0,16.0,25903.0
2026-07-30T19:02:25.940Z,315.423,315.438,0.0,7.4,0.0,0.0,0.0,0.0,0.0,0.0,0.0,0.0,1.0,0.0,0.0,0.0,9.0,4.0,0.0,0.0,0.0,0.0,0.0,0.0,0.0,0.0,1.0,12.0,1.0,12.15,5.0200000000000005,2.5,1.49,0.0,0.0,0.0,132.70000000000002,0.0,-0.2,0.1,-0.1,-169.70000000000002,0.0,0.0,169.70000000000002,0.0,21.0,29.0,29.0,30.0,300.0,300.0,31.6,35.7,28.9,28.200000000000003,30.0,4.95,1.99,4.97,0.16,0.0,0.0,1027.0,8228.0,0.0,0.0,0.0,0.0,0.0,1.0,0.0,0.0,0.0,0.0,0.0,0.0,0.0,0.1,0.0,0.0001,16.0,25903.0
2026-07-30T19:02:25.952Z,315.435,315.45,0.0,7.4,0.0,0.0,0.0,0.0,0.0,0.0,0.0,0.0,1.0,0.0,0.0,0.0,9.0,4.0,0.0,0.0,0.0,0.0,0.0,0.0,0.0,0.0,3.0,12.0,1.0,12.15,5.0200000000000005,2.5,1.49,0.0,0.0,0.0,132.6,0.0,-0.2,-1.0,-0.1,-169.70000000000002,0.0,0.0,169.70000000000002,0.0,21.0,29.0,29.0,30.0,300.0,300.0,31.6,35.7,28.9,28.200000000000003,30.0,4.96,1.99,4.96,0.16,0.0,0.0,1027.0,8228.0,0.0,0.0,0.0,0.0,0.0,1.0,0.0,0.0,0.0,0.0,0.0,-1.3,0.0,0.0,0.0,0.0,16.0,25903.0
2026-07-30T19:02:25.964Z,315.447,315.462,0.0,7.4,0.0,0.0,0.0,0.0,0.0,0.0,0.0,0.0,1.0,0.0,0.0,0.0,9.0,4.0,0.0,0.0,0.0,0.0,0.0,0.0,0.0,0.0,4.0,12.0,1.0,12.15,5.0200000000000005,2.5,1.49,0.0,0.1,0.0,132.6,0.0,0.3,0.6000000000000001,0.3,-169.70000000000002,0.0,0.0,169.70000000000002,0.0,21.0,29.0,29.0,30.0,300.0,300.0,31.6,35.7,28.9,28.200000000000003,30.0,4.96,2.0,4.97,0.16,0.0,0.0,1027.0,8228.0,0.0,0.0,0.0,0.0,0.0,1.0,0.0,0.0,0.0,0.0,0.0,0.9,0.0,-0.1,0.0,0.0,16.0,25903.0
2026-07-30T19:02:25.976Z,315.459,315.474,0.0,7.4,0.0,0.0,0.0,0.0,0.0,0.0,0.0,0.0,1.0,0.0,0.0,0.0,9.0,4.0,0.0,0.0,0.0,0.0,0.0,0.0,0.0,0.0,5.0,12.0,1.0,12.17,5.0200000000000005,2.5,1.49,0.0,0.0,0.0,132.4,0.0,0.3,0.6000000000000001,0.9,-169.70000000000002,0.0,0.0,169.8,0.0,21.8,29.0,29.0,30.0,300.0,300.0,31.6,35.7,28.9,28.200000000000003,30.0,4.96,1.99,4.97,0.16,0.0,0.0,1027.0,8228.0,0.0,0.0,0.0,0.0,0.0,1.0,0.0,0.0,0.0,0.0,0.0,1.3,0.0,-0.6000000000000001,0.0,0.0,16.0,25903.0
2026-07-30T19:02:25.988Z,315.471,315.486,0.0,7.4,0.0,0.0,0.0,0.0,0.0,0.0,0.0,0.0,1.0,0.0,0.0,0.0,9.0,4.0,0.0,0.0,0.0,0.0,0.0,0.0,0.0,0.0,6.0,12.0,1.0,12.17,5.0200000000000005,2.5,1.49,0.0,0.1,0.0,132.3,0.0,0.8,-0.5,-0.8,-169.70000000000002,0.0,0.0,169.8,0.0,21.8,29.0,29.0,30.0,300.0,300.0,31.6,35.7,28.9,28.200000000000003,30.0,4.95,1.99,4.97,0.16,0.0,0.0,1027.0,8228.0,0.0,0.0,0.0,0.0,0.0,1.0,0.0,0.0,0.0,0.0,0.0,-1.2000000000000002,0.0,0.6000000000000001,0.0,0.0,16.0,25903.0
2026-07-30T19:02:26.000Z,315.483,315.498,0.0,7.4,0.0,0.0,0.0,0.0,0.0,0.0,0.0,0.0,1.0,0.0,0.0,0.0,9.0,4.0,0.0,0.0,0.0,0.0,0.0,0.0,0.0,0.0,1.0,12.0,1.0,12.17,5.0200000000000005,2.5,1.49,0.0,0.0,0.0,132.20000000000002,0.0,-0.2,-1.1,-0.8,-169.70000000000002,0.0,0.0,169.8,0.0,21.8,29.0,29.0,30.0,300.0,300.0,31.6,35.7,28.9,28.200000000000003,30.0,4.96,1.99,4.96,0.16,0.0,0.0,1027.0,8228.0,0.0,0.0,0.0,0.0,0.0,1.0,0.0,0.0,0.0,0.0,0.0,-1.9,0.0,0.4,0.0,0.0,16.0,25903.0
2026-07-30T19:02:26.012Z,315.495,315.51,0.0,7.4,0.0,0.0,0.0,0.0,0.0,0.0,0.0,0.0,1.0,0.0,0.0,0.0,9.0,4.0,0.0,0.0,0.0,0.0,0.0,0.0,0.0,0.0,2.0,12.0,1.0,12.17,5.0200000000000005,2.5,1.49,0.0,0.1,0.0,132.1,0.0,-0.2,-0.5,-0.2,-169.70000000000002,0.0,0.0,169.70000000000002,0.0,21.8,29.0,29.0,30.0,300.0,300.0,31.6,35.7,28.9,28.200000000000003,30.0,4.96,2.0,4.97,0.16,0.0,0.0,1027.0,8228.0,0.0,0.0,0.0,0.0,0.0,1.0,0.0,0.0,0.0,0.0,0.0,-0.8,0.0,0.0,0.0,0.0,16.0,25903.0
2026-07-30T19:02:26.024Z,315.507,315.522,0.0,7.4,0.0,0.0,0.0,0.0,0.0,0.0,0.0,0.0,1.0,0.0,0.0,0.0,9.0,4.0,0.0,0.0,0.0,0.0,0.0,0.0,0.0,0.0,3.0,12.0,1.0,12.17,5.0200000000000005,2.5,1.49,0.0,0.0,0.0,132.0,0.0,-0.8,1.1,-0.8,-169.70000000000002,0.0,0.0,169.70000000000002,0.0,21.8,29.0,29.0,30.0,300.0,300.0,31.6,35.7,28.9,28.200000000000003,30.0,4.95,1.99,4.97,0.16,0.0,0.0,1027.0,8228.0,0.0,0.0,0.0,0.0,0.0,1.0,0.0,0.0,0.0,0.0,0.0,0.7000000000000001,0.0,0.9,0.0,0.0001,16.0,25903.0
2026-07-30T19:02:26.036Z,315.519,315.534,0.0,7.4,0.0,0.0,0.0,0.0,0.0,0.0,0.0,0.0,1.0,0.0,0.0,0.0,9.0,4.0,0.0,0.0,0.0,0.0,0.0,0.0,0.0,0.0,4.0,12.0,1.0,12.17,5.0200000000000005,2.5,1.49,0.0,0.0,0.0,131.8,0.0,-0.8,0.5,0.3,-169.70000000000002,0.0,0.0,169.60000000000002,0.0,21.8,29.0,29.0,30.0,300.0,300.0,31.6,35.7,28.9,28.200000000000003,30.0,4.96,1.99,4.97,0.16,0.0,0.0,1027.0,8228.0,0.0,0.0,0.0,0.0,0.0,1.0,0.0,0.0,0.0,0.0,0.0,0.9,0.0,-0.1,0.0,0.0,16.0,25903.0
2026-07-30T19:02:26.048Z,315.531,315.546,0.0,7.4,0.0,0.0,0.0,0.0,0.0,0.0,0.0,0.0,1.0,0.0,0.0,0.0,9.0,4.0,0.0,0.0,0.0,0.0,0.0,0.0,0.0,0.0,5.0,12.0,1.0,12.17,5.0200000000000005,2.5,1.49,0.0,0.1,0.0,131.8,0.0,0.4,-1.1,-0.7000000000000001,-169.70000000000002,0.0,0.0,169.70000000000002,0.0,21.8,29.0,29.0,30.0,300.0,300.0,31.6,35.7,28.9,28.200000000000003,30.0,4.96,2.0,4.96,0.16,0.0,0.0,1027.0,8228.0,0.0,0.0,0.0,0.0,0.0,1.0,0.0,0.0,0.0,0.0,0.0,-1.9,0.0,0.4,0.0,0.0,16.0,25903.0
2026-07-30T19:02:26.060Z,315.543,315.558,0.0,7.4,0.0,0.0,0.0,0.0,0.0,0.0,0.0,0.0,1.0,0.0,0.0,0.0,9.0,4.0,0.0,0.0,0.0,0.0,0.0,0.0,0.0,0.0,6.0,12.0,1.0,12.17,5.0200000000000005,2.5,1.49,0.0,0.1,0.0,131.6,0.0,-0.1,-1.1,-0.2,-169.70000000000002,0.0,0.0,169.70000000000002,0.0,21.8,29.0,29.0,30.0,300.0,300.0,31.6,35.7,28.9,28.200000000000003,30.0,4.96,1.99,4.97,0.16,0.0,0.0,1027.0,8228.0,0.0,0.0,0.0,0.0,0.0,1.0,0.0,0.0,0.0,0.0,0.0,-1.4,0.0,0.0,0.0,0.0,16.0,25903.0
2026-07-30T19:02:26.073Z,315.556,315.57,0.0,7.4,0.0,0.0,0.0,0.0,0.0,0.0,0.0,0.0,1.0,0.0,0.0,0.0,9.0,4.0,0.0,0.0,0.0,0.0,0.0,0.0,0.0,0.0,6.0,12.0,1.0,12.15,5.0200000000000005,2.51,1.49,0.0,0.0,0.0,131.5,0.0,0.3,-0.5,-0.2,-169.70000000000002,0.0,0.0,169.8,0.0,21.700000000000003,29.0,29.0,30.0,300.0,300.0,31.6,35.7,28.9,28.200000000000003,30.0,4.96,1.99,4.97,0.16,0.0,0.0,1027.0,8228.0,0.0,0.0,0.0,0.0,0.0,1.0,0.0,0.0,0.0,0.0,0.0,-0.8,0.0,0.0,0.0,0.0,16.0,25903.0
2026-07-30T19:02:26.084Z,315.567,315.582,0.0,7.4,0.0,0.0,0.0,0.0,0.0,0.0,0.0,0.0,1.0,0.0,0.0,0.0,9.0,4.0,0.0,0.0,0.0,0.0,0.0,0.0,0.0,0.0,2.0,12.0,1.0,12.15,5.0200000000000005,2.51,1.49,0.0,0.0,0.0,131.4,0.0,0.3,0.5,-1.4,-169.70000000000002,0.0,0.0,169.70000000000002,0.0,21.700000000000003,29.0,29.0,30.0,300.0,300.0,31.6,35.7,28.9,28.200000000000003,30.0,4.96,1.99,4.96,0.16,0.0,0.0,1027.0,8228.0,0.0,0.0,0.0,0.0,0.0,1.0,0.0,0.0,0.0,0.0,0.0,-0.3,0.0,1.3,0.0,0.0001,16.0,25903.0
2026-07-30T19:02:26.096Z,315.579,315.594,0.0,7.4,0.0,0.0,0.0,0.0,0.0,0.0,0.0,0.0,1.0,0.0,0.0,0.0,9.0,4.0,0.0,0.0,0.0,0.0,0.0,0.0,0.0,0.0,3.0,12.0,1.0,12.15,5.0200000000000005,2.51,1.49,0.0,0.0,0.0,131.3,0.0,-0.8,-1.1,0.9,-169.70000000000002,0.0,0.0,169.8,0.0,21.700000000000003,29.0,29.0,30.0,300.0,300.0,31.6,35.7,28.9,28.200000000000003,30.0,4.95,1.99,4.97,0.16,0.0,0.0,1027.0,8228.0,0.0,0.0,0.0,0.0,0.0,1.0,0.0,0.0,0.0,0.0,0.0,-0.6000000000000001,0.0,-1.1,0.0,0.0,16.0,25903.0
2026-07-30T19:02:26.108Z,315.591,315.606,0.0,7.4,0.0,0.0,0.0,0.0,0.0,0.0,0.0,0.0,1.0,0.0,0.0,0.0,9.0,4.0,0.0,0.0,0.0,0.0,0.0,0.0,0.0,0.0,4.0,12.0,1.0,12.15,5.0200000000000005,2.51,1.49,0.0,0.0,0.0,131.20000000000002,0.0,-0.2,-0.5,-0.7000000000000001,-169.70000000000002,0.0,0.0,169.8,0.0,21.700000000000003,29.0,29.0,30.0,300.0,300.0,31.6,35.7,28.9,28.200000000000003,30.0,4.95,1.99,4.96,0.16,0.0,0.0,1027.0,8228.0,0.0,0.0,0.0,0.0,0.0,1.0,0.0,0.0,0.0,0.0,0.0,-1.2000000000000002,0.0,0.5,0.0,0.0,16.0,25903.0
2026-07-30T19:02:26.120Z,315.603,315.618,0.0,7.4,0.0,0.0,0.0,0.0,0.0,0.0,0.0,0.0,1.0,0.0,0.0,0.0,9.0,4.0,0.0,0.0,0.0,0.0,0.0,0.0,0.0,0.0,5.0,12.0,1.0,12.15,5.0200000000000005,2.51,1.49,0.0,0.0,0.0,131.1,0.0,-0.1,0.5,-0.7000000000000001,-169.70000000000002,0.0,0.0,169.70000000000002,0.0,21.700000000000003,29.0,29.0,30.0,300.0,300.0,31.6,35.7,28.9,28.200000000000003,30.0,4.96,2.0,4.96,0.16,0.0,0.0,1027.0,8228.0,0.0,0.0,0.0,0.0,0.0,1.0,0.0,0.0,0.0,0.0,0.0,0.1,0.0,0.7000000000000001,0.0,0.0,16.0,25903.0
2026-07-30T19:02:26.132Z,315.615,315.63,0.0,7.4,0.0,0.0,0.0,0.0,0.0,0.0,0.0,0.0,1.0,0.0,0.0,0.0,9.0,4.0,0.0,0.0,0.0,0.0,0.0,0.0,0.0,0.0,6.0,12.0,1.0,12.15,5.0200000000000005,2.51,1.49,0.0,0.0,0.0,131.0,0.0,-0.2,-0.6000000000000001,0.0,-169.70000000000002,0.0,0.0,169.70000000000002,0.0,21.700000000000003,29.0,29.0,30.0,300.0,300.0,31.6,35.7,28.9,28.200000000000003,30.0,4.95,2.0,4.96,0.16,0.0,0.0,1027.0,8228.0,0.0,0.0,0.0,0.0,0.0,1.0,0.0,0.0,0.0,0.0,0.0,-0.8,0.0,0.0,0.0,0.0,16.0,25903.0
2026-07-30T19:02:26.144Z,315.627,315.642,0.0,7.4,0.0,0.0,0.0,0.0,0.0,0.0,0.0,0.0,1.0,0.0,0.0,0.0,9.0,4.0,0.0,0.0,0.0,0.0,0.0,0.0,0.0,0.0,1.0,12.0,1.0,12.15,5.0200000000000005,2.51,1.49,0.0,0.1,0.0,131.0,0.0,-0.1,-1.2000000000000002,-0.7000000000000001,-169.70000000000002,0.0,0.0,169.8,0.0,21.700000000000003,29.0,29.0,30.0,300.0,300.0,31.6,35.7,28.9,28.200000000000003,30.0,4.95,1.99,4.97,0.16,0.0,0.0,1027.0,8228.0,0.0,0.0,0.0,0.0,0.0,1.0,0.0,0.0,0.0,0.0,0.0,-1.9,0.0,0.3,0.0,0.0,16.0,25903.0
2026-07-30T19:02:26.156Z,315.639,315.654,0.0,7.4,0.0,0.0,0.0,0.0,0.0,0.0,0.0,0.0,1.0,0.0,0.0,0.0,9.0,4.0,0.0,0.0,0.0,0.0,0.0,0.0,0.0,0.0,2.0,12.0,1.0,12.15,5.0200000000000005,2.51,1.49,0.0,0.1,0.0,131.20000000000002,0.0,-0.8,-0.6000000000000001,0.4,-169.70000000000002,0.0,0.0,169.70000000000002,0.0,21.700000000000003,29.0,29.0,30.0,300.0,300.0,31.6,35.7,28.9,28.200000000000003,30.0,4.95,2.0,4.96,0.16,0.0,0.0,1027.0,8228.0,0.0,0.0,0.0,0.0,0.0,1.0,0.0,0.0,0.0,0.0,0.0,-0.3,0.0,-0.5,0.0,0.0001,16.0,25903.0
2026-07-30T19:02:26.168Z,315.651,315.666,0.0,7.4,0.0,0.0,0.0,0.0,0.0,0.0,0.0,0.0,1.0,0.0,0.0,0.0,9.0,4.0,0.0,0.0,0.0,0.0,0.0,0.0,0.0,0.0,4.0,12.0,1.0,12.15,5.0200000000000005,2.51,1.49,0.0,0.0,0.0,131.4,0.0,-0.2,0.5,-0.7000000000000001,-169.70000000000002,0.0,0.0,169.70000000000002,0.0,21.700000000000003,29.0,29.0,30.0,300.0,300.0,31.6,35.7,28.9,28.200000000000003,30.0,4.96,1.99,4.96,0.16,0.0,0.0,1027.0,8228.0,0.0,0.0,0.0,0.0,0.0,1.0,0.0,0.0,0.0,0.0,0.0,0.0,0.0,0.7000000000000001,0.0,0.0,16.0,25903.0
2026-07-30T19:02:26.179Z,315.662,315.678,0.0,7.4,0.0,0.0,0.0,0.0,0.0,0.0,0.0,0.0,1.0,0.0,0.0,0.0,9.0,4.0,0.0,0.0,0.0,0.0,0.0,0.0,0.0,0.0,5.0,12.0,1.0,12.11,5.01,2.51,1.49,0.0,0.0,0.0,131.6,0.0,-0.2,-0.6000000000000001,-1.3,-169.70000000000002,0.0,0.0,169.70000000000002,0.0,21.3,29.0,29.0,30.0,300.0,300.0,31.700000000000003,35.800000000000004,28.9,28.200000000000003,30.0,4.95,1.99,4.97,0.16,0.0,0.0,1027.0,8228.0,0.0,0.0,0.0,0.0,0.0,1.0,0.0,0.0,0.0,0.0,0.0,-1.6,0.0,1.0,0.0,0.0,16.0,25903.0
2026-07-30T19:02:26.192Z,315.675,315.69,0.0,7.4,0.0,0.0,0.0,0.0,0.0,0.0,0.0,0.0,1.0,0.0,0.0,0.0,9.0,4.0,0.0,0.0,0.0,0.0,0.0,0.0,0.0,0.0,6.0,12.0,1.0,12.11,5.01,2.51,1.49,0.0,0.0,0.0,131.8,0.0,-0.2,0.6000000000000001,0.4,-169.70000000000002,0.0,0.0,169.70000000000002,0.0,21.3,29.0,29.0,30.0,300.0,300.0,31.700000000000003,35.800000000000004,28.9,28.200000000000003,30.0,4.96,1.99,4.97,0.16,0.0,0.0,1027.0,8228.0,0.0,0.0,0.0,0.0,0.0,1.0,0.0,0.0,0.0,0.0,0.0,1.0,0.0,-0.2,0.0,0.0,16.0,25903.0
2026-07-30T19:02:26.204Z,315.687,315.702,0.0,7.4,0.0,0.0,0.0,0.0,0.0,0.0,0.0,0.0,1.0,0.0,0.0,0.0,9.0,4.0,0.0,0.0,0.0,0.0,0.0,0.0,0.0,0.0,2.0,12.0,1.0,12.11,5.01,2.51,1.49,0.0,0.0,0.0,131.9,0.0,-0.8,0.0,-0.1,-169.70000000000002,0.0,0.0,169.60000000000002,0.0,21.3,29.0,29.0,30.0,300.0,300.0,31.700000000000003,35.800000000000004,28.9,28.200000000000003,30.0,4.96,1.99,4.96,0.16,0.0,0.0,1027.0,8228.0,0.0,0.0,0.0,0.0,0.0,1.0,0.0,0.0,0.0,0.0,0.0,0.0,0.0,0.0,0.0,0.0,16.0,25903.0
2026-07-30T19:02:26.216Z,315.699,315.714,0.0,7.4,0.0,0.0,0.0,0.0,0.0,0.0,0.0,0.0,1.0,0.0,0.0,0.0,9.0,4.0,0.0,0.0,0.0,0.0,0.0,0.0,0.0,0.0,3.0,12.0,1.0,12.11,5.01,2.51,1.49,0.0,0.0,0.0,132.1,0.0,0.3,0.5,1.0,-169.70000000000002,0.0,0.0,169.70000000000002,0.0,21.3,29.0,29.0,30.0,300.0,300.0,31.700000000000003,35.800000000000004,28.9,28.200000000000003,30.0,4.96,1.99,4.96,0.16,0.0,0.0,1027.0,8228.0,0.0,0.0,0.0,0.0,0.0,1.0,0.0,0.0,0.0,0.0,0.0,1.4,0.0,-0.8,0.0,0.0,16.0,25903.0
2026-07-30T19:02:26.228Z,315.711,315.726,0.0,7.4,0.0,0.0,0.0,0.0,0.0,0.0,0.0,0.0,1.0,0.0,0.0,0.0,9.0,4.0,0.0,0.0,0.0,0.0,0.0,0.0,0.0,0.0,5.0,12.0,1.0,12.11,5.01,2.51,1.49,0.0,0.0,0.0,132.3,0.0,0.3,-0.5,-1.2000000000000002,-169.70000000000002,0.0,0.0,169.70000000000002,0.0,21.3,29.0,29.0,30.0,300.0,300.0,31.700000000000003,35.800000000000004,28.9,28.200000000000003,30.0,4.95,1.99,4.97,0.16,0.0,0.0,1027.0,8228.0,0.0,0.0,0.0,0.0,0.0,1.0,0.0,0.0,0.0,0.0,0.0,-1.5,0.0,0.9,0.0,0.0,16.0,25903.0
2026-07-30T19:02:26.240Z,315.723,315.738,0.0,7.4,0.0,0.0,0.0,0.0,0.0,0.0,0.0,0.0,1.0,0.0,0.0,0.0,9.0,4.0,0.0,0.0,0.0,0.0,0.0,0.0,0.0,0.0,6.0,12.0,1.0,12.11,5.01,2.51,1.49,0.0,0.0,0.0,132.6,0.0,0.3,-0.5,-2.4000000000000004,-169.70000000000002,0.0,0.0,169.60000000000002,0.0,21.3,29.0,29.0,30.0,300.0,300.0,31.700000000000003,35.800000000000004,28.9,28.200000000000003,30.0,4.96,1.99,4.96,0.16,0.0,0.0,1027.0,8228.0,0.0,0.0,0.0,0.0,0.0,1.0,0.0,0.0,0.0,0.0,0.0,-2.4000000000000004,0.0,2.0,0.0,0.0,16.0,25903.0
2026-07-30T19:02:26.252Z,315.735,315.75,0.0,7.4,0.0,0.0,0.0,0.0,0.0,0.0,0.0,0.0,1.0,0.0,0.0,0.0,9.0,4.0,0.0,0.0,0.0,0.0,0.0,0.0,0.0,0.0,2.0,12.0,1.0,12.11,5.01,2.51,1.49,0.0,0.1,0.0,132.70000000000002,0.0,0.3,1.8,0.0,-169.70000000000002,0.0,0.0,169.60000000000002,0.0,21.3,29.0,29.0,30.0,300.0,300.0,31.700000000000003,35.800000000000004,28.9,28.200000000000003,30.0,4.96,1.99,4.97,0.15,0.0,0.0,1027.0,8228.0,0.0,0.0,0.0,0.0,0.0,1.0,0.0,0.0,0.0,0.0,0.0,2.0,0.0,0.4,0.0,0.0,16.0,25903.0
2026-07-30T19:02:26.264Z,315.747,315.762,0.0,7.4,0.0,0.0,0.0,0.0,0.0,0.0,0.0,0.0,1.0,0.0,0.0,0.0,9.0,4.0,0.0,0.0,0.0,0.0,0.0,0.0,0.0,0.0,3.0,12.0,1.0,12.11,5.01,2.51,1.49,0.0,0.0,0.0,132.8,0.0,-0.2,-0.5,-0.6000000000000001,-169.60000000000002,0.0,0.0,169.60000000000002,0.0,21.3,29.0,29.0,30.0,300.0,300.0,31.700000000000003,35.800000000000004,28.9,28.200000000000003,30.0,4.95,2.0,4.97,0.16,0.0,0.0,1027.0,8228.0,0.0,0.0,0.0,0.0,0.0,1.0,0.0,0.0,0.0,0.0,0.0,-1.1,0.0,0.4,0.0,0.0,16.0,25903.0
2026-07-30T19:02:26.277Z,315.76,315.774,0.0,7.4,0.0,0.0,0.0,0.0,0.0,0.0,0.0,0.0,1.0,0.0,0.0,0.0,9.0,4.0,0.0,0.0,0.0,0.0,0.0,0.0,0.0,0.0,5.0,12.0,1.0,12.18,5.01,2.51,1.49,0.0,0.0,0.0,133.1,0.0,-0.8,-0.5,0.5,-169.60000000000002,0.0,0.0,169.70000000000002,0.0,21.9,29.0,29.0,30.0,300.0,300.0,31.6,35.7,29.0,28.200000000000003,30.0,4.96,2.0,4.96,0.16,0.0,0.0,1027.0,8228.0,0.0,0.0,0.0,0.0,0.0,1.0,0.0,0.0,0.0,0.0,0.0,-0.2,0.0,-0.5,0.0,0.0,16.0,25903.0
2026-07-30T19:02:26.288Z,315.771,315.786,0.0,7.4,0.0,0.0,0.0,0.0,0.0,0.0,0.0,0.0,1.0,0.0,0.0,0.0,9.0,4.0,0.0,0.0,0.0,0.0,0.0,0.0,0.0,0.0,6.0,12.0,1.0,12.18,5.01,2.51,1.49,0.0,0.0,0.0,133.3,0.0,0.3,0.0,0.0,-169.60000000000002,0.0,0.0,169.70000000000002,0.0,21.9,29.0,29.0,30.0,300.0,300.0,31.6,35.7,29.0,28.200000000000003,30.0,4.95,1.99,4.97,0.16,0.0,0.0,1027.0,8228.0,0.0,0.0,0.0,0.0,0.0,1.0,0.0,0.0,0.0,0.0,0.0,0.0,0.0,0.0,0.0,0.0,16.0,25903.0
2026-07-30T19:02:26.300Z,315.783,315.798,0.0,7.4,0.0,0.0,0.0,0.0,0.0,0.0,0.0,0.0,1.0,0.0,0.0,0.0,9.0,4.0,0.0,0.0,0.0,0.0,0.0,0.0,0.0,0.0,2.0,12.0,1.0,12.18,5.01,2.51,1.49,0.0,0.0,0.0,133.4,0.0,-0.2,0.0,-0.6000000000000001,-169.60000000000002,0.0,0.0,169.8,0.0,21.9,29.0,29.0,30.0,300.0,300.0,31.6,35.7,29.0,28.200000000000003,30.0,4.95,1.99,4.97,0.16,0.0,0.0,1027.0,8228.0,0.0,0.0,0.0,0.0,0.0,1.0,0.0,0.0,0.0,0.0,0.0,-0.4,0.0,0.5,0.0,0.0,16.0,25903.0
2026-07-30T19:02:26.312Z,315.795,315.81,0.0,7.4,0.0,0.0,0.0,0.0,0.0,0.0,0.0,0.0,1.0,0.0,0.0,0.0,9.0,4.0,0.0,0.0,0.0,0.0,0.0,0.0,0.0,0.0,3.0,12.0,1.0,12.18,5.01,2.51,1.49,0.0,0.0,0.0,133.6,0.0,-0.2,0.6000000000000001,-1.1,-169.60000000000002,0.0,0.0,169.60000000000002,0.0,21.9,29.0,29.0,30.0,300.0,300.0,31.6,35.7,29.0,28.200000000000003,30.0,4.95,1.99,4.97,0.16,0.0,0.0,1027.0,8228.0,0.0,0.0,0.0,0.0,0.0,1.0,0.0,0.0,0.0,0.0,0.0,-0.1,0.0,1.1,0.0,0.0001,16.0,25903.0
2026-07-30T19:02:26.324Z,315.807,315.822,0.0,7.4,0.0,0.0,0.0,0.0,0.0,0.0,0.0,0.0,1.0,0.0,0.0,0.0,9.0,4.0,0.0,0.0,0.0,0.0,0.0,0.0,0.0,0.0,4.0,12.0,1.0,12.18,5.01,2.51,1.49,0.0,0.0,0.0,133.8,0.0,0.3,-1.1,0.0,-169.60000000000002,0.0,0.0,169.70000000000002,0.0,21.9,29.0,29.0,30.0,300.0,300.0,31.6,35.7,29.0,28.200000000000003,30.0,4.96,1.99,4.96,0.16,0.0,0.0,1027.0,8228.0,0.0,0.0,0.0,0.0,0.0,1.0,0.0,0.0,0.0,0.0,0.0,0.0,0.0,0.0,0.0,0.0001,16.0,25903.0
2026-07-30T19:02:26.336Z,315.819,315.834,0.0,7.4,0.0,0.0,0.0,0.0,0.0,0.0,0.0,0.0,1.0,0.0,0.0,0.0,9.0,4.0,0.0,0.0,0.0,0.0,0.0,0.0,0.0,0.0,6.0,12.0,1.0,12.18,5.01,2.51,1.49,0.0,0.0,0.0,133.9,0.0,0.3,0.0,0.0,-169.60000000000002,0.0,0.0,169.60000000000002,0.0,21.9,29.0,29.0,30.0,300.0,300.0,31.6,35.7,29.0,28.200000000000003,30.0,4.96,1.99,4.97,0.16,0.0,0.0,1027.0,8228.0,0.0,0.0,0.0,0.0,0.0,1.0,0.0,0.0,0.0,0.0,0.0,0.0,0.0,0.0,0.0,0.0,16.0,25903.0
2026-07-30T19:02:26.348Z,315.831,315.846,0.0,7.4,0.0,0.0,0.0,0.0,0.0,0.0,0.0,0.0,1.0,0.0,0.0,0.0,9.0,4.0,0.0,0.0,0.0,0.0,0.0,0.0,0.0,0.0,1.0,12.0,1.0,12.18,5.01,2.51,1.49,0.0,0.0,0.0,134.20000000000002,0.0,0.2,0.0,-0.6000000000000001,-169.60000000000002,0.0,0.0,169.60000000000002,0.0,21.9,29.0,29.0,30.0,300.0,300.0,31.6,35.7,29.0,28.200000000000003,30.0,4.96,1.99,4.96,0.16,0.0,0.0,1027.0,8228.0,0.0,0.0,0.0,0.0,0.0,1.0,0.0,0.0,0.0,0.0,0.0,-0.4,0.0,0.5,0.0,0.0,16.0,25903.0
2026-07-30T19:02:26.360Z,315.843,315.858,0.0,7.4,0.0,0.0,0.0,0.0,0.0,0.0,0.0,0.0,1.0,0.0,0.0,0.0,9.0,4.0,0.0,0.0,0.0,0.0,0.0,0.0,0.0,0.0,3.0,12.0,1.0,12.18,5.01,2.51,1.49,0.0,0.0,0.0,134.3,0.0,0.2,0.5,1.1,-169.60000000000002,0.0,0.0,169.70000000000002,0.0,21.9,29.0,29.0,30.0,300.0,300.0,31.6,35.7,29.0,28.200000000000003,30.0,4.96,2.0,4.96,0.16,0.0,0.0,1027.0,8228.0,0.0,0.0,0.0,0.0,0.0,1.0,0.0,0.0,0.0,0.0,0.0,1.4,0.0,-0.8,0.0,0.0,16.0,25903.0
2026-07-30T19:02:26.372Z,315.855,315.87,0.0,7.4,0.0,0.0,0.0,0.0,0.0,0.0,0.0,0.0,1.0,0.0,0.0,0.0,9.0,4.0,0.0,0.0,0.0,0.0,0.0,0.0,0.0,0.0,4.0,12.0,1.0,12.18,5.01,2.51,1.49,0.0,0.0,0.0,134.5,0.0,0.2,1.1,0.0,-169.60000000000002,0.0,0.0,169.8,0.0,21.9,29.0,29.0,30.0,300.0,300.0,31.6,35.7,29.0,28.200000000000003,30.0,4.95,2.0,4.96,0.16,0.0,0.0,1027.0,8228.0,0.0,0.0,0.0,0.0,0.0,1.0,0.0,0.0,0.0,0.0,0.0,-0.5,0.0,0.5,0.0,0.0001,16.0,25903.0
2026-07-30T19:02:26.384Z,315.867,315.882,0.0,7.4,0.0,0.0,0.0,0.0,0.0,0.0,0.0,0.0,1.0,0.0,0.0,0.0,9.0,4.0,0.0,0.0,0.0,0.0,0.0,0.0,0.0,0.0,5.0,12.0,1.0,12.17,5.01,2.51,1.49,0.0,0.1,0.0,134.70000000000002,0.0,-0.3,-1.1,0.0,-169.70000000000002,0.0,0.0,169.8,0.0,21.200000000000003,29.0,29.0,30.0,300.0,300.0,31.6,35.7,29.0,28.1,30.0,4.95,1.99,4.97,0.16,0.0,0.0,1027.0,8228.0,0.0,0.0,0.0,0.0,0.0,1.0,0.0,0.0,0.0,0.0,0.0,-0.5,0.0,-1.2000000000000002,0.0,0.0,16.0,25903.0
2026-07-30T19:02:26.396Z,315.879,315.894,0.0,7.4,0.0,0.0,0.0,0.0,0.0,0.0,0.0,0.0,1.0,0.0,0.0,0.0,9.0,4.0,0.0,0.0,0.0,0.0,0.0,0.0,0.0,0.0,6.0,12.0,1.0,12.17,5.01,2.51,1.49,0.0,0.0,0.0,134.6,0.0,-0.9,0.0,0.0,-169.70000000000002,0.0,0.0,169.60000000000002,0.0,21.200000000000003,29.0,29.0,30.0,300.0,300.0,31.6,35.7,29.0,28.1,30.0,4.95,2.0,4.96,0.16,0.0,0.0,1027.0,8228.0,0.0,0.0,0.0,0.0,0.0,1.0,0.0,0.0,0.0,0.0,0.0,0.5,0.0,0.1,0.0,0.0,16.0,25903.0
2026-07-30T19:02:26.408Z,315.891,315.906,0.0,7.4,0.0,0.0,0.0,0.0,0.0,0.0,0.0,0.0,1.0,0.0,0.0,0.0,9.0,4.0,0.0,0.0,0.0,0.0,0.0,0.0,0.0,0.0,1.0,12.0,1.0,12.17,5.01,2.51,1.49,0.0,0.0,0.0,134.5,0.0,-0.3,0.4,-0.6000000000000001,-169.70000000000002,0.0,0.0,169.70000000000002,0.0,21.200000000000003,29.0,29.0,30.0,300.0,300.0,31.6,35.7,29.0,28.1,30.0,4.96,1.99,4.96,0.16,0.0,0.0,1027.0,8228.0,0.0,0.0,0.0,0.0,0.0,1.0,0.0,0.0,0.0,0.0,0.0,0.0,0.0,0.6000000000000001,0.0,0.0001,16.0,25903.0
2026-07-30T19:02:26.420Z,315.903,315.918,0.0,7.4,0.0,0.0,0.0,0.0,0.0,0.0,0.0,0.0,1.0,0.0,0.0,0.0,9.0,4.0,0.0,0.0,0.0,0.0,0.0,0.0,0.0,0.0,2.0,12.0,1.0,12.17,5.01,2.51,1.49,0.0,0.0,0.0,134.4,0.0,-0.3,-0.7000000000000001,-0.6000000000000001,-169.70000000000002,0.0,0.0,169.8,0.0,21.200000000000003,29.0,29.0,30.0,300.0,300.0,31.6,35.7,29.0,28.1,30.0,4.95,1.99,4.97,0.16,0.0,0.0,1027.0,8228.0,0.0,0.0,0.0,0.0,0.0,1.0,0.0,0.0,0.0,0.0,0.0,-1.2000000000000002,0.0,0.3,0.0,0.0,16.0,25903.0
2026-07-30T19:02:26.432Z,315.915,315.93,0.0,7.4,0.0,0.0,0.0,0.0,0.0,0.0,0.0,0.0,1.0,0.0,0.0,0.0,9.0,4.0,0.0,0.0,0.0,0.0,0.0,0.0,0.0,0.0,3.0,12.0,1.0,12.17,5.01,2.51,1.49,0.0,0.0,0.0,134.3,0.0,-0.4,-1.3,-0.6000000000000001,-169.70000000000002,0.0,0.0,169.70000000000002,0.0,21.200000000000003,29.0,29.0,30.0,300.0,300.0,31.6,35.7,29.0,28.1,30.0,4.96,1.99,4.96,0.16,0.0,0.0,1027.0,8228.0,0.0,0.0,0.0,0.0,0.0,1.0,0.0,0.0,0.0,0.0,0.0,-1.9,0.0,0.3,0.0,0.0001,16.0,25903.0
2026-07-30T19:02:26.444Z,315.927,315.942,0.0,7.4,0.0,0.0,0.0,0.0,0.0,0.0,0.0,0.0,1.0,0.0,0.0,0.0,9.0,4.0,0.0,0.0,0.0,0.0,0.0,0.0,0.0,0.0,4.0,12.0,1.0,12.17,5.01,2.51,1.49,0.0,0.0,0.0,134.20000000000002,0.0,-0.3,-0.1,0.0,-169.70000000000002,0.0,0.0,169.70000000000002,0.0,21.200000000000003,29.0,29.0,30.0,300.0,300.0,31.6,35.7,29.0,28.1,30.0,4.96,2.0,4.97,0.16,0.0,0.0,1027.0,8228.0,0.0,0.0,0.0,0.0,0.0,1.0,0.0,0.0,0.0,0.0,0.0,-0.1,0.0,0.0,0.0,0.0,16.0,25903.0
2026-07-30T19:02:26.456Z,315.939,315.954,0.0,7.4,0.0,0.0,0.0,0.0,0.0,0.0,0.0,0.0,1.0,0.0,0.0,0.0,9.0,4.0,0.0,0.0,0.0,0.0,0.0,0.0,0.0,0.0,5.0,12.0,1.0,12.17,5.01,2.51,1.49,0.0,0.0,0.0,134.1,0.0,0.2,-0.1,0.0,-169.70000000000002,0.0,0.0,169.70000000000002,0.0,21.200000000000003,29.0,29.0,30.0,300.0,300.0,31.6,35.7,29.0,28.1,30.0,4.96,1.99,4.97,0.16,0.0,0.0,1027.0,8228.0,0.0,0.0,0.0,0.0,0.0,1.0,0.0,0.0,0.0,0.0,0.0,-0.1,0.0,0.0,0.0,0.0,16.0,25903.0
2026-07-30T19:02:26.468Z,315.951,315.966,0.0,7.4,0.0,0.0,0.0,0.0,0.0,0.0,0.0,0.0,1.0,0.0,0.0,0.0,9.0,4.0,0.0,0.0,0.0,0.0,0.0,0.0,0.0,0.0,6.0,12.0,1.0,12.17,5.01,2.51,1.49,0.0,0.0,0.0,134.0,0.0,-0.3,0.0,1.7000000000000002,-169.70000000000002,0.0,0.0,169.8,0.0,21.200000000000003,29.0,29.0,30.0,300.0,300.0,31.6,35.7,29.0,28.1,30.0,4.96,1.99,4.97,0.16,0.0,0.0,1027.0,8228.0,0.0,0.0,0.0,0.0,0.0,1.0,0.0,0.0,0.0,0.0,0.0,1.1,0.0,-1.5,0.0,0.0,16.0,25903.0
2026-07-30T19:02:26.481Z,315.964,315.978,0.0,7.4,0.0,0.0,0.0,0.0,0.0,0.0,0.0,0.0,1.0,0.0,0.0,0.0,9.0,4.0,0.0,0.0,0.0,0.0,0.0,0.0,0.0,0.0,1.0,12.0,1.0,12.15,5.01,2.51,1.49,0.0,0.0,0.0,133.8,0.0,0.7000000000000001,-0.6000000000000001,-0.6000000000000001,-169.70000000000002,0.0,0.0,169.8,0.0,21.8,29.0,29.0,30.0,300.0,300.0,31.5,35.800000000000004,29.0,28.1,30.0,4.96,2.0,4.96,0.16,0.0,0.0,1027.0,8228.0,0.0,0.0,0.0,0.0,0.0,1.0,0.0,0.0,0.0,0.0,0.0,-1.2000000000000002,0.0,0.4,0.0,0.0001,16.0,25903.0
2026-07-30T19:02:26.492Z,315.975,315.99,0.0,7.4,0.0,0.0,0.0,0.0,0.0,0.0,0.0,0.0,1.0,0.0,0.0,0.0,9.0,4.0,0.0,0.0,0.0,0.0,0.0,0.0,0.0,0.0,3.0,12.0,1.0,12.15,5.01,2.51,1.49,0.0,0.0,0.0,133.8,0.0,-0.3,0.0,-0.6000000000000001,-169.70000000000002,0.0,0.0,169.70000000000002,0.0,21.8,29.0,29.0,30.0,300.0,300.0,31.5,35.800000000000004,29.0,28.1,30.0,4.96,1.99,4.97,0.16,0.0,0.0,1027.0,8228.0,0.0,0.0,0.0,0.0,0.0,1.0,0.0,0.0,0.0,0.0,0.0,-0.4,0.0,0.5,0.0,0.0,16.0,25903.0
2026-07-30T19:02:26.504Z,315.987,316.002,0.0,7.4,0.0,0.0,0.0,0.0,0.0,0.0,0.0,0.0,1.0,0.0,0.0,0.0,9.0,4.0,0.0,0.0,0.0,0.0,0.0,0.0,0.0,0.0,3.0,12.0,1.0,12.15,5.01,2.51,1.49,-0.1,0.1,0.0,133.6,0.0,-0.3,0.0,1.7000000000000002,-169.70000000000002,0.0,0.0,169.70000000000002,0.0,21.8,29.0,29.0,30.0,300.0,300.0,31.5,35.800000000000004,29.0,28.1,30.0,4.95,1.99,4.97,0.16,0.0,0.0,1027.0,8228.0,0.0,0.0,0.0,0.0,0.0,1.0,0.0,0.0,0.0,0.0,0.0,1.3,0.0,-1.5,0.0,0.0001,16.0,25903.0
2026-07-30T19:02:26.516Z,315.999,316.014,0.0,7.4,0.0,0.0,0.0,0.0,0.0,0.0,0.0,0.0,1.0,0.0,0.0,0.0,9.0,4.0,0.0,0.0,0.0,0.0,0.0,0.0,0.0,0.0,4.0,12.0,1.0,12.15,5.01,2.51,1.49,0.0,0.0,0.0,133.6,0.0,-0.3,0.0,0.0,-169.70000000000002,0.0,0.0,169.70000000000002,0.0,21.8,29.0,29.0,30.0,300.0,300.0,31.5,35.800000000000004,29.0,28.1,30.0,4.96,1.99,4.96,0.16,0.0,0.0,1027.0,8228.0,0.0,0.0,0.0,0.0,0.0,1.0,0.0,0.0,0.0,0.0,0.0,0.0,0.0,0.0,0.0,0.0,16.0,25903.0
2026-07-30T19:02:26.528Z,316.011,316.026,0.0,7.4,0.0,0.0,0.0,0.0,0.0,0.0,0.0,0.0,1.0,0.0,0.0,0.0,9.0,4.0,0.0,0.0,0.0,0.0,0.0,0.0,0.0,0.0,6.0,12.0,1.0,12.15,5.01,2.51,1.49,0.0,0.0,0.0,133.4,0.0,-0.3,0.0,0.5,-169.70000000000002,0.0,0.0,169.60000000000002,0.0,21.8,29.0,29.0,30.0,300.0,300.0,31.5,35.800000000000004,29.0,28.1,30.0,4.96,2.01,4.96,0.16,0.0,0.0,1027.0,8228.0,0.0,0.0,0.0,0.0,0.0,1.0,0.0,0.0,0.0,0.0,0.0,0.4,0.0,-0.4,0.0,0.0,16.0,25903.0
2026-07-30T19:02:26.541Z,316.024,316.038,0.0,7.4,0.0,0.0,0.0,0.0,0.0,0.0,0.0,0.0,1.0,0.0,0.0,0.0,9.0,4.0,0.0,0.0,0.0,0.0,0.0,0.0,0.0,0.0,6.0,12.0,1.0,12.15,5.01,2.51,1.49,0.0,0.0,0.0,133.3,0.0,-0.3,0.0,-1.1,-169.70000000000002,0.0,0.0,169.8,0.0,21.8,29.0,29.0,30.0,300.0,300.0,31.5,35.800000000000004,29.0,28.1,30.0,4.96,1.99,4.97,0.16,0.0,0.0,1027.0,8228.0,0.0,0.0,0.0,0.0,0.0,1.0,0.0,0.0,0.0,0.0,0.0,-0.8,0.0,1.0,0.0,0.0,16.0,25903.0
2026-07-30T19:02:26.552Z,316.035,316.05,-0.1,7.4,0.0,0.0,0.0,0.0,0.0,0.0,0.0,0.0,1.0,0.0,0.0,0.0,9.0,4.0,0.0,0.0,0.0,0.0,0.0,0.0,0.0,0.0,1.0,12.0,1.0,12.15,5.01,2.51,1.49,0.0,0.0,0.0,133.20000000000002,0.0,0.8,0.0,0.5,-169.70000000000002,0.0,0.0,169.8,0.0,21.8,29.0,29.0,30.0,300.0,300.0,31.5,35.800000000000004,29.0,28.1,30.0,4.96,1.99,4.97,0.16,0.0,0.0,1027.0,8228.0,0.0,0.0,0.0,0.0,0.0,1.0,0.0,0.0,0.0,0.0,0.0,0.5,0.0,-0.5,0.0,0.0001,16.0,25903.0
2026-07-30T19:02:26.564Z,316.047,316.062,-0.1,7.4,0.0,0.0,0.0,0.0,0.0,0.0,0.0,0.0,1.0,0.0,0.0,0.0,9.0,4.0,0.0,0.0,0.0,0.0,0.0,0.0,0.0,0.0,2.0,12.0,1.0,12.15,5.01,2.51,1.49,0.0,0.0,0.0,133.1,0.0,0.2,0.6000000000000001,0.5,-169.70000000000002,0.0,0.0,169.70000000000002,0.0,21.8,29.0,29.0,30.0,300.0,300.0,31.5,35.800000000000004,29.0,28.1,30.0,4.96,1.99,4.96,0.16,0.0,0.0,1027.0,8228.0,0.0,0.0,0.0,0.0,0.0,1.0,0.0,0.0,0.0,0.0,0.0,1.1,0.0,-0.3,0.0,0.0,16.0,25903.0
2026-07-30T19:02:26.576Z,316.059,316.074,-0.1,7.4,0.0,0.0,0.0,0.0,0.0,0.0,0.0,0.0,1.0,0.0,0.0,0.0,9.0,4.0,0.0,0.0,0.0,0.0,0.0,0.0,0.0,0.0,3.0,12.0,1.0,12.15,5.01,2.51,1.49,0.0,0.0,0.0,133.0,0.0,-0.2,0.0,0.0,-169.70000000000002,0.0,0.0,169.60000000000002,0.0,21.8,29.0,29.0,30.0,300.0,300.0,31.5,35.800000000000004,29.0,28.1,30.0,4.95,1.99,4.97,0.16,0.0,0.0,1027.0,8228.0,0.0,0.0,0.0,0.0,0.0,1.0,0.0,0.0,0.0,0.0,0.0,0.1,0.0,0.0,0.0,0.0,16.0,25903.0
2026-07-30T19:02:26.588Z,316.071,316.086,-0.1,7.4,0.0,0.0,0.0,0.0,0.0,0.0,0.0,0.0,1.0,0.0,0.0,0.0,9.0,4.0,0.0,0.0,0.0,0.0,0.0,0.0,0.0,0.0,4.0,12.0,1.0,12.1,5.0200000000000005,2.51,1.5,0.0,0.0,0.0,132.9,0.0,-0.2,1.2000000000000002,0.0,-169.70000000000002,0.0,0.0,169.60000000000002,0.0,21.3,29.0,29.0,30.0,300.0,300.0,31.5,35.7,29.0,28.1,30.0,4.95,2.0,4.97,0.16,0.0,0.0,1027.0,8228.0,0.0,0.0,0.0,0.0,0.0,1.0,0.0,0.0,0.0,0.0,0.0,1.4,0.0,0.2,0.0,0.0,16.0,25903.0
2026-07-30T19:02:26.600Z,316.083,316.098,-0.1,7.4,0.0,0.0,0.0,0.0,0.0,0.0,0.0,0.0,1.0,0.0,0.0,0.0,9.0,4.0,0.0,0.0,0.0,0.0,0.0,0.0,0.0,0.0,5.0,12.0,1.0,12.1,5.0200000000000005,2.51,1.5,0.0,0.0,0.0,132.8,0.0,0.2,0.0,0.0,-169.70000000000002,0.0,0.0,169.60000000000002,0.0,21.3,29.0,29.0,30.0,300.0,300.0,31.5,35.7,29.0,28.1,30.0,4.96,1.99,4.97,0.16,0.0,0.0,1027.0,8228.0,0.0,0.0,0.0,0.0,0.0,1.0,0.0,0.0,0.0,0.0,0.0,0.0,0.0,0.0,0.0,0.0,16.0,25903.0
2026-07-30T19:02:26.612Z,316.095,316.11,0.0,7.4,0.0,0.0,0.0,0.0,0.0,0.0,0.0,0.0,1.0,0.0,0.0,0.0,9.0,4.0,0.0,0.0,0.0,0.0,0.0,0.0,0.0,0.0,6.0,12.0,1.0,12.1,5.0200000000000005,2.51,1.5,0.0,0.0,0.0,132.70000000000002,0.0,-0.2,0.0,0.0,-169.60000000000002,0.0,0.0,169.60000000000002,0.0,21.3,29.0,29.0,30.0,300.0,300.0,31.5,35.7,29.0,28.1,30.0,4.96,1.99,4.97,0.16,0.0,0.0,1027.0,8228.0,0.0,0.0,0.0,0.0,0.0,1.0,0.0,0.0,0.0,0.0,0.0,0.0,0.0,0.0,0.0,0.0,16.0,25903.0
2026-07-30T19:02:26.624Z,316.107,316.122,0.0,7.4,0.0,0.0,0.0,0.0,0.0,0.0,0.0,0.0,1.0,0.0,0.0,0.0,9.0,4.0,0.0,0.0,0.0,0.0,0.0,0.0,0.0,0.0,1.0,12.0,1.0,12.1,5.0200000000000005,2.51,1.5,0.0,0.0,0.0,132.6,0.0,-0.8,0.0,1.1,-169.60000000000002,0.0,0.0,169.60000000000002,0.0,21.3,29.0,29.0,30.0,300.0,300.0,31.5,35.7,29.0,28.1,30.0,4.96,1.99,4.97,0.16,0.0,0.0,1027.0,8228.0,0.0,0.0,0.0,0.0,0.0,1.0,0.0,0.0,0.0,0.0,0.0,0.9,0.0,-0.9,0.0,0.0,16.0,25903.0
2026-07-30T19:02:26.636Z,316.119,316.134,0.0,7.4,0.0,0.0,0.0,0.0,0.0,0.0,0.0,0.0,1.0,0.0,0.0,0.0,9.0,4.0,0.0,0.0,0.0,0.0,0.0,0.0,0.0,0.0,2.0,12.0,1.0,12.1,5.0200000000000005,2.51,1.5,0.0,0.0,0.0,132.4,0.0,-0.2,1.8,-0.5,-169.60000000000002,0.0,0.0,169.70000000000002,0.0,21.3,29.0,29.0,30.0,300.0,300.0,31.5,35.7,29.0,28.1,30.0,4.96,1.99,4.96,0.16,0.0,0.0,1027.0,8228.0,0.0,0.0,0.0,0.0,0.0,1.0,0.0,0.0,0.0,0.0,0.0,1.6,0.0,0.8,0.0,0.0,16.0,25903.0
2026-07-30T19:02:26.648Z,316.131,316.146,0.0,7.4,0.0,0.0,0.0,0.0,0.0,0.0,0.0,0.0,1.0,0.0,0.0,0.0,9.0,4.0,0.0,0.0,0.0,0.0,0.0,0.0,0.0,0.0,3.0,12.0,1.0,12.1,5.0200000000000005,2.51,1.5,0.0,0.0,0.0,132.3,0.0,-0.2,0.6000000000000001,1.1,-169.60000000000002,0.0,0.0,169.70000000000002,0.0,21.3,29.0,29.0,30.0,300.0,300.0,31.5,35.7,29.0,28.1,30.0,4.95,1.99,4.96,0.16,0.0,0.0,1027.0,8228.0,0.0,0.0,0.0,0.0,0.0,1.0,0.0,0.0,0.0,0.0,0.0,1.6,0.0,-0.8,0.0,0.0,16.0,25903.0
2026-07-30T19:02:26.660Z,316.143,316.158,0.0,7.4,0.0,0.0,0.0,0.0,0.0,0.0,0.0,0.0,1.0,0.0,0.0,0.0,9.0,4.0,0.0,0.0,0.0,0.0,0.0,0.0,0.0,0.0,4.0,12.0,1.0,12.1,5.0200000000000005,2.51,1.5,0.0,0.0,0.0,132.3,0.0,0.2,-0.5,-0.6000000000000001,-169.60000000000002,0.0,0.0,169.60000000000002,0.0,21.3,29.0,29.0,30.0,300.0,300.0,31.5,35.7,29.0,28.1,30.0,4.95,1.99,4.97,0.16,0.0,0.0,1027.0,8228.0,0.0,0.0,0.0,0.0,0.0,1.0,0.0,0.0,0.0,0.0,0.0,-1.1,0.0,0.4,0.0,0.0,16.0,25903.0
2026-07-30T19:02:26.672Z,316.155,316.17,0.0,7.4,0.0,0.0,0.0,0.0,0.0,0.0,0.0,0.0,1.0,0.0,0.0,0.0,9.0,4.0,0.0,0.0,0.0,0.0,0.0,0.0,0.0,0.0,5.0,12.0,1.0,12.1,5.0200000000000005,2.51,1.5,0.0,0.0,0.0,132.1,0.0,0.8,0.0,0.5,-169.60000000000002,0.0,0.0,169.70000000000002,0.0,21.3,29.0,29.0,30.0,300.0,300.0,31.5,35.7,29.0,28.1,30.0,4.96,1.99,4.96,0.16,0.0,0.0,1027.0,8228.0,0.0,0.0,0.0,0.0,0.0,1.0,0.0,0.0,0.0,0.0,0.0,0.5,0.0,-0.5,0.0,0.0,16.0,25903.0
2026-07-30T19:02:26.685Z,316.168,316.182,0.0,7.4,0.0,0.0,0.0,0.0,0.0,0.0,0.0,0.0,1.0,0.0,0.0,0.0,9.0,4.0,0.0,0.0,0.0,0.0,0.0,0.0,0.0,0.0,6.0,12.0,1.0,12.15,5.01,2.5,1.49,0.0,0.0,0.0,132.0,0.0,-0.2,1.2000000000000002,0.5,-169.60000000000002,0.0,0.0,169.60000000000002,0.0,21.8,29.0,29.0,30.0,300.0,300.0,31.5,35.7,29.0,28.1,30.0,4.96,2.0,4.96,0.16,0.0,0.0,1027.0,8228.0,0.0,0.0,0.0,0.0,0.0,1.0,0.0,0.0,0.0,0.0,0.0,1.8,0.0,-0.2,0.0,0.0001,16.0,25903.0
2026-07-30T19:02:26.696Z,316.179,316.194,0.0,7.4,0.0,0.0,0.0,0.0,0.0,0.0,0.0,0.0,1.0,0.0,0.0,0.0,9.0,4.0,0.0,0.0,0.0,0.0,0.0,0.0,0.0,0.0,1.0,12.0,1.0,12.15,5.01,2.5,1.49,0.0,0.0,0.0,132.0,0.0,0.3,0.0,-0.5,-169.60000000000002,0.0,0.0,169.60000000000002,0.0,21.8,29.0,29.0,30.0,300.0,300.0,31.5,35.7,29.0,28.1,30.0,4.95,1.99,4.96,0.16,0.0,0.0,1027.0,8228.0,0.0,0.0,0.0,0.0,0.0,1.0,0.0,0.0,0.0,0.0,0.0,-0.3,0.0,0.5,0.0,0.0,16.0,25903.0
2026-07-30T19:02:26.708Z,316.191,316.206,0.0,7.4,0.0,0.0,0.0,0.0,0.0,0.0,0.0,0.0,1.0,0.0,0.0,0.0,9.0,4.0,0.0,0.0,0.0,0.0,0.0,0.0,0.0,0.0,2.0,12.0,1.0,12.15,5.01,2.5,1.49,0.0,0.0,0.0,131.8,0.0,0.3,0.0,0.0,-169.60000000000002,0.0,0.0,169.60000000000002,0.0,21.8,29.0,29.0,30.0,300.0,300.0,31.5,35.7,29.0,28.1,30.0,4.96,1.99,4.96,0.16,0.0,0.0,1027.0,8228.0,0.0,0.0,0.0,0.0,0.0,1.0,0.0,0.0,0.0,0.0,0.0,0.0,0.0,0.0,0.0,0.0,16.0,25903.0
2026-07-30T19:02:26.720Z,316.203,316.218,0.0,7.4,0.0,0.0,0.0,0.0,0.0,0.0,0.0,0.0,1.0,0.0,0.0,0.0,9.0,4.0,0.0,0.0,0.0,0.0,0.0,0.0,0.0,0.0,3.0,12.0,1.0,12.15,5.01,2.5,1.49,0.0,0.0,0.0,131.70000000000002,0.0,-0.2,0.0,-1.2000000000000002,-169.60000000000002,0.0,0.0,169.70000000000002,0.0,21.8,29.0,29.0,30.0,300.0,300.0,31.5,35.7,29.0,28.1,30.0,4.96,1.99,4.96,0.16,0.0,0.0,1027.0,8228.0,0.0,0.0,0.0,0.0,0.0,1.0,0.0,0.0,0.0,0.0,0.0,-0.8,0.0,1.1,0.0,0.0,16.0,25903.0
2026-07-30T19:02:26.732Z,316.215,316.23,0.0,7.4,0.0,0.0,0.0,0.0,0.0,0.0,0.0,0.0,1.0,0.0,0.0,0.0,9.0,4.0,0.0,0.0,0.0,0.0,0.0,0.0,0.0,0.0,5.0,12.0,1.0,12.15,5.01,2.5,1.49,0.0,0.0,0.0,131.6,0.0,-0.2,-0.5,-0.6000000000000001,-169.60000000000002,0.0,0.0,169.70000000000002,0.0,21.8,29.0,29.0,30.0,300.0,300.0,31.5,35.7,29.0,28.1,30.0,4.96,1.99,4.97,0.16,0.0,0.0,1027.0,8228.0,0.0,0.0,0.0,0.0,0.0,1.0,0.0,0.0,0.0,0.0,0.0,-1.0,0.0,0.4,0.0,0.0,16.0,25903.0
2026-07-30T19:02:26.744Z,316.227,316.242,0.0,7.4,0.0,0.0,0.0,0.0,0.0,0.0,0.0,0.0,1.0,0.0,0.0,0.0,9.0,4.0,0.0,0.0,0.0,0.0,0.0,0.0,0.0,0.0,6.0,12.0,1.0,12.15,5.01,2.5,1.49,0.0,0.0,0.0,131.5,0.0,0.3,0.0,0.0,-169.60000000000002,0.0,0.0,169.60000000000002,0.0,21.8,29.0,29.0,30.0,300.0,300.0,31.5,35.7,29.0,28.1,30.0,4.95,1.99,4.97,0.16,0.0,0.0,1027.0,8228.0,0.0,0.0,0.0,0.0,0.0,1.0,0.0,0.0,0.0,0.0,0.0,0.0,0.0,0.0,0.0,0.0,16.0,25903.0
2026-07-30T19:02:26.756Z,316.239,316.254,0.0,7.4,0.0,0.0,0.0,0.0,0.0,0.0,0.0,0.0,1.0,0.0,0.0,0.0,9.0,4.0,0.0,0.0,0.0,0.0,0.0,0.0,0.0,0.0,1.0,12.0,1.0,12.15,5.01,2.5,1.49,0.0,0.0,0.0,131.5,0.0,0.3,0.0,0.5,-169.60000000000002,0.0,0.0,169.70000000000002,0.0,21.8,29.0,29.0,30.0,300.0,300.0,31.5,35.7,29.0,28.1,30.0,4.96,1.99,4.96,0.16,0.0,0.0,1027.0,8228.0,0.0,0.0,0.0,0.0,0.0,1.0,0.0,0.0,0.0,0.0,0.0,0.5,0.0,-0.4,0.0,0.0,16.0,25903.0
2026-07-30T19:02:26.768Z,316.251,316.266,0.0,7.4,0.0,0.0,0.0,0.0,0.0,0.0,0.0,0.0,1.0,0.0,0.0,0.0,9.0,4.0,0.0,0.0,0.0,0.0,0.0,0.0,0.0,0.0,3.0,12.0,1.0,12.15,5.01,2.5,1.49,0.0,0.0,0.0,131.3,0.0,0.3,1.2000000000000002,2.3000000000000003,-169.60000000000002,0.0,0.0,169.70000000000002,0.0,21.8,29.0,29.0,30.0,300.0,300.0,31.5,35.7,29.0,28.1,30.0,4.95,2.0,4.97,0.16,0.0,0.0,1027.0,8228.0,0.0,0.0,0.0,0.0,0.0,1.0,0.0,0.0,0.0,0.0,0.0,3.1,0.0,-1.8,0.0,0.0,16.0,25903.0
2026-07-30T19:02:26.780Z,316.263,316.278,0.0,7.4,0.0,0.0,0.0,0.0,0.0,0.0,0.0,0.0,1.0,0.0,0.0,0.0,9.0,4.0,0.0,0.0,0.0,0.0,0.0,0.0,0.0,0.0,4.0,12.0,1.0,12.15,5.01,2.5,1.49,0.0,0.0,0.0,131.20000000000002,0.0,0.3,1.2000000000000002,0.0,-169.60000000000002,0.0,0.0,169.70000000000002,0.0,21.8,29.0,29.0,30.0,300.0,300.0,31.5,35.7,29.0,28.1,30.0,4.95,1.99,4.97,0.16,0.0,0.0,1027.0,8228.0,0.0,0.0,0.0,0.0,0.0,1.0,0.0,0.0,0.0,0.0,0.0,1.3,0.0,0.2,0.0,0.0,16.0,25903.0
2026-07-30T19:02:26.792Z,316.275,316.29,0.0,7.4,0.0,0.0,0.0,0.0,0.0,0.0,0.0,0.0,1.0,0.0,0.0,0.0,9.0,4.0,0.0,0.0,0.0,0.0,0.0,0.0,0.0,0.0,5.0,12.0,1.0,12.18,5.01,2.51,1.5,0.0,0.0,0.0,131.1,0.0,-0.8,0.0,0.6000000000000001,-169.60000000000002,0.0,0.0,169.70000000000002,0.0,21.3,29.0,29.0,30.0,300.0,300.0,31.5,35.7,28.9,28.1,30.0,4.95,1.99,4.97,0.16,0.0,0.0,1027.0,8228.0,0.0,0.0,0.0,0.0,0.0,1.0,0.0,0.0,0.0,0.0,0.0,0.5,0.0,-0.5,0.0,0.0,16.0,25903.0
2026-07-30T19:02:26.804Z,316.287,316.302,0.0,7.4,0.0,0.0,0.0,0.0,0.0,0.0,0.0,0.0,1.0,0.0,0.0,0.0,9.0,4.0,0.0,0.0,0.0,0.0,0.0,0.0,0.0,0.0,1.0,12.0,1.0,12.18,5.01,2.51,1.5,0.0,0.0,0.0,131.0,0.0,0.3,-1.1,0.0,-169.60000000000002,0.0,0.0,169.70000000000002,0.0,21.3,29.0,29.0,30.0,300.0,300.0,31.5,35.7,28.9,28.1,30.0,4.96,1.99,4.96,0.16,0.0,0.0,1027.0,8228.0,0.0,0.0,0.0,0.0,0.0,1.0,0.0,0.0,0.0,0.0,0.0,-1.2000000000000002,0.0,-0.2,0.0,0.0,16.0,25903.0
2026-07-30T19:02:26.816Z,316.299,316.314,0.0,7.4,0.0,0.0,0.0,0.0,0.0,0.0,0.0,0.0,1.0,0.0,0.0,0.0,9.0,4.0,0.0,0.0,0.0,0.0,0.0,0.0,0.0,0.0,3.0,12.0,1.0,12.18,5.01,2.51,1.5,0.0,0.1,0.0,130.9,0.0,-0.2,-0.4,-0.5,-169.60000000000002,0.0,0.0,169.8,0.0,21.3,29.0,29.0,30.0,300.0,300.0,31.5,35.7,28.9,28.1,30.0,4.95,1.99,4.97,0.16,0.0,0.0,1027.0,8228.0,0.0,0.0,0.0,0.0,0.0,1.0,0.0,0.0,0.0,0.0,0.0,-0.9,0.0,0.3,0.0,0.0,16.0,25903.0
2026-07-30T19:02:26.828Z,316.311,316.326,0.0,7.4,0.0,0.0,0.0,0.0,0.0,0.0,0.0,0.0,1.0,0.0,0.0,0.0,9.0,4.0,0.0,0.0,0.0,0.0,0.0,0.0,0.0,0.0,4.0,12.0,1.0,12.18,5.01,2.51,1.5,0.0,0.0,0.0,130.9,0.0,-0.2,0.6000000000000001,0.6000000000000001,-169.60000000000002,0.0,0.0,169.70000000000002,0.0,21.3,29.0,29.0,30.0,300.0,300.0,31.5,35.7,28.9,28.1,30.0,4.95,2.0,4.97,0.16,0.0,0.0,1027.0,8228.0,0.0,0.0,0.0,0.0,0.0,1.0,0.0,0.0,0.0,0.0,0.0,0.9,0.0,0.7000000000000001,0.0,0.0001,16.0,25903.0
2026-07-30T19:02:26.840Z,316.323,316.338,0.0,7.4,0.0,0.0,0.0,0.0,0.0,0.0,0.0,0.0,1.0,0.0,0.0,0.0,9.0,4.0,0.0,0.0,0.0,0.0,0.0,0.0,0.0,0.0,6.0,12.0,1.0,12.18,5.01,2.51,1.5,0.0,0.0,0.0,131.1,0.0,0.3,0.0,-0.4,-169.60000000000002,0.0,0.0,169.8,0.0,21.3,29.0,29.0,30.0,300.0,300.0,31.5,35.7,28.9,28.1,30.0,4.96,2.0,4.97,0.16,0.0,0.0,1027.0,8228.0,0.0,0.0,0.0,0.0,0.0,1.0,0.0,0.0,0.0,0.0,0.0,-0.2,0.0,0.4,0.0,0.0,16.0,25903.0
2026-07-30T19:02:26.852Z,316.335,316.35,0.0,7.4,0.0,0.0,0.0,0.0,0.0,0.0,0.0,0.0,1.0,0.0,0.0,0.0,9.0,4.0,0.0,0.0,0.0,0.0,0.0,0.0,0.0,0.0,1.0,12.0,1.0,12.18,5.01,2.51,1.5,0.0,0.0,0.0,131.3,0.0,-0.2,-0.5,0.6000000000000001,-169.60000000000002,0.0,0.0,169.70000000000002,0.0,21.3,29.0,29.0,30.0,300.0,300.0,31.5,35.7,28.9,28.1,30.0,4.95,2.0,4.96,0.16,0.0,0.0,1027.0,8228.0,0.0,0.0,0.0,0.0,0.0,1.0,0.0,0.0,0.0,0.0,0.0,-0.1,0.0,-0.6000000000000001,0.0,0.0,16.0,25903.0
2026-07-30T19:02:26.864Z,316.347,316.362,0.0,7.4,0.0,0.0,0.0,0.0,0.0,0.0,0.0,0.0,1.0,0.0,0.0,0.0,9.0,4.0,0.0,0.0,0.0,0.0,0.0,0.0,0.0,0.0,2.0,12.0,1.0,12.18,5.01,2.51,1.5,0.0,0.0,0.0,131.5,0.0,-0.2,0.0,0.6000000000000001,-169.60000000000002,0.0,0.0,169.70000000000002,0.0,21.3,29.0,29.0,30.0,300.0,300.0,31.5,35.7,28.9,28.1,30.0,4.96,1.99,4.97,0.16,0.0,0.0,1027.0,8228.0,0.0,0.0,0.0,0.0,0.0,1.0,0.0,0.0,0.0,0.0,0.0,0.5,0.0,-0.5,0.0,0.0001,16.0,25903.0
2026-07-30T19:02:26.876Z,316.359,316.374,0.0,7.4,0.0,0.0,0.0,0.0,0.0,0.0,0.0,0.0,1.0,0.0,0.0,0.0,9.0,4.0,0.0,0.0,0.0,0.0,0.0,0.0,0.0,0.0,4.0,12.0,1.0,12.18,5.01,2.51,1.5,0.0,0.1,0.0,131.70000000000002,0.0,0.9,1.2000000000000002,0.0,-169.60000000000002,0.0,0.0,169.60000000000002,0.0,21.3,29.0,29.0,30.0,300.0,300.0,31.5,35.7,28.9,28.1,30.0,4.96,2.0,4.96,0.16,0.0,0.0,1027.0,8228.0,0.0,0.0,0.0,0.0,0.0,1.0,0.0,0.0,0.0,0.0,0.0,0.8,0.0,0.0,0.0,0.0,16.0,25903.0
2026-07-30T19:02:26.889Z,316.372,316.386,0.0,7.4,0.0,0.0,0.0,0.0,0.0,0.0,0.0,0.0,1.0,0.0,0.0,0.0,9.0,4.0,0.0,0.0,0.0,0.0,0.0,0.0,0.0,0.0,5.0,12.0,1.0,12.13,5.0200000000000005,2.51,1.49,0.0,0.0,0.0,131.8,0.0,0.3,0.6000000000000001,0.6000000000000001,-169.60000000000002,0.0,0.0,169.70000000000002,0.0,21.4,29.0,29.0,30.0,300.0,300.0,31.5,35.800000000000004,28.9,28.1,30.0,4.96,1.99,4.96,0.16,0.0,0.0,1027.0,8228.0,0.0,0.0,0.0,0.0,0.0,1.0,0.0,0.0,0.0,0.0,0.0,-0.9,0.0,0.3,0.0,0.0,16.0,25903.0
2026-07-30T19:02:26.900Z,316.383,316.398,0.0,7.4,0.0,0.0,0.0,0.0,0.0,0.0,0.0,0.0,1.0,0.0,0.0,0.0,9.0,4.0,0.0,0.0,0.0,0.0,0.0,0.0,0.0,0.0,1.0,12.0,1.0,12.13,5.0200000000000005,2.51,1.49,0.0,0.0,0.0,132.0,0.0,-0.8,0.1,0.6000000000000001,-169.60000000000002,0.0,0.0,169.70000000000002,0.0,21.4,29.0,29.0,30.0,300.0,300.0,31.5,35.800000000000004,28.9,28.1,30.0,4.95,1.99,4.97,0.16,0.0,0.0,1027.0,8228.0,0.0,0.0,0.0,0.0,0.0,1.0,0.0,0.0,0.0,0.0,0.0,1.0,0.0,-1.0,0.0,0.0,16.0,25903.0
2026-07-30T19:02:26.912Z,316.395,316.41,0.0,7.4,0.0,0.0,0.0,0.0,0.0,0.0,0.0,0.0,1.0,0.0,0.0,0.0,9.0,4.0,0.0,0.0,0.0,0.0,0.0,0.0,0.0,0.0,2.0,12.0,1.0,12.13,5.0200000000000005,2.51,1.49,0.0,0.0,0.0,132.20000000000002,0.0,0.3,-0.4,-0.5,-169.60000000000002,0.0,0.0,169.8,0.0,21.4,29.0,29.0,30.0,300.0,300.0,31.5,35.800000000000004,28.9,28.1,30.0,4.96,1.99,4.96,0.16,0.0,0.0,1027.0,8228.0,0.0,0.0,0.0,0.0,0.0,1.0,0.0,0.0,0.0,0.0,0.0,0.1,0.0,0.0,0.0,0.0,16.0,25903.0
2026-07-30T19:02:26.924Z,316.407,316.422,-0.1,7.4,0.0,0.0,0.0,0.0,0.0,0.0,0.0,0.0,1.0,0.0,0.0,0.0,9.0,4.0,0.0,0.0,0.0,0.0,0.0,0.0,0.0,0.0,3.0,12.0,1.0,12.13,5.0200000000000005,2.51,1.49,0.0,0.1,0.0,132.3,0.0,-0.2,0.1,-0.5,-169.70000000000002,0.0,0.0,169.8,0.0,21.4,29.0,29.0,30.0,300.0,300.0,31.5,35.800000000000004,28.9,28.1,30.0,4.96,2.0,4.96,0.16,0.0,0.0,1027.0,8228.0,0.0,0.0,0.0,0.0,0.0,1.0,0.0,0.0,0.0,0.0,0.0,-0.2,0.0,0.5,0.0,0.0,16.0,25903.0
2026-07-30T19:02:26.936Z,316.419,316.434,-0.1,7.4,0.0,0.0,0.0,0.0,0.0,0.0,0.0,0.0,1.0,0.0,0.0,0.0,9.0,4.0,0.0,0.0,0.0,0.0,0.0,0.0,0.0,0.0,4.0,12.0,1.0,12.13,5.0200000000000005,2.51,1.49,0.0,0.0,0.0,132.6,0.0,-0.2,1.2000000000000002,0.5,-169.70000000000002,0.0,0.0,169.8,0.0,21.4,29.0,29.0,30.0,300.0,300.0,31.5,35.800000000000004,28.9,28.1,30.0,4.95,1.99,4.96,0.16,0.0,0.0,1027.0,8228.0,0.0,0.0,0.0,0.0,0.0,1.0,0.0,0.0,0.0,0.0,0.0,1.8,0.0,-0.2,0.0,0.0,16.0,25903.0
2026-07-30T19:02:26.948Z,316.431,316.446,-0.1,7.4,0.0,0.0,0.0,0.0,0.0,0.0,0.0,0.0,1.0,0.0,0.0,0.0,9.0,4.0,0.0,0.0,0.0,0.0,0.0,0.0,0.0,0.0,5.0,12.0,1.0,12.13,5.0200000000000005,2.51,1.49,0.0,0.0,0.0,132.70000000000002,0.0,-0.8,-1.1,-0.5,-169.70000000000002,0.0,0.0,169.70000000000002,0.0,21.4,29.0,29.0,30.0,300.0,300.0,31.5,35.800000000000004,28.9,28.1,30.0,4.96,1.99,4.97,0.16,0.0,0.0,1027.0,8228.0,0.0,0.0,0.0,0.0,0.0,1.0,0.0,0.0,0.0,0.0,0.0,-1.7000000000000002,0.0,0.2,0.0,0.0,16.0,25903.0
2026-07-30T19:02:26.960Z,316.443,316.458,0.0,7.4,0.0,0.0,0.0,0.0,0.0,0.0,0.0,0.0,1.0,0.0,0.0,0.0,9.0,4.0,0.0,0.0,0.0,0.0,0.0,0.0,0.0,0.0,6.0,12.0,1.0,12.13,5.0200000000000005,2.51,1.49,0.0,0.0,0.0,132.9,0.0,-0.8,-0.5,-0.5,-169.70000000000002,0.0,0.0,169.8,0.0,21.4,29.0,29.0,30.0,300.0,300.0,31.5,35.800000000000004,28.9,28.1,30.0,4.96,1.99,4.96,0.16,0.0,0.0,1027.0,8228.0,0.0,0.0,0.0,0.0,0.0,1.0,0.0,0.0,0.0,0.0,0.0,-1.0,0.0,0.3,0.0,0.0,16.0,25903.0
2026-07-30T19:02:26.972Z,316.455,316.47,-0.1,7.4,0.0,0.0,0.0,0.0,0.0,0.0,0.0,0.0,1.0,0.0,0.0,0.0,9.0,4.0,0.0,0.0,0.0,0.0,0.0,0.0,0.0,0.0,2.0,12.0,1.0,12.13,5.0200000000000005,2.51,1.49,0.0,0.0,0.0,133.1,0.0,0.3,0.6000000000000001,0.0,-169.70000000000002,0.0,0.0,169.70000000000002,0.0,21.4,29.0,29.0,30.0,300.0,300.0,31.5,35.800000000000004,28.9,28.1,30.0,4.96,1.99,4.97,0.16,0.0,0.0,1027.0,8228.0,0.0,0.0,0.0,0.0,0.0,1.0,0.0,0.0,0.0,0.0,0.0,0.7000000000000001,0.0,0.0,0.0,0.0001,16.0,25903.0
2026-07-30T19:02:26.984Z,316.467,316.482,-0.1,7.4,0.0,0.0,0.0,0.0,0.0,0.0,0.0,0.0,1.0,0.0,0.0,0.0,9.0,4.0,0.0,0.0,0.0,0.0,0.0,0.0,0.0,0.0,3.0,12.0,1.0,12.13,5.0200000000000005,2.51,1.49,0.0,0.0,0.0,133.3,0.0,-0.2,0.0,0.6000000000000001,-169.70000000000002,0.0,0.0,169.70000000000002,0.0,21.4,29.0,29.0,30.0,300.0,300.0,31.5,35.800000000000004,28.9,28.1,30.0,4.95,1.99,4.97,0.16,0.0,0.0,1027.0,8228.0,0.0,0.0,0.0,0.0,0.0,1.0,0.0,0.0,0.0,0.0,0.0,0.5,0.0,-0.5,0.0,0.0,16.0,25903.0
2026-07-30T19:02:26.996Z,316.479,316.494,-0.1,7.4,0.0,0.0,0.0,0.0,0.0,0.0,0.0,0.0,1.0,0.0,0.0,0.0,9.0,4.0,0.0,0.0,0.0,0.0,0.0,0.0,0.0,0.0,4.0,12.0,1.0,12.18,5.01,2.5,1.49,0.0,0.0,0.0,133.5,0.0,-0.2,0.0,-1.1,-169.70000000000002,0.0,0.0,169.8,0.0,21.3,29.0,29.0,30.0,300.0,300.0,31.4,35.800000000000004,28.9,28.1,30.0,4.96,1.99,4.96,0.16,0.0,0.0,1027.0,8228.0,0.0,0.0,0.0,0.0,0.0,1.0,0.0,0.0,0.0,0.0,0.0,-0.7000000000000001,0.0,0.9,0.0,0.0001,16.0,25903.0
2026-07-30T19:02:27.008Z,316.491,316.50600000000003,-0.1,7.4,0.0,0.0,0.0,0.0,0.0,0.0,0.0,0.0,1.0,0.0,0.0,0.0,9.0,4.0,0.0,0.0,0.0,0.0,0.0,0.0,0.0,0.0,6.0,12.0,1.0,12.18,5.01,2.5,1.49,0.0,0.0,0.0,133.6,0.0,-0.2,-0.5,0.0,-169.70000000000002,0.0,0.0,169.8,0.0,21.3,29.0,29.0,30.0,300.0,300.0,31.4,35.800000000000004,28.9,28.1,30.0,4.95,2.0,4.96,0.16,0.0,0.0,1027.0,8228.0,0.0,0.0,0.0,0.0,0.0,1.0,0.0,0.0,0.0,0.0,0.0,-0.5,0.0,-0.1,0.0,0.0,16.0,25903.0
2026-07-30T19:02:27.020Z,316.503,316.51800000000003,-0.1,7.4,0.0,0.0,0.0,0.0,0.0,0.0,0.0,0.0,1.0,0.0,0.0,0.0,9.0,4.0,0.0,0.0,0.0,0.0,0.0,0.0,0.0,0.0,1.0,12.0,1.0,12.18,5.01,2.5,1.49,0.0,0.0,0.0,133.8,0.0,-0.2,0.6000000000000001,0.0,-169.70000000000002,0.0,0.0,169.8,0.0,21.3,29.0,29.0,30.0,300.0,300.0,31.4,35.800000000000004,28.9,28.1,30.0,4.95,1.99,4.96,0.16,0.0,0.0,1027.0,8228.0,0.0,0.0,0.0,0.0,0.0,1.0,0.0,0.0,0.0,0.0,0.0,0.7000000000000001,0.0,0.0,0.0,0.0,16.0,25903.0
2026-07-30T19:02:27.032Z,316.515,316.53000000000003,-0.1,7.4,0.0,0.0,0.0,0.0,0.0,0.0,0.0,0.0,1.0,0.0,0.0,0.0,9.0,4.0,0.0,0.0,0.0,0.0,0.0,0.0,0.0,0.0,2.0,12.0,1.0,12.18,5.01,2.5,1.49,0.0,0.1,0.0,134.1,0.0,0.8,0.0,-1.1,-169.70000000000002,0.0,0.0,169.8,0.0,21.3,29.0,29.0,30.0,300.0,300.0,31.4,35.800000000000004,28.9,28.1,30.0,4.95,1.99,4.96,0.16,0.0,0.0,1027.0,8228.0,0.0,0.0,0.0,0.0,0.0,1.0,0.0,0.0,0.0,0.0,0.0,-0.8,0.0,0.9,0.0,0.0,16.0,25903.0
2026-07-30T19:02:27.044Z,316.527,316.54200000000003,-0.1,7.4,0.0,0.0,0.0,0.0,0.0,0.0,0.0,0.0,1.0,0.0,0.0,0.0,9.0,4.0,0.0,0.0,0.0,0.0,0.0,0.0,0.0,0.0,2.0,12.0,1.0,12.18,5.01,2.5,1.49,0.0,0.0,0.0,134.20000000000002,0.0,-0.2,0.0,-0.5,-169.70000000000002,0.0,0.0,169.8,0.0,21.3,29.0,29.0,30.0,300.0,300.0,31.4,35.800000000000004,28.9,28.1,30.0,4.96,1.99,4.96,0.16,0.0,0.0,1027.0,8228.0,0.0,0.0,0.0,0.0,0.0,1.0,0.0,0.0,0.0,0.0,0.0,-0.3,0.0,0.4,0.0,0.0,16.0,25903.0
2026-07-30T19:02:27.056Z,316.539,316.55400000000003,-0.1,7.4,0.0,0.0,0.0,0.0,0.0,0.0,0.0,0.0,1.0,0.0,0.0,0.0,9.0,4.0,0.0,0.0,0.0,0.0,0.0,0.0,0.0,0.0,3.0,12.0,1.0,12.18,5.01,2.5,1.49,0.0,0.1,0.0,134.3,0.0,0.3,-0.6000000000000001,0.0,-169.70000000000002,0.0,0.0,169.8,0.0,21.3,29.0,29.0,30.0,300.0,300.0,31.4,35.800000000000004,28.9,28.1,30.0,4.95,1.99,4.97,0.16,0.0,0.0,1027.0,8228.0,0.0,0.0,0.0,0.0,0.0,1.0,0.0,0.0,0.0,0.0,0.0,-0.6000000000000001,0.0,-0.1,0.0,0.0,16.0,25903.0
2026-07-30T19:02:27.068Z,316.551,316.56600000000003,0.0,7.4,0.0,0.0,0.0,0.0,0.0,0.0,0.0,0.0,1.0,0.0,0.0,0.0,9.0,4.0,0.0,0.0,0.0,0.0,0.0,0.0,0.0,0.0,4.0,12.0,1.0,12.18,5.01,2.5,1.49,0.0,0.1,0.0,134.5,0.0,0.3,0.0,1.1,-169.70000000000002,0.0,0.0,169.8,0.0,21.3,29.0,29.0,30.0,300.0,300.0,31.4,35.800000000000004,28.9,28.1,30.0,4.95,1.99,4.96,0.16,0.0,0.0,1027.0,8228.0,0.0,0.0,0.0,0.0,0.0,1.0,0.0,0.0,0.0,0.0,0.0,0.8,0.0,-1.0,0.0,0.0,16.0,25903.0
2026-07-30T19:02:27.080Z,316.563,316.57800000000003,0.0,7.4,0.0,0.0,0.0,0.0,0.0,0.0,0.0,0.0,1.0,0.0,0.0,0.0,9.0,4.0,0.0,0.0,0.0,0.0,0.0,0.0,0.0,0.0,5.0,12.0,1.0,12.18,5.01,2.5,1.49,0.0,0.0,0.0,134.6,0.0,-0.2,-0.5,0.6000000000000001,-169.70000000000002,0.0,0.0,169.70000000000002,0.0,21.3,29.0,29.0,30.0,300.0,300.0,31.4,35.800000000000004,28.9,28.1,30.0,4.95,1.99,4.96,0.16,0.0,0.0,1027.0,8228.0,0.0,0.0,0.0,0.0,0.0,1.0,0.0,0.0,0.0,0.0,0.0,-0.1,0.0,-0.6000000000000001,0.0,0.0,16.0,25903.0
2026-07-30T19:02:27.093Z,316.576,316.59000000000003,0.0,7.4,0.0,0.0,0.0,0.0,0.0,0.0,0.0,0.0,1.0,0.0,0.0,0.0,9.0,4.0,0.0,0.0,0.0,0.0,0.0,0.0,0.0,0.0,6.0,12.0,1.0,12.14,5.01,2.51,1.49,0.0,0.0,0.0,134.5,0.0,-0.2,0.0,0.0,-169.70000000000002,0.0,0.0,169.70000000000002,0.0,21.700000000000003,29.0,29.0,30.0,300.0,300.0,31.5,35.7,28.9,28.1,30.0,4.95,1.99,4.96,0.16,0.0,0.0,1027.0,8228.0,0.0,0.0,0.0,0.0,0.0,1.0,0.0,0.0,0.0,0.0,0.0,0.0,0.0,0.0,0.0,0.0,16.0,25903.0
2026-07-30T19:02:27.104Z,316.587,316.60200000000003,0.0,7.4,0.0,0.0,0.0,0.0,0.0,0.0,0.0,0.0,1.0,0.0,0.0,0.0,9.0,4.0,0.0,0.0,0.0,0.0,0.0,0.0,0.0,0.0,1.0,12.0,1.0,12.14,5.01,2.51,1.49,0.0,0.0,0.0,134.4,0.0,-0.2,0.0,-1.1,-169.70000000000002,0.0,0.0,169.8,0.0,21.700000000000003,29.0,29.0,30.0,300.0,300.0,31.5,35.7,28.9,28.1,30.0,4.95,1.99,4.97,0.16,0.0,0.0,1027.0,8228.0,0.0,0.0,0.0,0.0,0.0,1.0,0.0,0.0,0.0,0.0,0.0,-0.8,0.0,1.0,0.0,0.0,16.0,25903.0
2026-07-30T19:02:27.116Z,316.599,316.61400000000003,0.0,7.4,0.0,0.0,0.0,0.0,0.0,0.0,0.0,0.0,1.0,0.0,0.0,0.0,9.0,4.0,0.0,0.0,0.0,0.0,0.0,0.0,0.0,0.0,2.0,12.0,1.0,12.14,5.01,2.51,1.49,0.0,0.1,0.0,134.3,0.0,0.2,0.0,0.0,-169.70000000000002,0.0,0.0,169.8,0.0,21.700000000000003,29.0,29.0,30.0,300.0,300.0,31.5,35.7,28.9,28.1,30.0,4.95,1.99,4.96,0.16,0.0,0.0,1027.0,8228.0,0.0,0.0,0.0,0.0,0.0,1.0,0.0,0.0,0.0,0.0,0.0,0.0,0.0,0.0,0.0,0.0,16.0,25903.0
2026-07-30T19:02:27.128Z,316.611,316.62600000000003,0.0,7.4,0.0,0.0,0.0,0.0,0.0,0.0,0.0,0.0,1.0,0.0,0.0,0.0,9.0,4.0,0.0,0.0,0.0,0.0,0.0,0.0,0.0,0.0,3.0,12.0,1.0,12.14,5.01,2.51,1.49,0.0,0.0,0.0,134.20000000000002,0.0,0.2,0.0,-0.6000000000000001,-169.70000000000002,0.0,0.0,169.70000000000002,0.0,21.700000000000003,29.0,29.0,30.0,300.0,300.0,31.5,35.7,28.9,28.1,30.0,4.96,1.99,4.96,0.16,0.0,0.0,1027.0,8228.0,0.0,0.0,0.0,0.0,0.0,1.0,0.0,0.0,0.0,0.0,0.0,-0.4,0.0,0.5,0.0,0.0,16.0,25903.0
2026-07-30T19:02:27.140Z,316.623,316.63800000000003,0.0,7.4,0.0,0.0,0.0,0.0,0.0,0.0,0.0,0.0,1.0,0.0,0.0,0.0,9.0,4.0,0.0,0.0,0.0,0.0,0.0,0.0,0.0,0.0,5.0,12.0,1.0,12.14,5.01,2.51,1.49,0.0,0.0,0.0,134.1,0.0,-0.3,0.0,0.5,-169.70000000000002,0.0,0.0,169.8,0.0,21.700000000000003,29.0,29.0,30.0,300.0,300.0,31.5,35.7,28.9,28.1,30.0,4.95,1.99,4.96,0.16,0.0,0.0,1027.0,8228.0,0.0,0.0,0.0,0.0,0.0,1.0,0.0,0.0,0.0,0.0,0.0,0.4,0.0,-0.4,0.0,0.0,16.0,25903.0
2026-07-30T19:02:27.152Z,316.635,316.65000000000003,0.0,7.4,0.0,0.0,0.0,0.0,0.0,0.0,0.0,0.0,1.0,0.0,0.0,0.0,9.0,4.0,0.0,0.0,0.0,0.0,0.0,0.0,0.0,0.0,6.0,12.0,1.0,12.14,5.01,2.51,1.49,0.0,0.0,0.0,134.0,0.0,0.8,-0.6000000000000001,-0.6000000000000001,-169.70000000000002,0.0,0.0,169.70000000000002,0.0,21.700000000000003,29.0,29.0,30.0,300.0,300.0,31.5,35.7,28.9,28.1,30.0,4.95,1.99,4.96,0.16,0.0,0.0,1027.0,8228.0,0.0,0.0,0.0,0.0,0.0,1.0,0.0,0.0,0.0,0.0,0.0,-1.2000000000000002,0.0,0.4,0.0,0.0,16.0,25903.0
2026-07-30T19:02:27.164Z,316.647,316.66200000000003,0.0,7.4,0.0,0.0,0.0,0.0,0.0,0.0,0.0,0.0,1.0,0.0,0.0,0.0,9.0,4.0,0.0,0.0,0.0,0.0,0.0,0.0,0.0,0.0,1.0,12.0,1.0,12.14,5.01,2.51,1.49,0.0,0.0,0.0,133.9,0.0,0.8,0.5,0.5,-169.70000000000002,0.0,0.0,169.8,0.0,21.700000000000003,29.0,29.0,30.0,300.0,300.0,31.5,35.7,28.9,28.1,30.0,4.95,1.99,4.97,0.16,0.0,0.0,1027.0,8228.0,0.0,0.0,0.0,0.0,0.0,1.0,0.0,0.0,0.0,0.0,0.0,1.0,0.0,-0.3,0.0,0.0,16.0,25903.0
2026-07-30T19:02:27.175Z,316.658,316.674,0.0,7.4,0.0,0.0,0.0,0.0,0.0,0.0,0.0,0.0,1.0,0.0,0.0,0.0,9.0,4.0,0.0,0.0,0.0,0.0,0.0,0.0,0.0,0.0,2.0,12.0,1.0,12.14,5.01,2.51,1.49,0.0,0.0,0.0,133.70000000000002,0.0,-0.3,1.1,-0.1,-169.70000000000002,0.0,0.0,169.70000000000002,0.0,21.700000000000003,29.0,29.0,30.0,300.0,300.0,31.5,35.7,28.9,28.1,30.0,4.95,1.99,4.97,0.16,0.0,0.0,1027.0,8228.0,0.0,0.0,0.0,0.0,0.0,1.0,0.0,0.0,0.0,0.0,0.0,1.2000000000000002,0.0,0.3,0.0,0.0,16.0,25903.0
2026-07-30T19:02:27.188Z,316.671,316.686,0.0,7.4,0.0,0.0,0.0,0.0,0.0,0.0,0.0,0.0,1.0,0.0,0.0,0.0,9.0,4.0,0.0,0.0,0.0,0.0,0.0,0.0,0.0,0.0,3.0,12.0,1.0,12.14,5.01,2.51,1.49,0.0,0.0,0.0,133.70000000000002,0.0,0.2,0.5,1.1,-169.70000000000002,0.0,0.0,169.70000000000002,0.0,21.700000000000003,29.0,29.0,30.0,300.0,300.0,31.5,35.7,28.9,28.1,30.0,4.96,1.99,4.97,0.16,0.0,0.0,1027.0,8228.0,0.0,0.0,0.0,0.0,0.0,1.0,0.0,0.0,0.0,0.0,0.0,1.4,0.0,-0.8,0.0,0.0001,16.0,25903.0
2026-07-30T19:02:27.200Z,316.683,316.698,0.0,7.4,0.0,0.0,0.0,0.0,0.0,0.0,0.0,0.0,1.0,0.0,0.0,0.0,9.0,4.0,0.0,0.0,0.0,0.0,0.0,0.0,0.0,0.0,4.0,12.0,1.0,12.17,5.01,2.51,1.49,0.0,0.0,0.0,133.6,0.0,0.2,-0.5,0.5,-169.70000000000002,0.0,0.0,169.70000000000002,0.0,21.3,29.0,29.0,30.0,300.0,300.0,31.6,35.7,28.9,28.1,30.0,4.96,1.99,4.96,0.16,0.0,0.0,1027.0,8228.0,0.0,0.0,0.0,0.0,0.0,1.0,0.0,0.0,0.0,0.0,0.0,-0.2,0.0,-0.5,0.0,0.0,16.0,25903.0
2026-07-30T19:02:27.212Z,316.695,316.71,0.0,7.4,0.0,0.0,0.0,0.0,0.0,0.0,0.0,0.0,1.0,0.0,0.0,0.0,9.0,4.0,0.0,0.0,0.0,0.0,0.0,0.0,0.0,0.0,6.0,12.0,1.0,12.17,5.01,2.51,1.49,0.0,0.0,0.0,133.4,0.0,-0.3,1.1,0.0,-169.70000000000002,0.0,0.0,169.8,0.0,21.3,29.0,29.0,30.0,300.0,300.0,31.6,35.7,28.9,28.1,30.0,4.96,1.99,4.96,0.16,0.0,0.0,1027.0,8228.0,0.0,0.0,0.0,0.0,0.0,1.0,0.0,0.0,0.0,0.0,0.0,1.3,0.0,0.2,0.0,0.0,16.0,25903.0
2026-07-30T19:02:27.224Z,316.707,316.722,0.0,7.4,0.0,0.0,0.0,0.0,0.0,0.0,0.0,0.0,1.0,0.0,0.0,0.0,9.0,4.0,0.0,0.0,0.0,0.0,0.0,0.0,0.0,0.0,1.0,12.0,1.0,12.17,5.01,2.51,1.49,0.0,0.0,0.0,133.3,0.0,-0.9,-1.1,-1.1,-169.70000000000002,0.0,0.0,169.8,0.0,21.3,29.0,29.0,30.0,300.0,300.0,31.6,35.7,28.9,28.1,30.0,4.95,2.0,4.96,0.16,0.0,0.0,1027.0,8228.0,0.0,0.0,0.0,0.0,0.0,1.0,0.0,0.0,0.0,0.0,0.0,-2.1,0.0,0.8,0.0,0.0,16.0,25903.0
2026-07-30T19:02:27.236Z,316.719,316.734,0.0,7.4,0.0,0.0,0.0,0.0,0.0,0.0,0.0,0.0,1.0,0.0,0.0,0.0,9.0,4.0,0.0,0.0,0.0,0.0,0.0,0.0,0.0,0.0,3.0,12.0,1.0,12.17,5.01,2.51,1.49,0.0,0.0,0.0,133.20000000000002,0.0,0.2,-0.5,1.1,-169.70000000000002,0.0,0.0,169.8,0.0,21.3,29.0,29.0,30.0,300.0,300.0,31.6,35.7,28.9,28.1,30.0,4.95,2.0,4.97,0.16,0.0,0.0,1027.0,8228.0,0.0,0.0,0.0,0.0,0.0,1.0,0.0,0.0,0.0,0.0,0.0,0.2,0.0,-1.1,0.0,0.0,16.0,25903.0
2026-07-30T19:02:27.248Z,316.731,316.746,0.0,7.4,0.0,0.0,0.0,0.0,0.0,0.0,0.0,0.0,1.0,0.0,0.0,0.0,9.0,4.0,0.0,0.0,0.0,0.0,0.0,0.0,0.0,0.0,4.0,12.0,1.0,12.17,5.01,2.51,1.49,0.0,0.0,0.0,133.1,0.0,-0.9,-0.5,-1.1,-169.70000000000002,0.0,0.0,169.70000000000002,0.0,21.3,29.0,29.0,30.0,300.0,300.0,31.6,35.7,28.9,28.1,30.0,4.96,1.99,4.97,0.16,0.0,0.0,1027.0,8228.0,0.0,0.0,0.0,0.0,0.0,1.0,0.0,0.0,0.0,0.0,0.0,-1.4,0.0,0.8,0.0,0.0,16.0,25903.0
2026-07-30T19:02:27.260Z,316.743,316.758,0.0,7.4,0.0,0.0,0.0,0.0,0.0,0.0,0.0,0.0,1.0,0.0,0.0,0.0,9.0,4.0,0.0,0.0,0.0,0.0,0.0,0.0,0.0,0.0,5.0,12.0,1.0,12.17,5.01,2.51,1.49,0.0,0.0,0.0,133.0,0.0,-0.3,0.6000000000000001,0.0,-169.70000000000002,0.0,0.0,169.8,0.0,21.3,29.0,29.0,30.0,300.0,300.0,31.6,35.7,28.9,28.1,30.0,4.96,1.99,4.97,0.17,0.0,0.0,1027.0,8228.0,0.0,0.0,0.0,0.0,0.0,1.0,0.0,0.0,0.0,0.0,0.0,0.7000000000000001,0.0,0.1,0.0,0.0,16.0,25903.0
2026-07-30T19:02:27.272Z,316.755,316.77,0.0,7.4,0.0,0.0,0.0,0.0,0.0,0.0,0.0,0.0,1.0,0.0,0.0,0.0,9.0,4.0,0.0,0.0,0.0,0.0,0.0,0.0,0.0,0.0,6.0,12.0,1.0,12.17,5.01,2.51,1.49,0.0,0.1,0.0,132.9,0.0,-0.8,0.1,0.0,-169.70000000000002,0.0,0.0,169.70000000000002,0.0,21.3,29.0,29.0,30.0,300.0,300.0,31.6,35.7,28.9,28.1,30.0,4.95,1.99,4.97,0.16,0.0,0.0,1027.0,8228.0,0.0,0.0,0.0,0.0,0.0,1.0,0.0,0.0,0.0,0.0,0.0,0.0,0.0,0.0,0.0,0.0,16.0,25903.0
2026-07-30T19:02:27.284Z,316.767,316.782,0.0,7.4,0.0,0.0,0.0,0.0,0.0,0.0,0.0,0.0,1.0,0.0,0.0,0.0,9.0,4.0,0.0,0.0,0.0,0.0,0.0,0.0,0.0,0.0,2.0,12.0,1.0,12.17,5.01,2.51,1.49,0.0,0.0,0.0,132.8,0.0,0.2,0.0,0.5,-169.70000000000002,0.0,0.0,169.70000000000002,0.0,21.3,29.0,29.0,30.0,300.0,300.0,31.6,35.7,28.9,28.1,30.0,4.96,1.99,4.96,0.16,0.0,0.0,1027.0,8228.0,0.0,0.0,0.0,0.0,0.0,1.0,0.0,0.0,0.0,0.0,0.0,0.4,0.0,-0.4,0.0,0.0001,16.0,25903.0
2026-07-30T19:02:27.297Z,316.78,316.794,0.0,7.4,0.0,0.0,0.0,0.0,0.0,0.0,0.0,0.0,1.0,0.0,0.0,0.0,9.0,4.0,0.0,0.0,0.0,0.0,0.0,0.0,0.0,0.0,3.0,12.0,1.0,12.18,5.01,2.5,1.5,0.0,0.0,0.0,132.6,0.0,-0.3,-1.0,0.4,-169.70000000000002,0.0,0.0,169.8,0.0,21.4,29.0,29.0,30.0,300.0,300.0,31.6,35.7,28.9,28.1,30.0,4.95,1.99,4.97,0.16,0.0,0.0,1027.0,8228.0,0.0,0.0,0.0,0.0,0.0,1.0,0.0,0.0,0.0,0.0,0.0,-0.8,0.0,-0.6000000000000001,0.0,0.0,16.0,25903.0
2026-07-30T19:02:27.308Z,316.791,316.806,0.0,7.4,0.0,0.0,0.0,0.0,0.0,0.0,0.0,0.0,1.0,0.0,0.0,0.0,9.0,4.0,0.0,0.0,0.0,0.0,0.0,0.0,0.0,0.0,5.0,12.0,1.0,12.18,5.01,2.5,1.5,0.0,0.0,0.0,132.6,0.0,-0.2,0.0,0.0,-169.70000000000002,0.0,0.0,169.70000000000002,0.0,21.4,29.0,29.0,30.0,300.0,300.0,31.6,35.7,28.9,28.1,30.0,4.95,2.0,4.96,0.16,0.0,0.0,1027.0,8228.0,0.0,0.0,0.0,0.0,0.0,1.0,0.0,0.0,0.0,0.0,0.0,0.0,0.0,0.0,0.0,0.0,16.0,25903.0
2026-07-30T19:02:27.320Z,316.803,316.818,0.0,7.4,0.0,0.0,0.0,0.0,0.0,0.0,0.0,0.0,1.0,0.0,0.0,0.0,9.0,4.0,0.0,0.0,0.0,0.0,0.0,0.0,0.0,0.0,6.0,12.0,1.0,12.18,5.01,2.5,1.5,0.0,0.0,0.0,132.4,0.0,-0.8,1.2000000000000002,0.0,-169.70000000000002,0.0,0.0,169.70000000000002,0.0,21.4,29.0,29.0,30.0,300.0,300.0,31.6,35.7,28.9,28.1,30.0,4.96,1.99,4.96,0.16,0.0,0.0,1027.0,8228.0,0.0,0.0,0.0,0.0,0.0,1.0,0.0,0.0,0.0,0.0,0.0,1.3,0.0,0.3,0.0,0.0,16.0,25903.0
2026-07-30T19:02:27.332Z,316.815,316.83,0.0,7.4,0.0,0.0,0.0,0.0,0.0,0.0,0.0,0.0,1.0,0.0,0.0,0.0,9.0,4.0,0.0,0.0,0.0,0.0,0.0,0.0,0.0,0.0,1.0,12.0,1.0,12.18,5.01,2.5,1.5,0.0,0.0,0.0,132.3,0.0,0.2,1.2000000000000002,-0.1,-169.70000000000002,0.0,0.0,169.70000000000002,0.0,21.4,29.0,29.0,30.0,300.0,300.0,31.6,35.7,28.9,28.1,30.0,4.95,1.99,4.96,0.16,0.0,0.0,1027.0,8228.0,0.0,0.0,0.0,0.0,0.0,1.0,0.0,0.0,0.0,0.0,0.0,1.2000000000000002,0.0,0.3,0.0,0.0,16.0,25903.0
2026-07-30T19:02:27.344Z,316.827,316.842,0.0,7.4,0.0,0.0,0.0,0.0,0.0,0.0,0.0,0.0,1.0,0.0,0.0,0.0,9.0,4.0,0.0,0.0,0.0,0.0,0.0,0.0,0.0,0.0,1.0,12.0,1.0,12.18,5.01,2.5,1.5,0.0,0.0,0.0,132.20000000000002,0.0,-0.3,-0.5,-0.1,-169.70000000000002,0.0,0.0,169.60000000000002,0.0,21.4,29.0,29.0,30.0,300.0,300.0,31.6,35.7,28.9,28.1,30.0,4.95,1.99,4.97,0.16,0.0,0.0,1027.0,8228.0,0.0,0.0,0.0,0.0,0.0,1.0,0.0,0.0,0.0,0.0,0.0,-0.6000000000000001,0.0,0.0,0.0,0.0,16.0,25903.0
2026-07-30T19:02:27.356Z,316.839,316.854,0.0,7.4,0.0,0.0,0.0,0.0,0.0,0.0,0.0,0.0,1.0,0.0,0.0,0.0,9.0,4.0,0.0,0.0,0.0,0.0,0.0,0.0,0.0,0.0,3.0,12.0,1.0,12.18,5.01,2.5,1.5,0.0,0.0,0.0,132.20000000000002,0.0,0.2,1.2000000000000002,-0.1,-169.70000000000002,0.0,0.0,169.70000000000002,0.0,21.4,29.0,29.0,30.0,300.0,300.0,31.6,35.7,28.9,28.1,30.0,4.95,2.0,4.96,0.16,0.0,0.0,1027.0,8228.0,0.0,0.0,0.0,0.0,0.0,1.0,0.0,0.0,0.0,0.0,0.0,1.2000000000000002,0.0,0.3,0.0,0.0001,16.0,25903.0
2026-07-30T19:02:27.368Z,316.851,316.866,0.0,7.4,0.0,0.0,0.0,0.0,0.0,0.0,0.0,0.0,1.0,0.0,0.0,0.0,9.0,4.0,0.0,0.0,0.0,0.0,0.0,0.0,0.0,0.0,3.0,12.0,1.0,12.18,5.01,2.5,1.5,0.0,0.1,0.0,132.0,0.0,-0.9,-0.5,1.6,-169.70000000000002,0.0,0.0,169.60000000000002,0.0,21.4,29.0,29.0,30.0,300.0,300.0,31.6,35.7,28.9,28.1,30.0,4.96,1.99,4.96,0.16,0.0,0.0,1027.0,8228.0,0.0,0.0,0.0,0.0,0.0,1.0,0.0,0.0,0.0,0.0,0.0,0.6000000000000001,0.0,-1.5,0.0,0.0,16.0,25903.0
2026-07-30T19:02:27.380Z,316.863,316.878,0.0,7.4,0.0,0.0,0.0,0.0,0.0,0.0,0.0,0.0,1.0,0.0,0.0,0.0,9.0,4.0,0.0,0.0,0.0,0.0,0.0,0.0,0.0,0.0,5.0,12.0,1.0,12.18,5.01,2.5,1.5,0.0,0.0,0.0,131.9,0.0,-0.3,-1.1,-0.1,-169.70000000000002,0.0,0.0,169.70000000000002,0.0,21.4,29.0,29.0,30.0,300.0,300.0,31.6,35.7,28.9,28.1,30.0,4.95,1.99,4.97,0.16,0.0,0.0,1027.0,8228.0,0.0,0.0,0.0,0.0,0.0,1.0,0.0,0.0,0.0,0.0,0.0,-1.3,0.0,-0.1,0.0,0.0,16.0,25903.0
2026-07-30T19:02:27.392Z,316.875,316.89,0.0,7.4,0.0,0.0,0.0,0.0,0.0,0.0,0.0,0.0,1.0,0.0,0.0,0.0,9.0,4.0,0.0,0.0,0.0,0.0,0.0,0.0,0.0,0.0,6.0,12.0,1.0,12.18,5.01,2.5,1.5,0.0,0.0,0.0,131.8,0.0,-0.3,0.0,-0.1,-169.70000000000002,0.0,0.0,169.8,0.0,21.4,29.0,29.0,30.0,300.0,300.0,31.6,35.7,28.9,28.1,30.0,4.96,1.99,4.97,0.16,0.0,0.0,1027.0,8228.0,0.0,0.0,0.0,0.0,0.0,1.0,0.0,0.0,0.0,0.0,0.0,0.0,0.0,0.1,0.0,0.0,16.0,25903.0
2026-07-30T19:02:27.404Z,316.887,316.902,0.0,7.4,0.0,0.0,0.0,0.0,0.0,0.0,0.0,0.0,1.0,0.0,0.0,0.0,9.0,4.0,0.0,0.0,0.0,0.0,0.0,0.0,0.0,0.0,1.0,12.0,1.0,12.18,5.01,2.5,1.49,0.0,0.0,0.0,131.70000000000002,0.0,0.8,1.2000000000000002,1.0,-169.70000000000002,0.0,0.0,169.70000000000002,0.0,20.9,29.0,29.0,30.0,300.0,300.0,31.5,35.7,29.0,28.1,30.0,4.96,2.0,4.96,0.16,0.0,0.0,1027.0,8228.0,0.0,0.0,0.0,0.0,0.0,1.0,0.0,0.0,0.0,0.0,0.0,0.2,0.0,0.7000000000000001,0.0,0.0001,16.0,25903.0
2026-07-30T19:02:27.416Z,316.899,316.914,0.0,7.4,0.0,0.0,0.0,0.0,0.0,0.0,0.0,0.0,1.0,0.0,0.0,0.0,9.0,4.0,0.0,0.0,0.0,0.0,0.0,0.0,0.0,0.0,2.0,12.0,1.0,12.18,5.01,2.5,1.49,0.0,0.1,0.0,131.6,0.0,-0.3,0.0,-0.1,-169.70000000000002,0.0,0.0,169.60000000000002,0.0,20.9,29.0,29.0,30.0,300.0,300.0,31.5,35.7,29.0,28.1,30.0,4.95,1.99,4.96,0.16,0.0,0.0,1027.0,8228.0,0.0,0.0,0.0,0.0,0.0,1.0,0.0,0.0,0.0,0.0,0.0,1.5,0.0,-0.7000000000000001,0.0,0.0,16.0,25903.0
2026-07-30T19:02:27.428Z,316.911,316.926,0.0,7.4,0.0,0.0,0.0,0.0,0.0,0.0,0.0,0.0,1.0,0.0,0.0,0.0,9.0,4.0,0.0,0.0,0.0,0.0,0.0,0.0,0.0,0.0,3.0,12.0,1.0,12.18,5.01,2.5,1.49,0.0,0.0,0.0,131.5,0.0,-0.9,0.0,-0.1,-169.70000000000002,0.0,0.0,169.8,0.0,20.9,29.0,29.0,30.0,300.0,300.0,31.5,35.7,29.0,28.1,30.0,4.95,1.99,4.97,0.16,0.0,0.0,1027.0,8228.0,0.0,0.0,0.0,0.0,0.0,1.0,0.0,0.0,0.0,0.0,0.0,2.4000000000000004,0.0,-1.8,0.0,0.0001,16.0,25903.0
2026-07-30T19:02:27.440Z,316.923,316.938,0.0,7.4,0.0,0.0,0.0,0.0,0.0,0.0,0.0,0.0,1.0,0.0,0.0,0.0,9.0,4.0,0.0,0.0,0.0,0.0,0.0,0.0,0.0,0.0,4.0,12.0,1.0,12.18,5.01,2.5,1.49,0.0,0.0,0.0,131.4,0.0,-0.3,0.1,-0.6000000000000001,-169.70000000000002,0.0,0.0,169.8,0.0,20.9,29.0,29.0,30.0,300.0,300.0,31.5,35.7,29.0,28.1,30.0,4.96,2.0,4.96,0.16,0.0,0.0,1027.0,8228.0,0.0,0.0,0.0,0.0,0.0,1.0,0.0,0.0,0.0,0.0,0.0,-0.3,0.0,0.5,0.0,0.0001,16.0,25903.0
2026-07-30T19:02:27.452Z,316.935,316.95,0.0,7.4,0.0,0.0,0.0,0.0,0.0,0.0,0.0,0.0,1.0,0.0,0.0,0.0,9.0,4.0,0.0,0.0,0.0,0.0,0.0,0.0,0.0,0.0,5.0,12.0,1.0,12.18,5.01,2.5,1.49,0.0,0.0,0.0,131.3,0.0,-0.8,0.1,0.0,-169.70000000000002,0.0,0.0,169.8,0.0,20.9,29.0,29.0,30.0,300.0,300.0,31.5,35.7,29.0,28.1,30.0,4.96,1.99,4.97,0.16,0.0,0.0,1027.0,8228.0,0.0,0.0,0.0,0.0,0.0,1.0,0.0,0.0,0.0,0.0,0.0,0.0,0.0,0.0,0.0,0.0,16.0,25903.0
2026-07-30T19:02:27.464Z,316.947,316.962,0.0,7.4,0.0,0.0,0.0,0.0,0.0,0.0,0.0,0.0,1.0,0.0,0.0,0.0,9.0,4.0,0.0,0.0,0.0,0.0,0.0,0.0,0.0,0.0,6.0,12.0,1.0,12.18,5.01,2.5,1.49,0.0,0.0,0.0,131.1,0.0,0.8,0.7000000000000001,0.0,-169.70000000000002,0.0,0.0,169.8,0.0,20.9,29.0,29.0,30.0,300.0,300.0,31.5,35.7,29.0,28.1,30.0,4.95,1.99,4.97,0.16,0.0,0.0,1027.0,8228.0,0.0,0.0,0.0,0.0,0.0,1.0,0.0,0.0,0.0,0.0,0.0,0.7000000000000001,0.0,0.1,0.0,0.0,16.0,25903.0
2026-07-30T19:02:27.476Z,316.959,316.974,0.0,7.4,0.0,0.0,0.0,0.0,0.0,0.0,0.0,0.0,1.0,0.0,0.0,0.0,9.0,4.0,0.0,0.0,0.0,0.0,0.0,0.0,0.0,0.0,1.0,12.0,1.0,12.18,5.01,2.5,1.49,0.0,0.1,0.0,131.1,0.0,-0.3,-0.4,-0.6000000000000001,-169.70000000000002,0.0,0.0,169.8,0.0,20.9,29.0,29.0,30.0,300.0,300.0,31.5,35.7,29.0,28.1,30.0,4.96,1.99,4.97,0.16,0.0,0.0,1027.0,8228.0,0.0,0.0,0.0,0.0,0.0,1.0,0.0,0.0,0.0,0.0,0.0,-1.0,0.0,0.4,0.0,0.0,16.0,25903.0
2026-07-30T19:02:27.488Z,316.971,316.986,0.0,7.4,0.0,0.0,0.0,0.0,0.0,0.0,0.0,0.0,1.0,0.0,0.0,0.0,9.0,4.0,0.0,0.0,0.0,0.0,0.0,0.0,0.0,0.0,3.0,12.0,1.0,12.18,5.01,2.5,1.49,0.0,0.0,0.0,130.9,0.0,0.2,0.7000000000000001,0.5,-169.70000000000002,0.0,0.0,169.8,0.0,20.9,29.0,29.0,30.0,300.0,300.0,31.5,35.7,29.0,28.1,30.0,4.95,2.0,4.96,0.16,0.0,0.0,1027.0,8228.0,0.0,0.0,0.0,0.0,0.0,1.0,0.0,0.0,0.0,0.0,0.0,1.2000000000000002,0.0,-0.3,0.0,0.0,16.0,25903.0
2026-07-30T19:02:27.501Z,316.984,316.998,0.0,7.4,0.0,0.0,0.0,0.0,0.0,0.0,0.0,0.0,1.0,0.0,0.0,0.0,9.0,4.0,0.0,0.0,0.0,0.0,0.0,0.0,0.0,0.0,4.0,12.0,1.0,12.13,5.0200000000000005,2.51,1.49,0.0,0.1,0.0,130.9,0.0,0.2,-0.4,1.1,-169.70000000000002,0.0,0.0,169.8,0.0,21.4,29.0,29.0,30.0,300.0,300.0,31.5,35.7,28.9,28.1,30.0,4.95,1.99,4.97,0.16,0.0,0.0,1027.0,8228.0,0.0,0.0,0.0,0.0,0.0,1.0,0.0,0.0,0.0,0.0,0.0,0.3,0.0,-1.0,0.0,0.0,16.0,25903.0
2026-07-30T19:02:27.512Z,316.995,317.01,0.0,7.4,0.0,0.0,0.0,0.0,0.0,0.0,0.0,0.0,1.0,0.0,0.0,0.0,9.0,4.0,0.0,0.0,0.0,0.0,0.0,0.0,0.0,0.0,5.0,12.0,1.0,12.13,5.0200000000000005,2.51,1.49,0.0,0.0,0.0,130.9,0.0,-1.5,-0.4,0.0,-169.70000000000002,0.0,0.0,169.8,0.0,21.4,29.0,29.0,30.0,300.0,300.0,31.5,35.7,28.9,28.1,30.0,4.95,2.0,4.97,0.16,0.0,0.0,1027.0,8228.0,0.0,0.0,0.0,0.0,0.0,1.0,0.0,0.0,0.0,0.0,0.0,-0.5,0.0,0.0,0.0,0.0,16.0,25903.0
2026-07-30T19:02:27.524Z,317.007,317.022,0.0,7.4,0.0,0.0,0.0,0.0,0.0,0.0,0.0,0.0,1.0,0.0,0.0,0.0,9.0,4.0,0.0,0.0,0.0,0.0,0.0,0.0,0.0,0.0,6.0,12.0,1.0,12.13,5.0200000000000005,2.51,1.49,0.0,0.0,0.0,131.1,0.0,-0.3,0.7000000000000001,-1.2000000000000002,-169.70000000000002,0.0,0.0,169.8,0.0,21.4,29.0,29.0,30.0,300.0,300.0,31.5,35.7,28.9,28.1,30.0,4.96,2.0,4.96,0.16,0.0,0.0,1027.0,8228.0,0.0,0.0,0.0,0.0,0.0,1.0,0.0,0.0,0.0,0.0,0.0,-0.1,0.0,1.2000000000000002,0.0,0.0,16.0,25903.0
2026-07-30T19:02:27.536Z,317.019,317.034,0.0,7.4,0.0,0.0,0.0,0.0,0.0,0.0,0.0,0.0,1.0,0.0,0.0,0.0,9.0,4.0,0.0,0.0,0.0,0.0,0.0,0.0,0.0,0.0,1.0,12.0,1.0,12.13,5.0200000000000005,2.51,1.49,0.0,0.0,0.0,131.20000000000002,0.0,-0.8,-0.4,-0.6000000000000001,-169.70000000000002,0.0,0.0,169.8,0.0,21.4,29.0,29.0,30.0,300.0,300.0,31.5,35.7,28.9,28.1,30.0,4.95,1.99,4.97,0.16,0.0,0.0,1027.0,8228.0,0.0,0.0,0.0,0.0,0.0,1.0,0.0,0.0,0.0,0.0,0.0,-0.9,0.0,0.4,0.0,0.0,16.0,25903.0
2026-07-30T19:02:27.548Z,317.031,317.046,0.0,7.4,0.0,0.0,0.0,0.0,0.0,0.0,0.0,0.0,1.0,0.0,0.0,0.0,9.0,4.0,0.0,0.0,0.0,0.0,0.0,0.0,0.0,0.0,2.0,12.0,1.0,12.13,5.0200000000000005,2.51,1.49,0.0,0.0,0.0,131.4,0.0,-0.3,0.1,1.1,-169.70000000000002,0.0,0.0,169.8,0.0,21.4,29.0,29.0,30.0,300.0,300.0,31.5,35.7,28.9,28.1,30.0,4.95,1.99,4.97,0.16,0.0,0.0,1027.0,8228.0,0.0,0.0,0.0,0.0,0.0,1.0,0.0,0.0,0.0,0.0,0.0,1.0,0.0,-0.9,0.0,0.0,16.0,25903.0
2026-07-30T19:02:27.560Z,317.043,317.058,0.0,7.4,0.0,0.0,0.0,0.0,0.0,0.0,0.0,0.0,1.0,0.0,0.0,0.0,9.0,4.0,0.0,0.0,0.0,0.0,0.0,0.0,0.0,0.0,3.0,12.0,1.0,12.13,5.0200000000000005,2.51,1.49,0.0,0.0,0.0,131.6,0.0,0.3,1.3,0.0,-169.70000000000002,0.0,0.0,169.8,0.0,21.4,29.0,29.0,30.0,300.0,300.0,31.5,35.7,28.9,28.1,30.0,4.96,2.0,4.97,0.16,0.0,0.0,1027.0,8228.0,0.0,0.0,0.0,0.0,0.0,1.0,0.0,0.0,0.0,0.0,0.0,1.5,0.0,0.2,0.0,0.0,16.0,25903.0
2026-07-30T19:02:27.572Z,317.055,317.07,0.0,7.4,0.0,0.0,0.0,0.0,0.0,0.0,0.0,0.0,1.0,0.0,0.0,0.0,9.0,4.0,0.0,0.0,0.0,0.0,0.0,0.0,0.0,0.0,4.0,12.0,1.0,12.13,5.0200000000000005,2.51,1.49,0.0,0.1,0.0,131.8,0.0,0.9,-0.4,0.0,-169.70000000000002,0.0,0.0,169.70000000000002,0.0,21.4,29.0,29.0,30.0,300.0,300.0,31.5,35.7,28.9,28.1,30.0,4.95,2.0,4.96,0.16,0.0,0.0,1027.0,8228.0,0.0,0.0,0.0,0.0,0.0,1.0,0.0,0.0,0.0,0.0,0.0,-0.4,0.0,0.0,0.0,0.0,16.0,25903.0
2026-07-30T19:02:27.584Z,317.067,317.082,0.0,7.4,0.0,0.0,0.0,0.0,0.0,0.0,0.0,0.0,1.0,0.0,0.0,0.0,9.0,4.0,0.0,0.0,0.0,0.0,0.0,0.0,0.0,0.0,5.0,12.0,1.0,12.13,5.0200000000000005,2.51,1.49,0.0,0.0,0.0,132.0,0.0,-0.2,-0.4,-1.1,-169.70000000000002,0.0,0.0,169.8,0.0,21.4,29.0,29.0,30.0,300.0,300.0,31.5,35.7,28.9,28.1,30.0,4.95,1.99,4.97,0.16,0.0,0.0,1027.0,8228.0,0.0,0.0,0.0,0.0,0.0,1.0,0.0,0.0,0.0,0.0,0.0,-1.4,0.0,0.9,0.0,0.0,16.0,25903.0
2026-07-30T19:02:27.596Z,317.079,317.094,0.0,7.4,0.0,0.0,0.0,0.0,0.0,0.0,0.0,0.0,1.0,0.0,0.0,0.0,9.0,4.0,0.0,0.0,0.0,0.0,0.0,0.0,0.0,0.0,6.0,12.0,1.0,12.13,5.0200000000000005,2.51,1.49,-0.1,0.1,0.0,132.1,0.0,0.3,0.7000000000000001,-0.6000000000000001,-169.70000000000002,0.0,0.0,169.8,0.0,21.4,29.0,29.0,30.0,300.0,300.0,31.5,35.7,28.9,28.1,30.0,4.95,1.99,4.96,0.16,0.0,0.0,1027.0,8228.0,0.0,0.0,0.0,0.0,0.0,1.0,0.0,0.0,0.0,0.0,0.0,0.3,0.0,0.6000000000000001,0.0,0.0,16.0,25903.0
2026-07-30T19:02:27.608Z,317.091,317.106,0.0,7.4,0.0,0.0,0.0,0.0,0.0,0.0,0.0,0.0,1.0,0.0,0.0,0.0,9.0,4.0,0.0,0.0,0.0,0.0,0.0,0.0,0.0,0.0,1.0,12.0,1.0,12.15,5.0200000000000005,2.5,1.49,0.0,0.1,0.0,132.3,0.0,-0.8,0.7000000000000001,0.5,-169.70000000000002,0.0,0.0,169.70000000000002,0.0,21.700000000000003,29.0,29.0,30.0,300.0,300.0,31.5,35.7,29.0,28.200000000000003,30.0,4.96,1.99,4.96,0.16,0.0,0.0,1027.0,8228.0,0.0,0.0,0.0,0.0,0.0,1.0,0.0,0.0,0.0,0.0,0.0,1.2000000000000002,0.0,-0.3,0.0,0.0,16.0,25903.0
2026-07-30T19:02:27.620Z,317.103,317.118,0.0,7.4,0.0,0.0,0.0,0.0,0.0,0.0,0.0,0.0,1.0,0.0,0.0,0.0,9.0,4.0,0.0,0.0,0.0,0.0,0.0,0.0,0.0,0.0,2.0,12.0,1.0,12.15,5.0200000000000005,2.5,1.49,0.0,0.0,0.0,132.5,0.0,0.9,0.7000000000000001,0.0,-169.70000000000002,0.0,0.0,169.70000000000002,0.0,21.700000000000003,29.0,29.0,30.0,300.0,300.0,31.5,35.7,29.0,28.200000000000003,30.0,4.95,1.99,4.97,0.16,0.0,0.0,1027.0,8228.0,0.0,0.0,0.0,0.0,0.0,1.0,0.0,0.0,0.0,0.0,0.0,0.7000000000000001,0.0,0.2,0.0,0.0,16.0,25903.0
2026-07-30T19:02:27.632Z,317.115,317.13,0.0,7.4,0.0,0.0,0.0,0.0,0.0,0.0,0.0,0.0,1.0,0.0,0.0,0.0,9.0,4.0,0.0,0.0,0.0,0.0,0.0,0.0,0.0,0.0,3.0,12.0,1.0,12.15,5.0200000000000005,2.5,1.49,0.0,0.1,0.0,132.70000000000002,0.0,-0.8,-0.4,0.0,-169.70000000000002,0.0,0.0,169.60000000000002,0.0,21.700000000000003,29.0,29.0,30.0,300.0,300.0,31.5,35.7,29.0,28.200000000000003,30.0,4.96,1.98,4.97,0.16,0.0,0.0,1027.0,8228.0,0.0,0.0,0.0,0.0,0.0,1.0,0.0,0.0,0.0,0.0,0.0,-0.5,0.0,0.0,0.0,0.0,16.0,25903.0
2026-07-30T19:02:27.645Z,317.128,317.142,0.0,7.4,0.0,0.0,0.0,0.0,0.0,0.0,0.0,0.0,1.0,0.0,0.0,0.0,9.0,4.0,0.0,0.0,0.0,0.0,0.0,0.0,0.0,0.0,4.0,12.0,1.0,12.15,5.0200000000000005,2.5,1.49,0.0,0.0,0.0,132.9,0.0,0.8,0.7000000000000001,0.5,-169.70000000000002,0.0,0.0,169.60000000000002,0.0,21.700000000000003,29.0,29.0,30.0,300.0,300.0,31.5,35.7,29.0,28.200000000000003,30.0,4.96,1.99,4.96,0.16,0.0,0.0,1027.0,8228.0,0.0,0.0,0.0,0.0,0.0,1.0,0.0,0.0,0.0,0.0,0.0,1.2000000000000002,0.0,-0.3,0.0,0.0,16.0,25903.0
2026-07-30T19:02:27.656Z,317.139,317.154,0.0,7.4,0.0,0.0,0.0,0.0,0.0,0.0,0.0,0.0,1.0,0.0,0.0,0.0,9.0,4.0,0.0,0.0,0.0,0.0,0.0,0.0,0.0,0.0,5.0,12.0,1.0,12.15,5.0200000000000005,2.5,1.49,0.0,0.0,0.0,133.0,0.0,0.2,0.1,0.0,-169.70000000000002,0.0,0.0,169.70000000000002,0.0,21.700000000000003,29.0,29.0,30.0,300.0,300.0,31.5,35.7,29.0,28.200000000000003,30.0,4.95,1.99,4.96,0.16,0.0,0.0,1027.0,8228.0,0.0,0.0,0.0,0.0,0.0,1.0,0.0,0.0,0.0,0.0,0.0,0.1,0.0,0.0,0.0,0.0,16.0,25903.0
2026-07-30T19:02:27.669Z,317.152,317.166,0.0,7.4,0.0,0.0,0.0,0.0,0.0,0.0,0.0,0.0,1.0,0.0,0.0,0.0,9.0,4.0,0.0,0.0,0.0,0.0,0.0,0.0,0.0,0.0,6.0,12.0,1.0,12.15,5.0200000000000005,2.5,1.49,0.0,0.0,0.0,133.20000000000002,0.0,0.2,1.3,1.1,-169.70000000000002,0.0,0.0,169.8,0.0,21.700000000000003,29.0,29.0,30.0,300.0,300.0,31.5,35.7,29.0,28.200000000000003,30.0,4.96,1.99,4.97,0.16,0.0,0.0,1027.0,8228.0,0.0,0.0,0.0,0.0,0.0,1.0,0.0,0.0,0.0,0.0,0.0,2.3000000000000003,0.0,-0.7000000000000001,0.0,0.0001,16.0,25903.0
2026-07-30T19:02:27.680Z,317.163,317.178,0.0,7.4,0.0,0.0,0.0,0.0,0.0,0.0,0.0,0.0,1.0,0.0,0.0,0.0,9.0,4.0,0.0,0.0,0.0,0.0,0.0,0.0,0.0,0.0,1.0,12.0,1.0,12.15,5.0200000000000005,2.5,1.49,0.0,0.0,0.0,133.4,0.0,0.2,-0.4,0.5,-169.70000000000002,0.0,0.0,169.70000000000002,0.0,21.700000000000003,29.0,29.0,30.0,300.0,300.0,31.5,35.7,29.0,28.200000000000003,30.0,4.95,1.99,4.96,0.16,0.0,0.0,1027.0,8228.0,0.0,0.0,0.0,0.0,0.0,1.0,0.0,0.0,0.0,0.0,0.0,0.0,0.0,-0.5,0.0,0.0001,16.0,25903.0
2026-07-30T19:02:27.692Z,317.175,317.19,0.0,7.4,0.0,0.0,0.0,0.0,0.0,0.0,0.0,0.0,1.0,0.0,0.0,0.0,9.0,4.0,0.0,0.0,0.0,0.0,0.0,0.0,0.0,0.0,3.0,12.0,1.0,12.15,5.0200000000000005,2.5,1.49,0.1,0.0,0.0,133.6,0.0,1.4,1.3,0.0,-169.70000000000002,0.0,0.0,169.8,0.0,21.700000000000003,29.0,29.0,30.0,300.0,300.0,31.5,35.7,29.0,28.200000000000003,30.0,4.95,1.99,4.97,0.16,0.0,0.0,1027.0,8228.0,0.0,0.0,0.0,0.0,0.0,1.0,0.0,0.0,0.0,0.0,0.0,1.5,0.0,0.2,0.0,0.0001,16.0,25903.0
2026-07-30T19:02:27.705Z,317.188,317.202,0.0,7.4,0.0,0.0,0.0,0.0,0.0,0.0,0.0,0.0,1.0,0.0,0.0,0.0,9.0,4.0,0.0,0.0,0.0,0.0,0.0,0.0,0.0,0.0,4.0,12.0,1.0,12.2,5.0200000000000005,2.5,1.49,0.0,0.0,0.0,133.8,0.0,0.8,0.1,-1.2000000000000002,-169.70000000000002,0.0,0.0,169.8,0.0,21.3,29.0,29.0,30.0,300.0,300.0,31.6,35.800000000000004,28.9,28.1,30.0,4.95,1.99,4.97,0.16,0.0,0.0,1027.0,8228.0,0.0,0.0,0.0,0.0,0.0,1.0,0.0,0.0,0.0,0.0,0.0,-0.7000000000000001,0.0,1.0,0.0,0.0,16.0,25903.0
2026-07-30T19:02:27.716Z,317.199,317.214,0.0,7.4,0.0,0.0,0.0,0.0,0.0,0.0,0.0,0.0,1.0,0.0,0.0,0.0,9.0,4.0,0.0,0.0,0.0,0.0,0.0,0.0,0.0,0.0,5.0,12.0,1.0,12.2,5.0200000000000005,2.5,1.49,0.0,0.0,0.0,134.0,0.0,0.3,0.2,0.0,-169.70000000000002,0.0,0.0,169.8,0.0,21.3,29.0,29.0,30.0,300.0,300.0,31.6,35.800000000000004,28.9,28.1,30.0,4.96,1.99,4.96,0.16,0.0,0.0,1027.0,8228.0,0.0,0.0,0.0,0.0,0.0,1.0,0.0,0.0,0.0,0.0,0.0,0.2,0.0,0.0,0.0,0.0,16.0,25903.0
2026-07-30T19:02:27.728Z,317.211,317.226,0.0,7.4,0.0,0.0,0.0,0.0,0.0,0.0,0.0,0.0,1.0,0.0,0.0,0.0,9.0,4.0,0.0,0.0,0.0,0.0,0.0,0.0,0.0,0.0,6.0,12.0,1.0,12.2,5.0200000000000005,2.5,1.49,0.0,0.0,0.0,134.1,0.0,-0.2,0.1,0.5,-169.70000000000002,0.0,0.0,169.8,0.0,21.3,29.0,29.0,30.0,300.0,300.0,31.6,35.800000000000004,28.9,28.1,30.0,4.96,1.99,4.96,0.16,0.0,0.0,1027.0,8228.0,0.0,0.0,0.0,0.0,0.0,1.0,0.0,0.0,0.0,0.0,0.0,0.6000000000000001,0.0,-0.4,0.0,0.0,16.0,25903.0
2026-07-30T19:02:27.740Z,317.223,317.238,0.0,7.4,0.0,0.0,0.0,0.0,0.0,0.0,0.0,0.0,1.0,0.0,0.0,0.0,9.0,4.0,0.0,0.0,0.0,0.0,0.0,0.0,0.0,0.0,1.0,12.0,1.0,12.2,5.0200000000000005,2.5,1.49,0.0,0.0,0.0,134.3,0.0,0.3,-0.4,2.3000000000000003,-169.70000000000002,0.0,0.0,169.8,0.0,21.3,29.0,29.0,30.0,300.0,300.0,31.6,35.800000000000004,28.9,28.1,30.0,4.96,1.99,4.97,0.16,0.0,0.0,1027.0,8228.0,0.0,0.0,0.0,0.0,0.0,1.0,0.0,0.0,0.0,0.0,0.0,1.2000000000000002,0.0,-2.1,0.0,0.0,16.0,25903.0
2026-07-30T19:02:27.752Z,317.235,317.25,0.0,7.4,0.0,0.0,0.0,0.0,0.0,0.0,0.0,0.0,1.0,0.0,0.0,0.0,9.0,4.0,0.0,0.0,0.0,0.0,0.0,0.0,0.0,0.0,2.0,12.0,1.0,12.2,5.0200000000000005,2.5,1.49,0.0,0.0,0.0,134.3,0.0,-0.2,0.7000000000000001,1.1,-169.70000000000002,0.0,0.0,169.8,0.0,21.3,29.0,29.0,30.0,300.0,300.0,31.6,35.800000000000004,28.9,28.1,30.0,4.96,1.99,4.97,0.16,0.0,0.0,1027.0,8228.0,0.0,0.0,0.0,0.0,0.0,1.0,0.0,0.0,0.0,0.0,0.0,1.7000000000000002,0.0,-0.8,0.0,0.0,16.0,25903.0
2026-07-30T19:02:27.764Z,317.247,317.262,0.0,7.4,0.0,0.0,0.0,0.0,0.0,0.0,0.0,0.0,1.0,0.0,0.0,0.0,9.0,4.0,0.0,0.0,0.0,0.0,0.0,0.0,0.0,0.0,3.0,12.0,1.0,12.2,5.0200000000000005,2.5,1.49,0.0,0.0,0.0,134.3,0.0,-0.7000000000000001,0.7000000000000001,0.0,-169.70000000000002,0.0,0.0,169.8,0.0,21.3,29.0,29.0,30.0,300.0,300.0,31.6,35.800000000000004,28.9,28.1,30.0,4.96,1.99,4.96,0.16,0.0,0.0,1027.0,8228.0,0.0,0.0,0.0,0.0,0.0,1.0,0.0,0.0,0.0,0.0,0.0,0.8,0.0,0.1,0.0,0.0,16.0,25903.0
2026-07-30T19:02:27.776Z,317.259,317.274,0.0,7.4,0.0,0.0,0.0,0.0,0.0,0.0,0.0,0.0,1.0,0.0,0.0,0.0,9.0,4.0,0.0,0.0,0.0,0.0,0.0,0.0,0.0,0.0,4.0,12.0,1.0,12.2,5.0200000000000005,2.5,1.49,0.0,0.0,0.0,134.20000000000002,0.0,0.3,0.1,1.1,-169.70000000000002,0.0,0.0,169.8,0.0,21.3,29.0,29.0,30.0,300.0,300.0,31.6,35.800000000000004,28.9,28.1,30.0,4.95,1.99,4.97,0.16,0.0,0.0,1027.0,8228.0,0.0,0.0,0.0,0.0,0.0,1.0,0.0,0.0,0.0,0.0,0.0,1.0,0.0,-0.9,0.0,0.0,16.0,25903.0
2026-07-30T19:02:27.788Z,317.271,317.286,0.0,7.4,0.0,0.0,0.0,0.0,0.0,0.0,0.0,0.0,1.0,0.0,0.0,0.0,9.0,4.0,0.0,0.0,0.0,0.0,0.0,0.0,0.0,0.0,5.0,12.0,1.0,12.2,5.0200000000000005,2.5,1.49,0.0,0.0,0.0,134.1,0.0,0.3,0.7000000000000001,1.1,-169.70000000000002,0.0,0.0,169.60000000000002,0.0,21.3,29.0,29.0,30.0,300.0,300.0,31.6,35.800000000000004,28.9,28.1,30.0,4.95,1.99,4.96,0.16,0.0,0.0,1027.0,8228.0,0.0,0.0,0.0,0.0,0.0,1.0,0.0,0.0,0.0,0.0,0.0,1.6,0.0,-0.8,0.0,0.0,16.0,25903.0
2026-07-30T19:02:27.800Z,317.283,317.298,0.0,7.4,0.0,0.0,0.0,0.0,0.0,0.0,0.0,0.0,1.0,0.0,0.0,0.0,9.0,4.0,0.0,0.0,0.0,0.0,0.0,0.0,0.0,0.0,6.0,12.0,1.0,12.2,5.0200000000000005,2.5,1.49,0.0,0.0,0.0,133.9,0.0,0.3,0.1,-0.6000000000000001,-169.70000000000002,0.0,0.0,169.70000000000002,0.0,21.3,29.0,29.0,30.0,300.0,300.0,31.6,35.800000000000004,28.9,28.1,30.0,4.95,2.0,4.96,0.16,0.0,0.0,1027.0,8228.0,0.0,0.0,0.0,0.0,0.0,1.0,0.0,0.0,0.0,0.0,0.0,-0.2,0.0,0.5,0.0,0.0001,16.0,25903.0
2026-07-30T19:02:27.812Z,317.295,317.31,0.0,7.4,0.0,0.0,0.0,0.0,0.0,0.0,0.0,0.0,1.0,0.0,0.0,0.0,9.0,4.0,0.0,0.0,0.0,0.0,0.0,0.0,0.0,0.0,2.0,12.0,1.0,12.15,5.0200000000000005,2.51,1.49,0.0,0.0,0.0,133.8,0.0,-0.1,0.8,0.5,-169.70000000000002,0.0,0.0,169.70000000000002,0.0,21.8,29.0,29.0,30.0,300.0,300.0,31.6,35.800000000000004,28.9,28.1,30.0,4.95,2.0,4.96,0.16,0.0,0.0,1027.0,8228.0,0.0,0.0,0.0,0.0,0.0,1.0,0.0,0.0,0.0,0.0,0.0,1.3,0.0,-0.3,0.0,0.0,16.0,25903.0
2026-07-30T19:02:27.824Z,317.307,317.322,0.0,7.4,0.0,0.0,0.0,0.0,0.0,0.0,0.0,0.0,1.0,0.0,0.0,0.0,9.0,4.0,0.0,0.0,0.0,0.0,0.0,0.0,0.0,0.0,2.0,12.0,1.0,12.15,5.0200000000000005,2.51,1.49,0.0,0.0,0.0,133.70000000000002,0.0,1.0,0.2,0.0,-169.70000000000002,0.0,0.0,169.70000000000002,0.0,21.8,29.0,29.0,30.0,300.0,300.0,31.6,35.800000000000004,28.9,28.1,30.0,4.96,1.99,4.97,0.16,0.0,0.0,1027.0,8228.0,0.0,0.0,0.0,0.0,0.0,1.0,0.0,0.0,0.0,0.0,0.0,0.2,0.0,0.0,0.0,0.0,16.0,25903.0
2026-07-30T19:02:27.836Z,317.319,317.334,0.0,7.4,0.0,0.0,0.0,0.0,0.0,0.0,0.0,0.0,1.0,0.0,0.0,0.0,9.0,4.0,0.0,0.0,0.0,0.0,0.0,0.0,0.0,0.0,3.0,12.0,1.0,12.15,5.0200000000000005,2.51,1.49,0.0,0.0,0.0,133.6,0.0,0.3,0.8,0.6000000000000001,-169.70000000000002,0.0,0.0,169.70000000000002,0.0,21.8,29.0,29.0,30.0,300.0,300.0,31.6,35.800000000000004,28.9,28.1,30.0,4.96,1.99,4.96,0.16,0.0,0.0,1027.0,8228.0,0.0,0.0,0.0,0.0,0.0,1.0,0.0,0.0,0.0,0.0,0.0,1.3,0.0,-0.3,0.0,0.0,16.0,25903.0
2026-07-30T19:02:27.848Z,317.331,317.346,0.0,7.4,0.0,0.0,0.0,0.0,0.0,0.0,0.0,0.0,1.0,0.0,0.0,0.0,9.0,4.0,0.0,0.0,0.0,0.0,0.0,0.0,0.0,0.0,4.0,12.0,1.0,12.15,5.0200000000000005,2.51,1.49,0.0,0.0,0.0,133.5,0.0,0.3,1.3,0.0,-169.70000000000002,0.0,0.0,169.70000000000002,0.0,21.8,29.0,29.0,30.0,300.0,300.0,31.6,35.800000000000004,28.9,28.1,30.0,4.95,1.99,4.96,0.16,0.0,0.0,1027.0,8228.0,0.0,0.0,0.0,0.0,0.0,1.0,0.0,0.0,0.0,0.0,0.0,1.5,0.0,0.2,0.0,0.0,16.0,25903.0
2026-07-30T19:02:27.860Z,317.343,317.358,0.0,7.4,0.0,0.0,0.0,0.0,0.0,0.0,0.0,0.0,1.0,0.0,0.0,0.0,9.0,4.0,0.0,0.0,0.0,0.0,0.0,0.0,0.0,0.0,5.0,12.0,1.0,12.15,5.0200000000000005,2.51,1.49,0.0,0.0,0.0,133.4,0.0,-0.8,0.2,0.0,-169.70000000000002,0.0,0.0,169.70000000000002,0.0,21.8,29.0,29.0,30.0,300.0,300.0,31.6,35.800000000000004,28.9,28.1,30.0,4.96,1.99,4.97,0.16,0.0,0.0,1027.0,8228.0,0.0,0.0,0.0,0.0,0.0,1.0,0.0,0.0,0.0,0.0,0.0,0.2,0.0,0.0,0.0,0.0,16.0,25903.0
2026-07-30T19:02:27.872Z,317.355,317.37,0.0,7.4,0.0,0.0,0.0,0.0,0.0,0.0,0.0,0.0,1.0,0.0,0.0,0.0,9.0,4.0,0.0,0.0,0.0,0.0,0.0,0.0,0.0,0.0,6.0,12.0,1.0,12.15,5.0200000000000005,2.51,1.49,0.0,0.0,0.0,133.20000000000002,0.0,-0.2,0.1,1.1,-169.70000000000002,0.0,0.0,169.70000000000002,0.0,21.8,29.0,29.0,30.0,300.0,300.0,31.6,35.800000000000004,28.9,28.1,30.0,4.96,1.99,4.96,0.16,0.0,0.0,1027.0,8228.0,0.0,0.0,0.0,0.0,0.0,1.0,0.0,0.0,0.0,0.0,0.0,1.0,0.0,-0.9,0.0,0.0,16.0,25903.0
2026-07-30T19:02:27.884Z,317.367,317.382,0.0,7.4,0.0,0.0,0.0,0.0,0.0,0.0,0.0,0.0,1.0,0.0,0.0,0.0,9.0,4.0,0.0,0.0,0.0,0.0,0.0,0.0,0.0,0.0,1.0,12.0,1.0,12.15,5.0200000000000005,2.51,1.49,0.0,0.0,0.0,133.1,0.0,0.3,0.1,-0.6000000000000001,-169.70000000000002,0.0,0.0,169.70000000000002,0.0,21.8,29.0,29.0,30.0,300.0,300.0,31.6,35.800000000000004,28.9,28.1,30.0,4.96,2.0,4.97,0.16,0.0,0.0,1027.0,8228.0,0.0,0.0,0.0,0.0,0.0,1.0,0.0,0.0,0.0,0.0,0.0,-0.2,0.0,0.5,0.0,0.0001,16.0,25903.0
2026-07-30T19:02:27.896Z,317.379,317.394,0.0,7.4,0.0,0.0,0.0,0.0,0.0,0.0,0.0,0.0,1.0,0.0,0.0,0.0,9.0,4.0,0.0,0.0,0.0,0.0,0.0,0.0,0.0,0.0,3.0,12.0,1.0,12.15,5.0200000000000005,2.51,1.49,0.0,0.1,0.0,133.1,0.0,0.3,-0.4,0.0,-169.70000000000002,0.0,0.0,169.70000000000002,0.0,21.8,29.0,29.0,30.0,300.0,300.0,31.6,35.800000000000004,28.9,28.1,30.0,4.95,1.99,4.97,0.16,0.0,0.0,1027.0,8228.0,0.0,0.0,0.0,0.0,0.0,1.0,0.0,0.0,0.0,0.0,0.0,-0.5,0.0,0.0,0.0,0.0,16.0,25903.0
2026-07-30T19:02:27.910Z,317.393,317.406,0.0,7.4,0.0,0.0,0.0,0.0,0.0,0.0,0.0,0.0,1.0,0.0,0.0,0.0,9.0,4.0,0.0,0.0,0.0,0.0,0.0,0.0,0.0,0.0,3.0,12.0,1.0,12.18,5.0200000000000005,2.51,1.5,0.0,0.0,0.0,132.9,0.0,-0.9,0.7000000000000001,0.0,-169.70000000000002,0.0,0.0,169.8,0.0,21.3,29.0,29.0,30.0,300.0,300.0,31.6,35.800000000000004,28.9,28.1,30.0,4.95,1.99,4.97,0.16,0.0,0.0,1027.0,8228.0,0.0,0.0,0.0,0.0,0.0,1.0,0.0,0.0,0.0,0.0,0.0,0.7000000000000001,0.0,0.2,0.0,0.0,16.0,25903.0
2026-07-30T19:02:27.920Z,317.403,317.418,0.0,7.4,0.0,0.0,0.0,0.0,0.0,0.0,0.0,0.0,1.0,0.0,0.0,0.0,9.0,4.0,0.0,0.0,0.0,0.0,0.0,0.0,0.0,0.0,4.0,12.0,1.0,12.18,5.0200000000000005,2.51,1.5,0.0,0.0,0.0,132.8,0.0,-0.3,-1.1,-0.6000000000000001,-169.70000000000002,0.0,0.0,169.8,0.0,21.3,29.0,29.0,30.0,300.0,300.0,31.6,35.800000000000004,28.9,28.1,30.0,4.96,1.99,4.96,0.16,0.0,0.0,1027.0,8228.0,0.0,0.0,0.0,0.0,0.0,1.0,0.0,0.0,0.0,0.0,0.0,0.2,0.0,-1.0,0.0,0.0001,16.0,25903.0
2026-07-30T19:02:27.932Z,317.415,317.43,0.0,7.4,0.0,0.0,0.0,0.0,0.0,0.0,0.0,0.0,1.0,0.0,0.0,0.0,9.0,4.0,0.0,0.0,0.0,0.0,0.0,0.0,0.0,0.0,6.0,12.0,1.0,12.18,5.0200000000000005,2.51,1.5,0.0,0.0,0.0,132.8,0.0,0.2,1.3,1.0,-169.70000000000002,0.0,0.0,169.70000000000002,0.0,21.3,29.0,29.0,30.0,300.0,300.0,31.6,35.800000000000004,28.9,28.1,30.0,4.96,1.99,4.97,0.16,0.0,0.0,1027.0,8228.0,0.0,0.0,0.0,0.0,0.0,1.0,0.0,0.0,0.0,0.0,0.0,0.9,0.0,-0.9,0.0,0.0,16.0,25903.0
2026-07-30T19:02:27.944Z,317.427,317.442,0.0,7.4,0.0,0.0,0.0,0.0,0.0,0.0,0.0,0.0,1.0,0.0,0.0,0.0,9.0,4.0,0.0,0.0,0.0,0.0,0.0,0.0,0.0,0.0,1.0,12.0,1.0,12.18,5.0200000000000005,2.51,1.5,0.0,0.0,0.0,132.6,0.0,-0.3,0.0,-1.4,-169.70000000000002,0.0,0.0,169.8,0.0,21.3,29.0,29.0,30.0,300.0,300.0,31.6,35.800000000000004,28.9,28.1,30.0,4.95,1.99,4.97,0.16,0.0,0.0,1027.0,8228.0,0.0,0.0,0.0,0.0,0.0,1.0,0.0,0.0,0.0,0.0,0.0,-1.2000000000000002,0.0,0.6000000000000001,0.0,0.0,16.0,25903.0
2026-07-30T19:02:27.956Z,317.439,317.454,0.0,7.4,0.0,0.0,0.0,0.0,0.0,0.0,0.0,0.0,1.0,0.0,0.0,0.0,9.0,4.0,0.0,0.0,0.0,0.0,0.0,0.0,0.0,0.0,3.0,12.0,1.0,12.18,5.0200000000000005,2.51,1.5,0.0,0.1,0.0,132.5,0.0,0.2,-1.1,-0.2,-169.70000000000002,0.0,0.0,169.8,0.0,21.3,29.0,29.0,30.0,300.0,300.0,31.6,35.800000000000004,28.9,28.1,30.0,4.96,1.99,4.96,0.16,0.0,0.0,1027.0,8228.0,0.0,0.0,0.0,0.0,0.0,1.0,0.0,0.0,0.0,0.0,0.0,-1.4,0.0,0.0,0.0,0.0001,16.0,25903.0
2026-07-30T19:02:27.968Z,317.451,317.466,0.0,7.4,0.0,0.0,0.0,0.0,0.0,0.0,0.0,0.0,1.0,0.0,0.0,0.0,9.0,4.0,0.0,0.0,0.0,0.0,0.0,0.0,0.0,0.0,4.0,12.0,1.0,12.18,5.0200000000000005,2.51,1.5,0.0,0.0,0.0,132.4,0.0,0.8,-1.1,-0.8,-169.70000000000002,0.0,0.0,169.8,0.0,21.3,29.0,29.0,30.0,300.0,300.0,31.6,35.800000000000004,28.9,28.1,30.0,4.95,2.0,4.97,0.16,0.0,0.0,1027.0,8228.0,0.0,0.0,0.0,0.0,0.0,1.0,0.0,0.0,0.0,0.0,0.0,-1.9,0.0,0.5,0.0,0.0,16.0,25903.0
2026-07-30T19:02:27.980Z,317.463,317.478,0.0,7.4,0.0,0.0,0.0,0.0,0.0,0.0,0.0,0.0,1.0,0.0,0.0,0.0,9.0,4.0,0.0,0.0,0.0,0.0,0.0,0.0,0.0,0.0,4.0,12.0,1.0,12.18,5.0200000000000005,2.51,1.5,0.0,0.1,0.0,132.3,0.0,0.2,1.2000000000000002,0.9,-169.70000000000002,0.0,0.0,169.8,0.0,21.3,29.0,29.0,30.0,300.0,300.0,31.6,35.800000000000004,28.9,28.1,30.0,4.95,1.99,4.97,0.16,0.0,0.0,1027.0,8228.0,0.0,0.0,0.0,0.0,0.0,1.0,0.0,0.0,0.0,0.0,0.0,2.1,0.0,-0.5,0.0,0.0,16.0,25903.0
2026-07-30T19:02:27.992Z,317.475,317.49,0.0,7.4,0.0,0.0,0.0,0.0,0.0,0.0,0.0,0.0,1.0,0.0,0.0,0.0,9.0,4.0,0.0,0.0,0.0,0.0,0.0,0.0,0.0,0.0,5.0,12.0,1.0,12.18,5.0200000000000005,2.51,1.5,0.0,0.0,0.0,132.20000000000002,0.0,0.2,0.6000000000000001,0.9,-169.70000000000002,0.0,0.0,169.8,0.0,21.3,29.0,29.0,30.0,300.0,300.0,31.6,35.800000000000004,28.9,28.1,30.0,4.96,1.99,4.97,0.16,0.0,0.0,1027.0,8228.0,0.0,0.0,0.0,0.0,0.0,1.0,0.0,0.0,0.0,0.0,0.0,1.4,0.0,-0.7000000000000001,0.0,0.0,16.0,25903.0
2026-07-30T19:02:28.004Z,317.487,317.502,0.0,7.4,0.0,0.0,0.0,0.0,0.0,0.0,0.0,0.0,1.0,0.0,0.0,0.0,9.0,4.0,0.0,0.0,0.0,0.0,0.0,0.0,0.0,0.0,1.0,12.0,1.0,12.18,5.0200000000000005,2.51,1.5,0.0,0.0,0.0,132.1,0.0,-0.9,-0.5,0.9,-169.70000000000002,0.0,0.0,169.8,0.0,21.3,29.0,29.0,30.0,300.0,300.0,31.6,35.800000000000004,28.9,28.1,30.0,4.96,1.99,4.96,0.16,0.0,0.0,1027.0,8228.0,0.0,0.0,0.0,0.0,0.0,1.0,0.0,0.0,0.0,0.0,0.0,0.1,0.0,-0.9,0.0,0.0,16.0,25903.0
2026-07-30T19:02:28.016Z,317.499,317.514,0.0,7.4,0.0,0.0,0.0,0.0,0.0,0.0,0.0,0.0,1.0,0.0,0.0,0.0,9.0,4.0,0.0,0.0,0.0,0.0,0.0,0.0,0.0,0.0,2.0,12.0,1.0,12.14,5.01,2.5,1.49,0.0,0.0,0.0,132.0,0.0,0.8,-1.1,0.3,-169.70000000000002,0.0,0.0,169.8,0.0,21.3,29.0,29.0,30.0,300.0,300.0,31.700000000000003,35.800000000000004,29.0,28.200000000000003,30.0,4.95,1.99,4.97,0.16,0.0,0.0,1027.0,8228.0,0.0,0.0,0.0,0.0,0.0,1.0,0.0,0.0,0.0,0.0,0.0,-1.0,0.0,-0.5,0.0,0.0,16.0,25903.0
2026-07-30T19:02:28.029Z,317.512,317.526,0.0,7.4,0.0,0.0,0.0,0.0,0.0,0.0,0.0,0.0,1.0,0.0,0.0,0.0,9.0,4.0,0.0,0.0,0.0,0.0,0.0,0.0,0.0,0.0,3.0,12.0,1.0,12.14,5.01,2.5,1.49,0.0,0.0,0.0,131.8,0.0,-0.3,0.5,0.3,-169.70000000000002,0.0,0.0,169.8,0.0,21.3,29.0,29.0,30.0,300.0,300.0,31.700000000000003,35.800000000000004,29.0,28.200000000000003,30.0,4.95,1.99,4.96,0.16,0.0,0.0,1027.0,8228.0,0.0,0.0,0.0,0.0,0.0,1.0,0.0,0.0,0.0,0.0,0.0,0.9,0.0,-0.2,0.0,0.0,16.0,25903.0
2026-07-30T19:02:28.040Z,317.523,317.538,0.0,7.4,0.0,0.0,0.0,0.0,0.0,0.0,0.0,0.0,1.0,0.0,0.0,0.0,9.0,4.0,0.0,0.0,0.0,0.0,0.0,0.0,0.0,0.0,4.0,12.0,1.0,12.14,5.01,2.5,1.49,0.0,0.0,0.0,131.70000000000002,0.0,-0.3,0.5,0.9,-169.70000000000002,0.0,0.0,169.8,0.0,21.3,29.0,29.0,30.0,300.0,300.0,31.700000000000003,35.800000000000004,29.0,28.200000000000003,30.0,4.96,2.0,4.96,0.16,0.0,0.0,1027.0,8228.0,0.0,0.0,0.0,0.0,0.0,1.0,0.0,0.0,0.0,0.0,0.0,1.4,0.0,-0.7000000000000001,0.0,0.0,16.0,25903.0
2026-07-30T19:02:28.052Z,317.535,317.55,0.0,7.4,0.0,0.0,0.0,0.0,0.0,0.0,0.0,0.0,1.0,0.0,0.0,0.0,9.0,4.0,0.0,0.0,0.0,0.0,0.0,0.0,0.0,0.0,5.0,12.0,1.0,12.14,5.01,2.5,1.49,0.0,0.1,0.0,131.70000000000002,0.0,-0.3,-0.5,-1.9,-169.70000000000002,0.0,0.0,169.8,0.0,21.3,29.0,29.0,30.0,300.0,300.0,31.700000000000003,35.800000000000004,29.0,28.200000000000003,30.0,4.95,2.0,4.97,0.16,0.0,0.0,1027.0,8228.0,0.0,0.0,0.0,0.0,0.0,1.0,0.0,0.0,0.0,0.0,0.0,-2.1,0.0,1.5,0.0,0.0,16.0,25903.0
2026-07-30T19:02:28.064Z,317.547,317.562,0.0,7.4,0.0,0.0,0.0,0.0,0.0,0.0,0.0,0.0,1.0,0.0,0.0,0.0,9.0,4.0,0.0,0.0,0.0,0.0,0.0,0.0,0.0,0.0,6.0,12.0,1.0,12.14,5.01,2.5,1.49,0.0,0.0,0.0,131.6,0.0,0.2,-0.5,-0.8,-169.70000000000002,0.0,0.0,169.8,0.0,21.3,29.0,29.0,30.0,300.0,300.0,31.700000000000003,35.800000000000004,29.0,28.200000000000003,30.0,4.95,1.99,4.96,0.16,0.0,0.0,1027.0,8228.0,0.0,0.0,0.0,0.0,0.0,1.0,0.0,0.0,0.0,0.0,0.0,-1.2000000000000002,0.0,0.5,0.0,0.0,16.0,25903.0
2026-07-30T19:02:28.077Z,317.56,317.574,0.0,7.4,0.0,0.0,0.0,0.0,0.0,0.0,0.0,0.0,1.0,0.0,0.0,0.0,9.0,4.0,0.0,0.0,0.0,0.0,0.0,0.0,0.0,0.0,1.0,12.0,1.0,12.14,5.01,2.5,1.49,0.0,0.0,0.0,131.5,0.0,0.2,0.6000000000000001,-1.3,-169.70000000000002,0.0,0.0,169.70000000000002,0.0,21.3,29.0,29.0,30.0,300.0,300.0,31.700000000000003,35.800000000000004,29.0,28.200000000000003,30.0,4.95,1.99,4.96,0.16,0.0,0.0,1027.0,8228.0,0.0,0.0,0.0,0.0,0.0,1.0,0.0,0.0,0.0,0.0,0.0,-0.2,0.0,1.3,0.0,0.0,16.0,25903.0
2026-07-30T19:02:28.089Z,317.572,317.586,0.0,7.4,0.0,0.0,0.0,0.0,0.0,0.0,0.0,0.0,1.0,0.0,0.0,0.0,9.0,4.0,0.0,0.0,0.0,0.0,0.0,0.0,0.0,0.0,2.0,12.0,1.0,12.14,5.01,2.5,1.49,0.0,0.0,0.0,131.4,0.0,-0.3,-1.1,-1.3,-169.70000000000002,0.0,0.0,169.8,0.0,21.3,29.0,29.0,30.0,300.0,300.0,31.700000000000003,35.800000000000004,29.0,28.200000000000003,30.0,4.96,1.99,4.96,0.16,0.0,0.0,1027.0,8228.0,0.0,0.0,0.0,0.0,0.0,1.0,0.0,0.0,0.0,0.0,0.0,-2.2,0.0,0.9,0.0,0.0,16.0,25903.0
2026-07-30T19:02:28.100Z,317.583,317.598,0.0,7.4,0.0,0.0,0.0,0.0,0.0,0.0,0.0,0.0,1.0,0.0,0.0,0.0,9.0,4.0,0.0,0.0,0.0,0.0,0.0,0.0,0.0,0.0,3.0,12.0,1.0,12.14,5.01,2.5,1.49,0.0,0.0,0.0,131.20000000000002,0.0,0.2,-0.5,0.4,-169.70000000000002,0.0,0.0,169.8,0.0,21.3,29.0,29.0,30.0,300.0,300.0,31.700000000000003,35.800000000000004,29.0,28.200000000000003,30.0,4.95,1.99,4.97,0.16,0.0,0.0,1027.0,8228.0,0.0,0.0,0.0,0.0,0.0,1.0,0.0,0.0,0.0,0.0,0.0,-0.3,0.0,-0.4,0.0,0.0,16.0,25903.0
2026-07-30T19:02:28.113Z,317.596,317.61,0.0,7.4,0.0,0.0,0.0,0.0,0.0,0.0,0.0,0.0,1.0,0.0,0.0,0.0,9.0,4.0,0.0,0.0,0.0,0.0,0.0,0.0,0.0,0.0,5.0,12.0,1.0,12.15,5.0200000000000005,2.5,1.49,0.0,0.0,0.0,131.1,0.0,0.2,0.0,1.0,-169.70000000000002,0.0,0.0,169.8,0.0,21.700000000000003,29.0,29.0,30.0,300.0,300.0,31.6,35.7,29.0,28.200000000000003,30.0,4.96,1.99,4.97,0.16,0.0,0.0,1027.0,8228.0,0.0,0.0,0.0,0.0,0.0,1.0,0.0,0.0,0.0,0.0,0.0,0.8,0.0,-0.8,0.0,0.0,16.0,25903.0
2026-07-30T19:02:28.124Z,317.607,317.622,0.0,7.4,0.0,0.0,0.0,0.0,0.0,0.0,0.0,0.0,1.0,0.0,0.0,0.0,9.0,4.0,0.0,0.0,0.0,0.0,0.0,0.0,0.0,0.0,6.0,12.0,1.0,12.15,5.0200000000000005,2.5,1.49,0.0,0.1,0.0,131.0,0.0,-1.5,-1.0,-0.1,-169.70000000000002,0.0,0.0,169.8,0.0,21.700000000000003,29.0,29.0,30.0,300.0,300.0,31.6,35.7,29.0,28.200000000000003,30.0,4.96,2.0,4.96,0.16,0.0,0.0,1027.0,8228.0,0.0,0.0,0.0,0.0,0.0,1.0,0.0,0.0,0.0,0.0,0.0,-1.3,0.0,0.0,0.0,0.0,16.0,25903.0
2026-07-30T19:02:28.136Z,317.619,317.634,0.0,7.4,0.0,0.0,0.0,0.0,0.0,0.0,0.0,0.0,1.0,0.0,0.0,0.0,9.0,4.0,0.0,0.0,0.0,0.0,0.0,0.0,0.0,0.0,1.0,12.0,1.0,12.15,5.0200000000000005,2.5,1.49,0.0,0.0,0.0,130.9,0.0,-0.3,0.6000000000000001,-0.1,-169.70000000000002,0.0,0.0,169.8,0.0,21.700000000000003,29.0,29.0,30.0,300.0,300.0,31.6,35.7,29.0,28.200000000000003,30.0,4.95,1.99,4.96,0.16,0.0,0.0,1027.0,8228.0,0.0,0.0,0.0,0.0,0.0,1.0,0.0,0.0,0.0,0.0,0.0,0.6000000000000001,0.0,0.2,0.0,0.0,16.0,25903.0
2026-07-30T19:02:28.148Z,317.631,317.646,0.0,7.4,0.0,0.0,0.0,0.0,0.0,0.0,0.0,0.0,1.0,0.0,0.0,0.0,9.0,4.0,0.0,0.0,0.0,0.0,0.0,0.0,0.0,0.0,2.0,12.0,1.0,12.15,5.0200000000000005,2.5,1.49,0.0,0.0,0.0,130.8,0.0,-0.4,0.1,1.0,-169.70000000000002,0.0,0.0,169.8,0.0,21.700000000000003,29.0,29.0,30.0,300.0,300.0,31.6,35.7,29.0,28.200000000000003,30.0,4.95,1.99,4.97,0.16,0.0,0.0,1027.0,8228.0,0.0,0.0,0.0,0.0,0.0,1.0,0.0,0.0,0.0,0.0,0.0,0.8,0.0,-0.8,0.0,0.0,16.0,25903.0
2026-07-30T19:02:28.161Z,317.644,317.658,0.0,7.4,0.0,0.0,0.0,0.0,0.0,0.0,0.0,0.0,1.0,0.0,0.0,0.0,9.0,4.0,0.0,0.0,0.0,0.0,0.0,0.0,0.0,0.0,3.0,12.0,1.0,12.15,5.0200000000000005,2.5,1.49,0.0,0.0,0.0,130.70000000000002,0.0,0.1,-0.4,0.4,-169.70000000000002,0.0,0.0,169.8,0.0,21.700000000000003,29.0,29.0,30.0,300.0,300.0,31.6,35.7,29.0,28.200000000000003,30.0,4.96,1.99,4.96,0.16,0.0,0.0,1027.0,8228.0,0.0,0.0,0.0,0.0,0.0,1.0,0.0,0.0,0.0,0.0,0.0,-0.2,0.0,-0.5,0.0,0.0,16.0,25903.0
2026-07-30T19:02:28.172Z,317.655,317.67,0.0,7.4,0.0,0.0,0.0,0.0,0.0,0.0,0.0,0.0,1.0,0.0,0.0,0.0,9.0,4.0,0.0,0.0,0.0,0.0,0.0,0.0,0.0,0.0,4.0,12.0,1.0,12.15,5.0200000000000005,2.5,1.49,0.0,0.0,0.0,130.6,0.0,-0.9,0.0,-0.7000000000000001,-169.70000000000002,0.0,0.0,169.8,0.0,21.700000000000003,29.0,29.0,30.0,300.0,300.0,31.6,35.7,29.0,28.200000000000003,30.0,4.96,1.99,4.97,0.16,0.0,0.0,1027.0,8228.0,0.0,0.0,0.0,0.0,0.0,1.0,0.0,0.0,0.0,0.0,0.0,-0.4,0.0,0.6000000000000001,0.0,0.0,16.0,25903.0
2026-07-30T19:02:28.184Z,317.667,317.682,0.0,7.4,0.0,0.0,0.0,0.0,0.0,0.0,0.0,0.0,1.0,0.0,0.0,0.0,9.0,4.0,0.0,0.0,0.0,0.0,0.0,0.0,0.0,0.0,6.0,12.0,1.0,12.15,5.0200000000000005,2.5,1.49,0.0,0.0,0.0,130.70000000000002,0.0,0.7000000000000001,-1.0,-0.7000000000000001,-169.70000000000002,0.0,0.0,169.8,0.0,21.700000000000003,29.0,29.0,30.0,300.0,300.0,31.6,35.7,29.0,28.200000000000003,30.0,4.95,2.0,4.97,0.16,0.0,0.0,1027.0,8228.0,0.0,0.0,0.0,0.0,0.0,1.0,0.0,0.0,0.0,0.0,0.0,-1.7000000000000002,0.0,0.4,0.0,0.0,16.0,25903.0
2026-07-30T19:02:28.196Z,317.679,317.694,0.0,7.4,0.0,0.0,0.0,0.0,0.0,0.0,0.0,0.0,1.0,0.0,0.0,0.0,9.0,4.0,0.0,0.0,0.0,0.0,0.0,0.0,0.0,0.0,1.0,12.0,1.0,12.15,5.0200000000000005,2.5,1.49,0.0,0.0,0.0,130.9,0.0,0.7000000000000001,-0.4,-0.7000000000000001,-169.70000000000002,0.0,0.0,169.70000000000002,0.0,21.700000000000003,29.0,29.0,30.0,300.0,300.0,31.6,35.7,29.0,28.200000000000003,30.0,4.95,2.0,4.97,0.16,0.0,0.0,1027.0,8228.0,0.0,0.0,0.0,0.0,0.0,1.0,0.0,0.0,0.0,0.0,0.0,-1.0,0.0,0.5,0.0,0.0,16.0,25903.0
2026-07-30T19:02:28.208Z,317.691,317.706,0.0,7.4,0.0,0.0,0.0,0.0,0.0,0.0,0.0,0.0,1.0,0.0,0.0,0.0,9.0,4.0,0.0,0.0,0.0,0.0,0.0,0.0,0.0,0.0,1.0,12.0,1.0,12.15,5.0200000000000005,2.5,1.49,0.0,0.0,0.0,131.1,0.0,-0.3,-1.6,0.4,-169.70000000000002,0.0,0.0,169.8,0.0,21.700000000000003,29.0,29.0,30.0,300.0,300.0,31.6,35.7,29.0,28.200000000000003,30.0,4.96,1.99,4.96,0.16,0.0,0.0,1027.0,8228.0,0.0,0.0,0.0,0.0,0.0,1.0,0.0,0.0,0.0,0.0,0.0,-1.5,0.0,-0.6000000000000001,0.0,0.0,16.0,25903.0
2026-07-30T19:02:28.220Z,317.703,317.718,0.0,7.4,0.0,0.0,0.0,0.0,0.0,0.0,0.0,0.0,1.0,0.0,0.0,0.0,9.0,4.0,0.0,0.0,0.0,0.0,0.0,0.0,0.0,0.0,3.0,12.0,1.0,12.15,5.0200000000000005,2.51,1.49,0.0,0.0,0.0,131.3,0.0,-0.4,1.3,-0.1,-169.70000000000002,0.0,0.0,169.70000000000002,0.0,21.700000000000003,29.0,29.0,30.0,300.0,300.0,31.700000000000003,35.800000000000004,29.0,28.200000000000003,30.0,4.96,1.99,4.97,0.16,0.0,0.0,1027.0,8228.0,0.0,0.0,0.0,0.0,0.0,1.0,0.0,0.0,0.0,0.0,0.0,1.3,0.0,0.3,0.0,0.0,16.0,25903.0
2026-07-30T19:02:28.232Z,317.715,317.73,0.0,7.4,0.0,0.0,0.0,0.0,0.0,0.0,0.0,0.0,1.0,0.0,0.0,0.0,9.0,4.0,0.0,0.0,0.0,0.0,0.0,0.0,0.0,0.0,4.0,12.0,1.0,12.15,5.0200000000000005,2.51,1.49,0.0,0.0,0.0,131.5,0.0,-0.4,1.3,-0.1,-169.70000000000002,0.0,0.0,169.8,0.0,21.700000000000003,29.0,29.0,30.0,300.0,300.0,31.700000000000003,35.800000000000004,29.0,28.200000000000003,30.0,4.95,2.0,4.97,0.16,0.0,0.0,1027.0,8228.0,0.0,0.0,0.0,0.0,0.0,1.0,0.0,0.0,0.0,0.0,0.0,1.3,0.0,0.3,0.0,0.0,16.0,25903.0
2026-07-30T19:02:28.244Z,317.727,317.742,0.0,7.4,0.0,0.0,0.0,0.0,0.0,0.0,0.0,0.0,1.0,0.0,0.0,0.0,9.0,4.0,0.0,0.0,0.0,0.0,0.0,0.0,0.0,0.0,5.0,12.0,1.0,12.15,5.0200000000000005,2.51,1.49,0.0,0.0,0.0,131.6,0.0,0.7000000000000001,0.7000000000000001,0.5,-169.70000000000002,0.0,0.0,169.8,0.0,21.700000000000003,29.0,29.0,30.0,300.0,300.0,31.700000000000003,35.800000000000004,29.0,28.200000000000003,30.0,4.95,2.0,4.96,0.16,0.0,0.0,1027.0,8228.0,0.0,0.0,0.0,0.0,0.0,1.0,0.0,0.0,0.0,0.0,0.0,1.2000000000000002,0.0,-0.2,0.0,0.0001,16.0,25903.0
2026-07-30T19:02:28.256Z,317.739,317.754,0.0,7.4,0.0,0.0,0.0,0.0,0.0,0.0,0.0,0.0,1.0,0.0,0.0,0.0,9.0,4.0,0.0,0.0,0.0,0.0,0.0,0.0,0.0,0.0,1.0,12.0,1.0,12.15,5.0200000000000005,2.51,1.49,0.0,0.0,0.0,131.8,0.0,-0.3,-0.4,1.6,-169.70000000000002,0.0,0.0,169.8,0.0,21.700000000000003,29.0,29.0,30.0,300.0,300.0,31.700000000000003,35.800000000000004,29.0,28.200000000000003,30.0,4.95,1.99,4.97,0.16,0.0,0.0,1027.0,8228.0,0.0,0.0,0.0,0.0,0.0,1.0,0.0,0.0,0.0,0.0,0.0,0.7000000000000001,0.0,-1.5,0.0,0.0,16.0,25903.0
2026-07-30T19:02:28.268Z,317.751,317.766,0.0,7.4,0.0,0.0,0.0,0.0,0.0,0.0,0.0,0.0,1.0,0.0,0.0,0.0,9.0,4.0,0.0,0.0,0.0,0.0,0.0,0.0,0.0,0.0,2.0,12.0,1.0,12.15,5.0200000000000005,2.51,1.49,0.0,0.1,0.0,132.0,0.0,-0.3,-0.4,-0.6000000000000001,-169.70000000000002,0.0,0.0,169.8,0.0,21.700000000000003,29.0,29.0,30.0,300.0,300.0,31.700000000000003,35.800000000000004,29.0,28.200000000000003,30.0,4.95,1.99,4.97,0.16,0.0,0.0,1027.0,8228.0,0.0,0.0,0.0,0.0,0.0,1.0,0.0,0.0,0.0,0.0,0.0,-0.9,0.0,0.4,0.0,0.0,16.0,25903.0
2026-07-30T19:02:28.280Z,317.763,317.778,0.0,7.4,0.0,0.0,0.0,0.0,0.0,0.0,0.0,0.0,1.0,0.0,0.0,0.0,9.0,4.0,0.0,0.0,0.0,0.0,0.0,0.0,0.0,0.0,4.0,12.0,1.0,12.15,5.0200000000000005,2.51,1.49,0.0,0.0,0.0,132.20000000000002,0.0,-0.8,1.3,1.0,-169.70000000000002,0.0,0.0,169.70000000000002,0.0,21.700000000000003,29.0,29.0,30.0,300.0,300.0,31.700000000000003,35.800000000000004,29.0,28.200000000000003,30.0,4.96,1.99,4.97,0.16,0.0,0.0,1027.0,8228.0,0.0,0.0,0.0,0.0,0.0,1.0,0.0,0.0,0.0,0.0,0.0,2.3000000000000003,0.0,-0.6000000000000001,0.0,0.0,16.0,25903.0
2026-07-30T19:02:28.292Z,317.775,317.79,0.0,7.4,0.0,0.0,0.0,0.0,0.0,0.0,0.0,0.0,1.0,0.0,0.0,0.0,9.0,4.0,0.0,0.0,0.0,0.0,0.0,0.0,0.0,0.0,5.0,12.0,1.0,12.15,5.0200000000000005,2.51,1.49,0.0,0.1,0.0,132.4,0.0,-0.8,-0.4,-0.6000000000000001,-169.70000000000002,0.0,0.0,169.8,0.0,21.700000000000003,29.0,29.0,30.0,300.0,300.0,31.700000000000003,35.800000000000004,29.0,28.200000000000003,30.0,4.96,1.99,4.97,0.16,0.0,0.0,1027.0,8228.0,0.0,0.0,0.0,0.0,0.0,1.0,0.0,0.0,0.0,0.0,0.0,-0.9,0.0,0.4,0.0,0.0,16.0,25903.0
2026-07-30T19:02:28.304Z,317.787,317.802,0.0,7.4,0.0,0.0,0.0,0.0,0.0,0.0,0.0,0.0,1.0,0.0,0.0,0.0,9.0,4.0,0.0,0.0,0.0,0.0,0.0,0.0,0.0,0.0,1.0,12.0,1.0,12.15,5.0200000000000005,2.51,1.49,0.0,0.1,0.0,132.6,0.0,-0.3,0.1,1.6,-169.70000000000002,0.0,0.0,169.70000000000002,0.0,21.700000000000003,29.0,29.0,30.0,300.0,300.0,31.700000000000003,35.800000000000004,29.0,28.200000000000003,30.0,4.96,1.99,4.97,0.16,0.0,0.0,1027.0,8228.0,0.0,0.0,0.0,0.0,0.0,1.0,0.0,0.0,0.0,0.0,0.0,1.4,0.0,-1.4,0.0,0.0,16.0,25903.0
2026-07-30T19:02:28.317Z,317.8,317.814,0.0,7.4,0.0,0.0,0.0,0.0,0.0,0.0,0.0,0.0,1.0,0.0,0.0,0.0,9.0,4.0,0.0,0.0,0.0,0.0,0.0,0.0,0.0,0.0,2.0,12.0,1.0,12.18,5.01,2.51,1.49,0.0,0.0,0.0,132.8,0.0,-0.2,0.1,-1.2000000000000002,-169.70000000000002,0.0,0.0,169.70000000000002,0.0,21.700000000000003,29.0,29.0,30.0,300.0,300.0,31.5,35.800000000000004,29.0,28.200000000000003,30.0,4.96,1.99,4.96,0.16,0.0,0.0,1027.0,8228.0,0.0,0.0,0.0,0.0,0.0,1.0,0.0,0.0,0.0,0.0,0.0,-0.7000000000000001,0.0,1.1,0.0,0.0,16.0,25903.0
2026-07-30T19:02:28.328Z,317.811,317.826,0.0,7.4,0.0,0.0,0.0,0.0,0.0,0.0,0.0,0.0,1.0,0.0,0.0,0.0,9.0,4.0,0.0,0.0,0.0,0.0,0.0,0.0,0.0,0.0,4.0,12.0,1.0,12.18,5.01,2.51,1.49,0.0,0.0,0.0,133.0,0.0,-0.2,0.2,-0.6000000000000001,-169.70000000000002,0.0,0.0,169.70000000000002,0.0,21.700000000000003,29.0,29.0,30.0,300.0,300.0,31.5,35.800000000000004,29.0,28.200000000000003,30.0,4.96,1.99,4.96,0.16,0.0,0.0,1027.0,8228.0,0.0,0.0,0.0,0.0,0.0,1.0,0.0,0.0,0.0,0.0,0.0,-0.2,0.0,0.5,0.0,0.0,16.0,25903.0
2026-07-30T19:02:28.340Z,317.823,317.838,0.0,7.4,0.0,0.0,0.0,0.0,0.0,0.0,0.0,0.0,1.0,0.0,0.0,0.0,9.0,4.0,0.0,0.0,0.0,0.0,0.0,0.0,0.0,0.0,5.0,12.0,1.0,12.18,5.01,2.51,1.49,0.0,0.0,0.0,133.1,0.0,0.2,-0.9,0.0,-169.70000000000002,0.0,0.0,169.8,0.0,21.700000000000003,29.0,29.0,30.0,300.0,300.0,31.5,35.800000000000004,29.0,28.200000000000003,30.0,4.96,1.99,4.97,0.16,0.0,0.0,1027.0,8228.0,0.0,0.0,0.0,0.0,0.0,1.0,0.0,0.0,0.0,0.0,0.0,-1.1,0.0,-0.1,0.0,0.0,16.0,25903.0
2026-07-30T19:02:28.352Z,317.835,317.85,0.0,7.4,0.0,0.0,0.0,0.0,0.0,0.0,0.0,0.0,1.0,0.0,0.0,0.0,9.0,4.0,0.0,0.0,0.0,0.0,0.0,0.0,0.0,0.0,1.0,12.0,1.0,12.18,5.01,2.51,1.49,0.0,0.0,0.0,133.3,0.0,0.2,-0.3,0.4,-169.70000000000002,0.0,0.0,169.8,0.0,21.700000000000003,29.0,29.0,30.0,300.0,300.0,31.5,35.800000000000004,29.0,28.200000000000003,30.0,4.96,1.99,4.97,0.16,0.0,0.0,1027.0,8228.0,0.0,0.0,0.0,0.0,0.0,1.0,0.0,0.0,0.0,0.0,0.0,0.0,0.0,-0.5,0.0,0.0001,16.0,25903.0
2026-07-30T19:02:28.364Z,317.847,317.862,0.0,7.4,0.0,0.0,0.0,0.0,0.0,0.0,0.0,0.0,1.0,0.0,0.0,0.0,9.0,4.0,0.0,0.0,0.0,0.0,0.0,0.0,0.0,0.0,2.0,12.0,1.0,12.18,5.01,2.51,1.49,0.0,0.0,0.0,133.5,0.0,-0.3,1.3,0.5,-169.70000000000002,0.0,0.0,169.70000000000002,0.0,21.700000000000003,29.0,29.0,30.0,300.0,300.0,31.5,35.800000000000004,29.0,28.200000000000003,30.0,4.96,2.0,4.97,0.16,0.0,0.0,1027.0,8228.0,0.0,0.0,0.0,0.0,0.0,1.0,0.0,0.0,0.0,0.0,0.0,1.9,0.0,-0.1,0.0,0.0,16.0,25903.0
2026-07-30T19:02:28.376Z,317.859,317.874,0.0,7.4,0.0,0.0,0.0,0.0,0.0,0.0,0.0,0.0,1.0,0.0,0.0,0.0,9.0,4.0,0.0,0.0,0.0,0.0,0.0,0.0,0.0,0.0,3.0,12.0,1.0,12.18,5.01,2.51,1.49,0.0,0.0,0.0,133.6,0.0,-0.9,-0.9,-0.6000000000000001,-169.70000000000002,0.0,0.0,169.8,0.0,21.700000000000003,29.0,29.0,30.0,300.0,300.0,31.5,35.800000000000004,29.0,28.200000000000003,30.0,4.95,1.99,4.97,0.15,0.0,0.0,1027.0,8228.0,0.0,0.0,0.0,0.0,0.0,1.0,0.0,0.0,0.0,0.0,0.0,-1.6,0.0,0.3,0.0,0.0,16.0,25903.0
2026-07-30T19:02:28.388Z,317.871,317.886,0.0,7.4,0.0,0.0,0.0,0.0,0.0,0.0,0.0,0.0,1.0,0.0,0.0,0.0,9.0,4.0,0.0,0.0,0.0,0.0,0.0,0.0,0.0,0.0,4.0,12.0,1.0,12.18,5.01,2.51,1.49,0.0,0.0,0.0,133.8,0.0,1.4,0.1,0.5,-169.70000000000002,0.0,0.0,169.8,0.0,21.700000000000003,29.0,29.0,30.0,300.0,300.0,31.5,35.800000000000004,29.0,28.200000000000003,30.0,4.95,1.99,4.97,0.16,0.0,0.0,1027.0,8228.0,0.0,0.0,0.0,0.0,0.0,1.0,0.0,0.0,0.0,0.0,0.0,0.6000000000000001,0.0,-0.4,0.0,0.0,16.0,25903.0
2026-07-30T19:02:28.400Z,317.883,317.898,0.0,7.4,0.0,0.0,0.0,0.0,0.0,0.0,0.0,0.0,1.0,0.0,0.0,0.0,9.0,4.0,0.0,0.0,0.0,0.0,0.0,0.0,0.0,0.0,5.0,12.0,1.0,12.18,5.01,2.51,1.49,0.0,0.0,0.0,134.0,0.0,-0.9,0.1,-1.2000000000000002,-169.70000000000002,0.0,0.0,169.8,0.0,21.700000000000003,29.0,29.0,30.0,300.0,300.0,31.5,35.800000000000004,29.0,28.200000000000003,30.0,4.96,1.99,4.96,0.16,0.0,0.0,1027.0,8228.0,0.0,0.0,0.0,0.0,0.0,1.0,0.0,0.0,0.0,0.0,0.0,-0.7000000000000001,0.0,1.0,0.0,0.0,16.0,25903.0
2026-07-30T19:02:28.412Z,317.895,317.91,0.0,7.4,0.0,0.0,0.0,0.0,0.0,0.0,0.0,0.0,1.0,0.0,0.0,0.0,9.0,4.0,0.0,0.0,0.0,0.0,0.0,0.0,0.0,0.0,6.0,12.0,1.0,12.18,5.01,2.51,1.49,0.0,0.0,0.0,134.20000000000002,0.0,0.2,1.8,0.0,-169.70000000000002,0.0,0.0,169.60000000000002,0.0,21.700000000000003,29.0,29.0,30.0,300.0,300.0,31.5,35.800000000000004,29.0,28.200000000000003,30.0,4.96,1.99,4.97,0.17,0.0,0.0,1027.0,8228.0,0.0,0.0,0.0,0.0,0.0,1.0,0.0,0.0,0.0,0.0,0.0,2.1,0.0,0.4,0.0,0.0,16.0,25903.0
2026-07-30T19:02:28.424Z,317.907,317.922,0.0,7.4,0.0,0.0,0.0,0.0,0.0,0.0,0.0,0.0,1.0,0.0,0.0,0.0,9.0,4.0,0.0,0.0,0.0,0.0,0.0,0.0,0.0,0.0,1.0,12.0,1.0,12.14,5.0200000000000005,2.51,1.5,0.0,0.0,0.0,134.20000000000002,0.0,-0.3,0.7000000000000001,0.5,-169.70000000000002,0.0,0.0,169.8,0.0,21.200000000000003,29.0,29.0,30.0,300.0,300.0,31.8,35.800000000000004,29.0,28.1,30.0,4.95,1.99,4.97,0.16,0.0,0.0,1027.0,8228.0,0.0,0.0,0.0,0.0,0.0,1.0,0.0,0.0,0.0,0.0,0.0,-1.6,0.0,0.3,0.0,0.0001,16.0,25903.0
2026-07-30T19:02:28.436Z,317.919,317.934,0.0,7.4,0.0,0.0,0.0,0.0,0.0,0.0,0.0,0.0,1.0,0.0,0.0,0.0,9.0,4.0,0.0,0.0,0.0,0.0,0.0,0.0,0.0,0.0,2.0,12.0,1.0,12.14,5.0200000000000005,2.51,1.5,0.0,0.0,0.0,134.1,0.0,0.2,0.7000000000000001,1.6,-169.70000000000002,0.0,0.0,169.8,0.0,21.200000000000003,29.0,29.0,30.0,300.0,300.0,31.8,35.800000000000004,29.0,28.1,30.0,4.96,1.99,4.96,0.16,0.0,0.0,1027.0,8228.0,0.0,0.0,0.0,0.0,0.0,1.0,0.0,0.0,0.0,0.0,0.0,3.1,0.0,-1.7000000000000002,0.0,0.0001,16.0,25903.0
2026-07-30T19:02:28.449Z,317.932,317.946,0.0,7.4,0.0,0.0,0.0,0.0,0.0,0.0,0.0,0.0,1.0,0.0,0.0,0.0,9.0,4.0,0.0,0.0,0.0,0.0,0.0,0.0,0.0,0.0,3.0,12.0,1.0,12.14,5.0200000000000005,2.51,1.5,0.0,0.0,0.0,134.0,0.0,-0.3,-1.0,-1.2000000000000002,-169.70000000000002,0.0,0.0,169.8,0.0,21.200000000000003,29.0,29.0,30.0,300.0,300.0,31.8,35.800000000000004,29.0,28.1,30.0,4.95,1.99,4.97,0.16,0.0,0.0,1027.0,8228.0,0.0,0.0,0.0,0.0,0.0,1.0,0.0,0.0,0.0,0.0,0.0,-1.6,0.0,0.3,0.0,0.0,16.0,25903.0
2026-07-30T19:02:28.460Z,317.943,317.958,0.0,7.4,0.0,0.0,0.0,0.0,0.0,0.0,0.0,0.0,1.0,0.0,0.0,0.0,9.0,4.0,0.0,0.0,0.0,0.0,0.0,0.0,0.0,0.0,4.0,12.0,1.0,12.14,5.0200000000000005,2.51,1.5,0.0,0.0,0.0,133.8,0.0,-0.3,0.6000000000000001,0.0,-169.70000000000002,0.0,0.0,169.8,0.0,21.200000000000003,29.0,29.0,30.0,300.0,300.0,31.8,35.800000000000004,29.0,28.1,30.0,4.95,1.99,4.97,0.16,0.0,0.0,1027.0,8228.0,0.0,0.0,0.0,0.0,0.0,1.0,0.0,0.0,0.0,0.0,0.0,-1.2000000000000002,0.0,1.6,0.0,0.0,16.0,25903.0
2026-07-30T19:02:28.472Z,317.955,317.97,0.0,7.4,0.0,0.0,0.0,0.0,0.0,0.0,0.0,0.0,1.0,0.0,0.0,0.0,9.0,4.0,0.0,0.0,0.0,0.0,0.0,0.0,0.0,0.0,6.0,12.0,1.0,12.14,5.0200000000000005,2.51,1.5,0.0,0.0,0.0,133.8,0.0,0.2,-0.5,-0.6000000000000001,-169.70000000000002,0.0,0.0,169.8,0.0,21.200000000000003,29.0,29.0,30.0,300.0,300.0,31.8,35.800000000000004,29.0,28.1,30.0,4.95,1.99,4.97,0.16,0.0,0.0,1027.0,8228.0,0.0,0.0,0.0,0.0,0.0,1.0,0.0,0.0,0.0,0.0,0.0,-1.0,0.0,0.4,0.0,0.0,16.0,25903.0
2026-07-30T19:02:28.484Z,317.967,317.982,0.0,7.4,0.0,0.0,0.0,0.0,0.0,0.0,0.0,0.0,1.0,0.0,0.0,0.0,9.0,4.0,0.0,0.0,0.0,0.0,0.0,0.0,0.0,0.0,1.0,12.0,1.0,12.14,5.0200000000000005,2.51,1.5,0.0,0.0,0.0,133.6,0.0,-0.3,-0.4,0.0,-169.70000000000002,0.0,0.0,169.8,0.0,21.200000000000003,29.0,29.0,30.0,300.0,300.0,31.8,35.800000000000004,29.0,28.1,30.0,4.96,1.99,4.96,0.16,0.0,0.0,1027.0,8228.0,0.0,0.0,0.0,0.0,0.0,1.0,0.0,0.0,0.0,0.0,0.0,-0.6000000000000001,0.0,0.0,0.0,0.0,16.0,25903.0
2026-07-30T19:02:28.496Z,317.979,317.994,0.0,7.4,0.0,0.0,0.0,0.0,0.0,0.0,0.0,0.0,1.0,0.0,0.0,0.0,9.0,4.0,0.0,0.0,0.0,0.0,0.0,0.0,0.0,0.0,2.0,12.0,1.0,12.14,5.0200000000000005,2.51,1.5,0.0,0.0,0.0,133.5,0.0,-0.3,0.1,0.4,-169.70000000000002,0.0,0.0,169.8,0.0,21.200000000000003,29.0,29.0,30.0,300.0,300.0,31.8,35.800000000000004,29.0,28.1,30.0,4.95,1.99,4.97,0.16,0.0,0.0,1027.0,8228.0,0.0,0.0,0.0,0.0,0.0,1.0,0.0,0.0,0.0,0.0,0.0,0.5,0.0,-0.4,0.0,0.0,16.0,25903.0
2026-07-30T19:02:28.508Z,317.991,318.00600000000003,0.0,7.4,0.0,0.0,0.0,0.0,0.0,0.0,0.0,0.0,1.0,0.0,0.0,0.0,9.0,4.0,0.0,0.0,0.0,0.0,0.0,0.0,0.0,0.0,3.0,12.0,1.0,12.14,5.0200000000000005,2.51,1.5,0.0,0.0,0.0,133.5,0.0,0.2,0.1,-0.6000000000000001,-169.70000000000002,0.0,0.0,169.70000000000002,0.0,21.200000000000003,29.0,29.0,30.0,300.0,300.0,31.8,35.800000000000004,29.0,28.1,30.0,4.95,1.99,4.96,0.16,0.0,0.0,1027.0,8228.0,0.0,0.0,0.0,0.0,0.0,1.0,0.0,0.0,0.0,0.0,0.0,-0.3,0.0,0.6000000000000001,0.0,0.0,16.0,25903.0
2026-07-30T19:02:28.521Z,318.004,318.01800000000003,0.0,7.4,0.0,0.0,0.0,0.0,0.0,0.0,0.0,0.0,1.0,0.0,0.0,0.0,9.0,4.0,0.0,0.0,0.0,0.0,0.0,0.0,0.0,0.0,3.0,12.0,1.0,12.15,5.01,2.51,1.49,0.0,0.0,0.0,133.3,0.0,-0.3,0.7000000000000001,0.4,-169.70000000000002,0.0,0.0,169.8,0.0,21.700000000000003,29.0,29.0,30.0,300.0,300.0,31.700000000000003,35.800000000000004,29.0,28.1,30.0,4.96,1.99,4.96,0.16,0.0,0.0,1027.0,8228.0,0.0,0.0,0.0,0.0,0.0,1.0,0.0,0.0,0.0,0.0,0.0,1.1,0.0,-0.2,0.0,0.0001,16.0,25903.0
2026-07-30T19:02:28.532Z,318.015,318.03000000000003,0.0,7.4,0.0,0.0,0.0,0.0,0.0,0.0,0.0,0.0,1.0,0.0,0.0,0.0,9.0,4.0,0.0,0.0,0.0,0.0,0.0,0.0,0.0,0.0,5.0,12.0,1.0,12.15,5.01,2.51,1.49,0.0,0.0,0.0,133.20000000000002,0.0,-0.9,-0.4,1.0,-169.70000000000002,0.0,0.0,169.8,0.0,21.700000000000003,29.0,29.0,30.0,300.0,300.0,31.700000000000003,35.800000000000004,29.0,28.1,30.0,4.95,1.99,4.97,0.16,0.0,0.0,1027.0,8228.0,0.0,0.0,0.0,0.0,0.0,1.0,0.0,0.0,0.0,0.0,0.0,0.2,0.0,-1.0,0.0,0.0,16.0,25903.0
2026-07-30T19:02:28.544Z,318.027,318.04200000000003,0.0,7.4,0.0,0.0,0.0,0.0,0.0,0.0,0.0,0.0,1.0,0.0,0.0,0.0,9.0,4.0,0.0,0.0,0.0,0.0,0.0,0.0,0.0,0.0,6.0,12.0,1.0,12.15,5.01,2.51,1.49,0.0,0.0,0.0,133.1,0.0,-0.9,0.0,1.6,-169.70000000000002,0.0,0.0,169.70000000000002,0.0,21.700000000000003,29.0,29.0,30.0,300.0,300.0,31.700000000000003,35.800000000000004,29.0,28.1,30.0,4.95,1.99,4.97,0.16,0.0,0.0,1027.0,8228.0,0.0,0.0,0.0,0.0,0.0,1.0,0.0,0.0,0.0,0.0,0.0,1.3,0.0,-1.4,0.0,0.0,16.0,25903.0
2026-07-30T19:02:28.556Z,318.039,318.05400000000003,0.0,7.4,0.0,0.0,0.0,0.0,0.0,0.0,0.0,0.0,1.0,0.0,0.0,0.0,9.0,4.0,0.0,0.0,0.0,0.0,0.0,0.0,0.0,0.0,1.0,12.0,1.0,12.15,5.01,2.51,1.49,0.0,0.0,0.0,133.0,0.0,0.2,-0.5,-0.6000000000000001,-169.70000000000002,0.0,0.0,169.60000000000002,0.0,21.700000000000003,29.0,29.0,30.0,300.0,300.0,31.700000000000003,35.800000000000004,29.0,28.1,30.0,4.95,1.99,4.96,0.16,0.0,0.0,1027.0,8228.0,0.0,0.0,0.0,0.0,0.0,1.0,0.0,0.0,0.0,0.0,0.0,-1.1,0.0,0.5,0.0,0.0,16.0,25903.0
2026-07-30T19:02:28.568Z,318.051,318.06600000000003,0.0,7.4,0.0,0.0,0.0,0.0,0.0,0.0,0.0,0.0,1.0,0.0,0.0,0.0,9.0,4.0,0.0,0.0,0.0,0.0,0.0,0.0,0.0,0.0,2.0,12.0,1.0,12.15,5.01,2.51,1.49,0.0,0.0,0.0,132.9,0.0,-0.9,1.2000000000000002,-0.6000000000000001,-169.70000000000002,0.0,0.0,169.70000000000002,0.0,21.700000000000003,29.0,29.0,30.0,300.0,300.0,31.700000000000003,35.800000000000004,29.0,28.1,30.0,4.96,1.99,4.96,0.16,0.0,0.0,1027.0,8228.0,0.0,0.0,0.0,0.0,0.0,1.0,0.0,0.0,0.0,0.0,0.0,0.9,0.0,0.8,0.0,0.0001,16.0,25903.0
2026-07-30T19:02:28.580Z,318.063,318.07800000000003,0.0,7.4,0.0,0.0,0.0,0.0,0.0,0.0,0.0,0.0,1.0,0.0,0.0,0.0,9.0,4.0,0.0,0.0,0.0,0.0,0.0,0.0,0.0,0.0,2.0,12.0,1.0,12.15,5.01,2.51,1.49,0.0,0.0,0.0,132.8,0.0,0.2,-1.0,-1.7000000000000002,-169.70000000000002,0.0,0.0,169.60000000000002,0.0,21.700000000000003,29.0,29.0,30.0,300.0,300.0,31.700000000000003,35.800000000000004,29.0,28.1,30.0,4.95,1.99,4.97,0.16,0.0,0.0,1027.0,8228.0,0.0,0.0,0.0,0.0,0.0,1.0,0.0,0.0,0.0,0.0,0.0,-2.5,0.0,1.3,0.0,0.0,16.0,25903.0
2026-07-30T19:02:28.592Z,318.075,318.09000000000003,0.0,7.4,0.0,0.0,0.0,0.0,0.0,0.0,0.0,0.0,1.0,0.0,0.0,0.0,9.0,4.0,0.0,0.0,0.0,0.0,0.0,0.0,0.0,0.0,4.0,12.0,1.0,12.15,5.01,2.51,1.49,0.0,0.0,0.0,132.70000000000002,0.0,0.3,0.1,0.5,-169.70000000000002,0.0,0.0,169.70000000000002,0.0,21.700000000000003,29.0,29.0,30.0,300.0,300.0,31.700000000000003,35.800000000000004,29.0,28.1,30.0,4.96,1.99,4.96,0.16,0.0,0.0,1027.0,8228.0,0.0,0.0,0.0,0.0,0.0,1.0,0.0,0.0,0.0,0.0,0.0,0.5,0.0,-0.4,0.0,0.0,16.0,25903.0
2026-07-30T19:02:28.604Z,318.087,318.10200000000003,0.0,7.4,0.0,0.0,0.0,0.0,0.0,0.0,0.0,0.0,1.0,0.0,0.0,0.0,9.0,4.0,0.0,0.0,0.0,0.0,0.0,0.0,0.0,0.0,5.0,12.0,1.0,12.15,5.01,2.51,1.49,0.0,0.0,0.0,132.6,0.0,-0.2,-0.4,0.5,-169.70000000000002,0.0,0.0,169.70000000000002,0.0,21.700000000000003,29.0,29.0,30.0,300.0,300.0,31.700000000000003,35.800000000000004,29.0,28.1,30.0,4.96,2.0,4.97,0.16,0.0,0.0,1027.0,8228.0,0.0,0.0,0.0,0.0,0.0,1.0,0.0,0.0,0.0,0.0,0.0,0.0,0.0,-0.6000000000000001,0.0,0.0,16.0,25903.0
2026-07-30T19:02:28.616Z,318.099,318.11400000000003,0.0,7.4,0.0,0.0,0.0,0.0,0.0,0.0,0.0,0.0,1.0,0.0,0.0,0.0,9.0,4.0,0.0,0.0,0.0,0.0,0.0,0.0,0.0,0.0,6.0,12.0,1.0,12.15,5.01,2.51,1.49,0.0,0.0,0.0,132.5,0.0,-0.2,0.7000000000000001,0.0,-169.70000000000002,0.0,0.0,169.70000000000002,0.0,21.700000000000003,29.0,29.0,30.0,300.0,300.0,31.700000000000003,35.800000000000004,29.0,28.1,30.0,4.95,1.99,4.97,0.16,0.0,0.0,1027.0,8228.0,0.0,0.0,0.0,0.0,0.0,1.0,0.0,0.0,0.0,0.0,0.0,0.8,0.0,0.1,0.0,0.0,16.0,25903.0
2026-07-30T19:02:28.628Z,318.111,318.12600000000003,0.0,7.4,0.0,0.0,0.0,0.0,0.0,0.0,0.0,0.0,1.0,0.0,0.0,0.0,9.0,4.0,0.0,0.0,0.0,0.0,0.0,0.0,0.0,0.0,1.0,12.0,1.0,12.17,5.01,2.5,1.49,0.0,0.0,0.0,132.3,0.0,-0.8,-1.0,-1.1,-169.70000000000002,0.0,0.0,169.8,0.0,21.3,29.0,29.0,30.0,300.0,300.0,31.6,35.7,28.9,28.1,30.0,4.95,1.99,4.96,0.16,0.0,0.0,1027.0,8228.0,0.0,0.0,0.0,0.0,0.0,1.0,0.0,0.0,0.0,0.0,0.0,-2.0,0.0,0.8,0.0,0.0,16.0,25903.0
2026-07-30T19:02:28.640Z,318.123,318.13800000000003,0.0,7.4,0.0,0.0,0.0,0.0,0.0,0.0,0.0,0.0,1.0,0.0,0.0,0.0,9.0,4.0,0.0,0.0,0.0,0.0,0.0,0.0,0.0,0.0,2.0,12.0,1.0,12.17,5.01,2.5,1.49,0.0,0.1,0.0,132.3,0.0,-0.3,-0.4,0.5,-169.70000000000002,0.0,0.0,169.70000000000002,0.0,21.3,29.0,29.0,30.0,300.0,300.0,31.6,35.7,28.9,28.1,30.0,4.96,1.99,4.96,0.16,0.0,0.0,1027.0,8228.0,0.0,0.0,0.0,0.0,0.0,1.0,0.0,0.0,0.0,0.0,0.0,0.0,0.0,-0.6000000000000001,0.0,0.0001,16.0,25903.0
2026-07-30T19:02:28.652Z,318.135,318.15000000000003,0.0,7.4,0.0,0.0,0.0,0.0,0.0,0.0,0.0,0.0,1.0,0.0,0.0,0.0,9.0,4.0,0.0,0.0,0.0,0.0,0.0,0.0,0.0,0.0,3.0,12.0,1.0,12.17,5.01,2.5,1.49,0.0,0.0,0.0,132.20000000000002,0.0,0.2,0.1,0.0,-169.70000000000002,0.0,0.0,169.70000000000002,0.0,21.3,29.0,29.0,30.0,300.0,300.0,31.6,35.7,28.9,28.1,30.0,4.96,1.99,4.97,0.16,0.0,0.0,1027.0,8228.0,0.0,0.0,0.0,0.0,0.0,1.0,0.0,0.0,0.0,0.0,0.0,0.1,0.0,0.0,0.0,0.0,16.0,25903.0
2026-07-30T19:02:28.664Z,318.147,318.16200000000003,0.0,7.4,0.0,0.0,0.0,0.0,0.0,0.0,0.0,0.0,1.0,0.0,0.0,0.0,9.0,4.0,0.0,0.0,0.0,0.0,0.0,0.0,0.0,0.0,4.0,12.0,1.0,12.17,5.01,2.5,1.49,0.0,0.0,0.0,132.1,0.0,-0.3,1.3,1.1,-169.70000000000002,0.0,0.0,169.70000000000002,0.0,21.3,29.0,29.0,30.0,300.0,300.0,31.6,35.7,28.9,28.1,30.0,4.95,1.99,4.97,0.16,0.0,0.0,1027.0,8228.0,0.0,0.0,0.0,0.0,0.0,1.0,0.0,0.0,0.0,0.0,0.0,2.3000000000000003,0.0,-0.7000000000000001,0.0,0.0001,16.0,25903.0
2026-07-30T19:02:28.676Z,318.159,318.17400000000004,0.0,7.4,0.0,0.0,0.0,0.0,0.0,0.0,0.0,0.0,1.0,0.0,0.0,0.0,9.0,4.0,0.0,0.0,0.0,0.0,0.0,0.0,0.0,0.0,5.0,12.0,1.0,12.17,5.01,2.5,1.49,0.0,0.0,0.0,131.9,0.0,-0.9,0.1,1.1,-169.70000000000002,0.0,0.0,169.60000000000002,0.0,21.3,29.0,29.0,30.0,300.0,300.0,31.6,35.7,28.9,28.1,30.0,4.95,1.99,4.97,0.16,0.0,0.0,1027.0,8228.0,0.0,0.0,0.0,0.0,0.0,1.0,0.0,0.0,0.0,0.0,0.0,0.9,0.0,-0.9,0.0,0.0,16.0,25903.0
2026-07-30T19:02:28.688Z,318.171,318.186,0.0,7.4,0.0,0.0,0.0,0.0,0.0,0.0,0.0,0.0,1.0,0.0,0.0,0.0,9.0,4.0,0.0,0.0,0.0,0.0,0.0,0.0,0.0,0.0,6.0,12.0,1.0,12.17,5.01,2.5,1.49,0.0,0.0,0.0,131.8,0.0,-0.3,0.1,-0.5,-169.70000000000002,0.0,0.0,169.70000000000002,0.0,21.3,29.0,29.0,30.0,300.0,300.0,31.6,35.7,28.9,28.1,30.0,4.96,2.0,4.96,0.16,0.0,0.0,1027.0,8228.0,0.0,0.0,0.0,0.0,0.0,1.0,0.0,0.0,0.0,0.0,0.0,-0.2,0.0,0.5,0.0,0.0,16.0,25903.0
2026-07-30T19:02:28.700Z,318.183,318.198,0.0,7.4,0.0,0.0,0.0,0.0,0.0,0.0,0.0,0.0,1.0,0.0,0.0,0.0,9.0,4.0,0.0,0.0,0.0,0.0,0.0,0.0,0.0,0.0,2.0,12.0,1.0,12.17,5.01,2.5,1.49,0.0,0.0,0.0,131.70000000000002,0.0,1.3,1.2000000000000002,0.5,-169.70000000000002,0.0,0.0,169.70000000000002,0.0,21.3,29.0,29.0,30.0,300.0,300.0,31.6,35.7,28.9,28.1,30.0,4.96,1.99,4.97,0.16,0.0,0.0,1027.0,8228.0,0.0,0.0,0.0,0.0,0.0,1.0,0.0,0.0,0.0,0.0,0.0,1.8,0.0,-0.2,0.0,0.0,16.0,25903.0
2026-07-30T19:02:28.712Z,318.195,318.21,0.0,7.4,0.0,0.0,0.0,0.0,0.0,0.0,0.0,0.0,1.0,0.0,0.0,0.0,9.0,4.0,0.0,0.0,0.0,0.0,0.0,0.0,0.0,0.0,3.0,12.0,1.0,12.17,5.01,2.5,1.49,0.0,0.0,0.0,131.6,0.0,0.2,0.1,0.5,-169.70000000000002,0.0,0.0,169.8,0.0,21.3,29.0,29.0,30.0,300.0,300.0,31.6,35.7,28.9,28.1,30.0,4.96,1.99,4.97,0.16,0.0,0.0,1027.0,8228.0,0.0,0.0,0.0,0.0,0.0,1.0,0.0,0.0,0.0,0.0,0.0,0.5,0.0,-0.4,0.0,0.0,16.0,25903.0
2026-07-30T19:02:28.725Z,318.208,318.222,0.0,7.4,0.0,0.0,0.0,0.0,0.0,0.0,0.0,0.0,1.0,0.0,0.0,0.0,9.0,4.0,0.0,0.0,0.0,0.0,0.0,0.0,0.0,0.0,4.0,12.0,1.0,12.17,5.01,2.51,1.49,0.0,0.0,0.0,131.6,0.0,-0.3,-0.4,-0.5,-169.70000000000002,0.0,0.0,169.8,0.0,21.700000000000003,29.0,29.0,30.0,300.0,300.0,31.6,35.800000000000004,28.9,28.1,30.0,4.96,1.99,4.96,0.16,0.0,0.0,1027.0,8228.0,0.0,0.0,0.0,0.0,0.0,1.0,0.0,0.0,0.0,0.0,0.0,-0.9,0.0,0.4,0.0,0.0,16.0,25903.0
2026-07-30T19:02:28.737Z,318.22,318.234,0.0,7.4,0.0,0.0,0.0,0.0,0.0,0.0,0.0,0.0,1.0,0.0,0.0,0.0,9.0,4.0,0.0,0.0,0.0,0.0,0.0,0.0,0.0,0.0,5.0,12.0,1.0,12.17,5.01,2.51,1.49,0.0,0.0,0.0,131.4,0.0,-0.3,-1.0,0.0,-169.70000000000002,0.0,0.0,169.60000000000002,0.0,21.700000000000003,29.0,29.0,30.0,300.0,300.0,31.6,35.800000000000004,28.9,28.1,30.0,4.95,1.99,4.97,0.16,0.0,0.0,1027.0,8228.0,0.0,0.0,0.0,0.0,0.0,1.0,0.0,0.0,0.0,0.0,0.0,-1.1,0.0,-0.2,0.0,0.0,16.0,25903.0
2026-07-30T19:02:28.748Z,318.231,318.246,0.0,7.4,0.0,0.0,0.0,0.0,0.0,0.0,0.0,0.0,1.0,0.0,0.0,0.0,9.0,4.0,0.0,0.0,0.0,0.0,0.0,0.0,0.0,0.0,1.0,12.0,1.0,12.17,5.01,2.51,1.49,0.0,0.0,0.0,131.3,0.0,-0.3,0.7000000000000001,-0.6000000000000001,-169.70000000000002,0.0,0.0,169.70000000000002,0.0,21.700000000000003,29.0,29.0,30.0,300.0,300.0,31.6,35.800000000000004,28.9,28.1,30.0,4.95,1.99,4.97,0.16,0.0,0.0,1027.0,8228.0,0.0,0.0,0.0,0.0,0.0,1.0,0.0,0.0,0.0,0.0,0.0,0.3,0.0,0.6000000000000001,0.0,0.0001,16.0,25903.0
2026-07-30T19:02:28.760Z,318.243,318.258,0.0,7.4,0.0,0.0,0.0,0.0,0.0,0.0,0.0,0.0,1.0,0.0,0.0,0.0,9.0,4.0,0.0,0.0,0.0,0.0,0.0,0.0,0.0,0.0,1.0,12.0,1.0,12.17,5.01,2.51,1.49,0.0,0.0,0.0,131.20000000000002,0.0,0.2,-0.3,-0.5,-169.70000000000002,0.0,0.0,169.70000000000002,0.0,21.700000000000003,29.0,29.0,30.0,300.0,300.0,31.6,35.800000000000004,28.9,28.1,30.0,4.96,2.0,4.97,0.16,0.0,0.0,1027.0,8228.0,0.0,0.0,0.0,0.0,0.0,1.0,0.0,0.0,0.0,0.0,0.0,-0.8,0.0,0.4,0.0,0.0,16.0,25903.0
2026-07-30T19:02:28.772Z,318.255,318.27,0.0,7.4,0.0,0.0,0.0,0.0,0.0,0.0,0.0,0.0,1.0,0.0,0.0,0.0,9.0,4.0,0.0,0.0,0.0,0.0,0.0,0.0,0.0,0.0,3.0,12.0,1.0,12.17,5.01,2.51,1.49,0.0,0.0,0.0,131.1,0.0,-0.2,0.2,0.6000000000000001,-169.70000000000002,0.0,0.0,169.8,0.0,21.700000000000003,29.0,29.0,30.0,300.0,300.0,31.6,35.800000000000004,28.9,28.1,30.0,4.96,2.0,4.97,0.16,0.0,0.0,1027.0,8228.0,0.0,0.0,0.0,0.0,0.0,1.0,0.0,0.0,0.0,0.0,0.0,0.7000000000000001,0.0,-0.4,0.0,0.0,16.0,25903.0
2026-07-30T19:02:28.784Z,318.267,318.282,0.0,7.4,0.0,0.0,0.0,0.0,0.0,0.0,0.0,0.0,1.0,0.0,0.0,0.0,9.0,4.0,0.0,0.0,0.0,0.0,0.0,0.0,0.0,0.0,4.0,12.0,1.0,12.17,5.01,2.51,1.49,0.0,0.0,0.0,131.0,0.0,0.8,-0.3,0.5,-169.70000000000002,0.0,0.0,169.70000000000002,0.0,21.700000000000003,29.0,29.0,30.0,300.0,300.0,31.6,35.800000000000004,28.9,28.1,30.0,4.95,1.99,4.97,0.16,0.0,0.0,1027.0,8228.0,0.0,0.0,0.0,0.0,0.0,1.0,0.0,0.0,0.0,0.0,0.0,0.0,0.0,-0.5,0.0,0.0,16.0,25903.0
2026-07-30T19:02:28.796Z,318.279,318.294,0.0,7.4,0.0,0.0,0.0,0.0,0.0,0.0,0.0,0.0,1.0,0.0,0.0,0.0,9.0,4.0,0.0,0.0,0.0,0.0,0.0,0.0,0.0,0.0,4.0,12.0,1.0,12.17,5.01,2.51,1.49,0.0,0.0,0.0,130.9,0.0,-0.9,-0.3,0.0,-169.70000000000002,0.0,0.0,169.8,0.0,21.700000000000003,29.0,29.0,30.0,300.0,300.0,31.6,35.800000000000004,28.9,28.1,30.0,4.95,1.99,4.96,0.16,0.0,0.0,1027.0,8228.0,0.0,0.0,0.0,0.0,0.0,1.0,0.0,0.0,0.0,0.0,0.0,-0.4,0.0,0.0,0.0,0.0,16.0,25903.0
2026-07-30T19:02:28.808Z,318.291,318.306,0.0,7.4,0.0,0.0,0.0,0.0,0.0,0.0,0.0,0.0,1.0,0.0,0.0,0.0,9.0,4.0,0.0,0.0,0.0,0.0,0.0,0.0,0.0,0.0,5.0,12.0,1.0,12.17,5.01,2.51,1.49,0.0,0.0,0.0,130.8,0.0,-0.3,1.3,0.5,-169.70000000000002,0.0,0.0,169.70000000000002,0.0,21.700000000000003,29.0,29.0,30.0,300.0,300.0,31.6,35.800000000000004,28.9,28.1,30.0,4.96,1.99,4.96,0.16,0.0,0.0,1027.0,8228.0,0.0,0.0,0.0,0.0,0.0,1.0,0.0,0.0,0.0,0.0,0.0,2.0,0.0,-0.2,0.0,0.0,16.0,25903.0
2026-07-30T19:02:28.820Z,318.303,318.318,0.0,7.4,0.0,0.0,0.0,0.0,0.0,0.0,0.0,0.0,1.0,0.0,0.0,0.0,9.0,4.0,0.0,0.0,0.0,0.0,0.0,0.0,0.0,0.0,1.0,12.0,1.0,12.17,5.01,2.51,1.49,0.0,0.0,0.0,130.6,0.0,1.4,0.2,0.5,-169.70000000000002,0.0,0.0,169.70000000000002,0.0,21.700000000000003,29.0,29.0,30.0,300.0,300.0,31.6,35.800000000000004,28.9,28.1,30.0,4.95,1.99,4.97,0.16,0.0,0.0,1027.0,8228.0,0.0,0.0,0.0,0.0,0.0,1.0,0.0,0.0,0.0,0.0,0.0,0.7000000000000001,0.0,-0.4,0.0,0.0,16.0,25903.0
2026-07-30T19:02:28.832Z,318.315,318.33,0.0,7.4,0.0,0.0,0.0,0.0,0.0,0.0,0.0,0.0,1.0,0.0,0.0,0.0,9.0,4.0,0.0,0.0,0.0,0.0,0.0,0.0,0.0,0.0,2.0,12.0,1.0,12.18,5.01,2.5,1.5,0.0,0.0,0.0,130.5,0.0,0.2,-0.3,0.0,-169.70000000000002,0.0,0.0,169.70000000000002,0.0,21.8,29.0,29.0,30.0,300.0,300.0,31.700000000000003,35.800000000000004,29.0,28.200000000000003,30.0,4.96,2.0,4.97,0.16,0.0,0.0,1027.0,8228.0,0.0,0.0,0.0,0.0,0.0,1.0,0.0,0.0,0.0,0.0,0.0,-0.3,0.0,0.0,0.0,0.0,16.0,25903.0
2026-07-30T19:02:28.844Z,318.327,318.342,0.0,7.4,0.0,0.0,0.0,0.0,0.0,0.0,0.0,0.0,1.0,0.0,0.0,0.0,9.0,4.0,0.0,0.0,0.0,0.0,0.0,0.0,0.0,0.0,3.0,12.0,1.0,12.18,5.01,2.5,1.5,0.0,0.0,0.0,130.5,0.0,-0.3,0.2,-0.5,-169.70000000000002,0.0,0.0,169.8,0.0,21.8,29.0,29.0,30.0,300.0,300.0,31.700000000000003,35.800000000000004,29.0,28.200000000000003,30.0,4.96,1.99,4.97,0.16,0.0,0.0,1027.0,8228.0,0.0,0.0,0.0,0.0,0.0,1.0,0.0,0.0,0.0,0.0,0.0,-0.1,0.0,0.5,0.0,0.0,16.0,25903.0
2026-07-30T19:02:28.856Z,318.339,318.354,0.0,7.4,0.0,0.0,0.0,0.0,0.0,0.0,0.0,0.0,1.0,0.0,0.0,0.0,9.0,4.0,0.0,0.0,0.0,0.0,0.0,0.0,0.0,0.0,4.0,12.0,1.0,12.18,5.01,2.5,1.5,0.0,0.0,0.0,130.4,0.0,-0.9,-0.3,0.0,-169.70000000000002,0.0,0.0,169.70000000000002,0.0,21.8,29.0,29.0,30.0,300.0,300.0,31.700000000000003,35.800000000000004,29.0,28.200000000000003,30.0,4.96,1.99,4.97,0.16,0.0,0.0,1027.0,8228.0,0.0,0.0,0.0,0.0,0.0,1.0,0.0,0.0,0.0,0.0,0.0,-0.4,0.0,0.0,0.0,0.0001,16.0,25903.0
2026-07-30T19:02:28.869Z,318.352,318.366,0.0,7.4,0.0,0.0,0.0,0.0,0.0,0.0,0.0,0.0,1.0,0.0,0.0,0.0,9.0,4.0,0.0,0.0,0.0,0.0,0.0,0.0,0.0,0.0,5.0,12.0,1.0,12.18,5.01,2.5,1.5,0.0,0.0,0.0,130.5,0.0,0.3,0.2,-1.2000000000000002,-169.70000000000002,0.0,0.0,169.70000000000002,0.0,21.8,29.0,29.0,30.0,300.0,300.0,31.700000000000003,35.800000000000004,29.0,28.200000000000003,30.0,4.95,1.99,4.97,0.16,0.0,0.0,1027.0,8228.0,0.0,0.0,0.0,0.0,0.0,1.0,0.0,0.0,0.0,0.0,0.0,-0.6000000000000001,0.0,1.1,0.0,0.0001,16.0,25903.0
2026-07-30T19:02:28.880Z,318.363,318.378,0.0,7.4,0.0,0.0,0.0,0.0,0.0,0.0,0.0,0.0,1.0,0.0,0.0,0.0,9.0,4.0,0.0,0.0,0.0,0.0,0.0,0.0,0.0,0.0,6.0,12.0,1.0,12.18,5.01,2.5,1.5,0.0,0.0,0.0,130.8,0.0,-0.2,-0.9,0.5,-169.70000000000002,0.0,0.0,169.8,0.0,21.8,29.0,29.0,30.0,300.0,300.0,31.700000000000003,35.800000000000004,29.0,28.200000000000003,30.0,4.95,2.0,4.96,0.16,0.0,0.0,1027.0,8228.0,0.0,0.0,0.0,0.0,0.0,1.0,0.0,0.0,0.0,0.0,0.0,-0.7000000000000001,0.0,-0.6000000000000001,0.0,0.0,16.0,25903.0
2026-07-30T19:02:28.892Z,318.375,318.39,0.0,7.4,0.0,0.0,0.0,0.0,0.0,0.0,0.0,0.0,1.0,0.0,0.0,0.0,9.0,4.0,0.0,0.0,0.0,0.0,0.0,0.0,0.0,0.0,1.0,12.0,1.0,12.18,5.01,2.5,1.5,0.0,0.0,0.0,130.9,0.0,-0.3,0.1,1.0,-169.70000000000002,0.0,0.0,169.60000000000002,0.0,21.8,29.0,29.0,30.0,300.0,300.0,31.700000000000003,35.800000000000004,29.0,28.200000000000003,30.0,4.95,1.99,4.97,0.16,0.0,0.0,1027.0,8228.0,0.0,0.0,0.0,0.0,0.0,1.0,0.0,0.0,0.0,0.0,0.0,0.9,0.0,-0.9,0.0,0.0,16.0,25903.0
2026-07-30T19:02:28.904Z,318.387,318.402,0.0,7.4,0.0,0.0,0.0,0.0,0.0,0.0,0.0,0.0,1.0,0.0,0.0,0.0,9.0,4.0,0.0,0.0,0.0,0.0,0.0,0.0,0.0,0.0,2.0,12.0,1.0,12.18,5.01,2.5,1.5,0.0,0.0,0.0,131.1,0.0,-0.3,-0.4,1.0,-169.70000000000002,0.0,0.0,169.70000000000002,0.0,21.8,29.0,29.0,30.0,300.0,300.0,31.700000000000003,35.800000000000004,29.0,28.200000000000003,30.0,4.95,1.99,4.97,0.17,0.0,0.0,1027.0,8228.0,0.0,0.0,0.0,0.0,0.0,1.0,0.0,0.0,0.0,0.0,0.0,0.3,0.0,-1.0,0.0,0.0001,16.0,25903.0
2026-07-30T19:02:28.916Z,318.399,318.414,0.0,7.4,0.0,0.0,0.0,0.0,0.0,0.0,0.0,0.0,1.0,0.0,0.0,0.0,9.0,4.0,0.0,0.0,0.0,0.0,0.0,0.0,0.0,0.0,4.0,12.0,1.0,12.18,5.01,2.5,1.5,0.0,0.1,0.0,131.4,0.0,-0.3,0.1,0.5,-169.70000000000002,0.0,0.0,169.60000000000002,0.0,21.8,29.0,29.0,30.0,300.0,300.0,31.700000000000003,35.800000000000004,29.0,28.200000000000003,30.0,4.96,1.99,4.97,0.16,0.0,0.0,1027.0,8228.0,0.0,0.0,0.0,0.0,0.0,1.0,0.0,0.0,0.0,0.0,0.0,0.5,0.0,-0.4,0.0,0.0,16.0,25903.0
2026-07-30T19:02:28.929Z,318.412,318.426,0.0,7.4,0.0,0.0,0.0,0.0,0.0,0.0,0.0,0.0,1.0,0.0,0.0,0.0,9.0,4.0,0.0,0.0,0.0,0.0,0.0,0.0,0.0,0.0,5.0,12.0,1.0,12.14,5.0200000000000005,2.5,1.49,0.0,0.0,0.0,131.5,0.0,-0.3,0.1,0.4,-169.70000000000002,0.0,0.0,169.60000000000002,0.0,21.3,29.0,29.0,30.0,300.0,300.0,31.6,35.800000000000004,28.9,28.200000000000003,30.0,4.95,1.99,4.96,0.16,0.0,0.0,1027.0,8228.0,0.0,0.0,0.0,0.0,0.0,1.0,0.0,0.0,0.0,0.0,0.0,0.5,0.0,-0.4,0.0,0.0,16.0,25903.0
2026-07-30T19:02:28.940Z,318.423,318.438,0.0,7.4,0.0,0.0,0.0,0.0,0.0,0.0,0.0,0.0,1.0,0.0,0.0,0.0,9.0,4.0,0.0,0.0,0.0,0.0,0.0,0.0,0.0,0.0,6.0,12.0,1.0,12.14,5.0200000000000005,2.5,1.49,0.0,0.1,0.0,131.6,0.0,0.2,0.6000000000000001,-0.6000000000000001,-169.70000000000002,0.0,0.0,169.8,0.0,21.3,29.0,29.0,30.0,300.0,300.0,31.6,35.800000000000004,28.9,28.200000000000003,30.0,4.95,1.99,4.96,0.16,0.0,0.0,1027.0,8228.0,0.0,0.0,0.0,0.0,0.0,1.0,0.0,0.0,0.0,0.0,0.0,-1.4,0.0,0.9,0.0,0.0,16.0,25903.0
2026-07-30T19:02:28.952Z,318.435,318.45,0.0,7.4,0.0,0.0,0.0,0.0,0.0,0.0,0.0,0.0,1.0,0.0,0.0,0.0,9.0,4.0,0.0,0.0,0.0,0.0,0.0,0.0,0.0,0.0,1.0,12.0,1.0,12.14,5.0200000000000005,2.5,1.49,0.0,0.0,0.0,131.8,0.0,-0.3,-0.4,0.5,-169.70000000000002,0.0,0.0,169.60000000000002,0.0,21.3,29.0,29.0,30.0,300.0,300.0,31.6,35.800000000000004,28.9,28.200000000000003,30.0,4.95,1.99,4.96,0.16,0.0,0.0,1027.0,8228.0,0.0,0.0,0.0,0.0,0.0,1.0,0.0,0.0,0.0,0.0,0.0,1.4,0.0,0.3,0.0,0.0,16.0,25903.0
2026-07-30T19:02:28.964Z,318.447,318.462,0.0,7.4,0.0,0.0,0.0,0.0,0.0,0.0,0.0,0.0,1.0,0.0,0.0,0.0,9.0,4.0,0.0,0.0,0.0,0.0,0.0,0.0,0.0,0.0,2.0,12.0,1.0,12.14,5.0200000000000005,2.5,1.49,0.0,0.0,0.0,132.0,0.0,0.8,0.7000000000000001,-1.2000000000000002,-169.70000000000002,0.0,0.0,169.60000000000002,0.0,21.3,29.0,29.0,30.0,300.0,300.0,31.6,35.800000000000004,28.9,28.200000000000003,30.0,4.95,1.99,4.96,0.16,0.0,0.0,1027.0,8228.0,0.0,0.0,0.0,0.0,0.0,1.0,0.0,0.0,0.0,0.0,0.0,0.1,0.0,0.0,0.0,0.0,16.0,25903.0
2026-07-30T19:02:28.976Z,318.459,318.474,0.0,7.4,0.0,0.0,0.0,0.0,0.0,0.0,0.0,0.0,1.0,0.0,0.0,0.0,9.0,4.0,0.0,0.0,0.0,0.0,0.0,0.0,0.0,0.0,3.0,12.0,1.0,12.14,5.0200000000000005,2.5,1.49,0.0,0.0,0.0,132.20000000000002,0.0,-0.8,0.1,-0.6000000000000001,-169.70000000000002,0.0,0.0,169.60000000000002,0.0,21.3,29.0,29.0,30.0,300.0,300.0,31.6,35.800000000000004,28.9,28.200000000000003,30.0,4.95,1.99,4.97,0.16,0.0,0.0,1027.0,8228.0,0.0,0.0,0.0,0.0,0.0,1.0,0.0,0.0,0.0,0.0,0.0,-0.3,0.0,-1.1,0.0,0.0,16.0,25903.0
2026-07-30T19:02:28.988Z,318.471,318.486,0.0,7.4,0.0,0.0,0.0,0.0,0.0,0.0,0.0,0.0,1.0,0.0,0.0,0.0,9.0,4.0,0.0,0.0,0.0,0.0,0.0,0.0,0.0,0.0,4.0,12.0,1.0,12.14,5.0200000000000005,2.5,1.49,0.0,0.0,0.0,132.4,0.0,-0.8,0.1,-1.2000000000000002,-169.70000000000002,0.0,0.0,169.70000000000002,0.0,21.3,29.0,29.0,30.0,300.0,300.0,31.6,35.800000000000004,28.9,28.200000000000003,30.0,4.95,1.99,4.97,0.16,0.0,0.0,1027.0,8228.0,0.0,0.0,0.0,0.0,0.0,1.0,0.0,0.0,0.0,0.0,0.0,-0.7000000000000001,0.0,1.1,0.0,0.0,16.0,25903.0
2026-07-30T19:02:29.001Z,318.484,318.498,0.0,7.4,0.0,0.0,0.0,0.0,0.0,0.0,0.0,0.0,1.0,0.0,0.0,0.0,9.0,4.0,0.0,0.0,0.0,0.0,0.0,0.0,0.0,0.0,5.0,12.0,1.0,12.14,5.0200000000000005,2.5,1.49,0.0,0.0,0.0,132.6,0.0,0.8,0.2,-1.2000000000000002,-169.70000000000002,0.0,0.0,169.70000000000002,0.0,21.3,29.0,29.0,30.0,300.0,300.0,31.6,35.800000000000004,28.9,28.200000000000003,30.0,4.96,1.99,4.97,0.16,0.0,0.0,1027.0,8228.0,0.0,0.0,0.0,0.0,0.0,1.0,0.0,0.0,0.0,0.0,0.0,-0.7000000000000001,0.0,1.1,0.0,0.0,16.0,25903.0
2026-07-30T19:02:29.012Z,318.495,318.51,0.0,7.4,0.0,0.0,0.0,0.0,0.0,0.0,0.0,0.0,1.0,0.0,0.0,0.0,9.0,4.0,0.0,0.0,0.0,0.0,0.0,0.0,0.0,0.0,6.0,12.0,1.0,12.14,5.0200000000000005,2.5,1.49,0.0,0.0,0.0,132.8,0.0,0.2,0.2,0.4,-169.70000000000002,0.0,0.0,169.8,0.0,21.3,29.0,29.0,30.0,300.0,300.0,31.6,35.800000000000004,28.9,28.200000000000003,30.0,4.95,1.99,4.96,0.16,0.0,0.0,1027.0,8228.0,0.0,0.0,0.0,0.0,0.0,1.0,0.0,0.0,0.0,0.0,0.0,0.6000000000000001,0.0,-0.3,0.0,0.0,16.0,25903.0
2026-07-30T19:02:29.024Z,318.507,318.522,0.0,7.4,0.0,0.0,0.0,0.0,0.0,0.0,0.0,0.0,1.0,0.0,0.0,0.0,9.0,4.0,0.0,0.0,0.0,0.0,0.0,0.0,0.0,0.0,1.0,12.0,1.0,12.14,5.0200000000000005,2.5,1.49,0.0,0.0,0.0,132.9,0.0,0.2,-0.3,-0.6000000000000001,-169.70000000000002,0.0,0.0,169.8,0.0,21.3,29.0,29.0,30.0,300.0,300.0,31.6,35.800000000000004,28.9,28.200000000000003,30.0,4.95,1.99,4.97,0.16,0.0,0.0,1027.0,8228.0,0.0,0.0,0.0,0.0,0.0,1.0,0.0,0.0,0.0,0.0,0.0,-0.9,0.0,0.5,0.0,0.0001,16.0,25903.0
2026-07-30T19:02:29.036Z,318.519,318.534,0.0,7.4,0.0,0.0,0.0,0.0,0.0,0.0,0.0,0.0,1.0,0.0,0.0,0.0,9.0,4.0,0.0,0.0,0.0,0.0,0.0,0.0,0.0,0.0,3.0,12.0,1.0,12.17,5.0200000000000005,2.51,1.49,0.0,0.0,0.0,133.20000000000002,0.0,-0.3,-0.3,-1.2000000000000002,-169.70000000000002,0.0,0.0,169.8,0.0,21.4,29.0,29.0,30.0,300.0,300.0,31.6,35.7,28.9,28.200000000000003,30.0,4.95,1.99,4.96,0.16,0.0,0.0,1027.0,8228.0,0.0,0.0,0.0,0.0,0.0,1.0,0.0,0.0,0.0,0.0,0.0,-1.3,0.0,1.0,0.0,0.0,16.0,25903.0
2026-07-30T19:02:29.048Z,318.531,318.546,0.0,7.4,0.0,0.0,0.0,0.0,0.0,0.0,0.0,0.0,1.0,0.0,0.0,0.0,9.0,4.0,0.0,0.0,0.0,0.0,0.0,0.0,0.0,0.0,4.0,12.0,1.0,12.17,5.0200000000000005,2.51,1.49,0.0,0.0,0.0,133.3,0.0,-0.9,0.2,-0.1,-169.70000000000002,0.0,0.0,169.60000000000002,0.0,21.4,29.0,29.0,30.0,300.0,300.0,31.6,35.7,28.9,28.200000000000003,30.0,4.96,1.99,4.96,0.16,0.0,0.0,1027.0,8228.0,0.0,0.0,0.0,0.0,0.0,1.0,0.0,0.0,0.0,0.0,0.0,0.1,0.0,0.1,0.0,0.0,16.0,25903.0
2026-07-30T19:02:29.060Z,318.543,318.558,0.0,7.4,0.0,0.0,0.0,0.0,0.0,0.0,0.0,0.0,1.0,0.0,0.0,0.0,9.0,4.0,0.0,0.0,0.0,0.0,0.0,0.0,0.0,0.0,5.0,12.0,1.0,12.17,5.0200000000000005,2.51,1.49,0.0,0.0,0.0,133.5,0.0,0.2,-0.3,-1.3,-169.70000000000002,0.0,0.0,169.70000000000002,0.0,21.4,29.0,29.0,30.0,300.0,300.0,31.6,35.7,28.9,28.200000000000003,30.0,4.95,1.99,4.97,0.16,0.0,0.0,1027.0,8228.0,0.0,0.0,0.0,0.0,0.0,1.0,0.0,0.0,0.0,0.0,0.0,-1.4,0.0,1.1,0.0,0.0001,16.0,25903.0
2026-07-30T19:02:29.072Z,318.555,318.57,0.0,7.4,0.0,0.0,0.0,0.0,0.0,0.0,0.0,0.0,1.0,0.0,0.0,0.0,9.0,4.0,0.0,0.0,0.0,0.0,0.0,0.0,0.0,0.0,6.0,12.0,1.0,12.17,5.0200000000000005,2.51,1.49,0.0,0.0,0.0,133.70000000000002,0.0,0.2,0.2,1.6,-169.70000000000002,0.0,0.0,169.60000000000002,0.0,21.4,29.0,29.0,30.0,300.0,300.0,31.6,35.7,28.9,28.200000000000003,30.0,4.96,1.99,4.96,0.16,0.0,0.0,1027.0,8228.0,0.0,0.0,0.0,0.0,0.0,1.0,0.0,0.0,0.0,0.0,0.0,1.4,0.0,-1.3,0.0,0.0,16.0,25903.0
2026-07-30T19:02:29.084Z,318.567,318.582,0.0,7.4,0.0,0.0,0.0,0.0,0.0,0.0,0.0,0.0,1.0,0.0,0.0,0.0,9.0,4.0,0.0,0.0,0.0,0.0,0.0,0.0,0.0,0.0,1.0,12.0,1.0,12.17,5.0200000000000005,2.51,1.49,0.0,0.0,0.0,133.9,0.0,0.2,0.1,-0.1,-169.70000000000002,0.0,0.0,169.70000000000002,0.0,21.4,29.0,29.0,30.0,300.0,300.0,31.6,35.7,28.9,28.200000000000003,30.0,4.96,2.0,4.97,0.16,0.0,0.0,1027.0,8228.0,0.0,0.0,0.0,0.0,0.0,1.0,0.0,0.0,0.0,0.0,0.0,0.1,0.0,0.1,0.0,0.0,16.0,25903.0
2026-07-30T19:02:29.096Z,318.579,318.594,0.0,7.4,0.0,0.0,0.0,0.0,0.0,0.0,0.0,0.0,1.0,0.0,0.0,0.0,9.0,4.0,0.0,0.0,0.0,0.0,0.0,0.0,0.0,0.0,2.0,12.0,1.0,12.17,5.0200000000000005,2.51,1.49,0.0,0.0,0.0,134.0,0.0,-0.3,-0.3,0.4,-169.70000000000002,0.0,0.0,169.60000000000002,0.0,21.4,29.0,29.0,30.0,300.0,300.0,31.6,35.7,28.9,28.200000000000003,30.0,4.95,1.99,4.97,0.16,0.0,0.0,1027.0,8228.0,0.0,0.0,0.0,0.0,0.0,1.0,0.0,0.0,0.0,0.0,0.0,-0.1,0.0,-0.4,0.0,0.0,16.0,25903.0
2026-07-30T19:02:29.108Z,318.591,318.606,0.0,7.4,0.0,0.0,0.0,0.0,0.0,0.0,0.0,0.0,1.0,0.0,0.0,0.0,9.0,4.0,0.0,0.0,0.0,0.0,0.0,0.0,0.0,0.0,3.0,12.0,1.0,12.17,5.0200000000000005,2.51,1.49,0.0,0.0,0.0,134.20000000000002,0.0,0.8,0.1,0.4,-169.70000000000002,0.0,0.0,169.60000000000002,0.0,21.4,29.0,29.0,30.0,300.0,300.0,31.6,35.7,28.9,28.200000000000003,30.0,4.95,1.99,4.97,0.16,0.0,0.0,1027.0,8228.0,0.0,0.0,0.0,0.0,0.0,1.0,0.0,0.0,0.0,0.0,0.0,0.5,0.0,-0.3,0.0,0.0,16.0,25903.0
2026-07-30T19:02:29.120Z,318.603,318.618,0.0,7.4,0.0,0.0,0.0,0.0,0.0,0.0,0.0,0.0,1.0,0.0,0.0,0.0,9.0,4.0,0.0,0.0,0.0,0.0,0.0,0.0,0.0,0.0,4.0,12.0,1.0,12.17,5.0200000000000005,2.51,1.49,0.0,0.0,0.0,134.4,0.0,0.8,0.1,-0.6000000000000001,-169.70000000000002,0.0,0.0,169.70000000000002,0.0,21.4,29.0,29.0,30.0,300.0,300.0,31.6,35.7,28.9,28.200000000000003,30.0,4.96,2.0,4.96,0.16,0.0,0.0,1027.0,8228.0,0.0,0.0,0.0,0.0,0.0,1.0,0.0,0.0,0.0,0.0,0.0,-0.2,0.0,0.6000000000000001,0.0,0.0,16.0,25903.0
2026-07-30T19:02:29.133Z,318.616,318.63,0.0,7.4,0.0,0.0,0.0,0.0,0.0,0.0,0.0,0.0,1.0,0.0,0.0,0.0,9.0,4.0,0.0,0.0,0.0,0.0,0.0,0.0,0.0,0.0,5.0,12.0,1.0,12.18,5.0200000000000005,2.51,1.5,0.0,0.0,0.0,134.5,0.0,0.2,0.2,1.1,-169.70000000000002,0.0,0.0,169.70000000000002,0.0,21.3,29.0,29.0,30.0,300.0,300.0,31.700000000000003,35.7,28.9,28.1,30.0,4.96,1.99,4.97,0.16,0.0,0.0,1027.0,8228.0,0.0,0.0,0.0,0.0,0.0,1.0,0.0,0.0,0.0,0.0,0.0,1.0,0.0,-0.9,0.0,0.0,16.0,25903.0
2026-07-30T19:02:29.144Z,318.627,318.642,0.0,7.4,0.0,0.0,0.0,0.0,0.0,0.0,0.0,0.0,1.0,0.0,0.0,0.0,9.0,4.0,0.0,0.0,0.0,0.0,0.0,0.0,0.0,0.0,6.0,12.0,1.0,12.18,5.0200000000000005,2.51,1.5,0.0,0.0,0.0,134.5,0.0,0.2,0.2,0.5,-169.60000000000002,0.0,0.0,169.60000000000002,0.0,21.3,29.0,29.0,30.0,300.0,300.0,31.700000000000003,35.7,28.9,28.1,30.0,4.95,1.99,4.97,0.16,0.0,0.0,1027.0,8228.0,0.0,0.0,0.0,0.0,0.0,1.0,0.0,0.0,0.0,0.0,0.0,0.7000000000000001,0.0,-0.4,0.0,0.0,16.0,25903.0
2026-07-30T19:02:29.156Z,318.639,318.654,0.0,7.4,0.0,0.0,0.0,0.0,0.0,0.0,0.0,0.0,1.0,0.0,0.0,0.0,9.0,4.0,0.0,0.0,0.0,0.0,0.0,0.0,0.0,0.0,2.0,12.0,1.0,12.18,5.0200000000000005,2.51,1.5,0.0,0.1,0.0,134.3,0.0,0.9,-0.3,-1.7000000000000002,-169.60000000000002,0.0,0.0,169.70000000000002,0.0,21.3,29.0,29.0,30.0,300.0,300.0,31.700000000000003,35.7,28.9,28.1,30.0,4.96,1.99,4.96,0.16,0.0,0.0,1027.0,8228.0,0.0,0.0,0.0,0.0,0.0,1.0,0.0,0.0,0.0,0.0,0.0,-1.7000000000000002,0.0,1.4,0.0,0.0,16.0,25903.0
2026-07-30T19:02:29.168Z,318.651,318.666,0.0,7.4,0.0,0.0,0.0,0.0,0.0,0.0,0.0,0.0,1.0,0.0,0.0,0.0,9.0,4.0,0.0,0.0,0.0,0.0,0.0,0.0,0.0,0.0,3.0,12.0,1.0,12.18,5.0200000000000005,2.51,1.5,0.0,0.0,0.0,134.20000000000002,0.0,0.3,-0.3,1.1,-169.60000000000002,0.0,0.0,169.60000000000002,0.0,21.3,29.0,29.0,30.0,300.0,300.0,31.700000000000003,35.7,28.9,28.1,30.0,4.95,2.0,4.96,0.16,0.0,0.0,1027.0,8228.0,0.0,0.0,0.0,0.0,0.0,1.0,0.0,0.0,0.0,0.0,0.0,0.5,0.0,-1.1,0.0,0.0,16.0,25903.0
2026-07-30T19:02:29.180Z,318.663,318.678,0.0,7.4,0.0,0.0,0.0,0.0,0.0,0.0,0.0,0.0,1.0,0.0,0.0,0.0,9.0,4.0,0.0,0.0,0.0,0.0,0.0,0.0,0.0,0.0,4.0,12.0,1.0,12.18,5.0200000000000005,2.51,1.5,0.0,0.0,0.0,134.1,0.0,0.3,0.8,-0.5,-169.60000000000002,0.0,0.0,169.60000000000002,0.0,21.3,29.0,29.0,30.0,300.0,300.0,31.700000000000003,35.7,28.9,28.1,30.0,4.95,1.99,4.97,0.16,0.0,0.0,1027.0,8228.0,0.0,0.0,0.0,0.0,0.0,1.0,0.0,0.0,0.0,0.0,0.0,0.5,0.0,0.6000000000000001,0.0,0.0,16.0,25903.0
2026-07-30T19:02:29.192Z,318.675,318.69,0.0,7.4,0.0,0.0,0.0,0.0,0.0,0.0,0.0,0.0,1.0,0.0,0.0,0.0,9.0,4.0,0.0,0.0,0.0,0.0,0.0,0.0,0.0,0.0,5.0,12.0,1.0,12.18,5.0200000000000005,2.51,1.5,0.0,0.0,0.0,134.1,0.0,-0.2,-0.3,-0.6000000000000001,-169.60000000000002,0.0,0.0,169.60000000000002,0.0,21.3,29.0,29.0,30.0,300.0,300.0,31.700000000000003,35.7,28.9,28.1,30.0,4.95,1.99,4.97,0.16,0.0,0.0,1027.0,8228.0,0.0,0.0,0.0,0.0,0.0,1.0,0.0,0.0,0.0,0.0,0.0,-0.8,0.0,0.4,0.0,0.0,16.0,25903.0
2026-07-30T19:02:29.204Z,318.687,318.702,0.0,7.4,0.0,0.0,0.0,0.0,0.0,0.0,0.0,0.0,1.0,0.0,0.0,0.0,9.0,4.0,0.0,0.0,0.0,0.0,0.0,0.0,0.0,0.0,6.0,12.0,1.0,12.18,5.0200000000000005,2.51,1.5,0.0,0.0,0.0,133.9,0.0,-0.2,-0.3,0.0,-169.60000000000002,0.0,0.0,169.70000000000002,0.0,21.3,29.0,29.0,30.0,300.0,300.0,31.700000000000003,35.7,28.9,28.1,30.0,4.96,1.99,4.97,0.16,0.0,0.0,1027.0,8228.0,0.0,0.0,0.0,0.0,0.0,1.0,0.0,0.0,0.0,0.0,0.0,-0.3,0.0,0.0,0.0,0.0,16.0,25903.0
2026-07-30T19:02:29.216Z,318.699,318.714,0.0,7.4,0.0,0.0,0.0,0.0,0.0,0.0,0.0,0.0,1.0,0.0,0.0,0.0,9.0,4.0,0.0,0.0,0.0,0.0,0.0,0.0,0.0,0.0,1.0,12.0,1.0,12.18,5.0200000000000005,2.51,1.5,0.0,0.0,0.0,133.8,0.0,-0.2,-0.9,0.0,-169.60000000000002,0.0,0.0,169.8,0.0,21.3,29.0,29.0,30.0,300.0,300.0,31.700000000000003,35.7,28.9,28.1,30.0,4.95,1.99,4.97,0.16,0.0,0.0,1027.0,8228.0,0.0,0.0,0.0,0.0,0.0,1.0,0.0,0.0,0.0,0.0,0.0,-1.1,0.0,-0.1,0.0,0.0,16.0,25903.0
2026-07-30T19:02:29.228Z,318.711,318.726,0.0,7.4,0.0,0.0,0.0,0.0,0.0,0.0,0.0,0.0,1.0,0.0,0.0,0.0,9.0,4.0,0.0,0.0,0.0,0.0,0.0,0.0,0.0,0.0,3.0,12.0,1.0,12.18,5.0200000000000005,2.51,1.5,0.0,0.0,0.0,133.70000000000002,0.0,0.3,0.2,0.5,-169.60000000000002,0.0,0.0,169.8,0.0,21.3,29.0,29.0,30.0,300.0,300.0,31.700000000000003,35.7,28.9,28.1,30.0,4.95,1.99,4.97,0.16,0.0,0.0,1027.0,8228.0,0.0,0.0,0.0,0.0,0.0,1.0,0.0,0.0,0.0,0.0,0.0,0.6000000000000001,0.0,-0.4,0.0,0.0001,16.0,25903.0
2026-07-30T19:02:29.240Z,318.723,318.738,0.0,7.4,0.0,0.0,0.0,0.0,0.0,0.0,0.0,0.0,1.0,0.0,0.0,0.0,9.0,4.0,0.0,0.0,0.0,0.0,0.0,0.0,0.0,0.0,4.0,12.0,1.0,12.19,5.01,2.5,1.49,0.0,0.0,0.0,133.6,0.0,0.2,0.2,-1.2000000000000002,-169.60000000000002,0.0,0.0,169.8,0.0,21.3,29.0,29.0,30.0,300.0,300.0,31.6,35.800000000000004,28.9,28.200000000000003,30.0,4.95,2.0,4.97,0.16,0.0,0.0,1027.0,8228.0,0.0,0.0,0.0,0.0,0.0,1.0,0.0,0.0,0.0,0.0,0.0,-0.6000000000000001,0.0,1.1,0.0,0.0,16.0,25903.0
2026-07-30T19:02:29.252Z,318.735,318.75,0.0,7.4,0.0,0.0,0.0,0.0,0.0,0.0,0.0,0.0,1.0,0.0,0.0,0.0,9.0,4.0,0.0,0.0,0.0,0.0,0.0,0.0,0.0,0.0,5.0,12.0,1.0,12.19,5.01,2.5,1.49,0.0,0.0,0.0,133.5,0.0,0.3,-0.3,0.0,-169.60000000000002,0.0,0.0,169.70000000000002,0.0,21.3,29.0,29.0,30.0,300.0,300.0,31.6,35.800000000000004,28.9,28.200000000000003,30.0,4.95,2.0,4.96,0.16,0.0,0.0,1027.0,8228.0,0.0,0.0,0.0,0.0,0.0,1.0,0.0,0.0,0.0,0.0,0.0,-0.3,0.0,0.0,0.0,0.0,16.0,25903.0
2026-07-30T19:02:29.264Z,318.747,318.762,0.0,7.4,0.0,0.0,0.0,0.0,0.0,0.0,0.0,0.0,1.0,0.0,0.0,0.0,9.0,4.0,0.0,0.0,0.0,0.0,0.0,0.0,0.0,0.0,6.0,12.0,1.0,12.19,5.01,2.5,1.49,0.0,0.0,0.0,133.4,0.0,-0.2,-0.8,1.1,-169.70000000000002,0.0,0.0,169.8,0.0,21.3,29.0,29.0,30.0,300.0,300.0,31.6,35.800000000000004,28.9,28.200000000000003,30.0,4.96,1.99,4.97,0.16,0.0,0.0,1027.0,8228.0,0.0,0.0,0.0,0.0,0.0,1.0,0.0,0.0,0.0,0.0,0.0,-0.1,0.0,-1.2000000000000002,0.0,0.0,16.0,25903.0
2026-07-30T19:02:29.276Z,318.759,318.774,0.0,7.4,0.0,0.0,0.0,0.0,0.0,0.0,0.0,0.0,1.0,0.0,0.0,0.0,9.0,4.0,0.0,0.0,0.0,0.0,0.0,0.0,0.0,0.0,1.0,12.0,1.0,12.19,5.01,2.5,1.49,0.0,0.0,0.0,133.3,0.0,0.9,0.8,0.0,-169.70000000000002,0.0,0.0,169.8,0.0,21.3,29.0,29.0,30.0,300.0,300.0,31.6,35.800000000000004,28.9,28.200000000000003,30.0,4.96,1.99,4.96,0.16,0.0,0.0,1027.0,8228.0,0.0,0.0,0.0,0.0,0.0,1.0,0.0,0.0,0.0,0.0,0.0,0.9,0.0,0.1,0.0,0.0,16.0,25903.0
2026-07-30T19:02:29.288Z,318.771,318.786,0.0,7.4,0.0,0.0,0.0,0.0,0.0,0.0,0.0,0.0,1.0,0.0,0.0,0.0,9.0,4.0,0.0,0.0,0.0,0.0,0.0,0.0,0.0,0.0,3.0,12.0,1.0,12.19,5.01,2.5,1.49,0.0,0.1,0.0,133.20000000000002,0.0,0.9,0.9,1.2000000000000002,-169.70000000000002,0.0,0.0,169.8,0.0,21.3,29.0,29.0,30.0,300.0,300.0,31.6,35.800000000000004,28.9,28.200000000000003,30.0,4.96,1.99,4.96,0.16,0.0,0.0,1027.0,8228.0,0.0,0.0,0.0,0.0,0.0,1.0,0.0,0.0,0.0,0.0,0.0,1.9,0.0,-0.8,0.0,0.0,16.0,25903.0
2026-07-30T19:02:29.300Z,318.783,318.798,0.0,7.4,0.0,0.0,0.0,0.0,0.0,0.0,0.0,0.0,1.0,0.0,0.0,0.0,9.0,4.0,0.0,0.0,0.0,0.0,0.0,0.0,0.0,0.0,4.0,12.0,1.0,12.19,5.01,2.5,1.49,0.0,0.0,0.0,133.1,0.0,-0.2,0.2,-0.5,-169.70000000000002,0.0,0.0,169.70000000000002,0.0,21.3,29.0,29.0,30.0,300.0,300.0,31.6,35.800000000000004,28.9,28.200000000000003,30.0,4.95,1.99,4.96,0.16,0.0,0.0,1027.0,8228.0,0.0,0.0,0.0,0.0,0.0,1.0,0.0,0.0,0.0,0.0,0.0,0.0,0.0,0.5,0.0,0.0,16.0,25903.0
2026-07-30T19:02:29.312Z,318.795,318.81,0.0,7.4,0.0,0.0,0.0,0.0,0.0,0.0,0.0,0.0,1.0,0.0,0.0,0.0,9.0,4.0,0.0,0.0,0.0,0.0,0.0,0.0,0.0,0.0,5.0,12.0,1.0,12.19,5.01,2.5,1.49,0.0,0.0,0.0,132.9,0.0,-0.1,-0.3,-0.4,-169.70000000000002,0.0,0.0,169.70000000000002,0.0,21.3,29.0,29.0,30.0,300.0,300.0,31.6,35.800000000000004,28.9,28.200000000000003,30.0,4.96,1.99,4.97,0.16,0.0,0.0,1027.0,8228.0,0.0,0.0,0.0,0.0,0.0,1.0,0.0,0.0,0.0,0.0,0.0,-0.7000000000000001,0.0,0.3,0.0,0.0001,16.0,25903.0
2026-07-30T19:02:29.324Z,318.807,318.822,0.0,7.4,0.0,0.0,0.0,0.0,0.0,0.0,0.0,0.0,1.0,0.0,0.0,0.0,9.0,4.0,0.0,0.0,0.0,0.0,0.0,0.0,0.0,0.0,1.0,12.0,1.0,12.19,5.01,2.5,1.49,0.0,0.1,0.0,132.8,0.0,0.4,0.8,0.6000000000000001,-169.70000000000002,0.0,0.0,169.70000000000002,0.0,21.3,29.0,29.0,30.0,300.0,300.0,31.6,35.800000000000004,28.9,28.200000000000003,30.0,4.96,2.0,4.96,0.16,0.0,0.0,1027.0,8228.0,0.0,0.0,0.0,0.0,0.0,1.0,0.0,0.0,0.0,0.0,0.0,1.4,0.0,-0.3,0.0,0.0,16.0,25903.0
2026-07-30T19:02:29.337Z,318.82,318.834,0.0,7.4,0.0,0.0,0.0,0.0,0.0,0.0,0.0,0.0,1.0,0.0,0.0,0.0,9.0,4.0,0.0,0.0,0.0,0.0,0.0,0.0,0.0,0.0,2.0,12.0,1.0,12.17,5.0200000000000005,2.51,1.49,0.0,0.0,0.0,132.8,0.0,-0.1,0.2,0.0,-169.70000000000002,0.0,0.0,169.70000000000002,0.0,21.3,29.0,29.0,30.0,300.0,300.0,31.6,35.800000000000004,28.9,28.1,30.0,4.95,1.99,4.96,0.16,0.0,0.0,1027.0,8228.0,0.0,0.0,0.0,0.0,0.0,1.0,0.0,0.0,0.0,0.0,0.0,0.3,0.0,0.0,0.0,0.0,16.0,25903.0
2026-07-30T19:02:29.348Z,318.831,318.846,0.0,7.4,0.0,0.0,0.0,0.0,0.0,0.0,0.0,0.0,1.0,0.0,0.0,0.0,9.0,4.0,0.0,0.0,0.0,0.0,0.0,0.0,0.0,0.0,3.0,12.0,1.0,12.17,5.0200000000000005,2.51,1.49,-0.1,0.0,0.0,132.6,0.0,-0.7000000000000001,-0.3,-0.5,-169.70000000000002,0.0,0.0,169.70000000000002,0.0,21.3,29.0,29.0,30.0,300.0,300.0,31.6,35.800000000000004,28.9,28.1,30.0,4.95,1.99,4.97,0.16,0.0,0.0,1027.0,8228.0,0.0,0.0,0.0,0.0,0.0,1.0,0.0,0.0,0.0,0.0,0.0,-0.7000000000000001,0.0,0.4,0.0,0.0,16.0,25903.0
2026-07-30T19:02:29.360Z,318.843,318.858,0.0,7.4,0.0,0.0,0.0,0.0,0.0,0.0,0.0,0.0,1.0,0.0,0.0,0.0,9.0,4.0,0.0,0.0,0.0,0.0,0.0,0.0,0.0,0.0,5.0,12.0,1.0,12.17,5.0200000000000005,2.51,1.49,0.0,0.0,0.0,132.6,0.0,0.4,0.2,-1.1,-169.70000000000002,0.0,0.0,169.70000000000002,0.0,21.3,29.0,29.0,30.0,300.0,300.0,31.6,35.800000000000004,28.9,28.1,30.0,4.96,1.99,4.96,0.16,0.0,0.0,1027.0,8228.0,0.0,0.0,0.0,0.0,0.0,1.0,0.0,0.0,0.0,0.0,0.0,-0.5,0.0,1.0,0.0,0.0,16.0,25903.0
2026-07-30T19:02:29.372Z,318.855,318.87,0.0,7.4,0.0,0.0,0.0,0.0,0.0,0.0,0.0,0.0,1.0,0.0,0.0,0.0,9.0,4.0,0.0,0.0,0.0,0.0,0.0,0.0,0.0,0.0,6.0,12.0,1.0,12.17,5.0200000000000005,2.51,1.49,0.0,0.0,0.0,132.4,0.0,0.9,0.2,0.0,-169.70000000000002,0.0,0.0,169.70000000000002,0.0,21.3,29.0,29.0,30.0,300.0,300.0,31.6,35.800000000000004,28.9,28.1,30.0,4.96,1.99,4.96,0.16,0.0,0.0,1027.0,8228.0,0.0,0.0,0.0,0.0,0.0,1.0,0.0,0.0,0.0,0.0,0.0,0.3,0.0,0.0,0.0,0.0,16.0,25903.0
2026-07-30T19:02:29.384Z,318.867,318.882,0.0,7.4,0.0,0.0,0.0,0.0,0.0,0.0,0.0,0.0,1.0,0.0,0.0,0.0,9.0,4.0,0.0,0.0,0.0,0.0,0.0,0.0,0.0,0.0,1.0,12.0,1.0,12.17,5.0200000000000005,2.51,1.49,0.0,0.0,0.0,132.3,0.0,1.0,1.4,0.5,-169.70000000000002,0.0,0.0,169.70000000000002,0.0,21.3,29.0,29.0,30.0,300.0,300.0,31.6,35.800000000000004,28.9,28.1,30.0,4.95,1.99,4.96,0.16,0.0,0.0,1027.0,8228.0,0.0,0.0,0.0,0.0,0.0,1.0,0.0,0.0,0.0,0.0,0.0,2.0,0.0,-0.1,0.0,0.0,16.0,25903.0
2026-07-30T19:02:29.396Z,318.879,318.894,0.0,7.4,0.0,0.0,0.0,0.0,0.0,0.0,0.0,0.0,1.0,0.0,0.0,0.0,9.0,4.0,0.0,0.0,0.0,0.0,0.0,0.0,0.0,0.0,3.0,12.0,1.0,12.17,5.0200000000000005,2.51,1.49,0.0,0.0,0.0,132.20000000000002,0.0,1.0,0.2,0.5,-169.70000000000002,0.0,0.0,169.8,0.0,21.3,29.0,29.0,30.0,300.0,300.0,31.6,35.800000000000004,28.9,28.1,30.0,4.96,1.99,4.97,0.16,0.0,0.0,1027.0,8228.0,0.0,0.0,0.0,0.0,0.0,1.0,0.0,0.0,0.0,0.0,0.0,0.6000000000000001,0.0,-0.4,0.0,0.0,16.0,25903.0
2026-07-30T19:02:29.408Z,318.891,318.906,0.0,7.4,0.0,0.0,0.0,0.0,0.0,0.0,0.0,0.0,1.0,0.0,0.0,0.0,9.0,4.0,0.0,0.0,0.0,0.0,0.0,0.0,0.0,0.0,4.0,12.0,1.0,12.17,5.0200000000000005,2.51,1.49,0.0,0.0,0.0,132.1,0.0,-0.7000000000000001,-0.3,-0.6000000000000001,-169.70000000000002,0.0,0.0,169.60000000000002,0.0,21.3,29.0,29.0,30.0,300.0,300.0,31.6,35.800000000000004,28.9,28.1,30.0,4.95,1.99,4.96,0.16,0.0,0.0,1027.0,8228.0,0.0,0.0,0.0,0.0,0.0,1.0,0.0,0.0,0.0,0.0,0.0,-0.8,0.0,0.4,0.0,0.0001,16.0,25903.0
2026-07-30T19:02:29.420Z,318.903,318.918,0.0,7.4,0.0,0.0,0.0,0.0,0.0,0.0,0.0,0.0,1.0,0.0,0.0,0.0,9.0,4.0,0.0,0.0,0.0,0.0,0.0,0.0,0.0,0.0,6.0,12.0,1.0,12.17,5.0200000000000005,2.51,1.49,0.0,0.0,0.0,132.0,0.0,-0.1,0.2,0.0,-169.70000000000002,0.0,0.0,169.70000000000002,0.0,21.3,29.0,29.0,30.0,300.0,300.0,31.6,35.800000000000004,28.9,28.1,30.0,4.95,1.99,4.97,0.16,0.0,0.0,1027.0,8228.0,0.0,0.0,0.0,0.0,0.0,1.0,0.0,0.0,0.0,0.0,0.0,0.2,0.0,0.0,0.0,0.0001,16.0,25903.0
2026-07-30T19:02:29.432Z,318.915,318.93,0.0,7.4,0.0,0.0,0.0,0.0,0.0,0.0,0.0,0.0,1.0,0.0,0.0,0.0,9.0,4.0,0.0,0.0,0.0,0.0,0.0,0.0,0.0,0.0,1.0,12.0,1.0,12.17,5.0200000000000005,2.51,1.49,0.0,0.0,0.0,131.9,0.0,0.3,0.8,0.0,-169.70000000000002,0.0,0.0,169.70000000000002,0.0,21.3,29.0,29.0,30.0,300.0,300.0,31.6,35.800000000000004,28.9,28.1,30.0,4.95,1.99,4.97,0.16,0.0,0.0,1027.0,8228.0,0.0,0.0,0.0,0.0,0.0,1.0,0.0,0.0,0.0,0.0,0.0,0.9,0.0,0.2,0.0,0.0,16.0,25903.0
2026-07-30T19:02:29.444Z,318.927,318.942,0.0,7.4,0.0,0.0,0.0,0.0,0.0,0.0,0.0,0.0,1.0,0.0,0.0,0.0,9.0,4.0,0.0,0.0,0.0,0.0,0.0,0.0,0.0,0.0,2.0,12.0,1.0,12.18,5.01,2.51,1.49,0.0,0.0,0.0,131.8,0.0,-0.2,-0.3,-0.6000000000000001,-169.70000000000002,0.0,0.0,169.8,0.0,21.4,29.0,29.0,30.0,300.0,300.0,31.6,35.800000000000004,28.9,28.200000000000003,30.0,4.96,1.99,4.96,0.16,0.0,0.0,1027.0,8228.0,0.0,0.0,0.0,0.0,0.0,1.0,0.0,0.0,0.0,0.0,0.0,-0.8,0.0,0.4,0.0,0.0,16.0,25903.0
2026-07-30T19:02:29.456Z,318.939,318.954,0.0,7.4,0.0,0.0,0.0,0.0,0.0,0.0,0.0,0.0,1.0,0.0,0.0,0.0,9.0,4.0,0.0,0.0,0.0,0.0,0.0,0.0,0.0,0.0,4.0,12.0,1.0,12.18,5.01,2.51,1.49,0.0,0.0,0.0,131.70000000000002,0.0,-0.2,-0.9,0.0,-169.70000000000002,0.0,0.0,169.8,0.0,21.4,29.0,29.0,30.0,300.0,300.0,31.6,35.800000000000004,28.9,28.200000000000003,30.0,4.95,1.99,4.97,0.16,0.0,0.0,1027.0,8228.0,0.0,0.0,0.0,0.0,0.0,1.0,0.0,0.0,0.0,0.0,0.0,2.1,0.0,-1.3,0.0,0.0,16.0,25903.0
2026-07-30T19:02:29.468Z,318.951,318.966,0.0,7.4,0.0,0.0,0.0,0.0,0.0,0.0,0.0,0.0,1.0,0.0,0.0,0.0,9.0,4.0,0.0,0.0,0.0,0.0,0.0,0.0,0.0,0.0,5.0,12.0,1.0,12.18,5.01,2.51,1.49,0.0,0.0,0.0,131.6,0.0,0.9,0.1,1.1,-169.70000000000002,0.0,0.0,169.60000000000002,0.0,21.4,29.0,29.0,30.0,300.0,300.0,31.6,35.800000000000004,28.9,28.200000000000003,30.0,4.95,2.0,4.97,0.16,0.0,0.0,1027.0,8228.0,0.0,0.0,0.0,0.0,0.0,1.0,0.0,0.0,0.0,0.0,0.0,0.1,0.0,0.0,0.0,0.0,16.0,25903.0
2026-07-30T19:02:29.480Z,318.963,318.978,0.0,7.4,0.0,0.0,0.0,0.0,0.0,0.0,0.0,0.0,1.0,0.0,0.0,0.0,9.0,4.0,0.0,0.0,0.0,0.0,0.0,0.0,0.0,0.0,1.0,12.0,1.0,12.18,5.01,2.51,1.49,0.0,0.0,0.0,131.5,0.0,0.3,0.2,1.1,-169.70000000000002,0.0,0.0,169.70000000000002,0.0,21.4,29.0,29.0,30.0,300.0,300.0,31.6,35.800000000000004,28.9,28.200000000000003,30.0,4.96,2.0,4.97,0.16,0.0,0.0,1027.0,8228.0,0.0,0.0,0.0,0.0,0.0,1.0,0.0,0.0,0.0,0.0,0.0,-0.6000000000000001,0.0,1.1,0.0,0.0001,16.0,25903.0
2026-07-30T19:02:29.492Z,318.975,318.99,0.0,7.4,0.0,0.0,0.0,0.0,0.0,0.0,0.0,0.0,1.0,0.0,0.0,0.0,9.0,4.0,0.0,0.0,0.0,0.0,0.0,0.0,0.0,0.0,2.0,12.0,1.0,12.18,5.01,2.51,1.49,0.0,0.0,0.0,131.4,0.0,0.2,0.2,0.0,-169.70000000000002,0.0,0.0,169.70000000000002,0.0,21.4,29.0,29.0,30.0,300.0,300.0,31.6,35.800000000000004,28.9,28.200000000000003,30.0,4.95,2.0,4.97,0.16,0.0,0.0,1027.0,8228.0,0.0,0.0,0.0,0.0,0.0,1.0,0.0,0.0,0.0,0.0,0.0,-1.3,0.0,1.0,0.0,0.0,16.0,25903.0
2026-07-30T19:02:29.504Z,318.987,319.002,0.0,7.4,0.0,0.0,0.0,0.0,0.0,0.0,0.0,0.0,1.0,0.0,0.0,0.0,9.0,4.0,0.0,0.0,0.0,0.0,0.0,0.0,0.0,0.0,3.0,12.0,1.0,12.18,5.01,2.51,1.49,0.0,0.0,0.0,131.3,0.0,0.8,-0.9,-0.1,-169.70000000000002,0.0,0.0,169.70000000000002,0.0,21.4,29.0,29.0,30.0,300.0,300.0,31.6,35.800000000000004,28.9,28.200000000000003,30.0,4.95,1.99,4.96,0.16,0.0,0.0,1027.0,8228.0,0.0,0.0,0.0,0.0,0.0,1.0,0.0,0.0,0.0,0.0,0.0,-1.1,0.0,-0.1,0.0,0.0,16.0,25903.0
2026-07-30T19:02:29.516Z,318.999,319.014,0.0,7.4,0.0,0.0,0.0,0.0,0.0,0.0,0.0,0.0,1.0,0.0,0.0,0.0,9.0,4.0,0.0,0.0,0.0,0.0,0.0,0.0,0.0,0.0,5.0,12.0,1.0,12.18,5.01,2.51,1.49,0.0,0.0,0.0,131.20000000000002,0.0,-0.3,0.2,0.4,-169.70000000000002,0.0,0.0,169.70000000000002,0.0,21.4,29.0,29.0,30.0,300.0,300.0,31.6,35.800000000000004,28.9,28.200000000000003,30.0,4.95,1.99,4.96,0.16,0.0,0.0,1027.0,8228.0,0.0,0.0,0.0,0.0,0.0,1.0,0.0,0.0,0.0,0.0,0.0,0.5,0.0,-0.3,0.0,0.0,16.0,25903.0
2026-07-30T19:02:29.528Z,319.011,319.026,0.0,7.4,0.0,0.0,0.0,0.0,0.0,0.0,0.0,0.0,1.0,0.0,0.0,0.0,9.0,4.0,0.0,0.0,0.0,0.0,0.0,0.0,0.0,0.0,6.0,12.0,1.0,12.18,5.01,2.51,1.49,0.0,0.1,0.0,131.1,0.0,0.2,0.2,0.4,-169.70000000000002,0.0,0.0,169.70000000000002,0.0,21.4,29.0,29.0,30.0,300.0,300.0,31.6,35.800000000000004,28.9,28.200000000000003,30.0,4.96,1.99,4.96,0.16,0.0,0.0,1027.0,8228.0,0.0,0.0,0.0,0.0,0.0,1.0,0.0,0.0,0.0,0.0,0.0,0.5,0.0,-0.3,0.0,0.0,16.0,25903.0
2026-07-30T19:02:29.541Z,319.024,319.038,0.0,7.4,0.0,0.0,0.0,0.0,0.0,0.0,0.0,0.0,1.0,0.0,0.0,0.0,9.0,4.0,0.0,0.0,0.0,0.0,0.0,0.0,0.0,0.0,1.0,12.0,1.0,12.17,5.01,2.5,1.5,0.0,0.1,0.0,131.0,0.0,0.2,-0.4,0.4,-169.70000000000002,0.0,0.0,169.70000000000002,0.0,21.4,29.0,29.0,30.0,300.0,300.0,31.700000000000003,35.800000000000004,28.9,28.200000000000003,30.0,4.95,1.99,4.97,0.16,0.0,0.0,1027.0,8228.0,0.0,0.0,0.0,0.0,0.0,1.0,0.0,0.0,0.0,0.0,0.0,0.0,0.0,-0.5,0.0,0.0,16.0,25903.0
2026-07-30T19:02:29.552Z,319.035,319.05,0.0,7.4,0.0,0.0,0.0,0.0,0.0,0.0,0.0,0.0,1.0,0.0,0.0,0.0,9.0,4.0,0.0,0.0,0.0,0.0,0.0,0.0,0.0,0.0,2.0,12.0,1.0,12.17,5.01,2.5,1.5,0.0,0.0,0.0,130.8,0.0,0.8,0.1,-0.1,-169.70000000000002,0.0,0.0,169.70000000000002,0.0,21.4,29.0,29.0,30.0,300.0,300.0,31.700000000000003,35.800000000000004,28.9,28.200000000000003,30.0,4.96,2.0,4.96,0.16,0.0,0.0,1027.0,8228.0,0.0,0.0,0.0,0.0,0.0,1.0,0.0,0.0,0.0,0.0,0.0,0.0,0.0,0.1,0.0,0.0,16.0,25903.0
2026-07-30T19:02:29.564Z,319.047,319.062,0.0,7.4,0.0,0.0,0.0,0.0,0.0,0.0,0.0,0.0,1.0,0.0,0.0,0.0,9.0,4.0,0.0,0.0,0.0,0.0,0.0,0.0,0.0,0.0,4.0,12.0,1.0,12.17,5.01,2.5,1.5,0.0,0.0,0.0,130.70000000000002,0.0,-0.3,0.0,-0.6000000000000001,-169.70000000000002,0.0,0.0,169.70000000000002,0.0,21.4,29.0,29.0,30.0,300.0,300.0,31.700000000000003,35.800000000000004,28.9,28.200000000000003,30.0,4.96,1.99,4.97,0.16,0.0,0.0,1027.0,8228.0,0.0,0.0,0.0,0.0,0.0,1.0,0.0,0.0,0.0,0.0,0.0,-0.4,0.0,0.6000000000000001,0.0,0.0,16.0,25903.0
2026-07-30T19:02:29.576Z,319.059,319.074,0.0,7.4,0.0,0.0,0.0,0.0,0.0,0.0,0.0,0.0,1.0,0.0,0.0,0.0,9.0,4.0,0.0,0.0,0.0,0.0,0.0,0.0,0.0,0.0,5.0,12.0,1.0,12.17,5.01,2.5,1.5,0.0,0.1,0.0,130.70000000000002,0.0,-0.3,0.6000000000000001,-0.1,-169.60000000000002,0.0,0.0,169.60000000000002,0.0,21.4,29.0,29.0,30.0,300.0,300.0,31.700000000000003,35.800000000000004,28.9,28.200000000000003,30.0,4.95,1.99,4.97,0.16,0.0,0.0,1027.0,8228.0,0.0,0.0,0.0,0.0,0.0,1.0,0.0,0.0,0.0,0.0,0.0,0.6000000000000001,0.0,0.2,0.0,0.0,16.0,25903.0
2026-07-30T19:02:29.588Z,319.071,319.086,0.0,7.4,0.0,0.0,0.0,0.0,0.0,0.0,0.0,0.0,1.0,0.0,0.0,0.0,9.0,4.0,0.0,0.0,0.0,0.0,0.0,0.0,0.0,0.0,6.0,12.0,1.0,12.17,5.01,2.5,1.5,0.0,0.1,0.0,130.9,0.0,0.1,0.6000000000000001,0.9,-169.60000000000002,0.0,0.0,169.70000000000002,0.0,21.4,29.0,29.0,30.0,300.0,300.0,31.700000000000003,35.800000000000004,28.9,28.200000000000003,30.0,4.96,1.99,4.97,0.16,0.0,0.0,1027.0,8228.0,0.0,0.0,0.0,0.0,0.0,1.0,0.0,0.0,0.0,0.0,0.0,1.4,0.0,-0.7000000000000001,0.0,0.0,16.0,25903.0
2026-07-30T19:02:29.600Z,319.083,319.098,0.0,7.4,0.0,0.0,0.0,0.0,0.0,0.0,0.0,0.0,1.0,0.0,0.0,0.0,9.0,4.0,0.0,0.0,0.0,0.0,0.0,0.0,0.0,0.0,1.0,12.0,1.0,12.17,5.01,2.5,1.5,0.0,0.0,0.0,131.0,0.0,-0.3,-0.5,-1.9,-169.60000000000002,0.0,0.0,169.70000000000002,0.0,21.4,29.0,29.0,30.0,300.0,300.0,31.700000000000003,35.800000000000004,28.9,28.200000000000003,30.0,4.96,1.99,4.96,0.16,0.0,0.0,1027.0,8228.0,0.0,0.0,0.0,0.0,0.0,1.0,0.0,0.0,0.0,0.0,0.0,-2.0,0.0,1.5,0.0,0.0,16.0,25903.0
2026-07-30T19:02:29.612Z,319.095,319.11,0.0,7.4,0.0,0.0,0.0,0.0,0.0,0.0,0.0,0.0,1.0,0.0,0.0,0.0,9.0,4.0,0.0,0.0,0.0,0.0,0.0,0.0,0.0,0.0,2.0,12.0,1.0,12.17,5.01,2.5,1.5,0.0,0.0,0.0,131.20000000000002,0.0,0.7000000000000001,0.0,-0.2,-169.60000000000002,0.0,0.0,169.70000000000002,0.0,21.4,29.0,29.0,30.0,300.0,300.0,31.700000000000003,35.800000000000004,28.9,28.200000000000003,30.0,4.96,1.99,4.97,0.16,0.0,0.0,1027.0,8228.0,0.0,0.0,0.0,0.0,0.0,1.0,0.0,0.0,0.0,0.0,0.0,0.0,0.0,0.1,0.0,0.0,16.0,25903.0
2026-07-30T19:02:29.624Z,319.107,319.122,0.0,7.4,0.0,0.0,0.0,0.0,0.0,0.0,0.0,0.0,1.0,0.0,0.0,0.0,9.0,4.0,0.0,0.0,0.0,0.0,0.0,0.0,0.0,0.0,3.0,12.0,1.0,12.17,5.01,2.5,1.5,0.0,0.0,0.0,131.4,0.0,-0.3,0.0,1.0,-169.60000000000002,0.0,0.0,169.70000000000002,0.0,21.4,29.0,29.0,30.0,300.0,300.0,31.700000000000003,35.800000000000004,28.9,28.200000000000003,30.0,4.95,1.99,4.97,0.16,0.0,0.0,1027.0,8228.0,0.0,0.0,0.0,0.0,0.0,1.0,0.0,0.0,0.0,0.0,0.0,0.8,0.0,-0.8,0.0,0.0,16.0,25903.0
2026-07-30T19:02:29.636Z,319.119,319.134,0.0,7.4,0.0,0.0,0.0,0.0,0.0,0.0,0.0,0.0,1.0,0.0,0.0,0.0,9.0,4.0,0.0,0.0,0.0,0.0,0.0,0.0,0.0,0.0,4.0,12.0,1.0,12.17,5.01,2.5,1.5,0.0,0.0,0.0,131.6,0.0,0.1,0.6000000000000001,0.4,-169.60000000000002,0.0,0.0,169.70000000000002,0.0,21.4,29.0,29.0,30.0,300.0,300.0,31.700000000000003,35.800000000000004,28.9,28.200000000000003,30.0,4.96,1.99,4.97,0.16,0.0,0.0,1027.0,8228.0,0.0,0.0,0.0,0.0,0.0,1.0,0.0,0.0,0.0,0.0,0.0,1.1,0.0,-0.2,0.0,0.0,16.0,25903.0
2026-07-30T19:02:29.648Z,319.131,319.146,0.0,7.4,0.0,0.0,0.0,0.0,0.0,0.0,0.0,0.0,1.0,0.0,0.0,0.0,9.0,4.0,0.0,0.0,0.0,0.0,0.0,0.0,0.0,0.0,5.0,12.0,1.0,12.15,5.0200000000000005,2.5,1.49,0.0,0.0,0.0,131.8,0.0,0.2,-1.0,1.0,-169.60000000000002,0.0,0.0,169.8,0.0,21.4,29.0,29.0,30.0,300.0,300.0,31.6,35.800000000000004,28.9,28.1,30.1,4.95,1.99,4.96,0.16,0.0,0.0,1027.0,8228.0,0.0,0.0,0.0,0.0,0.0,1.0,0.0,0.0,0.0,0.0,0.0,-0.4,0.0,-1.1,0.0,0.0,16.0,25903.0
2026-07-30T19:02:29.660Z,319.143,319.158,0.0,7.4,0.0,0.0,0.0,0.0,0.0,0.0,0.0,0.0,1.0,0.0,0.0,0.0,9.0,4.0,0.0,0.0,0.0,0.0,0.0,0.0,0.0,0.0,6.0,12.0,1.0,12.15,5.0200000000000005,2.5,1.49,0.0,0.0,0.0,132.0,0.0,0.2,0.1,-0.6000000000000001,-169.70000000000002,0.0,0.0,169.8,0.0,21.4,29.0,29.0,30.0,300.0,300.0,31.6,35.800000000000004,28.9,28.1,30.1,4.95,1.99,4.97,0.16,0.0,0.0,1027.0,8228.0,0.0,0.0,0.0,0.0,0.0,1.0,0.0,0.0,0.0,0.0,0.0,-0.3,0.0,0.5,0.0,0.0,16.0,25903.0
2026-07-30T19:02:29.672Z,319.155,319.17,0.0,7.4,0.0,0.0,0.0,0.0,0.0,0.0,0.0,0.0,1.0,0.0,0.0,0.0,9.0,4.0,0.0,0.0,0.0,0.0,0.0,0.0,0.0,0.0,2.0,12.0,1.0,12.15,5.0200000000000005,2.5,1.49,0.0,0.0,0.0,132.1,0.0,0.8,0.7000000000000001,0.5,-169.70000000000002,0.0,0.0,169.8,0.0,21.4,29.0,29.0,30.0,300.0,300.0,31.6,35.800000000000004,28.9,28.1,30.1,4.96,1.99,4.97,0.16,0.0,0.0,1027.0,8228.0,0.0,0.0,0.0,0.0,0.0,1.0,0.0,0.0,0.0,0.0,0.0,1.2000000000000002,0.0,-0.3,0.0,0.0001,16.0,25903.0
2026-07-30T19:02:29.684Z,319.167,319.182,0.0,7.4,0.0,0.0,0.0,0.0,0.0,0.0,0.0,0.0,1.0,0.0,0.0,0.0,9.0,4.0,0.0,0.0,0.0,0.0,0.0,0.0,0.0,0.0,3.0,12.0,1.0,12.15,5.0200000000000005,2.5,1.49,0.0,0.0,0.0,132.3,0.0,0.2,-0.3,1.1,-169.70000000000002,0.0,0.0,169.8,0.0,21.4,29.0,29.0,30.0,300.0,300.0,31.6,35.800000000000004,28.9,28.1,30.1,4.96,1.99,4.96,0.16,0.0,0.0,1027.0,8228.0,0.0,0.0,0.0,0.0,0.0,1.0,0.0,0.0,0.0,0.0,0.0,0.4,0.0,-1.1,0.0,0.0,16.0,25903.0
2026-07-30T19:02:29.696Z,319.179,319.194,0.0,7.4,0.0,0.0,0.0,0.0,0.0,0.0,0.0,0.0,1.0,0.0,0.0,0.0,9.0,4.0,0.0,0.0,0.0,0.0,0.0,0.0,0.0,0.0,4.0,12.0,1.0,12.15,5.0200000000000005,2.5,1.49,0.0,0.0,0.0,132.6,0.0,0.2,-0.3,0.0,-169.70000000000002,0.0,0.0,169.8,0.0,21.4,29.0,29.0,30.0,300.0,300.0,31.6,35.800000000000004,28.9,28.1,30.1,4.96,1.99,4.97,0.16,0.0,0.0,1027.0,8228.0,0.0,0.0,0.0,0.0,0.0,1.0,0.0,0.0,0.0,0.0,0.0,-0.4,0.0,0.0,0.0,0.0,16.0,25903.0
2026-07-30T19:02:29.708Z,319.191,319.206,0.0,7.4,0.0,0.0,0.0,0.0,0.0,0.0,0.0,0.0,1.0,0.0,0.0,0.0,9.0,4.0,0.0,0.0,0.0,0.0,0.0,0.0,0.0,0.0,5.0,12.0,1.0,12.15,5.0200000000000005,2.5,1.49,0.0,0.0,0.0,132.70000000000002,0.0,0.2,0.1,0.0,-169.70000000000002,0.0,0.0,169.8,0.0,21.4,29.0,29.0,30.0,300.0,300.0,31.6,35.800000000000004,28.9,28.1,30.1,4.96,1.99,4.97,0.16,0.0,0.0,1027.0,8228.0,0.0,0.0,0.0,0.0,0.0,1.0,0.0,0.0,0.0,0.0,0.0,0.2,0.0,0.0,0.0,0.0,16.0,25903.0
2026-07-30T19:02:29.720Z,319.203,319.218,0.0,7.4,0.0,0.0,0.0,0.0,0.0,0.0,0.0,0.0,1.0,0.0,0.0,0.0,9.0,4.0,0.0,0.0,0.0,0.0,0.0,0.0,0.0,0.0,6.0,12.0,1.0,12.15,5.0200000000000005,2.5,1.49,0.0,0.0,0.0,132.8,0.0,-0.3,0.1,0.6000000000000001,-169.70000000000002,0.0,0.0,169.8,0.0,21.4,29.0,29.0,30.0,300.0,300.0,31.6,35.800000000000004,28.9,28.1,30.1,4.96,1.99,4.97,0.16,0.0,0.0,1027.0,8228.0,0.0,0.0,0.0,0.0,0.0,1.0,0.0,0.0,0.0,0.0,0.0,0.6000000000000001,0.0,-0.5,0.0,0.0,16.0,25903.0
2026-07-30T19:02:29.732Z,319.215,319.23,0.0,7.4,0.0,0.0,0.0,0.0,0.0,0.0,0.0,0.0,1.0,0.0,0.0,0.0,9.0,4.0,0.0,0.0,0.0,0.0,0.0,0.0,0.0,0.0,2.0,12.0,1.0,12.15,5.0200000000000005,2.5,1.49,0.0,0.0,0.0,133.1,0.0,-0.3,-0.3,-0.5,-169.70000000000002,0.0,0.0,169.70000000000002,0.0,21.4,29.0,29.0,30.0,300.0,300.0,31.6,35.800000000000004,28.9,28.1,30.1,4.95,1.99,4.96,0.16,0.0,0.0,1027.0,8228.0,0.0,0.0,0.0,0.0,0.0,1.0,0.0,0.0,0.0,0.0,0.0,-0.8,0.0,0.3,0.0,0.0,16.0,25903.0
2026-07-30T19:02:29.745Z,319.228,319.242,0.0,7.4,0.0,0.0,0.0,0.0,0.0,0.0,0.0,0.0,1.0,0.0,0.0,0.0,9.0,4.0,0.0,0.0,0.0,0.0,0.0,0.0,0.0,0.0,3.0,12.0,1.0,12.17,5.0200000000000005,2.51,1.49,0.0,0.1,0.0,133.3,0.0,0.2,-0.4,-0.5,-169.70000000000002,0.0,0.0,169.70000000000002,0.0,21.0,29.0,29.0,30.0,300.0,300.0,31.6,35.800000000000004,28.9,28.1,30.0,4.96,1.99,4.97,0.16,0.0,0.0,1027.0,8228.0,0.0,0.0,0.0,0.0,0.0,1.0,0.0,0.0,0.0,0.0,0.0,-0.9,0.0,0.4,0.0,0.0001,16.0,25903.0
2026-07-30T19:02:29.756Z,319.239,319.254,0.0,7.4,0.0,0.0,0.0,0.0,0.0,0.0,0.0,0.0,1.0,0.0,0.0,0.0,9.0,4.0,0.0,0.0,0.0,0.0,0.0,0.0,0.0,0.0,4.0,12.0,1.0,12.17,5.0200000000000005,2.51,1.49,0.0,0.0,0.0,133.4,0.0,-0.9,0.7000000000000001,0.0,-169.70000000000002,0.0,0.0,169.70000000000002,0.0,21.0,29.0,29.0,30.0,300.0,300.0,31.6,35.800000000000004,28.9,28.1,30.0,4.96,2.0,4.96,0.16,0.0,0.0,1027.0,8228.0,0.0,0.0,0.0,0.0,0.0,1.0,0.0,0.0,0.0,0.0,0.0,0.8,0.0,0.1,0.0,0.0,16.0,25903.0
2026-07-30T19:02:29.768Z,319.251,319.266,0.0,7.4,0.0,0.0,0.0,0.0,0.0,0.0,0.0,0.0,1.0,0.0,0.0,0.0,9.0,4.0,0.0,0.0,0.0,0.0,0.0,0.0,0.0,0.0,5.0,12.0,1.0,12.17,5.0200000000000005,2.51,1.49,0.0,0.0,0.0,133.6,0.0,0.2,1.3,-0.6000000000000001,-169.70000000000002,0.0,0.0,169.70000000000002,0.0,21.0,29.0,29.0,30.0,300.0,300.0,31.6,35.800000000000004,28.9,28.1,30.0,4.96,1.99,4.96,0.16,0.0,0.0,1027.0,8228.0,0.0,0.0,0.0,0.0,0.0,1.0,0.0,0.0,0.0,0.0,0.0,1.0,0.0,0.8,0.0,0.0,16.0,25903.0
2026-07-30T19:02:29.781Z,319.264,319.278,0.0,7.4,0.0,0.0,0.0,0.0,0.0,0.0,0.0,0.0,1.0,0.0,0.0,0.0,9.0,4.0,0.0,0.0,0.0,0.0,0.0,0.0,0.0,0.0,6.0,12.0,1.0,12.17,5.0200000000000005,2.51,1.49,0.0,0.0,0.0,133.8,0.0,-0.3,0.7000000000000001,0.0,-169.70000000000002,0.0,0.0,169.60000000000002,0.0,21.0,29.0,29.0,30.0,300.0,300.0,31.6,35.800000000000004,28.9,28.1,30.0,4.95,1.99,4.96,0.16,0.0,0.0,1027.0,8228.0,0.0,0.0,0.0,0.0,0.0,1.0,0.0,0.0,0.0,0.0,0.0,0.7000000000000001,0.0,0.2,0.0,0.0,16.0,25903.0
2026-07-30T19:02:29.792Z,319.275,319.29,0.0,7.4,0.0,0.0,0.0,0.0,0.0,0.0,0.0,0.0,1.0,0.0,0.0,0.0,9.0,4.0,0.0,0.0,0.0,0.0,0.0,0.0,0.0,0.0,1.0,12.0,1.0,12.17,5.0200000000000005,2.51,1.49,0.0,0.0,0.0,134.0,0.0,-0.3,-0.4,-1.8,-169.70000000000002,0.0,0.0,169.70000000000002,0.0,21.0,29.0,29.0,30.0,300.0,300.0,31.6,35.800000000000004,28.9,28.1,30.0,4.96,1.99,4.97,0.16,0.0,0.0,1027.0,8228.0,0.0,0.0,0.0,0.0,0.0,1.0,0.0,0.0,0.0,0.0,0.0,-1.8,0.0,1.5,0.0,0.0,16.0,25903.0
2026-07-30T19:02:29.804Z,319.287,319.302,0.0,7.4,0.0,0.0,0.0,0.0,0.0,0.0,0.0,0.0,1.0,0.0,0.0,0.0,9.0,4.0,0.0,0.0,0.0,0.0,0.0,0.0,0.0,0.0,2.0,12.0,1.0,12.17,5.0200000000000005,2.51,1.49,0.0,0.0,0.0,134.1,0.0,-1.5,-0.4,-0.6000000000000001,-169.70000000000002,0.0,0.0,169.70000000000002,0.0,21.0,29.0,29.0,30.0,300.0,300.0,31.6,35.800000000000004,28.9,28.1,30.0,4.96,1.99,4.96,0.16,0.0,0.0,1027.0,8228.0,0.0,0.0,0.0,0.0,0.0,1.0,0.0,0.0,0.0,0.0,0.0,-0.9,0.0,0.4,0.0,0.0,16.0,25903.0
2026-07-30T19:02:29.816Z,319.299,319.314,0.0,7.4,0.0,0.0,0.0,0.0,0.0,0.0,0.0,0.0,1.0,0.0,0.0,0.0,9.0,4.0,0.0,0.0,0.0,0.0,0.0,0.0,0.0,0.0,3.0,12.0,1.0,12.17,5.0200000000000005,2.51,1.49,0.0,0.1,0.0,134.3,0.0,-0.3,0.1,-0.6000000000000001,-169.70000000000002,0.0,0.0,169.70000000000002,0.0,21.0,29.0,29.0,30.0,300.0,300.0,31.6,35.800000000000004,28.9,28.1,30.0,4.96,1.99,4.96,0.16,0.0,0.0,1027.0,8228.0,0.0,0.0,0.0,0.0,0.0,1.0,0.0,0.0,0.0,0.0,0.0,-0.2,0.0,0.5,0.0,0.0,16.0,25903.0
2026-07-30T19:02:29.828Z,319.311,319.326,0.0,7.4,0.0,0.0,0.0,0.0,0.0,0.0,0.0,0.0,1.0,0.0,0.0,0.0,9.0,4.0,0.0,0.0,0.0,0.0,0.0,0.0,0.0,0.0,4.0,12.0,1.0,12.17,5.0200000000000005,2.51,1.49,0.0,0.0,0.0,134.20000000000002,0.0,0.2,0.7000000000000001,0.0,-169.70000000000002,0.0,0.0,169.8,0.0,21.0,29.0,29.0,30.0,300.0,300.0,31.6,35.800000000000004,28.9,28.1,30.0,4.95,1.99,4.96,0.16,0.0,0.0,1027.0,8228.0,0.0,0.0,0.0,0.0,0.0,1.0,0.0,0.0,0.0,0.0,0.0,0.8,0.0,0.1,0.0,0.0,16.0,25903.0
2026-07-30T19:02:29.840Z,319.323,319.338,0.0,7.4,0.0,0.0,0.0,0.0,0.0,0.0,0.0,0.0,1.0,0.0,0.0,0.0,9.0,4.0,0.0,0.0,0.0,0.0,0.0,0.0,0.0,0.0,5.0,12.0,1.0,12.17,5.0200000000000005,2.51,1.49,0.0,0.0,0.0,134.1,0.0,-0.3,0.7000000000000001,0.5,-169.70000000000002,0.0,0.0,169.70000000000002,0.0,21.0,29.0,29.0,30.0,300.0,300.0,31.6,35.800000000000004,28.9,28.1,30.0,4.96,1.99,4.96,0.16,0.0,0.0,1027.0,8228.0,0.0,0.0,0.0,0.0,0.0,1.0,0.0,0.0,0.0,0.0,0.0,1.3,0.0,-0.3,0.0,0.0,16.0,25903.0
2026-07-30T19:02:29.852Z,319.335,319.35,0.0,7.4,0.0,0.0,0.0,0.0,0.0,0.0,0.0,0.0,1.0,0.0,0.0,0.0,9.0,4.0,0.0,0.0,0.0,0.0,0.0,0.0,0.0,0.0,6.0,12.0,1.0,12.14,5.0200000000000005,2.5,1.49,0.0,0.0,0.0,134.0,0.0,-0.8,0.2,-0.6000000000000001,-169.70000000000002,0.0,0.0,169.70000000000002,0.0,21.700000000000003,29.0,29.0,30.0,300.0,300.0,31.6,35.800000000000004,28.9,28.1,30.0,4.96,1.99,4.97,0.16,0.0,0.0,1027.0,8228.0,0.0,0.0,0.0,0.0,0.0,1.0,0.0,0.0,0.0,0.0,0.0,-0.2,0.0,0.5,0.0,0.0,16.0,25903.0
2026-07-30T19:02:29.864Z,319.347,319.362,0.0,7.4,0.0,0.0,0.0,0.0,0.0,0.0,0.0,0.0,1.0,0.0,0.0,0.0,9.0,4.0,0.0,0.0,0.0,0.0,0.0,0.0,0.0,0.0,2.0,12.0,1.0,12.14,5.0200000000000005,2.5,1.49,0.0,0.0,0.0,133.9,0.0,0.2,-0.3,-1.1,-169.70000000000002,0.0,0.0,169.70000000000002,0.0,21.700000000000003,29.0,29.0,30.0,300.0,300.0,31.6,35.800000000000004,28.9,28.1,30.0,4.95,1.99,4.97,0.16,0.0,0.0,1027.0,8228.0,0.0,0.0,0.0,0.0,0.0,1.0,0.0,0.0,0.0,0.0,0.0,-1.3,0.0,0.9,0.0,0.0001,16.0,25903.0
2026-07-30T19:02:29.876Z,319.359,319.374,0.0,7.4,0.0,0.0,0.0,0.0,0.0,0.0,0.0,0.0,1.0,0.0,0.0,0.0,9.0,4.0,0.0,0.0,0.0,0.0,0.0,0.0,0.0,0.0,3.0,12.0,1.0,12.14,5.0200000000000005,2.5,1.49,0.0,0.0,0.0,133.8,0.0,-0.3,0.2,0.0,-169.70000000000002,0.0,0.0,169.70000000000002,0.0,21.700000000000003,29.0,29.0,30.0,300.0,300.0,31.6,35.800000000000004,28.9,28.1,30.0,4.96,1.99,4.96,0.16,0.0,0.0,1027.0,8228.0,0.0,0.0,0.0,0.0,0.0,1.0,0.0,0.0,0.0,0.0,0.0,0.2,0.0,0.0,0.0,0.0,16.0,25903.0
2026-07-30T19:02:29.888Z,319.371,319.386,0.0,7.4,0.0,0.0,0.0,0.0,0.0,0.0,0.0,0.0,1.0,0.0,0.0,0.0,9.0,4.0,0.0,0.0,0.0,0.0,0.0,0.0,0.0,0.0,3.0,12.0,1.0,12.14,5.0200000000000005,2.5,1.49,0.0,0.0,0.0,133.6,0.0,0.2,0.1,1.1,-169.70000000000002,0.0,0.0,169.8,0.0,21.700000000000003,29.0,29.0,30.0,300.0,300.0,31.6,35.800000000000004,28.9,28.1,30.0,4.96,1.99,4.96,0.16,0.0,0.0,1027.0,8228.0,0.0,0.0,0.0,0.0,0.0,1.0,0.0,0.0,0.0,0.0,0.0,1.0,0.0,-1.0,0.0,0.0,16.0,25903.0
2026-07-30T19:02:29.900Z,319.383,319.398,0.0,7.4,0.0,0.0,0.0,0.0,0.0,0.0,0.0,0.0,1.0,0.0,0.0,0.0,9.0,4.0,0.0,0.0,0.0,0.0,0.0,0.0,0.0,0.0,5.0,12.0,1.0,12.14,5.0200000000000005,2.5,1.49,0.0,0.0,0.0,133.6,0.0,-0.9,0.1,1.1,-169.70000000000002,0.0,0.0,169.8,0.0,21.700000000000003,29.0,29.0,30.0,300.0,300.0,31.6,35.800000000000004,28.9,28.1,30.0,4.96,1.99,4.97,0.16,0.0,0.0,1027.0,8228.0,0.0,0.0,0.0,0.0,0.0,1.0,0.0,0.0,0.0,0.0,0.0,1.0,0.0,-0.9,0.0,0.0,16.0,25903.0
2026-07-30T19:02:29.912Z,319.395,319.41,0.0,7.4,0.0,0.0,0.0,0.0,0.0,0.0,0.0,0.0,1.0,0.0,0.0,0.0,9.0,4.0,0.0,0.0,0.0,0.0,0.0,0.0,0.0,0.0,6.0,12.0,1.0,12.14,5.0200000000000005,2.5,1.49,0.0,0.0,0.0,133.5,0.0,0.7000000000000001,0.1,-0.6000000000000001,-169.70000000000002,0.0,0.0,169.70000000000002,0.0,21.700000000000003,29.0,29.0,30.0,300.0,300.0,31.6,35.800000000000004,28.9,28.1,30.0,4.95,1.99,4.97,0.16,0.0,0.0,1027.0,8228.0,0.0,0.0,0.0,0.0,0.0,1.0,0.0,0.0,0.0,0.0,0.0,-0.2,0.0,0.5,0.0,0.0001,16.0,25903.0
2026-07-30T19:02:29.924Z,319.407,319.422,0.0,7.4,0.0,0.0,0.0,0.0,0.0,0.0,0.0,0.0,1.0,0.0,0.0,0.0,9.0,4.0,0.0,0.0,0.0,0.0,0.0,0.0,0.0,0.0,1.0,12.0,1.0,12.14,5.0200000000000005,2.5,1.49,0.0,0.0,0.0,133.4,0.0,0.7000000000000001,-1.0,-1.2000000000000002,-169.70000000000002,0.0,0.0,169.70000000000002,0.0,21.700000000000003,29.0,29.0,30.0,300.0,300.0,31.6,35.800000000000004,28.9,28.1,30.0,4.96,1.99,4.96,0.16,0.0,0.0,1027.0,8228.0,0.0,0.0,0.0,0.0,0.0,1.0,0.0,0.0,0.0,0.0,0.0,-2.0,0.0,0.8,0.0,0.0,16.0,25903.0
2026-07-30T19:02:29.936Z,319.419,319.434,0.0,7.4,0.0,0.0,0.0,0.0,0.0,0.0,0.0,0.0,1.0,0.0,0.0,0.0,9.0,4.0,0.0,0.0,0.0,0.0,0.0,0.0,0.0,0.0,2.0,12.0,1.0,12.14,5.0200000000000005,2.5,1.49,0.0,0.1,0.0,133.20000000000002,0.0,-0.3,0.1,-0.6000000000000001,-169.70000000000002,0.0,0.0,169.60000000000002,0.0,21.700000000000003,29.0,29.0,30.0,300.0,300.0,31.6,35.800000000000004,28.9,28.1,30.0,4.95,1.99,4.96,0.16,0.0,0.0,1027.0,8228.0,0.0,0.0,0.0,0.0,0.0,1.0,0.0,0.0,0.0,0.0,0.0,-0.2,0.0,0.5,0.0,0.0,16.0,25903.0
2026-07-30T19:02:29.949Z,319.432,319.446,0.0,7.4,0.0,0.0,0.0,0.0,0.0,0.0,0.0,0.0,1.0,0.0,0.0,0.0,9.0,4.0,0.0,0.0,0.0,0.0,0.0,0.0,0.0,0.0,3.0,12.0,1.0,12.18,5.01,2.5,1.49,0.0,0.0,0.0,133.1,0.0,0.1,0.7000000000000001,-0.6000000000000001,-169.60000000000002,0.0,0.0,169.60000000000002,0.0,21.4,29.0,29.0,30.0,300.0,300.0,31.700000000000003,35.800000000000004,28.9,28.1,30.0,4.95,1.99,4.97,0.16,0.0,0.0,1027.0,8228.0,0.0,0.0,0.0,0.0,0.0,1.0,0.0,0.0,0.0,0.0,0.0,0.3,0.0,0.7000000000000001,0.0,0.0,16.0,25903.0
2026-07-30T19:02:29.960Z,319.443,319.458,0.0,7.4,0.0,0.0,0.0,0.0,0.0,0.0,0.0,0.0,1.0,0.0,0.0,0.0,9.0,4.0,0.0,0.0,0.0,0.0,0.0,0.0,0.0,0.0,5.0,12.0,1.0,12.18,5.01,2.5,1.49,0.0,0.0,0.0,133.0,0.0,-0.4,0.1,0.5,-169.60000000000002,0.0,0.0,169.60000000000002,0.0,21.4,29.0,29.0,30.0,300.0,300.0,31.700000000000003,35.800000000000004,28.9,28.1,30.0,4.96,1.99,4.97,0.16,0.0,0.0,1027.0,8228.0,0.0,0.0,0.0,0.0,0.0,1.0,0.0,0.0,0.0,0.0,0.0,0.5,0.0,-0.4,0.0,0.0,16.0,25903.0
2026-07-30T19:02:29.972Z,319.455,319.47,0.0,7.4,0.0,0.0,0.0,0.0,0.0,0.0,0.0,0.0,1.0,0.0,0.0,0.0,9.0,4.0,0.0,0.0,0.0,0.0,0.0,0.0,0.0,0.0,6.0,12.0,1.0,12.18,5.01,2.5,1.49,0.0,0.0,0.0,132.9,0.0,-0.4,-1.0,-0.6000000000000001,-169.60000000000002,0.0,0.0,169.60000000000002,0.0,21.4,29.0,29.0,30.0,300.0,300.0,31.700000000000003,35.800000000000004,28.9,28.1,30.0,4.95,1.99,4.96,0.16,0.0,0.0,1027.0,8228.0,0.0,0.0,0.0,0.0,0.0,1.0,0.0,0.0,0.0,0.0,0.0,1.4,0.0,-1.4,0.0,0.0,16.0,25903.0
2026-07-30T19:02:29.984Z,319.467,319.482,0.0,7.4,0.0,0.0,0.0,0.0,0.0,0.0,0.0,0.0,1.0,0.0,0.0,0.0,9.0,4.0,0.0,0.0,0.0,0.0,0.0,0.0,0.0,0.0,1.0,12.0,1.0,12.18,5.01,2.5,1.49,0.0,0.0,0.0,132.8,0.0,-0.9,-2.2,-0.6000000000000001,-169.60000000000002,0.0,0.0,169.8,0.0,21.4,29.0,29.0,30.0,300.0,300.0,31.700000000000003,35.800000000000004,28.9,28.1,30.0,4.95,1.99,4.97,0.16,0.0,0.0,1027.0,8228.0,0.0,0.0,0.0,0.0,0.0,1.0,0.0,0.0,0.0,0.0,0.0,-0.8,0.0,-0.7000000000000001,0.0,0.0,16.0,25903.0
2026-07-30T19:02:29.996Z,319.479,319.494,0.0,7.4,0.0,0.0,0.0,0.0,0.0,0.0,0.0,0.0,1.0,0.0,0.0,0.0,9.0,4.0,0.0,0.0,0.0,0.0,0.0,0.0,0.0,0.0,1.0,12.0,1.0,12.18,5.01,2.5,1.49,0.0,0.1,0.0,132.70000000000002,0.0,0.1,1.2000000000000002,0.0,-169.60000000000002,0.0,0.0,169.70000000000002,0.0,21.4,29.0,29.0,30.0,300.0,300.0,31.700000000000003,35.800000000000004,28.9,28.1,30.0,4.95,1.99,4.96,0.16,0.0,0.0,1027.0,8228.0,0.0,0.0,0.0,0.0,0.0,1.0,0.0,0.0,0.0,0.0,0.0,-1.0,0.0,0.4,0.0,0.0001,16.0,25903.0
2026-07-30T19:02:30.008Z,319.491,319.50600000000003,0.0,7.4,0.0,0.0,0.0,0.0,0.0,0.0,0.0,0.0,1.0,0.0,0.0,0.0,9.0,4.0,0.0,0.0,0.0,0.0,0.0,0.0,0.0,0.0,3.0,12.0,1.0,12.18,5.01,2.5,1.49,0.0,0.0,0.0,132.6,0.0,-0.4,1.2000000000000002,-0.5,-169.60000000000002,0.0,0.0,169.70000000000002,0.0,21.4,29.0,29.0,30.0,300.0,300.0,31.700000000000003,35.800000000000004,28.9,28.1,30.0,4.95,1.99,4.96,0.16,0.0,0.0,1027.0,8228.0,0.0,0.0,0.0,0.0,0.0,1.0,0.0,0.0,0.0,0.0,0.0,1.4,0.0,0.2,0.0,0.0,16.0,25903.0
2026-07-30T19:02:30.020Z,319.503,319.51800000000003,0.0,7.4,0.0,0.0,0.0,0.0,0.0,0.0,0.0,0.0,1.0,0.0,0.0,0.0,9.0,4.0,0.0,0.0,0.0,0.0,0.0,0.0,0.0,0.0,4.0,12.0,1.0,12.18,5.01,2.5,1.49,0.0,0.0,0.0,132.5,0.0,0.1,-0.5,0.6000000000000001,-169.60000000000002,0.0,0.0,169.70000000000002,0.0,21.4,29.0,29.0,30.0,300.0,300.0,31.700000000000003,35.800000000000004,28.9,28.1,30.0,4.95,1.99,4.96,0.16,0.0,0.0,1027.0,8228.0,0.0,0.0,0.0,0.0,0.0,1.0,0.0,0.0,0.0,0.0,0.0,-0.1,0.0,-0.6000000000000001,0.0,0.0,16.0,25903.0
2026-07-30T19:02:30.032Z,319.515,319.53000000000003,0.0,7.4,0.0,0.0,0.0,0.0,0.0,0.0,0.0,0.0,1.0,0.0,0.0,0.0,9.0,4.0,0.0,0.0,0.0,0.0,0.0,0.0,0.0,0.0,5.0,12.0,1.0,12.18,5.01,2.5,1.49,0.0,0.0,0.0,132.3,0.0,-0.4,-1.1,0.5,-169.60000000000002,0.0,0.0,169.60000000000002,0.0,21.4,29.0,29.0,30.0,300.0,300.0,31.700000000000003,35.800000000000004,28.9,28.1,30.0,4.96,1.99,4.97,0.16,0.0,0.0,1027.0,8228.0,0.0,0.0,0.0,0.0,0.0,1.0,0.0,0.0,0.0,0.0,0.0,-0.9,0.0,-0.7000000000000001,0.0,0.0,16.0,25903.0
2026-07-30T19:02:30.044Z,319.527,319.54200000000003,0.0,7.4,0.0,0.0,0.0,0.0,0.0,0.0,0.0,0.0,1.0,0.0,0.0,0.0,9.0,4.0,0.0,0.0,0.0,0.0,0.0,0.0,0.0,0.0,6.0,12.0,1.0,12.18,5.01,2.5,1.49,0.0,0.1,0.0,132.3,0.0,0.2,0.0,-2.3000000000000003,-169.60000000000002,0.0,0.0,169.60000000000002,0.0,21.4,29.0,29.0,30.0,300.0,300.0,31.700000000000003,35.800000000000004,28.9,28.1,30.0,4.96,1.99,4.96,0.16,0.0,0.0,1027.0,8228.0,0.0,0.0,0.0,0.0,0.0,1.0,0.0,0.0,0.0,0.0,0.0,-1.7000000000000002,0.0,2.0,0.0,0.0,16.0,25903.0
2026-07-30T19:02:30.056Z,319.539,319.55400000000003,0.0,7.4,0.0,0.0,0.0,0.0,0.0,0.0,0.0,0.0,1.0,0.0,0.0,0.0,9.0,4.0,0.0,0.0,0.0,0.0,0.0,0.0,0.0,0.0,1.0,12.0,1.0,12.18,5.01,2.5,1.49,0.0,0.0,0.0,132.1,0.0,-0.3,0.6000000000000001,-0.5,-169.60000000000002,0.0,0.0,169.60000000000002,0.0,21.700000000000003,29.0,29.0,30.0,300.0,300.0,31.5,35.7,28.9,28.1,30.0,4.95,1.99,4.96,0.16,0.0,0.0,1027.0,8228.0,0.0,0.0,0.0,0.0,0.0,1.0,0.0,0.0,0.0,0.0,0.0,0.2,0.0,0.6000000000000001,0.0,0.0,16.0,25903.0
2026-07-30T19:02:30.068Z,319.551,319.56600000000003,0.0,7.4,0.0,0.0,0.0,0.0,0.0,0.0,0.0,0.0,1.0,0.0,0.0,0.0,9.0,4.0,0.0,0.0,0.0,0.0,0.0,0.0,0.0,0.0,2.0,12.0,1.0,12.18,5.01,2.5,1.49,-0.1,0.1,0.0,132.1,0.0,0.2,0.0,0.0,-169.60000000000002,0.0,0.0,169.60000000000002,0.0,21.700000000000003,29.0,29.0,30.0,300.0,300.0,31.5,35.7,28.9,28.1,30.0,4.95,1.99,4.96,0.17,0.0,0.0,1027.0,8228.0,0.0,0.0,0.0,0.0,0.0,1.0,0.0,0.0,0.0,0.0,0.0,0.0,0.0,0.0,0.0,0.0,16.0,25903.0
2026-07-30T19:02:30.080Z,319.563,319.57800000000003,0.0,7.4,0.0,0.0,0.0,0.0,0.0,0.0,0.0,0.0,1.0,0.0,0.0,0.0,9.0,4.0,0.0,0.0,0.0,0.0,0.0,0.0,0.0,0.0,3.0,12.0,1.0,12.18,5.01,2.5,1.49,0.0,0.0,0.0,132.0,0.0,0.2,0.0,0.0,-169.60000000000002,0.0,0.0,169.60000000000002,0.0,21.700000000000003,29.0,29.0,30.0,300.0,300.0,31.5,35.7,28.9,28.1,30.0,4.96,1.99,4.97,0.17,0.0,0.0,1027.0,8228.0,0.0,0.0,0.0,0.0,0.0,1.0,0.0,0.0,0.0,0.0,0.0,0.0,0.0,0.0,0.0,0.0,16.0,25903.0
2026-07-30T19:02:30.093Z,319.576,319.59000000000003,0.0,7.4,0.0,0.0,0.0,0.0,0.0,0.0,0.0,0.0,1.0,0.0,0.0,0.0,9.0,4.0,0.0,0.0,0.0,0.0,0.0,0.0,0.0,0.0,4.0,12.0,1.0,12.18,5.01,2.5,1.49,0.0,0.0,0.0,131.9,0.0,-0.9,-0.5,1.2000000000000002,-169.60000000000002,0.0,0.0,169.60000000000002,0.0,21.700000000000003,29.0,29.0,30.0,300.0,300.0,31.5,35.7,28.9,28.1,30.0,4.96,1.99,4.97,0.16,0.0,0.0,1027.0,8228.0,0.0,0.0,0.0,0.0,0.0,1.0,0.0,0.0,0.0,0.0,0.0,0.3,0.0,-1.1,0.0,0.0,16.0,25903.0
2026-07-30T19:02:30.104Z,319.587,319.60200000000003,0.0,7.4,0.0,0.0,0.0,0.0,0.0,0.0,0.0,0.0,1.0,0.0,0.0,0.0,9.0,4.0,0.0,0.0,0.0,0.0,0.0,0.0,0.0,0.0,5.0,12.0,1.0,12.18,5.01,2.5,1.49,0.0,0.1,0.0,131.70000000000002,0.0,0.2,1.2000000000000002,-1.1,-169.60000000000002,0.0,0.0,169.60000000000002,0.0,21.700000000000003,29.0,29.0,30.0,300.0,300.0,31.5,35.7,28.9,28.1,30.0,4.95,1.99,4.97,0.16,0.0,0.0,1027.0,8228.0,0.0,0.0,0.0,0.0,0.0,1.0,0.0,0.0,0.0,0.0,0.0,0.6000000000000001,0.0,1.2000000000000002,0.0,0.0,16.0,25903.0
2026-07-30T19:02:30.116Z,319.599,319.61400000000003,0.0,7.4,0.0,0.0,0.0,0.0,0.0,0.0,0.0,0.0,1.0,0.0,0.0,0.0,9.0,4.0,0.0,0.0,0.0,0.0,0.0,0.0,0.0,0.0,6.0,12.0,1.0,12.18,5.01,2.5,1.49,0.0,0.1,0.0,131.6,0.0,0.2,0.0,1.2000000000000002,-169.60000000000002,0.0,0.0,169.60000000000002,0.0,21.700000000000003,29.0,29.0,30.0,300.0,300.0,31.5,35.7,28.9,28.1,30.0,4.96,1.99,4.97,0.16,0.0,0.0,1027.0,8228.0,0.0,0.0,0.0,0.0,0.0,1.0,0.0,0.0,0.0,0.0,0.0,1.0,0.0,-1.0,0.0,0.0,16.0,25903.0
2026-07-30T19:02:30.128Z,319.611,319.62600000000003,0.0,7.4,0.0,0.0,0.0,0.0,0.0,0.0,0.0,0.0,1.0,0.0,0.0,0.0,9.0,4.0,0.0,0.0,0.0,0.0,0.0,0.0,0.0,0.0,1.0,12.0,1.0,12.18,5.01,2.5,1.49,0.0,0.0,0.0,131.5,0.0,-0.3,0.6000000000000001,0.0,-169.60000000000002,0.0,0.0,169.70000000000002,0.0,21.700000000000003,29.0,29.0,30.0,300.0,300.0,31.5,35.7,28.9,28.1,30.0,4.95,1.99,4.97,0.16,0.0,0.0,1027.0,8228.0,0.0,0.0,0.0,0.0,0.0,1.0,0.0,0.0,0.0,0.0,0.0,0.7000000000000001,0.0,0.1,0.0,0.0,16.0,25903.0
2026-07-30T19:02:30.140Z,319.623,319.63800000000003,0.0,7.4,0.0,0.0,0.0,0.0,0.0,0.0,0.0,0.0,1.0,0.0,0.0,0.0,9.0,4.0,0.0,0.0,0.0,0.0,0.0,0.0,0.0,0.0,2.0,12.0,1.0,12.18,5.01,2.5,1.49,0.0,0.1,0.0,131.4,0.0,0.2,0.0,0.0,-169.60000000000002,0.0,0.0,169.70000000000002,0.0,21.700000000000003,29.0,29.0,30.0,300.0,300.0,31.5,35.7,28.9,28.1,30.0,4.95,1.99,4.97,0.16,0.0,0.0,1027.0,8228.0,0.0,0.0,0.0,0.0,0.0,1.0,0.0,0.0,0.0,0.0,0.0,0.0,0.0,0.0,0.0,0.0,16.0,25903.0
2026-07-30T19:02:30.153Z,319.636,319.65000000000003,0.0,7.4,0.0,0.0,0.0,0.0,0.0,0.0,0.0,0.0,1.0,0.0,0.0,0.0,9.0,4.0,0.0,0.0,0.0,0.0,0.0,0.0,0.0,0.0,4.0,12.0,1.0,12.18,5.0200000000000005,2.51,1.49,0.0,0.0,0.0,131.3,0.0,0.8,0.6000000000000001,1.7000000000000002,-169.60000000000002,0.0,0.0,169.8,0.0,21.700000000000003,29.0,29.0,30.0,300.0,300.0,31.6,35.800000000000004,28.9,28.1,30.0,4.95,1.99,4.97,0.17,0.0,0.0,1027.0,8228.0,0.0,0.0,0.0,0.0,0.0,1.0,0.0,0.0,0.0,0.0,0.0,2.0,0.0,-1.4,0.0,0.0,16.0,25903.0
2026-07-30T19:02:30.164Z,319.647,319.66200000000003,0.0,7.4,0.0,0.0,0.0,0.0,0.0,0.0,0.0,0.0,1.0,0.0,0.0,0.0,9.0,4.0,0.0,0.0,0.0,0.0,0.0,0.0,0.0,0.0,5.0,12.0,1.0,12.18,5.0200000000000005,2.51,1.49,0.0,0.0,0.0,131.20000000000002,0.0,-0.3,-0.5,-1.1,-169.60000000000002,0.0,0.0,169.70000000000002,0.0,21.700000000000003,29.0,29.0,30.0,300.0,300.0,31.6,35.800000000000004,28.9,28.1,30.0,4.96,1.99,4.96,0.16,0.0,0.0,1027.0,8228.0,0.0,0.0,0.0,0.0,0.0,1.0,0.0,0.0,0.0,0.0,0.0,-1.4,0.0,0.9,0.0,0.0001,16.0,25903.0
2026-07-30T19:02:30.176Z,319.659,319.67400000000004,0.0,7.4,0.0,0.0,0.0,0.0,0.0,0.0,0.0,0.0,1.0,0.0,0.0,0.0,9.0,4.0,0.0,0.0,0.0,0.0,0.0,0.0,0.0,0.0,5.0,12.0,1.0,12.18,5.0200000000000005,2.51,1.49,0.0,0.0,0.0,131.1,0.0,0.1,0.6000000000000001,0.0,-169.60000000000002,0.0,0.0,169.70000000000002,0.0,21.700000000000003,29.0,29.0,30.0,300.0,300.0,31.6,35.800000000000004,28.9,28.1,30.0,4.95,1.99,4.97,0.16,0.0,0.0,1027.0,8228.0,0.0,0.0,0.0,0.0,0.0,1.0,0.0,0.0,0.0,0.0,0.0,0.7000000000000001,0.0,0.1,0.0,0.0,16.0,25903.0
2026-07-30T19:02:30.188Z,319.671,319.686,0.0,7.4,0.0,0.0,0.0,0.0,0.0,0.0,0.0,0.0,1.0,0.0,0.0,0.0,9.0,4.0,0.0,0.0,0.0,0.0,0.0,0.0,0.0,0.0,6.0,12.0,1.0,12.18,5.0200000000000005,2.51,1.49,0.0,0.0,0.0,130.9,0.0,0.2,0.0,0.6000000000000001,-169.60000000000002,0.0,0.0,169.70000000000002,0.0,21.700000000000003,29.0,29.0,30.0,300.0,300.0,31.6,35.800000000000004,28.9,28.1,30.0,4.95,1.99,4.96,0.16,0.0,0.0,1027.0,8228.0,0.0,0.0,0.0,0.0,0.0,1.0,0.0,0.0,0.0,0.0,0.0,0.4,0.0,-0.5,0.0,0.0,16.0,25903.0
2026-07-30T19:02:30.200Z,319.683,319.698,0.0,7.4,0.0,0.0,0.0,0.0,0.0,0.0,0.0,0.0,1.0,0.0,0.0,0.0,9.0,4.0,0.0,0.0,0.0,0.0,0.0,0.0,0.0,0.0,1.0,12.0,1.0,12.18,5.0200000000000005,2.51,1.49,0.0,0.0,0.0,130.9,0.0,-0.3,0.1,1.8,-169.60000000000002,0.0,0.0,169.8,0.0,21.700000000000003,29.0,29.0,30.0,300.0,300.0,31.6,35.800000000000004,28.9,28.1,30.0,4.96,1.99,4.96,0.16,0.0,0.0,1027.0,8228.0,0.0,0.0,0.0,0.0,0.0,1.0,0.0,0.0,0.0,0.0,0.0,1.4,0.0,-1.5,0.0,0.0,16.0,25903.0
2026-07-30T19:02:30.213Z,319.696,319.71,0.0,7.4,0.0,0.0,0.0,0.0,0.0,0.0,0.0,0.0,1.0,0.0,0.0,0.0,9.0,4.0,0.0,0.0,0.0,0.0,0.0,0.0,0.0,0.0,2.0,12.0,1.0,12.18,5.0200000000000005,2.51,1.49,0.0,0.0,0.0,130.8,0.0,0.2,-0.4,1.2000000000000002,-169.70000000000002,0.0,0.0,169.8,0.0,21.700000000000003,29.0,29.0,30.0,300.0,300.0,31.6,35.800000000000004,28.9,28.1,30.0,4.96,1.99,4.96,0.16,0.0,0.0,1027.0,8228.0,0.0,0.0,0.0,0.0,0.0,1.0,0.0,0.0,0.0,0.0,0.0,0.3,0.0,-1.1,0.0,0.0,16.0,25903.0
2026-07-30T19:02:30.225Z,319.708,319.722,0.0,7.4,0.0,0.0,0.0,0.0,0.0,0.0,0.0,0.0,1.0,0.0,0.0,0.0,9.0,4.0,0.0,0.0,0.0,0.0,0.0,0.0,0.0,0.0,3.0,12.0,1.0,12.18,5.0200000000000005,2.51,1.49,0.0,0.1,0.0,130.6,0.0,-0.3,-0.5,-0.5,-169.70000000000002,0.0,0.0,169.70000000000002,0.0,21.700000000000003,29.0,29.0,30.0,300.0,300.0,31.6,35.800000000000004,28.9,28.1,30.0,4.95,1.99,4.97,0.16,0.0,0.0,1027.0,8228.0,0.0,0.0,0.0,0.0,0.0,1.0,0.0,0.0,0.0,0.0,0.0,-1.0,0.0,0.3,0.0,0.0,16.0,25903.0
2026-07-30T19:02:30.236Z,319.719,319.734,0.0,7.4,0.0,0.0,0.0,0.0,0.0,0.0,0.0,0.0,1.0,0.0,0.0,0.0,9.0,4.0,0.0,0.0,0.0,0.0,0.0,0.0,0.0,0.0,4.0,12.0,1.0,12.18,5.0200000000000005,2.51,1.49,0.0,0.0,0.0,130.6,0.0,-0.3,1.2000000000000002,1.2000000000000002,-169.70000000000002,0.0,0.0,169.70000000000002,0.0,21.700000000000003,29.0,29.0,30.0,300.0,300.0,31.6,35.800000000000004,28.9,28.1,30.0,4.95,1.99,4.96,0.16,0.0,0.0,1027.0,8228.0,0.0,0.0,0.0,0.0,0.0,1.0,0.0,0.0,0.0,0.0,0.0,2.3000000000000003,0.0,-0.8,0.0,0.0,16.0,25903.0
2026-07-30T19:02:30.248Z,319.731,319.746,0.0,7.4,0.0,0.0,0.0,0.0,0.0,0.0,0.0,0.0,1.0,0.0,0.0,0.0,9.0,4.0,0.0,0.0,0.0,0.0,0.0,0.0,0.0,0.0,5.0,12.0,1.0,12.18,5.0200000000000005,2.51,1.49,0.0,0.0,0.0,130.5,0.0,-0.3,0.1,0.0,-169.70000000000002,0.0,0.0,169.70000000000002,0.0,21.700000000000003,29.0,29.0,30.0,300.0,300.0,31.6,35.800000000000004,28.9,28.1,30.0,4.96,1.99,4.96,0.16,0.0,0.0,1027.0,8228.0,0.0,0.0,0.0,0.0,0.0,1.0,0.0,0.0,0.0,0.0,0.0,0.1,0.0,0.0,0.0,0.0,16.0,25903.0
2026-07-30T19:02:30.260Z,319.743,319.758,0.0,7.4,0.0,0.0,0.0,0.0,0.0,0.0,0.0,0.0,1.0,0.0,0.0,0.0,9.0,4.0,0.0,0.0,0.0,0.0,0.0,0.0,0.0,0.0,1.0,12.0,1.0,12.14,5.01,2.51,1.5,0.0,0.0,0.0,130.4,0.0,-0.3,-0.5,0.0,-169.70000000000002,0.0,0.0,169.70000000000002,0.0,21.700000000000003,29.0,29.0,30.0,300.0,300.0,31.5,35.800000000000004,28.9,28.1,30.0,4.95,1.99,4.97,0.16,0.0,0.0,1027.0,8228.0,0.0,0.0,0.0,0.0,0.0,1.0,0.0,0.0,0.0,0.0,0.0,-0.5,0.0,0.0,0.0,0.0,16.0,25903.0
2026-07-30T19:02:30.272Z,319.755,319.77,0.0,7.4,0.0,0.0,0.0,0.0,0.0,0.0,0.0,0.0,1.0,0.0,0.0,0.0,9.0,4.0,0.0,0.0,0.0,0.0,0.0,0.0,0.0,0.0,2.0,12.0,1.0,12.14,5.01,2.51,1.5,0.0,0.0,0.0,130.6,0.0,-0.9,-1.1,0.0,-169.70000000000002,0.0,0.0,169.8,0.0,21.700000000000003,29.0,29.0,30.0,300.0,300.0,31.5,35.800000000000004,28.9,28.1,30.0,4.96,1.99,4.97,0.16,0.0,0.0,1027.0,8228.0,0.0,0.0,0.0,0.0,0.0,1.0,0.0,0.0,0.0,0.0,0.0,-1.3,0.0,-0.1,0.0,0.0,16.0,25903.0
2026-07-30T19:02:30.284Z,319.767,319.782,0.0,7.4,0.0,0.0,0.0,0.0,0.0,0.0,0.0,0.0,1.0,0.0,0.0,0.0,9.0,4.0,0.0,0.0,0.0,0.0,0.0,0.0,0.0,0.0,3.0,12.0,1.0,12.14,5.01,2.51,1.5,0.0,0.0,0.0,130.8,0.0,0.2,-0.5,-0.7000000000000001,-169.70000000000002,0.0,0.0,169.60000000000002,0.0,21.700000000000003,29.0,29.0,30.0,300.0,300.0,31.5,35.800000000000004,28.9,28.1,30.0,4.96,1.99,4.97,0.16,0.0,0.0,1027.0,8228.0,0.0,0.0,0.0,0.0,0.0,1.0,0.0,0.0,0.0,0.0,0.0,-1.1,0.0,0.5,0.0,0.0,16.0,25903.0
2026-07-30T19:02:30.296Z,319.779,319.794,0.0,7.4,0.0,0.0,0.0,0.0,0.0,0.0,0.0,0.0,1.0,0.0,0.0,0.0,9.0,4.0,0.0,0.0,0.0,0.0,0.0,0.0,0.0,0.0,4.0,12.0,1.0,12.14,5.01,2.51,1.5,0.0,0.0,0.0,131.0,0.0,-0.3,0.0,-0.1,-169.70000000000002,0.0,0.0,169.60000000000002,0.0,21.700000000000003,29.0,29.0,30.0,300.0,300.0,31.5,35.800000000000004,28.9,28.1,30.0,4.95,1.99,4.97,0.16,0.0,0.0,1027.0,8228.0,0.0,0.0,0.0,0.0,0.0,1.0,0.0,0.0,0.0,0.0,0.0,0.0,0.0,0.1,0.0,0.0001,16.0,25903.0
2026-07-30T19:02:30.308Z,319.791,319.806,0.0,7.4,0.0,0.0,0.0,0.0,0.0,0.0,0.0,0.0,1.0,0.0,0.0,0.0,9.0,4.0,0.0,0.0,0.0,0.0,0.0,0.0,0.0,0.0,5.0,12.0,1.0,12.14,5.01,2.51,1.5,0.0,0.0,0.0,131.20000000000002,0.0,0.2,1.2000000000000002,0.4,-169.70000000000002,0.0,0.0,169.60000000000002,0.0,21.700000000000003,29.0,29.0,30.0,300.0,300.0,31.5,35.800000000000004,28.9,28.1,30.0,4.95,1.99,4.97,0.16,0.0,0.0,1027.0,8228.0,0.0,0.0,0.0,0.0,0.0,1.0,0.0,0.0,0.0,0.0,0.0,1.7000000000000002,0.0,-0.1,0.0,0.0,16.0,25903.0
2026-07-30T19:02:30.320Z,319.803,319.818,0.0,7.4,0.0,0.0,0.0,0.0,0.0,0.0,0.0,0.0,1.0,0.0,0.0,0.0,9.0,4.0,0.0,0.0,0.0,0.0,0.0,0.0,0.0,0.0,6.0,12.0,1.0,12.14,5.01,2.51,1.5,0.0,0.0,0.0,131.4,0.0,-0.9,-1.6,-0.6000000000000001,-169.60000000000002,0.0,0.0,169.60000000000002,0.0,21.700000000000003,29.0,29.0,30.0,300.0,300.0,31.5,35.800000000000004,28.9,28.1,30.0,4.96,1.99,4.96,0.16,0.0,0.0,1027.0,8228.0,0.0,0.0,0.0,0.0,0.0,1.0,0.0,0.0,0.0,0.0,0.0,-2.3000000000000003,0.0,0.2,0.0,0.0,16.0,25903.0
2026-07-30T19:02:30.332Z,319.815,319.83,0.0,7.4,0.0,0.0,0.0,0.0,0.0,0.0,0.0,0.0,1.0,0.0,0.0,0.0,9.0,4.0,0.0,0.0,0.0,0.0,0.0,0.0,0.0,0.0,1.0,12.0,1.0,12.14,5.01,2.51,1.5,0.0,0.0,0.0,131.6,0.0,-0.3,-0.4,-0.6000000000000001,-169.60000000000002,0.0,0.0,169.60000000000002,0.0,21.700000000000003,29.0,29.0,30.0,300.0,300.0,31.5,35.800000000000004,28.9,28.1,30.0,4.96,1.99,4.97,0.16,0.0,0.0,1027.0,8228.0,0.0,0.0,0.0,0.0,0.0,1.0,0.0,0.0,0.0,0.0,0.0,-1.0,0.0,0.4,0.0,0.0,16.0,25903.0
2026-07-30T19:02:30.344Z,319.827,319.842,0.0,7.4,0.0,0.0,0.0,0.0,0.0,0.0,0.0,0.0,1.0,0.0,0.0,0.0,9.0,4.0,0.0,0.0,0.0,0.0,0.0,0.0,0.0,0.0,2.0,12.0,1.0,12.14,5.01,2.51,1.5,0.0,0.0,0.0,131.8,0.0,0.2,0.6000000000000001,-1.2000000000000002,-169.60000000000002,0.0,0.0,169.60000000000002,0.0,21.700000000000003,29.0,29.0,30.0,300.0,300.0,31.5,35.800000000000004,28.9,28.1,30.0,4.95,1.99,4.97,0.16,0.0,0.0,1027.0,8228.0,0.0,0.0,0.0,0.0,0.0,1.0,0.0,0.0,0.0,0.0,0.0,-0.1,0.0,1.2000000000000002,0.0,0.0,16.0,25903.0
2026-07-30T19:02:30.358Z,319.841,319.854,0.0,7.4,0.0,0.0,0.0,0.0,0.0,0.0,0.0,0.0,1.0,0.0,0.0,0.0,9.0,4.0,0.0,0.0,0.0,0.0,0.0,0.0,0.0,0.0,3.0,12.0,1.0,12.18,5.01,2.51,1.49,0.0,0.0,0.0,131.9,0.0,-0.3,-0.4,0.0,-169.60000000000002,0.0,0.0,169.70000000000002,0.0,21.4,29.0,29.0,30.0,300.0,300.0,31.6,35.800000000000004,28.9,28.200000000000003,30.0,4.96,1.99,4.96,0.16,0.0,0.0,1027.0,8228.0,0.0,0.0,0.0,0.0,0.0,1.0,0.0,0.0,0.0,0.0,0.0,-0.5,0.0,0.0,0.0,0.0,16.0,25903.0
2026-07-30T19:02:30.368Z,319.851,319.866,0.0,7.4,0.0,0.0,0.0,0.0,0.0,0.0,0.0,0.0,1.0,0.0,0.0,0.0,9.0,4.0,0.0,0.0,0.0,0.0,0.0,0.0,0.0,0.0,5.0,12.0,1.0,12.18,5.01,2.51,1.49,0.0,0.0,0.0,132.20000000000002,0.0,-0.9,-0.4,1.0,-169.60000000000002,0.0,0.0,169.60000000000002,0.0,21.4,29.0,29.0,30.0,300.0,300.0,31.6,35.800000000000004,28.9,28.200000000000003,30.0,4.96,1.99,4.97,0.16,0.0,0.0,1027.0,8228.0,0.0,0.0,0.0,0.0,0.0,1.0,0.0,0.0,0.0,0.0,0.0,0.2,0.0,-1.0,0.0,0.0,16.0,25903.0
2026-07-30T19:02:30.380Z,319.863,319.878,0.0,7.4,0.0,0.0,0.0,0.0,0.0,0.0,0.0,0.0,1.0,0.0,0.0,0.0,9.0,4.0,0.0,0.0,0.0,0.0,0.0,0.0,0.0,0.0,6.0,12.0,1.0,12.18,5.01,2.51,1.49,0.0,0.0,0.0,132.3,0.0,-0.3,0.0,-0.7000000000000001,-169.60000000000002,0.0,0.0,169.60000000000002,0.0,21.4,29.0,29.0,30.0,300.0,300.0,31.6,35.800000000000004,28.9,28.200000000000003,30.0,4.96,1.99,4.97,0.16,0.0,0.0,1027.0,8228.0,0.0,0.0,0.0,0.0,0.0,1.0,0.0,0.0,0.0,0.0,0.0,-0.4,0.0,0.6000000000000001,0.0,0.0,16.0,25903.0
2026-07-30T19:02:30.392Z,319.875,319.89,0.0,7.4,0.0,0.0,0.0,0.0,0.0,0.0,0.0,0.0,1.0,0.0,0.0,0.0,9.0,4.0,0.0,0.0,0.0,0.0,0.0,0.0,0.0,0.0,1.0,12.0,1.0,12.18,5.01,2.51,1.49,0.0,0.0,0.0,132.5,0.0,-0.3,-0.4,-0.6000000000000001,-169.60000000000002,0.0,0.0,169.60000000000002,0.0,21.4,29.0,29.0,30.0,300.0,300.0,31.6,35.800000000000004,28.9,28.200000000000003,30.0,4.95,1.99,4.97,0.16,0.0,0.0,1027.0,8228.0,0.0,0.0,0.0,0.0,0.0,1.0,0.0,0.0,0.0,0.0,0.0,-1.0,0.0,0.4,0.0,0.0,16.0,25903.0
2026-07-30T19:02:30.404Z,319.887,319.902,0.0,7.4,0.0,0.0,0.0,0.0,0.0,0.0,0.0,0.0,1.0,0.0,0.0,0.0,9.0,4.0,0.0,0.0,0.0,0.0,0.0,0.0,0.0,0.0,2.0,12.0,1.0,12.18,5.01,2.51,1.49,0.0,0.0,0.0,132.70000000000002,0.0,0.2,-0.5,-0.1,-169.60000000000002,0.0,0.0,169.70000000000002,0.0,21.4,29.0,29.0,30.0,300.0,300.0,31.6,35.800000000000004,28.9,28.200000000000003,30.0,4.96,1.99,4.96,0.16,0.0,0.0,1027.0,8228.0,0.0,0.0,0.0,0.0,0.0,1.0,0.0,0.0,0.0,0.0,0.0,-0.6000000000000001,0.0,0.0,0.0,0.0,16.0,25903.0
2026-07-30T19:02:30.416Z,319.899,319.914,0.0,7.4,0.0,0.0,0.0,0.0,0.0,0.0,0.0,0.0,1.0,0.0,0.0,0.0,9.0,4.0,0.0,0.0,0.0,0.0,0.0,0.0,0.0,0.0,3.0,12.0,1.0,12.18,5.01,2.51,1.49,0.0,0.0,0.0,132.8,0.0,0.2,0.6000000000000001,2.2,-169.60000000000002,0.0,0.0,169.60000000000002,0.0,21.4,29.0,29.0,30.0,300.0,300.0,31.6,35.800000000000004,28.9,28.200000000000003,30.0,4.95,1.99,4.97,0.16,0.0,0.0,1027.0,8228.0,0.0,0.0,0.0,0.0,0.0,1.0,0.0,0.0,0.0,0.0,0.0,2.4000000000000004,0.0,-1.8,0.0,0.0,16.0,25903.0
2026-07-30T19:02:30.428Z,319.911,319.926,0.0,7.4,0.0,0.0,0.0,0.0,0.0,0.0,0.0,0.0,1.0,0.0,0.0,0.0,9.0,4.0,0.0,0.0,0.0,0.0,0.0,0.0,0.0,0.0,4.0,12.0,1.0,12.18,5.01,2.51,1.49,0.0,0.0,0.0,133.1,0.0,-0.3,0.0,-0.1,-169.60000000000002,0.0,0.0,169.60000000000002,0.0,21.4,29.0,29.0,30.0,300.0,300.0,31.6,35.800000000000004,28.9,28.200000000000003,30.0,4.95,1.99,4.96,0.16,0.0,0.0,1027.0,8228.0,0.0,0.0,0.0,0.0,0.0,1.0,0.0,0.0,0.0,0.0,0.0,0.0,0.0,0.1,0.0,0.0,16.0,25903.0
2026-07-30T19:02:30.440Z,319.923,319.938,0.0,7.4,0.0,0.0,0.0,0.0,0.0,0.0,0.0,0.0,1.0,0.0,0.0,0.0,9.0,4.0,0.0,0.0,0.0,0.0,0.0,0.0,0.0,0.0,5.0,12.0,1.0,12.18,5.01,2.51,1.49,0.0,0.0,0.0,133.20000000000002,0.0,0.8,0.0,-0.7000000000000001,-169.60000000000002,0.0,0.0,169.60000000000002,0.0,21.4,29.0,29.0,30.0,300.0,300.0,31.6,35.800000000000004,28.9,28.200000000000003,30.0,4.96,1.99,4.96,0.16,0.0,0.0,1027.0,8228.0,0.0,0.0,0.0,0.0,0.0,1.0,0.0,0.0,0.0,0.0,0.0,-0.4,0.0,0.6000000000000001,0.0,0.0,16.0,25903.0
2026-07-30T19:02:30.452Z,319.935,319.95,0.0,7.4,0.0,0.0,0.0,0.0,0.0,0.0,0.0,0.0,1.0,0.0,0.0,0.0,9.0,4.0,0.0,0.0,0.0,0.0,0.0,0.0,0.0,0.0,6.0,12.0,1.0,12.18,5.01,2.51,1.49,0.0,0.0,0.0,133.4,0.0,0.2,-0.5,-0.2,-169.60000000000002,0.0,0.0,169.70000000000002,0.0,21.4,29.0,29.0,30.0,300.0,300.0,31.6,35.800000000000004,28.9,28.200000000000003,30.0,4.96,1.99,4.96,0.16,0.0,0.0,1027.0,8228.0,0.0,0.0,0.0,0.0,0.0,1.0,0.0,0.0,0.0,0.0,0.0,-0.8,0.0,0.0,0.0,0.0,16.0,25903.0
2026-07-30T19:02:30.464Z,319.947,319.962,0.0,7.4,0.0,0.0,0.0,0.0,0.0,0.0,0.0,0.0,1.0,0.0,0.0,0.0,9.0,4.0,0.0,0.0,0.0,0.0,0.0,0.0,0.0,0.0,2.0,12.0,1.0,12.18,5.01,2.51,1.49,0.0,0.0,0.0,133.6,0.0,0.7000000000000001,0.0,1.5,-169.60000000000002,0.0,0.0,169.70000000000002,0.0,21.3,29.0,29.0,30.0,300.0,300.0,31.6,35.800000000000004,28.9,28.200000000000003,30.0,4.95,1.99,4.97,0.16,0.0,0.0,1027.0,8228.0,0.0,0.0,0.0,0.0,0.0,1.0,0.0,0.0,0.0,0.0,0.0,1.1,0.0,-1.3,0.0,0.0,16.0,25903.0
2026-07-30T19:02:30.476Z,319.959,319.974,0.0,7.4,0.0,0.0,0.0,0.0,0.0,0.0,0.0,0.0,1.0,0.0,0.0,0.0,9.0,4.0,0.0,0.0,0.0,0.0,0.0,0.0,0.0,0.0,2.0,12.0,1.0,12.18,5.01,2.51,1.49,0.0,0.0,0.0,133.8,0.0,0.7000000000000001,0.0,0.3,-169.60000000000002,0.0,0.0,169.60000000000002,0.0,21.3,29.0,29.0,30.0,300.0,300.0,31.6,35.800000000000004,28.9,28.200000000000003,30.0,4.95,1.99,4.96,0.16,0.0,0.0,1027.0,8228.0,0.0,0.0,0.0,0.0,0.0,1.0,0.0,0.0,0.0,0.0,0.0,0.1,0.0,-0.3,0.0,0.0,16.0,25903.0
2026-07-30T19:02:30.489Z,319.972,319.986,0.0,7.4,0.0,0.0,0.0,0.0,0.0,0.0,0.0,0.0,1.0,0.0,0.0,0.0,9.0,4.0,0.0,0.0,0.0,0.0,0.0,0.0,0.0,0.0,3.0,12.0,1.0,12.18,5.01,2.51,1.49,0.0,0.0,0.0,133.9,0.0,0.1,1.7000000000000002,1.5,-169.60000000000002,0.0,0.0,169.60000000000002,0.0,21.3,29.0,29.0,30.0,300.0,300.0,31.6,35.800000000000004,28.9,28.200000000000003,30.0,4.96,1.99,4.96,0.16,0.0,0.0,1027.0,8228.0,0.0,0.0,0.0,0.0,0.0,1.0,0.0,0.0,0.0,0.0,0.0,-0.4,0.0,-0.4,0.0,0.0,16.0,25903.0
2026-07-30T19:02:30.500Z,319.983,319.998,0.0,7.4,0.0,0.0,0.0,0.0,0.0,0.0,0.0,0.0,1.0,0.0,0.0,0.0,9.0,4.0,0.0,0.0,0.0,0.0,0.0,0.0,0.0,0.0,4.0,12.0,1.0,12.18,5.01,2.51,1.49,0.0,0.0,0.0,134.1,0.0,0.1,0.5,-0.2,-169.60000000000002,0.0,0.0,169.70000000000002,0.0,21.3,29.0,29.0,30.0,300.0,300.0,31.6,35.800000000000004,28.9,28.200000000000003,30.0,4.96,1.99,4.97,0.16,0.0,0.0,1027.0,8228.0,0.0,0.0,0.0,0.0,0.0,1.0,0.0,0.0,0.0,0.0,0.0,-0.2,0.0,0.2,0.0,0.0,16.0,25903.0
2026-07-30T19:02:30.512Z,319.995,320.01,0.0,7.4,0.0,0.0,0.0,0.0,0.0,0.0,0.0,0.0,1.0,0.0,0.0,0.0,9.0,4.0,0.0,0.0,0.0,0.0,0.0,0.0,0.0,0.0,5.0,12.0,1.0,12.18,5.01,2.51,1.49,0.0,0.1,0.0,134.3,0.0,0.1,0.5,0.3,-169.60000000000002,0.0,0.0,169.60000000000002,0.0,21.3,29.0,29.0,30.0,300.0,300.0,31.6,35.800000000000004,28.9,28.200000000000003,30.0,4.96,1.99,4.97,0.16,0.0,0.0,1027.0,8228.0,0.0,0.0,0.0,0.0,0.0,1.0,0.0,0.0,0.0,0.0,0.0,-3.0,0.0,0.8,0.0,0.0,16.0,25903.0
2026-07-30T19:02:30.524Z,320.007,320.022,0.0,7.4,0.0,0.0,0.0,0.0,0.0,0.0,0.0,0.0,1.0,0.0,0.0,0.0,9.0,4.0,0.0,0.0,0.0,0.0,0.0,0.0,0.0,0.0,6.0,12.0,1.0,12.18,5.01,2.51,1.49,0.0,0.0,0.0,134.5,0.0,-0.9,1.1,0.3,-169.60000000000002,0.0,0.0,169.60000000000002,0.0,21.3,29.0,29.0,30.0,300.0,300.0,31.6,35.800000000000004,28.9,28.200000000000003,30.0,4.96,2.0,4.96,0.16,0.0,0.0,1027.0,8228.0,0.0,0.0,0.0,0.0,0.0,1.0,0.0,0.0,0.0,0.0,0.0,1.5,0.0,0.0,0.0,0.0,16.0,25903.0
2026-07-30T19:02:30.537Z,320.02,320.034,0.0,7.4,0.0,0.0,0.0,0.0,0.0,0.0,0.0,0.0,1.0,0.0,0.0,0.0,9.0,4.0,0.0,0.0,0.0,0.0,0.0,0.0,0.0,0.0,1.0,12.0,1.0,12.18,5.01,2.51,1.49,0.0,0.0,0.0,134.3,0.0,-0.4,-0.5,-1.3,-169.60000000000002,0.0,0.0,169.60000000000002,0.0,21.3,29.0,29.0,30.0,300.0,300.0,31.6,35.800000000000004,28.9,28.200000000000003,30.0,4.95,1.99,4.96,0.16,0.0,0.0,1027.0,8228.0,0.0,0.0,0.0,0.0,0.0,1.0,0.0,0.0,0.0,0.0,0.0,-1.6,0.0,1.0,0.0,0.0,16.0,25903.0
2026-07-30T19:02:30.548Z,320.031,320.046,0.0,7.4,0.0,0.0,0.0,0.0,0.0,0.0,0.0,0.0,1.0,0.0,0.0,0.0,9.0,4.0,0.0,0.0,0.0,0.0,0.0,0.0,0.0,0.0,2.0,12.0,1.0,12.18,5.01,2.51,1.49,0.0,0.0,0.0,134.20000000000002,0.0,-1.0,-1.2000000000000002,-0.7000000000000001,-169.60000000000002,0.0,0.0,169.70000000000002,0.0,21.3,29.0,29.0,30.0,300.0,300.0,31.6,35.800000000000004,28.9,28.200000000000003,30.0,4.96,1.99,4.97,0.16,0.0,0.0,1027.0,8228.0,0.0,0.0,0.0,0.0,0.0,1.0,0.0,0.0,0.0,0.0,0.0,-1.9,0.0,0.4,0.0,0.0,16.0,25903.0
2026-07-30T19:02:30.562Z,320.045,320.058,0.0,7.4,0.0,0.0,0.0,0.0,0.0,0.0,0.0,0.0,1.0,0.0,0.0,0.0,9.0,4.0,0.0,0.0,0.0,0.0,0.0,0.0,0.0,0.0,4.0,12.0,1.0,12.17,5.01,2.5,1.49,0.0,0.0,0.0,134.20000000000002,0.0,-0.4,0.5,0.4,-169.60000000000002,0.0,0.0,169.60000000000002,0.0,21.700000000000003,29.0,29.0,30.0,300.0,300.0,31.5,35.800000000000004,28.9,28.200000000000003,30.0,4.96,1.99,4.96,0.16,0.0,0.0,1027.0,8228.0,0.0,0.0,0.0,0.0,0.0,1.0,0.0,0.0,0.0,0.0,0.0,0.9,0.0,-0.2,0.0,0.0,16.0,25903.0
2026-07-30T19:02:30.572Z,320.055,320.07,0.0,7.4,0.0,0.0,0.0,0.0,0.0,0.0,0.0,0.0,1.0,0.0,0.0,0.0,9.0,4.0,0.0,0.0,0.0,0.0,0.0,0.0,0.0,0.0,5.0,12.0,1.0,12.17,5.01,2.5,1.49,0.0,0.0,0.0,134.0,0.0,-1.6,-0.6000000000000001,-1.9,-169.60000000000002,0.0,0.0,169.70000000000002,0.0,21.700000000000003,29.0,29.0,30.0,300.0,300.0,31.5,35.800000000000004,28.9,28.200000000000003,30.0,4.96,1.99,4.97,0.16,0.0,0.0,1027.0,8228.0,0.0,0.0,0.0,0.0,0.0,1.0,0.0,0.0,0.0,0.0,0.0,-2.1,0.0,1.5,0.0,0.0,16.0,25903.0
2026-07-30T19:02:30.584Z,320.067,320.082,0.0,7.4,0.0,0.0,0.0,0.0,0.0,0.0,0.0,0.0,1.0,0.0,0.0,0.0,9.0,4.0,0.0,0.0,0.0,0.0,0.0,0.0,0.0,0.0,6.0,12.0,1.0,12.17,5.01,2.5,1.49,0.0,0.0,0.0,133.9,0.0,-1.0,0.5,0.9,-169.60000000000002,0.0,0.0,169.60000000000002,0.0,21.700000000000003,29.0,29.0,30.0,300.0,300.0,31.5,35.800000000000004,28.9,28.200000000000003,30.0,4.95,2.0,4.97,0.16,0.0,0.0,1027.0,8228.0,0.0,0.0,0.0,0.0,0.0,1.0,0.0,0.0,0.0,0.0,0.0,1.3,0.0,-0.7000000000000001,0.0,0.0001,16.0,25903.0
2026-07-30T19:02:30.596Z,320.079,320.094,0.0,7.4,0.0,0.0,0.0,0.0,0.0,0.0,0.0,0.0,1.0,0.0,0.0,0.0,9.0,4.0,0.0,0.0,0.0,0.0,0.0,0.0,0.0,0.0,1.0,12.0,1.0,12.17,5.01,2.5,1.49,0.0,0.0,0.0,133.8,0.0,0.7000000000000001,0.0,-0.8,-169.60000000000002,0.0,0.0,169.60000000000002,0.0,21.700000000000003,29.0,29.0,30.0,300.0,300.0,31.5,35.800000000000004,28.9,28.200000000000003,30.0,4.96,2.0,4.96,0.16,0.0,0.0,1027.0,8228.0,0.0,0.0,0.0,0.0,0.0,1.0,0.0,0.0,0.0,0.0,0.0,-0.5,0.0,0.7000000000000001,0.0,0.0,16.0,25903.0
2026-07-30T19:02:30.608Z,320.091,320.106,0.0,7.4,0.0,0.0,0.0,0.0,0.0,0.0,0.0,0.0,1.0,0.0,0.0,0.0,9.0,4.0,0.0,0.0,0.0,0.0,0.0,0.0,0.0,0.0,1.0,12.0,1.0,12.17,5.01,2.5,1.49,0.0,0.0,0.0,133.70000000000002,0.0,0.1,-0.5,-0.7000000000000001,-169.60000000000002,0.0,0.0,169.60000000000002,0.0,21.700000000000003,29.0,29.0,30.0,300.0,300.0,31.5,35.800000000000004,28.9,28.200000000000003,30.0,4.95,1.99,4.96,0.16,0.0,0.0,1027.0,8228.0,0.0,0.0,0.0,0.0,0.0,1.0,0.0,0.0,0.0,0.0,0.0,-1.1,0.0,0.5,0.0,0.0,16.0,25903.0
2026-07-30T19:02:30.620Z,320.103,320.118,0.0,7.4,0.0,0.0,0.0,0.0,0.0,0.0,0.0,0.0,1.0,0.0,0.0,0.0,9.0,4.0,0.0,0.0,0.0,0.0,0.0,0.0,0.0,0.0,2.0,12.0,1.0,12.17,5.01,2.5,1.49,0.0,0.1,0.0,133.6,0.0,-1.0,0.6000000000000001,-0.2,-169.60000000000002,0.0,0.0,169.60000000000002,0.0,21.700000000000003,29.0,29.0,30.0,300.0,300.0,31.5,35.800000000000004,28.9,28.200000000000003,30.0,4.95,1.99,4.97,0.16,0.0,0.0,1027.0,8228.0,0.0,0.0,0.0,0.0,0.0,1.0,0.0,0.0,0.0,0.0,0.0,0.5,0.0,0.3,0.0,0.0,16.0,25903.0
2026-07-30T19:02:30.632Z,320.115,320.13,0.0,7.4,0.0,0.0,0.0,0.0,0.0,0.0,0.0,0.0,1.0,0.0,0.0,0.0,9.0,4.0,0.0,0.0,0.0,0.0,0.0,0.0,0.0,0.0,4.0,12.0,1.0,12.17,5.01,2.5,1.49,0.0,0.0,0.0,133.5,0.0,0.1,0.0,-0.8,-169.60000000000002,0.0,0.0,169.70000000000002,0.0,21.700000000000003,29.0,29.0,30.0,300.0,300.0,31.5,35.800000000000004,28.9,28.200000000000003,30.0,4.96,2.0,4.97,0.16,0.0,0.0,1027.0,8228.0,0.0,0.0,0.0,0.0,0.0,1.0,0.0,0.0,0.0,0.0,0.0,-0.5,0.0,0.7000000000000001,0.0,0.0,16.0,25903.0
2026-07-30T19:02:30.644Z,320.127,320.142,0.0,7.4,0.0,0.0,0.0,0.0,0.0,0.0,0.0,0.0,1.0,0.0,0.0,0.0,9.0,4.0,0.0,0.0,0.0,0.0,0.0,0.0,0.0,0.0,5.0,12.0,1.0,12.17,5.01,2.5,1.49,0.0,0.0,0.0,133.4,0.0,0.1,0.6000000000000001,0.9,-169.60000000000002,0.0,0.0,169.70000000000002,0.0,21.700000000000003,29.0,29.0,30.0,300.0,300.0,31.5,35.800000000000004,28.9,28.200000000000003,30.0,4.96,2.0,4.97,0.16,0.0,0.0,1027.0,8228.0,0.0,0.0,0.0,0.0,0.0,1.0,0.0,0.0,0.0,0.0,0.0,1.4,0.0,-0.6000000000000001,0.0,0.0,16.0,25903.0
2026-07-30T19:02:30.656Z,320.139,320.154,0.0,7.4,0.0,0.0,0.0,0.0,0.0,0.0,0.0,0.0,1.0,0.0,0.0,0.0,9.0,4.0,0.0,0.0,0.0,0.0,0.0,0.0,0.0,0.0,6.0,12.0,1.0,12.17,5.01,2.5,1.49,0.0,0.0,0.0,133.3,0.0,-0.3,0.0,1.5,-169.60000000000002,0.0,0.0,169.60000000000002,0.0,21.700000000000003,29.0,29.0,30.0,300.0,300.0,31.5,35.800000000000004,28.9,28.200000000000003,30.0,4.95,1.99,4.97,0.16,0.0,0.0,1027.0,8228.0,0.0,0.0,0.0,0.0,0.0,1.0,0.0,0.0,0.0,0.0,0.0,1.2000000000000002,0.0,-1.3,0.0,0.0,16.0,25903.0
2026-07-30T19:02:30.668Z,320.151,320.166,0.0,7.4,0.0,0.0,0.0,0.0,0.0,0.0,0.0,0.0,1.0,0.0,0.0,0.0,9.0,4.0,0.0,0.0,0.0,0.0,0.0,0.0,0.0,0.0,1.0,12.0,1.0,12.19,5.0200000000000005,2.51,1.49,0.0,0.0,0.0,133.1,0.0,1.3,0.6000000000000001,1.5,-169.60000000000002,0.0,0.0,169.60000000000002,0.0,21.4,29.0,29.0,30.0,300.0,300.0,31.6,35.800000000000004,28.9,28.1,30.0,4.95,2.0,4.96,0.16,0.0,0.0,1027.0,8228.0,0.0,0.0,0.0,0.0,0.0,1.0,0.0,0.0,0.0,0.0,0.0,1.9,0.0,-1.2000000000000002,0.0,0.0,16.0,25903.0
2026-07-30T19:02:30.680Z,320.163,320.178,0.0,7.4,0.0,0.0,0.0,0.0,0.0,0.0,0.0,0.0,1.0,0.0,0.0,0.0,9.0,4.0,0.0,0.0,0.0,0.0,0.0,0.0,0.0,0.0,2.0,12.0,1.0,12.19,5.0200000000000005,2.51,1.49,0.0,0.0,0.0,133.1,0.0,0.1,0.7000000000000001,-0.1,-169.60000000000002,0.0,0.0,169.70000000000002,0.0,21.4,29.0,29.0,30.0,300.0,300.0,31.6,35.800000000000004,28.9,28.1,30.0,4.96,2.0,4.96,0.16,0.0,0.0,1027.0,8228.0,0.0,0.0,0.0,0.0,0.0,1.0,0.0,0.0,0.0,0.0,0.0,0.7000000000000001,0.0,0.2,0.0,0.0,16.0,25903.0
2026-07-30T19:02:30.692Z,320.175,320.19,0.0,7.4,0.0,0.0,0.0,0.0,0.0,0.0,0.0,0.0,1.0,0.0,0.0,0.0,9.0,4.0,0.0,0.0,0.0,0.0,0.0,0.0,0.0,0.0,3.0,12.0,1.0,12.19,5.0200000000000005,2.51,1.49,0.0,0.0,0.0,133.0,0.0,0.1,-0.4,0.4,-169.60000000000002,0.0,0.0,169.60000000000002,0.0,21.4,29.0,29.0,30.0,300.0,300.0,31.6,35.800000000000004,28.9,28.1,30.0,4.95,2.0,4.96,0.16,0.0,0.0,1027.0,8228.0,0.0,0.0,0.0,0.0,0.0,1.0,0.0,0.0,0.0,0.0,0.0,-0.1,0.0,-0.5,0.0,0.0,16.0,25903.0
2026-07-30T19:02:30.704Z,320.187,320.202,0.0,7.4,0.0,0.0,0.0,0.0,0.0,0.0,0.0,0.0,1.0,0.0,0.0,0.0,9.0,4.0,0.0,0.0,0.0,0.0,0.0,0.0,0.0,0.0,5.0,12.0,1.0,12.19,5.0200000000000005,2.51,1.49,0.0,0.0,0.0,132.8,0.0,-0.9,-1.6,-1.9,-169.60000000000002,0.0,0.0,169.60000000000002,0.0,21.4,29.0,29.0,30.0,300.0,300.0,31.6,35.800000000000004,28.9,28.1,30.0,4.96,1.99,4.97,0.16,0.0,0.0,1027.0,8228.0,0.0,0.0,0.0,0.0,0.0,1.0,0.0,0.0,0.0,0.0,0.0,-3.3000000000000003,0.0,1.3,0.0,0.0,16.0,25903.0
2026-07-30T19:02:30.716Z,320.199,320.214,0.0,7.4,0.0,0.0,0.0,0.0,0.0,0.0,0.0,0.0,1.0,0.0,0.0,0.0,9.0,4.0,0.0,0.0,0.0,0.0,0.0,0.0,0.0,0.0,6.0,12.0,1.0,12.19,5.0200000000000005,2.51,1.49,0.0,0.0,0.0,132.8,0.0,0.1,0.1,-0.1,-169.60000000000002,0.0,0.0,169.60000000000002,0.0,21.4,29.0,29.0,30.0,300.0,300.0,31.6,35.800000000000004,28.9,28.1,30.0,4.96,1.99,4.96,0.16,0.0,0.0,1027.0,8228.0,0.0,0.0,0.0,0.0,0.0,1.0,0.0,0.0,0.0,0.0,0.0,0.0,0.0,0.1,0.0,0.0,16.0,25903.0
2026-07-30T19:02:30.728Z,320.211,320.226,0.0,7.4,0.0,0.0,0.0,0.0,0.0,0.0,0.0,0.0,1.0,0.0,0.0,0.0,9.0,4.0,0.0,0.0,0.0,0.0,0.0,0.0,0.0,0.0,1.0,12.0,1.0,12.19,5.0200000000000005,2.51,1.49,0.0,0.0,0.0,132.6,0.0,0.7000000000000001,1.3,0.9,-169.60000000000002,0.0,0.0,169.70000000000002,0.0,21.4,29.0,29.0,30.0,300.0,300.0,31.6,35.800000000000004,28.9,28.1,30.0,4.96,1.99,4.96,0.16,0.0,0.0,1027.0,8228.0,0.0,0.0,0.0,0.0,0.0,1.0,0.0,0.0,0.0,0.0,0.0,2.2,0.0,-0.5,0.0,0.0,16.0,25903.0
2026-07-30T19:02:30.740Z,320.223,320.238,0.0,7.4,0.0,0.0,0.0,0.0,0.0,0.0,0.0,0.0,1.0,0.0,0.0,0.0,9.0,4.0,0.0,0.0,0.0,0.0,0.0,0.0,0.0,0.0,2.0,12.0,1.0,12.19,5.0200000000000005,2.51,1.49,0.0,0.0,0.0,132.5,0.0,0.7000000000000001,1.3,0.9,-169.60000000000002,0.0,0.0,169.70000000000002,0.0,21.4,29.0,29.0,30.0,300.0,300.0,31.6,35.800000000000004,28.9,28.1,30.0,4.95,1.99,4.97,0.16,0.0,0.0,1027.0,8228.0,0.0,0.0,0.0,0.0,0.0,1.0,0.0,0.0,0.0,0.0,0.0,2.1,0.0,-0.5,0.0,0.0,16.0,25903.0
2026-07-30T19:02:30.752Z,320.235,320.25,0.0,7.4,0.0,0.0,0.0,0.0,0.0,0.0,0.0,0.0,1.0,0.0,0.0,0.0,9.0,4.0,0.0,0.0,0.0,0.0,0.0,0.0,0.0,0.0,3.0,12.0,1.0,12.19,5.0200000000000005,2.51,1.49,0.0,0.0,0.0,132.4,0.0,0.1,0.1,-0.7000000000000001,-169.60000000000002,0.0,0.0,169.70000000000002,0.0,21.4,29.0,29.0,30.0,300.0,300.0,31.6,35.800000000000004,28.9,28.1,30.0,4.96,1.99,4.96,0.16,0.0,0.0,1027.0,8228.0,0.0,0.0,0.0,0.0,0.0,1.0,0.0,0.0,0.0,0.0,0.0,-0.4,0.0,0.7000000000000001,0.0,0.0,16.0,25903.0
2026-07-30T19:02:30.765Z,320.248,320.262,0.0,7.4,0.0,0.0,0.0,0.0,0.0,0.0,0.0,0.0,1.0,0.0,0.0,0.0,9.0,4.0,0.0,0.0,0.0,0.0,0.0,0.0,0.0,0.0,4.0,12.0,1.0,12.15,5.01,2.51,1.49,0.0,0.0,0.0,132.3,0.0,0.1,0.1,-0.2,-169.60000000000002,0.0,0.0,169.70000000000002,0.0,21.8,29.0,29.0,30.0,300.0,300.0,31.5,35.7,28.9,28.1,30.0,4.96,2.0,4.96,0.16,0.0,0.0,1027.0,8228.0,0.0,0.0,0.0,0.0,0.0,1.0,0.0,0.0,0.0,0.0,0.0,0.0,0.0,0.2,0.0,0.0,16.0,25903.0
2026-07-30T19:02:30.776Z,320.259,320.274,0.0,7.4,0.0,0.0,0.0,0.0,0.0,0.0,0.0,0.0,1.0,0.0,0.0,0.0,9.0,4.0,0.0,0.0,0.0,0.0,0.0,0.0,0.0,0.0,6.0,12.0,1.0,12.15,5.01,2.51,1.49,0.0,0.1,0.0,132.20000000000002,0.0,-0.4,1.3,-1.4,-169.60000000000002,0.0,0.0,169.70000000000002,0.0,21.8,29.0,29.0,30.0,300.0,300.0,31.5,35.7,28.9,28.1,30.0,4.96,1.99,4.96,0.16,0.0,0.0,1027.0,8228.0,0.0,0.0,0.0,0.0,0.0,1.0,0.0,0.0,0.0,0.0,0.0,0.4,0.0,1.5,0.0,0.0,16.0,25903.0
2026-07-30T19:02:30.788Z,320.271,320.286,0.0,7.4,0.0,0.0,0.0,0.0,0.0,0.0,0.0,0.0,1.0,0.0,0.0,0.0,9.0,4.0,0.0,0.0,0.0,0.0,0.0,0.0,0.0,0.0,1.0,12.0,1.0,12.15,5.01,2.51,1.49,0.0,0.0,0.0,132.1,0.0,0.1,0.1,-0.2,-169.60000000000002,0.0,0.0,169.60000000000002,0.0,21.8,29.0,29.0,30.0,300.0,300.0,31.5,35.7,28.9,28.1,30.0,4.95,1.99,4.97,0.16,0.0,0.0,1027.0,8228.0,0.0,0.0,0.0,0.0,0.0,1.0,0.0,0.0,0.0,0.0,0.0,0.0,0.0,0.2,0.0,0.0,16.0,25903.0
2026-07-30T19:02:30.800Z,320.283,320.298,0.0,7.4,0.0,0.0,0.0,0.0,0.0,0.0,0.0,0.0,1.0,0.0,0.0,0.0,9.0,4.0,0.0,0.0,0.0,0.0,0.0,0.0,0.0,0.0,2.0,12.0,1.0,12.15,5.01,2.51,1.49,0.0,0.0,0.0,132.0,0.0,0.1,0.1,0.3,-169.60000000000002,0.0,0.0,169.70000000000002,0.0,21.8,29.0,29.0,30.0,300.0,300.0,31.5,35.7,28.9,28.1,30.0,4.96,1.99,4.96,0.16,0.0,0.0,1027.0,8228.0,0.0,0.0,0.0,0.0,0.0,1.0,0.0,0.0,0.0,0.0,0.0,0.4,0.0,-0.2,0.0,0.0,16.0,25903.0
2026-07-30T19:02:30.812Z,320.295,320.31,0.0,7.4,0.0,0.0,0.0,0.0,0.0,0.0,0.0,0.0,1.0,0.0,0.0,0.0,9.0,4.0,0.0,0.0,0.0,0.0,0.0,0.0,0.0,0.0,3.0,12.0,1.0,12.15,5.01,2.51,1.49,0.0,0.0,0.0,131.9,0.0,0.1,0.7000000000000001,0.3,-169.60000000000002,0.0,0.0,169.70000000000002,0.0,21.8,29.0,29.0,30.0,300.0,300.0,31.5,35.7,28.9,28.1,30.0,4.96,1.99,4.96,0.16,0.0,0.0,1027.0,8228.0,0.0,0.0,0.0,0.0,0.0,1.0,0.0,0.0,0.0,0.0,0.0,1.1,0.0,-0.1,0.0,0.0,16.0,25903.0
2026-07-30T19:02:30.824Z,320.307,320.322,0.0,7.4,0.0,0.0,0.0,0.0,0.0,0.0,0.0,0.0,1.0,0.0,0.0,0.0,9.0,4.0,0.0,0.0,0.0,0.0,0.0,0.0,0.0,0.0,4.0,12.0,1.0,12.15,5.01,2.51,1.49,0.0,0.0,0.0,131.8,0.0,0.7000000000000001,0.1,0.9,-169.60000000000002,0.0,0.0,169.60000000000002,0.0,21.8,29.0,29.0,30.0,300.0,300.0,31.5,35.7,28.9,28.1,30.0,4.95,1.99,4.96,0.16,0.0,0.0,1027.0,8228.0,0.0,0.0,0.0,0.0,0.0,1.0,0.0,0.0,0.0,0.0,0.0,0.9,0.0,-0.8,0.0,0.0,16.0,25903.0
2026-07-30T19:02:30.836Z,320.319,320.334,0.0,7.4,0.0,0.0,0.0,0.0,0.0,0.0,0.0,0.0,1.0,0.0,0.0,0.0,9.0,4.0,0.0,0.0,0.0,0.0,0.0,0.0,0.0,0.0,5.0,12.0,1.0,12.15,5.01,2.51,1.49,0.0,0.0,0.0,131.6,0.0,-0.4,-0.4,-1.3,-169.60000000000002,0.0,0.0,169.70000000000002,0.0,21.8,29.0,29.0,30.0,300.0,300.0,31.5,35.7,28.9,28.1,30.0,4.96,1.99,4.97,0.16,0.0,0.0,1027.0,8228.0,0.0,0.0,0.0,0.0,0.0,1.0,0.0,0.0,0.0,0.0,0.0,-1.4,0.0,1.0,0.0,0.0,16.0,25903.0
2026-07-30T19:02:30.848Z,320.331,320.346,0.0,7.4,0.0,0.0,0.0,0.0,0.0,0.0,0.0,0.0,1.0,0.0,0.0,0.0,9.0,4.0,0.0,0.0,0.0,0.0,0.0,0.0,0.0,0.0,6.0,12.0,1.0,12.15,5.01,2.51,1.49,0.0,0.0,0.0,131.6,0.0,0.1,-0.9,0.4,-169.60000000000002,0.0,0.0,169.60000000000002,0.0,21.8,29.0,29.0,30.0,300.0,300.0,31.5,35.7,28.9,28.1,30.0,4.95,2.0,4.96,0.16,0.0,0.0,1027.0,8228.0,0.0,0.0,0.0,0.0,0.0,1.0,0.0,0.0,0.0,0.0,0.0,-0.8,0.0,-0.5,0.0,0.0,16.0,25903.0
2026-07-30T19:02:30.860Z,320.343,320.358,0.0,7.4,0.0,0.0,0.0,0.0,0.0,0.0,0.0,0.0,1.0,0.0,0.0,0.0,9.0,4.0,0.0,0.0,0.0,0.0,0.0,0.0,0.0,0.0,1.0,12.0,1.0,12.15,5.01,2.51,1.49,0.0,0.0,0.0,131.5,0.0,0.1,0.2,-0.2,-169.60000000000002,0.0,0.0,169.70000000000002,0.0,21.8,29.0,29.0,30.0,300.0,300.0,31.5,35.7,28.9,28.1,30.0,4.95,1.99,4.97,0.16,0.0,0.0,1027.0,8228.0,0.0,0.0,0.0,0.0,0.0,1.0,0.0,0.0,0.0,0.0,0.0,0.0,0.0,0.2,0.0,0.0,16.0,25903.0
2026-07-30T19:02:30.872Z,320.355,320.37,0.0,7.4,0.0,0.0,0.0,0.0,0.0,0.0,0.0,0.0,1.0,0.0,0.0,0.0,9.0,4.0,0.0,0.0,0.0,0.0,0.0,0.0,0.0,0.0,2.0,12.0,1.0,12.09,5.0200000000000005,2.51,1.49,0.0,0.0,0.0,131.3,0.0,0.1,1.3,1.5,-169.60000000000002,0.0,0.0,169.70000000000002,0.0,21.3,29.0,29.0,30.0,300.0,300.0,31.6,35.7,28.9,28.1,30.0,4.95,1.99,4.97,0.16,0.0,0.0,1027.0,8228.0,0.0,0.0,0.0,0.0,0.0,1.0,0.0,0.0,0.0,0.0,0.0,2.7,0.0,-1.0,0.0,0.0,16.0,25903.0
2026-07-30T19:02:30.885Z,320.368,320.382,0.0,7.4,0.0,0.0,0.0,0.0,0.0,0.0,0.0,0.0,1.0,0.0,0.0,0.0,9.0,4.0,0.0,0.0,0.0,0.0,0.0,0.0,0.0,0.0,3.0,12.0,1.0,12.09,5.0200000000000005,2.51,1.49,0.0,0.0,0.0,131.20000000000002,0.0,-0.4,-0.9,0.4,-169.60000000000002,0.0,0.0,169.70000000000002,0.0,21.3,29.0,29.0,30.0,300.0,300.0,31.6,35.7,28.9,28.1,30.0,4.96,1.99,4.96,0.16,0.0,0.0,1027.0,8228.0,0.0,0.0,0.0,0.0,0.0,1.0,0.0,0.0,0.0,0.0,0.0,-0.7000000000000001,0.0,-0.5,0.0,0.0,16.0,25903.0
2026-07-30T19:02:30.896Z,320.379,320.394,0.0,7.4,0.0,0.0,0.0,0.0,0.0,0.0,0.0,0.0,1.0,0.0,0.0,0.0,9.0,4.0,0.0,0.0,0.0,0.0,0.0,0.0,0.0,0.0,4.0,12.0,1.0,12.09,5.0200000000000005,2.51,1.49,0.0,0.0,0.0,131.1,0.0,-0.4,0.1,-0.1,-169.60000000000002,0.0,0.0,169.70000000000002,0.0,21.3,29.0,29.0,30.0,300.0,300.0,31.6,35.7,28.9,28.1,30.0,4.95,1.99,4.96,0.16,0.0,0.0,1027.0,8228.0,0.0,0.0,0.0,0.0,0.0,1.0,0.0,0.0,0.0,0.0,0.0,0.0,0.0,0.2,0.0,0.0,16.0,25903.0
2026-07-30T19:02:30.908Z,320.391,320.406,0.0,7.4,0.0,0.0,0.0,0.0,0.0,0.0,0.0,0.0,1.0,0.0,0.0,0.0,9.0,4.0,0.0,0.0,0.0,0.0,0.0,0.0,0.0,0.0,5.0,12.0,1.0,12.09,5.0200000000000005,2.51,1.49,0.0,0.0,0.0,131.0,0.0,-0.3,-0.3,1.0,-169.60000000000002,0.0,0.0,169.70000000000002,0.0,21.3,29.0,29.0,30.0,300.0,300.0,31.6,35.7,28.9,28.1,30.0,4.95,1.99,4.96,0.16,0.0,0.0,1027.0,8228.0,0.0,0.0,0.0,0.0,0.0,1.0,0.0,0.0,0.0,0.0,0.0,0.3,0.0,-0.9,0.0,0.0,16.0,25903.0
2026-07-30T19:02:30.920Z,320.403,320.418,0.0,7.4,0.0,0.0,0.0,0.0,0.0,0.0,0.0,0.0,1.0,0.0,0.0,0.0,9.0,4.0,0.0,0.0,0.0,0.0,0.0,0.0,0.0,0.0,6.0,12.0,1.0,12.09,5.0200000000000005,2.51,1.49,0.0,0.0,0.0,130.9,0.0,-0.3,0.7000000000000001,1.0,-169.60000000000002,0.0,0.0,169.60000000000002,0.0,21.3,29.0,29.0,30.0,300.0,300.0,31.6,35.7,28.9,28.1,30.0,4.96,2.0,4.96,0.16,0.0,0.0,1027.0,8228.0,0.0,0.0,0.0,0.0,0.0,1.0,0.0,0.0,0.0,0.0,0.0,1.6,0.0,-0.7000000000000001,0.0,0.0,16.0,25903.0
2026-07-30T19:02:30.932Z,320.415,320.43,0.0,7.4,0.0,0.0,0.0,0.0,0.0,0.0,0.0,0.0,1.0,0.0,0.0,0.0,9.0,4.0,0.0,0.0,0.0,0.0,0.0,0.0,0.0,0.0,2.0,12.0,1.0,12.09,5.0200000000000005,2.51,1.49,0.0,0.0,0.0,130.8,0.0,0.7000000000000001,0.2,1.0,-169.60000000000002,0.0,0.0,169.60000000000002,0.0,21.3,29.0,29.0,30.0,300.0,300.0,31.6,35.7,28.9,28.1,30.0,4.95,2.0,4.97,0.16,0.0,0.0,1027.0,8228.0,0.0,0.0,0.0,0.0,0.0,1.0,0.0,0.0,0.0,0.0,0.0,1.0,0.0,-0.8,0.0,0.0,16.0,25903.0
2026-07-30T19:02:30.944Z,320.427,320.442,0.0,7.4,0.0,0.0,0.0,0.0,0.0,0.0,0.0,0.0,1.0,0.0,0.0,0.0,9.0,4.0,0.0,0.0,0.0,0.0,0.0,0.0,0.0,0.0,3.0,12.0,1.0,12.09,5.0200000000000005,2.51,1.49,0.0,0.0,0.0,130.70000000000002,0.0,-0.3,1.3,0.4,-169.60000000000002,0.0,0.0,169.70000000000002,0.0,21.3,29.0,29.0,30.0,300.0,300.0,31.6,35.7,28.9,28.1,30.0,4.97,1.99,4.96,0.16,0.0,0.0,1027.0,8228.0,0.0,0.0,0.0,0.0,0.0,1.0,0.0,0.0,0.0,0.0,0.0,1.8,0.0,-0.1,0.0,0.0,16.0,25903.0
2026-07-30T19:02:30.956Z,320.439,320.454,0.0,7.4,0.0,0.0,0.0,0.0,0.0,0.0,0.0,0.0,1.0,0.0,0.0,0.0,9.0,4.0,0.0,0.0,0.0,0.0,0.0,0.0,0.0,0.0,4.0,12.0,1.0,12.09,5.0200000000000005,2.51,1.49,0.0,0.0,0.0,130.6,0.0,0.1,-0.4,-1.3,-169.60000000000002,0.0,0.0,169.60000000000002,0.0,21.3,29.0,29.0,30.0,300.0,300.0,31.6,35.7,28.9,28.1,30.0,4.97,1.99,4.96,0.16,0.0,0.0,1027.0,8228.0,0.0,0.0,0.0,0.0,0.0,1.0,0.0,0.0,0.0,0.0,0.0,-1.4,0.0,1.0,0.0,0.0,16.0,25903.0
2026-07-30T19:02:30.970Z,320.453,320.466,0.0,7.4,0.0,0.0,0.0,0.0,0.0,0.0,0.0,0.0,1.0,0.0,0.0,0.0,9.0,4.0,0.0,0.0,0.0,0.0,0.0,0.0,0.0,0.0,5.0,12.0,1.0,12.14,5.01,2.51,1.49,0.0,0.0,0.0,130.4,0.0,0.7000000000000001,0.1,0.0,-169.60000000000002,0.0,0.0,169.60000000000002,0.0,21.700000000000003,29.0,29.0,30.0,300.0,300.0,31.6,35.7,28.9,28.1,30.0,4.96,1.99,4.96,0.16,0.0,0.0,1027.0,8228.0,0.0,0.0,0.0,0.0,0.0,1.0,0.0,0.0,0.0,0.0,0.0,0.1,0.0,0.0,0.0,0.0,16.0,25903.0
2026-07-30T19:02:30.980Z,320.463,320.478,0.0,7.4,0.0,0.0,0.0,0.0,0.0,0.0,0.0,0.0,1.0,0.0,0.0,0.0,9.0,4.0,0.0,0.0,0.0,0.0,0.0,0.0,0.0,0.0,6.0,12.0,1.0,12.14,5.01,2.51,1.49,0.0,0.0,0.0,130.6,0.0,0.1,-0.4,1.1,-169.60000000000002,0.0,0.0,169.60000000000002,0.0,21.700000000000003,29.0,29.0,30.0,300.0,300.0,31.6,35.7,28.9,28.1,30.0,4.96,1.99,4.97,0.16,0.0,0.0,1027.0,8228.0,0.0,0.0,0.0,0.0,0.0,1.0,0.0,0.0,0.0,0.0,0.0,0.3,0.0,-1.0,0.0,0.0,16.0,25903.0
2026-07-30T19:02:30.992Z,320.475,320.49,0.0,7.4,0.0,0.0,0.0,0.0,0.0,0.0,0.0,0.0,1.0,0.0,0.0,0.0,9.0,4.0,0.0,0.0,0.0,0.0,0.0,0.0,0.0,0.0,2.0,12.0,1.0,12.14,5.01,2.51,1.49,0.0,0.0,0.0,130.8,0.0,-0.4,-0.4,1.7000000000000002,-169.60000000000002,0.0,0.0,169.60000000000002,0.0,21.700000000000003,29.0,29.0,30.0,300.0,300.0,31.6,35.7,28.9,28.1,30.0,4.96,1.99,4.96,0.16,0.0,0.0,1027.0,8228.0,0.0,0.0,0.0,0.0,0.0,1.0,0.0,0.0,0.0,0.0,0.0,0.7000000000000001,0.0,-1.6,0.0,0.0,16.0,25903.0
2026-07-30T19:02:31.004Z,320.487,320.502,0.0,7.4,0.0,0.0,0.0,0.0,0.0,0.0,0.0,0.0,1.0,0.0,0.0,0.0,9.0,4.0,0.0,0.0,0.0,0.0,0.0,0.0,0.0,0.0,3.0,12.0,1.0,12.14,5.01,2.51,1.49,0.0,0.0,0.0,131.0,0.0,0.2,-0.4,-0.6000000000000001,-169.60000000000002,0.0,0.0,169.60000000000002,0.0,21.700000000000003,29.0,29.0,30.0,300.0,300.0,31.6,35.7,28.9,28.1,30.0,4.96,1.99,4.96,0.16,0.0,0.0,1027.0,8228.0,0.0,0.0,0.0,0.0,0.0,1.0,0.0,0.0,0.0,0.0,0.0,-0.5,0.0,0.0,0.0,0.0,16.0,25903.0
2026-07-30T19:02:31.016Z,320.499,320.514,0.0,7.4,0.0,0.0,0.0,0.0,0.0,0.0,0.0,0.0,1.0,0.0,0.0,0.0,9.0,4.0,0.0,0.0,0.0,0.0,0.0,0.0,0.0,0.0,3.0,12.0,1.0,12.14,5.01,2.51,1.49,0.0,0.0,0.0,131.1,0.0,0.1,0.1,0.5,-169.60000000000002,0.0,0.0,169.60000000000002,0.0,21.700000000000003,29.0,29.0,30.0,300.0,300.0,31.6,35.7,28.9,28.1,30.0,4.96,1.99,4.96,0.16,0.0,0.0,1027.0,8228.0,0.0,0.0,0.0,0.0,0.0,1.0,0.0,0.0,0.0,0.0,0.0,0.5,0.0,-0.4,0.0,0.0,16.0,25903.0
2026-07-30T19:02:31.028Z,320.511,320.526,0.0,7.4,0.0,0.0,0.0,0.0,0.0,0.0,0.0,0.0,1.0,0.0,0.0,0.0,9.0,4.0,0.0,0.0,0.0,0.0,0.0,0.0,0.0,0.0,5.0,12.0,1.0,12.14,5.01,2.51,1.49,0.0,0.0,0.0,131.3,0.0,0.7000000000000001,-1.0,-0.6000000000000001,-169.60000000000002,0.0,0.0,169.60000000000002,0.0,21.700000000000003,29.0,29.0,30.0,300.0,300.0,31.6,35.7,28.9,28.1,30.0,4.95,1.99,4.97,0.16,0.0,0.0,1027.0,8228.0,0.0,0.0,0.0,0.0,0.0,1.0,0.0,0.0,0.0,0.0,0.0,-2.1,0.0,0.8,0.0,0.0,16.0,25903.0
2026-07-30T19:02:31.040Z,320.523,320.538,0.0,7.4,0.0,0.0,0.0,0.0,0.0,0.0,0.0,0.0,1.0,0.0,0.0,0.0,9.0,4.0,0.0,0.0,0.0,0.0,0.0,0.0,0.0,0.0,6.0,12.0,1.0,12.14,5.01,2.51,1.49,0.0,0.0,0.0,131.5,0.0,-0.4,0.0,1.1,-169.60000000000002,0.0,0.0,169.70000000000002,0.0,21.700000000000003,29.0,29.0,30.0,300.0,300.0,31.6,35.7,28.9,28.1,30.0,4.95,1.99,4.96,0.16,0.0,0.0,1027.0,8228.0,0.0,0.0,0.0,0.0,0.0,1.0,0.0,0.0,0.0,0.0,0.0,0.6000000000000001,0.0,-1.6,0.0,0.0,16.0,25903.0
2026-07-30T19:02:31.052Z,320.535,320.55,0.0,7.4,0.0,0.0,0.0,0.0,0.0,0.0,0.0,0.0,1.0,0.0,0.0,0.0,9.0,4.0,0.0,0.0,0.0,0.0,0.0,0.0,0.0,0.0,1.0,12.0,1.0,12.14,5.01,2.51,1.49,0.0,0.0,0.0,131.70000000000002,0.0,-0.4,1.2000000000000002,0.0,-169.60000000000002,0.0,0.0,169.8,0.0,21.700000000000003,29.0,29.0,30.0,300.0,300.0,31.6,35.7,28.9,28.1,30.0,4.95,1.99,4.97,0.16,0.0,0.0,1027.0,8228.0,0.0,0.0,0.0,0.0,0.0,1.0,0.0,0.0,0.0,0.0,0.0,1.3,0.0,0.3,0.0,0.0,16.0,25903.0
2026-07-30T19:02:31.064Z,320.547,320.562,0.0,7.4,0.0,0.0,0.0,0.0,0.0,0.0,0.0,0.0,1.0,0.0,0.0,0.0,9.0,4.0,0.0,0.0,0.0,0.0,0.0,0.0,0.0,0.0,2.0,12.0,1.0,12.14,5.01,2.51,1.49,0.0,0.0,0.0,131.9,0.0,-0.4,0.0,-0.6000000000000001,-169.60000000000002,0.0,0.0,169.70000000000002,0.0,21.700000000000003,29.0,29.0,30.0,300.0,300.0,31.6,35.7,28.9,28.1,30.0,4.95,2.0,4.97,0.16,0.0,0.0,1027.0,8228.0,0.0,0.0,0.0,0.0,0.0,1.0,0.0,0.0,0.0,0.0,0.0,-0.4,0.0,0.6000000000000001,0.0,0.0001,16.0,25903.0
2026-07-30T19:02:31.076Z,320.559,320.574,0.0,7.4,0.0,0.0,0.0,0.0,0.0,0.0,0.0,0.0,1.0,0.0,0.0,0.0,9.0,4.0,0.0,0.0,0.0,0.0,0.0,0.0,0.0,0.0,3.0,12.0,1.0,12.18,5.01,2.5,1.49,0.0,0.0,0.0,132.1,0.0,-0.4,0.0,1.0,-169.60000000000002,0.0,0.0,169.60000000000002,0.0,21.9,29.0,29.0,30.0,300.0,300.0,31.6,35.800000000000004,28.9,28.1,30.0,4.96,2.0,4.96,0.16,0.0,0.0,1027.0,8228.0,0.0,0.0,0.0,0.0,0.0,1.0,0.0,0.0,0.0,0.0,0.0,0.8,0.0,-0.9,0.0,0.0,16.0,25903.0
2026-07-30T19:02:31.088Z,320.571,320.586,0.0,7.4,0.0,0.0,0.0,0.0,0.0,0.0,0.0,0.0,1.0,0.0,0.0,0.0,9.0,4.0,0.0,0.0,0.0,0.0,0.0,0.0,0.0,0.0,5.0,12.0,1.0,12.18,5.01,2.5,1.49,0.0,0.0,0.0,132.3,0.0,-0.4,0.0,-1.2000000000000002,-169.60000000000002,0.0,0.0,169.70000000000002,0.0,21.9,29.0,29.0,30.0,300.0,300.0,31.6,35.800000000000004,28.9,28.1,30.0,4.96,1.99,4.97,0.16,0.0,0.0,1027.0,8228.0,0.0,0.0,0.0,0.0,0.0,1.0,0.0,0.0,0.0,0.0,0.0,-0.9,0.0,1.1,0.0,0.0,16.0,25903.0
2026-07-30T19:02:31.100Z,320.583,320.598,0.0,7.4,0.0,0.0,0.0,0.0,0.0,0.0,0.0,0.0,1.0,0.0,0.0,0.0,9.0,4.0,0.0,0.0,0.0,0.0,0.0,0.0,0.0,0.0,6.0,12.0,1.0,12.18,5.01,2.5,1.49,0.0,0.0,0.0,132.5,0.0,0.7000000000000001,-0.5,-0.6000000000000001,-169.60000000000002,0.0,0.0,169.60000000000002,0.0,21.9,29.0,29.0,30.0,300.0,300.0,31.6,35.800000000000004,28.9,28.1,30.0,4.96,1.99,4.97,0.16,0.0,0.0,1027.0,8228.0,0.0,0.0,0.0,0.0,0.0,1.0,0.0,0.0,0.0,0.0,0.0,-1.1,0.0,0.4,0.0,0.0,16.0,25903.0
2026-07-30T19:02:31.112Z,320.595,320.61,0.0,7.4,0.0,0.0,0.0,0.0,0.0,0.0,0.0,0.0,1.0,0.0,0.0,0.0,9.0,4.0,0.0,0.0,0.0,0.0,0.0,0.0,0.0,0.0,1.0,12.0,1.0,12.18,5.01,2.5,1.49,0.0,0.0,0.0,132.6,0.0,0.7000000000000001,0.0,-0.6000000000000001,-169.60000000000002,0.0,0.0,169.60000000000002,0.0,21.9,29.0,29.0,30.0,300.0,300.0,31.6,35.800000000000004,28.9,28.1,30.0,4.95,2.0,4.97,0.16,0.0,0.0,1027.0,8228.0,0.0,0.0,0.0,0.0,0.0,1.0,0.0,0.0,0.0,0.0,0.0,-0.4,0.0,0.5,0.0,0.0,16.0,25903.0
2026-07-30T19:02:31.124Z,320.607,320.622,0.0,7.4,0.0,0.0,0.0,0.0,0.0,0.0,0.0,0.0,1.0,0.0,0.0,0.0,9.0,4.0,0.0,0.0,0.0,0.0,0.0,0.0,0.0,0.0,2.0,12.0,1.0,12.18,5.01,2.5,1.49,0.0,0.0,0.0,132.8,0.0,0.2,-0.5,-0.6000000000000001,-169.60000000000002,0.0,0.0,169.60000000000002,0.0,21.9,29.0,29.0,30.0,300.0,300.0,31.6,35.800000000000004,28.9,28.1,30.0,4.96,2.0,4.96,0.16,0.0,0.0,1027.0,8228.0,0.0,0.0,0.0,0.0,0.0,1.0,0.0,0.0,0.0,0.0,0.0,-1.0,0.0,0.4,0.0,0.0,16.0,25903.0
2026-07-30T19:02:31.136Z,320.619,320.634,0.0,7.4,0.0,0.0,0.0,0.0,0.0,0.0,0.0,0.0,1.0,0.0,0.0,0.0,9.0,4.0,0.0,0.0,0.0,0.0,0.0,0.0,0.0,0.0,3.0,12.0,1.0,12.18,5.01,2.5,1.49,0.0,0.0,0.0,133.0,0.0,0.2,-1.1,0.0,-169.60000000000002,0.0,0.0,169.70000000000002,0.0,21.9,29.0,29.0,30.0,300.0,300.0,31.6,35.800000000000004,28.9,28.1,30.0,4.95,1.99,4.97,0.16,0.0,0.0,1027.0,8228.0,0.0,0.0,0.0,0.0,0.0,1.0,0.0,0.0,0.0,0.0,0.0,-1.3,0.0,-0.1,0.0,0.0,16.0,25903.0
2026-07-30T19:02:31.148Z,320.631,320.646,0.0,7.4,0.0,0.0,0.0,0.0,0.0,0.0,0.0,0.0,1.0,0.0,0.0,0.0,9.0,4.0,0.0,0.0,0.0,0.0,0.0,0.0,0.0,0.0,4.0,12.0,1.0,12.18,5.01,2.5,1.49,0.1,0.0,0.0,133.1,0.0,0.2,-0.5,-1.8,-169.60000000000002,0.0,0.0,169.70000000000002,0.0,21.9,29.0,29.0,30.0,300.0,300.0,31.6,35.800000000000004,28.9,28.1,30.0,4.95,1.99,4.97,0.16,0.0,0.0,1027.0,8228.0,0.0,0.0,0.0,0.0,0.0,1.0,0.0,0.0,0.0,0.0,0.0,-2.0,0.0,1.5,0.0,0.0,16.0,25903.0
2026-07-30T19:02:31.160Z,320.643,320.658,0.0,7.4,0.0,0.0,0.0,0.0,0.0,0.0,0.0,0.0,1.0,0.0,0.0,0.0,9.0,4.0,0.0,0.0,0.0,0.0,0.0,0.0,0.0,0.0,5.0,12.0,1.0,12.18,5.01,2.5,1.49,0.0,0.0,0.0,133.3,0.0,0.2,0.0,0.5,-169.60000000000002,0.0,0.0,169.8,0.0,21.9,29.0,29.0,30.0,300.0,300.0,31.6,35.800000000000004,28.9,28.1,30.0,4.96,1.99,4.97,0.16,0.0,0.0,1027.0,8228.0,0.0,0.0,0.0,0.0,0.0,1.0,0.0,0.0,0.0,0.0,0.0,0.4,0.0,-0.4,0.0,0.0,16.0,25903.0
2026-07-30T19:02:31.173Z,320.656,320.67,0.0,7.4,0.0,0.0,0.0,0.0,0.0,0.0,0.0,0.0,1.0,0.0,0.0,0.0,9.0,4.0,0.0,0.0,0.0,0.0,0.0,0.0,0.0,0.0,1.0,12.0,1.0,12.15,5.0200000000000005,2.51,1.49,0.0,0.0,0.0,133.6,0.0,0.8,1.2000000000000002,2.3000000000000003,-169.60000000000002,0.0,0.0,169.70000000000002,0.0,21.700000000000003,29.0,29.0,30.0,300.0,300.0,31.6,35.800000000000004,29.0,28.1,30.0,4.96,1.99,4.97,0.16,0.0,0.0,1027.0,8228.0,0.0,0.0,0.0,0.0,0.0,1.0,0.0,0.0,0.0,0.0,0.0,3.1,0.0,-1.8,0.0,0.0,16.0,25903.0
2026-07-30T19:02:31.184Z,320.667,320.682,0.0,7.4,0.0,0.0,0.0,0.0,0.0,0.0,0.0,0.0,1.0,0.0,0.0,0.0,9.0,4.0,0.0,0.0,0.0,0.0,0.0,0.0,0.0,0.0,2.0,12.0,1.0,12.15,5.0200000000000005,2.51,1.49,0.0,0.0,0.0,133.70000000000002,0.0,1.4,-0.4,-0.5,-169.60000000000002,0.0,0.0,169.70000000000002,0.0,21.700000000000003,29.0,29.0,30.0,300.0,300.0,31.6,35.800000000000004,29.0,28.1,30.0,4.95,1.99,4.96,0.16,0.0,0.0,1027.0,8228.0,0.0,0.0,0.0,0.0,0.0,1.0,0.0,0.0,0.0,0.0,0.0,-0.9,0.0,0.3,0.0,0.0001,16.0,25903.0
2026-07-30T19:02:31.196Z,320.679,320.694,0.0,7.4,0.0,0.0,0.0,0.0,0.0,0.0,0.0,0.0,1.0,0.0,0.0,0.0,9.0,4.0,0.0,0.0,0.0,0.0,0.0,0.0,0.0,0.0,4.0,12.0,1.0,12.15,5.0200000000000005,2.51,1.49,0.0,0.0,0.0,133.9,0.0,0.8,0.0,0.5,-169.60000000000002,0.0,0.0,169.8,0.0,21.700000000000003,29.0,29.0,30.0,300.0,300.0,31.6,35.800000000000004,29.0,28.1,30.0,4.95,1.99,4.96,0.16,0.0,0.0,1027.0,8228.0,0.0,0.0,0.0,0.0,0.0,1.0,0.0,0.0,0.0,0.0,0.0,0.5,0.0,-0.5,0.0,0.0,16.0,25903.0
2026-07-30T19:02:31.208Z,320.691,320.706,0.0,7.4,0.0,0.0,0.0,0.0,0.0,0.0,0.0,0.0,1.0,0.0,0.0,0.0,9.0,4.0,0.0,0.0,0.0,0.0,0.0,0.0,0.0,0.0,5.0,12.0,1.0,12.15,5.0200000000000005,2.51,1.49,0.0,0.0,0.0,134.0,0.0,0.8,0.7000000000000001,-1.1,-169.60000000000002,0.0,0.0,169.8,0.0,21.700000000000003,29.0,29.0,30.0,300.0,300.0,31.6,35.800000000000004,29.0,28.1,30.0,4.96,1.99,4.96,0.16,0.0,0.0,1027.0,8228.0,0.0,0.0,0.0,0.0,0.0,1.0,0.0,0.0,0.0,0.0,0.0,0.0,0.0,1.1,0.0,0.0,16.0,25903.0
2026-07-30T19:02:31.220Z,320.703,320.718,0.0,7.4,0.0,0.0,0.0,0.0,0.0,0.0,0.0,0.0,1.0,0.0,0.0,0.0,9.0,4.0,0.0,0.0,0.0,0.0,0.0,0.0,0.0,0.0,1.0,12.0,1.0,12.15,5.0200000000000005,2.51,1.49,0.0,0.0,0.0,134.20000000000002,0.0,-0.2,-0.4,-0.5,-169.60000000000002,0.0,0.0,169.70000000000002,0.0,21.700000000000003,29.0,29.0,30.0,300.0,300.0,31.6,35.800000000000004,29.0,28.1,30.0,4.95,1.99,4.97,0.16,0.0,0.0,1027.0,8228.0,0.0,0.0,0.0,0.0,0.0,1.0,0.0,0.0,0.0,0.0,0.0,-0.9,0.0,0.4,0.0,0.0,16.0,25903.0
2026-07-30T19:02:31.232Z,320.715,320.73,0.0,7.4,0.0,0.0,0.0,0.0,0.0,0.0,0.0,0.0,1.0,0.0,0.0,0.0,9.0,4.0,0.0,0.0,0.0,0.0,0.0,0.0,0.0,0.0,3.0,12.0,1.0,12.15,5.0200000000000005,2.51,1.49,0.0,0.0,0.0,134.4,0.0,0.3,0.7000000000000001,1.1,-169.60000000000002,0.0,0.0,169.60000000000002,0.0,21.700000000000003,29.0,29.0,30.0,300.0,300.0,31.6,35.800000000000004,29.0,28.1,30.0,4.96,1.99,4.97,0.16,0.0,0.0,1027.0,8228.0,0.0,0.0,0.0,0.0,0.0,1.0,0.0,0.0,0.0,0.0,0.0,1.6,0.0,-0.8,0.0,0.0,16.0,25903.0
2026-07-30T19:02:31.244Z,320.727,320.742,0.0,7.4,0.0,0.0,0.0,0.0,0.0,0.0,0.0,0.0,1.0,0.0,0.0,0.0,9.0,4.0,0.0,0.0,0.0,0.0,0.0,0.0,0.0,0.0,4.0,12.0,1.0,12.15,5.0200000000000005,2.51,1.49,0.0,0.0,0.0,134.6,0.0,-0.2,-0.4,1.1,-169.60000000000002,0.0,0.0,169.60000000000002,0.0,21.700000000000003,29.0,29.0,30.0,300.0,300.0,31.6,35.800000000000004,29.0,28.1,30.0,4.96,1.99,4.97,0.16,0.0,0.0,1027.0,8228.0,0.0,0.0,0.0,0.0,0.0,1.0,0.0,0.0,0.0,0.0,0.0,0.3,0.0,-1.0,0.0,0.0,16.0,25903.0
2026-07-30T19:02:31.256Z,320.739,320.754,0.0,7.4,0.0,0.0,0.0,0.0,0.0,0.0,0.0,0.0,1.0,0.0,0.0,0.0,9.0,4.0,0.0,0.0,0.0,0.0,0.0,0.0,0.0,0.0,5.0,12.0,1.0,12.15,5.0200000000000005,2.51,1.49,0.0,0.0,0.0,134.6,0.0,0.3,0.7000000000000001,0.0,-169.60000000000002,0.0,0.0,169.60000000000002,0.0,21.700000000000003,29.0,29.0,30.0,300.0,300.0,31.6,35.800000000000004,29.0,28.1,30.0,4.95,1.99,4.97,0.16,0.0,0.0,1027.0,8228.0,0.0,0.0,0.0,0.0,0.0,1.0,0.0,0.0,0.0,0.0,0.0,0.8,0.0,0.1,0.0,0.0,16.0,25903.0
2026-07-30T19:02:31.268Z,320.751,320.766,0.0,7.4,0.0,0.0,0.0,0.0,0.0,0.0,0.0,0.0,1.0,0.0,0.0,0.0,9.0,4.0,0.0,0.0,0.0,0.0,0.0,0.0,0.0,0.0,1.0,12.0,1.0,12.15,5.0200000000000005,2.51,1.49,0.0,0.0,0.0,134.5,0.0,-0.8,-0.4,0.0,-169.60000000000002,0.0,0.0,169.70000000000002,0.0,21.700000000000003,29.0,29.0,30.0,300.0,300.0,31.6,35.800000000000004,29.0,28.1,30.0,4.95,1.99,4.96,0.16,0.0,0.0,1027.0,8228.0,0.0,0.0,0.0,0.0,0.0,1.0,0.0,0.0,0.0,0.0,0.0,-0.5,0.0,0.0,0.0,0.0,16.0,25903.0
2026-07-30T19:02:31.280Z,320.763,320.778,0.0,7.4,0.0,0.0,0.0,0.0,0.0,0.0,0.0,0.0,1.0,0.0,0.0,0.0,9.0,4.0,0.0,0.0,0.0,0.0,0.0,0.0,0.0,0.0,2.0,12.0,1.0,12.17,5.01,2.5,1.49,0.0,0.0,0.0,134.3,0.0,-0.2,-0.4,-1.2000000000000002,-169.60000000000002,0.0,0.0,169.70000000000002,0.0,21.8,29.0,29.0,30.0,300.0,300.0,31.700000000000003,35.800000000000004,28.9,28.1,30.0,4.96,2.0,4.96,0.16,0.0,0.0,1027.0,8228.0,0.0,0.0,0.0,0.0,0.0,1.0,0.0,0.0,0.0,0.0,0.0,-1.4,0.0,0.9,0.0,0.0001,16.0,25903.0
2026-07-30T19:02:31.292Z,320.775,320.79,0.0,7.4,0.0,0.0,0.0,0.0,0.0,0.0,0.0,0.0,1.0,0.0,0.0,0.0,9.0,4.0,0.0,0.0,0.0,0.0,0.0,0.0,0.0,0.0,4.0,12.0,1.0,12.17,5.01,2.5,1.49,0.0,0.0,0.0,134.3,0.0,-0.8,0.7000000000000001,1.1,-169.60000000000002,0.0,0.0,169.70000000000002,0.0,21.8,29.0,29.0,30.0,300.0,300.0,31.700000000000003,35.800000000000004,28.9,28.1,30.0,4.96,1.99,4.97,0.16,0.0,0.0,1027.0,8228.0,0.0,0.0,0.0,0.0,0.0,1.0,0.0,0.0,0.0,0.0,0.0,1.7000000000000002,0.0,-0.8,0.0,0.0,16.0,25903.0
2026-07-30T19:02:31.301Z,320.784,320.79900000000004,0.0,7.4,0.0,0.0,0.0,0.0,0.0,0.0,0.0,0.0,1.0,0.0,0.0,0.0,9.0,4.0,0.0,0.0,0.0,0.0,0.0,0.0,0.0,0.0,3.0,12.0,1.0,12.17,5.01,2.5,1.49,0.0,0.0,0.0,134.20000000000002,0.0,-0.2,-0.9,0.0,-169.60000000000002,0.0,0.0,169.70000000000002,0.0,21.8,29.0,29.0,30.0,300.0,300.0,31.700000000000003,35.800000000000004,28.9,28.1,30.0,4.95,1.99,4.97,0.16,0.0,0.0,1027.0,8228.0,0.0,0.0,0.0,0.0,0.0,1.0,0.0,0.0,0.0,0.0,0.0,-1.1,0.0,-0.1,0.0,0.0,16.0,25903.0
2026-07-30T19:02:31.313Z,320.796,320.811,0.0,7.4,0.0,0.0,0.0,0.0,0.0,0.0,0.0,0.0,1.0,0.0,0.0,0.0,9.0,4.0,0.0,0.0,0.0,0.0,0.0,0.0,0.0,0.0,4.0,12.0,1.0,12.17,5.01,2.5,1.49,0.0,0.0,0.0,134.1,0.0,-0.2,-0.9,-1.2000000000000002,-169.60000000000002,0.0,0.0,169.70000000000002,0.0,21.8,29.0,29.0,30.0,300.0,300.0,31.700000000000003,35.800000000000004,28.9,28.1,30.0,4.96,1.99,4.96,0.16,0.0,0.0,1027.0,8228.0,0.0,0.0,0.0,0.0,0.0,1.0,0.0,0.0,0.0,0.0,0.0,-2.0,0.0,0.9,0.0,0.0,16.0,25903.0
2026-07-30T19:02:31.322Z,320.805,320.82,0.0,7.4,0.0,0.0,0.0,0.0,0.0,0.0,0.0,0.0,1.0,0.0,0.0,0.0,9.0,4.0,0.0,0.0,0.0,0.0,0.0,0.0,0.0,0.0,4.0,12.0,1.0,12.17,5.01,2.5,1.49,0.0,0.1,0.0,134.0,0.0,0.3,-0.3,0.4,-169.60000000000002,0.0,0.0,169.8,0.0,21.8,29.0,29.0,30.0,300.0,300.0,31.700000000000003,35.800000000000004,28.9,28.1,30.0,4.96,1.99,4.96,0.16,0.0,0.0,1027.0,8228.0,0.0,0.0,0.0,0.0,0.0,1.0,0.0,0.0,0.0,0.0,0.0,0.0,0.0,-0.5,0.0,0.0,16.0,25903.0
2026-07-30T19:02:31.334Z,320.817,320.832,0.0,7.4,0.0,0.0,0.0,0.0,0.0,0.0,0.0,0.0,1.0,0.0,0.0,0.0,9.0,4.0,0.0,0.0,0.0,0.0,0.0,0.0,0.0,0.0,6.0,12.0,1.0,12.17,5.01,2.5,1.49,0.0,0.0,0.0,133.8,0.0,0.3,-0.3,-1.1,-169.60000000000002,0.0,0.0,169.70000000000002,0.0,21.8,29.0,29.0,30.0,300.0,300.0,31.700000000000003,35.800000000000004,28.9,28.1,30.0,4.95,1.99,4.96,0.16,0.0,0.0,1027.0,8228.0,0.0,0.0,0.0,0.0,0.0,1.0,0.0,0.0,0.0,0.0,0.0,-1.2000000000000002,0.0,0.9,0.0,0.0,16.0,25903.0
2026-07-30T19:02:31.346Z,320.829,320.844,0.0,7.4,0.0,0.0,0.0,0.0,0.0,0.0,0.0,0.0,1.0,0.0,0.0,0.0,9.0,4.0,0.0,0.0,0.0,0.0,0.0,0.0,0.0,0.0,1.0,12.0,1.0,12.17,5.01,2.5,1.49,0.0,0.0,0.0,133.8,0.0,-0.2,-0.9,-0.6000000000000001,-169.60000000000002,0.0,0.0,169.70000000000002,0.0,21.8,29.0,29.0,30.0,300.0,300.0,31.700000000000003,35.800000000000004,28.9,28.1,30.0,4.95,1.99,4.97,0.16,0.0,0.0,1027.0,8228.0,0.0,0.0,0.0,0.0,0.0,1.0,0.0,0.0,0.0,0.0,0.0,-1.5,0.0,0.3,0.0,0.0,16.0,25903.0
2026-07-30T19:02:31.358Z,320.841,320.856,0.0,7.4,0.0,0.0,0.0,0.0,0.0,0.0,0.0,0.0,1.0,0.0,0.0,0.0,9.0,4.0,0.0,0.0,0.0,0.0,0.0,0.0,0.0,0.0,2.0,12.0,1.0,12.17,5.01,2.5,1.49,0.0,0.0,0.0,133.6,0.0,-0.2,0.1,-1.2000000000000002,-169.60000000000002,0.0,0.0,169.8,0.0,21.8,29.0,29.0,30.0,300.0,300.0,31.700000000000003,35.800000000000004,28.9,28.1,30.0,4.95,1.99,4.96,0.16,0.0,0.0,1027.0,8228.0,0.0,0.0,0.0,0.0,0.0,1.0,0.0,0.0,0.0,0.0,0.0,-0.7000000000000001,0.0,1.1,0.0,0.0,16.0,25903.0
2026-07-30T19:02:31.370Z,320.853,320.868,0.0,7.4,0.0,0.0,0.0,0.0,0.0,0.0,0.0,0.0,1.0,0.0,0.0,0.0,9.0,4.0,0.0,0.0,0.0,0.0,0.0,0.0,0.0,0.0,3.0,12.0,1.0,12.17,5.01,2.5,1.49,0.0,0.0,0.0,133.6,0.0,0.9,1.3,0.4,-169.60000000000002,0.0,0.0,169.60000000000002,0.0,21.8,29.0,29.0,30.0,300.0,300.0,31.700000000000003,35.800000000000004,28.9,28.1,30.0,4.96,1.99,4.96,0.16,0.0,0.0,1027.0,8228.0,0.0,0.0,0.0,0.0,0.0,1.0,0.0,0.0,0.0,0.0,0.0,1.8,0.0,-0.1,0.0,0.0,16.0,25903.0
2026-07-30T19:02:31.382Z,320.865,320.88,0.0,7.4,0.0,0.0,0.0,0.0,0.0,0.0,0.0,0.0,1.0,0.0,0.0,0.0,9.0,4.0,0.0,0.0,0.0,0.0,0.0,0.0,0.0,0.0,5.0,12.0,1.0,12.17,5.01,2.51,1.49,0.0,0.0,0.0,133.5,0.0,0.9,0.7000000000000001,0.0,-169.60000000000002,0.0,0.0,169.70000000000002,0.0,21.4,29.0,29.0,30.0,300.0,300.0,31.700000000000003,35.800000000000004,28.9,28.1,30.0,4.95,1.99,4.97,0.16,0.0,0.0,1027.0,8228.0,0.0,0.0,0.0,0.0,0.0,1.0,0.0,0.0,0.0,0.0,0.0,0.8,0.0,0.2,0.0,0.0001,16.0,25903.0
2026-07-30T19:02:31.394Z,320.877,320.892,0.0,7.4,0.0,0.0,0.0,0.0,0.0,0.0,0.0,0.0,1.0,0.0,0.0,0.0,9.0,4.0,0.0,0.0,0.0,0.0,0.0,0.0,0.0,0.0,6.0,12.0,1.0,12.17,5.01,2.51,1.49,0.0,0.0,0.0,133.3,0.0,0.3,-0.4,1.1,-169.60000000000002,0.0,0.0,169.60000000000002,0.0,21.4,29.0,29.0,30.0,300.0,300.0,31.700000000000003,35.800000000000004,28.9,28.1,30.0,4.96,1.99,4.96,0.16,0.0,0.0,1027.0,8228.0,0.0,0.0,0.0,0.0,0.0,1.0,0.0,0.0,0.0,0.0,0.0,0.3,0.0,-1.0,0.0,0.0,16.0,25903.0
2026-07-30T19:02:31.406Z,320.889,320.904,0.0,7.4,0.0,0.0,0.0,0.0,0.0,0.0,0.0,0.0,1.0,0.0,0.0,0.0,9.0,4.0,0.0,0.0,0.0,0.0,0.0,0.0,0.0,0.0,1.0,12.0,1.0,12.17,5.01,2.51,1.49,0.0,0.0,0.0,133.20000000000002,0.0,0.3,1.3,1.6,-169.60000000000002,0.0,0.0,169.70000000000002,0.0,21.4,29.0,29.0,30.0,300.0,300.0,31.700000000000003,35.800000000000004,28.9,28.1,30.0,4.96,2.0,4.96,0.16,0.0,0.0,1027.0,8228.0,0.0,0.0,0.0,0.0,0.0,1.0,0.0,0.0,0.0,0.0,0.0,2.7,0.0,-1.2000000000000002,0.0,0.0,16.0,25903.0
2026-07-30T19:02:31.418Z,320.901,320.916,0.0,7.4,0.0,0.0,0.0,0.0,0.0,0.0,0.0,0.0,1.0,0.0,0.0,0.0,9.0,4.0,0.0,0.0,0.0,0.0,0.0,0.0,0.0,0.0,3.0,12.0,1.0,12.17,5.01,2.51,1.49,0.0,0.0,0.0,133.1,0.0,0.3,0.6000000000000001,0.0,-169.60000000000002,0.0,0.0,169.70000000000002,0.0,21.4,29.0,29.0,30.0,300.0,300.0,31.700000000000003,35.800000000000004,28.9,28.1,30.0,4.95,1.99,4.96,0.16,0.0,0.0,1027.0,8228.0,0.0,0.0,0.0,0.0,0.0,1.0,0.0,0.0,0.0,0.0,0.0,0.7000000000000001,0.0,0.1,0.0,0.0,16.0,25903.0
2026-07-30T19:02:31.430Z,320.913,320.928,0.0,7.4,0.0,0.0,0.0,0.0,0.0,0.0,0.0,0.0,1.0,0.0,0.0,0.0,9.0,4.0,0.0,0.0,0.0,0.0,0.0,0.0,0.0,0.0,4.0,12.0,1.0,12.17,5.01,2.51,1.49,0.0,0.0,0.0,133.1,0.0,-0.2,-1.0,-0.6000000000000001,-169.60000000000002,0.0,0.0,169.70000000000002,0.0,21.4,29.0,29.0,30.0,300.0,300.0,31.700000000000003,35.800000000000004,28.9,28.1,30.0,4.96,1.99,4.97,0.16,0.0,0.0,1027.0,8228.0,0.0,0.0,0.0,0.0,0.0,1.0,0.0,0.0,0.0,0.0,0.0,-1.6,0.0,0.3,0.0,0.0,16.0,25903.0
2026-07-30T19:02:31.442Z,320.925,320.94,0.0,7.4,0.0,0.0,0.0,0.0,0.0,0.0,0.0,0.0,1.0,0.0,0.0,0.0,9.0,4.0,0.0,0.0,0.0,0.0,0.0,0.0,0.0,0.0,6.0,12.0,1.0,12.17,5.01,2.51,1.49,0.0,0.0,0.0,132.9,0.0,-0.3,-1.1,0.0,-169.60000000000002,0.0,0.0,169.60000000000002,0.0,21.4,29.0,29.0,30.0,300.0,300.0,31.700000000000003,35.800000000000004,28.9,28.1,30.0,4.96,2.0,4.96,0.16,0.0,0.0,1027.0,8228.0,0.0,0.0,0.0,0.0,0.0,1.0,0.0,0.0,0.0,0.0,0.0,-1.3,0.0,-0.1,0.0,0.0,16.0,25903.0
2026-07-30T19:02:31.454Z,320.937,320.952,0.0,7.4,0.0,0.0,0.0,0.0,0.0,0.0,0.0,0.0,1.0,0.0,0.0,0.0,9.0,4.0,0.0,0.0,0.0,0.0,0.0,0.0,0.0,0.0,1.0,12.0,1.0,12.17,5.01,2.51,1.49,0.0,0.0,0.0,132.8,0.0,0.7000000000000001,0.6000000000000001,0.5,-169.60000000000002,0.0,0.0,169.60000000000002,0.0,21.4,29.0,29.0,30.0,300.0,300.0,31.700000000000003,35.800000000000004,28.9,28.1,30.0,4.96,1.99,4.97,0.16,0.0,0.0,1027.0,8228.0,0.0,0.0,0.0,0.0,0.0,1.0,0.0,0.0,0.0,0.0,0.0,1.0,0.0,-0.3,0.0,0.0,16.0,25903.0
2026-07-30T19:02:31.466Z,320.949,320.964,0.0,7.4,0.0,0.0,0.0,0.0,0.0,0.0,0.0,0.0,1.0,0.0,0.0,0.0,9.0,4.0,0.0,0.0,0.0,0.0,0.0,0.0,0.0,0.0,2.0,12.0,1.0,12.17,5.01,2.51,1.49,0.0,0.0,0.0,132.70000000000002,0.0,0.8,1.1,1.6,-169.60000000000002,0.0,0.0,169.70000000000002,0.0,21.4,29.0,29.0,30.0,300.0,300.0,31.700000000000003,35.800000000000004,28.9,28.1,30.0,4.95,1.99,4.97,0.16,0.0,0.0,1027.0,8228.0,0.0,0.0,0.0,0.0,0.0,1.0,0.0,0.0,0.0,0.0,0.0,2.6,0.0,-1.2000000000000002,0.0,0.0,16.0,25903.0
2026-07-30T19:02:31.478Z,320.961,320.976,0.0,7.4,0.0,0.0,0.0,0.0,0.0,0.0,0.0,0.0,1.0,0.0,0.0,0.0,9.0,4.0,0.0,0.0,0.0,0.0,0.0,0.0,0.0,0.0,4.0,12.0,1.0,12.18,5.0200000000000005,2.51,1.49,0.0,0.0,0.0,132.6,0.0,0.7000000000000001,0.6000000000000001,-0.6000000000000001,-169.60000000000002,0.0,0.0,169.60000000000002,0.0,21.200000000000003,29.0,29.0,30.0,300.0,300.0,31.6,35.800000000000004,28.9,28.1,30.0,4.96,1.99,4.96,0.16,0.0,0.0,1027.0,8228.0,0.0,0.0,0.0,0.0,0.0,1.0,0.0,0.0,0.0,0.0,0.0,0.2,0.0,0.6000000000000001,0.0,0.0,16.0,25903.0
2026-07-30T19:02:31.490Z,320.973,320.988,0.0,7.4,0.0,0.0,0.0,0.0,0.0,0.0,0.0,0.0,1.0,0.0,0.0,0.0,9.0,4.0,0.0,0.0,0.0,0.0,0.0,0.0,0.0,0.0,5.0,12.0,1.0,12.18,5.0200000000000005,2.51,1.49,0.0,0.1,0.0,132.4,0.0,0.1,0.0,1.1,-169.60000000000002,0.0,0.0,169.60000000000002,0.0,21.200000000000003,29.0,29.0,30.0,300.0,300.0,31.6,35.800000000000004,28.9,28.1,30.0,4.95,1.99,4.97,0.16,0.0,0.0,1027.0,8228.0,0.0,0.0,0.0,0.0,0.0,1.0,0.0,0.0,0.0,0.0,0.0,-2.1,0.0,0.8,0.0,0.0,16.0,25903.0
2026-07-30T19:02:31.502Z,320.985,321.0,0.0,7.4,0.0,0.0,0.0,0.0,0.0,0.0,0.0,0.0,1.0,0.0,0.0,0.0,9.0,4.0,0.0,0.0,0.0,0.0,0.0,0.0,0.0,0.0,1.0,12.0,1.0,12.18,5.0200000000000005,2.51,1.49,0.0,0.0,0.0,132.4,0.0,0.7000000000000001,1.1,0.0,-169.60000000000002,0.0,0.0,169.60000000000002,0.0,21.200000000000003,29.0,29.0,30.0,300.0,300.0,31.6,35.800000000000004,28.9,28.1,30.0,4.95,1.99,4.97,0.16,0.0,0.0,1027.0,8228.0,0.0,0.0,0.0,0.0,0.0,1.0,0.0,0.0,0.0,0.0,0.0,1.3,0.0,0.2,0.0,0.0,16.0,25903.0
2026-07-30T19:02:31.514Z,320.997,321.012,0.0,7.4,0.0,0.0,0.0,0.0,0.0,0.0,0.0,0.0,1.0,0.0,0.0,0.0,9.0,4.0,0.0,0.0,0.0,0.0,0.0,0.0,0.0,0.0,2.0,12.0,1.0,12.18,5.0200000000000005,2.51,1.49,0.0,0.0,0.0,132.3,0.0,0.7000000000000001,1.2000000000000002,-0.5,-169.60000000000002,0.0,0.0,169.60000000000002,0.0,21.200000000000003,29.0,29.0,30.0,300.0,300.0,31.6,35.800000000000004,28.9,28.1,30.0,4.95,1.99,4.97,0.16,0.0,0.0,1027.0,8228.0,0.0,0.0,0.0,0.0,0.0,1.0,0.0,0.0,0.0,0.0,0.0,-0.6000000000000001,0.0,-0.1,0.0,0.0,16.0,25903.0
2026-07-30T19:02:31.526Z,321.009,321.024,0.0,7.4,0.0,0.0,0.0,0.0,0.0,0.0,0.0,0.0,1.0,0.0,0.0,0.0,9.0,4.0,0.0,0.0,0.0,0.0,0.0,0.0,0.0,0.0,3.0,12.0,1.0,12.18,5.0200000000000005,2.51,1.49,0.0,0.1,0.0,132.20000000000002,0.0,-0.9,-0.5,1.1,-169.60000000000002,0.0,0.0,169.60000000000002,0.0,21.200000000000003,29.0,29.0,30.0,300.0,300.0,31.6,35.800000000000004,28.9,28.1,30.0,4.96,1.99,4.96,0.16,0.0,0.0,1027.0,8228.0,0.0,0.0,0.0,0.0,0.0,1.0,0.0,0.0,0.0,0.0,0.0,-1.0,0.0,0.4,0.0,0.0,16.0,25903.0
2026-07-30T19:02:31.538Z,321.021,321.036,0.0,7.4,0.0,0.0,0.0,0.0,0.0,0.0,0.0,0.0,1.0,0.0,0.0,0.0,9.0,4.0,0.0,0.0,0.0,0.0,0.0,0.0,0.0,0.0,5.0,12.0,1.0,12.18,5.0200000000000005,2.51,1.49,0.0,0.1,0.0,132.1,0.0,0.2,-0.4,-1.2000000000000002,-169.60000000000002,0.0,0.0,169.70000000000002,0.0,21.200000000000003,29.0,29.0,30.0,300.0,300.0,31.6,35.800000000000004,28.9,28.1,30.0,4.95,1.99,4.96,0.16,0.0,0.0,1027.0,8228.0,0.0,0.0,0.0,0.0,0.0,1.0,0.0,0.0,0.0,0.0,0.0,0.2,0.0,-1.1,0.0,0.0,16.0,25903.0
2026-07-30T19:02:31.550Z,321.033,321.048,0.0,7.4,0.0,0.0,0.0,0.0,0.0,0.0,0.0,0.0,1.0,0.0,0.0,0.0,9.0,4.0,0.0,0.0,0.0,0.0,0.0,0.0,0.0,0.0,1.0,12.0,1.0,12.18,5.0200000000000005,2.51,1.49,0.0,0.0,0.0,131.9,0.0,-0.3,0.6000000000000001,-0.6000000000000001,-169.60000000000002,0.0,0.0,169.60000000000002,0.0,21.200000000000003,29.0,29.0,30.0,300.0,300.0,31.6,35.800000000000004,28.9,28.1,30.0,4.95,1.99,4.97,0.16,0.0,0.0,1027.0,8228.0,0.0,0.0,0.0,0.0,0.0,1.0,0.0,0.0,0.0,0.0,0.0,0.5,0.0,1.3,0.0,0.0,16.0,25903.0
2026-07-30T19:02:31.562Z,321.045,321.06,0.0,7.4,0.0,0.0,0.0,0.0,0.0,0.0,0.0,0.0,1.0,0.0,0.0,0.0,9.0,4.0,0.0,0.0,0.0,0.0,0.0,0.0,0.0,0.0,2.0,12.0,1.0,12.18,5.0200000000000005,2.51,1.49,0.0,0.0,0.0,131.9,0.0,0.8,1.2000000000000002,0.5,-169.60000000000002,0.0,0.0,169.60000000000002,0.0,21.200000000000003,29.0,29.0,30.0,300.0,300.0,31.6,35.800000000000004,28.9,28.1,30.0,4.96,1.99,4.97,0.16,0.0,0.0,1027.0,8228.0,0.0,0.0,0.0,0.0,0.0,1.0,0.0,0.0,0.0,0.0,0.0,1.7000000000000002,0.0,-0.1,0.0,0.0,16.0,25903.0
2026-07-30T19:02:31.574Z,321.057,321.072,0.0,7.4,0.0,0.0,0.0,0.0,0.0,0.0,0.0,0.0,1.0,0.0,0.0,0.0,9.0,4.0,0.0,0.0,0.0,0.0,0.0,0.0,0.0,0.0,3.0,12.0,1.0,12.18,5.0200000000000005,2.51,1.49,0.0,0.0,0.0,131.70000000000002,0.0,-0.9,0.0,1.1,-169.60000000000002,0.0,0.0,169.70000000000002,0.0,21.200000000000003,29.0,29.0,30.0,300.0,300.0,31.6,35.800000000000004,28.9,28.1,30.0,4.96,1.99,4.96,0.16,0.0,0.0,1027.0,8228.0,0.0,0.0,0.0,0.0,0.0,1.0,0.0,0.0,0.0,0.0,0.0,0.9,0.0,-0.9,0.0,0.0,16.0,25903.0
2026-07-30T19:02:31.586Z,321.069,321.084,0.0,7.4,0.0,0.0,0.0,0.0,0.0,0.0,0.0,0.0,1.0,0.0,0.0,0.0,9.0,4.0,0.0,0.0,0.0,0.0,0.0,0.0,0.0,0.0,5.0,12.0,1.0,12.17,5.0200000000000005,2.51,1.49,0.0,0.1,0.0,131.6,0.0,0.2,-0.4,0.5,-169.60000000000002,0.0,0.0,169.70000000000002,0.0,21.3,29.0,29.0,30.0,300.0,300.0,31.5,35.7,28.9,28.1,30.0,4.95,1.99,4.97,0.16,0.0,0.0,1027.0,8228.0,0.0,0.0,0.0,0.0,0.0,1.0,0.0,0.0,0.0,0.0,0.0,-0.1,0.0,-0.5,0.0,0.0,16.0,25903.0
2026-07-30T19:02:31.598Z,321.081,321.096,0.0,7.4,0.0,0.0,0.0,0.0,0.0,0.0,0.0,0.0,1.0,0.0,0.0,0.0,9.0,4.0,0.0,0.0,0.0,0.0,0.0,0.0,0.0,0.0,6.0,12.0,1.0,12.17,5.0200000000000005,2.51,1.49,0.0,0.0,0.0,131.5,0.0,-0.9,0.0,0.0,-169.60000000000002,0.0,0.0,169.60000000000002,0.0,21.3,29.0,29.0,30.0,300.0,300.0,31.5,35.7,28.9,28.1,30.0,4.95,1.99,4.96,0.16,0.0,0.0,1027.0,8228.0,0.0,0.0,0.0,0.0,0.0,1.0,0.0,0.0,0.0,0.0,0.0,0.0,0.0,0.0,0.0,0.0,16.0,25903.0
2026-07-30T19:02:31.610Z,321.093,321.108,0.0,7.4,0.0,0.0,0.0,0.0,0.0,0.0,0.0,0.0,1.0,0.0,0.0,0.0,9.0,4.0,0.0,0.0,0.0,0.0,0.0,0.0,0.0,0.0,2.0,12.0,1.0,12.17,5.0200000000000005,2.51,1.49,0.0,0.0,0.0,131.4,0.0,0.8,0.0,-0.6000000000000001,-169.60000000000002,0.0,0.0,169.70000000000002,0.0,21.3,29.0,29.0,30.0,300.0,300.0,31.5,35.7,28.9,28.1,30.0,4.96,1.99,4.96,0.16,0.0,0.0,1027.0,8228.0,0.0,0.0,0.0,0.0,0.0,1.0,0.0,0.0,0.0,0.0,0.0,-0.4,0.0,0.6000000000000001,0.0,0.0,16.0,25903.0
2026-07-30T19:02:31.622Z,321.105,321.12,0.0,7.4,0.0,0.0,0.0,0.0,0.0,0.0,0.0,0.0,1.0,0.0,0.0,0.0,9.0,4.0,0.0,0.0,0.0,0.0,0.0,0.0,0.0,0.0,3.0,12.0,1.0,12.17,5.0200000000000005,2.51,1.49,0.0,0.1,0.0,131.3,0.0,0.2,-0.4,0.0,-169.60000000000002,0.0,0.0,169.70000000000002,0.0,21.3,29.0,29.0,30.0,300.0,300.0,31.5,35.7,28.9,28.1,30.0,4.95,1.99,4.97,0.16,0.0,0.0,1027.0,8228.0,0.0,0.0,0.0,0.0,0.0,1.0,0.0,0.0,0.0,0.0,0.0,-0.5,0.0,0.0,0.0,0.0,16.0,25903.0
2026-07-30T19:02:31.634Z,321.117,321.132,0.0,7.4,0.0,0.0,0.0,0.0,0.0,0.0,0.0,0.0,1.0,0.0,0.0,0.0,9.0,4.0,0.0,0.0,0.0,0.0,0.0,0.0,0.0,0.0,4.0,12.0,1.0,12.17,5.0200000000000005,2.51,1.49,0.0,0.0,0.0,131.20000000000002,0.0,0.2,-1.0,0.5,-169.60000000000002,0.0,0.0,169.60000000000002,0.0,21.3,29.0,29.0,30.0,300.0,300.0,31.5,35.7,28.9,28.1,30.0,4.95,1.99,4.96,0.16,0.0,0.0,1027.0,8228.0,0.0,0.0,0.0,0.0,0.0,1.0,0.0,0.0,0.0,0.0,0.0,-0.7000000000000001,0.0,-0.6000000000000001,0.0,0.0,16.0,25903.0
2026-07-30T19:02:31.646Z,321.129,321.144,0.0,7.4,0.0,0.0,0.0,0.0,0.0,0.0,0.0,0.0,1.0,0.0,0.0,0.0,9.0,4.0,0.0,0.0,0.0,0.0,0.0,0.0,0.0,0.0,5.0,12.0,1.0,12.17,5.0200000000000005,2.51,1.49,0.0,0.0,0.0,131.1,0.0,0.2,0.0,-0.6000000000000001,-169.60000000000002,0.0,0.0,169.60000000000002,0.0,21.3,29.0,29.0,30.0,300.0,300.0,31.5,35.7,28.9,28.1,30.0,4.95,1.99,4.96,0.16,0.0,0.0,1027.0,8228.0,0.0,0.0,0.0,0.0,0.0,1.0,0.0,0.0,0.0,0.0,0.0,-0.4,0.0,0.6000000000000001,0.0,0.0,16.0,25903.0
2026-07-30T19:02:31.659Z,321.142,321.156,0.0,7.4,0.0,0.0,0.0,0.0,0.0,0.0,0.0,0.0,1.0,0.0,0.0,0.0,9.0,4.0,0.0,0.0,0.0,0.0,0.0,0.0,0.0,0.0,6.0,12.0,1.0,12.17,5.0200000000000005,2.51,1.49,0.0,0.0,0.0,131.0,0.0,-0.3,0.1,0.4,-169.60000000000002,0.0,0.0,169.70000000000002,0.0,21.3,29.0,29.0,30.0,300.0,300.0,31.5,35.7,28.9,28.1,30.0,4.95,1.99,4.96,0.16,0.0,0.0,1027.0,8228.0,0.0,0.0,0.0,0.0,0.0,1.0,0.0,0.0,0.0,0.0,0.0,0.4,0.0,-0.3,0.0,0.0,16.0,25903.0
2026-07-30T19:02:31.670Z,321.153,321.168,0.0,7.4,0.0,0.0,0.0,0.0,0.0,0.0,0.0,0.0,1.0,0.0,0.0,0.0,9.0,4.0,0.0,0.0,0.0,0.0,0.0,0.0,0.0,0.0,2.0,12.0,1.0,12.17,5.0200000000000005,2.51,1.49,0.0,0.0,0.0,130.9,0.0,-0.9,-0.4,-1.2000000000000002,-169.60000000000002,0.0,0.0,169.70000000000002,0.0,21.3,29.0,29.0,30.0,300.0,300.0,31.5,35.7,28.9,28.1,30.0,4.95,1.99,4.97,0.16,0.0,0.0,1027.0,8228.0,0.0,0.0,0.0,0.0,0.0,1.0,0.0,0.0,0.0,0.0,0.0,-1.5,0.0,1.0,0.0,0.0,16.0,25903.0
2026-07-30T19:02:31.683Z,321.166,321.18,0.0,7.4,0.0,0.0,0.0,0.0,0.0,0.0,0.0,0.0,1.0,0.0,0.0,0.0,9.0,4.0,0.0,0.0,0.0,0.0,0.0,0.0,0.0,0.0,3.0,12.0,1.0,12.17,5.01,2.51,1.49,0.0,0.0,0.0,130.8,0.0,0.7000000000000001,-0.4,-0.1,-169.60000000000002,0.0,0.0,169.70000000000002,0.0,21.200000000000003,29.0,29.0,30.0,300.0,300.0,31.700000000000003,35.800000000000004,28.9,28.1,30.1,4.96,1.99,4.96,0.16,0.0,0.0,1027.0,8228.0,0.0,0.0,0.0,0.0,0.0,1.0,0.0,0.0,0.0,0.0,0.0,-0.6000000000000001,0.0,0.0,0.0,0.0,16.0,25903.0
2026-07-30T19:02:31.694Z,321.177,321.192,0.0,7.4,0.0,0.0,0.0,0.0,0.0,0.0,0.0,0.0,1.0,0.0,0.0,0.0,9.0,4.0,0.0,0.0,0.0,0.0,0.0,0.0,0.0,0.0,4.0,12.0,1.0,12.17,5.01,2.51,1.49,0.0,0.0,0.0,130.70000000000002,0.0,0.1,0.0,-0.1,-169.60000000000002,0.0,0.0,169.70000000000002,0.0,21.200000000000003,29.0,29.0,30.0,300.0,300.0,31.700000000000003,35.800000000000004,28.9,28.1,30.1,4.96,1.99,4.97,0.16,0.0,0.0,1027.0,8228.0,0.0,0.0,0.0,0.0,0.0,1.0,0.0,0.0,0.0,0.0,0.0,0.0,0.0,0.1,0.0,0.0001,16.0,25903.0
2026-07-30T19:02:31.705Z,321.188,321.204,0.0,7.4,0.0,0.0,0.0,0.0,0.0,0.0,0.0,0.0,1.0,0.0,0.0,0.0,9.0,4.0,0.0,0.0,0.0,0.0,0.0,0.0,0.0,0.0,5.0,12.0,1.0,12.17,5.01,2.51,1.49,0.0,0.0,0.0,130.9,0.0,0.1,0.1,-0.6000000000000001,-169.60000000000002,0.0,0.0,169.70000000000002,0.0,21.200000000000003,29.0,29.0,30.0,300.0,300.0,31.700000000000003,35.800000000000004,28.9,28.1,30.1,4.95,2.0,4.97,0.16,0.0,0.0,1027.0,8228.0,0.0,0.0,0.0,0.0,0.0,1.0,0.0,0.0,0.0,0.0,0.0,-0.3,0.0,0.5,0.0,0.0,16.0,25903.0
2026-07-30T19:02:31.718Z,321.201,321.216,0.0,7.4,0.0,0.0,0.0,0.0,0.0,0.0,0.0,0.0,1.0,0.0,0.0,0.0,9.0,4.0,0.0,0.0,0.0,0.0,0.0,0.0,0.0,0.0,6.0,12.0,1.0,12.17,5.01,2.51,1.49,0.0,0.0,0.0,131.1,0.0,-0.3,0.1,1.1,-169.60000000000002,0.0,0.0,169.8,0.0,21.200000000000003,29.0,29.0,30.0,300.0,300.0,31.700000000000003,35.800000000000004,28.9,28.1,30.1,4.95,2.0,4.97,0.16,0.0,0.0,1027.0,8228.0,0.0,0.0,0.0,0.0,0.0,1.0,0.0,0.0,0.0,0.0,0.0,1.0,0.0,-1.0,0.0,0.0,16.0,25903.0
2026-07-30T19:02:31.730Z,321.213,321.228,0.0,7.4,0.0,0.0,0.0,0.0,0.0,0.0,0.0,0.0,1.0,0.0,0.0,0.0,9.0,4.0,0.0,0.0,0.0,0.0,0.0,0.0,0.0,0.0,2.0,12.0,1.0,12.17,5.01,2.51,1.49,0.0,0.0,0.0,131.3,0.0,0.1,-1.0,1.1,-169.60000000000002,0.0,0.0,169.70000000000002,0.0,21.200000000000003,29.0,29.0,30.0,300.0,300.0,31.700000000000003,35.800000000000004,28.9,28.1,30.1,4.95,1.99,4.97,0.16,0.0,0.0,1027.0,8228.0,0.0,0.0,0.0,0.0,0.0,1.0,0.0,0.0,0.0,0.0,0.0,-0.3,0.0,-1.2000000000000002,0.0,0.0,16.0,25903.0
2026-07-30T19:02:31.742Z,321.225,321.24,0.0,7.4,0.0,0.0,0.0,0.0,0.0,0.0,0.0,0.0,1.0,0.0,0.0,0.0,9.0,4.0,0.0,0.0,0.0,0.0,0.0,0.0,0.0,0.0,3.0,12.0,1.0,12.17,5.01,2.51,1.49,0.0,0.0,0.0,131.5,0.0,0.7000000000000001,0.1,1.0,-169.60000000000002,0.0,0.0,169.8,0.0,21.200000000000003,29.0,29.0,30.0,300.0,300.0,31.700000000000003,35.800000000000004,28.9,28.1,30.1,4.95,1.99,4.97,0.16,0.0,0.0,1027.0,8228.0,0.0,0.0,0.0,0.0,0.0,1.0,0.0,0.0,0.0,0.0,0.0,0.9,0.0,-0.9,0.0,0.0,16.0,25903.0
2026-07-30T19:02:31.754Z,321.237,321.252,0.0,7.4,0.0,0.0,0.0,0.0,0.0,0.0,0.0,0.0,1.0,0.0,0.0,0.0,9.0,4.0,0.0,0.0,0.0,0.0,0.0,0.0,0.0,0.0,5.0,12.0,1.0,12.17,5.01,2.51,1.49,0.0,0.0,0.0,131.6,0.0,0.1,1.2000000000000002,0.4,-169.60000000000002,0.0,0.0,169.8,0.0,21.200000000000003,29.0,29.0,30.0,300.0,300.0,31.700000000000003,35.800000000000004,28.9,28.1,30.1,4.95,1.99,4.97,0.16,0.0,0.0,1027.0,8228.0,0.0,0.0,0.0,0.0,0.0,1.0,0.0,0.0,0.0,0.0,0.0,1.7000000000000002,0.0,-0.1,0.0,0.0,16.0,25903.0
2026-07-30T19:02:31.766Z,321.249,321.264,0.0,7.4,0.0,0.0,0.0,0.0,0.0,0.0,0.0,0.0,1.0,0.0,0.0,0.0,9.0,4.0,0.0,0.0,0.0,0.0,0.0,0.0,0.0,0.0,6.0,12.0,1.0,12.17,5.01,2.51,1.49,0.0,0.0,0.0,131.8,0.0,0.1,0.6000000000000001,-0.1,-169.70000000000002,0.0,0.0,169.70000000000002,0.0,21.200000000000003,29.0,29.0,30.0,300.0,300.0,31.700000000000003,35.800000000000004,28.9,28.1,30.1,4.96,1.99,4.96,0.16,0.0,0.0,1027.0,8228.0,0.0,0.0,0.0,0.0,0.0,1.0,0.0,0.0,0.0,0.0,0.0,0.6000000000000001,0.0,0.2,0.0,0.0,16.0,25903.0
2026-07-30T19:02:31.778Z,321.261,321.276,0.0,7.4,0.0,0.0,0.0,0.0,0.0,0.0,0.0,0.0,1.0,0.0,0.0,0.0,9.0,4.0,0.0,0.0,0.0,0.0,0.0,0.0,0.0,0.0,1.0,12.0,1.0,12.17,5.01,2.51,1.49,0.0,0.1,0.0,132.0,0.0,0.7000000000000001,-0.5,1.6,-169.70000000000002,0.0,0.0,169.8,0.0,21.200000000000003,29.0,29.0,30.0,300.0,300.0,31.700000000000003,35.800000000000004,28.9,28.1,30.1,4.95,1.99,4.97,0.16,0.0,0.0,1027.0,8228.0,0.0,0.0,0.0,0.0,0.0,1.0,0.0,0.0,0.0,0.0,0.0,0.6000000000000001,0.0,-1.5,0.0,0.0,16.0,25903.0
2026-07-30T19:02:31.790Z,321.273,321.288,0.0,7.4,0.0,0.0,0.0,0.0,0.0,0.0,0.0,0.0,1.0,0.0,0.0,0.0,9.0,4.0,0.0,0.0,0.0,0.0,0.0,0.0,0.0,0.0,3.0,12.0,1.0,12.17,5.01,2.51,1.49,0.0,0.0,0.0,132.20000000000002,0.0,-0.4,-0.5,0.4,-169.70000000000002,0.0,0.0,169.70000000000002,0.0,21.200000000000003,29.0,29.0,30.0,300.0,300.0,31.700000000000003,35.7,28.9,28.1,30.0,4.95,1.99,4.96,0.16,0.0,0.0,1027.0,8228.0,0.0,0.0,0.0,0.0,0.0,1.0,0.0,0.0,0.0,0.0,0.0,-0.2,0.0,-0.5,0.0,0.0,16.0,25903.0
2026-07-30T19:02:31.802Z,321.285,321.3,0.0,7.4,0.0,0.0,0.0,0.0,0.0,0.0,0.0,0.0,1.0,0.0,0.0,0.0,9.0,4.0,0.0,0.0,0.0,0.0,0.0,0.0,0.0,0.0,5.0,12.0,1.0,12.17,5.01,2.51,1.49,0.0,0.0,0.0,132.4,0.0,-0.4,-0.5,-1.2000000000000002,-169.70000000000002,0.0,0.0,169.8,0.0,21.200000000000003,29.0,29.0,30.0,300.0,300.0,31.700000000000003,35.7,28.9,28.1,30.0,4.96,2.0,4.96,0.16,0.0,0.0,1027.0,8228.0,0.0,0.0,0.0,0.0,0.0,1.0,0.0,0.0,0.0,0.0,0.0,-1.5,0.0,1.0,0.0,0.0,16.0,25903.0
2026-07-30T19:02:31.813Z,321.296,321.312,0.0,7.4,0.0,0.0,0.0,0.0,0.0,0.0,0.0,0.0,1.0,0.0,0.0,0.0,9.0,4.0,0.0,0.0,0.0,0.0,0.0,0.0,0.0,0.0,6.0,12.0,1.0,12.17,5.01,2.51,1.49,0.0,0.0,0.0,132.6,0.0,-0.9,0.6000000000000001,0.0,-169.70000000000002,0.0,0.0,169.8,0.0,21.200000000000003,29.0,29.0,30.0,300.0,300.0,31.700000000000003,35.7,28.9,28.1,30.0,4.96,2.0,4.97,0.16,0.0,0.0,1027.0,8228.0,0.0,0.0,0.0,0.0,0.0,1.0,0.0,0.0,0.0,0.0,0.0,0.7000000000000001,0.0,0.1,0.0,0.0,16.0,25903.0
2026-07-30T19:02:31.826Z,321.309,321.324,0.0,7.4,0.0,0.0,0.0,0.0,0.0,0.0,0.0,0.0,1.0,0.0,0.0,0.0,9.0,4.0,0.0,0.0,0.0,0.0,0.0,0.0,0.0,0.0,1.0,12.0,1.0,12.17,5.01,2.51,1.49,0.0,0.0,0.0,132.8,0.0,0.2,0.0,-0.6000000000000001,-169.70000000000002,0.0,0.0,169.8,0.0,21.200000000000003,29.0,29.0,30.0,300.0,300.0,31.700000000000003,35.7,28.9,28.1,30.0,4.96,1.99,4.96,0.16,0.0,0.0,1027.0,8228.0,0.0,0.0,0.0,0.0,0.0,1.0,0.0,0.0,0.0,0.0,0.0,-0.3,0.0,0.5,0.0,0.0,16.0,25903.0
2026-07-30T19:02:31.838Z,321.321,321.336,0.0,7.4,0.0,0.0,0.0,0.0,0.0,0.0,0.0,0.0,1.0,0.0,0.0,0.0,9.0,4.0,0.0,0.0,0.0,0.0,0.0,0.0,0.0,0.0,2.0,12.0,1.0,12.17,5.01,2.51,1.49,0.0,0.0,0.0,132.9,0.0,0.8,1.2000000000000002,1.6,-169.70000000000002,0.0,0.0,169.60000000000002,0.0,21.200000000000003,29.0,29.0,30.0,300.0,300.0,31.700000000000003,35.7,28.9,28.1,30.0,4.96,1.99,4.96,0.16,0.0,0.0,1027.0,8228.0,0.0,0.0,0.0,0.0,0.0,1.0,0.0,0.0,0.0,0.0,0.0,2.6,0.0,-1.2000000000000002,0.0,0.0,16.0,25903.0
2026-07-30T19:02:31.850Z,321.333,321.348,0.0,7.4,0.0,0.0,0.0,0.0,0.0,0.0,0.0,0.0,1.0,0.0,0.0,0.0,9.0,4.0,0.0,0.0,0.0,0.0,0.0,0.0,0.0,0.0,4.0,12.0,1.0,12.17,5.01,2.51,1.49,0.0,0.0,0.0,133.1,0.0,0.8,-0.5,-0.6000000000000001,-169.70000000000002,0.0,0.0,169.70000000000002,0.0,21.200000000000003,29.0,29.0,30.0,300.0,300.0,31.700000000000003,35.7,28.9,28.1,30.0,4.96,1.99,4.96,0.16,0.0,0.0,1027.0,8228.0,0.0,0.0,0.0,0.0,0.0,1.0,0.0,0.0,0.0,0.0,0.0,-1.1,0.0,0.4,0.0,0.0001,16.0,25903.0
2026-07-30T19:02:31.862Z,321.345,321.36,0.0,7.4,0.0,0.0,0.0,0.0,0.0,0.0,0.0,0.0,1.0,0.0,0.0,0.0,9.0,4.0,0.0,0.0,0.0,0.0,0.0,0.0,0.0,0.0,5.0,12.0,1.0,12.17,5.01,2.51,1.49,0.0,0.0,0.0,133.3,0.0,0.7000000000000001,0.6000000000000001,-0.6000000000000001,-169.70000000000002,0.0,0.0,169.8,0.0,21.200000000000003,29.0,29.0,30.0,300.0,300.0,31.700000000000003,35.7,28.9,28.1,30.0,4.95,1.99,4.97,0.16,0.0,0.0,1027.0,8228.0,0.0,0.0,0.0,0.0,0.0,1.0,0.0,0.0,0.0,0.0,0.0,0.2,0.0,0.6000000000000001,0.0,0.0,16.0,25903.0
2026-07-30T19:02:31.874Z,321.357,321.372,0.0,7.4,0.0,0.0,0.0,0.0,0.0,0.0,0.0,0.0,1.0,0.0,0.0,0.0,9.0,4.0,0.0,0.0,0.0,0.0,0.0,0.0,0.0,0.0,1.0,12.0,1.0,12.17,5.01,2.51,1.49,0.0,0.0,0.0,133.5,0.0,0.2,0.6000000000000001,0.0,-169.70000000000002,0.0,0.0,169.70000000000002,0.0,21.200000000000003,29.0,29.0,30.0,300.0,300.0,31.700000000000003,35.7,28.9,28.1,30.0,4.96,2.0,4.96,0.16,0.0,0.0,1027.0,8228.0,0.0,0.0,0.0,0.0,0.0,1.0,0.0,0.0,0.0,0.0,0.0,0.7000000000000001,0.0,0.1,0.0,0.0001,16.0,25903.0
2026-07-30T19:02:31.887Z,321.37,321.384,0.0,7.4,0.0,0.0,0.0,0.0,0.0,0.0,0.0,0.0,1.0,0.0,0.0,0.0,9.0,4.0,0.0,0.0,0.0,0.0,0.0,0.0,0.0,0.0,2.0,12.0,1.0,12.15,5.0200000000000005,2.5,1.49,0.0,0.0,0.0,133.6,0.0,0.8,0.6000000000000001,0.0,-169.70000000000002,0.0,0.0,169.8,0.0,21.700000000000003,29.0,29.0,30.0,300.0,300.0,31.6,35.7,28.9,28.1,30.0,4.96,1.99,4.97,0.16,0.0,0.0,1027.0,8228.0,0.0,0.0,0.0,0.0,0.0,1.0,0.0,0.0,0.0,0.0,0.0,0.7000000000000001,0.0,0.1,0.0,0.0,16.0,25903.0
2026-07-30T19:02:31.898Z,321.381,321.396,0.0,7.4,0.0,0.0,0.0,0.0,0.0,0.0,0.0,0.0,1.0,0.0,0.0,0.0,9.0,4.0,0.0,0.0,0.0,0.0,0.0,0.0,0.0,0.0,3.0,12.0,1.0,12.15,5.0200000000000005,2.5,1.49,0.0,0.0,0.0,133.8,0.0,-0.9,-0.5,0.0,-169.70000000000002,0.0,0.0,169.8,0.0,21.700000000000003,29.0,29.0,30.0,300.0,300.0,31.6,35.7,28.9,28.1,30.0,4.95,1.99,4.97,0.16,0.0,0.0,1027.0,8228.0,0.0,0.0,0.0,0.0,0.0,1.0,0.0,0.0,0.0,0.0,0.0,-0.5,0.0,-0.1,0.0,0.0001,16.0,25903.0
2026-07-30T19:02:31.910Z,321.393,321.408,0.0,7.4,0.0,0.0,0.0,0.0,0.0,0.0,0.0,0.0,1.0,0.0,0.0,0.0,9.0,4.0,0.0,0.0,0.0,0.0,0.0,0.0,0.0,0.0,4.0,12.0,1.0,12.15,5.0200000000000005,2.5,1.49,0.0,0.1,0.0,134.0,0.0,0.2,-0.5,-1.1,-169.70000000000002,0.0,0.0,169.70000000000002,0.0,21.700000000000003,29.0,29.0,30.0,300.0,300.0,31.6,35.7,28.9,28.1,30.0,4.95,1.99,4.96,0.16,0.0,0.0,1027.0,8228.0,0.0,0.0,0.0,0.0,0.0,1.0,0.0,0.0,0.0,0.0,0.0,-1.4,0.0,0.9,0.0,0.0,16.0,25903.0
2026-07-30T19:02:31.922Z,321.405,321.42,0.0,7.4,0.0,0.0,0.0,0.0,0.0,0.0,0.0,0.0,1.0,0.0,0.0,0.0,9.0,4.0,0.0,0.0,0.0,0.0,0.0,0.0,0.0,0.0,6.0,12.0,1.0,12.15,5.0200000000000005,2.5,1.49,0.0,0.1,0.0,134.20000000000002,0.0,-0.3,-1.0,1.1,-169.70000000000002,0.0,0.0,169.8,0.0,21.700000000000003,29.0,29.0,30.0,300.0,300.0,31.6,35.7,28.9,28.1,30.0,4.96,1.99,4.96,0.16,0.0,0.0,1027.0,8228.0,0.0,0.0,0.0,0.0,0.0,1.0,0.0,0.0,0.0,0.0,0.0,-0.3,0.0,-1.2000000000000002,0.0,0.0001,16.0,25903.0
2026-07-30T19:02:31.934Z,321.417,321.432,0.0,7.4,0.0,0.0,0.0,0.0,0.0,0.0,0.0,0.0,1.0,0.0,0.0,0.0,9.0,4.0,0.0,0.0,0.0,0.0,0.0,0.0,0.0,0.0,1.0,12.0,1.0,12.15,5.0200000000000005,2.5,1.49,0.0,0.0,0.0,134.3,0.0,0.2,0.1,0.5,-169.70000000000002,0.0,0.0,169.70000000000002,0.0,21.700000000000003,29.0,29.0,30.0,300.0,300.0,31.6,35.7,28.9,28.1,30.0,4.96,1.99,4.97,0.16,0.0,0.0,1027.0,8228.0,0.0,0.0,0.0,0.0,0.0,1.0,0.0,0.0,0.0,0.0,0.0,0.5,0.0,-0.4,0.0,0.0001,16.0,25903.0
2026-07-30T19:02:31.946Z,321.429,321.444,0.0,7.4,0.0,0.0,0.0,0.0,0.0,0.0,0.0,0.0,1.0,0.0,0.0,0.0,9.0,4.0,0.0,0.0,0.0,0.0,0.0,0.0,0.0,0.0,2.0,12.0,1.0,12.15,5.0200000000000005,2.5,1.49,0.0,0.0,0.0,134.20000000000002,0.0,0.8,0.1,0.5,-169.70000000000002,0.0,0.0,169.70000000000002,0.0,21.700000000000003,29.0,29.0,30.0,300.0,300.0,31.6,35.7,28.9,28.1,30.0,4.95,1.99,4.97,0.16,0.0,0.0,1027.0,8228.0,0.0,0.0,0.0,0.0,0.0,1.0,0.0,0.0,0.0,0.0,0.0,0.5,0.0,-0.4,0.0,0.0,16.0,25903.0
2026-07-30T19:02:31.958Z,321.441,321.456,0.0,7.4,0.0,0.0,0.0,0.0,0.0,0.0,0.0,0.0,1.0,0.0,0.0,0.0,9.0,4.0,0.0,0.0,0.0,0.0,0.0,0.0,0.0,0.0,3.0,12.0,1.0,12.15,5.0200000000000005,2.5,1.49,0.0,0.0,0.0,134.1,0.0,-1.0,-0.4,-0.5,-169.70000000000002,0.0,0.0,169.70000000000002,0.0,21.700000000000003,29.0,29.0,30.0,300.0,300.0,31.6,35.7,28.9,28.1,30.0,4.96,1.99,4.96,0.16,0.0,0.0,1027.0,8228.0,0.0,0.0,0.0,0.0,0.0,1.0,0.0,0.0,0.0,0.0,0.0,-0.9,0.0,0.4,0.0,0.0,16.0,25903.0
2026-07-30T19:02:31.970Z,321.453,321.468,0.0,7.4,0.0,0.0,0.0,0.0,0.0,0.0,0.0,0.0,1.0,0.0,0.0,0.0,9.0,4.0,0.0,0.0,0.0,0.0,0.0,0.0,0.0,0.0,4.0,12.0,1.0,12.15,5.0200000000000005,2.5,1.49,0.0,0.0,0.0,134.0,0.0,-0.3,-0.4,0.0,-169.70000000000002,0.0,0.0,169.70000000000002,0.0,21.700000000000003,29.0,29.0,30.0,300.0,300.0,31.6,35.7,28.9,28.1,30.0,4.95,1.99,4.96,0.16,0.0,0.0,1027.0,8228.0,0.0,0.0,0.0,0.0,0.0,1.0,0.0,0.0,0.0,0.0,0.0,-0.4,0.0,0.0,0.0,0.0,16.0,25903.0
2026-07-30T19:02:31.982Z,321.465,321.48,0.0,7.4,0.0,0.0,0.0,0.0,0.0,0.0,0.0,0.0,1.0,0.0,0.0,0.0,9.0,4.0,0.0,0.0,0.0,0.0,0.0,0.0,0.0,0.0,5.0,12.0,1.0,12.15,5.0200000000000005,2.5,1.49,0.0,0.0,0.0,133.9,0.0,0.1,0.1,-0.6000000000000001,-169.70000000000002,0.0,0.0,169.60000000000002,0.0,21.700000000000003,29.0,29.0,30.0,300.0,300.0,31.6,35.7,28.9,28.1,30.0,4.95,1.99,4.96,0.16,0.0,0.0,1027.0,8228.0,0.0,0.0,0.0,0.0,0.0,1.0,0.0,0.0,0.0,0.0,0.0,-0.3,0.0,0.6000000000000001,0.0,0.0,16.0,25903.0
2026-07-30T19:02:31.994Z,321.477,321.492,0.0,7.4,0.0,0.0,0.0,0.0,0.0,0.0,0.0,0.0,1.0,0.0,0.0,0.0,9.0,4.0,0.0,0.0,0.0,0.0,0.0,0.0,0.0,0.0,1.0,12.0,1.0,12.17,5.0200000000000005,2.51,1.49,0.0,0.1,0.0,133.8,0.0,-0.4,1.3,1.0,-169.70000000000002,0.0,0.0,169.70000000000002,0.0,21.3,29.0,29.0,30.0,300.0,300.0,31.6,35.7,28.9,28.1,30.0,4.95,2.0,4.96,0.16,0.0,0.0,1027.0,8228.0,0.0,0.0,0.0,0.0,0.0,1.0,0.0,0.0,0.0,0.0,0.0,2.7,0.0,-1.2000000000000002,0.0,0.0,16.0,25903.0
2026-07-30T19:02:32.006Z,321.489,321.504,0.0,7.4,0.0,0.0,0.0,0.0,0.0,0.0,0.0,0.0,1.0,0.0,0.0,0.0,9.0,4.0,0.0,0.0,0.0,0.0,0.0,0.0,0.0,0.0,1.0,12.0,1.0,12.17,5.0200000000000005,2.51,1.49,0.0,0.0,0.0,133.6,0.0,0.1,1.3,0.5,-169.70000000000002,0.0,0.0,169.70000000000002,0.0,21.3,29.0,29.0,30.0,300.0,300.0,31.6,35.7,28.9,28.1,30.0,4.96,2.0,4.96,0.16,0.0,0.0,1027.0,8228.0,0.0,0.0,0.0,0.0,0.0,1.0,0.0,0.0,0.0,0.0,0.0,1.9,0.0,-0.1,0.0,0.0,16.0,25903.0
2026-07-30T19:02:32.018Z,321.501,321.516,0.0,7.4,0.0,0.0,0.0,0.0,0.0,0.0,0.0,0.0,1.0,0.0,0.0,0.0,9.0,4.0,0.0,0.0,0.0,0.0,0.0,0.0,0.0,0.0,3.0,12.0,1.0,12.17,5.0200000000000005,2.51,1.49,0.0,0.0,0.0,133.6,0.0,-0.3,-1.0,0.4,-169.70000000000002,0.0,0.0,169.60000000000002,0.0,21.3,29.0,29.0,30.0,300.0,300.0,31.6,35.7,28.9,28.1,30.0,4.95,2.0,4.97,0.16,0.0,0.0,1027.0,8228.0,0.0,0.0,0.0,0.0,0.0,1.0,0.0,0.0,0.0,0.0,0.0,-0.7000000000000001,0.0,-0.6000000000000001,0.0,0.0,16.0,25903.0
2026-07-30T19:02:32.030Z,321.513,321.528,0.0,7.4,0.0,0.0,0.0,0.0,0.0,0.0,0.0,0.0,1.0,0.0,0.0,0.0,9.0,4.0,0.0,0.0,0.0,0.0,0.0,0.0,0.0,0.0,4.0,12.0,1.0,12.17,5.0200000000000005,2.51,1.49,0.0,0.0,0.0,133.5,0.0,0.2,0.1,0.0,-169.70000000000002,0.0,0.0,169.70000000000002,0.0,21.3,29.0,29.0,30.0,300.0,300.0,31.6,35.7,28.9,28.1,30.0,4.95,1.99,4.96,0.16,0.0,0.0,1027.0,8228.0,0.0,0.0,0.0,0.0,0.0,1.0,0.0,0.0,0.0,0.0,0.0,2.9000000000000004,0.0,-0.5,0.0,0.0,16.0,25903.0
2026-07-30T19:02:32.042Z,321.525,321.54,0.0,7.4,0.0,0.0,0.0,0.0,0.0,0.0,0.0,0.0,1.0,0.0,0.0,0.0,9.0,4.0,0.0,0.0,0.0,0.0,0.0,0.0,0.0,0.0,5.0,12.0,1.0,12.17,5.0200000000000005,2.51,1.49,0.0,0.0,0.0,133.3,0.0,0.1,0.6000000000000001,0.4,-169.70000000000002,0.0,0.0,169.8,0.0,21.3,29.0,29.0,30.0,300.0,300.0,31.6,35.7,28.9,28.1,30.0,4.96,1.99,4.96,0.16,0.0,0.0,1027.0,8228.0,0.0,0.0,0.0,0.0,0.0,1.0,0.0,0.0,0.0,0.0,0.0,-0.4,0.0,0.6000000000000001,0.0,0.0,16.0,25903.0
2026-07-30T19:02:32.054Z,321.537,321.552,0.0,7.4,0.0,0.0,0.0,0.0,0.0,0.0,0.0,0.0,1.0,0.0,0.0,0.0,9.0,4.0,0.0,0.0,0.0,0.0,0.0,0.0,0.0,0.0,6.0,12.0,1.0,12.17,5.0200000000000005,2.51,1.49,0.0,0.0,0.0,133.20000000000002,0.0,0.2,-0.5,0.4,-169.70000000000002,0.0,0.0,169.8,0.0,21.3,29.0,29.0,30.0,300.0,300.0,31.6,35.7,28.9,28.1,30.0,4.95,1.99,4.96,0.16,0.0,0.0,1027.0,8228.0,0.0,0.0,0.0,0.0,0.0,1.0,0.0,0.0,0.0,0.0,0.0,2.6,0.0,-1.1,0.0,0.0001,16.0,25903.0
2026-07-30T19:02:32.066Z,321.549,321.564,0.0,7.4,0.0,0.0,0.0,0.0,0.0,0.0,0.0,0.0,1.0,0.0,0.0,0.0,9.0,4.0,0.0,0.0,0.0,0.0,0.0,0.0,0.0,0.0,1.0,12.0,1.0,12.17,5.0200000000000005,2.51,1.49,0.0,0.0,0.0,133.1,0.0,-0.3,0.6000000000000001,1.0,-169.70000000000002,0.0,0.0,169.70000000000002,0.0,21.3,29.0,29.0,30.0,300.0,300.0,31.6,35.7,28.9,28.1,30.0,4.95,1.99,4.96,0.16,0.0,0.0,1027.0,8228.0,0.0,0.0,0.0,0.0,0.0,1.0,0.0,0.0,0.0,0.0,0.0,1.0,0.0,-0.2,0.0,0.0,16.0,25903.0
2026-07-30T19:02:32.078Z,321.561,321.576,0.0,7.4,0.0,0.0,0.0,0.0,0.0,0.0,0.0,0.0,1.0,0.0,0.0,0.0,9.0,4.0,0.0,0.0,0.0,0.0,0.0,0.0,0.0,0.0,2.0,12.0,1.0,12.17,5.0200000000000005,2.51,1.49,0.0,0.0,0.0,133.0,0.0,0.8,-0.5,0.9,-169.70000000000002,0.0,0.0,169.60000000000002,0.0,21.3,29.0,29.0,30.0,300.0,300.0,31.6,35.7,28.9,28.1,30.0,4.96,2.0,4.96,0.16,0.0,0.0,1027.0,8228.0,0.0,0.0,0.0,0.0,0.0,1.0,0.0,0.0,0.0,0.0,0.0,0.0,0.0,-0.9,0.0,0.0001,16.0,25903.0
2026-07-30T19:02:32.091Z,321.574,321.588,0.0,7.4,0.0,0.0,0.0,0.0,0.0,0.0,0.0,0.0,1.0,0.0,0.0,0.0,9.0,4.0,0.0,0.0,0.0,0.0,0.0,0.0,0.0,0.0,2.0,12.0,1.0,12.17,5.0200000000000005,2.51,1.5,0.0,0.0,0.0,132.9,0.0,-1.5,-1.1,-1.3,-169.70000000000002,0.0,0.0,169.60000000000002,0.0,21.4,29.0,29.0,30.0,300.0,300.0,31.6,35.7,28.9,28.1,30.0,4.96,1.99,4.97,0.16,0.0,0.0,1027.0,8228.0,0.0,0.0,0.0,0.0,0.0,1.0,0.0,0.0,0.0,0.0,0.0,-2.3000000000000003,0.0,0.9,0.0,0.0,16.0,25903.0
2026-07-30T19:02:32.102Z,321.585,321.6,0.0,7.4,0.0,0.0,0.0,0.0,0.0,0.0,0.0,0.0,1.0,0.0,0.0,0.0,9.0,4.0,0.0,0.0,0.0,0.0,0.0,0.0,0.0,0.0,4.0,12.0,1.0,12.17,5.0200000000000005,2.51,1.5,0.0,0.0,0.0,132.8,0.0,0.2,-0.5,-1.3,-169.70000000000002,0.0,0.0,169.60000000000002,0.0,21.4,29.0,29.0,30.0,300.0,300.0,31.6,35.7,28.9,28.1,30.0,4.95,1.99,4.97,0.16,0.0,0.0,1027.0,8228.0,0.0,0.0,0.0,0.0,0.0,1.0,0.0,0.0,0.0,0.0,0.0,-1.7000000000000002,0.0,1.1,0.0,0.0,16.0,25903.0
2026-07-30T19:02:32.114Z,321.597,321.612,0.0,7.4,0.0,0.0,0.0,0.0,0.0,0.0,0.0,0.0,1.0,0.0,0.0,0.0,9.0,4.0,0.0,0.0,0.0,0.0,0.0,0.0,0.0,0.0,5.0,12.0,1.0,12.17,5.0200000000000005,2.51,1.5,0.0,0.0,0.0,132.70000000000002,0.0,0.2,-0.6000000000000001,-0.8,-169.70000000000002,0.0,0.0,169.70000000000002,0.0,21.4,29.0,29.0,30.0,300.0,300.0,31.6,35.7,28.9,28.1,30.0,4.96,1.99,4.97,0.16,0.0,0.0,1027.0,8228.0,0.0,0.0,0.0,0.0,0.0,1.0,0.0,0.0,0.0,0.0,0.0,-1.3,0.0,0.6000000000000001,0.0,0.0,16.0,25903.0
2026-07-30T19:02:32.126Z,321.609,321.624,0.0,7.4,0.0,0.0,0.0,0.0,0.0,0.0,0.0,0.0,1.0,0.0,0.0,0.0,9.0,4.0,0.0,0.0,0.0,0.0,0.0,0.0,0.0,0.0,1.0,12.0,1.0,12.17,5.0200000000000005,2.51,1.5,0.0,0.0,0.0,132.6,0.0,-0.9,-0.6000000000000001,-1.4,-169.60000000000002,0.0,0.0,169.60000000000002,0.0,21.4,29.0,29.0,30.0,300.0,300.0,31.6,35.7,28.9,28.1,30.0,4.95,1.99,4.96,0.16,0.0,0.0,1027.0,8228.0,0.0,0.0,0.0,0.0,0.0,1.0,0.0,0.0,0.0,0.0,0.0,-1.8,0.0,1.1,0.0,0.0,16.0,25903.0
2026-07-30T19:02:32.138Z,321.621,321.636,0.0,7.4,0.0,0.0,0.0,0.0,0.0,0.0,0.0,0.0,1.0,0.0,0.0,0.0,9.0,4.0,0.0,0.0,0.0,0.0,0.0,0.0,0.0,0.0,2.0,12.0,1.0,12.17,5.0200000000000005,2.51,1.5,0.0,0.0,0.0,132.5,0.0,-0.4,0.5,-0.9,-169.60000000000002,0.0,0.0,169.70000000000002,0.0,21.4,29.0,29.0,30.0,300.0,300.0,31.6,35.7,28.9,28.1,30.0,4.95,1.99,4.97,0.16,0.0,0.0,1027.0,8228.0,0.0,0.0,0.0,0.0,0.0,1.0,0.0,0.0,0.0,0.0,0.0,0.0,0.0,0.9,0.0,0.0,16.0,25903.0
2026-07-30T19:02:32.150Z,321.633,321.648,0.0,7.4,0.0,0.0,0.0,0.0,0.0,0.0,0.0,0.0,1.0,0.0,0.0,0.0,9.0,4.0,0.0,0.0,0.0,0.0,0.0,0.0,0.0,0.0,3.0,12.0,1.0,12.17,5.0200000000000005,2.51,1.5,0.0,0.0,0.0,132.4,0.0,-1.0,-1.2000000000000002,0.2,-169.60000000000002,0.0,0.0,169.70000000000002,0.0,21.4,29.0,29.0,30.0,300.0,300.0,31.6,35.7,28.9,28.1,30.0,4.95,2.0,4.97,0.16,0.0,0.0,1027.0,8228.0,0.0,0.0,0.0,0.0,0.0,1.0,0.0,0.0,0.0,0.0,0.0,-1.2000000000000002,0.0,-0.4,0.0,0.0,16.0,25903.0
2026-07-30T19:02:32.162Z,321.645,321.66,0.0,7.4,0.0,0.0,0.0,0.0,0.0,0.0,0.0,0.0,1.0,0.0,0.0,0.0,9.0,4.0,0.0,0.0,0.0,0.0,0.0,0.0,0.0,0.0,4.0,12.0,1.0,12.17,5.0200000000000005,2.51,1.5,0.0,0.1,0.0,132.3,0.0,0.1,-1.1,0.3,-169.60000000000002,0.0,0.0,169.8,0.0,21.4,29.0,29.0,30.0,300.0,300.0,31.6,35.7,28.9,28.1,30.0,4.96,2.0,4.96,0.16,0.0,0.0,1027.0,8228.0,0.0,0.0,0.0,0.0,0.0,1.0,0.0,0.0,0.0,0.0,0.0,-1.1,0.0,-0.5,0.0,0.0,16.0,25903.0
2026-07-30T19:02:32.174Z,321.657,321.672,0.0,7.4,0.0,0.0,0.0,0.0,0.0,0.0,0.0,0.0,1.0,0.0,0.0,0.0,9.0,4.0,0.0,0.0,0.0,0.0,0.0,0.0,0.0,0.0,5.0,12.0,1.0,12.17,5.0200000000000005,2.51,1.5,0.0,0.0,0.0,132.20000000000002,0.0,0.7000000000000001,0.5,0.9,-169.60000000000002,0.0,0.0,169.70000000000002,0.0,21.4,29.0,29.0,30.0,300.0,300.0,31.6,35.7,28.9,28.1,30.0,4.95,1.99,4.97,0.16,0.0,0.0,1027.0,8228.0,0.0,0.0,0.0,0.0,0.0,1.0,0.0,0.0,0.0,0.0,0.0,1.3,0.0,-0.6000000000000001,0.0,0.0,16.0,25903.0
2026-07-30T19:02:32.186Z,321.669,321.684,0.0,7.4,0.0,0.0,0.0,0.0,0.0,0.0,0.0,0.0,1.0,0.0,0.0,0.0,9.0,4.0,0.0,0.0,0.0,0.0,0.0,0.0,0.0,0.0,6.0,12.0,1.0,12.17,5.0200000000000005,2.51,1.5,0.0,0.0,0.0,132.1,0.0,-0.4,0.0,0.9,-169.60000000000002,0.0,0.0,169.60000000000002,0.0,21.4,29.0,29.0,30.0,300.0,300.0,31.6,35.7,28.9,28.1,30.0,4.95,1.99,4.97,0.16,0.0,0.0,1027.0,8228.0,0.0,0.0,0.0,0.0,0.0,1.0,0.0,0.0,0.0,0.0,0.0,0.7000000000000001,0.0,-0.8,0.0,0.0,16.0,25903.0
2026-07-30T19:02:32.198Z,321.681,321.696,0.0,7.4,0.0,0.0,0.0,0.0,0.0,0.0,0.0,0.0,1.0,0.0,0.0,0.0,9.0,4.0,0.0,0.0,0.0,0.0,0.0,0.0,0.0,0.0,1.0,12.0,1.0,12.17,5.0200000000000005,2.5,1.49,0.0,0.0,0.0,131.9,0.0,-1.0,-1.1,-1.4,-169.60000000000002,0.0,0.0,169.70000000000002,0.0,20.9,29.0,29.0,30.0,300.0,300.0,31.6,35.7,29.0,28.1,30.0,4.96,1.99,4.97,0.16,0.0,0.0,1027.0,8228.0,0.0,0.0,0.0,0.0,0.0,1.0,0.0,0.0,0.0,0.0,0.0,-2.4000000000000004,0.0,1.0,0.0,0.0001,16.0,25903.0
2026-07-30T19:02:32.210Z,321.693,321.708,0.0,7.4,0.0,0.0,0.0,0.0,0.0,0.0,0.0,0.0,1.0,0.0,0.0,0.0,9.0,4.0,0.0,0.0,0.0,0.0,0.0,0.0,0.0,0.0,2.0,12.0,1.0,12.17,5.0200000000000005,2.5,1.49,0.0,0.0,0.0,131.8,0.0,-0.3,0.0,-0.2,-169.60000000000002,0.0,0.0,169.70000000000002,0.0,20.9,29.0,29.0,30.0,300.0,300.0,31.6,35.7,29.0,28.1,30.0,4.95,1.99,4.96,0.16,0.0,0.0,1027.0,8228.0,0.0,0.0,0.0,0.0,0.0,1.0,0.0,0.0,0.0,0.0,0.0,-0.1,0.0,0.1,0.0,0.0,16.0,25903.0
2026-07-30T19:02:32.222Z,321.705,321.72,0.0,7.4,0.0,0.0,0.0,0.0,0.0,0.0,0.0,0.0,1.0,0.0,0.0,0.0,9.0,4.0,0.0,0.0,0.0,0.0,0.0,0.0,0.0,0.0,3.0,12.0,1.0,12.17,5.0200000000000005,2.5,1.49,0.0,0.0,0.0,131.70000000000002,0.0,-0.3,0.5,-1.3,-169.60000000000002,0.0,0.0,169.8,0.0,20.9,29.0,29.0,30.0,300.0,300.0,31.6,35.7,29.0,28.1,30.0,4.95,1.99,4.97,0.16,0.0,0.0,1027.0,8228.0,0.0,0.0,0.0,0.0,0.0,1.0,0.0,0.0,0.0,0.0,0.0,-0.3,0.0,1.3,0.0,0.0,16.0,25903.0
2026-07-30T19:02:32.234Z,321.717,321.732,0.0,7.4,0.0,0.0,0.0,0.0,0.0,0.0,0.0,0.0,1.0,0.0,0.0,0.0,9.0,4.0,0.0,0.0,0.0,0.0,0.0,0.0,0.0,0.0,4.0,12.0,1.0,12.17,5.0200000000000005,2.5,1.49,0.0,0.0,0.0,131.6,0.0,0.8,0.0,-0.1,-169.60000000000002,0.0,0.0,169.70000000000002,0.0,20.9,29.0,29.0,30.0,300.0,300.0,31.6,35.7,29.0,28.1,30.0,4.95,1.99,4.96,0.16,0.0,0.0,1027.0,8228.0,0.0,0.0,0.0,0.0,0.0,1.0,0.0,0.0,0.0,0.0,0.0,-0.1,0.0,0.1,0.0,0.0001,16.0,25903.0
2026-07-30T19:02:32.246Z,321.729,321.744,0.0,7.4,0.0,0.0,0.0,0.0,0.0,0.0,0.0,0.0,1.0,0.0,0.0,0.0,9.0,4.0,0.0,0.0,0.0,0.0,0.0,0.0,0.0,0.0,5.0,12.0,1.0,12.17,5.0200000000000005,2.5,1.49,0.0,0.0,0.0,131.5,0.0,-0.9,-0.6000000000000001,-0.8,-169.60000000000002,0.0,0.0,169.70000000000002,0.0,20.9,29.0,29.0,30.0,300.0,300.0,31.6,35.7,29.0,28.1,30.0,4.95,1.99,4.96,0.16,0.0,0.0,1027.0,8228.0,0.0,0.0,0.0,0.0,0.0,1.0,0.0,0.0,0.0,0.0,0.0,-1.3,0.0,0.5,0.0,0.0,16.0,25903.0
2026-07-30T19:02:32.258Z,321.741,321.75600000000003,0.0,7.4,0.0,0.0,0.0,0.0,0.0,0.0,0.0,0.0,1.0,0.0,0.0,0.0,9.0,4.0,0.0,0.0,0.0,0.0,0.0,0.0,0.0,0.0,6.0,12.0,1.0,12.17,5.0200000000000005,2.5,1.49,0.0,0.0,0.0,131.4,0.0,0.8,0.0,-0.8,-169.70000000000002,0.0,0.0,169.8,0.0,20.9,29.0,29.0,30.0,300.0,300.0,31.6,35.7,29.0,28.1,30.0,4.95,1.99,4.97,0.16,0.0,0.0,1027.0,8228.0,0.0,0.0,0.0,0.0,0.0,1.0,0.0,0.0,0.0,0.0,0.0,-0.6000000000000001,0.0,0.7000000000000001,0.0,0.0,16.0,25903.0
2026-07-30T19:02:32.270Z,321.753,321.76800000000003,0.0,7.4,0.0,0.0,0.0,0.0,0.0,0.0,0.0,0.0,1.0,0.0,0.0,0.0,9.0,4.0,0.0,0.0,0.0,0.0,0.0,0.0,0.0,0.0,1.0,12.0,1.0,12.17,5.0200000000000005,2.5,1.49,0.0,0.0,0.0,131.3,0.0,0.2,1.7000000000000002,1.5,-169.60000000000002,0.0,0.0,169.60000000000002,0.0,20.9,29.0,29.0,30.0,300.0,300.0,31.6,35.7,29.0,28.1,30.0,4.96,1.99,4.96,0.16,0.0,0.0,1027.0,8228.0,0.0,0.0,0.0,0.0,0.0,1.0,0.0,0.0,0.0,0.0,0.0,3.1,0.0,-0.9,0.0,0.0,16.0,25903.0
2026-07-30T19:02:32.282Z,321.765,321.78000000000003,0.0,7.4,0.0,0.0,0.0,0.0,0.0,0.0,0.0,0.0,1.0,0.0,0.0,0.0,9.0,4.0,0.0,0.0,0.0,0.0,0.0,0.0,0.0,0.0,3.0,12.0,1.0,12.17,5.0200000000000005,2.5,1.49,0.0,0.0,0.0,131.20000000000002,0.0,-0.8,0.5,-1.3,-169.60000000000002,0.0,0.0,169.60000000000002,0.0,20.9,29.0,29.0,30.0,300.0,300.0,31.6,35.7,29.0,28.1,30.0,4.96,2.0,4.96,0.16,0.0,0.0,1027.0,8228.0,0.0,0.0,0.0,0.0,0.0,1.0,0.0,0.0,0.0,0.0,0.0,-0.3,0.0,1.3,0.0,0.0001,16.0,25903.0
2026-07-30T19:02:32.296Z,321.779,321.79200000000003,0.0,7.4,0.0,0.0,0.0,0.0,0.0,0.0,0.0,0.0,1.0,0.0,0.0,0.0,9.0,4.0,0.0,0.0,0.0,0.0,0.0,0.0,0.0,0.0,4.0,12.0,1.0,12.17,5.01,2.51,1.49,0.0,0.0,0.0,131.1,0.0,-0.2,0.0,-0.8,-169.60000000000002,0.0,0.0,169.60000000000002,0.0,21.700000000000003,29.0,29.0,30.0,300.0,300.0,31.5,35.800000000000004,28.9,28.1,30.0,4.95,1.99,4.96,0.16,0.0,0.0,1027.0,8228.0,0.0,0.0,0.0,0.0,0.0,1.0,0.0,0.0,0.0,0.0,0.0,-0.6000000000000001,0.0,0.7000000000000001,0.0,0.0,16.0,25903.0
2026-07-30T19:02:32.306Z,321.789,321.80400000000003,0.0,7.4,0.0,0.0,0.0,0.0,0.0,0.0,0.0,0.0,1.0,0.0,0.0,0.0,9.0,4.0,0.0,0.0,0.0,0.0,0.0,0.0,0.0,0.0,5.0,12.0,1.0,12.17,5.01,2.51,1.49,0.0,0.0,0.0,130.9,0.0,-0.2,0.0,0.3,-169.60000000000002,0.0,0.0,169.60000000000002,0.0,21.700000000000003,29.0,29.0,30.0,300.0,300.0,31.5,35.800000000000004,28.9,28.1,30.0,4.95,1.99,4.97,0.16,0.0,0.0,1027.0,8228.0,0.0,0.0,0.0,0.0,0.0,1.0,0.0,0.0,0.0,0.0,0.0,0.2,0.0,-0.3,0.0,0.0,16.0,25903.0
2026-07-30T19:02:32.318Z,321.801,321.81600000000003,0.0,7.4,0.0,0.0,0.0,0.0,0.0,0.0,0.0,0.0,1.0,0.0,0.0,0.0,9.0,4.0,0.0,0.0,0.0,0.0,0.0,0.0,0.0,0.0,6.0,12.0,1.0,12.17,5.01,2.51,1.49,0.0,0.0,0.0,130.9,0.0,0.2,0.0,-0.2,-169.60000000000002,0.0,0.0,169.60000000000002,0.0,21.700000000000003,29.0,29.0,30.0,300.0,300.0,31.5,35.800000000000004,28.9,28.1,30.0,4.96,1.99,4.96,0.16,0.0,0.0,1027.0,8228.0,0.0,0.0,0.0,0.0,0.0,1.0,0.0,0.0,0.0,0.0,0.0,-0.2,0.0,0.2,0.0,0.0,16.0,25903.0
2026-07-30T19:02:32.330Z,321.813,321.82800000000003,0.0,7.4,0.0,0.0,0.0,0.0,0.0,0.0,0.0,0.0,1.0,0.0,0.0,0.0,9.0,4.0,0.0,0.0,0.0,0.0,0.0,0.0,0.0,0.0,1.0,12.0,1.0,12.17,5.01,2.51,1.49,0.0,0.1,0.0,130.8,0.0,-0.3,0.0,-0.8,-169.60000000000002,0.0,0.0,169.60000000000002,0.0,21.700000000000003,29.0,29.0,30.0,300.0,300.0,31.5,35.800000000000004,28.9,28.1,30.0,4.96,2.0,4.97,0.16,0.0,0.0,1027.0,8228.0,0.0,0.0,0.0,0.0,0.0,1.0,0.0,0.0,0.0,0.0,0.0,-0.6000000000000001,0.0,0.7000000000000001,0.0,0.0,16.0,25903.0
2026-07-30T19:02:32.343Z,321.826,321.84000000000003,0.0,7.4,0.0,0.0,0.0,0.0,0.0,0.0,0.0,0.0,1.0,0.0,0.0,0.0,9.0,4.0,0.0,0.0,0.0,0.0,0.0,0.0,0.0,0.0,2.0,12.0,1.0,12.17,5.01,2.51,1.49,0.0,0.0,0.0,130.70000000000002,0.0,0.2,-0.6000000000000001,-1.5,-169.60000000000002,0.0,0.0,169.60000000000002,0.0,21.700000000000003,29.0,29.0,30.0,300.0,300.0,31.5,35.800000000000004,28.9,28.1,30.0,4.96,2.0,4.97,0.16,0.0,0.0,1027.0,8228.0,0.0,0.0,0.0,0.0,0.0,1.0,0.0,0.0,0.0,0.0,0.0,-1.8,0.0,1.1,0.0,0.0,16.0,25903.0
2026-07-30T19:02:32.355Z,321.838,321.85200000000003,0.0,7.4,0.0,0.0,0.0,0.0,0.0,0.0,0.0,0.0,1.0,0.0,0.0,0.0,9.0,4.0,0.0,0.0,0.0,0.0,0.0,0.0,0.0,0.0,3.0,12.0,1.0,12.17,5.01,2.51,1.49,0.0,0.0,0.0,130.6,0.0,-0.9,-1.2000000000000002,-0.9,-169.60000000000002,0.0,0.0,169.8,0.0,21.700000000000003,29.0,29.0,30.0,300.0,300.0,31.5,35.800000000000004,28.9,28.1,30.0,4.96,2.0,4.96,0.16,0.0,0.0,1027.0,8228.0,0.0,0.0,0.0,0.0,0.0,1.0,0.0,0.0,0.0,0.0,0.0,-2.0,0.0,0.5,0.0,0.0,16.0,25903.0
2026-07-30T19:02:32.367Z,321.85,321.86400000000003,0.0,7.4,0.0,0.0,0.0,0.0,0.0,0.0,0.0,0.0,1.0,0.0,0.0,0.0,9.0,4.0,0.0,0.0,0.0,0.0,0.0,0.0,0.0,0.0,4.0,12.0,1.0,12.17,5.01,2.51,1.49,0.0,0.0,0.0,130.5,0.0,0.2,1.1,0.2,-169.60000000000002,0.0,0.0,169.70000000000002,0.0,21.700000000000003,29.0,29.0,30.0,300.0,300.0,31.5,35.800000000000004,28.9,28.1,30.0,4.95,2.0,4.97,0.16,0.0,0.0,1027.0,8228.0,0.0,0.0,0.0,0.0,0.0,1.0,0.0,0.0,0.0,0.0,0.0,1.4,0.0,0.0,0.0,0.0001,16.0,25903.0
2026-07-30T19:02:32.378Z,321.861,321.87600000000003,0.0,7.4,0.0,0.0,0.0,0.0,0.0,0.0,0.0,0.0,1.0,0.0,0.0,0.0,9.0,4.0,0.0,0.0,0.0,0.0,0.0,0.0,0.0,0.0,5.0,12.0,1.0,12.17,5.01,2.51,1.49,0.0,0.1,0.0,130.5,0.0,0.8,0.0,-0.9,-169.60000000000002,0.0,0.0,169.60000000000002,0.0,21.700000000000003,29.0,29.0,30.0,300.0,300.0,31.5,35.800000000000004,28.9,28.1,30.0,4.95,1.99,4.97,0.16,0.0,0.0,1027.0,8228.0,0.0,0.0,0.0,0.0,0.0,1.0,0.0,0.0,0.0,0.0,0.0,-0.7000000000000001,0.0,0.7000000000000001,0.0,0.0,16.0,25903.0
2026-07-30T19:02:32.390Z,321.873,321.88800000000003,0.0,7.4,0.0,0.0,0.0,0.0,0.0,0.0,0.0,0.0,1.0,0.0,0.0,0.0,9.0,4.0,0.0,0.0,0.0,0.0,0.0,0.0,0.0,0.0,1.0,12.0,1.0,12.17,5.01,2.51,1.49,0.0,0.0,0.0,130.70000000000002,0.0,0.8,0.0,0.8,-169.60000000000002,0.0,0.0,169.60000000000002,0.0,21.700000000000003,29.0,29.0,30.0,300.0,300.0,31.5,35.800000000000004,28.9,28.1,30.0,4.96,1.99,4.97,0.16,0.0,0.0,1027.0,8228.0,0.0,0.0,0.0,0.0,0.0,1.0,0.0,0.0,0.0,0.0,0.0,0.6000000000000001,0.0,-0.7000000000000001,0.0,0.0,16.0,25903.0
2026-07-30T19:02:32.402Z,321.885,321.90000000000003,0.0,7.4,0.0,0.0,0.0,0.0,0.0,0.0,0.0,0.0,1.0,0.0,0.0,0.0,9.0,4.0,0.0,0.0,0.0,0.0,0.0,0.0,0.0,0.0,2.0,12.0,1.0,12.17,5.01,2.51,1.49,0.0,0.0,0.0,130.9,0.0,0.7000000000000001,-0.6000000000000001,0.2,-169.60000000000002,0.0,0.0,169.60000000000002,0.0,21.700000000000003,29.0,29.0,30.0,300.0,300.0,31.6,35.800000000000004,28.9,28.1,30.0,4.96,1.99,4.96,0.16,0.0,0.0,1027.0,8228.0,0.0,0.0,0.0,0.0,0.0,1.0,0.0,0.0,0.0,0.0,0.0,-0.4,0.0,-0.3,0.0,0.0,16.0,25903.0
2026-07-30T19:02:32.414Z,321.897,321.91200000000003,0.0,7.4,0.0,0.0,0.0,0.0,0.0,0.0,0.0,0.0,1.0,0.0,0.0,0.0,9.0,4.0,0.0,0.0,0.0,0.0,0.0,0.0,0.0,0.0,3.0,12.0,1.0,12.17,5.01,2.51,1.49,0.0,0.0,0.0,131.1,0.0,-0.3,-0.5,-1.4,-169.60000000000002,0.0,0.0,169.60000000000002,0.0,21.700000000000003,29.0,29.0,30.0,300.0,300.0,31.6,35.800000000000004,28.9,28.1,30.0,4.96,1.99,4.97,0.16,0.0,0.0,1027.0,8228.0,0.0,0.0,0.0,0.0,0.0,1.0,0.0,0.0,0.0,0.0,0.0,-1.7000000000000002,0.0,1.1,0.0,0.0,16.0,25903.0
2026-07-30T19:02:32.426Z,321.909,321.92400000000004,0.0,7.4,0.0,0.0,0.0,0.0,0.0,0.0,0.0,0.0,1.0,0.0,0.0,0.0,9.0,4.0,0.0,0.0,0.0,0.0,0.0,0.0,0.0,0.0,4.0,12.0,1.0,12.17,5.01,2.51,1.49,0.0,0.0,0.0,131.20000000000002,0.0,0.2,0.6000000000000001,-0.2,-169.60000000000002,0.0,0.0,169.60000000000002,0.0,21.700000000000003,29.0,29.0,30.0,300.0,300.0,31.6,35.800000000000004,28.9,28.1,30.0,4.96,1.99,4.97,0.16,0.0,0.0,1027.0,8228.0,0.0,0.0,0.0,0.0,0.0,1.0,0.0,0.0,0.0,0.0,0.0,0.4,0.0,0.3,0.0,0.0,16.0,25903.0
2026-07-30T19:02:32.438Z,321.921,321.936,0.0,7.4,0.0,0.0,0.0,0.0,0.0,0.0,0.0,0.0,1.0,0.0,0.0,0.0,9.0,4.0,0.0,0.0,0.0,0.0,0.0,0.0,0.0,0.0,6.0,12.0,1.0,12.17,5.01,2.51,1.49,0.0,0.0,0.0,131.4,0.0,0.1,0.0,-0.8,-169.60000000000002,0.0,0.0,169.60000000000002,0.0,21.700000000000003,29.0,29.0,30.0,300.0,300.0,31.6,35.800000000000004,28.9,28.1,30.0,4.96,2.0,4.97,0.16,0.0,0.0,1027.0,8228.0,0.0,0.0,0.0,0.0,0.0,1.0,0.0,0.0,0.0,0.0,0.0,-0.5,0.0,0.7000000000000001,0.0,0.0,16.0,25903.0
2026-07-30T19:02:32.450Z,321.933,321.948,0.0,7.4,0.0,0.0,0.0,0.0,0.0,0.0,0.0,0.0,1.0,0.0,0.0,0.0,9.0,4.0,0.0,0.0,0.0,0.0,0.0,0.0,0.0,0.0,1.0,12.0,1.0,12.17,5.01,2.51,1.49,0.0,0.0,0.0,131.6,0.0,0.2,-0.4,-0.2,-169.60000000000002,0.0,0.0,169.70000000000002,0.0,21.700000000000003,29.0,29.0,30.0,300.0,300.0,31.6,35.800000000000004,28.9,28.1,30.0,4.95,2.0,4.97,0.16,0.0,0.0,1027.0,8228.0,0.0,0.0,0.0,0.0,0.0,1.0,0.0,0.0,0.0,0.0,0.0,-0.7000000000000001,0.0,0.1,0.0,0.0,16.0,25903.0
2026-07-30T19:02:32.462Z,321.945,321.96,0.0,7.4,0.0,0.0,0.0,0.0,0.0,0.0,0.0,0.0,1.0,0.0,0.0,0.0,9.0,4.0,0.0,0.0,0.0,0.0,0.0,0.0,0.0,0.0,2.0,12.0,1.0,12.17,5.01,2.51,1.49,0.0,0.0,0.0,131.8,0.0,0.8,0.0,-0.1,-169.60000000000002,0.0,0.0,169.60000000000002,0.0,21.700000000000003,29.0,29.0,30.0,300.0,300.0,31.6,35.800000000000004,28.9,28.1,30.0,4.95,1.99,4.97,0.16,0.0,0.0,1027.0,8228.0,0.0,0.0,0.0,0.0,0.0,1.0,0.0,0.0,0.0,0.0,0.0,0.0,0.0,0.1,0.0,0.0,16.0,25903.0
2026-07-30T19:02:32.474Z,321.957,321.972,0.0,7.4,0.0,0.0,0.0,0.0,0.0,0.0,0.0,0.0,1.0,0.0,0.0,0.0,9.0,4.0,0.0,0.0,0.0,0.0,0.0,0.0,0.0,0.0,3.0,12.0,1.0,12.17,5.01,2.51,1.49,0.0,0.0,0.0,132.0,0.0,1.3,0.6000000000000001,0.3,-169.60000000000002,0.0,0.0,169.70000000000002,0.0,21.700000000000003,29.0,29.0,30.0,300.0,300.0,31.6,35.800000000000004,28.9,28.1,30.0,4.95,1.99,4.96,0.16,0.0,0.0,1027.0,8228.0,0.0,0.0,0.0,0.0,0.0,1.0,0.0,0.0,0.0,0.0,0.0,1.0,0.0,-0.2,0.0,0.0,16.0,25903.0
2026-07-30T19:02:32.486Z,321.969,321.984,0.0,7.4,0.0,0.0,0.0,0.0,0.0,0.0,0.0,0.0,1.0,0.0,0.0,0.0,9.0,4.0,0.0,0.0,0.0,0.0,0.0,0.0,0.0,0.0,5.0,12.0,1.0,12.17,5.01,2.51,1.49,0.0,0.0,0.0,132.1,0.0,0.2,-0.5,-0.1,-169.60000000000002,0.0,0.0,169.60000000000002,0.0,21.700000000000003,29.0,29.0,30.0,300.0,300.0,31.6,35.800000000000004,28.9,28.1,30.0,4.96,1.99,4.96,0.16,0.0,0.0,1027.0,8228.0,0.0,0.0,0.0,0.0,0.0,1.0,0.0,0.0,0.0,0.0,0.0,-0.6000000000000001,0.0,0.0,0.0,0.0,16.0,25903.0
2026-07-30T19:02:32.499Z,321.982,321.996,0.0,7.4,0.0,0.0,0.0,0.0,0.0,0.0,0.0,0.0,1.0,0.0,0.0,0.0,9.0,4.0,0.0,0.0,0.0,0.0,0.0,0.0,0.0,0.0,6.0,12.0,1.0,12.17,5.0200000000000005,2.5,1.5,0.0,0.0,0.0,132.3,0.0,-0.4,0.0,-0.1,-169.60000000000002,0.0,0.0,169.70000000000002,0.0,21.4,29.0,29.0,30.0,300.0,300.0,31.6,35.800000000000004,29.0,28.1,30.0,4.95,1.99,4.97,0.16,0.0,0.0,1027.0,8228.0,0.0,0.0,0.0,0.0,0.0,1.0,0.0,0.0,0.0,0.0,0.0,-0.7000000000000001,0.0,0.0,0.0,0.0,16.0,25903.0
2026-07-30T19:02:32.510Z,321.993,322.008,0.0,7.4,0.0,0.0,0.0,0.0,0.0,0.0,0.0,0.0,1.0,0.0,0.0,0.0,9.0,4.0,0.0,0.0,0.0,0.0,0.0,0.0,0.0,0.0,1.0,12.0,1.0,12.17,5.0200000000000005,2.5,1.5,0.0,0.0,0.0,132.5,0.0,0.8,0.7000000000000001,0.9,-169.60000000000002,0.0,0.0,169.60000000000002,0.0,21.4,29.0,29.0,30.0,300.0,300.0,31.6,35.800000000000004,29.0,28.1,30.0,4.95,1.99,4.96,0.16,0.0,0.0,1027.0,8228.0,0.0,0.0,0.0,0.0,0.0,1.0,0.0,0.0,0.0,0.0,0.0,1.5,0.0,-0.7000000000000001,0.0,0.0,16.0,25903.0
2026-07-30T19:02:32.522Z,322.005,322.02,0.0,7.4,0.0,0.0,0.0,0.0,0.0,0.0,0.0,0.0,1.0,0.0,0.0,0.0,9.0,4.0,0.0,0.0,0.0,0.0,0.0,0.0,0.0,0.0,2.0,12.0,1.0,12.17,5.0200000000000005,2.5,1.5,0.0,0.0,0.0,132.70000000000002,0.0,0.8,1.3,-0.7000000000000001,-169.60000000000002,0.0,0.0,169.70000000000002,0.0,21.4,29.0,29.0,30.0,300.0,300.0,31.6,35.800000000000004,29.0,28.1,30.0,4.95,1.99,4.97,0.16,0.0,0.0,1027.0,8228.0,0.0,0.0,0.0,0.0,0.0,1.0,0.0,0.0,0.0,0.0,0.0,0.8,0.0,0.9,0.0,0.0,16.0,25903.0
2026-07-30T19:02:32.534Z,322.017,322.032,0.0,7.4,0.0,0.0,0.0,0.0,0.0,0.0,0.0,0.0,1.0,0.0,0.0,0.0,9.0,4.0,0.0,0.0,0.0,0.0,0.0,0.0,0.0,0.0,3.0,12.0,1.0,12.17,5.0200000000000005,2.5,1.5,0.0,0.1,0.0,132.9,0.0,0.2,-0.4,-0.7000000000000001,-169.60000000000002,0.0,0.0,169.70000000000002,0.0,21.4,29.0,29.0,30.0,300.0,300.0,31.6,35.800000000000004,29.0,28.1,30.0,4.95,1.99,4.97,0.16,0.0,0.0,1027.0,8228.0,0.0,0.0,0.0,0.0,0.0,1.0,0.0,0.0,0.0,0.0,0.0,-1.1,0.0,0.5,0.0,0.0,16.0,25903.0
2026-07-30T19:02:32.546Z,322.029,322.044,0.0,7.4,0.0,0.0,0.0,0.0,0.0,0.0,0.0,0.0,1.0,0.0,0.0,0.0,9.0,4.0,0.0,0.0,0.0,0.0,0.0,0.0,0.0,0.0,4.0,12.0,1.0,12.17,5.0200000000000005,2.5,1.5,0.0,0.0,0.0,133.1,0.0,0.2,1.2000000000000002,1.0,-169.60000000000002,0.0,0.0,169.60000000000002,0.0,21.4,29.0,29.0,30.0,300.0,300.0,31.6,35.800000000000004,29.0,28.1,30.0,4.95,1.99,4.97,0.16,0.0,0.0,1027.0,8228.0,0.0,0.0,0.0,0.0,0.0,1.0,0.0,0.0,0.0,0.0,0.0,-2.0,0.0,-0.1,0.0,0.0001,16.0,25903.0
2026-07-30T19:02:32.558Z,322.041,322.056,0.0,7.4,0.0,0.0,0.0,0.0,0.0,0.0,0.0,0.0,1.0,0.0,0.0,0.0,9.0,4.0,0.0,0.0,0.0,0.0,0.0,0.0,0.0,0.0,6.0,12.0,1.0,12.17,5.0200000000000005,2.5,1.5,0.0,0.0,0.0,133.20000000000002,0.0,-0.3,0.0,0.3,-169.60000000000002,0.0,0.0,169.60000000000002,0.0,21.4,29.0,29.0,30.0,300.0,300.0,31.6,35.800000000000004,29.0,28.1,30.0,4.96,1.99,4.96,0.16,0.0,0.0,1027.0,8228.0,0.0,0.0,0.0,0.0,0.0,1.0,0.0,0.0,0.0,0.0,0.0,-0.3,0.0,-0.4,0.0,0.0,16.0,25903.0
2026-07-30T19:02:32.570Z,322.053,322.068,0.0,7.4,0.0,0.0,0.0,0.0,0.0,0.0,0.0,0.0,1.0,0.0,0.0,0.0,9.0,4.0,0.0,0.0,0.0,0.0,0.0,0.0,0.0,0.0,1.0,12.0,1.0,12.17,5.0200000000000005,2.5,1.5,0.0,0.0,0.0,133.5,0.0,0.2,-0.5,0.9,-169.60000000000002,0.0,0.0,169.60000000000002,0.0,21.4,29.0,29.0,30.0,300.0,300.0,31.6,35.800000000000004,29.0,28.1,30.0,4.96,1.99,4.97,0.16,0.0,0.0,1027.0,8228.0,0.0,0.0,0.0,0.0,0.0,1.0,0.0,0.0,0.0,0.0,0.0,1.2000000000000002,0.0,0.4,0.0,0.0,16.0,25903.0
2026-07-30T19:02:32.582Z,322.065,322.08,0.0,7.4,0.0,0.0,0.0,0.0,0.0,0.0,0.0,0.0,1.0,0.0,0.0,0.0,9.0,4.0,0.0,0.0,0.0,0.0,0.0,0.0,0.0,0.0,2.0,12.0,1.0,12.17,5.0200000000000005,2.5,1.5,0.0,0.0,0.0,133.6,0.0,0.2,-1.1,0.4,-169.60000000000002,0.0,0.0,169.70000000000002,0.0,21.4,29.0,29.0,30.0,300.0,300.0,31.6,35.800000000000004,29.0,28.1,30.0,4.95,2.0,4.97,0.16,0.0,0.0,1027.0,8228.0,0.0,0.0,0.0,0.0,0.0,1.0,0.0,0.0,0.0,0.0,0.0,1.9,0.0,-1.2000000000000002,0.0,0.0,16.0,25903.0
2026-07-30T19:02:32.594Z,322.077,322.092,0.0,7.4,0.0,0.0,0.0,0.0,0.0,0.0,0.0,0.0,1.0,0.0,0.0,0.0,9.0,4.0,0.0,0.0,0.0,0.0,0.0,0.0,0.0,0.0,3.0,12.0,1.0,12.17,5.0200000000000005,2.5,1.5,0.0,0.0,0.0,133.8,0.0,0.2,0.0,-1.9,-169.60000000000002,0.0,0.0,169.70000000000002,0.0,21.4,29.0,29.0,30.0,300.0,300.0,31.6,35.800000000000004,29.0,28.1,30.0,4.96,2.0,4.97,0.16,0.0,0.0,1027.0,8228.0,0.0,0.0,0.0,0.0,0.0,1.0,0.0,0.0,0.0,0.0,0.0,-1.3,0.0,1.7000000000000002,0.0,0.0,16.0,25903.0
2026-07-30T19:02:32.606Z,322.089,322.104,0.0,7.4,0.0,0.0,0.0,0.0,0.0,0.0,0.0,0.0,1.0,0.0,0.0,0.0,9.0,4.0,0.0,0.0,0.0,0.0,0.0,0.0,0.0,0.0,4.0,12.0,1.0,12.14,5.01,2.51,1.49,0.0,0.0,0.0,134.0,0.0,0.2,-0.5,-0.1,-169.60000000000002,0.0,0.0,169.8,0.0,21.8,29.0,29.0,30.0,300.0,300.0,31.6,35.800000000000004,28.9,28.1,30.0,4.95,2.0,4.96,0.16,0.0,0.0,1027.0,8228.0,0.0,0.0,0.0,0.0,0.0,1.0,0.0,0.0,0.0,0.0,0.0,-0.6000000000000001,0.0,0.0,0.0,0.0,16.0,25903.0
2026-07-30T19:02:32.618Z,322.101,322.116,0.0,7.4,0.0,0.0,0.0,0.0,0.0,0.0,0.0,0.0,1.0,0.0,0.0,0.0,9.0,4.0,0.0,0.0,0.0,0.0,0.0,0.0,0.0,0.0,5.0,12.0,1.0,12.14,5.01,2.51,1.49,0.0,0.0,0.0,134.1,0.0,0.2,0.0,-0.1,-169.60000000000002,0.0,0.0,169.70000000000002,0.0,21.8,29.0,29.0,30.0,300.0,300.0,31.6,35.800000000000004,28.9,28.1,30.0,4.95,1.99,4.97,0.16,0.0,0.0,1027.0,8228.0,0.0,0.0,0.0,0.0,0.0,1.0,0.0,0.0,0.0,0.0,0.0,0.0,0.0,0.1,0.0,0.0001,16.0,25903.0
2026-07-30T19:02:32.630Z,322.113,322.128,0.0,7.4,0.0,0.0,0.0,0.0,0.0,0.0,0.0,0.0,1.0,0.0,0.0,0.0,9.0,4.0,0.0,0.0,0.0,0.0,0.0,0.0,0.0,0.0,1.0,12.0,1.0,12.14,5.01,2.51,1.49,0.0,0.0,0.0,134.3,0.0,0.7000000000000001,0.0,-0.1,-169.60000000000002,0.0,0.0,169.70000000000002,0.0,21.8,29.0,29.0,30.0,300.0,300.0,31.6,35.800000000000004,28.9,28.1,30.0,4.96,1.99,4.97,0.16,0.0,0.0,1027.0,8228.0,0.0,0.0,0.0,0.0,0.0,1.0,0.0,0.0,0.0,0.0,0.0,0.0,0.0,0.1,0.0,0.0,16.0,25903.0
2026-07-30T19:02:32.641Z,322.124,322.14,0.0,7.4,0.0,0.0,0.0,0.0,0.0,0.0,0.0,0.0,1.0,0.0,0.0,0.0,9.0,4.0,0.0,0.0,0.0,0.0,0.0,0.0,0.0,0.0,2.0,12.0,1.0,12.14,5.01,2.51,1.49,0.0,0.0,0.0,134.5,0.0,-0.3,0.6000000000000001,1.6,-169.60000000000002,0.0,0.0,169.70000000000002,0.0,21.8,29.0,29.0,30.0,300.0,300.0,31.6,35.800000000000004,28.9,28.1,30.0,4.96,1.99,4.96,0.16,0.0,0.0,1027.0,8228.0,0.0,0.0,0.0,0.0,0.0,1.0,0.0,0.0,0.0,0.0,0.0,1.9,0.0,-1.2000000000000002,0.0,0.0001,16.0,25903.0
2026-07-30T19:02:32.654Z,322.137,322.152,0.0,7.4,0.0,0.0,0.0,0.0,0.0,0.0,0.0,0.0,1.0,0.0,0.0,0.0,9.0,4.0,0.0,0.0,0.0,0.0,0.0,0.0,0.0,0.0,3.0,12.0,1.0,12.14,5.01,2.51,1.49,0.0,0.0,0.0,134.5,0.0,0.2,0.0,-0.1,-169.60000000000002,0.0,0.0,169.70000000000002,0.0,21.8,29.0,29.0,30.0,300.0,300.0,31.6,35.800000000000004,28.9,28.1,30.0,4.95,1.99,4.96,0.16,0.0,0.0,1027.0,8228.0,0.0,0.0,0.0,0.0,0.0,1.0,0.0,0.0,0.0,0.0,0.0,0.0,0.0,0.1,0.0,0.0,16.0,25903.0
2026-07-30T19:02:32.666Z,322.149,322.164,0.0,7.4,0.0,0.0,0.0,0.0,0.0,0.0,0.0,0.0,1.0,0.0,0.0,0.0,9.0,4.0,0.0,0.0,0.0,0.0,0.0,0.0,0.0,0.0,4.0,12.0,1.0,12.14,5.01,2.51,1.49,0.0,0.1,0.0,134.3,0.0,-0.9,-0.5,-1.2000000000000002,-169.60000000000002,0.0,0.0,169.70000000000002,0.0,21.8,29.0,29.0,30.0,300.0,300.0,31.6,35.800000000000004,28.9,28.1,30.0,4.95,1.99,4.96,0.16,0.0,0.0,1027.0,8228.0,0.0,0.0,0.0,0.0,0.0,1.0,0.0,0.0,0.0,0.0,0.0,-1.5,0.0,1.0,0.0,0.0,16.0,25903.0
2026-07-30T19:02:32.678Z,322.161,322.176,0.0,7.4,0.0,0.0,0.0,0.0,0.0,0.0,0.0,0.0,1.0,0.0,0.0,0.0,9.0,4.0,0.0,0.0,0.0,0.0,0.0,0.0,0.0,0.0,6.0,12.0,1.0,12.14,5.01,2.51,1.49,0.0,0.0,0.0,134.3,0.0,-0.3,1.3,0.0,-169.60000000000002,0.0,0.0,169.8,0.0,21.8,29.0,29.0,30.0,300.0,300.0,31.6,35.800000000000004,28.9,28.1,30.0,4.96,2.0,4.96,0.16,0.0,0.0,1027.0,8228.0,0.0,0.0,0.0,0.0,0.0,1.0,0.0,0.0,0.0,0.0,0.0,1.4,0.0,0.3,0.0,0.0,16.0,25903.0
2026-07-30T19:02:32.690Z,322.173,322.188,0.0,7.4,0.0,0.0,0.0,0.0,0.0,0.0,0.0,0.0,1.0,0.0,0.0,0.0,9.0,4.0,0.0,0.0,0.0,0.0,0.0,0.0,0.0,0.0,6.0,12.0,1.0,12.14,5.01,2.51,1.49,0.0,0.0,0.0,134.20000000000002,0.0,-0.3,1.3,-0.6000000000000001,-169.60000000000002,0.0,0.0,169.70000000000002,0.0,21.8,29.0,29.0,30.0,300.0,300.0,31.6,35.800000000000004,28.9,28.1,30.0,4.96,2.0,4.96,0.16,0.0,0.0,1027.0,8228.0,0.0,0.0,0.0,0.0,0.0,1.0,0.0,0.0,0.0,0.0,0.0,1.0,0.0,0.8,0.0,0.0,16.0,25903.0
2026-07-30T19:02:32.703Z,322.186,322.2,0.0,7.4,0.0,0.0,0.0,0.0,0.0,0.0,0.0,0.0,1.0,0.0,0.0,0.0,9.0,4.0,0.0,0.0,0.0,0.0,0.0,0.0,0.0,0.0,1.0,12.0,1.0,12.19,5.0200000000000005,2.51,1.49,0.0,0.0,0.0,134.1,0.0,0.8,-0.4,0.5,-169.60000000000002,0.0,0.0,169.70000000000002,0.0,21.0,29.0,29.0,30.0,300.0,300.0,31.6,35.7,28.9,28.1,30.0,4.95,1.99,4.97,0.16,0.0,0.0,1027.0,8228.0,0.0,0.0,0.0,0.0,0.0,1.0,0.0,0.0,0.0,0.0,0.0,0.0,0.0,-0.5,0.0,0.0,16.0,25903.0
2026-07-30T19:02:32.714Z,322.197,322.212,0.0,7.4,0.0,0.0,0.0,0.0,0.0,0.0,0.0,0.0,1.0,0.0,0.0,0.0,9.0,4.0,0.0,0.0,0.0,0.0,0.0,0.0,0.0,0.0,2.0,12.0,1.0,12.19,5.0200000000000005,2.51,1.49,0.0,0.0,0.0,133.9,0.0,-0.9,-0.4,-1.8,-169.60000000000002,0.0,0.0,169.8,0.0,21.0,29.0,29.0,30.0,300.0,300.0,31.6,35.7,28.9,28.1,30.0,4.95,1.99,4.96,0.16,0.0,0.0,1027.0,8228.0,0.0,0.0,0.0,0.0,0.0,1.0,0.0,0.0,0.0,0.0,0.0,-1.8,0.0,1.5,0.0,0.0,16.0,25903.0
2026-07-30T19:02:32.726Z,322.209,322.224,0.0,7.4,0.0,0.0,0.0,0.0,0.0,0.0,0.0,0.0,1.0,0.0,0.0,0.0,9.0,4.0,0.0,0.0,0.0,0.0,0.0,0.0,0.0,0.0,3.0,12.0,1.0,12.19,5.0200000000000005,2.51,1.49,0.0,0.0,0.0,133.9,0.0,0.8,0.1,-0.6000000000000001,-169.60000000000002,0.0,0.0,169.70000000000002,0.0,21.0,29.0,29.0,30.0,300.0,300.0,31.6,35.7,28.9,28.1,30.0,4.96,1.99,4.96,0.16,0.0,0.0,1027.0,8228.0,0.0,0.0,0.0,0.0,0.0,1.0,0.0,0.0,0.0,0.0,0.0,-0.2,0.0,0.5,0.0,0.0001,16.0,25903.0
2026-07-30T19:02:32.738Z,322.221,322.236,0.0,7.4,0.0,0.0,0.0,0.0,0.0,0.0,0.0,0.0,1.0,0.0,0.0,0.0,9.0,4.0,0.0,0.0,0.0,0.0,0.0,0.0,0.0,0.0,4.0,12.0,1.0,12.19,5.0200000000000005,2.51,1.49,0.0,0.0,0.0,133.8,0.0,0.2,0.1,-1.2000000000000002,-169.60000000000002,0.0,0.0,169.70000000000002,0.0,21.0,29.0,29.0,30.0,300.0,300.0,31.6,35.7,28.9,28.1,30.0,4.95,1.99,4.97,0.16,0.0,0.0,1027.0,8228.0,0.0,0.0,0.0,0.0,0.0,1.0,0.0,0.0,0.0,0.0,0.0,-0.7000000000000001,0.0,1.1,0.0,0.0,16.0,25903.0
2026-07-30T19:02:32.750Z,322.233,322.248,0.0,7.4,0.0,0.0,0.0,0.0,0.0,0.0,0.0,0.0,1.0,0.0,0.0,0.0,9.0,4.0,0.0,0.0,0.0,0.0,0.0,0.0,0.0,0.0,5.0,12.0,1.0,12.19,5.0200000000000005,2.51,1.49,0.0,0.0,0.0,133.6,0.0,0.2,-0.4,-0.7000000000000001,-169.70000000000002,0.0,0.0,169.8,0.0,21.0,29.0,29.0,30.0,300.0,300.0,31.6,35.7,28.9,28.1,30.0,4.96,1.99,4.97,0.16,0.0,0.0,1027.0,8228.0,0.0,0.0,0.0,0.0,0.0,1.0,0.0,0.0,0.0,0.0,0.0,-1.0,0.0,0.5,0.0,0.0,16.0,25903.0
2026-07-30T19:02:32.762Z,322.245,322.26,0.0,7.4,0.0,0.0,0.0,0.0,0.0,0.0,0.0,0.0,1.0,0.0,0.0,0.0,9.0,4.0,0.0,0.0,0.0,0.0,0.0,0.0,0.0,0.0,6.0,12.0,1.0,12.19,5.0200000000000005,2.51,1.49,0.0,0.0,0.0,133.5,0.0,0.2,0.0,1.0,-169.70000000000002,0.0,0.0,169.60000000000002,0.0,21.0,29.0,29.0,30.0,300.0,300.0,31.6,35.7,28.9,28.1,30.0,4.96,1.99,4.96,0.16,0.0,0.0,1027.0,8228.0,0.0,0.0,0.0,0.0,0.0,1.0,0.0,0.0,0.0,0.0,0.0,0.9,0.0,-0.9,0.0,0.0,16.0,25903.0
2026-07-30T19:02:32.774Z,322.257,322.272,0.0,7.4,0.0,0.0,0.0,0.0,0.0,0.0,0.0,0.0,1.0,0.0,0.0,0.0,9.0,4.0,0.0,0.0,0.0,0.0,0.0,0.0,0.0,0.0,1.0,12.0,1.0,12.19,5.0200000000000005,2.51,1.49,0.0,0.0,0.0,133.4,0.0,0.2,-0.4,0.0,-169.60000000000002,0.0,0.0,169.70000000000002,0.0,21.0,29.0,29.0,30.0,300.0,300.0,31.6,35.7,28.9,28.1,30.0,4.96,1.99,4.96,0.16,0.0,0.0,1027.0,8228.0,0.0,0.0,0.0,0.0,0.0,1.0,0.0,0.0,0.0,0.0,0.0,-0.5,0.0,0.0,0.0,0.0001,16.0,25903.0
2026-07-30T19:02:32.786Z,322.269,322.284,0.0,7.4,0.0,0.0,0.0,0.0,0.0,0.0,0.0,0.0,1.0,0.0,0.0,0.0,9.0,4.0,0.0,0.0,0.0,0.0,0.0,0.0,0.0,0.0,2.0,12.0,1.0,12.19,5.0200000000000005,2.51,1.49,0.0,0.0,0.0,133.3,0.0,1.4,0.1,1.7000000000000002,-169.60000000000002,0.0,0.0,169.60000000000002,0.0,21.0,29.0,29.0,30.0,300.0,300.0,31.6,35.7,28.9,28.1,30.0,4.96,1.99,4.97,0.16,0.0,0.0,1027.0,8228.0,0.0,0.0,0.0,0.0,0.0,1.0,0.0,0.0,0.0,0.0,0.0,1.4,0.0,-1.4,0.0,0.0,16.0,25903.0
2026-07-30T19:02:32.798Z,322.281,322.296,0.0,7.4,0.0,0.0,0.0,0.0,0.0,0.0,0.0,0.0,1.0,0.0,0.0,0.0,9.0,4.0,0.0,0.0,0.0,0.0,0.0,0.0,0.0,0.0,3.0,12.0,1.0,12.19,5.0200000000000005,2.51,1.49,0.0,0.0,0.0,133.20000000000002,0.0,0.2,-1.0,0.0,-169.60000000000002,0.0,0.0,169.70000000000002,0.0,21.0,29.0,29.0,30.0,300.0,300.0,31.6,35.7,28.9,28.1,30.0,4.96,1.99,4.96,0.16,0.0,0.0,1027.0,8228.0,0.0,0.0,0.0,0.0,0.0,1.0,0.0,0.0,0.0,0.0,0.0,-1.1,0.0,-0.2,0.0,0.0,16.0,25903.0
2026-07-30T19:02:32.810Z,322.293,322.308,0.0,7.4,0.0,0.0,0.0,0.0,0.0,0.0,0.0,0.0,1.0,0.0,0.0,0.0,9.0,4.0,0.0,0.0,0.0,0.0,0.0,0.0,0.0,0.0,4.0,12.0,1.0,12.17,5.01,2.51,1.49,0.0,0.0,0.0,133.1,0.0,0.2,1.3,0.0,-169.60000000000002,0.0,0.0,169.8,0.0,21.200000000000003,29.0,29.0,30.0,300.0,300.0,31.5,35.7,28.9,28.1,30.0,4.96,1.99,4.97,0.16,0.0,0.0,1027.0,8228.0,0.0,0.0,0.0,0.0,0.0,1.0,0.0,0.0,0.0,0.0,0.0,1.4,0.0,0.2,0.0,0.0,16.0,25903.0
2026-07-30T19:02:32.822Z,322.305,322.32,0.0,7.4,0.0,0.0,0.0,0.0,0.0,0.0,0.0,0.0,1.0,0.0,0.0,0.0,9.0,4.0,0.0,0.0,0.0,0.0,0.0,0.0,0.0,0.0,5.0,12.0,1.0,12.17,5.01,2.51,1.49,0.0,0.0,0.0,133.0,0.0,-0.9,0.7000000000000001,1.1,-169.70000000000002,0.0,0.0,169.70000000000002,0.0,21.200000000000003,29.0,29.0,30.0,300.0,300.0,31.5,35.7,28.9,28.1,30.0,4.95,1.99,4.97,0.16,0.0,0.0,1027.0,8228.0,0.0,0.0,0.0,0.0,0.0,1.0,0.0,0.0,0.0,0.0,0.0,1.6,0.0,-0.8,0.0,0.0001,16.0,25903.0
2026-07-30T19:02:32.834Z,322.317,322.332,0.0,7.4,0.0,0.0,0.0,0.0,0.0,0.0,0.0,0.0,1.0,0.0,0.0,0.0,9.0,4.0,0.0,0.0,0.0,0.0,0.0,0.0,0.0,0.0,1.0,12.0,1.0,12.17,5.01,2.51,1.49,0.0,0.0,0.0,132.8,0.0,0.7000000000000001,-0.4,-0.5,-169.60000000000002,0.0,0.0,169.70000000000002,0.0,21.200000000000003,29.0,29.0,30.0,300.0,300.0,31.5,35.7,28.9,28.1,30.0,4.96,1.99,4.96,0.16,0.0,0.0,1027.0,8228.0,0.0,0.0,0.0,0.0,0.0,1.0,0.0,0.0,0.0,0.0,0.0,-0.8,0.0,0.4,0.0,0.0,16.0,25903.0
2026-07-30T19:02:32.845Z,322.328,322.344,0.0,7.4,0.0,0.0,0.0,0.0,0.0,0.0,0.0,0.0,1.0,0.0,0.0,0.0,9.0,4.0,0.0,0.0,0.0,0.0,0.0,0.0,0.0,0.0,2.0,12.0,1.0,12.17,5.01,2.51,1.49,0.0,0.0,0.0,132.8,0.0,-0.3,-1.0,0.6000000000000001,-169.70000000000002,0.0,0.0,169.70000000000002,0.0,21.200000000000003,29.0,29.0,30.0,300.0,300.0,31.5,35.7,28.9,28.1,30.0,4.95,1.99,4.96,0.16,0.0,0.0,1027.0,8228.0,0.0,0.0,0.0,0.0,0.0,1.0,0.0,0.0,0.0,0.0,0.0,-0.7000000000000001,0.0,-0.7000000000000001,0.0,0.0,16.0,25903.0
2026-07-30T19:02:32.857Z,322.34,322.356,0.0,7.4,0.0,0.0,0.0,0.0,0.0,0.0,0.0,0.0,1.0,0.0,0.0,0.0,9.0,4.0,0.0,0.0,0.0,0.0,0.0,0.0,0.0,0.0,3.0,12.0,1.0,12.17,5.01,2.51,1.49,0.0,0.0,0.0,132.6,0.0,0.8,1.3,0.0,-169.70000000000002,0.0,0.0,169.8,0.0,21.200000000000003,29.0,29.0,30.0,300.0,300.0,31.5,35.7,28.9,28.1,30.0,4.95,1.99,4.97,0.16,0.0,0.0,1027.0,8228.0,0.0,0.0,0.0,0.0,0.0,1.0,0.0,0.0,0.0,0.0,0.0,1.5,0.0,0.2,0.0,0.0001,16.0,25903.0
2026-07-30T19:02:32.870Z,322.353,322.368,0.0,7.4,0.0,0.0,0.0,0.0,0.0,0.0,0.0,0.0,1.0,0.0,0.0,0.0,9.0,4.0,0.0,0.0,0.0,0.0,0.0,0.0,0.0,0.0,5.0,12.0,1.0,12.17,5.01,2.51,1.49,0.0,0.0,0.0,132.6,0.0,-0.3,-0.4,-0.5,-169.70000000000002,0.0,0.0,169.70000000000002,0.0,21.200000000000003,29.0,29.0,30.0,300.0,300.0,31.5,35.7,28.9,28.1,30.0,4.96,1.99,4.97,0.16,0.0,0.0,1027.0,8228.0,0.0,0.0,0.0,0.0,0.0,1.0,0.0,0.0,0.0,0.0,0.0,-0.9,0.0,0.4,0.0,0.0,16.0,25903.0
2026-07-30T19:02:32.882Z,322.365,322.38,0.0,7.4,0.0,0.0,0.0,0.0,0.0,0.0,0.0,0.0,1.0,0.0,0.0,0.0,9.0,4.0,0.0,0.0,0.0,0.0,0.0,0.0,0.0,0.0,6.0,12.0,1.0,12.17,5.01,2.51,1.49,0.0,0.0,0.0,132.5,0.0,0.1,-0.4,0.5,-169.70000000000002,0.0,0.0,169.70000000000002,0.0,21.200000000000003,29.0,29.0,30.0,300.0,300.0,31.5,35.7,28.9,28.1,30.0,4.96,1.99,4.96,0.16,0.0,0.0,1027.0,8228.0,0.0,0.0,0.0,0.0,0.0,1.0,0.0,0.0,0.0,0.0,0.0,-0.1,0.0,-0.5,0.0,0.0,16.0,25903.0
2026-07-30T19:02:32.894Z,322.377,322.392,0.0,7.4,0.0,0.0,0.0,0.0,0.0,0.0,0.0,0.0,1.0,0.0,0.0,0.0,9.0,4.0,0.0,0.0,0.0,0.0,0.0,0.0,0.0,0.0,1.0,12.0,1.0,12.17,5.01,2.51,1.49,0.0,0.0,0.0,132.3,0.0,0.1,0.6000000000000001,1.0,-169.70000000000002,0.0,0.0,169.70000000000002,0.0,21.200000000000003,29.0,29.0,30.0,300.0,300.0,31.5,35.7,28.9,28.1,30.0,4.95,1.99,4.97,0.16,0.0,0.0,1027.0,8228.0,0.0,0.0,0.0,0.0,0.0,1.0,0.0,0.0,0.0,0.0,0.0,1.5,0.0,-0.7000000000000001,0.0,0.0,16.0,25903.0
2026-07-30T19:02:32.907Z,322.39,322.404,0.0,7.4,0.0,0.0,0.0,0.0,0.0,0.0,0.0,0.0,1.0,0.0,0.0,0.0,9.0,4.0,0.0,0.0,0.0,0.0,0.0,0.0,0.0,0.0,2.0,12.0,1.0,12.18,5.01,2.5,1.49,0.0,0.0,0.0,132.3,0.0,-0.3,0.1,0.0,-169.70000000000002,0.0,0.0,169.70000000000002,0.0,20.9,29.0,29.0,30.0,300.0,300.0,31.4,35.800000000000004,28.9,28.1,30.0,4.95,1.99,4.97,0.16,0.0,0.0,1027.0,8228.0,0.0,0.0,0.0,0.0,0.0,1.0,0.0,0.0,0.0,0.0,0.0,0.0,0.0,0.1,0.0,0.0,16.0,25903.0
2026-07-30T19:02:32.918Z,322.401,322.416,0.0,7.4,0.0,0.0,0.0,0.0,0.0,0.0,0.0,0.0,1.0,0.0,0.0,0.0,9.0,4.0,0.0,0.0,0.0,0.0,0.0,0.0,0.0,0.0,4.0,12.0,1.0,12.18,5.01,2.5,1.49,0.0,0.0,0.0,132.20000000000002,0.0,0.2,1.8,0.4,-169.60000000000002,0.0,0.0,169.60000000000002,0.0,20.9,29.0,29.0,30.0,300.0,300.0,31.4,35.800000000000004,28.9,28.1,30.0,4.96,1.99,4.97,0.16,0.0,0.0,1027.0,8228.0,0.0,0.0,0.0,0.0,0.0,1.0,0.0,0.0,0.0,0.0,0.0,2.5,0.0,0.0,0.0,0.0,16.0,25903.0
2026-07-30T19:02:32.930Z,322.413,322.428,0.0,7.4,0.0,0.0,0.0,0.0,0.0,0.0,0.0,0.0,1.0,0.0,0.0,0.0,9.0,4.0,0.0,0.0,0.0,0.0,0.0,0.0,0.0,0.0,5.0,12.0,1.0,12.18,5.01,2.5,1.49,0.0,0.0,0.0,132.1,0.0,0.2,0.7000000000000001,-0.6000000000000001,-169.70000000000002,0.0,0.0,169.70000000000002,0.0,20.9,29.0,29.0,30.0,300.0,300.0,31.4,35.800000000000004,28.9,28.1,30.0,4.95,1.99,4.96,0.16,0.0,0.0,1027.0,8228.0,0.0,0.0,0.0,0.0,0.0,1.0,0.0,0.0,0.0,0.0,0.0,0.3,0.0,0.7000000000000001,0.0,0.0001,16.0,25903.0
2026-07-30T19:02:32.942Z,322.425,322.44,0.0,7.4,0.0,0.0,0.0,0.0,0.0,0.0,0.0,0.0,1.0,0.0,0.0,0.0,9.0,4.0,0.0,0.0,0.0,0.0,0.0,0.0,0.0,0.0,1.0,12.0,1.0,12.18,5.01,2.5,1.49,0.0,0.0,0.0,131.9,0.0,-0.2,0.1,1.6,-169.70000000000002,0.0,0.0,169.60000000000002,0.0,20.9,29.0,29.0,30.0,300.0,300.0,31.4,35.800000000000004,28.9,28.1,30.0,4.96,1.99,4.97,0.16,0.0,0.0,1027.0,8228.0,0.0,0.0,0.0,0.0,0.0,1.0,0.0,0.0,0.0,0.0,0.0,1.4,0.0,-1.4,0.0,0.0001,16.0,25903.0
2026-07-30T19:02:32.953Z,322.436,322.452,0.0,7.4,0.0,0.0,0.0,0.0,0.0,0.0,0.0,0.0,1.0,0.0,0.0,0.0,9.0,4.0,0.0,0.0,0.0,0.0,0.0,0.0,0.0,0.0,2.0,12.0,1.0,12.18,5.01,2.5,1.49,0.0,0.0,0.0,131.8,0.0,0.2,0.7000000000000001,-0.1,-169.70000000000002,0.0,0.0,169.60000000000002,0.0,20.9,29.0,29.0,30.0,300.0,300.0,31.4,35.800000000000004,28.9,28.1,30.0,4.96,1.99,4.96,0.16,0.0,0.0,1027.0,8228.0,0.0,0.0,0.0,0.0,0.0,1.0,0.0,0.0,0.0,0.0,0.0,0.7000000000000001,0.0,0.2,0.0,0.0,16.0,25903.0
2026-07-30T19:02:32.966Z,322.449,322.464,0.0,7.4,0.0,0.0,0.0,0.0,0.0,0.0,0.0,0.0,1.0,0.0,0.0,0.0,9.0,4.0,0.0,0.0,0.0,0.0,0.0,0.0,0.0,0.0,3.0,12.0,1.0,12.18,5.01,2.5,1.49,0.0,0.0,0.0,131.70000000000002,0.0,0.8,0.7000000000000001,-0.1,-169.60000000000002,0.0,0.0,169.70000000000002,0.0,20.9,29.0,29.0,30.0,300.0,300.0,31.4,35.800000000000004,28.9,28.1,30.0,4.96,1.99,4.96,0.16,0.0,0.0,1027.0,8228.0,0.0,0.0,0.0,0.0,0.0,1.0,0.0,0.0,0.0,0.0,0.0,0.7000000000000001,0.0,0.2,0.0,0.0,16.0,25903.0
2026-07-30T19:02:32.978Z,322.461,322.476,0.0,7.4,0.0,0.0,0.0,0.0,0.0,0.0,0.0,0.0,1.0,0.0,0.0,0.0,9.0,4.0,0.0,0.0,0.0,0.0,0.0,0.0,0.0,0.0,5.0,12.0,1.0,12.18,5.01,2.5,1.49,0.0,0.0,0.0,131.6,0.0,-0.3,-0.4,-0.1,-169.60000000000002,0.0,0.0,169.70000000000002,0.0,20.9,29.0,29.0,30.0,300.0,300.0,31.4,35.800000000000004,28.9,28.1,30.0,4.96,1.99,4.97,0.16,0.0,0.0,1027.0,8228.0,0.0,0.0,0.0,0.0,0.0,1.0,0.0,0.0,0.0,0.0,0.0,-0.5,0.0,0.0,0.0,0.0,16.0,25903.0
2026-07-30T19:02:32.990Z,322.473,322.488,0.0,7.4,0.0,0.0,0.0,0.0,0.0,0.0,0.0,0.0,1.0,0.0,0.0,0.0,9.0,4.0,0.0,0.0,0.0,0.0,0.0,0.0,0.0,0.0,6.0,12.0,1.0,12.18,5.01,2.5,1.49,0.0,0.0,0.0,131.5,0.0,0.2,-0.4,0.0,-169.60000000000002,0.0,0.0,169.60000000000002,0.0,20.9,29.0,29.0,30.0,300.0,300.0,31.4,35.800000000000004,28.9,28.1,30.0,4.96,1.99,4.96,0.16,0.0,0.0,1027.0,8228.0,0.0,0.0,0.0,0.0,0.0,1.0,0.0,0.0,0.0,0.0,0.0,-0.5,0.0,0.0,0.0,0.0,16.0,25903.0
2026-07-30T19:02:33.002Z,322.485,322.5,0.0,7.4,0.0,0.0,0.0,0.0,0.0,0.0,0.0,0.0,1.0,0.0,0.0,0.0,9.0,4.0,0.0,0.0,0.0,0.0,0.0,0.0,0.0,0.0,1.0,12.0,1.0,12.18,5.01,2.5,1.49,0.0,0.0,0.0,131.4,0.0,-0.8,0.1,0.0,-169.60000000000002,0.0,0.0,169.60000000000002,0.0,20.9,29.0,29.0,30.0,300.0,300.0,31.4,35.800000000000004,28.9,28.1,30.0,4.96,2.0,4.97,0.16,0.0,0.0,1027.0,8228.0,0.0,0.0,0.0,0.0,0.0,1.0,0.0,0.0,0.0,0.0,0.0,-1.6,0.0,0.3,0.0,0.0,16.0,25903.0
2026-07-30T19:02:33.014Z,322.497,322.512,0.0,7.4,0.0,0.0,0.0,0.0,0.0,0.0,0.0,0.0,1.0,0.0,0.0,0.0,9.0,4.0,0.0,0.0,0.0,0.0,0.0,0.0,0.0,0.0,3.0,12.0,1.0,12.14,5.0200000000000005,2.5,1.49,0.0,0.0,0.0,131.3,0.0,0.3,1.9,0.5,-169.60000000000002,0.0,0.0,169.70000000000002,0.0,21.8,29.0,29.0,30.0,300.0,300.0,31.5,35.800000000000004,28.9,28.1,30.0,4.95,1.99,4.97,0.16,0.0,0.0,1027.0,8228.0,0.0,0.0,0.0,0.0,0.0,1.0,0.0,0.0,0.0,0.0,0.0,2.5,0.0,0.0,0.0,0.0,16.0,25903.0
2026-07-30T19:02:33.026Z,322.509,322.524,0.0,7.4,0.0,0.0,0.0,0.0,0.0,0.0,0.0,0.0,1.0,0.0,0.0,0.0,9.0,4.0,0.0,0.0,0.0,0.0,0.0,0.0,0.0,0.0,4.0,12.0,1.0,12.14,5.0200000000000005,2.5,1.49,0.0,0.0,0.0,131.20000000000002,0.0,0.3,0.1,0.5,-169.60000000000002,0.0,0.0,169.70000000000002,0.0,21.8,29.0,29.0,30.0,300.0,300.0,31.5,35.800000000000004,28.9,28.1,30.0,4.94,1.99,4.97,0.16,0.0,0.0,1027.0,8228.0,0.0,0.0,0.0,0.0,0.0,1.0,0.0,0.0,0.0,0.0,0.0,0.6000000000000001,0.0,-0.4,0.0,0.0,16.0,25903.0
2026-07-30T19:02:33.038Z,322.521,322.536,0.0,7.4,0.0,0.0,0.0,0.0,0.0,0.0,0.0,0.0,1.0,0.0,0.0,0.0,9.0,4.0,0.0,0.0,0.0,0.0,0.0,0.0,0.0,0.0,6.0,12.0,1.0,12.14,5.0200000000000005,2.5,1.49,0.0,0.0,0.0,131.1,0.0,-0.2,-0.3,0.0,-169.60000000000002,0.0,0.0,169.60000000000002,0.0,21.8,29.0,29.0,30.0,300.0,300.0,31.5,35.800000000000004,28.9,28.1,30.0,4.96,1.99,4.96,0.16,0.0,0.0,1027.0,8228.0,0.0,0.0,0.0,0.0,0.0,1.0,0.0,0.0,0.0,0.0,0.0,-0.4,0.0,0.0,0.0,0.0,16.0,25903.0
2026-07-30T19:02:33.050Z,322.533,322.548,0.0,7.4,0.0,0.0,0.0,0.0,0.0,0.0,0.0,0.0,1.0,0.0,0.0,0.0,9.0,4.0,0.0,0.0,0.0,0.0,0.0,0.0,0.0,0.0,1.0,12.0,1.0,12.14,5.0200000000000005,2.5,1.49,0.0,0.0,0.0,130.9,0.0,-0.3,0.1,0.5,-169.60000000000002,0.0,0.0,169.8,0.0,21.8,29.0,29.0,30.0,300.0,300.0,31.5,35.800000000000004,28.9,28.1,30.0,4.96,1.99,4.96,0.16,0.0,0.0,1027.0,8228.0,0.0,0.0,0.0,0.0,0.0,1.0,0.0,0.0,0.0,0.0,0.0,0.5,0.0,-0.4,0.0,0.0,16.0,25903.0
2026-07-30T19:02:33.062Z,322.545,322.56,0.0,7.4,0.0,0.0,0.0,0.0,0.0,0.0,0.0,0.0,1.0,0.0,0.0,0.0,9.0,4.0,0.0,0.0,0.0,0.0,0.0,0.0,0.0,0.0,3.0,12.0,1.0,12.14,5.0200000000000005,2.5,1.49,0.0,0.0,0.0,130.9,0.0,0.3,1.9,2.3000000000000003,-169.60000000000002,0.0,0.0,169.70000000000002,0.0,21.8,29.0,29.0,30.0,300.0,300.0,31.5,35.800000000000004,28.9,28.1,30.0,4.95,2.0,4.96,0.16,0.0,0.0,1027.0,8228.0,0.0,0.0,0.0,0.0,0.0,1.0,0.0,0.0,0.0,0.0,0.0,3.8,0.0,-1.6,0.0,0.0001,16.0,25903.0
2026-07-30T19:02:33.074Z,322.557,322.572,0.0,7.4,0.0,0.0,0.0,0.0,0.0,0.0,0.0,0.0,1.0,0.0,0.0,0.0,9.0,4.0,0.0,0.0,0.0,0.0,0.0,0.0,0.0,0.0,4.0,12.0,1.0,12.14,5.0200000000000005,2.5,1.49,0.0,0.0,0.0,130.70000000000002,0.0,0.3,-0.4,-1.7000000000000002,-169.60000000000002,0.0,0.0,169.70000000000002,0.0,21.8,29.0,29.0,30.0,300.0,300.0,31.5,35.800000000000004,28.9,28.1,30.0,4.96,2.0,4.96,0.16,0.0,0.0,1027.0,8228.0,0.0,0.0,0.0,0.0,0.0,1.0,0.0,0.0,0.0,0.0,0.0,-1.8,0.0,1.4,0.0,0.0,16.0,25903.0
2026-07-30T19:02:33.086Z,322.569,322.584,0.0,7.4,0.0,0.0,0.0,0.0,0.0,0.0,0.0,0.0,1.0,0.0,0.0,0.0,9.0,4.0,0.0,0.0,0.0,0.0,0.0,0.0,0.0,0.0,6.0,12.0,1.0,12.14,5.0200000000000005,2.5,1.49,0.0,0.0,0.0,130.6,0.0,-0.3,0.0,-0.6000000000000001,-169.60000000000002,0.0,0.0,169.60000000000002,0.0,21.8,29.0,29.0,30.0,300.0,300.0,31.5,35.800000000000004,28.9,28.1,30.0,4.95,2.0,4.96,0.16,0.0,0.0,1027.0,8228.0,0.0,0.0,0.0,0.0,0.0,1.0,0.0,0.0,0.0,0.0,0.0,0.0,0.0,0.0,0.0,0.0,16.0,25903.0
2026-07-30T19:02:33.098Z,322.581,322.596,0.0,7.4,0.0,0.0,0.0,0.0,0.0,0.0,0.0,0.0,1.0,0.0,0.0,0.0,9.0,4.0,0.0,0.0,0.0,0.0,0.0,0.0,0.0,0.0,1.0,12.0,1.0,12.14,5.0200000000000005,2.5,1.49,0.0,0.0,0.0,130.70000000000002,0.0,-0.2,1.2000000000000002,0.5,-169.60000000000002,0.0,0.0,169.8,0.0,21.8,29.0,29.0,30.0,300.0,300.0,31.5,35.800000000000004,28.9,28.1,30.0,4.95,1.99,4.97,0.16,0.0,0.0,1027.0,8228.0,0.0,0.0,0.0,0.0,0.0,1.0,0.0,0.0,0.0,0.0,0.0,0.0,0.0,0.0,0.0,0.0,16.0,25903.0
2026-07-30T19:02:33.111Z,322.594,322.608,0.0,7.4,0.0,0.0,0.0,0.0,0.0,0.0,0.0,0.0,1.0,0.0,0.0,0.0,9.0,4.0,0.0,0.0,0.0,0.0,0.0,0.0,0.0,0.0,3.0,12.0,1.0,12.17,5.0200000000000005,2.51,1.49,0.0,0.0,0.0,130.9,0.0,0.3,0.1,0.0,-169.60000000000002,0.0,0.0,169.60000000000002,0.0,21.700000000000003,29.0,29.0,30.0,300.0,300.0,31.4,35.800000000000004,28.9,28.1,30.0,4.95,1.99,4.97,0.16,0.0,0.0,1027.0,8228.0,0.0,0.0,0.0,0.0,0.0,1.0,0.0,0.0,0.0,0.0,0.0,0.0,0.0,0.0,0.0,0.0001,16.0,25903.0
2026-07-30T19:02:33.122Z,322.605,322.62,0.0,7.4,0.0,0.0,0.0,0.0,0.0,0.0,0.0,0.0,1.0,0.0,0.0,0.0,9.0,4.0,0.0,0.0,0.0,0.0,0.0,0.0,0.0,0.0,4.0,12.0,1.0,12.17,5.0200000000000005,2.51,1.49,0.0,0.0,0.0,131.1,0.0,0.3,-0.4,0.5,-169.60000000000002,0.0,0.0,169.8,0.0,21.700000000000003,29.0,29.0,30.0,300.0,300.0,31.4,35.800000000000004,28.9,28.1,30.0,4.96,1.99,4.96,0.16,0.0,0.0,1027.0,8228.0,0.0,0.0,0.0,0.0,0.0,1.0,0.0,0.0,0.0,0.0,0.0,-0.1,0.0,-0.5,0.0,0.0001,16.0,25903.0
2026-07-30T19:02:33.134Z,322.617,322.632,0.0,7.4,0.0,0.0,0.0,0.0,0.0,0.0,0.0,0.0,1.0,0.0,0.0,0.0,9.0,4.0,0.0,0.0,0.0,0.0,0.0,0.0,0.0,0.0,6.0,12.0,1.0,12.17,5.0200000000000005,2.51,1.49,0.0,0.0,0.0,131.3,0.0,0.8,-0.4,0.5,-169.70000000000002,0.0,0.0,169.8,0.0,21.700000000000003,29.0,29.0,30.0,300.0,300.0,31.4,35.800000000000004,28.9,28.1,30.0,4.95,1.99,4.97,0.16,0.0,0.0,1027.0,8228.0,0.0,0.0,0.0,0.0,0.0,1.0,0.0,0.0,0.0,0.0,0.0,-0.1,0.0,-0.5,0.0,0.0,16.0,25903.0
2026-07-30T19:02:33.146Z,322.629,322.644,0.0,7.4,0.0,0.0,0.0,0.0,0.0,0.0,0.0,0.0,1.0,0.0,0.0,0.0,9.0,4.0,0.0,0.0,0.0,0.0,0.0,0.0,0.0,0.0,2.0,12.0,1.0,12.17,5.0200000000000005,2.51,1.49,0.0,0.0,0.0,131.4,0.0,0.3,0.0,-0.6000000000000001,-169.70000000000002,0.0,0.0,169.70000000000002,0.0,21.700000000000003,29.0,29.0,30.0,300.0,300.0,31.4,35.800000000000004,28.9,28.1,30.0,4.95,1.99,4.96,0.16,0.0,0.0,1027.0,8228.0,0.0,0.0,0.0,0.0,0.0,1.0,0.0,0.0,0.0,0.0,0.0,-0.3,0.0,0.5,0.0,0.0,16.0,25903.0
2026-07-30T19:02:33.158Z,322.641,322.656,0.0,7.4,0.0,0.0,0.0,0.0,0.0,0.0,0.0,0.0,1.0,0.0,0.0,0.0,9.0,4.0,0.0,0.0,0.0,0.0,0.0,0.0,0.0,0.0,3.0,12.0,1.0,12.17,5.0200000000000005,2.51,1.49,0.0,0.0,0.0,131.70000000000002,0.0,-0.2,0.1,-1.7000000000000002,-169.70000000000002,0.0,0.0,169.8,0.0,21.700000000000003,29.0,29.0,30.0,300.0,300.0,31.4,35.800000000000004,28.9,28.1,30.0,4.96,2.0,4.96,0.16,0.0,0.0,1027.0,8228.0,0.0,0.0,0.0,0.0,0.0,1.0,0.0,0.0,0.0,0.0,0.0,-1.1,0.0,1.5,0.0,0.0,16.0,25903.0
2026-07-30T19:02:33.170Z,322.653,322.668,0.0,7.4,0.0,0.0,0.0,0.0,0.0,0.0,0.0,0.0,1.0,0.0,0.0,0.0,9.0,4.0,0.0,0.0,0.0,0.0,0.0,0.0,0.0,0.0,4.0,12.0,1.0,12.17,5.0200000000000005,2.51,1.49,0.0,0.1,0.0,131.8,0.0,0.3,-0.4,1.1,-169.70000000000002,0.0,0.0,169.8,0.0,21.700000000000003,29.0,29.0,30.0,300.0,300.0,31.4,35.800000000000004,28.9,28.1,30.0,4.95,2.0,4.96,0.16,0.0,0.0,1027.0,8228.0,0.0,0.0,0.0,0.0,0.0,1.0,0.0,0.0,0.0,0.0,0.0,0.3,0.0,-1.1,0.0,0.0,16.0,25903.0
2026-07-30T19:02:33.182Z,322.665,322.68,0.0,7.4,0.0,0.0,0.0,0.0,0.0,0.0,0.0,0.0,1.0,0.0,0.0,0.0,9.0,4.0,0.0,0.0,0.0,0.0,0.0,0.0,0.0,0.0,5.0,12.0,1.0,12.17,5.0200000000000005,2.51,1.49,0.0,0.0,0.0,132.0,0.0,-0.2,0.1,0.0,-169.70000000000002,0.0,0.0,169.70000000000002,0.0,21.700000000000003,29.0,29.0,30.0,300.0,300.0,31.4,35.800000000000004,28.9,28.1,30.0,4.95,1.99,4.97,0.16,0.0,0.0,1027.0,8228.0,0.0,0.0,0.0,0.0,0.0,1.0,0.0,0.0,0.0,0.0,0.0,0.2,0.0,0.0,0.0,0.0,16.0,25903.0
2026-07-30T19:02:33.194Z,322.677,322.692,0.0,7.4,0.0,0.0,0.0,0.0,0.0,0.0,0.0,0.0,1.0,0.0,0.0,0.0,9.0,4.0,0.0,0.0,0.0,0.0,0.0,0.0,0.0,0.0,6.0,12.0,1.0,12.17,5.0200000000000005,2.51,1.49,0.0,0.1,0.0,132.20000000000002,0.0,0.3,0.1,-1.1,-169.70000000000002,0.0,0.0,169.60000000000002,0.0,21.700000000000003,29.0,29.0,30.0,300.0,300.0,31.4,35.800000000000004,28.9,28.1,30.0,4.95,2.0,4.96,0.16,0.0,0.0,1027.0,8228.0,0.0,0.0,0.0,0.0,0.0,1.0,0.0,0.0,0.0,0.0,0.0,-0.6000000000000001,0.0,1.0,0.0,0.0,16.0,25903.0
2026-07-30T19:02:33.206Z,322.689,322.704,0.0,7.4,0.0,0.0,0.0,0.0,0.0,0.0,0.0,0.0,1.0,0.0,0.0,0.0,9.0,4.0,0.0,0.0,0.0,0.0,0.0,0.0,0.0,0.0,2.0,12.0,1.0,12.17,5.0200000000000005,2.51,1.49,0.0,0.0,0.0,132.4,0.0,-0.7000000000000001,0.1,-0.5,-169.70000000000002,0.0,0.0,169.60000000000002,0.0,21.700000000000003,29.0,29.0,30.0,300.0,300.0,31.4,35.800000000000004,28.9,28.1,30.0,4.96,1.99,4.96,0.16,0.0,0.0,1027.0,8228.0,0.0,0.0,0.0,0.0,0.0,1.0,0.0,0.0,0.0,0.0,0.0,-0.2,0.0,0.5,0.0,0.0001,16.0,25903.0
2026-07-30T19:02:33.218Z,322.701,322.716,0.0,7.4,0.0,0.0,0.0,0.0,0.0,0.0,0.0,0.0,1.0,0.0,0.0,0.0,9.0,4.0,0.0,0.0,0.0,0.0,0.0,0.0,0.0,0.0,3.0,12.0,1.0,12.17,5.0200000000000005,2.51,1.49,0.0,0.0,0.0,132.6,0.0,-0.2,-0.4,0.5,-169.70000000000002,0.0,0.0,169.60000000000002,0.0,21.3,29.0,29.0,30.0,300.0,300.0,31.6,35.7,28.9,28.1,30.0,4.95,1.99,4.97,0.16,0.0,0.0,1027.0,8228.0,0.0,0.0,0.0,0.0,0.0,1.0,0.0,0.0,0.0,0.0,0.0,0.0,0.0,-0.5,0.0,0.0,16.0,25903.0
2026-07-30T19:02:33.230Z,322.713,322.728,0.0,7.4,0.0,0.0,0.0,0.0,0.0,0.0,0.0,0.0,1.0,0.0,0.0,0.0,9.0,4.0,0.0,0.0,0.0,0.0,0.0,0.0,0.0,0.0,5.0,12.0,1.0,12.17,5.0200000000000005,2.51,1.49,0.0,0.1,0.0,132.8,0.0,-0.2,-0.4,0.0,-169.70000000000002,0.0,0.0,169.60000000000002,0.0,21.3,29.0,29.0,30.0,300.0,300.0,31.6,35.7,28.9,28.1,30.0,4.96,1.99,4.96,0.16,0.0,0.0,1027.0,8228.0,0.0,0.0,0.0,0.0,0.0,1.0,0.0,0.0,0.0,0.0,0.0,-0.4,0.0,-0.1,0.0,0.0,16.0,25903.0
2026-07-30T19:02:33.242Z,322.725,322.74,0.0,7.4,0.0,0.0,0.0,0.0,0.0,0.0,0.0,0.0,1.0,0.0,0.0,0.0,9.0,4.0,0.0,0.0,0.0,0.0,0.0,0.0,0.0,0.0,6.0,12.0,1.0,12.17,5.0200000000000005,2.51,1.49,0.0,0.0,0.0,133.0,0.0,-0.2,-0.4,0.0,-169.70000000000002,0.0,0.0,169.8,0.0,21.3,29.0,29.0,30.0,300.0,300.0,31.6,35.7,28.9,28.1,30.0,4.96,1.99,4.96,0.16,0.0,0.0,1027.0,8228.0,0.0,0.0,0.0,0.0,0.0,1.0,0.0,0.0,0.0,0.0,0.0,-0.4,0.0,0.0,0.0,0.0,16.0,25903.0
2026-07-30T19:02:33.254Z,322.737,322.752,0.0,7.4,0.0,0.0,0.0,0.0,0.0,0.0,0.0,0.0,1.0,0.0,0.0,0.0,9.0,4.0,0.0,0.0,0.0,0.0,0.0,0.0,0.0,0.0,1.0,12.0,1.0,12.17,5.0200000000000005,2.51,1.49,0.0,0.0,0.0,133.1,0.0,-0.8,1.3,1.6,-169.70000000000002,0.0,0.0,169.70000000000002,0.0,21.3,29.0,29.0,30.0,300.0,300.0,31.6,35.7,28.9,28.1,30.0,4.95,1.99,4.96,0.16,0.0,0.0,1027.0,8228.0,0.0,0.0,0.0,0.0,0.0,1.0,0.0,0.0,0.0,0.0,0.0,2.7,0.0,-1.2000000000000002,0.0,0.0,16.0,25903.0
2026-07-30T19:02:33.266Z,322.749,322.764,0.0,7.4,0.0,0.0,0.0,0.0,0.0,0.0,0.0,0.0,1.0,0.0,0.0,0.0,9.0,4.0,0.0,0.0,0.0,0.0,0.0,0.0,0.0,0.0,3.0,12.0,1.0,12.17,5.0200000000000005,2.51,1.49,0.0,0.0,0.0,133.3,0.0,-0.2,-0.4,-0.6000000000000001,-169.70000000000002,0.0,0.0,169.8,0.0,21.3,29.0,29.0,30.0,300.0,300.0,31.6,35.7,28.9,28.1,30.0,4.95,1.99,4.97,0.16,0.0,0.0,1027.0,8228.0,0.0,0.0,0.0,0.0,0.0,1.0,0.0,0.0,0.0,0.0,0.0,-0.9,0.0,0.4,0.0,0.0,16.0,25903.0
2026-07-30T19:02:33.278Z,322.761,322.776,0.0,7.4,0.0,0.0,0.0,0.0,0.0,0.0,0.0,0.0,1.0,0.0,0.0,0.0,9.0,4.0,0.0,0.0,0.0,0.0,0.0,0.0,0.0,0.0,4.0,12.0,1.0,12.17,5.0200000000000005,2.51,1.49,0.0,0.1,0.0,133.5,0.0,0.9,-0.4,-1.1,-169.70000000000002,0.0,0.0,169.8,0.0,21.3,29.0,29.0,30.0,300.0,300.0,31.6,35.7,28.9,28.1,30.0,4.96,1.99,4.96,0.16,0.0,0.0,1027.0,8228.0,0.0,0.0,0.0,0.0,0.0,1.0,0.0,0.0,0.0,0.0,0.0,-1.3,0.0,0.9,0.0,0.0,16.0,25903.0
2026-07-30T19:02:33.290Z,322.773,322.788,0.0,7.4,0.0,0.0,0.0,0.0,0.0,0.0,0.0,0.0,1.0,0.0,0.0,0.0,9.0,4.0,0.0,0.0,0.0,0.0,0.0,0.0,0.0,0.0,5.0,12.0,1.0,12.17,5.0200000000000005,2.51,1.49,0.0,0.0,0.0,133.6,0.0,-0.2,0.1,1.1,-169.70000000000002,0.0,0.0,169.8,0.0,21.3,29.0,29.0,30.0,300.0,300.0,31.6,35.7,28.9,28.1,30.0,4.96,1.99,4.97,0.16,0.0,0.0,1027.0,8228.0,0.0,0.0,0.0,0.0,0.0,1.0,0.0,0.0,0.0,0.0,0.0,1.0,0.0,-0.9,0.0,0.0,16.0,25903.0
2026-07-30T19:02:33.302Z,322.785,322.8,0.0,7.4,0.0,0.0,0.0,0.0,0.0,0.0,0.0,0.0,1.0,0.0,0.0,0.0,9.0,4.0,0.0,0.0,0.0,0.0,0.0,0.0,0.0,0.0,1.0,12.0,1.0,12.17,5.0200000000000005,2.51,1.49,0.0,0.0,0.0,133.8,0.0,-0.2,-0.4,-0.6000000000000001,-169.70000000000002,0.0,0.0,169.8,0.0,21.3,29.0,29.0,30.0,300.0,300.0,31.6,35.7,28.9,28.1,30.0,4.95,1.99,4.97,0.16,0.0,0.0,1027.0,8228.0,0.0,0.0,0.0,0.0,0.0,1.0,0.0,0.0,0.0,0.0,0.0,-0.9,0.0,0.4,0.0,0.0,16.0,25903.0
2026-07-30T19:02:33.315Z,322.798,322.812,0.0,7.4,0.0,0.0,0.0,0.0,0.0,0.0,0.0,0.0,1.0,0.0,0.0,0.0,9.0,4.0,0.0,0.0,0.0,0.0,0.0,0.0,0.0,0.0,2.0,12.0,1.0,12.18,5.0200000000000005,2.51,1.49,0.0,0.0,0.0,134.0,0.0,0.3,-0.3,-1.1,-169.70000000000002,0.0,0.0,169.70000000000002,0.0,21.700000000000003,29.0,29.0,30.0,300.0,300.0,31.5,35.7,28.9,28.200000000000003,30.0,4.96,1.99,4.97,0.16,0.0,0.0,1027.0,8228.0,0.0,0.0,0.0,0.0,0.0,1.0,0.0,0.0,0.0,0.0,0.0,-1.3,0.0,0.9,0.0,0.0,16.0,25903.0
2026-07-30T19:02:33.326Z,322.809,322.824,0.0,7.4,0.0,0.0,0.0,0.0,0.0,0.0,0.0,0.0,1.0,0.0,0.0,0.0,9.0,4.0,0.0,0.0,0.0,0.0,0.0,0.0,0.0,0.0,4.0,12.0,1.0,12.18,5.0200000000000005,2.51,1.49,0.0,0.0,0.0,134.20000000000002,0.0,0.3,0.7000000000000001,-1.2000000000000002,-169.70000000000002,0.0,0.0,169.70000000000002,0.0,21.700000000000003,29.0,29.0,30.0,300.0,300.0,31.5,35.7,28.9,28.200000000000003,30.0,4.95,2.0,4.96,0.16,0.0,0.0,1027.0,8228.0,0.0,0.0,0.0,0.0,0.0,1.0,0.0,0.0,0.0,0.0,0.0,0.0,0.0,1.2000000000000002,0.0,0.0,16.0,25903.0
2026-07-30T19:02:33.338Z,322.821,322.836,0.0,7.4,0.0,0.0,0.0,0.0,0.0,0.0,0.0,0.0,1.0,0.0,0.0,0.0,9.0,4.0,0.0,0.0,0.0,0.0,0.0,0.0,0.0,0.0,5.0,12.0,1.0,12.18,5.0200000000000005,2.51,1.49,0.0,0.0,0.0,134.20000000000002,0.0,0.3,0.1,1.7000000000000002,-169.70000000000002,0.0,0.0,169.9,0.0,21.700000000000003,29.0,29.0,30.0,300.0,300.0,31.5,35.7,28.9,28.200000000000003,30.0,4.95,1.99,4.96,0.16,0.0,0.0,1027.0,8228.0,0.0,0.0,0.0,0.0,0.0,1.0,0.0,0.0,0.0,0.0,0.0,1.4,0.0,-1.5,0.0,0.0001,16.0,25903.0
2026-07-30T19:02:33.350Z,322.833,322.848,0.0,7.4,0.0,0.0,0.0,0.0,0.0,0.0,0.0,0.0,1.0,0.0,0.0,0.0,9.0,4.0,0.0,0.0,0.0,0.0,0.0,0.0,0.0,0.0,1.0,12.0,1.0,12.18,5.0200000000000005,2.51,1.49,0.0,0.0,0.0,134.1,0.0,0.3,0.1,0.0,-169.70000000000002,0.0,0.0,169.70000000000002,0.0,21.700000000000003,29.0,29.0,30.0,300.0,300.0,31.5,35.7,28.9,28.200000000000003,30.0,4.95,2.0,4.96,0.16,0.0,0.0,1027.0,8228.0,0.0,0.0,0.0,0.0,0.0,1.0,0.0,0.0,0.0,0.0,0.0,0.1,0.0,0.0,0.0,0.0001,16.0,25903.0
2026-07-30T19:02:33.362Z,322.845,322.86,0.0,7.4,0.0,0.0,0.0,0.0,0.0,0.0,0.0,0.0,1.0,0.0,0.0,0.0,9.0,4.0,0.0,0.0,0.0,0.0,0.0,0.0,0.0,0.0,3.0,12.0,1.0,12.18,5.0200000000000005,2.51,1.49,0.0,0.0,0.0,134.0,0.0,0.3,-0.4,0.0,-169.70000000000002,0.0,0.0,169.70000000000002,0.0,21.700000000000003,29.0,29.0,30.0,300.0,300.0,31.5,35.7,28.9,28.200000000000003,30.0,4.96,2.0,4.96,0.16,0.0,0.0,1027.0,8228.0,0.0,0.0,0.0,0.0,0.0,1.0,0.0,0.0,0.0,0.0,0.0,-0.4,0.0,0.0,0.0,0.0001,16.0,25903.0
2026-07-30T19:02:33.374Z,322.857,322.872,0.0,7.4,0.0,0.0,0.0,0.0,0.0,0.0,0.0,0.0,1.0,0.0,0.0,0.0,9.0,4.0,0.0,0.0,0.0,0.0,0.0,0.0,0.0,0.0,4.0,12.0,1.0,12.18,5.0200000000000005,2.51,1.49,0.0,0.0,0.0,133.8,0.0,-0.2,0.7000000000000001,0.5,-169.70000000000002,0.0,0.0,169.70000000000002,0.0,21.700000000000003,29.0,29.0,30.0,300.0,300.0,31.5,35.7,28.9,28.200000000000003,30.0,4.95,1.99,4.97,0.16,0.0,0.0,1027.0,8228.0,0.0,0.0,0.0,0.0,0.0,1.0,0.0,0.0,0.0,0.0,0.0,1.3,0.0,-0.3,0.0,0.0,16.0,25903.0
2026-07-30T19:02:33.386Z,322.869,322.884,0.0,7.4,0.0,0.0,0.0,0.0,0.0,0.0,0.0,0.0,1.0,0.0,0.0,0.0,9.0,4.0,0.0,0.0,0.0,0.0,0.0,0.0,0.0,0.0,6.0,12.0,1.0,12.18,5.0200000000000005,2.51,1.49,0.0,0.0,0.0,133.70000000000002,0.0,0.3,-0.4,-1.1,-169.70000000000002,0.0,0.0,169.70000000000002,0.0,21.700000000000003,29.0,29.0,30.0,300.0,300.0,31.5,35.7,28.9,28.200000000000003,30.0,4.95,1.99,4.97,0.16,0.0,0.0,1027.0,8228.0,0.0,0.0,0.0,0.0,0.0,1.0,0.0,0.0,0.0,0.0,0.0,-1.3,0.0,0.9,0.0,0.0,16.0,25903.0
2026-07-30T19:02:33.398Z,322.881,322.896,0.0,7.4,0.0,0.0,0.0,0.0,0.0,0.0,0.0,0.0,1.0,0.0,0.0,0.0,9.0,4.0,0.0,0.0,0.0,0.0,0.0,0.0,0.0,0.0,1.0,12.0,1.0,12.18,5.0200000000000005,2.51,1.49,0.0,0.0,0.0,133.6,0.0,0.3,-0.4,-0.6000000000000001,-169.70000000000002,0.0,0.0,169.8,0.0,21.700000000000003,29.0,29.0,30.0,300.0,300.0,31.5,35.7,28.9,28.200000000000003,30.0,4.95,2.0,4.97,0.16,0.0,0.0,1027.0,8228.0,0.0,0.0,0.0,0.0,0.0,1.0,0.0,0.0,0.0,0.0,0.0,-0.9,0.0,0.4,0.0,0.0001,16.0,25903.0
2026-07-30T19:02:33.410Z,322.893,322.908,0.0,7.4,0.0,0.0,0.0,0.0,0.0,0.0,0.0,0.0,1.0,0.0,0.0,0.0,9.0,4.0,0.0,0.0,0.0,0.0,0.0,0.0,0.0,0.0,3.0,12.0,1.0,12.18,5.0200000000000005,2.51,1.49,0.0,0.0,0.0,133.6,0.0,0.3,0.1,0.0,-169.70000000000002,0.0,0.0,169.8,0.0,21.700000000000003,29.0,29.0,30.0,300.0,300.0,31.5,35.7,28.9,28.200000000000003,30.0,4.95,2.0,4.96,0.16,0.0,0.0,1027.0,8228.0,0.0,0.0,0.0,0.0,0.0,1.0,0.0,0.0,0.0,0.0,0.0,0.0,0.0,0.1,0.0,0.0001,16.0,25903.0
2026-07-30T19:02:33.422Z,322.905,322.92,0.0,7.4,0.0,0.0,0.0,0.0,0.0,0.0,0.0,0.0,1.0,0.0,0.0,0.0,9.0,4.0,0.0,0.0,0.0,0.0,0.0,0.0,0.0,0.0,4.0,12.0,1.0,12.17,5.01,2.51,1.49,0.0,0.0,0.0,133.4,0.0,0.3,-0.4,-0.1,-169.70000000000002,0.0,0.0,169.70000000000002,0.0,21.3,29.0,29.0,30.0,300.0,300.0,31.5,35.7,28.9,28.200000000000003,30.0,4.96,1.99,4.97,0.16,0.0,0.0,1027.0,8228.0,0.0,0.0,0.0,0.0,0.0,1.0,0.0,0.0,0.0,0.0,0.0,-0.5,0.0,0.0,0.0,0.0,16.0,25903.0
2026-07-30T19:02:33.434Z,322.917,322.932,0.0,7.4,0.0,0.0,0.0,0.0,0.0,0.0,0.0,0.0,1.0,0.0,0.0,0.0,9.0,4.0,0.0,0.0,0.0,0.0,0.0,0.0,0.0,0.0,5.0,12.0,1.0,12.17,5.01,2.51,1.49,0.0,0.0,0.0,133.3,0.0,-0.2,-0.4,-0.7000000000000001,-169.70000000000002,0.0,0.0,169.70000000000002,0.0,21.3,29.0,29.0,30.0,300.0,300.0,31.5,35.7,28.9,28.200000000000003,30.0,4.96,1.99,4.96,0.16,0.0,0.0,1027.0,8228.0,0.0,0.0,0.0,0.0,0.0,1.0,0.0,0.0,0.0,0.0,0.0,-1.0,0.0,0.5,0.0,0.0,16.0,25903.0
2026-07-30T19:02:33.446Z,322.929,322.944,0.0,7.4,0.0,0.0,0.0,0.0,0.0,0.0,0.0,0.0,1.0,0.0,0.0,0.0,9.0,4.0,0.0,0.0,0.0,0.0,0.0,0.0,0.0,0.0,6.0,12.0,1.0,12.17,5.01,2.51,1.49,0.0,0.1,0.0,133.20000000000002,0.0,-0.2,0.7000000000000001,-0.1,-169.70000000000002,0.0,0.0,169.70000000000002,0.0,21.3,29.0,29.0,30.0,300.0,300.0,31.5,35.7,28.9,28.200000000000003,30.0,4.96,1.99,4.96,0.16,0.0,0.0,1027.0,8228.0,0.0,0.0,0.0,0.0,0.0,1.0,0.0,0.0,0.0,0.0,0.0,0.7000000000000001,0.0,0.2,0.0,0.0,16.0,25903.0
2026-07-30T19:02:33.458Z,322.941,322.956,0.0,7.4,0.0,0.0,0.0,0.0,0.0,0.0,0.0,0.0,1.0,0.0,0.0,0.0,9.0,4.0,0.0,0.0,0.0,0.0,0.0,0.0,0.0,0.0,2.0,12.0,1.0,12.17,5.01,2.51,1.49,0.0,0.0,0.0,133.1,0.0,0.9,0.1,1.1,-169.70000000000002,0.0,0.0,169.60000000000002,0.0,21.3,29.0,29.0,30.0,300.0,300.0,31.5,35.7,28.9,28.200000000000003,30.0,4.95,1.99,4.97,0.16,0.0,0.0,1027.0,8228.0,0.0,0.0,0.0,0.0,0.0,1.0,0.0,0.0,0.0,0.0,0.0,1.0,0.0,-0.9,0.0,0.0,16.0,25903.0
2026-07-30T19:02:33.470Z,322.953,322.968,0.0,7.4,0.0,0.0,0.0,0.0,0.0,0.0,0.0,0.0,1.0,0.0,0.0,0.0,9.0,4.0,0.0,0.0,0.0,0.0,0.0,0.0,0.0,0.0,3.0,12.0,1.0,12.17,5.01,2.51,1.49,0.0,0.0,0.0,133.0,0.0,-0.8,-0.4,-0.6000000000000001,-169.70000000000002,0.0,0.0,169.60000000000002,0.0,21.3,29.0,29.0,30.0,300.0,300.0,31.5,35.7,28.9,28.200000000000003,30.0,4.96,1.99,4.97,0.16,0.0,0.0,1027.0,8228.0,0.0,0.0,0.0,0.0,0.0,1.0,0.0,0.0,0.0,0.0,0.0,-0.9,0.0,0.4,0.0,0.0,16.0,25903.0
2026-07-30T19:02:33.482Z,322.965,322.98,0.0,7.4,0.0,0.0,0.0,0.0,0.0,0.0,0.0,0.0,1.0,0.0,0.0,0.0,9.0,4.0,0.0,0.0,0.0,0.0,0.0,0.0,0.0,0.0,5.0,12.0,1.0,12.17,5.01,2.51,1.49,0.0,0.0,0.0,132.9,0.0,0.3,0.7000000000000001,-0.6000000000000001,-169.70000000000002,0.0,0.0,169.60000000000002,0.0,21.3,29.0,29.0,30.0,300.0,300.0,31.5,35.7,28.9,28.200000000000003,30.0,4.96,1.99,4.96,0.16,0.0,0.0,1027.0,8228.0,0.0,0.0,0.0,0.0,0.0,1.0,0.0,0.0,0.0,0.0,0.0,0.3,0.0,0.7000000000000001,0.0,0.0,16.0,25903.0
2026-07-30T19:02:33.494Z,322.977,322.992,0.0,7.4,0.0,0.0,0.0,0.0,0.0,0.0,0.0,0.0,1.0,0.0,0.0,0.0,9.0,4.0,0.0,0.0,0.0,0.0,0.0,0.0,0.0,0.0,6.0,12.0,1.0,12.17,5.01,2.51,1.49,0.0,0.0,0.0,132.8,0.0,-0.7000000000000001,-0.3,-0.6000000000000001,-169.70000000000002,0.0,0.0,169.60000000000002,0.0,21.3,29.0,29.0,30.0,300.0,300.0,31.5,35.7,28.9,28.200000000000003,30.0,4.95,1.99,4.96,0.16,0.0,0.0,1027.0,8228.0,0.0,0.0,0.0,0.0,0.0,1.0,0.0,0.0,0.0,0.0,0.0,-0.9,0.0,0.4,0.0,0.0,16.0,25903.0
2026-07-30T19:02:33.506Z,322.989,323.004,0.0,7.4,0.0,0.0,0.0,0.0,0.0,0.0,0.0,0.0,1.0,0.0,0.0,0.0,9.0,4.0,0.0,0.0,0.0,0.0,0.0,0.0,0.0,0.0,2.0,12.0,1.0,12.17,5.01,2.51,1.49,0.0,0.0,0.0,132.6,0.0,0.3,0.1,-1.2000000000000002,-169.60000000000002,0.0,0.0,169.60000000000002,0.0,21.3,29.0,29.0,30.0,300.0,300.0,31.5,35.7,28.9,28.200000000000003,30.0,4.96,1.99,4.97,0.16,0.0,0.0,1027.0,8228.0,0.0,0.0,0.0,0.0,0.0,1.0,0.0,0.0,0.0,0.0,0.0,-0.6000000000000001,0.0,1.0,0.0,0.0,16.0,25903.0
2026-07-30T19:02:33.519Z,323.002,323.016,0.0,7.4,0.0,0.0,0.0,0.0,0.0,0.0,0.0,0.0,1.0,0.0,0.0,0.0,9.0,4.0,0.0,0.0,0.0,0.0,0.0,0.0,0.0,0.0,3.0,12.0,1.0,12.17,5.01,2.5,1.49,0.0,0.0,0.0,132.6,0.0,0.3,-1.5,0.0,-169.60000000000002,0.0,0.0,169.70000000000002,0.0,21.700000000000003,29.0,29.0,30.0,300.0,300.0,31.6,35.7,28.9,28.200000000000003,30.0,4.95,1.99,4.96,0.16,0.0,0.0,1027.0,8228.0,0.0,0.0,0.0,0.0,0.0,1.0,0.0,0.0,0.0,0.0,0.0,-1.7000000000000002,0.0,-0.3,0.0,0.0,16.0,25903.0
2026-07-30T19:02:33.530Z,323.013,323.028,0.0,7.4,0.0,0.0,0.0,0.0,0.0,0.0,0.0,0.0,1.0,0.0,0.0,0.0,9.0,4.0,0.0,0.0,0.0,0.0,0.0,0.0,0.0,0.0,5.0,12.0,1.0,12.17,5.01,2.5,1.49,0.0,0.0,0.0,132.5,0.0,0.8,0.7000000000000001,0.0,-169.60000000000002,0.0,0.0,169.60000000000002,0.0,21.700000000000003,29.0,29.0,30.0,300.0,300.0,31.6,35.7,28.9,28.200000000000003,30.0,4.95,1.99,4.97,0.16,0.0,0.0,1027.0,8228.0,0.0,0.0,0.0,0.0,0.0,1.0,0.0,0.0,0.0,0.0,0.0,0.9,0.0,0.1,0.0,0.0,16.0,25903.0
2026-07-30T19:02:33.542Z,323.025,323.04,0.0,7.4,0.0,0.0,0.0,0.0,0.0,0.0,0.0,0.0,1.0,0.0,0.0,0.0,9.0,4.0,0.0,0.0,0.0,0.0,0.0,0.0,0.0,0.0,6.0,12.0,1.0,12.17,5.01,2.5,1.49,0.0,0.0,0.0,132.3,0.0,0.3,0.7000000000000001,0.0,-169.60000000000002,0.0,0.0,169.8,0.0,21.700000000000003,29.0,29.0,30.0,300.0,300.0,31.6,35.7,28.9,28.200000000000003,30.0,4.95,2.0,4.97,0.16,0.0,0.0,1027.0,8228.0,0.0,0.0,0.0,0.0,0.0,1.0,0.0,0.0,0.0,0.0,0.0,0.9,0.0,0.1,0.0,0.0,16.0,25903.0
2026-07-30T19:02:33.554Z,323.037,323.052,0.0,7.4,0.0,0.0,0.0,0.0,0.0,0.0,0.0,0.0,1.0,0.0,0.0,0.0,9.0,4.0,0.0,0.0,0.0,0.0,0.0,0.0,0.0,0.0,2.0,12.0,1.0,12.17,5.01,2.5,1.49,0.0,0.0,0.0,132.3,0.0,-0.2,0.7000000000000001,0.5,-169.70000000000002,0.0,0.0,169.70000000000002,0.0,21.700000000000003,29.0,29.0,30.0,300.0,300.0,31.6,35.7,28.9,28.200000000000003,30.0,4.96,2.0,4.97,0.16,0.0,0.0,1027.0,8228.0,0.0,0.0,0.0,0.0,0.0,1.0,0.0,0.0,0.0,0.0,0.0,1.3,0.0,-0.3,0.0,0.0001,16.0,25903.0
2026-07-30T19:02:33.566Z,323.049,323.064,0.0,7.4,0.0,0.0,0.0,0.0,0.0,0.0,0.0,0.0,1.0,0.0,0.0,0.0,9.0,4.0,0.0,0.0,0.0,0.0,0.0,0.0,0.0,0.0,3.0,12.0,1.0,12.17,5.01,2.5,1.49,0.0,0.0,0.0,132.1,0.0,0.3,-0.4,-0.6000000000000001,-169.70000000000002,0.0,0.0,169.70000000000002,0.0,21.700000000000003,29.0,29.0,30.0,300.0,300.0,31.6,35.7,28.9,28.200000000000003,30.0,4.96,1.99,4.97,0.16,0.0,0.0,1027.0,8228.0,0.0,0.0,0.0,0.0,0.0,1.0,0.0,0.0,0.0,0.0,0.0,-0.9,0.0,0.4,0.0,0.0,16.0,25903.0
2026-07-30T19:02:33.578Z,323.061,323.076,0.0,7.4,0.0,0.0,0.0,0.0,0.0,0.0,0.0,0.0,1.0,0.0,0.0,0.0,9.0,4.0,0.0,0.0,0.0,0.0,0.0,0.0,0.0,0.0,4.0,12.0,1.0,12.17,5.01,2.5,1.49,0.0,0.0,0.0,132.0,0.0,0.3,0.6000000000000001,0.5,-169.70000000000002,0.0,0.0,169.8,0.0,21.700000000000003,29.0,29.0,30.0,300.0,300.0,31.6,35.7,28.9,28.200000000000003,30.0,4.96,1.99,4.97,0.16,0.0,0.0,1027.0,8228.0,0.0,0.0,0.0,0.0,0.0,1.0,0.0,0.0,0.0,0.0,0.0,1.2000000000000002,0.0,0.2,0.0,0.0001,16.0,25903.0
2026-07-30T19:02:33.590Z,323.073,323.088,0.0,7.4,0.0,0.0,0.0,0.0,0.0,0.0,0.0,0.0,1.0,0.0,0.0,0.0,9.0,4.0,0.0,0.0,0.0,0.0,0.0,0.0,0.0,0.0,5.0,12.0,1.0,12.17,5.01,2.5,1.49,0.0,0.0,0.0,131.9,0.0,-0.8,0.1,-0.6000000000000001,-169.70000000000002,0.0,0.0,169.70000000000002,0.0,21.700000000000003,29.0,29.0,30.0,300.0,300.0,31.6,35.7,28.9,28.200000000000003,30.0,4.96,1.99,4.97,0.16,0.0,0.0,1027.0,8228.0,0.0,0.0,0.0,0.0,0.0,1.0,0.0,0.0,0.0,0.0,0.0,0.7000000000000001,0.0,0.1,0.0,0.0,16.0,25903.0
2026-07-30T19:02:33.602Z,323.085,323.1,0.0,7.4,0.0,0.0,0.0,0.0,0.0,0.0,0.0,0.0,1.0,0.0,0.0,0.0,9.0,4.0,0.0,0.0,0.0,0.0,0.0,0.0,0.0,0.0,1.0,12.0,1.0,12.17,5.01,2.5,1.49,0.0,0.0,0.0,131.8,0.0,-0.8,-0.4,-0.6000000000000001,-169.70000000000002,0.0,0.0,169.8,0.0,21.700000000000003,29.0,29.0,30.0,300.0,300.0,31.6,35.7,28.9,28.200000000000003,30.0,4.95,1.99,4.96,0.16,0.0,0.0,1027.0,8228.0,0.0,0.0,0.0,0.0,0.0,1.0,0.0,0.0,0.0,0.0,0.0,-0.1,0.0,-0.5,0.0,0.0,16.0,25903.0
2026-07-30T19:02:33.614Z,323.097,323.112,0.0,7.4,0.0,0.0,0.0,0.0,0.0,0.0,0.0,0.0,1.0,0.0,0.0,0.0,9.0,4.0,0.0,0.0,0.0,0.0,0.0,0.0,0.0,0.0,2.0,12.0,1.0,12.17,5.01,2.5,1.49,0.0,0.0,0.0,131.70000000000002,0.0,0.8,0.1,1.1,-169.70000000000002,0.0,0.0,169.70000000000002,0.0,21.700000000000003,29.0,29.0,30.0,300.0,300.0,31.6,35.7,28.9,28.200000000000003,30.0,4.95,1.99,4.97,0.16,0.0,0.0,1027.0,8228.0,0.0,0.0,0.0,0.0,0.0,1.0,0.0,0.0,0.0,0.0,0.0,0.5,0.0,-0.4,0.0,0.0,16.0,25903.0
2026-07-30T19:02:33.626Z,323.109,323.124,0.0,7.4,0.0,0.0,0.0,0.0,0.0,0.0,0.0,0.0,1.0,0.0,0.0,0.0,9.0,4.0,0.0,0.0,0.0,0.0,0.0,0.0,0.0,0.0,4.0,12.0,1.0,12.15,5.0200000000000005,2.51,1.49,0.0,0.0,0.0,131.6,0.0,-0.9,1.2000000000000002,0.5,-169.70000000000002,0.0,0.0,169.70000000000002,0.0,21.700000000000003,29.0,29.0,30.0,300.0,300.0,31.700000000000003,35.7,28.9,28.200000000000003,30.0,4.95,1.99,4.96,0.16,0.0,0.0,1027.0,8228.0,0.0,0.0,0.0,0.0,0.0,1.0,0.0,0.0,0.0,0.0,0.0,1.8,0.0,-0.1,0.0,0.0,16.0,25903.0
2026-07-30T19:02:33.638Z,323.121,323.136,0.0,7.4,0.0,0.0,0.0,0.0,0.0,0.0,0.0,0.0,1.0,0.0,0.0,0.0,9.0,4.0,0.0,0.0,0.0,0.0,0.0,0.0,0.0,0.0,5.0,12.0,1.0,12.15,5.0200000000000005,2.51,1.49,0.0,0.0,0.0,131.5,0.0,0.2,0.6000000000000001,-0.1,-169.70000000000002,0.0,0.0,169.8,0.0,21.700000000000003,29.0,29.0,30.0,300.0,300.0,31.700000000000003,35.7,28.9,28.200000000000003,30.0,4.96,1.99,4.96,0.16,0.0,0.0,1027.0,8228.0,0.0,0.0,0.0,0.0,0.0,1.0,0.0,0.0,0.0,0.0,0.0,0.6000000000000001,0.0,0.2,0.0,0.0001,16.0,25903.0
2026-07-30T19:02:33.650Z,323.133,323.148,0.0,7.4,0.0,0.0,0.0,0.0,0.0,0.0,0.0,0.0,1.0,0.0,0.0,0.0,9.0,4.0,0.0,0.0,0.0,0.0,0.0,0.0,0.0,0.0,6.0,12.0,1.0,12.15,5.0200000000000005,2.51,1.49,0.0,0.0,0.0,131.4,0.0,0.2,-0.4,0.0,-169.70000000000002,0.0,0.0,169.8,0.0,21.700000000000003,29.0,29.0,30.0,300.0,300.0,31.700000000000003,35.7,28.9,28.200000000000003,30.0,4.96,1.99,4.96,0.16,0.0,0.0,1027.0,8228.0,0.0,0.0,0.0,0.0,0.0,1.0,0.0,0.0,0.0,0.0,0.0,-0.6000000000000001,0.0,0.0,0.0,0.0,16.0,25903.0
2026-07-30T19:02:33.662Z,323.145,323.16,0.0,7.4,0.0,0.0,0.0,0.0,0.0,0.0,0.0,0.0,1.0,0.0,0.0,0.0,9.0,4.0,0.0,0.0,0.0,0.0,0.0,0.0,0.0,0.0,1.0,12.0,1.0,12.15,5.0200000000000005,2.51,1.49,0.0,0.0,0.0,131.3,0.0,-0.3,-0.4,1.1,-169.70000000000002,0.0,0.0,169.70000000000002,0.0,21.700000000000003,29.0,29.0,30.0,300.0,300.0,31.700000000000003,35.7,28.9,28.200000000000003,30.0,4.95,1.99,4.97,0.16,0.0,0.0,1027.0,8228.0,0.0,0.0,0.0,0.0,0.0,1.0,0.0,0.0,0.0,0.0,0.0,0.2,0.0,-1.0,0.0,0.0,16.0,25903.0
2026-07-30T19:02:33.674Z,323.157,323.172,0.0,7.4,0.0,0.0,0.0,0.0,0.0,0.0,0.0,0.0,1.0,0.0,0.0,0.0,9.0,4.0,0.0,0.0,0.0,0.0,0.0,0.0,0.0,0.0,3.0,12.0,1.0,12.15,5.0200000000000005,2.51,1.49,0.0,0.1,0.0,131.1,0.0,0.7000000000000001,0.0,-0.6000000000000001,-169.70000000000002,0.0,0.0,169.70000000000002,0.0,21.700000000000003,29.0,29.0,30.0,300.0,300.0,31.700000000000003,35.7,28.9,28.200000000000003,30.0,4.95,1.99,4.96,0.16,0.0,0.0,1027.0,8228.0,0.0,0.0,0.0,0.0,0.0,1.0,0.0,0.0,0.0,0.0,0.0,-0.3,0.0,0.5,0.0,0.0,16.0,25903.0
2026-07-30T19:02:33.686Z,323.169,323.184,0.0,7.4,0.0,0.0,0.0,0.0,0.0,0.0,0.0,0.0,1.0,0.0,0.0,0.0,9.0,4.0,0.0,0.0,0.0,0.0,0.0,0.0,0.0,0.0,3.0,12.0,1.0,12.15,5.0200000000000005,2.51,1.49,0.0,0.1,0.0,131.1,0.0,-0.3,0.6000000000000001,0.0,-169.70000000000002,0.0,0.0,169.8,0.0,21.700000000000003,29.0,29.0,30.0,300.0,300.0,31.700000000000003,35.7,28.9,28.200000000000003,30.0,4.95,1.99,4.96,0.16,0.0,0.0,1027.0,8228.0,0.0,0.0,0.0,0.0,0.0,1.0,0.0,0.0,0.0,0.0,0.0,0.7000000000000001,0.0,0.1,0.0,0.0,16.0,25903.0
2026-07-30T19:02:33.698Z,323.181,323.196,0.0,7.4,0.0,0.0,0.0,0.0,0.0,0.0,0.0,0.0,1.0,0.0,0.0,0.0,9.0,4.0,0.0,0.0,0.0,0.0,0.0,0.0,0.0,0.0,5.0,12.0,1.0,12.15,5.0200000000000005,2.51,1.49,0.0,0.0,0.0,130.9,0.0,0.2,-0.4,1.1,-169.70000000000002,0.0,0.0,169.8,0.0,21.700000000000003,29.0,29.0,30.0,300.0,300.0,31.700000000000003,35.7,28.9,28.200000000000003,30.0,4.96,1.99,4.97,0.16,0.0,0.0,1027.0,8228.0,0.0,0.0,0.0,0.0,0.0,1.0,0.0,0.0,0.0,0.0,0.0,0.3,0.0,-1.0,0.0,0.0,16.0,25903.0
2026-07-30T19:02:33.710Z,323.193,323.208,0.0,7.4,0.0,0.0,0.0,0.0,0.0,0.0,0.0,0.0,1.0,0.0,0.0,0.0,9.0,4.0,0.0,0.0,0.0,0.0,0.0,0.0,0.0,0.0,6.0,12.0,1.0,12.15,5.0200000000000005,2.51,1.49,0.0,0.1,0.0,130.9,0.0,0.2,-0.4,0.0,-169.70000000000002,0.0,0.0,169.70000000000002,0.0,21.700000000000003,29.0,29.0,30.0,300.0,300.0,31.700000000000003,35.7,28.9,28.200000000000003,30.0,4.96,1.99,4.96,0.16,0.0,0.0,1027.0,8228.0,0.0,0.0,0.0,0.0,0.0,1.0,0.0,0.0,0.0,0.0,0.0,-0.5,0.0,0.0,0.0,0.0,16.0,25903.0
2026-07-30T19:02:33.723Z,323.206,323.22,0.0,7.4,0.0,0.0,0.0,0.0,0.0,0.0,0.0,0.0,1.0,0.0,0.0,0.0,9.0,4.0,0.0,0.0,0.0,0.0,0.0,0.0,0.0,0.0,2.0,12.0,1.0,12.17,5.0200000000000005,2.5,1.49,0.0,0.0,0.0,130.8,0.0,-0.2,0.7000000000000001,1.1,-169.70000000000002,0.0,0.0,169.8,0.0,21.700000000000003,29.0,29.0,30.0,300.0,300.0,31.6,35.800000000000004,28.9,28.200000000000003,30.0,4.96,1.99,4.97,0.16,0.0,0.0,1027.0,8228.0,0.0,0.0,0.0,0.0,0.0,1.0,0.0,0.0,0.0,0.0,0.0,1.6,0.0,-0.8,0.0,0.0,16.0,25903.0
2026-07-30T19:02:33.734Z,323.217,323.232,0.0,7.4,0.0,0.0,0.0,0.0,0.0,0.0,0.0,0.0,1.0,0.0,0.0,0.0,9.0,4.0,0.0,0.0,0.0,0.0,0.0,0.0,0.0,0.0,3.0,12.0,1.0,12.17,5.0200000000000005,2.5,1.49,0.0,0.0,0.0,130.70000000000002,0.0,0.3,0.7000000000000001,0.0,-169.70000000000002,0.0,0.0,169.70000000000002,0.0,21.700000000000003,29.0,29.0,30.0,300.0,300.0,31.6,35.800000000000004,28.9,28.200000000000003,30.0,4.95,1.99,4.97,0.16,0.0,0.0,1027.0,8228.0,0.0,0.0,0.0,0.0,0.0,1.0,0.0,0.0,0.0,0.0,0.0,0.7000000000000001,0.0,0.1,0.0,0.0,16.0,25903.0
2026-07-30T19:02:33.746Z,323.229,323.244,0.0,7.4,0.0,0.0,0.0,0.0,0.0,0.0,0.0,0.0,1.0,0.0,0.0,0.0,9.0,4.0,0.0,0.0,0.0,0.0,0.0,0.0,0.0,0.0,5.0,12.0,1.0,12.17,5.0200000000000005,2.5,1.49,0.0,0.0,0.0,130.5,0.0,0.3,0.1,0.0,-169.70000000000002,0.0,0.0,169.70000000000002,0.0,21.700000000000003,29.0,29.0,30.0,300.0,300.0,31.6,35.800000000000004,28.9,28.200000000000003,30.0,4.96,1.99,4.97,0.16,0.0,0.0,1027.0,8228.0,0.0,0.0,0.0,0.0,0.0,1.0,0.0,0.0,0.0,0.0,0.0,0.1,0.0,0.0,0.0,0.0001,16.0,25903.0
2026-07-30T19:02:33.758Z,323.241,323.25600000000003,0.0,7.4,0.0,0.0,0.0,0.0,0.0,0.0,0.0,0.0,1.0,0.0,0.0,0.0,9.0,4.0,0.0,0.0,0.0,0.0,0.0,0.0,0.0,0.0,6.0,12.0,1.0,12.17,5.0200000000000005,2.5,1.49,0.0,0.0,0.0,130.4,0.0,0.2,-1.0,1.1,-169.70000000000002,0.0,0.0,169.70000000000002,0.0,21.700000000000003,29.0,29.0,30.0,300.0,300.0,31.6,35.800000000000004,28.9,28.200000000000003,30.0,4.96,2.0,4.96,0.16,0.0,0.0,1027.0,8228.0,0.0,0.0,0.0,0.0,0.0,1.0,0.0,0.0,0.0,0.0,0.0,-0.3,0.0,-1.1,0.0,0.0,16.0,25903.0
2026-07-30T19:02:33.770Z,323.253,323.26800000000003,0.0,7.4,0.0,0.0,0.0,0.0,0.0,0.0,0.0,0.0,1.0,0.0,0.0,0.0,9.0,4.0,0.0,0.0,0.0,0.0,0.0,0.0,0.0,0.0,2.0,12.0,1.0,12.17,5.0200000000000005,2.5,1.49,0.0,0.0,0.0,130.6,0.0,0.2,0.1,-0.6000000000000001,-169.70000000000002,0.0,0.0,169.70000000000002,0.0,21.700000000000003,29.0,29.0,30.0,300.0,300.0,31.6,35.800000000000004,28.9,28.200000000000003,30.0,4.96,1.99,4.97,0.16,0.0,0.0,1027.0,8228.0,0.0,0.0,0.0,0.0,0.0,1.0,0.0,0.0,0.0,0.0,0.0,-0.3,0.0,0.5,0.0,0.0,16.0,25903.0
2026-07-30T19:02:33.782Z,323.265,323.28000000000003,0.0,7.4,0.0,0.0,0.0,0.0,0.0,0.0,0.0,0.0,1.0,0.0,0.0,0.0,9.0,4.0,0.0,0.0,0.0,0.0,0.0,0.0,0.0,0.0,3.0,12.0,1.0,12.17,5.0200000000000005,2.5,1.49,0.0,0.0,0.0,130.8,0.0,0.8,0.0,0.0,-169.70000000000002,0.0,0.0,169.70000000000002,0.0,21.700000000000003,29.0,29.0,30.0,300.0,300.0,31.6,35.800000000000004,28.9,28.200000000000003,30.0,4.95,1.99,4.97,0.16,0.0,0.0,1027.0,8228.0,0.0,0.0,0.0,0.0,0.0,1.0,0.0,0.0,0.0,0.0,0.0,0.0,0.0,0.0,0.0,0.0,16.0,25903.0
2026-07-30T19:02:33.794Z,323.277,323.29200000000003,0.0,7.4,0.0,0.0,0.0,0.0,0.0,0.0,0.0,0.0,1.0,0.0,0.0,0.0,9.0,4.0,0.0,0.0,0.0,0.0,0.0,0.0,0.0,0.0,5.0,12.0,1.0,12.17,5.0200000000000005,2.5,1.49,0.0,0.0,0.0,131.0,0.0,-0.9,-0.4,-1.7000000000000002,-169.70000000000002,0.0,0.0,169.70000000000002,0.0,21.700000000000003,29.0,29.0,30.0,300.0,300.0,31.6,35.800000000000004,28.9,28.200000000000003,30.0,4.96,1.99,4.96,0.16,0.0,0.0,1027.0,8228.0,0.0,0.0,0.0,0.0,0.0,1.0,0.0,0.0,0.0,0.0,0.0,-1.8,0.0,1.4,0.0,0.0,16.0,25903.0
2026-07-30T19:02:33.806Z,323.289,323.30400000000003,0.0,7.4,0.0,0.0,0.0,0.0,0.0,0.0,0.0,0.0,1.0,0.0,0.0,0.0,9.0,4.0,0.0,0.0,0.0,0.0,0.0,0.0,0.0,0.0,6.0,12.0,1.0,12.17,5.0200000000000005,2.5,1.49,0.0,0.0,0.0,131.20000000000002,0.0,-0.3,-1.0,0.0,-169.70000000000002,0.0,0.0,169.8,0.0,21.700000000000003,29.0,29.0,30.0,300.0,300.0,31.6,35.800000000000004,28.9,28.200000000000003,30.0,4.95,2.0,4.97,0.16,0.0,0.0,1027.0,8228.0,0.0,0.0,0.0,0.0,0.0,1.0,0.0,0.0,0.0,0.0,0.0,-1.2000000000000002,0.0,-0.1,0.0,0.0,16.0,25903.0
2026-07-30T19:02:33.818Z,323.301,323.31600000000003,0.0,7.4,0.0,0.0,0.0,0.0,0.0,0.0,0.0,0.0,1.0,0.0,0.0,0.0,9.0,4.0,0.0,0.0,0.0,0.0,0.0,0.0,0.0,0.0,2.0,12.0,1.0,12.17,5.0200000000000005,2.5,1.49,0.0,0.0,0.0,131.4,0.0,0.8,0.0,-0.1,-169.70000000000002,0.0,0.0,169.70000000000002,0.0,21.700000000000003,29.0,29.0,30.0,300.0,300.0,31.6,35.800000000000004,28.9,28.200000000000003,30.0,4.95,1.99,4.97,0.16,0.0,0.0,1027.0,8228.0,0.0,0.0,0.0,0.0,0.0,1.0,0.0,0.0,0.0,0.0,0.0,0.0,0.0,0.1,0.0,0.0,16.0,25903.0
2026-07-30T19:02:33.830Z,323.313,323.32800000000003,0.0,7.4,0.0,0.0,0.0,0.0,0.0,0.0,0.0,0.0,1.0,0.0,0.0,0.0,9.0,4.0,0.0,0.0,0.0,0.0,0.0,0.0,0.0,0.0,3.0,12.0,1.0,12.17,5.0200000000000005,2.51,1.49,0.0,0.0,0.0,131.6,0.0,0.2,-0.5,-0.1,-169.70000000000002,0.0,0.0,169.70000000000002,0.0,21.3,29.0,29.0,30.0,300.0,300.0,31.700000000000003,35.800000000000004,28.9,28.200000000000003,30.0,4.96,1.99,4.97,0.16,0.0,0.0,1027.0,8228.0,0.0,0.0,0.0,0.0,0.0,1.0,0.0,0.0,0.0,0.0,0.0,-0.7000000000000001,0.0,0.0,0.0,0.0,16.0,25903.0
2026-07-30T19:02:33.842Z,323.325,323.34000000000003,0.0,7.4,0.0,0.0,0.0,0.0,0.0,0.0,0.0,0.0,1.0,0.0,0.0,0.0,9.0,4.0,0.0,0.0,0.0,0.0,0.0,0.0,0.0,0.0,5.0,12.0,1.0,12.17,5.0200000000000005,2.51,1.49,0.0,0.0,0.0,131.8,0.0,-0.3,-0.5,0.0,-169.70000000000002,0.0,0.0,169.70000000000002,0.0,21.3,29.0,29.0,30.0,300.0,300.0,31.700000000000003,35.800000000000004,28.9,28.200000000000003,30.0,4.96,1.99,4.96,0.16,0.0,0.0,1027.0,8228.0,0.0,0.0,0.0,0.0,0.0,1.0,0.0,0.0,0.0,0.0,0.0,-0.6000000000000001,0.0,0.0,0.0,0.0,16.0,25903.0
2026-07-30T19:02:33.854Z,323.337,323.35200000000003,0.0,7.4,0.0,0.0,0.0,0.0,0.0,0.0,0.0,0.0,1.0,0.0,0.0,0.0,9.0,4.0,0.0,0.0,0.0,0.0,0.0,0.0,0.0,0.0,6.0,12.0,1.0,12.17,5.0200000000000005,2.51,1.49,0.0,0.0,0.0,131.9,0.0,-0.9,-1.1,-0.7000000000000001,-169.70000000000002,0.0,0.0,169.70000000000002,0.0,21.3,29.0,29.0,30.0,300.0,300.0,31.700000000000003,35.800000000000004,28.9,28.200000000000003,30.0,4.95,1.99,4.97,0.16,0.0,0.0,1027.0,8228.0,0.0,0.0,0.0,0.0,0.0,1.0,0.0,0.0,0.0,0.0,0.0,-1.8,0.0,0.3,0.0,0.0,16.0,25903.0
2026-07-30T19:02:33.866Z,323.349,323.36400000000003,0.0,7.4,0.0,0.0,0.0,0.0,0.0,0.0,0.0,0.0,1.0,0.0,0.0,0.0,9.0,4.0,0.0,0.0,0.0,0.0,0.0,0.0,0.0,0.0,2.0,12.0,1.0,12.17,5.0200000000000005,2.51,1.49,0.0,0.0,0.0,132.1,0.0,0.8,0.6000000000000001,0.4,-169.70000000000002,0.0,0.0,169.70000000000002,0.0,21.3,29.0,29.0,30.0,300.0,300.0,31.700000000000003,35.800000000000004,28.9,28.200000000000003,30.0,4.95,1.99,4.96,0.16,0.0,0.0,1027.0,8228.0,0.0,0.0,0.0,0.0,0.0,1.0,0.0,0.0,0.0,0.0,0.0,1.0,0.0,-0.2,0.0,0.0,16.0,25903.0
2026-07-30T19:02:33.877Z,323.36,323.37600000000003,0.0,7.4,0.0,0.0,0.0,0.0,0.0,0.0,0.0,0.0,1.0,0.0,0.0,0.0,9.0,4.0,0.0,0.0,0.0,0.0,0.0,0.0,0.0,0.0,3.0,12.0,1.0,12.17,5.0200000000000005,2.51,1.49,0.0,0.0,0.0,132.3,0.0,0.7000000000000001,0.0,-1.2000000000000002,-169.70000000000002,0.0,0.0,169.60000000000002,0.0,21.3,29.0,29.0,30.0,300.0,300.0,31.700000000000003,35.800000000000004,28.9,28.200000000000003,30.0,4.96,2.0,4.96,0.16,0.0,0.0,1027.0,8228.0,0.0,0.0,0.0,0.0,0.0,1.0,0.0,0.0,0.0,0.0,0.0,-0.9,0.0,1.1,0.0,0.0,16.0,25903.0
2026-07-30T19:02:33.890Z,323.373,323.38800000000003,0.0,7.4,0.0,0.0,0.0,0.0,0.0,0.0,0.0,0.0,1.0,0.0,0.0,0.0,9.0,4.0,0.0,0.0,0.0,0.0,0.0,0.0,0.0,0.0,4.0,12.0,1.0,12.17,5.0200000000000005,2.51,1.49,0.0,0.1,0.0,132.5,0.0,0.1,-0.5,0.4,-169.70000000000002,0.0,0.0,169.8,0.0,21.3,29.0,29.0,30.0,300.0,300.0,31.700000000000003,35.800000000000004,28.9,28.200000000000003,30.0,4.95,2.0,4.96,0.16,0.0,0.0,1027.0,8228.0,0.0,0.0,0.0,0.0,0.0,1.0,0.0,0.0,0.0,0.0,0.0,-0.2,0.0,-0.5,0.0,0.0,16.0,25903.0
2026-07-30T19:02:33.902Z,323.385,323.40000000000003,0.0,7.4,0.0,0.0,0.0,0.0,0.0,0.0,0.0,0.0,1.0,0.0,0.0,0.0,9.0,4.0,0.0,0.0,0.0,0.0,0.0,0.0,0.0,0.0,6.0,12.0,1.0,12.17,5.0200000000000005,2.51,1.49,0.0,0.0,0.0,132.6,0.0,0.1,0.0,0.4,-169.70000000000002,0.0,0.0,169.8,0.0,21.3,29.0,29.0,30.0,300.0,300.0,31.700000000000003,35.800000000000004,28.9,28.200000000000003,30.0,4.95,1.99,4.97,0.16,0.0,0.0,1027.0,8228.0,0.0,0.0,0.0,0.0,0.0,1.0,0.0,0.0,0.0,0.0,0.0,0.4,0.0,-0.3,0.0,0.0001,16.0,25903.0
2026-07-30T19:02:33.914Z,323.397,323.41200000000003,0.0,7.4,0.0,0.0,0.0,0.0,0.0,0.0,0.0,0.0,1.0,0.0,0.0,0.0,9.0,4.0,0.0,0.0,0.0,0.0,0.0,0.0,0.0,0.0,1.0,12.0,1.0,12.17,5.0200000000000005,2.51,1.49,0.0,0.0,0.0,132.8,0.0,-0.3,0.0,-0.1,-169.70000000000002,0.0,0.0,169.8,0.0,21.3,29.0,29.0,30.0,300.0,300.0,31.700000000000003,35.800000000000004,28.9,28.200000000000003,30.0,4.95,1.99,4.96,0.16,0.0,0.0,1027.0,8228.0,0.0,0.0,0.0,0.0,0.0,1.0,0.0,0.0,0.0,0.0,0.0,0.0,0.0,0.1,0.0,0.0,16.0,25903.0
2026-07-30T19:02:33.927Z,323.41,323.42400000000004,0.0,7.4,0.0,0.0,0.0,0.0,0.0,0.0,0.0,0.0,1.0,0.0,0.0,0.0,9.0,4.0,0.0,0.0,0.0,0.0,0.0,0.0,0.0,0.0,2.0,12.0,1.0,12.14,5.0200000000000005,2.51,1.49,0.0,0.0,0.0,133.1,0.0,0.7000000000000001,0.6000000000000001,-0.1,-169.70000000000002,0.0,0.0,169.70000000000002,0.0,21.4,29.0,29.0,30.0,300.0,300.0,31.6,35.800000000000004,28.9,28.200000000000003,30.0,4.96,1.99,4.96,0.17,0.0,0.0,1027.0,8228.0,0.0,0.0,0.0,0.0,0.0,1.0,0.0,0.0,0.0,0.0,0.0,0.6000000000000001,0.0,0.2,0.0,0.0,16.0,25903.0
2026-07-30T19:02:33.938Z,323.421,323.436,0.0,7.4,0.0,0.0,0.0,0.0,0.0,0.0,0.0,0.0,1.0,0.0,0.0,0.0,9.0,4.0,0.0,0.0,0.0,0.0,0.0,0.0,0.0,0.0,4.0,12.0,1.0,12.14,5.0200000000000005,2.51,1.49,0.0,0.0,0.0,133.20000000000002,0.0,-0.4,0.6000000000000001,0.4,-169.70000000000002,0.0,0.0,169.8,0.0,21.4,29.0,29.0,30.0,300.0,300.0,31.6,35.800000000000004,28.9,28.200000000000003,30.0,4.95,1.99,4.97,0.16,0.0,0.0,1027.0,8228.0,0.0,0.0,0.0,0.0,0.0,1.0,0.0,0.0,0.0,0.0,0.0,1.0,0.0,-0.2,0.0,0.0001,16.0,25903.0
2026-07-30T19:02:33.950Z,323.433,323.448,0.0,7.4,0.0,0.0,0.0,0.0,0.0,0.0,0.0,0.0,1.0,0.0,0.0,0.0,9.0,4.0,0.0,0.0,0.0,0.0,0.0,0.0,0.0,0.0,5.0,12.0,1.0,12.14,5.0200000000000005,2.51,1.49,0.0,0.1,0.0,133.4,0.0,0.7000000000000001,-0.4,-0.1,-169.70000000000002,0.0,0.0,169.8,0.0,21.4,29.0,29.0,30.0,300.0,300.0,31.6,35.800000000000004,28.9,28.200000000000003,30.0,4.96,1.99,4.97,0.16,0.0,0.0,1027.0,8228.0,0.0,0.0,0.0,0.0,0.0,1.0,0.0,0.0,0.0,0.0,0.0,-0.6000000000000001,0.0,0.0,0.0,0.0,16.0,25903.0
2026-07-30T19:02:33.962Z,323.445,323.46,0.0,7.4,0.0,0.0,0.0,0.0,0.0,0.0,0.0,0.0,1.0,0.0,0.0,0.0,9.0,4.0,0.0,0.0,0.0,0.0,0.0,0.0,0.0,0.0,6.0,12.0,1.0,12.14,5.0200000000000005,2.51,1.49,0.0,0.0,0.0,133.6,0.0,-0.3,0.7000000000000001,1.0,-169.70000000000002,0.0,0.0,169.8,0.0,21.4,29.0,29.0,30.0,300.0,300.0,31.6,35.800000000000004,28.9,28.200000000000003,30.0,4.96,2.0,4.97,0.16,0.0,0.0,1027.0,8228.0,0.0,0.0,0.0,0.0,0.0,1.0,0.0,0.0,0.0,0.0,0.0,1.6,0.0,-0.7000000000000001,0.0,0.0,16.0,25903.0
2026-07-30T19:02:33.974Z,323.457,323.472,0.0,7.4,0.0,0.0,0.0,0.0,0.0,0.0,0.0,0.0,1.0,0.0,0.0,0.0,9.0,4.0,0.0,0.0,0.0,0.0,0.0,0.0,0.0,0.0,2.0,12.0,1.0,12.14,5.0200000000000005,2.51,1.49,0.0,0.1,0.0,133.70000000000002,0.0,-0.9,0.7000000000000001,0.0,-169.70000000000002,0.0,0.0,169.70000000000002,0.0,21.4,29.0,29.0,30.0,300.0,300.0,31.6,35.800000000000004,28.9,28.200000000000003,30.0,4.95,1.99,4.97,0.16,0.0,0.0,1027.0,8228.0,0.0,0.0,0.0,0.0,0.0,1.0,0.0,0.0,0.0,0.0,0.0,0.8,0.0,0.1,0.0,0.0,16.0,25903.0
2026-07-30T19:02:33.986Z,323.469,323.484,0.0,7.4,0.0,0.0,0.0,0.0,0.0,0.0,0.0,0.0,1.0,0.0,0.0,0.0,9.0,4.0,0.0,0.0,0.0,0.0,0.0,0.0,0.0,0.0,3.0,12.0,1.0,12.14,5.0200000000000005,2.51,1.49,0.0,0.0,0.0,133.9,0.0,-0.3,-0.4,-0.6000000000000001,-169.70000000000002,0.0,0.0,169.60000000000002,0.0,21.4,29.0,29.0,30.0,300.0,300.0,31.6,35.800000000000004,28.9,28.200000000000003,30.0,4.95,1.99,4.97,0.16,0.0,0.0,1027.0,8228.0,0.0,0.0,0.0,0.0,0.0,1.0,0.0,0.0,0.0,0.0,0.0,-0.9,0.0,0.4,0.0,0.0,16.0,25903.0
2026-07-30T19:02:33.998Z,323.481,323.496,0.0,7.4,0.0,0.0,0.0,0.0,0.0,0.0,0.0,0.0,1.0,0.0,0.0,0.0,9.0,4.0,0.0,0.0,0.0,0.0,0.0,0.0,0.0,0.0,5.0,12.0,1.0,12.14,5.0200000000000005,2.51,1.49,0.0,0.0,0.0,134.1,0.0,0.8,-0.3,-1.1,-169.70000000000002,0.0,0.0,169.70000000000002,0.0,21.4,29.0,29.0,30.0,300.0,300.0,31.6,35.800000000000004,28.9,28.200000000000003,30.0,4.96,2.0,4.96,0.16,0.0,0.0,1027.0,8228.0,0.0,0.0,0.0,0.0,0.0,1.0,0.0,0.0,0.0,0.0,0.0,-1.3,0.0,0.9,0.0,0.0001,16.0,25903.0
2026-07-30T19:02:34.010Z,323.493,323.508,0.0,7.4,0.0,0.0,0.0,0.0,0.0,0.0,0.0,0.0,1.0,0.0,0.0,0.0,9.0,4.0,0.0,0.0,0.0,0.0,0.0,0.0,0.0,0.0,6.0,12.0,1.0,12.14,5.0200000000000005,2.51,1.49,0.0,0.0,0.0,134.1,0.0,0.2,0.2,-1.1,-169.70000000000002,0.0,0.0,169.8,0.0,21.4,29.0,29.0,30.0,300.0,300.0,31.6,35.800000000000004,28.9,28.200000000000003,30.0,4.96,1.99,4.96,0.15,0.0,0.0,1027.0,8228.0,0.0,0.0,0.0,0.0,0.0,1.0,0.0,0.0,0.0,0.0,0.0,-0.5,0.0,1.0,0.0,0.0,16.0,25903.0
2026-07-30T19:02:34.022Z,323.505,323.52,0.0,7.4,0.0,0.0,0.0,0.0,0.0,0.0,0.0,0.0,1.0,0.0,0.0,0.0,9.0,4.0,0.0,0.0,0.0,0.0,0.0,0.0,0.0,0.0,2.0,12.0,1.0,12.14,5.0200000000000005,2.51,1.49,0.0,0.0,0.0,133.9,0.0,0.8,1.4,0.0,-169.70000000000002,0.0,0.0,169.60000000000002,0.0,21.4,29.0,29.0,30.0,300.0,300.0,31.6,35.800000000000004,28.9,28.200000000000003,30.0,4.95,1.99,4.96,0.16,0.0,0.0,1027.0,8228.0,0.0,0.0,0.0,0.0,0.0,1.0,0.0,0.0,0.0,0.0,0.0,1.6,0.0,0.2,0.0,0.0,16.0,25903.0
2026-07-30T19:02:34.034Z,323.517,323.532,0.0,7.4,0.0,0.0,0.0,0.0,0.0,0.0,0.0,0.0,1.0,0.0,0.0,0.0,9.0,4.0,0.0,0.0,0.0,0.0,0.0,0.0,0.0,0.0,3.0,12.0,1.0,12.18,5.0200000000000005,2.51,1.49,0.0,0.0,0.0,133.8,0.0,-0.3,-0.3,-0.5,-169.70000000000002,0.0,0.0,169.8,0.0,20.9,29.0,29.0,30.0,300.0,300.0,31.700000000000003,35.7,28.9,28.1,30.0,4.96,1.99,4.97,0.16,0.0,0.0,1027.0,8228.0,0.0,0.0,0.0,0.0,0.0,1.0,0.0,0.0,0.0,0.0,0.0,-0.7000000000000001,0.0,0.3,0.0,0.0001,16.0,25903.0
2026-07-30T19:02:34.046Z,323.529,323.544,0.0,7.4,0.0,0.0,0.0,0.0,0.0,0.0,0.0,0.0,1.0,0.0,0.0,0.0,9.0,4.0,0.0,0.0,0.0,0.0,0.0,0.0,0.0,0.0,5.0,12.0,1.0,12.18,5.0200000000000005,2.51,1.49,0.0,0.0,0.0,133.70000000000002,0.0,-0.9,-0.3,1.2000000000000002,-169.70000000000002,0.0,0.0,169.70000000000002,0.0,20.9,29.0,29.0,30.0,300.0,300.0,31.700000000000003,35.7,28.9,28.1,30.0,4.95,2.0,4.96,0.16,0.0,0.0,1027.0,8228.0,0.0,0.0,0.0,0.0,0.0,1.0,0.0,0.0,0.0,0.0,0.0,0.5,0.0,-1.1,0.0,0.0,16.0,25903.0
2026-07-30T19:02:34.058Z,323.541,323.556,0.0,7.4,0.0,0.0,0.0,0.0,0.0,0.0,0.0,0.0,1.0,0.0,0.0,0.0,9.0,4.0,0.0,0.0,0.0,0.0,0.0,0.0,0.0,0.0,6.0,12.0,1.0,12.18,5.0200000000000005,2.51,1.49,0.0,0.0,0.0,133.6,0.0,-0.3,-0.3,0.1,-169.70000000000002,0.0,0.0,169.8,0.0,20.9,29.0,29.0,30.0,300.0,300.0,31.700000000000003,35.7,28.9,28.1,30.0,4.95,1.99,4.97,0.16,0.0,0.0,1027.0,8228.0,0.0,0.0,0.0,0.0,0.0,1.0,0.0,0.0,0.0,0.0,0.0,-0.2,0.0,-0.1,0.0,0.0,16.0,25903.0
2026-07-30T19:02:34.070Z,323.553,323.568,0.0,7.4,0.0,0.0,0.0,0.0,0.0,0.0,0.0,0.0,1.0,0.0,0.0,0.0,9.0,4.0,0.0,0.0,0.0,0.0,0.0,0.0,0.0,0.0,1.0,12.0,1.0,12.18,5.0200000000000005,2.51,1.49,-0.1,0.1,0.0,133.5,0.0,0.8,1.4,0.0,-169.70000000000002,0.0,0.0,169.70000000000002,0.0,20.9,29.0,29.0,30.0,300.0,300.0,31.700000000000003,35.7,28.9,28.1,30.0,4.95,1.99,4.97,0.17,0.0,0.0,1027.0,8228.0,0.0,0.0,0.0,0.0,0.0,1.0,0.0,0.0,0.0,0.0,0.0,1.6,0.0,0.2,0.0,0.0,16.0,25903.0
2026-07-30T19:02:34.082Z,323.565,323.58,0.0,7.4,0.0,0.0,0.0,0.0,0.0,0.0,0.0,0.0,1.0,0.0,0.0,0.0,9.0,4.0,0.0,0.0,0.0,0.0,0.0,0.0,0.0,0.0,3.0,12.0,1.0,12.18,5.0200000000000005,2.51,1.49,0.0,0.0,0.0,133.3,0.0,-0.3,1.4,-0.5,-169.70000000000002,0.0,0.0,169.60000000000002,0.0,20.9,29.0,29.0,30.0,300.0,300.0,31.700000000000003,35.7,28.9,28.1,30.0,4.96,1.99,4.96,0.16,0.0,0.0,1027.0,8228.0,0.0,0.0,0.0,0.0,0.0,1.0,0.0,0.0,0.0,0.0,0.0,1.2000000000000002,0.0,0.7000000000000001,0.0,0.0,16.0,25903.0
2026-07-30T19:02:34.094Z,323.577,323.592,0.0,7.4,0.0,0.0,0.0,0.0,0.0,0.0,0.0,0.0,1.0,0.0,0.0,0.0,9.0,4.0,0.0,0.0,0.0,0.0,0.0,0.0,0.0,0.0,4.0,12.0,1.0,12.18,5.0200000000000005,2.51,1.49,0.0,0.0,0.0,133.3,0.0,-0.9,-0.9,-0.5,-169.70000000000002,0.0,0.0,169.8,0.0,20.9,29.0,29.0,30.0,300.0,300.0,31.700000000000003,35.7,28.9,28.1,30.0,4.95,1.99,4.96,0.16,0.0,0.0,1027.0,8228.0,0.0,0.0,0.0,0.0,0.0,1.0,0.0,0.0,0.0,0.0,0.0,0.2,0.0,0.0,0.0,0.0001,16.0,25903.0
2026-07-30T19:02:34.106Z,323.589,323.604,0.0,7.4,0.0,0.0,0.0,0.0,0.0,0.0,0.0,0.0,1.0,0.0,0.0,0.0,9.0,4.0,0.0,0.0,0.0,0.0,0.0,0.0,0.0,0.0,6.0,12.0,1.0,12.18,5.0200000000000005,2.51,1.49,0.0,0.0,0.0,133.1,0.0,0.2,0.2,0.6000000000000001,-169.70000000000002,0.0,0.0,169.70000000000002,0.0,20.9,29.0,29.0,30.0,300.0,300.0,31.700000000000003,35.7,28.9,28.1,30.0,4.95,1.99,4.96,0.16,0.0,0.0,1027.0,8228.0,0.0,0.0,0.0,0.0,0.0,1.0,0.0,0.0,0.0,0.0,0.0,0.5,0.0,0.6000000000000001,0.0,0.0001,16.0,25903.0
2026-07-30T19:02:34.118Z,323.601,323.616,0.0,7.4,0.0,0.0,0.0,0.0,0.0,0.0,0.0,0.0,1.0,0.0,0.0,0.0,9.0,4.0,0.0,0.0,0.0,0.0,0.0,0.0,0.0,0.0,1.0,12.0,1.0,12.18,5.0200000000000005,2.51,1.49,0.0,0.1,0.0,133.0,0.0,-0.3,-0.3,0.0,-169.70000000000002,0.0,0.0,169.70000000000002,0.0,20.9,29.0,29.0,30.0,300.0,300.0,31.700000000000003,35.7,28.9,28.1,30.0,4.96,1.99,4.96,0.16,0.0,0.0,1027.0,8228.0,0.0,0.0,0.0,0.0,0.0,1.0,0.0,0.0,0.0,0.0,0.0,2.2,0.0,-1.3,0.0,0.0,16.0,25903.0
2026-07-30T19:02:34.131Z,323.614,323.628,0.0,7.4,0.0,0.0,0.0,0.0,0.0,0.0,0.0,0.0,1.0,0.0,0.0,0.0,9.0,4.0,0.0,0.0,0.0,0.0,0.0,0.0,0.0,0.0,3.0,12.0,1.0,12.15,5.0200000000000005,2.51,1.49,0.0,0.0,0.0,133.0,0.0,0.2,-0.4,-0.6000000000000001,-169.70000000000002,0.0,0.0,169.70000000000002,0.0,21.700000000000003,29.0,29.0,30.0,300.0,300.0,31.700000000000003,35.7,28.9,28.1,30.0,4.95,1.99,4.97,0.16,0.0,0.0,1027.0,8228.0,0.0,0.0,0.0,0.0,0.0,1.0,0.0,0.0,0.0,0.0,0.0,-1.7000000000000002,0.0,1.4,0.0,0.0001,16.0,25903.0
2026-07-30T19:02:34.142Z,323.625,323.64,0.0,7.4,0.0,0.0,0.0,0.0,0.0,0.0,0.0,0.0,1.0,0.0,0.0,0.0,9.0,4.0,0.0,0.0,0.0,0.0,0.0,0.0,0.0,0.0,4.0,12.0,1.0,12.15,5.0200000000000005,2.51,1.49,0.0,0.0,0.0,132.8,0.0,-0.3,-1.0,-0.5,-169.70000000000002,0.0,0.0,169.60000000000002,0.0,21.700000000000003,29.0,29.0,30.0,300.0,300.0,31.700000000000003,35.7,28.9,28.1,30.0,4.95,1.99,4.97,0.16,0.0,0.0,1027.0,8228.0,0.0,0.0,0.0,0.0,0.0,1.0,0.0,0.0,0.0,0.0,0.0,-1.5,0.0,0.3,0.0,0.0,16.0,25903.0
2026-07-30T19:02:34.154Z,323.637,323.652,0.0,7.4,0.0,0.0,0.0,0.0,0.0,0.0,0.0,0.0,1.0,0.0,0.0,0.0,9.0,4.0,0.0,0.0,0.0,0.0,0.0,0.0,0.0,0.0,5.0,12.0,1.0,12.15,5.0200000000000005,2.51,1.49,0.0,0.0,0.0,132.70000000000002,0.0,0.2,0.7000000000000001,0.0,-169.70000000000002,0.0,0.0,169.60000000000002,0.0,21.700000000000003,29.0,29.0,30.0,300.0,300.0,31.700000000000003,35.7,28.9,28.1,30.0,4.95,1.99,4.96,0.16,0.0,0.0,1027.0,8228.0,0.0,0.0,0.0,0.0,0.0,1.0,0.0,0.0,0.0,0.0,0.0,0.8,0.0,0.1,0.0,0.0,16.0,25903.0
2026-07-30T19:02:34.166Z,323.649,323.664,0.0,7.4,0.0,0.0,0.0,0.0,0.0,0.0,0.0,0.0,1.0,0.0,0.0,0.0,9.0,4.0,0.0,0.0,0.0,0.0,0.0,0.0,0.0,0.0,1.0,12.0,1.0,12.15,5.0200000000000005,2.51,1.49,0.0,0.1,0.0,132.6,0.0,-0.3,0.7000000000000001,0.5,-169.70000000000002,0.0,0.0,169.70000000000002,0.0,21.700000000000003,29.0,29.0,30.0,300.0,300.0,31.700000000000003,35.7,28.9,28.1,30.0,4.96,1.99,4.96,0.16,0.0,0.0,1027.0,8228.0,0.0,0.0,0.0,0.0,0.0,1.0,0.0,0.0,0.0,0.0,0.0,1.2000000000000002,0.0,-0.3,0.0,0.0,16.0,25903.0
2026-07-30T19:02:34.178Z,323.661,323.676,0.0,7.4,0.0,0.0,0.0,0.0,0.0,0.0,0.0,0.0,1.0,0.0,0.0,0.0,9.0,4.0,0.0,0.0,0.0,0.0,0.0,0.0,0.0,0.0,2.0,12.0,1.0,12.15,5.0200000000000005,2.51,1.49,0.0,0.0,0.0,132.5,0.0,1.3,0.1,2.3000000000000003,-169.70000000000002,0.0,0.0,169.70000000000002,0.0,21.700000000000003,29.0,29.0,30.0,300.0,300.0,31.700000000000003,35.7,28.9,28.1,30.0,4.95,1.99,4.96,0.16,0.0,0.0,1027.0,8228.0,0.0,0.0,0.0,0.0,0.0,1.0,0.0,0.0,0.0,0.0,0.0,1.9,0.0,-2.0,0.0,0.0,16.0,25903.0
2026-07-30T19:02:34.190Z,323.673,323.688,0.0,7.4,0.0,0.0,0.0,0.0,0.0,0.0,0.0,0.0,1.0,0.0,0.0,0.0,9.0,4.0,0.0,0.0,0.0,0.0,0.0,0.0,0.0,0.0,4.0,12.0,1.0,12.15,5.0200000000000005,2.51,1.49,0.0,0.0,0.0,132.3,0.0,0.2,-0.4,1.1,-169.70000000000002,0.0,0.0,169.70000000000002,0.0,21.700000000000003,29.0,29.0,30.0,300.0,300.0,31.700000000000003,35.7,28.9,28.1,30.0,4.96,1.99,4.96,0.16,0.0,0.0,1027.0,8228.0,0.0,0.0,0.0,0.0,0.0,1.0,0.0,0.0,0.0,0.0,0.0,0.3,0.0,-1.1,0.0,0.0,16.0,25903.0
2026-07-30T19:02:34.202Z,323.685,323.7,0.0,7.4,0.0,0.0,0.0,0.0,0.0,0.0,0.0,0.0,1.0,0.0,0.0,0.0,9.0,4.0,0.0,0.0,0.0,0.0,0.0,0.0,0.0,0.0,5.0,12.0,1.0,12.15,5.0200000000000005,2.51,1.49,0.0,0.0,0.0,132.3,0.0,-0.3,0.7000000000000001,-0.5,-169.70000000000002,0.0,0.0,169.70000000000002,0.0,21.700000000000003,29.0,29.0,30.0,300.0,300.0,31.700000000000003,35.7,28.9,28.1,30.0,4.96,1.99,4.96,0.16,0.0,0.0,1027.0,8228.0,0.0,0.0,0.0,0.0,0.0,1.0,0.0,0.0,0.0,0.0,0.0,0.4,0.0,0.6000000000000001,0.0,0.0,16.0,25903.0
2026-07-30T19:02:34.214Z,323.697,323.712,0.0,7.4,0.0,0.0,0.0,0.0,0.0,0.0,0.0,0.0,1.0,0.0,0.0,0.0,9.0,4.0,0.0,0.0,0.0,0.0,0.0,0.0,0.0,0.0,6.0,12.0,1.0,12.15,5.0200000000000005,2.51,1.49,-0.1,0.0,0.0,132.20000000000002,0.0,0.2,0.7000000000000001,0.0,-169.70000000000002,0.0,0.0,169.60000000000002,0.0,21.700000000000003,29.0,29.0,30.0,300.0,300.0,31.700000000000003,35.7,28.9,28.1,30.0,4.95,1.99,4.96,0.16,0.0,0.0,1027.0,8228.0,0.0,0.0,0.0,0.0,0.0,1.0,0.0,0.0,0.0,0.0,0.0,0.8,0.0,0.1,0.0,0.0,16.0,25903.0
2026-07-30T19:02:34.227Z,323.71,323.724,0.0,7.4,0.0,0.0,0.0,0.0,0.0,0.0,0.0,0.0,1.0,0.0,0.0,0.0,9.0,4.0,0.0,0.0,0.0,0.0,0.0,0.0,0.0,0.0,1.0,12.0,1.0,12.15,5.0200000000000005,2.51,1.49,0.0,0.0,0.0,132.1,0.0,0.2,-0.4,-1.2000000000000002,-169.70000000000002,0.0,0.0,169.70000000000002,0.0,21.700000000000003,29.0,29.0,30.0,300.0,300.0,31.700000000000003,35.7,28.9,28.1,30.0,4.96,1.99,4.97,0.16,0.0,0.0,1027.0,8228.0,0.0,0.0,0.0,0.0,0.0,1.0,0.0,0.0,0.0,0.0,0.0,-1.3,0.0,0.9,0.0,0.0,16.0,25903.0
2026-07-30T19:02:34.238Z,323.721,323.736,0.0,7.4,0.0,0.0,0.0,0.0,0.0,0.0,0.0,0.0,1.0,0.0,0.0,0.0,9.0,4.0,0.0,0.0,0.0,0.0,0.0,0.0,0.0,0.0,2.0,12.0,1.0,12.18,5.0200000000000005,2.51,1.49,0.0,0.0,0.0,132.0,0.0,-0.8,-1.0,0.5,-169.70000000000002,0.0,0.0,169.8,0.0,21.700000000000003,29.0,29.0,30.0,300.0,300.0,31.700000000000003,35.7,28.9,28.1,30.0,4.96,1.99,4.96,0.16,0.0,0.0,1027.0,8228.0,0.0,0.0,0.0,0.0,0.0,1.0,0.0,0.0,0.0,0.0,0.0,-0.7000000000000001,0.0,-0.6000000000000001,0.0,0.0,16.0,25903.0
2026-07-30T19:02:34.250Z,323.733,323.748,0.0,7.4,0.0,0.0,0.0,0.0,0.0,0.0,0.0,0.0,1.0,0.0,0.0,0.0,9.0,4.0,0.0,0.0,0.0,0.0,0.0,0.0,0.0,0.0,4.0,12.0,1.0,12.18,5.0200000000000005,2.51,1.49,0.0,0.0,0.0,131.8,0.0,-0.2,-0.4,0.0,-169.60000000000002,0.0,0.0,169.60000000000002,0.0,21.700000000000003,29.0,29.0,30.0,300.0,300.0,31.700000000000003,35.7,28.9,28.1,30.0,4.96,1.99,4.96,0.16,0.0,0.0,1027.0,8228.0,0.0,0.0,0.0,0.0,0.0,1.0,0.0,0.0,0.0,0.0,0.0,-0.5,0.0,0.0,0.0,0.0,16.0,25903.0
2026-07-30T19:02:34.262Z,323.745,323.76,0.0,7.4,0.0,0.0,0.0,0.0,0.0,0.0,0.0,0.0,1.0,0.0,0.0,0.0,9.0,4.0,0.0,0.0,0.0,0.0,0.0,0.0,0.0,0.0,5.0,12.0,1.0,12.18,5.0200000000000005,2.51,1.49,0.0,0.0,0.0,131.70000000000002,0.0,-0.2,0.1,0.0,-169.60000000000002,0.0,0.0,169.70000000000002,0.0,21.700000000000003,29.0,29.0,30.0,300.0,300.0,31.700000000000003,35.7,28.9,28.1,30.0,4.95,1.99,4.96,0.16,0.0,0.0,1027.0,8228.0,0.0,0.0,0.0,0.0,0.0,1.0,0.0,0.0,0.0,0.0,0.0,0.1,0.0,0.0,0.0,0.0,16.0,25903.0
2026-07-30T19:02:34.274Z,323.757,323.772,0.0,7.4,0.0,0.0,0.0,0.0,0.0,0.0,0.0,0.0,1.0,0.0,0.0,0.0,9.0,4.0,0.0,0.0,0.0,0.0,0.0,0.0,0.0,0.0,6.0,12.0,1.0,12.18,5.0200000000000005,2.51,1.49,0.0,0.1,0.0,131.6,0.0,0.2,-0.4,0.0,-169.60000000000002,0.0,0.0,169.8,0.0,21.700000000000003,29.0,29.0,30.0,300.0,300.0,31.700000000000003,35.7,28.9,28.1,30.0,4.95,1.99,4.96,0.16,0.0,0.0,1027.0,8228.0,0.0,0.0,0.0,0.0,0.0,1.0,0.0,0.0,0.0,0.0,0.0,-0.5,0.0,0.0,0.0,0.0,16.0,25903.0
2026-07-30T19:02:34.287Z,323.77,323.784,0.0,7.4,0.0,0.0,0.0,0.0,0.0,0.0,0.0,0.0,1.0,0.0,0.0,0.0,9.0,4.0,0.0,0.0,0.0,0.0,0.0,0.0,0.0,0.0,1.0,12.0,1.0,12.18,5.0200000000000005,2.51,1.49,0.0,0.0,0.0,131.5,0.0,0.2,-1.0,-0.6000000000000001,-169.60000000000002,0.0,0.0,169.60000000000002,0.0,21.700000000000003,29.0,29.0,30.0,300.0,300.0,31.700000000000003,35.7,28.9,28.1,30.0,4.95,1.99,4.97,0.16,0.0,0.0,1027.0,8228.0,0.0,0.0,0.0,0.0,0.0,1.0,0.0,0.0,0.0,0.0,0.0,-1.6,0.0,0.3,0.0,0.0,16.0,25903.0
2026-07-30T19:02:34.298Z,323.781,323.796,0.0,7.4,0.0,0.0,0.0,0.0,0.0,0.0,0.0,0.0,1.0,0.0,0.0,0.0,9.0,4.0,0.0,0.0,0.0,0.0,0.0,0.0,0.0,0.0,2.0,12.0,1.0,12.18,5.0200000000000005,2.51,1.49,0.0,0.0,0.0,131.5,0.0,0.9,0.7000000000000001,0.4,-169.60000000000002,0.0,0.0,169.60000000000002,0.0,21.700000000000003,29.0,29.0,30.0,300.0,300.0,31.700000000000003,35.7,28.9,28.1,30.0,4.95,1.99,4.97,0.16,0.0,0.0,1027.0,8228.0,0.0,0.0,0.0,0.0,0.0,1.0,0.0,0.0,0.0,0.0,0.0,1.1,0.0,-0.2,0.0,0.0,16.0,25903.0
2026-07-30T19:02:34.311Z,323.794,323.808,0.0,7.4,0.0,0.0,0.0,0.0,0.0,0.0,0.0,0.0,1.0,0.0,0.0,0.0,9.0,4.0,0.0,0.0,0.0,0.0,0.0,0.0,0.0,0.0,3.0,12.0,1.0,12.18,5.0200000000000005,2.51,1.49,0.0,0.0,0.0,131.3,0.0,0.3,-0.4,-1.2000000000000002,-169.60000000000002,0.0,0.0,169.70000000000002,0.0,21.700000000000003,29.0,29.0,30.0,300.0,300.0,31.700000000000003,35.7,28.9,28.1,30.0,4.96,1.99,4.97,0.16,0.0,0.0,1027.0,8228.0,0.0,0.0,0.0,0.0,0.0,1.0,0.0,0.0,0.0,0.0,0.0,-1.4,0.0,0.9,0.0,0.0,16.0,25903.0
2026-07-30T19:02:34.322Z,323.805,323.82,0.0,7.4,0.0,0.0,0.0,0.0,0.0,0.0,0.0,0.0,1.0,0.0,0.0,0.0,9.0,4.0,0.0,0.0,0.0,0.0,0.0,0.0,0.0,0.0,4.0,12.0,1.0,12.18,5.0200000000000005,2.51,1.49,0.0,0.1,0.0,131.20000000000002,0.0,0.3,-1.0,-0.6000000000000001,-169.60000000000002,0.0,0.0,169.70000000000002,0.0,21.700000000000003,29.0,29.0,30.0,300.0,300.0,31.700000000000003,35.7,28.9,28.1,30.0,4.96,1.99,4.96,0.16,0.0,0.0,1027.0,8228.0,0.0,0.0,0.0,0.0,0.0,1.0,0.0,0.0,0.0,0.0,0.0,-1.6,0.0,0.3,0.0,0.0,16.0,25903.0
2026-07-30T19:02:34.335Z,323.818,323.832,0.0,7.4,0.0,0.0,0.0,0.0,0.0,0.0,0.0,0.0,1.0,0.0,0.0,0.0,9.0,4.0,0.0,0.0,0.0,0.0,0.0,0.0,0.0,0.0,5.0,12.0,1.0,12.19,5.0200000000000005,2.5,1.49,0.0,0.0,0.0,131.1,0.0,-0.2,-0.4,0.0,-169.60000000000002,0.0,0.0,169.60000000000002,0.0,21.4,29.0,29.0,30.0,300.0,300.0,31.700000000000003,35.800000000000004,28.9,28.1,30.0,4.95,1.99,4.97,0.16,0.0,0.0,1027.0,8228.0,0.0,0.0,0.0,0.0,0.0,1.0,0.0,0.0,0.0,0.0,0.0,-0.4,0.0,0.0,0.0,0.0,16.0,25903.0
2026-07-30T19:02:34.346Z,323.829,323.844,0.0,7.4,0.0,0.0,0.0,0.0,0.0,0.0,0.0,0.0,1.0,0.0,0.0,0.0,9.0,4.0,0.0,0.0,0.0,0.0,0.0,0.0,0.0,0.0,6.0,12.0,1.0,12.19,5.0200000000000005,2.5,1.49,0.0,0.0,0.0,131.0,0.0,0.9,-0.4,0.0,-169.60000000000002,0.0,0.0,169.70000000000002,0.0,21.4,29.0,29.0,30.0,300.0,300.0,31.700000000000003,35.800000000000004,28.9,28.1,30.0,4.95,1.99,4.96,0.16,0.0,0.0,1027.0,8228.0,0.0,0.0,0.0,0.0,0.0,1.0,0.0,0.0,0.0,0.0,0.0,-0.4,0.0,0.0,0.0,0.0,16.0,25903.0
2026-07-30T19:02:34.358Z,323.841,323.856,0.0,7.4,0.0,0.0,0.0,0.0,0.0,0.0,0.0,0.0,1.0,0.0,0.0,0.0,9.0,4.0,0.0,0.0,0.0,0.0,0.0,0.0,0.0,0.0,2.0,12.0,1.0,12.19,5.0200000000000005,2.5,1.49,0.0,0.0,0.0,130.9,0.0,-0.2,1.3,1.1,-169.60000000000002,0.0,0.0,169.70000000000002,0.0,21.4,29.0,29.0,30.0,300.0,300.0,31.700000000000003,35.800000000000004,28.9,28.1,30.0,4.96,2.0,4.96,0.16,0.0,0.0,1027.0,8228.0,0.0,0.0,0.0,0.0,0.0,1.0,0.0,0.0,0.0,0.0,0.0,2.4000000000000004,0.0,-0.7000000000000001,0.0,0.0,16.0,25903.0
2026-07-30T19:02:34.370Z,323.853,323.868,0.0,7.4,0.0,0.0,0.0,0.0,0.0,0.0,0.0,0.0,1.0,0.0,0.0,0.0,9.0,4.0,0.0,0.0,0.0,0.0,0.0,0.0,0.0,0.0,3.0,12.0,1.0,12.19,5.0200000000000005,2.5,1.49,0.0,0.1,0.0,130.8,0.0,0.3,-0.4,-0.6000000000000001,-169.60000000000002,0.0,0.0,169.70000000000002,0.0,21.4,29.0,29.0,30.0,300.0,300.0,31.700000000000003,35.800000000000004,28.9,28.1,30.0,4.95,2.0,4.96,0.16,0.0,0.0,1027.0,8228.0,0.0,0.0,0.0,0.0,0.0,1.0,0.0,0.0,0.0,0.0,0.0,-0.9,0.0,0.4,0.0,0.0,16.0,25903.0
2026-07-30T19:02:34.383Z,323.866,323.88,0.0,7.4,0.0,0.0,0.0,0.0,0.0,0.0,0.0,0.0,1.0,0.0,0.0,0.0,9.0,4.0,0.0,0.0,0.0,0.0,0.0,0.0,0.0,0.0,5.0,12.0,1.0,12.19,5.0200000000000005,2.5,1.49,0.0,0.1,0.0,130.70000000000002,0.0,-0.2,-0.4,-1.2000000000000002,-169.60000000000002,0.0,0.0,169.60000000000002,0.0,21.4,29.0,29.0,30.0,300.0,300.0,31.700000000000003,35.800000000000004,28.9,28.1,30.0,4.96,1.99,4.97,0.16,0.0,0.0,1027.0,8228.0,0.0,0.0,0.0,0.0,0.0,1.0,0.0,0.0,0.0,0.0,0.0,-1.3,0.0,0.9,0.0,0.0,16.0,25903.0
2026-07-30T19:02:34.394Z,323.877,323.892,0.0,7.4,0.0,0.0,0.0,0.0,0.0,0.0,0.0,0.0,1.0,0.0,0.0,0.0,9.0,4.0,0.0,0.0,0.0,0.0,0.0,0.0,0.0,0.0,3.0,12.0,1.0,12.19,5.0200000000000005,2.5,1.49,0.0,0.0,0.0,130.6,0.0,0.3,0.1,0.0,-169.60000000000002,0.0,0.0,169.70000000000002,0.0,21.4,29.0,29.0,30.0,300.0,300.0,31.700000000000003,35.800000000000004,28.9,28.1,30.0,4.96,1.99,4.96,0.16,0.0,0.0,1027.0,8228.0,0.0,0.0,0.0,0.0,0.0,1.0,0.0,0.0,0.0,0.0,0.0,0.1,0.0,0.0,0.0,0.0,16.0,25903.0
2026-07-30T19:02:34.406Z,323.889,323.904,0.0,7.4,0.0,0.0,0.0,0.0,0.0,0.0,0.0,0.0,1.0,0.0,0.0,0.0,9.0,4.0,0.0,0.0,0.0,0.0,0.0,0.0,0.0,0.0,5.0,12.0,1.0,12.19,5.0200000000000005,2.5,1.49,0.0,0.0,0.0,130.4,0.0,0.9,0.6000000000000001,0.5,-169.60000000000002,0.0,0.0,169.8,0.0,21.4,29.0,29.0,30.0,300.0,300.0,31.700000000000003,35.800000000000004,28.9,28.1,30.0,4.96,1.99,4.96,0.16,0.0,0.0,1027.0,8228.0,0.0,0.0,0.0,0.0,0.0,1.0,0.0,0.0,0.0,0.0,0.0,1.2000000000000002,0.0,-0.3,0.0,0.0,16.0,25903.0
2026-07-30T19:02:34.418Z,323.901,323.916,0.0,7.4,0.0,0.0,0.0,0.0,0.0,0.0,0.0,0.0,1.0,0.0,0.0,0.0,9.0,4.0,0.0,0.0,0.0,0.0,0.0,0.0,0.0,0.0,6.0,12.0,1.0,12.19,5.0200000000000005,2.5,1.49,0.0,0.0,0.0,130.4,0.0,-0.2,-0.4,0.5,-169.60000000000002,0.0,0.0,169.70000000000002,0.0,21.4,29.0,29.0,30.0,300.0,300.0,31.700000000000003,35.800000000000004,28.9,28.1,30.0,4.95,1.99,4.97,0.16,0.0,0.0,1027.0,8228.0,0.0,0.0,0.0,0.0,0.0,1.0,0.0,0.0,0.0,0.0,0.0,-0.1,0.0,-0.6000000000000001,0.0,0.0001,16.0,25903.0
2026-07-30T19:02:34.430Z,323.913,323.928,0.0,7.4,0.0,0.0,0.0,0.0,0.0,0.0,0.0,0.0,1.0,0.0,0.0,0.0,9.0,4.0,0.0,0.0,0.0,0.0,0.0,0.0,0.0,0.0,1.0,12.0,1.0,12.19,5.0200000000000005,2.5,1.49,0.0,0.0,0.0,130.4,0.0,0.3,-0.4,0.0,-169.60000000000002,0.0,0.0,169.8,0.0,21.4,29.0,29.0,30.0,300.0,300.0,31.700000000000003,35.800000000000004,28.9,28.1,30.0,4.96,1.99,4.97,0.16,0.0,0.0,1027.0,8228.0,0.0,0.0,0.0,0.0,0.0,1.0,0.0,0.0,0.0,0.0,0.0,-0.5,0.0,0.0,0.0,0.0,16.0,25903.0
2026-07-30T19:02:34.442Z,323.925,323.94,0.0,7.4,0.0,0.0,0.0,0.0,0.0,0.0,0.0,0.0,1.0,0.0,0.0,0.0,9.0,4.0,0.0,0.0,0.0,0.0,0.0,0.0,0.0,0.0,4.0,12.0,1.0,12.18,5.0200000000000005,2.51,1.49,0.0,0.1,0.0,130.6,0.0,0.3,0.7000000000000001,1.1,-169.60000000000002,0.0,0.0,169.70000000000002,0.0,21.0,29.0,29.0,30.0,300.0,300.0,31.700000000000003,35.800000000000004,28.9,28.1,30.0,4.96,1.99,4.96,0.16,0.0,0.0,1027.0,8228.0,0.0,0.0,0.0,0.0,0.0,1.0,0.0,0.0,0.0,0.0,0.0,1.7000000000000002,0.0,-0.8,0.0,0.0,16.0,25903.0
2026-07-30T19:02:34.453Z,323.936,323.952,0.0,7.4,0.0,0.0,0.0,0.0,0.0,0.0,0.0,0.0,1.0,0.0,0.0,0.0,9.0,4.0,0.0,0.0,0.0,0.0,0.0,0.0,0.0,0.0,5.0,12.0,1.0,12.18,5.0200000000000005,2.51,1.49,0.0,0.0,0.0,130.8,0.0,0.8,0.7000000000000001,-1.1,-169.70000000000002,0.0,0.0,169.8,0.0,21.0,29.0,29.0,30.0,300.0,300.0,31.700000000000003,35.800000000000004,28.9,28.1,30.0,4.95,1.99,4.96,0.16,0.0,0.0,1027.0,8228.0,0.0,0.0,0.0,0.0,0.0,1.0,0.0,0.0,0.0,0.0,0.0,0.0,0.0,1.1,0.0,0.0,16.0,25903.0
2026-07-30T19:02:34.466Z,323.949,323.964,0.0,7.4,0.0,0.0,0.0,0.0,0.0,0.0,0.0,0.0,1.0,0.0,0.0,0.0,9.0,4.0,0.0,0.0,0.0,0.0,0.0,0.0,0.0,0.0,1.0,12.0,1.0,12.18,5.0200000000000005,2.51,1.49,0.0,0.0,0.0,131.0,0.0,0.2,-0.4,0.0,-169.70000000000002,0.0,0.0,169.8,0.0,21.0,29.0,29.0,30.0,300.0,300.0,31.700000000000003,35.800000000000004,28.9,28.1,30.0,4.96,1.99,4.97,0.16,0.0,0.0,1027.0,8228.0,0.0,0.0,0.0,0.0,0.0,1.0,0.0,0.0,0.0,0.0,0.0,-0.5,0.0,0.0,0.0,0.0,16.0,25903.0
2026-07-30T19:02:34.478Z,323.961,323.976,0.0,7.4,0.0,0.0,0.0,0.0,0.0,0.0,0.0,0.0,1.0,0.0,0.0,0.0,9.0,4.0,0.0,0.0,0.0,0.0,0.0,0.0,0.0,0.0,2.0,12.0,1.0,12.18,5.0200000000000005,2.51,1.49,0.0,0.0,0.0,131.1,0.0,0.2,-1.0,0.0,-169.70000000000002,0.0,0.0,169.70000000000002,0.0,21.0,29.0,29.0,30.0,300.0,300.0,31.700000000000003,35.800000000000004,28.9,28.1,30.0,4.96,1.99,4.96,0.16,0.0,0.0,1027.0,8228.0,0.0,0.0,0.0,0.0,0.0,1.0,0.0,0.0,0.0,0.0,0.0,-1.1,0.0,-0.1,0.0,0.0,16.0,25903.0
2026-07-30T19:02:34.490Z,323.973,323.988,0.0,7.4,0.0,0.0,0.0,0.0,0.0,0.0,0.0,0.0,1.0,0.0,0.0,0.0,9.0,4.0,0.0,0.0,0.0,0.0,0.0,0.0,0.0,0.0,4.0,12.0,1.0,12.18,5.0200000000000005,2.51,1.49,0.0,0.0,0.0,131.4,0.0,0.2,0.1,0.0,-169.70000000000002,0.0,0.0,169.70000000000002,0.0,21.0,29.0,29.0,30.0,300.0,300.0,31.700000000000003,35.800000000000004,28.9,28.1,30.0,4.96,1.99,4.97,0.16,0.0,0.0,1027.0,8228.0,0.0,0.0,0.0,0.0,0.0,1.0,0.0,0.0,0.0,0.0,0.0,0.1,0.0,0.0,0.0,0.0,16.0,25903.0
2026-07-30T19:02:34.502Z,323.985,324.0,0.0,7.4,0.0,0.0,0.0,0.0,0.0,0.0,0.0,0.0,1.0,0.0,0.0,0.0,9.0,4.0,0.0,0.0,0.0,0.0,0.0,0.0,0.0,0.0,5.0,12.0,1.0,12.18,5.0200000000000005,2.51,1.49,0.0,0.0,0.0,131.4,0.0,0.2,0.6000000000000001,0.0,-169.70000000000002,0.0,0.0,169.70000000000002,0.0,21.0,29.0,29.0,30.0,300.0,300.0,31.700000000000003,35.800000000000004,28.9,28.1,30.0,4.95,1.99,4.97,0.16,0.0,0.0,1027.0,8228.0,0.0,0.0,0.0,0.0,0.0,1.0,0.0,0.0,0.0,0.0,0.0,0.7000000000000001,0.0,0.1,0.0,0.0,16.0,25903.0
2026-07-30T19:02:34.514Z,323.997,324.012,0.0,7.4,0.0,0.0,0.0,0.0,0.0,0.0,0.0,0.0,1.0,0.0,0.0,0.0,9.0,4.0,0.0,0.0,0.0,0.0,0.0,0.0,0.0,0.0,6.0,12.0,1.0,12.18,5.0200000000000005,2.51,1.49,0.0,0.0,0.0,131.70000000000002,0.0,0.3,-1.0,0.6000000000000001,-169.70000000000002,0.0,0.0,169.8,0.0,21.0,29.0,29.0,30.0,300.0,300.0,31.700000000000003,35.800000000000004,28.9,28.1,30.0,4.96,1.99,4.96,0.16,0.0,0.0,1027.0,8228.0,0.0,0.0,0.0,0.0,0.0,1.0,0.0,0.0,0.0,0.0,0.0,-0.7000000000000001,0.0,-0.7000000000000001,0.0,0.0,16.0,25903.0
2026-07-30T19:02:34.526Z,324.009,324.024,0.0,7.4,0.0,0.0,0.0,0.0,0.0,0.0,0.0,0.0,1.0,0.0,0.0,0.0,9.0,4.0,0.0,0.0,0.0,0.0,0.0,0.0,0.0,0.0,2.0,12.0,1.0,12.18,5.0200000000000005,2.51,1.49,0.0,0.0,0.0,131.9,0.0,0.3,0.1,-0.5,-169.70000000000002,0.0,0.0,169.8,0.0,21.0,29.0,29.0,30.0,300.0,300.0,31.700000000000003,35.800000000000004,28.9,28.1,30.0,4.95,2.0,4.96,0.16,0.0,0.0,1027.0,8228.0,0.0,0.0,0.0,0.0,0.0,1.0,0.0,0.0,0.0,0.0,0.0,-0.2,0.0,0.5,0.0,0.0,16.0,25903.0
2026-07-30T19:02:34.539Z,324.022,324.036,0.0,7.4,0.0,0.0,0.0,0.0,0.0,0.0,0.0,0.0,1.0,0.0,0.0,0.0,9.0,4.0,0.0,0.0,0.0,0.0,0.0,0.0,0.0,0.0,3.0,12.0,1.0,12.17,5.01,2.51,1.49,0.0,0.0,0.0,132.1,0.0,0.9,0.7000000000000001,1.1,-169.70000000000002,0.0,0.0,169.70000000000002,0.0,21.3,29.0,29.0,30.0,300.0,300.0,31.700000000000003,35.800000000000004,28.9,28.1,30.0,4.95,1.99,4.97,0.16,0.0,0.0,1027.0,8228.0,0.0,0.0,0.0,0.0,0.0,1.0,0.0,0.0,0.0,0.0,0.0,1.7000000000000002,0.0,-0.8,0.0,0.0,16.0,25903.0
2026-07-30T19:02:34.550Z,324.033,324.048,0.0,7.4,0.0,0.0,0.0,0.0,0.0,0.0,0.0,0.0,1.0,0.0,0.0,0.0,9.0,4.0,0.0,0.0,0.0,0.0,0.0,0.0,0.0,0.0,5.0,12.0,1.0,12.17,5.01,2.51,1.49,0.0,0.0,0.0,132.3,0.0,0.3,1.2000000000000002,-1.2000000000000002,-169.70000000000002,0.0,0.0,169.70000000000002,0.0,21.3,29.0,29.0,30.0,300.0,300.0,31.700000000000003,35.800000000000004,28.9,28.1,30.0,4.95,1.99,4.97,0.16,0.0,0.0,1027.0,8228.0,0.0,0.0,0.0,0.0,0.0,1.0,0.0,0.0,0.0,0.0,0.0,0.5,0.0,1.3,0.0,0.0001,16.0,25903.0
2026-07-30T19:02:34.562Z,324.045,324.06,0.0,7.4,0.0,0.0,0.0,0.0,0.0,0.0,0.0,0.0,1.0,0.0,0.0,0.0,9.0,4.0,0.0,0.0,0.0,0.0,0.0,0.0,0.0,0.0,6.0,12.0,1.0,12.17,5.01,2.51,1.49,0.0,0.0,0.0,132.4,0.0,-0.2,-0.4,0.5,-169.70000000000002,0.0,0.0,169.8,0.0,21.3,29.0,29.0,30.0,300.0,300.0,31.700000000000003,35.800000000000004,28.9,28.1,30.0,4.96,1.99,4.96,0.15,0.0,0.0,1027.0,8228.0,0.0,0.0,0.0,0.0,0.0,1.0,0.0,0.0,0.0,0.0,0.0,0.0,0.0,-0.6000000000000001,0.0,0.0,16.0,25903.0
2026-07-30T19:02:34.574Z,324.057,324.072,0.0,7.4,0.0,0.0,0.0,0.0,0.0,0.0,0.0,0.0,1.0,0.0,0.0,0.0,9.0,4.0,0.0,0.0,0.0,0.0,0.0,0.0,0.0,0.0,1.0,12.0,1.0,12.17,5.01,2.51,1.49,0.0,0.0,0.0,132.6,0.0,-0.8,-0.4,1.1,-169.70000000000002,0.0,0.0,169.70000000000002,0.0,21.3,29.0,29.0,30.0,300.0,300.0,31.700000000000003,35.800000000000004,28.9,28.1,30.0,4.95,1.99,4.97,0.15,0.0,0.0,1027.0,8228.0,0.0,0.0,0.0,0.0,0.0,1.0,0.0,0.0,0.0,0.0,0.0,0.3,0.0,-1.1,0.0,0.0,16.0,25903.0
2026-07-30T19:02:34.586Z,324.069,324.084,0.0,7.4,0.0,0.0,0.0,0.0,0.0,0.0,0.0,0.0,1.0,0.0,0.0,0.0,9.0,4.0,0.0,0.0,0.0,0.0,0.0,0.0,0.0,0.0,2.0,12.0,1.0,12.17,5.01,2.51,1.49,0.0,0.0,0.0,132.8,0.0,0.9,1.2000000000000002,1.2000000000000002,-169.70000000000002,0.0,0.0,169.70000000000002,0.0,21.3,29.0,29.0,30.0,300.0,300.0,31.700000000000003,35.800000000000004,28.9,28.1,30.0,4.95,1.98,4.96,0.16,0.0,0.0,1027.0,8228.0,0.0,0.0,0.0,0.0,0.0,1.0,0.0,0.0,0.0,0.0,0.0,2.3000000000000003,0.0,-0.8,0.0,0.0001,16.0,25903.0
2026-07-30T19:02:34.598Z,324.081,324.096,0.0,7.4,0.0,0.0,0.0,0.0,0.0,0.0,0.0,0.0,1.0,0.0,0.0,0.0,9.0,4.0,0.0,0.0,0.0,0.0,0.0,0.0,0.0,0.0,3.0,12.0,1.0,12.17,5.01,2.51,1.49,0.0,0.0,0.0,132.9,0.0,-0.8,0.7000000000000001,0.0,-169.70000000000002,0.0,0.0,169.70000000000002,0.0,21.3,29.0,29.0,30.0,300.0,300.0,31.700000000000003,35.800000000000004,28.9,28.1,30.0,4.96,1.99,4.96,0.16,0.0,0.0,1027.0,8228.0,0.0,0.0,0.0,0.0,0.0,1.0,0.0,0.0,0.0,0.0,0.0,0.8,0.0,0.1,0.0,0.0,16.0,25903.0
2026-07-30T19:02:34.610Z,324.093,324.108,0.0,7.4,0.0,0.0,0.0,0.0,0.0,0.0,0.0,0.0,1.0,0.0,0.0,0.0,9.0,4.0,0.0,0.0,0.0,0.0,0.0,0.0,0.0,0.0,5.0,12.0,1.0,12.17,5.01,2.51,1.49,0.0,0.0,0.0,133.1,0.0,-0.2,-0.4,0.0,-169.70000000000002,0.0,0.0,169.70000000000002,0.0,21.3,29.0,29.0,30.0,300.0,300.0,31.700000000000003,35.800000000000004,28.9,28.1,30.0,4.96,1.99,4.96,0.16,0.0,0.0,1027.0,8228.0,0.0,0.0,0.0,0.0,0.0,1.0,0.0,0.0,0.0,0.0,0.0,0.5,0.0,-0.4,0.0,0.0,16.0,25903.0
2026-07-30T19:02:34.622Z,324.105,324.12,0.0,7.4,0.0,0.0,0.0,0.0,0.0,0.0,0.0,0.0,1.0,0.0,0.0,0.0,9.0,4.0,0.0,0.0,0.0,0.0,0.0,0.0,0.0,0.0,6.0,12.0,1.0,12.17,5.01,2.51,1.49,0.0,0.0,0.0,133.3,0.0,-0.3,-0.5,-0.7000000000000001,-169.70000000000002,0.0,0.0,169.8,0.0,21.3,29.0,29.0,30.0,300.0,300.0,31.700000000000003,35.800000000000004,28.9,28.1,30.0,4.95,1.99,4.97,0.16,0.0,0.0,1027.0,8228.0,0.0,0.0,0.0,0.0,0.0,1.0,0.0,0.0,0.0,0.0,0.0,-0.5,0.0,0.6000000000000001,0.0,0.0,16.0,25903.0
2026-07-30T19:02:34.634Z,324.117,324.132,0.0,7.4,0.0,0.0,0.0,0.0,0.0,0.0,0.0,0.0,1.0,0.0,0.0,0.0,9.0,4.0,0.0,0.0,0.0,0.0,0.0,0.0,0.0,0.0,2.0,12.0,1.0,12.17,5.01,2.51,1.49,0.0,0.0,0.0,133.5,0.0,-0.3,0.5,0.4,-169.70000000000002,0.0,0.0,169.8,0.0,21.3,29.0,29.0,30.0,300.0,300.0,31.700000000000003,35.800000000000004,28.9,28.1,30.0,4.95,1.99,4.96,0.16,0.0,0.0,1027.0,8228.0,0.0,0.0,0.0,0.0,0.0,1.0,0.0,0.0,0.0,0.0,0.0,0.3,0.0,-0.3,0.0,0.0001,16.0,25903.0
2026-07-30T19:02:34.646Z,324.129,324.144,0.0,7.4,0.0,0.0,0.0,0.0,0.0,0.0,0.0,0.0,1.0,0.0,0.0,0.0,9.0,4.0,0.0,0.0,0.0,0.0,0.0,0.0,0.0,0.0,3.0,12.0,1.0,12.14,5.03,2.51,1.49,0.0,0.0,0.0,133.70000000000002,0.0,-0.3,1.2000000000000002,-0.1,-169.70000000000002,0.0,0.0,169.8,0.0,21.700000000000003,29.0,29.0,30.0,300.0,300.0,31.700000000000003,35.800000000000004,29.0,28.1,30.0,4.96,1.99,4.96,0.16,0.0,0.0,1027.0,8228.0,0.0,0.0,0.0,0.0,0.0,1.0,0.0,0.0,0.0,0.0,0.0,1.2000000000000002,0.0,0.3,0.0,0.0,16.0,25903.0
2026-07-30T19:02:34.658Z,324.141,324.156,0.0,7.4,0.0,0.0,0.0,0.0,0.0,0.0,0.0,0.0,1.0,0.0,0.0,0.0,9.0,4.0,0.0,0.0,0.0,0.0,0.0,0.0,0.0,0.0,4.0,12.0,1.0,12.14,5.03,2.51,1.49,0.0,0.0,0.0,133.70000000000002,0.0,0.2,-0.5,-0.7000000000000001,-169.70000000000002,0.0,0.0,169.8,0.0,21.700000000000003,29.0,29.0,30.0,300.0,300.0,31.700000000000003,35.800000000000004,29.0,28.1,30.0,4.95,1.99,4.97,0.16,0.0,0.0,1027.0,8228.0,0.0,0.0,0.0,0.0,0.0,1.0,0.0,0.0,0.0,0.0,0.0,-1.1,0.0,0.5,0.0,0.0001,16.0,25903.0
2026-07-30T19:02:34.670Z,324.153,324.168,0.0,7.4,0.0,0.0,0.0,0.0,0.0,0.0,0.0,0.0,1.0,0.0,0.0,0.0,9.0,4.0,0.0,0.0,0.0,0.0,0.0,0.0,0.0,0.0,6.0,12.0,1.0,12.14,5.03,2.51,1.49,0.0,0.0,0.0,133.70000000000002,0.0,-0.3,-1.0,1.6,-169.70000000000002,0.0,0.0,169.70000000000002,0.0,21.700000000000003,29.0,29.0,30.0,300.0,300.0,31.700000000000003,35.800000000000004,29.0,28.1,30.0,4.95,1.99,4.96,0.16,0.0,0.0,1027.0,8228.0,0.0,0.0,0.0,0.0,0.0,1.0,0.0,0.0,0.0,0.0,0.0,0.0,0.0,-1.6,0.0,0.0,16.0,25903.0
2026-07-30T19:02:34.682Z,324.165,324.18,0.0,7.4,0.0,0.0,0.0,0.0,0.0,0.0,0.0,0.0,1.0,0.0,0.0,0.0,9.0,4.0,0.0,0.0,0.0,0.0,0.0,0.0,0.0,0.0,1.0,12.0,1.0,12.14,5.03,2.51,1.49,0.0,0.0,0.0,133.5,0.0,-0.3,0.0,-0.7000000000000001,-169.70000000000002,0.0,0.0,169.8,0.0,21.700000000000003,29.0,29.0,30.0,300.0,300.0,31.700000000000003,35.800000000000004,29.0,28.1,30.0,4.95,2.0,4.96,0.16,0.0,0.0,1027.0,8228.0,0.0,0.0,0.0,0.0,0.0,1.0,0.0,0.0,0.0,0.0,0.0,-0.4,0.0,0.6000000000000001,0.0,0.0,16.0,25903.0
2026-07-30T19:02:34.694Z,324.177,324.192,0.0,7.4,0.0,0.0,0.0,0.0,0.0,0.0,0.0,0.0,1.0,0.0,0.0,0.0,9.0,4.0,0.0,0.0,0.0,0.0,0.0,0.0,0.0,0.0,2.0,12.0,1.0,12.14,5.03,2.51,1.49,0.0,0.0,0.0,133.4,0.0,0.2,0.6000000000000001,-0.7000000000000001,-169.70000000000002,0.0,0.0,169.70000000000002,0.0,21.700000000000003,29.0,29.0,30.0,300.0,300.0,31.700000000000003,35.800000000000004,29.0,28.1,30.0,4.95,1.99,4.96,0.16,0.0,0.0,1027.0,8228.0,0.0,0.0,0.0,0.0,0.0,1.0,0.0,0.0,0.0,0.0,0.0,0.1,0.0,0.8,0.0,0.0,16.0,25903.0
2026-07-30T19:02:34.706Z,324.189,324.204,0.0,7.4,0.0,0.0,0.0,0.0,0.0,0.0,0.0,0.0,1.0,0.0,0.0,0.0,9.0,4.0,0.0,0.0,0.0,0.0,0.0,0.0,0.0,0.0,3.0,12.0,1.0,12.14,5.03,2.51,1.49,0.0,0.0,0.0,133.3,0.0,-0.8,0.0,1.0,-169.70000000000002,0.0,0.0,169.70000000000002,0.0,21.700000000000003,29.0,29.0,30.0,300.0,300.0,31.700000000000003,35.800000000000004,29.0,28.1,30.0,4.95,1.99,4.96,0.16,0.0,0.0,1027.0,8228.0,0.0,0.0,0.0,0.0,0.0,1.0,0.0,0.0,0.0,0.0,0.0,0.8,0.0,-0.9,0.0,0.0,16.0,25903.0
2026-07-30T19:02:34.718Z,324.201,324.216,0.0,7.4,0.0,0.0,0.0,0.0,0.0,0.0,0.0,0.0,1.0,0.0,0.0,0.0,9.0,4.0,0.0,0.0,0.0,0.0,0.0,0.0,0.0,0.0,4.0,12.0,1.0,12.14,5.03,2.51,1.49,0.0,0.0,0.0,133.20000000000002,0.0,-0.8,-0.5,2.7,-169.70000000000002,0.0,0.0,169.70000000000002,0.0,21.700000000000003,29.0,29.0,30.0,300.0,300.0,31.700000000000003,35.800000000000004,29.0,28.1,30.0,4.95,2.0,4.97,0.16,0.0,0.0,1027.0,8228.0,0.0,0.0,0.0,0.0,0.0,1.0,0.0,0.0,0.0,0.0,0.0,1.4,0.0,-2.5,0.0,0.0,16.0,25903.0
2026-07-30T19:02:34.730Z,324.213,324.228,0.0,7.4,0.0,0.0,0.0,0.0,0.0,0.0,0.0,0.0,1.0,0.0,0.0,0.0,9.0,4.0,0.0,0.0,0.0,0.0,0.0,0.0,0.0,0.0,5.0,12.0,1.0,12.14,5.03,2.51,1.49,0.0,0.0,0.0,133.1,0.0,-0.8,0.1,0.4,-169.70000000000002,0.0,0.0,169.70000000000002,0.0,21.700000000000003,29.0,29.0,30.0,300.0,300.0,31.700000000000003,35.800000000000004,29.0,28.1,30.0,4.95,2.0,4.97,0.16,0.0,0.0,1027.0,8228.0,0.0,0.0,0.0,0.0,0.0,1.0,0.0,0.0,0.0,0.0,0.0,0.4,0.0,-0.3,0.0,0.0,16.0,25903.0
2026-07-30T19:02:34.743Z,324.226,324.24,0.0,7.4,0.0,0.0,0.0,0.0,0.0,0.0,0.0,0.0,1.0,0.0,0.0,0.0,9.0,4.0,0.0,0.0,0.0,0.0,0.0,0.0,0.0,0.0,6.0,12.0,1.0,12.18,5.01,2.5,1.5,0.0,0.0,0.0,133.0,0.0,-0.2,-0.4,-1.8,-169.70000000000002,0.0,0.0,169.60000000000002,0.0,21.200000000000003,29.0,29.0,30.0,300.0,300.0,31.700000000000003,35.7,28.9,28.1,30.0,4.96,1.99,4.97,0.16,0.0,0.0,1027.0,8228.0,0.0,0.0,0.0,0.0,0.0,1.0,0.0,0.0,0.0,0.0,0.0,-1.9,0.0,1.5,0.0,0.0,16.0,25903.0
2026-07-30T19:02:34.754Z,324.237,324.252,0.0,7.4,0.0,0.0,0.0,0.0,0.0,0.0,0.0,0.0,1.0,0.0,0.0,0.0,9.0,4.0,0.0,0.0,0.0,0.0,0.0,0.0,0.0,0.0,1.0,12.0,1.0,12.18,5.01,2.5,1.5,0.0,0.0,0.0,132.9,0.0,0.2,0.6000000000000001,0.5,-169.70000000000002,0.0,0.0,169.60000000000002,0.0,21.200000000000003,29.0,29.0,30.0,300.0,300.0,31.700000000000003,35.7,28.9,28.1,30.0,4.95,1.99,4.97,0.16,0.0,0.0,1027.0,8228.0,0.0,0.0,0.0,0.0,0.0,1.0,0.0,0.0,0.0,0.0,0.0,1.1,0.0,-0.3,0.0,0.0001,16.0,25903.0
2026-07-30T19:02:34.766Z,324.249,324.264,0.0,7.4,0.0,0.0,0.0,0.0,0.0,0.0,0.0,0.0,1.0,0.0,0.0,0.0,9.0,4.0,0.0,0.0,0.0,0.0,0.0,0.0,0.0,0.0,1.0,12.0,1.0,12.18,5.01,2.5,1.5,0.0,0.0,0.0,132.8,0.0,0.3,0.0,0.0,-169.70000000000002,0.0,0.0,169.60000000000002,0.0,21.200000000000003,29.0,29.0,30.0,300.0,300.0,31.700000000000003,35.7,28.9,28.1,30.0,4.95,2.0,4.97,0.16,0.0,0.0,1027.0,8228.0,0.0,0.0,0.0,0.0,0.0,1.0,0.0,0.0,0.0,0.0,0.0,0.0,0.0,0.0,0.0,0.0,16.0,25903.0
2026-07-30T19:02:34.778Z,324.261,324.276,0.0,7.4,0.0,0.0,0.0,0.0,0.0,0.0,0.0,0.0,1.0,0.0,0.0,0.0,9.0,4.0,0.0,0.0,0.0,0.0,0.0,0.0,0.0,0.0,3.0,12.0,1.0,12.18,5.01,2.5,1.5,0.0,0.0,0.0,132.70000000000002,0.0,0.3,0.0,-0.6000000000000001,-169.70000000000002,0.0,0.0,169.60000000000002,0.0,21.200000000000003,29.0,29.0,30.0,300.0,300.0,31.700000000000003,35.7,28.9,28.1,30.0,4.95,1.99,4.97,0.16,0.0,0.0,1027.0,8228.0,0.0,0.0,0.0,0.0,0.0,1.0,0.0,0.0,0.0,0.0,0.0,-0.4,0.0,0.6000000000000001,0.0,0.0,16.0,25903.0
2026-07-30T19:02:34.790Z,324.273,324.288,0.0,7.4,0.0,0.0,0.0,0.0,0.0,0.0,0.0,0.0,1.0,0.0,0.0,0.0,9.0,4.0,0.0,0.0,0.0,0.0,0.0,0.0,0.0,0.0,3.0,12.0,1.0,12.18,5.01,2.5,1.5,0.0,0.0,0.0,132.6,0.0,-0.8,0.0,-0.7000000000000001,-169.70000000000002,0.0,0.0,169.60000000000002,0.0,21.200000000000003,29.0,29.0,30.0,300.0,300.0,31.700000000000003,35.7,28.9,28.1,30.0,4.95,1.99,4.97,0.16,0.0,0.0,1027.0,8228.0,0.0,0.0,0.0,0.0,0.0,1.0,0.0,0.0,0.0,0.0,0.0,-0.5,0.0,0.6000000000000001,0.0,0.0,16.0,25903.0
2026-07-30T19:02:34.802Z,324.285,324.3,0.0,7.4,0.0,0.0,0.0,0.0,0.0,0.0,0.0,0.0,1.0,0.0,0.0,0.0,9.0,4.0,0.0,0.0,0.0,0.0,0.0,0.0,0.0,0.0,4.0,12.0,1.0,12.18,5.01,2.5,1.5,0.0,0.0,0.0,132.5,0.0,-0.2,0.0,-1.3,-169.70000000000002,0.0,0.0,169.60000000000002,0.0,21.200000000000003,29.0,29.0,30.0,300.0,300.0,31.700000000000003,35.7,28.9,28.1,30.0,4.96,1.99,4.97,0.16,0.0,0.0,1027.0,8228.0,0.0,0.0,0.0,0.0,0.0,1.0,0.0,0.0,0.0,0.0,0.0,-0.9,0.0,1.1,0.0,0.0,16.0,25903.0
2026-07-30T19:02:34.814Z,324.297,324.312,0.0,7.4,0.0,0.0,0.0,0.0,0.0,0.0,0.0,0.0,1.0,0.0,0.0,0.0,9.0,4.0,0.0,0.0,0.0,0.0,0.0,0.0,0.0,0.0,6.0,12.0,1.0,12.18,5.01,2.5,1.5,0.0,0.1,0.0,132.3,0.0,-0.2,-1.0,-1.2000000000000002,-169.70000000000002,0.0,0.0,169.70000000000002,0.0,21.200000000000003,29.0,29.0,30.0,300.0,300.0,31.700000000000003,35.7,28.9,28.1,30.0,4.95,1.99,4.97,0.16,0.0,0.0,1027.0,8228.0,0.0,0.0,0.0,0.0,0.0,1.0,0.0,0.0,0.0,0.0,0.0,-2.2,0.0,0.9,0.0,0.0,16.0,25903.0
2026-07-30T19:02:34.826Z,324.309,324.324,0.0,7.4,0.0,0.0,0.0,0.0,0.0,0.0,0.0,0.0,1.0,0.0,0.0,0.0,9.0,4.0,0.0,0.0,0.0,0.0,0.0,0.0,0.0,0.0,1.0,12.0,1.0,12.18,5.01,2.5,1.5,0.0,0.0,0.0,132.3,0.0,-0.2,0.0,-0.1,-169.70000000000002,0.0,0.0,169.8,0.0,21.200000000000003,29.0,29.0,30.0,300.0,300.0,31.700000000000003,35.7,28.9,28.1,30.0,4.95,2.0,4.96,0.16,0.0,0.0,1027.0,8228.0,0.0,0.0,0.0,0.0,0.0,1.0,0.0,0.0,0.0,0.0,0.0,0.0,0.0,0.1,0.0,0.0,16.0,25903.0
2026-07-30T19:02:34.838Z,324.321,324.336,0.0,7.4,0.0,0.0,0.0,0.0,0.0,0.0,0.0,0.0,1.0,0.0,0.0,0.0,9.0,4.0,0.0,0.0,0.0,0.0,0.0,0.0,0.0,0.0,2.0,12.0,1.0,12.18,5.01,2.5,1.5,0.0,0.0,0.0,132.1,0.0,-0.3,0.6000000000000001,-0.7000000000000001,-169.70000000000002,0.0,0.0,169.60000000000002,0.0,21.200000000000003,29.0,29.0,30.0,300.0,300.0,31.700000000000003,35.7,28.9,28.1,30.0,4.96,2.0,4.96,0.16,0.0,0.0,1027.0,8228.0,0.0,0.0,0.0,0.0,0.0,1.0,0.0,0.0,0.0,0.0,0.0,0.2,0.0,0.7000000000000001,0.0,0.0,16.0,25903.0
2026-07-30T19:02:34.850Z,324.333,324.348,0.0,7.4,0.0,0.0,0.0,0.0,0.0,0.0,0.0,0.0,1.0,0.0,0.0,0.0,9.0,4.0,0.0,0.0,0.0,0.0,0.0,0.0,0.0,0.0,2.0,12.0,1.0,12.15,5.01,2.51,1.49,0.0,0.0,0.0,132.1,0.0,0.2,0.1,-0.7000000000000001,-169.70000000000002,0.0,0.0,169.70000000000002,0.0,21.8,29.0,29.0,30.0,300.0,300.0,31.6,35.7,28.9,28.1,30.0,4.95,2.0,4.96,0.16,0.0,0.0,1027.0,8228.0,0.0,0.0,0.0,0.0,0.0,1.0,0.0,0.0,0.0,0.0,0.0,-0.4,0.0,0.6000000000000001,0.0,0.0001,16.0,25903.0
2026-07-30T19:02:34.862Z,324.345,324.36,0.0,7.4,0.0,0.0,0.0,0.0,0.0,0.0,0.0,0.0,1.0,0.0,0.0,0.0,9.0,4.0,0.0,0.0,0.0,0.0,0.0,0.0,0.0,0.0,4.0,12.0,1.0,12.15,5.01,2.51,1.49,0.0,0.1,0.0,131.9,0.0,-0.3,-1.0,-1.3,-169.70000000000002,0.0,0.0,169.70000000000002,0.0,21.8,29.0,29.0,30.0,300.0,300.0,31.6,35.7,28.9,28.1,30.0,4.96,1.99,4.97,0.16,0.0,0.0,1027.0,8228.0,0.0,0.0,0.0,0.0,0.0,1.0,0.0,0.0,0.0,0.0,0.0,-2.1,0.0,0.9,0.0,0.0,16.0,25903.0
2026-07-30T19:02:34.874Z,324.357,324.372,0.0,7.4,0.0,0.0,0.0,0.0,0.0,0.0,0.0,0.0,1.0,0.0,0.0,0.0,9.0,4.0,0.0,0.0,0.0,0.0,0.0,0.0,0.0,0.0,5.0,12.0,1.0,12.15,5.01,2.51,1.49,0.0,0.1,0.0,131.8,0.0,0.2,0.1,0.4,-169.70000000000002,0.0,0.0,169.60000000000002,0.0,21.8,29.0,29.0,30.0,300.0,300.0,31.6,35.7,28.9,28.1,30.0,4.96,1.99,4.96,0.16,0.0,0.0,1027.0,8228.0,0.0,0.0,0.0,0.0,0.0,1.0,0.0,0.0,0.0,0.0,0.0,0.4,0.0,-0.3,0.0,0.0,16.0,25903.0
2026-07-30T19:02:34.886Z,324.369,324.384,0.0,7.4,0.0,0.0,0.0,0.0,0.0,0.0,0.0,0.0,1.0,0.0,0.0,0.0,9.0,4.0,0.0,0.0,0.0,0.0,0.0,0.0,0.0,0.0,5.0,12.0,1.0,12.15,5.01,2.51,1.49,0.0,0.0,0.0,131.70000000000002,0.0,-0.3,1.2000000000000002,-0.8,-169.60000000000002,0.0,0.0,169.60000000000002,0.0,21.8,29.0,29.0,30.0,300.0,300.0,31.6,35.7,28.9,28.1,30.0,4.96,1.99,4.96,0.16,0.0,0.0,1027.0,8228.0,0.0,0.0,0.0,0.0,0.0,1.0,0.0,0.0,0.0,0.0,0.0,0.8,0.0,0.9,0.0,0.0,16.0,25903.0
2026-07-30T19:02:34.898Z,324.381,324.396,0.0,7.4,0.0,0.0,0.0,0.0,0.0,0.0,0.0,0.0,1.0,0.0,0.0,0.0,9.0,4.0,0.0,0.0,0.0,0.0,0.0,0.0,0.0,0.0,6.0,12.0,1.0,12.15,5.01,2.51,1.49,0.0,0.0,0.0,131.6,0.0,-0.3,0.7000000000000001,0.9,-169.60000000000002,0.0,0.0,169.70000000000002,0.0,21.8,29.0,29.0,30.0,300.0,300.0,31.6,35.7,28.9,28.1,30.0,4.95,1.99,4.97,0.16,0.0,0.0,1027.0,8228.0,0.0,0.0,0.0,0.0,0.0,1.0,0.0,0.0,0.0,0.0,0.0,1.5,0.0,-0.7000000000000001,0.0,0.0,16.0,25903.0
2026-07-30T19:02:34.910Z,324.393,324.408,0.0,7.4,0.0,0.0,0.0,0.0,0.0,0.0,0.0,0.0,1.0,0.0,0.0,0.0,9.0,4.0,0.0,0.0,0.0,0.0,0.0,0.0,0.0,0.0,2.0,12.0,1.0,12.15,5.01,2.51,1.49,0.0,0.0,0.0,131.5,0.0,0.2,-0.4,-0.1,-169.60000000000002,0.0,0.0,169.70000000000002,0.0,21.8,29.0,29.0,30.0,300.0,300.0,31.6,35.7,28.9,28.1,30.0,4.96,2.0,4.97,0.16,0.0,0.0,1027.0,8228.0,0.0,0.0,0.0,0.0,0.0,1.0,0.0,0.0,0.0,0.0,0.0,-0.6000000000000001,0.0,0.0,0.0,0.0,16.0,25903.0
2026-07-30T19:02:34.922Z,324.405,324.42,0.0,7.4,0.0,0.0,0.0,0.0,0.0,0.0,0.0,0.0,1.0,0.0,0.0,0.0,9.0,4.0,0.0,0.0,0.0,0.0,0.0,0.0,0.0,0.0,3.0,12.0,1.0,12.15,5.01,2.51,1.49,0.0,0.0,0.0,131.4,0.0,0.2,0.7000000000000001,-0.1,-169.60000000000002,0.0,0.0,169.70000000000002,0.0,21.8,29.0,29.0,30.0,300.0,300.0,31.6,35.7,28.9,28.1,30.0,4.96,2.0,4.97,0.16,0.0,0.0,1027.0,8228.0,0.0,0.0,0.0,0.0,0.0,1.0,0.0,0.0,0.0,0.0,0.0,0.7000000000000001,0.0,0.2,0.0,0.0,16.0,25903.0
2026-07-30T19:02:34.934Z,324.417,324.432,0.0,7.4,0.0,0.0,0.0,0.0,0.0,0.0,0.0,0.0,1.0,0.0,0.0,0.0,9.0,4.0,0.0,0.0,0.0,0.0,0.0,0.0,0.0,0.0,4.0,12.0,1.0,12.15,5.01,2.51,1.49,0.0,0.0,0.0,131.3,0.0,0.2,0.1,-1.3,-169.60000000000002,0.0,0.0,169.8,0.0,21.8,29.0,29.0,30.0,300.0,300.0,31.6,35.7,28.9,28.1,30.0,4.95,1.99,4.97,0.16,0.0,0.0,1027.0,8228.0,0.0,0.0,0.0,0.0,0.0,1.0,0.0,0.0,0.0,0.0,0.0,-0.8,0.0,1.2000000000000002,0.0,0.0,16.0,25903.0
2026-07-30T19:02:34.947Z,324.43,324.444,0.0,7.4,0.0,0.0,0.0,0.0,0.0,0.0,0.0,0.0,1.0,0.0,0.0,0.0,9.0,4.0,0.0,0.0,0.0,0.0,0.0,0.0,0.0,0.0,5.0,12.0,1.0,12.17,5.0200000000000005,2.51,1.49,0.0,0.0,0.0,131.1,0.0,-0.3,0.6000000000000001,-0.7000000000000001,-169.60000000000002,0.0,0.0,169.70000000000002,0.0,21.200000000000003,29.0,29.0,30.0,300.0,300.0,31.5,35.800000000000004,28.9,28.1,30.0,4.95,1.99,4.97,0.16,0.0,0.0,1027.0,8228.0,0.0,0.0,0.0,0.0,0.0,1.0,0.0,0.0,0.0,0.0,0.0,0.1,0.0,0.8,0.0,0.0,16.0,25903.0
2026-07-30T19:02:34.958Z,324.441,324.456,0.0,7.4,0.0,0.0,0.0,0.0,0.0,0.0,0.0,0.0,1.0,0.0,0.0,0.0,9.0,4.0,0.0,0.0,0.0,0.0,0.0,0.0,0.0,0.0,6.0,12.0,1.0,12.17,5.0200000000000005,2.51,1.49,0.0,0.0,0.0,131.1,0.0,0.2,0.6000000000000001,2.1,-169.60000000000002,0.0,0.0,169.70000000000002,0.0,21.200000000000003,29.0,29.0,30.0,300.0,300.0,31.5,35.800000000000004,28.9,28.1,30.0,4.96,1.99,4.96,0.16,0.0,0.0,1027.0,8228.0,0.0,0.0,0.0,0.0,0.0,1.0,0.0,0.0,0.0,0.0,0.0,2.3000000000000003,0.0,-1.7000000000000002,0.0,0.0,16.0,25903.0
2026-07-30T19:02:34.970Z,324.453,324.468,0.0,7.4,0.0,0.0,0.0,0.0,0.0,0.0,0.0,0.0,1.0,0.0,0.0,0.0,9.0,4.0,0.0,0.0,0.0,0.0,0.0,0.0,0.0,0.0,1.0,12.0,1.0,12.17,5.0200000000000005,2.51,1.49,0.0,0.0,0.0,130.9,0.0,0.2,0.7000000000000001,1.0,-169.60000000000002,0.0,0.0,169.70000000000002,0.0,21.200000000000003,29.0,29.0,30.0,300.0,300.0,31.5,35.800000000000004,28.9,28.1,30.0,4.96,1.99,4.97,0.17,0.0,0.0,1027.0,8228.0,0.0,0.0,0.0,0.0,0.0,1.0,0.0,0.0,0.0,0.0,0.0,1.5,0.0,-0.7000000000000001,0.0,0.0,16.0,25903.0
2026-07-30T19:02:34.982Z,324.465,324.48,0.0,7.4,0.0,0.0,0.0,0.0,0.0,0.0,0.0,0.0,1.0,0.0,0.0,0.0,9.0,4.0,0.0,0.0,0.0,0.0,0.0,0.0,0.0,0.0,2.0,12.0,1.0,12.17,5.0200000000000005,2.51,1.49,0.0,0.0,0.0,130.8,0.0,0.2,-0.5,-0.7000000000000001,-169.60000000000002,0.0,0.0,169.70000000000002,0.0,21.200000000000003,29.0,29.0,30.0,300.0,300.0,31.5,35.800000000000004,28.9,28.1,30.0,4.95,1.99,4.97,0.16,0.0,0.0,1027.0,8228.0,0.0,0.0,0.0,0.0,0.0,1.0,0.0,0.0,0.0,0.0,0.0,-1.1,0.0,0.5,0.0,0.0,16.0,25903.0
2026-07-30T19:02:34.994Z,324.477,324.492,0.0,7.4,0.0,0.0,0.0,0.0,0.0,0.0,0.0,0.0,1.0,0.0,0.0,0.0,9.0,4.0,0.0,0.0,0.0,0.0,0.0,0.0,0.0,0.0,3.0,12.0,1.0,12.17,5.0200000000000005,2.51,1.49,0.0,0.0,0.0,130.70000000000002,0.0,0.2,-1.0,-0.1,-169.60000000000002,0.0,0.0,169.60000000000002,0.0,21.200000000000003,29.0,29.0,30.0,300.0,300.0,31.5,35.800000000000004,28.9,28.1,30.0,4.96,1.99,4.96,0.16,0.0,0.0,1027.0,8228.0,0.0,0.0,0.0,0.0,0.0,1.0,0.0,0.0,0.0,0.0,0.0,-1.3,0.0,-0.1,0.0,0.0,16.0,25903.0
2026-07-30T19:02:35.006Z,324.489,324.504,0.0,7.4,0.0,0.0,0.0,0.0,0.0,0.0,0.0,0.0,1.0,0.0,0.0,0.0,9.0,4.0,0.0,0.0,0.0,0.0,0.0,0.0,0.0,0.0,4.0,12.0,1.0,12.17,5.0200000000000005,2.51,1.49,0.0,0.0,0.0,130.6,0.0,0.2,0.1,-0.1,-169.60000000000002,0.0,0.0,169.60000000000002,0.0,21.200000000000003,29.0,29.0,30.0,300.0,300.0,31.5,35.800000000000004,28.9,28.1,30.0,4.95,1.99,4.96,0.16,0.0,0.0,1027.0,8228.0,0.0,0.0,0.0,0.0,0.0,1.0,0.0,0.0,0.0,0.0,0.0,0.0,0.0,0.1,0.0,0.0,16.0,25903.0
2026-07-30T19:02:35.018Z,324.501,324.516,0.0,7.4,0.0,0.0,0.0,0.0,0.0,0.0,0.0,0.0,1.0,0.0,0.0,0.0,9.0,4.0,0.0,0.0,0.0,0.0,0.0,0.0,0.0,0.0,4.0,12.0,1.0,12.17,5.0200000000000005,2.51,1.49,0.0,0.0,0.0,130.5,0.0,0.2,0.7000000000000001,0.4,-169.60000000000002,0.0,0.0,169.70000000000002,0.0,21.200000000000003,29.0,29.0,30.0,300.0,300.0,31.5,35.800000000000004,28.9,28.1,30.0,4.95,1.99,4.97,0.16,0.0,0.0,1027.0,8228.0,0.0,0.0,0.0,0.0,0.0,1.0,0.0,0.0,0.0,0.0,0.0,1.1,0.0,-0.2,0.0,0.0,16.0,25903.0
2026-07-30T19:02:35.030Z,324.513,324.528,0.0,7.4,0.0,0.0,0.0,0.0,0.0,0.0,0.0,0.0,1.0,0.0,0.0,0.0,9.0,4.0,0.0,0.0,0.0,0.0,0.0,0.0,0.0,0.0,6.0,12.0,1.0,12.17,5.0200000000000005,2.51,1.49,0.0,0.0,0.0,130.4,0.0,0.3,0.7000000000000001,1.0,-169.60000000000002,0.0,0.0,169.60000000000002,0.0,21.200000000000003,29.0,29.0,30.0,300.0,300.0,31.5,35.800000000000004,28.9,28.1,30.0,4.95,1.99,4.97,0.16,0.0,0.0,1027.0,8228.0,0.0,0.0,0.0,0.0,0.0,1.0,0.0,0.0,0.0,0.0,0.0,1.5,0.0,-0.7000000000000001,0.0,0.0,16.0,25903.0
2026-07-30T19:02:35.042Z,324.525,324.54,0.0,7.4,0.0,0.0,0.0,0.0,0.0,0.0,0.0,0.0,1.0,0.0,0.0,0.0,9.0,4.0,0.0,0.0,0.0,0.0,0.0,0.0,0.0,0.0,1.0,12.0,1.0,12.17,5.0200000000000005,2.51,1.49,0.0,0.0,0.0,130.4,0.0,-0.2,-1.0,0.4,-169.60000000000002,0.0,0.0,169.70000000000002,0.0,21.200000000000003,29.0,29.0,30.0,300.0,300.0,31.5,35.800000000000004,28.9,28.1,30.0,4.96,1.99,4.96,0.16,0.0,0.0,1027.0,8228.0,0.0,0.0,0.0,0.0,0.0,1.0,0.0,0.0,0.0,0.0,0.0,-0.8,0.0,-0.6000000000000001,0.0,0.0,16.0,25903.0
2026-07-30T19:02:35.054Z,324.537,324.552,0.0,7.4,0.0,0.0,0.0,0.0,0.0,0.0,0.0,0.0,1.0,0.0,0.0,0.0,9.0,4.0,0.0,0.0,0.0,0.0,0.0,0.0,0.0,0.0,2.0,12.0,1.0,12.17,5.01,2.51,1.5,0.0,0.0,0.0,130.20000000000002,0.0,-0.2,-0.9,-0.6000000000000001,-169.60000000000002,0.0,0.0,169.60000000000002,0.0,21.4,29.0,29.0,30.0,300.0,300.0,31.6,35.800000000000004,28.9,28.1,30.0,4.95,1.99,4.97,0.16,0.0,0.0,1027.0,8228.0,0.0,0.0,0.0,0.0,0.0,1.0,0.0,0.0,0.0,0.0,0.0,-1.5,0.0,0.3,0.0,0.0,16.0,25903.0
2026-07-30T19:02:35.066Z,324.549,324.564,0.0,7.4,0.0,0.0,0.0,0.0,0.0,0.0,0.0,0.0,1.0,0.0,0.0,0.0,9.0,4.0,0.0,0.0,0.0,0.0,0.0,0.0,0.0,0.0,4.0,12.0,1.0,12.17,5.01,2.51,1.5,0.0,0.1,0.0,130.1,0.0,-0.2,1.3,1.0,-169.60000000000002,0.0,0.0,169.70000000000002,0.0,21.4,29.0,29.0,30.0,300.0,300.0,31.6,35.800000000000004,28.9,28.1,30.0,4.95,1.99,4.97,0.16,0.0,0.0,1027.0,8228.0,0.0,0.0,0.0,0.0,0.0,1.0,0.0,0.0,0.0,0.0,0.0,2.3000000000000003,0.0,-0.6000000000000001,0.0,0.0,16.0,25903.0
2026-07-30T19:02:35.078Z,324.561,324.576,0.0,7.4,0.0,0.0,0.0,0.0,0.0,0.0,0.0,0.0,1.0,0.0,0.0,0.0,9.0,4.0,0.0,0.0,0.0,0.0,0.0,0.0,0.0,0.0,5.0,12.0,1.0,12.17,5.01,2.51,1.5,0.0,0.0,0.0,130.1,0.0,-0.2,-0.4,-0.6000000000000001,-169.60000000000002,0.0,0.0,169.70000000000002,0.0,21.4,29.0,29.0,30.0,300.0,300.0,31.6,35.800000000000004,28.9,28.1,30.0,4.96,1.99,4.97,0.16,0.0,0.0,1027.0,8228.0,0.0,0.0,0.0,0.0,0.0,1.0,0.0,0.0,0.0,0.0,0.0,-0.9,0.0,0.4,0.0,0.0,16.0,25903.0
2026-07-30T19:02:35.090Z,324.573,324.588,0.0,7.4,0.0,0.0,0.0,0.0,0.0,0.0,0.0,0.0,1.0,0.0,0.0,0.0,9.0,4.0,0.0,0.0,0.0,0.0,0.0,0.0,0.0,0.0,1.0,12.0,1.0,12.17,5.01,2.51,1.5,0.0,0.0,0.0,130.20000000000002,0.0,-1.4,-0.4,-0.6000000000000001,-169.60000000000002,0.0,0.0,169.60000000000002,0.0,21.4,29.0,29.0,30.0,300.0,300.0,31.6,35.800000000000004,28.9,28.1,30.0,4.96,1.99,4.96,0.16,0.0,0.0,1027.0,8228.0,0.0,0.0,0.0,0.0,0.0,1.0,0.0,0.0,0.0,0.0,0.0,-0.9,0.0,0.4,0.0,0.0,16.0,25903.0
2026-07-30T19:02:35.102Z,324.585,324.6,0.0,7.4,0.0,0.0,0.0,0.0,0.0,0.0,0.0,0.0,1.0,0.0,0.0,0.0,9.0,4.0,0.0,0.0,0.0,0.0,0.0,0.0,0.0,0.0,2.0,12.0,1.0,12.17,5.01,2.51,1.5,0.0,0.0,0.0,130.4,0.0,0.3,-0.4,0.0,-169.60000000000002,0.0,0.0,169.70000000000002,0.0,21.4,29.0,29.0,30.0,300.0,300.0,31.6,35.800000000000004,28.9,28.1,30.0,4.96,1.99,4.96,0.16,0.0,0.0,1027.0,8228.0,0.0,0.0,0.0,0.0,0.0,1.0,0.0,0.0,0.0,0.0,0.0,-0.6000000000000001,0.0,0.0,0.0,0.0,16.0,25903.0
2026-07-30T19:02:35.114Z,324.597,324.612,0.0,7.4,0.0,0.0,0.0,0.0,0.0,0.0,0.0,0.0,1.0,0.0,0.0,0.0,9.0,4.0,0.0,0.0,0.0,0.0,0.0,0.0,0.0,0.0,4.0,12.0,1.0,12.17,5.01,2.51,1.5,0.0,0.0,0.0,130.6,0.0,-0.2,-1.0,-0.6000000000000001,-169.60000000000002,0.0,0.0,169.70000000000002,0.0,21.4,29.0,29.0,30.0,300.0,300.0,31.6,35.800000000000004,28.9,28.1,30.0,4.96,1.99,4.96,0.16,0.0,0.0,1027.0,8228.0,0.0,0.0,0.0,0.0,0.0,1.0,0.0,0.0,0.0,0.0,0.0,-1.7000000000000002,0.0,0.3,0.0,0.0,16.0,25903.0
2026-07-30T19:02:35.126Z,324.609,324.624,0.0,7.4,0.0,0.0,0.0,0.0,0.0,0.0,0.0,0.0,1.0,0.0,0.0,0.0,9.0,4.0,0.0,0.0,0.0,0.0,0.0,0.0,0.0,0.0,5.0,12.0,1.0,12.17,5.01,2.51,1.5,0.0,0.0,0.0,130.8,0.0,0.3,0.7000000000000001,0.0,-169.60000000000002,0.0,0.0,169.70000000000002,0.0,21.4,29.0,29.0,30.0,300.0,300.0,31.6,35.800000000000004,28.9,28.1,30.0,4.96,1.99,4.96,0.16,0.0,0.0,1027.0,8228.0,0.0,0.0,0.0,0.0,0.0,1.0,0.0,0.0,0.0,0.0,0.0,0.5,0.0,-0.4,0.0,0.0,16.0,25903.0
2026-07-30T19:02:35.138Z,324.621,324.636,0.0,7.4,0.0,0.0,0.0,0.0,0.0,0.0,0.0,0.0,1.0,0.0,0.0,0.0,9.0,4.0,0.0,0.0,0.0,0.0,0.0,0.0,0.0,0.0,1.0,12.0,1.0,12.17,5.01,2.51,1.5,0.0,0.0,0.0,131.0,0.0,-0.2,-1.0,-0.1,-169.60000000000002,0.0,0.0,169.8,0.0,21.4,29.0,29.0,30.0,300.0,300.0,31.6,35.800000000000004,28.9,28.1,30.0,4.95,1.99,4.97,0.16,0.0,0.0,1027.0,8228.0,0.0,0.0,0.0,0.0,0.0,1.0,0.0,0.0,0.0,0.0,0.0,0.7000000000000001,0.0,-1.5,0.0,0.0,16.0,25903.0
2026-07-30T19:02:35.151Z,324.634,324.648,0.0,7.4,0.0,0.0,0.0,0.0,0.0,0.0,0.0,0.0,1.0,0.0,0.0,0.0,9.0,4.0,0.0,0.0,0.0,0.0,0.0,0.0,0.0,0.0,2.0,12.0,1.0,12.18,5.0200000000000005,2.5,1.49,0.0,0.0,0.0,131.20000000000002,0.0,0.3,0.1,1.6,-169.60000000000002,0.0,0.0,169.70000000000002,0.0,21.4,29.0,29.0,30.0,300.0,300.0,31.700000000000003,35.9,28.9,28.1,30.0,4.96,1.99,4.97,0.16,0.0,0.0,1027.0,8228.0,0.0,0.0,0.0,0.0,0.0,1.0,0.0,0.0,0.0,0.0,0.0,1.3,0.0,-1.4,0.0,0.0001,16.0,25903.0
2026-07-30T19:02:35.162Z,324.645,324.66,0.0,7.4,0.0,0.0,0.0,0.0,0.0,0.0,0.0,0.0,1.0,0.0,0.0,0.0,9.0,4.0,0.0,0.0,0.0,0.0,0.0,0.0,0.0,0.0,4.0,12.0,1.0,12.18,5.0200000000000005,2.5,1.49,0.0,0.1,0.0,131.4,0.0,0.3,0.7000000000000001,-0.6000000000000001,-169.60000000000002,0.0,0.0,169.70000000000002,0.0,21.4,29.0,29.0,30.0,300.0,300.0,31.700000000000003,35.9,28.9,28.1,30.0,4.96,2.0,4.96,0.16,0.0,0.0,1027.0,8228.0,0.0,0.0,0.0,0.0,0.0,1.0,0.0,0.0,0.0,0.0,0.0,1.5,0.0,-0.7000000000000001,0.0,0.0001,16.0,25903.0
2026-07-30T19:02:35.174Z,324.657,324.672,0.0,7.4,0.0,0.0,0.0,0.0,0.0,0.0,0.0,0.0,1.0,0.0,0.0,0.0,9.0,4.0,0.0,0.0,0.0,0.0,0.0,0.0,0.0,0.0,5.0,12.0,1.0,12.18,5.0200000000000005,2.5,1.49,0.0,0.0,0.0,131.5,0.0,0.2,0.0,-1.8,-169.60000000000002,0.0,0.0,169.8,0.0,21.4,29.0,29.0,30.0,300.0,300.0,31.700000000000003,35.9,28.9,28.1,30.0,4.96,1.99,4.96,0.16,0.0,0.0,1027.0,8228.0,0.0,0.0,0.0,0.0,0.0,1.0,0.0,0.0,0.0,0.0,0.0,-1.3,0.0,1.6,0.0,0.0,16.0,25903.0
2026-07-30T19:02:35.186Z,324.669,324.684,0.0,7.4,0.0,0.0,0.0,0.0,0.0,0.0,0.0,0.0,1.0,0.0,0.0,0.0,9.0,4.0,0.0,0.0,0.0,0.0,0.0,0.0,0.0,0.0,1.0,12.0,1.0,12.18,5.0200000000000005,2.5,1.49,0.0,0.0,0.0,131.70000000000002,0.0,0.2,0.0,-0.1,-169.60000000000002,0.0,0.0,169.70000000000002,0.0,21.4,29.0,29.0,30.0,300.0,300.0,31.700000000000003,35.9,28.9,28.1,30.0,4.95,1.99,4.96,0.16,0.0,0.0,1027.0,8228.0,0.0,0.0,0.0,0.0,0.0,1.0,0.0,0.0,0.0,0.0,0.0,0.0,0.0,0.1,0.0,0.0,16.0,25903.0
2026-07-30T19:02:35.198Z,324.681,324.696,0.0,7.4,0.0,0.0,0.0,0.0,0.0,0.0,0.0,0.0,1.0,0.0,0.0,0.0,9.0,4.0,0.0,0.0,0.0,0.0,0.0,0.0,0.0,0.0,2.0,12.0,1.0,12.18,5.0200000000000005,2.5,1.49,0.0,0.0,0.0,131.9,0.0,0.2,-1.0,-0.1,-169.60000000000002,0.0,0.0,169.70000000000002,0.0,21.4,29.0,29.0,30.0,300.0,300.0,31.700000000000003,35.9,28.9,28.1,30.0,4.96,1.99,4.96,0.16,0.0,0.0,1027.0,8228.0,0.0,0.0,0.0,0.0,0.0,1.0,0.0,0.0,0.0,0.0,0.0,-1.3,0.0,0.0,0.0,0.0,16.0,25903.0
2026-07-30T19:02:35.210Z,324.693,324.708,0.0,7.4,0.0,0.0,0.0,0.0,0.0,0.0,0.0,0.0,1.0,0.0,0.0,0.0,9.0,4.0,0.0,0.0,0.0,0.0,0.0,0.0,0.0,0.0,4.0,12.0,1.0,12.18,5.0200000000000005,2.5,1.49,0.0,0.0,0.0,132.1,0.0,0.8,0.0,-0.7000000000000001,-169.60000000000002,0.0,0.0,169.70000000000002,0.0,21.4,29.0,29.0,30.0,300.0,300.0,31.700000000000003,35.9,28.9,28.1,30.0,4.96,2.0,4.97,0.16,0.0,0.0,1027.0,8228.0,0.0,0.0,0.0,0.0,0.0,1.0,0.0,0.0,0.0,0.0,0.0,-0.4,0.0,0.6000000000000001,0.0,0.0,16.0,25903.0
2026-07-30T19:02:35.222Z,324.705,324.72,0.0,7.4,0.0,0.0,0.0,0.0,0.0,0.0,0.0,0.0,1.0,0.0,0.0,0.0,9.0,4.0,0.0,0.0,0.0,0.0,0.0,0.0,0.0,0.0,5.0,12.0,1.0,12.18,5.0200000000000005,2.5,1.49,0.0,0.1,0.0,132.3,0.0,0.2,1.2000000000000002,-0.2,-169.60000000000002,0.0,0.0,169.8,0.0,21.4,29.0,29.0,30.0,300.0,300.0,31.700000000000003,35.9,28.9,28.1,30.0,4.95,1.98,4.97,0.16,0.0,0.0,1027.0,8228.0,0.0,0.0,0.0,0.0,0.0,1.0,0.0,0.0,0.0,0.0,0.0,1.2000000000000002,0.0,0.4,0.0,0.0,16.0,25903.0
2026-07-30T19:02:35.234Z,324.717,324.732,0.0,7.4,0.0,0.0,0.0,0.0,0.0,0.0,0.0,0.0,1.0,0.0,0.0,0.0,9.0,4.0,0.0,0.0,0.0,0.0,0.0,0.0,0.0,0.0,6.0,12.0,1.0,12.18,5.0200000000000005,2.5,1.49,0.0,0.1,0.0,132.5,0.0,0.2,0.0,-0.8,-169.70000000000002,0.0,0.0,169.8,0.0,21.4,29.0,29.0,30.0,300.0,300.0,31.700000000000003,35.9,28.9,28.1,30.0,4.95,1.98,4.97,0.16,0.0,0.0,1027.0,8228.0,0.0,0.0,0.0,0.0,0.0,1.0,0.0,0.0,0.0,0.0,0.0,-0.5,0.0,0.8,0.0,0.0001,16.0,25903.0
2026-07-30T19:02:35.246Z,324.729,324.744,0.0,7.4,0.0,0.0,0.0,0.0,0.0,0.0,0.0,0.0,1.0,0.0,0.0,0.0,9.0,4.0,0.0,0.0,0.0,0.0,0.0,0.0,0.0,0.0,1.0,12.0,1.0,12.18,5.0200000000000005,2.5,1.49,0.0,0.0,0.0,132.70000000000002,0.0,0.2,-0.5,-0.3,-169.70000000000002,0.0,0.0,169.70000000000002,0.0,21.4,29.0,29.0,30.0,300.0,300.0,31.700000000000003,35.9,28.9,28.1,30.0,4.96,1.99,4.96,0.16,0.0,0.0,1027.0,8228.0,0.0,0.0,0.0,0.0,0.0,1.0,0.0,0.0,0.0,0.0,0.0,-0.8,0.0,0.1,0.0,0.0,16.0,25903.0
2026-07-30T19:02:35.258Z,324.741,324.75600000000003,0.0,7.4,0.0,0.0,0.0,0.0,0.0,0.0,0.0,0.0,1.0,0.0,0.0,0.0,9.0,4.0,0.0,0.0,0.0,0.0,0.0,0.0,0.0,0.0,2.0,12.0,1.0,12.15,5.0200000000000005,2.51,1.49,0.0,0.0,0.0,132.8,0.0,-0.9,0.6000000000000001,0.8,-169.70000000000002,0.0,0.0,169.8,0.0,21.0,29.0,29.0,30.0,300.0,300.0,31.700000000000003,35.800000000000004,28.9,28.1,30.0,4.96,1.99,4.97,0.16,0.0,0.0,1027.0,8228.0,0.0,0.0,0.0,0.0,0.0,1.0,0.0,0.0,0.0,0.0,0.0,1.4,0.0,-0.6000000000000001,0.0,0.0,16.0,25903.0
2026-07-30T19:02:35.270Z,324.753,324.76800000000003,0.0,7.4,0.0,0.0,0.0,0.0,0.0,0.0,0.0,0.0,1.0,0.0,0.0,0.0,9.0,4.0,0.0,0.0,0.0,0.0,0.0,0.0,0.0,0.0,3.0,12.0,1.0,12.15,5.0200000000000005,2.51,1.49,0.0,0.0,0.0,133.1,0.0,-0.3,-0.5,-0.8,-169.70000000000002,0.0,0.0,169.8,0.0,21.0,29.0,29.0,30.0,300.0,300.0,31.700000000000003,35.800000000000004,28.9,28.1,30.0,4.95,1.99,4.97,0.16,0.0,0.0,1027.0,8228.0,0.0,0.0,0.0,0.0,0.0,1.0,0.0,0.0,0.0,0.0,0.0,-1.2000000000000002,0.0,0.6000000000000001,0.0,0.0,16.0,25903.0
2026-07-30T19:02:35.282Z,324.765,324.78000000000003,0.0,7.4,0.0,0.0,0.0,0.0,0.0,0.0,0.0,0.0,1.0,0.0,0.0,0.0,9.0,4.0,0.0,0.0,0.0,0.0,0.0,0.0,0.0,0.0,4.0,12.0,1.0,12.15,5.0200000000000005,2.51,1.49,0.0,0.0,0.0,133.20000000000002,0.0,-0.9,0.0,-0.2,-169.70000000000002,0.0,0.0,169.8,0.0,21.0,29.0,29.0,30.0,300.0,300.0,31.700000000000003,35.800000000000004,28.9,28.1,30.0,4.96,1.99,4.96,0.16,0.0,0.0,1027.0,8228.0,0.0,0.0,0.0,0.0,0.0,1.0,0.0,0.0,0.0,0.0,0.0,-0.1,0.0,0.2,0.0,0.0001,16.0,25903.0
2026-07-30T19:02:35.294Z,324.777,324.79200000000003,0.0,7.4,0.0,0.0,0.0,0.0,0.0,0.0,0.0,0.0,1.0,0.0,0.0,0.0,9.0,4.0,0.0,0.0,0.0,0.0,0.0,0.0,0.0,0.0,5.0,12.0,1.0,12.15,5.0200000000000005,2.51,1.49,0.0,0.0,0.0,133.3,0.0,-0.3,0.0,-1.4,-169.70000000000002,0.0,0.0,169.8,0.0,21.0,29.0,29.0,30.0,300.0,300.0,31.700000000000003,35.800000000000004,28.9,28.1,30.0,4.95,2.0,4.97,0.16,0.0,0.0,1027.0,8228.0,0.0,0.0,0.0,0.0,0.0,1.0,0.0,0.0,0.0,0.0,0.0,-0.9,0.0,1.2000000000000002,0.0,0.0,16.0,25903.0
2026-07-30T19:02:35.306Z,324.789,324.80400000000003,0.0,7.4,0.0,0.0,0.0,0.0,0.0,0.0,0.0,0.0,1.0,0.0,0.0,0.0,9.0,4.0,0.0,0.0,0.0,0.0,0.0,0.0,0.0,0.0,1.0,12.0,1.0,12.15,5.0200000000000005,2.51,1.49,0.0,0.0,0.0,133.3,0.0,0.1,0.6000000000000001,0.3,-169.70000000000002,0.0,0.0,169.8,0.0,21.0,29.0,29.0,30.0,300.0,300.0,31.700000000000003,35.800000000000004,28.9,28.1,30.0,4.95,2.0,4.96,0.16,0.0,0.0,1027.0,8228.0,0.0,0.0,0.0,0.0,0.0,1.0,0.0,0.0,0.0,0.0,0.0,1.0,0.0,-0.1,0.0,0.0001,16.0,25903.0
2026-07-30T19:02:35.318Z,324.801,324.81600000000003,0.0,7.4,0.0,0.0,0.0,0.0,0.0,0.0,0.0,0.0,1.0,0.0,0.0,0.0,9.0,4.0,0.0,0.0,0.0,0.0,0.0,0.0,0.0,0.0,2.0,12.0,1.0,12.15,5.0200000000000005,2.51,1.49,0.0,0.0,0.0,133.1,0.0,-0.3,0.6000000000000001,0.3,-169.70000000000002,0.0,0.0,169.8,0.0,21.0,29.0,29.0,30.0,300.0,300.0,31.700000000000003,35.800000000000004,28.9,28.1,30.0,4.96,1.99,4.96,0.16,0.0,0.0,1027.0,8228.0,0.0,0.0,0.0,0.0,0.0,1.0,0.0,0.0,0.0,0.0,0.0,0.9,0.0,-0.1,0.0,0.0,16.0,25903.0
2026-07-30T19:02:35.330Z,324.813,324.82800000000003,0.0,7.4,0.0,0.0,0.0,0.0,0.0,0.0,0.0,0.0,1.0,0.0,0.0,0.0,9.0,4.0,0.0,0.0,0.0,0.0,0.0,0.0,0.0,0.0,4.0,12.0,1.0,12.15,5.0200000000000005,2.51,1.49,0.0,0.0,0.0,133.1,0.0,-1.5,0.0,-0.7000000000000001,-169.70000000000002,0.0,0.0,169.70000000000002,0.0,21.0,29.0,29.0,30.0,300.0,300.0,31.700000000000003,35.800000000000004,28.9,28.1,30.0,4.95,1.99,4.96,0.16,0.0,0.0,1027.0,8228.0,0.0,0.0,0.0,0.0,0.0,1.0,0.0,0.0,0.0,0.0,0.0,-0.5,0.0,0.7000000000000001,0.0,0.0,16.0,25903.0
2026-07-30T19:02:35.342Z,324.825,324.84000000000003,0.0,7.4,0.0,0.0,0.0,0.0,0.0,0.0,0.0,0.0,1.0,0.0,0.0,0.0,9.0,4.0,0.0,0.0,0.0,0.0,0.0,0.0,0.0,0.0,5.0,12.0,1.0,12.15,5.0200000000000005,2.51,1.49,0.0,0.0,0.0,132.9,0.0,-0.4,-1.7000000000000002,-0.1,-169.70000000000002,0.0,0.0,169.8,0.0,21.0,29.0,29.0,30.0,300.0,300.0,31.700000000000003,35.800000000000004,28.9,28.1,30.0,4.95,2.0,4.97,0.16,0.0,0.0,1027.0,8228.0,0.0,0.0,0.0,0.0,0.0,1.0,0.0,0.0,0.0,0.0,0.0,-2.1,0.0,-0.1,0.0,0.0001,16.0,25903.0
2026-07-30T19:02:35.355Z,324.838,324.85200000000003,0.0,7.4,0.0,0.0,0.0,0.0,0.0,0.0,0.0,0.0,1.0,0.0,0.0,0.0,9.0,4.0,0.0,0.0,0.0,0.0,0.0,0.0,0.0,0.0,1.0,12.0,1.0,12.18,5.01,2.51,1.49,0.0,0.0,0.0,132.8,0.0,0.1,-0.5,-1.3,-169.70000000000002,0.0,0.0,169.8,0.0,21.700000000000003,29.0,29.0,30.0,300.0,300.0,31.6,35.9,28.9,28.1,30.0,4.95,1.99,4.96,0.16,0.0,0.0,1027.0,8228.0,0.0,0.0,0.0,0.0,0.0,1.0,0.0,0.0,0.0,0.0,0.0,-1.6,0.0,1.0,0.0,0.0001,16.0,25903.0
2026-07-30T19:02:35.366Z,324.849,324.86400000000003,0.0,7.4,0.0,0.0,0.0,0.0,0.0,0.0,0.0,0.0,1.0,0.0,0.0,0.0,9.0,4.0,0.0,0.0,0.0,0.0,0.0,0.0,0.0,0.0,2.0,12.0,1.0,12.18,5.01,2.51,1.49,0.0,0.0,0.0,132.8,0.0,-0.4,1.2000000000000002,1.5,-169.70000000000002,0.0,0.0,169.8,0.0,21.700000000000003,29.0,29.0,30.0,300.0,300.0,31.6,35.9,28.9,28.1,30.0,4.96,1.99,4.96,0.16,0.0,0.0,1027.0,8228.0,0.0,0.0,0.0,0.0,0.0,1.0,0.0,0.0,0.0,0.0,0.0,2.5,0.0,-1.1,0.0,0.0,16.0,25903.0
2026-07-30T19:02:35.378Z,324.861,324.87600000000003,0.0,7.4,0.0,0.0,0.0,0.0,0.0,0.0,0.0,0.0,1.0,0.0,0.0,0.0,9.0,4.0,0.0,0.0,0.0,0.0,0.0,0.0,0.0,0.0,4.0,12.0,1.0,12.18,5.01,2.51,1.49,0.0,0.0,0.0,132.6,0.0,0.1,-0.5,0.3,-169.70000000000002,0.0,0.0,169.8,0.0,21.700000000000003,29.0,29.0,30.0,300.0,300.0,31.6,35.9,28.9,28.1,30.0,4.95,1.99,4.97,0.16,0.0,0.0,1027.0,8228.0,0.0,0.0,0.0,0.0,0.0,1.0,0.0,0.0,0.0,0.0,0.0,-0.3,0.0,-0.4,0.0,0.0,16.0,25903.0
2026-07-30T19:02:35.389Z,324.872,324.88800000000003,0.0,7.4,0.0,0.0,0.0,0.0,0.0,0.0,0.0,0.0,1.0,0.0,0.0,0.0,9.0,4.0,0.0,0.0,0.0,0.0,0.0,0.0,0.0,0.0,5.0,12.0,1.0,12.18,5.01,2.51,1.49,0.0,0.0,0.0,132.5,0.0,0.1,-1.1,-0.7000000000000001,-169.70000000000002,0.0,0.0,169.70000000000002,0.0,21.700000000000003,29.0,29.0,30.0,300.0,300.0,31.6,35.9,28.9,28.1,30.0,4.96,1.99,4.96,0.16,0.0,0.0,1027.0,8228.0,0.0,0.0,0.0,0.0,0.0,1.0,0.0,0.0,0.0,0.0,0.0,-1.8,0.0,0.4,0.0,0.0,16.0,25903.0
2026-07-30T19:02:35.402Z,324.885,324.90000000000003,0.0,7.4,0.0,0.0,0.0,0.0,0.0,0.0,0.0,0.0,1.0,0.0,0.0,0.0,9.0,4.0,0.0,0.0,0.0,0.0,0.0,0.0,0.0,0.0,6.0,12.0,1.0,12.18,5.01,2.51,1.49,0.0,0.0,0.0,132.4,0.0,0.1,0.6000000000000001,0.3,-169.70000000000002,0.0,0.0,169.70000000000002,0.0,21.700000000000003,29.0,29.0,30.0,300.0,300.0,31.6,35.9,28.9,28.1,30.0,4.96,1.99,4.97,0.16,0.0,0.0,1027.0,8228.0,0.0,0.0,0.0,0.0,0.0,1.0,0.0,0.0,0.0,0.0,0.0,1.0,0.0,-0.2,0.0,0.0,16.0,25903.0
2026-07-30T19:02:35.414Z,324.897,324.91200000000003,0.0,7.4,0.0,0.0,0.0,0.0,0.0,0.0,0.0,0.0,1.0,0.0,0.0,0.0,9.0,4.0,0.0,0.0,0.0,0.0,0.0,0.0,0.0,0.0,2.0,12.0,1.0,12.18,5.01,2.51,1.49,0.0,0.0,0.0,132.3,0.0,-0.4,1.2000000000000002,-0.8,-169.70000000000002,0.0,0.0,169.8,0.0,21.700000000000003,29.0,29.0,30.0,300.0,300.0,31.6,35.9,28.9,28.1,30.0,4.95,1.99,4.97,0.16,0.0,0.0,1027.0,8228.0,0.0,0.0,0.0,0.0,0.0,1.0,0.0,0.0,0.0,0.0,0.0,0.7000000000000001,0.0,0.9,0.0,0.0,16.0,25903.0
2026-07-30T19:02:35.426Z,324.909,324.92400000000004,0.0,7.4,0.0,0.0,0.0,0.0,0.0,0.0,0.0,0.0,1.0,0.0,0.0,0.0,9.0,4.0,0.0,0.0,0.0,0.0,0.0,0.0,0.0,0.0,3.0,12.0,1.0,12.18,5.01,2.51,1.49,0.0,0.0,0.0,132.1,0.0,0.1,-0.4,0.3,-169.70000000000002,0.0,0.0,169.8,0.0,21.700000000000003,29.0,29.0,30.0,300.0,300.0,31.6,35.9,28.9,28.1,30.0,4.95,1.99,4.97,0.16,0.0,0.0,1027.0,8228.0,0.0,0.0,0.0,0.0,0.0,1.0,0.0,0.0,0.0,0.0,0.0,-0.2,0.0,-0.4,0.0,0.0,16.0,25903.0
2026-07-30T19:02:35.438Z,324.921,324.936,0.0,7.4,0.0,0.0,0.0,0.0,0.0,0.0,0.0,0.0,1.0,0.0,0.0,0.0,9.0,4.0,0.0,0.0,0.0,0.0,0.0,0.0,0.0,0.0,5.0,12.0,1.0,12.18,5.01,2.51,1.49,0.0,0.1,0.0,132.1,0.0,0.1,-0.4,0.4,-169.70000000000002,0.0,0.0,169.8,0.0,21.700000000000003,29.0,29.0,30.0,300.0,300.0,31.6,35.9,28.9,28.1,30.0,4.96,1.99,4.96,0.16,0.0,0.0,1027.0,8228.0,0.0,0.0,0.0,0.0,0.0,1.0,0.0,0.0,0.0,0.0,0.0,-0.2,0.0,-0.4,0.0,0.0,16.0,25903.0
2026-07-30T19:02:35.450Z,324.933,324.948,0.0,7.4,0.0,0.0,0.0,0.0,0.0,0.0,0.0,0.0,1.0,0.0,0.0,0.0,9.0,4.0,0.0,0.0,0.0,0.0,0.0,0.0,0.0,0.0,6.0,12.0,1.0,12.18,5.01,2.51,1.49,0.0,0.0,0.0,132.0,0.0,0.1,-0.4,-0.7000000000000001,-169.70000000000002,0.0,0.0,169.70000000000002,0.0,21.700000000000003,29.0,29.0,30.0,300.0,300.0,31.6,35.9,28.9,28.1,30.0,4.96,1.99,4.97,0.16,0.0,0.0,1027.0,8228.0,0.0,0.0,0.0,0.0,0.0,1.0,0.0,0.0,0.0,0.0,0.0,-1.0,0.0,0.5,0.0,0.0,16.0,25903.0
2026-07-30T19:02:35.462Z,324.945,324.96,0.0,7.4,0.0,0.0,0.0,0.0,0.0,0.0,0.0,0.0,1.0,0.0,0.0,0.0,9.0,4.0,0.0,0.0,0.0,0.0,0.0,0.0,0.0,0.0,2.0,12.0,1.0,12.15,5.0200000000000005,2.51,1.49,0.0,0.0,0.0,131.9,0.0,0.2,1.3,0.4,-169.70000000000002,0.0,0.0,169.8,0.0,21.200000000000003,29.0,29.0,30.0,300.0,300.0,31.700000000000003,35.800000000000004,28.9,28.1,30.0,4.95,1.99,4.97,0.17,0.0,0.0,1027.0,8228.0,0.0,0.0,0.0,0.0,0.0,1.0,0.0,0.0,0.0,0.0,0.0,1.8,0.0,-0.1,0.0,0.0,16.0,25903.0
2026-07-30T19:02:35.473Z,324.956,324.972,0.0,7.4,0.0,0.0,0.0,0.0,0.0,0.0,0.0,0.0,1.0,0.0,0.0,0.0,9.0,4.0,0.0,0.0,0.0,0.0,0.0,0.0,0.0,0.0,3.0,12.0,1.0,12.15,5.0200000000000005,2.51,1.49,0.0,0.0,0.0,131.8,0.0,0.2,0.1,-0.6000000000000001,-169.70000000000002,0.0,0.0,169.8,0.0,21.200000000000003,29.0,29.0,30.0,300.0,300.0,31.700000000000003,35.800000000000004,28.9,28.1,30.0,4.96,1.99,4.96,0.16,0.0,0.0,1027.0,8228.0,0.0,0.0,0.0,0.0,0.0,1.0,0.0,0.0,0.0,0.0,0.0,-0.3,0.0,0.6000000000000001,0.0,0.0,16.0,25903.0
2026-07-30T19:02:35.486Z,324.969,324.984,0.0,7.4,0.0,0.0,0.0,0.0,0.0,0.0,0.0,0.0,1.0,0.0,0.0,0.0,9.0,4.0,0.0,0.0,0.0,0.0,0.0,0.0,0.0,0.0,5.0,12.0,1.0,12.15,5.0200000000000005,2.51,1.49,0.0,0.0,0.0,131.70000000000002,0.0,0.2,-0.4,0.5,-169.70000000000002,0.0,0.0,169.8,0.0,21.200000000000003,29.0,29.0,30.0,300.0,300.0,31.700000000000003,35.800000000000004,28.9,28.1,30.0,4.95,2.0,4.96,0.16,0.0,0.0,1027.0,8228.0,0.0,0.0,0.0,0.0,0.0,1.0,0.0,0.0,0.0,0.0,0.0,0.0,0.0,-0.5,0.0,0.0,16.0,25903.0
2026-07-30T19:02:35.498Z,324.981,324.996,0.0,7.4,0.0,0.0,0.0,0.0,0.0,0.0,0.0,0.0,1.0,0.0,0.0,0.0,9.0,4.0,0.0,0.0,0.0,0.0,0.0,0.0,0.0,0.0,6.0,12.0,1.0,12.15,5.0200000000000005,2.51,1.49,0.0,0.0,0.0,131.6,0.0,-0.3,0.1,1.1,-169.70000000000002,0.0,0.0,169.8,0.0,21.200000000000003,29.0,29.0,30.0,300.0,300.0,31.700000000000003,35.800000000000004,28.9,28.1,30.0,4.95,1.99,4.97,0.16,0.0,0.0,1027.0,8228.0,0.0,0.0,0.0,0.0,0.0,1.0,0.0,0.0,0.0,0.0,0.0,1.0,0.0,-0.9,0.0,0.0,16.0,25903.0
2026-07-30T19:02:35.510Z,324.993,325.008,0.0,7.4,0.0,0.0,0.0,0.0,0.0,0.0,0.0,0.0,1.0,0.0,0.0,0.0,9.0,4.0,0.0,0.0,0.0,0.0,0.0,0.0,0.0,0.0,1.0,12.0,1.0,12.15,5.0200000000000005,2.51,1.49,0.0,0.0,0.0,131.4,0.0,0.2,0.1,0.0,-169.70000000000002,0.0,0.0,169.8,0.0,21.200000000000003,29.0,29.0,30.0,300.0,300.0,31.700000000000003,35.800000000000004,28.9,28.1,30.0,4.95,1.99,4.97,0.16,0.0,0.0,1027.0,8228.0,0.0,0.0,0.0,0.0,0.0,1.0,0.0,0.0,0.0,0.0,0.0,0.2,0.0,0.0,0.0,0.0,16.0,25903.0
2026-07-30T19:02:35.522Z,325.005,325.02,0.0,7.4,0.0,0.0,0.0,0.0,0.0,0.0,0.0,0.0,1.0,0.0,0.0,0.0,9.0,4.0,0.0,0.0,0.0,0.0,0.0,0.0,0.0,0.0,3.0,12.0,1.0,12.15,5.0200000000000005,2.51,1.49,0.0,0.1,0.0,131.3,0.0,-0.9,0.7000000000000001,0.5,-169.70000000000002,0.0,0.0,169.8,0.0,21.200000000000003,29.0,29.0,30.0,300.0,300.0,31.700000000000003,35.800000000000004,28.9,28.1,30.0,4.96,1.99,4.96,0.16,0.0,0.0,1027.0,8228.0,0.0,0.0,0.0,0.0,0.0,1.0,0.0,0.0,0.0,0.0,0.0,1.3,0.0,-0.3,0.0,0.0,16.0,25903.0
2026-07-30T19:02:35.534Z,325.017,325.032,0.0,7.4,0.0,0.0,0.0,0.0,0.0,0.0,0.0,0.0,1.0,0.0,0.0,0.0,9.0,4.0,0.0,0.0,0.0,0.0,0.0,0.0,0.0,0.0,4.0,12.0,1.0,12.15,5.0200000000000005,2.51,1.49,0.0,0.0,0.0,131.20000000000002,0.0,0.2,-0.3,-0.5,-169.70000000000002,0.0,0.0,169.8,0.0,21.200000000000003,29.0,29.0,30.0,300.0,300.0,31.700000000000003,35.800000000000004,28.9,28.1,30.0,4.95,1.99,4.97,0.16,0.0,0.0,1027.0,8228.0,0.0,0.0,0.0,0.0,0.0,1.0,0.0,0.0,0.0,0.0,0.0,-0.8,0.0,0.4,0.0,0.0,16.0,25903.0
2026-07-30T19:02:35.546Z,325.029,325.044,0.0,7.4,0.0,0.0,0.0,0.0,0.0,0.0,0.0,0.0,1.0,0.0,0.0,0.0,9.0,4.0,0.0,0.0,0.0,0.0,0.0,0.0,0.0,0.0,5.0,12.0,1.0,12.15,5.0200000000000005,2.51,1.49,0.0,0.0,0.0,131.1,0.0,-0.2,0.7000000000000001,-0.5,-169.70000000000002,0.0,0.0,169.8,0.0,21.200000000000003,29.0,29.0,30.0,300.0,300.0,31.700000000000003,35.800000000000004,28.9,28.1,30.0,4.95,1.99,4.96,0.16,0.0,0.0,1027.0,8228.0,0.0,0.0,0.0,0.0,0.0,1.0,0.0,0.0,0.0,0.0,0.0,0.5,0.0,0.6000000000000001,0.0,0.0,16.0,25903.0
2026-07-30T19:02:35.559Z,325.042,325.056,0.0,7.4,0.0,0.0,0.0,0.0,0.0,0.0,0.0,0.0,1.0,0.0,0.0,0.0,9.0,4.0,0.0,0.0,0.0,0.0,0.0,0.0,0.0,0.0,6.0,12.0,1.0,12.15,5.0200000000000005,2.51,1.49,0.0,0.1,0.0,131.0,0.0,-0.8,1.3,1.1,-169.70000000000002,0.0,0.0,169.70000000000002,0.0,21.700000000000003,29.0,29.0,30.0,300.0,300.0,31.700000000000003,35.800000000000004,28.9,28.1,30.0,4.95,1.99,4.96,0.16,0.0,0.0,1027.0,8228.0,0.0,0.0,0.0,0.0,0.0,1.0,0.0,0.0,0.0,0.0,0.0,2.4000000000000004,0.0,-0.7000000000000001,0.0,0.0,16.0,25903.0
2026-07-30T19:02:35.570Z,325.053,325.068,0.0,7.4,0.0,0.0,0.0,0.0,0.0,0.0,0.0,0.0,1.0,0.0,0.0,0.0,9.0,4.0,0.0,0.0,0.0,0.0,0.0,0.0,0.0,0.0,1.0,12.0,1.0,12.15,5.0200000000000005,2.51,1.49,0.0,0.0,0.0,130.9,0.0,0.2,0.2,0.0,-169.70000000000002,0.0,0.0,169.70000000000002,0.0,21.700000000000003,29.0,29.0,30.0,300.0,300.0,31.700000000000003,35.800000000000004,28.9,28.1,30.0,4.95,1.99,4.96,0.16,0.0,0.0,1027.0,8228.0,0.0,0.0,0.0,0.0,0.0,1.0,0.0,0.0,0.0,0.0,0.0,0.2,0.0,0.0,0.0,0.0,16.0,25903.0
2026-07-30T19:02:35.582Z,325.065,325.08,0.0,7.4,0.0,0.0,0.0,0.0,0.0,0.0,0.0,0.0,1.0,0.0,0.0,0.0,9.0,4.0,0.0,0.0,0.0,0.0,0.0,0.0,0.0,0.0,2.0,12.0,1.0,12.15,5.0200000000000005,2.51,1.49,0.0,0.0,0.0,130.8,0.0,-0.3,0.8,0.5,-169.70000000000002,0.0,0.0,169.70000000000002,0.0,21.700000000000003,29.0,29.0,30.0,300.0,300.0,31.700000000000003,35.800000000000004,28.9,28.1,30.0,4.95,1.99,4.97,0.16,0.0,0.0,1027.0,8228.0,0.0,0.0,0.0,0.0,0.0,1.0,0.0,0.0,0.0,0.0,0.0,1.3,0.0,-0.3,0.0,0.0,16.0,25903.0
2026-07-30T19:02:35.594Z,325.077,325.092,0.0,7.4,0.0,0.0,0.0,0.0,0.0,0.0,0.0,0.0,1.0,0.0,0.0,0.0,9.0,4.0,0.0,0.0,0.0,0.0,0.0,0.0,0.0,0.0,3.0,12.0,1.0,12.15,5.0200000000000005,2.51,1.49,0.0,0.0,0.0,130.70000000000002,0.0,0.8,1.3,-0.6000000000000001,-169.70000000000002,0.0,0.0,169.8,0.0,21.700000000000003,29.0,29.0,30.0,300.0,300.0,31.700000000000003,35.800000000000004,28.9,28.1,30.0,4.95,1.99,4.96,0.16,0.0,0.0,1027.0,8228.0,0.0,0.0,0.0,0.0,0.0,1.0,0.0,0.0,0.0,0.0,0.0,1.1,0.0,0.8,0.0,0.0,16.0,25903.0
2026-07-30T19:02:35.606Z,325.089,325.104,0.0,7.4,0.0,0.0,0.0,0.0,0.0,0.0,0.0,0.0,1.0,0.0,0.0,0.0,9.0,4.0,0.0,0.0,0.0,0.0,0.0,0.0,0.0,0.0,4.0,12.0,1.0,12.15,5.0200000000000005,2.51,1.49,0.0,0.0,0.0,130.6,0.0,-0.9,-0.3,0.5,-169.70000000000002,0.0,0.0,169.8,0.0,21.700000000000003,29.0,29.0,30.0,300.0,300.0,31.700000000000003,35.800000000000004,28.9,28.1,30.0,4.96,1.99,4.96,0.16,0.0,0.0,1027.0,8228.0,0.0,0.0,0.0,0.0,0.0,1.0,0.0,0.0,0.0,0.0,0.0,0.0,0.0,-0.5,0.0,0.0,16.0,25903.0
2026-07-30T19:02:35.619Z,325.102,325.116,0.0,7.4,0.0,0.0,0.0,0.0,0.0,0.0,0.0,0.0,1.0,0.0,0.0,0.0,9.0,4.0,0.0,0.0,0.0,0.0,0.0,0.0,0.0,0.0,5.0,12.0,1.0,12.15,5.0200000000000005,2.51,1.49,0.0,0.0,0.0,130.4,0.0,0.1,-0.4,1.0,-169.70000000000002,0.0,0.0,169.8,0.0,21.700000000000003,29.0,29.0,30.0,300.0,300.0,31.700000000000003,35.800000000000004,28.9,28.1,30.0,4.95,1.99,4.97,0.16,0.0,0.0,1027.0,8228.0,0.0,0.0,0.0,0.0,0.0,1.0,0.0,0.0,0.0,0.0,0.0,0.3,0.0,-1.0,0.0,0.0,16.0,25903.0
2026-07-30T19:02:35.630Z,325.113,325.128,0.0,7.4,0.0,0.0,0.0,0.0,0.0,0.0,0.0,0.0,1.0,0.0,0.0,0.0,9.0,4.0,0.0,0.0,0.0,0.0,0.0,0.0,0.0,0.0,6.0,12.0,1.0,12.15,5.0200000000000005,2.51,1.49,0.0,0.0,0.0,130.4,0.0,-0.9,-0.4,-0.6000000000000001,-169.70000000000002,0.0,0.0,169.8,0.0,21.700000000000003,29.0,29.0,30.0,300.0,300.0,31.700000000000003,35.800000000000004,28.9,28.1,30.0,4.96,1.99,4.96,0.16,0.0,0.0,1027.0,8228.0,0.0,0.0,0.0,0.0,0.0,1.0,0.0,0.0,0.0,0.0,0.0,-0.9,0.0,0.5,0.0,0.0,16.0,25903.0
2026-07-30T19:02:35.642Z,325.125,325.14,0.0,7.4,0.0,0.0,0.0,0.0,0.0,0.0,0.0,0.0,1.0,0.0,0.0,0.0,9.0,4.0,0.0,0.0,0.0,0.0,0.0,0.0,0.0,0.0,1.0,12.0,1.0,12.15,5.0200000000000005,2.51,1.49,0.0,0.1,0.0,130.3,0.0,0.2,0.7000000000000001,0.9,-169.70000000000002,0.0,0.0,169.70000000000002,0.0,21.700000000000003,29.0,29.0,30.0,300.0,300.0,31.700000000000003,35.800000000000004,28.9,28.1,30.0,4.96,2.0,4.97,0.16,0.0,0.0,1027.0,8228.0,0.0,0.0,0.0,0.0,0.0,1.0,0.0,0.0,0.0,0.0,0.0,0.0,0.0,0.1,0.0,0.0,16.0,25903.0
2026-07-30T19:02:35.654Z,325.137,325.152,0.0,7.4,0.0,0.0,0.0,0.0,0.0,0.0,0.0,0.0,1.0,0.0,0.0,0.0,9.0,4.0,0.0,0.0,0.0,0.0,0.0,0.0,0.0,0.0,2.0,12.0,1.0,12.15,5.0200000000000005,2.51,1.49,0.0,0.0,0.0,130.20000000000002,0.0,-0.9,0.1,-0.1,-169.70000000000002,0.0,0.0,169.8,0.0,21.700000000000003,29.0,29.0,30.0,300.0,300.0,31.700000000000003,35.800000000000004,28.9,28.1,30.0,4.95,1.99,4.97,0.16,0.0,0.0,1027.0,8228.0,0.0,0.0,0.0,0.0,0.0,1.0,0.0,0.0,0.0,0.0,0.0,0.9,0.0,-0.8,0.0,0.0,16.0,25903.0
2026-07-30T19:02:35.666Z,325.149,325.164,0.0,7.4,0.0,0.0,0.0,0.0,0.0,0.0,0.0,0.0,1.0,0.0,0.0,0.0,9.0,4.0,0.0,0.0,0.0,0.0,0.0,0.0,0.0,0.0,4.0,12.0,1.0,12.17,5.0200000000000005,2.51,1.5,0.0,0.0,0.0,130.0,0.0,0.1,0.1,-0.1,-169.70000000000002,0.0,0.0,169.8,0.0,21.3,29.0,29.0,30.0,300.0,300.0,31.700000000000003,35.800000000000004,28.9,28.1,30.0,4.95,1.99,4.97,0.16,0.0,0.0,1027.0,8228.0,0.0,0.0,0.0,0.0,0.0,1.0,0.0,0.0,0.0,0.0,0.0,-0.9,0.0,0.5,0.0,0.0001,16.0,25903.0
2026-07-30T19:02:35.678Z,325.161,325.176,0.0,7.4,0.0,0.0,0.0,0.0,0.0,0.0,0.0,0.0,1.0,0.0,0.0,0.0,9.0,4.0,0.0,0.0,0.0,0.0,0.0,0.0,0.0,0.0,5.0,12.0,1.0,12.17,5.0200000000000005,2.51,1.5,0.0,0.0,0.0,130.0,0.0,0.1,-0.3,-0.1,-169.70000000000002,0.0,0.0,169.70000000000002,0.0,21.3,29.0,29.0,30.0,300.0,300.0,31.700000000000003,35.800000000000004,28.9,28.1,30.0,4.96,2.0,4.96,0.16,0.0,0.0,1027.0,8228.0,0.0,0.0,0.0,0.0,0.0,1.0,0.0,0.0,0.0,0.0,0.0,-0.9,0.0,0.5,0.0,0.0,16.0,25903.0
2026-07-30T19:02:35.690Z,325.173,325.188,0.0,7.4,0.0,0.0,0.0,0.0,0.0,0.0,0.0,0.0,1.0,0.0,0.0,0.0,9.0,4.0,0.0,0.0,0.0,0.0,0.0,0.0,0.0,0.0,6.0,12.0,1.0,12.17,5.0200000000000005,2.51,1.5,0.0,0.0,0.0,129.9,0.0,0.1,0.1,-0.1,-169.70000000000002,0.0,0.0,169.8,0.0,21.3,29.0,29.0,30.0,300.0,300.0,31.700000000000003,35.800000000000004,28.9,28.1,30.0,4.96,1.99,4.97,0.16,0.0,0.0,1027.0,8228.0,0.0,0.0,0.0,0.0,0.0,1.0,0.0,0.0,0.0,0.0,0.0,0.1,0.0,0.1,0.0,0.0001,16.0,25903.0
2026-07-30T19:02:35.702Z,325.185,325.2,0.0,7.4,0.0,0.0,0.0,0.0,0.0,0.0,0.0,0.0,1.0,0.0,0.0,0.0,9.0,4.0,0.0,0.0,0.0,0.0,0.0,0.0,0.0,0.0,2.0,12.0,1.0,12.17,5.0200000000000005,2.51,1.5,0.0,0.0,0.0,129.70000000000002,0.0,-0.3,-0.4,-1.2000000000000002,-169.70000000000002,0.0,0.0,169.70000000000002,0.0,21.3,29.0,29.0,30.0,300.0,300.0,31.700000000000003,35.800000000000004,28.9,28.1,30.0,4.95,1.99,4.97,0.16,0.0,0.0,1027.0,8228.0,0.0,0.0,0.0,0.0,0.0,1.0,0.0,0.0,0.0,0.0,0.0,-1.4,0.0,1.0,0.0,0.0,16.0,25903.0
2026-07-30T19:02:35.714Z,325.197,325.212,0.0,7.4,0.0,0.0,0.0,0.0,0.0,0.0,0.0,0.0,1.0,0.0,0.0,0.0,9.0,4.0,0.0,0.0,0.0,0.0,0.0,0.0,0.0,0.0,3.0,12.0,1.0,12.17,5.0200000000000005,2.51,1.5,0.0,0.0,0.0,129.6,0.0,0.2,0.1,0.0,-169.70000000000002,0.0,0.0,169.8,0.0,21.3,29.0,29.0,30.0,300.0,300.0,31.700000000000003,35.800000000000004,28.9,28.1,30.0,4.96,1.99,4.97,0.16,0.0,0.0,1027.0,8228.0,0.0,0.0,0.0,0.0,0.0,1.0,0.0,0.0,0.0,0.0,0.0,0.1,0.0,0.0,0.0,0.0001,16.0,25903.0
2026-07-30T19:02:35.726Z,325.209,325.224,0.0,7.4,0.0,0.0,0.0,0.0,0.0,0.0,0.0,0.0,1.0,0.0,0.0,0.0,9.0,4.0,0.0,0.0,0.0,0.0,0.0,0.0,0.0,0.0,5.0,12.0,1.0,12.17,5.0200000000000005,2.51,1.5,0.0,0.0,0.0,129.6,0.0,0.8,-0.4,0.0,-169.70000000000002,0.0,0.0,169.70000000000002,0.0,21.3,29.0,29.0,30.0,300.0,300.0,31.700000000000003,35.800000000000004,28.9,28.1,30.0,4.96,2.0,4.96,0.16,0.0,0.0,1027.0,8228.0,0.0,0.0,0.0,0.0,0.0,1.0,0.0,0.0,0.0,0.0,0.0,-0.5,0.0,0.0,0.0,0.0,16.0,25903.0
2026-07-30T19:02:35.738Z,325.221,325.236,0.0,7.4,0.0,0.0,0.0,0.0,0.0,0.0,0.0,0.0,1.0,0.0,0.0,0.0,9.0,4.0,0.0,0.0,0.0,0.0,0.0,0.0,0.0,0.0,6.0,12.0,1.0,12.17,5.0200000000000005,2.51,1.5,0.0,0.0,0.0,129.8,0.0,0.2,0.7000000000000001,-0.6000000000000001,-169.70000000000002,0.0,0.0,169.70000000000002,0.0,21.3,29.0,29.0,30.0,300.0,300.0,31.700000000000003,35.800000000000004,28.9,28.1,30.0,4.96,1.99,4.97,0.16,0.0,0.0,1027.0,8228.0,0.0,0.0,0.0,0.0,0.0,1.0,0.0,0.0,0.0,0.0,0.0,0.3,0.0,0.6000000000000001,0.0,0.0,16.0,25903.0
2026-07-30T19:02:35.750Z,325.233,325.248,0.0,7.4,0.0,0.0,0.0,0.0,0.0,0.0,0.0,0.0,1.0,0.0,0.0,0.0,9.0,4.0,0.0,0.0,0.0,0.0,0.0,0.0,0.0,0.0,2.0,12.0,1.0,12.17,5.0200000000000005,2.51,1.5,-0.1,0.1,0.0,130.0,0.0,0.2,0.6000000000000001,0.0,-169.70000000000002,0.0,0.0,169.70000000000002,0.0,21.3,29.0,29.0,30.0,300.0,300.0,31.700000000000003,35.800000000000004,28.9,28.1,30.0,4.95,2.0,4.97,0.16,0.0,0.0,1027.0,8228.0,0.0,0.0,0.0,0.0,0.0,1.0,0.0,0.0,0.0,0.0,0.0,0.7000000000000001,0.0,0.1,0.0,0.0001,16.0,25903.0
2026-07-30T19:02:35.763Z,325.246,325.26,0.0,7.4,0.0,0.0,0.0,0.0,0.0,0.0,0.0,0.0,1.0,0.0,0.0,0.0,9.0,4.0,0.0,0.0,0.0,0.0,0.0,0.0,0.0,0.0,3.0,12.0,1.0,12.18,5.01,2.51,1.49,0.0,0.0,0.0,130.1,0.0,-0.3,0.0,0.5,-169.70000000000002,0.0,0.0,169.70000000000002,0.0,21.8,29.0,29.0,30.0,300.0,300.0,31.6,35.800000000000004,28.9,28.1,30.0,4.96,2.0,4.96,0.16,0.0,0.0,1027.0,8228.0,0.0,0.0,0.0,0.0,0.0,1.0,0.0,0.0,0.0,0.0,0.0,0.5,0.0,-0.4,0.0,0.0,16.0,25903.0
2026-07-30T19:02:35.774Z,325.257,325.272,0.0,7.4,0.0,0.0,0.0,0.0,0.0,0.0,0.0,0.0,1.0,0.0,0.0,0.0,9.0,4.0,0.0,0.0,0.0,0.0,0.0,0.0,0.0,0.0,5.0,12.0,1.0,12.18,5.01,2.51,1.49,0.0,0.0,0.0,130.4,0.0,0.2,0.0,1.1,-169.70000000000002,0.0,0.0,169.70000000000002,0.0,21.8,29.0,29.0,30.0,300.0,300.0,31.6,35.800000000000004,28.9,28.1,30.0,4.95,2.0,4.97,0.16,0.0,0.0,1027.0,8228.0,0.0,0.0,0.0,0.0,0.0,1.0,0.0,0.0,0.0,0.0,0.0,0.9,0.0,-0.9,0.0,0.0,16.0,25903.0
2026-07-30T19:02:35.785Z,325.268,325.284,0.0,7.4,0.0,0.0,0.0,0.0,0.0,0.0,0.0,0.0,1.0,0.0,0.0,0.0,9.0,4.0,0.0,0.0,0.0,0.0,0.0,0.0,0.0,0.0,6.0,12.0,1.0,12.18,5.01,2.51,1.49,0.0,0.0,0.0,130.6,0.0,0.2,0.0,0.0,-169.70000000000002,0.0,0.0,169.8,0.0,21.8,29.0,29.0,30.0,300.0,300.0,31.6,35.800000000000004,28.9,28.1,30.0,4.95,1.99,4.97,0.16,0.0,0.0,1027.0,8228.0,0.0,0.0,0.0,0.0,0.0,1.0,0.0,0.0,0.0,0.0,0.0,0.0,0.0,0.1,0.0,0.0001,16.0,25903.0
2026-07-30T19:02:35.798Z,325.281,325.296,0.0,7.4,0.0,0.0,0.0,0.0,0.0,0.0,0.0,0.0,1.0,0.0,0.0,0.0,9.0,4.0,0.0,0.0,0.0,0.0,0.0,0.0,0.0,0.0,1.0,12.0,1.0,12.18,5.01,2.51,1.49,0.0,0.0,0.0,130.8,0.0,0.2,0.6000000000000001,0.0,-169.70000000000002,0.0,0.0,169.70000000000002,0.0,21.8,29.0,29.0,30.0,300.0,300.0,31.6,35.800000000000004,28.9,28.1,30.0,4.96,2.0,4.97,0.16,0.0,0.0,1027.0,8228.0,0.0,0.0,0.0,0.0,0.0,1.0,0.0,0.0,0.0,0.0,0.0,0.7000000000000001,0.0,0.1,0.0,0.0,16.0,25903.0
2026-07-30T19:02:35.810Z,325.293,325.308,0.0,7.4,0.0,0.0,0.0,0.0,0.0,0.0,0.0,0.0,1.0,0.0,0.0,0.0,9.0,4.0,0.0,0.0,0.0,0.0,0.0,0.0,0.0,0.0,3.0,12.0,1.0,12.18,5.01,2.51,1.49,0.0,0.0,0.0,130.9,0.0,0.2,-0.5,0.0,-169.70000000000002,0.0,0.0,169.8,0.0,21.8,29.0,29.0,30.0,300.0,300.0,31.6,35.800000000000004,28.9,28.1,30.0,4.96,2.0,4.96,0.16,0.0,0.0,1027.0,8228.0,0.0,0.0,0.0,0.0,0.0,1.0,0.0,0.0,0.0,0.0,0.0,-0.6000000000000001,0.0,0.0,0.0,0.0,16.0,25903.0
2026-07-30T19:02:35.822Z,325.305,325.32,0.0,7.4,0.0,0.0,0.0,0.0,0.0,0.0,0.0,0.0,1.0,0.0,0.0,0.0,9.0,4.0,0.0,0.0,0.0,0.0,0.0,0.0,0.0,0.0,4.0,12.0,1.0,12.18,5.01,2.51,1.49,0.0,0.0,0.0,131.1,0.0,-0.3,-1.1,0.0,-169.70000000000002,0.0,0.0,169.8,0.0,21.8,29.0,29.0,30.0,300.0,300.0,31.6,35.800000000000004,28.9,28.1,30.0,4.95,1.99,4.97,0.16,0.0,0.0,1027.0,8228.0,0.0,0.0,0.0,0.0,0.0,1.0,0.0,0.0,0.0,0.0,0.0,-1.3,0.0,-0.1,0.0,0.0,16.0,25903.0
2026-07-30T19:02:35.834Z,325.317,325.332,0.0,7.4,0.0,0.0,0.0,0.0,0.0,0.0,0.0,0.0,1.0,0.0,0.0,0.0,9.0,4.0,0.0,0.0,0.0,0.0,0.0,0.0,0.0,0.0,6.0,12.0,1.0,12.18,5.01,2.51,1.49,0.0,0.0,0.0,131.3,0.0,-0.3,-0.5,-0.6000000000000001,-169.70000000000002,0.0,0.0,169.70000000000002,0.0,21.8,29.0,29.0,30.0,300.0,300.0,31.6,35.800000000000004,28.9,28.1,30.0,4.95,2.0,4.96,0.16,0.0,0.0,1027.0,8228.0,0.0,0.0,0.0,0.0,0.0,1.0,0.0,0.0,0.0,0.0,0.0,-1.1,0.0,0.4,0.0,0.0,16.0,25903.0
2026-07-30T19:02:35.846Z,325.329,325.344,0.0,7.4,0.0,0.0,0.0,0.0,0.0,0.0,0.0,0.0,1.0,0.0,0.0,0.0,9.0,4.0,0.0,0.0,0.0,0.0,0.0,0.0,0.0,0.0,1.0,12.0,1.0,12.18,5.01,2.51,1.49,0.0,0.0,0.0,131.5,0.0,0.2,0.0,-0.6000000000000001,-169.70000000000002,0.0,0.0,169.70000000000002,0.0,21.8,29.0,29.0,30.0,300.0,300.0,31.6,35.800000000000004,28.9,28.1,30.0,4.96,2.0,4.96,0.16,0.0,0.0,1027.0,8228.0,0.0,0.0,0.0,0.0,0.0,1.0,0.0,0.0,0.0,0.0,0.0,-0.4,0.0,0.5,0.0,0.0,16.0,25903.0
2026-07-30T19:02:35.858Z,325.341,325.356,0.0,7.4,0.0,0.0,0.0,0.0,0.0,0.0,0.0,0.0,1.0,0.0,0.0,0.0,9.0,4.0,0.0,0.0,0.0,0.0,0.0,0.0,0.0,0.0,3.0,12.0,1.0,12.18,5.01,2.51,1.49,0.0,0.0,0.0,131.70000000000002,0.0,-0.3,-1.1,-1.1,-169.70000000000002,0.0,0.0,169.8,0.0,21.8,29.0,29.0,30.0,300.0,300.0,31.6,35.800000000000004,28.9,28.1,30.0,4.95,2.0,4.97,0.16,0.0,0.0,1027.0,8228.0,0.0,0.0,0.0,0.0,0.0,1.0,0.0,0.0,0.0,0.0,0.0,-2.1,0.0,0.8,0.0,0.0,16.0,25903.0
2026-07-30T19:02:35.870Z,325.353,325.368,0.0,7.4,0.0,0.0,0.0,0.0,0.0,0.0,0.0,0.0,1.0,0.0,0.0,0.0,9.0,4.0,0.0,0.0,0.0,0.0,0.0,0.0,0.0,0.0,4.0,12.0,1.0,12.14,5.01,2.5,1.5,0.0,0.1,0.0,131.8,0.0,-0.8,-1.1,-0.6000000000000001,-169.70000000000002,0.0,0.0,169.8,0.0,21.200000000000003,29.0,29.0,30.0,300.0,300.0,31.6,35.800000000000004,28.9,28.1,30.0,4.96,1.99,4.97,0.16,0.0,0.0,1027.0,8228.0,0.0,0.0,0.0,0.0,0.0,1.0,0.0,0.0,0.0,0.0,0.0,-1.7000000000000002,0.0,0.2,0.0,0.0001,16.0,25903.0
2026-07-30T19:02:35.882Z,325.365,325.38,0.0,7.4,0.0,0.0,0.0,0.0,0.0,0.0,0.0,0.0,1.0,0.0,0.0,0.0,9.0,4.0,0.0,0.0,0.0,0.0,0.0,0.0,0.0,0.0,5.0,12.0,1.0,12.14,5.01,2.5,1.5,0.0,0.0,0.0,132.1,0.0,0.8,0.6000000000000001,1.1,-169.70000000000002,0.0,0.0,169.70000000000002,0.0,21.200000000000003,29.0,29.0,30.0,300.0,300.0,31.6,35.800000000000004,28.9,28.1,30.0,4.96,1.99,4.97,0.15,0.0,0.0,1027.0,8228.0,0.0,0.0,0.0,0.0,0.0,1.0,0.0,0.0,0.0,0.0,0.0,1.5,0.0,-0.8,0.0,0.0,16.0,25903.0
2026-07-30T19:02:35.894Z,325.377,325.392,0.0,7.4,0.0,0.0,0.0,0.0,0.0,0.0,0.0,0.0,1.0,0.0,0.0,0.0,9.0,4.0,0.0,0.0,0.0,0.0,0.0,0.0,0.0,0.0,1.0,12.0,1.0,12.14,5.01,2.5,1.5,0.0,0.0,0.0,132.20000000000002,0.0,0.3,0.0,1.0,-169.70000000000002,0.0,0.0,169.70000000000002,0.0,21.200000000000003,29.0,29.0,30.0,300.0,300.0,31.6,35.800000000000004,28.9,28.1,30.0,4.96,1.99,4.97,0.16,0.0,0.0,1027.0,8228.0,0.0,0.0,0.0,0.0,0.0,1.0,0.0,0.0,0.0,0.0,0.0,0.8,0.0,-0.9,0.0,0.0001,16.0,25903.0
2026-07-30T19:02:35.906Z,325.389,325.404,0.0,7.4,0.0,0.0,0.0,0.0,0.0,0.0,0.0,0.0,1.0,0.0,0.0,0.0,9.0,4.0,0.0,0.0,0.0,0.0,0.0,0.0,0.0,0.0,3.0,12.0,1.0,12.14,5.01,2.5,1.5,0.0,0.0,0.0,132.4,0.0,0.3,0.0,0.5,-169.70000000000002,0.0,0.0,169.70000000000002,0.0,21.200000000000003,29.0,29.0,30.0,300.0,300.0,31.6,35.800000000000004,28.9,28.1,30.0,4.95,1.99,4.96,0.16,0.0,0.0,1027.0,8228.0,0.0,0.0,0.0,0.0,0.0,1.0,0.0,0.0,0.0,0.0,0.0,0.4,0.0,-0.4,0.0,0.0,16.0,25903.0
2026-07-30T19:02:35.919Z,325.402,325.416,0.0,7.4,0.0,0.0,0.0,0.0,0.0,0.0,0.0,0.0,1.0,0.0,0.0,0.0,9.0,4.0,0.0,0.0,0.0,0.0,0.0,0.0,0.0,0.0,4.0,12.0,1.0,12.14,5.01,2.5,1.5,0.0,0.0,0.0,132.6,0.0,0.3,-0.5,0.0,-169.70000000000002,0.0,0.0,169.70000000000002,0.0,21.200000000000003,29.0,29.0,30.0,300.0,300.0,31.6,35.800000000000004,28.9,28.1,30.0,4.96,1.99,4.96,0.16,0.0,0.0,1027.0,8228.0,0.0,0.0,0.0,0.0,0.0,1.0,0.0,0.0,0.0,0.0,0.0,-0.6000000000000001,0.0,0.0,0.0,0.0,16.0,25903.0
2026-07-30T19:02:35.930Z,325.413,325.428,0.0,7.4,0.0,0.0,0.0,0.0,0.0,0.0,0.0,0.0,1.0,0.0,0.0,0.0,9.0,4.0,0.0,0.0,0.0,0.0,0.0,0.0,0.0,0.0,5.0,12.0,1.0,12.14,5.01,2.5,1.5,0.0,0.0,0.0,132.70000000000002,0.0,0.3,0.6000000000000001,1.0,-169.70000000000002,0.0,0.0,169.70000000000002,0.0,21.200000000000003,29.0,29.0,30.0,300.0,300.0,31.6,35.800000000000004,28.9,28.1,30.0,4.96,1.99,4.97,0.16,0.0,0.0,1027.0,8228.0,0.0,0.0,0.0,0.0,0.0,1.0,0.0,0.0,0.0,0.0,0.0,1.5,0.0,-0.7000000000000001,0.0,0.0,16.0,25903.0
2026-07-30T19:02:35.942Z,325.425,325.44,0.0,7.4,0.0,0.0,0.0,0.0,0.0,0.0,0.0,0.0,1.0,0.0,0.0,0.0,9.0,4.0,0.0,0.0,0.0,0.0,0.0,0.0,0.0,0.0,6.0,12.0,1.0,12.14,5.01,2.5,1.5,0.0,0.0,0.0,132.9,0.0,0.3,0.0,-0.7000000000000001,-169.70000000000002,0.0,0.0,169.60000000000002,0.0,21.200000000000003,29.0,29.0,30.0,300.0,300.0,31.6,35.800000000000004,28.9,28.1,30.0,4.95,1.99,4.97,0.16,0.0,0.0,1027.0,8228.0,0.0,0.0,0.0,0.0,0.0,1.0,0.0,0.0,0.0,0.0,0.0,-0.4,0.0,0.6000000000000001,0.0,0.0,16.0,25903.0
2026-07-30T19:02:35.954Z,325.437,325.452,0.0,7.4,0.0,0.0,0.0,0.0,0.0,0.0,0.0,0.0,1.0,0.0,0.0,0.0,9.0,4.0,0.0,0.0,0.0,0.0,0.0,0.0,0.0,0.0,2.0,12.0,1.0,12.14,5.01,2.5,1.5,-0.1,0.1,0.0,133.1,0.0,-0.2,-0.5,0.0,-169.70000000000002,0.0,0.0,169.8,0.0,21.200000000000003,29.0,29.0,30.0,300.0,300.0,31.6,35.800000000000004,28.9,28.1,30.0,4.96,1.99,4.96,0.16,0.0,0.0,1027.0,8228.0,0.0,0.0,0.0,0.0,0.0,1.0,0.0,0.0,0.0,0.0,0.0,-0.6000000000000001,0.0,0.0,0.0,0.0,16.0,25903.0
2026-07-30T19:02:35.967Z,325.45,325.464,0.0,7.4,0.0,0.0,0.0,0.0,0.0,0.0,0.0,0.0,1.0,0.0,0.0,0.0,9.0,4.0,0.0,0.0,0.0,0.0,0.0,0.0,0.0,0.0,3.0,12.0,1.0,12.17,5.01,2.51,1.49,0.0,0.0,0.0,133.3,0.0,0.9,-0.5,1.6,-169.70000000000002,0.0,0.0,169.70000000000002,0.0,21.700000000000003,29.0,29.0,30.0,300.0,300.0,31.5,35.800000000000004,28.9,28.1,30.0,4.96,1.99,4.97,0.16,0.0,0.0,1027.0,8228.0,0.0,0.0,0.0,0.0,0.0,1.0,0.0,0.0,0.0,0.0,0.0,0.6000000000000001,0.0,-1.5,0.0,0.0001,16.0,25903.0
2026-07-30T19:02:35.978Z,325.461,325.476,0.0,7.4,0.0,0.0,0.0,0.0,0.0,0.0,0.0,0.0,1.0,0.0,0.0,0.0,9.0,4.0,0.0,0.0,0.0,0.0,0.0,0.0,0.0,0.0,4.0,12.0,1.0,12.17,5.01,2.51,1.49,0.0,0.0,0.0,133.5,0.0,-0.2,0.7000000000000001,1.1,-169.70000000000002,0.0,0.0,169.70000000000002,0.0,21.700000000000003,29.0,29.0,30.0,300.0,300.0,31.5,35.800000000000004,28.9,28.1,30.0,4.96,1.99,4.96,0.16,0.0,0.0,1027.0,8228.0,0.0,0.0,0.0,0.0,0.0,1.0,0.0,0.0,0.0,0.0,0.0,1.6,0.0,-0.8,0.0,0.0,16.0,25903.0
2026-07-30T19:02:35.990Z,325.473,325.488,0.0,7.4,0.0,0.0,0.0,0.0,0.0,0.0,0.0,0.0,1.0,0.0,0.0,0.0,9.0,4.0,0.0,0.0,0.0,0.0,0.0,0.0,0.0,0.0,5.0,12.0,1.0,12.17,5.01,2.51,1.49,0.0,0.0,0.0,133.6,0.0,0.3,0.7000000000000001,0.5,-169.70000000000002,0.0,0.0,169.70000000000002,0.0,21.700000000000003,29.0,29.0,30.0,300.0,300.0,31.5,35.800000000000004,28.9,28.1,30.0,4.96,1.99,4.96,0.16,0.0,0.0,1027.0,8228.0,0.0,0.0,0.0,0.0,0.0,1.0,0.0,0.0,0.0,0.0,0.0,1.2000000000000002,0.0,-0.3,0.0,0.0,16.0,25903.0
2026-07-30T19:02:36.002Z,325.485,325.5,0.0,7.4,0.0,0.0,0.0,0.0,0.0,0.0,0.0,0.0,1.0,0.0,0.0,0.0,9.0,4.0,0.0,0.0,0.0,0.0,0.0,0.0,0.0,0.0,6.0,12.0,1.0,12.17,5.01,2.51,1.49,0.0,0.0,0.0,133.8,0.0,0.3,0.6000000000000001,0.0,-169.70000000000002,0.0,0.0,169.70000000000002,0.0,21.700000000000003,29.0,29.0,30.0,300.0,300.0,31.5,35.800000000000004,28.9,28.1,30.0,4.96,1.99,4.96,0.16,0.0,0.0,1027.0,8228.0,0.0,0.0,0.0,0.0,0.0,1.0,0.0,0.0,0.0,0.0,0.0,0.8,0.0,0.1,0.0,0.0,16.0,25903.0
2026-07-30T19:02:36.014Z,325.497,325.512,0.0,7.4,0.0,0.0,0.0,0.0,0.0,0.0,0.0,0.0,1.0,0.0,0.0,0.0,9.0,4.0,0.0,0.0,0.0,0.0,0.0,0.0,0.0,0.0,2.0,12.0,1.0,12.17,5.01,2.51,1.49,0.0,0.0,0.0,133.6,0.0,0.8,1.3,0.5,-169.70000000000002,0.0,0.0,169.70000000000002,0.0,21.700000000000003,29.0,29.0,30.0,300.0,300.0,31.5,35.800000000000004,28.9,28.1,30.0,4.95,1.99,4.97,0.16,0.0,0.0,1027.0,8228.0,0.0,0.0,0.0,0.0,0.0,1.0,0.0,0.0,0.0,0.0,0.0,1.9,0.0,-0.2,0.0,0.0,16.0,25903.0
2026-07-30T19:02:36.026Z,325.509,325.524,0.0,7.4,0.0,0.0,0.0,0.0,0.0,0.0,0.0,0.0,1.0,0.0,0.0,0.0,9.0,4.0,0.0,0.0,0.0,0.0,0.0,0.0,0.0,0.0,4.0,12.0,1.0,12.17,5.01,2.51,1.49,0.0,0.0,0.0,133.6,0.0,-0.3,0.1,0.0,-169.70000000000002,0.0,0.0,169.70000000000002,0.0,21.700000000000003,29.0,29.0,30.0,300.0,300.0,31.5,35.800000000000004,28.9,28.1,30.0,4.95,1.99,4.96,0.16,0.0,0.0,1027.0,8228.0,0.0,0.0,0.0,0.0,0.0,1.0,0.0,0.0,0.0,0.0,0.0,0.1,0.0,0.0,0.0,0.0,16.0,25903.0
2026-07-30T19:02:36.039Z,325.522,325.536,0.0,7.4,0.0,0.0,0.0,0.0,0.0,0.0,0.0,0.0,1.0,0.0,0.0,0.0,9.0,4.0,0.0,0.0,0.0,0.0,0.0,0.0,0.0,0.0,5.0,12.0,1.0,12.17,5.01,2.51,1.49,0.0,0.0,0.0,133.4,0.0,0.2,1.3,-0.1,-169.70000000000002,0.0,0.0,169.70000000000002,0.0,21.700000000000003,29.0,29.0,30.0,300.0,300.0,31.5,35.800000000000004,28.9,28.1,30.0,4.96,1.99,4.96,0.16,0.0,0.0,1027.0,8228.0,0.0,0.0,0.0,0.0,0.0,1.0,0.0,0.0,0.0,0.0,0.0,1.3,0.0,0.4,0.0,0.0,16.0,25903.0
2026-07-30T19:02:36.050Z,325.533,325.548,0.0,7.4,0.0,0.0,0.0,0.0,0.0,0.0,0.0,0.0,1.0,0.0,0.0,0.0,9.0,4.0,0.0,0.0,0.0,0.0,0.0,0.0,0.0,0.0,6.0,12.0,1.0,12.17,5.01,2.51,1.49,0.0,0.0,0.0,133.3,0.0,-0.3,1.3,-0.6000000000000001,-169.70000000000002,0.0,0.0,169.8,0.0,21.700000000000003,29.0,29.0,30.0,300.0,300.0,31.5,35.800000000000004,28.9,28.1,30.0,4.95,1.99,4.97,0.16,0.0,0.0,1027.0,8228.0,0.0,0.0,0.0,0.0,0.0,1.0,0.0,0.0,0.0,0.0,0.0,1.0,0.0,0.8,0.0,0.0,16.0,25903.0
2026-07-30T19:02:36.062Z,325.545,325.56,0.0,7.4,0.0,0.0,0.0,0.0,0.0,0.0,0.0,0.0,1.0,0.0,0.0,0.0,9.0,4.0,0.0,0.0,0.0,0.0,0.0,0.0,0.0,0.0,1.0,12.0,1.0,12.17,5.01,2.51,1.49,0.0,0.0,0.0,133.20000000000002,0.0,-0.3,-1.0,-1.3,-169.70000000000002,0.0,0.0,169.60000000000002,0.0,21.700000000000003,29.0,29.0,30.0,300.0,300.0,31.5,35.800000000000004,28.9,28.1,30.0,4.96,1.99,4.96,0.16,0.0,0.0,1027.0,8228.0,0.0,0.0,0.0,0.0,0.0,1.0,0.0,0.0,0.0,0.0,0.0,-2.1,0.0,0.9,0.0,0.0,16.0,25903.0
2026-07-30T19:02:36.074Z,325.557,325.572,0.0,7.4,0.0,0.0,0.0,0.0,0.0,0.0,0.0,0.0,1.0,0.0,0.0,0.0,9.0,4.0,0.0,0.0,0.0,0.0,0.0,0.0,0.0,0.0,2.0,12.0,1.0,12.17,5.01,2.51,1.49,0.0,0.0,0.0,133.1,0.0,-0.3,-1.0,-0.7000000000000001,-169.70000000000002,0.0,0.0,169.8,0.0,21.3,29.0,29.0,30.0,300.0,300.0,31.6,35.800000000000004,28.9,28.1,30.0,4.96,1.99,4.96,0.16,0.0,0.0,1027.0,8228.0,0.0,0.0,0.0,0.0,0.0,1.0,0.0,0.0,0.0,0.0,0.0,-1.7000000000000002,0.0,0.4,0.0,0.0,16.0,25903.0
2026-07-30T19:02:36.086Z,325.569,325.584,0.0,7.4,0.0,0.0,0.0,0.0,0.0,0.0,0.0,0.0,1.0,0.0,0.0,0.0,9.0,4.0,0.0,0.0,0.0,0.0,0.0,0.0,0.0,0.0,3.0,12.0,1.0,12.17,5.01,2.51,1.49,0.0,0.0,0.0,133.0,0.0,-0.3,-0.4,-2.4000000000000004,-169.70000000000002,0.0,0.0,169.70000000000002,0.0,21.3,29.0,29.0,30.0,300.0,300.0,31.6,35.800000000000004,28.9,28.1,30.0,4.96,1.99,4.96,0.16,0.0,0.0,1027.0,8228.0,0.0,0.0,0.0,0.0,0.0,1.0,0.0,0.0,0.0,0.0,0.0,-2.3000000000000003,0.0,2.0,0.0,0.0001,16.0,25903.0
2026-07-30T19:02:36.098Z,325.581,325.596,0.0,7.4,0.0,0.0,0.0,0.0,0.0,0.0,0.0,0.0,1.0,0.0,0.0,0.0,9.0,4.0,0.0,0.0,0.0,0.0,0.0,0.0,0.0,0.0,4.0,12.0,1.0,12.17,5.01,2.51,1.49,0.0,0.0,0.0,132.9,0.0,0.7000000000000001,-0.4,-0.6000000000000001,-169.70000000000002,0.0,0.0,169.60000000000002,0.0,21.3,29.0,29.0,30.0,300.0,300.0,31.6,35.800000000000004,28.9,28.1,30.0,4.95,1.99,4.97,0.16,0.0,0.0,1027.0,8228.0,0.0,0.0,0.0,0.0,0.0,1.0,0.0,0.0,0.0,0.0,0.0,-1.0,0.0,0.4,0.0,0.0,16.0,25903.0
2026-07-30T19:02:36.110Z,325.593,325.608,0.0,7.4,0.0,0.0,0.0,0.0,0.0,0.0,0.0,0.0,1.0,0.0,0.0,0.0,9.0,4.0,0.0,0.0,0.0,0.0,0.0,0.0,0.0,0.0,5.0,12.0,1.0,12.17,5.01,2.51,1.49,0.0,0.0,0.0,132.8,0.0,-0.4,-0.5,0.5,-169.70000000000002,0.0,0.0,169.8,0.0,21.3,29.0,29.0,30.0,300.0,300.0,31.6,35.800000000000004,28.9,28.1,30.0,4.96,1.99,4.97,0.16,0.0,0.0,1027.0,8228.0,0.0,0.0,0.0,0.0,0.0,1.0,0.0,0.0,0.0,0.0,0.0,-0.1,0.0,-0.6000000000000001,0.0,0.0,16.0,25903.0
2026-07-30T19:02:36.122Z,325.605,325.62,0.0,7.4,0.0,0.0,0.0,0.0,0.0,0.0,0.0,0.0,1.0,0.0,0.0,0.0,9.0,4.0,0.0,0.0,0.0,0.0,0.0,0.0,0.0,0.0,6.0,12.0,1.0,12.17,5.01,2.51,1.49,0.0,0.0,0.0,132.70000000000002,0.0,-0.4,-0.4,0.0,-169.70000000000002,0.0,0.0,169.8,0.0,21.3,29.0,29.0,30.0,300.0,300.0,31.6,35.800000000000004,28.9,28.1,30.0,4.96,1.99,4.96,0.16,0.0,0.0,1027.0,8228.0,0.0,0.0,0.0,0.0,0.0,1.0,0.0,0.0,0.0,0.0,0.0,-0.5,0.0,-0.1,0.0,0.0,16.0,25903.0
2026-07-30T19:02:36.134Z,325.617,325.632,0.0,7.4,0.0,0.0,0.0,0.0,0.0,0.0,0.0,0.0,1.0,0.0,0.0,0.0,9.0,4.0,0.0,0.0,0.0,0.0,0.0,0.0,0.0,0.0,2.0,12.0,1.0,12.17,5.01,2.51,1.49,0.0,0.1,0.0,132.6,0.0,-0.4,0.6000000000000001,1.1,-169.70000000000002,0.0,0.0,169.8,0.0,21.3,29.0,29.0,30.0,300.0,300.0,31.6,35.800000000000004,28.9,28.1,30.0,4.95,1.99,4.96,0.16,0.0,0.0,1027.0,8228.0,0.0,0.0,0.0,0.0,0.0,1.0,0.0,0.0,0.0,0.0,0.0,1.6,0.0,-0.8,0.0,0.0001,16.0,25903.0
2026-07-30T19:02:36.146Z,325.629,325.644,0.0,7.4,0.0,0.0,0.0,0.0,0.0,0.0,0.0,0.0,1.0,0.0,0.0,0.0,9.0,4.0,0.0,0.0,0.0,0.0,0.0,0.0,0.0,0.0,3.0,12.0,1.0,12.17,5.01,2.51,1.49,0.0,0.0,0.0,132.5,0.0,0.1,0.0,-0.6000000000000001,-169.70000000000002,0.0,0.0,169.70000000000002,0.0,21.3,29.0,29.0,30.0,300.0,300.0,31.6,35.800000000000004,28.9,28.1,30.0,4.95,1.99,4.97,0.16,0.0,0.0,1027.0,8228.0,0.0,0.0,0.0,0.0,0.0,1.0,0.0,0.0,0.0,0.0,0.0,-0.4,0.0,0.6000000000000001,0.0,0.0,16.0,25903.0
2026-07-30T19:02:36.158Z,325.641,325.656,0.0,7.4,0.0,0.0,0.0,0.0,0.0,0.0,0.0,0.0,1.0,0.0,0.0,0.0,9.0,4.0,0.0,0.0,0.0,0.0,0.0,0.0,0.0,0.0,4.0,12.0,1.0,12.17,5.01,2.51,1.49,0.0,0.0,0.0,132.3,0.0,0.6000000000000001,-0.5,1.6,-169.70000000000002,0.0,0.0,169.8,0.0,21.3,29.0,29.0,30.0,300.0,300.0,31.6,35.800000000000004,28.9,28.1,30.0,4.96,2.0,4.96,0.16,0.0,0.0,1027.0,8228.0,0.0,0.0,0.0,0.0,0.0,1.0,0.0,0.0,0.0,0.0,0.0,0.0,0.0,0.1,0.0,0.0001,16.0,25903.0
2026-07-30T19:02:36.171Z,325.654,325.668,0.0,7.4,0.0,0.0,0.0,0.0,0.0,0.0,0.0,0.0,1.0,0.0,0.0,0.0,9.0,4.0,0.0,0.0,0.0,0.0,0.0,0.0,0.0,0.0,5.0,12.0,1.0,12.17,5.0200000000000005,2.51,1.49,0.0,0.0,0.0,132.3,0.0,0.1,1.1,0.4,-169.70000000000002,0.0,0.0,169.60000000000002,0.0,21.3,29.0,29.0,30.0,300.0,300.0,31.6,35.7,28.9,28.1,30.0,4.96,1.99,4.97,0.16,0.0,0.0,1027.0,8228.0,0.0,0.0,0.0,0.0,0.0,1.0,0.0,0.0,0.0,0.0,0.0,1.6,0.0,-0.1,0.0,0.0,16.0,25903.0
2026-07-30T19:02:36.182Z,325.665,325.68,0.0,7.4,0.0,0.0,0.0,0.0,0.0,0.0,0.0,0.0,1.0,0.0,0.0,0.0,9.0,4.0,0.0,0.0,0.0,0.0,0.0,0.0,0.0,0.0,6.0,12.0,1.0,12.17,5.0200000000000005,2.51,1.49,0.0,0.0,0.0,132.1,0.0,-1.0,1.1,-0.7000000000000001,-169.70000000000002,0.0,0.0,169.60000000000002,0.0,21.3,29.0,29.0,30.0,300.0,300.0,31.6,35.7,28.9,28.1,30.0,4.95,1.99,4.97,0.16,0.0,0.0,1027.0,8228.0,0.0,0.0,0.0,0.0,0.0,1.0,0.0,0.0,0.0,0.0,0.0,0.9,0.0,-0.2,0.0,0.0001,16.0,25903.0
2026-07-30T19:02:36.194Z,325.677,325.692,0.0,7.4,0.0,0.0,0.0,0.0,0.0,0.0,0.0,0.0,1.0,0.0,0.0,0.0,9.0,4.0,0.0,0.0,0.0,0.0,0.0,0.0,0.0,0.0,1.0,12.0,1.0,12.17,5.0200000000000005,2.51,1.49,0.0,0.0,0.0,132.1,0.0,-0.4,0.0,0.9,-169.70000000000002,0.0,0.0,169.8,0.0,21.3,29.0,29.0,30.0,300.0,300.0,31.6,35.7,28.9,28.1,30.0,4.96,1.99,4.96,0.16,0.0,0.0,1027.0,8228.0,0.0,0.0,0.0,0.0,0.0,1.0,0.0,0.0,0.0,0.0,0.0,-0.2,0.0,0.2,0.0,0.0,16.0,25903.0
2026-07-30T19:02:36.206Z,325.689,325.704,0.0,7.4,0.0,0.0,0.0,0.0,0.0,0.0,0.0,0.0,1.0,0.0,0.0,0.0,9.0,4.0,0.0,0.0,0.0,0.0,0.0,0.0,0.0,0.0,2.0,12.0,1.0,12.17,5.0200000000000005,2.51,1.49,0.0,0.1,0.0,131.9,0.0,0.1,0.0,-0.2,-169.70000000000002,0.0,0.0,169.70000000000002,0.0,21.3,29.0,29.0,30.0,300.0,300.0,31.6,35.7,28.9,28.1,30.0,4.95,2.0,4.96,0.16,0.0,0.0,1027.0,8228.0,0.0,0.0,0.0,0.0,0.0,1.0,0.0,0.0,0.0,0.0,0.0,-0.1,0.0,0.1,0.0,0.0001,16.0,25903.0
2026-07-30T19:02:36.218Z,325.701,325.716,0.0,7.4,0.0,0.0,0.0,0.0,0.0,0.0,0.0,0.0,1.0,0.0,0.0,0.0,9.0,4.0,0.0,0.0,0.0,0.0,0.0,0.0,0.0,0.0,3.0,12.0,1.0,12.17,5.0200000000000005,2.51,1.49,0.0,0.0,0.0,131.8,0.0,0.1,0.0,-0.2,-169.70000000000002,0.0,0.0,169.8,0.0,21.3,29.0,29.0,30.0,300.0,300.0,31.6,35.7,28.9,28.1,30.0,4.95,1.99,4.97,0.16,0.0,0.0,1027.0,8228.0,0.0,0.0,0.0,0.0,0.0,1.0,0.0,0.0,0.0,0.0,0.0,-0.1,0.0,0.2,0.0,0.0,16.0,25903.0
2026-07-30T19:02:36.230Z,325.713,325.728,0.0,7.4,0.0,0.0,0.0,0.0,0.0,0.0,0.0,0.0,1.0,0.0,0.0,0.0,9.0,4.0,0.0,0.0,0.0,0.0,0.0,0.0,0.0,0.0,4.0,12.0,1.0,12.17,5.0200000000000005,2.51,1.49,0.0,0.0,0.0,131.70000000000002,0.0,0.1,0.6000000000000001,-0.1,-169.70000000000002,0.0,0.0,169.8,0.0,21.3,29.0,29.0,30.0,300.0,300.0,31.6,35.7,28.9,28.1,30.0,4.95,1.99,4.97,0.16,0.0,0.0,1027.0,8228.0,0.0,0.0,0.0,0.0,0.0,1.0,0.0,0.0,0.0,0.0,0.0,0.5,0.0,0.2,0.0,0.0,16.0,25903.0
2026-07-30T19:02:36.242Z,325.725,325.74,0.0,7.4,0.0,0.0,0.0,0.0,0.0,0.0,0.0,0.0,1.0,0.0,0.0,0.0,9.0,4.0,0.0,0.0,0.0,0.0,0.0,0.0,0.0,0.0,6.0,12.0,1.0,12.17,5.0200000000000005,2.51,1.49,0.0,0.1,0.0,131.6,0.0,-0.4,-0.5,1.5,-169.70000000000002,0.0,0.0,169.8,0.0,21.3,29.0,29.0,30.0,300.0,300.0,31.6,35.7,28.9,28.1,30.0,4.96,1.99,4.96,0.16,0.0,0.0,1027.0,8228.0,0.0,0.0,0.0,0.0,0.0,1.0,0.0,0.0,0.0,0.0,0.0,0.5,0.0,-1.5,0.0,0.0,16.0,25903.0
2026-07-30T19:02:36.254Z,325.737,325.752,0.0,7.4,0.0,0.0,0.0,0.0,0.0,0.0,0.0,0.0,1.0,0.0,0.0,0.0,9.0,4.0,0.0,0.0,0.0,0.0,0.0,0.0,0.0,0.0,1.0,12.0,1.0,12.17,5.0200000000000005,2.51,1.49,0.0,0.0,0.0,131.5,0.0,-0.4,-1.1,-0.7000000000000001,-169.70000000000002,0.0,0.0,169.8,0.0,21.3,29.0,29.0,30.0,300.0,300.0,31.6,35.7,28.9,28.1,30.0,4.95,1.99,4.96,0.16,0.0,0.0,1027.0,8228.0,0.0,0.0,0.0,0.0,0.0,1.0,0.0,0.0,0.0,0.0,0.0,-1.8,0.0,0.4,0.0,0.0001,16.0,25903.0
2026-07-30T19:02:36.266Z,325.749,325.764,0.0,7.4,0.0,0.0,0.0,0.0,0.0,0.0,0.0,0.0,1.0,0.0,0.0,0.0,9.0,4.0,0.0,0.0,0.0,0.0,0.0,0.0,0.0,0.0,3.0,12.0,1.0,12.17,5.0200000000000005,2.51,1.49,0.0,0.0,0.0,131.4,0.0,-0.4,0.0,-0.1,-169.70000000000002,0.0,0.0,169.8,0.0,21.3,29.0,29.0,30.0,300.0,300.0,31.6,35.7,28.9,28.1,30.0,4.95,1.99,4.96,0.16,0.0,0.0,1027.0,8228.0,0.0,0.0,0.0,0.0,0.0,1.0,0.0,0.0,0.0,0.0,0.0,-0.1,0.0,0.1,0.0,0.0,16.0,25903.0
2026-07-30T19:02:36.278Z,325.761,325.776,0.0,7.4,0.0,0.0,0.0,0.0,0.0,0.0,0.0,0.0,1.0,0.0,0.0,0.0,9.0,4.0,0.0,0.0,0.0,0.0,0.0,0.0,0.0,0.0,4.0,12.0,1.0,12.18,5.01,2.51,1.49,0.0,0.0,0.0,131.3,0.0,-0.4,1.1,0.3,-169.70000000000002,0.0,0.0,169.70000000000002,0.0,21.4,29.0,29.0,30.0,300.0,300.0,31.700000000000003,35.800000000000004,28.9,28.1,30.0,4.96,2.0,4.96,0.16,0.0,0.0,1027.0,8228.0,0.0,0.0,0.0,0.0,0.0,1.0,0.0,0.0,0.0,0.0,0.0,1.6,0.0,-0.1,0.0,0.0,16.0,25903.0
2026-07-30T19:02:36.290Z,325.773,325.788,0.0,7.4,0.0,0.0,0.0,0.0,0.0,0.0,0.0,0.0,1.0,0.0,0.0,0.0,9.0,4.0,0.0,0.0,0.0,0.0,0.0,0.0,0.0,0.0,6.0,12.0,1.0,12.18,5.01,2.51,1.49,0.0,0.0,0.0,131.20000000000002,0.0,-0.4,-1.7000000000000002,-0.7000000000000001,-169.70000000000002,0.0,0.0,169.8,0.0,21.4,29.0,29.0,30.0,300.0,300.0,31.700000000000003,35.800000000000004,28.9,28.1,30.0,4.95,2.0,4.96,0.16,0.0,0.0,1027.0,8228.0,0.0,0.0,0.0,0.0,0.0,1.0,0.0,0.0,0.0,0.0,0.0,-2.5,0.0,0.3,0.0,0.0,16.0,25903.0
2026-07-30T19:02:36.302Z,325.785,325.8,0.0,7.4,0.0,0.0,0.0,0.0,0.0,0.0,0.0,0.0,1.0,0.0,0.0,0.0,9.0,4.0,0.0,0.0,0.0,0.0,0.0,0.0,0.0,0.0,1.0,12.0,1.0,12.18,5.01,2.51,1.49,0.0,0.0,0.0,131.1,0.0,0.1,-1.1,1.5,-169.70000000000002,0.0,0.0,169.70000000000002,0.0,21.4,29.0,29.0,30.0,300.0,300.0,31.700000000000003,35.800000000000004,28.9,28.1,30.0,4.95,1.99,4.97,0.16,0.0,0.0,1027.0,8228.0,0.0,0.0,0.0,0.0,0.0,1.0,0.0,0.0,0.0,0.0,0.0,-0.1,0.0,-1.6,0.0,0.0,16.0,25903.0
2026-07-30T19:02:36.314Z,325.797,325.812,0.0,7.4,0.0,0.0,0.0,0.0,0.0,0.0,0.0,0.0,1.0,0.0,0.0,0.0,9.0,4.0,0.0,0.0,0.0,0.0,0.0,0.0,0.0,0.0,2.0,12.0,1.0,12.18,5.01,2.51,1.49,0.0,0.0,0.0,131.0,0.0,-1.0,0.0,-1.3,-169.70000000000002,0.0,0.0,169.60000000000002,0.0,21.4,29.0,29.0,30.0,300.0,300.0,31.700000000000003,35.800000000000004,28.9,28.1,30.0,4.95,2.0,4.96,0.16,0.0,0.0,1027.0,8228.0,0.0,0.0,0.0,0.0,0.0,1.0,0.0,0.0,0.0,0.0,0.0,-1.0,0.0,1.1,0.0,0.0,16.0,25903.0
2026-07-30T19:02:36.326Z,325.809,325.824,0.0,7.4,0.0,0.0,0.0,0.0,0.0,0.0,0.0,0.0,1.0,0.0,0.0,0.0,9.0,4.0,0.0,0.0,0.0,0.0,0.0,0.0,0.0,0.0,3.0,12.0,1.0,12.18,5.01,2.51,1.49,0.0,0.0,0.0,130.9,0.0,0.1,0.0,0.9,-169.70000000000002,0.0,0.0,169.8,0.0,21.4,29.0,29.0,30.0,300.0,300.0,31.700000000000003,35.800000000000004,28.9,28.1,30.0,4.95,1.99,4.96,0.16,0.0,0.0,1027.0,8228.0,0.0,0.0,0.0,0.0,0.0,1.0,0.0,0.0,0.0,0.0,0.0,0.7000000000000001,0.0,-0.8,0.0,0.0001,16.0,25903.0
2026-07-30T19:02:36.338Z,325.821,325.836,0.0,7.4,0.0,0.0,0.0,0.0,0.0,0.0,0.0,0.0,1.0,0.0,0.0,0.0,9.0,4.0,0.0,0.0,0.0,0.0,0.0,0.0,0.0,0.0,4.0,12.0,1.0,12.18,5.01,2.51,1.49,0.0,0.0,0.0,130.70000000000002,0.0,1.2000000000000002,0.0,0.9,-169.70000000000002,0.0,0.0,169.70000000000002,0.0,21.4,29.0,29.0,30.0,300.0,300.0,31.700000000000003,35.800000000000004,28.9,28.1,30.0,4.95,1.99,4.97,0.16,0.0,0.0,1027.0,8228.0,0.0,0.0,0.0,0.0,0.0,1.0,0.0,0.0,0.0,0.0,0.0,0.6000000000000001,0.0,-0.8,0.0,0.0,16.0,25903.0
2026-07-30T19:02:36.350Z,325.833,325.848,0.0,7.4,0.0,0.0,0.0,0.0,0.0,0.0,0.0,0.0,1.0,0.0,0.0,0.0,9.0,4.0,0.0,0.0,0.0,0.0,0.0,0.0,0.0,0.0,5.0,12.0,1.0,12.18,5.01,2.51,1.49,0.0,0.0,0.0,130.6,0.0,-0.5,-0.6000000000000001,-0.2,-169.70000000000002,0.0,0.0,169.8,0.0,21.4,29.0,29.0,30.0,300.0,300.0,31.700000000000003,35.800000000000004,28.9,28.1,30.0,4.95,1.99,4.96,0.16,0.0,0.0,1027.0,8228.0,0.0,0.0,0.0,0.0,0.0,1.0,0.0,0.0,0.0,0.0,0.0,-0.9,0.0,0.0,0.0,0.0,16.0,25903.0
2026-07-30T19:02:36.362Z,325.845,325.86,0.0,7.4,0.0,0.0,0.0,0.0,0.0,0.0,0.0,0.0,1.0,0.0,0.0,0.0,9.0,4.0,0.0,0.0,0.0,0.0,0.0,0.0,0.0,0.0,6.0,12.0,1.0,12.18,5.01,2.51,1.49,0.0,0.0,0.0,130.5,0.0,0.0,0.4,0.3,-169.70000000000002,0.0,0.0,169.60000000000002,0.0,21.4,29.0,29.0,30.0,300.0,300.0,31.700000000000003,35.800000000000004,28.9,28.1,30.0,4.95,1.99,4.96,0.16,0.0,0.0,1027.0,8228.0,0.0,0.0,0.0,0.0,0.0,1.0,0.0,0.0,0.0,0.0,0.0,0.8,0.0,-0.2,0.0,0.0,16.0,25903.0
2026-07-30T19:02:36.375Z,325.858,325.872,0.0,7.4,0.0,0.0,0.0,0.0,0.0,0.0,0.0,0.0,1.0,0.0,0.0,0.0,9.0,4.0,0.0,0.0,0.0,0.0,0.0,0.0,0.0,0.0,2.0,12.0,1.0,12.17,5.01,2.51,1.49,0.0,0.0,0.0,130.5,0.0,-0.5,-0.6000000000000001,-1.9,-169.70000000000002,0.0,0.0,169.70000000000002,0.0,21.3,29.0,29.0,30.0,300.0,300.0,31.8,35.800000000000004,28.9,28.1,30.0,4.95,1.99,4.96,0.16,0.0,0.0,1027.0,8228.0,0.0,0.0,0.0,0.0,0.0,1.0,0.0,0.0,0.0,0.0,0.0,-2.2,0.0,1.6,0.0,0.0,16.0,25903.0
2026-07-30T19:02:36.386Z,325.869,325.884,0.0,7.4,0.0,0.0,0.0,0.0,0.0,0.0,0.0,0.0,1.0,0.0,0.0,0.0,9.0,4.0,0.0,0.0,0.0,0.0,0.0,0.0,0.0,0.0,3.0,12.0,1.0,12.17,5.01,2.51,1.49,0.0,0.0,0.0,130.4,0.0,-0.4,0.0,-0.8,-169.70000000000002,0.0,0.0,169.70000000000002,0.0,21.3,29.0,29.0,30.0,300.0,300.0,31.8,35.800000000000004,28.9,28.1,30.0,4.95,1.99,4.97,0.16,0.0,0.0,1027.0,8228.0,0.0,0.0,0.0,0.0,0.0,1.0,0.0,0.0,0.0,0.0,0.0,-0.7000000000000001,0.0,0.7000000000000001,0.0,0.0,16.0,25903.0
2026-07-30T19:02:36.398Z,325.881,325.896,0.0,7.4,0.0,0.0,0.0,0.0,0.0,0.0,0.0,0.0,1.0,0.0,0.0,0.0,9.0,4.0,0.0,0.0,0.0,0.0,0.0,0.0,0.0,0.0,5.0,12.0,1.0,12.17,5.01,2.51,1.49,0.0,0.0,0.0,130.20000000000002,0.0,0.7000000000000001,-0.7000000000000001,-0.8,-169.70000000000002,0.0,0.0,169.8,0.0,21.3,29.0,29.0,30.0,300.0,300.0,31.8,35.800000000000004,28.9,28.1,30.0,4.96,1.99,4.96,0.16,0.0,0.0,1027.0,8228.0,0.0,0.0,0.0,0.0,0.0,1.0,0.0,0.0,0.0,0.0,0.0,-1.4,0.0,0.6000000000000001,0.0,0.0,16.0,25903.0
2026-07-30T19:02:36.410Z,325.893,325.908,0.0,7.4,0.0,0.0,0.0,0.0,0.0,0.0,0.0,0.0,1.0,0.0,0.0,0.0,9.0,4.0,0.0,0.0,0.0,0.0,0.0,0.0,0.0,0.0,1.0,12.0,1.0,12.17,5.01,2.51,1.49,0.0,0.0,0.0,130.1,0.0,0.7000000000000001,0.4,0.3,-169.70000000000002,0.0,0.0,169.8,0.0,21.3,29.0,29.0,30.0,300.0,300.0,31.8,35.800000000000004,28.9,28.1,30.0,4.96,1.99,4.97,0.16,0.0,0.0,1027.0,8228.0,0.0,0.0,0.0,0.0,0.0,1.0,0.0,0.0,0.0,0.0,0.0,0.7000000000000001,0.0,-0.1,0.0,0.0001,16.0,25903.0
2026-07-30T19:02:36.422Z,325.905,325.92,0.0,7.4,0.0,0.0,0.0,0.0,0.0,0.0,0.0,0.0,1.0,0.0,0.0,0.0,9.0,4.0,0.0,0.0,0.0,0.0,0.0,0.0,0.0,0.0,2.0,12.0,1.0,12.17,5.01,2.51,1.49,-0.1,0.1,0.0,130.0,0.0,-1.0,0.5,-0.8,-169.70000000000002,0.0,0.0,169.8,0.0,21.3,29.0,29.0,30.0,300.0,300.0,31.8,35.800000000000004,28.9,28.1,30.0,4.95,1.99,4.97,0.16,0.0,0.0,1027.0,8228.0,0.0,0.0,0.0,0.0,0.0,1.0,0.0,0.0,0.0,0.0,0.0,0.0,0.0,0.8,0.0,0.0,16.0,25903.0
2026-07-30T19:02:36.434Z,325.917,325.932,0.0,7.4,0.0,0.0,0.0,0.0,0.0,0.0,0.0,0.0,1.0,0.0,0.0,0.0,9.0,4.0,0.0,0.0,0.0,0.0,0.0,0.0,0.0,0.0,4.0,12.0,1.0,12.17,5.01,2.51,1.49,0.0,0.0,0.0,129.9,0.0,-0.4,0.0,1.5,-169.70000000000002,0.0,0.0,169.8,0.0,21.3,29.0,29.0,30.0,300.0,300.0,31.8,35.800000000000004,28.9,28.1,30.0,4.95,1.99,4.96,0.16,0.0,0.0,1027.0,8228.0,0.0,0.0,0.0,0.0,0.0,1.0,0.0,0.0,0.0,0.0,0.0,1.1,0.0,-1.3,0.0,0.0,16.0,25903.0
2026-07-30T19:02:36.446Z,325.929,325.944,0.0,7.4,0.0,0.0,0.0,0.0,0.0,0.0,0.0,0.0,1.0,0.0,0.0,0.0,9.0,4.0,0.0,0.0,0.0,0.0,0.0,0.0,0.0,0.0,5.0,12.0,1.0,12.17,5.01,2.51,1.49,0.0,0.0,0.0,129.8,0.0,-0.4,-0.6000000000000001,0.3,-169.70000000000002,0.0,0.0,169.8,0.0,21.3,29.0,29.0,30.0,300.0,300.0,31.8,35.800000000000004,28.9,28.1,30.0,4.95,2.0,4.97,0.16,0.0,0.0,1027.0,8228.0,0.0,0.0,0.0,0.0,0.0,1.0,0.0,0.0,0.0,0.0,0.0,-0.4,0.0,-0.4,0.0,0.0,16.0,25903.0
2026-07-30T19:02:36.458Z,325.941,325.956,0.0,7.4,0.0,0.0,0.0,0.0,0.0,0.0,0.0,0.0,1.0,0.0,0.0,0.0,9.0,4.0,0.0,0.0,0.0,0.0,0.0,0.0,0.0,0.0,1.0,12.0,1.0,12.17,5.01,2.51,1.49,0.0,0.1,0.0,129.8,0.0,-0.3,0.5,-0.1,-169.70000000000002,0.0,0.0,169.8,0.0,21.3,29.0,29.0,30.0,300.0,300.0,31.8,35.800000000000004,28.9,28.1,30.0,4.95,1.99,4.97,0.16,0.0,0.0,1027.0,8228.0,0.0,0.0,0.0,0.0,0.0,1.0,0.0,0.0,0.0,0.0,0.0,0.5,0.0,0.2,0.0,0.0,16.0,25903.0
2026-07-30T19:02:36.470Z,325.953,325.968,0.0,7.4,0.0,0.0,0.0,0.0,0.0,0.0,0.0,0.0,1.0,0.0,0.0,0.0,9.0,4.0,0.0,0.0,0.0,0.0,0.0,0.0,0.0,0.0,3.0,12.0,1.0,12.17,5.01,2.51,1.49,0.0,0.0,0.0,129.9,0.0,-0.9,-0.5,-0.7000000000000001,-169.70000000000002,0.0,0.0,169.8,0.0,21.3,29.0,29.0,30.0,300.0,300.0,31.8,35.800000000000004,28.9,28.1,30.0,4.95,1.99,4.97,0.16,0.0,0.0,1027.0,8228.0,0.0,0.0,0.0,0.0,0.0,1.0,0.0,0.0,0.0,0.0,0.0,-1.1,0.0,0.5,0.0,0.0,16.0,25903.0
2026-07-30T19:02:36.482Z,325.965,325.98,0.0,7.4,0.0,0.0,0.0,0.0,0.0,0.0,0.0,0.0,1.0,0.0,0.0,0.0,9.0,4.0,0.0,0.0,0.0,0.0,0.0,0.0,0.0,0.0,4.0,12.0,1.0,12.18,5.01,2.51,1.49,0.0,0.0,0.0,130.1,0.0,-0.3,-0.5,1.0,-169.70000000000002,0.0,0.0,169.70000000000002,0.0,21.3,29.0,29.0,30.0,300.0,300.0,31.8,35.800000000000004,28.9,28.1,30.0,4.96,1.99,4.96,0.16,0.0,0.0,1027.0,8228.0,0.0,0.0,0.0,0.0,0.0,1.0,0.0,0.0,0.0,0.0,0.0,0.1,0.0,-1.0,0.0,0.0,16.0,25903.0
2026-07-30T19:02:36.494Z,325.977,325.992,0.0,7.4,0.0,0.0,0.0,0.0,0.0,0.0,0.0,0.0,1.0,0.0,0.0,0.0,9.0,4.0,0.0,0.0,0.0,0.0,0.0,0.0,0.0,0.0,5.0,12.0,1.0,12.18,5.01,2.51,1.49,0.0,0.0,0.0,130.4,0.0,-0.3,-1.1,-0.6000000000000001,-169.70000000000002,0.0,0.0,169.70000000000002,0.0,21.3,29.0,29.0,30.0,300.0,300.0,31.8,35.800000000000004,28.9,28.1,30.0,4.95,1.99,4.97,0.16,0.0,0.0,1027.0,8228.0,0.0,0.0,0.0,0.0,0.0,1.0,0.0,0.0,0.0,0.0,0.0,-1.7000000000000002,0.0,0.3,0.0,0.0,16.0,25903.0
2026-07-30T19:02:36.506Z,325.989,326.004,0.0,7.4,0.0,0.0,0.0,0.0,0.0,0.0,0.0,0.0,1.0,0.0,0.0,0.0,9.0,4.0,0.0,0.0,0.0,0.0,0.0,0.0,0.0,0.0,1.0,12.0,1.0,12.18,5.01,2.51,1.49,0.0,0.0,0.0,130.5,0.0,0.2,0.6000000000000001,0.5,-169.70000000000002,0.0,0.0,169.60000000000002,0.0,21.3,29.0,29.0,30.0,300.0,300.0,31.8,35.800000000000004,28.9,28.1,30.0,4.95,1.99,4.96,0.16,0.0,0.0,1027.0,8228.0,0.0,0.0,0.0,0.0,0.0,1.0,0.0,0.0,0.0,0.0,0.0,1.1,0.0,-0.3,0.0,0.0,16.0,25903.0
2026-07-30T19:02:36.518Z,326.001,326.016,0.0,7.4,0.0,0.0,0.0,0.0,0.0,0.0,0.0,0.0,1.0,0.0,0.0,0.0,9.0,4.0,0.0,0.0,0.0,0.0,0.0,0.0,0.0,0.0,3.0,12.0,1.0,12.18,5.01,2.51,1.49,0.0,0.0,0.0,130.6,0.0,-0.3,-0.4,0.0,-169.70000000000002,0.0,0.0,169.70000000000002,0.0,21.3,29.0,29.0,30.0,300.0,300.0,31.8,35.800000000000004,28.9,28.1,30.0,4.96,1.99,4.96,0.15,0.0,0.0,1027.0,8228.0,0.0,0.0,0.0,0.0,0.0,1.0,0.0,0.0,0.0,0.0,0.0,-0.5,0.0,0.0,0.0,0.0001,16.0,25903.0
2026-07-30T19:02:36.530Z,326.013,326.028,0.0,7.4,0.0,0.0,0.0,0.0,0.0,0.0,0.0,0.0,1.0,0.0,0.0,0.0,9.0,4.0,0.0,0.0,0.0,0.0,0.0,0.0,0.0,0.0,4.0,12.0,1.0,12.18,5.01,2.51,1.49,0.0,0.0,0.0,130.9,0.0,1.4,1.3,0.0,-169.70000000000002,0.0,0.0,169.70000000000002,0.0,21.3,29.0,29.0,30.0,300.0,300.0,31.8,35.800000000000004,28.9,28.1,30.0,4.95,1.99,4.96,0.16,0.0,0.0,1027.0,8228.0,0.0,0.0,0.0,0.0,0.0,1.0,0.0,0.0,0.0,0.0,0.0,1.4,0.0,0.2,0.0,0.0,16.0,25903.0
2026-07-30T19:02:36.542Z,326.025,326.04,0.0,7.4,0.0,0.0,0.0,0.0,0.0,0.0,0.0,0.0,1.0,0.0,0.0,0.0,9.0,4.0,0.0,0.0,0.0,0.0,0.0,0.0,0.0,0.0,6.0,12.0,1.0,12.18,5.01,2.51,1.49,0.0,0.0,0.0,131.1,0.0,-0.8,0.1,0.0,-169.70000000000002,0.0,0.0,169.70000000000002,0.0,21.3,29.0,29.0,30.0,300.0,300.0,31.8,35.800000000000004,28.9,28.1,30.0,4.95,1.99,4.97,0.16,0.0,0.0,1027.0,8228.0,0.0,0.0,0.0,0.0,0.0,1.0,0.0,0.0,0.0,0.0,0.0,0.0,0.0,0.0,0.0,0.0,16.0,25903.0
2026-07-30T19:02:36.554Z,326.037,326.052,0.0,7.4,0.0,0.0,0.0,0.0,0.0,0.0,0.0,0.0,1.0,0.0,0.0,0.0,9.0,4.0,0.0,0.0,0.0,0.0,0.0,0.0,0.0,0.0,1.0,12.0,1.0,12.18,5.01,2.51,1.49,0.0,0.0,0.0,131.20000000000002,0.0,-0.9,0.6000000000000001,0.0,-169.70000000000002,0.0,0.0,169.70000000000002,0.0,21.3,29.0,29.0,30.0,300.0,300.0,31.8,35.800000000000004,28.9,28.1,30.0,4.95,1.99,4.96,0.16,0.0,0.0,1027.0,8228.0,0.0,0.0,0.0,0.0,0.0,1.0,0.0,0.0,0.0,0.0,0.0,0.7000000000000001,0.0,0.1,0.0,0.0,16.0,25903.0
2026-07-30T19:02:36.566Z,326.049,326.064,0.0,7.4,0.0,0.0,0.0,0.0,0.0,0.0,0.0,0.0,1.0,0.0,0.0,0.0,9.0,4.0,0.0,0.0,0.0,0.0,0.0,0.0,0.0,0.0,3.0,12.0,1.0,12.18,5.01,2.51,1.49,0.0,0.1,0.0,131.4,0.0,0.8,0.6000000000000001,1.6,-169.70000000000002,0.0,0.0,169.60000000000002,0.0,21.3,29.0,29.0,30.0,300.0,300.0,31.8,35.800000000000004,28.9,28.1,30.0,4.96,1.99,4.96,0.16,0.0,0.0,1027.0,8228.0,0.0,0.0,0.0,0.0,0.0,1.0,0.0,0.0,0.0,0.0,0.0,1.9,0.0,-1.3,0.0,0.0,16.0,25903.0
2026-07-30T19:02:36.579Z,326.062,326.076,0.0,7.4,0.0,0.0,0.0,0.0,0.0,0.0,0.0,0.0,1.0,0.0,0.0,0.0,9.0,4.0,0.0,0.0,0.0,0.0,0.0,0.0,0.0,0.0,4.0,12.0,1.0,12.18,5.01,2.5,1.49,0.0,0.0,0.0,131.6,0.0,0.2,0.6000000000000001,-1.2000000000000002,-169.70000000000002,0.0,0.0,169.70000000000002,0.0,21.4,29.0,29.0,30.0,300.0,300.0,31.8,35.800000000000004,28.9,28.1,30.0,4.95,1.99,4.96,0.16,0.0,0.0,1027.0,8228.0,0.0,0.0,0.0,0.0,0.0,1.0,0.0,0.0,0.0,0.0,0.0,-0.2,0.0,1.2000000000000002,0.0,0.0,16.0,25903.0
2026-07-30T19:02:36.590Z,326.073,326.088,0.0,7.4,0.0,0.0,0.0,0.0,0.0,0.0,0.0,0.0,1.0,0.0,0.0,0.0,9.0,4.0,0.0,0.0,0.0,0.0,0.0,0.0,0.0,0.0,6.0,12.0,1.0,12.18,5.01,2.5,1.49,0.0,0.0,0.0,131.8,0.0,0.8,-1.0,-1.2000000000000002,-169.70000000000002,0.0,0.0,169.70000000000002,0.0,21.4,29.0,29.0,30.0,300.0,300.0,31.8,35.800000000000004,28.9,28.1,30.0,4.96,1.99,4.96,0.16,0.0,0.0,1027.0,8228.0,0.0,0.0,0.0,0.0,0.0,1.0,0.0,0.0,0.0,0.0,0.0,-2.1,0.0,0.8,0.0,0.0,16.0,25903.0
2026-07-30T19:02:36.602Z,326.085,326.1,0.0,7.4,0.0,0.0,0.0,0.0,0.0,0.0,0.0,0.0,1.0,0.0,0.0,0.0,9.0,4.0,0.0,0.0,0.0,0.0,0.0,0.0,0.0,0.0,1.0,12.0,1.0,12.18,5.01,2.5,1.49,0.0,0.0,0.0,132.0,0.0,0.2,1.8,0.4,-169.70000000000002,0.0,0.0,169.60000000000002,0.0,21.4,29.0,29.0,30.0,300.0,300.0,31.8,35.800000000000004,28.9,28.1,30.0,4.96,1.99,4.97,0.16,0.0,0.0,1027.0,8228.0,0.0,0.0,0.0,0.0,0.0,1.0,0.0,0.0,0.0,0.0,0.0,2.4000000000000004,0.0,0.0,0.0,0.0,16.0,25903.0
2026-07-30T19:02:36.614Z,326.097,326.112,0.0,7.4,0.0,0.0,0.0,0.0,0.0,0.0,0.0,0.0,1.0,0.0,0.0,0.0,9.0,4.0,0.0,0.0,0.0,0.0,0.0,0.0,0.0,0.0,3.0,12.0,1.0,12.18,5.01,2.5,1.49,0.0,0.0,0.0,132.20000000000002,0.0,-0.3,0.0,-0.7000000000000001,-169.70000000000002,0.0,0.0,169.70000000000002,0.0,21.4,29.0,29.0,30.0,300.0,300.0,31.8,35.800000000000004,28.9,28.1,30.0,4.95,1.99,4.97,0.16,0.0,0.0,1027.0,8228.0,0.0,0.0,0.0,0.0,0.0,1.0,0.0,0.0,0.0,0.0,0.0,-0.4,0.0,0.6000000000000001,0.0,0.0,16.0,25903.0
2026-07-30T19:02:36.626Z,326.109,326.124,0.0,7.4,0.0,0.0,0.0,0.0,0.0,0.0,0.0,0.0,1.0,0.0,0.0,0.0,9.0,4.0,0.0,0.0,0.0,0.0,0.0,0.0,0.0,0.0,4.0,12.0,1.0,12.18,5.01,2.5,1.49,0.0,0.0,0.0,132.3,0.0,-0.3,0.0,1.0,-169.70000000000002,0.0,0.0,169.70000000000002,0.0,21.4,29.0,29.0,30.0,300.0,300.0,31.8,35.800000000000004,28.9,28.1,30.0,4.95,1.99,4.96,0.16,0.0,0.0,1027.0,8228.0,0.0,0.0,0.0,0.0,0.0,1.0,0.0,0.0,0.0,0.0,0.0,0.8,0.0,-0.9,0.0,0.0,16.0,25903.0
2026-07-30T19:02:36.638Z,326.121,326.136,0.0,7.4,0.0,0.0,0.0,0.0,0.0,0.0,0.0,0.0,1.0,0.0,0.0,0.0,9.0,4.0,0.0,0.0,0.0,0.0,0.0,0.0,0.0,0.0,6.0,12.0,1.0,12.18,5.01,2.5,1.49,0.0,0.0,0.0,132.6,0.0,-0.3,0.0,0.0,-169.70000000000002,0.0,0.0,169.70000000000002,0.0,21.4,29.0,29.0,30.0,300.0,300.0,31.8,35.800000000000004,28.9,28.1,30.0,4.96,1.99,4.96,0.16,0.0,0.0,1027.0,8228.0,0.0,0.0,0.0,0.0,0.0,1.0,0.0,0.0,0.0,0.0,0.0,0.0,0.0,0.0,0.0,0.0,16.0,25903.0
2026-07-30T19:02:36.650Z,326.133,326.148,0.0,7.4,0.0,0.0,0.0,0.0,0.0,0.0,0.0,0.0,1.0,0.0,0.0,0.0,9.0,4.0,0.0,0.0,0.0,0.0,0.0,0.0,0.0,0.0,1.0,12.0,1.0,12.18,5.01,2.5,1.49,0.0,0.0,0.0,132.8,0.0,-0.3,-0.4,-1.2000000000000002,-169.70000000000002,0.0,0.0,169.70000000000002,0.0,21.4,29.0,29.0,30.0,300.0,300.0,31.8,35.800000000000004,28.9,28.1,30.0,4.96,1.99,4.97,0.16,0.0,0.0,1027.0,8228.0,0.0,0.0,0.0,0.0,0.0,1.0,0.0,0.0,0.0,0.0,0.0,-1.5,0.0,1.0,0.0,0.0,16.0,25903.0
2026-07-30T19:02:36.662Z,326.145,326.16,0.0,7.4,0.0,0.0,0.0,0.0,0.0,0.0,0.0,0.0,1.0,0.0,0.0,0.0,9.0,4.0,0.0,0.0,0.0,0.0,0.0,0.0,0.0,0.0,3.0,12.0,1.0,12.18,5.01,2.5,1.49,0.0,0.0,0.0,132.9,0.0,0.2,1.2000000000000002,1.6,-169.70000000000002,0.0,0.0,169.60000000000002,0.0,21.4,29.0,29.0,30.0,300.0,300.0,31.8,35.800000000000004,28.9,28.1,30.0,4.95,1.99,4.97,0.16,0.0,0.0,1027.0,8228.0,0.0,0.0,0.0,0.0,0.0,1.0,0.0,0.0,0.0,0.0,0.0,2.6,0.0,-1.1,0.0,0.0,16.0,25903.0
2026-07-30T19:02:36.674Z,326.157,326.172,0.0,7.4,0.0,0.0,0.0,0.0,0.0,0.0,0.0,0.0,1.0,0.0,0.0,0.0,9.0,4.0,0.0,0.0,0.0,0.0,0.0,0.0,0.0,0.0,4.0,12.0,1.0,12.18,5.01,2.5,1.49,0.0,0.0,0.0,133.1,0.0,0.2,-0.5,-0.1,-169.70000000000002,0.0,0.0,169.70000000000002,0.0,21.4,29.0,29.0,30.0,300.0,300.0,31.8,35.800000000000004,28.9,28.1,30.0,4.96,1.99,4.96,0.16,0.0,0.0,1027.0,8228.0,0.0,0.0,0.0,0.0,0.0,1.0,0.0,0.0,0.0,0.0,0.0,0.4,0.0,-0.3,0.0,0.0,16.0,25903.0
2026-07-30T19:02:36.686Z,326.169,326.184,0.0,7.4,0.0,0.0,0.0,0.0,0.0,0.0,0.0,0.0,1.0,0.0,0.0,0.0,9.0,4.0,0.0,0.0,0.0,0.0,0.0,0.0,0.0,0.0,6.0,12.0,1.0,12.17,5.01,2.51,1.49,0.0,0.0,0.0,133.3,0.0,-0.4,-1.1,-0.6000000000000001,-169.70000000000002,0.0,0.0,169.70000000000002,0.0,21.700000000000003,29.0,29.0,30.0,300.0,300.0,31.8,35.800000000000004,28.9,28.1,30.0,4.95,1.99,4.97,0.16,0.0,0.0,1027.0,8228.0,0.0,0.0,0.0,0.0,0.0,1.0,0.0,0.0,0.0,0.0,0.0,-0.4,0.0,0.6000000000000001,0.0,0.0,16.0,25903.0
2026-07-30T19:02:36.698Z,326.181,326.196,0.0,7.4,0.0,0.0,0.0,0.0,0.0,0.0,0.0,0.0,1.0,0.0,0.0,0.0,9.0,4.0,0.0,0.0,0.0,0.0,0.0,0.0,0.0,0.0,1.0,12.0,1.0,12.17,5.01,2.51,1.49,0.0,0.0,0.0,133.4,0.0,0.1,0.0,-1.3,-169.70000000000002,0.0,0.0,169.70000000000002,0.0,21.700000000000003,29.0,29.0,30.0,300.0,300.0,31.8,35.800000000000004,28.9,28.1,30.0,4.95,1.99,4.97,0.16,0.0,0.0,1027.0,8228.0,0.0,0.0,0.0,0.0,0.0,1.0,0.0,0.0,0.0,0.0,0.0,-0.3,0.0,-0.5,0.0,0.0,16.0,25903.0
2026-07-30T19:02:36.710Z,326.193,326.208,0.0,7.4,0.0,0.0,0.0,0.0,0.0,0.0,0.0,0.0,1.0,0.0,0.0,0.0,9.0,4.0,0.0,0.0,0.0,0.0,0.0,0.0,0.0,0.0,2.0,12.0,1.0,12.17,5.01,2.51,1.49,0.0,0.0,0.0,133.6,0.0,0.7000000000000001,0.6000000000000001,0.0,-169.70000000000002,0.0,0.0,169.70000000000002,0.0,21.700000000000003,29.0,29.0,30.0,300.0,300.0,31.8,35.800000000000004,28.9,28.1,30.0,4.96,2.0,4.97,0.16,0.0,0.0,1027.0,8228.0,0.0,0.0,0.0,0.0,0.0,1.0,0.0,0.0,0.0,0.0,0.0,0.9,0.0,0.8,0.0,0.0,16.0,25903.0
2026-07-30T19:02:36.722Z,326.205,326.22,0.0,7.4,0.0,0.0,0.0,0.0,0.0,0.0,0.0,0.0,1.0,0.0,0.0,0.0,9.0,4.0,0.0,0.0,0.0,0.0,0.0,0.0,0.0,0.0,4.0,12.0,1.0,12.17,5.01,2.51,1.49,0.0,0.1,0.0,133.8,0.0,0.1,0.6000000000000001,0.5,-169.70000000000002,0.0,0.0,169.8,0.0,21.700000000000003,29.0,29.0,30.0,300.0,300.0,31.8,35.800000000000004,28.9,28.1,30.0,4.96,2.0,4.96,0.16,0.0,0.0,1027.0,8228.0,0.0,0.0,0.0,0.0,0.0,1.0,0.0,0.0,0.0,0.0,0.0,1.1,0.0,-0.3,0.0,0.0001,16.0,25903.0
2026-07-30T19:02:36.734Z,326.217,326.232,0.0,7.4,0.0,0.0,0.0,0.0,0.0,0.0,0.0,0.0,1.0,0.0,0.0,0.0,9.0,4.0,0.0,0.0,0.0,0.0,0.0,0.0,0.0,0.0,5.0,12.0,1.0,12.17,5.01,2.51,1.49,0.0,0.0,0.0,134.0,0.0,0.7000000000000001,-0.5,1.6,-169.70000000000002,0.0,0.0,169.70000000000002,0.0,21.700000000000003,29.0,29.0,30.0,300.0,300.0,31.8,35.800000000000004,28.9,28.1,30.0,4.95,1.99,4.97,0.16,0.0,0.0,1027.0,8228.0,0.0,0.0,0.0,0.0,0.0,1.0,0.0,0.0,0.0,0.0,0.0,0.6000000000000001,0.0,-1.5,0.0,0.0,16.0,25903.0
2026-07-30T19:02:36.746Z,326.229,326.244,0.0,7.4,0.0,0.0,0.0,0.0,0.0,0.0,0.0,0.0,1.0,0.0,0.0,0.0,9.0,4.0,0.0,0.0,0.0,0.0,0.0,0.0,0.0,0.0,1.0,12.0,1.0,12.17,5.01,2.51,1.49,0.0,0.1,0.0,133.9,0.0,0.1,0.0,-1.2000000000000002,-169.70000000000002,0.0,0.0,169.70000000000002,0.0,21.700000000000003,29.0,29.0,30.0,300.0,300.0,31.8,35.800000000000004,28.9,28.1,30.0,4.95,1.99,4.96,0.16,0.0,0.0,1027.0,8228.0,0.0,0.0,0.0,0.0,0.0,1.0,0.0,0.0,0.0,0.0,0.0,-0.8,0.0,1.1,0.0,0.0,16.0,25903.0
2026-07-30T19:02:36.758Z,326.241,326.25600000000003,0.0,7.4,0.0,0.0,0.0,0.0,0.0,0.0,0.0,0.0,1.0,0.0,0.0,0.0,9.0,4.0,0.0,0.0,0.0,0.0,0.0,0.0,0.0,0.0,2.0,12.0,1.0,12.17,5.01,2.51,1.49,0.0,0.0,0.0,133.8,0.0,0.1,0.0,-0.1,-169.60000000000002,0.0,0.0,169.60000000000002,0.0,21.700000000000003,29.0,29.0,30.0,300.0,300.0,31.8,35.800000000000004,28.9,28.1,30.0,4.96,2.0,4.96,0.16,0.0,0.0,1027.0,8228.0,0.0,0.0,0.0,0.0,0.0,1.0,0.0,0.0,0.0,0.0,0.0,0.0,0.0,0.1,0.0,0.0,16.0,25903.0
2026-07-30T19:02:36.770Z,326.253,326.26800000000003,0.0,7.4,0.0,0.0,0.0,0.0,0.0,0.0,0.0,0.0,1.0,0.0,0.0,0.0,9.0,4.0,0.0,0.0,0.0,0.0,0.0,0.0,0.0,0.0,4.0,12.0,1.0,12.17,5.01,2.51,1.49,0.0,0.0,0.0,133.70000000000002,0.0,-0.4,0.0,0.4,-169.60000000000002,0.0,0.0,169.60000000000002,0.0,21.700000000000003,29.0,29.0,30.0,300.0,300.0,31.8,35.800000000000004,28.9,28.1,30.0,4.95,2.0,4.96,0.16,0.0,0.0,1027.0,8228.0,0.0,0.0,0.0,0.0,0.0,1.0,0.0,0.0,0.0,0.0,0.0,0.3,0.0,-0.3,0.0,0.0,16.0,25903.0
2026-07-30T19:02:36.783Z,326.266,326.28000000000003,0.0,7.4,0.0,0.0,0.0,0.0,0.0,0.0,0.0,0.0,1.0,0.0,0.0,0.0,9.0,4.0,0.0,0.0,0.0,0.0,0.0,0.0,0.0,0.0,5.0,12.0,1.0,12.17,5.0200000000000005,2.51,1.49,0.0,0.0,0.0,133.6,0.0,-0.3,-1.1,-0.1,-169.60000000000002,0.0,0.0,169.60000000000002,0.0,21.3,29.0,29.0,30.0,300.0,300.0,31.6,35.800000000000004,28.9,28.1,30.0,4.96,1.99,4.97,0.16,0.0,0.0,1027.0,8228.0,0.0,0.0,0.0,0.0,0.0,1.0,0.0,0.0,0.0,0.0,0.0,-1.4,0.0,-0.1,0.0,0.0,16.0,25903.0
2026-07-30T19:02:36.794Z,326.277,326.29200000000003,0.0,7.4,0.0,0.0,0.0,0.0,0.0,0.0,0.0,0.0,1.0,0.0,0.0,0.0,9.0,4.0,0.0,0.0,0.0,0.0,0.0,0.0,0.0,0.0,1.0,12.0,1.0,12.17,5.0200000000000005,2.51,1.49,0.0,0.0,0.0,133.5,0.0,-0.3,0.5,-0.1,-169.60000000000002,0.0,0.0,169.70000000000002,0.0,21.3,29.0,29.0,30.0,300.0,300.0,31.6,35.800000000000004,28.9,28.1,30.0,4.96,2.0,4.96,0.16,0.0,0.0,1027.0,8228.0,0.0,0.0,0.0,0.0,0.0,1.0,0.0,0.0,0.0,0.0,0.0,0.5,0.0,0.2,0.0,0.0,16.0,25903.0
2026-07-30T19:02:36.806Z,326.289,326.30400000000003,0.0,7.4,0.0,0.0,0.0,0.0,0.0,0.0,0.0,0.0,1.0,0.0,0.0,0.0,9.0,4.0,0.0,0.0,0.0,0.0,0.0,0.0,0.0,0.0,2.0,12.0,1.0,12.17,5.0200000000000005,2.51,1.49,0.0,0.0,0.0,133.3,0.0,0.2,0.0,0.4,-169.60000000000002,0.0,0.0,169.70000000000002,0.0,21.3,29.0,29.0,30.0,300.0,300.0,31.6,35.800000000000004,28.9,28.1,30.0,4.96,1.99,4.96,0.15,0.0,0.0,1027.0,8228.0,0.0,0.0,0.0,0.0,0.0,1.0,0.0,0.0,0.0,0.0,0.0,0.3,0.0,-0.4,0.0,0.0,16.0,25903.0
2026-07-30T19:02:36.818Z,326.301,326.31600000000003,0.0,7.4,0.0,0.0,0.0,0.0,0.0,0.0,0.0,0.0,1.0,0.0,0.0,0.0,9.0,4.0,0.0,0.0,0.0,0.0,0.0,0.0,0.0,0.0,4.0,12.0,1.0,12.17,5.0200000000000005,2.51,1.49,0.0,0.0,0.0,133.3,0.0,-0.9,0.5,0.4,-169.60000000000002,0.0,0.0,169.70000000000002,0.0,21.3,29.0,29.0,30.0,300.0,300.0,31.6,35.800000000000004,28.9,28.1,30.0,4.95,1.99,4.97,0.16,0.0,0.0,1027.0,8228.0,0.0,0.0,0.0,0.0,0.0,1.0,0.0,0.0,0.0,0.0,0.0,1.0,0.0,-0.3,0.0,0.0,16.0,25903.0
2026-07-30T19:02:36.830Z,326.313,326.32800000000003,0.0,7.4,0.0,0.0,0.0,0.0,0.0,0.0,0.0,0.0,1.0,0.0,0.0,0.0,9.0,4.0,0.0,0.0,0.0,0.0,0.0,0.0,0.0,0.0,5.0,12.0,1.0,12.17,5.0200000000000005,2.51,1.49,0.0,0.0,0.0,133.1,0.0,-0.3,-1.2000000000000002,0.4,-169.70000000000002,0.0,0.0,169.8,0.0,21.3,29.0,29.0,30.0,300.0,300.0,31.6,35.800000000000004,28.9,28.1,30.0,4.96,1.99,4.96,0.16,0.0,0.0,1027.0,8228.0,0.0,0.0,0.0,0.0,0.0,1.0,0.0,0.0,0.0,0.0,0.0,-1.0,0.0,-0.6000000000000001,0.0,0.0,16.0,25903.0
2026-07-30T19:02:36.842Z,326.325,326.34000000000003,0.0,7.4,0.0,0.0,0.0,0.0,0.0,0.0,0.0,0.0,1.0,0.0,0.0,0.0,9.0,4.0,0.0,0.0,0.0,0.0,0.0,0.0,0.0,0.0,1.0,12.0,1.0,12.17,5.0200000000000005,2.51,1.49,0.0,0.0,0.0,133.1,0.0,-0.3,-0.6000000000000001,-1.2000000000000002,-169.70000000000002,0.0,0.0,169.8,0.0,21.3,29.0,29.0,30.0,300.0,300.0,31.6,35.800000000000004,28.9,28.1,30.0,4.96,1.99,4.97,0.16,0.0,0.0,1027.0,8228.0,0.0,0.0,0.0,0.0,0.0,1.0,0.0,0.0,0.0,0.0,0.0,-1.6,0.0,1.0,0.0,0.0,16.0,25903.0
2026-07-30T19:02:36.854Z,326.337,326.35200000000003,0.0,7.4,0.0,0.0,0.0,0.0,0.0,0.0,0.0,0.0,1.0,0.0,0.0,0.0,9.0,4.0,0.0,0.0,0.0,0.0,0.0,0.0,0.0,0.0,2.0,12.0,1.0,12.17,5.0200000000000005,2.51,1.49,0.0,0.1,0.0,132.9,0.0,-0.9,0.5,1.0,-169.70000000000002,0.0,0.0,169.8,0.0,21.3,29.0,29.0,30.0,300.0,300.0,31.6,35.800000000000004,28.9,28.1,30.0,4.96,1.99,4.97,0.16,0.0,0.0,1027.0,8228.0,0.0,0.0,0.0,0.0,0.0,1.0,0.0,0.0,0.0,0.0,0.0,1.3,0.0,-0.7000000000000001,0.0,0.0001,16.0,25903.0
2026-07-30T19:02:36.866Z,326.349,326.36400000000003,0.0,7.4,0.0,0.0,0.0,0.0,0.0,0.0,0.0,0.0,1.0,0.0,0.0,0.0,9.0,4.0,0.0,0.0,0.0,0.0,0.0,0.0,0.0,0.0,4.0,12.0,1.0,12.17,5.0200000000000005,2.51,1.49,0.0,0.0,0.0,132.8,0.0,-0.4,-1.8,-1.9,-169.70000000000002,0.0,0.0,169.8,0.0,21.3,29.0,29.0,30.0,300.0,300.0,31.6,35.800000000000004,28.9,28.1,30.0,4.95,1.99,4.97,0.16,0.0,0.0,1027.0,8228.0,0.0,0.0,0.0,0.0,0.0,1.0,0.0,0.0,0.0,0.0,0.0,-3.5,0.0,1.3,0.0,0.0,16.0,25903.0
2026-07-30T19:02:36.878Z,326.361,326.37600000000003,0.0,7.4,0.0,0.0,0.0,0.0,0.0,0.0,0.0,0.0,1.0,0.0,0.0,0.0,9.0,4.0,0.0,0.0,0.0,0.0,0.0,0.0,0.0,0.0,5.0,12.0,1.0,12.17,5.0200000000000005,2.51,1.49,0.0,0.0,0.0,132.70000000000002,0.0,-0.4,-1.2000000000000002,-0.2,-169.70000000000002,0.0,0.0,169.8,0.0,21.3,29.0,29.0,30.0,300.0,300.0,31.6,35.800000000000004,28.9,28.1,30.0,4.96,2.0,4.96,0.16,0.0,0.0,1027.0,8228.0,0.0,0.0,0.0,0.0,0.0,1.0,0.0,0.0,0.0,0.0,0.0,-1.5,0.0,0.0,0.0,0.0,16.0,25903.0
2026-07-30T19:02:36.890Z,326.373,326.38800000000003,0.0,7.4,0.0,0.0,0.0,0.0,0.0,0.0,0.0,0.0,1.0,0.0,0.0,0.0,9.0,4.0,0.0,0.0,0.0,0.0,0.0,0.0,0.0,0.0,1.0,12.0,1.0,12.14,5.01,2.51,1.49,0.0,0.1,0.0,132.70000000000002,0.0,0.1,0.0,-0.7000000000000001,-169.70000000000002,0.0,0.0,169.60000000000002,0.0,21.8,29.0,29.0,30.0,300.0,300.0,31.6,35.800000000000004,28.9,28.1,30.0,4.96,1.99,4.97,0.16,0.0,0.0,1027.0,8228.0,0.0,0.0,0.0,0.0,0.0,1.0,0.0,0.0,0.0,0.0,0.0,-0.6000000000000001,0.0,0.6000000000000001,0.0,0.0,16.0,25903.0
2026-07-30T19:02:36.902Z,326.385,326.40000000000003,0.0,7.4,0.0,0.0,0.0,0.0,0.0,0.0,0.0,0.0,1.0,0.0,0.0,0.0,9.0,4.0,0.0,0.0,0.0,0.0,0.0,0.0,0.0,0.0,2.0,12.0,1.0,12.14,5.01,2.51,1.49,0.0,0.0,0.0,132.6,0.0,0.2,0.5,0.3,-169.70000000000002,0.0,0.0,169.70000000000002,0.0,21.8,29.0,29.0,30.0,300.0,300.0,31.6,35.800000000000004,28.9,28.1,30.0,4.95,1.99,4.97,0.16,0.0,0.0,1027.0,8228.0,0.0,0.0,0.0,0.0,0.0,1.0,0.0,0.0,0.0,0.0,0.0,0.8,0.0,-0.2,0.0,0.0001,16.0,25903.0
2026-07-30T19:02:36.914Z,326.397,326.41200000000003,0.0,7.4,0.0,0.0,0.0,0.0,0.0,0.0,0.0,0.0,1.0,0.0,0.0,0.0,9.0,4.0,0.0,0.0,0.0,0.0,0.0,0.0,0.0,0.0,4.0,12.0,1.0,12.14,5.01,2.51,1.49,0.0,0.0,0.0,132.4,0.0,-0.4,-0.6000000000000001,-0.2,-169.70000000000002,0.0,0.0,169.70000000000002,0.0,21.8,29.0,29.0,30.0,300.0,300.0,31.6,35.800000000000004,28.9,28.1,30.0,4.96,1.99,4.96,0.16,0.0,0.0,1027.0,8228.0,0.0,0.0,0.0,0.0,0.0,1.0,0.0,0.0,0.0,0.0,0.0,-0.9,0.0,0.0,0.0,0.0,16.0,25903.0
2026-07-30T19:02:36.926Z,326.409,326.42400000000004,0.0,7.4,0.0,0.0,0.0,0.0,0.0,0.0,0.0,0.0,1.0,0.0,0.0,0.0,9.0,4.0,0.0,0.0,0.0,0.0,0.0,0.0,0.0,0.0,5.0,12.0,1.0,12.14,5.01,2.51,1.49,0.0,0.0,0.0,132.3,0.0,0.2,0.0,0.9,-169.70000000000002,0.0,0.0,169.60000000000002,0.0,21.8,29.0,29.0,30.0,300.0,300.0,31.6,35.800000000000004,28.9,28.1,30.0,4.95,2.0,4.96,0.16,0.0,0.0,1027.0,8228.0,0.0,0.0,0.0,0.0,0.0,1.0,0.0,0.0,0.0,0.0,0.0,0.6000000000000001,0.0,-0.8,0.0,0.0,16.0,25903.0
2026-07-30T19:02:36.938Z,326.421,326.436,0.0,7.4,0.0,0.0,0.0,0.0,0.0,0.0,0.0,0.0,1.0,0.0,0.0,0.0,9.0,4.0,0.0,0.0,0.0,0.0,0.0,0.0,0.0,0.0,6.0,12.0,1.0,12.14,5.01,2.51,1.49,0.0,0.0,0.0,132.20000000000002,0.0,0.7000000000000001,1.7000000000000002,0.4,-169.60000000000002,0.0,0.0,169.60000000000002,0.0,21.8,29.0,29.0,30.0,300.0,300.0,31.6,35.800000000000004,28.9,28.1,30.0,4.95,1.99,4.97,0.16,0.0,0.0,1027.0,8228.0,0.0,0.0,0.0,0.0,0.0,1.0,0.0,0.0,0.0,0.0,0.0,2.2,0.0,0.0,0.0,0.0,16.0,25903.0
2026-07-30T19:02:36.950Z,326.433,326.448,0.0,7.4,0.0,0.0,0.0,0.0,0.0,0.0,0.0,0.0,1.0,0.0,0.0,0.0,9.0,4.0,0.0,0.0,0.0,0.0,0.0,0.0,0.0,0.0,1.0,12.0,1.0,12.14,5.01,2.51,1.49,0.0,0.0,0.0,132.1,0.0,-0.3,0.0,-0.7000000000000001,-169.60000000000002,0.0,0.0,169.70000000000002,0.0,21.8,29.0,29.0,30.0,300.0,300.0,31.6,35.800000000000004,28.9,28.1,30.0,4.96,2.0,4.97,0.16,0.0,0.0,1027.0,8228.0,0.0,0.0,0.0,0.0,0.0,1.0,0.0,0.0,0.0,0.0,0.0,-0.4,0.0,0.6000000000000001,0.0,0.0,16.0,25903.0
2026-07-30T19:02:36.962Z,326.445,326.46,0.0,7.4,0.0,0.0,0.0,0.0,0.0,0.0,0.0,0.0,1.0,0.0,0.0,0.0,9.0,4.0,0.0,0.0,0.0,0.0,0.0,0.0,0.0,0.0,3.0,12.0,1.0,12.14,5.01,2.51,1.49,0.0,0.0,0.0,132.0,0.0,0.2,-0.5,-0.7000000000000001,-169.60000000000002,0.0,0.0,169.70000000000002,0.0,21.8,29.0,29.0,30.0,300.0,300.0,31.6,35.800000000000004,28.9,28.1,30.0,4.96,2.0,4.96,0.16,0.0,0.0,1027.0,8228.0,0.0,0.0,0.0,0.0,0.0,1.0,0.0,0.0,0.0,0.0,0.0,-1.1,0.0,0.5,0.0,0.0,16.0,25903.0
2026-07-30T19:02:36.974Z,326.457,326.472,0.0,7.4,0.0,0.0,0.0,0.0,0.0,0.0,0.0,0.0,1.0,0.0,0.0,0.0,9.0,4.0,0.0,0.0,0.0,0.0,0.0,0.0,0.0,0.0,4.0,12.0,1.0,12.14,5.01,2.51,1.49,0.0,0.0,0.0,131.9,0.0,-0.2,-1.0,1.0,-169.60000000000002,0.0,0.0,169.60000000000002,0.0,21.8,29.0,29.0,30.0,300.0,300.0,31.6,35.800000000000004,28.9,28.1,30.0,4.95,1.99,4.96,0.16,0.0,0.0,1027.0,8228.0,0.0,0.0,0.0,0.0,0.0,1.0,0.0,0.0,0.0,0.0,0.0,-0.4,0.0,-1.1,0.0,0.0,16.0,25903.0
2026-07-30T19:02:36.987Z,326.47,326.484,0.0,7.4,0.0,0.0,0.0,0.0,0.0,0.0,0.0,0.0,1.0,0.0,0.0,0.0,9.0,4.0,0.0,0.0,0.0,0.0,0.0,0.0,0.0,0.0,5.0,12.0,1.0,12.18,5.01,2.5,1.49,0.0,0.0,0.0,131.8,0.0,0.3,0.7000000000000001,0.4,-169.60000000000002,0.0,0.0,169.60000000000002,0.0,21.0,29.0,29.0,30.0,300.0,300.0,31.700000000000003,35.800000000000004,28.9,28.1,30.0,4.95,1.99,4.96,0.16,0.0,0.0,1027.0,8228.0,0.0,0.0,0.0,0.0,0.0,1.0,0.0,0.0,0.0,0.0,0.0,1.1,0.0,-0.2,0.0,0.0,16.0,25903.0
2026-07-30T19:02:36.998Z,326.481,326.496,0.0,7.4,0.0,0.0,0.0,0.0,0.0,0.0,0.0,0.0,1.0,0.0,0.0,0.0,9.0,4.0,0.0,0.0,0.0,0.0,0.0,0.0,0.0,0.0,6.0,12.0,1.0,12.18,5.01,2.5,1.49,0.0,0.0,0.0,131.6,0.0,-0.2,0.7000000000000001,1.0,-169.60000000000002,0.0,0.0,169.60000000000002,0.0,21.0,29.0,29.0,30.0,300.0,300.0,31.700000000000003,35.800000000000004,28.9,28.1,30.0,4.96,1.99,4.96,0.16,0.0,0.0,1027.0,8228.0,0.0,0.0,0.0,0.0,0.0,1.0,0.0,0.0,0.0,0.0,0.0,1.5,0.0,-0.7000000000000001,0.0,0.0,16.0,25903.0
2026-07-30T19:02:37.010Z,326.493,326.508,0.0,7.4,0.0,0.0,0.0,0.0,0.0,0.0,0.0,0.0,1.0,0.0,0.0,0.0,9.0,4.0,0.0,0.0,0.0,0.0,0.0,0.0,0.0,0.0,1.0,12.0,1.0,12.18,5.01,2.5,1.49,0.0,0.1,0.0,131.6,0.0,0.9,0.7000000000000001,-0.7000000000000001,-169.60000000000002,0.0,0.0,169.70000000000002,0.0,21.0,29.0,29.0,30.0,300.0,300.0,31.700000000000003,35.800000000000004,28.9,28.1,30.0,4.95,1.99,4.96,0.16,0.0,0.0,1027.0,8228.0,0.0,0.0,0.0,0.0,0.0,1.0,0.0,0.0,0.0,0.0,0.0,0.3,0.0,0.7000000000000001,0.0,0.0,16.0,25903.0
2026-07-30T19:02:37.022Z,326.505,326.52,0.0,7.4,0.0,0.0,0.0,0.0,0.0,0.0,0.0,0.0,1.0,0.0,0.0,0.0,9.0,4.0,0.0,0.0,0.0,0.0,0.0,0.0,0.0,0.0,2.0,12.0,1.0,12.18,5.01,2.5,1.49,0.0,0.0,0.0,131.5,0.0,0.3,-1.0,0.4,-169.60000000000002,0.0,0.0,169.60000000000002,0.0,21.0,29.0,29.0,30.0,300.0,300.0,31.700000000000003,35.800000000000004,28.9,28.1,30.0,4.95,1.99,4.97,0.16,0.0,0.0,1027.0,8228.0,0.0,0.0,0.0,0.0,0.0,1.0,0.0,0.0,0.0,0.0,0.0,-0.7000000000000001,0.0,-0.6000000000000001,0.0,0.0,16.0,25903.0
2026-07-30T19:02:37.034Z,326.517,326.532,0.0,7.4,0.0,0.0,0.0,0.0,0.0,0.0,0.0,0.0,1.0,0.0,0.0,0.0,9.0,4.0,0.0,0.0,0.0,0.0,0.0,0.0,0.0,0.0,3.0,12.0,1.0,12.18,5.01,2.5,1.49,0.0,0.0,0.0,131.4,0.0,-0.2,0.1,0.0,-169.60000000000002,0.0,0.0,169.70000000000002,0.0,21.0,29.0,29.0,30.0,300.0,300.0,31.700000000000003,35.800000000000004,28.9,28.1,30.0,4.95,1.99,4.96,0.16,0.0,0.0,1027.0,8228.0,0.0,0.0,0.0,0.0,0.0,1.0,0.0,0.0,0.0,0.0,0.0,0.0,0.0,0.1,0.0,0.0,16.0,25903.0
2026-07-30T19:02:37.046Z,326.529,326.544,0.0,7.4,0.0,0.0,0.0,0.0,0.0,0.0,0.0,0.0,1.0,0.0,0.0,0.0,9.0,4.0,0.0,0.0,0.0,0.0,0.0,0.0,0.0,0.0,4.0,12.0,1.0,12.18,5.01,2.5,1.49,0.0,0.0,0.0,131.3,0.0,-0.2,0.7000000000000001,0.0,-169.60000000000002,0.0,0.0,169.70000000000002,0.0,21.0,29.0,29.0,30.0,300.0,300.0,31.700000000000003,35.800000000000004,28.9,28.1,30.0,4.96,1.99,4.96,0.16,0.0,0.0,1027.0,8228.0,0.0,0.0,0.0,0.0,0.0,1.0,0.0,0.0,0.0,0.0,0.0,0.8,0.0,0.1,0.0,0.0,16.0,25903.0
2026-07-30T19:02:37.058Z,326.541,326.556,0.0,7.4,0.0,0.0,0.0,0.0,0.0,0.0,0.0,0.0,1.0,0.0,0.0,0.0,9.0,4.0,0.0,0.0,0.0,0.0,0.0,0.0,0.0,0.0,5.0,12.0,1.0,12.18,5.01,2.5,1.49,0.0,0.0,0.0,131.1,0.0,0.3,1.9,1.0,-169.60000000000002,0.0,0.0,169.60000000000002,0.0,21.0,29.0,29.0,30.0,300.0,300.0,31.700000000000003,35.800000000000004,28.9,28.1,30.0,4.95,1.99,4.96,0.16,0.0,0.0,1027.0,8228.0,0.0,0.0,0.0,0.0,0.0,1.0,0.0,0.0,0.0,0.0,0.0,2.9000000000000004,0.0,-0.5,0.0,0.0,16.0,25903.0
2026-07-30T19:02:37.070Z,326.553,326.568,0.0,7.4,0.0,0.0,0.0,0.0,0.0,0.0,0.0,0.0,1.0,0.0,0.0,0.0,9.0,4.0,0.0,0.0,0.0,0.0,0.0,0.0,0.0,0.0,6.0,12.0,1.0,12.18,5.01,2.5,1.49,0.0,0.0,0.0,131.0,0.0,-0.2,-1.0,0.4,-169.60000000000002,0.0,0.0,169.60000000000002,0.0,21.0,29.0,29.0,30.0,300.0,300.0,31.700000000000003,35.800000000000004,28.9,28.1,30.0,4.96,1.99,4.96,0.16,0.0,0.0,1027.0,8228.0,0.0,0.0,0.0,0.0,0.0,1.0,0.0,0.0,0.0,0.0,0.0,-0.8,0.0,-0.6000000000000001,0.0,0.0,16.0,25903.0
2026-07-30T19:02:37.082Z,326.565,326.58,0.0,7.4,0.0,0.0,0.0,0.0,0.0,0.0,0.0,0.0,1.0,0.0,0.0,0.0,9.0,4.0,0.0,0.0,0.0,0.0,0.0,0.0,0.0,0.0,1.0,12.0,1.0,12.18,5.01,2.5,1.49,0.0,0.0,0.0,130.9,0.0,-0.2,0.1,-0.7000000000000001,-169.60000000000002,0.0,0.0,169.70000000000002,0.0,21.0,29.0,29.0,30.0,300.0,300.0,31.700000000000003,35.800000000000004,28.9,28.1,30.0,4.96,1.99,4.96,0.16,0.0,0.0,1027.0,8228.0,0.0,0.0,0.0,0.0,0.0,1.0,0.0,0.0,0.0,0.0,0.0,-0.4,0.0,0.7000000000000001,0.0,0.0,16.0,25903.0
2026-07-30T19:02:37.094Z,326.577,326.592,0.0,7.4,0.0,0.0,0.0,0.0,0.0,0.0,0.0,0.0,1.0,0.0,0.0,0.0,9.0,4.0,0.0,0.0,0.0,0.0,0.0,0.0,0.0,0.0,3.0,12.0,1.0,12.17,5.0200000000000005,2.51,1.49,0.0,0.0,0.0,130.8,0.0,-0.2,0.1,1.0,-169.60000000000002,0.0,0.0,169.70000000000002,0.0,21.700000000000003,29.0,29.0,30.0,300.0,300.0,31.700000000000003,35.800000000000004,28.9,28.1,30.0,4.95,1.99,4.96,0.16,0.0,0.0,1027.0,8228.0,0.0,0.0,0.0,0.0,0.0,1.0,0.0,0.0,0.0,0.0,0.0,0.9,0.0,-0.8,0.0,0.0,16.0,25903.0
2026-07-30T19:02:37.106Z,326.589,326.604,0.0,7.4,0.0,0.0,0.0,0.0,0.0,0.0,0.0,0.0,1.0,0.0,0.0,0.0,9.0,4.0,0.0,0.0,0.0,0.0,0.0,0.0,0.0,0.0,4.0,12.0,1.0,12.17,5.0200000000000005,2.51,1.49,0.0,0.0,0.0,130.70000000000002,0.0,-0.2,0.1,0.0,-169.60000000000002,0.0,0.0,169.60000000000002,0.0,21.700000000000003,29.0,29.0,30.0,300.0,300.0,31.700000000000003,35.800000000000004,28.9,28.1,30.0,4.95,1.99,4.97,0.16,0.0,0.0,1027.0,8228.0,0.0,0.0,0.0,0.0,0.0,1.0,0.0,0.0,0.0,0.0,0.0,0.1,0.0,0.1,0.0,0.0,16.0,25903.0
2026-07-30T19:02:37.118Z,326.601,326.616,0.0,7.4,0.0,0.0,0.0,0.0,0.0,0.0,0.0,0.0,1.0,0.0,0.0,0.0,9.0,4.0,0.0,0.0,0.0,0.0,0.0,0.0,0.0,0.0,5.0,12.0,1.0,12.17,5.0200000000000005,2.51,1.49,0.0,0.0,0.0,130.6,0.0,-0.2,-0.3,-0.1,-169.60000000000002,0.0,0.0,169.60000000000002,0.0,21.700000000000003,29.0,29.0,30.0,300.0,300.0,31.700000000000003,35.800000000000004,28.9,28.1,30.0,4.96,1.99,4.96,0.16,0.0,0.0,1027.0,8228.0,0.0,0.0,0.0,0.0,0.0,1.0,0.0,0.0,0.0,0.0,0.0,-0.5,0.0,0.0,0.0,0.0,16.0,25903.0
2026-07-30T19:02:37.130Z,326.613,326.628,0.0,7.4,0.0,0.0,0.0,0.0,0.0,0.0,0.0,0.0,1.0,0.0,0.0,0.0,9.0,4.0,0.0,0.0,0.0,0.0,0.0,0.0,0.0,0.0,6.0,12.0,1.0,12.17,5.0200000000000005,2.51,1.49,0.0,0.0,0.0,130.5,0.0,0.3,0.1,-0.7000000000000001,-169.60000000000002,0.0,0.0,169.70000000000002,0.0,21.700000000000003,29.0,29.0,30.0,300.0,300.0,31.700000000000003,35.800000000000004,28.9,28.1,30.0,4.96,1.99,4.97,0.16,0.0,0.0,1027.0,8228.0,0.0,0.0,0.0,0.0,0.0,1.0,0.0,0.0,0.0,0.0,0.0,-0.3,0.0,0.7000000000000001,0.0,0.0,16.0,25903.0
2026-07-30T19:02:37.142Z,326.625,326.64,0.0,7.4,0.0,0.0,0.0,0.0,0.0,0.0,0.0,0.0,1.0,0.0,0.0,0.0,9.0,4.0,0.0,0.0,0.0,0.0,0.0,0.0,0.0,0.0,1.0,12.0,1.0,12.17,5.0200000000000005,2.51,1.49,0.0,0.1,0.0,130.4,0.0,0.9,1.3,-0.1,-169.60000000000002,0.0,0.0,169.70000000000002,0.0,21.700000000000003,29.0,29.0,30.0,300.0,300.0,31.700000000000003,35.800000000000004,28.9,28.1,30.0,4.95,1.99,4.97,0.16,0.0,0.0,1027.0,8228.0,0.0,0.0,0.0,0.0,0.0,1.0,0.0,0.0,0.0,0.0,0.0,1.4,0.0,0.4,0.0,0.0,16.0,25903.0
2026-07-30T19:02:37.154Z,326.637,326.652,0.0,7.4,0.0,0.0,0.0,0.0,0.0,0.0,0.0,0.0,1.0,0.0,0.0,0.0,9.0,4.0,0.0,0.0,0.0,0.0,0.0,0.0,0.0,0.0,2.0,12.0,1.0,12.17,5.0200000000000005,2.51,1.49,0.0,0.0,0.0,130.3,0.0,0.3,0.1,-0.1,-169.60000000000002,0.0,0.0,169.70000000000002,0.0,21.700000000000003,29.0,29.0,30.0,300.0,300.0,31.700000000000003,35.800000000000004,28.9,28.1,30.0,4.96,1.99,4.97,0.16,0.0,0.0,1027.0,8228.0,0.0,0.0,0.0,0.0,0.0,1.0,0.0,0.0,0.0,0.0,0.0,0.0,0.0,0.1,0.0,0.0,16.0,25903.0
2026-07-30T19:02:37.166Z,326.649,326.664,0.0,7.4,0.0,0.0,0.0,0.0,0.0,0.0,0.0,0.0,1.0,0.0,0.0,0.0,9.0,4.0,0.0,0.0,0.0,0.0,0.0,0.0,0.0,0.0,3.0,12.0,1.0,12.17,5.0200000000000005,2.51,1.49,0.0,0.0,0.0,130.3,0.0,0.3,-0.4,0.4,-169.60000000000002,0.0,0.0,169.60000000000002,0.0,21.700000000000003,29.0,29.0,30.0,300.0,300.0,31.700000000000003,35.800000000000004,28.9,28.1,30.0,4.95,1.99,4.96,0.16,0.0,0.0,1027.0,8228.0,0.0,0.0,0.0,0.0,0.0,1.0,0.0,0.0,0.0,0.0,0.0,-0.1,0.0,-0.4,0.0,0.0,16.0,25903.0
2026-07-30T19:02:37.178Z,326.661,326.676,0.0,7.4,0.0,0.0,0.0,0.0,0.0,0.0,0.0,0.0,1.0,0.0,0.0,0.0,9.0,4.0,0.0,0.0,0.0,0.0,0.0,0.0,0.0,0.0,4.0,12.0,1.0,12.17,5.0200000000000005,2.51,1.49,0.0,0.0,0.0,130.1,0.0,-0.2,1.9,1.5,-169.60000000000002,0.0,0.0,169.70000000000002,0.0,21.700000000000003,29.0,29.0,30.0,300.0,300.0,31.700000000000003,35.800000000000004,28.9,28.1,30.0,4.95,1.99,4.97,0.16,0.0,0.0,1027.0,8228.0,0.0,0.0,0.0,0.0,0.0,1.0,0.0,0.0,0.0,0.0,0.0,3.3000000000000003,0.0,-0.9,0.0,0.0,16.0,25903.0
2026-07-30T19:02:37.191Z,326.674,326.688,0.0,7.4,0.0,0.0,0.0,0.0,0.0,0.0,0.0,0.0,1.0,0.0,0.0,0.0,9.0,4.0,0.0,0.0,0.0,0.0,0.0,0.0,0.0,0.0,6.0,12.0,1.0,12.17,5.0200000000000005,2.51,1.49,0.0,0.0,0.0,130.0,0.0,0.9,0.7000000000000001,-0.1,-169.60000000000002,0.0,0.0,169.70000000000002,0.0,21.4,29.0,29.0,30.0,300.0,300.0,31.6,35.800000000000004,28.9,28.1,30.0,4.96,1.99,4.97,0.16,0.0,0.0,1027.0,8228.0,0.0,0.0,0.0,0.0,0.0,1.0,0.0,0.0,0.0,0.0,0.0,0.0,0.0,0.1,0.0,0.0,16.0,25903.0
2026-07-30T19:02:37.202Z,326.685,326.7,0.0,7.4,0.0,0.0,0.0,0.0,0.0,0.0,0.0,0.0,1.0,0.0,0.0,0.0,9.0,4.0,0.0,0.0,0.0,0.0,0.0,0.0,0.0,0.0,1.0,12.0,1.0,12.17,5.0200000000000005,2.51,1.49,0.0,0.0,0.0,130.20000000000002,0.0,-0.2,-1.0,-1.3,-169.60000000000002,0.0,0.0,169.8,0.0,21.4,29.0,29.0,30.0,300.0,300.0,31.6,35.800000000000004,28.9,28.1,30.0,4.96,1.99,4.97,0.16,0.0,0.0,1027.0,8228.0,0.0,0.0,0.0,0.0,0.0,1.0,0.0,0.0,0.0,0.0,0.0,-0.3,0.0,0.6000000000000001,0.0,0.0001,16.0,25903.0
2026-07-30T19:02:37.214Z,326.697,326.712,0.0,7.4,0.0,0.0,0.0,0.0,0.0,0.0,0.0,0.0,1.0,0.0,0.0,0.0,9.0,4.0,0.0,0.0,0.0,0.0,0.0,0.0,0.0,0.0,3.0,12.0,1.0,12.17,5.0200000000000005,2.51,1.49,0.0,0.0,0.0,130.4,0.0,-0.3,0.1,1.0,-169.70000000000002,0.0,0.0,169.8,0.0,21.4,29.0,29.0,30.0,300.0,300.0,31.6,35.800000000000004,28.9,28.1,30.0,4.95,1.99,4.97,0.16,0.0,0.0,1027.0,8228.0,0.0,0.0,0.0,0.0,0.0,1.0,0.0,0.0,0.0,0.0,0.0,-0.5,0.0,0.0,0.0,0.0,16.0,25903.0
2026-07-30T19:02:37.226Z,326.709,326.724,0.0,7.4,0.0,0.0,0.0,0.0,0.0,0.0,0.0,0.0,1.0,0.0,0.0,0.0,9.0,4.0,0.0,0.0,0.0,0.0,0.0,0.0,0.0,0.0,4.0,12.0,1.0,12.17,5.0200000000000005,2.51,1.49,0.0,0.0,0.0,130.5,0.0,-0.3,-0.4,-0.1,-169.70000000000002,0.0,0.0,169.70000000000002,0.0,21.4,29.0,29.0,30.0,300.0,300.0,31.6,35.800000000000004,28.9,28.1,30.0,4.95,1.99,4.97,0.16,0.0,0.0,1027.0,8228.0,0.0,0.0,0.0,0.0,0.0,1.0,0.0,0.0,0.0,0.0,0.0,-0.5,0.0,0.0,0.0,0.0,16.0,25903.0
2026-07-30T19:02:37.238Z,326.721,326.736,0.0,7.4,0.0,0.0,0.0,0.0,0.0,0.0,0.0,0.0,1.0,0.0,0.0,0.0,9.0,4.0,0.0,0.0,0.0,0.0,0.0,0.0,0.0,0.0,6.0,12.0,1.0,12.17,5.0200000000000005,2.51,1.49,0.0,0.0,0.0,130.8,0.0,0.2,0.1,-0.1,-169.70000000000002,0.0,0.0,169.70000000000002,0.0,21.4,29.0,29.0,30.0,300.0,300.0,31.6,35.800000000000004,28.9,28.1,30.0,4.96,1.99,4.97,0.16,0.0,0.0,1027.0,8228.0,0.0,0.0,0.0,0.0,0.0,1.0,0.0,0.0,0.0,0.0,0.0,0.0,0.0,0.1,0.0,0.0001,16.0,25903.0
2026-07-30T19:02:37.250Z,326.733,326.748,0.0,7.4,0.0,0.0,0.0,0.0,0.0,0.0,0.0,0.0,1.0,0.0,0.0,0.0,9.0,4.0,0.0,0.0,0.0,0.0,0.0,0.0,0.0,0.0,1.0,12.0,1.0,12.17,5.0200000000000005,2.51,1.49,0.0,0.0,0.0,130.9,0.0,0.8,0.1,1.6,-169.70000000000002,0.0,0.0,169.70000000000002,0.0,21.4,29.0,29.0,30.0,300.0,300.0,31.6,35.800000000000004,28.9,28.1,30.0,4.96,1.99,4.97,0.16,0.0,0.0,1027.0,8228.0,0.0,0.0,0.0,0.0,0.0,1.0,0.0,0.0,0.0,0.0,0.0,1.3,0.0,-1.4,0.0,0.0,16.0,25903.0
2026-07-30T19:02:37.262Z,326.745,326.76,0.0,7.4,0.0,0.0,0.0,0.0,0.0,0.0,0.0,0.0,1.0,0.0,0.0,0.0,9.0,4.0,0.0,0.0,0.0,0.0,0.0,0.0,0.0,0.0,3.0,12.0,1.0,12.17,5.0200000000000005,2.51,1.49,0.0,0.0,0.0,131.1,0.0,-0.3,-1.6,-1.8,-169.60000000000002,0.0,0.0,169.60000000000002,0.0,21.4,29.0,29.0,30.0,300.0,300.0,31.6,35.800000000000004,28.9,28.1,30.0,4.95,1.99,4.97,0.16,0.0,0.0,1027.0,8228.0,0.0,0.0,0.0,0.0,0.0,1.0,0.0,0.0,0.0,0.0,0.0,-3.1,0.0,1.2000000000000002,0.0,0.0,16.0,25903.0
2026-07-30T19:02:37.274Z,326.757,326.772,0.0,7.4,0.0,0.0,0.0,0.0,0.0,0.0,0.0,0.0,1.0,0.0,0.0,0.0,9.0,4.0,0.0,0.0,0.0,0.0,0.0,0.0,0.0,0.0,4.0,12.0,1.0,12.17,5.0200000000000005,2.51,1.49,0.0,0.0,0.0,131.3,0.0,0.2,0.7000000000000001,-0.1,-169.70000000000002,0.0,0.0,169.8,0.0,21.4,29.0,29.0,30.0,300.0,300.0,31.6,35.800000000000004,28.9,28.1,30.0,4.95,2.0,4.96,0.16,0.0,0.0,1027.0,8228.0,0.0,0.0,0.0,0.0,0.0,1.0,0.0,0.0,0.0,0.0,0.0,0.7000000000000001,0.0,0.2,0.0,0.0,16.0,25903.0
2026-07-30T19:02:37.286Z,326.769,326.784,0.0,7.4,0.0,0.0,0.0,0.0,0.0,0.0,0.0,0.0,1.0,0.0,0.0,0.0,9.0,4.0,0.0,0.0,0.0,0.0,0.0,0.0,0.0,0.0,6.0,12.0,1.0,12.17,5.0200000000000005,2.51,1.49,0.0,0.0,0.0,131.5,0.0,0.1,0.7000000000000001,-0.1,-169.70000000000002,0.0,0.0,169.60000000000002,0.0,21.4,29.0,29.0,30.0,300.0,300.0,31.6,35.800000000000004,28.9,28.1,30.0,4.96,1.99,4.96,0.16,0.0,0.0,1027.0,8228.0,0.0,0.0,0.0,0.0,0.0,1.0,0.0,0.0,0.0,0.0,0.0,0.7000000000000001,0.0,0.2,0.0,0.0001,16.0,25903.0
2026-07-30T19:02:37.298Z,326.781,326.796,0.0,7.4,0.0,0.0,0.0,0.0,0.0,0.0,0.0,0.0,1.0,0.0,0.0,0.0,9.0,4.0,0.0,0.0,0.0,0.0,0.0,0.0,0.0,0.0,1.0,12.0,1.0,12.14,5.0200000000000005,2.51,1.49,0.0,0.0,0.0,131.70000000000002,0.0,-0.4,-0.4,-0.7000000000000001,-169.70000000000002,0.0,0.0,169.8,0.0,21.4,29.0,29.0,30.0,300.0,300.0,31.6,35.7,28.9,28.1,30.0,4.95,1.99,4.97,0.16,0.0,0.0,1027.0,8228.0,0.0,0.0,0.0,0.0,0.0,1.0,0.0,0.0,0.0,0.0,0.0,-1.0,0.0,0.5,0.0,0.0,16.0,25903.0
2026-07-30T19:02:37.310Z,326.793,326.808,0.0,7.4,0.0,0.0,0.0,0.0,0.0,0.0,0.0,0.0,1.0,0.0,0.0,0.0,9.0,4.0,0.0,0.0,0.0,0.0,0.0,0.0,0.0,0.0,3.0,12.0,1.0,12.14,5.0200000000000005,2.51,1.49,0.0,0.0,0.0,131.9,0.0,0.1,-0.9,0.4,-169.70000000000002,0.0,0.0,169.70000000000002,0.0,21.4,29.0,29.0,30.0,300.0,300.0,31.6,35.7,28.9,28.1,30.0,4.96,1.99,4.97,0.16,0.0,0.0,1027.0,8228.0,0.0,0.0,0.0,0.0,0.0,1.0,0.0,0.0,0.0,0.0,0.0,-0.8,0.0,-0.5,0.0,0.0,16.0,25903.0
2026-07-30T19:02:37.322Z,326.805,326.82,0.0,7.4,0.0,0.0,0.0,0.0,0.0,0.0,0.0,0.0,1.0,0.0,0.0,0.0,9.0,4.0,0.0,0.0,0.0,0.0,0.0,0.0,0.0,0.0,4.0,12.0,1.0,12.14,5.0200000000000005,2.51,1.49,0.0,0.0,0.0,132.0,0.0,0.1,1.2000000000000002,-0.2,-169.70000000000002,0.0,0.0,169.70000000000002,0.0,21.4,29.0,29.0,30.0,300.0,300.0,31.6,35.7,28.9,28.1,30.0,4.96,2.0,4.96,0.16,0.0,0.0,1027.0,8228.0,0.0,0.0,0.0,0.0,0.0,1.0,0.0,0.0,0.0,0.0,0.0,1.3,0.0,0.4,0.0,0.0,16.0,25903.0
2026-07-30T19:02:37.334Z,326.817,326.832,0.0,7.4,0.0,0.0,0.0,0.0,0.0,0.0,0.0,0.0,1.0,0.0,0.0,0.0,9.0,4.0,0.0,0.0,0.0,0.0,0.0,0.0,0.0,0.0,6.0,12.0,1.0,12.14,5.0200000000000005,2.51,1.49,0.0,0.0,0.0,132.20000000000002,0.0,-0.4,0.1,-0.8,-169.70000000000002,0.0,0.0,169.60000000000002,0.0,21.4,29.0,29.0,30.0,300.0,300.0,31.6,35.7,28.9,28.1,30.0,4.96,1.99,4.96,0.16,0.0,0.0,1027.0,8228.0,0.0,0.0,0.0,0.0,0.0,1.0,0.0,0.0,0.0,0.0,0.0,-0.4,0.0,0.7000000000000001,0.0,0.0,16.0,25903.0
2026-07-30T19:02:37.346Z,326.829,326.844,0.0,7.4,0.0,0.0,0.0,0.0,0.0,0.0,0.0,0.0,1.0,0.0,0.0,0.0,9.0,4.0,0.0,0.0,0.0,0.0,0.0,0.0,0.0,0.0,1.0,12.0,1.0,12.14,5.0200000000000005,2.51,1.49,0.0,0.1,0.0,132.4,0.0,-0.4,-0.4,0.9,-169.70000000000002,0.0,0.0,169.70000000000002,0.0,21.4,29.0,29.0,30.0,300.0,300.0,31.6,35.7,28.9,28.1,30.0,4.95,1.99,4.97,0.16,0.0,0.0,1027.0,8228.0,0.0,0.0,0.0,0.0,0.0,1.0,0.0,0.0,0.0,0.0,0.0,0.1,0.0,-0.9,0.0,0.0001,16.0,25903.0
2026-07-30T19:02:37.357Z,326.84,326.856,0.0,7.4,0.0,0.0,0.0,0.0,0.0,0.0,0.0,0.0,1.0,0.0,0.0,0.0,9.0,4.0,0.0,0.0,0.0,0.0,0.0,0.0,0.0,0.0,3.0,12.0,1.0,12.14,5.0200000000000005,2.51,1.49,0.0,0.0,0.0,132.6,0.0,-0.9,-1.0,-0.1,-169.60000000000002,0.0,0.0,169.60000000000002,0.0,21.4,29.0,29.0,30.0,300.0,300.0,31.6,35.7,28.9,28.1,30.0,4.96,1.99,4.96,0.16,0.0,0.0,1027.0,8228.0,0.0,0.0,0.0,0.0,0.0,1.0,0.0,0.0,0.0,0.0,0.0,-1.3,0.0,0.0,0.0,0.0,16.0,25903.0
2026-07-30T19:02:37.370Z,326.853,326.868,0.0,7.4,0.0,0.0,0.0,0.0,0.0,0.0,0.0,0.0,1.0,0.0,0.0,0.0,9.0,4.0,0.0,0.0,0.0,0.0,0.0,0.0,0.0,0.0,5.0,12.0,1.0,12.14,5.0200000000000005,2.51,1.49,0.0,0.0,0.0,132.8,0.0,0.2,0.6000000000000001,0.4,-169.60000000000002,0.0,0.0,169.70000000000002,0.0,21.4,29.0,29.0,30.0,300.0,300.0,31.6,35.7,28.9,28.1,30.0,4.96,1.99,4.97,0.16,0.0,0.0,1027.0,8228.0,0.0,0.0,0.0,0.0,0.0,1.0,0.0,0.0,0.0,0.0,0.0,1.1,0.0,-0.2,0.0,0.0,16.0,25903.0
2026-07-30T19:02:37.382Z,326.865,326.88,0.0,7.4,0.0,0.0,0.0,0.0,0.0,0.0,0.0,0.0,1.0,0.0,0.0,0.0,9.0,4.0,0.0,0.0,0.0,0.0,0.0,0.0,0.0,0.0,6.0,12.0,1.0,12.14,5.0200000000000005,2.51,1.49,0.0,0.0,0.0,132.9,0.0,-0.3,0.0,1.5,-169.60000000000002,0.0,0.0,169.70000000000002,0.0,21.4,29.0,29.0,30.0,300.0,300.0,31.6,35.7,28.9,28.1,30.0,4.95,2.0,4.97,0.16,0.0,0.0,1027.0,8228.0,0.0,0.0,0.0,0.0,0.0,1.0,0.0,0.0,0.0,0.0,0.0,1.2000000000000002,0.0,-1.3,0.0,0.0001,16.0,25903.0
2026-07-30T19:02:37.395Z,326.878,326.892,0.0,7.4,0.0,0.0,0.0,0.0,0.0,0.0,0.0,0.0,1.0,0.0,0.0,0.0,9.0,4.0,0.0,0.0,0.0,0.0,0.0,0.0,0.0,0.0,2.0,12.0,1.0,12.18,5.0200000000000005,2.51,1.49,0.0,0.0,0.0,133.1,0.0,0.2,-0.4,-0.1,-169.60000000000002,0.0,0.0,169.60000000000002,0.0,21.8,29.0,29.0,30.0,300.0,300.0,31.700000000000003,35.800000000000004,28.9,28.1,30.0,4.96,2.0,4.96,0.16,0.0,0.0,1027.0,8228.0,0.0,0.0,0.0,0.0,0.0,1.0,0.0,0.0,0.0,0.0,0.0,-0.6000000000000001,0.0,0.0,0.0,0.0,16.0,25903.0
2026-07-30T19:02:37.406Z,326.889,326.904,0.0,7.4,0.0,0.0,0.0,0.0,0.0,0.0,0.0,0.0,1.0,0.0,0.0,0.0,9.0,4.0,0.0,0.0,0.0,0.0,0.0,0.0,0.0,0.0,3.0,12.0,1.0,12.18,5.0200000000000005,2.51,1.49,0.0,0.0,0.0,133.3,0.0,-0.3,-0.5,-0.2,-169.60000000000002,0.0,0.0,169.70000000000002,0.0,21.8,29.0,29.0,30.0,300.0,300.0,31.700000000000003,35.800000000000004,28.9,28.1,30.0,4.95,2.0,4.96,0.16,0.0,0.0,1027.0,8228.0,0.0,0.0,0.0,0.0,0.0,1.0,0.0,0.0,0.0,0.0,0.0,-0.7000000000000001,0.0,0.0,0.0,0.0,16.0,25903.0
2026-07-30T19:02:37.418Z,326.901,326.916,0.0,7.4,0.0,0.0,0.0,0.0,0.0,0.0,0.0,0.0,1.0,0.0,0.0,0.0,9.0,4.0,0.0,0.0,0.0,0.0,0.0,0.0,0.0,0.0,5.0,12.0,1.0,12.18,5.0200000000000005,2.51,1.49,0.0,0.0,0.0,133.5,0.0,0.2,0.6000000000000001,-0.7000000000000001,-169.60000000000002,0.0,0.0,169.60000000000002,0.0,21.8,29.0,29.0,30.0,300.0,300.0,31.700000000000003,35.800000000000004,28.9,28.1,30.0,4.95,1.99,4.97,0.16,0.0,0.0,1027.0,8228.0,0.0,0.0,0.0,0.0,0.0,1.0,0.0,0.0,0.0,0.0,0.0,0.2,0.0,0.7000000000000001,0.0,0.0,16.0,25903.0
2026-07-30T19:02:37.430Z,326.913,326.928,0.0,7.4,0.0,0.0,0.0,0.0,0.0,0.0,0.0,0.0,1.0,0.0,0.0,0.0,9.0,4.0,0.0,0.0,0.0,0.0,0.0,0.0,0.0,0.0,6.0,12.0,1.0,12.18,5.0200000000000005,2.51,1.49,0.0,0.0,0.0,133.6,0.0,0.2,-0.5,-0.1,-169.60000000000002,0.0,0.0,169.60000000000002,0.0,21.8,29.0,29.0,30.0,300.0,300.0,31.700000000000003,35.800000000000004,28.9,28.1,30.0,4.95,1.99,4.97,0.16,0.0,0.0,1027.0,8228.0,0.0,0.0,0.0,0.0,0.0,1.0,0.0,0.0,0.0,0.0,0.0,-0.6000000000000001,0.0,0.0,0.0,0.0,16.0,25903.0
2026-07-30T19:02:37.442Z,326.925,326.94,0.0,7.4,0.0,0.0,0.0,0.0,0.0,0.0,0.0,0.0,1.0,0.0,0.0,0.0,9.0,4.0,0.0,0.0,0.0,0.0,0.0,0.0,0.0,0.0,2.0,12.0,1.0,12.18,5.0200000000000005,2.51,1.49,0.0,0.0,0.0,133.8,0.0,0.8,0.0,-0.1,-169.60000000000002,0.0,0.0,169.70000000000002,0.0,21.8,29.0,29.0,30.0,300.0,300.0,31.700000000000003,35.800000000000004,28.9,28.1,30.0,4.96,1.99,4.97,0.16,0.0,0.0,1027.0,8228.0,0.0,0.0,0.0,0.0,0.0,1.0,0.0,0.0,0.0,0.0,0.0,0.0,0.0,0.1,0.0,0.0,16.0,25903.0
2026-07-30T19:02:37.454Z,326.937,326.952,0.0,7.4,0.0,0.0,0.0,0.0,0.0,0.0,0.0,0.0,1.0,0.0,0.0,0.0,9.0,4.0,0.0,0.0,0.0,0.0,0.0,0.0,0.0,0.0,3.0,12.0,1.0,12.18,5.0200000000000005,2.51,1.49,0.0,0.1,0.0,134.0,0.0,0.2,-0.5,-0.6000000000000001,-169.60000000000002,0.0,0.0,169.70000000000002,0.0,21.8,29.0,29.0,30.0,300.0,300.0,31.700000000000003,35.800000000000004,28.9,28.1,30.0,4.95,1.99,4.97,0.16,0.0,0.0,1027.0,8228.0,0.0,0.0,0.0,0.0,0.0,1.0,0.0,0.0,0.0,0.0,0.0,-1.0,0.0,0.4,0.0,0.0,16.0,25903.0
2026-07-30T19:02:37.466Z,326.949,326.964,0.0,7.4,0.0,0.0,0.0,0.0,0.0,0.0,0.0,0.0,1.0,0.0,0.0,0.0,9.0,4.0,0.0,0.0,0.0,0.0,0.0,0.0,0.0,0.0,4.0,12.0,1.0,12.18,5.0200000000000005,2.51,1.49,0.0,0.1,0.0,134.20000000000002,0.0,0.2,0.0,0.5,-169.60000000000002,0.0,0.0,169.70000000000002,0.0,21.8,29.0,29.0,30.0,300.0,300.0,31.700000000000003,35.800000000000004,28.9,28.1,30.0,4.95,1.99,4.96,0.16,0.0,0.0,1027.0,8228.0,0.0,0.0,0.0,0.0,0.0,1.0,0.0,0.0,0.0,0.0,0.0,0.4,0.0,-0.4,0.0,0.0001,16.0,25903.0
2026-07-30T19:02:37.478Z,326.961,326.976,0.0,7.4,0.0,0.0,0.0,0.0,0.0,0.0,0.0,0.0,1.0,0.0,0.0,0.0,9.0,4.0,0.0,0.0,0.0,0.0,0.0,0.0,0.0,0.0,5.0,12.0,1.0,12.18,5.0200000000000005,2.51,1.49,0.0,0.0,0.0,134.1,0.0,-0.3,0.0,0.0,-169.60000000000002,0.0,0.0,169.60000000000002,0.0,21.8,29.0,29.0,30.0,300.0,300.0,31.700000000000003,35.800000000000004,28.9,28.1,30.0,4.96,2.0,4.96,0.16,0.0,0.0,1027.0,8228.0,0.0,0.0,0.0,0.0,0.0,1.0,0.0,0.0,0.0,0.0,0.0,0.0,0.0,0.0,0.0,0.0,16.0,25903.0
2026-07-30T19:02:37.490Z,326.973,326.988,0.0,7.4,0.0,0.0,0.0,0.0,0.0,0.0,0.0,0.0,1.0,0.0,0.0,0.0,9.0,4.0,0.0,0.0,0.0,0.0,0.0,0.0,0.0,0.0,1.0,12.0,1.0,12.18,5.0200000000000005,2.51,1.49,0.0,0.0,0.0,134.0,0.0,-0.9,0.6000000000000001,0.4,-169.60000000000002,0.0,0.0,169.60000000000002,0.0,21.8,29.0,29.0,30.0,300.0,300.0,31.700000000000003,35.800000000000004,28.9,28.1,30.0,4.96,2.0,4.96,0.16,0.0,0.0,1027.0,8228.0,0.0,0.0,0.0,0.0,0.0,1.0,0.0,0.0,0.0,0.0,0.0,1.1,0.0,-0.2,0.0,0.0,16.0,25903.0
2026-07-30T19:02:37.502Z,326.985,327.0,0.0,7.4,0.0,0.0,0.0,0.0,0.0,0.0,0.0,0.0,1.0,0.0,0.0,0.0,9.0,4.0,0.0,0.0,0.0,0.0,0.0,0.0,0.0,0.0,2.0,12.0,1.0,12.18,5.0200000000000005,2.51,1.49,0.0,0.0,0.0,133.8,0.0,-0.3,-1.0,-1.2000000000000002,-169.60000000000002,0.0,0.0,169.60000000000002,0.0,21.0,29.0,29.0,30.0,300.0,300.0,31.6,35.800000000000004,28.9,28.1,30.0,4.95,1.99,4.97,0.16,0.0,0.0,1027.0,8228.0,0.0,0.0,0.0,0.0,0.0,1.0,0.0,0.0,0.0,0.0,0.0,-2.1,0.0,0.9,0.0,0.0,16.0,25903.0
2026-07-30T19:02:37.514Z,326.997,327.012,0.0,7.4,0.0,0.0,0.0,0.0,0.0,0.0,0.0,0.0,1.0,0.0,0.0,0.0,9.0,4.0,0.0,0.0,0.0,0.0,0.0,0.0,0.0,0.0,3.0,12.0,1.0,12.18,5.0200000000000005,2.51,1.49,0.0,0.0,0.0,133.70000000000002,0.0,0.2,-0.4,-0.6000000000000001,-169.60000000000002,0.0,0.0,169.70000000000002,0.0,21.0,29.0,29.0,30.0,300.0,300.0,31.6,35.800000000000004,28.9,28.1,30.0,4.95,1.99,4.96,0.16,0.0,0.0,1027.0,8228.0,0.0,0.0,0.0,0.0,0.0,1.0,0.0,0.0,0.0,0.0,0.0,-1.0,0.0,0.5,0.0,0.0,16.0,25903.0
2026-07-30T19:02:37.526Z,327.009,327.024,0.0,7.4,0.0,0.0,0.0,0.0,0.0,0.0,0.0,0.0,1.0,0.0,0.0,0.0,9.0,4.0,0.0,0.0,0.0,0.0,0.0,0.0,0.0,0.0,4.0,12.0,1.0,12.18,5.0200000000000005,2.51,1.49,0.0,0.0,0.0,133.6,0.0,0.2,1.9,0.5,-169.60000000000002,0.0,0.0,169.70000000000002,0.0,21.0,29.0,29.0,30.0,300.0,300.0,31.6,35.800000000000004,28.9,28.1,30.0,4.96,1.99,4.96,0.15,0.0,0.0,1027.0,8228.0,0.0,0.0,0.0,0.0,0.0,1.0,0.0,0.0,0.0,0.0,0.0,2.5,0.0,0.0,0.0,0.0,16.0,25903.0
2026-07-30T19:02:37.538Z,327.021,327.036,0.0,7.4,0.0,0.0,0.0,0.0,0.0,0.0,0.0,0.0,1.0,0.0,0.0,0.0,9.0,4.0,0.0,0.0,0.0,0.0,0.0,0.0,0.0,0.0,5.0,12.0,1.0,12.18,5.0200000000000005,2.51,1.49,0.0,0.0,0.0,133.5,0.0,-0.3,-0.3,-1.2000000000000002,-169.60000000000002,0.0,0.0,169.60000000000002,0.0,21.0,29.0,29.0,30.0,300.0,300.0,31.6,35.800000000000004,28.9,28.1,30.0,4.95,1.99,4.97,0.16,0.0,0.0,1027.0,8228.0,0.0,0.0,0.0,0.0,0.0,1.0,0.0,0.0,0.0,0.0,0.0,-1.3,0.0,1.0,0.0,0.0,16.0,25903.0
2026-07-30T19:02:37.550Z,327.033,327.048,0.0,7.4,0.0,0.0,0.0,0.0,0.0,0.0,0.0,0.0,1.0,0.0,0.0,0.0,9.0,4.0,0.0,0.0,0.0,0.0,0.0,0.0,0.0,0.0,5.0,12.0,1.0,12.18,5.0200000000000005,2.51,1.49,0.0,0.0,0.0,133.4,0.0,0.2,0.1,1.6,-169.60000000000002,0.0,0.0,169.60000000000002,0.0,21.0,29.0,29.0,30.0,300.0,300.0,31.6,35.800000000000004,28.9,28.1,30.0,4.96,1.99,4.97,0.16,0.0,0.0,1027.0,8228.0,0.0,0.0,0.0,0.0,0.0,1.0,0.0,0.0,0.0,0.0,0.0,1.4,0.0,-1.4,0.0,0.0,16.0,25903.0
2026-07-30T19:02:37.562Z,327.045,327.06,0.0,7.4,0.0,0.0,0.0,0.0,0.0,0.0,0.0,0.0,1.0,0.0,0.0,0.0,9.0,4.0,0.0,0.0,0.0,0.0,0.0,0.0,0.0,0.0,1.0,12.0,1.0,12.18,5.0200000000000005,2.51,1.49,0.0,0.0,0.0,133.3,0.0,-0.2,1.3,-0.7000000000000001,-169.60000000000002,0.0,0.0,169.60000000000002,0.0,21.0,29.0,29.0,30.0,300.0,300.0,31.6,35.800000000000004,28.9,28.1,30.0,4.96,2.0,4.96,0.16,0.0,0.0,1027.0,8228.0,0.0,0.0,0.0,0.0,0.0,1.0,0.0,0.0,0.0,0.0,0.0,1.0,0.0,0.8,0.0,0.0,16.0,25903.0
2026-07-30T19:02:37.574Z,327.057,327.072,0.0,7.4,0.0,0.0,0.0,0.0,0.0,0.0,0.0,0.0,1.0,0.0,0.0,0.0,9.0,4.0,0.0,0.0,0.0,0.0,0.0,0.0,0.0,0.0,2.0,12.0,1.0,12.18,5.0200000000000005,2.51,1.49,0.0,0.0,0.0,133.20000000000002,0.0,-0.9,-1.0,-1.9,-169.60000000000002,0.0,0.0,169.60000000000002,0.0,21.0,29.0,29.0,30.0,300.0,300.0,31.6,35.800000000000004,28.9,28.1,30.0,4.95,1.99,4.96,0.16,0.0,0.0,1027.0,8228.0,0.0,0.0,0.0,0.0,0.0,1.0,0.0,0.0,0.0,0.0,0.0,-2.5,0.0,1.4,0.0,0.0,16.0,25903.0
2026-07-30T19:02:37.586Z,327.069,327.084,0.0,7.4,0.0,0.0,0.0,0.0,0.0,0.0,0.0,0.0,1.0,0.0,0.0,0.0,9.0,4.0,0.0,0.0,0.0,0.0,0.0,0.0,0.0,0.0,3.0,12.0,1.0,12.18,5.0200000000000005,2.51,1.49,0.0,0.0,0.0,133.1,0.0,0.2,0.1,2.2,-169.60000000000002,0.0,0.0,169.70000000000002,0.0,21.0,29.0,29.0,30.0,300.0,300.0,31.6,35.800000000000004,28.9,28.1,30.0,4.95,1.99,4.97,0.16,0.0,0.0,1027.0,8228.0,0.0,0.0,0.0,0.0,0.0,1.0,0.0,0.0,0.0,0.0,0.0,1.7000000000000002,0.0,-1.9,0.0,0.0,16.0,25903.0
2026-07-30T19:02:37.598Z,327.081,327.096,0.0,7.4,0.0,0.0,0.0,0.0,0.0,0.0,0.0,0.0,1.0,0.0,0.0,0.0,9.0,4.0,0.0,0.0,0.0,0.0,0.0,0.0,0.0,0.0,3.0,12.0,1.0,12.18,5.01,2.5,1.49,0.0,0.0,0.0,133.0,0.0,0.2,-0.4,-0.1,-169.60000000000002,0.0,0.0,169.70000000000002,0.0,21.4,29.0,29.0,30.0,300.0,300.0,31.6,35.800000000000004,28.9,28.1,30.0,4.96,1.99,4.96,0.16,0.0,0.0,1027.0,8228.0,0.0,0.0,0.0,0.0,0.0,1.0,0.0,0.0,0.0,0.0,0.0,-0.6000000000000001,0.0,0.0,0.0,0.0,16.0,25903.0
2026-07-30T19:02:37.610Z,327.093,327.108,0.0,7.4,0.0,0.0,0.0,0.0,0.0,0.0,0.0,0.0,1.0,0.0,0.0,0.0,9.0,4.0,0.0,0.0,0.0,0.0,0.0,0.0,0.0,0.0,5.0,12.0,1.0,12.18,5.01,2.5,1.49,0.0,0.0,0.0,132.8,0.0,0.2,-1.1,-0.7000000000000001,-169.60000000000002,0.0,0.0,169.60000000000002,0.0,21.4,29.0,29.0,30.0,300.0,300.0,31.6,35.800000000000004,28.9,28.1,30.0,4.96,1.99,4.97,0.16,0.0,0.0,1027.0,8228.0,0.0,0.0,0.0,0.0,0.0,1.0,0.0,0.0,0.0,0.0,0.0,-1.8,0.0,0.4,0.0,0.0,16.0,25903.0
2026-07-30T19:02:37.623Z,327.106,327.12,0.0,7.4,0.0,0.0,0.0,0.0,0.0,0.0,0.0,0.0,1.0,0.0,0.0,0.0,9.0,4.0,0.0,0.0,0.0,0.0,0.0,0.0,0.0,0.0,6.0,12.0,1.0,12.18,5.01,2.5,1.49,0.0,0.0,0.0,132.70000000000002,0.0,0.2,0.0,-0.8,-169.60000000000002,0.0,0.0,169.70000000000002,0.0,21.4,29.0,29.0,30.0,300.0,300.0,31.6,35.800000000000004,28.9,28.1,30.0,4.95,2.0,4.97,0.16,0.0,0.0,1027.0,8228.0,0.0,0.0,0.0,0.0,0.0,1.0,0.0,0.0,0.0,0.0,0.0,-0.5,0.0,0.7000000000000001,0.0,0.0,16.0,25903.0
2026-07-30T19:02:37.634Z,327.117,327.132,0.0,7.4,0.0,0.0,0.0,0.0,0.0,0.0,0.0,0.0,1.0,0.0,0.0,0.0,9.0,4.0,0.0,0.0,0.0,0.0,0.0,0.0,0.0,0.0,1.0,12.0,1.0,12.18,5.01,2.5,1.49,0.0,0.0,0.0,132.6,0.0,0.2,0.6000000000000001,-0.8,-169.60000000000002,0.0,0.0,169.70000000000002,0.0,21.4,29.0,29.0,30.0,300.0,300.0,31.6,35.800000000000004,28.9,28.1,30.0,4.96,2.0,4.96,0.16,0.0,0.0,1027.0,8228.0,0.0,0.0,0.0,0.0,0.0,1.0,0.0,0.0,0.0,0.0,0.0,0.1,0.0,0.8,0.0,0.0,16.0,25903.0
2026-07-30T19:02:37.646Z,327.129,327.144,0.0,7.4,0.0,0.0,0.0,0.0,0.0,0.0,0.0,0.0,1.0,0.0,0.0,0.0,9.0,4.0,0.0,0.0,0.0,0.0,0.0,0.0,0.0,0.0,2.0,12.0,1.0,12.18,5.01,2.5,1.49,0.0,0.0,0.0,132.6,0.0,0.2,0.6000000000000001,0.9,-169.60000000000002,0.0,0.0,169.70000000000002,0.0,21.4,29.0,29.0,30.0,300.0,300.0,31.6,35.800000000000004,28.9,28.1,30.0,4.95,1.99,4.96,0.16,0.0,0.0,1027.0,8228.0,0.0,0.0,0.0,0.0,0.0,1.0,0.0,0.0,0.0,0.0,0.0,1.4,0.0,-0.7000000000000001,0.0,0.0,16.0,25903.0
2026-07-30T19:02:37.658Z,327.141,327.156,0.0,7.4,0.0,0.0,0.0,0.0,0.0,0.0,0.0,0.0,1.0,0.0,0.0,0.0,9.0,4.0,0.0,0.0,0.0,0.0,0.0,0.0,0.0,0.0,3.0,12.0,1.0,12.18,5.01,2.5,1.49,0.0,0.0,0.0,132.4,0.0,0.7000000000000001,1.8,0.4,-169.60000000000002,0.0,0.0,169.60000000000002,0.0,21.4,29.0,29.0,30.0,300.0,300.0,31.6,35.800000000000004,28.9,28.1,30.0,4.95,1.99,4.97,0.16,0.0,0.0,1027.0,8228.0,0.0,0.0,0.0,0.0,0.0,1.0,0.0,0.0,0.0,0.0,0.0,2.4000000000000004,0.0,0.0,0.0,0.0,16.0,25903.0
2026-07-30T19:02:37.670Z,327.153,327.168,0.0,7.4,0.0,0.0,0.0,0.0,0.0,0.0,0.0,0.0,1.0,0.0,0.0,0.0,9.0,4.0,0.0,0.0,0.0,0.0,0.0,0.0,0.0,0.0,5.0,12.0,1.0,12.18,5.01,2.5,1.49,0.0,0.0,0.0,132.3,0.0,-0.3,-0.4,-0.1,-169.60000000000002,0.0,0.0,169.60000000000002,0.0,21.4,29.0,29.0,30.0,300.0,300.0,31.6,35.800000000000004,28.9,28.1,30.0,4.96,1.99,4.97,0.16,0.0,0.0,1027.0,8228.0,0.0,0.0,0.0,0.0,0.0,1.0,0.0,0.0,0.0,0.0,0.0,-0.6000000000000001,0.0,0.0,0.0,0.0,16.0,25903.0
2026-07-30T19:02:37.682Z,327.165,327.18,0.0,7.4,0.0,0.0,0.0,0.0,0.0,0.0,0.0,0.0,1.0,0.0,0.0,0.0,9.0,4.0,0.0,0.0,0.0,0.0,0.0,0.0,0.0,0.0,6.0,12.0,1.0,12.18,5.01,2.5,1.49,0.0,0.0,0.0,132.20000000000002,0.0,0.7000000000000001,-0.4,-0.7000000000000001,-169.60000000000002,0.0,0.0,169.70000000000002,0.0,21.4,29.0,29.0,30.0,300.0,300.0,31.6,35.800000000000004,28.9,28.1,30.0,4.96,1.99,4.96,0.16,0.0,0.0,1027.0,8228.0,0.0,0.0,0.0,0.0,0.0,1.0,0.0,0.0,0.0,0.0,0.0,-1.1,0.0,0.5,0.0,0.0,16.0,25903.0
2026-07-30T19:02:37.694Z,327.177,327.192,0.0,7.4,0.0,0.0,0.0,0.0,0.0,0.0,0.0,0.0,1.0,0.0,0.0,0.0,9.0,4.0,0.0,0.0,0.0,0.0,0.0,0.0,0.0,0.0,1.0,12.0,1.0,12.18,5.01,2.5,1.49,0.0,0.1,0.0,132.1,0.0,0.2,0.0,1.0,-169.60000000000002,0.0,0.0,169.60000000000002,0.0,21.4,29.0,29.0,30.0,300.0,300.0,31.6,35.800000000000004,28.9,28.1,30.0,4.96,1.99,4.97,0.16,0.0,0.0,1027.0,8228.0,0.0,0.0,0.0,0.0,0.0,1.0,0.0,0.0,0.0,0.0,0.0,0.8,0.0,-0.8,0.0,0.0,16.0,25903.0
2026-07-30T19:02:37.706Z,327.189,327.204,0.0,7.4,0.0,0.0,0.0,0.0,0.0,0.0,0.0,0.0,1.0,0.0,0.0,0.0,9.0,4.0,0.0,0.0,0.0,0.0,0.0,0.0,0.0,0.0,2.0,12.0,1.0,12.15,5.0200000000000005,2.5,1.5,-0.1,0.1,0.0,132.0,0.0,0.2,0.6000000000000001,-0.1,-169.60000000000002,0.0,0.0,169.70000000000002,0.0,21.4,29.0,29.0,30.0,300.0,300.0,31.5,35.7,28.9,28.1,30.0,4.96,2.0,4.97,0.16,0.0,0.0,1027.0,8228.0,0.0,0.0,0.0,0.0,0.0,1.0,0.0,0.0,0.0,0.0,0.0,0.0,0.0,0.1,0.0,0.0,16.0,25903.0
2026-07-30T19:02:37.718Z,327.201,327.216,0.0,7.4,0.0,0.0,0.0,0.0,0.0,0.0,0.0,0.0,1.0,0.0,0.0,0.0,9.0,4.0,0.0,0.0,0.0,0.0,0.0,0.0,0.0,0.0,3.0,12.0,1.0,12.15,5.0200000000000005,2.5,1.5,0.0,0.0,0.0,131.9,0.0,-0.3,-0.4,-0.2,-169.60000000000002,0.0,0.0,169.70000000000002,0.0,21.4,29.0,29.0,30.0,300.0,300.0,31.5,35.7,28.9,28.1,30.0,4.96,2.0,4.97,0.16,0.0,0.0,1027.0,8228.0,0.0,0.0,0.0,0.0,0.0,1.0,0.0,0.0,0.0,0.0,0.0,1.4,0.0,-0.7000000000000001,0.0,0.0,16.0,25903.0
2026-07-30T19:02:37.730Z,327.213,327.228,0.0,7.4,0.0,0.0,0.0,0.0,0.0,0.0,0.0,0.0,1.0,0.0,0.0,0.0,9.0,4.0,0.0,0.0,0.0,0.0,0.0,0.0,0.0,0.0,4.0,12.0,1.0,12.15,5.0200000000000005,2.5,1.5,0.0,0.0,0.0,131.8,0.0,0.1,-0.4,0.3,-169.60000000000002,0.0,0.0,169.70000000000002,0.0,21.4,29.0,29.0,30.0,300.0,300.0,31.5,35.7,28.9,28.1,30.0,4.95,2.0,4.96,0.16,0.0,0.0,1027.0,8228.0,0.0,0.0,0.0,0.0,0.0,1.0,0.0,0.0,0.0,0.0,0.0,0.6000000000000001,0.0,0.3,0.0,0.0,16.0,25903.0
2026-07-30T19:02:37.742Z,327.225,327.24,0.0,7.4,0.0,0.0,0.0,0.0,0.0,0.0,0.0,0.0,1.0,0.0,0.0,0.0,9.0,4.0,0.0,0.0,0.0,0.0,0.0,0.0,0.0,0.0,5.0,12.0,1.0,12.15,5.0200000000000005,2.5,1.5,0.0,0.0,0.0,131.70000000000002,0.0,-1.0,-0.5,0.9,-169.60000000000002,0.0,0.0,169.70000000000002,0.0,21.4,29.0,29.0,30.0,300.0,300.0,31.5,35.7,28.9,28.1,30.0,4.95,1.99,4.97,0.16,0.0,0.0,1027.0,8228.0,0.0,0.0,0.0,0.0,0.0,1.0,0.0,0.0,0.0,0.0,0.0,0.1,0.0,-0.9,0.0,0.0,16.0,25903.0
2026-07-30T19:02:37.754Z,327.237,327.252,0.0,7.4,0.0,0.0,0.0,0.0,0.0,0.0,0.0,0.0,1.0,0.0,0.0,0.0,9.0,4.0,0.0,0.0,0.0,0.0,0.0,0.0,0.0,0.0,6.0,12.0,1.0,12.15,5.0200000000000005,2.5,1.5,0.0,0.0,0.0,131.6,0.0,0.1,0.0,-1.3,-169.60000000000002,0.0,0.0,169.70000000000002,0.0,21.4,29.0,29.0,30.0,300.0,300.0,31.5,35.7,28.9,28.1,30.0,4.95,1.99,4.96,0.16,0.0,0.0,1027.0,8228.0,0.0,0.0,0.0,0.0,0.0,1.0,0.0,0.0,0.0,0.0,0.0,-0.9,0.0,1.2000000000000002,0.0,0.0,16.0,25903.0
2026-07-30T19:02:37.766Z,327.249,327.264,0.0,7.4,0.0,0.0,0.0,0.0,0.0,0.0,0.0,0.0,1.0,0.0,0.0,0.0,9.0,4.0,0.0,0.0,0.0,0.0,0.0,0.0,0.0,0.0,1.0,12.0,1.0,12.15,5.0200000000000005,2.5,1.5,0.0,0.1,0.0,131.5,0.0,0.1,0.0,0.3,-169.60000000000002,0.0,0.0,169.70000000000002,0.0,21.4,29.0,29.0,30.0,300.0,300.0,31.5,35.7,28.9,28.1,30.0,4.96,1.99,4.96,0.16,0.0,0.0,1027.0,8228.0,0.0,0.0,0.0,0.0,0.0,1.0,0.0,0.0,0.0,0.0,0.0,0.3,0.0,-0.3,0.0,0.0,16.0,25903.0
2026-07-30T19:02:37.778Z,327.261,327.276,0.0,7.4,0.0,0.0,0.0,0.0,0.0,0.0,0.0,0.0,1.0,0.0,0.0,0.0,9.0,4.0,0.0,0.0,0.0,0.0,0.0,0.0,0.0,0.0,2.0,12.0,1.0,12.15,5.0200000000000005,2.5,1.5,0.0,0.0,0.0,131.3,0.0,-0.4,-0.5,0.3,-169.60000000000002,0.0,0.0,169.60000000000002,0.0,21.4,29.0,29.0,30.0,300.0,300.0,31.5,35.7,28.9,28.1,30.0,4.95,1.99,4.96,0.16,0.0,0.0,1027.0,8228.0,0.0,0.0,0.0,0.0,0.0,1.0,0.0,0.0,0.0,0.0,0.0,-0.3,0.0,-0.3,0.0,0.0,16.0,25903.0
2026-07-30T19:02:37.790Z,327.273,327.288,0.0,7.4,0.0,0.0,0.0,0.0,0.0,0.0,0.0,0.0,1.0,0.0,0.0,0.0,9.0,4.0,0.0,0.0,0.0,0.0,0.0,0.0,0.0,0.0,3.0,12.0,1.0,12.15,5.0200000000000005,2.5,1.5,0.0,0.0,0.0,131.3,0.0,0.7000000000000001,-0.5,0.9,-169.60000000000002,0.0,0.0,169.60000000000002,0.0,21.4,29.0,29.0,30.0,300.0,300.0,31.5,35.7,28.9,28.1,30.0,4.96,1.99,4.97,0.16,0.0,0.0,1027.0,8228.0,0.0,0.0,0.0,0.0,0.0,1.0,0.0,0.0,0.0,0.0,0.0,0.0,0.0,-0.9,0.0,0.0,16.0,25903.0
2026-07-30T19:02:37.802Z,327.285,327.3,0.0,7.4,0.0,0.0,0.0,0.0,0.0,0.0,0.0,0.0,1.0,0.0,0.0,0.0,9.0,4.0,0.0,0.0,0.0,0.0,0.0,0.0,0.0,0.0,4.0,12.0,1.0,12.17,5.0200000000000005,2.5,1.49,0.0,0.0,0.0,131.20000000000002,0.0,-1.0,-1.1,0.3,-169.60000000000002,0.0,0.0,169.70000000000002,0.0,21.700000000000003,29.0,29.0,30.0,300.0,300.0,31.5,35.800000000000004,28.9,28.1,30.0,4.96,1.99,4.96,0.16,0.0,0.0,1027.0,8228.0,0.0,0.0,0.0,0.0,0.0,1.0,0.0,0.0,0.0,0.0,0.0,-1.0,0.0,-0.5,0.0,0.0,16.0,25903.0
2026-07-30T19:02:37.814Z,327.297,327.312,0.0,7.4,0.0,0.0,0.0,0.0,0.0,0.0,0.0,0.0,1.0,0.0,0.0,0.0,9.0,4.0,0.0,0.0,0.0,0.0,0.0,0.0,0.0,0.0,5.0,12.0,1.0,12.17,5.0200000000000005,2.5,1.49,0.0,0.0,0.0,131.1,0.0,-0.9,-0.5,-1.9,-169.60000000000002,0.0,0.0,169.70000000000002,0.0,21.700000000000003,29.0,29.0,30.0,300.0,300.0,31.5,35.800000000000004,28.9,28.1,30.0,4.95,1.99,4.96,0.16,0.0,0.0,1027.0,8228.0,0.0,0.0,0.0,0.0,0.0,1.0,0.0,0.0,0.0,0.0,0.0,-2.1,0.0,1.6,0.0,0.0,16.0,25903.0
2026-07-30T19:02:37.826Z,327.309,327.324,0.0,7.4,0.0,0.0,0.0,0.0,0.0,0.0,0.0,0.0,1.0,0.0,0.0,0.0,9.0,4.0,0.0,0.0,0.0,0.0,0.0,0.0,0.0,0.0,1.0,12.0,1.0,12.17,5.0200000000000005,2.5,1.49,0.0,0.0,0.0,130.9,0.0,0.1,1.1,0.9,-169.60000000000002,0.0,0.0,169.70000000000002,0.0,21.700000000000003,29.0,29.0,30.0,300.0,300.0,31.5,35.800000000000004,28.9,28.1,30.0,4.95,1.99,4.97,0.16,0.0,0.0,1027.0,8228.0,0.0,0.0,0.0,0.0,0.0,1.0,0.0,0.0,0.0,0.0,0.0,2.0,0.0,-0.6000000000000001,0.0,0.0,16.0,25903.0
2026-07-30T19:02:37.838Z,327.321,327.336,0.0,7.4,0.0,0.0,0.0,0.0,0.0,0.0,0.0,0.0,1.0,0.0,0.0,0.0,9.0,4.0,0.0,0.0,0.0,0.0,0.0,0.0,0.0,0.0,2.0,12.0,1.0,12.17,5.0200000000000005,2.5,1.49,0.0,0.0,0.0,130.8,0.0,0.1,-1.1,-1.4,-169.60000000000002,0.0,0.0,169.60000000000002,0.0,21.700000000000003,29.0,29.0,30.0,300.0,300.0,31.5,35.800000000000004,28.9,28.1,30.0,4.95,2.0,4.97,0.16,0.0,0.0,1027.0,8228.0,0.0,0.0,0.0,0.0,0.0,1.0,0.0,0.0,0.0,0.0,0.0,-2.3000000000000003,0.0,0.9,0.0,0.0,16.0,25903.0
2026-07-30T19:02:37.850Z,327.333,327.348,0.0,7.4,0.0,0.0,0.0,0.0,0.0,0.0,0.0,0.0,1.0,0.0,0.0,0.0,9.0,4.0,0.0,0.0,0.0,0.0,0.0,0.0,0.0,0.0,3.0,12.0,1.0,12.17,5.0200000000000005,2.5,1.49,0.0,0.0,0.0,130.70000000000002,0.0,0.1,-0.5,-1.3,-169.60000000000002,0.0,0.0,169.60000000000002,0.0,21.700000000000003,29.0,29.0,30.0,300.0,300.0,31.5,35.800000000000004,28.9,28.1,30.0,4.95,1.99,4.96,0.15,0.0,0.0,1027.0,8228.0,0.0,0.0,0.0,0.0,0.0,1.0,0.0,0.0,0.0,0.0,0.0,-1.6,0.0,1.1,0.0,0.0,16.0,25903.0
2026-07-30T19:02:37.862Z,327.345,327.36,0.0,7.4,0.0,0.0,0.0,0.0,0.0,0.0,0.0,0.0,1.0,0.0,0.0,0.0,9.0,4.0,0.0,0.0,0.0,0.0,0.0,0.0,0.0,0.0,4.0,12.0,1.0,12.17,5.0200000000000005,2.5,1.49,0.0,0.0,0.0,130.6,0.0,-0.4,0.0,-1.4,-169.60000000000002,0.0,0.0,169.70000000000002,0.0,21.700000000000003,29.0,29.0,30.0,300.0,300.0,31.5,35.800000000000004,28.9,28.1,30.0,4.95,1.99,4.96,0.16,0.0,0.0,1027.0,8228.0,0.0,0.0,0.0,0.0,0.0,1.0,0.0,0.0,0.0,0.0,0.0,-1.0,0.0,1.2000000000000002,0.0,0.0,16.0,25903.0
2026-07-30T19:02:37.874Z,327.357,327.372,0.0,7.4,0.0,0.0,0.0,0.0,0.0,0.0,0.0,0.0,1.0,0.0,0.0,0.0,9.0,4.0,0.0,0.0,0.0,0.0,0.0,0.0,0.0,0.0,6.0,12.0,1.0,12.17,5.0200000000000005,2.5,1.49,0.0,0.0,0.0,130.5,0.0,0.7000000000000001,0.5,-0.2,-169.60000000000002,0.0,0.0,169.70000000000002,0.0,21.700000000000003,29.0,29.0,30.0,300.0,300.0,31.5,35.800000000000004,28.9,28.1,30.0,4.96,1.99,4.96,0.16,0.0,0.0,1027.0,8228.0,0.0,0.0,0.0,0.0,0.0,1.0,0.0,0.0,0.0,0.0,0.0,0.4,0.0,0.3,0.0,0.0,16.0,25903.0
2026-07-30T19:02:37.886Z,327.369,327.384,0.0,7.4,0.0,0.0,0.0,0.0,0.0,0.0,0.0,0.0,1.0,0.0,0.0,0.0,9.0,4.0,0.0,0.0,0.0,0.0,0.0,0.0,0.0,0.0,1.0,12.0,1.0,12.17,5.0200000000000005,2.5,1.49,0.0,0.0,0.0,130.4,0.0,0.7000000000000001,-0.5,-0.8,-169.60000000000002,0.0,0.0,169.70000000000002,0.0,21.700000000000003,29.0,29.0,30.0,300.0,300.0,31.5,35.800000000000004,28.9,28.1,30.0,4.95,2.0,4.96,0.16,0.0,0.0,1027.0,8228.0,0.0,0.0,0.0,0.0,0.0,1.0,0.0,0.0,0.0,0.0,0.0,-1.3,0.0,0.6000000000000001,0.0,0.0,16.0,25903.0
2026-07-30T19:02:37.898Z,327.381,327.396,0.0,7.4,0.0,0.0,0.0,0.0,0.0,0.0,0.0,0.0,1.0,0.0,0.0,0.0,9.0,4.0,0.0,0.0,0.0,0.0,0.0,0.0,0.0,0.0,2.0,12.0,1.0,12.17,5.0200000000000005,2.5,1.49,0.0,0.1,0.0,130.4,0.0,0.1,0.0,0.3,-169.60000000000002,0.0,0.0,169.8,0.0,21.700000000000003,29.0,29.0,30.0,300.0,300.0,31.5,35.800000000000004,28.9,28.1,30.0,4.95,1.99,4.97,0.16,0.0,0.0,1027.0,8228.0,0.0,0.0,0.0,0.0,0.0,1.0,0.0,0.0,0.0,0.0,0.0,0.2,0.0,-0.2,0.0,0.0,16.0,25903.0
2026-07-30T19:02:37.910Z,327.393,327.408,0.0,7.4,0.0,0.0,0.0,0.0,0.0,0.0,0.0,0.0,1.0,0.0,0.0,0.0,9.0,4.0,0.0,0.0,0.0,0.0,0.0,0.0,0.0,0.0,3.0,12.0,1.0,12.17,5.0200000000000005,2.51,1.49,0.0,0.0,0.0,130.20000000000002,0.0,0.1,0.6000000000000001,-0.8,-169.60000000000002,0.0,0.0,169.70000000000002,0.0,21.3,29.0,29.0,30.0,300.0,300.0,31.5,35.800000000000004,28.9,28.1,30.0,4.96,1.99,4.97,0.16,0.0,0.0,1027.0,8228.0,0.0,0.0,0.0,0.0,0.0,1.0,0.0,0.0,0.0,0.0,0.0,0.0,0.0,0.8,0.0,0.0001,16.0,25903.0
2026-07-30T19:02:37.922Z,327.405,327.42,0.0,7.4,0.0,0.0,0.0,0.0,0.0,0.0,0.0,0.0,1.0,0.0,0.0,0.0,9.0,4.0,0.0,0.0,0.0,0.0,0.0,0.0,0.0,0.0,4.0,12.0,1.0,12.17,5.0200000000000005,2.51,1.49,0.0,0.0,0.0,130.4,0.0,0.1,0.0,-0.2,-169.60000000000002,0.0,0.0,169.70000000000002,0.0,21.3,29.0,29.0,30.0,300.0,300.0,31.5,35.800000000000004,28.9,28.1,30.0,4.96,1.99,4.97,0.16,0.0,0.0,1027.0,8228.0,0.0,0.0,0.0,0.0,0.0,1.0,0.0,0.0,0.0,0.0,0.0,-0.1,0.0,0.2,0.0,0.0,16.0,25903.0
2026-07-30T19:02:37.934Z,327.417,327.432,0.0,7.4,0.0,0.0,0.0,0.0,0.0,0.0,0.0,0.0,1.0,0.0,0.0,0.0,9.0,4.0,0.0,0.0,0.0,0.0,0.0,0.0,0.0,0.0,5.0,12.0,1.0,12.17,5.0200000000000005,2.51,1.49,0.0,0.0,0.0,130.6,0.0,0.2,-1.0,-0.7000000000000001,-169.60000000000002,0.0,0.0,169.70000000000002,0.0,21.3,29.0,29.0,30.0,300.0,300.0,31.5,35.800000000000004,28.9,28.1,30.0,4.95,1.99,4.97,0.16,0.0,0.0,1027.0,8228.0,0.0,0.0,0.0,0.0,0.0,1.0,0.0,0.0,0.0,0.0,0.0,-1.8,0.0,0.4,0.0,0.0,16.0,25903.0
2026-07-30T19:02:37.946Z,327.429,327.444,0.0,7.4,0.0,0.0,0.0,0.0,0.0,0.0,0.0,0.0,1.0,0.0,0.0,0.0,9.0,4.0,0.0,0.0,0.0,0.0,0.0,0.0,0.0,0.0,6.0,12.0,1.0,12.17,5.0200000000000005,2.51,1.49,0.0,0.0,0.0,130.8,0.0,0.2,0.6000000000000001,0.9,-169.60000000000002,0.0,0.0,169.70000000000002,0.0,21.3,29.0,29.0,30.0,300.0,300.0,31.5,35.800000000000004,28.9,28.1,30.0,4.95,2.01,4.96,0.16,0.0,0.0,1027.0,8228.0,0.0,0.0,0.0,0.0,0.0,1.0,0.0,0.0,0.0,0.0,0.0,1.4,0.0,-0.7000000000000001,0.0,0.0,16.0,25903.0
2026-07-30T19:02:37.958Z,327.441,327.456,0.0,7.4,0.0,0.0,0.0,0.0,0.0,0.0,0.0,0.0,1.0,0.0,0.0,0.0,9.0,4.0,0.0,0.0,0.0,0.0,0.0,0.0,0.0,0.0,1.0,12.0,1.0,12.17,5.0200000000000005,2.51,1.49,0.0,0.0,0.0,131.0,0.0,0.2,-0.5,-0.2,-169.60000000000002,0.0,0.0,169.70000000000002,0.0,21.3,29.0,29.0,30.0,300.0,300.0,31.5,35.800000000000004,28.9,28.1,30.0,4.95,1.99,4.96,0.16,0.0,0.0,1027.0,8228.0,0.0,0.0,0.0,0.0,0.0,1.0,0.0,0.0,0.0,0.0,0.0,-0.7000000000000001,0.0,0.0,0.0,0.0,16.0,25903.0
2026-07-30T19:02:37.970Z,327.453,327.468,0.0,7.4,0.0,0.0,0.0,0.0,0.0,0.0,0.0,0.0,1.0,0.0,0.0,0.0,9.0,4.0,0.0,0.0,0.0,0.0,0.0,0.0,0.0,0.0,3.0,12.0,1.0,12.17,5.0200000000000005,2.51,1.49,0.0,0.1,0.0,131.1,0.0,0.2,-0.4,-0.7000000000000001,-169.60000000000002,0.0,0.0,169.70000000000002,0.0,21.3,29.0,29.0,30.0,300.0,300.0,31.5,35.800000000000004,28.9,28.1,30.0,4.95,1.99,4.96,0.16,0.0,0.0,1027.0,8228.0,0.0,0.0,0.0,0.0,0.0,1.0,0.0,0.0,0.0,0.0,0.0,-1.1,0.0,0.5,0.0,0.0,16.0,25903.0
2026-07-30T19:02:37.982Z,327.465,327.48,0.0,7.4,0.0,0.0,0.0,0.0,0.0,0.0,0.0,0.0,1.0,0.0,0.0,0.0,9.0,4.0,0.0,0.0,0.0,0.0,0.0,0.0,0.0,0.0,4.0,12.0,1.0,12.17,5.0200000000000005,2.51,1.49,0.0,0.0,0.0,131.4,0.0,-0.3,-1.6,-0.1,-169.60000000000002,0.0,0.0,169.60000000000002,0.0,21.3,29.0,29.0,30.0,300.0,300.0,31.5,35.800000000000004,28.9,28.1,30.0,4.95,1.99,4.97,0.16,0.0,0.0,1027.0,8228.0,0.0,0.0,0.0,0.0,0.0,1.0,0.0,0.0,0.0,0.0,0.0,-2.0,0.0,-0.1,0.0,0.0,16.0,25903.0
2026-07-30T19:02:37.994Z,327.477,327.492,0.0,7.4,0.0,0.0,0.0,0.0,0.0,0.0,0.0,0.0,1.0,0.0,0.0,0.0,9.0,4.0,0.0,0.0,0.0,0.0,0.0,0.0,0.0,0.0,6.0,12.0,1.0,12.17,5.0200000000000005,2.51,1.49,0.0,0.0,0.0,131.6,0.0,0.2,1.8,-0.2,-169.60000000000002,0.0,0.0,169.70000000000002,0.0,21.3,29.0,29.0,30.0,300.0,300.0,31.5,35.800000000000004,28.9,28.1,30.0,4.95,2.0,4.96,0.17,0.0,0.0,1027.0,8228.0,0.0,0.0,0.0,0.0,0.0,1.0,0.0,0.0,0.0,0.0,0.0,1.9,0.0,0.5,0.0,0.0,16.0,25903.0
2026-07-30T19:02:38.006Z,327.489,327.504,0.0,7.4,0.0,0.0,0.0,0.0,0.0,0.0,0.0,0.0,1.0,0.0,0.0,0.0,9.0,4.0,0.0,0.0,0.0,0.0,0.0,0.0,0.0,0.0,1.0,12.0,1.0,12.17,5.01,2.51,1.49,0.0,0.0,0.0,131.8,0.0,-0.2,0.1,-0.7000000000000001,-169.60000000000002,0.0,0.0,169.60000000000002,0.0,21.8,29.0,29.0,30.0,300.0,300.0,31.5,35.7,28.9,28.1,30.0,4.96,1.99,4.96,0.16,0.0,0.0,1027.0,8228.0,0.0,0.0,0.0,0.0,0.0,1.0,0.0,0.0,0.0,0.0,0.0,-0.4,0.0,0.6000000000000001,0.0,0.0,16.0,25903.0
2026-07-30T19:02:38.018Z,327.501,327.516,0.0,7.4,0.0,0.0,0.0,0.0,0.0,0.0,0.0,0.0,1.0,0.0,0.0,0.0,9.0,4.0,0.0,0.0,0.0,0.0,0.0,0.0,0.0,0.0,2.0,12.0,1.0,12.17,5.01,2.51,1.49,0.0,0.0,0.0,131.9,0.0,-0.2,0.6000000000000001,-1.2000000000000002,-169.60000000000002,0.0,0.0,169.60000000000002,0.0,21.8,29.0,29.0,30.0,300.0,300.0,31.5,35.7,28.9,28.1,30.0,4.95,1.99,4.97,0.16,0.0,0.0,1027.0,8228.0,0.0,0.0,0.0,0.0,0.0,1.0,0.0,0.0,0.0,0.0,0.0,-0.1,0.0,1.2000000000000002,0.0,0.0,16.0,25903.0
2026-07-30T19:02:38.030Z,327.513,327.528,0.0,7.4,0.0,0.0,0.0,0.0,0.0,0.0,0.0,0.0,1.0,0.0,0.0,0.0,9.0,4.0,0.0,0.0,0.0,0.0,0.0,0.0,0.0,0.0,4.0,12.0,1.0,12.17,5.01,2.51,1.49,0.0,0.0,0.0,132.1,0.0,-0.8,0.1,-0.6000000000000001,-169.60000000000002,0.0,0.0,169.70000000000002,0.0,21.8,29.0,29.0,30.0,300.0,300.0,31.5,35.7,28.9,28.1,30.0,4.96,1.99,4.96,0.16,0.0,0.0,1027.0,8228.0,0.0,0.0,0.0,0.0,0.0,1.0,0.0,0.0,0.0,0.0,0.0,-0.3,0.0,0.6000000000000001,0.0,0.0,16.0,25903.0
2026-07-30T19:02:38.042Z,327.525,327.54,0.0,7.4,0.0,0.0,0.0,0.0,0.0,0.0,0.0,0.0,1.0,0.0,0.0,0.0,9.0,4.0,0.0,0.0,0.0,0.0,0.0,0.0,0.0,0.0,5.0,12.0,1.0,12.17,5.01,2.51,1.49,0.0,0.0,0.0,132.3,0.0,-0.2,0.7000000000000001,0.5,-169.60000000000002,0.0,0.0,169.70000000000002,0.0,21.8,29.0,29.0,30.0,300.0,300.0,31.5,35.7,28.9,28.1,30.0,4.96,1.99,4.97,0.16,0.0,0.0,1027.0,8228.0,0.0,0.0,0.0,0.0,0.0,1.0,0.0,0.0,0.0,0.0,0.0,1.1,0.0,-0.3,0.0,0.0,16.0,25903.0
2026-07-30T19:02:38.054Z,327.537,327.552,0.0,7.4,0.0,0.0,0.0,0.0,0.0,0.0,0.0,0.0,1.0,0.0,0.0,0.0,9.0,4.0,0.0,0.0,0.0,0.0,0.0,0.0,0.0,0.0,1.0,12.0,1.0,12.17,5.01,2.51,1.49,0.0,0.1,0.0,132.5,0.0,1.5,2.4000000000000004,1.0,-169.60000000000002,0.0,0.0,169.70000000000002,0.0,21.8,29.0,29.0,30.0,300.0,300.0,31.5,35.7,28.9,28.1,30.0,4.95,1.99,4.97,0.16,0.0,0.0,1027.0,8228.0,0.0,0.0,0.0,0.0,0.0,1.0,0.0,0.0,0.0,0.0,0.0,3.5,0.0,-0.4,0.0,0.0,16.0,25903.0
2026-07-30T19:02:38.066Z,327.549,327.564,0.0,7.4,0.0,0.0,0.0,0.0,0.0,0.0,0.0,0.0,1.0,0.0,0.0,0.0,9.0,4.0,0.0,0.0,0.0,0.0,0.0,0.0,0.0,0.0,2.0,12.0,1.0,12.17,5.01,2.51,1.49,0.0,0.0,0.0,132.6,0.0,0.3,0.1,-1.2000000000000002,-169.60000000000002,0.0,0.0,169.70000000000002,0.0,21.8,29.0,29.0,30.0,300.0,300.0,31.5,35.7,28.9,28.1,30.0,4.95,1.99,4.97,0.16,0.0,0.0,1027.0,8228.0,0.0,0.0,0.0,0.0,0.0,1.0,0.0,0.0,0.0,0.0,0.0,-0.7000000000000001,0.0,1.1,0.0,0.0,16.0,25903.0
2026-07-30T19:02:38.078Z,327.561,327.576,0.0,7.4,0.0,0.0,0.0,0.0,0.0,0.0,0.0,0.0,1.0,0.0,0.0,0.0,9.0,4.0,0.0,0.0,0.0,0.0,0.0,0.0,0.0,0.0,4.0,12.0,1.0,12.17,5.01,2.51,1.49,0.0,0.0,0.0,132.8,0.0,-0.2,0.0,0.0,-169.60000000000002,0.0,0.0,169.60000000000002,0.0,21.8,29.0,29.0,30.0,300.0,300.0,31.5,35.7,28.9,28.1,30.0,4.95,2.0,4.96,0.16,0.0,0.0,1027.0,8228.0,0.0,0.0,0.0,0.0,0.0,1.0,0.0,0.0,0.0,0.0,0.0,0.0,0.0,0.0,0.0,0.0,16.0,25903.0
2026-07-30T19:02:38.090Z,327.573,327.588,0.0,7.4,0.0,0.0,0.0,0.0,0.0,0.0,0.0,0.0,1.0,0.0,0.0,0.0,9.0,4.0,0.0,0.0,0.0,0.0,0.0,0.0,0.0,0.0,5.0,12.0,1.0,12.17,5.01,2.51,1.49,0.0,0.0,0.0,133.0,0.0,0.3,1.2000000000000002,-0.1,-169.60000000000002,0.0,0.0,169.60000000000002,0.0,21.8,29.0,29.0,30.0,300.0,300.0,31.5,35.7,28.9,28.1,30.0,4.95,1.99,4.97,0.16,0.0,0.0,1027.0,8228.0,0.0,0.0,0.0,0.0,0.0,1.0,0.0,0.0,0.0,0.0,0.0,1.3,0.0,0.3,0.0,0.0,16.0,25903.0
2026-07-30T19:02:38.102Z,327.585,327.6,0.0,7.4,0.0,0.0,0.0,0.0,0.0,0.0,0.0,0.0,1.0,0.0,0.0,0.0,9.0,4.0,0.0,0.0,0.0,0.0,0.0,0.0,0.0,0.0,1.0,12.0,1.0,12.17,5.01,2.51,1.49,0.0,0.0,0.0,133.20000000000002,0.0,-0.2,0.0,-0.7000000000000001,-169.60000000000002,0.0,0.0,169.60000000000002,0.0,21.8,29.0,29.0,30.0,300.0,300.0,31.5,35.7,28.9,28.1,30.0,4.95,1.99,4.97,0.16,0.0,0.0,1027.0,8228.0,0.0,0.0,0.0,0.0,0.0,1.0,0.0,0.0,0.0,0.0,0.0,-0.4,0.0,0.6000000000000001,0.0,0.0,16.0,25903.0
2026-07-30T19:02:38.114Z,327.597,327.612,0.0,7.4,0.0,0.0,0.0,0.0,0.0,0.0,0.0,0.0,1.0,0.0,0.0,0.0,9.0,4.0,0.0,0.0,0.0,0.0,0.0,0.0,0.0,0.0,2.0,12.0,1.0,12.18,5.0200000000000005,2.51,1.5,0.0,0.0,0.0,133.4,0.0,-0.2,0.0,-0.7000000000000001,-169.60000000000002,0.0,0.0,169.60000000000002,0.0,20.9,29.0,29.0,30.0,300.0,300.0,31.6,35.800000000000004,28.9,28.1,30.0,4.96,1.99,4.96,0.16,0.0,0.0,1027.0,8228.0,0.0,0.0,0.0,0.0,0.0,1.0,0.0,0.0,0.0,0.0,0.0,-0.5,0.0,0.7000000000000001,0.0,0.0,16.0,25903.0
2026-07-30T19:02:38.126Z,327.609,327.624,0.0,7.4,0.0,0.0,0.0,0.0,0.0,0.0,0.0,0.0,1.0,0.0,0.0,0.0,9.0,4.0,0.0,0.0,0.0,0.0,0.0,0.0,0.0,0.0,4.0,12.0,1.0,12.18,5.0200000000000005,2.51,1.5,0.0,0.0,0.0,133.6,0.0,-0.2,-1.1,-1.3,-169.60000000000002,0.0,0.0,169.60000000000002,0.0,20.9,29.0,29.0,30.0,300.0,300.0,31.6,35.800000000000004,28.9,28.1,30.0,4.95,1.99,4.97,0.16,0.0,0.0,1027.0,8228.0,0.0,0.0,0.0,0.0,0.0,1.0,0.0,0.0,0.0,0.0,0.0,-2.2,0.0,0.9,0.0,0.0,16.0,25903.0
2026-07-30T19:02:38.138Z,327.621,327.636,0.0,7.4,0.0,0.0,0.0,0.0,0.0,0.0,0.0,0.0,1.0,0.0,0.0,0.0,9.0,4.0,0.0,0.0,0.0,0.0,0.0,0.0,0.0,0.0,5.0,12.0,1.0,12.18,5.0200000000000005,2.51,1.5,0.0,0.0,0.0,133.70000000000002,0.0,0.3,0.0,-0.1,-169.60000000000002,0.0,0.0,169.60000000000002,0.0,20.9,29.0,29.0,30.0,300.0,300.0,31.6,35.800000000000004,28.9,28.1,30.0,4.95,1.99,4.97,0.16,0.0,0.0,1027.0,8228.0,0.0,0.0,0.0,0.0,0.0,1.0,0.0,0.0,0.0,0.0,0.0,-0.1,0.0,0.1,0.0,0.0,16.0,25903.0
2026-07-30T19:02:38.150Z,327.633,327.648,0.0,7.4,0.0,0.0,0.0,0.0,0.0,0.0,0.0,0.0,1.0,0.0,0.0,0.0,9.0,4.0,0.0,0.0,0.0,0.0,0.0,0.0,0.0,0.0,1.0,12.0,1.0,12.18,5.0200000000000005,2.51,1.5,0.0,0.0,0.0,133.9,0.0,0.9,1.1,0.4,-169.60000000000002,0.0,0.0,169.60000000000002,0.0,20.9,29.0,29.0,30.0,300.0,300.0,31.6,35.800000000000004,28.9,28.1,30.0,4.96,2.0,4.97,0.16,0.0,0.0,1027.0,8228.0,0.0,0.0,0.0,0.0,0.0,1.0,0.0,0.0,0.0,0.0,0.0,1.6,0.0,-0.1,0.0,0.0,16.0,25903.0
2026-07-30T19:02:38.161Z,327.644,327.66,0.0,7.4,0.0,0.0,0.0,0.0,0.0,0.0,0.0,0.0,1.0,0.0,0.0,0.0,9.0,4.0,0.0,0.0,0.0,0.0,0.0,0.0,0.0,0.0,2.0,12.0,1.0,12.18,5.0200000000000005,2.51,1.5,0.0,0.0,0.0,133.9,0.0,-0.2,-0.5,-0.1,-169.60000000000002,0.0,0.0,169.60000000000002,0.0,20.9,29.0,29.0,30.0,300.0,300.0,31.6,35.800000000000004,28.9,28.1,30.0,4.96,2.0,4.96,0.15,0.0,0.0,1027.0,8228.0,0.0,0.0,0.0,0.0,0.0,1.0,0.0,0.0,0.0,0.0,0.0,-0.7000000000000001,0.0,0.0,0.0,0.0,16.0,25903.0
2026-07-30T19:02:38.174Z,327.657,327.672,0.0,7.4,0.0,0.0,0.0,0.0,0.0,0.0,0.0,0.0,1.0,0.0,0.0,0.0,9.0,4.0,0.0,0.0,0.0,0.0,0.0,0.0,0.0,0.0,3.0,12.0,1.0,12.18,5.0200000000000005,2.51,1.5,0.0,0.0,0.0,133.8,0.0,-0.2,-0.5,-0.6000000000000001,-169.60000000000002,0.0,0.0,169.60000000000002,0.0,20.9,29.0,29.0,30.0,300.0,300.0,31.6,35.800000000000004,28.9,28.1,30.0,4.95,1.99,4.97,0.15,0.0,0.0,1027.0,8228.0,0.0,0.0,0.0,0.0,0.0,1.0,0.0,0.0,0.0,0.0,0.0,-1.1,0.0,0.4,0.0,0.0,16.0,25903.0
2026-07-30T19:02:38.186Z,327.669,327.684,0.0,7.4,0.0,0.0,0.0,0.0,0.0,0.0,0.0,0.0,1.0,0.0,0.0,0.0,9.0,4.0,0.0,0.0,0.0,0.0,0.0,0.0,0.0,0.0,5.0,12.0,1.0,12.18,5.0200000000000005,2.51,1.5,0.0,0.0,0.0,133.70000000000002,0.0,-0.8,-0.5,-0.6000000000000001,-169.60000000000002,0.0,0.0,169.60000000000002,0.0,20.9,29.0,29.0,30.0,300.0,300.0,31.6,35.800000000000004,28.9,28.1,30.0,4.95,1.99,4.96,0.16,0.0,0.0,1027.0,8228.0,0.0,0.0,0.0,0.0,0.0,1.0,0.0,0.0,0.0,0.0,0.0,-1.1,0.0,0.5,0.0,0.0,16.0,25903.0
2026-07-30T19:02:38.198Z,327.681,327.696,0.0,7.4,0.0,0.0,0.0,0.0,0.0,0.0,0.0,0.0,1.0,0.0,0.0,0.0,9.0,4.0,0.0,0.0,0.0,0.0,0.0,0.0,0.0,0.0,6.0,12.0,1.0,12.18,5.0200000000000005,2.51,1.5,0.0,0.0,0.0,133.6,0.0,0.2,1.2000000000000002,-0.1,-169.60000000000002,0.0,0.0,169.60000000000002,0.0,20.9,29.0,29.0,30.0,300.0,300.0,31.6,35.800000000000004,28.9,28.1,30.0,4.96,2.0,4.96,0.16,0.0,0.0,1027.0,8228.0,0.0,0.0,0.0,0.0,0.0,1.0,0.0,0.0,0.0,0.0,0.0,1.2000000000000002,0.0,0.3,0.0,0.0,16.0,25903.0
2026-07-30T19:02:38.211Z,327.694,327.708,0.0,7.4,0.0,0.0,0.0,0.0,0.0,0.0,0.0,0.0,1.0,0.0,0.0,0.0,9.0,4.0,0.0,0.0,0.0,0.0,0.0,0.0,0.0,0.0,1.0,12.0,1.0,12.17,5.0,2.5,1.49,0.0,0.0,0.0,133.5,0.0,-0.2,-1.1,-0.1,-169.60000000000002,0.0,0.0,169.60000000000002,0.0,21.8,29.0,29.0,30.0,300.0,300.0,31.6,35.800000000000004,28.9,28.1,30.0,4.95,2.0,4.96,0.16,0.0,0.0,1027.0,8228.0,0.0,0.0,0.0,0.0,0.0,1.0,0.0,0.0,0.0,0.0,0.0,-1.3,0.0,-0.1,0.0,0.0,16.0,25903.0
2026-07-30T19:02:38.222Z,327.705,327.72,0.0,7.4,0.0,0.0,0.0,0.0,0.0,0.0,0.0,0.0,1.0,0.0,0.0,0.0,9.0,4.0,0.0,0.0,0.0,0.0,0.0,0.0,0.0,0.0,2.0,12.0,1.0,12.17,5.0,2.5,1.49,0.0,0.0,0.0,133.3,0.0,0.8,1.2000000000000002,2.1,-169.60000000000002,0.0,0.0,169.60000000000002,0.0,21.8,29.0,29.0,30.0,300.0,300.0,31.6,35.800000000000004,28.9,28.1,30.0,4.95,1.99,4.96,0.16,0.0,0.0,1027.0,8228.0,0.0,0.0,0.0,0.0,0.0,1.0,0.0,0.0,0.0,0.0,0.0,-0.6000000000000001,0.0,0.0,0.0,0.0,16.0,25903.0
2026-07-30T19:02:38.234Z,327.717,327.732,0.0,7.4,0.0,0.0,0.0,0.0,0.0,0.0,0.0,0.0,1.0,0.0,0.0,0.0,9.0,4.0,0.0,0.0,0.0,0.0,0.0,0.0,0.0,0.0,4.0,12.0,1.0,12.17,5.0,2.5,1.49,0.0,0.0,0.0,133.3,0.0,-0.2,1.2000000000000002,-1.2000000000000002,-169.60000000000002,0.0,0.0,169.60000000000002,0.0,21.8,29.0,29.0,30.0,300.0,300.0,31.6,35.800000000000004,28.9,28.1,30.0,4.95,1.99,4.96,0.16,0.0,0.0,1027.0,8228.0,0.0,0.0,0.0,0.0,0.0,1.0,0.0,0.0,0.0,0.0,0.0,-0.2,0.0,-0.5,0.0,0.0,16.0,25903.0
2026-07-30T19:02:38.246Z,327.729,327.744,0.0,7.4,0.0,0.0,0.0,0.0,0.0,0.0,0.0,0.0,1.0,0.0,0.0,0.0,9.0,4.0,0.0,0.0,0.0,0.0,0.0,0.0,0.0,0.0,5.0,12.0,1.0,12.17,5.0,2.5,1.49,0.0,0.0,0.0,133.1,0.0,0.9,1.2000000000000002,0.5,-169.60000000000002,0.0,0.0,169.60000000000002,0.0,21.8,29.0,29.0,30.0,300.0,300.0,31.6,35.800000000000004,28.9,28.1,30.0,4.96,1.99,4.96,0.16,0.0,0.0,1027.0,8228.0,0.0,0.0,0.0,0.0,0.0,1.0,0.0,0.0,0.0,0.0,0.0,-1.0,0.0,0.4,0.0,0.0,16.0,25903.0
2026-07-30T19:02:38.258Z,327.741,327.75600000000003,0.0,7.4,0.0,0.0,0.0,0.0,0.0,0.0,0.0,0.0,1.0,0.0,0.0,0.0,9.0,4.0,0.0,0.0,0.0,0.0,0.0,0.0,0.0,0.0,5.0,12.0,1.0,12.17,5.0,2.5,1.49,0.0,0.1,0.0,133.0,0.0,0.3,-0.4,0.5,-169.60000000000002,0.0,0.0,169.60000000000002,0.0,21.8,29.0,29.0,30.0,300.0,300.0,31.6,35.800000000000004,28.9,28.1,30.0,4.95,1.99,4.96,0.16,0.0,0.0,1027.0,8228.0,0.0,0.0,0.0,0.0,0.0,1.0,0.0,0.0,0.0,0.0,0.0,-0.1,0.0,-0.5,0.0,0.0,16.0,25903.0
2026-07-30T19:02:38.270Z,327.753,327.76800000000003,0.0,7.4,0.0,0.0,0.0,0.0,0.0,0.0,0.0,0.0,1.0,0.0,0.0,0.0,9.0,4.0,0.0,0.0,0.0,0.0,0.0,0.0,0.0,0.0,1.0,12.0,1.0,12.17,5.0,2.5,1.49,0.0,0.0,0.0,132.9,0.0,0.3,0.1,1.6,-169.60000000000002,0.0,0.0,169.60000000000002,0.0,21.8,29.0,29.0,30.0,300.0,300.0,31.6,35.800000000000004,28.9,28.1,30.0,4.96,1.99,4.97,0.16,0.0,0.0,1027.0,8228.0,0.0,0.0,0.0,0.0,0.0,1.0,0.0,0.0,0.0,0.0,0.0,1.3,0.0,-1.4,0.0,0.0,16.0,25903.0
2026-07-30T19:02:38.282Z,327.765,327.78000000000003,0.0,7.4,0.0,0.0,0.0,0.0,0.0,0.0,0.0,0.0,1.0,0.0,0.0,0.0,9.0,4.0,0.0,0.0,0.0,0.0,0.0,0.0,0.0,0.0,2.0,12.0,1.0,12.17,5.0,2.5,1.49,0.0,0.0,0.0,132.8,0.0,-0.8,0.1,0.4,-169.60000000000002,0.0,0.0,169.70000000000002,0.0,21.8,29.0,29.0,30.0,300.0,300.0,31.6,35.800000000000004,28.9,28.1,30.0,4.96,2.0,4.96,0.16,0.0,0.0,1027.0,8228.0,0.0,0.0,0.0,0.0,0.0,1.0,0.0,0.0,0.0,0.0,0.0,0.5,0.0,-0.4,0.0,0.0,16.0,25903.0
2026-07-30T19:02:38.295Z,327.778,327.79200000000003,0.0,7.4,0.0,0.0,0.0,0.0,0.0,0.0,0.0,0.0,1.0,0.0,0.0,0.0,9.0,4.0,0.0,0.0,0.0,0.0,0.0,0.0,0.0,0.0,2.0,12.0,1.0,12.17,5.0,2.5,1.49,0.0,0.1,0.0,132.70000000000002,0.0,-0.2,0.0,1.0,-169.60000000000002,0.0,0.0,169.60000000000002,0.0,21.8,29.0,29.0,30.0,300.0,300.0,31.6,35.800000000000004,28.9,28.1,30.0,4.95,1.99,4.96,0.16,0.0,0.0,1027.0,8228.0,0.0,0.0,0.0,0.0,0.0,1.0,0.0,0.0,0.0,0.0,0.0,0.8,0.0,-0.9,0.0,0.0,16.0,25903.0
2026-07-30T19:02:38.306Z,327.789,327.80400000000003,0.0,7.4,0.0,0.0,0.0,0.0,0.0,0.0,0.0,0.0,1.0,0.0,0.0,0.0,9.0,4.0,0.0,0.0,0.0,0.0,0.0,0.0,0.0,0.0,3.0,12.0,1.0,12.17,5.0,2.5,1.49,0.0,0.0,0.0,132.6,0.0,0.3,-0.5,-0.1,-169.60000000000002,0.0,0.0,169.60000000000002,0.0,21.8,29.0,29.0,30.0,300.0,300.0,31.6,35.800000000000004,28.9,28.1,30.0,4.96,1.99,4.97,0.16,0.0,0.0,1027.0,8228.0,0.0,0.0,0.0,0.0,0.0,1.0,0.0,0.0,0.0,0.0,0.0,-0.6000000000000001,0.0,0.0,0.0,0.0,16.0,25903.0
2026-07-30T19:02:38.318Z,327.801,327.81600000000003,0.0,7.4,0.0,0.0,0.0,0.0,0.0,0.0,0.0,0.0,1.0,0.0,0.0,0.0,9.0,4.0,0.0,0.0,0.0,0.0,0.0,0.0,0.0,0.0,4.0,12.0,1.0,12.18,5.0200000000000005,2.5,1.49,0.0,0.0,0.0,132.5,0.0,0.3,-1.1,-1.2000000000000002,-169.60000000000002,0.0,0.0,169.60000000000002,0.0,21.700000000000003,29.0,29.0,30.0,300.0,300.0,31.700000000000003,35.800000000000004,28.9,28.1,30.0,4.96,1.99,4.96,0.16,0.0,0.0,1027.0,8228.0,0.0,0.0,0.0,0.0,0.0,1.0,0.0,0.0,0.0,0.0,0.0,-2.2,0.0,0.8,0.0,0.0,16.0,25903.0
2026-07-30T19:02:38.330Z,327.813,327.82800000000003,0.0,7.4,0.0,0.0,0.0,0.0,0.0,0.0,0.0,0.0,1.0,0.0,0.0,0.0,9.0,4.0,0.0,0.0,0.0,0.0,0.0,0.0,0.0,0.0,6.0,12.0,1.0,12.18,5.0200000000000005,2.5,1.49,0.0,0.0,0.0,132.4,0.0,0.2,0.6000000000000001,-0.6000000000000001,-169.60000000000002,0.0,0.0,169.60000000000002,0.0,21.700000000000003,29.0,29.0,30.0,300.0,300.0,31.700000000000003,35.800000000000004,28.9,28.1,30.0,4.96,1.99,4.97,0.16,0.0,0.0,1027.0,8228.0,0.0,0.0,0.0,0.0,0.0,1.0,0.0,0.0,0.0,0.0,0.0,0.2,0.0,0.7000000000000001,0.0,0.0,16.0,25903.0
2026-07-30T19:02:38.342Z,327.825,327.84000000000003,0.0,7.4,0.0,0.0,0.0,0.0,0.0,0.0,0.0,0.0,1.0,0.0,0.0,0.0,9.0,4.0,0.0,0.0,0.0,0.0,0.0,0.0,0.0,0.0,1.0,12.0,1.0,12.18,5.0200000000000005,2.5,1.49,0.0,0.0,0.0,132.3,0.0,0.2,0.6000000000000001,-0.6000000000000001,-169.60000000000002,0.0,0.0,169.60000000000002,0.0,21.700000000000003,29.0,29.0,30.0,300.0,300.0,31.700000000000003,35.800000000000004,28.9,28.1,30.0,4.95,1.99,4.97,0.16,0.0,0.0,1027.0,8228.0,0.0,0.0,0.0,0.0,0.0,1.0,0.0,0.0,0.0,0.0,0.0,0.1,0.0,0.7000000000000001,0.0,0.0,16.0,25903.0
2026-07-30T19:02:38.354Z,327.837,327.85200000000003,0.0,7.4,0.0,0.0,0.0,0.0,0.0,0.0,0.0,0.0,1.0,0.0,0.0,0.0,9.0,4.0,0.0,0.0,0.0,0.0,0.0,0.0,0.0,0.0,2.0,12.0,1.0,12.18,5.0200000000000005,2.5,1.49,0.0,0.1,0.0,132.1,0.0,0.2,0.0,1.0,-169.60000000000002,0.0,0.0,169.60000000000002,0.0,21.700000000000003,29.0,29.0,30.0,300.0,300.0,31.700000000000003,35.800000000000004,28.9,28.1,30.0,4.96,1.99,4.97,0.16,0.0,0.0,1027.0,8228.0,0.0,0.0,0.0,0.0,0.0,1.0,0.0,0.0,0.0,0.0,0.0,0.8,0.0,-0.9,0.0,0.0,16.0,25903.0
2026-07-30T19:02:38.366Z,327.849,327.86400000000003,0.0,7.4,0.0,0.0,0.0,0.0,0.0,0.0,0.0,0.0,1.0,0.0,0.0,0.0,9.0,4.0,0.0,0.0,0.0,0.0,0.0,0.0,0.0,0.0,4.0,12.0,1.0,12.18,5.0200000000000005,2.5,1.49,0.0,0.0,0.0,132.1,0.0,-0.2,-0.5,1.0,-169.60000000000002,0.0,0.0,169.60000000000002,0.0,21.700000000000003,29.0,29.0,30.0,300.0,300.0,31.700000000000003,35.800000000000004,28.9,28.1,30.0,4.95,1.99,4.96,0.16,0.0,0.0,1027.0,8228.0,0.0,0.0,0.0,0.0,0.0,1.0,0.0,0.0,0.0,0.0,0.0,0.1,0.0,-1.0,0.0,0.0,16.0,25903.0
2026-07-30T19:02:38.378Z,327.861,327.87600000000003,0.0,7.4,0.0,0.0,0.0,0.0,0.0,0.0,0.0,0.0,1.0,0.0,0.0,0.0,9.0,4.0,0.0,0.0,0.0,0.0,0.0,0.0,0.0,0.0,6.0,12.0,1.0,12.18,5.0200000000000005,2.5,1.49,0.0,0.0,0.0,131.9,0.0,-0.2,0.6000000000000001,0.5,-169.60000000000002,0.0,0.0,169.60000000000002,0.0,21.700000000000003,29.0,29.0,30.0,300.0,300.0,31.700000000000003,35.800000000000004,28.9,28.1,30.0,4.95,1.99,4.97,0.16,0.0,0.0,1027.0,8228.0,0.0,0.0,0.0,0.0,0.0,1.0,0.0,0.0,0.0,0.0,0.0,1.1,0.0,-0.3,0.0,0.0,16.0,25903.0
2026-07-30T19:02:38.390Z,327.873,327.88800000000003,0.0,7.4,0.0,0.0,0.0,0.0,0.0,0.0,0.0,0.0,1.0,0.0,0.0,0.0,9.0,4.0,0.0,0.0,0.0,0.0,0.0,0.0,0.0,0.0,1.0,12.0,1.0,12.18,5.0200000000000005,2.5,1.49,0.0,0.1,0.0,131.8,0.0,0.3,0.0,-1.2000000000000002,-169.60000000000002,0.0,0.0,169.70000000000002,0.0,21.700000000000003,29.0,29.0,30.0,300.0,300.0,31.700000000000003,35.800000000000004,28.9,28.1,30.0,4.95,1.99,4.97,0.16,0.0,0.0,1027.0,8228.0,0.0,0.0,0.0,0.0,0.0,1.0,0.0,0.0,0.0,0.0,0.0,-0.8,0.0,1.1,0.0,0.0,16.0,25903.0
2026-07-30T19:02:38.402Z,327.885,327.90000000000003,0.0,7.4,0.0,0.0,0.0,0.0,0.0,0.0,0.0,0.0,1.0,0.0,0.0,0.0,9.0,4.0,0.0,0.0,0.0,0.0,0.0,0.0,0.0,0.0,3.0,12.0,1.0,12.18,5.0200000000000005,2.5,1.49,0.0,0.0,0.0,131.8,0.0,-0.2,-0.4,-0.6000000000000001,-169.60000000000002,0.0,0.0,169.60000000000002,0.0,21.700000000000003,29.0,29.0,30.0,300.0,300.0,31.700000000000003,35.800000000000004,28.9,28.1,30.0,4.95,1.99,4.96,0.16,0.0,0.0,1027.0,8228.0,0.0,0.0,0.0,0.0,0.0,1.0,0.0,0.0,0.0,0.0,0.0,-1.0,0.0,0.4,0.0,0.0,16.0,25903.0
2026-07-30T19:02:38.414Z,327.897,327.91200000000003,0.0,7.4,0.0,0.0,0.0,0.0,0.0,0.0,0.0,0.0,1.0,0.0,0.0,0.0,9.0,4.0,0.0,0.0,0.0,0.0,0.0,0.0,0.0,0.0,4.0,12.0,1.0,12.15,5.0200000000000005,2.5,1.49,0.0,0.1,0.0,131.6,0.0,-0.8,0.0,0.4,-169.60000000000002,0.0,0.0,169.60000000000002,0.0,21.4,29.0,29.0,30.0,300.0,300.0,31.700000000000003,35.800000000000004,28.9,28.1,30.0,4.95,1.99,4.97,0.16,0.0,0.0,1027.0,8228.0,0.0,0.0,0.0,0.0,0.0,1.0,0.0,0.0,0.0,0.0,0.0,0.4,0.0,-0.4,0.0,0.0,16.0,25903.0
2026-07-30T19:02:38.426Z,327.909,327.92400000000004,0.0,7.4,0.0,0.0,0.0,0.0,0.0,0.0,0.0,0.0,1.0,0.0,0.0,0.0,9.0,4.0,0.0,0.0,0.0,0.0,0.0,0.0,0.0,0.0,5.0,12.0,1.0,12.15,5.0200000000000005,2.5,1.49,0.0,0.0,0.0,131.6,0.0,0.3,0.6000000000000001,-0.7000000000000001,-169.60000000000002,0.0,0.0,169.60000000000002,0.0,21.4,29.0,29.0,30.0,300.0,300.0,31.700000000000003,35.800000000000004,28.9,28.1,30.0,4.95,1.99,4.97,0.16,0.0,0.0,1027.0,8228.0,0.0,0.0,0.0,0.0,0.0,1.0,0.0,0.0,0.0,0.0,0.0,0.2,0.0,0.7000000000000001,0.0,0.0,16.0,25903.0
2026-07-30T19:02:38.438Z,327.921,327.936,0.0,7.4,0.0,0.0,0.0,0.0,0.0,0.0,0.0,0.0,1.0,0.0,0.0,0.0,9.0,4.0,0.0,0.0,0.0,0.0,0.0,0.0,0.0,0.0,6.0,12.0,1.0,12.15,5.0200000000000005,2.5,1.49,0.0,0.0,0.0,131.4,0.0,-0.2,1.2000000000000002,0.4,-169.60000000000002,0.0,0.0,169.60000000000002,0.0,21.4,29.0,29.0,30.0,300.0,300.0,31.700000000000003,35.800000000000004,28.9,28.1,30.0,4.96,1.99,4.97,0.16,0.0,0.0,1027.0,8228.0,0.0,0.0,0.0,0.0,0.0,1.0,0.0,0.0,0.0,0.0,0.0,1.7000000000000002,0.0,-0.1,0.0,0.0,16.0,25903.0
2026-07-30T19:02:38.450Z,327.933,327.948,0.0,7.4,0.0,0.0,0.0,0.0,0.0,0.0,0.0,0.0,1.0,0.0,0.0,0.0,9.0,4.0,0.0,0.0,0.0,0.0,0.0,0.0,0.0,0.0,2.0,12.0,1.0,12.15,5.0200000000000005,2.5,1.49,0.0,0.0,0.0,131.4,0.0,0.3,-0.5,1.0,-169.60000000000002,0.0,0.0,169.60000000000002,0.0,21.4,29.0,29.0,30.0,300.0,300.0,31.700000000000003,35.800000000000004,28.9,28.1,30.0,4.96,1.99,4.96,0.16,0.0,0.0,1027.0,8228.0,0.0,0.0,0.0,0.0,0.0,1.0,0.0,0.0,0.0,0.0,0.0,0.1,0.0,-0.9,0.0,0.0,16.0,25903.0
2026-07-30T19:02:38.462Z,327.945,327.96,0.0,7.4,0.0,0.0,0.0,0.0,0.0,0.0,0.0,0.0,1.0,0.0,0.0,0.0,9.0,4.0,0.0,0.0,0.0,0.0,0.0,0.0,0.0,0.0,3.0,12.0,1.0,12.15,5.0200000000000005,2.5,1.49,0.0,0.0,0.0,131.20000000000002,0.0,0.3,-1.1,1.0,-169.60000000000002,0.0,0.0,169.60000000000002,0.0,21.4,29.0,29.0,30.0,300.0,300.0,31.700000000000003,35.800000000000004,28.9,28.1,30.0,4.95,1.99,4.97,0.16,0.0,0.0,1027.0,8228.0,0.0,0.0,0.0,0.0,0.0,1.0,0.0,0.0,0.0,0.0,0.0,-0.5,0.0,-1.1,0.0,0.0,16.0,25903.0
2026-07-30T19:02:38.473Z,327.956,327.972,0.0,7.4,0.0,0.0,0.0,0.0,0.0,0.0,0.0,0.0,1.0,0.0,0.0,0.0,9.0,4.0,0.0,0.0,0.0,0.0,0.0,0.0,0.0,0.0,5.0,12.0,1.0,12.15,5.0200000000000005,2.5,1.49,0.0,0.0,0.0,131.1,0.0,0.9,1.2000000000000002,1.0,-169.60000000000002,0.0,0.0,169.60000000000002,0.0,21.4,29.0,29.0,30.0,300.0,300.0,31.700000000000003,35.800000000000004,28.9,28.1,30.0,4.95,1.99,4.96,0.16,0.0,0.0,1027.0,8228.0,0.0,0.0,0.0,0.0,0.0,1.0,0.0,0.0,0.0,0.0,0.0,2.1,0.0,-0.6000000000000001,0.0,0.0,16.0,25903.0
2026-07-30T19:02:38.486Z,327.969,327.984,0.0,7.4,0.0,0.0,0.0,0.0,0.0,0.0,0.0,0.0,1.0,0.0,0.0,0.0,9.0,4.0,0.0,0.0,0.0,0.0,0.0,0.0,0.0,0.0,1.0,12.0,1.0,12.15,5.0200000000000005,2.5,1.49,0.0,0.0,0.0,131.0,0.0,0.3,1.8,-0.1,-169.60000000000002,0.0,0.0,169.60000000000002,0.0,21.4,29.0,29.0,30.0,300.0,300.0,31.700000000000003,35.800000000000004,28.9,28.1,30.0,4.95,1.99,4.96,0.16,0.0,0.0,1027.0,8228.0,0.0,0.0,0.0,0.0,0.0,1.0,0.0,0.0,0.0,0.0,0.0,1.9,0.0,0.5,0.0,0.0,16.0,25903.0
2026-07-30T19:02:38.498Z,327.981,327.996,0.0,7.4,0.0,0.0,0.0,0.0,0.0,0.0,0.0,0.0,1.0,0.0,0.0,0.0,9.0,4.0,0.0,0.0,0.0,0.0,0.0,0.0,0.0,0.0,2.0,12.0,1.0,12.15,5.0200000000000005,2.5,1.49,0.0,0.0,0.0,130.9,0.0,-0.7000000000000001,-1.1,-0.7000000000000001,-169.60000000000002,0.0,0.0,169.60000000000002,0.0,21.4,29.0,29.0,30.0,300.0,300.0,31.700000000000003,35.800000000000004,28.9,28.1,30.0,4.95,1.99,4.97,0.16,0.0,0.0,1027.0,8228.0,0.0,0.0,0.0,0.0,0.0,1.0,0.0,0.0,0.0,0.0,0.0,-1.8,0.0,0.4,0.0,0.0,16.0,25903.0
2026-07-30T19:02:38.510Z,327.993,328.008,0.0,7.4,0.0,0.0,0.0,0.0,0.0,0.0,0.0,0.0,1.0,0.0,0.0,0.0,9.0,4.0,0.0,0.0,0.0,0.0,0.0,0.0,0.0,0.0,4.0,12.0,1.0,12.15,5.0200000000000005,2.5,1.49,0.0,0.1,0.0,130.8,0.0,0.4,-0.5,1.0,-169.60000000000002,0.0,0.0,169.60000000000002,0.0,21.4,29.0,29.0,30.0,300.0,300.0,31.700000000000003,35.800000000000004,28.9,28.1,30.0,4.96,1.99,4.96,0.16,0.0,0.0,1027.0,8228.0,0.0,0.0,0.0,0.0,0.0,1.0,0.0,0.0,0.0,0.0,0.0,0.1,0.0,-1.0,0.0,0.0,16.0,25903.0
2026-07-30T19:02:38.522Z,328.005,328.02,0.0,7.4,0.0,0.0,0.0,0.0,0.0,0.0,0.0,0.0,1.0,0.0,0.0,0.0,9.0,4.0,0.0,0.0,0.0,0.0,0.0,0.0,0.0,0.0,5.0,12.0,1.0,12.17,5.01,2.51,1.49,0.0,0.0,0.0,130.6,0.0,-0.1,0.0,0.4,-169.60000000000002,0.0,0.0,169.60000000000002,0.0,21.3,29.0,29.0,30.0,300.0,300.0,31.700000000000003,35.9,28.9,28.1,30.0,4.96,1.99,4.97,0.16,0.0,0.0,1027.0,8228.0,0.0,0.0,0.0,0.0,0.0,1.0,0.0,0.0,0.0,0.0,0.0,0.4,0.0,-0.3,0.0,0.0,16.0,25903.0
2026-07-30T19:02:38.534Z,328.017,328.032,0.0,7.4,0.0,0.0,0.0,0.0,0.0,0.0,0.0,0.0,1.0,0.0,0.0,0.0,9.0,4.0,0.0,0.0,0.0,0.0,0.0,0.0,0.0,0.0,1.0,12.0,1.0,12.17,5.01,2.51,1.49,0.0,0.0,0.0,130.6,0.0,0.4,0.0,-0.1,-169.60000000000002,0.0,0.0,169.70000000000002,0.0,21.3,29.0,29.0,30.0,300.0,300.0,31.700000000000003,35.9,28.9,28.1,30.0,4.95,1.99,4.97,0.16,0.0,0.0,1027.0,8228.0,0.0,0.0,0.0,0.0,0.0,1.0,0.0,0.0,0.0,0.0,0.0,0.0,0.0,0.1,0.0,0.0,16.0,25903.0
2026-07-30T19:02:38.546Z,328.029,328.044,0.0,7.4,0.0,0.0,0.0,0.0,0.0,0.0,0.0,0.0,1.0,0.0,0.0,0.0,9.0,4.0,0.0,0.0,0.0,0.0,0.0,0.0,0.0,0.0,2.0,12.0,1.0,12.17,5.01,2.51,1.49,0.0,0.0,0.0,130.5,0.0,-0.1,-0.5,-0.6000000000000001,-169.60000000000002,0.0,0.0,169.60000000000002,0.0,21.3,29.0,29.0,30.0,300.0,300.0,31.700000000000003,35.9,28.9,28.1,30.0,4.96,1.99,4.97,0.16,0.0,0.0,1027.0,8228.0,0.0,0.0,0.0,0.0,0.0,1.0,0.0,0.0,0.0,0.0,0.0,-1.1,0.0,0.4,0.0,0.0,16.0,25903.0
2026-07-30T19:02:38.558Z,328.041,328.056,0.0,7.4,0.0,0.0,0.0,0.0,0.0,0.0,0.0,0.0,1.0,0.0,0.0,0.0,9.0,4.0,0.0,0.0,0.0,0.0,0.0,0.0,0.0,0.0,4.0,12.0,1.0,12.17,5.01,2.51,1.49,0.0,0.0,0.0,130.3,0.0,-0.1,-0.5,-0.1,-169.60000000000002,0.0,0.0,169.70000000000002,0.0,21.3,29.0,29.0,30.0,300.0,300.0,31.700000000000003,35.9,28.9,28.1,30.0,4.95,1.99,4.96,0.16,0.0,0.0,1027.0,8228.0,0.0,0.0,0.0,0.0,0.0,1.0,0.0,0.0,0.0,0.0,0.0,-0.6000000000000001,0.0,0.0,0.0,0.0,16.0,25903.0
2026-07-30T19:02:38.570Z,328.053,328.068,0.0,7.4,0.0,0.0,0.0,0.0,0.0,0.0,0.0,0.0,1.0,0.0,0.0,0.0,9.0,4.0,0.0,0.0,0.0,0.0,0.0,0.0,0.0,0.0,5.0,12.0,1.0,12.17,5.01,2.51,1.49,0.0,0.0,0.0,130.3,0.0,0.9,0.0,0.0,-169.60000000000002,0.0,0.0,169.60000000000002,0.0,21.3,29.0,29.0,30.0,300.0,300.0,31.700000000000003,35.9,28.9,28.1,30.0,4.95,1.99,4.97,0.16,0.0,0.0,1027.0,8228.0,0.0,0.0,0.0,0.0,0.0,1.0,0.0,0.0,0.0,0.0,0.0,0.0,0.0,0.0,0.0,0.0,16.0,25903.0
2026-07-30T19:02:38.582Z,328.065,328.08,0.0,7.4,0.0,0.0,0.0,0.0,0.0,0.0,0.0,0.0,1.0,0.0,0.0,0.0,9.0,4.0,0.0,0.0,0.0,0.0,0.0,0.0,0.0,0.0,1.0,12.0,1.0,12.17,5.01,2.51,1.49,0.0,0.0,0.0,130.1,0.0,-0.1,1.2000000000000002,1.1,-169.60000000000002,0.0,0.0,169.70000000000002,0.0,21.3,29.0,29.0,30.0,300.0,300.0,31.700000000000003,35.9,28.9,28.1,30.0,4.95,1.99,4.97,0.16,0.0,0.0,1027.0,8228.0,0.0,0.0,0.0,0.0,0.0,1.0,0.0,0.0,0.0,0.0,0.0,2.2,0.0,-0.7000000000000001,0.0,0.0,16.0,25903.0
2026-07-30T19:02:38.594Z,328.077,328.092,0.0,7.4,0.0,0.0,0.0,0.0,0.0,0.0,0.0,0.0,1.0,0.0,0.0,0.0,9.0,4.0,0.0,0.0,0.0,0.0,0.0,0.0,0.0,0.0,2.0,12.0,1.0,12.17,5.01,2.51,1.49,0.0,0.1,0.0,130.1,0.0,-0.8,-1.6,0.0,-169.60000000000002,0.0,0.0,169.60000000000002,0.0,21.3,29.0,29.0,30.0,300.0,300.0,31.700000000000003,35.9,28.9,28.1,30.0,4.96,1.99,4.96,0.16,0.0,0.0,1027.0,8228.0,0.0,0.0,0.0,0.0,0.0,1.0,0.0,0.0,0.0,0.0,0.0,-1.9,0.0,-0.2,0.0,0.0,16.0,25903.0
2026-07-30T19:02:38.606Z,328.089,328.104,0.0,7.4,0.0,0.0,0.0,0.0,0.0,0.0,0.0,0.0,1.0,0.0,0.0,0.0,9.0,4.0,0.0,0.0,0.0,0.0,0.0,0.0,0.0,0.0,4.0,12.0,1.0,12.17,5.01,2.51,1.49,0.0,0.1,0.0,130.3,0.0,-0.2,0.0,0.0,-169.60000000000002,0.0,0.0,169.70000000000002,0.0,21.3,29.0,29.0,30.0,300.0,300.0,31.700000000000003,35.9,28.9,28.1,30.0,4.95,1.99,4.96,0.16,0.0,0.0,1027.0,8228.0,0.0,0.0,0.0,0.0,0.0,1.0,0.0,0.0,0.0,0.0,0.0,0.0,0.0,0.0,0.0,0.0,16.0,25903.0
2026-07-30T19:02:38.619Z,328.102,328.116,0.0,7.4,0.0,0.0,0.0,0.0,0.0,0.0,0.0,0.0,1.0,0.0,0.0,0.0,9.0,4.0,0.0,0.0,0.0,0.0,0.0,0.0,0.0,0.0,5.0,12.0,1.0,12.17,5.01,2.51,1.49,0.0,0.0,0.0,130.5,0.0,-0.7000000000000001,-0.5,-0.6000000000000001,-169.60000000000002,0.0,0.0,169.8,0.0,21.200000000000003,29.0,29.0,30.0,300.0,300.0,31.6,35.800000000000004,28.9,28.1,30.0,4.95,1.99,4.97,0.16,0.0,0.0,1027.0,8228.0,0.0,0.0,0.0,0.0,0.0,1.0,0.0,0.0,0.0,0.0,0.0,-1.0,0.0,0.4,0.0,0.0,16.0,25903.0
2026-07-30T19:02:38.630Z,328.113,328.128,0.0,7.4,0.0,0.0,0.0,0.0,0.0,0.0,0.0,0.0,1.0,0.0,0.0,0.0,9.0,4.0,0.0,0.0,0.0,0.0,0.0,0.0,0.0,0.0,1.0,12.0,1.0,12.17,5.01,2.51,1.49,0.0,0.0,0.0,130.6,0.0,0.9,0.6000000000000001,-0.1,-169.60000000000002,0.0,0.0,169.8,0.0,21.200000000000003,29.0,29.0,30.0,300.0,300.0,31.6,35.800000000000004,28.9,28.1,30.0,4.95,2.0,4.97,0.16,0.0,0.0,1027.0,8228.0,0.0,0.0,0.0,0.0,0.0,1.0,0.0,0.0,0.0,0.0,0.0,0.6000000000000001,0.0,0.2,0.0,0.0,16.0,25903.0
2026-07-30T19:02:38.642Z,328.125,328.14,0.0,7.4,0.0,0.0,0.0,0.0,0.0,0.0,0.0,0.0,1.0,0.0,0.0,0.0,9.0,4.0,0.0,0.0,0.0,0.0,0.0,0.0,0.0,0.0,3.0,12.0,1.0,12.17,5.01,2.51,1.49,0.0,0.0,0.0,130.8,0.0,-0.1,-0.5,-0.6000000000000001,-169.60000000000002,0.0,0.0,169.70000000000002,0.0,21.200000000000003,29.0,29.0,30.0,300.0,300.0,31.6,35.800000000000004,28.9,28.1,30.0,4.96,2.0,4.96,0.16,0.0,0.0,1027.0,8228.0,0.0,0.0,0.0,0.0,0.0,1.0,0.0,0.0,0.0,0.0,0.0,-1.0,0.0,0.4,0.0,0.0,16.0,25903.0
2026-07-30T19:02:38.653Z,328.136,328.152,0.0,7.4,0.0,0.0,0.0,0.0,0.0,0.0,0.0,0.0,1.0,0.0,0.0,0.0,9.0,4.0,0.0,0.0,0.0,0.0,0.0,0.0,0.0,0.0,4.0,12.0,1.0,12.17,5.01,2.51,1.49,0.0,0.1,0.0,131.0,0.0,-0.7000000000000001,-1.6,-0.7000000000000001,-169.60000000000002,0.0,0.0,169.8,0.0,21.200000000000003,29.0,29.0,30.0,300.0,300.0,31.6,35.800000000000004,28.9,28.1,30.0,4.95,1.99,4.97,0.16,0.0,0.0,1027.0,8228.0,0.0,0.0,0.0,0.0,0.0,1.0,0.0,0.0,0.0,0.0,0.0,-2.4000000000000004,0.0,0.3,0.0,0.0,16.0,25903.0
2026-07-30T19:02:38.667Z,328.15,328.164,0.0,7.4,0.0,0.0,0.0,0.0,0.0,0.0,0.0,0.0,1.0,0.0,0.0,0.0,9.0,4.0,0.0,0.0,0.0,0.0,0.0,0.0,0.0,0.0,5.0,12.0,1.0,12.17,5.01,2.51,1.49,0.0,0.0,0.0,131.20000000000002,0.0,-0.2,0.0,-0.1,-169.60000000000002,0.0,0.0,169.70000000000002,0.0,21.200000000000003,29.0,29.0,30.0,300.0,300.0,31.6,35.800000000000004,28.9,28.1,30.0,4.95,1.99,4.96,0.17,0.0,0.0,1027.0,8228.0,0.0,0.0,0.0,0.0,0.0,1.0,0.0,0.0,0.0,0.0,0.0,0.0,0.0,0.1,0.0,0.0,16.0,25903.0
2026-07-30T19:02:38.678Z,328.161,328.176,0.0,7.4,0.0,0.0,0.0,0.0,0.0,0.0,0.0,0.0,1.0,0.0,0.0,0.0,9.0,4.0,0.0,0.0,0.0,0.0,0.0,0.0,0.0,0.0,6.0,12.0,1.0,12.17,5.01,2.51,1.49,0.0,0.0,0.0,131.4,0.0,1.4,0.6000000000000001,1.0,-169.60000000000002,0.0,0.0,169.70000000000002,0.0,21.200000000000003,29.0,29.0,30.0,300.0,300.0,31.6,35.800000000000004,28.9,28.1,30.0,4.96,2.0,4.96,0.16,0.0,0.0,1027.0,8228.0,0.0,0.0,0.0,0.0,0.0,1.0,0.0,0.0,0.0,0.0,0.0,1.4,0.0,-0.7000000000000001,0.0,0.0,16.0,25903.0
2026-07-30T19:02:38.690Z,328.173,328.188,0.0,7.4,0.0,0.0,0.0,0.0,0.0,0.0,0.0,0.0,1.0,0.0,0.0,0.0,9.0,4.0,0.0,0.0,0.0,0.0,0.0,0.0,0.0,0.0,1.0,12.0,1.0,12.17,5.01,2.51,1.49,0.0,0.0,0.0,131.6,0.0,0.2,-0.4,0.4,-169.60000000000002,0.0,0.0,169.70000000000002,0.0,21.200000000000003,29.0,29.0,30.0,300.0,300.0,31.6,35.800000000000004,28.9,28.1,30.0,4.95,2.0,4.96,0.16,0.0,0.0,1027.0,8228.0,0.0,0.0,0.0,0.0,0.0,1.0,0.0,0.0,0.0,0.0,0.0,-0.2,0.0,-0.5,0.0,0.0,16.0,25903.0
2026-07-30T19:02:38.702Z,328.185,328.2,0.0,7.4,0.0,0.0,0.0,0.0,0.0,0.0,0.0,0.0,1.0,0.0,0.0,0.0,9.0,4.0,0.0,0.0,0.0,0.0,0.0,0.0,0.0,0.0,2.0,12.0,1.0,12.17,5.01,2.51,1.49,0.0,0.0,0.0,131.8,0.0,-0.2,-1.0,0.0,-169.60000000000002,0.0,0.0,169.70000000000002,0.0,21.200000000000003,29.0,29.0,30.0,300.0,300.0,31.6,35.800000000000004,28.9,28.1,30.0,4.96,1.99,4.97,0.16,0.0,0.0,1027.0,8228.0,0.0,0.0,0.0,0.0,0.0,1.0,0.0,0.0,0.0,0.0,0.0,-1.2000000000000002,0.0,-0.1,0.0,0.0,16.0,25903.0
2026-07-30T19:02:38.714Z,328.197,328.212,0.0,7.4,0.0,0.0,0.0,0.0,0.0,0.0,0.0,0.0,1.0,0.0,0.0,0.0,9.0,4.0,0.0,0.0,0.0,0.0,0.0,0.0,0.0,0.0,3.0,12.0,1.0,12.17,5.01,2.51,1.49,0.0,0.0,0.0,132.0,0.0,-0.3,0.0,0.5,-169.60000000000002,0.0,0.0,169.70000000000002,0.0,21.200000000000003,29.0,29.0,30.0,300.0,300.0,31.6,35.800000000000004,28.9,28.1,30.0,4.96,1.99,4.96,0.16,0.0,0.0,1027.0,8228.0,0.0,0.0,0.0,0.0,0.0,1.0,0.0,0.0,0.0,0.0,0.0,0.4,0.0,-0.4,0.0,0.0,16.0,25903.0
2026-07-30T19:02:38.726Z,328.209,328.224,0.0,7.4,0.0,0.0,0.0,0.0,0.0,0.0,0.0,0.0,1.0,0.0,0.0,0.0,9.0,4.0,0.0,0.0,0.0,0.0,0.0,0.0,0.0,0.0,5.0,12.0,1.0,12.18,5.0200000000000005,2.51,1.49,0.0,0.1,0.0,132.1,0.0,0.2,0.1,-1.2000000000000002,-169.60000000000002,0.0,0.0,169.60000000000002,0.0,21.700000000000003,29.0,29.0,30.0,300.0,300.0,31.6,35.800000000000004,28.9,28.1,30.0,4.96,2.0,4.96,0.16,0.0,0.0,1027.0,8228.0,0.0,0.0,0.0,0.0,0.0,1.0,0.0,0.0,0.0,0.0,0.0,-0.7000000000000001,0.0,1.1,0.0,0.0,16.0,25903.0
2026-07-30T19:02:38.738Z,328.221,328.236,0.0,7.4,0.0,0.0,0.0,0.0,0.0,0.0,0.0,0.0,1.0,0.0,0.0,0.0,9.0,4.0,0.0,0.0,0.0,0.0,0.0,0.0,0.0,0.0,6.0,12.0,1.0,12.18,5.0200000000000005,2.51,1.49,0.0,0.0,0.0,132.3,0.0,-0.2,-1.0,0.0,-169.60000000000002,0.0,0.0,169.60000000000002,0.0,21.700000000000003,29.0,29.0,30.0,300.0,300.0,31.6,35.800000000000004,28.9,28.1,30.0,4.95,2.0,4.97,0.16,0.0,0.0,1027.0,8228.0,0.0,0.0,0.0,0.0,0.0,1.0,0.0,0.0,0.0,0.0,0.0,-0.9,0.0,0.4,0.0,0.0,16.0,25903.0
2026-07-30T19:02:38.750Z,328.233,328.248,0.0,7.4,0.0,0.0,0.0,0.0,0.0,0.0,0.0,0.0,1.0,0.0,0.0,0.0,9.0,4.0,0.0,0.0,0.0,0.0,0.0,0.0,0.0,0.0,2.0,12.0,1.0,12.18,5.0200000000000005,2.51,1.49,0.0,0.0,0.0,132.5,0.0,0.8,0.1,0.4,-169.60000000000002,0.0,0.0,169.60000000000002,0.0,21.700000000000003,29.0,29.0,30.0,300.0,300.0,31.6,35.800000000000004,28.9,28.1,30.0,4.96,1.99,4.97,0.16,0.0,0.0,1027.0,8228.0,0.0,0.0,0.0,0.0,0.0,1.0,0.0,0.0,0.0,0.0,0.0,-1.0,0.0,-1.2000000000000002,0.0,0.0,16.0,25903.0
2026-07-30T19:02:38.762Z,328.245,328.26,0.0,7.4,0.0,0.0,0.0,0.0,0.0,0.0,0.0,0.0,1.0,0.0,0.0,0.0,9.0,4.0,0.0,0.0,0.0,0.0,0.0,0.0,0.0,0.0,3.0,12.0,1.0,12.18,5.0200000000000005,2.51,1.49,0.0,0.0,0.0,132.6,0.0,0.2,0.7000000000000001,-0.6000000000000001,-169.60000000000002,0.0,0.0,169.70000000000002,0.0,21.700000000000003,29.0,29.0,30.0,300.0,300.0,31.6,35.800000000000004,28.9,28.1,30.0,4.96,2.0,4.96,0.16,0.0,0.0,1027.0,8228.0,0.0,0.0,0.0,0.0,0.0,1.0,0.0,0.0,0.0,0.0,0.0,1.6,0.0,-0.8,0.0,0.0,16.0,25903.0
2026-07-30T19:02:38.774Z,328.257,328.272,0.0,7.4,0.0,0.0,0.0,0.0,0.0,0.0,0.0,0.0,1.0,0.0,0.0,0.0,9.0,4.0,0.0,0.0,0.0,0.0,0.0,0.0,0.0,0.0,5.0,12.0,1.0,12.18,5.0200000000000005,2.51,1.49,0.0,0.0,0.0,132.9,0.0,-0.9,0.7000000000000001,1.1,-169.60000000000002,0.0,0.0,169.60000000000002,0.0,21.700000000000003,29.0,29.0,30.0,300.0,300.0,31.6,35.800000000000004,28.9,28.1,30.0,4.95,1.99,4.96,0.16,0.0,0.0,1027.0,8228.0,0.0,0.0,0.0,0.0,0.0,1.0,0.0,0.0,0.0,0.0,0.0,1.6,0.0,-0.8,0.0,0.0,16.0,25903.0
2026-07-30T19:02:38.786Z,328.269,328.284,0.0,7.4,0.0,0.0,0.0,0.0,0.0,0.0,0.0,0.0,1.0,0.0,0.0,0.0,9.0,4.0,0.0,0.0,0.0,0.0,0.0,0.0,0.0,0.0,6.0,12.0,1.0,12.18,5.0200000000000005,2.51,1.49,0.0,0.0,0.0,133.0,0.0,-0.9,-0.4,0.0,-169.60000000000002,0.0,0.0,169.60000000000002,0.0,21.700000000000003,29.0,29.0,30.0,300.0,300.0,31.6,35.800000000000004,28.9,28.1,30.0,4.96,1.99,4.97,0.16,0.0,0.0,1027.0,8228.0,0.0,0.0,0.0,0.0,0.0,1.0,0.0,0.0,0.0,0.0,0.0,-0.5,0.0,0.0,0.0,0.0,16.0,25903.0
2026-07-30T19:02:38.798Z,328.281,328.296,0.0,7.4,0.0,0.0,0.0,0.0,0.0,0.0,0.0,0.0,1.0,0.0,0.0,0.0,9.0,4.0,0.0,0.0,0.0,0.0,0.0,0.0,0.0,0.0,2.0,12.0,1.0,12.18,5.0200000000000005,2.51,1.49,0.0,0.0,0.0,133.3,0.0,0.2,-0.5,1.1,-169.60000000000002,0.0,0.0,169.60000000000002,0.0,21.700000000000003,29.0,29.0,30.0,300.0,300.0,31.6,35.800000000000004,28.9,28.1,30.0,4.96,1.99,4.96,0.16,0.0,0.0,1027.0,8228.0,0.0,0.0,0.0,0.0,0.0,1.0,0.0,0.0,0.0,0.0,0.0,0.2,0.0,-1.1,0.0,0.0,16.0,25903.0
2026-07-30T19:02:38.810Z,328.293,328.308,0.0,7.4,0.0,0.0,0.0,0.0,0.0,0.0,0.0,0.0,1.0,0.0,0.0,0.0,9.0,4.0,0.0,0.0,0.0,0.0,0.0,0.0,0.0,0.0,3.0,12.0,1.0,12.18,5.0200000000000005,2.51,1.49,0.0,0.0,0.0,133.3,0.0,-0.2,0.0,0.0,-169.60000000000002,0.0,0.0,169.60000000000002,0.0,21.700000000000003,29.0,29.0,30.0,300.0,300.0,31.6,35.800000000000004,28.9,28.1,30.0,4.96,1.99,4.97,0.16,0.0,0.0,1027.0,8228.0,0.0,0.0,0.0,0.0,0.0,1.0,0.0,0.0,0.0,0.0,0.0,0.0,0.0,0.0,0.0,0.0,16.0,25903.0
2026-07-30T19:02:38.822Z,328.305,328.32,0.0,7.4,0.0,0.0,0.0,0.0,0.0,0.0,0.0,0.0,1.0,0.0,0.0,0.0,9.0,4.0,0.0,0.0,0.0,0.0,0.0,0.0,0.0,0.0,5.0,12.0,1.0,12.18,5.01,2.5,1.49,0.0,0.0,0.0,133.6,0.0,-0.3,0.0,0.5,-169.60000000000002,0.0,0.0,169.60000000000002,0.0,21.8,29.0,29.0,30.0,300.0,300.0,31.700000000000003,35.800000000000004,28.9,28.1,30.0,4.95,2.0,4.97,0.16,0.0,0.0,1027.0,8228.0,0.0,0.0,0.0,0.0,0.0,1.0,0.0,0.0,0.0,0.0,0.0,0.4,0.0,-0.4,0.0,0.0,16.0,25903.0
2026-07-30T19:02:38.834Z,328.317,328.332,0.0,7.4,0.0,0.0,0.0,0.0,0.0,0.0,0.0,0.0,1.0,0.0,0.0,0.0,9.0,4.0,0.0,0.0,0.0,0.0,0.0,0.0,0.0,0.0,6.0,12.0,1.0,12.18,5.01,2.5,1.49,0.0,0.0,0.0,133.8,0.0,-0.3,0.0,0.5,-169.60000000000002,0.0,0.0,169.60000000000002,0.0,21.8,29.0,29.0,30.0,300.0,300.0,31.700000000000003,35.800000000000004,28.9,28.1,30.0,4.96,2.0,4.96,0.16,0.0,0.0,1027.0,8228.0,0.0,0.0,0.0,0.0,0.0,1.0,0.0,0.0,0.0,0.0,0.0,0.4,0.0,-0.4,0.0,0.0,16.0,25903.0
2026-07-30T19:02:38.846Z,328.329,328.344,0.0,7.4,0.0,0.0,0.0,0.0,0.0,0.0,0.0,0.0,1.0,0.0,0.0,0.0,9.0,4.0,0.0,0.0,0.0,0.0,0.0,0.0,0.0,0.0,2.0,12.0,1.0,12.18,5.01,2.5,1.49,0.0,0.0,0.0,133.9,0.0,0.7000000000000001,-1.1,0.0,-169.60000000000002,0.0,0.0,169.60000000000002,0.0,21.8,29.0,29.0,30.0,300.0,300.0,31.700000000000003,35.800000000000004,28.9,28.1,30.0,4.95,1.99,4.96,0.16,0.0,0.0,1027.0,8228.0,0.0,0.0,0.0,0.0,0.0,1.0,0.0,0.0,0.0,0.0,0.0,-1.3,0.0,-0.1,0.0,0.0,16.0,25903.0
2026-07-30T19:02:38.858Z,328.341,328.356,0.0,7.4,0.0,0.0,0.0,0.0,0.0,0.0,0.0,0.0,1.0,0.0,0.0,0.0,9.0,4.0,0.0,0.0,0.0,0.0,0.0,0.0,0.0,0.0,3.0,12.0,1.0,12.18,5.01,2.5,1.49,0.0,0.0,0.0,133.8,0.0,0.7000000000000001,0.0,-0.1,-169.60000000000002,0.0,0.0,169.60000000000002,0.0,21.8,29.0,29.0,30.0,300.0,300.0,31.700000000000003,35.800000000000004,28.9,28.1,30.0,4.95,1.99,4.96,0.16,0.0,0.0,1027.0,8228.0,0.0,0.0,0.0,0.0,0.0,1.0,0.0,0.0,0.0,0.0,0.0,0.0,0.0,0.1,0.0,0.0,16.0,25903.0
2026-07-30T19:02:38.870Z,328.353,328.368,0.0,7.4,0.0,0.0,0.0,0.0,0.0,0.0,0.0,0.0,1.0,0.0,0.0,0.0,9.0,4.0,0.0,0.0,0.0,0.0,0.0,0.0,0.0,0.0,4.0,12.0,1.0,12.18,5.01,2.5,1.49,0.0,0.0,0.0,133.70000000000002,0.0,-0.3,0.0,0.0,-169.60000000000002,0.0,0.0,169.60000000000002,0.0,21.8,29.0,29.0,30.0,300.0,300.0,31.700000000000003,35.800000000000004,28.9,28.1,30.0,4.96,1.99,4.96,0.16,0.0,0.0,1027.0,8228.0,0.0,0.0,0.0,0.0,0.0,1.0,0.0,0.0,0.0,0.0,0.0,0.0,0.0,0.0,0.0,0.0,16.0,25903.0
2026-07-30T19:02:38.882Z,328.365,328.38,0.0,7.4,0.0,0.0,0.0,0.0,0.0,0.0,0.0,0.0,1.0,0.0,0.0,0.0,9.0,4.0,0.0,0.0,0.0,0.0,0.0,0.0,0.0,0.0,5.0,12.0,1.0,12.18,5.01,2.5,1.49,0.0,0.1,0.0,133.6,0.0,0.2,0.0,-0.1,-169.60000000000002,0.0,0.0,169.60000000000002,0.0,21.8,29.0,29.0,30.0,300.0,300.0,31.700000000000003,35.800000000000004,28.9,28.1,30.0,4.96,1.99,4.96,0.16,0.0,0.0,1027.0,8228.0,0.0,0.0,0.0,0.0,0.0,1.0,0.0,0.0,0.0,0.0,0.0,0.0,0.0,0.1,0.0,0.0,16.0,25903.0
2026-07-30T19:02:38.894Z,328.377,328.392,0.0,7.4,0.0,0.0,0.0,0.0,0.0,0.0,0.0,0.0,1.0,0.0,0.0,0.0,9.0,4.0,0.0,0.0,0.0,0.0,0.0,0.0,0.0,0.0,1.0,12.0,1.0,12.18,5.01,2.5,1.49,0.0,0.0,0.0,133.5,0.0,0.2,0.0,-0.6000000000000001,-169.60000000000002,0.0,0.0,169.60000000000002,0.0,21.8,29.0,29.0,30.0,300.0,300.0,31.700000000000003,35.800000000000004,28.9,28.1,30.0,4.95,1.99,4.97,0.16,0.0,0.0,1027.0,8228.0,0.0,0.0,0.0,0.0,0.0,1.0,0.0,0.0,0.0,0.0,0.0,-0.4,0.0,0.6000000000000001,0.0,0.0,16.0,25903.0
2026-07-30T19:02:38.906Z,328.389,328.404,0.0,7.4,0.0,0.0,0.0,0.0,0.0,0.0,0.0,0.0,1.0,0.0,0.0,0.0,9.0,4.0,0.0,0.0,0.0,0.0,0.0,0.0,0.0,0.0,2.0,12.0,1.0,12.18,5.01,2.5,1.49,0.0,0.1,0.0,133.3,0.0,0.2,0.0,-0.1,-169.60000000000002,0.0,0.0,169.60000000000002,0.0,21.8,29.0,29.0,30.0,300.0,300.0,31.700000000000003,35.800000000000004,28.9,28.1,30.0,4.95,1.99,4.96,0.16,0.0,0.0,1027.0,8228.0,0.0,0.0,0.0,0.0,0.0,1.0,0.0,0.0,0.0,0.0,0.0,0.0,0.0,0.1,0.0,0.0,16.0,25903.0
2026-07-30T19:02:38.918Z,328.401,328.416,0.0,7.4,0.0,0.0,0.0,0.0,0.0,0.0,0.0,0.0,1.0,0.0,0.0,0.0,9.0,4.0,0.0,0.0,0.0,0.0,0.0,0.0,0.0,0.0,4.0,12.0,1.0,12.18,5.01,2.5,1.49,0.0,0.0,0.0,133.3,0.0,0.2,1.2000000000000002,0.4,-169.60000000000002,0.0,0.0,169.70000000000002,0.0,21.8,29.0,29.0,30.0,300.0,300.0,31.700000000000003,35.800000000000004,28.9,28.1,30.0,4.96,2.0,4.96,0.16,0.0,0.0,1027.0,8228.0,0.0,0.0,0.0,0.0,0.0,1.0,0.0,0.0,0.0,0.0,0.0,1.7000000000000002,0.0,-0.1,0.0,0.0,16.0,25903.0
2026-07-30T19:02:38.930Z,328.413,328.428,0.0,7.4,0.0,0.0,0.0,0.0,0.0,0.0,0.0,0.0,1.0,0.0,0.0,0.0,9.0,4.0,0.0,0.0,0.0,0.0,0.0,0.0,0.0,0.0,5.0,12.0,1.0,12.15,5.01,2.5,1.49,0.0,0.0,0.0,133.20000000000002,0.0,0.2,-0.5,1.0,-169.60000000000002,0.0,0.0,169.60000000000002,0.0,21.9,29.0,29.0,30.0,300.0,300.0,31.700000000000003,35.9,28.9,28.1,30.0,4.95,2.0,4.96,0.16,0.0,0.0,1027.0,8228.0,0.0,0.0,0.0,0.0,0.0,1.0,0.0,0.0,0.0,0.0,0.0,0.1,0.0,-1.0,0.0,0.0,16.0,25903.0
2026-07-30T19:02:38.942Z,328.425,328.44,0.0,7.4,0.0,0.0,0.0,0.0,0.0,0.0,0.0,0.0,1.0,0.0,0.0,0.0,9.0,4.0,0.0,0.0,0.0,0.0,0.0,0.0,0.0,0.0,6.0,12.0,1.0,12.15,5.01,2.5,1.49,0.0,0.1,0.0,133.1,0.0,-0.3,-0.5,1.6,-169.60000000000002,0.0,0.0,169.60000000000002,0.0,21.9,29.0,29.0,30.0,300.0,300.0,31.700000000000003,35.9,28.9,28.1,30.0,4.96,1.99,4.97,0.16,0.0,0.0,1027.0,8228.0,0.0,0.0,0.0,0.0,0.0,1.0,0.0,0.0,0.0,0.0,0.0,0.6000000000000001,0.0,-1.5,0.0,0.0,16.0,25903.0
2026-07-30T19:02:38.954Z,328.437,328.452,0.0,7.4,0.0,0.0,0.0,0.0,0.0,0.0,0.0,0.0,1.0,0.0,0.0,0.0,9.0,4.0,0.0,0.0,0.0,0.0,0.0,0.0,0.0,0.0,1.0,12.0,1.0,12.15,5.01,2.5,1.49,0.0,0.0,0.0,132.9,0.0,0.8,0.6000000000000001,-0.1,-169.60000000000002,0.0,0.0,169.70000000000002,0.0,21.9,29.0,29.0,30.0,300.0,300.0,31.700000000000003,35.9,28.9,28.1,30.0,4.96,1.99,4.96,0.16,0.0,0.0,1027.0,8228.0,0.0,0.0,0.0,0.0,0.0,1.0,0.0,0.0,0.0,0.0,0.0,0.6000000000000001,0.0,0.2,0.0,0.0,16.0,25903.0
2026-07-30T19:02:38.966Z,328.449,328.464,0.0,7.4,0.0,0.0,0.0,0.0,0.0,0.0,0.0,0.0,1.0,0.0,0.0,0.0,9.0,4.0,0.0,0.0,0.0,0.0,0.0,0.0,0.0,0.0,3.0,12.0,1.0,12.15,5.01,2.5,1.49,0.0,0.0,0.0,132.8,0.0,-0.9,-0.5,-0.7000000000000001,-169.60000000000002,0.0,0.0,169.70000000000002,0.0,21.9,29.0,29.0,30.0,300.0,300.0,31.700000000000003,35.9,28.9,28.1,30.0,4.96,1.99,4.96,0.16,0.0,0.0,1027.0,8228.0,0.0,0.0,0.0,0.0,0.0,1.0,0.0,0.0,0.0,0.0,0.0,-1.1,0.0,0.5,0.0,0.0,16.0,25903.0
2026-07-30T19:02:38.978Z,328.461,328.476,0.0,7.4,0.0,0.0,0.0,0.0,0.0,0.0,0.0,0.0,1.0,0.0,0.0,0.0,9.0,4.0,0.0,0.0,0.0,0.0,0.0,0.0,0.0,0.0,4.0,12.0,1.0,12.15,5.01,2.5,1.49,0.0,0.0,0.0,132.70000000000002,0.0,0.8,-0.5,0.9,-169.60000000000002,0.0,0.0,169.70000000000002,0.0,21.9,29.0,29.0,30.0,300.0,300.0,31.700000000000003,35.9,28.9,28.1,30.0,4.95,1.99,4.96,0.16,0.0,0.0,1027.0,8228.0,0.0,0.0,0.0,0.0,0.0,1.0,0.0,0.0,0.0,0.0,0.0,0.0,0.0,-0.9,0.0,0.0,16.0,25903.0
2026-07-30T19:02:38.990Z,328.473,328.488,0.0,7.4,0.0,0.0,0.0,0.0,0.0,0.0,0.0,0.0,1.0,0.0,0.0,0.0,9.0,4.0,0.0,0.0,0.0,0.0,0.0,0.0,0.0,0.0,5.0,12.0,1.0,12.15,5.01,2.5,1.49,0.0,0.0,0.0,132.70000000000002,0.0,-0.3,-1.7000000000000002,-1.3,-169.60000000000002,0.0,0.0,169.60000000000002,0.0,21.9,29.0,29.0,30.0,300.0,300.0,31.700000000000003,35.9,28.9,28.1,30.0,4.96,1.99,4.96,0.16,0.0,0.0,1027.0,8228.0,0.0,0.0,0.0,0.0,0.0,1.0,0.0,0.0,0.0,0.0,0.0,-2.9000000000000004,0.0,0.8,0.0,0.0,16.0,25903.0
2026-07-30T19:02:39.002Z,328.485,328.5,0.0,7.4,0.0,0.0,0.0,0.0,0.0,0.0,0.0,0.0,1.0,0.0,0.0,0.0,9.0,4.0,0.0,0.0,0.0,0.0,0.0,0.0,0.0,0.0,6.0,12.0,1.0,12.15,5.01,2.5,1.49,0.0,0.0,0.0,132.5,0.0,0.2,1.2000000000000002,1.0,-169.60000000000002,0.0,0.0,169.60000000000002,0.0,21.9,29.0,29.0,30.0,300.0,300.0,31.700000000000003,35.9,28.9,28.1,30.0,4.96,2.0,4.96,0.16,0.0,0.0,1027.0,8228.0,0.0,0.0,0.0,0.0,0.0,1.0,0.0,0.0,0.0,0.0,0.0,2.1,0.0,-0.6000000000000001,0.0,0.0,16.0,25903.0
2026-07-30T19:02:39.014Z,328.497,328.512,0.0,7.4,0.0,0.0,0.0,0.0,0.0,0.0,0.0,0.0,1.0,0.0,0.0,0.0,9.0,4.0,0.0,0.0,0.0,0.0,0.0,0.0,0.0,0.0,2.0,12.0,1.0,12.15,5.01,2.5,1.49,0.0,0.0,0.0,132.4,0.0,-0.3,0.6000000000000001,-0.7000000000000001,-169.60000000000002,0.0,0.0,169.60000000000002,0.0,21.9,29.0,29.0,30.0,300.0,300.0,31.700000000000003,35.9,28.9,28.1,30.0,4.95,1.99,4.96,0.16,0.0,0.0,1027.0,8228.0,0.0,0.0,0.0,0.0,0.0,1.0,0.0,0.0,0.0,0.0,0.0,0.1,0.0,0.7000000000000001,0.0,0.0,16.0,25903.0
2026-07-30T19:02:39.027Z,328.51,328.524,0.0,7.4,0.0,0.0,0.0,0.0,0.0,0.0,0.0,0.0,1.0,0.0,0.0,0.0,9.0,4.0,0.0,0.0,0.0,0.0,0.0,0.0,0.0,0.0,3.0,12.0,1.0,12.17,5.0200000000000005,2.51,1.49,0.0,0.0,0.0,132.3,0.0,-0.9,0.0,-0.7000000000000001,-169.60000000000002,0.0,0.0,169.70000000000002,0.0,20.9,29.0,29.0,30.0,300.0,300.0,31.700000000000003,35.800000000000004,28.9,28.1,30.0,4.95,1.99,4.97,0.16,0.0,0.0,1027.0,8228.0,0.0,0.0,0.0,0.0,0.0,1.0,0.0,0.0,0.0,0.0,0.0,-0.4,0.0,0.6000000000000001,0.0,0.0,16.0,25903.0
2026-07-30T19:02:39.038Z,328.521,328.536,0.0,7.4,0.0,0.0,0.0,0.0,0.0,0.0,0.0,0.0,1.0,0.0,0.0,0.0,9.0,4.0,0.0,0.0,0.0,0.0,0.0,0.0,0.0,0.0,5.0,12.0,1.0,12.17,5.0200000000000005,2.51,1.49,0.0,0.0,0.0,132.20000000000002,0.0,0.2,-0.5,-0.1,-169.60000000000002,0.0,0.0,169.60000000000002,0.0,20.9,29.0,29.0,30.0,300.0,300.0,31.700000000000003,35.800000000000004,28.9,28.1,30.0,4.96,1.99,4.96,0.16,0.0,0.0,1027.0,8228.0,0.0,0.0,0.0,0.0,0.0,1.0,0.0,0.0,0.0,0.0,0.0,-0.6000000000000001,0.0,0.0,0.0,0.0,16.0,25903.0
2026-07-30T19:02:39.050Z,328.533,328.548,0.0,7.4,0.0,0.0,0.0,0.0,0.0,0.0,0.0,0.0,1.0,0.0,0.0,0.0,9.0,4.0,0.0,0.0,0.0,0.0,0.0,0.0,0.0,0.0,6.0,12.0,1.0,12.17,5.0200000000000005,2.51,1.49,0.0,0.0,0.0,132.1,0.0,0.2,0.6000000000000001,-0.1,-169.60000000000002,0.0,0.0,169.60000000000002,0.0,20.9,29.0,29.0,30.0,300.0,300.0,31.700000000000003,35.800000000000004,28.9,28.1,30.0,4.96,1.99,4.96,0.16,0.0,0.0,1027.0,8228.0,0.0,0.0,0.0,0.0,0.0,1.0,0.0,0.0,0.0,0.0,0.0,0.6000000000000001,0.0,0.2,0.0,0.0,16.0,25903.0
2026-07-30T19:02:39.062Z,328.545,328.56,0.0,7.4,0.0,0.0,0.0,0.0,0.0,0.0,0.0,0.0,1.0,0.0,0.0,0.0,9.0,4.0,0.0,0.0,0.0,0.0,0.0,0.0,0.0,0.0,1.0,12.0,1.0,12.17,5.0200000000000005,2.51,1.49,0.0,0.0,0.0,132.0,0.0,-0.3,0.0,1.0,-169.60000000000002,0.0,0.0,169.8,0.0,20.9,29.0,29.0,30.0,300.0,300.0,31.700000000000003,35.800000000000004,28.9,28.1,30.0,4.95,2.0,4.96,0.16,0.0,0.0,1027.0,8228.0,0.0,0.0,0.0,0.0,0.0,1.0,0.0,0.0,0.0,0.0,0.0,0.8,0.0,-0.9,0.0,0.0,16.0,25903.0
2026-07-30T19:02:39.074Z,328.557,328.572,0.0,7.4,0.0,0.0,0.0,0.0,0.0,0.0,0.0,0.0,1.0,0.0,0.0,0.0,9.0,4.0,0.0,0.0,0.0,0.0,0.0,0.0,0.0,0.0,2.0,12.0,1.0,12.17,5.0200000000000005,2.51,1.49,0.0,0.0,0.0,131.9,0.0,0.8,0.6000000000000001,0.0,-169.60000000000002,0.0,0.0,169.70000000000002,0.0,20.9,29.0,29.0,30.0,300.0,300.0,31.700000000000003,35.800000000000004,28.9,28.1,30.0,4.96,2.0,4.96,0.16,0.0,0.0,1027.0,8228.0,0.0,0.0,0.0,0.0,0.0,1.0,0.0,0.0,0.0,0.0,0.0,0.6000000000000001,0.0,0.2,0.0,0.0001,16.0,25903.0
2026-07-30T19:02:39.086Z,328.569,328.584,0.0,7.4,0.0,0.0,0.0,0.0,0.0,0.0,0.0,0.0,1.0,0.0,0.0,0.0,9.0,4.0,0.0,0.0,0.0,0.0,0.0,0.0,0.0,0.0,4.0,12.0,1.0,12.17,5.0200000000000005,2.51,1.49,0.0,0.0,0.0,131.8,0.0,-0.3,-0.4,0.4,-169.60000000000002,0.0,0.0,169.8,0.0,20.9,29.0,29.0,30.0,300.0,300.0,31.700000000000003,35.800000000000004,28.9,28.1,30.0,4.95,1.99,4.96,0.16,0.0,0.0,1027.0,8228.0,0.0,0.0,0.0,0.0,0.0,1.0,0.0,0.0,0.0,0.0,0.0,-0.2,0.0,-0.5,0.0,0.0,16.0,25903.0
2026-07-30T19:02:39.098Z,328.581,328.596,0.0,7.4,0.0,0.0,0.0,0.0,0.0,0.0,0.0,0.0,1.0,0.0,0.0,0.0,9.0,4.0,0.0,0.0,0.0,0.0,0.0,0.0,0.0,0.0,5.0,12.0,1.0,12.17,5.0200000000000005,2.51,1.49,0.0,0.1,0.0,131.70000000000002,0.0,0.2,0.0,0.4,-169.60000000000002,0.0,0.0,169.70000000000002,0.0,20.9,29.0,29.0,30.0,300.0,300.0,31.700000000000003,35.800000000000004,28.9,28.1,30.0,4.95,1.99,4.97,0.16,0.0,0.0,1027.0,8228.0,0.0,0.0,0.0,0.0,0.0,1.0,0.0,0.0,0.0,0.0,0.0,0.4,0.0,-0.4,0.0,0.0,16.0,25903.0
2026-07-30T19:02:39.110Z,328.593,328.608,0.0,7.4,0.0,0.0,0.0,0.0,0.0,0.0,0.0,0.0,1.0,0.0,0.0,0.0,9.0,4.0,0.0,0.0,0.0,0.0,0.0,0.0,0.0,0.0,1.0,12.0,1.0,12.17,5.0200000000000005,2.51,1.49,0.0,0.1,0.0,131.6,0.0,-0.3,-0.5,-0.6000000000000001,-169.60000000000002,0.0,0.0,169.70000000000002,0.0,20.9,29.0,29.0,30.0,300.0,300.0,31.700000000000003,35.800000000000004,28.9,28.1,30.0,4.95,1.99,4.97,0.16,0.0,0.0,1027.0,8228.0,0.0,0.0,0.0,0.0,0.0,1.0,0.0,0.0,0.0,0.0,0.0,-1.1,0.0,0.4,0.0,0.0,16.0,25903.0
2026-07-30T19:02:39.122Z,328.605,328.62,0.0,7.4,0.0,0.0,0.0,0.0,0.0,0.0,0.0,0.0,1.0,0.0,0.0,0.0,9.0,4.0,0.0,0.0,0.0,0.0,0.0,0.0,0.0,0.0,2.0,12.0,1.0,12.17,5.0200000000000005,2.51,1.49,0.0,0.0,0.0,131.5,0.0,0.2,-0.5,0.4,-169.60000000000002,0.0,0.0,169.8,0.0,20.9,29.0,29.0,30.0,300.0,300.0,31.700000000000003,35.800000000000004,28.9,28.1,30.0,4.96,1.99,4.96,0.16,0.0,0.0,1027.0,8228.0,0.0,0.0,0.0,0.0,0.0,1.0,0.0,0.0,0.0,0.0,0.0,-0.2,0.0,-0.5,0.0,0.0,16.0,25903.0
2026-07-30T19:02:39.134Z,328.617,328.632,0.0,7.4,0.0,0.0,0.0,0.0,0.0,0.0,0.0,0.0,1.0,0.0,0.0,0.0,9.0,4.0,0.0,0.0,0.0,0.0,0.0,0.0,0.0,0.0,3.0,12.0,1.0,12.14,5.01,2.5,1.49,0.0,0.0,0.0,131.4,0.0,0.2,0.0,0.0,-169.60000000000002,0.0,0.0,169.8,0.0,21.4,29.0,29.0,30.0,300.0,300.0,31.6,35.800000000000004,28.9,28.1,30.0,4.95,1.99,4.97,0.16,0.0,0.0,1027.0,8228.0,0.0,0.0,0.0,0.0,0.0,1.0,0.0,0.0,0.0,0.0,0.0,0.0,0.0,0.0,0.0,0.0,16.0,25903.0
2026-07-30T19:02:39.146Z,328.629,328.644,0.0,7.4,0.0,0.0,0.0,0.0,0.0,0.0,0.0,0.0,1.0,0.0,0.0,0.0,9.0,4.0,0.0,0.0,0.0,0.0,0.0,0.0,0.0,0.0,5.0,12.0,1.0,12.14,5.01,2.5,1.49,0.0,0.0,0.0,131.20000000000002,0.0,0.2,-0.5,0.5,-169.70000000000002,0.0,0.0,169.8,0.0,21.4,29.0,29.0,30.0,300.0,300.0,31.6,35.800000000000004,28.9,28.1,30.0,4.95,1.99,4.96,0.16,0.0,0.0,1027.0,8228.0,0.0,0.0,0.0,0.0,0.0,1.0,0.0,0.0,0.0,0.0,0.0,-0.1,0.0,-0.5,0.0,0.0,16.0,25903.0
2026-07-30T19:02:39.158Z,328.641,328.656,0.0,7.4,0.0,0.0,0.0,0.0,0.0,0.0,0.0,0.0,1.0,0.0,0.0,0.0,9.0,4.0,0.0,0.0,0.0,0.0,0.0,0.0,0.0,0.0,6.0,12.0,1.0,12.14,5.01,2.5,1.49,0.0,0.0,0.0,131.1,0.0,-0.3,0.0,-0.6000000000000001,-169.70000000000002,0.0,0.0,169.70000000000002,0.0,21.4,29.0,29.0,30.0,300.0,300.0,31.6,35.800000000000004,28.9,28.1,30.0,4.96,1.99,4.96,0.16,0.0,0.0,1027.0,8228.0,0.0,0.0,0.0,0.0,0.0,1.0,0.0,0.0,0.0,0.0,0.0,-0.4,0.0,0.6000000000000001,0.0,0.0,16.0,25903.0
2026-07-30T19:02:39.170Z,328.653,328.668,0.0,7.4,0.0,0.0,0.0,0.0,0.0,0.0,0.0,0.0,1.0,0.0,0.0,0.0,9.0,4.0,0.0,0.0,0.0,0.0,0.0,0.0,0.0,0.0,2.0,12.0,1.0,12.14,5.01,2.5,1.49,0.0,0.1,0.0,131.0,0.0,1.4,0.1,1.1,-169.70000000000002,0.0,0.0,169.70000000000002,0.0,21.4,29.0,29.0,30.0,300.0,300.0,31.6,35.800000000000004,28.9,28.1,30.0,4.95,1.99,4.96,0.16,0.0,0.0,1027.0,8228.0,0.0,0.0,0.0,0.0,0.0,1.0,0.0,0.0,0.0,0.0,0.0,0.9,0.0,-0.9,0.0,0.0,16.0,25903.0
2026-07-30T19:02:39.182Z,328.665,328.68,0.0,7.4,0.0,0.0,0.0,0.0,0.0,0.0,0.0,0.0,1.0,0.0,0.0,0.0,9.0,4.0,0.0,0.0,0.0,0.0,0.0,0.0,0.0,0.0,3.0,12.0,1.0,12.14,5.01,2.5,1.49,0.0,0.0,0.0,130.9,0.0,0.2,-0.4,1.7000000000000002,-169.70000000000002,0.0,0.0,169.70000000000002,0.0,21.4,29.0,29.0,30.0,300.0,300.0,31.6,35.800000000000004,28.9,28.1,30.0,4.96,1.99,4.96,0.16,0.0,0.0,1027.0,8228.0,0.0,0.0,0.0,0.0,0.0,1.0,0.0,0.0,0.0,0.0,0.0,0.7000000000000001,0.0,-1.6,0.0,0.0,16.0,25903.0
2026-07-30T19:02:39.194Z,328.677,328.692,0.0,7.4,0.0,0.0,0.0,0.0,0.0,0.0,0.0,0.0,1.0,0.0,0.0,0.0,9.0,4.0,0.0,0.0,0.0,0.0,0.0,0.0,0.0,0.0,4.0,12.0,1.0,12.14,5.01,2.5,1.49,0.0,0.0,0.0,130.8,0.0,-0.3,0.6000000000000001,1.1,-169.70000000000002,0.0,0.0,169.70000000000002,0.0,21.4,29.0,29.0,30.0,300.0,300.0,31.6,35.800000000000004,28.9,28.1,30.0,4.96,1.99,4.96,0.16,0.0,0.0,1027.0,8228.0,0.0,0.0,0.0,0.0,0.0,1.0,0.0,0.0,0.0,0.0,0.0,1.5,0.0,-0.8,0.0,0.0,16.0,25903.0
2026-07-30T19:02:39.206Z,328.689,328.704,0.0,7.4,0.0,0.0,0.0,0.0,0.0,0.0,0.0,0.0,1.0,0.0,0.0,0.0,9.0,4.0,0.0,0.0,0.0,0.0,0.0,0.0,0.0,0.0,5.0,12.0,1.0,12.14,5.01,2.5,1.49,0.0,0.0,0.0,130.70000000000002,0.0,-0.3,1.1,0.4,-169.70000000000002,0.0,0.0,169.70000000000002,0.0,21.4,29.0,29.0,30.0,300.0,300.0,31.6,35.800000000000004,28.9,28.1,30.0,4.96,1.99,4.96,0.15,0.0,0.0,1027.0,8228.0,0.0,0.0,0.0,0.0,0.0,1.0,0.0,0.0,0.0,0.0,0.0,1.7000000000000002,0.0,-0.1,0.0,0.0,16.0,25903.0
2026-07-30T19:02:39.218Z,328.701,328.716,0.0,7.4,0.0,0.0,0.0,0.0,0.0,0.0,0.0,0.0,1.0,0.0,0.0,0.0,9.0,4.0,0.0,0.0,0.0,0.0,0.0,0.0,0.0,0.0,1.0,12.0,1.0,12.14,5.01,2.5,1.49,0.0,0.0,0.0,130.6,0.0,-0.3,-0.5,-0.7000000000000001,-169.70000000000002,0.0,0.0,169.8,0.0,21.4,29.0,29.0,30.0,300.0,300.0,31.6,35.800000000000004,28.9,28.1,30.0,4.95,1.99,4.97,0.16,0.0,0.0,1027.0,8228.0,0.0,0.0,0.0,0.0,0.0,1.0,0.0,0.0,0.0,0.0,0.0,-1.1,0.0,0.5,0.0,0.0,16.0,25903.0
2026-07-30T19:02:39.231Z,328.714,328.728,0.0,7.4,0.0,0.0,0.0,0.0,0.0,0.0,0.0,0.0,1.0,0.0,0.0,0.0,9.0,4.0,0.0,0.0,0.0,0.0,0.0,0.0,0.0,0.0,2.0,12.0,1.0,12.18,5.0200000000000005,2.51,1.49,0.0,0.0,0.0,130.5,0.0,0.1,-1.1,0.4,-169.70000000000002,0.0,0.0,169.8,0.0,22.1,29.0,29.0,30.0,300.0,300.0,31.700000000000003,35.7,28.9,28.1,30.0,4.96,2.0,4.97,0.16,0.0,0.0,1027.0,8228.0,0.0,0.0,0.0,0.0,0.0,1.0,0.0,0.0,0.0,0.0,0.0,-0.9,0.0,-0.6000000000000001,0.0,0.0001,16.0,25903.0
2026-07-30T19:02:39.242Z,328.725,328.74,0.0,7.4,0.0,0.0,0.0,0.0,0.0,0.0,0.0,0.0,1.0,0.0,0.0,0.0,9.0,4.0,0.0,0.0,0.0,0.0,0.0,0.0,0.0,0.0,3.0,12.0,1.0,12.18,5.0200000000000005,2.51,1.49,0.0,0.0,0.0,130.4,0.0,0.2,0.0,-0.7000000000000001,-169.70000000000002,0.0,0.0,169.8,0.0,22.1,29.0,29.0,30.0,300.0,300.0,31.700000000000003,35.7,28.9,28.1,30.0,4.96,1.99,4.96,0.16,0.0,0.0,1027.0,8228.0,0.0,0.0,0.0,0.0,0.0,1.0,0.0,0.0,0.0,0.0,0.0,-0.4,0.0,0.6000000000000001,0.0,0.0,16.0,25903.0
2026-07-30T19:02:39.254Z,328.737,328.752,0.0,7.4,0.0,0.0,0.0,0.0,0.0,0.0,0.0,0.0,1.0,0.0,0.0,0.0,9.0,4.0,0.0,0.0,0.0,0.0,0.0,0.0,0.0,0.0,4.0,12.0,1.0,12.18,5.0200000000000005,2.51,1.49,0.0,0.0,0.0,130.3,0.0,0.2,0.0,-1.8,-169.70000000000002,0.0,0.0,169.8,0.0,22.1,29.0,29.0,30.0,300.0,300.0,31.700000000000003,35.7,28.9,28.1,30.0,4.95,1.99,4.96,0.16,0.0,0.0,1027.0,8228.0,0.0,0.0,0.0,0.0,0.0,1.0,0.0,0.0,0.0,0.0,0.0,0.4,0.0,-0.4,0.0,0.0,16.0,25903.0
2026-07-30T19:02:39.266Z,328.749,328.764,0.0,7.4,0.0,0.0,0.0,0.0,0.0,0.0,0.0,0.0,1.0,0.0,0.0,0.0,9.0,4.0,0.0,0.0,0.0,0.0,0.0,0.0,0.0,0.0,5.0,12.0,1.0,12.18,5.0200000000000005,2.51,1.49,0.0,0.0,0.0,130.1,0.0,0.2,0.0,-0.7000000000000001,-169.70000000000002,0.0,0.0,169.70000000000002,0.0,22.1,29.0,29.0,30.0,300.0,300.0,31.700000000000003,35.7,28.9,28.1,30.0,4.95,1.99,4.97,0.16,0.0,0.0,1027.0,8228.0,0.0,0.0,0.0,0.0,0.0,1.0,0.0,0.0,0.0,0.0,0.0,-0.4,0.0,0.6000000000000001,0.0,0.0,16.0,25903.0
2026-07-30T19:02:39.278Z,328.761,328.776,0.0,7.4,0.0,0.0,0.0,0.0,0.0,0.0,0.0,0.0,1.0,0.0,0.0,0.0,9.0,4.0,0.0,0.0,0.0,0.0,0.0,0.0,0.0,0.0,6.0,12.0,1.0,12.18,5.0200000000000005,2.51,1.49,0.0,0.0,0.0,130.1,0.0,0.2,-1.0,-0.1,-169.70000000000002,0.0,0.0,169.60000000000002,0.0,22.1,29.0,29.0,30.0,300.0,300.0,31.700000000000003,35.7,28.9,28.1,30.0,4.96,1.99,4.96,0.16,0.0,0.0,1027.0,8228.0,0.0,0.0,0.0,0.0,0.0,1.0,0.0,0.0,0.0,0.0,0.0,-0.6000000000000001,0.0,0.0,0.0,0.0,16.0,25903.0
2026-07-30T19:02:39.290Z,328.773,328.788,0.0,7.4,0.0,0.0,0.0,0.0,0.0,0.0,0.0,0.0,1.0,0.0,0.0,0.0,9.0,4.0,0.0,0.0,0.0,0.0,0.0,0.0,0.0,0.0,1.0,12.0,1.0,12.18,5.0200000000000005,2.51,1.49,0.0,0.1,0.0,130.3,0.0,-0.3,1.2000000000000002,0.4,-169.70000000000002,0.0,0.0,169.8,0.0,22.1,29.0,29.0,30.0,300.0,300.0,31.700000000000003,35.7,28.9,28.1,30.0,4.96,1.99,4.97,0.16,0.0,0.0,1027.0,8228.0,0.0,0.0,0.0,0.0,0.0,1.0,0.0,0.0,0.0,0.0,0.0,1.8,0.0,-0.1,0.0,0.0001,16.0,25903.0
2026-07-30T19:02:39.302Z,328.785,328.8,0.0,7.4,0.0,0.0,0.0,0.0,0.0,0.0,0.0,0.0,1.0,0.0,0.0,0.0,9.0,4.0,0.0,0.0,0.0,0.0,0.0,0.0,0.0,0.0,3.0,12.0,1.0,12.18,5.0200000000000005,2.51,1.49,0.0,0.0,0.0,130.5,0.0,0.7000000000000001,0.1,-1.8,-169.70000000000002,0.0,0.0,169.8,0.0,22.1,29.0,29.0,30.0,300.0,300.0,31.700000000000003,35.7,28.9,28.1,30.0,4.95,1.99,4.97,0.16,0.0,0.0,1027.0,8228.0,0.0,0.0,0.0,0.0,0.0,1.0,0.0,0.0,0.0,0.0,0.0,-1.2000000000000002,0.0,1.6,0.0,0.0001,16.0,25903.0
2026-07-30T19:02:39.314Z,328.797,328.812,0.0,7.4,0.0,0.0,0.0,0.0,0.0,0.0,0.0,0.0,1.0,0.0,0.0,0.0,9.0,4.0,0.0,0.0,0.0,0.0,0.0,0.0,0.0,0.0,4.0,12.0,1.0,12.18,5.0200000000000005,2.51,1.49,0.0,0.0,0.0,130.6,0.0,0.1,-0.4,0.0,-169.70000000000002,0.0,0.0,169.70000000000002,0.0,22.1,29.0,29.0,30.0,300.0,300.0,31.700000000000003,35.7,28.9,28.1,30.0,4.96,1.99,4.96,0.16,0.0,0.0,1027.0,8228.0,0.0,0.0,0.0,0.0,0.0,1.0,0.0,0.0,0.0,0.0,0.0,-0.5,0.0,0.0,0.0,0.0001,16.0,25903.0
2026-07-30T19:02:39.325Z,328.808,328.824,0.0,7.4,0.0,0.0,0.0,0.0,0.0,0.0,0.0,0.0,1.0,0.0,0.0,0.0,9.0,4.0,0.0,0.0,0.0,0.0,0.0,0.0,0.0,0.0,6.0,12.0,1.0,12.18,5.0200000000000005,2.51,1.49,0.0,0.0,0.0,130.9,0.0,0.1,-0.4,-0.1,-169.70000000000002,0.0,0.0,169.8,0.0,22.1,29.0,29.0,30.0,300.0,300.0,31.700000000000003,35.7,28.9,28.1,30.0,4.95,2.0,4.96,0.16,0.0,0.0,1027.0,8228.0,0.0,0.0,0.0,0.0,0.0,1.0,0.0,0.0,0.0,0.0,0.0,-0.5,0.0,0.0,0.0,0.0001,16.0,25903.0
2026-07-30T19:02:39.338Z,328.821,328.836,0.0,7.4,0.0,0.0,0.0,0.0,0.0,0.0,0.0,0.0,1.0,0.0,0.0,0.0,9.0,4.0,0.0,0.0,0.0,0.0,0.0,0.0,0.0,0.0,2.0,12.0,1.0,12.18,5.01,2.51,1.49,0.0,0.0,0.0,131.1,0.0,-1.0,-0.4,-0.1,-169.70000000000002,0.0,0.0,169.70000000000002,0.0,21.8,29.0,29.0,30.0,300.0,300.0,31.6,35.800000000000004,28.9,28.1,30.0,4.95,1.99,4.97,0.16,0.0,0.0,1027.0,8228.0,0.0,0.0,0.0,0.0,0.0,1.0,0.0,0.0,0.0,0.0,0.0,-0.6000000000000001,0.0,0.0,0.0,0.0001,16.0,25903.0
2026-07-30T19:02:39.350Z,328.833,328.848,0.0,7.4,0.0,0.0,0.0,0.0,0.0,0.0,0.0,0.0,1.0,0.0,0.0,0.0,9.0,4.0,0.0,0.0,0.0,0.0,0.0,0.0,0.0,0.0,3.0,12.0,1.0,12.18,5.01,2.51,1.49,0.0,0.0,0.0,131.20000000000002,0.0,0.7000000000000001,-0.4,-1.3,-169.70000000000002,0.0,0.0,169.60000000000002,0.0,21.8,29.0,29.0,30.0,300.0,300.0,31.6,35.800000000000004,28.9,28.1,30.0,4.96,2.0,4.97,0.16,0.0,0.0,1027.0,8228.0,0.0,0.0,0.0,0.0,0.0,1.0,0.0,0.0,0.0,0.0,0.0,-1.4,0.0,1.0,0.0,0.0,16.0,25903.0
2026-07-30T19:02:39.362Z,328.845,328.86,0.0,7.4,0.0,0.0,0.0,0.0,0.0,0.0,0.0,0.0,1.0,0.0,0.0,0.0,9.0,4.0,0.0,0.0,0.0,0.0,0.0,0.0,0.0,0.0,4.0,12.0,1.0,12.18,5.01,2.51,1.49,0.0,0.0,0.0,131.4,0.0,-0.3,-1.0,-1.3,-169.70000000000002,0.0,0.0,169.70000000000002,0.0,21.8,29.0,29.0,30.0,300.0,300.0,31.6,35.800000000000004,28.9,28.1,30.0,4.96,2.0,4.96,0.15,0.0,0.0,1027.0,8228.0,0.0,0.0,0.0,0.0,0.0,1.0,0.0,0.0,0.0,0.0,0.0,-2.2,0.0,0.9,0.0,0.0001,16.0,25903.0
2026-07-30T19:02:39.374Z,328.857,328.872,0.0,7.4,0.0,0.0,0.0,0.0,0.0,0.0,0.0,0.0,1.0,0.0,0.0,0.0,9.0,4.0,0.0,0.0,0.0,0.0,0.0,0.0,0.0,0.0,6.0,12.0,1.0,12.18,5.01,2.51,1.49,0.0,0.0,0.0,131.6,0.0,-0.3,0.1,-0.1,-169.70000000000002,0.0,0.0,169.60000000000002,0.0,21.8,29.0,29.0,30.0,300.0,300.0,31.6,35.800000000000004,28.9,28.1,30.0,4.95,1.99,4.97,0.15,0.0,0.0,1027.0,8228.0,0.0,0.0,0.0,0.0,0.0,1.0,0.0,0.0,0.0,0.0,0.0,0.0,0.0,0.1,0.0,0.0,16.0,25903.0
2026-07-30T19:02:39.386Z,328.869,328.884,0.0,7.4,0.0,0.0,0.0,0.0,0.0,0.0,0.0,0.0,1.0,0.0,0.0,0.0,9.0,4.0,0.0,0.0,0.0,0.0,0.0,0.0,0.0,0.0,1.0,12.0,1.0,12.18,5.01,2.51,1.49,0.0,0.0,0.0,131.8,0.0,-0.3,0.7000000000000001,0.0,-169.70000000000002,0.0,0.0,169.70000000000002,0.0,21.8,29.0,29.0,30.0,300.0,300.0,31.6,35.800000000000004,28.9,28.1,30.0,4.95,1.99,4.96,0.16,0.0,0.0,1027.0,8228.0,0.0,0.0,0.0,0.0,0.0,1.0,0.0,0.0,0.0,0.0,0.0,0.7000000000000001,0.0,0.2,0.0,0.0001,16.0,25903.0
2026-07-30T19:02:39.398Z,328.881,328.896,0.0,7.4,0.0,0.0,0.0,0.0,0.0,0.0,0.0,0.0,1.0,0.0,0.0,0.0,9.0,4.0,0.0,0.0,0.0,0.0,0.0,0.0,0.0,0.0,2.0,12.0,1.0,12.18,5.01,2.51,1.49,0.0,0.0,0.0,132.0,0.0,-0.3,1.3,1.0,-169.70000000000002,0.0,0.0,169.70000000000002,0.0,21.8,29.0,29.0,30.0,300.0,300.0,31.6,35.800000000000004,28.9,28.1,30.0,4.96,1.99,4.96,0.16,0.0,0.0,1027.0,8228.0,0.0,0.0,0.0,0.0,0.0,1.0,0.0,0.0,0.0,0.0,0.0,2.3000000000000003,0.0,-0.6000000000000001,0.0,0.0,16.0,25903.0
2026-07-30T19:02:39.410Z,328.893,328.908,0.0,7.4,0.0,0.0,0.0,0.0,0.0,0.0,0.0,0.0,1.0,0.0,0.0,0.0,9.0,4.0,0.0,0.0,0.0,0.0,0.0,0.0,0.0,0.0,4.0,12.0,1.0,12.18,5.01,2.51,1.49,0.0,0.0,0.0,132.1,0.0,-0.3,0.7000000000000001,-0.7000000000000001,-169.70000000000002,0.0,0.0,169.70000000000002,0.0,21.8,29.0,29.0,30.0,300.0,300.0,31.6,35.800000000000004,28.9,28.1,30.0,4.95,1.99,4.96,0.16,0.0,0.0,1027.0,8228.0,0.0,0.0,0.0,0.0,0.0,1.0,0.0,0.0,0.0,0.0,0.0,0.3,0.0,0.7000000000000001,0.0,0.0,16.0,25903.0
2026-07-30T19:02:39.422Z,328.905,328.92,0.0,7.4,0.0,0.0,0.0,0.0,0.0,0.0,0.0,0.0,1.0,0.0,0.0,0.0,9.0,4.0,0.0,0.0,0.0,0.0,0.0,0.0,0.0,0.0,5.0,12.0,1.0,12.18,5.01,2.51,1.49,0.0,0.0,0.0,132.3,0.0,0.3,0.7000000000000001,0.4,-169.70000000000002,0.0,0.0,169.70000000000002,0.0,21.8,29.0,29.0,30.0,300.0,300.0,31.6,35.800000000000004,28.9,28.1,30.0,4.95,1.99,4.97,0.16,0.0,0.0,1027.0,8228.0,0.0,0.0,0.0,0.0,0.0,1.0,0.0,0.0,0.0,0.0,0.0,1.2000000000000002,0.0,-0.2,0.0,0.0,16.0,25903.0
2026-07-30T19:02:39.435Z,328.918,328.932,0.0,7.4,0.0,0.0,0.0,0.0,0.0,0.0,0.0,0.0,1.0,0.0,0.0,0.0,9.0,4.0,0.0,0.0,0.0,0.0,0.0,0.0,0.0,0.0,6.0,12.0,1.0,12.15,5.01,2.51,1.49,0.0,0.0,0.0,132.5,0.0,-0.3,0.7000000000000001,1.0,-169.70000000000002,0.0,0.0,169.60000000000002,0.0,21.9,29.0,29.0,30.0,300.0,300.0,31.700000000000003,35.800000000000004,28.9,28.1,30.0,4.95,2.0,4.96,0.16,0.0,0.0,1027.0,8228.0,0.0,0.0,0.0,0.0,0.0,1.0,0.0,0.0,0.0,0.0,0.0,1.6,0.0,-0.7000000000000001,0.0,0.0,16.0,25903.0
2026-07-30T19:02:39.446Z,328.929,328.944,0.0,7.4,0.0,0.0,0.0,0.0,0.0,0.0,0.0,0.0,1.0,0.0,0.0,0.0,9.0,4.0,0.0,0.0,0.0,0.0,0.0,0.0,0.0,0.0,2.0,12.0,1.0,12.15,5.01,2.51,1.49,0.0,0.0,0.0,132.70000000000002,0.0,0.2,1.3,1.5,-169.70000000000002,0.0,0.0,169.70000000000002,0.0,21.9,29.0,29.0,30.0,300.0,300.0,31.700000000000003,35.800000000000004,28.9,28.1,30.0,4.96,1.99,4.96,0.16,0.0,0.0,1027.0,8228.0,0.0,0.0,0.0,0.0,0.0,1.0,0.0,0.0,0.0,0.0,0.0,2.6,0.0,-1.1,0.0,0.0,16.0,25903.0
2026-07-30T19:02:39.458Z,328.941,328.956,0.0,7.4,0.0,0.0,0.0,0.0,0.0,0.0,0.0,0.0,1.0,0.0,0.0,0.0,9.0,4.0,0.0,0.0,0.0,0.0,0.0,0.0,0.0,0.0,3.0,12.0,1.0,12.15,5.01,2.51,1.49,0.0,0.0,0.0,132.9,0.0,-0.3,0.1,0.9,-169.70000000000002,0.0,0.0,169.70000000000002,0.0,21.9,29.0,29.0,30.0,300.0,300.0,31.700000000000003,35.800000000000004,28.9,28.1,30.0,4.95,1.99,4.97,0.16,0.0,0.0,1027.0,8228.0,0.0,0.0,0.0,0.0,0.0,1.0,0.0,0.0,0.0,0.0,0.0,0.8,0.0,-0.8,0.0,0.0,16.0,25903.0
2026-07-30T19:02:39.470Z,328.953,328.968,0.0,7.4,0.0,0.0,0.0,0.0,0.0,0.0,0.0,0.0,1.0,0.0,0.0,0.0,9.0,4.0,0.0,0.0,0.0,0.0,0.0,0.0,0.0,0.0,4.0,12.0,1.0,12.15,5.01,2.51,1.49,0.0,0.0,0.0,133.1,0.0,-0.9,-0.4,-1.3,-169.70000000000002,0.0,0.0,169.70000000000002,0.0,21.9,29.0,29.0,30.0,300.0,300.0,31.700000000000003,35.800000000000004,28.9,28.1,30.0,4.95,1.99,4.97,0.16,0.0,0.0,1027.0,8228.0,0.0,0.0,0.0,0.0,0.0,1.0,0.0,0.0,0.0,0.0,0.0,-1.5,0.0,1.0,0.0,0.0,16.0,25903.0
2026-07-30T19:02:39.481Z,328.964,328.98,0.0,7.4,0.0,0.0,0.0,0.0,0.0,0.0,0.0,0.0,1.0,0.0,0.0,0.0,9.0,4.0,0.0,0.0,0.0,0.0,0.0,0.0,0.0,0.0,6.0,12.0,1.0,12.15,5.01,2.51,1.49,0.0,0.0,0.0,133.3,0.0,-0.2,-1.0,-2.5,-169.60000000000002,0.0,0.0,169.70000000000002,0.0,21.9,29.0,29.0,30.0,300.0,300.0,31.700000000000003,35.800000000000004,28.9,28.1,30.0,4.95,1.99,4.96,0.16,0.0,0.0,1027.0,8228.0,0.0,0.0,0.0,0.0,0.0,1.0,0.0,0.0,0.0,0.0,0.0,-3.0,0.0,2.0,0.0,0.0,16.0,25903.0
2026-07-30T19:02:39.494Z,328.977,328.992,0.0,7.4,0.0,0.0,0.0,0.0,0.0,0.0,0.0,0.0,1.0,0.0,0.0,0.0,9.0,4.0,0.0,0.0,0.0,0.0,0.0,0.0,0.0,0.0,1.0,12.0,1.0,12.15,5.01,2.51,1.49,0.0,0.0,0.0,133.4,0.0,0.3,0.7000000000000001,1.5,-169.60000000000002,0.0,0.0,169.60000000000002,0.0,21.9,29.0,29.0,30.0,300.0,300.0,31.700000000000003,35.800000000000004,28.9,28.1,30.0,4.95,1.99,4.96,0.16,0.0,0.0,1027.0,8228.0,0.0,0.0,0.0,0.0,0.0,1.0,0.0,0.0,0.0,0.0,0.0,2.0,0.0,-1.2000000000000002,0.0,0.0,16.0,25903.0
2026-07-30T19:02:39.506Z,328.989,329.004,0.0,7.4,0.0,0.0,0.0,0.0,0.0,0.0,0.0,0.0,1.0,0.0,0.0,0.0,9.0,4.0,0.0,0.0,0.0,0.0,0.0,0.0,0.0,0.0,2.0,12.0,1.0,12.15,5.01,2.51,1.49,0.0,0.0,0.0,133.5,0.0,0.2,-0.3,-0.6000000000000001,-169.60000000000002,0.0,0.0,169.70000000000002,0.0,21.9,29.0,29.0,30.0,300.0,300.0,31.700000000000003,35.800000000000004,28.9,28.1,30.0,4.95,1.99,4.97,0.16,0.0,0.0,1027.0,8228.0,0.0,0.0,0.0,0.0,0.0,1.0,0.0,0.0,0.0,0.0,0.0,-0.9,0.0,0.5,0.0,0.0,16.0,25903.0
2026-07-30T19:02:39.518Z,329.001,329.016,0.0,7.4,0.0,0.0,0.0,0.0,0.0,0.0,0.0,0.0,1.0,0.0,0.0,0.0,9.0,4.0,0.0,0.0,0.0,0.0,0.0,0.0,0.0,0.0,3.0,12.0,1.0,12.15,5.01,2.51,1.49,0.0,0.0,0.0,133.4,0.0,0.2,0.2,0.0,-169.60000000000002,0.0,0.0,169.70000000000002,0.0,21.9,29.0,29.0,30.0,300.0,300.0,31.700000000000003,35.800000000000004,28.9,28.1,30.0,4.95,1.99,4.96,0.16,0.0,0.0,1027.0,8228.0,0.0,0.0,0.0,0.0,0.0,1.0,0.0,0.0,0.0,0.0,0.0,0.1,0.0,0.1,0.0,0.0,16.0,25903.0
2026-07-30T19:02:39.530Z,329.013,329.028,0.0,7.4,0.0,0.0,0.0,0.0,0.0,0.0,0.0,0.0,1.0,0.0,0.0,0.0,9.0,4.0,0.0,0.0,0.0,0.0,0.0,0.0,0.0,0.0,5.0,12.0,1.0,12.15,5.01,2.51,1.49,0.0,0.0,0.0,133.3,0.0,-0.3,0.1,-1.2000000000000002,-169.60000000000002,0.0,0.0,169.70000000000002,0.0,21.9,29.0,29.0,30.0,300.0,300.0,31.700000000000003,35.800000000000004,28.9,28.1,30.0,4.95,1.99,4.97,0.16,0.0,0.0,1027.0,8228.0,0.0,0.0,0.0,0.0,0.0,1.0,0.0,0.0,0.0,0.0,0.0,-0.7000000000000001,0.0,1.1,0.0,0.0,16.0,25903.0
2026-07-30T19:02:39.542Z,329.025,329.04,0.0,7.4,0.0,0.0,0.0,0.0,0.0,0.0,0.0,0.0,1.0,0.0,0.0,0.0,9.0,4.0,0.0,0.0,0.0,0.0,0.0,0.0,0.0,0.0,6.0,12.0,1.0,12.17,5.0200000000000005,2.51,1.5,0.0,0.0,0.0,133.20000000000002,0.0,0.2,0.1,-0.1,-169.70000000000002,0.0,0.0,169.70000000000002,0.0,21.700000000000003,29.0,29.0,30.0,300.0,300.0,31.700000000000003,35.800000000000004,28.9,28.1,30.0,4.95,1.99,4.97,0.16,0.0,0.0,1027.0,8228.0,0.0,0.0,0.0,0.0,0.0,1.0,0.0,0.0,0.0,0.0,0.0,0.0,0.0,0.1,0.0,0.0,16.0,25903.0
2026-07-30T19:02:39.554Z,329.037,329.052,0.0,7.4,0.0,0.0,0.0,0.0,0.0,0.0,0.0,0.0,1.0,0.0,0.0,0.0,9.0,4.0,0.0,0.0,0.0,0.0,0.0,0.0,0.0,0.0,1.0,12.0,1.0,12.17,5.0200000000000005,2.51,1.5,0.0,0.0,0.0,133.1,0.0,0.2,0.1,-0.1,-169.60000000000002,0.0,0.0,169.70000000000002,0.0,21.700000000000003,29.0,29.0,30.0,300.0,300.0,31.700000000000003,35.800000000000004,28.9,28.1,30.0,4.96,1.99,4.96,0.16,0.0,0.0,1027.0,8228.0,0.0,0.0,0.0,0.0,0.0,1.0,0.0,0.0,0.0,0.0,0.0,0.0,0.0,0.1,0.0,0.0001,16.0,25903.0
2026-07-30T19:02:39.566Z,329.049,329.064,0.0,7.4,0.0,0.0,0.0,0.0,0.0,0.0,0.0,0.0,1.0,0.0,0.0,0.0,9.0,4.0,0.0,0.0,0.0,0.0,0.0,0.0,0.0,0.0,2.0,12.0,1.0,12.17,5.0200000000000005,2.51,1.5,0.0,0.0,0.0,133.0,0.0,-0.3,0.1,0.4,-169.70000000000002,0.0,0.0,169.70000000000002,0.0,21.700000000000003,29.0,29.0,30.0,300.0,300.0,31.700000000000003,35.800000000000004,28.9,28.1,30.0,4.95,1.99,4.96,0.16,0.0,0.0,1027.0,8228.0,0.0,0.0,0.0,0.0,0.0,1.0,0.0,0.0,0.0,0.0,0.0,0.5,0.0,-0.3,0.0,0.0,16.0,25903.0
2026-07-30T19:02:39.579Z,329.062,329.076,0.0,7.4,0.0,0.0,0.0,0.0,0.0,0.0,0.0,0.0,1.0,0.0,0.0,0.0,9.0,4.0,0.0,0.0,0.0,0.0,0.0,0.0,0.0,0.0,3.0,12.0,1.0,12.17,5.0200000000000005,2.51,1.5,0.0,0.0,0.0,132.8,0.0,0.2,-0.4,-0.1,-169.70000000000002,0.0,0.0,169.70000000000002,0.0,21.700000000000003,29.0,29.0,30.0,300.0,300.0,31.700000000000003,35.800000000000004,28.9,28.1,30.0,4.95,1.99,4.97,0.16,0.0,0.0,1027.0,8228.0,0.0,0.0,0.0,0.0,0.0,1.0,0.0,0.0,0.0,0.0,0.0,-0.5,0.0,0.0,0.0,0.0,16.0,25903.0
2026-07-30T19:02:39.590Z,329.073,329.088,0.0,7.4,0.0,0.0,0.0,0.0,0.0,0.0,0.0,0.0,1.0,0.0,0.0,0.0,9.0,4.0,0.0,0.0,0.0,0.0,0.0,0.0,0.0,0.0,5.0,12.0,1.0,12.17,5.0200000000000005,2.51,1.5,0.0,0.0,0.0,132.8,0.0,0.2,-0.4,-1.2000000000000002,-169.70000000000002,0.0,0.0,169.70000000000002,0.0,21.700000000000003,29.0,29.0,30.0,300.0,300.0,31.700000000000003,35.800000000000004,28.9,28.1,30.0,4.96,1.99,4.97,0.16,0.0,0.0,1027.0,8228.0,0.0,0.0,0.0,0.0,0.0,1.0,0.0,0.0,0.0,0.0,0.0,-1.4,0.0,1.0,0.0,0.0,16.0,25903.0
2026-07-30T19:02:39.602Z,329.085,329.1,0.0,7.4,0.0,0.0,0.0,0.0,0.0,0.0,0.0,0.0,1.0,0.0,0.0,0.0,9.0,4.0,0.0,0.0,0.0,0.0,0.0,0.0,0.0,0.0,6.0,12.0,1.0,12.17,5.0200000000000005,2.51,1.5,0.0,0.0,0.0,132.70000000000002,0.0,0.2,0.1,-0.6000000000000001,-169.70000000000002,0.0,0.0,169.70000000000002,0.0,21.700000000000003,29.0,29.0,30.0,300.0,300.0,31.700000000000003,35.800000000000004,28.9,28.1,30.0,4.96,1.99,4.96,0.15,0.0,0.0,1027.0,8228.0,0.0,0.0,0.0,0.0,0.0,1.0,0.0,0.0,0.0,0.0,0.0,-0.3,0.0,0.6000000000000001,0.0,0.0,16.0,25903.0
2026-07-30T19:02:39.614Z,329.097,329.112,0.0,7.4,0.0,0.0,0.0,0.0,0.0,0.0,0.0,0.0,1.0,0.0,0.0,0.0,9.0,4.0,0.0,0.0,0.0,0.0,0.0,0.0,0.0,0.0,1.0,12.0,1.0,12.17,5.0200000000000005,2.51,1.5,0.0,0.0,0.0,132.6,0.0,0.8,0.1,2.2,-169.70000000000002,0.0,0.0,169.70000000000002,0.0,21.700000000000003,29.0,29.0,30.0,300.0,300.0,31.700000000000003,35.800000000000004,28.9,28.1,30.0,4.95,1.99,4.97,0.15,0.0,0.0,1027.0,8228.0,0.0,0.0,0.0,0.0,0.0,1.0,0.0,0.0,0.0,0.0,0.0,1.8,0.0,-1.9,0.0,0.0,16.0,25903.0
2026-07-30T19:02:39.626Z,329.109,329.124,0.0,7.4,0.0,0.0,0.0,0.0,0.0,0.0,0.0,0.0,1.0,0.0,0.0,0.0,9.0,4.0,0.0,0.0,0.0,0.0,0.0,0.0,0.0,0.0,2.0,12.0,1.0,12.17,5.0200000000000005,2.51,1.5,0.0,0.0,0.0,132.4,0.0,-0.3,0.7000000000000001,-0.6000000000000001,-169.70000000000002,0.0,0.0,169.60000000000002,0.0,21.700000000000003,29.0,29.0,30.0,300.0,300.0,31.700000000000003,35.800000000000004,28.9,28.1,30.0,4.95,1.99,4.96,0.16,0.0,0.0,1027.0,8228.0,0.0,0.0,0.0,0.0,0.0,1.0,0.0,0.0,0.0,0.0,0.0,0.3,0.0,0.7000000000000001,0.0,0.0,16.0,25903.0
2026-07-30T19:02:39.639Z,329.122,329.136,0.0,7.4,0.0,0.0,0.0,0.0,0.0,0.0,0.0,0.0,1.0,0.0,0.0,0.0,9.0,4.0,0.0,0.0,0.0,0.0,0.0,0.0,0.0,0.0,3.0,12.0,1.0,12.15,5.0200000000000005,2.5,1.49,0.0,0.0,0.0,132.3,0.0,1.3,0.7000000000000001,1.0,-169.70000000000002,0.0,0.0,169.70000000000002,0.0,21.9,29.0,29.0,30.0,300.0,300.0,31.6,35.800000000000004,28.9,28.1,30.0,4.95,2.0,4.96,0.16,0.0,0.0,1027.0,8228.0,0.0,0.0,0.0,0.0,0.0,1.0,0.0,0.0,0.0,0.0,0.0,1.6,0.0,-0.8,0.0,0.0,16.0,25903.0
2026-07-30T19:02:39.650Z,329.133,329.148,0.0,7.4,0.0,0.0,0.0,0.0,0.0,0.0,0.0,0.0,1.0,0.0,0.0,0.0,9.0,4.0,0.0,0.0,0.0,0.0,0.0,0.0,0.0,0.0,4.0,12.0,1.0,12.15,5.0200000000000005,2.5,1.49,0.0,0.0,0.0,132.20000000000002,0.0,-0.3,-0.4,0.0,-169.70000000000002,0.0,0.0,169.70000000000002,0.0,21.9,29.0,29.0,30.0,300.0,300.0,31.6,35.800000000000004,28.9,28.1,30.0,4.95,2.0,4.96,0.16,0.0,0.0,1027.0,8228.0,0.0,0.0,0.0,0.0,0.0,1.0,0.0,0.0,0.0,0.0,0.0,-0.6000000000000001,0.0,0.0,0.0,0.0,16.0,25903.0
2026-07-30T19:02:39.662Z,329.145,329.16,0.0,7.4,0.0,0.0,0.0,0.0,0.0,0.0,0.0,0.0,1.0,0.0,0.0,0.0,9.0,4.0,0.0,0.0,0.0,0.0,0.0,0.0,0.0,0.0,5.0,12.0,1.0,12.15,5.0200000000000005,2.5,1.49,0.0,0.0,0.0,132.1,0.0,0.8,-1.0,0.4,-169.70000000000002,0.0,0.0,169.60000000000002,0.0,21.9,29.0,29.0,30.0,300.0,300.0,31.6,35.800000000000004,28.9,28.1,30.0,4.95,1.99,4.96,0.16,0.0,0.0,1027.0,8228.0,0.0,0.0,0.0,0.0,0.0,1.0,0.0,0.0,0.0,0.0,0.0,-0.8,0.0,-0.6000000000000001,0.0,0.0,16.0,25903.0
2026-07-30T19:02:39.673Z,329.156,329.172,0.0,7.4,0.0,0.0,0.0,0.0,0.0,0.0,0.0,0.0,1.0,0.0,0.0,0.0,9.0,4.0,0.0,0.0,0.0,0.0,0.0,0.0,0.0,0.0,6.0,12.0,1.0,12.15,5.0200000000000005,2.5,1.49,0.0,0.0,0.0,132.0,0.0,0.2,0.7000000000000001,1.6,-169.60000000000002,0.0,0.0,169.70000000000002,0.0,21.9,29.0,29.0,30.0,300.0,300.0,31.6,35.800000000000004,28.9,28.1,30.0,4.95,1.99,4.96,0.16,0.0,0.0,1027.0,8228.0,0.0,0.0,0.0,0.0,0.0,1.0,0.0,0.0,0.0,0.0,0.0,2.0,0.0,-1.2000000000000002,0.0,0.0,16.0,25903.0
2026-07-30T19:02:39.686Z,329.169,329.184,0.0,7.4,0.0,0.0,0.0,0.0,0.0,0.0,0.0,0.0,1.0,0.0,0.0,0.0,9.0,4.0,0.0,0.0,0.0,0.0,0.0,0.0,0.0,0.0,1.0,12.0,1.0,12.15,5.0200000000000005,2.5,1.49,0.0,0.0,0.0,131.9,0.0,-0.3,1.3,-0.1,-169.60000000000002,0.0,0.0,169.70000000000002,0.0,21.9,29.0,29.0,30.0,300.0,300.0,31.6,35.800000000000004,28.9,28.1,30.0,4.96,1.99,4.96,0.16,0.0,0.0,1027.0,8228.0,0.0,0.0,0.0,0.0,0.0,1.0,0.0,0.0,0.0,0.0,0.0,1.4,0.0,0.3,0.0,0.0,16.0,25903.0
2026-07-30T19:02:39.698Z,329.181,329.196,0.0,7.4,0.0,0.0,0.0,0.0,0.0,0.0,0.0,0.0,1.0,0.0,0.0,0.0,9.0,4.0,0.0,0.0,0.0,0.0,0.0,0.0,0.0,0.0,2.0,12.0,1.0,12.15,5.0200000000000005,2.5,1.49,0.0,0.0,0.0,131.8,0.0,0.8,0.7000000000000001,1.6,-169.70000000000002,0.0,0.0,169.8,0.0,21.9,29.0,29.0,30.0,300.0,300.0,31.6,35.800000000000004,28.9,28.1,30.0,4.95,1.99,4.97,0.16,0.0,0.0,1027.0,8228.0,0.0,0.0,0.0,0.0,0.0,1.0,0.0,0.0,0.0,0.0,0.0,2.1,0.0,-1.3,0.0,0.0,16.0,25903.0
2026-07-30T19:02:39.710Z,329.193,329.208,0.0,7.4,0.0,0.0,0.0,0.0,0.0,0.0,0.0,0.0,1.0,0.0,0.0,0.0,9.0,4.0,0.0,0.0,0.0,0.0,0.0,0.0,0.0,0.0,3.0,12.0,1.0,12.15,5.0200000000000005,2.5,1.49,0.0,0.0,0.0,131.70000000000002,0.0,0.8,-0.4,1.6,-169.70000000000002,0.0,0.0,169.8,0.0,21.9,29.0,29.0,30.0,300.0,300.0,31.6,35.800000000000004,28.9,28.1,30.0,4.95,1.99,4.96,0.16,0.0,0.0,1027.0,8228.0,0.0,0.0,0.0,0.0,0.0,1.0,0.0,0.0,0.0,0.0,0.0,0.7000000000000001,0.0,-1.5,0.0,0.0001,16.0,25903.0
2026-07-30T19:02:39.722Z,329.205,329.22,0.0,7.4,0.0,0.0,0.0,0.0,0.0,0.0,0.0,0.0,1.0,0.0,0.0,0.0,9.0,4.0,0.0,0.0,0.0,0.0,0.0,0.0,0.0,0.0,5.0,12.0,1.0,12.15,5.0200000000000005,2.5,1.49,0.0,0.1,0.0,131.6,0.0,0.8,0.7000000000000001,1.6,-169.70000000000002,0.0,0.0,169.8,0.0,21.9,29.0,29.0,30.0,300.0,300.0,31.6,35.800000000000004,28.9,28.1,30.0,4.95,2.0,4.96,0.16,0.0,0.0,1027.0,8228.0,0.0,0.0,0.0,0.0,0.0,1.0,0.0,0.0,0.0,0.0,0.0,2.0,0.0,-1.2000000000000002,0.0,0.0,16.0,25903.0
2026-07-30T19:02:39.734Z,329.217,329.232,0.0,7.4,0.0,0.0,0.0,0.0,0.0,0.0,0.0,0.0,1.0,0.0,0.0,0.0,9.0,4.0,0.0,0.0,0.0,0.0,0.0,0.0,0.0,0.0,6.0,12.0,1.0,12.15,5.0200000000000005,2.5,1.49,0.0,0.1,0.0,131.4,0.0,0.2,0.7000000000000001,-0.1,-169.70000000000002,0.0,0.0,169.8,0.0,21.9,29.0,29.0,30.0,300.0,300.0,31.6,35.800000000000004,28.9,28.1,30.0,4.95,1.99,4.96,0.16,0.0,0.0,1027.0,8228.0,0.0,0.0,0.0,0.0,0.0,1.0,0.0,0.0,0.0,0.0,0.0,0.7000000000000001,0.0,0.2,0.0,0.0,16.0,25903.0
2026-07-30T19:02:39.746Z,329.229,329.244,0.0,7.4,0.0,0.0,0.0,0.0,0.0,0.0,0.0,0.0,1.0,0.0,0.0,0.0,9.0,4.0,0.0,0.0,0.0,0.0,0.0,0.0,0.0,0.0,1.0,12.0,1.0,12.15,5.01,2.51,1.49,0.0,0.0,0.0,131.4,0.0,-0.3,-0.4,1.0,-169.70000000000002,0.0,0.0,169.60000000000002,0.0,21.3,29.0,29.0,30.0,300.0,300.0,31.6,35.800000000000004,28.9,28.1,30.0,4.96,1.99,4.97,0.16,0.0,0.0,1027.0,8228.0,0.0,0.0,0.0,0.0,0.0,1.0,0.0,0.0,0.0,0.0,0.0,0.2,0.0,-1.0,0.0,0.0,16.0,25903.0
2026-07-30T19:02:39.758Z,329.241,329.25600000000003,0.0,7.4,0.0,0.0,0.0,0.0,0.0,0.0,0.0,0.0,1.0,0.0,0.0,0.0,9.0,4.0,0.0,0.0,0.0,0.0,0.0,0.0,0.0,0.0,2.0,12.0,1.0,12.15,5.01,2.51,1.49,0.0,0.0,0.0,131.3,0.0,0.2,1.3,1.0,-169.70000000000002,0.0,0.0,169.60000000000002,0.0,21.3,29.0,29.0,30.0,300.0,300.0,31.6,35.800000000000004,28.9,28.1,30.0,4.95,1.99,4.97,0.16,0.0,0.0,1027.0,8228.0,0.0,0.0,0.0,0.0,0.0,1.0,0.0,0.0,0.0,0.0,0.0,2.2,0.0,-0.6000000000000001,0.0,0.0001,16.0,25903.0
2026-07-30T19:02:39.770Z,329.253,329.26800000000003,0.0,7.4,0.0,0.0,0.0,0.0,0.0,0.0,0.0,0.0,1.0,0.0,0.0,0.0,9.0,4.0,0.0,0.0,0.0,0.0,0.0,0.0,0.0,0.0,3.0,12.0,1.0,12.15,5.01,2.51,1.49,0.0,0.0,0.0,131.1,0.0,-0.2,0.1,0.4,-169.70000000000002,0.0,0.0,169.60000000000002,0.0,21.3,29.0,29.0,30.0,300.0,300.0,31.6,35.800000000000004,28.9,28.1,30.0,4.95,1.99,4.97,0.16,0.0,0.0,1027.0,8228.0,0.0,0.0,0.0,0.0,0.0,1.0,0.0,0.0,0.0,0.0,0.0,-1.4,0.0,1.0,0.0,0.0,16.0,25903.0
2026-07-30T19:02:39.782Z,329.265,329.28000000000003,0.0,7.4,0.0,0.0,0.0,0.0,0.0,0.0,0.0,0.0,1.0,0.0,0.0,0.0,9.0,4.0,0.0,0.0,0.0,0.0,0.0,0.0,0.0,0.0,4.0,12.0,1.0,12.15,5.01,2.51,1.49,0.0,0.0,0.0,131.1,0.0,-0.2,-0.3,-0.7000000000000001,-169.70000000000002,0.0,0.0,169.60000000000002,0.0,21.3,29.0,29.0,30.0,300.0,300.0,31.6,35.800000000000004,28.9,28.1,30.0,4.95,1.99,4.97,0.16,0.0,0.0,1027.0,8228.0,0.0,0.0,0.0,0.0,0.0,1.0,0.0,0.0,0.0,0.0,0.0,-0.3,0.0,0.7000000000000001,0.0,0.0,16.0,25903.0
2026-07-30T19:02:39.794Z,329.277,329.29200000000003,0.0,7.4,0.0,0.0,0.0,0.0,0.0,0.0,0.0,0.0,1.0,0.0,0.0,0.0,9.0,4.0,0.0,0.0,0.0,0.0,0.0,0.0,0.0,0.0,5.0,12.0,1.0,12.15,5.01,2.51,1.49,0.0,0.1,0.0,130.9,0.0,-0.8,-0.9,-0.1,-169.70000000000002,0.0,0.0,169.70000000000002,0.0,21.3,29.0,29.0,30.0,300.0,300.0,31.6,35.800000000000004,28.9,28.1,30.0,4.96,1.99,4.97,0.16,0.0,0.0,1027.0,8228.0,0.0,0.0,0.0,0.0,0.0,1.0,0.0,0.0,0.0,0.0,0.0,-0.1,0.0,1.3,0.0,0.0,16.0,25903.0
2026-07-30T19:02:39.806Z,329.289,329.30400000000003,0.0,7.4,0.0,0.0,0.0,0.0,0.0,0.0,0.0,0.0,1.0,0.0,0.0,0.0,9.0,4.0,0.0,0.0,0.0,0.0,0.0,0.0,0.0,0.0,6.0,12.0,1.0,12.15,5.01,2.51,1.49,0.0,0.0,0.0,130.8,0.0,-0.2,-0.3,-0.1,-169.70000000000002,0.0,0.0,169.8,0.0,21.3,29.0,29.0,30.0,300.0,300.0,31.6,35.800000000000004,28.9,28.1,30.0,4.95,1.99,4.96,0.16,0.0,0.0,1027.0,8228.0,0.0,0.0,0.0,0.0,0.0,1.0,0.0,0.0,0.0,0.0,0.0,-0.5,0.0,0.0,0.0,0.0001,16.0,25903.0
2026-07-30T19:02:39.818Z,329.301,329.31600000000003,0.0,7.4,0.0,0.0,0.0,0.0,0.0,0.0,0.0,0.0,1.0,0.0,0.0,0.0,9.0,4.0,0.0,0.0,0.0,0.0,0.0,0.0,0.0,0.0,2.0,12.0,1.0,12.15,5.01,2.51,1.49,0.0,0.0,0.0,130.70000000000002,0.0,-0.3,0.1,0.9,-169.70000000000002,0.0,0.0,169.70000000000002,0.0,21.3,29.0,29.0,30.0,300.0,300.0,31.6,35.800000000000004,28.9,28.1,30.0,4.95,1.99,4.97,0.16,0.0,0.0,1027.0,8228.0,0.0,0.0,0.0,0.0,0.0,1.0,0.0,0.0,0.0,0.0,0.0,0.9,0.0,-0.8,0.0,0.0001,16.0,25903.0
2026-07-30T19:02:39.830Z,329.313,329.32800000000003,0.0,7.4,0.0,0.0,0.0,0.0,0.0,0.0,0.0,0.0,1.0,0.0,0.0,0.0,9.0,4.0,0.0,0.0,0.0,0.0,0.0,0.0,0.0,0.0,3.0,12.0,1.0,12.15,5.01,2.51,1.49,0.0,0.0,0.0,130.6,0.0,0.8,0.7000000000000001,1.0,-169.70000000000002,0.0,0.0,169.70000000000002,0.0,21.3,29.0,29.0,30.0,300.0,300.0,31.6,35.800000000000004,28.9,28.1,30.0,4.96,1.99,4.97,0.16,0.0,0.0,1027.0,8228.0,0.0,0.0,0.0,0.0,0.0,1.0,0.0,0.0,0.0,0.0,0.0,1.6,0.0,-0.7000000000000001,0.0,0.0,16.0,25903.0
2026-07-30T19:02:39.843Z,329.326,329.34000000000003,0.0,7.4,0.0,0.0,0.0,0.0,0.0,0.0,0.0,0.0,1.0,0.0,0.0,0.0,9.0,4.0,0.0,0.0,0.0,0.0,0.0,0.0,0.0,0.0,4.0,12.0,1.0,12.18,5.01,2.51,1.49,0.0,0.0,0.0,130.5,0.0,0.2,-0.4,-0.8,-169.70000000000002,0.0,0.0,169.70000000000002,0.0,20.9,29.0,29.0,30.0,300.0,300.0,31.700000000000003,35.800000000000004,28.9,28.1,30.0,4.96,1.99,4.96,0.16,0.0,0.0,1027.0,8228.0,0.0,0.0,0.0,0.0,0.0,1.0,0.0,0.0,0.0,0.0,0.0,-1.0,0.0,0.6000000000000001,0.0,0.0001,16.0,25903.0
2026-07-30T19:02:39.854Z,329.337,329.35200000000003,0.0,7.4,0.0,0.0,0.0,0.0,0.0,0.0,0.0,0.0,1.0,0.0,0.0,0.0,9.0,4.0,0.0,0.0,0.0,0.0,0.0,0.0,0.0,0.0,5.0,12.0,1.0,12.18,5.01,2.51,1.49,0.0,0.0,0.0,130.4,0.0,-0.3,0.6000000000000001,-0.2,-169.70000000000002,0.0,0.0,169.8,0.0,20.9,29.0,29.0,30.0,300.0,300.0,31.700000000000003,35.800000000000004,28.9,28.1,30.0,4.95,1.99,4.97,0.16,0.0,0.0,1027.0,8228.0,0.0,0.0,0.0,0.0,0.0,1.0,0.0,0.0,0.0,0.0,0.0,0.6000000000000001,0.0,0.3,0.0,0.0,16.0,25903.0
2026-07-30T19:02:39.866Z,329.349,329.36400000000003,0.0,7.4,0.0,0.0,0.0,0.0,0.0,0.0,0.0,0.0,1.0,0.0,0.0,0.0,9.0,4.0,0.0,0.0,0.0,0.0,0.0,0.0,0.0,0.0,6.0,12.0,1.0,12.18,5.01,2.51,1.49,0.0,0.0,0.0,130.3,0.0,0.8,1.8,3.2,-169.70000000000002,0.0,0.0,169.70000000000002,0.0,20.9,29.0,29.0,30.0,300.0,300.0,31.700000000000003,35.800000000000004,28.9,28.1,30.0,4.95,1.99,4.97,0.16,0.0,0.0,1027.0,8228.0,0.0,0.0,0.0,0.0,0.0,1.0,0.0,0.0,0.0,0.0,0.0,4.5,0.0,-2.5,0.0,0.0001,16.0,25903.0
2026-07-30T19:02:39.878Z,329.361,329.37600000000003,0.0,7.4,0.0,0.0,0.0,0.0,0.0,0.0,0.0,0.0,1.0,0.0,0.0,0.0,9.0,4.0,0.0,0.0,0.0,0.0,0.0,0.0,0.0,0.0,2.0,12.0,1.0,12.18,5.01,2.51,1.49,0.0,0.1,0.0,130.1,0.0,-0.9,-0.4,-0.7000000000000001,-169.70000000000002,0.0,0.0,169.70000000000002,0.0,20.9,29.0,29.0,30.0,300.0,300.0,31.700000000000003,35.800000000000004,28.9,28.1,30.0,4.95,1.99,4.97,0.16,0.0,0.0,1027.0,8228.0,0.0,0.0,0.0,0.0,0.0,1.0,0.0,0.0,0.0,0.0,0.0,-1.1,0.0,0.5,0.0,0.0,16.0,25903.0
2026-07-30T19:02:39.890Z,329.373,329.38800000000003,0.0,7.4,0.0,0.0,0.0,0.0,0.0,0.0,0.0,0.0,1.0,0.0,0.0,0.0,9.0,4.0,0.0,0.0,0.0,0.0,0.0,0.0,0.0,0.0,2.0,12.0,1.0,12.18,5.01,2.51,1.49,0.0,0.1,0.0,130.1,0.0,-0.3,0.1,-0.2,-169.70000000000002,0.0,0.0,169.70000000000002,0.0,20.9,29.0,29.0,30.0,300.0,300.0,31.700000000000003,35.800000000000004,28.9,28.1,30.0,4.96,1.99,4.96,0.16,0.0,0.0,1027.0,8228.0,0.0,0.0,0.0,0.0,0.0,1.0,0.0,0.0,0.0,0.0,0.0,0.0,0.0,0.2,0.0,0.0,16.0,25903.0
2026-07-30T19:02:39.902Z,329.385,329.40000000000003,0.0,7.4,0.0,0.0,0.0,0.0,0.0,0.0,0.0,0.0,1.0,0.0,0.0,0.0,9.0,4.0,0.0,0.0,0.0,0.0,0.0,0.0,0.0,0.0,4.0,12.0,1.0,12.18,5.01,2.51,1.49,0.0,0.0,0.0,130.0,0.0,0.2,0.1,-0.7000000000000001,-169.70000000000002,0.0,0.0,169.60000000000002,0.0,20.9,29.0,29.0,30.0,300.0,300.0,31.700000000000003,35.800000000000004,28.9,28.1,30.0,4.95,1.99,4.97,0.16,0.0,0.0,1027.0,8228.0,0.0,0.0,0.0,0.0,0.0,1.0,0.0,0.0,0.0,0.0,0.0,-0.4,0.0,0.7000000000000001,0.0,0.0,16.0,25903.0
2026-07-30T19:02:39.914Z,329.397,329.41200000000003,0.0,7.4,0.0,0.0,0.0,0.0,0.0,0.0,0.0,0.0,1.0,0.0,0.0,0.0,9.0,4.0,0.0,0.0,0.0,0.0,0.0,0.0,0.0,0.0,5.0,12.0,1.0,12.18,5.01,2.51,1.49,0.0,0.0,0.0,129.9,0.0,0.2,1.2000000000000002,-0.7000000000000001,-169.70000000000002,0.0,0.0,169.70000000000002,0.0,20.9,29.0,29.0,30.0,300.0,300.0,31.700000000000003,35.800000000000004,28.9,28.1,30.0,4.95,1.99,4.96,0.16,0.0,0.0,1027.0,8228.0,0.0,0.0,0.0,0.0,0.0,1.0,0.0,0.0,0.0,0.0,0.0,0.8,0.0,0.9,0.0,0.0,16.0,25903.0
2026-07-30T19:02:39.926Z,329.409,329.42400000000004,0.0,7.4,0.0,0.0,0.0,0.0,0.0,0.0,0.0,0.0,1.0,0.0,0.0,0.0,9.0,4.0,0.0,0.0,0.0,0.0,0.0,0.0,0.0,0.0,6.0,12.0,1.0,12.18,5.01,2.51,1.49,0.0,0.0,0.0,129.8,0.0,0.2,-0.4,-0.1,-169.70000000000002,0.0,0.0,169.70000000000002,0.0,20.9,29.0,29.0,30.0,300.0,300.0,31.700000000000003,35.800000000000004,28.9,28.1,30.0,4.96,1.99,4.96,0.16,0.0,0.0,1027.0,8228.0,0.0,0.0,0.0,0.0,0.0,1.0,0.0,0.0,0.0,0.0,0.0,-0.6000000000000001,0.0,0.0,0.0,0.0,16.0,25903.0
2026-07-30T19:02:39.937Z,329.42,329.436,0.0,7.4,0.0,0.0,0.0,0.0,0.0,0.0,0.0,0.0,1.0,0.0,0.0,0.0,9.0,4.0,0.0,0.0,0.0,0.0,0.0,0.0,0.0,0.0,1.0,12.0,1.0,12.18,5.01,2.51,1.49,0.0,0.0,0.0,129.9,0.0,0.8,0.1,-0.7000000000000001,-169.70000000000002,0.0,0.0,169.70000000000002,0.0,20.9,29.0,29.0,30.0,300.0,300.0,31.700000000000003,35.800000000000004,28.9,28.1,30.0,4.95,1.99,4.97,0.16,0.0,0.0,1027.0,8228.0,0.0,0.0,0.0,0.0,0.0,1.0,0.0,0.0,0.0,0.0,0.0,-0.3,0.0,0.6000000000000001,0.0,0.0,16.0,25903.0
2026-07-30T19:02:39.950Z,329.433,329.448,0.0,7.4,0.0,0.0,0.0,0.0,0.0,0.0,0.0,0.0,1.0,0.0,0.0,0.0,9.0,4.0,0.0,0.0,0.0,0.0,0.0,0.0,0.0,0.0,2.0,12.0,1.0,12.15,5.01,2.5,1.49,0.0,0.0,0.0,130.20000000000002,0.0,-0.3,0.7000000000000001,2.2,-169.60000000000002,0.0,0.0,169.60000000000002,0.0,21.8,29.0,29.0,30.0,300.0,300.0,31.6,35.800000000000004,28.9,28.1,30.0,4.96,2.0,4.97,0.16,0.0,0.0,1027.0,8228.0,0.0,0.0,0.0,0.0,0.0,1.0,0.0,0.0,0.0,0.0,0.0,2.4000000000000004,0.0,-1.8,0.0,0.0,16.0,25903.0
2026-07-30T19:02:39.962Z,329.445,329.46,0.0,7.4,0.0,0.0,0.0,0.0,0.0,0.0,0.0,0.0,1.0,0.0,0.0,0.0,9.0,4.0,0.0,0.0,0.0,0.0,0.0,0.0,0.0,0.0,3.0,12.0,1.0,12.15,5.01,2.5,1.49,0.0,0.0,0.0,130.4,0.0,-0.9,0.1,-0.7000000000000001,-169.60000000000002,0.0,0.0,169.60000000000002,0.0,21.8,29.0,29.0,30.0,300.0,300.0,31.6,35.800000000000004,28.9,28.1,30.0,4.96,2.0,4.97,0.16,0.0,0.0,1027.0,8228.0,0.0,0.0,0.0,0.0,0.0,1.0,0.0,0.0,0.0,0.0,0.0,-0.4,0.0,0.6000000000000001,0.0,0.0,16.0,25903.0
2026-07-30T19:02:39.974Z,329.457,329.472,0.0,7.4,0.0,0.0,0.0,0.0,0.0,0.0,0.0,0.0,1.0,0.0,0.0,0.0,9.0,4.0,0.0,0.0,0.0,0.0,0.0,0.0,0.0,0.0,4.0,12.0,1.0,12.15,5.01,2.5,1.49,0.0,0.0,0.0,130.6,0.0,0.2,-0.4,-0.1,-169.60000000000002,0.0,0.0,169.60000000000002,0.0,21.8,29.0,29.0,30.0,300.0,300.0,31.6,35.800000000000004,28.9,28.1,30.0,4.96,1.99,4.97,0.16,0.0,0.0,1027.0,8228.0,0.0,0.0,0.0,0.0,0.0,1.0,0.0,0.0,0.0,0.0,0.0,-0.6000000000000001,0.0,0.0,0.0,0.0,16.0,25903.0
2026-07-30T19:02:39.986Z,329.469,329.484,0.0,7.4,0.0,0.0,0.0,0.0,0.0,0.0,0.0,0.0,1.0,0.0,0.0,0.0,9.0,4.0,0.0,0.0,0.0,0.0,0.0,0.0,0.0,0.0,5.0,12.0,1.0,12.15,5.01,2.5,1.49,0.0,0.0,0.0,130.70000000000002,0.0,0.2,0.1,-0.1,-169.60000000000002,0.0,0.0,169.60000000000002,0.0,21.8,29.0,29.0,30.0,300.0,300.0,31.6,35.800000000000004,28.9,28.1,30.0,4.95,1.99,4.97,0.16,0.0,0.0,1027.0,8228.0,0.0,0.0,0.0,0.0,0.0,1.0,0.0,0.0,0.0,0.0,0.0,0.0,0.0,0.1,0.0,0.0,16.0,25903.0
2026-07-30T19:02:39.998Z,329.481,329.496,0.0,7.4,0.0,0.0,0.0,0.0,0.0,0.0,0.0,0.0,1.0,0.0,0.0,0.0,9.0,4.0,0.0,0.0,0.0,0.0,0.0,0.0,0.0,0.0,1.0,12.0,1.0,12.15,5.01,2.5,1.49,0.0,0.0,0.0,130.9,0.0,0.2,0.0,-0.6000000000000001,-169.60000000000002,0.0,0.0,169.60000000000002,0.0,21.8,29.0,29.0,30.0,300.0,300.0,31.6,35.800000000000004,28.9,28.1,30.0,4.96,1.99,4.96,0.16,0.0,0.0,1027.0,8228.0,0.0,0.0,0.0,0.0,0.0,1.0,0.0,0.0,0.0,0.0,0.0,-0.3,0.0,0.6000000000000001,0.0,0.0,16.0,25903.0
2026-07-30T19:02:40.010Z,329.493,329.508,0.0,7.4,0.0,0.0,0.0,0.0,0.0,0.0,0.0,0.0,1.0,0.0,0.0,0.0,9.0,4.0,0.0,0.0,0.0,0.0,0.0,0.0,0.0,0.0,2.0,12.0,1.0,12.15,5.01,2.5,1.49,0.0,0.0,0.0,131.1,0.0,0.8,1.8,0.0,-169.60000000000002,0.0,0.0,169.60000000000002,0.0,21.8,29.0,29.0,30.0,300.0,300.0,31.6,35.800000000000004,28.9,28.1,30.0,4.96,1.99,4.97,0.16,0.0,0.0,1027.0,8228.0,0.0,0.0,0.0,0.0,0.0,1.0,0.0,0.0,0.0,0.0,0.0,2.0,0.0,0.4,0.0,0.0,16.0,25903.0
2026-07-30T19:02:40.022Z,329.505,329.52,0.0,7.4,0.0,0.0,0.0,0.0,0.0,0.0,0.0,0.0,1.0,0.0,0.0,0.0,9.0,4.0,0.0,0.0,0.0,0.0,0.0,0.0,0.0,0.0,3.0,12.0,1.0,12.15,5.01,2.5,1.49,0.0,0.0,0.0,131.3,0.0,-0.3,0.0,-1.2000000000000002,-169.60000000000002,0.0,0.0,169.70000000000002,0.0,21.8,29.0,29.0,30.0,300.0,300.0,31.6,35.800000000000004,28.9,28.1,30.0,4.95,1.98,4.97,0.17,0.0,0.0,1027.0,8228.0,0.0,0.0,0.0,0.0,0.0,1.0,0.0,0.0,0.0,0.0,0.0,-0.7000000000000001,0.0,1.0,0.0,0.0,16.0,25903.0
2026-07-30T19:02:40.034Z,329.517,329.532,0.0,7.4,0.0,0.0,0.0,0.0,0.0,0.0,0.0,0.0,1.0,0.0,0.0,0.0,9.0,4.0,0.0,0.0,0.0,0.0,0.0,0.0,0.0,0.0,4.0,12.0,1.0,12.15,5.01,2.5,1.49,-0.1,0.0,0.0,131.4,0.0,0.8,0.6000000000000001,0.5,-169.60000000000002,0.0,0.0,169.60000000000002,0.0,21.8,29.0,29.0,30.0,300.0,300.0,31.6,35.800000000000004,28.9,28.1,30.0,4.96,1.98,4.97,0.16,0.0,0.0,1027.0,8228.0,0.0,0.0,0.0,0.0,0.0,1.0,0.0,0.0,0.0,0.0,0.0,1.1,0.0,-0.3,0.0,0.0,16.0,25903.0
2026-07-30T19:02:40.047Z,329.53,329.544,0.0,7.4,0.0,0.0,0.0,0.0,0.0,0.0,0.0,0.0,1.0,0.0,0.0,0.0,9.0,4.0,0.0,0.0,0.0,0.0,0.0,0.0,0.0,0.0,5.0,12.0,1.0,12.15,5.0200000000000005,2.5,1.49,0.0,0.0,0.0,131.6,0.0,-0.8,-1.0,0.0,-169.60000000000002,0.0,0.0,169.70000000000002,0.0,21.700000000000003,29.0,29.0,30.0,300.0,300.0,31.5,35.800000000000004,28.9,28.1,30.0,4.95,1.99,4.97,0.16,0.0,0.0,1027.0,8228.0,0.0,0.0,0.0,0.0,0.0,1.0,0.0,0.0,0.0,0.0,0.0,-1.2000000000000002,0.0,-0.1,0.0,0.0,16.0,25903.0
2026-07-30T19:02:40.058Z,329.541,329.556,0.0,7.4,0.0,0.0,0.0,0.0,0.0,0.0,0.0,0.0,1.0,0.0,0.0,0.0,9.0,4.0,0.0,0.0,0.0,0.0,0.0,0.0,0.0,0.0,6.0,12.0,1.0,12.15,5.0200000000000005,2.5,1.49,0.0,0.0,0.0,131.8,0.0,-0.3,0.1,0.0,-169.60000000000002,0.0,0.0,169.70000000000002,0.0,21.700000000000003,29.0,29.0,30.0,300.0,300.0,31.5,35.800000000000004,28.9,28.1,30.0,4.95,1.99,4.97,0.16,0.0,0.0,1027.0,8228.0,0.0,0.0,0.0,0.0,0.0,1.0,0.0,0.0,0.0,0.0,0.0,0.0,0.0,0.0,0.0,0.0,16.0,25903.0
2026-07-30T19:02:40.070Z,329.553,329.568,0.0,7.4,0.0,0.0,0.0,0.0,0.0,0.0,0.0,0.0,1.0,0.0,0.0,0.0,9.0,4.0,0.0,0.0,0.0,0.0,0.0,0.0,0.0,0.0,1.0,12.0,1.0,12.15,5.0200000000000005,2.5,1.49,0.0,0.0,0.0,132.0,0.0,0.2,0.1,1.0,-169.60000000000002,0.0,0.0,169.60000000000002,0.0,21.700000000000003,29.0,29.0,30.0,300.0,300.0,31.5,35.800000000000004,28.9,28.1,30.0,4.95,2.0,4.97,0.16,0.0,0.0,1027.0,8228.0,0.0,0.0,0.0,0.0,0.0,1.0,0.0,0.0,0.0,0.0,0.0,0.9,0.0,-0.8,0.0,0.0,16.0,25903.0
2026-07-30T19:02:40.082Z,329.565,329.58,0.0,7.4,0.0,0.0,0.0,0.0,0.0,0.0,0.0,0.0,1.0,0.0,0.0,0.0,9.0,4.0,0.0,0.0,0.0,0.0,0.0,0.0,0.0,0.0,3.0,12.0,1.0,12.15,5.0200000000000005,2.5,1.49,0.0,0.0,0.0,132.20000000000002,0.0,0.2,-1.0,-1.2000000000000002,-169.60000000000002,0.0,0.0,169.60000000000002,0.0,21.700000000000003,29.0,29.0,30.0,300.0,300.0,31.5,35.800000000000004,28.9,28.1,30.0,4.96,2.0,4.96,0.16,0.0,0.0,1027.0,8228.0,0.0,0.0,0.0,0.0,0.0,1.0,0.0,0.0,0.0,0.0,0.0,-2.0,0.0,0.9,0.0,0.0,16.0,25903.0
2026-07-30T19:02:40.094Z,329.577,329.592,0.0,7.4,0.0,0.0,0.0,0.0,0.0,0.0,0.0,0.0,1.0,0.0,0.0,0.0,9.0,4.0,0.0,0.0,0.0,0.0,0.0,0.0,0.0,0.0,4.0,12.0,1.0,12.15,5.0200000000000005,2.5,1.49,0.0,0.0,0.0,132.4,0.0,0.2,-1.0,1.0,-169.60000000000002,0.0,0.0,169.60000000000002,0.0,21.700000000000003,29.0,29.0,30.0,300.0,300.0,31.5,35.800000000000004,28.9,28.1,30.0,4.95,1.99,4.97,0.16,0.0,0.0,1027.0,8228.0,0.0,0.0,0.0,0.0,0.0,1.0,0.0,0.0,0.0,0.0,0.0,-0.4,0.0,-1.1,0.0,0.0,16.0,25903.0
2026-07-30T19:02:40.106Z,329.589,329.604,0.0,7.4,0.0,0.0,0.0,0.0,0.0,0.0,0.0,0.0,1.0,0.0,0.0,0.0,9.0,4.0,0.0,0.0,0.0,0.0,0.0,0.0,0.0,0.0,5.0,12.0,1.0,12.15,5.0200000000000005,2.5,1.49,0.0,0.0,0.0,132.5,0.0,-0.3,0.0,-0.7000000000000001,-169.60000000000002,0.0,0.0,169.70000000000002,0.0,21.700000000000003,29.0,29.0,30.0,300.0,300.0,31.5,35.800000000000004,28.9,28.1,30.0,4.95,1.99,4.97,0.17,0.0,0.0,1027.0,8228.0,0.0,0.0,0.0,0.0,0.0,1.0,0.0,0.0,0.0,0.0,0.0,-0.4,0.0,0.6000000000000001,0.0,0.0,16.0,25903.0
2026-07-30T19:02:40.118Z,329.601,329.616,0.0,7.4,0.0,0.0,0.0,0.0,0.0,0.0,0.0,0.0,1.0,0.0,0.0,0.0,9.0,4.0,0.0,0.0,0.0,0.0,0.0,0.0,0.0,0.0,6.0,12.0,1.0,12.15,5.0200000000000005,2.5,1.49,0.0,0.0,0.0,132.70000000000002,0.0,0.2,0.6000000000000001,0.4,-169.60000000000002,0.0,0.0,169.60000000000002,0.0,21.700000000000003,29.0,29.0,30.0,300.0,300.0,31.5,35.800000000000004,28.9,28.1,30.0,4.96,2.0,4.97,0.16,0.0,0.0,1027.0,8228.0,0.0,0.0,0.0,0.0,0.0,1.0,0.0,0.0,0.0,0.0,0.0,1.1,0.0,-0.2,0.0,0.0001,16.0,25903.0
2026-07-30T19:02:40.130Z,329.613,329.628,0.0,7.4,0.0,0.0,0.0,0.0,0.0,0.0,0.0,0.0,1.0,0.0,0.0,0.0,9.0,4.0,0.0,0.0,0.0,0.0,0.0,0.0,0.0,0.0,2.0,12.0,1.0,12.15,5.0200000000000005,2.5,1.49,0.0,0.0,0.0,132.9,0.0,0.8,-0.4,1.0,-169.60000000000002,0.0,0.0,169.60000000000002,0.0,21.700000000000003,29.0,29.0,30.0,300.0,300.0,31.5,35.800000000000004,28.9,28.1,30.0,4.96,2.0,4.96,0.16,0.0,0.0,1027.0,8228.0,0.0,0.0,0.0,0.0,0.0,1.0,0.0,0.0,0.0,0.0,0.0,0.2,0.0,-1.0,0.0,0.0,16.0,25903.0
2026-07-30T19:02:40.141Z,329.624,329.64,0.0,7.4,0.0,0.0,0.0,0.0,0.0,0.0,0.0,0.0,1.0,0.0,0.0,0.0,9.0,4.0,0.0,0.0,0.0,0.0,0.0,0.0,0.0,0.0,3.0,12.0,1.0,12.15,5.0200000000000005,2.5,1.49,0.0,0.0,0.0,133.1,0.0,-0.9,-1.0,-1.2000000000000002,-169.60000000000002,0.0,0.0,169.70000000000002,0.0,21.700000000000003,29.0,29.0,30.0,300.0,300.0,31.5,35.800000000000004,28.9,28.1,30.0,4.95,1.99,4.97,0.16,0.0,0.0,1027.0,8228.0,0.0,0.0,0.0,0.0,0.0,1.0,0.0,0.0,0.0,0.0,0.0,-2.1,0.0,0.9,0.0,0.0,16.0,25903.0
2026-07-30T19:02:40.154Z,329.637,329.652,0.0,7.4,0.0,0.0,0.0,0.0,0.0,0.0,0.0,0.0,1.0,0.0,0.0,0.0,9.0,4.0,0.0,0.0,0.0,0.0,0.0,0.0,0.0,0.0,4.0,12.0,1.0,12.19,5.0200000000000005,2.51,1.49,0.0,0.0,0.0,133.3,0.0,0.2,0.1,0.4,-169.60000000000002,0.0,0.0,169.70000000000002,0.0,21.3,29.0,29.0,30.0,300.0,300.0,31.4,35.800000000000004,28.9,28.1,30.0,4.95,1.99,4.96,0.16,0.0,0.0,1027.0,8228.0,0.0,0.0,0.0,0.0,0.0,1.0,0.0,0.0,0.0,0.0,0.0,0.4,0.0,-0.3,0.0,0.0,16.0,25903.0
2026-07-30T19:02:40.166Z,329.649,329.664,0.0,7.4,0.0,0.0,0.0,0.0,0.0,0.0,0.0,0.0,1.0,0.0,0.0,0.0,9.0,4.0,0.0,0.0,0.0,0.0,0.0,0.0,0.0,0.0,6.0,12.0,1.0,12.19,5.0200000000000005,2.51,1.49,0.0,0.0,0.0,133.4,0.0,-0.3,1.2000000000000002,0.0,-169.60000000000002,0.0,0.0,169.70000000000002,0.0,21.3,29.0,29.0,30.0,300.0,300.0,31.4,35.800000000000004,28.9,28.1,30.0,4.96,1.99,4.96,0.16,0.0,0.0,1027.0,8228.0,0.0,0.0,0.0,0.0,0.0,1.0,0.0,0.0,0.0,0.0,0.0,1.3,0.0,0.3,0.0,0.0,16.0,25903.0
2026-07-30T19:02:40.178Z,329.661,329.676,0.0,7.4,0.0,0.0,0.0,0.0,0.0,0.0,0.0,0.0,1.0,0.0,0.0,0.0,9.0,4.0,0.0,0.0,0.0,0.0,0.0,0.0,0.0,0.0,1.0,12.0,1.0,12.19,5.0200000000000005,2.51,1.49,0.0,0.0,0.0,133.5,0.0,0.2,0.6000000000000001,-0.1,-169.60000000000002,0.0,0.0,169.70000000000002,0.0,21.3,29.0,29.0,30.0,300.0,300.0,31.4,35.800000000000004,28.9,28.1,30.0,4.95,1.99,4.96,0.16,0.0,0.0,1027.0,8228.0,0.0,0.0,0.0,0.0,0.0,1.0,0.0,0.0,0.0,0.0,0.0,0.6000000000000001,0.0,0.2,0.0,0.0,16.0,25903.0
2026-07-30T19:02:40.190Z,329.673,329.688,0.0,7.4,0.0,0.0,0.0,0.0,0.0,0.0,0.0,0.0,1.0,0.0,0.0,0.0,9.0,4.0,0.0,0.0,0.0,0.0,0.0,0.0,0.0,0.0,3.0,12.0,1.0,12.19,5.0200000000000005,2.51,1.49,0.0,0.0,0.0,133.3,0.0,0.2,-0.4,0.4,-169.60000000000002,0.0,0.0,169.70000000000002,0.0,21.3,29.0,29.0,30.0,300.0,300.0,31.4,35.800000000000004,28.9,28.1,30.0,4.96,1.99,4.97,0.16,0.0,0.0,1027.0,8228.0,0.0,0.0,0.0,0.0,0.0,1.0,0.0,0.0,0.0,0.0,0.0,-0.2,0.0,-0.4,0.0,0.0,16.0,25903.0
2026-07-30T19:02:40.202Z,329.685,329.7,0.0,7.4,0.0,0.0,0.0,0.0,0.0,0.0,0.0,0.0,1.0,0.0,0.0,0.0,9.0,4.0,0.0,0.0,0.0,0.0,0.0,0.0,0.0,0.0,4.0,12.0,1.0,12.19,5.0200000000000005,2.51,1.49,0.0,0.0,0.0,133.3,0.0,-0.9,0.1,0.0,-169.60000000000002,0.0,0.0,169.60000000000002,0.0,21.3,29.0,29.0,30.0,300.0,300.0,31.4,35.800000000000004,28.9,28.1,30.0,4.96,2.0,4.96,0.16,0.0,0.0,1027.0,8228.0,0.0,0.0,0.0,0.0,0.0,1.0,0.0,0.0,0.0,0.0,0.0,0.0,0.0,0.0,0.0,0.0,16.0,25903.0
2026-07-30T19:02:40.214Z,329.697,329.712,0.0,7.4,0.0,0.0,0.0,0.0,0.0,0.0,0.0,0.0,1.0,0.0,0.0,0.0,9.0,4.0,0.0,0.0,0.0,0.0,0.0,0.0,0.0,0.0,5.0,12.0,1.0,12.19,5.0200000000000005,2.51,1.49,0.0,0.0,0.0,133.1,0.0,-0.9,-1.0,-1.2000000000000002,-169.60000000000002,0.0,0.0,169.60000000000002,0.0,21.3,29.0,29.0,30.0,300.0,300.0,31.4,35.800000000000004,28.9,28.1,30.0,4.96,1.99,4.96,0.16,0.0,0.0,1027.0,8228.0,0.0,0.0,0.0,0.0,0.0,1.0,0.0,0.0,0.0,0.0,0.0,-2.1,0.0,0.9,0.0,0.0,16.0,25903.0
2026-07-30T19:02:40.226Z,329.709,329.724,0.0,7.4,0.0,0.0,0.0,0.0,0.0,0.0,0.0,0.0,1.0,0.0,0.0,0.0,9.0,4.0,0.0,0.0,0.0,0.0,0.0,0.0,0.0,0.0,1.0,12.0,1.0,12.19,5.0200000000000005,2.51,1.49,0.0,0.0,0.0,133.0,0.0,0.2,-0.4,0.4,-169.60000000000002,0.0,0.0,169.70000000000002,0.0,21.3,29.0,29.0,30.0,300.0,300.0,31.4,35.800000000000004,28.9,28.1,30.0,4.95,1.99,4.97,0.16,0.0,0.0,1027.0,8228.0,0.0,0.0,0.0,0.0,0.0,1.0,0.0,0.0,0.0,0.0,0.0,-0.1,0.0,-0.5,0.0,0.0,16.0,25903.0
2026-07-30T19:02:40.238Z,329.721,329.736,0.0,7.4,0.0,0.0,0.0,0.0,0.0,0.0,0.0,0.0,1.0,0.0,0.0,0.0,9.0,4.0,0.0,0.0,0.0,0.0,0.0,0.0,0.0,0.0,2.0,12.0,1.0,12.19,5.0200000000000005,2.51,1.49,0.0,0.0,0.0,132.9,0.0,0.1,0.1,1.1,-169.60000000000002,0.0,0.0,169.8,0.0,21.3,29.0,29.0,30.0,300.0,300.0,31.4,35.800000000000004,28.9,28.1,30.0,4.96,1.99,4.97,0.16,0.0,0.0,1027.0,8228.0,0.0,0.0,0.0,0.0,0.0,1.0,0.0,0.0,0.0,0.0,0.0,0.9,0.0,-0.9,0.0,0.0,16.0,25903.0
2026-07-30T19:02:40.251Z,329.734,329.748,0.0,7.4,0.0,0.0,0.0,0.0,0.0,0.0,0.0,0.0,1.0,0.0,0.0,0.0,9.0,4.0,0.0,0.0,0.0,0.0,0.0,0.0,0.0,0.0,3.0,12.0,1.0,12.19,5.01,2.51,1.5,0.0,0.0,0.0,132.8,0.0,0.1,0.6000000000000001,0.0,-169.60000000000002,0.0,0.0,169.8,0.0,21.700000000000003,29.0,29.0,30.0,300.0,300.0,31.6,35.800000000000004,28.9,28.1,30.0,4.96,1.99,4.97,0.16,0.0,0.0,1027.0,8228.0,0.0,0.0,0.0,0.0,0.0,1.0,0.0,0.0,0.0,0.0,0.0,0.7000000000000001,0.0,0.1,0.0,0.0001,16.0,25903.0
2026-07-30T19:02:40.262Z,329.745,329.76,0.0,7.4,0.0,0.0,0.0,0.0,0.0,0.0,0.0,0.0,1.0,0.0,0.0,0.0,9.0,4.0,0.0,0.0,0.0,0.0,0.0,0.0,0.0,0.0,5.0,12.0,1.0,12.19,5.01,2.51,1.5,0.0,0.0,0.0,132.70000000000002,0.0,-0.3,0.0,0.0,-169.60000000000002,0.0,0.0,169.70000000000002,0.0,21.700000000000003,29.0,29.0,30.0,300.0,300.0,31.6,35.800000000000004,28.9,28.1,30.0,4.95,1.99,4.97,0.16,0.0,0.0,1027.0,8228.0,0.0,0.0,0.0,0.0,0.0,1.0,0.0,0.0,0.0,0.0,0.0,0.0,0.0,0.0,0.0,0.0,16.0,25903.0
2026-07-30T19:02:40.274Z,329.757,329.772,0.0,7.4,0.0,0.0,0.0,0.0,0.0,0.0,0.0,0.0,1.0,0.0,0.0,0.0,9.0,4.0,0.0,0.0,0.0,0.0,0.0,0.0,0.0,0.0,6.0,12.0,1.0,12.19,5.01,2.51,1.5,0.0,0.0,0.0,132.6,0.0,0.2,-0.5,1.0,-169.60000000000002,0.0,0.0,169.70000000000002,0.0,21.700000000000003,29.0,29.0,30.0,300.0,300.0,31.6,35.800000000000004,28.9,28.1,30.0,4.96,1.99,4.96,0.16,0.0,0.0,1027.0,8228.0,0.0,0.0,0.0,0.0,0.0,1.0,0.0,0.0,0.0,0.0,0.0,0.1,0.0,-1.0,0.0,0.0,16.0,25903.0
2026-07-30T19:02:40.286Z,329.769,329.784,0.0,7.4,0.0,0.0,0.0,0.0,0.0,0.0,0.0,0.0,1.0,0.0,0.0,0.0,9.0,4.0,0.0,0.0,0.0,0.0,0.0,0.0,0.0,0.0,1.0,12.0,1.0,12.19,5.01,2.51,1.5,0.0,0.0,0.0,132.5,0.0,0.2,0.0,0.4,-169.60000000000002,0.0,0.0,169.70000000000002,0.0,21.700000000000003,29.0,29.0,30.0,300.0,300.0,31.6,35.800000000000004,28.9,28.1,30.0,4.96,2.0,4.96,0.16,0.0,0.0,1027.0,8228.0,0.0,0.0,0.0,0.0,0.0,1.0,0.0,0.0,0.0,0.0,0.0,-1.8,0.0,0.4,0.0,0.0,16.0,25903.0
2026-07-30T19:02:40.298Z,329.781,329.796,0.0,7.4,0.0,0.0,0.0,0.0,0.0,0.0,0.0,0.0,1.0,0.0,0.0,0.0,9.0,4.0,0.0,0.0,0.0,0.0,0.0,0.0,0.0,0.0,3.0,12.0,1.0,12.19,5.01,2.51,1.5,0.0,0.0,0.0,132.4,0.0,0.2,0.0,-0.7000000000000001,-169.60000000000002,0.0,0.0,169.8,0.0,21.700000000000003,29.0,29.0,30.0,300.0,300.0,31.6,35.800000000000004,28.9,28.1,30.0,4.96,1.99,4.97,0.16,0.0,0.0,1027.0,8228.0,0.0,0.0,0.0,0.0,0.0,1.0,0.0,0.0,0.0,0.0,0.0,-0.4,0.0,0.6000000000000001,0.0,0.0,16.0,25903.0
2026-07-30T19:02:40.310Z,329.793,329.808,0.0,7.4,0.0,0.0,0.0,0.0,0.0,0.0,0.0,0.0,1.0,0.0,0.0,0.0,9.0,4.0,0.0,0.0,0.0,0.0,0.0,0.0,0.0,0.0,4.0,12.0,1.0,12.19,5.01,2.51,1.5,0.0,0.0,0.0,132.3,0.0,-0.8,0.6000000000000001,0.4,-169.60000000000002,0.0,0.0,169.70000000000002,0.0,21.700000000000003,29.0,29.0,30.0,300.0,300.0,31.6,35.800000000000004,28.9,28.1,30.0,4.95,1.99,4.97,0.16,0.0,0.0,1027.0,8228.0,0.0,0.0,0.0,0.0,0.0,1.0,0.0,0.0,0.0,0.0,0.0,1.0,0.0,-0.2,0.0,0.0001,16.0,25903.0
2026-07-30T19:02:40.322Z,329.805,329.82,0.0,7.4,0.0,0.0,0.0,0.0,0.0,0.0,0.0,0.0,1.0,0.0,0.0,0.0,9.0,4.0,0.0,0.0,0.0,0.0,0.0,0.0,0.0,0.0,6.0,12.0,1.0,12.19,5.01,2.51,1.5,0.0,0.0,0.0,132.20000000000002,0.0,0.2,-1.0,0.4,-169.60000000000002,0.0,0.0,169.8,0.0,21.700000000000003,29.0,29.0,30.0,300.0,300.0,31.6,35.800000000000004,28.9,28.1,30.0,4.96,1.99,4.96,0.16,0.0,0.0,1027.0,8228.0,0.0,0.0,0.0,0.0,0.0,1.0,0.0,0.0,0.0,0.0,0.0,-0.8,0.0,-0.6000000000000001,0.0,0.0,16.0,25903.0
2026-07-30T19:02:40.334Z,329.817,329.832,0.0,7.4,0.0,0.0,0.0,0.0,0.0,0.0,0.0,0.0,1.0,0.0,0.0,0.0,9.0,4.0,0.0,0.0,0.0,0.0,0.0,0.0,0.0,0.0,1.0,12.0,1.0,12.19,5.01,2.51,1.5,0.0,0.1,0.0,132.1,0.0,0.3,0.0,-0.7000000000000001,-169.60000000000002,0.0,0.0,169.70000000000002,0.0,21.700000000000003,29.0,29.0,30.0,300.0,300.0,31.6,35.800000000000004,28.9,28.1,30.0,4.95,2.0,4.97,0.16,0.0,0.0,1027.0,8228.0,0.0,0.0,0.0,0.0,0.0,1.0,0.0,0.0,0.0,0.0,0.0,-0.5,0.0,0.6000000000000001,0.0,0.0,16.0,25903.0
2026-07-30T19:02:40.346Z,329.829,329.844,0.0,7.4,0.0,0.0,0.0,0.0,0.0,0.0,0.0,0.0,1.0,0.0,0.0,0.0,9.0,4.0,0.0,0.0,0.0,0.0,0.0,0.0,0.0,0.0,2.0,12.0,1.0,12.19,5.01,2.51,1.5,0.0,0.1,0.0,132.0,0.0,-0.2,0.6000000000000001,0.4,-169.60000000000002,0.0,0.0,169.70000000000002,0.0,21.700000000000003,29.0,29.0,30.0,300.0,300.0,31.6,35.800000000000004,28.9,28.1,30.0,4.95,1.99,4.96,0.16,0.0,0.0,1027.0,8228.0,0.0,0.0,0.0,0.0,0.0,1.0,0.0,0.0,0.0,0.0,0.0,1.0,0.0,-0.2,0.0,0.0,16.0,25903.0
2026-07-30T19:02:40.358Z,329.841,329.856,0.0,7.4,0.0,0.0,0.0,0.0,0.0,0.0,0.0,0.0,1.0,0.0,0.0,0.0,9.0,4.0,0.0,0.0,0.0,0.0,0.0,0.0,0.0,0.0,4.0,12.0,1.0,12.18,5.01,2.5,1.49,0.0,0.1,0.0,131.8,0.0,-0.8,0.0,0.4,-169.60000000000002,0.0,0.0,169.60000000000002,0.0,21.4,29.0,29.0,30.0,300.0,300.0,31.700000000000003,35.9,28.9,28.1,30.0,4.96,1.99,4.96,0.16,0.0,0.0,1027.0,8228.0,0.0,0.0,0.0,0.0,0.0,1.0,0.0,0.0,0.0,0.0,0.0,0.3,0.0,-0.3,0.0,0.0,16.0,25903.0
2026-07-30T19:02:40.370Z,329.853,329.868,0.0,7.4,0.0,0.0,0.0,0.0,0.0,0.0,0.0,0.0,1.0,0.0,0.0,0.0,9.0,4.0,0.0,0.0,0.0,0.0,0.0,0.0,0.0,0.0,5.0,12.0,1.0,12.18,5.01,2.5,1.49,0.0,0.0,0.0,131.70000000000002,0.0,-0.2,-1.1,1.0,-169.60000000000002,0.0,0.0,169.70000000000002,0.0,21.4,29.0,29.0,30.0,300.0,300.0,31.700000000000003,35.9,28.9,28.1,30.0,4.95,1.99,4.96,0.16,0.0,0.0,1027.0,8228.0,0.0,0.0,0.0,0.0,0.0,1.0,0.0,0.0,0.0,0.0,0.0,-0.4,0.0,-1.1,0.0,0.0,16.0,25903.0
2026-07-30T19:02:40.382Z,329.865,329.88,0.0,7.4,0.0,0.0,0.0,0.0,0.0,0.0,0.0,0.0,1.0,0.0,0.0,0.0,9.0,4.0,0.0,0.0,0.0,0.0,0.0,0.0,0.0,0.0,1.0,12.0,1.0,12.18,5.01,2.5,1.49,0.0,0.1,0.0,131.6,0.0,0.8,0.0,1.0,-169.60000000000002,0.0,0.0,169.60000000000002,0.0,21.4,29.0,29.0,30.0,300.0,300.0,31.700000000000003,35.9,28.9,28.1,30.0,4.95,1.99,4.97,0.16,0.0,0.0,1027.0,8228.0,0.0,0.0,0.0,0.0,0.0,1.0,0.0,0.0,0.0,0.0,0.0,0.8,0.0,-0.9,0.0,0.0,16.0,25903.0
2026-07-30T19:02:40.394Z,329.877,329.892,0.0,7.4,0.0,0.0,0.0,0.0,0.0,0.0,0.0,0.0,1.0,0.0,0.0,0.0,9.0,4.0,0.0,0.0,0.0,0.0,0.0,0.0,0.0,0.0,2.0,12.0,1.0,12.18,5.01,2.5,1.49,0.0,0.0,0.0,131.5,0.0,-0.2,0.0,-0.6000000000000001,-169.60000000000002,0.0,0.0,169.70000000000002,0.0,21.4,29.0,29.0,30.0,300.0,300.0,31.700000000000003,35.9,28.9,28.1,30.0,4.95,2.01,4.96,0.16,0.0,0.0,1027.0,8228.0,0.0,0.0,0.0,0.0,0.0,1.0,0.0,0.0,0.0,0.0,0.0,-0.4,0.0,0.5,0.0,0.0,16.0,25903.0
2026-07-30T19:02:40.406Z,329.889,329.904,0.0,7.4,0.0,0.0,0.0,0.0,0.0,0.0,0.0,0.0,1.0,0.0,0.0,0.0,9.0,4.0,0.0,0.0,0.0,0.0,0.0,0.0,0.0,0.0,3.0,12.0,1.0,12.18,5.01,2.5,1.49,0.0,0.0,0.0,131.5,0.0,-0.8,0.0,-0.6000000000000001,-169.60000000000002,0.0,0.0,169.60000000000002,0.0,21.4,29.0,29.0,30.0,300.0,300.0,31.700000000000003,35.9,28.9,28.1,30.0,4.96,1.99,4.96,0.16,0.0,0.0,1027.0,8228.0,0.0,0.0,0.0,0.0,0.0,1.0,0.0,0.0,0.0,0.0,0.0,-0.3,0.0,0.5,0.0,0.0,16.0,25903.0
2026-07-30T19:02:40.418Z,329.901,329.916,0.0,7.4,0.0,0.0,0.0,0.0,0.0,0.0,0.0,0.0,1.0,0.0,0.0,0.0,9.0,4.0,0.0,0.0,0.0,0.0,0.0,0.0,0.0,0.0,4.0,12.0,1.0,12.18,5.01,2.5,1.49,0.0,0.0,0.0,131.3,0.0,-0.8,0.0,0.4,-169.60000000000002,0.0,0.0,169.70000000000002,0.0,21.4,29.0,29.0,30.0,300.0,300.0,31.700000000000003,35.9,28.9,28.1,30.0,4.95,1.99,4.97,0.16,0.0,0.0,1027.0,8228.0,0.0,0.0,0.0,0.0,0.0,1.0,0.0,0.0,0.0,0.0,0.0,0.3,0.0,-0.4,0.0,0.0,16.0,25903.0
2026-07-30T19:02:40.430Z,329.913,329.928,0.0,7.4,0.0,0.0,0.0,0.0,0.0,0.0,0.0,0.0,1.0,0.0,0.0,0.0,9.0,4.0,0.0,0.0,0.0,0.0,0.0,0.0,0.0,0.0,5.0,12.0,1.0,12.18,5.01,2.5,1.49,0.0,0.0,0.0,131.3,0.0,0.8,-0.5,0.5,-169.60000000000002,0.0,0.0,169.70000000000002,0.0,21.4,29.0,29.0,30.0,300.0,300.0,31.700000000000003,35.9,28.9,28.1,30.0,4.96,1.99,4.96,0.16,0.0,0.0,1027.0,8228.0,0.0,0.0,0.0,0.0,0.0,1.0,0.0,0.0,0.0,0.0,0.0,-0.2,0.0,-0.5,0.0,0.0,16.0,25903.0
2026-07-30T19:02:40.442Z,329.925,329.94,0.0,7.4,0.0,0.0,0.0,0.0,0.0,0.0,0.0,0.0,1.0,0.0,0.0,0.0,9.0,4.0,0.0,0.0,0.0,0.0,0.0,0.0,0.0,0.0,1.0,12.0,1.0,12.18,5.01,2.5,1.49,0.0,0.1,0.0,131.1,0.0,-0.3,0.6000000000000001,1.6,-169.60000000000002,0.0,0.0,169.70000000000002,0.0,21.4,29.0,29.0,30.0,300.0,300.0,31.700000000000003,35.9,28.9,28.1,30.0,4.96,1.99,4.97,0.16,0.0,0.0,1027.0,8228.0,0.0,0.0,0.0,0.0,0.0,1.0,0.0,0.0,0.0,0.0,0.0,1.9,0.0,-1.3,0.0,0.0,16.0,25903.0
2026-07-30T19:02:40.455Z,329.938,329.952,0.0,7.4,0.0,0.0,0.0,0.0,0.0,0.0,0.0,0.0,1.0,0.0,0.0,0.0,9.0,4.0,0.0,0.0,0.0,0.0,0.0,0.0,0.0,0.0,2.0,12.0,1.0,12.17,5.0200000000000005,2.51,1.49,0.0,0.0,0.0,131.0,0.0,-0.9,0.6000000000000001,-0.7000000000000001,-169.60000000000002,0.0,0.0,169.8,0.0,21.4,29.0,29.0,30.0,300.0,300.0,31.6,35.9,28.9,28.1,30.0,4.95,1.99,4.97,0.16,0.0,0.0,1027.0,8228.0,0.0,0.0,0.0,0.0,0.0,1.0,0.0,0.0,0.0,0.0,0.0,0.1,0.0,0.7000000000000001,0.0,0.0,16.0,25903.0
2026-07-30T19:02:40.466Z,329.949,329.964,0.0,7.4,0.0,0.0,0.0,0.0,0.0,0.0,0.0,0.0,1.0,0.0,0.0,0.0,9.0,4.0,0.0,0.0,0.0,0.0,0.0,0.0,0.0,0.0,3.0,12.0,1.0,12.17,5.0200000000000005,2.51,1.49,0.0,0.0,0.0,130.9,0.0,0.2,0.0,0.5,-169.60000000000002,0.0,0.0,169.70000000000002,0.0,21.4,29.0,29.0,30.0,300.0,300.0,31.6,35.9,28.9,28.1,30.0,4.95,1.99,4.97,0.16,0.0,0.0,1027.0,8228.0,0.0,0.0,0.0,0.0,0.0,1.0,0.0,0.0,0.0,0.0,0.0,0.4,0.0,-0.4,0.0,0.0001,16.0,25903.0
2026-07-30T19:02:40.478Z,329.961,329.976,0.0,7.4,0.0,0.0,0.0,0.0,0.0,0.0,0.0,0.0,1.0,0.0,0.0,0.0,9.0,4.0,0.0,0.0,0.0,0.0,0.0,0.0,0.0,0.0,4.0,12.0,1.0,12.17,5.0200000000000005,2.51,1.49,0.0,0.0,0.0,130.8,0.0,-0.3,0.0,1.0,-169.60000000000002,0.0,0.0,169.8,0.0,21.4,29.0,29.0,30.0,300.0,300.0,31.6,35.9,28.9,28.1,30.0,4.96,1.99,4.96,0.16,0.0,0.0,1027.0,8228.0,0.0,0.0,0.0,0.0,0.0,1.0,0.0,0.0,0.0,0.0,0.0,0.8,0.0,-0.9,0.0,0.0,16.0,25903.0
2026-07-30T19:02:40.490Z,329.973,329.988,0.0,7.4,0.0,0.0,0.0,0.0,0.0,0.0,0.0,0.0,1.0,0.0,0.0,0.0,9.0,4.0,0.0,0.0,0.0,0.0,0.0,0.0,0.0,0.0,5.0,12.0,1.0,12.17,5.0200000000000005,2.51,1.49,0.0,0.0,0.0,130.70000000000002,0.0,0.2,-0.4,-0.6000000000000001,-169.60000000000002,0.0,0.0,169.70000000000002,0.0,21.4,29.0,29.0,30.0,300.0,300.0,31.6,35.9,28.9,28.1,30.0,4.96,1.99,4.97,0.16,0.0,0.0,1027.0,8228.0,0.0,0.0,0.0,0.0,0.0,1.0,0.0,0.0,0.0,0.0,0.0,-1.0,0.0,0.4,0.0,0.0001,16.0,25903.0
2026-07-30T19:02:40.502Z,329.985,330.0,0.0,7.4,0.0,0.0,0.0,0.0,0.0,0.0,0.0,0.0,1.0,0.0,0.0,0.0,9.0,4.0,0.0,0.0,0.0,0.0,0.0,0.0,0.0,0.0,1.0,12.0,1.0,12.17,5.0200000000000005,2.51,1.49,0.0,0.0,0.0,130.6,0.0,-0.2,0.6000000000000001,1.1,-169.60000000000002,0.0,0.0,169.70000000000002,0.0,21.4,29.0,29.0,30.0,300.0,300.0,31.6,35.9,28.9,28.1,30.0,4.95,1.99,4.97,0.16,0.0,0.0,1027.0,8228.0,0.0,0.0,0.0,0.0,0.0,1.0,0.0,0.0,0.0,0.0,0.0,1.6,0.0,-0.8,0.0,0.0,16.0,25903.0
2026-07-30T19:02:40.514Z,329.997,330.012,0.0,7.4,0.0,0.0,0.0,0.0,0.0,0.0,0.0,0.0,1.0,0.0,0.0,0.0,9.0,4.0,0.0,0.0,0.0,0.0,0.0,0.0,0.0,0.0,2.0,12.0,1.0,12.17,5.0200000000000005,2.51,1.49,0.0,0.0,0.0,130.5,0.0,-0.3,-1.0,-1.8,-169.60000000000002,0.0,0.0,169.70000000000002,0.0,21.4,29.0,29.0,30.0,300.0,300.0,31.6,35.9,28.9,28.1,30.0,4.96,1.99,4.96,0.16,0.0,0.0,1027.0,8228.0,0.0,0.0,0.0,0.0,0.0,1.0,0.0,0.0,0.0,0.0,0.0,-2.5,0.0,1.3,0.0,0.0,16.0,25903.0
2026-07-30T19:02:40.526Z,330.009,330.024,0.0,7.4,0.0,0.0,0.0,0.0,0.0,0.0,0.0,0.0,1.0,0.0,0.0,0.0,9.0,4.0,0.0,0.0,0.0,0.0,0.0,0.0,0.0,0.0,3.0,12.0,1.0,12.17,5.0200000000000005,2.51,1.49,0.0,0.0,0.0,130.4,0.0,-0.8,-0.5,-0.5,-169.60000000000002,0.0,0.0,169.70000000000002,0.0,21.4,29.0,29.0,30.0,300.0,300.0,31.6,35.9,28.9,28.1,30.0,4.95,2.0,4.96,0.16,0.0,0.0,1027.0,8228.0,0.0,0.0,0.0,0.0,0.0,1.0,0.0,0.0,0.0,0.0,0.0,-1.0,0.0,0.4,0.0,0.0,16.0,25903.0
2026-07-30T19:02:40.538Z,330.021,330.036,0.0,7.4,0.0,0.0,0.0,0.0,0.0,0.0,0.0,0.0,1.0,0.0,0.0,0.0,9.0,4.0,0.0,0.0,0.0,0.0,0.0,0.0,0.0,0.0,4.0,12.0,1.0,12.17,5.0200000000000005,2.51,1.49,0.0,0.0,0.0,130.20000000000002,0.0,0.2,0.1,-0.5,-169.60000000000002,0.0,0.0,169.60000000000002,0.0,21.4,29.0,29.0,30.0,300.0,300.0,31.6,35.9,28.9,28.1,30.0,4.95,1.99,4.97,0.16,0.0,0.0,1027.0,8228.0,0.0,0.0,0.0,0.0,0.0,1.0,0.0,0.0,0.0,0.0,0.0,-0.3,0.0,0.5,0.0,0.0,16.0,25903.0
2026-07-30T19:02:40.550Z,330.033,330.048,0.0,7.4,0.0,0.0,0.0,0.0,0.0,0.0,0.0,0.0,1.0,0.0,0.0,0.0,9.0,4.0,0.0,0.0,0.0,0.0,0.0,0.0,0.0,0.0,5.0,12.0,1.0,12.17,5.0200000000000005,2.51,1.49,0.0,0.0,0.0,130.1,0.0,-0.8,-0.4,-0.5,-169.60000000000002,0.0,0.0,169.60000000000002,0.0,21.4,29.0,29.0,30.0,300.0,300.0,31.6,35.9,28.9,28.1,30.0,4.95,1.99,4.97,0.16,0.0,0.0,1027.0,8228.0,0.0,0.0,0.0,0.0,0.0,1.0,0.0,0.0,0.0,0.0,0.0,-0.9,0.0,0.4,0.0,0.0,16.0,25903.0
2026-07-30T19:02:40.562Z,330.045,330.06,0.0,7.4,0.0,0.0,0.0,0.0,0.0,0.0,0.0,0.0,1.0,0.0,0.0,0.0,9.0,4.0,0.0,0.0,0.0,0.0,0.0,0.0,0.0,0.0,6.0,12.0,1.0,12.17,5.01,2.51,1.49,0.0,0.0,0.0,130.0,0.0,0.3,-1.0,0.5,-169.60000000000002,0.0,0.0,169.60000000000002,0.0,21.4,29.0,29.0,30.0,300.0,300.0,31.6,35.800000000000004,28.9,28.1,30.0,4.96,1.99,4.96,0.16,0.0,0.0,1027.0,8228.0,0.0,0.0,0.0,0.0,0.0,1.0,0.0,0.0,0.0,0.0,0.0,-0.7000000000000001,0.0,-0.6000000000000001,0.0,0.0,16.0,25903.0
2026-07-30T19:02:40.574Z,330.057,330.072,0.0,7.4,0.0,0.0,0.0,0.0,0.0,0.0,0.0,0.0,1.0,0.0,0.0,0.0,9.0,4.0,0.0,0.0,0.0,0.0,0.0,0.0,0.0,0.0,2.0,12.0,1.0,12.17,5.01,2.51,1.49,0.0,0.0,0.0,129.9,0.0,0.2,-1.0,0.0,-169.60000000000002,0.0,0.0,169.70000000000002,0.0,21.4,29.0,29.0,30.0,300.0,300.0,31.6,35.800000000000004,28.9,28.1,30.0,4.95,1.99,4.97,0.16,0.0,0.0,1027.0,8228.0,0.0,0.0,0.0,0.0,0.0,1.0,0.0,0.0,0.0,0.0,0.0,-1.2000000000000002,0.0,-0.1,0.0,0.0,16.0,25903.0
2026-07-30T19:02:40.586Z,330.069,330.084,0.0,7.4,0.0,0.0,0.0,0.0,0.0,0.0,0.0,0.0,1.0,0.0,0.0,0.0,9.0,4.0,0.0,0.0,0.0,0.0,0.0,0.0,0.0,0.0,3.0,12.0,1.0,12.17,5.01,2.51,1.49,0.0,0.0,0.0,129.8,0.0,-0.3,-0.5,1.0,-169.60000000000002,0.0,0.0,169.60000000000002,0.0,21.4,29.0,29.0,30.0,300.0,300.0,31.6,35.800000000000004,28.9,28.1,30.0,4.95,1.99,4.97,0.16,0.0,0.0,1027.0,8228.0,0.0,0.0,0.0,0.0,0.0,1.0,0.0,0.0,0.0,0.0,0.0,0.1,0.0,-1.0,0.0,0.0,16.0,25903.0
2026-07-30T19:02:40.598Z,330.081,330.096,0.0,7.4,0.0,0.0,0.0,0.0,0.0,0.0,0.0,0.0,1.0,0.0,0.0,0.0,9.0,4.0,0.0,0.0,0.0,0.0,0.0,0.0,0.0,0.0,4.0,12.0,1.0,12.17,5.01,2.51,1.49,0.0,0.0,0.0,129.6,0.0,-0.2,0.0,0.0,-169.60000000000002,0.0,0.0,169.70000000000002,0.0,21.4,29.0,29.0,30.0,300.0,300.0,31.6,35.800000000000004,28.9,28.1,30.0,4.96,2.0,4.97,0.16,0.0,0.0,1027.0,8228.0,0.0,0.0,0.0,0.0,0.0,1.0,0.0,0.0,0.0,0.0,0.0,0.0,0.0,0.0,0.0,0.0,16.0,25903.0
2026-07-30T19:02:40.610Z,330.093,330.108,0.0,7.4,0.0,0.0,0.0,0.0,0.0,0.0,0.0,0.0,1.0,0.0,0.0,0.0,9.0,4.0,0.0,0.0,0.0,0.0,0.0,0.0,0.0,0.0,6.0,12.0,1.0,12.17,5.01,2.51,1.49,0.0,0.0,0.0,129.6,0.0,0.3,1.2000000000000002,0.5,-169.60000000000002,0.0,0.0,169.8,0.0,21.4,29.0,29.0,30.0,300.0,300.0,31.6,35.800000000000004,28.9,28.1,30.0,4.95,2.0,4.96,0.16,0.0,0.0,1027.0,8228.0,0.0,0.0,0.0,0.0,0.0,1.0,0.0,0.0,0.0,0.0,0.0,1.8,0.0,-0.2,0.0,0.0,16.0,25903.0
2026-07-30T19:02:40.622Z,330.105,330.12,0.0,7.4,0.0,0.0,0.0,0.0,0.0,0.0,0.0,0.0,1.0,0.0,0.0,0.0,9.0,4.0,0.0,0.0,0.0,0.0,0.0,0.0,0.0,0.0,1.0,12.0,1.0,12.17,5.01,2.51,1.49,0.0,0.0,0.0,129.9,0.0,0.3,-0.4,0.0,-169.60000000000002,0.0,0.0,169.8,0.0,21.4,29.0,29.0,30.0,300.0,300.0,31.6,35.800000000000004,28.9,28.1,30.0,4.95,1.99,4.97,0.16,0.0,0.0,1027.0,8228.0,0.0,0.0,0.0,0.0,0.0,1.0,0.0,0.0,0.0,0.0,0.0,-0.5,0.0,0.0,0.0,0.0001,16.0,25903.0
2026-07-30T19:02:40.634Z,330.117,330.132,0.0,7.4,0.0,0.0,0.0,0.0,0.0,0.0,0.0,0.0,1.0,0.0,0.0,0.0,9.0,4.0,0.0,0.0,0.0,0.0,0.0,0.0,0.0,0.0,2.0,12.0,1.0,12.17,5.01,2.51,1.49,0.0,0.0,0.0,130.0,0.0,0.3,0.1,-0.6000000000000001,-169.60000000000002,0.0,0.0,169.70000000000002,0.0,21.4,29.0,29.0,30.0,300.0,300.0,31.6,35.800000000000004,28.9,28.1,30.0,4.95,1.99,4.96,0.16,0.0,0.0,1027.0,8228.0,0.0,0.0,0.0,0.0,0.0,1.0,0.0,0.0,0.0,0.0,0.0,-0.3,0.0,0.5,0.0,0.0,16.0,25903.0
2026-07-30T19:02:40.646Z,330.129,330.144,0.0,7.4,0.0,0.0,0.0,0.0,0.0,0.0,0.0,0.0,1.0,0.0,0.0,0.0,9.0,4.0,0.0,0.0,0.0,0.0,0.0,0.0,0.0,0.0,3.0,12.0,1.0,12.17,5.01,2.51,1.49,0.0,0.1,0.0,130.20000000000002,0.0,0.8,1.2000000000000002,-0.6000000000000001,-169.60000000000002,0.0,0.0,169.70000000000002,0.0,21.4,29.0,29.0,30.0,300.0,300.0,31.6,35.800000000000004,28.9,28.1,30.0,4.96,1.99,4.96,0.16,0.0,0.0,1027.0,8228.0,0.0,0.0,0.0,0.0,0.0,1.0,0.0,0.0,0.0,0.0,0.0,0.9,0.0,0.8,0.0,0.0001,16.0,25903.0
2026-07-30T19:02:40.659Z,330.142,330.156,0.0,7.4,0.0,0.0,0.0,0.0,0.0,0.0,0.0,0.0,1.0,0.0,0.0,0.0,9.0,4.0,0.0,0.0,0.0,0.0,0.0,0.0,0.0,0.0,5.0,12.0,1.0,12.17,5.01,2.5,1.49,0.0,0.0,0.0,130.4,0.0,-0.3,0.6000000000000001,1.0,-169.60000000000002,0.0,0.0,169.8,0.0,21.700000000000003,29.0,29.0,30.0,300.0,300.0,31.700000000000003,35.800000000000004,28.9,28.1,30.0,4.96,1.99,4.97,0.16,0.0,0.0,1027.0,8228.0,0.0,0.0,0.0,0.0,0.0,1.0,0.0,0.0,0.0,0.0,0.0,1.5,0.0,-0.7000000000000001,0.0,0.0,16.0,25903.0
2026-07-30T19:02:40.670Z,330.153,330.168,0.0,7.4,0.0,0.0,0.0,0.0,0.0,0.0,0.0,0.0,1.0,0.0,0.0,0.0,9.0,4.0,0.0,0.0,0.0,0.0,0.0,0.0,0.0,0.0,6.0,12.0,1.0,12.17,5.01,2.5,1.49,0.0,0.0,0.0,130.6,0.0,0.2,-0.5,-0.7000000000000001,-169.60000000000002,0.0,0.0,169.70000000000002,0.0,21.700000000000003,29.0,29.0,30.0,300.0,300.0,31.700000000000003,35.800000000000004,28.9,28.1,30.0,4.96,1.99,4.97,0.16,0.0,0.0,1027.0,8228.0,0.0,0.0,0.0,0.0,0.0,1.0,0.0,0.0,0.0,0.0,0.0,-1.1,0.0,0.5,0.0,0.0001,16.0,25903.0
2026-07-30T19:02:40.682Z,330.165,330.18,0.0,7.4,0.0,0.0,0.0,0.0,0.0,0.0,0.0,0.0,1.0,0.0,0.0,0.0,9.0,4.0,0.0,0.0,0.0,0.0,0.0,0.0,0.0,0.0,2.0,12.0,1.0,12.17,5.01,2.5,1.49,0.0,0.1,0.0,130.8,0.0,-0.2,0.6000000000000001,-0.1,-169.60000000000002,0.0,0.0,169.70000000000002,0.0,21.700000000000003,29.0,29.0,30.0,300.0,300.0,31.700000000000003,35.800000000000004,28.9,28.1,30.0,4.96,1.99,4.97,0.16,0.0,0.0,1027.0,8228.0,0.0,0.0,0.0,0.0,0.0,1.0,0.0,0.0,0.0,0.0,0.0,0.6000000000000001,0.0,0.2,0.0,0.0,16.0,25903.0
2026-07-30T19:02:40.694Z,330.177,330.192,0.0,7.4,0.0,0.0,0.0,0.0,0.0,0.0,0.0,0.0,1.0,0.0,0.0,0.0,9.0,4.0,0.0,0.0,0.0,0.0,0.0,0.0,0.0,0.0,3.0,12.0,1.0,12.17,5.01,2.5,1.49,0.0,0.1,0.0,131.0,0.0,0.8,0.6000000000000001,-0.7000000000000001,-169.60000000000002,0.0,0.0,169.70000000000002,0.0,21.700000000000003,29.0,29.0,30.0,300.0,300.0,31.700000000000003,35.800000000000004,28.9,28.1,30.0,4.96,1.99,4.97,0.16,0.0,0.0,1027.0,8228.0,0.0,0.0,0.0,0.0,0.0,1.0,0.0,0.0,0.0,0.0,0.0,0.1,0.0,0.7000000000000001,0.0,0.0,16.0,25903.0
2026-07-30T19:02:40.706Z,330.189,330.204,0.0,7.4,0.0,0.0,0.0,0.0,0.0,0.0,0.0,0.0,1.0,0.0,0.0,0.0,9.0,4.0,0.0,0.0,0.0,0.0,0.0,0.0,0.0,0.0,4.0,12.0,1.0,12.17,5.01,2.5,1.49,0.0,0.0,0.0,131.1,0.0,0.3,1.2000000000000002,1.6,-169.60000000000002,0.0,0.0,169.8,0.0,21.700000000000003,29.0,29.0,30.0,300.0,300.0,31.700000000000003,35.800000000000004,28.9,28.1,30.0,4.95,1.99,4.97,0.16,0.0,0.0,1027.0,8228.0,0.0,0.0,0.0,0.0,0.0,1.0,0.0,0.0,0.0,0.0,0.0,2.5,0.0,-1.1,0.0,0.0,16.0,25903.0
2026-07-30T19:02:40.718Z,330.201,330.216,0.0,7.4,0.0,0.0,0.0,0.0,0.0,0.0,0.0,0.0,1.0,0.0,0.0,0.0,9.0,4.0,0.0,0.0,0.0,0.0,0.0,0.0,0.0,0.0,5.0,12.0,1.0,12.17,5.01,2.5,1.49,0.0,0.0,0.0,131.4,0.0,-0.2,0.5,0.4,-169.70000000000002,0.0,0.0,169.70000000000002,0.0,21.700000000000003,29.0,29.0,30.0,300.0,300.0,31.700000000000003,35.800000000000004,28.9,28.1,30.0,4.96,1.99,4.96,0.16,0.0,0.0,1027.0,8228.0,0.0,0.0,0.0,0.0,0.0,1.0,0.0,0.0,0.0,0.0,0.0,1.0,0.0,-0.2,0.0,0.0001,16.0,25903.0
2026-07-30T19:02:40.730Z,330.213,330.228,0.0,7.4,0.0,0.0,0.0,0.0,0.0,0.0,0.0,0.0,1.0,0.0,0.0,0.0,9.0,4.0,0.0,0.0,0.0,0.0,0.0,0.0,0.0,0.0,1.0,12.0,1.0,12.17,5.01,2.5,1.49,0.0,0.0,0.0,131.6,0.0,-0.2,-0.5,-0.1,-169.60000000000002,0.0,0.0,169.70000000000002,0.0,21.700000000000003,29.0,29.0,30.0,300.0,300.0,31.700000000000003,35.800000000000004,28.9,28.1,30.0,4.96,2.0,4.97,0.16,0.0,0.0,1027.0,8228.0,0.0,0.0,0.0,0.0,0.0,1.0,0.0,0.0,0.0,0.0,0.0,-0.7000000000000001,0.0,0.0,0.0,0.0,16.0,25903.0
2026-07-30T19:02:40.742Z,330.225,330.24,0.0,7.4,0.0,0.0,0.0,0.0,0.0,0.0,0.0,0.0,1.0,0.0,0.0,0.0,9.0,4.0,0.0,0.0,0.0,0.0,0.0,0.0,0.0,0.0,2.0,12.0,1.0,12.17,5.01,2.5,1.49,0.0,0.0,0.0,131.70000000000002,0.0,-0.2,-1.1,-1.9,-169.60000000000002,0.0,0.0,169.60000000000002,0.0,21.700000000000003,29.0,29.0,30.0,300.0,300.0,31.700000000000003,35.800000000000004,28.9,28.1,30.0,4.95,2.0,4.97,0.16,0.0,0.0,1027.0,8228.0,0.0,0.0,0.0,0.0,0.0,1.0,0.0,0.0,0.0,0.0,0.0,-2.7,0.0,1.4,0.0,0.0,16.0,25903.0
2026-07-30T19:02:40.754Z,330.237,330.252,0.0,7.4,0.0,0.0,0.0,0.0,0.0,0.0,0.0,0.0,1.0,0.0,0.0,0.0,9.0,4.0,0.0,0.0,0.0,0.0,0.0,0.0,0.0,0.0,3.0,12.0,1.0,12.17,5.01,2.5,1.49,-0.1,0.1,0.0,131.9,0.0,0.3,0.0,-0.7000000000000001,-169.60000000000002,0.0,0.0,169.70000000000002,0.0,21.700000000000003,29.0,29.0,30.0,300.0,300.0,31.700000000000003,35.800000000000004,28.9,28.1,30.0,4.96,2.0,4.97,0.16,0.0,0.0,1027.0,8228.0,0.0,0.0,0.0,0.0,0.0,1.0,0.0,0.0,0.0,0.0,0.0,-0.5,0.0,0.6000000000000001,0.0,0.0,16.0,25903.0
2026-07-30T19:02:40.766Z,330.249,330.264,0.0,7.4,0.0,0.0,0.0,0.0,0.0,0.0,0.0,0.0,1.0,0.0,0.0,0.0,9.0,4.0,0.0,0.0,0.0,0.0,0.0,0.0,0.0,0.0,4.0,12.0,1.0,12.17,5.01,2.5,1.49,0.0,0.0,0.0,132.1,0.0,0.9,-1.1,-0.7000000000000001,-169.70000000000002,0.0,0.0,169.70000000000002,0.0,21.700000000000003,29.0,29.0,30.0,300.0,300.0,31.6,35.7,28.9,28.1,30.0,4.96,1.99,4.97,0.16,0.0,0.0,1027.0,8228.0,0.0,0.0,0.0,0.0,0.0,1.0,0.0,0.0,0.0,0.0,0.0,-1.8,0.0,0.4,0.0,0.0,16.0,25903.0
2026-07-30T19:02:40.778Z,330.261,330.276,0.0,7.4,0.0,0.0,0.0,0.0,0.0,0.0,0.0,0.0,1.0,0.0,0.0,0.0,9.0,4.0,0.0,0.0,0.0,0.0,0.0,0.0,0.0,0.0,6.0,12.0,1.0,12.17,5.01,2.5,1.49,0.0,0.0,0.0,132.20000000000002,0.0,0.3,0.6000000000000001,-0.2,-169.70000000000002,0.0,0.0,169.8,0.0,21.700000000000003,29.0,29.0,30.0,300.0,300.0,31.6,35.7,28.9,28.1,30.0,4.96,1.99,4.96,0.16,0.0,0.0,1027.0,8228.0,0.0,0.0,0.0,0.0,0.0,1.0,0.0,0.0,0.0,0.0,0.0,0.5,0.0,0.3,0.0,0.0,16.0,25903.0
2026-07-30T19:02:40.790Z,330.273,330.288,0.0,7.4,0.0,0.0,0.0,0.0,0.0,0.0,0.0,0.0,1.0,0.0,0.0,0.0,9.0,4.0,0.0,0.0,0.0,0.0,0.0,0.0,0.0,0.0,1.0,12.0,1.0,12.17,5.01,2.5,1.49,0.0,0.0,0.0,132.5,0.0,0.2,0.0,-1.3,-169.70000000000002,0.0,0.0,169.8,0.0,21.700000000000003,29.0,29.0,30.0,300.0,300.0,31.6,35.7,28.9,28.1,30.0,4.96,2.0,4.96,0.16,0.0,0.0,1027.0,8228.0,0.0,0.0,0.0,0.0,0.0,1.0,0.0,0.0,0.0,0.0,0.0,-0.9,0.0,1.1,0.0,0.0,16.0,25903.0
2026-07-30T19:02:40.802Z,330.285,330.3,0.0,7.4,0.0,0.0,0.0,0.0,0.0,0.0,0.0,0.0,1.0,0.0,0.0,0.0,9.0,4.0,0.0,0.0,0.0,0.0,0.0,0.0,0.0,0.0,2.0,12.0,1.0,12.17,5.01,2.5,1.49,0.0,0.0,0.0,132.70000000000002,0.0,0.2,-1.1,0.4,-169.70000000000002,0.0,0.0,169.8,0.0,21.700000000000003,29.0,29.0,30.0,300.0,300.0,31.6,35.7,28.9,28.1,30.0,4.96,2.0,4.96,0.16,0.0,0.0,1027.0,8228.0,0.0,0.0,0.0,0.0,0.0,1.0,0.0,0.0,0.0,0.0,0.0,0.3,0.0,-0.3,0.0,0.0,16.0,25903.0
2026-07-30T19:02:40.814Z,330.297,330.312,0.0,7.4,0.0,0.0,0.0,0.0,0.0,0.0,0.0,0.0,1.0,0.0,0.0,0.0,9.0,4.0,0.0,0.0,0.0,0.0,0.0,0.0,0.0,0.0,4.0,12.0,1.0,12.17,5.01,2.5,1.49,0.0,0.0,0.0,132.8,0.0,-0.3,-0.5,0.3,-169.70000000000002,0.0,0.0,169.8,0.0,21.700000000000003,29.0,29.0,30.0,300.0,300.0,31.6,35.7,28.9,28.1,30.0,4.95,1.99,4.97,0.16,0.0,0.0,1027.0,8228.0,0.0,0.0,0.0,0.0,0.0,1.0,0.0,0.0,0.0,0.0,0.0,-0.3,0.0,-0.4,0.0,0.0,16.0,25903.0
2026-07-30T19:02:40.826Z,330.309,330.324,0.0,7.4,0.0,0.0,0.0,0.0,0.0,0.0,0.0,0.0,1.0,0.0,0.0,0.0,9.0,4.0,0.0,0.0,0.0,0.0,0.0,0.0,0.0,0.0,5.0,12.0,1.0,12.17,5.01,2.5,1.49,0.0,0.0,0.0,133.0,0.0,0.8,0.0,-1.4,-169.70000000000002,0.0,0.0,169.8,0.0,21.700000000000003,29.0,29.0,30.0,300.0,300.0,31.6,35.7,28.9,28.1,30.0,4.95,1.99,4.96,0.16,0.0,0.0,1027.0,8228.0,0.0,0.0,0.0,0.0,0.0,1.0,0.0,0.0,0.0,0.0,0.0,-0.1,0.0,0.2,0.0,0.0,16.0,25903.0
2026-07-30T19:02:40.838Z,330.321,330.336,0.0,7.4,0.0,0.0,0.0,0.0,0.0,0.0,0.0,0.0,1.0,0.0,0.0,0.0,9.0,4.0,0.0,0.0,0.0,0.0,0.0,0.0,0.0,0.0,6.0,12.0,1.0,12.17,5.01,2.5,1.49,0.0,0.0,0.0,133.1,0.0,-0.3,-1.1,-1.4,-169.70000000000002,0.0,0.0,169.8,0.0,21.700000000000003,29.0,29.0,30.0,300.0,300.0,31.6,35.7,28.9,28.1,30.0,4.96,1.99,4.96,0.16,0.0,0.0,1027.0,8228.0,0.0,0.0,0.0,0.0,0.0,1.0,0.0,0.0,0.0,0.0,0.0,-2.3000000000000003,0.0,1.0,0.0,0.0,16.0,25903.0
2026-07-30T19:02:40.849Z,330.332,330.348,0.0,7.4,0.0,0.0,0.0,0.0,0.0,0.0,0.0,0.0,1.0,0.0,0.0,0.0,9.0,4.0,0.0,0.0,0.0,0.0,0.0,0.0,0.0,0.0,1.0,12.0,1.0,12.17,5.01,2.5,1.49,0.0,0.0,0.0,133.4,0.0,-0.4,0.5,0.3,-169.70000000000002,0.0,0.0,169.70000000000002,0.0,21.700000000000003,29.0,29.0,30.0,300.0,300.0,31.6,35.7,28.9,28.1,30.0,4.96,1.99,4.97,0.16,0.0,0.0,1027.0,8228.0,0.0,0.0,0.0,0.0,0.0,1.0,0.0,0.0,0.0,0.0,0.0,0.8,0.0,-0.1,0.0,0.0,16.0,25903.0
2026-07-30T19:02:40.863Z,330.346,330.36,0.0,7.4,0.0,0.0,0.0,0.0,0.0,0.0,0.0,0.0,1.0,0.0,0.0,0.0,9.0,4.0,0.0,0.0,0.0,0.0,0.0,0.0,0.0,0.0,3.0,12.0,1.0,12.2,5.01,2.51,1.49,0.0,0.0,0.0,133.4,0.0,-0.4,-1.1,-0.2,-169.70000000000002,0.0,0.0,169.70000000000002,0.0,21.3,29.0,29.0,30.0,300.0,300.0,31.700000000000003,35.800000000000004,28.9,28.1,30.0,4.95,1.99,4.96,0.16,0.0,0.0,1027.0,8228.0,0.0,0.0,0.0,0.0,0.0,1.0,0.0,0.0,0.0,0.0,0.0,-1.5,0.0,0.0,0.0,0.0001,16.0,25903.0
2026-07-30T19:02:40.874Z,330.357,330.372,0.0,7.4,0.0,0.0,0.0,0.0,0.0,0.0,0.0,0.0,1.0,0.0,0.0,0.0,9.0,4.0,0.0,0.0,0.0,0.0,0.0,0.0,0.0,0.0,4.0,12.0,1.0,12.2,5.01,2.51,1.49,0.0,0.0,0.0,133.3,0.0,-0.4,0.5,-0.8,-169.70000000000002,0.0,0.0,169.70000000000002,0.0,21.3,29.0,29.0,30.0,300.0,300.0,31.700000000000003,35.800000000000004,28.9,28.1,30.0,4.95,1.99,4.97,0.16,0.0,0.0,1027.0,8228.0,0.0,0.0,0.0,0.0,0.0,1.0,0.0,0.0,0.0,0.0,0.0,0.0,0.0,0.8,0.0,0.0,16.0,25903.0
2026-07-30T19:02:40.886Z,330.369,330.384,0.0,7.4,0.0,0.0,0.0,0.0,0.0,0.0,0.0,0.0,1.0,0.0,0.0,0.0,9.0,4.0,0.0,0.0,0.0,0.0,0.0,0.0,0.0,0.0,5.0,12.0,1.0,12.2,5.01,2.51,1.49,0.0,0.0,0.0,133.3,0.0,-0.4,0.0,-0.2,-169.70000000000002,0.0,0.0,169.70000000000002,0.0,21.3,29.0,29.0,30.0,300.0,300.0,31.700000000000003,35.800000000000004,28.9,28.1,30.0,4.95,1.99,4.97,0.16,0.0,0.0,1027.0,8228.0,0.0,0.0,0.0,0.0,0.0,1.0,0.0,0.0,0.0,0.0,0.0,-0.2,0.0,0.2,0.0,0.0,16.0,25903.0
2026-07-30T19:02:40.898Z,330.381,330.396,0.0,7.4,0.0,0.0,0.0,0.0,0.0,0.0,0.0,0.0,1.0,0.0,0.0,0.0,9.0,4.0,0.0,0.0,0.0,0.0,0.0,0.0,0.0,0.0,6.0,12.0,1.0,12.2,5.01,2.51,1.49,0.0,0.0,0.0,133.20000000000002,0.0,0.7000000000000001,0.5,0.9,-169.70000000000002,0.0,0.0,169.8,0.0,21.3,29.0,29.0,30.0,300.0,300.0,31.700000000000003,35.800000000000004,28.9,28.1,30.0,4.95,1.99,4.97,0.16,0.0,0.0,1027.0,8228.0,0.0,0.0,0.0,0.0,0.0,1.0,0.0,0.0,0.0,0.0,0.0,1.3,0.0,-0.6000000000000001,0.0,0.0001,16.0,25903.0
2026-07-30T19:02:40.910Z,330.393,330.408,0.0,7.4,0.0,0.0,0.0,0.0,0.0,0.0,0.0,0.0,1.0,0.0,0.0,0.0,9.0,4.0,0.0,0.0,0.0,0.0,0.0,0.0,0.0,0.0,2.0,12.0,1.0,12.2,5.01,2.51,1.49,-0.1,0.1,0.0,133.1,0.0,0.1,0.0,0.3,-169.70000000000002,0.0,0.0,169.8,0.0,21.3,29.0,29.0,30.0,300.0,300.0,31.700000000000003,35.800000000000004,28.9,28.1,30.0,4.96,1.99,4.97,0.16,0.0,0.0,1027.0,8228.0,0.0,0.0,0.0,0.0,0.0,1.0,0.0,0.0,0.0,0.0,0.0,0.2,0.0,-0.2,0.0,0.0001,16.0,25903.0
2026-07-30T19:02:40.921Z,330.404,330.42,0.0,7.4,0.0,0.0,0.0,0.0,0.0,0.0,0.0,0.0,1.0,0.0,0.0,0.0,9.0,4.0,0.0,0.0,0.0,0.0,0.0,0.0,0.0,0.0,3.0,12.0,1.0,12.2,5.01,2.51,1.49,0.0,0.0,0.0,132.9,0.0,0.7000000000000001,0.0,0.8,-169.70000000000002,0.0,0.0,169.70000000000002,0.0,21.3,29.0,29.0,30.0,300.0,300.0,31.700000000000003,35.800000000000004,28.9,28.1,30.0,4.96,1.99,4.96,0.16,0.0,0.0,1027.0,8228.0,0.0,0.0,0.0,0.0,0.0,1.0,0.0,0.0,0.0,0.0,0.0,0.6000000000000001,0.0,-0.7000000000000001,0.0,0.0,16.0,25903.0
2026-07-30T19:02:40.934Z,330.417,330.432,0.0,7.4,0.0,0.0,0.0,0.0,0.0,0.0,0.0,0.0,1.0,0.0,0.0,0.0,9.0,4.0,0.0,0.0,0.0,0.0,0.0,0.0,0.0,0.0,5.0,12.0,1.0,12.2,5.01,2.51,1.49,0.0,0.0,0.0,132.8,0.0,0.1,1.1,1.4,-169.70000000000002,0.0,0.0,169.8,0.0,21.3,29.0,29.0,30.0,300.0,300.0,31.700000000000003,35.800000000000004,28.9,28.1,30.0,4.95,1.99,4.96,0.16,0.0,0.0,1027.0,8228.0,0.0,0.0,0.0,0.0,0.0,1.0,0.0,0.0,0.0,0.0,0.0,2.4000000000000004,0.0,-1.0,0.0,0.0001,16.0,25903.0
2026-07-30T19:02:40.946Z,330.429,330.444,0.0,7.4,0.0,0.0,0.0,0.0,0.0,0.0,0.0,0.0,1.0,0.0,0.0,0.0,9.0,4.0,0.0,0.0,0.0,0.0,0.0,0.0,0.0,0.0,6.0,12.0,1.0,12.2,5.01,2.51,1.49,0.0,0.0,0.0,132.70000000000002,0.0,0.1,0.0,-0.3,-169.70000000000002,0.0,0.0,169.8,0.0,21.3,29.0,29.0,30.0,300.0,300.0,31.700000000000003,35.800000000000004,28.9,28.1,30.0,4.95,1.99,4.96,0.16,0.0,0.0,1027.0,8228.0,0.0,0.0,0.0,0.0,0.0,1.0,0.0,0.0,0.0,0.0,0.0,-0.2,0.0,0.2,0.0,0.0001,16.0,25903.0
2026-07-30T19:02:40.958Z,330.441,330.456,0.0,7.4,0.0,0.0,0.0,0.0,0.0,0.0,0.0,0.0,1.0,0.0,0.0,0.0,9.0,4.0,0.0,0.0,0.0,0.0,0.0,0.0,0.0,0.0,1.0,12.0,1.0,12.2,5.01,2.51,1.49,0.0,0.0,0.0,132.6,0.0,1.3,-0.6000000000000001,0.2,-169.70000000000002,0.0,0.0,169.70000000000002,0.0,21.3,29.0,29.0,30.0,300.0,300.0,31.700000000000003,35.800000000000004,28.9,28.1,30.0,4.96,1.99,4.96,0.16,0.0,0.0,1027.0,8228.0,0.0,0.0,0.0,0.0,0.0,1.0,0.0,0.0,0.0,0.0,0.0,-0.4,0.0,-0.3,0.0,0.0,16.0,25903.0
2026-07-30T19:02:40.970Z,330.453,330.468,0.0,7.4,0.0,0.0,0.0,0.0,0.0,0.0,0.0,0.0,1.0,0.0,0.0,0.0,9.0,4.0,0.0,0.0,0.0,0.0,0.0,0.0,0.0,0.0,3.0,12.0,1.0,12.18,5.01,2.5,1.49,0.0,0.0,0.0,132.6,0.0,0.1,0.0,-0.8,-169.70000000000002,0.0,0.0,169.70000000000002,0.0,21.700000000000003,29.0,29.0,30.0,300.0,300.0,31.700000000000003,35.800000000000004,28.9,28.1,30.0,4.96,1.99,4.96,0.16,0.0,0.0,1027.0,8228.0,0.0,0.0,0.0,0.0,0.0,1.0,0.0,0.0,0.0,0.0,0.0,-0.6000000000000001,0.0,0.7000000000000001,0.0,0.0001,16.0,25903.0
2026-07-30T19:02:40.982Z,330.465,330.48,0.0,7.4,0.0,0.0,0.0,0.0,0.0,0.0,0.0,0.0,1.0,0.0,0.0,0.0,9.0,4.0,0.0,0.0,0.0,0.0,0.0,0.0,0.0,0.0,4.0,12.0,1.0,12.18,5.01,2.5,1.49,0.0,0.0,0.0,132.4,0.0,0.7000000000000001,1.2000000000000002,-0.2,-169.70000000000002,0.0,0.0,169.70000000000002,0.0,21.700000000000003,29.0,29.0,30.0,300.0,300.0,31.700000000000003,35.800000000000004,28.9,28.1,30.0,4.95,1.99,4.96,0.16,0.0,0.0,1027.0,8228.0,0.0,0.0,0.0,0.0,0.0,1.0,0.0,0.0,0.0,0.0,0.0,1.2000000000000002,0.0,0.4,0.0,0.0,16.0,25903.0
2026-07-30T19:02:40.994Z,330.477,330.492,0.0,7.4,0.0,0.0,0.0,0.0,0.0,0.0,0.0,0.0,1.0,0.0,0.0,0.0,9.0,4.0,0.0,0.0,0.0,0.0,0.0,0.0,0.0,0.0,5.0,12.0,1.0,12.18,5.01,2.5,1.49,0.0,0.0,0.0,132.3,0.0,0.2,-0.5,-0.1,-169.70000000000002,0.0,0.0,169.70000000000002,0.0,21.700000000000003,29.0,29.0,30.0,300.0,300.0,31.700000000000003,35.800000000000004,28.9,28.1,30.0,4.96,1.99,4.96,0.16,0.0,0.0,1027.0,8228.0,0.0,0.0,0.0,0.0,0.0,1.0,0.0,0.0,0.0,0.0,0.0,-0.7000000000000001,0.0,0.0,0.0,0.0,16.0,25903.0
2026-07-30T19:02:41.006Z,330.489,330.504,0.0,7.4,0.0,0.0,0.0,0.0,0.0,0.0,0.0,0.0,1.0,0.0,0.0,0.0,9.0,4.0,0.0,0.0,0.0,0.0,0.0,0.0,0.0,0.0,1.0,12.0,1.0,12.18,5.01,2.5,1.49,0.0,0.0,0.0,132.20000000000002,0.0,0.8,0.0,-0.1,-169.70000000000002,0.0,0.0,169.70000000000002,0.0,21.700000000000003,29.0,29.0,30.0,300.0,300.0,31.700000000000003,35.800000000000004,28.9,28.1,30.0,4.95,1.99,4.97,0.16,0.0,0.0,1027.0,8228.0,0.0,0.0,0.0,0.0,0.0,1.0,0.0,0.0,0.0,0.0,0.0,-0.1,0.0,0.1,0.0,0.0,16.0,25903.0
2026-07-30T19:02:41.018Z,330.501,330.516,0.0,7.4,0.0,0.0,0.0,0.0,0.0,0.0,0.0,0.0,1.0,0.0,0.0,0.0,9.0,4.0,0.0,0.0,0.0,0.0,0.0,0.0,0.0,0.0,2.0,12.0,1.0,12.18,5.01,2.5,1.49,0.0,0.0,0.0,132.1,0.0,0.2,-0.5,-0.7000000000000001,-169.70000000000002,0.0,0.0,169.70000000000002,0.0,21.700000000000003,29.0,29.0,30.0,300.0,300.0,31.700000000000003,35.800000000000004,28.9,28.1,30.0,4.95,1.99,4.96,0.16,0.0,0.0,1027.0,8228.0,0.0,0.0,0.0,0.0,0.0,1.0,0.0,0.0,0.0,0.0,0.0,-1.1,0.0,0.5,0.0,0.0,16.0,25903.0
2026-07-30T19:02:41.030Z,330.513,330.528,0.0,7.4,0.0,0.0,0.0,0.0,0.0,0.0,0.0,0.0,1.0,0.0,0.0,0.0,9.0,4.0,0.0,0.0,0.0,0.0,0.0,0.0,0.0,0.0,3.0,12.0,1.0,12.18,5.01,2.5,1.49,0.0,0.0,0.0,132.0,0.0,0.2,0.0,-0.1,-169.70000000000002,0.0,0.0,169.70000000000002,0.0,21.700000000000003,29.0,29.0,30.0,300.0,300.0,31.700000000000003,35.800000000000004,28.9,28.1,30.0,4.95,1.99,4.96,0.16,0.0,0.0,1027.0,8228.0,0.0,0.0,0.0,0.0,0.0,1.0,0.0,0.0,0.0,0.0,0.0,0.0,0.0,0.1,0.0,0.0,16.0,25903.0
2026-07-30T19:02:41.042Z,330.525,330.54,0.0,7.4,0.0,0.0,0.0,0.0,0.0,0.0,0.0,0.0,1.0,0.0,0.0,0.0,9.0,4.0,0.0,0.0,0.0,0.0,0.0,0.0,0.0,0.0,4.0,12.0,1.0,12.18,5.01,2.5,1.49,0.0,0.0,0.0,131.9,0.0,0.2,-0.5,-0.6000000000000001,-169.70000000000002,0.0,0.0,169.70000000000002,0.0,21.700000000000003,29.0,29.0,30.0,300.0,300.0,31.700000000000003,35.800000000000004,28.9,28.1,30.0,4.96,1.99,4.96,0.16,0.0,0.0,1027.0,8228.0,0.0,0.0,0.0,0.0,0.0,1.0,0.0,0.0,0.0,0.0,0.0,-1.1,0.0,0.5,0.0,0.0,16.0,25903.0
2026-07-30T19:02:41.053Z,330.536,330.552,0.0,7.4,0.0,0.0,0.0,0.0,0.0,0.0,0.0,0.0,1.0,0.0,0.0,0.0,9.0,4.0,0.0,0.0,0.0,0.0,0.0,0.0,0.0,0.0,5.0,12.0,1.0,12.18,5.01,2.5,1.49,0.0,0.0,0.0,131.8,0.0,0.2,-0.5,1.0,-169.70000000000002,0.0,0.0,169.70000000000002,0.0,21.700000000000003,29.0,29.0,30.0,300.0,300.0,31.700000000000003,35.800000000000004,28.9,28.1,30.0,4.95,1.99,4.97,0.16,0.0,0.0,1027.0,8228.0,0.0,0.0,0.0,0.0,0.0,1.0,0.0,0.0,0.0,0.0,0.0,0.1,0.0,-1.0,0.0,0.0,16.0,25903.0
2026-07-30T19:02:41.067Z,330.55,330.564,0.0,7.4,0.0,0.0,0.0,0.0,0.0,0.0,0.0,0.0,1.0,0.0,0.0,0.0,9.0,4.0,0.0,0.0,0.0,0.0,0.0,0.0,0.0,0.0,1.0,12.0,1.0,12.18,5.01,2.51,1.49,0.0,0.0,0.0,131.6,0.0,-0.3,0.0,-0.6000000000000001,-169.70000000000002,0.0,0.0,169.8,0.0,21.200000000000003,29.0,29.0,30.0,300.0,300.0,31.8,35.800000000000004,28.9,28.1,30.0,4.95,1.99,4.96,0.16,0.0,0.0,1027.0,8228.0,0.0,0.0,0.0,0.0,0.0,1.0,0.0,0.0,0.0,0.0,0.0,-0.4,0.0,0.6000000000000001,0.0,0.0,16.0,25903.0
2026-07-30T19:02:41.077Z,330.56,330.576,0.0,7.4,0.0,0.0,0.0,0.0,0.0,0.0,0.0,0.0,1.0,0.0,0.0,0.0,9.0,4.0,0.0,0.0,0.0,0.0,0.0,0.0,0.0,0.0,2.0,12.0,1.0,12.18,5.01,2.51,1.49,0.0,0.0,0.0,131.5,0.0,0.8,0.0,-1.2000000000000002,-169.70000000000002,0.0,0.0,169.70000000000002,0.0,21.200000000000003,29.0,29.0,30.0,300.0,300.0,31.8,35.800000000000004,28.9,28.1,30.0,4.96,1.99,4.96,0.16,0.0,0.0,1027.0,8228.0,0.0,0.0,0.0,0.0,0.0,1.0,0.0,0.0,0.0,0.0,0.0,-0.8,0.0,1.1,0.0,0.0001,16.0,25903.0
2026-07-30T19:02:41.090Z,330.573,330.588,0.0,7.4,0.0,0.0,0.0,0.0,0.0,0.0,0.0,0.0,1.0,0.0,0.0,0.0,9.0,4.0,0.0,0.0,0.0,0.0,0.0,0.0,0.0,0.0,3.0,12.0,1.0,12.18,5.01,2.51,1.49,0.0,0.0,0.0,131.5,0.0,0.2,-0.5,0.4,-169.70000000000002,0.0,0.0,169.60000000000002,0.0,21.200000000000003,29.0,29.0,30.0,300.0,300.0,31.8,35.800000000000004,28.9,28.1,30.0,4.95,1.99,4.96,0.16,0.0,0.0,1027.0,8228.0,0.0,0.0,0.0,0.0,0.0,1.0,0.0,0.0,0.0,0.0,0.0,-0.2,0.0,-0.4,0.0,0.0,16.0,25903.0
2026-07-30T19:02:41.102Z,330.585,330.6,0.0,7.4,0.0,0.0,0.0,0.0,0.0,0.0,0.0,0.0,1.0,0.0,0.0,0.0,9.0,4.0,0.0,0.0,0.0,0.0,0.0,0.0,0.0,0.0,5.0,12.0,1.0,12.18,5.01,2.51,1.49,0.0,0.0,0.0,131.4,0.0,0.2,-0.5,-0.7000000000000001,-169.70000000000002,0.0,0.0,169.60000000000002,0.0,21.200000000000003,29.0,29.0,30.0,300.0,300.0,31.8,35.800000000000004,28.9,28.1,30.0,4.95,1.99,4.97,0.16,0.0,0.0,1027.0,8228.0,0.0,0.0,0.0,0.0,0.0,1.0,0.0,0.0,0.0,0.0,0.0,-1.1,0.0,0.5,0.0,0.0001,16.0,25903.0
2026-07-30T19:02:41.114Z,330.597,330.612,0.0,7.4,0.0,0.0,0.0,0.0,0.0,0.0,0.0,0.0,1.0,0.0,0.0,0.0,9.0,4.0,0.0,0.0,0.0,0.0,0.0,0.0,0.0,0.0,6.0,12.0,1.0,12.18,5.01,2.51,1.49,0.0,0.0,0.0,131.20000000000002,0.0,-0.8,-0.5,-0.7000000000000001,-169.70000000000002,0.0,0.0,169.60000000000002,0.0,21.200000000000003,29.0,29.0,30.0,300.0,300.0,31.8,35.800000000000004,28.9,28.1,30.0,4.95,1.99,4.96,0.16,0.0,0.0,1027.0,8228.0,0.0,0.0,0.0,0.0,0.0,1.0,0.0,0.0,0.0,0.0,0.0,-1.2000000000000002,0.0,0.5,0.0,0.0,16.0,25903.0
2026-07-30T19:02:41.126Z,330.609,330.624,0.0,7.4,0.0,0.0,0.0,0.0,0.0,0.0,0.0,0.0,1.0,0.0,0.0,0.0,9.0,4.0,0.0,0.0,0.0,0.0,0.0,0.0,0.0,0.0,1.0,12.0,1.0,12.18,5.01,2.51,1.49,0.0,0.0,0.0,131.1,0.0,0.2,0.0,-0.8,-169.70000000000002,0.0,0.0,169.70000000000002,0.0,21.200000000000003,29.0,29.0,30.0,300.0,300.0,31.8,35.800000000000004,28.9,28.1,30.0,4.96,1.99,4.96,0.16,0.0,0.0,1027.0,8228.0,0.0,0.0,0.0,0.0,0.0,1.0,0.0,0.0,0.0,0.0,0.0,-0.6000000000000001,0.0,0.7000000000000001,0.0,0.0,16.0,25903.0
2026-07-30T19:02:41.138Z,330.621,330.636,0.0,7.4,0.0,0.0,0.0,0.0,0.0,0.0,0.0,0.0,1.0,0.0,0.0,0.0,9.0,4.0,0.0,0.0,0.0,0.0,0.0,0.0,0.0,0.0,3.0,12.0,1.0,12.18,5.01,2.51,1.49,0.0,0.0,0.0,131.0,0.0,-0.2,-0.5,-0.8,-169.70000000000002,0.0,0.0,169.70000000000002,0.0,21.200000000000003,29.0,29.0,30.0,300.0,300.0,31.8,35.800000000000004,28.9,28.1,30.0,4.95,1.99,4.97,0.16,0.0,0.0,1027.0,8228.0,0.0,0.0,0.0,0.0,0.0,1.0,0.0,0.0,0.0,0.0,0.0,-1.2000000000000002,0.0,0.5,0.0,0.0,16.0,25903.0
2026-07-30T19:02:41.150Z,330.633,330.648,0.0,7.4,0.0,0.0,0.0,0.0,0.0,0.0,0.0,0.0,1.0,0.0,0.0,0.0,9.0,4.0,0.0,0.0,0.0,0.0,0.0,0.0,0.0,0.0,4.0,12.0,1.0,12.18,5.01,2.51,1.49,0.0,0.0,0.0,130.9,0.0,-0.2,-0.6000000000000001,-0.8,-169.70000000000002,0.0,0.0,169.70000000000002,0.0,21.200000000000003,29.0,29.0,30.0,300.0,300.0,31.8,35.800000000000004,28.9,28.1,30.0,4.96,1.99,4.97,0.16,0.0,0.0,1027.0,8228.0,0.0,0.0,0.0,0.0,0.0,1.0,0.0,0.0,0.0,0.0,0.0,-1.3,0.0,0.6000000000000001,0.0,0.0001,16.0,25903.0
2026-07-30T19:02:41.162Z,330.645,330.66,0.0,7.4,0.0,0.0,0.0,0.0,0.0,0.0,0.0,0.0,1.0,0.0,0.0,0.0,9.0,4.0,0.0,0.0,0.0,0.0,0.0,0.0,0.0,0.0,5.0,12.0,1.0,12.18,5.01,2.51,1.49,0.0,0.0,0.0,130.8,0.0,0.9,0.5,0.2,-169.70000000000002,0.0,0.0,169.70000000000002,0.0,21.200000000000003,29.0,29.0,30.0,300.0,300.0,31.8,35.800000000000004,28.9,28.1,30.0,4.96,1.99,4.96,0.16,0.0,0.0,1027.0,8228.0,0.0,0.0,0.0,0.0,0.0,1.0,0.0,0.0,0.0,0.0,0.0,0.8,0.0,-0.1,0.0,0.0,16.0,25903.0
2026-07-30T19:02:41.174Z,330.657,330.672,0.0,7.4,0.0,0.0,0.0,0.0,0.0,0.0,0.0,0.0,1.0,0.0,0.0,0.0,9.0,4.0,0.0,0.0,0.0,0.0,0.0,0.0,0.0,0.0,1.0,12.0,1.0,12.17,5.01,2.5,1.49,0.0,0.0,0.0,130.70000000000002,0.0,0.3,0.0,0.8,-169.60000000000002,0.0,0.0,169.60000000000002,0.0,21.700000000000003,29.0,29.0,30.0,300.0,300.0,31.700000000000003,35.7,28.9,28.1,30.0,4.95,1.99,4.96,0.16,0.0,0.0,1027.0,8228.0,0.0,0.0,0.0,0.0,0.0,1.0,0.0,0.0,0.0,0.0,0.0,0.6000000000000001,0.0,-0.7000000000000001,0.0,0.0,16.0,25903.0
2026-07-30T19:02:41.186Z,330.669,330.684,0.0,7.4,0.0,0.0,0.0,0.0,0.0,0.0,0.0,0.0,1.0,0.0,0.0,0.0,9.0,4.0,0.0,0.0,0.0,0.0,0.0,0.0,0.0,0.0,2.0,12.0,1.0,12.17,5.01,2.5,1.49,0.0,0.0,0.0,130.6,0.0,0.2,-0.6000000000000001,-1.4,-169.60000000000002,0.0,0.0,169.70000000000002,0.0,21.700000000000003,29.0,29.0,30.0,300.0,300.0,31.700000000000003,35.7,28.9,28.1,30.0,4.95,1.99,4.97,0.16,0.0,0.0,1027.0,8228.0,0.0,0.0,0.0,0.0,0.0,1.0,0.0,0.0,0.0,0.0,0.0,-1.8,0.0,1.1,0.0,0.0,16.0,25903.0
2026-07-30T19:02:41.198Z,330.681,330.696,0.0,7.4,0.0,0.0,0.0,0.0,0.0,0.0,0.0,0.0,1.0,0.0,0.0,0.0,9.0,4.0,0.0,0.0,0.0,0.0,0.0,0.0,0.0,0.0,3.0,12.0,1.0,12.17,5.01,2.5,1.49,0.0,0.1,0.0,130.5,0.0,0.2,-1.2000000000000002,-1.4,-169.60000000000002,0.0,0.0,169.60000000000002,0.0,21.700000000000003,29.0,29.0,30.0,300.0,300.0,31.700000000000003,35.7,28.9,28.1,30.0,4.96,2.0,4.96,0.16,0.0,0.0,1027.0,8228.0,0.0,0.0,0.0,0.0,0.0,1.0,0.0,0.0,0.0,0.0,0.0,-2.4000000000000004,0.0,1.0,0.0,0.0,16.0,25903.0
2026-07-30T19:02:41.210Z,330.693,330.708,0.0,7.4,0.0,0.0,0.0,0.0,0.0,0.0,0.0,0.0,1.0,0.0,0.0,0.0,9.0,4.0,0.0,0.0,0.0,0.0,0.0,0.0,0.0,0.0,5.0,12.0,1.0,12.17,5.01,2.5,1.49,0.0,0.0,0.0,130.4,0.0,0.2,0.5,1.4,-169.60000000000002,0.0,0.0,169.60000000000002,0.0,21.700000000000003,29.0,29.0,30.0,300.0,300.0,31.700000000000003,35.7,28.9,28.1,30.0,4.96,1.99,4.96,0.16,0.0,0.0,1027.0,8228.0,0.0,0.0,0.0,0.0,0.0,1.0,0.0,0.0,0.0,0.0,0.0,1.7000000000000002,0.0,-1.1,0.0,0.0,16.0,25903.0
2026-07-30T19:02:41.222Z,330.705,330.72,0.0,7.4,0.0,0.0,0.0,0.0,0.0,0.0,0.0,0.0,1.0,0.0,0.0,0.0,9.0,4.0,0.0,0.0,0.0,0.0,0.0,0.0,0.0,0.0,6.0,12.0,1.0,12.17,5.01,2.5,1.49,0.0,0.0,0.0,130.3,0.0,0.2,0.0,-0.9,-169.60000000000002,0.0,0.0,169.60000000000002,0.0,21.700000000000003,29.0,29.0,30.0,300.0,300.0,31.700000000000003,35.7,28.9,28.1,30.0,4.95,1.99,4.96,0.16,0.0,0.0,1027.0,8228.0,0.0,0.0,0.0,0.0,0.0,1.0,0.0,0.0,0.0,0.0,0.0,-0.6000000000000001,0.0,0.8,0.0,0.0,16.0,25903.0
2026-07-30T19:02:41.234Z,330.717,330.732,0.0,7.4,0.0,0.0,0.0,0.0,0.0,0.0,0.0,0.0,1.0,0.0,0.0,0.0,9.0,4.0,0.0,0.0,0.0,0.0,0.0,0.0,0.0,0.0,1.0,12.0,1.0,12.17,5.01,2.5,1.49,0.0,0.0,0.0,130.20000000000002,0.0,0.8,0.0,-0.3,-169.60000000000002,0.0,0.0,169.60000000000002,0.0,21.700000000000003,29.0,29.0,30.0,300.0,300.0,31.700000000000003,35.7,28.9,28.1,30.0,4.95,1.99,4.96,0.16,0.0,0.0,1027.0,8228.0,0.0,0.0,0.0,0.0,0.0,1.0,0.0,0.0,0.0,0.0,0.0,-0.2,0.0,0.2,0.0,0.0,16.0,25903.0
2026-07-30T19:02:41.246Z,330.729,330.744,0.0,7.4,0.0,0.0,0.0,0.0,0.0,0.0,0.0,0.0,1.0,0.0,0.0,0.0,9.0,4.0,0.0,0.0,0.0,0.0,0.0,0.0,0.0,0.0,3.0,12.0,1.0,12.17,5.01,2.5,1.49,0.0,0.0,0.0,130.1,0.0,0.8,-0.5,0.8,-169.60000000000002,0.0,0.0,169.60000000000002,0.0,21.700000000000003,29.0,29.0,30.0,300.0,300.0,31.700000000000003,35.7,28.9,28.1,30.0,4.95,2.0,4.97,0.16,0.0,0.0,1027.0,8228.0,0.0,0.0,0.0,0.0,0.0,1.0,0.0,0.0,0.0,0.0,0.0,0.0,0.0,-0.8,0.0,0.0,16.0,25903.0
2026-07-30T19:02:41.258Z,330.741,330.75600000000003,0.0,7.4,0.0,0.0,0.0,0.0,0.0,0.0,0.0,0.0,1.0,0.0,0.0,0.0,9.0,4.0,0.0,0.0,0.0,0.0,0.0,0.0,0.0,0.0,4.0,12.0,1.0,12.17,5.01,2.5,1.49,0.0,0.0,0.0,129.9,0.0,0.7000000000000001,0.5,0.2,-169.60000000000002,0.0,0.0,169.70000000000002,0.0,21.700000000000003,29.0,29.0,30.0,300.0,300.0,31.700000000000003,35.7,28.9,28.1,30.0,4.95,1.99,4.97,0.16,0.0,0.0,1027.0,8228.0,0.0,0.0,0.0,0.0,0.0,1.0,0.0,0.0,0.0,0.0,0.0,0.8,0.0,-0.1,0.0,0.0,16.0,25903.0
2026-07-30T19:02:41.271Z,330.754,330.76800000000003,0.0,7.4,0.0,0.0,0.0,0.0,0.0,0.0,0.0,0.0,1.0,0.0,0.0,0.0,9.0,4.0,0.0,0.0,0.0,0.0,0.0,0.0,0.0,0.0,5.0,12.0,1.0,12.18,5.0200000000000005,2.51,1.49,0.0,0.0,0.0,129.8,0.0,0.2,1.7000000000000002,0.3,-169.60000000000002,0.0,0.0,169.70000000000002,0.0,21.8,29.0,29.0,30.0,300.0,300.0,31.6,35.7,28.9,28.1,30.0,4.95,2.0,4.97,0.16,0.0,0.0,1027.0,8228.0,0.0,0.0,0.0,0.0,0.0,1.0,0.0,0.0,0.0,0.0,0.0,2.2,0.0,0.0,0.0,0.0,16.0,25903.0
2026-07-30T19:02:41.287Z,330.77,330.78000000000003,0.0,7.4,0.0,0.0,0.0,0.0,0.0,0.0,0.0,0.0,1.0,0.0,0.0,0.0,9.0,4.0,0.0,0.0,0.0,0.0,0.0,0.0,0.0,0.0,6.0,12.0,1.0,12.18,5.0200000000000005,2.51,1.49,0.0,0.0,0.0,129.70000000000002,0.0,-0.3,-0.5,-0.7000000000000001,-169.60000000000002,0.0,0.0,169.70000000000002,0.0,21.8,29.0,29.0,30.0,300.0,300.0,31.6,35.7,28.9,28.1,30.0,4.96,2.0,4.96,0.16,0.0,0.0,1027.0,8228.0,0.0,0.0,0.0,0.0,0.0,1.0,0.0,0.0,0.0,0.0,0.0,-1.2000000000000002,0.0,0.5,0.0,0.0,16.0,25903.0
2026-07-30T19:02:41.294Z,330.777,330.79200000000003,0.0,7.4,0.0,0.0,0.0,0.0,0.0,0.0,0.0,0.0,1.0,0.0,0.0,0.0,9.0,4.0,0.0,0.0,0.0,0.0,0.0,0.0,0.0,0.0,5.0,12.0,1.0,12.18,5.0200000000000005,2.51,1.49,0.0,0.0,0.0,129.6,0.0,-0.9,-0.5,-0.7000000000000001,-169.60000000000002,0.0,0.0,169.70000000000002,0.0,21.8,29.0,29.0,30.0,300.0,300.0,31.6,35.7,28.9,28.1,30.0,4.95,1.99,4.96,0.16,0.0,0.0,1027.0,8228.0,0.0,0.0,0.0,0.0,0.0,1.0,0.0,0.0,0.0,0.0,0.0,-1.2000000000000002,0.0,0.5,0.0,0.0,16.0,25903.0
2026-07-30T19:02:41.306Z,330.789,330.80400000000003,0.0,7.4,0.0,0.0,0.0,0.0,0.0,0.0,0.0,0.0,1.0,0.0,0.0,0.0,9.0,4.0,0.0,0.0,0.0,0.0,0.0,0.0,0.0,0.0,6.0,12.0,1.0,12.18,5.0200000000000005,2.51,1.49,0.0,0.0,0.0,129.9,0.0,-0.3,0.6000000000000001,-0.7000000000000001,-169.60000000000002,0.0,0.0,169.8,0.0,21.8,29.0,29.0,30.0,300.0,300.0,31.6,35.7,28.9,28.1,30.0,4.95,2.0,4.96,0.16,0.0,0.0,1027.0,8228.0,0.0,0.0,0.0,0.0,0.0,1.0,0.0,0.0,0.0,0.0,0.0,0.1,0.0,0.7000000000000001,0.0,0.0,16.0,25903.0
2026-07-30T19:02:41.318Z,330.801,330.81600000000003,0.0,7.4,0.0,0.0,0.0,0.0,0.0,0.0,0.0,0.0,1.0,0.0,0.0,0.0,9.0,4.0,0.0,0.0,0.0,0.0,0.0,0.0,0.0,0.0,1.0,12.0,1.0,12.18,5.0200000000000005,2.51,1.49,0.0,0.1,0.0,130.0,0.0,0.2,1.2000000000000002,-0.7000000000000001,-169.60000000000002,0.0,0.0,169.8,0.0,21.8,29.0,29.0,30.0,300.0,300.0,31.6,35.7,28.9,28.1,30.0,4.96,2.0,4.96,0.16,0.0,0.0,1027.0,8228.0,0.0,0.0,0.0,0.0,0.0,1.0,0.0,0.0,0.0,0.0,0.0,0.8,0.0,0.8,0.0,0.0001,16.0,25903.0
2026-07-30T19:02:41.330Z,330.813,330.82800000000003,0.0,7.4,0.0,0.0,0.0,0.0,0.0,0.0,0.0,0.0,1.0,0.0,0.0,0.0,9.0,4.0,0.0,0.0,0.0,0.0,0.0,0.0,0.0,0.0,2.0,12.0,1.0,12.18,5.0200000000000005,2.51,1.49,0.0,0.0,0.0,130.20000000000002,0.0,-0.3,0.0,0.4,-169.70000000000002,0.0,0.0,169.8,0.0,21.8,29.0,29.0,30.0,300.0,300.0,31.6,35.7,28.9,28.1,30.0,4.95,2.0,4.96,0.16,0.0,0.0,1027.0,8228.0,0.0,0.0,0.0,0.0,0.0,1.0,0.0,0.0,0.0,0.0,0.0,0.5,0.0,0.2,0.0,0.0,16.0,25903.0
2026-07-30T19:02:41.342Z,330.825,330.84000000000003,0.0,7.4,0.0,0.0,0.0,0.0,0.0,0.0,0.0,0.0,1.0,0.0,0.0,0.0,9.0,4.0,0.0,0.0,0.0,0.0,0.0,0.0,0.0,0.0,3.0,12.0,1.0,12.18,5.0200000000000005,2.51,1.49,0.0,0.0,0.0,130.5,0.0,0.2,-0.6000000000000001,-0.7000000000000001,-169.70000000000002,0.0,0.0,169.70000000000002,0.0,21.8,29.0,29.0,30.0,300.0,300.0,31.6,35.7,28.9,28.1,30.0,4.95,1.99,4.97,0.16,0.0,0.0,1027.0,8228.0,0.0,0.0,0.0,0.0,0.0,1.0,0.0,0.0,0.0,0.0,0.0,-0.3,0.0,-0.5,0.0,0.0,16.0,25903.0
2026-07-30T19:02:41.354Z,330.837,330.85200000000003,0.0,7.4,0.0,0.0,0.0,0.0,0.0,0.0,0.0,0.0,1.0,0.0,0.0,0.0,9.0,4.0,0.0,0.0,0.0,0.0,0.0,0.0,0.0,0.0,5.0,12.0,1.0,12.18,5.0200000000000005,2.51,1.49,0.0,0.0,0.0,130.6,0.0,-0.3,1.1,-0.1,-169.70000000000002,0.0,0.0,169.70000000000002,0.0,21.8,29.0,29.0,30.0,300.0,300.0,31.6,35.7,28.9,28.1,30.0,4.95,1.99,4.96,0.16,0.0,0.0,1027.0,8228.0,0.0,0.0,0.0,0.0,0.0,1.0,0.0,0.0,0.0,0.0,0.0,1.2000000000000002,0.0,0.3,0.0,0.0,16.0,25903.0
2026-07-30T19:02:41.366Z,330.849,330.86400000000003,0.0,7.4,0.0,0.0,0.0,0.0,0.0,0.0,0.0,0.0,1.0,0.0,0.0,0.0,9.0,4.0,0.0,0.0,0.0,0.0,0.0,0.0,0.0,0.0,1.0,12.0,1.0,12.18,5.0200000000000005,2.51,1.49,0.0,0.0,0.0,130.8,0.0,0.2,0.0,1.0,-169.70000000000002,0.0,0.0,169.70000000000002,0.0,21.8,29.0,29.0,30.0,300.0,300.0,31.6,35.7,28.9,28.1,30.0,4.96,1.99,4.96,0.16,0.0,0.0,1027.0,8228.0,0.0,0.0,0.0,0.0,0.0,1.0,0.0,0.0,0.0,0.0,0.0,0.7000000000000001,0.0,-0.9,0.0,0.0,16.0,25903.0
2026-07-30T19:02:41.379Z,330.862,330.87600000000003,0.0,7.4,0.0,0.0,0.0,0.0,0.0,0.0,0.0,0.0,1.0,0.0,0.0,0.0,9.0,4.0,0.0,0.0,0.0,0.0,0.0,0.0,0.0,0.0,1.0,12.0,1.0,12.2,5.01,2.51,1.49,0.0,0.0,0.0,131.0,0.0,0.8,-0.6000000000000001,-0.6000000000000001,-169.70000000000002,0.0,0.0,169.70000000000002,0.0,21.4,29.0,29.0,30.0,300.0,300.0,31.700000000000003,35.7,28.9,28.1,30.0,4.95,1.99,4.97,0.16,0.0,0.0,1027.0,8228.0,0.0,0.0,0.0,0.0,0.0,1.0,0.0,0.0,0.0,0.0,0.0,-1.1,0.0,0.4,0.0,0.0,16.0,25903.0
2026-07-30T19:02:41.390Z,330.873,330.88800000000003,0.0,7.4,0.0,0.0,0.0,0.0,0.0,0.0,0.0,0.0,1.0,0.0,0.0,0.0,9.0,4.0,0.0,0.0,0.0,0.0,0.0,0.0,0.0,0.0,3.0,12.0,1.0,12.2,5.01,2.51,1.49,0.0,0.0,0.0,131.20000000000002,0.0,-0.3,-0.5,-0.6000000000000001,-169.70000000000002,0.0,0.0,169.8,0.0,21.4,29.0,29.0,30.0,300.0,300.0,31.700000000000003,35.7,28.9,28.1,30.0,4.96,1.99,4.97,0.16,0.0,0.0,1027.0,8228.0,0.0,0.0,0.0,0.0,0.0,1.0,0.0,0.0,0.0,0.0,0.0,-1.1,0.0,0.4,0.0,0.0,16.0,25903.0
2026-07-30T19:02:41.402Z,330.885,330.90000000000003,0.0,7.4,0.0,0.0,0.0,0.0,0.0,0.0,0.0,0.0,1.0,0.0,0.0,0.0,9.0,4.0,0.0,0.0,0.0,0.0,0.0,0.0,0.0,0.0,4.0,12.0,1.0,12.2,5.01,2.51,1.49,0.0,0.0,0.0,131.3,0.0,0.2,0.5,1.0,-169.70000000000002,0.0,0.0,169.8,0.0,21.4,29.0,29.0,30.0,300.0,300.0,31.700000000000003,35.7,28.9,28.1,30.0,4.96,1.99,4.97,0.16,0.0,0.0,1027.0,8228.0,0.0,0.0,0.0,0.0,0.0,1.0,0.0,0.0,0.0,0.0,0.0,1.4,0.0,-0.8,0.0,0.0,16.0,25903.0
2026-07-30T19:02:41.414Z,330.897,330.91200000000003,0.0,7.4,0.0,0.0,0.0,0.0,0.0,0.0,0.0,0.0,1.0,0.0,0.0,0.0,9.0,4.0,0.0,0.0,0.0,0.0,0.0,0.0,0.0,0.0,5.0,12.0,1.0,12.2,5.01,2.51,1.49,0.0,0.1,0.0,131.5,0.0,-1.5,0.5,1.6,-169.70000000000002,0.0,0.0,169.8,0.0,21.4,29.0,29.0,30.0,300.0,300.0,31.700000000000003,35.7,28.9,28.1,30.0,4.96,1.99,4.97,0.16,0.0,0.0,1027.0,8228.0,0.0,0.0,0.0,0.0,0.0,1.0,0.0,0.0,0.0,0.0,0.0,1.8,0.0,-1.3,0.0,0.0,16.0,25903.0
2026-07-30T19:02:41.426Z,330.909,330.92400000000004,0.0,7.4,0.0,0.0,0.0,0.0,0.0,0.0,0.0,0.0,1.0,0.0,0.0,0.0,9.0,4.0,0.0,0.0,0.0,0.0,0.0,0.0,0.0,0.0,1.0,12.0,1.0,12.2,5.01,2.51,1.49,0.0,0.0,0.0,131.70000000000002,0.0,0.2,1.6,1.6,-169.70000000000002,0.0,0.0,169.8,0.0,21.4,29.0,29.0,30.0,300.0,300.0,31.700000000000003,35.7,28.9,28.1,30.0,4.95,1.99,4.97,0.16,0.0,0.0,1027.0,8228.0,0.0,0.0,0.0,0.0,0.0,1.0,0.0,0.0,0.0,0.0,0.0,3.1,0.0,-1.1,0.0,0.0,16.0,25903.0
2026-07-30T19:02:41.438Z,330.921,330.936,0.0,7.4,0.0,0.0,0.0,0.0,0.0,0.0,0.0,0.0,1.0,0.0,0.0,0.0,9.0,4.0,0.0,0.0,0.0,0.0,0.0,0.0,0.0,0.0,2.0,12.0,1.0,12.2,5.01,2.51,1.49,0.0,0.0,0.0,131.9,0.0,-0.9,-1.2000000000000002,-0.6000000000000001,-169.70000000000002,0.0,0.0,169.8,0.0,21.4,29.0,29.0,30.0,300.0,300.0,31.700000000000003,35.7,28.9,28.1,30.0,4.96,1.99,4.96,0.16,0.0,0.0,1027.0,8228.0,0.0,0.0,0.0,0.0,0.0,1.0,0.0,0.0,0.0,0.0,0.0,-1.8,0.0,0.3,0.0,0.0,16.0,25903.0
2026-07-30T19:02:41.450Z,330.933,330.948,0.0,7.4,0.0,0.0,0.0,0.0,0.0,0.0,0.0,0.0,1.0,0.0,0.0,0.0,9.0,4.0,0.0,0.0,0.0,0.0,0.0,0.0,0.0,0.0,4.0,12.0,1.0,12.2,5.01,2.51,1.49,0.0,0.0,0.0,132.1,0.0,0.2,0.5,0.0,-169.70000000000002,0.0,0.0,169.8,0.0,21.4,29.0,29.0,30.0,300.0,300.0,31.700000000000003,35.7,28.9,28.1,30.0,4.96,1.99,4.97,0.16,0.0,0.0,1027.0,8228.0,0.0,0.0,0.0,0.0,0.0,1.0,0.0,0.0,0.0,0.0,0.0,0.6000000000000001,0.0,0.1,0.0,0.0,16.0,25903.0
2026-07-30T19:02:41.462Z,330.945,330.96,0.0,7.4,0.0,0.0,0.0,0.0,0.0,0.0,0.0,0.0,1.0,0.0,0.0,0.0,9.0,4.0,0.0,0.0,0.0,0.0,0.0,0.0,0.0,0.0,5.0,12.0,1.0,12.2,5.01,2.51,1.49,0.0,0.0,0.0,132.3,0.0,0.3,0.0,1.7000000000000002,-169.70000000000002,0.0,0.0,169.8,0.0,21.4,29.0,29.0,30.0,300.0,300.0,31.700000000000003,35.7,28.9,28.1,30.0,4.95,1.99,4.97,0.16,0.0,0.0,1027.0,8228.0,0.0,0.0,0.0,0.0,0.0,1.0,0.0,0.0,0.0,0.0,0.0,1.2000000000000002,0.0,-1.4,0.0,0.0,16.0,25903.0
2026-07-30T19:02:41.475Z,330.958,330.972,0.0,7.4,0.0,0.0,0.0,0.0,0.0,0.0,0.0,0.0,1.0,0.0,0.0,0.0,9.0,4.0,0.0,0.0,0.0,0.0,0.0,0.0,0.0,0.0,1.0,12.0,1.0,12.18,5.0200000000000005,2.51,1.49,0.0,0.0,0.0,132.5,0.0,-0.8,-1.1,1.0,-169.70000000000002,0.0,0.0,169.8,0.0,21.4,29.0,29.0,30.0,300.0,300.0,31.8,35.800000000000004,28.9,28.1,30.0,4.96,1.99,4.96,0.16,0.0,0.0,1027.0,8228.0,0.0,0.0,0.0,0.0,0.0,1.0,0.0,0.0,0.0,0.0,0.0,-0.4,0.0,-1.1,0.0,0.0,16.0,25903.0
2026-07-30T19:02:41.486Z,330.969,330.984,0.0,7.4,0.0,0.0,0.0,0.0,0.0,0.0,0.0,0.0,1.0,0.0,0.0,0.0,9.0,4.0,0.0,0.0,0.0,0.0,0.0,0.0,0.0,0.0,2.0,12.0,1.0,12.18,5.0200000000000005,2.51,1.49,0.0,0.0,0.0,132.6,0.0,-0.8,-1.0,0.0,-169.70000000000002,0.0,0.0,169.8,0.0,21.4,29.0,29.0,30.0,300.0,300.0,31.8,35.800000000000004,28.9,28.1,30.0,4.95,1.99,4.97,0.16,0.0,0.0,1027.0,8228.0,0.0,0.0,0.0,0.0,0.0,1.0,0.0,0.0,0.0,0.0,0.0,-1.2000000000000002,0.0,-0.1,0.0,0.0,16.0,25903.0
2026-07-30T19:02:41.498Z,330.981,330.996,0.0,7.4,0.0,0.0,0.0,0.0,0.0,0.0,0.0,0.0,1.0,0.0,0.0,0.0,9.0,4.0,0.0,0.0,0.0,0.0,0.0,0.0,0.0,0.0,3.0,12.0,1.0,12.18,5.0200000000000005,2.51,1.49,0.0,0.1,0.0,132.8,0.0,0.3,-0.4,0.0,-169.70000000000002,0.0,0.0,169.70000000000002,0.0,21.4,29.0,29.0,30.0,300.0,300.0,31.8,35.800000000000004,28.9,28.1,30.0,4.95,1.99,4.97,0.16,0.0,0.0,1027.0,8228.0,0.0,0.0,0.0,0.0,0.0,1.0,0.0,0.0,0.0,0.0,0.0,-0.5,0.0,0.0,0.0,0.0,16.0,25903.0
2026-07-30T19:02:41.510Z,330.993,331.008,0.0,7.4,0.0,0.0,0.0,0.0,0.0,0.0,0.0,0.0,1.0,0.0,0.0,0.0,9.0,4.0,0.0,0.0,0.0,0.0,0.0,0.0,0.0,0.0,5.0,12.0,1.0,12.18,5.0200000000000005,2.51,1.49,0.0,0.0,0.0,133.0,0.0,0.9,0.7000000000000001,1.1,-169.70000000000002,0.0,0.0,169.8,0.0,21.4,29.0,29.0,30.0,300.0,300.0,31.8,35.800000000000004,28.9,28.1,30.0,4.95,1.99,4.97,0.16,0.0,0.0,1027.0,8228.0,0.0,0.0,0.0,0.0,0.0,1.0,0.0,0.0,0.0,0.0,0.0,1.6,0.0,-0.8,0.0,0.0,16.0,25903.0
2026-07-30T19:02:41.522Z,331.005,331.02,0.0,7.4,0.0,0.0,0.0,0.0,0.0,0.0,0.0,0.0,1.0,0.0,0.0,0.0,9.0,4.0,0.0,0.0,0.0,0.0,0.0,0.0,0.0,0.0,5.0,12.0,1.0,12.18,5.0200000000000005,2.51,1.49,0.0,0.1,0.0,133.20000000000002,0.0,-0.2,-0.4,0.5,-169.70000000000002,0.0,0.0,169.70000000000002,0.0,21.4,29.0,29.0,30.0,300.0,300.0,31.8,35.800000000000004,28.9,28.1,30.0,4.96,1.99,4.96,0.16,0.0,0.0,1027.0,8228.0,0.0,0.0,0.0,0.0,0.0,1.0,0.0,0.0,0.0,0.0,0.0,0.0,0.0,-0.5,0.0,0.0,16.0,25903.0
2026-07-30T19:02:41.534Z,331.017,331.032,0.0,7.4,0.0,0.0,0.0,0.0,0.0,0.0,0.0,0.0,1.0,0.0,0.0,0.0,9.0,4.0,0.0,0.0,0.0,0.0,0.0,0.0,0.0,0.0,1.0,12.0,1.0,12.18,5.0200000000000005,2.51,1.49,0.0,0.0,0.0,133.4,0.0,0.3,-1.0,-1.2000000000000002,-169.70000000000002,0.0,0.0,169.8,0.0,21.4,29.0,29.0,30.0,300.0,300.0,31.8,35.800000000000004,28.9,28.1,30.0,4.95,1.99,4.97,0.16,0.0,0.0,1027.0,8228.0,0.0,0.0,0.0,0.0,0.0,1.0,0.0,0.0,0.0,0.0,0.0,-2.0,0.0,0.8,0.0,0.0,16.0,25903.0
2026-07-30T19:02:41.545Z,331.028,331.044,0.0,7.4,0.0,0.0,0.0,0.0,0.0,0.0,0.0,0.0,1.0,0.0,0.0,0.0,9.0,4.0,0.0,0.0,0.0,0.0,0.0,0.0,0.0,0.0,2.0,12.0,1.0,12.18,5.0200000000000005,2.51,1.49,0.0,0.0,0.0,133.3,0.0,0.8,0.1,0.0,-169.70000000000002,0.0,0.0,169.70000000000002,0.0,21.4,29.0,29.0,30.0,300.0,300.0,31.8,35.800000000000004,28.9,28.1,30.0,4.95,1.99,4.96,0.16,0.0,0.0,1027.0,8228.0,0.0,0.0,0.0,0.0,0.0,1.0,0.0,0.0,0.0,0.0,0.0,0.1,0.0,0.0,0.0,0.0,16.0,25903.0
2026-07-30T19:02:41.558Z,331.041,331.056,0.0,7.4,0.0,0.0,0.0,0.0,0.0,0.0,0.0,0.0,1.0,0.0,0.0,0.0,9.0,4.0,0.0,0.0,0.0,0.0,0.0,0.0,0.0,0.0,3.0,12.0,1.0,12.18,5.0200000000000005,2.51,1.49,0.0,0.0,0.0,133.20000000000002,0.0,0.3,0.1,0.0,-169.70000000000002,0.0,0.0,169.8,0.0,21.4,29.0,29.0,30.0,300.0,300.0,31.8,35.800000000000004,28.9,28.1,30.0,4.96,1.99,4.96,0.16,0.0,0.0,1027.0,8228.0,0.0,0.0,0.0,0.0,0.0,1.0,0.0,0.0,0.0,0.0,0.0,0.1,0.0,0.0,0.0,0.0,16.0,25903.0
2026-07-30T19:02:41.570Z,331.053,331.068,0.0,7.4,0.0,0.0,0.0,0.0,0.0,0.0,0.0,0.0,1.0,0.0,0.0,0.0,9.0,4.0,0.0,0.0,0.0,0.0,0.0,0.0,0.0,0.0,6.0,12.0,1.0,12.18,5.0200000000000005,2.51,1.49,0.0,0.0,0.0,133.1,0.0,0.9,1.3,0.5,-169.70000000000002,0.0,0.0,169.60000000000002,0.0,21.4,29.0,29.0,30.0,300.0,300.0,31.8,35.800000000000004,28.9,28.1,30.0,4.95,1.99,4.96,0.16,0.0,0.0,1027.0,8228.0,0.0,0.0,0.0,0.0,0.0,1.0,0.0,0.0,0.0,0.0,0.0,1.9,0.0,-0.2,0.0,0.0001,16.0,25903.0
2026-07-30T19:02:41.582Z,331.065,331.08,0.0,7.4,0.0,0.0,0.0,0.0,0.0,0.0,0.0,0.0,1.0,0.0,0.0,0.0,9.0,4.0,0.0,0.0,0.0,0.0,0.0,0.0,0.0,0.0,1.0,12.0,1.0,12.19,5.0200000000000005,2.51,1.49,0.0,0.0,0.0,133.0,0.0,0.3,-0.4,-0.5,-169.70000000000002,0.0,0.0,169.8,0.0,21.0,29.0,29.0,30.0,300.0,300.0,31.700000000000003,35.800000000000004,28.9,28.200000000000003,30.0,4.95,1.99,4.97,0.16,0.0,0.0,1027.0,8228.0,0.0,0.0,0.0,0.0,0.0,1.0,0.0,0.0,0.0,0.0,0.0,-0.8,0.0,0.4,0.0,0.0001,16.0,25903.0
2026-07-30T19:02:41.594Z,331.077,331.092,0.0,7.4,0.0,0.0,0.0,0.0,0.0,0.0,0.0,0.0,1.0,0.0,0.0,0.0,9.0,4.0,0.0,0.0,0.0,0.0,0.0,0.0,0.0,0.0,2.0,12.0,1.0,12.19,5.0200000000000005,2.51,1.49,0.0,0.1,0.0,132.8,0.0,-0.2,0.7000000000000001,-1.7000000000000002,-169.70000000000002,0.0,0.0,169.8,0.0,21.0,29.0,29.0,30.0,300.0,300.0,31.700000000000003,35.800000000000004,28.9,28.200000000000003,30.0,4.95,1.99,4.96,0.16,0.0,0.0,1027.0,8228.0,0.0,0.0,0.0,0.0,0.0,1.0,0.0,0.0,0.0,0.0,0.0,-0.4,0.0,1.6,0.0,0.0001,16.0,25903.0
2026-07-30T19:02:41.606Z,331.089,331.104,0.0,7.4,0.0,0.0,0.0,0.0,0.0,0.0,0.0,0.0,1.0,0.0,0.0,0.0,9.0,4.0,0.0,0.0,0.0,0.0,0.0,0.0,0.0,0.0,3.0,12.0,1.0,12.19,5.0200000000000005,2.51,1.49,0.0,0.0,0.0,132.70000000000002,0.0,-0.8,-0.4,0.5,-169.70000000000002,0.0,0.0,169.8,0.0,21.0,29.0,29.0,30.0,300.0,300.0,31.700000000000003,35.800000000000004,28.9,28.200000000000003,30.0,4.96,1.99,4.96,0.16,0.0,0.0,1027.0,8228.0,0.0,0.0,0.0,0.0,0.0,1.0,0.0,0.0,0.0,0.0,0.0,0.0,0.0,-0.5,0.0,0.0,16.0,25903.0
2026-07-30T19:02:41.618Z,331.101,331.116,0.0,7.4,0.0,0.0,0.0,0.0,0.0,0.0,0.0,0.0,1.0,0.0,0.0,0.0,9.0,4.0,0.0,0.0,0.0,0.0,0.0,0.0,0.0,0.0,5.0,12.0,1.0,12.19,5.0200000000000005,2.51,1.49,0.0,0.0,0.0,132.70000000000002,0.0,-0.3,-0.4,-0.5,-169.70000000000002,0.0,0.0,169.70000000000002,0.0,21.0,29.0,29.0,30.0,300.0,300.0,31.700000000000003,35.800000000000004,28.9,28.200000000000003,30.0,4.95,1.99,4.96,0.16,0.0,0.0,1027.0,8228.0,0.0,0.0,0.0,0.0,0.0,1.0,0.0,0.0,0.0,0.0,0.0,-0.9,0.0,0.4,0.0,0.0001,16.0,25903.0
2026-07-30T19:02:41.630Z,331.113,331.128,0.0,7.4,0.0,0.0,0.0,0.0,0.0,0.0,0.0,0.0,1.0,0.0,0.0,0.0,9.0,4.0,0.0,0.0,0.0,0.0,0.0,0.0,0.0,0.0,6.0,12.0,1.0,12.19,5.0200000000000005,2.51,1.49,0.0,0.0,0.0,132.6,0.0,0.2,-0.9,0.0,-169.70000000000002,0.0,0.0,169.8,0.0,21.0,29.0,29.0,30.0,300.0,300.0,31.700000000000003,35.800000000000004,28.9,28.200000000000003,30.0,4.96,1.99,4.96,0.16,0.0,0.0,1027.0,8228.0,0.0,0.0,0.0,0.0,0.0,1.0,0.0,0.0,0.0,0.0,0.0,-1.1,0.0,-0.2,0.0,0.0001,16.0,25903.0
2026-07-30T19:02:41.642Z,331.125,331.14,0.0,7.4,0.0,0.0,0.0,0.0,0.0,0.0,0.0,0.0,1.0,0.0,0.0,0.0,9.0,4.0,0.0,0.0,0.0,0.0,0.0,0.0,0.0,0.0,2.0,12.0,1.0,12.19,5.0200000000000005,2.51,1.49,0.0,0.0,0.0,132.5,0.0,-0.3,0.7000000000000001,0.0,-169.70000000000002,0.0,0.0,169.70000000000002,0.0,21.0,29.0,29.0,30.0,300.0,300.0,31.700000000000003,35.800000000000004,28.9,28.200000000000003,30.0,4.96,2.0,4.96,0.16,0.0,0.0,1027.0,8228.0,0.0,0.0,0.0,0.0,0.0,1.0,0.0,0.0,0.0,0.0,0.0,0.7000000000000001,0.0,0.1,0.0,0.0,16.0,25903.0
2026-07-30T19:02:41.654Z,331.137,331.152,0.0,7.4,0.0,0.0,0.0,0.0,0.0,0.0,0.0,0.0,1.0,0.0,0.0,0.0,9.0,4.0,0.0,0.0,0.0,0.0,0.0,0.0,0.0,0.0,3.0,12.0,1.0,12.19,5.0200000000000005,2.51,1.49,0.0,0.0,0.0,132.3,0.0,0.2,0.7000000000000001,0.0,-169.70000000000002,0.0,0.0,169.8,0.0,21.0,29.0,29.0,30.0,300.0,300.0,31.700000000000003,35.800000000000004,28.9,28.200000000000003,30.0,4.95,1.99,4.96,0.16,0.0,0.0,1027.0,8228.0,0.0,0.0,0.0,0.0,0.0,1.0,0.0,0.0,0.0,0.0,0.0,0.8,0.0,0.1,0.0,0.0,16.0,25903.0
2026-07-30T19:02:41.666Z,331.149,331.164,0.0,7.4,0.0,0.0,0.0,0.0,0.0,0.0,0.0,0.0,1.0,0.0,0.0,0.0,9.0,4.0,0.0,0.0,0.0,0.0,0.0,0.0,0.0,0.0,4.0,12.0,1.0,12.19,5.0200000000000005,2.51,1.49,0.0,0.0,0.0,132.20000000000002,0.0,-0.2,0.7000000000000001,0.5,-169.70000000000002,0.0,0.0,169.8,0.0,21.0,29.0,29.0,30.0,300.0,300.0,31.700000000000003,35.800000000000004,28.9,28.200000000000003,30.0,4.95,1.99,4.97,0.16,0.0,0.0,1027.0,8228.0,0.0,0.0,0.0,0.0,0.0,1.0,0.0,0.0,0.0,0.0,0.0,1.2000000000000002,0.0,-0.2,0.0,0.0001,16.0,25903.0
2026-07-30T19:02:41.679Z,331.162,331.176,0.0,7.4,0.0,0.0,0.0,0.0,0.0,0.0,0.0,0.0,1.0,0.0,0.0,0.0,9.0,4.0,0.0,0.0,0.0,0.0,0.0,0.0,0.0,0.0,6.0,12.0,1.0,12.17,5.01,2.5,1.49,0.0,0.0,0.0,132.1,0.0,0.2,0.1,-0.6000000000000001,-169.70000000000002,0.0,0.0,169.70000000000002,0.0,21.8,29.0,29.0,29.9,300.0,300.0,31.6,35.800000000000004,28.9,28.1,30.0,4.96,2.0,4.96,0.16,0.0,0.0,1027.0,8228.0,0.0,0.0,0.0,0.0,0.0,1.0,0.0,0.0,0.0,0.0,0.0,-0.3,0.0,0.6000000000000001,0.0,0.0,16.0,25903.0
2026-07-30T19:02:41.690Z,331.173,331.188,0.0,7.4,0.0,0.0,0.0,0.0,0.0,0.0,0.0,0.0,1.0,0.0,0.0,0.0,9.0,4.0,0.0,0.0,0.0,0.0,0.0,0.0,0.0,0.0,1.0,12.0,1.0,12.17,5.01,2.5,1.49,0.0,0.0,0.0,132.1,0.0,0.8,0.7000000000000001,0.0,-169.70000000000002,0.0,0.0,169.8,0.0,21.8,29.0,29.0,29.9,300.0,300.0,31.6,35.800000000000004,28.9,28.1,30.0,4.96,1.99,4.97,0.16,0.0,0.0,1027.0,8228.0,0.0,0.0,0.0,0.0,0.0,1.0,0.0,0.0,0.0,0.0,0.0,0.7000000000000001,0.0,0.2,0.0,0.0,16.0,25903.0
2026-07-30T19:02:41.702Z,331.185,331.2,0.0,7.4,0.0,0.0,0.0,0.0,0.0,0.0,0.0,0.0,1.0,0.0,0.0,0.0,9.0,4.0,0.0,0.0,0.0,0.0,0.0,0.0,0.0,0.0,2.0,12.0,1.0,12.17,5.01,2.5,1.49,0.0,0.1,0.0,131.9,0.0,-0.2,0.2,0.0,-169.70000000000002,0.0,0.0,169.8,0.0,21.8,29.0,29.0,29.9,300.0,300.0,31.6,35.800000000000004,28.9,28.1,30.0,4.95,1.99,4.97,0.16,0.0,0.0,1027.0,8228.0,0.0,0.0,0.0,0.0,0.0,1.0,0.0,0.0,0.0,0.0,0.0,0.1,0.0,0.1,0.0,0.0,16.0,25903.0
2026-07-30T19:02:41.714Z,331.197,331.212,0.0,7.4,0.0,0.0,0.0,0.0,0.0,0.0,0.0,0.0,1.0,0.0,0.0,0.0,9.0,4.0,0.0,0.0,0.0,0.0,0.0,0.0,0.0,0.0,3.0,12.0,1.0,12.17,5.01,2.5,1.49,0.0,0.0,0.0,131.8,0.0,0.3,-0.9,0.0,-169.70000000000002,0.0,0.0,169.8,0.0,21.8,29.0,29.0,29.9,300.0,300.0,31.6,35.800000000000004,28.9,28.1,30.0,4.96,1.99,4.96,0.16,0.0,0.0,1027.0,8228.0,0.0,0.0,0.0,0.0,0.0,1.0,0.0,0.0,0.0,0.0,0.0,-1.1,0.0,-0.1,0.0,0.0,16.0,25903.0
2026-07-30T19:02:41.726Z,331.209,331.224,0.0,7.4,0.0,0.0,0.0,0.0,0.0,0.0,0.0,0.0,1.0,0.0,0.0,0.0,9.0,4.0,0.0,0.0,0.0,0.0,0.0,0.0,0.0,0.0,5.0,12.0,1.0,12.17,5.01,2.5,1.49,0.0,0.0,0.0,131.70000000000002,0.0,-0.8,-0.9,0.4,-169.70000000000002,0.0,0.0,169.8,0.0,21.8,29.0,29.0,29.9,300.0,300.0,31.6,35.800000000000004,28.9,28.1,30.0,4.95,1.99,4.96,0.16,0.0,0.0,1027.0,8228.0,0.0,0.0,0.0,0.0,0.0,1.0,0.0,0.0,0.0,0.0,0.0,-0.7000000000000001,0.0,-0.6000000000000001,0.0,0.0,16.0,25903.0
2026-07-30T19:02:41.738Z,331.221,331.236,0.0,7.4,0.0,0.0,0.0,0.0,0.0,0.0,0.0,0.0,1.0,0.0,0.0,0.0,9.0,4.0,0.0,0.0,0.0,0.0,0.0,0.0,0.0,0.0,6.0,12.0,1.0,12.17,5.01,2.5,1.49,0.0,0.0,0.0,131.6,0.0,-0.2,1.3,-0.6000000000000001,-169.70000000000002,0.0,0.0,169.8,0.0,21.8,29.0,29.0,29.9,300.0,300.0,31.6,35.800000000000004,28.9,28.1,30.0,4.95,1.99,4.97,0.16,0.0,0.0,1027.0,8228.0,0.0,0.0,0.0,0.0,0.0,1.0,0.0,0.0,0.0,0.0,0.0,1.0,0.0,0.8,0.0,0.0,16.0,25903.0
2026-07-30T19:02:41.751Z,331.234,331.248,0.0,7.4,0.0,0.0,0.0,0.0,0.0,0.0,0.0,0.0,1.0,0.0,0.0,0.0,9.0,4.0,0.0,0.0,0.0,0.0,0.0,0.0,0.0,0.0,1.0,12.0,1.0,12.17,5.01,2.5,1.49,0.0,0.0,0.0,131.4,0.0,0.9,0.1,-0.1,-169.70000000000002,0.0,0.0,169.8,0.0,21.8,29.0,29.0,29.9,300.0,300.0,31.6,35.800000000000004,28.9,28.1,30.0,4.95,2.0,4.97,0.16,0.0,0.0,1027.0,8228.0,0.0,0.0,0.0,0.0,0.0,1.0,0.0,0.0,0.0,0.0,0.0,0.1,0.0,0.1,0.0,0.0,16.0,25903.0
2026-07-30T19:02:41.762Z,331.245,331.26,0.0,7.4,0.0,0.0,0.0,0.0,0.0,0.0,0.0,0.0,1.0,0.0,0.0,0.0,9.0,4.0,0.0,0.0,0.0,0.0,0.0,0.0,0.0,0.0,2.0,12.0,1.0,12.17,5.01,2.5,1.49,0.0,0.0,0.0,131.4,0.0,-0.8,0.2,-0.7000000000000001,-169.70000000000002,0.0,0.0,169.8,0.0,21.8,29.0,29.0,29.9,300.0,300.0,31.6,35.800000000000004,28.9,28.1,30.0,4.96,2.0,4.96,0.16,0.0,0.0,1027.0,8228.0,0.0,0.0,0.0,0.0,0.0,1.0,0.0,0.0,0.0,0.0,0.0,-0.3,0.0,0.6000000000000001,0.0,0.0,16.0,25903.0
2026-07-30T19:02:41.773Z,331.256,331.272,0.0,7.4,0.0,0.0,0.0,0.0,0.0,0.0,0.0,0.0,1.0,0.0,0.0,0.0,9.0,4.0,0.0,0.0,0.0,0.0,0.0,0.0,0.0,0.0,4.0,12.0,1.0,12.17,5.01,2.5,1.49,0.0,0.0,0.0,131.20000000000002,0.0,-0.2,0.7000000000000001,0.4,-169.70000000000002,0.0,0.0,169.70000000000002,0.0,21.8,29.0,29.0,29.9,300.0,300.0,31.6,35.800000000000004,28.9,28.1,30.0,4.95,1.99,4.97,0.16,0.0,0.0,1027.0,8228.0,0.0,0.0,0.0,0.0,0.0,1.0,0.0,0.0,0.0,0.0,0.0,1.1,0.0,-0.2,0.0,0.0,16.0,25903.0
2026-07-30T19:02:41.786Z,331.269,331.284,0.0,7.4,0.0,0.0,0.0,0.0,0.0,0.0,0.0,0.0,1.0,0.0,0.0,0.0,9.0,4.0,0.0,0.0,0.0,0.0,0.0,0.0,0.0,0.0,5.0,12.0,1.0,12.18,5.01,2.51,1.5,-0.1,0.1,0.0,131.1,0.0,0.3,0.6000000000000001,1.6,-169.70000000000002,0.0,0.0,169.8,0.0,21.4,29.0,29.0,30.0,300.0,300.0,31.6,35.9,28.9,28.1,30.0,4.95,1.99,4.96,0.16,0.0,0.0,1027.0,8228.0,0.0,0.0,0.0,0.0,0.0,1.0,0.0,0.0,0.0,0.0,0.0,1.9,0.0,-1.3,0.0,0.0,16.0,25903.0
2026-07-30T19:02:41.798Z,331.281,331.296,0.0,7.4,0.0,0.0,0.0,0.0,0.0,0.0,0.0,0.0,1.0,0.0,0.0,0.0,9.0,4.0,0.0,0.0,0.0,0.0,0.0,0.0,0.0,0.0,1.0,12.0,1.0,12.18,5.01,2.51,1.5,0.0,0.0,0.0,131.0,0.0,0.3,1.8,0.0,-169.70000000000002,0.0,0.0,169.70000000000002,0.0,21.4,29.0,29.0,30.0,300.0,300.0,31.6,35.9,28.9,28.1,30.0,4.96,2.0,4.96,0.16,0.0,0.0,1027.0,8228.0,0.0,0.0,0.0,0.0,0.0,1.0,0.0,0.0,0.0,0.0,0.0,2.0,0.0,0.4,0.0,0.0,16.0,25903.0
2026-07-30T19:02:41.810Z,331.293,331.308,0.0,7.4,0.0,0.0,0.0,0.0,0.0,0.0,0.0,0.0,1.0,0.0,0.0,0.0,9.0,4.0,0.0,0.0,0.0,0.0,0.0,0.0,0.0,0.0,2.0,12.0,1.0,12.18,5.01,2.51,1.5,0.0,0.0,0.0,130.9,0.0,-0.2,0.1,0.5,-169.70000000000002,0.0,0.0,169.70000000000002,0.0,21.4,29.0,29.0,30.0,300.0,300.0,31.6,35.9,28.9,28.1,30.0,4.96,2.0,4.96,0.16,0.0,0.0,1027.0,8228.0,0.0,0.0,0.0,0.0,0.0,1.0,0.0,0.0,0.0,0.0,0.0,0.5,0.0,-0.4,0.0,0.0,16.0,25903.0
2026-07-30T19:02:41.822Z,331.305,331.32,0.0,7.4,0.0,0.0,0.0,0.0,0.0,0.0,0.0,0.0,1.0,0.0,0.0,0.0,9.0,4.0,0.0,0.0,0.0,0.0,0.0,0.0,0.0,0.0,3.0,12.0,1.0,12.18,5.01,2.51,1.5,0.0,0.0,0.0,130.9,0.0,0.8,-1.1,-0.6000000000000001,-169.70000000000002,0.0,0.0,169.70000000000002,0.0,21.4,29.0,29.0,30.0,300.0,300.0,31.6,35.9,28.9,28.1,30.0,4.95,1.99,4.97,0.16,0.0,0.0,1027.0,8228.0,0.0,0.0,0.0,0.0,0.0,1.0,0.0,0.0,0.0,0.0,0.0,-1.7000000000000002,0.0,0.3,0.0,0.0,16.0,25903.0
2026-07-30T19:02:41.834Z,331.317,331.332,0.0,7.4,0.0,0.0,0.0,0.0,0.0,0.0,0.0,0.0,1.0,0.0,0.0,0.0,9.0,4.0,0.0,0.0,0.0,0.0,0.0,0.0,0.0,0.0,5.0,12.0,1.0,12.18,5.01,2.51,1.5,0.0,0.0,0.0,130.70000000000002,0.0,1.4,-0.5,0.4,-169.70000000000002,0.0,0.0,169.70000000000002,0.0,21.4,29.0,29.0,30.0,300.0,300.0,31.6,35.9,28.9,28.1,30.0,4.95,2.0,4.96,0.16,0.0,0.0,1027.0,8228.0,0.0,0.0,0.0,0.0,0.0,1.0,0.0,0.0,0.0,0.0,0.0,-0.4,0.0,0.6000000000000001,0.0,0.0,16.0,25903.0
2026-07-30T19:02:41.846Z,331.329,331.344,0.0,7.4,0.0,0.0,0.0,0.0,0.0,0.0,0.0,0.0,1.0,0.0,0.0,0.0,9.0,4.0,0.0,0.0,0.0,0.0,0.0,0.0,0.0,0.0,6.0,12.0,1.0,12.18,5.01,2.51,1.5,0.0,0.0,0.0,130.6,0.0,-0.3,0.6000000000000001,0.0,-169.70000000000002,0.0,0.0,169.8,0.0,21.4,29.0,29.0,30.0,300.0,300.0,31.6,35.9,28.9,28.1,30.0,4.96,1.99,4.96,0.15,0.0,0.0,1027.0,8228.0,0.0,0.0,0.0,0.0,0.0,1.0,0.0,0.0,0.0,0.0,0.0,0.8,0.0,0.8,0.0,0.0,16.0,25903.0
2026-07-30T19:02:41.858Z,331.341,331.356,0.0,7.4,0.0,0.0,0.0,0.0,0.0,0.0,0.0,0.0,1.0,0.0,0.0,0.0,9.0,4.0,0.0,0.0,0.0,0.0,0.0,0.0,0.0,0.0,2.0,12.0,1.0,12.18,5.01,2.51,1.5,0.0,0.0,0.0,130.5,0.0,0.2,-0.5,-1.3,-169.70000000000002,0.0,0.0,169.70000000000002,0.0,21.4,29.0,29.0,30.0,300.0,300.0,31.6,35.9,28.9,28.1,30.0,4.95,1.99,4.97,0.16,0.0,0.0,1027.0,8228.0,0.0,0.0,0.0,0.0,0.0,1.0,0.0,0.0,0.0,0.0,0.0,0.8,0.0,-0.8,0.0,0.0001,16.0,25903.0
2026-07-30T19:02:41.870Z,331.353,331.368,0.0,7.4,0.0,0.0,0.0,0.0,0.0,0.0,0.0,0.0,1.0,0.0,0.0,0.0,9.0,4.0,0.0,0.0,0.0,0.0,0.0,0.0,0.0,0.0,3.0,12.0,1.0,12.18,5.01,2.51,1.5,0.0,0.0,0.0,130.4,0.0,0.8,0.6000000000000001,-0.1,-169.70000000000002,0.0,0.0,169.70000000000002,0.0,21.4,29.0,29.0,30.0,300.0,300.0,31.6,35.9,28.9,28.1,30.0,4.96,1.99,4.96,0.16,0.0,0.0,1027.0,8228.0,0.0,0.0,0.0,0.0,0.0,1.0,0.0,0.0,0.0,0.0,0.0,0.6000000000000001,0.0,0.2,0.0,0.0,16.0,25903.0
2026-07-30T19:02:41.883Z,331.366,331.38,0.0,7.4,0.0,0.0,0.0,0.0,0.0,0.0,0.0,0.0,1.0,0.0,0.0,0.0,9.0,4.0,0.0,0.0,0.0,0.0,0.0,0.0,0.0,0.0,4.0,12.0,1.0,12.18,5.01,2.51,1.49,0.0,0.0,0.0,130.3,0.0,0.2,2.3000000000000003,0.4,-169.70000000000002,0.0,0.0,169.70000000000002,0.0,21.700000000000003,29.0,29.0,30.0,300.0,300.0,31.6,35.800000000000004,28.9,28.1,30.0,4.96,1.99,4.96,0.16,0.0,0.0,1027.0,8228.0,0.0,0.0,0.0,0.0,0.0,1.0,0.0,0.0,0.0,0.0,0.0,3.0,0.0,0.0,0.0,0.0,16.0,25903.0
2026-07-30T19:02:41.894Z,331.377,331.392,0.0,7.4,0.0,0.0,0.0,0.0,0.0,0.0,0.0,0.0,1.0,0.0,0.0,0.0,9.0,4.0,0.0,0.0,0.0,0.0,0.0,0.0,0.0,0.0,6.0,12.0,1.0,12.18,5.01,2.51,1.49,0.0,0.1,0.0,130.20000000000002,0.0,0.7000000000000001,1.2000000000000002,0.4,-169.70000000000002,0.0,0.0,169.70000000000002,0.0,21.700000000000003,29.0,29.0,30.0,300.0,300.0,31.6,35.800000000000004,28.9,28.1,30.0,4.95,1.99,4.96,0.16,0.0,0.0,1027.0,8228.0,0.0,0.0,0.0,0.0,0.0,1.0,0.0,0.0,0.0,0.0,0.0,1.7000000000000002,0.0,-0.1,0.0,0.0,16.0,25903.0
2026-07-30T19:02:41.906Z,331.389,331.404,0.0,7.4,0.0,0.0,0.0,0.0,0.0,0.0,0.0,0.0,1.0,0.0,0.0,0.0,9.0,4.0,0.0,0.0,0.0,0.0,0.0,0.0,0.0,0.0,6.0,12.0,1.0,12.18,5.01,2.51,1.49,0.0,0.0,0.0,130.1,0.0,0.1,0.0,-0.7000000000000001,-169.70000000000002,0.0,0.0,169.8,0.0,21.700000000000003,29.0,29.0,30.0,300.0,300.0,31.6,35.800000000000004,28.9,28.1,30.0,4.95,1.99,4.97,0.16,0.0,0.0,1027.0,8228.0,0.0,0.0,0.0,0.0,0.0,1.0,0.0,0.0,0.0,0.0,0.0,-0.5,0.0,0.6000000000000001,0.0,0.0,16.0,25903.0
2026-07-30T19:02:41.918Z,331.401,331.416,0.0,7.4,0.0,0.0,0.0,0.0,0.0,0.0,0.0,0.0,1.0,0.0,0.0,0.0,9.0,4.0,0.0,0.0,0.0,0.0,0.0,0.0,0.0,0.0,2.0,12.0,1.0,12.18,5.01,2.51,1.49,0.0,0.0,0.0,130.0,0.0,-0.9,-1.7000000000000002,-0.1,-169.70000000000002,0.0,0.0,169.8,0.0,21.700000000000003,29.0,29.0,30.0,300.0,300.0,31.6,35.800000000000004,28.9,28.1,30.0,4.96,1.99,4.96,0.16,0.0,0.0,1027.0,8228.0,0.0,0.0,0.0,0.0,0.0,1.0,0.0,0.0,0.0,0.0,0.0,-2.0,0.0,-0.2,0.0,0.0,16.0,25903.0
2026-07-30T19:02:41.931Z,331.414,331.428,0.0,7.4,0.0,0.0,0.0,0.0,0.0,0.0,0.0,0.0,1.0,0.0,0.0,0.0,9.0,4.0,0.0,0.0,0.0,0.0,0.0,0.0,0.0,0.0,3.0,12.0,1.0,12.18,5.01,2.51,1.49,0.0,0.0,0.0,129.9,0.0,1.3,1.2000000000000002,1.0,-169.70000000000002,0.0,0.0,169.8,0.0,21.700000000000003,29.0,29.0,30.0,300.0,300.0,31.6,35.800000000000004,28.9,28.1,30.0,4.96,1.99,4.97,0.16,0.0,0.0,1027.0,8228.0,0.0,0.0,0.0,0.0,0.0,1.0,0.0,0.0,0.0,0.0,0.0,2.1,0.0,-0.6000000000000001,0.0,0.0,16.0,25903.0
2026-07-30T19:02:41.942Z,331.425,331.44,0.0,7.4,0.0,0.0,0.0,0.0,0.0,0.0,0.0,0.0,1.0,0.0,0.0,0.0,9.0,4.0,0.0,0.0,0.0,0.0,0.0,0.0,0.0,0.0,5.0,12.0,1.0,12.18,5.01,2.51,1.49,0.0,0.1,0.0,129.70000000000002,0.0,0.2,1.2000000000000002,0.0,-169.70000000000002,0.0,0.0,169.8,0.0,21.700000000000003,29.0,29.0,30.0,300.0,300.0,31.6,35.800000000000004,28.9,28.1,30.0,4.95,1.99,4.97,0.16,0.0,0.0,1027.0,8228.0,0.0,0.0,0.0,0.0,0.0,1.0,0.0,0.0,0.0,0.0,0.0,1.4,0.0,0.3,0.0,0.0,16.0,25903.0
2026-07-30T19:02:41.954Z,331.437,331.452,0.0,7.4,0.0,0.0,0.0,0.0,0.0,0.0,0.0,0.0,1.0,0.0,0.0,0.0,9.0,4.0,0.0,0.0,0.0,0.0,0.0,0.0,0.0,0.0,6.0,12.0,1.0,12.18,5.01,2.51,1.49,0.0,0.0,0.0,129.6,0.0,-0.3,0.1,0.0,-169.70000000000002,0.0,0.0,169.70000000000002,0.0,21.700000000000003,29.0,29.0,30.0,300.0,300.0,31.6,35.800000000000004,28.9,28.1,30.0,4.96,1.99,4.97,0.16,0.0,0.0,1027.0,8228.0,0.0,0.0,0.0,0.0,0.0,1.0,0.0,0.0,0.0,0.0,0.0,0.0,0.0,0.1,0.0,0.0,16.0,25903.0
2026-07-30T19:02:41.966Z,331.449,331.464,0.0,7.4,0.0,0.0,0.0,0.0,0.0,0.0,0.0,0.0,1.0,0.0,0.0,0.0,9.0,4.0,0.0,0.0,0.0,0.0,0.0,0.0,0.0,0.0,2.0,12.0,1.0,12.18,5.01,2.51,1.49,0.0,0.0,0.0,129.70000000000002,0.0,0.2,-0.4,0.0,-169.70000000000002,0.0,0.0,169.60000000000002,0.0,21.700000000000003,29.0,29.0,30.0,300.0,300.0,31.6,35.800000000000004,28.9,28.1,30.0,4.96,1.99,4.97,0.16,0.0,0.0,1027.0,8228.0,0.0,0.0,0.0,0.0,0.0,1.0,0.0,0.0,0.0,0.0,0.0,-0.5,0.0,0.0,0.0,0.0,16.0,25903.0
2026-07-30T19:02:41.978Z,331.461,331.476,0.0,7.4,0.0,0.0,0.0,0.0,0.0,0.0,0.0,0.0,1.0,0.0,0.0,0.0,9.0,4.0,0.0,0.0,0.0,0.0,0.0,0.0,0.0,0.0,3.0,12.0,1.0,12.18,5.01,2.51,1.49,0.0,0.1,0.0,129.9,0.0,0.2,0.7000000000000001,0.5,-169.70000000000002,0.0,0.0,169.60000000000002,0.0,21.700000000000003,29.0,29.0,30.0,300.0,300.0,31.6,35.800000000000004,28.9,28.1,30.0,4.96,1.99,4.97,0.16,0.0,0.0,1027.0,8228.0,0.0,0.0,0.0,0.0,0.0,1.0,0.0,0.0,0.0,0.0,0.0,1.2000000000000002,0.0,-0.3,0.0,0.0001,16.0,25903.0
2026-07-30T19:02:41.990Z,331.473,331.488,0.0,7.4,0.0,0.0,0.0,0.0,0.0,0.0,0.0,0.0,1.0,0.0,0.0,0.0,9.0,4.0,0.0,0.0,0.0,0.0,0.0,0.0,0.0,0.0,4.0,12.0,1.0,12.17,5.0200000000000005,2.51,1.5,0.0,0.0,0.0,130.1,0.0,0.2,0.2,0.0,-169.70000000000002,0.0,0.0,169.70000000000002,0.0,21.3,29.0,29.0,30.0,300.0,300.0,31.6,35.800000000000004,28.9,28.1,30.0,4.95,1.99,4.97,0.16,0.0,0.0,1027.0,8228.0,0.0,0.0,0.0,0.0,0.0,1.0,0.0,0.0,0.0,0.0,0.0,0.2,0.0,0.0,0.0,0.0,16.0,25903.0
2026-07-30T19:02:42.002Z,331.485,331.5,0.0,7.4,0.0,0.0,0.0,0.0,0.0,0.0,0.0,0.0,1.0,0.0,0.0,0.0,9.0,4.0,0.0,0.0,0.0,0.0,0.0,0.0,0.0,0.0,5.0,12.0,1.0,12.17,5.0200000000000005,2.51,1.5,0.0,0.0,0.0,130.3,0.0,0.2,-0.4,0.0,-169.70000000000002,0.0,0.0,169.60000000000002,0.0,21.3,29.0,29.0,30.0,300.0,300.0,31.6,35.800000000000004,28.9,28.1,30.0,4.96,1.99,4.96,0.16,0.0,0.0,1027.0,8228.0,0.0,0.0,0.0,0.0,0.0,1.0,0.0,0.0,0.0,0.0,0.0,-0.5,0.0,0.0,0.0,0.0001,16.0,25903.0
2026-07-30T19:02:42.014Z,331.497,331.512,0.0,7.4,0.0,0.0,0.0,0.0,0.0,0.0,0.0,0.0,1.0,0.0,0.0,0.0,9.0,4.0,0.0,0.0,0.0,0.0,0.0,0.0,0.0,0.0,1.0,12.0,1.0,12.17,5.0200000000000005,2.51,1.5,0.0,0.0,0.0,130.5,0.0,0.2,-0.4,0.5,-169.70000000000002,0.0,0.0,169.60000000000002,0.0,21.3,29.0,29.0,30.0,300.0,300.0,31.6,35.800000000000004,28.9,28.1,30.0,4.95,1.99,4.97,0.16,0.0,0.0,1027.0,8228.0,0.0,0.0,0.0,0.0,0.0,1.0,0.0,0.0,0.0,0.0,0.0,-0.1,0.0,-0.5,0.0,0.0,16.0,25903.0
2026-07-30T19:02:42.026Z,331.509,331.524,0.0,7.4,0.0,0.0,0.0,0.0,0.0,0.0,0.0,0.0,1.0,0.0,0.0,0.0,9.0,4.0,0.0,0.0,0.0,0.0,0.0,0.0,0.0,0.0,2.0,12.0,1.0,12.17,5.0200000000000005,2.51,1.5,0.0,0.0,0.0,130.6,0.0,-0.8,0.1,0.0,-169.70000000000002,0.0,0.0,169.60000000000002,0.0,21.3,29.0,29.0,30.0,300.0,300.0,31.6,35.800000000000004,28.9,28.1,30.0,4.95,1.99,4.97,0.16,0.0,0.0,1027.0,8228.0,0.0,0.0,0.0,0.0,0.0,1.0,0.0,0.0,0.0,0.0,0.0,0.1,0.0,0.0,0.0,0.0,16.0,25903.0
2026-07-30T19:02:42.038Z,331.521,331.536,0.0,7.4,0.0,0.0,0.0,0.0,0.0,0.0,0.0,0.0,1.0,0.0,0.0,0.0,9.0,4.0,0.0,0.0,0.0,0.0,0.0,0.0,0.0,0.0,3.0,12.0,1.0,12.17,5.0200000000000005,2.51,1.5,0.0,0.0,0.0,130.9,0.0,-0.2,0.1,1.1,-169.70000000000002,0.0,0.0,169.60000000000002,0.0,21.3,29.0,29.0,30.0,300.0,300.0,31.6,35.800000000000004,28.9,28.1,30.0,4.96,1.99,4.97,0.16,0.0,0.0,1027.0,8228.0,0.0,0.0,0.0,0.0,0.0,1.0,0.0,0.0,0.0,0.0,0.0,0.9,0.0,-0.9,0.0,0.0,16.0,25903.0
2026-07-30T19:02:42.050Z,331.533,331.548,0.0,7.4,0.0,0.0,0.0,0.0,0.0,0.0,0.0,0.0,1.0,0.0,0.0,0.0,9.0,4.0,0.0,0.0,0.0,0.0,0.0,0.0,0.0,0.0,5.0,12.0,1.0,12.17,5.0200000000000005,2.51,1.5,0.0,0.0,0.0,131.0,0.0,-0.8,0.1,-1.7000000000000002,-169.70000000000002,0.0,0.0,169.60000000000002,0.0,21.3,29.0,29.0,30.0,300.0,300.0,31.6,35.800000000000004,28.9,28.1,30.0,4.95,1.99,4.96,0.16,0.0,0.0,1027.0,8228.0,0.0,0.0,0.0,0.0,0.0,1.0,0.0,0.0,0.0,0.0,0.0,-1.2000000000000002,0.0,1.6,0.0,0.0,16.0,25903.0
2026-07-30T19:02:42.062Z,331.545,331.56,0.0,7.4,0.0,0.0,0.0,0.0,0.0,0.0,0.0,0.0,1.0,0.0,0.0,0.0,9.0,4.0,0.0,0.0,0.0,0.0,0.0,0.0,0.0,0.0,5.0,12.0,1.0,12.17,5.0200000000000005,2.51,1.5,0.0,0.0,0.0,131.20000000000002,0.0,0.2,-1.0,0.0,-169.70000000000002,0.0,0.0,169.60000000000002,0.0,21.3,29.0,29.0,30.0,300.0,300.0,31.6,35.800000000000004,28.9,28.1,30.0,4.95,1.99,4.97,0.16,0.0,0.0,1027.0,8228.0,0.0,0.0,0.0,0.0,0.0,1.0,0.0,0.0,0.0,0.0,0.0,-1.1,0.0,-0.2,0.0,0.0,16.0,25903.0
2026-07-30T19:02:42.074Z,331.557,331.572,0.0,7.4,0.0,0.0,0.0,0.0,0.0,0.0,0.0,0.0,1.0,0.0,0.0,0.0,9.0,4.0,0.0,0.0,0.0,0.0,0.0,0.0,0.0,0.0,1.0,12.0,1.0,12.17,5.0200000000000005,2.51,1.5,0.0,0.0,0.0,131.4,0.0,-0.3,0.1,1.1,-169.60000000000002,0.0,0.0,169.60000000000002,0.0,21.3,29.0,29.0,30.0,300.0,300.0,31.6,35.800000000000004,28.9,28.1,30.0,4.95,1.99,4.96,0.16,0.0,0.0,1027.0,8228.0,0.0,0.0,0.0,0.0,0.0,1.0,0.0,0.0,0.0,0.0,0.0,0.9,0.0,-0.9,0.0,0.0,16.0,25903.0
2026-07-30T19:02:42.087Z,331.57,331.584,0.0,7.4,0.0,0.0,0.0,0.0,0.0,0.0,0.0,0.0,1.0,0.0,0.0,0.0,9.0,4.0,0.0,0.0,0.0,0.0,0.0,0.0,0.0,0.0,2.0,12.0,1.0,12.18,5.01,2.5,1.49,0.0,0.0,0.0,131.6,0.0,-0.8,-0.4,0.5,-169.60000000000002,0.0,0.0,169.60000000000002,0.0,21.700000000000003,29.0,29.0,29.9,300.0,300.0,31.6,35.800000000000004,28.9,28.1,30.0,4.96,1.99,4.96,0.16,0.0,0.0,1027.0,8228.0,0.0,0.0,0.0,0.0,0.0,1.0,0.0,0.0,0.0,0.0,0.0,0.0,0.0,-0.5,0.0,0.0,16.0,25903.0
2026-07-30T19:02:42.098Z,331.581,331.596,0.0,7.4,0.0,0.0,0.0,0.0,0.0,0.0,0.0,0.0,1.0,0.0,0.0,0.0,9.0,4.0,0.0,0.0,0.0,0.0,0.0,0.0,0.0,0.0,3.0,12.0,1.0,12.18,5.01,2.5,1.49,0.0,0.0,0.0,131.8,0.0,1.4,2.4000000000000004,2.2,-169.60000000000002,0.0,0.0,169.70000000000002,0.0,21.700000000000003,29.0,29.0,29.9,300.0,300.0,31.6,35.800000000000004,28.9,28.1,30.0,4.95,1.99,4.97,0.16,0.0,0.0,1027.0,8228.0,0.0,0.0,0.0,0.0,0.0,1.0,0.0,0.0,0.0,0.0,0.0,4.5,0.0,-1.5,0.0,0.0,16.0,25903.0
2026-07-30T19:02:42.110Z,331.593,331.608,0.0,7.4,0.0,0.0,0.0,0.0,0.0,0.0,0.0,0.0,1.0,0.0,0.0,0.0,9.0,4.0,0.0,0.0,0.0,0.0,0.0,0.0,0.0,0.0,5.0,12.0,1.0,12.18,5.01,2.5,1.49,0.0,0.1,0.0,131.9,0.0,0.2,0.1,-0.6000000000000001,-169.60000000000002,0.0,0.0,169.60000000000002,0.0,21.700000000000003,29.0,29.0,29.9,300.0,300.0,31.6,35.800000000000004,28.9,28.1,30.0,4.96,1.99,4.97,0.16,0.0,0.0,1027.0,8228.0,0.0,0.0,0.0,0.0,0.0,1.0,0.0,0.0,0.0,0.0,0.0,-0.3,0.0,0.5,0.0,0.0,16.0,25903.0
2026-07-30T19:02:42.122Z,331.605,331.62,0.0,7.4,0.0,0.0,0.0,0.0,0.0,0.0,0.0,0.0,1.0,0.0,0.0,0.0,9.0,4.0,0.0,0.0,0.0,0.0,0.0,0.0,0.0,0.0,5.0,12.0,1.0,12.18,5.01,2.5,1.49,0.0,0.0,0.0,132.1,0.0,0.2,0.1,1.1,-169.60000000000002,0.0,0.0,169.60000000000002,0.0,21.700000000000003,29.0,29.0,29.9,300.0,300.0,31.6,35.800000000000004,28.9,28.1,30.0,4.96,1.99,4.96,0.16,0.0,0.0,1027.0,8228.0,0.0,0.0,0.0,0.0,0.0,1.0,0.0,0.0,0.0,0.0,0.0,0.9,0.0,-0.9,0.0,0.0,16.0,25903.0
2026-07-30T19:02:42.134Z,331.617,331.632,0.0,7.4,0.0,0.0,0.0,0.0,0.0,0.0,0.0,0.0,1.0,0.0,0.0,0.0,9.0,4.0,0.0,0.0,0.0,0.0,0.0,0.0,0.0,0.0,5.0,12.0,1.0,12.18,5.01,2.5,1.49,0.0,0.0,0.0,132.3,0.0,-0.3,0.7000000000000001,0.0,-169.60000000000002,0.0,0.0,169.60000000000002,0.0,21.700000000000003,29.0,29.0,29.9,300.0,300.0,31.6,35.800000000000004,28.9,28.1,30.0,4.96,1.99,4.96,0.16,0.0,0.0,1027.0,8228.0,0.0,0.0,0.0,0.0,0.0,1.0,0.0,0.0,0.0,0.0,0.0,0.8,0.0,0.1,0.0,0.0,16.0,25903.0
2026-07-30T19:02:42.146Z,331.629,331.644,0.0,7.4,0.0,0.0,0.0,0.0,0.0,0.0,0.0,0.0,1.0,0.0,0.0,0.0,9.0,4.0,0.0,0.0,0.0,0.0,0.0,0.0,0.0,0.0,1.0,12.0,1.0,12.18,5.01,2.5,1.49,0.0,0.0,0.0,132.5,0.0,-0.3,-1.0,0.0,-169.60000000000002,0.0,0.0,169.60000000000002,0.0,21.700000000000003,29.0,29.0,29.9,300.0,300.0,31.6,35.800000000000004,28.9,28.1,30.0,4.96,1.99,4.97,0.16,0.0,0.0,1027.0,8228.0,0.0,0.0,0.0,0.0,0.0,1.0,0.0,0.0,0.0,0.0,0.0,-1.2000000000000002,0.0,-0.1,0.0,0.0,16.0,25903.0
2026-07-30T19:02:42.158Z,331.641,331.656,0.0,7.4,0.0,0.0,0.0,0.0,0.0,0.0,0.0,0.0,1.0,0.0,0.0,0.0,9.0,4.0,0.0,0.0,0.0,0.0,0.0,0.0,0.0,0.0,2.0,12.0,1.0,12.18,5.01,2.5,1.49,0.0,0.0,0.0,132.70000000000002,0.0,0.2,0.7000000000000001,1.6,-169.60000000000002,0.0,0.0,169.60000000000002,0.0,21.700000000000003,29.0,29.0,29.9,300.0,300.0,31.6,35.800000000000004,28.9,28.1,30.0,4.96,1.99,4.96,0.16,0.0,0.0,1027.0,8228.0,0.0,0.0,0.0,0.0,0.0,1.0,0.0,0.0,0.0,0.0,0.0,2.0,0.0,-1.3,0.0,0.0,16.0,25903.0
2026-07-30T19:02:42.170Z,331.653,331.668,0.0,7.4,0.0,0.0,0.0,0.0,0.0,0.0,0.0,0.0,1.0,0.0,0.0,0.0,9.0,4.0,0.0,0.0,0.0,0.0,0.0,0.0,0.0,0.0,3.0,12.0,1.0,12.18,5.01,2.5,1.49,0.0,0.0,0.0,132.9,0.0,-0.3,0.0,0.0,-169.60000000000002,0.0,0.0,169.60000000000002,0.0,21.700000000000003,29.0,29.0,29.9,300.0,300.0,31.6,35.800000000000004,28.9,28.1,30.0,4.96,1.99,4.97,0.16,0.0,0.0,1027.0,8228.0,0.0,0.0,0.0,0.0,0.0,1.0,0.0,0.0,0.0,0.0,0.0,0.0,0.0,0.1,0.0,0.0,16.0,25903.0
2026-07-30T19:02:42.182Z,331.665,331.68,0.0,7.4,0.0,0.0,0.0,0.0,0.0,0.0,0.0,0.0,1.0,0.0,0.0,0.0,9.0,4.0,0.0,0.0,0.0,0.0,0.0,0.0,0.0,0.0,5.0,12.0,1.0,12.18,5.01,2.5,1.49,0.0,0.1,0.0,133.0,0.0,-0.3,-0.4,-0.6000000000000001,-169.60000000000002,0.0,0.0,169.60000000000002,0.0,21.700000000000003,29.0,29.0,29.9,300.0,300.0,31.6,35.800000000000004,28.9,28.1,30.0,4.95,2.0,4.97,0.16,0.0,0.0,1027.0,8228.0,0.0,0.0,0.0,0.0,0.0,1.0,0.0,0.0,0.0,0.0,0.0,-1.0,0.0,0.4,0.0,0.0,16.0,25903.0
2026-07-30T19:02:42.194Z,331.677,331.692,0.0,7.4,0.0,0.0,0.0,0.0,0.0,0.0,0.0,0.0,1.0,0.0,0.0,0.0,9.0,4.0,0.0,0.0,0.0,0.0,0.0,0.0,0.0,0.0,6.0,12.0,1.0,12.18,5.01,2.5,1.49,0.0,0.0,0.0,133.20000000000002,0.0,0.1,-0.4,0.5,-169.60000000000002,0.0,0.0,169.70000000000002,0.0,21.9,29.0,29.0,29.9,300.0,300.0,31.700000000000003,35.800000000000004,28.9,28.1,30.0,4.95,2.0,4.96,0.16,0.0,0.0,1027.0,8228.0,0.0,0.0,0.0,0.0,0.0,1.0,0.0,0.0,0.0,0.0,0.0,0.0,0.0,-0.5,0.0,0.0,16.0,25903.0
2026-07-30T19:02:42.206Z,331.689,331.704,0.0,7.4,0.0,0.0,0.0,0.0,0.0,0.0,0.0,0.0,1.0,0.0,0.0,0.0,9.0,4.0,0.0,0.0,0.0,0.0,0.0,0.0,0.0,0.0,2.0,12.0,1.0,12.18,5.01,2.5,1.49,0.0,0.0,0.0,133.1,0.0,-0.9,-0.9,1.7000000000000002,-169.60000000000002,0.0,0.0,169.60000000000002,0.0,21.9,29.0,29.0,29.9,300.0,300.0,31.700000000000003,35.800000000000004,28.9,28.1,30.0,4.95,1.99,4.96,0.16,0.0,0.0,1027.0,8228.0,0.0,0.0,0.0,0.0,0.0,1.0,0.0,0.0,0.0,0.0,0.0,0.2,0.0,-1.7000000000000002,0.0,0.0,16.0,25903.0
2026-07-30T19:02:42.218Z,331.701,331.716,0.0,7.4,0.0,0.0,0.0,0.0,0.0,0.0,0.0,0.0,1.0,0.0,0.0,0.0,9.0,4.0,0.0,0.0,0.0,0.0,0.0,0.0,0.0,0.0,3.0,12.0,1.0,12.18,5.01,2.5,1.49,-0.1,0.1,0.0,133.0,0.0,0.2,0.7000000000000001,-0.1,-169.60000000000002,0.0,0.0,169.60000000000002,0.0,21.9,29.0,29.0,29.9,300.0,300.0,31.700000000000003,35.800000000000004,28.9,28.1,30.0,4.95,1.99,4.97,0.16,0.0,0.0,1027.0,8228.0,0.0,0.0,0.0,0.0,0.0,1.0,0.0,0.0,0.0,0.0,0.0,0.7000000000000001,0.0,0.2,0.0,0.0,16.0,25903.0
2026-07-30T19:02:42.230Z,331.713,331.728,0.0,7.4,0.0,0.0,0.0,0.0,0.0,0.0,0.0,0.0,1.0,0.0,0.0,0.0,9.0,4.0,0.0,0.0,0.0,0.0,0.0,0.0,0.0,0.0,4.0,12.0,1.0,12.18,5.01,2.5,1.49,0.0,0.0,0.0,132.9,0.0,-0.3,0.1,0.4,-169.60000000000002,0.0,0.0,169.60000000000002,0.0,21.9,29.0,29.0,29.9,300.0,300.0,31.700000000000003,35.800000000000004,28.9,28.1,30.0,4.95,1.99,4.97,0.16,0.0,0.0,1027.0,8228.0,0.0,0.0,0.0,0.0,0.0,1.0,0.0,0.0,0.0,0.0,0.0,0.5,0.0,-0.3,0.0,0.0,16.0,25903.0
2026-07-30T19:02:42.242Z,331.725,331.74,0.0,7.4,0.0,0.0,0.0,0.0,0.0,0.0,0.0,0.0,1.0,0.0,0.0,0.0,9.0,4.0,0.0,0.0,0.0,0.0,0.0,0.0,0.0,0.0,5.0,12.0,1.0,12.18,5.01,2.5,1.49,0.0,0.0,0.0,132.8,0.0,0.2,0.1,0.4,-169.60000000000002,0.0,0.0,169.60000000000002,0.0,21.9,29.0,29.0,29.9,300.0,300.0,31.700000000000003,35.800000000000004,28.9,28.1,30.0,4.96,1.99,4.96,0.16,0.0,0.0,1027.0,8228.0,0.0,0.0,0.0,0.0,0.0,1.0,0.0,0.0,0.0,0.0,0.0,0.5,0.0,-0.3,0.0,0.0,16.0,25903.0
2026-07-30T19:02:42.254Z,331.737,331.752,0.0,7.4,0.0,0.0,0.0,0.0,0.0,0.0,0.0,0.0,1.0,0.0,0.0,0.0,9.0,4.0,0.0,0.0,0.0,0.0,0.0,0.0,0.0,0.0,1.0,12.0,1.0,12.18,5.01,2.5,1.49,0.0,0.0,0.0,132.70000000000002,0.0,-0.9,0.1,1.0,-169.60000000000002,0.0,0.0,169.60000000000002,0.0,21.9,29.0,29.0,29.9,300.0,300.0,31.700000000000003,35.800000000000004,28.9,28.1,30.0,4.95,1.99,4.97,0.16,0.0,0.0,1027.0,8228.0,0.0,0.0,0.0,0.0,0.0,1.0,0.0,0.0,0.0,0.0,0.0,0.9,0.0,-0.8,0.0,0.0,16.0,25903.0
2026-07-30T19:02:42.266Z,331.749,331.764,0.0,7.4,0.0,0.0,0.0,0.0,0.0,0.0,0.0,0.0,1.0,0.0,0.0,0.0,9.0,4.0,0.0,0.0,0.0,0.0,0.0,0.0,0.0,0.0,2.0,12.0,1.0,12.18,5.01,2.5,1.49,0.0,0.0,0.0,132.6,0.0,0.2,0.1,-0.7000000000000001,-169.60000000000002,0.0,0.0,169.60000000000002,0.0,21.9,29.0,29.0,29.9,300.0,300.0,31.700000000000003,35.800000000000004,28.9,28.1,30.0,4.95,2.0,4.97,0.16,0.0,0.0,1027.0,8228.0,0.0,0.0,0.0,0.0,0.0,1.0,0.0,0.0,0.0,0.0,0.0,-0.3,0.0,0.6000000000000001,0.0,0.0,16.0,25903.0
2026-07-30T19:02:42.278Z,331.761,331.776,0.0,7.4,0.0,0.0,0.0,0.0,0.0,0.0,0.0,0.0,1.0,0.0,0.0,0.0,9.0,4.0,0.0,0.0,0.0,0.0,0.0,0.0,0.0,0.0,4.0,12.0,1.0,12.18,5.01,2.5,1.49,0.0,0.0,0.0,132.5,0.0,0.2,0.1,-0.1,-169.60000000000002,0.0,0.0,169.70000000000002,0.0,21.9,29.0,29.0,29.9,300.0,300.0,31.700000000000003,35.800000000000004,28.9,28.1,30.0,4.96,1.99,4.97,0.16,0.0,0.0,1027.0,8228.0,0.0,0.0,0.0,0.0,0.0,1.0,0.0,0.0,0.0,0.0,0.0,0.0,0.0,0.1,0.0,0.0,16.0,25903.0
2026-07-30T19:02:42.291Z,331.774,331.788,0.0,7.4,0.0,0.0,0.0,0.0,0.0,0.0,0.0,0.0,1.0,0.0,0.0,0.0,9.0,4.0,0.0,0.0,0.0,0.0,0.0,0.0,0.0,0.0,5.0,12.0,1.0,12.17,5.0200000000000005,2.51,1.49,0.0,0.1,0.0,132.4,0.0,0.8,0.7000000000000001,-1.2000000000000002,-169.60000000000002,0.0,0.0,169.60000000000002,0.0,21.700000000000003,29.0,29.0,30.0,300.0,300.0,31.700000000000003,35.800000000000004,28.9,28.1,30.0,4.95,1.99,4.96,0.16,0.0,0.0,1027.0,8228.0,0.0,0.0,0.0,0.0,0.0,1.0,0.0,0.0,0.0,0.0,0.0,-0.1,0.0,1.2000000000000002,0.0,0.0,16.0,25903.0
2026-07-30T19:02:42.302Z,331.785,331.8,0.0,7.4,0.0,0.0,0.0,0.0,0.0,0.0,0.0,0.0,1.0,0.0,0.0,0.0,9.0,4.0,0.0,0.0,0.0,0.0,0.0,0.0,0.0,0.0,6.0,12.0,1.0,12.17,5.0200000000000005,2.51,1.49,0.0,0.0,0.0,132.3,0.0,0.2,-2.2,0.0,-169.60000000000002,0.0,0.0,169.60000000000002,0.0,21.700000000000003,29.0,29.0,30.0,300.0,300.0,31.700000000000003,35.800000000000004,28.9,28.1,30.0,4.95,1.99,4.97,0.16,0.0,0.0,1027.0,8228.0,0.0,0.0,0.0,0.0,0.0,1.0,0.0,0.0,0.0,0.0,0.0,-2.5,0.0,-0.3,0.0,0.0,16.0,25903.0
2026-07-30T19:02:42.314Z,331.797,331.812,0.0,7.4,0.0,0.0,0.0,0.0,0.0,0.0,0.0,0.0,1.0,0.0,0.0,0.0,9.0,4.0,0.0,0.0,0.0,0.0,0.0,0.0,0.0,0.0,2.0,12.0,1.0,12.17,5.0200000000000005,2.51,1.49,0.0,0.0,0.0,132.20000000000002,0.0,0.3,0.7000000000000001,0.0,-169.60000000000002,0.0,0.0,169.60000000000002,0.0,21.700000000000003,29.0,29.0,30.0,300.0,300.0,31.700000000000003,35.800000000000004,28.9,28.1,30.0,4.95,1.99,4.96,0.16,0.0,0.0,1027.0,8228.0,0.0,0.0,0.0,0.0,0.0,1.0,0.0,0.0,0.0,0.0,0.0,0.8,0.0,0.1,0.0,0.0,16.0,25903.0
2026-07-30T19:02:42.326Z,331.809,331.824,0.0,7.4,0.0,0.0,0.0,0.0,0.0,0.0,0.0,0.0,1.0,0.0,0.0,0.0,9.0,4.0,0.0,0.0,0.0,0.0,0.0,0.0,0.0,0.0,3.0,12.0,1.0,12.17,5.0200000000000005,2.51,1.49,0.0,0.0,0.0,132.1,0.0,0.2,0.1,0.0,-169.60000000000002,0.0,0.0,169.60000000000002,0.0,21.700000000000003,29.0,29.0,30.0,300.0,300.0,31.700000000000003,35.800000000000004,28.9,28.1,30.0,4.96,1.99,4.96,0.16,0.0,0.0,1027.0,8228.0,0.0,0.0,0.0,0.0,0.0,1.0,0.0,0.0,0.0,0.0,0.0,0.2,0.0,0.0,0.0,0.0,16.0,25903.0
2026-07-30T19:02:42.338Z,331.821,331.836,0.0,7.4,0.0,0.0,0.0,0.0,0.0,0.0,0.0,0.0,1.0,0.0,0.0,0.0,9.0,4.0,0.0,0.0,0.0,0.0,0.0,0.0,0.0,0.0,4.0,12.0,1.0,12.17,5.0200000000000005,2.51,1.49,0.0,0.0,0.0,131.9,0.0,0.8,-0.3,1.2000000000000002,-169.60000000000002,0.0,0.0,169.70000000000002,0.0,21.700000000000003,29.0,29.0,30.0,300.0,300.0,31.700000000000003,35.800000000000004,28.9,28.1,30.0,4.95,1.99,4.97,0.16,0.0,0.0,1027.0,8228.0,0.0,0.0,0.0,0.0,0.0,1.0,0.0,0.0,0.0,0.0,0.0,0.4,0.0,-1.1,0.0,0.0,16.0,25903.0
2026-07-30T19:02:42.350Z,331.833,331.848,0.0,7.4,0.0,0.0,0.0,0.0,0.0,0.0,0.0,0.0,1.0,0.0,0.0,0.0,9.0,4.0,0.0,0.0,0.0,0.0,0.0,0.0,0.0,0.0,5.0,12.0,1.0,12.17,5.0200000000000005,2.51,1.49,0.0,0.0,0.0,131.9,0.0,0.2,0.7000000000000001,-0.5,-169.60000000000002,0.0,0.0,169.60000000000002,0.0,21.700000000000003,29.0,29.0,30.0,300.0,300.0,31.700000000000003,35.800000000000004,28.9,28.1,30.0,4.96,1.99,4.97,0.16,0.0,0.0,1027.0,8228.0,0.0,0.0,0.0,0.0,0.0,1.0,0.0,0.0,0.0,0.0,0.0,-1.0,0.0,-0.2,0.0,0.0,16.0,25903.0
2026-07-30T19:02:42.362Z,331.845,331.86,0.0,7.4,0.0,0.0,0.0,0.0,0.0,0.0,0.0,0.0,1.0,0.0,0.0,0.0,9.0,4.0,0.0,0.0,0.0,0.0,0.0,0.0,0.0,0.0,1.0,12.0,1.0,12.17,5.0200000000000005,2.51,1.49,0.0,0.0,0.0,131.8,0.0,0.2,-0.4,0.0,-169.60000000000002,0.0,0.0,169.70000000000002,0.0,21.700000000000003,29.0,29.0,30.0,300.0,300.0,31.700000000000003,35.800000000000004,28.9,28.1,30.0,4.96,2.0,4.97,0.16,0.0,0.0,1027.0,8228.0,0.0,0.0,0.0,0.0,0.0,1.0,0.0,0.0,0.0,0.0,0.0,1.2000000000000002,0.0,-0.3,0.0,0.0,16.0,25903.0
2026-07-30T19:02:42.374Z,331.857,331.872,0.0,7.4,0.0,0.0,0.0,0.0,0.0,0.0,0.0,0.0,1.0,0.0,0.0,0.0,9.0,4.0,0.0,0.0,0.0,0.0,0.0,0.0,0.0,0.0,2.0,12.0,1.0,12.17,5.0200000000000005,2.51,1.49,0.0,0.0,0.0,131.70000000000002,0.0,-0.3,0.7000000000000001,0.0,-169.60000000000002,0.0,0.0,169.70000000000002,0.0,21.700000000000003,29.0,29.0,30.0,300.0,300.0,31.700000000000003,35.800000000000004,28.9,28.1,30.0,4.95,1.99,4.97,0.16,0.0,0.0,1027.0,8228.0,0.0,0.0,0.0,0.0,0.0,1.0,0.0,0.0,0.0,0.0,0.0,0.8,0.0,0.1,0.0,0.0,16.0,25903.0
2026-07-30T19:02:42.386Z,331.869,331.884,0.0,7.4,0.0,0.0,0.0,0.0,0.0,0.0,0.0,0.0,1.0,0.0,0.0,0.0,9.0,4.0,0.0,0.0,0.0,0.0,0.0,0.0,0.0,0.0,3.0,12.0,1.0,12.17,5.0200000000000005,2.51,1.49,0.0,0.0,0.0,131.5,0.0,0.7000000000000001,0.7000000000000001,0.0,-169.60000000000002,0.0,0.0,169.8,0.0,21.700000000000003,29.0,29.0,30.0,300.0,300.0,31.700000000000003,35.800000000000004,28.9,28.1,30.0,4.96,1.99,4.97,0.16,0.0,0.0,1027.0,8228.0,0.0,0.0,0.0,0.0,0.0,1.0,0.0,0.0,0.0,0.0,0.0,1.0,0.0,-0.9,0.0,0.0,16.0,25903.0
2026-07-30T19:02:42.398Z,331.881,331.896,0.0,7.4,0.0,0.0,0.0,0.0,0.0,0.0,0.0,0.0,1.0,0.0,0.0,0.0,9.0,4.0,0.0,0.0,0.0,0.0,0.0,0.0,0.0,0.0,4.0,12.0,1.0,12.18,5.01,2.51,1.49,0.0,0.0,0.0,131.4,0.0,-0.4,-0.4,0.0,-169.60000000000002,0.0,0.0,169.8,0.0,21.8,29.0,29.0,30.0,300.0,300.0,31.5,35.800000000000004,28.9,28.1,30.0,4.96,2.0,4.96,0.16,0.0,0.0,1027.0,8228.0,0.0,0.0,0.0,0.0,0.0,1.0,0.0,0.0,0.0,0.0,0.0,-0.5,0.0,0.0,0.0,0.0001,16.0,25903.0
2026-07-30T19:02:42.410Z,331.893,331.908,0.0,7.4,0.0,0.0,0.0,0.0,0.0,0.0,0.0,0.0,1.0,0.0,0.0,0.0,9.0,4.0,0.0,0.0,0.0,0.0,0.0,0.0,0.0,0.0,5.0,12.0,1.0,12.18,5.01,2.51,1.49,0.0,0.1,0.0,131.4,0.0,-0.3,0.6000000000000001,0.4,-169.60000000000002,0.0,0.0,169.60000000000002,0.0,21.8,29.0,29.0,30.0,300.0,300.0,31.5,35.800000000000004,28.9,28.1,30.0,4.96,1.99,4.96,0.17,0.0,0.0,1027.0,8228.0,0.0,0.0,0.0,0.0,0.0,1.0,0.0,0.0,0.0,0.0,0.0,1.1,0.0,-0.2,0.0,0.0,16.0,25903.0
2026-07-30T19:02:42.422Z,331.905,331.92,0.0,7.4,0.0,0.0,0.0,0.0,0.0,0.0,0.0,0.0,1.0,0.0,0.0,0.0,9.0,4.0,0.0,0.0,0.0,0.0,0.0,0.0,0.0,0.0,6.0,12.0,1.0,12.18,5.01,2.51,1.49,0.0,0.0,0.0,131.20000000000002,0.0,0.2,-0.5,-1.2000000000000002,-169.60000000000002,0.0,0.0,169.60000000000002,0.0,21.8,29.0,29.0,30.0,300.0,300.0,31.5,35.800000000000004,28.9,28.1,30.0,4.95,1.99,4.96,0.16,0.0,0.0,1027.0,8228.0,0.0,0.0,0.0,0.0,0.0,1.0,0.0,0.0,0.0,0.0,0.0,-1.5,0.0,1.0,0.0,0.0001,16.0,25903.0
2026-07-30T19:02:42.434Z,331.917,331.932,0.0,7.4,0.0,0.0,0.0,0.0,0.0,0.0,0.0,0.0,1.0,0.0,0.0,0.0,9.0,4.0,0.0,0.0,0.0,0.0,0.0,0.0,0.0,0.0,1.0,12.0,1.0,12.18,5.01,2.51,1.49,0.0,0.0,0.0,131.1,0.0,1.3,0.0,1.0,-169.60000000000002,0.0,0.0,169.60000000000002,0.0,21.8,29.0,29.0,30.0,300.0,300.0,31.5,35.800000000000004,28.9,28.1,30.0,4.96,1.99,4.96,0.16,0.0,0.0,1027.0,8228.0,0.0,0.0,0.0,0.0,0.0,1.0,0.0,0.0,0.0,0.0,0.0,0.8,0.0,-0.9,0.0,0.0,16.0,25903.0
2026-07-30T19:02:42.446Z,331.929,331.944,0.0,7.4,0.0,0.0,0.0,0.0,0.0,0.0,0.0,0.0,1.0,0.0,0.0,0.0,9.0,4.0,0.0,0.0,0.0,0.0,0.0,0.0,0.0,0.0,2.0,12.0,1.0,12.18,5.01,2.51,1.49,0.0,0.0,0.0,131.0,0.0,0.1,0.6000000000000001,-0.1,-169.60000000000002,0.0,0.0,169.60000000000002,0.0,21.8,29.0,29.0,30.0,300.0,300.0,31.5,35.800000000000004,28.9,28.1,30.0,4.96,1.99,4.96,0.16,0.0,0.0,1027.0,8228.0,0.0,0.0,0.0,0.0,0.0,1.0,0.0,0.0,0.0,0.0,0.0,0.6000000000000001,0.0,0.2,0.0,0.0,16.0,25903.0
2026-07-30T19:02:42.458Z,331.941,331.956,0.0,7.4,0.0,0.0,0.0,0.0,0.0,0.0,0.0,0.0,1.0,0.0,0.0,0.0,9.0,4.0,0.0,0.0,0.0,0.0,0.0,0.0,0.0,0.0,3.0,12.0,1.0,12.18,5.01,2.51,1.49,0.0,0.0,0.0,130.9,0.0,-0.9,-0.5,1.0,-169.60000000000002,0.0,0.0,169.60000000000002,0.0,21.8,29.0,29.0,30.0,300.0,300.0,31.5,35.800000000000004,28.9,28.1,30.0,4.96,1.99,4.97,0.16,0.0,0.0,1027.0,8228.0,0.0,0.0,0.0,0.0,0.0,1.0,0.0,0.0,0.0,0.0,0.0,0.2,0.0,-1.0,0.0,0.0,16.0,25903.0
2026-07-30T19:02:42.470Z,331.953,331.968,0.0,7.4,0.0,0.0,0.0,0.0,0.0,0.0,0.0,0.0,1.0,0.0,0.0,0.0,9.0,4.0,0.0,0.0,0.0,0.0,0.0,0.0,0.0,0.0,4.0,12.0,1.0,12.18,5.01,2.51,1.49,0.0,0.0,0.0,130.8,0.0,0.7000000000000001,0.6000000000000001,0.0,-169.60000000000002,0.0,0.0,169.8,0.0,21.8,29.0,29.0,30.0,300.0,300.0,31.5,35.800000000000004,28.9,28.1,30.0,4.95,1.99,4.97,0.16,0.0,0.0,1027.0,8228.0,0.0,0.0,0.0,0.0,0.0,1.0,0.0,0.0,0.0,0.0,0.0,0.7000000000000001,0.0,0.1,0.0,0.0,16.0,25903.0
2026-07-30T19:02:42.482Z,331.965,331.98,0.0,7.4,0.0,0.0,0.0,0.0,0.0,0.0,0.0,0.0,1.0,0.0,0.0,0.0,9.0,4.0,0.0,0.0,0.0,0.0,0.0,0.0,0.0,0.0,6.0,12.0,1.0,12.18,5.01,2.51,1.49,0.0,0.0,0.0,130.70000000000002,0.0,0.7000000000000001,0.0,0.0,-169.60000000000002,0.0,0.0,169.60000000000002,0.0,21.8,29.0,29.0,30.0,300.0,300.0,31.5,35.800000000000004,28.9,28.1,30.0,4.96,1.99,4.96,0.15,0.0,0.0,1027.0,8228.0,0.0,0.0,0.0,0.0,0.0,1.0,0.0,0.0,0.0,0.0,0.0,0.0,0.0,0.0,0.0,0.0,16.0,25903.0
2026-07-30T19:02:42.495Z,331.978,331.992,0.0,7.4,0.0,0.0,0.0,0.0,0.0,0.0,0.0,0.0,1.0,0.0,0.0,0.0,9.0,4.0,0.0,0.0,0.0,0.0,0.0,0.0,0.0,0.0,1.0,12.0,1.0,12.15,5.01,2.51,1.49,0.0,0.0,0.0,130.6,0.0,-0.3,-1.1,-0.6000000000000001,-169.60000000000002,0.0,0.0,169.60000000000002,0.0,21.4,29.0,29.0,29.9,300.0,300.0,31.700000000000003,35.800000000000004,28.9,28.1,30.0,4.95,1.99,4.97,0.15,0.0,0.0,1027.0,8228.0,0.0,0.0,0.0,0.0,0.0,1.0,0.0,0.0,0.0,0.0,0.0,-1.7000000000000002,0.0,0.3,0.0,0.0,16.0,25903.0
2026-07-30T19:02:42.505Z,331.988,332.004,0.0,7.4,0.0,0.0,0.0,0.0,0.0,0.0,0.0,0.0,1.0,0.0,0.0,0.0,9.0,4.0,0.0,0.0,0.0,0.0,0.0,0.0,0.0,0.0,2.0,12.0,1.0,12.15,5.01,2.51,1.49,0.0,0.0,0.0,130.5,0.0,-0.3,0.0,0.0,-169.60000000000002,0.0,0.0,169.60000000000002,0.0,21.4,29.0,29.0,29.9,300.0,300.0,31.700000000000003,35.800000000000004,28.9,28.1,30.0,4.95,1.99,4.96,0.16,0.0,0.0,1027.0,8228.0,0.0,0.0,0.0,0.0,0.0,1.0,0.0,0.0,0.0,0.0,0.0,0.0,0.0,0.0,0.0,0.0,16.0,25903.0
2026-07-30T19:02:42.518Z,332.001,332.016,0.0,7.4,0.0,0.0,0.0,0.0,0.0,0.0,0.0,0.0,1.0,0.0,0.0,0.0,9.0,4.0,0.0,0.0,0.0,0.0,0.0,0.0,0.0,0.0,4.0,12.0,1.0,12.15,5.01,2.51,1.49,0.0,0.1,0.0,130.4,0.0,0.2,0.5,0.5,-169.60000000000002,0.0,0.0,169.70000000000002,0.0,21.4,29.0,29.0,29.9,300.0,300.0,31.700000000000003,35.800000000000004,28.9,28.1,30.0,4.96,1.99,4.96,0.16,0.0,0.0,1027.0,8228.0,0.0,0.0,0.0,0.0,0.0,1.0,0.0,0.0,0.0,0.0,0.0,1.0,0.0,-0.3,0.0,0.0,16.0,25903.0
2026-07-30T19:02:42.530Z,332.013,332.028,0.0,7.4,0.0,0.0,0.0,0.0,0.0,0.0,0.0,0.0,1.0,0.0,0.0,0.0,9.0,4.0,0.0,0.0,0.0,0.0,0.0,0.0,0.0,0.0,5.0,12.0,1.0,12.15,5.01,2.51,1.49,0.0,0.0,0.0,130.20000000000002,0.0,-0.3,0.0,-0.6000000000000001,-169.60000000000002,0.0,0.0,169.70000000000002,0.0,21.4,29.0,29.0,29.9,300.0,300.0,31.700000000000003,35.800000000000004,28.9,28.1,30.0,4.96,1.99,4.96,0.16,0.0,0.0,1027.0,8228.0,0.0,0.0,0.0,0.0,0.0,1.0,0.0,0.0,0.0,0.0,0.0,-0.4,0.0,0.5,0.0,0.0,16.0,25903.0
2026-07-30T19:02:42.542Z,332.025,332.04,0.0,7.4,0.0,0.0,0.0,0.0,0.0,0.0,0.0,0.0,1.0,0.0,0.0,0.0,9.0,4.0,0.0,0.0,0.0,0.0,0.0,0.0,0.0,0.0,6.0,12.0,1.0,12.15,5.01,2.51,1.49,0.0,0.0,0.0,130.20000000000002,0.0,0.2,0.0,-1.1,-169.60000000000002,0.0,0.0,169.70000000000002,0.0,21.4,29.0,29.0,29.9,300.0,300.0,31.700000000000003,35.800000000000004,28.9,28.1,30.0,4.95,1.99,4.97,0.16,0.0,0.0,1027.0,8228.0,0.0,0.0,0.0,0.0,0.0,1.0,0.0,0.0,0.0,0.0,0.0,-0.8,0.0,1.0,0.0,0.0,16.0,25903.0
2026-07-30T19:02:42.554Z,332.037,332.052,0.0,7.4,0.0,0.0,0.0,0.0,0.0,0.0,0.0,0.0,1.0,0.0,0.0,0.0,9.0,4.0,0.0,0.0,0.0,0.0,0.0,0.0,0.0,0.0,2.0,12.0,1.0,12.15,5.01,2.51,1.49,0.0,0.0,0.0,130.1,0.0,0.2,-0.5,-0.6000000000000001,-169.60000000000002,0.0,0.0,169.70000000000002,0.0,21.4,29.0,29.0,29.9,300.0,300.0,31.700000000000003,35.800000000000004,28.9,28.1,30.0,4.95,1.99,4.96,0.16,0.0,0.0,1027.0,8228.0,0.0,0.0,0.0,0.0,0.0,1.0,0.0,0.0,0.0,0.0,0.0,-1.1,0.0,0.4,0.0,0.0,16.0,25903.0
2026-07-30T19:02:42.566Z,332.049,332.064,0.0,7.4,0.0,0.0,0.0,0.0,0.0,0.0,0.0,0.0,1.0,0.0,0.0,0.0,9.0,4.0,0.0,0.0,0.0,0.0,0.0,0.0,0.0,0.0,3.0,12.0,1.0,12.15,5.01,2.51,1.49,0.0,0.1,0.0,129.9,0.0,-0.2,1.2000000000000002,-1.1,-169.60000000000002,0.0,0.0,169.70000000000002,0.0,21.4,29.0,29.0,29.9,300.0,300.0,31.700000000000003,35.800000000000004,28.9,28.1,30.0,4.96,1.99,4.96,0.16,0.0,0.0,1027.0,8228.0,0.0,0.0,0.0,0.0,0.0,1.0,0.0,0.0,0.0,0.0,0.0,0.4,0.0,1.3,0.0,0.0,16.0,25903.0
2026-07-30T19:02:42.577Z,332.06,332.076,0.0,7.4,0.0,0.0,0.0,0.0,0.0,0.0,0.0,0.0,1.0,0.0,0.0,0.0,9.0,4.0,0.0,0.0,0.0,0.0,0.0,0.0,0.0,0.0,5.0,12.0,1.0,12.15,5.01,2.51,1.49,0.0,0.0,0.0,129.9,0.0,-0.8,0.0,-0.6000000000000001,-169.60000000000002,0.0,0.0,169.70000000000002,0.0,21.4,29.0,29.0,29.9,300.0,300.0,31.700000000000003,35.800000000000004,28.9,28.1,30.0,4.95,1.99,4.97,0.16,0.0,0.0,1027.0,8228.0,0.0,0.0,0.0,0.0,0.0,1.0,0.0,0.0,0.0,0.0,0.0,-0.4,0.0,0.5,0.0,0.0,16.0,25903.0
2026-07-30T19:02:42.590Z,332.073,332.088,0.0,7.4,0.0,0.0,0.0,0.0,0.0,0.0,0.0,0.0,1.0,0.0,0.0,0.0,9.0,4.0,0.0,0.0,0.0,0.0,0.0,0.0,0.0,0.0,6.0,12.0,1.0,12.15,5.01,2.51,1.49,0.0,0.0,0.0,129.70000000000002,0.0,-1.4,-0.5,0.5,-169.60000000000002,0.0,0.0,169.70000000000002,0.0,21.4,29.0,29.0,29.9,300.0,300.0,31.700000000000003,35.800000000000004,28.9,28.1,30.0,4.96,1.99,4.97,0.16,0.0,0.0,1027.0,8228.0,0.0,0.0,0.0,0.0,0.0,1.0,0.0,0.0,0.0,0.0,0.0,-0.2,0.0,-0.5,0.0,0.0,16.0,25903.0
2026-07-30T19:02:42.602Z,332.085,332.1,0.0,7.4,0.0,0.0,0.0,0.0,0.0,0.0,0.0,0.0,1.0,0.0,0.0,0.0,9.0,4.0,0.0,0.0,0.0,0.0,0.0,0.0,0.0,0.0,1.0,12.0,1.0,12.15,5.01,2.51,1.49,0.0,0.0,0.0,129.6,0.0,-0.8,0.0,0.0,-169.60000000000002,0.0,0.0,169.70000000000002,0.0,21.0,29.0,29.0,29.9,300.0,300.0,31.700000000000003,35.800000000000004,28.9,28.1,30.0,4.96,1.99,4.96,0.16,0.0,0.0,1027.0,8228.0,0.0,0.0,0.0,0.0,0.0,1.0,0.0,0.0,0.0,0.0,0.0,-0.1,0.0,0.0,0.0,0.0,16.0,25903.0
2026-07-30T19:02:42.614Z,332.097,332.112,0.0,7.4,0.0,0.0,0.0,0.0,0.0,0.0,0.0,0.0,1.0,0.0,0.0,0.0,9.0,4.0,0.0,0.0,0.0,0.0,0.0,0.0,0.0,0.0,3.0,12.0,1.0,12.15,5.01,2.51,1.49,0.0,0.0,0.0,129.5,0.0,0.3,-0.6000000000000001,-0.6000000000000001,-169.60000000000002,0.0,0.0,169.70000000000002,0.0,21.0,29.0,29.0,29.9,300.0,300.0,31.700000000000003,35.800000000000004,28.9,28.1,30.0,4.95,1.99,4.96,0.16,0.0,0.0,1027.0,8228.0,0.0,0.0,0.0,0.0,0.0,1.0,0.0,0.0,0.0,0.0,0.0,-1.1,0.0,0.4,0.0,0.0,16.0,25903.0
2026-07-30T19:02:42.626Z,332.109,332.124,0.0,7.4,0.0,0.0,0.0,0.0,0.0,0.0,0.0,0.0,1.0,0.0,0.0,0.0,9.0,4.0,0.0,0.0,0.0,0.0,0.0,0.0,0.0,0.0,4.0,12.0,1.0,12.15,5.01,2.51,1.49,0.0,0.0,0.0,129.4,0.0,-0.2,-0.6000000000000001,0.5,-169.60000000000002,0.0,0.0,169.70000000000002,0.0,21.0,29.0,29.0,29.9,300.0,300.0,31.700000000000003,35.800000000000004,28.9,28.1,30.0,4.95,1.99,4.97,0.16,0.0,0.0,1027.0,8228.0,0.0,0.0,0.0,0.0,0.0,1.0,0.0,0.0,0.0,0.0,0.0,-0.2,0.0,-0.5,0.0,0.0,16.0,25903.0
2026-07-30T19:02:42.638Z,332.121,332.136,0.0,7.4,0.0,0.0,0.0,0.0,0.0,0.0,0.0,0.0,1.0,0.0,0.0,0.0,9.0,4.0,0.0,0.0,0.0,0.0,0.0,0.0,0.0,0.0,5.0,12.0,1.0,12.15,5.01,2.51,1.49,0.0,0.0,0.0,129.6,0.0,-0.8,0.0,-0.6000000000000001,-169.60000000000002,0.0,0.0,169.70000000000002,0.0,21.0,29.0,29.0,29.9,300.0,300.0,31.700000000000003,35.800000000000004,28.9,28.1,30.0,4.96,1.99,4.97,0.16,0.0,0.0,1027.0,8228.0,0.0,0.0,0.0,0.0,0.0,1.0,0.0,0.0,0.0,0.0,0.0,-0.5,0.0,0.5,0.0,0.0,16.0,25903.0
2026-07-30T19:02:42.650Z,332.133,332.148,0.0,7.4,0.0,0.0,0.0,0.0,0.0,0.0,0.0,0.0,1.0,0.0,0.0,0.0,9.0,4.0,0.0,0.0,0.0,0.0,0.0,0.0,0.0,0.0,6.0,12.0,1.0,12.15,5.01,2.51,1.49,0.0,0.0,0.0,129.8,0.0,0.2,1.7000000000000002,1.1,-169.60000000000002,0.0,0.0,169.60000000000002,0.0,21.0,29.0,29.0,29.9,300.0,300.0,31.700000000000003,35.800000000000004,28.9,28.1,30.0,4.96,1.99,4.97,0.16,0.0,0.0,1027.0,8228.0,0.0,0.0,0.0,0.0,0.0,1.0,0.0,0.0,0.0,0.0,0.0,2.8000000000000003,0.0,-0.6000000000000001,0.0,0.0,16.0,25903.0
2026-07-30T19:02:42.662Z,332.145,332.16,0.0,7.4,0.0,0.0,0.0,0.0,0.0,0.0,0.0,0.0,1.0,0.0,0.0,0.0,9.0,4.0,0.0,0.0,0.0,0.0,0.0,0.0,0.0,0.0,2.0,12.0,1.0,12.15,5.01,2.51,1.49,0.0,0.0,0.0,130.0,0.0,0.2,0.0,-0.6000000000000001,-169.60000000000002,0.0,0.0,169.70000000000002,0.0,21.0,29.0,29.0,29.9,300.0,300.0,31.700000000000003,35.800000000000004,28.9,28.1,30.0,4.95,1.99,4.97,0.16,0.0,0.0,1027.0,8228.0,0.0,0.0,0.0,0.0,0.0,1.0,0.0,0.0,0.0,0.0,0.0,-0.4,0.0,0.5,0.0,0.0,16.0,25903.0
2026-07-30T19:02:42.674Z,332.157,332.172,0.0,7.4,0.0,0.0,0.0,0.0,0.0,0.0,0.0,0.0,1.0,0.0,0.0,0.0,9.0,4.0,0.0,0.0,0.0,0.0,0.0,0.0,0.0,0.0,3.0,12.0,1.0,12.15,5.01,2.51,1.49,0.0,0.0,0.0,130.20000000000002,0.0,0.2,-0.5,0.5,-169.60000000000002,0.0,0.0,169.60000000000002,0.0,21.0,29.0,29.0,29.9,300.0,300.0,31.700000000000003,35.800000000000004,28.9,28.1,30.0,4.95,1.99,4.97,0.16,0.0,0.0,1027.0,8228.0,0.0,0.0,0.0,0.0,0.0,1.0,0.0,0.0,0.0,0.0,0.0,-0.2,0.0,-0.5,0.0,0.0,16.0,25903.0
2026-07-30T19:02:42.686Z,332.169,332.184,0.0,7.4,0.0,0.0,0.0,0.0,0.0,0.0,0.0,0.0,1.0,0.0,0.0,0.0,9.0,4.0,0.0,0.0,0.0,0.0,0.0,0.0,0.0,0.0,5.0,12.0,1.0,12.15,5.01,2.51,1.49,0.0,0.0,0.0,130.4,0.0,0.2,0.6000000000000001,0.0,-169.60000000000002,0.0,0.0,169.60000000000002,0.0,21.0,29.0,29.0,29.9,300.0,300.0,31.700000000000003,35.800000000000004,28.9,28.1,30.0,4.96,2.0,4.96,0.16,0.0,0.0,1027.0,8228.0,0.0,0.0,0.0,0.0,0.0,1.0,0.0,0.0,0.0,0.0,0.0,0.6000000000000001,0.0,0.1,0.0,0.0,16.0,25903.0
2026-07-30T19:02:42.699Z,332.182,332.196,0.0,7.4,0.0,0.0,0.0,0.0,0.0,0.0,0.0,0.0,1.0,0.0,0.0,0.0,9.0,4.0,0.0,0.0,0.0,0.0,0.0,0.0,0.0,0.0,6.0,12.0,1.0,12.17,5.0200000000000005,2.51,1.5,0.0,0.0,0.0,130.6,0.0,0.8,0.0,0.0,-169.60000000000002,0.0,0.0,169.70000000000002,0.0,21.4,29.0,29.0,29.9,300.0,300.0,31.6,35.800000000000004,28.9,28.1,30.0,4.96,1.99,4.97,0.16,0.0,0.0,1027.0,8228.0,0.0,0.0,0.0,0.0,0.0,1.0,0.0,0.0,0.0,0.0,0.0,0.0,0.0,0.0,0.0,0.0,16.0,25903.0
2026-07-30T19:02:42.710Z,332.193,332.208,0.0,7.4,0.0,0.0,0.0,0.0,0.0,0.0,0.0,0.0,1.0,0.0,0.0,0.0,9.0,4.0,0.0,0.0,0.0,0.0,0.0,0.0,0.0,0.0,2.0,12.0,1.0,12.17,5.0200000000000005,2.51,1.5,0.0,0.0,0.0,130.70000000000002,0.0,0.2,0.6000000000000001,1.1,-169.60000000000002,0.0,0.0,169.70000000000002,0.0,21.4,29.0,29.0,29.9,300.0,300.0,31.6,35.800000000000004,28.9,28.1,30.0,4.95,1.99,4.97,0.16,0.0,0.0,1027.0,8228.0,0.0,0.0,0.0,0.0,0.0,1.0,0.0,0.0,0.0,0.0,0.0,1.6,0.0,-0.8,0.0,0.0,16.0,25903.0
2026-07-30T19:02:42.722Z,332.205,332.22,0.0,7.4,0.0,0.0,0.0,0.0,0.0,0.0,0.0,0.0,1.0,0.0,0.0,0.0,9.0,4.0,0.0,0.0,0.0,0.0,0.0,0.0,0.0,0.0,3.0,12.0,1.0,12.17,5.0200000000000005,2.51,1.5,0.0,0.1,0.0,130.9,0.0,0.8,-0.5,-1.1,-169.60000000000002,0.0,0.0,169.60000000000002,0.0,21.4,29.0,29.0,29.9,300.0,300.0,31.6,35.800000000000004,28.9,28.1,30.0,4.96,1.99,4.96,0.16,0.0,0.0,1027.0,8228.0,0.0,0.0,0.0,0.0,0.0,1.0,0.0,0.0,0.0,0.0,0.0,-1.4,0.0,0.9,0.0,0.0001,16.0,25903.0
2026-07-30T19:02:42.734Z,332.217,332.232,0.0,7.4,0.0,0.0,0.0,0.0,0.0,0.0,0.0,0.0,1.0,0.0,0.0,0.0,9.0,4.0,0.0,0.0,0.0,0.0,0.0,0.0,0.0,0.0,4.0,12.0,1.0,12.17,5.0200000000000005,2.51,1.5,0.0,0.0,0.0,131.1,0.0,1.4,0.6000000000000001,0.5,-169.60000000000002,0.0,0.0,169.60000000000002,0.0,21.4,29.0,29.0,29.9,300.0,300.0,31.6,35.800000000000004,28.9,28.1,30.0,4.95,1.99,4.97,0.16,0.0,0.0,1027.0,8228.0,0.0,0.0,0.0,0.0,0.0,1.0,0.0,0.0,0.0,0.0,0.0,1.1,0.0,-0.3,0.0,0.0,16.0,25903.0
2026-07-30T19:02:42.746Z,332.229,332.244,0.0,7.4,0.0,0.0,0.0,0.0,0.0,0.0,0.0,0.0,1.0,0.0,0.0,0.0,9.0,4.0,0.0,0.0,0.0,0.0,0.0,0.0,0.0,0.0,6.0,12.0,1.0,12.17,5.0200000000000005,2.51,1.5,0.0,0.0,0.0,131.3,0.0,0.2,0.6000000000000001,0.0,-169.60000000000002,0.0,0.0,169.70000000000002,0.0,21.4,29.0,29.0,29.9,300.0,300.0,31.6,35.800000000000004,28.9,28.1,30.0,4.95,1.99,4.97,0.16,0.0,0.0,1027.0,8228.0,0.0,0.0,0.0,0.0,0.0,1.0,0.0,0.0,0.0,0.0,0.0,0.6000000000000001,0.0,0.1,0.0,0.0,16.0,25903.0
2026-07-30T19:02:42.758Z,332.241,332.25600000000003,0.0,7.4,0.0,0.0,0.0,0.0,0.0,0.0,0.0,0.0,1.0,0.0,0.0,0.0,9.0,4.0,0.0,0.0,0.0,0.0,0.0,0.0,0.0,0.0,1.0,12.0,1.0,12.17,5.0200000000000005,2.51,1.5,0.0,0.0,0.0,131.6,0.0,0.8,0.6000000000000001,1.1,-169.60000000000002,0.0,0.0,169.70000000000002,0.0,21.4,29.0,29.0,29.9,300.0,300.0,31.6,35.800000000000004,28.9,28.1,30.0,4.96,1.99,4.97,0.16,0.0,0.0,1027.0,8228.0,0.0,0.0,0.0,0.0,0.0,1.0,0.0,0.0,0.0,0.0,0.0,1.6,0.0,-0.8,0.0,0.0001,16.0,25903.0
2026-07-30T19:02:42.770Z,332.253,332.26800000000003,0.0,7.4,0.0,0.0,0.0,0.0,0.0,0.0,0.0,0.0,1.0,0.0,0.0,0.0,9.0,4.0,0.0,0.0,0.0,0.0,0.0,0.0,0.0,0.0,2.0,12.0,1.0,12.17,5.0200000000000005,2.51,1.5,0.0,0.1,0.0,131.70000000000002,0.0,0.8,0.6000000000000001,1.1,-169.60000000000002,0.0,0.0,169.60000000000002,0.0,21.4,29.0,29.0,29.9,300.0,300.0,31.6,35.800000000000004,28.9,28.1,30.0,4.95,1.99,4.97,0.16,0.0,0.0,1027.0,8228.0,0.0,0.0,0.0,0.0,0.0,1.0,0.0,0.0,0.0,0.0,0.0,1.6,0.0,-0.8,0.0,0.0,16.0,25903.0
2026-07-30T19:02:42.782Z,332.265,332.28000000000003,0.0,7.4,0.0,0.0,0.0,0.0,0.0,0.0,0.0,0.0,1.0,0.0,0.0,0.0,9.0,4.0,0.0,0.0,0.0,0.0,0.0,0.0,0.0,0.0,3.0,12.0,1.0,12.17,5.0200000000000005,2.51,1.5,0.0,0.0,0.0,131.8,0.0,0.2,0.1,-0.6000000000000001,-169.60000000000002,0.0,0.0,169.60000000000002,0.0,21.4,29.0,29.0,29.9,300.0,300.0,31.6,35.800000000000004,28.9,28.1,30.0,4.95,1.99,4.97,0.16,0.0,0.0,1027.0,8228.0,0.0,0.0,0.0,0.0,0.0,1.0,0.0,0.0,0.0,0.0,0.0,-0.3,0.0,0.5,0.0,0.0001,16.0,25903.0
2026-07-30T19:02:42.794Z,332.277,332.29200000000003,0.0,7.4,0.0,0.0,0.0,0.0,0.0,0.0,0.0,0.0,1.0,0.0,0.0,0.0,9.0,4.0,0.0,0.0,0.0,0.0,0.0,0.0,0.0,0.0,5.0,12.0,1.0,12.17,5.0200000000000005,2.51,1.5,0.0,0.0,0.0,132.1,0.0,0.8,0.1,-0.6000000000000001,-169.60000000000002,0.0,0.0,169.60000000000002,0.0,21.4,29.0,29.0,29.9,300.0,300.0,31.6,35.800000000000004,28.9,28.1,30.0,4.95,1.99,4.96,0.16,0.0,0.0,1027.0,8228.0,0.0,0.0,0.0,0.0,0.0,1.0,0.0,0.0,0.0,0.0,0.0,-0.3,0.0,0.5,0.0,0.0,16.0,25903.0
2026-07-30T19:02:42.806Z,332.289,332.30400000000003,0.0,7.4,0.0,0.0,0.0,0.0,0.0,0.0,0.0,0.0,1.0,0.0,0.0,0.0,9.0,4.0,0.0,0.0,0.0,0.0,0.0,0.0,0.0,0.0,6.0,12.0,1.0,12.17,5.01,2.5,1.49,0.0,0.1,0.0,132.20000000000002,0.0,-0.3,-0.4,0.0,-169.60000000000002,0.0,0.0,169.60000000000002,0.0,21.4,29.0,29.0,30.0,300.0,300.0,31.5,35.800000000000004,28.9,28.1,29.9,4.96,1.98,4.96,0.16,0.0,0.0,1027.0,8228.0,0.0,0.0,0.0,0.0,0.0,1.0,0.0,0.0,0.0,0.0,0.0,-0.5,0.0,0.0,0.0,0.0,16.0,25903.0
2026-07-30T19:02:42.818Z,332.301,332.31600000000003,0.0,7.4,0.0,0.0,0.0,0.0,0.0,0.0,0.0,0.0,1.0,0.0,0.0,0.0,9.0,4.0,0.0,0.0,0.0,0.0,0.0,0.0,0.0,0.0,1.0,12.0,1.0,12.17,5.01,2.5,1.49,0.0,0.0,0.0,132.4,0.0,-0.3,0.7000000000000001,-1.2000000000000002,-169.60000000000002,0.0,0.0,169.70000000000002,0.0,21.4,29.0,29.0,30.0,300.0,300.0,31.5,35.800000000000004,28.9,28.1,29.9,4.96,1.98,4.97,0.16,0.0,0.0,1027.0,8228.0,0.0,0.0,0.0,0.0,0.0,1.0,0.0,0.0,0.0,0.0,0.0,0.0,0.0,1.2000000000000002,0.0,0.0,16.0,25903.0
2026-07-30T19:02:42.830Z,332.313,332.32800000000003,0.0,7.4,0.0,0.0,0.0,0.0,0.0,0.0,0.0,0.0,1.0,0.0,0.0,0.0,9.0,4.0,0.0,0.0,0.0,0.0,0.0,0.0,0.0,0.0,2.0,12.0,1.0,12.17,5.01,2.5,1.49,0.0,0.0,0.0,132.6,0.0,0.2,-0.4,1.6,-169.60000000000002,0.0,0.0,169.70000000000002,0.0,21.4,29.0,29.0,30.0,300.0,300.0,31.5,35.800000000000004,28.9,28.1,29.9,4.96,1.99,4.96,0.16,0.0,0.0,1027.0,8228.0,0.0,0.0,0.0,0.0,0.0,1.0,0.0,0.0,0.0,0.0,0.0,0.3,0.0,-1.0,0.0,0.0,16.0,25903.0
2026-07-30T19:02:42.842Z,332.325,332.34000000000003,0.0,7.4,0.0,0.0,0.0,0.0,0.0,0.0,0.0,0.0,1.0,0.0,0.0,0.0,9.0,4.0,0.0,0.0,0.0,0.0,0.0,0.0,0.0,0.0,3.0,12.0,1.0,12.17,5.01,2.5,1.49,0.0,0.0,0.0,132.8,0.0,0.8,1.2000000000000002,-1.1,-169.60000000000002,0.0,0.0,169.70000000000002,0.0,21.4,29.0,29.0,30.0,300.0,300.0,31.5,35.800000000000004,28.9,28.1,29.9,4.96,1.99,4.96,0.16,0.0,0.0,1027.0,8228.0,0.0,0.0,0.0,0.0,0.0,1.0,0.0,0.0,0.0,0.0,0.0,0.5,0.0,1.3,0.0,0.0,16.0,25903.0
2026-07-30T19:02:42.854Z,332.337,332.35200000000003,0.0,7.4,0.0,0.0,0.0,0.0,0.0,0.0,0.0,0.0,1.0,0.0,0.0,0.0,9.0,4.0,0.0,0.0,0.0,0.0,0.0,0.0,0.0,0.0,5.0,12.0,1.0,12.17,5.01,2.5,1.49,0.0,0.0,0.0,133.0,0.0,0.2,0.1,0.0,-169.60000000000002,0.0,0.0,169.60000000000002,0.0,21.4,29.0,29.0,30.0,300.0,300.0,31.5,35.800000000000004,28.9,28.1,29.9,4.95,1.99,4.96,0.16,0.0,0.0,1027.0,8228.0,0.0,0.0,0.0,0.0,0.0,1.0,0.0,0.0,0.0,0.0,0.0,-0.3,0.0,0.5,0.0,0.0001,16.0,25903.0
2026-07-30T19:02:42.866Z,332.349,332.36400000000003,0.0,7.4,0.0,0.0,0.0,0.0,0.0,0.0,0.0,0.0,1.0,0.0,0.0,0.0,9.0,4.0,0.0,0.0,0.0,0.0,0.0,0.0,0.0,0.0,6.0,12.0,1.0,12.17,5.01,2.5,1.49,0.0,0.0,0.0,133.1,0.0,0.2,-0.4,0.0,-169.60000000000002,0.0,0.0,169.70000000000002,0.0,21.4,29.0,29.0,30.0,300.0,300.0,31.5,35.800000000000004,28.9,28.1,29.9,4.95,1.99,4.97,0.16,0.0,0.0,1027.0,8228.0,0.0,0.0,0.0,0.0,0.0,1.0,0.0,0.0,0.0,0.0,0.0,-0.1,0.0,-0.5,0.0,0.0,16.0,25903.0
2026-07-30T19:02:42.878Z,332.361,332.37600000000003,0.0,7.4,0.0,0.0,0.0,0.0,0.0,0.0,0.0,0.0,1.0,0.0,0.0,0.0,9.0,4.0,0.0,0.0,0.0,0.0,0.0,0.0,0.0,0.0,1.0,12.0,1.0,12.17,5.01,2.5,1.49,0.0,0.0,0.0,133.1,0.0,1.4,-0.4,1.1,-169.60000000000002,0.0,0.0,169.70000000000002,0.0,21.4,29.0,29.0,30.0,300.0,300.0,31.5,35.800000000000004,28.9,28.1,29.9,4.96,2.0,4.96,0.16,0.0,0.0,1027.0,8228.0,0.0,0.0,0.0,0.0,0.0,1.0,0.0,0.0,0.0,0.0,0.0,0.7000000000000001,0.0,0.1,0.0,0.0,16.0,25903.0
2026-07-30T19:02:42.890Z,332.373,332.38800000000003,0.0,7.4,0.0,0.0,0.0,0.0,0.0,0.0,0.0,0.0,1.0,0.0,0.0,0.0,9.0,4.0,0.0,0.0,0.0,0.0,0.0,0.0,0.0,0.0,3.0,12.0,1.0,12.17,5.01,2.5,1.49,0.0,0.0,0.0,133.0,0.0,-0.3,1.2000000000000002,-1.2000000000000002,-169.60000000000002,0.0,0.0,169.60000000000002,0.0,21.4,29.0,29.0,30.0,300.0,300.0,31.5,35.800000000000004,28.9,28.1,29.9,4.96,1.99,4.97,0.16,0.0,0.0,1027.0,8228.0,0.0,0.0,0.0,0.0,0.0,1.0,0.0,0.0,0.0,0.0,0.0,1.1,0.0,-0.3,0.0,0.0,16.0,25903.0
2026-07-30T19:02:42.903Z,332.386,332.40000000000003,0.0,7.4,0.0,0.0,0.0,0.0,0.0,0.0,0.0,0.0,1.0,0.0,0.0,0.0,9.0,4.0,0.0,0.0,0.0,0.0,0.0,0.0,0.0,0.0,4.0,12.0,1.0,12.18,5.0200000000000005,2.51,1.49,0.0,0.0,0.0,133.0,0.0,0.8,1.8,1.6,-169.60000000000002,0.0,0.0,169.60000000000002,0.0,21.3,29.0,29.0,29.9,300.0,300.0,31.6,35.800000000000004,28.9,28.1,30.0,4.95,1.99,4.97,0.16,0.0,0.0,1027.0,8228.0,0.0,0.0,0.0,0.0,0.0,1.0,0.0,0.0,0.0,0.0,0.0,3.3000000000000003,0.0,-1.1,0.0,0.0,16.0,25903.0
2026-07-30T19:02:42.914Z,332.397,332.41200000000003,0.0,7.4,0.0,0.0,0.0,0.0,0.0,0.0,0.0,0.0,1.0,0.0,0.0,0.0,9.0,4.0,0.0,0.0,0.0,0.0,0.0,0.0,0.0,0.0,6.0,12.0,1.0,12.18,5.0200000000000005,2.51,1.49,0.0,0.1,0.0,132.8,0.0,0.3,-0.4,-0.6000000000000001,-169.60000000000002,0.0,0.0,169.60000000000002,0.0,21.3,29.0,29.0,29.9,300.0,300.0,31.6,35.800000000000004,28.9,28.1,30.0,4.96,1.99,4.97,0.16,0.0,0.0,1027.0,8228.0,0.0,0.0,0.0,0.0,0.0,1.0,0.0,0.0,0.0,0.0,0.0,-0.9,0.0,0.4,0.0,0.0,16.0,25903.0
2026-07-30T19:02:42.926Z,332.409,332.42400000000004,0.0,7.4,0.0,0.0,0.0,0.0,0.0,0.0,0.0,0.0,1.0,0.0,0.0,0.0,9.0,4.0,0.0,0.0,0.0,0.0,0.0,0.0,0.0,0.0,1.0,12.0,1.0,12.18,5.0200000000000005,2.51,1.49,0.0,0.1,0.0,132.70000000000002,0.0,0.2,-0.4,0.5,-169.60000000000002,0.0,0.0,169.60000000000002,0.0,21.3,29.0,29.0,29.9,300.0,300.0,31.6,35.800000000000004,28.9,28.1,30.0,4.95,1.99,4.96,0.16,0.0,0.0,1027.0,8228.0,0.0,0.0,0.0,0.0,0.0,1.0,0.0,0.0,0.0,0.0,0.0,-0.1,0.0,-0.5,0.0,0.0,16.0,25903.0
2026-07-30T19:02:42.938Z,332.421,332.436,0.0,7.4,0.0,0.0,0.0,0.0,0.0,0.0,0.0,0.0,1.0,0.0,0.0,0.0,9.0,4.0,0.0,0.0,0.0,0.0,0.0,0.0,0.0,0.0,3.0,12.0,1.0,12.18,5.0200000000000005,2.51,1.49,0.0,0.1,0.0,132.6,0.0,-0.2,0.7000000000000001,1.1,-169.60000000000002,0.0,0.0,169.60000000000002,0.0,21.3,29.0,29.0,29.9,300.0,300.0,31.6,35.800000000000004,28.9,28.1,30.0,4.95,1.99,4.97,0.16,0.0,0.0,1027.0,8228.0,0.0,0.0,0.0,0.0,0.0,1.0,0.0,0.0,0.0,0.0,0.0,1.6,0.0,-0.8,0.0,0.0,16.0,25903.0
2026-07-30T19:02:42.950Z,332.433,332.448,0.0,7.4,0.0,0.0,0.0,0.0,0.0,0.0,0.0,0.0,1.0,0.0,0.0,0.0,9.0,4.0,0.0,0.0,0.0,0.0,0.0,0.0,0.0,0.0,4.0,12.0,1.0,12.18,5.0200000000000005,2.51,1.49,0.0,0.0,0.0,132.5,0.0,-0.2,0.7000000000000001,-0.5,-169.60000000000002,0.0,0.0,169.70000000000002,0.0,21.3,29.0,29.0,29.9,300.0,300.0,31.6,35.800000000000004,28.9,28.1,30.0,4.96,1.99,4.97,0.16,0.0,0.0,1027.0,8228.0,0.0,0.0,0.0,0.0,0.0,1.0,0.0,0.0,0.0,0.0,0.0,0.3,0.0,0.6000000000000001,0.0,0.0,16.0,25903.0
2026-07-30T19:02:42.961Z,332.444,332.46,0.0,7.4,0.0,0.0,0.0,0.0,0.0,0.0,0.0,0.0,1.0,0.0,0.0,0.0,9.0,4.0,0.0,0.0,0.0,0.0,0.0,0.0,0.0,0.0,5.0,12.0,1.0,12.18,5.0200000000000005,2.51,1.49,0.0,0.0,0.0,132.4,0.0,0.8,0.6000000000000001,1.7000000000000002,-169.60000000000002,0.0,0.0,169.70000000000002,0.0,21.3,29.0,29.0,29.9,300.0,300.0,31.6,35.800000000000004,28.9,28.1,30.0,4.96,1.99,4.96,0.15,0.0,0.0,1027.0,8228.0,0.0,0.0,0.0,0.0,0.0,1.0,0.0,0.0,0.0,0.0,0.0,2.0,0.0,-1.3,0.0,0.0,16.0,25903.0
2026-07-30T19:02:42.974Z,332.457,332.472,0.0,7.4,0.0,0.0,0.0,0.0,0.0,0.0,0.0,0.0,1.0,0.0,0.0,0.0,9.0,4.0,0.0,0.0,0.0,0.0,0.0,0.0,0.0,0.0,6.0,12.0,1.0,12.18,5.0200000000000005,2.51,1.49,0.0,0.0,0.0,132.3,0.0,-0.2,0.1,-0.6000000000000001,-169.60000000000002,0.0,0.0,169.70000000000002,0.0,21.3,29.0,29.0,29.9,300.0,300.0,31.6,35.800000000000004,28.9,28.1,30.0,4.95,1.99,4.97,0.15,0.0,0.0,1027.0,8228.0,0.0,0.0,0.0,0.0,0.0,1.0,0.0,0.0,0.0,0.0,0.0,-0.3,0.0,0.5,0.0,0.0,16.0,25903.0
2026-07-30T19:02:42.986Z,332.469,332.484,0.0,7.4,0.0,0.0,0.0,0.0,0.0,0.0,0.0,0.0,1.0,0.0,0.0,0.0,9.0,4.0,0.0,0.0,0.0,0.0,0.0,0.0,0.0,0.0,1.0,12.0,1.0,12.18,5.0200000000000005,2.51,1.49,0.0,0.0,0.0,132.1,0.0,0.3,0.1,0.5,-169.60000000000002,0.0,0.0,169.60000000000002,0.0,21.3,29.0,29.0,29.9,300.0,300.0,31.6,35.800000000000004,28.9,28.1,30.0,4.95,1.99,4.97,0.16,0.0,0.0,1027.0,8228.0,0.0,0.0,0.0,0.0,0.0,1.0,0.0,0.0,0.0,0.0,0.0,0.5,0.0,-0.4,0.0,0.0,16.0,25903.0
2026-07-30T19:02:42.998Z,332.481,332.496,0.0,7.4,0.0,0.0,0.0,0.0,0.0,0.0,0.0,0.0,1.0,0.0,0.0,0.0,9.0,4.0,0.0,0.0,0.0,0.0,0.0,0.0,0.0,0.0,3.0,12.0,1.0,12.18,5.0200000000000005,2.51,1.49,0.0,0.0,0.0,132.1,0.0,0.3,0.1,-0.1,-169.60000000000002,0.0,0.0,169.70000000000002,0.0,21.3,29.0,29.0,29.9,300.0,300.0,31.6,35.800000000000004,28.9,28.1,30.0,4.96,1.99,4.97,0.16,0.0,0.0,1027.0,8228.0,0.0,0.0,0.0,0.0,0.0,1.0,0.0,0.0,0.0,0.0,0.0,0.0,0.0,0.1,0.0,0.0,16.0,25903.0
2026-07-30T19:02:43.009Z,332.492,332.508,0.0,7.4,0.0,0.0,0.0,0.0,0.0,0.0,0.0,0.0,1.0,0.0,0.0,0.0,9.0,4.0,0.0,0.0,0.0,0.0,0.0,0.0,0.0,0.0,4.0,12.0,1.0,12.15,5.01,2.5,1.49,0.0,0.0,0.0,132.0,0.0,0.9,0.7000000000000001,0.0,-169.60000000000002,0.0,0.0,169.8,0.0,21.700000000000003,29.0,29.0,30.0,300.0,300.0,31.5,35.800000000000004,28.9,28.1,30.0,4.95,1.99,4.96,0.16,0.0,0.0,1027.0,8228.0,0.0,0.0,0.0,0.0,0.0,1.0,0.0,0.0,0.0,0.0,0.0,0.8,0.0,0.2,0.0,0.0,16.0,25903.0
2026-07-30T19:02:43.022Z,332.505,332.52,0.0,7.4,0.0,0.0,0.0,0.0,0.0,0.0,0.0,0.0,1.0,0.0,0.0,0.0,9.0,4.0,0.0,0.0,0.0,0.0,0.0,0.0,0.0,0.0,5.0,12.0,1.0,12.15,5.01,2.5,1.49,0.0,0.0,0.0,131.9,0.0,-0.7000000000000001,-0.4,0.0,-169.60000000000002,0.0,0.0,169.60000000000002,0.0,21.700000000000003,29.0,29.0,30.0,300.0,300.0,31.5,35.800000000000004,28.9,28.1,30.0,4.96,1.99,4.97,0.16,0.0,0.0,1027.0,8228.0,0.0,0.0,0.0,0.0,0.0,1.0,0.0,0.0,0.0,0.0,0.0,-0.5,0.0,0.0,0.0,0.0001,16.0,25903.0
2026-07-30T19:02:43.034Z,332.517,332.532,0.0,7.4,0.0,0.0,0.0,0.0,0.0,0.0,0.0,0.0,1.0,0.0,0.0,0.0,9.0,4.0,0.0,0.0,0.0,0.0,0.0,0.0,0.0,0.0,6.0,12.0,1.0,12.15,5.01,2.5,1.49,0.0,0.0,0.0,131.8,0.0,-0.2,0.1,-1.8,-169.60000000000002,0.0,0.0,169.60000000000002,0.0,21.700000000000003,29.0,29.0,30.0,300.0,300.0,31.5,35.800000000000004,28.9,28.1,30.0,4.96,1.99,4.96,0.16,0.0,0.0,1027.0,8228.0,0.0,0.0,0.0,0.0,0.0,1.0,0.0,0.0,0.0,0.0,0.0,-1.1,0.0,1.6,0.0,0.0001,16.0,25903.0
2026-07-30T19:02:43.046Z,332.529,332.544,0.0,7.4,0.0,0.0,0.0,0.0,0.0,0.0,0.0,0.0,1.0,0.0,0.0,0.0,9.0,4.0,0.0,0.0,0.0,0.0,0.0,0.0,0.0,0.0,1.0,12.0,1.0,12.15,5.01,2.5,1.49,0.0,0.0,0.0,131.70000000000002,0.0,-0.7000000000000001,-0.4,-0.6000000000000001,-169.60000000000002,0.0,0.0,169.60000000000002,0.0,21.700000000000003,29.0,29.0,30.0,300.0,300.0,31.5,35.800000000000004,28.9,28.1,30.0,4.95,1.99,4.96,0.16,0.0,0.0,1027.0,8228.0,0.0,0.0,0.0,0.0,0.0,1.0,0.0,0.0,0.0,0.0,0.0,-0.9,0.0,0.4,0.0,0.0,16.0,25903.0
2026-07-30T19:02:43.058Z,332.541,332.556,0.0,7.4,0.0,0.0,0.0,0.0,0.0,0.0,0.0,0.0,1.0,0.0,0.0,0.0,9.0,4.0,0.0,0.0,0.0,0.0,0.0,0.0,0.0,0.0,3.0,12.0,1.0,12.15,5.01,2.5,1.49,0.0,0.1,0.0,131.6,0.0,-1.3,-0.3,0.0,-169.60000000000002,0.0,0.0,169.60000000000002,0.0,21.700000000000003,29.0,29.0,30.0,300.0,300.0,31.5,35.800000000000004,28.9,28.1,30.0,4.95,1.99,4.96,0.16,0.0,0.0,1027.0,8228.0,0.0,0.0,0.0,0.0,0.0,1.0,0.0,0.0,0.0,0.0,0.0,-0.4,0.0,0.0,0.0,0.0,16.0,25903.0
2026-07-30T19:02:43.070Z,332.553,332.568,0.0,7.4,0.0,0.0,0.0,0.0,0.0,0.0,0.0,0.0,1.0,0.0,0.0,0.0,9.0,4.0,0.0,0.0,0.0,0.0,0.0,0.0,0.0,0.0,5.0,12.0,1.0,12.15,5.01,2.5,1.49,0.0,0.0,0.0,131.4,0.0,-0.2,-0.9,-0.5,-169.60000000000002,0.0,0.0,169.60000000000002,0.0,21.700000000000003,29.0,29.0,30.0,300.0,300.0,31.5,35.800000000000004,28.9,28.1,30.0,4.95,2.0,4.96,0.16,0.0,0.0,1027.0,8228.0,0.0,0.0,0.0,0.0,0.0,1.0,0.0,0.0,0.0,0.0,0.0,-1.5,0.0,0.3,0.0,0.0,16.0,25903.0
2026-07-30T19:02:43.082Z,332.565,332.58,0.0,7.4,0.0,0.0,0.0,0.0,0.0,0.0,0.0,0.0,1.0,0.0,0.0,0.0,9.0,4.0,0.0,0.0,0.0,0.0,0.0,0.0,0.0,0.0,6.0,12.0,1.0,12.15,5.01,2.5,1.49,0.0,0.0,0.0,131.4,0.0,1.5,0.1,1.1,-169.60000000000002,0.0,0.0,169.60000000000002,0.0,21.700000000000003,29.0,29.0,30.0,300.0,300.0,31.5,35.800000000000004,28.9,28.1,30.0,4.95,1.99,4.96,0.16,0.0,0.0,1027.0,8228.0,0.0,0.0,0.0,0.0,0.0,1.0,0.0,0.0,0.0,0.0,0.0,1.0,0.0,-0.9,0.0,0.0,16.0,25903.0
2026-07-30T19:02:43.093Z,332.576,332.592,0.0,7.4,0.0,0.0,0.0,0.0,0.0,0.0,0.0,0.0,1.0,0.0,0.0,0.0,9.0,4.0,0.0,0.0,0.0,0.0,0.0,0.0,0.0,0.0,1.0,12.0,1.0,12.15,5.01,2.5,1.49,0.0,0.0,0.0,131.20000000000002,0.0,-0.2,0.1,0.0,-169.60000000000002,0.0,0.0,169.60000000000002,0.0,21.700000000000003,29.0,29.0,30.0,300.0,300.0,31.5,35.800000000000004,28.9,28.1,30.0,4.95,1.99,4.96,0.16,0.0,0.0,1027.0,8228.0,0.0,0.0,0.0,0.0,0.0,1.0,0.0,0.0,0.0,0.0,0.0,0.0,0.0,0.1,0.0,0.0,16.0,25903.0
2026-07-30T19:02:43.107Z,332.59,332.604,0.0,7.4,0.0,0.0,0.0,0.0,0.0,0.0,0.0,0.0,1.0,0.0,0.0,0.0,9.0,4.0,0.0,0.0,0.0,0.0,0.0,0.0,0.0,0.0,2.0,12.0,1.0,12.17,5.0200000000000005,2.51,1.49,0.0,0.0,0.0,131.1,0.0,0.3,-0.4,-0.6000000000000001,-169.60000000000002,0.0,0.0,169.70000000000002,0.0,21.3,29.0,29.0,29.9,300.0,300.0,31.6,35.800000000000004,28.9,28.1,30.0,4.95,1.99,4.97,0.16,0.0,0.0,1027.0,8228.0,0.0,0.0,0.0,0.0,0.0,1.0,0.0,0.0,0.0,0.0,0.0,-1.0,0.0,0.5,0.0,0.0,16.0,25903.0
2026-07-30T19:02:43.118Z,332.601,332.616,0.0,7.4,0.0,0.0,0.0,0.0,0.0,0.0,0.0,0.0,1.0,0.0,0.0,0.0,9.0,4.0,0.0,0.0,0.0,0.0,0.0,0.0,0.0,0.0,3.0,12.0,1.0,12.17,5.0200000000000005,2.51,1.49,0.0,0.0,0.0,131.0,0.0,0.3,1.2000000000000002,0.0,-169.60000000000002,0.0,0.0,169.60000000000002,0.0,21.3,29.0,29.0,29.9,300.0,300.0,31.6,35.800000000000004,28.9,28.1,30.0,4.96,2.0,4.96,0.16,0.0,0.0,1027.0,8228.0,0.0,0.0,0.0,0.0,0.0,1.0,0.0,0.0,0.0,0.0,0.0,1.3,0.0,0.3,0.0,0.0,16.0,25903.0
2026-07-30T19:02:43.130Z,332.613,332.628,0.0,7.4,0.0,0.0,0.0,0.0,0.0,0.0,0.0,0.0,1.0,0.0,0.0,0.0,9.0,4.0,0.0,0.0,0.0,0.0,0.0,0.0,0.0,0.0,4.0,12.0,1.0,12.17,5.0200000000000005,2.51,1.49,0.0,0.0,0.0,130.9,0.0,-0.8,-0.4,0.0,-169.60000000000002,0.0,0.0,169.60000000000002,0.0,21.3,29.0,29.0,29.9,300.0,300.0,31.6,35.800000000000004,28.9,28.1,30.0,4.96,1.99,4.97,0.16,0.0,0.0,1027.0,8228.0,0.0,0.0,0.0,0.0,0.0,1.0,0.0,0.0,0.0,0.0,0.0,-0.5,0.0,0.0,0.0,0.0,16.0,25903.0
2026-07-30T19:02:43.142Z,332.625,332.64,0.0,7.4,0.0,0.0,0.0,0.0,0.0,0.0,0.0,0.0,1.0,0.0,0.0,0.0,9.0,4.0,0.0,0.0,0.0,0.0,0.0,0.0,0.0,0.0,5.0,12.0,1.0,12.17,5.0200000000000005,2.51,1.49,0.0,0.0,0.0,130.9,0.0,0.2,0.1,-0.6000000000000001,-169.60000000000002,0.0,0.0,169.60000000000002,0.0,21.3,29.0,29.0,29.9,300.0,300.0,31.6,35.800000000000004,28.9,28.1,30.0,4.95,1.99,4.97,0.16,0.0,0.0,1027.0,8228.0,0.0,0.0,0.0,0.0,0.0,1.0,0.0,0.0,0.0,0.0,0.0,-0.2,0.0,0.5,0.0,0.0,16.0,25903.0
2026-07-30T19:02:43.154Z,332.637,332.652,0.0,7.4,0.0,0.0,0.0,0.0,0.0,0.0,0.0,0.0,1.0,0.0,0.0,0.0,9.0,4.0,0.0,0.0,0.0,0.0,0.0,0.0,0.0,0.0,6.0,12.0,1.0,12.17,5.0200000000000005,2.51,1.49,0.0,0.0,0.0,130.70000000000002,0.0,1.5,-0.4,-0.6000000000000001,-169.60000000000002,0.0,0.0,169.60000000000002,0.0,21.3,29.0,29.0,29.9,300.0,300.0,31.6,35.800000000000004,28.9,28.1,30.0,4.96,1.99,4.96,0.16,0.0,0.0,1027.0,8228.0,0.0,0.0,0.0,0.0,0.0,1.0,0.0,0.0,0.0,0.0,0.0,-0.9,0.0,0.4,0.0,0.0,16.0,25903.0
2026-07-30T19:02:43.166Z,332.649,332.664,0.0,7.4,0.0,0.0,0.0,0.0,0.0,0.0,0.0,0.0,1.0,0.0,0.0,0.0,9.0,4.0,0.0,0.0,0.0,0.0,0.0,0.0,0.0,0.0,1.0,12.0,1.0,12.17,5.0200000000000005,2.51,1.49,0.0,0.1,0.0,130.6,0.0,0.3,-1.0,-0.6000000000000001,-169.60000000000002,0.0,0.0,169.60000000000002,0.0,21.3,29.0,29.0,29.9,300.0,300.0,31.6,35.800000000000004,28.9,28.1,30.0,4.95,2.0,4.96,0.16,0.0,0.0,1027.0,8228.0,0.0,0.0,0.0,0.0,0.0,1.0,0.0,0.0,0.0,0.0,0.0,-1.6,0.0,0.3,0.0,0.0,16.0,25903.0
2026-07-30T19:02:43.178Z,332.661,332.676,0.0,7.4,0.0,0.0,0.0,0.0,0.0,0.0,0.0,0.0,1.0,0.0,0.0,0.0,9.0,4.0,0.0,0.0,0.0,0.0,0.0,0.0,0.0,0.0,2.0,12.0,1.0,12.17,5.0200000000000005,2.51,1.49,0.0,0.0,0.0,130.5,0.0,0.3,0.6000000000000001,1.7000000000000002,-169.60000000000002,0.0,0.0,169.60000000000002,0.0,21.3,29.0,29.0,29.9,300.0,300.0,31.6,35.800000000000004,28.9,28.1,30.0,4.95,1.99,4.97,0.16,0.0,0.0,1027.0,8228.0,0.0,0.0,0.0,0.0,0.0,1.0,0.0,0.0,0.0,0.0,0.0,2.0,0.0,-1.3,0.0,0.0,16.0,25903.0
2026-07-30T19:02:43.190Z,332.673,332.688,0.0,7.4,0.0,0.0,0.0,0.0,0.0,0.0,0.0,0.0,1.0,0.0,0.0,0.0,9.0,4.0,0.0,0.0,0.0,0.0,0.0,0.0,0.0,0.0,3.0,12.0,1.0,12.17,5.0200000000000005,2.51,1.49,0.0,0.1,0.0,130.4,0.0,0.3,1.2000000000000002,1.1,-169.60000000000002,0.0,0.0,169.60000000000002,0.0,21.3,29.0,29.0,29.9,300.0,300.0,31.6,35.800000000000004,28.9,28.1,30.0,4.95,1.99,4.97,0.16,0.0,0.0,1027.0,8228.0,0.0,0.0,0.0,0.0,0.0,1.0,0.0,0.0,0.0,0.0,0.0,2.2,0.0,-0.7000000000000001,0.0,0.0,16.0,25903.0
2026-07-30T19:02:43.202Z,332.685,332.7,0.0,7.4,0.0,0.0,0.0,0.0,0.0,0.0,0.0,0.0,1.0,0.0,0.0,0.0,9.0,4.0,0.0,0.0,0.0,0.0,0.0,0.0,0.0,0.0,4.0,12.0,1.0,12.17,5.0200000000000005,2.51,1.49,0.0,0.1,0.0,130.20000000000002,0.0,-0.2,-1.0,1.7000000000000002,-169.60000000000002,0.0,0.0,169.60000000000002,0.0,21.3,29.0,29.0,29.9,300.0,300.0,31.6,35.800000000000004,28.9,28.1,30.0,4.96,1.99,4.96,0.16,0.0,0.0,1027.0,8228.0,0.0,0.0,0.0,0.0,0.0,1.0,0.0,0.0,0.0,0.0,0.0,0.0,0.0,-1.7000000000000002,0.0,0.0,16.0,25903.0
2026-07-30T19:02:43.214Z,332.697,332.712,0.0,7.4,0.0,0.0,0.0,0.0,0.0,0.0,0.0,0.0,1.0,0.0,0.0,0.0,9.0,4.0,0.0,0.0,0.0,0.0,0.0,0.0,0.0,0.0,6.0,12.0,1.0,12.15,5.01,2.5,1.49,0.0,0.0,0.0,130.1,0.0,-0.2,0.0,-0.6000000000000001,-169.60000000000002,0.0,0.0,169.70000000000002,0.0,21.700000000000003,29.0,29.0,29.9,300.0,300.0,31.700000000000003,35.800000000000004,28.9,28.1,30.0,4.95,1.99,4.96,0.16,0.0,0.0,1027.0,8228.0,0.0,0.0,0.0,0.0,0.0,1.0,0.0,0.0,0.0,0.0,0.0,-0.4,0.0,0.6000000000000001,0.0,0.0,16.0,25903.0
2026-07-30T19:02:43.226Z,332.709,332.724,0.0,7.4,0.0,0.0,0.0,0.0,0.0,0.0,0.0,0.0,1.0,0.0,0.0,0.0,9.0,4.0,0.0,0.0,0.0,0.0,0.0,0.0,0.0,0.0,1.0,12.0,1.0,12.15,5.01,2.5,1.49,0.0,0.0,0.0,130.1,0.0,-0.2,0.0,0.0,-169.60000000000002,0.0,0.0,169.70000000000002,0.0,21.700000000000003,29.0,29.0,29.9,300.0,300.0,31.700000000000003,35.800000000000004,28.9,28.1,30.0,4.95,1.99,4.96,0.16,0.0,0.0,1027.0,8228.0,0.0,0.0,0.0,0.0,0.0,1.0,0.0,0.0,0.0,0.0,0.0,0.0,0.0,0.0,0.0,0.0,16.0,25903.0
2026-07-30T19:02:43.238Z,332.721,332.736,0.0,7.4,0.0,0.0,0.0,0.0,0.0,0.0,0.0,0.0,1.0,0.0,0.0,0.0,9.0,4.0,0.0,0.0,0.0,0.0,0.0,0.0,0.0,0.0,2.0,12.0,1.0,12.15,5.01,2.5,1.49,0.0,0.0,0.0,130.0,0.0,-0.2,0.7000000000000001,1.6,-169.60000000000002,0.0,0.0,169.60000000000002,0.0,21.700000000000003,29.0,29.0,29.9,300.0,300.0,31.700000000000003,35.800000000000004,28.9,28.1,30.0,4.96,2.0,4.96,0.16,0.0,0.0,1027.0,8228.0,0.0,0.0,0.0,0.0,0.0,1.0,0.0,0.0,0.0,0.0,0.0,2.0,0.0,-1.3,0.0,0.0,16.0,25903.0
2026-07-30T19:02:43.250Z,332.733,332.748,0.0,7.4,0.0,0.0,0.0,0.0,0.0,0.0,0.0,0.0,1.0,0.0,0.0,0.0,9.0,4.0,0.0,0.0,0.0,0.0,0.0,0.0,0.0,0.0,3.0,12.0,1.0,12.15,5.01,2.5,1.49,0.0,0.0,0.0,129.9,0.0,-0.2,0.1,-1.2000000000000002,-169.60000000000002,0.0,0.0,169.60000000000002,0.0,21.700000000000003,29.0,29.0,29.9,300.0,300.0,31.700000000000003,35.800000000000004,28.9,28.1,30.0,4.95,2.0,4.96,0.16,0.0,0.0,1027.0,8228.0,0.0,0.0,0.0,0.0,0.0,1.0,0.0,0.0,0.0,0.0,0.0,-0.7000000000000001,0.0,1.1,0.0,0.0,16.0,25903.0
2026-07-30T19:02:43.262Z,332.745,332.76,0.0,7.4,0.0,0.0,0.0,0.0,0.0,0.0,0.0,0.0,1.0,0.0,0.0,0.0,9.0,4.0,0.0,0.0,0.0,0.0,0.0,0.0,0.0,0.0,5.0,12.0,1.0,12.15,5.01,2.5,1.49,0.0,0.0,0.0,129.8,0.0,0.9,-1.5,1.7000000000000002,-169.60000000000002,0.0,0.0,169.60000000000002,0.0,21.700000000000003,29.0,29.0,29.9,300.0,300.0,31.700000000000003,35.800000000000004,28.9,28.1,30.0,4.95,1.99,4.97,0.16,0.0,0.0,1027.0,8228.0,0.0,0.0,0.0,0.0,0.0,1.0,0.0,0.0,0.0,0.0,0.0,-0.5,0.0,-1.8,0.0,0.0,16.0,25903.0
2026-07-30T19:02:43.274Z,332.757,332.772,0.0,7.4,0.0,0.0,0.0,0.0,0.0,0.0,0.0,0.0,1.0,0.0,0.0,0.0,9.0,4.0,0.0,0.0,0.0,0.0,0.0,0.0,0.0,0.0,5.0,12.0,1.0,12.15,5.01,2.5,1.49,-0.1,0.1,0.0,129.6,0.0,0.4,0.1,-0.6000000000000001,-169.60000000000002,0.0,0.0,169.70000000000002,0.0,21.700000000000003,29.0,29.0,29.9,300.0,300.0,31.700000000000003,35.800000000000004,28.9,28.1,30.0,4.95,2.0,4.96,0.16,0.0,0.0,1027.0,8228.0,0.0,0.0,0.0,0.0,0.0,1.0,0.0,0.0,0.0,0.0,0.0,-0.2,0.0,0.5,0.0,0.0,16.0,25903.0
2026-07-30T19:02:43.286Z,332.769,332.784,0.0,7.4,0.0,0.0,0.0,0.0,0.0,0.0,0.0,0.0,1.0,0.0,0.0,0.0,9.0,4.0,0.0,0.0,0.0,0.0,0.0,0.0,0.0,0.0,6.0,12.0,1.0,12.15,5.01,2.5,1.49,0.0,0.0,0.0,129.5,0.0,1.0,0.7000000000000001,0.5,-169.60000000000002,0.0,0.0,169.70000000000002,0.0,21.700000000000003,29.0,29.0,29.9,300.0,300.0,31.700000000000003,35.800000000000004,28.9,28.1,30.0,4.96,1.99,4.96,0.16,0.0,0.0,1027.0,8228.0,0.0,0.0,0.0,0.0,0.0,1.0,0.0,0.0,0.0,0.0,0.0,1.3,0.0,-0.3,0.0,0.0,16.0,25903.0
2026-07-30T19:02:43.297Z,332.78,332.796,0.0,7.4,0.0,0.0,0.0,0.0,0.0,0.0,0.0,0.0,1.0,0.0,0.0,0.0,9.0,4.0,0.0,0.0,0.0,0.0,0.0,0.0,0.0,0.0,1.0,12.0,1.0,12.15,5.01,2.5,1.49,0.0,0.0,0.0,129.4,0.0,-0.1,0.1,0.0,-169.60000000000002,0.0,0.0,169.70000000000002,0.0,21.700000000000003,29.0,29.0,29.9,300.0,300.0,31.700000000000003,35.800000000000004,28.9,28.1,30.0,4.95,1.99,4.97,0.16,0.0,0.0,1027.0,8228.0,0.0,0.0,0.0,0.0,0.0,1.0,0.0,0.0,0.0,0.0,0.0,0.1,0.0,0.0,0.0,0.0,16.0,25903.0
2026-07-30T19:02:43.311Z,332.794,332.808,0.0,7.4,0.0,0.0,0.0,0.0,0.0,0.0,0.0,0.0,1.0,0.0,0.0,0.0,9.0,4.0,0.0,0.0,0.0,0.0,0.0,0.0,0.0,0.0,2.0,12.0,1.0,12.18,5.01,2.5,1.49,0.0,0.0,0.0,129.4,0.0,-0.2,-0.4,-0.6000000000000001,-169.60000000000002,0.0,0.0,169.70000000000002,0.0,21.200000000000003,29.0,29.0,29.9,300.0,300.0,31.700000000000003,35.7,28.9,28.1,30.0,4.96,1.99,4.97,0.16,0.0,0.0,1027.0,8228.0,0.0,0.0,0.0,0.0,0.0,1.0,0.0,0.0,0.0,0.0,0.0,-1.0,0.0,0.4,0.0,0.0,16.0,25903.0
2026-07-30T19:02:43.322Z,332.805,332.82,0.0,7.4,0.0,0.0,0.0,0.0,0.0,0.0,0.0,0.0,1.0,0.0,0.0,0.0,9.0,4.0,0.0,0.0,0.0,0.0,0.0,0.0,0.0,0.0,3.0,12.0,1.0,12.18,5.01,2.5,1.49,0.0,0.0,0.0,129.5,0.0,-0.2,0.1,1.1,-169.60000000000002,0.0,0.0,169.60000000000002,0.0,21.200000000000003,29.0,29.0,29.9,300.0,300.0,31.700000000000003,35.7,28.9,28.1,30.0,4.96,2.0,4.97,0.16,0.0,0.0,1027.0,8228.0,0.0,0.0,0.0,0.0,0.0,1.0,0.0,0.0,0.0,0.0,0.0,0.9,0.0,-0.9,0.0,0.0,16.0,25903.0
2026-07-30T19:02:43.334Z,332.817,332.832,0.0,7.4,0.0,0.0,0.0,0.0,0.0,0.0,0.0,0.0,1.0,0.0,0.0,0.0,9.0,4.0,0.0,0.0,0.0,0.0,0.0,0.0,0.0,0.0,4.0,12.0,1.0,12.18,5.01,2.5,1.49,0.0,0.0,0.0,129.8,0.0,-0.2,-1.0,-1.2000000000000002,-169.60000000000002,0.0,0.0,169.70000000000002,0.0,21.200000000000003,29.0,29.0,29.9,300.0,300.0,31.700000000000003,35.7,28.9,28.1,30.0,4.96,1.99,4.97,0.16,0.0,0.0,1027.0,8228.0,0.0,0.0,0.0,0.0,0.0,1.0,0.0,0.0,0.0,0.0,0.0,-1.6,0.0,2.1,0.0,0.0,16.0,25903.0
2026-07-30T19:02:43.346Z,332.829,332.844,0.0,7.4,0.0,0.0,0.0,0.0,0.0,0.0,0.0,0.0,1.0,0.0,0.0,0.0,9.0,4.0,0.0,0.0,0.0,0.0,0.0,0.0,0.0,0.0,5.0,12.0,1.0,12.18,5.01,2.5,1.49,0.0,0.1,0.0,129.9,0.0,0.3,0.0,-0.6000000000000001,-169.60000000000002,0.0,0.0,169.70000000000002,0.0,21.200000000000003,29.0,29.0,29.9,300.0,300.0,31.700000000000003,35.7,28.9,28.1,30.0,4.95,1.99,4.96,0.16,0.0,0.0,1027.0,8228.0,0.0,0.0,0.0,0.0,0.0,1.0,0.0,0.0,0.0,0.0,0.0,-0.3,0.0,0.6000000000000001,0.0,0.0,16.0,25903.0
2026-07-30T19:02:43.358Z,332.841,332.856,0.0,7.4,0.0,0.0,0.0,0.0,0.0,0.0,0.0,0.0,1.0,0.0,0.0,0.0,9.0,4.0,0.0,0.0,0.0,0.0,0.0,0.0,0.0,0.0,6.0,12.0,1.0,12.18,5.01,2.5,1.49,0.0,0.0,0.0,130.1,0.0,-0.8,-1.0,0.0,-169.60000000000002,0.0,0.0,169.60000000000002,0.0,21.200000000000003,29.0,29.0,29.9,300.0,300.0,31.700000000000003,35.7,28.9,28.1,30.0,4.96,2.0,4.96,0.16,0.0,0.0,1027.0,8228.0,0.0,0.0,0.0,0.0,0.0,1.0,0.0,0.0,0.0,0.0,0.0,-1.2000000000000002,0.0,-0.1,0.0,0.0,16.0,25903.0
2026-07-30T19:02:43.370Z,332.853,332.868,0.0,7.4,0.0,0.0,0.0,0.0,0.0,0.0,0.0,0.0,1.0,0.0,0.0,0.0,9.0,4.0,0.0,0.0,0.0,0.0,0.0,0.0,0.0,0.0,6.0,12.0,1.0,12.18,5.01,2.5,1.49,0.0,0.0,0.0,130.3,0.0,0.2,0.0,-0.6000000000000001,-169.60000000000002,0.0,0.0,169.8,0.0,21.200000000000003,29.0,29.0,29.9,300.0,300.0,31.700000000000003,35.7,28.9,28.1,30.0,4.96,2.0,4.97,0.16,0.0,0.0,1027.0,8228.0,0.0,0.0,0.0,0.0,0.0,1.0,0.0,0.0,0.0,0.0,0.0,-0.4,0.0,0.6000000000000001,0.0,0.0,16.0,25903.0
2026-07-30T19:02:43.382Z,332.865,332.88,0.0,7.4,0.0,0.0,0.0,0.0,0.0,0.0,0.0,0.0,1.0,0.0,0.0,0.0,9.0,4.0,0.0,0.0,0.0,0.0,0.0,0.0,0.0,0.0,1.0,12.0,1.0,12.18,5.01,2.5,1.49,0.0,0.1,0.0,130.5,0.0,-1.4,0.0,-1.2000000000000002,-169.60000000000002,0.0,0.0,169.60000000000002,0.0,21.200000000000003,29.0,29.0,29.9,300.0,300.0,31.700000000000003,35.7,28.9,28.1,30.0,4.95,1.99,4.97,0.16,0.0,0.0,1027.0,8228.0,0.0,0.0,0.0,0.0,0.0,1.0,0.0,0.0,0.0,0.0,0.0,2.8000000000000003,0.0,-0.5,0.0,0.0,16.0,25903.0
2026-07-30T19:02:43.394Z,332.877,332.892,0.0,7.4,0.0,0.0,0.0,0.0,0.0,0.0,0.0,0.0,1.0,0.0,0.0,0.0,9.0,4.0,0.0,0.0,0.0,0.0,0.0,0.0,0.0,0.0,3.0,12.0,1.0,12.18,5.01,2.5,1.49,0.0,0.0,0.0,130.70000000000002,0.0,-0.2,0.0,2.2,-169.60000000000002,0.0,0.0,169.70000000000002,0.0,21.200000000000003,29.0,29.0,29.9,300.0,300.0,31.700000000000003,35.7,28.9,28.1,30.0,4.96,1.99,4.97,0.16,0.0,0.0,1027.0,8228.0,0.0,0.0,0.0,0.0,0.0,1.0,0.0,0.0,0.0,0.0,0.0,-2.4000000000000004,0.0,0.2,0.0,0.0,16.0,25903.0
2026-07-30T19:02:43.406Z,332.889,332.904,0.0,7.4,0.0,0.0,0.0,0.0,0.0,0.0,0.0,0.0,1.0,0.0,0.0,0.0,9.0,4.0,0.0,0.0,0.0,0.0,0.0,0.0,0.0,0.0,4.0,12.0,1.0,12.18,5.01,2.5,1.49,0.0,0.0,0.0,130.9,0.0,-0.2,-1.1,0.0,-169.60000000000002,0.0,0.0,169.60000000000002,0.0,21.200000000000003,29.0,29.0,29.9,300.0,300.0,31.700000000000003,35.7,28.9,28.1,30.0,4.96,1.99,4.96,0.16,0.0,0.0,1027.0,8228.0,0.0,0.0,0.0,0.0,0.0,1.0,0.0,0.0,0.0,0.0,0.0,-0.6000000000000001,0.0,0.0,0.0,0.0,16.0,25903.0
2026-07-30T19:02:43.418Z,332.901,332.916,0.0,7.4,0.0,0.0,0.0,0.0,0.0,0.0,0.0,0.0,1.0,0.0,0.0,0.0,9.0,4.0,0.0,0.0,0.0,0.0,0.0,0.0,0.0,0.0,5.0,12.0,1.0,12.17,5.01,2.51,1.49,0.0,0.0,0.0,131.1,0.0,0.2,0.0,0.0,-169.60000000000002,0.0,0.0,169.60000000000002,0.0,21.3,29.0,29.0,29.9,300.0,300.0,31.700000000000003,35.7,28.9,28.1,30.0,4.96,1.99,4.97,0.17,0.0,0.0,1027.0,8228.0,0.0,0.0,0.0,0.0,0.0,1.0,0.0,0.0,0.0,0.0,0.0,0.0,0.0,0.0,0.0,0.0,16.0,25903.0
2026-07-30T19:02:43.430Z,332.913,332.928,0.0,7.4,0.0,0.0,0.0,0.0,0.0,0.0,0.0,0.0,1.0,0.0,0.0,0.0,9.0,4.0,0.0,0.0,0.0,0.0,0.0,0.0,0.0,0.0,6.0,12.0,1.0,12.17,5.01,2.51,1.49,0.0,0.0,0.0,131.20000000000002,0.0,0.2,0.0,1.0,-169.60000000000002,0.0,0.0,169.60000000000002,0.0,21.3,29.0,29.0,29.9,300.0,300.0,31.700000000000003,35.7,28.9,28.1,30.0,4.96,1.99,4.97,0.16,0.0,0.0,1027.0,8228.0,0.0,0.0,0.0,0.0,0.0,1.0,0.0,0.0,0.0,0.0,0.0,0.8,0.0,-0.9,0.0,0.0,16.0,25903.0
2026-07-30T19:02:43.442Z,332.925,332.94,0.0,7.4,0.0,0.0,0.0,0.0,0.0,0.0,0.0,0.0,1.0,0.0,0.0,0.0,9.0,4.0,0.0,0.0,0.0,0.0,0.0,0.0,0.0,0.0,1.0,12.0,1.0,12.17,5.01,2.51,1.49,0.0,0.0,0.0,131.4,0.0,0.2,0.0,-0.6000000000000001,-169.60000000000002,0.0,0.0,169.60000000000002,0.0,21.3,29.0,29.0,29.9,300.0,300.0,31.700000000000003,35.7,28.9,28.1,30.0,4.95,1.99,4.96,0.16,0.0,0.0,1027.0,8228.0,0.0,0.0,0.0,0.0,0.0,1.0,0.0,0.0,0.0,0.0,0.0,-0.4,0.0,0.5,0.0,0.0,16.0,25903.0
2026-07-30T19:02:43.453Z,332.936,332.952,0.0,7.4,0.0,0.0,0.0,0.0,0.0,0.0,0.0,0.0,1.0,0.0,0.0,0.0,9.0,4.0,0.0,0.0,0.0,0.0,0.0,0.0,0.0,0.0,1.0,12.0,1.0,12.17,5.01,2.51,1.49,0.0,0.0,0.0,131.6,0.0,-0.8,0.0,0.5,-169.60000000000002,0.0,0.0,169.70000000000002,0.0,21.3,29.0,29.0,29.9,300.0,300.0,31.700000000000003,35.7,28.9,28.1,30.0,4.95,1.99,4.97,0.16,0.0,0.0,1027.0,8228.0,0.0,0.0,0.0,0.0,0.0,1.0,0.0,0.0,0.0,0.0,0.0,0.4,0.0,-0.4,0.0,0.0,16.0,25903.0
2026-07-30T19:02:43.466Z,332.949,332.964,0.0,7.4,0.0,0.0,0.0,0.0,0.0,0.0,0.0,0.0,1.0,0.0,0.0,0.0,9.0,4.0,0.0,0.0,0.0,0.0,0.0,0.0,0.0,0.0,2.0,12.0,1.0,12.17,5.01,2.51,1.49,0.0,0.0,0.0,131.8,0.0,0.2,0.0,0.0,-169.60000000000002,0.0,0.0,169.70000000000002,0.0,21.3,29.0,29.0,29.9,300.0,300.0,31.700000000000003,35.7,28.9,28.1,30.0,4.95,1.99,4.97,0.16,0.0,0.0,1027.0,8228.0,0.0,0.0,0.0,0.0,0.0,1.0,0.0,0.0,0.0,0.0,0.0,0.0,0.0,0.0,0.0,0.0,16.0,25903.0
2026-07-30T19:02:43.478Z,332.961,332.976,0.0,7.4,0.0,0.0,0.0,0.0,0.0,0.0,0.0,0.0,1.0,0.0,0.0,0.0,9.0,4.0,0.0,0.0,0.0,0.0,0.0,0.0,0.0,0.0,3.0,12.0,1.0,12.17,5.01,2.51,1.49,0.0,0.0,0.0,132.0,0.0,0.2,0.6000000000000001,0.0,-169.60000000000002,0.0,0.0,169.60000000000002,0.0,21.3,29.0,29.0,29.9,300.0,300.0,31.700000000000003,35.7,28.9,28.1,30.0,4.95,1.99,4.97,0.16,0.0,0.0,1027.0,8228.0,0.0,0.0,0.0,0.0,0.0,1.0,0.0,0.0,0.0,0.0,0.0,0.7000000000000001,0.0,0.1,0.0,0.0,16.0,25903.0
2026-07-30T19:02:43.490Z,332.973,332.988,0.0,7.4,0.0,0.0,0.0,0.0,0.0,0.0,0.0,0.0,1.0,0.0,0.0,0.0,9.0,4.0,0.0,0.0,0.0,0.0,0.0,0.0,0.0,0.0,4.0,12.0,1.0,12.17,5.01,2.51,1.49,0.0,0.0,0.0,132.1,0.0,-0.2,0.0,0.5,-169.60000000000002,0.0,0.0,169.60000000000002,0.0,21.3,29.0,29.0,29.9,300.0,300.0,31.700000000000003,35.7,28.9,28.1,30.0,4.96,1.99,4.97,0.16,0.0,0.0,1027.0,8228.0,0.0,0.0,0.0,0.0,0.0,1.0,0.0,0.0,0.0,0.0,0.0,0.5,0.0,-0.5,0.0,0.0,16.0,25903.0
2026-07-30T19:02:43.502Z,332.985,333.0,0.0,7.4,0.0,0.0,0.0,0.0,0.0,0.0,0.0,0.0,1.0,0.0,0.0,0.0,9.0,4.0,0.0,0.0,0.0,0.0,0.0,0.0,0.0,0.0,6.0,12.0,1.0,12.17,5.01,2.51,1.49,0.0,0.0,0.0,132.3,0.0,0.8,-1.6,-1.1,-169.60000000000002,0.0,0.0,169.60000000000002,0.0,21.3,29.0,29.0,29.9,300.0,300.0,31.700000000000003,35.7,28.9,28.1,30.0,4.96,1.99,4.97,0.16,0.0,0.0,1027.0,8228.0,0.0,0.0,0.0,0.0,0.0,1.0,0.0,0.0,0.0,0.0,0.0,-2.7,0.0,0.6000000000000001,0.0,0.0,16.0,25903.0
2026-07-30T19:02:43.515Z,332.998,333.012,0.0,7.4,0.0,0.0,0.0,0.0,0.0,0.0,0.0,0.0,1.0,0.0,0.0,0.0,9.0,4.0,0.0,0.0,0.0,0.0,0.0,0.0,0.0,0.0,6.0,12.0,1.0,12.17,5.01,2.51,1.49,0.0,0.0,0.0,132.6,0.0,0.2,0.6000000000000001,1.1,-169.60000000000002,0.0,0.0,169.70000000000002,0.0,21.700000000000003,29.0,29.0,29.9,300.0,300.0,31.700000000000003,35.800000000000004,28.9,28.1,30.0,4.96,1.99,4.96,0.16,0.0,0.0,1027.0,8228.0,0.0,0.0,0.0,0.0,0.0,1.0,0.0,0.0,0.0,0.0,0.0,1.6,0.0,-0.8,0.0,0.0,16.0,25903.0
2026-07-30T19:02:43.526Z,333.009,333.024,0.0,7.4,0.0,0.0,0.0,0.0,0.0,0.0,0.0,0.0,1.0,0.0,0.0,0.0,9.0,4.0,0.0,0.0,0.0,0.0,0.0,0.0,0.0,0.0,1.0,12.0,1.0,12.17,5.01,2.51,1.49,0.0,0.0,0.0,132.70000000000002,0.0,-0.3,-0.5,-0.6000000000000001,-169.60000000000002,0.0,0.0,169.60000000000002,0.0,21.700000000000003,29.0,29.0,29.9,300.0,300.0,31.700000000000003,35.800000000000004,28.9,28.1,30.0,4.95,1.99,4.96,0.16,0.0,0.0,1027.0,8228.0,0.0,0.0,0.0,0.0,0.0,1.0,0.0,0.0,0.0,0.0,0.0,-1.0,0.0,0.4,0.0,0.0,16.0,25903.0
2026-07-30T19:02:43.538Z,333.021,333.036,0.0,7.4,0.0,0.0,0.0,0.0,0.0,0.0,0.0,0.0,1.0,0.0,0.0,0.0,9.0,4.0,0.0,0.0,0.0,0.0,0.0,0.0,0.0,0.0,2.0,12.0,1.0,12.17,5.01,2.51,1.49,0.0,0.0,0.0,132.9,0.0,-0.3,-1.0,-0.6000000000000001,-169.60000000000002,0.0,0.0,169.60000000000002,0.0,21.700000000000003,29.0,29.0,29.9,300.0,300.0,31.700000000000003,35.800000000000004,28.9,28.1,30.0,4.95,1.99,4.97,0.16,0.0,0.0,1027.0,8228.0,0.0,0.0,0.0,0.0,0.0,1.0,0.0,0.0,0.0,0.0,0.0,-1.7000000000000002,0.0,0.3,0.0,0.0,16.0,25903.0
2026-07-30T19:02:43.550Z,333.033,333.048,0.0,7.4,0.0,0.0,0.0,0.0,0.0,0.0,0.0,0.0,1.0,0.0,0.0,0.0,9.0,4.0,0.0,0.0,0.0,0.0,0.0,0.0,0.0,0.0,3.0,12.0,1.0,12.17,5.01,2.51,1.49,0.0,0.0,0.0,133.1,0.0,0.2,-1.0,0.0,-169.60000000000002,0.0,0.0,169.60000000000002,0.0,21.700000000000003,29.0,29.0,29.9,300.0,300.0,31.700000000000003,35.800000000000004,28.9,28.1,30.0,4.96,1.99,4.96,0.16,0.0,0.0,1027.0,8228.0,0.0,0.0,0.0,0.0,0.0,1.0,0.0,0.0,0.0,0.0,0.0,-1.2000000000000002,0.0,-0.1,0.0,0.0,16.0,25903.0
2026-07-30T19:02:43.562Z,333.045,333.06,0.0,7.4,0.0,0.0,0.0,0.0,0.0,0.0,0.0,0.0,1.0,0.0,0.0,0.0,9.0,4.0,0.0,0.0,0.0,0.0,0.0,0.0,0.0,0.0,4.0,12.0,1.0,12.17,5.01,2.51,1.49,0.0,0.1,0.0,133.20000000000002,0.0,-0.3,0.6000000000000001,-1.2000000000000002,-169.60000000000002,0.0,0.0,169.60000000000002,0.0,21.700000000000003,29.0,29.0,29.9,300.0,300.0,31.700000000000003,35.800000000000004,28.9,28.1,30.0,4.96,1.99,4.96,0.16,0.0,0.0,1027.0,8228.0,0.0,0.0,0.0,0.0,0.0,1.0,0.0,0.0,0.0,0.0,0.0,-0.1,0.0,1.2000000000000002,0.0,0.0,16.0,25903.0
2026-07-30T19:02:43.574Z,333.057,333.072,0.0,7.4,0.0,0.0,0.0,0.0,0.0,0.0,0.0,0.0,1.0,0.0,0.0,0.0,9.0,4.0,0.0,0.0,0.0,0.0,0.0,0.0,0.0,0.0,5.0,12.0,1.0,12.17,5.01,2.51,1.49,0.0,0.0,0.0,133.1,0.0,0.8,0.0,1.0,-169.60000000000002,0.0,0.0,169.60000000000002,0.0,21.700000000000003,29.0,29.0,29.9,300.0,300.0,31.700000000000003,35.800000000000004,28.9,28.1,30.0,4.95,1.99,4.96,0.16,0.0,0.0,1027.0,8228.0,0.0,0.0,0.0,0.0,0.0,1.0,0.0,0.0,0.0,0.0,0.0,0.9,0.0,-0.9,0.0,0.0,16.0,25903.0
2026-07-30T19:02:43.586Z,333.069,333.084,0.0,7.4,0.0,0.0,0.0,0.0,0.0,0.0,0.0,0.0,1.0,0.0,0.0,0.0,9.0,4.0,0.0,0.0,0.0,0.0,0.0,0.0,0.0,0.0,6.0,12.0,1.0,12.17,5.01,2.51,1.49,0.0,0.0,0.0,132.9,0.0,-0.3,-0.4,-0.7000000000000001,-169.60000000000002,0.0,0.0,169.60000000000002,0.0,21.700000000000003,29.0,29.0,29.9,300.0,300.0,31.700000000000003,35.800000000000004,28.9,28.1,30.0,4.95,1.99,4.96,0.16,0.0,0.0,1027.0,8228.0,0.0,0.0,0.0,0.0,0.0,1.0,0.0,0.0,0.0,0.0,0.0,-1.0,0.0,0.5,0.0,0.0,16.0,25903.0
2026-07-30T19:02:43.598Z,333.081,333.096,0.0,7.4,0.0,0.0,0.0,0.0,0.0,0.0,0.0,0.0,1.0,0.0,0.0,0.0,9.0,4.0,0.0,0.0,0.0,0.0,0.0,0.0,0.0,0.0,2.0,12.0,1.0,12.17,5.01,2.51,1.49,0.0,0.0,0.0,132.8,0.0,0.2,-0.5,-0.7000000000000001,-169.60000000000002,0.0,0.0,169.70000000000002,0.0,21.700000000000003,29.0,29.0,29.9,300.0,300.0,31.700000000000003,35.800000000000004,28.9,28.1,30.0,4.95,1.99,4.96,0.16,0.0,0.0,1027.0,8228.0,0.0,0.0,0.0,0.0,0.0,1.0,0.0,0.0,0.0,0.0,0.0,-1.1,0.0,0.5,0.0,0.0,16.0,25903.0
2026-07-30T19:02:43.610Z,333.093,333.108,0.0,7.4,0.0,0.0,0.0,0.0,0.0,0.0,0.0,0.0,1.0,0.0,0.0,0.0,9.0,4.0,0.0,0.0,0.0,0.0,0.0,0.0,0.0,0.0,3.0,12.0,1.0,12.17,5.01,2.51,1.49,0.0,0.0,0.0,132.8,0.0,-0.9,0.0,1.0,-169.60000000000002,0.0,0.0,169.60000000000002,0.0,21.700000000000003,29.0,29.0,29.9,300.0,300.0,31.700000000000003,35.800000000000004,28.9,28.1,30.0,4.95,1.99,4.97,0.16,0.0,0.0,1027.0,8228.0,0.0,0.0,0.0,0.0,0.0,1.0,0.0,0.0,0.0,0.0,0.0,0.8,0.0,-0.9,0.0,0.0,16.0,25903.0
2026-07-30T19:02:43.622Z,333.105,333.12,0.0,7.4,0.0,0.0,0.0,0.0,0.0,0.0,0.0,0.0,1.0,0.0,0.0,0.0,9.0,4.0,0.0,0.0,0.0,0.0,0.0,0.0,0.0,0.0,4.0,12.0,1.0,12.11,5.0200000000000005,2.5,1.5,0.0,0.0,0.0,132.70000000000002,0.0,-0.4,0.6000000000000001,-2.5,-169.60000000000002,0.0,0.0,169.60000000000002,0.0,21.4,29.0,29.0,29.9,300.0,300.0,31.8,35.800000000000004,28.9,28.1,30.0,4.95,1.99,4.97,0.16,0.0,0.0,1027.0,8228.0,0.0,0.0,0.0,0.0,0.0,1.0,0.0,0.0,0.0,0.0,0.0,-1.1,0.0,2.3000000000000003,0.0,0.0,16.0,25903.0
2026-07-30T19:02:43.634Z,333.117,333.132,0.0,7.4,0.0,0.0,0.0,0.0,0.0,0.0,0.0,0.0,1.0,0.0,0.0,0.0,9.0,4.0,0.0,0.0,0.0,0.0,0.0,0.0,0.0,0.0,5.0,12.0,1.0,12.11,5.0200000000000005,2.5,1.5,0.0,0.0,0.0,132.6,0.0,-0.9,-1.0,-0.1,-169.60000000000002,0.0,0.0,169.60000000000002,0.0,21.4,29.0,29.0,29.9,300.0,300.0,31.8,35.800000000000004,28.9,28.1,30.0,4.96,1.99,4.96,0.16,0.0,0.0,1027.0,8228.0,0.0,0.0,0.0,0.0,0.0,1.0,0.0,0.0,0.0,0.0,0.0,-1.3,0.0,0.0,0.0,0.0,16.0,25903.0
2026-07-30T19:02:43.646Z,333.129,333.144,0.0,7.4,0.0,0.0,0.0,0.0,0.0,0.0,0.0,0.0,1.0,0.0,0.0,0.0,9.0,4.0,0.0,0.0,0.0,0.0,0.0,0.0,0.0,0.0,6.0,12.0,1.0,12.11,5.0200000000000005,2.5,1.5,0.0,0.0,0.0,132.4,0.0,-1.0,0.0,-0.1,-169.60000000000002,0.0,0.0,169.60000000000002,0.0,21.4,29.0,29.0,29.9,300.0,300.0,31.8,35.800000000000004,28.9,28.1,30.0,4.95,1.99,4.97,0.16,0.0,0.0,1027.0,8228.0,0.0,0.0,0.0,0.0,0.0,1.0,0.0,0.0,0.0,0.0,0.0,0.0,0.0,0.1,0.0,0.0,16.0,25903.0
2026-07-30T19:02:43.658Z,333.141,333.156,0.0,7.4,0.0,0.0,0.0,0.0,0.0,0.0,0.0,0.0,1.0,0.0,0.0,0.0,9.0,4.0,0.0,0.0,0.0,0.0,0.0,0.0,0.0,0.0,2.0,12.0,1.0,12.11,5.0200000000000005,2.5,1.5,0.0,0.0,0.0,132.3,0.0,0.1,0.6000000000000001,-0.1,-169.60000000000002,0.0,0.0,169.60000000000002,0.0,21.4,29.0,29.0,29.9,300.0,300.0,31.8,35.800000000000004,28.9,28.1,30.0,4.95,1.99,4.97,0.16,0.0,0.0,1027.0,8228.0,0.0,0.0,0.0,0.0,0.0,1.0,0.0,0.0,0.0,0.0,0.0,0.6000000000000001,0.0,0.2,0.0,0.0,16.0,25903.0
2026-07-30T19:02:43.670Z,333.153,333.168,0.0,7.4,0.0,0.0,0.0,0.0,0.0,0.0,0.0,0.0,1.0,0.0,0.0,0.0,9.0,4.0,0.0,0.0,0.0,0.0,0.0,0.0,0.0,0.0,3.0,12.0,1.0,12.11,5.0200000000000005,2.5,1.5,0.0,0.0,0.0,132.20000000000002,0.0,1.3,1.8,1.5,-169.60000000000002,0.0,0.0,169.60000000000002,0.0,21.4,29.0,29.0,29.9,300.0,300.0,31.8,35.800000000000004,28.9,28.1,30.0,4.95,2.0,4.97,0.16,0.0,0.0,1027.0,8228.0,0.0,0.0,0.0,0.0,0.0,1.0,0.0,0.0,0.0,0.0,0.0,3.2,0.0,-1.0,0.0,0.0,16.0,25903.0
2026-07-30T19:02:43.682Z,333.165,333.18,0.0,7.4,0.0,0.0,0.0,0.0,0.0,0.0,0.0,0.0,1.0,0.0,0.0,0.0,9.0,4.0,0.0,0.0,0.0,0.0,0.0,0.0,0.0,0.0,4.0,12.0,1.0,12.11,5.0200000000000005,2.5,1.5,0.0,0.0,0.0,132.1,0.0,0.8,0.6000000000000001,-0.1,-169.60000000000002,0.0,0.0,169.60000000000002,0.0,21.4,29.0,29.0,29.9,300.0,300.0,31.8,35.800000000000004,28.9,28.1,30.0,4.96,2.0,4.96,0.16,0.0,0.0,1027.0,8228.0,0.0,0.0,0.0,0.0,0.0,1.0,0.0,0.0,0.0,0.0,0.0,0.6000000000000001,0.0,0.2,0.0,0.0,16.0,25903.0
2026-07-30T19:02:43.694Z,333.177,333.192,0.0,7.4,0.0,0.0,0.0,0.0,0.0,0.0,0.0,0.0,1.0,0.0,0.0,0.0,9.0,4.0,0.0,0.0,0.0,0.0,0.0,0.0,0.0,0.0,5.0,12.0,1.0,12.11,5.0200000000000005,2.5,1.5,0.0,0.0,0.0,132.0,0.0,-0.3,-1.0,-0.2,-169.60000000000002,0.0,0.0,169.70000000000002,0.0,21.4,29.0,29.0,29.9,300.0,300.0,31.8,35.800000000000004,28.9,28.1,30.0,4.95,1.99,4.96,0.16,0.0,0.0,1027.0,8228.0,0.0,0.0,0.0,0.0,0.0,1.0,0.0,0.0,0.0,0.0,0.0,-1.3,0.0,0.0,0.0,0.0,16.0,25903.0
2026-07-30T19:02:43.707Z,333.19,333.204,0.0,7.4,0.0,0.0,0.0,0.0,0.0,0.0,0.0,0.0,1.0,0.0,0.0,0.0,9.0,4.0,0.0,0.0,0.0,0.0,0.0,0.0,0.0,0.0,6.0,12.0,1.0,12.11,5.0200000000000005,2.5,1.5,0.0,0.0,0.0,131.8,0.0,0.2,0.0,0.4,-169.60000000000002,0.0,0.0,169.60000000000002,0.0,21.4,29.0,29.0,29.9,300.0,300.0,31.8,35.800000000000004,28.9,28.1,30.0,4.95,1.99,4.96,0.16,0.0,0.0,1027.0,8228.0,0.0,0.0,0.0,0.0,0.0,1.0,0.0,0.0,0.0,0.0,0.0,0.4,0.0,-0.3,0.0,0.0,16.0,25903.0
2026-07-30T19:02:43.719Z,333.202,333.216,0.0,7.4,0.0,0.0,0.0,0.0,0.0,0.0,0.0,0.0,1.0,0.0,0.0,0.0,9.0,4.0,0.0,0.0,0.0,0.0,0.0,0.0,0.0,0.0,3.0,12.0,1.0,12.17,5.01,2.51,1.49,0.0,0.0,0.0,131.8,0.0,-0.3,-0.5,-1.3,-169.60000000000002,0.0,0.0,169.60000000000002,0.0,21.8,29.0,29.0,29.9,300.0,300.0,31.700000000000003,35.800000000000004,28.9,28.1,30.0,4.96,2.0,4.96,0.16,0.0,0.0,1027.0,8228.0,0.0,0.0,0.0,0.0,0.0,1.0,0.0,0.0,0.0,0.0,0.0,-1.5,0.0,1.0,0.0,0.0,16.0,25903.0
2026-07-30T19:02:43.730Z,333.213,333.228,0.0,7.4,0.0,0.0,0.0,0.0,0.0,0.0,0.0,0.0,1.0,0.0,0.0,0.0,9.0,4.0,0.0,0.0,0.0,0.0,0.0,0.0,0.0,0.0,4.0,12.0,1.0,12.17,5.01,2.51,1.49,0.0,0.0,0.0,131.70000000000002,0.0,0.2,-0.4,0.9,-169.60000000000002,0.0,0.0,169.60000000000002,0.0,21.8,29.0,29.0,29.9,300.0,300.0,31.700000000000003,35.800000000000004,28.9,28.1,30.0,4.95,2.0,4.96,0.16,0.0,0.0,1027.0,8228.0,0.0,0.0,0.0,0.0,0.0,1.0,0.0,0.0,0.0,0.0,0.0,0.1,0.0,-0.9,0.0,0.0,16.0,25903.0
2026-07-30T19:02:43.742Z,333.225,333.24,0.0,7.4,0.0,0.0,0.0,0.0,0.0,0.0,0.0,0.0,1.0,0.0,0.0,0.0,9.0,4.0,0.0,0.0,0.0,0.0,0.0,0.0,0.0,0.0,5.0,12.0,1.0,12.17,5.01,2.51,1.49,0.0,0.0,0.0,131.6,0.0,-0.3,-0.4,-0.2,-169.60000000000002,0.0,0.0,169.60000000000002,0.0,21.8,29.0,29.0,29.9,300.0,300.0,31.700000000000003,35.800000000000004,28.9,28.1,30.0,4.96,1.99,4.97,0.16,0.0,0.0,1027.0,8228.0,0.0,0.0,0.0,0.0,0.0,1.0,0.0,0.0,0.0,0.0,0.0,-0.6000000000000001,0.0,0.0,0.0,0.0,16.0,25903.0
2026-07-30T19:02:43.754Z,333.237,333.252,0.0,7.4,0.0,0.0,0.0,0.0,0.0,0.0,0.0,0.0,1.0,0.0,0.0,0.0,9.0,4.0,0.0,0.0,0.0,0.0,0.0,0.0,0.0,0.0,5.0,12.0,1.0,12.17,5.01,2.51,1.49,0.0,0.0,0.0,131.5,0.0,-0.9,0.1,-0.7000000000000001,-169.60000000000002,0.0,0.0,169.60000000000002,0.0,21.8,29.0,29.0,29.9,300.0,300.0,31.700000000000003,35.800000000000004,28.9,28.1,30.0,4.96,1.99,4.96,0.16,0.0,0.0,1027.0,8228.0,0.0,0.0,0.0,0.0,0.0,1.0,0.0,0.0,0.0,0.0,0.0,-0.4,0.0,0.7000000000000001,0.0,0.0,16.0,25903.0
2026-07-30T19:02:43.766Z,333.249,333.264,0.0,7.4,0.0,0.0,0.0,0.0,0.0,0.0,0.0,0.0,1.0,0.0,0.0,0.0,9.0,4.0,0.0,0.0,0.0,0.0,0.0,0.0,0.0,0.0,1.0,12.0,1.0,12.17,5.01,2.51,1.49,0.0,0.0,0.0,131.4,0.0,0.2,0.7000000000000001,-0.7000000000000001,-169.60000000000002,0.0,0.0,169.60000000000002,0.0,21.8,29.0,29.0,29.9,300.0,300.0,31.700000000000003,35.800000000000004,28.9,28.1,30.0,4.96,1.99,4.96,0.16,0.0,0.0,1027.0,8228.0,0.0,0.0,0.0,0.0,0.0,1.0,0.0,0.0,0.0,0.0,0.0,0.2,0.0,0.8,0.0,0.0,16.0,25903.0
2026-07-30T19:02:43.778Z,333.261,333.276,0.0,7.4,0.0,0.0,0.0,0.0,0.0,0.0,0.0,0.0,1.0,0.0,0.0,0.0,9.0,4.0,0.0,0.0,0.0,0.0,0.0,0.0,0.0,0.0,2.0,12.0,1.0,12.17,5.01,2.51,1.49,0.0,0.0,0.0,131.3,0.0,-0.3,-0.9,-1.3,-169.60000000000002,0.0,0.0,169.60000000000002,0.0,21.8,29.0,29.0,29.9,300.0,300.0,31.700000000000003,35.800000000000004,28.9,28.1,30.0,4.95,1.99,4.97,0.16,0.0,0.0,1027.0,8228.0,0.0,0.0,0.0,0.0,0.0,1.0,0.0,0.0,0.0,0.0,0.0,-2.0,0.0,0.9,0.0,0.0,16.0,25903.0
2026-07-30T19:02:43.790Z,333.273,333.288,0.0,7.4,0.0,0.0,0.0,0.0,0.0,0.0,0.0,0.0,1.0,0.0,0.0,0.0,9.0,4.0,0.0,0.0,0.0,0.0,0.0,0.0,0.0,0.0,3.0,12.0,1.0,12.17,5.01,2.51,1.49,0.0,0.0,0.0,131.1,0.0,0.2,0.7000000000000001,1.0,-169.60000000000002,0.0,0.0,169.60000000000002,0.0,21.8,29.0,29.0,29.9,300.0,300.0,31.700000000000003,35.800000000000004,28.9,28.1,30.0,4.96,1.99,4.97,0.16,0.0,0.0,1027.0,8228.0,0.0,0.0,0.0,0.0,0.0,1.0,0.0,0.0,0.0,0.0,0.0,1.6,0.0,-0.7000000000000001,0.0,0.0,16.0,25903.0
2026-07-30T19:02:43.802Z,333.285,333.3,0.0,7.4,0.0,0.0,0.0,0.0,0.0,0.0,0.0,0.0,1.0,0.0,0.0,0.0,9.0,4.0,0.0,0.0,0.0,0.0,0.0,0.0,0.0,0.0,4.0,12.0,1.0,12.17,5.01,2.51,1.49,0.0,0.0,0.0,131.0,0.0,0.2,0.1,0.4,-169.60000000000002,0.0,0.0,169.60000000000002,0.0,21.8,29.0,29.0,29.9,300.0,300.0,31.700000000000003,35.800000000000004,28.9,28.1,30.0,4.96,2.0,4.96,0.16,0.0,0.0,1027.0,8228.0,0.0,0.0,0.0,0.0,0.0,1.0,0.0,0.0,0.0,0.0,0.0,0.4,0.0,-0.3,0.0,0.0,16.0,25903.0
2026-07-30T19:02:43.814Z,333.297,333.312,0.0,7.4,0.0,0.0,0.0,0.0,0.0,0.0,0.0,0.0,1.0,0.0,0.0,0.0,9.0,4.0,0.0,0.0,0.0,0.0,0.0,0.0,0.0,0.0,6.0,12.0,1.0,12.17,5.01,2.51,1.49,0.0,0.0,0.0,130.9,0.0,-0.3,-1.0,-0.1,-169.60000000000002,0.0,0.0,169.70000000000002,0.0,21.8,29.0,29.0,29.9,300.0,300.0,31.700000000000003,35.800000000000004,28.9,28.1,30.0,4.95,1.99,4.96,0.16,0.0,0.0,1027.0,8228.0,0.0,0.0,0.0,0.0,0.0,1.0,0.0,0.0,0.0,0.0,0.0,-1.2000000000000002,0.0,0.0,0.0,0.0,16.0,25903.0
2026-07-30T19:02:43.826Z,333.309,333.324,0.0,7.4,0.0,0.0,0.0,0.0,0.0,0.0,0.0,0.0,1.0,0.0,0.0,0.0,9.0,4.0,0.0,0.0,0.0,0.0,0.0,0.0,0.0,0.0,1.0,12.0,1.0,12.17,5.0200000000000005,2.51,1.49,0.0,0.1,0.0,130.8,0.0,-0.9,-0.4,1.0,-169.60000000000002,0.0,0.0,169.60000000000002,0.0,21.3,29.0,29.0,29.9,300.0,300.0,31.700000000000003,35.800000000000004,28.9,28.1,30.0,4.95,1.99,4.97,0.16,0.0,0.0,1027.0,8228.0,0.0,0.0,0.0,0.0,0.0,1.0,0.0,0.0,0.0,0.0,0.0,0.2,0.0,-0.9,0.0,0.0,16.0,25903.0
2026-07-30T19:02:43.838Z,333.321,333.336,0.0,7.4,0.0,0.0,0.0,0.0,0.0,0.0,0.0,0.0,1.0,0.0,0.0,0.0,9.0,4.0,0.0,0.0,0.0,0.0,0.0,0.0,0.0,0.0,3.0,12.0,1.0,12.17,5.0200000000000005,2.51,1.49,0.0,0.0,0.0,130.70000000000002,0.0,0.8,-0.4,0.4,-169.60000000000002,0.0,0.0,169.60000000000002,0.0,21.3,29.0,29.0,29.9,300.0,300.0,31.700000000000003,35.800000000000004,28.9,28.1,30.0,4.96,1.99,4.96,0.16,0.0,0.0,1027.0,8228.0,0.0,0.0,0.0,0.0,0.0,1.0,0.0,0.0,0.0,0.0,0.0,-3.1,0.0,1.3,0.0,0.0,16.0,25903.0
2026-07-30T19:02:43.850Z,333.333,333.348,0.0,7.4,0.0,0.0,0.0,0.0,0.0,0.0,0.0,0.0,1.0,0.0,0.0,0.0,9.0,4.0,0.0,0.0,0.0,0.0,0.0,0.0,0.0,0.0,4.0,12.0,1.0,12.17,5.0200000000000005,2.51,1.49,0.0,0.0,0.0,130.6,0.0,0.8,0.1,-0.7000000000000001,-169.60000000000002,0.0,0.0,169.70000000000002,0.0,21.3,29.0,29.0,29.9,300.0,300.0,31.700000000000003,35.800000000000004,28.9,28.1,30.0,4.96,1.99,4.97,0.16,0.0,0.0,1027.0,8228.0,0.0,0.0,0.0,0.0,0.0,1.0,0.0,0.0,0.0,0.0,0.0,-0.4,0.0,0.6000000000000001,0.0,0.0,16.0,25903.0
2026-07-30T19:02:43.862Z,333.345,333.36,0.0,7.4,0.0,0.0,0.0,0.0,0.0,0.0,0.0,0.0,1.0,0.0,0.0,0.0,9.0,4.0,0.0,0.0,0.0,0.0,0.0,0.0,0.0,0.0,5.0,12.0,1.0,12.17,5.0200000000000005,2.51,1.49,0.0,0.0,0.0,130.5,0.0,0.2,1.8,0.4,-169.60000000000002,0.0,0.0,169.60000000000002,0.0,21.3,29.0,29.0,29.9,300.0,300.0,31.700000000000003,35.800000000000004,28.9,28.1,30.0,4.95,1.99,4.97,0.16,0.0,0.0,1027.0,8228.0,0.0,0.0,0.0,0.0,0.0,1.0,0.0,0.0,0.0,0.0,0.0,2.4000000000000004,0.0,0.0,0.0,0.0,16.0,25903.0
2026-07-30T19:02:43.874Z,333.357,333.372,0.0,7.4,0.0,0.0,0.0,0.0,0.0,0.0,0.0,0.0,1.0,0.0,0.0,0.0,9.0,4.0,0.0,0.0,0.0,0.0,0.0,0.0,0.0,0.0,1.0,12.0,1.0,12.17,5.0200000000000005,2.51,1.49,0.0,0.0,0.0,130.4,0.0,-0.3,-0.4,1.0,-169.60000000000002,0.0,0.0,169.60000000000002,0.0,21.3,29.0,29.0,29.9,300.0,300.0,31.700000000000003,35.800000000000004,28.9,28.1,30.0,4.96,1.99,4.97,0.16,0.0,0.0,1027.0,8228.0,0.0,0.0,0.0,0.0,0.0,1.0,0.0,0.0,0.0,0.0,0.0,0.1,0.0,-0.9,0.0,0.0,16.0,25903.0
2026-07-30T19:02:43.885Z,333.368,333.384,0.0,7.4,0.0,0.0,0.0,0.0,0.0,0.0,0.0,0.0,1.0,0.0,0.0,0.0,9.0,4.0,0.0,0.0,0.0,0.0,0.0,0.0,0.0,0.0,2.0,12.0,1.0,12.17,5.0200000000000005,2.51,1.49,0.0,0.0,0.0,130.3,0.0,-0.3,-1.1,-0.1,-169.60000000000002,0.0,0.0,169.60000000000002,0.0,21.3,29.0,29.0,29.9,300.0,300.0,31.700000000000003,35.800000000000004,28.9,28.1,30.0,4.95,2.0,4.96,0.16,0.0,0.0,1027.0,8228.0,0.0,0.0,0.0,0.0,0.0,1.0,0.0,0.0,0.0,0.0,0.0,2.3000000000000003,0.0,-1.7000000000000002,0.0,0.0,16.0,25903.0
2026-07-30T19:02:43.898Z,333.381,333.396,0.0,7.4,0.0,0.0,0.0,0.0,0.0,0.0,0.0,0.0,1.0,0.0,0.0,0.0,9.0,4.0,0.0,0.0,0.0,0.0,0.0,0.0,0.0,0.0,3.0,12.0,1.0,12.17,5.0200000000000005,2.51,1.49,0.0,0.0,0.0,130.20000000000002,0.0,0.8,0.6000000000000001,-0.7000000000000001,-169.60000000000002,0.0,0.0,169.60000000000002,0.0,21.3,29.0,29.0,29.9,300.0,300.0,31.700000000000003,35.800000000000004,28.9,28.1,30.0,4.95,1.99,4.97,0.16,0.0,0.0,1027.0,8228.0,0.0,0.0,0.0,0.0,0.0,1.0,0.0,0.0,0.0,0.0,0.0,1.0,0.0,-0.2,0.0,0.0,16.0,25903.0
2026-07-30T19:02:43.910Z,333.393,333.408,0.0,7.4,0.0,0.0,0.0,0.0,0.0,0.0,0.0,0.0,1.0,0.0,0.0,0.0,9.0,4.0,0.0,0.0,0.0,0.0,0.0,0.0,0.0,0.0,5.0,12.0,1.0,12.17,5.0200000000000005,2.51,1.49,0.0,0.0,0.0,130.1,0.0,-0.3,0.0,-0.1,-169.60000000000002,0.0,0.0,169.70000000000002,0.0,21.3,29.0,29.0,29.9,300.0,300.0,31.700000000000003,35.800000000000004,28.9,28.1,30.0,4.96,1.99,4.97,0.16,0.0,0.0,1027.0,8228.0,0.0,0.0,0.0,0.0,0.0,1.0,0.0,0.0,0.0,0.0,0.0,1.7000000000000002,0.0,-0.1,0.0,0.0,16.0,25903.0
2026-07-30T19:02:43.923Z,333.406,333.42,0.0,7.4,0.0,0.0,0.0,0.0,0.0,0.0,0.0,0.0,1.0,0.0,0.0,0.0,9.0,4.0,0.0,0.0,0.0,0.0,0.0,0.0,0.0,0.0,6.0,12.0,1.0,12.18,5.01,2.5,1.49,0.0,0.0,0.0,130.0,0.0,0.2,0.6000000000000001,0.4,-169.60000000000002,0.0,0.0,169.60000000000002,0.0,21.700000000000003,29.0,29.0,29.9,300.0,300.0,31.700000000000003,35.800000000000004,28.9,28.1,30.0,4.96,1.99,4.96,0.16,0.0,0.0,1027.0,8228.0,0.0,0.0,0.0,0.0,0.0,1.0,0.0,0.0,0.0,0.0,0.0,1.5,0.0,-0.7000000000000001,0.0,0.0,16.0,25903.0
2026-07-30T19:02:43.934Z,333.417,333.432,0.0,7.4,0.0,0.0,0.0,0.0,0.0,0.0,0.0,0.0,1.0,0.0,0.0,0.0,9.0,4.0,0.0,0.0,0.0,0.0,0.0,0.0,0.0,0.0,2.0,12.0,1.0,12.18,5.01,2.5,1.49,0.0,0.0,0.0,129.9,0.0,-0.8,0.0,-0.1,-169.60000000000002,0.0,0.0,169.70000000000002,0.0,21.700000000000003,29.0,29.0,29.9,300.0,300.0,31.700000000000003,35.800000000000004,28.9,28.1,30.0,4.95,2.0,4.97,0.16,0.0,0.0,1027.0,8228.0,0.0,0.0,0.0,0.0,0.0,1.0,0.0,0.0,0.0,0.0,0.0,0.0,0.0,0.1,0.0,0.0,16.0,25903.0
2026-07-30T19:02:43.945Z,333.428,333.444,0.0,7.4,0.0,0.0,0.0,0.0,0.0,0.0,0.0,0.0,1.0,0.0,0.0,0.0,9.0,4.0,0.0,0.0,0.0,0.0,0.0,0.0,0.0,0.0,3.0,12.0,1.0,12.18,5.01,2.5,1.49,0.0,0.1,0.0,129.70000000000002,0.0,-0.2,0.6000000000000001,0.4,-169.60000000000002,0.0,0.0,169.70000000000002,0.0,21.700000000000003,29.0,29.0,29.9,300.0,300.0,31.700000000000003,35.800000000000004,28.9,28.1,30.0,4.95,1.99,4.97,0.16,0.0,0.0,1027.0,8228.0,0.0,0.0,0.0,0.0,0.0,1.0,0.0,0.0,0.0,0.0,0.0,1.0,0.0,-0.2,0.0,0.0,16.0,25903.0
2026-07-30T19:02:43.957Z,333.44,333.456,0.0,7.4,0.0,0.0,0.0,0.0,0.0,0.0,0.0,0.0,1.0,0.0,0.0,0.0,9.0,4.0,0.0,0.0,0.0,0.0,0.0,0.0,0.0,0.0,4.0,12.0,1.0,12.18,5.01,2.5,1.49,0.0,0.0,0.0,129.70000000000002,0.0,0.3,0.0,-1.3,-169.60000000000002,0.0,0.0,169.60000000000002,0.0,21.700000000000003,29.0,29.0,29.9,300.0,300.0,31.700000000000003,35.800000000000004,28.9,28.1,30.0,4.96,1.99,4.97,0.16,0.0,0.0,1027.0,8228.0,0.0,0.0,0.0,0.0,0.0,1.0,0.0,0.0,0.0,0.0,0.0,-0.8,0.0,1.1,0.0,0.0,16.0,25903.0
2026-07-30T19:02:43.970Z,333.453,333.468,0.0,7.4,0.0,0.0,0.0,0.0,0.0,0.0,0.0,0.0,1.0,0.0,0.0,0.0,9.0,4.0,0.0,0.0,0.0,0.0,0.0,0.0,0.0,0.0,5.0,12.0,1.0,12.18,5.01,2.5,1.49,0.0,0.0,0.0,129.5,0.0,-0.2,0.6000000000000001,0.0,-169.60000000000002,0.0,0.0,169.60000000000002,0.0,21.700000000000003,29.0,29.0,29.9,300.0,300.0,31.700000000000003,35.800000000000004,28.9,28.1,30.0,4.95,1.99,4.96,0.16,0.0,0.0,1027.0,8228.0,0.0,0.0,0.0,0.0,0.0,1.0,0.0,0.0,0.0,0.0,0.0,0.7000000000000001,0.0,0.1,0.0,0.0,16.0,25903.0
2026-07-30T19:02:43.982Z,333.465,333.48,0.0,7.4,0.0,0.0,0.0,0.0,0.0,0.0,0.0,0.0,1.0,0.0,0.0,0.0,9.0,4.0,0.0,0.0,0.0,0.0,0.0,0.0,0.0,0.0,1.0,12.0,1.0,12.18,5.01,2.5,1.49,0.0,0.1,0.0,129.4,0.0,0.3,-0.4,0.0,-169.60000000000002,0.0,0.0,169.70000000000002,0.0,21.700000000000003,29.0,29.0,29.9,300.0,300.0,31.700000000000003,35.800000000000004,28.9,28.1,30.0,4.95,1.99,4.97,0.16,0.0,0.0,1027.0,8228.0,0.0,0.0,0.0,0.0,0.0,1.0,0.0,0.0,0.0,0.0,0.0,-0.5,0.0,0.0,0.0,0.0,16.0,25903.0
2026-07-30T19:02:43.994Z,333.477,333.492,0.0,7.4,0.0,0.0,0.0,0.0,0.0,0.0,0.0,0.0,1.0,0.0,0.0,0.0,9.0,4.0,0.0,0.0,0.0,0.0,0.0,0.0,0.0,0.0,2.0,12.0,1.0,12.18,5.01,2.5,1.49,0.0,0.0,0.0,129.4,0.0,0.9,0.6000000000000001,-0.6000000000000001,-169.60000000000002,0.0,0.0,169.60000000000002,0.0,21.700000000000003,29.0,29.0,29.9,300.0,300.0,31.700000000000003,35.800000000000004,28.9,28.1,30.0,4.95,1.99,4.96,0.16,0.0,0.0,1027.0,8228.0,0.0,0.0,0.0,0.0,0.0,1.0,0.0,0.0,0.0,0.0,0.0,0.2,0.0,0.7000000000000001,0.0,0.0,16.0,25903.0
2026-07-30T19:02:44.006Z,333.489,333.504,0.0,7.4,0.0,0.0,0.0,0.0,0.0,0.0,0.0,0.0,1.0,0.0,0.0,0.0,9.0,4.0,0.0,0.0,0.0,0.0,0.0,0.0,0.0,0.0,4.0,12.0,1.0,12.18,5.01,2.5,1.49,0.0,0.0,0.0,129.6,0.0,0.4,0.6000000000000001,0.0,-169.60000000000002,0.0,0.0,169.60000000000002,0.0,21.700000000000003,29.0,29.0,29.9,300.0,300.0,31.700000000000003,35.800000000000004,28.9,28.1,30.0,4.96,1.99,4.96,0.16,0.0,0.0,1027.0,8228.0,0.0,0.0,0.0,0.0,0.0,1.0,0.0,0.0,0.0,0.0,0.0,0.7000000000000001,0.0,0.1,0.0,0.0,16.0,25903.0
2026-07-30T19:02:44.018Z,333.501,333.516,0.0,7.4,0.0,0.0,0.0,0.0,0.0,0.0,0.0,0.0,1.0,0.0,0.0,0.0,9.0,4.0,0.0,0.0,0.0,0.0,0.0,0.0,0.0,0.0,5.0,12.0,1.0,12.18,5.01,2.5,1.49,0.0,0.0,0.0,129.70000000000002,0.0,-0.1,0.0,-1.7000000000000002,-169.60000000000002,0.0,0.0,169.60000000000002,0.0,21.700000000000003,29.0,29.0,29.9,300.0,300.0,31.700000000000003,35.800000000000004,28.9,28.1,30.0,4.95,1.99,4.96,0.16,0.0,0.0,1027.0,8228.0,0.0,0.0,0.0,0.0,0.0,1.0,0.0,0.0,0.0,0.0,0.0,-1.2000000000000002,0.0,1.5,0.0,0.0,16.0,25903.0
2026-07-30T19:02:44.029Z,333.512,333.528,0.0,7.4,0.0,0.0,0.0,0.0,0.0,0.0,0.0,0.0,1.0,0.0,0.0,0.0,9.0,4.0,0.0,0.0,0.0,0.0,0.0,0.0,0.0,0.0,1.0,12.0,1.0,12.17,5.01,2.5,1.49,0.0,0.0,0.0,129.9,0.0,-0.2,-1.1,-0.6000000000000001,-169.60000000000002,0.0,0.0,169.60000000000002,0.0,21.4,29.0,29.0,29.9,300.0,300.0,31.700000000000003,35.800000000000004,28.9,28.1,30.0,4.96,1.99,4.96,0.16,0.0,0.0,1027.0,8228.0,0.0,0.0,0.0,0.0,0.0,1.0,0.0,0.0,0.0,0.0,0.0,-1.7000000000000002,0.0,0.3,0.0,0.0,16.0,25903.0
2026-07-30T19:02:44.042Z,333.525,333.54,0.0,7.4,0.0,0.0,0.0,0.0,0.0,0.0,0.0,0.0,1.0,0.0,0.0,0.0,9.0,4.0,0.0,0.0,0.0,0.0,0.0,0.0,0.0,0.0,2.0,12.0,1.0,12.17,5.01,2.5,1.49,0.0,0.0,0.0,130.1,0.0,-0.2,-0.5,-1.2000000000000002,-169.60000000000002,0.0,0.0,169.60000000000002,0.0,21.4,29.0,29.0,29.9,300.0,300.0,31.700000000000003,35.800000000000004,28.9,28.1,30.0,4.96,1.99,4.97,0.16,0.0,0.0,1027.0,8228.0,0.0,0.0,0.0,0.0,0.0,1.0,0.0,0.0,0.0,0.0,0.0,-1.5,0.0,0.9,0.0,0.0,16.0,25903.0
2026-07-30T19:02:44.054Z,333.537,333.552,0.0,7.4,0.0,0.0,0.0,0.0,0.0,0.0,0.0,0.0,1.0,0.0,0.0,0.0,9.0,4.0,0.0,0.0,0.0,0.0,0.0,0.0,0.0,0.0,3.0,12.0,1.0,12.17,5.01,2.5,1.49,0.0,0.0,0.0,130.4,0.0,0.9,0.6000000000000001,-0.6000000000000001,-169.60000000000002,0.0,0.0,169.70000000000002,0.0,21.4,29.0,29.0,29.9,300.0,300.0,31.700000000000003,35.800000000000004,28.9,28.1,30.0,4.95,1.99,4.97,0.16,0.0,0.0,1027.0,8228.0,0.0,0.0,0.0,0.0,0.0,1.0,0.0,0.0,0.0,0.0,0.0,0.2,0.0,0.6000000000000001,0.0,0.0,16.0,25903.0
2026-07-30T19:02:44.066Z,333.549,333.564,0.0,7.4,0.0,0.0,0.0,0.0,0.0,0.0,0.0,0.0,1.0,0.0,0.0,0.0,9.0,4.0,0.0,0.0,0.0,0.0,0.0,0.0,0.0,0.0,5.0,12.0,1.0,12.17,5.01,2.5,1.49,0.0,0.0,0.0,130.6,0.0,0.9,0.0,1.1,-169.60000000000002,0.0,0.0,169.60000000000002,0.0,21.4,29.0,29.0,29.9,300.0,300.0,31.700000000000003,35.800000000000004,28.9,28.1,30.0,4.96,1.99,4.97,0.16,0.0,0.0,1027.0,8228.0,0.0,0.0,0.0,0.0,0.0,1.0,0.0,0.0,0.0,0.0,0.0,0.8,0.0,-0.9,0.0,0.0,16.0,25903.0
2026-07-30T19:02:44.078Z,333.561,333.576,0.0,7.4,0.0,0.0,0.0,0.0,0.0,0.0,0.0,0.0,1.0,0.0,0.0,0.0,9.0,4.0,0.0,0.0,0.0,0.0,0.0,0.0,0.0,0.0,5.0,12.0,1.0,12.17,5.01,2.5,1.49,0.0,0.0,0.0,130.8,0.0,-0.2,0.0,-1.2000000000000002,-169.60000000000002,0.0,0.0,169.70000000000002,0.0,21.4,29.0,29.0,29.9,300.0,300.0,31.700000000000003,35.800000000000004,28.9,28.1,30.0,4.96,1.99,4.96,0.16,0.0,0.0,1027.0,8228.0,0.0,0.0,0.0,0.0,0.0,1.0,0.0,0.0,0.0,0.0,0.0,-0.9,0.0,1.0,0.0,0.0,16.0,25903.0
2026-07-30T19:02:44.090Z,333.573,333.588,0.0,7.4,0.0,0.0,0.0,0.0,0.0,0.0,0.0,0.0,1.0,0.0,0.0,0.0,9.0,4.0,0.0,0.0,0.0,0.0,0.0,0.0,0.0,0.0,1.0,12.0,1.0,12.17,5.01,2.5,1.49,0.0,0.0,0.0,130.9,0.0,-0.2,0.0,0.0,-169.60000000000002,0.0,0.0,169.60000000000002,0.0,21.4,29.0,29.0,29.9,300.0,300.0,31.700000000000003,35.800000000000004,28.9,28.1,30.0,4.96,1.99,4.97,0.16,0.0,0.0,1027.0,8228.0,0.0,0.0,0.0,0.0,0.0,1.0,0.0,0.0,0.0,0.0,0.0,0.0,0.0,0.0,0.0,0.0,16.0,25903.0
2026-07-30T19:02:44.102Z,333.585,333.6,0.0,7.4,0.0,0.0,0.0,0.0,0.0,0.0,0.0,0.0,1.0,0.0,0.0,0.0,9.0,4.0,0.0,0.0,0.0,0.0,0.0,0.0,0.0,0.0,2.0,12.0,1.0,12.17,5.01,2.5,1.49,0.0,0.0,0.0,131.1,0.0,0.4,0.6000000000000001,0.0,-169.60000000000002,0.0,0.0,169.60000000000002,0.0,21.4,29.0,29.0,29.9,300.0,300.0,31.700000000000003,35.800000000000004,28.9,28.1,30.0,4.95,1.99,4.97,0.16,0.0,0.0,1027.0,8228.0,0.0,0.0,0.0,0.0,0.0,1.0,0.0,0.0,0.0,0.0,0.0,0.7000000000000001,0.0,0.1,0.0,0.0,16.0,25903.0
2026-07-30T19:02:44.114Z,333.597,333.612,0.0,7.4,0.0,0.0,0.0,0.0,0.0,0.0,0.0,0.0,1.0,0.0,0.0,0.0,9.0,4.0,0.0,0.0,0.0,0.0,0.0,0.0,0.0,0.0,3.0,12.0,1.0,12.17,5.01,2.5,1.49,0.0,0.0,0.0,131.3,0.0,0.3,-0.5,0.0,-169.60000000000002,0.0,0.0,169.60000000000002,0.0,21.4,29.0,29.0,29.9,300.0,300.0,31.700000000000003,35.800000000000004,28.9,28.1,30.0,4.96,1.99,4.96,0.16,0.0,0.0,1027.0,8228.0,0.0,0.0,0.0,0.0,0.0,1.0,0.0,0.0,0.0,0.0,0.0,-0.5,0.0,0.0,0.0,0.0,16.0,25903.0
2026-07-30T19:02:44.127Z,333.61,333.624,0.0,7.4,0.0,0.0,0.0,0.0,0.0,0.0,0.0,0.0,1.0,0.0,0.0,0.0,9.0,4.0,0.0,0.0,0.0,0.0,0.0,0.0,0.0,0.0,4.0,12.0,1.0,12.14,5.0200000000000005,2.51,1.49,0.0,0.0,0.0,131.4,0.0,0.3,-1.1,1.1,-169.60000000000002,0.0,0.0,169.70000000000002,0.0,21.700000000000003,29.0,29.0,29.9,300.0,300.0,31.8,35.800000000000004,28.9,28.1,30.0,4.96,1.99,4.97,0.16,0.0,0.0,1027.0,8228.0,0.0,0.0,0.0,0.0,0.0,1.0,0.0,0.0,0.0,0.0,0.0,-0.4,0.0,-1.2000000000000002,0.0,0.0,16.0,25903.0
2026-07-30T19:02:44.138Z,333.621,333.636,0.0,7.4,0.0,0.0,0.0,0.0,0.0,0.0,0.0,0.0,1.0,0.0,0.0,0.0,9.0,4.0,0.0,0.0,0.0,0.0,0.0,0.0,0.0,0.0,5.0,12.0,1.0,12.14,5.0200000000000005,2.51,1.49,0.0,0.0,0.0,131.6,0.0,1.0,0.6000000000000001,1.0,-169.60000000000002,0.0,0.0,169.70000000000002,0.0,21.700000000000003,29.0,29.0,29.9,300.0,300.0,31.8,35.800000000000004,28.9,28.1,30.0,4.96,1.99,4.97,0.16,0.0,0.0,1027.0,8228.0,0.0,0.0,0.0,0.0,0.0,1.0,0.0,0.0,0.0,0.0,0.0,1.5,0.0,-0.8,0.0,0.0,16.0,25903.0
2026-07-30T19:02:44.150Z,333.633,333.648,0.0,7.4,0.0,0.0,0.0,0.0,0.0,0.0,0.0,0.0,1.0,0.0,0.0,0.0,9.0,4.0,0.0,0.0,0.0,0.0,0.0,0.0,0.0,0.0,1.0,12.0,1.0,12.14,5.0200000000000005,2.51,1.49,0.0,0.0,0.0,131.8,0.0,0.9,0.6000000000000001,0.5,-169.60000000000002,0.0,0.0,169.60000000000002,0.0,21.700000000000003,29.0,29.0,29.9,300.0,300.0,31.8,35.800000000000004,28.9,28.1,30.0,4.95,1.99,4.97,0.16,0.0,0.0,1027.0,8228.0,0.0,0.0,0.0,0.0,0.0,1.0,0.0,0.0,0.0,0.0,0.0,1.1,0.0,-0.3,0.0,0.0,16.0,25903.0
2026-07-30T19:02:44.162Z,333.645,333.66,0.0,7.4,0.0,0.0,0.0,0.0,0.0,0.0,0.0,0.0,1.0,0.0,0.0,0.0,9.0,4.0,0.0,0.0,0.0,0.0,0.0,0.0,0.0,0.0,2.0,12.0,1.0,12.14,5.0200000000000005,2.51,1.49,0.0,0.1,0.0,132.0,0.0,0.4,-0.5,-0.1,-169.60000000000002,0.0,0.0,169.70000000000002,0.0,21.700000000000003,29.0,29.0,29.9,300.0,300.0,31.8,35.800000000000004,28.9,28.1,30.0,4.96,1.99,4.96,0.16,0.0,0.0,1027.0,8228.0,0.0,0.0,0.0,0.0,0.0,1.0,0.0,0.0,0.0,0.0,0.0,-0.6000000000000001,0.0,0.0,0.0,0.0,16.0,25903.0
2026-07-30T19:02:44.174Z,333.657,333.672,0.0,7.4,0.0,0.0,0.0,0.0,0.0,0.0,0.0,0.0,1.0,0.0,0.0,0.0,9.0,4.0,0.0,0.0,0.0,0.0,0.0,0.0,0.0,0.0,3.0,12.0,1.0,12.14,5.0200000000000005,2.51,1.49,0.0,0.1,0.0,132.1,0.0,0.3,-0.5,-0.1,-169.60000000000002,0.0,0.0,169.70000000000002,0.0,21.700000000000003,29.0,29.0,29.9,300.0,300.0,31.8,35.800000000000004,28.9,28.1,30.0,4.95,1.99,4.96,0.16,0.0,0.0,1027.0,8228.0,0.0,0.0,0.0,0.0,0.0,1.0,0.0,0.0,0.0,0.0,0.0,-0.6000000000000001,0.0,0.0,0.0,0.0,16.0,25903.0
2026-07-30T19:02:44.186Z,333.669,333.684,0.0,7.4,0.0,0.0,0.0,0.0,0.0,0.0,0.0,0.0,1.0,0.0,0.0,0.0,9.0,4.0,0.0,0.0,0.0,0.0,0.0,0.0,0.0,0.0,4.0,12.0,1.0,12.14,5.0200000000000005,2.51,1.49,0.0,0.0,0.0,132.3,0.0,-0.2,0.6000000000000001,0.4,-169.60000000000002,0.0,0.0,169.70000000000002,0.0,21.700000000000003,29.0,29.0,29.9,300.0,300.0,31.8,35.800000000000004,28.9,28.1,30.0,4.95,2.0,4.96,0.16,0.0,0.0,1027.0,8228.0,0.0,0.0,0.0,0.0,0.0,1.0,0.0,0.0,0.0,0.0,0.0,1.0,0.0,-0.2,0.0,0.0,16.0,25903.0
2026-07-30T19:02:44.198Z,333.681,333.696,0.0,7.4,0.0,0.0,0.0,0.0,0.0,0.0,0.0,0.0,1.0,0.0,0.0,0.0,9.0,4.0,0.0,0.0,0.0,0.0,0.0,0.0,0.0,0.0,5.0,12.0,1.0,12.14,5.0200000000000005,2.51,1.49,0.0,0.0,0.0,132.5,0.0,0.3,0.0,-0.1,-169.60000000000002,0.0,0.0,169.70000000000002,0.0,21.700000000000003,29.0,29.0,29.9,300.0,300.0,31.8,35.800000000000004,28.9,28.1,30.0,4.96,1.99,4.96,0.16,0.0,0.0,1027.0,8228.0,0.0,0.0,0.0,0.0,0.0,1.0,0.0,0.0,0.0,0.0,0.0,0.0,0.0,0.1,0.0,0.0,16.0,25903.0
2026-07-30T19:02:44.210Z,333.693,333.708,0.0,7.4,0.0,0.0,0.0,0.0,0.0,0.0,0.0,0.0,1.0,0.0,0.0,0.0,9.0,4.0,0.0,0.0,0.0,0.0,0.0,0.0,0.0,0.0,6.0,12.0,1.0,12.14,5.0200000000000005,2.51,1.49,0.0,0.0,0.0,132.70000000000002,0.0,-0.2,0.0,0.4,-169.60000000000002,0.0,0.0,169.60000000000002,0.0,21.700000000000003,29.0,29.0,29.9,300.0,300.0,31.8,35.800000000000004,28.9,28.1,30.0,4.95,1.99,4.96,0.16,0.0,0.0,1027.0,8228.0,0.0,0.0,0.0,0.0,0.0,1.0,0.0,0.0,0.0,0.0,0.0,0.3,0.0,-0.3,0.0,0.0,16.0,25903.0
2026-07-30T19:02:44.222Z,333.705,333.72,0.0,7.4,0.0,0.0,0.0,0.0,0.0,0.0,0.0,0.0,1.0,0.0,0.0,0.0,9.0,4.0,0.0,0.0,0.0,0.0,0.0,0.0,0.0,0.0,1.0,12.0,1.0,12.14,5.0200000000000005,2.51,1.49,0.0,0.0,0.0,132.9,0.0,0.2,-0.5,-0.7000000000000001,-169.60000000000002,0.0,0.0,169.60000000000002,0.0,21.700000000000003,29.0,29.0,29.9,300.0,300.0,31.8,35.800000000000004,28.9,28.1,30.0,4.96,1.99,4.97,0.16,0.0,0.0,1027.0,8228.0,0.0,0.0,0.0,0.0,0.0,1.0,0.0,0.0,0.0,0.0,0.0,-1.2000000000000002,0.0,0.5,0.0,0.0,16.0,25903.0
2026-07-30T19:02:44.234Z,333.717,333.732,0.0,7.4,0.0,0.0,0.0,0.0,0.0,0.0,0.0,0.0,1.0,0.0,0.0,0.0,9.0,4.0,0.0,0.0,0.0,0.0,0.0,0.0,0.0,0.0,2.0,12.0,1.0,12.17,5.0200000000000005,2.51,1.49,0.0,0.0,0.0,133.1,0.0,0.8,1.1,0.4,-169.60000000000002,0.0,0.0,169.60000000000002,0.0,21.3,29.0,29.0,29.9,300.0,300.0,31.700000000000003,35.800000000000004,28.9,28.1,30.0,4.96,1.99,4.96,0.16,0.0,0.0,1027.0,8228.0,0.0,0.0,0.0,0.0,0.0,1.0,0.0,0.0,0.0,0.0,0.0,1.6,0.0,-0.1,0.0,0.0,16.0,25903.0
2026-07-30T19:02:44.246Z,333.729,333.744,0.0,7.4,0.0,0.0,0.0,0.0,0.0,0.0,0.0,0.0,1.0,0.0,0.0,0.0,9.0,4.0,0.0,0.0,0.0,0.0,0.0,0.0,0.0,0.0,3.0,12.0,1.0,12.17,5.0200000000000005,2.51,1.49,0.0,0.0,0.0,133.0,0.0,-0.8,-0.5,-0.7000000000000001,-169.60000000000002,0.0,0.0,169.60000000000002,0.0,21.3,29.0,29.0,29.9,300.0,300.0,31.700000000000003,35.800000000000004,28.9,28.1,30.0,4.96,1.99,4.96,0.16,0.0,0.0,1027.0,8228.0,0.0,0.0,0.0,0.0,0.0,1.0,0.0,0.0,0.0,0.0,0.0,-1.1,0.0,0.5,0.0,0.0,16.0,25903.0
2026-07-30T19:02:44.258Z,333.741,333.75600000000003,0.0,7.4,0.0,0.0,0.0,0.0,0.0,0.0,0.0,0.0,1.0,0.0,0.0,0.0,9.0,4.0,0.0,0.0,0.0,0.0,0.0,0.0,0.0,0.0,4.0,12.0,1.0,12.17,5.0200000000000005,2.51,1.49,0.0,0.0,0.0,132.9,0.0,0.3,-0.5,1.0,-169.60000000000002,0.0,0.0,169.60000000000002,0.0,21.3,29.0,29.0,29.9,300.0,300.0,31.700000000000003,35.800000000000004,28.9,28.1,30.0,4.95,1.99,4.97,0.16,0.0,0.0,1027.0,8228.0,0.0,0.0,0.0,0.0,0.0,1.0,0.0,0.0,0.0,0.0,0.0,0.1,0.0,-1.0,0.0,0.0,16.0,25903.0
2026-07-30T19:02:44.270Z,333.753,333.76800000000003,0.0,7.4,0.0,0.0,0.0,0.0,0.0,0.0,0.0,0.0,1.0,0.0,0.0,0.0,9.0,4.0,0.0,0.0,0.0,0.0,0.0,0.0,0.0,0.0,5.0,12.0,1.0,12.17,5.0200000000000005,2.51,1.49,0.0,0.0,0.0,132.8,0.0,0.9,-0.5,-0.7000000000000001,-169.60000000000002,0.0,0.0,169.60000000000002,0.0,21.3,29.0,29.0,29.9,300.0,300.0,31.700000000000003,35.800000000000004,28.9,28.1,30.0,4.96,2.0,4.96,0.16,0.0,0.0,1027.0,8228.0,0.0,0.0,0.0,0.0,0.0,1.0,0.0,0.0,0.0,0.0,0.0,-1.1,0.0,0.5,0.0,0.0,16.0,25903.0
2026-07-30T19:02:44.282Z,333.765,333.78000000000003,0.0,7.4,0.0,0.0,0.0,0.0,0.0,0.0,0.0,0.0,1.0,0.0,0.0,0.0,9.0,4.0,0.0,0.0,0.0,0.0,0.0,0.0,0.0,0.0,6.0,12.0,1.0,12.17,5.0200000000000005,2.51,1.49,0.0,0.0,0.0,132.70000000000002,0.0,-0.2,1.1,0.4,-169.60000000000002,0.0,0.0,169.70000000000002,0.0,21.3,29.0,29.0,29.9,300.0,300.0,31.700000000000003,35.800000000000004,28.9,28.1,30.0,4.96,2.0,4.96,0.16,0.0,0.0,1027.0,8228.0,0.0,0.0,0.0,0.0,0.0,1.0,0.0,0.0,0.0,0.0,0.0,1.6,0.0,-0.1,0.0,0.0,16.0,25903.0
2026-07-30T19:02:44.294Z,333.777,333.79200000000003,0.0,7.4,0.0,0.0,0.0,0.0,0.0,0.0,0.0,0.0,1.0,0.0,0.0,0.0,9.0,4.0,0.0,0.0,0.0,0.0,0.0,0.0,0.0,0.0,1.0,12.0,1.0,12.17,5.0200000000000005,2.51,1.49,0.0,0.0,0.0,132.6,0.0,-0.2,1.2000000000000002,-0.6000000000000001,-169.60000000000002,0.0,0.0,169.60000000000002,0.0,21.3,29.0,29.0,29.9,300.0,300.0,31.700000000000003,35.800000000000004,28.9,28.1,30.0,4.95,1.99,4.96,0.16,0.0,0.0,1027.0,8228.0,0.0,0.0,0.0,0.0,0.0,1.0,0.0,0.0,0.0,0.0,0.0,0.8,0.0,0.8,0.0,0.0,16.0,25903.0
2026-07-30T19:02:44.306Z,333.789,333.80400000000003,0.0,7.4,0.0,0.0,0.0,0.0,0.0,0.0,0.0,0.0,1.0,0.0,0.0,0.0,9.0,4.0,0.0,0.0,0.0,0.0,0.0,0.0,0.0,0.0,2.0,12.0,1.0,12.17,5.0200000000000005,2.51,1.49,0.0,0.0,0.0,132.5,0.0,-0.2,-1.0,0.5,-169.60000000000002,0.0,0.0,169.70000000000002,0.0,21.3,29.0,29.0,29.9,300.0,300.0,31.700000000000003,35.800000000000004,28.9,28.1,30.0,4.95,1.99,4.97,0.16,0.0,0.0,1027.0,8228.0,0.0,0.0,0.0,0.0,0.0,1.0,0.0,0.0,0.0,0.0,0.0,-0.8,0.0,-0.6000000000000001,0.0,0.0,16.0,25903.0
2026-07-30T19:02:44.318Z,333.801,333.81600000000003,0.0,7.4,0.0,0.0,0.0,0.0,0.0,0.0,0.0,0.0,1.0,0.0,0.0,0.0,9.0,4.0,0.0,0.0,0.0,0.0,0.0,0.0,0.0,0.0,3.0,12.0,1.0,12.17,5.0200000000000005,2.51,1.49,0.0,0.1,0.0,132.4,0.0,-0.2,0.0,-0.1,-169.60000000000002,0.0,0.0,169.60000000000002,0.0,21.3,29.0,29.0,29.9,300.0,300.0,31.700000000000003,35.800000000000004,28.9,28.1,30.0,4.96,1.99,4.96,0.16,0.0,0.0,1027.0,8228.0,0.0,0.0,0.0,0.0,0.0,1.0,0.0,0.0,0.0,0.0,0.0,0.0,0.0,0.1,0.0,0.0,16.0,25903.0
2026-07-30T19:02:44.331Z,333.814,333.82800000000003,0.0,7.4,0.0,0.0,0.0,0.0,0.0,0.0,0.0,0.0,1.0,0.0,0.0,0.0,9.0,4.0,0.0,0.0,0.0,0.0,0.0,0.0,0.0,0.0,4.0,12.0,1.0,12.15,5.0200000000000005,2.5,1.49,0.0,0.0,0.0,132.3,0.0,0.2,1.2000000000000002,1.6,-169.60000000000002,0.0,0.0,169.60000000000002,0.0,21.3,29.0,29.0,30.0,300.0,300.0,31.700000000000003,35.800000000000004,28.9,28.1,30.0,4.96,1.99,4.97,0.16,0.0,0.0,1027.0,8228.0,0.0,0.0,0.0,0.0,0.0,1.0,0.0,0.0,0.0,0.0,0.0,2.6,0.0,-1.1,0.0,0.0,16.0,25903.0
2026-07-30T19:02:44.342Z,333.825,333.84000000000003,0.0,7.4,0.0,0.0,0.0,0.0,0.0,0.0,0.0,0.0,1.0,0.0,0.0,0.0,9.0,4.0,0.0,0.0,0.0,0.0,0.0,0.0,0.0,0.0,5.0,12.0,1.0,12.15,5.0200000000000005,2.5,1.49,0.0,0.0,0.0,132.1,0.0,-0.8,0.0,0.4,-169.60000000000002,0.0,0.0,169.60000000000002,0.0,21.3,29.0,29.0,30.0,300.0,300.0,31.700000000000003,35.800000000000004,28.9,28.1,30.0,4.95,1.99,4.97,0.16,0.0,0.0,1027.0,8228.0,0.0,0.0,0.0,0.0,0.0,1.0,0.0,0.0,0.0,0.0,0.0,-0.6000000000000001,0.0,0.0,0.0,0.0,16.0,25903.0
2026-07-30T19:02:44.354Z,333.837,333.85200000000003,0.0,7.4,0.0,0.0,0.0,0.0,0.0,0.0,0.0,0.0,1.0,0.0,0.0,0.0,9.0,4.0,0.0,0.0,0.0,0.0,0.0,0.0,0.0,0.0,6.0,12.0,1.0,12.15,5.0200000000000005,2.5,1.49,0.0,0.0,0.0,132.1,0.0,-0.2,-1.0,0.5,-169.60000000000002,0.0,0.0,169.60000000000002,0.0,21.3,29.0,29.0,30.0,300.0,300.0,31.700000000000003,35.800000000000004,28.9,28.1,30.0,4.96,1.99,4.96,0.16,0.0,0.0,1027.0,8228.0,0.0,0.0,0.0,0.0,0.0,1.0,0.0,0.0,0.0,0.0,0.0,-0.7000000000000001,0.0,-0.7000000000000001,0.0,0.0,16.0,25903.0
2026-07-30T19:02:44.366Z,333.849,333.86400000000003,0.0,7.4,0.0,0.0,0.0,0.0,0.0,0.0,0.0,0.0,1.0,0.0,0.0,0.0,9.0,4.0,0.0,0.0,0.0,0.0,0.0,0.0,0.0,0.0,2.0,12.0,1.0,12.15,5.0200000000000005,2.5,1.49,0.0,0.0,0.0,131.9,0.0,-0.2,-1.1,-0.6000000000000001,-169.60000000000002,0.0,0.0,169.60000000000002,0.0,21.3,29.0,29.0,30.0,300.0,300.0,31.700000000000003,35.800000000000004,28.9,28.1,30.0,4.95,2.0,4.97,0.16,0.0,0.0,1027.0,8228.0,0.0,0.0,0.0,0.0,0.0,1.0,0.0,0.0,0.0,0.0,0.0,-1.7000000000000002,0.0,0.3,0.0,0.0,16.0,25903.0
2026-07-30T19:02:44.378Z,333.861,333.87600000000003,0.0,7.4,0.0,0.0,0.0,0.0,0.0,0.0,0.0,0.0,1.0,0.0,0.0,0.0,9.0,4.0,0.0,0.0,0.0,0.0,0.0,0.0,0.0,0.0,3.0,12.0,1.0,12.15,5.0200000000000005,2.5,1.49,0.0,0.0,0.0,131.9,0.0,0.8,0.0,0.0,-169.60000000000002,0.0,0.0,169.60000000000002,0.0,21.3,29.0,29.0,30.0,300.0,300.0,31.700000000000003,35.800000000000004,28.9,28.1,30.0,4.95,1.99,4.97,0.16,0.0,0.0,1027.0,8228.0,0.0,0.0,0.0,0.0,0.0,1.0,0.0,0.0,0.0,0.0,0.0,0.0,0.0,0.0,0.0,0.0,16.0,25903.0
2026-07-30T19:02:44.390Z,333.873,333.88800000000003,0.0,7.4,0.0,0.0,0.0,0.0,0.0,0.0,0.0,0.0,1.0,0.0,0.0,0.0,9.0,4.0,0.0,0.0,0.0,0.0,0.0,0.0,0.0,0.0,4.0,12.0,1.0,12.15,5.0200000000000005,2.5,1.49,0.0,0.0,0.0,131.70000000000002,0.0,0.2,0.0,1.1,-169.60000000000002,0.0,0.0,169.60000000000002,0.0,21.3,29.0,29.0,30.0,300.0,300.0,31.700000000000003,35.800000000000004,28.9,28.1,30.0,4.95,2.0,4.97,0.16,0.0,0.0,1027.0,8228.0,0.0,0.0,0.0,0.0,0.0,1.0,0.0,0.0,0.0,0.0,0.0,0.9,0.0,-0.9,0.0,0.0,16.0,25903.0
2026-07-30T19:02:44.402Z,333.885,333.90000000000003,0.0,7.4,0.0,0.0,0.0,0.0,0.0,0.0,0.0,0.0,1.0,0.0,0.0,0.0,9.0,4.0,0.0,0.0,0.0,0.0,0.0,0.0,0.0,0.0,5.0,12.0,1.0,12.15,5.0200000000000005,2.5,1.49,0.0,0.0,0.0,131.6,0.0,0.3,0.1,0.0,-169.60000000000002,0.0,0.0,169.60000000000002,0.0,21.3,29.0,29.0,30.0,300.0,300.0,31.700000000000003,35.800000000000004,28.9,28.1,30.0,4.96,2.0,4.96,0.16,0.0,0.0,1027.0,8228.0,0.0,0.0,0.0,0.0,0.0,1.0,0.0,0.0,0.0,0.0,0.0,0.0,0.0,0.0,0.0,0.0,16.0,25903.0
2026-07-30T19:02:44.414Z,333.897,333.91200000000003,0.0,7.4,0.0,0.0,0.0,0.0,0.0,0.0,0.0,0.0,1.0,0.0,0.0,0.0,9.0,4.0,0.0,0.0,0.0,0.0,0.0,0.0,0.0,0.0,1.0,12.0,1.0,12.15,5.0200000000000005,2.5,1.49,0.0,0.1,0.0,131.5,0.0,0.3,0.0,1.1,-169.60000000000002,0.0,0.0,169.60000000000002,0.0,21.3,29.0,29.0,30.0,300.0,300.0,31.700000000000003,35.800000000000004,28.9,28.1,30.0,4.95,1.99,4.97,0.16,0.0,0.0,1027.0,8228.0,0.0,0.0,0.0,0.0,0.0,1.0,0.0,0.0,0.0,0.0,0.0,0.0,0.0,0.0,0.0,0.0,16.0,25903.0
2026-07-30T19:02:44.426Z,333.909,333.92400000000004,0.0,7.4,0.0,0.0,0.0,0.0,0.0,0.0,0.0,0.0,1.0,0.0,0.0,0.0,9.0,4.0,0.0,0.0,0.0,0.0,0.0,0.0,0.0,0.0,2.0,12.0,1.0,12.15,5.0200000000000005,2.5,1.49,0.0,0.0,0.0,131.4,0.0,0.2,1.2000000000000002,1.0,-169.60000000000002,0.0,0.0,169.60000000000002,0.0,21.3,29.0,29.0,30.0,300.0,300.0,31.700000000000003,35.800000000000004,28.9,28.1,30.0,4.95,1.99,4.97,0.16,0.0,0.0,1027.0,8228.0,0.0,0.0,0.0,0.0,0.0,1.0,0.0,0.0,0.0,0.0,0.0,0.2,0.0,0.7000000000000001,0.0,0.0,16.0,25903.0
2026-07-30T19:02:44.438Z,333.921,333.936,0.0,7.4,0.0,0.0,0.0,0.0,0.0,0.0,0.0,0.0,1.0,0.0,0.0,0.0,9.0,4.0,0.0,0.0,0.0,0.0,0.0,0.0,0.0,0.0,3.0,12.0,1.0,12.18,5.01,2.5,1.49,0.0,0.0,0.0,131.3,0.0,0.2,0.6000000000000001,-0.7000000000000001,-169.60000000000002,0.0,0.0,169.60000000000002,0.0,20.9,29.0,29.0,29.9,300.0,300.0,31.8,35.800000000000004,28.9,28.1,30.0,4.96,2.0,4.97,0.16,0.0,0.0,1027.0,8228.0,0.0,0.0,0.0,0.0,0.0,1.0,0.0,0.0,0.0,0.0,0.0,1.0,0.0,-0.2,0.0,0.0,16.0,25903.0
2026-07-30T19:02:44.450Z,333.933,333.948,0.0,7.4,0.0,0.0,0.0,0.0,0.0,0.0,0.0,0.0,1.0,0.0,0.0,0.0,9.0,4.0,0.0,0.0,0.0,0.0,0.0,0.0,0.0,0.0,5.0,12.0,1.0,12.18,5.01,2.5,1.49,0.0,0.0,0.0,131.20000000000002,0.0,0.8,0.0,-0.1,-169.60000000000002,0.0,0.0,169.60000000000002,0.0,20.9,29.0,29.0,29.9,300.0,300.0,31.8,35.800000000000004,28.9,28.1,30.0,4.95,2.0,4.96,0.16,0.0,0.0,1027.0,8228.0,0.0,0.0,0.0,0.0,0.0,1.0,0.0,0.0,0.0,0.0,0.0,0.0,0.0,0.1,0.0,0.0,16.0,25903.0
2026-07-30T19:02:44.462Z,333.945,333.96,0.0,7.4,0.0,0.0,0.0,0.0,0.0,0.0,0.0,0.0,1.0,0.0,0.0,0.0,9.0,4.0,0.0,0.0,0.0,0.0,0.0,0.0,0.0,0.0,6.0,12.0,1.0,12.18,5.01,2.5,1.49,0.0,0.0,0.0,131.0,0.0,0.8,-0.5,1.0,-169.60000000000002,0.0,0.0,169.8,0.0,20.9,29.0,29.0,29.9,300.0,300.0,31.8,35.800000000000004,28.9,28.1,30.0,4.95,1.99,4.97,0.16,0.0,0.0,1027.0,8228.0,0.0,0.0,0.0,0.0,0.0,1.0,0.0,0.0,0.0,0.0,0.0,0.2,0.0,-1.0,0.0,0.0,16.0,25903.0
2026-07-30T19:02:44.474Z,333.957,333.972,0.0,7.4,0.0,0.0,0.0,0.0,0.0,0.0,0.0,0.0,1.0,0.0,0.0,0.0,9.0,4.0,0.0,0.0,0.0,0.0,0.0,0.0,0.0,0.0,2.0,12.0,1.0,12.18,5.01,2.5,1.49,0.0,0.0,0.0,131.0,0.0,0.2,0.6000000000000001,0.0,-169.60000000000002,0.0,0.0,169.70000000000002,0.0,20.9,29.0,29.0,29.9,300.0,300.0,31.8,35.800000000000004,28.9,28.1,30.0,4.95,2.0,4.96,0.16,0.0,0.0,1027.0,8228.0,0.0,0.0,0.0,0.0,0.0,1.0,0.0,0.0,0.0,0.0,0.0,0.7000000000000001,0.0,0.1,0.0,0.0001,16.0,25903.0
2026-07-30T19:02:44.486Z,333.969,333.984,0.0,7.4,0.0,0.0,0.0,0.0,0.0,0.0,0.0,0.0,1.0,0.0,0.0,0.0,9.0,4.0,0.0,0.0,0.0,0.0,0.0,0.0,0.0,0.0,3.0,12.0,1.0,12.18,5.01,2.5,1.49,0.0,0.0,0.0,130.9,0.0,0.2,-0.4,-0.5,-169.60000000000002,0.0,0.0,169.60000000000002,0.0,20.9,29.0,29.0,29.9,300.0,300.0,31.8,35.800000000000004,28.9,28.1,30.0,4.95,1.99,4.96,0.16,0.0,0.0,1027.0,8228.0,0.0,0.0,0.0,0.0,0.0,1.0,0.0,0.0,0.0,0.0,0.0,-0.9,0.0,0.4,0.0,0.0,16.0,25903.0
2026-07-30T19:02:44.498Z,333.981,333.996,0.0,7.4,0.0,0.0,0.0,0.0,0.0,0.0,0.0,0.0,1.0,0.0,0.0,0.0,9.0,4.0,0.0,0.0,0.0,0.0,0.0,0.0,0.0,0.0,4.0,12.0,1.0,12.18,5.01,2.5,1.49,0.0,0.0,0.0,130.8,0.0,0.3,0.1,1.7000000000000002,-169.60000000000002,0.0,0.0,169.60000000000002,0.0,20.9,29.0,29.0,29.9,300.0,300.0,31.8,35.800000000000004,28.9,28.1,30.0,4.95,1.99,4.97,0.16,0.0,0.0,1027.0,8228.0,0.0,0.0,0.0,0.0,0.0,1.0,0.0,0.0,0.0,0.0,0.0,1.5,0.0,-1.5,0.0,0.0,16.0,25903.0
2026-07-30T19:02:44.510Z,333.993,334.008,0.0,7.4,0.0,0.0,0.0,0.0,0.0,0.0,0.0,0.0,1.0,0.0,0.0,0.0,9.0,4.0,0.0,0.0,0.0,0.0,0.0,0.0,0.0,0.0,5.0,12.0,1.0,12.18,5.01,2.5,1.49,0.0,0.0,0.0,130.6,0.0,0.9,-0.4,-1.1,-169.60000000000002,0.0,0.0,169.60000000000002,0.0,20.9,29.0,29.0,29.9,300.0,300.0,31.8,35.800000000000004,28.9,28.1,30.0,4.96,1.99,4.97,0.16,0.0,0.0,1027.0,8228.0,0.0,0.0,0.0,0.0,0.0,1.0,0.0,0.0,0.0,0.0,0.0,-1.3,0.0,0.9,0.0,0.0,16.0,25903.0
2026-07-30T19:02:44.522Z,334.005,334.02,0.0,7.4,0.0,0.0,0.0,0.0,0.0,0.0,0.0,0.0,1.0,0.0,0.0,0.0,9.0,4.0,0.0,0.0,0.0,0.0,0.0,0.0,0.0,0.0,6.0,12.0,1.0,12.18,5.01,2.5,1.49,0.0,0.0,0.0,130.5,0.0,-0.2,0.1,2.3000000000000003,-169.60000000000002,0.0,0.0,169.60000000000002,0.0,20.9,29.0,29.0,29.9,300.0,300.0,31.8,35.800000000000004,28.9,28.1,30.0,4.96,1.99,4.96,0.16,0.0,0.0,1027.0,8228.0,0.0,0.0,0.0,0.0,0.0,1.0,0.0,0.0,0.0,0.0,0.0,1.8,0.0,-2.0,0.0,0.0,16.0,25903.0
2026-07-30T19:02:44.535Z,334.018,334.032,0.0,7.4,0.0,0.0,0.0,0.0,0.0,0.0,0.0,0.0,1.0,0.0,0.0,0.0,9.0,4.0,0.0,0.0,0.0,0.0,0.0,0.0,0.0,0.0,1.0,12.0,1.0,12.17,5.01,2.51,1.49,0.0,0.0,0.0,130.4,0.0,-0.2,0.1,0.5,-169.60000000000002,0.0,0.0,169.60000000000002,0.0,21.4,29.0,29.0,29.9,300.0,300.0,31.8,35.800000000000004,28.9,28.1,30.0,4.95,1.99,4.96,0.16,0.0,0.0,1027.0,8228.0,0.0,0.0,0.0,0.0,0.0,1.0,0.0,0.0,0.0,0.0,0.0,0.5,0.0,-0.4,0.0,0.0,16.0,25903.0
2026-07-30T19:02:44.546Z,334.029,334.044,0.0,7.4,0.0,0.0,0.0,0.0,0.0,0.0,0.0,0.0,1.0,0.0,0.0,0.0,9.0,4.0,0.0,0.0,0.0,0.0,0.0,0.0,0.0,0.0,2.0,12.0,1.0,12.17,5.01,2.51,1.49,0.0,0.0,0.0,130.4,0.0,-0.8,-1.0,-0.6000000000000001,-169.60000000000002,0.0,0.0,169.60000000000002,0.0,21.4,29.0,29.0,29.9,300.0,300.0,31.8,35.800000000000004,28.9,28.1,30.0,4.95,1.99,4.97,0.16,0.0,0.0,1027.0,8228.0,0.0,0.0,0.0,0.0,0.0,1.0,0.0,0.0,0.0,0.0,0.0,-1.7000000000000002,0.0,0.3,0.0,0.0,16.0,25903.0
2026-07-30T19:02:44.558Z,334.041,334.056,0.0,7.4,0.0,0.0,0.0,0.0,0.0,0.0,0.0,0.0,1.0,0.0,0.0,0.0,9.0,4.0,0.0,0.0,0.0,0.0,0.0,0.0,0.0,0.0,3.0,12.0,1.0,12.17,5.01,2.51,1.49,0.0,0.0,0.0,130.3,0.0,-0.9,-0.4,-1.9,-169.60000000000002,0.0,0.0,169.60000000000002,0.0,21.4,29.0,29.0,29.9,300.0,300.0,31.8,35.800000000000004,28.9,28.1,30.0,4.96,1.99,4.96,0.16,0.0,0.0,1027.0,8228.0,0.0,0.0,0.0,0.0,0.0,1.0,0.0,0.0,0.0,0.0,0.0,-1.9,0.0,1.5,0.0,0.0,16.0,25903.0
2026-07-30T19:02:44.570Z,334.053,334.068,0.0,7.4,0.0,0.0,0.0,0.0,0.0,0.0,0.0,0.0,1.0,0.0,0.0,0.0,9.0,4.0,0.0,0.0,0.0,0.0,0.0,0.0,0.0,0.0,3.0,12.0,1.0,12.17,5.01,2.51,1.49,0.0,0.0,0.0,130.20000000000002,0.0,-0.3,0.0,-0.1,-169.60000000000002,0.0,0.0,169.60000000000002,0.0,21.4,29.0,29.0,29.9,300.0,300.0,31.8,35.800000000000004,28.9,28.1,30.0,4.96,1.99,4.97,0.15,0.0,0.0,1027.0,8228.0,0.0,0.0,0.0,0.0,0.0,1.0,0.0,0.0,0.0,0.0,0.0,0.0,0.0,0.1,0.0,0.0,16.0,25903.0
2026-07-30T19:02:44.582Z,334.065,334.08,0.0,7.4,0.0,0.0,0.0,0.0,0.0,0.0,0.0,0.0,1.0,0.0,0.0,0.0,9.0,4.0,0.0,0.0,0.0,0.0,0.0,0.0,0.0,0.0,5.0,12.0,1.0,12.17,5.01,2.51,1.49,0.0,0.0,0.0,130.0,0.0,0.2,0.6000000000000001,1.0,-169.60000000000002,0.0,0.0,169.60000000000002,0.0,21.4,29.0,29.0,29.9,300.0,300.0,31.8,35.800000000000004,28.9,28.1,30.0,4.95,1.99,4.97,0.16,0.0,0.0,1027.0,8228.0,0.0,0.0,0.0,0.0,0.0,1.0,0.0,0.0,0.0,0.0,0.0,1.5,0.0,-0.7000000000000001,0.0,0.0,16.0,25903.0
2026-07-30T19:02:44.594Z,334.077,334.092,0.0,7.4,0.0,0.0,0.0,0.0,0.0,0.0,0.0,0.0,1.0,0.0,0.0,0.0,9.0,4.0,0.0,0.0,0.0,0.0,0.0,0.0,0.0,0.0,6.0,12.0,1.0,12.17,5.01,2.51,1.49,0.0,0.0,0.0,130.0,0.0,-0.3,0.6000000000000001,-0.1,-169.60000000000002,0.0,0.0,169.70000000000002,0.0,21.4,29.0,29.0,29.9,300.0,300.0,31.8,35.800000000000004,28.9,28.1,30.0,4.96,1.99,4.97,0.16,0.0,0.0,1027.0,8228.0,0.0,0.0,0.0,0.0,0.0,1.0,0.0,0.0,0.0,0.0,0.0,0.6000000000000001,0.0,0.2,0.0,0.0,16.0,25903.0
2026-07-30T19:02:44.606Z,334.089,334.104,0.0,7.4,0.0,0.0,0.0,0.0,0.0,0.0,0.0,0.0,1.0,0.0,0.0,0.0,9.0,4.0,0.0,0.0,0.0,0.0,0.0,0.0,0.0,0.0,1.0,12.0,1.0,12.17,5.01,2.51,1.49,0.0,0.0,0.0,129.8,0.0,0.1,0.6000000000000001,-0.1,-169.60000000000002,0.0,0.0,169.70000000000002,0.0,21.4,29.0,29.0,29.9,300.0,300.0,31.8,35.800000000000004,28.9,28.1,30.0,4.96,2.0,4.96,0.16,0.0,0.0,1027.0,8228.0,0.0,0.0,0.0,0.0,0.0,1.0,0.0,0.0,0.0,0.0,0.0,0.6000000000000001,0.0,0.2,0.0,0.0,16.0,25903.0
2026-07-30T19:02:44.618Z,334.101,334.116,0.0,7.4,0.0,0.0,0.0,0.0,0.0,0.0,0.0,0.0,1.0,0.0,0.0,0.0,9.0,4.0,0.0,0.0,0.0,0.0,0.0,0.0,0.0,0.0,2.0,12.0,1.0,12.17,5.01,2.51,1.49,0.0,0.0,0.0,129.6,0.0,0.7000000000000001,0.0,1.6,-169.60000000000002,0.0,0.0,169.70000000000002,0.0,21.4,29.0,29.0,29.9,300.0,300.0,31.8,35.800000000000004,28.9,28.1,30.0,4.96,1.99,4.97,0.16,0.0,0.0,1027.0,8228.0,0.0,0.0,0.0,0.0,0.0,1.0,0.0,0.0,0.0,0.0,0.0,1.3,0.0,-1.4,0.0,0.0,16.0,25903.0
2026-07-30T19:02:44.630Z,334.113,334.128,0.0,7.4,0.0,0.0,0.0,0.0,0.0,0.0,0.0,0.0,1.0,0.0,0.0,0.0,9.0,4.0,0.0,0.0,0.0,0.0,0.0,0.0,0.0,0.0,3.0,12.0,1.0,12.17,5.01,2.51,1.49,0.0,0.0,0.0,129.6,0.0,0.2,0.6000000000000001,-1.9,-169.60000000000002,0.0,0.0,169.60000000000002,0.0,21.4,29.0,29.0,29.9,300.0,300.0,31.8,35.800000000000004,28.9,28.1,30.0,4.95,2.0,4.97,0.16,0.0,0.0,1027.0,8228.0,0.0,0.0,0.0,0.0,0.0,1.0,0.0,0.0,0.0,0.0,0.0,-0.6000000000000001,0.0,1.8,0.0,0.0,16.0,25903.0
2026-07-30T19:02:44.642Z,334.125,334.14,0.0,7.4,0.0,0.0,0.0,0.0,0.0,0.0,0.0,0.0,1.0,0.0,0.0,0.0,9.0,4.0,0.0,0.0,0.0,0.0,0.0,0.0,0.0,0.0,5.0,12.0,1.0,12.15,5.01,2.51,1.49,0.0,0.0,0.0,129.5,0.0,-0.3,-0.4,-0.1,-169.60000000000002,0.0,0.0,169.60000000000002,0.0,21.8,29.0,29.0,29.9,300.0,300.0,31.8,35.800000000000004,28.9,28.1,30.0,4.96,2.0,4.96,0.16,0.0,0.0,1027.0,8228.0,0.0,0.0,0.0,0.0,0.0,1.0,0.0,0.0,0.0,0.0,0.0,-0.6000000000000001,0.0,0.0,0.0,0.0,16.0,25903.0
2026-07-30T19:02:44.654Z,334.137,334.152,0.0,7.4,0.0,0.0,0.0,0.0,0.0,0.0,0.0,0.0,1.0,0.0,0.0,0.0,9.0,4.0,0.0,0.0,0.0,0.0,0.0,0.0,0.0,0.0,6.0,12.0,1.0,12.15,5.01,2.51,1.49,0.0,0.1,0.0,129.4,0.0,-0.3,-0.5,0.4,-169.60000000000002,0.0,0.0,169.70000000000002,0.0,21.8,29.0,29.0,29.9,300.0,300.0,31.8,35.800000000000004,28.9,28.1,30.0,4.95,1.99,4.97,0.16,0.0,0.0,1027.0,8228.0,0.0,0.0,0.0,0.0,0.0,1.0,0.0,0.0,0.0,0.0,0.0,-0.2,0.0,-0.5,0.0,0.0,16.0,25903.0
2026-07-30T19:02:44.666Z,334.149,334.164,0.0,7.4,0.0,0.0,0.0,0.0,0.0,0.0,0.0,0.0,1.0,0.0,0.0,0.0,9.0,4.0,0.0,0.0,0.0,0.0,0.0,0.0,0.0,0.0,1.0,12.0,1.0,12.15,5.01,2.51,1.49,0.0,0.1,0.0,129.3,0.0,0.2,-0.5,0.4,-169.60000000000002,0.0,0.0,169.70000000000002,0.0,21.8,29.0,29.0,29.9,300.0,300.0,31.8,35.800000000000004,28.9,28.1,30.0,4.95,1.98,4.97,0.16,0.0,0.0,1027.0,8228.0,0.0,0.0,0.0,0.0,0.0,1.0,0.0,0.0,0.0,0.0,0.0,-0.2,0.0,-0.5,0.0,0.0,16.0,25903.0
2026-07-30T19:02:44.677Z,334.16,334.176,0.0,7.4,0.0,0.0,0.0,0.0,0.0,0.0,0.0,0.0,1.0,0.0,0.0,0.0,9.0,4.0,0.0,0.0,0.0,0.0,0.0,0.0,0.0,0.0,2.0,12.0,1.0,12.15,5.01,2.51,1.49,0.0,0.0,0.0,129.3,0.0,-0.3,0.6000000000000001,-0.1,-169.60000000000002,0.0,0.0,169.70000000000002,0.0,21.8,29.0,29.0,29.9,300.0,300.0,31.8,35.800000000000004,28.9,28.1,30.0,4.95,1.99,4.97,0.16,0.0,0.0,1027.0,8228.0,0.0,0.0,0.0,0.0,0.0,1.0,0.0,0.0,0.0,0.0,0.0,0.6000000000000001,0.0,0.2,0.0,0.0,16.0,25903.0
2026-07-30T19:02:44.690Z,334.173,334.188,0.0,7.4,0.0,0.0,0.0,0.0,0.0,0.0,0.0,0.0,1.0,0.0,0.0,0.0,9.0,4.0,0.0,0.0,0.0,0.0,0.0,0.0,0.0,0.0,4.0,12.0,1.0,12.15,5.01,2.51,1.49,0.0,0.0,0.0,129.5,0.0,0.2,-0.5,-1.2000000000000002,-169.60000000000002,0.0,0.0,169.60000000000002,0.0,21.8,29.0,29.0,29.9,300.0,300.0,31.8,35.800000000000004,28.9,28.1,30.0,4.95,1.99,4.96,0.16,0.0,0.0,1027.0,8228.0,0.0,0.0,0.0,0.0,0.0,1.0,0.0,0.0,0.0,0.0,0.0,-1.5,0.0,1.0,0.0,0.0,16.0,25903.0
2026-07-30T19:02:44.702Z,334.185,334.2,0.0,7.4,0.0,0.0,0.0,0.0,0.0,0.0,0.0,0.0,1.0,0.0,0.0,0.0,9.0,4.0,0.0,0.0,0.0,0.0,0.0,0.0,0.0,0.0,5.0,12.0,1.0,12.15,5.01,2.51,1.49,0.0,0.0,0.0,129.6,0.0,-0.3,-0.5,-1.3,-169.60000000000002,0.0,0.0,169.60000000000002,0.0,21.8,29.0,29.0,29.9,300.0,300.0,31.8,35.800000000000004,28.9,28.1,30.0,4.95,1.99,4.97,0.16,0.0,0.0,1027.0,8228.0,0.0,0.0,0.0,0.0,0.0,1.0,0.0,0.0,0.0,0.0,0.0,-1.5,0.0,1.0,0.0,0.0,16.0,25903.0
2026-07-30T19:02:44.714Z,334.197,334.212,0.0,7.4,0.0,0.0,0.0,0.0,0.0,0.0,0.0,0.0,1.0,0.0,0.0,0.0,9.0,4.0,0.0,0.0,0.0,0.0,0.0,0.0,0.0,0.0,6.0,12.0,1.0,12.15,5.01,2.51,1.49,0.0,0.0,0.0,129.8,0.0,-0.3,0.0,-0.1,-169.60000000000002,0.0,0.0,169.70000000000002,0.0,21.8,29.0,29.0,29.9,300.0,300.0,31.8,35.800000000000004,28.9,28.1,30.0,4.95,1.99,4.96,0.16,0.0,0.0,1027.0,8228.0,0.0,0.0,0.0,0.0,0.0,1.0,0.0,0.0,0.0,0.0,0.0,0.0,0.0,0.1,0.0,0.0,16.0,25903.0
2026-07-30T19:02:44.726Z,334.209,334.224,0.0,7.4,0.0,0.0,0.0,0.0,0.0,0.0,0.0,0.0,1.0,0.0,0.0,0.0,9.0,4.0,0.0,0.0,0.0,0.0,0.0,0.0,0.0,0.0,1.0,12.0,1.0,12.15,5.01,2.51,1.49,0.0,0.1,0.0,130.1,0.0,-0.3,1.8,1.0,-169.60000000000002,0.0,0.0,169.70000000000002,0.0,21.8,29.0,29.0,29.9,300.0,300.0,31.8,35.800000000000004,28.9,28.1,30.0,4.96,1.99,4.96,0.16,0.0,0.0,1027.0,8228.0,0.0,0.0,0.0,0.0,0.0,1.0,0.0,0.0,0.0,0.0,0.0,2.9000000000000004,0.0,-0.5,0.0,0.0,16.0,25903.0
2026-07-30T19:02:44.739Z,334.222,334.236,0.0,7.4,0.0,0.0,0.0,0.0,0.0,0.0,0.0,0.0,1.0,0.0,0.0,0.0,9.0,4.0,0.0,0.0,0.0,0.0,0.0,0.0,0.0,0.0,2.0,12.0,1.0,12.13,5.0200000000000005,2.51,1.49,0.0,0.1,0.0,130.20000000000002,0.0,0.2,0.1,-0.1,-169.60000000000002,0.0,0.0,169.70000000000002,0.0,21.700000000000003,29.0,29.0,29.9,300.0,300.0,31.8,35.800000000000004,28.9,28.1,30.0,4.95,1.99,4.97,0.16,0.0,0.0,1027.0,8228.0,0.0,0.0,0.0,0.0,0.0,1.0,0.0,0.0,0.0,0.0,0.0,0.0,0.0,0.1,0.0,0.0001,16.0,25903.0
2026-07-30T19:02:44.750Z,334.233,334.248,0.0,7.4,0.0,0.0,0.0,0.0,0.0,0.0,0.0,0.0,1.0,0.0,0.0,0.0,9.0,4.0,0.0,0.0,0.0,0.0,0.0,0.0,0.0,0.0,3.0,12.0,1.0,12.13,5.0200000000000005,2.51,1.49,0.0,0.0,0.0,130.4,0.0,0.3,-0.4,0.4,-169.60000000000002,0.0,0.0,169.70000000000002,0.0,21.700000000000003,29.0,29.0,29.9,300.0,300.0,31.8,35.800000000000004,28.9,28.1,30.0,4.96,1.99,4.97,0.16,0.0,0.0,1027.0,8228.0,0.0,0.0,0.0,0.0,0.0,1.0,0.0,0.0,0.0,0.0,0.0,-0.1,0.0,-0.4,0.0,0.0,16.0,25903.0
2026-07-30T19:02:44.762Z,334.245,334.26,0.0,7.4,0.0,0.0,0.0,0.0,0.0,0.0,0.0,0.0,1.0,0.0,0.0,0.0,9.0,4.0,0.0,0.0,0.0,0.0,0.0,0.0,0.0,0.0,5.0,12.0,1.0,12.13,5.0200000000000005,2.51,1.49,0.0,0.1,0.0,130.6,0.0,0.3,0.1,0.0,-169.60000000000002,0.0,0.0,169.60000000000002,0.0,21.700000000000003,29.0,29.0,29.9,300.0,300.0,31.8,35.800000000000004,28.9,28.1,30.0,4.96,1.99,4.96,0.16,0.0,0.0,1027.0,8228.0,0.0,0.0,0.0,0.0,0.0,1.0,0.0,0.0,0.0,0.0,0.0,0.1,0.0,0.1,0.0,0.0,16.0,25903.0
2026-07-30T19:02:44.774Z,334.257,334.272,0.0,7.4,0.0,0.0,0.0,0.0,0.0,0.0,0.0,0.0,1.0,0.0,0.0,0.0,9.0,4.0,0.0,0.0,0.0,0.0,0.0,0.0,0.0,0.0,6.0,12.0,1.0,12.13,5.0200000000000005,2.51,1.49,0.0,0.0,0.0,130.8,0.0,0.8,0.1,-0.1,-169.60000000000002,0.0,0.0,169.70000000000002,0.0,21.700000000000003,29.0,29.0,29.9,300.0,300.0,31.8,35.800000000000004,28.9,28.1,30.0,4.95,1.99,4.96,0.16,0.0,0.0,1027.0,8228.0,0.0,0.0,0.0,0.0,0.0,1.0,0.0,0.0,0.0,0.0,0.0,0.0,0.0,0.1,0.0,0.0,16.0,25903.0
2026-07-30T19:02:44.786Z,334.269,334.284,0.0,7.4,0.0,0.0,0.0,0.0,0.0,0.0,0.0,0.0,1.0,0.0,0.0,0.0,9.0,4.0,0.0,0.0,0.0,0.0,0.0,0.0,0.0,0.0,6.0,12.0,1.0,12.13,5.0200000000000005,2.51,1.49,0.0,0.0,0.0,131.0,0.0,-0.2,-0.9,-1.3,-169.60000000000002,0.0,0.0,169.70000000000002,0.0,21.700000000000003,29.0,29.0,29.9,300.0,300.0,31.8,35.800000000000004,28.9,28.1,30.0,4.96,1.99,4.97,0.16,0.0,0.0,1027.0,8228.0,0.0,0.0,0.0,0.0,0.0,1.0,0.0,0.0,0.0,0.0,0.0,-2.0,0.0,0.9,0.0,0.0,16.0,25903.0
2026-07-30T19:02:44.798Z,334.281,334.296,0.0,7.4,0.0,0.0,0.0,0.0,0.0,0.0,0.0,0.0,1.0,0.0,0.0,0.0,9.0,4.0,0.0,0.0,0.0,0.0,0.0,0.0,0.0,0.0,2.0,12.0,1.0,12.13,5.0200000000000005,2.51,1.49,0.0,0.0,0.0,131.20000000000002,0.0,-0.2,-0.9,-0.1,-169.60000000000002,0.0,0.0,169.70000000000002,0.0,21.700000000000003,29.0,29.0,29.9,300.0,300.0,31.8,35.800000000000004,28.9,28.1,30.0,4.96,1.99,4.97,0.16,0.0,0.0,1027.0,8228.0,0.0,0.0,0.0,0.0,0.0,1.0,0.0,0.0,0.0,0.0,0.0,-1.1,0.0,-0.1,0.0,0.0,16.0,25903.0
2026-07-30T19:02:44.810Z,334.293,334.308,0.0,7.4,0.0,0.0,0.0,0.0,0.0,0.0,0.0,0.0,1.0,0.0,0.0,0.0,9.0,4.0,0.0,0.0,0.0,0.0,0.0,0.0,0.0,0.0,3.0,12.0,1.0,12.13,5.0200000000000005,2.51,1.49,0.0,0.0,0.0,131.4,0.0,0.3,-0.9,-1.3,-169.60000000000002,0.0,0.0,169.8,0.0,21.700000000000003,29.0,29.0,29.9,300.0,300.0,31.8,35.800000000000004,28.9,28.1,30.0,4.96,1.99,4.97,0.16,0.0,0.0,1027.0,8228.0,0.0,0.0,0.0,0.0,0.0,1.0,0.0,0.0,0.0,0.0,0.0,-2.0,0.0,0.9,0.0,0.0,16.0,25903.0
2026-07-30T19:02:44.822Z,334.305,334.32,0.0,7.4,0.0,0.0,0.0,0.0,0.0,0.0,0.0,0.0,1.0,0.0,0.0,0.0,9.0,4.0,0.0,0.0,0.0,0.0,0.0,0.0,0.0,0.0,4.0,12.0,1.0,12.13,5.0200000000000005,2.51,1.49,0.0,0.0,0.0,130.9,0.0,-0.2,0.1,-0.7000000000000001,-169.60000000000002,0.0,0.0,169.60000000000002,0.0,21.700000000000003,29.0,29.0,29.9,300.0,300.0,31.8,35.800000000000004,28.9,28.1,30.0,4.95,1.99,4.97,0.16,0.0,0.0,1027.0,8228.0,0.0,0.0,0.0,0.0,0.0,1.0,0.0,0.0,0.0,0.0,0.0,-0.3,0.0,0.6000000000000001,0.0,0.0001,16.0,25903.0
2026-07-30T19:02:44.833Z,334.316,334.332,0.0,7.4,0.0,0.0,0.0,0.0,0.0,0.0,0.0,0.0,1.0,0.0,0.0,0.0,9.0,4.0,0.0,0.0,0.0,0.0,0.0,0.0,0.0,0.0,5.0,12.0,1.0,12.13,5.0200000000000005,2.51,1.49,0.0,0.0,0.0,130.4,0.0,0.3,0.7000000000000001,-0.1,-169.60000000000002,0.0,0.0,169.8,0.0,21.700000000000003,29.0,29.0,29.9,300.0,300.0,31.8,35.800000000000004,28.9,28.1,30.0,4.96,1.99,4.96,0.16,0.0,0.0,1027.0,8228.0,0.0,0.0,0.0,0.0,0.0,1.0,0.0,0.0,0.0,0.0,0.0,0.7000000000000001,0.0,0.3,0.0,0.0001,16.0,25903.0
2026-07-30T19:02:44.846Z,334.329,334.344,0.0,7.4,0.0,0.0,0.0,0.0,0.0,0.0,0.0,0.0,1.0,0.0,0.0,0.0,9.0,4.0,0.0,0.0,0.0,0.0,0.0,0.0,0.0,0.0,6.0,12.0,1.0,12.15,5.01,2.51,1.49,0.0,0.0,0.0,129.8,0.0,-0.2,-0.4,-0.1,-169.60000000000002,0.0,0.0,169.70000000000002,0.0,21.700000000000003,29.0,29.0,29.9,300.0,300.0,31.6,35.7,28.9,28.1,30.0,4.95,1.99,4.96,0.16,0.0,0.0,1027.0,8228.0,0.0,0.0,0.0,0.0,0.0,1.0,0.0,0.0,0.0,0.0,0.0,-0.6000000000000001,0.0,0.0,0.0,0.0,16.0,25903.0
2026-07-30T19:02:44.858Z,334.341,334.356,0.0,7.4,0.0,0.0,0.0,0.0,0.0,0.0,0.0,0.0,1.0,0.0,0.0,0.0,9.0,4.0,0.0,0.0,0.0,0.0,0.0,0.0,0.0,0.0,1.0,12.0,1.0,12.15,5.01,2.51,1.49,0.0,0.2,0.0,129.3,0.0,-0.2,0.7000000000000001,0.4,-169.60000000000002,0.0,0.0,169.60000000000002,0.0,21.700000000000003,29.0,29.0,29.9,300.0,300.0,31.6,35.7,28.9,28.1,30.0,4.95,1.99,4.97,0.16,0.0,0.0,1027.0,8228.0,0.0,0.0,0.0,0.0,0.0,1.0,0.0,0.0,0.0,0.0,0.0,1.2000000000000002,0.0,-0.2,0.0,0.0,16.0,25903.0
2026-07-30T19:02:44.870Z,334.353,334.368,0.0,7.4,0.0,0.0,0.0,0.0,0.0,0.0,0.0,0.0,1.0,0.0,0.0,0.0,9.0,4.0,0.0,0.0,0.0,0.0,0.0,0.0,0.0,0.0,3.0,12.0,1.0,12.15,5.01,2.51,1.49,0.0,0.0,0.0,128.5,0.0,-0.1,-0.3,-0.7000000000000001,-169.60000000000002,0.0,0.0,169.60000000000002,0.0,21.700000000000003,29.0,29.0,29.9,300.0,300.0,31.6,35.7,28.9,28.1,30.0,4.95,1.99,4.97,0.16,0.0,0.0,1027.0,8228.0,0.0,0.0,0.0,0.0,0.0,1.0,0.0,0.0,0.0,0.0,0.0,-0.9,0.0,0.5,0.0,0.0001,16.0,25903.0
2026-07-30T19:02:44.882Z,334.365,334.38,0.0,7.4,0.0,0.0,0.0,0.0,0.0,0.0,0.0,0.0,1.0,0.0,0.0,0.0,9.0,4.0,0.0,0.0,0.0,0.0,0.0,0.0,0.0,0.0,4.0,12.0,1.0,12.15,5.01,2.51,1.49,0.0,0.1,0.0,127.7,0.0,-0.2,-1.5,-0.8,-169.60000000000002,0.0,0.0,169.70000000000002,0.0,21.700000000000003,29.0,29.0,29.9,300.0,300.0,31.6,35.7,28.9,28.1,30.0,4.96,1.99,4.96,0.16,0.0,0.0,1027.0,8228.0,0.0,0.0,0.0,0.0,0.0,1.0,0.0,0.0,0.0,0.0,0.0,-2.3000000000000003,0.0,0.3,0.0,0.0,16.0,25903.0
2026-07-30T19:02:44.894Z,334.377,334.392,0.0,7.4,0.0,0.0,0.0,0.0,0.0,0.0,0.0,0.0,1.0,0.0,0.0,0.0,9.0,4.0,0.0,0.0,0.0,0.0,0.0,0.0,0.0,0.0,5.0,12.0,1.0,12.15,5.01,2.51,1.49,0.0,0.1,0.0,126.9,0.0,0.9,-0.4,-0.2,-169.60000000000002,0.0,0.0,169.70000000000002,0.0,21.700000000000003,29.0,29.0,29.9,300.0,300.0,31.6,35.7,28.9,28.1,30.0,4.95,1.99,4.97,0.16,0.0,0.0,1027.0,8228.0,0.0,0.0,0.0,0.0,0.0,1.0,0.0,0.0,0.0,0.0,0.0,-0.6000000000000001,0.0,0.1,0.0,0.0,16.0,25903.0
2026-07-30T19:02:44.906Z,334.389,334.404,0.0,7.4,0.0,0.0,0.0,0.0,0.0,0.0,0.0,0.0,1.0,0.0,0.0,0.0,9.0,4.0,0.0,0.0,0.0,0.0,0.0,0.0,0.0,0.0,6.0,12.0,1.0,12.15,5.01,2.51,1.49,0.0,0.0,0.0,126.1,0.0,0.3,0.7000000000000001,-0.8,-169.60000000000002,0.0,0.0,169.60000000000002,0.0,21.700000000000003,29.0,29.0,29.9,300.0,300.0,31.6,35.7,28.9,28.1,30.0,4.95,2.0,4.96,0.16,0.0,0.0,1027.0,8228.0,0.0,0.0,0.0,0.0,0.0,1.0,0.0,0.0,0.0,0.0,0.0,0.2,0.0,0.9,0.0,0.0,16.0,25903.0
2026-07-30T19:02:44.918Z,334.401,334.416,0.0,7.4,0.0,0.0,0.0,0.0,0.0,0.0,0.0,0.0,1.0,0.0,0.0,0.0,9.0,4.0,0.0,0.0,0.0,0.0,0.0,0.0,0.0,0.0,1.0,12.0,1.0,12.15,5.01,2.51,1.49,0.0,0.0,0.0,125.4,0.0,0.9,0.7000000000000001,1.4,-169.60000000000002,0.0,0.0,169.60000000000002,0.0,21.700000000000003,29.0,29.0,29.9,300.0,300.0,31.6,35.7,28.9,28.1,30.0,4.96,1.99,4.96,0.16,0.0,0.0,1027.0,8228.0,0.0,0.0,0.0,0.0,0.0,1.0,0.0,0.0,0.0,0.0,0.0,0.8,0.0,1.0,0.0,0.0,16.0,25903.0
2026-07-30T19:02:44.930Z,334.413,334.428,0.0,7.4,0.0,0.0,0.0,0.0,0.0,0.0,0.0,0.0,1.0,0.0,0.0,0.0,9.0,4.0,0.0,0.0,0.0,0.0,0.0,0.0,0.0,0.0,2.0,12.0,1.0,12.15,5.01,2.51,1.49,0.0,0.0,0.0,124.5,0.0,0.3,-1.0,-0.2,-169.60000000000002,0.0,0.0,169.70000000000002,0.0,21.700000000000003,29.0,29.0,29.9,300.0,300.0,31.6,35.7,28.9,28.1,30.0,4.95,1.99,4.96,0.16,0.0,0.0,1027.0,8228.0,0.0,0.0,0.0,0.0,0.0,1.0,0.0,0.0,0.0,0.0,0.0,-1.7000000000000002,0.0,0.5,0.0,0.0,16.0,25903.0
2026-07-30T19:02:44.943Z,334.426,334.44,0.0,7.4,0.0,0.0,0.0,0.0,0.0,0.0,0.0,0.0,1.0,0.0,0.0,0.0,9.0,4.0,0.0,0.0,0.0,0.0,0.0,0.0,0.0,0.0,3.0,12.0,1.0,12.18,5.01,2.51,1.49,0.0,0.0,0.0,123.7,0.0,0.3,-0.4,-0.2,-169.60000000000002,0.0,0.0,169.70000000000002,0.0,21.200000000000003,29.0,29.0,29.9,300.0,300.0,31.6,35.800000000000004,28.9,28.1,30.0,4.95,1.99,4.97,0.16,0.0,0.0,1027.0,8228.0,0.0,0.0,0.0,0.0,0.0,1.0,0.0,0.0,0.0,0.0,0.0,-1.1,0.0,0.6000000000000001,0.0,0.0,16.0,25903.0
2026-07-30T19:02:44.954Z,334.437,334.452,0.0,7.4,0.0,0.0,0.0,0.0,0.0,0.0,0.0,0.0,1.0,0.0,0.0,0.0,9.0,4.0,0.0,0.0,0.0,0.0,0.0,0.0,0.0,0.0,5.0,12.0,1.0,12.18,5.01,2.51,1.49,0.0,0.0,0.0,123.0,0.0,0.3,-0.4,-0.2,-169.60000000000002,0.0,0.0,169.60000000000002,0.0,21.200000000000003,29.0,29.0,29.9,300.0,300.0,31.6,35.800000000000004,28.9,28.1,30.0,4.95,1.99,4.96,0.16,0.0,0.0,1027.0,8228.0,0.0,0.0,0.0,0.0,0.0,1.0,0.0,0.0,0.0,0.0,0.0,-1.6,0.0,1.1,0.0,0.0001,16.0,25903.0
2026-07-30T19:02:44.966Z,334.449,334.464,0.0,7.4,0.0,0.0,0.0,0.0,0.0,0.0,0.0,0.0,1.0,0.0,0.0,0.0,9.0,4.0,0.0,0.0,0.0,0.0,0.0,0.0,0.0,0.0,6.0,12.0,1.0,12.18,5.01,2.51,1.49,0.0,0.0,0.0,122.2,0.0,0.3,0.0,0.9,-169.60000000000002,0.0,0.0,169.70000000000002,0.0,21.200000000000003,29.0,29.0,29.9,300.0,300.0,31.6,35.800000000000004,28.9,28.1,30.0,4.96,1.99,4.96,0.16,0.0,0.0,1027.0,8228.0,0.0,0.0,0.0,0.0,0.0,1.0,0.0,0.0,0.0,0.0,0.0,0.7000000000000001,0.0,-0.8,0.0,0.0001,16.0,25903.0
2026-07-30T19:02:44.978Z,334.461,334.476,0.0,7.4,0.0,0.0,0.0,0.0,0.0,0.0,0.0,0.0,1.0,0.0,0.0,0.0,9.0,4.0,0.0,0.0,0.0,0.0,0.0,0.0,0.0,0.0,1.0,12.0,1.0,12.18,5.01,2.51,1.49,0.0,0.0,0.0,121.4,0.0,-0.2,-0.5,-0.7000000000000001,-169.60000000000002,0.0,0.0,169.70000000000002,0.0,21.200000000000003,29.0,29.0,29.9,300.0,300.0,31.6,35.800000000000004,28.9,28.1,30.0,4.95,1.99,4.97,0.16,0.0,0.0,1027.0,8228.0,0.0,0.0,0.0,0.0,0.0,1.0,0.0,0.0,0.0,0.0,0.0,-1.1,0.0,0.5,0.0,0.0,16.0,25903.0
2026-07-30T19:02:44.990Z,334.473,334.488,0.0,7.4,0.0,0.0,0.0,0.0,0.0,0.0,0.0,0.0,1.0,0.0,0.0,0.0,9.0,4.0,0.0,0.0,0.0,0.0,0.0,0.0,0.0,0.0,2.0,12.0,1.0,12.18,5.01,2.51,1.49,0.0,0.0,0.0,120.7,0.0,0.3,-0.5,0.3,-169.60000000000002,0.0,0.0,169.60000000000002,0.0,21.200000000000003,29.0,29.0,29.9,300.0,300.0,31.6,35.800000000000004,28.9,28.1,30.0,4.96,2.0,4.96,0.16,0.0,0.0,1027.0,8228.0,0.0,0.0,0.0,0.0,0.0,1.0,0.0,0.0,0.0,0.0,0.0,-0.3,0.0,-0.4,0.0,0.0,16.0,25903.0
2026-07-30T19:02:45.002Z,334.485,334.5,0.0,7.4,0.0,0.0,0.0,0.0,0.0,0.0,0.0,0.0,1.0,0.0,0.0,0.0,9.0,4.0,0.0,0.0,0.0,0.0,0.0,0.0,0.0,0.0,4.0,12.0,1.0,12.18,5.01,2.51,1.49,0.0,0.1,0.0,119.9,0.0,-0.2,0.0,-0.2,-169.60000000000002,0.0,0.0,169.60000000000002,0.0,21.200000000000003,29.0,29.0,29.9,300.0,300.0,31.6,35.800000000000004,28.9,28.1,30.0,4.96,2.0,4.97,0.16,0.0,0.0,1027.0,8228.0,0.0,0.0,0.0,0.0,0.0,1.0,0.0,0.0,0.0,0.0,0.0,-0.1,0.0,0.1,0.0,0.0,16.0,25903.0
2026-07-30T19:02:45.014Z,334.497,334.512,0.0,7.4,0.0,0.0,0.0,0.0,0.0,0.0,0.0,0.0,1.0,0.0,0.0,0.0,9.0,4.0,0.0,0.0,0.0,0.0,0.0,0.0,0.0,0.0,5.0,12.0,1.0,12.18,5.01,2.51,1.49,0.0,0.0,0.0,119.1,0.0,-0.2,-0.5,-0.7000000000000001,-169.60000000000002,0.0,0.0,169.70000000000002,0.0,21.200000000000003,29.0,29.0,29.9,300.0,300.0,31.6,35.800000000000004,28.9,28.1,30.0,4.95,1.99,4.97,0.16,0.0,0.0,1027.0,8228.0,0.0,0.0,0.0,0.0,0.0,1.0,0.0,0.0,0.0,0.0,0.0,-1.1,0.0,0.5,0.0,0.0,16.0,25903.0
2026-07-30T19:02:45.026Z,334.509,334.524,0.0,7.4,0.0,0.0,0.0,0.0,0.0,0.0,0.0,0.0,1.0,0.0,0.0,0.0,9.0,4.0,0.0,0.0,0.0,0.0,0.0,0.0,0.0,0.0,6.0,12.0,1.0,12.18,5.01,2.51,1.49,0.0,0.0,0.0,118.4,0.0,-0.2,-0.5,-0.1,-169.60000000000002,0.0,0.0,169.70000000000002,0.0,21.200000000000003,29.0,29.0,29.9,300.0,300.0,31.6,35.800000000000004,28.9,28.1,30.0,4.95,1.99,4.97,0.16,0.0,0.0,1027.0,8228.0,0.0,0.0,0.0,0.0,0.0,1.0,0.0,0.0,0.0,0.0,0.0,-0.7000000000000001,0.0,0.0,0.0,0.0,16.0,25903.0
2026-07-30T19:02:45.038Z,334.521,334.536,0.0,7.4,0.0,0.0,0.0,0.0,0.0,0.0,0.0,0.0,1.0,0.0,0.0,0.0,9.0,4.0,0.0,0.0,0.0,0.0,0.0,0.0,0.0,0.0,1.0,12.0,1.0,12.18,5.01,2.51,1.49,0.0,0.0,0.0,117.6,0.0,-0.2,-0.5,0.9,-169.60000000000002,0.0,0.0,169.70000000000002,0.0,21.200000000000003,29.0,29.0,29.9,300.0,300.0,31.6,35.800000000000004,28.9,28.1,30.0,4.96,1.99,4.96,0.16,0.0,0.0,1027.0,8228.0,0.0,0.0,0.0,0.0,0.0,1.0,0.0,0.0,0.0,0.0,0.0,0.0,0.0,-0.9,0.0,0.0,16.0,25903.0
2026-07-30T19:02:45.050Z,334.533,334.548,0.0,7.4,0.0,0.0,0.0,0.0,0.0,0.0,0.0,0.0,1.0,0.0,0.0,0.0,9.0,4.0,0.0,0.0,0.0,0.0,0.0,0.0,0.0,0.0,3.0,12.0,1.0,12.15,5.01,2.51,1.49,0.0,0.0,0.0,116.9,0.0,-0.8,-0.5,0.4,-169.60000000000002,0.0,0.0,169.60000000000002,0.0,21.4,29.0,29.0,29.9,300.0,300.0,31.6,35.800000000000004,28.9,28.1,30.0,4.96,1.99,4.96,0.16,0.0,0.0,1027.0,8228.0,0.0,0.0,0.0,0.0,0.0,1.0,0.0,0.0,0.0,0.0,0.0,-0.2,0.0,-0.5,0.0,0.0,16.0,25903.0
2026-07-30T19:02:45.062Z,334.545,334.56,0.0,7.4,0.0,0.0,0.0,0.0,0.0,0.0,0.0,0.0,1.0,0.0,0.0,0.0,9.0,4.0,0.0,0.0,0.0,0.0,0.0,0.0,0.0,0.0,4.0,12.0,1.0,12.15,5.01,2.51,1.49,0.0,0.0,0.0,116.1,0.0,0.3,1.2000000000000002,-0.1,-169.60000000000002,0.0,0.0,169.60000000000002,0.0,21.4,29.0,29.0,29.9,300.0,300.0,31.6,35.800000000000004,28.9,28.1,30.0,4.95,1.99,4.96,0.16,0.0,0.0,1027.0,8228.0,0.0,0.0,0.0,0.0,0.0,1.0,0.0,0.0,0.0,0.0,0.0,1.2000000000000002,0.0,0.4,0.0,0.0,16.0,25903.0
2026-07-30T19:02:45.074Z,334.557,334.572,0.0,7.4,0.0,0.0,0.0,0.0,0.0,0.0,0.0,0.0,1.0,0.0,0.0,0.0,9.0,4.0,0.0,0.0,0.0,0.0,0.0,0.0,0.0,0.0,5.0,12.0,1.0,12.15,5.01,2.51,1.49,0.0,0.0,0.0,115.4,0.0,1.4,0.0,1.0,-169.60000000000002,0.0,0.0,169.60000000000002,0.0,21.4,29.0,29.0,29.9,300.0,300.0,31.6,35.800000000000004,28.9,28.1,30.0,4.96,1.99,4.96,0.16,0.0,0.0,1027.0,8228.0,0.0,0.0,0.0,0.0,0.0,1.0,0.0,0.0,0.0,0.0,0.0,0.8,0.0,-0.9,0.0,0.0,16.0,25903.0
2026-07-30T19:02:45.086Z,334.569,334.584,0.0,7.4,0.0,0.0,0.0,0.0,0.0,0.0,0.0,0.0,1.0,0.0,0.0,0.0,9.0,4.0,0.0,0.0,0.0,0.0,0.0,0.0,0.0,0.0,1.0,12.0,1.0,12.15,5.01,2.51,1.49,0.0,0.0,0.0,114.7,0.0,0.2,-0.4,1.0,-169.60000000000002,0.0,0.0,169.70000000000002,0.0,21.4,29.0,29.0,29.9,300.0,300.0,31.6,35.800000000000004,28.9,28.1,30.0,4.95,1.99,4.97,0.16,0.0,0.0,1027.0,8228.0,0.0,0.0,0.0,0.0,0.0,1.0,0.0,0.0,0.0,0.0,0.0,0.1,0.0,-0.9,0.0,0.0,16.0,25903.0
2026-07-30T19:02:45.098Z,334.581,334.596,0.0,7.4,0.0,0.0,0.0,0.0,0.0,0.0,0.0,0.0,1.0,0.0,0.0,0.0,9.0,4.0,0.0,0.0,0.0,0.0,0.0,0.0,0.0,0.0,2.0,12.0,1.0,12.15,5.01,2.51,1.49,0.0,0.0,0.0,114.0,0.0,0.2,0.0,-0.1,-169.60000000000002,0.0,0.0,169.60000000000002,0.0,21.4,29.0,29.0,29.9,300.0,300.0,31.6,35.800000000000004,28.9,28.1,30.0,4.95,1.99,4.97,0.16,0.0,0.0,1027.0,8228.0,0.0,0.0,0.0,0.0,0.0,1.0,0.0,0.0,0.0,0.0,0.0,0.0,0.0,0.1,0.0,0.0,16.0,25903.0
2026-07-30T19:02:45.110Z,334.593,334.608,0.0,7.4,0.0,0.0,0.0,0.0,0.0,0.0,0.0,0.0,1.0,0.0,0.0,0.0,9.0,4.0,0.0,0.0,0.0,0.0,0.0,0.0,0.0,0.0,4.0,12.0,1.0,12.15,5.01,2.51,1.49,0.0,0.1,0.0,113.2,0.0,-0.3,0.0,0.4,-169.60000000000002,0.0,0.0,169.70000000000002,0.0,21.4,29.0,29.0,29.9,300.0,300.0,31.6,35.800000000000004,28.9,28.1,30.0,4.95,1.99,4.97,0.16,0.0,0.0,1027.0,8228.0,0.0,0.0,0.0,0.0,0.0,1.0,0.0,0.0,0.0,0.0,0.0,0.3,0.0,-0.3,0.0,0.0,16.0,25903.0
2026-07-30T19:02:45.122Z,334.605,334.62,0.0,7.4,0.0,0.0,0.0,0.0,0.0,0.0,0.0,0.0,1.0,0.0,0.0,0.0,9.0,4.0,0.0,0.0,0.0,0.0,0.0,0.0,0.0,0.0,5.0,12.0,1.0,12.15,5.01,2.51,1.49,0.0,0.0,0.0,112.5,0.0,-0.3,0.0,1.0,-169.60000000000002,0.0,0.0,169.70000000000002,0.0,21.4,29.0,29.0,29.9,300.0,300.0,31.6,35.800000000000004,28.9,28.1,30.0,4.96,1.99,4.96,0.16,0.0,0.0,1027.0,8228.0,0.0,0.0,0.0,0.0,0.0,1.0,0.0,0.0,0.0,0.0,0.0,0.8,0.0,-0.9,0.0,0.0,16.0,25903.0
2026-07-30T19:02:45.134Z,334.617,334.632,0.0,7.4,0.0,0.0,0.0,0.0,0.0,0.0,0.0,0.0,1.0,0.0,0.0,0.0,9.0,4.0,0.0,0.0,0.0,0.0,0.0,0.0,0.0,0.0,1.0,12.0,1.0,12.15,5.01,2.51,1.49,0.0,0.1,0.0,111.8,0.0,0.8,0.1,0.0,-169.60000000000002,0.0,0.0,169.8,0.0,21.4,29.0,29.0,29.9,300.0,300.0,31.6,35.800000000000004,28.9,28.1,30.0,4.95,1.99,4.97,0.16,0.0,0.0,1027.0,8228.0,0.0,0.0,0.0,0.0,0.0,1.0,0.0,0.0,0.0,0.0,0.0,0.0,0.0,0.1,0.0,0.0,16.0,25903.0
2026-07-30T19:02:45.147Z,334.63,334.644,0.0,7.4,0.0,0.0,0.0,0.0,0.0,0.0,0.0,0.0,1.0,0.0,0.0,0.0,9.0,4.0,0.0,0.0,0.0,0.0,0.0,0.0,0.0,0.0,2.0,12.0,1.0,12.15,5.01,2.5,1.49,0.0,0.1,0.0,111.1,0.0,-0.2,0.0,0.4,-169.60000000000002,0.0,0.0,169.70000000000002,0.0,20.9,29.0,29.0,29.9,300.0,300.0,31.700000000000003,35.800000000000004,28.9,28.1,30.0,4.95,1.99,4.96,0.16,0.0,0.0,1027.0,8228.0,0.0,0.0,0.0,0.0,0.0,1.0,0.0,0.0,0.0,0.0,0.0,0.4,0.0,-0.3,0.0,0.0001,16.0,25903.0
2026-07-30T19:02:45.158Z,334.641,334.656,0.0,7.4,0.0,0.0,0.0,0.0,0.0,0.0,0.0,0.0,1.0,0.0,0.0,0.0,9.0,4.0,0.0,0.0,0.0,0.0,0.0,0.0,0.0,0.0,4.0,12.0,1.0,12.15,5.01,2.5,1.49,0.0,0.0,0.0,110.4,0.0,0.3,0.6000000000000001,2.2,-169.60000000000002,0.0,0.0,169.70000000000002,0.0,20.9,29.0,29.0,29.9,300.0,300.0,31.700000000000003,35.800000000000004,28.9,28.1,30.0,4.95,1.99,4.96,0.16,0.0,0.0,1027.0,8228.0,0.0,0.0,0.0,0.0,0.0,1.0,0.0,0.0,0.0,0.0,0.0,2.4000000000000004,0.0,-1.8,0.0,0.0,16.0,25903.0
2026-07-30T19:02:45.170Z,334.653,334.668,0.0,7.4,0.0,0.0,0.0,0.0,0.0,0.0,0.0,0.0,1.0,0.0,0.0,0.0,9.0,4.0,0.0,0.0,0.0,0.0,0.0,0.0,0.0,0.0,5.0,12.0,1.0,12.15,5.01,2.5,1.49,0.0,0.0,0.0,109.7,0.0,-0.2,0.1,0.0,-169.60000000000002,0.0,0.0,169.70000000000002,0.0,20.9,29.0,29.0,29.9,300.0,300.0,31.700000000000003,35.800000000000004,28.9,28.1,30.0,4.95,1.99,4.96,0.16,0.0,0.0,1027.0,8228.0,0.0,0.0,0.0,0.0,0.0,1.0,0.0,0.0,0.0,0.0,0.0,0.0,0.0,0.1,0.0,0.0,16.0,25903.0
2026-07-30T19:02:45.182Z,334.665,334.68,0.0,7.4,0.0,0.0,0.0,0.0,0.0,0.0,0.0,0.0,1.0,0.0,0.0,0.0,9.0,4.0,0.0,0.0,0.0,0.0,0.0,0.0,0.0,0.0,1.0,12.0,1.0,12.15,5.01,2.5,1.49,0.0,0.0,0.0,109.0,0.0,0.3,0.0,-0.6000000000000001,-169.60000000000002,0.0,0.0,169.60000000000002,0.0,20.9,29.0,29.0,29.9,300.0,300.0,31.700000000000003,35.800000000000004,28.9,28.1,30.0,4.96,1.99,4.97,0.16,0.0,0.0,1027.0,8228.0,0.0,0.0,0.0,0.0,0.0,1.0,0.0,0.0,0.0,0.0,0.0,-0.4,0.0,0.6000000000000001,0.0,0.0,16.0,25903.0
2026-07-30T19:02:45.194Z,334.677,334.692,0.0,7.4,0.0,0.0,0.0,0.0,0.0,0.0,0.0,0.0,1.0,0.0,0.0,0.0,9.0,4.0,0.0,0.0,0.0,0.0,0.0,0.0,0.0,0.0,3.0,12.0,1.0,12.15,5.01,2.5,1.49,0.0,0.0,0.0,108.3,0.0,0.3,-0.5,-0.6000000000000001,-169.60000000000002,0.0,0.0,169.70000000000002,0.0,20.9,29.0,29.0,29.9,300.0,300.0,31.700000000000003,35.800000000000004,28.9,28.1,30.0,4.96,1.99,4.96,0.16,0.0,0.0,1027.0,8228.0,0.0,0.0,0.0,0.0,0.0,1.0,0.0,0.0,0.0,0.0,0.0,-1.0,0.0,0.4,0.0,0.0001,16.0,25903.0
2026-07-30T19:02:45.205Z,334.688,334.704,0.0,7.4,0.0,0.0,0.0,0.0,0.0,0.0,0.0,0.0,1.0,0.0,0.0,0.0,9.0,4.0,0.0,0.0,0.0,0.0,0.0,0.0,0.0,0.0,4.0,12.0,1.0,12.15,5.01,2.5,1.49,0.0,0.1,0.0,107.6,0.0,0.3,0.0,-0.1,-169.60000000000002,0.0,0.0,169.70000000000002,0.0,20.9,29.0,29.0,29.9,300.0,300.0,31.700000000000003,35.800000000000004,28.9,28.1,30.0,4.96,1.99,4.96,0.16,0.0,0.0,1027.0,8228.0,0.0,0.0,0.0,0.0,0.0,1.0,0.0,0.0,0.0,0.0,0.0,0.0,0.0,0.1,0.0,0.0,16.0,25903.0
2026-07-30T19:02:45.218Z,334.701,334.716,0.0,7.4,0.0,0.0,0.0,0.0,0.0,0.0,0.0,0.0,1.0,0.0,0.0,0.0,9.0,4.0,0.0,0.0,0.0,0.0,0.0,0.0,0.0,0.0,5.0,12.0,1.0,12.15,5.01,2.5,1.49,0.0,0.0,0.0,107.0,0.0,-0.2,-1.0,-0.7000000000000001,-169.60000000000002,0.0,0.0,169.70000000000002,0.0,20.9,29.0,29.0,29.9,300.0,300.0,31.700000000000003,35.800000000000004,28.9,28.1,30.0,4.95,1.99,4.96,0.16,0.0,0.0,1027.0,8228.0,0.0,0.0,0.0,0.0,0.0,1.0,0.0,0.0,0.0,0.0,0.0,-1.7000000000000002,0.0,0.4,0.0,0.0,16.0,25903.0
2026-07-30T19:02:45.230Z,334.713,334.728,0.0,7.4,0.0,0.0,0.0,0.0,0.0,0.0,0.0,0.0,1.0,0.0,0.0,0.0,9.0,4.0,0.0,0.0,0.0,0.0,0.0,0.0,0.0,0.0,1.0,12.0,1.0,12.15,5.01,2.5,1.49,0.0,0.0,0.0,106.2,0.0,-0.2,1.2000000000000002,0.4,-169.60000000000002,0.0,0.0,169.70000000000002,0.0,20.9,29.0,29.0,29.9,300.0,300.0,31.700000000000003,35.800000000000004,28.9,28.1,30.0,4.96,1.99,4.96,0.16,0.0,0.0,1027.0,8228.0,0.0,0.0,0.0,0.0,0.0,1.0,0.0,0.0,0.0,0.0,0.0,1.7000000000000002,0.0,0.0,0.0,0.0,16.0,25903.0
2026-07-30T19:02:45.242Z,334.725,334.74,0.0,7.4,0.0,0.0,0.0,0.0,0.0,0.0,0.0,0.0,1.0,0.0,0.0,0.0,9.0,4.0,0.0,0.0,0.0,0.0,0.0,0.0,0.0,0.0,3.0,12.0,1.0,12.15,5.01,2.5,1.49,0.0,0.1,0.0,105.5,0.0,0.2,0.6000000000000001,-0.7000000000000001,-169.60000000000002,0.0,0.0,169.60000000000002,0.0,20.9,29.0,29.0,29.9,300.0,300.0,31.700000000000003,35.800000000000004,28.9,28.1,30.0,4.96,1.99,4.96,0.16,0.0,0.0,1027.0,8228.0,0.0,0.0,0.0,0.0,0.0,1.0,0.0,0.0,0.0,0.0,0.0,0.1,0.0,0.8,0.0,0.0,16.0,25903.0
2026-07-30T19:02:45.254Z,334.737,334.752,0.0,7.4,0.0,0.0,0.0,0.0,0.0,0.0,0.0,0.0,1.0,0.0,0.0,0.0,9.0,4.0,0.0,0.0,0.0,0.0,0.0,0.0,0.0,0.0,4.0,12.0,1.0,12.15,5.01,2.51,1.49,0.0,0.0,0.0,104.9,0.0,0.3,-0.5,-0.1,-169.60000000000002,0.0,0.0,169.60000000000002,0.0,21.700000000000003,29.0,29.0,29.9,300.0,300.0,31.8,35.7,28.9,28.1,30.0,4.96,1.99,4.96,0.17,0.0,0.0,1027.0,8228.0,0.0,0.0,0.0,0.0,0.0,1.0,0.0,0.0,0.0,0.0,0.0,-0.6000000000000001,0.0,0.0,0.0,0.0,16.0,25903.0
2026-07-30T19:02:45.266Z,334.749,334.764,0.0,7.4,0.0,0.0,0.0,0.0,0.0,0.0,0.0,0.0,1.0,0.0,0.0,0.0,9.0,4.0,0.0,0.0,0.0,0.0,0.0,0.0,0.0,0.0,6.0,12.0,1.0,12.15,5.01,2.51,1.49,0.0,0.0,0.0,104.2,0.0,0.3,0.0,0.4,-169.60000000000002,0.0,0.0,169.70000000000002,0.0,21.700000000000003,29.0,29.0,29.9,300.0,300.0,31.8,35.7,28.9,28.1,30.0,4.95,1.99,4.97,0.16,0.0,0.0,1027.0,8228.0,0.0,0.0,0.0,0.0,0.0,1.0,0.0,0.0,0.0,0.0,0.0,0.4,0.0,-0.3,0.0,0.0,16.0,25903.0
2026-07-30T19:02:45.277Z,334.76,334.776,0.0,7.4,0.0,0.0,0.0,0.0,0.0,0.0,0.0,0.0,1.0,0.0,0.0,0.0,9.0,4.0,0.0,0.0,0.0,0.0,0.0,0.0,0.0,0.0,1.0,12.0,1.0,12.15,5.01,2.51,1.49,0.0,0.0,0.0,103.5,0.0,0.3,-0.5,1.0,-169.60000000000002,0.0,0.0,169.60000000000002,0.0,21.700000000000003,29.0,29.0,29.9,300.0,300.0,31.8,35.7,28.9,28.1,30.0,4.96,1.99,4.96,0.16,0.0,0.0,1027.0,8228.0,0.0,0.0,0.0,0.0,0.0,1.0,0.0,0.0,0.0,0.0,0.0,0.1,0.0,-1.0,0.0,0.0,16.0,25903.0
2026-07-30T19:02:45.290Z,334.773,334.788,0.0,7.4,0.0,0.0,0.0,0.0,0.0,0.0,0.0,0.0,1.0,0.0,0.0,0.0,9.0,4.0,0.0,0.0,0.0,0.0,0.0,0.0,0.0,0.0,2.0,12.0,1.0,12.15,5.01,2.51,1.49,0.0,0.1,0.0,102.9,0.0,-0.8,-0.5,-0.7000000000000001,-169.60000000000002,0.0,0.0,169.60000000000002,0.0,21.700000000000003,29.0,29.0,29.9,300.0,300.0,31.8,35.7,28.9,28.1,30.0,4.96,1.99,4.97,0.16,0.0,0.0,1027.0,8228.0,0.0,0.0,0.0,0.0,0.0,1.0,0.0,0.0,0.0,0.0,0.0,-1.1,0.0,0.5,0.0,0.0,16.0,25903.0
2026-07-30T19:02:45.302Z,334.785,334.8,0.0,7.4,0.0,0.0,0.0,0.0,0.0,0.0,0.0,0.0,1.0,0.0,0.0,0.0,9.0,4.0,0.0,0.0,0.0,0.0,0.0,0.0,0.0,0.0,3.0,12.0,1.0,12.15,5.01,2.51,1.49,0.0,0.0,0.0,102.2,0.0,0.8,1.2000000000000002,2.2,-169.60000000000002,0.0,0.0,169.70000000000002,0.0,21.700000000000003,29.0,29.0,29.9,300.0,300.0,31.8,35.7,28.9,28.1,30.0,4.95,2.0,4.97,0.16,0.0,0.0,1027.0,8228.0,0.0,0.0,0.0,0.0,0.0,1.0,0.0,0.0,0.0,0.0,0.0,3.0,0.0,-1.6,0.0,0.0,16.0,25903.0
2026-07-30T19:02:45.314Z,334.797,334.812,0.0,7.4,0.0,0.0,0.0,0.0,0.0,0.0,0.0,0.0,1.0,0.0,0.0,0.0,9.0,4.0,0.0,0.0,0.0,0.0,0.0,0.0,0.0,0.0,4.0,12.0,1.0,12.15,5.01,2.51,1.49,0.0,0.1,0.0,101.7,0.0,0.3,-1.0,0.0,-169.60000000000002,0.0,0.0,169.60000000000002,0.0,21.700000000000003,29.0,29.0,29.9,300.0,300.0,31.8,35.7,28.9,28.1,30.0,4.96,2.0,4.97,0.16,0.0,0.0,1027.0,8228.0,0.0,0.0,0.0,0.0,0.0,1.0,0.0,0.0,0.0,0.0,0.0,-1.2000000000000002,0.0,-0.1,0.0,0.0,16.0,25903.0
2026-07-30T19:02:45.326Z,334.809,334.824,0.0,7.4,0.0,0.0,0.0,0.0,0.0,0.0,0.0,0.0,1.0,0.0,0.0,0.0,9.0,4.0,0.0,0.0,0.0,0.0,0.0,0.0,0.0,0.0,6.0,12.0,1.0,12.15,5.01,2.51,1.49,0.0,0.0,0.0,100.9,0.0,0.3,0.0,-0.1,-169.60000000000002,0.0,0.0,169.60000000000002,0.0,21.700000000000003,29.0,29.0,29.9,300.0,300.0,31.8,35.7,28.9,28.1,30.0,4.96,1.99,4.96,0.16,0.0,0.0,1027.0,8228.0,0.0,0.0,0.0,0.0,0.0,1.0,0.0,0.0,0.0,0.0,0.0,0.0,0.0,0.1,0.0,0.0,16.0,25903.0
2026-07-30T19:02:45.338Z,334.821,334.836,0.0,7.4,0.0,0.0,0.0,0.0,0.0,0.0,0.0,0.0,1.0,0.0,0.0,0.0,9.0,4.0,0.0,0.0,0.0,0.0,0.0,0.0,0.0,0.0,1.0,12.0,1.0,12.15,5.01,2.51,1.49,0.0,0.0,0.0,100.2,0.0,0.2,0.6000000000000001,1.5,-169.60000000000002,0.0,0.0,169.60000000000002,0.0,21.700000000000003,29.0,29.0,29.9,300.0,300.0,31.8,35.7,28.9,28.1,30.0,4.96,1.99,4.97,0.16,0.0,0.0,1027.0,8228.0,0.0,0.0,0.0,0.0,0.0,1.0,0.0,0.0,0.0,0.0,0.0,1.8,0.0,-1.2000000000000002,0.0,0.0,16.0,25903.0
2026-07-30T19:02:45.351Z,334.834,334.848,0.0,7.4,0.0,0.0,0.0,0.0,0.0,0.0,0.0,0.0,1.0,0.0,0.0,0.0,9.0,4.0,0.0,0.0,0.0,0.0,0.0,0.0,0.0,0.0,1.0,12.0,1.0,12.19,5.0200000000000005,2.51,1.49,0.0,0.0,0.0,99.7,0.0,-0.8,0.6000000000000001,0.4,-169.60000000000002,0.0,0.0,169.60000000000002,0.0,21.8,29.0,29.0,29.9,300.0,300.0,31.700000000000003,35.800000000000004,28.9,28.1,30.0,4.95,2.0,4.97,0.16,0.0,0.0,1027.0,8228.0,0.0,0.0,0.0,0.0,0.0,1.0,0.0,0.0,0.0,0.0,0.0,1.0,0.0,-0.2,0.0,0.0,16.0,25903.0
2026-07-30T19:02:45.362Z,334.845,334.86,0.0,7.4,0.0,0.0,0.0,0.0,0.0,0.0,0.0,0.0,1.0,0.0,0.0,0.0,9.0,4.0,0.0,0.0,0.0,0.0,0.0,0.0,0.0,0.0,2.0,12.0,1.0,12.19,5.0200000000000005,2.51,1.49,0.0,0.0,0.0,99.0,0.0,0.3,0.0,-0.7000000000000001,-169.60000000000002,0.0,0.0,169.60000000000002,0.0,21.8,29.0,29.0,29.9,300.0,300.0,31.700000000000003,35.800000000000004,28.9,28.1,30.0,4.96,2.0,4.97,0.16,0.0,0.0,1027.0,8228.0,0.0,0.0,0.0,0.0,0.0,1.0,0.0,0.0,0.0,0.0,0.0,-0.4,0.0,0.6000000000000001,0.0,0.0,16.0,25903.0
2026-07-30T19:02:45.374Z,334.857,334.872,0.0,7.4,0.0,0.0,0.0,0.0,0.0,0.0,0.0,0.0,1.0,0.0,0.0,0.0,9.0,4.0,0.0,0.0,0.0,0.0,0.0,0.0,0.0,0.0,3.0,12.0,1.0,12.19,5.0200000000000005,2.51,1.49,0.0,0.0,0.0,98.3,0.0,-0.2,-0.5,0.4,-169.60000000000002,0.0,0.0,169.60000000000002,0.0,21.8,29.0,29.0,29.9,300.0,300.0,31.700000000000003,35.800000000000004,28.9,28.1,30.0,4.95,1.99,4.97,0.16,0.0,0.0,1027.0,8228.0,0.0,0.0,0.0,0.0,0.0,1.0,0.0,0.0,0.0,0.0,0.0,-0.2,0.0,-0.5,0.0,0.0,16.0,25903.0
2026-07-30T19:02:45.386Z,334.869,334.884,0.0,7.4,0.0,0.0,0.0,0.0,0.0,0.0,0.0,0.0,1.0,0.0,0.0,0.0,9.0,4.0,0.0,0.0,0.0,0.0,0.0,0.0,0.0,0.0,4.0,12.0,1.0,12.19,5.0200000000000005,2.51,1.49,0.0,0.0,0.0,97.7,0.0,0.3,0.0,0.4,-169.60000000000002,0.0,0.0,169.60000000000002,0.0,21.8,29.0,29.0,29.9,300.0,300.0,31.700000000000003,35.800000000000004,28.9,28.1,30.0,4.95,1.99,4.96,0.16,0.0,0.0,1027.0,8228.0,0.0,0.0,0.0,0.0,0.0,1.0,0.0,0.0,0.0,0.0,0.0,0.4,0.0,-0.4,0.0,0.0,16.0,25903.0
2026-07-30T19:02:45.398Z,334.881,334.896,0.0,7.4,0.0,0.0,0.0,0.0,0.0,0.0,0.0,0.0,1.0,0.0,0.0,0.0,9.0,4.0,0.0,0.0,0.0,0.0,0.0,0.0,0.0,0.0,5.0,12.0,1.0,12.19,5.0200000000000005,2.51,1.49,0.0,0.1,0.0,97.1,0.0,0.9,0.6000000000000001,-0.6000000000000001,-169.60000000000002,0.0,0.0,169.60000000000002,0.0,21.8,29.0,29.0,29.9,300.0,300.0,31.700000000000003,35.800000000000004,28.9,28.1,30.0,4.96,2.0,4.96,0.16,0.0,0.0,1027.0,8228.0,0.0,0.0,0.0,0.0,0.0,1.0,0.0,0.0,0.0,0.0,0.0,0.2,0.0,0.7000000000000001,0.0,0.0,16.0,25903.0
2026-07-30T19:02:45.410Z,334.893,334.908,0.0,7.4,0.0,0.0,0.0,0.0,0.0,0.0,0.0,0.0,1.0,0.0,0.0,0.0,9.0,4.0,0.0,0.0,0.0,0.0,0.0,0.0,0.0,0.0,1.0,12.0,1.0,12.19,5.0200000000000005,2.51,1.49,0.0,0.0,0.0,96.5,0.0,-0.2,0.1,0.4,-169.60000000000002,0.0,0.0,169.60000000000002,0.0,21.8,29.0,29.0,29.9,300.0,300.0,31.700000000000003,35.800000000000004,28.9,28.1,30.0,4.96,2.0,4.96,0.16,0.0,0.0,1027.0,8228.0,0.0,0.0,0.0,0.0,0.0,1.0,0.0,0.0,0.0,0.0,0.0,0.4,0.0,-0.3,0.0,0.0,16.0,25903.0
2026-07-30T19:02:45.422Z,334.905,334.92,0.0,7.4,0.0,0.0,0.0,0.0,0.0,0.0,0.0,0.0,1.0,0.0,0.0,0.0,9.0,4.0,0.0,0.0,0.0,0.0,0.0,0.0,0.0,0.0,2.0,12.0,1.0,12.19,5.0200000000000005,2.51,1.49,0.0,0.0,0.0,95.8,0.0,0.2,0.0,-1.3,-169.60000000000002,0.0,0.0,169.60000000000002,0.0,21.8,29.0,29.0,29.9,300.0,300.0,31.700000000000003,35.800000000000004,28.9,28.1,30.0,4.95,1.99,4.98,0.16,0.0,0.0,1027.0,8228.0,0.0,0.0,0.0,0.0,0.0,1.0,0.0,0.0,0.0,0.0,0.0,-0.9,0.0,1.1,0.0,0.0,16.0,25903.0
2026-07-30T19:02:45.434Z,334.917,334.932,0.0,7.4,0.0,0.0,0.0,0.0,0.0,0.0,0.0,0.0,1.0,0.0,0.0,0.0,9.0,4.0,0.0,0.0,0.0,0.0,0.0,0.0,0.0,0.0,3.0,12.0,1.0,12.19,5.0200000000000005,2.51,1.49,0.0,0.0,0.0,95.3,0.0,0.9,0.0,-0.6000000000000001,-169.60000000000002,0.0,0.0,169.60000000000002,0.0,21.8,29.0,29.0,29.9,300.0,300.0,31.700000000000003,35.800000000000004,28.9,28.1,30.0,4.95,1.99,4.96,0.16,0.0,0.0,1027.0,8228.0,0.0,0.0,0.0,0.0,0.0,1.0,0.0,0.0,0.0,0.0,0.0,0.2,0.0,0.7000000000000001,0.0,0.0,16.0,25903.0
2026-07-30T19:02:45.446Z,334.929,334.944,0.0,7.4,0.0,0.0,0.0,0.0,0.0,0.0,0.0,0.0,1.0,0.0,0.0,0.0,9.0,4.0,0.0,0.0,0.0,0.0,0.0,0.0,0.0,0.0,4.0,12.0,1.0,12.19,5.0200000000000005,2.51,1.49,0.0,0.0,0.0,94.6,0.0,-0.2,0.6000000000000001,0.5,-169.60000000000002,0.0,0.0,169.60000000000002,0.0,21.8,29.0,29.0,29.9,300.0,300.0,31.700000000000003,35.800000000000004,28.9,28.1,30.0,4.96,1.99,4.96,0.16,0.0,0.0,1027.0,8228.0,0.0,0.0,0.0,0.0,0.0,1.0,0.0,0.0,0.0,0.0,0.0,1.5,0.0,-0.8,0.0,0.0,16.0,25903.0
2026-07-30T19:02:45.458Z,334.941,334.956,0.0,7.4,0.0,0.0,0.0,0.0,0.0,0.0,0.0,0.0,1.0,0.0,0.0,0.0,9.0,4.0,0.0,0.0,0.0,0.0,0.0,0.0,0.0,0.0,6.0,12.0,1.0,12.19,5.01,2.51,1.5,0.0,0.0,0.0,94.0,0.0,0.2,0.0,0.0,-169.60000000000002,0.0,0.0,169.70000000000002,0.0,21.700000000000003,29.0,29.0,29.9,300.0,300.0,31.6,35.800000000000004,28.9,28.1,30.0,4.95,1.99,4.97,0.16,0.0,0.0,1027.0,8228.0,0.0,0.0,0.0,0.0,0.0,1.0,0.0,0.0,0.0,0.0,0.0,-0.8,0.0,-0.7000000000000001,0.0,0.0,16.0,25903.0
2026-07-30T19:02:45.470Z,334.953,334.968,0.0,7.4,0.0,0.0,0.0,0.0,0.0,0.0,0.0,0.0,1.0,0.0,0.0,0.0,9.0,4.0,0.0,0.0,0.0,0.0,0.0,0.0,0.0,0.0,1.0,12.0,1.0,12.19,5.01,2.51,1.5,0.0,0.0,0.0,93.3,0.0,-0.2,0.0,-0.6000000000000001,-169.60000000000002,0.0,0.0,169.60000000000002,0.0,21.700000000000003,29.0,29.0,29.9,300.0,300.0,31.6,35.800000000000004,28.9,28.1,30.0,4.96,2.0,4.96,0.16,0.0,0.0,1027.0,8228.0,0.0,0.0,0.0,0.0,0.0,1.0,0.0,0.0,0.0,0.0,0.0,-0.8,0.0,1.0,0.0,0.0,16.0,25903.0
2026-07-30T19:02:45.482Z,334.965,334.98,0.0,7.4,0.0,0.0,0.0,0.0,0.0,0.0,0.0,0.0,1.0,0.0,0.0,0.0,9.0,4.0,0.0,0.0,0.0,0.0,0.0,0.0,0.0,0.0,3.0,12.0,1.0,12.19,5.01,2.51,1.5,0.0,0.0,0.0,92.8,0.0,0.3,0.0,0.0,-169.60000000000002,0.0,0.0,169.60000000000002,0.0,21.700000000000003,29.0,29.0,29.9,300.0,300.0,31.6,35.800000000000004,28.9,28.1,30.0,4.96,2.0,4.96,0.16,0.0,0.0,1027.0,8228.0,0.0,0.0,0.0,0.0,0.0,1.0,0.0,0.0,0.0,0.0,0.0,0.0,0.0,0.0,0.0,0.0,16.0,25903.0
2026-07-30T19:02:45.494Z,334.977,334.992,0.0,7.4,0.0,0.0,0.0,0.0,0.0,0.0,0.0,0.0,1.0,0.0,0.0,0.0,9.0,4.0,0.0,0.0,0.0,0.0,0.0,0.0,0.0,0.0,4.0,12.0,1.0,12.19,5.01,2.51,1.5,0.0,0.1,0.0,92.2,0.0,-0.2,0.6000000000000001,-1.2000000000000002,-169.60000000000002,0.0,0.0,169.60000000000002,0.0,21.700000000000003,29.0,29.0,29.9,300.0,300.0,31.6,35.800000000000004,28.9,28.1,30.0,4.95,1.99,4.96,0.16,0.0,0.0,1027.0,8228.0,0.0,0.0,0.0,0.0,0.0,1.0,0.0,0.0,0.0,0.0,0.0,-0.1,0.0,1.1,0.0,0.0,16.0,25903.0
2026-07-30T19:02:45.506Z,334.989,335.004,0.0,7.4,0.0,0.0,0.0,0.0,0.0,0.0,0.0,0.0,1.0,0.0,0.0,0.0,9.0,4.0,0.0,0.0,0.0,0.0,0.0,0.0,0.0,0.0,5.0,12.0,1.0,12.19,5.01,2.51,1.5,0.0,0.0,0.0,91.6,0.0,0.2,0.0,1.1,-169.60000000000002,0.0,0.0,169.70000000000002,0.0,21.700000000000003,29.0,29.0,29.9,300.0,300.0,31.6,35.800000000000004,28.9,28.1,30.0,4.95,1.99,4.97,0.16,0.0,0.0,1027.0,8228.0,0.0,0.0,0.0,0.0,0.0,1.0,0.0,0.0,0.0,0.0,0.0,0.8,0.0,-0.9,0.0,0.0,16.0,25903.0
2026-07-30T19:02:45.518Z,335.001,335.016,0.0,7.4,0.0,0.0,0.0,0.0,0.0,0.0,0.0,0.0,1.0,0.0,0.0,0.0,9.0,4.0,0.0,0.0,0.0,0.0,0.0,0.0,0.0,0.0,6.0,12.0,1.0,12.19,5.01,2.51,1.5,0.0,0.1,0.0,91.1,0.0,-0.3,-1.1,0.0,-169.60000000000002,0.0,0.0,169.8,0.0,21.700000000000003,29.0,29.0,29.9,300.0,300.0,31.6,35.800000000000004,28.9,28.1,30.0,4.96,1.99,4.97,0.16,0.0,0.0,1027.0,8228.0,0.0,0.0,0.0,0.0,0.0,1.0,0.0,0.0,0.0,0.0,0.0,-1.3,0.0,-0.1,0.0,0.0,16.0,25903.0
2026-07-30T19:02:45.530Z,335.013,335.028,0.0,7.4,0.0,0.0,0.0,0.0,0.0,0.0,0.0,0.0,1.0,0.0,0.0,0.0,9.0,4.0,0.0,0.0,0.0,0.0,0.0,0.0,0.0,0.0,1.0,12.0,1.0,12.19,5.01,2.51,1.5,0.0,0.0,0.0,90.4,0.0,0.2,0.5,0.5,-169.60000000000002,0.0,0.0,169.70000000000002,0.0,21.700000000000003,29.0,29.0,29.9,300.0,300.0,31.6,35.800000000000004,28.9,28.1,30.0,4.96,1.99,4.96,0.16,0.0,0.0,1027.0,8228.0,0.0,0.0,0.0,0.0,0.0,1.0,0.0,0.0,0.0,0.0,0.0,1.0,0.0,-0.3,0.0,0.0,16.0,25903.0
2026-07-30T19:02:45.542Z,335.025,335.04,0.0,7.4,0.0,0.0,0.0,0.0,0.0,0.0,0.0,0.0,1.0,0.0,0.0,0.0,9.0,4.0,0.0,0.0,0.0,0.0,0.0,0.0,0.0,0.0,3.0,12.0,1.0,12.19,5.01,2.51,1.5,0.0,0.0,0.0,89.9,0.0,-0.9,-0.5,0.0,-169.60000000000002,0.0,0.0,169.60000000000002,0.0,21.700000000000003,29.0,29.0,29.9,300.0,300.0,31.6,35.800000000000004,28.9,28.1,30.0,4.95,1.99,4.96,0.16,0.0,0.0,1027.0,8228.0,0.0,0.0,0.0,0.0,0.0,1.0,0.0,0.0,0.0,0.0,0.0,-0.7000000000000001,0.0,0.0,0.0,0.0001,16.0,25903.0
2026-07-30T19:02:45.555Z,335.038,335.052,0.0,7.4,0.0,0.0,0.0,0.0,0.0,0.0,0.0,0.0,1.0,0.0,0.0,0.0,9.0,4.0,0.0,0.0,0.0,0.0,0.0,0.0,0.0,0.0,3.0,12.0,1.0,12.2,5.01,2.51,1.49,-0.1,0.0,0.0,89.30000000000001,0.0,0.1,0.5,1.0,-169.60000000000002,0.0,0.0,169.70000000000002,0.0,21.700000000000003,29.0,29.0,29.8,300.0,300.0,31.6,35.800000000000004,28.9,28.1,30.0,4.96,1.99,4.96,0.16,0.0,0.0,1027.0,8228.0,0.0,0.0,0.0,0.0,0.0,1.0,0.0,0.0,0.0,0.0,0.0,1.4,0.0,-0.8,0.0,0.0001,16.0,25903.0
2026-07-30T19:02:45.566Z,335.049,335.064,0.0,7.4,0.0,0.0,0.0,0.0,0.0,0.0,0.0,0.0,1.0,0.0,0.0,0.0,9.0,4.0,0.0,0.0,0.0,0.0,0.0,0.0,0.0,0.0,5.0,12.0,1.0,12.2,5.01,2.51,1.49,0.0,0.0,0.0,88.7,0.0,0.1,-1.2000000000000002,-0.6000000000000001,-169.60000000000002,0.0,0.0,169.60000000000002,0.0,21.700000000000003,29.0,29.0,29.8,300.0,300.0,31.6,35.800000000000004,28.9,28.1,30.0,4.95,1.99,4.96,0.16,0.0,0.0,1027.0,8228.0,0.0,0.0,0.0,0.0,0.0,1.0,0.0,0.0,0.0,0.0,0.0,-1.8,0.0,0.3,0.0,0.0,16.0,25903.0
2026-07-30T19:02:45.578Z,335.061,335.076,0.0,7.4,0.0,0.0,0.0,0.0,0.0,0.0,0.0,0.0,1.0,0.0,0.0,0.0,9.0,4.0,0.0,0.0,0.0,0.0,0.0,0.0,0.0,0.0,6.0,12.0,1.0,12.2,5.01,2.51,1.49,0.0,0.0,0.0,88.2,0.0,-0.4,0.5,0.4,-169.60000000000002,0.0,0.0,169.70000000000002,0.0,21.700000000000003,29.0,29.0,29.8,300.0,300.0,31.6,35.800000000000004,28.9,28.1,30.0,4.95,1.99,4.97,0.16,0.0,0.0,1027.0,8228.0,0.0,0.0,0.0,0.0,0.0,1.0,0.0,0.0,0.0,0.0,0.0,0.9,0.0,-0.3,0.0,0.0,16.0,25903.0
2026-07-30T19:02:45.590Z,335.073,335.088,0.0,7.4,0.0,0.0,0.0,0.0,0.0,0.0,0.0,0.0,1.0,0.0,0.0,0.0,9.0,4.0,0.0,0.0,0.0,0.0,0.0,0.0,0.0,0.0,1.0,12.0,1.0,12.2,5.01,2.51,1.49,0.0,0.0,0.0,87.5,0.0,0.1,0.0,-0.6000000000000001,-169.60000000000002,0.0,0.0,169.60000000000002,0.0,21.700000000000003,29.0,29.0,29.8,300.0,300.0,31.6,35.800000000000004,28.9,28.1,30.0,4.96,2.0,4.97,0.16,0.0,0.0,1027.0,8228.0,0.0,0.0,0.0,0.0,0.0,1.0,0.0,0.0,0.0,0.0,0.0,-0.4,0.0,0.6000000000000001,0.0,0.0,16.0,25903.0
2026-07-30T19:02:45.602Z,335.085,335.1,0.0,7.4,0.0,0.0,0.0,0.0,0.0,0.0,0.0,0.0,1.0,0.0,0.0,0.0,9.0,4.0,0.0,0.0,0.0,0.0,0.0,0.0,0.0,0.0,3.0,12.0,1.0,12.2,5.01,2.51,1.49,0.0,0.0,0.0,87.0,0.0,-1.0,0.0,1.0,-169.60000000000002,0.0,0.0,169.60000000000002,0.0,21.700000000000003,29.0,29.0,29.8,300.0,300.0,31.6,35.800000000000004,28.9,28.1,30.0,4.96,2.0,4.96,0.15,0.0,0.0,1027.0,8228.0,0.0,0.0,0.0,0.0,0.0,1.0,0.0,0.0,0.0,0.0,0.0,0.8,0.0,-0.9,0.0,0.0,16.0,25903.0
2026-07-30T19:02:45.614Z,335.097,335.112,0.0,7.4,0.0,0.0,0.0,0.0,0.0,0.0,0.0,0.0,1.0,0.0,0.0,0.0,9.0,4.0,0.0,0.0,0.0,0.0,0.0,0.0,0.0,0.0,5.0,12.0,1.0,12.2,5.01,2.51,1.49,0.0,0.0,0.0,86.4,0.0,0.7000000000000001,-0.5,-1.2000000000000002,-169.60000000000002,0.0,0.0,169.70000000000002,0.0,21.700000000000003,29.0,29.0,29.8,300.0,300.0,31.6,35.800000000000004,28.9,28.1,30.0,4.95,1.99,4.97,0.15,0.0,0.0,1027.0,8228.0,0.0,0.0,0.0,0.0,0.0,1.0,0.0,0.0,0.0,0.0,0.0,-1.5,0.0,0.9,0.0,0.0,16.0,25903.0
2026-07-30T19:02:45.626Z,335.109,335.124,0.0,7.4,0.0,0.0,0.0,0.0,0.0,0.0,0.0,0.0,1.0,0.0,0.0,0.0,9.0,4.0,0.0,0.0,0.0,0.0,0.0,0.0,0.0,0.0,6.0,12.0,1.0,12.2,5.01,2.51,1.49,0.0,0.0,0.0,85.80000000000001,0.0,0.1,0.6000000000000001,0.5,-169.60000000000002,0.0,0.0,169.70000000000002,0.0,21.700000000000003,29.0,29.0,29.8,300.0,300.0,31.6,35.800000000000004,28.9,28.1,30.0,4.95,1.99,4.96,0.16,0.0,0.0,1027.0,8228.0,0.0,0.0,0.0,0.0,0.0,1.0,0.0,0.0,0.0,0.0,0.0,1.1,0.0,-0.3,0.0,0.0,16.0,25903.0
2026-07-30T19:02:45.638Z,335.121,335.136,0.0,7.4,0.0,0.0,0.0,0.0,0.0,0.0,0.0,0.0,1.0,0.0,0.0,0.0,9.0,4.0,0.0,0.0,0.0,0.0,0.0,0.0,0.0,0.0,2.0,12.0,1.0,12.2,5.01,2.51,1.49,0.0,0.0,0.0,85.30000000000001,0.0,0.1,0.0,0.0,-169.60000000000002,0.0,0.0,169.70000000000002,0.0,21.700000000000003,29.0,29.0,29.8,300.0,300.0,31.6,35.800000000000004,28.9,28.1,30.0,4.96,2.0,4.96,0.16,0.0,0.0,1027.0,8228.0,0.0,0.0,0.0,0.0,0.0,1.0,0.0,0.0,0.0,0.0,0.0,0.0,0.0,0.0,0.0,0.0,16.0,25903.0
2026-07-30T19:02:45.650Z,335.133,335.148,0.0,7.4,0.0,0.0,0.0,0.0,0.0,0.0,0.0,0.0,1.0,0.0,0.0,0.0,9.0,4.0,0.0,0.0,0.0,0.0,0.0,0.0,0.0,0.0,3.0,12.0,1.0,12.2,5.01,2.51,1.49,0.0,0.0,0.0,84.7,0.0,0.7000000000000001,0.1,1.1,-169.60000000000002,0.0,0.0,169.70000000000002,0.0,21.700000000000003,29.0,29.0,29.8,300.0,300.0,31.6,35.800000000000004,28.9,28.1,30.0,4.95,2.0,4.97,0.16,0.0,0.0,1027.0,8228.0,0.0,0.0,0.0,0.0,0.0,1.0,0.0,0.0,0.0,0.0,0.0,1.0,0.0,-1.0,0.0,0.0,16.0,25903.0
2026-07-30T19:02:45.662Z,335.145,335.16,0.0,7.4,0.0,0.0,0.0,0.0,0.0,0.0,0.0,0.0,1.0,0.0,0.0,0.0,9.0,4.0,0.0,0.0,0.0,0.0,0.0,0.0,0.0,0.0,5.0,12.0,1.0,12.15,5.0200000000000005,2.51,1.49,0.0,0.0,0.0,84.2,0.0,1.3,1.8,1.2000000000000002,-169.60000000000002,0.0,0.0,169.8,0.0,21.700000000000003,29.0,29.0,29.8,300.0,300.0,31.700000000000003,35.7,28.9,28.1,30.0,4.95,1.99,4.97,0.16,0.0,0.0,1027.0,8228.0,0.0,0.0,0.0,0.0,0.0,1.0,0.0,0.0,0.0,0.0,0.0,3.0,0.0,-0.6000000000000001,0.0,0.0001,16.0,25903.0
2026-07-30T19:02:45.674Z,335.157,335.172,0.0,7.4,0.0,0.0,0.0,0.0,0.0,0.0,0.0,0.0,1.0,0.0,0.0,0.0,9.0,4.0,0.0,0.0,0.0,0.0,0.0,0.0,0.0,0.0,6.0,12.0,1.0,12.15,5.0200000000000005,2.51,1.49,0.0,0.0,0.0,83.60000000000001,0.0,0.2,1.8,0.0,-169.60000000000002,0.0,0.0,169.70000000000002,0.0,21.700000000000003,29.0,29.0,29.8,300.0,300.0,31.700000000000003,35.7,28.9,28.1,30.0,4.95,1.99,4.96,0.16,0.0,0.0,1027.0,8228.0,0.0,0.0,0.0,0.0,0.0,1.0,0.0,0.0,0.0,0.0,0.0,2.1,0.0,0.4,0.0,0.0001,16.0,25903.0
2026-07-30T19:02:45.686Z,335.169,335.184,0.0,7.4,0.0,0.0,0.0,0.0,0.0,0.0,0.0,0.0,1.0,0.0,0.0,0.0,9.0,4.0,0.0,0.0,0.0,0.0,0.0,0.0,0.0,0.0,2.0,12.0,1.0,12.15,5.0200000000000005,2.51,1.49,0.0,0.0,0.0,83.10000000000001,0.0,0.2,0.6000000000000001,-0.5,-169.60000000000002,0.0,0.0,169.70000000000002,0.0,21.700000000000003,29.0,29.0,29.8,300.0,300.0,31.700000000000003,35.7,28.9,28.1,30.0,4.96,1.99,4.96,0.16,0.0,0.0,1027.0,8228.0,0.0,0.0,0.0,0.0,0.0,1.0,0.0,0.0,0.0,0.0,0.0,0.3,0.0,0.6000000000000001,0.0,0.0,16.0,25903.0
2026-07-30T19:02:45.698Z,335.181,335.196,0.0,7.4,0.0,0.0,0.0,0.0,0.0,0.0,0.0,0.0,1.0,0.0,0.0,0.0,9.0,4.0,0.0,0.0,0.0,0.0,0.0,0.0,0.0,0.0,3.0,12.0,1.0,12.15,5.0200000000000005,2.51,1.49,0.0,0.1,0.0,82.5,0.0,0.8,-0.4,0.0,-169.60000000000002,0.0,0.0,169.8,0.0,21.700000000000003,29.0,29.0,29.8,300.0,300.0,31.700000000000003,35.7,28.9,28.1,30.0,4.95,1.99,4.97,0.16,0.0,0.0,1027.0,8228.0,0.0,0.0,0.0,0.0,0.0,1.0,0.0,0.0,0.0,0.0,0.0,-0.5,0.0,0.0,0.0,0.0,16.0,25903.0
2026-07-30T19:02:45.710Z,335.193,335.208,0.0,7.4,0.0,0.0,0.0,0.0,0.0,0.0,0.0,0.0,1.0,0.0,0.0,0.0,9.0,4.0,0.0,0.0,0.0,0.0,0.0,0.0,0.0,0.0,5.0,12.0,1.0,12.15,5.0200000000000005,2.51,1.49,0.0,0.0,0.0,82.0,0.0,0.2,-0.4,-1.7000000000000002,-169.60000000000002,0.0,0.0,169.70000000000002,0.0,21.700000000000003,29.0,29.0,29.8,300.0,300.0,31.700000000000003,35.7,28.9,28.1,30.0,4.96,1.99,4.96,0.16,0.0,0.0,1027.0,8228.0,0.0,0.0,0.0,0.0,0.0,1.0,0.0,0.0,0.0,0.0,0.0,-1.8,0.0,1.4,0.0,0.0001,16.0,25903.0
2026-07-30T19:02:45.722Z,335.205,335.22,0.0,7.4,0.0,0.0,0.0,0.0,0.0,0.0,0.0,0.0,1.0,0.0,0.0,0.0,9.0,4.0,0.0,0.0,0.0,0.0,0.0,0.0,0.0,0.0,6.0,12.0,1.0,12.15,5.0200000000000005,2.51,1.49,0.0,0.0,0.0,81.4,0.0,0.2,1.2000000000000002,1.2000000000000002,-169.60000000000002,0.0,0.0,169.70000000000002,0.0,21.700000000000003,29.0,29.0,29.8,300.0,300.0,31.700000000000003,35.7,28.9,28.1,30.0,4.96,2.0,4.96,0.16,0.0,0.0,1027.0,8228.0,0.0,0.0,0.0,0.0,0.0,1.0,0.0,0.0,0.0,0.0,0.0,2.3000000000000003,0.0,-0.8,0.0,0.0001,16.0,25903.0
2026-07-30T19:02:45.734Z,335.217,335.232,0.0,7.4,0.0,0.0,0.0,0.0,0.0,0.0,0.0,0.0,1.0,0.0,0.0,0.0,9.0,4.0,0.0,0.0,0.0,0.0,0.0,0.0,0.0,0.0,2.0,12.0,1.0,12.15,5.0200000000000005,2.51,1.49,0.0,0.0,0.0,80.80000000000001,0.0,0.7000000000000001,0.6000000000000001,1.2000000000000002,-169.60000000000002,0.0,0.0,169.8,0.0,21.700000000000003,29.0,29.0,29.8,300.0,300.0,31.700000000000003,35.7,28.9,28.1,30.0,4.95,1.99,4.96,0.16,0.0,0.0,1027.0,8228.0,0.0,0.0,0.0,0.0,0.0,1.0,0.0,0.0,0.0,0.0,0.0,1.6,0.0,-0.9,0.0,0.0,16.0,25903.0
2026-07-30T19:02:45.746Z,335.229,335.244,0.0,7.4,0.0,0.0,0.0,0.0,0.0,0.0,0.0,0.0,1.0,0.0,0.0,0.0,9.0,4.0,0.0,0.0,0.0,0.0,0.0,0.0,0.0,0.0,3.0,12.0,1.0,12.15,5.0200000000000005,2.51,1.49,0.0,0.0,0.0,80.30000000000001,0.0,-0.3,0.6000000000000001,1.8,-169.60000000000002,0.0,0.0,169.70000000000002,0.0,21.700000000000003,29.0,29.0,29.8,300.0,300.0,31.700000000000003,35.7,28.9,28.1,30.0,4.95,1.99,4.97,0.16,0.0,0.0,1027.0,8228.0,0.0,0.0,0.0,0.0,0.0,1.0,0.0,0.0,0.0,0.0,0.0,2.1,0.0,-1.5,0.0,0.0001,16.0,25903.0
2026-07-30T19:02:45.759Z,335.242,335.25600000000003,0.0,7.4,0.0,0.0,0.0,0.0,0.0,0.0,0.0,0.0,1.0,0.0,0.0,0.0,9.0,4.0,0.0,0.0,0.0,0.0,0.0,0.0,0.0,0.0,5.0,12.0,1.0,12.15,5.01,2.51,1.49,0.0,0.0,0.0,79.9,0.0,0.2,0.1,1.8,-169.60000000000002,0.0,0.0,169.70000000000002,0.0,21.700000000000003,29.0,29.0,29.8,300.0,300.0,31.6,35.800000000000004,28.9,28.1,30.0,4.96,1.99,4.96,0.16,0.0,0.0,1027.0,8228.0,0.0,0.0,0.0,0.0,0.0,1.0,0.0,0.0,0.0,0.0,0.0,1.5,0.0,-1.6,0.0,0.0001,16.0,25903.0
2026-07-30T19:02:45.770Z,335.253,335.26800000000003,0.0,7.4,0.0,0.0,0.0,0.0,0.0,0.0,0.0,0.0,1.0,0.0,0.0,0.0,9.0,4.0,0.0,0.0,0.0,0.0,0.0,0.0,0.0,0.0,6.0,12.0,1.0,12.15,5.01,2.51,1.49,0.0,0.0,0.0,79.30000000000001,0.0,-0.3,0.7000000000000001,-0.4,-169.60000000000002,0.0,0.0,169.70000000000002,0.0,21.700000000000003,29.0,29.0,29.8,300.0,300.0,31.6,35.800000000000004,28.9,28.1,30.0,4.96,1.99,4.96,0.16,0.0,0.0,1027.0,8228.0,0.0,0.0,0.0,0.0,0.0,1.0,0.0,0.0,0.0,0.0,0.0,0.5,0.0,0.5,0.0,0.0,16.0,25903.0
2026-07-30T19:02:45.782Z,335.265,335.28000000000003,0.0,7.4,0.0,0.0,0.0,0.0,0.0,0.0,0.0,0.0,1.0,0.0,0.0,0.0,9.0,4.0,0.0,0.0,0.0,0.0,0.0,0.0,0.0,0.0,2.0,12.0,1.0,12.15,5.01,2.51,1.49,0.0,0.0,0.0,78.80000000000001,0.0,0.8,1.9,1.9,-169.60000000000002,0.0,0.0,169.70000000000002,0.0,21.700000000000003,29.0,29.0,29.8,300.0,300.0,31.6,35.800000000000004,28.9,28.1,30.0,4.95,1.99,4.96,0.16,0.0,0.0,1027.0,8228.0,0.0,0.0,0.0,0.0,0.0,1.0,0.0,0.0,0.0,0.0,0.0,3.6,0.0,-1.3,0.0,0.0,16.0,25903.0
2026-07-30T19:02:45.794Z,335.277,335.29200000000003,0.0,7.4,0.0,0.0,0.0,0.0,0.0,0.0,0.0,0.0,1.0,0.0,0.0,0.0,9.0,4.0,0.0,0.0,0.0,0.0,0.0,0.0,0.0,0.0,4.0,12.0,1.0,12.15,5.01,2.51,1.49,0.0,0.0,0.0,78.30000000000001,0.0,-0.3,-0.3,-1.5,-169.60000000000002,0.0,0.0,169.60000000000002,0.0,21.700000000000003,29.0,29.0,29.8,300.0,300.0,31.6,35.800000000000004,28.9,28.1,30.0,4.96,1.99,4.96,0.16,0.0,0.0,1027.0,8228.0,0.0,0.0,0.0,0.0,0.0,1.0,0.0,0.0,0.0,0.0,0.0,-1.5,0.0,1.2000000000000002,0.0,0.0,16.0,25903.0
2026-07-30T19:02:45.806Z,335.289,335.30400000000003,0.0,7.4,0.0,0.0,0.0,0.0,0.0,0.0,0.0,0.0,1.0,0.0,0.0,0.0,9.0,4.0,0.0,0.0,0.0,0.0,0.0,0.0,0.0,0.0,5.0,12.0,1.0,12.15,5.01,2.51,1.49,0.0,0.0,0.0,77.80000000000001,0.0,0.8,0.2,1.9,-169.60000000000002,0.0,0.0,169.70000000000002,0.0,21.700000000000003,29.0,29.0,29.8,300.0,300.0,31.6,35.800000000000004,28.9,28.1,30.0,4.95,2.0,4.96,0.16,0.0,0.0,1027.0,8228.0,0.0,0.0,0.0,0.0,0.0,1.0,0.0,0.0,0.0,0.0,0.0,1.7000000000000002,0.0,-1.6,0.0,0.0001,16.0,25903.0
2026-07-30T19:02:45.818Z,335.301,335.31600000000003,0.0,7.4,0.0,0.0,0.0,0.0,0.0,0.0,0.0,0.0,1.0,0.0,0.0,0.0,9.0,4.0,0.0,0.0,0.0,0.0,0.0,0.0,0.0,0.0,1.0,12.0,1.0,12.15,5.01,2.51,1.49,0.0,0.0,0.0,77.2,0.0,0.2,0.7000000000000001,0.1,-169.60000000000002,0.0,0.0,169.70000000000002,0.0,21.700000000000003,29.0,29.0,29.8,300.0,300.0,31.6,35.800000000000004,28.9,28.1,30.0,4.95,1.99,4.97,0.16,0.0,0.0,1027.0,8228.0,0.0,0.0,0.0,0.0,0.0,1.0,0.0,0.0,0.0,0.0,0.0,0.9,0.0,0.0,0.0,0.0,16.0,25903.0
2026-07-30T19:02:45.830Z,335.313,335.32800000000003,0.0,7.4,0.0,0.0,0.0,0.0,0.0,0.0,0.0,0.0,1.0,0.0,0.0,0.0,9.0,4.0,0.0,0.0,0.0,0.0,0.0,0.0,0.0,0.0,2.0,12.0,1.0,12.15,5.01,2.51,1.49,0.0,0.0,0.0,76.7,0.0,0.7000000000000001,0.7000000000000001,0.6000000000000001,-169.60000000000002,0.0,0.0,169.60000000000002,0.0,21.700000000000003,29.0,29.0,29.8,300.0,300.0,31.6,35.800000000000004,28.9,28.1,30.0,4.95,1.99,4.97,0.16,0.0,0.0,1027.0,8228.0,0.0,0.0,0.0,0.0,0.0,1.0,0.0,0.0,0.0,0.0,0.0,1.3,0.0,-0.4,0.0,0.0,16.0,25903.0
2026-07-30T19:02:45.842Z,335.325,335.34000000000003,0.0,7.4,0.0,0.0,0.0,0.0,0.0,0.0,0.0,0.0,1.0,0.0,0.0,0.0,9.0,4.0,0.0,0.0,0.0,0.0,0.0,0.0,0.0,0.0,3.0,12.0,1.0,12.15,5.01,2.51,1.49,0.0,0.0,0.0,76.2,0.0,-0.3,-0.4,0.0,-169.60000000000002,0.0,0.0,169.60000000000002,0.0,21.700000000000003,29.0,29.0,29.8,300.0,300.0,31.6,35.800000000000004,28.9,28.1,30.0,4.95,1.99,4.96,0.16,0.0,0.0,1027.0,8228.0,0.0,0.0,0.0,0.0,0.0,1.0,0.0,0.0,0.0,0.0,0.0,-0.3,0.0,-0.1,0.0,0.0,16.0,25903.0
2026-07-30T19:02:45.854Z,335.337,335.35200000000003,0.0,7.4,0.0,0.0,0.0,0.0,0.0,0.0,0.0,0.0,1.0,0.0,0.0,0.0,9.0,4.0,0.0,0.0,0.0,0.0,0.0,0.0,0.0,0.0,4.0,12.0,1.0,12.15,5.01,2.51,1.49,0.0,0.0,0.0,75.8,0.0,0.8,-0.4,0.6000000000000001,-169.60000000000002,0.0,0.0,169.60000000000002,0.0,21.700000000000003,29.0,29.0,29.8,300.0,300.0,31.6,35.800000000000004,28.9,28.1,30.0,4.95,1.99,4.97,0.16,0.0,0.0,1027.0,8228.0,0.0,0.0,0.0,0.0,0.0,1.0,0.0,0.0,0.0,0.0,0.0,0.0,0.0,-0.6000000000000001,0.0,0.0,16.0,25903.0
2026-07-30T19:02:45.866Z,335.349,335.36400000000003,0.0,7.4,0.0,0.0,0.0,0.0,0.0,0.0,0.0,0.0,1.0,0.0,0.0,0.0,9.0,4.0,0.0,0.0,0.0,0.0,0.0,0.0,0.0,0.0,5.0,12.0,1.0,12.18,5.01,2.5,1.5,0.0,0.0,0.0,75.2,0.0,0.2,0.1,0.6000000000000001,-169.60000000000002,0.0,0.0,169.70000000000002,0.0,20.8,29.0,29.0,29.8,300.0,300.0,31.8,35.800000000000004,28.9,28.1,30.0,4.95,1.99,4.96,0.16,0.0,0.0,1027.0,8228.0,0.0,0.0,0.0,0.0,0.0,1.0,0.0,0.0,0.0,0.0,0.0,0.6000000000000001,0.0,-0.5,0.0,0.0,16.0,25903.0
2026-07-30T19:02:45.878Z,335.361,335.37600000000003,0.0,7.4,0.0,0.0,0.0,0.0,0.0,0.0,0.0,0.0,1.0,0.0,0.0,0.0,9.0,4.0,0.0,0.0,0.0,0.0,0.0,0.0,0.0,0.0,6.0,12.0,1.0,12.18,5.01,2.5,1.5,0.0,0.0,0.0,74.7,0.0,0.2,0.1,-0.4,-169.60000000000002,0.0,0.0,169.60000000000002,0.0,20.8,29.0,29.0,29.8,300.0,300.0,31.8,35.800000000000004,28.9,28.1,30.0,4.96,1.99,4.96,0.16,0.0,0.0,1027.0,8228.0,0.0,0.0,0.0,0.0,0.0,1.0,0.0,0.0,0.0,0.0,0.0,-0.1,0.0,0.4,0.0,0.0001,16.0,25903.0
2026-07-30T19:02:45.889Z,335.372,335.38800000000003,0.0,7.4,0.0,0.0,0.0,0.0,0.0,0.0,0.0,0.0,1.0,0.0,0.0,0.0,9.0,4.0,0.0,0.0,0.0,0.0,0.0,0.0,0.0,0.0,1.0,12.0,1.0,12.18,5.01,2.5,1.5,0.0,0.1,0.0,74.3,0.0,0.2,0.1,0.7000000000000001,-169.60000000000002,0.0,0.0,169.70000000000002,0.0,20.8,29.0,29.0,29.8,300.0,300.0,31.8,35.800000000000004,28.9,28.1,30.0,4.96,1.99,4.96,0.16,0.0,0.0,1027.0,8228.0,0.0,0.0,0.0,0.0,0.0,1.0,0.0,0.0,0.0,0.0,0.0,0.7000000000000001,0.0,-0.5,0.0,0.0,16.0,25903.0
2026-07-30T19:02:45.902Z,335.385,335.40000000000003,0.0,7.4,0.0,0.0,0.0,0.0,0.0,0.0,0.0,0.0,1.0,0.0,0.0,0.0,9.0,4.0,0.0,0.0,0.0,0.0,0.0,0.0,0.0,0.0,2.0,12.0,1.0,12.18,5.01,2.5,1.5,0.0,0.0,0.0,73.7,0.0,-0.3,-0.4,-0.4,-169.60000000000002,0.0,0.0,169.70000000000002,0.0,20.8,29.0,29.0,29.8,300.0,300.0,31.8,35.800000000000004,28.9,28.1,30.0,4.95,1.99,4.97,0.16,0.0,0.0,1027.0,8228.0,0.0,0.0,0.0,0.0,0.0,1.0,0.0,0.0,0.0,0.0,0.0,-0.8,0.0,0.3,0.0,0.0,16.0,25903.0
2026-07-30T19:02:45.915Z,335.398,335.41200000000003,0.0,7.4,0.0,0.0,0.0,0.0,0.0,0.0,0.0,0.0,1.0,0.0,0.0,0.0,9.0,4.0,0.0,0.0,0.0,0.0,0.0,0.0,0.0,0.0,3.0,12.0,1.0,12.18,5.01,2.5,1.5,0.0,0.0,0.0,73.3,0.0,-0.9,0.1,0.0,-169.60000000000002,0.0,0.0,169.8,0.0,20.8,29.0,29.0,29.8,300.0,300.0,31.8,35.800000000000004,28.9,28.1,30.0,4.95,2.0,4.96,0.16,0.0,0.0,1027.0,8228.0,0.0,0.0,0.0,0.0,0.0,1.0,0.0,0.0,0.0,0.0,0.0,0.2,0.0,0.0,0.0,0.0,16.0,25903.0
2026-07-30T19:02:45.926Z,335.409,335.42400000000004,0.0,7.4,0.0,0.0,0.0,0.0,0.0,0.0,0.0,0.0,1.0,0.0,0.0,0.0,9.0,4.0,0.0,0.0,0.0,0.0,0.0,0.0,0.0,0.0,4.0,12.0,1.0,12.18,5.01,2.5,1.5,0.0,0.0,0.0,72.8,0.0,-0.3,0.1,0.6000000000000001,-169.60000000000002,0.0,0.0,169.70000000000002,0.0,20.8,29.0,29.0,29.8,300.0,300.0,31.8,35.800000000000004,28.9,28.1,30.0,4.95,2.0,4.96,0.16,0.0,0.0,1027.0,8228.0,0.0,0.0,0.0,0.0,0.0,1.0,0.0,0.0,0.0,0.0,0.0,0.6000000000000001,0.0,-0.5,0.0,0.0002,16.0,25903.0
2026-07-30T19:02:45.938Z,335.421,335.436,0.0,7.4,0.0,0.0,0.0,0.0,0.0,0.0,0.0,0.0,1.0,0.0,0.0,0.0,9.0,4.0,0.0,0.0,0.0,0.0,0.0,0.0,0.0,0.0,5.0,12.0,1.0,12.18,5.01,2.5,1.5,0.0,0.0,0.0,72.3,0.0,0.2,0.6000000000000001,0.0,-169.60000000000002,0.0,0.0,169.70000000000002,0.0,20.8,29.0,29.0,29.8,300.0,300.0,31.8,35.800000000000004,28.9,28.1,30.0,4.95,2.0,4.97,0.16,0.0,0.0,1027.0,8228.0,0.0,0.0,0.0,0.0,0.0,1.0,0.0,0.0,0.0,0.0,0.0,0.7000000000000001,0.0,0.1,0.0,0.0001,16.0,25903.0
2026-07-30T19:02:45.949Z,335.432,335.448,0.0,7.4,0.0,0.0,0.0,0.0,0.0,0.0,0.0,0.0,1.0,0.0,0.0,0.0,9.0,4.0,0.0,0.0,0.0,0.0,0.0,0.0,0.0,0.0,1.0,12.0,1.0,12.18,5.01,2.5,1.5,0.0,0.0,0.0,71.8,0.0,0.8,-0.4,0.5,-169.60000000000002,0.0,0.0,169.60000000000002,0.0,20.8,29.0,29.0,29.8,300.0,300.0,31.8,35.800000000000004,28.9,28.1,30.0,4.96,2.0,4.96,0.16,0.0,0.0,1027.0,8228.0,0.0,0.0,0.0,0.0,0.0,1.0,0.0,0.0,0.0,0.0,0.0,-2.9000000000000004,0.0,1.8,0.0,0.0001,16.0,25903.0
2026-07-30T19:02:45.963Z,335.446,335.46,0.0,7.4,0.0,0.0,0.0,0.0,0.0,0.0,0.0,0.0,1.0,0.0,0.0,0.0,9.0,4.0,0.0,0.0,0.0,0.0,0.0,0.0,0.0,0.0,2.0,12.0,1.0,12.17,5.0200000000000005,2.5,1.5,0.0,0.1,0.0,71.3,0.0,-0.3,1.2000000000000002,0.5,-169.60000000000002,0.0,0.0,169.60000000000002,0.0,21.700000000000003,29.0,29.0,29.8,300.0,300.0,31.700000000000003,35.7,28.9,28.1,30.0,4.96,1.99,4.96,0.16,0.0,0.0,1027.0,8228.0,0.0,0.0,0.0,0.0,0.0,1.0,0.0,0.0,0.0,0.0,0.0,-0.3,0.0,0.5,0.0,0.0,16.0,25903.0
2026-07-30T19:02:45.974Z,335.457,335.472,0.0,7.4,0.0,0.0,0.0,0.0,0.0,0.0,0.0,0.0,1.0,0.0,0.0,0.0,9.0,4.0,0.0,0.0,0.0,0.0,0.0,0.0,0.0,0.0,4.0,12.0,1.0,12.17,5.0200000000000005,2.5,1.5,0.0,0.0,0.0,70.9,0.0,0.7000000000000001,1.2000000000000002,-1.2000000000000002,-169.60000000000002,0.0,0.0,169.60000000000002,0.0,21.700000000000003,29.0,29.0,29.8,300.0,300.0,31.700000000000003,35.7,28.9,28.1,30.0,4.96,1.99,4.96,0.16,0.0,0.0,1027.0,8228.0,0.0,0.0,0.0,0.0,0.0,1.0,0.0,0.0,0.0,0.0,0.0,0.2,0.0,-1.0,0.0,0.0,16.0,25903.0
2026-07-30T19:02:45.986Z,335.469,335.484,0.0,7.4,0.0,0.0,0.0,0.0,0.0,0.0,0.0,0.0,1.0,0.0,0.0,0.0,9.0,4.0,0.0,0.0,0.0,0.0,0.0,0.0,0.0,0.0,5.0,12.0,1.0,12.17,5.0200000000000005,2.5,1.5,0.0,0.0,0.0,70.4,0.0,-0.3,-1.0,0.0,-169.60000000000002,0.0,0.0,169.60000000000002,0.0,21.700000000000003,29.0,29.0,29.8,300.0,300.0,31.700000000000003,35.7,28.9,28.1,30.0,4.96,1.99,4.97,0.16,0.0,0.0,1027.0,8228.0,0.0,0.0,0.0,0.0,0.0,1.0,0.0,0.0,0.0,0.0,0.0,-0.3,0.0,0.6000000000000001,0.0,0.0,16.0,25903.0
2026-07-30T19:02:45.998Z,335.481,335.496,0.0,7.4,0.0,0.0,0.0,0.0,0.0,0.0,0.0,0.0,1.0,0.0,0.0,0.0,9.0,4.0,0.0,0.0,0.0,0.0,0.0,0.0,0.0,0.0,6.0,12.0,1.0,12.17,5.0200000000000005,2.5,1.5,0.0,0.0,0.0,70.0,0.0,0.7000000000000001,-1.0,-0.7000000000000001,-169.60000000000002,0.0,0.0,169.60000000000002,0.0,21.700000000000003,29.0,29.0,29.8,300.0,300.0,31.700000000000003,35.7,28.9,28.1,30.0,4.95,2.0,4.96,0.16,0.0,0.0,1027.0,8228.0,0.0,0.0,0.0,0.0,0.0,1.0,0.0,0.0,0.0,0.0,0.0,-1.7000000000000002,0.0,0.4,0.0,0.0,16.0,25903.0
2026-07-30T19:02:46.010Z,335.493,335.508,0.0,7.4,0.0,0.0,0.0,0.0,0.0,0.0,0.0,0.0,1.0,0.0,0.0,0.0,9.0,4.0,0.0,0.0,0.0,0.0,0.0,0.0,0.0,0.0,1.0,12.0,1.0,12.17,5.0200000000000005,2.5,1.5,0.0,0.0,0.0,69.4,0.0,0.1,1.2000000000000002,-0.1,-169.60000000000002,0.0,0.0,169.70000000000002,0.0,21.700000000000003,29.0,29.0,29.8,300.0,300.0,31.700000000000003,35.7,28.9,28.1,30.0,4.95,1.99,4.97,0.16,0.0,0.0,1027.0,8228.0,0.0,0.0,0.0,0.0,0.0,1.0,0.0,0.0,0.0,0.0,0.0,1.2000000000000002,0.0,0.3,0.0,0.0,16.0,25903.0
2026-07-30T19:02:46.023Z,335.506,335.52,0.0,7.4,0.0,0.0,0.0,0.0,0.0,0.0,0.0,0.0,1.0,0.0,0.0,0.0,9.0,4.0,0.0,0.0,0.0,0.0,0.0,0.0,0.0,0.0,2.0,12.0,1.0,12.17,5.0200000000000005,2.5,1.5,0.0,0.0,0.0,69.0,0.0,-0.4,0.0,-0.7000000000000001,-169.60000000000002,0.0,0.0,169.70000000000002,0.0,21.700000000000003,29.0,29.0,29.8,300.0,300.0,31.700000000000003,35.7,28.9,28.1,30.0,4.95,1.99,4.97,0.16,0.0,0.0,1027.0,8228.0,0.0,0.0,0.0,0.0,0.0,1.0,0.0,0.0,0.0,0.0,0.0,-0.5,0.0,0.6000000000000001,0.0,0.0001,16.0,25903.0
2026-07-30T19:02:46.034Z,335.517,335.532,0.0,7.4,0.0,0.0,0.0,0.0,0.0,0.0,0.0,0.0,1.0,0.0,0.0,0.0,9.0,4.0,0.0,0.0,0.0,0.0,0.0,0.0,0.0,0.0,3.0,12.0,1.0,12.17,5.0200000000000005,2.5,1.5,0.0,0.0,0.0,68.5,0.0,0.1,0.0,0.4,-169.60000000000002,0.0,0.0,169.70000000000002,0.0,21.700000000000003,29.0,29.0,29.8,300.0,300.0,31.700000000000003,35.7,28.9,28.1,30.0,4.96,1.99,4.97,0.16,0.0,0.0,1027.0,8228.0,0.0,0.0,0.0,0.0,0.0,1.0,0.0,0.0,0.0,0.0,0.0,0.3,0.0,-0.3,0.0,0.0,16.0,25903.0
2026-07-30T19:02:46.046Z,335.529,335.544,0.0,7.4,0.0,0.0,0.0,0.0,0.0,0.0,0.0,0.0,1.0,0.0,0.0,0.0,9.0,4.0,0.0,0.0,0.0,0.0,0.0,0.0,0.0,0.0,4.0,12.0,1.0,12.17,5.0200000000000005,2.5,1.5,0.0,0.0,0.0,68.10000000000001,0.0,0.1,-0.5,-0.2,-169.60000000000002,0.0,0.0,169.70000000000002,0.0,21.700000000000003,29.0,29.0,29.8,300.0,300.0,31.700000000000003,35.7,28.9,28.1,30.0,4.96,1.99,4.96,0.16,0.0,0.0,1027.0,8228.0,0.0,0.0,0.0,0.0,0.0,1.0,0.0,0.0,0.0,0.0,0.0,-0.8,0.0,0.0,0.0,0.0,16.0,25903.0
2026-07-30T19:02:46.058Z,335.541,335.556,0.0,7.4,0.0,0.0,0.0,0.0,0.0,0.0,0.0,0.0,1.0,0.0,0.0,0.0,9.0,4.0,0.0,0.0,0.0,0.0,0.0,0.0,0.0,0.0,6.0,12.0,1.0,12.17,5.0200000000000005,2.5,1.5,0.0,0.0,0.0,67.60000000000001,0.0,-0.4,-0.6000000000000001,0.3,-169.60000000000002,0.0,0.0,169.70000000000002,0.0,21.700000000000003,29.0,29.0,29.8,300.0,300.0,31.700000000000003,35.7,28.9,28.1,30.0,4.96,1.99,4.97,0.16,0.0,0.0,1027.0,8228.0,0.0,0.0,0.0,0.0,0.0,1.0,0.0,0.0,0.0,0.0,0.0,-0.4,0.0,-0.4,0.0,0.0,16.0,25903.0
2026-07-30T19:02:46.070Z,335.553,335.568,0.0,7.4,0.0,0.0,0.0,0.0,0.0,0.0,0.0,0.0,1.0,0.0,0.0,0.0,9.0,4.0,0.0,0.0,0.0,0.0,0.0,0.0,0.0,0.0,2.0,12.0,1.0,12.19,5.01,2.51,1.5,0.0,0.0,0.0,67.10000000000001,0.0,-0.3,1.1,0.3,-169.60000000000002,0.0,0.0,169.60000000000002,0.0,21.3,29.0,29.0,29.8,300.0,300.0,31.700000000000003,35.800000000000004,28.9,28.1,30.0,4.95,2.0,4.97,0.16,0.0,0.0,1027.0,8228.0,0.0,0.0,0.0,0.0,0.0,1.0,0.0,0.0,0.0,0.0,0.0,1.5,0.0,0.0,0.0,0.0,16.0,25903.0
2026-07-30T19:02:46.081Z,335.564,335.58,0.0,7.4,0.0,0.0,0.0,0.0,0.0,0.0,0.0,0.0,1.0,0.0,0.0,0.0,9.0,4.0,0.0,0.0,0.0,0.0,0.0,0.0,0.0,0.0,3.0,12.0,1.0,12.19,5.01,2.51,1.5,0.0,0.0,0.0,66.8,0.0,0.2,0.5,-0.2,-169.60000000000002,0.0,0.0,169.60000000000002,0.0,21.3,29.0,29.0,29.8,300.0,300.0,31.700000000000003,35.800000000000004,28.9,28.1,30.0,4.95,2.0,4.96,0.16,0.0,0.0,1027.0,8228.0,0.0,0.0,0.0,0.0,0.0,1.0,0.0,0.0,0.0,0.0,0.0,0.4,0.0,0.3,0.0,0.0,16.0,25903.0
2026-07-30T19:02:46.094Z,335.577,335.592,0.0,7.4,0.0,0.0,0.0,0.0,0.0,0.0,0.0,0.0,1.0,0.0,0.0,0.0,9.0,4.0,0.0,0.0,0.0,0.0,0.0,0.0,0.0,0.0,4.0,12.0,1.0,12.19,5.01,2.51,1.5,0.0,0.0,0.0,66.2,0.0,-0.3,0.0,-0.2,-169.60000000000002,0.0,0.0,169.8,0.0,21.3,29.0,29.0,29.8,300.0,300.0,31.700000000000003,35.800000000000004,28.9,28.1,30.0,4.95,2.0,4.97,0.16,0.0,0.0,1027.0,8228.0,0.0,0.0,0.0,0.0,0.0,1.0,0.0,0.0,0.0,0.0,0.0,-0.1,0.0,0.1,0.0,0.0,16.0,25903.0
2026-07-30T19:02:46.106Z,335.589,335.604,0.0,7.4,0.0,0.0,0.0,0.0,0.0,0.0,0.0,0.0,1.0,0.0,0.0,0.0,9.0,4.0,0.0,0.0,0.0,0.0,0.0,0.0,0.0,0.0,5.0,12.0,1.0,12.19,5.01,2.51,1.5,0.0,0.0,0.0,65.8,0.0,-0.3,-0.6000000000000001,-0.7000000000000001,-169.60000000000002,0.0,0.0,169.60000000000002,0.0,21.3,29.0,29.0,29.8,300.0,300.0,31.700000000000003,35.800000000000004,28.9,28.1,30.0,4.95,1.99,4.97,0.16,0.0,0.0,1027.0,8228.0,0.0,0.0,0.0,0.0,0.0,1.0,0.0,0.0,0.0,0.0,0.0,-1.3,0.0,0.5,0.0,0.0001,16.0,25903.0
2026-07-30T19:02:46.118Z,335.601,335.616,0.0,7.4,0.0,0.0,0.0,0.0,0.0,0.0,0.0,0.0,1.0,0.0,0.0,0.0,9.0,4.0,0.0,0.0,0.0,0.0,0.0,0.0,0.0,0.0,6.0,12.0,1.0,12.19,5.01,2.51,1.5,0.0,0.0,0.0,65.4,0.0,0.2,-0.5,-1.3,-169.60000000000002,0.0,0.0,169.70000000000002,0.0,21.3,29.0,29.0,29.8,300.0,300.0,31.700000000000003,35.800000000000004,28.9,28.1,30.0,4.96,1.99,4.97,0.16,0.0,0.0,1027.0,8228.0,0.0,0.0,0.0,0.0,0.0,1.0,0.0,0.0,0.0,0.0,0.0,-1.6,0.0,1.0,0.0,0.0001,16.0,25903.0
2026-07-30T19:02:46.130Z,335.613,335.628,0.0,7.4,0.0,0.0,0.0,0.0,0.0,0.0,0.0,0.0,1.0,0.0,0.0,0.0,9.0,4.0,0.0,0.0,0.0,0.0,0.0,0.0,0.0,0.0,1.0,12.0,1.0,12.19,5.01,2.51,1.5,0.0,0.0,0.0,64.9,0.0,0.7000000000000001,-0.6000000000000001,-0.7000000000000001,-169.60000000000002,0.0,0.0,169.70000000000002,0.0,21.3,29.0,29.0,29.8,300.0,300.0,31.700000000000003,35.800000000000004,28.9,28.1,30.0,4.95,1.99,4.96,0.16,0.0,0.0,1027.0,8228.0,0.0,0.0,0.0,0.0,0.0,1.0,0.0,0.0,0.0,0.0,0.0,-1.2000000000000002,0.0,0.5,0.0,0.0,16.0,25903.0
2026-07-30T19:02:46.142Z,335.625,335.64,0.0,7.4,0.0,0.0,0.0,0.0,0.0,0.0,0.0,0.0,1.0,0.0,0.0,0.0,9.0,4.0,0.0,0.0,0.0,0.0,0.0,0.0,0.0,0.0,2.0,12.0,1.0,12.19,5.01,2.51,1.5,0.0,0.0,0.0,64.5,0.0,0.8,-1.1,0.9,-169.60000000000002,0.0,0.0,169.70000000000002,0.0,21.3,29.0,29.0,29.8,300.0,300.0,31.700000000000003,35.800000000000004,28.9,28.1,30.0,4.95,1.99,4.96,0.16,0.0,0.0,1027.0,8228.0,0.0,0.0,0.0,0.0,0.0,1.0,0.0,0.0,0.0,0.0,0.0,-0.6000000000000001,0.0,-1.1,0.0,0.0,16.0,25903.0
2026-07-30T19:02:46.154Z,335.637,335.652,0.0,7.4,0.0,0.0,0.0,0.0,0.0,0.0,0.0,0.0,1.0,0.0,0.0,0.0,9.0,4.0,0.0,0.0,0.0,0.0,0.0,0.0,0.0,0.0,4.0,12.0,1.0,12.19,5.01,2.51,1.5,0.0,0.0,0.0,64.10000000000001,0.0,0.2,0.0,-0.7000000000000001,-169.60000000000002,0.0,0.0,169.70000000000002,0.0,21.3,29.0,29.0,29.8,300.0,300.0,31.700000000000003,35.800000000000004,28.9,28.1,30.0,4.95,1.99,4.96,0.16,0.0,0.0,1027.0,8228.0,0.0,0.0,0.0,0.0,0.0,1.0,0.0,0.0,0.0,0.0,0.0,-0.6000000000000001,0.0,0.6000000000000001,0.0,0.0,16.0,25903.0
2026-07-30T19:02:46.167Z,335.65,335.664,0.0,7.4,0.0,0.0,0.0,0.0,0.0,0.0,0.0,0.0,1.0,0.0,0.0,0.0,9.0,4.0,0.0,0.0,0.0,0.0,0.0,0.0,0.0,0.0,5.0,12.0,1.0,12.13,5.01,2.51,1.49,0.0,0.0,0.0,63.6,0.0,0.1,0.5,-1.4,-169.60000000000002,0.0,0.0,169.70000000000002,0.0,21.4,29.0,29.0,29.700000000000003,300.0,300.0,31.700000000000003,35.800000000000004,28.9,28.1,30.0,4.95,1.99,4.96,0.16,0.0,0.0,1027.0,8228.0,0.0,0.0,0.0,0.0,0.0,1.0,0.0,0.0,0.0,0.0,0.0,-0.4,0.0,1.3,0.0,0.0001,16.0,25903.0
2026-07-30T19:02:46.178Z,335.661,335.676,0.0,7.4,0.0,0.0,0.0,0.0,0.0,0.0,0.0,0.0,1.0,0.0,0.0,0.0,9.0,4.0,0.0,0.0,0.0,0.0,0.0,0.0,0.0,0.0,6.0,12.0,1.0,12.13,5.01,2.51,1.49,0.0,0.0,0.0,63.2,0.0,-0.4,-0.6000000000000001,-0.9,-169.60000000000002,0.0,0.0,169.8,0.0,21.4,29.0,29.0,29.700000000000003,300.0,300.0,31.700000000000003,35.800000000000004,28.9,28.1,30.0,4.95,1.99,4.97,0.16,0.0,0.0,1027.0,8228.0,0.0,0.0,0.0,0.0,0.0,1.0,0.0,0.0,0.0,0.0,0.0,-1.4,0.0,0.6000000000000001,0.0,0.0,16.0,25903.0
2026-07-30T19:02:46.190Z,335.673,335.688,0.0,7.4,0.0,0.0,0.0,0.0,0.0,0.0,0.0,0.0,1.0,0.0,0.0,0.0,9.0,4.0,0.0,0.0,0.0,0.0,0.0,0.0,0.0,0.0,1.0,12.0,1.0,12.13,5.01,2.51,1.49,0.0,0.0,0.0,62.7,0.0,0.1,0.0,1.4,-169.60000000000002,0.0,0.0,169.70000000000002,0.0,21.4,29.0,29.0,29.700000000000003,300.0,300.0,31.700000000000003,35.800000000000004,28.9,28.1,30.0,4.96,2.0,4.97,0.16,0.0,0.0,1027.0,8228.0,0.0,0.0,0.0,0.0,0.0,1.0,0.0,0.0,0.0,0.0,0.0,0.9,0.0,-1.2000000000000002,0.0,0.0001,16.0,25903.0
2026-07-30T19:02:46.202Z,335.685,335.7,0.0,7.4,0.0,0.0,0.0,0.0,0.0,0.0,0.0,0.0,1.0,0.0,0.0,0.0,9.0,4.0,0.0,0.0,0.0,0.0,0.0,0.0,0.0,0.0,3.0,12.0,1.0,12.13,5.01,2.51,1.49,0.0,0.0,0.0,62.3,0.0,0.1,0.0,-0.8,-169.60000000000002,0.0,0.0,169.8,0.0,21.4,29.0,29.0,29.700000000000003,300.0,300.0,31.700000000000003,35.800000000000004,28.9,28.1,30.0,4.96,1.99,4.96,0.16,0.0,0.0,1027.0,8228.0,0.0,0.0,0.0,0.0,0.0,1.0,0.0,0.0,0.0,0.0,0.0,-0.7000000000000001,0.0,0.7000000000000001,0.0,0.0,16.0,25903.0
2026-07-30T19:02:46.214Z,335.697,335.712,0.0,7.4,0.0,0.0,0.0,0.0,0.0,0.0,0.0,0.0,1.0,0.0,0.0,0.0,9.0,4.0,0.0,0.0,0.0,0.0,0.0,0.0,0.0,0.0,4.0,12.0,1.0,12.13,5.01,2.51,1.49,0.0,0.1,0.0,61.900000000000006,0.0,0.1,0.0,-0.8,-169.60000000000002,0.0,0.0,169.70000000000002,0.0,21.4,29.0,29.0,29.700000000000003,300.0,300.0,31.700000000000003,35.800000000000004,28.9,28.1,30.0,4.95,1.99,4.96,0.16,0.0,0.0,1027.0,8228.0,0.0,0.0,0.0,0.0,0.0,1.0,0.0,0.0,0.0,0.0,0.0,-0.6000000000000001,0.0,0.7000000000000001,0.0,0.0,16.0,25903.0
2026-07-30T19:02:46.226Z,335.709,335.724,0.0,7.4,0.0,0.0,0.0,0.0,0.0,0.0,0.0,0.0,1.0,0.0,0.0,0.0,9.0,4.0,0.0,0.0,0.0,0.0,0.0,0.0,0.0,0.0,6.0,12.0,1.0,12.13,5.01,2.51,1.49,0.0,0.1,0.0,61.5,0.0,0.1,-0.6000000000000001,-0.2,-169.60000000000002,0.0,0.0,169.70000000000002,0.0,21.4,29.0,29.0,29.700000000000003,300.0,300.0,31.700000000000003,35.800000000000004,28.9,28.1,30.0,4.95,1.99,4.96,0.16,0.0,0.0,1027.0,8228.0,0.0,0.0,0.0,0.0,0.0,1.0,0.0,0.0,0.0,0.0,0.0,-0.8,0.0,0.0,0.0,0.0001,16.0,25903.0
2026-07-30T19:02:46.238Z,335.721,335.736,0.0,7.4,0.0,0.0,0.0,0.0,0.0,0.0,0.0,0.0,1.0,0.0,0.0,0.0,9.0,4.0,0.0,0.0,0.0,0.0,0.0,0.0,0.0,0.0,1.0,12.0,1.0,12.13,5.01,2.51,1.49,0.0,0.0,0.0,61.1,0.0,-1.0,-1.7000000000000002,-0.1,-169.60000000000002,0.0,0.0,169.70000000000002,0.0,21.4,29.0,29.0,29.700000000000003,300.0,300.0,31.700000000000003,35.800000000000004,28.9,28.1,30.0,4.96,2.0,4.96,0.16,0.0,0.0,1027.0,8228.0,0.0,0.0,0.0,0.0,0.0,1.0,0.0,0.0,0.0,0.0,0.0,-2.1,0.0,-0.2,0.0,0.0,16.0,25903.0
2026-07-30T19:02:46.250Z,335.733,335.748,0.0,7.4,0.0,0.0,0.0,0.0,0.0,0.0,0.0,0.0,1.0,0.0,0.0,0.0,9.0,4.0,0.0,0.0,0.0,0.0,0.0,0.0,0.0,0.0,2.0,12.0,1.0,12.13,5.01,2.51,1.49,0.0,0.0,0.0,60.7,0.0,0.1,1.1,-0.1,-169.60000000000002,0.0,0.0,169.8,0.0,21.4,29.0,29.0,29.700000000000003,300.0,300.0,31.700000000000003,35.800000000000004,28.9,28.1,30.0,4.96,1.99,4.97,0.16,0.0,0.0,1027.0,8228.0,0.0,0.0,0.0,0.0,0.0,1.0,0.0,0.0,0.0,0.0,0.0,1.1,0.0,0.3,0.0,0.0001,16.0,25903.0
2026-07-30T19:02:46.262Z,335.745,335.76,0.0,7.4,0.0,0.0,0.0,0.0,0.0,0.0,0.0,0.0,1.0,0.0,0.0,0.0,9.0,4.0,0.0,0.0,0.0,0.0,0.0,0.0,0.0,0.0,3.0,12.0,1.0,12.13,5.01,2.51,1.49,0.0,0.1,0.0,60.2,0.0,0.1,0.0,-0.7000000000000001,-169.60000000000002,0.0,0.0,169.8,0.0,21.4,29.0,29.0,29.700000000000003,300.0,300.0,31.700000000000003,35.800000000000004,28.9,28.1,30.0,4.95,1.99,4.97,0.16,0.0,0.0,1027.0,8228.0,0.0,0.0,0.0,0.0,0.0,1.0,0.0,0.0,0.0,0.0,0.0,-0.4,0.0,0.6000000000000001,0.0,0.0001,16.0,25903.0
2026-07-30T19:02:46.274Z,335.757,335.772,0.0,7.4,0.0,0.0,0.0,0.0,0.0,0.0,0.0,0.0,1.0,0.0,0.0,0.0,9.0,4.0,0.0,0.0,0.0,0.0,0.0,0.0,0.0,0.0,5.0,12.0,1.0,12.18,5.01,2.51,1.49,0.0,0.0,0.0,59.900000000000006,0.0,0.1,0.6000000000000001,1.6,-169.70000000000002,0.0,0.0,169.8,0.0,21.0,29.0,29.0,29.700000000000003,300.0,300.0,31.9,35.800000000000004,28.9,28.1,30.0,4.96,1.99,4.96,0.16,0.0,0.0,1027.0,8228.0,0.0,0.0,0.0,0.0,0.0,1.0,0.0,0.0,0.0,0.0,0.0,1.9,0.0,-1.2000000000000002,0.0,0.0001,16.0,25903.0
2026-07-30T19:02:46.286Z,335.769,335.784,0.0,7.4,0.0,0.0,0.0,0.0,0.0,0.0,0.0,0.0,1.0,0.0,0.0,0.0,9.0,4.0,0.0,0.0,0.0,0.0,0.0,0.0,0.0,0.0,6.0,12.0,1.0,12.18,5.01,2.51,1.49,0.0,0.0,0.0,59.400000000000006,0.0,0.2,0.6000000000000001,-1.2000000000000002,-169.70000000000002,0.0,0.0,169.8,0.0,21.0,29.0,29.0,29.700000000000003,300.0,300.0,31.9,35.800000000000004,28.9,28.1,30.0,4.95,1.99,4.96,0.16,0.0,0.0,1027.0,8228.0,0.0,0.0,0.0,0.0,0.0,1.0,0.0,0.0,0.0,0.0,0.0,-0.2,0.0,1.2000000000000002,0.0,0.0001,16.0,25903.0
2026-07-30T19:02:46.298Z,335.781,335.796,0.0,7.4,0.0,0.0,0.0,0.0,0.0,0.0,0.0,0.0,1.0,0.0,0.0,0.0,9.0,4.0,0.0,0.0,0.0,0.0,0.0,0.0,0.0,0.0,1.0,12.0,1.0,12.18,5.01,2.51,1.49,0.0,0.1,0.0,59.0,0.0,0.2,1.8,0.5,-169.70000000000002,0.0,0.0,169.8,0.0,21.0,29.0,29.0,29.700000000000003,300.0,300.0,31.9,35.800000000000004,28.9,28.1,30.0,4.95,1.99,4.97,0.16,0.0,0.0,1027.0,8228.0,0.0,0.0,0.0,0.0,0.0,1.0,0.0,0.0,0.0,0.0,0.0,2.4000000000000004,0.0,0.0,0.0,0.0,16.0,25903.0
2026-07-30T19:02:46.310Z,335.793,335.808,0.0,7.4,0.0,0.0,0.0,0.0,0.0,0.0,0.0,0.0,1.0,0.0,0.0,0.0,9.0,4.0,0.0,0.0,0.0,0.0,0.0,0.0,0.0,0.0,3.0,12.0,1.0,12.18,5.01,2.51,1.49,0.0,0.0,0.0,58.6,0.0,0.2,0.6000000000000001,0.5,-169.70000000000002,0.0,0.0,169.70000000000002,0.0,21.0,29.0,29.0,29.700000000000003,300.0,300.0,31.9,35.800000000000004,28.9,28.1,30.0,4.95,2.0,4.97,0.16,0.0,0.0,1027.0,8228.0,0.0,0.0,0.0,0.0,0.0,1.0,0.0,0.0,0.0,0.0,0.0,1.1,0.0,-0.3,0.0,0.0,16.0,25903.0
2026-07-30T19:02:46.322Z,335.805,335.82,0.0,7.4,0.0,0.0,0.0,0.0,0.0,0.0,0.0,0.0,1.0,0.0,0.0,0.0,9.0,4.0,0.0,0.0,0.0,0.0,0.0,0.0,0.0,0.0,4.0,12.0,1.0,12.18,5.01,2.51,1.49,0.0,0.0,0.0,58.2,0.0,-0.3,-0.4,-0.1,-169.70000000000002,0.0,0.0,169.70000000000002,0.0,21.0,29.0,29.0,29.700000000000003,300.0,300.0,31.9,35.800000000000004,28.9,28.1,30.0,4.96,2.0,4.96,0.16,0.0,0.0,1027.0,8228.0,0.0,0.0,0.0,0.0,0.0,1.0,0.0,0.0,0.0,0.0,0.0,-0.6000000000000001,0.0,0.0,0.0,0.0002,16.0,25903.0
2026-07-30T19:02:46.334Z,335.817,335.832,0.0,7.4,0.0,0.0,0.0,0.0,0.0,0.0,0.0,0.0,1.0,0.0,0.0,0.0,9.0,4.0,0.0,0.0,0.0,0.0,0.0,0.0,0.0,0.0,6.0,12.0,1.0,12.18,5.01,2.51,1.49,0.0,0.0,0.0,57.8,0.0,0.1,-1.6,-0.7000000000000001,-169.70000000000002,0.0,0.0,169.70000000000002,0.0,21.0,29.0,29.0,29.700000000000003,300.0,300.0,31.9,35.800000000000004,28.9,28.1,30.0,4.95,1.99,4.97,0.16,0.0,0.0,1027.0,8228.0,0.0,0.0,0.0,0.0,0.0,1.0,0.0,0.0,0.0,0.0,0.0,-2.3000000000000003,0.0,0.2,0.0,0.0,16.0,25903.0
2026-07-30T19:02:46.346Z,335.829,335.844,0.0,7.4,0.0,0.0,0.0,0.0,0.0,0.0,0.0,0.0,1.0,0.0,0.0,0.0,9.0,4.0,0.0,0.0,0.0,0.0,0.0,0.0,0.0,0.0,1.0,12.0,1.0,12.18,5.01,2.51,1.49,0.0,0.0,0.0,57.400000000000006,0.0,-0.9,0.0,-0.7000000000000001,-169.70000000000002,0.0,0.0,169.70000000000002,0.0,21.0,29.0,29.0,29.700000000000003,300.0,300.0,31.9,35.800000000000004,28.9,28.1,30.0,4.95,1.99,4.96,0.16,0.0,0.0,1027.0,8228.0,0.0,0.0,0.0,0.0,0.0,1.0,0.0,0.0,0.0,0.0,0.0,-0.4,0.0,0.6000000000000001,0.0,0.0001,16.0,25903.0
2026-07-30T19:02:46.358Z,335.841,335.856,0.0,7.4,0.0,0.0,0.0,0.0,0.0,0.0,0.0,0.0,1.0,0.0,0.0,0.0,9.0,4.0,0.0,0.0,0.0,0.0,0.0,0.0,0.0,0.0,3.0,12.0,1.0,12.18,5.01,2.51,1.49,0.0,0.0,0.0,57.0,0.0,0.1,0.6000000000000001,-0.2,-169.70000000000002,0.0,0.0,169.60000000000002,0.0,21.0,29.0,29.0,29.700000000000003,300.0,300.0,31.9,35.800000000000004,28.9,28.1,30.0,4.96,1.99,4.96,0.16,0.0,0.0,1027.0,8228.0,0.0,0.0,0.0,0.0,0.0,1.0,0.0,0.0,0.0,0.0,0.0,0.5,0.0,0.3,0.0,0.0001,16.0,25903.0
2026-07-30T19:02:46.371Z,335.854,335.868,0.0,7.4,0.0,0.0,0.0,0.0,0.0,0.0,0.0,0.0,1.0,0.0,0.0,0.0,9.0,4.0,0.0,0.0,0.0,0.0,0.0,0.0,0.0,0.0,4.0,12.0,1.0,12.15,5.01,2.51,1.49,0.0,0.0,0.0,56.6,0.0,-1.0,0.0,0.4,-169.70000000000002,0.0,0.0,169.60000000000002,0.0,21.700000000000003,29.0,29.0,29.700000000000003,300.0,300.0,31.9,35.800000000000004,28.9,28.1,30.0,4.95,1.99,4.96,0.16,0.0,0.0,1027.0,8228.0,0.0,0.0,0.0,0.0,0.0,1.0,0.0,0.0,0.0,0.0,0.0,0.3,0.0,-0.3,0.0,0.0001,16.0,25903.0
2026-07-30T19:02:46.382Z,335.865,335.88,0.0,7.4,0.0,0.0,0.0,0.0,0.0,0.0,0.0,0.0,1.0,0.0,0.0,0.0,9.0,4.0,0.0,0.0,0.0,0.0,0.0,0.0,0.0,0.0,6.0,12.0,1.0,12.15,5.01,2.51,1.49,-0.1,0.0,0.0,56.2,0.0,-0.4,0.0,-0.1,-169.70000000000002,0.0,0.0,169.60000000000002,0.0,21.700000000000003,29.0,29.0,29.700000000000003,300.0,300.0,31.9,35.800000000000004,28.9,28.1,30.0,4.96,1.99,4.97,0.16,0.0,0.0,1027.0,8228.0,0.0,0.0,0.0,0.0,0.0,1.0,0.0,0.0,0.0,0.0,0.0,0.0,0.0,0.1,0.0,0.0,16.0,25903.0
2026-07-30T19:02:46.394Z,335.877,335.892,0.0,7.4,0.0,0.0,0.0,0.0,0.0,0.0,0.0,0.0,1.0,0.0,0.0,0.0,9.0,4.0,0.0,0.0,0.0,0.0,0.0,0.0,0.0,0.0,1.0,12.0,1.0,12.15,5.01,2.51,1.49,0.0,0.0,0.0,55.8,0.0,-0.4,0.0,-0.1,-169.60000000000002,0.0,0.0,169.60000000000002,0.0,21.700000000000003,29.0,29.0,29.700000000000003,300.0,300.0,31.9,35.800000000000004,28.9,28.1,30.0,4.96,2.0,4.96,0.16,0.0,0.0,1027.0,8228.0,0.0,0.0,0.0,0.0,0.0,1.0,0.0,0.0,0.0,0.0,0.0,0.0,0.0,0.1,0.0,0.0,16.0,25903.0
2026-07-30T19:02:46.406Z,335.889,335.904,0.0,7.4,0.0,0.0,0.0,0.0,0.0,0.0,0.0,0.0,1.0,0.0,0.0,0.0,9.0,4.0,0.0,0.0,0.0,0.0,0.0,0.0,0.0,0.0,3.0,12.0,1.0,12.15,5.01,2.51,1.49,0.0,0.0,0.0,55.400000000000006,0.0,-0.4,1.2000000000000002,-0.7000000000000001,-169.60000000000002,0.0,0.0,169.60000000000002,0.0,21.700000000000003,29.0,29.0,29.700000000000003,300.0,300.0,31.9,35.800000000000004,28.9,28.1,30.0,4.96,1.99,4.96,0.16,0.0,0.0,1027.0,8228.0,0.0,0.0,0.0,0.0,0.0,1.0,0.0,0.0,0.0,0.0,0.0,0.8,0.0,0.9,0.0,0.0,16.0,25903.0
2026-07-30T19:02:46.417Z,335.9,335.916,0.0,7.4,0.0,0.0,0.0,0.0,0.0,0.0,0.0,0.0,1.0,0.0,0.0,0.0,9.0,4.0,0.0,0.0,0.0,0.0,0.0,0.0,0.0,0.0,4.0,12.0,1.0,12.15,5.01,2.51,1.49,0.0,0.0,0.0,55.1,0.0,0.1,-0.5,0.4,-169.60000000000002,0.0,0.0,169.60000000000002,0.0,21.700000000000003,29.0,29.0,29.700000000000003,300.0,300.0,31.9,35.800000000000004,28.9,28.1,30.0,4.95,1.99,4.97,0.16,0.0,0.0,1027.0,8228.0,0.0,0.0,0.0,0.0,0.0,1.0,0.0,0.0,0.0,0.0,0.0,-0.2,0.0,-0.4,0.0,0.0,16.0,25903.0
2026-07-30T19:02:46.430Z,335.913,335.928,0.0,7.4,0.0,0.0,0.0,0.0,0.0,0.0,0.0,0.0,1.0,0.0,0.0,0.0,9.0,4.0,0.0,0.0,0.0,0.0,0.0,0.0,0.0,0.0,6.0,12.0,1.0,12.15,5.01,2.51,1.49,0.0,0.0,0.0,54.7,0.0,0.1,0.6000000000000001,2.2,-169.60000000000002,0.0,0.0,169.60000000000002,0.0,21.700000000000003,29.0,29.0,29.700000000000003,300.0,300.0,31.9,35.800000000000004,28.9,28.1,30.0,4.96,1.99,4.96,0.16,0.0,0.0,1027.0,8228.0,0.0,0.0,0.0,0.0,0.0,1.0,0.0,0.0,0.0,0.0,0.0,2.3000000000000003,0.0,-1.8,0.0,0.0,16.0,25903.0
2026-07-30T19:02:46.441Z,335.924,335.94,0.0,7.4,0.0,0.0,0.0,0.0,0.0,0.0,0.0,0.0,1.0,0.0,0.0,0.0,9.0,4.0,0.0,0.0,0.0,0.0,0.0,0.0,0.0,0.0,1.0,12.0,1.0,12.15,5.01,2.51,1.49,0.0,0.0,0.0,54.3,0.0,-0.4,1.2000000000000002,-0.1,-169.60000000000002,0.0,0.0,169.60000000000002,0.0,21.700000000000003,29.0,29.0,29.700000000000003,300.0,300.0,31.9,35.800000000000004,28.9,28.1,30.0,4.96,1.99,4.96,0.16,0.0,0.0,1027.0,8228.0,0.0,0.0,0.0,0.0,0.0,1.0,0.0,0.0,0.0,0.0,0.0,1.2000000000000002,0.0,0.3,0.0,0.0,16.0,25903.0
2026-07-30T19:02:46.454Z,335.937,335.952,0.0,7.4,0.0,0.0,0.0,0.0,0.0,0.0,0.0,0.0,1.0,0.0,0.0,0.0,9.0,4.0,0.0,0.0,0.0,0.0,0.0,0.0,0.0,0.0,2.0,12.0,1.0,12.15,5.01,2.51,1.49,0.0,0.1,0.0,53.900000000000006,0.0,-1.5,-0.5,0.4,-169.60000000000002,0.0,0.0,169.60000000000002,0.0,21.700000000000003,29.0,29.0,29.700000000000003,300.0,300.0,31.9,35.800000000000004,28.9,28.1,30.0,4.95,1.99,4.96,0.16,0.0,0.0,1027.0,8228.0,0.0,0.0,0.0,0.0,0.0,1.0,0.0,0.0,0.0,0.0,0.0,-0.3,0.0,-0.5,0.0,0.0,16.0,25903.0
2026-07-30T19:02:46.466Z,335.949,335.964,0.0,7.4,0.0,0.0,0.0,0.0,0.0,0.0,0.0,0.0,1.0,0.0,0.0,0.0,9.0,4.0,0.0,0.0,0.0,0.0,0.0,0.0,0.0,0.0,4.0,12.0,1.0,12.15,5.01,2.51,1.49,0.0,0.0,0.0,53.6,0.0,0.7000000000000001,-0.6000000000000001,-0.1,-169.60000000000002,0.0,0.0,169.70000000000002,0.0,21.700000000000003,29.0,29.0,29.700000000000003,300.0,300.0,31.9,35.800000000000004,28.9,28.1,30.0,4.95,1.99,4.97,0.16,0.0,0.0,1027.0,8228.0,0.0,0.0,0.0,0.0,0.0,1.0,0.0,0.0,0.0,0.0,0.0,-0.3,0.0,-0.4,0.0,0.0,16.0,25903.0
2026-07-30T19:02:46.478Z,335.961,335.976,0.0,7.4,0.0,0.0,0.0,0.0,0.0,0.0,0.0,0.0,1.0,0.0,0.0,0.0,9.0,4.0,0.0,0.0,0.0,0.0,0.0,0.0,0.0,0.0,6.0,12.0,1.0,12.18,5.01,2.51,1.49,0.0,0.0,0.0,53.2,0.0,0.7000000000000001,-0.5,-0.1,-169.60000000000002,0.0,0.0,169.70000000000002,0.0,21.8,29.0,29.0,29.700000000000003,300.0,300.0,31.700000000000003,35.800000000000004,28.9,28.1,30.0,4.96,2.0,4.96,0.16,0.0,0.0,1027.0,8228.0,0.0,0.0,0.0,0.0,0.0,1.0,0.0,0.0,0.0,0.0,0.0,0.5,0.0,0.2,0.0,0.0,16.0,25903.0
2026-07-30T19:02:46.490Z,335.973,335.988,0.0,7.4,0.0,0.0,0.0,0.0,0.0,0.0,0.0,0.0,1.0,0.0,0.0,0.0,9.0,4.0,0.0,0.0,0.0,0.0,0.0,0.0,0.0,0.0,1.0,12.0,1.0,12.18,5.01,2.51,1.49,0.0,0.0,0.0,52.8,0.0,-0.4,0.5,-1.3,-169.60000000000002,0.0,0.0,169.60000000000002,0.0,21.8,29.0,29.0,29.700000000000003,300.0,300.0,31.700000000000003,35.800000000000004,28.9,28.1,30.0,4.96,1.99,4.97,0.16,0.0,0.0,1027.0,8228.0,0.0,0.0,0.0,0.0,0.0,1.0,0.0,0.0,0.0,0.0,0.0,-0.1,0.0,0.1,0.0,0.0,16.0,25903.0
2026-07-30T19:02:46.502Z,335.985,336.0,0.0,7.4,0.0,0.0,0.0,0.0,0.0,0.0,0.0,0.0,1.0,0.0,0.0,0.0,9.0,4.0,0.0,0.0,0.0,0.0,0.0,0.0,0.0,0.0,3.0,12.0,1.0,12.18,5.01,2.51,1.49,0.0,0.1,0.0,52.400000000000006,0.0,0.1,0.5,1.5,-169.60000000000002,0.0,0.0,169.60000000000002,0.0,21.8,29.0,29.0,29.700000000000003,300.0,300.0,31.700000000000003,35.800000000000004,28.9,28.1,30.0,4.95,2.0,4.97,0.16,0.0,0.0,1027.0,8228.0,0.0,0.0,0.0,0.0,0.0,1.0,0.0,0.0,0.0,0.0,0.0,1.7000000000000002,0.0,-1.2000000000000002,0.0,0.0001,16.0,25903.0
2026-07-30T19:02:46.513Z,335.996,336.012,0.0,7.4,0.0,0.0,0.0,0.0,0.0,0.0,0.0,0.0,1.0,0.0,0.0,0.0,9.0,4.0,0.0,0.0,0.0,0.0,0.0,0.0,0.0,0.0,4.0,12.0,1.0,12.18,5.01,2.51,1.49,0.0,0.0,0.0,52.0,0.0,0.1,0.0,-0.7000000000000001,-169.60000000000002,0.0,0.0,169.60000000000002,0.0,21.8,29.0,29.0,29.700000000000003,300.0,300.0,31.700000000000003,35.800000000000004,28.9,28.1,30.0,4.96,2.0,4.96,0.16,0.0,0.0,1027.0,8228.0,0.0,0.0,0.0,0.0,0.0,1.0,0.0,0.0,0.0,0.0,0.0,-0.6000000000000001,0.0,0.6000000000000001,0.0,0.0,16.0,25903.0
2026-07-30T19:02:46.526Z,336.009,336.024,0.0,7.4,0.0,0.0,0.0,0.0,0.0,0.0,0.0,0.0,1.0,0.0,0.0,0.0,9.0,4.0,0.0,0.0,0.0,0.0,0.0,0.0,0.0,0.0,5.0,12.0,1.0,12.18,5.01,2.51,1.49,0.0,0.0,0.0,51.7,0.0,-0.4,0.5,0.4,-169.60000000000002,0.0,0.0,169.70000000000002,0.0,21.8,29.0,29.0,29.700000000000003,300.0,300.0,31.700000000000003,35.800000000000004,28.9,28.1,30.0,4.95,2.0,4.96,0.16,0.0,0.0,1027.0,8228.0,0.0,0.0,0.0,0.0,0.0,1.0,0.0,0.0,0.0,0.0,0.0,0.9,0.0,-0.2,0.0,0.0,16.0,25903.0
2026-07-30T19:02:46.538Z,336.021,336.036,0.0,7.4,0.0,0.0,0.0,0.0,0.0,0.0,0.0,0.0,1.0,0.0,0.0,0.0,9.0,4.0,0.0,0.0,0.0,0.0,0.0,0.0,0.0,0.0,1.0,12.0,1.0,12.18,5.01,2.51,1.49,0.0,0.0,0.0,51.3,0.0,-0.4,-1.2000000000000002,-1.8,-169.60000000000002,0.0,0.0,169.70000000000002,0.0,21.8,29.0,29.0,29.700000000000003,300.0,300.0,31.700000000000003,35.800000000000004,28.9,28.1,30.0,4.95,1.99,4.97,0.16,0.0,0.0,1027.0,8228.0,0.0,0.0,0.0,0.0,0.0,1.0,0.0,0.0,0.0,0.0,0.0,-2.7,0.0,1.3,0.0,0.0,16.0,25903.0
2026-07-30T19:02:46.550Z,336.033,336.048,0.0,7.4,0.0,0.0,0.0,0.0,0.0,0.0,0.0,0.0,1.0,0.0,0.0,0.0,9.0,4.0,0.0,0.0,0.0,0.0,0.0,0.0,0.0,0.0,2.0,12.0,1.0,12.18,5.01,2.51,1.49,0.0,0.0,0.0,50.900000000000006,0.0,0.1,0.6000000000000001,1.6,-169.60000000000002,0.0,0.0,169.60000000000002,0.0,21.8,29.0,29.0,29.700000000000003,300.0,300.0,31.700000000000003,35.800000000000004,28.9,28.1,30.0,4.95,1.99,4.97,0.16,0.0,0.0,1027.0,8228.0,0.0,0.0,0.0,0.0,0.0,1.0,0.0,0.0,0.0,0.0,0.0,1.9,0.0,-1.3,0.0,0.0,16.0,25903.0
2026-07-30T19:02:46.562Z,336.045,336.06,0.0,7.4,0.0,0.0,0.0,0.0,0.0,0.0,0.0,0.0,1.0,0.0,0.0,0.0,9.0,4.0,0.0,0.0,0.0,0.0,0.0,0.0,0.0,0.0,3.0,12.0,1.0,12.18,5.01,2.51,1.49,0.0,0.0,0.0,50.6,0.0,0.1,-0.5,0.0,-169.60000000000002,0.0,0.0,169.60000000000002,0.0,21.8,29.0,29.0,29.700000000000003,300.0,300.0,31.700000000000003,35.800000000000004,28.9,28.1,30.0,4.96,1.99,4.97,0.16,0.0,0.0,1027.0,8228.0,0.0,0.0,0.0,0.0,0.0,1.0,0.0,0.0,0.0,0.0,0.0,-0.6000000000000001,0.0,0.0,0.0,0.0,16.0,25903.0
2026-07-30T19:02:46.574Z,336.057,336.072,0.0,7.4,0.0,0.0,0.0,0.0,0.0,0.0,0.0,0.0,1.0,0.0,0.0,0.0,9.0,4.0,0.0,0.0,0.0,0.0,0.0,0.0,0.0,0.0,4.0,12.0,1.0,12.18,5.01,2.5,1.49,0.0,0.0,0.0,50.3,0.0,-0.9,-1.1,-1.2000000000000002,-169.60000000000002,0.0,0.0,169.70000000000002,0.0,21.4,29.0,29.0,29.700000000000003,300.0,300.0,31.700000000000003,35.800000000000004,28.9,28.1,30.0,4.95,1.99,4.97,0.16,0.0,0.0,1027.0,8228.0,0.0,0.0,0.0,0.0,0.0,1.0,0.0,0.0,0.0,0.0,0.0,-2.1,0.0,0.8,0.0,0.0,16.0,25903.0
2026-07-30T19:02:46.586Z,336.069,336.084,0.0,7.4,0.0,0.0,0.0,0.0,0.0,0.0,0.0,0.0,1.0,0.0,0.0,0.0,9.0,4.0,0.0,0.0,0.0,0.0,0.0,0.0,0.0,0.0,5.0,12.0,1.0,12.18,5.01,2.5,1.49,0.0,0.0,0.0,49.900000000000006,0.0,-0.9,-0.6000000000000001,-0.1,-169.60000000000002,0.0,0.0,169.70000000000002,0.0,21.4,29.0,29.0,29.700000000000003,300.0,300.0,31.700000000000003,35.800000000000004,28.9,28.1,30.0,4.95,1.99,4.96,0.16,0.0,0.0,1027.0,8228.0,0.0,0.0,0.0,0.0,0.0,1.0,0.0,0.0,0.0,0.0,0.0,-0.7000000000000001,0.0,0.0,0.0,0.0,16.0,25903.0
2026-07-30T19:02:46.598Z,336.081,336.096,0.0,7.4,0.0,0.0,0.0,0.0,0.0,0.0,0.0,0.0,1.0,0.0,0.0,0.0,9.0,4.0,0.0,0.0,0.0,0.0,0.0,0.0,0.0,0.0,1.0,12.0,1.0,12.18,5.01,2.5,1.49,0.0,0.0,0.0,49.5,0.0,0.7000000000000001,0.0,-0.6000000000000001,-169.60000000000002,0.0,0.0,169.70000000000002,0.0,21.4,29.0,29.0,29.700000000000003,300.0,300.0,31.700000000000003,35.800000000000004,28.9,28.1,30.0,4.96,2.0,4.96,0.16,0.0,0.0,1027.0,8228.0,0.0,0.0,0.0,0.0,0.0,1.0,0.0,0.0,0.0,0.0,0.0,-0.4,0.0,0.5,0.0,0.0,16.0,25903.0
2026-07-30T19:02:46.610Z,336.093,336.108,0.0,7.4,0.0,0.0,0.0,0.0,0.0,0.0,0.0,0.0,1.0,0.0,0.0,0.0,9.0,4.0,0.0,0.0,0.0,0.0,0.0,0.0,0.0,0.0,2.0,12.0,1.0,12.18,5.01,2.5,1.49,0.0,0.0,0.0,49.2,0.0,-0.3,-0.5,0.4,-169.60000000000002,0.0,0.0,169.60000000000002,0.0,21.4,29.0,29.0,29.700000000000003,300.0,300.0,31.700000000000003,35.800000000000004,28.9,28.1,30.0,4.95,2.0,4.96,0.16,0.0,0.0,1027.0,8228.0,0.0,0.0,0.0,0.0,0.0,1.0,0.0,0.0,0.0,0.0,0.0,-0.2,0.0,-0.5,0.0,0.0,16.0,25903.0
2026-07-30T19:02:46.622Z,336.105,336.12,0.0,7.4,0.0,0.0,0.0,0.0,0.0,0.0,0.0,0.0,1.0,0.0,0.0,0.0,9.0,4.0,0.0,0.0,0.0,0.0,0.0,0.0,0.0,0.0,3.0,12.0,1.0,12.18,5.01,2.5,1.49,0.0,0.0,0.0,48.900000000000006,0.0,-0.3,-1.1,0.0,-169.60000000000002,0.0,0.0,169.70000000000002,0.0,21.4,29.0,29.0,29.700000000000003,300.0,300.0,31.700000000000003,35.800000000000004,28.9,28.1,30.0,4.96,1.99,4.97,0.16,0.0,0.0,1027.0,8228.0,0.0,0.0,0.0,0.0,0.0,1.0,0.0,0.0,0.0,0.0,0.0,-1.2000000000000002,0.0,-0.2,0.0,0.0,16.0,25903.0
2026-07-30T19:02:46.634Z,336.117,336.132,0.0,7.4,0.0,0.0,0.0,0.0,0.0,0.0,0.0,0.0,1.0,0.0,0.0,0.0,9.0,4.0,0.0,0.0,0.0,0.0,0.0,0.0,0.0,0.0,5.0,12.0,1.0,12.18,5.01,2.5,1.49,0.0,0.0,0.0,48.400000000000006,0.0,0.8,0.0,1.1,-169.60000000000002,0.0,0.0,169.70000000000002,0.0,21.4,29.0,29.0,29.700000000000003,300.0,300.0,31.700000000000003,35.800000000000004,28.9,28.1,30.0,4.96,1.99,4.96,0.16,0.0,0.0,1027.0,8228.0,0.0,0.0,0.0,0.0,0.0,1.0,0.0,0.0,0.0,0.0,0.0,0.9,0.0,-0.9,0.0,0.0,16.0,25903.0
2026-07-30T19:02:46.646Z,336.129,336.144,0.0,7.4,0.0,0.0,0.0,0.0,0.0,0.0,0.0,0.0,1.0,0.0,0.0,0.0,9.0,4.0,0.0,0.0,0.0,0.0,0.0,0.0,0.0,0.0,6.0,12.0,1.0,12.18,5.01,2.5,1.49,-0.1,0.0,0.0,48.2,0.0,0.2,0.6000000000000001,1.1,-169.60000000000002,0.0,0.0,169.70000000000002,0.0,21.4,29.0,29.0,29.700000000000003,300.0,300.0,31.700000000000003,35.800000000000004,28.9,28.1,30.0,4.96,1.99,4.96,0.16,0.0,0.0,1027.0,8228.0,0.0,0.0,0.0,0.0,0.0,1.0,0.0,0.0,0.0,0.0,0.0,1.6,0.0,-0.8,0.0,0.0,16.0,25903.0
2026-07-30T19:02:46.658Z,336.141,336.156,0.0,7.4,0.0,0.0,0.0,0.0,0.0,0.0,0.0,0.0,1.0,0.0,0.0,0.0,9.0,4.0,0.0,0.0,0.0,0.0,0.0,0.0,0.0,0.0,1.0,12.0,1.0,12.18,5.01,2.5,1.49,0.0,0.0,0.0,47.7,0.0,-0.2,0.1,-1.8,-169.60000000000002,0.0,0.0,169.70000000000002,0.0,21.4,29.0,29.0,29.700000000000003,300.0,300.0,31.700000000000003,35.800000000000004,28.9,28.1,30.0,4.95,1.99,4.97,0.16,0.0,0.0,1027.0,8228.0,0.0,0.0,0.0,0.0,0.0,1.0,0.0,0.0,0.0,0.0,0.0,-1.2000000000000002,0.0,1.6,0.0,0.0,16.0,25903.0
2026-07-30T19:02:46.670Z,336.153,336.168,0.0,7.4,0.0,0.0,0.0,0.0,0.0,0.0,0.0,0.0,1.0,0.0,0.0,0.0,9.0,4.0,0.0,0.0,0.0,0.0,0.0,0.0,0.0,0.0,3.0,12.0,1.0,12.18,5.01,2.5,1.49,0.0,0.0,0.0,47.400000000000006,0.0,0.3,0.1,0.5,-169.60000000000002,0.0,0.0,169.60000000000002,0.0,21.4,29.0,29.0,29.700000000000003,300.0,300.0,31.700000000000003,35.800000000000004,28.9,28.1,30.0,4.96,1.99,4.96,0.16,0.0,0.0,1027.0,8228.0,0.0,0.0,0.0,0.0,0.0,1.0,0.0,0.0,0.0,0.0,0.0,0.6000000000000001,0.0,-0.4,0.0,0.0,16.0,25903.0
2026-07-30T19:02:46.682Z,336.165,336.18,0.0,7.4,0.0,0.0,0.0,0.0,0.0,0.0,0.0,0.0,1.0,0.0,0.0,0.0,9.0,4.0,0.0,0.0,0.0,0.0,0.0,0.0,0.0,0.0,4.0,12.0,1.0,12.14,5.01,2.51,1.49,0.0,0.0,0.0,47.1,0.0,0.3,1.3,1.7000000000000002,-169.60000000000002,0.0,0.0,169.70000000000002,0.0,21.8,29.0,29.0,29.700000000000003,300.0,300.0,31.700000000000003,35.800000000000004,28.9,28.1,29.9,4.96,2.0,4.96,0.16,0.0,0.0,1027.0,8228.0,0.0,0.0,0.0,0.0,0.0,1.0,0.0,0.0,0.0,0.0,0.0,2.7,0.0,-1.2000000000000002,0.0,0.0,16.0,25903.0
2026-07-30T19:02:46.694Z,336.177,336.192,0.0,7.4,0.0,0.0,0.0,0.0,0.0,0.0,0.0,0.0,1.0,0.0,0.0,0.0,9.0,4.0,0.0,0.0,0.0,0.0,0.0,0.0,0.0,0.0,5.0,12.0,1.0,12.14,5.01,2.51,1.49,0.0,0.0,0.0,46.7,0.0,-0.2,0.1,0.5,-169.60000000000002,0.0,0.0,169.70000000000002,0.0,21.8,29.0,29.0,29.700000000000003,300.0,300.0,31.700000000000003,35.800000000000004,28.9,28.1,29.9,4.95,1.99,4.96,0.16,0.0,0.0,1027.0,8228.0,0.0,0.0,0.0,0.0,0.0,1.0,0.0,0.0,0.0,0.0,0.0,0.5,0.0,-0.4,0.0,0.0001,16.0,25903.0
2026-07-30T19:02:46.706Z,336.189,336.204,0.0,7.4,0.0,0.0,0.0,0.0,0.0,0.0,0.0,0.0,1.0,0.0,0.0,0.0,9.0,4.0,0.0,0.0,0.0,0.0,0.0,0.0,0.0,0.0,6.0,12.0,1.0,12.14,5.01,2.51,1.49,0.0,0.1,0.0,46.5,0.0,-0.7000000000000001,-0.9,0.0,-169.60000000000002,0.0,0.0,169.60000000000002,0.0,21.8,29.0,29.0,29.700000000000003,300.0,300.0,31.700000000000003,35.800000000000004,28.9,28.1,29.9,4.95,1.99,4.97,0.16,0.0,0.0,1027.0,8228.0,0.0,0.0,0.0,0.0,0.0,1.0,0.0,0.0,0.0,0.0,0.0,-1.1,0.0,-0.1,0.0,0.0,16.0,25903.0
2026-07-30T19:02:46.718Z,336.201,336.216,0.0,7.4,0.0,0.0,0.0,0.0,0.0,0.0,0.0,0.0,1.0,0.0,0.0,0.0,9.0,4.0,0.0,0.0,0.0,0.0,0.0,0.0,0.0,0.0,1.0,12.0,1.0,12.14,5.01,2.51,1.49,0.0,0.0,0.0,46.1,0.0,-0.7000000000000001,-0.9,-0.6000000000000001,-169.60000000000002,0.0,0.0,169.60000000000002,0.0,21.8,29.0,29.0,29.700000000000003,300.0,300.0,31.700000000000003,35.800000000000004,28.9,28.1,29.9,4.96,1.99,4.96,0.16,0.0,0.0,1027.0,8228.0,0.0,0.0,0.0,0.0,0.0,1.0,0.0,0.0,0.0,0.0,0.0,-1.5,0.0,0.3,0.0,0.0,16.0,25903.0
2026-07-30T19:02:46.730Z,336.213,336.228,0.0,7.4,0.0,0.0,0.0,0.0,0.0,0.0,0.0,0.0,1.0,0.0,0.0,0.0,9.0,4.0,0.0,0.0,0.0,0.0,0.0,0.0,0.0,0.0,2.0,12.0,1.0,12.14,5.01,2.51,1.49,0.0,0.0,0.0,45.8,0.0,0.3,1.9,0.5,-169.60000000000002,0.0,0.0,169.60000000000002,0.0,21.8,29.0,29.0,29.700000000000003,300.0,300.0,31.700000000000003,35.800000000000004,28.9,28.1,29.9,4.96,1.99,4.96,0.16,0.0,0.0,1027.0,8228.0,0.0,0.0,0.0,0.0,0.0,1.0,0.0,0.0,0.0,0.0,0.0,2.5,0.0,0.0,0.0,0.0,16.0,25903.0
2026-07-30T19:02:46.741Z,336.224,336.24,0.0,7.4,0.0,0.0,0.0,0.0,0.0,0.0,0.0,0.0,1.0,0.0,0.0,0.0,9.0,4.0,0.0,0.0,0.0,0.0,0.0,0.0,0.0,0.0,3.0,12.0,1.0,12.14,5.01,2.51,1.49,0.0,0.0,0.0,45.5,0.0,0.3,0.1,0.5,-169.60000000000002,0.0,0.0,169.60000000000002,0.0,21.8,29.0,29.0,29.700000000000003,300.0,300.0,31.700000000000003,35.800000000000004,28.9,28.1,29.9,4.95,2.0,4.96,0.16,0.0,0.0,1027.0,8228.0,0.0,0.0,0.0,0.0,0.0,1.0,0.0,0.0,0.0,0.0,0.0,0.5,0.0,-0.4,0.0,0.0,16.0,25903.0
2026-07-30T19:02:46.754Z,336.237,336.252,0.0,7.4,0.0,0.0,0.0,0.0,0.0,0.0,0.0,0.0,1.0,0.0,0.0,0.0,9.0,4.0,0.0,0.0,0.0,0.0,0.0,0.0,0.0,0.0,4.0,12.0,1.0,12.14,5.01,2.51,1.49,0.0,0.0,0.0,45.1,0.0,-0.2,0.7000000000000001,-0.6000000000000001,-169.60000000000002,0.0,0.0,169.70000000000002,0.0,21.8,29.0,29.0,29.700000000000003,300.0,300.0,31.700000000000003,35.800000000000004,28.9,28.1,29.9,4.95,2.0,4.96,0.16,0.0,0.0,1027.0,8228.0,0.0,0.0,0.0,0.0,0.0,1.0,0.0,0.0,0.0,0.0,0.0,0.3,0.0,0.7000000000000001,0.0,0.0,16.0,25903.0
2026-07-30T19:02:46.766Z,336.249,336.264,0.0,7.4,0.0,0.0,0.0,0.0,0.0,0.0,0.0,0.0,1.0,0.0,0.0,0.0,9.0,4.0,0.0,0.0,0.0,0.0,0.0,0.0,0.0,0.0,5.0,12.0,1.0,12.14,5.01,2.51,1.49,0.0,0.0,0.0,44.8,0.0,-0.7000000000000001,-1.0,-1.7000000000000002,-169.60000000000002,0.0,0.0,169.70000000000002,0.0,21.8,29.0,29.0,29.700000000000003,300.0,300.0,31.700000000000003,35.800000000000004,28.9,28.1,29.9,4.96,1.99,4.96,0.16,0.0,0.0,1027.0,8228.0,0.0,0.0,0.0,0.0,0.0,1.0,0.0,0.0,0.0,0.0,0.0,-2.4000000000000004,0.0,1.3,0.0,0.0001,16.0,25903.0
2026-07-30T19:02:46.779Z,336.262,336.276,0.0,7.4,0.0,0.0,0.0,0.0,0.0,0.0,0.0,0.0,1.0,0.0,0.0,0.0,9.0,4.0,0.0,0.0,0.0,0.0,0.0,0.0,0.0,0.0,6.0,12.0,1.0,12.17,5.0200000000000005,2.51,1.49,0.0,0.0,0.0,44.5,0.0,-0.1,-0.4,-1.1,-169.60000000000002,0.0,0.0,169.60000000000002,0.0,20.9,29.0,29.0,29.700000000000003,300.0,300.0,31.8,35.800000000000004,28.9,28.1,30.0,4.96,1.99,4.97,0.16,0.0,0.0,1027.0,8228.0,0.0,0.0,0.0,0.0,0.0,1.0,0.0,0.0,0.0,0.0,0.0,-1.3,0.0,0.9,0.0,0.0,16.0,25903.0
2026-07-30T19:02:46.790Z,336.273,336.288,0.0,7.4,0.0,0.0,0.0,0.0,0.0,0.0,0.0,0.0,1.0,0.0,0.0,0.0,9.0,4.0,0.0,0.0,0.0,0.0,0.0,0.0,0.0,0.0,1.0,12.0,1.0,12.17,5.0200000000000005,2.51,1.49,0.0,0.0,0.0,44.1,0.0,-0.2,-0.4,-0.6000000000000001,-169.60000000000002,0.0,0.0,169.60000000000002,0.0,20.9,29.0,29.0,29.700000000000003,300.0,300.0,31.8,35.800000000000004,28.9,28.1,30.0,4.95,1.99,4.97,0.16,0.0,0.0,1027.0,8228.0,0.0,0.0,0.0,0.0,0.0,1.0,0.0,0.0,0.0,0.0,0.0,-0.9,0.0,0.4,0.0,0.0,16.0,25903.0
2026-07-30T19:02:46.802Z,336.285,336.3,0.0,7.4,0.0,0.0,0.0,0.0,0.0,0.0,0.0,0.0,1.0,0.0,0.0,0.0,9.0,4.0,0.0,0.0,0.0,0.0,0.0,0.0,0.0,0.0,3.0,12.0,1.0,12.17,5.0200000000000005,2.51,1.49,0.0,0.0,0.0,43.8,0.0,0.3,-0.3,0.0,-169.60000000000002,0.0,0.0,169.60000000000002,0.0,20.9,29.0,29.0,29.700000000000003,300.0,300.0,31.8,35.800000000000004,28.9,28.1,30.0,4.96,1.99,4.96,0.16,0.0,0.0,1027.0,8228.0,0.0,0.0,0.0,0.0,0.0,1.0,0.0,0.0,0.0,0.0,0.0,-0.5,0.0,0.0,0.0,0.0,16.0,25903.0
2026-07-30T19:02:46.814Z,336.297,336.312,0.0,7.4,0.0,0.0,0.0,0.0,0.0,0.0,0.0,0.0,1.0,0.0,0.0,0.0,9.0,4.0,0.0,0.0,0.0,0.0,0.0,0.0,0.0,0.0,4.0,12.0,1.0,12.17,5.0200000000000005,2.51,1.49,0.0,0.1,0.0,43.5,0.0,0.9,-0.9,1.0,-169.60000000000002,0.0,0.0,169.60000000000002,0.0,20.9,29.0,29.0,29.700000000000003,300.0,300.0,31.8,35.800000000000004,28.9,28.1,30.0,4.95,1.99,4.96,0.16,0.0,0.0,1027.0,8228.0,0.0,0.0,0.0,0.0,0.0,1.0,0.0,0.0,0.0,0.0,0.0,-0.3,0.0,-1.1,0.0,0.0,16.0,25903.0
2026-07-30T19:02:46.826Z,336.309,336.324,0.0,7.4,0.0,0.0,0.0,0.0,0.0,0.0,0.0,0.0,1.0,0.0,0.0,0.0,9.0,4.0,0.0,0.0,0.0,0.0,0.0,0.0,0.0,0.0,5.0,12.0,1.0,12.17,5.0200000000000005,2.51,1.49,0.0,0.0,0.0,43.2,0.0,0.2,1.3,1.6,-169.60000000000002,0.0,0.0,169.60000000000002,0.0,20.9,29.0,29.0,29.700000000000003,300.0,300.0,31.8,35.800000000000004,28.9,28.1,30.0,4.95,1.99,4.96,0.16,0.0,0.0,1027.0,8228.0,0.0,0.0,0.0,0.0,0.0,1.0,0.0,0.0,0.0,0.0,0.0,2.7,0.0,-1.1,0.0,0.0,16.0,25903.0
2026-07-30T19:02:46.838Z,336.321,336.336,0.0,7.4,0.0,0.0,0.0,0.0,0.0,0.0,0.0,0.0,1.0,0.0,0.0,0.0,9.0,4.0,0.0,0.0,0.0,0.0,0.0,0.0,0.0,0.0,6.0,12.0,1.0,12.17,5.0200000000000005,2.51,1.49,0.0,0.0,0.0,42.900000000000006,0.0,0.2,1.3,-0.7000000000000001,-169.60000000000002,0.0,0.0,169.60000000000002,0.0,20.9,29.0,29.0,29.700000000000003,300.0,300.0,31.8,35.800000000000004,28.9,28.1,30.0,4.96,2.0,4.96,0.16,0.0,0.0,1027.0,8228.0,0.0,0.0,0.0,0.0,0.0,1.0,0.0,0.0,0.0,0.0,0.0,0.9,0.0,0.9,0.0,0.0,16.0,25903.0
2026-07-30T19:02:46.850Z,336.333,336.348,0.0,7.4,0.0,0.0,0.0,0.0,0.0,0.0,0.0,0.0,1.0,0.0,0.0,0.0,9.0,4.0,0.0,0.0,0.0,0.0,0.0,0.0,0.0,0.0,2.0,12.0,1.0,12.17,5.0200000000000005,2.51,1.49,0.0,0.0,0.0,42.5,0.0,0.2,1.9,-0.1,-169.60000000000002,0.0,0.0,169.60000000000002,0.0,20.9,29.0,29.0,29.700000000000003,300.0,300.0,31.8,35.800000000000004,28.9,28.1,30.0,4.95,2.0,4.96,0.16,0.0,0.0,1027.0,8228.0,0.0,0.0,0.0,0.0,0.0,1.0,0.0,0.0,0.0,0.0,0.0,2.0,0.0,0.5,0.0,0.0,16.0,25903.0
2026-07-30T19:02:46.861Z,336.344,336.36,0.0,7.4,0.0,0.0,0.0,0.0,0.0,0.0,0.0,0.0,1.0,0.0,0.0,0.0,9.0,4.0,0.0,0.0,0.0,0.0,0.0,0.0,0.0,0.0,3.0,12.0,1.0,12.17,5.0200000000000005,2.51,1.49,0.0,0.0,0.0,42.3,0.0,0.2,0.1,1.0,-169.60000000000002,0.0,0.0,169.60000000000002,0.0,20.9,29.0,29.0,29.700000000000003,300.0,300.0,31.8,35.800000000000004,28.9,28.1,30.0,4.95,1.99,4.97,0.16,0.0,0.0,1027.0,8228.0,0.0,0.0,0.0,0.0,0.0,1.0,0.0,0.0,0.0,0.0,0.0,0.9,0.0,-0.8,0.0,0.0,16.0,25903.0
2026-07-30T19:02:46.874Z,336.357,336.372,0.0,7.4,0.0,0.0,0.0,0.0,0.0,0.0,0.0,0.0,1.0,0.0,0.0,0.0,9.0,4.0,0.0,0.0,0.0,0.0,0.0,0.0,0.0,0.0,4.0,12.0,1.0,12.17,5.0200000000000005,2.51,1.49,0.0,0.0,0.0,42.0,0.0,0.2,1.2000000000000002,1.0,-169.60000000000002,0.0,0.0,169.60000000000002,0.0,20.9,29.0,29.0,29.700000000000003,300.0,300.0,31.8,35.800000000000004,28.9,28.1,30.0,4.95,1.99,4.96,0.16,0.0,0.0,1027.0,8228.0,0.0,0.0,0.0,0.0,0.0,1.0,0.0,0.0,0.0,0.0,0.0,2.2,0.0,-0.6000000000000001,0.0,0.0,16.0,25903.0
2026-07-30T19:02:46.886Z,336.369,336.384,0.0,7.4,0.0,0.0,0.0,0.0,0.0,0.0,0.0,0.0,1.0,0.0,0.0,0.0,9.0,4.0,0.0,0.0,0.0,0.0,0.0,0.0,0.0,0.0,6.0,12.0,1.0,12.18,5.0200000000000005,2.51,1.49,0.0,0.0,0.0,41.6,0.0,1.4,1.2000000000000002,2.8000000000000003,-169.60000000000002,0.0,0.0,169.70000000000002,0.0,21.4,29.0,29.0,29.700000000000003,300.0,300.0,31.6,35.7,28.9,28.1,30.0,4.96,2.0,4.96,0.16,0.0,0.0,1027.0,8228.0,0.0,0.0,0.0,0.0,0.0,1.0,0.0,0.0,0.0,0.0,0.0,3.5,0.0,-2.2,0.0,0.0,16.0,25903.0
2026-07-30T19:02:46.898Z,336.381,336.396,0.0,7.4,0.0,0.0,0.0,0.0,0.0,0.0,0.0,0.0,1.0,0.0,0.0,0.0,9.0,4.0,0.0,0.0,0.0,0.0,0.0,0.0,0.0,0.0,2.0,12.0,1.0,12.18,5.0200000000000005,2.51,1.49,0.0,0.0,0.0,41.3,0.0,0.2,-1.0,-1.2000000000000002,-169.60000000000002,0.0,0.0,169.60000000000002,0.0,21.4,29.0,29.0,29.700000000000003,300.0,300.0,31.6,35.7,28.9,28.1,30.0,4.95,2.0,4.97,0.16,0.0,0.0,1027.0,8228.0,0.0,0.0,0.0,0.0,0.0,1.0,0.0,0.0,0.0,0.0,0.0,-2.1,0.0,0.8,0.0,0.0001,16.0,25903.0
2026-07-30T19:02:46.910Z,336.393,336.408,0.0,7.4,0.0,0.0,0.0,0.0,0.0,0.0,0.0,0.0,1.0,0.0,0.0,0.0,9.0,4.0,0.0,0.0,0.0,0.0,0.0,0.0,0.0,0.0,3.0,12.0,1.0,12.18,5.0200000000000005,2.51,1.49,0.0,0.0,0.0,41.0,0.0,0.8,-1.0,0.4,-169.60000000000002,0.0,0.0,169.70000000000002,0.0,21.4,29.0,29.0,29.700000000000003,300.0,300.0,31.6,35.7,28.9,28.1,30.0,4.96,1.99,4.96,0.16,0.0,0.0,1027.0,8228.0,0.0,0.0,0.0,0.0,0.0,1.0,0.0,0.0,0.0,0.0,0.0,-0.8,0.0,-0.6000000000000001,0.0,0.0001,16.0,25903.0
2026-07-30T19:02:46.922Z,336.405,336.42,0.0,7.4,0.0,0.0,0.0,0.0,0.0,0.0,0.0,0.0,1.0,0.0,0.0,0.0,9.0,4.0,0.0,0.0,0.0,0.0,0.0,0.0,0.0,0.0,5.0,12.0,1.0,12.18,5.0200000000000005,2.51,1.49,0.0,0.1,0.0,40.7,0.0,-0.3,0.0,1.0,-169.60000000000002,0.0,0.0,169.60000000000002,0.0,21.4,29.0,29.0,29.700000000000003,300.0,300.0,31.6,35.7,28.9,28.1,30.0,4.96,1.99,4.97,0.16,0.0,0.0,1027.0,8228.0,0.0,0.0,0.0,0.0,0.0,1.0,0.0,0.0,0.0,0.0,0.0,0.9,0.0,-0.9,0.0,0.0,16.0,25903.0
2026-07-30T19:02:46.934Z,336.417,336.432,0.0,7.4,0.0,0.0,0.0,0.0,0.0,0.0,0.0,0.0,1.0,0.0,0.0,0.0,9.0,4.0,0.0,0.0,0.0,0.0,0.0,0.0,0.0,0.0,6.0,12.0,1.0,12.18,5.0200000000000005,2.51,1.49,0.0,0.0,0.0,40.400000000000006,0.0,0.8,0.0,0.5,-169.60000000000002,0.0,0.0,169.70000000000002,0.0,21.4,29.0,29.0,29.700000000000003,300.0,300.0,31.6,35.7,28.9,28.1,30.0,4.95,1.99,4.97,0.16,0.0,0.0,1027.0,8228.0,0.0,0.0,0.0,0.0,0.0,1.0,0.0,0.0,0.0,0.0,0.0,0.4,0.0,-0.4,0.0,0.0001,16.0,25903.0
2026-07-30T19:02:46.946Z,336.429,336.444,0.0,7.4,0.0,0.0,0.0,0.0,0.0,0.0,0.0,0.0,1.0,0.0,0.0,0.0,9.0,4.0,0.0,0.0,0.0,0.0,0.0,0.0,0.0,0.0,2.0,12.0,1.0,12.18,5.0200000000000005,2.51,1.49,0.0,0.0,0.0,40.1,0.0,0.1,-0.4,0.0,-169.60000000000002,0.0,0.0,169.70000000000002,0.0,21.4,29.0,29.0,29.700000000000003,300.0,300.0,31.6,35.7,28.9,28.1,30.0,4.96,1.99,4.97,0.16,0.0,0.0,1027.0,8228.0,0.0,0.0,0.0,0.0,0.0,1.0,0.0,0.0,0.0,0.0,0.0,-0.6000000000000001,0.0,0.0,0.0,0.0001,16.0,25903.0
2026-07-30T19:02:46.958Z,336.441,336.456,0.0,7.4,0.0,0.0,0.0,0.0,0.0,0.0,0.0,0.0,1.0,0.0,0.0,0.0,9.0,4.0,0.0,0.0,0.0,0.0,0.0,0.0,0.0,0.0,3.0,12.0,1.0,12.18,5.0200000000000005,2.51,1.49,0.0,0.0,0.0,39.8,0.0,-0.3,-0.4,-0.6000000000000001,-169.60000000000002,0.0,0.0,169.70000000000002,0.0,21.4,29.0,29.0,29.700000000000003,300.0,300.0,31.6,35.7,28.9,28.1,30.0,4.96,1.99,4.96,0.16,0.0,0.0,1027.0,8228.0,0.0,0.0,0.0,0.0,0.0,1.0,0.0,0.0,0.0,0.0,0.0,-1.0,0.0,0.5,0.0,0.0001,16.0,25903.0
2026-07-30T19:02:46.970Z,336.453,336.468,0.0,7.4,0.0,0.0,0.0,0.0,0.0,0.0,0.0,0.0,1.0,0.0,0.0,0.0,9.0,4.0,0.0,0.0,0.0,0.0,0.0,0.0,0.0,0.0,5.0,12.0,1.0,12.18,5.0200000000000005,2.51,1.49,0.0,0.1,0.0,39.6,0.0,0.2,0.1,0.5,-169.60000000000002,0.0,0.0,169.70000000000002,0.0,21.4,29.0,29.0,29.700000000000003,300.0,300.0,31.6,35.7,28.9,28.1,30.0,4.96,1.99,4.97,0.16,0.0,0.0,1027.0,8228.0,0.0,0.0,0.0,0.0,0.0,1.0,0.0,0.0,0.0,0.0,0.0,0.4,0.0,-0.4,0.0,0.0,16.0,25903.0
2026-07-30T19:02:46.983Z,336.466,336.48,0.0,7.4,0.0,0.0,0.0,0.0,0.0,0.0,0.0,0.0,1.0,0.0,0.0,0.0,9.0,4.0,0.0,0.0,0.0,0.0,0.0,0.0,0.0,0.0,6.0,12.0,1.0,12.18,5.01,2.5,1.5,0.0,0.0,0.0,39.3,0.0,-0.3,1.8,0.4,-169.60000000000002,0.0,0.0,169.8,0.0,21.4,29.0,29.0,29.700000000000003,300.0,300.0,31.700000000000003,35.800000000000004,28.9,28.1,30.0,4.95,1.99,4.97,0.16,0.0,0.0,1027.0,8228.0,0.0,0.0,0.0,0.0,0.0,1.0,0.0,0.0,0.0,0.0,0.0,0.4,0.0,-0.3,0.0,0.0,16.0,25903.0
2026-07-30T19:02:46.994Z,336.477,336.492,0.0,7.4,0.0,0.0,0.0,0.0,0.0,0.0,0.0,0.0,1.0,0.0,0.0,0.0,9.0,4.0,0.0,0.0,0.0,0.0,0.0,0.0,0.0,0.0,2.0,12.0,1.0,12.18,5.01,2.5,1.5,0.0,0.0,0.0,39.0,0.0,0.2,0.1,0.0,-169.60000000000002,0.0,0.0,169.70000000000002,0.0,21.4,29.0,29.0,29.700000000000003,300.0,300.0,31.700000000000003,35.800000000000004,28.9,28.1,30.0,4.96,1.99,4.96,0.16,0.0,0.0,1027.0,8228.0,0.0,0.0,0.0,0.0,0.0,1.0,0.0,0.0,0.0,0.0,0.0,2.1,0.0,-1.3,0.0,0.0002,16.0,25903.0
2026-07-30T19:02:47.006Z,336.489,336.504,0.0,7.4,0.0,0.0,0.0,0.0,0.0,0.0,0.0,0.0,1.0,0.0,0.0,0.0,9.0,4.0,0.0,0.0,0.0,0.0,0.0,0.0,0.0,0.0,3.0,12.0,1.0,12.18,5.01,2.5,1.5,0.0,0.0,0.0,38.7,0.0,0.8,0.1,0.5,-169.60000000000002,0.0,0.0,169.70000000000002,0.0,21.4,29.0,29.0,29.700000000000003,300.0,300.0,31.700000000000003,35.800000000000004,28.9,28.1,30.0,4.95,2.0,4.96,0.16,0.0,0.0,1027.0,8228.0,0.0,0.0,0.0,0.0,0.0,1.0,0.0,0.0,0.0,0.0,0.0,0.1,0.0,0.0,0.0,0.0002,16.0,25903.0
2026-07-30T19:02:47.018Z,336.501,336.516,0.0,7.4,0.0,0.0,0.0,0.0,0.0,0.0,0.0,0.0,1.0,0.0,0.0,0.0,9.0,4.0,0.0,0.0,0.0,0.0,0.0,0.0,0.0,0.0,5.0,12.0,1.0,12.18,5.01,2.5,1.5,0.0,0.0,0.0,38.400000000000006,0.0,-0.9,1.9,1.0,-169.60000000000002,0.0,0.0,169.8,0.0,21.4,29.0,29.0,29.700000000000003,300.0,300.0,31.700000000000003,35.800000000000004,28.9,28.1,30.0,4.95,1.99,4.97,0.16,0.0,0.0,1027.0,8228.0,0.0,0.0,0.0,0.0,0.0,1.0,0.0,0.0,0.0,0.0,0.0,1.6,0.0,-0.7000000000000001,0.0,0.0,16.0,25903.0
2026-07-30T19:02:47.030Z,336.513,336.528,0.0,7.4,0.0,0.0,0.0,0.0,0.0,0.0,0.0,0.0,1.0,0.0,0.0,0.0,9.0,4.0,0.0,0.0,0.0,0.0,0.0,0.0,0.0,0.0,6.0,12.0,1.0,12.18,5.01,2.5,1.5,0.0,0.0,0.0,38.1,0.0,0.2,-0.3,-0.1,-169.60000000000002,0.0,0.0,169.70000000000002,0.0,21.4,29.0,29.0,29.700000000000003,300.0,300.0,31.700000000000003,35.800000000000004,28.9,28.1,30.0,4.96,2.0,4.97,0.16,0.0,0.0,1027.0,8228.0,0.0,0.0,0.0,0.0,0.0,1.0,0.0,0.0,0.0,0.0,0.0,-0.5,0.0,0.0,0.0,0.0,16.0,25903.0
2026-07-30T19:02:47.042Z,336.525,336.54,0.0,7.4,0.0,0.0,0.0,0.0,0.0,0.0,0.0,0.0,1.0,0.0,0.0,0.0,9.0,4.0,0.0,0.0,0.0,0.0,0.0,0.0,0.0,0.0,2.0,12.0,1.0,12.18,5.01,2.5,1.5,0.0,0.0,0.0,37.8,0.0,-0.2,-0.3,-0.6000000000000001,-169.60000000000002,0.0,0.0,169.70000000000002,0.0,21.4,29.0,29.0,29.700000000000003,300.0,300.0,31.700000000000003,35.800000000000004,28.9,28.1,30.0,4.96,2.0,4.96,0.16,0.0,0.0,1027.0,8228.0,0.0,0.0,0.0,0.0,0.0,1.0,0.0,0.0,0.0,0.0,0.0,-0.9,0.0,0.5,0.0,0.0,16.0,25903.0
2026-07-30T19:02:47.054Z,336.537,336.552,0.0,7.4,0.0,0.0,0.0,0.0,0.0,0.0,0.0,0.0,1.0,0.0,0.0,0.0,9.0,4.0,0.0,0.0,0.0,0.0,0.0,0.0,0.0,0.0,3.0,12.0,1.0,12.18,5.01,2.5,1.5,0.0,0.0,0.0,37.6,0.0,-0.2,0.1,0.0,-169.60000000000002,0.0,0.0,169.70000000000002,0.0,21.4,29.0,29.0,29.700000000000003,300.0,300.0,31.700000000000003,35.800000000000004,28.9,28.1,30.0,4.95,1.99,4.97,0.16,0.0,0.0,1027.0,8228.0,0.0,0.0,0.0,0.0,0.0,1.0,0.0,0.0,0.0,0.0,0.0,0.1,0.0,0.1,0.0,0.0001,16.0,25903.0
2026-07-30T19:02:47.066Z,336.549,336.564,0.0,7.4,0.0,0.0,0.0,0.0,0.0,0.0,0.0,0.0,1.0,0.0,0.0,0.0,9.0,4.0,0.0,0.0,0.0,0.0,0.0,0.0,0.0,0.0,5.0,12.0,1.0,12.18,5.01,2.5,1.5,0.0,0.0,0.0,37.2,0.0,-0.8,0.1,1.0,-169.60000000000002,0.0,0.0,169.70000000000002,0.0,21.4,29.0,29.0,29.700000000000003,300.0,300.0,31.700000000000003,35.800000000000004,28.9,28.1,30.0,4.95,1.99,4.96,0.16,0.0,0.0,1027.0,8228.0,0.0,0.0,0.0,0.0,0.0,1.0,0.0,0.0,0.0,0.0,0.0,0.9,0.0,-0.9,0.0,0.0001,16.0,25903.0
2026-07-30T19:02:47.078Z,336.561,336.576,0.0,7.4,0.0,0.0,0.0,0.0,0.0,0.0,0.0,0.0,1.0,0.0,0.0,0.0,9.0,4.0,0.0,0.0,0.0,0.0,0.0,0.0,0.0,0.0,6.0,12.0,1.0,12.18,5.01,2.5,1.5,0.0,0.0,0.0,36.9,0.0,-0.2,0.1,1.0,-169.60000000000002,0.0,0.0,169.70000000000002,0.0,21.4,29.0,29.0,29.700000000000003,300.0,300.0,31.700000000000003,35.800000000000004,28.9,28.1,30.0,4.96,1.99,4.96,0.16,0.0,0.0,1027.0,8228.0,0.0,0.0,0.0,0.0,0.0,1.0,0.0,0.0,0.0,0.0,0.0,0.9,0.0,-0.9,0.0,0.0001,16.0,25903.0
2026-07-30T19:02:47.090Z,336.573,336.588,0.0,7.4,0.0,0.0,0.0,0.0,0.0,0.0,0.0,0.0,1.0,0.0,0.0,0.0,9.0,4.0,0.0,0.0,0.0,0.0,0.0,0.0,0.0,0.0,1.0,12.0,1.0,12.17,5.0200000000000005,2.51,1.49,0.0,0.0,0.0,36.7,0.0,0.8,-0.4,-0.7000000000000001,-169.60000000000002,0.0,0.0,169.70000000000002,0.0,21.700000000000003,29.0,29.0,29.6,300.0,300.0,31.6,35.800000000000004,28.9,28.1,30.0,4.95,1.99,4.96,0.16,0.0,0.0,1027.0,8228.0,0.0,0.0,0.0,0.0,0.0,1.0,0.0,0.0,0.0,0.0,0.0,-1.0,0.0,0.5,0.0,0.0,16.0,25903.0
2026-07-30T19:02:47.102Z,336.585,336.6,0.0,7.4,0.0,0.0,0.0,0.0,0.0,0.0,0.0,0.0,1.0,0.0,0.0,0.0,9.0,4.0,0.0,0.0,0.0,0.0,0.0,0.0,0.0,0.0,2.0,12.0,1.0,12.17,5.0200000000000005,2.51,1.49,0.0,0.1,0.0,36.4,0.0,-0.2,-1.0,-0.6000000000000001,-169.60000000000002,0.0,0.0,169.8,0.0,21.700000000000003,29.0,29.0,29.6,300.0,300.0,31.6,35.800000000000004,28.9,28.1,30.0,4.96,1.99,4.97,0.16,0.0,0.0,1027.0,8228.0,0.0,0.0,0.0,0.0,0.0,1.0,0.0,0.0,0.0,0.0,0.0,-1.7000000000000002,0.0,0.4,0.0,0.0001,16.0,25903.0
2026-07-30T19:02:47.114Z,336.597,336.612,0.0,7.4,0.0,0.0,0.0,0.0,0.0,0.0,0.0,0.0,1.0,0.0,0.0,0.0,9.0,4.0,0.0,0.0,0.0,0.0,0.0,0.0,0.0,0.0,4.0,12.0,1.0,12.17,5.0200000000000005,2.51,1.49,0.0,0.0,0.0,36.1,0.0,0.3,0.1,-0.1,-169.60000000000002,0.0,0.0,169.60000000000002,0.0,21.700000000000003,29.0,29.0,29.6,300.0,300.0,31.6,35.800000000000004,28.9,28.1,30.0,4.96,1.99,4.96,0.16,0.0,0.0,1027.0,8228.0,0.0,0.0,0.0,0.0,0.0,1.0,0.0,0.0,0.0,0.0,0.0,0.0,0.0,0.1,0.0,0.0003,16.0,25903.0
2026-07-30T19:02:47.126Z,336.609,336.624,0.0,7.4,0.0,0.0,0.0,0.0,0.0,0.0,0.0,0.0,1.0,0.0,0.0,0.0,9.0,4.0,0.0,0.0,0.0,0.0,0.0,0.0,0.0,0.0,5.0,12.0,1.0,12.17,5.0200000000000005,2.51,1.49,0.0,0.1,0.0,35.9,0.0,-0.2,1.3,-0.1,-169.60000000000002,0.0,0.0,169.70000000000002,0.0,21.700000000000003,29.0,29.0,29.6,300.0,300.0,31.6,35.800000000000004,28.9,28.1,30.0,4.96,1.99,4.96,0.16,0.0,0.0,1027.0,8228.0,0.0,0.0,0.0,0.0,0.0,1.0,0.0,0.0,0.0,0.0,0.0,1.3,0.0,0.3,0.0,0.0002,16.0,25903.0
2026-07-30T19:02:47.138Z,336.621,336.636,0.0,7.4,0.0,0.0,0.0,0.0,0.0,0.0,0.0,0.0,1.0,0.0,0.0,0.0,9.0,4.0,0.0,0.0,0.0,0.0,0.0,0.0,0.0,0.0,1.0,12.0,1.0,12.17,5.0200000000000005,2.51,1.49,0.0,0.0,0.0,35.6,0.0,-0.2,-0.4,0.4,-169.60000000000002,0.0,0.0,169.60000000000002,0.0,21.700000000000003,29.0,29.0,29.6,300.0,300.0,31.6,35.800000000000004,28.9,28.1,30.0,4.95,1.99,4.97,0.16,0.0,0.0,1027.0,8228.0,0.0,0.0,0.0,0.0,0.0,1.0,0.0,0.0,0.0,0.0,0.0,-0.1,0.0,-0.5,0.0,0.0,16.0,25903.0
2026-07-30T19:02:47.150Z,336.633,336.648,0.0,7.4,0.0,0.0,0.0,0.0,0.0,0.0,0.0,0.0,1.0,0.0,0.0,0.0,9.0,4.0,0.0,0.0,0.0,0.0,0.0,0.0,0.0,0.0,2.0,12.0,1.0,12.17,5.0200000000000005,2.51,1.49,0.0,0.0,0.0,35.300000000000004,0.0,-0.8,-1.0,-1.9,-169.60000000000002,0.0,0.0,169.70000000000002,0.0,21.700000000000003,29.0,29.0,29.6,300.0,300.0,31.6,35.800000000000004,28.9,28.1,30.0,4.96,1.99,4.97,0.16,0.0,0.0,1027.0,8228.0,0.0,0.0,0.0,0.0,0.0,1.0,0.0,0.0,0.0,0.0,0.0,-2.6,0.0,1.4,0.0,0.0001,16.0,25903.0
2026-07-30T19:02:47.162Z,336.645,336.66,0.0,7.4,0.0,0.0,0.0,0.0,0.0,0.0,0.0,0.0,1.0,0.0,0.0,0.0,9.0,4.0,0.0,0.0,0.0,0.0,0.0,0.0,0.0,0.0,3.0,12.0,1.0,12.17,5.0200000000000005,2.51,1.49,0.0,0.0,0.0,35.0,0.0,0.3,-0.5,-0.1,-169.60000000000002,0.0,0.0,169.70000000000002,0.0,21.700000000000003,29.0,29.0,29.6,300.0,300.0,31.6,35.800000000000004,28.9,28.1,30.0,4.96,1.99,4.97,0.16,0.0,0.0,1027.0,8228.0,0.0,0.0,0.0,0.0,0.0,1.0,0.0,0.0,0.0,0.0,0.0,-0.7000000000000001,0.0,0.0,0.0,0.0,16.0,25903.0
2026-07-30T19:02:47.174Z,336.657,336.672,0.0,7.4,0.0,0.0,0.0,0.0,0.0,0.0,0.0,0.0,1.0,0.0,0.0,0.0,9.0,4.0,0.0,0.0,0.0,0.0,0.0,0.0,0.0,0.0,4.0,12.0,1.0,12.17,5.0200000000000005,2.51,1.49,0.0,0.0,0.0,34.7,0.0,0.3,1.2000000000000002,0.3,-169.60000000000002,0.0,0.0,169.70000000000002,0.0,21.700000000000003,29.0,29.0,29.6,300.0,300.0,31.6,35.800000000000004,28.9,28.1,30.0,4.95,1.99,4.97,0.16,0.0,0.0,1027.0,8228.0,0.0,0.0,0.0,0.0,0.0,1.0,0.0,0.0,0.0,0.0,0.0,1.6,0.0,0.0,0.0,0.0,16.0,25903.0
2026-07-30T19:02:47.187Z,336.67,336.684,0.0,7.4,0.0,0.0,0.0,0.0,0.0,0.0,0.0,0.0,1.0,0.0,0.0,0.0,9.0,4.0,0.0,0.0,0.0,0.0,0.0,0.0,0.0,0.0,5.0,12.0,1.0,12.17,5.01,2.51,1.5,0.0,0.0,0.0,34.5,0.0,0.3,-0.4,-0.1,-169.60000000000002,0.0,0.0,169.70000000000002,0.0,21.3,29.0,29.0,29.6,300.0,300.0,31.6,35.7,28.9,28.1,30.0,4.95,1.99,4.97,0.16,0.0,0.0,1027.0,8228.0,0.0,0.0,0.0,0.0,0.0,1.0,0.0,0.0,0.0,0.0,0.0,-0.6000000000000001,0.0,0.0,0.0,0.0,16.0,25903.0
2026-07-30T19:02:47.197Z,336.68,336.696,0.0,7.4,0.0,0.0,0.0,0.0,0.0,0.0,0.0,0.0,1.0,0.0,0.0,0.0,9.0,4.0,0.0,0.0,0.0,0.0,0.0,0.0,0.0,0.0,6.0,12.0,1.0,12.17,5.01,2.51,1.5,0.0,0.0,0.0,34.2,0.0,-0.2,-1.0,0.0,-169.60000000000002,0.0,0.0,169.70000000000002,0.0,21.3,29.0,29.0,29.6,300.0,300.0,31.6,35.7,28.9,28.1,30.0,4.96,1.99,4.96,0.16,0.0,0.0,1027.0,8228.0,0.0,0.0,0.0,0.0,0.0,1.0,0.0,0.0,0.0,0.0,0.0,-1.2000000000000002,0.0,-0.1,0.0,0.0001,16.0,25903.0
2026-07-30T19:02:47.210Z,336.693,336.708,0.0,7.4,0.0,0.0,0.0,0.0,0.0,0.0,0.0,0.0,1.0,0.0,0.0,0.0,9.0,4.0,0.0,0.0,0.0,0.0,0.0,0.0,0.0,0.0,1.0,12.0,1.0,12.17,5.01,2.51,1.5,0.0,0.0,0.0,34.0,0.0,-0.2,-0.4,-1.9,-169.60000000000002,0.0,0.0,169.70000000000002,0.0,21.3,29.0,29.0,29.6,300.0,300.0,31.6,35.7,28.9,28.1,30.0,4.96,1.99,4.97,0.15,0.0,0.0,1027.0,8228.0,0.0,0.0,0.0,0.0,0.0,1.0,0.0,0.0,0.0,0.0,0.0,-1.9,0.0,1.5,0.0,0.0,16.0,25903.0
2026-07-30T19:02:47.222Z,336.705,336.72,0.0,7.4,0.0,0.0,0.0,0.0,0.0,0.0,0.0,0.0,1.0,0.0,0.0,0.0,9.0,4.0,0.0,0.0,0.0,0.0,0.0,0.0,0.0,0.0,2.0,12.0,1.0,12.17,5.01,2.51,1.5,0.0,0.0,0.0,33.7,0.0,-0.2,0.1,-0.7000000000000001,-169.60000000000002,0.0,0.0,169.60000000000002,0.0,21.3,29.0,29.0,29.6,300.0,300.0,31.6,35.7,28.9,28.1,30.0,4.95,1.99,4.97,0.16,0.0,0.0,1027.0,8228.0,0.0,0.0,0.0,0.0,0.0,1.0,0.0,0.0,0.0,0.0,0.0,-0.4,0.0,0.6000000000000001,0.0,0.0,16.0,25903.0
2026-07-30T19:02:47.235Z,336.718,336.732,0.0,7.4,0.0,0.0,0.0,0.0,0.0,0.0,0.0,0.0,1.0,0.0,0.0,0.0,9.0,4.0,0.0,0.0,0.0,0.0,0.0,0.0,0.0,0.0,3.0,12.0,1.0,12.17,5.01,2.51,1.5,0.0,0.0,0.0,33.5,0.0,0.9,0.7000000000000001,2.8000000000000003,-169.60000000000002,0.0,0.0,169.70000000000002,0.0,21.3,29.0,29.0,29.6,300.0,300.0,31.6,35.7,28.9,28.1,30.0,4.96,1.99,4.97,0.16,0.0,0.0,1027.0,8228.0,0.0,0.0,0.0,0.0,0.0,1.0,0.0,0.0,0.0,0.0,0.0,2.9000000000000004,0.0,-2.3000000000000003,0.0,0.0001,16.0,25903.0
2026-07-30T19:02:47.246Z,336.729,336.744,0.0,7.4,0.0,0.0,0.0,0.0,0.0,0.0,0.0,0.0,1.0,0.0,0.0,0.0,9.0,4.0,0.0,0.0,0.0,0.0,0.0,0.0,0.0,0.0,4.0,12.0,1.0,12.17,5.01,2.51,1.5,0.0,0.0,0.0,33.2,0.0,-0.2,-1.0,-0.6000000000000001,-169.60000000000002,0.0,0.0,169.70000000000002,0.0,21.3,29.0,29.0,29.6,300.0,300.0,31.6,35.7,28.9,28.1,30.0,4.96,1.99,4.96,0.16,0.0,0.0,1027.0,8228.0,0.0,0.0,0.0,0.0,0.0,1.0,0.0,0.0,0.0,0.0,0.0,-1.6,0.0,0.3,0.0,0.0,16.0,25903.0
2026-07-30T19:02:47.258Z,336.741,336.75600000000003,0.0,7.4,0.0,0.0,0.0,0.0,0.0,0.0,0.0,0.0,1.0,0.0,0.0,0.0,9.0,4.0,0.0,0.0,0.0,0.0,0.0,0.0,0.0,0.0,5.0,12.0,1.0,12.17,5.01,2.51,1.5,0.0,0.0,0.0,32.9,0.0,-0.2,0.0,-1.8,-169.60000000000002,0.0,0.0,169.60000000000002,0.0,21.3,29.0,29.0,29.6,300.0,300.0,31.6,35.7,28.9,28.1,30.0,4.96,1.99,4.96,0.16,0.0,0.0,1027.0,8228.0,0.0,0.0,0.0,0.0,0.0,1.0,0.0,0.0,0.0,0.0,0.0,-1.3,0.0,1.6,0.0,0.0,16.0,25903.0
2026-07-30T19:02:47.270Z,336.753,336.76800000000003,0.0,7.4,0.0,0.0,0.0,0.0,0.0,0.0,0.0,0.0,1.0,0.0,0.0,0.0,9.0,4.0,0.0,0.0,0.0,0.0,0.0,0.0,0.0,0.0,6.0,12.0,1.0,12.17,5.01,2.51,1.5,0.0,0.0,0.0,32.7,0.0,-0.2,0.0,-1.3,-169.60000000000002,0.0,0.0,169.70000000000002,0.0,21.3,29.0,29.0,29.6,300.0,300.0,31.6,35.7,28.9,28.1,30.0,4.95,1.99,4.96,0.16,0.0,0.0,1027.0,8228.0,0.0,0.0,0.0,0.0,0.0,1.0,0.0,0.0,0.0,0.0,0.0,-0.9,0.0,1.1,0.0,0.0001,16.0,25903.0
2026-07-30T19:02:47.282Z,336.765,336.78000000000003,0.0,7.4,0.0,0.0,0.0,0.0,0.0,0.0,0.0,0.0,1.0,0.0,0.0,0.0,9.0,4.0,0.0,0.0,0.0,0.0,0.0,0.0,0.0,0.0,2.0,12.0,1.0,12.17,5.01,2.51,1.5,0.0,0.0,0.0,32.5,0.0,-0.2,-1.0,-1.3,-169.60000000000002,0.0,0.0,169.60000000000002,0.0,21.3,29.0,29.0,29.6,300.0,300.0,31.6,35.7,28.9,28.1,30.0,4.96,1.99,4.96,0.16,0.0,0.0,1027.0,8228.0,0.0,0.0,0.0,0.0,0.0,1.0,0.0,0.0,0.0,0.0,0.0,-2.1,0.0,0.9,0.0,0.0001,16.0,25903.0
2026-07-30T19:02:47.294Z,336.777,336.79200000000003,0.0,7.4,0.0,0.0,0.0,0.0,0.0,0.0,0.0,0.0,1.0,0.0,0.0,0.0,9.0,4.0,0.0,0.0,0.0,0.0,0.0,0.0,0.0,0.0,3.0,12.0,1.0,12.14,5.0200000000000005,2.51,1.49,0.0,0.0,0.0,32.2,0.0,0.3,-0.4,1.0,-169.60000000000002,0.0,0.0,169.8,0.0,21.700000000000003,29.0,29.0,29.6,300.0,300.0,31.6,35.800000000000004,28.9,28.1,30.0,4.95,1.99,4.97,0.16,0.0,0.0,1027.0,8228.0,0.0,0.0,0.0,0.0,0.0,1.0,0.0,0.0,0.0,0.0,0.0,0.2,0.0,-0.9,0.0,0.0001,16.0,25903.0
2026-07-30T19:02:47.306Z,336.789,336.80400000000003,0.0,7.4,0.0,0.0,0.0,0.0,0.0,0.0,0.0,0.0,1.0,0.0,0.0,0.0,9.0,4.0,0.0,0.0,0.0,0.0,0.0,0.0,0.0,0.0,4.0,12.0,1.0,12.14,5.0200000000000005,2.51,1.49,0.0,0.0,0.0,31.9,0.0,-0.2,0.0,-1.8,-169.60000000000002,0.0,0.0,169.8,0.0,21.700000000000003,29.0,29.0,29.6,300.0,300.0,31.6,35.800000000000004,28.9,28.1,30.0,4.95,1.99,4.97,0.16,0.0,0.0,1027.0,8228.0,0.0,0.0,0.0,0.0,0.0,1.0,0.0,0.0,0.0,0.0,0.0,-1.3,0.0,1.6,0.0,0.0001,16.0,25903.0
2026-07-30T19:02:47.318Z,336.801,336.81600000000003,0.0,7.4,0.0,0.0,0.0,0.0,0.0,0.0,0.0,0.0,1.0,0.0,0.0,0.0,9.0,4.0,0.0,0.0,0.0,0.0,0.0,0.0,0.0,0.0,5.0,12.0,1.0,12.14,5.0200000000000005,2.51,1.49,0.0,0.0,0.0,31.700000000000003,0.0,0.3,1.2000000000000002,0.4,-169.60000000000002,0.0,0.0,169.60000000000002,0.0,21.700000000000003,29.0,29.0,29.6,300.0,300.0,31.6,35.800000000000004,28.9,28.1,30.0,4.96,2.0,4.97,0.16,0.0,0.0,1027.0,8228.0,0.0,0.0,0.0,0.0,0.0,1.0,0.0,0.0,0.0,0.0,0.0,1.7000000000000002,0.0,0.0,0.0,0.0002,16.0,25903.0
2026-07-30T19:02:47.330Z,336.813,336.82800000000003,0.0,7.4,0.0,0.0,0.0,0.0,0.0,0.0,0.0,0.0,1.0,0.0,0.0,0.0,9.0,4.0,0.0,0.0,0.0,0.0,0.0,0.0,0.0,0.0,6.0,12.0,1.0,12.14,5.0200000000000005,2.51,1.49,0.0,0.0,0.0,31.5,0.0,-0.2,-0.4,-1.3,-169.60000000000002,0.0,0.0,169.70000000000002,0.0,21.700000000000003,29.0,29.0,29.6,300.0,300.0,31.6,35.800000000000004,28.9,28.1,30.0,4.95,2.0,4.96,0.16,0.0,0.0,1027.0,8228.0,0.0,0.0,0.0,0.0,0.0,1.0,0.0,0.0,0.0,0.0,0.0,-1.5,0.0,1.0,0.0,0.0002,16.0,25903.0
2026-07-30T19:02:47.342Z,336.825,336.84000000000003,0.0,7.4,0.0,0.0,0.0,0.0,0.0,0.0,0.0,0.0,1.0,0.0,0.0,0.0,9.0,4.0,0.0,0.0,0.0,0.0,0.0,0.0,0.0,0.0,1.0,12.0,1.0,12.14,5.0200000000000005,2.51,1.49,0.0,0.0,0.0,31.200000000000003,0.0,0.3,-1.0,-0.1,-169.60000000000002,0.0,0.0,169.70000000000002,0.0,21.700000000000003,29.0,29.0,29.6,300.0,300.0,31.6,35.800000000000004,28.9,28.1,30.0,4.95,1.99,4.97,0.16,0.0,0.0,1027.0,8228.0,0.0,0.0,0.0,0.0,0.0,1.0,0.0,0.0,0.0,0.0,0.0,-1.3,0.0,0.0,0.0,0.0,16.0,25903.0
2026-07-30T19:02:47.354Z,336.837,336.85200000000003,0.0,7.4,0.0,0.0,0.0,0.0,0.0,0.0,0.0,0.0,1.0,0.0,0.0,0.0,9.0,4.0,0.0,0.0,0.0,0.0,0.0,0.0,0.0,0.0,3.0,12.0,1.0,12.14,5.0200000000000005,2.51,1.49,0.0,0.0,0.0,31.0,0.0,-0.1,0.7000000000000001,1.0,-169.60000000000002,0.0,0.0,169.60000000000002,0.0,21.700000000000003,29.0,29.0,29.6,300.0,300.0,31.6,35.800000000000004,28.9,28.1,30.0,4.95,1.99,4.96,0.16,0.0,0.0,1027.0,8228.0,0.0,0.0,0.0,0.0,0.0,1.0,0.0,0.0,0.0,0.0,0.0,1.5,0.0,-0.7000000000000001,0.0,0.0,16.0,25903.0
2026-07-30T19:02:47.366Z,336.849,336.86400000000003,0.0,7.4,0.0,0.0,0.0,0.0,0.0,0.0,0.0,0.0,1.0,0.0,0.0,0.0,9.0,4.0,0.0,0.0,0.0,0.0,0.0,0.0,0.0,0.0,4.0,12.0,1.0,12.14,5.0200000000000005,2.51,1.49,0.0,0.0,0.0,30.700000000000003,0.0,-0.2,0.1,-0.7000000000000001,-169.60000000000002,0.0,0.0,169.70000000000002,0.0,21.700000000000003,29.0,29.0,29.6,300.0,300.0,31.6,35.800000000000004,28.9,28.1,30.0,4.96,2.0,4.96,0.16,0.0,0.0,1027.0,8228.0,0.0,0.0,0.0,0.0,0.0,1.0,0.0,0.0,0.0,0.0,0.0,-0.4,0.0,0.6000000000000001,0.0,0.0001,16.0,25903.0
2026-07-30T19:02:47.378Z,336.861,336.87600000000003,0.0,7.4,0.0,0.0,0.0,0.0,0.0,0.0,0.0,0.0,1.0,0.0,0.0,0.0,9.0,4.0,0.0,0.0,0.0,0.0,0.0,0.0,0.0,0.0,6.0,12.0,1.0,12.14,5.0200000000000005,2.51,1.49,0.0,0.1,0.0,30.5,0.0,-0.7000000000000001,-1.0,-0.1,-169.60000000000002,0.0,0.0,169.70000000000002,0.0,21.700000000000003,29.0,29.0,29.6,300.0,300.0,31.6,35.800000000000004,28.9,28.1,30.0,4.95,2.0,4.97,0.16,0.0,0.0,1027.0,8228.0,0.0,0.0,0.0,0.0,0.0,1.0,0.0,0.0,0.0,0.0,0.0,-1.2000000000000002,0.0,-0.1,0.0,0.0,16.0,25903.0
2026-07-30T19:02:47.391Z,336.874,336.88800000000003,0.0,7.4,0.0,0.0,0.0,0.0,0.0,0.0,0.0,0.0,1.0,0.0,0.0,0.0,9.0,4.0,0.0,0.0,0.0,0.0,0.0,0.0,0.0,0.0,1.0,12.0,1.0,12.18,5.01,2.5,1.49,0.0,0.1,0.0,30.200000000000003,0.0,-0.1,-0.4,-0.1,-169.60000000000002,0.0,0.0,169.70000000000002,0.0,21.0,29.0,29.0,29.6,300.0,300.0,31.8,35.800000000000004,28.9,28.1,30.0,4.96,1.99,4.96,0.16,0.0,0.0,1027.0,8228.0,0.0,0.0,0.0,0.0,0.0,1.0,0.0,0.0,0.0,0.0,0.0,-0.6000000000000001,0.0,0.0,0.0,0.0002,16.0,25903.0
2026-07-30T19:02:47.402Z,336.885,336.90000000000003,0.0,7.4,0.0,0.0,0.0,0.0,0.0,0.0,0.0,0.0,1.0,0.0,0.0,0.0,9.0,4.0,0.0,0.0,0.0,0.0,0.0,0.0,0.0,0.0,3.0,12.0,1.0,12.18,5.01,2.5,1.49,0.0,0.0,0.0,30.0,0.0,0.4,1.2000000000000002,0.3,-169.60000000000002,0.0,0.0,169.70000000000002,0.0,21.0,29.0,29.0,29.6,300.0,300.0,31.8,35.800000000000004,28.9,28.1,30.0,4.96,1.99,4.96,0.16,0.0,0.0,1027.0,8228.0,0.0,0.0,0.0,0.0,0.0,1.0,0.0,0.0,0.0,0.0,0.0,1.7000000000000002,0.0,0.0,0.0,0.0001,16.0,25903.0
2026-07-30T19:02:47.414Z,336.897,336.91200000000003,0.0,7.4,0.0,0.0,0.0,0.0,0.0,0.0,0.0,0.0,1.0,0.0,0.0,0.0,9.0,4.0,0.0,0.0,0.0,0.0,0.0,0.0,0.0,0.0,4.0,12.0,1.0,12.18,5.01,2.5,1.49,0.0,0.0,0.0,29.700000000000003,0.0,0.3,0.1,-0.1,-169.60000000000002,0.0,0.0,169.8,0.0,21.0,29.0,29.0,29.6,300.0,300.0,31.8,35.800000000000004,28.9,28.1,30.0,4.96,1.99,4.96,0.16,0.0,0.0,1027.0,8228.0,0.0,0.0,0.0,0.0,0.0,1.0,0.0,0.0,0.0,0.0,0.0,0.0,0.0,0.1,0.0,0.0,16.0,25903.0
2026-07-30T19:02:47.426Z,336.909,336.92400000000004,0.0,7.4,0.0,0.0,0.0,0.0,0.0,0.0,0.0,0.0,1.0,0.0,0.0,0.0,9.0,4.0,0.0,0.0,0.0,0.0,0.0,0.0,0.0,0.0,5.0,12.0,1.0,12.18,5.01,2.5,1.49,0.0,0.0,0.0,29.5,0.0,-0.2,-1.0,-1.9,-169.70000000000002,0.0,0.0,169.8,0.0,21.0,29.0,29.0,29.6,300.0,300.0,31.8,35.800000000000004,28.9,28.1,30.0,4.95,1.99,4.97,0.16,0.0,0.0,1027.0,8228.0,0.0,0.0,0.0,0.0,0.0,1.0,0.0,0.0,0.0,0.0,0.0,-2.6,0.0,1.4,0.0,0.0002,16.0,25903.0
2026-07-30T19:02:47.438Z,336.921,336.936,0.0,7.4,0.0,0.0,0.0,0.0,0.0,0.0,0.0,0.0,1.0,0.0,0.0,0.0,9.0,4.0,0.0,0.0,0.0,0.0,0.0,0.0,0.0,0.0,1.0,12.0,1.0,12.18,5.01,2.5,1.49,0.0,0.0,0.0,29.3,0.0,-0.7000000000000001,-0.4,0.3,-169.70000000000002,0.0,0.0,169.70000000000002,0.0,21.0,29.0,29.0,29.6,300.0,300.0,31.8,35.800000000000004,28.9,28.1,30.0,4.96,1.99,4.96,0.16,0.0,0.0,1027.0,8228.0,0.0,0.0,0.0,0.0,0.0,1.0,0.0,0.0,0.0,0.0,0.0,-0.2,0.0,-0.4,0.0,0.0001,16.0,25903.0
2026-07-30T19:02:47.450Z,336.933,336.948,0.0,7.4,0.0,0.0,0.0,0.0,0.0,0.0,0.0,0.0,1.0,0.0,0.0,0.0,9.0,4.0,0.0,0.0,0.0,0.0,0.0,0.0,0.0,0.0,2.0,12.0,1.0,12.18,5.01,2.5,1.49,0.0,0.0,0.0,29.0,0.0,1.0,0.1,-1.3,-169.70000000000002,0.0,0.0,169.70000000000002,0.0,21.0,29.0,29.0,29.6,300.0,300.0,31.8,35.800000000000004,28.9,28.1,30.0,4.96,1.99,4.97,0.16,0.0,0.0,1027.0,8228.0,0.0,0.0,0.0,0.0,0.0,1.0,0.0,0.0,0.0,0.0,0.0,-0.8,0.0,1.1,0.0,0.0001,16.0,25903.0
2026-07-30T19:02:47.462Z,336.945,336.96,0.0,7.4,0.0,0.0,0.0,0.0,0.0,0.0,0.0,0.0,1.0,0.0,0.0,0.0,9.0,4.0,0.0,0.0,0.0,0.0,0.0,0.0,0.0,0.0,4.0,12.0,1.0,12.18,5.01,2.5,1.49,0.0,0.0,0.0,28.8,0.0,0.3,0.1,0.4,-169.70000000000002,0.0,0.0,169.70000000000002,0.0,21.0,29.0,29.0,29.6,300.0,300.0,31.8,35.800000000000004,28.9,28.1,30.0,4.95,1.99,4.97,0.16,0.0,0.0,1027.0,8228.0,0.0,0.0,0.0,0.0,0.0,1.0,0.0,0.0,0.0,0.0,0.0,0.4,0.0,-0.3,0.0,0.0,16.0,25903.0
2026-07-30T19:02:47.474Z,336.957,336.972,0.0,7.4,0.0,0.0,0.0,0.0,0.0,0.0,0.0,0.0,1.0,0.0,0.0,0.0,9.0,4.0,0.0,0.0,0.0,0.0,0.0,0.0,0.0,0.0,5.0,12.0,1.0,12.18,5.01,2.5,1.49,0.0,0.0,0.0,28.6,0.0,0.4,-0.4,0.4,-169.70000000000002,0.0,0.0,169.8,0.0,21.0,29.0,29.0,29.6,300.0,300.0,31.8,35.800000000000004,28.9,28.1,30.0,4.95,1.99,4.96,0.16,0.0,0.0,1027.0,8228.0,0.0,0.0,0.0,0.0,0.0,1.0,0.0,0.0,0.0,0.0,0.0,-0.2,0.0,-0.4,0.0,0.0001,16.0,25903.0
2026-07-30T19:02:47.486Z,336.969,336.984,0.0,7.4,0.0,0.0,0.0,0.0,0.0,0.0,0.0,0.0,1.0,0.0,0.0,0.0,9.0,4.0,0.0,0.0,0.0,0.0,0.0,0.0,0.0,0.0,1.0,12.0,1.0,12.18,5.01,2.5,1.49,0.0,0.0,0.0,28.3,0.0,0.3,-0.5,-0.7000000000000001,-169.70000000000002,0.0,0.0,169.60000000000002,0.0,21.0,29.0,29.0,29.6,300.0,300.0,31.8,35.800000000000004,28.9,28.1,30.0,4.95,1.99,4.97,0.16,0.0,0.0,1027.0,8228.0,0.0,0.0,0.0,0.0,0.0,1.0,0.0,0.0,0.0,0.0,0.0,-1.1,0.0,0.5,0.0,0.0002,16.0,25903.0
2026-07-30T19:02:47.498Z,336.981,336.996,0.0,7.4,0.0,0.0,0.0,0.0,0.0,0.0,0.0,0.0,1.0,0.0,0.0,0.0,9.0,4.0,0.0,0.0,0.0,0.0,0.0,0.0,0.0,0.0,2.0,12.0,1.0,12.17,5.0200000000000005,2.5,1.49,0.0,0.0,0.0,28.1,0.0,-0.2,0.0,-0.1,-169.70000000000002,0.0,0.0,169.60000000000002,0.0,21.4,29.0,29.0,29.6,300.0,300.0,31.700000000000003,35.9,28.9,28.1,30.0,4.95,1.99,4.97,0.16,0.0,0.0,1027.0,8228.0,0.0,0.0,0.0,0.0,0.0,1.0,0.0,0.0,0.0,0.0,0.0,-0.7000000000000001,0.0,0.0,0.0,0.0002,16.0,25903.0
2026-07-30T19:02:47.510Z,336.993,337.008,0.0,7.4,0.0,0.0,0.0,0.0,0.0,0.0,0.0,0.0,1.0,0.0,0.0,0.0,9.0,4.0,0.0,0.0,0.0,0.0,0.0,0.0,0.0,0.0,4.0,12.0,1.0,12.17,5.0200000000000005,2.5,1.49,0.0,0.1,0.0,27.9,0.0,-0.2,0.6000000000000001,0.9,-169.70000000000002,0.0,0.0,169.70000000000002,0.0,21.4,29.0,29.0,29.6,300.0,300.0,31.700000000000003,35.9,28.9,28.1,30.0,4.96,1.99,4.97,0.16,0.0,0.0,1027.0,8228.0,0.0,0.0,0.0,0.0,0.0,1.0,0.0,0.0,0.0,0.0,0.0,-0.7000000000000001,0.0,0.0,0.0,0.0001,16.0,25903.0
2026-07-30T19:02:47.522Z,337.005,337.02,0.0,7.4,0.0,0.0,0.0,0.0,0.0,0.0,0.0,0.0,1.0,0.0,0.0,0.0,9.0,4.0,0.0,0.0,0.0,0.0,0.0,0.0,0.0,0.0,5.0,12.0,1.0,12.17,5.0200000000000005,2.5,1.49,0.0,0.0,0.0,27.700000000000003,0.0,-0.2,0.1,-0.1,-169.60000000000002,0.0,0.0,169.60000000000002,0.0,21.4,29.0,29.0,29.6,300.0,300.0,31.700000000000003,35.9,28.9,28.1,30.0,4.96,1.99,4.96,0.16,0.0,0.0,1027.0,8228.0,0.0,0.0,0.0,0.0,0.0,1.0,0.0,0.0,0.0,0.0,0.0,-1.7000000000000002,0.0,0.4,0.0,0.0001,16.0,25903.0
2026-07-30T19:02:47.534Z,337.017,337.032,0.0,7.4,0.0,0.0,0.0,0.0,0.0,0.0,0.0,0.0,1.0,0.0,0.0,0.0,9.0,4.0,0.0,0.0,0.0,0.0,0.0,0.0,0.0,0.0,6.0,12.0,1.0,12.17,5.0200000000000005,2.5,1.49,0.0,0.0,0.0,27.4,0.0,0.4,0.0,-0.1,-169.60000000000002,0.0,0.0,169.60000000000002,0.0,21.4,29.0,29.0,29.6,300.0,300.0,31.700000000000003,35.9,28.9,28.1,30.0,4.96,1.99,4.97,0.16,0.0,0.0,1027.0,8228.0,0.0,0.0,0.0,0.0,0.0,1.0,0.0,0.0,0.0,0.0,0.0,0.0,0.0,0.1,0.0,0.0,16.0,25903.0
2026-07-30T19:02:47.546Z,337.029,337.044,0.0,7.4,0.0,0.0,0.0,0.0,0.0,0.0,0.0,0.0,1.0,0.0,0.0,0.0,9.0,4.0,0.0,0.0,0.0,0.0,0.0,0.0,0.0,0.0,2.0,12.0,1.0,12.17,5.0200000000000005,2.5,1.49,0.0,0.0,0.0,27.200000000000003,0.0,0.4,0.1,0.4,-169.60000000000002,0.0,0.0,169.70000000000002,0.0,21.4,29.0,29.0,29.6,300.0,300.0,31.700000000000003,35.9,28.9,28.1,30.0,4.96,1.99,4.96,0.16,0.0,0.0,1027.0,8228.0,0.0,0.0,0.0,0.0,0.0,1.0,0.0,0.0,0.0,0.0,0.0,0.4,0.0,-0.3,0.0,0.0,16.0,25903.0
2026-07-30T19:02:47.558Z,337.041,337.056,0.0,7.4,0.0,0.0,0.0,0.0,0.0,0.0,0.0,0.0,1.0,0.0,0.0,0.0,9.0,4.0,0.0,0.0,0.0,0.0,0.0,0.0,0.0,0.0,3.0,12.0,1.0,12.17,5.0200000000000005,2.5,1.49,0.0,0.0,0.0,27.0,0.0,0.9,0.6000000000000001,1.0,-169.60000000000002,0.0,0.0,169.60000000000002,0.0,21.4,29.0,29.0,29.6,300.0,300.0,31.700000000000003,35.9,28.9,28.1,30.0,4.96,1.99,4.96,0.16,0.0,0.0,1027.0,8228.0,0.0,0.0,0.0,0.0,0.0,1.0,0.0,0.0,0.0,0.0,0.0,1.5,0.0,-0.7000000000000001,0.0,0.0001,16.0,25903.0
2026-07-30T19:02:47.570Z,337.053,337.068,0.0,7.4,0.0,0.0,0.0,0.0,0.0,0.0,0.0,0.0,1.0,0.0,0.0,0.0,9.0,4.0,0.0,0.0,0.0,0.0,0.0,0.0,0.0,0.0,4.0,12.0,1.0,12.17,5.0200000000000005,2.5,1.49,0.0,0.0,0.0,26.700000000000003,0.0,-0.1,-1.0,-1.9,-169.60000000000002,0.0,0.0,169.70000000000002,0.0,21.4,29.0,29.0,29.6,300.0,300.0,31.700000000000003,35.9,28.9,28.1,30.0,4.95,1.99,4.96,0.16,0.0,0.0,1027.0,8228.0,0.0,0.0,0.0,0.0,0.0,1.0,0.0,0.0,0.0,0.0,0.0,-2.6,0.0,1.4,0.0,0.0001,16.0,25903.0
2026-07-30T19:02:47.582Z,337.065,337.08,0.0,7.4,0.0,0.0,0.0,0.0,0.0,0.0,0.0,0.0,1.0,0.0,0.0,0.0,9.0,4.0,0.0,0.0,0.0,0.0,0.0,0.0,0.0,0.0,6.0,12.0,1.0,12.17,5.0200000000000005,2.5,1.49,0.0,0.0,0.0,26.5,0.0,1.0,0.1,0.3,-169.60000000000002,0.0,0.0,169.60000000000002,0.0,21.4,29.0,29.0,29.6,300.0,300.0,31.700000000000003,35.9,28.9,28.1,30.0,4.95,1.99,4.97,0.16,0.0,0.0,1027.0,8228.0,0.0,0.0,0.0,0.0,0.0,1.0,0.0,0.0,0.0,0.0,0.0,0.4,0.0,-0.3,0.0,0.0,16.0,25903.0
2026-07-30T19:02:47.594Z,337.077,337.092,0.0,7.4,0.0,0.0,0.0,0.0,0.0,0.0,0.0,0.0,1.0,0.0,0.0,0.0,9.0,4.0,0.0,0.0,0.0,0.0,0.0,0.0,0.0,0.0,1.0,12.0,1.0,12.18,5.0200000000000005,2.51,1.49,0.0,0.0,0.0,26.4,0.0,0.4,-0.4,-0.7000000000000001,-169.60000000000002,0.0,0.0,169.60000000000002,0.0,21.700000000000003,29.0,29.0,29.6,300.0,300.0,31.700000000000003,35.800000000000004,28.9,28.1,30.0,4.95,1.99,4.96,0.16,0.0,0.0,1027.0,8228.0,0.0,0.0,0.0,0.0,0.0,1.0,0.0,0.0,0.0,0.0,0.0,-1.1,0.0,0.5,0.0,0.0,16.0,25903.0
2026-07-30T19:02:47.606Z,337.089,337.104,0.0,7.4,0.0,0.0,0.0,0.0,0.0,0.0,0.0,0.0,1.0,0.0,0.0,0.0,9.0,4.0,0.0,0.0,0.0,0.0,0.0,0.0,0.0,0.0,2.0,12.0,1.0,12.18,5.0200000000000005,2.51,1.49,0.0,0.1,0.0,26.1,0.0,-0.7000000000000001,-0.4,0.3,-169.60000000000002,0.0,0.0,169.70000000000002,0.0,21.700000000000003,29.0,29.0,29.6,300.0,300.0,31.700000000000003,35.800000000000004,28.9,28.1,30.0,4.96,1.99,4.96,0.16,0.0,0.0,1027.0,8228.0,0.0,0.0,0.0,0.0,0.0,1.0,0.0,0.0,0.0,0.0,0.0,-0.2,0.0,-0.4,0.0,0.0,16.0,25903.0
2026-07-30T19:02:47.618Z,337.101,337.116,0.0,7.4,0.0,0.0,0.0,0.0,0.0,0.0,0.0,0.0,1.0,0.0,0.0,0.0,9.0,4.0,0.0,0.0,0.0,0.0,0.0,0.0,0.0,0.0,4.0,12.0,1.0,12.18,5.0200000000000005,2.51,1.49,0.0,0.0,0.0,25.9,0.0,0.9,-0.4,-0.2,-169.60000000000002,0.0,0.0,169.60000000000002,0.0,21.700000000000003,29.0,29.0,29.6,300.0,300.0,31.700000000000003,35.800000000000004,28.9,28.1,30.0,4.95,1.99,4.96,0.16,0.0,0.0,1027.0,8228.0,0.0,0.0,0.0,0.0,0.0,1.0,0.0,0.0,0.0,0.0,0.0,-0.7000000000000001,0.0,0.0,0.0,0.0,16.0,25903.0
2026-07-30T19:02:47.630Z,337.113,337.128,0.0,7.4,0.0,0.0,0.0,0.0,0.0,0.0,0.0,0.0,1.0,0.0,0.0,0.0,9.0,4.0,0.0,0.0,0.0,0.0,0.0,0.0,0.0,0.0,5.0,12.0,1.0,12.18,5.0200000000000005,2.51,1.49,0.0,0.0,0.0,25.6,0.0,-0.7000000000000001,0.0,0.3,-169.60000000000002,0.0,0.0,169.70000000000002,0.0,21.700000000000003,29.0,29.0,29.6,300.0,300.0,31.700000000000003,35.800000000000004,28.9,28.1,30.0,4.96,2.0,4.96,0.16,0.0,0.0,1027.0,8228.0,0.0,0.0,0.0,0.0,0.0,1.0,0.0,0.0,0.0,0.0,0.0,0.3,0.0,-0.3,0.0,0.0,16.0,25903.0
2026-07-30T19:02:47.642Z,337.125,337.14,0.0,7.4,0.0,0.0,0.0,0.0,0.0,0.0,0.0,0.0,1.0,0.0,0.0,0.0,9.0,4.0,0.0,0.0,0.0,0.0,0.0,0.0,0.0,0.0,1.0,12.0,1.0,12.18,5.0200000000000005,2.51,1.49,0.0,0.0,0.0,25.4,0.0,-0.2,0.0,0.9,-169.60000000000002,0.0,0.0,169.70000000000002,0.0,21.700000000000003,29.0,29.0,29.6,300.0,300.0,31.700000000000003,35.800000000000004,28.9,28.1,30.0,4.96,2.0,4.97,0.16,0.0,0.0,1027.0,8228.0,0.0,0.0,0.0,0.0,0.0,1.0,0.0,0.0,0.0,0.0,0.0,0.7000000000000001,0.0,-0.8,0.0,0.0,16.0,25903.0
2026-07-30T19:02:47.654Z,337.137,337.152,0.0,7.4,0.0,0.0,0.0,0.0,0.0,0.0,0.0,0.0,1.0,0.0,0.0,0.0,9.0,4.0,0.0,0.0,0.0,0.0,0.0,0.0,0.0,0.0,2.0,12.0,1.0,12.18,5.0200000000000005,2.51,1.49,0.0,0.0,0.0,25.3,0.0,-0.2,-0.5,-0.7000000000000001,-169.60000000000002,0.0,0.0,169.70000000000002,0.0,21.700000000000003,29.0,29.0,29.6,300.0,300.0,31.700000000000003,35.800000000000004,28.9,28.1,30.0,4.95,1.99,4.97,0.16,0.0,0.0,1027.0,8228.0,0.0,0.0,0.0,0.0,0.0,1.0,0.0,0.0,0.0,0.0,0.0,-1.2000000000000002,0.0,0.5,0.0,0.0,16.0,25903.0
2026-07-30T19:02:47.665Z,337.148,337.164,0.0,7.4,0.0,0.0,0.0,0.0,0.0,0.0,0.0,0.0,1.0,0.0,0.0,0.0,9.0,4.0,0.0,0.0,0.0,0.0,0.0,0.0,0.0,0.0,4.0,12.0,1.0,12.18,5.0200000000000005,2.51,1.49,0.0,0.0,0.0,25.1,0.0,-0.2,0.5,-0.2,-169.60000000000002,0.0,0.0,169.60000000000002,0.0,21.700000000000003,29.0,29.0,29.6,300.0,300.0,31.700000000000003,35.800000000000004,28.9,28.1,30.0,4.95,1.99,4.97,0.16,0.0,0.0,1027.0,8228.0,0.0,0.0,0.0,0.0,0.0,1.0,0.0,0.0,0.0,0.0,0.0,0.4,0.0,0.3,0.0,0.0,16.0,25903.0
2026-07-30T19:02:47.678Z,337.161,337.176,0.0,7.4,0.0,0.0,0.0,0.0,0.0,0.0,0.0,0.0,1.0,0.0,0.0,0.0,9.0,4.0,0.0,0.0,0.0,0.0,0.0,0.0,0.0,0.0,5.0,12.0,1.0,12.18,5.0200000000000005,2.51,1.49,0.0,0.0,0.0,24.8,0.0,-0.2,-0.5,-0.1,-169.60000000000002,0.0,0.0,169.60000000000002,0.0,21.700000000000003,29.0,29.0,29.6,300.0,300.0,31.700000000000003,35.800000000000004,28.9,28.1,30.0,4.96,2.0,4.96,0.16,0.0,0.0,1027.0,8228.0,0.0,0.0,0.0,0.0,0.0,1.0,0.0,0.0,0.0,0.0,0.0,-0.7000000000000001,0.0,0.0,0.0,0.0,16.0,25903.0
2026-07-30T19:02:47.690Z,337.173,337.188,0.0,7.4,0.0,0.0,0.0,0.0,0.0,0.0,0.0,0.0,1.0,0.0,0.0,0.0,9.0,4.0,0.0,0.0,0.0,0.0,0.0,0.0,0.0,0.0,1.0,12.0,1.0,12.18,5.0200000000000005,2.51,1.49,0.0,0.0,0.0,24.6,0.0,-0.2,0.0,-0.2,-169.60000000000002,0.0,0.0,169.60000000000002,0.0,21.700000000000003,29.0,29.0,29.6,300.0,300.0,31.700000000000003,35.800000000000004,28.9,28.1,30.0,4.96,1.99,4.97,0.16,0.0,0.0,1027.0,8228.0,0.0,0.0,0.0,0.0,0.0,1.0,0.0,0.0,0.0,0.0,0.0,-0.1,0.0,0.1,0.0,0.0,16.0,25903.0
2026-07-30T19:02:47.701Z,337.184,337.2,0.0,7.4,0.0,0.0,0.0,0.0,0.0,0.0,0.0,0.0,1.0,0.0,0.0,0.0,9.0,4.0,0.0,0.0,0.0,0.0,0.0,0.0,0.0,0.0,2.0,12.0,1.0,12.18,5.0200000000000005,2.51,1.5,0.0,0.0,0.0,24.4,0.0,0.9,1.2000000000000002,0.9,-169.60000000000002,0.0,0.0,169.70000000000002,0.0,21.700000000000003,29.0,29.0,29.6,300.0,300.0,31.8,35.800000000000004,28.9,28.1,30.0,4.95,1.99,4.97,0.16,0.0,0.0,1027.0,8228.0,0.0,0.0,0.0,0.0,0.0,1.0,0.0,0.0,0.0,0.0,0.0,2.1,0.0,-0.6000000000000001,0.0,0.0,16.0,25903.0
2026-07-30T19:02:47.714Z,337.197,337.212,0.0,7.4,0.0,0.0,0.0,0.0,0.0,0.0,0.0,0.0,1.0,0.0,0.0,0.0,9.0,4.0,0.0,0.0,0.0,0.0,0.0,0.0,0.0,0.0,3.0,12.0,1.0,12.18,5.0200000000000005,2.51,1.5,0.0,0.0,0.0,24.200000000000003,0.0,-1.3,-0.5,-0.1,-169.60000000000002,0.0,0.0,169.8,0.0,21.700000000000003,29.0,29.0,29.6,300.0,300.0,31.8,35.800000000000004,28.9,28.1,30.0,4.95,1.99,4.96,0.16,0.0,0.0,1027.0,8228.0,0.0,0.0,0.0,0.0,0.0,1.0,0.0,0.0,0.0,0.0,0.0,-0.7000000000000001,0.0,0.0,0.0,0.0001,16.0,25903.0
2026-07-30T19:02:47.726Z,337.209,337.224,0.0,7.4,0.0,0.0,0.0,0.0,0.0,0.0,0.0,0.0,1.0,0.0,0.0,0.0,9.0,4.0,0.0,0.0,0.0,0.0,0.0,0.0,0.0,0.0,5.0,12.0,1.0,12.18,5.0200000000000005,2.51,1.5,0.0,0.0,0.0,24.0,0.0,-0.1,-0.5,0.9,-169.60000000000002,0.0,0.0,169.60000000000002,0.0,21.700000000000003,29.0,29.0,29.6,300.0,300.0,31.8,35.800000000000004,28.9,28.1,30.0,4.96,1.99,4.96,0.16,0.0,0.0,1027.0,8228.0,0.0,0.0,0.0,0.0,0.0,1.0,0.0,0.0,0.0,0.0,0.0,0.1,0.0,-0.9,0.0,0.0001,16.0,25903.0
2026-07-30T19:02:47.738Z,337.221,337.236,0.0,7.4,0.0,0.0,0.0,0.0,0.0,0.0,0.0,0.0,1.0,0.0,0.0,0.0,9.0,4.0,0.0,0.0,0.0,0.0,0.0,0.0,0.0,0.0,6.0,12.0,1.0,12.18,5.0200000000000005,2.51,1.5,0.0,0.0,0.0,23.9,0.0,0.3,0.6000000000000001,1.0,-169.60000000000002,0.0,0.0,169.70000000000002,0.0,21.700000000000003,29.0,29.0,29.6,300.0,300.0,31.8,35.800000000000004,28.9,28.1,30.0,4.96,1.99,4.97,0.16,0.0,0.0,1027.0,8228.0,0.0,0.0,0.0,0.0,0.0,1.0,0.0,0.0,0.0,0.0,0.0,1.4,0.0,-0.7000000000000001,0.0,0.0002,16.0,25903.0
2026-07-30T19:02:47.750Z,337.233,337.248,0.0,7.4,0.0,0.0,0.0,0.0,0.0,0.0,0.0,0.0,1.0,0.0,0.0,0.0,9.0,4.0,0.0,0.0,0.0,0.0,0.0,0.0,0.0,0.0,2.0,12.0,1.0,12.18,5.0200000000000005,2.51,1.5,0.0,0.0,0.0,23.6,0.0,-0.7000000000000001,0.0,0.0,-169.60000000000002,0.0,0.0,169.60000000000002,0.0,21.700000000000003,29.0,29.0,29.6,300.0,300.0,31.8,35.800000000000004,28.9,28.1,30.0,4.95,1.99,4.97,0.16,0.0,0.0,1027.0,8228.0,0.0,0.0,0.0,0.0,0.0,1.0,0.0,0.0,0.0,0.0,0.0,0.0,0.0,0.0,0.0,0.0,16.0,25903.0
2026-07-30T19:02:47.762Z,337.245,337.26,0.0,7.4,0.0,0.0,0.0,0.0,0.0,0.0,0.0,0.0,1.0,0.0,0.0,0.0,9.0,4.0,0.0,0.0,0.0,0.0,0.0,0.0,0.0,0.0,3.0,12.0,1.0,12.18,5.0200000000000005,2.51,1.5,0.0,0.1,0.0,23.4,0.0,-0.2,-0.4,-1.2000000000000002,-169.60000000000002,0.0,0.0,169.60000000000002,0.0,21.700000000000003,29.0,29.0,29.6,300.0,300.0,31.8,35.800000000000004,28.9,28.1,30.0,4.96,1.99,4.96,0.17,0.0,0.0,1027.0,8228.0,0.0,0.0,0.0,0.0,0.0,1.0,0.0,0.0,0.0,0.0,0.0,-1.4,0.0,0.9,0.0,0.0,16.0,25903.0
2026-07-30T19:02:47.774Z,337.257,337.272,0.0,7.4,0.0,0.0,0.0,0.0,0.0,0.0,0.0,0.0,1.0,0.0,0.0,0.0,9.0,4.0,0.0,0.0,0.0,0.0,0.0,0.0,0.0,0.0,4.0,12.0,1.0,12.18,5.0200000000000005,2.51,1.5,0.0,0.0,0.0,23.200000000000003,0.0,-0.2,-1.0,-1.1,-169.60000000000002,0.0,0.0,169.60000000000002,0.0,21.700000000000003,29.0,29.0,29.6,300.0,300.0,31.8,35.800000000000004,28.9,28.1,30.0,4.95,1.98,4.97,0.17,0.0,0.0,1027.0,8228.0,0.0,0.0,0.0,0.0,0.0,1.0,0.0,0.0,0.0,0.0,0.0,-2.0,0.0,0.7000000000000001,0.0,0.0,16.0,25903.0
2026-07-30T19:02:47.786Z,337.269,337.284,0.0,7.4,0.0,0.0,0.0,0.0,0.0,0.0,0.0,0.0,1.0,0.0,0.0,0.0,9.0,4.0,0.0,0.0,0.0,0.0,0.0,0.0,0.0,0.0,5.0,12.0,1.0,12.18,5.0200000000000005,2.51,1.5,0.0,0.0,0.0,23.0,0.0,-0.1,0.1,0.6000000000000001,-169.60000000000002,0.0,0.0,169.60000000000002,0.0,21.700000000000003,29.0,29.0,29.6,300.0,300.0,31.8,35.800000000000004,28.9,28.1,30.0,4.95,1.99,4.96,0.16,0.0,0.0,1027.0,8228.0,0.0,0.0,0.0,0.0,0.0,1.0,0.0,0.0,0.0,0.0,0.0,0.6000000000000001,0.0,-0.5,0.0,0.0,16.0,25903.0
2026-07-30T19:02:47.799Z,337.282,337.296,0.0,7.4,0.0,0.0,0.0,0.0,0.0,0.0,0.0,0.0,1.0,0.0,0.0,0.0,9.0,4.0,0.0,0.0,0.0,0.0,0.0,0.0,0.0,0.0,1.0,12.0,1.0,12.15,5.0200000000000005,2.51,1.49,0.0,0.0,0.0,22.8,0.0,0.3,0.1,0.6000000000000001,-169.60000000000002,0.0,0.0,169.60000000000002,0.0,21.4,29.0,29.0,29.6,300.0,300.0,31.8,35.800000000000004,28.9,28.1,30.0,4.96,1.99,4.96,0.16,0.0,0.0,1027.0,8228.0,0.0,0.0,0.0,0.0,0.0,1.0,0.0,0.0,0.0,0.0,0.0,0.6000000000000001,0.0,-0.5,0.0,0.0,16.0,25903.0
2026-07-30T19:02:47.810Z,337.293,337.308,0.0,7.4,0.0,0.0,0.0,0.0,0.0,0.0,0.0,0.0,1.0,0.0,0.0,0.0,9.0,4.0,0.0,0.0,0.0,0.0,0.0,0.0,0.0,0.0,2.0,12.0,1.0,12.15,5.0200000000000005,2.51,1.49,0.0,0.0,0.0,22.6,0.0,0.3,-0.4,0.6000000000000001,-169.60000000000002,0.0,0.0,169.70000000000002,0.0,21.4,29.0,29.0,29.6,300.0,300.0,31.8,35.800000000000004,28.9,28.1,30.0,4.95,1.99,4.97,0.16,0.0,0.0,1027.0,8228.0,0.0,0.0,0.0,0.0,0.0,1.0,0.0,0.0,0.0,0.0,0.0,-0.1,0.0,-0.6000000000000001,0.0,0.0,16.0,25903.0
2026-07-30T19:02:47.821Z,337.304,337.32,0.0,7.4,0.0,0.0,0.0,0.0,0.0,0.0,0.0,0.0,1.0,0.0,0.0,0.0,9.0,4.0,0.0,0.0,0.0,0.0,0.0,0.0,0.0,0.0,3.0,12.0,1.0,12.15,5.0200000000000005,2.51,1.49,0.0,0.0,0.0,22.4,0.0,0.3,-1.1,1.1,-169.60000000000002,0.0,0.0,169.60000000000002,0.0,21.4,29.0,29.0,29.6,300.0,300.0,31.8,35.800000000000004,28.9,28.1,30.0,4.96,1.99,4.97,0.16,0.0,0.0,1027.0,8228.0,0.0,0.0,0.0,0.0,0.0,1.0,0.0,0.0,0.0,0.0,0.0,-0.4,0.0,-1.2000000000000002,0.0,0.0,16.0,25903.0
2026-07-30T19:02:47.834Z,337.317,337.332,0.0,7.4,0.0,0.0,0.0,0.0,0.0,0.0,0.0,0.0,1.0,0.0,0.0,0.0,9.0,4.0,0.0,0.0,0.0,0.0,0.0,0.0,0.0,0.0,4.0,12.0,1.0,12.15,5.0200000000000005,2.51,1.49,0.0,0.0,0.0,22.200000000000003,0.0,0.3,-1.1,0.0,-169.60000000000002,0.0,0.0,169.60000000000002,0.0,21.4,29.0,29.0,29.6,300.0,300.0,31.8,35.800000000000004,28.9,28.1,30.0,4.96,1.99,4.96,0.16,0.0,0.0,1027.0,8228.0,0.0,0.0,0.0,0.0,0.0,1.0,0.0,0.0,0.0,0.0,0.0,-1.3,0.0,-0.1,0.0,0.0,16.0,25903.0
2026-07-30T19:02:47.846Z,337.329,337.344,0.0,7.4,0.0,0.0,0.0,0.0,0.0,0.0,0.0,0.0,1.0,0.0,0.0,0.0,9.0,4.0,0.0,0.0,0.0,0.0,0.0,0.0,0.0,0.0,6.0,12.0,1.0,12.15,5.0200000000000005,2.51,1.49,0.0,0.0,0.0,22.0,0.0,-0.1,0.6000000000000001,-0.6000000000000001,-169.60000000000002,0.0,0.0,169.70000000000002,0.0,21.4,29.0,29.0,29.6,300.0,300.0,31.8,35.800000000000004,28.9,28.1,30.0,4.96,1.99,4.96,0.16,0.0,0.0,1027.0,8228.0,0.0,0.0,0.0,0.0,0.0,1.0,0.0,0.0,0.0,0.0,0.0,0.2,0.0,0.6000000000000001,0.0,0.0,16.0,25903.0
2026-07-30T19:02:47.858Z,337.341,337.356,0.0,7.4,0.0,0.0,0.0,0.0,0.0,0.0,0.0,0.0,1.0,0.0,0.0,0.0,9.0,4.0,0.0,0.0,0.0,0.0,0.0,0.0,0.0,0.0,1.0,12.0,1.0,12.15,5.0200000000000005,2.51,1.49,0.0,0.0,0.0,21.8,0.0,0.4,-0.4,-0.6000000000000001,-169.60000000000002,0.0,0.0,169.60000000000002,0.0,21.4,29.0,29.0,29.6,300.0,300.0,31.8,35.800000000000004,28.9,28.1,30.0,4.95,1.99,4.96,0.16,0.0,0.0,1027.0,8228.0,0.0,0.0,0.0,0.0,0.0,1.0,0.0,0.0,0.0,0.0,0.0,-1.0,0.0,0.4,0.0,0.0,16.0,25903.0
2026-07-30T19:02:47.870Z,337.353,337.368,0.0,7.4,0.0,0.0,0.0,0.0,0.0,0.0,0.0,0.0,1.0,0.0,0.0,0.0,9.0,4.0,0.0,0.0,0.0,0.0,0.0,0.0,0.0,0.0,3.0,12.0,1.0,12.15,5.0200000000000005,2.51,1.49,0.0,0.0,0.0,21.6,0.0,-0.1,-0.4,0.0,-169.60000000000002,0.0,0.0,169.70000000000002,0.0,21.4,29.0,29.0,29.6,300.0,300.0,31.8,35.800000000000004,28.9,28.1,30.0,4.95,1.99,4.96,0.16,0.0,0.0,1027.0,8228.0,0.0,0.0,0.0,0.0,0.0,1.0,0.0,0.0,0.0,0.0,0.0,-0.5,0.0,0.0,0.0,0.0,16.0,25903.0
2026-07-30T19:02:47.881Z,337.364,337.38,0.0,7.4,0.0,0.0,0.0,0.0,0.0,0.0,0.0,0.0,1.0,0.0,0.0,0.0,9.0,4.0,0.0,0.0,0.0,0.0,0.0,0.0,0.0,0.0,4.0,12.0,1.0,12.15,5.0200000000000005,2.51,1.49,0.0,0.1,0.0,21.4,0.0,0.9,0.1,0.0,-169.60000000000002,0.0,0.0,169.60000000000002,0.0,21.4,29.0,29.0,29.6,300.0,300.0,31.8,35.800000000000004,28.9,28.1,30.0,4.95,2.0,4.96,0.16,0.0,0.0,1027.0,8228.0,0.0,0.0,0.0,0.0,0.0,1.0,0.0,0.0,0.0,0.0,0.0,0.0,0.0,0.0,0.0,0.0,16.0,25903.0
2026-07-30T19:02:47.894Z,337.377,337.392,0.0,7.4,0.0,0.0,0.0,0.0,0.0,0.0,0.0,0.0,1.0,0.0,0.0,0.0,9.0,4.0,0.0,0.0,0.0,0.0,0.0,0.0,0.0,0.0,6.0,12.0,1.0,12.15,5.0200000000000005,2.51,1.49,0.0,0.0,0.0,21.200000000000003,0.0,-0.7000000000000001,0.7000000000000001,1.0,-169.60000000000002,0.0,0.0,169.70000000000002,0.0,21.4,29.0,29.0,29.6,300.0,300.0,31.8,35.800000000000004,28.9,28.1,30.0,4.96,1.99,4.96,0.16,0.0,0.0,1027.0,8228.0,0.0,0.0,0.0,0.0,0.0,1.0,0.0,0.0,0.0,0.0,0.0,1.6,0.0,-0.8,0.0,0.0,16.0,25903.0
2026-07-30T19:02:47.906Z,337.389,337.404,0.0,7.4,0.0,0.0,0.0,0.0,0.0,0.0,0.0,0.0,1.0,0.0,0.0,0.0,9.0,4.0,0.0,0.0,0.0,0.0,0.0,0.0,0.0,0.0,1.0,12.0,1.0,12.2,5.0200000000000005,2.51,1.49,0.0,0.0,0.0,21.1,0.0,0.3,0.1,1.0,-169.60000000000002,0.0,0.0,169.60000000000002,0.0,21.200000000000003,29.0,29.0,29.6,300.0,300.0,31.700000000000003,35.800000000000004,28.9,28.1,30.0,4.95,1.99,4.97,0.16,0.0,0.0,1027.0,8228.0,0.0,0.0,0.0,0.0,0.0,1.0,0.0,0.0,0.0,0.0,0.0,0.9,0.0,-0.9,0.0,0.0001,16.0,25903.0
2026-07-30T19:02:47.918Z,337.401,337.416,0.0,7.4,0.0,0.0,0.0,0.0,0.0,0.0,0.0,0.0,1.0,0.0,0.0,0.0,9.0,4.0,0.0,0.0,0.0,0.0,0.0,0.0,0.0,0.0,2.0,12.0,1.0,12.2,5.0200000000000005,2.51,1.49,0.0,0.0,0.0,20.9,0.0,-0.2,-0.4,0.4,-169.60000000000002,0.0,0.0,169.60000000000002,0.0,21.200000000000003,29.0,29.0,29.6,300.0,300.0,31.700000000000003,35.800000000000004,28.9,28.1,30.0,4.96,2.0,4.96,0.16,0.0,0.0,1027.0,8228.0,0.0,0.0,0.0,0.0,0.0,1.0,0.0,0.0,0.0,0.0,0.0,-0.1,0.0,-0.5,0.0,0.0001,16.0,25903.0
2026-07-30T19:02:47.930Z,337.413,337.428,0.0,7.4,0.0,0.0,0.0,0.0,0.0,0.0,0.0,0.0,1.0,0.0,0.0,0.0,9.0,4.0,0.0,0.0,0.0,0.0,0.0,0.0,0.0,0.0,4.0,12.0,1.0,12.2,5.0200000000000005,2.51,1.49,0.0,0.0,0.0,20.700000000000003,0.0,-0.1,0.0,0.4,-169.60000000000002,0.0,0.0,169.60000000000002,0.0,21.200000000000003,29.0,29.0,29.6,300.0,300.0,31.700000000000003,35.800000000000004,28.9,28.1,30.0,4.96,1.99,4.97,0.15,0.0,0.0,1027.0,8228.0,0.0,0.0,0.0,0.0,0.0,1.0,0.0,0.0,0.0,0.0,0.0,0.4,0.0,-0.4,0.0,0.0,16.0,25903.0
2026-07-30T19:02:47.942Z,337.425,337.44,0.0,7.4,0.0,0.0,0.0,0.0,0.0,0.0,0.0,0.0,1.0,0.0,0.0,0.0,9.0,4.0,0.0,0.0,0.0,0.0,0.0,0.0,0.0,0.0,5.0,12.0,1.0,12.2,5.0200000000000005,2.51,1.49,0.0,0.0,0.0,20.6,0.0,0.3,0.6000000000000001,0.4,-169.60000000000002,0.0,0.0,169.60000000000002,0.0,21.200000000000003,29.0,29.0,29.6,300.0,300.0,31.700000000000003,35.800000000000004,28.9,28.1,30.0,4.95,1.99,4.97,0.16,0.0,0.0,1027.0,8228.0,0.0,0.0,0.0,0.0,0.0,1.0,0.0,0.0,0.0,0.0,0.0,1.1,0.0,-0.2,0.0,0.0,16.0,25903.0
2026-07-30T19:02:47.954Z,337.437,337.452,0.0,7.4,0.0,0.0,0.0,0.0,0.0,0.0,0.0,0.0,1.0,0.0,0.0,0.0,9.0,4.0,0.0,0.0,0.0,0.0,0.0,0.0,0.0,0.0,6.0,12.0,1.0,12.2,5.0200000000000005,2.51,1.49,0.0,0.0,0.0,20.3,0.0,-0.2,0.6000000000000001,-0.6000000000000001,-169.60000000000002,0.0,0.0,169.70000000000002,0.0,21.200000000000003,29.0,29.0,29.6,300.0,300.0,31.700000000000003,35.800000000000004,28.9,28.1,30.0,4.96,1.99,4.97,0.16,0.0,0.0,1027.0,8228.0,0.0,0.0,0.0,0.0,0.0,1.0,0.0,0.0,0.0,0.0,0.0,0.2,0.0,0.7000000000000001,0.0,0.0,16.0,25903.0
2026-07-30T19:02:47.966Z,337.449,337.464,0.0,7.4,0.0,0.0,0.0,0.0,0.0,0.0,0.0,0.0,1.0,0.0,0.0,0.0,9.0,4.0,0.0,0.0,0.0,0.0,0.0,0.0,0.0,0.0,2.0,12.0,1.0,12.2,5.0200000000000005,2.51,1.49,0.0,0.0,0.0,20.1,0.0,-0.2,0.0,-0.1,-169.60000000000002,0.0,0.0,169.70000000000002,0.0,21.200000000000003,29.0,29.0,29.6,300.0,300.0,31.700000000000003,35.800000000000004,28.9,28.1,30.0,4.95,1.99,4.96,0.16,0.0,0.0,1027.0,8228.0,0.0,0.0,0.0,0.0,0.0,1.0,0.0,0.0,0.0,0.0,0.0,0.0,0.0,0.1,0.0,0.0,16.0,25903.0
2026-07-30T19:02:47.978Z,337.461,337.476,0.0,7.4,0.0,0.0,0.0,0.0,0.0,0.0,0.0,0.0,1.0,0.0,0.0,0.0,9.0,4.0,0.0,0.0,0.0,0.0,0.0,0.0,0.0,0.0,3.0,12.0,1.0,12.2,5.0200000000000005,2.51,1.49,0.0,0.0,0.0,20.0,0.0,-0.2,1.7000000000000002,-0.1,-169.60000000000002,0.0,0.0,169.70000000000002,0.0,21.200000000000003,29.0,29.0,29.6,300.0,300.0,31.700000000000003,35.800000000000004,28.9,28.1,30.0,4.95,1.99,4.97,0.16,0.0,0.0,1027.0,8228.0,0.0,0.0,0.0,0.0,0.0,1.0,0.0,0.0,0.0,0.0,0.0,1.9,0.0,0.4,0.0,0.0,16.0,25903.0
2026-07-30T19:02:47.990Z,337.473,337.488,0.0,7.4,0.0,0.0,0.0,0.0,0.0,0.0,0.0,0.0,1.0,0.0,0.0,0.0,9.0,4.0,0.0,0.0,0.0,0.0,0.0,0.0,0.0,0.0,4.0,12.0,1.0,12.2,5.0200000000000005,2.51,1.49,0.0,0.0,0.0,19.8,0.0,0.2,0.0,0.4,-169.60000000000002,0.0,0.0,169.60000000000002,0.0,21.200000000000003,29.0,29.0,29.6,300.0,300.0,31.700000000000003,35.800000000000004,28.9,28.1,30.0,4.95,1.99,4.97,0.16,0.0,0.0,1027.0,8228.0,0.0,0.0,0.0,0.0,0.0,1.0,0.0,0.0,0.0,0.0,0.0,0.4,0.0,-0.3,0.0,0.0,16.0,25903.0
2026-07-30T19:02:48.003Z,337.486,337.5,0.0,7.4,0.0,0.0,0.0,0.0,0.0,0.0,0.0,0.0,1.0,0.0,0.0,0.0,9.0,4.0,0.0,0.0,0.0,0.0,0.0,0.0,0.0,0.0,6.0,12.0,1.0,12.18,5.01,2.51,1.49,0.0,0.0,0.0,19.6,0.0,-0.3,0.0,-0.1,-169.60000000000002,0.0,0.0,169.60000000000002,0.0,21.700000000000003,29.0,29.0,29.6,300.0,300.0,31.8,35.800000000000004,28.9,28.1,29.9,4.96,1.99,4.96,0.16,0.0,0.0,1027.0,8228.0,0.0,0.0,0.0,0.0,0.0,1.0,0.0,0.0,0.0,0.0,0.0,0.0,0.0,0.1,0.0,0.0,16.0,25903.0
2026-07-30T19:02:48.014Z,337.497,337.512,0.0,7.4,0.0,0.0,0.0,0.0,0.0,0.0,0.0,0.0,1.0,0.0,0.0,0.0,9.0,4.0,0.0,0.0,0.0,0.0,0.0,0.0,0.0,0.0,1.0,12.0,1.0,12.18,5.01,2.51,1.49,0.0,0.0,0.0,19.5,0.0,0.3,0.7000000000000001,0.4,-169.60000000000002,0.0,0.0,169.60000000000002,0.0,21.700000000000003,29.0,29.0,29.6,300.0,300.0,31.8,35.800000000000004,28.9,28.1,29.9,4.95,1.99,4.97,0.16,0.0,0.0,1027.0,8228.0,0.0,0.0,0.0,0.0,0.0,1.0,0.0,0.0,0.0,0.0,0.0,-1.0,0.0,0.5,0.0,0.0,16.0,25903.0
2026-07-30T19:02:48.025Z,337.508,337.524,0.0,7.4,0.0,0.0,0.0,0.0,0.0,0.0,0.0,0.0,1.0,0.0,0.0,0.0,9.0,4.0,0.0,0.0,0.0,0.0,0.0,0.0,0.0,0.0,2.0,12.0,1.0,12.18,5.01,2.51,1.49,0.0,0.0,0.0,19.200000000000003,0.0,-0.2,0.6000000000000001,0.4,-169.60000000000002,0.0,0.0,169.60000000000002,0.0,21.700000000000003,29.0,29.0,29.6,300.0,300.0,31.8,35.800000000000004,28.9,28.1,29.9,4.95,1.99,4.97,0.16,0.0,0.0,1027.0,8228.0,0.0,0.0,0.0,0.0,0.0,1.0,0.0,0.0,0.0,0.0,0.0,1.3,0.0,0.3,0.0,0.0,16.0,25903.0
2026-07-30T19:02:48.038Z,337.521,337.536,0.0,7.4,0.0,0.0,0.0,0.0,0.0,0.0,0.0,0.0,1.0,0.0,0.0,0.0,9.0,4.0,0.0,0.0,0.0,0.0,0.0,0.0,0.0,0.0,3.0,12.0,1.0,12.18,5.01,2.51,1.49,0.0,0.0,0.0,19.1,0.0,-0.8,0.0,-1.2000000000000002,-169.60000000000002,0.0,0.0,169.8,0.0,21.700000000000003,29.0,29.0,29.6,300.0,300.0,31.8,35.800000000000004,28.9,28.1,29.9,4.96,1.99,4.97,0.16,0.0,0.0,1027.0,8228.0,0.0,0.0,0.0,0.0,0.0,1.0,0.0,0.0,0.0,0.0,0.0,2.2,0.0,-0.6000000000000001,0.0,0.0,16.0,25903.0
2026-07-30T19:02:48.050Z,337.533,337.548,0.0,7.4,0.0,0.0,0.0,0.0,0.0,0.0,0.0,0.0,1.0,0.0,0.0,0.0,9.0,4.0,0.0,0.0,0.0,0.0,0.0,0.0,0.0,0.0,5.0,12.0,1.0,12.18,5.01,2.51,1.49,0.0,0.0,0.0,18.9,0.0,0.2,-0.4,0.5,-169.60000000000002,0.0,0.0,169.8,0.0,21.700000000000003,29.0,29.0,29.6,300.0,300.0,31.8,35.800000000000004,28.9,28.1,29.9,4.96,1.99,4.97,0.16,0.0,0.0,1027.0,8228.0,0.0,0.0,0.0,0.0,0.0,1.0,0.0,0.0,0.0,0.0,0.0,-0.1,0.0,-0.5,0.0,0.0002,16.0,25903.0
2026-07-30T19:02:48.062Z,337.545,337.56,0.0,7.4,0.0,0.0,0.0,0.0,0.0,0.0,0.0,0.0,1.0,0.0,0.0,0.0,9.0,4.0,0.0,0.0,0.0,0.0,0.0,0.0,0.0,0.0,6.0,12.0,1.0,12.18,5.01,2.51,1.49,0.0,0.0,0.0,18.8,0.0,-0.8,-2.8000000000000003,-0.7000000000000001,-169.60000000000002,0.0,0.0,169.60000000000002,0.0,21.700000000000003,29.0,29.0,29.6,300.0,300.0,31.8,35.800000000000004,28.9,28.1,29.9,4.96,1.99,4.97,0.16,0.0,0.0,1027.0,8228.0,0.0,0.0,0.0,0.0,0.0,1.0,0.0,0.0,0.0,0.0,0.0,-3.7,0.0,0.0,0.0,0.0001,16.0,25903.0
2026-07-30T19:02:48.074Z,337.557,337.572,0.0,7.4,0.0,0.0,0.0,0.0,0.0,0.0,0.0,0.0,1.0,0.0,0.0,0.0,9.0,4.0,0.0,0.0,0.0,0.0,0.0,0.0,0.0,0.0,1.0,12.0,1.0,12.18,5.01,2.51,1.49,0.0,0.0,0.0,18.6,0.0,0.2,0.0,-0.1,-169.60000000000002,0.0,0.0,169.8,0.0,21.700000000000003,29.0,29.0,29.6,300.0,300.0,31.8,35.800000000000004,28.9,28.1,29.9,4.96,1.99,4.97,0.16,0.0,0.0,1027.0,8228.0,0.0,0.0,0.0,0.0,0.0,1.0,0.0,0.0,0.0,0.0,0.0,0.0,0.0,0.1,0.0,0.0002,16.0,25903.0
2026-07-30T19:02:48.086Z,337.569,337.584,0.0,7.4,0.0,0.0,0.0,0.0,0.0,0.0,0.0,0.0,1.0,0.0,0.0,0.0,9.0,4.0,0.0,0.0,0.0,0.0,0.0,0.0,0.0,0.0,2.0,12.0,1.0,12.18,5.01,2.51,1.49,0.0,0.0,0.0,18.4,0.0,-0.2,0.0,-0.1,-169.60000000000002,0.0,0.0,169.8,0.0,21.700000000000003,29.0,29.0,29.6,300.0,300.0,31.8,35.800000000000004,28.9,28.1,29.9,4.96,1.99,4.97,0.16,0.0,0.0,1027.0,8228.0,0.0,0.0,0.0,0.0,0.0,1.0,0.0,0.0,0.0,0.0,0.0,0.0,0.0,0.1,0.0,0.0001,16.0,25903.0
2026-07-30T19:02:48.098Z,337.581,337.596,0.0,7.4,0.0,0.0,0.0,0.0,0.0,0.0,0.0,0.0,1.0,0.0,0.0,0.0,9.0,4.0,0.0,0.0,0.0,0.0,0.0,0.0,0.0,0.0,3.0,12.0,1.0,12.18,5.01,2.51,1.49,0.0,0.1,0.0,18.2,0.0,-0.2,0.0,1.0,-169.60000000000002,0.0,0.0,169.70000000000002,0.0,21.700000000000003,29.0,29.0,29.6,300.0,300.0,31.8,35.800000000000004,28.9,28.1,29.9,4.95,1.99,4.97,0.16,0.0,0.0,1027.0,8228.0,0.0,0.0,0.0,0.0,0.0,1.0,0.0,0.0,0.0,0.0,0.0,0.8,0.0,-0.8,0.0,0.0001,16.0,25903.0
2026-07-30T19:02:48.110Z,337.593,337.608,0.0,7.4,0.0,0.0,0.0,0.0,0.0,0.0,0.0,0.0,1.0,0.0,0.0,0.0,9.0,4.0,0.0,0.0,0.0,0.0,0.0,0.0,0.0,0.0,4.0,12.0,1.0,12.2,5.0200000000000005,2.5,1.49,0.0,0.0,0.0,18.0,0.0,0.8,0.6000000000000001,0.3,-169.60000000000002,0.0,0.0,169.70000000000002,0.0,21.4,29.0,29.0,29.6,300.0,300.0,31.700000000000003,35.800000000000004,28.9,28.1,30.0,4.96,1.99,4.97,0.16,0.0,0.0,1027.0,8228.0,0.0,0.0,0.0,0.0,0.0,1.0,0.0,0.0,0.0,0.0,0.0,1.0,0.0,-0.2,0.0,0.0,16.0,25903.0
2026-07-30T19:02:48.122Z,337.605,337.62,0.0,7.4,0.0,0.0,0.0,0.0,0.0,0.0,0.0,0.0,1.0,0.0,0.0,0.0,9.0,4.0,0.0,0.0,0.0,0.0,0.0,0.0,0.0,0.0,6.0,12.0,1.0,12.2,5.0200000000000005,2.5,1.49,0.0,0.0,0.0,17.900000000000002,0.0,-0.8,0.0,-0.2,-169.60000000000002,0.0,0.0,169.8,0.0,21.4,29.0,29.0,29.6,300.0,300.0,31.700000000000003,35.800000000000004,28.9,28.1,30.0,4.96,1.99,4.96,0.16,0.0,0.0,1027.0,8228.0,0.0,0.0,0.0,0.0,0.0,1.0,0.0,0.0,0.0,0.0,0.0,0.0,0.0,0.2,0.0,0.0,16.0,25903.0
2026-07-30T19:02:48.134Z,337.617,337.632,0.0,7.4,0.0,0.0,0.0,0.0,0.0,0.0,0.0,0.0,1.0,0.0,0.0,0.0,9.0,4.0,0.0,0.0,0.0,0.0,0.0,0.0,0.0,0.0,1.0,12.0,1.0,12.2,5.0200000000000005,2.5,1.49,0.0,0.0,0.0,17.7,0.0,0.3,0.0,-0.7000000000000001,-169.60000000000002,0.0,0.0,169.70000000000002,0.0,21.4,29.0,29.0,29.6,300.0,300.0,31.700000000000003,35.800000000000004,28.9,28.1,30.0,4.95,1.99,4.96,0.16,0.0,0.0,1027.0,8228.0,0.0,0.0,0.0,0.0,0.0,1.0,0.0,0.0,0.0,0.0,0.0,-0.5,0.0,0.7000000000000001,0.0,0.0,16.0,25903.0
2026-07-30T19:02:48.146Z,337.629,337.644,0.0,7.4,0.0,0.0,0.0,0.0,0.0,0.0,0.0,0.0,1.0,0.0,0.0,0.0,9.0,4.0,0.0,0.0,0.0,0.0,0.0,0.0,0.0,0.0,2.0,12.0,1.0,12.2,5.0200000000000005,2.5,1.49,0.0,0.0,0.0,17.5,0.0,-0.2,-1.0,-0.8,-169.60000000000002,0.0,0.0,169.8,0.0,21.4,29.0,29.0,29.6,300.0,300.0,31.700000000000003,35.800000000000004,28.9,28.1,30.0,4.96,1.99,4.97,0.16,0.0,0.0,1027.0,8228.0,0.0,0.0,0.0,0.0,0.0,1.0,0.0,0.0,0.0,0.0,0.0,-1.8,0.0,0.4,0.0,0.0001,16.0,25903.0
2026-07-30T19:02:48.158Z,337.641,337.656,0.0,7.4,0.0,0.0,0.0,0.0,0.0,0.0,0.0,0.0,1.0,0.0,0.0,0.0,9.0,4.0,0.0,0.0,0.0,0.0,0.0,0.0,0.0,0.0,2.0,12.0,1.0,12.2,5.0200000000000005,2.5,1.49,0.0,0.0,0.0,17.400000000000002,0.0,0.3,-0.4,0.3,-169.60000000000002,0.0,0.0,169.60000000000002,0.0,21.4,29.0,29.0,29.6,300.0,300.0,31.700000000000003,35.800000000000004,28.9,28.1,30.0,4.95,1.99,4.96,0.16,0.0,0.0,1027.0,8228.0,0.0,0.0,0.0,0.0,0.0,1.0,0.0,0.0,0.0,0.0,0.0,-0.2,0.0,-0.4,0.0,0.0001,16.0,25903.0
2026-07-30T19:02:48.170Z,337.653,337.668,0.0,7.4,0.0,0.0,0.0,0.0,0.0,0.0,0.0,0.0,1.0,0.0,0.0,0.0,9.0,4.0,0.0,0.0,0.0,0.0,0.0,0.0,0.0,0.0,4.0,12.0,1.0,12.2,5.0200000000000005,2.5,1.49,0.0,0.0,0.0,17.2,0.0,-0.8,-0.5,-0.7000000000000001,-169.60000000000002,0.0,0.0,169.60000000000002,0.0,21.4,29.0,29.0,29.6,300.0,300.0,31.700000000000003,35.800000000000004,28.9,28.1,30.0,4.95,1.99,4.97,0.16,0.0,0.0,1027.0,8228.0,0.0,0.0,0.0,0.0,0.0,1.0,0.0,0.0,0.0,0.0,0.0,-1.1,0.0,0.5,0.0,0.0002,16.0,25903.0
2026-07-30T19:02:48.182Z,337.665,337.68,0.0,7.4,0.0,0.0,0.0,0.0,0.0,0.0,0.0,0.0,1.0,0.0,0.0,0.0,9.0,4.0,0.0,0.0,0.0,0.0,0.0,0.0,0.0,0.0,5.0,12.0,1.0,12.2,5.0200000000000005,2.5,1.49,0.0,0.0,0.0,17.0,0.0,-0.2,-0.5,0.4,-169.60000000000002,0.0,0.0,169.60000000000002,0.0,21.4,29.0,29.0,29.6,300.0,300.0,31.700000000000003,35.800000000000004,28.9,28.1,30.0,4.95,1.99,4.97,0.16,0.0,0.0,1027.0,8228.0,0.0,0.0,0.0,0.0,0.0,1.0,0.0,0.0,0.0,0.0,0.0,-0.2,0.0,-0.4,0.0,0.0001,16.0,25903.0
2026-07-30T19:02:48.194Z,337.677,337.692,0.0,7.4,0.0,0.0,0.0,0.0,0.0,0.0,0.0,0.0,1.0,0.0,0.0,0.0,9.0,4.0,0.0,0.0,0.0,0.0,0.0,0.0,0.0,0.0,6.0,12.0,1.0,12.2,5.0200000000000005,2.5,1.49,0.0,0.0,0.0,16.900000000000002,0.0,0.3,0.6000000000000001,1.0,-169.60000000000002,0.0,0.0,169.60000000000002,0.0,21.4,29.0,29.0,29.6,300.0,300.0,31.700000000000003,35.800000000000004,28.9,28.1,30.0,4.96,1.99,4.96,0.16,0.0,0.0,1027.0,8228.0,0.0,0.0,0.0,0.0,0.0,1.0,0.0,0.0,0.0,0.0,0.0,1.5,0.0,-0.7000000000000001,0.0,0.0,16.0,25903.0
2026-07-30T19:02:48.207Z,337.69,337.704,0.0,7.4,0.0,0.0,0.0,0.0,0.0,0.0,0.0,0.0,1.0,0.0,0.0,0.0,9.0,4.0,0.0,0.0,0.0,0.0,0.0,0.0,0.0,0.0,1.0,12.0,1.0,12.15,5.01,2.51,1.49,0.0,0.1,0.0,16.7,0.0,-0.2,-0.5,-0.1,-169.60000000000002,0.0,0.0,169.60000000000002,0.0,21.700000000000003,29.0,29.0,29.6,300.0,300.0,31.8,35.800000000000004,28.9,28.1,30.0,4.95,1.99,4.96,0.16,0.0,0.0,1027.0,8228.0,0.0,0.0,0.0,0.0,0.0,1.0,0.0,0.0,0.0,0.0,0.0,-0.7000000000000001,0.0,0.0,0.0,0.0,16.0,25903.0
2026-07-30T19:02:48.218Z,337.701,337.716,0.0,7.4,0.0,0.0,0.0,0.0,0.0,0.0,0.0,0.0,1.0,0.0,0.0,0.0,9.0,4.0,0.0,0.0,0.0,0.0,0.0,0.0,0.0,0.0,2.0,12.0,1.0,12.15,5.01,2.51,1.49,0.0,0.0,0.0,16.5,0.0,-0.2,0.0,-1.3,-169.60000000000002,0.0,0.0,169.70000000000002,0.0,21.700000000000003,29.0,29.0,29.6,300.0,300.0,31.8,35.800000000000004,28.9,28.1,30.0,4.95,1.99,4.97,0.16,0.0,0.0,1027.0,8228.0,0.0,0.0,0.0,0.0,0.0,1.0,0.0,0.0,0.0,0.0,0.0,-0.9,0.0,1.1,0.0,0.0,16.0,25903.0
2026-07-30T19:02:48.230Z,337.713,337.728,0.0,7.4,0.0,0.0,0.0,0.0,0.0,0.0,0.0,0.0,1.0,0.0,0.0,0.0,9.0,4.0,0.0,0.0,0.0,0.0,0.0,0.0,0.0,0.0,3.0,12.0,1.0,12.15,5.01,2.51,1.49,0.0,0.0,0.0,16.400000000000002,0.0,-0.1,0.6000000000000001,-0.1,-169.60000000000002,0.0,0.0,169.60000000000002,0.0,21.700000000000003,29.0,29.0,29.6,300.0,300.0,31.8,35.800000000000004,28.9,28.1,30.0,4.95,1.99,4.97,0.16,0.0,0.0,1027.0,8228.0,0.0,0.0,0.0,0.0,0.0,1.0,0.0,0.0,0.0,0.0,0.0,0.6000000000000001,0.0,0.2,0.0,0.0,16.0,25903.0
2026-07-30T19:02:48.242Z,337.725,337.74,0.0,7.4,0.0,0.0,0.0,0.0,0.0,0.0,0.0,0.0,1.0,0.0,0.0,0.0,9.0,4.0,0.0,0.0,0.0,0.0,0.0,0.0,0.0,0.0,4.0,12.0,1.0,12.15,5.01,2.51,1.49,0.0,0.0,0.0,16.2,0.0,0.4,-0.5,-0.1,-169.60000000000002,0.0,0.0,169.70000000000002,0.0,21.700000000000003,29.0,29.0,29.6,300.0,300.0,31.8,35.800000000000004,28.9,28.1,30.0,4.96,1.99,4.96,0.16,0.0,0.0,1027.0,8228.0,0.0,0.0,0.0,0.0,0.0,1.0,0.0,0.0,0.0,0.0,0.0,-0.7000000000000001,0.0,0.0,0.0,0.0,16.0,25903.0
2026-07-30T19:02:48.254Z,337.737,337.752,0.0,7.4,0.0,0.0,0.0,0.0,0.0,0.0,0.0,0.0,1.0,0.0,0.0,0.0,9.0,4.0,0.0,0.0,0.0,0.0,0.0,0.0,0.0,0.0,6.0,12.0,1.0,12.15,5.01,2.51,1.49,0.0,0.0,0.0,16.1,0.0,-0.7000000000000001,-0.5,-0.1,-169.60000000000002,0.0,0.0,169.60000000000002,0.0,21.700000000000003,29.0,29.0,29.6,300.0,300.0,31.8,35.800000000000004,28.9,28.1,30.0,4.95,1.99,4.97,0.16,0.0,0.0,1027.0,8228.0,0.0,0.0,0.0,0.0,0.0,1.0,0.0,0.0,0.0,0.0,0.0,-0.7000000000000001,0.0,0.0,0.0,0.0001,16.0,25903.0
2026-07-30T19:02:48.266Z,337.749,337.764,0.0,7.4,0.0,0.0,0.0,0.0,0.0,0.0,0.0,0.0,1.0,0.0,0.0,0.0,9.0,4.0,0.0,0.0,0.0,0.0,0.0,0.0,0.0,0.0,1.0,12.0,1.0,12.15,5.01,2.51,1.49,0.0,0.0,0.0,15.9,0.0,-0.7000000000000001,0.0,-0.6000000000000001,-169.60000000000002,0.0,0.0,169.70000000000002,0.0,21.700000000000003,29.0,29.0,29.6,300.0,300.0,31.8,35.800000000000004,28.9,28.1,30.0,4.95,1.99,4.96,0.16,0.0,0.0,1027.0,8228.0,0.0,0.0,0.0,0.0,0.0,1.0,0.0,0.0,0.0,0.0,0.0,-0.4,0.0,0.6000000000000001,0.0,0.0,16.0,25903.0
2026-07-30T19:02:48.277Z,337.76,337.776,0.0,7.4,0.0,0.0,0.0,0.0,0.0,0.0,0.0,0.0,1.0,0.0,0.0,0.0,9.0,4.0,0.0,0.0,0.0,0.0,0.0,0.0,0.0,0.0,3.0,12.0,1.0,12.15,5.01,2.51,1.49,0.0,0.0,0.0,15.8,0.0,-0.1,0.6000000000000001,1.0,-169.60000000000002,0.0,0.0,169.70000000000002,0.0,21.700000000000003,29.0,29.0,29.6,300.0,300.0,31.8,35.800000000000004,28.9,28.1,30.0,4.96,1.99,4.96,0.16,0.0,0.0,1027.0,8228.0,0.0,0.0,0.0,0.0,0.0,1.0,0.0,0.0,0.0,0.0,0.0,1.4,0.0,-0.7000000000000001,0.0,0.0,16.0,25903.0
2026-07-30T19:02:48.290Z,337.773,337.788,0.0,7.4,0.0,0.0,0.0,0.0,0.0,0.0,0.0,0.0,1.0,0.0,0.0,0.0,9.0,4.0,0.0,0.0,0.0,0.0,0.0,0.0,0.0,0.0,4.0,12.0,1.0,12.15,5.01,2.51,1.49,0.0,0.1,0.0,15.6,0.0,0.4,-0.5,-1.3,-169.60000000000002,0.0,0.0,169.70000000000002,0.0,21.700000000000003,29.0,29.0,29.6,300.0,300.0,31.8,35.800000000000004,28.9,28.1,30.0,4.95,1.99,4.96,0.16,0.0,0.0,1027.0,8228.0,0.0,0.0,0.0,0.0,0.0,1.0,0.0,0.0,0.0,0.0,0.0,-1.5,0.0,1.0,0.0,0.0,16.0,25903.0
2026-07-30T19:02:48.302Z,337.785,337.8,0.0,7.4,0.0,0.0,0.0,0.0,0.0,0.0,0.0,0.0,1.0,0.0,0.0,0.0,9.0,4.0,0.0,0.0,0.0,0.0,0.0,0.0,0.0,0.0,6.0,12.0,1.0,12.15,5.01,2.51,1.49,0.0,0.0,0.0,15.4,0.0,-0.1,-1.0,-0.7000000000000001,-169.60000000000002,0.0,0.0,169.60000000000002,0.0,21.700000000000003,29.0,29.0,29.6,300.0,300.0,31.8,35.800000000000004,28.9,28.1,30.0,4.95,1.99,4.97,0.16,0.0,0.0,1027.0,8228.0,0.0,0.0,0.0,0.0,0.0,1.0,0.0,0.0,0.0,0.0,0.0,-1.7000000000000002,0.0,0.4,0.0,0.0,16.0,25903.0
2026-07-30T19:02:48.314Z,337.797,337.812,0.0,7.4,0.0,0.0,0.0,0.0,0.0,0.0,0.0,0.0,1.0,0.0,0.0,0.0,9.0,4.0,0.0,0.0,0.0,0.0,0.0,0.0,0.0,0.0,1.0,12.0,1.0,12.11,5.0200000000000005,2.5,1.49,0.0,0.0,0.0,15.3,0.0,0.4,0.0,-1.3,-169.60000000000002,0.0,0.0,169.70000000000002,0.0,21.8,29.0,29.0,29.6,300.0,300.0,31.700000000000003,35.800000000000004,28.9,28.1,30.0,4.95,2.0,4.97,0.16,0.0,0.0,1027.0,8228.0,0.0,0.0,0.0,0.0,0.0,1.0,0.0,0.0,0.0,0.0,0.0,-0.8,0.0,1.1,0.0,0.0,16.0,25903.0
2026-07-30T19:02:48.326Z,337.809,337.824,0.0,7.4,0.0,0.0,0.0,0.0,0.0,0.0,0.0,0.0,1.0,0.0,0.0,0.0,9.0,4.0,0.0,0.0,0.0,0.0,0.0,0.0,0.0,0.0,2.0,12.0,1.0,12.11,5.0200000000000005,2.5,1.49,0.0,0.0,0.0,15.2,0.0,1.0,0.1,1.0,-169.60000000000002,0.0,0.0,169.8,0.0,21.8,29.0,29.0,29.6,300.0,300.0,31.700000000000003,35.800000000000004,28.9,28.1,30.0,4.96,1.99,4.97,0.16,0.0,0.0,1027.0,8228.0,0.0,0.0,0.0,0.0,0.0,1.0,0.0,0.0,0.0,0.0,0.0,0.9,0.0,-0.9,0.0,0.0,16.0,25903.0
2026-07-30T19:02:48.338Z,337.821,337.836,0.0,7.4,0.0,0.0,0.0,0.0,0.0,0.0,0.0,0.0,1.0,0.0,0.0,0.0,9.0,4.0,0.0,0.0,0.0,0.0,0.0,0.0,0.0,0.0,4.0,12.0,1.0,12.11,5.0200000000000005,2.5,1.49,0.0,0.0,0.0,15.0,0.0,-0.1,0.6000000000000001,0.4,-169.60000000000002,0.0,0.0,169.70000000000002,0.0,21.8,29.0,29.0,29.6,300.0,300.0,31.700000000000003,35.800000000000004,28.9,28.1,30.0,4.95,1.99,4.97,0.16,0.0,0.0,1027.0,8228.0,0.0,0.0,0.0,0.0,0.0,1.0,0.0,0.0,0.0,0.0,0.0,1.1,0.0,-0.2,0.0,0.0001,16.0,25903.0
2026-07-30T19:02:48.350Z,337.833,337.848,0.0,7.4,0.0,0.0,0.0,0.0,0.0,0.0,0.0,0.0,1.0,0.0,0.0,0.0,9.0,4.0,0.0,0.0,0.0,0.0,0.0,0.0,0.0,0.0,5.0,12.0,1.0,12.11,5.0200000000000005,2.5,1.49,0.0,0.0,0.0,14.9,0.0,0.4,-1.0,1.0,-169.60000000000002,0.0,0.0,169.70000000000002,0.0,21.8,29.0,29.0,29.6,300.0,300.0,31.700000000000003,35.800000000000004,28.9,28.1,30.0,4.96,2.0,4.96,0.16,0.0,0.0,1027.0,8228.0,0.0,0.0,0.0,0.0,0.0,1.0,0.0,0.0,0.0,0.0,0.0,-0.4,0.0,-1.1,0.0,0.0,16.0,25903.0
2026-07-30T19:02:48.362Z,337.845,337.86,0.0,7.4,0.0,0.0,0.0,0.0,0.0,0.0,0.0,0.0,1.0,0.0,0.0,0.0,9.0,4.0,0.0,0.0,0.0,0.0,0.0,0.0,0.0,0.0,1.0,12.0,1.0,12.11,5.0200000000000005,2.5,1.49,0.0,0.0,0.0,14.7,0.0,1.0,0.0,1.0,-169.60000000000002,0.0,0.0,169.70000000000002,0.0,21.8,29.0,29.0,29.6,300.0,300.0,31.700000000000003,35.800000000000004,28.9,28.1,30.0,4.96,2.0,4.96,0.16,0.0,0.0,1027.0,8228.0,0.0,0.0,0.0,0.0,0.0,1.0,0.0,0.0,0.0,0.0,0.0,0.8,0.0,-0.9,0.0,0.0001,16.0,25903.0
2026-07-30T19:02:48.374Z,337.857,337.872,0.0,7.4,0.0,0.0,0.0,0.0,0.0,0.0,0.0,0.0,1.0,0.0,0.0,0.0,9.0,4.0,0.0,0.0,0.0,0.0,0.0,0.0,0.0,0.0,2.0,12.0,1.0,12.11,5.0200000000000005,2.5,1.49,0.0,0.0,0.0,14.6,0.0,0.9,1.2000000000000002,-1.3,-169.60000000000002,0.0,0.0,169.60000000000002,0.0,21.8,29.0,29.0,29.6,300.0,300.0,31.700000000000003,35.800000000000004,28.9,28.1,30.0,4.95,1.99,4.96,0.16,0.0,0.0,1027.0,8228.0,0.0,0.0,0.0,0.0,0.0,1.0,0.0,0.0,0.0,0.0,0.0,0.4,0.0,1.4,0.0,0.0001,16.0,25903.0
2026-07-30T19:02:48.386Z,337.869,337.884,0.0,7.4,0.0,0.0,0.0,0.0,0.0,0.0,0.0,0.0,1.0,0.0,0.0,0.0,9.0,4.0,0.0,0.0,0.0,0.0,0.0,0.0,0.0,0.0,3.0,12.0,1.0,12.11,5.0200000000000005,2.5,1.49,0.0,0.0,0.0,14.5,0.0,0.3,-0.4,-0.7000000000000001,-169.60000000000002,0.0,0.0,169.60000000000002,0.0,21.8,29.0,29.0,29.6,300.0,300.0,31.700000000000003,35.800000000000004,28.9,28.1,30.0,4.95,1.99,4.97,0.16,0.0,0.0,1027.0,8228.0,0.0,0.0,0.0,0.0,0.0,1.0,0.0,0.0,0.0,0.0,0.0,-1.1,0.0,0.5,0.0,0.0001,16.0,25903.0
2026-07-30T19:02:48.398Z,337.881,337.896,0.0,7.4,0.0,0.0,0.0,0.0,0.0,0.0,0.0,0.0,1.0,0.0,0.0,0.0,9.0,4.0,0.0,0.0,0.0,0.0,0.0,0.0,0.0,0.0,4.0,12.0,1.0,12.11,5.0200000000000005,2.5,1.49,0.0,0.0,0.0,14.3,0.0,-0.2,0.0,1.5,-169.60000000000002,0.0,0.0,169.70000000000002,0.0,21.8,29.0,29.0,29.6,300.0,300.0,31.700000000000003,35.800000000000004,28.9,28.1,30.0,4.96,2.0,4.97,0.16,0.0,0.0,1027.0,8228.0,0.0,0.0,0.0,0.0,0.0,1.0,0.0,0.0,0.0,0.0,0.0,1.2000000000000002,0.0,-1.3,0.0,0.0001,16.0,25903.0
2026-07-30T19:02:48.411Z,337.894,337.908,0.0,7.4,0.0,0.0,0.0,0.0,0.0,0.0,0.0,0.0,1.0,0.0,0.0,0.0,9.0,4.0,0.0,0.0,0.0,0.0,0.0,0.0,0.0,0.0,5.0,12.0,1.0,12.15,5.01,2.51,1.5,0.0,0.0,0.0,14.1,0.0,-0.2,0.0,-0.7000000000000001,-169.60000000000002,0.0,0.0,169.60000000000002,0.0,21.4,29.0,29.0,29.6,300.0,300.0,31.8,35.800000000000004,28.9,28.1,30.0,4.96,1.99,4.97,0.16,0.0,0.0,1027.0,8228.0,0.0,0.0,0.0,0.0,0.0,1.0,0.0,0.0,0.0,0.0,0.0,-0.5,0.0,0.6000000000000001,0.0,0.0,16.0,25903.0
2026-07-30T19:02:48.422Z,337.905,337.92,0.0,7.4,0.0,0.0,0.0,0.0,0.0,0.0,0.0,0.0,1.0,0.0,0.0,0.0,9.0,4.0,0.0,0.0,0.0,0.0,0.0,0.0,0.0,0.0,6.0,12.0,1.0,12.15,5.01,2.51,1.5,0.0,0.0,0.0,14.0,0.0,1.5,1.2000000000000002,2.0,-169.60000000000002,0.0,0.0,169.60000000000002,0.0,21.4,29.0,29.0,29.6,300.0,300.0,31.8,35.800000000000004,28.9,28.1,30.0,4.95,1.99,4.97,0.16,0.0,0.0,1027.0,8228.0,0.0,0.0,0.0,0.0,0.0,1.0,0.0,0.0,0.0,0.0,0.0,2.9000000000000004,0.0,-1.5,0.0,0.0,16.0,25903.0
2026-07-30T19:02:48.434Z,337.917,337.932,0.0,7.4,0.0,0.0,0.0,0.0,0.0,0.0,0.0,0.0,1.0,0.0,0.0,0.0,9.0,4.0,0.0,0.0,0.0,0.0,0.0,0.0,0.0,0.0,1.0,12.0,1.0,12.15,5.01,2.51,1.5,0.0,0.0,0.0,13.9,0.0,-0.2,-0.5,-0.2,-169.60000000000002,0.0,0.0,169.70000000000002,0.0,21.4,29.0,29.0,29.6,300.0,300.0,31.8,35.800000000000004,28.9,28.1,30.0,4.96,1.99,4.96,0.16,0.0,0.0,1027.0,8228.0,0.0,0.0,0.0,0.0,0.0,1.0,0.0,0.0,0.0,0.0,0.0,-0.8,0.0,0.1,0.0,0.0,16.0,25903.0
2026-07-30T19:02:48.446Z,337.929,337.944,0.0,7.4,0.0,0.0,0.0,0.0,0.0,0.0,0.0,0.0,1.0,0.0,0.0,0.0,9.0,4.0,0.0,0.0,0.0,0.0,0.0,0.0,0.0,0.0,2.0,12.0,1.0,12.15,5.01,2.51,1.5,0.0,0.0,0.0,13.8,0.0,0.3,-1.1,-0.8,-169.60000000000002,0.0,0.0,169.60000000000002,0.0,21.4,29.0,29.0,29.6,300.0,300.0,31.8,35.800000000000004,28.9,28.1,30.0,4.96,2.0,4.96,0.16,0.0,0.0,1027.0,8228.0,0.0,0.0,0.0,0.0,0.0,1.0,0.0,0.0,0.0,0.0,0.0,-1.9,0.0,0.5,0.0,0.0001,16.0,25903.0
2026-07-30T19:02:48.458Z,337.941,337.956,0.0,7.4,0.0,0.0,0.0,0.0,0.0,0.0,0.0,0.0,1.0,0.0,0.0,0.0,9.0,4.0,0.0,0.0,0.0,0.0,0.0,0.0,0.0,0.0,4.0,12.0,1.0,12.15,5.01,2.51,1.5,0.0,0.0,0.0,13.7,0.0,-0.2,0.5,-0.3,-169.60000000000002,0.0,0.0,169.60000000000002,0.0,21.4,29.0,29.0,29.6,300.0,300.0,31.8,35.800000000000004,28.9,28.1,30.0,4.96,1.99,4.97,0.16,0.0,0.0,1027.0,8228.0,0.0,0.0,0.0,0.0,0.0,1.0,0.0,0.0,0.0,0.0,0.0,0.3,0.0,0.4,0.0,0.0,16.0,25903.0
2026-07-30T19:02:48.470Z,337.953,337.968,0.0,7.4,0.0,0.0,0.0,0.0,0.0,0.0,0.0,0.0,1.0,0.0,0.0,0.0,9.0,4.0,0.0,0.0,0.0,0.0,0.0,0.0,0.0,0.0,5.0,12.0,1.0,12.15,5.01,2.51,1.5,0.0,0.0,0.0,13.5,0.0,0.3,0.5,-0.3,-169.60000000000002,0.0,0.0,169.60000000000002,0.0,21.4,29.0,29.0,29.6,300.0,300.0,31.8,35.800000000000004,28.9,28.1,30.0,4.95,1.99,4.97,0.16,0.0,0.0,1027.0,8228.0,0.0,0.0,0.0,0.0,0.0,1.0,0.0,0.0,0.0,0.0,0.0,0.3,0.0,0.3,0.0,0.0,16.0,25903.0
2026-07-30T19:02:48.482Z,337.965,337.98,0.0,7.4,0.0,0.0,0.0,0.0,0.0,0.0,0.0,0.0,1.0,0.0,0.0,0.0,9.0,4.0,0.0,0.0,0.0,0.0,0.0,0.0,0.0,0.0,6.0,12.0,1.0,12.15,5.01,2.51,1.5,0.0,0.0,0.0,13.4,0.0,-0.7000000000000001,-0.5,-0.3,-169.60000000000002,0.0,0.0,169.70000000000002,0.0,21.4,29.0,29.0,29.6,300.0,300.0,31.8,35.800000000000004,28.9,28.1,30.0,4.96,1.99,4.96,0.16,0.0,0.0,1027.0,8228.0,0.0,0.0,0.0,0.0,0.0,1.0,0.0,0.0,0.0,0.0,0.0,-0.8,0.0,0.1,0.0,0.0,16.0,25903.0
2026-07-30T19:02:48.494Z,337.977,337.992,0.0,7.4,0.0,0.0,0.0,0.0,0.0,0.0,0.0,0.0,1.0,0.0,0.0,0.0,9.0,4.0,0.0,0.0,0.0,0.0,0.0,0.0,0.0,0.0,1.0,12.0,1.0,12.15,5.01,2.51,1.5,0.0,0.0,0.0,13.2,0.0,0.3,0.6000000000000001,-0.3,-169.60000000000002,0.0,0.0,169.60000000000002,0.0,21.4,29.0,29.0,29.6,300.0,300.0,31.8,35.800000000000004,28.9,28.1,30.0,4.96,1.99,4.96,0.16,0.0,0.0,1027.0,8228.0,0.0,0.0,0.0,0.0,0.0,1.0,0.0,0.0,0.0,0.0,0.0,0.4,0.0,0.4,0.0,0.0,16.0,25903.0
2026-07-30T19:02:48.506Z,337.989,338.004,0.0,7.4,0.0,0.0,0.0,0.0,0.0,0.0,0.0,0.0,1.0,0.0,0.0,0.0,9.0,4.0,0.0,0.0,0.0,0.0,0.0,0.0,0.0,0.0,3.0,12.0,1.0,12.15,5.01,2.51,1.5,0.0,0.0,0.0,13.1,0.0,1.5,1.1,-0.3,-169.60000000000002,0.0,0.0,169.70000000000002,0.0,21.4,29.0,29.0,29.6,300.0,300.0,31.8,35.800000000000004,28.9,28.1,30.0,4.96,1.99,4.97,0.16,0.0,0.0,1027.0,8228.0,0.0,0.0,0.0,0.0,0.0,1.0,0.0,0.0,0.0,0.0,0.0,1.0,0.0,0.5,0.0,0.0001,16.0,25903.0
2026-07-30T19:02:48.518Z,338.001,338.016,0.0,7.4,0.0,0.0,0.0,0.0,0.0,0.0,0.0,0.0,1.0,0.0,0.0,0.0,9.0,4.0,0.0,0.0,0.0,0.0,0.0,0.0,0.0,0.0,4.0,12.0,1.0,12.18,5.0200000000000005,2.51,1.49,0.0,0.0,0.0,13.0,0.0,-0.2,0.0,0.8,-169.60000000000002,0.0,0.0,169.70000000000002,0.0,21.200000000000003,29.0,29.0,29.6,300.0,300.0,31.8,35.800000000000004,28.9,28.1,30.0,4.96,2.0,4.97,0.16,0.0,0.0,1027.0,8228.0,0.0,0.0,0.0,0.0,0.0,1.0,0.0,0.0,0.0,0.0,0.0,0.5,0.0,-0.7000000000000001,0.0,0.0,16.0,25903.0
2026-07-30T19:02:48.530Z,338.013,338.028,0.0,7.4,0.0,0.0,0.0,0.0,0.0,0.0,0.0,0.0,1.0,0.0,0.0,0.0,9.0,4.0,0.0,0.0,0.0,0.0,0.0,0.0,0.0,0.0,6.0,12.0,1.0,12.18,5.0200000000000005,2.51,1.49,0.0,0.1,0.0,12.9,0.0,-0.8,1.1,-0.9,-169.60000000000002,0.0,0.0,169.70000000000002,0.0,21.200000000000003,29.0,29.0,29.6,300.0,300.0,31.8,35.800000000000004,28.9,28.1,30.0,4.96,2.0,4.96,0.16,0.0,0.0,1027.0,8228.0,0.0,0.0,0.0,0.0,0.0,1.0,0.0,0.0,0.0,0.0,0.0,0.3,0.0,0.4,0.0,0.0,16.0,25903.0
2026-07-30T19:02:48.542Z,338.025,338.04,0.0,7.4,0.0,0.0,0.0,0.0,0.0,0.0,0.0,0.0,1.0,0.0,0.0,0.0,9.0,4.0,0.0,0.0,0.0,0.0,0.0,0.0,0.0,0.0,1.0,12.0,1.0,12.18,5.0200000000000005,2.51,1.49,0.0,0.0,0.0,12.7,0.0,0.3,-1.8,-1.4,-169.60000000000002,0.0,0.0,169.70000000000002,0.0,21.200000000000003,29.0,29.0,29.6,300.0,300.0,31.8,35.800000000000004,28.9,28.1,30.0,4.96,1.99,4.97,0.16,0.0,0.0,1027.0,8228.0,0.0,0.0,0.0,0.0,0.0,1.0,0.0,0.0,0.0,0.0,0.0,-0.7000000000000001,0.0,0.7000000000000001,0.0,0.0,16.0,25903.0
2026-07-30T19:02:48.554Z,338.037,338.052,0.0,7.4,0.0,0.0,0.0,0.0,0.0,0.0,0.0,0.0,1.0,0.0,0.0,0.0,9.0,4.0,0.0,0.0,0.0,0.0,0.0,0.0,0.0,0.0,2.0,12.0,1.0,12.18,5.0200000000000005,2.51,1.49,0.0,0.0,0.0,12.6,0.0,-0.1,-1.2000000000000002,-1.3,-169.60000000000002,0.0,0.0,169.60000000000002,0.0,21.200000000000003,29.0,29.0,29.6,300.0,300.0,31.8,35.800000000000004,28.9,28.1,30.0,4.96,1.99,4.96,0.16,0.0,0.0,1027.0,8228.0,0.0,0.0,0.0,0.0,0.0,1.0,0.0,0.0,0.0,0.0,0.0,1.7000000000000002,0.0,-1.2000000000000002,0.0,0.0001,16.0,25903.0
2026-07-30T19:02:48.566Z,338.049,338.064,0.0,7.4,0.0,0.0,0.0,0.0,0.0,0.0,0.0,0.0,1.0,0.0,0.0,0.0,9.0,4.0,0.0,0.0,0.0,0.0,0.0,0.0,0.0,0.0,4.0,12.0,1.0,12.18,5.0200000000000005,2.51,1.49,0.0,0.0,0.0,12.5,0.0,-0.1,0.0,-0.7000000000000001,-169.60000000000002,0.0,0.0,169.70000000000002,0.0,21.200000000000003,29.0,29.0,29.6,300.0,300.0,31.8,35.800000000000004,28.9,28.1,30.0,4.96,1.99,4.96,0.16,0.0,0.0,1027.0,8228.0,0.0,0.0,0.0,0.0,0.0,1.0,0.0,0.0,0.0,0.0,0.0,-0.5,0.0,0.6000000000000001,0.0,0.0001,16.0,25903.0
2026-07-30T19:02:48.578Z,338.061,338.076,0.0,7.4,0.0,0.0,0.0,0.0,0.0,0.0,0.0,0.0,1.0,0.0,0.0,0.0,9.0,4.0,0.0,0.0,0.0,0.0,0.0,0.0,0.0,0.0,5.0,12.0,1.0,12.18,5.0200000000000005,2.51,1.49,0.0,0.0,0.0,12.4,0.0,-0.1,-0.5,-1.8,-169.60000000000002,0.0,0.0,169.60000000000002,0.0,21.200000000000003,29.0,29.0,29.6,300.0,300.0,31.8,35.800000000000004,28.9,28.1,30.0,4.95,1.99,4.97,0.16,0.0,0.0,1027.0,8228.0,0.0,0.0,0.0,0.0,0.0,1.0,0.0,0.0,0.0,0.0,0.0,-2.0,0.0,1.5,0.0,0.0,16.0,25903.0
2026-07-30T19:02:48.590Z,338.073,338.088,0.0,7.4,0.0,0.0,0.0,0.0,0.0,0.0,0.0,0.0,1.0,0.0,0.0,0.0,9.0,4.0,0.0,0.0,0.0,0.0,0.0,0.0,0.0,0.0,1.0,12.0,1.0,12.18,5.0200000000000005,2.51,1.49,0.0,0.0,0.0,12.3,0.0,-0.7000000000000001,0.6000000000000001,-0.1,-169.60000000000002,0.0,0.0,169.60000000000002,0.0,21.200000000000003,29.0,29.0,29.6,300.0,300.0,31.8,35.800000000000004,28.9,28.1,30.0,4.96,1.99,4.97,0.16,0.0,0.0,1027.0,8228.0,0.0,0.0,0.0,0.0,0.0,1.0,0.0,0.0,0.0,0.0,0.0,0.6000000000000001,0.0,0.2,0.0,0.0001,16.0,25903.0
2026-07-30T19:02:48.602Z,338.085,338.1,0.0,7.4,0.0,0.0,0.0,0.0,0.0,0.0,0.0,0.0,1.0,0.0,0.0,0.0,9.0,4.0,0.0,0.0,0.0,0.0,0.0,0.0,0.0,0.0,2.0,12.0,1.0,12.18,5.0200000000000005,2.51,1.49,0.0,0.0,0.0,12.1,0.0,0.3,-0.5,-0.7000000000000001,-169.60000000000002,0.0,0.0,169.60000000000002,0.0,21.200000000000003,29.0,29.0,29.6,300.0,300.0,31.8,35.800000000000004,28.9,28.1,30.0,4.96,2.0,4.96,0.16,0.0,0.0,1027.0,8228.0,0.0,0.0,0.0,0.0,0.0,1.0,0.0,0.0,0.0,0.0,0.0,-1.1,0.0,0.5,0.0,0.0,16.0,25903.0
2026-07-30T19:02:48.615Z,338.098,338.112,0.0,7.4,0.0,0.0,0.0,0.0,0.0,0.0,0.0,0.0,1.0,0.0,0.0,0.0,9.0,4.0,0.0,0.0,0.0,0.0,0.0,0.0,0.0,0.0,3.0,12.0,1.0,12.18,5.01,2.51,1.49,0.0,0.0,0.0,12.0,0.0,0.9,1.8,0.4,-169.60000000000002,0.0,0.0,169.70000000000002,0.0,21.3,29.0,29.0,29.5,300.0,300.0,31.6,35.800000000000004,28.9,28.1,30.0,4.96,1.99,4.96,0.16,0.0,0.0,1027.0,8228.0,0.0,0.0,0.0,0.0,0.0,1.0,0.0,0.0,0.0,0.0,0.0,2.3000000000000003,0.0,0.0,0.0,0.0,16.0,25903.0
2026-07-30T19:02:48.626Z,338.109,338.124,0.0,7.4,0.0,0.0,0.0,0.0,0.0,0.0,0.0,0.0,1.0,0.0,0.0,0.0,9.0,4.0,0.0,0.0,0.0,0.0,0.0,0.0,0.0,0.0,4.0,12.0,1.0,12.18,5.01,2.51,1.49,0.0,0.0,0.0,11.9,0.0,-0.2,-0.5,-0.7000000000000001,-169.60000000000002,0.0,0.0,169.70000000000002,0.0,21.3,29.0,29.0,29.5,300.0,300.0,31.6,35.800000000000004,28.9,28.1,30.0,4.95,1.99,4.96,0.16,0.0,0.0,1027.0,8228.0,0.0,0.0,0.0,0.0,0.0,1.0,0.0,0.0,0.0,0.0,0.0,-1.1,0.0,0.5,0.0,0.0003,16.0,25903.0
2026-07-30T19:02:48.637Z,338.12,338.136,0.0,7.4,0.0,0.0,0.0,0.0,0.0,0.0,0.0,0.0,1.0,0.0,0.0,0.0,9.0,4.0,0.0,0.0,0.0,0.0,0.0,0.0,0.0,0.0,6.0,12.0,1.0,12.18,5.01,2.51,1.49,0.0,0.0,0.0,11.8,0.0,0.9,-0.5,1.5,-169.60000000000002,0.0,0.0,169.70000000000002,0.0,21.3,29.0,29.0,29.5,300.0,300.0,31.6,35.800000000000004,28.9,28.1,30.0,4.96,1.99,4.96,0.16,0.0,0.0,1027.0,8228.0,0.0,0.0,0.0,0.0,0.0,1.0,0.0,0.0,0.0,0.0,0.0,0.6000000000000001,0.0,-1.5,0.0,0.0001,16.0,25903.0
2026-07-30T19:02:48.650Z,338.133,338.148,0.0,7.4,0.0,0.0,0.0,0.0,0.0,0.0,0.0,0.0,1.0,0.0,0.0,0.0,9.0,4.0,0.0,0.0,0.0,0.0,0.0,0.0,0.0,0.0,1.0,12.0,1.0,12.18,5.01,2.51,1.49,0.0,0.0,0.0,11.7,0.0,-0.2,0.1,-0.1,-169.60000000000002,0.0,0.0,169.60000000000002,0.0,21.3,29.0,29.0,29.5,300.0,300.0,31.6,35.800000000000004,28.9,28.1,30.0,4.96,1.99,4.97,0.16,0.0,0.0,1027.0,8228.0,0.0,0.0,0.0,0.0,0.0,1.0,0.0,0.0,0.0,0.0,0.0,0.0,0.0,0.1,0.0,0.0,16.0,25903.0
2026-07-30T19:02:48.662Z,338.145,338.16,0.0,7.4,0.0,0.0,0.0,0.0,0.0,0.0,0.0,0.0,1.0,0.0,0.0,0.0,9.0,4.0,0.0,0.0,0.0,0.0,0.0,0.0,0.0,0.0,3.0,12.0,1.0,12.18,5.01,2.51,1.49,0.0,0.0,0.0,11.5,0.0,-0.2,0.6000000000000001,-0.7000000000000001,-169.60000000000002,0.0,0.0,169.60000000000002,0.0,21.3,29.0,29.0,29.5,300.0,300.0,31.6,35.800000000000004,28.9,28.1,30.0,4.95,1.99,4.97,0.16,0.0,0.0,1027.0,8228.0,0.0,0.0,0.0,0.0,0.0,1.0,0.0,0.0,0.0,0.0,0.0,0.2,0.0,0.8,0.0,0.0001,16.0,25903.0
2026-07-30T19:02:48.674Z,338.157,338.172,0.0,7.4,0.0,0.0,0.0,0.0,0.0,0.0,0.0,0.0,1.0,0.0,0.0,0.0,9.0,4.0,0.0,0.0,0.0,0.0,0.0,0.0,0.0,0.0,4.0,12.0,1.0,12.18,5.01,2.51,1.49,0.0,0.0,0.0,11.4,0.0,0.3,-0.4,1.5,-169.60000000000002,0.0,0.0,169.60000000000002,0.0,21.3,29.0,29.0,29.5,300.0,300.0,31.6,35.800000000000004,28.9,28.1,30.0,4.96,1.99,4.97,0.16,0.0,0.0,1027.0,8228.0,0.0,0.0,0.0,0.0,0.0,1.0,0.0,0.0,0.0,0.0,0.0,0.6000000000000001,0.0,-1.4,0.0,0.0,16.0,25903.0
2026-07-30T19:02:48.686Z,338.169,338.184,0.0,7.4,0.0,0.0,0.0,0.0,0.0,0.0,0.0,0.0,1.0,0.0,0.0,0.0,9.0,4.0,0.0,0.0,0.0,0.0,0.0,0.0,0.0,0.0,6.0,12.0,1.0,12.18,5.01,2.51,1.49,0.0,0.0,0.0,11.4,0.0,-0.3,0.1,0.4,-169.60000000000002,0.0,0.0,169.70000000000002,0.0,21.3,29.0,29.0,29.5,300.0,300.0,31.6,35.800000000000004,28.9,28.1,30.0,4.96,1.99,4.96,0.16,0.0,0.0,1027.0,8228.0,0.0,0.0,0.0,0.0,0.0,1.0,0.0,0.0,0.0,0.0,0.0,0.4,0.0,-0.3,0.0,0.0,16.0,25903.0
2026-07-30T19:02:48.698Z,338.181,338.196,0.0,7.4,0.0,0.0,0.0,0.0,0.0,0.0,0.0,0.0,1.0,0.0,0.0,0.0,9.0,4.0,0.0,0.0,0.0,0.0,0.0,0.0,0.0,0.0,1.0,12.0,1.0,12.18,5.01,2.51,1.49,0.0,0.0,0.0,11.2,0.0,0.3,0.7000000000000001,-0.1,-169.60000000000002,0.0,0.0,169.60000000000002,0.0,21.3,29.0,29.0,29.5,300.0,300.0,31.6,35.800000000000004,28.9,28.1,30.0,4.96,1.99,4.97,0.16,0.0,0.0,1027.0,8228.0,0.0,0.0,0.0,0.0,0.0,1.0,0.0,0.0,0.0,0.0,0.0,0.6000000000000001,0.0,0.2,0.0,0.0,16.0,25903.0
2026-07-30T19:02:48.709Z,338.192,338.208,0.0,7.4,0.0,0.0,0.0,0.0,0.0,0.0,0.0,0.0,1.0,0.0,0.0,0.0,9.0,4.0,0.0,0.0,0.0,0.0,0.0,0.0,0.0,0.0,3.0,12.0,1.0,12.18,5.01,2.51,1.49,0.0,0.0,0.0,11.1,0.0,0.9,0.7000000000000001,-0.1,-169.60000000000002,0.0,0.0,169.60000000000002,0.0,21.3,29.0,29.0,29.5,300.0,300.0,31.6,35.800000000000004,28.9,28.1,30.0,4.96,1.99,4.97,0.16,0.0,0.0,1027.0,8228.0,0.0,0.0,0.0,0.0,0.0,1.0,0.0,0.0,0.0,0.0,0.0,0.7000000000000001,0.0,0.2,0.0,0.0001,16.0,25903.0
2026-07-30T19:02:48.722Z,338.205,338.22,0.0,7.4,0.0,0.0,0.0,0.0,0.0,0.0,0.0,0.0,1.0,0.0,0.0,0.0,9.0,4.0,0.0,0.0,0.0,0.0,0.0,0.0,0.0,0.0,4.0,12.0,1.0,12.17,5.01,2.51,1.49,0.0,0.0,0.0,11.0,0.0,0.8,0.1,0.4,-169.60000000000002,0.0,0.0,169.70000000000002,0.0,21.4,29.0,29.0,29.5,300.0,300.0,31.700000000000003,35.800000000000004,28.9,28.1,30.0,4.95,1.99,4.96,0.16,0.0,0.0,1027.0,8228.0,0.0,0.0,0.0,0.0,0.0,1.0,0.0,0.0,0.0,0.0,0.0,0.4,0.0,-0.3,0.0,0.0,16.0,25903.0
2026-07-30T19:02:48.734Z,338.217,338.232,0.0,7.4,0.0,0.0,0.0,0.0,0.0,0.0,0.0,0.0,1.0,0.0,0.0,0.0,9.0,4.0,0.0,0.0,0.0,0.0,0.0,0.0,0.0,0.0,6.0,12.0,1.0,12.17,5.01,2.51,1.49,0.0,0.0,0.0,10.9,0.0,0.3,-1.0,0.4,-169.60000000000002,0.0,0.0,169.70000000000002,0.0,21.4,29.0,29.0,29.5,300.0,300.0,31.700000000000003,35.800000000000004,28.9,28.1,30.0,4.95,1.99,4.97,0.16,0.0,0.0,1027.0,8228.0,0.0,0.0,0.0,0.0,0.0,1.0,0.0,0.0,0.0,0.0,0.0,-0.8,0.0,-0.6000000000000001,0.0,0.0,16.0,25903.0
2026-07-30T19:02:48.745Z,338.228,338.244,0.0,7.4,0.0,0.0,0.0,0.0,0.0,0.0,0.0,0.0,1.0,0.0,0.0,0.0,9.0,4.0,0.0,0.0,0.0,0.0,0.0,0.0,0.0,0.0,1.0,12.0,1.0,12.17,5.01,2.51,1.49,0.0,0.0,0.0,10.8,0.0,-0.2,0.0,-0.6000000000000001,-169.60000000000002,0.0,0.0,169.70000000000002,0.0,21.4,29.0,29.0,29.5,300.0,300.0,31.700000000000003,35.800000000000004,28.9,28.1,30.0,4.95,1.99,4.97,0.16,0.0,0.0,1027.0,8228.0,0.0,0.0,0.0,0.0,0.0,1.0,0.0,0.0,0.0,0.0,0.0,-0.4,0.0,0.6000000000000001,0.0,0.0,16.0,25903.0
2026-07-30T19:02:48.758Z,338.241,338.25600000000003,0.0,7.4,0.0,0.0,0.0,0.0,0.0,0.0,0.0,0.0,1.0,0.0,0.0,0.0,9.0,4.0,0.0,0.0,0.0,0.0,0.0,0.0,0.0,0.0,2.0,12.0,1.0,12.17,5.01,2.51,1.49,0.0,0.0,0.0,10.7,0.0,0.3,-0.5,0.0,-169.60000000000002,0.0,0.0,169.70000000000002,0.0,21.4,29.0,29.0,29.5,300.0,300.0,31.700000000000003,35.800000000000004,28.9,28.1,30.0,4.96,2.0,4.97,0.16,0.0,0.0,1027.0,8228.0,0.0,0.0,0.0,0.0,0.0,1.0,0.0,0.0,0.0,0.0,0.0,-0.6000000000000001,0.0,0.0,0.0,0.0,16.0,25903.0
2026-07-30T19:02:48.770Z,338.253,338.26800000000003,0.0,7.4,0.0,0.0,0.0,0.0,0.0,0.0,0.0,0.0,1.0,0.0,0.0,0.0,9.0,4.0,0.0,0.0,0.0,0.0,0.0,0.0,0.0,0.0,4.0,12.0,1.0,12.17,5.01,2.51,1.49,0.0,0.0,0.0,10.6,0.0,-0.2,0.1,1.6,-169.60000000000002,0.0,0.0,169.70000000000002,0.0,21.4,29.0,29.0,29.5,300.0,300.0,31.700000000000003,35.800000000000004,28.9,28.1,30.0,4.96,2.0,4.96,0.16,0.0,0.0,1027.0,8228.0,0.0,0.0,0.0,0.0,0.0,1.0,0.0,0.0,0.0,0.0,0.0,1.3,0.0,-1.4,0.0,0.0,16.0,25903.0
2026-07-30T19:02:48.782Z,338.265,338.28000000000003,0.0,7.4,0.0,0.0,0.0,0.0,0.0,0.0,0.0,0.0,1.0,0.0,0.0,0.0,9.0,4.0,0.0,0.0,0.0,0.0,0.0,0.0,0.0,0.0,5.0,12.0,1.0,12.17,5.01,2.51,1.49,0.0,0.0,0.0,10.5,0.0,0.3,0.7000000000000001,0.4,-169.60000000000002,0.0,0.0,169.70000000000002,0.0,21.4,29.0,29.0,29.5,300.0,300.0,31.700000000000003,35.800000000000004,28.9,28.1,30.0,4.96,1.99,4.97,0.16,0.0,0.0,1027.0,8228.0,0.0,0.0,0.0,0.0,0.0,1.0,0.0,0.0,0.0,0.0,0.0,1.1,0.0,-0.2,0.0,0.0,16.0,25903.0
2026-07-30T19:02:48.794Z,338.277,338.29200000000003,0.0,7.4,0.0,0.0,0.0,0.0,0.0,0.0,0.0,0.0,1.0,0.0,0.0,0.0,9.0,4.0,0.0,0.0,0.0,0.0,0.0,0.0,0.0,0.0,6.0,12.0,1.0,12.17,5.01,2.51,1.49,0.0,0.0,0.0,10.4,0.0,-0.8,-0.4,-0.1,-169.60000000000002,0.0,0.0,169.70000000000002,0.0,21.4,29.0,29.0,29.5,300.0,300.0,31.700000000000003,35.800000000000004,28.9,28.1,30.0,4.96,1.99,4.96,0.16,0.0,0.0,1027.0,8228.0,0.0,0.0,0.0,0.0,0.0,1.0,0.0,0.0,0.0,0.0,0.0,-0.6000000000000001,0.0,0.0,0.0,0.0001,16.0,25903.0
2026-07-30T19:02:48.805Z,338.288,338.30400000000003,0.0,7.4,0.0,0.0,0.0,0.0,0.0,0.0,0.0,0.0,1.0,0.0,0.0,0.0,9.0,4.0,0.0,0.0,0.0,0.0,0.0,0.0,0.0,0.0,2.0,12.0,1.0,12.17,5.01,2.51,1.49,0.0,0.0,0.0,10.3,0.0,-0.2,0.0,-0.2,-169.60000000000002,0.0,0.0,169.60000000000002,0.0,21.4,29.0,29.0,29.5,300.0,300.0,31.700000000000003,35.800000000000004,28.9,28.1,30.0,4.96,1.99,4.96,0.16,0.0,0.0,1027.0,8228.0,0.0,0.0,0.0,0.0,0.0,1.0,0.0,0.0,0.0,0.0,0.0,0.0,0.0,0.2,0.0,0.0,16.0,25903.0
2026-07-30T19:02:48.819Z,338.302,338.31600000000003,0.0,7.4,0.0,0.0,0.0,0.0,0.0,0.0,0.0,0.0,1.0,0.0,0.0,0.0,9.0,4.0,0.0,0.0,0.0,0.0,0.0,0.0,0.0,0.0,3.0,12.0,1.0,12.19,5.0200000000000005,2.5,1.5,0.0,0.0,0.0,10.2,0.0,0.9,0.1,-0.1,-169.60000000000002,0.0,0.0,169.60000000000002,0.0,21.4,29.0,29.0,29.5,300.0,300.0,31.700000000000003,35.800000000000004,28.9,28.1,30.0,4.95,1.99,4.97,0.16,0.0,0.0,1027.0,8228.0,0.0,0.0,0.0,0.0,0.0,1.0,0.0,0.0,0.0,0.0,0.0,0.0,0.0,0.1,0.0,0.0001,16.0,25903.0
2026-07-30T19:02:48.830Z,338.313,338.32800000000003,0.0,7.4,0.0,0.0,0.0,0.0,0.0,0.0,0.0,0.0,1.0,0.0,0.0,0.0,9.0,4.0,0.0,0.0,0.0,0.0,0.0,0.0,0.0,0.0,4.0,12.0,1.0,12.19,5.0200000000000005,2.5,1.5,0.0,0.0,0.0,10.2,0.0,0.3,-1.0,-0.1,-169.60000000000002,0.0,0.0,169.60000000000002,0.0,21.4,29.0,29.0,29.5,300.0,300.0,31.700000000000003,35.800000000000004,28.9,28.1,30.0,4.96,1.99,4.96,0.16,0.0,0.0,1027.0,8228.0,0.0,0.0,0.0,0.0,0.0,1.0,0.0,0.0,0.0,0.0,0.0,-1.2000000000000002,0.0,0.0,0.0,0.0,16.0,25903.0
2026-07-30T19:02:48.842Z,338.325,338.34000000000003,0.0,7.4,0.0,0.0,0.0,0.0,0.0,0.0,0.0,0.0,1.0,0.0,0.0,0.0,9.0,4.0,0.0,0.0,0.0,0.0,0.0,0.0,0.0,0.0,5.0,12.0,1.0,12.19,5.0200000000000005,2.5,1.5,0.0,0.0,0.0,10.1,0.0,-0.8,-0.4,0.4,-169.60000000000002,0.0,0.0,169.60000000000002,0.0,21.4,29.0,29.0,29.5,300.0,300.0,31.700000000000003,35.800000000000004,28.9,28.1,30.0,4.96,1.99,4.97,0.16,0.0,0.0,1027.0,8228.0,0.0,0.0,0.0,0.0,0.0,1.0,0.0,0.0,0.0,0.0,0.0,-0.2,0.0,-0.4,0.0,0.0,16.0,25903.0
2026-07-30T19:02:48.854Z,338.337,338.35200000000003,0.0,7.4,0.0,0.0,0.0,0.0,0.0,0.0,0.0,0.0,1.0,0.0,0.0,0.0,9.0,4.0,0.0,0.0,0.0,0.0,0.0,0.0,0.0,0.0,6.0,12.0,1.0,12.19,5.0200000000000005,2.5,1.5,0.0,0.0,0.0,9.9,0.0,-0.8,0.1,1.0,-169.60000000000002,0.0,0.0,169.60000000000002,0.0,21.4,29.0,29.0,29.5,300.0,300.0,31.700000000000003,35.800000000000004,28.9,28.1,30.0,4.95,1.99,4.97,0.16,0.0,0.0,1027.0,8228.0,0.0,0.0,0.0,0.0,0.0,1.0,0.0,0.0,0.0,0.0,0.0,0.9,0.0,-0.8,0.0,0.0,16.0,25903.0
2026-07-30T19:02:48.866Z,338.349,338.36400000000003,0.0,7.4,0.0,0.0,0.0,0.0,0.0,0.0,0.0,0.0,1.0,0.0,0.0,0.0,9.0,4.0,0.0,0.0,0.0,0.0,0.0,0.0,0.0,0.0,1.0,12.0,1.0,12.19,5.0200000000000005,2.5,1.5,0.0,0.0,0.0,9.8,0.0,-0.2,-0.4,-1.3,-169.60000000000002,0.0,0.0,169.70000000000002,0.0,21.4,29.0,29.0,29.5,300.0,300.0,31.700000000000003,35.800000000000004,28.9,28.1,30.0,4.95,1.99,4.97,0.16,0.0,0.0,1027.0,8228.0,0.0,0.0,0.0,0.0,0.0,1.0,0.0,0.0,0.0,0.0,0.0,-1.5,0.0,1.0,0.0,0.0,16.0,25903.0
2026-07-30T19:02:48.877Z,338.36,338.37600000000003,0.0,7.4,0.0,0.0,0.0,0.0,0.0,0.0,0.0,0.0,1.0,0.0,0.0,0.0,9.0,4.0,0.0,0.0,0.0,0.0,0.0,0.0,0.0,0.0,3.0,12.0,1.0,12.19,5.0200000000000005,2.5,1.5,0.0,0.0,0.0,9.7,0.0,0.3,-1.0,-0.1,-169.60000000000002,0.0,0.0,169.60000000000002,0.0,21.4,29.0,29.0,29.5,300.0,300.0,31.700000000000003,35.800000000000004,28.9,28.1,30.0,4.95,1.99,4.96,0.16,0.0,0.0,1027.0,8228.0,0.0,0.0,0.0,0.0,0.0,1.0,0.0,0.0,0.0,0.0,0.0,-1.3,0.0,-0.1,0.0,0.0,16.0,25903.0
2026-07-30T19:02:48.890Z,338.373,338.38800000000003,0.0,7.4,0.0,0.0,0.0,0.0,0.0,0.0,0.0,0.0,1.0,0.0,0.0,0.0,9.0,4.0,0.0,0.0,0.0,0.0,0.0,0.0,0.0,0.0,4.0,12.0,1.0,12.19,5.0200000000000005,2.5,1.5,0.0,0.1,0.0,9.7,0.0,-0.2,1.7000000000000002,1.0,-169.60000000000002,0.0,0.0,169.60000000000002,0.0,21.4,29.0,29.0,29.5,300.0,300.0,31.700000000000003,35.800000000000004,28.9,28.1,30.0,4.95,1.99,4.97,0.16,0.0,0.0,1027.0,8228.0,0.0,0.0,0.0,0.0,0.0,1.0,0.0,0.0,0.0,0.0,0.0,2.8000000000000003,0.0,-0.5,0.0,0.0,16.0,25903.0
2026-07-30T19:02:48.902Z,338.385,338.40000000000003,0.0,7.4,0.0,0.0,0.0,0.0,0.0,0.0,0.0,0.0,1.0,0.0,0.0,0.0,9.0,4.0,0.0,0.0,0.0,0.0,0.0,0.0,0.0,0.0,6.0,12.0,1.0,12.19,5.0200000000000005,2.5,1.5,0.0,0.0,0.0,9.6,0.0,0.9,1.2000000000000002,1.6,-169.60000000000002,0.0,0.0,169.60000000000002,0.0,21.4,29.0,29.0,29.5,300.0,300.0,31.700000000000003,35.800000000000004,28.9,28.1,30.0,4.95,1.99,4.97,0.16,0.0,0.0,1027.0,8228.0,0.0,0.0,0.0,0.0,0.0,1.0,0.0,0.0,0.0,0.0,0.0,2.6,0.0,-1.2000000000000002,0.0,0.0,16.0,25903.0
2026-07-30T19:02:48.914Z,338.397,338.41200000000003,0.0,7.4,0.0,0.0,0.0,0.0,0.0,0.0,0.0,0.0,1.0,0.0,0.0,0.0,9.0,4.0,0.0,0.0,0.0,0.0,0.0,0.0,0.0,0.0,1.0,12.0,1.0,12.19,5.0200000000000005,2.5,1.5,0.0,0.0,0.0,9.4,0.0,0.3,-1.0,0.0,-169.60000000000002,0.0,0.0,169.60000000000002,0.0,21.4,29.0,29.0,29.5,300.0,300.0,31.700000000000003,35.800000000000004,28.9,28.1,30.0,4.96,1.99,4.96,0.16,0.0,0.0,1027.0,8228.0,0.0,0.0,0.0,0.0,0.0,1.0,0.0,0.0,0.0,0.0,0.0,-1.2000000000000002,0.0,-0.1,0.0,0.0,16.0,25903.0
2026-07-30T19:02:48.926Z,338.409,338.42400000000004,0.0,7.4,0.0,0.0,0.0,0.0,0.0,0.0,0.0,0.0,1.0,0.0,0.0,0.0,9.0,4.0,0.0,0.0,0.0,0.0,0.0,0.0,0.0,0.0,3.0,12.0,1.0,12.17,5.01,2.51,1.49,0.0,0.0,0.0,9.4,0.0,0.8,-1.0,-0.6000000000000001,-169.60000000000002,0.0,0.0,169.60000000000002,0.0,21.4,29.0,29.0,29.5,300.0,300.0,31.8,35.800000000000004,28.9,28.1,30.0,4.95,1.99,4.96,0.16,0.0,0.0,1027.0,8228.0,0.0,0.0,0.0,0.0,0.0,1.0,0.0,0.0,0.0,0.0,0.0,-1.7000000000000002,0.0,0.3,0.0,0.0,16.0,25903.0
2026-07-30T19:02:48.938Z,338.421,338.436,0.0,7.4,0.0,0.0,0.0,0.0,0.0,0.0,0.0,0.0,1.0,0.0,0.0,0.0,9.0,4.0,0.0,0.0,0.0,0.0,0.0,0.0,0.0,0.0,3.0,12.0,1.0,12.17,5.01,2.51,1.49,0.0,0.0,0.0,9.3,0.0,0.2,0.0,-0.6000000000000001,-169.60000000000002,0.0,0.0,169.60000000000002,0.0,21.4,29.0,29.0,29.5,300.0,300.0,31.8,35.800000000000004,28.9,28.1,30.0,4.95,1.99,4.97,0.16,0.0,0.0,1027.0,8228.0,0.0,0.0,0.0,0.0,0.0,1.0,0.0,0.0,0.0,0.0,0.0,-0.4,0.0,0.5,0.0,0.0,16.0,25903.0
2026-07-30T19:02:48.950Z,338.433,338.448,0.0,7.4,0.0,0.0,0.0,0.0,0.0,0.0,0.0,0.0,1.0,0.0,0.0,0.0,9.0,4.0,0.0,0.0,0.0,0.0,0.0,0.0,0.0,0.0,5.0,12.0,1.0,12.17,5.01,2.51,1.49,0.0,0.0,0.0,9.2,0.0,0.8,0.6000000000000001,-0.1,-169.60000000000002,0.0,0.0,169.60000000000002,0.0,21.4,29.0,29.0,29.5,300.0,300.0,31.8,35.800000000000004,28.9,28.1,30.0,4.95,2.0,4.97,0.16,0.0,0.0,1027.0,8228.0,0.0,0.0,0.0,0.0,0.0,1.0,0.0,0.0,0.0,0.0,0.0,0.6000000000000001,0.0,0.2,0.0,0.0001,16.0,25903.0
2026-07-30T19:02:48.962Z,338.445,338.46,0.0,7.4,0.0,0.0,0.0,0.0,0.0,0.0,0.0,0.0,1.0,0.0,0.0,0.0,9.0,4.0,0.0,0.0,0.0,0.0,0.0,0.0,0.0,0.0,6.0,12.0,1.0,12.17,5.01,2.51,1.49,0.0,0.0,0.0,9.2,0.0,-0.2,0.0,-0.6000000000000001,-169.60000000000002,0.0,0.0,169.60000000000002,0.0,21.4,29.0,29.0,29.5,300.0,300.0,31.8,35.800000000000004,28.9,28.1,30.0,4.96,2.0,4.96,0.16,0.0,0.0,1027.0,8228.0,0.0,0.0,0.0,0.0,0.0,1.0,0.0,0.0,0.0,0.0,0.0,-0.4,0.0,0.6000000000000001,0.0,0.0,16.0,25903.0
2026-07-30T19:02:48.974Z,338.457,338.472,0.0,7.4,0.0,0.0,0.0,0.0,0.0,0.0,0.0,0.0,1.0,0.0,0.0,0.0,9.0,4.0,0.0,0.0,0.0,0.0,0.0,0.0,0.0,0.0,2.0,12.0,1.0,12.17,5.01,2.51,1.49,0.0,0.0,0.0,9.0,0.0,0.8,0.0,1.6,-169.60000000000002,0.0,0.0,169.60000000000002,0.0,21.4,29.0,29.0,29.5,300.0,300.0,31.8,35.800000000000004,28.9,28.1,30.0,4.95,1.99,4.96,0.16,0.0,0.0,1027.0,8228.0,0.0,0.0,0.0,0.0,0.0,1.0,0.0,0.0,0.0,0.0,0.0,1.2000000000000002,0.0,-1.4,0.0,0.0,16.0,25903.0
2026-07-30T19:02:48.986Z,338.469,338.484,0.0,7.4,0.0,0.0,0.0,0.0,0.0,0.0,0.0,0.0,1.0,0.0,0.0,0.0,9.0,4.0,0.0,0.0,0.0,0.0,0.0,0.0,0.0,0.0,3.0,12.0,1.0,12.17,5.01,2.51,1.49,0.0,0.0,0.0,8.9,0.0,0.9,0.0,-0.6000000000000001,-169.60000000000002,0.0,0.0,169.60000000000002,0.0,21.4,29.0,29.0,29.5,300.0,300.0,31.8,35.800000000000004,28.9,28.1,30.0,4.95,1.99,4.96,0.16,0.0,0.0,1027.0,8228.0,0.0,0.0,0.0,0.0,0.0,1.0,0.0,0.0,0.0,0.0,0.0,-0.4,0.0,0.6000000000000001,0.0,0.0,16.0,25903.0
2026-07-30T19:02:48.998Z,338.481,338.496,0.0,7.4,0.0,0.0,0.0,0.0,0.0,0.0,0.0,0.0,1.0,0.0,0.0,0.0,9.0,4.0,0.0,0.0,0.0,0.0,0.0,0.0,0.0,0.0,4.0,12.0,1.0,12.17,5.01,2.51,1.49,0.0,0.0,0.0,8.9,0.0,-0.2,-0.5,-1.2000000000000002,-169.60000000000002,0.0,0.0,169.60000000000002,0.0,21.4,29.0,29.0,29.5,300.0,300.0,31.8,35.800000000000004,28.9,28.1,30.0,4.96,1.99,4.96,0.16,0.0,0.0,1027.0,8228.0,0.0,0.0,0.0,0.0,0.0,1.0,0.0,0.0,0.0,0.0,0.0,-1.5,0.0,1.0,0.0,0.0,16.0,25903.0
2026-07-30T19:02:49.010Z,338.493,338.508,0.0,7.4,0.0,0.0,0.0,0.0,0.0,0.0,0.0,0.0,1.0,0.0,0.0,0.0,9.0,4.0,0.0,0.0,0.0,0.0,0.0,0.0,0.0,0.0,5.0,12.0,1.0,12.17,5.01,2.51,1.49,0.0,0.0,0.0,8.8,0.0,-0.2,1.2000000000000002,0.4,-169.60000000000002,0.0,0.0,169.70000000000002,0.0,21.4,29.0,29.0,29.5,300.0,300.0,31.8,35.800000000000004,28.9,28.1,30.0,4.95,1.99,4.96,0.16,0.0,0.0,1027.0,8228.0,0.0,0.0,0.0,0.0,0.0,1.0,0.0,0.0,0.0,0.0,0.0,1.8,0.0,-0.1,0.0,0.0,16.0,25903.0
2026-07-30T19:02:49.023Z,338.506,338.52,0.0,7.4,0.0,0.0,0.0,0.0,0.0,0.0,0.0,0.0,1.0,0.0,0.0,0.0,9.0,4.0,0.0,0.0,0.0,0.0,0.0,0.0,0.0,0.0,1.0,12.0,1.0,12.18,5.0200000000000005,2.5,1.49,0.0,0.0,0.0,8.700000000000001,0.0,0.2,-1.0,-0.6000000000000001,-169.60000000000002,0.0,0.0,169.60000000000002,0.0,21.3,29.0,29.0,29.5,300.0,300.0,31.700000000000003,35.800000000000004,28.9,28.1,30.0,4.95,1.99,4.97,0.16,0.0,0.0,1027.0,8228.0,0.0,0.0,0.0,0.0,0.0,1.0,0.0,0.0,0.0,0.0,0.0,-1.7000000000000002,0.0,0.3,0.0,0.0,16.0,25903.0
2026-07-30T19:02:49.034Z,338.517,338.532,0.0,7.4,0.0,0.0,0.0,0.0,0.0,0.0,0.0,0.0,1.0,0.0,0.0,0.0,9.0,4.0,0.0,0.0,0.0,0.0,0.0,0.0,0.0,0.0,1.0,12.0,1.0,12.18,5.0200000000000005,2.5,1.49,0.0,0.0,0.0,8.6,0.0,0.3,0.0,-0.1,-169.60000000000002,0.0,0.0,169.70000000000002,0.0,21.3,29.0,29.0,29.5,300.0,300.0,31.700000000000003,35.800000000000004,28.9,28.1,30.0,4.95,1.99,4.96,0.16,0.0,0.0,1027.0,8228.0,0.0,0.0,0.0,0.0,0.0,1.0,0.0,0.0,0.0,0.0,0.0,0.0,0.0,0.1,0.0,0.0,16.0,25903.0
2026-07-30T19:02:49.046Z,338.529,338.544,0.0,7.4,0.0,0.0,0.0,0.0,0.0,0.0,0.0,0.0,1.0,0.0,0.0,0.0,9.0,4.0,0.0,0.0,0.0,0.0,0.0,0.0,0.0,0.0,3.0,12.0,1.0,12.18,5.0200000000000005,2.5,1.49,0.0,0.0,0.0,8.5,0.0,0.3,0.0,1.0,-169.60000000000002,0.0,0.0,169.60000000000002,0.0,21.3,29.0,29.0,29.5,300.0,300.0,31.700000000000003,35.800000000000004,28.9,28.1,30.0,4.96,1.99,4.96,0.16,0.0,0.0,1027.0,8228.0,0.0,0.0,0.0,0.0,0.0,1.0,0.0,0.0,0.0,0.0,0.0,0.4,0.0,-0.4,0.0,0.0,16.0,25903.0
2026-07-30T19:02:49.058Z,338.541,338.556,0.0,7.4,0.0,0.0,0.0,0.0,0.0,0.0,0.0,0.0,1.0,0.0,0.0,0.0,9.0,4.0,0.0,0.0,0.0,0.0,0.0,0.0,0.0,0.0,4.0,12.0,1.0,12.18,5.0200000000000005,2.5,1.49,0.0,0.0,0.0,8.4,0.0,-0.2,0.6000000000000001,-0.1,-169.60000000000002,0.0,0.0,169.70000000000002,0.0,21.3,29.0,29.0,29.5,300.0,300.0,31.700000000000003,35.800000000000004,28.9,28.1,30.0,4.95,1.99,4.97,0.16,0.0,0.0,1027.0,8228.0,0.0,0.0,0.0,0.0,0.0,1.0,0.0,0.0,0.0,0.0,0.0,0.2,0.0,0.7000000000000001,0.0,0.0,16.0,25903.0
2026-07-30T19:02:49.070Z,338.553,338.568,0.0,7.4,0.0,0.0,0.0,0.0,0.0,0.0,0.0,0.0,1.0,0.0,0.0,0.0,9.0,4.0,0.0,0.0,0.0,0.0,0.0,0.0,0.0,0.0,5.0,12.0,1.0,12.18,5.0200000000000005,2.5,1.49,0.0,0.1,0.0,8.4,0.0,-0.2,0.0,-0.1,-169.60000000000002,0.0,0.0,169.60000000000002,0.0,21.3,29.0,29.0,29.5,300.0,300.0,31.700000000000003,35.800000000000004,28.9,28.1,30.0,4.96,1.99,4.96,0.16,0.0,0.0,1027.0,8228.0,0.0,0.0,0.0,0.0,0.0,1.0,0.0,0.0,0.0,0.0,0.0,-0.2,0.0,-0.5,0.0,0.0001,16.0,25903.0
2026-07-30T19:02:49.082Z,338.565,338.58,0.0,7.4,0.0,0.0,0.0,0.0,0.0,0.0,0.0,0.0,1.0,0.0,0.0,0.0,9.0,4.0,0.0,0.0,0.0,0.0,0.0,0.0,0.0,0.0,6.0,12.0,1.0,12.18,5.0200000000000005,2.5,1.49,0.0,0.0,0.0,8.3,0.0,-0.2,0.6000000000000001,1.6,-169.60000000000002,0.0,0.0,169.70000000000002,0.0,21.3,29.0,29.0,29.5,300.0,300.0,31.700000000000003,35.800000000000004,28.9,28.1,30.0,4.96,2.0,4.97,0.16,0.0,0.0,1027.0,8228.0,0.0,0.0,0.0,0.0,0.0,1.0,0.0,0.0,0.0,0.0,0.0,1.9,0.0,-1.3,0.0,0.0,16.0,25903.0
2026-07-30T19:02:49.094Z,338.577,338.592,0.0,7.4,0.0,0.0,0.0,0.0,0.0,0.0,0.0,0.0,1.0,0.0,0.0,0.0,9.0,4.0,0.0,0.0,0.0,0.0,0.0,0.0,0.0,0.0,1.0,12.0,1.0,12.18,5.0200000000000005,2.5,1.49,0.0,0.0,0.0,8.200000000000001,0.0,0.2,0.0,-0.1,-169.60000000000002,0.0,0.0,169.8,0.0,21.3,29.0,29.0,29.5,300.0,300.0,31.700000000000003,35.800000000000004,28.9,28.1,30.0,4.95,1.99,4.97,0.16,0.0,0.0,1027.0,8228.0,0.0,0.0,0.0,0.0,0.0,1.0,0.0,0.0,0.0,0.0,0.0,0.0,0.0,0.1,0.0,0.0,16.0,25903.0
2026-07-30T19:02:49.106Z,338.589,338.604,0.0,7.4,0.0,0.0,0.0,0.0,0.0,0.0,0.0,0.0,1.0,0.0,0.0,0.0,9.0,4.0,0.0,0.0,0.0,0.0,0.0,0.0,0.0,0.0,2.0,12.0,1.0,12.18,5.0200000000000005,2.5,1.49,0.0,0.1,0.0,8.1,0.0,0.3,0.0,1.0,-169.60000000000002,0.0,0.0,169.70000000000002,0.0,21.3,29.0,29.0,29.5,300.0,300.0,31.700000000000003,35.800000000000004,28.9,28.1,30.0,4.95,1.99,4.97,0.16,0.0,0.0,1027.0,8228.0,0.0,0.0,0.0,0.0,0.0,1.0,0.0,0.0,0.0,0.0,0.0,0.8,0.0,-0.9,0.0,0.0001,16.0,25903.0
2026-07-30T19:02:49.118Z,338.601,338.616,0.0,7.4,0.0,0.0,0.0,0.0,0.0,0.0,0.0,0.0,1.0,0.0,0.0,0.0,9.0,4.0,0.0,0.0,0.0,0.0,0.0,0.0,0.0,0.0,4.0,12.0,1.0,12.18,5.0200000000000005,2.5,1.49,0.0,0.0,0.0,8.1,0.0,-0.3,-1.7000000000000002,0.4,-169.60000000000002,0.0,0.0,169.60000000000002,0.0,21.3,29.0,29.0,29.5,300.0,300.0,31.700000000000003,35.800000000000004,28.9,28.1,30.0,4.96,1.99,4.96,0.16,0.0,0.0,1027.0,8228.0,0.0,0.0,0.0,0.0,0.0,1.0,0.0,0.0,0.0,0.0,0.0,-1.6,0.0,-0.7000000000000001,0.0,0.0001,16.0,25903.0
2026-07-30T19:02:49.130Z,338.613,338.628,0.0,7.4,0.0,0.0,0.0,0.0,0.0,0.0,0.0,0.0,1.0,0.0,0.0,0.0,9.0,4.0,0.0,0.0,0.0,0.0,0.0,0.0,0.0,0.0,5.0,12.0,1.0,12.14,5.01,2.5,1.49,0.0,0.1,0.0,8.0,0.0,0.2,0.0,-0.7000000000000001,-169.60000000000002,0.0,0.0,169.60000000000002,0.0,21.700000000000003,29.0,29.0,29.5,300.0,300.0,31.700000000000003,35.800000000000004,28.8,28.1,30.0,4.96,1.99,4.97,0.16,0.0,0.0,1027.0,8228.0,0.0,0.0,0.0,0.0,0.0,1.0,0.0,0.0,0.0,0.0,0.0,-0.6000000000000001,0.0,0.6000000000000001,0.0,0.0001,16.0,25903.0
2026-07-30T19:02:49.142Z,338.625,338.64,0.0,7.4,0.0,0.0,0.0,0.0,0.0,0.0,0.0,0.0,1.0,0.0,0.0,0.0,9.0,4.0,0.0,0.0,0.0,0.0,0.0,0.0,0.0,0.0,6.0,12.0,1.0,12.14,5.01,2.5,1.49,0.0,0.0,0.0,8.0,0.0,0.2,1.1,-0.1,-169.60000000000002,0.0,0.0,169.60000000000002,0.0,21.700000000000003,29.0,29.0,29.5,300.0,300.0,31.700000000000003,35.800000000000004,28.8,28.1,30.0,4.95,2.0,4.97,0.16,0.0,0.0,1027.0,8228.0,0.0,0.0,0.0,0.0,0.0,1.0,0.0,0.0,0.0,0.0,0.0,1.1,0.0,0.3,0.0,0.0,16.0,25903.0
2026-07-30T19:02:49.154Z,338.637,338.652,0.0,7.4,0.0,0.0,0.0,0.0,0.0,0.0,0.0,0.0,1.0,0.0,0.0,0.0,9.0,4.0,0.0,0.0,0.0,0.0,0.0,0.0,0.0,0.0,2.0,12.0,1.0,12.14,5.01,2.5,1.49,0.0,0.0,0.0,7.9,0.0,0.2,0.5,1.0,-169.60000000000002,0.0,0.0,169.70000000000002,0.0,21.700000000000003,29.0,29.0,29.5,300.0,300.0,31.700000000000003,35.800000000000004,28.8,28.1,30.0,4.96,2.0,4.97,0.16,0.0,0.0,1027.0,8228.0,0.0,0.0,0.0,0.0,0.0,1.0,0.0,0.0,0.0,0.0,0.0,1.4,0.0,-0.8,0.0,0.0,16.0,25903.0
2026-07-30T19:02:49.166Z,338.649,338.664,0.0,7.4,0.0,0.0,0.0,0.0,0.0,0.0,0.0,0.0,1.0,0.0,0.0,0.0,9.0,4.0,0.0,0.0,0.0,0.0,0.0,0.0,0.0,0.0,3.0,12.0,1.0,12.14,5.01,2.5,1.49,0.0,0.0,0.0,7.800000000000001,0.0,0.8,-0.6000000000000001,0.4,-169.60000000000002,0.0,0.0,169.60000000000002,0.0,21.700000000000003,29.0,29.0,29.5,300.0,300.0,31.700000000000003,35.800000000000004,28.8,28.1,30.0,4.95,2.0,4.96,0.16,0.0,0.0,1027.0,8228.0,0.0,0.0,0.0,0.0,0.0,1.0,0.0,0.0,0.0,0.0,0.0,-0.3,0.0,-0.5,0.0,0.0,16.0,25903.0
2026-07-30T19:02:49.178Z,338.661,338.676,0.0,7.4,0.0,0.0,0.0,0.0,0.0,0.0,0.0,0.0,1.0,0.0,0.0,0.0,9.0,4.0,0.0,0.0,0.0,0.0,0.0,0.0,0.0,0.0,3.0,12.0,1.0,12.14,5.01,2.5,1.49,0.0,0.0,0.0,7.7,0.0,-0.8,0.5,0.4,-169.60000000000002,0.0,0.0,169.60000000000002,0.0,21.700000000000003,29.0,29.0,29.5,300.0,300.0,31.700000000000003,35.800000000000004,28.8,28.1,30.0,4.95,1.99,4.97,0.16,0.0,0.0,1027.0,8228.0,0.0,0.0,0.0,0.0,0.0,1.0,0.0,0.0,0.0,0.0,0.0,0.9,0.0,-0.2,0.0,0.0,16.0,25903.0
2026-07-30T19:02:49.190Z,338.673,338.688,0.0,7.4,0.0,0.0,0.0,0.0,0.0,0.0,0.0,0.0,1.0,0.0,0.0,0.0,9.0,4.0,0.0,0.0,0.0,0.0,0.0,0.0,0.0,0.0,5.0,12.0,1.0,12.14,5.01,2.5,1.49,0.0,0.0,0.0,7.7,0.0,0.3,0.0,0.4,-169.60000000000002,0.0,0.0,169.70000000000002,0.0,21.700000000000003,29.0,29.0,29.5,300.0,300.0,31.700000000000003,35.800000000000004,28.8,28.1,30.0,4.96,1.99,4.97,0.16,0.0,0.0,1027.0,8228.0,0.0,0.0,0.0,0.0,0.0,1.0,0.0,0.0,0.0,0.0,0.0,0.3,0.0,-0.3,0.0,0.0,16.0,25903.0
2026-07-30T19:02:49.202Z,338.685,338.7,0.0,7.4,0.0,0.0,0.0,0.0,0.0,0.0,0.0,0.0,1.0,0.0,0.0,0.0,9.0,4.0,0.0,0.0,0.0,0.0,0.0,0.0,0.0,0.0,6.0,12.0,1.0,12.14,5.01,2.5,1.49,0.0,0.0,0.0,7.5,0.0,0.9,0.5,1.6,-169.60000000000002,0.0,0.0,169.60000000000002,0.0,21.700000000000003,29.0,29.0,29.5,300.0,300.0,31.700000000000003,35.800000000000004,28.8,28.1,30.0,4.96,1.99,4.96,0.16,0.0,0.0,1027.0,8228.0,0.0,0.0,0.0,0.0,0.0,1.0,0.0,0.0,0.0,0.0,0.0,1.8,0.0,-1.3,0.0,0.0,16.0,25903.0
2026-07-30T19:02:49.214Z,338.697,338.712,0.0,7.4,0.0,0.0,0.0,0.0,0.0,0.0,0.0,0.0,1.0,0.0,0.0,0.0,9.0,4.0,0.0,0.0,0.0,0.0,0.0,0.0,0.0,0.0,1.0,12.0,1.0,12.14,5.01,2.5,1.49,0.0,0.0,0.0,7.5,0.0,0.9,0.0,0.4,-169.60000000000002,0.0,0.0,169.70000000000002,0.0,21.700000000000003,29.0,29.0,29.5,300.0,300.0,31.700000000000003,35.800000000000004,28.8,28.1,30.0,4.95,1.99,4.96,0.16,0.0,0.0,1027.0,8228.0,0.0,0.0,0.0,0.0,0.0,1.0,0.0,0.0,0.0,0.0,0.0,0.3,0.0,-0.4,0.0,0.0,16.0,25903.0
2026-07-30T19:02:49.227Z,338.71,338.724,0.0,7.4,0.0,0.0,0.0,0.0,0.0,0.0,0.0,0.0,1.0,0.0,0.0,0.0,9.0,4.0,0.0,0.0,0.0,0.0,0.0,0.0,0.0,0.0,1.0,12.0,1.0,12.18,5.01,2.5,1.49,0.0,0.0,0.0,7.4,0.0,-0.2,0.0,-0.1,-169.60000000000002,0.0,0.0,169.70000000000002,0.0,21.200000000000003,29.0,29.0,29.5,300.0,300.0,31.700000000000003,35.800000000000004,28.9,28.1,30.0,4.95,1.99,4.96,0.16,0.0,0.0,1027.0,8228.0,0.0,0.0,0.0,0.0,0.0,1.0,0.0,0.0,0.0,0.0,0.0,0.0,0.0,0.0,0.0,0.0,16.0,25903.0
2026-07-30T19:02:49.238Z,338.721,338.736,0.0,7.4,0.0,0.0,0.0,0.0,0.0,0.0,0.0,0.0,1.0,0.0,0.0,0.0,9.0,4.0,0.0,0.0,0.0,0.0,0.0,0.0,0.0,0.0,2.0,12.0,1.0,12.18,5.01,2.5,1.49,0.0,0.0,0.0,7.4,0.0,-0.2,1.1,-0.7000000000000001,-169.60000000000002,0.0,0.0,169.70000000000002,0.0,21.200000000000003,29.0,29.0,29.5,300.0,300.0,31.700000000000003,35.800000000000004,28.9,28.1,30.0,4.96,2.0,4.96,0.16,0.0,0.0,1027.0,8228.0,0.0,0.0,0.0,0.0,0.0,1.0,0.0,0.0,0.0,0.0,0.0,0.7000000000000001,0.0,0.9,0.0,0.0,16.0,25903.0
2026-07-30T19:02:49.250Z,338.733,338.748,0.0,7.4,0.0,0.0,0.0,0.0,0.0,0.0,0.0,0.0,1.0,0.0,0.0,0.0,9.0,4.0,0.0,0.0,0.0,0.0,0.0,0.0,0.0,0.0,4.0,12.0,1.0,12.18,5.01,2.5,1.49,0.0,0.0,0.0,7.300000000000001,0.0,0.3,-0.5,-0.7000000000000001,-169.60000000000002,0.0,0.0,169.70000000000002,0.0,21.200000000000003,29.0,29.0,29.5,300.0,300.0,31.700000000000003,35.800000000000004,28.9,28.1,30.0,4.95,2.0,4.96,0.16,0.0,0.0,1027.0,8228.0,0.0,0.0,0.0,0.0,0.0,1.0,0.0,0.0,0.0,0.0,0.0,-1.1,0.0,0.5,0.0,0.0,16.0,25903.0
2026-07-30T19:02:49.261Z,338.744,338.76,0.0,7.4,0.0,0.0,0.0,0.0,0.0,0.0,0.0,0.0,1.0,0.0,0.0,0.0,9.0,4.0,0.0,0.0,0.0,0.0,0.0,0.0,0.0,0.0,5.0,12.0,1.0,12.18,5.01,2.5,1.49,0.0,0.0,0.0,7.2,0.0,-0.2,0.6000000000000001,-0.1,-169.60000000000002,0.0,0.0,169.8,0.0,21.200000000000003,29.0,29.0,29.5,300.0,300.0,31.700000000000003,35.800000000000004,28.9,28.1,30.0,4.95,1.99,4.97,0.16,0.0,0.0,1027.0,8228.0,0.0,0.0,0.0,0.0,0.0,1.0,0.0,0.0,0.0,0.0,0.0,0.5,0.0,0.2,0.0,0.0001,16.0,25903.0
2026-07-30T19:02:49.274Z,338.757,338.772,0.0,7.4,0.0,0.0,0.0,0.0,0.0,0.0,0.0,0.0,1.0,0.0,0.0,0.0,9.0,4.0,0.0,0.0,0.0,0.0,0.0,0.0,0.0,0.0,6.0,12.0,1.0,12.18,5.01,2.5,1.49,0.0,0.0,0.0,7.1000000000000005,0.0,-0.2,-1.1,-1.3,-169.60000000000002,0.0,0.0,169.60000000000002,0.0,21.200000000000003,29.0,29.0,29.5,300.0,300.0,31.700000000000003,35.800000000000004,28.9,28.1,30.0,4.95,1.99,4.96,0.16,0.0,0.0,1027.0,8228.0,0.0,0.0,0.0,0.0,0.0,1.0,0.0,0.0,0.0,0.0,0.0,-2.3000000000000003,0.0,0.9,0.0,0.0001,16.0,25903.0
2026-07-30T19:02:49.286Z,338.769,338.784,0.0,7.4,0.0,0.0,0.0,0.0,0.0,0.0,0.0,0.0,1.0,0.0,0.0,0.0,9.0,4.0,0.0,0.0,0.0,0.0,0.0,0.0,0.0,0.0,2.0,12.0,1.0,12.18,5.01,2.5,1.49,0.0,0.0,0.0,7.1000000000000005,0.0,-0.2,0.0,0.3,-169.60000000000002,0.0,0.0,169.60000000000002,0.0,21.200000000000003,29.0,29.0,29.5,300.0,300.0,31.700000000000003,35.800000000000004,28.9,28.1,30.0,4.96,1.99,4.96,0.16,0.0,0.0,1027.0,8228.0,0.0,0.0,0.0,0.0,0.0,1.0,0.0,0.0,0.0,0.0,0.0,0.3,0.0,-0.3,0.0,0.0001,16.0,25903.0
2026-07-30T19:02:49.298Z,338.781,338.796,0.0,7.4,0.0,0.0,0.0,0.0,0.0,0.0,0.0,0.0,1.0,0.0,0.0,0.0,9.0,4.0,0.0,0.0,0.0,0.0,0.0,0.0,0.0,0.0,4.0,12.0,1.0,12.18,5.01,2.5,1.49,0.0,0.0,0.0,7.0,0.0,0.3,0.0,-0.1,-169.60000000000002,0.0,0.0,169.70000000000002,0.0,21.200000000000003,29.0,29.0,29.5,300.0,300.0,31.700000000000003,35.800000000000004,28.9,28.1,30.0,4.95,1.99,4.96,0.16,0.0,0.0,1027.0,8228.0,0.0,0.0,0.0,0.0,0.0,1.0,0.0,0.0,0.0,0.0,0.0,0.0,0.0,0.1,0.0,0.0,16.0,25903.0
2026-07-30T19:02:49.310Z,338.793,338.808,0.0,7.4,0.0,0.0,0.0,0.0,0.0,0.0,0.0,0.0,1.0,0.0,0.0,0.0,9.0,4.0,0.0,0.0,0.0,0.0,0.0,0.0,0.0,0.0,5.0,12.0,1.0,12.18,5.01,2.5,1.49,0.0,0.0,0.0,7.0,0.0,0.2,0.0,0.3,-169.60000000000002,0.0,0.0,169.60000000000002,0.0,21.200000000000003,29.0,29.0,29.5,300.0,300.0,31.700000000000003,35.800000000000004,28.9,28.1,30.0,4.96,1.99,4.96,0.16,0.0,0.0,1027.0,8228.0,0.0,0.0,0.0,0.0,0.0,1.0,0.0,0.0,0.0,0.0,0.0,0.3,0.0,-0.3,0.0,0.0002,16.0,25903.0
2026-07-30T19:02:49.321Z,338.804,338.82,0.0,7.4,0.0,0.0,0.0,0.0,0.0,0.0,0.0,0.0,1.0,0.0,0.0,0.0,9.0,4.0,0.0,0.0,0.0,0.0,0.0,0.0,0.0,0.0,6.0,12.0,1.0,12.18,5.01,2.5,1.49,0.0,0.0,0.0,7.0,0.0,-0.8,1.2000000000000002,-0.1,-169.60000000000002,0.0,0.0,169.60000000000002,0.0,21.200000000000003,29.0,29.0,29.5,300.0,300.0,31.700000000000003,35.800000000000004,28.9,28.1,30.0,4.96,1.99,4.96,0.16,0.0,0.0,1027.0,8228.0,0.0,0.0,0.0,0.0,0.0,1.0,0.0,0.0,0.0,0.0,0.0,1.2000000000000002,0.0,0.4,0.0,0.0,16.0,25903.0
2026-07-30T19:02:49.334Z,338.817,338.832,0.0,7.4,0.0,0.0,0.0,0.0,0.0,0.0,0.0,0.0,1.0,0.0,0.0,0.0,9.0,4.0,0.0,0.0,0.0,0.0,0.0,0.0,0.0,0.0,1.0,12.0,1.0,12.15,5.0200000000000005,2.51,1.49,0.0,0.0,0.0,6.800000000000001,0.0,-0.2,0.0,-0.7000000000000001,-169.60000000000002,0.0,0.0,169.60000000000002,0.0,21.700000000000003,29.0,29.0,29.5,300.0,300.0,31.8,35.800000000000004,28.9,28.1,30.0,4.95,1.99,4.96,0.16,0.0,0.0,1027.0,8228.0,0.0,0.0,0.0,0.0,0.0,1.0,0.0,0.0,0.0,0.0,0.0,-0.5,0.0,0.7000000000000001,0.0,0.0,16.0,25903.0
2026-07-30T19:02:49.346Z,338.829,338.844,0.0,7.4,0.0,0.0,0.0,0.0,0.0,0.0,0.0,0.0,1.0,0.0,0.0,0.0,9.0,4.0,0.0,0.0,0.0,0.0,0.0,0.0,0.0,0.0,2.0,12.0,1.0,12.15,5.0200000000000005,2.51,1.49,0.0,0.0,0.0,6.800000000000001,0.0,1.5,0.0,0.9,-169.60000000000002,0.0,0.0,169.60000000000002,0.0,21.700000000000003,29.0,29.0,29.5,300.0,300.0,31.8,35.800000000000004,28.9,28.1,30.0,4.95,1.99,4.97,0.16,0.0,0.0,1027.0,8228.0,0.0,0.0,0.0,0.0,0.0,1.0,0.0,0.0,0.0,0.0,0.0,0.8,0.0,-0.8,0.0,0.0,16.0,25903.0
2026-07-30T19:02:49.358Z,338.841,338.856,0.0,7.4,0.0,0.0,0.0,0.0,0.0,0.0,0.0,0.0,1.0,0.0,0.0,0.0,9.0,4.0,0.0,0.0,0.0,0.0,0.0,0.0,0.0,0.0,4.0,12.0,1.0,12.15,5.0200000000000005,2.51,1.49,0.0,0.0,0.0,6.7,0.0,-0.2,0.0,-1.3,-169.60000000000002,0.0,0.0,169.60000000000002,0.0,21.700000000000003,29.0,29.0,29.5,300.0,300.0,31.8,35.800000000000004,28.9,28.1,30.0,4.96,1.99,4.96,0.16,0.0,0.0,1027.0,8228.0,0.0,0.0,0.0,0.0,0.0,1.0,0.0,0.0,0.0,0.0,0.0,-0.9,0.0,1.2000000000000002,0.0,0.0,16.0,25903.0
2026-07-30T19:02:49.370Z,338.853,338.868,0.0,7.4,0.0,0.0,0.0,0.0,0.0,0.0,0.0,0.0,1.0,0.0,0.0,0.0,9.0,4.0,0.0,0.0,0.0,0.0,0.0,0.0,0.0,0.0,5.0,12.0,1.0,12.15,5.0200000000000005,2.51,1.49,0.0,0.0,0.0,6.6000000000000005,0.0,0.3,-0.5,0.3,-169.60000000000002,0.0,0.0,169.60000000000002,0.0,21.700000000000003,29.0,29.0,29.5,300.0,300.0,31.8,35.800000000000004,28.9,28.1,30.0,4.96,1.99,4.96,0.16,0.0,0.0,1027.0,8228.0,0.0,0.0,0.0,0.0,0.0,1.0,0.0,0.0,0.0,0.0,0.0,-0.3,0.0,-0.4,0.0,0.0,16.0,25903.0
2026-07-30T19:02:49.382Z,338.865,338.88,0.0,7.4,0.0,0.0,0.0,0.0,0.0,0.0,0.0,0.0,1.0,0.0,0.0,0.0,9.0,4.0,0.0,0.0,0.0,0.0,0.0,0.0,0.0,0.0,6.0,12.0,1.0,12.15,5.0200000000000005,2.51,1.49,0.0,0.0,0.0,6.6000000000000005,0.0,-0.8,0.0,0.3,-169.60000000000002,0.0,0.0,169.60000000000002,0.0,21.700000000000003,29.0,29.0,29.5,300.0,300.0,31.8,35.800000000000004,28.9,28.1,30.0,4.95,1.99,4.96,0.16,0.0,0.0,1027.0,8228.0,0.0,0.0,0.0,0.0,0.0,1.0,0.0,0.0,0.0,0.0,0.0,0.3,0.0,-0.2,0.0,0.0,16.0,25903.0
2026-07-30T19:02:49.393Z,338.876,338.892,0.0,7.4,0.0,0.0,0.0,0.0,0.0,0.0,0.0,0.0,1.0,0.0,0.0,0.0,9.0,4.0,0.0,0.0,0.0,0.0,0.0,0.0,0.0,0.0,1.0,12.0,1.0,12.15,5.0200000000000005,2.51,1.49,0.0,0.0,0.0,6.5,0.0,-0.2,-0.5,-1.4,-169.60000000000002,0.0,0.0,169.60000000000002,0.0,21.700000000000003,29.0,29.0,29.5,300.0,300.0,31.8,35.800000000000004,28.9,28.1,30.0,4.96,1.99,4.96,0.16,0.0,0.0,1027.0,8228.0,0.0,0.0,0.0,0.0,0.0,1.0,0.0,0.0,0.0,0.0,0.0,-1.6,0.0,1.1,0.0,0.0,16.0,25903.0
2026-07-30T19:02:49.406Z,338.889,338.904,0.0,7.4,0.0,0.0,0.0,0.0,0.0,0.0,0.0,0.0,1.0,0.0,0.0,0.0,9.0,4.0,0.0,0.0,0.0,0.0,0.0,0.0,0.0,0.0,2.0,12.0,1.0,12.15,5.0200000000000005,2.51,1.49,0.0,0.0,0.0,6.5,0.0,-0.8,-0.5,0.3,-169.60000000000002,0.0,0.0,169.60000000000002,0.0,21.700000000000003,29.0,29.0,29.5,300.0,300.0,31.8,35.800000000000004,28.9,28.1,30.0,4.96,2.0,4.96,0.16,0.0,0.0,1027.0,8228.0,0.0,0.0,0.0,0.0,0.0,1.0,0.0,0.0,0.0,0.0,0.0,-0.3,0.0,-0.3,0.0,0.0,16.0,25903.0
2026-07-30T19:02:49.419Z,338.902,338.916,0.0,7.4,0.0,0.0,0.0,0.0,0.0,0.0,0.0,0.0,1.0,0.0,0.0,0.0,9.0,4.0,0.0,0.0,0.0,0.0,0.0,0.0,0.0,0.0,3.0,12.0,1.0,12.15,5.0200000000000005,2.51,1.49,0.0,0.0,0.0,6.4,0.0,0.3,0.6000000000000001,-1.4,-169.60000000000002,0.0,0.0,169.60000000000002,0.0,21.700000000000003,29.0,29.0,29.5,300.0,300.0,31.8,35.800000000000004,28.9,28.1,30.0,4.96,1.99,4.97,0.16,0.0,0.0,1027.0,8228.0,0.0,0.0,0.0,0.0,0.0,1.0,0.0,0.0,0.0,0.0,0.0,-0.3,0.0,1.4,0.0,0.0,16.0,25903.0
2026-07-30T19:02:49.431Z,338.914,338.928,0.0,7.4,0.0,0.0,0.0,0.0,0.0,0.0,0.0,0.0,1.0,0.0,0.0,0.0,9.0,4.0,0.0,0.0,0.0,0.0,0.0,0.0,0.0,0.0,4.0,12.0,1.0,12.18,5.0200000000000005,2.51,1.49,0.0,0.0,0.0,6.4,0.0,0.3,0.0,-0.8,-169.60000000000002,0.0,0.0,169.60000000000002,0.0,21.4,29.0,29.0,29.5,300.0,300.0,31.8,35.7,28.9,28.1,30.0,4.96,1.99,4.97,0.16,0.0,0.0,1027.0,8228.0,0.0,0.0,0.0,0.0,0.0,1.0,0.0,0.0,0.0,0.0,0.0,-0.5,0.0,0.7000000000000001,0.0,0.0,16.0,25903.0
2026-07-30T19:02:49.442Z,338.925,338.94,0.0,7.4,0.0,0.0,0.0,0.0,0.0,0.0,0.0,0.0,1.0,0.0,0.0,0.0,9.0,4.0,0.0,0.0,0.0,0.0,0.0,0.0,0.0,0.0,5.0,12.0,1.0,12.18,5.0200000000000005,2.51,1.49,0.0,0.0,0.0,6.300000000000001,0.0,-0.2,0.6000000000000001,0.9,-169.60000000000002,0.0,0.0,169.70000000000002,0.0,21.4,29.0,29.0,29.5,300.0,300.0,31.8,35.7,28.9,28.1,30.0,4.96,1.99,4.96,0.16,0.0,0.0,1027.0,8228.0,0.0,0.0,0.0,0.0,0.0,1.0,0.0,0.0,0.0,0.0,0.0,1.4,0.0,-0.7000000000000001,0.0,0.0,16.0,25903.0
2026-07-30T19:02:49.454Z,338.937,338.952,0.0,7.4,0.0,0.0,0.0,0.0,0.0,0.0,0.0,0.0,1.0,0.0,0.0,0.0,9.0,4.0,0.0,0.0,0.0,0.0,0.0,0.0,0.0,0.0,1.0,12.0,1.0,12.18,5.0200000000000005,2.51,1.49,0.0,0.0,0.0,6.2,0.0,-0.2,-0.5,-0.1,-169.60000000000002,0.0,0.0,169.60000000000002,0.0,21.4,29.0,29.0,29.5,300.0,300.0,31.8,35.7,28.9,28.1,30.0,4.95,1.99,4.96,0.16,0.0,0.0,1027.0,8228.0,0.0,0.0,0.0,0.0,0.0,1.0,0.0,0.0,0.0,0.0,0.0,-0.7000000000000001,0.0,0.0,0.0,0.0,16.0,25903.0
2026-07-30T19:02:49.466Z,338.949,338.964,0.0,7.4,0.0,0.0,0.0,0.0,0.0,0.0,0.0,0.0,1.0,0.0,0.0,0.0,9.0,4.0,0.0,0.0,0.0,0.0,0.0,0.0,0.0,0.0,2.0,12.0,1.0,12.18,5.0200000000000005,2.51,1.49,0.0,0.1,0.0,6.2,0.0,0.3,-0.5,0.3,-169.60000000000002,0.0,0.0,169.70000000000002,0.0,21.4,29.0,29.0,29.5,300.0,300.0,31.8,35.7,28.9,28.1,30.0,4.95,1.99,4.96,0.16,0.0,0.0,1027.0,8228.0,0.0,0.0,0.0,0.0,0.0,1.0,0.0,0.0,0.0,0.0,0.0,-0.4,0.0,-0.3,0.0,0.0,16.0,25903.0
2026-07-30T19:02:49.478Z,338.961,338.976,0.0,7.4,0.0,0.0,0.0,0.0,0.0,0.0,0.0,0.0,1.0,0.0,0.0,0.0,9.0,4.0,0.0,0.0,0.0,0.0,0.0,0.0,0.0,0.0,3.0,12.0,1.0,12.18,5.0200000000000005,2.51,1.49,0.0,0.0,0.0,6.1000000000000005,0.0,0.8,0.6000000000000001,-0.2,-169.60000000000002,0.0,0.0,169.60000000000002,0.0,21.4,29.0,29.0,29.5,300.0,300.0,31.8,35.7,28.9,28.1,30.0,4.95,1.99,4.96,0.16,0.0,0.0,1027.0,8228.0,0.0,0.0,0.0,0.0,0.0,1.0,0.0,0.0,0.0,0.0,0.0,0.5,0.0,0.3,0.0,0.0,16.0,25903.0
2026-07-30T19:02:49.490Z,338.973,338.988,0.0,7.4,0.0,0.0,0.0,0.0,0.0,0.0,0.0,0.0,1.0,0.0,0.0,0.0,9.0,4.0,0.0,0.0,0.0,0.0,0.0,0.0,0.0,0.0,5.0,12.0,1.0,12.18,5.0200000000000005,2.51,1.49,0.0,0.0,0.0,6.1000000000000005,0.0,0.2,-0.4,-0.1,-169.60000000000002,0.0,0.0,169.60000000000002,0.0,21.4,29.0,29.0,29.5,300.0,300.0,31.8,35.7,28.9,28.1,30.0,4.95,1.99,4.96,0.16,0.0,0.0,1027.0,8228.0,0.0,0.0,0.0,0.0,0.0,1.0,0.0,0.0,0.0,0.0,0.0,-0.6000000000000001,0.0,0.0,0.0,0.0,16.0,25903.0
2026-07-30T19:02:49.502Z,338.985,339.0,0.0,7.4,0.0,0.0,0.0,0.0,0.0,0.0,0.0,0.0,1.0,0.0,0.0,0.0,9.0,4.0,0.0,0.0,0.0,0.0,0.0,0.0,0.0,0.0,6.0,12.0,1.0,12.18,5.0200000000000005,2.51,1.49,0.0,0.0,0.0,6.0,0.0,-0.2,-0.4,-0.1,-169.60000000000002,0.0,0.0,169.60000000000002,0.0,21.4,29.0,29.0,29.5,300.0,300.0,31.8,35.7,28.9,28.1,30.0,4.95,1.99,4.97,0.16,0.0,0.0,1027.0,8228.0,0.0,0.0,0.0,0.0,0.0,1.0,0.0,0.0,0.0,0.0,0.0,-0.6000000000000001,0.0,0.0,0.0,0.0,16.0,25903.0
2026-07-30T19:02:49.514Z,338.997,339.012,0.0,7.4,0.0,0.0,0.0,0.0,0.0,0.0,0.0,0.0,1.0,0.0,0.0,0.0,9.0,4.0,0.0,0.0,0.0,0.0,0.0,0.0,0.0,0.0,1.0,12.0,1.0,12.18,5.0200000000000005,2.51,1.49,0.0,0.0,0.0,6.0,0.0,0.2,-1.0,-0.7000000000000001,-169.60000000000002,0.0,0.0,169.60000000000002,0.0,21.4,29.0,29.0,29.5,300.0,300.0,31.8,35.7,28.9,28.1,30.0,4.95,1.99,4.96,0.16,0.0,0.0,1027.0,8228.0,0.0,0.0,0.0,0.0,0.0,1.0,0.0,0.0,0.0,0.0,0.0,-1.7000000000000002,0.0,0.4,0.0,0.0,16.0,25903.0
2026-07-30T19:02:49.526Z,339.009,339.024,0.0,7.4,0.0,0.0,0.0,0.0,0.0,0.0,0.0,0.0,1.0,0.0,0.0,0.0,9.0,4.0,0.0,0.0,0.0,0.0,0.0,0.0,0.0,0.0,2.0,12.0,1.0,12.18,5.0200000000000005,2.51,1.49,0.0,0.1,0.0,6.0,0.0,1.4,0.7000000000000001,0.9,-169.60000000000002,0.0,0.0,169.60000000000002,0.0,21.4,29.0,29.0,29.5,300.0,300.0,31.8,35.7,28.9,28.1,30.0,4.96,1.99,4.96,0.16,0.0,0.0,1027.0,8228.0,0.0,0.0,0.0,0.0,0.0,1.0,0.0,0.0,0.0,0.0,0.0,1.5,0.0,-0.7000000000000001,0.0,0.0,16.0,25903.0
2026-07-30T19:02:49.538Z,339.021,339.036,0.0,7.4,0.0,0.0,0.0,0.0,0.0,0.0,0.0,0.0,1.0,0.0,0.0,0.0,9.0,4.0,0.0,0.0,0.0,0.0,0.0,0.0,0.0,0.0,4.0,12.0,1.0,12.14,5.0200000000000005,2.51,1.5,0.0,0.0,0.0,5.9,0.0,0.8,-0.4,-0.7000000000000001,-169.60000000000002,0.0,0.0,169.70000000000002,0.0,21.700000000000003,29.0,29.0,29.5,300.0,300.0,31.9,35.7,28.9,28.1,30.0,4.95,1.99,4.97,0.16,0.0,0.0,1027.0,8228.0,0.0,0.0,0.0,0.0,0.0,1.0,0.0,0.0,0.0,0.0,0.0,-1.0,0.0,0.5,0.0,0.0,16.0,25903.0
2026-07-30T19:02:49.550Z,339.033,339.048,0.0,7.4,0.0,0.0,0.0,0.0,0.0,0.0,0.0,0.0,1.0,0.0,0.0,0.0,9.0,4.0,0.0,0.0,0.0,0.0,0.0,0.0,0.0,0.0,5.0,12.0,1.0,12.14,5.0200000000000005,2.51,1.5,0.0,0.0,0.0,5.9,0.0,0.8,-0.4,-0.1,-169.60000000000002,0.0,0.0,169.60000000000002,0.0,21.700000000000003,29.0,29.0,29.5,300.0,300.0,31.9,35.7,28.9,28.1,30.0,4.96,2.0,4.96,0.16,0.0,0.0,1027.0,8228.0,0.0,0.0,0.0,0.0,0.0,1.0,0.0,0.0,0.0,0.0,0.0,-0.6000000000000001,0.0,0.0,0.0,0.0001,16.0,25903.0
2026-07-30T19:02:49.561Z,339.044,339.06,0.0,7.4,0.0,0.0,0.0,0.0,0.0,0.0,0.0,0.0,1.0,0.0,0.0,0.0,9.0,4.0,0.0,0.0,0.0,0.0,0.0,0.0,0.0,0.0,6.0,12.0,1.0,12.14,5.0200000000000005,2.51,1.5,0.0,0.0,0.0,5.7,0.0,0.3,2.4000000000000004,2.2,-169.60000000000002,0.0,0.0,169.60000000000002,0.0,21.700000000000003,29.0,29.0,29.5,300.0,300.0,31.9,35.7,28.9,28.1,30.0,4.96,1.99,4.96,0.16,0.0,0.0,1027.0,8228.0,0.0,0.0,0.0,0.0,0.0,1.0,0.0,0.0,0.0,0.0,0.0,-1.0,0.0,0.5,0.0,0.0,16.0,25903.0
2026-07-30T19:02:49.573Z,339.056,339.072,0.0,7.4,0.0,0.0,0.0,0.0,0.0,0.0,0.0,0.0,1.0,0.0,0.0,0.0,9.0,4.0,0.0,0.0,0.0,0.0,0.0,0.0,0.0,0.0,1.0,12.0,1.0,12.14,5.0200000000000005,2.51,1.5,0.0,0.0,0.0,5.7,0.0,0.8,1.2000000000000002,-0.7000000000000001,-169.60000000000002,0.0,0.0,169.60000000000002,0.0,21.700000000000003,29.0,29.0,29.5,300.0,300.0,31.9,35.7,28.9,28.1,30.0,4.95,1.99,4.96,0.16,0.0,0.0,1027.0,8228.0,0.0,0.0,0.0,0.0,0.0,1.0,0.0,0.0,0.0,0.0,0.0,0.0,0.0,0.1,0.0,0.0,16.0,25903.0
2026-07-30T19:02:49.586Z,339.069,339.084,0.0,7.4,0.0,0.0,0.0,0.0,0.0,0.0,0.0,0.0,1.0,0.0,0.0,0.0,9.0,4.0,0.0,0.0,0.0,0.0,0.0,0.0,0.0,0.0,3.0,12.0,1.0,12.14,5.0200000000000005,2.51,1.5,0.0,0.0,0.0,5.7,0.0,0.2,-0.4,0.9,-169.60000000000002,0.0,0.0,169.60000000000002,0.0,21.700000000000003,29.0,29.0,29.5,300.0,300.0,31.9,35.7,28.9,28.1,30.0,4.96,1.99,4.97,0.16,0.0,0.0,1027.0,8228.0,0.0,0.0,0.0,0.0,0.0,1.0,0.0,0.0,0.0,0.0,0.0,-1.7000000000000002,0.0,0.4,0.0,0.0,16.0,25903.0
2026-07-30T19:02:49.598Z,339.081,339.096,0.0,7.4,0.0,0.0,0.0,0.0,0.0,0.0,0.0,0.0,1.0,0.0,0.0,0.0,9.0,4.0,0.0,0.0,0.0,0.0,0.0,0.0,0.0,0.0,4.0,12.0,1.0,12.14,5.0200000000000005,2.51,1.5,0.0,0.0,0.0,5.7,0.0,0.8,0.0,1.5,-169.60000000000002,0.0,0.0,169.60000000000002,0.0,21.700000000000003,29.0,29.0,29.5,300.0,300.0,31.9,35.7,28.9,28.1,30.0,4.95,2.0,4.97,0.16,0.0,0.0,1027.0,8228.0,0.0,0.0,0.0,0.0,0.0,1.0,0.0,0.0,0.0,0.0,0.0,1.2000000000000002,0.0,-1.3,0.0,0.0,16.0,25903.0
2026-07-30T19:02:49.610Z,339.093,339.108,0.0,7.4,0.0,0.0,0.0,0.0,0.0,0.0,0.0,0.0,1.0,0.0,0.0,0.0,9.0,4.0,0.0,0.0,0.0,0.0,0.0,0.0,0.0,0.0,5.0,12.0,1.0,12.14,5.0200000000000005,2.51,1.5,0.0,0.0,0.0,5.6000000000000005,0.0,0.2,0.6000000000000001,-0.8,-169.60000000000002,0.0,0.0,169.70000000000002,0.0,21.700000000000003,29.0,29.0,29.5,300.0,300.0,31.9,35.7,28.9,28.1,30.0,4.95,1.99,4.97,0.16,0.0,0.0,1027.0,8228.0,0.0,0.0,0.0,0.0,0.0,1.0,0.0,0.0,0.0,0.0,0.0,0.0,0.0,0.8,0.0,0.0,16.0,25903.0
2026-07-30T19:02:49.622Z,339.105,339.12,0.0,7.4,0.0,0.0,0.0,0.0,0.0,0.0,0.0,0.0,1.0,0.0,0.0,0.0,9.0,4.0,0.0,0.0,0.0,0.0,0.0,0.0,0.0,0.0,6.0,12.0,1.0,12.14,5.0200000000000005,2.51,1.5,0.0,0.0,0.0,5.5,0.0,0.8,1.8,-0.2,-169.60000000000002,0.0,0.0,169.60000000000002,0.0,21.700000000000003,29.0,29.0,29.5,300.0,300.0,31.9,35.7,28.9,28.1,30.0,4.95,1.99,4.97,0.16,0.0,0.0,1027.0,8228.0,0.0,0.0,0.0,0.0,0.0,1.0,0.0,0.0,0.0,0.0,0.0,1.8,0.0,0.5,0.0,0.0,16.0,25903.0
2026-07-30T19:02:49.635Z,339.118,339.132,0.0,7.4,0.0,0.0,0.0,0.0,0.0,0.0,0.0,0.0,1.0,0.0,0.0,0.0,9.0,4.0,0.0,0.0,0.0,0.0,0.0,0.0,0.0,0.0,6.0,12.0,1.0,12.18,5.0200000000000005,2.51,1.49,0.0,0.0,0.0,5.5,0.0,-0.3,0.6000000000000001,-0.1,-169.60000000000002,0.0,0.0,169.60000000000002,0.0,21.200000000000003,29.0,29.0,29.5,300.0,300.0,31.700000000000003,35.7,28.9,28.1,30.0,4.96,1.99,4.96,0.16,0.0,0.0,1027.0,8228.0,0.0,0.0,0.0,0.0,0.0,1.0,0.0,0.0,0.0,0.0,0.0,0.6000000000000001,0.0,0.3,0.0,0.0,16.0,25903.0
2026-07-30T19:02:49.646Z,339.129,339.144,0.0,7.4,0.0,0.0,0.0,0.0,0.0,0.0,0.0,0.0,1.0,0.0,0.0,0.0,9.0,4.0,0.0,0.0,0.0,0.0,0.0,0.0,0.0,0.0,2.0,12.0,1.0,12.18,5.0200000000000005,2.51,1.49,0.0,0.0,0.0,5.4,0.0,-0.8,0.1,0.4,-169.60000000000002,0.0,0.0,169.60000000000002,0.0,21.200000000000003,29.0,29.0,29.5,300.0,300.0,31.700000000000003,35.7,28.9,28.1,30.0,4.95,1.99,4.97,0.16,0.0,0.0,1027.0,8228.0,0.0,0.0,0.0,0.0,0.0,1.0,0.0,0.0,0.0,0.0,0.0,0.4,0.0,-0.3,0.0,0.0,16.0,25903.0
2026-07-30T19:02:49.658Z,339.141,339.156,0.0,7.4,0.0,0.0,0.0,0.0,0.0,0.0,0.0,0.0,1.0,0.0,0.0,0.0,9.0,4.0,0.0,0.0,0.0,0.0,0.0,0.0,0.0,0.0,2.0,12.0,1.0,12.18,5.0200000000000005,2.51,1.49,0.0,0.0,0.0,5.4,0.0,0.3,-0.4,-1.2000000000000002,-169.60000000000002,0.0,0.0,169.60000000000002,0.0,21.200000000000003,29.0,29.0,29.5,300.0,300.0,31.700000000000003,35.7,28.9,28.1,30.0,4.95,2.0,4.97,0.16,0.0,0.0,1027.0,8228.0,0.0,0.0,0.0,0.0,0.0,1.0,0.0,0.0,0.0,0.0,0.0,-1.4,0.0,1.0,0.0,0.0,16.0,25903.0
2026-07-30T19:02:49.670Z,339.153,339.168,0.0,7.4,0.0,0.0,0.0,0.0,0.0,0.0,0.0,0.0,1.0,0.0,0.0,0.0,9.0,4.0,0.0,0.0,0.0,0.0,0.0,0.0,0.0,0.0,4.0,12.0,1.0,12.18,5.0200000000000005,2.51,1.49,0.0,0.0,0.0,5.300000000000001,0.0,-0.2,0.1,-1.3,-169.60000000000002,0.0,0.0,169.60000000000002,0.0,21.200000000000003,29.0,29.0,29.5,300.0,300.0,31.700000000000003,35.7,28.9,28.1,30.0,4.95,2.0,4.97,0.16,0.0,0.0,1027.0,8228.0,0.0,0.0,0.0,0.0,0.0,1.0,0.0,0.0,0.0,0.0,0.0,-0.8,0.0,1.1,0.0,0.0,16.0,25903.0
2026-07-30T19:02:49.682Z,339.165,339.18,0.0,7.4,0.0,0.0,0.0,0.0,0.0,0.0,0.0,0.0,1.0,0.0,0.0,0.0,9.0,4.0,0.0,0.0,0.0,0.0,0.0,0.0,0.0,0.0,4.0,12.0,1.0,12.18,5.0200000000000005,2.51,1.49,0.0,0.1,0.0,5.300000000000001,0.0,-0.8,-0.9,-0.6000000000000001,-169.60000000000002,0.0,0.0,169.60000000000002,0.0,21.200000000000003,29.0,29.0,29.5,300.0,300.0,31.700000000000003,35.7,28.9,28.1,30.0,4.96,2.0,4.96,0.16,0.0,0.0,1027.0,8228.0,0.0,0.0,0.0,0.0,0.0,1.0,0.0,0.0,0.0,0.0,0.0,-1.6,0.0,0.3,0.0,0.0,16.0,25903.0
2026-07-30T19:02:49.694Z,339.177,339.192,0.0,7.4,0.0,0.0,0.0,0.0,0.0,0.0,0.0,0.0,1.0,0.0,0.0,0.0,9.0,4.0,0.0,0.0,0.0,0.0,0.0,0.0,0.0,0.0,6.0,12.0,1.0,12.18,5.0200000000000005,2.51,1.49,0.0,0.0,0.0,5.300000000000001,0.0,-0.2,-0.3,0.5,-169.60000000000002,0.0,0.0,169.60000000000002,0.0,21.200000000000003,29.0,29.0,29.5,300.0,300.0,31.700000000000003,35.7,28.9,28.1,30.0,4.95,1.99,4.97,0.16,0.0,0.0,1027.0,8228.0,0.0,0.0,0.0,0.0,0.0,1.0,0.0,0.0,0.0,0.0,0.0,0.0,0.0,-0.5,0.0,0.0,16.0,25903.0
2026-07-30T19:02:49.706Z,339.189,339.204,0.0,7.4,0.0,0.0,0.0,0.0,0.0,0.0,0.0,0.0,1.0,0.0,0.0,0.0,9.0,4.0,0.0,0.0,0.0,0.0,0.0,0.0,0.0,0.0,6.0,12.0,1.0,12.18,5.0200000000000005,2.51,1.49,0.0,0.0,0.0,5.2,0.0,0.2,0.1,0.0,-169.60000000000002,0.0,0.0,169.60000000000002,0.0,21.200000000000003,29.0,29.0,29.5,300.0,300.0,31.700000000000003,35.7,28.9,28.1,30.0,4.95,1.99,4.96,0.17,0.0,0.0,1027.0,8228.0,0.0,0.0,0.0,0.0,0.0,1.0,0.0,0.0,0.0,0.0,0.0,0.1,0.0,0.0,0.0,0.0,16.0,25903.0
2026-07-30T19:02:49.718Z,339.201,339.216,0.0,7.4,0.0,0.0,0.0,0.0,0.0,0.0,0.0,0.0,1.0,0.0,0.0,0.0,9.0,4.0,0.0,0.0,0.0,0.0,0.0,0.0,0.0,0.0,2.0,12.0,1.0,12.18,5.0200000000000005,2.51,1.49,0.0,0.0,0.0,5.2,0.0,0.2,-0.3,0.5,-169.60000000000002,0.0,0.0,169.60000000000002,0.0,21.200000000000003,29.0,29.0,29.5,300.0,300.0,31.700000000000003,35.7,28.9,28.1,30.0,4.96,1.99,4.96,0.16,0.0,0.0,1027.0,8228.0,0.0,0.0,0.0,0.0,0.0,1.0,0.0,0.0,0.0,0.0,0.0,0.0,0.0,-0.5,0.0,0.0,16.0,25903.0
2026-07-30T19:02:49.730Z,339.213,339.228,0.0,7.4,0.0,0.0,0.0,0.0,0.0,0.0,0.0,0.0,1.0,0.0,0.0,0.0,9.0,4.0,0.0,0.0,0.0,0.0,0.0,0.0,0.0,0.0,3.0,12.0,1.0,12.18,5.0200000000000005,2.51,1.49,0.0,0.0,0.0,5.1000000000000005,0.0,-0.3,0.2,-0.6000000000000001,-169.60000000000002,0.0,0.0,169.60000000000002,0.0,21.200000000000003,29.0,29.0,29.5,300.0,300.0,31.700000000000003,35.7,28.9,28.1,30.0,4.95,1.99,4.96,0.16,0.0,0.0,1027.0,8228.0,0.0,0.0,0.0,0.0,0.0,1.0,0.0,0.0,0.0,0.0,0.0,-0.2,0.0,0.5,0.0,0.0,16.0,25903.0
2026-07-30T19:02:49.741Z,339.224,339.24,0.0,7.4,0.0,0.0,0.0,0.0,0.0,0.0,0.0,0.0,1.0,0.0,0.0,0.0,9.0,4.0,0.0,0.0,0.0,0.0,0.0,0.0,0.0,0.0,4.0,12.0,1.0,12.17,5.0200000000000005,2.51,1.49,0.0,0.0,0.0,5.1000000000000005,0.0,0.2,-0.9,-1.2000000000000002,-169.60000000000002,0.0,0.0,169.60000000000002,0.0,21.3,29.0,29.0,29.5,300.0,300.0,31.6,35.800000000000004,28.9,28.1,30.0,4.94,1.99,4.97,0.16,0.0,0.0,1027.0,8228.0,0.0,0.0,0.0,0.0,0.0,1.0,0.0,0.0,0.0,0.0,0.0,-2.0,0.0,0.8,0.0,0.0,16.0,25903.0
2026-07-30T19:02:49.754Z,339.237,339.252,0.0,7.4,0.0,0.0,0.0,0.0,0.0,0.0,0.0,0.0,1.0,0.0,0.0,0.0,9.0,4.0,0.0,0.0,0.0,0.0,0.0,0.0,0.0,0.0,5.0,12.0,1.0,12.17,5.0200000000000005,2.51,1.49,0.0,0.0,0.0,5.1000000000000005,0.0,-0.8,0.1,-0.6000000000000001,-169.60000000000002,0.0,0.0,169.60000000000002,0.0,21.3,29.0,29.0,29.5,300.0,300.0,31.6,35.800000000000004,28.9,28.1,30.0,4.94,2.0,4.96,0.16,0.0,0.0,1027.0,8228.0,0.0,0.0,0.0,0.0,0.0,1.0,0.0,0.0,0.0,0.0,0.0,-0.3,0.0,0.5,0.0,0.0,16.0,25903.0
2026-07-30T19:02:49.766Z,339.249,339.264,0.0,7.4,0.0,0.0,0.0,0.0,0.0,0.0,0.0,0.0,1.0,0.0,0.0,0.0,9.0,4.0,0.0,0.0,0.0,0.0,0.0,0.0,0.0,0.0,1.0,12.0,1.0,12.17,5.0200000000000005,2.51,1.49,0.0,0.0,0.0,5.0,0.0,0.2,0.7000000000000001,-1.2000000000000002,-169.60000000000002,0.0,0.0,169.60000000000002,0.0,21.3,29.0,29.0,29.5,300.0,300.0,31.6,35.800000000000004,28.9,28.1,30.0,4.96,1.99,4.96,0.16,0.0,0.0,1027.0,8228.0,0.0,0.0,0.0,0.0,0.0,1.0,0.0,0.0,0.0,0.0,0.0,0.0,0.0,1.2000000000000002,0.0,0.0,16.0,25903.0
2026-07-30T19:02:49.778Z,339.261,339.276,0.0,7.4,0.0,0.0,0.0,0.0,0.0,0.0,0.0,0.0,1.0,0.0,0.0,0.0,9.0,4.0,0.0,0.0,0.0,0.0,0.0,0.0,0.0,0.0,2.0,12.0,1.0,12.17,5.0200000000000005,2.51,1.49,0.0,0.0,0.0,5.0,0.0,0.8,0.1,1.0,-169.60000000000002,0.0,0.0,169.60000000000002,0.0,21.3,29.0,29.0,29.5,300.0,300.0,31.6,35.800000000000004,28.9,28.1,30.0,4.95,1.99,4.97,0.16,0.0,0.0,1027.0,8228.0,0.0,0.0,0.0,0.0,0.0,1.0,0.0,0.0,0.0,0.0,0.0,0.9,0.0,-0.9,0.0,0.0,16.0,25903.0
2026-07-30T19:02:49.790Z,339.273,339.288,0.0,7.4,0.0,0.0,0.0,0.0,0.0,0.0,0.0,0.0,1.0,0.0,0.0,0.0,9.0,4.0,0.0,0.0,0.0,0.0,0.0,0.0,0.0,0.0,4.0,12.0,1.0,12.17,5.0200000000000005,2.51,1.49,0.0,0.0,0.0,4.9,0.0,-0.3,-1.0,-0.6000000000000001,-169.60000000000002,0.0,0.0,169.60000000000002,0.0,21.3,29.0,29.0,29.5,300.0,300.0,31.6,35.800000000000004,28.9,28.1,30.0,4.96,1.99,4.97,0.16,0.0,0.0,1027.0,8228.0,0.0,0.0,0.0,0.0,0.0,1.0,0.0,0.0,0.0,0.0,0.0,-1.6,0.0,0.3,0.0,0.0,16.0,25903.0
2026-07-30T19:02:49.802Z,339.285,339.3,0.0,7.4,0.0,0.0,0.0,0.0,0.0,0.0,0.0,0.0,1.0,0.0,0.0,0.0,9.0,4.0,0.0,0.0,0.0,0.0,0.0,0.0,0.0,0.0,5.0,12.0,1.0,12.17,5.0200000000000005,2.51,1.49,0.0,0.0,0.0,4.800000000000001,0.0,0.2,0.0,0.4,-169.60000000000002,0.0,0.0,169.60000000000002,0.0,21.3,29.0,29.0,29.5,300.0,300.0,31.6,35.800000000000004,28.9,28.1,30.0,4.96,2.0,4.96,0.16,0.0,0.0,1027.0,8228.0,0.0,0.0,0.0,0.0,0.0,1.0,0.0,0.0,0.0,0.0,0.0,0.4,0.0,-0.3,0.0,0.0,16.0,25903.0
2026-07-30T19:02:49.814Z,339.297,339.312,0.0,7.4,0.0,0.0,0.0,0.0,0.0,0.0,0.0,0.0,1.0,0.0,0.0,0.0,9.0,4.0,0.0,0.0,0.0,0.0,0.0,0.0,0.0,0.0,1.0,12.0,1.0,12.17,5.0200000000000005,2.51,1.49,0.0,0.0,0.0,4.800000000000001,0.0,0.3,0.0,-0.1,-169.60000000000002,0.0,0.0,169.60000000000002,0.0,21.3,29.0,29.0,29.5,300.0,300.0,31.6,35.800000000000004,28.9,28.1,30.0,4.96,1.99,4.96,0.16,0.0,0.0,1027.0,8228.0,0.0,0.0,0.0,0.0,0.0,1.0,0.0,0.0,0.0,0.0,0.0,0.0,0.0,0.1,0.0,0.0,16.0,25903.0
2026-07-30T19:02:49.826Z,339.309,339.324,0.0,7.4,0.0,0.0,0.0,0.0,0.0,0.0,0.0,0.0,1.0,0.0,0.0,0.0,9.0,4.0,0.0,0.0,0.0,0.0,0.0,0.0,0.0,0.0,2.0,12.0,1.0,12.17,5.0200000000000005,2.51,1.49,0.0,0.0,0.0,4.800000000000001,0.0,0.8,0.6000000000000001,-0.7000000000000001,-169.60000000000002,0.0,0.0,169.60000000000002,0.0,21.3,29.0,29.0,29.5,300.0,300.0,31.6,35.800000000000004,28.9,28.1,30.0,4.95,1.99,4.97,0.16,0.0,0.0,1027.0,8228.0,0.0,0.0,0.0,0.0,0.0,1.0,0.0,0.0,0.0,0.0,0.0,0.2,0.0,0.7000000000000001,0.0,0.0,16.0,25903.0
2026-07-30T19:02:49.839Z,339.322,339.336,0.0,7.4,0.0,0.0,0.0,0.0,0.0,0.0,0.0,0.0,1.0,0.0,0.0,0.0,9.0,4.0,0.0,0.0,0.0,0.0,0.0,0.0,0.0,0.0,3.0,12.0,1.0,12.15,5.01,2.5,1.49,0.0,0.0,0.0,4.800000000000001,0.0,-0.3,0.0,0.4,-169.60000000000002,0.0,0.0,169.70000000000002,0.0,21.700000000000003,29.0,29.0,29.5,300.0,300.0,31.700000000000003,35.800000000000004,28.9,28.1,30.0,4.96,1.99,4.96,0.16,0.0,0.0,1027.0,8228.0,0.0,0.0,0.0,0.0,0.0,1.0,0.0,0.0,0.0,0.0,0.0,0.3,0.0,-0.3,0.0,0.0,16.0,25903.0
2026-07-30T19:02:49.850Z,339.333,339.348,0.0,7.4,0.0,0.0,0.0,0.0,0.0,0.0,0.0,0.0,1.0,0.0,0.0,0.0,9.0,4.0,0.0,0.0,0.0,0.0,0.0,0.0,0.0,0.0,5.0,12.0,1.0,12.15,5.01,2.5,1.49,0.0,0.0,0.0,4.7,0.0,-0.9,0.0,-0.1,-169.60000000000002,0.0,0.0,169.60000000000002,0.0,21.700000000000003,29.0,29.0,29.5,300.0,300.0,31.700000000000003,35.800000000000004,28.9,28.1,30.0,4.96,1.99,4.97,0.16,0.0,0.0,1027.0,8228.0,0.0,0.0,0.0,0.0,0.0,1.0,0.0,0.0,0.0,0.0,0.0,0.0,0.0,0.1,0.0,0.0,16.0,25903.0
2026-07-30T19:02:49.862Z,339.345,339.36,0.0,7.4,0.0,0.0,0.0,0.0,0.0,0.0,0.0,0.0,1.0,0.0,0.0,0.0,9.0,4.0,0.0,0.0,0.0,0.0,0.0,0.0,0.0,0.0,1.0,12.0,1.0,12.15,5.01,2.5,1.49,0.0,0.1,0.0,4.800000000000001,0.0,-0.3,0.0,-0.1,-169.60000000000002,0.0,0.0,169.60000000000002,0.0,21.700000000000003,29.0,29.0,29.5,300.0,300.0,31.700000000000003,35.800000000000004,28.9,28.1,30.0,4.95,1.99,4.97,0.16,0.0,0.0,1027.0,8228.0,0.0,0.0,0.0,0.0,0.0,1.0,0.0,0.0,0.0,0.0,0.0,0.0,0.0,0.1,0.0,0.0,16.0,25903.0
2026-07-30T19:02:49.873Z,339.356,339.372,0.0,7.4,0.0,0.0,0.0,0.0,0.0,0.0,0.0,0.0,1.0,0.0,0.0,0.0,9.0,4.0,0.0,0.0,0.0,0.0,0.0,0.0,0.0,0.0,2.0,12.0,1.0,12.15,5.01,2.5,1.49,0.0,0.0,0.0,4.7,0.0,-0.3,0.6000000000000001,-0.1,-169.60000000000002,0.0,0.0,169.70000000000002,0.0,21.700000000000003,29.0,29.0,29.5,300.0,300.0,31.700000000000003,35.800000000000004,28.9,28.1,30.0,4.96,1.99,4.96,0.16,0.0,0.0,1027.0,8228.0,0.0,0.0,0.0,0.0,0.0,1.0,0.0,0.0,0.0,0.0,0.0,0.5,0.0,0.2,0.0,0.0,16.0,25903.0
2026-07-30T19:02:49.886Z,339.369,339.384,0.0,7.4,0.0,0.0,0.0,0.0,0.0,0.0,0.0,0.0,1.0,0.0,0.0,0.0,9.0,4.0,0.0,0.0,0.0,0.0,0.0,0.0,0.0,0.0,3.0,12.0,1.0,12.15,5.01,2.5,1.49,0.0,0.0,0.0,4.6000000000000005,0.0,0.2,0.0,0.4,-169.60000000000002,0.0,0.0,169.60000000000002,0.0,21.700000000000003,29.0,29.0,29.5,300.0,300.0,31.700000000000003,35.800000000000004,28.9,28.1,30.0,4.96,1.99,4.96,0.16,0.0,0.0,1027.0,8228.0,0.0,0.0,0.0,0.0,0.0,1.0,0.0,0.0,0.0,0.0,0.0,0.3,0.0,-0.3,0.0,0.0,16.0,25903.0
2026-07-30T19:02:49.897Z,339.38,339.396,0.0,7.4,0.0,0.0,0.0,0.0,0.0,0.0,0.0,0.0,1.0,0.0,0.0,0.0,9.0,4.0,0.0,0.0,0.0,0.0,0.0,0.0,0.0,0.0,5.0,12.0,1.0,12.15,5.01,2.5,1.49,0.0,0.0,0.0,4.6000000000000005,0.0,0.2,1.2000000000000002,1.6,-169.60000000000002,0.0,0.0,169.60000000000002,0.0,21.700000000000003,29.0,29.0,29.5,300.0,300.0,31.700000000000003,35.800000000000004,28.9,28.1,30.0,4.96,1.99,4.97,0.16,0.0,0.0,1027.0,8228.0,0.0,0.0,0.0,0.0,0.0,1.0,0.0,0.0,0.0,0.0,0.0,2.5,0.0,-1.1,0.0,0.0,16.0,25903.0
2026-07-30T19:02:49.910Z,339.393,339.408,0.0,7.4,0.0,0.0,0.0,0.0,0.0,0.0,0.0,0.0,1.0,0.0,0.0,0.0,9.0,4.0,0.0,0.0,0.0,0.0,0.0,0.0,0.0,0.0,6.0,12.0,1.0,12.15,5.01,2.5,1.49,0.0,0.0,0.0,4.6000000000000005,0.0,-0.3,-0.5,-0.7000000000000001,-169.60000000000002,0.0,0.0,169.70000000000002,0.0,21.700000000000003,29.0,29.0,29.5,300.0,300.0,31.700000000000003,35.800000000000004,28.9,28.1,30.0,4.95,1.99,4.97,0.16,0.0,0.0,1027.0,8228.0,0.0,0.0,0.0,0.0,0.0,1.0,0.0,0.0,0.0,0.0,0.0,-1.1,0.0,0.5,0.0,0.0,16.0,25903.0
2026-07-30T19:02:49.922Z,339.405,339.42,0.0,7.4,0.0,0.0,0.0,0.0,0.0,0.0,0.0,0.0,1.0,0.0,0.0,0.0,9.0,4.0,0.0,0.0,0.0,0.0,0.0,0.0,0.0,0.0,2.0,12.0,1.0,12.15,5.01,2.5,1.49,0.0,0.0,0.0,4.5,0.0,0.8,0.6000000000000001,0.4,-169.60000000000002,0.0,0.0,169.60000000000002,0.0,21.700000000000003,29.0,29.0,29.5,300.0,300.0,31.700000000000003,35.800000000000004,28.9,28.1,30.0,4.95,1.99,4.96,0.16,0.0,0.0,1027.0,8228.0,0.0,0.0,0.0,0.0,0.0,1.0,0.0,0.0,0.0,0.0,0.0,1.1,0.0,-0.2,0.0,0.0,16.0,25903.0
2026-07-30T19:02:49.934Z,339.417,339.432,0.0,7.4,0.0,0.0,0.0,0.0,0.0,0.0,0.0,0.0,1.0,0.0,0.0,0.0,9.0,4.0,0.0,0.0,0.0,0.0,0.0,0.0,0.0,0.0,3.0,12.0,1.0,12.15,5.01,2.5,1.49,0.0,0.1,0.0,4.5,0.0,0.2,-0.5,1.5,-169.60000000000002,0.0,0.0,169.60000000000002,0.0,21.700000000000003,29.0,29.0,29.5,300.0,300.0,31.700000000000003,35.800000000000004,28.9,28.1,30.0,4.95,1.99,4.97,0.16,0.0,0.0,1027.0,8228.0,0.0,0.0,0.0,0.0,0.0,1.0,0.0,0.0,0.0,0.0,0.0,0.5,0.0,-1.4,0.0,0.0,16.0,25903.0
2026-07-30T19:02:49.946Z,339.429,339.444,0.0,7.4,0.0,0.0,0.0,0.0,0.0,0.0,0.0,0.0,1.0,0.0,0.0,0.0,9.0,4.0,0.0,0.0,0.0,0.0,0.0,0.0,0.0,0.0,4.0,12.0,1.0,12.11,5.0200000000000005,2.51,1.49,0.0,0.0,0.0,4.5,0.0,-0.3,1.2000000000000002,1.0,-169.60000000000002,0.0,0.0,169.60000000000002,0.0,21.3,29.0,29.0,29.5,300.0,300.0,31.6,35.7,28.9,28.1,30.0,4.95,1.99,4.96,0.16,0.0,0.0,1027.0,8228.0,0.0,0.0,0.0,0.0,0.0,1.0,0.0,0.0,0.0,0.0,0.0,2.1,0.0,-0.6000000000000001,0.0,0.0,16.0,25903.0
2026-07-30T19:02:49.958Z,339.441,339.456,0.0,7.4,0.0,0.0,0.0,0.0,0.0,0.0,0.0,0.0,1.0,0.0,0.0,0.0,9.0,4.0,0.0,0.0,0.0,0.0,0.0,0.0,0.0,0.0,6.0,12.0,1.0,12.11,5.0200000000000005,2.51,1.49,0.0,0.0,0.0,4.4,0.0,0.3,0.0,-0.1,-169.60000000000002,0.0,0.0,169.60000000000002,0.0,21.3,29.0,29.0,29.5,300.0,300.0,31.6,35.7,28.9,28.1,30.0,4.96,1.99,4.96,0.16,0.0,0.0,1027.0,8228.0,0.0,0.0,0.0,0.0,0.0,1.0,0.0,0.0,0.0,0.0,0.0,0.0,0.0,0.1,0.0,0.0,16.0,25903.0
2026-07-30T19:02:49.970Z,339.453,339.468,0.0,7.4,0.0,0.0,0.0,0.0,0.0,0.0,0.0,0.0,1.0,0.0,0.0,0.0,9.0,4.0,0.0,0.0,0.0,0.0,0.0,0.0,0.0,0.0,6.0,12.0,1.0,12.11,5.0200000000000005,2.51,1.49,0.0,0.0,0.0,4.4,0.0,0.8,-0.4,-0.7000000000000001,-169.60000000000002,0.0,0.0,169.60000000000002,0.0,21.3,29.0,29.0,29.5,300.0,300.0,31.6,35.7,28.9,28.1,30.0,4.96,1.99,4.96,0.16,0.0,0.0,1027.0,8228.0,0.0,0.0,0.0,0.0,0.0,1.0,0.0,0.0,0.0,0.0,0.0,-1.0,0.0,0.5,0.0,0.0,16.0,25903.0
2026-07-30T19:02:49.982Z,339.465,339.48,0.0,7.4,0.0,0.0,0.0,0.0,0.0,0.0,0.0,0.0,1.0,0.0,0.0,0.0,9.0,4.0,0.0,0.0,0.0,0.0,0.0,0.0,0.0,0.0,1.0,12.0,1.0,12.11,5.0200000000000005,2.51,1.49,-0.1,0.1,0.0,4.4,0.0,0.9,0.1,1.1,-169.60000000000002,0.0,0.0,169.60000000000002,0.0,21.3,29.0,29.0,29.5,300.0,300.0,31.6,35.7,28.9,28.1,30.0,4.95,1.99,4.97,0.16,0.0,0.0,1027.0,8228.0,0.0,0.0,0.0,0.0,0.0,1.0,0.0,0.0,0.0,0.0,0.0,0.9,0.0,-0.9,0.0,0.0,16.0,25903.0
2026-07-30T19:02:49.994Z,339.477,339.492,0.0,7.4,0.0,0.0,0.0,0.0,0.0,0.0,0.0,0.0,1.0,0.0,0.0,0.0,9.0,4.0,0.0,0.0,0.0,0.0,0.0,0.0,0.0,0.0,2.0,12.0,1.0,12.11,5.0200000000000005,2.51,1.49,0.0,0.0,0.0,4.3,0.0,0.3,1.2000000000000002,0.0,-169.60000000000002,0.0,0.0,169.60000000000002,0.0,21.3,29.0,29.0,29.5,300.0,300.0,31.6,35.7,28.9,28.1,30.0,4.95,1.99,4.96,0.16,0.0,0.0,1027.0,8228.0,0.0,0.0,0.0,0.0,0.0,1.0,0.0,0.0,0.0,0.0,0.0,1.3,0.0,0.3,0.0,0.0,16.0,25903.0
2026-07-30T19:02:50.006Z,339.489,339.504,0.0,7.4,0.0,0.0,0.0,0.0,0.0,0.0,0.0,0.0,1.0,0.0,0.0,0.0,9.0,4.0,0.0,0.0,0.0,0.0,0.0,0.0,0.0,0.0,4.0,12.0,1.0,12.11,5.0200000000000005,2.51,1.49,0.0,0.0,0.0,4.3,0.0,0.3,0.1,1.6,-169.60000000000002,0.0,0.0,169.60000000000002,0.0,21.3,29.0,29.0,29.5,300.0,300.0,31.6,35.7,28.9,28.1,30.0,4.96,1.99,4.96,0.16,0.0,0.0,1027.0,8228.0,0.0,0.0,0.0,0.0,0.0,1.0,0.0,0.0,0.0,0.0,0.0,1.3,0.0,-1.4,0.0,0.0,16.0,25903.0
2026-07-30T19:02:50.018Z,339.501,339.516,0.0,7.4,0.0,0.0,0.0,0.0,0.0,0.0,0.0,0.0,1.0,0.0,0.0,0.0,9.0,4.0,0.0,0.0,0.0,0.0,0.0,0.0,0.0,0.0,6.0,12.0,1.0,12.11,5.0200000000000005,2.51,1.49,0.0,0.0,0.0,4.3,0.0,-0.2,-0.4,-0.6000000000000001,-169.60000000000002,0.0,0.0,169.60000000000002,0.0,21.3,29.0,29.0,29.5,300.0,300.0,31.6,35.7,28.9,28.1,30.0,4.95,1.99,4.97,0.16,0.0,0.0,1027.0,8228.0,0.0,0.0,0.0,0.0,0.0,1.0,0.0,0.0,0.0,0.0,0.0,-1.0,0.0,0.5,0.0,0.0,16.0,25903.0
2026-07-30T19:02:50.030Z,339.513,339.528,0.0,7.4,0.0,0.0,0.0,0.0,0.0,0.0,0.0,0.0,1.0,0.0,0.0,0.0,9.0,4.0,0.0,0.0,0.0,0.0,0.0,0.0,0.0,0.0,1.0,12.0,1.0,12.11,5.0200000000000005,2.51,1.49,0.0,0.0,0.0,4.3,0.0,-0.3,-1.5,-1.2000000000000002,-169.60000000000002,0.0,0.0,169.60000000000002,0.0,21.3,29.0,29.0,29.5,300.0,300.0,31.6,35.7,28.9,28.1,30.0,4.96,1.99,4.96,0.16,0.0,0.0,1027.0,8228.0,0.0,0.0,0.0,0.0,0.0,1.0,0.0,0.0,0.0,0.0,0.0,-2.7,0.0,0.7000000000000001,0.0,0.0,16.0,25903.0
2026-07-30T19:02:50.043Z,339.526,339.54,0.0,7.4,0.0,0.0,0.0,0.0,0.0,0.0,0.0,0.0,1.0,0.0,0.0,0.0,9.0,4.0,0.0,0.0,0.0,0.0,0.0,0.0,0.0,0.0,2.0,12.0,1.0,12.17,5.01,2.5,1.49,0.0,0.0,0.0,4.2,0.0,0.8,-0.4,-0.6000000000000001,-169.60000000000002,0.0,0.0,169.60000000000002,0.0,21.4,29.0,29.0,29.5,300.0,300.0,31.700000000000003,35.800000000000004,28.9,28.1,30.0,4.96,1.99,4.96,0.16,0.0,0.0,1027.0,8228.0,0.0,0.0,0.0,0.0,0.0,1.0,0.0,0.0,0.0,0.0,0.0,-0.9,0.0,0.5,0.0,0.0,16.0,25903.0
2026-07-30T19:02:50.054Z,339.537,339.552,0.0,7.4,0.0,0.0,0.0,0.0,0.0,0.0,0.0,0.0,1.0,0.0,0.0,0.0,9.0,4.0,0.0,0.0,0.0,0.0,0.0,0.0,0.0,0.0,4.0,12.0,1.0,12.17,5.01,2.5,1.49,0.0,0.0,0.0,4.2,0.0,0.3,0.1,1.0,-169.60000000000002,0.0,0.0,169.60000000000002,0.0,21.4,29.0,29.0,29.5,300.0,300.0,31.700000000000003,35.800000000000004,28.9,28.1,30.0,4.95,1.99,4.96,0.16,0.0,0.0,1027.0,8228.0,0.0,0.0,0.0,0.0,0.0,1.0,0.0,0.0,0.0,0.0,0.0,1.0,0.0,-0.9,0.0,0.0,16.0,25903.0
2026-07-30T19:02:50.066Z,339.549,339.564,0.0,7.4,0.0,0.0,0.0,0.0,0.0,0.0,0.0,0.0,1.0,0.0,0.0,0.0,9.0,4.0,0.0,0.0,0.0,0.0,0.0,0.0,0.0,0.0,5.0,12.0,1.0,12.17,5.01,2.5,1.49,0.0,0.1,0.0,4.2,0.0,0.3,0.1,1.0,-169.60000000000002,0.0,0.0,169.60000000000002,0.0,21.4,29.0,29.0,29.5,300.0,300.0,31.700000000000003,35.800000000000004,28.9,28.1,30.0,4.95,1.99,4.97,0.16,0.0,0.0,1027.0,8228.0,0.0,0.0,0.0,0.0,0.0,1.0,0.0,0.0,0.0,0.0,0.0,0.9,0.0,0.0,0.0,0.0,16.0,25903.0
2026-07-30T19:02:50.078Z,339.561,339.576,0.0,7.4,0.0,0.0,0.0,0.0,0.0,0.0,0.0,0.0,1.0,0.0,0.0,0.0,9.0,4.0,0.0,0.0,0.0,0.0,0.0,0.0,0.0,0.0,6.0,12.0,1.0,12.17,5.01,2.5,1.49,0.0,0.0,0.0,4.2,0.0,-0.3,-1.6,-1.9,-169.60000000000002,0.0,0.0,169.60000000000002,0.0,21.4,29.0,29.0,29.5,300.0,300.0,31.700000000000003,35.800000000000004,28.9,28.1,30.0,4.96,1.99,4.96,0.16,0.0,0.0,1027.0,8228.0,0.0,0.0,0.0,0.0,0.0,1.0,0.0,0.0,0.0,0.0,0.0,-0.6000000000000001,0.0,0.0,0.0,0.0,16.0,25903.0
2026-07-30T19:02:50.090Z,339.573,339.588,0.0,7.4,0.0,0.0,0.0,0.0,0.0,0.0,0.0,0.0,1.0,0.0,0.0,0.0,9.0,4.0,0.0,0.0,0.0,0.0,0.0,0.0,0.0,0.0,2.0,12.0,1.0,12.17,5.01,2.5,1.49,0.0,0.0,0.0,4.2,0.0,0.2,1.3,0.4,-169.60000000000002,0.0,0.0,169.60000000000002,0.0,21.4,29.0,29.0,29.5,300.0,300.0,31.700000000000003,35.800000000000004,28.9,28.1,30.0,4.96,1.99,4.97,0.16,0.0,0.0,1027.0,8228.0,0.0,0.0,0.0,0.0,0.0,1.0,0.0,0.0,0.0,0.0,0.0,1.1,0.0,-0.2,0.0,0.0,16.0,25903.0
2026-07-30T19:02:50.102Z,339.585,339.6,0.0,7.4,0.0,0.0,0.0,0.0,0.0,0.0,0.0,0.0,1.0,0.0,0.0,0.0,9.0,4.0,0.0,0.0,0.0,0.0,0.0,0.0,0.0,0.0,3.0,12.0,1.0,12.17,5.01,2.5,1.49,0.0,0.0,0.0,4.1000000000000005,0.0,0.2,0.6000000000000001,-0.7000000000000001,-169.60000000000002,0.0,0.0,169.60000000000002,0.0,21.4,29.0,29.0,29.5,300.0,300.0,31.700000000000003,35.800000000000004,28.9,28.1,30.0,4.95,1.99,4.97,0.16,0.0,0.0,1027.0,8228.0,0.0,0.0,0.0,0.0,0.0,1.0,0.0,0.0,0.0,0.0,0.0,-2.1,0.0,0.9,0.0,0.0,16.0,25903.0
2026-07-30T19:02:50.114Z,339.597,339.612,0.0,7.4,0.0,0.0,0.0,0.0,0.0,0.0,0.0,0.0,1.0,0.0,0.0,0.0,9.0,4.0,0.0,0.0,0.0,0.0,0.0,0.0,0.0,0.0,5.0,12.0,1.0,12.17,5.01,2.5,1.49,0.0,0.0,0.0,4.1000000000000005,0.0,0.8,0.1,-0.7000000000000001,-169.60000000000002,0.0,0.0,169.60000000000002,0.0,21.4,29.0,29.0,29.5,300.0,300.0,31.700000000000003,35.800000000000004,28.9,28.1,30.0,4.96,1.99,4.96,0.16,0.0,0.0,1027.0,8228.0,0.0,0.0,0.0,0.0,0.0,1.0,0.0,0.0,0.0,0.0,0.0,-0.4,0.0,0.6000000000000001,0.0,0.0,16.0,25903.0
2026-07-30T19:02:50.126Z,339.609,339.624,0.0,7.4,0.0,0.0,0.0,0.0,0.0,0.0,0.0,0.0,1.0,0.0,0.0,0.0,9.0,4.0,0.0,0.0,0.0,0.0,0.0,0.0,0.0,0.0,6.0,12.0,1.0,12.17,5.01,2.5,1.49,0.0,0.0,0.0,4.0,0.0,0.2,0.7000000000000001,-0.2,-169.60000000000002,0.0,0.0,169.60000000000002,0.0,21.4,29.0,29.0,29.5,300.0,300.0,31.700000000000003,35.800000000000004,28.9,28.1,30.0,4.96,1.99,4.97,0.16,0.0,0.0,1027.0,8228.0,0.0,0.0,0.0,0.0,0.0,1.0,0.0,0.0,0.0,0.0,0.0,0.6000000000000001,0.0,0.3,0.0,0.0,16.0,25903.0
2026-07-30T19:02:50.138Z,339.621,339.636,0.0,7.4,0.0,0.0,0.0,0.0,0.0,0.0,0.0,0.0,1.0,0.0,0.0,0.0,9.0,4.0,0.0,0.0,0.0,0.0,0.0,0.0,0.0,0.0,1.0,12.0,1.0,12.17,5.01,2.5,1.49,0.0,0.1,0.0,4.0,0.0,0.3,0.1,0.9,-169.60000000000002,0.0,0.0,169.70000000000002,0.0,21.4,29.0,29.0,29.5,300.0,300.0,31.700000000000003,35.800000000000004,28.9,28.1,30.0,4.96,1.99,4.96,0.16,0.0,0.0,1027.0,8228.0,0.0,0.0,0.0,0.0,0.0,1.0,0.0,0.0,0.0,0.0,0.0,0.8,0.0,-0.8,0.0,0.0,16.0,25903.0
2026-07-30T19:02:50.150Z,339.633,339.648,0.0,7.4,0.0,0.0,0.0,0.0,0.0,0.0,0.0,0.0,1.0,0.0,0.0,0.0,9.0,4.0,0.0,0.0,0.0,0.0,0.0,0.0,0.0,0.0,3.0,12.0,1.0,12.17,5.0200000000000005,2.51,1.49,0.0,0.0,0.0,4.0,0.0,-0.2,0.1,1.5,-169.60000000000002,0.0,0.0,169.70000000000002,0.0,21.3,29.0,29.0,29.5,300.0,300.0,31.8,35.800000000000004,28.9,28.1,30.0,4.96,1.99,4.96,0.16,0.0,0.0,1027.0,8228.0,0.0,0.0,0.0,0.0,0.0,1.0,0.0,0.0,0.0,0.0,0.0,1.2000000000000002,0.0,-1.3,0.0,0.0,16.0,25903.0
2026-07-30T19:02:50.162Z,339.645,339.66,0.0,7.4,0.0,0.0,0.0,0.0,0.0,0.0,0.0,0.0,1.0,0.0,0.0,0.0,9.0,4.0,0.0,0.0,0.0,0.0,0.0,0.0,0.0,0.0,5.0,12.0,1.0,12.17,5.0200000000000005,2.51,1.49,0.0,0.1,0.0,4.0,0.0,0.9,0.1,-0.7000000000000001,-169.60000000000002,0.0,0.0,169.60000000000002,0.0,21.3,29.0,29.0,29.5,300.0,300.0,31.8,35.800000000000004,28.9,28.1,30.0,4.96,1.99,4.97,0.16,0.0,0.0,1027.0,8228.0,0.0,0.0,0.0,0.0,0.0,1.0,0.0,0.0,0.0,0.0,0.0,-0.4,0.0,0.6000000000000001,0.0,0.0001,16.0,25903.0
2026-07-30T19:02:50.174Z,339.657,339.672,0.0,7.4,0.0,0.0,0.0,0.0,0.0,0.0,0.0,0.0,1.0,0.0,0.0,0.0,9.0,4.0,0.0,0.0,0.0,0.0,0.0,0.0,0.0,0.0,6.0,12.0,1.0,12.17,5.0200000000000005,2.51,1.49,0.0,0.0,0.0,4.0,0.0,0.3,-1.6,0.4,-169.60000000000002,0.0,0.0,169.60000000000002,0.0,21.3,29.0,29.0,29.5,300.0,300.0,31.8,35.800000000000004,28.9,28.1,30.0,4.95,1.99,4.97,0.16,0.0,0.0,1027.0,8228.0,0.0,0.0,0.0,0.0,0.0,1.0,0.0,0.0,0.0,0.0,0.0,-1.5,0.0,-0.7000000000000001,0.0,0.0,16.0,25903.0
2026-07-30T19:02:50.186Z,339.669,339.684,0.0,7.4,0.0,0.0,0.0,0.0,0.0,0.0,0.0,0.0,1.0,0.0,0.0,0.0,9.0,4.0,0.0,0.0,0.0,0.0,0.0,0.0,0.0,0.0,1.0,12.0,1.0,12.17,5.0200000000000005,2.51,1.49,0.0,0.0,0.0,4.0,0.0,-0.2,0.1,-0.1,-169.60000000000002,0.0,0.0,169.60000000000002,0.0,21.3,29.0,29.0,29.5,300.0,300.0,31.8,35.800000000000004,28.9,28.1,30.0,4.95,1.99,4.96,0.16,0.0,0.0,1027.0,8228.0,0.0,0.0,0.0,0.0,0.0,1.0,0.0,0.0,0.0,0.0,0.0,0.0,0.0,0.1,0.0,0.0,16.0,25903.0
2026-07-30T19:02:50.198Z,339.681,339.696,0.0,7.4,0.0,0.0,0.0,0.0,0.0,0.0,0.0,0.0,1.0,0.0,0.0,0.0,9.0,4.0,0.0,0.0,0.0,0.0,0.0,0.0,0.0,0.0,3.0,12.0,1.0,12.17,5.0200000000000005,2.51,1.49,0.0,0.0,0.0,4.0,0.0,0.3,0.1,-0.1,-169.60000000000002,0.0,0.0,169.60000000000002,0.0,21.3,29.0,29.0,29.5,300.0,300.0,31.8,35.800000000000004,28.9,28.1,30.0,4.96,2.0,4.96,0.16,0.0,0.0,1027.0,8228.0,0.0,0.0,0.0,0.0,0.0,1.0,0.0,0.0,0.0,0.0,0.0,0.0,0.0,0.1,0.0,0.0,16.0,25903.0
2026-07-30T19:02:50.210Z,339.693,339.708,0.0,7.4,0.0,0.0,0.0,0.0,0.0,0.0,0.0,0.0,1.0,0.0,0.0,0.0,9.0,4.0,0.0,0.0,0.0,0.0,0.0,0.0,0.0,0.0,4.0,12.0,1.0,12.17,5.0200000000000005,2.51,1.49,0.0,0.0,0.0,4.0,0.0,0.8,1.3,1.5,-169.60000000000002,0.0,0.0,169.60000000000002,0.0,21.3,29.0,29.0,29.5,300.0,300.0,31.8,35.800000000000004,28.9,28.1,30.0,4.95,2.0,4.97,0.16,0.0,0.0,1027.0,8228.0,0.0,0.0,0.0,0.0,0.0,1.0,0.0,0.0,0.0,0.0,0.0,2.7,0.0,-1.1,0.0,0.0,16.0,25903.0
2026-07-30T19:02:50.222Z,339.705,339.72,0.0,7.4,0.0,0.0,0.0,0.0,0.0,0.0,0.0,0.0,1.0,0.0,0.0,0.0,9.0,4.0,0.0,0.0,0.0,0.0,0.0,0.0,0.0,0.0,5.0,12.0,1.0,12.17,5.0200000000000005,2.51,1.49,0.0,0.0,0.0,3.9,0.0,-0.9,-1.0,-0.7000000000000001,-169.60000000000002,0.0,0.0,169.60000000000002,0.0,21.3,29.0,29.0,29.5,300.0,300.0,31.8,35.800000000000004,28.9,28.1,30.0,4.96,1.99,4.97,0.16,0.0,0.0,1027.0,8228.0,0.0,0.0,0.0,0.0,0.0,1.0,0.0,0.0,0.0,0.0,0.0,-1.7000000000000002,0.0,0.4,0.0,0.0,16.0,25903.0
2026-07-30T19:02:50.233Z,339.716,339.732,0.0,7.4,0.0,0.0,0.0,0.0,0.0,0.0,0.0,0.0,1.0,0.0,0.0,0.0,9.0,4.0,0.0,0.0,0.0,0.0,0.0,0.0,0.0,0.0,6.0,12.0,1.0,12.17,5.0200000000000005,2.51,1.49,0.0,0.1,0.0,3.9,0.0,0.8,0.7000000000000001,-0.1,-169.60000000000002,0.0,0.0,169.70000000000002,0.0,21.3,29.0,29.0,29.5,300.0,300.0,31.8,35.800000000000004,28.9,28.1,30.0,4.96,1.99,4.96,0.16,0.0,0.0,1027.0,8228.0,0.0,0.0,0.0,0.0,0.0,1.0,0.0,0.0,0.0,0.0,0.0,0.6000000000000001,0.0,0.3,0.0,0.0,16.0,25903.0
2026-07-30T19:02:50.247Z,339.73,339.744,0.0,7.4,0.0,0.0,0.0,0.0,0.0,0.0,0.0,0.0,1.0,0.0,0.0,0.0,9.0,4.0,0.0,0.0,0.0,0.0,0.0,0.0,0.0,0.0,1.0,12.0,1.0,12.17,5.01,2.51,1.49,0.0,0.0,0.0,3.8,0.0,-0.2,0.0,-0.1,-169.60000000000002,0.0,0.0,169.60000000000002,0.0,22.1,29.0,29.0,29.5,300.0,300.0,31.700000000000003,35.800000000000004,28.9,28.1,30.0,4.96,2.0,4.96,0.16,0.0,0.0,1027.0,8228.0,0.0,0.0,0.0,0.0,0.0,1.0,0.0,0.0,0.0,0.0,0.0,0.0,0.0,0.1,0.0,0.0001,16.0,25903.0
2026-07-30T19:02:50.258Z,339.741,339.75600000000003,0.0,7.4,0.0,0.0,0.0,0.0,0.0,0.0,0.0,0.0,1.0,0.0,0.0,0.0,9.0,4.0,0.0,0.0,0.0,0.0,0.0,0.0,0.0,0.0,3.0,12.0,1.0,12.17,5.01,2.51,1.49,0.0,0.0,0.0,3.8,0.0,-0.9,-1.0,-0.7000000000000001,-169.60000000000002,0.0,0.0,169.60000000000002,0.0,22.1,29.0,29.0,29.5,300.0,300.0,31.700000000000003,35.800000000000004,28.9,28.1,30.0,4.95,2.0,4.97,0.16,0.0,0.0,1027.0,8228.0,0.0,0.0,0.0,0.0,0.0,1.0,0.0,0.0,0.0,0.0,0.0,-1.7000000000000002,0.0,0.4,0.0,0.0,16.0,25903.0
2026-07-30T19:02:50.270Z,339.753,339.76800000000003,0.0,7.4,0.0,0.0,0.0,0.0,0.0,0.0,0.0,0.0,1.0,0.0,0.0,0.0,9.0,4.0,0.0,0.0,0.0,0.0,0.0,0.0,0.0,0.0,4.0,12.0,1.0,12.17,5.01,2.51,1.49,0.0,0.0,0.0,3.9,0.0,0.8,-0.5,1.4,-169.60000000000002,0.0,0.0,169.60000000000002,0.0,22.1,29.0,29.0,29.5,300.0,300.0,31.700000000000003,35.800000000000004,28.9,28.1,30.0,4.96,1.99,4.96,0.16,0.0,0.0,1027.0,8228.0,0.0,0.0,0.0,0.0,0.0,1.0,0.0,0.0,0.0,0.0,0.0,0.4,0.0,-1.4,0.0,0.0,16.0,25903.0
2026-07-30T19:02:50.282Z,339.765,339.78000000000003,0.0,7.4,0.0,0.0,0.0,0.0,0.0,0.0,0.0,0.0,1.0,0.0,0.0,0.0,9.0,4.0,0.0,0.0,0.0,0.0,0.0,0.0,0.0,0.0,5.0,12.0,1.0,12.17,5.01,2.51,1.49,0.0,0.0,0.0,3.8,0.0,-0.3,0.5,-0.2,-169.60000000000002,0.0,0.0,169.60000000000002,0.0,22.1,29.0,29.0,29.5,300.0,300.0,31.700000000000003,35.800000000000004,28.9,28.1,30.0,4.96,1.99,4.96,0.16,0.0,0.0,1027.0,8228.0,0.0,0.0,0.0,0.0,0.0,1.0,0.0,0.0,0.0,0.0,0.0,0.4,0.0,0.3,0.0,0.0,16.0,25903.0
2026-07-30T19:02:50.294Z,339.777,339.79200000000003,0.0,7.4,0.0,0.0,0.0,0.0,0.0,0.0,0.0,0.0,1.0,0.0,0.0,0.0,9.0,4.0,0.0,0.0,0.0,0.0,0.0,0.0,0.0,0.0,6.0,12.0,1.0,12.17,5.01,2.51,1.49,0.0,0.0,0.0,3.8,0.0,0.8,0.5,-0.2,-169.60000000000002,0.0,0.0,169.60000000000002,0.0,22.1,29.0,29.0,29.5,300.0,300.0,31.700000000000003,35.800000000000004,28.9,28.1,30.0,4.95,1.99,4.96,0.16,0.0,0.0,1027.0,8228.0,0.0,0.0,0.0,0.0,0.0,1.0,0.0,0.0,0.0,0.0,0.0,0.3,0.0,0.3,0.0,0.0,16.0,25903.0
2026-07-30T19:02:50.306Z,339.789,339.80400000000003,0.0,7.4,0.0,0.0,0.0,0.0,0.0,0.0,0.0,0.0,1.0,0.0,0.0,0.0,9.0,4.0,0.0,0.0,0.0,0.0,0.0,0.0,0.0,0.0,1.0,12.0,1.0,12.17,5.01,2.51,1.49,0.0,0.0,0.0,3.8,0.0,0.2,0.5,-0.2,-169.60000000000002,0.0,0.0,169.60000000000002,0.0,22.1,29.0,29.0,29.5,300.0,300.0,31.700000000000003,35.800000000000004,28.9,28.1,30.0,4.96,1.99,4.97,0.16,0.0,0.0,1027.0,8228.0,0.0,0.0,0.0,0.0,0.0,1.0,0.0,0.0,0.0,0.0,0.0,0.4,0.0,0.3,0.0,0.0,16.0,25903.0
2026-07-30T19:02:50.318Z,339.801,339.81600000000003,0.0,7.4,0.0,0.0,0.0,0.0,0.0,0.0,0.0,0.0,1.0,0.0,0.0,0.0,9.0,4.0,0.0,0.0,0.0,0.0,0.0,0.0,0.0,0.0,3.0,12.0,1.0,12.17,5.01,2.51,1.49,0.0,0.0,0.0,3.8,0.0,0.8,-0.6000000000000001,-0.2,-169.60000000000002,0.0,0.0,169.60000000000002,0.0,22.1,29.0,29.0,29.5,300.0,300.0,31.700000000000003,35.800000000000004,28.9,28.1,30.0,4.96,1.99,4.96,0.16,0.0,0.0,1027.0,8228.0,0.0,0.0,0.0,0.0,0.0,1.0,0.0,0.0,0.0,0.0,0.0,-0.9,0.0,0.0,0.0,0.0,16.0,25903.0
2026-07-30T19:02:50.330Z,339.813,339.82800000000003,0.0,7.4,0.0,0.0,0.0,0.0,0.0,0.0,0.0,0.0,1.0,0.0,0.0,0.0,9.0,4.0,0.0,0.0,0.0,0.0,0.0,0.0,0.0,0.0,4.0,12.0,1.0,12.17,5.01,2.51,1.49,0.0,0.0,0.0,3.8,0.0,-0.9,-0.6000000000000001,-1.3,-169.60000000000002,0.0,0.0,169.60000000000002,0.0,22.1,29.0,29.0,29.5,300.0,300.0,31.700000000000003,35.800000000000004,28.9,28.1,30.0,4.96,1.99,4.97,0.16,0.0,0.0,1027.0,8228.0,0.0,0.0,0.0,0.0,0.0,1.0,0.0,0.0,0.0,0.0,0.0,-1.8,0.0,1.0,0.0,0.0,16.0,25903.0
2026-07-30T19:02:50.342Z,339.825,339.84000000000003,0.0,7.4,0.0,0.0,0.0,0.0,0.0,0.0,0.0,0.0,1.0,0.0,0.0,0.0,9.0,4.0,0.0,0.0,0.0,0.0,0.0,0.0,0.0,0.0,6.0,12.0,1.0,12.17,5.01,2.51,1.49,0.0,0.0,0.0,3.7,0.0,0.2,0.0,0.3,-169.60000000000002,0.0,0.0,169.60000000000002,0.0,22.1,29.0,29.0,29.5,300.0,300.0,31.700000000000003,35.800000000000004,28.9,28.1,30.0,4.95,1.99,4.97,0.16,0.0,0.0,1027.0,8228.0,0.0,0.0,0.0,0.0,0.0,1.0,0.0,0.0,0.0,0.0,0.0,0.1,0.0,-0.3,0.0,0.0,16.0,25903.0
2026-07-30T19:02:50.354Z,339.837,339.85200000000003,0.0,7.4,0.0,0.0,0.0,0.0,0.0,0.0,0.0,0.0,1.0,0.0,0.0,0.0,9.0,4.0,0.0,0.0,0.0,0.0,0.0,0.0,0.0,0.0,1.0,12.0,1.0,12.15,5.01,2.51,1.49,0.0,0.0,0.0,3.6,0.0,-0.3,-0.6000000000000001,-0.2,-169.60000000000002,0.0,0.0,169.60000000000002,0.0,21.4,29.0,29.0,29.5,300.0,300.0,31.8,35.9,28.9,28.1,30.0,4.96,1.99,4.97,0.16,0.0,0.0,1027.0,8228.0,0.0,0.0,0.0,0.0,0.0,1.0,0.0,0.0,0.0,0.0,0.0,-0.8,0.0,0.0,0.0,0.0,16.0,25903.0
2026-07-30T19:02:50.366Z,339.849,339.86400000000003,0.0,7.4,0.0,0.0,0.0,0.0,0.0,0.0,0.0,0.0,1.0,0.0,0.0,0.0,9.0,4.0,0.0,0.0,0.0,0.0,0.0,0.0,0.0,0.0,2.0,12.0,1.0,12.15,5.01,2.51,1.49,0.0,0.0,0.0,3.7,0.0,-0.9,0.0,2.7,-169.60000000000002,0.0,0.0,169.60000000000002,0.0,21.4,29.0,29.0,29.5,300.0,300.0,31.8,35.9,28.9,28.1,30.0,4.95,1.99,4.97,0.16,0.0,0.0,1027.0,8228.0,0.0,0.0,0.0,0.0,0.0,1.0,0.0,0.0,0.0,0.0,0.0,1.9,0.0,-2.4000000000000004,0.0,0.0,16.0,25903.0
2026-07-30T19:02:50.378Z,339.861,339.87600000000003,0.0,7.4,0.0,0.0,0.0,0.0,0.0,0.0,0.0,0.0,1.0,0.0,0.0,0.0,9.0,4.0,0.0,0.0,0.0,0.0,0.0,0.0,0.0,0.0,3.0,12.0,1.0,12.15,5.01,2.51,1.49,0.0,0.0,0.0,3.7,0.0,-0.3,1.1,-0.1,-169.60000000000002,0.0,0.0,169.60000000000002,0.0,21.4,29.0,29.0,29.5,300.0,300.0,31.8,35.9,28.9,28.1,30.0,4.95,1.99,4.97,0.16,0.0,0.0,1027.0,8228.0,0.0,0.0,0.0,0.0,0.0,1.0,0.0,0.0,0.0,0.0,0.0,1.1,0.0,0.3,0.0,0.0,16.0,25903.0
2026-07-30T19:02:50.390Z,339.873,339.88800000000003,0.0,7.4,0.0,0.0,0.0,0.0,0.0,0.0,0.0,0.0,1.0,0.0,0.0,0.0,9.0,4.0,0.0,0.0,0.0,0.0,0.0,0.0,0.0,0.0,4.0,12.0,1.0,12.15,5.01,2.51,1.49,0.0,0.0,0.0,3.6,0.0,-0.3,0.0,0.4,-169.60000000000002,0.0,0.0,169.60000000000002,0.0,21.4,29.0,29.0,29.5,300.0,300.0,31.8,35.9,28.9,28.1,30.0,4.95,1.99,4.97,0.16,0.0,0.0,1027.0,8228.0,0.0,0.0,0.0,0.0,0.0,1.0,0.0,0.0,0.0,0.0,0.0,0.2,0.0,-0.3,0.0,0.0,16.0,25903.0
2026-07-30T19:02:50.402Z,339.885,339.90000000000003,0.0,7.4,0.0,0.0,0.0,0.0,0.0,0.0,0.0,0.0,1.0,0.0,0.0,0.0,9.0,4.0,0.0,0.0,0.0,0.0,0.0,0.0,0.0,0.0,6.0,12.0,1.0,12.15,5.01,2.51,1.49,0.0,0.0,0.0,3.6,0.0,-0.3,0.5,2.2,-169.60000000000002,0.0,0.0,169.60000000000002,0.0,21.4,29.0,29.0,29.5,300.0,300.0,31.8,35.9,28.9,28.1,30.0,4.96,1.99,4.96,0.16,0.0,0.0,1027.0,8228.0,0.0,0.0,0.0,0.0,0.0,1.0,0.0,0.0,0.0,0.0,0.0,2.2,0.0,-1.8,0.0,0.0,16.0,25903.0
2026-07-30T19:02:50.414Z,339.897,339.91200000000003,0.0,7.4,0.0,0.0,0.0,0.0,0.0,0.0,0.0,0.0,1.0,0.0,0.0,0.0,9.0,4.0,0.0,0.0,0.0,0.0,0.0,0.0,0.0,0.0,1.0,12.0,1.0,12.15,5.01,2.51,1.49,0.0,0.0,0.0,3.6,0.0,0.8,-0.6000000000000001,-0.1,-169.60000000000002,0.0,0.0,169.60000000000002,0.0,21.4,29.0,29.0,29.5,300.0,300.0,31.8,35.9,28.9,28.1,30.0,4.95,1.99,4.97,0.16,0.0,0.0,1027.0,8228.0,0.0,0.0,0.0,0.0,0.0,1.0,0.0,0.0,0.0,0.0,0.0,-0.7000000000000001,0.0,0.0,0.0,0.0,16.0,25903.0
2026-07-30T19:02:50.426Z,339.909,339.92400000000004,0.0,7.4,0.0,0.0,0.0,0.0,0.0,0.0,0.0,0.0,1.0,0.0,0.0,0.0,9.0,4.0,0.0,0.0,0.0,0.0,0.0,0.0,0.0,0.0,2.0,12.0,1.0,12.15,5.01,2.51,1.49,0.0,0.0,0.0,3.6,0.0,0.2,0.5,0.4,-169.60000000000002,0.0,0.0,169.60000000000002,0.0,21.4,29.0,29.0,29.5,300.0,300.0,31.8,35.9,28.9,28.1,30.0,4.95,1.99,4.96,0.16,0.0,0.0,1027.0,8228.0,0.0,0.0,0.0,0.0,0.0,1.0,0.0,0.0,0.0,0.0,0.0,0.9,0.0,-0.2,0.0,0.0,16.0,25903.0
2026-07-30T19:02:50.438Z,339.921,339.93600000000004,0.0,7.4,0.0,0.0,0.0,0.0,0.0,0.0,0.0,0.0,1.0,0.0,0.0,0.0,9.0,4.0,0.0,0.0,0.0,0.0,0.0,0.0,0.0,0.0,3.0,12.0,1.0,12.15,5.01,2.51,1.49,0.0,0.1,0.0,3.6,0.0,0.7000000000000001,0.0,-0.1,-169.60000000000002,0.0,0.0,169.60000000000002,0.0,21.4,29.0,29.0,29.5,300.0,300.0,31.8,35.9,28.9,28.1,30.0,4.96,1.99,4.96,0.16,0.0,0.0,1027.0,8228.0,0.0,0.0,0.0,0.0,0.0,1.0,0.0,0.0,0.0,0.0,0.0,-0.1,0.0,0.1,0.0,0.0,16.0,25903.0
2026-07-30T19:02:50.451Z,339.934,339.948,0.0,7.4,0.0,0.0,0.0,0.0,0.0,0.0,0.0,0.0,1.0,0.0,0.0,0.0,9.0,4.0,0.0,0.0,0.0,0.0,0.0,0.0,0.0,0.0,5.0,12.0,1.0,12.15,5.0200000000000005,2.51,1.5,0.0,0.0,0.0,3.5,0.0,0.7000000000000001,0.5,1.0,-169.60000000000002,0.0,0.0,169.60000000000002,0.0,21.700000000000003,29.0,29.0,29.5,300.0,300.0,31.700000000000003,35.800000000000004,28.9,28.1,30.0,4.95,1.99,4.96,0.16,0.0,0.0,1027.0,8228.0,0.0,0.0,0.0,0.0,0.0,1.0,0.0,0.0,0.0,0.0,0.0,1.4,0.0,-0.7000000000000001,0.0,0.0,16.0,25903.0
2026-07-30T19:02:50.462Z,339.945,339.96,0.0,7.4,0.0,0.0,0.0,0.0,0.0,0.0,0.0,0.0,1.0,0.0,0.0,0.0,9.0,4.0,0.0,0.0,0.0,0.0,0.0,0.0,0.0,0.0,6.0,12.0,1.0,12.15,5.0200000000000005,2.51,1.5,0.0,0.0,0.0,3.5,0.0,0.2,-0.5,-0.1,-169.60000000000002,0.0,0.0,169.60000000000002,0.0,21.700000000000003,29.0,29.0,29.5,300.0,300.0,31.700000000000003,35.800000000000004,28.9,28.1,30.0,4.95,1.99,4.97,0.16,0.0,0.0,1027.0,8228.0,0.0,0.0,0.0,0.0,0.0,1.0,0.0,0.0,0.0,0.0,0.0,-0.7000000000000001,0.0,0.0,0.0,0.0,16.0,25903.0
2026-07-30T19:02:50.474Z,339.957,339.972,0.0,7.4,0.0,0.0,0.0,0.0,0.0,0.0,0.0,0.0,1.0,0.0,0.0,0.0,9.0,4.0,0.0,0.0,0.0,0.0,0.0,0.0,0.0,0.0,1.0,12.0,1.0,12.15,5.0200000000000005,2.51,1.5,0.0,0.0,0.0,3.5,0.0,0.2,0.0,0.0,-169.60000000000002,0.0,0.0,169.70000000000002,0.0,21.700000000000003,29.0,29.0,29.5,300.0,300.0,31.700000000000003,35.800000000000004,28.9,28.1,30.0,4.95,1.99,4.96,0.16,0.0,0.0,1027.0,8228.0,0.0,0.0,0.0,0.0,0.0,1.0,0.0,0.0,0.0,0.0,0.0,0.0,0.0,0.0,0.0,0.0,16.0,25903.0
2026-07-30T19:02:50.486Z,339.969,339.984,0.0,7.4,0.0,0.0,0.0,0.0,0.0,0.0,0.0,0.0,1.0,0.0,0.0,0.0,9.0,4.0,0.0,0.0,0.0,0.0,0.0,0.0,0.0,0.0,2.0,12.0,1.0,12.15,5.0200000000000005,2.51,1.5,0.0,0.0,0.0,3.5,0.0,0.3,1.2000000000000002,0.5,-169.60000000000002,0.0,0.0,169.60000000000002,0.0,21.700000000000003,29.0,29.0,29.5,300.0,300.0,31.700000000000003,35.800000000000004,28.9,28.1,30.0,4.95,1.99,4.96,0.16,0.0,0.0,1027.0,8228.0,0.0,0.0,0.0,0.0,0.0,1.0,0.0,0.0,0.0,0.0,0.0,1.8,0.0,-0.2,0.0,0.0,16.0,25903.0
2026-07-30T19:02:50.498Z,339.981,339.996,0.0,7.4,0.0,0.0,0.0,0.0,0.0,0.0,0.0,0.0,1.0,0.0,0.0,0.0,9.0,4.0,0.0,0.0,0.0,0.0,0.0,0.0,0.0,0.0,3.0,12.0,1.0,12.15,5.0200000000000005,2.51,1.5,0.0,0.0,0.0,3.5,0.0,0.2,-0.5,0.0,-169.60000000000002,0.0,0.0,169.60000000000002,0.0,21.700000000000003,29.0,29.0,29.5,300.0,300.0,31.700000000000003,35.800000000000004,28.9,28.1,30.0,4.95,1.99,4.97,0.16,0.0,0.0,1027.0,8228.0,0.0,0.0,0.0,0.0,0.0,1.0,0.0,0.0,0.0,0.0,0.0,-0.6000000000000001,0.0,0.0,0.0,0.0,16.0,25903.0
2026-07-30T19:02:50.510Z,339.993,340.008,0.0,7.4,0.0,0.0,0.0,0.0,0.0,0.0,0.0,0.0,1.0,0.0,0.0,0.0,9.0,4.0,0.0,0.0,0.0,0.0,0.0,0.0,0.0,0.0,5.0,12.0,1.0,12.15,5.0200000000000005,2.51,1.5,0.0,0.0,0.0,3.5,0.0,0.2,0.6000000000000001,1.1,-169.60000000000002,0.0,0.0,169.70000000000002,0.0,21.700000000000003,29.0,29.0,29.5,300.0,300.0,31.700000000000003,35.800000000000004,28.9,28.1,30.0,4.96,2.0,4.97,0.16,0.0,0.0,1027.0,8228.0,0.0,0.0,0.0,0.0,0.0,1.0,0.0,0.0,0.0,0.0,0.0,1.6,0.0,-0.8,0.0,0.0,16.0,25903.0
2026-07-30T19:02:50.521Z,340.004,340.02,0.0,7.4,0.0,0.0,0.0,0.0,0.0,0.0,0.0,0.0,1.0,0.0,0.0,0.0,9.0,4.0,0.0,0.0,0.0,0.0,0.0,0.0,0.0,0.0,6.0,12.0,1.0,12.15,5.0200000000000005,2.51,1.5,0.0,0.0,0.0,3.4000000000000004,0.0,0.8,0.0,0.0,-169.60000000000002,0.0,0.0,169.70000000000002,0.0,21.700000000000003,29.0,29.0,29.5,300.0,300.0,31.700000000000003,35.800000000000004,28.9,28.1,30.0,4.96,2.0,4.96,0.16,0.0,0.0,1027.0,8228.0,0.0,0.0,0.0,0.0,0.0,1.0,0.0,0.0,0.0,0.0,0.0,0.0,0.0,0.0,0.0,0.0,16.0,25903.0
2026-07-30T19:02:50.534Z,340.017,340.032,0.0,7.4,0.0,0.0,0.0,0.0,0.0,0.0,0.0,0.0,1.0,0.0,0.0,0.0,9.0,4.0,0.0,0.0,0.0,0.0,0.0,0.0,0.0,0.0,2.0,12.0,1.0,12.15,5.0200000000000005,2.51,1.5,0.0,0.0,0.0,3.5,0.0,0.2,0.6000000000000001,-0.6000000000000001,-169.60000000000002,0.0,0.0,169.60000000000002,0.0,21.700000000000003,29.0,29.0,29.5,300.0,300.0,31.700000000000003,35.800000000000004,28.9,28.1,30.0,4.95,1.99,4.96,0.16,0.0,0.0,1027.0,8228.0,0.0,0.0,0.0,0.0,0.0,1.0,0.0,0.0,0.0,0.0,0.0,0.2,0.0,0.7000000000000001,0.0,0.0,16.0,25903.0
2026-07-30T19:02:50.546Z,340.029,340.044,0.0,7.4,0.0,0.0,0.0,0.0,0.0,0.0,0.0,0.0,1.0,0.0,0.0,0.0,9.0,4.0,0.0,0.0,0.0,0.0,0.0,0.0,0.0,0.0,3.0,12.0,1.0,12.15,5.0200000000000005,2.51,1.5,0.0,0.0,0.0,3.4000000000000004,0.0,-0.9,0.0,-0.1,-169.60000000000002,0.0,0.0,169.60000000000002,0.0,21.700000000000003,29.0,29.0,29.5,300.0,300.0,31.700000000000003,35.800000000000004,28.9,28.1,30.0,4.95,1.99,4.97,0.16,0.0,0.0,1027.0,8228.0,0.0,0.0,0.0,0.0,0.0,1.0,0.0,0.0,0.0,0.0,0.0,0.0,0.0,0.1,0.0,0.0,16.0,25903.0
2026-07-30T19:02:50.558Z,340.041,340.056,0.0,7.4,0.0,0.0,0.0,0.0,0.0,0.0,0.0,0.0,1.0,0.0,0.0,0.0,9.0,4.0,0.0,0.0,0.0,0.0,0.0,0.0,0.0,0.0,4.0,12.0,1.0,12.17,5.01,2.51,1.49,0.0,0.0,0.0,3.3000000000000003,0.0,0.2,-0.4,-0.1,-169.60000000000002,0.0,0.0,169.60000000000002,0.0,21.0,29.0,29.0,29.5,300.0,300.0,31.6,35.800000000000004,28.9,28.1,30.0,4.96,1.99,4.96,0.16,0.0,0.0,1027.0,8228.0,0.0,0.0,0.0,0.0,0.0,1.0,0.0,0.0,0.0,0.0,0.0,-0.6000000000000001,0.0,0.0,0.0,0.0001,16.0,25903.0
2026-07-30T19:02:50.570Z,340.053,340.068,0.0,7.4,0.0,0.0,0.0,0.0,0.0,0.0,0.0,0.0,1.0,0.0,0.0,0.0,9.0,4.0,0.0,0.0,0.0,0.0,0.0,0.0,0.0,0.0,6.0,12.0,1.0,12.17,5.01,2.51,1.49,0.0,0.0,0.0,3.4000000000000004,0.0,-0.9,-0.5,0.0,-169.60000000000002,0.0,0.0,169.60000000000002,0.0,21.0,29.0,29.0,29.5,300.0,300.0,31.6,35.800000000000004,28.9,28.1,30.0,4.96,1.99,4.96,0.16,0.0,0.0,1027.0,8228.0,0.0,0.0,0.0,0.0,0.0,1.0,0.0,0.0,0.0,0.0,0.0,-0.6000000000000001,0.0,0.0,0.0,0.0,16.0,25903.0
2026-07-30T19:02:50.582Z,340.065,340.08,0.0,7.4,0.0,0.0,0.0,0.0,0.0,0.0,0.0,0.0,1.0,0.0,0.0,0.0,9.0,4.0,0.0,0.0,0.0,0.0,0.0,0.0,0.0,0.0,1.0,12.0,1.0,12.17,5.01,2.51,1.49,0.0,0.0,0.0,3.3000000000000003,0.0,0.2,0.6000000000000001,0.4,-169.60000000000002,0.0,0.0,169.60000000000002,0.0,21.0,29.0,29.0,29.5,300.0,300.0,31.6,35.800000000000004,28.9,28.1,30.0,4.95,2.0,4.96,0.16,0.0,0.0,1027.0,8228.0,0.0,0.0,0.0,0.0,0.0,1.0,0.0,0.0,0.0,0.0,0.0,1.0,0.0,-0.2,0.0,0.0,16.0,25903.0
2026-07-30T19:02:50.594Z,340.077,340.092,0.0,7.4,0.0,0.0,0.0,0.0,0.0,0.0,0.0,0.0,1.0,0.0,0.0,0.0,9.0,4.0,0.0,0.0,0.0,0.0,0.0,0.0,0.0,0.0,2.0,12.0,1.0,12.17,5.01,2.51,1.49,0.0,0.0,0.0,3.3000000000000003,0.0,-0.3,-1.1,-0.1,-169.60000000000002,0.0,0.0,169.60000000000002,0.0,21.0,29.0,29.0,29.5,300.0,300.0,31.6,35.800000000000004,28.9,28.1,30.0,4.96,2.0,4.97,0.15,0.0,0.0,1027.0,8228.0,0.0,0.0,0.0,0.0,0.0,1.0,0.0,0.0,0.0,0.0,0.0,-1.1,0.0,0.4,0.0,0.0,16.0,25903.0
2026-07-30T19:02:50.606Z,340.089,340.104,0.0,7.4,0.0,0.0,0.0,0.0,0.0,0.0,0.0,0.0,1.0,0.0,0.0,0.0,9.0,4.0,0.0,0.0,0.0,0.0,0.0,0.0,0.0,0.0,3.0,12.0,1.0,12.17,5.01,2.51,1.49,0.0,0.0,0.0,3.3000000000000003,0.0,0.2,-0.5,-0.1,-169.60000000000002,0.0,0.0,169.60000000000002,0.0,21.0,29.0,29.0,29.5,300.0,300.0,31.6,35.800000000000004,28.9,28.1,30.0,4.96,2.0,4.96,0.15,0.0,0.0,1027.0,8228.0,0.0,0.0,0.0,0.0,0.0,1.0,0.0,0.0,0.0,0.0,0.0,0.5,0.0,-1.5,0.0,0.0,16.0,25903.0
2026-07-30T19:02:50.618Z,340.101,340.116,0.0,7.4,0.0,0.0,0.0,0.0,0.0,0.0,0.0,0.0,1.0,0.0,0.0,0.0,9.0,4.0,0.0,0.0,0.0,0.0,0.0,0.0,0.0,0.0,4.0,12.0,1.0,12.17,5.01,2.51,1.49,0.0,0.1,0.0,3.3000000000000003,0.0,-0.9,-0.6000000000000001,-0.6000000000000001,-169.60000000000002,0.0,0.0,169.60000000000002,0.0,21.0,29.0,29.0,29.5,300.0,300.0,31.6,35.800000000000004,28.9,28.1,30.0,4.96,1.99,4.97,0.16,0.0,0.0,1027.0,8228.0,0.0,0.0,0.0,0.0,0.0,1.0,0.0,0.0,0.0,0.0,0.0,2.0,0.0,-0.6000000000000001,0.0,0.0,16.0,25903.0
2026-07-30T19:02:50.630Z,340.113,340.128,0.0,7.4,0.0,0.0,0.0,0.0,0.0,0.0,0.0,0.0,1.0,0.0,0.0,0.0,9.0,4.0,0.0,0.0,0.0,0.0,0.0,0.0,0.0,0.0,5.0,12.0,1.0,12.17,5.01,2.51,1.49,0.0,0.0,0.0,3.3000000000000003,0.0,-0.3,0.0,-0.7000000000000001,-169.60000000000002,0.0,0.0,169.60000000000002,0.0,21.0,29.0,29.0,29.5,300.0,300.0,31.6,35.800000000000004,28.9,28.1,30.0,4.95,1.99,4.97,0.16,0.0,0.0,1027.0,8228.0,0.0,0.0,0.0,0.0,0.0,1.0,0.0,0.0,0.0,0.0,0.0,-0.5,0.0,0.6000000000000001,0.0,0.0,16.0,25903.0
2026-07-30T19:02:50.642Z,340.125,340.14,0.0,7.4,0.0,0.0,0.0,0.0,0.0,0.0,0.0,0.0,1.0,0.0,0.0,0.0,9.0,4.0,0.0,0.0,0.0,0.0,0.0,0.0,0.0,0.0,6.0,12.0,1.0,12.17,5.01,2.51,1.49,0.0,0.0,0.0,3.3000000000000003,0.0,-0.3,0.5,1.0,-169.60000000000002,0.0,0.0,169.60000000000002,0.0,21.0,29.0,29.0,29.5,300.0,300.0,31.6,35.800000000000004,28.9,28.1,30.0,4.96,1.99,4.96,0.16,0.0,0.0,1027.0,8228.0,0.0,0.0,0.0,0.0,0.0,1.0,0.0,0.0,0.0,0.0,0.0,1.4,0.0,-0.7000000000000001,0.0,0.0,16.0,25903.0
2026-07-30T19:02:50.655Z,340.138,340.152,0.0,7.4,0.0,0.0,0.0,0.0,0.0,0.0,0.0,0.0,1.0,0.0,0.0,0.0,9.0,4.0,0.0,0.0,0.0,0.0,0.0,0.0,0.0,0.0,1.0,12.0,1.0,12.11,5.01,2.51,1.49,0.0,0.0,0.0,3.2,0.0,0.2,-0.5,-0.7000000000000001,-169.60000000000002,0.0,0.0,169.60000000000002,0.0,21.700000000000003,29.0,29.0,29.5,300.0,300.0,31.700000000000003,35.800000000000004,28.9,28.1,30.0,4.95,1.99,4.97,0.16,0.0,0.0,1027.0,8228.0,0.0,0.0,0.0,0.0,0.0,1.0,0.0,0.0,0.0,0.0,0.0,-1.2000000000000002,0.0,0.5,0.0,0.0,16.0,25903.0
2026-07-30T19:02:50.666Z,340.149,340.164,0.0,7.4,0.0,0.0,0.0,0.0,0.0,0.0,0.0,0.0,1.0,0.0,0.0,0.0,9.0,4.0,0.0,0.0,0.0,0.0,0.0,0.0,0.0,0.0,2.0,12.0,1.0,12.11,5.01,2.51,1.49,0.0,0.0,0.0,3.2,0.0,0.2,1.1,1.6,-169.60000000000002,0.0,0.0,169.60000000000002,0.0,21.700000000000003,29.0,29.0,29.5,300.0,300.0,31.700000000000003,35.800000000000004,28.9,28.1,30.0,4.95,1.99,4.97,0.16,0.0,0.0,1027.0,8228.0,0.0,0.0,0.0,0.0,0.0,1.0,0.0,0.0,0.0,0.0,0.0,2.5,0.0,-1.1,0.0,0.0,16.0,25903.0
2026-07-30T19:02:50.678Z,340.161,340.176,0.0,7.4,0.0,0.0,0.0,0.0,0.0,0.0,0.0,0.0,1.0,0.0,0.0,0.0,9.0,4.0,0.0,0.0,0.0,0.0,0.0,0.0,0.0,0.0,2.0,12.0,1.0,12.11,5.01,2.51,1.49,0.0,0.0,0.0,3.1,0.0,0.2,0.0,-0.7000000000000001,-169.60000000000002,0.0,0.0,169.60000000000002,0.0,21.700000000000003,29.0,29.0,29.5,300.0,300.0,31.700000000000003,35.800000000000004,28.9,28.1,30.0,4.96,2.0,4.97,0.16,0.0,0.0,1027.0,8228.0,0.0,0.0,0.0,0.0,0.0,1.0,0.0,0.0,0.0,0.0,0.0,-0.5,0.0,0.6000000000000001,0.0,0.0,16.0,25903.0
2026-07-30T19:02:50.690Z,340.173,340.188,0.0,7.4,0.0,0.0,0.0,0.0,0.0,0.0,0.0,0.0,1.0,0.0,0.0,0.0,9.0,4.0,0.0,0.0,0.0,0.0,0.0,0.0,0.0,0.0,3.0,12.0,1.0,12.11,5.01,2.51,1.49,0.0,0.0,0.0,3.2,0.0,0.8,-0.5,-1.8,-169.60000000000002,0.0,0.0,169.60000000000002,0.0,21.700000000000003,29.0,29.0,29.5,300.0,300.0,31.700000000000003,35.800000000000004,28.9,28.1,30.0,4.96,2.0,4.97,0.16,0.0,0.0,1027.0,8228.0,0.0,0.0,0.0,0.0,0.0,1.0,0.0,0.0,0.0,0.0,0.0,-1.9,0.0,1.5,0.0,0.0,16.0,25903.0
2026-07-30T19:02:50.702Z,340.185,340.2,0.0,7.4,0.0,0.0,0.0,0.0,0.0,0.0,0.0,0.0,1.0,0.0,0.0,0.0,9.0,4.0,0.0,0.0,0.0,0.0,0.0,0.0,0.0,0.0,5.0,12.0,1.0,12.11,5.01,2.51,1.49,0.0,0.0,0.0,3.2,0.0,0.2,0.6000000000000001,0.5,-169.60000000000002,0.0,0.0,169.60000000000002,0.0,21.700000000000003,29.0,29.0,29.5,300.0,300.0,31.700000000000003,35.800000000000004,28.9,28.1,30.0,4.95,1.99,4.97,0.16,0.0,0.0,1027.0,8228.0,0.0,0.0,0.0,0.0,0.0,1.0,0.0,0.0,0.0,0.0,0.0,1.1,0.0,-0.3,0.0,0.0,16.0,25903.0
2026-07-30T19:02:50.714Z,340.197,340.212,0.0,7.4,0.0,0.0,0.0,0.0,0.0,0.0,0.0,0.0,1.0,0.0,0.0,0.0,9.0,4.0,0.0,0.0,0.0,0.0,0.0,0.0,0.0,0.0,6.0,12.0,1.0,12.11,5.01,2.51,1.49,0.0,0.0,0.0,3.1,0.0,0.2,0.0,0.0,-169.60000000000002,0.0,0.0,169.60000000000002,0.0,21.700000000000003,29.0,29.0,29.5,300.0,300.0,31.700000000000003,35.800000000000004,28.9,28.1,30.0,4.95,1.99,4.96,0.16,0.0,0.0,1027.0,8228.0,0.0,0.0,0.0,0.0,0.0,1.0,0.0,0.0,0.0,0.0,0.0,0.0,0.0,0.1,0.0,0.0,16.0,25903.0
2026-07-30T19:02:50.726Z,340.209,340.224,0.0,7.4,0.0,0.0,0.0,0.0,0.0,0.0,0.0,0.0,1.0,0.0,0.0,0.0,9.0,4.0,0.0,0.0,0.0,0.0,0.0,0.0,0.0,0.0,1.0,12.0,1.0,12.11,5.01,2.51,1.49,0.0,0.0,0.0,3.1,0.0,0.2,0.6000000000000001,0.0,-169.60000000000002,0.0,0.0,169.60000000000002,0.0,21.700000000000003,29.0,29.0,29.5,300.0,300.0,31.700000000000003,35.800000000000004,28.9,28.1,30.0,4.96,1.99,4.96,0.16,0.0,0.0,1027.0,8228.0,0.0,0.0,0.0,0.0,0.0,1.0,0.0,0.0,0.0,0.0,0.0,0.7000000000000001,0.0,0.2,0.0,0.0,16.0,25903.0
2026-07-30T19:02:50.738Z,340.221,340.236,0.0,7.4,0.0,0.0,0.0,0.0,0.0,0.0,0.0,0.0,1.0,0.0,0.0,0.0,9.0,4.0,0.0,0.0,0.0,0.0,0.0,0.0,0.0,0.0,2.0,12.0,1.0,12.11,5.01,2.51,1.49,0.0,0.0,0.0,3.2,0.0,0.2,-0.4,0.5,-169.60000000000002,0.0,0.0,169.70000000000002,0.0,21.700000000000003,29.0,29.0,29.5,300.0,300.0,31.700000000000003,35.800000000000004,28.9,28.1,30.0,4.95,1.99,4.96,0.16,0.0,0.0,1027.0,8228.0,0.0,0.0,0.0,0.0,0.0,1.0,0.0,0.0,0.0,0.0,0.0,-0.1,0.0,-0.5,0.0,0.0,16.0,25903.0
2026-07-30T19:02:50.750Z,340.233,340.248,0.0,7.4,0.0,0.0,0.0,0.0,0.0,0.0,0.0,0.0,1.0,0.0,0.0,0.0,9.0,4.0,0.0,0.0,0.0,0.0,0.0,0.0,0.0,0.0,3.0,12.0,1.0,12.11,5.01,2.51,1.49,0.0,0.0,0.0,3.1,0.0,0.2,0.7000000000000001,1.0,-169.60000000000002,0.0,0.0,169.60000000000002,0.0,21.700000000000003,29.0,29.0,29.5,300.0,300.0,31.700000000000003,35.800000000000004,28.9,28.1,30.0,4.96,1.99,4.96,0.16,0.0,0.0,1027.0,8228.0,0.0,0.0,0.0,0.0,0.0,1.0,0.0,0.0,0.0,0.0,0.0,1.6,0.0,-0.8,0.0,0.0,16.0,25903.0
2026-07-30T19:02:50.762Z,340.245,340.26,0.0,7.4,0.0,0.0,0.0,0.0,0.0,0.0,0.0,0.0,1.0,0.0,0.0,0.0,9.0,4.0,0.0,0.0,0.0,0.0,0.0,0.0,0.0,0.0,4.0,12.0,1.0,12.17,5.01,2.5,1.49,0.0,0.0,0.0,3.1,0.0,0.2,0.1,0.0,-169.60000000000002,0.0,0.0,169.60000000000002,0.0,21.8,29.0,29.0,29.5,300.0,300.0,31.6,35.800000000000004,28.9,28.1,30.0,4.96,2.0,4.96,0.16,0.0,0.0,1027.0,8228.0,0.0,0.0,0.0,0.0,0.0,1.0,0.0,0.0,0.0,0.0,0.0,0.1,0.0,0.0,0.0,0.0,16.0,25903.0
2026-07-30T19:02:50.774Z,340.257,340.272,0.0,7.4,0.0,0.0,0.0,0.0,0.0,0.0,0.0,0.0,1.0,0.0,0.0,0.0,9.0,4.0,0.0,0.0,0.0,0.0,0.0,0.0,0.0,0.0,5.0,12.0,1.0,12.17,5.01,2.5,1.49,0.0,0.0,0.0,3.1,0.0,0.2,-0.4,-1.1,-169.60000000000002,0.0,0.0,169.60000000000002,0.0,21.8,29.0,29.0,29.5,300.0,300.0,31.6,35.800000000000004,28.9,28.1,30.0,4.96,1.99,4.96,0.16,0.0,0.0,1027.0,8228.0,0.0,0.0,0.0,0.0,0.0,1.0,0.0,0.0,0.0,0.0,0.0,-1.3,0.0,0.9,0.0,0.0,16.0,25903.0
2026-07-30T19:02:50.786Z,340.269,340.284,0.0,7.4,0.0,0.0,0.0,0.0,0.0,0.0,0.0,0.0,1.0,0.0,0.0,0.0,9.0,4.0,0.0,0.0,0.0,0.0,0.0,0.0,0.0,0.0,1.0,12.0,1.0,12.17,5.01,2.5,1.49,0.0,0.0,0.0,3.1,0.0,-0.9,-0.4,-1.1,-169.60000000000002,0.0,0.0,169.60000000000002,0.0,21.8,29.0,29.0,29.5,300.0,300.0,31.6,35.800000000000004,28.9,28.1,30.0,4.95,1.99,4.97,0.16,0.0,0.0,1027.0,8228.0,0.0,0.0,0.0,0.0,0.0,1.0,0.0,0.0,0.0,0.0,0.0,-1.3,0.0,0.9,0.0,0.0,16.0,25903.0
2026-07-30T19:02:50.798Z,340.281,340.296,0.0,7.4,0.0,0.0,0.0,0.0,0.0,0.0,0.0,0.0,1.0,0.0,0.0,0.0,9.0,4.0,0.0,0.0,0.0,0.0,0.0,0.0,0.0,0.0,2.0,12.0,1.0,12.17,5.01,2.5,1.49,0.0,0.1,0.0,3.0,0.0,0.2,-1.0,1.1,-169.60000000000002,0.0,0.0,169.60000000000002,0.0,21.8,29.0,29.0,29.5,300.0,300.0,31.6,35.800000000000004,28.9,28.1,30.0,4.96,1.99,4.97,0.16,0.0,0.0,1027.0,8228.0,0.0,0.0,0.0,0.0,0.0,1.0,0.0,0.0,0.0,0.0,0.0,-0.3,0.0,-1.2000000000000002,0.0,0.0,16.0,25903.0
2026-07-30T19:02:50.810Z,340.293,340.308,0.0,7.4,0.0,0.0,0.0,0.0,0.0,0.0,0.0,0.0,1.0,0.0,0.0,0.0,9.0,4.0,0.0,0.0,0.0,0.0,0.0,0.0,0.0,0.0,4.0,12.0,1.0,12.17,5.01,2.5,1.49,0.0,0.0,0.0,3.0,0.0,-0.3,0.0,0.5,-169.60000000000002,0.0,0.0,169.60000000000002,0.0,21.8,29.0,29.0,29.5,300.0,300.0,31.6,35.800000000000004,28.9,28.1,30.0,4.96,1.99,4.97,0.16,0.0,0.0,1027.0,8228.0,0.0,0.0,0.0,0.0,0.0,1.0,0.0,0.0,0.0,0.0,0.0,0.5,0.0,-0.4,0.0,0.0,16.0,25903.0
2026-07-30T19:02:50.821Z,340.304,340.32,0.0,7.4,0.0,0.0,0.0,0.0,0.0,0.0,0.0,0.0,1.0,0.0,0.0,0.0,9.0,4.0,0.0,0.0,0.0,0.0,0.0,0.0,0.0,0.0,5.0,12.0,1.0,12.17,5.01,2.5,1.49,0.0,0.0,0.0,3.0,0.0,-0.3,1.2000000000000002,1.7000000000000002,-169.60000000000002,0.0,0.0,169.60000000000002,0.0,21.8,29.0,29.0,29.5,300.0,300.0,31.6,35.800000000000004,28.9,28.1,30.0,4.95,1.99,4.97,0.16,0.0,0.0,1027.0,8228.0,0.0,0.0,0.0,0.0,0.0,1.0,0.0,0.0,0.0,0.0,0.0,2.7,0.0,-1.2000000000000002,0.0,0.0,16.0,25903.0
2026-07-30T19:02:50.834Z,340.317,340.332,0.0,7.4,0.0,0.0,0.0,0.0,0.0,0.0,0.0,0.0,1.0,0.0,0.0,0.0,9.0,4.0,0.0,0.0,0.0,0.0,0.0,0.0,0.0,0.0,6.0,12.0,1.0,12.17,5.01,2.5,1.49,0.0,0.0,0.0,3.0,0.0,0.2,0.0,2.3000000000000003,-169.60000000000002,0.0,0.0,169.60000000000002,0.0,21.8,29.0,29.0,29.5,300.0,300.0,31.6,35.800000000000004,28.9,28.1,30.0,4.96,1.99,4.96,0.16,0.0,0.0,1027.0,8228.0,0.0,0.0,0.0,0.0,0.0,1.0,0.0,0.0,0.0,0.0,0.0,1.8,0.0,-2.0,0.0,0.0,16.0,25903.0
2026-07-30T19:02:50.846Z,340.329,340.344,0.0,7.4,0.0,0.0,0.0,0.0,0.0,0.0,0.0,0.0,1.0,0.0,0.0,0.0,9.0,4.0,0.0,0.0,0.0,0.0,0.0,0.0,0.0,0.0,2.0,12.0,1.0,12.17,5.01,2.5,1.49,0.0,0.1,0.0,3.0,0.0,0.8,-0.5,0.0,-169.60000000000002,0.0,0.0,169.60000000000002,0.0,21.8,29.0,29.0,29.5,300.0,300.0,31.6,35.800000000000004,28.9,28.1,30.0,4.95,1.99,4.96,0.16,0.0,0.0,1027.0,8228.0,0.0,0.0,0.0,0.0,0.0,1.0,0.0,0.0,0.0,0.0,0.0,-0.5,0.0,-0.1,0.0,0.0,16.0,25903.0
2026-07-30T19:02:50.859Z,340.342,340.356,0.0,7.4,0.0,0.0,0.0,0.0,0.0,0.0,0.0,0.0,1.0,0.0,0.0,0.0,9.0,4.0,0.0,0.0,0.0,0.0,0.0,0.0,0.0,0.0,3.0,12.0,1.0,12.15,5.0200000000000005,2.51,1.49,0.0,0.0,0.0,3.0,0.0,0.2,0.0,-1.1,-169.60000000000002,0.0,0.0,169.60000000000002,0.0,21.200000000000003,29.0,29.0,29.5,300.0,300.0,31.700000000000003,35.800000000000004,28.9,28.1,30.0,4.95,1.99,4.97,0.16,0.0,0.0,1027.0,8228.0,0.0,0.0,0.0,0.0,0.0,1.0,0.0,0.0,0.0,0.0,0.0,-0.7000000000000001,0.0,1.0,0.0,0.0,16.0,25903.0
2026-07-30T19:02:50.870Z,340.353,340.368,0.0,7.4,0.0,0.0,0.0,0.0,0.0,0.0,0.0,0.0,1.0,0.0,0.0,0.0,9.0,4.0,0.0,0.0,0.0,0.0,0.0,0.0,0.0,0.0,4.0,12.0,1.0,12.15,5.0200000000000005,2.51,1.49,-0.1,0.1,0.0,3.0,0.0,-0.3,1.2000000000000002,0.6000000000000001,-169.60000000000002,0.0,0.0,169.60000000000002,0.0,21.200000000000003,29.0,29.0,29.5,300.0,300.0,31.700000000000003,35.800000000000004,28.9,28.1,30.0,4.95,1.99,4.97,0.16,0.0,0.0,1027.0,8228.0,0.0,0.0,0.0,0.0,0.0,1.0,0.0,0.0,0.0,0.0,0.0,1.8,0.0,-0.2,0.0,0.0,16.0,25903.0
2026-07-30T19:02:50.882Z,340.365,340.38,0.0,7.4,0.0,0.0,0.0,0.0,0.0,0.0,0.0,0.0,1.0,0.0,0.0,0.0,9.0,4.0,0.0,0.0,0.0,0.0,0.0,0.0,0.0,0.0,6.0,12.0,1.0,12.15,5.0200000000000005,2.51,1.49,0.0,0.0,0.0,3.0,0.0,-0.3,-0.5,1.2000000000000002,-169.60000000000002,0.0,0.0,169.60000000000002,0.0,21.200000000000003,29.0,29.0,29.5,300.0,300.0,31.700000000000003,35.800000000000004,28.9,28.1,30.0,4.96,1.99,4.96,0.16,0.0,0.0,1027.0,8228.0,0.0,0.0,0.0,0.0,0.0,1.0,0.0,0.0,0.0,0.0,0.0,0.3,0.0,-1.1,0.0,0.0,16.0,25903.0
2026-07-30T19:02:50.894Z,340.377,340.392,0.0,7.4,0.0,0.0,0.0,0.0,0.0,0.0,0.0,0.0,1.0,0.0,0.0,0.0,9.0,4.0,0.0,0.0,0.0,0.0,0.0,0.0,0.0,0.0,1.0,12.0,1.0,12.15,5.0200000000000005,2.51,1.49,0.0,0.0,0.0,2.9000000000000004,0.0,0.2,-1.0,-1.1,-169.60000000000002,0.0,0.0,169.70000000000002,0.0,21.200000000000003,29.0,29.0,29.5,300.0,300.0,31.700000000000003,35.800000000000004,28.9,28.1,30.0,4.95,1.99,4.97,0.16,0.0,0.0,1027.0,8228.0,0.0,0.0,0.0,0.0,0.0,1.0,0.0,0.0,0.0,0.0,0.0,-2.1,0.0,0.7000000000000001,0.0,0.0,16.0,25903.0
2026-07-30T19:02:50.906Z,340.389,340.404,0.0,7.4,0.0,0.0,0.0,0.0,0.0,0.0,0.0,0.0,1.0,0.0,0.0,0.0,9.0,4.0,0.0,0.0,0.0,0.0,0.0,0.0,0.0,0.0,2.0,12.0,1.0,12.15,5.0200000000000005,2.51,1.49,0.0,0.0,0.0,2.9000000000000004,0.0,0.7000000000000001,0.0,1.1,-169.60000000000002,0.0,0.0,169.60000000000002,0.0,21.200000000000003,29.0,29.0,29.5,300.0,300.0,31.700000000000003,35.800000000000004,28.9,28.1,30.0,4.95,1.99,4.96,0.16,0.0,0.0,1027.0,8228.0,0.0,0.0,0.0,0.0,0.0,1.0,0.0,0.0,0.0,0.0,0.0,0.9,0.0,-1.0,0.0,0.0,16.0,25903.0
2026-07-30T19:02:50.917Z,340.4,340.416,0.0,7.4,0.0,0.0,0.0,0.0,0.0,0.0,0.0,0.0,1.0,0.0,0.0,0.0,9.0,4.0,0.0,0.0,0.0,0.0,0.0,0.0,0.0,0.0,4.0,12.0,1.0,12.15,5.0200000000000005,2.51,1.49,0.0,0.0,0.0,2.8000000000000003,0.0,0.7000000000000001,1.8,0.6000000000000001,-169.60000000000002,0.0,0.0,169.70000000000002,0.0,21.200000000000003,29.0,29.0,29.5,300.0,300.0,31.700000000000003,35.800000000000004,28.9,28.1,30.0,4.96,2.0,4.96,0.16,0.0,0.0,1027.0,8228.0,0.0,0.0,0.0,0.0,0.0,1.0,0.0,0.0,0.0,0.0,0.0,2.6,0.0,-0.1,0.0,0.0,16.0,25903.0
2026-07-30T19:02:50.930Z,340.413,340.428,0.0,7.4,0.0,0.0,0.0,0.0,0.0,0.0,0.0,0.0,1.0,0.0,0.0,0.0,9.0,4.0,0.0,0.0,0.0,0.0,0.0,0.0,0.0,0.0,5.0,12.0,1.0,12.15,5.0200000000000005,2.51,1.49,0.0,0.0,0.0,2.8000000000000003,0.0,-0.3,0.6000000000000001,-0.5,-169.60000000000002,0.0,0.0,169.60000000000002,0.0,21.200000000000003,29.0,29.0,29.5,300.0,300.0,31.700000000000003,35.800000000000004,28.9,28.1,30.0,4.95,2.0,4.96,0.16,0.0,0.0,1027.0,8228.0,0.0,0.0,0.0,0.0,0.0,1.0,0.0,0.0,0.0,0.0,0.0,0.3,0.0,0.6000000000000001,0.0,0.0001,16.0,25903.0
2026-07-30T19:02:50.942Z,340.425,340.44,0.0,7.4,0.0,0.0,0.0,0.0,0.0,0.0,0.0,0.0,1.0,0.0,0.0,0.0,9.0,4.0,0.0,0.0,0.0,0.0,0.0,0.0,0.0,0.0,1.0,12.0,1.0,12.15,5.0200000000000005,2.51,1.49,0.0,0.0,0.0,2.9000000000000004,0.0,-0.4,0.6000000000000001,1.7000000000000002,-169.60000000000002,0.0,0.0,169.70000000000002,0.0,21.200000000000003,29.0,29.0,29.5,300.0,300.0,31.700000000000003,35.800000000000004,28.9,28.1,30.0,4.95,1.99,4.97,0.16,0.0,0.0,1027.0,8228.0,0.0,0.0,0.0,0.0,0.0,1.0,0.0,0.0,0.0,0.0,0.0,2.0,0.0,-1.3,0.0,0.0,16.0,25903.0
2026-07-30T19:02:50.954Z,340.437,340.452,0.0,7.4,0.0,0.0,0.0,0.0,0.0,0.0,0.0,0.0,1.0,0.0,0.0,0.0,9.0,4.0,0.0,0.0,0.0,0.0,0.0,0.0,0.0,0.0,2.0,12.0,1.0,12.15,5.0200000000000005,2.51,1.49,0.0,0.0,0.0,2.8000000000000003,0.0,0.7000000000000001,1.2000000000000002,1.1,-169.60000000000002,0.0,0.0,169.60000000000002,0.0,21.200000000000003,29.0,29.0,29.5,300.0,300.0,31.700000000000003,35.800000000000004,28.9,28.1,30.0,4.95,1.99,4.96,0.16,0.0,0.0,1027.0,8228.0,0.0,0.0,0.0,0.0,0.0,1.0,0.0,0.0,0.0,0.0,0.0,2.2,0.0,-0.7000000000000001,0.0,0.0,16.0,25903.0
2026-07-30T19:02:50.966Z,340.449,340.464,0.0,7.4,0.0,0.0,0.0,0.0,0.0,0.0,0.0,0.0,1.0,0.0,0.0,0.0,9.0,4.0,0.0,0.0,0.0,0.0,0.0,0.0,0.0,0.0,3.0,12.0,1.0,12.18,5.0200000000000005,2.51,1.49,0.0,0.0,0.0,2.8000000000000003,0.0,0.1,0.0,-0.6000000000000001,-169.60000000000002,0.0,0.0,169.60000000000002,0.0,21.4,29.0,29.0,29.5,300.0,300.0,31.6,35.800000000000004,28.9,28.1,30.0,4.96,1.99,4.96,0.16,0.0,0.0,1027.0,8228.0,0.0,0.0,0.0,0.0,0.0,1.0,0.0,0.0,0.0,0.0,0.0,-0.4,0.0,0.5,0.0,0.0,16.0,25903.0
2026-07-30T19:02:50.978Z,340.461,340.476,0.0,7.4,0.0,0.0,0.0,0.0,0.0,0.0,0.0,0.0,1.0,0.0,0.0,0.0,9.0,4.0,0.0,0.0,0.0,0.0,0.0,0.0,0.0,0.0,4.0,12.0,1.0,12.18,5.0200000000000005,2.51,1.49,0.0,0.0,0.0,2.8000000000000003,0.0,0.1,0.0,0.0,-169.60000000000002,0.0,0.0,169.60000000000002,0.0,21.4,29.0,29.0,29.5,300.0,300.0,31.6,35.800000000000004,28.9,28.1,30.0,4.95,1.99,4.97,0.16,0.0,0.0,1027.0,8228.0,0.0,0.0,0.0,0.0,0.0,1.0,0.0,0.0,0.0,0.0,0.0,0.0,0.0,0.0,0.0,0.0,16.0,25903.0
2026-07-30T19:02:50.990Z,340.473,340.488,0.0,7.4,0.0,0.0,0.0,0.0,0.0,0.0,0.0,0.0,1.0,0.0,0.0,0.0,9.0,4.0,0.0,0.0,0.0,0.0,0.0,0.0,0.0,0.0,5.0,12.0,1.0,12.18,5.0200000000000005,2.51,1.49,0.0,0.1,0.0,2.8000000000000003,0.0,0.1,-1.1,0.5,-169.60000000000002,0.0,0.0,169.60000000000002,0.0,21.4,29.0,29.0,29.5,300.0,300.0,31.6,35.800000000000004,28.9,28.1,30.0,4.96,1.99,4.96,0.16,0.0,0.0,1027.0,8228.0,0.0,0.0,0.0,0.0,0.0,1.0,0.0,0.0,0.0,0.0,0.0,-0.9,0.0,-0.6000000000000001,0.0,0.0,16.0,25903.0
2026-07-30T19:02:51.002Z,340.485,340.5,0.0,7.4,0.0,0.0,0.0,0.0,0.0,0.0,0.0,0.0,1.0,0.0,0.0,0.0,9.0,4.0,0.0,0.0,0.0,0.0,0.0,0.0,0.0,0.0,1.0,12.0,1.0,12.18,5.0200000000000005,2.51,1.49,0.0,0.0,0.0,2.9000000000000004,0.0,0.7000000000000001,0.6000000000000001,0.5,-169.60000000000002,0.0,0.0,169.60000000000002,0.0,21.4,29.0,29.0,29.5,300.0,300.0,31.6,35.800000000000004,28.9,28.1,30.0,4.96,1.99,4.96,0.16,0.0,0.0,1027.0,8228.0,0.0,0.0,0.0,0.0,0.0,1.0,0.0,0.0,0.0,0.0,0.0,1.0,0.0,-0.3,0.0,0.0,16.0,25903.0
2026-07-30T19:02:51.014Z,340.497,340.512,0.0,7.4,0.0,0.0,0.0,0.0,0.0,0.0,0.0,0.0,1.0,0.0,0.0,0.0,9.0,4.0,0.0,0.0,0.0,0.0,0.0,0.0,0.0,0.0,2.0,12.0,1.0,12.18,5.0200000000000005,2.51,1.49,0.0,0.0,0.0,2.8000000000000003,0.0,0.7000000000000001,0.0,-0.6000000000000001,-169.60000000000002,0.0,0.0,169.60000000000002,0.0,21.4,29.0,29.0,29.5,300.0,300.0,31.6,35.800000000000004,28.9,28.1,30.0,4.95,1.99,4.96,0.16,0.0,0.0,1027.0,8228.0,0.0,0.0,0.0,0.0,0.0,1.0,0.0,0.0,0.0,0.0,0.0,-0.3,0.0,0.5,0.0,0.0,16.0,25903.0
2026-07-30T19:02:51.026Z,340.509,340.524,0.0,7.4,0.0,0.0,0.0,0.0,0.0,0.0,0.0,0.0,1.0,0.0,0.0,0.0,9.0,4.0,0.0,0.0,0.0,0.0,0.0,0.0,0.0,0.0,3.0,12.0,1.0,12.18,5.0200000000000005,2.51,1.49,0.0,0.0,0.0,2.8000000000000003,0.0,0.7000000000000001,-0.5,0.0,-169.60000000000002,0.0,0.0,169.60000000000002,0.0,21.4,29.0,29.0,29.5,300.0,300.0,31.6,35.800000000000004,28.9,28.1,30.0,4.95,1.99,4.97,0.16,0.0,0.0,1027.0,8228.0,0.0,0.0,0.0,0.0,0.0,1.0,0.0,0.0,0.0,0.0,0.0,-0.6000000000000001,0.0,0.0,0.0,0.0,16.0,25903.0
2026-07-30T19:02:51.038Z,340.521,340.536,0.0,7.4,0.0,0.0,0.0,0.0,0.0,0.0,0.0,0.0,1.0,0.0,0.0,0.0,9.0,4.0,0.0,0.0,0.0,0.0,0.0,0.0,0.0,0.0,4.0,12.0,1.0,12.18,5.0200000000000005,2.51,1.49,0.0,0.0,0.0,2.8000000000000003,0.0,0.2,-0.5,1.1,-169.60000000000002,0.0,0.0,169.60000000000002,0.0,21.4,29.0,29.0,29.5,300.0,300.0,31.6,35.800000000000004,28.9,28.1,30.0,4.96,1.99,4.96,0.16,0.0,0.0,1027.0,8228.0,0.0,0.0,0.0,0.0,0.0,1.0,0.0,0.0,0.0,0.0,0.0,0.1,0.0,-1.1,0.0,0.0,16.0,25903.0
2026-07-30T19:02:51.050Z,340.533,340.548,0.0,7.4,0.0,0.0,0.0,0.0,0.0,0.0,0.0,0.0,1.0,0.0,0.0,0.0,9.0,4.0,0.0,0.0,0.0,0.0,0.0,0.0,0.0,0.0,5.0,12.0,1.0,12.18,5.0200000000000005,2.51,1.49,0.0,0.0,0.0,2.8000000000000003,0.0,0.2,-0.5,1.1,-169.60000000000002,0.0,0.0,169.60000000000002,0.0,21.4,29.0,29.0,29.5,300.0,300.0,31.6,35.800000000000004,28.9,28.1,30.0,4.96,1.99,4.97,0.16,0.0,0.0,1027.0,8228.0,0.0,0.0,0.0,0.0,0.0,1.0,0.0,0.0,0.0,0.0,0.0,0.2,0.0,-1.1,0.0,0.0,16.0,25903.0
2026-07-30T19:02:51.063Z,340.546,340.56,0.0,7.4,0.0,0.0,0.0,0.0,0.0,0.0,0.0,0.0,1.0,0.0,0.0,0.0,9.0,4.0,0.0,0.0,0.0,0.0,0.0,0.0,0.0,0.0,6.0,12.0,1.0,12.17,5.0200000000000005,2.5,1.5,0.0,0.0,0.0,2.7,0.0,-0.9,-0.5,0.0,-169.60000000000002,0.0,0.0,169.60000000000002,0.0,21.4,29.0,29.0,29.5,300.0,300.0,31.6,35.800000000000004,28.9,28.1,30.0,4.95,1.99,4.97,0.16,0.0,0.0,1027.0,8228.0,0.0,0.0,0.0,0.0,0.0,1.0,0.0,0.0,0.0,0.0,0.0,-0.6000000000000001,0.0,0.0,0.0,0.0,16.0,25903.0
2026-07-30T19:02:51.074Z,340.557,340.572,0.0,7.4,0.0,0.0,0.0,0.0,0.0,0.0,0.0,0.0,1.0,0.0,0.0,0.0,9.0,4.0,0.0,0.0,0.0,0.0,0.0,0.0,0.0,0.0,2.0,12.0,1.0,12.17,5.0200000000000005,2.5,1.5,0.0,0.0,0.0,2.7,0.0,0.2,-0.5,0.0,-169.60000000000002,0.0,0.0,169.60000000000002,0.0,21.4,29.0,29.0,29.5,300.0,300.0,31.6,35.800000000000004,28.9,28.1,30.0,4.95,1.99,4.96,0.16,0.0,0.0,1027.0,8228.0,0.0,0.0,0.0,0.0,0.0,1.0,0.0,0.0,0.0,0.0,0.0,-0.7000000000000001,0.0,0.0,0.0,0.0,16.0,25903.0
2026-07-30T19:02:51.086Z,340.569,340.584,0.0,7.4,0.0,0.0,0.0,0.0,0.0,0.0,0.0,0.0,1.0,0.0,0.0,0.0,9.0,4.0,0.0,0.0,0.0,0.0,0.0,0.0,0.0,0.0,3.0,12.0,1.0,12.17,5.0200000000000005,2.5,1.5,0.0,0.0,0.0,2.7,0.0,0.2,-1.1,0.0,-169.60000000000002,0.0,0.0,169.60000000000002,0.0,21.4,29.0,29.0,29.5,300.0,300.0,31.6,35.800000000000004,28.9,28.1,30.0,4.95,2.0,4.97,0.16,0.0,0.0,1027.0,8228.0,0.0,0.0,0.0,0.0,0.0,1.0,0.0,0.0,0.0,0.0,0.0,-1.3,0.0,-0.2,0.0,0.0,16.0,25903.0
2026-07-30T19:02:51.098Z,340.581,340.596,0.0,7.4,0.0,0.0,0.0,0.0,0.0,0.0,0.0,0.0,1.0,0.0,0.0,0.0,9.0,4.0,0.0,0.0,0.0,0.0,0.0,0.0,0.0,0.0,4.0,12.0,1.0,12.17,5.0200000000000005,2.5,1.5,0.0,0.0,0.0,2.7,0.0,0.1,0.0,1.1,-169.60000000000002,0.0,0.0,169.60000000000002,0.0,21.4,29.0,29.0,29.5,300.0,300.0,31.6,35.800000000000004,28.9,28.1,30.0,4.95,1.99,4.97,0.16,0.0,0.0,1027.0,8228.0,0.0,0.0,0.0,0.0,0.0,1.0,0.0,0.0,0.0,0.0,0.0,0.8,0.0,0.8,0.0,0.0,16.0,25903.0
2026-07-30T19:02:51.110Z,340.593,340.608,0.0,7.4,0.0,0.0,0.0,0.0,0.0,0.0,0.0,0.0,1.0,0.0,0.0,0.0,9.0,4.0,0.0,0.0,0.0,0.0,0.0,0.0,0.0,0.0,6.0,12.0,1.0,12.17,5.0200000000000005,2.5,1.5,0.0,0.0,0.0,2.7,0.0,0.1,0.0,0.0,-169.60000000000002,0.0,0.0,169.60000000000002,0.0,21.4,29.0,29.0,29.5,300.0,300.0,31.6,35.800000000000004,28.9,28.1,30.0,4.95,1.99,4.97,0.16,0.0,0.0,1027.0,8228.0,0.0,0.0,0.0,0.0,0.0,1.0,0.0,0.0,0.0,0.0,0.0,0.0,0.0,0.0,0.0,0.0,16.0,25903.0
2026-07-30T19:02:51.122Z,340.605,340.62,0.0,7.4,0.0,0.0,0.0,0.0,0.0,0.0,0.0,0.0,1.0,0.0,0.0,0.0,9.0,4.0,0.0,0.0,0.0,0.0,0.0,0.0,0.0,0.0,1.0,12.0,1.0,12.17,5.0200000000000005,2.5,1.5,0.0,0.0,0.0,2.7,0.0,-1.0,0.0,1.0,-169.60000000000002,0.0,0.0,169.60000000000002,0.0,21.4,29.0,29.0,29.5,300.0,300.0,31.6,35.800000000000004,28.9,28.1,30.0,4.96,1.99,4.96,0.16,0.0,0.0,1027.0,8228.0,0.0,0.0,0.0,0.0,0.0,1.0,0.0,0.0,0.0,0.0,0.0,0.0,0.0,-1.0,0.0,0.0,16.0,25903.0
2026-07-30T19:02:51.133Z,340.616,340.632,0.0,7.4,0.0,0.0,0.0,0.0,0.0,0.0,0.0,0.0,1.0,0.0,0.0,0.0,9.0,4.0,0.0,0.0,0.0,0.0,0.0,0.0,0.0,0.0,2.0,12.0,1.0,12.17,5.0200000000000005,2.5,1.5,0.0,0.0,0.0,2.6,0.0,0.1,-0.7000000000000001,-0.7000000000000001,-169.60000000000002,0.0,0.0,169.60000000000002,0.0,21.4,29.0,29.0,29.5,300.0,300.0,31.6,35.800000000000004,28.9,28.1,30.0,4.95,1.99,4.97,0.16,0.0,0.0,1027.0,8228.0,0.0,0.0,0.0,0.0,0.0,1.0,0.0,0.0,0.0,0.0,0.0,-0.4,0.0,-0.5,0.0,0.0,16.0,25903.0
2026-07-30T19:02:51.145Z,340.628,340.644,0.0,7.4,0.0,0.0,0.0,0.0,0.0,0.0,0.0,0.0,1.0,0.0,0.0,0.0,9.0,4.0,0.0,0.0,0.0,0.0,0.0,0.0,0.0,0.0,3.0,12.0,1.0,12.17,5.0200000000000005,2.5,1.5,0.0,0.0,0.0,2.6,0.0,-0.9,-0.1,-0.7000000000000001,-169.60000000000002,0.0,0.0,169.60000000000002,0.0,21.4,29.0,29.0,29.5,300.0,300.0,31.6,35.800000000000004,28.9,28.1,30.0,4.95,2.0,4.96,0.16,0.0,0.0,1027.0,8228.0,0.0,0.0,0.0,0.0,0.0,1.0,0.0,0.0,0.0,0.0,0.0,-0.6000000000000001,0.0,0.6000000000000001,0.0,0.0,16.0,25903.0
2026-07-30T19:02:51.157Z,340.64,340.656,0.0,7.4,0.0,0.0,0.0,0.0,0.0,0.0,0.0,0.0,1.0,0.0,0.0,0.0,9.0,4.0,0.0,0.0,0.0,0.0,0.0,0.0,0.0,0.0,4.0,12.0,1.0,12.17,5.0200000000000005,2.5,1.5,0.0,0.0,0.0,2.7,0.0,0.7000000000000001,0.4,1.6,-169.60000000000002,0.0,0.0,169.60000000000002,0.0,21.4,29.0,29.0,29.5,300.0,300.0,31.6,35.800000000000004,28.9,28.1,30.0,4.96,1.99,4.96,0.16,0.0,0.0,1027.0,8228.0,0.0,0.0,0.0,0.0,0.0,1.0,0.0,0.0,0.0,0.0,0.0,1.7000000000000002,0.0,-1.3,0.0,0.0,16.0,25903.0
2026-07-30T19:02:51.170Z,340.653,340.668,0.0,7.4,0.0,0.0,0.0,0.0,0.0,0.0,0.0,0.0,1.0,0.0,0.0,0.0,9.0,4.0,0.0,0.0,0.0,0.0,0.0,0.0,0.0,0.0,5.0,12.0,1.0,12.15,5.01,2.51,1.49,0.0,0.0,0.0,2.7,0.0,0.1,0.5,1.6,-169.60000000000002,0.0,0.0,169.70000000000002,0.0,21.700000000000003,29.0,29.0,29.5,300.0,300.0,31.700000000000003,35.800000000000004,28.9,28.1,30.0,4.95,1.99,4.96,0.16,0.0,0.0,1027.0,8228.0,0.0,0.0,0.0,0.0,0.0,1.0,0.0,0.0,0.0,0.0,0.0,1.8,0.0,-1.3,0.0,0.0,16.0,25903.0
2026-07-30T19:02:51.182Z,340.665,340.68,0.0,7.4,0.0,0.0,0.0,0.0,0.0,0.0,0.0,0.0,1.0,0.0,0.0,0.0,9.0,4.0,0.0,0.0,0.0,0.0,0.0,0.0,0.0,0.0,6.0,12.0,1.0,12.15,5.01,2.51,1.49,0.0,0.0,0.0,2.6,0.0,0.2,-0.6000000000000001,1.1,-169.60000000000002,0.0,0.0,169.60000000000002,0.0,21.700000000000003,29.0,29.0,29.5,300.0,300.0,31.700000000000003,35.800000000000004,28.9,28.1,30.0,4.95,1.99,4.97,0.16,0.0,0.0,1027.0,8228.0,0.0,0.0,0.0,0.0,0.0,1.0,0.0,0.0,0.0,0.0,0.0,0.1,0.0,-1.1,0.0,0.0001,16.0,25903.0
2026-07-30T19:02:51.194Z,340.677,340.692,0.0,7.4,0.0,0.0,0.0,0.0,0.0,0.0,0.0,0.0,1.0,0.0,0.0,0.0,9.0,4.0,0.0,0.0,0.0,0.0,0.0,0.0,0.0,0.0,1.0,12.0,1.0,12.15,5.01,2.51,1.49,0.0,0.0,0.0,2.6,0.0,0.8,0.0,0.0,-169.60000000000002,0.0,0.0,169.70000000000002,0.0,21.700000000000003,29.0,29.0,29.5,300.0,300.0,31.700000000000003,35.800000000000004,28.9,28.1,30.0,4.95,1.99,4.96,0.16,0.0,0.0,1027.0,8228.0,0.0,0.0,0.0,0.0,0.0,1.0,0.0,0.0,0.0,0.0,0.0,0.0,0.0,0.0,0.0,0.0,16.0,25903.0
2026-07-30T19:02:51.206Z,340.689,340.704,0.0,7.4,0.0,0.0,0.0,0.0,0.0,0.0,0.0,0.0,1.0,0.0,0.0,0.0,9.0,4.0,0.0,0.0,0.0,0.0,0.0,0.0,0.0,0.0,2.0,12.0,1.0,12.15,5.01,2.51,1.49,0.0,0.0,0.0,2.6,0.0,0.2,0.0,-0.6000000000000001,-169.60000000000002,0.0,0.0,169.60000000000002,0.0,21.700000000000003,29.0,29.0,29.5,300.0,300.0,31.700000000000003,35.800000000000004,28.9,28.1,30.0,4.96,1.99,4.96,0.16,0.0,0.0,1027.0,8228.0,0.0,0.0,0.0,0.0,0.0,1.0,0.0,0.0,0.0,0.0,0.0,-0.5,0.0,0.5,0.0,0.0,16.0,25903.0
2026-07-30T19:02:51.218Z,340.701,340.716,0.0,7.4,0.0,0.0,0.0,0.0,0.0,0.0,0.0,0.0,1.0,0.0,0.0,0.0,9.0,4.0,0.0,0.0,0.0,0.0,0.0,0.0,0.0,0.0,3.0,12.0,1.0,12.15,5.01,2.51,1.49,0.0,0.0,0.0,2.6,0.0,-0.3,-1.2000000000000002,-1.2000000000000002,-169.60000000000002,0.0,0.0,169.60000000000002,0.0,21.700000000000003,29.0,29.0,29.5,300.0,300.0,31.700000000000003,35.800000000000004,28.9,28.1,30.0,4.95,1.99,4.97,0.16,0.0,0.0,1027.0,8228.0,0.0,0.0,0.0,0.0,0.0,1.0,0.0,0.0,0.0,0.0,0.0,-2.3000000000000003,0.0,0.8,0.0,0.0,16.0,25903.0
2026-07-30T19:02:51.229Z,340.712,340.728,0.0,7.4,0.0,0.0,0.0,0.0,0.0,0.0,0.0,0.0,1.0,0.0,0.0,0.0,9.0,4.0,0.0,0.0,0.0,0.0,0.0,0.0,0.0,0.0,4.0,12.0,1.0,12.15,5.01,2.51,1.49,0.0,0.0,0.0,2.6,0.0,-0.3,0.0,1.1,-169.60000000000002,0.0,0.0,169.70000000000002,0.0,21.700000000000003,29.0,29.0,29.5,300.0,300.0,31.700000000000003,35.800000000000004,28.9,28.1,30.0,4.95,1.99,4.97,0.16,0.0,0.0,1027.0,8228.0,0.0,0.0,0.0,0.0,0.0,1.0,0.0,0.0,0.0,0.0,0.0,0.7000000000000001,0.0,-1.0,0.0,0.0,16.0,25903.0
2026-07-30T19:02:51.242Z,340.725,340.74,0.0,7.4,0.0,0.0,0.0,0.0,0.0,0.0,0.0,0.0,1.0,0.0,0.0,0.0,9.0,4.0,0.0,0.0,0.0,0.0,0.0,0.0,0.0,0.0,5.0,12.0,1.0,12.15,5.01,2.51,1.49,0.0,0.0,0.0,2.5,0.0,-0.3,-0.1,-0.6000000000000001,-169.60000000000002,0.0,0.0,169.70000000000002,0.0,21.700000000000003,29.0,29.0,29.5,300.0,300.0,31.700000000000003,35.800000000000004,28.9,28.1,30.0,4.95,1.99,4.97,0.16,0.0,0.0,1027.0,8228.0,0.0,0.0,0.0,0.0,0.0,1.0,0.0,0.0,0.0,0.0,0.0,-0.5,0.0,0.5,0.0,0.0001,16.0,25903.0
2026-07-30T19:02:51.254Z,340.737,340.752,0.0,7.4,0.0,0.0,0.0,0.0,0.0,0.0,0.0,0.0,1.0,0.0,0.0,0.0,9.0,4.0,0.0,0.0,0.0,0.0,0.0,0.0,0.0,0.0,1.0,12.0,1.0,12.15,5.01,2.51,1.49,0.0,0.0,0.0,2.6,0.0,0.2,0.0,0.0,-169.60000000000002,0.0,0.0,169.70000000000002,0.0,21.700000000000003,29.0,29.0,29.5,300.0,300.0,31.700000000000003,35.800000000000004,28.9,28.1,30.0,4.96,1.99,4.97,0.16,0.0,0.0,1027.0,8228.0,0.0,0.0,0.0,0.0,0.0,1.0,0.0,0.0,0.0,0.0,0.0,0.0,0.0,0.0,0.0,0.0,16.0,25903.0
2026-07-30T19:02:51.267Z,340.75,340.764,0.0,7.4,0.0,0.0,0.0,0.0,0.0,0.0,0.0,0.0,1.0,0.0,0.0,0.0,9.0,4.0,0.0,0.0,0.0,0.0,0.0,0.0,0.0,0.0,2.0,12.0,1.0,12.17,5.0200000000000005,2.51,1.49,0.0,0.0,0.0,2.6,0.0,-0.9,0.0,-1.1,-169.60000000000002,0.0,0.0,169.60000000000002,0.0,21.3,29.0,29.0,29.5,300.0,300.0,31.700000000000003,35.800000000000004,28.9,28.1,30.0,4.95,1.99,4.97,0.16,0.0,0.0,1027.0,8228.0,0.0,0.0,0.0,0.0,0.0,1.0,0.0,0.0,0.0,0.0,0.0,-0.9,0.0,1.0,0.0,0.0,16.0,25903.0
2026-07-30T19:02:51.278Z,340.761,340.776,0.0,7.4,0.0,0.0,0.0,0.0,0.0,0.0,0.0,0.0,1.0,0.0,0.0,0.0,9.0,4.0,0.0,0.0,0.0,0.0,0.0,0.0,0.0,0.0,3.0,12.0,1.0,12.17,5.0200000000000005,2.51,1.49,0.0,0.0,0.0,2.5,0.0,0.2,-0.6000000000000001,0.0,-169.60000000000002,0.0,0.0,169.60000000000002,0.0,21.3,29.0,29.0,29.5,300.0,300.0,31.700000000000003,35.800000000000004,28.9,28.1,30.0,4.96,1.99,4.96,0.16,0.0,0.0,1027.0,8228.0,0.0,0.0,0.0,0.0,0.0,1.0,0.0,0.0,0.0,0.0,0.0,-0.7000000000000001,0.0,0.0,0.0,0.0,16.0,25903.0
2026-07-30T19:02:51.290Z,340.773,340.788,0.0,7.4,0.0,0.0,0.0,0.0,0.0,0.0,0.0,0.0,1.0,0.0,0.0,0.0,9.0,4.0,0.0,0.0,0.0,0.0,0.0,0.0,0.0,0.0,5.0,12.0,1.0,12.17,5.0200000000000005,2.51,1.49,0.0,0.0,0.0,2.5,0.0,-1.4,0.5,0.5,-169.60000000000002,0.0,0.0,169.60000000000002,0.0,21.3,29.0,29.0,29.5,300.0,300.0,31.700000000000003,35.800000000000004,28.9,28.1,30.0,4.96,2.0,4.97,0.16,0.0,0.0,1027.0,8228.0,0.0,0.0,0.0,0.0,0.0,1.0,0.0,0.0,0.0,0.0,0.0,0.9,0.0,-0.3,0.0,0.0,16.0,25903.0
2026-07-30T19:02:51.302Z,340.785,340.8,0.0,7.4,0.0,0.0,0.0,0.0,0.0,0.0,0.0,0.0,1.0,0.0,0.0,0.0,9.0,4.0,0.0,0.0,0.0,0.0,0.0,0.0,0.0,0.0,6.0,12.0,1.0,12.17,5.0200000000000005,2.51,1.49,0.0,0.0,0.0,2.5,0.0,0.3,1.0,-0.1,-169.60000000000002,0.0,0.0,169.60000000000002,0.0,21.3,29.0,29.0,29.5,300.0,300.0,31.700000000000003,35.800000000000004,28.9,28.1,30.0,4.95,1.99,4.97,0.16,0.0,0.0,1027.0,8228.0,0.0,0.0,0.0,0.0,0.0,1.0,0.0,0.0,0.0,0.0,0.0,1.1,0.0,0.3,0.0,0.0,16.0,25903.0
2026-07-30T19:02:51.314Z,340.797,340.812,0.0,7.4,0.0,0.0,0.0,0.0,0.0,0.0,0.0,0.0,1.0,0.0,0.0,0.0,9.0,4.0,0.0,0.0,0.0,0.0,0.0,0.0,0.0,0.0,1.0,12.0,1.0,12.17,5.0200000000000005,2.51,1.49,0.0,0.0,0.0,2.5,0.0,-0.2,0.0,0.5,-169.60000000000002,0.0,0.0,169.70000000000002,0.0,21.3,29.0,29.0,29.5,300.0,300.0,31.700000000000003,35.800000000000004,28.9,28.1,30.0,4.96,1.99,4.97,0.16,0.0,0.0,1027.0,8228.0,0.0,0.0,0.0,0.0,0.0,1.0,0.0,0.0,0.0,0.0,0.0,0.3,0.0,-0.4,0.0,0.0,16.0,25903.0
2026-07-30T19:02:51.326Z,340.809,340.824,0.0,7.4,0.0,0.0,0.0,0.0,0.0,0.0,0.0,0.0,1.0,0.0,0.0,0.0,9.0,4.0,0.0,0.0,0.0,0.0,0.0,0.0,0.0,0.0,2.0,12.0,1.0,12.17,5.0200000000000005,2.51,1.49,0.0,0.0,0.0,2.5,0.0,-0.2,-1.2000000000000002,-1.2000000000000002,-169.60000000000002,0.0,0.0,169.60000000000002,0.0,21.3,29.0,29.0,29.5,300.0,300.0,31.700000000000003,35.800000000000004,28.9,28.1,30.0,4.96,1.99,4.96,0.16,0.0,0.0,1027.0,8228.0,0.0,0.0,0.0,0.0,0.0,1.0,0.0,0.0,0.0,0.0,0.0,-2.3000000000000003,0.0,0.8,0.0,0.0,16.0,25903.0
2026-07-30T19:02:51.338Z,340.821,340.836,0.0,7.4,0.0,0.0,0.0,0.0,0.0,0.0,0.0,0.0,1.0,0.0,0.0,0.0,9.0,4.0,0.0,0.0,0.0,0.0,0.0,0.0,0.0,0.0,3.0,12.0,1.0,12.17,5.0200000000000005,2.51,1.49,0.0,0.1,0.0,2.4000000000000004,0.0,-0.2,-0.6000000000000001,0.0,-169.60000000000002,0.0,0.0,169.60000000000002,0.0,21.3,29.0,29.0,29.5,300.0,300.0,31.700000000000003,35.800000000000004,28.9,28.1,30.0,4.96,1.99,4.97,0.16,0.0,0.0,1027.0,8228.0,0.0,0.0,0.0,0.0,0.0,1.0,0.0,0.0,0.0,0.0,0.0,-0.7000000000000001,0.0,0.0,0.0,0.0,16.0,25903.0
2026-07-30T19:02:51.350Z,340.833,340.848,0.0,7.4,0.0,0.0,0.0,0.0,0.0,0.0,0.0,0.0,1.0,0.0,0.0,0.0,9.0,4.0,0.0,0.0,0.0,0.0,0.0,0.0,0.0,0.0,4.0,12.0,1.0,12.17,5.0200000000000005,2.51,1.49,0.0,0.0,0.0,2.4000000000000004,0.0,-0.2,0.0,1.0,-169.60000000000002,0.0,0.0,169.60000000000002,0.0,21.3,29.0,29.0,29.5,300.0,300.0,31.700000000000003,35.800000000000004,28.9,28.1,30.0,4.96,2.0,4.97,0.16,0.0,0.0,1027.0,8228.0,0.0,0.0,0.0,0.0,0.0,1.0,0.0,0.0,0.0,0.0,0.0,0.8,0.0,-0.9,0.0,0.0,16.0,25903.0
2026-07-30T19:02:51.362Z,340.845,340.86,0.0,7.4,0.0,0.0,0.0,0.0,0.0,0.0,0.0,0.0,1.0,0.0,0.0,0.0,9.0,4.0,0.0,0.0,0.0,0.0,0.0,0.0,0.0,0.0,5.0,12.0,1.0,12.17,5.0200000000000005,2.51,1.49,0.0,0.0,0.0,2.5,0.0,-0.2,0.0,1.0,-169.60000000000002,0.0,0.0,169.70000000000002,0.0,21.3,29.0,29.0,29.5,300.0,300.0,31.700000000000003,35.800000000000004,28.9,28.1,30.0,4.95,2.0,4.96,0.16,0.0,0.0,1027.0,8228.0,0.0,0.0,0.0,0.0,0.0,1.0,0.0,0.0,0.0,0.0,0.0,0.8,0.0,-0.9,0.0,0.0,16.0,25903.0
2026-07-30T19:02:51.374Z,340.857,340.872,0.0,7.4,0.0,0.0,0.0,0.0,0.0,0.0,0.0,0.0,1.0,0.0,0.0,0.0,9.0,4.0,0.0,0.0,0.0,0.0,0.0,0.0,0.0,0.0,6.0,12.0,1.0,12.13,5.0200000000000005,2.51,1.5,0.0,0.0,0.0,2.4000000000000004,0.0,-0.2,0.0,-0.1,-169.60000000000002,0.0,0.0,169.60000000000002,0.0,21.700000000000003,29.0,29.0,29.5,300.0,300.0,31.700000000000003,35.800000000000004,28.9,28.1,30.0,4.95,1.99,4.97,0.16,0.0,0.0,1027.0,8228.0,0.0,0.0,0.0,0.0,0.0,1.0,0.0,0.0,0.0,0.0,0.0,0.0,0.0,0.0,0.0,0.0,16.0,25903.0
2026-07-30T19:02:51.386Z,340.869,340.884,0.0,7.4,0.0,0.0,0.0,0.0,0.0,0.0,0.0,0.0,1.0,0.0,0.0,0.0,9.0,4.0,0.0,0.0,0.0,0.0,0.0,0.0,0.0,0.0,2.0,12.0,1.0,12.13,5.0200000000000005,2.51,1.5,0.0,0.0,0.0,2.5,0.0,-0.2,-0.6000000000000001,-0.6000000000000001,-169.60000000000002,0.0,0.0,169.60000000000002,0.0,21.700000000000003,29.0,29.0,29.5,300.0,300.0,31.700000000000003,35.800000000000004,28.9,28.1,30.0,4.95,1.99,4.97,0.16,0.0,0.0,1027.0,8228.0,0.0,0.0,0.0,0.0,0.0,1.0,0.0,0.0,0.0,0.0,0.0,-1.2000000000000002,0.0,0.4,0.0,0.0,16.0,25903.0
2026-07-30T19:02:51.398Z,340.881,340.896,0.0,7.4,0.0,0.0,0.0,0.0,0.0,0.0,0.0,0.0,1.0,0.0,0.0,0.0,9.0,4.0,0.0,0.0,0.0,0.0,0.0,0.0,0.0,0.0,2.0,12.0,1.0,12.13,5.0200000000000005,2.51,1.5,0.0,0.0,0.0,2.3000000000000003,0.0,-0.3,-0.6000000000000001,-0.7000000000000001,-169.60000000000002,0.0,0.0,169.60000000000002,0.0,21.700000000000003,29.0,29.0,29.5,300.0,300.0,31.700000000000003,35.800000000000004,28.9,28.1,30.0,4.96,1.99,4.97,0.16,0.0,0.0,1027.0,8228.0,0.0,0.0,0.0,0.0,0.0,1.0,0.0,0.0,0.0,0.0,0.0,-1.2000000000000002,0.0,0.4,0.0,0.0,16.0,25903.0
2026-07-30T19:02:51.410Z,340.893,340.908,0.0,7.4,0.0,0.0,0.0,0.0,0.0,0.0,0.0,0.0,1.0,0.0,0.0,0.0,9.0,4.0,0.0,0.0,0.0,0.0,0.0,0.0,0.0,0.0,4.0,12.0,1.0,12.13,5.0200000000000005,2.51,1.5,0.0,0.0,0.0,2.3000000000000003,0.0,-0.3,-0.5,-0.1,-169.60000000000002,0.0,0.0,169.60000000000002,0.0,21.700000000000003,29.0,29.0,29.5,300.0,300.0,31.700000000000003,35.800000000000004,28.9,28.1,30.0,4.96,1.99,4.96,0.16,0.0,0.0,1027.0,8228.0,0.0,0.0,0.0,0.0,0.0,1.0,0.0,0.0,0.0,0.0,0.0,-0.7000000000000001,0.0,0.0,0.0,0.0,16.0,25903.0
2026-07-30T19:02:51.422Z,340.905,340.92,0.0,7.4,0.0,0.0,0.0,0.0,0.0,0.0,0.0,0.0,1.0,0.0,0.0,0.0,9.0,4.0,0.0,0.0,0.0,0.0,0.0,0.0,0.0,0.0,5.0,12.0,1.0,12.13,5.0200000000000005,2.51,1.5,0.0,0.1,0.0,2.4000000000000004,0.0,0.2,0.0,-0.1,-169.60000000000002,0.0,0.0,169.60000000000002,0.0,21.700000000000003,29.0,29.0,29.5,300.0,300.0,31.700000000000003,35.800000000000004,28.9,28.1,30.0,4.96,1.99,4.97,0.16,0.0,0.0,1027.0,8228.0,0.0,0.0,0.0,0.0,0.0,1.0,0.0,0.0,0.0,0.0,0.0,-0.1,0.0,0.1,0.0,0.0,16.0,25903.0
2026-07-30T19:02:51.434Z,340.917,340.932,0.0,7.4,0.0,0.0,0.0,0.0,0.0,0.0,0.0,0.0,1.0,0.0,0.0,0.0,9.0,4.0,0.0,0.0,0.0,0.0,0.0,0.0,0.0,0.0,6.0,12.0,1.0,12.13,5.0200000000000005,2.51,1.5,0.0,0.0,0.0,2.4000000000000004,0.0,0.2,0.0,0.9,-169.60000000000002,0.0,0.0,169.70000000000002,0.0,21.700000000000003,29.0,29.0,29.5,300.0,300.0,31.700000000000003,35.800000000000004,28.9,28.1,30.0,4.96,1.99,4.96,0.16,0.0,0.0,1027.0,8228.0,0.0,0.0,0.0,0.0,0.0,1.0,0.0,0.0,0.0,0.0,0.0,0.7000000000000001,0.0,-0.8,0.0,0.0,16.0,25903.0
2026-07-30T19:02:51.446Z,340.929,340.944,0.0,7.4,0.0,0.0,0.0,0.0,0.0,0.0,0.0,0.0,1.0,0.0,0.0,0.0,9.0,4.0,0.0,0.0,0.0,0.0,0.0,0.0,0.0,0.0,1.0,12.0,1.0,12.13,5.0200000000000005,2.51,1.5,0.0,0.0,0.0,2.4000000000000004,0.0,0.8,0.0,-0.7000000000000001,-169.60000000000002,0.0,0.0,169.60000000000002,0.0,21.700000000000003,29.0,29.0,29.5,300.0,300.0,31.700000000000003,35.800000000000004,28.9,28.1,30.0,4.95,1.99,4.96,0.16,0.0,0.0,1027.0,8228.0,0.0,0.0,0.0,0.0,0.0,1.0,0.0,0.0,0.0,0.0,0.0,-0.5,0.0,0.6000000000000001,0.0,0.0,16.0,25903.0
2026-07-30T19:02:51.458Z,340.941,340.956,0.0,7.4,0.0,0.0,0.0,0.0,0.0,0.0,0.0,0.0,1.0,0.0,0.0,0.0,9.0,4.0,0.0,0.0,0.0,0.0,0.0,0.0,0.0,0.0,2.0,12.0,1.0,12.13,5.0200000000000005,2.51,1.5,0.0,0.0,0.0,2.3000000000000003,0.0,1.4,-0.5,0.4,-169.60000000000002,0.0,0.0,169.60000000000002,0.0,21.700000000000003,29.0,29.0,29.5,300.0,300.0,31.700000000000003,35.800000000000004,28.9,28.1,30.0,4.95,1.99,4.97,0.16,0.0,0.0,1027.0,8228.0,0.0,0.0,0.0,0.0,0.0,1.0,0.0,0.0,0.0,0.0,0.0,-0.2,0.0,-0.4,0.0,0.0,16.0,25903.0
2026-07-30T19:02:51.471Z,340.954,340.968,0.0,7.4,0.0,0.0,0.0,0.0,0.0,0.0,0.0,0.0,1.0,0.0,0.0,0.0,9.0,4.0,0.0,0.0,0.0,0.0,0.0,0.0,0.0,0.0,4.0,12.0,1.0,12.18,5.0200000000000005,2.5,1.49,0.0,0.0,0.0,2.3000000000000003,0.0,-0.2,-0.5,0.4,-169.60000000000002,0.0,0.0,169.60000000000002,0.0,21.4,29.0,29.0,29.5,300.0,300.0,31.8,35.800000000000004,28.9,28.1,30.0,4.96,1.99,4.97,0.16,0.0,0.0,1027.0,8228.0,0.0,0.0,0.0,0.0,0.0,1.0,0.0,0.0,0.0,0.0,0.0,-0.2,0.0,-0.4,0.0,0.0,16.0,25903.0
2026-07-30T19:02:51.482Z,340.965,340.98,0.0,7.4,0.0,0.0,0.0,0.0,0.0,0.0,0.0,0.0,1.0,0.0,0.0,0.0,9.0,4.0,0.0,0.0,0.0,0.0,0.0,0.0,0.0,0.0,5.0,12.0,1.0,12.18,5.0200000000000005,2.5,1.49,0.0,0.0,0.0,2.3000000000000003,0.0,-0.2,0.6000000000000001,0.4,-169.60000000000002,0.0,0.0,169.60000000000002,0.0,21.4,29.0,29.0,29.5,300.0,300.0,31.8,35.800000000000004,28.9,28.1,30.0,4.96,1.99,4.96,0.16,0.0,0.0,1027.0,8228.0,0.0,0.0,0.0,0.0,0.0,1.0,0.0,0.0,0.0,0.0,0.0,1.0,0.0,-0.2,0.0,0.0,16.0,25903.0
2026-07-30T19:02:51.494Z,340.977,340.992,0.0,7.4,0.0,0.0,0.0,0.0,0.0,0.0,0.0,0.0,1.0,0.0,0.0,0.0,9.0,4.0,0.0,0.0,0.0,0.0,0.0,0.0,0.0,0.0,1.0,12.0,1.0,12.18,5.0200000000000005,2.5,1.49,0.0,0.1,0.0,2.3000000000000003,0.0,-0.2,-0.4,0.4,-169.60000000000002,0.0,0.0,169.60000000000002,0.0,21.4,29.0,29.0,29.5,300.0,300.0,31.8,35.800000000000004,28.9,28.1,30.0,4.96,1.99,4.96,0.16,0.0,0.0,1027.0,8228.0,0.0,0.0,0.0,0.0,0.0,1.0,0.0,0.0,0.0,0.0,0.0,-0.2,0.0,-0.5,0.0,0.0,16.0,25903.0
2026-07-30T19:02:51.506Z,340.989,341.004,0.0,7.4,0.0,0.0,0.0,0.0,0.0,0.0,0.0,0.0,1.0,0.0,0.0,0.0,9.0,4.0,0.0,0.0,0.0,0.0,0.0,0.0,0.0,0.0,2.0,12.0,1.0,12.18,5.0200000000000005,2.5,1.49,0.0,0.0,0.0,2.2,0.0,0.2,1.2000000000000002,-0.1,-169.60000000000002,0.0,0.0,169.60000000000002,0.0,21.4,29.0,29.0,29.5,300.0,300.0,31.8,35.800000000000004,28.9,28.1,30.0,4.95,1.99,4.96,0.16,0.0,0.0,1027.0,8228.0,0.0,0.0,0.0,0.0,0.0,1.0,0.0,0.0,0.0,0.0,0.0,1.3,0.0,0.3,0.0,0.0,16.0,25903.0
2026-07-30T19:02:51.518Z,341.001,341.016,0.0,7.4,0.0,0.0,0.0,0.0,0.0,0.0,0.0,0.0,1.0,0.0,0.0,0.0,9.0,4.0,0.0,0.0,0.0,0.0,0.0,0.0,0.0,0.0,3.0,12.0,1.0,12.18,5.0200000000000005,2.5,1.49,0.0,0.0,0.0,2.3000000000000003,0.0,0.8,0.6000000000000001,0.4,-169.60000000000002,0.0,0.0,169.60000000000002,0.0,21.4,29.0,29.0,29.5,300.0,300.0,31.8,35.800000000000004,28.9,28.1,30.0,4.96,1.99,4.96,0.16,0.0,0.0,1027.0,8228.0,0.0,0.0,0.0,0.0,0.0,1.0,0.0,0.0,0.0,0.0,0.0,1.1,0.0,-0.2,0.0,0.0,16.0,25903.0
2026-07-30T19:02:51.530Z,341.013,341.028,0.0,7.4,0.0,0.0,0.0,0.0,0.0,0.0,0.0,0.0,1.0,0.0,0.0,0.0,9.0,4.0,0.0,0.0,0.0,0.0,0.0,0.0,0.0,0.0,4.0,12.0,1.0,12.18,5.0200000000000005,2.5,1.49,0.0,0.0,0.0,2.3000000000000003,0.0,-0.2,1.2000000000000002,-0.1,-169.60000000000002,0.0,0.0,169.60000000000002,0.0,21.4,29.0,29.0,29.5,300.0,300.0,31.8,35.800000000000004,28.9,28.1,30.0,4.96,1.99,4.97,0.16,0.0,0.0,1027.0,8228.0,0.0,0.0,0.0,0.0,0.0,1.0,0.0,0.0,0.0,0.0,0.0,1.3,0.0,0.3,0.0,0.0,16.0,25903.0
2026-07-30T19:02:51.542Z,341.025,341.04,0.0,7.4,0.0,0.0,0.0,0.0,0.0,0.0,0.0,0.0,1.0,0.0,0.0,0.0,9.0,4.0,0.0,0.0,0.0,0.0,0.0,0.0,0.0,0.0,5.0,12.0,1.0,12.18,5.0200000000000005,2.5,1.49,0.0,0.0,0.0,2.3000000000000003,0.0,0.3,0.7000000000000001,-0.6000000000000001,-169.60000000000002,0.0,0.0,169.60000000000002,0.0,21.4,29.0,29.0,29.5,300.0,300.0,31.8,35.800000000000004,28.9,28.1,30.0,4.95,1.99,4.97,0.16,0.0,0.0,1027.0,8228.0,0.0,0.0,0.0,0.0,0.0,1.0,0.0,0.0,0.0,0.0,0.0,0.3,0.0,0.7000000000000001,0.0,0.0,16.0,25903.0
2026-07-30T19:02:51.554Z,341.037,341.052,0.0,7.4,0.0,0.0,0.0,0.0,0.0,0.0,0.0,0.0,1.0,0.0,0.0,0.0,9.0,4.0,0.0,0.0,0.0,0.0,0.0,0.0,0.0,0.0,1.0,12.0,1.0,12.18,5.0200000000000005,2.5,1.49,0.0,0.0,0.0,2.2,0.0,0.3,-0.4,-0.1,-169.60000000000002,0.0,0.0,169.60000000000002,0.0,21.4,29.0,29.0,29.5,300.0,300.0,31.8,35.800000000000004,28.9,28.1,30.0,4.96,1.99,4.97,0.16,0.0,0.0,1027.0,8228.0,0.0,0.0,0.0,0.0,0.0,1.0,0.0,0.0,0.0,0.0,0.0,-0.6000000000000001,0.0,0.0,0.0,0.0,16.0,25903.0
2026-07-30T19:02:51.566Z,341.049,341.064,0.0,7.4,0.0,0.0,0.0,0.0,0.0,0.0,0.0,0.0,1.0,0.0,0.0,0.0,9.0,4.0,0.0,0.0,0.0,0.0,0.0,0.0,0.0,0.0,2.0,12.0,1.0,12.18,5.0200000000000005,2.5,1.49,0.0,0.0,0.0,2.3000000000000003,0.0,0.3,-0.4,-1.2000000000000002,-169.60000000000002,0.0,0.0,169.60000000000002,0.0,21.4,29.0,29.0,29.5,300.0,300.0,31.8,35.800000000000004,28.9,28.1,30.0,4.96,1.99,4.97,0.16,0.0,0.0,1027.0,8228.0,0.0,0.0,0.0,0.0,0.0,1.0,0.0,0.0,0.0,0.0,0.0,-1.4,0.0,1.0,0.0,0.0,16.0,25903.0
2026-07-30T19:02:51.578Z,341.061,341.076,0.0,7.4,0.0,0.0,0.0,0.0,0.0,0.0,0.0,0.0,1.0,0.0,0.0,0.0,9.0,4.0,0.0,0.0,0.0,0.0,0.0,0.0,0.0,0.0,3.0,12.0,1.0,12.17,5.0200000000000005,2.5,1.49,0.0,0.1,0.0,2.2,0.0,0.3,1.2000000000000002,1.0,-169.60000000000002,0.0,0.0,169.60000000000002,0.0,21.4,29.0,29.0,29.5,300.0,300.0,31.8,35.800000000000004,28.9,28.1,30.0,4.96,1.99,4.97,0.16,0.0,0.0,1027.0,8228.0,0.0,0.0,0.0,0.0,0.0,1.0,0.0,0.0,0.0,0.0,0.0,2.2,0.0,-0.6000000000000001,0.0,0.0,16.0,25903.0
2026-07-30T19:02:51.590Z,341.073,341.088,0.0,7.4,0.0,0.0,0.0,0.0,0.0,0.0,0.0,0.0,1.0,0.0,0.0,0.0,9.0,4.0,0.0,0.0,0.0,0.0,0.0,0.0,0.0,0.0,4.0,12.0,1.0,12.17,5.0200000000000005,2.5,1.49,0.0,0.0,0.0,2.3000000000000003,0.0,0.8,0.7000000000000001,-0.1,-169.60000000000002,0.0,0.0,169.60000000000002,0.0,21.4,29.0,29.0,29.5,300.0,300.0,31.8,35.800000000000004,28.9,28.1,30.0,4.95,1.99,4.97,0.16,0.0,0.0,1027.0,8228.0,0.0,0.0,0.0,0.0,0.0,1.0,0.0,0.0,0.0,0.0,0.0,0.7000000000000001,0.0,0.2,0.0,0.0,16.0,25903.0
2026-07-30T19:02:51.602Z,341.085,341.1,0.0,7.4,0.0,0.0,0.0,0.0,0.0,0.0,0.0,0.0,1.0,0.0,0.0,0.0,9.0,4.0,0.0,0.0,0.0,0.0,0.0,0.0,0.0,0.0,6.0,12.0,1.0,12.17,5.0200000000000005,2.5,1.49,0.0,0.1,0.0,2.2,0.0,-0.9,-0.4,0.4,-169.60000000000002,0.0,0.0,169.60000000000002,0.0,21.4,29.0,29.0,29.5,300.0,300.0,31.8,35.800000000000004,28.9,28.1,30.0,4.95,1.99,4.96,0.16,0.0,0.0,1027.0,8228.0,0.0,0.0,0.0,0.0,0.0,1.0,0.0,0.0,0.0,0.0,0.0,-0.1,0.0,-0.5,0.0,0.0,16.0,25903.0
2026-07-30T19:02:51.614Z,341.097,341.112,0.0,7.4,0.0,0.0,0.0,0.0,0.0,0.0,0.0,0.0,1.0,0.0,0.0,0.0,9.0,4.0,0.0,0.0,0.0,0.0,0.0,0.0,0.0,0.0,1.0,12.0,1.0,12.17,5.0200000000000005,2.5,1.49,0.0,0.0,0.0,2.1,0.0,-0.3,-1.0,1.0,-169.60000000000002,0.0,0.0,169.60000000000002,0.0,21.4,29.0,29.0,29.5,300.0,300.0,31.8,35.800000000000004,28.9,28.1,30.0,4.95,1.99,4.97,0.16,0.0,0.0,1027.0,8228.0,0.0,0.0,0.0,0.0,0.0,1.0,0.0,0.0,0.0,0.0,0.0,-0.4,0.0,0.6000000000000001,0.0,0.0,16.0,25903.0
2026-07-30T19:02:51.626Z,341.109,341.124,0.0,7.4,0.0,0.0,0.0,0.0,0.0,0.0,0.0,0.0,1.0,0.0,0.0,0.0,9.0,4.0,0.0,0.0,0.0,0.0,0.0,0.0,0.0,0.0,2.0,12.0,1.0,12.17,5.0200000000000005,2.5,1.49,0.0,0.0,0.0,2.1,0.0,-0.4,-0.5,-1.3,-169.60000000000002,0.0,0.0,169.60000000000002,0.0,21.4,29.0,29.0,29.5,300.0,300.0,31.8,35.800000000000004,28.9,28.1,30.0,4.95,1.99,4.96,0.16,0.0,0.0,1027.0,8228.0,0.0,0.0,0.0,0.0,0.0,1.0,0.0,0.0,0.0,0.0,0.0,1.7000000000000002,0.0,0.0,0.0,0.0,16.0,25903.0
2026-07-30T19:02:51.638Z,341.121,341.136,0.0,7.4,0.0,0.0,0.0,0.0,0.0,0.0,0.0,0.0,1.0,0.0,0.0,0.0,9.0,4.0,0.0,0.0,0.0,0.0,0.0,0.0,0.0,0.0,3.0,12.0,1.0,12.17,5.0200000000000005,2.5,1.49,0.0,0.0,0.0,2.2,0.0,0.1,0.7000000000000001,-0.7000000000000001,-169.60000000000002,0.0,0.0,169.5,0.0,21.4,29.0,29.0,29.5,300.0,300.0,31.8,35.800000000000004,28.9,28.1,30.0,4.96,1.99,4.96,0.16,0.0,0.0,1027.0,8228.0,0.0,0.0,0.0,0.0,0.0,1.0,0.0,0.0,0.0,0.0,0.0,1.0,0.0,-0.2,0.0,0.0,16.0,25903.0
2026-07-30T19:02:51.650Z,341.133,341.148,0.0,7.4,0.0,0.0,0.0,0.0,0.0,0.0,0.0,0.0,1.0,0.0,0.0,0.0,9.0,4.0,0.0,0.0,0.0,0.0,0.0,0.0,0.0,0.0,4.0,12.0,1.0,12.17,5.0200000000000005,2.5,1.49,0.0,0.0,0.0,2.2,0.0,0.1,-0.4,-0.7000000000000001,-169.60000000000002,0.0,0.0,169.60000000000002,0.0,21.4,29.0,29.0,29.5,300.0,300.0,31.8,35.800000000000004,28.9,28.1,30.0,4.95,1.99,4.96,0.16,0.0,0.0,1027.0,8228.0,0.0,0.0,0.0,0.0,0.0,1.0,0.0,0.0,0.0,0.0,0.0,-1.0,0.0,0.5,0.0,0.0003,16.0,25903.0
2026-07-30T19:02:51.662Z,341.145,341.16,0.0,7.4,0.0,0.0,0.0,0.0,0.0,0.0,0.0,0.0,1.0,0.0,0.0,0.0,9.0,4.0,0.0,0.0,0.0,0.0,0.0,0.0,0.0,0.0,5.0,12.0,1.0,12.17,5.0200000000000005,2.5,1.49,0.0,0.0,0.0,2.1,0.0,0.7000000000000001,0.1,-0.1,-169.60000000000002,0.0,0.0,169.70000000000002,0.0,21.4,29.0,29.0,29.5,300.0,300.0,31.8,35.800000000000004,28.9,28.1,30.0,4.95,1.99,4.96,0.16,0.0,0.0,1027.0,8228.0,0.0,0.0,0.0,0.0,0.0,1.0,0.0,0.0,0.0,0.0,0.0,0.0,0.0,0.1,0.0,0.0001,16.0,25903.0
2026-07-30T19:02:51.675Z,341.158,341.172,0.0,7.4,0.0,0.0,0.0,0.0,0.0,0.0,0.0,0.0,1.0,0.0,0.0,0.0,9.0,4.0,0.0,0.0,0.0,0.0,0.0,0.0,0.0,0.0,6.0,12.0,1.0,12.18,5.01,2.51,1.49,0.0,0.1,0.0,2.2,0.0,-0.4,1.2000000000000002,1.0,-169.60000000000002,0.0,0.0,169.60000000000002,0.0,21.9,29.0,29.0,29.5,300.0,300.0,31.6,35.7,28.9,28.1,30.0,4.95,2.0,4.96,0.16,0.0,0.0,1027.0,8228.0,0.0,0.0,0.0,0.0,0.0,1.0,0.0,0.0,0.0,0.0,0.0,2.2,0.0,-0.6000000000000001,0.0,0.0,16.0,25903.0
2026-07-30T19:02:51.686Z,341.169,341.184,0.0,7.4,0.0,0.0,0.0,0.0,0.0,0.0,0.0,0.0,1.0,0.0,0.0,0.0,9.0,4.0,0.0,0.0,0.0,0.0,0.0,0.0,0.0,0.0,1.0,12.0,1.0,12.18,5.01,2.51,1.49,0.0,0.0,0.0,2.2,0.0,-0.4,1.3,-0.1,-169.60000000000002,0.0,0.0,169.60000000000002,0.0,21.9,29.0,29.0,29.5,300.0,300.0,31.6,35.7,28.9,28.1,30.0,4.96,1.99,4.96,0.16,0.0,0.0,1027.0,8228.0,0.0,0.0,0.0,0.0,0.0,1.0,0.0,0.0,0.0,0.0,0.0,1.4,0.0,0.3,0.0,0.0,16.0,25903.0
2026-07-30T19:02:51.698Z,341.181,341.196,0.0,7.4,0.0,0.0,0.0,0.0,0.0,0.0,0.0,0.0,1.0,0.0,0.0,0.0,9.0,4.0,0.0,0.0,0.0,0.0,0.0,0.0,0.0,0.0,2.0,12.0,1.0,12.18,5.01,2.51,1.49,0.0,0.0,0.0,2.1,0.0,-0.3,-0.3,-0.6000000000000001,-169.60000000000002,0.0,0.0,169.60000000000002,0.0,21.9,29.0,29.0,29.5,300.0,300.0,31.6,35.7,28.9,28.1,30.0,4.95,1.99,4.97,0.16,0.0,0.0,1027.0,8228.0,0.0,0.0,0.0,0.0,0.0,1.0,0.0,0.0,0.0,0.0,0.0,-0.9,0.0,0.5,0.0,0.0,16.0,25903.0
2026-07-30T19:02:51.710Z,341.193,341.208,0.0,7.4,0.0,0.0,0.0,0.0,0.0,0.0,0.0,0.0,1.0,0.0,0.0,0.0,9.0,4.0,0.0,0.0,0.0,0.0,0.0,0.0,0.0,0.0,4.0,12.0,1.0,12.18,5.01,2.51,1.49,0.0,0.0,0.0,2.1,0.0,-0.3,0.7000000000000001,0.5,-169.60000000000002,0.0,0.0,169.60000000000002,0.0,21.9,29.0,29.0,29.5,300.0,300.0,31.6,35.7,28.9,28.1,30.0,4.96,1.99,4.96,0.16,0.0,0.0,1027.0,8228.0,0.0,0.0,0.0,0.0,0.0,1.0,0.0,0.0,0.0,0.0,0.0,1.2000000000000002,0.0,-0.2,0.0,0.0,16.0,25903.0
2026-07-30T19:02:51.722Z,341.205,341.22,0.0,7.4,0.0,0.0,0.0,0.0,0.0,0.0,0.0,0.0,1.0,0.0,0.0,0.0,9.0,4.0,0.0,0.0,0.0,0.0,0.0,0.0,0.0,0.0,5.0,12.0,1.0,12.18,5.01,2.51,1.49,0.0,0.0,0.0,2.1,0.0,-0.9,0.1,1.1,-169.60000000000002,0.0,0.0,169.60000000000002,0.0,21.9,29.0,29.0,29.5,300.0,300.0,31.6,35.7,28.9,28.1,30.0,4.96,1.99,4.96,0.16,0.0,0.0,1027.0,8228.0,0.0,0.0,0.0,0.0,0.0,1.0,0.0,0.0,0.0,0.0,0.0,1.0,0.0,-0.9,0.0,0.0,16.0,25903.0
2026-07-30T19:02:51.734Z,341.217,341.232,0.0,7.4,0.0,0.0,0.0,0.0,0.0,0.0,0.0,0.0,1.0,0.0,0.0,0.0,9.0,4.0,0.0,0.0,0.0,0.0,0.0,0.0,0.0,0.0,6.0,12.0,1.0,12.18,5.01,2.51,1.49,0.0,0.0,0.0,2.1,0.0,-0.9,0.7000000000000001,0.0,-169.60000000000002,0.0,0.0,169.60000000000002,0.0,21.9,29.0,29.0,29.5,300.0,300.0,31.6,35.7,28.9,28.1,30.0,4.95,1.99,4.96,0.16,0.0,0.0,1027.0,8228.0,0.0,0.0,0.0,0.0,0.0,1.0,0.0,0.0,0.0,0.0,0.0,0.8,0.0,0.2,0.0,0.0,16.0,25903.0
2026-07-30T19:02:51.746Z,341.229,341.244,0.0,7.4,0.0,0.0,0.0,0.0,0.0,0.0,0.0,0.0,1.0,0.0,0.0,0.0,9.0,4.0,0.0,0.0,0.0,0.0,0.0,0.0,0.0,0.0,6.0,12.0,1.0,12.18,5.01,2.51,1.49,0.0,0.1,0.0,2.1,0.0,-0.3,0.8,-0.6000000000000001,-169.60000000000002,0.0,0.0,169.60000000000002,0.0,21.9,29.0,29.0,29.5,300.0,300.0,31.6,35.7,28.9,28.1,30.0,4.96,1.99,4.97,0.16,0.0,0.0,1027.0,8228.0,0.0,0.0,0.0,0.0,0.0,1.0,0.0,0.0,0.0,0.0,0.0,0.4,0.0,0.7000000000000001,0.0,0.0,16.0,25903.0
2026-07-30T19:02:51.758Z,341.241,341.25600000000003,0.0,7.4,0.0,0.0,0.0,0.0,0.0,0.0,0.0,0.0,1.0,0.0,0.0,0.0,9.0,4.0,0.0,0.0,0.0,0.0,0.0,0.0,0.0,0.0,1.0,12.0,1.0,12.18,5.01,2.51,1.49,0.0,0.0,0.0,2.1,0.0,0.2,-0.4,0.5,-169.60000000000002,0.0,0.0,169.60000000000002,0.0,21.9,29.0,29.0,29.5,300.0,300.0,31.6,35.7,28.9,28.1,30.0,4.96,1.99,4.96,0.16,0.0,0.0,1027.0,8228.0,0.0,0.0,0.0,0.0,0.0,1.0,0.0,0.0,0.0,0.0,0.0,0.0,0.0,-0.5,0.0,0.0,16.0,25903.0
2026-07-30T19:02:51.770Z,341.253,341.26800000000003,0.0,7.4,0.0,0.0,0.0,0.0,0.0,0.0,0.0,0.0,1.0,0.0,0.0,0.0,9.0,4.0,0.0,0.0,0.0,0.0,0.0,0.0,0.0,0.0,2.0,12.0,1.0,12.18,5.01,2.51,1.49,0.0,0.0,0.0,2.1,0.0,-0.3,0.1,-0.6000000000000001,-169.60000000000002,0.0,0.0,169.60000000000002,0.0,21.9,29.0,29.0,29.5,300.0,300.0,31.6,35.7,28.9,28.1,30.0,4.96,1.99,4.97,0.16,0.0,0.0,1027.0,8228.0,0.0,0.0,0.0,0.0,0.0,1.0,0.0,0.0,0.0,0.0,0.0,-0.2,0.0,0.6000000000000001,0.0,0.0,16.0,25903.0
2026-07-30T19:02:51.782Z,341.265,341.28000000000003,0.0,7.4,0.0,0.0,0.0,0.0,0.0,0.0,0.0,0.0,1.0,0.0,0.0,0.0,9.0,4.0,0.0,0.0,0.0,0.0,0.0,0.0,0.0,0.0,3.0,12.0,1.0,12.15,5.0200000000000005,2.51,1.49,0.0,0.0,0.0,2.1,0.0,-0.3,0.1,0.5,-169.60000000000002,0.0,0.0,169.70000000000002,0.0,21.4,29.0,29.0,29.5,300.0,300.0,31.5,35.7,28.9,28.1,30.0,4.95,1.99,4.97,0.16,0.0,0.0,1027.0,8228.0,0.0,0.0,0.0,0.0,0.0,1.0,0.0,0.0,0.0,0.0,0.0,0.6000000000000001,0.0,-0.4,0.0,0.0,16.0,25903.0
2026-07-30T19:02:51.794Z,341.277,341.29200000000003,0.0,7.4,0.0,0.0,0.0,0.0,0.0,0.0,0.0,0.0,1.0,0.0,0.0,0.0,9.0,4.0,0.0,0.0,0.0,0.0,0.0,0.0,0.0,0.0,4.0,12.0,1.0,12.15,5.0200000000000005,2.51,1.49,0.0,0.0,0.0,2.0,0.0,-0.9,-0.9,0.5,-169.60000000000002,0.0,0.0,169.60000000000002,0.0,21.4,29.0,29.0,29.5,300.0,300.0,31.5,35.7,28.9,28.1,30.0,4.96,1.99,4.96,0.16,0.0,0.0,1027.0,8228.0,0.0,0.0,0.0,0.0,0.0,1.0,0.0,0.0,0.0,0.0,0.0,-0.7000000000000001,0.0,-0.6000000000000001,0.0,0.0,16.0,25903.0
2026-07-30T19:02:51.806Z,341.289,341.30400000000003,0.0,7.4,0.0,0.0,0.0,0.0,0.0,0.0,0.0,0.0,1.0,0.0,0.0,0.0,9.0,4.0,0.0,0.0,0.0,0.0,0.0,0.0,0.0,0.0,6.0,12.0,1.0,12.15,5.0200000000000005,2.51,1.49,0.0,0.0,0.0,2.0,0.0,-0.9,-1.0,-0.6000000000000001,-169.60000000000002,0.0,0.0,169.70000000000002,0.0,21.4,29.0,29.0,29.5,300.0,300.0,31.5,35.7,28.9,28.1,30.0,4.96,2.0,4.97,0.16,0.0,0.0,1027.0,8228.0,0.0,0.0,0.0,0.0,0.0,1.0,0.0,0.0,0.0,0.0,0.0,-1.6,0.0,0.3,0.0,0.0,16.0,25903.0
2026-07-30T19:02:51.818Z,341.301,341.31600000000003,0.0,7.4,0.0,0.0,0.0,0.0,0.0,0.0,0.0,0.0,1.0,0.0,0.0,0.0,9.0,4.0,0.0,0.0,0.0,0.0,0.0,0.0,0.0,0.0,1.0,12.0,1.0,12.15,5.0200000000000005,2.51,1.49,0.0,0.0,0.0,2.0,0.0,-0.9,-0.4,0.0,-169.60000000000002,0.0,0.0,169.70000000000002,0.0,21.4,29.0,29.0,29.5,300.0,300.0,31.5,35.7,28.9,28.1,30.0,4.96,1.99,4.97,0.16,0.0,0.0,1027.0,8228.0,0.0,0.0,0.0,0.0,0.0,1.0,0.0,0.0,0.0,0.0,0.0,-0.5,0.0,0.0,0.0,0.0,16.0,25903.0
2026-07-30T19:02:51.830Z,341.313,341.32800000000003,0.0,7.4,0.0,0.0,0.0,0.0,0.0,0.0,0.0,0.0,1.0,0.0,0.0,0.0,9.0,4.0,0.0,0.0,0.0,0.0,0.0,0.0,0.0,0.0,4.0,12.0,1.0,12.15,5.0200000000000005,2.51,1.49,0.0,0.1,0.0,2.0,0.0,-0.9,-0.3,0.0,-169.60000000000002,0.0,0.0,169.60000000000002,0.0,21.4,29.0,29.0,29.5,300.0,300.0,31.5,35.7,28.9,28.1,30.0,4.96,2.0,4.97,0.16,0.0,0.0,1027.0,8228.0,0.0,0.0,0.0,0.0,0.0,1.0,0.0,0.0,0.0,0.0,0.0,-0.4,0.0,0.0,0.0,0.0,16.0,25903.0
2026-07-30T19:02:51.842Z,341.325,341.34000000000003,0.0,7.4,0.0,0.0,0.0,0.0,0.0,0.0,0.0,0.0,1.0,0.0,0.0,0.0,9.0,4.0,0.0,0.0,0.0,0.0,0.0,0.0,0.0,0.0,4.0,12.0,1.0,12.15,5.0200000000000005,2.51,1.49,0.0,0.0,0.0,2.0,0.0,0.2,-0.3,-1.2000000000000002,-169.60000000000002,0.0,0.0,169.70000000000002,0.0,21.4,29.0,29.0,29.5,300.0,300.0,31.5,35.7,28.9,28.1,30.0,4.96,2.0,4.96,0.16,0.0,0.0,1027.0,8228.0,0.0,0.0,0.0,0.0,0.0,1.0,0.0,0.0,0.0,0.0,0.0,-1.3,0.0,1.0,0.0,0.0,16.0,25903.0
2026-07-30T19:02:51.854Z,341.337,341.35200000000003,0.0,7.4,0.0,0.0,0.0,0.0,0.0,0.0,0.0,0.0,1.0,0.0,0.0,0.0,9.0,4.0,0.0,0.0,0.0,0.0,0.0,0.0,0.0,0.0,5.0,12.0,1.0,12.15,5.0200000000000005,2.51,1.49,0.0,0.0,0.0,2.0,0.0,0.7000000000000001,0.1,0.0,-169.60000000000002,0.0,0.0,169.70000000000002,0.0,21.4,29.0,29.0,29.5,300.0,300.0,31.5,35.7,28.9,28.1,30.0,4.95,1.99,4.97,0.16,0.0,0.0,1027.0,8228.0,0.0,0.0,0.0,0.0,0.0,1.0,0.0,0.0,0.0,0.0,0.0,0.1,0.0,0.1,0.0,0.0,16.0,25903.0
2026-07-30T19:02:51.866Z,341.349,341.36400000000003,0.0,7.4,0.0,0.0,0.0,0.0,0.0,0.0,0.0,0.0,1.0,0.0,0.0,0.0,9.0,4.0,0.0,0.0,0.0,0.0,0.0,0.0,0.0,0.0,6.0,12.0,1.0,12.15,5.0200000000000005,2.51,1.49,0.0,0.0,0.0,2.0,0.0,0.2,0.7000000000000001,0.5,-169.60000000000002,0.0,0.0,169.60000000000002,0.0,21.4,29.0,29.0,29.5,300.0,300.0,31.5,35.7,28.9,28.1,30.0,4.95,1.99,4.96,0.16,0.0,0.0,1027.0,8228.0,0.0,0.0,0.0,0.0,0.0,1.0,0.0,0.0,0.0,0.0,0.0,1.2000000000000002,0.0,-0.3,0.0,0.0,16.0,25903.0
2026-07-30T19:02:51.879Z,341.362,341.37600000000003,0.0,7.4,0.0,0.0,0.0,0.0,0.0,0.0,0.0,0.0,1.0,0.0,0.0,0.0,9.0,4.0,0.0,0.0,0.0,0.0,0.0,0.0,0.0,0.0,1.0,12.0,1.0,12.17,5.0200000000000005,2.5,1.49,0.0,0.0,0.0,2.0,0.0,-0.3,0.1,-0.6000000000000001,-169.60000000000002,0.0,0.0,169.70000000000002,0.0,21.700000000000003,29.0,29.0,29.5,300.0,300.0,31.700000000000003,35.7,28.9,28.1,30.0,4.96,1.99,4.96,0.16,0.0,0.0,1027.0,8228.0,0.0,0.0,0.0,0.0,0.0,1.0,0.0,0.0,0.0,0.0,0.0,-0.3,0.0,0.6000000000000001,0.0,0.0,16.0,25903.0
2026-07-30T19:02:51.889Z,341.372,341.38800000000003,0.0,7.4,0.0,0.0,0.0,0.0,0.0,0.0,0.0,0.0,1.0,0.0,0.0,0.0,9.0,4.0,0.0,0.0,0.0,0.0,0.0,0.0,0.0,0.0,2.0,12.0,1.0,12.17,5.0200000000000005,2.5,1.49,0.0,0.0,0.0,1.9,0.0,0.2,0.1,-1.3,-169.60000000000002,0.0,0.0,169.70000000000002,0.0,21.700000000000003,29.0,29.0,29.5,300.0,300.0,31.700000000000003,35.7,28.9,28.1,30.0,4.95,1.99,4.96,0.16,0.0,0.0,1027.0,8228.0,0.0,0.0,0.0,0.0,0.0,1.0,0.0,0.0,0.0,0.0,0.0,-0.8,0.0,1.1,0.0,0.0002,16.0,25903.0
2026-07-30T19:02:51.902Z,341.385,341.40000000000003,0.0,7.4,0.0,0.0,0.0,0.0,0.0,0.0,0.0,0.0,1.0,0.0,0.0,0.0,9.0,4.0,0.0,0.0,0.0,0.0,0.0,0.0,0.0,0.0,3.0,12.0,1.0,12.17,5.0200000000000005,2.5,1.49,0.0,0.0,0.0,2.0,0.0,0.2,-0.5,0.4,-169.60000000000002,0.0,0.0,169.70000000000002,0.0,21.700000000000003,29.0,29.0,29.5,300.0,300.0,31.700000000000003,35.7,28.9,28.1,30.0,4.95,1.99,4.97,0.16,0.0,0.0,1027.0,8228.0,0.0,0.0,0.0,0.0,0.0,1.0,0.0,0.0,0.0,0.0,0.0,-0.2,0.0,-0.5,0.0,0.0001,16.0,25903.0
2026-07-30T19:02:51.914Z,341.397,341.41200000000003,0.0,7.4,0.0,0.0,0.0,0.0,0.0,0.0,0.0,0.0,1.0,0.0,0.0,0.0,9.0,4.0,0.0,0.0,0.0,0.0,0.0,0.0,0.0,0.0,5.0,12.0,1.0,12.17,5.0200000000000005,2.5,1.49,0.0,0.0,0.0,2.0,0.0,0.2,0.6000000000000001,-0.1,-169.60000000000002,0.0,0.0,169.60000000000002,0.0,21.700000000000003,29.0,29.0,29.5,300.0,300.0,31.700000000000003,35.7,28.9,28.1,30.0,4.95,1.99,4.96,0.16,0.0,0.0,1027.0,8228.0,0.0,0.0,0.0,0.0,0.0,1.0,0.0,0.0,0.0,0.0,0.0,0.6000000000000001,0.0,0.2,0.0,0.0,16.0,25903.0
2026-07-30T19:02:51.926Z,341.409,341.42400000000004,0.0,7.4,0.0,0.0,0.0,0.0,0.0,0.0,0.0,0.0,1.0,0.0,0.0,0.0,9.0,4.0,0.0,0.0,0.0,0.0,0.0,0.0,0.0,0.0,6.0,12.0,1.0,12.17,5.0200000000000005,2.5,1.49,0.0,0.0,0.0,1.9,0.0,0.8,0.7000000000000001,1.0,-169.60000000000002,0.0,0.0,169.70000000000002,0.0,21.700000000000003,29.0,29.0,29.5,300.0,300.0,31.700000000000003,35.7,28.9,28.1,30.0,4.96,1.99,4.96,0.16,0.0,0.0,1027.0,8228.0,0.0,0.0,0.0,0.0,0.0,1.0,0.0,0.0,0.0,0.0,0.0,1.6,0.0,-0.7000000000000001,0.0,0.0,16.0,25903.0
2026-07-30T19:02:51.938Z,341.421,341.43600000000004,0.0,7.4,0.0,0.0,0.0,0.0,0.0,0.0,0.0,0.0,1.0,0.0,0.0,0.0,9.0,4.0,0.0,0.0,0.0,0.0,0.0,0.0,0.0,0.0,2.0,12.0,1.0,12.17,5.0200000000000005,2.5,1.49,0.0,0.1,0.0,1.9,0.0,0.2,-0.4,-0.1,-169.60000000000002,0.0,0.0,169.70000000000002,0.0,21.700000000000003,29.0,29.0,29.5,300.0,300.0,31.700000000000003,35.7,28.9,28.1,30.0,4.95,1.99,4.97,0.16,0.0,0.0,1027.0,8228.0,0.0,0.0,0.0,0.0,0.0,1.0,0.0,0.0,0.0,0.0,0.0,-0.6000000000000001,0.0,0.0,0.0,0.0001,16.0,25903.0
2026-07-30T19:02:51.950Z,341.433,341.448,0.0,7.4,0.0,0.0,0.0,0.0,0.0,0.0,0.0,0.0,1.0,0.0,0.0,0.0,9.0,4.0,0.0,0.0,0.0,0.0,0.0,0.0,0.0,0.0,3.0,12.0,1.0,12.17,5.0200000000000005,2.5,1.49,0.0,0.0,0.0,1.9,0.0,0.8,-1.0,0.4,-169.60000000000002,0.0,0.0,169.70000000000002,0.0,21.700000000000003,29.0,29.0,29.5,300.0,300.0,31.700000000000003,35.7,28.9,28.1,30.0,4.96,1.99,4.96,0.16,0.0,0.0,1027.0,8228.0,0.0,0.0,0.0,0.0,0.0,1.0,0.0,0.0,0.0,0.0,0.0,-0.8,0.0,-0.6000000000000001,0.0,0.0001,16.0,25903.0
2026-07-30T19:02:51.962Z,341.445,341.46,0.0,7.4,0.0,0.0,0.0,0.0,0.0,0.0,0.0,0.0,1.0,0.0,0.0,0.0,9.0,4.0,0.0,0.0,0.0,0.0,0.0,0.0,0.0,0.0,4.0,12.0,1.0,12.17,5.0200000000000005,2.5,1.49,0.0,0.0,0.0,1.9,0.0,0.2,0.7000000000000001,1.0,-169.60000000000002,0.0,0.0,169.70000000000002,0.0,21.700000000000003,29.0,29.0,29.5,300.0,300.0,31.700000000000003,35.7,28.9,28.1,30.0,4.96,2.0,4.96,0.16,0.0,0.0,1027.0,8228.0,0.0,0.0,0.0,0.0,0.0,1.0,0.0,0.0,0.0,0.0,0.0,1.6,0.0,-0.7000000000000001,0.0,0.0,16.0,25903.0
2026-07-30T19:02:51.974Z,341.457,341.472,0.0,7.4,0.0,0.0,0.0,0.0,0.0,0.0,0.0,0.0,1.0,0.0,0.0,0.0,9.0,4.0,0.0,0.0,0.0,0.0,0.0,0.0,0.0,0.0,6.0,12.0,1.0,12.17,5.0200000000000005,2.5,1.49,0.0,0.0,0.0,1.9,0.0,0.8,1.2000000000000002,-0.1,-169.60000000000002,0.0,0.0,169.70000000000002,0.0,21.700000000000003,29.0,29.0,29.5,300.0,300.0,31.700000000000003,35.7,28.9,28.1,30.0,4.96,1.99,4.96,0.16,0.0,0.0,1027.0,8228.0,0.0,0.0,0.0,0.0,0.0,1.0,0.0,0.0,0.0,0.0,0.0,1.3,0.0,0.3,0.0,0.0,16.0,25903.0
2026-07-30T19:02:51.986Z,341.469,341.484,0.0,7.4,0.0,0.0,0.0,0.0,0.0,0.0,0.0,0.0,1.0,0.0,0.0,0.0,9.0,4.0,0.0,0.0,0.0,0.0,0.0,0.0,0.0,0.0,1.0,12.0,1.0,12.17,5.0200000000000005,2.51,1.49,0.0,0.0,0.0,1.9,0.0,-0.3,0.7000000000000001,0.4,-169.60000000000002,0.0,0.0,169.60000000000002,0.0,21.3,29.0,29.0,29.5,300.0,300.0,31.700000000000003,35.800000000000004,28.9,28.1,30.0,4.95,1.99,4.97,0.16,0.0,0.0,1027.0,8228.0,0.0,0.0,0.0,0.0,0.0,1.0,0.0,0.0,0.0,0.0,0.0,1.1,0.0,-0.2,0.0,0.0,16.0,25903.0
2026-07-30T19:02:51.998Z,341.481,341.496,0.0,7.4,0.0,0.0,0.0,0.0,0.0,0.0,0.0,0.0,1.0,0.0,0.0,0.0,9.0,4.0,0.0,0.0,0.0,0.0,0.0,0.0,0.0,0.0,3.0,12.0,1.0,12.17,5.0200000000000005,2.51,1.49,0.0,0.0,0.0,1.9,0.0,-0.2,-0.4,-0.6000000000000001,-169.60000000000002,0.0,0.0,169.60000000000002,0.0,21.3,29.0,29.0,29.5,300.0,300.0,31.700000000000003,35.800000000000004,28.9,28.1,30.0,4.96,1.99,4.96,0.16,0.0,0.0,1027.0,8228.0,0.0,0.0,0.0,0.0,0.0,1.0,0.0,0.0,0.0,0.0,0.0,-0.9,0.0,0.4,0.0,0.0,16.0,25903.0
2026-07-30T19:02:52.010Z,341.493,341.508,0.0,7.4,0.0,0.0,0.0,0.0,0.0,0.0,0.0,0.0,1.0,0.0,0.0,0.0,9.0,4.0,0.0,0.0,0.0,0.0,0.0,0.0,0.0,0.0,4.0,12.0,1.0,12.17,5.0200000000000005,2.51,1.49,0.0,0.1,0.0,1.9,0.0,-0.8,-1.0,-0.6000000000000001,-169.60000000000002,0.0,0.0,169.70000000000002,0.0,21.3,29.0,29.0,29.5,300.0,300.0,31.700000000000003,35.800000000000004,28.9,28.1,30.0,4.96,1.99,4.97,0.16,0.0,0.0,1027.0,8228.0,0.0,0.0,0.0,0.0,0.0,1.0,0.0,0.0,0.0,0.0,0.0,-1.7000000000000002,0.0,0.3,0.0,0.0,16.0,25903.0
2026-07-30T19:02:52.022Z,341.505,341.52,0.0,7.4,0.0,0.0,0.0,0.0,0.0,0.0,0.0,0.0,1.0,0.0,0.0,0.0,9.0,4.0,0.0,0.0,0.0,0.0,0.0,0.0,0.0,0.0,6.0,12.0,1.0,12.17,5.0200000000000005,2.51,1.49,0.0,0.0,0.0,1.9,0.0,-0.2,0.7000000000000001,-0.6000000000000001,-169.60000000000002,0.0,0.0,169.70000000000002,0.0,21.3,29.0,29.0,29.5,300.0,300.0,31.700000000000003,35.800000000000004,28.9,28.1,30.0,4.95,1.99,4.97,0.16,0.0,0.0,1027.0,8228.0,0.0,0.0,0.0,0.0,0.0,1.0,0.0,0.0,0.0,0.0,0.0,0.2,0.0,0.7000000000000001,0.0,0.0,16.0,25903.0
2026-07-30T19:02:52.034Z,341.517,341.532,0.0,7.4,0.0,0.0,0.0,0.0,0.0,0.0,0.0,0.0,1.0,0.0,0.0,0.0,9.0,4.0,0.0,0.0,0.0,0.0,0.0,0.0,0.0,0.0,1.0,12.0,1.0,12.17,5.0200000000000005,2.51,1.49,0.0,0.0,0.0,1.8,0.0,-0.2,0.7000000000000001,0.0,-169.60000000000002,0.0,0.0,169.70000000000002,0.0,21.3,29.0,29.0,29.5,300.0,300.0,31.700000000000003,35.800000000000004,28.9,28.1,30.0,4.95,1.99,4.96,0.16,0.0,0.0,1027.0,8228.0,0.0,0.0,0.0,0.0,0.0,1.0,0.0,0.0,0.0,0.0,0.0,0.7000000000000001,0.0,0.2,0.0,0.0,16.0,25903.0
2026-07-30T19:02:52.046Z,341.529,341.544,0.0,7.4,0.0,0.0,0.0,0.0,0.0,0.0,0.0,0.0,1.0,0.0,0.0,0.0,9.0,4.0,0.0,0.0,0.0,0.0,0.0,0.0,0.0,0.0,3.0,12.0,1.0,12.17,5.0200000000000005,2.51,1.49,0.0,0.1,0.0,1.9,0.0,-0.2,0.1,1.6,-169.60000000000002,0.0,0.0,169.70000000000002,0.0,21.3,29.0,29.0,29.5,300.0,300.0,31.700000000000003,35.800000000000004,28.9,28.1,30.0,4.95,1.99,4.97,0.16,0.0,0.0,1027.0,8228.0,0.0,0.0,0.0,0.0,0.0,1.0,0.0,0.0,0.0,0.0,0.0,1.3,0.0,-1.4,0.0,0.0,16.0,25903.0
2026-07-30T19:02:52.058Z,341.541,341.556,0.0,7.4,0.0,0.0,0.0,0.0,0.0,0.0,0.0,0.0,1.0,0.0,0.0,0.0,9.0,4.0,0.0,0.0,0.0,0.0,0.0,0.0,0.0,0.0,4.0,12.0,1.0,12.17,5.0200000000000005,2.51,1.49,0.0,0.0,0.0,1.8,0.0,-0.2,1.2000000000000002,0.5,-169.60000000000002,0.0,0.0,169.70000000000002,0.0,21.3,29.0,29.0,29.5,300.0,300.0,31.700000000000003,35.800000000000004,28.9,28.1,30.0,4.95,1.99,4.97,0.16,0.0,0.0,1027.0,8228.0,0.0,0.0,0.0,0.0,0.0,1.0,0.0,0.0,0.0,0.0,0.0,1.8,0.0,-0.1,0.0,0.0001,16.0,25903.0
2026-07-30T19:02:52.070Z,341.553,341.568,0.0,7.4,0.0,0.0,0.0,0.0,0.0,0.0,0.0,0.0,1.0,0.0,0.0,0.0,9.0,4.0,0.0,0.0,0.0,0.0,0.0,0.0,0.0,0.0,6.0,12.0,1.0,12.17,5.0200000000000005,2.51,1.49,0.0,0.0,0.0,1.8,0.0,0.9,-1.1,-1.2000000000000002,-169.60000000000002,0.0,0.0,169.60000000000002,0.0,21.3,29.0,29.0,29.5,300.0,300.0,31.700000000000003,35.800000000000004,28.9,28.1,30.0,4.95,1.99,4.97,0.16,0.0,0.0,1027.0,8228.0,0.0,0.0,0.0,0.0,0.0,1.0,0.0,0.0,0.0,0.0,0.0,-2.2,0.0,0.8,0.0,0.0001,16.0,25903.0
2026-07-30T19:02:52.083Z,341.566,341.58,0.0,7.4,0.0,0.0,0.0,0.0,0.0,0.0,0.0,0.0,1.0,0.0,0.0,0.0,9.0,4.0,0.0,0.0,0.0,0.0,0.0,0.0,0.0,0.0,1.0,12.0,1.0,12.15,5.01,2.5,1.49,0.0,0.0,0.0,1.8,0.0,0.3,-0.5,-0.1,-169.60000000000002,0.0,0.0,169.60000000000002,0.0,21.3,29.0,29.0,29.5,300.0,300.0,31.700000000000003,35.800000000000004,28.9,28.1,29.9,4.96,1.99,4.96,0.15,0.0,0.0,1027.0,8228.0,0.0,0.0,0.0,0.0,0.0,1.0,0.0,0.0,0.0,0.0,0.0,-0.7000000000000001,0.0,0.0,0.0,0.0001,16.0,25903.0
2026-07-30T19:02:52.094Z,341.577,341.592,0.0,7.4,0.0,0.0,0.0,0.0,0.0,0.0,0.0,0.0,1.0,0.0,0.0,0.0,9.0,4.0,0.0,0.0,0.0,0.0,0.0,0.0,0.0,0.0,3.0,12.0,1.0,12.15,5.01,2.5,1.49,0.0,0.0,0.0,1.9,0.0,-0.2,-0.5,-0.1,-169.60000000000002,0.0,0.0,169.70000000000002,0.0,21.3,29.0,29.0,29.5,300.0,300.0,31.700000000000003,35.800000000000004,28.9,28.1,29.9,4.95,1.99,4.96,0.15,0.0,0.0,1027.0,8228.0,0.0,0.0,0.0,0.0,0.0,1.0,0.0,0.0,0.0,0.0,0.0,-0.7000000000000001,0.0,0.0,0.0,0.0,16.0,25903.0
2026-07-30T19:02:52.106Z,341.589,341.604,0.0,7.4,0.0,0.0,0.0,0.0,0.0,0.0,0.0,0.0,1.0,0.0,0.0,0.0,9.0,4.0,0.0,0.0,0.0,0.0,0.0,0.0,0.0,0.0,4.0,12.0,1.0,12.15,5.01,2.5,1.49,0.0,0.0,0.0,1.8,0.0,0.2,0.0,-0.7000000000000001,-169.60000000000002,0.0,0.0,169.70000000000002,0.0,21.3,29.0,29.0,29.5,300.0,300.0,31.700000000000003,35.800000000000004,28.9,28.1,29.9,4.95,1.99,4.96,0.16,0.0,0.0,1027.0,8228.0,0.0,0.0,0.0,0.0,0.0,1.0,0.0,0.0,0.0,0.0,0.0,-0.5,0.0,0.6000000000000001,0.0,0.0001,16.0,25903.0
2026-07-30T19:02:52.118Z,341.601,341.616,0.0,7.4,0.0,0.0,0.0,0.0,0.0,0.0,0.0,0.0,1.0,0.0,0.0,0.0,9.0,4.0,0.0,0.0,0.0,0.0,0.0,0.0,0.0,0.0,4.0,12.0,1.0,12.15,5.01,2.5,1.49,0.0,0.0,0.0,1.8,0.0,0.2,0.6000000000000001,-0.7000000000000001,-169.60000000000002,0.0,0.0,169.60000000000002,0.0,21.3,29.0,29.0,29.5,300.0,300.0,31.700000000000003,35.800000000000004,28.9,28.1,29.9,4.95,1.99,4.96,0.16,0.0,0.0,1027.0,8228.0,0.0,0.0,0.0,0.0,0.0,1.0,0.0,0.0,0.0,0.0,0.0,0.1,0.0,0.7000000000000001,0.0,0.0001,16.0,25903.0
2026-07-30T19:02:52.130Z,341.613,341.628,0.0,7.4,0.0,0.0,0.0,0.0,0.0,0.0,0.0,0.0,1.0,0.0,0.0,0.0,9.0,4.0,0.0,0.0,0.0,0.0,0.0,0.0,0.0,0.0,6.0,12.0,1.0,12.15,5.01,2.5,1.49,0.0,0.0,0.0,1.8,0.0,0.2,0.6000000000000001,1.0,-169.60000000000002,0.0,0.0,169.60000000000002,0.0,21.3,29.0,29.0,29.5,300.0,300.0,31.700000000000003,35.800000000000004,28.9,28.1,29.9,4.95,1.99,4.96,0.16,0.0,0.0,1027.0,8228.0,0.0,0.0,0.0,0.0,0.0,1.0,0.0,0.0,0.0,0.0,0.0,0.2,0.0,0.7000000000000001,0.0,0.0001,16.0,25903.0
2026-07-30T19:02:52.142Z,341.625,341.64,0.0,7.4,0.0,0.0,0.0,0.0,0.0,0.0,0.0,0.0,1.0,0.0,0.0,0.0,9.0,4.0,0.0,0.0,0.0,0.0,0.0,0.0,0.0,0.0,1.0,12.0,1.0,12.15,5.01,2.5,1.49,0.0,0.0,0.0,1.8,0.0,0.8,0.0,-0.1,-169.60000000000002,0.0,0.0,169.70000000000002,0.0,21.3,29.0,29.0,29.5,300.0,300.0,31.700000000000003,35.800000000000004,28.9,28.1,29.9,4.95,1.99,4.97,0.16,0.0,0.0,1027.0,8228.0,0.0,0.0,0.0,0.0,0.0,1.0,0.0,0.0,0.0,0.0,0.0,-0.8,0.0,1.1,0.0,0.0,16.0,25903.0
2026-07-30T19:02:52.154Z,341.637,341.652,0.0,7.4,0.0,0.0,0.0,0.0,0.0,0.0,0.0,0.0,1.0,0.0,0.0,0.0,9.0,4.0,0.0,0.0,0.0,0.0,0.0,0.0,0.0,0.0,2.0,12.0,1.0,12.15,5.01,2.5,1.49,0.0,0.1,0.0,1.8,0.0,0.2,1.2000000000000002,0.4,-169.60000000000002,0.0,0.0,169.60000000000002,0.0,21.3,29.0,29.0,29.5,300.0,300.0,31.700000000000003,35.800000000000004,28.9,28.1,29.9,4.95,1.99,4.96,0.16,0.0,0.0,1027.0,8228.0,0.0,0.0,0.0,0.0,0.0,1.0,0.0,0.0,0.0,0.0,0.0,1.7000000000000002,0.0,-0.1,0.0,0.0,16.0,25903.0
2026-07-30T19:02:52.165Z,341.648,341.664,0.0,7.4,0.0,0.0,0.0,0.0,0.0,0.0,0.0,0.0,1.0,0.0,0.0,0.0,9.0,4.0,0.0,0.0,0.0,0.0,0.0,0.0,0.0,0.0,3.0,12.0,1.0,12.15,5.01,2.5,1.49,0.0,0.0,0.0,1.8,0.0,0.2,1.2000000000000002,2.2,-169.60000000000002,0.0,0.0,169.70000000000002,0.0,21.3,29.0,29.0,29.5,300.0,300.0,31.700000000000003,35.800000000000004,28.9,28.1,29.9,4.96,1.99,4.96,0.15,0.0,0.0,1027.0,8228.0,0.0,0.0,0.0,0.0,0.0,1.0,0.0,0.0,0.0,0.0,0.0,-0.3,0.0,0.6000000000000001,0.0,0.0,16.0,25903.0
2026-07-30T19:02:52.178Z,341.661,341.676,0.0,7.4,0.0,0.0,0.0,0.0,0.0,0.0,0.0,0.0,1.0,0.0,0.0,0.0,9.0,4.0,0.0,0.0,0.0,0.0,0.0,0.0,0.0,0.0,4.0,12.0,1.0,12.15,5.01,2.5,1.49,0.0,0.0,0.0,1.8,0.0,-0.3,-0.4,-1.3,-169.60000000000002,0.0,0.0,169.70000000000002,0.0,21.3,29.0,29.0,29.5,300.0,300.0,31.700000000000003,35.800000000000004,28.9,28.1,29.9,4.95,1.99,4.96,0.16,0.0,0.0,1027.0,8228.0,0.0,0.0,0.0,0.0,0.0,1.0,0.0,0.0,0.0,0.0,0.0,-1.5,0.0,1.0,0.0,0.0,16.0,25903.0
2026-07-30T19:02:52.190Z,341.673,341.688,0.0,7.4,0.0,0.0,0.0,0.0,0.0,0.0,0.0,0.0,1.0,0.0,0.0,0.0,9.0,4.0,0.0,0.0,0.0,0.0,0.0,0.0,0.0,0.0,5.0,12.0,1.0,12.17,5.01,2.5,1.49,0.0,0.0,0.0,1.8,0.0,0.2,-0.5,-0.1,-169.60000000000002,0.0,0.0,169.70000000000002,0.0,21.3,29.0,29.0,29.5,300.0,300.0,31.700000000000003,35.800000000000004,28.9,28.1,30.0,4.95,1.99,4.96,0.16,0.0,0.0,1027.0,8228.0,0.0,0.0,0.0,0.0,0.0,1.0,0.0,0.0,0.0,0.0,0.0,-0.7000000000000001,0.0,0.0,0.0,0.0,16.0,25903.0
2026-07-30T19:02:52.202Z,341.685,341.7,0.0,7.4,0.0,0.0,0.0,0.0,0.0,0.0,0.0,0.0,1.0,0.0,0.0,0.0,9.0,4.0,0.0,0.0,0.0,0.0,0.0,0.0,0.0,0.0,6.0,12.0,1.0,12.17,5.01,2.5,1.49,0.0,0.0,0.0,1.8,0.0,0.8,0.1,-0.7000000000000001,-169.60000000000002,0.0,0.0,169.70000000000002,0.0,21.3,29.0,29.0,29.5,300.0,300.0,31.700000000000003,35.800000000000004,28.9,28.1,30.0,4.95,2.0,4.97,0.16,0.0,0.0,1027.0,8228.0,0.0,0.0,0.0,0.0,0.0,1.0,0.0,0.0,0.0,0.0,0.0,-0.4,0.0,0.6000000000000001,0.0,0.0001,16.0,25903.0
2026-07-30T19:02:52.214Z,341.697,341.712,0.0,7.4,0.0,0.0,0.0,0.0,0.0,0.0,0.0,0.0,1.0,0.0,0.0,0.0,9.0,4.0,0.0,0.0,0.0,0.0,0.0,0.0,0.0,0.0,1.0,12.0,1.0,12.17,5.01,2.5,1.49,0.0,0.0,0.0,1.8,0.0,0.2,0.0,0.4,-169.60000000000002,0.0,0.0,169.60000000000002,0.0,21.3,29.0,29.0,29.5,300.0,300.0,31.700000000000003,35.800000000000004,28.9,28.1,30.0,4.95,1.99,4.97,0.16,0.0,0.0,1027.0,8228.0,0.0,0.0,0.0,0.0,0.0,1.0,0.0,0.0,0.0,0.0,0.0,0.4,0.0,-0.3,0.0,0.0001,16.0,25903.0
2026-07-30T19:02:52.226Z,341.709,341.724,0.0,7.4,0.0,0.0,0.0,0.0,0.0,0.0,0.0,0.0,1.0,0.0,0.0,0.0,9.0,4.0,0.0,0.0,0.0,0.0,0.0,0.0,0.0,0.0,3.0,12.0,1.0,12.17,5.01,2.5,1.49,0.0,0.0,0.0,1.8,0.0,-0.8,-0.4,-0.7000000000000001,-169.60000000000002,0.0,0.0,169.60000000000002,0.0,21.3,29.0,29.0,29.5,300.0,300.0,31.700000000000003,35.800000000000004,28.9,28.1,30.0,4.95,1.99,4.97,0.16,0.0,0.0,1027.0,8228.0,0.0,0.0,0.0,0.0,0.0,1.0,0.0,0.0,0.0,0.0,0.0,-1.0,0.0,0.5,0.0,0.0001,16.0,25903.0
2026-07-30T19:02:52.238Z,341.721,341.736,0.0,7.4,0.0,0.0,0.0,0.0,0.0,0.0,0.0,0.0,1.0,0.0,0.0,0.0,9.0,4.0,0.0,0.0,0.0,0.0,0.0,0.0,0.0,0.0,4.0,12.0,1.0,12.17,5.01,2.5,1.49,0.0,0.0,0.0,1.7000000000000002,0.0,1.5,-0.3,1.6,-169.60000000000002,0.0,0.0,169.70000000000002,0.0,21.3,29.0,29.0,29.5,300.0,300.0,31.700000000000003,35.800000000000004,28.9,28.1,30.0,4.96,1.99,4.96,0.16,0.0,0.0,1027.0,8228.0,0.0,0.0,0.0,0.0,0.0,1.0,0.0,0.0,0.0,0.0,0.0,0.7000000000000001,0.0,-1.5,0.0,0.0,16.0,25903.0
2026-07-30T19:02:52.250Z,341.733,341.748,0.0,7.4,0.0,0.0,0.0,0.0,0.0,0.0,0.0,0.0,1.0,0.0,0.0,0.0,9.0,4.0,0.0,0.0,0.0,0.0,0.0,0.0,0.0,0.0,5.0,12.0,1.0,12.17,5.01,2.5,1.49,0.0,0.0,0.0,1.7000000000000002,0.0,-0.2,-0.4,-0.7000000000000001,-169.60000000000002,0.0,0.0,169.60000000000002,0.0,21.3,29.0,29.0,29.5,300.0,300.0,31.700000000000003,35.800000000000004,28.9,28.1,30.0,4.96,1.99,4.97,0.16,0.0,0.0,1027.0,8228.0,0.0,0.0,0.0,0.0,0.0,1.0,0.0,0.0,0.0,0.0,0.0,-1.0,0.0,0.5,0.0,0.0,16.0,25903.0
2026-07-30T19:02:52.262Z,341.745,341.76,0.0,7.4,0.0,0.0,0.0,0.0,0.0,0.0,0.0,0.0,1.0,0.0,0.0,0.0,9.0,4.0,0.0,0.0,0.0,0.0,0.0,0.0,0.0,0.0,6.0,12.0,1.0,12.17,5.01,2.5,1.49,0.0,0.0,0.0,1.7000000000000002,0.0,-0.2,-0.4,-0.7000000000000001,-169.60000000000002,0.0,0.0,169.70000000000002,0.0,21.3,29.0,29.0,29.5,300.0,300.0,31.700000000000003,35.800000000000004,28.9,28.1,30.0,4.95,1.99,4.97,0.16,0.0,0.0,1027.0,8228.0,0.0,0.0,0.0,0.0,0.0,1.0,0.0,0.0,0.0,0.0,0.0,-1.1,0.0,0.5,0.0,0.0,16.0,25903.0
2026-07-30T19:02:52.274Z,341.757,341.772,0.0,7.4,0.0,0.0,0.0,0.0,0.0,0.0,0.0,0.0,1.0,0.0,0.0,0.0,9.0,4.0,0.0,0.0,0.0,0.0,0.0,0.0,0.0,0.0,1.0,12.0,1.0,12.17,5.01,2.5,1.49,0.0,0.0,0.0,1.7000000000000002,0.0,-0.2,1.2000000000000002,2.1,-169.60000000000002,0.0,0.0,169.60000000000002,0.0,21.3,29.0,29.0,29.5,300.0,300.0,31.700000000000003,35.800000000000004,28.9,28.1,30.0,4.96,1.99,4.97,0.16,0.0,0.0,1027.0,8228.0,0.0,0.0,0.0,0.0,0.0,1.0,0.0,0.0,0.0,0.0,0.0,3.0,0.0,-1.6,0.0,0.0,16.0,25903.0
2026-07-30T19:02:52.287Z,341.77,341.784,0.0,7.4,0.0,0.0,0.0,0.0,0.0,0.0,0.0,0.0,1.0,0.0,0.0,0.0,9.0,4.0,0.0,0.0,0.0,0.0,0.0,0.0,0.0,0.0,2.0,12.0,1.0,12.15,5.0200000000000005,2.51,1.49,0.0,0.0,0.0,1.7000000000000002,0.0,-0.2,-1.0,-1.3,-169.60000000000002,0.0,0.0,169.60000000000002,0.0,21.700000000000003,29.0,29.0,29.5,300.0,300.0,31.8,35.7,28.9,28.1,30.0,4.95,1.99,4.96,0.16,0.0,0.0,1027.0,8228.0,0.0,0.0,0.0,0.0,0.0,1.0,0.0,0.0,0.0,0.0,0.0,-2.2,0.0,0.9,0.0,0.0,16.0,25903.0
2026-07-30T19:02:52.298Z,341.781,341.796,0.0,7.4,0.0,0.0,0.0,0.0,0.0,0.0,0.0,0.0,1.0,0.0,0.0,0.0,9.0,4.0,0.0,0.0,0.0,0.0,0.0,0.0,0.0,0.0,3.0,12.0,1.0,12.15,5.0200000000000005,2.51,1.49,0.0,0.0,0.0,1.7000000000000002,0.0,0.2,0.0,-0.1,-169.60000000000002,0.0,0.0,169.60000000000002,0.0,21.700000000000003,29.0,29.0,29.5,300.0,300.0,31.8,35.7,28.9,28.1,30.0,4.95,1.99,4.96,0.16,0.0,0.0,1027.0,8228.0,0.0,0.0,0.0,0.0,0.0,1.0,0.0,0.0,0.0,0.0,0.0,0.0,0.0,0.1,0.0,0.0,16.0,25903.0
2026-07-30T19:02:52.310Z,341.793,341.808,0.0,7.4,0.0,0.0,0.0,0.0,0.0,0.0,0.0,0.0,1.0,0.0,0.0,0.0,9.0,4.0,0.0,0.0,0.0,0.0,0.0,0.0,0.0,0.0,5.0,12.0,1.0,12.15,5.0200000000000005,2.51,1.49,0.0,0.0,0.0,1.6,0.0,-0.2,0.6000000000000001,-0.1,-169.60000000000002,0.0,0.0,169.60000000000002,0.0,21.700000000000003,29.0,29.0,29.5,300.0,300.0,31.8,35.7,28.9,28.1,30.0,4.95,1.99,4.96,0.16,0.0,0.0,1027.0,8228.0,0.0,0.0,0.0,0.0,0.0,1.0,0.0,0.0,0.0,0.0,0.0,0.6000000000000001,0.0,0.2,0.0,0.0,16.0,25903.0
2026-07-30T19:02:52.322Z,341.805,341.82,0.0,7.4,0.0,0.0,0.0,0.0,0.0,0.0,0.0,0.0,1.0,0.0,0.0,0.0,9.0,4.0,0.0,0.0,0.0,0.0,0.0,0.0,0.0,0.0,6.0,12.0,1.0,12.15,5.0200000000000005,2.51,1.49,0.0,0.0,0.0,1.7000000000000002,0.0,0.8,0.0,-0.1,-169.60000000000002,0.0,0.0,169.70000000000002,0.0,21.700000000000003,29.0,29.0,29.5,300.0,300.0,31.8,35.7,28.9,28.1,30.0,4.96,1.99,4.96,0.16,0.0,0.0,1027.0,8228.0,0.0,0.0,0.0,0.0,0.0,1.0,0.0,0.0,0.0,0.0,0.0,0.0,0.0,0.1,0.0,0.0,16.0,25903.0
2026-07-30T19:02:52.334Z,341.817,341.832,0.0,7.4,0.0,0.0,0.0,0.0,0.0,0.0,0.0,0.0,1.0,0.0,0.0,0.0,9.0,4.0,0.0,0.0,0.0,0.0,0.0,0.0,0.0,0.0,2.0,12.0,1.0,12.15,5.0200000000000005,2.51,1.49,0.0,0.0,0.0,1.7000000000000002,0.0,0.8,-0.5,-0.2,-169.60000000000002,0.0,0.0,169.60000000000002,0.0,21.700000000000003,29.0,29.0,29.5,300.0,300.0,31.8,35.7,28.9,28.1,30.0,4.96,1.99,4.97,0.16,0.0,0.0,1027.0,8228.0,0.0,0.0,0.0,0.0,0.0,1.0,0.0,0.0,0.0,0.0,0.0,-0.7000000000000001,0.0,0.0,0.0,0.0,16.0,25903.0
2026-07-30T19:02:52.346Z,341.829,341.844,0.0,7.4,0.0,0.0,0.0,0.0,0.0,0.0,0.0,0.0,1.0,0.0,0.0,0.0,9.0,4.0,0.0,0.0,0.0,0.0,0.0,0.0,0.0,0.0,3.0,12.0,1.0,12.15,5.0200000000000005,2.51,1.49,0.0,0.0,0.0,1.6,0.0,-0.3,0.0,0.3,-169.60000000000002,0.0,0.0,169.60000000000002,0.0,21.700000000000003,29.0,29.0,29.5,300.0,300.0,31.8,35.7,28.9,28.1,30.0,4.96,1.99,4.96,0.16,0.0,0.0,1027.0,8228.0,0.0,0.0,0.0,0.0,0.0,1.0,0.0,0.0,0.0,0.0,0.0,0.2,0.0,-0.2,0.0,0.0,16.0,25903.0
2026-07-30T19:02:52.359Z,341.842,341.856,0.0,7.4,0.0,0.0,0.0,0.0,0.0,0.0,0.0,0.0,1.0,0.0,0.0,0.0,9.0,4.0,0.0,0.0,0.0,0.0,0.0,0.0,0.0,0.0,4.0,12.0,1.0,12.15,5.0200000000000005,2.51,1.49,0.0,0.0,0.0,1.6,0.0,0.2,0.0,0.3,-169.60000000000002,0.0,0.0,169.60000000000002,0.0,21.700000000000003,29.0,29.0,29.5,300.0,300.0,31.8,35.7,28.9,28.1,30.0,4.96,1.99,4.96,0.16,0.0,0.0,1027.0,8228.0,0.0,0.0,0.0,0.0,0.0,1.0,0.0,0.0,0.0,0.0,0.0,0.2,0.0,-0.2,0.0,0.0,16.0,25903.0
2026-07-30T19:02:52.370Z,341.853,341.868,0.0,7.4,0.0,0.0,0.0,0.0,0.0,0.0,0.0,0.0,1.0,0.0,0.0,0.0,9.0,4.0,0.0,0.0,0.0,0.0,0.0,0.0,0.0,0.0,5.0,12.0,1.0,12.15,5.0200000000000005,2.51,1.49,0.0,0.0,0.0,1.6,0.0,0.2,2.3000000000000003,1.4,-169.60000000000002,0.0,0.0,169.60000000000002,0.0,21.700000000000003,29.0,29.0,29.5,300.0,300.0,31.8,35.7,28.9,28.1,30.0,4.96,1.99,4.96,0.16,0.0,0.0,1027.0,8228.0,0.0,0.0,0.0,0.0,0.0,1.0,0.0,0.0,0.0,0.0,0.0,3.7,0.0,-0.7000000000000001,0.0,0.0001,16.0,25903.0
2026-07-30T19:02:52.382Z,341.865,341.88,0.0,7.4,0.0,0.0,0.0,0.0,0.0,0.0,0.0,0.0,1.0,0.0,0.0,0.0,9.0,4.0,0.0,0.0,0.0,0.0,0.0,0.0,0.0,0.0,6.0,12.0,1.0,12.15,5.0200000000000005,2.51,1.49,0.0,0.0,0.0,1.6,0.0,-0.2,-1.1,-0.2,-169.60000000000002,0.0,0.0,169.70000000000002,0.0,21.700000000000003,29.0,29.0,29.5,300.0,300.0,31.8,35.7,28.9,28.1,30.0,4.95,1.99,4.97,0.16,0.0,0.0,1027.0,8228.0,0.0,0.0,0.0,0.0,0.0,1.0,0.0,0.0,0.0,0.0,0.0,-1.4,0.0,0.0,0.0,0.0,16.0,25903.0
2026-07-30T19:02:52.394Z,341.877,341.892,0.0,7.4,0.0,0.0,0.0,0.0,0.0,0.0,0.0,0.0,1.0,0.0,0.0,0.0,9.0,4.0,0.0,0.0,0.0,0.0,0.0,0.0,0.0,0.0,2.0,12.0,1.0,12.17,5.01,2.5,1.49,0.0,0.0,0.0,1.7000000000000002,0.0,0.8,0.0,-0.8,-169.60000000000002,0.0,0.0,169.60000000000002,0.0,21.9,29.0,29.0,29.5,300.0,300.0,31.8,35.7,28.9,28.1,30.0,4.95,2.0,4.96,0.16,0.0,0.0,1027.0,8228.0,0.0,0.0,0.0,0.0,0.0,1.0,0.0,0.0,0.0,0.0,0.0,-0.5,0.0,0.7000000000000001,0.0,0.0,16.0,25903.0
2026-07-30T19:02:52.406Z,341.889,341.904,0.0,7.4,0.0,0.0,0.0,0.0,0.0,0.0,0.0,0.0,1.0,0.0,0.0,0.0,9.0,4.0,0.0,0.0,0.0,0.0,0.0,0.0,0.0,0.0,3.0,12.0,1.0,12.17,5.01,2.5,1.49,0.0,0.0,0.0,1.6,0.0,0.3,0.6000000000000001,-0.8,-169.60000000000002,0.0,0.0,169.60000000000002,0.0,21.9,29.0,29.0,29.5,300.0,300.0,31.8,35.7,28.9,28.1,30.0,4.96,1.99,4.96,0.16,0.0,0.0,1027.0,8228.0,0.0,0.0,0.0,0.0,0.0,1.0,0.0,0.0,0.0,0.0,0.0,0.0,0.0,0.8,0.0,0.0,16.0,25903.0
2026-07-30T19:02:52.418Z,341.901,341.916,0.0,7.4,0.0,0.0,0.0,0.0,0.0,0.0,0.0,0.0,1.0,0.0,0.0,0.0,9.0,4.0,0.0,0.0,0.0,0.0,0.0,0.0,0.0,0.0,4.0,12.0,1.0,12.17,5.01,2.5,1.49,0.0,0.0,0.0,1.6,0.0,-0.3,-0.5,-0.8,-169.60000000000002,0.0,0.0,169.60000000000002,0.0,21.9,29.0,29.0,29.5,300.0,300.0,31.8,35.7,28.9,28.1,30.0,4.95,1.99,4.97,0.16,0.0,0.0,1027.0,8228.0,0.0,0.0,0.0,0.0,0.0,1.0,0.0,0.0,0.0,0.0,0.0,-1.2000000000000002,0.0,0.6000000000000001,0.0,0.0,16.0,25903.0
2026-07-30T19:02:52.430Z,341.913,341.928,0.0,7.4,0.0,0.0,0.0,0.0,0.0,0.0,0.0,0.0,1.0,0.0,0.0,0.0,9.0,4.0,0.0,0.0,0.0,0.0,0.0,0.0,0.0,0.0,5.0,12.0,1.0,12.17,5.01,2.5,1.49,0.0,0.1,0.0,2.5,0.0,0.2,-0.5,-1.4,-169.60000000000002,0.0,0.0,169.60000000000002,0.0,21.9,29.0,29.0,29.5,300.0,300.0,31.8,35.7,28.9,28.1,30.0,4.96,1.99,4.97,0.16,0.0,0.0,1027.0,8228.0,0.0,0.0,0.0,0.0,0.0,1.0,0.0,0.0,0.0,0.0,0.0,-1.6,0.0,1.1,0.0,0.0,16.0,25903.0
2026-07-30T19:02:52.442Z,341.925,341.94,0.0,7.4,0.0,0.0,0.0,0.0,0.0,0.0,0.0,0.0,1.0,0.0,0.0,0.0,9.0,4.0,0.0,0.0,0.0,0.0,0.0,0.0,0.0,0.0,6.0,12.0,1.0,12.17,5.01,2.5,1.49,0.0,0.0,0.0,3.4000000000000004,0.0,0.8,-0.5,0.9,-169.60000000000002,0.0,0.0,169.70000000000002,0.0,21.9,29.0,29.0,29.5,300.0,300.0,31.8,35.7,28.9,28.1,30.0,4.96,1.99,4.96,0.16,0.0,0.0,1027.0,8228.0,0.0,0.0,0.0,0.0,0.0,1.0,0.0,0.0,0.0,0.0,0.0,0.0,0.0,-0.9,0.0,0.0,16.0,25903.0
2026-07-30T19:02:52.454Z,341.937,341.952,0.0,7.4,0.0,0.0,0.0,0.0,0.0,0.0,0.0,0.0,1.0,0.0,0.0,0.0,9.0,4.0,0.0,0.0,0.0,0.0,0.0,0.0,0.0,0.0,6.0,12.0,1.0,12.17,5.01,2.5,1.49,0.0,0.0,0.0,4.3,0.0,0.8,0.6000000000000001,2.6,-169.60000000000002,0.0,0.0,169.60000000000002,0.0,21.9,29.0,29.0,29.5,300.0,300.0,31.8,35.7,28.9,28.1,30.0,4.95,1.99,4.96,0.16,0.0,0.0,1027.0,8228.0,0.0,0.0,0.0,0.0,0.0,1.0,0.0,0.0,0.0,0.0,0.0,2.7,0.0,-2.2,0.0,0.0,16.0,25903.0
2026-07-30T19:02:52.466Z,341.949,341.964,0.0,7.4,0.0,0.0,0.0,0.0,0.0,0.0,0.0,0.0,1.0,0.0,0.0,0.0,9.0,4.0,0.0,0.0,0.0,0.0,0.0,0.0,0.0,0.0,5.0,12.0,1.0,12.17,5.01,2.5,1.49,0.0,0.0,0.0,4.4,0.0,0.8,-0.5,0.3,-169.60000000000002,0.0,0.0,169.60000000000002,0.0,21.9,29.0,29.0,29.5,300.0,300.0,31.8,35.7,28.9,28.1,30.0,4.95,1.99,4.97,0.16,0.0,0.0,1027.0,8228.0,0.0,0.0,0.0,0.0,0.0,1.0,0.0,0.0,0.0,0.0,0.0,-0.2,0.0,-0.4,0.0,0.0001,16.0,25903.0
2026-07-30T19:02:52.478Z,341.961,341.976,0.0,7.4,0.0,0.0,0.0,0.0,0.0,0.0,0.0,0.0,1.0,0.0,0.0,0.0,9.0,4.0,0.0,0.0,0.0,0.0,0.0,0.0,0.0,0.0,6.0,12.0,1.0,12.17,5.01,2.5,1.49,0.0,0.0,0.0,4.4,0.0,-0.2,0.6000000000000001,0.3,-169.60000000000002,0.0,0.0,169.60000000000002,0.0,21.9,29.0,29.0,29.5,300.0,300.0,31.8,35.7,28.9,28.1,30.0,4.96,2.0,4.96,0.16,0.0,0.0,1027.0,8228.0,0.0,0.0,0.0,0.0,0.0,1.0,0.0,0.0,0.0,0.0,0.0,1.0,0.0,-0.1,0.0,0.0,16.0,25903.0
2026-07-30T19:02:52.491Z,341.974,341.988,0.0,7.4,0.0,0.0,0.0,0.0,0.0,0.0,0.0,0.0,1.0,0.0,0.0,0.0,9.0,4.0,0.0,0.0,0.0,0.0,0.0,0.0,0.0,0.0,2.0,12.0,1.0,12.17,5.0200000000000005,2.51,1.49,0.0,0.0,0.0,4.4,0.0,-0.8,0.6000000000000001,-0.7000000000000001,-169.60000000000002,0.0,0.0,169.60000000000002,0.0,21.4,29.0,29.0,29.5,300.0,300.0,31.8,35.800000000000004,28.9,28.1,30.0,4.96,1.99,4.97,0.15,0.0,0.0,1027.0,8228.0,0.0,0.0,0.0,0.0,0.0,1.0,0.0,0.0,0.0,0.0,0.0,0.1,0.0,0.8,0.0,0.0,16.0,25903.0
2026-07-30T19:02:52.502Z,341.985,342.0,0.0,7.4,0.0,0.0,0.0,0.0,0.0,0.0,0.0,0.0,1.0,0.0,0.0,0.0,9.0,4.0,0.0,0.0,0.0,0.0,0.0,0.0,0.0,0.0,3.0,12.0,1.0,12.17,5.0200000000000005,2.51,1.49,0.0,0.0,0.0,5.300000000000001,0.0,0.9,1.2000000000000002,0.9,-169.60000000000002,0.0,0.0,169.70000000000002,0.0,21.4,29.0,29.0,29.5,300.0,300.0,31.8,35.800000000000004,28.9,28.1,30.0,4.96,1.99,4.97,0.16,0.0,0.0,1027.0,8228.0,0.0,0.0,0.0,0.0,0.0,1.0,0.0,0.0,0.0,0.0,0.0,2.1,0.0,-0.6000000000000001,0.0,0.0,16.0,25903.0
2026-07-30T19:02:52.514Z,341.997,342.012,0.0,7.4,0.0,0.0,0.0,0.0,0.0,0.0,0.0,0.0,1.0,0.0,0.0,0.0,9.0,4.0,0.0,0.0,0.0,0.0,0.0,0.0,0.0,0.0,4.0,12.0,1.0,12.17,5.0200000000000005,2.51,1.49,0.0,0.0,0.0,6.1000000000000005,0.0,0.3,-0.4,0.9,-169.60000000000002,0.0,0.0,169.70000000000002,0.0,21.4,29.0,29.0,29.5,300.0,300.0,31.8,35.800000000000004,28.9,28.1,30.0,4.96,1.99,4.97,0.16,0.0,0.0,1027.0,8228.0,0.0,0.0,0.0,0.0,0.0,1.0,0.0,0.0,0.0,0.0,0.0,0.2,0.0,-0.9,0.0,0.0001,16.0,25903.0
2026-07-30T19:02:52.526Z,342.009,342.024,0.0,7.4,0.0,0.0,0.0,0.0,0.0,0.0,0.0,0.0,1.0,0.0,0.0,0.0,9.0,4.0,0.0,0.0,0.0,0.0,0.0,0.0,0.0,0.0,6.0,12.0,1.0,12.17,5.0200000000000005,2.51,1.49,0.0,0.0,0.0,7.0,0.0,0.3,-1.0,-0.8,-169.60000000000002,0.0,0.0,169.60000000000002,0.0,21.4,29.0,29.0,29.5,300.0,300.0,31.8,35.800000000000004,28.9,28.1,30.0,4.96,2.0,4.97,0.16,0.0,0.0,1027.0,8228.0,0.0,0.0,0.0,0.0,0.0,1.0,0.0,0.0,0.0,0.0,0.0,-1.7000000000000002,0.0,0.5,0.0,0.0,16.0,25903.0
2026-07-30T19:02:52.538Z,342.021,342.036,0.0,7.4,0.0,0.0,0.0,0.0,0.0,0.0,0.0,0.0,1.0,0.0,0.0,0.0,9.0,4.0,0.0,0.0,0.0,0.0,0.0,0.0,0.0,0.0,1.0,12.0,1.0,12.17,5.0200000000000005,2.51,1.49,0.0,0.1,0.0,7.7,0.0,0.9,0.7000000000000001,0.3,-169.60000000000002,0.0,0.0,169.70000000000002,0.0,21.4,29.0,29.0,29.5,300.0,300.0,31.8,35.800000000000004,28.9,28.1,30.0,4.96,1.99,4.97,0.16,0.0,0.0,1027.0,8228.0,0.0,0.0,0.0,0.0,0.0,1.0,0.0,0.0,0.0,0.0,0.0,1.0,0.0,-0.1,0.0,0.0001,16.0,25903.0
2026-07-30T19:02:52.550Z,342.033,342.048,0.0,7.4,0.0,0.0,0.0,0.0,0.0,0.0,0.0,0.0,1.0,0.0,0.0,0.0,9.0,4.0,0.0,0.0,0.0,0.0,0.0,0.0,0.0,0.0,2.0,12.0,1.0,12.17,5.0200000000000005,2.51,1.49,0.0,0.0,0.0,8.6,0.0,0.3,-0.4,-0.7000000000000001,-169.60000000000002,0.0,0.0,169.60000000000002,0.0,21.4,29.0,29.0,29.5,300.0,300.0,31.8,35.800000000000004,28.9,28.1,30.0,4.96,1.99,4.97,0.16,0.0,0.0,1027.0,8228.0,0.0,0.0,0.0,0.0,0.0,1.0,0.0,0.0,0.0,0.0,0.0,-1.0,0.0,0.6000000000000001,0.0,0.0001,16.0,25903.0
2026-07-30T19:02:52.562Z,342.045,342.06,0.0,7.4,0.0,0.0,0.0,0.0,0.0,0.0,0.0,0.0,1.0,0.0,0.0,0.0,9.0,4.0,0.0,0.0,0.0,0.0,0.0,0.0,0.0,0.0,4.0,12.0,1.0,12.17,5.0200000000000005,2.51,1.49,0.0,0.0,0.0,8.9,0.0,0.3,-0.4,-0.2,-169.60000000000002,0.0,0.0,169.70000000000002,0.0,21.4,29.0,29.0,29.5,300.0,300.0,31.8,35.800000000000004,28.9,28.1,30.0,4.95,1.99,4.96,0.16,0.0,0.0,1027.0,8228.0,0.0,0.0,0.0,0.0,0.0,1.0,0.0,0.0,0.0,0.0,0.0,-0.6000000000000001,0.0,0.0,0.0,0.0001,16.0,25903.0
2026-07-30T19:02:52.574Z,342.057,342.072,0.0,7.4,0.0,0.0,0.0,0.0,0.0,0.0,0.0,0.0,1.0,0.0,0.0,0.0,9.0,4.0,0.0,0.0,0.0,0.0,0.0,0.0,0.0,0.0,4.0,12.0,1.0,12.17,5.0200000000000005,2.51,1.49,0.0,0.0,0.0,8.8,0.0,0.3,-0.3,-0.1,-169.60000000000002,0.0,0.0,169.70000000000002,0.0,21.4,29.0,29.0,29.5,300.0,300.0,31.8,35.800000000000004,28.9,28.1,30.0,4.95,1.99,4.97,0.16,0.0,0.0,1027.0,8228.0,0.0,0.0,0.0,0.0,0.0,1.0,0.0,0.0,0.0,0.0,0.0,-0.5,0.0,0.0,0.0,0.0,16.0,25903.0
2026-07-30T19:02:52.586Z,342.069,342.084,0.0,7.4,0.0,0.0,0.0,0.0,0.0,0.0,0.0,0.0,1.0,0.0,0.0,0.0,9.0,4.0,0.0,0.0,0.0,0.0,0.0,0.0,0.0,0.0,6.0,12.0,1.0,12.17,5.0200000000000005,2.51,1.49,0.0,0.0,0.0,8.700000000000001,0.0,-0.2,0.1,0.4,-169.60000000000002,0.0,0.0,169.70000000000002,0.0,21.4,29.0,29.0,29.5,300.0,300.0,31.8,35.800000000000004,28.9,28.1,30.0,4.95,1.99,4.97,0.16,0.0,0.0,1027.0,8228.0,0.0,0.0,0.0,0.0,0.0,1.0,0.0,0.0,0.0,0.0,0.0,0.5,0.0,-0.3,0.0,0.0,16.0,25903.0
2026-07-30T19:02:52.598Z,342.081,342.096,0.0,7.4,0.0,0.0,0.0,0.0,0.0,0.0,0.0,0.0,1.0,0.0,0.0,0.0,9.0,4.0,0.0,0.0,0.0,0.0,0.0,0.0,0.0,0.0,1.0,12.0,1.0,12.18,5.0200000000000005,2.51,1.49,0.0,0.1,0.0,8.700000000000001,0.0,0.2,-0.4,-0.7000000000000001,-169.60000000000002,0.0,0.0,169.70000000000002,0.0,21.0,29.0,29.0,29.5,300.0,300.0,31.700000000000003,35.800000000000004,28.9,28.1,30.0,4.96,1.99,4.97,0.16,0.0,0.0,1027.0,8228.0,0.0,0.0,0.0,0.0,0.0,1.0,0.0,0.0,0.0,0.0,0.0,-1.0,0.0,0.5,0.0,0.0,16.0,25903.0
2026-07-30T19:02:52.610Z,342.093,342.108,0.0,7.4,0.0,0.0,0.0,0.0,0.0,0.0,0.0,0.0,1.0,0.0,0.0,0.0,9.0,4.0,0.0,0.0,0.0,0.0,0.0,0.0,0.0,0.0,2.0,12.0,1.0,12.18,5.0200000000000005,2.51,1.49,0.0,0.0,0.0,8.700000000000001,0.0,0.3,0.1,-0.2,-169.60000000000002,0.0,0.0,169.60000000000002,0.0,21.0,29.0,29.0,29.5,300.0,300.0,31.700000000000003,35.800000000000004,28.9,28.1,30.0,4.96,1.99,4.96,0.16,0.0,0.0,1027.0,8228.0,0.0,0.0,0.0,0.0,0.0,1.0,0.0,0.0,0.0,0.0,0.0,0.0,0.0,0.2,0.0,0.0,16.0,25903.0
2026-07-30T19:02:52.622Z,342.105,342.12,0.0,7.4,0.0,0.0,0.0,0.0,0.0,0.0,0.0,0.0,1.0,0.0,0.0,0.0,9.0,4.0,0.0,0.0,0.0,0.0,0.0,0.0,0.0,0.0,3.0,12.0,1.0,12.18,5.0200000000000005,2.51,1.49,0.0,0.0,0.0,8.5,0.0,-0.8,-1.0,-0.8,-169.60000000000002,0.0,0.0,169.70000000000002,0.0,21.0,29.0,29.0,29.5,300.0,300.0,31.700000000000003,35.800000000000004,28.9,28.1,30.0,4.95,1.99,4.97,0.16,0.0,0.0,1027.0,8228.0,0.0,0.0,0.0,0.0,0.0,1.0,0.0,0.0,0.0,0.0,0.0,-1.7000000000000002,0.0,0.5,0.0,0.0,16.0,25903.0
2026-07-30T19:02:52.633Z,342.116,342.132,0.0,7.4,0.0,0.0,0.0,0.0,0.0,0.0,0.0,0.0,1.0,0.0,0.0,0.0,9.0,4.0,0.0,0.0,0.0,0.0,0.0,0.0,0.0,0.0,4.0,12.0,1.0,12.18,5.0200000000000005,2.51,1.49,0.0,0.0,0.0,8.5,0.0,0.2,0.7000000000000001,0.9,-169.60000000000002,0.0,0.0,169.70000000000002,0.0,21.0,29.0,29.0,29.5,300.0,300.0,31.700000000000003,35.800000000000004,28.9,28.1,30.0,4.95,2.0,4.96,0.16,0.0,0.0,1027.0,8228.0,0.0,0.0,0.0,0.0,0.0,1.0,0.0,0.0,0.0,0.0,0.0,1.5,0.0,-0.6000000000000001,0.0,0.0001,16.0,25903.0
2026-07-30T19:02:52.646Z,342.129,342.144,0.0,7.4,0.0,0.0,0.0,0.0,0.0,0.0,0.0,0.0,1.0,0.0,0.0,0.0,9.0,4.0,0.0,0.0,0.0,0.0,0.0,0.0,0.0,0.0,5.0,12.0,1.0,12.18,5.0200000000000005,2.51,1.49,0.0,0.0,0.0,8.4,0.0,0.2,1.2000000000000002,-0.8,-169.60000000000002,0.0,0.0,169.70000000000002,0.0,21.0,29.0,29.0,29.5,300.0,300.0,31.700000000000003,35.800000000000004,28.9,28.1,30.0,4.96,1.99,4.96,0.16,0.0,0.0,1027.0,8228.0,0.0,0.0,0.0,0.0,0.0,1.0,0.0,0.0,0.0,0.0,0.0,0.6000000000000001,0.0,0.3,0.0,0.0,16.0,25903.0
2026-07-30T19:02:52.658Z,342.141,342.156,0.0,7.4,0.0,0.0,0.0,0.0,0.0,0.0,0.0,0.0,1.0,0.0,0.0,0.0,9.0,4.0,0.0,0.0,0.0,0.0,0.0,0.0,0.0,0.0,6.0,12.0,1.0,12.18,5.0200000000000005,2.51,1.49,0.0,0.0,0.0,8.4,0.0,0.2,-0.4,-0.8,-169.60000000000002,0.0,0.0,169.70000000000002,0.0,21.0,29.0,29.0,29.5,300.0,300.0,31.700000000000003,35.800000000000004,28.9,28.1,30.0,4.95,1.99,4.97,0.16,0.0,0.0,1027.0,8228.0,0.0,0.0,0.0,0.0,0.0,1.0,0.0,0.0,0.0,0.0,0.0,-1.1,0.0,0.6000000000000001,0.0,0.0,16.0,25903.0
2026-07-30T19:02:52.670Z,342.153,342.168,0.0,7.4,0.0,0.0,0.0,0.0,0.0,0.0,0.0,0.0,1.0,0.0,0.0,0.0,9.0,4.0,0.0,0.0,0.0,0.0,0.0,0.0,0.0,0.0,1.0,12.0,1.0,12.18,5.0200000000000005,2.51,1.49,0.0,0.0,0.0,8.200000000000001,0.0,0.2,0.0,-0.8,-169.60000000000002,0.0,0.0,169.60000000000002,0.0,21.0,29.0,29.0,29.5,300.0,300.0,31.700000000000003,35.800000000000004,28.9,28.1,30.0,4.96,1.99,4.96,0.16,0.0,0.0,1027.0,8228.0,0.0,0.0,0.0,0.0,0.0,1.0,0.0,0.0,0.0,0.0,0.0,-0.3,0.0,-0.4,0.0,0.0001,16.0,25903.0
2026-07-30T19:02:52.682Z,342.165,342.18,0.0,7.4,0.0,0.0,0.0,0.0,0.0,0.0,0.0,0.0,1.0,0.0,0.0,0.0,9.0,4.0,0.0,0.0,0.0,0.0,0.0,0.0,0.0,0.0,3.0,12.0,1.0,12.18,5.0200000000000005,2.51,1.49,0.0,0.0,0.0,8.200000000000001,0.0,0.2,0.0,-0.2,-169.60000000000002,0.0,0.0,169.60000000000002,0.0,21.0,29.0,29.0,29.5,300.0,300.0,31.700000000000003,35.800000000000004,28.9,28.1,30.0,4.96,1.99,4.96,0.16,0.0,0.0,1027.0,8228.0,0.0,0.0,0.0,0.0,0.0,1.0,0.0,0.0,0.0,0.0,0.0,0.1,0.0,0.8,0.0,0.0001,16.0,25903.0
2026-07-30T19:02:52.695Z,342.178,342.192,0.0,7.4,0.0,0.0,0.0,0.0,0.0,0.0,0.0,0.0,1.0,0.0,0.0,0.0,9.0,4.0,0.0,0.0,0.0,0.0,0.0,0.0,0.0,0.0,5.0,12.0,1.0,12.15,5.01,2.51,1.49,0.0,0.0,0.0,8.1,0.0,0.2,0.0,-0.2,-169.60000000000002,0.0,0.0,169.60000000000002,0.0,21.3,29.0,29.0,29.5,300.0,300.0,31.700000000000003,35.800000000000004,28.9,28.1,30.0,4.95,1.99,4.96,0.16,0.0,0.0,1027.0,8228.0,0.0,0.0,0.0,0.0,0.0,1.0,0.0,0.0,0.0,0.0,0.0,-0.1,0.0,0.2,0.0,0.0001,16.0,25903.0
2026-07-30T19:02:52.706Z,342.189,342.204,0.0,7.4,0.0,0.0,0.0,0.0,0.0,0.0,0.0,0.0,1.0,0.0,0.0,0.0,9.0,4.0,0.0,0.0,0.0,0.0,0.0,0.0,0.0,0.0,6.0,12.0,1.0,12.15,5.01,2.51,1.49,0.0,0.0,0.0,8.0,0.0,0.2,0.0,-0.2,-169.60000000000002,0.0,0.0,169.8,0.0,21.3,29.0,29.0,29.5,300.0,300.0,31.700000000000003,35.800000000000004,28.9,28.1,30.0,4.95,1.99,4.97,0.16,0.0,0.0,1027.0,8228.0,0.0,0.0,0.0,0.0,0.0,1.0,0.0,0.0,0.0,0.0,0.0,0.0,0.0,0.2,0.0,0.0,16.0,25903.0
2026-07-30T19:02:52.718Z,342.201,342.216,0.0,7.4,0.0,0.0,0.0,0.0,0.0,0.0,0.0,0.0,1.0,0.0,0.0,0.0,9.0,4.0,0.0,0.0,0.0,0.0,0.0,0.0,0.0,0.0,6.0,12.0,1.0,12.15,5.01,2.51,1.49,0.0,0.0,0.0,8.0,0.0,0.8,-1.0,-1.3,-169.60000000000002,0.0,0.0,169.70000000000002,0.0,21.3,29.0,29.0,29.5,300.0,300.0,31.700000000000003,35.800000000000004,28.9,28.1,30.0,4.96,1.99,4.96,0.16,0.0,0.0,1027.0,8228.0,0.0,0.0,0.0,0.0,0.0,1.0,0.0,0.0,0.0,0.0,0.0,-2.2,0.0,0.9,0.0,0.0002,16.0,25903.0
2026-07-30T19:02:52.730Z,342.213,342.228,0.0,7.4,0.0,0.0,0.0,0.0,0.0,0.0,0.0,0.0,1.0,0.0,0.0,0.0,9.0,4.0,0.0,0.0,0.0,0.0,0.0,0.0,0.0,0.0,2.0,12.0,1.0,12.15,5.01,2.51,1.49,0.0,0.0,0.0,7.9,0.0,0.7000000000000001,1.8,0.9,-169.60000000000002,0.0,0.0,169.60000000000002,0.0,21.3,29.0,29.0,29.5,300.0,300.0,31.700000000000003,35.800000000000004,28.9,28.1,30.0,4.96,1.99,4.97,0.15,0.0,0.0,1027.0,8228.0,0.0,0.0,0.0,0.0,0.0,1.0,0.0,0.0,0.0,0.0,0.0,2.8000000000000003,0.0,-0.4,0.0,0.0001,16.0,25903.0
2026-07-30T19:02:52.741Z,342.224,342.24,0.0,7.4,0.0,0.0,0.0,0.0,0.0,0.0,0.0,0.0,1.0,0.0,0.0,0.0,9.0,4.0,0.0,0.0,0.0,0.0,0.0,0.0,0.0,0.0,3.0,12.0,1.0,12.15,5.01,2.51,1.49,0.0,0.1,0.0,7.800000000000001,0.0,0.2,0.6000000000000001,0.4,-169.60000000000002,0.0,0.0,169.60000000000002,0.0,21.3,29.0,29.0,29.5,300.0,300.0,31.700000000000003,35.800000000000004,28.9,28.1,30.0,4.95,1.99,4.97,0.16,0.0,0.0,1027.0,8228.0,0.0,0.0,0.0,0.0,0.0,1.0,0.0,0.0,0.0,0.0,0.0,1.1,0.0,-0.2,0.0,0.0,16.0,25903.0
2026-07-30T19:02:52.755Z,342.238,342.252,0.0,7.4,0.0,0.0,0.0,0.0,0.0,0.0,0.0,0.0,1.0,0.0,0.0,0.0,9.0,4.0,0.0,0.0,0.0,0.0,0.0,0.0,0.0,0.0,4.0,12.0,1.0,12.15,5.01,2.51,1.49,0.0,0.0,0.0,7.7,0.0,0.2,0.7000000000000001,-0.1,-169.60000000000002,0.0,0.0,169.70000000000002,0.0,21.3,29.0,29.0,29.5,300.0,300.0,31.700000000000003,35.800000000000004,28.9,28.1,30.0,4.95,1.99,4.96,0.16,0.0,0.0,1027.0,8228.0,0.0,0.0,0.0,0.0,0.0,1.0,0.0,0.0,0.0,0.0,0.0,0.7000000000000001,0.0,0.2,0.0,0.0,16.0,25903.0
2026-07-30T19:02:52.766Z,342.249,342.264,0.0,7.4,0.0,0.0,0.0,0.0,0.0,0.0,0.0,0.0,1.0,0.0,0.0,0.0,9.0,4.0,0.0,0.0,0.0,0.0,0.0,0.0,0.0,0.0,5.0,12.0,1.0,12.15,5.01,2.51,1.49,0.0,0.0,0.0,7.7,0.0,-0.3,0.6000000000000001,-0.1,-169.60000000000002,0.0,0.0,169.70000000000002,0.0,21.3,29.0,29.0,29.5,300.0,300.0,31.700000000000003,35.800000000000004,28.9,28.1,30.0,4.95,2.0,4.96,0.16,0.0,0.0,1027.0,8228.0,0.0,0.0,0.0,0.0,0.0,1.0,0.0,0.0,0.0,0.0,0.0,0.7000000000000001,0.0,0.2,0.0,0.0,16.0,25903.0
2026-07-30T19:02:52.778Z,342.261,342.276,0.0,7.4,0.0,0.0,0.0,0.0,0.0,0.0,0.0,0.0,1.0,0.0,0.0,0.0,9.0,4.0,0.0,0.0,0.0,0.0,0.0,0.0,0.0,0.0,6.0,12.0,1.0,12.15,5.01,2.51,1.49,0.0,0.0,0.0,7.6,0.0,-0.3,-0.5,-0.6000000000000001,-169.60000000000002,0.0,0.0,169.70000000000002,0.0,21.3,29.0,29.0,29.5,300.0,300.0,31.700000000000003,35.800000000000004,28.9,28.1,30.0,4.95,1.99,4.97,0.16,0.0,0.0,1027.0,8228.0,0.0,0.0,0.0,0.0,0.0,1.0,0.0,0.0,0.0,0.0,0.0,-1.0,0.0,0.4,0.0,0.0,16.0,25903.0
2026-07-30T19:02:52.790Z,342.273,342.288,0.0,7.4,0.0,0.0,0.0,0.0,0.0,0.0,0.0,0.0,1.0,0.0,0.0,0.0,9.0,4.0,0.0,0.0,0.0,0.0,0.0,0.0,0.0,0.0,1.0,12.0,1.0,12.15,5.01,2.51,1.49,0.0,0.1,0.0,7.5,0.0,-0.3,-0.5,-0.6000000000000001,-169.60000000000002,0.0,0.0,169.70000000000002,0.0,21.3,29.0,29.0,29.5,300.0,300.0,31.700000000000003,35.800000000000004,28.9,28.1,30.0,4.96,1.99,4.97,0.16,0.0,0.0,1027.0,8228.0,0.0,0.0,0.0,0.0,0.0,1.0,0.0,0.0,0.0,0.0,0.0,-1.0,0.0,0.4,0.0,0.0001,16.0,25903.0
2026-07-30T19:02:52.802Z,342.285,342.3,0.0,7.4,0.0,0.0,0.0,0.0,0.0,0.0,0.0,0.0,1.0,0.0,0.0,0.0,9.0,4.0,0.0,0.0,0.0,0.0,0.0,0.0,0.0,0.0,2.0,12.0,1.0,12.18,5.01,2.51,1.49,0.0,0.0,0.0,7.4,0.0,0.1,0.6000000000000001,-1.3,-169.60000000000002,0.0,0.0,169.60000000000002,0.0,21.4,29.0,29.0,29.5,300.0,300.0,31.8,35.800000000000004,28.9,28.1,30.0,4.96,1.99,4.96,0.15,0.0,0.0,1027.0,8228.0,0.0,0.0,0.0,0.0,0.0,1.0,0.0,0.0,0.0,0.0,0.0,-0.2,0.0,1.2000000000000002,0.0,0.0,16.0,25903.0
2026-07-30T19:02:52.814Z,342.297,342.312,0.0,7.4,0.0,0.0,0.0,0.0,0.0,0.0,0.0,0.0,1.0,0.0,0.0,0.0,9.0,4.0,0.0,0.0,0.0,0.0,0.0,0.0,0.0,0.0,3.0,12.0,1.0,12.18,5.01,2.51,1.49,0.0,0.0,0.0,7.4,0.0,-0.3,-1.7000000000000002,-2.4000000000000004,-169.60000000000002,0.0,0.0,169.60000000000002,0.0,21.4,29.0,29.0,29.5,300.0,300.0,31.8,35.800000000000004,28.9,28.1,30.0,4.95,1.99,4.97,0.15,0.0,0.0,1027.0,8228.0,0.0,0.0,0.0,0.0,0.0,1.0,0.0,0.0,0.0,0.0,0.0,-3.8,0.0,1.8,0.0,0.0,16.0,25903.0
2026-07-30T19:02:52.827Z,342.31,342.324,0.0,7.4,0.0,0.0,0.0,0.0,0.0,0.0,0.0,0.0,1.0,0.0,0.0,0.0,9.0,4.0,0.0,0.0,0.0,0.0,0.0,0.0,0.0,0.0,4.0,12.0,1.0,12.18,5.01,2.51,1.49,0.0,0.1,0.0,7.4,0.0,0.2,1.1,1.0,-169.60000000000002,0.0,0.0,169.60000000000002,0.0,21.4,29.0,29.0,29.5,300.0,300.0,31.8,35.800000000000004,28.9,28.1,30.0,4.95,1.99,4.97,0.16,0.0,0.0,1027.0,8228.0,0.0,0.0,0.0,0.0,0.0,1.0,0.0,0.0,0.0,0.0,0.0,2.1,0.0,-0.6000000000000001,0.0,0.0,16.0,25903.0
2026-07-30T19:02:52.838Z,342.321,342.336,0.0,7.4,0.0,0.0,0.0,0.0,0.0,0.0,0.0,0.0,1.0,0.0,0.0,0.0,9.0,4.0,0.0,0.0,0.0,0.0,0.0,0.0,0.0,0.0,5.0,12.0,1.0,12.18,5.01,2.51,1.49,0.0,0.0,0.0,7.2,0.0,-0.3,0.6000000000000001,1.0,-169.60000000000002,0.0,0.0,169.60000000000002,0.0,21.4,29.0,29.0,29.5,300.0,300.0,31.8,35.800000000000004,28.9,28.1,30.0,4.96,2.0,4.97,0.16,0.0,0.0,1027.0,8228.0,0.0,0.0,0.0,0.0,0.0,1.0,0.0,0.0,0.0,0.0,0.0,1.4,0.0,-0.8,0.0,0.0,16.0,25903.0
2026-07-30T19:02:52.850Z,342.333,342.348,0.0,7.4,0.0,0.0,0.0,0.0,0.0,0.0,0.0,0.0,1.0,0.0,0.0,0.0,9.0,4.0,0.0,0.0,0.0,0.0,0.0,0.0,0.0,0.0,6.0,12.0,1.0,12.18,5.01,2.51,1.49,0.0,0.0,0.0,7.2,0.0,0.1,0.6000000000000001,2.2,-169.60000000000002,0.0,0.0,169.70000000000002,0.0,21.4,29.0,29.0,29.5,300.0,300.0,31.8,35.800000000000004,28.9,28.1,30.0,4.95,2.0,4.96,0.16,0.0,0.0,1027.0,8228.0,0.0,0.0,0.0,0.0,0.0,1.0,0.0,0.0,0.0,0.0,0.0,2.3000000000000003,0.0,-1.8,0.0,0.0,16.0,25903.0
2026-07-30T19:02:52.861Z,342.344,342.36,0.0,7.4,0.0,0.0,0.0,0.0,0.0,0.0,0.0,0.0,1.0,0.0,0.0,0.0,9.0,4.0,0.0,0.0,0.0,0.0,0.0,0.0,0.0,0.0,2.0,12.0,1.0,12.18,5.01,2.51,1.49,0.0,0.0,0.0,7.1000000000000005,0.0,0.8,-0.5,0.0,-169.60000000000002,0.0,0.0,169.60000000000002,0.0,21.4,29.0,29.0,29.5,300.0,300.0,31.8,35.800000000000004,28.9,28.1,30.0,4.96,1.99,4.97,0.16,0.0,0.0,1027.0,8228.0,0.0,0.0,0.0,0.0,0.0,1.0,0.0,0.0,0.0,0.0,0.0,-0.6000000000000001,0.0,0.0,0.0,0.0,16.0,25903.0
2026-07-30T19:02:52.873Z,342.356,342.372,0.0,7.4,0.0,0.0,0.0,0.0,0.0,0.0,0.0,0.0,1.0,0.0,0.0,0.0,9.0,4.0,0.0,0.0,0.0,0.0,0.0,0.0,0.0,0.0,3.0,12.0,1.0,12.18,5.01,2.51,1.49,0.0,0.1,0.0,7.1000000000000005,0.0,1.4,-0.5,0.0,-169.60000000000002,0.0,0.0,169.60000000000002,0.0,21.4,29.0,29.0,29.5,300.0,300.0,31.8,35.800000000000004,28.9,28.1,30.0,4.96,1.99,4.96,0.16,0.0,0.0,1027.0,8228.0,0.0,0.0,0.0,0.0,0.0,1.0,0.0,0.0,0.0,0.0,0.0,-0.6000000000000001,0.0,0.0,0.0,0.0,16.0,25903.0
2026-07-30T19:02:52.886Z,342.369,342.384,0.0,7.4,0.0,0.0,0.0,0.0,0.0,0.0,0.0,0.0,1.0,0.0,0.0,0.0,9.0,4.0,0.0,0.0,0.0,0.0,0.0,0.0,0.0,0.0,4.0,12.0,1.0,12.18,5.01,2.51,1.49,0.0,0.0,0.0,7.0,0.0,-0.3,-0.5,-0.1,-169.60000000000002,0.0,0.0,169.60000000000002,0.0,21.4,29.0,29.0,29.5,300.0,300.0,31.8,35.800000000000004,28.9,28.1,30.0,4.96,1.99,4.96,0.16,0.0,0.0,1027.0,8228.0,0.0,0.0,0.0,0.0,0.0,1.0,0.0,0.0,0.0,0.0,0.0,-0.7000000000000001,0.0,0.0,0.0,0.0,16.0,25903.0
2026-07-30T19:02:52.899Z,342.382,342.396,0.0,7.4,0.0,0.0,0.0,0.0,0.0,0.0,0.0,0.0,1.0,0.0,0.0,0.0,9.0,4.0,0.0,0.0,0.0,0.0,0.0,0.0,0.0,0.0,6.0,12.0,1.0,12.17,5.0200000000000005,2.5,1.49,0.0,0.0,0.0,6.9,0.0,-0.9,0.0,-0.6000000000000001,-169.60000000000002,0.0,0.0,169.60000000000002,0.0,21.700000000000003,29.0,29.0,29.5,300.0,300.0,31.8,35.800000000000004,28.9,28.1,30.0,4.95,1.99,4.97,0.16,0.0,0.0,1027.0,8228.0,0.0,0.0,0.0,0.0,0.0,1.0,0.0,0.0,0.0,0.0,0.0,-0.4,0.0,0.6000000000000001,0.0,0.0,16.0,25903.0
2026-07-30T19:02:52.910Z,342.393,342.408,0.0,7.4,0.0,0.0,0.0,0.0,0.0,0.0,0.0,0.0,1.0,0.0,0.0,0.0,9.0,4.0,0.0,0.0,0.0,0.0,0.0,0.0,0.0,0.0,1.0,12.0,1.0,12.17,5.0200000000000005,2.5,1.49,0.0,0.0,0.0,6.9,0.0,-0.9,-0.5,-0.6000000000000001,-169.60000000000002,0.0,0.0,169.60000000000002,0.0,21.700000000000003,29.0,29.0,29.5,300.0,300.0,31.8,35.800000000000004,28.9,28.1,30.0,4.95,1.99,4.97,0.16,0.0,0.0,1027.0,8228.0,0.0,0.0,0.0,0.0,0.0,1.0,0.0,0.0,0.0,0.0,0.0,-1.0,0.0,0.4,0.0,0.0,16.0,25903.0
2026-07-30T19:02:52.922Z,342.405,342.42,0.0,7.4,0.0,0.0,0.0,0.0,0.0,0.0,0.0,0.0,1.0,0.0,0.0,0.0,9.0,4.0,0.0,0.0,0.0,0.0,0.0,0.0,0.0,0.0,2.0,12.0,1.0,12.17,5.0200000000000005,2.5,1.49,0.0,0.0,0.0,6.800000000000001,0.0,0.2,0.0,1.1,-169.60000000000002,0.0,0.0,169.70000000000002,0.0,21.700000000000003,29.0,29.0,29.5,300.0,300.0,31.8,35.800000000000004,28.9,28.1,30.0,4.95,1.99,4.97,0.16,0.0,0.0,1027.0,8228.0,0.0,0.0,0.0,0.0,0.0,1.0,0.0,0.0,0.0,0.0,0.0,0.9,0.0,-0.9,0.0,0.0,16.0,25903.0
2026-07-30T19:02:52.934Z,342.417,342.432,0.0,7.4,0.0,0.0,0.0,0.0,0.0,0.0,0.0,0.0,1.0,0.0,0.0,0.0,9.0,4.0,0.0,0.0,0.0,0.0,0.0,0.0,0.0,0.0,3.0,12.0,1.0,12.17,5.0200000000000005,2.5,1.49,0.0,0.1,0.0,6.7,0.0,-0.2,-1.0,-1.2000000000000002,-169.60000000000002,0.0,0.0,169.70000000000002,0.0,21.700000000000003,29.0,29.0,29.5,300.0,300.0,31.8,35.800000000000004,28.9,28.1,30.0,4.96,1.99,4.97,0.16,0.0,0.0,1027.0,8228.0,0.0,0.0,0.0,0.0,0.0,1.0,0.0,0.0,0.0,0.0,0.0,-2.0,0.0,0.8,0.0,0.0001,16.0,25903.0
2026-07-30T19:02:52.946Z,342.429,342.444,0.0,7.4,0.0,0.0,0.0,0.0,0.0,0.0,0.0,0.0,1.0,0.0,0.0,0.0,9.0,4.0,0.0,0.0,0.0,0.0,0.0,0.0,0.0,0.0,4.0,12.0,1.0,12.17,5.0200000000000005,2.5,1.49,0.0,0.1,0.0,6.7,0.0,-0.2,0.7000000000000001,0.0,-169.60000000000002,0.0,0.0,169.70000000000002,0.0,21.700000000000003,29.0,29.0,29.5,300.0,300.0,31.8,35.800000000000004,28.9,28.1,30.0,4.95,1.99,4.96,0.16,0.0,0.0,1027.0,8228.0,0.0,0.0,0.0,0.0,0.0,1.0,0.0,0.0,0.0,0.0,0.0,0.7000000000000001,0.0,0.1,0.0,0.0,16.0,25903.0
2026-07-30T19:02:52.958Z,342.441,342.456,0.0,7.4,0.0,0.0,0.0,0.0,0.0,0.0,0.0,0.0,1.0,0.0,0.0,0.0,9.0,4.0,0.0,0.0,0.0,0.0,0.0,0.0,0.0,0.0,5.0,12.0,1.0,12.17,5.0200000000000005,2.5,1.49,0.0,0.0,0.0,6.7,0.0,-0.2,-1.0,-1.1,-169.60000000000002,0.0,0.0,169.60000000000002,0.0,21.700000000000003,29.0,29.0,29.5,300.0,300.0,31.8,35.800000000000004,28.9,28.1,30.0,4.96,1.99,4.96,0.16,0.0,0.0,1027.0,8228.0,0.0,0.0,0.0,0.0,0.0,1.0,0.0,0.0,0.0,0.0,0.0,-2.0,0.0,0.8,0.0,0.0,16.0,25903.0
2026-07-30T19:02:52.970Z,342.453,342.468,0.0,7.4,0.0,0.0,0.0,0.0,0.0,0.0,0.0,0.0,1.0,0.0,0.0,0.0,9.0,4.0,0.0,0.0,0.0,0.0,0.0,0.0,0.0,0.0,6.0,12.0,1.0,12.17,5.0200000000000005,2.5,1.49,0.0,0.0,0.0,6.5,0.0,0.3,0.7000000000000001,0.5,-169.60000000000002,0.0,0.0,169.70000000000002,0.0,21.700000000000003,29.0,29.0,29.5,300.0,300.0,31.8,35.800000000000004,28.9,28.1,30.0,4.96,1.99,4.97,0.16,0.0,0.0,1027.0,8228.0,0.0,0.0,0.0,0.0,0.0,1.0,0.0,0.0,0.0,0.0,0.0,1.2000000000000002,0.0,-0.3,0.0,0.0,16.0,25903.0
2026-07-30T19:02:52.982Z,342.465,342.48,0.0,7.4,0.0,0.0,0.0,0.0,0.0,0.0,0.0,0.0,1.0,0.0,0.0,0.0,9.0,4.0,0.0,0.0,0.0,0.0,0.0,0.0,0.0,0.0,1.0,12.0,1.0,12.17,5.0200000000000005,2.5,1.49,0.0,0.0,0.0,6.5,0.0,-0.2,-0.4,0.0,-169.60000000000002,0.0,0.0,169.60000000000002,0.0,21.700000000000003,29.0,29.0,29.5,300.0,300.0,31.8,35.800000000000004,28.9,28.1,30.0,4.96,1.99,4.97,0.16,0.0,0.0,1027.0,8228.0,0.0,0.0,0.0,0.0,0.0,1.0,0.0,0.0,0.0,0.0,0.0,-0.4,0.0,0.0,0.0,0.0,16.0,25903.0
2026-07-30T19:02:52.994Z,342.477,342.492,0.0,7.4,0.0,0.0,0.0,0.0,0.0,0.0,0.0,0.0,1.0,0.0,0.0,0.0,9.0,4.0,0.0,0.0,0.0,0.0,0.0,0.0,0.0,0.0,2.0,12.0,1.0,12.17,5.0200000000000005,2.5,1.49,0.0,0.0,0.0,6.5,0.0,-0.2,-0.9,1.1,-169.60000000000002,0.0,0.0,169.60000000000002,0.0,21.700000000000003,29.0,29.0,29.5,300.0,300.0,31.8,35.800000000000004,28.9,28.1,30.0,4.96,1.99,4.97,0.16,0.0,0.0,1027.0,8228.0,0.0,0.0,0.0,0.0,0.0,1.0,0.0,0.0,0.0,0.0,0.0,-0.2,0.0,-1.2000000000000002,0.0,0.0,16.0,25903.0
2026-07-30T19:02:53.006Z,342.489,342.504,0.0,7.4,0.0,0.0,0.0,0.0,0.0,0.0,0.0,0.0,1.0,0.0,0.0,0.0,9.0,4.0,0.0,0.0,0.0,0.0,0.0,0.0,0.0,0.0,4.0,12.0,1.0,12.15,5.01,2.51,1.49,0.0,0.0,0.0,6.4,0.0,0.3,-0.9,-1.1,-169.60000000000002,0.0,0.0,169.60000000000002,0.0,21.700000000000003,29.0,29.0,29.5,300.0,300.0,31.700000000000003,35.800000000000004,28.9,28.1,30.0,4.95,1.99,4.97,0.16,0.0,0.0,1027.0,8228.0,0.0,0.0,0.0,0.0,0.0,1.0,0.0,0.0,0.0,0.0,0.0,-1.9,0.0,0.8,0.0,0.0,16.0,25903.0
2026-07-30T19:02:53.018Z,342.501,342.516,0.0,7.4,0.0,0.0,0.0,0.0,0.0,0.0,0.0,0.0,1.0,0.0,0.0,0.0,9.0,4.0,0.0,0.0,0.0,0.0,0.0,0.0,0.0,0.0,5.0,12.0,1.0,12.15,5.01,2.51,1.49,0.0,0.0,0.0,6.300000000000001,0.0,0.3,0.8,1.1,-169.60000000000002,0.0,0.0,169.60000000000002,0.0,21.700000000000003,29.0,29.0,29.5,300.0,300.0,31.700000000000003,35.800000000000004,28.9,28.1,30.0,4.95,1.99,4.97,0.16,0.0,0.0,1027.0,8228.0,0.0,0.0,0.0,0.0,0.0,1.0,0.0,0.0,0.0,0.0,0.0,1.7000000000000002,0.0,-0.8,0.0,0.0,16.0,25903.0
2026-07-30T19:02:53.030Z,342.513,342.528,0.0,7.4,0.0,0.0,0.0,0.0,0.0,0.0,0.0,0.0,1.0,0.0,0.0,0.0,9.0,4.0,0.0,0.0,0.0,0.0,0.0,0.0,0.0,0.0,6.0,12.0,1.0,12.15,5.01,2.51,1.49,0.0,0.0,0.0,6.300000000000001,0.0,-0.7000000000000001,-0.3,-1.2000000000000002,-169.60000000000002,0.0,0.0,169.70000000000002,0.0,21.700000000000003,29.0,29.0,29.5,300.0,300.0,31.700000000000003,35.800000000000004,28.9,28.1,30.0,4.95,1.99,4.97,0.16,0.0,0.0,1027.0,8228.0,0.0,0.0,0.0,0.0,0.0,1.0,0.0,0.0,0.0,0.0,0.0,-1.3,0.0,0.9,0.0,0.0,16.0,25903.0
2026-07-30T19:02:53.042Z,342.525,342.54,0.0,7.4,0.0,0.0,0.0,0.0,0.0,0.0,0.0,0.0,1.0,0.0,0.0,0.0,9.0,4.0,0.0,0.0,0.0,0.0,0.0,0.0,0.0,0.0,1.0,12.0,1.0,12.15,5.01,2.51,1.49,0.0,0.0,0.0,6.2,0.0,1.0,-0.3,-0.6000000000000001,-169.60000000000002,0.0,0.0,169.70000000000002,0.0,21.700000000000003,29.0,29.0,29.5,300.0,300.0,31.700000000000003,35.800000000000004,28.9,28.1,30.0,4.96,1.99,4.96,0.17,0.0,0.0,1027.0,8228.0,0.0,0.0,0.0,0.0,0.0,1.0,0.0,0.0,0.0,0.0,0.0,-0.9,0.0,0.4,0.0,0.0,16.0,25903.0
2026-07-30T19:02:53.054Z,342.537,342.552,0.0,7.4,0.0,0.0,0.0,0.0,0.0,0.0,0.0,0.0,1.0,0.0,0.0,0.0,9.0,4.0,0.0,0.0,0.0,0.0,0.0,0.0,0.0,0.0,2.0,12.0,1.0,12.15,5.01,2.51,1.49,0.0,0.0,0.0,6.2,0.0,-0.1,-0.9,-0.6000000000000001,-169.60000000000002,0.0,0.0,169.60000000000002,0.0,21.700000000000003,29.0,29.0,29.5,300.0,300.0,31.700000000000003,35.800000000000004,28.9,28.1,30.0,4.95,1.99,4.97,0.17,0.0,0.0,1027.0,8228.0,0.0,0.0,0.0,0.0,0.0,1.0,0.0,0.0,0.0,0.0,0.0,-1.5,0.0,0.3,0.0,0.0,16.0,25903.0
2026-07-30T19:02:53.066Z,342.549,342.564,0.0,7.4,0.0,0.0,0.0,0.0,0.0,0.0,0.0,0.0,1.0,0.0,0.0,0.0,9.0,4.0,0.0,0.0,0.0,0.0,0.0,0.0,0.0,0.0,3.0,12.0,1.0,12.15,5.01,2.51,1.49,0.0,0.0,0.0,6.1000000000000005,0.0,0.4,1.9,1.7000000000000002,-169.60000000000002,0.0,0.0,169.60000000000002,0.0,21.700000000000003,29.0,29.0,29.5,300.0,300.0,31.700000000000003,35.800000000000004,28.9,28.1,30.0,4.95,1.99,4.96,0.16,0.0,0.0,1027.0,8228.0,0.0,0.0,0.0,0.0,0.0,1.0,0.0,0.0,0.0,0.0,0.0,3.5,0.0,-1.1,0.0,0.0,16.0,25903.0
2026-07-30T19:02:53.078Z,342.561,342.576,0.0,7.4,0.0,0.0,0.0,0.0,0.0,0.0,0.0,0.0,1.0,0.0,0.0,0.0,9.0,4.0,0.0,0.0,0.0,0.0,0.0,0.0,0.0,0.0,4.0,12.0,1.0,12.15,5.01,2.51,1.49,0.0,0.0,0.0,6.0,0.0,0.4,-0.4,0.0,-169.60000000000002,0.0,0.0,169.60000000000002,0.0,21.700000000000003,29.0,29.0,29.5,300.0,300.0,31.700000000000003,35.800000000000004,28.9,28.1,30.0,4.96,2.0,4.96,0.16,0.0,0.0,1027.0,8228.0,0.0,0.0,0.0,0.0,0.0,1.0,0.0,0.0,0.0,0.0,0.0,-0.4,0.0,-0.1,0.0,0.0,16.0,25903.0
2026-07-30T19:02:53.090Z,342.573,342.588,0.0,7.4,0.0,0.0,0.0,0.0,0.0,0.0,0.0,0.0,1.0,0.0,0.0,0.0,9.0,4.0,0.0,0.0,0.0,0.0,0.0,0.0,0.0,0.0,6.0,12.0,1.0,12.15,5.01,2.51,1.49,0.0,0.0,0.0,6.0,0.0,-0.2,0.1,0.6000000000000001,-169.60000000000002,0.0,0.0,169.70000000000002,0.0,21.700000000000003,29.0,29.0,29.5,300.0,300.0,31.700000000000003,35.800000000000004,28.9,28.1,30.0,4.96,2.0,4.96,0.16,0.0,0.0,1027.0,8228.0,0.0,0.0,0.0,0.0,0.0,1.0,0.0,0.0,0.0,0.0,0.0,0.6000000000000001,0.0,-0.5,0.0,0.0,16.0,25903.0
2026-07-30T19:02:53.103Z,342.586,342.6,0.0,7.4,0.0,0.0,0.0,0.0,0.0,0.0,0.0,0.0,1.0,0.0,0.0,0.0,9.0,4.0,0.0,0.0,0.0,0.0,0.0,0.0,0.0,0.0,1.0,12.0,1.0,12.17,5.0200000000000005,2.51,1.49,0.0,0.0,0.0,6.0,0.0,0.3,-1.0,-1.1,-169.60000000000002,0.0,0.0,169.60000000000002,0.0,21.200000000000003,29.0,29.0,29.5,300.0,300.0,31.700000000000003,35.800000000000004,28.9,28.1,30.0,4.95,1.99,4.97,0.16,0.0,0.0,1027.0,8228.0,0.0,0.0,0.0,0.0,0.0,1.0,0.0,0.0,0.0,0.0,0.0,-2.0,0.0,0.8,0.0,0.0,16.0,25903.0
2026-07-30T19:02:53.114Z,342.597,342.612,0.0,7.4,0.0,0.0,0.0,0.0,0.0,0.0,0.0,0.0,1.0,0.0,0.0,0.0,9.0,4.0,0.0,0.0,0.0,0.0,0.0,0.0,0.0,0.0,2.0,12.0,1.0,12.17,5.0200000000000005,2.51,1.49,0.0,0.0,0.0,5.9,0.0,-0.8,-1.0,-0.6000000000000001,-169.60000000000002,0.0,0.0,169.60000000000002,0.0,21.200000000000003,29.0,29.0,29.5,300.0,300.0,31.700000000000003,35.800000000000004,28.9,28.1,30.0,4.95,1.99,4.96,0.16,0.0,0.0,1027.0,8228.0,0.0,0.0,0.0,0.0,0.0,1.0,0.0,0.0,0.0,0.0,0.0,-1.6,0.0,0.3,0.0,0.0,16.0,25903.0
2026-07-30T19:02:53.126Z,342.609,342.624,0.0,7.4,0.0,0.0,0.0,0.0,0.0,0.0,0.0,0.0,1.0,0.0,0.0,0.0,9.0,4.0,0.0,0.0,0.0,0.0,0.0,0.0,0.0,0.0,4.0,12.0,1.0,12.17,5.0200000000000005,2.51,1.49,0.0,0.0,0.0,5.800000000000001,0.0,0.3,0.1,0.5,-169.60000000000002,0.0,0.0,169.60000000000002,0.0,21.200000000000003,29.0,29.0,29.5,300.0,300.0,31.700000000000003,35.800000000000004,28.9,28.1,30.0,4.96,1.99,4.96,0.16,0.0,0.0,1027.0,8228.0,0.0,0.0,0.0,0.0,0.0,1.0,0.0,0.0,0.0,0.0,0.0,0.5,0.0,-0.4,0.0,0.0,16.0,25903.0
2026-07-30T19:02:53.138Z,342.621,342.636,0.0,7.4,0.0,0.0,0.0,0.0,0.0,0.0,0.0,0.0,1.0,0.0,0.0,0.0,9.0,4.0,0.0,0.0,0.0,0.0,0.0,0.0,0.0,0.0,5.0,12.0,1.0,12.17,5.0200000000000005,2.51,1.49,0.0,0.0,0.0,5.800000000000001,0.0,-0.2,-0.4,0.0,-169.60000000000002,0.0,0.0,169.60000000000002,0.0,21.200000000000003,29.0,29.0,29.5,300.0,300.0,31.700000000000003,35.800000000000004,28.9,28.1,30.0,4.95,1.99,4.97,0.16,0.0,0.0,1027.0,8228.0,0.0,0.0,0.0,0.0,0.0,1.0,0.0,0.0,0.0,0.0,0.0,-0.5,0.0,0.0,0.0,0.0,16.0,25903.0
2026-07-30T19:02:53.149Z,342.632,342.648,0.0,7.4,0.0,0.0,0.0,0.0,0.0,0.0,0.0,0.0,1.0,0.0,0.0,0.0,9.0,4.0,0.0,0.0,0.0,0.0,0.0,0.0,0.0,0.0,6.0,12.0,1.0,12.17,5.0200000000000005,2.51,1.49,0.0,0.0,0.0,5.800000000000001,0.0,0.8,0.1,2.2,-169.60000000000002,0.0,0.0,169.60000000000002,0.0,21.200000000000003,29.0,29.0,29.5,300.0,300.0,31.700000000000003,35.800000000000004,28.9,28.1,30.0,4.96,1.99,4.96,0.16,0.0,0.0,1027.0,8228.0,0.0,0.0,0.0,0.0,0.0,1.0,0.0,0.0,0.0,0.0,0.0,1.8,0.0,-1.9,0.0,0.0,16.0,25903.0
2026-07-30T19:02:53.162Z,342.645,342.66,0.0,7.4,0.0,0.0,0.0,0.0,0.0,0.0,0.0,0.0,1.0,0.0,0.0,0.0,9.0,4.0,0.0,0.0,0.0,0.0,0.0,0.0,0.0,0.0,1.0,12.0,1.0,12.17,5.0200000000000005,2.51,1.49,0.0,0.0,0.0,5.7,0.0,-0.9,-0.4,-1.2000000000000002,-169.60000000000002,0.0,0.0,169.60000000000002,0.0,21.200000000000003,29.0,29.0,29.5,300.0,300.0,31.700000000000003,35.800000000000004,28.9,28.1,30.0,4.96,2.0,4.96,0.16,0.0,0.0,1027.0,8228.0,0.0,0.0,0.0,0.0,0.0,1.0,0.0,0.0,0.0,0.0,0.0,-1.5,0.0,1.0,0.0,0.0,16.0,25903.0
2026-07-30T19:02:53.175Z,342.658,342.672,0.0,7.4,0.0,0.0,0.0,0.0,0.0,0.0,0.0,0.0,1.0,0.0,0.0,0.0,9.0,4.0,0.0,0.0,0.0,0.0,0.0,0.0,0.0,0.0,2.0,12.0,1.0,12.17,5.0200000000000005,2.51,1.49,0.0,0.0,0.0,5.6000000000000005,0.0,-0.4,0.6000000000000001,0.4,-169.60000000000002,0.0,0.0,169.60000000000002,0.0,21.200000000000003,29.0,29.0,29.5,300.0,300.0,31.700000000000003,35.800000000000004,28.9,28.1,30.0,4.96,1.99,4.96,0.16,0.0,0.0,1027.0,8228.0,0.0,0.0,0.0,0.0,0.0,1.0,0.0,0.0,0.0,0.0,0.0,-1.9,0.0,1.5,0.0,0.0,16.0,25903.0
2026-07-30T19:02:53.187Z,342.67,342.684,0.0,7.4,0.0,0.0,0.0,0.0,0.0,0.0,0.0,0.0,1.0,0.0,0.0,0.0,9.0,4.0,0.0,0.0,0.0,0.0,0.0,0.0,0.0,0.0,3.0,12.0,1.0,12.17,5.0200000000000005,2.51,1.49,0.0,0.0,0.0,5.5,0.0,0.7000000000000001,0.1,-0.1,-169.60000000000002,0.0,0.0,169.60000000000002,0.0,21.200000000000003,29.0,29.0,29.5,300.0,300.0,31.700000000000003,35.800000000000004,28.9,28.1,30.0,4.95,1.99,4.97,0.16,0.0,0.0,1027.0,8228.0,0.0,0.0,0.0,0.0,0.0,1.0,0.0,0.0,0.0,0.0,0.0,-1.0,0.0,0.5,0.0,0.0,16.0,25903.0
2026-07-30T19:02:53.198Z,342.681,342.696,0.0,7.4,0.0,0.0,0.0,0.0,0.0,0.0,0.0,0.0,1.0,0.0,0.0,0.0,9.0,4.0,0.0,0.0,0.0,0.0,0.0,0.0,0.0,0.0,4.0,12.0,1.0,12.17,5.0200000000000005,2.51,1.49,0.0,0.0,0.0,5.5,0.0,0.1,-0.4,-0.6000000000000001,-169.60000000000002,0.0,0.0,169.60000000000002,0.0,21.200000000000003,29.0,29.0,29.5,300.0,300.0,31.700000000000003,35.800000000000004,28.9,28.1,30.0,4.96,1.99,4.96,0.16,0.0,0.0,1027.0,8228.0,0.0,0.0,0.0,0.0,0.0,1.0,0.0,0.0,0.0,0.0,0.0,0.2,0.0,-1.0,0.0,0.0,16.0,25903.0
2026-07-30T19:02:53.209Z,342.692,342.708,0.0,7.4,0.0,0.0,0.0,0.0,0.0,0.0,0.0,0.0,1.0,0.0,0.0,0.0,9.0,4.0,0.0,0.0,0.0,0.0,0.0,0.0,0.0,0.0,5.0,12.0,1.0,12.17,5.0200000000000005,2.51,1.49,0.0,0.0,0.0,5.5,0.0,0.1,1.2000000000000002,1.0,-169.60000000000002,0.0,0.0,169.60000000000002,0.0,21.4,29.0,29.0,29.5,300.0,300.0,31.700000000000003,35.9,28.9,28.1,29.9,4.96,1.99,4.97,0.16,0.0,0.0,1027.0,8228.0,0.0,0.0,0.0,0.0,0.0,1.0,0.0,0.0,0.0,0.0,0.0,2.2,0.0,-0.6000000000000001,0.0,0.0,16.0,25903.0
2026-07-30T19:02:53.222Z,342.705,342.72,0.0,7.4,0.0,0.0,0.0,0.0,0.0,0.0,0.0,0.0,1.0,0.0,0.0,0.0,9.0,4.0,0.0,0.0,0.0,0.0,0.0,0.0,0.0,0.0,6.0,12.0,1.0,12.17,5.0200000000000005,2.51,1.49,0.0,0.0,0.0,6.2,0.0,0.7000000000000001,0.6000000000000001,-0.7000000000000001,-169.60000000000002,0.0,0.0,169.60000000000002,0.0,21.4,29.0,29.0,29.5,300.0,300.0,31.700000000000003,35.9,28.9,28.1,29.9,4.95,1.99,4.97,0.16,0.0,0.0,1027.0,8228.0,0.0,0.0,0.0,0.0,0.0,1.0,0.0,0.0,0.0,0.0,0.0,0.2,0.0,0.8,0.0,0.0,16.0,25903.0
2026-07-30T19:02:53.234Z,342.717,342.732,0.0,7.4,0.0,0.0,0.0,0.0,0.0,0.0,0.0,0.0,1.0,0.0,0.0,0.0,9.0,4.0,0.0,0.0,0.0,0.0,0.0,0.0,0.0,0.0,1.0,12.0,1.0,12.17,5.0200000000000005,2.51,1.49,0.0,0.0,0.0,7.1000000000000005,0.0,-0.3,-1.0,-0.7000000000000001,-169.60000000000002,0.0,0.0,169.70000000000002,0.0,21.4,29.0,29.0,29.5,300.0,300.0,31.700000000000003,35.9,28.9,28.1,29.9,4.96,1.99,4.97,0.16,0.0,0.0,1027.0,8228.0,0.0,0.0,0.0,0.0,0.0,1.0,0.0,0.0,0.0,0.0,0.0,-1.7000000000000002,0.0,0.4,0.0,0.0,16.0,25903.0
2026-07-30T19:02:53.246Z,342.729,342.744,0.0,7.4,0.0,0.0,0.0,0.0,0.0,0.0,0.0,0.0,1.0,0.0,0.0,0.0,9.0,4.0,0.0,0.0,0.0,0.0,0.0,0.0,0.0,0.0,3.0,12.0,1.0,12.17,5.0200000000000005,2.51,1.49,0.0,0.0,0.0,8.0,0.0,0.2,-1.0,0.0,-169.60000000000002,0.0,0.0,169.70000000000002,0.0,21.4,29.0,29.0,29.5,300.0,300.0,31.700000000000003,35.9,28.9,28.1,29.9,4.96,1.98,4.96,0.16,0.0,0.0,1027.0,8228.0,0.0,0.0,0.0,0.0,0.0,1.0,0.0,0.0,0.0,0.0,0.0,-1.2000000000000002,0.0,-0.1,0.0,0.0001,16.0,25903.0
2026-07-30T19:02:53.258Z,342.741,342.75600000000003,0.0,7.4,0.0,0.0,0.0,0.0,0.0,0.0,0.0,0.0,1.0,0.0,0.0,0.0,9.0,4.0,0.0,0.0,0.0,0.0,0.0,0.0,0.0,0.0,3.0,12.0,1.0,12.17,5.0200000000000005,2.51,1.49,0.0,0.1,0.0,8.8,0.0,0.2,0.6000000000000001,0.0,-169.60000000000002,0.0,0.0,169.70000000000002,0.0,21.4,29.0,29.0,29.5,300.0,300.0,31.700000000000003,35.9,28.9,28.1,29.9,4.96,1.99,4.97,0.16,0.0,0.0,1027.0,8228.0,0.0,0.0,0.0,0.0,0.0,1.0,0.0,0.0,0.0,0.0,0.0,0.6000000000000001,0.0,0.2,0.0,0.0,16.0,25903.0
2026-07-30T19:02:53.270Z,342.753,342.76800000000003,0.0,7.4,0.0,0.0,0.0,0.0,0.0,0.0,0.0,0.0,1.0,0.0,0.0,0.0,9.0,4.0,0.0,0.0,0.0,0.0,0.0,0.0,0.0,0.0,5.0,12.0,1.0,12.17,5.0200000000000005,2.51,1.49,0.0,0.0,0.0,9.7,0.0,0.7000000000000001,0.7000000000000001,-0.7000000000000001,-169.60000000000002,0.0,0.0,169.60000000000002,0.0,21.4,29.0,29.0,29.5,300.0,300.0,31.700000000000003,35.9,28.9,28.1,29.9,4.95,1.99,4.97,0.16,0.0,0.0,1027.0,8228.0,0.0,0.0,0.0,0.0,0.0,1.0,0.0,0.0,0.0,0.0,0.0,0.2,0.0,0.7000000000000001,0.0,0.0,16.0,25903.0
2026-07-30T19:02:53.282Z,342.765,342.78000000000003,0.0,7.4,0.0,0.0,0.0,0.0,0.0,0.0,0.0,0.0,1.0,0.0,0.0,0.0,9.0,4.0,0.0,0.0,0.0,0.0,0.0,0.0,0.0,0.0,6.0,12.0,1.0,12.17,5.0200000000000005,2.51,1.49,0.0,0.0,0.0,10.5,0.0,-0.3,0.7000000000000001,0.4,-169.60000000000002,0.0,0.0,169.60000000000002,0.0,21.4,29.0,29.0,29.5,300.0,300.0,31.700000000000003,35.9,28.9,28.1,29.9,4.96,1.99,4.96,0.16,0.0,0.0,1027.0,8228.0,0.0,0.0,0.0,0.0,0.0,1.0,0.0,0.0,0.0,0.0,0.0,1.1,0.0,-0.2,0.0,0.0,16.0,25903.0
2026-07-30T19:02:53.294Z,342.777,342.79200000000003,0.0,7.4,0.0,0.0,0.0,0.0,0.0,0.0,0.0,0.0,1.0,0.0,0.0,0.0,9.0,4.0,0.0,0.0,0.0,0.0,0.0,0.0,0.0,0.0,1.0,12.0,1.0,12.17,5.0200000000000005,2.51,1.49,0.0,0.0,0.0,11.3,0.0,-0.9,-1.0,-0.7000000000000001,-169.60000000000002,0.0,0.0,169.60000000000002,0.0,21.4,29.0,29.0,29.5,300.0,300.0,31.700000000000003,35.9,28.9,28.1,29.9,4.95,1.99,4.97,0.16,0.0,0.0,1027.0,8228.0,0.0,0.0,0.0,0.0,0.0,1.0,0.0,0.0,0.0,0.0,0.0,-1.7000000000000002,0.0,0.4,0.0,0.0,16.0,25903.0
2026-07-30T19:02:53.307Z,342.79,342.80400000000003,0.0,7.4,0.0,0.0,0.0,0.0,0.0,0.0,0.0,0.0,1.0,0.0,0.0,0.0,9.0,4.0,0.0,0.0,0.0,0.0,0.0,0.0,0.0,0.0,2.0,12.0,1.0,12.17,5.0200000000000005,2.5,1.49,0.0,0.0,0.0,12.1,0.0,-0.3,0.0,-0.1,-169.60000000000002,0.0,0.0,169.60000000000002,0.0,21.4,29.0,29.0,29.5,300.0,300.0,31.6,35.800000000000004,28.9,28.1,29.9,4.95,1.99,4.97,0.16,0.0,0.0,1027.0,8228.0,0.0,0.0,0.0,0.0,0.0,1.0,0.0,0.0,0.0,0.0,0.0,0.0,0.0,0.1,0.0,0.0,16.0,25903.0
2026-07-30T19:02:53.318Z,342.801,342.81600000000003,0.0,7.4,0.0,0.0,0.0,0.0,0.0,0.0,0.0,0.0,1.0,0.0,0.0,0.0,9.0,4.0,0.0,0.0,0.0,0.0,0.0,0.0,0.0,0.0,4.0,12.0,1.0,12.17,5.0200000000000005,2.5,1.49,0.0,0.1,0.0,12.9,0.0,-0.3,1.1,-0.1,-169.60000000000002,0.0,0.0,169.60000000000002,0.0,21.4,29.0,29.0,29.5,300.0,300.0,31.6,35.800000000000004,28.9,28.1,29.9,4.96,1.99,4.97,0.16,0.0,0.0,1027.0,8228.0,0.0,0.0,0.0,0.0,0.0,1.0,0.0,0.0,0.0,0.0,0.0,1.2000000000000002,0.0,0.4,0.0,0.0,16.0,25903.0
2026-07-30T19:02:53.330Z,342.813,342.82800000000003,0.0,7.4,0.0,0.0,0.0,0.0,0.0,0.0,0.0,0.0,1.0,0.0,0.0,0.0,9.0,4.0,0.0,0.0,0.0,0.0,0.0,0.0,0.0,0.0,5.0,12.0,1.0,12.17,5.0200000000000005,2.5,1.49,0.0,0.0,0.0,13.7,0.0,-0.9,-0.5,-0.1,-169.60000000000002,0.0,0.0,169.60000000000002,0.0,21.4,29.0,29.0,29.5,300.0,300.0,31.6,35.800000000000004,28.9,28.1,29.9,4.96,1.99,4.96,0.16,0.0,0.0,1027.0,8228.0,0.0,0.0,0.0,0.0,0.0,1.0,0.0,0.0,0.0,0.0,0.0,-0.7000000000000001,0.0,0.0,0.0,0.0,16.0,25903.0
2026-07-30T19:02:53.342Z,342.825,342.84000000000003,0.0,7.4,0.0,0.0,0.0,0.0,0.0,0.0,0.0,0.0,1.0,0.0,0.0,0.0,9.0,4.0,0.0,0.0,0.0,0.0,0.0,0.0,0.0,0.0,6.0,12.0,1.0,12.17,5.0200000000000005,2.5,1.49,0.0,0.0,0.0,14.5,0.0,-0.3,-1.1,0.9,-169.60000000000002,0.0,0.0,169.60000000000002,0.0,21.4,29.0,29.0,29.5,300.0,300.0,31.6,35.800000000000004,28.9,28.1,29.9,4.95,1.99,4.97,0.16,0.0,0.0,1027.0,8228.0,0.0,0.0,0.0,0.0,0.0,1.0,0.0,0.0,0.0,0.0,0.0,-0.5,0.0,-1.1,0.0,0.0,16.0,25903.0
2026-07-30T19:02:53.354Z,342.837,342.85200000000003,0.0,7.4,0.0,0.0,0.0,0.0,0.0,0.0,0.0,0.0,1.0,0.0,0.0,0.0,9.0,4.0,0.0,0.0,0.0,0.0,0.0,0.0,0.0,0.0,1.0,12.0,1.0,12.17,5.0200000000000005,2.5,1.49,0.0,0.0,0.0,15.3,0.0,0.8,0.0,-0.7000000000000001,-169.60000000000002,0.0,0.0,169.60000000000002,0.0,21.4,29.0,29.0,29.5,300.0,300.0,31.6,35.800000000000004,28.9,28.1,29.9,4.95,1.99,4.96,0.16,0.0,0.0,1027.0,8228.0,0.0,0.0,0.0,0.0,0.0,1.0,0.0,0.0,0.0,0.0,0.0,-0.5,0.0,0.6000000000000001,0.0,0.0,16.0,25903.0
2026-07-30T19:02:53.366Z,342.849,342.86400000000003,0.0,7.4,0.0,0.0,0.0,0.0,0.0,0.0,0.0,0.0,1.0,0.0,0.0,0.0,9.0,4.0,0.0,0.0,0.0,0.0,0.0,0.0,0.0,0.0,2.0,12.0,1.0,12.17,5.0200000000000005,2.5,1.49,0.0,0.0,0.0,16.1,0.0,0.1,-0.5,-0.7000000000000001,-169.60000000000002,0.0,0.0,169.60000000000002,0.0,21.4,29.0,29.0,29.5,300.0,300.0,31.6,35.800000000000004,28.9,28.1,29.9,4.96,1.99,4.96,0.16,0.0,0.0,1027.0,8228.0,0.0,0.0,0.0,0.0,0.0,1.0,0.0,0.0,0.0,0.0,0.0,-1.2000000000000002,0.0,0.5,0.0,0.0,16.0,25903.0
2026-07-30T19:02:53.378Z,342.861,342.87600000000003,0.0,7.4,0.0,0.0,0.0,0.0,0.0,0.0,0.0,0.0,1.0,0.0,0.0,0.0,9.0,4.0,0.0,0.0,0.0,0.0,0.0,0.0,0.0,0.0,3.0,12.0,1.0,12.17,5.0200000000000005,2.5,1.49,0.0,0.0,0.0,16.8,0.0,-0.9,0.5,-0.7000000000000001,-169.60000000000002,0.0,0.0,169.60000000000002,0.0,21.4,29.0,29.0,29.5,300.0,300.0,31.6,35.800000000000004,28.9,28.1,29.9,4.95,1.99,4.97,0.16,0.0,0.0,1027.0,8228.0,0.0,0.0,0.0,0.0,0.0,1.0,0.0,0.0,0.0,0.0,0.0,0.1,0.0,0.7000000000000001,0.0,0.0,16.0,25903.0
2026-07-30T19:02:53.390Z,342.873,342.88800000000003,0.0,7.4,0.0,0.0,0.0,0.0,0.0,0.0,0.0,0.0,1.0,0.0,0.0,0.0,9.0,4.0,0.0,0.0,0.0,0.0,0.0,0.0,0.0,0.0,5.0,12.0,1.0,12.17,5.0200000000000005,2.5,1.49,0.0,0.0,0.0,17.6,0.0,0.8,0.0,1.0,-169.60000000000002,0.0,0.0,169.60000000000002,0.0,21.4,29.0,29.0,29.5,300.0,300.0,31.6,35.800000000000004,28.9,28.1,29.9,4.95,1.99,4.97,0.16,0.0,0.0,1027.0,8228.0,0.0,0.0,0.0,0.0,0.0,1.0,0.0,0.0,0.0,0.0,0.0,0.8,0.0,-0.9,0.0,0.0,16.0,25903.0
2026-07-30T19:02:53.402Z,342.885,342.90000000000003,0.0,7.4,0.0,0.0,0.0,0.0,0.0,0.0,0.0,0.0,1.0,0.0,0.0,0.0,9.0,4.0,0.0,0.0,0.0,0.0,0.0,0.0,0.0,0.0,5.0,12.0,1.0,12.17,5.0200000000000005,2.5,1.49,0.0,0.0,0.0,18.4,0.0,-0.3,0.6000000000000001,0.4,-169.60000000000002,0.0,0.0,169.60000000000002,0.0,21.4,29.0,29.0,29.5,300.0,300.0,31.6,35.800000000000004,28.9,28.1,29.9,4.95,1.99,4.96,0.16,0.0,0.0,1027.0,8228.0,0.0,0.0,0.0,0.0,0.0,1.0,0.0,0.0,0.0,0.0,0.0,1.0,0.0,-0.2,0.0,0.0,16.0,25903.0
2026-07-30T19:02:53.414Z,342.897,342.91200000000003,0.0,7.4,0.0,0.0,0.0,0.0,0.0,0.0,0.0,0.0,1.0,0.0,0.0,0.0,9.0,4.0,0.0,0.0,0.0,0.0,0.0,0.0,0.0,0.0,1.0,12.0,1.0,12.15,5.01,2.5,1.49,0.0,0.1,0.0,19.1,0.0,0.8,1.2000000000000002,-1.2000000000000002,-169.60000000000002,0.0,0.0,169.60000000000002,0.0,21.700000000000003,29.0,29.0,29.5,300.0,300.0,31.8,35.9,28.9,28.1,30.0,4.96,1.99,4.96,0.16,0.0,0.0,1027.0,8228.0,0.0,0.0,0.0,0.0,0.0,1.0,0.0,0.0,0.0,0.0,0.0,0.4,0.0,1.3,0.0,0.0,16.0,25903.0
2026-07-30T19:02:53.426Z,342.909,342.92400000000004,0.0,7.4,0.0,0.0,0.0,0.0,0.0,0.0,0.0,0.0,1.0,0.0,0.0,0.0,9.0,4.0,0.0,0.0,0.0,0.0,0.0,0.0,0.0,0.0,1.0,12.0,1.0,12.15,5.01,2.5,1.49,0.0,0.0,0.0,19.9,0.0,-0.3,-0.5,0.0,-169.60000000000002,0.0,0.0,169.60000000000002,0.0,21.700000000000003,29.0,29.0,29.5,300.0,300.0,31.8,35.9,28.9,28.1,30.0,4.96,1.99,4.97,0.16,0.0,0.0,1027.0,8228.0,0.0,0.0,0.0,0.0,0.0,1.0,0.0,0.0,0.0,0.0,0.0,-0.6000000000000001,0.0,0.0,0.0,0.0,16.0,25903.0
2026-07-30T19:02:53.438Z,342.921,342.93600000000004,0.0,7.4,0.0,0.0,0.0,0.0,0.0,0.0,0.0,0.0,1.0,0.0,0.0,0.0,9.0,4.0,0.0,0.0,0.0,0.0,0.0,0.0,0.0,0.0,3.0,12.0,1.0,12.15,5.01,2.5,1.49,0.0,0.0,0.0,20.700000000000003,0.0,-0.3,-0.5,0.0,-169.60000000000002,0.0,0.0,169.60000000000002,0.0,21.700000000000003,29.0,29.0,29.5,300.0,300.0,31.8,35.9,28.9,28.1,30.0,4.96,1.99,4.96,0.16,0.0,0.0,1027.0,8228.0,0.0,0.0,0.0,0.0,0.0,1.0,0.0,0.0,0.0,0.0,0.0,-0.6000000000000001,0.0,0.0,0.0,0.0,16.0,25903.0
2026-07-30T19:02:53.450Z,342.933,342.948,0.0,7.4,0.0,0.0,0.0,0.0,0.0,0.0,0.0,0.0,1.0,0.0,0.0,0.0,9.0,4.0,0.0,0.0,0.0,0.0,0.0,0.0,0.0,0.0,3.0,12.0,1.0,12.15,5.01,2.5,1.49,0.0,0.0,0.0,21.4,0.0,-0.8,0.6000000000000001,0.0,-169.60000000000002,0.0,0.0,169.70000000000002,0.0,21.700000000000003,29.0,29.0,29.5,300.0,300.0,31.8,35.9,28.9,28.1,30.0,4.96,1.99,4.96,0.16,0.0,0.0,1027.0,8228.0,0.0,0.0,0.0,0.0,0.0,1.0,0.0,0.0,0.0,0.0,0.0,0.7000000000000001,0.0,0.1,0.0,0.0,16.0,25903.0
2026-07-30T19:02:53.462Z,342.945,342.96,0.0,7.4,0.0,0.0,0.0,0.0,0.0,0.0,0.0,0.0,1.0,0.0,0.0,0.0,9.0,4.0,0.0,0.0,0.0,0.0,0.0,0.0,0.0,0.0,5.0,12.0,1.0,12.15,5.01,2.5,1.49,0.0,0.0,0.0,22.200000000000003,0.0,-0.3,0.0,-0.1,-169.60000000000002,0.0,0.0,169.60000000000002,0.0,21.700000000000003,29.0,29.0,29.5,300.0,300.0,31.8,35.9,28.9,28.1,30.0,4.95,1.99,4.96,0.16,0.0,0.0,1027.0,8228.0,0.0,0.0,0.0,0.0,0.0,1.0,0.0,0.0,0.0,0.0,0.0,0.0,0.0,0.1,0.0,0.0001,16.0,25903.0
2026-07-30T19:02:53.474Z,342.957,342.972,0.0,7.4,0.0,0.0,0.0,0.0,0.0,0.0,0.0,0.0,1.0,0.0,0.0,0.0,9.0,4.0,0.0,0.0,0.0,0.0,0.0,0.0,0.0,0.0,6.0,12.0,1.0,12.15,5.01,2.5,1.49,0.0,0.0,0.0,22.700000000000003,0.0,0.8,-0.5,-0.1,-169.60000000000002,0.0,0.0,169.60000000000002,0.0,21.700000000000003,29.0,29.0,29.5,300.0,300.0,31.8,35.9,28.9,28.1,30.0,4.96,1.99,4.97,0.16,0.0,0.0,1027.0,8228.0,0.0,0.0,0.0,0.0,0.0,1.0,0.0,0.0,0.0,0.0,0.0,-0.6000000000000001,0.0,0.0,0.0,0.0,16.0,25903.0
2026-07-30T19:02:53.486Z,342.969,342.984,0.0,7.4,0.0,0.0,0.0,0.0,0.0,0.0,0.0,0.0,1.0,0.0,0.0,0.0,9.0,4.0,0.0,0.0,0.0,0.0,0.0,0.0,0.0,0.0,1.0,12.0,1.0,12.15,5.01,2.5,1.49,0.0,0.0,0.0,22.6,0.0,0.2,-0.5,-0.1,-169.60000000000002,0.0,0.0,169.60000000000002,0.0,21.700000000000003,29.0,29.0,29.5,300.0,300.0,31.8,35.9,28.9,28.1,30.0,4.95,2.0,4.96,0.16,0.0,0.0,1027.0,8228.0,0.0,0.0,0.0,0.0,0.0,1.0,0.0,0.0,0.0,0.0,0.0,-0.7000000000000001,0.0,0.0,0.0,0.0,16.0,25903.0
2026-07-30T19:02:53.498Z,342.981,342.996,0.0,7.4,0.0,0.0,0.0,0.0,0.0,0.0,0.0,0.0,1.0,0.0,0.0,0.0,9.0,4.0,0.0,0.0,0.0,0.0,0.0,0.0,0.0,0.0,2.0,12.0,1.0,12.15,5.01,2.5,1.49,0.0,0.0,0.0,22.5,0.0,-0.3,0.6000000000000001,-0.1,-169.60000000000002,0.0,0.0,169.60000000000002,0.0,21.700000000000003,29.0,29.0,29.5,300.0,300.0,31.8,35.9,28.9,28.1,30.0,4.95,1.99,4.97,0.16,0.0,0.0,1027.0,8228.0,0.0,0.0,0.0,0.0,0.0,1.0,0.0,0.0,0.0,0.0,0.0,0.6000000000000001,0.0,0.2,0.0,0.0,16.0,25903.0
2026-07-30T19:02:53.510Z,342.993,343.008,0.0,7.4,0.0,0.0,0.0,0.0,0.0,0.0,0.0,0.0,1.0,0.0,0.0,0.0,9.0,4.0,0.0,0.0,0.0,0.0,0.0,0.0,0.0,0.0,3.0,12.0,1.0,12.17,5.0200000000000005,2.51,1.49,0.0,0.0,0.0,22.5,0.0,0.2,1.2000000000000002,-1.3,-169.60000000000002,0.0,0.0,169.60000000000002,0.0,21.700000000000003,29.0,29.0,29.5,300.0,300.0,31.700000000000003,35.800000000000004,28.9,28.1,30.0,4.96,1.99,4.97,0.16,0.0,0.0,1027.0,8228.0,0.0,0.0,0.0,0.0,0.0,1.0,0.0,0.0,0.0,0.0,0.0,0.4,0.0,1.4,0.0,0.0,16.0,25903.0
2026-07-30T19:02:53.521Z,343.004,343.02,0.0,7.4,0.0,0.0,0.0,0.0,0.0,0.0,0.0,0.0,1.0,0.0,0.0,0.0,9.0,4.0,0.0,0.0,0.0,0.0,0.0,0.0,0.0,0.0,4.0,12.0,1.0,12.17,5.0200000000000005,2.51,1.49,0.0,0.0,0.0,22.4,0.0,0.7000000000000001,0.6000000000000001,1.6,-169.60000000000002,0.0,0.0,169.60000000000002,0.0,21.700000000000003,29.0,29.0,29.5,300.0,300.0,31.700000000000003,35.800000000000004,28.9,28.1,30.0,4.96,1.99,4.96,0.16,0.0,0.0,1027.0,8228.0,0.0,0.0,0.0,0.0,0.0,1.0,0.0,0.0,0.0,0.0,0.0,1.9,0.0,-1.2000000000000002,0.0,0.0,16.0,25903.0
2026-07-30T19:02:53.534Z,343.017,343.032,0.0,7.4,0.0,0.0,0.0,0.0,0.0,0.0,0.0,0.0,1.0,0.0,0.0,0.0,9.0,4.0,0.0,0.0,0.0,0.0,0.0,0.0,0.0,0.0,5.0,12.0,1.0,12.17,5.0200000000000005,2.51,1.49,0.0,0.0,0.0,22.4,0.0,0.8,-0.5,-1.2000000000000002,-169.60000000000002,0.0,0.0,169.60000000000002,0.0,21.700000000000003,29.0,29.0,29.5,300.0,300.0,31.700000000000003,35.800000000000004,28.9,28.1,30.0,4.95,1.99,4.97,0.16,0.0,0.0,1027.0,8228.0,0.0,0.0,0.0,0.0,0.0,1.0,0.0,0.0,0.0,0.0,0.0,-1.5,0.0,1.0,0.0,0.0,16.0,25903.0
2026-07-30T19:02:53.546Z,343.029,343.044,0.0,7.4,0.0,0.0,0.0,0.0,0.0,0.0,0.0,0.0,1.0,0.0,0.0,0.0,9.0,4.0,0.0,0.0,0.0,0.0,0.0,0.0,0.0,0.0,6.0,12.0,1.0,12.17,5.0200000000000005,2.51,1.49,0.0,0.0,0.0,22.200000000000003,0.0,-0.3,0.0,-0.6000000000000001,-169.60000000000002,0.0,0.0,169.60000000000002,0.0,21.700000000000003,29.0,29.0,29.5,300.0,300.0,31.700000000000003,35.800000000000004,28.9,28.1,30.0,4.95,1.99,4.97,0.16,0.0,0.0,1027.0,8228.0,0.0,0.0,0.0,0.0,0.0,1.0,0.0,0.0,0.0,0.0,0.0,-0.4,0.0,0.5,0.0,0.0,16.0,25903.0
2026-07-30T19:02:53.558Z,343.041,343.056,0.0,7.4,0.0,0.0,0.0,0.0,0.0,0.0,0.0,0.0,1.0,0.0,0.0,0.0,9.0,4.0,0.0,0.0,0.0,0.0,0.0,0.0,0.0,0.0,1.0,12.0,1.0,12.17,5.0200000000000005,2.51,1.49,0.0,0.0,0.0,22.200000000000003,0.0,-0.3,1.2000000000000002,0.5,-169.60000000000002,0.0,0.0,169.60000000000002,0.0,21.700000000000003,29.0,29.0,29.5,300.0,300.0,31.700000000000003,35.800000000000004,28.9,28.1,30.0,4.96,1.99,4.97,0.16,0.0,0.0,1027.0,8228.0,0.0,0.0,0.0,0.0,0.0,1.0,0.0,0.0,0.0,0.0,0.0,1.8,0.0,-0.1,0.0,0.0,16.0,25903.0
2026-07-30T19:02:53.570Z,343.053,343.068,0.0,7.4,0.0,0.0,0.0,0.0,0.0,0.0,0.0,0.0,1.0,0.0,0.0,0.0,9.0,4.0,0.0,0.0,0.0,0.0,0.0,0.0,0.0,0.0,2.0,12.0,1.0,12.17,5.0200000000000005,2.51,1.49,0.0,0.0,0.0,22.0,0.0,-0.3,-0.5,-1.2000000000000002,-169.60000000000002,0.0,0.0,169.60000000000002,0.0,21.700000000000003,29.0,29.0,29.5,300.0,300.0,31.700000000000003,35.800000000000004,28.9,28.1,30.0,4.95,1.99,4.97,0.16,0.0,0.0,1027.0,8228.0,0.0,0.0,0.0,0.0,0.0,1.0,0.0,0.0,0.0,0.0,0.0,-1.4,0.0,0.9,0.0,0.0,16.0,25903.0
2026-07-30T19:02:53.582Z,343.065,343.08,0.0,7.4,0.0,0.0,0.0,0.0,0.0,0.0,0.0,0.0,1.0,0.0,0.0,0.0,9.0,4.0,0.0,0.0,0.0,0.0,0.0,0.0,0.0,0.0,4.0,12.0,1.0,12.17,5.0200000000000005,2.51,1.49,0.0,0.0,0.0,21.9,0.0,0.2,-1.0,-1.8,-169.60000000000002,0.0,0.0,169.60000000000002,0.0,21.700000000000003,29.0,29.0,29.5,300.0,300.0,31.700000000000003,35.800000000000004,28.9,28.1,30.0,4.95,1.99,4.97,0.16,0.0,0.0,1027.0,8228.0,0.0,0.0,0.0,0.0,0.0,1.0,0.0,0.0,0.0,0.0,0.0,-2.6,0.0,1.4,0.0,0.0,16.0,25903.0
2026-07-30T19:02:53.594Z,343.077,343.092,0.0,7.4,0.0,0.0,0.0,0.0,0.0,0.0,0.0,0.0,1.0,0.0,0.0,0.0,9.0,4.0,0.0,0.0,0.0,0.0,0.0,0.0,0.0,0.0,5.0,12.0,1.0,12.17,5.0200000000000005,2.51,1.49,0.0,0.1,0.0,21.6,0.0,-0.3,0.0,1.0,-169.60000000000002,0.0,0.0,169.60000000000002,0.0,21.700000000000003,29.0,29.0,29.5,300.0,300.0,31.700000000000003,35.800000000000004,28.9,28.1,30.0,4.95,1.99,4.96,0.16,0.0,0.0,1027.0,8228.0,0.0,0.0,0.0,0.0,0.0,1.0,0.0,0.0,0.0,0.0,0.0,0.8,0.0,-0.8,0.0,0.0,16.0,25903.0
2026-07-30T19:02:53.606Z,343.089,343.104,0.0,7.4,0.0,0.0,0.0,0.0,0.0,0.0,0.0,0.0,1.0,0.0,0.0,0.0,9.0,4.0,0.0,0.0,0.0,0.0,0.0,0.0,0.0,0.0,6.0,12.0,1.0,12.17,5.0200000000000005,2.51,1.49,0.0,0.0,0.0,21.4,0.0,0.2,0.6000000000000001,-0.7000000000000001,-169.60000000000002,0.0,0.0,169.70000000000002,0.0,21.700000000000003,29.0,29.0,29.5,300.0,300.0,31.700000000000003,35.800000000000004,28.9,28.1,30.0,4.96,1.99,4.96,0.16,0.0,0.0,1027.0,8228.0,0.0,0.0,0.0,0.0,0.0,1.0,0.0,0.0,0.0,0.0,0.0,0.1,0.0,0.7000000000000001,0.0,0.0,16.0,25903.0
2026-07-30T19:02:53.618Z,343.101,343.116,0.0,7.4,0.0,0.0,0.0,0.0,0.0,0.0,0.0,0.0,1.0,0.0,0.0,0.0,9.0,4.0,0.0,0.0,0.0,0.0,0.0,0.0,0.0,0.0,1.0,12.0,1.0,12.15,5.0200000000000005,2.5,1.5,0.0,0.0,0.0,21.3,0.0,0.1,-0.5,-0.1,-169.60000000000002,0.0,0.0,169.60000000000002,0.0,21.4,29.0,29.0,29.5,300.0,300.0,31.6,35.800000000000004,28.9,28.1,29.9,4.96,1.99,4.97,0.16,0.0,0.0,1027.0,8228.0,0.0,0.0,0.0,0.0,0.0,1.0,0.0,0.0,0.0,0.0,0.0,-0.7000000000000001,0.0,0.0,0.0,0.0,16.0,25903.0
2026-07-30T19:02:53.630Z,343.113,343.128,0.0,7.4,0.0,0.0,0.0,0.0,0.0,0.0,0.0,0.0,1.0,0.0,0.0,0.0,9.0,4.0,0.0,0.0,0.0,0.0,0.0,0.0,0.0,0.0,2.0,12.0,1.0,12.15,5.0200000000000005,2.5,1.5,0.0,0.0,0.0,21.1,0.0,-0.3,0.0,-0.1,-169.60000000000002,0.0,0.0,169.60000000000002,0.0,21.4,29.0,29.0,29.5,300.0,300.0,31.6,35.800000000000004,28.9,28.1,29.9,4.96,1.99,4.96,0.16,0.0,0.0,1027.0,8228.0,0.0,0.0,0.0,0.0,0.0,1.0,0.0,0.0,0.0,0.0,0.0,-0.1,0.0,0.1,0.0,0.0,16.0,25903.0
2026-07-30T19:02:53.642Z,343.125,343.14,0.0,7.4,0.0,0.0,0.0,0.0,0.0,0.0,0.0,0.0,1.0,0.0,0.0,0.0,9.0,4.0,0.0,0.0,0.0,0.0,0.0,0.0,0.0,0.0,3.0,12.0,1.0,12.15,5.0200000000000005,2.5,1.5,0.0,0.1,0.0,21.0,0.0,0.1,0.0,-0.8,-169.60000000000002,0.0,0.0,169.60000000000002,0.0,21.4,29.0,29.0,29.5,300.0,300.0,31.6,35.800000000000004,28.9,28.1,29.9,4.96,2.0,4.96,0.16,0.0,0.0,1027.0,8228.0,0.0,0.0,0.0,0.0,0.0,1.0,0.0,0.0,0.0,0.0,0.0,-0.6000000000000001,0.0,0.7000000000000001,0.0,0.0,16.0,25903.0
2026-07-30T19:02:53.653Z,343.136,343.152,0.0,7.4,0.0,0.0,0.0,0.0,0.0,0.0,0.0,0.0,1.0,0.0,0.0,0.0,9.0,4.0,0.0,0.0,0.0,0.0,0.0,0.0,0.0,0.0,4.0,12.0,1.0,12.15,5.0200000000000005,2.5,1.5,0.0,0.0,0.0,20.700000000000003,0.0,0.1,1.0,-0.2,-169.60000000000002,0.0,0.0,169.60000000000002,0.0,21.4,29.0,29.0,29.5,300.0,300.0,31.6,35.800000000000004,28.9,28.1,29.9,4.95,1.99,4.96,0.16,0.0,0.0,1027.0,8228.0,0.0,0.0,0.0,0.0,0.0,1.0,0.0,0.0,0.0,0.0,0.0,1.0,0.0,0.4,0.0,0.0,16.0,25903.0
2026-07-30T19:02:53.666Z,343.149,343.164,0.0,7.4,0.0,0.0,0.0,0.0,0.0,0.0,0.0,0.0,1.0,0.0,0.0,0.0,9.0,4.0,0.0,0.0,0.0,0.0,0.0,0.0,0.0,0.0,5.0,12.0,1.0,12.15,5.0200000000000005,2.5,1.5,0.0,0.0,0.0,20.5,0.0,0.7000000000000001,0.5,-0.8,-169.60000000000002,0.0,0.0,169.60000000000002,0.0,21.4,29.0,29.0,29.5,300.0,300.0,31.6,35.800000000000004,28.9,28.1,29.9,4.95,1.99,4.97,0.16,0.0,0.0,1027.0,8228.0,0.0,0.0,0.0,0.0,0.0,1.0,0.0,0.0,0.0,0.0,0.0,0.0,0.0,0.8,0.0,0.0,16.0,25903.0
2026-07-30T19:02:53.678Z,343.161,343.176,0.0,7.4,0.0,0.0,0.0,0.0,0.0,0.0,0.0,0.0,1.0,0.0,0.0,0.0,9.0,4.0,0.0,0.0,0.0,0.0,0.0,0.0,0.0,0.0,1.0,12.0,1.0,12.15,5.0200000000000005,2.5,1.5,0.0,0.1,0.0,20.3,0.0,-0.4,-0.6000000000000001,-0.2,-169.60000000000002,0.0,0.0,169.70000000000002,0.0,21.4,29.0,29.0,29.5,300.0,300.0,31.6,35.800000000000004,28.9,28.1,29.9,4.96,1.99,4.96,0.16,0.0,0.0,1027.0,8228.0,0.0,0.0,0.0,0.0,0.0,1.0,0.0,0.0,0.0,0.0,0.0,-1.5,0.0,0.0,0.0,0.0,16.0,25903.0
2026-07-30T19:02:53.689Z,343.172,343.188,0.0,7.4,0.0,0.0,0.0,0.0,0.0,0.0,0.0,0.0,1.0,0.0,0.0,0.0,9.0,4.0,0.0,0.0,0.0,0.0,0.0,0.0,0.0,0.0,1.0,12.0,1.0,12.15,5.0200000000000005,2.5,1.5,0.0,0.0,0.0,20.200000000000003,0.0,-0.4,1.1,-1.3,-169.60000000000002,0.0,0.0,169.60000000000002,0.0,21.4,29.0,29.0,29.5,300.0,300.0,31.6,35.800000000000004,28.9,28.1,29.9,4.96,1.99,4.97,0.16,0.0,0.0,1027.0,8228.0,0.0,0.0,0.0,0.0,0.0,1.0,0.0,0.0,0.0,0.0,0.0,2.9000000000000004,0.0,-1.6,0.0,0.0,16.0,25903.0
2026-07-30T19:02:53.702Z,343.185,343.2,0.0,7.4,0.0,0.0,0.0,0.0,0.0,0.0,0.0,0.0,1.0,0.0,0.0,0.0,9.0,4.0,0.0,0.0,0.0,0.0,0.0,0.0,0.0,0.0,2.0,12.0,1.0,12.15,5.0200000000000005,2.5,1.5,0.0,0.1,0.0,20.0,0.0,-1.0,0.0,0.3,-169.60000000000002,0.0,0.0,169.70000000000002,0.0,21.4,29.0,29.0,29.5,300.0,300.0,31.6,35.800000000000004,28.9,28.1,29.9,4.95,2.0,4.97,0.16,0.0,0.0,1027.0,8228.0,0.0,0.0,0.0,0.0,0.0,1.0,0.0,0.0,0.0,0.0,0.0,0.0,0.0,0.8,0.0,0.0,16.0,25903.0
2026-07-30T19:02:53.715Z,343.198,343.212,0.0,7.4,0.0,0.0,0.0,0.0,0.0,0.0,0.0,0.0,1.0,0.0,0.0,0.0,9.0,4.0,0.0,0.0,0.0,0.0,0.0,0.0,0.0,0.0,3.0,12.0,1.0,12.18,5.01,2.5,1.49,0.0,0.0,0.0,19.700000000000003,0.0,-0.4,0.0,-0.2,-169.60000000000002,0.0,0.0,169.60000000000002,0.0,21.8,29.0,29.0,29.6,300.0,300.0,31.700000000000003,35.7,28.9,28.1,30.0,4.96,2.0,4.96,0.16,0.0,0.0,1027.0,8228.0,0.0,0.0,0.0,0.0,0.0,1.0,0.0,0.0,0.0,0.0,0.0,0.6000000000000001,0.0,-0.8,0.0,0.0,16.0,25903.0
2026-07-30T19:02:53.726Z,343.209,343.224,0.0,7.4,0.0,0.0,0.0,0.0,0.0,0.0,0.0,0.0,1.0,0.0,0.0,0.0,9.0,4.0,0.0,0.0,0.0,0.0,0.0,0.0,0.0,0.0,5.0,12.0,1.0,12.18,5.01,2.5,1.49,0.0,0.1,0.0,19.6,0.0,0.1,-0.5,1.5,-169.60000000000002,0.0,0.0,169.60000000000002,0.0,21.8,29.0,29.0,29.6,300.0,300.0,31.700000000000003,35.7,28.9,28.1,30.0,4.95,2.0,4.97,0.16,0.0,0.0,1027.0,8228.0,0.0,0.0,0.0,0.0,0.0,1.0,0.0,0.0,0.0,0.0,0.0,0.5,0.0,-1.4,0.0,0.0,16.0,25903.0
2026-07-30T19:02:53.738Z,343.221,343.236,0.0,7.4,0.0,0.0,0.0,0.0,0.0,0.0,0.0,0.0,1.0,0.0,0.0,0.0,9.0,4.0,0.0,0.0,0.0,0.0,0.0,0.0,0.0,0.0,5.0,12.0,1.0,12.18,5.01,2.5,1.49,0.0,0.0,0.0,19.4,0.0,-0.4,-0.6000000000000001,-1.4,-169.60000000000002,0.0,0.0,169.60000000000002,0.0,21.8,29.0,29.0,29.6,300.0,300.0,31.700000000000003,35.7,28.9,28.1,30.0,4.95,1.99,4.97,0.16,0.0,0.0,1027.0,8228.0,0.0,0.0,0.0,0.0,0.0,1.0,0.0,0.0,0.0,0.0,0.0,-1.8,0.0,1.1,0.0,0.0,16.0,25903.0
2026-07-30T19:02:53.750Z,343.233,343.248,0.0,7.4,0.0,0.0,0.0,0.0,0.0,0.0,0.0,0.0,1.0,0.0,0.0,0.0,9.0,4.0,0.0,0.0,0.0,0.0,0.0,0.0,0.0,0.0,1.0,12.0,1.0,12.18,5.01,2.5,1.49,0.0,0.1,0.0,19.200000000000003,0.0,-0.4,0.4,0.3,-169.60000000000002,0.0,0.0,169.70000000000002,0.0,21.8,29.0,29.0,29.6,300.0,300.0,31.700000000000003,35.7,28.9,28.1,30.0,4.96,1.99,4.97,0.16,0.0,0.0,1027.0,8228.0,0.0,0.0,0.0,0.0,0.0,1.0,0.0,0.0,0.0,0.0,0.0,0.7000000000000001,0.0,-0.1,0.0,0.0,16.0,25903.0
2026-07-30T19:02:53.762Z,343.245,343.26,0.0,7.4,0.0,0.0,0.0,0.0,0.0,0.0,0.0,0.0,1.0,0.0,0.0,0.0,9.0,4.0,0.0,0.0,0.0,0.0,0.0,0.0,0.0,0.0,2.0,12.0,1.0,12.18,5.01,2.5,1.49,0.0,0.0,0.0,19.1,0.0,-0.4,-0.6000000000000001,-0.2,-169.60000000000002,0.0,0.0,169.60000000000002,0.0,21.8,29.0,29.0,29.6,300.0,300.0,31.700000000000003,35.7,28.9,28.1,30.0,4.96,1.99,4.96,0.16,0.0,0.0,1027.0,8228.0,0.0,0.0,0.0,0.0,0.0,1.0,0.0,0.0,0.0,0.0,0.0,-0.9,0.0,0.0,0.0,0.0,16.0,25903.0
2026-07-30T19:02:53.774Z,343.257,343.272,0.0,7.4,0.0,0.0,0.0,0.0,0.0,0.0,0.0,0.0,1.0,0.0,0.0,0.0,9.0,4.0,0.0,0.0,0.0,0.0,0.0,0.0,0.0,0.0,3.0,12.0,1.0,12.18,5.01,2.5,1.49,0.0,0.0,0.0,19.1,0.0,-0.4,-0.6000000000000001,0.3,-169.60000000000002,0.0,0.0,169.60000000000002,0.0,21.8,29.0,29.0,29.6,300.0,300.0,31.700000000000003,35.7,28.9,28.1,30.0,4.95,1.99,4.97,0.16,0.0,0.0,1027.0,8228.0,0.0,0.0,0.0,0.0,0.0,1.0,0.0,0.0,0.0,0.0,0.0,-0.5,0.0,-0.4,0.0,0.0,16.0,25903.0
2026-07-30T19:02:53.786Z,343.269,343.284,0.0,7.4,0.0,0.0,0.0,0.0,0.0,0.0,0.0,0.0,1.0,0.0,0.0,0.0,9.0,4.0,0.0,0.0,0.0,0.0,0.0,0.0,0.0,0.0,4.0,12.0,1.0,12.18,5.01,2.5,1.49,-0.1,0.1,0.0,19.0,0.0,0.7000000000000001,0.0,-0.2,-169.60000000000002,0.0,0.0,169.60000000000002,0.0,21.8,29.0,29.0,29.6,300.0,300.0,31.700000000000003,35.7,28.9,28.1,30.0,4.95,1.99,4.96,0.16,0.0,0.0,1027.0,8228.0,0.0,0.0,0.0,0.0,0.0,1.0,0.0,0.0,0.0,0.0,0.0,-0.2,0.0,0.2,0.0,0.0,16.0,25903.0
2026-07-30T19:02:53.798Z,343.281,343.296,0.0,7.4,0.0,0.0,0.0,0.0,0.0,0.0,0.0,0.0,1.0,0.0,0.0,0.0,9.0,4.0,0.0,0.0,0.0,0.0,0.0,0.0,0.0,0.0,5.0,12.0,1.0,12.18,5.01,2.5,1.49,0.0,0.0,0.0,18.9,0.0,0.1,1.1,-0.2,-169.60000000000002,0.0,0.0,169.60000000000002,0.0,21.8,29.0,29.0,29.6,300.0,300.0,31.700000000000003,35.7,28.9,28.1,30.0,4.96,1.99,4.96,0.16,0.0,0.0,1027.0,8228.0,0.0,0.0,0.0,0.0,0.0,1.0,0.0,0.0,0.0,0.0,0.0,1.1,0.0,0.4,0.0,0.0,16.0,25903.0
2026-07-30T19:02:53.809Z,343.292,343.308,0.0,7.4,0.0,0.0,0.0,0.0,0.0,0.0,0.0,0.0,1.0,0.0,0.0,0.0,9.0,4.0,0.0,0.0,0.0,0.0,0.0,0.0,0.0,0.0,6.0,12.0,1.0,12.18,5.01,2.5,1.49,0.0,0.0,0.0,18.9,0.0,0.1,-0.5,-0.8,-169.60000000000002,0.0,0.0,169.60000000000002,0.0,21.8,29.0,29.0,29.6,300.0,300.0,31.700000000000003,35.7,28.9,28.1,30.0,4.95,1.99,4.96,0.16,0.0,0.0,1027.0,8228.0,0.0,0.0,0.0,0.0,0.0,1.0,0.0,0.0,0.0,0.0,0.0,-1.3,0.0,0.6000000000000001,0.0,0.0,16.0,25903.0
2026-07-30T19:02:53.822Z,343.305,343.32,0.0,7.4,0.0,0.0,0.0,0.0,0.0,0.0,0.0,0.0,1.0,0.0,0.0,0.0,9.0,4.0,0.0,0.0,0.0,0.0,0.0,0.0,0.0,0.0,1.0,12.0,1.0,12.17,5.0200000000000005,2.51,1.49,0.0,0.0,0.0,18.8,0.0,-0.4,-0.5,-0.2,-169.60000000000002,0.0,0.0,169.60000000000002,0.0,21.700000000000003,29.0,29.0,29.6,300.0,300.0,31.6,35.800000000000004,28.9,28.1,30.0,4.95,1.99,4.97,0.16,0.0,0.0,1027.0,8228.0,0.0,0.0,0.0,0.0,0.0,1.0,0.0,0.0,0.0,0.0,0.0,-0.8,0.0,0.0,0.0,0.0,16.0,25903.0
2026-07-30T19:02:53.834Z,343.317,343.332,0.0,7.4,0.0,0.0,0.0,0.0,0.0,0.0,0.0,0.0,1.0,0.0,0.0,0.0,9.0,4.0,0.0,0.0,0.0,0.0,0.0,0.0,0.0,0.0,3.0,12.0,1.0,12.17,5.0200000000000005,2.51,1.49,0.0,0.0,0.0,18.7,0.0,0.1,0.0,0.3,-169.60000000000002,0.0,0.0,169.60000000000002,0.0,21.700000000000003,29.0,29.0,29.6,300.0,300.0,31.6,35.800000000000004,28.9,28.1,30.0,4.95,1.99,4.96,0.16,0.0,0.0,1027.0,8228.0,0.0,0.0,0.0,0.0,0.0,1.0,0.0,0.0,0.0,0.0,0.0,0.1,0.0,-0.3,0.0,0.0,16.0,25903.0
2026-07-30T19:02:53.845Z,343.328,343.344,0.0,7.4,0.0,0.0,0.0,0.0,0.0,0.0,0.0,0.0,1.0,0.0,0.0,0.0,9.0,4.0,0.0,0.0,0.0,0.0,0.0,0.0,0.0,0.0,4.0,12.0,1.0,12.17,5.0200000000000005,2.51,1.49,0.0,0.0,0.0,18.6,0.0,-1.0,0.0,-0.2,-169.60000000000002,0.0,0.0,169.60000000000002,0.0,21.700000000000003,29.0,29.0,29.6,300.0,300.0,31.6,35.800000000000004,28.9,28.1,30.0,4.96,1.99,4.96,0.16,0.0,0.0,1027.0,8228.0,0.0,0.0,0.0,0.0,0.0,1.0,0.0,0.0,0.0,0.0,0.0,-0.2,0.0,0.2,0.0,0.0,16.0,25903.0
2026-07-30T19:02:53.858Z,343.341,343.356,0.0,7.4,0.0,0.0,0.0,0.0,0.0,0.0,0.0,0.0,1.0,0.0,0.0,0.0,9.0,4.0,0.0,0.0,0.0,0.0,0.0,0.0,0.0,0.0,5.0,12.0,1.0,12.17,5.0200000000000005,2.51,1.49,0.0,0.0,0.0,18.5,0.0,0.1,0.0,-0.2,-169.60000000000002,0.0,0.0,169.4,0.0,21.700000000000003,29.0,29.0,29.6,300.0,300.0,31.6,35.800000000000004,28.9,28.1,30.0,4.95,1.99,4.97,0.16,0.0,0.0,1027.0,8228.0,0.0,0.0,0.0,0.0,0.0,1.0,0.0,0.0,0.0,0.0,0.0,-0.2,0.0,0.2,0.0,0.0,16.0,25903.0
2026-07-30T19:02:53.870Z,343.353,343.368,0.0,7.4,0.0,0.0,0.0,0.0,0.0,0.0,0.0,0.0,1.0,0.0,0.0,0.0,9.0,4.0,0.0,0.0,0.0,0.0,0.0,0.0,0.0,0.0,6.0,12.0,1.0,12.17,5.0200000000000005,2.51,1.49,0.0,0.0,0.0,18.5,0.0,-0.3,-0.5,-0.2,-169.60000000000002,0.0,0.0,169.60000000000002,0.0,21.700000000000003,29.0,29.0,29.6,300.0,300.0,31.6,35.800000000000004,28.9,28.1,30.0,4.96,1.99,4.96,0.16,0.0,0.0,1027.0,8228.0,0.0,0.0,0.0,0.0,0.0,1.0,0.0,0.0,0.0,0.0,0.0,-0.8,0.0,0.0,0.0,0.0002,16.0,25903.0
2026-07-30T19:02:53.882Z,343.365,343.38,0.0,7.4,0.0,0.0,0.0,0.0,0.0,0.0,0.0,0.0,1.0,0.0,0.0,0.0,9.0,4.0,0.0,0.0,0.0,0.0,0.0,0.0,0.0,0.0,1.0,12.0,1.0,12.17,5.0200000000000005,2.51,1.49,0.0,0.0,0.0,18.4,0.0,0.2,1.1,-0.2,-169.60000000000002,0.0,0.0,169.60000000000002,0.0,21.700000000000003,29.0,29.0,29.6,300.0,300.0,31.6,35.800000000000004,28.9,28.1,30.0,4.96,2.0,4.96,0.16,0.0,0.0,1027.0,8228.0,0.0,0.0,0.0,0.0,0.0,1.0,0.0,0.0,0.0,0.0,0.0,1.1,0.0,0.4,0.0,0.0001,16.0,25903.0
2026-07-30T19:02:53.894Z,343.377,343.392,0.0,7.4,0.0,0.0,0.0,0.0,0.0,0.0,0.0,0.0,1.0,0.0,0.0,0.0,9.0,4.0,0.0,0.0,0.0,0.0,0.0,0.0,0.0,0.0,2.0,12.0,1.0,12.17,5.0200000000000005,2.51,1.49,0.0,0.0,0.0,18.4,0.0,-0.9,0.5,-0.2,-169.60000000000002,0.0,0.0,169.60000000000002,0.0,21.700000000000003,29.0,29.0,29.6,300.0,300.0,31.6,35.800000000000004,28.9,28.1,30.0,4.95,1.99,4.96,0.16,0.0,0.0,1027.0,8228.0,0.0,0.0,0.0,0.0,0.0,1.0,0.0,0.0,0.0,0.0,0.0,0.4,0.0,0.3,0.0,0.0,16.0,25903.0
2026-07-30T19:02:53.906Z,343.389,343.404,0.0,7.4,0.0,0.0,0.0,0.0,0.0,0.0,0.0,0.0,1.0,0.0,0.0,0.0,9.0,4.0,0.0,0.0,0.0,0.0,0.0,0.0,0.0,0.0,4.0,12.0,1.0,12.17,5.0200000000000005,2.51,1.49,0.0,0.1,0.0,18.3,0.0,0.1,0.5,-0.8,-169.60000000000002,0.0,0.0,169.70000000000002,0.0,21.700000000000003,29.0,29.0,29.6,300.0,300.0,31.6,35.800000000000004,28.9,28.1,30.0,4.95,1.99,4.96,0.16,0.0,0.0,1027.0,8228.0,0.0,0.0,0.0,0.0,0.0,1.0,0.0,0.0,0.0,0.0,0.0,0.0,0.0,0.8,0.0,0.0,16.0,25903.0
2026-07-30T19:02:53.919Z,343.402,343.416,0.0,7.4,0.0,0.0,0.0,0.0,0.0,0.0,0.0,0.0,1.0,0.0,0.0,0.0,9.0,4.0,0.0,0.0,0.0,0.0,0.0,0.0,0.0,0.0,5.0,12.0,1.0,12.18,5.01,2.51,1.49,0.0,0.0,0.0,18.2,0.0,0.7000000000000001,-1.2000000000000002,-0.2,-169.60000000000002,0.0,0.0,169.70000000000002,0.0,21.700000000000003,29.0,29.0,29.6,300.0,300.0,31.700000000000003,35.7,28.9,28.1,30.0,4.96,1.99,4.96,0.16,0.0,0.0,1027.0,8228.0,0.0,0.0,0.0,0.0,0.0,1.0,0.0,0.0,0.0,0.0,0.0,-1.5,0.0,0.0,0.0,0.0,16.0,25903.0
2026-07-30T19:02:53.930Z,343.413,343.428,0.0,7.4,0.0,0.0,0.0,0.0,0.0,0.0,0.0,0.0,1.0,0.0,0.0,0.0,9.0,4.0,0.0,0.0,0.0,0.0,0.0,0.0,0.0,0.0,6.0,12.0,1.0,12.18,5.01,2.51,1.49,0.0,0.0,0.0,18.0,0.0,0.1,0.0,-0.2,-169.60000000000002,0.0,0.0,169.70000000000002,0.0,21.700000000000003,29.0,29.0,29.6,300.0,300.0,31.700000000000003,35.7,28.9,28.1,30.0,4.96,1.99,4.97,0.16,0.0,0.0,1027.0,8228.0,0.0,0.0,0.0,0.0,0.0,1.0,0.0,0.0,0.0,0.0,0.0,-0.2,0.0,0.2,0.0,0.0,16.0,25903.0
2026-07-30T19:02:53.942Z,343.425,343.44,0.0,7.4,0.0,0.0,0.0,0.0,0.0,0.0,0.0,0.0,1.0,0.0,0.0,0.0,9.0,4.0,0.0,0.0,0.0,0.0,0.0,0.0,0.0,0.0,1.0,12.0,1.0,12.18,5.01,2.51,1.49,0.0,0.1,0.0,18.1,0.0,-1.0,1.7000000000000002,0.3,-169.60000000000002,0.0,0.0,169.60000000000002,0.0,21.700000000000003,29.0,29.0,29.6,300.0,300.0,31.700000000000003,35.7,28.9,28.1,30.0,4.95,2.0,4.97,0.16,0.0,0.0,1027.0,8228.0,0.0,0.0,0.0,0.0,0.0,1.0,0.0,0.0,0.0,0.0,0.0,2.2,0.0,0.0,0.0,0.0,16.0,25903.0
2026-07-30T19:02:53.953Z,343.436,343.452,0.0,7.4,0.0,0.0,0.0,0.0,0.0,0.0,0.0,0.0,1.0,0.0,0.0,0.0,9.0,4.0,0.0,0.0,0.0,0.0,0.0,0.0,0.0,0.0,2.0,12.0,1.0,12.18,5.01,2.51,1.49,0.0,0.0,0.0,18.0,0.0,0.7000000000000001,0.5,0.9,-169.60000000000002,0.0,0.0,169.60000000000002,0.0,21.700000000000003,29.0,29.0,29.6,300.0,300.0,31.700000000000003,35.7,28.9,28.1,30.0,4.96,2.0,4.96,0.16,0.0,0.0,1027.0,8228.0,0.0,0.0,0.0,0.0,0.0,1.0,0.0,0.0,0.0,0.0,0.0,1.3,0.0,-0.7000000000000001,0.0,0.0,16.0,25903.0
2026-07-30T19:02:53.965Z,343.448,343.464,0.0,7.4,0.0,0.0,0.0,0.0,0.0,0.0,0.0,0.0,1.0,0.0,0.0,0.0,9.0,4.0,0.0,0.0,0.0,0.0,0.0,0.0,0.0,0.0,3.0,12.0,1.0,12.18,5.01,2.51,1.49,0.0,0.0,0.0,18.3,0.0,-0.9,0.0,-1.3,-169.60000000000002,0.0,0.0,169.60000000000002,0.0,21.700000000000003,29.0,29.0,29.6,300.0,300.0,31.700000000000003,35.7,28.9,28.1,30.0,4.96,2.0,4.96,0.16,0.0,0.0,1027.0,8228.0,0.0,0.0,0.0,0.0,0.0,1.0,0.0,0.0,0.0,0.0,0.0,-1.0,0.0,1.2000000000000002,0.0,0.0,16.0,25903.0
2026-07-30T19:02:53.978Z,343.461,343.476,0.0,7.4,0.0,0.0,0.0,0.0,0.0,0.0,0.0,0.0,1.0,0.0,0.0,0.0,9.0,4.0,0.0,0.0,0.0,0.0,0.0,0.0,0.0,0.0,4.0,12.0,1.0,12.18,5.01,2.51,1.49,0.0,0.0,0.0,19.0,0.0,0.2,0.0,0.3,-169.60000000000002,0.0,0.0,169.60000000000002,0.0,21.700000000000003,29.0,29.0,29.6,300.0,300.0,31.700000000000003,35.7,28.9,28.1,30.0,4.96,1.99,4.97,0.16,0.0,0.0,1027.0,8228.0,0.0,0.0,0.0,0.0,0.0,1.0,0.0,0.0,0.0,0.0,0.0,0.3,0.0,-0.3,0.0,0.0,16.0,25903.0
2026-07-30T19:02:53.990Z,343.473,343.488,0.0,7.4,0.0,0.0,0.0,0.0,0.0,0.0,0.0,0.0,1.0,0.0,0.0,0.0,9.0,4.0,0.0,0.0,0.0,0.0,0.0,0.0,0.0,0.0,5.0,12.0,1.0,12.18,5.01,2.51,1.49,0.0,0.0,0.0,19.700000000000003,0.0,0.2,1.1,1.5,-169.60000000000002,0.0,0.0,169.70000000000002,0.0,21.700000000000003,29.0,29.0,29.6,300.0,300.0,31.700000000000003,35.7,28.9,28.1,30.0,4.95,1.99,4.97,0.16,0.0,0.0,1027.0,8228.0,0.0,0.0,0.0,0.0,0.0,1.0,0.0,0.0,0.0,0.0,0.0,2.5,0.0,-1.1,0.0,0.0,16.0,25903.0
2026-07-30T19:02:54.002Z,343.485,343.5,0.0,7.4,0.0,0.0,0.0,0.0,0.0,0.0,0.0,0.0,1.0,0.0,0.0,0.0,9.0,4.0,0.0,0.0,0.0,0.0,0.0,0.0,0.0,0.0,6.0,12.0,1.0,12.18,5.01,2.51,1.49,0.0,0.0,0.0,20.6,0.0,0.2,-0.5,-0.7000000000000001,-169.60000000000002,0.0,0.0,169.60000000000002,0.0,21.700000000000003,29.0,29.0,29.6,300.0,300.0,31.700000000000003,35.7,28.9,28.1,30.0,4.96,1.99,4.96,0.16,0.0,0.0,1027.0,8228.0,0.0,0.0,0.0,0.0,0.0,1.0,0.0,0.0,0.0,0.0,0.0,-1.1,0.0,0.5,0.0,0.0,16.0,25903.0
2026-07-30T19:02:54.014Z,343.497,343.512,0.0,7.4,0.0,0.0,0.0,0.0,0.0,0.0,0.0,0.0,1.0,0.0,0.0,0.0,9.0,4.0,0.0,0.0,0.0,0.0,0.0,0.0,0.0,0.0,1.0,12.0,1.0,12.18,5.01,2.51,1.49,0.0,0.0,0.0,21.3,0.0,0.2,0.1,1.5,-169.60000000000002,0.0,0.0,169.60000000000002,0.0,21.700000000000003,29.0,29.0,29.6,300.0,300.0,31.700000000000003,35.7,28.9,28.1,30.0,4.95,1.99,4.97,0.16,0.0,0.0,1027.0,8228.0,0.0,0.0,0.0,0.0,0.0,1.0,0.0,0.0,0.0,0.0,0.0,1.3,0.0,-1.3,0.0,0.0,16.0,25903.0
2026-07-30T19:02:54.026Z,343.509,343.524,0.0,7.4,0.0,0.0,0.0,0.0,0.0,0.0,0.0,0.0,1.0,0.0,0.0,0.0,9.0,4.0,0.0,0.0,0.0,0.0,0.0,0.0,0.0,0.0,3.0,12.0,1.0,12.14,5.01,2.5,1.49,0.0,0.0,0.0,22.1,0.0,-0.9,0.7000000000000001,-0.1,-169.60000000000002,0.0,0.0,169.60000000000002,0.0,21.3,29.0,29.0,29.6,300.0,300.0,31.700000000000003,35.800000000000004,28.9,28.1,30.0,4.95,1.99,4.97,0.16,0.0,0.0,1027.0,8228.0,0.0,0.0,0.0,0.0,0.0,1.0,0.0,0.0,0.0,0.0,0.0,0.6000000000000001,0.0,0.2,0.0,0.0,16.0,25903.0
2026-07-30T19:02:54.038Z,343.521,343.536,0.0,7.4,0.0,0.0,0.0,0.0,0.0,0.0,0.0,0.0,1.0,0.0,0.0,0.0,9.0,4.0,0.0,0.0,0.0,0.0,0.0,0.0,0.0,0.0,3.0,12.0,1.0,12.14,5.01,2.5,1.49,0.0,0.1,0.0,22.8,0.0,-0.3,-0.4,-0.1,-169.60000000000002,0.0,0.0,169.60000000000002,0.0,21.3,29.0,29.0,29.6,300.0,300.0,31.700000000000003,35.800000000000004,28.9,28.1,30.0,4.96,2.0,4.97,0.16,0.0,0.0,1027.0,8228.0,0.0,0.0,0.0,0.0,0.0,1.0,0.0,0.0,0.0,0.0,0.0,-0.6000000000000001,0.0,0.0,0.0,0.0,16.0,25903.0
2026-07-30T19:02:54.050Z,343.533,343.548,0.0,7.4,0.0,0.0,0.0,0.0,0.0,0.0,0.0,0.0,1.0,0.0,0.0,0.0,9.0,4.0,0.0,0.0,0.0,0.0,0.0,0.0,0.0,0.0,5.0,12.0,1.0,12.14,5.01,2.5,1.49,0.0,0.0,0.0,23.6,0.0,0.2,0.7000000000000001,0.4,-169.60000000000002,0.0,0.0,169.60000000000002,0.0,21.3,29.0,29.0,29.6,300.0,300.0,31.700000000000003,35.800000000000004,28.9,28.1,30.0,4.96,2.0,4.97,0.16,0.0,0.0,1027.0,8228.0,0.0,0.0,0.0,0.0,0.0,1.0,0.0,0.0,0.0,0.0,0.0,1.1,0.0,-0.2,0.0,0.0,16.0,25903.0
2026-07-30T19:02:54.062Z,343.545,343.56,0.0,7.4,0.0,0.0,0.0,0.0,0.0,0.0,0.0,0.0,1.0,0.0,0.0,0.0,9.0,4.0,0.0,0.0,0.0,0.0,0.0,0.0,0.0,0.0,5.0,12.0,1.0,12.14,5.01,2.5,1.49,0.0,0.1,0.0,24.4,0.0,-0.9,-0.9,0.4,-169.60000000000002,0.0,0.0,169.60000000000002,0.0,21.3,29.0,29.0,29.6,300.0,300.0,31.700000000000003,35.800000000000004,28.9,28.1,30.0,4.96,1.99,4.97,0.16,0.0,0.0,1027.0,8228.0,0.0,0.0,0.0,0.0,0.0,1.0,0.0,0.0,0.0,0.0,0.0,-0.8,0.0,-0.5,0.0,0.0,16.0,25903.0
2026-07-30T19:02:54.074Z,343.557,343.572,0.0,7.4,0.0,0.0,0.0,0.0,0.0,0.0,0.0,0.0,1.0,0.0,0.0,0.0,9.0,4.0,0.0,0.0,0.0,0.0,0.0,0.0,0.0,0.0,6.0,12.0,1.0,12.14,5.01,2.5,1.49,0.0,0.0,0.0,25.1,0.0,0.1,0.1,1.0,-169.60000000000002,0.0,0.0,169.60000000000002,0.0,21.3,29.0,29.0,29.6,300.0,300.0,31.700000000000003,35.800000000000004,28.9,28.1,30.0,4.96,1.99,4.96,0.16,0.0,0.0,1027.0,8228.0,0.0,0.0,0.0,0.0,0.0,1.0,0.0,0.0,0.0,0.0,0.0,0.9,0.0,-0.8,0.0,0.0,16.0,25903.0
2026-07-30T19:02:54.086Z,343.569,343.584,0.0,7.4,0.0,0.0,0.0,0.0,0.0,0.0,0.0,0.0,1.0,0.0,0.0,0.0,9.0,4.0,0.0,0.0,0.0,0.0,0.0,0.0,0.0,0.0,2.0,12.0,1.0,12.14,5.01,2.5,1.49,0.0,0.1,0.0,25.8,0.0,-0.3,-0.3,-0.1,-169.60000000000002,0.0,0.0,169.70000000000002,0.0,21.3,29.0,29.0,29.6,300.0,300.0,31.700000000000003,35.800000000000004,28.9,28.1,30.0,4.95,1.99,4.96,0.16,0.0,0.0,1027.0,8228.0,0.0,0.0,0.0,0.0,0.0,1.0,0.0,0.0,0.0,0.0,0.0,-0.5,0.0,0.0,0.0,0.0,16.0,25903.0
2026-07-30T19:02:54.098Z,343.581,343.596,0.0,7.4,0.0,0.0,0.0,0.0,0.0,0.0,0.0,0.0,1.0,0.0,0.0,0.0,9.0,4.0,0.0,0.0,0.0,0.0,0.0,0.0,0.0,0.0,3.0,12.0,1.0,12.14,5.01,2.5,1.49,0.0,0.0,0.0,26.4,0.0,0.8,-0.9,-0.1,-169.60000000000002,0.0,0.0,169.60000000000002,0.0,21.3,29.0,29.0,29.6,300.0,300.0,31.700000000000003,35.800000000000004,28.9,28.1,30.0,4.95,1.99,4.97,0.16,0.0,0.0,1027.0,8228.0,0.0,0.0,0.0,0.0,0.0,1.0,0.0,0.0,0.0,0.0,0.0,-1.1,0.0,0.0,0.0,0.0001,16.0,25903.0
2026-07-30T19:02:54.110Z,343.593,343.608,0.0,7.4,0.0,0.0,0.0,0.0,0.0,0.0,0.0,0.0,1.0,0.0,0.0,0.0,9.0,4.0,0.0,0.0,0.0,0.0,0.0,0.0,0.0,0.0,5.0,12.0,1.0,12.14,5.01,2.5,1.49,0.0,0.0,0.0,26.9,0.0,0.2,-0.3,-0.1,-169.60000000000002,0.0,0.0,169.60000000000002,0.0,21.3,29.0,29.0,29.6,300.0,300.0,31.700000000000003,35.800000000000004,28.9,28.1,30.0,4.95,1.99,4.97,0.16,0.0,0.0,1027.0,8228.0,0.0,0.0,0.0,0.0,0.0,1.0,0.0,0.0,0.0,0.0,0.0,-0.5,0.0,0.0,0.0,0.0,16.0,25903.0
2026-07-30T19:02:54.123Z,343.606,343.62,0.0,7.4,0.0,0.0,0.0,0.0,0.0,0.0,0.0,0.0,1.0,0.0,0.0,0.0,9.0,4.0,0.0,0.0,0.0,0.0,0.0,0.0,0.0,0.0,6.0,12.0,1.0,12.15,5.01,2.51,1.49,0.0,0.0,0.0,27.6,0.0,0.1,1.8,1.0,-169.60000000000002,0.0,0.0,169.60000000000002,0.0,21.9,29.0,29.0,29.6,300.0,300.0,31.700000000000003,35.800000000000004,28.9,28.1,29.9,4.95,2.0,4.96,0.16,0.0,0.0,1027.0,8228.0,0.0,0.0,0.0,0.0,0.0,1.0,0.0,0.0,0.0,0.0,0.0,2.8000000000000003,0.0,-0.4,0.0,0.0,16.0,25903.0
2026-07-30T19:02:54.134Z,343.617,343.632,0.0,7.4,0.0,0.0,0.0,0.0,0.0,0.0,0.0,0.0,1.0,0.0,0.0,0.0,9.0,4.0,0.0,0.0,0.0,0.0,0.0,0.0,0.0,0.0,1.0,12.0,1.0,12.15,5.01,2.51,1.49,0.0,0.0,0.0,28.1,0.0,-0.4,0.1,0.4,-169.60000000000002,0.0,0.0,169.60000000000002,0.0,21.9,29.0,29.0,29.6,300.0,300.0,31.700000000000003,35.800000000000004,28.9,28.1,29.9,4.95,1.99,4.96,0.16,0.0,0.0,1027.0,8228.0,0.0,0.0,0.0,0.0,0.0,1.0,0.0,0.0,0.0,0.0,0.0,0.4,0.0,-0.3,0.0,0.0,16.0,25903.0
2026-07-30T19:02:54.146Z,343.629,343.644,0.0,7.4,0.0,0.0,0.0,0.0,0.0,0.0,0.0,0.0,1.0,0.0,0.0,0.0,9.0,4.0,0.0,0.0,0.0,0.0,0.0,0.0,0.0,0.0,2.0,12.0,1.0,12.15,5.01,2.51,1.49,0.0,0.0,0.0,28.8,0.0,-0.3,0.1,-0.1,-169.60000000000002,0.0,0.0,169.60000000000002,0.0,21.9,29.0,29.0,29.6,300.0,300.0,31.700000000000003,35.800000000000004,28.9,28.1,29.9,4.95,1.99,4.97,0.16,0.0,0.0,1027.0,8228.0,0.0,0.0,0.0,0.0,0.0,1.0,0.0,0.0,0.0,0.0,0.0,0.0,0.0,0.1,0.0,0.0,16.0,25903.0
2026-07-30T19:02:54.158Z,343.641,343.656,0.0,7.4,0.0,0.0,0.0,0.0,0.0,0.0,0.0,0.0,1.0,0.0,0.0,0.0,9.0,4.0,0.0,0.0,0.0,0.0,0.0,0.0,0.0,0.0,4.0,12.0,1.0,12.15,5.01,2.51,1.49,0.0,0.0,0.0,28.8,0.0,0.1,0.6000000000000001,-0.7000000000000001,-169.60000000000002,0.0,0.0,169.70000000000002,0.0,21.9,29.0,29.0,29.6,300.0,300.0,31.700000000000003,35.800000000000004,28.9,28.1,29.9,4.95,1.99,4.96,0.16,0.0,0.0,1027.0,8228.0,0.0,0.0,0.0,0.0,0.0,1.0,0.0,0.0,0.0,0.0,0.0,0.1,0.0,0.8,0.0,0.0,16.0,25903.0
2026-07-30T19:02:54.170Z,343.653,343.668,0.0,7.4,0.0,0.0,0.0,0.0,0.0,0.0,0.0,0.0,1.0,0.0,0.0,0.0,9.0,4.0,0.0,0.0,0.0,0.0,0.0,0.0,0.0,0.0,5.0,12.0,1.0,12.15,5.01,2.51,1.49,0.0,0.1,0.0,28.700000000000003,0.0,-0.4,0.6000000000000001,-0.2,-169.60000000000002,0.0,0.0,169.60000000000002,0.0,21.9,29.0,29.0,29.6,300.0,300.0,31.700000000000003,35.800000000000004,28.9,28.1,29.9,4.95,1.99,4.96,0.16,0.0,0.0,1027.0,8228.0,0.0,0.0,0.0,0.0,0.0,1.0,0.0,0.0,0.0,0.0,0.0,0.3,0.0,-0.2,0.0,0.0,16.0,25903.0
2026-07-30T19:02:54.182Z,343.665,343.68,0.0,7.4,0.0,0.0,0.0,0.0,0.0,0.0,0.0,0.0,1.0,0.0,0.0,0.0,9.0,4.0,0.0,0.0,0.0,0.0,0.0,0.0,0.0,0.0,6.0,12.0,1.0,12.15,5.01,2.51,1.49,0.0,0.1,0.0,28.4,0.0,-0.4,1.2000000000000002,0.3,-169.60000000000002,0.0,0.0,169.60000000000002,0.0,21.9,29.0,29.0,29.6,300.0,300.0,31.700000000000003,35.800000000000004,28.9,28.1,29.9,4.95,1.99,4.96,0.16,0.0,0.0,1027.0,8228.0,0.0,0.0,0.0,0.0,0.0,1.0,0.0,0.0,0.0,0.0,0.0,1.7000000000000002,0.0,0.0,0.0,0.0,16.0,25903.0
2026-07-30T19:02:54.194Z,343.677,343.692,0.0,7.4,0.0,0.0,0.0,0.0,0.0,0.0,0.0,0.0,1.0,0.0,0.0,0.0,9.0,4.0,0.0,0.0,0.0,0.0,0.0,0.0,0.0,0.0,1.0,12.0,1.0,12.15,5.01,2.51,1.49,0.0,0.0,0.0,28.200000000000003,0.0,0.1,-0.4,-0.3,-169.60000000000002,0.0,0.0,169.60000000000002,0.0,21.9,29.0,29.0,29.6,300.0,300.0,31.700000000000003,35.800000000000004,28.9,28.1,29.9,4.96,1.99,4.97,0.16,0.0,0.0,1027.0,8228.0,0.0,0.0,0.0,0.0,0.0,1.0,0.0,0.0,0.0,0.0,0.0,0.3,0.0,-0.1,0.0,0.0,16.0,25903.0
2026-07-30T19:02:54.205Z,343.688,343.704,0.0,7.4,0.0,0.0,0.0,0.0,0.0,0.0,0.0,0.0,1.0,0.0,0.0,0.0,9.0,4.0,0.0,0.0,0.0,0.0,0.0,0.0,0.0,0.0,2.0,12.0,1.0,12.15,5.01,2.51,1.49,0.0,0.1,0.0,28.0,0.0,0.1,-0.4,-0.9,-169.60000000000002,0.0,0.0,169.60000000000002,0.0,21.9,29.0,29.0,29.6,300.0,300.0,31.700000000000003,35.800000000000004,28.9,28.1,29.9,4.95,1.99,4.97,0.16,0.0,0.0,1027.0,8228.0,0.0,0.0,0.0,0.0,0.0,1.0,0.0,0.0,0.0,0.0,0.0,0.7000000000000001,0.0,-0.7000000000000001,0.0,0.0,16.0,25903.0
2026-07-30T19:02:54.218Z,343.701,343.716,0.0,7.4,0.0,0.0,0.0,0.0,0.0,0.0,0.0,0.0,1.0,0.0,0.0,0.0,9.0,4.0,0.0,0.0,0.0,0.0,0.0,0.0,0.0,0.0,3.0,12.0,1.0,12.15,5.01,2.51,1.49,0.0,0.0,0.0,27.700000000000003,0.0,0.1,-0.4,-1.5,-169.60000000000002,0.0,0.0,169.70000000000002,0.0,21.9,29.0,29.0,29.6,300.0,300.0,31.700000000000003,35.800000000000004,28.9,28.1,29.9,4.95,1.99,4.97,0.16,0.0,0.0,1027.0,8228.0,0.0,0.0,0.0,0.0,0.0,1.0,0.0,0.0,0.0,0.0,0.0,1.1,0.0,0.5,0.0,0.0,16.0,25903.0
2026-07-30T19:02:54.230Z,343.713,343.728,0.0,7.4,0.0,0.0,0.0,0.0,0.0,0.0,0.0,0.0,1.0,0.0,0.0,0.0,9.0,4.0,0.0,0.0,0.0,0.0,0.0,0.0,0.0,0.0,4.0,12.0,1.0,12.17,5.0200000000000005,2.51,1.49,0.0,0.0,0.0,27.5,0.0,-0.4,0.0,-0.9,-169.60000000000002,0.0,0.0,169.60000000000002,0.0,21.200000000000003,29.0,29.0,29.6,300.0,300.0,31.8,35.800000000000004,28.9,28.1,29.9,4.96,1.99,4.97,0.16,0.0,0.0,1027.0,8228.0,0.0,0.0,0.0,0.0,0.0,1.0,0.0,0.0,0.0,0.0,0.0,-2.8000000000000003,0.0,1.6,0.0,0.0,16.0,25903.0
2026-07-30T19:02:54.243Z,343.726,343.74,0.0,7.4,0.0,0.0,0.0,0.0,0.0,0.0,0.0,0.0,1.0,0.0,0.0,0.0,9.0,4.0,0.0,0.0,0.0,0.0,0.0,0.0,0.0,0.0,5.0,12.0,1.0,12.17,5.0200000000000005,2.51,1.49,0.0,0.0,0.0,27.3,0.0,-0.4,0.0,-0.3,-169.60000000000002,0.0,0.0,169.70000000000002,0.0,21.200000000000003,29.0,29.0,29.6,300.0,300.0,31.8,35.800000000000004,28.9,28.1,29.9,4.95,1.99,4.96,0.16,0.0,0.0,1027.0,8228.0,0.0,0.0,0.0,0.0,0.0,1.0,0.0,0.0,0.0,0.0,0.0,-0.1,0.0,0.3,0.0,0.0,16.0,25903.0
2026-07-30T19:02:54.254Z,343.737,343.752,0.0,7.4,0.0,0.0,0.0,0.0,0.0,0.0,0.0,0.0,1.0,0.0,0.0,0.0,9.0,4.0,0.0,0.0,0.0,0.0,0.0,0.0,0.0,0.0,6.0,12.0,1.0,12.17,5.0200000000000005,2.51,1.49,0.0,0.0,0.0,27.1,0.0,-1.0,0.0,-0.9,-169.60000000000002,0.0,0.0,169.70000000000002,0.0,21.200000000000003,29.0,29.0,29.6,300.0,300.0,31.8,35.800000000000004,28.9,28.1,29.9,4.95,1.99,4.97,0.16,0.0,0.0,1027.0,8228.0,0.0,0.0,0.0,0.0,0.0,1.0,0.0,0.0,0.0,0.0,0.0,-0.5,0.0,0.8,0.0,0.0,16.0,25903.0
2026-07-30T19:02:54.266Z,343.749,343.764,0.1,7.4,0.0,0.0,0.0,0.0,0.0,0.0,0.0,0.0,1.0,0.0,0.0,0.0,9.0,4.0,0.0,0.0,0.0,0.0,0.0,0.0,0.0,0.0,1.0,12.0,1.0,12.17,5.0200000000000005,2.51,1.49,0.0,0.0,0.0,27.1,0.0,0.1,0.6000000000000001,0.8,-169.60000000000002,0.0,0.0,169.60000000000002,0.0,21.200000000000003,29.0,29.0,29.6,300.0,300.0,31.8,35.800000000000004,28.9,28.1,29.9,4.95,1.99,4.97,0.16,0.0,0.0,1027.0,8228.0,0.0,0.0,0.0,0.0,0.0,1.0,0.0,0.0,0.0,0.0,0.0,1.3,0.0,-0.6000000000000001,0.0,0.0,16.0,25903.0
2026-07-30T19:02:54.278Z,343.761,343.776,0.1,7.4,0.0,0.0,0.0,0.0,0.0,0.0,0.0,0.0,1.0,0.0,0.0,0.0,9.0,4.0,0.0,0.0,0.0,0.0,0.0,0.0,0.0,0.0,2.0,12.0,1.0,12.17,5.0200000000000005,2.51,1.49,0.0,0.0,0.0,26.9,0.0,-0.3,1.2000000000000002,-1.4,-169.60000000000002,0.0,0.0,169.60000000000002,0.0,21.200000000000003,29.0,29.0,29.6,300.0,300.0,31.8,35.800000000000004,28.9,28.1,29.9,4.96,1.99,4.97,0.16,0.0,0.0,1027.0,8228.0,0.0,0.0,0.0,0.0,0.0,1.0,0.0,0.0,0.0,0.0,0.0,0.3,0.0,1.5,0.0,0.0,16.0,25903.0
2026-07-30T19:02:54.290Z,343.773,343.788,0.1,7.4,0.0,0.0,0.0,0.0,0.0,0.0,0.0,0.0,1.0,0.0,0.0,0.0,9.0,4.0,0.0,0.0,0.0,0.0,0.0,0.0,0.0,0.0,4.0,12.0,1.0,12.17,5.0200000000000005,2.51,1.49,0.0,0.0,0.0,26.8,0.0,-0.9,0.0,-1.4,-169.60000000000002,0.0,0.0,169.60000000000002,0.0,21.200000000000003,29.0,29.0,29.6,300.0,300.0,31.8,35.800000000000004,28.9,28.1,29.9,4.96,1.99,4.97,0.16,0.0,0.0,1027.0,8228.0,0.0,0.0,0.0,0.0,0.0,1.0,0.0,0.0,0.0,0.0,0.0,-1.0,0.0,1.2000000000000002,0.0,0.0,16.0,25903.0
2026-07-30T19:02:54.302Z,343.785,343.8,0.1,7.4,0.0,0.0,0.0,0.0,0.0,0.0,0.0,0.0,1.0,0.0,0.0,0.0,9.0,4.0,0.0,0.0,0.0,0.0,0.0,0.0,0.0,0.0,5.0,12.0,1.0,12.17,5.0200000000000005,2.51,1.49,0.0,0.0,0.0,26.700000000000003,0.0,-0.3,-0.5,-0.2,-169.60000000000002,0.0,0.0,169.60000000000002,0.0,21.200000000000003,29.0,29.0,29.6,300.0,300.0,31.8,35.800000000000004,28.9,28.1,29.9,4.95,1.99,4.97,0.16,0.0,0.0,1027.0,8228.0,0.0,0.0,0.0,0.0,0.0,1.0,0.0,0.0,0.0,0.0,0.0,-0.8,0.0,0.1,0.0,0.0,16.0,25903.0
2026-07-30T19:02:54.313Z,343.796,343.812,0.1,7.4,0.0,0.0,0.0,0.0,0.0,0.0,0.0,0.0,1.0,0.0,0.0,0.0,9.0,4.0,0.0,0.0,0.0,0.0,0.0,0.0,0.0,0.0,6.0,12.0,1.0,12.17,5.0200000000000005,2.51,1.49,0.0,0.0,0.0,26.5,0.0,-0.4,0.5,-1.4,-169.60000000000002,0.0,0.0,169.60000000000002,0.0,21.200000000000003,29.0,29.0,29.6,300.0,300.0,31.8,35.800000000000004,28.9,28.1,29.9,4.95,1.99,4.96,0.16,0.0,0.0,1027.0,8228.0,0.0,0.0,0.0,0.0,0.0,1.0,0.0,0.0,0.0,0.0,0.0,-0.4,0.0,1.3,0.0,0.0,16.0,25903.0
2026-07-30T19:02:54.326Z,343.809,343.824,0.0,7.4,0.0,0.0,0.0,0.0,0.0,0.0,0.0,0.0,1.0,0.0,0.0,0.0,9.0,4.0,0.0,0.0,0.0,0.0,0.0,0.0,0.0,0.0,1.0,12.0,1.0,12.11,5.01,2.5,1.49,0.0,0.0,0.0,26.3,0.0,-0.9,1.1,-0.3,-169.60000000000002,0.0,0.0,169.70000000000002,0.0,21.700000000000003,29.0,29.0,29.6,300.0,300.0,31.8,35.800000000000004,28.9,28.1,30.0,4.95,1.99,4.96,0.16,0.0,0.0,1027.0,8228.0,0.0,0.0,0.0,0.0,0.0,1.0,0.0,0.0,0.0,0.0,0.0,1.0,0.0,0.5,0.0,0.0,16.0,25903.0
2026-07-30T19:02:54.337Z,343.82,343.836,0.0,7.4,0.0,0.0,0.0,0.0,0.0,0.0,0.0,0.0,1.0,0.0,0.0,0.0,9.0,4.0,0.0,0.0,0.0,0.0,0.0,0.0,0.0,0.0,2.0,12.0,1.0,12.11,5.01,2.5,1.49,0.0,0.0,0.0,26.1,0.0,-0.3,-0.6000000000000001,-2.1,-169.60000000000002,0.0,0.0,169.70000000000002,0.0,21.700000000000003,29.0,29.0,29.6,300.0,300.0,31.8,35.800000000000004,28.9,28.1,30.0,4.95,1.99,4.97,0.16,0.0,0.0,1027.0,8228.0,0.0,0.0,0.0,0.0,0.0,1.0,0.0,0.0,0.0,0.0,0.0,-2.2,0.0,1.7000000000000002,0.0,0.0001,16.0,25903.0
2026-07-30T19:02:54.351Z,343.834,343.848,0.0,7.4,0.0,0.0,0.0,0.0,0.0,0.0,0.0,0.0,1.0,0.0,0.0,0.0,9.0,4.0,0.0,0.0,0.0,0.0,0.0,0.0,0.0,0.0,3.0,12.0,1.0,12.11,5.01,2.5,1.49,0.0,0.0,0.0,25.9,0.0,-0.9,-1.1,-0.3,-169.60000000000002,0.0,0.0,169.8,0.0,21.700000000000003,29.0,29.0,29.6,300.0,300.0,31.8,35.800000000000004,28.9,28.1,30.0,4.96,1.99,4.96,0.16,0.0,0.0,1027.0,8228.0,0.0,0.0,0.0,0.0,0.0,1.0,0.0,0.0,0.0,0.0,0.0,-1.6,0.0,0.0,0.0,0.0001,16.0,25903.0
2026-07-30T19:02:54.362Z,343.845,343.86,0.0,7.4,0.0,0.0,0.0,0.0,0.0,0.0,0.0,0.0,1.0,0.0,0.0,0.0,9.0,4.0,0.0,0.0,0.0,0.0,0.0,0.0,0.0,0.0,4.0,12.0,1.0,12.11,5.01,2.5,1.49,0.0,0.1,0.0,25.700000000000003,0.0,0.2,1.1,-0.3,-169.60000000000002,0.0,0.0,169.60000000000002,0.0,21.700000000000003,29.0,29.0,29.6,300.0,300.0,31.8,35.800000000000004,28.9,28.1,30.0,4.96,1.99,4.96,0.16,0.0,0.0,1027.0,8228.0,0.0,0.0,0.0,0.0,0.0,1.0,0.0,0.0,0.0,0.0,0.0,1.0,0.0,0.5,0.0,0.0002,16.0,25903.0
2026-07-30T19:02:54.374Z,343.857,343.872,0.0,7.4,0.0,0.0,0.0,0.0,0.0,0.0,0.0,0.0,1.0,0.0,0.0,0.0,9.0,4.0,0.0,0.0,0.0,0.0,0.0,0.0,0.0,0.0,5.0,12.0,1.0,12.11,5.01,2.5,1.49,0.0,0.1,0.0,25.4,0.0,0.8,0.0,-0.8,-169.60000000000002,0.0,0.0,169.60000000000002,0.0,21.700000000000003,29.0,29.0,29.6,300.0,300.0,31.8,35.800000000000004,28.9,28.1,30.0,4.95,1.99,4.96,0.16,0.0,0.0,1027.0,8228.0,0.0,0.0,0.0,0.0,0.0,1.0,0.0,0.0,0.0,0.0,0.0,-0.7000000000000001,0.0,0.7000000000000001,0.0,0.0001,16.0,25903.0
2026-07-30T19:02:54.386Z,343.869,343.884,0.0,7.4,0.0,0.0,0.0,0.0,0.0,0.0,0.0,0.0,1.0,0.0,0.0,0.0,9.0,4.0,0.0,0.0,0.0,0.0,0.0,0.0,0.0,0.0,6.0,12.0,1.0,12.11,5.01,2.5,1.49,0.0,0.0,0.0,25.200000000000003,0.0,-0.3,-0.6000000000000001,0.3,-169.60000000000002,0.0,0.0,169.60000000000002,0.0,21.700000000000003,29.0,29.0,29.6,300.0,300.0,31.8,35.800000000000004,28.9,28.1,30.0,4.95,1.99,4.97,0.16,0.0,0.0,1027.0,8228.0,0.0,0.0,0.0,0.0,0.0,1.0,0.0,0.0,0.0,0.0,0.0,-0.4,0.0,-0.4,0.0,0.0,16.0,25903.0
2026-07-30T19:02:54.398Z,343.881,343.896,0.0,7.4,0.0,0.0,0.0,0.0,0.0,0.0,0.0,0.0,1.0,0.0,0.0,0.0,9.0,4.0,0.0,0.0,0.0,0.0,0.0,0.0,0.0,0.0,2.0,12.0,1.0,12.11,5.01,2.5,1.49,0.0,0.0,0.0,25.1,0.0,-0.3,-0.6000000000000001,-0.2,-169.60000000000002,0.0,0.0,169.60000000000002,0.0,21.700000000000003,29.0,29.0,29.6,300.0,300.0,31.8,35.800000000000004,28.9,28.1,30.0,4.96,1.99,4.96,0.16,0.0,0.0,1027.0,8228.0,0.0,0.0,0.0,0.0,0.0,1.0,0.0,0.0,0.0,0.0,0.0,-0.9,0.0,0.0,0.0,0.0,16.0,25903.0
2026-07-30T19:02:54.410Z,343.893,343.908,0.0,7.4,0.0,0.0,0.0,0.0,0.0,0.0,0.0,0.0,1.0,0.0,0.0,0.0,9.0,4.0,0.0,0.0,0.0,0.0,0.0,0.0,0.0,0.0,3.0,12.0,1.0,12.11,5.01,2.5,1.49,0.0,0.0,0.0,25.0,0.0,0.2,0.5,0.3,-169.60000000000002,0.0,0.0,169.70000000000002,0.0,21.700000000000003,29.0,29.0,29.6,300.0,300.0,31.8,35.800000000000004,28.9,28.1,30.0,4.96,1.99,4.97,0.16,0.0,0.0,1027.0,8228.0,0.0,0.0,0.0,0.0,0.0,1.0,0.0,0.0,0.0,0.0,0.0,0.8,0.0,-0.1,0.0,0.0,16.0,25903.0
2026-07-30T19:02:54.422Z,343.905,343.92,0.0,7.4,0.0,0.0,0.0,0.0,0.0,0.0,0.0,0.0,1.0,0.0,0.0,0.0,9.0,4.0,0.0,0.0,0.0,0.0,0.0,0.0,0.0,0.0,4.0,12.0,1.0,12.11,5.01,2.5,1.49,0.0,0.0,0.0,24.9,0.0,0.3,0.5,-0.2,-169.60000000000002,0.0,0.0,169.70000000000002,0.0,21.700000000000003,29.0,29.0,29.6,300.0,300.0,31.8,35.800000000000004,28.9,28.1,30.0,4.95,1.99,4.97,0.16,0.0,0.0,1027.0,8228.0,0.0,0.0,0.0,0.0,0.0,1.0,0.0,0.0,0.0,0.0,0.0,0.4,0.0,0.2,0.0,0.0,16.0,25903.0
2026-07-30T19:02:54.434Z,343.917,343.932,0.0,7.4,0.0,0.0,0.0,0.0,0.0,0.0,0.0,0.0,1.0,0.0,0.0,0.0,9.0,4.0,0.0,0.0,0.0,0.0,0.0,0.0,0.0,0.0,5.0,12.0,1.0,12.18,5.0200000000000005,2.51,1.49,0.0,0.0,0.0,24.8,0.0,0.8,0.5,-0.1,-169.60000000000002,0.0,0.0,169.70000000000002,0.0,21.200000000000003,29.0,29.0,29.6,300.0,300.0,31.8,35.800000000000004,28.9,28.1,29.9,4.96,1.99,4.97,0.16,0.0,0.0,1027.0,8228.0,0.0,0.0,0.0,0.0,0.0,1.0,0.0,0.0,0.0,0.0,0.0,0.5,0.0,0.2,0.0,0.0001,16.0,25903.0
2026-07-30T19:02:54.446Z,343.929,343.944,0.0,7.4,0.0,0.0,0.0,0.0,0.0,0.0,0.0,0.0,1.0,0.0,0.0,0.0,9.0,4.0,0.0,0.0,0.0,0.0,0.0,0.0,0.0,0.0,6.0,12.0,1.0,12.18,5.0200000000000005,2.51,1.49,0.0,0.0,0.0,24.700000000000003,0.0,0.3,-1.1,-0.2,-169.60000000000002,0.0,0.0,169.60000000000002,0.0,21.200000000000003,29.0,29.0,29.6,300.0,300.0,31.8,35.800000000000004,28.9,28.1,29.9,4.95,1.99,4.96,0.16,0.0,0.0,1027.0,8228.0,0.0,0.0,0.0,0.0,0.0,1.0,0.0,0.0,0.0,0.0,0.0,-1.4,0.0,0.0,0.0,0.0,16.0,25903.0
2026-07-30T19:02:54.458Z,343.941,343.956,0.0,7.4,0.0,0.0,0.0,0.0,0.0,0.0,0.0,0.0,1.0,0.0,0.0,0.0,9.0,4.0,0.0,0.0,0.0,0.0,0.0,0.0,0.0,0.0,1.0,12.0,1.0,12.18,5.0200000000000005,2.51,1.49,0.0,0.0,0.0,24.700000000000003,0.0,0.3,-0.6000000000000001,0.3,-169.60000000000002,0.0,0.0,169.70000000000002,0.0,21.200000000000003,29.0,29.0,29.6,300.0,300.0,31.8,35.800000000000004,28.9,28.1,29.9,4.95,1.99,4.97,0.16,0.0,0.0,1027.0,8228.0,0.0,0.0,0.0,0.0,0.0,1.0,0.0,0.0,0.0,0.0,0.0,-0.4,0.0,-0.4,0.0,0.0001,16.0,25903.0
2026-07-30T19:02:54.470Z,343.953,343.968,0.0,7.4,0.0,0.0,0.0,0.0,0.0,0.0,0.0,0.0,1.0,0.0,0.0,0.0,9.0,4.0,0.0,0.0,0.0,0.0,0.0,0.0,0.0,0.0,2.0,12.0,1.0,12.18,5.0200000000000005,2.51,1.49,0.0,0.0,0.0,24.6,0.0,-0.3,0.5,0.3,-169.60000000000002,0.0,0.0,169.60000000000002,0.0,21.200000000000003,29.0,29.0,29.6,300.0,300.0,31.8,35.800000000000004,28.9,28.1,29.9,4.95,2.0,4.97,0.16,0.0,0.0,1027.0,8228.0,0.0,0.0,0.0,0.0,0.0,1.0,0.0,0.0,0.0,0.0,0.0,0.9,0.0,-0.1,0.0,0.0,16.0,25903.0
2026-07-30T19:02:54.482Z,343.965,343.98,0.0,7.4,0.0,0.0,0.0,0.0,0.0,0.0,0.0,0.0,1.0,0.0,0.0,0.0,9.0,4.0,0.0,0.0,0.0,0.0,0.0,0.0,0.0,0.0,3.0,12.0,1.0,12.18,5.0200000000000005,2.51,1.49,0.0,0.0,0.0,24.6,0.0,0.2,0.0,0.3,-169.60000000000002,0.0,0.0,169.60000000000002,0.0,21.200000000000003,29.0,29.0,29.6,300.0,300.0,31.8,35.800000000000004,28.9,28.1,29.9,4.95,2.0,4.97,0.16,0.0,0.0,1027.0,8228.0,0.0,0.0,0.0,0.0,0.0,1.0,0.0,0.0,0.0,0.0,0.0,0.2,0.0,-0.3,0.0,0.0,16.0,25903.0
2026-07-30T19:02:54.494Z,343.977,343.992,0.0,7.4,0.0,0.0,0.0,0.0,0.0,0.0,0.0,0.0,1.0,0.0,0.0,0.0,9.0,4.0,0.0,0.0,0.0,0.0,0.0,0.0,0.0,0.0,5.0,12.0,1.0,12.18,5.0200000000000005,2.51,1.49,0.0,0.0,0.0,24.4,0.0,0.2,0.5,-0.7000000000000001,-169.60000000000002,0.0,0.0,169.60000000000002,0.0,21.200000000000003,29.0,29.0,29.6,300.0,300.0,31.8,35.800000000000004,28.9,28.1,29.9,4.95,1.99,4.97,0.16,0.0,0.0,1027.0,8228.0,0.0,0.0,0.0,0.0,0.0,1.0,0.0,0.0,0.0,0.0,0.0,0.0,0.0,0.7000000000000001,0.0,0.0,16.0,25903.0
2026-07-30T19:02:54.506Z,343.989,344.004,0.0,7.4,0.0,0.0,0.0,0.0,0.0,0.0,0.0,0.0,1.0,0.0,0.0,0.0,9.0,4.0,0.0,0.0,0.0,0.0,0.0,0.0,0.0,0.0,6.0,12.0,1.0,12.18,5.0200000000000005,2.51,1.49,0.0,0.0,0.0,24.4,0.0,0.3,0.0,0.4,-169.60000000000002,0.0,0.0,169.60000000000002,0.0,21.200000000000003,29.0,29.0,29.6,300.0,300.0,31.8,35.800000000000004,28.9,28.1,29.9,4.95,1.99,4.96,0.17,0.0,0.0,1027.0,8228.0,0.0,0.0,0.0,0.0,0.0,1.0,0.0,0.0,0.0,0.0,0.0,0.3,0.0,-0.3,0.0,0.0,16.0,25903.0
2026-07-30T19:02:54.518Z,344.001,344.016,0.0,7.4,0.0,0.0,0.0,0.0,0.0,0.0,0.0,0.0,1.0,0.0,0.0,0.0,9.0,4.0,0.0,0.0,0.0,0.0,0.0,0.0,0.0,0.0,1.0,12.0,1.0,12.18,5.0200000000000005,2.51,1.49,0.0,0.0,0.0,24.3,0.0,0.2,0.0,-0.2,-169.60000000000002,0.0,0.0,169.60000000000002,0.0,21.200000000000003,29.0,29.0,29.6,300.0,300.0,31.8,35.800000000000004,28.9,28.1,29.9,4.96,1.99,4.96,0.16,0.0,0.0,1027.0,8228.0,0.0,0.0,0.0,0.0,0.0,1.0,0.0,0.0,0.0,0.0,0.0,-0.1,0.0,0.2,0.0,0.0,16.0,25903.0
2026-07-30T19:02:54.531Z,344.014,344.028,0.0,7.4,0.0,0.0,0.0,0.0,0.0,0.0,0.0,0.0,1.0,0.0,0.0,0.0,9.0,4.0,0.0,0.0,0.0,0.0,0.0,0.0,0.0,0.0,2.0,12.0,1.0,12.17,5.01,2.51,1.49,0.0,0.0,0.0,24.200000000000003,0.0,0.9,0.0,0.4,-169.60000000000002,0.0,0.0,169.60000000000002,0.0,21.700000000000003,29.0,29.0,29.6,300.0,300.0,31.700000000000003,35.800000000000004,28.9,28.1,29.9,4.95,1.99,4.96,0.16,0.0,0.0,1027.0,8228.0,0.0,0.0,0.0,0.0,0.0,1.0,0.0,0.0,0.0,0.0,0.0,0.3,0.0,-0.3,0.0,0.0,16.0,25903.0
2026-07-30T19:02:54.542Z,344.025,344.04,0.0,7.4,0.0,0.0,0.0,0.0,0.0,0.0,0.0,0.0,1.0,0.0,0.0,0.0,9.0,4.0,0.0,0.0,0.0,0.0,0.0,0.0,0.0,0.0,3.0,12.0,1.0,12.17,5.01,2.51,1.49,0.0,0.0,0.0,24.1,0.0,0.3,-0.4,0.3,-169.60000000000002,0.0,0.0,169.60000000000002,0.0,21.700000000000003,29.0,29.0,29.6,300.0,300.0,31.700000000000003,35.800000000000004,28.9,28.1,29.9,4.95,1.99,4.97,0.16,0.0,0.0,1027.0,8228.0,0.0,0.0,0.0,0.0,0.0,1.0,0.0,0.0,0.0,0.0,0.0,-0.2,0.0,-0.4,0.0,0.0,16.0,25903.0
2026-07-30T19:02:54.554Z,344.037,344.052,0.0,7.4,0.0,0.0,0.0,0.0,0.0,0.0,0.0,0.0,1.0,0.0,0.0,0.0,9.0,4.0,0.0,0.0,0.0,0.0,0.0,0.0,0.0,0.0,4.0,12.0,1.0,12.17,5.01,2.51,1.49,0.0,0.0,0.0,24.1,0.0,0.3,1.8,-0.1,-169.60000000000002,0.0,0.0,169.60000000000002,0.0,21.700000000000003,29.0,29.0,29.6,300.0,300.0,31.700000000000003,35.800000000000004,28.9,28.1,29.9,4.95,1.99,4.96,0.16,0.0,0.0,1027.0,8228.0,0.0,0.0,0.0,0.0,0.0,1.0,0.0,0.0,0.0,0.0,0.0,1.9,0.0,0.5,0.0,0.0,16.0,25903.0
2026-07-30T19:02:54.566Z,344.049,344.064,0.0,7.4,0.0,0.0,0.0,0.0,0.0,0.0,0.0,0.0,1.0,0.0,0.0,0.0,9.0,4.0,0.0,0.0,0.0,0.0,0.0,0.0,0.0,0.0,5.0,12.0,1.0,12.17,5.01,2.51,1.49,0.0,0.0,0.0,24.0,0.0,-0.8,0.0,-0.1,-169.60000000000002,0.0,0.0,169.60000000000002,0.0,21.700000000000003,29.0,29.0,29.6,300.0,300.0,31.700000000000003,35.800000000000004,28.9,28.1,29.9,4.96,1.99,4.96,0.16,0.0,0.0,1027.0,8228.0,0.0,0.0,0.0,0.0,0.0,1.0,0.0,0.0,0.0,0.0,0.0,0.0,0.0,0.1,0.0,0.0,16.0,25903.0
2026-07-30T19:02:54.578Z,344.061,344.076,0.0,7.4,0.0,0.0,0.0,0.0,0.0,0.0,0.0,0.0,1.0,0.0,0.0,0.0,9.0,4.0,0.0,0.0,0.0,0.0,0.0,0.0,0.0,0.0,6.0,12.0,1.0,12.17,5.01,2.51,1.49,0.0,0.0,0.0,23.9,0.0,-0.2,-0.5,-1.9,-169.60000000000002,0.0,0.0,169.60000000000002,0.0,21.700000000000003,29.0,29.0,29.6,300.0,300.0,31.700000000000003,35.800000000000004,28.9,28.1,29.9,4.95,1.99,4.97,0.16,0.0,0.0,1027.0,8228.0,0.0,0.0,0.0,0.0,0.0,1.0,0.0,0.0,0.0,0.0,0.0,-2.0,0.0,1.5,0.0,0.0,16.0,25903.0
2026-07-30T19:02:54.590Z,344.073,344.088,0.0,7.4,0.0,0.0,0.0,0.0,0.0,0.0,0.0,0.0,1.0,0.0,0.0,0.0,9.0,4.0,0.0,0.0,0.0,0.0,0.0,0.0,0.0,0.0,1.0,12.0,1.0,12.17,5.01,2.51,1.49,0.0,0.0,0.0,24.6,0.0,-0.8,-1.1,-0.8,-169.60000000000002,0.0,0.0,169.60000000000002,0.0,21.700000000000003,29.0,29.0,29.6,300.0,300.0,31.700000000000003,35.800000000000004,28.9,28.1,29.9,4.96,1.99,4.97,0.16,0.0,0.0,1027.0,8228.0,0.0,0.0,0.0,0.0,0.0,1.0,0.0,0.0,0.0,0.0,0.0,-1.8,0.0,0.4,0.0,0.0,16.0,25903.0
2026-07-30T19:02:54.602Z,344.085,344.1,0.0,7.4,0.0,0.0,0.0,0.0,0.0,0.0,0.0,0.0,1.0,0.0,0.0,0.0,9.0,4.0,0.0,0.0,0.0,0.0,0.0,0.0,0.0,0.0,2.0,12.0,1.0,12.17,5.01,2.51,1.49,0.0,0.0,0.0,25.3,0.0,0.3,0.0,-1.3,-169.60000000000002,0.0,0.0,169.60000000000002,0.0,21.700000000000003,29.0,29.0,29.6,300.0,300.0,31.700000000000003,35.800000000000004,28.9,28.1,29.9,4.96,2.0,4.96,0.16,0.0,0.0,1027.0,8228.0,0.0,0.0,0.0,0.0,0.0,1.0,0.0,0.0,0.0,0.0,0.0,-0.9,0.0,1.2000000000000002,0.0,0.0,16.0,25903.0
2026-07-30T19:02:54.614Z,344.097,344.112,0.0,7.4,0.0,0.0,0.0,0.0,0.0,0.0,0.0,0.0,1.0,0.0,0.0,0.0,9.0,4.0,0.0,0.0,0.0,0.0,0.0,0.0,0.0,0.0,3.0,12.0,1.0,12.17,5.01,2.51,1.49,0.0,0.0,0.0,25.9,0.0,0.3,0.0,0.4,-169.60000000000002,0.0,0.0,169.60000000000002,0.0,21.700000000000003,29.0,29.0,29.6,300.0,300.0,31.700000000000003,35.800000000000004,28.9,28.1,29.9,4.95,1.99,4.96,0.16,0.0,0.0,1027.0,8228.0,0.0,0.0,0.0,0.0,0.0,1.0,0.0,0.0,0.0,0.0,0.0,0.3,0.0,-0.3,0.0,0.0,16.0,25903.0
2026-07-30T19:02:54.626Z,344.109,344.124,0.0,7.4,0.0,0.0,0.0,0.0,0.0,0.0,0.0,0.0,1.0,0.0,0.0,0.0,9.0,4.0,0.0,0.0,0.0,0.0,0.0,0.0,0.0,0.0,4.0,12.0,1.0,12.17,5.01,2.51,1.49,0.0,0.0,0.0,26.5,0.0,0.3,1.1,0.9,-169.60000000000002,0.0,0.0,169.60000000000002,0.0,21.700000000000003,29.0,29.0,29.6,300.0,300.0,31.700000000000003,35.800000000000004,28.9,28.1,29.9,4.95,1.99,4.97,0.16,0.0,0.0,1027.0,8228.0,0.0,0.0,0.0,0.0,0.0,1.0,0.0,0.0,0.0,0.0,0.0,2.0,0.0,-0.6000000000000001,0.0,0.0,16.0,25903.0
2026-07-30T19:02:54.638Z,344.121,344.136,0.0,7.4,0.0,0.0,0.0,0.0,0.0,0.0,0.0,0.0,1.0,0.0,0.0,0.0,9.0,4.0,0.0,0.0,0.0,0.0,0.0,0.0,0.0,0.0,5.0,12.0,1.0,12.18,5.01,2.51,1.49,0.0,0.0,0.0,27.1,0.0,0.9,0.0,-0.7000000000000001,-169.60000000000002,0.0,0.0,169.70000000000002,0.0,22.1,29.0,29.0,29.6,300.0,300.0,31.6,35.800000000000004,28.9,28.1,29.9,4.96,2.0,4.96,0.16,0.0,0.0,1027.0,8228.0,0.0,0.0,0.0,0.0,0.0,1.0,0.0,0.0,0.0,0.0,0.0,-0.5,0.0,0.6000000000000001,0.0,0.0,16.0,25903.0
2026-07-30T19:02:54.650Z,344.133,344.148,0.0,7.4,0.0,0.0,0.0,0.0,0.0,0.0,0.0,0.0,1.0,0.0,0.0,0.0,9.0,4.0,0.0,0.0,0.0,0.0,0.0,0.0,0.0,0.0,6.0,12.0,1.0,12.18,5.01,2.51,1.49,0.0,0.0,0.0,27.700000000000003,0.0,0.3,0.0,-0.7000000000000001,-169.60000000000002,0.0,0.0,169.60000000000002,0.0,22.1,29.0,29.0,29.6,300.0,300.0,31.6,35.800000000000004,28.9,28.1,29.9,4.96,1.99,4.97,0.16,0.0,0.0,1027.0,8228.0,0.0,0.0,0.0,0.0,0.0,1.0,0.0,0.0,0.0,0.0,0.0,-0.5,0.0,0.6000000000000001,0.0,0.0,16.0,25903.0
2026-07-30T19:02:54.662Z,344.145,344.16,0.0,7.4,0.0,0.0,0.0,0.0,0.0,0.0,0.0,0.0,1.0,0.0,0.0,0.0,9.0,4.0,0.0,0.0,0.0,0.0,0.0,0.0,0.0,0.0,1.0,12.0,1.0,12.18,5.01,2.51,1.49,0.0,0.0,0.0,28.3,0.0,-0.2,0.0,0.9,-169.60000000000002,0.0,0.0,169.60000000000002,0.0,22.1,29.0,29.0,29.6,300.0,300.0,31.6,35.800000000000004,28.9,28.1,29.9,4.95,1.99,4.97,0.16,0.0,0.0,1027.0,8228.0,0.0,0.0,0.0,0.0,0.0,1.0,0.0,0.0,0.0,0.0,0.0,0.6000000000000001,0.0,-0.8,0.0,0.0001,16.0,25903.0
2026-07-30T19:02:54.674Z,344.157,344.172,0.0,7.4,0.0,0.0,0.0,0.0,0.0,0.0,0.0,0.0,1.0,0.0,0.0,0.0,9.0,4.0,0.0,0.0,0.0,0.0,0.0,0.0,0.0,0.0,2.0,12.0,1.0,12.18,5.01,2.51,1.49,0.0,0.0,0.0,28.9,0.0,0.3,0.5,-1.3,-169.60000000000002,0.0,0.0,169.60000000000002,0.0,22.1,29.0,29.0,29.6,300.0,300.0,31.6,35.800000000000004,28.9,28.1,29.9,4.95,1.99,4.96,0.16,0.0,0.0,1027.0,8228.0,0.0,0.0,0.0,0.0,0.0,1.0,0.0,0.0,0.0,0.0,0.0,0.6000000000000001,0.0,-0.8,0.0,0.0,16.0,25903.0
2026-07-30T19:02:54.686Z,344.169,344.184,0.0,7.4,0.0,0.0,0.0,0.0,0.0,0.0,0.0,0.0,1.0,0.0,0.0,0.0,9.0,4.0,0.0,0.0,0.0,0.0,0.0,0.0,0.0,0.0,4.0,12.0,1.0,12.18,5.01,2.51,1.49,0.0,0.0,0.0,29.3,0.0,-0.2,0.0,-0.7000000000000001,-169.60000000000002,0.0,0.0,169.60000000000002,0.0,22.1,29.0,29.0,29.6,300.0,300.0,31.6,35.800000000000004,28.9,28.1,29.9,4.95,2.0,4.96,0.16,0.0,0.0,1027.0,8228.0,0.0,0.0,0.0,0.0,0.0,1.0,0.0,0.0,0.0,0.0,0.0,-0.5,0.0,0.6000000000000001,0.0,0.0,16.0,25903.0
2026-07-30T19:02:54.699Z,344.182,344.196,0.0,7.4,0.0,0.0,0.0,0.0,0.0,0.0,0.0,0.0,1.0,0.0,0.0,0.0,9.0,4.0,0.0,0.0,0.0,0.0,0.0,0.0,0.0,0.0,5.0,12.0,1.0,12.18,5.01,2.51,1.49,0.0,0.0,0.0,29.1,0.0,0.8,1.2000000000000002,1.5,-169.60000000000002,0.0,0.0,169.60000000000002,0.0,22.1,29.0,29.0,29.6,300.0,300.0,31.6,35.800000000000004,28.9,28.1,29.9,4.95,1.99,4.97,0.16,0.0,0.0,1027.0,8228.0,0.0,0.0,0.0,0.0,0.0,1.0,0.0,0.0,0.0,0.0,0.0,2.5,0.0,-1.1,0.0,0.0,16.0,25903.0
2026-07-30T19:02:54.710Z,344.193,344.208,0.0,7.4,0.0,0.0,0.0,0.0,0.0,0.0,0.0,0.0,1.0,0.0,0.0,0.0,9.0,4.0,0.0,0.0,0.0,0.0,0.0,0.0,0.0,0.0,6.0,12.0,1.0,12.18,5.01,2.51,1.49,0.0,0.0,0.0,28.8,0.0,-0.2,-0.5,-1.9,-169.60000000000002,0.0,0.0,169.70000000000002,0.0,22.1,29.0,29.0,29.6,300.0,300.0,31.6,35.800000000000004,28.9,28.1,29.9,4.95,1.99,4.97,0.16,0.0,0.0,1027.0,8228.0,0.0,0.0,0.0,0.0,0.0,1.0,0.0,0.0,0.0,0.0,0.0,-0.4,0.0,0.7000000000000001,0.0,0.0,16.0,25903.0
2026-07-30T19:02:54.722Z,344.205,344.22,0.0,7.4,0.0,0.0,0.0,0.0,0.0,0.0,0.0,0.0,1.0,0.0,0.0,0.0,9.0,4.0,0.0,0.0,0.0,0.0,0.0,0.0,0.0,0.0,1.0,12.0,1.0,12.18,5.01,2.51,1.49,0.0,0.0,0.0,28.700000000000003,0.0,-0.8,0.6000000000000001,-0.2,-169.60000000000002,0.0,0.0,169.70000000000002,0.0,22.1,29.0,29.0,29.6,300.0,300.0,31.6,35.800000000000004,28.9,28.1,29.9,4.96,1.99,4.96,0.16,0.0,0.0,1027.0,8228.0,0.0,0.0,0.0,0.0,0.0,1.0,0.0,0.0,0.0,0.0,0.0,0.0,0.0,0.2,0.0,0.0,16.0,25903.0
2026-07-30T19:02:54.735Z,344.218,344.232,0.0,7.4,0.0,0.0,0.0,0.0,0.0,0.0,0.0,0.0,1.0,0.0,0.0,0.0,9.0,4.0,0.0,0.0,0.0,0.0,0.0,0.0,0.0,0.0,3.0,12.0,1.0,12.17,5.0200000000000005,2.5,1.49,0.0,0.1,0.0,28.3,0.0,0.2,-0.4,0.9,-169.60000000000002,0.0,0.0,169.60000000000002,0.0,21.4,29.0,29.0,29.6,300.0,300.0,31.700000000000003,35.800000000000004,28.9,28.1,29.9,4.95,1.99,4.97,0.16,0.0,0.0,1027.0,8228.0,0.0,0.0,0.0,0.0,0.0,1.0,0.0,0.0,0.0,0.0,0.0,0.0,0.0,0.2,0.0,0.0,16.0,25903.0
2026-07-30T19:02:54.746Z,344.229,344.244,0.0,7.4,0.0,0.0,0.0,0.0,0.0,0.0,0.0,0.0,1.0,0.0,0.0,0.0,9.0,4.0,0.0,0.0,0.0,0.0,0.0,0.0,0.0,0.0,3.0,12.0,1.0,12.17,5.0200000000000005,2.5,1.49,0.0,0.0,0.0,28.1,0.0,0.3,1.2000000000000002,1.4,-169.60000000000002,0.0,0.0,169.70000000000002,0.0,21.4,29.0,29.0,29.6,300.0,300.0,31.700000000000003,35.800000000000004,28.9,28.1,29.9,4.95,1.99,4.96,0.16,0.0,0.0,1027.0,8228.0,0.0,0.0,0.0,0.0,0.0,1.0,0.0,0.0,0.0,0.0,0.0,-0.5,0.0,0.7000000000000001,0.0,0.0,16.0,25903.0
2026-07-30T19:02:54.758Z,344.241,344.25600000000003,0.0,7.4,0.0,0.0,0.0,0.0,0.0,0.0,0.0,0.0,1.0,0.0,0.0,0.0,9.0,4.0,0.0,0.0,0.0,0.0,0.0,0.0,0.0,0.0,5.0,12.0,1.0,12.17,5.0200000000000005,2.5,1.49,0.0,0.0,0.0,27.9,0.0,0.2,0.1,1.5,-169.60000000000002,0.0,0.0,169.60000000000002,0.0,21.4,29.0,29.0,29.6,300.0,300.0,31.700000000000003,35.800000000000004,28.9,28.1,29.9,4.96,2.0,4.96,0.16,0.0,0.0,1027.0,8228.0,0.0,0.0,0.0,0.0,0.0,1.0,0.0,0.0,0.0,0.0,0.0,1.2000000000000002,0.0,-1.3,0.0,0.0,16.0,25903.0
2026-07-30T19:02:54.770Z,344.253,344.26800000000003,0.0,7.4,0.0,0.0,0.0,0.0,0.0,0.0,0.0,0.0,1.0,0.0,0.0,0.0,9.0,4.0,0.0,0.0,0.0,0.0,0.0,0.0,0.0,0.0,6.0,12.0,1.0,12.17,5.0200000000000005,2.5,1.49,0.0,0.0,0.0,27.6,0.0,-0.2,-1.1,-1.4,-169.60000000000002,0.0,0.0,169.60000000000002,0.0,21.4,29.0,29.0,29.6,300.0,300.0,31.700000000000003,35.800000000000004,28.9,28.1,29.9,4.95,2.0,4.96,0.16,0.0,0.0,1027.0,8228.0,0.0,0.0,0.0,0.0,0.0,1.0,0.0,0.0,0.0,0.0,0.0,-2.3000000000000003,0.0,1.0,0.0,0.0,16.0,25903.0
2026-07-30T19:02:54.782Z,344.265,344.28000000000003,0.0,7.4,0.0,0.0,0.0,0.0,0.0,0.0,0.0,0.0,1.0,0.0,0.0,0.0,9.0,4.0,0.0,0.0,0.0,0.0,0.0,0.0,0.0,0.0,1.0,12.0,1.0,12.17,5.0200000000000005,2.5,1.49,0.0,0.0,0.0,27.5,0.0,-0.8,-1.1,-1.4,-169.60000000000002,0.0,0.0,169.60000000000002,0.0,21.4,29.0,29.0,29.6,300.0,300.0,31.700000000000003,35.800000000000004,28.9,28.1,29.9,4.95,1.99,4.97,0.16,0.0,0.0,1027.0,8228.0,0.0,0.0,0.0,0.0,0.0,1.0,0.0,0.0,0.0,0.0,0.0,-2.3000000000000003,0.0,1.0,0.0,0.0,16.0,25903.0
2026-07-30T19:02:54.794Z,344.277,344.29200000000003,0.0,7.4,0.0,0.0,0.0,0.0,0.0,0.0,0.0,0.0,1.0,0.0,0.0,0.0,9.0,4.0,0.0,0.0,0.0,0.0,0.0,0.0,0.0,0.0,2.0,12.0,1.0,12.17,5.0200000000000005,2.5,1.49,0.0,0.0,0.0,27.3,0.0,-0.3,0.0,0.3,-169.60000000000002,0.0,0.0,169.60000000000002,0.0,21.4,29.0,29.0,29.6,300.0,300.0,31.700000000000003,35.800000000000004,28.9,28.1,29.9,4.95,1.99,4.96,0.16,0.0,0.0,1027.0,8228.0,0.0,0.0,0.0,0.0,0.0,1.0,0.0,0.0,0.0,0.0,0.0,0.2,0.0,-0.2,0.0,0.0,16.0,25903.0
2026-07-30T19:02:54.806Z,344.289,344.30400000000003,0.0,7.4,0.0,0.0,0.0,0.0,0.0,0.0,0.0,0.0,1.0,0.0,0.0,0.0,9.0,4.0,0.0,0.0,0.0,0.0,0.0,0.0,0.0,0.0,3.0,12.0,1.0,12.17,5.0200000000000005,2.5,1.49,0.0,0.0,0.0,27.1,0.0,-0.3,0.0,-0.8,-169.60000000000002,0.0,0.0,169.60000000000002,0.0,21.4,29.0,29.0,29.6,300.0,300.0,31.700000000000003,35.800000000000004,28.9,28.1,29.9,4.96,1.99,4.96,0.16,0.0,0.0,1027.0,8228.0,0.0,0.0,0.0,0.0,0.0,1.0,0.0,0.0,0.0,0.0,0.0,-0.5,0.0,0.7000000000000001,0.0,0.0,16.0,25903.0
2026-07-30T19:02:54.817Z,344.3,344.31600000000003,0.0,7.4,0.0,0.0,0.0,0.0,0.0,0.0,0.0,0.0,1.0,0.0,0.0,0.0,9.0,4.0,0.0,0.0,0.0,0.0,0.0,0.0,0.0,0.0,4.0,12.0,1.0,12.17,5.0200000000000005,2.5,1.49,0.0,0.0,0.0,26.8,0.0,0.2,-1.1,-0.8,-169.60000000000002,0.0,0.0,169.60000000000002,0.0,21.4,29.0,29.0,29.6,300.0,300.0,31.700000000000003,35.800000000000004,28.9,28.1,29.9,4.95,1.99,4.97,0.16,0.0,0.0,1027.0,8228.0,0.0,0.0,0.0,0.0,0.0,1.0,0.0,0.0,0.0,0.0,0.0,-1.9,0.0,0.5,0.0,0.0,16.0,25903.0
2026-07-30T19:02:54.830Z,344.313,344.32800000000003,0.0,7.4,0.0,0.0,0.0,0.0,0.0,0.0,0.0,0.0,1.0,0.0,0.0,0.0,9.0,4.0,0.0,0.0,0.0,0.0,0.0,0.0,0.0,0.0,5.0,12.0,1.0,12.17,5.0200000000000005,2.5,1.49,0.0,0.1,0.0,26.8,0.0,-0.3,-0.5,-0.2,-169.60000000000002,0.0,0.0,169.60000000000002,0.0,21.4,29.0,29.0,29.6,300.0,300.0,31.700000000000003,35.800000000000004,28.9,28.1,29.9,4.95,1.99,4.96,0.16,0.0,0.0,1027.0,8228.0,0.0,0.0,0.0,0.0,0.0,1.0,0.0,0.0,0.0,0.0,0.0,-0.8,0.0,0.1,0.0,0.0,16.0,25903.0
2026-07-30T19:02:54.842Z,344.325,344.34000000000003,0.0,7.4,0.0,0.0,0.0,0.0,0.0,0.0,0.0,0.0,1.0,0.0,0.0,0.0,9.0,4.0,0.0,0.0,0.0,0.0,0.0,0.0,0.0,0.0,6.0,12.0,1.0,12.17,5.01,2.5,1.49,0.0,0.0,0.0,26.700000000000003,0.0,-0.9,1.1,-0.2,-169.60000000000002,0.0,0.0,169.70000000000002,0.0,21.8,29.0,29.0,29.6,300.0,300.0,31.5,35.800000000000004,28.9,28.1,30.0,4.95,2.0,4.97,0.16,0.0,0.0,1027.0,8228.0,0.0,0.0,0.0,0.0,0.0,1.0,0.0,0.0,0.0,0.0,0.0,1.1,0.0,0.4,0.0,0.0,16.0,25903.0
2026-07-30T19:02:54.853Z,344.336,344.35200000000003,0.0,7.4,0.0,0.0,0.0,0.0,0.0,0.0,0.0,0.0,1.0,0.0,0.0,0.0,9.0,4.0,0.0,0.0,0.0,0.0,0.0,0.0,0.0,0.0,1.0,12.0,1.0,12.17,5.01,2.5,1.49,0.0,0.0,0.0,26.700000000000003,0.0,0.2,0.6000000000000001,0.3,-169.60000000000002,0.0,0.0,169.60000000000002,0.0,21.8,29.0,29.0,29.6,300.0,300.0,31.5,35.800000000000004,28.9,28.1,30.0,4.95,1.99,4.97,0.16,0.0,0.0,1027.0,8228.0,0.0,0.0,0.0,0.0,0.0,1.0,0.0,0.0,0.0,0.0,0.0,0.9,0.0,-0.1,0.0,0.0001,16.0,25903.0
2026-07-30T19:02:54.866Z,344.349,344.36400000000003,0.0,7.4,0.0,0.0,0.0,0.0,0.0,0.0,0.0,0.0,1.0,0.0,0.0,0.0,9.0,4.0,0.0,0.0,0.0,0.0,0.0,0.0,0.0,0.0,2.0,12.0,1.0,12.17,5.01,2.5,1.49,0.0,0.0,0.0,26.6,0.0,0.7000000000000001,1.1,1.5,-169.60000000000002,0.0,0.0,169.60000000000002,0.0,21.8,29.0,29.0,29.6,300.0,300.0,31.5,35.800000000000004,28.9,28.1,30.0,4.95,1.99,4.97,0.16,0.0,0.0,1027.0,8228.0,0.0,0.0,0.0,0.0,0.0,1.0,0.0,0.0,0.0,0.0,0.0,2.4000000000000004,0.0,-1.0,0.0,0.0001,16.0,25903.0
2026-07-30T19:02:54.878Z,344.361,344.37600000000003,0.0,7.4,0.0,0.0,0.0,0.0,0.0,0.0,0.0,0.0,1.0,0.0,0.0,0.0,9.0,4.0,0.0,0.0,0.0,0.0,0.0,0.0,0.0,0.0,3.0,12.0,1.0,12.17,5.01,2.5,1.49,0.0,0.0,0.0,26.5,0.0,0.1,-1.1,0.9,-169.60000000000002,0.0,0.0,169.60000000000002,0.0,21.8,29.0,29.0,29.6,300.0,300.0,31.5,35.800000000000004,28.9,28.1,30.0,4.96,1.99,4.96,0.16,0.0,0.0,1027.0,8228.0,0.0,0.0,0.0,0.0,0.0,1.0,0.0,0.0,0.0,0.0,0.0,-0.6000000000000001,0.0,-1.0,0.0,0.0,16.0,25903.0
2026-07-30T19:02:54.890Z,344.373,344.38800000000003,0.0,7.4,0.0,0.0,0.0,0.0,0.0,0.0,0.0,0.0,1.0,0.0,0.0,0.0,9.0,4.0,0.0,0.0,0.0,0.0,0.0,0.0,0.0,0.0,4.0,12.0,1.0,12.17,5.01,2.5,1.49,0.0,0.0,0.0,26.4,0.0,-0.3,0.5,-0.8,-169.60000000000002,0.0,0.0,169.60000000000002,0.0,21.8,29.0,29.0,29.6,300.0,300.0,31.5,35.800000000000004,28.9,28.1,30.0,4.96,1.99,4.96,0.16,0.0,0.0,1027.0,8228.0,0.0,0.0,0.0,0.0,0.0,1.0,0.0,0.0,0.0,0.0,0.0,0.0,0.0,0.8,0.0,0.0,16.0,25903.0
2026-07-30T19:02:54.902Z,344.385,344.40000000000003,0.0,7.4,0.0,0.0,0.0,0.0,0.0,0.0,0.0,0.0,1.0,0.0,0.0,0.0,9.0,4.0,0.0,0.0,0.0,0.0,0.0,0.0,0.0,0.0,6.0,12.0,1.0,12.17,5.01,2.5,1.49,0.0,0.0,0.0,26.3,0.0,0.2,0.5,-0.7000000000000001,-169.60000000000002,0.0,0.0,169.60000000000002,0.0,21.8,29.0,29.0,29.6,300.0,300.0,31.5,35.800000000000004,28.9,28.1,30.0,4.95,1.99,4.96,0.16,0.0,0.0,1027.0,8228.0,0.0,0.0,0.0,0.0,0.0,1.0,0.0,0.0,0.0,0.0,0.0,0.0,0.0,0.8,0.0,0.0,16.0,25903.0
2026-07-30T19:02:54.914Z,344.397,344.41200000000003,0.0,7.4,0.0,0.0,0.0,0.0,0.0,0.0,0.0,0.0,1.0,0.0,0.0,0.0,9.0,4.0,0.0,0.0,0.0,0.0,0.0,0.0,0.0,0.0,1.0,12.0,1.0,12.17,5.01,2.5,1.49,0.0,0.0,0.0,26.3,0.0,-0.3,-0.6000000000000001,-0.2,-169.60000000000002,0.0,0.0,169.60000000000002,0.0,21.8,29.0,29.0,29.6,300.0,300.0,31.5,35.800000000000004,28.9,28.1,30.0,4.95,1.99,4.96,0.16,0.0,0.0,1027.0,8228.0,0.0,0.0,0.0,0.0,0.0,1.0,0.0,0.0,0.0,0.0,0.0,-0.8,0.0,0.0,0.0,0.0,16.0,25903.0
2026-07-30T19:02:54.926Z,344.409,344.42400000000004,0.0,7.4,0.0,0.0,0.0,0.0,0.0,0.0,0.0,0.0,1.0,0.0,0.0,0.0,9.0,4.0,0.0,0.0,0.0,0.0,0.0,0.0,0.0,0.0,2.0,12.0,1.0,12.17,5.01,2.5,1.49,0.0,0.0,0.0,26.1,0.0,0.2,-0.5,-0.7000000000000001,-169.60000000000002,0.0,0.0,169.60000000000002,0.0,21.8,29.0,29.0,29.6,300.0,300.0,31.5,35.800000000000004,28.9,28.1,30.0,4.95,2.0,4.96,0.16,0.0,0.0,1027.0,8228.0,0.0,0.0,0.0,0.0,0.0,1.0,0.0,0.0,0.0,0.0,0.0,-1.2000000000000002,0.0,0.5,0.0,0.0,16.0,25903.0
2026-07-30T19:02:54.939Z,344.422,344.43600000000004,0.0,7.4,0.0,0.0,0.0,0.0,0.0,0.0,0.0,0.0,1.0,0.0,0.0,0.0,9.0,4.0,0.0,0.0,0.0,0.0,0.0,0.0,0.0,0.0,4.0,12.0,1.0,12.17,5.0200000000000005,2.51,1.49,0.0,0.0,0.0,26.1,0.0,0.2,0.0,0.9,-169.60000000000002,0.0,0.0,169.60000000000002,0.0,21.200000000000003,29.0,29.0,29.6,300.0,300.0,31.6,35.800000000000004,28.9,28.1,29.9,4.95,1.99,4.97,0.16,0.0,0.0,1027.0,8228.0,0.0,0.0,0.0,0.0,0.0,1.0,0.0,0.0,0.0,0.0,0.0,0.6000000000000001,0.0,-0.8,0.0,0.0,16.0,25903.0
2026-07-30T19:02:54.950Z,344.433,344.448,0.0,7.4,0.0,0.0,0.0,0.0,0.0,0.0,0.0,0.0,1.0,0.0,0.0,0.0,9.0,4.0,0.0,0.0,0.0,0.0,0.0,0.0,0.0,0.0,5.0,12.0,1.0,12.17,5.0200000000000005,2.51,1.49,0.0,0.0,0.0,26.0,0.0,-0.3,1.1,-0.7000000000000001,-169.60000000000002,0.0,0.0,169.60000000000002,0.0,21.200000000000003,29.0,29.0,29.6,300.0,300.0,31.6,35.800000000000004,28.9,28.1,29.9,4.95,1.99,4.97,0.15,0.0,0.0,1027.0,8228.0,0.0,0.0,0.0,0.0,0.0,1.0,0.0,0.0,0.0,0.0,0.0,0.7000000000000001,0.0,0.9,0.0,0.0,16.0,25903.0
2026-07-30T19:02:54.962Z,344.445,344.46,0.0,7.4,0.0,0.0,0.0,0.0,0.0,0.0,0.0,0.0,1.0,0.0,0.0,0.0,9.0,4.0,0.0,0.0,0.0,0.0,0.0,0.0,0.0,0.0,1.0,12.0,1.0,12.17,5.0200000000000005,2.51,1.49,0.0,0.0,0.0,25.9,0.0,-0.9,-0.5,-0.7000000000000001,-169.60000000000002,0.0,0.0,169.60000000000002,0.0,21.200000000000003,29.0,29.0,29.6,300.0,300.0,31.6,35.800000000000004,28.9,28.1,29.9,4.96,1.99,4.96,0.15,0.0,0.0,1027.0,8228.0,0.0,0.0,0.0,0.0,0.0,1.0,0.0,0.0,0.0,0.0,0.0,-1.1,0.0,0.5,0.0,0.0,16.0,25903.0
2026-07-30T19:02:54.974Z,344.457,344.472,0.0,7.4,0.0,0.0,0.0,0.0,0.0,0.0,0.0,0.0,1.0,0.0,0.0,0.0,9.0,4.0,0.0,0.0,0.0,0.0,0.0,0.0,0.0,0.0,3.0,12.0,1.0,12.17,5.0200000000000005,2.51,1.49,0.0,0.0,0.0,25.9,0.0,-0.9,0.0,-0.1,-169.60000000000002,0.0,0.0,169.60000000000002,0.0,21.200000000000003,29.0,29.0,29.6,300.0,300.0,31.6,35.800000000000004,28.9,28.1,29.9,4.95,1.99,4.96,0.15,0.0,0.0,1027.0,8228.0,0.0,0.0,0.0,0.0,0.0,1.0,0.0,0.0,0.0,0.0,0.0,0.0,0.0,0.1,0.0,0.0,16.0,25903.0
2026-07-30T19:02:54.986Z,344.469,344.484,0.0,7.4,0.0,0.0,0.0,0.0,0.0,0.0,0.0,0.0,1.0,0.0,0.0,0.0,9.0,4.0,0.0,0.0,0.0,0.0,0.0,0.0,0.0,0.0,4.0,12.0,1.0,12.17,5.0200000000000005,2.51,1.49,0.0,0.0,0.0,25.8,0.0,-0.3,0.0,-0.7000000000000001,-169.60000000000002,0.0,0.0,169.60000000000002,0.0,21.200000000000003,29.0,29.0,29.6,300.0,300.0,31.6,35.800000000000004,28.9,28.1,29.9,4.95,1.99,4.96,0.16,0.0,0.0,1027.0,8228.0,0.0,0.0,0.0,0.0,0.0,1.0,0.0,0.0,0.0,0.0,0.0,-0.5,0.0,0.6000000000000001,0.0,0.0,16.0,25903.0
2026-07-30T19:02:54.998Z,344.481,344.496,0.0,7.4,0.0,0.0,0.0,0.0,0.0,0.0,0.0,0.0,1.0,0.0,0.0,0.0,9.0,4.0,0.0,0.0,0.0,0.0,0.0,0.0,0.0,0.0,6.0,12.0,1.0,12.17,5.0200000000000005,2.51,1.49,0.0,0.0,0.0,25.700000000000003,0.0,0.2,1.2000000000000002,1.6,-169.60000000000002,0.0,0.0,169.60000000000002,0.0,21.200000000000003,29.0,29.0,29.6,300.0,300.0,31.6,35.800000000000004,28.9,28.1,29.9,4.95,1.99,4.96,0.16,0.0,0.0,1027.0,8228.0,0.0,0.0,0.0,0.0,0.0,1.0,0.0,0.0,0.0,0.0,0.0,2.6,0.0,-1.1,0.0,0.0,16.0,25903.0
2026-07-30T19:02:55.010Z,344.493,344.508,0.0,7.4,0.0,0.0,0.0,0.0,0.0,0.0,0.0,0.0,1.0,0.0,0.0,0.0,9.0,4.0,0.0,0.0,0.0,0.0,0.0,0.0,0.0,0.0,1.0,12.0,1.0,12.17,5.0200000000000005,2.51,1.49,0.0,0.0,0.0,25.6,0.0,-0.3,-1.0,-0.7000000000000001,-169.60000000000002,0.0,0.0,169.60000000000002,0.0,21.200000000000003,29.0,29.0,29.6,300.0,300.0,31.6,35.800000000000004,28.9,28.1,29.9,4.96,1.99,4.96,0.16,0.0,0.0,1027.0,8228.0,0.0,0.0,0.0,0.0,0.0,1.0,0.0,0.0,0.0,0.0,0.0,-1.7000000000000002,0.0,0.4,0.0,0.0,16.0,25903.0
2026-07-30T19:02:55.022Z,344.505,344.52,0.0,7.4,0.0,0.0,0.0,0.0,0.0,0.0,0.0,0.0,1.0,0.0,0.0,0.0,9.0,4.0,0.0,0.0,0.0,0.0,0.0,0.0,0.0,0.0,3.0,12.0,1.0,12.17,5.0200000000000005,2.51,1.49,0.0,0.0,0.0,25.6,0.0,-0.3,-1.0,-0.1,-169.60000000000002,0.0,0.0,169.60000000000002,0.0,21.200000000000003,29.0,29.0,29.6,300.0,300.0,31.6,35.800000000000004,28.9,28.1,29.9,4.95,1.99,4.97,0.16,0.0,0.0,1027.0,8228.0,0.0,0.0,0.0,0.0,0.0,1.0,0.0,0.0,0.0,0.0,0.0,-1.2000000000000002,0.0,-0.1,0.0,0.0,16.0,25903.0
2026-07-30T19:02:55.034Z,344.517,344.532,0.0,7.4,0.0,0.0,0.0,0.0,0.0,0.0,0.0,0.0,1.0,0.0,0.0,0.0,9.0,4.0,0.0,0.0,0.0,0.0,0.0,0.0,0.0,0.0,4.0,12.0,1.0,12.17,5.0200000000000005,2.51,1.49,0.0,0.0,0.0,25.5,0.0,-0.3,0.1,0.3,-169.60000000000002,0.0,0.0,169.60000000000002,0.0,21.200000000000003,29.0,29.0,29.6,300.0,300.0,31.6,35.800000000000004,28.9,28.1,29.9,4.95,1.99,4.96,0.16,0.0,0.0,1027.0,8228.0,0.0,0.0,0.0,0.0,0.0,1.0,0.0,0.0,0.0,0.0,0.0,0.4,0.0,-0.2,0.0,0.0,16.0,25903.0
2026-07-30T19:02:55.046Z,344.529,344.544,0.0,7.4,0.0,0.0,0.0,0.0,0.0,0.0,0.0,0.0,1.0,0.0,0.0,0.0,9.0,4.0,0.0,0.0,0.0,0.0,0.0,0.0,0.0,0.0,6.0,12.0,1.0,12.18,5.0200000000000005,2.51,1.49,0.0,0.1,0.0,25.6,0.0,0.2,1.2000000000000002,-0.1,-169.60000000000002,0.0,0.0,169.70000000000002,0.0,21.700000000000003,29.0,29.0,29.6,300.0,300.0,31.9,35.800000000000004,28.9,28.1,30.0,4.96,1.99,4.96,0.16,0.0,0.0,1027.0,8228.0,0.0,0.0,0.0,0.0,0.0,1.0,0.0,0.0,0.0,0.0,0.0,1.3,0.0,0.4,0.0,0.0,16.0,25903.0
2026-07-30T19:02:55.058Z,344.541,344.556,0.0,7.4,0.0,0.0,0.0,0.0,0.0,0.0,0.0,0.0,1.0,0.0,0.0,0.0,9.0,4.0,0.0,0.0,0.0,0.0,0.0,0.0,0.0,0.0,1.0,12.0,1.0,12.18,5.0200000000000005,2.51,1.49,0.0,0.0,0.0,26.3,0.0,0.8,-0.4,1.5,-169.60000000000002,0.0,0.0,169.60000000000002,0.0,21.700000000000003,29.0,29.0,29.6,300.0,300.0,31.9,35.800000000000004,28.9,28.1,30.0,4.95,1.99,4.97,0.16,0.0,0.0,1027.0,8228.0,0.0,0.0,0.0,0.0,0.0,1.0,0.0,0.0,0.0,0.0,0.0,0.6000000000000001,0.0,-1.4,0.0,0.0,16.0,25903.0
2026-07-30T19:02:55.070Z,344.553,344.568,0.0,7.4,0.0,0.0,0.0,0.0,0.0,0.0,0.0,0.0,1.0,0.0,0.0,0.0,9.0,4.0,0.0,0.0,0.0,0.0,0.0,0.0,0.0,0.0,3.0,12.0,1.0,12.18,5.0200000000000005,2.51,1.49,0.0,0.1,0.0,27.1,0.0,0.2,-1.0,-1.3,-169.60000000000002,0.0,0.0,169.60000000000002,0.0,21.700000000000003,29.0,29.0,29.6,300.0,300.0,31.9,35.800000000000004,28.9,28.1,30.0,4.96,1.99,4.96,0.16,0.0,0.0,1027.0,8228.0,0.0,0.0,0.0,0.0,0.0,1.0,0.0,0.0,0.0,0.0,0.0,-2.1,0.0,0.9,0.0,0.0,16.0,25903.0
2026-07-30T19:02:55.082Z,344.565,344.58,0.0,7.4,0.0,0.0,0.0,0.0,0.0,0.0,0.0,0.0,1.0,0.0,0.0,0.0,9.0,4.0,0.0,0.0,0.0,0.0,0.0,0.0,0.0,0.0,4.0,12.0,1.0,12.18,5.0200000000000005,2.51,1.49,0.0,0.0,0.0,27.8,0.0,0.2,-0.4,-1.8,-169.60000000000002,0.0,0.0,169.60000000000002,0.0,21.700000000000003,29.0,29.0,29.6,300.0,300.0,31.9,35.800000000000004,28.9,28.1,30.0,4.96,1.99,4.97,0.16,0.0,0.0,1027.0,8228.0,0.0,0.0,0.0,0.0,0.0,1.0,0.0,0.0,0.0,0.0,0.0,-1.8,0.0,1.5,0.0,0.0,16.0,25903.0
2026-07-30T19:02:55.094Z,344.577,344.592,0.0,7.4,0.0,0.0,0.0,0.0,0.0,0.0,0.0,0.0,1.0,0.0,0.0,0.0,9.0,4.0,0.0,0.0,0.0,0.0,0.0,0.0,0.0,0.0,5.0,12.0,1.0,12.18,5.0200000000000005,2.51,1.49,0.0,0.0,0.0,28.6,0.0,-0.3,1.3,-0.7000000000000001,-169.60000000000002,0.0,0.0,169.60000000000002,0.0,21.700000000000003,29.0,29.0,29.6,300.0,300.0,31.9,35.800000000000004,28.9,28.1,30.0,4.95,1.99,4.97,0.16,0.0,0.0,1027.0,8228.0,0.0,0.0,0.0,0.0,0.0,1.0,0.0,0.0,0.0,0.0,0.0,0.9,0.0,0.9,0.0,0.0,16.0,25903.0
2026-07-30T19:02:55.106Z,344.589,344.604,0.0,7.4,0.0,0.0,0.0,0.0,0.0,0.0,0.0,0.0,1.0,0.0,0.0,0.0,9.0,4.0,0.0,0.0,0.0,0.0,0.0,0.0,0.0,0.0,6.0,12.0,1.0,12.18,5.0200000000000005,2.51,1.49,0.0,0.0,0.0,29.3,0.0,0.2,0.7000000000000001,0.9,-169.60000000000002,0.0,0.0,169.60000000000002,0.0,21.700000000000003,29.0,29.0,29.6,300.0,300.0,31.9,35.800000000000004,28.9,28.1,30.0,4.96,1.99,4.97,0.16,0.0,0.0,1027.0,8228.0,0.0,0.0,0.0,0.0,0.0,1.0,0.0,0.0,0.0,0.0,0.0,1.5,0.0,-0.7000000000000001,0.0,0.0,16.0,25903.0
2026-07-30T19:02:55.118Z,344.601,344.616,0.0,7.4,0.0,0.0,0.0,0.0,0.0,0.0,0.0,0.0,1.0,0.0,0.0,0.0,9.0,4.0,0.0,0.0,0.0,0.0,0.0,0.0,0.0,0.0,1.0,12.0,1.0,12.18,5.0200000000000005,2.51,1.49,0.0,0.0,0.0,30.0,0.0,-0.3,-0.4,0.3,-169.60000000000002,0.0,0.0,169.60000000000002,0.0,21.700000000000003,29.0,29.0,29.6,300.0,300.0,31.9,35.800000000000004,28.9,28.1,30.0,4.96,1.99,4.96,0.16,0.0,0.0,1027.0,8228.0,0.0,0.0,0.0,0.0,0.0,1.0,0.0,0.0,0.0,0.0,0.0,-0.2,0.0,-0.4,0.0,0.0,16.0,25903.0
2026-07-30T19:02:55.130Z,344.613,344.628,0.0,7.4,0.0,0.0,0.0,0.0,0.0,0.0,0.0,0.0,1.0,0.0,0.0,0.0,9.0,4.0,0.0,0.0,0.0,0.0,0.0,0.0,0.0,0.0,1.0,12.0,1.0,12.18,5.0200000000000005,2.51,1.49,0.0,0.0,0.0,30.8,0.0,0.2,0.0,-1.3,-169.60000000000002,0.0,0.0,169.60000000000002,0.0,21.700000000000003,29.0,29.0,29.6,300.0,300.0,31.9,35.800000000000004,28.9,28.1,30.0,4.96,1.99,4.97,0.16,0.0,0.0,1027.0,8228.0,0.0,0.0,0.0,0.0,0.0,1.0,0.0,0.0,0.0,0.0,0.0,-0.9,0.0,1.2000000000000002,0.0,0.0,16.0,25903.0
2026-07-30T19:02:55.143Z,344.626,344.64,0.0,7.4,0.0,0.0,0.0,0.0,0.0,0.0,0.0,0.0,1.0,0.0,0.0,0.0,9.0,4.0,0.0,0.0,0.0,0.0,0.0,0.0,0.0,0.0,3.0,12.0,1.0,12.18,5.01,2.5,1.49,0.0,0.1,0.0,31.5,0.0,-0.3,-0.5,-0.8,-169.60000000000002,0.0,0.0,169.60000000000002,0.0,21.4,29.0,29.0,29.6,300.0,300.0,31.8,35.800000000000004,28.9,28.1,29.9,4.95,1.99,4.97,0.16,0.0,0.0,1027.0,8228.0,0.0,0.0,0.0,0.0,0.0,1.0,0.0,0.0,0.0,0.0,0.0,-1.2000000000000002,0.0,0.5,0.0,0.0,16.0,25903.0
2026-07-30T19:02:55.154Z,344.637,344.652,0.0,7.4,0.0,0.0,0.0,0.0,0.0,0.0,0.0,0.0,1.0,0.0,0.0,0.0,9.0,4.0,0.0,0.0,0.0,0.0,0.0,0.0,0.0,0.0,4.0,12.0,1.0,12.18,5.01,2.5,1.49,0.0,0.0,0.0,32.2,0.0,0.2,-0.5,-0.2,-169.60000000000002,0.0,0.0,169.60000000000002,0.0,21.4,29.0,29.0,29.6,300.0,300.0,31.8,35.800000000000004,28.9,28.1,29.9,4.95,1.99,4.96,0.16,0.0,0.0,1027.0,8228.0,0.0,0.0,0.0,0.0,0.0,1.0,0.0,0.0,0.0,0.0,0.0,-0.7000000000000001,0.0,0.0,0.0,0.0,16.0,25903.0
2026-07-30T19:02:55.166Z,344.649,344.664,0.0,7.4,0.0,0.0,0.0,0.0,0.0,0.0,0.0,0.0,1.0,0.0,0.0,0.0,9.0,4.0,0.0,0.0,0.0,0.0,0.0,0.0,0.0,0.0,6.0,12.0,1.0,12.18,5.01,2.5,1.49,0.0,0.0,0.0,33.0,0.0,-0.9,-0.5,-0.1,-169.60000000000002,0.0,0.0,169.60000000000002,0.0,21.4,29.0,29.0,29.6,300.0,300.0,31.8,35.800000000000004,28.9,28.1,29.9,4.95,2.0,4.96,0.16,0.0,0.0,1027.0,8228.0,0.0,0.0,0.0,0.0,0.0,1.0,0.0,0.0,0.0,0.0,0.0,-0.7000000000000001,0.0,0.0,0.0,0.0,16.0,25903.0
2026-07-30T19:02:55.178Z,344.661,344.676,0.0,7.4,0.0,0.0,0.0,0.0,0.0,0.0,0.0,0.0,1.0,0.0,0.0,0.0,9.0,4.0,0.0,0.0,0.0,0.0,0.0,0.0,0.0,0.0,1.0,12.0,1.0,12.18,5.01,2.5,1.49,0.0,0.0,0.0,33.7,0.0,-0.3,1.2000000000000002,0.9,-169.60000000000002,0.0,0.0,169.60000000000002,0.0,21.4,29.0,29.0,29.6,300.0,300.0,31.8,35.800000000000004,28.9,28.1,29.9,4.95,1.99,4.97,0.16,0.0,0.0,1027.0,8228.0,0.0,0.0,0.0,0.0,0.0,1.0,0.0,0.0,0.0,0.0,0.0,0.5,0.0,0.3,0.0,0.0,16.0,25903.0
2026-07-30T19:02:55.190Z,344.673,344.688,0.0,7.4,0.0,0.0,0.0,0.0,0.0,0.0,0.0,0.0,1.0,0.0,0.0,0.0,9.0,4.0,0.0,0.0,0.0,0.0,0.0,0.0,0.0,0.0,3.0,12.0,1.0,12.18,5.01,2.5,1.49,0.0,0.1,0.0,34.4,0.0,-0.3,0.0,-1.3,-169.60000000000002,0.0,0.0,169.60000000000002,0.0,21.4,29.0,29.0,29.6,300.0,300.0,31.8,35.800000000000004,28.9,28.1,29.9,4.95,2.0,4.97,0.16,0.0,0.0,1027.0,8228.0,0.0,0.0,0.0,0.0,0.0,1.0,0.0,0.0,0.0,0.0,0.0,-0.9,0.0,1.1,0.0,0.0,16.0,25903.0
2026-07-30T19:02:55.202Z,344.685,344.7,0.0,7.4,0.0,0.0,0.0,0.0,0.0,0.0,0.0,0.0,1.0,0.0,0.0,0.0,9.0,4.0,0.0,0.0,0.0,0.0,0.0,0.0,0.0,0.0,4.0,12.0,1.0,12.18,5.01,2.5,1.49,0.0,0.1,0.0,35.1,0.0,-0.3,-1.1,-1.4,-169.60000000000002,0.0,0.0,169.60000000000002,0.0,21.4,29.0,29.0,29.6,300.0,300.0,31.8,35.800000000000004,28.9,28.1,29.9,4.96,2.0,4.96,0.16,0.0,0.0,1027.0,8228.0,0.0,0.0,0.0,0.0,0.0,1.0,0.0,0.0,0.0,0.0,0.0,-2.3000000000000003,0.0,1.0,0.0,0.0,16.0,25903.0
2026-07-30T19:02:55.214Z,344.697,344.712,0.0,7.4,0.0,0.0,0.0,0.0,0.0,0.0,0.0,0.0,1.0,0.0,0.0,0.0,9.0,4.0,0.0,0.0,0.0,0.0,0.0,0.0,0.0,0.0,5.0,12.0,1.0,12.18,5.01,2.5,1.49,0.0,0.0,0.0,35.800000000000004,0.0,0.1,0.0,0.8,-169.60000000000002,0.0,0.0,169.5,0.0,21.4,29.0,29.0,29.6,300.0,300.0,31.8,35.800000000000004,28.9,28.1,29.9,4.95,1.99,4.97,0.16,0.0,0.0,1027.0,8228.0,0.0,0.0,0.0,0.0,0.0,1.0,0.0,0.0,0.0,0.0,0.0,0.7000000000000001,0.0,-0.7000000000000001,0.0,0.0001,16.0,25903.0
2026-07-30T19:02:55.226Z,344.709,344.724,0.0,7.4,0.0,0.0,0.0,0.0,0.0,0.0,0.0,0.0,1.0,0.0,0.0,0.0,9.0,4.0,0.0,0.0,0.0,0.0,0.0,0.0,0.0,0.0,6.0,12.0,1.0,12.18,5.01,2.5,1.49,0.0,0.0,0.0,36.5,0.0,-0.3,0.0,-0.2,-169.60000000000002,0.0,0.0,169.70000000000002,0.0,21.4,29.0,29.0,29.6,300.0,300.0,31.8,35.800000000000004,28.9,28.1,29.9,4.95,1.99,4.96,0.16,0.0,0.0,1027.0,8228.0,0.0,0.0,0.0,0.0,0.0,1.0,0.0,0.0,0.0,0.0,0.0,0.4,0.0,0.3,0.0,0.0001,16.0,25903.0
2026-07-30T19:02:55.238Z,344.721,344.736,0.0,7.4,0.0,0.0,0.0,0.0,0.0,0.0,0.0,0.0,1.0,0.0,0.0,0.0,9.0,4.0,0.0,0.0,0.0,0.0,0.0,0.0,0.0,0.0,1.0,12.0,1.0,12.18,5.01,2.5,1.49,0.0,0.0,0.0,37.2,0.0,-0.3,0.0,0.3,-169.60000000000002,0.0,0.0,169.60000000000002,0.0,21.4,29.0,29.0,29.6,300.0,300.0,31.8,35.800000000000004,28.9,28.1,29.9,4.96,1.99,4.96,0.16,0.0,0.0,1027.0,8228.0,0.0,0.0,0.0,0.0,0.0,1.0,0.0,0.0,0.0,0.0,0.0,-0.5,0.0,0.7000000000000001,0.0,0.0002,16.0,25903.0
2026-07-30T19:02:55.250Z,344.733,344.748,0.0,7.4,0.0,0.0,0.0,0.0,0.0,0.0,0.0,0.0,1.0,0.0,0.0,0.0,9.0,4.0,0.0,0.0,0.0,0.0,0.0,0.0,0.0,0.0,3.0,12.0,1.0,12.17,5.01,2.51,1.49,0.0,0.0,0.0,38.0,0.0,0.8,0.1,-0.2,-169.60000000000002,0.0,0.0,169.60000000000002,0.0,21.700000000000003,29.0,29.0,29.6,300.0,300.0,31.6,35.800000000000004,28.9,28.1,29.9,4.95,1.99,4.96,0.17,0.0,0.0,1027.0,8228.0,0.0,0.0,0.0,0.0,0.0,1.0,0.0,0.0,0.0,0.0,0.0,0.3,0.0,-0.2,0.0,0.0001,16.0,25903.0
2026-07-30T19:02:55.262Z,344.745,344.76,0.0,7.4,0.0,0.0,0.0,0.0,0.0,0.0,0.0,0.0,1.0,0.0,0.0,0.0,9.0,4.0,0.0,0.0,0.0,0.0,0.0,0.0,0.0,0.0,4.0,12.0,1.0,12.17,5.01,2.51,1.49,0.0,0.1,0.0,38.7,0.0,-0.3,-1.6,-0.2,-169.60000000000002,0.0,0.0,169.60000000000002,0.0,21.700000000000003,29.0,29.0,29.6,300.0,300.0,31.6,35.800000000000004,28.9,28.1,29.9,4.96,1.99,4.97,0.17,0.0,0.0,1027.0,8228.0,0.0,0.0,0.0,0.0,0.0,1.0,0.0,0.0,0.0,0.0,0.0,-1.3,0.0,0.0,0.0,0.0,16.0,25903.0
2026-07-30T19:02:55.274Z,344.757,344.772,0.0,7.4,0.0,0.0,0.0,0.0,0.0,0.0,0.0,0.0,1.0,0.0,0.0,0.0,9.0,4.0,0.0,0.0,0.0,0.0,0.0,0.0,0.0,0.0,5.0,12.0,1.0,12.17,5.01,2.51,1.49,0.0,0.0,0.0,39.400000000000006,0.0,-0.9,0.6000000000000001,-0.2,-169.60000000000002,0.0,0.0,169.60000000000002,0.0,21.700000000000003,29.0,29.0,29.6,300.0,300.0,31.6,35.800000000000004,28.9,28.1,29.9,4.96,1.99,4.96,0.16,0.0,0.0,1027.0,8228.0,0.0,0.0,0.0,0.0,0.0,1.0,0.0,0.0,0.0,0.0,0.0,0.5,0.0,0.4,0.0,0.0,16.0,25903.0
2026-07-30T19:02:55.286Z,344.769,344.784,0.0,7.4,0.0,0.0,0.0,0.0,0.0,0.0,0.0,0.0,1.0,0.0,0.0,0.0,9.0,4.0,0.0,0.0,0.0,0.0,0.0,0.0,0.0,0.0,1.0,12.0,1.0,12.17,5.01,2.51,1.49,0.0,0.0,0.0,40.1,0.0,0.2,1.2000000000000002,-0.2,-169.60000000000002,0.0,0.0,169.60000000000002,0.0,21.700000000000003,29.0,29.0,29.6,300.0,300.0,31.6,35.800000000000004,28.9,28.1,29.9,4.96,1.99,4.96,0.16,0.0,0.0,1027.0,8228.0,0.0,0.0,0.0,0.0,0.0,1.0,0.0,0.0,0.0,0.0,0.0,1.2000000000000002,0.0,0.5,0.0,0.0,16.0,25903.0
2026-07-30T19:02:55.298Z,344.781,344.796,0.0,7.4,0.0,0.0,0.0,0.0,0.0,0.0,0.0,0.0,1.0,0.0,0.0,0.0,9.0,4.0,0.0,0.0,0.0,0.0,0.0,0.0,0.0,0.0,2.0,12.0,1.0,12.17,5.01,2.51,1.49,0.0,0.0,0.0,40.8,0.0,-0.8,0.6000000000000001,-0.8,-169.60000000000002,0.0,0.0,169.60000000000002,0.0,21.700000000000003,29.0,29.0,29.6,300.0,300.0,31.6,35.800000000000004,28.9,28.1,29.9,4.95,1.99,4.97,0.16,0.0,0.0,1027.0,8228.0,0.0,0.0,0.0,0.0,0.0,1.0,0.0,0.0,0.0,0.0,0.0,0.1,0.0,0.8,0.0,0.0,16.0,25903.0
2026-07-30T19:02:55.310Z,344.793,344.808,0.0,7.4,0.0,0.0,0.0,0.0,0.0,0.0,0.0,0.0,1.0,0.0,0.0,0.0,9.0,4.0,0.0,0.0,0.0,0.0,0.0,0.0,0.0,0.0,3.0,12.0,1.0,12.17,5.01,2.51,1.49,0.0,0.0,0.0,40.7,0.0,0.2,-0.4,0.9,-169.60000000000002,0.0,0.0,169.60000000000002,0.0,21.700000000000003,29.0,29.0,29.6,300.0,300.0,31.6,35.800000000000004,28.9,28.1,29.9,4.96,2.0,4.96,0.16,0.0,0.0,1027.0,8228.0,0.0,0.0,0.0,0.0,0.0,1.0,0.0,0.0,0.0,0.0,0.0,0.1,0.0,-0.8,0.0,0.0,16.0,25903.0
2026-07-30T19:02:55.322Z,344.805,344.82,0.0,7.4,0.0,0.0,0.0,0.0,0.0,0.0,0.0,0.0,1.0,0.0,0.0,0.0,9.0,4.0,0.0,0.0,0.0,0.0,0.0,0.0,0.0,0.0,5.0,12.0,1.0,12.17,5.01,2.51,1.49,0.0,0.0,0.0,40.5,0.0,-0.3,0.1,-0.8,-169.60000000000002,0.0,0.0,169.5,0.0,21.700000000000003,29.0,29.0,29.6,300.0,300.0,31.6,35.800000000000004,28.9,28.1,29.9,4.96,1.99,4.96,0.16,0.0,0.0,1027.0,8228.0,0.0,0.0,0.0,0.0,0.0,1.0,0.0,0.0,0.0,0.0,0.0,-0.4,0.0,0.7000000000000001,0.0,0.0,16.0,25903.0
2026-07-30T19:02:55.334Z,344.817,344.832,0.0,7.4,0.0,0.0,0.0,0.0,0.0,0.0,0.0,0.0,1.0,0.0,0.0,0.0,9.0,4.0,0.0,0.0,0.0,0.0,0.0,0.0,0.0,0.0,6.0,12.0,1.0,12.17,5.01,2.51,1.49,0.0,0.0,0.0,40.2,0.0,0.2,1.8,0.9,-169.60000000000002,0.0,0.0,169.60000000000002,0.0,21.700000000000003,29.0,29.0,29.6,300.0,300.0,31.6,35.800000000000004,28.9,28.1,29.9,4.95,1.99,4.96,0.16,0.0,0.0,1027.0,8228.0,0.0,0.0,0.0,0.0,0.0,1.0,0.0,0.0,0.0,0.0,0.0,2.8000000000000003,0.0,-0.4,0.0,0.0001,16.0,25903.0
2026-07-30T19:02:55.347Z,344.83,344.844,0.0,7.4,0.0,0.0,0.0,0.0,0.0,0.0,0.0,0.0,1.0,0.0,0.0,0.0,9.0,4.0,0.0,0.0,0.0,0.0,0.0,0.0,0.0,0.0,1.0,12.0,1.0,12.17,5.01,2.51,1.49,0.0,0.0,0.0,39.900000000000006,0.0,-0.3,-1.0,0.3,-169.60000000000002,0.0,0.0,169.60000000000002,0.0,21.4,29.0,29.0,29.6,300.0,300.0,31.6,35.800000000000004,28.9,28.1,29.9,4.95,1.99,4.97,0.16,0.0,0.0,1027.0,8228.0,0.0,0.0,0.0,0.0,0.0,1.0,0.0,0.0,0.0,0.0,0.0,-0.9,0.0,-0.5,0.0,0.0001,16.0,25903.0
2026-07-30T19:02:55.358Z,344.841,344.856,0.0,7.4,0.0,0.0,0.0,0.0,0.0,0.0,0.0,0.0,1.0,0.0,0.0,0.0,9.0,4.0,0.0,0.0,0.0,0.0,0.0,0.0,0.0,0.0,2.0,12.0,1.0,12.17,5.01,2.51,1.49,0.0,0.0,0.0,39.6,0.0,-0.3,-0.4,0.3,-169.60000000000002,0.0,0.0,169.60000000000002,0.0,21.4,29.0,29.0,29.6,300.0,300.0,31.6,35.800000000000004,28.9,28.1,29.9,4.96,2.0,4.96,0.16,0.0,0.0,1027.0,8228.0,0.0,0.0,0.0,0.0,0.0,1.0,0.0,0.0,0.0,0.0,0.0,-0.2,0.0,-0.4,0.0,0.0,16.0,25903.0
2026-07-30T19:02:55.370Z,344.853,344.868,0.0,7.4,0.0,0.0,0.0,0.0,0.0,0.0,0.0,0.0,1.0,0.0,0.0,0.0,9.0,4.0,0.0,0.0,0.0,0.0,0.0,0.0,0.0,0.0,3.0,12.0,1.0,12.17,5.01,2.51,1.49,0.0,0.1,0.0,39.3,0.0,-1.4,0.1,-0.2,-169.60000000000002,0.0,0.0,169.60000000000002,0.0,21.4,29.0,29.0,29.6,300.0,300.0,31.6,35.800000000000004,28.9,28.1,29.9,4.96,1.99,4.97,0.15,0.0,0.0,1027.0,8228.0,0.0,0.0,0.0,0.0,0.0,1.0,0.0,0.0,0.0,0.0,0.0,0.0,0.0,0.2,0.0,0.0,16.0,25903.0
2026-07-30T19:02:55.382Z,344.865,344.88,0.0,7.4,0.0,0.0,0.0,0.0,0.0,0.0,0.0,0.0,1.0,0.0,0.0,0.0,9.0,4.0,0.0,0.0,0.0,0.0,0.0,0.0,0.0,0.0,4.0,12.0,1.0,12.17,5.01,2.51,1.49,0.0,0.0,0.0,39.0,0.0,0.2,-0.4,-0.7000000000000001,-169.60000000000002,0.0,0.0,169.60000000000002,0.0,21.4,29.0,29.0,29.6,300.0,300.0,31.6,35.800000000000004,28.9,28.1,29.9,4.95,1.98,4.97,0.16,0.0,0.0,1027.0,8228.0,0.0,0.0,0.0,0.0,0.0,1.0,0.0,0.0,0.0,0.0,0.0,-1.1,0.0,0.6000000000000001,0.0,0.0,16.0,25903.0
2026-07-30T19:02:55.394Z,344.877,344.892,0.0,7.4,0.0,0.0,0.0,0.0,0.0,0.0,0.0,0.0,1.0,0.0,0.0,0.0,9.0,4.0,0.0,0.0,0.0,0.0,0.0,0.0,0.0,0.0,6.0,12.0,1.0,12.17,5.01,2.51,1.49,0.0,0.0,0.0,38.7,0.0,0.8,0.1,1.6,-169.60000000000002,0.0,0.0,169.60000000000002,0.0,21.4,29.0,29.0,29.6,300.0,300.0,31.6,35.800000000000004,28.9,28.1,29.9,4.96,1.98,4.97,0.16,0.0,0.0,1027.0,8228.0,0.0,0.0,0.0,0.0,0.0,1.0,0.0,0.0,0.0,0.0,0.0,1.3,0.0,-1.3,0.0,0.0,16.0,25903.0
2026-07-30T19:02:55.406Z,344.889,344.904,0.0,7.4,0.0,0.0,0.0,0.0,0.0,0.0,0.0,0.0,1.0,0.0,0.0,0.0,9.0,4.0,0.0,0.0,0.0,0.0,0.0,0.0,0.0,0.0,1.0,12.0,1.0,12.17,5.01,2.51,1.49,0.0,0.0,0.0,38.400000000000006,0.0,-0.3,0.1,-0.7000000000000001,-169.60000000000002,0.0,0.0,169.60000000000002,0.0,21.4,29.0,29.0,29.6,300.0,300.0,31.6,35.800000000000004,28.9,28.1,29.9,4.95,2.0,4.96,0.16,0.0,0.0,1027.0,8228.0,0.0,0.0,0.0,0.0,0.0,1.0,0.0,0.0,0.0,0.0,0.0,-0.4,0.0,0.6000000000000001,0.0,0.0,16.0,25903.0
2026-07-30T19:02:55.418Z,344.901,344.916,0.0,7.4,0.0,0.0,0.0,0.0,0.0,0.0,0.0,0.0,1.0,0.0,0.0,0.0,9.0,4.0,0.0,0.0,0.0,0.0,0.0,0.0,0.0,0.0,2.0,12.0,1.0,12.17,5.01,2.51,1.49,0.0,0.0,0.0,38.1,0.0,-0.9,0.0,0.4,-169.60000000000002,0.0,0.0,169.70000000000002,0.0,21.4,29.0,29.0,29.6,300.0,300.0,31.6,35.800000000000004,28.9,28.1,29.9,4.95,1.99,4.97,0.16,0.0,0.0,1027.0,8228.0,0.0,0.0,0.0,0.0,0.0,1.0,0.0,0.0,0.0,0.0,0.0,0.4,0.0,-0.4,0.0,0.0,16.0,25903.0
2026-07-30T19:02:55.429Z,344.912,344.928,0.0,7.4,0.0,0.0,0.0,0.0,0.0,0.0,0.0,0.0,1.0,0.0,0.0,0.0,9.0,4.0,0.0,0.0,0.0,0.0,0.0,0.0,0.0,0.0,3.0,12.0,1.0,12.17,5.01,2.51,1.49,0.0,0.0,0.0,37.9,0.0,-0.3,-0.5,0.4,-169.60000000000002,0.0,0.0,169.60000000000002,0.0,21.4,29.0,29.0,29.6,300.0,300.0,31.6,35.800000000000004,28.9,28.1,29.9,4.95,1.99,4.97,0.16,0.0,0.0,1027.0,8228.0,0.0,0.0,0.0,0.0,0.0,1.0,0.0,0.0,0.0,0.0,0.0,-0.2,0.0,-0.5,0.0,0.0,16.0,25903.0
2026-07-30T19:02:55.442Z,344.925,344.94,0.0,7.4,0.0,0.0,0.0,0.0,0.0,0.0,0.0,0.0,1.0,0.0,0.0,0.0,9.0,4.0,0.0,0.0,0.0,0.0,0.0,0.0,0.0,0.0,5.0,12.0,1.0,12.17,5.01,2.51,1.49,0.0,0.0,0.0,37.5,0.0,0.2,-1.0,-0.7000000000000001,-169.60000000000002,0.0,0.0,169.60000000000002,0.0,21.4,29.0,29.0,29.6,300.0,300.0,31.6,35.800000000000004,28.9,28.1,29.9,4.96,1.99,4.96,0.16,0.0,0.0,1027.0,8228.0,0.0,0.0,0.0,0.0,0.0,1.0,0.0,0.0,0.0,0.0,0.0,-1.7000000000000002,0.0,0.4,0.0,0.0,16.0,25903.0
2026-07-30T19:02:55.453Z,344.936,344.952,0.0,7.4,0.0,0.0,0.0,0.0,0.0,0.0,0.0,0.0,1.0,0.0,0.0,0.0,9.0,4.0,0.0,0.0,0.0,0.0,0.0,0.0,0.0,0.0,6.0,12.0,1.0,12.18,5.0200000000000005,2.51,1.5,0.0,0.0,0.0,37.4,0.0,0.8,-0.5,-0.1,-169.60000000000002,0.0,0.0,169.60000000000002,0.0,21.4,29.0,29.0,29.6,300.0,300.0,31.700000000000003,35.800000000000004,28.9,28.1,29.9,4.95,1.99,4.97,0.16,0.0,0.0,1027.0,8228.0,0.0,0.0,0.0,0.0,0.0,1.0,0.0,0.0,0.0,0.0,0.0,-0.7000000000000001,0.0,0.0,0.0,0.0,16.0,25903.0
2026-07-30T19:02:55.466Z,344.949,344.964,0.0,7.4,0.0,0.0,0.0,0.0,0.0,0.0,0.0,0.0,1.0,0.0,0.0,0.0,9.0,4.0,0.0,0.0,0.0,0.0,0.0,0.0,0.0,0.0,1.0,12.0,1.0,12.18,5.0200000000000005,2.51,1.5,0.0,0.0,0.0,37.2,0.0,0.2,0.6000000000000001,-0.1,-169.60000000000002,0.0,0.0,169.60000000000002,0.0,21.4,29.0,29.0,29.6,300.0,300.0,31.700000000000003,35.800000000000004,28.9,28.1,29.9,4.95,1.99,4.96,0.16,0.0,0.0,1027.0,8228.0,0.0,0.0,0.0,0.0,0.0,1.0,0.0,0.0,0.0,0.0,0.0,0.5,0.0,0.2,0.0,0.0,16.0,25903.0
2026-07-30T19:02:55.478Z,344.961,344.976,0.0,7.4,0.0,0.0,0.0,0.0,0.0,0.0,0.0,0.0,1.0,0.0,0.0,0.0,9.0,4.0,0.0,0.0,0.0,0.0,0.0,0.0,0.0,0.0,3.0,12.0,1.0,12.18,5.0200000000000005,2.51,1.5,0.0,0.0,0.0,37.0,0.0,0.2,0.0,-0.7000000000000001,-169.60000000000002,0.0,0.0,169.60000000000002,0.0,21.4,29.0,29.0,29.6,300.0,300.0,31.700000000000003,35.800000000000004,28.9,28.1,29.9,4.96,1.99,4.96,0.16,0.0,0.0,1027.0,8228.0,0.0,0.0,0.0,0.0,0.0,1.0,0.0,0.0,0.0,0.0,0.0,-0.5,0.0,0.6000000000000001,0.0,0.0,16.0,25903.0
2026-07-30T19:02:55.490Z,344.973,344.988,0.0,7.4,0.0,0.0,0.0,0.0,0.0,0.0,0.0,0.0,1.0,0.0,0.0,0.0,9.0,4.0,0.0,0.0,0.0,0.0,0.0,0.0,0.0,0.0,4.0,12.0,1.0,12.18,5.0200000000000005,2.51,1.5,0.0,0.0,0.0,36.8,0.0,-0.3,-0.5,-0.7000000000000001,-169.60000000000002,0.0,0.0,169.70000000000002,0.0,21.4,29.0,29.0,29.6,300.0,300.0,31.700000000000003,35.800000000000004,28.9,28.1,29.9,4.96,1.99,4.96,0.16,0.0,0.0,1027.0,8228.0,0.0,0.0,0.0,0.0,0.0,1.0,0.0,0.0,0.0,0.0,0.0,-1.1,0.0,0.5,0.0,0.0,16.0,25903.0
2026-07-30T19:02:55.502Z,344.985,345.0,0.0,7.4,0.0,0.0,0.0,0.0,0.0,0.0,0.0,0.0,1.0,0.0,0.0,0.0,9.0,4.0,0.0,0.0,0.0,0.0,0.0,0.0,0.0,0.0,6.0,12.0,1.0,12.18,5.0200000000000005,2.51,1.5,0.0,0.0,0.0,36.7,0.0,-0.8,-1.6,-0.1,-169.60000000000002,0.0,0.0,169.60000000000002,0.0,21.4,29.0,29.0,29.6,300.0,300.0,31.700000000000003,35.800000000000004,28.9,28.1,29.9,4.95,1.99,4.97,0.16,0.0,0.0,1027.0,8228.0,0.0,0.0,0.0,0.0,0.0,1.0,0.0,0.0,0.0,0.0,0.0,-2.0,0.0,-0.1,0.0,0.0,16.0,25903.0
2026-07-30T19:02:55.514Z,344.997,345.012,0.0,7.4,0.0,0.0,0.0,0.0,0.0,0.0,0.0,0.0,1.0,0.0,0.0,0.0,9.0,4.0,0.0,0.0,0.0,0.0,0.0,0.0,0.0,0.0,1.0,12.0,1.0,12.18,5.0200000000000005,2.51,1.5,0.0,0.0,0.0,36.5,0.0,0.8,-0.4,-0.7000000000000001,-169.60000000000002,0.0,0.0,169.60000000000002,0.0,21.4,29.0,29.0,29.6,300.0,300.0,31.700000000000003,35.800000000000004,28.9,28.1,29.9,4.95,1.99,4.96,0.16,0.0,0.0,1027.0,8228.0,0.0,0.0,0.0,0.0,0.0,1.0,0.0,0.0,0.0,0.0,0.0,-1.1,0.0,0.5,0.0,0.0,16.0,25903.0
2026-07-30T19:02:55.525Z,345.008,345.024,0.0,7.4,0.0,0.0,0.0,0.0,0.0,0.0,0.0,0.0,1.0,0.0,0.0,0.0,9.0,4.0,0.0,0.0,0.0,0.0,0.0,0.0,0.0,0.0,3.0,12.0,1.0,12.18,5.0200000000000005,2.51,1.5,0.0,0.0,0.0,36.4,0.0,-0.8,-0.4,-1.3,-169.60000000000002,0.0,0.0,169.60000000000002,0.0,21.4,29.0,29.0,29.6,300.0,300.0,31.700000000000003,35.800000000000004,28.9,28.1,29.9,4.96,2.0,4.96,0.15,0.0,0.0,1027.0,8228.0,0.0,0.0,0.0,0.0,0.0,1.0,0.0,0.0,0.0,0.0,0.0,-1.5,0.0,1.1,0.0,0.0,16.0,25903.0
2026-07-30T19:02:55.538Z,345.021,345.036,0.0,7.4,0.0,0.0,0.0,0.0,0.0,0.0,0.0,0.0,1.0,0.0,0.0,0.0,9.0,4.0,0.0,0.0,0.0,0.0,0.0,0.0,0.0,0.0,4.0,12.0,1.0,12.18,5.0200000000000005,2.51,1.5,0.0,0.0,0.0,36.2,0.0,-0.2,0.1,-0.1,-169.60000000000002,0.0,0.0,169.60000000000002,0.0,21.4,29.0,29.0,29.6,300.0,300.0,31.700000000000003,35.800000000000004,28.9,28.1,29.9,4.95,2.0,4.97,0.16,0.0,0.0,1027.0,8228.0,0.0,0.0,0.0,0.0,0.0,1.0,0.0,0.0,0.0,0.0,0.0,0.0,0.0,0.1,0.0,0.0,16.0,25903.0
2026-07-30T19:02:55.551Z,345.034,345.048,0.0,7.4,0.0,0.0,0.0,0.0,0.0,0.0,0.0,0.0,1.0,0.0,0.0,0.0,9.0,4.0,0.0,0.0,0.0,0.0,0.0,0.0,0.0,0.0,6.0,12.0,1.0,12.18,5.01,2.5,1.49,0.0,0.0,0.0,35.9,0.0,-0.3,-0.4,-0.1,-169.60000000000002,0.0,0.0,169.60000000000002,0.0,21.3,29.0,29.0,29.6,300.0,300.0,31.6,35.800000000000004,28.9,28.1,30.0,4.96,1.99,4.96,0.16,0.0,0.0,1027.0,8228.0,0.0,0.0,0.0,0.0,0.0,1.0,0.0,0.0,0.0,0.0,0.0,-0.5,0.0,0.0,0.0,0.0,16.0,25903.0
2026-07-30T19:02:55.562Z,345.045,345.06,0.0,7.4,0.0,0.0,0.0,0.0,0.0,0.0,0.0,0.0,1.0,0.0,0.0,0.0,9.0,4.0,0.0,0.0,0.0,0.0,0.0,0.0,0.0,0.0,1.0,12.0,1.0,12.18,5.01,2.5,1.49,0.0,0.0,0.0,35.7,0.0,0.2,-0.4,-0.7000000000000001,-169.60000000000002,0.0,0.0,169.60000000000002,0.0,21.3,29.0,29.0,29.6,300.0,300.0,31.6,35.800000000000004,28.9,28.1,30.0,4.96,1.99,4.96,0.16,0.0,0.0,1027.0,8228.0,0.0,0.0,0.0,0.0,0.0,1.0,0.0,0.0,0.0,0.0,0.0,-1.1,0.0,0.5,0.0,0.0,16.0,25903.0
2026-07-30T19:02:55.573Z,345.056,345.072,0.0,7.4,0.0,0.0,0.0,0.0,0.0,0.0,0.0,0.0,1.0,0.0,0.0,0.0,9.0,4.0,0.0,0.0,0.0,0.0,0.0,0.0,0.0,0.0,2.0,12.0,1.0,12.18,5.01,2.5,1.49,0.0,0.0,0.0,35.4,0.0,0.2,-0.4,-0.7000000000000001,-169.60000000000002,0.0,0.0,169.60000000000002,0.0,21.3,29.0,29.0,29.6,300.0,300.0,31.6,35.800000000000004,28.9,28.1,30.0,4.95,1.99,4.96,0.17,0.0,0.0,1027.0,8228.0,0.0,0.0,0.0,0.0,0.0,1.0,0.0,0.0,0.0,0.0,0.0,-1.0,0.0,0.5,0.0,0.0,16.0,25903.0
2026-07-30T19:02:55.586Z,345.069,345.084,0.0,7.4,0.0,0.0,0.0,0.0,0.0,0.0,0.0,0.0,1.0,0.0,0.0,0.0,9.0,4.0,0.0,0.0,0.0,0.0,0.0,0.0,0.0,0.0,4.0,12.0,1.0,12.18,5.01,2.5,1.49,0.0,0.0,0.0,35.1,0.0,0.8,0.7000000000000001,-0.1,-169.60000000000002,0.0,0.0,169.60000000000002,0.0,21.3,29.0,29.0,29.6,300.0,300.0,31.6,35.800000000000004,28.9,28.1,30.0,4.95,1.99,4.97,0.16,0.0,0.0,1027.0,8228.0,0.0,0.0,0.0,0.0,0.0,1.0,0.0,0.0,0.0,0.0,0.0,0.7000000000000001,0.0,0.2,0.0,0.0,16.0,25903.0
2026-07-30T19:02:55.597Z,345.08,345.096,0.0,7.4,0.0,0.0,0.0,0.0,0.0,0.0,0.0,0.0,1.0,0.0,0.0,0.0,9.0,4.0,0.0,0.0,0.0,0.0,0.0,0.0,0.0,0.0,6.0,12.0,1.0,12.18,5.01,2.5,1.49,0.0,0.0,0.0,35.0,0.0,-0.3,-1.0,-0.7000000000000001,-169.60000000000002,0.0,0.0,169.60000000000002,0.0,21.3,29.0,29.0,29.6,300.0,300.0,31.6,35.800000000000004,28.9,28.1,30.0,4.96,2.0,4.96,0.16,0.0,0.0,1027.0,8228.0,0.0,0.0,0.0,0.0,0.0,1.0,0.0,0.0,0.0,0.0,0.0,-1.7000000000000002,0.0,0.4,0.0,0.0,16.0,25903.0
2026-07-30T19:02:55.610Z,345.093,345.108,0.0,7.4,0.0,0.0,0.0,0.0,0.0,0.0,0.0,0.0,1.0,0.0,0.0,0.0,9.0,4.0,0.0,0.0,0.0,0.0,0.0,0.0,0.0,0.0,1.0,12.0,1.0,12.18,5.01,2.5,1.49,0.0,0.0,0.0,35.0,0.0,-0.3,-0.4,-1.9,-169.60000000000002,0.0,0.0,169.60000000000002,0.0,21.3,29.0,29.0,29.6,300.0,300.0,31.6,35.800000000000004,28.9,28.1,30.0,4.96,1.99,4.97,0.16,0.0,0.0,1027.0,8228.0,0.0,0.0,0.0,0.0,0.0,1.0,0.0,0.0,0.0,0.0,0.0,-2.0,0.0,1.6,0.0,0.0,16.0,25903.0
2026-07-30T19:02:55.622Z,345.105,345.12,0.0,7.4,0.0,0.0,0.0,0.0,0.0,0.0,0.0,0.0,1.0,0.0,0.0,0.0,9.0,4.0,0.0,0.0,0.0,0.0,0.0,0.0,0.0,0.0,2.0,12.0,1.0,12.18,5.01,2.5,1.49,0.0,0.0,0.0,34.800000000000004,0.0,0.8,0.1,0.3,-169.60000000000002,0.0,0.0,169.60000000000002,0.0,21.3,29.0,29.0,29.6,300.0,300.0,31.6,35.800000000000004,28.9,28.1,30.0,4.95,1.99,4.97,0.16,0.0,0.0,1027.0,8228.0,0.0,0.0,0.0,0.0,0.0,1.0,0.0,0.0,0.0,0.0,0.0,0.4,0.0,-0.3,0.0,0.0,16.0,25903.0
2026-07-30T19:02:55.634Z,345.117,345.132,0.0,7.4,0.0,0.0,0.0,0.0,0.0,0.0,0.0,0.0,1.0,0.0,0.0,0.0,9.0,4.0,0.0,0.0,0.0,0.0,0.0,0.0,0.0,0.0,4.0,12.0,1.0,12.18,5.01,2.5,1.49,0.0,0.0,0.0,34.6,0.0,0.2,0.1,0.4,-169.60000000000002,0.0,0.0,169.60000000000002,0.0,21.3,29.0,29.0,29.6,300.0,300.0,31.6,35.800000000000004,28.9,28.1,30.0,4.96,1.99,4.96,0.16,0.0,0.0,1027.0,8228.0,0.0,0.0,0.0,0.0,0.0,1.0,0.0,0.0,0.0,0.0,0.0,0.4,0.0,-0.3,0.0,0.0,16.0,25903.0
2026-07-30T19:02:55.646Z,345.129,345.144,0.0,7.4,0.0,0.0,0.0,0.0,0.0,0.0,0.0,0.0,1.0,0.0,0.0,0.0,9.0,4.0,0.0,0.0,0.0,0.0,0.0,0.0,0.0,0.0,5.0,12.0,1.0,12.18,5.01,2.5,1.49,0.0,0.0,0.0,34.2,0.0,0.2,-1.0,-0.1,-169.60000000000002,0.0,0.0,169.60000000000002,0.0,21.3,29.0,29.0,29.6,300.0,300.0,31.6,35.800000000000004,28.9,28.1,30.0,4.95,1.99,4.96,0.16,0.0,0.0,1027.0,8228.0,0.0,0.0,0.0,0.0,0.0,1.0,0.0,0.0,0.0,0.0,0.0,-1.2000000000000002,0.0,0.0,0.0,0.0,16.0,25903.0
2026-07-30T19:02:55.658Z,345.141,345.156,0.0,7.4,0.0,0.0,0.0,0.0,0.0,0.0,0.0,0.0,1.0,0.0,0.0,0.0,9.0,4.0,0.0,0.0,0.0,0.0,0.0,0.0,0.0,0.0,6.0,12.0,1.0,12.18,5.0200000000000005,2.51,1.49,0.0,0.1,0.0,34.0,0.0,0.8,0.1,0.3,-169.60000000000002,0.0,0.0,169.60000000000002,0.0,21.4,29.0,29.0,29.6,300.0,300.0,31.700000000000003,35.800000000000004,28.9,28.1,29.9,4.95,1.99,4.97,0.16,0.0,0.0,1027.0,8228.0,0.0,0.0,0.0,0.0,0.0,1.0,0.0,0.0,0.0,0.0,0.0,0.4,0.0,-0.3,0.0,0.0,16.0,25903.0
2026-07-30T19:02:55.670Z,345.153,345.168,0.0,7.4,0.0,0.0,0.0,0.0,0.0,0.0,0.0,0.0,1.0,0.0,0.0,0.0,9.0,4.0,0.0,0.0,0.0,0.0,0.0,0.0,0.0,0.0,2.0,12.0,1.0,12.18,5.0200000000000005,2.51,1.49,0.0,0.0,0.0,34.0,0.0,0.2,-1.0,-0.2,-169.60000000000002,0.0,0.0,169.60000000000002,0.0,21.4,29.0,29.0,29.6,300.0,300.0,31.700000000000003,35.800000000000004,28.9,28.1,29.9,4.95,2.0,4.97,0.16,0.0,0.0,1027.0,8228.0,0.0,0.0,0.0,0.0,0.0,1.0,0.0,0.0,0.0,0.0,0.0,-1.3,0.0,0.0,0.0,0.0,16.0,25903.0
2026-07-30T19:02:55.682Z,345.165,345.18,0.0,7.4,0.0,0.0,0.0,0.0,0.0,0.0,0.0,0.0,1.0,0.0,0.0,0.0,9.0,4.0,0.0,0.0,0.0,0.0,0.0,0.0,0.0,0.0,3.0,12.0,1.0,12.18,5.0200000000000005,2.51,1.49,0.0,0.0,0.0,33.9,0.0,0.2,-0.4,-1.4,-169.60000000000002,0.0,0.0,169.60000000000002,0.0,21.4,29.0,29.0,29.6,300.0,300.0,31.700000000000003,35.800000000000004,28.9,28.1,29.9,4.95,2.0,4.97,0.16,0.0,0.0,1027.0,8228.0,0.0,0.0,0.0,0.0,0.0,1.0,0.0,0.0,0.0,0.0,0.0,0.4,0.0,-0.2,0.0,0.0,16.0,25903.0
2026-07-30T19:02:55.693Z,345.176,345.192,0.0,7.4,0.0,0.0,0.0,0.0,0.0,0.0,0.0,0.0,1.0,0.0,0.0,0.0,9.0,4.0,0.0,0.0,0.0,0.0,0.0,0.0,0.0,0.0,4.0,12.0,1.0,12.18,5.0200000000000005,2.51,1.49,0.0,0.0,0.0,33.7,0.0,-0.3,-0.4,0.3,-169.60000000000002,0.0,0.0,169.70000000000002,0.0,21.4,29.0,29.0,29.6,300.0,300.0,31.700000000000003,35.800000000000004,28.9,28.1,29.9,4.95,1.99,4.97,0.16,0.0,0.0,1027.0,8228.0,0.0,0.0,0.0,0.0,0.0,1.0,0.0,0.0,0.0,0.0,0.0,-0.2,0.0,-0.3,0.0,0.0,16.0,25903.0
2026-07-30T19:02:55.706Z,345.189,345.204,0.0,7.4,0.0,0.0,0.0,0.0,0.0,0.0,0.0,0.0,1.0,0.0,0.0,0.0,9.0,4.0,0.0,0.0,0.0,0.0,0.0,0.0,0.0,0.0,5.0,12.0,1.0,12.18,5.0200000000000005,2.51,1.49,0.0,0.0,0.0,33.4,0.0,-0.3,1.3,-0.2,-169.60000000000002,0.0,0.0,169.60000000000002,0.0,21.4,29.0,29.0,29.6,300.0,300.0,31.700000000000003,35.800000000000004,28.9,28.1,29.9,4.95,1.99,4.96,0.16,0.0,0.0,1027.0,8228.0,0.0,0.0,0.0,0.0,0.0,1.0,0.0,0.0,0.0,0.0,0.0,1.3,0.0,0.4,0.0,0.0001,16.0,25903.0
2026-07-30T19:02:55.718Z,345.201,345.216,0.0,7.4,0.0,0.0,0.0,0.0,0.0,0.0,0.0,0.0,1.0,0.0,0.0,0.0,9.0,4.0,0.0,0.0,0.0,0.0,0.0,0.0,0.0,0.0,6.0,12.0,1.0,12.18,5.0200000000000005,2.51,1.49,0.0,0.0,0.0,35.800000000000004,0.0,0.2,0.1,-0.2,-169.60000000000002,0.0,0.0,169.70000000000002,0.0,21.4,29.0,29.0,29.6,300.0,300.0,31.700000000000003,35.800000000000004,28.9,28.1,29.9,4.96,1.99,4.96,0.16,0.0,0.0,1027.0,8228.0,0.0,0.0,0.0,0.0,0.0,1.0,0.0,0.0,0.0,0.0,0.0,0.0,0.0,0.2,0.0,0.0001,16.0,25903.0
2026-07-30T19:02:55.730Z,345.213,345.228,0.0,7.4,0.0,0.0,0.0,0.0,0.0,0.0,0.0,0.0,1.0,0.0,0.0,0.0,9.0,4.0,0.0,0.0,0.0,0.0,0.0,0.0,0.0,0.0,1.0,12.0,1.0,12.18,5.0200000000000005,2.51,1.49,0.0,0.0,0.0,39.6,0.0,0.2,-0.4,0.3,-169.60000000000002,0.0,0.0,169.70000000000002,0.0,21.4,29.0,29.0,29.6,300.0,300.0,31.700000000000003,35.800000000000004,28.9,28.1,29.9,4.96,1.99,4.96,0.16,0.0,0.0,1027.0,8228.0,0.0,0.0,0.0,0.0,0.0,1.0,0.0,0.0,0.0,0.0,0.0,-0.2,0.0,-0.3,0.0,0.0,16.0,25903.0
2026-07-30T19:02:55.742Z,345.225,345.24,0.0,7.4,0.0,0.0,0.0,0.0,0.0,0.0,0.0,0.0,1.0,0.0,0.0,0.0,9.0,4.0,0.0,0.0,0.0,0.0,0.0,0.0,0.0,0.0,2.0,12.0,1.0,12.18,5.0200000000000005,2.51,1.49,0.0,0.0,0.0,43.3,0.0,0.2,-0.9,0.8,-169.60000000000002,0.0,0.0,169.60000000000002,0.0,21.4,29.0,29.0,29.6,300.0,300.0,31.700000000000003,35.800000000000004,28.9,28.1,29.9,4.95,1.99,4.97,0.16,0.0,0.0,1027.0,8228.0,0.0,0.0,0.0,0.0,0.0,1.0,0.0,0.0,0.0,0.0,0.0,-0.4,0.0,-0.9,0.0,0.0,16.0,25903.0
2026-07-30T19:02:55.755Z,345.238,345.252,0.0,7.4,0.0,0.0,0.0,0.0,0.0,0.0,0.0,0.0,1.0,0.0,0.0,0.0,9.0,4.0,0.0,0.0,0.0,0.0,0.0,0.0,0.0,0.0,3.0,12.0,1.0,12.15,5.01,2.5,1.49,0.0,0.0,0.0,47.1,0.0,-0.3,-0.9,-1.4,-169.60000000000002,0.0,0.0,169.70000000000002,0.0,21.700000000000003,29.0,29.0,29.6,300.0,300.0,31.700000000000003,35.9,28.9,28.1,29.9,4.95,1.99,4.96,0.16,0.0,0.0,1027.0,8228.0,0.0,0.0,0.0,0.0,0.0,1.0,0.0,0.0,0.0,0.0,0.0,-1.5,0.0,1.2000000000000002,0.0,0.0001,16.0,25903.0
2026-07-30T19:02:55.766Z,345.249,345.264,0.0,7.4,0.0,0.0,0.0,0.0,0.0,0.0,0.0,0.0,1.0,0.0,0.0,0.0,9.0,4.0,0.0,0.0,0.0,0.0,0.0,0.0,0.0,0.0,4.0,12.0,1.0,12.15,5.01,2.5,1.49,0.0,0.0,0.0,50.8,0.0,0.2,0.1,0.8,-169.60000000000002,0.0,0.0,169.60000000000002,0.0,21.700000000000003,29.0,29.0,29.6,300.0,300.0,31.700000000000003,35.9,28.9,28.1,29.9,4.96,1.99,4.96,0.16,0.0,0.0,1027.0,8228.0,0.0,0.0,0.0,0.0,0.0,1.0,0.0,0.0,0.0,0.0,0.0,-1.5,0.0,1.2000000000000002,0.0,0.0,16.0,25903.0
2026-07-30T19:02:55.777Z,345.26,345.276,0.0,7.4,0.0,0.0,0.0,0.0,0.0,0.0,0.0,0.0,1.0,0.0,0.0,0.0,9.0,4.0,0.0,0.0,0.0,0.0,0.0,0.0,0.0,0.0,6.0,12.0,1.0,12.15,5.01,2.5,1.49,0.0,0.1,0.0,54.5,0.0,-0.3,-0.4,0.9,-169.60000000000002,0.0,0.0,169.60000000000002,0.0,21.700000000000003,29.0,29.0,29.6,300.0,300.0,31.700000000000003,35.9,28.9,28.1,29.9,4.95,1.99,4.96,0.16,0.0,0.0,1027.0,8228.0,0.0,0.0,0.0,0.0,0.0,1.0,0.0,0.0,0.0,0.0,0.0,-0.6000000000000001,0.0,0.1,0.0,0.0,16.0,25903.0
2026-07-30T19:02:55.790Z,345.273,345.288,0.0,7.4,0.0,0.0,0.0,0.0,0.0,0.0,0.0,0.0,1.0,0.0,0.0,0.0,9.0,4.0,0.0,0.0,0.0,0.0,0.0,0.0,0.0,0.0,1.0,12.0,1.0,12.15,5.01,2.5,1.49,0.0,0.0,0.0,58.0,0.0,-0.3,-1.0,-1.4,-169.60000000000002,0.0,0.0,169.60000000000002,0.0,21.700000000000003,29.0,29.0,29.6,300.0,300.0,31.700000000000003,35.9,28.9,28.1,29.9,4.96,1.99,4.96,0.16,0.0,0.0,1027.0,8228.0,0.0,0.0,0.0,0.0,0.0,1.0,0.0,0.0,0.0,0.0,0.0,-2.2,0.0,1.0,0.0,0.0,16.0,25903.0
2026-07-30T19:02:55.802Z,345.285,345.3,0.0,7.4,0.0,0.0,0.0,0.0,0.0,0.0,0.0,0.0,1.0,0.0,0.0,0.0,9.0,4.0,0.0,0.0,0.0,0.0,0.0,0.0,0.0,0.0,3.0,12.0,1.0,12.15,5.01,2.5,1.49,0.0,0.0,0.0,61.6,0.0,-0.3,0.1,-0.2,-169.60000000000002,0.0,0.0,169.60000000000002,0.0,21.700000000000003,29.0,29.0,29.6,300.0,300.0,31.700000000000003,35.9,28.9,28.1,29.9,4.96,1.99,4.96,0.16,0.0,0.0,1027.0,8228.0,0.0,0.0,0.0,0.0,0.0,1.0,0.0,0.0,0.0,0.0,0.0,0.0,0.0,0.2,0.0,0.0,16.0,25903.0
2026-07-30T19:02:55.814Z,345.297,345.312,0.0,7.4,0.0,0.0,0.0,0.0,0.0,0.0,0.0,0.0,1.0,0.0,0.0,0.0,9.0,4.0,0.0,0.0,0.0,0.0,0.0,0.0,0.0,0.0,5.0,12.0,1.0,12.15,5.01,2.5,1.49,0.0,0.0,0.0,65.10000000000001,0.0,-0.3,0.1,0.3,-169.60000000000002,0.0,0.0,169.60000000000002,0.0,21.700000000000003,29.0,29.0,29.6,300.0,300.0,31.700000000000003,35.9,28.9,28.1,29.9,4.95,1.99,4.96,0.16,0.0,0.0,1027.0,8228.0,0.0,0.0,0.0,0.0,0.0,1.0,0.0,0.0,0.0,0.0,0.0,0.3,0.0,-0.2,0.0,0.0,16.0,25903.0
2026-07-30T19:02:55.825Z,345.308,345.324,0.0,7.4,0.0,0.0,0.0,0.0,0.0,0.0,0.0,0.0,1.0,0.0,0.0,0.0,9.0,4.0,0.0,0.0,0.0,0.0,0.0,0.0,0.0,0.0,6.0,12.0,1.0,12.15,5.01,2.5,1.49,0.0,0.0,0.0,68.60000000000001,0.0,0.2,0.1,0.2,-169.60000000000002,0.0,0.0,169.60000000000002,0.0,21.700000000000003,29.0,29.0,29.6,300.0,300.0,31.700000000000003,35.9,28.9,28.1,29.9,4.96,1.99,4.97,0.16,0.0,0.0,1027.0,8228.0,0.0,0.0,0.0,0.0,0.0,1.0,0.0,0.0,0.0,0.0,0.0,0.3,0.0,-0.2,0.0,0.0,16.0,25903.0
2026-07-30T19:02:55.838Z,345.321,345.336,0.0,7.4,0.0,0.0,0.0,0.0,0.0,0.0,0.0,0.0,1.0,0.0,0.0,0.0,9.0,4.0,0.0,0.0,0.0,0.0,0.0,0.0,0.0,0.0,1.0,12.0,1.0,12.15,5.01,2.5,1.49,0.0,0.0,0.0,71.9,0.0,-0.3,-0.4,-0.2,-169.60000000000002,0.0,0.0,169.60000000000002,0.0,21.700000000000003,29.0,29.0,29.6,300.0,300.0,31.700000000000003,35.9,28.9,28.1,29.9,4.96,1.99,4.97,0.16,0.0,0.0,1027.0,8228.0,0.0,0.0,0.0,0.0,0.0,1.0,0.0,0.0,0.0,0.0,0.0,-0.6000000000000001,0.0,0.1,0.0,0.0,16.0,25903.0
2026-07-30T19:02:55.850Z,345.333,345.348,0.0,7.4,0.0,0.0,0.0,0.0,0.0,0.0,0.0,0.0,1.0,0.0,0.0,0.0,9.0,4.0,0.0,0.0,0.0,0.0,0.0,0.0,0.0,0.0,3.0,12.0,1.0,12.15,5.01,2.5,1.49,0.0,0.0,0.0,75.3,0.0,0.2,0.1,-0.2,-169.60000000000002,0.0,0.0,169.60000000000002,0.0,21.700000000000003,29.0,29.0,29.6,300.0,300.0,31.700000000000003,35.9,28.9,28.1,29.9,4.96,1.99,4.97,0.16,0.0,0.0,1027.0,8228.0,0.0,0.0,0.0,0.0,0.0,1.0,0.0,0.0,0.0,0.0,0.0,0.0,0.0,0.2,0.0,0.0,16.0,25903.0
2026-07-30T19:02:55.862Z,345.345,345.36,0.0,7.4,0.0,0.0,0.0,0.0,0.0,0.0,0.0,0.0,1.0,0.0,0.0,0.0,9.0,4.0,0.0,0.0,0.0,0.0,0.0,0.0,0.0,0.0,4.0,12.0,1.0,12.13,5.0200000000000005,2.5,1.49,0.0,0.1,0.0,78.60000000000001,0.0,1.4,1.3,1.4,-169.60000000000002,0.0,0.0,169.60000000000002,0.0,21.4,29.0,29.0,29.6,300.0,300.0,31.8,35.9,28.9,28.1,29.9,4.95,1.99,4.97,0.16,0.0,0.0,1027.0,8228.0,0.0,0.0,0.0,0.0,0.0,1.0,0.0,0.0,0.0,0.0,0.0,2.6,0.0,-1.0,0.0,0.0,16.0,25903.0
2026-07-30T19:02:55.874Z,345.357,345.372,0.0,7.4,0.0,0.0,0.0,0.0,0.0,0.0,0.0,0.0,1.0,0.0,0.0,0.0,9.0,4.0,0.0,0.0,0.0,0.0,0.0,0.0,0.0,0.0,6.0,12.0,1.0,12.13,5.0200000000000005,2.5,1.49,0.0,0.0,0.0,81.9,0.0,-0.3,0.7000000000000001,0.3,-169.60000000000002,0.0,0.0,169.60000000000002,0.0,21.4,29.0,29.0,29.6,300.0,300.0,31.8,35.9,28.9,28.1,29.9,4.96,1.99,4.96,0.16,0.0,0.0,1027.0,8228.0,0.0,0.0,0.0,0.0,0.0,1.0,0.0,0.0,0.0,0.0,0.0,1.1,0.0,-0.1,0.0,0.0,16.0,25903.0
2026-07-30T19:02:55.886Z,345.369,345.384,0.0,7.4,0.0,0.0,0.0,0.0,0.0,0.0,0.0,0.0,1.0,0.0,0.0,0.0,9.0,4.0,0.0,0.0,0.0,0.0,0.0,0.0,0.0,0.0,1.0,12.0,1.0,12.13,5.0200000000000005,2.5,1.49,0.0,0.0,0.0,85.2,0.0,-0.3,-0.3,-1.4,-169.60000000000002,0.0,0.0,169.60000000000002,0.0,21.4,29.0,29.0,29.6,300.0,300.0,31.8,35.9,28.9,28.1,29.9,4.95,2.0,4.97,0.16,0.0,0.0,1027.0,8228.0,0.0,0.0,0.0,0.0,0.0,1.0,0.0,0.0,0.0,0.0,0.0,-1.5,0.0,1.1,0.0,0.0,16.0,25903.0
2026-07-30T19:02:55.898Z,345.381,345.396,0.0,7.4,0.0,0.0,0.0,0.0,0.0,0.0,0.0,0.0,1.0,0.0,0.0,0.0,9.0,4.0,0.0,0.0,0.0,0.0,0.0,0.0,0.0,0.0,3.0,12.0,1.0,12.13,5.0200000000000005,2.5,1.49,0.0,0.1,0.0,88.4,0.0,-0.3,-0.4,-0.8,-169.60000000000002,0.0,0.0,169.60000000000002,0.0,21.4,29.0,29.0,29.6,300.0,300.0,31.8,35.9,28.9,28.1,29.9,4.95,1.99,4.97,0.16,0.0,0.0,1027.0,8228.0,0.0,0.0,0.0,0.0,0.0,1.0,0.0,0.0,0.0,0.0,0.0,-1.0,0.0,0.6000000000000001,0.0,0.0,16.0,25903.0
2026-07-30T19:02:55.910Z,345.393,345.408,0.0,7.4,0.0,0.0,0.0,0.0,0.0,0.0,0.0,0.0,1.0,0.0,0.0,0.0,9.0,4.0,0.0,0.0,0.0,0.0,0.0,0.0,0.0,0.0,4.0,12.0,1.0,12.13,5.0200000000000005,2.5,1.49,0.0,0.0,0.0,91.6,0.0,0.2,-0.3,-0.8,-169.60000000000002,0.0,0.0,169.60000000000002,0.0,21.4,29.0,29.0,29.6,300.0,300.0,31.8,35.9,28.9,28.1,29.9,4.96,1.99,4.97,0.16,0.0,0.0,1027.0,8228.0,0.0,0.0,0.0,0.0,0.0,1.0,0.0,0.0,0.0,0.0,0.0,-1.0,0.0,0.6000000000000001,0.0,0.0,16.0,25903.0
2026-07-30T19:02:55.922Z,345.405,345.42,0.0,7.4,0.0,0.0,0.0,0.0,0.0,0.0,0.0,0.0,1.0,0.0,0.0,0.0,9.0,4.0,0.0,0.0,0.0,0.0,0.0,0.0,0.0,0.0,5.0,12.0,1.0,12.13,5.0200000000000005,2.5,1.49,0.0,0.0,0.0,94.7,0.0,-0.3,1.3,2.6,-169.60000000000002,0.0,0.0,169.70000000000002,0.0,21.4,29.0,29.0,29.6,300.0,300.0,31.8,35.9,28.9,28.1,29.9,4.96,1.99,4.96,0.16,0.0,0.0,1027.0,8228.0,0.0,0.0,0.0,0.0,0.0,1.0,0.0,0.0,0.0,0.0,0.0,3.5,0.0,-2.0,0.0,0.0,16.0,25903.0
2026-07-30T19:02:55.934Z,345.417,345.432,0.0,7.4,0.0,0.0,0.0,0.0,0.0,0.0,0.0,0.0,1.0,0.0,0.0,0.0,9.0,4.0,0.0,0.0,0.0,0.0,0.0,0.0,0.0,0.0,6.0,12.0,1.0,12.13,5.0200000000000005,2.5,1.49,0.0,0.0,0.0,97.7,0.0,0.2,0.1,-0.2,-169.60000000000002,0.0,0.0,169.60000000000002,0.0,21.4,29.0,29.0,29.6,300.0,300.0,31.8,35.9,28.9,28.1,29.9,4.95,1.99,4.97,0.16,0.0,0.0,1027.0,8228.0,0.0,0.0,0.0,0.0,0.0,1.0,0.0,0.0,0.0,0.0,0.0,0.0,0.0,0.2,0.0,0.0001,16.0,25903.0
2026-07-30T19:02:55.946Z,345.429,345.444,0.0,7.4,0.0,0.0,0.0,0.0,0.0,0.0,0.0,0.0,1.0,0.0,0.0,0.0,9.0,4.0,0.0,0.0,0.0,0.0,0.0,0.0,0.0,0.0,1.0,12.0,1.0,12.13,5.0200000000000005,2.5,1.49,0.0,0.0,0.0,100.8,0.0,0.8,0.7000000000000001,-0.1,-169.60000000000002,0.0,0.0,169.60000000000002,0.0,21.4,29.0,29.0,29.6,300.0,300.0,31.8,35.9,28.9,28.1,29.9,4.95,2.0,4.97,0.16,0.0,0.0,1027.0,8228.0,0.0,0.0,0.0,0.0,0.0,1.0,0.0,0.0,0.0,0.0,0.0,0.7000000000000001,0.0,0.3,0.0,0.0,16.0,25903.0
2026-07-30T19:02:55.959Z,345.442,345.456,0.0,7.4,0.0,0.0,0.0,0.0,0.0,0.0,0.0,0.0,1.0,0.0,0.0,0.0,9.0,4.0,0.0,0.0,0.0,0.0,0.0,0.0,0.0,0.0,2.0,12.0,1.0,12.17,5.0200000000000005,2.51,1.49,0.0,0.1,0.0,103.8,0.0,-0.3,0.7000000000000001,-0.7000000000000001,-169.60000000000002,0.0,0.0,169.70000000000002,0.0,21.4,29.0,29.0,29.700000000000003,300.0,300.0,31.700000000000003,35.800000000000004,28.9,28.1,29.9,4.96,1.99,4.97,0.16,0.0,0.0,1027.0,8228.0,0.0,0.0,0.0,0.0,0.0,1.0,0.0,0.0,0.0,0.0,0.0,0.3,0.0,0.8,0.0,0.0,16.0,25903.0
2026-07-30T19:02:55.970Z,345.453,345.468,0.0,7.4,0.0,0.0,0.0,0.0,0.0,0.0,0.0,0.0,1.0,0.0,0.0,0.0,9.0,4.0,0.0,0.0,0.0,0.0,0.0,0.0,0.0,0.0,3.0,12.0,1.0,12.17,5.0200000000000005,2.51,1.49,0.0,0.0,0.0,106.8,0.0,-0.9,0.7000000000000001,-0.1,-169.60000000000002,0.0,0.0,169.70000000000002,0.0,21.4,29.0,29.0,29.700000000000003,300.0,300.0,31.700000000000003,35.800000000000004,28.9,28.1,29.9,4.95,1.99,4.96,0.16,0.0,0.0,1027.0,8228.0,0.0,0.0,0.0,0.0,0.0,1.0,0.0,0.0,0.0,0.0,0.0,0.7000000000000001,0.0,0.3,0.0,0.0,16.0,25903.0
2026-07-30T19:02:55.981Z,345.464,345.48,0.0,7.4,0.0,0.0,0.0,0.0,0.0,0.0,0.0,0.0,1.0,0.0,0.0,0.0,9.0,4.0,0.0,0.0,0.0,0.0,0.0,0.0,0.0,0.0,4.0,12.0,1.0,12.17,5.0200000000000005,2.51,1.49,0.0,0.0,0.0,109.8,0.0,-0.3,-1.0,-1.9,-169.60000000000002,0.0,0.0,169.60000000000002,0.0,21.4,29.0,29.0,29.700000000000003,300.0,300.0,31.700000000000003,35.800000000000004,28.9,28.1,29.9,4.95,1.99,4.97,0.16,0.0,0.0,1027.0,8228.0,0.0,0.0,0.0,0.0,0.0,1.0,0.0,0.0,0.0,0.0,0.0,-2.6,0.0,1.5,0.0,0.0,16.0,25903.0
2026-07-30T19:02:55.993Z,345.476,345.492,0.0,7.4,0.0,0.0,0.0,0.0,0.0,0.0,0.0,0.0,1.0,0.0,0.0,0.0,9.0,4.0,0.0,0.0,0.0,0.0,0.0,0.0,0.0,0.0,5.0,12.0,1.0,12.17,5.0200000000000005,2.51,1.49,0.0,0.0,0.0,112.7,0.0,-0.3,0.1,-0.8,-169.60000000000002,0.0,0.0,169.60000000000002,0.0,21.4,29.0,29.0,29.700000000000003,300.0,300.0,31.700000000000003,35.800000000000004,28.9,28.1,29.9,4.95,2.0,4.96,0.16,0.0,0.0,1027.0,8228.0,0.0,0.0,0.0,0.0,0.0,1.0,0.0,0.0,0.0,0.0,0.0,-0.4,0.0,0.7000000000000001,0.0,0.0,16.0,25903.0
2026-07-30T19:02:56.005Z,345.488,345.504,0.0,7.4,0.0,0.0,0.0,0.0,0.0,0.0,0.0,0.0,1.0,0.0,0.0,0.0,9.0,4.0,0.0,0.0,0.0,0.0,0.0,0.0,0.0,0.0,6.0,12.0,1.0,12.17,5.0200000000000005,2.51,1.49,0.0,0.0,0.0,115.6,0.0,0.2,0.7000000000000001,-1.3,-169.60000000000002,0.0,0.0,169.70000000000002,0.0,21.4,29.0,29.0,29.700000000000003,300.0,300.0,31.700000000000003,35.800000000000004,28.9,28.1,29.9,4.96,1.99,4.96,0.16,0.0,0.0,1027.0,8228.0,0.0,0.0,0.0,0.0,0.0,1.0,0.0,0.0,0.0,0.0,0.0,-0.1,0.0,1.3,0.0,0.0,16.0,25903.0
2026-07-30T19:02:56.018Z,345.501,345.516,0.0,7.4,0.0,0.0,0.0,0.0,0.0,0.0,0.0,0.0,1.0,0.0,0.0,0.0,9.0,4.0,0.0,0.0,0.0,0.0,0.0,0.0,0.0,0.0,2.0,12.0,1.0,12.17,5.0200000000000005,2.51,1.49,0.0,0.1,0.0,118.4,0.0,0.2,-0.4,-0.1,-169.60000000000002,0.0,0.0,169.60000000000002,0.0,21.4,29.0,29.0,29.700000000000003,300.0,300.0,31.700000000000003,35.800000000000004,28.9,28.1,29.9,4.95,1.99,4.97,0.16,0.0,0.0,1027.0,8228.0,0.0,0.0,0.0,0.0,0.0,1.0,0.0,0.0,0.0,0.0,0.0,-0.5,0.0,0.0,0.0,0.0,16.0,25903.0
2026-07-30T19:02:56.030Z,345.513,345.528,0.0,7.4,0.0,0.0,0.0,0.0,0.0,0.0,0.0,0.0,1.0,0.0,0.0,0.0,9.0,4.0,0.0,0.0,0.0,0.0,0.0,0.0,0.0,0.0,3.0,12.0,1.0,12.17,5.0200000000000005,2.51,1.49,0.0,0.0,0.0,121.1,0.0,0.8,0.1,-0.6000000000000001,-169.60000000000002,0.0,0.0,169.60000000000002,0.0,21.4,29.0,29.0,29.700000000000003,300.0,300.0,31.700000000000003,35.800000000000004,28.9,28.1,29.9,4.96,1.99,4.96,0.16,0.0,0.0,1027.0,8228.0,0.0,0.0,0.0,0.0,0.0,1.0,0.0,0.0,0.0,0.0,0.0,-0.3,0.0,0.6000000000000001,0.0,0.0,16.0,25903.0
2026-07-30T19:02:56.042Z,345.525,345.54,0.0,7.4,0.0,0.0,0.0,0.0,0.0,0.0,0.0,0.0,1.0,0.0,0.0,0.0,9.0,4.0,0.0,0.0,0.0,0.0,0.0,0.0,0.0,0.0,4.0,12.0,1.0,12.17,5.0200000000000005,2.51,1.49,0.0,0.0,0.0,123.9,0.0,-0.3,0.7000000000000001,0.4,-169.60000000000002,0.0,0.0,169.70000000000002,0.0,21.4,29.0,29.0,29.700000000000003,300.0,300.0,31.700000000000003,35.800000000000004,28.9,28.1,29.9,4.96,1.99,4.96,0.16,0.0,0.0,1027.0,8228.0,0.0,0.0,0.0,0.0,0.0,1.0,0.0,0.0,0.0,0.0,0.0,1.2000000000000002,0.0,-0.2,0.0,0.0,16.0,25903.0
2026-07-30T19:02:56.054Z,345.537,345.552,0.0,7.4,0.0,0.0,0.0,0.0,0.0,0.0,0.0,0.0,1.0,0.0,0.0,0.0,9.0,4.0,0.0,0.0,0.0,0.0,0.0,0.0,0.0,0.0,6.0,12.0,1.0,12.17,5.0200000000000005,2.51,1.49,0.0,0.0,0.0,126.7,0.0,0.8,1.3,0.0,-169.60000000000002,0.0,0.0,169.60000000000002,0.0,21.4,29.0,29.0,29.700000000000003,300.0,300.0,31.700000000000003,35.800000000000004,28.9,28.1,29.9,4.95,1.99,4.96,0.16,0.0,0.0,1027.0,8228.0,0.0,0.0,0.0,0.0,0.0,1.0,0.0,0.0,0.0,0.0,0.0,1.4,0.0,0.3,0.0,0.0,16.0,25903.0
2026-07-30T19:02:56.066Z,345.549,345.564,0.0,7.4,0.0,0.0,0.0,0.0,0.0,0.0,0.0,0.0,1.0,0.0,0.0,0.0,9.0,4.0,0.0,0.0,0.0,0.0,0.0,0.0,0.0,0.0,1.0,12.0,1.0,12.17,5.01,2.51,1.49,0.0,0.0,0.0,129.4,0.0,-0.9,-0.3,1.0,-169.60000000000002,0.0,0.0,169.60000000000002,0.0,21.0,29.0,29.0,29.8,300.0,300.0,31.700000000000003,35.800000000000004,28.9,28.1,29.9,4.95,1.99,4.97,0.16,0.0,0.0,1027.0,8228.0,0.0,0.0,0.0,0.0,0.0,1.0,0.0,0.0,0.0,0.0,0.0,0.4,0.0,-1.0,0.0,0.0,16.0,25903.0
2026-07-30T19:02:56.078Z,345.561,345.576,0.0,7.4,0.0,0.0,0.0,0.0,0.0,0.0,0.0,0.0,1.0,0.0,0.0,0.0,9.0,4.0,0.0,0.0,0.0,0.0,0.0,0.0,0.0,0.0,3.0,12.0,1.0,12.17,5.01,2.51,1.49,0.0,0.0,0.0,132.1,0.0,0.2,-1.5,-0.1,-169.60000000000002,0.0,0.0,169.60000000000002,0.0,21.0,29.0,29.0,29.8,300.0,300.0,31.700000000000003,35.800000000000004,28.9,28.1,29.9,4.96,1.99,4.96,0.16,0.0,0.0,1027.0,8228.0,0.0,0.0,0.0,0.0,0.0,1.0,0.0,0.0,0.0,0.0,0.0,-1.7000000000000002,0.0,-0.2,0.0,0.0,16.0,25903.0
2026-07-30T19:02:56.090Z,345.573,345.588,0.0,7.4,0.0,0.0,0.0,0.0,0.0,0.0,0.0,0.0,1.0,0.0,0.0,0.0,9.0,4.0,0.0,0.0,0.0,0.0,0.0,0.0,0.0,0.0,4.0,12.0,1.0,12.17,5.01,2.51,1.49,0.0,0.0,0.0,134.6,0.0,0.2,1.3,-0.6000000000000001,-169.60000000000002,0.0,0.0,169.60000000000002,0.0,21.0,29.0,29.0,29.8,300.0,300.0,31.700000000000003,35.800000000000004,28.9,28.1,29.9,4.96,1.99,4.97,0.17,0.0,0.0,1027.0,8228.0,0.0,0.0,0.0,0.0,0.0,1.0,0.0,0.0,0.0,0.0,0.0,1.0,0.0,0.8,0.0,0.0,16.0,25903.0
2026-07-30T19:02:56.102Z,345.585,345.6,0.0,7.4,0.0,0.0,0.0,0.0,0.0,0.0,0.0,0.0,1.0,0.0,0.0,0.0,9.0,4.0,0.0,0.0,0.0,0.0,0.0,0.0,0.0,0.0,5.0,12.0,1.0,12.17,5.01,2.51,1.49,0.0,0.0,0.0,137.20000000000002,0.0,-0.3,0.2,0.5,-169.60000000000002,0.0,0.0,169.60000000000002,0.0,21.0,29.0,29.0,29.8,300.0,300.0,31.700000000000003,35.800000000000004,28.9,28.1,29.9,4.95,1.99,4.97,0.16,0.0,0.0,1027.0,8228.0,0.0,0.0,0.0,0.0,0.0,1.0,0.0,0.0,0.0,0.0,0.0,0.6000000000000001,0.0,-0.4,0.0,0.0,16.0,25903.0
2026-07-30T19:02:56.114Z,345.597,345.612,0.0,7.4,0.0,0.0,0.0,0.0,0.0,0.0,0.0,0.0,1.0,0.0,0.0,0.0,9.0,4.0,0.0,0.0,0.0,0.0,0.0,0.0,0.0,0.0,6.0,12.0,1.0,12.17,5.01,2.51,1.49,0.0,0.0,0.0,139.8,0.0,0.7000000000000001,0.8,0.0,-169.60000000000002,0.0,0.0,169.60000000000002,0.0,21.0,29.0,29.0,29.8,300.0,300.0,31.700000000000003,35.800000000000004,28.9,28.1,29.9,4.96,1.99,4.96,0.16,0.0,0.0,1027.0,8228.0,0.0,0.0,0.0,0.0,0.0,1.0,0.0,0.0,0.0,0.0,0.0,0.8,0.0,0.2,0.0,0.0,16.0,25903.0
2026-07-30T19:02:56.126Z,345.609,345.624,0.0,7.4,0.0,0.0,0.0,0.0,0.0,0.0,0.0,0.0,1.0,0.0,0.0,0.0,9.0,4.0,0.0,0.0,0.0,0.0,0.0,0.0,0.0,0.0,1.0,12.0,1.0,12.17,5.01,2.51,1.49,0.0,0.1,0.0,142.4,0.0,0.7000000000000001,-0.3,-1.2000000000000002,-169.60000000000002,0.0,0.0,169.70000000000002,0.0,21.0,29.0,29.0,29.8,300.0,300.0,31.700000000000003,35.800000000000004,28.9,28.1,29.9,4.96,1.99,4.97,0.16,0.0,0.0,1027.0,8228.0,0.0,0.0,0.0,0.0,0.0,1.0,0.0,0.0,0.0,0.0,0.0,-1.3,0.0,0.9,0.0,0.0,16.0,25903.0
2026-07-30T19:02:56.138Z,345.621,345.636,0.0,7.4,0.0,0.0,0.0,0.0,0.0,0.0,0.0,0.0,1.0,0.0,0.0,0.0,9.0,4.0,0.0,0.0,0.0,0.0,0.0,0.0,0.0,0.0,3.0,12.0,1.0,12.17,5.01,2.51,1.49,0.0,0.0,0.0,144.9,0.0,0.1,0.7000000000000001,1.1,-169.60000000000002,0.0,0.0,169.60000000000002,0.0,21.0,29.0,29.0,29.8,300.0,300.0,31.700000000000003,35.800000000000004,28.9,28.1,29.9,4.96,1.99,4.97,0.16,0.0,0.0,1027.0,8228.0,0.0,0.0,0.0,0.0,0.0,1.0,0.0,0.0,0.0,0.0,0.0,1.7000000000000002,0.0,-0.8,0.0,0.0,16.0,25903.0
2026-07-30T19:02:56.150Z,345.633,345.648,0.0,7.4,0.0,0.0,0.0,0.0,0.0,0.0,0.0,0.0,1.0,0.0,0.0,0.0,9.0,4.0,0.0,0.0,0.0,0.0,0.0,0.0,0.0,0.0,5.0,12.0,1.0,12.17,5.01,2.51,1.49,0.0,0.0,0.0,147.4,0.0,0.1,0.1,0.5,-169.60000000000002,0.0,0.0,169.60000000000002,0.0,21.0,29.0,29.0,29.8,300.0,300.0,31.700000000000003,35.800000000000004,28.9,28.1,29.9,4.96,1.99,4.97,0.16,0.0,0.0,1027.0,8228.0,0.0,0.0,0.0,0.0,0.0,1.0,0.0,0.0,0.0,0.0,0.0,0.5,0.0,-0.4,0.0,0.0,16.0,25903.0
2026-07-30T19:02:56.163Z,345.646,345.66,0.0,7.4,0.0,0.0,0.0,0.0,0.0,0.0,0.0,0.0,1.0,0.0,0.0,0.0,9.0,4.0,0.0,0.0,0.0,0.0,0.0,0.0,0.0,0.0,6.0,12.0,1.0,12.22,5.01,2.51,1.49,0.0,0.1,0.0,149.8,0.0,-0.3,-0.4,0.4,-169.60000000000002,0.0,0.0,169.60000000000002,0.0,21.700000000000003,29.0,29.0,29.8,300.0,300.0,31.700000000000003,35.7,28.9,28.1,29.9,4.95,1.99,4.96,0.16,0.0,0.0,1027.0,8228.0,0.0,0.0,0.0,0.0,0.0,1.0,0.0,0.0,0.0,0.0,0.0,-0.1,0.0,-0.4,0.0,0.0,16.0,25903.0
2026-07-30T19:02:56.174Z,345.657,345.672,0.0,7.4,0.0,0.0,0.0,0.0,0.0,0.0,0.0,0.0,1.0,0.0,0.0,0.0,9.0,4.0,0.0,0.0,0.0,0.0,0.0,0.0,0.0,0.0,2.0,12.0,1.0,12.22,5.01,2.51,1.49,0.0,0.0,0.0,152.20000000000002,0.0,0.2,-1.0,-1.8,-169.60000000000002,0.0,0.0,169.60000000000002,0.0,21.700000000000003,29.0,29.0,29.8,300.0,300.0,31.700000000000003,35.7,28.9,28.1,29.9,4.95,1.99,4.97,0.16,0.0,0.0,1027.0,8228.0,0.0,0.0,0.0,0.0,0.0,1.0,0.0,0.0,0.0,0.0,0.0,-2.5,0.0,1.4,0.0,0.0,16.0,25903.0
2026-07-30T19:02:56.186Z,345.669,345.684,0.0,7.4,0.0,0.0,0.0,0.0,0.0,0.0,0.0,0.0,1.0,0.0,0.0,0.0,9.0,4.0,0.0,0.0,0.0,0.0,0.0,0.0,0.0,0.0,3.0,12.0,1.0,12.22,5.01,2.51,1.49,0.0,0.0,0.0,154.60000000000002,0.0,0.2,0.1,-0.6000000000000001,-169.60000000000002,0.0,0.0,169.60000000000002,0.0,21.700000000000003,29.0,29.0,29.8,300.0,300.0,31.700000000000003,35.7,28.9,28.1,29.9,4.95,1.99,4.97,0.16,0.0,0.0,1027.0,8228.0,0.0,0.0,0.0,0.0,0.0,1.0,0.0,0.0,0.0,0.0,0.0,-0.3,0.0,0.6000000000000001,0.0,0.0,16.0,25903.0
2026-07-30T19:02:56.198Z,345.681,345.696,0.0,7.4,0.0,0.0,0.0,0.0,0.0,0.0,0.0,0.0,1.0,0.0,0.0,0.0,9.0,4.0,0.0,0.0,0.0,0.0,0.0,0.0,0.0,0.0,4.0,12.0,1.0,12.22,5.01,2.51,1.49,0.0,0.0,0.0,156.9,0.0,-0.3,0.0,-0.7000000000000001,-169.60000000000002,0.0,0.0,169.60000000000002,0.0,21.700000000000003,29.0,29.0,29.8,300.0,300.0,31.700000000000003,35.7,28.9,28.1,29.9,4.96,1.99,4.97,0.16,0.0,0.0,1027.0,8228.0,0.0,0.0,0.0,0.0,0.0,1.0,0.0,0.0,0.0,0.0,0.0,-0.4,0.0,0.6000000000000001,0.0,0.0,16.0,25903.0
2026-07-30T19:02:56.210Z,345.693,345.708,0.0,7.4,0.0,0.0,0.0,0.0,0.0,0.0,0.0,0.0,1.0,0.0,0.0,0.0,9.0,4.0,0.0,0.0,0.0,0.0,0.0,0.0,0.0,0.0,6.0,12.0,1.0,12.22,5.01,2.51,1.49,0.0,0.0,0.0,159.3,0.0,0.2,0.1,-0.7000000000000001,-169.60000000000002,0.0,0.0,169.60000000000002,0.0,21.700000000000003,29.0,29.0,29.8,300.0,300.0,31.700000000000003,35.7,28.9,28.1,29.9,4.95,1.99,4.96,0.16,0.0,0.0,1027.0,8228.0,0.0,0.0,0.0,0.0,0.0,1.0,0.0,0.0,0.0,0.0,0.0,-0.4,0.0,0.7000000000000001,0.0,0.0,16.0,25903.0
2026-07-30T19:02:56.222Z,345.705,345.72,0.0,7.4,0.0,0.0,0.0,0.0,0.0,0.0,0.0,0.0,1.0,0.0,0.0,0.0,9.0,4.0,0.0,0.0,0.0,0.0,0.0,0.0,0.0,0.0,1.0,12.0,1.0,12.22,5.01,2.51,1.49,0.0,0.0,0.0,161.60000000000002,0.0,-0.9,-0.4,-0.7000000000000001,-169.60000000000002,0.0,0.0,169.60000000000002,0.0,21.700000000000003,29.0,29.0,29.8,300.0,300.0,31.700000000000003,35.7,28.9,28.1,29.9,4.95,1.99,4.97,0.16,0.0,0.0,1027.0,8228.0,0.0,0.0,0.0,0.0,0.0,1.0,0.0,0.0,0.0,0.0,0.0,-1.0,0.0,0.5,0.0,0.0,16.0,25903.0
2026-07-30T19:02:56.234Z,345.717,345.732,0.0,7.4,0.0,0.0,0.0,0.0,0.0,0.0,0.0,0.0,1.0,0.0,0.0,0.0,9.0,4.0,0.0,0.0,0.0,0.0,0.0,0.0,0.0,0.0,2.0,12.0,1.0,12.22,5.01,2.51,1.49,0.0,0.0,0.0,163.8,0.0,0.2,0.1,-0.8,-169.60000000000002,0.0,0.0,169.60000000000002,0.0,21.700000000000003,29.0,29.0,29.8,300.0,300.0,31.700000000000003,35.7,28.9,28.1,29.9,4.95,1.99,4.96,0.16,0.0,0.0,1027.0,8228.0,0.0,0.0,0.0,0.0,0.0,1.0,0.0,0.0,0.0,0.0,0.0,-0.4,0.0,0.7000000000000001,0.0,0.0,16.0,25903.0
2026-07-30T19:02:56.246Z,345.729,345.744,0.0,7.4,0.0,0.0,0.0,0.0,0.0,0.0,0.0,0.0,1.0,0.0,0.0,0.0,9.0,4.0,0.0,0.0,0.0,0.0,0.0,0.0,0.0,0.0,3.0,12.0,1.0,12.22,5.01,2.51,1.49,0.0,0.0,0.0,166.10000000000002,0.0,-0.4,0.1,-0.8,-169.60000000000002,0.0,0.0,169.60000000000002,0.0,21.700000000000003,29.0,29.0,29.8,300.0,300.0,31.700000000000003,35.7,28.9,28.1,29.9,4.96,1.99,4.96,0.16,0.0,0.0,1027.0,8228.0,0.0,0.0,0.0,0.0,0.0,1.0,0.0,0.0,0.0,0.0,0.0,-0.4,0.0,0.7000000000000001,0.0,0.0,16.0,25903.0
2026-07-30T19:02:56.257Z,345.74,345.75600000000003,0.0,7.4,0.0,0.0,0.0,0.0,0.0,0.0,0.0,0.0,1.0,0.0,0.0,0.0,9.0,4.0,0.0,0.0,0.0,0.0,0.0,0.0,0.0,0.0,4.0,12.0,1.0,12.22,5.01,2.51,1.49,0.0,0.0,0.0,168.3,0.0,0.7000000000000001,0.1,0.3,-169.60000000000002,0.0,0.0,169.60000000000002,0.0,21.700000000000003,29.0,29.0,29.8,300.0,300.0,31.700000000000003,35.7,28.9,28.1,29.9,4.95,1.99,4.97,0.16,0.0,0.0,1027.0,8228.0,0.0,0.0,0.0,0.0,0.0,1.0,0.0,0.0,0.0,0.0,0.0,0.0,0.0,0.2,0.0,0.0,16.0,25903.0
2026-07-30T19:02:56.270Z,345.753,345.76800000000003,0.0,7.4,0.0,0.0,0.0,0.0,0.0,0.0,0.0,0.0,1.0,0.0,0.0,0.0,9.0,4.0,0.0,0.0,0.0,0.0,0.0,0.0,0.0,0.0,6.0,12.0,1.0,12.18,5.0200000000000005,2.5,1.49,0.0,0.0,0.0,170.5,0.0,-0.3,0.1,0.4,-169.60000000000002,0.0,0.0,169.60000000000002,0.0,20.9,29.0,29.0,29.9,300.0,300.0,31.8,35.800000000000004,28.9,28.1,29.9,4.96,1.99,4.97,0.16,0.0,0.0,1027.0,8228.0,0.0,0.0,0.0,0.0,0.0,1.0,0.0,0.0,0.0,0.0,0.0,-0.6000000000000001,0.0,0.0,0.0,0.0,16.0,25903.0
2026-07-30T19:02:56.282Z,345.765,345.78000000000003,0.0,7.4,0.0,0.0,0.0,0.0,0.0,0.0,0.0,0.0,1.0,0.0,0.0,0.0,9.0,4.0,0.0,0.0,0.0,0.0,0.0,0.0,0.0,0.0,1.0,12.0,1.0,12.18,5.0200000000000005,2.5,1.49,0.0,0.0,0.0,172.70000000000002,0.0,-0.9,1.2000000000000002,-0.8,-169.60000000000002,0.0,0.0,169.70000000000002,0.0,20.9,29.0,29.0,29.9,300.0,300.0,31.8,35.800000000000004,28.9,28.1,29.9,4.96,1.99,4.97,0.16,0.0,0.0,1027.0,8228.0,0.0,0.0,0.0,0.0,0.0,1.0,0.0,0.0,0.0,0.0,0.0,0.1,0.0,-0.9,0.0,0.0,16.0,25903.0
2026-07-30T19:02:56.293Z,345.776,345.79200000000003,0.0,7.4,0.0,0.0,0.0,0.0,0.0,0.0,0.0,0.0,1.0,0.0,0.0,0.0,9.0,4.0,0.0,0.0,0.0,0.0,0.0,0.0,0.0,0.0,2.0,12.0,1.0,12.18,5.0200000000000005,2.5,1.49,0.0,0.0,0.0,174.8,0.0,-0.9,0.0,0.3,-169.60000000000002,0.0,0.0,169.60000000000002,0.0,20.9,29.0,29.0,29.9,300.0,300.0,31.8,35.800000000000004,28.9,28.1,29.9,4.96,1.99,4.97,0.16,0.0,0.0,1027.0,8228.0,0.0,0.0,0.0,0.0,0.0,1.0,0.0,0.0,0.0,0.0,0.0,0.3,0.0,-0.2,0.0,0.0,16.0,25903.0
2026-07-30T19:02:56.306Z,345.789,345.80400000000003,0.0,7.4,0.0,0.0,0.0,0.0,0.0,0.0,0.0,0.0,1.0,0.0,0.0,0.0,9.0,4.0,0.0,0.0,0.0,0.0,0.0,0.0,0.0,0.0,3.0,12.0,1.0,12.18,5.0200000000000005,2.5,1.49,0.0,0.0,0.0,176.9,0.0,-0.3,0.1,-1.3,-169.60000000000002,0.0,0.0,169.60000000000002,0.0,20.9,29.0,29.0,29.9,300.0,300.0,31.8,35.800000000000004,28.9,28.1,29.9,4.96,1.99,4.97,0.16,0.0,0.0,1027.0,8228.0,0.0,0.0,0.0,0.0,0.0,1.0,0.0,0.0,0.0,0.0,0.0,-0.9,0.0,1.2000000000000002,0.0,0.0,16.0,25903.0
2026-07-30T19:02:56.318Z,345.801,345.81600000000003,0.0,7.4,0.0,0.0,0.0,0.0,0.0,0.0,0.0,0.0,1.0,0.0,0.0,0.0,9.0,4.0,0.0,0.0,0.0,0.0,0.0,0.0,0.0,0.0,5.0,12.0,1.0,12.18,5.0200000000000005,2.5,1.49,0.0,0.0,0.0,179.0,0.0,0.2,-1.0,-0.7000000000000001,-169.60000000000002,0.0,0.0,169.60000000000002,0.0,20.9,29.0,29.0,29.9,300.0,300.0,31.8,35.800000000000004,28.9,28.1,29.9,4.96,1.99,4.96,0.16,0.0,0.0,1027.0,8228.0,0.0,0.0,0.0,0.0,0.0,1.0,0.0,0.0,0.0,0.0,0.0,-1.7000000000000002,0.0,0.4,0.0,0.0,16.0,25903.0
2026-07-30T19:02:56.330Z,345.813,345.82800000000003,0.0,7.4,0.0,0.0,0.0,0.0,0.0,0.0,0.0,0.0,1.0,0.0,0.0,0.0,9.0,4.0,0.0,0.0,0.0,0.0,0.0,0.0,0.0,0.0,6.0,12.0,1.0,12.18,5.0200000000000005,2.5,1.49,0.0,0.0,0.0,181.1,0.0,-0.3,0.7000000000000001,-0.2,-169.60000000000002,0.0,0.0,169.60000000000002,0.0,20.9,29.0,29.0,29.9,300.0,300.0,31.8,35.800000000000004,28.9,28.1,29.9,4.96,2.0,4.97,0.16,0.0,0.0,1027.0,8228.0,0.0,0.0,0.0,0.0,0.0,1.0,0.0,0.0,0.0,0.0,0.0,0.6000000000000001,0.0,0.3,0.0,0.0,16.0,25903.0
2026-07-30T19:02:56.342Z,345.825,345.84000000000003,0.0,7.4,0.0,0.0,0.0,0.0,0.0,0.0,0.0,0.0,1.0,0.0,0.0,0.0,9.0,4.0,0.0,0.0,0.0,0.0,0.0,0.0,0.0,0.0,1.0,12.0,1.0,12.18,5.0200000000000005,2.5,1.49,0.0,0.0,0.0,183.1,0.0,-0.4,0.1,0.3,-169.60000000000002,0.0,0.0,169.60000000000002,0.0,20.9,29.0,29.0,29.9,300.0,300.0,31.8,35.800000000000004,28.9,28.1,29.9,4.95,1.99,4.97,0.16,0.0,0.0,1027.0,8228.0,0.0,0.0,0.0,0.0,0.0,1.0,0.0,0.0,0.0,0.0,0.0,0.4,0.0,-0.3,0.0,0.0,16.0,25903.0
2026-07-30T19:02:56.354Z,345.837,345.85200000000003,0.0,7.4,0.0,0.0,0.0,0.0,0.0,0.0,0.0,0.0,1.0,0.0,0.0,0.0,9.0,4.0,0.0,0.0,0.0,0.0,0.0,0.0,0.0,0.0,2.0,12.0,1.0,12.18,5.0200000000000005,2.5,1.49,0.0,0.0,0.0,185.1,0.0,-0.9,-0.4,-0.1,-169.60000000000002,0.0,0.0,169.60000000000002,0.0,20.9,29.0,29.0,29.9,300.0,300.0,31.8,35.800000000000004,28.9,28.1,29.9,4.96,1.99,4.96,0.16,0.0,0.0,1027.0,8228.0,0.0,0.0,0.0,0.0,0.0,1.0,0.0,0.0,0.0,0.0,0.0,-0.6000000000000001,0.0,0.0,0.0,0.0,16.0,25903.0
2026-07-30T19:02:56.367Z,345.85,345.86400000000003,0.0,7.4,0.0,0.0,0.0,0.0,0.0,0.0,0.0,0.0,1.0,0.0,0.0,0.0,9.0,4.0,0.0,0.0,0.0,0.0,0.0,0.0,0.0,0.0,3.0,12.0,1.0,12.17,5.01,2.5,1.49,0.0,0.0,0.0,187.1,0.0,0.2,-1.1,-1.4,-169.60000000000002,0.0,0.0,169.60000000000002,0.0,21.9,29.0,29.0,30.0,300.0,300.0,31.8,35.7,28.9,28.1,29.9,4.96,2.0,4.96,0.16,0.0,0.0,1027.0,8228.0,0.0,0.0,0.0,0.0,0.0,1.0,0.0,0.0,0.0,0.0,0.0,-2.3000000000000003,0.0,1.0,0.0,0.0,16.0,25903.0
2026-07-30T19:02:56.377Z,345.86,345.87600000000003,0.0,7.4,0.0,0.0,0.0,0.0,0.0,0.0,0.0,0.0,1.0,0.0,0.0,0.0,9.0,4.0,0.0,0.0,0.0,0.0,0.0,0.0,0.0,0.0,4.0,12.0,1.0,12.17,5.01,2.5,1.49,0.0,0.0,0.0,189.0,0.0,0.7000000000000001,0.6000000000000001,0.3,-169.60000000000002,0.0,0.0,169.60000000000002,0.0,21.9,29.0,29.0,30.0,300.0,300.0,31.8,35.7,28.9,28.1,29.9,4.96,2.0,4.97,0.16,0.0,0.0,1027.0,8228.0,0.0,0.0,0.0,0.0,0.0,1.0,0.0,0.0,0.0,0.0,0.0,0.9,0.0,-0.1,0.0,0.0,16.0,25903.0
2026-07-30T19:02:56.389Z,345.872,345.88800000000003,0.0,7.4,0.0,0.0,0.0,0.0,0.0,0.0,0.0,0.0,1.0,0.0,0.0,0.0,9.0,4.0,0.0,0.0,0.0,0.0,0.0,0.0,0.0,0.0,5.0,12.0,1.0,12.17,5.01,2.5,1.49,0.0,0.1,0.0,191.0,0.0,0.1,0.6000000000000001,0.3,-169.60000000000002,0.0,0.0,169.60000000000002,0.0,21.9,29.0,29.0,30.0,300.0,300.0,31.8,35.7,28.9,28.1,29.9,4.95,1.99,4.97,0.16,0.0,0.0,1027.0,8228.0,0.0,0.0,0.0,0.0,0.0,1.0,0.0,0.0,0.0,0.0,0.0,0.9,0.0,-0.1,0.0,0.0,16.0,25903.0
2026-07-30T19:02:56.402Z,345.885,345.90000000000003,0.0,7.4,0.0,0.0,0.0,0.0,0.0,0.0,0.0,0.0,1.0,0.0,0.0,0.0,9.0,4.0,0.0,0.0,0.0,0.0,0.0,0.0,0.0,0.0,6.0,12.0,1.0,12.17,5.01,2.5,1.49,0.0,0.1,0.0,192.9,0.0,1.3,2.9000000000000004,0.3,-169.60000000000002,0.0,0.0,169.60000000000002,0.0,21.9,29.0,29.0,30.0,300.0,300.0,31.8,35.7,28.9,28.1,29.9,4.96,1.99,4.96,0.16,0.0,0.0,1027.0,8228.0,0.0,0.0,0.0,0.0,0.0,1.0,0.0,0.0,0.0,0.0,0.0,3.6,0.0,0.3,0.0,0.0,16.0,25903.0
2026-07-30T19:02:56.414Z,345.897,345.91200000000003,0.0,7.4,0.0,0.0,0.0,0.0,0.0,0.0,0.0,0.0,1.0,0.0,0.0,0.0,9.0,4.0,0.0,0.0,0.0,0.0,0.0,0.0,0.0,0.0,1.0,12.0,1.0,12.17,5.01,2.5,1.49,0.0,0.0,0.0,194.7,0.0,-0.3,-0.5,0.3,-169.60000000000002,0.0,0.0,169.60000000000002,0.0,21.9,29.0,29.0,30.0,300.0,300.0,31.8,35.7,28.9,28.1,29.9,4.95,2.0,4.97,0.16,0.0,0.0,1027.0,8228.0,0.0,0.0,0.0,0.0,0.0,1.0,0.0,0.0,0.0,0.0,0.0,-0.3,0.0,-0.4,0.0,0.0,16.0,25903.0
2026-07-30T19:02:56.426Z,345.909,345.92400000000004,0.0,7.4,0.0,0.0,0.0,0.0,0.0,0.0,0.0,0.0,1.0,0.0,0.0,0.0,9.0,4.0,0.0,0.0,0.0,0.0,0.0,0.0,0.0,0.0,2.0,12.0,1.0,12.17,5.01,2.5,1.49,0.0,0.0,0.0,196.6,0.0,-0.3,1.1,-1.3,-169.60000000000002,0.0,0.0,169.60000000000002,0.0,21.9,29.0,29.0,30.0,300.0,300.0,31.8,35.7,28.9,28.1,29.9,4.95,1.99,4.96,0.16,0.0,0.0,1027.0,8228.0,0.0,0.0,0.0,0.0,0.0,1.0,0.0,0.0,0.0,0.0,0.0,0.3,0.0,1.4,0.0,0.0,16.0,25903.0
2026-07-30T19:02:56.438Z,345.921,345.93600000000004,0.0,7.4,0.0,0.0,0.0,0.0,0.0,0.0,0.0,0.0,1.0,0.0,0.0,0.0,9.0,4.0,0.0,0.0,0.0,0.0,0.0,0.0,0.0,0.0,3.0,12.0,1.0,12.17,5.01,2.5,1.49,0.0,0.0,0.0,198.5,0.0,0.8,0.0,0.4,-169.60000000000002,0.0,0.0,169.60000000000002,0.0,21.9,29.0,29.0,30.0,300.0,300.0,31.8,35.7,28.9,28.1,29.9,4.96,1.99,4.96,0.16,0.0,0.0,1027.0,8228.0,0.0,0.0,0.0,0.0,0.0,1.0,0.0,0.0,0.0,0.0,0.0,0.3,0.0,-0.3,0.0,0.0,16.0,25903.0
2026-07-30T19:02:56.450Z,345.933,345.948,0.0,7.4,0.0,0.0,0.0,0.0,0.0,0.0,0.0,0.0,1.0,0.0,0.0,0.0,9.0,4.0,0.0,0.0,0.0,0.0,0.0,0.0,0.0,0.0,4.0,12.0,1.0,12.17,5.01,2.5,1.49,0.0,0.0,0.0,200.2,0.0,0.2,0.0,-0.1,-169.60000000000002,0.0,0.0,169.70000000000002,0.0,21.9,29.0,29.0,30.0,300.0,300.0,31.8,35.7,28.9,28.1,29.9,4.95,1.99,4.96,0.16,0.0,0.0,1027.0,8228.0,0.0,0.0,0.0,0.0,0.0,1.0,0.0,0.0,0.0,0.0,0.0,0.0,0.0,0.1,0.0,0.0,16.0,25903.0
2026-07-30T19:02:56.462Z,345.945,345.96,0.0,7.4,0.0,0.0,0.0,0.0,0.0,0.0,0.0,0.0,1.0,0.0,0.0,0.0,9.0,4.0,0.0,0.0,0.0,0.0,0.0,0.0,0.0,0.0,5.0,12.0,1.0,12.17,5.01,2.5,1.49,0.0,0.0,0.0,202.0,0.0,-0.2,-1.0,0.4,-169.60000000000002,0.0,0.0,169.60000000000002,0.0,21.9,29.0,29.0,30.0,300.0,300.0,31.8,35.7,28.9,28.1,29.9,4.95,1.99,4.97,0.16,0.0,0.0,1027.0,8228.0,0.0,0.0,0.0,0.0,0.0,1.0,0.0,0.0,0.0,0.0,0.0,-0.8,0.0,-0.6000000000000001,0.0,0.0001,16.0,25903.0
2026-07-30T19:02:56.474Z,345.957,345.972,0.0,7.4,0.0,0.0,0.0,0.0,0.0,0.0,0.0,0.0,1.0,0.0,0.0,0.0,9.0,4.0,0.0,0.0,0.0,0.0,0.0,0.0,0.0,0.0,6.0,12.0,1.0,12.15,5.0200000000000005,2.51,1.49,0.0,0.0,0.0,203.8,0.0,-0.2,0.1,-0.1,-169.60000000000002,0.0,0.0,169.60000000000002,0.0,21.700000000000003,29.0,28.9,30.0,300.0,300.0,31.700000000000003,35.800000000000004,28.9,28.1,29.9,4.95,1.99,4.97,0.16,0.0,0.0,1027.0,8228.0,0.0,0.0,0.0,0.0,0.0,1.0,0.0,0.0,0.0,0.0,0.0,0.0,0.0,0.1,0.0,0.0,16.0,25903.0
2026-07-30T19:02:56.486Z,345.969,345.984,0.0,7.4,0.0,0.0,0.0,0.0,0.0,0.0,0.0,0.0,1.0,0.0,0.0,0.0,9.0,4.0,0.0,0.0,0.0,0.0,0.0,0.0,0.0,0.0,1.0,12.0,1.0,12.15,5.0200000000000005,2.51,1.49,0.0,0.0,0.0,205.6,0.0,-0.2,0.7000000000000001,-0.7000000000000001,-169.60000000000002,0.0,0.0,169.60000000000002,0.0,21.700000000000003,29.0,28.9,30.0,300.0,300.0,31.700000000000003,35.800000000000004,28.9,28.1,29.9,4.96,1.99,4.97,0.16,0.0,0.0,1027.0,8228.0,0.0,0.0,0.0,0.0,0.0,1.0,0.0,0.0,0.0,0.0,0.0,0.3,0.0,0.7000000000000001,0.0,0.0,16.0,25903.0
2026-07-30T19:02:56.498Z,345.981,345.996,0.0,7.4,0.0,0.0,0.0,0.0,0.0,0.0,0.0,0.0,1.0,0.0,0.0,0.0,9.0,4.0,0.0,0.0,0.0,0.0,0.0,0.0,0.0,0.0,2.0,12.0,1.0,12.15,5.0200000000000005,2.51,1.49,0.0,0.0,0.0,207.4,0.0,0.3,0.7000000000000001,0.4,-169.60000000000002,0.0,0.0,169.70000000000002,0.0,21.700000000000003,29.0,28.9,30.0,300.0,300.0,31.700000000000003,35.800000000000004,28.9,28.1,29.9,4.95,1.99,4.97,0.17,0.0,0.0,1027.0,8228.0,0.0,0.0,0.0,0.0,0.0,1.0,0.0,0.0,0.0,0.0,0.0,1.2000000000000002,0.0,-0.2,0.0,0.0,16.0,25903.0
2026-07-30T19:02:56.510Z,345.993,346.008,0.0,7.4,0.0,0.0,0.0,0.0,0.0,0.0,0.0,0.0,1.0,0.0,0.0,0.0,9.0,4.0,0.0,0.0,0.0,0.0,0.0,0.0,0.0,0.0,3.0,12.0,1.0,12.15,5.0200000000000005,2.51,1.49,0.0,0.0,0.0,209.0,0.0,-0.8,-0.4,-0.6000000000000001,-169.60000000000002,0.0,0.0,169.60000000000002,0.0,21.700000000000003,29.0,28.9,30.0,300.0,300.0,31.700000000000003,35.800000000000004,28.9,28.1,29.9,4.96,1.99,4.96,0.17,0.0,0.0,1027.0,8228.0,0.0,0.0,0.0,0.0,0.0,1.0,0.0,0.0,0.0,0.0,0.0,-0.9,0.0,0.4,0.0,0.0,16.0,25903.0
2026-07-30T19:02:56.522Z,346.005,346.02,0.0,7.4,0.0,0.0,0.0,0.0,0.0,0.0,0.0,0.0,1.0,0.0,0.0,0.0,9.0,4.0,0.0,0.0,0.0,0.0,0.0,0.0,0.0,0.0,5.0,12.0,1.0,12.15,5.0200000000000005,2.51,1.49,0.0,0.0,0.0,210.8,0.0,0.3,0.1,0.0,-169.60000000000002,0.0,0.0,169.70000000000002,0.0,21.700000000000003,29.0,28.9,30.0,300.0,300.0,31.700000000000003,35.800000000000004,28.9,28.1,29.9,4.96,2.0,4.96,0.16,0.0,0.0,1027.0,8228.0,0.0,0.0,0.0,0.0,0.0,1.0,0.0,0.0,0.0,0.0,0.0,0.1,0.0,0.0,0.0,0.0,16.0,25903.0
2026-07-30T19:02:56.534Z,346.017,346.032,0.0,7.4,0.0,0.0,0.0,0.0,0.0,0.0,0.0,0.0,1.0,0.0,0.0,0.0,9.0,4.0,0.0,0.0,0.0,0.0,0.0,0.0,0.0,0.0,6.0,12.0,1.0,12.15,5.0200000000000005,2.51,1.49,0.0,0.0,0.0,212.5,0.0,0.3,0.7000000000000001,1.1,-169.60000000000002,0.0,0.0,169.60000000000002,0.0,21.700000000000003,29.0,28.9,30.0,300.0,300.0,31.700000000000003,35.800000000000004,28.9,28.1,29.9,4.95,1.99,4.96,0.16,0.0,0.0,1027.0,8228.0,0.0,0.0,0.0,0.0,0.0,1.0,0.0,0.0,0.0,0.0,0.0,1.7000000000000002,0.0,-0.8,0.0,0.0,16.0,25903.0
2026-07-30T19:02:56.546Z,346.029,346.044,0.0,7.4,0.0,0.0,0.0,0.0,0.0,0.0,0.0,0.0,1.0,0.0,0.0,0.0,9.0,4.0,0.0,0.0,0.0,0.0,0.0,0.0,0.0,0.0,1.0,12.0,1.0,12.15,5.0200000000000005,2.51,1.49,0.0,0.0,0.0,214.0,0.0,-0.7000000000000001,-1.5,-1.2000000000000002,-169.60000000000002,0.0,0.0,169.60000000000002,0.0,21.700000000000003,29.0,28.9,30.0,300.0,300.0,31.700000000000003,35.800000000000004,28.9,28.1,29.9,4.96,1.99,4.97,0.16,0.0,0.0,1027.0,8228.0,0.0,0.0,0.0,0.0,0.0,1.0,0.0,0.0,0.0,0.0,0.0,-2.6,0.0,0.7000000000000001,0.0,0.0,16.0,25903.0
2026-07-30T19:02:56.558Z,346.041,346.056,0.0,7.4,0.0,0.0,0.0,0.0,0.0,0.0,0.0,0.0,1.0,0.0,0.0,0.0,9.0,4.0,0.0,0.0,0.0,0.0,0.0,0.0,0.0,0.0,2.0,12.0,1.0,12.15,5.0200000000000005,2.51,1.49,0.0,0.0,0.0,215.7,0.0,0.3,-1.5,0.0,-169.60000000000002,0.0,0.0,169.60000000000002,0.0,21.700000000000003,29.0,28.9,30.0,300.0,300.0,31.700000000000003,35.800000000000004,28.9,28.1,29.9,4.96,2.0,4.97,0.16,0.0,0.0,1027.0,8228.0,0.0,0.0,0.0,0.0,0.0,1.0,0.0,0.0,0.0,0.0,0.0,-1.7000000000000002,0.0,-0.2,0.0,0.0,16.0,25903.0
2026-07-30T19:02:56.571Z,346.054,346.068,0.0,7.4,0.0,0.0,0.0,0.0,0.0,0.0,0.0,0.0,1.0,0.0,0.0,0.0,9.0,4.0,0.0,0.0,0.0,0.0,0.0,0.0,0.0,0.0,3.0,12.0,1.0,12.14,5.01,2.5,1.49,0.0,0.1,0.0,217.3,0.0,-0.7000000000000001,0.8,0.5,-169.60000000000002,0.0,0.0,169.60000000000002,0.0,21.200000000000003,29.0,28.9,30.1,300.0,300.0,31.6,35.800000000000004,28.9,28.1,29.9,4.96,1.99,4.97,0.16,0.0,0.0,1027.0,8228.0,0.0,0.0,0.0,0.0,0.0,1.0,0.0,0.0,0.0,0.0,0.0,1.3,0.0,-0.2,0.0,0.0,16.0,25903.0
2026-07-30T19:02:56.581Z,346.064,346.08,0.0,7.4,0.0,0.0,0.0,0.0,0.0,0.0,0.0,0.0,1.0,0.0,0.0,0.0,9.0,4.0,0.0,0.0,0.0,0.0,0.0,0.0,0.0,0.0,4.0,12.0,1.0,12.14,5.01,2.5,1.49,0.0,0.0,0.0,218.9,0.0,-0.2,0.2,0.5,-169.60000000000002,0.0,0.0,169.60000000000002,0.0,21.200000000000003,29.0,28.9,30.1,300.0,300.0,31.6,35.800000000000004,28.9,28.1,29.9,4.95,1.99,4.97,0.16,0.0,0.0,1027.0,8228.0,0.0,0.0,0.0,0.0,0.0,1.0,0.0,0.0,0.0,0.0,0.0,0.6000000000000001,0.0,-0.4,0.0,0.0,16.0,25903.0
2026-07-30T19:02:56.594Z,346.077,346.092,0.0,7.4,0.0,0.0,0.0,0.0,0.0,0.0,0.0,0.0,1.0,0.0,0.0,0.0,9.0,4.0,0.0,0.0,0.0,0.0,0.0,0.0,0.0,0.0,5.0,12.0,1.0,12.14,5.01,2.5,1.49,0.0,0.0,0.0,220.4,0.0,-1.4,-0.4,0.5,-169.60000000000002,0.0,0.0,169.60000000000002,0.0,21.200000000000003,29.0,28.9,30.1,300.0,300.0,31.6,35.800000000000004,28.9,28.1,29.9,4.96,1.99,4.96,0.16,0.0,0.0,1027.0,8228.0,0.0,0.0,0.0,0.0,0.0,1.0,0.0,0.0,0.0,0.0,0.0,0.0,0.0,-0.5,0.0,0.0,16.0,25903.0
2026-07-30T19:02:56.606Z,346.089,346.104,0.0,7.4,0.0,0.0,0.0,0.0,0.0,0.0,0.0,0.0,1.0,0.0,0.0,0.0,9.0,4.0,0.0,0.0,0.0,0.0,0.0,0.0,0.0,0.0,1.0,12.0,1.0,12.14,5.01,2.5,1.49,0.0,0.0,0.0,222.0,0.0,0.9,0.1,-0.6000000000000001,-169.60000000000002,0.0,0.0,169.60000000000002,0.0,21.200000000000003,29.0,28.9,30.1,300.0,300.0,31.6,35.800000000000004,28.9,28.1,29.9,4.95,1.99,4.96,0.16,0.0,0.0,1027.0,8228.0,0.0,0.0,0.0,0.0,0.0,1.0,0.0,0.0,0.0,0.0,0.0,-0.2,0.0,0.5,0.0,0.0,16.0,25903.0
2026-07-30T19:02:56.618Z,346.101,346.116,0.0,7.4,0.0,0.0,0.0,0.0,0.0,0.0,0.0,0.0,1.0,0.0,0.0,0.0,9.0,4.0,0.0,0.0,0.0,0.0,0.0,0.0,0.0,0.0,2.0,12.0,1.0,12.14,5.01,2.5,1.49,0.0,0.0,0.0,223.5,0.0,-0.2,0.1,0.0,-169.60000000000002,0.0,0.0,169.60000000000002,0.0,21.200000000000003,29.0,28.9,30.1,300.0,300.0,31.6,35.800000000000004,28.9,28.1,29.9,4.95,1.99,4.97,0.16,0.0,0.0,1027.0,8228.0,0.0,0.0,0.0,0.0,0.0,1.0,0.0,0.0,0.0,0.0,0.0,0.2,0.0,0.0,0.0,0.0,16.0,25903.0
2026-07-30T19:02:56.630Z,346.113,346.128,0.0,7.4,0.0,0.0,0.0,0.0,0.0,0.0,0.0,0.0,1.0,0.0,0.0,0.0,9.0,4.0,0.0,0.0,0.0,0.0,0.0,0.0,0.0,0.0,3.0,12.0,1.0,12.14,5.01,2.5,1.49,0.0,0.0,0.0,225.0,0.0,-0.3,0.1,0.0,-169.60000000000002,0.0,0.0,169.60000000000002,0.0,21.200000000000003,29.0,28.9,30.1,300.0,300.0,31.6,35.800000000000004,28.9,28.1,29.9,4.95,2.0,4.97,0.16,0.0,0.0,1027.0,8228.0,0.0,0.0,0.0,0.0,0.0,1.0,0.0,0.0,0.0,0.0,0.0,0.1,0.0,0.0,0.0,0.0,16.0,25903.0
2026-07-30T19:02:56.642Z,346.125,346.14,0.0,7.4,0.0,0.0,0.0,0.0,0.0,0.0,0.0,0.0,1.0,0.0,0.0,0.0,9.0,4.0,0.0,0.0,0.0,0.0,0.0,0.0,0.0,0.0,5.0,12.0,1.0,12.14,5.01,2.5,1.49,0.0,0.0,0.0,226.5,0.0,-0.9,-1.5,1.1,-169.60000000000002,0.0,0.0,169.60000000000002,0.0,21.200000000000003,29.0,28.9,30.1,300.0,300.0,31.6,35.800000000000004,28.9,28.1,29.9,4.96,2.0,4.96,0.16,0.0,0.0,1027.0,8228.0,0.0,0.0,0.0,0.0,0.0,1.0,0.0,0.0,0.0,0.0,0.0,-0.9,0.0,-1.3,0.0,0.0,16.0,25903.0
2026-07-30T19:02:56.654Z,346.137,346.152,0.0,7.4,0.0,0.0,0.0,0.0,0.0,0.0,0.0,0.0,1.0,0.0,0.0,0.0,9.0,4.0,0.0,0.0,0.0,0.0,0.0,0.0,0.0,0.0,6.0,12.0,1.0,12.14,5.01,2.5,1.49,0.0,0.0,0.0,228.0,0.0,-0.3,0.7000000000000001,-0.6000000000000001,-169.60000000000002,0.0,0.0,169.60000000000002,0.0,21.200000000000003,29.0,28.9,30.1,300.0,300.0,31.6,35.800000000000004,28.9,28.1,29.9,4.95,1.99,4.96,0.16,0.0,0.0,1027.0,8228.0,0.0,0.0,0.0,0.0,0.0,1.0,0.0,0.0,0.0,0.0,0.0,0.4,0.0,0.6000000000000001,0.0,0.0,16.0,25903.0
2026-07-30T19:02:56.665Z,346.148,346.164,0.0,7.4,0.0,0.0,0.0,0.0,0.0,0.0,0.0,0.0,1.0,0.0,0.0,0.0,9.0,4.0,0.0,0.0,0.0,0.0,0.0,0.0,0.0,0.0,2.0,12.0,1.0,12.14,5.01,2.5,1.49,0.0,0.0,0.0,229.5,0.0,-0.3,1.3,1.7000000000000002,-169.60000000000002,0.0,0.0,169.60000000000002,0.0,21.200000000000003,29.0,28.9,30.1,300.0,300.0,31.6,35.800000000000004,28.9,28.1,29.9,4.95,1.99,4.96,0.16,0.0,0.0,1027.0,8228.0,0.0,0.0,0.0,0.0,0.0,1.0,0.0,0.0,0.0,0.0,0.0,2.8000000000000003,0.0,-1.2000000000000002,0.0,0.0,16.0,25903.0
2026-07-30T19:02:56.678Z,346.161,346.176,0.0,7.4,0.0,0.0,0.0,0.0,0.0,0.0,0.0,0.0,1.0,0.0,0.0,0.0,9.0,4.0,0.0,0.0,0.0,0.0,0.0,0.0,0.0,0.0,3.0,12.0,1.0,12.18,5.01,2.5,1.49,0.0,0.0,0.0,230.9,0.0,-0.3,0.7000000000000001,0.0,-169.60000000000002,0.0,0.0,169.60000000000002,0.0,21.4,29.0,28.9,30.1,300.0,300.0,31.6,35.800000000000004,28.9,28.1,29.9,4.96,1.99,4.96,0.16,0.0,0.0,1027.0,8228.0,0.0,0.0,0.0,0.0,0.0,1.0,0.0,0.0,0.0,0.0,0.0,0.8,0.0,0.1,0.0,0.0,16.0,25903.0
2026-07-30T19:02:56.690Z,346.173,346.188,0.0,7.4,0.0,0.0,0.0,0.0,0.0,0.0,0.0,0.0,1.0,0.0,0.0,0.0,9.0,4.0,0.0,0.0,0.0,0.0,0.0,0.0,0.0,0.0,5.0,12.0,1.0,12.18,5.01,2.5,1.49,0.0,0.0,0.0,232.3,0.0,0.2,0.8,0.6000000000000001,-169.60000000000002,0.0,0.0,169.60000000000002,0.0,21.4,29.0,28.9,30.1,300.0,300.0,31.6,35.800000000000004,28.9,28.1,29.9,4.95,1.99,4.97,0.16,0.0,0.0,1027.0,8228.0,0.0,0.0,0.0,0.0,0.0,1.0,0.0,0.0,0.0,0.0,0.0,1.3,0.0,-0.3,0.0,0.0,16.0,25903.0
2026-07-30T19:02:56.702Z,346.185,346.2,0.0,7.4,0.0,0.0,0.0,0.0,0.0,0.0,0.0,0.0,1.0,0.0,0.0,0.0,9.0,4.0,0.0,0.0,0.0,0.0,0.0,0.0,0.0,0.0,6.0,12.0,1.0,12.18,5.01,2.5,1.49,0.0,0.0,0.0,233.7,0.0,0.2,-0.9,0.0,-169.60000000000002,0.0,0.0,169.70000000000002,0.0,21.4,29.0,28.9,30.1,300.0,300.0,31.6,35.800000000000004,28.9,28.1,29.9,4.95,1.99,4.97,0.16,0.0,0.0,1027.0,8228.0,0.0,0.0,0.0,0.0,0.0,1.0,0.0,0.0,0.0,0.0,0.0,-1.1,0.0,-0.2,0.0,0.0,16.0,25903.0
2026-07-30T19:02:56.714Z,346.197,346.212,0.0,7.4,0.0,0.0,0.0,0.0,0.0,0.0,0.0,0.0,1.0,0.0,0.0,0.0,9.0,4.0,0.0,0.0,0.0,0.0,0.0,0.0,0.0,0.0,2.0,12.0,1.0,12.18,5.01,2.5,1.49,0.0,0.0,0.0,235.1,0.0,0.8,0.1,0.0,-169.60000000000002,0.0,0.0,169.70000000000002,0.0,21.4,29.0,28.9,30.1,300.0,300.0,31.6,35.800000000000004,28.9,28.1,29.9,4.95,1.99,4.96,0.16,0.0,0.0,1027.0,8228.0,0.0,0.0,0.0,0.0,0.0,1.0,0.0,0.0,0.0,0.0,0.0,0.2,0.0,0.0,0.0,0.0,16.0,25903.0
2026-07-30T19:02:56.726Z,346.209,346.224,0.0,7.4,0.0,0.0,0.0,0.0,0.0,0.0,0.0,0.0,1.0,0.0,0.0,0.0,9.0,4.0,0.0,0.0,0.0,0.0,0.0,0.0,0.0,0.0,3.0,12.0,1.0,12.18,5.01,2.5,1.49,0.0,0.1,0.0,236.5,0.0,0.2,0.7000000000000001,-0.5,-169.60000000000002,0.0,0.0,169.60000000000002,0.0,21.4,29.0,28.9,30.1,300.0,300.0,31.6,35.800000000000004,28.9,28.1,29.9,4.96,1.99,4.96,0.16,0.0,0.0,1027.0,8228.0,0.0,0.0,0.0,0.0,0.0,1.0,0.0,0.0,0.0,0.0,0.0,0.4,0.0,0.6000000000000001,0.0,0.0,16.0,25903.0
2026-07-30T19:02:56.737Z,346.22,346.236,0.0,7.4,0.0,0.0,0.0,0.0,0.0,0.0,0.0,0.0,1.0,0.0,0.0,0.0,9.0,4.0,0.0,0.0,0.0,0.0,0.0,0.0,0.0,0.0,5.0,12.0,1.0,12.18,5.01,2.5,1.49,0.0,0.0,0.0,237.8,0.0,0.2,-0.4,0.6000000000000001,-169.60000000000002,0.0,0.0,169.60000000000002,0.0,21.4,29.0,28.9,30.1,300.0,300.0,31.6,35.800000000000004,28.9,28.1,29.9,4.96,1.99,4.97,0.16,0.0,0.0,1027.0,8228.0,0.0,0.0,0.0,0.0,0.0,1.0,0.0,0.0,0.0,0.0,0.0,0.0,0.0,-0.6000000000000001,0.0,0.0,16.0,25903.0
2026-07-30T19:02:56.750Z,346.233,346.248,0.0,7.4,0.0,0.0,0.0,0.0,0.0,0.0,0.0,0.0,1.0,0.0,0.0,0.0,9.0,4.0,0.0,0.0,0.0,0.0,0.0,0.0,0.0,0.0,6.0,12.0,1.0,12.18,5.01,2.5,1.49,0.0,0.0,0.0,239.2,0.0,0.2,-0.3,1.1,-169.60000000000002,0.0,0.0,169.70000000000002,0.0,21.4,29.0,28.9,30.1,300.0,300.0,31.6,35.800000000000004,28.9,28.1,29.9,4.96,1.99,4.96,0.16,0.0,0.0,1027.0,8228.0,0.0,0.0,0.0,0.0,0.0,1.0,0.0,0.0,0.0,0.0,0.0,0.4,0.0,-1.1,0.0,0.0,16.0,25903.0
2026-07-30T19:02:56.762Z,346.245,346.26,0.0,7.4,0.0,0.0,0.0,0.0,0.0,0.0,0.0,0.0,1.0,0.0,0.0,0.0,9.0,4.0,0.0,0.0,0.0,0.0,0.0,0.0,0.0,0.0,2.0,12.0,1.0,12.18,5.01,2.5,1.49,0.0,0.0,0.0,240.5,0.0,-1.5,-0.3,-1.7000000000000002,-169.60000000000002,0.0,0.0,169.60000000000002,0.0,21.4,29.0,28.9,30.1,300.0,300.0,31.6,35.800000000000004,28.9,28.1,29.9,4.96,2.0,4.96,0.16,0.0,0.0,1027.0,8228.0,0.0,0.0,0.0,0.0,0.0,1.0,0.0,0.0,0.0,0.0,0.0,-1.7000000000000002,0.0,1.4,0.0,0.0,16.0,25903.0
2026-07-30T19:02:56.775Z,346.258,346.272,0.0,7.4,0.0,0.0,0.0,0.0,0.0,0.0,0.0,0.0,1.0,0.0,0.0,0.0,9.0,4.0,0.0,0.0,0.0,0.0,0.0,0.0,0.0,0.0,3.0,12.0,1.0,12.17,5.0200000000000005,2.51,1.49,0.0,0.0,0.0,241.8,0.0,0.8,0.2,0.0,-169.60000000000002,0.0,0.0,169.60000000000002,0.0,21.200000000000003,29.0,28.9,30.200000000000003,300.0,300.0,31.5,35.800000000000004,28.9,28.1,29.9,4.95,1.99,4.96,0.16,0.0,0.0,1027.0,8228.0,0.0,0.0,0.0,0.0,0.0,1.0,0.0,0.0,0.0,0.0,0.0,1.3,0.0,-0.4,0.0,0.0,16.0,25903.0
2026-07-30T19:02:56.786Z,346.269,346.284,0.0,7.4,0.0,0.0,0.0,0.0,0.0,0.0,0.0,0.0,1.0,0.0,0.0,0.0,9.0,4.0,0.0,0.0,0.0,0.0,0.0,0.0,0.0,0.0,4.0,12.0,1.0,12.17,5.0200000000000005,2.51,1.49,0.0,0.0,0.0,243.0,0.0,-0.3,-0.3,0.0,-169.60000000000002,0.0,0.0,169.60000000000002,0.0,21.200000000000003,29.0,28.9,30.200000000000003,300.0,300.0,31.5,35.800000000000004,28.9,28.1,29.9,4.96,1.99,4.97,0.16,0.0,0.0,1027.0,8228.0,0.0,0.0,0.0,0.0,0.0,1.0,0.0,0.0,0.0,0.0,0.0,-1.4,0.0,0.2,0.0,0.0,16.0,25903.0
2026-07-30T19:02:56.798Z,346.281,346.296,0.0,7.4,0.0,0.0,0.0,0.0,0.0,0.0,0.0,0.0,1.0,0.0,0.0,0.0,9.0,4.0,0.0,0.0,0.0,0.0,0.0,0.0,0.0,0.0,5.0,12.0,1.0,12.17,5.0200000000000005,2.51,1.49,0.0,0.0,0.0,244.4,0.0,-0.9,-1.5,-1.6,-169.60000000000002,0.0,0.0,169.70000000000002,0.0,21.200000000000003,29.0,28.9,30.200000000000003,300.0,300.0,31.5,35.800000000000004,28.9,28.1,29.9,4.96,1.99,4.96,0.16,0.0,0.0,1027.0,8228.0,0.0,0.0,0.0,0.0,0.0,1.0,0.0,0.0,0.0,0.0,0.0,-1.0,0.0,-0.2,0.0,0.0,16.0,25903.0
2026-07-30T19:02:56.810Z,346.293,346.308,0.0,7.4,0.0,0.0,0.0,0.0,0.0,0.0,0.0,0.0,1.0,0.0,0.0,0.0,9.0,4.0,0.0,0.0,0.0,0.0,0.0,0.0,0.0,0.0,6.0,12.0,1.0,12.17,5.0200000000000005,2.51,1.49,0.0,0.0,0.0,245.7,0.0,0.1,-0.3,-0.5,-169.60000000000002,0.0,0.0,169.70000000000002,0.0,21.200000000000003,29.0,28.9,30.200000000000003,300.0,300.0,31.5,35.800000000000004,28.9,28.1,29.9,4.95,1.99,4.97,0.16,0.0,0.0,1027.0,8228.0,0.0,0.0,0.0,0.0,0.0,1.0,0.0,0.0,0.0,0.0,0.0,-0.8,0.0,0.3,0.0,0.0,16.0,25903.0
2026-07-30T19:02:56.822Z,346.305,346.32,0.0,7.4,0.0,0.0,0.0,0.0,0.0,0.0,0.0,0.0,1.0,0.0,0.0,0.0,9.0,4.0,0.0,0.0,0.0,0.0,0.0,0.0,0.0,0.0,1.0,12.0,1.0,12.17,5.0200000000000005,2.51,1.49,0.0,0.0,0.0,246.8,0.0,-0.3,0.7000000000000001,0.0,-169.60000000000002,0.0,0.0,169.60000000000002,0.0,21.200000000000003,29.0,28.9,30.200000000000003,300.0,300.0,31.5,35.800000000000004,28.9,28.1,29.9,4.95,2.0,4.96,0.16,0.0,0.0,1027.0,8228.0,0.0,0.0,0.0,0.0,0.0,1.0,0.0,0.0,0.0,0.0,0.0,0.9,0.0,0.0,0.0,0.0,16.0,25903.0
2026-07-30T19:02:56.834Z,346.317,346.332,0.0,7.4,0.0,0.0,0.0,0.0,0.0,0.0,0.0,0.0,1.0,0.0,0.0,0.0,9.0,4.0,0.0,0.0,0.0,0.0,0.0,0.0,0.0,0.0,3.0,12.0,1.0,12.17,5.0200000000000005,2.51,1.49,0.0,0.0,0.0,248.1,0.0,0.1,-1.0,-0.5,-169.60000000000002,0.0,0.0,169.60000000000002,0.0,21.200000000000003,29.0,28.9,30.200000000000003,300.0,300.0,31.5,35.800000000000004,28.9,28.1,29.9,4.96,2.0,4.96,0.16,0.0,0.0,1027.0,8228.0,0.0,0.0,0.0,0.0,0.0,1.0,0.0,0.0,0.0,0.0,0.0,-1.5,0.0,0.2,0.0,0.0,16.0,25903.0
2026-07-30T19:02:56.845Z,346.328,346.344,0.0,7.4,0.0,0.0,0.0,0.0,0.0,0.0,0.0,0.0,1.0,0.0,0.0,0.0,9.0,4.0,0.0,0.0,0.0,0.0,0.0,0.0,0.0,0.0,4.0,12.0,1.0,12.17,5.0200000000000005,2.51,1.49,0.0,0.0,0.0,249.3,0.0,0.7000000000000001,-0.4,0.6000000000000001,-169.60000000000002,0.0,0.0,169.60000000000002,0.0,21.200000000000003,29.0,28.9,30.200000000000003,300.0,300.0,31.5,35.800000000000004,28.9,28.1,29.9,4.95,2.0,4.96,0.16,0.0,0.0,1027.0,8228.0,0.0,0.0,0.0,0.0,0.0,1.0,0.0,0.0,0.0,0.0,0.0,0.0,0.0,-0.6000000000000001,0.0,0.0,16.0,25903.0
2026-07-30T19:02:56.858Z,346.341,346.356,0.0,7.4,0.0,0.0,0.0,0.0,0.0,0.0,0.0,0.0,1.0,0.0,0.0,0.0,9.0,4.0,0.0,0.0,0.0,0.0,0.0,0.0,0.0,0.0,6.0,12.0,1.0,12.17,5.0200000000000005,2.51,1.49,0.0,0.0,0.0,250.5,0.0,-0.4,0.0,0.0,-169.60000000000002,0.0,0.0,169.60000000000002,0.0,21.200000000000003,29.0,28.9,30.200000000000003,300.0,300.0,31.5,35.800000000000004,28.9,28.1,29.9,4.95,1.99,4.97,0.16,0.0,0.0,1027.0,8228.0,0.0,0.0,0.0,0.0,0.0,1.0,0.0,0.0,0.0,0.0,0.0,0.1,0.0,0.0,0.0,0.0,16.0,25903.0
2026-07-30T19:02:56.869Z,346.352,346.368,0.0,7.4,0.0,0.0,0.0,0.0,0.0,0.0,0.0,0.0,1.0,0.0,0.0,0.0,9.0,4.0,0.0,0.0,0.0,0.0,0.0,0.0,0.0,0.0,1.0,12.0,1.0,12.17,5.0200000000000005,2.51,1.49,0.0,0.0,0.0,251.7,0.0,0.7000000000000001,1.2000000000000002,-0.5,-169.60000000000002,0.0,0.0,169.60000000000002,0.0,21.200000000000003,29.0,28.9,30.200000000000003,300.0,300.0,31.5,35.800000000000004,28.9,28.1,29.9,4.95,1.99,4.96,0.16,0.0,0.0,1027.0,8228.0,0.0,0.0,0.0,0.0,0.0,1.0,0.0,0.0,0.0,0.0,0.0,0.9,0.0,0.7000000000000001,0.0,0.0,16.0,25903.0
2026-07-30T19:02:56.882Z,346.365,346.38,-0.1,7.4,0.0,0.0,0.0,0.0,0.0,0.0,0.0,0.0,1.0,0.0,0.0,0.0,9.0,4.0,0.0,0.0,0.0,0.0,0.0,0.0,0.0,0.0,3.0,12.0,1.0,12.17,5.01,2.51,1.49,0.0,0.1,0.0,252.8,0.0,-0.9,0.0,1.1,-169.60000000000002,0.0,0.0,169.60000000000002,0.0,21.700000000000003,29.0,28.9,30.200000000000003,300.0,300.0,31.5,35.800000000000004,28.9,28.1,29.9,4.96,1.99,4.96,0.16,0.0,0.0,1027.0,8228.0,0.0,0.0,0.0,0.0,0.0,1.0,0.0,0.0,0.0,0.0,0.0,0.9,0.0,-0.9,0.0,0.0,16.0,25903.0
2026-07-30T19:02:56.894Z,346.377,346.392,0.0,7.4,0.0,0.0,0.0,0.0,0.0,0.0,0.0,0.0,1.0,0.0,0.0,0.0,9.0,4.0,0.0,0.0,0.0,0.0,0.0,0.0,0.0,0.0,4.0,12.0,1.0,12.17,5.01,2.51,1.49,0.0,0.0,0.0,254.0,0.0,0.1,-0.5,-0.6000000000000001,-169.60000000000002,0.0,0.0,169.60000000000002,0.0,21.700000000000003,29.0,28.9,30.200000000000003,300.0,300.0,31.5,35.800000000000004,28.9,28.1,29.9,4.95,1.99,4.97,0.16,0.0,0.0,1027.0,8228.0,0.0,0.0,0.0,0.0,0.0,1.0,0.0,0.0,0.0,0.0,0.0,-1.0,0.0,0.4,0.0,0.0,16.0,25903.0
2026-07-30T19:02:56.906Z,346.389,346.404,0.0,7.4,0.0,0.0,0.0,0.0,0.0,0.0,0.0,0.0,1.0,0.0,0.0,0.0,9.0,4.0,0.0,0.0,0.0,0.0,0.0,0.0,0.0,0.0,6.0,12.0,1.0,12.17,5.01,2.51,1.49,0.0,0.0,0.0,255.1,0.0,-0.4,0.0,0.0,-169.60000000000002,0.0,0.0,169.60000000000002,0.0,21.700000000000003,29.0,28.9,30.200000000000003,300.0,300.0,31.5,35.800000000000004,28.9,28.1,29.9,4.96,1.99,4.97,0.16,0.0,0.0,1027.0,8228.0,0.0,0.0,0.0,0.0,0.0,1.0,0.0,0.0,0.0,0.0,0.0,0.0,0.0,0.0,0.0,0.0,16.0,25903.0
2026-07-30T19:02:56.918Z,346.401,346.416,0.0,7.4,0.0,0.0,0.0,0.0,0.0,0.0,0.0,0.0,1.0,0.0,0.0,0.0,9.0,4.0,0.0,0.0,0.0,0.0,0.0,0.0,0.0,0.0,1.0,12.0,1.0,12.17,5.01,2.51,1.49,0.0,0.0,0.0,256.2,0.0,0.2,1.8,1.0,-169.60000000000002,0.0,0.0,169.60000000000002,0.0,21.700000000000003,29.0,28.9,30.200000000000003,300.0,300.0,31.5,35.800000000000004,28.9,28.1,29.9,4.96,1.99,4.96,0.16,0.0,0.0,1027.0,8228.0,0.0,0.0,0.0,0.0,0.0,1.0,0.0,0.0,0.0,0.0,0.0,2.8000000000000003,0.0,-0.5,0.0,0.0,16.0,25903.0
2026-07-30T19:02:56.930Z,346.413,346.428,0.0,7.4,0.0,0.0,0.0,0.0,0.0,0.0,0.0,0.0,1.0,0.0,0.0,0.0,9.0,4.0,0.0,0.0,0.0,0.0,0.0,0.0,0.0,0.0,3.0,12.0,1.0,12.17,5.01,2.51,1.49,0.0,0.0,0.0,257.3,0.0,-0.3,-1.0,-1.8,-169.60000000000002,0.0,0.0,169.60000000000002,0.0,21.700000000000003,29.0,28.9,30.200000000000003,300.0,300.0,31.5,35.800000000000004,28.9,28.1,29.9,4.96,1.99,4.96,0.16,0.0,0.0,1027.0,8228.0,0.0,0.0,0.0,0.0,0.0,1.0,0.0,0.0,0.0,0.0,0.0,-2.5,0.0,1.3,0.0,0.0,16.0,25903.0
2026-07-30T19:02:56.942Z,346.425,346.44,0.0,7.4,0.0,0.0,0.0,0.0,0.0,0.0,0.0,0.0,1.0,0.0,0.0,0.0,9.0,4.0,0.0,0.0,0.0,0.0,0.0,0.0,0.0,0.0,4.0,12.0,1.0,12.17,5.01,2.51,1.49,0.0,0.0,0.0,258.40000000000003,0.0,0.2,0.1,0.0,-169.60000000000002,0.0,0.0,169.60000000000002,0.0,21.700000000000003,29.0,28.9,30.200000000000003,300.0,300.0,31.5,35.800000000000004,28.9,28.1,29.9,4.95,1.99,4.97,0.16,0.0,0.0,1027.0,8228.0,0.0,0.0,0.0,0.0,0.0,1.0,0.0,0.0,0.0,0.0,0.0,0.1,0.0,0.0,0.0,0.0,16.0,25903.0
2026-07-30T19:02:56.954Z,346.437,346.452,0.0,7.4,0.0,0.0,0.0,0.0,0.0,0.0,0.0,0.0,1.0,0.0,0.0,0.0,9.0,4.0,0.0,0.0,0.0,0.0,0.0,0.0,0.0,0.0,5.0,12.0,1.0,12.17,5.01,2.51,1.49,0.0,0.0,0.0,259.5,0.0,-0.2,1.3,-0.5,-169.60000000000002,0.0,0.0,169.60000000000002,0.0,21.700000000000003,29.0,28.9,30.200000000000003,300.0,300.0,31.5,35.800000000000004,28.9,28.1,29.9,4.96,1.99,4.96,0.16,0.0,0.0,1027.0,8228.0,0.0,0.0,0.0,0.0,0.0,1.0,0.0,0.0,0.0,0.0,0.0,1.0,0.0,0.7000000000000001,0.0,0.0,16.0,25903.0
2026-07-30T19:02:56.966Z,346.449,346.464,0.0,7.4,0.0,0.0,0.0,0.0,0.0,0.0,0.0,0.0,1.0,0.0,0.0,0.0,9.0,4.0,0.0,0.0,0.0,0.0,0.0,0.0,0.0,0.0,1.0,12.0,1.0,12.17,5.01,2.51,1.49,0.0,0.0,0.0,260.6,0.0,0.8,0.7000000000000001,1.1,-169.60000000000002,0.0,0.0,169.60000000000002,0.0,21.700000000000003,29.0,28.9,30.200000000000003,300.0,300.0,31.5,35.800000000000004,28.9,28.1,29.9,4.96,1.99,4.97,0.16,0.0,0.0,1027.0,8228.0,0.0,0.0,0.0,0.0,0.0,1.0,0.0,0.0,0.0,0.0,0.0,1.6,0.0,-0.8,0.0,0.0,16.0,25903.0
2026-07-30T19:02:56.979Z,346.462,346.476,0.0,7.4,0.0,0.0,0.0,0.0,0.0,0.0,0.0,0.0,1.0,0.0,0.0,0.0,9.0,4.0,0.0,0.0,0.0,0.0,0.0,0.0,0.0,0.0,2.0,12.0,1.0,12.18,5.01,2.5,1.5,0.0,0.0,0.0,261.7,0.0,0.8,-1.0,-1.2000000000000002,-169.60000000000002,0.0,0.0,169.60000000000002,0.0,21.4,29.0,28.9,30.3,300.0,300.0,31.5,35.800000000000004,28.9,28.1,29.9,4.95,1.99,4.97,0.16,0.0,0.0,1027.0,8228.0,0.0,0.0,0.0,0.0,0.0,1.0,0.0,0.0,0.0,0.0,0.0,-2.1,0.0,0.8,0.0,0.0,16.0,25903.0
2026-07-30T19:02:56.990Z,346.473,346.488,0.0,7.4,0.0,0.0,0.0,0.0,0.0,0.0,0.0,0.0,1.0,0.0,0.0,0.0,9.0,4.0,0.0,0.0,0.0,0.0,0.0,0.0,0.0,0.0,4.0,12.0,1.0,12.18,5.01,2.5,1.5,-0.1,0.1,0.0,262.7,0.0,-0.2,0.1,0.5,-169.60000000000002,0.0,0.0,169.60000000000002,0.0,21.4,29.0,28.9,30.3,300.0,300.0,31.5,35.800000000000004,28.9,28.1,29.9,4.96,1.99,4.97,0.16,0.0,0.0,1027.0,8228.0,0.0,0.0,0.0,0.0,0.0,1.0,0.0,0.0,0.0,0.0,0.0,0.5,0.0,-0.4,0.0,0.0,16.0,25903.0
2026-07-30T19:02:57.002Z,346.485,346.5,0.0,7.4,0.0,0.0,0.0,0.0,0.0,0.0,0.0,0.0,1.0,0.0,0.0,0.0,9.0,4.0,0.0,0.0,0.0,0.0,0.0,0.0,0.0,0.0,5.0,12.0,1.0,12.18,5.01,2.5,1.5,0.0,0.0,0.0,263.8,0.0,-0.2,0.1,0.0,-169.60000000000002,0.0,0.0,169.60000000000002,0.0,21.4,29.0,28.9,30.3,300.0,300.0,31.5,35.800000000000004,28.9,28.1,29.9,4.96,1.99,4.97,0.16,0.0,0.0,1027.0,8228.0,0.0,0.0,0.0,0.0,0.0,1.0,0.0,0.0,0.0,0.0,0.0,0.1,0.0,0.0,0.0,0.0,16.0,25903.0
2026-07-30T19:02:57.014Z,346.497,346.512,0.0,7.4,0.0,0.0,0.0,0.0,0.0,0.0,0.0,0.0,1.0,0.0,0.0,0.0,9.0,4.0,0.0,0.0,0.0,0.0,0.0,0.0,0.0,0.0,6.0,12.0,1.0,12.18,5.01,2.5,1.5,0.0,0.0,0.0,264.8,0.0,-0.8,1.2000000000000002,-0.6000000000000001,-169.60000000000002,0.0,0.0,169.60000000000002,0.0,21.4,29.0,28.9,30.3,300.0,300.0,31.5,35.800000000000004,28.9,28.1,29.9,4.96,1.99,4.97,0.16,0.0,0.0,1027.0,8228.0,0.0,0.0,0.0,0.0,0.0,1.0,0.0,0.0,0.0,0.0,0.0,0.9,0.0,0.7000000000000001,0.0,0.0,16.0,25903.0
2026-07-30T19:02:57.026Z,346.509,346.524,0.0,7.4,0.0,0.0,0.0,0.0,0.0,0.0,0.0,0.0,1.0,0.0,0.0,0.0,9.0,4.0,0.0,0.0,0.0,0.0,0.0,0.0,0.0,0.0,1.0,12.0,1.0,12.18,5.01,2.5,1.5,0.0,0.0,0.0,265.7,0.0,0.2,0.1,0.5,-169.60000000000002,0.0,0.0,169.60000000000002,0.0,21.4,29.0,28.9,30.3,300.0,300.0,31.5,35.800000000000004,28.9,28.1,29.9,4.95,1.99,4.97,0.16,0.0,0.0,1027.0,8228.0,0.0,0.0,0.0,0.0,0.0,1.0,0.0,0.0,0.0,0.0,0.0,0.5,0.0,-0.4,0.0,0.0,16.0,25903.0
2026-07-30T19:02:57.038Z,346.521,346.536,0.0,7.4,0.0,0.0,0.0,0.0,0.0,0.0,0.0,0.0,1.0,0.0,0.0,0.0,9.0,4.0,0.0,0.0,0.0,0.0,0.0,0.0,0.0,0.0,2.0,12.0,1.0,12.18,5.01,2.5,1.5,0.0,0.0,0.0,266.8,0.0,0.8,0.7000000000000001,1.7000000000000002,-169.60000000000002,0.0,0.0,169.60000000000002,0.0,21.4,29.0,28.9,30.3,300.0,300.0,31.5,35.800000000000004,28.9,28.1,29.9,4.95,1.99,4.96,0.16,0.0,0.0,1027.0,8228.0,0.0,0.0,0.0,0.0,0.0,1.0,0.0,0.0,0.0,0.0,0.0,2.1,0.0,-1.4,0.0,0.0,16.0,25903.0
2026-07-30T19:02:57.050Z,346.533,346.548,0.0,7.4,0.0,0.0,0.0,0.0,0.0,0.0,0.0,0.0,1.0,0.0,0.0,0.0,9.0,4.0,0.0,0.0,0.0,0.0,0.0,0.0,0.0,0.0,3.0,12.0,1.0,12.18,5.01,2.5,1.5,0.0,0.0,0.0,267.7,0.0,-0.2,0.1,1.1,-169.60000000000002,0.0,0.0,169.60000000000002,0.0,21.4,29.0,28.9,30.3,300.0,300.0,31.5,35.800000000000004,28.9,28.1,29.9,4.95,1.99,4.97,0.16,0.0,0.0,1027.0,8228.0,0.0,0.0,0.0,0.0,0.0,1.0,0.0,0.0,0.0,0.0,0.0,1.0,0.0,-1.0,0.0,0.0,16.0,25903.0
2026-07-30T19:02:57.062Z,346.545,346.56,0.0,7.4,0.0,0.0,0.0,0.0,0.0,0.0,0.0,0.0,1.0,0.0,0.0,0.0,9.0,4.0,0.0,0.0,0.0,0.0,0.0,0.0,0.0,0.0,5.0,12.0,1.0,12.18,5.01,2.5,1.5,0.0,0.0,0.0,268.7,0.0,0.2,0.1,0.0,-169.60000000000002,0.0,0.0,169.60000000000002,0.0,21.4,29.0,28.9,30.3,300.0,300.0,31.5,35.800000000000004,28.9,28.1,29.9,4.95,1.99,4.97,0.16,0.0,0.0,1027.0,8228.0,0.0,0.0,0.0,0.0,0.0,1.0,0.0,0.0,0.0,0.0,0.0,0.1,0.0,0.0,0.0,0.0,16.0,25903.0
2026-07-30T19:02:57.073Z,346.556,346.572,0.0,7.4,0.0,0.0,0.0,0.0,0.0,0.0,0.0,0.0,1.0,0.0,0.0,0.0,9.0,4.0,0.0,0.0,0.0,0.0,0.0,0.0,0.0,0.0,6.0,12.0,1.0,12.18,5.01,2.5,1.5,0.0,0.0,0.0,269.6,0.0,-0.3,-0.4,0.0,-169.60000000000002,0.0,0.0,169.60000000000002,0.0,21.4,29.0,28.9,30.3,300.0,300.0,31.5,35.800000000000004,28.9,28.1,29.9,4.96,1.99,4.97,0.16,0.0,0.0,1027.0,8228.0,0.0,0.0,0.0,0.0,0.0,1.0,0.0,0.0,0.0,0.0,0.0,-0.4,0.0,0.0,0.0,0.0,16.0,25903.0
2026-07-30T19:02:57.086Z,346.569,346.584,0.0,7.4,0.0,0.0,0.0,0.0,0.0,0.0,0.0,0.0,1.0,0.0,0.0,0.0,9.0,4.0,0.0,0.0,0.0,0.0,0.0,0.0,0.0,0.0,1.0,12.0,1.0,12.17,5.0200000000000005,2.51,1.49,0.0,0.0,0.0,270.6,0.0,0.2,-0.3,1.1,-169.60000000000002,0.0,0.0,169.70000000000002,0.0,21.700000000000003,29.0,28.9,30.3,300.0,300.0,31.6,35.800000000000004,28.9,28.1,29.9,4.96,1.99,4.97,0.16,0.0,0.0,1027.0,8228.0,0.0,0.0,0.0,0.0,0.0,1.0,0.0,0.0,0.0,0.0,0.0,0.4,0.0,-1.0,0.0,0.0,16.0,25903.0
2026-07-30T19:02:57.098Z,346.581,346.596,0.0,7.4,0.0,0.0,0.0,0.0,0.0,0.0,0.0,0.0,1.0,0.0,0.0,0.0,9.0,4.0,0.0,0.0,0.0,0.0,0.0,0.0,0.0,0.0,2.0,12.0,1.0,12.17,5.0200000000000005,2.51,1.49,0.0,0.0,0.0,271.6,0.0,-0.2,1.3,-0.6000000000000001,-169.60000000000002,0.0,0.0,169.60000000000002,0.0,21.700000000000003,29.0,28.9,30.3,300.0,300.0,31.6,35.800000000000004,28.9,28.1,29.9,4.96,1.99,4.96,0.16,0.0,0.0,1027.0,8228.0,0.0,0.0,0.0,0.0,0.0,1.0,0.0,0.0,0.0,0.0,0.0,1.0,0.0,0.8,0.0,0.0,16.0,25903.0
2026-07-30T19:02:57.110Z,346.593,346.608,0.0,7.4,0.0,0.0,0.0,0.0,0.0,0.0,0.0,0.0,1.0,0.0,0.0,0.0,9.0,4.0,0.0,0.0,0.0,0.0,0.0,0.0,0.0,0.0,4.0,12.0,1.0,12.17,5.0200000000000005,2.51,1.49,0.0,0.0,0.0,272.40000000000003,0.0,-0.2,-0.3,0.5,-169.60000000000002,0.0,0.0,169.60000000000002,0.0,21.700000000000003,29.0,28.9,30.3,300.0,300.0,31.6,35.800000000000004,28.9,28.1,29.9,4.96,2.0,4.96,0.16,0.0,0.0,1027.0,8228.0,0.0,0.0,0.0,0.0,0.0,1.0,0.0,0.0,0.0,0.0,0.0,0.0,0.0,-0.5,0.0,0.0,16.0,25903.0
2026-07-30T19:02:57.122Z,346.605,346.62,0.0,7.4,0.0,0.0,0.0,0.0,0.0,0.0,0.0,0.0,1.0,0.0,0.0,0.0,9.0,4.0,0.0,0.0,0.0,0.0,0.0,0.0,0.0,0.0,4.0,12.0,1.0,12.17,5.0200000000000005,2.51,1.49,0.0,0.0,0.0,273.40000000000003,0.0,0.2,0.7000000000000001,1.0,-169.60000000000002,0.0,0.0,169.60000000000002,0.0,21.700000000000003,29.0,28.9,30.3,300.0,300.0,31.6,35.800000000000004,28.9,28.1,29.9,4.96,1.99,4.96,0.16,0.0,0.0,1027.0,8228.0,0.0,0.0,0.0,0.0,0.0,1.0,0.0,0.0,0.0,0.0,0.0,1.6,0.0,-0.7000000000000001,0.0,0.0,16.0,25903.0
2026-07-30T19:02:57.134Z,346.617,346.632,0.0,7.4,0.0,0.0,0.0,0.0,0.0,0.0,0.0,0.0,1.0,0.0,0.0,0.0,9.0,4.0,0.0,0.0,0.0,0.0,0.0,0.0,0.0,0.0,5.0,12.0,1.0,12.17,5.0200000000000005,2.51,1.49,0.0,0.0,0.0,274.3,0.0,-0.8,0.1,1.0,-169.60000000000002,0.0,0.0,169.70000000000002,0.0,21.700000000000003,29.0,28.9,30.3,300.0,300.0,31.6,35.800000000000004,28.9,28.1,29.9,4.95,1.99,4.97,0.16,0.0,0.0,1027.0,8228.0,0.0,0.0,0.0,0.0,0.0,1.0,0.0,0.0,0.0,0.0,0.0,1.0,0.0,-0.9,0.0,0.0,16.0,25903.0
2026-07-30T19:02:57.146Z,346.629,346.644,0.0,7.4,0.0,0.0,0.0,0.0,0.0,0.0,0.0,0.0,1.0,0.0,0.0,0.0,9.0,4.0,0.0,0.0,0.0,0.0,0.0,0.0,0.0,0.0,6.0,12.0,1.0,12.17,5.0200000000000005,2.51,1.49,0.0,0.0,0.0,275.2,0.0,1.4,0.7000000000000001,1.6,-169.60000000000002,0.0,0.0,169.60000000000002,0.0,21.700000000000003,29.0,28.9,30.3,300.0,300.0,31.6,35.800000000000004,28.9,28.1,29.9,4.96,1.99,4.96,0.16,0.0,0.0,1027.0,8228.0,0.0,0.0,0.0,0.0,0.0,1.0,0.0,0.0,0.0,0.0,0.0,2.1,0.0,-1.3,0.0,0.0,16.0,25903.0
2026-07-30T19:02:57.158Z,346.641,346.656,0.0,7.4,0.0,0.0,0.0,0.0,0.0,0.0,0.0,0.0,1.0,0.0,0.0,0.0,9.0,4.0,0.0,0.0,0.0,0.0,0.0,0.0,0.0,0.0,1.0,12.0,1.0,12.17,5.0200000000000005,2.51,1.49,0.0,0.1,0.0,276.0,0.0,0.9,1.3,-0.6000000000000001,-169.60000000000002,0.0,0.0,169.60000000000002,0.0,21.700000000000003,29.0,28.9,30.3,300.0,300.0,31.6,35.800000000000004,28.9,28.1,29.9,4.96,1.99,4.96,0.16,0.0,0.0,1027.0,8228.0,0.0,0.0,0.0,0.0,0.0,1.0,0.0,0.0,0.0,0.0,0.0,0.9,0.0,0.8,0.0,0.0,16.0,25903.0
2026-07-30T19:02:57.170Z,346.653,346.668,0.0,7.4,0.0,0.0,0.0,0.0,0.0,0.0,0.0,0.0,1.0,0.0,0.0,0.0,9.0,4.0,0.0,0.0,0.0,0.0,0.0,0.0,0.0,0.0,2.0,12.0,1.0,12.17,5.0200000000000005,2.51,1.49,0.0,0.0,0.0,276.90000000000003,0.0,-0.2,0.1,-1.2000000000000002,-169.60000000000002,0.0,0.0,169.60000000000002,0.0,21.700000000000003,29.0,28.9,30.3,300.0,300.0,31.6,35.800000000000004,28.9,28.1,29.9,4.96,1.99,4.96,0.16,0.0,0.0,1027.0,8228.0,0.0,0.0,0.0,0.0,0.0,1.0,0.0,0.0,0.0,0.0,0.0,-0.7000000000000001,0.0,1.1,0.0,0.0,16.0,25903.0
2026-07-30T19:02:57.183Z,346.666,346.68,0.0,7.4,0.0,0.0,0.0,0.0,0.0,0.0,0.0,0.0,1.0,0.0,0.0,0.0,9.0,4.0,0.0,0.0,0.0,0.0,0.0,0.0,0.0,0.0,3.0,12.0,1.0,12.18,5.01,2.51,1.5,0.0,0.0,0.0,277.8,0.0,-0.2,0.7000000000000001,1.0,-169.60000000000002,0.0,0.0,169.60000000000002,0.0,21.3,29.0,28.9,30.3,300.0,300.0,31.6,35.7,28.9,28.1,29.9,4.96,1.99,4.96,0.16,0.0,0.0,1027.0,8228.0,0.0,0.0,0.0,0.0,0.0,1.0,0.0,0.0,0.0,0.0,0.0,1.6,0.0,-0.8,0.0,0.0,16.0,25903.0
2026-07-30T19:02:57.194Z,346.677,346.692,0.0,7.4,0.0,0.0,0.0,0.0,0.0,0.0,0.0,0.0,1.0,0.0,0.0,0.0,9.0,4.0,0.0,0.0,0.0,0.0,0.0,0.0,0.0,0.0,3.0,12.0,1.0,12.18,5.01,2.51,1.5,0.0,0.0,0.0,278.6,0.0,0.3,2.4000000000000004,1.6,-169.60000000000002,0.0,0.0,169.60000000000002,0.0,21.3,29.0,28.9,30.3,300.0,300.0,31.6,35.7,28.9,28.1,29.9,4.95,1.99,4.96,0.16,0.0,0.0,1027.0,8228.0,0.0,0.0,0.0,0.0,0.0,1.0,0.0,0.0,0.0,0.0,0.0,4.0,0.0,-0.9,0.0,0.0,16.0,25903.0
2026-07-30T19:02:57.206Z,346.689,346.704,0.0,7.4,0.0,0.0,0.0,0.0,0.0,0.0,0.0,0.0,1.0,0.0,0.0,0.0,9.0,4.0,0.0,0.0,0.0,0.0,0.0,0.0,0.0,0.0,4.0,12.0,1.0,12.18,5.01,2.51,1.5,0.0,0.0,0.0,279.5,0.0,0.3,0.7000000000000001,1.6,-169.60000000000002,0.0,0.0,169.60000000000002,0.0,21.3,29.0,28.9,30.3,300.0,300.0,31.6,35.7,28.9,28.1,29.9,4.95,1.99,4.97,0.16,0.0,0.0,1027.0,8228.0,0.0,0.0,0.0,0.0,0.0,1.0,0.0,0.0,0.0,0.0,0.0,2.0,0.0,-1.3,0.0,0.0,16.0,25903.0
2026-07-30T19:02:57.218Z,346.701,346.716,0.0,7.4,0.0,0.0,0.0,0.0,0.0,0.0,0.0,0.0,1.0,0.0,0.0,0.0,9.0,4.0,0.0,0.0,0.0,0.0,0.0,0.0,0.0,0.0,6.0,12.0,1.0,12.18,5.01,2.51,1.5,0.0,0.0,0.0,280.2,0.0,0.9,-0.4,-1.2000000000000002,-169.60000000000002,0.0,0.0,169.60000000000002,0.0,21.3,29.0,28.9,30.3,300.0,300.0,31.6,35.7,28.9,28.1,29.9,4.95,1.99,4.97,0.16,0.0,0.0,1027.0,8228.0,0.0,0.0,0.0,0.0,0.0,1.0,0.0,0.0,0.0,0.0,0.0,-1.3,0.0,0.9,0.0,0.0,16.0,25903.0
2026-07-30T19:02:57.230Z,346.713,346.728,0.0,7.4,0.0,0.0,0.0,0.0,0.0,0.0,0.0,0.0,1.0,0.0,0.0,0.0,9.0,4.0,0.0,0.0,0.0,0.0,0.0,0.0,0.0,0.0,1.0,12.0,1.0,12.18,5.01,2.51,1.5,0.0,0.0,0.0,281.1,0.0,0.3,-0.3,0.0,-169.60000000000002,0.0,0.0,169.60000000000002,0.0,21.3,29.0,28.9,30.3,300.0,300.0,31.6,35.7,28.9,28.1,29.9,4.96,1.99,4.97,0.16,0.0,0.0,1027.0,8228.0,0.0,0.0,0.0,0.0,0.0,1.0,0.0,0.0,0.0,0.0,0.0,-0.4,0.0,0.0,0.0,0.0,16.0,25903.0
2026-07-30T19:02:57.242Z,346.725,346.74,0.0,7.4,0.0,0.0,0.0,0.0,0.0,0.0,0.0,0.0,1.0,0.0,0.0,0.0,9.0,4.0,0.0,0.0,0.0,0.0,0.0,0.0,0.0,0.0,2.0,12.0,1.0,12.18,5.01,2.51,1.5,-0.1,0.1,0.0,281.90000000000003,0.0,-0.8,-0.3,1.1,-169.60000000000002,0.0,0.0,169.60000000000002,0.0,21.3,29.0,28.9,30.3,300.0,300.0,31.6,35.7,28.9,28.1,29.9,4.95,2.0,4.96,0.16,0.0,0.0,1027.0,8228.0,0.0,0.0,0.0,0.0,0.0,1.0,0.0,0.0,0.0,0.0,0.0,0.3,0.0,-1.0,0.0,0.0,16.0,25903.0
2026-07-30T19:02:57.254Z,346.737,346.752,0.0,7.4,0.0,0.0,0.0,0.0,0.0,0.0,0.0,0.0,1.0,0.0,0.0,0.0,9.0,4.0,0.0,0.0,0.0,0.0,0.0,0.0,0.0,0.0,4.0,12.0,1.0,12.18,5.01,2.51,1.5,0.0,0.0,0.0,282.7,0.0,0.3,0.7000000000000001,1.0,-169.60000000000002,0.0,0.0,169.60000000000002,0.0,21.3,29.0,28.9,30.3,300.0,300.0,31.6,35.7,28.9,28.1,29.9,4.95,1.99,4.96,0.16,0.0,0.0,1027.0,8228.0,0.0,0.0,0.0,0.0,0.0,1.0,0.0,0.0,0.0,0.0,0.0,1.6,0.0,-0.7000000000000001,0.0,0.0,16.0,25903.0
2026-07-30T19:02:57.266Z,346.749,346.764,0.0,7.4,0.0,0.0,0.0,0.0,0.0,0.0,0.0,0.0,1.0,0.0,0.0,0.0,9.0,4.0,0.0,0.0,0.0,0.0,0.0,0.0,0.0,0.0,5.0,12.0,1.0,12.18,5.01,2.51,1.5,0.0,0.0,0.0,283.5,0.0,-0.2,0.7000000000000001,1.0,-169.60000000000002,0.0,0.0,169.60000000000002,0.0,21.3,29.0,28.9,30.3,300.0,300.0,31.6,35.7,28.9,28.1,29.9,4.95,1.99,4.96,0.16,0.0,0.0,1027.0,8228.0,0.0,0.0,0.0,0.0,0.0,1.0,0.0,0.0,0.0,0.0,0.0,1.6,0.0,-0.7000000000000001,0.0,0.0,16.0,25903.0
2026-07-30T19:02:57.278Z,346.761,346.776,0.0,7.4,0.0,0.0,0.0,0.0,0.0,0.0,0.0,0.0,1.0,0.0,0.0,0.0,9.0,4.0,0.0,0.0,0.0,0.0,0.0,0.0,0.0,0.0,6.0,12.0,1.0,12.18,5.01,2.51,1.5,0.0,0.0,0.0,284.2,0.0,0.8,-0.9,-1.2000000000000002,-169.60000000000002,0.0,0.0,169.60000000000002,0.0,21.3,29.0,28.9,30.3,300.0,300.0,31.6,35.7,28.9,28.1,29.9,4.95,1.99,4.96,0.16,0.0,0.0,1027.0,8228.0,0.0,0.0,0.0,0.0,0.0,1.0,0.0,0.0,0.0,0.0,0.0,-2.0,0.0,0.9,0.0,0.0,16.0,25903.0
2026-07-30T19:02:57.290Z,346.773,346.788,0.0,7.4,0.0,0.0,0.0,0.0,0.0,0.0,0.0,0.0,1.0,0.0,0.0,0.0,9.0,4.0,0.0,0.0,0.0,0.0,0.0,0.0,0.0,0.0,2.0,12.0,1.0,12.14,5.01,2.5,1.49,0.0,0.0,0.0,285.0,0.0,-0.2,-0.9,-0.7000000000000001,-169.60000000000002,0.0,0.0,169.60000000000002,0.0,21.4,29.0,28.9,30.4,300.0,300.0,31.700000000000003,35.7,28.9,28.1,29.9,4.95,1.99,4.97,0.16,0.0,0.0,1027.0,8228.0,0.0,0.0,0.0,0.0,0.0,1.0,0.0,0.0,0.0,0.0,0.0,-0.6000000000000001,0.0,0.0,0.0,0.0,16.0,25903.0
2026-07-30T19:02:57.301Z,346.784,346.8,0.0,7.4,0.0,0.0,0.0,0.0,0.0,0.0,0.0,0.0,1.0,0.0,0.0,0.0,9.0,4.0,0.0,0.0,0.0,0.0,0.0,0.0,0.0,0.0,3.0,12.0,1.0,12.14,5.01,2.5,1.49,0.0,0.0,0.0,285.8,0.0,-0.2,0.1,-0.1,-169.60000000000002,0.0,0.0,169.60000000000002,0.0,21.4,29.0,28.9,30.4,300.0,300.0,31.700000000000003,35.7,28.9,28.1,29.9,4.95,1.99,4.96,0.16,0.0,0.0,1027.0,8228.0,0.0,0.0,0.0,0.0,0.0,1.0,0.0,0.0,0.0,0.0,0.0,-2.4000000000000004,0.0,0.3,0.0,0.0,16.0,25903.0
2026-07-30T19:02:57.314Z,346.797,346.812,0.0,7.4,0.0,0.0,0.0,0.0,0.0,0.0,0.0,0.0,1.0,0.0,0.0,0.0,9.0,4.0,0.0,0.0,0.0,0.0,0.0,0.0,0.0,0.0,5.0,12.0,1.0,12.14,5.01,2.5,1.49,0.0,0.0,0.0,286.5,0.0,0.3,1.2000000000000002,1.0,-169.60000000000002,0.0,0.0,169.60000000000002,0.0,21.4,29.0,28.9,30.4,300.0,300.0,31.700000000000003,35.7,28.9,28.1,29.9,4.95,2.0,4.96,0.16,0.0,0.0,1027.0,8228.0,0.0,0.0,0.0,0.0,0.0,1.0,0.0,0.0,0.0,0.0,0.0,0.0,0.0,0.1,0.0,0.0,16.0,25903.0
2026-07-30T19:02:57.326Z,346.809,346.824,0.0,7.4,0.0,0.0,0.0,0.0,0.0,0.0,0.0,0.0,1.0,0.0,0.0,0.0,9.0,4.0,0.0,0.0,0.0,0.0,0.0,0.0,0.0,0.0,6.0,12.0,1.0,12.14,5.01,2.5,1.49,0.0,0.0,0.0,287.3,0.0,0.3,0.7000000000000001,-0.1,-169.60000000000002,0.0,0.0,169.60000000000002,0.0,21.4,29.0,28.9,30.4,300.0,300.0,31.700000000000003,35.7,28.9,28.1,29.9,4.95,2.0,4.97,0.16,0.0,0.0,1027.0,8228.0,0.0,0.0,0.0,0.0,0.0,1.0,0.0,0.0,0.0,0.0,0.0,0.7000000000000001,0.0,0.2,0.0,0.0,16.0,25903.0
2026-07-30T19:02:57.338Z,346.821,346.836,0.0,7.4,0.0,0.0,0.0,0.0,0.0,0.0,0.0,0.0,1.0,0.0,0.0,0.0,9.0,4.0,0.0,0.0,0.0,0.0,0.0,0.0,0.0,0.0,1.0,12.0,1.0,12.14,5.01,2.5,1.49,0.0,0.0,0.0,288.0,0.0,0.3,-0.4,1.6,-169.60000000000002,0.0,0.0,169.60000000000002,0.0,21.4,29.0,28.9,30.4,300.0,300.0,31.700000000000003,35.7,28.9,28.1,29.9,4.95,2.0,4.96,0.16,0.0,0.0,1027.0,8228.0,0.0,0.0,0.0,0.0,0.0,1.0,0.0,0.0,0.0,0.0,0.0,0.7000000000000001,0.0,-1.5,0.0,0.0,16.0,25903.0
2026-07-30T19:02:57.350Z,346.833,346.848,0.0,7.4,0.0,0.0,0.0,0.0,0.0,0.0,0.0,0.0,1.0,0.0,0.0,0.0,9.0,4.0,0.0,0.0,0.0,0.0,0.0,0.0,0.0,0.0,2.0,12.0,1.0,12.14,5.01,2.5,1.49,-0.1,0.1,0.0,288.7,0.0,-0.2,1.9,1.6,-169.60000000000002,0.0,0.0,169.60000000000002,0.0,21.4,29.0,28.9,30.4,300.0,300.0,31.700000000000003,35.7,28.9,28.1,29.9,4.95,2.0,4.96,0.16,0.0,0.0,1027.0,8228.0,0.0,0.0,0.0,0.0,0.0,1.0,0.0,0.0,0.0,0.0,0.0,3.4000000000000004,0.0,-1.0,0.0,0.0,16.0,25903.0
2026-07-30T19:02:57.362Z,346.845,346.86,0.0,7.4,0.0,0.0,0.0,0.0,0.0,0.0,0.0,0.0,1.0,0.0,0.0,0.0,9.0,4.0,0.0,0.0,0.0,0.0,0.0,0.0,0.0,0.0,4.0,12.0,1.0,12.14,5.01,2.5,1.49,0.0,0.0,0.0,289.5,0.0,-0.2,0.1,0.0,-169.60000000000002,0.0,0.0,169.60000000000002,0.0,21.4,29.0,28.9,30.4,300.0,300.0,31.700000000000003,35.7,28.9,28.1,29.9,4.96,1.99,4.96,0.16,0.0,0.0,1027.0,8228.0,0.0,0.0,0.0,0.0,0.0,1.0,0.0,0.0,0.0,0.0,0.0,0.1,0.0,0.1,0.0,0.0,16.0,25903.0
2026-07-30T19:02:57.374Z,346.857,346.872,0.0,7.4,0.0,0.0,0.0,0.0,0.0,0.0,0.0,0.0,1.0,0.0,0.0,0.0,9.0,4.0,0.0,0.0,0.0,0.0,0.0,0.0,0.0,0.0,5.0,12.0,1.0,12.14,5.01,2.5,1.49,0.0,0.0,0.0,290.1,0.0,-0.2,0.2,2.8000000000000003,-169.60000000000002,0.0,0.0,169.60000000000002,0.0,21.4,29.0,28.9,30.4,300.0,300.0,31.700000000000003,35.7,28.9,28.1,29.9,4.95,1.99,4.97,0.16,0.0,0.0,1027.0,8228.0,0.0,0.0,0.0,0.0,0.0,1.0,0.0,0.0,0.0,0.0,0.0,2.3000000000000003,0.0,-2.4000000000000004,0.0,0.0,16.0,25903.0
2026-07-30T19:02:57.387Z,346.87,346.884,0.0,7.4,0.0,0.0,0.0,0.0,0.0,0.0,0.0,0.0,1.0,0.0,0.0,0.0,9.0,4.0,0.0,0.0,0.0,0.0,0.0,0.0,0.0,0.0,6.0,12.0,1.0,12.18,5.0200000000000005,2.51,1.49,0.0,0.0,0.0,290.8,0.0,0.3,-1.0,0.0,-169.60000000000002,0.0,0.0,169.60000000000002,0.0,20.9,29.0,28.9,30.4,300.0,300.0,31.700000000000003,35.7,28.9,28.1,29.9,4.96,1.99,4.96,0.16,0.0,0.0,1027.0,8228.0,0.0,0.0,0.0,0.0,0.0,1.0,0.0,0.0,0.0,0.0,0.0,-1.2000000000000002,0.0,-0.1,0.0,0.0,16.0,25903.0
2026-07-30T19:02:57.398Z,346.881,346.896,0.0,7.4,0.0,0.0,0.0,0.0,0.0,0.0,0.0,0.0,1.0,0.0,0.0,0.0,9.0,4.0,0.0,0.0,0.0,0.0,0.0,0.0,0.0,0.0,1.0,12.0,1.0,12.18,5.0200000000000005,2.51,1.49,0.0,0.0,0.0,291.5,0.0,0.9,0.7000000000000001,0.4,-169.60000000000002,0.0,0.0,169.60000000000002,0.0,20.9,29.0,28.9,30.4,300.0,300.0,31.700000000000003,35.7,28.9,28.1,29.9,4.96,1.99,4.97,0.16,0.0,0.0,1027.0,8228.0,0.0,0.0,0.0,0.0,0.0,1.0,0.0,0.0,0.0,0.0,0.0,1.2000000000000002,0.0,-0.2,0.0,0.0,16.0,25903.0
2026-07-30T19:02:57.410Z,346.893,346.908,0.0,7.4,0.0,0.0,0.0,0.0,0.0,0.0,0.0,0.0,1.0,0.0,0.0,0.0,9.0,4.0,0.0,0.0,0.0,0.0,0.0,0.0,0.0,0.0,2.0,12.0,1.0,12.18,5.0200000000000005,2.51,1.49,0.0,0.0,0.0,292.2,0.0,0.3,0.1,-0.6000000000000001,-169.60000000000002,0.0,0.0,169.60000000000002,0.0,20.9,29.0,28.9,30.4,300.0,300.0,31.700000000000003,35.7,28.9,28.1,29.9,4.95,1.99,4.97,0.17,0.0,0.0,1027.0,8228.0,0.0,0.0,0.0,0.0,0.0,1.0,0.0,0.0,0.0,0.0,0.0,-0.3,0.0,0.6000000000000001,0.0,0.0,16.0,25903.0
2026-07-30T19:02:57.422Z,346.905,346.92,0.0,7.4,0.0,0.0,0.0,0.0,0.0,0.0,0.0,0.0,1.0,0.0,0.0,0.0,9.0,4.0,0.0,0.0,0.0,0.0,0.0,0.0,0.0,0.0,3.0,12.0,1.0,12.18,5.0200000000000005,2.51,1.49,0.0,0.0,0.0,292.8,0.0,0.3,-1.0,1.1,-169.60000000000002,0.0,0.0,169.5,0.0,20.9,29.0,28.9,30.4,300.0,300.0,31.700000000000003,35.7,28.9,28.1,29.9,4.96,1.99,4.96,0.16,0.0,0.0,1027.0,8228.0,0.0,0.0,0.0,0.0,0.0,1.0,0.0,0.0,0.0,0.0,0.0,-0.3,0.0,-1.2000000000000002,0.0,0.0,16.0,25903.0
2026-07-30T19:02:57.434Z,346.917,346.932,0.0,7.4,0.0,0.0,0.0,0.0,0.0,0.0,0.0,0.0,1.0,0.0,0.0,0.0,9.0,4.0,0.0,0.0,0.0,0.0,0.0,0.0,0.0,0.0,4.0,12.0,1.0,12.18,5.0200000000000005,2.51,1.49,0.0,0.0,0.0,293.5,0.0,-0.2,0.0,-0.1,-169.60000000000002,0.0,0.0,169.60000000000002,0.0,20.9,29.0,28.9,30.4,300.0,300.0,31.700000000000003,35.7,28.9,28.1,29.9,4.96,1.99,4.96,0.16,0.0,0.0,1027.0,8228.0,0.0,0.0,0.0,0.0,0.0,1.0,0.0,0.0,0.0,0.0,0.0,0.0,0.0,0.1,0.0,0.0,16.0,25903.0
2026-07-30T19:02:57.446Z,346.929,346.944,0.0,7.4,0.0,0.0,0.0,0.0,0.0,0.0,0.0,0.0,1.0,0.0,0.0,0.0,9.0,4.0,0.0,0.0,0.0,0.0,0.0,0.0,0.0,0.0,5.0,12.0,1.0,12.18,5.0200000000000005,2.51,1.49,0.0,0.0,0.0,294.2,0.0,0.3,0.6000000000000001,1.0,-169.60000000000002,0.0,0.0,169.60000000000002,0.0,20.9,29.0,28.9,30.4,300.0,300.0,31.700000000000003,35.7,28.9,28.1,29.9,4.96,1.99,4.97,0.16,0.0,0.0,1027.0,8228.0,0.0,0.0,0.0,0.0,0.0,1.0,0.0,0.0,0.0,0.0,0.0,1.5,0.0,-0.8,0.0,0.0,16.0,25903.0
2026-07-30T19:02:57.458Z,346.941,346.956,0.0,7.4,0.0,0.0,0.0,0.0,0.0,0.0,0.0,0.0,1.0,0.0,0.0,0.0,9.0,4.0,0.0,0.0,0.0,0.0,0.0,0.0,0.0,0.0,6.0,12.0,1.0,12.18,5.0200000000000005,2.51,1.49,0.0,0.0,0.0,294.8,0.0,-0.2,0.0,-0.6000000000000001,-169.60000000000002,0.0,0.0,169.60000000000002,0.0,20.9,29.0,28.9,30.4,300.0,300.0,31.700000000000003,35.7,28.9,28.1,29.9,4.95,1.99,4.97,0.16,0.0,0.0,1027.0,8228.0,0.0,0.0,0.0,0.0,0.0,1.0,0.0,0.0,0.0,0.0,0.0,-0.4,0.0,0.6000000000000001,0.0,0.0,16.0,25903.0
2026-07-30T19:02:57.470Z,346.953,346.968,0.0,7.4,0.0,0.0,0.0,0.0,0.0,0.0,0.0,0.0,1.0,0.0,0.0,0.0,9.0,4.0,0.0,0.0,0.0,0.0,0.0,0.0,0.0,0.0,6.0,12.0,1.0,12.18,5.0200000000000005,2.51,1.49,0.0,0.0,0.0,295.5,0.0,-0.2,-0.5,-0.6000000000000001,-169.60000000000002,0.0,0.0,169.60000000000002,0.0,20.9,29.0,28.9,30.4,300.0,300.0,31.700000000000003,35.7,28.9,28.1,29.9,4.96,1.99,4.96,0.16,0.0,0.0,1027.0,8228.0,0.0,0.0,0.0,0.0,0.0,1.0,0.0,0.0,0.0,0.0,0.0,-1.0,0.0,0.4,0.0,0.0,16.0,25903.0
2026-07-30T19:02:57.482Z,346.965,346.98,0.0,7.4,0.0,0.0,0.0,0.0,0.0,0.0,0.0,0.0,1.0,0.0,0.0,0.0,9.0,4.0,0.0,0.0,0.0,0.0,0.0,0.0,0.0,0.0,2.0,12.0,1.0,12.18,5.0200000000000005,2.51,1.49,0.0,0.0,0.0,296.2,0.0,0.2,-1.0,0.4,-169.60000000000002,0.0,0.0,169.60000000000002,0.0,20.9,29.0,28.9,30.4,300.0,300.0,31.700000000000003,35.7,28.9,28.1,29.9,4.95,1.99,4.96,0.16,0.0,0.0,1027.0,8228.0,0.0,0.0,0.0,0.0,0.0,1.0,0.0,0.0,0.0,0.0,0.0,-0.8,0.0,-0.6000000000000001,0.0,0.0,16.0,25903.0
2026-07-30T19:02:57.494Z,346.977,346.992,0.0,7.4,0.0,0.0,0.0,0.0,0.0,0.0,0.0,0.0,1.0,0.0,0.0,0.0,9.0,4.0,0.0,0.0,0.0,0.0,0.0,0.0,0.0,0.0,2.0,12.0,1.0,12.18,5.01,2.51,1.49,0.0,0.0,0.0,296.7,0.0,-0.2,-1.1,-0.6000000000000001,-169.60000000000002,0.0,0.0,169.60000000000002,0.0,21.700000000000003,29.0,28.9,30.4,300.0,300.0,31.700000000000003,35.800000000000004,28.9,28.1,29.9,4.95,1.99,4.97,0.16,0.0,0.0,1027.0,8228.0,0.0,0.0,0.0,0.0,0.0,1.0,0.0,0.0,0.0,0.0,0.0,-1.7000000000000002,0.0,0.3,0.0,0.0,16.0,25903.0
2026-07-30T19:02:57.506Z,346.989,347.004,0.0,7.4,0.0,0.0,0.0,0.0,0.0,0.0,0.0,0.0,1.0,0.0,0.0,0.0,9.0,4.0,0.0,0.0,0.0,0.0,0.0,0.0,0.0,0.0,3.0,12.0,1.0,12.18,5.01,2.51,1.49,0.0,0.1,0.0,297.3,0.0,-0.8,0.0,1.1,-169.60000000000002,0.0,0.0,169.60000000000002,0.0,21.700000000000003,29.0,28.9,30.4,300.0,300.0,31.700000000000003,35.800000000000004,28.9,28.1,29.9,4.95,2.0,4.97,0.16,0.0,0.0,1027.0,8228.0,0.0,0.0,0.0,0.0,0.0,1.0,0.0,0.0,0.0,0.0,0.0,0.9,0.0,-0.9,0.0,0.0,16.0,25903.0
2026-07-30T19:02:57.517Z,347.0,347.016,0.0,7.4,0.0,0.0,0.0,0.0,0.0,0.0,0.0,0.0,1.0,0.0,0.0,0.0,9.0,4.0,0.0,0.0,0.0,0.0,0.0,0.0,0.0,0.0,4.0,12.0,1.0,12.18,5.01,2.51,1.49,0.0,0.0,0.0,297.90000000000003,0.0,-0.8,-0.4,0.0,-169.60000000000002,0.0,0.0,169.60000000000002,0.0,21.700000000000003,29.0,28.9,30.4,300.0,300.0,31.700000000000003,35.800000000000004,28.9,28.1,29.9,4.96,2.0,4.96,0.16,0.0,0.0,1027.0,8228.0,0.0,0.0,0.0,0.0,0.0,1.0,0.0,0.0,0.0,0.0,0.0,-0.5,0.0,0.0,0.0,0.0,16.0,25903.0
2026-07-30T19:02:57.530Z,347.013,347.028,0.0,7.4,0.0,0.0,0.0,0.0,0.0,0.0,0.0,0.0,1.0,0.0,0.0,0.0,9.0,4.0,0.0,0.0,0.0,0.0,0.0,0.0,0.0,0.0,6.0,12.0,1.0,12.18,5.01,2.51,1.49,0.0,0.0,0.0,298.6,0.0,-0.2,0.6000000000000001,-1.2000000000000002,-169.60000000000002,0.0,0.0,169.60000000000002,0.0,21.700000000000003,29.0,28.9,30.4,300.0,300.0,31.700000000000003,35.800000000000004,28.9,28.1,29.9,4.95,1.99,4.97,0.16,0.0,0.0,1027.0,8228.0,0.0,0.0,0.0,0.0,0.0,1.0,0.0,0.0,0.0,0.0,0.0,-0.1,0.0,1.2000000000000002,0.0,0.0,16.0,25903.0
2026-07-30T19:02:57.542Z,347.025,347.04,0.0,7.4,0.0,0.0,0.0,0.0,0.0,0.0,0.0,0.0,1.0,0.0,0.0,0.0,9.0,4.0,0.0,0.0,0.0,0.0,0.0,0.0,0.0,0.0,1.0,12.0,1.0,12.18,5.01,2.51,1.49,0.0,0.0,0.0,299.2,0.0,-0.8,0.0,-1.1,-169.60000000000002,0.0,0.0,169.60000000000002,0.0,21.700000000000003,29.0,28.9,30.4,300.0,300.0,31.700000000000003,35.800000000000004,28.9,28.1,29.9,4.95,1.99,4.97,0.16,0.0,0.0,1027.0,8228.0,0.0,0.0,0.0,0.0,0.0,1.0,0.0,0.0,0.0,0.0,0.0,-0.7000000000000001,0.0,1.0,0.0,0.0,16.0,25903.0
2026-07-30T19:02:57.554Z,347.037,347.052,0.0,7.4,0.0,0.0,0.0,0.0,0.0,0.0,0.0,0.0,1.0,0.0,0.0,0.0,9.0,4.0,0.0,0.0,0.0,0.0,0.0,0.0,0.0,0.0,2.0,12.0,1.0,12.18,5.01,2.51,1.49,0.0,0.0,0.0,299.7,0.0,-0.8,0.1,1.7000000000000002,-169.60000000000002,0.0,0.0,169.60000000000002,0.0,21.700000000000003,29.0,28.9,30.4,300.0,300.0,31.700000000000003,35.800000000000004,28.9,28.1,29.9,4.96,2.0,4.97,0.16,0.0,0.0,1027.0,8228.0,0.0,0.0,0.0,0.0,0.0,1.0,0.0,0.0,0.0,0.0,0.0,1.3,0.0,-1.4,0.0,0.0,16.0,25903.0
2026-07-30T19:02:57.565Z,347.048,347.064,0.0,7.4,0.0,0.0,0.0,0.0,0.0,0.0,0.0,0.0,1.0,0.0,0.0,0.0,9.0,4.0,0.0,0.0,0.0,0.0,0.0,0.0,0.0,0.0,3.0,12.0,1.0,12.18,5.01,2.51,1.49,-0.1,0.1,0.0,300.3,0.0,-0.8,0.1,0.0,-169.60000000000002,0.0,0.0,169.60000000000002,0.0,21.700000000000003,29.0,28.9,30.4,300.0,300.0,31.700000000000003,35.800000000000004,28.9,28.1,29.9,4.95,2.0,4.97,0.16,0.0,0.0,1027.0,8228.0,0.0,0.0,0.0,0.0,0.0,1.0,0.0,0.0,0.0,0.0,0.0,0.0,0.0,0.0,0.0,0.0,16.0,25903.0
2026-07-30T19:02:57.578Z,347.061,347.076,0.0,7.4,0.0,0.0,0.0,0.0,0.0,0.0,0.0,0.0,1.0,0.0,0.0,0.0,9.0,4.0,0.0,0.0,0.0,0.0,0.0,0.0,0.0,0.0,4.0,12.0,1.0,12.18,5.01,2.51,1.49,0.0,0.0,0.0,300.90000000000003,0.0,-0.2,-1.0,0.0,-169.60000000000002,0.0,0.0,169.60000000000002,0.0,21.700000000000003,29.0,28.9,30.4,300.0,300.0,31.700000000000003,35.800000000000004,28.9,28.1,29.9,4.95,1.99,4.97,0.16,0.0,0.0,1027.0,8228.0,0.0,0.0,0.0,0.0,0.0,1.0,0.0,0.0,0.0,0.0,0.0,-1.2000000000000002,0.0,-0.2,0.0,0.0,16.0,25903.0
2026-07-30T19:02:57.590Z,347.073,347.088,0.0,7.4,0.0,0.0,0.0,0.0,0.0,0.0,0.0,0.0,1.0,0.0,0.0,0.0,9.0,4.0,0.0,0.0,0.0,0.0,0.0,0.0,0.0,0.0,6.0,12.0,1.0,12.18,5.01,2.51,1.49,0.0,0.1,0.0,301.40000000000003,0.0,-0.8,-0.4,-0.6000000000000001,-169.60000000000002,0.0,0.0,169.60000000000002,0.0,21.8,29.0,28.9,30.5,300.0,300.0,31.700000000000003,35.9,28.8,28.1,30.0,4.95,2.0,4.96,0.16,0.0,0.0,1027.0,8228.0,0.0,0.0,0.0,0.0,0.0,1.0,0.0,0.0,0.0,0.0,0.0,-1.0,0.0,0.4,0.0,0.0,16.0,25903.0
2026-07-30T19:02:57.602Z,347.085,347.1,0.0,7.4,0.0,0.0,0.0,0.0,0.0,0.0,0.0,0.0,1.0,0.0,0.0,0.0,9.0,4.0,0.0,0.0,0.0,0.0,0.0,0.0,0.0,0.0,1.0,12.0,1.0,12.18,5.01,2.51,1.49,0.0,0.0,0.0,302.0,0.0,0.9,0.1,1.0,-169.60000000000002,0.0,0.0,169.60000000000002,0.0,21.8,29.0,28.9,30.5,300.0,300.0,31.700000000000003,35.9,28.8,28.1,30.0,4.96,1.99,4.96,0.16,0.0,0.0,1027.0,8228.0,0.0,0.0,0.0,0.0,0.0,1.0,0.0,0.0,0.0,0.0,0.0,0.9,0.0,-0.9,0.0,0.0,16.0,25903.0
2026-07-30T19:02:57.614Z,347.097,347.112,0.0,7.4,0.0,0.0,0.0,0.0,0.0,0.0,0.0,0.0,1.0,0.0,0.0,0.0,9.0,4.0,0.0,0.0,0.0,0.0,0.0,0.0,0.0,0.0,2.0,12.0,1.0,12.18,5.01,2.51,1.49,0.0,0.1,0.0,302.6,0.0,-0.8,-0.4,-0.1,-169.60000000000002,0.0,0.0,169.60000000000002,0.0,21.8,29.0,28.9,30.5,300.0,300.0,31.700000000000003,35.9,28.8,28.1,30.0,4.95,1.99,4.96,0.16,0.0,0.0,1027.0,8228.0,0.0,0.0,0.0,0.0,0.0,1.0,0.0,0.0,0.0,0.0,0.0,-0.6000000000000001,0.0,0.0,0.0,0.0,16.0,25903.0
2026-07-30T19:02:57.625Z,347.108,347.124,0.0,7.4,0.0,0.0,0.0,0.0,0.0,0.0,0.0,0.0,1.0,0.0,0.0,0.0,9.0,4.0,0.0,0.0,0.0,0.0,0.0,0.0,0.0,0.0,3.0,12.0,1.0,12.18,5.01,2.51,1.49,0.0,0.0,0.0,303.1,0.0,-0.2,0.1,-0.1,-169.60000000000002,0.0,0.0,169.60000000000002,0.0,21.8,29.0,28.9,30.5,300.0,300.0,31.700000000000003,35.9,28.8,28.1,30.0,4.96,2.0,4.97,0.16,0.0,0.0,1027.0,8228.0,0.0,0.0,0.0,0.0,0.0,1.0,0.0,0.0,0.0,0.0,0.0,0.0,0.0,0.1,0.0,0.0,16.0,25903.0
2026-07-30T19:02:57.638Z,347.121,347.136,0.0,7.4,0.0,0.0,0.0,0.0,0.0,0.0,0.0,0.0,1.0,0.0,0.0,0.0,9.0,4.0,0.0,0.0,0.0,0.0,0.0,0.0,0.0,0.0,4.0,12.0,1.0,12.18,5.01,2.51,1.49,0.0,0.0,0.0,303.6,0.0,0.3,1.3,-0.2,-169.60000000000002,0.0,0.0,169.60000000000002,0.0,21.8,29.0,28.9,30.5,300.0,300.0,31.700000000000003,35.9,28.8,28.1,30.0,4.96,2.0,4.96,0.16,0.0,0.0,1027.0,8228.0,0.0,0.0,0.0,0.0,0.0,1.0,0.0,0.0,0.0,0.0,0.0,1.3,0.0,0.4,0.0,0.0,16.0,25903.0
2026-07-30T19:02:57.650Z,347.133,347.148,0.0,7.4,0.0,0.0,0.0,0.0,0.0,0.0,0.0,0.0,1.0,0.0,0.0,0.0,9.0,4.0,0.0,0.0,0.0,0.0,0.0,0.0,0.0,0.0,6.0,12.0,1.0,12.18,5.01,2.51,1.49,0.0,0.0,0.0,304.2,0.0,-0.2,0.1,-0.8,-169.60000000000002,0.0,0.0,169.60000000000002,0.0,21.8,29.0,28.9,30.5,300.0,300.0,31.700000000000003,35.9,28.8,28.1,30.0,4.96,1.99,4.96,0.16,0.0,0.0,1027.0,8228.0,0.0,0.0,0.0,0.0,0.0,1.0,0.0,0.0,0.0,0.0,0.0,-0.4,0.0,0.7000000000000001,0.0,0.0,16.0,25903.0
2026-07-30T19:02:57.662Z,347.145,347.16,0.0,7.4,0.0,0.0,0.0,0.0,0.0,0.0,0.0,0.0,1.0,0.0,0.0,0.0,9.0,4.0,0.0,0.0,0.0,0.0,0.0,0.0,0.0,0.0,1.0,12.0,1.0,12.18,5.01,2.51,1.49,0.0,0.0,0.0,304.6,0.0,0.2,-0.4,-0.2,-169.60000000000002,0.0,0.0,169.60000000000002,0.0,21.8,29.0,28.9,30.5,300.0,300.0,31.700000000000003,35.9,28.8,28.1,30.0,4.96,1.99,4.97,0.16,0.0,0.0,1027.0,8228.0,0.0,0.0,0.0,0.0,0.0,1.0,0.0,0.0,0.0,0.0,0.0,-0.6000000000000001,0.0,0.1,0.0,0.0,16.0,25903.0
2026-07-30T19:02:57.673Z,347.156,347.172,0.0,7.4,0.0,0.0,0.0,0.0,0.0,0.0,0.0,0.0,1.0,0.0,0.0,0.0,9.0,4.0,0.0,0.0,0.0,0.0,0.0,0.0,0.0,0.0,2.0,12.0,1.0,12.18,5.01,2.51,1.49,0.0,0.0,0.0,305.2,0.0,-0.2,-0.4,-0.2,-169.60000000000002,0.0,0.0,169.60000000000002,0.0,21.8,29.0,28.9,30.5,300.0,300.0,31.700000000000003,35.9,28.8,28.1,30.0,4.96,2.0,4.96,0.16,0.0,0.0,1027.0,8228.0,0.0,0.0,0.0,0.0,0.0,1.0,0.0,0.0,0.0,0.0,0.0,-0.6000000000000001,0.0,0.0,0.0,0.0,16.0,25903.0
2026-07-30T19:02:57.685Z,347.168,347.184,0.0,7.4,0.0,0.0,0.0,0.0,0.0,0.0,0.0,0.0,1.0,0.0,0.0,0.0,9.0,4.0,0.0,0.0,0.0,0.0,0.0,0.0,0.0,0.0,3.0,12.0,1.0,12.18,5.01,2.51,1.49,0.0,0.0,0.0,305.8,0.0,-0.3,0.1,-0.8,-169.60000000000002,0.0,0.0,169.60000000000002,0.0,21.8,29.0,28.9,30.5,300.0,300.0,31.700000000000003,35.9,28.8,28.1,30.0,4.96,1.99,4.97,0.16,0.0,0.0,1027.0,8228.0,0.0,0.0,0.0,0.0,0.0,1.0,0.0,0.0,0.0,0.0,0.0,-0.4,0.0,0.7000000000000001,0.0,0.0,16.0,25903.0
2026-07-30T19:02:57.698Z,347.181,347.196,0.0,7.4,0.0,0.0,0.0,0.0,0.0,0.0,0.0,0.0,1.0,0.0,0.0,0.0,9.0,4.0,0.0,0.0,0.0,0.0,0.0,0.0,0.0,0.0,4.0,12.0,1.0,12.15,5.01,2.51,1.49,0.0,0.0,0.0,306.3,0.0,-0.2,-0.5,-0.8,-169.60000000000002,0.0,0.0,169.60000000000002,0.0,21.4,29.0,28.9,30.5,300.0,300.0,31.6,35.800000000000004,28.9,28.1,30.0,4.95,1.99,4.97,0.16,0.0,0.0,1027.0,8228.0,0.0,0.0,0.0,0.0,0.0,1.0,0.0,0.0,0.0,0.0,0.0,-1.2000000000000002,0.0,0.6000000000000001,0.0,0.0,16.0,25903.0
2026-07-30T19:02:57.710Z,347.193,347.208,0.0,7.4,0.0,0.0,0.0,0.0,0.0,0.0,0.0,0.0,1.0,0.0,0.0,0.0,9.0,4.0,0.0,0.0,0.0,0.0,0.0,0.0,0.0,0.0,4.0,12.0,1.0,12.15,5.01,2.51,1.49,0.0,0.0,0.0,306.7,0.0,0.2,-0.4,-1.3,-169.60000000000002,0.0,0.0,169.60000000000002,0.0,21.4,29.0,28.9,30.5,300.0,300.0,31.6,35.800000000000004,28.9,28.1,30.0,4.96,1.99,4.96,0.16,0.0,0.0,1027.0,8228.0,0.0,0.0,0.0,0.0,0.0,1.0,0.0,0.0,0.0,0.0,0.0,-1.5,0.0,1.1,0.0,0.0,16.0,25903.0
2026-07-30T19:02:57.722Z,347.205,347.22,0.0,7.4,0.0,0.0,0.0,0.0,0.0,0.0,0.0,0.0,1.0,0.0,0.0,0.0,9.0,4.0,0.0,0.0,0.0,0.0,0.0,0.0,0.0,0.0,5.0,12.0,1.0,12.15,5.01,2.51,1.49,0.0,0.0,0.0,307.20000000000005,0.0,0.2,0.1,-0.7000000000000001,-169.60000000000002,0.0,0.0,169.60000000000002,0.0,21.4,29.0,28.9,30.5,300.0,300.0,31.6,35.800000000000004,28.9,28.1,30.0,4.96,2.0,4.96,0.16,0.0,0.0,1027.0,8228.0,0.0,0.0,0.0,0.0,0.0,1.0,0.0,0.0,0.0,0.0,0.0,-0.4,0.0,0.6000000000000001,0.0,0.0,16.0,25903.0
2026-07-30T19:02:57.734Z,347.217,347.232,0.0,7.4,0.0,0.0,0.0,0.0,0.0,0.0,0.0,0.0,1.0,0.0,0.0,0.0,9.0,4.0,0.0,0.0,0.0,0.0,0.0,0.0,0.0,0.0,6.0,12.0,1.0,12.15,5.01,2.51,1.49,0.0,0.0,0.0,307.6,0.0,-0.3,1.2000000000000002,-0.1,-169.60000000000002,0.0,0.0,169.60000000000002,0.0,21.4,29.0,28.9,30.5,300.0,300.0,31.6,35.800000000000004,28.9,28.1,30.0,4.96,1.99,4.97,0.16,0.0,0.0,1027.0,8228.0,0.0,0.0,0.0,0.0,0.0,1.0,0.0,0.0,0.0,0.0,0.0,1.3,0.0,0.3,0.0,0.0,16.0,25903.0
2026-07-30T19:02:57.746Z,347.229,347.244,0.0,7.4,0.0,0.0,0.0,0.0,0.0,0.0,0.0,0.0,1.0,0.0,0.0,0.0,9.0,4.0,0.0,0.0,0.0,0.0,0.0,0.0,0.0,0.0,1.0,12.0,1.0,12.15,5.01,2.51,1.49,0.0,0.0,0.0,308.20000000000005,0.0,-0.3,1.3,-0.1,-169.60000000000002,0.0,0.0,169.60000000000002,0.0,21.4,29.0,28.9,30.5,300.0,300.0,31.6,35.800000000000004,28.9,28.1,30.0,4.95,1.99,4.97,0.16,0.0,0.0,1027.0,8228.0,0.0,0.0,0.0,0.0,0.0,1.0,0.0,0.0,0.0,0.0,0.0,1.3,0.0,0.3,0.0,0.0,16.0,25903.0
2026-07-30T19:02:57.758Z,347.241,347.25600000000003,0.0,7.4,0.0,0.0,0.0,0.0,0.0,0.0,0.0,0.0,1.0,0.0,0.0,0.0,9.0,4.0,0.0,0.0,0.0,0.0,0.0,0.0,0.0,0.0,2.0,12.0,1.0,12.15,5.01,2.51,1.49,0.0,0.0,0.0,308.70000000000005,0.0,-0.2,0.7000000000000001,1.6,-169.60000000000002,0.0,0.0,169.60000000000002,0.0,21.4,29.0,28.9,30.5,300.0,300.0,31.6,35.800000000000004,28.9,28.1,30.0,4.96,1.99,4.96,0.16,0.0,0.0,1027.0,8228.0,0.0,0.0,0.0,0.0,0.0,1.0,0.0,0.0,0.0,0.0,0.0,2.0,0.0,-1.2000000000000002,0.0,0.0,16.0,25903.0
2026-07-30T19:02:57.770Z,347.253,347.26800000000003,0.0,7.4,0.0,0.0,0.0,0.0,0.0,0.0,0.0,0.0,1.0,0.0,0.0,0.0,9.0,4.0,0.0,0.0,0.0,0.0,0.0,0.0,0.0,0.0,3.0,12.0,1.0,12.15,5.01,2.51,1.49,0.0,0.0,0.0,309.1,0.0,0.3,0.7000000000000001,-0.1,-169.60000000000002,0.0,0.0,169.60000000000002,0.0,21.4,29.0,28.9,30.5,300.0,300.0,31.6,35.800000000000004,28.9,28.1,30.0,4.95,1.99,4.96,0.16,0.0,0.0,1027.0,8228.0,0.0,0.0,0.0,0.0,0.0,1.0,0.0,0.0,0.0,0.0,0.0,0.7000000000000001,0.0,0.2,0.0,0.0,16.0,25903.0
2026-07-30T19:02:57.782Z,347.265,347.28000000000003,0.0,7.4,0.0,0.0,0.0,0.0,0.0,0.0,0.0,0.0,1.0,0.0,0.0,0.0,9.0,4.0,0.0,0.0,0.0,0.0,0.0,0.0,0.0,0.0,5.0,12.0,1.0,12.15,5.01,2.51,1.49,0.0,0.0,0.0,309.6,0.0,-0.2,0.1,0.4,-169.60000000000002,0.0,0.0,169.60000000000002,0.0,21.4,29.0,28.9,30.5,300.0,300.0,31.6,35.800000000000004,28.9,28.1,30.0,4.95,2.0,4.96,0.16,0.0,0.0,1027.0,8228.0,0.0,0.0,0.0,0.0,0.0,1.0,0.0,0.0,0.0,0.0,0.0,0.4,0.0,-0.4,0.0,0.0,16.0,25903.0
2026-07-30T19:02:57.795Z,347.278,347.29200000000003,0.0,7.4,0.0,0.0,0.0,0.0,0.0,0.0,0.0,0.0,1.0,0.0,0.0,0.0,9.0,4.0,0.0,0.0,0.0,0.0,0.0,0.0,0.0,0.0,6.0,12.0,1.0,12.14,5.01,2.51,1.49,0.0,0.0,0.0,310.0,0.0,0.2,-0.4,-0.1,-169.60000000000002,0.0,0.0,169.60000000000002,0.0,21.8,29.0,28.9,30.5,300.0,300.0,31.6,35.800000000000004,28.9,28.1,30.0,4.96,2.0,4.96,0.16,0.0,0.0,1027.0,8228.0,0.0,0.0,0.0,0.0,0.0,1.0,0.0,0.0,0.0,0.0,0.0,-0.6000000000000001,0.0,0.0,0.0,0.0,16.0,25903.0
2026-07-30T19:02:57.806Z,347.289,347.30400000000003,0.0,7.4,0.0,0.0,0.0,0.0,0.0,0.0,0.0,0.0,1.0,0.0,0.0,0.0,9.0,4.0,0.0,0.0,0.0,0.0,0.0,0.0,0.0,0.0,1.0,12.0,1.0,12.14,5.01,2.51,1.49,0.0,0.0,0.0,310.5,0.0,-0.2,-0.4,0.4,-169.60000000000002,0.0,0.0,169.60000000000002,0.0,21.8,29.0,28.9,30.5,300.0,300.0,31.6,35.800000000000004,28.9,28.1,30.0,4.96,2.0,4.96,0.16,0.0,0.0,1027.0,8228.0,0.0,0.0,0.0,0.0,0.0,1.0,0.0,0.0,0.0,0.0,0.0,-0.7000000000000001,0.0,-0.6000000000000001,0.0,0.0,16.0,25903.0
2026-07-30T19:02:57.818Z,347.301,347.31600000000003,0.0,7.4,0.0,0.0,0.0,0.0,0.0,0.0,0.0,0.0,1.0,0.0,0.0,0.0,9.0,4.0,0.0,0.0,0.0,0.0,0.0,0.0,0.0,0.0,2.0,12.0,1.0,12.14,5.01,2.51,1.49,0.0,0.0,0.0,310.90000000000003,0.0,0.3,0.7000000000000001,0.4,-169.60000000000002,0.0,0.0,169.70000000000002,0.0,21.8,29.0,28.9,30.5,300.0,300.0,31.6,35.800000000000004,28.9,28.1,30.0,4.95,1.99,4.97,0.16,0.0,0.0,1027.0,8228.0,0.0,0.0,0.0,0.0,0.0,1.0,0.0,0.0,0.0,0.0,0.0,-1.7000000000000002,0.0,0.4,0.0,0.0,16.0,25903.0
2026-07-30T19:02:57.830Z,347.313,347.32800000000003,0.0,7.4,0.0,0.0,0.0,0.0,0.0,0.0,0.0,0.0,1.0,0.0,0.0,0.0,9.0,4.0,0.0,0.0,0.0,0.0,0.0,0.0,0.0,0.0,3.0,12.0,1.0,12.14,5.01,2.51,1.49,0.0,0.0,0.0,311.3,0.0,0.2,0.7000000000000001,-1.3,-169.60000000000002,0.0,0.0,169.60000000000002,0.0,21.8,29.0,28.9,30.5,300.0,300.0,31.6,35.800000000000004,28.9,28.1,30.0,4.95,1.99,4.96,0.16,0.0,0.0,1027.0,8228.0,0.0,0.0,0.0,0.0,0.0,1.0,0.0,0.0,0.0,0.0,0.0,3.3000000000000003,0.0,-1.0,0.0,0.0,16.0,25903.0
2026-07-30T19:02:57.842Z,347.325,347.34000000000003,0.0,7.4,0.0,0.0,0.0,0.0,0.0,0.0,0.0,0.0,1.0,0.0,0.0,0.0,9.0,4.0,0.0,0.0,0.0,0.0,0.0,0.0,0.0,0.0,4.0,12.0,1.0,12.14,5.01,2.51,1.49,0.0,0.0,0.0,311.8,0.0,1.4,1.3,1.0,-169.60000000000002,0.0,0.0,169.60000000000002,0.0,21.8,29.0,28.9,30.5,300.0,300.0,31.6,35.800000000000004,28.9,28.1,30.0,4.96,1.99,4.96,0.16,0.0,0.0,1027.0,8228.0,0.0,0.0,0.0,0.0,0.0,1.0,0.0,0.0,0.0,0.0,0.0,2.2,0.0,-0.6000000000000001,0.0,0.0,16.0,25903.0
2026-07-30T19:02:57.853Z,347.336,347.35200000000003,0.0,7.4,0.0,0.0,0.0,0.0,0.0,0.0,0.0,0.0,1.0,0.0,0.0,0.0,9.0,4.0,0.0,0.0,0.0,0.0,0.0,0.0,0.0,0.0,5.0,12.0,1.0,12.14,5.01,2.51,1.49,0.0,0.1,0.0,312.20000000000005,0.0,0.8,-0.4,-0.7000000000000001,-169.60000000000002,0.0,0.0,169.70000000000002,0.0,21.8,29.0,28.9,30.5,300.0,300.0,31.6,35.800000000000004,28.9,28.1,30.0,4.95,1.99,4.97,0.16,0.0,0.0,1027.0,8228.0,0.0,0.0,0.0,0.0,0.0,1.0,0.0,0.0,0.0,0.0,0.0,-1.0,0.0,0.5,0.0,0.0,16.0,25903.0
2026-07-30T19:02:57.866Z,347.349,347.36400000000003,0.0,7.4,0.0,0.0,0.0,0.0,0.0,0.0,0.0,0.0,1.0,0.0,0.0,0.0,9.0,4.0,0.0,0.0,0.0,0.0,0.0,0.0,0.0,0.0,6.0,12.0,1.0,12.14,5.01,2.51,1.49,0.0,0.0,0.0,312.70000000000005,0.0,-0.3,0.7000000000000001,-0.1,-169.60000000000002,0.0,0.0,169.60000000000002,0.0,21.8,29.0,28.9,30.5,300.0,300.0,31.6,35.800000000000004,28.9,28.1,30.0,4.95,1.99,4.97,0.16,0.0,0.0,1027.0,8228.0,0.0,0.0,0.0,0.0,0.0,1.0,0.0,0.0,0.0,0.0,0.0,0.7000000000000001,0.0,0.2,0.0,0.0,16.0,25903.0
2026-07-30T19:02:57.878Z,347.361,347.37600000000003,0.0,7.4,0.0,0.0,0.0,0.0,0.0,0.0,0.0,0.0,1.0,0.0,0.0,0.0,9.0,4.0,0.0,0.0,0.0,0.0,0.0,0.0,0.0,0.0,1.0,12.0,1.0,12.14,5.01,2.51,1.49,0.0,0.0,0.0,313.1,0.0,-0.3,0.1,-0.7000000000000001,-169.60000000000002,0.0,0.0,169.60000000000002,0.0,21.8,29.0,28.9,30.5,300.0,300.0,31.6,35.800000000000004,28.9,28.1,30.0,4.95,2.0,4.97,0.16,0.0,0.0,1027.0,8228.0,0.0,0.0,0.0,0.0,0.0,1.0,0.0,0.0,0.0,0.0,0.0,-0.3,0.0,0.6000000000000001,0.0,0.0,16.0,25903.0
2026-07-30T19:02:57.890Z,347.373,347.38800000000003,0.0,7.4,0.0,0.0,0.0,0.0,0.0,0.0,0.0,0.0,1.0,0.0,0.0,0.0,9.0,4.0,0.0,0.0,0.0,0.0,0.0,0.0,0.0,0.0,2.0,12.0,1.0,12.14,5.01,2.51,1.49,0.0,0.1,0.0,313.5,0.0,-0.3,-0.4,-0.7000000000000001,-169.60000000000002,0.0,0.0,169.60000000000002,0.0,21.8,29.0,28.9,30.5,300.0,300.0,31.6,35.800000000000004,28.9,28.1,30.0,4.95,1.99,4.97,0.16,0.0,0.0,1027.0,8228.0,0.0,0.0,0.0,0.0,0.0,1.0,0.0,0.0,0.0,0.0,0.0,-1.0,0.0,0.5,0.0,0.0,16.0,25903.0
2026-07-30T19:02:57.902Z,347.385,347.40000000000003,0.0,7.4,0.0,0.0,0.0,0.0,0.0,0.0,0.0,0.0,1.0,0.0,0.0,0.0,9.0,4.0,0.0,0.0,0.0,0.0,0.0,0.0,0.0,0.0,3.0,12.0,1.0,12.17,5.0200000000000005,2.51,1.49,0.0,0.0,0.0,313.90000000000003,0.0,0.2,0.1,-1.3,-169.60000000000002,0.0,0.0,169.70000000000002,0.0,21.3,29.0,28.9,30.6,300.0,300.0,31.6,35.800000000000004,28.9,28.1,29.9,4.95,1.99,4.97,0.16,0.0,0.0,1027.0,8228.0,0.0,0.0,0.0,0.0,0.0,1.0,0.0,0.0,0.0,0.0,0.0,-0.8,0.0,1.2000000000000002,0.0,0.0,16.0,25903.0
2026-07-30T19:02:57.914Z,347.397,347.41200000000003,0.0,7.4,0.0,0.0,0.0,0.0,0.0,0.0,0.0,0.0,1.0,0.0,0.0,0.0,9.0,4.0,0.0,0.0,0.0,0.0,0.0,0.0,0.0,0.0,5.0,12.0,1.0,12.17,5.0200000000000005,2.51,1.49,-0.1,0.0,0.0,314.3,0.0,0.8,-0.3,0.4,-169.60000000000002,0.0,0.0,169.70000000000002,0.0,21.3,29.0,28.9,30.6,300.0,300.0,31.6,35.800000000000004,28.9,28.1,29.9,4.96,1.99,4.96,0.16,0.0,0.0,1027.0,8228.0,0.0,0.0,0.0,0.0,0.0,1.0,0.0,0.0,0.0,0.0,0.0,-0.1,0.0,-0.4,0.0,0.0,16.0,25903.0
2026-07-30T19:02:57.926Z,347.409,347.42400000000004,0.0,7.4,0.0,0.0,0.0,0.0,0.0,0.0,0.0,0.0,1.0,0.0,0.0,0.0,9.0,4.0,0.0,0.0,0.0,0.0,0.0,0.0,0.0,0.0,6.0,12.0,1.0,12.17,5.0200000000000005,2.51,1.49,0.0,0.0,0.0,314.70000000000005,0.0,0.2,0.1,0.4,-169.60000000000002,0.0,0.0,169.70000000000002,0.0,21.3,29.0,28.9,30.6,300.0,300.0,31.6,35.800000000000004,28.9,28.1,29.9,4.96,1.99,4.97,0.16,0.0,0.0,1027.0,8228.0,0.0,0.0,0.0,0.0,0.0,1.0,0.0,0.0,0.0,0.0,0.0,0.5,0.0,-0.3,0.0,0.0,16.0,25903.0
2026-07-30T19:02:57.938Z,347.421,347.43600000000004,0.0,7.4,0.0,0.0,0.0,0.0,0.0,0.0,0.0,0.0,1.0,0.0,0.0,0.0,9.0,4.0,0.0,0.0,0.0,0.0,0.0,0.0,0.0,0.0,1.0,12.0,1.0,12.17,5.0200000000000005,2.51,1.49,0.0,0.0,0.0,315.1,0.0,0.2,0.2,1.0,-169.60000000000002,0.0,0.0,169.70000000000002,0.0,21.3,29.0,28.9,30.6,300.0,300.0,31.6,35.800000000000004,28.9,28.1,29.9,4.95,2.0,4.97,0.16,0.0,0.0,1027.0,8228.0,0.0,0.0,0.0,0.0,0.0,1.0,0.0,0.0,0.0,0.0,0.0,1.0,0.0,-0.9,0.0,0.0,16.0,25903.0
2026-07-30T19:02:57.950Z,347.433,347.448,0.0,7.4,0.0,0.0,0.0,0.0,0.0,0.0,0.0,0.0,1.0,0.0,0.0,0.0,9.0,4.0,0.0,0.0,0.0,0.0,0.0,0.0,0.0,0.0,2.0,12.0,1.0,12.17,5.0200000000000005,2.51,1.49,0.0,0.0,0.0,315.5,0.0,0.2,-0.9,0.0,-169.60000000000002,0.0,0.0,169.8,0.0,21.3,29.0,28.9,30.6,300.0,300.0,31.6,35.800000000000004,28.9,28.1,29.9,4.95,2.0,4.96,0.16,0.0,0.0,1027.0,8228.0,0.0,0.0,0.0,0.0,0.0,1.0,0.0,0.0,0.0,0.0,0.0,-1.0,0.0,-0.1,0.0,0.0,16.0,25903.0
2026-07-30T19:02:57.962Z,347.445,347.46,0.0,7.4,0.0,0.0,0.0,0.0,0.0,0.0,0.0,0.0,1.0,0.0,0.0,0.0,9.0,4.0,0.0,0.0,0.0,0.0,0.0,0.0,0.0,0.0,2.0,12.0,1.0,12.17,5.0200000000000005,2.51,1.49,0.0,0.0,0.0,315.8,0.0,-0.3,-0.9,0.5,-169.60000000000002,0.0,0.0,169.60000000000002,0.0,21.3,29.0,28.9,30.6,300.0,300.0,31.6,35.800000000000004,28.9,28.1,29.9,4.96,1.99,4.96,0.16,0.0,0.0,1027.0,8228.0,0.0,0.0,0.0,0.0,0.0,1.0,0.0,0.0,0.0,0.0,0.0,-0.6000000000000001,0.0,-0.6000000000000001,0.0,0.0,16.0,25903.0
2026-07-30T19:02:57.973Z,347.456,347.472,0.0,7.4,0.0,0.0,0.0,0.0,0.0,0.0,0.0,0.0,1.0,0.0,0.0,0.0,9.0,4.0,0.0,0.0,0.0,0.0,0.0,0.0,0.0,0.0,3.0,12.0,1.0,12.17,5.0200000000000005,2.51,1.49,0.0,0.0,0.0,316.20000000000005,0.0,-0.3,0.2,-0.5,-169.60000000000002,0.0,0.0,169.70000000000002,0.0,21.3,29.0,28.9,30.6,300.0,300.0,31.6,35.800000000000004,28.9,28.1,29.9,4.96,1.99,4.97,0.16,0.0,0.0,1027.0,8228.0,0.0,0.0,0.0,0.0,0.0,1.0,0.0,0.0,0.0,0.0,0.0,-0.1,0.0,0.5,0.0,0.0,16.0,25903.0
2026-07-30T19:02:57.986Z,347.469,347.484,0.0,7.4,0.0,0.0,0.0,0.0,0.0,0.0,0.0,0.0,1.0,0.0,0.0,0.0,9.0,4.0,0.0,0.0,0.0,0.0,0.0,0.0,0.0,0.0,4.0,12.0,1.0,12.17,5.0200000000000005,2.51,1.49,0.0,0.0,0.0,316.6,0.0,-0.3,-0.2,0.0,-169.60000000000002,0.0,0.0,169.60000000000002,0.0,21.3,29.0,28.9,30.6,300.0,300.0,31.6,35.800000000000004,28.9,28.1,29.9,4.96,1.99,4.97,0.16,0.0,0.0,1027.0,8228.0,0.0,0.0,0.0,0.0,0.0,1.0,0.0,0.0,0.0,0.0,0.0,-0.3,0.0,0.0,0.0,0.0,16.0,25903.0
2026-07-30T19:02:57.999Z,347.482,347.496,0.0,7.4,0.0,0.0,0.0,0.0,0.0,0.0,0.0,0.0,1.0,0.0,0.0,0.0,9.0,4.0,0.0,0.0,0.0,0.0,0.0,0.0,0.0,0.0,6.0,12.0,1.0,12.18,5.01,2.5,1.49,0.0,0.0,0.0,317.0,0.0,-0.3,-0.2,1.2000000000000002,-169.60000000000002,0.0,0.0,169.60000000000002,0.0,21.700000000000003,28.9,28.9,30.6,300.0,300.0,31.5,35.800000000000004,28.8,28.1,29.9,4.96,1.99,4.96,0.16,0.0,0.0,1027.0,8228.0,0.0,0.0,0.0,0.0,0.0,1.0,0.0,0.0,0.0,0.0,0.0,0.5,0.0,-1.1,0.0,0.0,16.0,25903.0
2026-07-30T19:02:58.009Z,347.492,347.508,0.0,7.4,0.0,0.0,0.0,0.0,0.0,0.0,0.0,0.0,1.0,0.0,0.0,0.0,9.0,4.0,0.0,0.0,0.0,0.0,0.0,0.0,0.0,0.0,1.0,12.0,1.0,12.18,5.01,2.5,1.49,0.0,0.0,0.0,317.40000000000003,0.0,0.2,0.2,0.0,-169.60000000000002,0.0,0.0,169.60000000000002,0.0,21.700000000000003,28.9,28.9,30.6,300.0,300.0,31.5,35.800000000000004,28.8,28.1,29.9,4.96,1.99,4.97,0.16,0.0,0.0,1027.0,8228.0,0.0,0.0,0.0,0.0,0.0,1.0,0.0,0.0,0.0,0.0,0.0,0.3,0.0,0.0,0.0,0.0,16.0,25903.0
2026-07-30T19:02:58.022Z,347.505,347.52,0.0,7.4,0.0,0.0,0.0,0.0,0.0,0.0,0.0,0.0,1.0,0.0,0.0,0.0,9.0,4.0,0.0,0.0,0.0,0.0,0.0,0.0,0.0,0.0,2.0,12.0,1.0,12.18,5.01,2.5,1.49,0.0,0.0,0.0,317.70000000000005,0.0,-0.3,0.2,0.0,-169.60000000000002,0.0,0.0,169.70000000000002,0.0,21.700000000000003,28.9,28.9,30.6,300.0,300.0,31.5,35.800000000000004,28.8,28.1,29.9,4.96,1.99,4.97,0.16,0.0,0.0,1027.0,8228.0,0.0,0.0,0.0,0.0,0.0,1.0,0.0,0.0,0.0,0.0,0.0,0.3,0.0,0.0,0.0,0.0,16.0,25903.0
2026-07-30T19:02:58.034Z,347.517,347.532,0.0,7.4,0.0,0.0,0.0,0.0,0.0,0.0,0.0,0.0,1.0,0.0,0.0,0.0,9.0,4.0,0.0,0.0,0.0,0.0,0.0,0.0,0.0,0.0,3.0,12.0,1.0,12.18,5.01,2.5,1.49,0.0,0.0,0.0,318.1,0.0,0.8,0.2,-1.0,-169.60000000000002,0.0,0.0,169.60000000000002,0.0,21.700000000000003,28.9,28.9,30.6,300.0,300.0,31.5,35.800000000000004,28.8,28.1,29.9,4.95,2.0,4.97,0.16,0.0,0.0,1027.0,8228.0,0.0,0.0,0.0,0.0,0.0,1.0,0.0,0.0,0.0,0.0,0.0,-0.4,0.0,0.9,0.0,0.0,16.0,25903.0
2026-07-30T19:02:58.045Z,347.528,347.544,0.0,7.4,0.0,0.0,0.0,0.0,0.0,0.0,0.0,0.0,1.0,0.0,0.0,0.0,9.0,4.0,0.0,0.0,0.0,0.0,0.0,0.0,0.0,0.0,4.0,12.0,1.0,12.18,5.01,2.5,1.49,0.0,0.0,0.0,318.5,0.0,-0.9,-0.3,0.0,-169.60000000000002,0.0,0.0,169.60000000000002,0.0,21.700000000000003,28.9,28.9,30.6,300.0,300.0,31.5,35.800000000000004,28.8,28.1,29.9,4.95,2.0,4.97,0.16,0.0,0.0,1027.0,8228.0,0.0,0.0,0.0,0.0,0.0,1.0,0.0,0.0,0.0,0.0,0.0,-0.3,0.0,-0.1,0.0,0.0,16.0,25903.0
2026-07-30T19:02:58.058Z,347.541,347.556,0.0,7.4,0.0,0.0,0.0,0.0,0.0,0.0,0.0,0.0,1.0,0.0,0.0,0.0,9.0,4.0,0.0,0.0,0.0,0.0,0.0,0.0,0.0,0.0,5.0,12.0,1.0,12.18,5.01,2.5,1.49,0.0,0.0,0.0,318.8,0.0,0.2,-1.5,-0.5,-169.60000000000002,0.0,0.0,169.60000000000002,0.0,21.700000000000003,28.9,28.9,30.6,300.0,300.0,31.5,35.800000000000004,28.8,28.1,29.9,4.95,1.99,4.97,0.16,0.0,0.0,1027.0,8228.0,0.0,0.0,0.0,0.0,0.0,1.0,0.0,0.0,0.0,0.0,0.0,-2.1,0.0,0.1,0.0,0.0,16.0,25903.0
2026-07-30T19:02:58.069Z,347.552,347.568,0.0,7.4,0.0,0.0,0.0,0.0,0.0,0.0,0.0,0.0,1.0,0.0,0.0,0.0,9.0,4.0,0.0,0.0,0.0,0.0,0.0,0.0,0.0,0.0,6.0,12.0,1.0,12.18,5.01,2.5,1.49,0.0,0.0,0.0,319.1,0.0,0.2,0.2,1.1,-169.60000000000002,0.0,0.0,169.60000000000002,0.0,21.700000000000003,28.9,28.9,30.6,300.0,300.0,31.5,35.800000000000004,28.8,28.1,29.9,4.95,2.0,4.96,0.16,0.0,0.0,1027.0,8228.0,0.0,0.0,0.0,0.0,0.0,1.0,0.0,0.0,0.0,0.0,0.0,1.1,0.0,-1.0,0.0,0.0,16.0,25903.0
2026-07-30T19:02:58.082Z,347.565,347.58,0.0,7.4,0.0,0.0,0.0,0.0,0.0,0.0,0.0,0.0,1.0,0.0,0.0,0.0,9.0,4.0,0.0,0.0,0.0,0.0,0.0,0.0,0.0,0.0,2.0,12.0,1.0,12.18,5.01,2.5,1.49,0.0,0.0,0.0,319.5,0.0,-0.9,1.4,-0.5,-169.60000000000002,0.0,0.0,169.60000000000002,0.0,21.700000000000003,28.9,28.9,30.6,300.0,300.0,31.5,35.800000000000004,28.8,28.1,29.9,4.96,1.99,4.96,0.16,0.0,0.0,1027.0,8228.0,0.0,0.0,0.0,0.0,0.0,1.0,0.0,0.0,0.0,0.0,0.0,1.2000000000000002,0.0,0.7000000000000001,0.0,0.0,16.0,25903.0
2026-07-30T19:02:58.093Z,347.576,347.592,0.0,7.4,0.0,0.0,0.0,0.0,0.0,0.0,0.0,0.0,1.0,0.0,0.0,0.0,9.0,4.0,0.0,0.0,0.0,0.0,0.0,0.0,0.0,0.0,3.0,12.0,1.0,12.18,5.01,2.5,1.49,0.0,0.0,0.0,319.8,0.0,-0.3,-0.8,-0.4,-169.60000000000002,0.0,0.0,169.60000000000002,0.0,21.700000000000003,28.9,28.9,30.6,300.0,300.0,31.5,35.800000000000004,28.8,28.1,29.9,4.95,1.99,4.97,0.16,0.0,0.0,1027.0,8228.0,0.0,0.0,0.0,0.0,0.0,1.0,0.0,0.0,0.0,0.0,0.0,-1.3,0.0,0.2,0.0,0.0,16.0,25903.0
2026-07-30T19:02:58.106Z,347.589,347.604,0.0,7.4,0.0,0.0,0.0,0.0,0.0,0.0,0.0,0.0,1.0,0.0,0.0,0.0,9.0,4.0,0.0,0.0,0.0,0.0,0.0,0.0,0.0,0.0,4.0,12.0,1.0,12.18,5.01,2.5,1.5,0.0,0.0,0.0,320.1,0.0,0.2,-0.8,0.6000000000000001,-169.60000000000002,0.0,0.0,169.60000000000002,0.0,21.0,28.9,28.9,30.6,300.0,300.0,31.6,35.800000000000004,28.9,28.1,30.0,4.96,1.99,4.96,0.16,0.0,0.0,1027.0,8228.0,0.0,0.0,0.0,0.0,0.0,1.0,0.0,0.0,0.0,0.0,0.0,-0.4,0.0,-0.7000000000000001,0.0,0.0,16.0,25903.0
2026-07-30T19:02:58.118Z,347.601,347.616,0.0,7.4,0.0,0.0,0.0,0.0,0.0,0.0,0.0,0.0,1.0,0.0,0.0,0.0,9.0,4.0,0.0,0.0,0.0,0.0,0.0,0.0,0.0,0.0,5.0,12.0,1.0,12.18,5.01,2.5,1.5,0.0,0.0,0.0,320.5,0.0,0.2,0.2,0.6000000000000001,-169.60000000000002,0.0,0.0,169.60000000000002,0.0,21.0,28.9,28.9,30.6,300.0,300.0,31.6,35.800000000000004,28.9,28.1,30.0,4.96,2.0,4.96,0.16,0.0,0.0,1027.0,8228.0,0.0,0.0,0.0,0.0,0.0,1.0,0.0,0.0,0.0,0.0,0.0,0.8,0.0,-0.5,0.0,0.0,16.0,25903.0
2026-07-30T19:02:58.130Z,347.613,347.628,0.0,7.4,0.0,0.0,0.0,0.0,0.0,0.0,0.0,0.0,1.0,0.0,0.0,0.0,9.0,4.0,0.0,0.0,0.0,0.0,0.0,0.0,0.0,0.0,1.0,12.0,1.0,12.18,5.01,2.5,1.5,0.0,0.0,0.0,320.8,0.0,0.3,0.2,0.6000000000000001,-169.60000000000002,0.0,0.0,169.60000000000002,0.0,21.0,28.9,28.9,30.6,300.0,300.0,31.6,35.800000000000004,28.9,28.1,30.0,4.95,1.99,4.96,0.16,0.0,0.0,1027.0,8228.0,0.0,0.0,0.0,0.0,0.0,1.0,0.0,0.0,0.0,0.0,0.0,0.7000000000000001,0.0,-0.4,0.0,0.0,16.0,25903.0
2026-07-30T19:02:58.142Z,347.625,347.64,0.0,7.4,0.0,0.0,0.0,0.0,0.0,0.0,0.0,0.0,1.0,0.0,0.0,0.0,9.0,4.0,0.0,0.0,0.0,0.0,0.0,0.0,0.0,0.0,2.0,12.0,1.0,12.18,5.01,2.5,1.5,0.0,0.0,0.0,321.1,0.0,0.2,0.2,-0.5,-169.60000000000002,0.0,0.0,169.60000000000002,0.0,21.0,28.9,28.9,30.6,300.0,300.0,31.6,35.800000000000004,28.9,28.1,30.0,4.95,1.99,4.97,0.16,0.0,0.0,1027.0,8228.0,0.0,0.0,0.0,0.0,0.0,1.0,0.0,0.0,0.0,0.0,0.0,-0.1,0.0,0.5,0.0,0.0,16.0,25903.0
2026-07-30T19:02:58.154Z,347.637,347.652,0.0,7.4,0.0,0.0,0.0,0.0,0.0,0.0,0.0,0.0,1.0,0.0,0.0,0.0,9.0,4.0,0.0,0.0,0.0,0.0,0.0,0.0,0.0,0.0,3.0,12.0,1.0,12.18,5.01,2.5,1.5,0.0,0.0,0.0,321.40000000000003,0.0,0.2,0.2,0.0,-169.60000000000002,0.0,0.0,169.60000000000002,0.0,21.0,28.9,28.9,30.6,300.0,300.0,31.6,35.800000000000004,28.9,28.1,30.0,4.96,2.0,4.96,0.16,0.0,0.0,1027.0,8228.0,0.0,0.0,0.0,0.0,0.0,1.0,0.0,0.0,0.0,0.0,0.0,0.3,0.0,0.0,0.0,0.0,16.0,25903.0
2026-07-30T19:02:58.166Z,347.649,347.664,0.0,7.4,0.0,0.0,0.0,0.0,0.0,0.0,0.0,0.0,1.0,0.0,0.0,0.0,9.0,4.0,0.0,0.0,0.0,0.0,0.0,0.0,0.0,0.0,4.0,12.0,1.0,12.18,5.01,2.5,1.5,0.0,0.0,0.0,321.70000000000005,0.0,0.2,1.4,0.0,-169.60000000000002,0.0,0.0,169.60000000000002,0.0,21.0,28.9,28.9,30.6,300.0,300.0,31.6,35.800000000000004,28.9,28.1,30.0,4.96,1.99,4.97,0.17,0.0,0.0,1027.0,8228.0,0.0,0.0,0.0,0.0,0.0,1.0,0.0,0.0,0.0,0.0,0.0,1.6,0.0,0.3,0.0,0.0,16.0,25903.0
2026-07-30T19:02:58.178Z,347.661,347.676,0.0,7.4,0.0,0.0,0.0,0.0,0.0,0.0,0.0,0.0,1.0,0.0,0.0,0.0,9.0,4.0,0.0,0.0,0.0,0.0,0.0,0.0,0.0,0.0,5.0,12.0,1.0,12.18,5.01,2.5,1.5,0.0,0.0,0.0,322.1,0.0,-0.3,1.4,0.5,-169.60000000000002,0.0,0.0,169.60000000000002,0.0,21.0,28.9,28.9,30.6,300.0,300.0,31.6,35.800000000000004,28.9,28.1,30.0,4.95,1.99,4.97,0.16,0.0,0.0,1027.0,8228.0,0.0,0.0,0.0,0.0,0.0,1.0,0.0,0.0,0.0,0.0,0.0,2.0,0.0,-0.1,0.0,0.0,16.0,25903.0
2026-07-30T19:02:58.190Z,347.673,347.688,0.0,7.4,0.0,0.0,0.0,0.0,0.0,0.0,0.0,0.0,1.0,0.0,0.0,0.0,9.0,4.0,0.0,0.0,0.0,0.0,0.0,0.0,0.0,0.0,1.0,12.0,1.0,12.18,5.01,2.5,1.5,0.0,0.0,0.0,322.40000000000003,0.0,0.2,-0.3,0.0,-169.60000000000002,0.0,0.0,169.60000000000002,0.0,21.0,28.9,28.9,30.6,300.0,300.0,31.6,35.800000000000004,28.9,28.1,30.0,4.96,1.99,4.97,0.16,0.0,0.0,1027.0,8228.0,0.0,0.0,0.0,0.0,0.0,1.0,0.0,0.0,0.0,0.0,0.0,-0.4,0.0,0.0,0.0,0.0,16.0,25903.0
2026-07-30T19:02:58.202Z,347.685,347.7,0.0,7.4,0.0,0.0,0.0,0.0,0.0,0.0,0.0,0.0,1.0,0.0,0.0,0.0,9.0,4.0,0.0,0.0,0.0,0.0,0.0,0.0,0.0,0.0,1.0,12.0,1.0,12.17,5.0200000000000005,2.51,1.49,0.0,0.0,0.0,322.70000000000005,0.0,-0.3,0.2,-0.6000000000000001,-169.60000000000002,0.0,0.0,169.60000000000002,0.0,21.700000000000003,28.9,28.9,30.6,300.0,300.0,31.6,35.800000000000004,28.9,28.1,30.0,4.96,1.99,4.97,0.16,0.0,0.0,1027.0,8228.0,0.0,0.0,0.0,0.0,0.0,1.0,0.0,0.0,0.0,0.0,0.0,-0.1,0.0,0.5,0.0,0.0,16.0,25903.0
2026-07-30T19:02:58.214Z,347.697,347.712,0.0,7.4,0.0,0.0,0.0,0.0,0.0,0.0,0.0,0.0,1.0,0.0,0.0,0.0,9.0,4.0,0.0,0.0,0.0,0.0,0.0,0.0,0.0,0.0,2.0,12.0,1.0,12.17,5.0200000000000005,2.51,1.49,0.0,0.0,0.0,323.0,0.0,-0.2,-0.9,-1.7000000000000002,-169.60000000000002,0.0,0.0,169.60000000000002,0.0,21.700000000000003,28.9,28.9,30.6,300.0,300.0,31.6,35.800000000000004,28.9,28.1,30.0,4.96,1.99,4.97,0.16,0.0,0.0,1027.0,8228.0,0.0,0.0,0.0,0.0,0.0,1.0,0.0,0.0,0.0,0.0,0.0,-2.3000000000000003,0.0,1.3,0.0,0.0,16.0,25903.0
2026-07-30T19:02:58.225Z,347.708,347.724,0.0,7.4,0.0,0.0,0.0,0.0,0.0,0.0,0.0,0.0,1.0,0.0,0.0,0.0,9.0,4.0,0.0,0.0,0.0,0.0,0.0,0.0,0.0,0.0,3.0,12.0,1.0,12.17,5.0200000000000005,2.51,1.49,0.0,0.0,0.0,323.20000000000005,0.0,0.8,1.4,1.7000000000000002,-169.60000000000002,0.0,0.0,169.60000000000002,0.0,21.700000000000003,28.9,28.9,30.6,300.0,300.0,31.6,35.800000000000004,28.9,28.1,30.0,4.95,2.0,4.97,0.16,0.0,0.0,1027.0,8228.0,0.0,0.0,0.0,0.0,0.0,1.0,0.0,0.0,0.0,0.0,0.0,2.9000000000000004,0.0,-1.2000000000000002,0.0,0.0,16.0,25903.0
2026-07-30T19:02:58.238Z,347.721,347.736,0.0,7.4,0.0,0.0,0.0,0.0,0.0,0.0,0.0,0.0,1.0,0.0,0.0,0.0,9.0,4.0,0.0,0.0,0.0,0.0,0.0,0.0,0.0,0.0,4.0,12.0,1.0,12.17,5.0200000000000005,2.51,1.49,0.0,0.1,0.0,323.5,0.0,0.9,0.2,0.0,-169.60000000000002,0.0,0.0,169.60000000000002,0.0,21.700000000000003,28.9,28.9,30.6,300.0,300.0,31.6,35.800000000000004,28.9,28.1,30.0,4.96,2.0,4.96,0.16,0.0,0.0,1027.0,8228.0,0.0,0.0,0.0,0.0,0.0,1.0,0.0,0.0,0.0,0.0,0.0,0.2,0.0,0.0,0.0,0.0,16.0,25903.0
2026-07-30T19:02:58.250Z,347.733,347.748,0.0,7.4,0.0,0.0,0.0,0.0,0.0,0.0,0.0,0.0,1.0,0.0,0.0,0.0,9.0,4.0,0.0,0.0,0.0,0.0,0.0,0.0,0.0,0.0,5.0,12.0,1.0,12.17,5.0200000000000005,2.51,1.49,0.0,0.0,0.0,323.8,0.0,-0.8,-1.5,0.0,-169.60000000000002,0.0,0.0,169.60000000000002,0.0,21.700000000000003,28.9,28.9,30.6,300.0,300.0,31.6,35.800000000000004,28.9,28.1,30.0,4.95,1.99,4.97,0.16,0.0,0.0,1027.0,8228.0,0.0,0.0,0.0,0.0,0.0,1.0,0.0,0.0,0.0,0.0,0.0,-1.8,0.0,-0.2,0.0,0.0,16.0,25903.0
2026-07-30T19:02:58.262Z,347.745,347.76,0.0,7.4,0.0,0.0,0.0,0.0,0.0,0.0,0.0,0.0,1.0,0.0,0.0,0.0,9.0,4.0,0.0,0.0,0.0,0.0,0.0,0.0,0.0,0.0,1.0,12.0,1.0,12.17,5.0200000000000005,2.51,1.49,0.0,0.1,0.0,324.1,0.0,0.3,0.1,-0.6000000000000001,-169.60000000000002,0.0,0.0,169.60000000000002,0.0,21.700000000000003,28.9,28.9,30.6,300.0,300.0,31.6,35.800000000000004,28.9,28.1,30.0,4.95,2.0,4.96,0.16,0.0,0.0,1027.0,8228.0,0.0,0.0,0.0,0.0,0.0,1.0,0.0,0.0,0.0,0.0,0.0,-0.2,0.0,0.6000000000000001,0.0,0.0,16.0,25903.0
2026-07-30T19:02:58.274Z,347.757,347.772,0.0,7.4,0.0,0.0,0.0,0.0,0.0,0.0,0.0,0.0,1.0,0.0,0.0,0.0,9.0,4.0,0.0,0.0,0.0,0.0,0.0,0.0,0.0,0.0,2.0,12.0,1.0,12.17,5.0200000000000005,2.51,1.49,0.0,0.0,0.0,324.40000000000003,0.0,-0.8,-0.3,-1.2000000000000002,-169.60000000000002,0.0,0.0,169.60000000000002,0.0,21.700000000000003,28.9,28.9,30.6,300.0,300.0,31.6,35.800000000000004,28.9,28.1,30.0,4.96,1.99,4.96,0.16,0.0,0.0,1027.0,8228.0,0.0,0.0,0.0,0.0,0.0,1.0,0.0,0.0,0.0,0.0,0.0,-1.3,0.0,0.9,0.0,0.0,16.0,25903.0
2026-07-30T19:02:58.286Z,347.769,347.784,0.0,7.4,0.0,0.0,0.0,0.0,0.0,0.0,0.0,0.0,1.0,0.0,0.0,0.0,9.0,4.0,0.0,0.0,0.0,0.0,0.0,0.0,0.0,0.0,3.0,12.0,1.0,12.17,5.0200000000000005,2.51,1.49,0.0,0.0,0.0,324.70000000000005,0.0,0.3,0.2,0.5,-169.60000000000002,0.0,0.0,169.60000000000002,0.0,21.700000000000003,28.9,28.9,30.6,300.0,300.0,31.6,35.800000000000004,28.9,28.1,30.0,4.96,1.99,4.97,0.16,0.0,0.0,1027.0,8228.0,0.0,0.0,0.0,0.0,0.0,1.0,0.0,0.0,0.0,0.0,0.0,0.6000000000000001,0.0,-0.4,0.0,0.0,16.0,25903.0
2026-07-30T19:02:58.298Z,347.781,347.796,0.0,7.4,0.0,0.0,0.0,0.0,0.0,0.0,0.0,0.0,1.0,0.0,0.0,0.0,9.0,4.0,0.0,0.0,0.0,0.0,0.0,0.0,0.0,0.0,4.0,12.0,1.0,12.17,5.0200000000000005,2.51,1.49,0.0,0.0,0.0,324.90000000000003,0.0,0.3,-0.3,1.1,-169.60000000000002,0.0,0.0,169.60000000000002,0.0,21.700000000000003,28.9,28.9,30.6,300.0,300.0,31.6,35.800000000000004,28.9,28.1,30.0,4.95,1.99,4.97,0.16,0.0,0.0,1027.0,8228.0,0.0,0.0,0.0,0.0,0.0,1.0,0.0,0.0,0.0,0.0,0.0,0.4,0.0,-1.1,0.0,0.0,16.0,25903.0
2026-07-30T19:02:58.310Z,347.793,347.808,0.0,7.4,0.0,0.0,0.0,0.0,0.0,0.0,0.0,0.0,1.0,0.0,0.0,0.0,9.0,4.0,0.0,0.0,0.0,0.0,0.0,0.0,0.0,0.0,6.0,12.0,1.0,12.17,5.01,2.51,1.49,0.0,0.0,0.0,325.20000000000005,0.0,-0.2,0.7000000000000001,1.1,-169.60000000000002,0.0,0.0,169.60000000000002,0.0,21.3,28.9,28.9,30.700000000000003,300.0,300.0,31.6,35.800000000000004,28.9,28.1,29.9,4.95,1.99,4.96,0.16,0.0,0.0,1027.0,8228.0,0.0,0.0,0.0,0.0,0.0,1.0,0.0,0.0,0.0,0.0,0.0,1.7000000000000002,0.0,-0.8,0.0,0.0,16.0,25903.0
2026-07-30T19:02:58.322Z,347.805,347.82,0.0,7.4,0.0,0.0,0.0,0.0,0.0,0.0,0.0,0.0,1.0,0.0,0.0,0.0,9.0,4.0,0.0,0.0,0.0,0.0,0.0,0.0,0.0,0.0,1.0,12.0,1.0,12.17,5.01,2.51,1.49,0.0,0.0,0.0,325.5,0.0,-0.8,0.7000000000000001,0.5,-169.60000000000002,0.0,0.0,169.60000000000002,0.0,21.3,28.9,28.9,30.700000000000003,300.0,300.0,31.6,35.800000000000004,28.9,28.1,29.9,4.96,1.99,4.96,0.16,0.0,0.0,1027.0,8228.0,0.0,0.0,0.0,0.0,0.0,1.0,0.0,0.0,0.0,0.0,0.0,1.7000000000000002,0.0,-0.8,0.0,0.0,16.0,25903.0
2026-07-30T19:02:58.334Z,347.817,347.832,0.0,7.4,0.0,0.0,0.0,0.0,0.0,0.0,0.0,0.0,1.0,0.0,0.0,0.0,9.0,4.0,0.0,0.0,0.0,0.0,0.0,0.0,0.0,0.0,2.0,12.0,1.0,12.17,5.01,2.51,1.49,0.0,0.0,0.0,325.8,0.0,0.2,-1.0,-0.6000000000000001,-169.60000000000002,0.0,0.0,169.70000000000002,0.0,21.3,28.9,28.9,30.700000000000003,300.0,300.0,31.6,35.800000000000004,28.9,28.1,29.9,4.95,1.99,4.97,0.16,0.0,0.0,1027.0,8228.0,0.0,0.0,0.0,0.0,0.0,1.0,0.0,0.0,0.0,0.0,0.0,0.7000000000000001,0.0,-1.5,0.0,0.0,16.0,25903.0
2026-07-30T19:02:58.346Z,347.829,347.844,0.0,7.4,0.0,0.0,0.0,0.0,0.0,0.0,0.0,0.0,1.0,0.0,0.0,0.0,9.0,4.0,0.0,0.0,0.0,0.0,0.0,0.0,0.0,0.0,3.0,12.0,1.0,12.17,5.01,2.51,1.49,0.0,0.0,0.0,326.0,0.0,-0.3,-0.4,-0.2,-169.60000000000002,0.0,0.0,169.60000000000002,0.0,21.3,28.9,28.9,30.700000000000003,300.0,300.0,31.6,35.800000000000004,28.9,28.1,29.9,4.96,1.99,4.96,0.16,0.0,0.0,1027.0,8228.0,0.0,0.0,0.0,0.0,0.0,1.0,0.0,0.0,0.0,0.0,0.0,-2.2,0.0,0.9,0.0,0.0,16.0,25903.0
2026-07-30T19:02:58.358Z,347.841,347.856,0.0,7.4,0.0,0.0,0.0,0.0,0.0,0.0,0.0,0.0,1.0,0.0,0.0,0.0,9.0,4.0,0.0,0.0,0.0,0.0,0.0,0.0,0.0,0.0,4.0,12.0,1.0,12.17,5.01,2.51,1.49,0.0,0.0,0.0,326.3,0.0,-0.3,0.1,0.4,-169.60000000000002,0.0,0.0,169.60000000000002,0.0,21.3,28.9,28.9,30.700000000000003,300.0,300.0,31.6,35.800000000000004,28.9,28.1,29.9,4.96,1.99,4.97,0.16,0.0,0.0,1027.0,8228.0,0.0,0.0,0.0,0.0,0.0,1.0,0.0,0.0,0.0,0.0,0.0,0.4,0.0,-0.3,0.0,0.0,16.0,25903.0
2026-07-30T19:02:58.370Z,347.853,347.868,0.0,7.4,0.0,0.0,0.0,0.0,0.0,0.0,0.0,0.0,1.0,0.0,0.0,0.0,9.0,4.0,0.0,0.0,0.0,0.0,0.0,0.0,0.0,0.0,5.0,12.0,1.0,12.17,5.01,2.51,1.49,0.0,0.0,0.0,326.5,0.0,-0.3,-0.4,1.0,-169.60000000000002,0.0,0.0,169.60000000000002,0.0,21.3,28.9,28.9,30.700000000000003,300.0,300.0,31.6,35.800000000000004,28.9,28.1,29.9,4.95,1.99,4.97,0.16,0.0,0.0,1027.0,8228.0,0.0,0.0,0.0,0.0,0.0,1.0,0.0,0.0,0.0,0.0,0.0,0.2,0.0,-0.9,0.0,0.0,16.0,25903.0
2026-07-30T19:02:58.382Z,347.865,347.88,0.0,7.4,0.0,0.0,0.0,0.0,0.0,0.0,0.0,0.0,1.0,0.0,0.0,0.0,9.0,4.0,0.0,0.0,0.0,0.0,0.0,0.0,0.0,0.0,1.0,12.0,1.0,12.17,5.01,2.51,1.49,0.0,0.0,0.0,326.70000000000005,0.0,-0.3,0.1,0.4,-169.60000000000002,0.0,0.0,169.60000000000002,0.0,21.3,28.9,28.9,30.700000000000003,300.0,300.0,31.6,35.800000000000004,28.9,28.1,29.9,4.95,1.99,4.97,0.16,0.0,0.0,1027.0,8228.0,0.0,0.0,0.0,0.0,0.0,1.0,0.0,0.0,0.0,0.0,0.0,0.4,0.0,-0.3,0.0,0.0,16.0,25903.0
2026-07-30T19:02:58.394Z,347.877,347.892,0.0,7.4,0.0,0.0,0.0,0.0,0.0,0.0,0.0,0.0,1.0,0.0,0.0,0.0,9.0,4.0,0.0,0.0,0.0,0.0,0.0,0.0,0.0,0.0,2.0,12.0,1.0,12.17,5.01,2.51,1.49,0.0,0.0,0.0,327.0,0.0,0.8,0.1,0.3,-169.60000000000002,0.0,0.0,169.60000000000002,0.0,21.3,28.9,28.9,30.700000000000003,300.0,300.0,31.6,35.800000000000004,28.9,28.1,29.9,4.96,2.0,4.96,0.16,0.0,0.0,1027.0,8228.0,0.0,0.0,0.0,0.0,0.0,1.0,0.0,0.0,0.0,0.0,0.0,0.4,0.0,-0.2,0.0,0.0,16.0,25903.0
2026-07-30T19:02:58.407Z,347.89,347.904,0.0,7.4,0.0,0.0,0.0,0.0,0.0,0.0,0.0,0.0,1.0,0.0,0.0,0.0,9.0,4.0,0.0,0.0,0.0,0.0,0.0,0.0,0.0,0.0,3.0,12.0,1.0,12.15,5.0200000000000005,2.51,1.5,0.0,0.0,0.0,327.20000000000005,0.0,0.2,-0.4,-0.8,-169.60000000000002,0.0,0.0,169.70000000000002,0.0,21.4,28.9,28.9,30.700000000000003,300.0,300.0,31.6,35.800000000000004,28.9,28.1,29.9,4.96,1.99,4.97,0.16,0.0,0.0,1027.0,8228.0,0.0,0.0,0.0,0.0,0.0,1.0,0.0,0.0,0.0,0.0,0.0,-1.0,0.0,0.6000000000000001,0.0,0.0,16.0,25903.0
2026-07-30T19:02:58.417Z,347.9,347.916,0.0,7.4,0.0,0.0,0.0,0.0,0.0,0.0,0.0,0.0,1.0,0.0,0.0,0.0,9.0,4.0,0.0,0.0,0.0,0.0,0.0,0.0,0.0,0.0,4.0,12.0,1.0,12.15,5.0200000000000005,2.51,1.5,0.0,0.1,0.0,327.5,0.0,0.8,1.3,-0.2,-169.60000000000002,0.0,0.0,169.60000000000002,0.0,21.4,28.9,28.9,30.700000000000003,300.0,300.0,31.6,35.800000000000004,28.9,28.1,29.9,4.95,1.99,4.97,0.16,0.0,0.0,1027.0,8228.0,0.0,0.0,0.0,0.0,0.0,1.0,0.0,0.0,0.0,0.0,0.0,1.3,0.0,0.4,0.0,0.0,16.0,25903.0
2026-07-30T19:02:58.430Z,347.913,347.928,0.0,7.4,0.0,0.0,0.0,0.0,0.0,0.0,0.0,0.0,1.0,0.0,0.0,0.0,9.0,4.0,0.0,0.0,0.0,0.0,0.0,0.0,0.0,0.0,5.0,12.0,1.0,12.15,5.0200000000000005,2.51,1.5,0.0,0.0,0.0,327.70000000000005,0.0,0.2,0.1,-0.2,-169.60000000000002,0.0,0.0,169.60000000000002,0.0,21.4,28.9,28.9,30.700000000000003,300.0,300.0,31.6,35.800000000000004,28.9,28.1,29.9,4.96,1.99,4.97,0.16,0.0,0.0,1027.0,8228.0,0.0,0.0,0.0,0.0,0.0,1.0,0.0,0.0,0.0,0.0,0.0,0.0,0.0,0.2,0.0,0.0,16.0,25903.0
2026-07-30T19:02:58.442Z,347.925,347.94,0.0,7.4,0.0,0.0,0.0,0.0,0.0,0.0,0.0,0.0,1.0,0.0,0.0,0.0,9.0,4.0,0.0,0.0,0.0,0.0,0.0,0.0,0.0,0.0,6.0,12.0,1.0,12.15,5.0200000000000005,2.51,1.5,0.0,0.0,0.0,328.0,0.0,-0.3,0.7000000000000001,0.9,-169.60000000000002,0.0,0.0,169.60000000000002,0.0,21.4,28.9,28.9,30.700000000000003,300.0,300.0,31.6,35.800000000000004,28.9,28.1,29.9,4.95,2.0,4.97,0.16,0.0,0.0,1027.0,8228.0,0.0,0.0,0.0,0.0,0.0,1.0,0.0,0.0,0.0,0.0,0.0,1.6,0.0,-0.6000000000000001,0.0,0.0,16.0,25903.0
2026-07-30T19:02:58.454Z,347.937,347.952,0.0,7.4,0.0,0.0,0.0,0.0,0.0,0.0,0.0,0.0,1.0,0.0,0.0,0.0,9.0,4.0,0.0,0.0,0.0,0.0,0.0,0.0,0.0,0.0,1.0,12.0,1.0,12.15,5.0200000000000005,2.51,1.5,0.0,0.0,0.0,328.20000000000005,0.0,0.2,-0.4,-1.4,-169.60000000000002,0.0,0.0,169.70000000000002,0.0,21.4,28.9,28.9,30.700000000000003,300.0,300.0,31.6,35.800000000000004,28.9,28.1,29.9,4.95,1.99,4.97,0.16,0.0,0.0,1027.0,8228.0,0.0,0.0,0.0,0.0,0.0,1.0,0.0,0.0,0.0,0.0,0.0,-1.5,0.0,1.1,0.0,0.0,16.0,25903.0
2026-07-30T19:02:58.466Z,347.949,347.964,0.0,7.4,0.0,0.0,0.0,0.0,0.0,0.0,0.0,0.0,1.0,0.0,0.0,0.0,9.0,4.0,0.0,0.0,0.0,0.0,0.0,0.0,0.0,0.0,3.0,12.0,1.0,12.15,5.0200000000000005,2.51,1.5,0.0,0.0,0.0,328.40000000000003,0.0,0.2,0.7000000000000001,0.3,-169.60000000000002,0.0,0.0,169.60000000000002,0.0,21.4,28.9,28.9,30.700000000000003,300.0,300.0,31.6,35.800000000000004,28.9,28.1,29.9,4.95,1.99,4.97,0.16,0.0,0.0,1027.0,8228.0,0.0,0.0,0.0,0.0,0.0,1.0,0.0,0.0,0.0,0.0,0.0,1.1,0.0,-0.1,0.0,0.0,16.0,25903.0
2026-07-30T19:02:58.478Z,347.961,347.976,0.0,7.4,0.0,0.0,0.0,0.0,0.0,0.0,0.0,0.0,1.0,0.0,0.0,0.0,9.0,4.0,0.0,0.0,0.0,0.0,0.0,0.0,0.0,0.0,4.0,12.0,1.0,12.15,5.0200000000000005,2.51,1.5,0.0,0.0,0.0,328.6,0.0,-0.3,0.2,-0.1,-169.60000000000002,0.0,0.0,169.60000000000002,0.0,21.4,28.9,28.9,30.700000000000003,300.0,300.0,31.6,35.800000000000004,28.9,28.1,29.9,4.96,1.99,4.96,0.15,0.0,0.0,1027.0,8228.0,0.0,0.0,0.0,0.0,0.0,1.0,0.0,0.0,0.0,0.0,0.0,0.1,0.0,0.1,0.0,0.0,16.0,25903.0
2026-07-30T19:02:58.489Z,347.972,347.988,0.0,7.4,0.0,0.0,0.0,0.0,0.0,0.0,0.0,0.0,1.0,0.0,0.0,0.0,9.0,4.0,0.0,0.0,0.0,0.0,0.0,0.0,0.0,0.0,5.0,12.0,1.0,12.15,5.0200000000000005,2.51,1.5,0.0,0.1,0.0,328.90000000000003,0.0,-0.3,0.1,-0.7000000000000001,-169.60000000000002,0.0,0.0,169.60000000000002,0.0,21.4,28.9,28.9,30.700000000000003,300.0,300.0,31.6,35.800000000000004,28.9,28.1,29.9,4.95,1.99,4.97,0.15,0.0,0.0,1027.0,8228.0,0.0,0.0,0.0,0.0,0.0,1.0,0.0,0.0,0.0,0.0,0.0,-0.3,0.0,0.6000000000000001,0.0,0.0,16.0,25903.0
2026-07-30T19:02:58.502Z,347.985,348.0,0.0,7.4,0.0,0.0,0.0,0.0,0.0,0.0,0.0,0.0,1.0,0.0,0.0,0.0,9.0,4.0,0.0,0.0,0.0,0.0,0.0,0.0,0.0,0.0,6.0,12.0,1.0,12.15,5.0200000000000005,2.51,1.5,0.0,0.0,0.0,329.1,0.0,-0.4,1.3,2.2,-169.60000000000002,0.0,0.0,169.60000000000002,0.0,21.4,28.9,28.9,30.700000000000003,300.0,300.0,31.6,35.800000000000004,28.9,28.1,29.9,4.95,1.99,4.96,0.16,0.0,0.0,1027.0,8228.0,0.0,0.0,0.0,0.0,0.0,1.0,0.0,0.0,0.0,0.0,0.0,3.2,0.0,-1.7000000000000002,0.0,0.0,16.0,25903.0
2026-07-30T19:02:58.514Z,347.997,348.012,0.0,7.4,0.0,0.0,0.0,0.0,0.0,0.0,0.0,0.0,1.0,0.0,0.0,0.0,9.0,4.0,0.0,0.0,0.0,0.0,0.0,0.0,0.0,0.0,1.0,12.0,1.0,12.18,5.01,2.5,1.49,0.0,0.0,0.0,329.3,0.0,-0.3,0.1,0.0,-169.60000000000002,0.0,0.0,169.60000000000002,0.0,21.200000000000003,28.9,28.9,30.700000000000003,300.0,300.0,31.8,35.800000000000004,28.9,28.1,29.9,4.95,1.99,4.96,0.16,0.0,0.0,1027.0,8228.0,0.0,0.0,0.0,0.0,0.0,1.0,0.0,0.0,0.0,0.0,0.0,0.1,0.0,0.1,0.0,0.0,16.0,25903.0
2026-07-30T19:02:58.526Z,348.009,348.024,0.0,7.4,0.0,0.0,0.0,0.0,0.0,0.0,0.0,0.0,1.0,0.0,0.0,0.0,9.0,4.0,0.0,0.0,0.0,0.0,0.0,0.0,0.0,0.0,2.0,12.0,1.0,12.18,5.01,2.5,1.49,-0.1,0.1,0.0,329.6,0.0,-0.9,0.2,1.0,-169.60000000000002,0.0,0.0,169.60000000000002,0.0,21.200000000000003,28.9,28.9,30.700000000000003,300.0,300.0,31.8,35.800000000000004,28.9,28.1,29.9,4.95,1.99,4.96,0.16,0.0,0.0,1027.0,8228.0,0.0,0.0,0.0,0.0,0.0,1.0,0.0,0.0,0.0,0.0,0.0,1.0,0.0,-0.8,0.0,0.0,16.0,25903.0
2026-07-30T19:02:58.538Z,348.021,348.036,0.0,7.4,0.0,0.0,0.0,0.0,0.0,0.0,0.0,0.0,1.0,0.0,0.0,0.0,9.0,4.0,0.0,0.0,0.0,0.0,0.0,0.0,0.0,0.0,3.0,12.0,1.0,12.18,5.01,2.5,1.49,0.0,0.0,0.0,329.70000000000005,0.0,-0.4,0.1,-0.1,-169.60000000000002,0.0,0.0,169.70000000000002,0.0,21.200000000000003,28.9,28.9,30.700000000000003,300.0,300.0,31.8,35.800000000000004,28.9,28.1,29.9,4.95,1.99,4.97,0.16,0.0,0.0,1027.0,8228.0,0.0,0.0,0.0,0.0,0.0,1.0,0.0,0.0,0.0,0.0,0.0,0.1,0.0,0.1,0.0,0.0,16.0,25903.0
2026-07-30T19:02:58.550Z,348.033,348.048,0.0,7.4,0.0,0.0,0.0,0.0,0.0,0.0,0.0,0.0,1.0,0.0,0.0,0.0,9.0,4.0,0.0,0.0,0.0,0.0,0.0,0.0,0.0,0.0,4.0,12.0,1.0,12.18,5.01,2.5,1.49,0.0,0.0,0.0,329.90000000000003,0.0,-1.0,1.3,1.0,-169.60000000000002,0.0,0.0,169.60000000000002,0.0,21.200000000000003,28.9,28.9,30.700000000000003,300.0,300.0,31.8,35.800000000000004,28.9,28.1,29.9,4.95,1.99,4.96,0.16,0.0,0.0,1027.0,8228.0,0.0,0.0,0.0,0.0,0.0,1.0,0.0,0.0,0.0,0.0,0.0,2.3000000000000003,0.0,-0.6000000000000001,0.0,0.0,16.0,25903.0
2026-07-30T19:02:58.562Z,348.045,348.06,0.0,7.4,0.0,0.0,0.0,0.0,0.0,0.0,0.0,0.0,1.0,0.0,0.0,0.0,9.0,4.0,0.0,0.0,0.0,0.0,0.0,0.0,0.0,0.0,5.0,12.0,1.0,12.18,5.01,2.5,1.49,0.0,0.0,0.0,330.1,0.0,-0.9,0.1,0.5,-169.60000000000002,0.0,0.0,169.60000000000002,0.0,21.200000000000003,28.9,28.9,30.700000000000003,300.0,300.0,31.8,35.800000000000004,28.9,28.1,29.9,4.96,1.99,4.96,0.15,0.0,0.0,1027.0,8228.0,0.0,0.0,0.0,0.0,0.0,1.0,0.0,0.0,0.0,0.0,0.0,0.5,0.0,-0.4,0.0,0.0,16.0,25903.0
2026-07-30T19:02:58.574Z,348.057,348.072,0.0,7.4,0.0,0.0,0.0,0.0,0.0,0.0,0.0,0.0,1.0,0.0,0.0,0.0,9.0,4.0,0.0,0.0,0.0,0.0,0.0,0.0,0.0,0.0,1.0,12.0,1.0,12.18,5.01,2.5,1.49,0.0,0.0,0.0,330.3,0.0,0.2,-1.0,-0.6000000000000001,-169.60000000000002,0.0,0.0,169.60000000000002,0.0,21.200000000000003,28.9,28.9,30.700000000000003,300.0,300.0,31.8,35.800000000000004,28.9,28.1,29.9,4.95,1.99,4.97,0.16,0.0,0.0,1027.0,8228.0,0.0,0.0,0.0,0.0,0.0,1.0,0.0,0.0,0.0,0.0,0.0,-1.6,0.0,0.3,0.0,0.0,16.0,25903.0
2026-07-30T19:02:58.585Z,348.068,348.084,0.0,7.4,0.0,0.0,0.0,0.0,0.0,0.0,0.0,0.0,1.0,0.0,0.0,0.0,9.0,4.0,0.0,0.0,0.0,0.0,0.0,0.0,0.0,0.0,2.0,12.0,1.0,12.18,5.01,2.5,1.49,0.0,0.1,0.0,330.6,0.0,0.2,-2.1,-0.6000000000000001,-169.60000000000002,0.0,0.0,169.60000000000002,0.0,21.200000000000003,28.9,28.9,30.700000000000003,300.0,300.0,31.8,35.800000000000004,28.9,28.1,29.9,4.96,1.99,4.96,0.16,0.0,0.0,1027.0,8228.0,0.0,0.0,0.0,0.0,0.0,1.0,0.0,0.0,0.0,0.0,0.0,-2.9000000000000004,0.0,0.1,0.0,0.0,16.0,25903.0
2026-07-30T19:02:58.598Z,348.081,348.096,0.0,7.4,0.0,0.0,0.0,0.0,0.0,0.0,0.0,0.0,1.0,0.0,0.0,0.0,9.0,4.0,0.0,0.0,0.0,0.0,0.0,0.0,0.0,0.0,3.0,12.0,1.0,12.18,5.01,2.5,1.49,0.0,0.0,0.0,330.8,0.0,-0.3,1.3,0.0,-169.60000000000002,0.0,0.0,169.60000000000002,0.0,21.200000000000003,28.9,28.9,30.700000000000003,300.0,300.0,31.8,35.800000000000004,28.9,28.1,29.9,4.96,1.99,4.96,0.16,0.0,0.0,1027.0,8228.0,0.0,0.0,0.0,0.0,0.0,1.0,0.0,0.0,0.0,0.0,0.0,1.4,0.0,0.3,0.0,0.0,16.0,25903.0
2026-07-30T19:02:58.611Z,348.094,348.108,0.0,7.4,0.0,0.0,0.0,0.0,0.0,0.0,0.0,0.0,1.0,0.0,0.0,0.0,9.0,4.0,0.0,0.0,0.0,0.0,0.0,0.0,0.0,0.0,4.0,12.0,1.0,12.17,5.01,2.51,1.49,0.0,0.0,0.0,331.0,0.0,0.2,0.7000000000000001,0.5,-169.60000000000002,0.0,0.0,169.60000000000002,0.0,21.4,28.9,28.9,30.700000000000003,300.0,300.0,31.8,35.800000000000004,28.9,28.1,29.9,4.96,1.99,4.96,0.16,0.0,0.0,1027.0,8228.0,0.0,0.0,0.0,0.0,0.0,1.0,0.0,0.0,0.0,0.0,0.0,1.2000000000000002,0.0,-0.3,0.0,0.0,16.0,25903.0
2026-07-30T19:02:58.622Z,348.105,348.12,0.0,7.4,0.0,0.0,0.0,0.0,0.0,0.0,0.0,0.0,1.0,0.0,0.0,0.0,9.0,4.0,0.0,0.0,0.0,0.0,0.0,0.0,0.0,0.0,5.0,12.0,1.0,12.17,5.01,2.51,1.49,0.0,0.0,0.0,331.20000000000005,0.0,-0.9,-0.4,1.1,-169.60000000000002,0.0,0.0,169.60000000000002,0.0,21.4,28.9,28.9,30.700000000000003,300.0,300.0,31.8,35.800000000000004,28.9,28.1,29.9,4.96,1.99,4.97,0.16,0.0,0.0,1027.0,8228.0,0.0,0.0,0.0,0.0,0.0,1.0,0.0,0.0,0.0,0.0,0.0,0.3,0.0,-1.1,0.0,0.0,16.0,25903.0
2026-07-30T19:02:58.634Z,348.117,348.132,0.0,7.4,0.0,0.0,0.0,0.0,0.0,0.0,0.0,0.0,1.0,0.0,0.0,0.0,9.0,4.0,0.0,0.0,0.0,0.0,0.0,0.0,0.0,0.0,6.0,12.0,1.0,12.17,5.01,2.51,1.49,0.0,0.0,0.0,331.40000000000003,0.0,0.2,-0.4,1.1,-169.60000000000002,0.0,0.0,169.60000000000002,0.0,21.4,28.9,28.9,30.700000000000003,300.0,300.0,31.8,35.800000000000004,28.9,28.1,29.9,4.96,1.99,4.96,0.16,0.0,0.0,1027.0,8228.0,0.0,0.0,0.0,0.0,0.0,1.0,0.0,0.0,0.0,0.0,0.0,0.3,0.0,-1.1,0.0,0.0,16.0,25903.0
2026-07-30T19:02:58.646Z,348.129,348.144,0.0,7.4,0.0,0.0,0.0,0.0,0.0,0.0,0.0,0.0,1.0,0.0,0.0,0.0,9.0,4.0,0.0,0.0,0.0,0.0,0.0,0.0,0.0,0.0,2.0,12.0,1.0,12.17,5.01,2.51,1.49,0.0,0.0,0.0,331.6,0.0,0.2,0.6000000000000001,0.5,-169.60000000000002,0.0,0.0,169.60000000000002,0.0,21.4,28.9,28.9,30.700000000000003,300.0,300.0,31.8,35.800000000000004,28.9,28.1,29.9,4.96,2.0,4.97,0.16,0.0,0.0,1027.0,8228.0,0.0,0.0,0.0,0.0,0.0,1.0,0.0,0.0,0.0,0.0,0.0,1.1,0.0,-0.3,0.0,0.0,16.0,25903.0
2026-07-30T19:02:58.658Z,348.141,348.156,0.0,7.4,0.0,0.0,0.0,0.0,0.0,0.0,0.0,0.0,1.0,0.0,0.0,0.0,9.0,4.0,0.0,0.0,0.0,0.0,0.0,0.0,0.0,0.0,3.0,12.0,1.0,12.17,5.01,2.51,1.49,0.0,0.0,0.0,331.70000000000005,0.0,0.2,0.0,0.0,-169.60000000000002,0.0,0.0,169.60000000000002,0.0,21.4,28.9,28.9,30.700000000000003,300.0,300.0,31.8,35.800000000000004,28.9,28.1,29.9,4.95,1.99,4.97,0.17,0.0,0.0,1027.0,8228.0,0.0,0.0,0.0,0.0,0.0,1.0,0.0,0.0,0.0,0.0,0.0,0.1,0.0,0.0,0.0,0.0,16.0,25903.0
2026-07-30T19:02:58.670Z,348.153,348.168,0.0,7.4,0.0,0.0,0.0,0.0,0.0,0.0,0.0,0.0,1.0,0.0,0.0,0.0,9.0,4.0,0.0,0.0,0.0,0.0,0.0,0.0,0.0,0.0,4.0,12.0,1.0,12.17,5.01,2.51,1.49,0.0,0.0,0.0,331.90000000000003,0.0,0.8,0.6000000000000001,0.0,-169.60000000000002,0.0,0.0,169.60000000000002,0.0,21.4,28.9,28.9,30.700000000000003,300.0,300.0,31.8,35.800000000000004,28.9,28.1,29.9,4.96,1.99,4.96,0.16,0.0,0.0,1027.0,8228.0,0.0,0.0,0.0,0.0,0.0,1.0,0.0,0.0,0.0,0.0,0.0,0.7000000000000001,0.0,0.1,0.0,0.0,16.0,25903.0
2026-07-30T19:02:58.682Z,348.165,348.18,0.0,7.4,0.0,0.0,0.0,0.0,0.0,0.0,0.0,0.0,1.0,0.0,0.0,0.0,9.0,4.0,0.0,0.0,0.0,0.0,0.0,0.0,0.0,0.0,5.0,12.0,1.0,12.17,5.01,2.51,1.49,0.0,0.0,0.0,332.1,0.0,-0.3,-1.1,-0.6000000000000001,-169.60000000000002,0.0,0.0,169.60000000000002,0.0,21.4,28.9,28.9,30.700000000000003,300.0,300.0,31.8,35.800000000000004,28.9,28.1,29.9,4.96,1.99,4.96,0.16,0.0,0.0,1027.0,8228.0,0.0,0.0,0.0,0.0,0.0,1.0,0.0,0.0,0.0,0.0,0.0,-1.7000000000000002,0.0,0.3,0.0,0.0,16.0,25903.0
2026-07-30T19:02:58.694Z,348.177,348.192,0.0,7.4,0.0,0.0,0.0,0.0,0.0,0.0,0.0,0.0,1.0,0.0,0.0,0.0,9.0,4.0,0.0,0.0,0.0,0.0,0.0,0.0,0.0,0.0,6.0,12.0,1.0,12.17,5.01,2.51,1.49,0.0,0.0,0.0,332.3,0.0,0.8,0.0,-1.2000000000000002,-169.60000000000002,0.0,0.0,169.60000000000002,0.0,21.4,28.9,28.9,30.700000000000003,300.0,300.0,31.8,35.800000000000004,28.9,28.1,29.9,4.96,1.99,4.96,0.16,0.0,0.0,1027.0,8228.0,0.0,0.0,0.0,0.0,0.0,1.0,0.0,0.0,0.0,0.0,0.0,-0.8,0.0,1.0,0.0,0.0,16.0,25903.0
2026-07-30T19:02:58.706Z,348.189,348.204,0.0,7.4,0.0,0.0,0.0,0.0,0.0,0.0,0.0,0.0,1.0,0.0,0.0,0.0,9.0,4.0,0.0,0.0,0.0,0.0,0.0,0.0,0.0,0.0,1.0,12.0,1.0,12.17,5.01,2.51,1.49,0.0,0.0,0.0,332.5,0.0,0.2,0.0,0.5,-169.60000000000002,0.0,0.0,169.60000000000002,0.0,21.4,28.9,28.9,30.700000000000003,300.0,300.0,31.8,35.800000000000004,28.9,28.1,29.9,4.95,1.99,4.96,0.16,0.0,0.0,1027.0,8228.0,0.0,0.0,0.0,0.0,0.0,1.0,0.0,0.0,0.0,0.0,0.0,0.5,0.0,-0.4,0.0,0.0,16.0,25903.0
2026-07-30T19:02:58.717Z,348.2,348.216,0.0,7.4,0.0,0.0,0.0,0.0,0.0,0.0,0.0,0.0,1.0,0.0,0.0,0.0,9.0,4.0,0.0,0.0,0.0,0.0,0.0,0.0,0.0,0.0,3.0,12.0,1.0,12.18,5.03,2.51,1.49,0.0,0.0,0.0,332.6,0.0,0.8,0.0,0.0,-169.60000000000002,0.0,0.0,169.60000000000002,0.0,21.4,28.9,28.9,30.700000000000003,300.0,300.0,31.700000000000003,35.800000000000004,28.9,28.0,30.0,4.96,1.99,4.97,0.16,0.0,0.0,1027.0,8228.0,0.0,0.0,0.0,0.0,0.0,1.0,0.0,0.0,0.0,0.0,0.0,0.0,0.0,0.0,0.0,0.0,16.0,25903.0
2026-07-30T19:02:58.730Z,348.213,348.228,0.0,7.4,0.0,0.0,0.0,0.0,0.0,0.0,0.0,0.0,1.0,0.0,0.0,0.0,9.0,4.0,0.0,0.0,0.0,0.0,0.0,0.0,0.0,0.0,5.0,12.0,1.0,12.18,5.03,2.51,1.49,0.0,0.0,0.0,332.8,0.0,-0.3,-0.5,0.0,-169.60000000000002,0.0,0.0,169.60000000000002,0.0,21.4,28.9,28.9,30.700000000000003,300.0,300.0,31.700000000000003,35.800000000000004,28.9,28.0,30.0,4.96,1.99,4.97,0.16,0.0,0.0,1027.0,8228.0,0.0,0.0,0.0,0.0,0.0,1.0,0.0,0.0,0.0,0.0,0.0,-0.6000000000000001,0.0,0.0,0.0,0.0,16.0,25903.0
2026-07-30T19:02:58.741Z,348.224,348.24,0.0,7.4,0.0,0.0,0.0,0.0,0.0,0.0,0.0,0.0,1.0,0.0,0.0,0.0,9.0,4.0,0.0,0.0,0.0,0.0,0.0,0.0,0.0,0.0,6.0,12.0,1.0,12.18,5.03,2.51,1.49,0.0,0.0,0.0,333.0,0.0,0.2,0.6000000000000001,1.7000000000000002,-169.60000000000002,0.0,0.0,169.60000000000002,0.0,21.4,28.9,28.9,30.700000000000003,300.0,300.0,31.700000000000003,35.800000000000004,28.9,28.0,30.0,4.96,2.0,4.97,0.16,0.0,0.0,1027.0,8228.0,0.0,0.0,0.0,0.0,0.0,1.0,0.0,0.0,0.0,0.0,0.0,2.0,0.0,-1.3,0.0,0.0,16.0,25903.0
2026-07-30T19:02:58.754Z,348.237,348.252,0.0,7.4,0.0,0.0,0.0,0.0,0.0,0.0,0.0,0.0,1.0,0.0,0.0,0.0,9.0,4.0,0.0,0.0,0.0,0.0,0.0,0.0,0.0,0.0,1.0,12.0,1.0,12.18,5.03,2.51,1.49,0.0,0.0,0.0,333.20000000000005,0.0,0.2,-0.4,-1.8,-169.60000000000002,0.0,0.0,169.60000000000002,0.0,21.4,28.9,28.9,30.700000000000003,300.0,300.0,31.700000000000003,35.800000000000004,28.9,28.0,30.0,4.96,1.99,4.97,0.16,0.0,0.0,1027.0,8228.0,0.0,0.0,0.0,0.0,0.0,1.0,0.0,0.0,0.0,0.0,0.0,-1.9,0.0,1.5,0.0,0.0,16.0,25903.0
2026-07-30T19:02:58.766Z,348.249,348.264,0.0,7.4,0.0,0.0,0.0,0.0,0.0,0.0,0.0,0.0,1.0,0.0,0.0,0.0,9.0,4.0,0.0,0.0,0.0,0.0,0.0,0.0,0.0,0.0,2.0,12.0,1.0,12.18,5.03,2.51,1.49,0.0,0.0,0.0,333.3,0.0,-0.3,-1.0,0.0,-169.60000000000002,0.0,0.0,169.60000000000002,0.0,21.4,28.9,28.9,30.700000000000003,300.0,300.0,31.700000000000003,35.800000000000004,28.9,28.0,30.0,4.95,1.99,4.97,0.16,0.0,0.0,1027.0,8228.0,0.0,0.0,0.0,0.0,0.0,1.0,0.0,0.0,0.0,0.0,0.0,-1.3,0.0,-0.1,0.0,0.0,16.0,25903.0
2026-07-30T19:02:58.778Z,348.261,348.276,0.0,7.4,0.0,0.0,0.0,0.0,0.0,0.0,0.0,0.0,1.0,0.0,0.0,0.0,9.0,4.0,0.0,0.0,0.0,0.0,0.0,0.0,0.0,0.0,3.0,12.0,1.0,12.18,5.03,2.51,1.49,0.0,0.0,0.0,333.5,0.0,-0.3,0.0,-0.1,-169.60000000000002,0.0,0.0,169.60000000000002,0.0,21.4,28.9,28.9,30.700000000000003,300.0,300.0,31.700000000000003,35.800000000000004,28.9,28.0,30.0,4.95,1.99,4.97,0.16,0.0,0.0,1027.0,8228.0,0.0,0.0,0.0,0.0,0.0,1.0,0.0,0.0,0.0,0.0,0.0,0.0,0.0,0.1,0.0,-0.0001,16.0,25903.0
2026-07-30T19:02:58.790Z,348.273,348.288,0.0,7.4,0.0,0.0,0.0,0.0,0.0,0.0,0.0,0.0,1.0,0.0,0.0,0.0,9.0,4.0,0.0,0.0,0.0,0.0,0.0,0.0,0.0,0.0,4.0,12.0,1.0,12.18,5.03,2.51,1.49,0.0,0.1,0.0,333.70000000000005,0.0,0.8,1.8,2.1,-169.60000000000002,0.0,0.0,169.60000000000002,0.0,21.4,28.9,28.9,30.700000000000003,300.0,300.0,31.700000000000003,35.800000000000004,28.9,28.0,30.0,4.95,1.99,4.96,0.16,0.0,0.0,1027.0,8228.0,0.0,0.0,0.0,0.0,0.0,1.0,0.0,0.0,0.0,0.0,0.0,3.6,0.0,-1.5,0.0,-0.0001,16.0,25903.0
2026-07-30T19:02:58.802Z,348.285,348.3,0.0,7.4,0.0,0.0,0.0,0.0,0.0,0.0,0.0,0.0,1.0,0.0,0.0,0.0,9.0,4.0,0.0,0.0,0.0,0.0,0.0,0.0,0.0,0.0,5.0,12.0,1.0,12.18,5.03,2.51,1.49,0.0,0.0,0.0,333.8,0.0,0.8,1.2000000000000002,1.5,-169.60000000000002,0.0,0.0,169.60000000000002,0.0,21.4,28.9,28.9,30.700000000000003,300.0,300.0,31.700000000000003,35.800000000000004,28.9,28.0,30.0,4.96,1.99,4.96,0.16,0.0,0.0,1027.0,8228.0,0.0,0.0,0.0,0.0,0.0,1.0,0.0,0.0,0.0,0.0,0.0,2.5,0.0,-1.1,0.0,-0.0001,16.0,25903.0
2026-07-30T19:02:58.815Z,348.298,348.312,0.0,7.4,0.0,0.0,0.0,0.0,0.0,0.0,0.0,0.0,1.0,0.0,0.0,0.0,9.0,4.0,0.0,0.0,0.0,0.0,0.0,0.0,0.0,0.0,6.0,12.0,1.0,12.18,5.0200000000000005,2.51,1.5,0.0,0.1,0.0,334.0,0.0,0.2,-0.5,-0.2,-169.60000000000002,0.0,0.0,169.60000000000002,0.0,21.700000000000003,28.9,28.9,30.700000000000003,300.0,300.0,31.700000000000003,35.800000000000004,28.9,28.0,29.9,4.95,1.99,4.97,0.16,0.0,0.0,1027.0,8228.0,0.0,0.0,0.0,0.0,0.0,1.0,0.0,0.0,0.0,0.0,0.0,-0.7000000000000001,0.0,0.1,0.0,0.0,16.0,25903.0
2026-07-30T19:02:58.826Z,348.309,348.324,0.0,7.4,0.0,0.0,0.0,0.0,0.0,0.0,0.0,0.0,1.0,0.0,0.0,0.0,9.0,4.0,0.0,0.0,0.0,0.0,0.0,0.0,0.0,0.0,1.0,12.0,1.0,12.18,5.0200000000000005,2.51,1.5,0.0,0.0,0.0,334.1,0.0,0.2,0.0,-0.2,-169.60000000000002,0.0,0.0,169.60000000000002,0.0,21.700000000000003,28.9,28.9,30.700000000000003,300.0,300.0,31.700000000000003,35.800000000000004,28.9,28.0,29.9,4.96,1.99,4.96,0.16,0.0,0.0,1027.0,8228.0,0.0,0.0,0.0,0.0,0.0,1.0,0.0,0.0,0.0,0.0,0.0,-0.1,0.0,0.2,0.0,0.0,16.0,25903.0
2026-07-30T19:02:58.838Z,348.321,348.336,0.0,7.4,0.0,0.0,0.0,0.0,0.0,0.0,0.0,0.0,1.0,0.0,0.0,0.0,9.0,4.0,0.0,0.0,0.0,0.0,0.0,0.0,0.0,0.0,2.0,12.0,1.0,12.18,5.0200000000000005,2.51,1.5,0.0,0.0,0.0,334.3,0.0,0.2,0.0,-0.3,-169.60000000000002,0.0,0.0,169.60000000000002,0.0,21.700000000000003,28.9,28.9,30.700000000000003,300.0,300.0,31.700000000000003,35.800000000000004,28.9,28.0,29.9,4.96,1.99,4.96,0.16,0.0,0.0,1027.0,8228.0,0.0,0.0,0.0,0.0,0.0,1.0,0.0,0.0,0.0,0.0,0.0,0.3,0.0,-0.2,0.0,0.0,16.0,25903.0
2026-07-30T19:02:58.850Z,348.333,348.348,0.0,7.4,0.0,0.0,0.0,0.0,0.0,0.0,0.0,0.0,1.0,0.0,0.0,0.0,9.0,4.0,0.0,0.0,0.0,0.0,0.0,0.0,0.0,0.0,3.0,12.0,1.0,12.18,5.0200000000000005,2.51,1.5,0.0,0.0,0.0,334.5,0.0,-0.9,0.1,-1.4,-169.60000000000002,0.0,0.0,169.60000000000002,0.0,21.700000000000003,28.9,28.9,30.700000000000003,300.0,300.0,31.700000000000003,35.800000000000004,28.9,28.0,29.9,4.96,1.99,4.96,0.16,0.0,0.0,1027.0,8228.0,0.0,0.0,0.0,0.0,0.0,1.0,0.0,0.0,0.0,0.0,0.0,2.5,0.0,-1.0,0.0,0.0,16.0,25903.0
2026-07-30T19:02:58.862Z,348.345,348.36,0.0,7.4,0.0,0.0,0.0,0.0,0.0,0.0,0.0,0.0,1.0,0.0,0.0,0.0,9.0,4.0,0.0,0.0,0.0,0.0,0.0,0.0,0.0,0.0,5.0,12.0,1.0,12.18,5.0200000000000005,2.51,1.5,0.0,0.0,0.0,334.6,0.0,-0.3,0.1,0.2,-169.60000000000002,0.0,0.0,169.60000000000002,0.0,21.700000000000003,28.9,28.9,30.700000000000003,300.0,300.0,31.700000000000003,35.800000000000004,28.9,28.0,29.9,4.95,1.99,4.97,0.16,0.0,0.0,1027.0,8228.0,0.0,0.0,0.0,0.0,0.0,1.0,0.0,0.0,0.0,0.0,0.0,0.5,0.0,0.4,0.0,0.0,16.0,25903.0
2026-07-30T19:02:58.874Z,348.357,348.372,0.0,7.4,0.0,0.0,0.0,0.0,0.0,0.0,0.0,0.0,1.0,0.0,0.0,0.0,9.0,4.0,0.0,0.0,0.0,0.0,0.0,0.0,0.0,0.0,6.0,12.0,1.0,12.18,5.0200000000000005,2.51,1.5,0.0,0.0,0.0,334.70000000000005,0.0,-0.3,-0.5,1.4,-169.60000000000002,0.0,0.0,169.60000000000002,0.0,21.700000000000003,28.9,28.9,30.700000000000003,300.0,300.0,31.700000000000003,35.800000000000004,28.9,28.0,29.9,4.96,1.99,4.96,0.16,0.0,0.0,1027.0,8228.0,0.0,0.0,0.0,0.0,0.0,1.0,0.0,0.0,0.0,0.0,0.0,0.5,0.0,-1.4,0.0,0.0,16.0,25903.0
2026-07-30T19:02:58.886Z,348.369,348.384,0.0,7.4,0.0,0.0,0.0,0.0,0.0,0.0,0.0,0.0,1.0,0.0,0.0,0.0,9.0,4.0,0.0,0.0,0.0,0.0,0.0,0.0,0.0,0.0,1.0,12.0,1.0,12.18,5.0200000000000005,2.51,1.5,0.0,0.0,0.0,334.90000000000003,0.0,0.2,-0.5,-0.2,-169.60000000000002,0.0,0.0,169.60000000000002,0.0,21.700000000000003,28.9,28.9,30.700000000000003,300.0,300.0,31.700000000000003,35.800000000000004,28.9,28.0,29.9,4.96,2.0,4.97,0.16,0.0,0.0,1027.0,8228.0,0.0,0.0,0.0,0.0,0.0,1.0,0.0,0.0,0.0,0.0,0.0,-0.7000000000000001,0.0,0.1,0.0,0.0,16.0,25903.0
2026-07-30T19:02:58.898Z,348.381,348.396,0.0,7.4,0.0,0.0,0.0,0.0,0.0,0.0,0.0,0.0,1.0,0.0,0.0,0.0,9.0,4.0,0.0,0.0,0.0,0.0,0.0,0.0,0.0,0.0,3.0,12.0,1.0,12.18,5.0200000000000005,2.51,1.5,0.0,0.1,0.0,335.0,0.0,0.2,0.0,0.3,-169.60000000000002,0.0,0.0,169.60000000000002,0.0,21.700000000000003,28.9,28.9,30.700000000000003,300.0,300.0,31.700000000000003,35.800000000000004,28.9,28.0,29.9,4.95,1.99,4.97,0.16,0.0,0.0,1027.0,8228.0,0.0,0.0,0.0,0.0,0.0,1.0,0.0,0.0,0.0,0.0,0.0,0.3,0.0,-0.2,0.0,0.0,16.0,25903.0
2026-07-30T19:02:58.909Z,348.392,348.408,0.0,7.4,0.0,0.0,0.0,0.0,0.0,0.0,0.0,0.0,1.0,0.0,0.0,0.0,9.0,4.0,0.0,0.0,0.0,0.0,0.0,0.0,0.0,0.0,4.0,12.0,1.0,12.18,5.0200000000000005,2.51,1.5,0.0,0.0,0.0,335.20000000000005,0.0,0.2,0.6000000000000001,0.2,-169.60000000000002,0.0,0.0,169.60000000000002,0.0,21.700000000000003,28.9,28.9,30.700000000000003,300.0,300.0,31.700000000000003,35.800000000000004,28.9,28.0,29.9,4.96,1.99,4.97,0.16,0.0,0.0,1027.0,8228.0,0.0,0.0,0.0,0.0,0.0,1.0,0.0,0.0,0.0,0.0,0.0,0.9,0.0,-0.1,0.0,0.0,16.0,25903.0
2026-07-30T19:02:58.922Z,348.405,348.42,0.0,7.4,0.0,0.0,0.0,0.0,0.0,0.0,0.0,0.0,1.0,0.0,0.0,0.0,9.0,4.0,0.0,0.0,0.0,0.0,0.0,0.0,0.0,0.0,5.0,12.0,1.0,12.15,5.01,2.5,1.49,0.0,0.0,0.0,365.7000000000001,0.0,-0.3,-1.0,-1.3,-169.60000000000002,0.0,0.0,169.60000000000002,0.0,21.700000000000003,28.9,28.9,30.8,300.0,300.0,31.700000000000003,35.800000000000004,28.9,28.1,29.9,4.95,1.99,4.97,0.16,0.0,0.0,1027.0,8228.0,0.0,0.0,0.0,0.0,0.0,1.0,0.0,0.0,0.0,0.0,0.0,-2.1,0.0,1.0,0.0,0.0,16.0,25903.0
2026-07-30T19:02:58.934Z,348.417,348.432,0.0,7.4,0.0,0.0,0.0,0.0,0.0,0.0,0.0,0.0,1.0,0.0,0.0,0.0,9.0,4.0,0.0,0.0,0.0,0.0,0.0,0.0,0.0,0.0,1.0,12.0,1.0,12.15,5.01,2.5,1.49,0.0,0.0,0.0,370.4,0.0,-0.3,0.7000000000000001,1.5,-169.60000000000002,0.0,0.0,169.60000000000002,0.0,21.700000000000003,28.9,28.9,30.8,300.0,300.0,31.700000000000003,35.800000000000004,28.9,28.1,29.9,4.95,1.99,4.97,0.16,0.0,0.0,1027.0,8228.0,0.0,0.0,0.0,0.0,0.0,1.0,0.0,0.0,0.0,0.0,0.0,2.0,0.0,-1.2000000000000002,0.0,0.0,16.0,25903.0
2026-07-30T19:02:58.946Z,348.429,348.444,0.0,7.4,0.0,0.0,0.0,0.0,0.0,0.0,0.0,0.0,1.0,0.0,0.0,0.0,9.0,4.0,0.0,0.0,0.0,0.0,0.0,0.0,0.0,0.0,2.0,12.0,1.0,12.15,5.01,2.5,1.49,0.0,0.0,0.0,369.3,0.0,-0.8,-0.4,-0.7000000000000001,-169.60000000000002,0.0,0.0,169.60000000000002,0.0,21.700000000000003,28.9,28.9,30.8,300.0,300.0,31.700000000000003,35.800000000000004,28.9,28.1,29.9,4.95,1.99,4.97,0.16,0.0,0.0,1027.0,8228.0,0.0,0.0,0.0,0.0,0.0,1.0,0.0,0.0,0.0,0.0,0.0,-1.0,0.0,0.6000000000000001,0.0,0.0,16.0,25903.0
2026-07-30T19:02:58.958Z,348.441,348.456,0.0,7.4,0.0,0.0,0.0,0.0,0.0,0.0,0.0,0.0,1.0,0.0,0.0,0.0,9.0,4.0,0.0,0.0,0.0,0.0,0.0,0.0,0.0,0.0,4.0,12.0,1.0,12.15,5.01,2.5,1.49,0.0,0.1,0.0,368.2000000000001,0.0,0.2,-0.4,-0.2,-169.60000000000002,0.0,0.0,169.70000000000002,0.0,21.700000000000003,28.9,28.9,30.8,300.0,300.0,31.700000000000003,35.800000000000004,28.9,28.1,29.9,4.96,1.99,4.96,0.16,0.0,0.0,1027.0,8228.0,0.0,0.0,0.0,0.0,0.0,1.0,0.0,0.0,0.0,0.0,0.0,-0.6000000000000001,0.0,0.0,0.0,0.0,16.0,25903.0
2026-07-30T19:02:58.970Z,348.453,348.468,0.0,7.4,0.0,0.0,0.0,0.0,0.0,0.0,0.0,0.0,1.0,0.0,0.0,0.0,9.0,4.0,0.0,0.0,0.0,0.0,0.0,0.0,0.0,0.0,5.0,12.0,1.0,12.15,5.01,2.5,1.49,0.0,0.0,0.0,367.2000000000001,0.0,0.2,-0.9,0.9,-169.60000000000002,0.0,0.0,169.60000000000002,0.0,21.700000000000003,28.9,28.9,30.8,300.0,300.0,31.700000000000003,35.800000000000004,28.9,28.1,29.9,4.95,1.99,4.97,0.16,0.0,0.0,1027.0,8228.0,0.0,0.0,0.0,0.0,0.0,1.0,0.0,0.0,0.0,0.0,0.0,-0.4,0.0,-1.0,0.0,0.0,16.0,25903.0
2026-07-30T19:02:58.982Z,348.465,348.48,0.0,7.4,0.0,0.0,0.0,0.0,0.0,0.0,0.0,0.0,1.0,0.0,0.0,0.0,9.0,4.0,0.0,0.0,0.0,0.0,0.0,0.0,0.0,0.0,1.0,12.0,1.0,12.15,5.01,2.5,1.49,0.0,0.0,0.0,366.1,0.0,-0.9,0.1,1.0,-169.60000000000002,0.0,0.0,169.60000000000002,0.0,21.700000000000003,28.9,28.9,30.8,300.0,300.0,31.700000000000003,35.800000000000004,28.9,28.1,29.9,4.95,1.99,4.96,0.16,0.0,0.0,1027.0,8228.0,0.0,0.0,0.0,0.0,0.0,1.0,0.0,0.0,0.0,0.0,0.0,0.9,0.0,-0.8,0.0,0.0,16.0,25903.0
2026-07-30T19:02:58.994Z,348.477,348.492,0.0,7.4,0.0,0.0,0.0,0.0,0.0,0.0,0.0,0.0,1.0,0.0,0.0,0.0,9.0,4.0,0.0,0.0,0.0,0.0,0.0,0.0,0.0,0.0,2.0,12.0,1.0,12.15,5.01,2.5,1.49,0.0,0.0,0.0,365.0,0.0,0.2,0.2,1.0,-169.60000000000002,0.0,0.0,169.60000000000002,0.0,21.700000000000003,28.9,28.9,30.8,300.0,300.0,31.700000000000003,35.800000000000004,28.9,28.1,29.9,4.96,2.0,4.96,0.16,0.0,0.0,1027.0,8228.0,0.0,0.0,0.0,0.0,0.0,1.0,0.0,0.0,0.0,0.0,0.0,1.0,0.0,-0.8,0.0,0.0,16.0,25903.0
2026-07-30T19:02:59.006Z,348.489,348.504,0.0,7.4,0.0,0.0,0.0,0.0,0.0,0.0,0.0,0.0,1.0,0.0,0.0,0.0,9.0,4.0,0.0,0.0,0.0,0.0,0.0,0.0,0.0,0.0,4.0,12.0,1.0,12.15,5.01,2.5,1.49,0.0,0.0,0.0,363.9,0.0,0.3,0.7000000000000001,-0.1,-169.60000000000002,0.0,0.0,169.70000000000002,0.0,21.700000000000003,28.9,28.9,30.8,300.0,300.0,31.700000000000003,35.800000000000004,28.9,28.1,29.9,4.95,2.0,4.97,0.16,0.0,0.0,1027.0,8228.0,0.0,0.0,0.0,0.0,0.0,1.0,0.0,0.0,0.0,0.0,0.0,0.7000000000000001,0.0,0.3,0.0,0.0,16.0,25903.0
2026-07-30T19:02:59.019Z,348.502,348.516,0.0,7.4,0.0,0.0,0.0,0.0,0.0,0.0,0.0,0.0,1.0,0.0,0.0,0.0,9.0,4.0,0.0,0.0,0.0,0.0,0.0,0.0,0.0,0.0,5.0,12.0,1.0,12.17,5.0200000000000005,2.51,1.5,0.0,0.0,0.0,362.9,0.0,0.9,0.2,-0.1,-169.60000000000002,0.0,0.0,169.60000000000002,0.0,20.4,28.9,28.9,30.8,300.0,300.0,31.6,35.800000000000004,28.9,28.1,29.9,4.95,1.98,4.97,0.16,0.0,0.0,1027.0,8228.0,0.0,0.0,0.0,0.0,0.0,1.0,0.0,0.0,0.0,0.0,0.0,0.1,0.0,0.1,0.0,0.0,16.0,25903.0
2026-07-30T19:02:59.030Z,348.513,348.528,0.0,7.4,0.0,0.0,0.0,0.0,0.0,0.0,0.0,0.0,1.0,0.0,0.0,0.0,9.0,4.0,0.0,0.0,0.0,0.0,0.0,0.0,0.0,0.0,1.0,12.0,1.0,12.17,5.0200000000000005,2.51,1.5,0.0,0.1,0.0,361.8,0.0,-0.2,-0.3,-0.1,-169.60000000000002,0.0,0.0,169.60000000000002,0.0,20.4,28.9,28.9,30.8,300.0,300.0,31.6,35.800000000000004,28.9,28.1,29.9,4.95,1.99,4.96,0.16,0.0,0.0,1027.0,8228.0,0.0,0.0,0.0,0.0,0.0,1.0,0.0,0.0,0.0,0.0,0.0,-0.5,0.0,0.0,0.0,0.0,16.0,25903.0
2026-07-30T19:02:59.041Z,348.524,348.54,0.0,7.4,0.0,0.0,0.0,0.0,0.0,0.0,0.0,0.0,1.0,0.0,0.0,0.0,9.0,4.0,0.0,0.0,0.0,0.0,0.0,0.0,0.0,0.0,2.0,12.0,1.0,12.17,5.0200000000000005,2.51,1.5,0.0,0.0,0.0,360.7000000000001,0.0,-0.8,1.4,-0.6000000000000001,-169.60000000000002,0.0,0.0,169.60000000000002,0.0,20.4,28.9,28.9,30.8,300.0,300.0,31.6,35.800000000000004,28.9,28.1,29.9,4.96,1.99,4.96,0.16,0.0,0.0,1027.0,8228.0,0.0,0.0,0.0,0.0,0.0,1.0,0.0,0.0,0.0,0.0,0.0,1.0,0.0,0.8,0.0,0.0,16.0,25903.0
2026-07-30T19:02:59.054Z,348.537,348.552,0.0,7.4,0.0,0.0,0.0,0.0,0.0,0.0,0.0,0.0,1.0,0.0,0.0,0.0,9.0,4.0,0.0,0.0,0.0,0.0,0.0,0.0,0.0,0.0,4.0,12.0,1.0,12.17,5.0200000000000005,2.51,1.5,0.0,0.0,0.0,359.6,0.0,-0.3,0.8,0.4,-169.60000000000002,0.0,0.0,169.60000000000002,0.0,20.4,28.9,28.9,30.8,300.0,300.0,31.6,35.800000000000004,28.9,28.1,29.9,4.95,1.99,4.97,0.16,0.0,0.0,1027.0,8228.0,0.0,0.0,0.0,0.0,0.0,1.0,0.0,0.0,0.0,0.0,0.0,1.2000000000000002,0.0,-0.2,0.0,0.0,16.0,25903.0
2026-07-30T19:02:59.065Z,348.548,348.564,0.0,7.4,0.0,0.0,0.0,0.0,0.0,0.0,0.0,0.0,1.0,0.0,0.0,0.0,9.0,4.0,0.0,0.0,0.0,0.0,0.0,0.0,0.0,0.0,5.0,12.0,1.0,12.17,5.0200000000000005,2.51,1.5,0.0,0.0,0.0,358.5,0.0,0.8,-0.3,-1.2000000000000002,-169.60000000000002,0.0,0.0,169.60000000000002,0.0,20.4,28.9,28.9,30.8,300.0,300.0,31.6,35.800000000000004,28.9,28.1,29.9,4.96,1.99,4.96,0.16,0.0,0.0,1027.0,8228.0,0.0,0.0,0.0,0.0,0.0,1.0,0.0,0.0,0.0,0.0,0.0,-1.4,0.0,1.0,0.0,0.0,16.0,25903.0
2026-07-30T19:02:59.078Z,348.561,348.576,0.0,7.4,0.0,0.0,0.0,0.0,0.0,0.0,0.0,0.0,1.0,0.0,0.0,0.0,9.0,4.0,0.0,0.0,0.0,0.0,0.0,0.0,0.0,0.0,6.0,12.0,1.0,12.17,5.0200000000000005,2.51,1.5,0.0,0.0,0.0,357.5,0.0,0.2,0.1,-1.2000000000000002,-169.60000000000002,0.0,0.0,169.60000000000002,0.0,20.4,28.9,28.9,30.8,300.0,300.0,31.6,35.800000000000004,28.9,28.1,29.9,4.96,1.99,4.97,0.16,0.0,0.0,1027.0,8228.0,0.0,0.0,0.0,0.0,0.0,1.0,0.0,0.0,0.0,0.0,0.0,-0.7000000000000001,0.0,1.1,0.0,0.0,16.0,25903.0
2026-07-30T19:02:59.089Z,348.572,348.588,0.0,7.4,0.0,0.0,0.0,0.0,0.0,0.0,0.0,0.0,1.0,0.0,0.0,0.0,9.0,4.0,0.0,0.0,0.0,0.0,0.0,0.0,0.0,0.0,2.0,12.0,1.0,12.17,5.0200000000000005,2.51,1.5,0.0,0.0,0.0,356.3,0.0,-0.3,0.1,0.4,-169.60000000000002,0.0,0.0,169.60000000000002,0.0,20.4,28.9,28.9,30.8,300.0,300.0,31.6,35.800000000000004,28.9,28.1,29.9,4.95,1.99,4.97,0.16,0.0,0.0,1027.0,8228.0,0.0,0.0,0.0,0.0,0.0,1.0,0.0,0.0,0.0,0.0,0.0,0.5,0.0,-0.3,0.0,0.0,16.0,25903.0
2026-07-30T19:02:59.102Z,348.585,348.6,0.0,7.4,0.0,0.0,0.0,0.0,0.0,0.0,0.0,0.0,1.0,0.0,0.0,0.0,9.0,4.0,0.0,0.0,0.0,0.0,0.0,0.0,0.0,0.0,3.0,12.0,1.0,12.17,5.0200000000000005,2.51,1.5,0.0,0.1,0.0,355.3,0.0,0.3,0.7000000000000001,-0.1,-169.60000000000002,0.0,0.0,169.60000000000002,0.0,20.4,28.9,28.9,30.8,300.0,300.0,31.6,35.800000000000004,28.9,28.1,29.9,4.95,1.99,4.97,0.16,0.0,0.0,1027.0,8228.0,0.0,0.0,0.0,0.0,0.0,1.0,0.0,0.0,0.0,0.0,0.0,0.7000000000000001,0.0,0.2,0.0,0.0,16.0,25903.0
2026-07-30T19:02:59.114Z,348.597,348.612,0.0,7.4,0.0,0.0,0.0,0.0,0.0,0.0,0.0,0.0,1.0,0.0,0.0,0.0,9.0,4.0,0.0,0.0,0.0,0.0,0.0,0.0,0.0,0.0,4.0,12.0,1.0,12.17,5.0200000000000005,2.51,1.5,0.0,0.1,0.0,354.1,0.0,0.9,-0.3,1.6,-169.60000000000002,0.0,0.0,169.60000000000002,0.0,20.4,28.9,28.9,30.8,300.0,300.0,31.6,35.800000000000004,28.9,28.1,29.9,4.96,1.99,4.96,0.16,0.0,0.0,1027.0,8228.0,0.0,0.0,0.0,0.0,0.0,1.0,0.0,0.0,0.0,0.0,0.0,0.7000000000000001,0.0,-1.5,0.0,0.0,16.0,25903.0
2026-07-30T19:02:59.125Z,348.608,348.624,0.0,7.4,0.0,0.0,0.0,0.0,0.0,0.0,0.0,0.0,1.0,0.0,0.0,0.0,9.0,4.0,0.0,0.0,0.0,0.0,0.0,0.0,0.0,0.0,6.0,12.0,1.0,12.17,5.01,2.51,1.49,0.0,0.1,0.0,355.70000000000005,0.0,-0.2,0.7000000000000001,-1.3,-169.60000000000002,0.0,0.0,169.60000000000002,0.0,21.4,28.9,28.9,30.9,300.0,300.0,31.6,35.800000000000004,28.9,28.1,29.9,4.96,1.98,4.96,0.16,0.0,0.0,1027.0,8228.0,0.0,0.0,0.0,0.0,0.0,1.0,0.0,0.0,0.0,0.0,0.0,-0.1,0.0,1.3,0.0,0.0,16.0,25903.0
2026-07-30T19:02:59.138Z,348.621,348.636,0.0,7.4,0.0,0.0,0.0,0.0,0.0,0.0,0.0,0.0,1.0,0.0,0.0,0.0,9.0,4.0,0.0,0.0,0.0,0.0,0.0,0.0,0.0,0.0,1.0,12.0,1.0,12.17,5.01,2.51,1.49,0.0,0.0,0.0,359.90000000000003,0.0,0.8,0.7000000000000001,0.4,-169.60000000000002,0.0,0.0,169.60000000000002,0.0,21.4,28.9,28.9,30.9,300.0,300.0,31.6,35.800000000000004,28.9,28.1,29.9,4.95,1.99,4.96,0.16,0.0,0.0,1027.0,8228.0,0.0,0.0,0.0,0.0,0.0,1.0,0.0,0.0,0.0,0.0,0.0,1.1,0.0,-0.2,0.0,0.0,16.0,25903.0
2026-07-30T19:02:59.150Z,348.633,348.648,0.0,7.4,0.0,0.0,0.0,0.0,0.0,0.0,0.0,0.0,1.0,0.0,0.0,0.0,9.0,4.0,0.0,0.0,0.0,0.0,0.0,0.0,0.0,0.0,3.0,12.0,1.0,12.17,5.01,2.51,1.49,0.0,0.0,0.0,361.6,0.0,-0.8,0.1,0.3,-169.60000000000002,0.0,0.0,169.60000000000002,0.0,21.4,28.9,28.9,30.9,300.0,300.0,31.6,35.800000000000004,28.9,28.1,29.9,4.96,1.99,4.97,0.16,0.0,0.0,1027.0,8228.0,0.0,0.0,0.0,0.0,0.0,1.0,0.0,0.0,0.0,0.0,0.0,0.4,0.0,-0.2,0.0,0.0,16.0,25903.0
2026-07-30T19:02:59.162Z,348.645,348.66,0.0,7.4,0.0,0.0,0.0,0.0,0.0,0.0,0.0,0.0,1.0,0.0,0.0,0.0,9.0,4.0,0.0,0.0,0.0,0.0,0.0,0.0,0.0,0.0,4.0,12.0,1.0,12.17,5.01,2.51,1.49,0.0,0.1,0.0,360.9,0.0,0.2,-1.0,-0.7000000000000001,-169.60000000000002,0.0,0.0,169.60000000000002,0.0,21.4,28.9,28.9,30.9,300.0,300.0,31.6,35.800000000000004,28.9,28.1,29.9,4.95,1.99,4.96,0.16,0.0,0.0,1027.0,8228.0,0.0,0.0,0.0,0.0,0.0,1.0,0.0,0.0,0.0,0.0,0.0,-1.7000000000000002,0.0,0.4,0.0,0.0,16.0,25903.0
2026-07-30T19:02:59.174Z,348.657,348.672,0.0,7.4,0.0,0.0,0.0,0.0,0.0,0.0,0.0,0.0,1.0,0.0,0.0,0.0,9.0,4.0,0.0,0.0,0.0,0.0,0.0,0.0,0.0,0.0,6.0,12.0,1.0,12.17,5.01,2.51,1.49,0.0,0.0,0.0,360.3,0.0,1.4,1.3,1.5,-169.60000000000002,0.0,0.0,169.60000000000002,0.0,21.4,28.9,28.9,30.9,300.0,300.0,31.6,35.800000000000004,28.9,28.1,29.9,4.95,1.99,4.97,0.16,0.0,0.0,1027.0,8228.0,0.0,0.0,0.0,0.0,0.0,1.0,0.0,0.0,0.0,0.0,0.0,2.6,0.0,-1.0,0.0,0.0,16.0,25903.0
2026-07-30T19:02:59.185Z,348.668,348.684,0.0,7.4,0.0,0.0,0.0,0.0,0.0,0.0,0.0,0.0,1.0,0.0,0.0,0.0,9.0,4.0,0.0,0.0,0.0,0.0,0.0,0.0,0.0,0.0,1.0,12.0,1.0,12.17,5.01,2.51,1.49,0.0,0.0,0.0,360.9,0.0,0.8,0.1,-0.2,-169.60000000000002,0.0,0.0,169.60000000000002,0.0,21.4,28.9,28.9,30.9,300.0,300.0,31.6,35.800000000000004,28.9,28.1,29.9,4.95,1.99,4.97,0.16,0.0,0.0,1027.0,8228.0,0.0,0.0,0.0,0.0,0.0,1.0,0.0,0.0,0.0,0.0,0.0,0.0,0.0,0.2,0.0,0.0,16.0,25903.0
2026-07-30T19:02:59.198Z,348.681,348.696,0.0,7.4,0.0,0.0,0.0,0.0,0.0,0.0,0.0,0.0,1.0,0.0,0.0,0.0,9.0,4.0,0.0,0.0,0.0,0.0,0.0,0.0,0.0,0.0,2.0,12.0,1.0,12.17,5.01,2.51,1.49,0.0,0.0,0.0,361.4,0.0,-0.3,-0.9,-1.3,-169.60000000000002,0.0,0.0,169.60000000000002,0.0,21.4,28.9,28.9,30.9,300.0,300.0,31.6,35.800000000000004,28.9,28.1,29.9,4.96,1.99,4.96,0.16,0.0,0.0,1027.0,8228.0,0.0,0.0,0.0,0.0,0.0,1.0,0.0,0.0,0.0,0.0,0.0,-2.0,0.0,1.0,0.0,0.0,16.0,25903.0
2026-07-30T19:02:59.210Z,348.693,348.708,0.0,7.4,0.0,0.0,0.0,0.0,0.0,0.0,0.0,0.0,1.0,0.0,0.0,0.0,9.0,4.0,0.0,0.0,0.0,0.0,0.0,0.0,0.0,0.0,4.0,12.0,1.0,12.17,5.01,2.51,1.49,0.0,0.0,0.0,361.4,0.0,-0.9,-0.3,-0.7000000000000001,-169.60000000000002,0.0,0.0,169.60000000000002,0.0,21.4,28.9,28.9,30.9,300.0,300.0,31.6,35.800000000000004,28.9,28.1,29.9,4.95,1.99,4.97,0.16,0.0,0.0,1027.0,8228.0,0.0,0.0,0.0,0.0,0.0,1.0,0.0,0.0,0.0,0.0,0.0,-0.9,0.0,0.6000000000000001,0.0,0.0,16.0,25903.0
2026-07-30T19:02:59.223Z,348.706,348.72,0.0,7.4,0.0,0.0,0.0,0.0,0.0,0.0,0.0,0.0,1.0,0.0,0.0,0.0,9.0,4.0,0.0,0.0,0.0,0.0,0.0,0.0,0.0,0.0,5.0,12.0,1.0,12.17,5.0200000000000005,2.5,1.49,0.0,0.0,0.0,361.3,0.0,0.2,1.4,0.9,-169.60000000000002,0.0,0.0,169.60000000000002,0.0,21.700000000000003,28.9,28.9,30.9,300.0,300.0,31.6,35.800000000000004,28.9,28.1,29.9,4.95,1.99,4.97,0.16,0.0,0.0,1027.0,8228.0,0.0,0.0,0.0,0.0,0.0,1.0,0.0,0.0,0.0,0.0,0.0,2.3000000000000003,0.0,-0.5,0.0,0.0,16.0,25903.0
2026-07-30T19:02:59.234Z,348.717,348.732,0.0,7.4,0.0,0.0,0.0,0.0,0.0,0.0,0.0,0.0,1.0,0.0,0.0,0.0,9.0,4.0,0.0,0.0,0.0,0.0,0.0,0.0,0.0,0.0,6.0,12.0,1.0,12.17,5.0200000000000005,2.5,1.49,0.0,0.1,0.0,361.2000000000001,0.0,0.2,-0.3,-0.7000000000000001,-169.60000000000002,0.0,0.0,169.60000000000002,0.0,21.700000000000003,28.9,28.9,30.9,300.0,300.0,31.6,35.800000000000004,28.9,28.1,29.9,4.96,2.0,4.97,0.16,0.0,0.0,1027.0,8228.0,0.0,0.0,0.0,0.0,0.0,1.0,0.0,0.0,0.0,0.0,0.0,-0.9,0.0,0.5,0.0,0.0,16.0,25903.0
2026-07-30T19:02:59.246Z,348.729,348.744,0.0,7.4,0.0,0.0,0.0,0.0,0.0,0.0,0.0,0.0,1.0,0.0,0.0,0.0,9.0,4.0,0.0,0.0,0.0,0.0,0.0,0.0,0.0,0.0,2.0,12.0,1.0,12.17,5.0200000000000005,2.5,1.49,0.0,0.1,0.0,361.3,0.0,-0.3,0.8,-0.1,-169.60000000000002,0.0,0.0,169.60000000000002,0.0,21.700000000000003,28.9,28.9,30.9,300.0,300.0,31.6,35.800000000000004,28.9,28.1,29.9,4.96,2.0,4.96,0.16,0.0,0.0,1027.0,8228.0,0.0,0.0,0.0,0.0,0.0,1.0,0.0,0.0,0.0,0.0,0.0,0.8,0.0,0.2,0.0,0.0,16.0,25903.0
2026-07-30T19:02:59.258Z,348.741,348.75600000000003,0.0,7.4,0.0,0.0,0.0,0.0,0.0,0.0,0.0,0.0,1.0,0.0,0.0,0.0,9.0,4.0,0.0,0.0,0.0,0.0,0.0,0.0,0.0,0.0,3.0,12.0,1.0,12.17,5.0200000000000005,2.5,1.49,0.0,0.0,0.0,361.4,0.0,0.2,0.2,0.4,-169.60000000000002,0.0,0.0,169.60000000000002,0.0,21.700000000000003,28.9,28.9,30.9,300.0,300.0,31.6,35.800000000000004,28.9,28.1,29.9,4.95,1.99,4.97,0.16,0.0,0.0,1027.0,8228.0,0.0,0.0,0.0,0.0,0.0,1.0,0.0,0.0,0.0,0.0,0.0,0.6000000000000001,0.0,-0.3,0.0,0.0,16.0,25903.0
2026-07-30T19:02:59.270Z,348.753,348.76800000000003,0.0,7.4,0.0,0.0,0.0,0.0,0.0,0.0,0.0,0.0,1.0,0.0,0.0,0.0,9.0,4.0,0.0,0.0,0.0,0.0,0.0,0.0,0.0,0.0,4.0,12.0,1.0,12.17,5.0200000000000005,2.5,1.49,0.0,0.0,0.0,361.4,0.0,-0.2,0.8,2.1,-169.60000000000002,0.0,0.0,169.60000000000002,0.0,21.700000000000003,28.9,28.9,30.9,300.0,300.0,31.6,35.800000000000004,28.9,28.1,29.9,4.95,1.99,4.96,0.16,0.0,0.0,1027.0,8228.0,0.0,0.0,0.0,0.0,0.0,1.0,0.0,0.0,0.0,0.0,0.0,2.5,0.0,-1.7000000000000002,0.0,0.0,16.0,25903.0
2026-07-30T19:02:59.282Z,348.765,348.78000000000003,0.0,7.4,0.0,0.0,0.0,0.0,0.0,0.0,0.0,0.0,1.0,0.0,0.0,0.0,9.0,4.0,0.0,0.0,0.0,0.0,0.0,0.0,0.0,0.0,6.0,12.0,1.0,12.17,5.0200000000000005,2.5,1.49,0.0,0.0,0.0,361.4,0.0,0.3,-0.3,-0.7000000000000001,-169.60000000000002,0.0,0.0,169.60000000000002,0.0,21.700000000000003,28.9,28.9,30.9,300.0,300.0,31.6,35.800000000000004,28.9,28.1,29.9,4.96,1.99,4.96,0.16,0.0,0.0,1027.0,8228.0,0.0,0.0,0.0,0.0,0.0,1.0,0.0,0.0,0.0,0.0,0.0,-0.9,0.0,0.5,0.0,0.0,16.0,25903.0
2026-07-30T19:02:59.294Z,348.777,348.79200000000003,0.0,7.4,0.0,0.0,0.0,0.0,0.0,0.0,0.0,0.0,1.0,0.0,0.0,0.0,9.0,4.0,0.0,0.0,0.0,0.0,0.0,0.0,0.0,0.0,1.0,12.0,1.0,12.17,5.0200000000000005,2.5,1.49,0.0,0.0,0.0,361.3,0.0,-0.8,0.8,2.7,-169.60000000000002,0.0,0.0,169.60000000000002,0.0,21.700000000000003,28.9,28.9,30.9,300.0,300.0,31.6,35.800000000000004,28.9,28.1,29.9,4.95,1.99,4.97,0.16,0.0,0.0,1027.0,8228.0,0.0,0.0,0.0,0.0,0.0,1.0,0.0,0.0,0.0,0.0,0.0,3.0,0.0,-2.2,0.0,0.0,16.0,25903.0
2026-07-30T19:02:59.306Z,348.789,348.80400000000003,0.0,7.4,0.0,0.0,0.0,0.0,0.0,0.0,0.0,0.0,1.0,0.0,0.0,0.0,9.0,4.0,0.0,0.0,0.0,0.0,0.0,0.0,0.0,0.0,2.0,12.0,1.0,12.17,5.0200000000000005,2.5,1.49,0.0,0.0,0.0,361.3,0.0,0.3,0.2,0.4,-169.60000000000002,0.0,0.0,169.60000000000002,0.0,21.700000000000003,28.9,28.9,30.9,300.0,300.0,31.6,35.800000000000004,28.9,28.1,29.9,4.96,1.99,4.97,0.16,0.0,0.0,1027.0,8228.0,0.0,0.0,0.0,0.0,0.0,1.0,0.0,0.0,0.0,0.0,0.0,0.5,0.0,-0.3,0.0,0.0,16.0,25903.0
2026-07-30T19:02:59.318Z,348.801,348.81600000000003,0.0,7.4,0.0,0.0,0.0,0.0,0.0,0.0,0.0,0.0,1.0,0.0,0.0,0.0,9.0,4.0,0.0,0.0,0.0,0.0,0.0,0.0,0.0,0.0,3.0,12.0,1.0,12.17,5.0200000000000005,2.5,1.49,0.0,0.0,0.0,361.4,0.0,-0.2,1.4,-0.1,-169.60000000000002,0.0,0.0,169.60000000000002,0.0,21.700000000000003,28.9,28.9,30.9,300.0,300.0,31.6,35.800000000000004,28.9,28.1,29.9,4.96,2.0,4.96,0.16,0.0,0.0,1027.0,8228.0,0.0,0.0,0.0,0.0,0.0,1.0,0.0,0.0,0.0,0.0,0.0,1.4,0.0,0.4,0.0,0.0,16.0,25903.0
2026-07-30T19:02:59.330Z,348.813,348.82800000000003,0.0,7.4,0.0,0.0,0.0,0.0,0.0,0.0,0.0,0.0,1.0,0.0,0.0,0.0,9.0,4.0,0.0,0.0,0.0,0.0,0.0,0.0,0.0,0.0,5.0,12.0,1.0,12.15,5.01,2.5,1.49,0.0,0.0,0.0,361.4,0.0,-0.8,0.8,-0.1,-169.60000000000002,0.0,0.0,169.60000000000002,0.0,21.8,28.9,28.9,30.9,300.0,300.0,31.700000000000003,35.9,28.9,28.1,30.0,4.95,1.99,4.96,0.16,0.0,0.0,1027.0,8228.0,0.0,0.0,0.0,0.0,0.0,1.0,0.0,0.0,0.0,0.0,0.0,0.7000000000000001,0.0,0.3,0.0,0.0,16.0,25903.0
2026-07-30T19:02:59.342Z,348.825,348.84000000000003,0.0,7.4,0.0,0.0,0.0,0.0,0.0,0.0,0.0,0.0,1.0,0.0,0.0,0.0,9.0,4.0,0.0,0.0,0.0,0.0,0.0,0.0,0.0,0.0,6.0,12.0,1.0,12.15,5.01,2.5,1.49,0.0,0.0,0.0,361.3,0.0,0.3,-0.3,0.3,-169.60000000000002,0.0,0.0,169.60000000000002,0.0,21.8,28.9,28.9,30.9,300.0,300.0,31.700000000000003,35.9,28.9,28.1,30.0,4.95,1.99,4.97,0.16,0.0,0.0,1027.0,8228.0,0.0,0.0,0.0,0.0,0.0,1.0,0.0,0.0,0.0,0.0,0.0,0.0,0.0,-0.4,0.0,0.0,16.0,25903.0
2026-07-30T19:02:59.354Z,348.837,348.85200000000003,0.0,7.4,0.0,0.0,0.0,0.0,0.0,0.0,0.0,0.0,1.0,0.0,0.0,0.0,9.0,4.0,0.0,0.0,0.0,0.0,0.0,0.0,0.0,0.0,1.0,12.0,1.0,12.15,5.01,2.5,1.49,0.0,0.0,0.0,361.3,0.0,0.3,0.2,0.9,-169.60000000000002,0.0,0.0,169.60000000000002,0.0,21.8,28.9,28.9,30.9,300.0,300.0,31.700000000000003,35.9,28.9,28.1,30.0,4.96,2.0,4.96,0.16,0.0,0.0,1027.0,8228.0,0.0,0.0,0.0,0.0,0.0,1.0,0.0,0.0,0.0,0.0,0.0,-1.6,0.0,0.5,0.0,0.0,16.0,25903.0
2026-07-30T19:02:59.366Z,348.849,348.86400000000003,0.0,7.4,0.0,0.0,0.0,0.0,0.0,0.0,0.0,0.0,1.0,0.0,0.0,0.0,9.0,4.0,0.0,0.0,0.0,0.0,0.0,0.0,0.0,0.0,3.0,12.0,1.0,12.15,5.01,2.5,1.49,0.0,0.0,0.0,361.4,0.0,-0.2,-0.3,-2.0,-169.60000000000002,0.0,0.0,169.60000000000002,0.0,21.8,28.9,28.9,30.9,300.0,300.0,31.700000000000003,35.9,28.9,28.1,30.0,4.96,1.99,4.97,0.16,0.0,0.0,1027.0,8228.0,0.0,0.0,0.0,0.0,0.0,1.0,0.0,0.0,0.0,0.0,0.0,0.7000000000000001,0.0,0.3,0.0,0.0,16.0,25903.0
2026-07-30T19:02:59.378Z,348.861,348.87600000000003,0.0,7.4,0.0,0.0,0.0,0.0,0.0,0.0,0.0,0.0,1.0,0.0,0.0,0.0,9.0,4.0,0.0,0.0,0.0,0.0,0.0,0.0,0.0,0.0,4.0,12.0,1.0,12.15,5.01,2.5,1.49,0.0,0.0,0.0,361.4,0.0,-0.2,-0.3,0.9,-169.60000000000002,0.0,0.0,169.60000000000002,0.0,21.8,28.9,28.9,30.9,300.0,300.0,31.700000000000003,35.9,28.9,28.1,30.0,4.96,1.99,4.97,0.16,0.0,0.0,1027.0,8228.0,0.0,0.0,0.0,0.0,0.0,1.0,0.0,0.0,0.0,0.0,0.0,2.1,0.0,0.6000000000000001,0.0,0.0,16.0,25903.0
2026-07-30T19:02:59.390Z,348.873,348.88800000000003,0.0,7.4,0.0,0.0,0.0,0.0,0.0,0.0,0.0,0.0,1.0,0.0,0.0,0.0,9.0,4.0,0.0,0.0,0.0,0.0,0.0,0.0,0.0,0.0,5.0,12.0,1.0,12.15,5.01,2.5,1.49,0.0,0.0,0.0,361.4,0.0,-0.2,0.2,-0.7000000000000001,-169.60000000000002,0.0,0.0,169.60000000000002,0.0,21.8,28.9,28.9,30.9,300.0,300.0,31.700000000000003,35.9,28.9,28.1,30.0,4.96,1.99,4.97,0.16,0.0,0.0,1027.0,8228.0,0.0,0.0,0.0,0.0,0.0,1.0,0.0,0.0,0.0,0.0,0.0,-0.3,0.0,0.7000000000000001,0.0,0.0,16.0,25903.0
2026-07-30T19:02:59.402Z,348.885,348.90000000000003,0.0,7.4,0.0,0.0,0.0,0.0,0.0,0.0,0.0,0.0,1.0,0.0,0.0,0.0,9.0,4.0,0.0,0.0,0.0,0.0,0.0,0.0,0.0,0.0,1.0,12.0,1.0,12.15,5.01,2.5,1.49,0.0,0.1,0.0,361.4,0.0,0.3,0.2,1.0,-169.60000000000002,0.0,0.0,169.70000000000002,0.0,21.8,28.9,28.9,30.9,300.0,300.0,31.700000000000003,35.9,28.9,28.1,30.0,4.95,1.99,4.97,0.16,0.0,0.0,1027.0,8228.0,0.0,0.0,0.0,0.0,0.0,1.0,0.0,0.0,0.0,0.0,0.0,1.0,0.0,-0.8,0.0,0.0,16.0,25903.0
2026-07-30T19:02:59.414Z,348.897,348.91200000000003,0.0,7.4,0.0,0.0,0.0,0.0,0.0,0.0,0.0,0.0,1.0,0.0,0.0,0.0,9.0,4.0,0.0,0.0,0.0,0.0,0.0,0.0,0.0,0.0,2.0,12.0,1.0,12.15,5.01,2.5,1.49,0.0,0.0,0.0,361.4,0.0,-0.2,-0.3,1.0,-169.60000000000002,0.0,0.0,169.60000000000002,0.0,21.8,28.9,28.9,30.9,300.0,300.0,31.700000000000003,35.9,28.9,28.1,30.0,4.95,1.99,4.97,0.16,0.0,0.0,1027.0,8228.0,0.0,0.0,0.0,0.0,0.0,1.0,0.0,0.0,0.0,0.0,0.0,0.3,0.0,-1.0,0.0,0.0,16.0,25903.0
2026-07-30T19:02:59.427Z,348.91,348.92400000000004,0.0,7.4,0.0,0.0,0.0,0.0,0.0,0.0,0.0,0.0,1.0,0.0,0.0,0.0,9.0,4.0,0.0,0.0,0.0,0.0,0.0,0.0,0.0,0.0,2.0,12.0,1.0,12.17,5.0200000000000005,2.51,1.5,0.0,0.0,0.0,361.4,0.0,0.3,0.7000000000000001,1.6,-169.60000000000002,0.0,0.0,169.70000000000002,0.0,21.700000000000003,28.9,28.9,30.9,300.0,300.0,31.6,35.9,28.9,28.1,29.9,4.95,1.99,4.97,0.16,0.0,0.0,1027.0,8228.0,0.0,0.0,0.0,0.0,0.0,1.0,0.0,0.0,0.0,0.0,0.0,2.1,0.0,-1.2000000000000002,0.0,0.0,16.0,25903.0
2026-07-30T19:02:59.437Z,348.92,348.93600000000004,0.0,7.4,0.0,0.0,0.0,0.0,0.0,0.0,0.0,0.0,1.0,0.0,0.0,0.0,9.0,4.0,0.0,0.0,0.0,0.0,0.0,0.0,0.0,0.0,3.0,12.0,1.0,12.17,5.0200000000000005,2.51,1.5,0.0,0.0,0.0,361.3,0.0,-0.8,-0.3,-0.1,-169.60000000000002,0.0,0.0,169.60000000000002,0.0,21.700000000000003,28.9,28.9,30.9,300.0,300.0,31.6,35.9,28.9,28.1,29.9,4.96,1.99,4.96,0.15,0.0,0.0,1027.0,8228.0,0.0,0.0,0.0,0.0,0.0,1.0,0.0,0.0,0.0,0.0,0.0,-0.5,0.0,0.0,0.0,0.0,16.0,25903.0
2026-07-30T19:02:59.450Z,348.933,348.948,0.0,7.4,0.0,0.0,0.0,0.0,0.0,0.0,0.0,0.0,1.0,0.0,0.0,0.0,9.0,4.0,0.0,0.0,0.0,0.0,0.0,0.0,0.0,0.0,4.0,12.0,1.0,12.17,5.0200000000000005,2.51,1.5,0.0,0.0,0.0,361.4,0.0,-0.2,-0.3,-1.3,-169.60000000000002,0.0,0.0,169.60000000000002,0.0,21.700000000000003,28.9,28.9,30.9,300.0,300.0,31.6,35.9,28.9,28.1,29.9,4.95,1.99,4.97,0.15,0.0,0.0,1027.0,8228.0,0.0,0.0,0.0,0.0,0.0,1.0,0.0,0.0,0.0,0.0,0.0,-1.3,0.0,1.0,0.0,0.0,16.0,25903.0
2026-07-30T19:02:59.462Z,348.945,348.96,0.0,7.4,0.0,0.0,0.0,0.0,0.0,0.0,0.0,0.0,1.0,0.0,0.0,0.0,9.0,4.0,0.0,0.0,0.0,0.0,0.0,0.0,0.0,0.0,5.0,12.0,1.0,12.17,5.0200000000000005,2.51,1.5,0.0,0.0,0.0,361.3,0.0,-0.2,0.2,0.9,-169.60000000000002,0.0,0.0,169.60000000000002,0.0,21.700000000000003,28.9,28.9,30.9,300.0,300.0,31.6,35.9,28.9,28.1,29.9,4.95,1.99,4.96,0.16,0.0,0.0,1027.0,8228.0,0.0,0.0,0.0,0.0,0.0,1.0,0.0,0.0,0.0,0.0,0.0,0.9,0.0,-0.8,0.0,0.0,16.0,25903.0
2026-07-30T19:02:59.474Z,348.957,348.972,0.0,7.4,0.0,0.0,0.0,0.0,0.0,0.0,0.0,0.0,1.0,0.0,0.0,0.0,9.0,4.0,0.0,0.0,0.0,0.0,0.0,0.0,0.0,0.0,6.0,12.0,1.0,12.17,5.0200000000000005,2.51,1.5,0.0,0.0,0.0,361.4,0.0,-0.2,1.4,0.9,-169.60000000000002,0.0,0.0,169.60000000000002,0.0,21.700000000000003,28.9,28.9,30.9,300.0,300.0,31.6,35.9,28.9,28.1,29.9,4.96,1.99,4.96,0.16,0.0,0.0,1027.0,8228.0,0.0,0.0,0.0,0.0,0.0,1.0,0.0,0.0,0.0,0.0,0.0,2.3000000000000003,0.0,-0.5,0.0,0.0,16.0,25903.0
2026-07-30T19:02:59.486Z,348.969,348.984,0.0,7.4,0.0,0.0,0.0,0.0,0.0,0.0,0.0,0.0,1.0,0.0,0.0,0.0,9.0,4.0,0.0,0.0,0.0,0.0,0.0,0.0,0.0,0.0,1.0,12.0,1.0,12.17,5.0200000000000005,2.51,1.5,0.0,0.0,0.0,361.4,0.0,-0.8,-0.3,0.9,-169.60000000000002,0.0,0.0,169.60000000000002,0.0,21.700000000000003,28.9,28.9,30.9,300.0,300.0,31.6,35.9,28.9,28.1,29.9,4.95,1.99,4.97,0.16,0.0,0.0,1027.0,8228.0,0.0,0.0,0.0,0.0,0.0,1.0,0.0,0.0,0.0,0.0,0.0,0.3,0.0,-0.9,0.0,0.0,16.0,25903.0
2026-07-30T19:02:59.498Z,348.981,348.996,0.0,7.4,0.0,0.0,0.0,0.0,0.0,0.0,0.0,0.0,1.0,0.0,0.0,0.0,9.0,4.0,0.0,0.0,0.0,0.0,0.0,0.0,0.0,0.0,2.0,12.0,1.0,12.17,5.0200000000000005,2.51,1.5,0.0,0.0,0.0,361.4,0.0,0.3,0.7000000000000001,-0.7000000000000001,-169.60000000000002,0.0,0.0,169.60000000000002,0.0,21.700000000000003,28.9,28.9,30.9,300.0,300.0,31.6,35.9,28.9,28.1,29.9,4.96,1.99,4.97,0.16,0.0,0.0,1027.0,8228.0,0.0,0.0,0.0,0.0,0.0,1.0,0.0,0.0,0.0,0.0,0.0,0.3,0.0,0.8,0.0,0.0,16.0,25903.0
2026-07-30T19:02:59.510Z,348.993,349.008,0.0,7.4,0.0,0.0,0.0,0.0,0.0,0.0,0.0,0.0,1.0,0.0,0.0,0.0,9.0,4.0,0.0,0.0,0.0,0.0,0.0,0.0,0.0,0.0,3.0,12.0,1.0,12.17,5.0200000000000005,2.51,1.5,-0.1,0.0,0.0,361.4,0.0,0.3,1.3,1.0,-169.60000000000002,0.0,0.0,169.70000000000002,0.0,21.700000000000003,28.9,28.9,30.9,300.0,300.0,31.6,35.9,28.9,28.1,29.9,4.96,1.99,4.96,0.16,0.0,0.0,1027.0,8228.0,0.0,0.0,0.0,0.0,0.0,1.0,0.0,0.0,0.0,0.0,0.0,2.2,0.0,-0.6000000000000001,0.0,0.0,16.0,25903.0
2026-07-30T19:02:59.522Z,349.005,349.02,0.0,7.4,0.0,0.0,0.0,0.0,0.0,0.0,0.0,0.0,1.0,0.0,0.0,0.0,9.0,4.0,0.0,0.0,0.0,0.0,0.0,0.0,0.0,0.0,5.0,12.0,1.0,12.17,5.0200000000000005,2.51,1.5,0.0,0.0,0.0,361.4,0.0,-0.2,1.3,1.5,-169.60000000000002,0.0,0.0,169.60000000000002,0.0,21.700000000000003,28.9,28.9,30.9,300.0,300.0,31.6,35.9,28.9,28.1,29.9,4.96,1.99,4.96,0.16,0.0,0.0,1027.0,8228.0,0.0,0.0,0.0,0.0,0.0,1.0,0.0,0.0,0.0,0.0,0.0,2.7,0.0,-1.1,0.0,0.0,16.0,25903.0
2026-07-30T19:02:59.534Z,349.017,349.032,0.0,7.4,0.0,0.0,0.0,0.0,0.0,0.0,0.0,0.0,1.0,0.0,0.0,0.0,9.0,4.0,0.0,0.0,0.0,0.0,0.0,0.0,0.0,0.0,6.0,12.0,1.0,12.17,5.0200000000000005,2.51,1.49,0.0,0.0,0.0,361.3,0.0,-0.2,0.1,-0.2,-169.60000000000002,0.0,0.0,169.70000000000002,0.0,21.0,28.9,28.9,30.9,300.0,300.0,31.6,35.800000000000004,28.9,28.1,30.0,4.95,1.99,4.97,0.16,0.0,0.0,1027.0,8228.0,0.0,0.0,0.0,0.0,0.0,1.0,0.0,0.0,0.0,0.0,0.0,0.0,0.0,0.2,0.0,0.0,16.0,25903.0
2026-07-30T19:02:59.545Z,349.028,349.044,0.0,7.4,0.0,0.0,0.0,0.0,0.0,0.0,0.0,0.0,1.0,0.0,0.0,0.0,9.0,4.0,0.0,0.0,0.0,0.0,0.0,0.0,0.0,0.0,6.0,12.0,1.0,12.17,5.0200000000000005,2.51,1.49,0.0,0.0,0.0,361.3,0.0,-0.2,-1.0,-1.4,-169.60000000000002,0.0,0.0,169.60000000000002,0.0,21.0,28.9,28.9,30.9,300.0,300.0,31.6,35.800000000000004,28.9,28.1,30.0,4.95,1.99,4.96,0.16,0.0,0.0,1027.0,8228.0,0.0,0.0,0.0,0.0,0.0,1.0,0.0,0.0,0.0,0.0,0.0,-2.3000000000000003,0.0,1.0,0.0,0.0,16.0,25903.0
2026-07-30T19:02:59.558Z,349.041,349.056,0.0,7.4,0.0,0.0,0.0,0.0,0.0,0.0,0.0,0.0,1.0,0.0,0.0,0.0,9.0,4.0,0.0,0.0,0.0,0.0,0.0,0.0,0.0,0.0,1.0,12.0,1.0,12.17,5.0200000000000005,2.51,1.49,0.0,0.0,0.0,361.3,0.0,0.3,0.6000000000000001,-0.2,-169.60000000000002,0.0,0.0,169.8,0.0,21.0,28.9,28.9,30.9,300.0,300.0,31.6,35.800000000000004,28.9,28.1,30.0,4.95,2.0,4.97,0.16,0.0,0.0,1027.0,8228.0,0.0,0.0,0.0,0.0,0.0,1.0,0.0,0.0,0.0,0.0,0.0,0.5,0.0,0.3,0.0,0.0,16.0,25903.0
2026-07-30T19:02:59.570Z,349.053,349.068,0.0,7.4,0.0,0.0,0.0,0.0,0.0,0.0,0.0,0.0,1.0,0.0,0.0,0.0,9.0,4.0,0.0,0.0,0.0,0.0,0.0,0.0,0.0,0.0,2.0,12.0,1.0,12.17,5.0200000000000005,2.51,1.49,0.0,0.0,0.0,361.4,0.0,0.3,1.2000000000000002,-0.3,-169.60000000000002,0.0,0.0,169.70000000000002,0.0,21.0,28.9,28.9,30.9,300.0,300.0,31.6,35.800000000000004,28.9,28.1,30.0,4.95,1.99,4.97,0.16,0.0,0.0,1027.0,8228.0,0.0,0.0,0.0,0.0,0.0,1.0,0.0,0.0,0.0,0.0,0.0,1.1,0.0,0.5,0.0,0.0,16.0,25903.0
2026-07-30T19:02:59.582Z,349.065,349.08,0.0,7.4,0.0,0.0,0.0,0.0,0.0,0.0,0.0,0.0,1.0,0.0,0.0,0.0,9.0,4.0,0.0,0.0,0.0,0.0,0.0,0.0,0.0,0.0,3.0,12.0,1.0,12.17,5.0200000000000005,2.51,1.49,0.0,0.0,0.0,361.3,0.0,-0.3,0.0,-0.3,-169.60000000000002,0.0,0.0,169.8,0.0,21.0,28.9,28.9,30.9,300.0,300.0,31.6,35.800000000000004,28.9,28.1,30.0,4.95,1.99,4.97,0.16,0.0,0.0,1027.0,8228.0,0.0,0.0,0.0,0.0,0.0,1.0,0.0,0.0,0.0,0.0,0.0,-0.1,0.0,0.3,0.0,0.0,16.0,25903.0
2026-07-30T19:02:59.594Z,349.077,349.092,0.0,7.4,0.0,0.0,0.0,0.0,0.0,0.0,0.0,0.0,1.0,0.0,0.0,0.0,9.0,4.0,0.0,0.0,0.0,0.0,0.0,0.0,0.0,0.0,4.0,12.0,1.0,12.17,5.0200000000000005,2.51,1.49,0.0,0.0,0.0,361.4,0.0,-0.2,-0.4,0.8,-169.60000000000002,0.0,0.0,169.8,0.0,21.0,28.9,28.9,30.9,300.0,300.0,31.6,35.800000000000004,28.9,28.1,30.0,4.96,1.99,4.97,0.16,0.0,0.0,1027.0,8228.0,0.0,0.0,0.0,0.0,0.0,1.0,0.0,0.0,0.0,0.0,0.0,0.0,0.0,-0.8,0.0,0.0,16.0,25903.0
2026-07-30T19:02:59.606Z,349.089,349.104,0.0,7.4,0.0,0.0,0.0,0.0,0.0,0.0,0.0,0.0,1.0,0.0,0.0,0.0,9.0,4.0,0.0,0.0,0.0,0.0,0.0,0.0,0.0,0.0,5.0,12.0,1.0,12.17,5.0200000000000005,2.51,1.49,0.0,0.0,0.0,361.4,0.0,0.3,0.6000000000000001,0.3,-169.60000000000002,0.0,0.0,169.60000000000002,0.0,21.0,28.9,28.9,30.9,300.0,300.0,31.6,35.800000000000004,28.9,28.1,30.0,4.96,1.99,4.97,0.16,0.0,0.0,1027.0,8228.0,0.0,0.0,0.0,0.0,0.0,1.0,0.0,0.0,0.0,0.0,0.0,0.9,0.0,-0.1,0.0,0.0,16.0,25903.0
2026-07-30T19:02:59.618Z,349.101,349.116,0.0,7.4,0.0,0.0,0.0,0.0,0.0,0.0,0.0,0.0,1.0,0.0,0.0,0.0,9.0,4.0,0.0,0.0,0.0,0.0,0.0,0.0,0.0,0.0,6.0,12.0,1.0,12.17,5.0200000000000005,2.51,1.49,0.0,0.0,0.0,361.4,0.0,-0.8,0.6000000000000001,-0.3,-169.60000000000002,0.0,0.0,169.70000000000002,0.0,21.0,28.9,28.9,30.9,300.0,300.0,31.6,35.800000000000004,28.9,28.1,30.0,4.95,1.99,4.97,0.16,0.0,0.0,1027.0,8228.0,0.0,0.0,0.0,0.0,0.0,1.0,0.0,0.0,0.0,0.0,0.0,0.4,0.0,0.4,0.0,0.0,16.0,25903.0
2026-07-30T19:02:59.630Z,349.113,349.128,0.0,7.4,0.0,0.0,0.0,0.0,0.0,0.0,0.0,0.0,1.0,0.0,0.0,0.0,9.0,4.0,0.0,0.0,0.0,0.0,0.0,0.0,0.0,0.0,1.0,12.0,1.0,12.19,5.01,2.5,1.49,0.0,0.0,0.0,361.4,0.0,0.8,0.6000000000000001,-0.2,-169.60000000000002,0.0,0.0,169.70000000000002,0.0,21.700000000000003,28.9,28.9,31.0,300.0,300.0,31.5,35.800000000000004,28.9,28.1,30.0,4.96,1.99,4.96,0.16,0.0,0.0,1027.0,8228.0,0.0,0.0,0.0,0.0,0.0,1.0,0.0,0.0,0.0,0.0,0.0,0.5,0.0,0.3,0.0,0.0,16.0,25903.0
2026-07-30T19:02:59.641Z,349.124,349.14,0.0,7.4,0.0,0.0,0.0,0.0,0.0,0.0,0.0,0.0,1.0,0.0,0.0,0.0,9.0,4.0,0.0,0.0,0.0,0.0,0.0,0.0,0.0,0.0,3.0,12.0,1.0,12.19,5.01,2.5,1.49,0.0,0.0,0.0,361.4,0.0,-0.2,0.0,0.2,-169.60000000000002,0.0,0.0,169.60000000000002,0.0,21.700000000000003,28.9,28.9,31.0,300.0,300.0,31.5,35.800000000000004,28.9,28.1,30.0,4.95,2.0,4.96,0.16,0.0,0.0,1027.0,8228.0,0.0,0.0,0.0,0.0,0.0,1.0,0.0,0.0,0.0,0.0,0.0,0.3,0.0,-0.2,0.0,0.0,16.0,25903.0
2026-07-30T19:02:59.654Z,349.137,349.152,0.0,7.4,0.0,0.0,0.0,0.0,0.0,0.0,0.0,0.0,1.0,0.0,0.0,0.0,9.0,4.0,0.0,0.0,0.0,0.0,0.0,0.0,0.0,0.0,4.0,12.0,1.0,12.19,5.01,2.5,1.49,0.0,0.0,0.0,361.4,0.0,-0.8,0.0,-0.8,-169.60000000000002,0.0,0.0,169.60000000000002,0.0,21.700000000000003,28.9,28.9,31.0,300.0,300.0,31.5,35.800000000000004,28.9,28.1,30.0,4.95,1.99,4.97,0.16,0.0,0.0,1027.0,8228.0,0.0,0.0,0.0,0.0,0.0,1.0,0.0,0.0,0.0,0.0,0.0,-0.5,0.0,0.7000000000000001,0.0,0.0,16.0,25903.0
2026-07-30T19:02:59.666Z,349.149,349.164,0.0,7.4,0.0,0.0,0.0,0.0,0.0,0.0,0.0,0.0,1.0,0.0,0.0,0.0,9.0,4.0,0.0,0.0,0.0,0.0,0.0,0.0,0.0,0.0,5.0,12.0,1.0,12.19,5.01,2.5,1.49,0.1,0.0,0.0,361.4,0.0,-0.2,1.2000000000000002,1.4,-169.60000000000002,0.0,0.0,169.60000000000002,0.0,21.700000000000003,28.9,28.9,31.0,300.0,300.0,31.5,35.800000000000004,28.9,28.1,30.0,4.95,1.99,4.97,0.16,0.0,0.0,1027.0,8228.0,0.0,0.0,0.0,0.0,0.0,1.0,0.0,0.0,0.0,0.0,0.0,2.4000000000000004,0.0,-1.0,0.0,0.0,16.0,25903.0
2026-07-30T19:02:59.678Z,349.161,349.176,0.0,7.4,0.0,0.0,0.0,0.0,0.0,0.0,0.0,0.0,1.0,0.0,0.0,0.0,9.0,4.0,0.0,0.0,0.0,0.0,0.0,0.0,0.0,0.0,6.0,12.0,1.0,12.19,5.01,2.5,1.49,0.0,0.0,0.0,361.4,0.0,-0.8,0.0,0.9,-169.60000000000002,0.0,0.0,169.60000000000002,0.0,21.700000000000003,28.9,28.9,31.0,300.0,300.0,31.5,35.800000000000004,28.9,28.1,30.0,4.96,1.99,4.96,0.16,0.0,0.0,1027.0,8228.0,0.0,0.0,0.0,0.0,0.0,1.0,0.0,0.0,0.0,0.0,0.0,0.7000000000000001,0.0,-0.7000000000000001,0.0,0.0,16.0,25903.0
2026-07-30T19:02:59.690Z,349.173,349.188,0.0,7.4,0.0,0.0,0.0,0.0,0.0,0.0,0.0,0.0,1.0,0.0,0.0,0.0,9.0,4.0,0.0,0.0,0.0,0.0,0.0,0.0,0.0,0.0,1.0,12.0,1.0,12.19,5.01,2.5,1.49,0.0,0.0,0.0,361.4,0.0,-0.3,-1.1,0.3,-169.60000000000002,0.0,0.0,169.60000000000002,0.0,21.700000000000003,28.9,28.9,31.0,300.0,300.0,31.5,35.800000000000004,28.9,28.1,30.0,4.95,1.99,4.97,0.16,0.0,0.0,1027.0,8228.0,0.0,0.0,0.0,0.0,0.0,1.0,0.0,0.0,0.0,0.0,0.0,-1.0,0.0,-0.5,0.0,0.0,16.0,25903.0
2026-07-30T19:02:59.702Z,349.185,349.2,0.0,7.4,0.0,0.0,0.0,0.0,0.0,0.0,0.0,0.0,1.0,0.0,0.0,0.0,9.0,4.0,0.0,0.0,0.0,0.0,0.0,0.0,0.0,0.0,2.0,12.0,1.0,12.19,5.01,2.5,1.49,0.0,0.0,0.0,361.4,0.0,1.4,1.2000000000000002,2.7,-169.60000000000002,0.0,0.0,169.60000000000002,0.0,21.700000000000003,28.9,28.9,31.0,300.0,300.0,31.5,35.800000000000004,28.9,28.1,30.0,4.95,1.99,4.96,0.16,0.0,0.0,1027.0,8228.0,0.0,0.0,0.0,0.0,0.0,1.0,0.0,0.0,0.0,0.0,0.0,3.4000000000000004,0.0,-2.1,0.0,0.0,16.0,25903.0
2026-07-30T19:02:59.714Z,349.197,349.212,0.0,7.4,0.0,0.0,0.0,0.0,0.0,0.0,0.0,0.0,1.0,0.0,0.0,0.0,9.0,4.0,0.0,0.0,0.0,0.0,0.0,0.0,0.0,0.0,3.0,12.0,1.0,12.19,5.01,2.5,1.49,0.0,0.0,0.0,361.4,0.0,0.3,0.6000000000000001,-0.1,-169.60000000000002,0.0,0.0,169.60000000000002,0.0,21.700000000000003,28.9,28.9,31.0,300.0,300.0,31.5,35.800000000000004,28.9,28.1,30.0,4.96,2.0,4.96,0.16,0.0,0.0,1027.0,8228.0,0.0,0.0,0.0,0.0,0.0,1.0,0.0,0.0,0.0,0.0,0.0,0.6000000000000001,0.0,0.2,0.0,0.0,16.0,25903.0
2026-07-30T19:02:59.726Z,349.209,349.224,0.0,7.4,0.0,0.0,0.0,0.0,0.0,0.0,0.0,0.0,1.0,0.0,0.0,0.0,9.0,4.0,0.0,0.0,0.0,0.0,0.0,0.0,0.0,0.0,4.0,12.0,1.0,12.19,5.01,2.5,1.49,0.0,0.0,0.0,361.4,0.0,-0.2,0.0,1.0,-169.60000000000002,0.0,0.0,169.60000000000002,0.0,21.700000000000003,28.9,28.9,31.0,300.0,300.0,31.5,35.800000000000004,28.9,28.1,30.0,4.95,2.0,4.96,0.16,0.0,0.0,1027.0,8228.0,0.0,0.0,0.0,0.0,0.0,1.0,0.0,0.0,0.0,0.0,0.0,0.8,0.0,-0.9,0.0,0.0,16.0,25903.0
2026-07-30T19:02:59.738Z,349.221,349.236,0.0,7.4,0.0,0.0,0.0,0.0,0.0,0.0,0.0,0.0,1.0,0.0,0.0,0.0,9.0,4.0,0.0,0.0,0.0,0.0,0.0,0.0,0.0,0.0,5.0,12.0,1.0,12.17,5.0200000000000005,2.51,1.49,0.0,0.1,0.0,361.3,0.0,0.9,-1.0,-0.7000000000000001,-169.60000000000002,0.0,0.0,169.60000000000002,0.0,21.3,28.9,28.9,31.0,300.0,300.0,31.5,35.800000000000004,28.9,28.1,29.9,4.95,1.99,4.97,0.16,0.0,0.0,1027.0,8228.0,0.0,0.0,0.0,0.0,0.0,1.0,0.0,0.0,0.0,0.0,0.0,-1.7000000000000002,0.0,0.4,0.0,0.0,16.0,25903.0
2026-07-30T19:02:59.749Z,349.232,349.248,0.0,7.4,0.0,0.0,0.0,0.0,0.0,0.0,0.0,0.0,1.0,0.0,0.0,0.0,9.0,4.0,0.0,0.0,0.0,0.0,0.0,0.0,0.0,0.0,6.0,12.0,1.0,12.17,5.0200000000000005,2.51,1.49,0.0,0.0,0.0,361.4,0.0,0.3,0.1,0.0,-169.60000000000002,0.0,0.0,169.60000000000002,0.0,21.3,28.9,28.9,31.0,300.0,300.0,31.5,35.800000000000004,28.9,28.1,29.9,4.95,1.99,4.96,0.16,0.0,0.0,1027.0,8228.0,0.0,0.0,0.0,0.0,0.0,1.0,0.0,0.0,0.0,0.0,0.0,0.0,0.0,0.1,0.0,0.0,16.0,25903.0
2026-07-30T19:02:59.762Z,349.245,349.26,0.0,7.4,0.0,0.0,0.0,0.0,0.0,0.0,0.0,0.0,1.0,0.0,0.0,0.0,9.0,4.0,0.0,0.0,0.0,0.0,0.0,0.0,0.0,0.0,1.0,12.0,1.0,12.17,5.0200000000000005,2.51,1.49,0.0,0.0,0.0,361.3,0.0,0.9,1.3,-0.1,-169.60000000000002,0.0,0.0,169.60000000000002,0.0,21.3,28.9,28.9,31.0,300.0,300.0,31.5,35.800000000000004,28.9,28.1,29.9,4.96,1.99,4.96,0.16,0.0,0.0,1027.0,8228.0,0.0,0.0,0.0,0.0,0.0,1.0,0.0,0.0,0.0,0.0,0.0,1.4,0.0,0.3,0.0,0.0,16.0,25903.0
2026-07-30T19:02:59.774Z,349.257,349.272,0.0,7.4,0.0,0.0,0.0,0.0,0.0,0.0,0.0,0.0,1.0,0.0,0.0,0.0,9.0,4.0,0.0,0.0,0.0,0.0,0.0,0.0,0.0,0.0,2.0,12.0,1.0,12.17,5.0200000000000005,2.51,1.49,0.0,0.1,0.0,361.3,0.0,-0.2,-0.4,0.0,-169.60000000000002,0.0,0.0,169.60000000000002,0.0,21.3,28.9,28.9,31.0,300.0,300.0,31.5,35.800000000000004,28.9,28.1,29.9,4.95,1.99,4.97,0.16,0.0,0.0,1027.0,8228.0,0.0,0.0,0.0,0.0,0.0,1.0,0.0,0.0,0.0,0.0,0.0,-0.5,0.0,0.0,0.0,0.0,16.0,25903.0
2026-07-30T19:02:59.786Z,349.269,349.284,0.0,7.4,0.0,0.0,0.0,0.0,0.0,0.0,0.0,0.0,1.0,0.0,0.0,0.0,9.0,4.0,0.0,0.0,0.0,0.0,0.0,0.0,0.0,0.0,3.0,12.0,1.0,12.17,5.0200000000000005,2.51,1.49,0.0,0.0,0.0,361.3,0.0,0.8,-1.0,-0.1,-169.60000000000002,0.0,0.0,169.60000000000002,0.0,21.3,28.9,28.9,31.0,300.0,300.0,31.5,35.800000000000004,28.9,28.1,29.9,4.96,1.99,4.96,0.16,0.0,0.0,1027.0,8228.0,0.0,0.0,0.0,0.0,0.0,1.0,0.0,0.0,0.0,0.0,0.0,-1.3,0.0,0.0,0.0,0.0,16.0,25903.0
2026-07-30T19:02:59.798Z,349.281,349.296,0.0,7.4,0.0,0.0,0.0,0.0,0.0,0.0,0.0,0.0,1.0,0.0,0.0,0.0,9.0,4.0,0.0,0.0,0.0,0.0,0.0,0.0,0.0,0.0,3.0,12.0,1.0,12.17,5.0200000000000005,2.51,1.49,0.0,0.0,0.0,361.3,0.0,0.2,0.6000000000000001,-0.7000000000000001,-169.60000000000002,0.0,0.0,169.60000000000002,0.0,21.3,28.9,28.9,31.0,300.0,300.0,31.5,35.800000000000004,28.9,28.1,29.9,4.96,2.0,4.96,0.16,0.0,0.0,1027.0,8228.0,0.0,0.0,0.0,0.0,0.0,1.0,0.0,0.0,0.0,0.0,0.0,0.2,0.0,0.8,0.0,0.0,16.0,25903.0
2026-07-30T19:02:59.810Z,349.293,349.308,0.0,7.4,0.0,0.0,0.0,0.0,0.0,0.0,0.0,0.0,1.0,0.0,0.0,0.0,9.0,4.0,0.0,0.0,0.0,0.0,0.0,0.0,0.0,0.0,5.0,12.0,1.0,12.17,5.0200000000000005,2.51,1.49,0.0,0.0,0.0,361.3,0.0,-0.8,0.1,-0.1,-169.60000000000002,0.0,0.0,169.60000000000002,0.0,21.3,28.9,28.9,31.0,300.0,300.0,31.5,35.800000000000004,28.9,28.1,29.9,4.95,1.99,4.96,0.16,0.0,0.0,1027.0,8228.0,0.0,0.0,0.0,0.0,0.0,1.0,0.0,0.0,0.0,0.0,0.0,0.0,0.0,0.1,0.0,0.0,16.0,25903.0
2026-07-30T19:02:59.822Z,349.305,349.32,0.0,7.4,0.0,0.0,0.0,0.0,0.0,0.0,0.0,0.0,1.0,0.0,0.0,0.0,9.0,4.0,0.0,0.0,0.0,0.0,0.0,0.0,0.0,0.0,5.0,12.0,1.0,12.17,5.0200000000000005,2.51,1.49,0.0,0.0,0.0,361.4,0.0,-0.8,-0.4,0.9,-169.60000000000002,0.0,0.0,169.60000000000002,0.0,21.3,28.9,28.9,31.0,300.0,300.0,31.5,35.800000000000004,28.9,28.1,29.9,4.96,1.99,4.97,0.16,0.0,0.0,1027.0,8228.0,0.0,0.0,0.0,0.0,0.0,1.0,0.0,0.0,0.0,0.0,0.0,0.1,0.0,-0.9,0.0,0.0,16.0,25903.0
2026-07-30T19:02:59.835Z,349.318,349.332,0.0,7.4,0.0,0.0,0.0,0.0,0.0,0.0,0.0,0.0,1.0,0.0,0.0,0.0,9.0,4.0,0.0,0.0,0.0,0.0,0.0,0.0,0.0,0.0,6.0,12.0,1.0,12.18,5.01,2.51,1.49,-0.1,0.1,0.0,361.4,0.0,0.3,-0.4,-0.1,-169.60000000000002,0.0,0.0,169.70000000000002,0.0,21.3,28.9,28.9,31.0,300.0,300.0,31.6,35.800000000000004,28.9,28.1,29.9,4.96,1.99,4.96,0.16,0.0,0.0,1027.0,8228.0,0.0,0.0,0.0,0.0,0.0,1.0,0.0,0.0,0.0,0.0,0.0,-0.6000000000000001,0.0,0.0,0.0,0.0,16.0,25903.0
2026-07-30T19:02:59.846Z,349.329,349.344,0.0,7.4,0.0,0.0,0.0,0.0,0.0,0.0,0.0,0.0,1.0,0.0,0.0,0.0,9.0,4.0,0.0,0.0,0.0,0.0,0.0,0.0,0.0,0.0,1.0,12.0,1.0,12.18,5.01,2.51,1.49,0.0,0.1,0.0,361.4,0.0,-0.2,0.7000000000000001,1.0,-169.60000000000002,0.0,0.0,169.60000000000002,0.0,21.3,28.9,28.9,31.0,300.0,300.0,31.6,35.800000000000004,28.9,28.1,29.9,4.96,1.99,4.96,0.16,0.0,0.0,1027.0,8228.0,0.0,0.0,0.0,0.0,0.0,1.0,0.0,0.0,0.0,0.0,0.0,1.6,0.0,-0.8,0.0,0.0,16.0,25903.0
2026-07-30T19:02:59.858Z,349.341,349.356,0.0,7.4,0.0,0.0,0.0,0.0,0.0,0.0,0.0,0.0,1.0,0.0,0.0,0.0,9.0,4.0,0.0,0.0,0.0,0.0,0.0,0.0,0.0,0.0,2.0,12.0,1.0,12.18,5.01,2.51,1.49,0.0,0.0,0.0,361.4,0.0,-0.8,-1.0,-1.3,-169.60000000000002,0.0,0.0,169.70000000000002,0.0,21.3,28.9,28.9,31.0,300.0,300.0,31.6,35.800000000000004,28.9,28.1,29.9,4.95,1.99,4.96,0.16,0.0,0.0,1027.0,8228.0,0.0,0.0,0.0,0.0,0.0,1.0,0.0,0.0,0.0,0.0,0.0,-2.1,0.0,0.9,0.0,0.0,16.0,25903.0
2026-07-30T19:02:59.870Z,349.353,349.368,0.0,7.4,0.0,0.0,0.0,0.0,0.0,0.0,0.0,0.0,1.0,0.0,0.0,0.0,9.0,4.0,0.0,0.0,0.0,0.0,0.0,0.0,0.0,0.0,3.0,12.0,1.0,12.18,5.01,2.51,1.49,0.0,0.0,0.0,361.3,0.0,1.4,0.7000000000000001,1.6,-169.60000000000002,0.0,0.0,169.60000000000002,0.0,21.3,28.9,28.9,31.0,300.0,300.0,31.6,35.800000000000004,28.9,28.1,29.9,4.96,1.99,4.96,0.16,0.0,0.0,1027.0,8228.0,0.0,0.0,0.0,0.0,0.0,1.0,0.0,0.0,0.0,0.0,0.0,0.3,0.0,-1.0,0.0,0.0,16.0,25903.0
2026-07-30T19:02:59.882Z,349.365,349.38,0.0,7.4,0.0,0.0,0.0,0.0,0.0,0.0,0.0,0.0,1.0,0.0,0.0,0.0,9.0,4.0,0.0,0.0,0.0,0.0,0.0,0.0,0.0,0.0,4.0,12.0,1.0,12.18,5.01,2.51,1.49,0.0,0.0,0.0,361.4,0.0,0.2,0.1,-0.1,-169.60000000000002,0.0,0.0,169.60000000000002,0.0,21.3,28.9,28.9,31.0,300.0,300.0,31.6,35.800000000000004,28.9,28.1,29.9,4.95,2.0,4.96,0.16,0.0,0.0,1027.0,8228.0,0.0,0.0,0.0,0.0,0.0,1.0,0.0,0.0,0.0,0.0,0.0,-1.6,0.0,0.4,0.0,0.0,16.0,25903.0
2026-07-30T19:02:59.893Z,349.376,349.392,0.0,7.4,0.0,0.0,0.0,0.0,0.0,0.0,0.0,0.0,1.0,0.0,0.0,0.0,9.0,4.0,0.0,0.0,0.0,0.0,0.0,0.0,0.0,0.0,6.0,12.0,1.0,12.18,5.01,2.51,1.49,0.0,0.1,0.0,361.4,0.0,0.2,0.1,-0.6000000000000001,-169.60000000000002,0.0,0.0,169.60000000000002,0.0,21.3,28.9,28.9,31.0,300.0,300.0,31.6,35.800000000000004,28.9,28.1,29.9,4.95,1.99,4.97,0.16,0.0,0.0,1027.0,8228.0,0.0,0.0,0.0,0.0,0.0,1.0,0.0,0.0,0.0,0.0,0.0,0.0,0.0,0.1,0.0,0.0,16.0,25903.0
2026-07-30T19:02:59.905Z,349.388,349.404,0.0,7.4,0.0,0.0,0.0,0.0,0.0,0.0,0.0,0.0,1.0,0.0,0.0,0.0,9.0,4.0,0.0,0.0,0.0,0.0,0.0,0.0,0.0,0.0,1.0,12.0,1.0,12.18,5.01,2.51,1.49,0.0,0.0,0.0,361.4,0.0,0.2,0.1,-0.1,-169.60000000000002,0.0,0.0,169.60000000000002,0.0,21.3,28.9,28.9,31.0,300.0,300.0,31.6,35.800000000000004,28.9,28.1,29.9,4.95,1.99,4.97,0.16,0.0,0.0,1027.0,8228.0,0.0,0.0,0.0,0.0,0.0,1.0,0.0,0.0,0.0,0.0,0.0,0.0,0.0,0.1,0.0,0.0,16.0,25903.0
2026-07-30T19:02:59.918Z,349.401,349.416,0.0,7.4,0.0,0.0,0.0,0.0,0.0,0.0,0.0,0.0,1.0,0.0,0.0,0.0,9.0,4.0,0.0,0.0,0.0,0.0,0.0,0.0,0.0,0.0,2.0,12.0,1.0,12.18,5.01,2.51,1.49,0.0,0.1,0.0,361.4,0.0,0.2,0.6000000000000001,0.4,-169.60000000000002,0.0,0.0,169.70000000000002,0.0,21.3,28.9,28.9,31.0,300.0,300.0,31.6,35.800000000000004,28.9,28.1,29.9,4.96,1.99,4.96,0.16,0.0,0.0,1027.0,8228.0,0.0,0.0,0.0,0.0,0.0,1.0,0.0,0.0,0.0,0.0,0.0,1.1,0.0,-0.2,0.0,0.0,16.0,25903.0
2026-07-30T19:02:59.930Z,349.413,349.428,0.0,7.4,0.0,0.0,0.0,0.0,0.0,0.0,0.0,0.0,1.0,0.0,0.0,0.0,9.0,4.0,0.0,0.0,0.0,0.0,0.0,0.0,0.0,0.0,4.0,12.0,1.0,12.18,5.01,2.51,1.49,0.0,0.0,0.0,361.4,0.0,0.2,-1.0,0.4,-169.60000000000002,0.0,0.0,169.60000000000002,0.0,21.3,28.9,28.9,31.0,300.0,300.0,31.6,35.800000000000004,28.9,28.1,29.9,4.95,1.99,4.97,0.16,0.0,0.0,1027.0,8228.0,0.0,0.0,0.0,0.0,0.0,1.0,0.0,0.0,0.0,0.0,0.0,-0.8,0.0,-0.5,0.0,0.0,16.0,25903.0
2026-07-30T19:02:59.942Z,349.425,349.44,0.0,7.4,0.0,0.0,0.0,0.0,0.0,0.0,0.0,0.0,1.0,0.0,0.0,0.0,9.0,4.0,0.0,0.0,0.0,0.0,0.0,0.0,0.0,0.0,5.0,12.0,1.0,12.19,5.0200000000000005,2.5,1.49,0.0,0.0,0.0,361.4,0.0,0.2,-1.0,-1.3,-169.60000000000002,0.0,0.0,169.60000000000002,0.0,21.4,28.9,28.9,31.0,300.0,300.0,31.6,35.800000000000004,28.9,28.1,29.9,4.95,1.99,4.97,0.16,0.0,0.0,1027.0,8228.0,0.0,0.0,0.0,0.0,0.0,1.0,0.0,0.0,0.0,0.0,0.0,-2.2,0.0,0.9,0.0,0.0,16.0,25903.0
2026-07-30T19:02:59.954Z,349.437,349.452,0.0,7.4,0.0,0.0,0.0,0.0,0.0,0.0,0.0,0.0,1.0,0.0,0.0,0.0,9.0,4.0,0.0,0.0,0.0,0.0,0.0,0.0,0.0,0.0,6.0,12.0,1.0,12.19,5.0200000000000005,2.5,1.49,0.0,0.0,0.0,361.3,0.0,0.2,1.2000000000000002,0.4,-169.60000000000002,0.0,0.0,169.60000000000002,0.0,21.4,28.9,28.9,31.0,300.0,300.0,31.6,35.800000000000004,28.9,28.1,29.9,4.96,2.0,4.97,0.16,0.0,0.0,1027.0,8228.0,0.0,0.0,0.0,0.0,0.0,1.0,0.0,0.0,0.0,0.0,0.0,1.7000000000000002,0.0,-0.1,0.0,0.0,16.0,25903.0
2026-07-30T19:02:59.966Z,349.449,349.464,0.0,7.4,0.0,0.0,0.0,0.0,0.0,0.0,0.0,0.0,1.0,0.0,0.0,0.0,9.0,4.0,0.0,0.0,0.0,0.0,0.0,0.0,0.0,0.0,1.0,12.0,1.0,12.19,5.0200000000000005,2.5,1.49,0.0,0.0,0.0,361.3,0.0,-0.9,0.0,-0.7000000000000001,-169.60000000000002,0.0,0.0,169.60000000000002,0.0,21.4,28.9,28.9,31.0,300.0,300.0,31.6,35.800000000000004,28.9,28.1,29.9,4.95,2.0,4.97,0.16,0.0,0.0,1027.0,8228.0,0.0,0.0,0.0,0.0,0.0,1.0,0.0,0.0,0.0,0.0,0.0,-0.4,0.0,0.6000000000000001,0.0,0.0,16.0,25903.0
2026-07-30T19:02:59.978Z,349.461,349.476,0.0,7.4,0.0,0.0,0.0,0.0,0.0,0.0,0.0,0.0,1.0,0.0,0.0,0.0,9.0,4.0,0.0,0.0,0.0,0.0,0.0,0.0,0.0,0.0,2.0,12.0,1.0,12.19,5.0200000000000005,2.5,1.49,0.0,0.0,0.0,361.4,0.0,0.2,-1.0,0.3,-169.60000000000002,0.0,0.0,169.60000000000002,0.0,21.4,28.9,28.9,31.0,300.0,300.0,31.6,35.800000000000004,28.9,28.1,29.9,4.96,1.99,4.97,0.16,0.0,0.0,1027.0,8228.0,0.0,0.0,0.0,0.0,0.0,1.0,0.0,0.0,0.0,0.0,0.0,-0.9,0.0,-0.5,0.0,0.0,16.0,25903.0
2026-07-30T19:02:59.990Z,349.473,349.488,0.0,7.4,0.0,0.0,0.0,0.0,0.0,0.0,0.0,0.0,1.0,0.0,0.0,0.0,9.0,4.0,0.0,0.0,0.0,0.0,0.0,0.0,0.0,0.0,4.0,12.0,1.0,12.19,5.0200000000000005,2.5,1.49,0.0,0.0,0.0,361.4,0.0,0.2,-0.4,-1.9,-169.60000000000002,0.0,0.0,169.60000000000002,0.0,21.4,28.9,28.9,31.0,300.0,300.0,31.6,35.800000000000004,28.9,28.1,29.9,4.96,1.99,4.96,0.16,0.0,0.0,1027.0,8228.0,0.0,0.0,0.0,0.0,0.0,1.0,0.0,0.0,0.0,0.0,0.0,-2.0,0.0,1.6,0.0,0.0,16.0,25903.0
2026-07-30T19:03:00.002Z,349.485,349.5,0.0,7.4,0.0,0.0,0.0,0.0,0.0,0.0,0.0,0.0,1.0,0.0,0.0,0.0,9.0,4.0,0.0,0.0,0.0,0.0,0.0,0.0,0.0,0.0,5.0,12.0,1.0,12.19,5.0200000000000005,2.5,1.49,0.0,0.0,0.0,361.4,0.0,-0.3,-0.5,0.3,-169.60000000000002,0.0,0.0,169.60000000000002,0.0,21.4,28.9,28.9,31.0,300.0,300.0,31.6,35.800000000000004,28.9,28.1,29.9,4.96,1.99,4.96,0.16,0.0,0.0,1027.0,8228.0,0.0,0.0,0.0,0.0,0.0,1.0,0.0,0.0,0.0,0.0,0.0,-0.3,0.0,-0.4,0.0,0.0,16.0,25903.0
2026-07-30T19:03:00.014Z,349.497,349.512,0.0,7.4,0.0,0.0,0.0,0.0,0.0,0.0,0.0,0.0,1.0,0.0,0.0,0.0,9.0,4.0,0.0,0.0,0.0,0.0,0.0,0.0,0.0,0.0,1.0,12.0,1.0,12.19,5.0200000000000005,2.5,1.49,0.0,0.0,0.0,361.4,0.0,-0.2,-0.5,1.5,-169.60000000000002,0.0,0.0,169.60000000000002,0.0,21.4,28.9,28.9,31.0,300.0,300.0,31.6,35.800000000000004,28.9,28.1,29.9,4.95,1.99,4.97,0.16,0.0,0.0,1027.0,8228.0,0.0,0.0,0.0,0.0,0.0,1.0,0.0,0.0,0.0,0.0,0.0,0.5,0.0,-1.4,0.0,0.0,16.0,25903.0
2026-07-30T19:03:00.025Z,349.508,349.524,0.0,7.4,0.0,0.0,0.0,0.0,0.0,0.0,0.0,0.0,1.0,0.0,0.0,0.0,9.0,4.0,0.0,0.0,0.0,0.0,0.0,0.0,0.0,0.0,2.0,12.0,1.0,12.19,5.0200000000000005,2.5,1.49,0.0,0.0,0.0,361.4,0.0,0.3,-1.1,-0.8,-169.60000000000002,0.0,0.0,169.60000000000002,0.0,21.4,28.9,28.9,31.0,300.0,300.0,31.6,35.800000000000004,28.9,28.1,29.9,4.96,1.99,4.97,0.16,0.0,0.0,1027.0,8228.0,0.0,0.0,0.0,0.0,0.0,1.0,0.0,0.0,0.0,0.0,0.0,-1.8,0.0,0.4,0.0,0.0,16.0,25903.0
2026-07-30T19:03:00.038Z,349.521,349.536,0.0,7.4,0.0,0.0,0.0,0.0,0.0,0.0,0.0,0.0,1.0,0.0,0.0,0.0,9.0,4.0,0.0,0.0,0.0,0.0,0.0,0.0,0.0,0.0,3.0,12.0,1.0,12.17,5.01,2.51,1.49,0.0,0.0,0.0,361.4,0.0,-0.2,0.0,-0.2,-169.60000000000002,0.0,0.0,169.70000000000002,0.0,21.8,28.9,28.9,31.0,300.0,300.0,31.700000000000003,35.800000000000004,28.9,28.1,29.9,4.96,2.0,4.96,0.16,0.0,0.0,1027.0,8228.0,0.0,0.0,0.0,0.0,0.0,1.0,0.0,0.0,0.0,0.0,0.0,-0.1,0.0,0.2,0.0,0.0,16.0,25903.0
2026-07-30T19:03:00.049Z,349.532,349.548,0.0,7.4,0.0,0.0,0.0,0.0,0.0,0.0,0.0,0.0,1.0,0.0,0.0,0.0,9.0,4.0,0.0,0.0,0.0,0.0,0.0,0.0,0.0,0.0,4.0,12.0,1.0,12.17,5.01,2.51,1.49,0.0,0.0,0.0,361.4,0.0,-0.2,0.6000000000000001,-0.2,-169.60000000000002,0.0,0.0,169.60000000000002,0.0,21.8,28.9,28.9,31.0,300.0,300.0,31.700000000000003,35.800000000000004,28.9,28.1,29.9,4.96,1.99,4.96,0.16,0.0,0.0,1027.0,8228.0,0.0,0.0,0.0,0.0,0.0,1.0,0.0,0.0,0.0,0.0,0.0,0.5,0.0,0.3,0.0,0.0,16.0,25903.0
2026-07-30T19:03:00.063Z,349.546,349.56,0.0,7.4,0.0,0.0,0.0,0.0,0.0,0.0,0.0,0.0,1.0,0.0,0.0,0.0,9.0,4.0,0.0,0.0,0.0,0.0,0.0,0.0,0.0,0.0,5.0,12.0,1.0,12.17,5.01,2.51,1.49,0.0,0.0,0.0,361.4,0.0,-0.8,-0.5,-0.1,-169.60000000000002,0.0,0.0,169.60000000000002,0.0,21.8,28.9,28.9,31.0,300.0,300.0,31.700000000000003,35.800000000000004,28.9,28.1,29.9,4.96,1.99,4.97,0.16,0.0,0.0,1027.0,8228.0,0.0,0.0,0.0,0.0,0.0,1.0,0.0,0.0,0.0,0.0,0.0,-0.7000000000000001,0.0,0.0,0.0,0.0,16.0,25903.0
2026-07-30T19:03:00.074Z,349.557,349.572,0.0,7.4,0.0,0.0,0.0,0.0,0.0,0.0,0.0,0.0,1.0,0.0,0.0,0.0,9.0,4.0,0.0,0.0,0.0,0.0,0.0,0.0,0.0,0.0,6.0,12.0,1.0,12.17,5.01,2.51,1.49,0.0,0.0,0.0,361.3,0.0,-0.8,-1.1,-0.2,-169.60000000000002,0.0,0.0,169.60000000000002,0.0,21.8,28.9,28.9,31.0,300.0,300.0,31.700000000000003,35.800000000000004,28.9,28.1,29.9,4.96,1.99,4.97,0.16,0.0,0.0,1027.0,8228.0,0.0,0.0,0.0,0.0,0.0,1.0,0.0,0.0,0.0,0.0,0.0,-1.4,0.0,0.0,0.0,0.0,16.0,25903.0
2026-07-30T19:03:00.086Z,349.569,349.584,0.0,7.4,0.0,0.0,0.0,0.0,0.0,0.0,0.0,0.0,1.0,0.0,0.0,0.0,9.0,4.0,0.0,0.0,0.0,0.0,0.0,0.0,0.0,0.0,1.0,12.0,1.0,12.17,5.01,2.51,1.49,0.0,0.0,0.0,361.3,0.0,0.2,0.0,-0.1,-169.60000000000002,0.0,0.0,169.60000000000002,0.0,21.8,28.9,28.9,31.0,300.0,300.0,31.700000000000003,35.800000000000004,28.9,28.1,29.9,4.96,1.99,4.97,0.16,0.0,0.0,1027.0,8228.0,0.0,0.0,0.0,0.0,0.0,1.0,0.0,0.0,0.0,0.0,0.0,-0.1,0.0,0.1,0.0,0.0,16.0,25903.0
2026-07-30T19:03:00.098Z,349.581,349.596,0.0,7.4,0.0,0.0,0.0,0.0,0.0,0.0,0.0,0.0,1.0,0.0,0.0,0.0,9.0,4.0,0.0,0.0,0.0,0.0,0.0,0.0,0.0,0.0,2.0,12.0,1.0,12.17,5.01,2.51,1.49,0.0,0.0,0.0,361.4,0.0,-0.2,0.6000000000000001,0.9,-169.60000000000002,0.0,0.0,169.60000000000002,0.0,21.8,28.9,28.9,31.0,300.0,300.0,31.700000000000003,35.800000000000004,28.9,28.1,29.9,4.95,2.0,4.97,0.16,0.0,0.0,1027.0,8228.0,0.0,0.0,0.0,0.0,0.0,1.0,0.0,0.0,0.0,0.0,0.0,1.3,0.0,-0.6000000000000001,0.0,0.0,16.0,25903.0
2026-07-30T19:03:00.110Z,349.593,349.608,0.0,7.4,0.0,0.0,0.0,0.0,0.0,0.0,0.0,0.0,1.0,0.0,0.0,0.0,9.0,4.0,0.0,0.0,0.0,0.0,0.0,0.0,0.0,0.0,3.0,12.0,1.0,12.17,5.01,2.51,1.49,0.0,0.0,0.0,361.3,0.0,-0.3,-1.1,-1.3,-169.60000000000002,0.0,0.0,169.70000000000002,0.0,21.8,28.9,28.9,31.0,300.0,300.0,31.700000000000003,35.800000000000004,28.9,28.1,29.9,4.96,2.0,4.97,0.16,0.0,0.0,1027.0,8228.0,0.0,0.0,0.0,0.0,0.0,1.0,0.0,0.0,0.0,0.0,0.0,-2.3000000000000003,0.0,0.9,0.0,0.0,16.0,25903.0
2026-07-30T19:03:00.122Z,349.605,349.62,0.0,7.4,0.0,0.0,0.0,0.0,0.0,0.0,0.0,0.0,1.0,0.0,0.0,0.0,9.0,4.0,0.0,0.0,0.0,0.0,0.0,0.0,0.0,0.0,4.0,12.0,1.0,12.17,5.01,2.51,1.49,0.0,0.0,0.0,361.4,0.0,0.2,-0.5,-0.7000000000000001,-169.60000000000002,0.0,0.0,169.70000000000002,0.0,21.8,28.9,28.9,31.0,300.0,300.0,31.700000000000003,35.800000000000004,28.9,28.1,29.9,4.96,1.99,4.96,0.16,0.0,0.0,1027.0,8228.0,0.0,0.0,0.0,0.0,0.0,1.0,0.0,0.0,0.0,0.0,0.0,-1.2000000000000002,0.0,0.5,0.0,0.0,16.0,25903.0
2026-07-30T19:03:00.134Z,349.617,349.632,0.0,7.4,0.0,0.0,0.0,0.0,0.0,0.0,0.0,0.0,1.0,0.0,0.0,0.0,9.0,4.0,0.0,0.0,0.0,0.0,0.0,0.0,0.0,0.0,5.0,12.0,1.0,12.17,5.01,2.51,1.49,0.0,0.0,0.0,361.4,0.0,-0.2,0.0,1.5,-169.60000000000002,0.0,0.0,169.60000000000002,0.0,21.8,28.9,28.9,31.0,300.0,300.0,31.700000000000003,35.800000000000004,28.9,28.1,29.9,4.96,1.99,4.97,0.16,0.0,0.0,1027.0,8228.0,0.0,0.0,0.0,0.0,0.0,1.0,0.0,0.0,0.0,0.0,0.0,1.1,0.0,-1.3,0.0,0.0,16.0,25903.0
2026-07-30T19:03:00.146Z,349.629,349.644,0.0,7.4,0.0,0.0,0.0,0.0,0.0,0.0,0.0,0.0,1.0,0.0,0.0,0.0,9.0,4.0,0.0,0.0,0.0,0.0,0.0,0.0,0.0,0.0,1.0,12.0,1.0,12.2,5.0200000000000005,2.51,1.5,0.0,0.0,0.0,361.4,0.0,-0.2,-0.5,-0.7000000000000001,-169.60000000000002,0.0,0.0,169.60000000000002,0.0,21.3,28.9,28.9,31.0,300.0,300.0,31.700000000000003,35.7,28.9,28.1,29.9,4.95,1.99,4.97,0.16,0.0,0.0,1027.0,8228.0,0.0,0.0,0.0,0.0,0.0,1.0,0.0,0.0,0.0,0.0,0.0,-1.2000000000000002,0.0,0.5,0.0,0.0,16.0,25903.0
2026-07-30T19:03:00.158Z,349.641,349.656,0.0,7.4,0.0,0.0,0.0,0.0,0.0,0.0,0.0,0.0,1.0,0.0,0.0,0.0,9.0,4.0,0.0,0.0,0.0,0.0,0.0,0.0,0.0,0.0,2.0,12.0,1.0,12.2,5.0200000000000005,2.51,1.5,0.0,0.0,0.0,361.4,0.0,0.3,0.0,1.0,-169.60000000000002,0.0,0.0,169.60000000000002,0.0,21.3,28.9,28.9,31.0,300.0,300.0,31.700000000000003,35.7,28.9,28.1,29.9,4.96,1.99,4.96,0.16,0.0,0.0,1027.0,8228.0,0.0,0.0,0.0,0.0,0.0,1.0,0.0,0.0,0.0,0.0,0.0,0.8,0.0,-0.9,0.0,0.0,16.0,25903.0
2026-07-30T19:03:00.170Z,349.653,349.668,0.0,7.4,0.0,0.0,0.0,0.0,0.0,0.0,0.0,0.0,1.0,0.0,0.0,0.0,9.0,4.0,0.0,0.0,0.0,0.0,0.0,0.0,0.0,0.0,3.0,12.0,1.0,12.2,5.0200000000000005,2.51,1.5,0.0,0.0,0.0,361.4,0.0,-0.2,0.0,-0.1,-169.60000000000002,0.0,0.0,169.60000000000002,0.0,21.3,28.9,28.9,31.0,300.0,300.0,31.700000000000003,35.7,28.9,28.1,29.9,4.95,1.99,4.97,0.16,0.0,0.0,1027.0,8228.0,0.0,0.0,0.0,0.0,0.0,1.0,0.0,0.0,0.0,0.0,0.0,0.0,0.0,0.0,0.0,0.0,16.0,25903.0
2026-07-30T19:03:00.182Z,349.665,349.68,0.0,7.4,0.0,0.0,0.0,0.0,0.0,0.0,0.0,0.0,1.0,0.0,0.0,0.0,9.0,4.0,0.0,0.0,0.0,0.0,0.0,0.0,0.0,0.0,4.0,12.0,1.0,12.2,5.0200000000000005,2.51,1.5,0.0,0.0,0.0,361.3,0.0,0.3,-0.5,-0.1,-169.60000000000002,0.0,0.0,169.60000000000002,0.0,21.3,28.9,28.9,31.0,300.0,300.0,31.700000000000003,35.7,28.9,28.1,29.9,4.95,1.99,4.97,0.16,0.0,0.0,1027.0,8228.0,0.0,0.0,0.0,0.0,0.0,1.0,0.0,0.0,0.0,0.0,0.0,-0.7000000000000001,0.0,0.0,0.0,0.0,16.0,25903.0
2026-07-30T19:03:00.194Z,349.677,349.692,0.0,7.4,0.0,0.0,0.0,0.0,0.0,0.0,0.0,0.0,1.0,0.0,0.0,0.0,9.0,4.0,0.0,0.0,0.0,0.0,0.0,0.0,0.0,0.0,5.0,12.0,1.0,12.2,5.0200000000000005,2.51,1.5,0.0,0.0,0.0,361.4,0.0,-0.2,1.1,0.9,-169.60000000000002,0.0,0.0,169.70000000000002,0.0,21.3,28.9,28.9,31.0,300.0,300.0,31.700000000000003,35.7,28.9,28.1,29.9,4.96,1.99,4.97,0.16,0.0,0.0,1027.0,8228.0,0.0,0.0,0.0,0.0,0.0,1.0,0.0,0.0,0.0,0.0,0.0,2.0,0.0,-0.6000000000000001,0.0,0.0,16.0,25903.0
2026-07-30T19:03:00.206Z,349.689,349.704,0.0,7.4,0.0,0.0,0.0,0.0,0.0,0.0,0.0,0.0,1.0,0.0,0.0,0.0,9.0,4.0,0.0,0.0,0.0,0.0,0.0,0.0,0.0,0.0,6.0,12.0,1.0,12.2,5.0200000000000005,2.51,1.5,-0.1,0.0,0.0,361.4,0.0,-0.2,-0.5,0.4,-169.60000000000002,0.0,0.0,169.60000000000002,0.0,21.3,28.9,28.9,31.0,300.0,300.0,31.700000000000003,35.7,28.9,28.1,29.9,4.96,1.99,4.96,0.16,0.0,0.0,1027.0,8228.0,0.0,0.0,0.0,0.0,0.0,1.0,0.0,0.0,0.0,0.0,0.0,-0.3,0.0,-0.4,0.0,0.0,16.0,25903.0
2026-07-30T19:03:00.218Z,349.701,349.716,0.0,7.4,0.0,0.0,0.0,0.0,0.0,0.0,0.0,0.0,1.0,0.0,0.0,0.0,9.0,4.0,0.0,0.0,0.0,0.0,0.0,0.0,0.0,0.0,1.0,12.0,1.0,12.2,5.0200000000000005,2.51,1.5,0.0,0.0,0.0,361.4,0.0,-0.2,-0.5,0.3,-169.60000000000002,0.0,0.0,169.60000000000002,0.0,21.3,28.9,28.9,31.0,300.0,300.0,31.700000000000003,35.7,28.9,28.1,29.9,4.95,1.99,4.96,0.16,0.0,0.0,1027.0,8228.0,0.0,0.0,0.0,0.0,0.0,1.0,0.0,0.0,0.0,0.0,0.0,-0.3,0.0,-0.4,0.0,0.0,16.0,25903.0
2026-07-30T19:03:00.229Z,349.712,349.728,0.0,7.4,0.0,0.0,0.0,0.0,0.0,0.0,0.0,0.0,1.0,0.0,0.0,0.0,9.0,4.0,0.0,0.0,0.0,0.0,0.0,0.0,0.0,0.0,2.0,12.0,1.0,12.2,5.0200000000000005,2.51,1.5,0.0,0.0,0.0,361.3,0.0,0.3,0.6000000000000001,0.4,-169.60000000000002,0.0,0.0,169.60000000000002,0.0,21.3,28.9,28.9,31.0,300.0,300.0,31.700000000000003,35.7,28.9,28.1,29.9,4.95,1.99,4.96,0.16,0.0,0.0,1027.0,8228.0,0.0,0.0,0.0,0.0,0.0,1.0,0.0,0.0,0.0,0.0,0.0,1.0,0.0,-0.2,0.0,0.0,16.0,25903.0
2026-07-30T19:03:00.243Z,349.726,349.74,0.0,7.4,0.0,0.0,0.0,0.0,0.0,0.0,0.0,0.0,1.0,0.0,0.0,0.0,9.0,4.0,0.0,0.0,0.0,0.0,0.0,0.0,0.0,0.0,3.0,12.0,1.0,12.17,5.01,2.51,1.49,0.0,0.0,0.0,361.3,0.0,-0.2,1.2000000000000002,-0.1,-169.60000000000002,0.0,0.0,169.60000000000002,0.0,21.9,28.9,28.9,31.0,300.0,300.0,31.6,35.7,28.9,28.1,29.9,4.95,2.0,4.96,0.16,0.0,0.0,1027.0,8228.0,0.0,0.0,0.0,0.0,0.0,1.0,0.0,0.0,0.0,0.0,0.0,1.2000000000000002,0.0,0.3,0.0,0.0,16.0,25903.0
2026-07-30T19:03:00.254Z,349.737,349.752,0.0,7.4,0.0,0.0,0.0,0.0,0.0,0.0,0.0,0.0,1.0,0.0,0.0,0.0,9.0,4.0,0.0,0.0,0.0,0.0,0.0,0.0,0.0,0.0,4.0,12.0,1.0,12.17,5.01,2.51,1.49,-0.1,0.1,0.0,361.4,0.0,-0.2,0.0,-0.1,-169.60000000000002,0.0,0.0,169.60000000000002,0.0,21.9,28.9,28.9,31.0,300.0,300.0,31.6,35.7,28.9,28.1,29.9,4.96,2.0,4.97,0.16,0.0,0.0,1027.0,8228.0,0.0,0.0,0.0,0.0,0.0,1.0,0.0,0.0,0.0,0.0,0.0,0.0,0.0,0.1,0.0,0.0,16.0,25903.0
2026-07-30T19:03:00.266Z,349.749,349.764,0.0,7.4,0.0,0.0,0.0,0.0,0.0,0.0,0.0,0.0,1.0,0.0,0.0,0.0,9.0,4.0,0.0,0.0,0.0,0.0,0.0,0.0,0.0,0.0,5.0,12.0,1.0,12.17,5.01,2.51,1.49,0.0,0.0,0.0,361.3,0.0,-0.8,-1.0,1.6,-169.60000000000002,0.0,0.0,169.60000000000002,0.0,21.9,28.9,28.9,31.0,300.0,300.0,31.6,35.7,28.9,28.1,29.9,4.96,1.99,4.96,0.16,0.0,0.0,1027.0,8228.0,0.0,0.0,0.0,0.0,0.0,1.0,0.0,0.0,0.0,0.0,0.0,0.0,0.0,-1.6,0.0,0.0,16.0,25903.0
2026-07-30T19:03:00.278Z,349.761,349.776,0.0,7.4,0.0,0.0,0.0,0.0,0.0,0.0,0.0,0.0,1.0,0.0,0.0,0.0,9.0,4.0,0.0,0.0,0.0,0.0,0.0,0.0,0.0,0.0,6.0,12.0,1.0,12.17,5.01,2.51,1.49,0.0,0.0,0.0,361.4,0.0,0.3,-0.4,-0.1,-169.60000000000002,0.0,0.0,169.70000000000002,0.0,21.9,28.9,28.9,31.0,300.0,300.0,31.6,35.7,28.9,28.1,29.9,4.96,1.99,4.97,0.16,0.0,0.0,1027.0,8228.0,0.0,0.0,0.0,0.0,0.0,1.0,0.0,0.0,0.0,0.0,0.0,-0.6000000000000001,0.0,0.0,0.0,0.0,16.0,25903.0
2026-07-30T19:03:00.290Z,349.773,349.788,0.0,7.4,0.0,0.0,0.0,0.0,0.0,0.0,0.0,0.0,1.0,0.0,0.0,0.0,9.0,4.0,0.0,0.0,0.0,0.0,0.0,0.0,0.0,0.0,1.0,12.0,1.0,12.17,5.01,2.51,1.49,0.0,0.0,0.0,361.4,0.0,-0.1,0.1,0.0,-169.60000000000002,0.0,0.0,169.60000000000002,0.0,21.9,28.9,28.9,31.0,300.0,300.0,31.6,35.7,28.9,28.1,29.9,4.96,1.99,4.97,0.15,0.0,0.0,1027.0,8228.0,0.0,0.0,0.0,0.0,0.0,1.0,0.0,0.0,0.0,0.0,0.0,0.0,0.0,0.1,0.0,0.0,16.0,25903.0
2026-07-30T19:03:00.302Z,349.785,349.8,0.0,7.4,0.0,0.0,0.0,0.0,0.0,0.0,0.0,0.0,1.0,0.0,0.0,0.0,9.0,4.0,0.0,0.0,0.0,0.0,0.0,0.0,0.0,0.0,2.0,12.0,1.0,12.17,5.01,2.51,1.49,0.0,0.1,0.0,361.4,0.0,-0.1,-1.0,-1.2000000000000002,-169.60000000000002,0.0,0.0,169.60000000000002,0.0,21.9,28.9,28.9,31.0,300.0,300.0,31.6,35.7,28.9,28.1,29.9,4.95,1.99,4.97,0.16,0.0,0.0,1027.0,8228.0,0.0,0.0,0.0,0.0,0.0,1.0,0.0,0.0,0.0,0.0,0.0,-2.1,0.0,0.8,0.0,0.0,16.0,25903.0
2026-07-30T19:03:00.314Z,349.797,349.812,0.0,7.4,0.0,0.0,0.0,0.0,0.0,0.0,0.0,0.0,1.0,0.0,0.0,0.0,9.0,4.0,0.0,0.0,0.0,0.0,0.0,0.0,0.0,0.0,4.0,12.0,1.0,12.17,5.01,2.51,1.49,0.0,0.0,0.0,361.4,0.0,-0.1,-1.6,-0.1,-169.60000000000002,0.0,0.0,169.70000000000002,0.0,21.9,28.9,28.9,31.0,300.0,300.0,31.6,35.7,28.9,28.1,29.9,4.95,1.99,4.96,0.16,0.0,0.0,1027.0,8228.0,0.0,0.0,0.0,0.0,0.0,1.0,0.0,0.0,0.0,0.0,0.0,-1.9,0.0,-0.1,0.0,0.0,16.0,25903.0
2026-07-30T19:03:00.325Z,349.808,349.824,0.0,7.4,0.0,0.0,0.0,0.0,0.0,0.0,0.0,0.0,1.0,0.0,0.0,0.0,9.0,4.0,0.0,0.0,0.0,0.0,0.0,0.0,0.0,0.0,5.0,12.0,1.0,12.17,5.01,2.51,1.49,0.0,0.1,0.0,361.4,0.0,-0.1,0.7000000000000001,0.9,-169.60000000000002,0.0,0.0,169.60000000000002,0.0,21.9,28.9,28.9,31.0,300.0,300.0,31.6,35.7,28.9,28.1,29.9,4.95,2.0,4.97,0.16,0.0,0.0,1027.0,8228.0,0.0,0.0,0.0,0.0,0.0,1.0,0.0,0.0,0.0,0.0,0.0,1.5,0.0,-0.7000000000000001,0.0,0.0,16.0,25903.0
2026-07-30T19:03:00.338Z,349.821,349.836,0.0,7.4,0.0,0.0,0.0,0.0,0.0,0.0,0.0,0.0,1.0,0.0,0.0,0.0,9.0,4.0,0.0,0.0,0.0,0.0,0.0,0.0,0.0,0.0,6.0,12.0,1.0,12.17,5.01,2.51,1.49,0.0,0.0,0.0,361.3,0.0,0.9,0.1,0.9,-169.60000000000002,0.0,0.0,169.60000000000002,0.0,21.9,28.9,28.9,31.0,300.0,300.0,31.6,35.7,28.9,28.1,29.9,4.95,1.99,4.97,0.16,0.0,0.0,1027.0,8228.0,0.0,0.0,0.0,0.0,0.0,1.0,0.0,0.0,0.0,0.0,0.0,0.9,0.0,-0.8,0.0,0.0,16.0,25903.0
2026-07-30T19:03:00.350Z,349.833,349.848,0.0,7.4,0.0,0.0,0.0,0.0,0.0,0.0,0.0,0.0,1.0,0.0,0.0,0.0,9.0,4.0,0.0,0.0,0.0,0.0,0.0,0.0,0.0,0.0,1.0,12.0,1.0,12.18,5.0200000000000005,2.5,1.49,0.0,0.0,0.0,361.3,0.0,-0.1,0.1,-0.7000000000000001,-169.60000000000002,0.0,0.0,169.60000000000002,0.0,21.200000000000003,28.9,28.9,31.0,300.0,300.0,31.6,35.7,28.9,28.1,29.9,4.96,1.99,4.96,0.16,0.0,0.0,1027.0,8228.0,0.0,0.0,0.0,0.0,0.0,1.0,0.0,0.0,0.0,0.0,0.0,-0.3,0.0,0.6000000000000001,0.0,0.0,16.0,25903.0
2026-07-30T19:03:00.362Z,349.845,349.86,0.0,7.4,0.0,0.0,0.0,0.0,0.0,0.0,0.0,0.0,1.0,0.0,0.0,0.0,9.0,4.0,0.0,0.0,0.0,0.0,0.0,0.0,0.0,0.0,3.0,12.0,1.0,12.18,5.0200000000000005,2.5,1.49,0.0,0.1,0.0,361.3,0.0,-0.1,-0.4,0.4,-169.60000000000002,0.0,0.0,169.60000000000002,0.0,21.200000000000003,28.9,28.9,31.0,300.0,300.0,31.6,35.7,28.9,28.1,29.9,4.95,1.99,4.96,0.16,0.0,0.0,1027.0,8228.0,0.0,0.0,0.0,0.0,0.0,1.0,0.0,0.0,0.0,0.0,0.0,-0.1,0.0,-0.4,0.0,0.0,16.0,25903.0
2026-07-30T19:03:00.374Z,349.857,349.872,0.0,7.4,0.0,0.0,0.0,0.0,0.0,0.0,0.0,0.0,1.0,0.0,0.0,0.0,9.0,4.0,0.0,0.0,0.0,0.0,0.0,0.0,0.0,0.0,4.0,12.0,1.0,12.18,5.0200000000000005,2.5,1.49,0.0,0.0,0.0,361.3,0.0,0.3,0.1,-0.1,-169.60000000000002,0.0,0.0,169.60000000000002,0.0,21.200000000000003,28.9,28.9,31.0,300.0,300.0,31.6,35.7,28.9,28.1,29.9,4.95,1.99,4.97,0.16,0.0,0.0,1027.0,8228.0,0.0,0.0,0.0,0.0,0.0,1.0,0.0,0.0,0.0,0.0,0.0,0.0,0.0,0.1,0.0,0.0,16.0,25903.0
2026-07-30T19:03:00.386Z,349.869,349.884,0.0,7.4,0.0,0.0,0.0,0.0,0.0,0.0,0.0,0.0,1.0,0.0,0.0,0.0,9.0,4.0,0.0,0.0,0.0,0.0,0.0,0.0,0.0,0.0,5.0,12.0,1.0,12.18,5.0200000000000005,2.5,1.49,0.0,0.0,0.0,361.4,0.0,0.3,1.3,0.9,-169.60000000000002,0.0,0.0,169.60000000000002,0.0,21.200000000000003,28.9,28.9,31.0,300.0,300.0,31.6,35.7,28.9,28.1,29.9,4.95,1.99,4.97,0.16,0.0,0.0,1027.0,8228.0,0.0,0.0,0.0,0.0,0.0,1.0,0.0,0.0,0.0,0.0,0.0,1.3,0.0,0.4,0.0,0.0,16.0,25903.0
2026-07-30T19:03:00.398Z,349.881,349.896,0.0,7.4,0.0,0.0,0.0,0.0,0.0,0.0,0.0,0.0,1.0,0.0,0.0,0.0,9.0,4.0,0.0,0.0,0.0,0.0,0.0,0.0,0.0,0.0,6.0,12.0,1.0,12.18,5.0200000000000005,2.5,1.49,0.0,0.0,0.0,361.3,0.0,-0.1,-0.4,0.3,-169.60000000000002,0.0,0.0,169.60000000000002,0.0,21.200000000000003,28.9,28.9,31.0,300.0,300.0,31.6,35.7,28.9,28.1,29.9,4.96,1.99,4.96,0.16,0.0,0.0,1027.0,8228.0,0.0,0.0,0.0,0.0,0.0,1.0,0.0,0.0,0.0,0.0,0.0,-2.6,0.0,1.5,0.0,0.0,16.0,25903.0
2026-07-30T19:03:00.410Z,349.893,349.908,0.0,7.4,0.0,0.0,0.0,0.0,0.0,0.0,0.0,0.0,1.0,0.0,0.0,0.0,9.0,4.0,0.0,0.0,0.0,0.0,0.0,0.0,0.0,0.0,1.0,12.0,1.0,12.18,5.0200000000000005,2.5,1.49,0.0,0.0,0.0,361.3,0.0,0.4,-1.0,-0.8,-169.60000000000002,0.0,0.0,169.60000000000002,0.0,21.200000000000003,28.9,28.9,31.0,300.0,300.0,31.6,35.7,28.9,28.1,29.9,4.95,1.99,4.97,0.16,0.0,0.0,1027.0,8228.0,0.0,0.0,0.0,0.0,0.0,1.0,0.0,0.0,0.0,0.0,0.0,1.4,0.0,-2.4000000000000004,0.0,0.0,16.0,25903.0
2026-07-30T19:03:00.422Z,349.905,349.92,0.0,7.4,0.0,0.0,0.0,0.0,0.0,0.0,0.0,0.0,1.0,0.0,0.0,0.0,9.0,4.0,0.0,0.0,0.0,0.0,0.0,0.0,0.0,0.0,2.0,12.0,1.0,12.18,5.0200000000000005,2.5,1.49,0.0,0.0,0.0,361.4,0.0,-0.2,0.6000000000000001,-0.2,-169.60000000000002,0.0,0.0,169.60000000000002,0.0,21.200000000000003,28.9,28.9,31.0,300.0,300.0,31.6,35.7,28.9,28.1,29.9,4.95,1.99,4.96,0.16,0.0,0.0,1027.0,8228.0,0.0,0.0,0.0,0.0,0.0,1.0,0.0,0.0,0.0,0.0,0.0,0.5,0.0,0.3,0.0,0.0,16.0,25903.0
2026-07-30T19:03:00.433Z,349.916,349.932,0.0,7.4,0.0,0.0,0.0,0.0,0.0,0.0,0.0,0.0,1.0,0.0,0.0,0.0,9.0,4.0,0.0,0.0,0.0,0.0,0.0,0.0,0.0,0.0,3.0,12.0,1.0,12.18,5.0200000000000005,2.5,1.49,0.0,0.0,0.0,361.4,0.0,-0.2,0.6000000000000001,0.2,-169.60000000000002,0.0,0.0,169.60000000000002,0.0,21.200000000000003,28.9,28.9,31.0,300.0,300.0,31.6,35.7,28.9,28.1,29.9,4.96,1.99,4.96,0.16,0.0,0.0,1027.0,8228.0,0.0,0.0,0.0,0.0,0.0,1.0,0.0,0.0,0.0,0.0,0.0,0.9,0.0,0.0,0.0,0.0,16.0,25903.0
2026-07-30T19:03:00.447Z,349.93,349.944,0.0,7.4,0.0,0.0,0.0,0.0,0.0,0.0,0.0,0.0,1.0,0.0,0.0,0.0,9.0,4.0,0.0,0.0,0.0,0.0,0.0,0.0,0.0,0.0,4.0,12.0,1.0,12.17,5.01,2.51,1.49,0.0,0.0,0.0,361.4,0.0,0.3,-0.5,0.8,-169.60000000000002,0.0,0.0,169.60000000000002,0.0,21.700000000000003,28.9,28.9,31.0,300.0,300.0,31.6,35.800000000000004,28.9,28.1,29.9,4.95,1.99,4.96,0.16,0.0,0.0,1027.0,8228.0,0.0,0.0,0.0,0.0,0.0,1.0,0.0,0.0,0.0,0.0,0.0,0.1,0.0,-0.8,0.0,0.0,16.0,25903.0
2026-07-30T19:03:00.458Z,349.941,349.956,0.0,7.4,0.0,0.0,0.0,0.0,0.0,0.0,0.0,0.0,1.0,0.0,0.0,0.0,9.0,4.0,0.0,0.0,0.0,0.0,0.0,0.0,0.0,0.0,5.0,12.0,1.0,12.17,5.01,2.51,1.49,0.0,0.0,0.0,361.3,0.0,-0.7000000000000001,-0.4,-0.2,-169.60000000000002,0.0,0.0,169.60000000000002,0.0,21.700000000000003,28.9,28.9,31.0,300.0,300.0,31.6,35.800000000000004,28.9,28.1,29.9,4.95,1.99,4.97,0.16,0.0,0.0,1027.0,8228.0,0.0,0.0,0.0,0.0,0.0,1.0,0.0,0.0,0.0,0.0,0.0,-0.7000000000000001,0.0,0.1,0.0,0.0,16.0,25903.0
2026-07-30T19:03:00.470Z,349.953,349.968,0.0,7.4,0.0,0.0,0.0,0.0,0.0,0.0,0.0,0.0,1.0,0.0,0.0,0.0,9.0,4.0,0.0,0.0,0.0,0.0,0.0,0.0,0.0,0.0,1.0,12.0,1.0,12.17,5.01,2.51,1.49,0.0,0.0,0.0,361.4,0.0,-0.1,0.1,0.3,-169.60000000000002,0.0,0.0,169.60000000000002,0.0,21.700000000000003,28.9,28.9,31.0,300.0,300.0,31.6,35.800000000000004,28.9,28.1,29.9,4.95,2.0,4.96,0.16,0.0,0.0,1027.0,8228.0,0.0,0.0,0.0,0.0,0.0,1.0,0.0,0.0,0.0,0.0,0.0,0.3,0.0,-0.2,0.0,0.0,16.0,25903.0
2026-07-30T19:03:00.482Z,349.965,349.98,0.0,7.4,0.0,0.0,0.0,0.0,0.0,0.0,0.0,0.0,1.0,0.0,0.0,0.0,9.0,4.0,0.0,0.0,0.0,0.0,0.0,0.0,0.0,0.0,2.0,12.0,1.0,12.17,5.01,2.51,1.49,0.0,0.0,0.0,361.4,0.0,0.3,0.7000000000000001,-0.8,-169.60000000000002,0.0,0.0,169.60000000000002,0.0,21.700000000000003,28.9,28.9,31.0,300.0,300.0,31.6,35.800000000000004,28.9,28.1,29.9,4.96,1.99,4.96,0.16,0.0,0.0,1027.0,8228.0,0.0,0.0,0.0,0.0,0.0,1.0,0.0,0.0,0.0,0.0,0.0,0.2,0.0,0.8,0.0,0.0,16.0,25903.0
2026-07-30T19:03:00.494Z,349.977,349.992,0.0,7.4,0.0,0.0,0.0,0.0,0.0,0.0,0.0,0.0,1.0,0.0,0.0,0.0,9.0,4.0,0.0,0.0,0.0,0.0,0.0,0.0,0.0,0.0,3.0,12.0,1.0,12.17,5.01,2.51,1.49,0.0,0.0,0.0,361.4,0.0,0.9,1.3,0.3,-169.60000000000002,0.0,0.0,169.60000000000002,0.0,21.700000000000003,28.9,28.9,31.0,300.0,300.0,31.6,35.800000000000004,28.9,28.1,29.9,4.95,1.99,4.97,0.16,0.0,0.0,1027.0,8228.0,0.0,0.0,0.0,0.0,0.0,1.0,0.0,0.0,0.0,0.0,0.0,1.7000000000000002,0.0,0.0,0.0,0.0,16.0,25903.0
2026-07-30T19:03:00.506Z,349.989,350.004,0.0,7.4,0.0,0.0,0.0,0.0,0.0,0.0,0.0,0.0,1.0,0.0,0.0,0.0,9.0,4.0,0.0,0.0,0.0,0.0,0.0,0.0,0.0,0.0,4.0,12.0,1.0,12.17,5.01,2.51,1.49,0.0,0.0,0.0,361.3,0.0,0.4,0.1,-1.4,-169.60000000000002,0.0,0.0,169.60000000000002,0.0,21.700000000000003,28.9,28.9,31.0,300.0,300.0,31.6,35.800000000000004,28.9,28.1,29.9,4.96,1.99,4.96,0.16,0.0,0.0,1027.0,8228.0,0.0,0.0,0.0,0.0,0.0,1.0,0.0,0.0,0.0,0.0,0.0,-0.8,0.0,1.2000000000000002,0.0,0.0,16.0,25903.0
2026-07-30T19:03:00.517Z,350.0,350.016,0.0,7.4,0.0,0.0,0.0,0.0,0.0,0.0,0.0,0.0,1.0,0.0,0.0,0.0,9.0,4.0,0.0,0.0,0.0,0.0,0.0,0.0,0.0,0.0,5.0,12.0,1.0,12.17,5.01,2.51,1.49,0.0,0.0,0.0,361.4,0.0,0.4,-0.3,-0.2,-169.60000000000002,0.0,0.0,169.60000000000002,0.0,21.700000000000003,28.9,28.9,31.0,300.0,300.0,31.6,35.800000000000004,28.9,28.1,29.9,4.96,2.0,4.97,0.16,0.0,0.0,1027.0,8228.0,0.0,0.0,0.0,0.0,0.0,1.0,0.0,0.0,0.0,0.0,0.0,-0.6000000000000001,0.0,0.0,0.0,0.0,16.0,25903.0
2026-07-30T19:03:00.530Z,350.013,350.028,0.0,7.4,0.0,0.0,0.0,0.0,0.0,0.0,0.0,0.0,1.0,0.0,0.0,0.0,9.0,4.0,0.0,0.0,0.0,0.0,0.0,0.0,0.0,0.0,6.0,12.0,1.0,12.17,5.01,2.51,1.49,0.0,0.0,0.0,361.4,0.0,-0.1,0.1,-0.1,-169.60000000000002,0.0,0.0,169.70000000000002,0.0,21.700000000000003,28.9,28.9,31.0,300.0,300.0,31.6,35.800000000000004,28.9,28.1,29.9,4.95,1.99,4.97,0.16,0.0,0.0,1027.0,8228.0,0.0,0.0,0.0,0.0,0.0,1.0,0.0,0.0,0.0,0.0,0.0,0.0,0.0,0.2,0.0,0.0,16.0,25903.0
2026-07-30T19:03:00.542Z,350.025,350.04,0.0,7.4,0.0,0.0,0.0,0.0,0.0,0.0,0.0,0.0,1.0,0.0,0.0,0.0,9.0,4.0,0.0,0.0,0.0,0.0,0.0,0.0,0.0,0.0,2.0,12.0,1.0,12.17,5.01,2.51,1.49,0.0,0.0,0.0,361.4,0.0,-0.1,0.2,-0.7000000000000001,-169.60000000000002,0.0,0.0,169.60000000000002,0.0,21.700000000000003,28.9,28.9,31.0,300.0,300.0,31.6,35.800000000000004,28.9,28.1,29.9,4.95,1.99,4.97,0.16,0.0,0.0,1027.0,8228.0,0.0,0.0,0.0,0.0,0.0,1.0,0.0,0.0,0.0,0.0,0.0,-0.3,0.0,0.7000000000000001,0.0,0.0,16.0,25903.0
2026-07-30T19:03:00.553Z,350.036,350.052,0.0,7.4,0.0,0.0,0.0,0.0,0.0,0.0,0.0,0.0,1.0,0.0,0.0,0.0,9.0,4.0,0.0,0.0,0.0,0.0,0.0,0.0,0.0,0.0,3.0,12.0,1.0,12.18,5.0200000000000005,2.51,1.49,0.0,0.0,0.0,361.4,0.0,-0.8,-1.5,1.0,-169.60000000000002,0.0,0.0,169.60000000000002,0.0,21.4,28.9,28.9,31.0,300.0,300.0,31.8,35.800000000000004,28.9,28.1,29.9,4.96,1.99,4.97,0.16,0.0,0.0,1027.0,8228.0,0.0,0.0,0.0,0.0,0.0,1.0,0.0,0.0,0.0,0.0,0.0,-1.0,0.0,-1.2000000000000002,0.0,0.0,16.0,25903.0
2026-07-30T19:03:00.566Z,350.049,350.064,0.0,7.4,0.0,0.0,0.0,0.0,0.0,0.0,0.0,0.0,1.0,0.0,0.0,0.0,9.0,4.0,0.0,0.0,0.0,0.0,0.0,0.0,0.0,0.0,4.0,12.0,1.0,12.18,5.0200000000000005,2.51,1.49,0.0,0.0,0.0,361.4,0.0,-0.8,0.2,-0.1,-169.60000000000002,0.0,0.0,169.60000000000002,0.0,21.4,28.9,28.9,31.0,300.0,300.0,31.8,35.800000000000004,28.9,28.1,29.9,4.96,1.99,4.97,0.16,0.0,0.0,1027.0,8228.0,0.0,0.0,0.0,0.0,0.0,1.0,0.0,0.0,0.0,0.0,0.0,0.1,0.0,0.1,0.0,0.0,16.0,25903.0
2026-07-30T19:03:00.578Z,350.061,350.076,0.0,7.4,0.0,0.0,0.0,0.0,0.0,0.0,0.0,0.0,1.0,0.0,0.0,0.0,9.0,4.0,0.0,0.0,0.0,0.0,0.0,0.0,0.0,0.0,6.0,12.0,1.0,12.18,5.0200000000000005,2.51,1.49,0.0,0.1,0.0,361.4,0.0,-0.2,-0.3,-0.6000000000000001,-169.60000000000002,0.0,0.0,169.60000000000002,0.0,21.4,28.9,28.9,31.0,300.0,300.0,31.8,35.800000000000004,28.9,28.1,29.9,4.96,1.99,4.97,0.16,0.0,0.0,1027.0,8228.0,0.0,0.0,0.0,0.0,0.0,1.0,0.0,0.0,0.0,0.0,0.0,-0.9,0.0,0.5,0.0,0.0,16.0,25903.0
2026-07-30T19:03:00.589Z,350.072,350.088,0.0,7.4,0.0,0.0,0.0,0.0,0.0,0.0,0.0,0.0,1.0,0.0,0.0,0.0,9.0,4.0,0.0,0.0,0.0,0.0,0.0,0.0,0.0,0.0,1.0,12.0,1.0,12.18,5.0200000000000005,2.51,1.49,0.0,0.0,0.0,361.4,0.0,-0.2,0.2,1.0,-169.60000000000002,0.0,0.0,169.60000000000002,0.0,21.4,28.9,28.9,31.0,300.0,300.0,31.8,35.800000000000004,28.9,28.1,29.9,4.96,1.99,4.96,0.16,0.0,0.0,1027.0,8228.0,0.0,0.0,0.0,0.0,0.0,1.0,0.0,0.0,0.0,0.0,0.0,1.0,0.0,-0.8,0.0,0.0,16.0,25903.0
2026-07-30T19:03:00.602Z,350.085,350.1,0.0,7.4,0.0,0.0,0.0,0.0,0.0,0.0,0.0,0.0,1.0,0.0,0.0,0.0,9.0,4.0,0.0,0.0,0.0,0.0,0.0,0.0,0.0,0.0,2.0,12.0,1.0,12.18,5.0200000000000005,2.51,1.49,0.0,0.0,0.0,361.4,0.0,0.9,-0.4,-0.7000000000000001,-169.60000000000002,0.0,0.0,169.60000000000002,0.0,21.4,28.9,28.9,31.0,300.0,300.0,31.8,35.800000000000004,28.9,28.1,29.9,4.95,2.0,4.96,0.16,0.0,0.0,1027.0,8228.0,0.0,0.0,0.0,0.0,0.0,1.0,0.0,0.0,0.0,0.0,0.0,-1.0,0.0,0.5,0.0,0.0,16.0,25903.0
2026-07-30T19:03:00.614Z,350.097,350.112,0.0,7.4,0.0,0.0,0.0,0.0,0.0,0.0,0.0,0.0,1.0,0.0,0.0,0.0,9.0,4.0,0.0,0.0,0.0,0.0,0.0,0.0,0.0,0.0,4.0,12.0,1.0,12.18,5.0200000000000005,2.51,1.49,0.0,0.0,0.0,361.4,0.0,0.3,1.2000000000000002,0.4,-169.60000000000002,0.0,0.0,169.70000000000002,0.0,21.4,28.9,28.9,31.0,300.0,300.0,31.8,35.800000000000004,28.9,28.1,29.9,4.95,1.99,4.97,0.16,0.0,0.0,1027.0,8228.0,0.0,0.0,0.0,0.0,0.0,1.0,0.0,0.0,0.0,0.0,0.0,1.7000000000000002,0.0,-0.1,0.0,0.0,16.0,25903.0
2026-07-30T19:03:00.626Z,350.109,350.124,0.0,7.4,0.0,0.0,0.0,0.0,0.0,0.0,0.0,0.0,1.0,0.0,0.0,0.0,9.0,4.0,0.0,0.0,0.0,0.0,0.0,0.0,0.0,0.0,5.0,12.0,1.0,12.18,5.0200000000000005,2.51,1.49,0.0,0.0,0.0,361.4,0.0,-0.2,0.7000000000000001,1.0,-169.60000000000002,0.0,0.0,169.60000000000002,0.0,21.4,28.9,28.9,31.0,300.0,300.0,31.8,35.800000000000004,28.9,28.1,29.9,4.96,1.99,4.97,0.16,0.0,0.0,1027.0,8228.0,0.0,0.0,0.0,0.0,0.0,1.0,0.0,0.0,0.0,0.0,0.0,1.5,0.0,-0.7000000000000001,0.0,0.0,16.0,25903.0
2026-07-30T19:03:00.638Z,350.121,350.136,0.0,7.4,0.0,0.0,0.0,0.0,0.0,0.0,0.0,0.0,1.0,0.0,0.0,0.0,9.0,4.0,0.0,0.0,0.0,0.0,0.0,0.0,0.0,0.0,6.0,12.0,1.0,12.18,5.0200000000000005,2.51,1.49,0.0,0.0,0.0,361.4,0.0,-0.3,-0.5,-0.1,-169.60000000000002,0.0,0.0,169.60000000000002,0.0,21.4,28.9,28.9,31.0,300.0,300.0,31.8,35.800000000000004,28.9,28.1,29.9,4.96,1.99,4.96,0.16,0.0,0.0,1027.0,8228.0,0.0,0.0,0.0,0.0,0.0,1.0,0.0,0.0,0.0,0.0,0.0,-0.7000000000000001,0.0,0.0,0.0,0.0,16.0,25903.0
2026-07-30T19:03:00.651Z,350.134,350.148,0.0,7.4,0.0,0.0,0.0,0.0,0.0,0.0,0.0,0.0,1.0,0.0,0.0,0.0,9.0,4.0,0.0,0.0,0.0,0.0,0.0,0.0,0.0,0.0,1.0,12.0,1.0,12.14,5.01,2.51,1.5,0.0,0.0,0.0,361.4,0.0,0.2,0.0,0.9,-169.60000000000002,0.0,0.0,169.60000000000002,0.0,21.3,28.9,28.9,31.0,300.0,300.0,31.8,35.800000000000004,28.9,28.1,30.0,4.95,1.99,4.97,0.16,0.0,0.0,1027.0,8228.0,0.0,0.0,0.0,0.0,0.0,1.0,0.0,0.0,0.0,0.0,0.0,0.7000000000000001,0.0,-0.8,0.0,0.0,16.0,25903.0
2026-07-30T19:03:00.662Z,350.145,350.16,0.0,7.4,0.0,0.0,0.0,0.0,0.0,0.0,0.0,0.0,1.0,0.0,0.0,0.0,9.0,4.0,0.0,0.0,0.0,0.0,0.0,0.0,0.0,0.0,2.0,12.0,1.0,12.14,5.01,2.51,1.5,0.0,0.0,0.0,361.3,0.0,0.8,1.2000000000000002,0.3,-169.60000000000002,0.0,0.0,169.60000000000002,0.0,21.3,28.9,28.9,31.0,300.0,300.0,31.8,35.800000000000004,28.9,28.1,30.0,4.95,1.99,4.97,0.16,0.0,0.0,1027.0,8228.0,0.0,0.0,0.0,0.0,0.0,1.0,0.0,0.0,0.0,0.0,0.0,1.6,0.0,0.0,0.0,0.0,16.0,25903.0
2026-07-30T19:03:00.674Z,350.157,350.172,0.0,7.4,0.0,0.0,0.0,0.0,0.0,0.0,0.0,0.0,1.0,0.0,0.0,0.0,9.0,4.0,0.0,0.0,0.0,0.0,0.0,0.0,0.0,0.0,3.0,12.0,1.0,12.14,5.01,2.51,1.5,0.0,0.1,0.0,361.4,0.0,0.2,-0.5,-2.0,-169.60000000000002,0.0,0.0,169.60000000000002,0.0,21.3,28.9,28.9,31.0,300.0,300.0,31.8,35.800000000000004,28.9,28.1,30.0,4.96,2.0,4.97,0.16,0.0,0.0,1027.0,8228.0,0.0,0.0,0.0,0.0,0.0,1.0,0.0,0.0,0.0,0.0,0.0,-2.1,0.0,1.6,0.0,0.0,16.0,25903.0
2026-07-30T19:03:00.686Z,350.169,350.184,0.0,7.4,0.0,0.0,0.0,0.0,0.0,0.0,0.0,0.0,1.0,0.0,0.0,0.0,9.0,4.0,0.0,0.0,0.0,0.0,0.0,0.0,0.0,0.0,4.0,12.0,1.0,12.14,5.01,2.51,1.5,0.0,0.0,0.0,361.4,0.0,-0.2,0.1,-0.2,-169.60000000000002,0.0,0.0,169.60000000000002,0.0,21.3,28.9,28.9,31.0,300.0,300.0,31.8,35.800000000000004,28.9,28.1,30.0,4.96,2.0,4.96,0.16,0.0,0.0,1027.0,8228.0,0.0,0.0,0.0,0.0,0.0,1.0,0.0,0.0,0.0,0.0,0.0,0.0,0.0,0.2,0.0,0.0,16.0,25903.0
2026-07-30T19:03:00.698Z,350.181,350.196,0.0,7.4,0.0,0.0,0.0,0.0,0.0,0.0,0.0,0.0,1.0,0.0,0.0,0.0,9.0,4.0,0.0,0.0,0.0,0.0,0.0,0.0,0.0,0.0,5.0,12.0,1.0,12.14,5.01,2.51,1.5,0.0,0.0,0.0,361.3,0.0,0.3,-1.0,-0.2,-169.60000000000002,0.0,0.0,169.70000000000002,0.0,21.3,28.9,28.9,31.0,300.0,300.0,31.8,35.800000000000004,28.9,28.1,30.0,4.96,1.99,4.97,0.16,0.0,0.0,1027.0,8228.0,0.0,0.0,0.0,0.0,0.0,1.0,0.0,0.0,0.0,0.0,0.0,-1.3,0.0,0.0,0.0,0.0,16.0,25903.0
2026-07-30T19:03:00.710Z,350.193,350.208,0.0,7.4,0.0,0.0,0.0,0.0,0.0,0.0,0.0,0.0,1.0,0.0,0.0,0.0,9.0,4.0,0.0,0.0,0.0,0.0,0.0,0.0,0.0,0.0,6.0,12.0,1.0,12.14,5.01,2.51,1.5,0.0,0.0,0.0,361.4,0.0,-0.2,1.8,0.8,-169.60000000000002,0.0,0.0,169.70000000000002,0.0,21.3,28.9,28.9,31.0,300.0,300.0,31.8,35.800000000000004,28.9,28.1,30.0,4.96,1.99,4.96,0.16,0.0,0.0,1027.0,8228.0,0.0,0.0,0.0,0.0,0.0,1.0,0.0,0.0,0.0,0.0,0.0,2.7,0.0,-0.3,0.0,0.0,16.0,25903.0
2026-07-30T19:03:00.722Z,350.205,350.22,0.0,7.4,0.0,0.0,0.0,0.0,0.0,0.0,0.0,0.0,1.0,0.0,0.0,0.0,9.0,4.0,0.0,0.0,0.0,0.0,0.0,0.0,0.0,0.0,2.0,12.0,1.0,12.14,5.01,2.51,1.5,0.0,0.0,0.0,361.4,0.0,0.3,0.1,1.4,-169.60000000000002,0.0,0.0,169.70000000000002,0.0,21.3,28.9,28.9,31.0,300.0,300.0,31.8,35.800000000000004,28.9,28.1,30.0,4.96,1.99,4.96,0.16,0.0,0.0,1027.0,8228.0,0.0,0.0,0.0,0.0,0.0,1.0,0.0,0.0,0.0,0.0,0.0,1.2000000000000002,0.0,-1.2000000000000002,0.0,0.0,16.0,25903.0
2026-07-30T19:03:00.735Z,350.218,350.232,0.0,7.4,0.0,0.0,0.0,0.0,0.0,0.0,0.0,0.0,1.0,0.0,0.0,0.0,9.0,4.0,0.0,0.0,0.0,0.0,0.0,0.0,0.0,0.0,3.0,12.0,1.0,12.14,5.01,2.51,1.5,0.0,0.0,0.0,361.4,0.0,-0.2,-0.4,-0.2,-169.60000000000002,0.0,0.0,169.70000000000002,0.0,21.3,28.9,28.9,31.0,300.0,300.0,31.8,35.800000000000004,28.9,28.1,30.0,4.95,1.99,4.97,0.16,0.0,0.0,1027.0,8228.0,0.0,0.0,0.0,0.0,0.0,1.0,0.0,0.0,0.0,0.0,0.0,-0.6000000000000001,0.0,0.1,0.0,0.0,16.0,25903.0
2026-07-30T19:03:00.746Z,350.229,350.244,0.0,7.4,0.0,0.0,0.0,0.0,0.0,0.0,0.0,0.0,1.0,0.0,0.0,0.0,9.0,4.0,0.0,0.0,0.0,0.0,0.0,0.0,0.0,0.0,4.0,12.0,1.0,12.14,5.01,2.51,1.5,0.0,0.0,0.0,361.4,0.0,0.3,0.7000000000000001,-0.1,-169.60000000000002,0.0,0.0,169.60000000000002,0.0,21.3,28.9,28.9,31.0,300.0,300.0,31.8,35.800000000000004,28.9,28.1,30.0,4.95,1.99,4.97,0.16,0.0,0.0,1027.0,8228.0,0.0,0.0,0.0,0.0,0.0,1.0,0.0,0.0,0.0,0.0,0.0,0.6000000000000001,0.0,0.3,0.0,0.0,16.0,25903.0
2026-07-30T19:03:00.758Z,350.241,350.25600000000003,0.0,7.4,0.0,0.0,0.0,0.0,0.0,0.0,0.0,0.0,1.0,0.0,0.0,0.0,9.0,4.0,0.0,0.0,0.0,0.0,0.0,0.0,0.0,0.0,5.0,12.0,1.0,12.18,5.0200000000000005,2.51,1.49,0.0,0.0,0.0,361.4,0.0,-0.2,-0.4,-0.1,-169.60000000000002,0.0,0.0,169.70000000000002,0.0,21.3,28.9,28.9,31.0,300.0,300.0,31.9,35.800000000000004,28.9,28.1,29.9,4.95,1.99,4.96,0.16,0.0,0.0,1027.0,8228.0,0.0,0.0,0.0,0.0,0.0,1.0,0.0,0.0,0.0,0.0,0.0,-0.6000000000000001,0.0,0.0,0.0,0.0,16.0,25903.0
2026-07-30T19:03:00.770Z,350.253,350.26800000000003,0.0,7.4,0.0,0.0,0.0,0.0,0.0,0.0,0.0,0.0,1.0,0.0,0.0,0.0,9.0,4.0,0.0,0.0,0.0,0.0,0.0,0.0,0.0,0.0,1.0,12.0,1.0,12.18,5.0200000000000005,2.51,1.49,0.0,0.0,0.0,361.4,0.0,0.3,1.9,1.5,-169.60000000000002,0.0,0.0,169.70000000000002,0.0,21.3,28.9,28.9,31.0,300.0,300.0,31.9,35.800000000000004,28.9,28.1,29.9,4.95,1.99,4.96,0.16,0.0,0.0,1027.0,8228.0,0.0,0.0,0.0,0.0,0.0,1.0,0.0,0.0,0.0,0.0,0.0,3.3000000000000003,0.0,-0.9,0.0,0.0,16.0,25903.0
2026-07-30T19:03:00.782Z,350.265,350.28000000000003,0.0,7.4,0.0,0.0,0.0,0.0,0.0,0.0,0.0,0.0,1.0,0.0,0.0,0.0,9.0,4.0,0.0,0.0,0.0,0.0,0.0,0.0,0.0,0.0,2.0,12.0,1.0,12.18,5.0200000000000005,2.51,1.49,0.0,0.1,0.0,361.4,0.0,0.4,-0.4,-1.3,-169.60000000000002,0.0,0.0,169.70000000000002,0.0,21.3,28.9,28.9,31.0,300.0,300.0,31.9,35.800000000000004,28.9,28.1,29.9,4.95,1.99,4.97,0.16,0.0,0.0,1027.0,8228.0,0.0,0.0,0.0,0.0,0.0,1.0,0.0,0.0,0.0,0.0,0.0,-1.4,0.0,1.0,0.0,0.0,16.0,25903.0
2026-07-30T19:03:00.794Z,350.277,350.29200000000003,0.0,7.4,0.0,0.0,0.0,0.0,0.0,0.0,0.0,0.0,1.0,0.0,0.0,0.0,9.0,4.0,0.0,0.0,0.0,0.0,0.0,0.0,0.0,0.0,3.0,12.0,1.0,12.18,5.0200000000000005,2.51,1.49,0.0,0.0,0.0,361.4,0.0,-0.1,0.1,-1.2000000000000002,-169.60000000000002,0.0,0.0,169.60000000000002,0.0,21.3,28.9,28.9,31.0,300.0,300.0,31.9,35.800000000000004,28.9,28.1,29.9,4.96,1.99,4.97,0.16,0.0,0.0,1027.0,8228.0,0.0,0.0,0.0,0.0,0.0,1.0,0.0,0.0,0.0,0.0,0.0,-0.7000000000000001,0.0,1.1,0.0,0.0,16.0,25903.0
2026-07-30T19:03:00.806Z,350.289,350.30400000000003,0.0,7.4,0.0,0.0,0.0,0.0,0.0,0.0,0.0,0.0,1.0,0.0,0.0,0.0,9.0,4.0,0.0,0.0,0.0,0.0,0.0,0.0,0.0,0.0,4.0,12.0,1.0,12.18,5.0200000000000005,2.51,1.49,0.0,0.0,0.0,361.4,0.0,-0.7000000000000001,1.2000000000000002,1.6,-169.60000000000002,0.0,0.0,169.60000000000002,0.0,21.3,28.9,28.9,31.0,300.0,300.0,31.9,35.800000000000004,28.9,28.1,29.9,4.96,1.99,4.96,0.16,0.0,0.0,1027.0,8228.0,0.0,0.0,0.0,0.0,0.0,1.0,0.0,0.0,0.0,0.0,0.0,2.6,0.0,-1.1,0.0,0.0,16.0,25903.0
2026-07-30T19:03:00.818Z,350.301,350.31600000000003,0.0,7.4,0.0,0.0,0.0,0.0,0.0,0.0,0.0,0.0,1.0,0.0,0.0,0.0,9.0,4.0,0.0,0.0,0.0,0.0,0.0,0.0,0.0,0.0,5.0,12.0,1.0,12.18,5.0200000000000005,2.51,1.49,0.0,0.0,0.0,361.4,0.0,1.0,0.1,-0.1,-169.60000000000002,0.0,0.0,169.70000000000002,0.0,21.3,28.9,28.9,31.0,300.0,300.0,31.9,35.800000000000004,28.9,28.1,29.9,4.95,2.0,4.96,0.16,0.0,0.0,1027.0,8228.0,0.0,0.0,0.0,0.0,0.0,1.0,0.0,0.0,0.0,0.0,0.0,0.0,0.0,0.1,0.0,0.0,16.0,25903.0
2026-07-30T19:03:00.830Z,350.313,350.32800000000003,0.0,7.4,0.0,0.0,0.0,0.0,0.0,0.0,0.0,0.0,1.0,0.0,0.0,0.0,9.0,4.0,0.0,0.0,0.0,0.0,0.0,0.0,0.0,0.0,6.0,12.0,1.0,12.18,5.0200000000000005,2.51,1.49,0.0,0.0,0.0,361.4,0.0,-0.1,1.3,0.4,-169.60000000000002,0.0,0.0,169.60000000000002,0.0,21.3,28.9,28.9,31.0,300.0,300.0,31.9,35.800000000000004,28.9,28.1,29.9,4.96,2.0,4.96,0.16,0.0,0.0,1027.0,8228.0,0.0,0.0,0.0,0.0,0.0,1.0,0.0,0.0,0.0,0.0,0.0,1.8,0.0,-0.1,0.0,0.0,16.0,25903.0
2026-07-30T19:03:00.841Z,350.324,350.34000000000003,0.0,7.4,0.0,0.0,0.0,0.0,0.0,0.0,0.0,0.0,1.0,0.0,0.0,0.0,9.0,4.0,0.0,0.0,0.0,0.0,0.0,0.0,0.0,0.0,1.0,12.0,1.0,12.18,5.0200000000000005,2.51,1.49,0.0,0.0,0.0,361.3,0.0,0.4,-1.5,-1.2000000000000002,-169.60000000000002,0.0,0.0,169.60000000000002,0.0,21.3,28.9,28.9,31.0,300.0,300.0,31.9,35.800000000000004,28.9,28.1,29.9,4.96,2.0,4.96,0.16,0.0,0.0,1027.0,8228.0,0.0,0.0,0.0,0.0,0.0,1.0,0.0,0.0,0.0,0.0,0.0,-2.7,0.0,0.7000000000000001,0.0,0.0,16.0,25903.0
2026-07-30T19:03:00.855Z,350.338,350.35200000000003,0.0,7.4,0.0,0.0,0.0,0.0,0.0,0.0,0.0,0.0,1.0,0.0,0.0,0.0,9.0,4.0,0.0,0.0,0.0,0.0,0.0,0.0,0.0,0.0,2.0,12.0,1.0,12.17,5.0200000000000005,2.51,1.49,0.0,0.0,0.0,361.3,0.0,-0.1,-0.4,-1.2000000000000002,-169.60000000000002,0.0,0.0,169.60000000000002,0.0,21.4,28.9,28.9,31.0,300.0,300.0,31.8,35.800000000000004,28.9,28.1,29.9,4.96,1.99,4.97,0.16,0.0,0.0,1027.0,8228.0,0.0,0.0,0.0,0.0,0.0,1.0,0.0,0.0,0.0,0.0,0.0,-1.4,0.0,0.9,0.0,0.0,16.0,25903.0
2026-07-30T19:03:00.866Z,350.349,350.36400000000003,0.0,7.4,0.0,0.0,0.0,0.0,0.0,0.0,0.0,0.0,1.0,0.0,0.0,0.0,9.0,4.0,0.0,0.0,0.0,0.0,0.0,0.0,0.0,0.0,3.0,12.0,1.0,12.17,5.0200000000000005,2.51,1.49,0.0,0.0,0.0,361.3,0.0,0.4,0.1,0.0,-169.60000000000002,0.0,0.0,169.60000000000002,0.0,21.4,28.9,28.9,31.0,300.0,300.0,31.8,35.800000000000004,28.9,28.1,29.9,4.95,1.99,4.97,0.16,0.0,0.0,1027.0,8228.0,0.0,0.0,0.0,0.0,0.0,1.0,0.0,0.0,0.0,0.0,0.0,0.1,0.0,0.1,0.0,0.0,16.0,25903.0
2026-07-30T19:03:00.878Z,350.361,350.37600000000003,0.0,7.4,0.0,0.0,0.0,0.0,0.0,0.0,0.0,0.0,1.0,0.0,0.0,0.0,9.0,4.0,0.0,0.0,0.0,0.0,0.0,0.0,0.0,0.0,4.0,12.0,1.0,12.17,5.0200000000000005,2.51,1.49,0.0,0.0,0.0,361.4,0.0,-0.1,0.7000000000000001,0.0,-169.60000000000002,0.0,0.0,169.60000000000002,0.0,21.4,28.9,28.9,31.0,300.0,300.0,31.8,35.800000000000004,28.9,28.1,29.9,4.96,1.99,4.96,0.16,0.0,0.0,1027.0,8228.0,0.0,0.0,0.0,0.0,0.0,1.0,0.0,0.0,0.0,0.0,0.0,0.8,0.0,0.2,0.0,0.0,16.0,25903.0
2026-07-30T19:03:00.890Z,350.373,350.38800000000003,0.0,7.4,0.0,0.0,0.0,0.0,0.0,0.0,0.0,0.0,1.0,0.0,0.0,0.0,9.0,4.0,0.0,0.0,0.0,0.0,0.0,0.0,0.0,0.0,6.0,12.0,1.0,12.17,5.0200000000000005,2.51,1.49,0.0,0.0,0.0,361.4,0.0,-0.1,-0.9,-0.1,-169.60000000000002,0.0,0.0,169.60000000000002,0.0,21.4,28.9,28.9,31.0,300.0,300.0,31.8,35.800000000000004,28.9,28.1,29.9,4.95,1.99,4.96,0.16,0.0,0.0,1027.0,8228.0,0.0,0.0,0.0,0.0,0.0,1.0,0.0,0.0,0.0,0.0,0.0,-1.2000000000000002,0.0,-0.1,0.0,0.0,16.0,25903.0
2026-07-30T19:03:00.902Z,350.385,350.40000000000003,0.0,7.4,0.0,0.0,0.0,0.0,0.0,0.0,0.0,0.0,1.0,0.0,0.0,0.0,9.0,4.0,0.0,0.0,0.0,0.0,0.0,0.0,0.0,0.0,1.0,12.0,1.0,12.17,5.0200000000000005,2.51,1.49,0.0,0.0,0.0,361.4,0.0,0.9,0.7000000000000001,-0.6000000000000001,-169.60000000000002,0.0,0.0,169.70000000000002,0.0,21.4,28.9,28.9,31.0,300.0,300.0,31.8,35.800000000000004,28.9,28.1,29.9,4.95,2.0,4.96,0.16,0.0,0.0,1027.0,8228.0,0.0,0.0,0.0,0.0,0.0,1.0,0.0,0.0,0.0,0.0,0.0,0.9,0.0,-0.9,0.0,0.0,16.0,25903.0
2026-07-30T19:03:00.914Z,350.397,350.41200000000003,0.0,7.4,0.0,0.0,0.0,0.0,0.0,0.0,0.0,0.0,1.0,0.0,0.0,0.0,9.0,4.0,0.0,0.0,0.0,0.0,0.0,0.0,0.0,0.0,2.0,12.0,1.0,12.17,5.0200000000000005,2.51,1.49,0.0,0.0,0.0,361.3,0.0,-0.8,-1.0,-1.3,-169.60000000000002,0.0,0.0,169.70000000000002,0.0,21.4,28.9,28.9,31.0,300.0,300.0,31.8,35.800000000000004,28.9,28.1,29.9,4.96,1.99,4.96,0.16,0.0,0.0,1027.0,8228.0,0.0,0.0,0.0,0.0,0.0,1.0,0.0,0.0,0.0,0.0,0.0,0.7000000000000001,0.0,0.2,0.0,0.0,16.0,25903.0
2026-07-30T19:03:00.926Z,350.409,350.42400000000004,0.0,7.4,0.0,0.0,0.0,0.0,0.0,0.0,0.0,0.0,1.0,0.0,0.0,0.0,9.0,4.0,0.0,0.0,0.0,0.0,0.0,0.0,0.0,0.0,3.0,12.0,1.0,12.17,5.0200000000000005,2.51,1.49,0.0,0.0,0.0,361.4,0.0,-0.2,0.0,-0.1,-169.60000000000002,0.0,0.0,169.70000000000002,0.0,21.4,28.9,28.9,31.0,300.0,300.0,31.8,35.800000000000004,28.9,28.1,29.9,4.95,1.99,4.97,0.16,0.0,0.0,1027.0,8228.0,0.0,0.0,0.0,0.0,0.0,1.0,0.0,0.0,0.0,0.0,0.0,-0.2,0.0,-0.4,0.0,0.0,16.0,25903.0
2026-07-30T19:03:00.938Z,350.421,350.43600000000004,0.0,7.4,0.0,0.0,0.0,0.0,0.0,0.0,0.0,0.0,1.0,0.0,0.0,0.0,9.0,4.0,0.0,0.0,0.0,0.0,0.0,0.0,0.0,0.0,4.0,12.0,1.0,12.17,5.0200000000000005,2.51,1.49,0.0,0.0,0.0,361.4,0.0,0.3,0.0,-0.1,-169.60000000000002,0.0,0.0,169.70000000000002,0.0,21.4,28.9,28.9,31.0,300.0,300.0,31.8,35.800000000000004,28.9,28.1,29.9,4.95,1.99,4.97,0.16,0.0,0.0,1027.0,8228.0,0.0,0.0,0.0,0.0,0.0,1.0,0.0,0.0,0.0,0.0,0.0,0.0,0.0,0.1,0.0,0.0,16.0,25903.0
2026-07-30T19:03:00.950Z,350.433,350.448,0.0,7.4,0.0,0.0,0.0,0.0,0.0,0.0,0.0,0.0,1.0,0.0,0.0,0.0,9.0,4.0,0.0,0.0,0.0,0.0,0.0,0.0,0.0,0.0,5.0,12.0,1.0,12.17,5.0200000000000005,2.51,1.49,0.0,0.0,0.0,361.4,0.0,-0.2,0.0,-0.2,-169.60000000000002,0.0,0.0,169.70000000000002,0.0,21.4,28.9,28.9,31.0,300.0,300.0,31.8,35.800000000000004,28.9,28.1,29.9,4.95,1.99,4.97,0.16,0.0,0.0,1027.0,8228.0,0.0,0.0,0.0,0.0,0.0,1.0,0.0,0.0,0.0,0.0,0.0,0.0,0.0,0.2,0.0,0.0,16.0,25903.0
2026-07-30T19:03:00.962Z,350.445,350.46,0.0,7.4,0.0,0.0,0.0,0.0,0.0,0.0,0.0,0.0,1.0,0.0,0.0,0.0,9.0,4.0,0.0,0.0,0.0,0.0,0.0,0.0,0.0,0.0,6.0,12.0,1.0,12.18,5.01,2.51,1.49,0.0,0.1,0.0,361.4,0.0,0.3,0.6000000000000001,0.3,-169.60000000000002,0.0,0.0,169.8,0.0,21.700000000000003,28.9,28.9,31.0,300.0,300.0,31.8,35.800000000000004,28.9,28.1,29.9,4.96,1.99,4.97,0.16,0.0,0.0,1027.0,8228.0,0.0,0.0,0.0,0.0,0.0,1.0,0.0,0.0,0.0,0.0,0.0,1.0,0.0,-0.1,0.0,0.0,16.0,25903.0
2026-07-30T19:03:00.973Z,350.456,350.472,0.0,7.4,0.0,0.0,0.0,0.0,0.0,0.0,0.0,0.0,1.0,0.0,0.0,0.0,9.0,4.0,0.0,0.0,0.0,0.0,0.0,0.0,0.0,0.0,1.0,12.0,1.0,12.18,5.01,2.51,1.49,0.0,0.0,0.0,361.4,0.0,0.3,-0.5,-1.3,-169.60000000000002,0.0,0.0,169.8,0.0,21.700000000000003,28.9,28.9,31.0,300.0,300.0,31.8,35.800000000000004,28.9,28.1,29.9,4.95,1.99,4.97,0.16,0.0,0.0,1027.0,8228.0,0.0,0.0,0.0,0.0,0.0,1.0,0.0,0.0,0.0,0.0,0.0,-1.6,0.0,1.1,0.0,0.0,16.0,25903.0
2026-07-30T19:03:00.986Z,350.469,350.484,0.0,7.4,0.0,0.0,0.0,0.0,0.0,0.0,0.0,0.0,1.0,0.0,0.0,0.0,9.0,4.0,0.0,0.0,0.0,0.0,0.0,0.0,0.0,0.0,2.0,12.0,1.0,12.18,5.01,2.51,1.49,0.0,0.1,0.0,361.4,0.0,0.3,-0.4,0.4,-169.60000000000002,0.0,0.0,169.70000000000002,0.0,21.700000000000003,28.9,28.9,31.0,300.0,300.0,31.8,35.800000000000004,28.9,28.1,29.9,4.96,1.99,4.96,0.16,0.0,0.0,1027.0,8228.0,0.0,0.0,0.0,0.0,0.0,1.0,0.0,0.0,0.0,0.0,0.0,-0.2,0.0,-0.4,0.0,0.0,16.0,25903.0
2026-07-30T19:03:00.997Z,350.48,350.496,0.0,7.4,0.0,0.0,0.0,0.0,0.0,0.0,0.0,0.0,1.0,0.0,0.0,0.0,9.0,4.0,0.0,0.0,0.0,0.0,0.0,0.0,0.0,0.0,3.0,12.0,1.0,12.18,5.01,2.51,1.49,0.1,0.0,0.0,361.4,0.0,-0.2,1.2000000000000002,-0.1,-169.60000000000002,0.0,0.0,169.70000000000002,0.0,21.700000000000003,28.9,28.9,31.0,300.0,300.0,31.8,35.800000000000004,28.9,28.1,29.9,4.96,1.99,4.97,0.16,0.0,0.0,1027.0,8228.0,0.0,0.0,0.0,0.0,0.0,1.0,0.0,0.0,0.0,0.0,0.0,1.2000000000000002,0.0,0.4,0.0,0.0,16.0,25903.0
2026-07-30T19:03:01.009Z,350.492,350.508,0.0,7.4,0.0,0.0,0.0,0.0,0.0,0.0,0.0,0.0,1.0,0.0,0.0,0.0,9.0,4.0,0.0,0.0,0.0,0.0,0.0,0.0,0.0,0.0,4.0,12.0,1.0,12.18,5.01,2.51,1.49,0.0,0.0,0.0,361.3,0.0,-0.8,0.1,-0.1,-169.60000000000002,0.0,0.0,169.70000000000002,0.0,21.700000000000003,28.9,28.9,31.0,300.0,300.0,31.8,35.800000000000004,28.9,28.1,29.9,4.95,1.99,4.97,0.16,0.0,0.0,1027.0,8228.0,0.0,0.0,0.0,0.0,0.0,1.0,0.0,0.0,0.0,0.0,0.0,0.0,0.0,0.1,0.0,0.0,16.0,25903.0
2026-07-30T19:03:01.022Z,350.505,350.52,0.0,7.4,0.0,0.0,0.0,0.0,0.0,0.0,0.0,0.0,1.0,0.0,0.0,0.0,9.0,4.0,0.0,0.0,0.0,0.0,0.0,0.0,0.0,0.0,5.0,12.0,1.0,12.18,5.01,2.51,1.49,0.0,0.1,0.0,361.4,0.0,-0.2,-0.5,1.0,-169.60000000000002,0.0,0.0,169.70000000000002,0.0,21.700000000000003,28.9,28.9,31.0,300.0,300.0,31.8,35.800000000000004,28.9,28.1,29.9,4.95,1.99,4.97,0.16,0.0,0.0,1027.0,8228.0,0.0,0.0,0.0,0.0,0.0,1.0,0.0,0.0,0.0,0.0,0.0,0.2,0.0,-1.0,0.0,0.0,16.0,25903.0
2026-07-30T19:03:01.033Z,350.516,350.532,0.0,7.4,0.0,0.0,0.0,0.0,0.0,0.0,0.0,0.0,1.0,0.0,0.0,0.0,9.0,4.0,0.0,0.0,0.0,0.0,0.0,0.0,0.0,0.0,1.0,12.0,1.0,12.18,5.01,2.51,1.49,0.0,0.0,0.0,361.4,0.0,-0.2,0.0,-0.1,-169.60000000000002,0.0,0.0,169.70000000000002,0.0,21.700000000000003,28.9,28.9,31.0,300.0,300.0,31.8,35.800000000000004,28.9,28.1,29.9,4.96,1.99,4.96,0.16,0.0,0.0,1027.0,8228.0,0.0,0.0,0.0,0.0,0.0,1.0,0.0,0.0,0.0,0.0,0.0,0.0,0.0,0.1,0.0,0.0,16.0,25903.0
2026-07-30T19:03:01.045Z,350.528,350.544,0.0,7.4,0.0,0.0,0.0,0.0,0.0,0.0,0.0,0.0,1.0,0.0,0.0,0.0,9.0,4.0,0.0,0.0,0.0,0.0,0.0,0.0,0.0,0.0,2.0,12.0,1.0,12.18,5.01,2.51,1.49,0.0,0.0,0.0,361.4,0.0,0.9,0.6000000000000001,1.5,-169.60000000000002,0.0,0.0,169.70000000000002,0.0,21.700000000000003,28.9,28.9,31.0,300.0,300.0,31.8,35.800000000000004,28.9,28.1,29.9,4.96,1.99,4.97,0.16,0.0,0.0,1027.0,8228.0,0.0,0.0,0.0,0.0,0.0,1.0,0.0,0.0,0.0,0.0,0.0,1.8,0.0,-1.2000000000000002,0.0,0.0,16.0,25903.0
2026-07-30T19:03:01.059Z,350.542,350.556,0.0,7.4,0.0,0.0,0.0,0.0,0.0,0.0,0.0,0.0,1.0,0.0,0.0,0.0,9.0,4.0,0.0,0.0,0.0,0.0,0.0,0.0,0.0,0.0,4.0,12.0,1.0,12.17,5.0200000000000005,2.51,1.49,0.0,0.0,0.0,361.4,0.0,-0.3,0.6000000000000001,-0.2,-169.60000000000002,0.0,0.0,169.60000000000002,0.0,21.700000000000003,28.9,28.9,31.0,300.0,300.0,31.8,35.800000000000004,28.9,28.1,29.9,4.95,1.99,4.97,0.16,0.0,0.0,1027.0,8228.0,0.0,0.0,0.0,0.0,0.0,1.0,0.0,0.0,0.0,0.0,0.0,0.5,0.0,0.3,0.0,0.0,16.0,25903.0
2026-07-30T19:03:01.069Z,350.552,350.568,0.0,7.4,0.0,0.0,0.0,0.0,0.0,0.0,0.0,0.0,1.0,0.0,0.0,0.0,9.0,4.0,0.0,0.0,0.0,0.0,0.0,0.0,0.0,0.0,5.0,12.0,1.0,12.17,5.0200000000000005,2.51,1.49,0.0,0.0,0.0,361.3,0.0,0.2,1.2000000000000002,0.3,-169.60000000000002,0.0,0.0,169.60000000000002,0.0,21.700000000000003,28.9,28.9,31.0,300.0,300.0,31.8,35.800000000000004,28.9,28.1,29.9,4.96,1.99,4.96,0.16,0.0,0.0,1027.0,8228.0,0.0,0.0,0.0,0.0,0.0,1.0,0.0,0.0,0.0,0.0,0.0,1.6,0.0,0.0,0.0,0.0,16.0,25903.0
2026-07-30T19:03:01.082Z,350.565,350.58,0.0,7.4,0.0,0.0,0.0,0.0,0.0,0.0,0.0,0.0,1.0,0.0,0.0,0.0,9.0,4.0,0.0,0.0,0.0,0.0,0.0,0.0,0.0,0.0,6.0,12.0,1.0,12.17,5.0200000000000005,2.51,1.49,0.0,0.0,0.0,361.4,0.0,-0.3,-1.1,-0.2,-169.60000000000002,0.0,0.0,169.60000000000002,0.0,21.700000000000003,28.9,28.9,31.0,300.0,300.0,31.8,35.800000000000004,28.9,28.1,29.9,4.95,2.0,4.97,0.16,0.0,0.0,1027.0,8228.0,0.0,0.0,0.0,0.0,0.0,1.0,0.0,0.0,0.0,0.0,0.0,-1.4,0.0,0.0,0.0,0.0,16.0,25903.0
2026-07-30T19:03:01.093Z,350.576,350.592,0.0,7.4,0.0,0.0,0.0,0.0,0.0,0.0,0.0,0.0,1.0,0.0,0.0,0.0,9.0,4.0,0.0,0.0,0.0,0.0,0.0,0.0,0.0,0.0,1.0,12.0,1.0,12.17,5.0200000000000005,2.51,1.49,0.0,0.0,0.0,361.4,0.0,-0.2,0.6000000000000001,-0.8,-169.60000000000002,0.0,0.0,169.60000000000002,0.0,21.700000000000003,28.9,28.9,31.0,300.0,300.0,31.8,35.800000000000004,28.9,28.1,29.9,4.95,1.99,4.97,0.16,0.0,0.0,1027.0,8228.0,0.0,0.0,0.0,0.0,0.0,1.0,0.0,0.0,0.0,0.0,0.0,0.1,0.0,0.8,0.0,0.0,16.0,25903.0
2026-07-30T19:03:01.106Z,350.589,350.604,0.0,7.4,0.0,0.0,0.0,0.0,0.0,0.0,0.0,0.0,1.0,0.0,0.0,0.0,9.0,4.0,0.0,0.0,0.0,0.0,0.0,0.0,0.0,0.0,2.0,12.0,1.0,12.17,5.0200000000000005,2.51,1.49,0.0,0.0,0.0,361.4,0.0,0.8,-0.5,-0.2,-169.60000000000002,0.0,0.0,169.60000000000002,0.0,21.700000000000003,28.9,28.9,31.0,300.0,300.0,31.8,35.800000000000004,28.9,28.1,29.9,4.96,2.0,4.97,0.16,0.0,0.0,1027.0,8228.0,0.0,0.0,0.0,0.0,0.0,1.0,0.0,0.0,0.0,0.0,0.0,-0.7000000000000001,0.0,0.1,0.0,0.0,16.0,25903.0
2026-07-30T19:03:01.118Z,350.601,350.616,0.0,7.4,0.0,0.0,0.0,0.0,0.0,0.0,0.0,0.0,1.0,0.0,0.0,0.0,9.0,4.0,0.0,0.0,0.0,0.0,0.0,0.0,0.0,0.0,4.0,12.0,1.0,12.17,5.0200000000000005,2.51,1.49,0.0,0.0,0.0,361.4,0.0,-0.2,0.0,0.2,-169.60000000000002,0.0,0.0,169.70000000000002,0.0,21.700000000000003,28.9,28.9,31.0,300.0,300.0,31.8,35.800000000000004,28.9,28.1,29.9,4.96,2.0,4.96,0.16,0.0,0.0,1027.0,8228.0,0.0,0.0,0.0,0.0,0.0,1.0,0.0,0.0,0.0,0.0,0.0,0.3,0.0,-0.2,0.0,0.0,16.0,25903.0
2026-07-30T19:03:01.130Z,350.613,350.628,0.0,7.4,0.0,0.0,0.0,0.0,0.0,0.0,0.0,0.0,1.0,0.0,0.0,0.0,9.0,4.0,0.0,0.0,0.0,0.0,0.0,0.0,0.0,0.0,5.0,12.0,1.0,12.17,5.0200000000000005,2.51,1.49,0.0,0.0,0.0,361.4,0.0,-0.3,-0.5,-0.2,-169.60000000000002,0.0,0.0,169.60000000000002,0.0,21.700000000000003,28.9,28.9,31.0,300.0,300.0,31.8,35.800000000000004,28.9,28.1,29.9,4.95,1.99,4.97,0.16,0.0,0.0,1027.0,8228.0,0.0,0.0,0.0,0.0,0.0,1.0,0.0,0.0,0.0,0.0,0.0,-0.7000000000000001,0.0,0.1,0.0,0.0,16.0,25903.0
2026-07-30T19:03:01.142Z,350.625,350.64,0.0,7.4,0.0,0.0,0.0,0.0,0.0,0.0,0.0,0.0,1.0,0.0,0.0,0.0,9.0,4.0,0.0,0.0,0.0,0.0,0.0,0.0,0.0,0.0,6.0,12.0,1.0,12.17,5.0200000000000005,2.51,1.49,0.0,0.0,0.0,361.4,0.0,-0.3,-0.5,-1.4,-169.60000000000002,0.0,0.0,169.70000000000002,0.0,21.700000000000003,28.9,28.9,31.0,300.0,300.0,31.8,35.800000000000004,28.9,28.1,29.9,4.95,1.99,4.96,0.16,0.0,0.0,1027.0,8228.0,0.0,0.0,0.0,0.0,0.0,1.0,0.0,0.0,0.0,0.0,0.0,-1.6,0.0,1.1,0.0,0.0,16.0,25903.0
2026-07-30T19:03:01.154Z,350.637,350.652,0.0,7.4,0.0,0.0,0.0,0.0,0.0,0.0,0.0,0.0,1.0,0.0,0.0,0.0,9.0,4.0,0.0,0.0,0.0,0.0,0.0,0.0,0.0,0.0,1.0,12.0,1.0,12.17,5.0200000000000005,2.51,1.49,0.0,0.0,0.0,361.5,0.0,0.8,0.0,-0.8,-169.60000000000002,0.0,0.0,169.70000000000002,0.0,21.700000000000003,28.9,28.9,31.0,300.0,300.0,31.8,35.800000000000004,28.9,28.1,29.9,4.96,1.99,4.96,0.16,0.0,0.0,1027.0,8228.0,0.0,0.0,0.0,0.0,0.0,1.0,0.0,0.0,0.0,0.0,0.0,-0.5,0.0,0.7000000000000001,0.0,0.0,16.0,25903.0
2026-07-30T19:03:01.166Z,350.649,350.664,0.0,7.4,0.0,0.0,0.0,0.0,0.0,0.0,0.0,0.0,1.0,0.0,0.0,0.0,9.0,4.0,0.0,0.0,0.0,0.0,0.0,0.0,0.0,0.0,2.0,12.0,1.0,12.15,5.01,2.5,1.49,0.0,0.0,0.0,361.4,0.0,0.2,0.6000000000000001,-0.8,-169.60000000000002,0.0,0.0,169.70000000000002,0.0,21.700000000000003,28.9,28.9,31.0,300.0,300.0,31.9,35.800000000000004,28.9,28.1,29.9,4.95,1.99,4.96,0.16,0.0,0.0,1027.0,8228.0,0.0,0.0,0.0,0.0,0.0,1.0,0.0,0.0,0.0,0.0,0.0,0.1,0.0,0.8,0.0,0.0,16.0,25903.0
2026-07-30T19:03:01.178Z,350.661,350.676,0.0,7.4,0.0,0.0,0.0,0.0,0.0,0.0,0.0,0.0,1.0,0.0,0.0,0.0,9.0,4.0,0.0,0.0,0.0,0.0,0.0,0.0,0.0,0.0,3.0,12.0,1.0,12.15,5.01,2.5,1.49,0.0,0.0,0.0,361.4,0.0,0.3,-0.5,-0.2,-169.60000000000002,0.0,0.0,169.70000000000002,0.0,21.700000000000003,28.9,28.9,31.0,300.0,300.0,31.9,35.800000000000004,28.9,28.1,29.9,4.95,1.99,4.97,0.16,0.0,0.0,1027.0,8228.0,0.0,0.0,0.0,0.0,0.0,1.0,0.0,0.0,0.0,0.0,0.0,-0.7000000000000001,0.0,0.0,0.0,0.0,16.0,25903.0
2026-07-30T19:03:01.190Z,350.673,350.688,0.0,7.4,0.0,0.0,0.0,0.0,0.0,0.0,0.0,0.0,1.0,0.0,0.0,0.0,9.0,4.0,0.0,0.0,0.0,0.0,0.0,0.0,0.0,0.0,4.0,12.0,1.0,12.15,5.01,2.5,1.49,0.0,0.0,0.0,361.4,0.0,0.3,1.2000000000000002,-0.2,-169.60000000000002,0.0,0.0,169.70000000000002,0.0,21.700000000000003,28.9,28.9,31.0,300.0,300.0,31.9,35.800000000000004,28.9,28.1,29.9,4.95,1.99,4.96,0.16,0.0,0.0,1027.0,8228.0,0.0,0.0,0.0,0.0,0.0,1.0,0.0,0.0,0.0,0.0,0.0,1.2000000000000002,0.0,0.4,0.0,0.0,16.0,25903.0
2026-07-30T19:03:01.201Z,350.684,350.7,0.0,7.4,0.0,0.0,0.0,0.0,0.0,0.0,0.0,0.0,1.0,0.0,0.0,0.0,9.0,4.0,0.0,0.0,0.0,0.0,0.0,0.0,0.0,0.0,5.0,12.0,1.0,12.15,5.01,2.5,1.49,0.0,0.0,0.0,361.4,0.0,0.9,0.6000000000000001,0.4,-169.60000000000002,0.0,0.0,169.70000000000002,0.0,21.700000000000003,28.9,28.9,31.0,300.0,300.0,31.9,35.800000000000004,28.9,28.1,29.9,4.96,1.99,4.96,0.16,0.0,0.0,1027.0,8228.0,0.0,0.0,0.0,0.0,0.0,1.0,0.0,0.0,0.0,0.0,0.0,1.0,0.0,-0.2,0.0,0.0,16.0,25903.0
2026-07-30T19:03:01.214Z,350.697,350.712,0.0,7.4,0.0,0.0,0.0,0.0,0.0,0.0,0.0,0.0,1.0,0.0,0.0,0.0,9.0,4.0,0.0,0.0,0.0,0.0,0.0,0.0,0.0,0.0,6.0,12.0,1.0,12.15,5.01,2.5,1.49,-0.1,0.0,0.0,361.4,0.0,-0.2,0.0,-0.7000000000000001,-169.60000000000002,0.0,0.0,169.70000000000002,0.0,21.700000000000003,28.9,28.9,31.0,300.0,300.0,31.9,35.800000000000004,28.9,28.1,29.9,4.95,1.99,4.97,0.16,0.0,0.0,1027.0,8228.0,0.0,0.0,0.0,0.0,0.0,1.0,0.0,0.0,0.0,0.0,0.0,-0.4,0.0,0.6000000000000001,0.0,0.0,16.0,25903.0
2026-07-30T19:03:01.226Z,350.709,350.724,0.0,7.4,0.0,0.0,0.0,0.0,0.0,0.0,0.0,0.0,1.0,0.0,0.0,0.0,9.0,4.0,0.0,0.0,0.0,0.0,0.0,0.0,0.0,0.0,1.0,12.0,1.0,12.15,5.01,2.5,1.49,0.0,0.0,0.0,361.4,0.0,0.3,0.1,0.4,-169.60000000000002,0.0,0.0,169.60000000000002,0.0,21.700000000000003,28.9,28.9,31.0,300.0,300.0,31.9,35.800000000000004,28.9,28.1,29.9,4.96,1.99,4.97,0.16,0.0,0.0,1027.0,8228.0,0.0,0.0,0.0,0.0,0.0,1.0,0.0,0.0,0.0,0.0,0.0,0.4,0.0,-0.3,0.0,0.0,16.0,25903.0
2026-07-30T19:03:01.238Z,350.721,350.736,0.0,7.4,0.0,0.0,0.0,0.0,0.0,0.0,0.0,0.0,1.0,0.0,0.0,0.0,9.0,4.0,0.0,0.0,0.0,0.0,0.0,0.0,0.0,0.0,2.0,12.0,1.0,12.15,5.01,2.5,1.49,0.0,0.0,0.0,361.4,0.0,-0.2,1.3,0.3,-169.60000000000002,0.0,0.0,169.70000000000002,0.0,21.700000000000003,28.9,28.9,31.0,300.0,300.0,31.9,35.800000000000004,28.9,28.1,29.9,4.96,2.0,4.96,0.16,0.0,0.0,1027.0,8228.0,0.0,0.0,0.0,0.0,0.0,1.0,0.0,0.0,0.0,0.0,0.0,1.7000000000000002,0.0,0.0,0.0,0.0,16.0,25903.0
2026-07-30T19:03:01.250Z,350.733,350.748,0.0,7.4,0.0,0.0,0.0,0.0,0.0,0.0,0.0,0.0,1.0,0.0,0.0,0.0,9.0,4.0,0.0,0.0,0.0,0.0,0.0,0.0,0.0,0.0,4.0,12.0,1.0,12.15,5.01,2.5,1.49,0.0,0.0,0.0,361.3,0.0,0.9,0.1,-0.2,-169.60000000000002,0.0,0.0,169.60000000000002,0.0,21.700000000000003,28.9,28.9,31.0,300.0,300.0,31.9,35.800000000000004,28.9,28.1,29.9,4.95,1.99,4.96,0.16,0.0,0.0,1027.0,8228.0,0.0,0.0,0.0,0.0,0.0,1.0,0.0,0.0,0.0,0.0,0.0,0.0,0.0,0.2,0.0,0.0,16.0,25903.0
2026-07-30T19:03:01.263Z,350.746,350.76,0.0,7.4,0.0,0.0,0.0,0.0,0.0,0.0,0.0,0.0,1.0,0.0,0.0,0.0,9.0,4.0,0.0,0.0,0.0,0.0,0.0,0.0,0.0,0.0,4.0,12.0,1.0,12.17,5.01,2.51,1.49,0.0,0.0,0.0,361.4,0.0,-0.8,-1.0,-0.8,-169.60000000000002,0.0,0.0,169.70000000000002,0.0,21.3,28.9,28.9,31.0,300.0,300.0,31.8,35.800000000000004,28.9,28.1,30.0,4.96,1.99,4.97,0.16,0.0,0.0,1027.0,8228.0,0.0,0.0,0.0,0.0,0.0,1.0,0.0,0.0,0.0,0.0,0.0,-1.7000000000000002,0.0,0.5,0.0,0.0,16.0,25903.0
2026-07-30T19:03:01.274Z,350.757,350.772,0.0,7.4,0.0,0.0,0.0,0.0,0.0,0.0,0.0,0.0,1.0,0.0,0.0,0.0,9.0,4.0,0.0,0.0,0.0,0.0,0.0,0.0,0.0,0.0,5.0,12.0,1.0,12.17,5.01,2.51,1.49,0.0,0.0,0.0,361.3,0.0,1.5,-0.4,0.3,-169.60000000000002,0.0,0.0,169.60000000000002,0.0,21.3,28.9,28.9,31.0,300.0,300.0,31.8,35.800000000000004,28.9,28.1,30.0,4.96,2.0,4.96,0.16,0.0,0.0,1027.0,8228.0,0.0,0.0,0.0,0.0,0.0,1.0,0.0,0.0,0.0,0.0,0.0,-0.2,0.0,-0.3,0.0,0.0,16.0,25903.0
2026-07-30T19:03:01.286Z,350.769,350.784,0.0,7.4,0.0,0.0,0.0,0.0,0.0,0.0,0.0,0.0,1.0,0.0,0.0,0.0,9.0,4.0,0.0,0.0,0.0,0.0,0.0,0.0,0.0,0.0,1.0,12.0,1.0,12.17,5.01,2.51,1.49,0.0,0.0,0.0,361.3,0.0,-0.2,-0.4,-0.2,-169.60000000000002,0.0,0.0,169.70000000000002,0.0,21.3,28.9,28.9,31.0,300.0,300.0,31.8,35.800000000000004,28.9,28.1,30.0,4.96,1.99,4.97,0.16,0.0,0.0,1027.0,8228.0,0.0,0.0,0.0,0.0,0.0,1.0,0.0,0.0,0.0,0.0,0.0,-0.6000000000000001,0.0,0.1,0.0,0.0,16.0,25903.0
2026-07-30T19:03:01.298Z,350.781,350.796,0.0,7.4,0.0,0.0,0.0,0.0,0.0,0.0,0.0,0.0,1.0,0.0,0.0,0.0,9.0,4.0,0.0,0.0,0.0,0.0,0.0,0.0,0.0,0.0,2.0,12.0,1.0,12.17,5.01,2.51,1.49,0.0,0.0,0.0,361.4,0.0,0.3,0.7000000000000001,-0.2,-169.60000000000002,0.0,0.0,169.70000000000002,0.0,21.3,28.9,28.9,31.0,300.0,300.0,31.8,35.800000000000004,28.9,28.1,30.0,4.95,1.99,4.97,0.16,0.0,0.0,1027.0,8228.0,0.0,0.0,0.0,0.0,0.0,1.0,0.0,0.0,0.0,0.0,0.0,0.6000000000000001,0.0,0.3,0.0,0.0,16.0,25903.0
2026-07-30T19:03:01.309Z,350.792,350.808,0.0,7.4,0.0,0.0,0.0,0.0,0.0,0.0,0.0,0.0,1.0,0.0,0.0,0.0,9.0,4.0,0.0,0.0,0.0,0.0,0.0,0.0,0.0,0.0,3.0,12.0,1.0,12.17,5.01,2.51,1.49,0.0,0.0,0.0,361.4,0.0,-0.2,0.7000000000000001,1.5,-169.60000000000002,0.0,0.0,169.70000000000002,0.0,21.3,28.9,28.9,31.0,300.0,300.0,31.8,35.800000000000004,28.9,28.1,30.0,4.96,1.99,4.97,0.16,0.0,0.0,1027.0,8228.0,0.0,0.0,0.0,0.0,0.0,1.0,0.0,0.0,0.0,0.0,0.0,2.0,0.0,-1.2000000000000002,0.0,0.0,16.0,25903.0
2026-07-30T19:03:01.322Z,350.805,350.82,0.0,7.4,0.0,0.0,0.0,0.0,0.0,0.0,0.0,0.0,1.0,0.0,0.0,0.0,9.0,4.0,0.0,0.0,0.0,0.0,0.0,0.0,0.0,0.0,4.0,12.0,1.0,12.17,5.01,2.51,1.49,0.0,0.0,0.0,361.4,0.0,0.3,-0.9,0.4,-169.60000000000002,0.0,0.0,169.70000000000002,0.0,21.3,28.9,28.9,31.0,300.0,300.0,31.8,35.800000000000004,28.9,28.1,30.0,4.95,2.0,4.96,0.16,0.0,0.0,1027.0,8228.0,0.0,0.0,0.0,0.0,0.0,1.0,0.0,0.0,0.0,0.0,0.0,-0.7000000000000001,0.0,-0.5,0.0,0.0,16.0,25903.0
2026-07-30T19:03:01.334Z,350.817,350.832,0.0,7.4,0.0,0.0,0.0,0.0,0.0,0.0,0.0,0.0,1.0,0.0,0.0,0.0,9.0,4.0,0.0,0.0,0.0,0.0,0.0,0.0,0.0,0.0,6.0,12.0,1.0,12.17,5.01,2.51,1.49,0.0,0.0,0.0,361.3,0.0,0.9,0.1,-0.7000000000000001,-169.60000000000002,0.0,0.0,169.60000000000002,0.0,21.3,28.9,28.9,31.0,300.0,300.0,31.8,35.800000000000004,28.9,28.1,30.0,4.95,1.99,4.97,0.16,0.0,0.0,1027.0,8228.0,0.0,0.0,0.0,0.0,0.0,1.0,0.0,0.0,0.0,0.0,0.0,-0.3,0.0,0.7000000000000001,0.0,0.0,16.0,25903.0
2026-07-30T19:03:01.346Z,350.829,350.844,0.0,7.4,0.0,0.0,0.0,0.0,0.0,0.0,0.0,0.0,1.0,0.0,0.0,0.0,9.0,4.0,0.0,0.0,0.0,0.0,0.0,0.0,0.0,0.0,6.0,12.0,1.0,12.17,5.01,2.51,1.49,0.0,0.0,0.0,361.4,0.0,0.3,0.7000000000000001,0.4,-169.60000000000002,0.0,0.0,169.60000000000002,0.0,21.3,28.9,28.9,31.0,300.0,300.0,31.8,35.800000000000004,28.9,28.1,30.0,4.95,1.99,4.97,0.16,0.0,0.0,1027.0,8228.0,0.0,0.0,0.0,0.0,0.0,1.0,0.0,0.0,0.0,0.0,0.0,1.2000000000000002,0.0,-0.2,0.0,0.0,16.0,25903.0
2026-07-30T19:03:01.358Z,350.841,350.856,0.0,7.4,0.0,0.0,0.0,0.0,0.0,0.0,0.0,0.0,1.0,0.0,0.0,0.0,9.0,4.0,0.0,0.0,0.0,0.0,0.0,0.0,0.0,0.0,1.0,12.0,1.0,12.17,5.01,2.51,1.49,0.0,0.1,0.0,361.4,0.0,-0.2,-0.4,-0.1,-169.60000000000002,0.0,0.0,169.60000000000002,0.0,21.3,28.9,28.9,31.0,300.0,300.0,31.8,35.800000000000004,28.9,28.1,30.0,4.96,1.99,4.96,0.16,0.0,0.0,1027.0,8228.0,0.0,0.0,0.0,0.0,0.0,1.0,0.0,0.0,0.0,0.0,0.0,-0.5,0.0,0.0,0.0,0.0,16.0,25903.0
2026-07-30T19:03:01.370Z,350.853,350.868,0.0,7.4,0.0,0.0,0.0,0.0,0.0,0.0,0.0,0.0,1.0,0.0,0.0,0.0,9.0,4.0,0.0,0.0,0.0,0.0,0.0,0.0,0.0,0.0,3.0,12.0,1.0,12.17,5.01,2.51,1.49,0.0,0.0,0.0,361.4,0.0,0.3,-0.9,-0.7000000000000001,-169.60000000000002,0.0,0.0,169.70000000000002,0.0,21.4,28.9,28.9,31.0,300.0,300.0,31.700000000000003,35.800000000000004,28.9,28.1,29.9,4.95,1.99,4.97,0.16,0.0,0.0,1027.0,8228.0,0.0,0.0,0.0,0.0,0.0,1.0,0.0,0.0,0.0,0.0,0.0,-1.6,0.0,0.4,0.0,0.0,16.0,25903.0
2026-07-30T19:03:01.382Z,350.865,350.88,0.0,7.4,0.0,0.0,0.0,0.0,0.0,0.0,0.0,0.0,1.0,0.0,0.0,0.0,9.0,4.0,0.0,0.0,0.0,0.0,0.0,0.0,0.0,0.0,4.0,12.0,1.0,12.17,5.01,2.51,1.49,0.0,0.0,0.0,361.3,0.0,0.3,0.1,-0.1,-169.60000000000002,0.0,0.0,169.60000000000002,0.0,21.4,28.9,28.9,31.0,300.0,300.0,31.700000000000003,35.800000000000004,28.9,28.1,29.9,4.95,1.99,4.96,0.16,0.0,0.0,1027.0,8228.0,0.0,0.0,0.0,0.0,0.0,1.0,0.0,0.0,0.0,0.0,0.0,0.0,0.0,0.1,0.0,0.0,16.0,25903.0
2026-07-30T19:03:01.394Z,350.877,350.892,0.0,7.4,0.0,0.0,0.0,0.0,0.0,0.0,0.0,0.0,1.0,0.0,0.0,0.0,9.0,4.0,0.0,0.0,0.0,0.0,0.0,0.0,0.0,0.0,5.0,12.0,1.0,12.17,5.01,2.51,1.49,0.0,0.0,0.0,361.4,0.0,0.3,0.7000000000000001,-0.7000000000000001,-169.60000000000002,0.0,0.0,169.60000000000002,0.0,21.4,28.9,28.9,31.0,300.0,300.0,31.700000000000003,35.800000000000004,28.9,28.1,29.9,4.96,1.99,4.96,0.16,0.0,0.0,1027.0,8228.0,0.0,0.0,0.0,0.0,0.0,1.0,0.0,0.0,0.0,0.0,0.0,0.3,0.0,0.7000000000000001,0.0,0.0,16.0,25903.0
2026-07-30T19:03:01.406Z,350.889,350.904,0.0,7.4,0.0,0.0,0.0,0.0,0.0,0.0,0.0,0.0,1.0,0.0,0.0,0.0,9.0,4.0,0.0,0.0,0.0,0.0,0.0,0.0,0.0,0.0,6.0,12.0,1.0,12.17,5.01,2.51,1.49,0.0,0.0,0.0,361.3,0.0,-0.2,-0.4,0.9,-169.60000000000002,0.0,0.0,169.70000000000002,0.0,21.4,28.9,28.9,31.0,300.0,300.0,31.700000000000003,35.800000000000004,28.9,28.1,29.9,4.95,1.99,4.96,0.16,0.0,0.0,1027.0,8228.0,0.0,0.0,0.0,0.0,0.0,1.0,0.0,0.0,0.0,0.0,0.0,-3.7,0.0,1.8,0.0,0.0,16.0,25903.0
2026-07-30T19:03:01.418Z,350.901,350.916,0.0,7.4,0.0,0.0,0.0,0.0,0.0,0.0,0.0,0.0,1.0,0.0,0.0,0.0,9.0,4.0,0.0,0.0,0.0,0.0,0.0,0.0,0.0,0.0,1.0,12.0,1.0,12.17,5.01,2.51,1.49,0.0,0.0,0.0,361.4,0.0,0.3,-0.4,-0.2,-169.60000000000002,0.0,0.0,169.60000000000002,0.0,21.4,28.9,28.9,31.0,300.0,300.0,31.700000000000003,35.800000000000004,28.9,28.1,29.9,4.95,1.99,4.97,0.16,0.0,0.0,1027.0,8228.0,0.0,0.0,0.0,0.0,0.0,1.0,0.0,0.0,0.0,0.0,0.0,0.1,0.0,-0.9,0.0,0.0,16.0,25903.0
2026-07-30T19:03:01.430Z,350.913,350.928,0.0,7.4,0.0,0.0,0.0,0.0,0.0,0.0,0.0,0.0,1.0,0.0,0.0,0.0,9.0,4.0,0.0,0.0,0.0,0.0,0.0,0.0,0.0,0.0,2.0,12.0,1.0,12.17,5.01,2.51,1.49,0.0,0.0,0.0,361.4,0.0,0.3,0.1,0.3,-169.60000000000002,0.0,0.0,169.70000000000002,0.0,21.4,28.9,28.9,31.0,300.0,300.0,31.700000000000003,35.800000000000004,28.9,28.1,29.9,4.95,1.99,4.96,0.16,0.0,0.0,1027.0,8228.0,0.0,0.0,0.0,0.0,0.0,1.0,0.0,0.0,0.0,0.0,0.0,1.2000000000000002,0.0,-1.2000000000000002,0.0,0.0,16.0,25903.0
2026-07-30T19:03:01.442Z,350.925,350.94,0.0,7.4,0.0,0.0,0.0,0.0,0.0,0.0,0.0,0.0,1.0,0.0,0.0,0.0,9.0,4.0,0.0,0.0,0.0,0.0,0.0,0.0,0.0,0.0,4.0,12.0,1.0,12.17,5.01,2.51,1.49,0.0,0.0,0.0,361.4,0.0,0.3,0.1,-0.3,-169.60000000000002,0.0,0.0,169.60000000000002,0.0,21.4,28.9,28.9,31.0,300.0,300.0,31.700000000000003,35.800000000000004,28.9,28.1,29.9,4.96,1.99,4.96,0.16,0.0,0.0,1027.0,8228.0,0.0,0.0,0.0,0.0,0.0,1.0,0.0,0.0,0.0,0.0,0.0,-0.5,0.0,0.8,0.0,0.0,16.0,25903.0
2026-07-30T19:03:01.454Z,350.937,350.952,0.0,7.4,0.0,0.0,0.0,0.0,0.0,0.0,0.0,0.0,1.0,0.0,0.0,0.0,9.0,4.0,0.0,0.0,0.0,0.0,0.0,0.0,0.0,0.0,5.0,12.0,1.0,12.17,5.01,2.51,1.49,0.0,0.0,0.0,361.3,0.0,-0.8,0.0,-0.3,-169.60000000000002,0.0,0.0,169.60000000000002,0.0,21.4,28.9,28.9,31.0,300.0,300.0,31.700000000000003,35.800000000000004,28.9,28.1,29.9,4.95,1.99,4.97,0.16,0.0,0.0,1027.0,8228.0,0.0,0.0,0.0,0.0,0.0,1.0,0.0,0.0,0.0,0.0,0.0,-0.1,0.0,0.3,0.0,0.0,16.0,25903.0
2026-07-30T19:03:01.467Z,350.95,350.964,0.0,7.4,0.0,0.0,0.0,0.0,0.0,0.0,0.0,0.0,1.0,0.0,0.0,0.0,9.0,4.0,0.0,0.0,0.0,0.0,0.0,0.0,0.0,0.0,5.0,12.0,1.0,12.18,5.01,2.51,1.49,0.0,0.0,0.0,361.4,0.0,0.2,-0.4,-0.9,-169.60000000000002,0.0,0.0,169.8,0.0,21.200000000000003,28.9,28.9,31.0,300.0,300.0,31.700000000000003,35.9,28.9,28.1,29.9,4.96,1.99,4.97,0.16,0.0,0.0,1027.0,8228.0,0.0,0.0,0.0,0.0,0.0,1.0,0.0,0.0,0.0,0.0,0.0,-1.2000000000000002,0.0,0.7000000000000001,0.0,0.0,16.0,25903.0
2026-07-30T19:03:01.478Z,350.961,350.976,0.0,7.4,0.0,0.0,0.0,0.0,0.0,0.0,0.0,0.0,1.0,0.0,0.0,0.0,9.0,4.0,0.0,0.0,0.0,0.0,0.0,0.0,0.0,0.0,1.0,12.0,1.0,12.18,5.01,2.51,1.49,0.0,0.0,0.0,361.3,0.0,0.2,0.6000000000000001,0.8,-169.60000000000002,0.0,0.0,169.70000000000002,0.0,21.200000000000003,28.9,28.9,31.0,300.0,300.0,31.700000000000003,35.9,28.9,28.1,29.9,4.96,1.99,4.96,0.16,0.0,0.0,1027.0,8228.0,0.0,0.0,0.0,0.0,0.0,1.0,0.0,0.0,0.0,0.0,0.0,1.4,0.0,-0.6000000000000001,0.0,0.0,16.0,25903.0
2026-07-30T19:03:01.490Z,350.973,350.988,0.0,7.4,0.0,0.0,0.0,0.0,0.0,0.0,0.0,0.0,1.0,0.0,0.0,0.0,9.0,4.0,0.0,0.0,0.0,0.0,0.0,0.0,0.0,0.0,1.0,12.0,1.0,12.18,5.01,2.51,1.49,0.0,0.1,0.0,361.4,0.0,0.8,1.2000000000000002,-0.2,-169.60000000000002,0.0,0.0,169.70000000000002,0.0,21.200000000000003,28.9,28.9,31.0,300.0,300.0,31.700000000000003,35.9,28.9,28.1,29.9,4.95,1.99,4.96,0.16,0.0,0.0,1027.0,8228.0,0.0,0.0,0.0,0.0,0.0,1.0,0.0,0.0,0.0,0.0,0.0,1.2000000000000002,0.0,0.5,0.0,0.0,16.0,25903.0
2026-07-30T19:03:01.502Z,350.985,351.0,0.0,7.4,0.0,0.0,0.0,0.0,0.0,0.0,0.0,0.0,1.0,0.0,0.0,0.0,9.0,4.0,0.0,0.0,0.0,0.0,0.0,0.0,0.0,0.0,2.0,12.0,1.0,12.18,5.01,2.51,1.49,0.0,0.0,0.0,361.4,0.0,0.2,-0.4,1.5,-169.60000000000002,0.0,0.0,169.70000000000002,0.0,21.200000000000003,28.9,28.9,31.0,300.0,300.0,31.700000000000003,35.9,28.9,28.1,29.9,4.95,1.99,4.97,0.16,0.0,0.0,1027.0,8228.0,0.0,0.0,0.0,0.0,0.0,1.0,0.0,0.0,0.0,0.0,0.0,0.5,0.0,-1.4,0.0,0.0,16.0,25903.0
2026-07-30T19:03:01.514Z,350.997,351.012,0.0,7.4,0.0,0.0,0.0,0.0,0.0,0.0,0.0,0.0,1.0,0.0,0.0,0.0,9.0,4.0,0.0,0.0,0.0,0.0,0.0,0.0,0.0,0.0,3.0,12.0,1.0,12.18,5.01,2.51,1.49,0.0,0.0,0.0,361.3,0.0,0.8,0.6000000000000001,-0.2,-169.60000000000002,0.0,0.0,169.8,0.0,21.200000000000003,28.9,28.9,31.0,300.0,300.0,31.700000000000003,35.9,28.9,28.1,29.9,4.96,2.0,4.96,0.16,0.0,0.0,1027.0,8228.0,0.0,0.0,0.0,0.0,0.0,1.0,0.0,0.0,0.0,0.0,0.0,0.5,0.0,0.3,0.0,0.0,16.0,25903.0
2026-07-30T19:03:01.526Z,351.009,351.024,0.0,7.4,0.0,0.0,0.0,0.0,0.0,0.0,0.0,0.0,1.0,0.0,0.0,0.0,9.0,4.0,0.0,0.0,0.0,0.0,0.0,0.0,0.0,0.0,5.0,12.0,1.0,12.18,5.01,2.51,1.49,0.0,0.0,0.0,361.3,0.0,-0.3,0.0,-0.2,-169.60000000000002,0.0,0.0,169.70000000000002,0.0,21.200000000000003,28.9,28.9,31.0,300.0,300.0,31.700000000000003,35.9,28.9,28.1,29.9,4.96,1.99,4.97,0.16,0.0,0.0,1027.0,8228.0,0.0,0.0,0.0,0.0,0.0,1.0,0.0,0.0,0.0,0.0,0.0,0.0,0.0,0.2,0.0,0.0,16.0,25903.0
2026-07-30T19:03:01.538Z,351.021,351.036,0.0,7.4,0.0,0.0,0.0,0.0,0.0,0.0,0.0,0.0,1.0,0.0,0.0,0.0,9.0,4.0,0.0,0.0,0.0,0.0,0.0,0.0,0.0,0.0,6.0,12.0,1.0,12.18,5.01,2.51,1.49,0.0,0.0,0.0,361.3,0.0,-0.9,0.6000000000000001,-0.8,-169.60000000000002,0.0,0.0,169.70000000000002,0.0,21.200000000000003,28.9,28.9,31.0,300.0,300.0,31.700000000000003,35.9,28.9,28.1,29.9,4.95,1.99,4.97,0.16,0.0,0.0,1027.0,8228.0,0.0,0.0,0.0,0.0,0.0,1.0,0.0,0.0,0.0,0.0,0.0,0.1,0.0,0.8,0.0,0.0,16.0,25903.0
2026-07-30T19:03:01.550Z,351.033,351.048,0.0,7.4,0.0,0.0,0.0,0.0,0.0,0.0,0.0,0.0,1.0,0.0,0.0,0.0,9.0,4.0,0.0,0.0,0.0,0.0,0.0,0.0,0.0,0.0,1.0,12.0,1.0,12.18,5.01,2.51,1.49,0.0,0.0,0.0,361.3,0.0,0.2,0.0,0.9,-169.60000000000002,0.0,0.0,169.70000000000002,0.0,21.200000000000003,28.9,28.9,31.0,300.0,300.0,31.700000000000003,35.9,28.9,28.1,29.9,4.96,1.99,4.96,0.16,0.0,0.0,1027.0,8228.0,0.0,0.0,0.0,0.0,0.0,1.0,0.0,0.0,0.0,0.0,0.0,0.7000000000000001,0.0,-0.8,0.0,0.0,16.0,25903.0
2026-07-30T19:03:01.562Z,351.045,351.06,0.0,7.4,0.0,0.0,0.0,0.0,0.0,0.0,0.0,0.0,1.0,0.0,0.0,0.0,9.0,4.0,0.0,0.0,0.0,0.0,0.0,0.0,0.0,0.0,2.0,12.0,1.0,12.18,5.01,2.51,1.49,0.0,0.0,0.0,361.4,0.0,-0.3,-0.5,-0.8,-169.60000000000002,0.0,0.0,169.60000000000002,0.0,21.200000000000003,28.9,28.9,31.0,300.0,300.0,31.700000000000003,35.9,28.9,28.1,29.9,4.95,1.99,4.96,0.16,0.0,0.0,1027.0,8228.0,0.0,0.0,0.0,0.0,0.0,1.0,0.0,0.0,0.0,0.0,0.0,-1.2000000000000002,0.0,0.5,0.0,0.0,16.0,25903.0
2026-07-30T19:03:01.573Z,351.056,351.072,0.0,7.4,0.0,0.0,0.0,0.0,0.0,0.0,0.0,0.0,1.0,0.0,0.0,0.0,9.0,4.0,0.0,0.0,0.0,0.0,0.0,0.0,0.0,0.0,3.0,12.0,1.0,12.17,5.01,2.51,1.49,0.0,0.0,0.0,361.3,0.0,0.2,0.6000000000000001,0.3,-169.60000000000002,0.0,0.0,169.60000000000002,0.0,21.700000000000003,28.9,28.9,31.0,300.0,300.0,31.8,35.800000000000004,28.9,28.1,29.9,4.95,1.99,4.97,0.16,0.0,0.0,1027.0,8228.0,0.0,0.0,0.0,0.0,0.0,1.0,0.0,0.0,0.0,0.0,0.0,0.9,0.0,-0.1,0.0,0.0,16.0,25903.0
2026-07-30T19:03:01.586Z,351.069,351.084,0.0,7.4,0.0,0.0,0.0,0.0,0.0,0.0,0.0,0.0,1.0,0.0,0.0,0.0,9.0,4.0,0.0,0.0,0.0,0.0,0.0,0.0,0.0,0.0,4.0,12.0,1.0,12.17,5.01,2.51,1.49,0.0,0.0,0.0,361.4,0.0,0.2,0.0,0.3,-169.60000000000002,0.0,0.0,169.60000000000002,0.0,21.700000000000003,28.9,28.9,31.0,300.0,300.0,31.8,35.800000000000004,28.9,28.1,29.9,4.95,1.99,4.97,0.16,0.0,0.0,1027.0,8228.0,0.0,0.0,0.0,0.0,0.0,1.0,0.0,0.0,0.0,0.0,0.0,0.3,0.0,-0.3,0.0,0.0,16.0,25903.0
2026-07-30T19:03:01.598Z,351.081,351.096,0.0,7.4,0.0,0.0,0.0,0.0,0.0,0.0,0.0,0.0,1.0,0.0,0.0,0.0,9.0,4.0,0.0,0.0,0.0,0.0,0.0,0.0,0.0,0.0,5.0,12.0,1.0,12.17,5.01,2.51,1.49,0.0,0.0,0.0,361.4,0.0,0.8,-0.5,0.3,-169.60000000000002,0.0,0.0,169.60000000000002,0.0,21.700000000000003,28.9,28.9,31.0,300.0,300.0,31.8,35.800000000000004,28.9,28.1,29.9,4.96,1.99,4.96,0.16,0.0,0.0,1027.0,8228.0,0.0,0.0,0.0,0.0,0.0,1.0,0.0,0.0,0.0,0.0,0.0,-0.3,0.0,-0.4,0.0,0.0,16.0,25903.0
2026-07-30T19:03:01.610Z,351.093,351.108,0.0,7.4,0.0,0.0,0.0,0.0,0.0,0.0,0.0,0.0,1.0,0.0,0.0,0.0,9.0,4.0,0.0,0.0,0.0,0.0,0.0,0.0,0.0,0.0,6.0,12.0,1.0,12.17,5.01,2.51,1.49,0.0,0.0,0.0,361.4,0.0,-0.9,0.0,-0.1,-169.60000000000002,0.0,0.0,169.60000000000002,0.0,21.700000000000003,28.9,28.9,31.0,300.0,300.0,31.8,35.800000000000004,28.9,28.1,29.9,4.95,1.99,4.96,0.16,0.0,0.0,1027.0,8228.0,0.0,0.0,0.0,0.0,0.0,1.0,0.0,0.0,0.0,0.0,0.0,-0.1,0.0,0.1,0.0,0.0,16.0,25903.0
2026-07-30T19:03:01.621Z,351.104,351.12,0.0,7.4,0.0,0.0,0.0,0.0,0.0,0.0,0.0,0.0,1.0,0.0,0.0,0.0,9.0,4.0,0.0,0.0,0.0,0.0,0.0,0.0,0.0,0.0,1.0,12.0,1.0,12.17,5.01,2.51,1.49,0.0,0.0,0.0,361.3,0.0,0.2,0.6000000000000001,1.5,-169.60000000000002,0.0,0.0,169.60000000000002,0.0,21.700000000000003,28.9,28.9,31.0,300.0,300.0,31.8,35.800000000000004,28.9,28.1,29.9,4.95,1.99,4.96,0.16,0.0,0.0,1027.0,8228.0,0.0,0.0,0.0,0.0,0.0,1.0,0.0,0.0,0.0,0.0,0.0,1.8,0.0,-1.2000000000000002,0.0,0.0,16.0,25903.0
2026-07-30T19:03:01.635Z,351.118,351.132,0.0,7.4,0.0,0.0,0.0,0.0,0.0,0.0,0.0,0.0,1.0,0.0,0.0,0.0,9.0,4.0,0.0,0.0,0.0,0.0,0.0,0.0,0.0,0.0,2.0,12.0,1.0,12.17,5.01,2.51,1.49,0.0,0.0,0.0,361.4,0.0,-0.9,0.5,0.3,-169.60000000000002,0.0,0.0,169.60000000000002,0.0,21.700000000000003,28.9,28.9,31.0,300.0,300.0,31.8,35.800000000000004,28.9,28.1,29.9,4.96,1.99,4.96,0.16,0.0,0.0,1027.0,8228.0,0.0,0.0,0.0,0.0,0.0,1.0,0.0,0.0,0.0,0.0,0.0,0.9,0.0,-0.1,0.0,0.0,16.0,25903.0
2026-07-30T19:03:01.646Z,351.129,351.144,0.0,7.4,0.0,0.0,0.0,0.0,0.0,0.0,0.0,0.0,1.0,0.0,0.0,0.0,9.0,4.0,0.0,0.0,0.0,0.0,0.0,0.0,0.0,0.0,3.0,12.0,1.0,12.17,5.01,2.51,1.49,0.0,0.0,0.0,361.4,0.0,-0.9,0.0,-0.2,-169.60000000000002,0.0,0.0,169.60000000000002,0.0,21.700000000000003,28.9,28.9,31.0,300.0,300.0,31.8,35.800000000000004,28.9,28.1,29.9,4.95,1.99,4.96,0.16,0.0,0.0,1027.0,8228.0,0.0,0.0,0.0,0.0,0.0,1.0,0.0,0.0,0.0,0.0,0.0,-0.1,0.0,0.1,0.0,0.0,16.0,25903.0
2026-07-30T19:03:01.658Z,351.141,351.156,0.0,7.4,0.0,0.0,0.0,0.0,0.0,0.0,0.0,0.0,1.0,0.0,0.0,0.0,9.0,4.0,0.0,0.0,0.0,0.0,0.0,0.0,0.0,0.0,5.0,12.0,1.0,12.17,5.01,2.51,1.49,0.0,0.1,0.0,361.4,0.0,-0.3,-1.1,-0.2,-169.60000000000002,0.0,0.0,169.60000000000002,0.0,21.700000000000003,28.9,28.9,31.0,300.0,300.0,31.8,35.800000000000004,28.9,28.1,29.9,4.96,1.99,4.97,0.16,0.0,0.0,1027.0,8228.0,0.0,0.0,0.0,0.0,0.0,1.0,0.0,0.0,0.0,0.0,0.0,-1.4,0.0,0.0,0.0,0.0,16.0,25903.0
2026-07-30T19:03:01.671Z,351.154,351.168,0.0,7.4,0.0,0.0,0.0,0.0,0.0,0.0,0.0,0.0,1.0,0.0,0.0,0.0,9.0,4.0,0.0,0.0,0.0,0.0,0.0,0.0,0.0,0.0,6.0,12.0,1.0,12.18,5.0200000000000005,2.51,1.49,0.0,0.1,0.0,361.3,0.0,-0.3,1.1,-0.2,-169.60000000000002,0.0,0.0,169.60000000000002,0.0,21.9,28.9,28.9,31.0,300.0,300.0,31.8,35.800000000000004,28.9,28.1,29.9,4.96,2.0,4.97,0.17,0.0,0.0,1027.0,8228.0,0.0,0.0,0.0,0.0,0.0,1.0,0.0,0.0,0.0,0.0,0.0,1.1,0.0,0.4,0.0,0.0,16.0,25903.0
2026-07-30T19:03:01.682Z,351.165,351.18,0.0,7.4,0.0,0.0,0.0,0.0,0.0,0.0,0.0,0.0,1.0,0.0,0.0,0.0,9.0,4.0,0.0,0.0,0.0,0.0,0.0,0.0,0.0,0.0,1.0,12.0,1.0,12.18,5.0200000000000005,2.51,1.49,0.0,0.0,0.0,361.4,0.0,-0.2,0.0,0.3,-169.60000000000002,0.0,0.0,169.60000000000002,0.0,21.9,28.9,28.9,31.0,300.0,300.0,31.8,35.800000000000004,28.9,28.1,29.9,4.96,1.99,4.97,0.16,0.0,0.0,1027.0,8228.0,0.0,0.0,0.0,0.0,0.0,1.0,0.0,0.0,0.0,0.0,0.0,0.2,0.0,-0.2,0.0,0.0,16.0,25903.0
2026-07-30T19:03:01.694Z,351.177,351.192,0.0,7.4,0.0,0.0,0.0,0.0,0.0,0.0,0.0,0.0,1.0,0.0,0.0,0.0,9.0,4.0,0.0,0.0,0.0,0.0,0.0,0.0,0.0,0.0,2.0,12.0,1.0,12.18,5.0200000000000005,2.51,1.49,0.0,0.0,0.0,361.4,0.0,0.2,0.0,0.3,-169.60000000000002,0.0,0.0,169.60000000000002,0.0,21.9,28.9,28.9,31.0,300.0,300.0,31.8,35.800000000000004,28.9,28.1,29.9,4.95,1.99,4.97,0.16,0.0,0.0,1027.0,8228.0,0.0,0.0,0.0,0.0,0.0,1.0,0.0,0.0,0.0,0.0,0.0,0.3,0.0,-0.2,0.0,0.0,16.0,25903.0
2026-07-30T19:03:01.706Z,351.189,351.204,0.0,7.4,0.0,0.0,0.0,0.0,0.0,0.0,0.0,0.0,1.0,0.0,0.0,0.0,9.0,4.0,0.0,0.0,0.0,0.0,0.0,0.0,0.0,0.0,3.0,12.0,1.0,12.18,5.0200000000000005,2.51,1.49,0.0,0.0,0.0,361.3,0.0,-0.2,-1.1,-1.3,-169.60000000000002,0.0,0.0,169.60000000000002,0.0,21.9,28.9,28.9,31.0,300.0,300.0,31.8,35.800000000000004,28.9,28.1,29.9,4.96,1.99,4.96,0.16,0.0,0.0,1027.0,8228.0,0.0,0.0,0.0,0.0,0.0,1.0,0.0,0.0,0.0,0.0,0.0,-2.2,0.0,0.9,0.0,0.0,16.0,25903.0
2026-07-30T19:03:01.718Z,351.201,351.216,0.0,7.4,0.0,0.0,0.0,0.0,0.0,0.0,0.0,0.0,1.0,0.0,0.0,0.0,9.0,4.0,0.0,0.0,0.0,0.0,0.0,0.0,0.0,0.0,4.0,12.0,1.0,12.18,5.0200000000000005,2.51,1.49,0.0,0.0,0.0,361.4,0.0,-0.2,0.6000000000000001,-0.1,-169.60000000000002,0.0,0.0,169.60000000000002,0.0,21.9,28.9,28.9,31.0,300.0,300.0,31.8,35.800000000000004,28.9,28.1,29.9,4.96,1.99,4.96,0.16,0.0,0.0,1027.0,8228.0,0.0,0.0,0.0,0.0,0.0,1.0,0.0,0.0,0.0,0.0,0.0,0.6000000000000001,0.0,0.2,0.0,0.0,16.0,25903.0
2026-07-30T19:03:01.730Z,351.213,351.228,0.0,7.4,0.0,0.0,0.0,0.0,0.0,0.0,0.0,0.0,1.0,0.0,0.0,0.0,9.0,4.0,0.0,0.0,0.0,0.0,0.0,0.0,0.0,0.0,6.0,12.0,1.0,12.18,5.0200000000000005,2.51,1.49,0.0,0.0,0.0,361.4,0.0,-0.2,1.2000000000000002,2.2,-169.60000000000002,0.0,0.0,169.60000000000002,0.0,21.9,28.9,28.9,31.0,300.0,300.0,31.8,35.800000000000004,28.9,28.1,29.9,4.95,1.99,4.96,0.16,0.0,0.0,1027.0,8228.0,0.0,0.0,0.0,0.0,0.0,1.0,0.0,0.0,0.0,0.0,0.0,3.0,0.0,-1.6,0.0,0.0,16.0,25903.0
2026-07-30T19:03:01.742Z,351.225,351.24,0.0,7.4,0.0,0.0,0.0,0.0,0.0,0.0,0.0,0.0,1.0,0.0,0.0,0.0,9.0,4.0,0.0,0.0,0.0,0.0,0.0,0.0,0.0,0.0,1.0,12.0,1.0,12.18,5.0200000000000005,2.51,1.49,0.0,0.0,0.0,361.3,0.0,0.2,-0.5,-0.1,-169.60000000000002,0.0,0.0,169.60000000000002,0.0,21.9,28.9,28.9,31.0,300.0,300.0,31.8,35.800000000000004,28.9,28.1,29.9,4.96,1.99,4.97,0.16,0.0,0.0,1027.0,8228.0,0.0,0.0,0.0,0.0,0.0,1.0,0.0,0.0,0.0,0.0,0.0,-0.6000000000000001,0.0,0.0,0.0,0.0,16.0,25903.0
2026-07-30T19:03:01.754Z,351.237,351.252,0.0,7.4,0.0,0.0,0.0,0.0,0.0,0.0,0.0,0.0,1.0,0.0,0.0,0.0,9.0,4.0,0.0,0.0,0.0,0.0,0.0,0.0,0.0,0.0,2.0,12.0,1.0,12.18,5.0200000000000005,2.51,1.49,0.0,0.0,0.0,361.4,0.0,0.2,-1.6,-0.1,-169.60000000000002,0.0,0.0,169.60000000000002,0.0,21.9,28.9,28.9,31.0,300.0,300.0,31.8,35.800000000000004,28.9,28.1,29.9,4.96,2.0,4.97,0.16,0.0,0.0,1027.0,8228.0,0.0,0.0,0.0,0.0,0.0,1.0,0.0,0.0,0.0,0.0,0.0,-2.0,0.0,-0.2,0.0,0.0,16.0,25903.0
2026-07-30T19:03:01.766Z,351.249,351.264,0.0,7.4,0.0,0.0,0.0,0.0,0.0,0.0,0.0,0.0,1.0,0.0,0.0,0.0,9.0,4.0,0.0,0.0,0.0,0.0,0.0,0.0,0.0,0.0,3.0,12.0,1.0,12.18,5.0200000000000005,2.51,1.49,0.0,0.0,0.0,361.4,0.0,0.2,0.0,-1.9,-169.60000000000002,0.0,0.0,169.70000000000002,0.0,21.9,28.9,28.9,31.0,300.0,300.0,31.8,35.800000000000004,28.9,28.1,29.9,4.96,1.99,4.97,0.16,0.0,0.0,1027.0,8228.0,0.0,0.0,0.0,0.0,0.0,1.0,0.0,0.0,0.0,0.0,0.0,-1.3,0.0,1.6,0.0,0.0,16.0,25903.0
2026-07-30T19:03:01.778Z,351.261,351.276,0.0,7.4,0.0,0.0,0.0,0.0,0.0,0.0,0.0,0.0,1.0,0.0,0.0,0.0,9.0,4.0,0.0,0.0,0.0,0.0,0.0,0.0,0.0,0.0,4.0,12.0,1.0,12.17,5.01,2.51,1.5,0.0,0.0,0.0,361.3,0.0,-0.9,-0.5,-1.3,-169.60000000000002,0.0,0.0,169.60000000000002,0.0,21.700000000000003,28.9,28.9,31.0,300.0,300.0,31.700000000000003,35.800000000000004,28.9,28.1,29.9,4.95,1.99,4.97,0.16,0.0,0.0,1027.0,8228.0,0.0,0.0,0.0,0.0,0.0,1.0,0.0,0.0,0.0,0.0,0.0,-1.5,0.0,1.0,0.0,0.0,16.0,25903.0
2026-07-30T19:03:01.790Z,351.273,351.288,0.0,7.4,0.0,0.0,0.0,0.0,0.0,0.0,0.0,0.0,1.0,0.0,0.0,0.0,9.0,4.0,0.0,0.0,0.0,0.0,0.0,0.0,0.0,0.0,5.0,12.0,1.0,12.17,5.01,2.51,1.5,0.0,0.0,0.0,361.4,0.0,-0.3,-0.4,-0.2,-169.60000000000002,0.0,0.0,169.70000000000002,0.0,21.700000000000003,28.9,28.9,31.0,300.0,300.0,31.700000000000003,35.800000000000004,28.9,28.1,29.9,4.95,1.99,4.96,0.16,0.0,0.0,1027.0,8228.0,0.0,0.0,0.0,0.0,0.0,1.0,0.0,0.0,0.0,0.0,0.0,-0.6000000000000001,0.0,0.0,0.0,0.0,16.0,25903.0
2026-07-30T19:03:01.802Z,351.285,351.3,0.0,7.4,0.0,0.0,0.0,0.0,0.0,0.0,0.0,0.0,1.0,0.0,0.0,0.0,9.0,4.0,0.0,0.0,0.0,0.0,0.0,0.0,0.0,0.0,6.0,12.0,1.0,12.17,5.01,2.51,1.5,0.0,0.0,0.0,361.4,0.0,0.2,-0.4,-0.1,-169.60000000000002,0.0,0.0,169.60000000000002,0.0,21.700000000000003,28.9,28.9,31.0,300.0,300.0,31.700000000000003,35.800000000000004,28.9,28.1,29.9,4.95,1.99,4.97,0.16,0.0,0.0,1027.0,8228.0,0.0,0.0,0.0,0.0,0.0,1.0,0.0,0.0,0.0,0.0,0.0,-0.6000000000000001,0.0,0.0,0.0,0.0,16.0,25903.0
2026-07-30T19:03:01.814Z,351.297,351.312,0.0,7.4,0.0,0.0,0.0,0.0,0.0,0.0,0.0,0.0,1.0,0.0,0.0,0.0,9.0,4.0,0.0,0.0,0.0,0.0,0.0,0.0,0.0,0.0,1.0,12.0,1.0,12.17,5.01,2.51,1.5,0.0,0.1,0.0,361.4,0.0,-0.3,0.1,-0.7000000000000001,-169.60000000000002,0.0,0.0,169.8,0.0,21.700000000000003,28.9,28.9,31.0,300.0,300.0,31.700000000000003,35.800000000000004,28.9,28.1,29.9,4.95,1.99,4.97,0.16,0.0,0.0,1027.0,8228.0,0.0,0.0,0.0,0.0,0.0,1.0,0.0,0.0,0.0,0.0,0.0,-0.4,0.0,0.7000000000000001,0.0,0.0,16.0,25903.0
2026-07-30T19:03:01.826Z,351.309,351.324,0.0,7.4,0.0,0.0,0.0,0.0,0.0,0.0,0.0,0.0,1.0,0.0,0.0,0.0,9.0,4.0,0.0,0.0,0.0,0.0,0.0,0.0,0.0,0.0,2.0,12.0,1.0,12.17,5.01,2.51,1.5,0.0,0.0,0.0,361.4,0.0,-0.2,0.1,0.3,-169.60000000000002,0.0,0.0,169.70000000000002,0.0,21.700000000000003,28.9,28.9,31.0,300.0,300.0,31.700000000000003,35.800000000000004,28.9,28.1,29.9,4.95,1.99,4.97,0.16,0.0,0.0,1027.0,8228.0,0.0,0.0,0.0,0.0,0.0,1.0,0.0,0.0,0.0,0.0,0.0,0.4,0.0,-0.3,0.0,0.0,16.0,25903.0
2026-07-30T19:03:01.838Z,351.321,351.336,0.0,7.4,0.0,0.0,0.0,0.0,0.0,0.0,0.0,0.0,1.0,0.0,0.0,0.0,9.0,4.0,0.0,0.0,0.0,0.0,0.0,0.0,0.0,0.0,3.0,12.0,1.0,12.17,5.01,2.51,1.5,0.0,0.0,0.0,361.3,0.0,-0.2,0.1,-0.1,-169.60000000000002,0.0,0.0,169.70000000000002,0.0,21.700000000000003,28.9,28.9,31.0,300.0,300.0,31.700000000000003,35.800000000000004,28.9,28.1,29.9,4.96,1.99,4.96,0.16,0.0,0.0,1027.0,8228.0,0.0,0.0,0.0,0.0,0.0,1.0,0.0,0.0,0.0,0.0,0.0,0.0,0.0,0.2,0.0,0.0,16.0,25903.0
2026-07-30T19:03:01.850Z,351.333,351.348,0.0,7.4,0.0,0.0,0.0,0.0,0.0,0.0,0.0,0.0,1.0,0.0,0.0,0.0,9.0,4.0,0.0,0.0,0.0,0.0,0.0,0.0,0.0,0.0,5.0,12.0,1.0,12.17,5.01,2.51,1.5,0.0,0.0,0.0,361.3,0.0,-0.2,0.1,-0.8,-169.60000000000002,0.0,0.0,169.70000000000002,0.0,21.700000000000003,28.9,28.9,31.0,300.0,300.0,31.700000000000003,35.800000000000004,28.9,28.1,29.9,4.95,1.99,4.97,0.16,0.0,0.0,1027.0,8228.0,0.0,0.0,0.0,0.0,0.0,1.0,0.0,0.0,0.0,0.0,0.0,-0.4,0.0,0.8,0.0,0.0,16.0,25903.0
2026-07-30T19:03:01.862Z,351.345,351.36,0.0,7.4,0.0,0.0,0.0,0.0,0.0,0.0,0.0,0.0,1.0,0.0,0.0,0.0,9.0,4.0,0.0,0.0,0.0,0.0,0.0,0.0,0.0,0.0,6.0,12.0,1.0,12.17,5.01,2.51,1.5,0.0,0.0,0.0,361.3,0.0,-0.2,0.7000000000000001,0.9,-169.60000000000002,0.0,0.0,169.60000000000002,0.0,21.700000000000003,28.9,28.9,31.0,300.0,300.0,31.700000000000003,35.800000000000004,28.9,28.1,29.9,4.95,1.99,4.97,0.16,0.0,0.0,1027.0,8228.0,0.0,0.0,0.0,0.0,0.0,1.0,0.0,0.0,0.0,0.0,0.0,1.5,0.0,-0.6000000000000001,0.0,0.0,16.0,25903.0
2026-07-30T19:03:01.875Z,351.358,351.372,0.0,7.4,0.0,0.0,0.0,0.0,0.0,0.0,0.0,0.0,1.0,0.0,0.0,0.0,9.0,4.0,0.0,0.0,0.0,0.0,0.0,0.0,0.0,0.0,1.0,12.0,1.0,12.15,5.01,2.51,1.49,0.0,0.0,0.0,361.4,0.0,-0.2,-0.4,0.3,-169.60000000000002,0.0,0.0,169.60000000000002,0.0,21.700000000000003,28.9,28.9,31.0,300.0,300.0,31.8,35.7,28.9,28.1,30.0,4.96,1.99,4.97,0.16,0.0,0.0,1027.0,8228.0,0.0,0.0,0.0,0.0,0.0,1.0,0.0,0.0,0.0,0.0,0.0,-0.2,0.0,-0.3,0.0,0.0,16.0,25903.0
2026-07-30T19:03:01.885Z,351.368,351.384,0.0,7.4,0.0,0.0,0.0,0.0,0.0,0.0,0.0,0.0,1.0,0.0,0.0,0.0,9.0,4.0,0.0,0.0,0.0,0.0,0.0,0.0,0.0,0.0,2.0,12.0,1.0,12.15,5.01,2.51,1.49,0.0,0.0,0.0,361.4,0.0,-0.2,-0.4,-0.8,-169.60000000000002,0.0,0.0,169.70000000000002,0.0,21.700000000000003,28.9,28.9,31.0,300.0,300.0,31.8,35.7,28.9,28.1,30.0,4.96,1.99,4.96,0.16,0.0,0.0,1027.0,8228.0,0.0,0.0,0.0,0.0,0.0,1.0,0.0,0.0,0.0,0.0,0.0,-1.1,0.0,0.6000000000000001,0.0,0.0,16.0,25903.0
2026-07-30T19:03:01.898Z,351.381,351.396,0.0,7.4,0.0,0.0,0.0,0.0,0.0,0.0,0.0,0.0,1.0,0.0,0.0,0.0,9.0,4.0,0.0,0.0,0.0,0.0,0.0,0.0,0.0,0.0,4.0,12.0,1.0,12.15,5.01,2.51,1.49,0.0,0.0,0.0,361.4,0.0,0.2,0.1,-0.9,-169.60000000000002,0.0,0.0,169.60000000000002,0.0,21.700000000000003,28.9,28.9,31.0,300.0,300.0,31.8,35.7,28.9,28.1,30.0,4.96,1.99,4.97,0.16,0.0,0.0,1027.0,8228.0,0.0,0.0,0.0,0.0,0.0,1.0,0.0,0.0,0.0,0.0,0.0,-0.5,0.0,0.8,0.0,0.0,16.0,25903.0
2026-07-30T19:03:01.910Z,351.393,351.408,0.0,7.4,0.0,0.0,0.0,0.0,0.0,0.0,0.0,0.0,1.0,0.0,0.0,0.0,9.0,4.0,0.0,0.0,0.0,0.0,0.0,0.0,0.0,0.0,4.0,12.0,1.0,12.15,5.01,2.51,1.49,0.0,0.0,0.0,361.4,0.0,0.2,0.0,1.9,-169.60000000000002,0.0,0.0,169.60000000000002,0.0,21.700000000000003,28.9,28.9,31.0,300.0,300.0,31.8,35.7,28.9,28.1,30.0,4.96,1.99,4.96,0.16,0.0,0.0,1027.0,8228.0,0.0,0.0,0.0,0.0,0.0,1.0,0.0,0.0,0.0,0.0,0.0,1.5,0.0,-1.7000000000000002,0.0,0.0,16.0,25903.0
2026-07-30T19:03:01.922Z,351.405,351.42,0.0,7.4,0.0,0.0,0.0,0.0,0.0,0.0,0.0,0.0,1.0,0.0,0.0,0.0,9.0,4.0,0.0,0.0,0.0,0.0,0.0,0.0,0.0,0.0,6.0,12.0,1.0,12.15,5.01,2.51,1.49,0.0,0.0,0.0,361.3,0.0,-0.2,0.6000000000000001,0.2,-169.60000000000002,0.0,0.0,169.60000000000002,0.0,21.700000000000003,28.9,28.9,31.0,300.0,300.0,31.8,35.7,28.9,28.1,30.0,4.96,1.99,4.96,0.16,0.0,0.0,1027.0,8228.0,0.0,0.0,0.0,0.0,0.0,1.0,0.0,0.0,0.0,0.0,0.0,-0.7000000000000001,0.0,0.1,0.0,0.0,16.0,25903.0
2026-07-30T19:03:01.934Z,351.417,351.432,0.0,7.4,0.0,0.0,0.0,0.0,0.0,0.0,0.0,0.0,1.0,0.0,0.0,0.0,9.0,4.0,0.0,0.0,0.0,0.0,0.0,0.0,0.0,0.0,1.0,12.0,1.0,12.15,5.01,2.51,1.49,0.0,0.0,0.0,361.4,0.0,0.2,0.6000000000000001,0.2,-169.60000000000002,0.0,0.0,169.60000000000002,0.0,21.700000000000003,28.9,28.9,31.0,300.0,300.0,31.8,35.7,28.9,28.1,30.0,4.95,1.99,4.97,0.16,0.0,0.0,1027.0,8228.0,0.0,0.0,0.0,0.0,0.0,1.0,0.0,0.0,0.0,0.0,0.0,-0.7000000000000001,0.0,0.2,0.0,0.0,16.0,25903.0
2026-07-30T19:03:01.946Z,351.429,351.444,0.0,7.4,0.0,0.0,0.0,0.0,0.0,0.0,0.0,0.0,1.0,0.0,0.0,0.0,9.0,4.0,0.0,0.0,0.0,0.0,0.0,0.0,0.0,0.0,2.0,12.0,1.0,12.15,5.01,2.51,1.49,0.0,0.0,0.0,361.4,0.0,0.2,0.0,-0.9,-169.60000000000002,0.0,0.0,169.60000000000002,0.0,21.700000000000003,28.9,28.9,31.0,300.0,300.0,31.8,35.7,28.9,28.1,30.0,4.95,1.99,4.96,0.16,0.0,0.0,1027.0,8228.0,0.0,0.0,0.0,0.0,0.0,1.0,0.0,0.0,0.0,0.0,0.0,0.6000000000000001,0.0,-0.7000000000000001,0.0,0.0,16.0,25903.0
2026-07-30T19:03:01.958Z,351.441,351.456,0.0,7.4,0.0,0.0,0.0,0.0,0.0,0.0,0.0,0.0,1.0,0.0,0.0,0.0,9.0,4.0,0.0,0.0,0.0,0.0,0.0,0.0,0.0,0.0,4.0,12.0,1.0,12.15,5.01,2.51,1.49,0.0,0.0,0.0,361.3,0.0,1.4,0.0,0.2,-169.60000000000002,0.0,0.0,169.60000000000002,0.0,21.700000000000003,28.9,28.9,31.0,300.0,300.0,31.8,35.7,28.9,28.1,30.0,4.95,1.99,4.96,0.16,0.0,0.0,1027.0,8228.0,0.0,0.0,0.0,0.0,0.0,1.0,0.0,0.0,0.0,0.0,0.0,-1.5,0.0,1.8,0.0,0.0,16.0,25903.0
2026-07-30T19:03:01.970Z,351.453,351.468,0.0,7.4,0.0,0.0,0.0,0.0,0.0,0.0,0.0,0.0,1.0,0.0,0.0,0.0,9.0,4.0,0.0,0.0,0.0,0.0,0.0,0.0,0.0,0.0,5.0,12.0,1.0,12.15,5.01,2.51,1.49,0.0,0.0,0.0,361.3,0.0,-0.9,0.5,-0.9,-169.60000000000002,0.0,0.0,169.60000000000002,0.0,21.700000000000003,28.9,28.9,31.0,300.0,300.0,31.8,35.7,28.9,28.1,30.0,4.95,1.99,4.96,0.16,0.0,0.0,1027.0,8228.0,0.0,0.0,0.0,0.0,0.0,1.0,0.0,0.0,0.0,0.0,0.0,0.0,0.0,0.9,0.0,0.0,16.0,25903.0
2026-07-30T19:03:01.982Z,351.465,351.48,0.0,7.4,0.0,0.0,0.0,0.0,0.0,0.0,0.0,0.0,1.0,0.0,0.0,0.0,9.0,4.0,0.0,0.0,0.0,0.0,0.0,0.0,0.0,0.0,6.0,12.0,1.0,12.18,5.0200000000000005,2.51,1.5,0.0,0.0,0.0,361.4,0.0,-0.3,0.0,0.2,-169.60000000000002,0.0,0.0,169.60000000000002,0.0,21.200000000000003,28.9,28.9,31.0,300.0,300.0,31.8,35.800000000000004,28.9,28.1,29.9,4.96,1.99,4.97,0.16,0.0,0.0,1027.0,8228.0,0.0,0.0,0.0,0.0,0.0,1.0,0.0,0.0,0.0,0.0,0.0,0.1,0.0,-0.1,0.0,0.0,16.0,25903.0
2026-07-30T19:03:01.994Z,351.477,351.492,0.1,7.4,0.0,0.0,0.0,0.0,0.0,0.0,0.0,0.0,1.0,0.0,0.0,0.0,9.0,4.0,0.0,0.0,0.0,0.0,0.0,0.0,0.0,0.0,2.0,12.0,1.0,12.18,5.0200000000000005,2.51,1.5,0.0,0.0,0.0,361.4,0.0,-0.3,-1.1,-0.8,-169.60000000000002,0.0,0.0,169.60000000000002,0.0,21.200000000000003,28.9,28.9,31.0,300.0,300.0,31.8,35.800000000000004,28.9,28.1,29.9,4.96,1.99,4.96,0.16,0.0,0.0,1027.0,8228.0,0.0,0.0,0.0,0.0,0.0,1.0,0.0,0.0,0.0,0.0,0.0,-1.9,0.0,0.5,0.0,0.0,16.0,25903.0
2026-07-30T19:03:02.006Z,351.489,351.504,0.0,7.4,0.0,0.0,0.0,0.0,0.0,0.0,0.0,0.0,1.0,0.0,0.0,0.0,9.0,4.0,0.0,0.0,0.0,0.0,0.0,0.0,0.0,0.0,3.0,12.0,1.0,12.18,5.0200000000000005,2.51,1.5,0.0,0.0,0.0,361.4,0.0,-0.3,1.2000000000000002,-0.8,-169.60000000000002,0.0,0.0,169.70000000000002,0.0,21.200000000000003,28.9,28.9,31.0,300.0,300.0,31.8,35.800000000000004,28.9,28.1,29.9,4.96,1.99,4.97,0.16,0.0,0.0,1027.0,8228.0,0.0,0.0,0.0,0.0,0.0,1.0,0.0,0.0,0.0,0.0,0.0,0.7000000000000001,0.0,1.0,0.0,0.0,16.0,25903.0
2026-07-30T19:03:02.018Z,351.501,351.516,0.0,7.4,0.0,0.0,0.0,0.0,0.0,0.0,0.0,0.0,1.0,0.0,0.0,0.0,9.0,4.0,0.0,0.0,0.0,0.0,0.0,0.0,0.0,0.0,5.0,12.0,1.0,12.18,5.0200000000000005,2.51,1.5,-0.1,0.0,0.0,361.4,0.0,0.2,0.6000000000000001,-1.5,-169.60000000000002,0.0,0.0,169.60000000000002,0.0,21.200000000000003,28.9,28.9,31.0,300.0,300.0,31.8,35.800000000000004,28.9,28.1,29.9,4.95,1.99,4.97,0.16,0.0,0.0,1027.0,8228.0,0.0,0.0,0.0,0.0,0.0,1.0,0.0,0.0,0.0,0.0,0.0,-0.3,0.0,1.4,0.0,0.0,16.0,25903.0
2026-07-30T19:03:02.029Z,351.512,351.528,0.0,7.4,0.0,0.0,0.0,0.0,0.0,0.0,0.0,0.0,1.0,0.0,0.0,0.0,9.0,4.0,0.0,0.0,0.0,0.0,0.0,0.0,0.0,0.0,6.0,12.0,1.0,12.18,5.0200000000000005,2.51,1.5,0.0,0.0,0.0,361.4,0.0,-0.9,-1.1,-1.4,-169.60000000000002,0.0,0.0,169.60000000000002,0.0,21.200000000000003,28.9,28.9,31.0,300.0,300.0,31.8,35.800000000000004,28.9,28.1,29.9,4.96,1.99,4.97,0.16,0.0,0.0,1027.0,8228.0,0.0,0.0,0.0,0.0,0.0,1.0,0.0,0.0,0.0,0.0,0.0,-2.4000000000000004,0.0,1.0,0.0,0.0,16.0,25903.0
2026-07-30T19:03:02.042Z,351.525,351.54,0.0,7.4,0.0,0.0,0.0,0.0,0.0,0.0,0.0,0.0,1.0,0.0,0.0,0.0,9.0,4.0,0.0,0.0,0.0,0.0,0.0,0.0,0.0,0.0,1.0,12.0,1.0,12.18,5.0200000000000005,2.51,1.5,0.0,0.0,0.0,361.4,0.0,-0.3,-0.5,0.8,-169.60000000000002,0.0,0.0,169.70000000000002,0.0,21.200000000000003,28.9,28.9,31.0,300.0,300.0,31.8,35.800000000000004,28.9,28.1,29.9,4.96,2.0,4.96,0.16,0.0,0.0,1027.0,8228.0,0.0,0.0,0.0,0.0,0.0,1.0,0.0,0.0,0.0,0.0,0.0,0.0,0.0,-0.8,0.0,0.0,16.0,25903.0
2026-07-30T19:03:02.054Z,351.537,351.552,0.0,7.4,0.0,0.0,0.0,0.0,0.0,0.0,0.0,0.0,1.0,0.0,0.0,0.0,9.0,4.0,0.0,0.0,0.0,0.0,0.0,0.0,0.0,0.0,3.0,12.0,1.0,12.18,5.0200000000000005,2.51,1.5,0.0,0.0,0.0,361.4,0.0,-0.8,0.6000000000000001,-0.2,-169.60000000000002,0.0,0.0,169.60000000000002,0.0,21.200000000000003,28.9,28.9,31.0,300.0,300.0,31.8,35.800000000000004,28.9,28.1,29.9,4.96,1.99,4.97,0.16,0.0,0.0,1027.0,8228.0,0.0,0.0,0.0,0.0,0.0,1.0,0.0,0.0,0.0,0.0,0.0,0.5,0.0,0.3,0.0,0.0,16.0,25903.0
2026-07-30T19:03:02.066Z,351.549,351.564,0.0,7.4,0.0,0.0,0.0,0.0,0.0,0.0,0.0,0.0,1.0,0.0,0.0,0.0,9.0,4.0,0.0,0.0,0.0,0.0,0.0,0.0,0.0,0.0,4.0,12.0,1.0,12.18,5.0200000000000005,2.51,1.5,0.0,0.0,0.0,361.4,0.0,-0.3,1.2000000000000002,0.3,-169.60000000000002,0.0,0.0,169.60000000000002,0.0,21.200000000000003,28.9,28.9,31.0,300.0,300.0,31.8,35.800000000000004,28.9,28.1,29.9,4.95,1.99,4.97,0.16,0.0,0.0,1027.0,8228.0,0.0,0.0,0.0,0.0,0.0,1.0,0.0,0.0,0.0,0.0,0.0,1.6,0.0,0.0,0.0,0.0,16.0,25903.0
2026-07-30T19:03:02.079Z,351.562,351.576,0.0,7.4,0.0,0.0,0.0,0.0,0.0,0.0,0.0,0.0,1.0,0.0,0.0,0.0,9.0,4.0,0.0,0.0,0.0,0.0,0.0,0.0,0.0,0.0,5.0,12.0,1.0,12.18,5.01,2.51,1.49,0.0,0.0,0.0,361.4,0.0,0.2,-0.5,-0.2,-169.60000000000002,0.0,0.0,169.60000000000002,0.0,21.700000000000003,28.9,28.9,31.0,300.0,300.0,31.700000000000003,35.7,28.9,28.1,29.9,4.96,1.99,4.96,0.16,0.0,0.0,1027.0,8228.0,0.0,0.0,0.0,0.0,0.0,1.0,0.0,0.0,0.0,0.0,0.0,-0.7000000000000001,0.0,0.0,0.0,0.0,16.0,25903.0
2026-07-30T19:03:02.090Z,351.573,351.588,0.0,7.4,0.0,0.0,0.0,0.0,0.0,0.0,0.0,0.0,1.0,0.0,0.0,0.0,9.0,4.0,0.0,0.0,0.0,0.0,0.0,0.0,0.0,0.0,6.0,12.0,1.0,12.18,5.01,2.51,1.49,0.0,0.0,0.0,361.4,0.0,-0.3,-1.1,0.3,-169.60000000000002,0.0,0.0,169.60000000000002,0.0,21.700000000000003,28.9,28.9,31.0,300.0,300.0,31.700000000000003,35.7,28.9,28.1,29.9,4.95,1.99,4.97,0.16,0.0,0.0,1027.0,8228.0,0.0,0.0,0.0,0.0,0.0,1.0,0.0,0.0,0.0,0.0,0.0,-0.9,0.0,-0.5,0.0,0.0,16.0,25903.0
2026-07-30T19:03:02.102Z,351.585,351.6,0.0,7.4,0.0,0.0,0.0,0.0,0.0,0.0,0.0,0.0,1.0,0.0,0.0,0.0,9.0,4.0,0.0,0.0,0.0,0.0,0.0,0.0,0.0,0.0,1.0,12.0,1.0,12.18,5.01,2.51,1.49,0.0,0.0,0.0,361.4,0.0,0.2,0.6000000000000001,-0.2,-169.60000000000002,0.0,0.0,169.60000000000002,0.0,21.700000000000003,28.9,28.9,31.0,300.0,300.0,31.700000000000003,35.7,28.9,28.1,29.9,4.95,1.99,4.96,0.16,0.0,0.0,1027.0,8228.0,0.0,0.0,0.0,0.0,0.0,1.0,0.0,0.0,0.0,0.0,0.0,0.6000000000000001,0.0,0.3,0.0,0.0,16.0,25903.0
2026-07-30T19:03:02.114Z,351.597,351.612,0.0,7.4,0.0,0.0,0.0,0.0,0.0,0.0,0.0,0.0,1.0,0.0,0.0,0.0,9.0,4.0,0.0,0.0,0.0,0.0,0.0,0.0,0.0,0.0,2.0,12.0,1.0,12.18,5.01,2.51,1.49,0.0,0.0,0.0,361.4,0.0,0.2,1.2000000000000002,0.9,-169.60000000000002,0.0,0.0,169.60000000000002,0.0,21.700000000000003,28.9,28.9,31.0,300.0,300.0,31.700000000000003,35.7,28.9,28.1,29.9,4.96,2.0,4.96,0.16,0.0,0.0,1027.0,8228.0,0.0,0.0,0.0,0.0,0.0,1.0,0.0,0.0,0.0,0.0,0.0,2.1,0.0,-0.5,0.0,0.0,16.0,25903.0
2026-07-30T19:03:02.126Z,351.609,351.624,0.0,7.4,0.0,0.0,0.0,0.0,0.0,0.0,0.0,0.0,1.0,0.0,0.0,0.0,9.0,4.0,0.0,0.0,0.0,0.0,0.0,0.0,0.0,0.0,3.0,12.0,1.0,12.18,5.01,2.51,1.49,0.0,0.0,0.0,361.4,0.0,0.2,0.0,-0.2,-169.60000000000002,0.0,0.0,169.60000000000002,0.0,21.700000000000003,28.9,28.9,31.0,300.0,300.0,31.700000000000003,35.7,28.9,28.1,29.9,4.95,2.0,4.96,0.16,0.0,0.0,1027.0,8228.0,0.0,0.0,0.0,0.0,0.0,1.0,0.0,0.0,0.0,0.0,0.0,0.0,0.0,0.1,0.0,0.0,16.0,25903.0
2026-07-30T19:03:02.138Z,351.621,351.636,0.0,7.4,0.0,0.0,0.0,0.0,0.0,0.0,0.0,0.0,1.0,0.0,0.0,0.0,9.0,4.0,0.0,0.0,0.0,0.0,0.0,0.0,0.0,0.0,5.0,12.0,1.0,12.18,5.01,2.51,1.49,0.0,0.0,0.0,361.3,0.0,0.2,-1.1,-0.7000000000000001,-169.60000000000002,0.0,0.0,169.60000000000002,0.0,21.700000000000003,28.9,28.9,31.0,300.0,300.0,31.700000000000003,35.7,28.9,28.1,29.9,4.95,1.99,4.97,0.16,0.0,0.0,1027.0,8228.0,0.0,0.0,0.0,0.0,0.0,1.0,0.0,0.0,0.0,0.0,0.0,-1.8,0.0,0.4,0.0,0.0,16.0,25903.0
2026-07-30T19:03:02.150Z,351.633,351.648,0.0,7.4,0.0,0.0,0.0,0.0,0.0,0.0,0.0,0.0,1.0,0.0,0.0,0.0,9.0,4.0,0.0,0.0,0.0,0.0,0.0,0.0,0.0,0.0,6.0,12.0,1.0,12.18,5.01,2.51,1.49,0.0,0.0,0.0,361.4,0.0,-0.3,0.6000000000000001,-0.7000000000000001,-169.60000000000002,0.0,0.0,169.60000000000002,0.0,21.700000000000003,28.9,28.9,31.0,300.0,300.0,31.700000000000003,35.7,28.9,28.1,29.9,4.95,2.0,4.96,0.16,0.0,0.0,1027.0,8228.0,0.0,0.0,0.0,0.0,0.0,1.0,0.0,0.0,0.0,0.0,0.0,0.1,0.0,0.8,0.0,0.0,16.0,25903.0
2026-07-30T19:03:02.162Z,351.645,351.66,0.0,7.4,0.0,0.0,0.0,0.0,0.0,0.0,0.0,0.0,1.0,0.0,0.0,0.0,9.0,4.0,0.0,0.0,0.0,0.0,0.0,0.0,0.0,0.0,1.0,12.0,1.0,12.18,5.01,2.51,1.49,0.0,0.0,0.0,361.3,0.0,0.2,1.2000000000000002,1.0,-169.60000000000002,0.0,0.0,169.60000000000002,0.0,21.700000000000003,28.9,28.9,31.0,300.0,300.0,31.700000000000003,35.7,28.9,28.1,29.9,4.96,1.99,4.96,0.16,0.0,0.0,1027.0,8228.0,0.0,0.0,0.0,0.0,0.0,1.0,0.0,0.0,0.0,0.0,0.0,2.1,0.0,-0.6000000000000001,0.0,0.0,16.0,25903.0
2026-07-30T19:03:02.173Z,351.656,351.672,0.0,7.4,0.0,0.0,0.0,0.0,0.0,0.0,0.0,0.0,1.0,0.0,0.0,0.0,9.0,4.0,0.0,0.0,0.0,0.0,0.0,0.0,0.0,0.0,2.0,12.0,1.0,12.18,5.01,2.51,1.49,0.0,0.0,0.0,361.3,0.0,0.8,0.6000000000000001,-0.1,-169.60000000000002,0.0,0.0,169.60000000000002,0.0,21.700000000000003,28.9,28.9,31.0,300.0,300.0,31.700000000000003,35.7,28.9,28.1,29.9,4.95,1.99,4.97,0.16,0.0,0.0,1027.0,8228.0,0.0,0.0,0.0,0.0,0.0,1.0,0.0,0.0,0.0,0.0,0.0,0.6000000000000001,0.0,0.3,0.0,0.0,16.0,25903.0
2026-07-30T19:03:02.186Z,351.669,351.684,0.0,7.4,0.0,0.0,0.0,0.0,0.0,0.0,0.0,0.0,1.0,0.0,0.0,0.0,9.0,4.0,0.0,0.0,0.0,0.0,0.0,0.0,0.0,0.0,3.0,12.0,1.0,12.17,5.0200000000000005,2.5,1.49,0.0,0.0,0.0,361.3,0.0,-0.3,0.6000000000000001,0.9,-169.60000000000002,0.0,0.0,169.60000000000002,0.0,21.4,28.9,28.9,31.0,300.0,300.0,31.700000000000003,35.800000000000004,28.9,28.1,29.9,4.96,1.99,4.97,0.16,0.0,0.0,1027.0,8228.0,0.0,0.0,0.0,0.0,0.0,1.0,0.0,0.0,0.0,0.0,0.0,1.4,0.0,-0.7000000000000001,0.0,0.0,16.0,25903.0
2026-07-30T19:03:02.197Z,351.68,351.696,0.0,7.4,0.0,0.0,0.0,0.0,0.0,0.0,0.0,0.0,1.0,0.0,0.0,0.0,9.0,4.0,0.0,0.0,0.0,0.0,0.0,0.0,0.0,0.0,4.0,12.0,1.0,12.17,5.0200000000000005,2.5,1.49,0.0,0.0,0.0,361.4,0.0,0.3,-0.4,-0.7000000000000001,-169.60000000000002,0.0,0.0,169.70000000000002,0.0,21.4,28.9,28.9,31.0,300.0,300.0,31.700000000000003,35.800000000000004,28.9,28.1,29.9,4.96,2.0,4.96,0.16,0.0,0.0,1027.0,8228.0,0.0,0.0,0.0,0.0,0.0,1.0,0.0,0.0,0.0,0.0,0.0,-1.0,0.0,0.5,0.0,0.0,16.0,25903.0
2026-07-30T19:03:02.210Z,351.693,351.708,0.0,7.4,0.0,0.0,0.0,0.0,0.0,0.0,0.0,0.0,1.0,0.0,0.0,0.0,9.0,4.0,0.0,0.0,0.0,0.0,0.0,0.0,0.0,0.0,5.0,12.0,1.0,12.17,5.0200000000000005,2.5,1.49,0.0,0.1,0.0,361.4,0.0,-0.3,-0.5,-0.8,-169.60000000000002,0.0,0.0,169.70000000000002,0.0,21.4,28.9,28.9,31.0,300.0,300.0,31.700000000000003,35.800000000000004,28.9,28.1,29.9,4.95,1.99,4.96,0.16,0.0,0.0,1027.0,8228.0,0.0,0.0,0.0,0.0,0.0,1.0,0.0,0.0,0.0,0.0,0.0,-1.2000000000000002,0.0,0.6000000000000001,0.0,0.0,16.0,25903.0
2026-07-30T19:03:02.222Z,351.705,351.72,0.0,7.4,0.0,0.0,0.0,0.0,0.0,0.0,0.0,0.0,1.0,0.0,0.0,0.0,9.0,4.0,0.0,0.0,0.0,0.0,0.0,0.0,0.0,0.0,6.0,12.0,1.0,12.17,5.0200000000000005,2.5,1.49,0.0,0.0,0.0,361.4,0.0,0.3,0.0,1.5,-169.60000000000002,0.0,0.0,169.70000000000002,0.0,21.4,28.9,28.9,31.0,300.0,300.0,31.700000000000003,35.800000000000004,28.9,28.1,29.9,4.95,1.99,4.97,0.16,0.0,0.0,1027.0,8228.0,0.0,0.0,0.0,0.0,0.0,1.0,0.0,0.0,0.0,0.0,0.0,1.2000000000000002,0.0,-1.3,0.0,0.0,16.0,25903.0
2026-07-30T19:03:02.234Z,351.717,351.732,0.0,7.4,0.0,0.0,0.0,0.0,0.0,0.0,0.0,0.0,1.0,0.0,0.0,0.0,9.0,4.0,0.0,0.0,0.0,0.0,0.0,0.0,0.0,0.0,2.0,12.0,1.0,12.17,5.0200000000000005,2.5,1.49,0.0,0.1,0.0,361.4,0.0,-0.8,-1.0,-0.2,-169.60000000000002,0.0,0.0,169.70000000000002,0.0,21.4,28.9,28.9,31.0,300.0,300.0,31.700000000000003,35.800000000000004,28.9,28.1,29.9,4.96,1.99,4.96,0.16,0.0,0.0,1027.0,8228.0,0.0,0.0,0.0,0.0,0.0,1.0,0.0,0.0,0.0,0.0,0.0,-1.4,0.0,0.0,0.0,0.0,16.0,25903.0
2026-07-30T19:03:02.246Z,351.729,351.744,0.0,7.4,0.0,0.0,0.0,0.0,0.0,0.0,0.0,0.0,1.0,0.0,0.0,0.0,9.0,4.0,0.0,0.0,0.0,0.0,0.0,0.0,0.0,0.0,3.0,12.0,1.0,12.17,5.0200000000000005,2.5,1.49,0.0,0.0,0.0,361.3,0.0,-0.2,0.1,0.3,-169.60000000000002,0.0,0.0,169.60000000000002,0.0,21.4,28.9,28.9,31.0,300.0,300.0,31.700000000000003,35.800000000000004,28.9,28.1,29.9,4.96,1.99,4.96,0.16,0.0,0.0,1027.0,8228.0,0.0,0.0,0.0,0.0,0.0,1.0,0.0,0.0,0.0,0.0,0.0,0.3,0.0,-0.2,0.0,0.0,16.0,25903.0
2026-07-30T19:03:02.257Z,351.74,351.75600000000003,0.0,7.4,0.0,0.0,0.0,0.0,0.0,0.0,0.0,0.0,1.0,0.0,0.0,0.0,9.0,4.0,0.0,0.0,0.0,0.0,0.0,0.0,0.0,0.0,4.0,12.0,1.0,12.17,5.0200000000000005,2.5,1.49,0.0,0.0,0.0,361.4,0.0,0.3,0.1,-0.2,-169.60000000000002,0.0,0.0,169.60000000000002,0.0,21.4,28.9,28.9,31.0,300.0,300.0,31.700000000000003,35.800000000000004,28.9,28.1,29.9,4.95,1.99,4.96,0.16,0.0,0.0,1027.0,8228.0,0.0,0.0,0.0,0.0,0.0,1.0,0.0,0.0,0.0,0.0,0.0,0.0,0.0,0.2,0.0,0.0,16.0,25903.0
2026-07-30T19:03:02.270Z,351.753,351.76800000000003,0.0,7.4,0.0,0.0,0.0,0.0,0.0,0.0,0.0,0.0,1.0,0.0,0.0,0.0,9.0,4.0,0.0,0.0,0.0,0.0,0.0,0.0,0.0,0.0,5.0,12.0,1.0,12.17,5.0200000000000005,2.5,1.49,0.0,0.0,0.0,361.3,0.0,0.3,0.1,0.9,-169.60000000000002,0.0,0.0,169.70000000000002,0.0,21.4,28.9,28.9,31.0,300.0,300.0,31.700000000000003,35.800000000000004,28.9,28.1,29.9,4.96,1.99,4.96,0.16,0.0,0.0,1027.0,8228.0,0.0,0.0,0.0,0.0,0.0,1.0,0.0,0.0,0.0,0.0,0.0,0.8,0.0,-0.8,0.0,0.0,16.0,25903.0
2026-07-30T19:03:02.281Z,351.764,351.78000000000003,0.0,7.4,0.0,0.0,0.0,0.0,0.0,0.0,0.0,0.0,1.0,0.0,0.0,0.0,9.0,4.0,0.0,0.0,0.0,0.0,0.0,0.0,0.0,0.0,6.0,12.0,1.0,12.15,5.01,2.51,1.49,0.0,0.0,0.0,361.3,0.0,0.3,0.7000000000000001,1.5,-169.60000000000002,0.0,0.0,169.60000000000002,0.0,21.700000000000003,28.9,28.9,31.0,300.0,300.0,31.700000000000003,35.800000000000004,28.9,28.1,29.9,4.96,1.99,4.96,0.16,0.0,0.0,1027.0,8228.0,0.0,0.0,0.0,0.0,0.0,1.0,0.0,0.0,0.0,0.0,0.0,2.0,0.0,-1.2000000000000002,0.0,0.0,16.0,25903.0
2026-07-30T19:03:02.294Z,351.777,351.79200000000003,0.0,7.4,0.0,0.0,0.0,0.0,0.0,0.0,0.0,0.0,1.0,0.0,0.0,0.0,9.0,4.0,0.0,0.0,0.0,0.0,0.0,0.0,0.0,0.0,2.0,12.0,1.0,12.15,5.01,2.51,1.49,0.0,0.1,0.0,361.4,0.0,-0.1,-0.4,-0.1,-169.60000000000002,0.0,0.0,169.70000000000002,0.0,21.700000000000003,28.9,28.9,31.0,300.0,300.0,31.700000000000003,35.800000000000004,28.9,28.1,29.9,4.96,1.99,4.97,0.16,0.0,0.0,1027.0,8228.0,0.0,0.0,0.0,0.0,0.0,1.0,0.0,0.0,0.0,0.0,0.0,-0.6000000000000001,0.0,0.0,0.0,0.0,16.0,25903.0
2026-07-30T19:03:02.306Z,351.789,351.80400000000003,0.0,7.4,0.0,0.0,0.0,0.0,0.0,0.0,0.0,0.0,1.0,0.0,0.0,0.0,9.0,4.0,0.0,0.0,0.0,0.0,0.0,0.0,0.0,0.0,3.0,12.0,1.0,12.15,5.01,2.51,1.49,0.0,0.0,0.0,361.4,0.0,-0.2,-0.4,-0.1,-169.60000000000002,0.0,0.0,169.70000000000002,0.0,21.700000000000003,28.9,28.9,31.0,300.0,300.0,31.700000000000003,35.800000000000004,28.9,28.1,29.9,4.96,1.99,4.97,0.16,0.0,0.0,1027.0,8228.0,0.0,0.0,0.0,0.0,0.0,1.0,0.0,0.0,0.0,0.0,0.0,-0.6000000000000001,0.0,0.0,0.0,0.0,16.0,25903.0
2026-07-30T19:03:02.318Z,351.801,351.81600000000003,0.0,7.4,0.0,0.0,0.0,0.0,0.0,0.0,0.0,0.0,1.0,0.0,0.0,0.0,9.0,4.0,0.0,0.0,0.0,0.0,0.0,0.0,0.0,0.0,4.0,12.0,1.0,12.15,5.01,2.51,1.49,0.0,0.0,0.0,361.3,0.0,0.9,-1.0,0.4,-169.60000000000002,0.0,0.0,169.8,0.0,21.700000000000003,28.9,28.9,31.0,300.0,300.0,31.700000000000003,35.800000000000004,28.9,28.1,29.9,4.96,1.99,4.97,0.16,0.0,0.0,1027.0,8228.0,0.0,0.0,0.0,0.0,0.0,1.0,0.0,0.0,0.0,0.0,0.0,-0.8,0.0,-0.5,0.0,0.0,16.0,25903.0
2026-07-30T19:03:02.330Z,351.813,351.82800000000003,0.0,7.4,0.0,0.0,0.0,0.0,0.0,0.0,0.0,0.0,1.0,0.0,0.0,0.0,9.0,4.0,0.0,0.0,0.0,0.0,0.0,0.0,0.0,0.0,4.0,12.0,1.0,12.15,5.01,2.51,1.49,0.0,0.0,0.0,361.4,0.0,-0.7000000000000001,-1.6,-0.1,-169.60000000000002,0.0,0.0,169.8,0.0,21.700000000000003,28.9,28.9,31.0,300.0,300.0,31.700000000000003,35.800000000000004,28.9,28.1,29.9,4.95,2.0,4.97,0.16,0.0,0.0,1027.0,8228.0,0.0,0.0,0.0,0.0,0.0,1.0,0.0,0.0,0.0,0.0,0.0,-1.9,0.0,-0.2,0.0,0.0,16.0,25903.0
2026-07-30T19:03:02.342Z,351.825,351.84000000000003,0.0,7.4,0.0,0.0,0.0,0.0,0.0,0.0,0.0,0.0,1.0,0.0,0.0,0.0,9.0,4.0,0.0,0.0,0.0,0.0,0.0,0.0,0.0,0.0,6.0,12.0,1.0,12.15,5.01,2.51,1.49,0.0,0.0,0.0,361.3,0.0,-0.1,1.2000000000000002,0.9,-169.60000000000002,0.0,0.0,169.60000000000002,0.0,21.700000000000003,28.9,28.9,31.0,300.0,300.0,31.700000000000003,35.800000000000004,28.9,28.1,29.9,4.95,1.99,4.96,0.16,0.0,0.0,1027.0,8228.0,0.0,0.0,0.0,0.0,0.0,1.0,0.0,0.0,0.0,0.0,0.0,2.2,0.0,-0.6000000000000001,0.0,0.0,16.0,25903.0
2026-07-30T19:03:02.354Z,351.837,351.85200000000003,0.0,7.4,0.0,0.0,0.0,0.0,0.0,0.0,0.0,0.0,1.0,0.0,0.0,0.0,9.0,4.0,0.0,0.0,0.0,0.0,0.0,0.0,0.0,0.0,1.0,12.0,1.0,12.15,5.01,2.51,1.49,0.0,0.0,0.0,361.3,0.0,-0.1,-0.4,-0.1,-169.60000000000002,0.0,0.0,169.70000000000002,0.0,21.700000000000003,28.9,28.9,31.0,300.0,300.0,31.700000000000003,35.800000000000004,28.9,28.1,29.9,4.96,2.0,4.96,0.16,0.0,0.0,1027.0,8228.0,0.0,0.0,0.0,0.0,0.0,1.0,0.0,0.0,0.0,0.0,0.0,-0.6000000000000001,0.0,0.0,0.0,0.0,16.0,25903.0
2026-07-30T19:03:02.366Z,351.849,351.86400000000003,0.0,7.4,0.0,0.0,0.0,0.0,0.0,0.0,0.0,0.0,1.0,0.0,0.0,0.0,9.0,4.0,0.0,0.0,0.0,0.0,0.0,0.0,0.0,0.0,2.0,12.0,1.0,12.15,5.01,2.51,1.49,-0.1,0.0,0.0,361.4,0.0,-0.1,-1.6,-0.7000000000000001,-169.60000000000002,0.0,0.0,169.70000000000002,0.0,21.700000000000003,28.9,28.9,31.0,300.0,300.0,31.700000000000003,35.800000000000004,28.9,28.1,29.9,4.96,2.0,4.96,0.16,0.0,0.0,1027.0,8228.0,0.0,0.0,0.0,0.0,0.0,1.0,0.0,0.0,0.0,0.0,0.0,-2.4000000000000004,0.0,0.3,0.0,0.0,16.0,25903.0
2026-07-30T19:03:02.378Z,351.861,351.87600000000003,0.0,7.4,0.0,0.0,0.0,0.0,0.0,0.0,0.0,0.0,1.0,0.0,0.0,0.0,9.0,4.0,0.0,0.0,0.0,0.0,0.0,0.0,0.0,0.0,4.0,12.0,1.0,12.15,5.01,2.51,1.49,0.0,0.0,0.0,361.4,0.0,0.3,0.1,-0.7000000000000001,-169.60000000000002,0.0,0.0,169.60000000000002,0.0,21.700000000000003,28.9,28.9,31.0,300.0,300.0,31.700000000000003,35.800000000000004,28.9,28.1,29.9,4.96,1.99,4.97,0.16,0.0,0.0,1027.0,8228.0,0.0,0.0,0.0,0.0,0.0,1.0,0.0,0.0,0.0,0.0,0.0,-0.4,0.0,0.6000000000000001,0.0,0.0,16.0,25903.0
2026-07-30T19:03:02.390Z,351.873,351.88800000000003,0.0,7.4,0.0,0.0,0.0,0.0,0.0,0.0,0.0,0.0,1.0,0.0,0.0,0.0,9.0,4.0,0.0,0.0,0.0,0.0,0.0,0.0,0.0,0.0,5.0,12.0,1.0,12.17,5.0200000000000005,2.51,1.5,0.0,0.0,0.0,361.3,0.0,-0.2,-0.4,-0.1,-169.60000000000002,0.0,0.0,169.70000000000002,0.0,21.700000000000003,28.9,28.9,30.9,300.0,300.0,31.700000000000003,35.800000000000004,28.9,28.1,30.0,4.96,2.0,4.97,0.16,0.0,0.0,1027.0,8228.0,0.0,0.0,0.0,0.0,0.0,1.0,0.0,0.0,0.0,0.0,0.0,-0.6000000000000001,0.0,0.0,0.0,0.0,16.0,25903.0
2026-07-30T19:03:02.402Z,351.885,351.90000000000003,0.0,7.4,0.0,0.0,0.0,0.0,0.0,0.0,0.0,0.0,1.0,0.0,0.0,0.0,9.0,4.0,0.0,0.0,0.0,0.0,0.0,0.0,0.0,0.0,6.0,12.0,1.0,12.17,5.0200000000000005,2.51,1.5,0.0,0.0,0.0,361.3,0.0,-0.2,0.7000000000000001,1.6,-169.60000000000002,0.0,0.0,169.70000000000002,0.0,21.700000000000003,28.9,28.9,30.9,300.0,300.0,31.700000000000003,35.800000000000004,28.9,28.1,30.0,4.96,1.99,4.97,0.16,0.0,0.0,1027.0,8228.0,0.0,0.0,0.0,0.0,0.0,1.0,0.0,0.0,0.0,0.0,0.0,2.0,0.0,-1.2000000000000002,0.0,0.0,16.0,25903.0
2026-07-30T19:03:02.414Z,351.897,351.91200000000003,0.0,7.4,0.0,0.0,0.0,0.0,0.0,0.0,0.0,0.0,1.0,0.0,0.0,0.0,9.0,4.0,0.0,0.0,0.0,0.0,0.0,0.0,0.0,0.0,2.0,12.0,1.0,12.17,5.0200000000000005,2.51,1.5,0.0,0.0,0.0,361.3,0.0,-0.7000000000000001,-1.0,-0.7000000000000001,-169.60000000000002,0.0,0.0,169.70000000000002,0.0,21.700000000000003,28.9,28.9,30.9,300.0,300.0,31.700000000000003,35.800000000000004,28.9,28.1,30.0,4.95,1.99,4.97,0.16,0.0,0.0,1027.0,8228.0,0.0,0.0,0.0,0.0,0.0,1.0,0.0,0.0,0.0,0.0,0.0,-1.7000000000000002,0.0,0.4,0.0,0.0,16.0,25903.0
2026-07-30T19:03:02.426Z,351.909,351.92400000000004,0.0,7.4,0.0,0.0,0.0,0.0,0.0,0.0,0.0,0.0,1.0,0.0,0.0,0.0,9.0,4.0,0.0,0.0,0.0,0.0,0.0,0.0,0.0,0.0,3.0,12.0,1.0,12.17,5.0200000000000005,2.51,1.5,0.0,0.0,0.0,361.4,0.0,0.3,0.6000000000000001,1.0,-169.60000000000002,0.0,0.0,169.70000000000002,0.0,21.700000000000003,28.9,28.9,30.9,300.0,300.0,31.700000000000003,35.800000000000004,28.9,28.1,30.0,4.96,1.99,4.96,0.16,0.0,0.0,1027.0,8228.0,0.0,0.0,0.0,0.0,0.0,1.0,0.0,0.0,0.0,0.0,0.0,1.5,0.0,-0.7000000000000001,0.0,0.0,16.0,25903.0
2026-07-30T19:03:02.438Z,351.921,351.93600000000004,0.0,7.4,0.0,0.0,0.0,0.0,0.0,0.0,0.0,0.0,1.0,0.0,0.0,0.0,9.0,4.0,0.0,0.0,0.0,0.0,0.0,0.0,0.0,0.0,4.0,12.0,1.0,12.17,5.0200000000000005,2.51,1.5,0.0,0.0,0.0,361.5,0.0,0.3,-0.4,-0.2,-169.60000000000002,0.0,0.0,169.60000000000002,0.0,21.700000000000003,28.9,28.9,30.9,300.0,300.0,31.700000000000003,35.800000000000004,28.9,28.1,30.0,4.96,2.0,4.97,0.16,0.0,0.0,1027.0,8228.0,0.0,0.0,0.0,0.0,0.0,1.0,0.0,0.0,0.0,0.0,0.0,0.0,0.0,0.2,0.0,0.0,16.0,25903.0
2026-07-30T19:03:02.450Z,351.933,351.948,0.0,7.4,0.0,0.0,0.0,0.0,0.0,0.0,0.0,0.0,1.0,0.0,0.0,0.0,9.0,4.0,0.0,0.0,0.0,0.0,0.0,0.0,0.0,0.0,5.0,12.0,1.0,12.17,5.0200000000000005,2.51,1.5,0.0,0.0,0.0,361.4,0.0,-0.2,-1.0,-0.7000000000000001,-169.60000000000002,0.0,0.0,169.60000000000002,0.0,21.700000000000003,28.9,28.9,30.9,300.0,300.0,31.700000000000003,35.800000000000004,28.9,28.1,30.0,4.96,1.99,4.97,0.16,0.0,0.0,1027.0,8228.0,0.0,0.0,0.0,0.0,0.0,1.0,0.0,0.0,0.0,0.0,0.0,0.6000000000000001,0.0,0.3,0.0,0.0,16.0,25903.0
2026-07-30T19:03:02.462Z,351.945,351.96,0.0,7.4,0.0,0.0,0.0,0.0,0.0,0.0,0.0,0.0,1.0,0.0,0.0,0.0,9.0,4.0,0.0,0.0,0.0,0.0,0.0,0.0,0.0,0.0,1.0,12.0,1.0,12.17,5.0200000000000005,2.51,1.5,0.0,0.0,0.0,361.4,0.0,0.3,0.7000000000000001,-0.2,-169.60000000000002,0.0,0.0,169.60000000000002,0.0,21.700000000000003,28.9,28.9,30.9,300.0,300.0,31.700000000000003,35.800000000000004,28.9,28.1,30.0,4.95,1.99,4.97,0.16,0.0,0.0,1027.0,8228.0,0.0,0.0,0.0,0.0,0.0,1.0,0.0,0.0,0.0,0.0,0.0,1.3,0.0,-1.3,0.0,0.0,16.0,25903.0
2026-07-30T19:03:02.474Z,351.957,351.972,0.0,7.4,0.0,0.0,0.0,0.0,0.0,0.0,0.0,0.0,1.0,0.0,0.0,0.0,9.0,4.0,0.0,0.0,0.0,0.0,0.0,0.0,0.0,0.0,2.0,12.0,1.0,12.17,5.0200000000000005,2.51,1.5,0.0,0.0,0.0,361.3,0.0,0.3,-0.4,0.3,-169.60000000000002,0.0,0.0,169.70000000000002,0.0,21.700000000000003,28.9,28.9,30.9,300.0,300.0,31.700000000000003,35.800000000000004,28.9,28.1,30.0,4.96,1.99,4.96,0.16,0.0,0.0,1027.0,8228.0,0.0,0.0,0.0,0.0,0.0,1.0,0.0,0.0,0.0,0.0,0.0,0.0,0.0,0.2,0.0,0.0,16.0,25903.0
2026-07-30T19:03:02.486Z,351.969,351.984,0.0,7.4,0.0,0.0,0.0,0.0,0.0,0.0,0.0,0.0,1.0,0.0,0.0,0.0,9.0,4.0,0.0,0.0,0.0,0.0,0.0,0.0,0.0,0.0,3.0,12.0,1.0,12.15,5.01,2.5,1.49,0.0,0.0,0.0,361.3,0.0,-0.2,0.1,0.9,-169.60000000000002,0.0,0.0,169.70000000000002,0.0,21.4,28.9,28.9,31.0,300.0,300.0,31.6,35.800000000000004,28.8,28.1,30.0,4.96,1.99,4.97,0.16,0.0,0.0,1027.0,8228.0,0.0,0.0,0.0,0.0,0.0,1.0,0.0,0.0,0.0,0.0,0.0,0.8,0.0,-0.8,0.0,0.0,16.0,25903.0
2026-07-30T19:03:02.498Z,351.981,351.996,0.0,7.4,0.0,0.0,0.0,0.0,0.0,0.0,0.0,0.0,1.0,0.0,0.0,0.0,9.0,4.0,0.0,0.0,0.0,0.0,0.0,0.0,0.0,0.0,5.0,12.0,1.0,12.15,5.01,2.5,1.49,0.0,0.1,0.0,361.4,0.0,0.3,1.3,1.5,-169.60000000000002,0.0,0.0,169.70000000000002,0.0,21.4,28.9,28.9,31.0,300.0,300.0,31.6,35.800000000000004,28.8,28.1,30.0,4.96,1.99,4.97,0.16,0.0,0.0,1027.0,8228.0,0.0,0.0,0.0,0.0,0.0,1.0,0.0,0.0,0.0,0.0,0.0,2.6,0.0,-1.1,0.0,0.0,16.0,25903.0
2026-07-30T19:03:02.510Z,351.993,352.008,0.0,7.4,0.0,0.0,0.0,0.0,0.0,0.0,0.0,0.0,1.0,0.0,0.0,0.0,9.0,4.0,0.0,0.0,0.0,0.0,0.0,0.0,0.0,0.0,6.0,12.0,1.0,12.15,5.01,2.5,1.49,0.0,0.0,0.0,361.4,0.0,0.3,0.1,-1.3,-169.60000000000002,0.0,0.0,169.70000000000002,0.0,21.4,28.9,28.9,31.0,300.0,300.0,31.6,35.800000000000004,28.8,28.1,30.0,4.96,1.99,4.96,0.16,0.0,0.0,1027.0,8228.0,0.0,0.0,0.0,0.0,0.0,1.0,0.0,0.0,0.0,0.0,0.0,-0.7000000000000001,0.0,1.2000000000000002,0.0,0.0,16.0,25903.0
2026-07-30T19:03:02.522Z,352.005,352.02,0.0,7.4,0.0,0.0,0.0,0.0,0.0,0.0,0.0,0.0,1.0,0.0,0.0,0.0,9.0,4.0,0.0,0.0,0.0,0.0,0.0,0.0,0.0,0.0,2.0,12.0,1.0,12.15,5.01,2.5,1.49,0.0,0.0,0.0,361.3,0.0,0.3,0.2,0.4,-169.60000000000002,0.0,0.0,169.70000000000002,0.0,21.4,28.9,28.9,31.0,300.0,300.0,31.6,35.800000000000004,28.8,28.1,30.0,4.95,1.99,4.97,0.16,0.0,0.0,1027.0,8228.0,0.0,0.0,0.0,0.0,0.0,1.0,0.0,0.0,0.0,0.0,0.0,0.5,0.0,-0.3,0.0,0.0,16.0,25903.0
2026-07-30T19:03:02.534Z,352.017,352.032,0.0,7.4,0.0,0.0,0.0,0.0,0.0,0.0,0.0,0.0,1.0,0.0,0.0,0.0,9.0,4.0,0.0,0.0,0.0,0.0,0.0,0.0,0.0,0.0,3.0,12.0,1.0,12.15,5.01,2.5,1.49,0.0,0.0,0.0,361.3,0.0,-0.2,0.2,-0.2,-169.60000000000002,0.0,0.0,169.70000000000002,0.0,21.4,28.9,28.9,31.0,300.0,300.0,31.6,35.800000000000004,28.8,28.1,30.0,4.95,1.99,4.97,0.16,0.0,0.0,1027.0,8228.0,0.0,0.0,0.0,0.0,0.0,1.0,0.0,0.0,0.0,0.0,0.0,0.0,0.0,0.2,0.0,0.0,16.0,25903.0
2026-07-30T19:03:02.546Z,352.029,352.044,0.0,7.4,0.0,0.0,0.0,0.0,0.0,0.0,0.0,0.0,1.0,0.0,0.0,0.0,9.0,4.0,0.0,0.0,0.0,0.0,0.0,0.0,0.0,0.0,4.0,12.0,1.0,12.15,5.01,2.5,1.49,0.0,0.0,0.0,361.4,0.0,0.3,0.2,-0.1,-169.60000000000002,0.0,0.0,169.60000000000002,0.0,21.4,28.9,28.9,31.0,300.0,300.0,31.6,35.800000000000004,28.8,28.1,30.0,4.95,1.99,4.97,0.16,0.0,0.0,1027.0,8228.0,0.0,0.0,0.0,0.0,0.0,1.0,0.0,0.0,0.0,0.0,0.0,0.1,0.0,0.1,0.0,0.0,16.0,25903.0
2026-07-30T19:03:02.558Z,352.041,352.056,0.0,7.4,0.0,0.0,0.0,0.0,0.0,0.0,0.0,0.0,1.0,0.0,0.0,0.0,9.0,4.0,0.0,0.0,0.0,0.0,0.0,0.0,0.0,0.0,5.0,12.0,1.0,12.15,5.01,2.5,1.49,0.0,0.0,0.0,361.4,0.0,-0.2,0.8,1.0,-169.60000000000002,0.0,0.0,169.60000000000002,0.0,21.4,28.9,28.9,31.0,300.0,300.0,31.6,35.800000000000004,28.8,28.1,30.0,4.96,1.99,4.97,0.16,0.0,0.0,1027.0,8228.0,0.0,0.0,0.0,0.0,0.0,1.0,0.0,0.0,0.0,0.0,0.0,1.7000000000000002,0.0,-0.7000000000000001,0.0,0.0,16.0,25903.0
2026-07-30T19:03:02.570Z,352.053,352.068,0.0,7.4,0.0,0.0,0.0,0.0,0.0,0.0,0.0,0.0,1.0,0.0,0.0,0.0,9.0,4.0,0.0,0.0,0.0,0.0,0.0,0.0,0.0,0.0,1.0,12.0,1.0,12.15,5.01,2.5,1.49,0.0,0.0,0.0,361.4,0.0,0.3,0.7000000000000001,-0.7000000000000001,-169.60000000000002,0.0,0.0,169.60000000000002,0.0,21.4,28.9,28.9,31.0,300.0,300.0,31.6,35.800000000000004,28.8,28.1,30.0,4.95,1.99,4.97,0.16,0.0,0.0,1027.0,8228.0,0.0,0.0,0.0,0.0,0.0,1.0,0.0,0.0,0.0,0.0,0.0,0.3,0.0,0.7000000000000001,0.0,0.0,16.0,25903.0
2026-07-30T19:03:02.582Z,352.065,352.08,0.0,7.4,0.0,0.0,0.0,0.0,0.0,0.0,0.0,0.0,1.0,0.0,0.0,0.0,9.0,4.0,0.0,0.0,0.0,0.0,0.0,0.0,0.0,0.0,2.0,12.0,1.0,12.15,5.01,2.5,1.49,0.0,0.0,0.0,361.3,0.0,0.9,0.1,1.6,-169.60000000000002,0.0,0.0,169.70000000000002,0.0,21.4,28.9,28.9,31.0,300.0,300.0,31.6,35.800000000000004,28.8,28.1,30.0,4.95,2.0,4.96,0.16,0.0,0.0,1027.0,8228.0,0.0,0.0,0.0,0.0,0.0,1.0,0.0,0.0,0.0,0.0,0.0,1.4,0.0,-1.4,0.0,0.0,16.0,25903.0
2026-07-30T19:03:02.594Z,352.077,352.092,0.0,7.4,0.0,0.0,0.0,0.0,0.0,0.0,0.0,0.0,1.0,0.0,0.0,0.0,9.0,4.0,0.0,0.0,0.0,0.0,0.0,0.0,0.0,0.0,3.0,12.0,1.0,12.19,5.01,2.51,1.49,0.0,0.0,0.0,361.4,0.0,-0.2,1.3,0.4,-169.60000000000002,0.0,0.0,169.60000000000002,0.0,21.8,28.9,28.9,31.0,300.0,300.0,31.6,35.7,28.9,28.1,30.0,4.95,2.0,4.96,0.16,0.0,0.0,1027.0,8228.0,0.0,0.0,0.0,0.0,0.0,1.0,0.0,0.0,0.0,0.0,0.0,1.8,0.0,-0.1,0.0,0.0,16.0,25903.0
2026-07-30T19:03:02.606Z,352.089,352.104,0.0,7.4,0.0,0.0,0.0,0.0,0.0,0.0,0.0,0.0,1.0,0.0,0.0,0.0,9.0,4.0,0.0,0.0,0.0,0.0,0.0,0.0,0.0,0.0,5.0,12.0,1.0,12.19,5.01,2.51,1.49,0.0,0.0,0.0,361.4,0.0,0.3,-0.3,0.4,-169.60000000000002,0.0,0.0,169.70000000000002,0.0,21.8,28.9,28.9,31.0,300.0,300.0,31.6,35.7,28.9,28.1,30.0,4.95,2.0,4.97,0.16,0.0,0.0,1027.0,8228.0,0.0,0.0,0.0,0.0,0.0,1.0,0.0,0.0,0.0,0.0,0.0,0.0,0.0,-0.4,0.0,0.0,16.0,25903.0
2026-07-30T19:03:02.618Z,352.101,352.116,0.0,7.4,0.0,0.0,0.0,0.0,0.0,0.0,0.0,0.0,1.0,0.0,0.0,0.0,9.0,4.0,0.0,0.0,0.0,0.0,0.0,0.0,0.0,0.0,6.0,12.0,1.0,12.19,5.01,2.51,1.49,0.0,0.0,0.0,361.3,0.0,-1.4,-1.5,-0.6000000000000001,-169.60000000000002,0.0,0.0,169.70000000000002,0.0,21.8,28.9,28.9,31.0,300.0,300.0,31.6,35.7,28.9,28.1,30.0,4.95,1.99,4.97,0.16,0.0,0.0,1027.0,8228.0,0.0,0.0,0.0,0.0,0.0,1.0,0.0,0.0,0.0,0.0,0.0,-2.2,0.0,0.2,0.0,0.0,16.0,25903.0
2026-07-30T19:03:02.630Z,352.113,352.128,0.0,7.4,0.0,0.0,0.0,0.0,0.0,0.0,0.0,0.0,1.0,0.0,0.0,0.0,9.0,4.0,0.0,0.0,0.0,0.0,0.0,0.0,0.0,0.0,2.0,12.0,1.0,12.19,5.01,2.51,1.49,0.0,0.0,0.0,361.3,0.0,-0.2,0.1,0.4,-169.60000000000002,0.0,0.0,169.60000000000002,0.0,21.8,28.9,28.9,31.0,300.0,300.0,31.6,35.7,28.9,28.1,30.0,4.95,1.99,4.96,0.16,0.0,0.0,1027.0,8228.0,0.0,0.0,0.0,0.0,0.0,1.0,0.0,0.0,0.0,0.0,0.0,0.5,0.0,-0.4,0.0,0.0,16.0,25903.0
2026-07-30T19:03:02.642Z,352.125,352.14,0.0,7.4,0.0,0.0,0.0,0.0,0.0,0.0,0.0,0.0,1.0,0.0,0.0,0.0,9.0,4.0,0.0,0.0,0.0,0.0,0.0,0.0,0.0,0.0,3.0,12.0,1.0,12.19,5.01,2.51,1.49,0.0,0.0,0.0,361.3,0.0,0.3,0.7000000000000001,0.0,-169.60000000000002,0.0,0.0,169.60000000000002,0.0,21.8,28.9,28.9,31.0,300.0,300.0,31.6,35.7,28.9,28.1,30.0,4.96,1.99,4.96,0.16,0.0,0.0,1027.0,8228.0,0.0,0.0,0.0,0.0,0.0,1.0,0.0,0.0,0.0,0.0,0.0,0.8,0.0,0.1,0.0,0.0,16.0,25903.0
2026-07-30T19:03:02.654Z,352.137,352.152,0.0,7.4,0.0,0.0,0.0,0.0,0.0,0.0,0.0,0.0,1.0,0.0,0.0,0.0,9.0,4.0,0.0,0.0,0.0,0.0,0.0,0.0,0.0,0.0,4.0,12.0,1.0,12.19,5.01,2.51,1.49,0.0,0.0,0.0,361.4,0.0,-0.2,0.7000000000000001,1.1,-169.60000000000002,0.0,0.0,169.60000000000002,0.0,21.8,28.9,28.9,31.0,300.0,300.0,31.6,35.7,28.9,28.1,30.0,4.95,1.99,4.97,0.16,0.0,0.0,1027.0,8228.0,0.0,0.0,0.0,0.0,0.0,1.0,0.0,0.0,0.0,0.0,0.0,1.7000000000000002,0.0,-0.8,0.0,0.0,16.0,25903.0
2026-07-30T19:03:02.666Z,352.149,352.164,0.0,7.4,0.0,0.0,0.0,0.0,0.0,0.0,0.0,0.0,1.0,0.0,0.0,0.0,9.0,4.0,0.0,0.0,0.0,0.0,0.0,0.0,0.0,0.0,6.0,12.0,1.0,12.19,5.01,2.51,1.49,0.0,0.0,0.0,361.4,0.0,0.3,-0.4,0.5,-169.60000000000002,0.0,0.0,169.70000000000002,0.0,21.8,28.9,28.9,31.0,300.0,300.0,31.6,35.7,28.9,28.1,30.0,4.96,1.99,4.96,0.16,0.0,0.0,1027.0,8228.0,0.0,0.0,0.0,0.0,0.0,1.0,0.0,0.0,0.0,0.0,0.0,-0.1,0.0,-0.5,0.0,0.0,16.0,25903.0
2026-07-30T19:03:02.678Z,352.161,352.176,0.0,7.4,0.0,0.0,0.0,0.0,0.0,0.0,0.0,0.0,1.0,0.0,0.0,0.0,9.0,4.0,0.0,0.0,0.0,0.0,0.0,0.0,0.0,0.0,1.0,12.0,1.0,12.19,5.01,2.51,1.49,0.0,0.0,0.0,361.4,0.0,-0.2,-0.4,0.0,-169.60000000000002,0.0,0.0,169.70000000000002,0.0,21.8,28.9,28.9,31.0,300.0,300.0,31.6,35.7,28.9,28.1,30.0,4.96,1.99,4.97,0.16,0.0,0.0,1027.0,8228.0,0.0,0.0,0.0,0.0,0.0,1.0,0.0,0.0,0.0,0.0,0.0,-0.5,0.0,0.0,0.0,0.0,16.0,25903.0
2026-07-30T19:03:02.690Z,352.173,352.188,0.0,7.4,0.0,0.0,0.0,0.0,0.0,0.0,0.0,0.0,1.0,0.0,0.0,0.0,9.0,4.0,0.0,0.0,0.0,0.0,0.0,0.0,0.0,0.0,2.0,12.0,1.0,12.15,5.0200000000000005,2.51,1.49,0.0,0.1,0.0,361.4,0.0,0.3,0.1,0.5,-169.60000000000002,0.0,0.0,169.60000000000002,0.0,21.700000000000003,28.9,28.9,31.0,300.0,300.0,31.6,35.7,28.9,28.1,29.9,4.95,1.99,4.97,0.16,0.0,0.0,1027.0,8228.0,0.0,0.0,0.0,0.0,0.0,1.0,0.0,0.0,0.0,0.0,0.0,0.5,0.0,-0.4,0.0,0.0,16.0,25903.0
2026-07-30T19:03:02.702Z,352.185,352.2,0.0,7.4,0.0,0.0,0.0,0.0,0.0,0.0,0.0,0.0,1.0,0.0,0.0,0.0,9.0,4.0,0.0,0.0,0.0,0.0,0.0,0.0,0.0,0.0,4.0,12.0,1.0,12.15,5.0200000000000005,2.51,1.49,0.0,0.0,0.0,361.4,0.0,-0.2,0.7000000000000001,-0.1,-169.60000000000002,0.0,0.0,169.70000000000002,0.0,21.700000000000003,28.9,28.9,31.0,300.0,300.0,31.6,35.7,28.9,28.1,29.9,4.95,1.99,4.97,0.16,0.0,0.0,1027.0,8228.0,0.0,0.0,0.0,0.0,0.0,1.0,0.0,0.0,0.0,0.0,0.0,0.7000000000000001,0.0,0.2,0.0,0.0,16.0,25903.0
2026-07-30T19:03:02.714Z,352.197,352.212,0.0,7.4,0.0,0.0,0.0,0.0,0.0,0.0,0.0,0.0,1.0,0.0,0.0,0.0,9.0,4.0,0.0,0.0,0.0,0.0,0.0,0.0,0.0,0.0,6.0,12.0,1.0,12.15,5.0200000000000005,2.51,1.49,0.0,0.0,0.0,361.4,0.0,-0.8,0.7000000000000001,2.2,-169.60000000000002,0.0,0.0,169.60000000000002,0.0,21.700000000000003,28.9,28.9,31.0,300.0,300.0,31.6,35.7,28.9,28.1,29.9,4.96,1.99,4.96,0.16,0.0,0.0,1027.0,8228.0,0.0,0.0,0.0,0.0,0.0,1.0,0.0,0.0,0.0,0.0,0.0,2.5,0.0,-1.7000000000000002,0.0,0.0,16.0,25903.0
2026-07-30T19:03:02.725Z,352.208,352.224,0.0,7.4,0.0,0.0,0.0,0.0,0.0,0.0,0.0,0.0,1.0,0.0,0.0,0.0,9.0,4.0,0.0,0.0,0.0,0.0,0.0,0.0,0.0,0.0,1.0,12.0,1.0,12.15,5.0200000000000005,2.51,1.49,0.0,0.0,0.0,361.3,0.0,0.3,0.0,-0.1,-169.60000000000002,0.0,0.0,169.70000000000002,0.0,21.700000000000003,28.9,28.9,31.0,300.0,300.0,31.6,35.7,28.9,28.1,29.9,4.96,2.0,4.97,0.16,0.0,0.0,1027.0,8228.0,0.0,0.0,0.0,0.0,0.0,1.0,0.0,0.0,0.0,0.0,0.0,0.0,0.0,0.1,0.0,0.0,16.0,25903.0
2026-07-30T19:03:02.738Z,352.221,352.236,0.0,7.4,0.0,0.0,0.0,0.0,0.0,0.0,0.0,0.0,1.0,0.0,0.0,0.0,9.0,4.0,0.0,0.0,0.0,0.0,0.0,0.0,0.0,0.0,2.0,12.0,1.0,12.15,5.0200000000000005,2.51,1.49,0.0,0.0,0.0,361.3,0.0,-0.8,0.0,1.0,-169.60000000000002,0.0,0.0,169.60000000000002,0.0,21.700000000000003,28.9,28.9,31.0,300.0,300.0,31.6,35.7,28.9,28.1,29.9,4.95,1.98,4.97,0.16,0.0,0.0,1027.0,8228.0,0.0,0.0,0.0,0.0,0.0,1.0,0.0,0.0,0.0,0.0,0.0,0.9,0.0,-0.9,0.0,0.0,16.0,25903.0
2026-07-30T19:03:02.750Z,352.233,352.248,0.0,7.4,0.0,0.0,0.0,0.0,0.0,0.0,0.0,0.0,1.0,0.0,0.0,0.0,9.0,4.0,0.0,0.0,0.0,0.0,0.0,0.0,0.0,0.0,4.0,12.0,1.0,12.15,5.0200000000000005,2.51,1.49,0.0,0.0,0.0,361.3,0.0,-1.4,-1.0,0.0,-169.60000000000002,0.0,0.0,169.70000000000002,0.0,21.700000000000003,28.9,28.9,31.0,300.0,300.0,31.6,35.7,28.9,28.1,29.9,4.96,1.98,4.96,0.16,0.0,0.0,1027.0,8228.0,0.0,0.0,0.0,0.0,0.0,1.0,0.0,0.0,0.0,0.0,0.0,-1.2000000000000002,0.0,-0.1,0.0,0.0,16.0,25903.0
2026-07-30T19:03:02.761Z,352.244,352.26,0.0,7.4,0.0,0.0,0.0,0.0,0.0,0.0,0.0,0.0,1.0,0.0,0.0,0.0,9.0,4.0,0.0,0.0,0.0,0.0,0.0,0.0,0.0,0.0,5.0,12.0,1.0,12.15,5.0200000000000005,2.51,1.49,0.0,0.0,0.0,361.4,0.0,0.3,-0.4,-1.2000000000000002,-169.60000000000002,0.0,0.0,169.70000000000002,0.0,21.700000000000003,28.9,28.9,31.0,300.0,300.0,31.6,35.7,28.9,28.1,29.9,4.95,2.0,4.96,0.16,0.0,0.0,1027.0,8228.0,0.0,0.0,0.0,0.0,0.0,1.0,0.0,0.0,0.0,0.0,0.0,-1.4,0.0,0.9,0.0,0.0,16.0,25903.0
2026-07-30T19:03:02.774Z,352.257,352.272,0.0,7.4,0.0,0.0,0.0,0.0,0.0,0.0,0.0,0.0,1.0,0.0,0.0,0.0,9.0,4.0,0.0,0.0,0.0,0.0,0.0,0.0,0.0,0.0,6.0,12.0,1.0,12.15,5.0200000000000005,2.51,1.49,0.0,0.1,0.0,361.3,0.0,-0.2,1.3,0.4,-169.60000000000002,0.0,0.0,169.60000000000002,0.0,21.700000000000003,28.9,28.9,31.0,300.0,300.0,31.6,35.7,28.9,28.1,29.9,4.95,1.99,4.97,0.16,0.0,0.0,1027.0,8228.0,0.0,0.0,0.0,0.0,0.0,1.0,0.0,0.0,0.0,0.0,0.0,1.8,0.0,-0.1,0.0,0.0,16.0,25903.0
2026-07-30T19:03:02.785Z,352.268,352.284,0.0,7.4,0.0,0.0,0.0,0.0,0.0,0.0,0.0,0.0,1.0,0.0,0.0,0.0,9.0,4.0,0.0,0.0,0.0,0.0,0.0,0.0,0.0,0.0,2.0,12.0,1.0,12.15,5.0200000000000005,2.51,1.49,0.0,0.0,0.0,361.4,0.0,0.3,1.3,0.0,-169.60000000000002,0.0,0.0,169.70000000000002,0.0,21.700000000000003,28.9,28.9,31.0,300.0,300.0,31.6,35.7,28.9,28.1,29.9,4.95,1.99,4.97,0.16,0.0,0.0,1027.0,8228.0,0.0,0.0,0.0,0.0,0.0,1.0,0.0,0.0,0.0,0.0,0.0,1.4,0.0,0.3,0.0,0.0,16.0,25903.0
2026-07-30T19:03:02.798Z,352.281,352.296,0.0,7.4,0.0,0.0,0.0,0.0,0.0,0.0,0.0,0.0,1.0,0.0,0.0,0.0,9.0,4.0,0.0,0.0,0.0,0.0,0.0,0.0,0.0,0.0,4.0,12.0,1.0,12.17,5.0200000000000005,2.51,1.5,0.0,0.0,0.0,361.3,0.0,0.3,0.7000000000000001,0.5,-169.60000000000002,0.0,0.0,169.70000000000002,0.0,21.4,28.9,28.9,31.0,300.0,300.0,31.5,35.800000000000004,28.9,28.1,29.9,4.96,1.99,4.96,0.16,0.0,0.0,1027.0,8228.0,0.0,0.0,0.0,0.0,0.0,1.0,0.0,0.0,0.0,0.0,0.0,1.2000000000000002,0.0,-0.3,0.0,0.0,16.0,25903.0
2026-07-30T19:03:02.809Z,352.292,352.308,0.0,7.4,0.0,0.0,0.0,0.0,0.0,0.0,0.0,0.0,1.0,0.0,0.0,0.0,9.0,4.0,0.0,0.0,0.0,0.0,0.0,0.0,0.0,0.0,5.0,12.0,1.0,12.17,5.0200000000000005,2.51,1.5,0.0,0.1,0.0,361.4,0.0,0.3,-1.0,1.1,-169.60000000000002,0.0,0.0,169.60000000000002,0.0,21.4,28.9,28.9,31.0,300.0,300.0,31.5,35.800000000000004,28.9,28.1,29.9,4.95,1.99,4.97,0.16,0.0,0.0,1027.0,8228.0,0.0,0.0,0.0,0.0,0.0,1.0,0.0,0.0,0.0,0.0,0.0,-0.3,0.0,-1.2000000000000002,0.0,0.0,16.0,25903.0
2026-07-30T19:03:02.822Z,352.305,352.32,0.0,7.4,0.0,0.0,0.0,0.0,0.0,0.0,0.0,0.0,1.0,0.0,0.0,0.0,9.0,4.0,0.0,0.0,0.0,0.0,0.0,0.0,0.0,0.0,6.0,12.0,1.0,12.17,5.0200000000000005,2.51,1.5,0.0,0.0,0.0,361.3,0.0,0.3,0.1,1.2000000000000002,-169.60000000000002,0.0,0.0,169.70000000000002,0.0,21.4,28.9,28.9,31.0,300.0,300.0,31.5,35.800000000000004,28.9,28.1,29.9,4.95,1.99,4.97,0.16,0.0,0.0,1027.0,8228.0,0.0,0.0,0.0,0.0,0.0,1.0,0.0,0.0,0.0,0.0,0.0,1.0,0.0,-1.0,0.0,0.0,16.0,25903.0
2026-07-30T19:03:02.834Z,352.317,352.332,0.0,7.4,0.0,0.0,0.0,0.0,0.0,0.0,0.0,0.0,1.0,0.0,0.0,0.0,9.0,4.0,0.0,0.0,0.0,0.0,0.0,0.0,0.0,0.0,2.0,12.0,1.0,12.17,5.0200000000000005,2.51,1.5,0.0,0.0,0.0,361.4,0.0,0.3,1.3,0.0,-169.60000000000002,0.0,0.0,169.60000000000002,0.0,21.4,28.9,28.9,31.0,300.0,300.0,31.5,35.800000000000004,28.9,28.1,29.9,4.96,2.0,4.97,0.16,0.0,0.0,1027.0,8228.0,0.0,0.0,0.0,0.0,0.0,1.0,0.0,0.0,0.0,0.0,0.0,1.5,0.0,0.2,0.0,0.0,16.0,25903.0
2026-07-30T19:03:02.846Z,352.329,352.344,0.0,7.4,0.0,0.0,0.0,0.0,0.0,0.0,0.0,0.0,1.0,0.0,0.0,0.0,9.0,4.0,0.0,0.0,0.0,0.0,0.0,0.0,0.0,0.0,3.0,12.0,1.0,12.17,5.0200000000000005,2.51,1.5,0.0,0.0,0.0,361.3,0.0,-0.2,-1.0,-0.5,-169.60000000000002,0.0,0.0,169.70000000000002,0.0,21.4,28.9,28.9,31.0,300.0,300.0,31.5,35.800000000000004,28.9,28.1,29.9,4.95,2.0,4.97,0.16,0.0,0.0,1027.0,8228.0,0.0,0.0,0.0,0.0,0.0,1.0,0.0,0.0,0.0,0.0,0.0,-1.6,0.0,0.3,0.0,0.0,16.0,25903.0
2026-07-30T19:03:02.858Z,352.341,352.356,0.0,7.4,0.0,0.0,0.0,0.0,0.0,0.0,0.0,0.0,1.0,0.0,0.0,0.0,9.0,4.0,0.0,0.0,0.0,0.0,0.0,0.0,0.0,0.0,4.0,12.0,1.0,12.17,5.0200000000000005,2.51,1.5,0.0,0.0,0.0,361.4,0.0,-0.2,-0.4,-0.6000000000000001,-169.60000000000002,0.0,0.0,169.60000000000002,0.0,21.4,28.9,28.9,31.0,300.0,300.0,31.5,35.800000000000004,28.9,28.1,29.9,4.96,1.99,4.97,0.16,0.0,0.0,1027.0,8228.0,0.0,0.0,0.0,0.0,0.0,1.0,0.0,0.0,0.0,0.0,0.0,-0.9,0.0,0.4,0.0,0.0,16.0,25903.0
2026-07-30T19:03:02.870Z,352.353,352.368,0.0,7.4,0.0,0.0,0.0,0.0,0.0,0.0,0.0,0.0,1.0,0.0,0.0,0.0,9.0,4.0,0.0,0.0,0.0,0.0,0.0,0.0,0.0,0.0,6.0,12.0,1.0,12.17,5.0200000000000005,2.51,1.5,0.0,0.0,0.0,361.4,0.0,-0.2,-0.4,-0.5,-169.60000000000002,0.0,0.0,169.70000000000002,0.0,21.4,28.9,28.9,31.0,300.0,300.0,31.5,35.800000000000004,28.9,28.1,29.9,4.96,1.99,4.96,0.16,0.0,0.0,1027.0,8228.0,0.0,0.0,0.0,0.0,0.0,1.0,0.0,0.0,0.0,0.0,0.0,-0.9,0.0,0.4,0.0,0.0,16.0,25903.0
2026-07-30T19:03:02.882Z,352.365,352.38,0.0,7.4,0.0,0.0,0.0,0.0,0.0,0.0,0.0,0.0,1.0,0.0,0.0,0.0,9.0,4.0,0.0,0.0,0.0,0.0,0.0,0.0,0.0,0.0,1.0,12.0,1.0,12.17,5.0200000000000005,2.51,1.5,0.0,0.0,0.0,361.3,0.0,-0.2,-0.4,-0.5,-169.60000000000002,0.0,0.0,169.60000000000002,0.0,21.4,28.9,28.9,31.0,300.0,300.0,31.5,35.800000000000004,28.9,28.1,29.9,4.96,2.0,4.96,0.15,0.0,0.0,1027.0,8228.0,0.0,0.0,0.0,0.0,0.0,1.0,0.0,0.0,0.0,0.0,0.0,-0.8,0.0,0.4,0.0,0.0,16.0,25903.0
2026-07-30T19:03:02.894Z,352.377,352.392,0.0,7.4,0.0,0.0,0.0,0.0,0.0,0.0,0.0,0.0,1.0,0.0,0.0,0.0,9.0,4.0,0.0,0.0,0.0,0.0,0.0,0.0,0.0,0.0,3.0,12.0,1.0,12.11,5.0200000000000005,2.51,1.49,0.0,0.0,0.0,361.4,0.0,0.3,0.1,0.0,-169.60000000000002,0.0,0.0,169.60000000000002,0.0,21.8,28.9,28.9,31.0,300.0,300.0,31.6,35.9,28.9,28.1,30.0,4.95,2.0,4.97,0.16,0.0,0.0,1027.0,8228.0,0.0,0.0,0.0,0.0,0.0,1.0,0.0,0.0,0.0,0.0,0.0,0.1,0.0,0.0,0.0,0.0,16.0,25903.0
2026-07-30T19:03:02.906Z,352.389,352.404,0.0,7.4,0.0,0.0,0.0,0.0,0.0,0.0,0.0,0.0,1.0,0.0,0.0,0.0,9.0,4.0,0.0,0.0,0.0,0.0,0.0,0.0,0.0,0.0,4.0,12.0,1.0,12.11,5.0200000000000005,2.51,1.49,0.0,0.1,0.0,361.3,0.0,0.3,-0.4,0.0,-169.60000000000002,0.0,0.0,169.60000000000002,0.0,21.8,28.9,28.9,31.0,300.0,300.0,31.6,35.9,28.9,28.1,30.0,4.96,1.99,4.97,0.16,0.0,0.0,1027.0,8228.0,0.0,0.0,0.0,0.0,0.0,1.0,0.0,0.0,0.0,0.0,0.0,-0.5,0.0,0.0,0.0,0.0,16.0,25903.0
2026-07-30T19:03:02.917Z,352.4,352.416,0.0,7.4,0.0,0.0,0.0,0.0,0.0,0.0,0.0,0.0,1.0,0.0,0.0,0.0,9.0,4.0,0.0,0.0,0.0,0.0,0.0,0.0,0.0,0.0,5.0,12.0,1.0,12.11,5.0200000000000005,2.51,1.49,0.0,0.0,0.0,361.3,0.0,0.3,0.1,1.6,-169.60000000000002,0.0,0.0,169.60000000000002,0.0,21.8,28.9,28.9,31.0,300.0,300.0,31.6,35.9,28.9,28.1,30.0,4.96,1.99,4.96,0.16,0.0,0.0,1027.0,8228.0,0.0,0.0,0.0,0.0,0.0,1.0,0.0,0.0,0.0,0.0,0.0,1.4,0.0,-1.4,0.0,0.0,16.0,25903.0
2026-07-30T19:03:02.930Z,352.413,352.428,0.0,7.4,0.0,0.0,0.0,0.0,0.0,0.0,0.0,0.0,1.0,0.0,0.0,0.0,9.0,4.0,0.0,0.0,0.0,0.0,0.0,0.0,0.0,0.0,6.0,12.0,1.0,12.11,5.0200000000000005,2.51,1.49,0.0,0.0,0.0,361.4,0.0,0.9,0.1,0.0,-169.60000000000002,0.0,0.0,169.60000000000002,0.0,21.8,28.9,28.9,31.0,300.0,300.0,31.6,35.9,28.9,28.1,30.0,4.95,1.99,4.96,0.16,0.0,0.0,1027.0,8228.0,0.0,0.0,0.0,0.0,0.0,1.0,0.0,0.0,0.0,0.0,0.0,0.0,0.0,0.0,0.0,0.0,16.0,25903.0
2026-07-30T19:03:02.942Z,352.425,352.44,0.0,7.4,0.0,0.0,0.0,0.0,0.0,0.0,0.0,0.0,1.0,0.0,0.0,0.0,9.0,4.0,0.0,0.0,0.0,0.0,0.0,0.0,0.0,0.0,2.0,12.0,1.0,12.11,5.0200000000000005,2.51,1.49,0.0,0.0,0.0,361.4,0.0,-0.2,-1.0,-0.6000000000000001,-169.60000000000002,0.0,0.0,169.60000000000002,0.0,21.8,28.9,28.9,31.0,300.0,300.0,31.6,35.9,28.9,28.1,30.0,4.96,1.99,4.97,0.16,0.0,0.0,1027.0,8228.0,0.0,0.0,0.0,0.0,0.0,1.0,0.0,0.0,0.0,0.0,0.0,-1.6,0.0,0.3,0.0,0.0,16.0,25903.0
2026-07-30T19:03:02.954Z,352.437,352.452,0.0,7.4,0.0,0.0,0.0,0.0,0.0,0.0,0.0,0.0,1.0,0.0,0.0,0.0,9.0,4.0,0.0,0.0,0.0,0.0,0.0,0.0,0.0,0.0,4.0,12.0,1.0,12.11,5.0200000000000005,2.51,1.49,0.0,0.0,0.0,361.3,0.0,0.3,0.7000000000000001,0.0,-169.60000000000002,0.0,0.0,169.70000000000002,0.0,21.8,28.9,28.9,31.0,300.0,300.0,31.6,35.9,28.9,28.1,30.0,4.96,2.0,4.96,0.16,0.0,0.0,1027.0,8228.0,0.0,0.0,0.0,0.0,0.0,1.0,0.0,0.0,0.0,0.0,0.0,-0.8,0.0,-0.6000000000000001,0.0,0.0,16.0,25903.0
2026-07-30T19:03:02.966Z,352.449,352.464,0.0,7.4,0.0,0.0,0.0,0.0,0.0,0.0,0.0,0.0,1.0,0.0,0.0,0.0,9.0,4.0,0.0,0.0,0.0,0.0,0.0,0.0,0.0,0.0,5.0,12.0,1.0,12.11,5.0200000000000005,2.51,1.49,0.0,0.0,0.0,361.4,0.0,0.3,1.2000000000000002,-0.1,-169.60000000000002,0.0,0.0,169.60000000000002,0.0,21.8,28.9,28.9,31.0,300.0,300.0,31.6,35.9,28.9,28.1,30.0,4.96,1.99,4.97,0.16,0.0,0.0,1027.0,8228.0,0.0,0.0,0.0,0.0,0.0,1.0,0.0,0.0,0.0,0.0,0.0,-1.0,0.0,0.5,0.0,0.0,16.0,25903.0
2026-07-30T19:03:02.978Z,352.461,352.476,0.0,7.4,0.0,0.0,0.0,0.0,0.0,0.0,0.0,0.0,1.0,0.0,0.0,0.0,9.0,4.0,0.0,0.0,0.0,0.0,0.0,0.0,0.0,0.0,1.0,12.0,1.0,12.11,5.0200000000000005,2.51,1.49,0.0,0.0,0.0,361.3,0.0,0.8,0.6000000000000001,1.0,-169.60000000000002,0.0,0.0,169.60000000000002,0.0,21.8,28.9,28.9,31.0,300.0,300.0,31.6,35.9,28.9,28.1,30.0,4.95,1.99,4.97,0.16,0.0,0.0,1027.0,8228.0,0.0,0.0,0.0,0.0,0.0,1.0,0.0,0.0,0.0,0.0,0.0,0.9,0.0,-0.9,0.0,0.0,16.0,25903.0
2026-07-30T19:03:02.989Z,352.472,352.488,0.0,7.4,0.0,0.0,0.0,0.0,0.0,0.0,0.0,0.0,1.0,0.0,0.0,0.0,9.0,4.0,0.0,0.0,0.0,0.0,0.0,0.0,0.0,0.0,2.0,12.0,1.0,12.11,5.0200000000000005,2.51,1.49,0.0,0.1,0.0,361.3,0.0,0.9,-0.4,1.0,-169.60000000000002,0.0,0.0,169.70000000000002,0.0,21.8,28.9,28.9,31.0,300.0,300.0,31.6,35.9,28.9,28.1,30.0,4.96,1.99,4.96,0.16,0.0,0.0,1027.0,8228.0,0.0,0.0,0.0,0.0,0.0,1.0,0.0,0.0,0.0,0.0,0.0,0.2,0.0,-1.0,0.0,0.0,16.0,25903.0
2026-07-30T19:03:03.002Z,352.485,352.5,0.0,7.4,0.0,0.0,0.0,0.0,0.0,0.0,0.0,0.0,1.0,0.0,0.0,0.0,9.0,4.0,0.0,0.0,0.0,0.0,0.0,0.0,0.0,0.0,3.0,12.0,1.0,12.15,5.01,2.51,1.49,0.0,0.0,0.0,361.3,0.0,-0.2,-1.0,0.4,-169.60000000000002,0.0,0.0,169.70000000000002,0.0,21.700000000000003,28.9,28.9,30.9,300.0,300.0,31.6,35.9,28.9,28.1,30.0,4.95,1.99,4.96,0.16,0.0,0.0,1027.0,8228.0,0.0,0.0,0.0,0.0,0.0,1.0,0.0,0.0,0.0,0.0,0.0,-0.8,0.0,-0.6000000000000001,0.0,0.0,16.0,25903.0
2026-07-30T19:03:03.014Z,352.497,352.512,0.0,7.4,0.0,0.0,0.0,0.0,0.0,0.0,0.0,0.0,1.0,0.0,0.0,0.0,9.0,4.0,0.0,0.0,0.0,0.0,0.0,0.0,0.0,0.0,5.0,12.0,1.0,12.15,5.01,2.51,1.49,0.0,0.0,0.0,361.3,0.0,0.9,0.6000000000000001,0.4,-169.60000000000002,0.0,0.0,169.70000000000002,0.0,21.700000000000003,28.9,28.9,30.9,300.0,300.0,31.6,35.9,28.9,28.1,30.0,4.95,1.99,4.97,0.16,0.0,0.0,1027.0,8228.0,0.0,0.0,0.0,0.0,0.0,1.0,0.0,0.0,0.0,0.0,0.0,1.1,0.0,-0.2,0.0,0.0,16.0,25903.0
2026-07-30T19:03:03.025Z,352.508,352.524,0.0,7.4,0.0,0.0,0.0,0.0,0.0,0.0,0.0,0.0,1.0,0.0,0.0,0.0,9.0,4.0,0.0,0.0,0.0,0.0,0.0,0.0,0.0,0.0,6.0,12.0,1.0,12.15,5.01,2.51,1.49,0.0,0.0,0.0,361.4,0.0,0.3,1.2000000000000002,1.0,-169.60000000000002,0.0,0.0,169.8,0.0,21.700000000000003,28.9,28.9,30.9,300.0,300.0,31.6,35.9,28.9,28.1,30.0,4.95,1.99,4.97,0.16,0.0,0.0,1027.0,8228.0,0.0,0.0,0.0,0.0,0.0,1.0,0.0,0.0,0.0,0.0,0.0,2.2,0.0,-0.7000000000000001,0.0,0.0,16.0,25903.0
2026-07-30T19:03:03.038Z,352.521,352.536,0.0,7.4,0.0,0.0,0.0,0.0,0.0,0.0,0.0,0.0,1.0,0.0,0.0,0.0,9.0,4.0,0.0,0.0,0.0,0.0,0.0,0.0,0.0,0.0,2.0,12.0,1.0,12.15,5.01,2.51,1.49,0.0,0.0,0.0,361.3,0.0,-0.2,-1.0,-0.7000000000000001,-169.60000000000002,0.0,0.0,169.8,0.0,21.700000000000003,28.9,28.9,30.9,300.0,300.0,31.6,35.9,28.9,28.1,30.0,4.96,1.99,4.96,0.16,0.0,0.0,1027.0,8228.0,0.0,0.0,0.0,0.0,0.0,1.0,0.0,0.0,0.0,0.0,0.0,-1.7000000000000002,0.0,0.4,0.0,0.0,16.0,25903.0
2026-07-30T19:03:03.050Z,352.533,352.548,0.0,7.4,0.0,0.0,0.0,0.0,0.0,0.0,0.0,0.0,1.0,0.0,0.0,0.0,9.0,4.0,0.0,0.0,0.0,0.0,0.0,0.0,0.0,0.0,2.0,12.0,1.0,12.15,5.01,2.51,1.49,0.0,0.0,0.0,361.4,0.0,0.9,-0.4,-0.1,-169.60000000000002,0.0,0.0,169.60000000000002,0.0,21.700000000000003,28.9,28.9,30.9,300.0,300.0,31.6,35.9,28.9,28.1,30.0,4.95,2.0,4.97,0.16,0.0,0.0,1027.0,8228.0,0.0,0.0,0.0,0.0,0.0,1.0,0.0,0.0,0.0,0.0,0.0,-0.6000000000000001,0.0,0.0,0.0,0.0,16.0,25903.0
2026-07-30T19:03:03.061Z,352.544,352.56,0.0,7.4,0.0,0.0,0.0,0.0,0.0,0.0,0.0,0.0,1.0,0.0,0.0,0.0,9.0,4.0,0.0,0.0,0.0,0.0,0.0,0.0,0.0,0.0,4.0,12.0,1.0,12.15,5.01,2.51,1.49,0.0,0.1,0.0,361.4,0.0,0.2,1.2000000000000002,-0.7000000000000001,-169.60000000000002,0.0,0.0,169.70000000000002,0.0,21.700000000000003,28.9,28.9,30.9,300.0,300.0,31.6,35.9,28.9,28.1,30.0,4.95,2.0,4.97,0.16,0.0,0.0,1027.0,8228.0,0.0,0.0,0.0,0.0,0.0,1.0,0.0,0.0,0.0,0.0,0.0,0.9,0.0,0.9,0.0,0.0,16.0,25903.0
2026-07-30T19:03:03.074Z,352.557,352.572,0.0,7.4,0.0,0.0,0.0,0.0,0.0,0.0,0.0,0.0,1.0,0.0,0.0,0.0,9.0,4.0,0.0,0.0,0.0,0.0,0.0,0.0,0.0,0.0,5.0,12.0,1.0,12.15,5.01,2.51,1.49,0.0,0.0,0.0,361.4,0.0,-0.2,0.1,-0.7000000000000001,-169.60000000000002,0.0,0.0,169.60000000000002,0.0,21.700000000000003,28.9,28.9,30.9,300.0,300.0,31.6,35.9,28.9,28.1,30.0,4.96,1.99,4.97,0.16,0.0,0.0,1027.0,8228.0,0.0,0.0,0.0,0.0,0.0,1.0,0.0,0.0,0.0,0.0,0.0,-0.4,0.0,0.6000000000000001,0.0,0.0,16.0,25903.0
2026-07-30T19:03:03.086Z,352.569,352.584,0.0,7.4,0.0,0.0,0.0,0.0,0.0,0.0,0.0,0.0,1.0,0.0,0.0,0.0,9.0,4.0,0.0,0.0,0.0,0.0,0.0,0.0,0.0,0.0,1.0,12.0,1.0,12.15,5.01,2.51,1.49,0.0,0.0,0.0,361.3,0.0,-0.8,-0.4,0.4,-169.60000000000002,0.0,0.0,169.8,0.0,21.700000000000003,28.9,28.9,30.9,300.0,300.0,31.6,35.9,28.9,28.1,30.0,4.96,1.99,4.97,0.16,0.0,0.0,1027.0,8228.0,0.0,0.0,0.0,0.0,0.0,1.0,0.0,0.0,0.0,0.0,0.0,-0.2,0.0,-0.4,0.0,0.0,16.0,25903.0
2026-07-30T19:03:03.098Z,352.581,352.596,0.0,7.4,0.0,0.0,0.0,0.0,0.0,0.0,0.0,0.0,1.0,0.0,0.0,0.0,9.0,4.0,0.0,0.0,0.0,0.0,0.0,0.0,0.0,0.0,2.0,12.0,1.0,12.17,5.01,2.51,1.49,0.0,0.1,0.0,361.4,0.0,-0.3,-0.4,1.0,-169.60000000000002,0.0,0.0,169.60000000000002,0.0,21.3,28.9,28.9,31.0,300.0,300.0,31.700000000000003,35.9,28.9,28.1,30.0,4.95,1.99,4.97,0.16,0.0,0.0,1027.0,8228.0,0.0,0.0,0.0,0.0,0.0,1.0,0.0,0.0,0.0,0.0,0.0,0.2,0.0,-1.0,0.0,0.0,16.0,25903.0
2026-07-30T19:03:03.109Z,352.592,352.608,0.0,7.4,0.0,0.0,0.0,0.0,0.0,0.0,0.0,0.0,1.0,0.0,0.0,0.0,9.0,4.0,0.0,0.0,0.0,0.0,0.0,0.0,0.0,0.0,4.0,12.0,1.0,12.17,5.01,2.51,1.49,0.0,0.0,0.0,361.3,0.0,0.2,1.3,1.6,-169.60000000000002,0.0,0.0,169.60000000000002,0.0,21.3,28.9,28.9,31.0,300.0,300.0,31.700000000000003,35.9,28.9,28.1,30.0,4.95,1.99,4.96,0.16,0.0,0.0,1027.0,8228.0,0.0,0.0,0.0,0.0,0.0,1.0,0.0,0.0,0.0,0.0,0.0,2.7,0.0,-1.1,0.0,0.0,16.0,25903.0
2026-07-30T19:03:03.122Z,352.605,352.62,0.0,7.4,0.0,0.0,0.0,0.0,0.0,0.0,0.0,0.0,1.0,0.0,0.0,0.0,9.0,4.0,0.0,0.0,0.0,0.0,0.0,0.0,0.0,0.0,5.0,12.0,1.0,12.17,5.01,2.51,1.49,0.0,0.0,0.0,361.3,0.0,-0.8,1.3,0.4,-169.60000000000002,0.0,0.0,169.60000000000002,0.0,21.3,28.9,28.9,31.0,300.0,300.0,31.700000000000003,35.9,28.9,28.1,30.0,4.96,1.99,4.96,0.16,0.0,0.0,1027.0,8228.0,0.0,0.0,0.0,0.0,0.0,1.0,0.0,0.0,0.0,0.0,0.0,1.8,0.0,-0.1,0.0,0.0,16.0,25903.0
2026-07-30T19:03:03.134Z,352.617,352.632,0.0,7.4,0.0,0.0,0.0,0.0,0.0,0.0,0.0,0.0,1.0,0.0,0.0,0.0,9.0,4.0,0.0,0.0,0.0,0.0,0.0,0.0,0.0,0.0,6.0,12.0,1.0,12.17,5.01,2.51,1.49,0.0,0.0,0.0,361.4,0.0,0.2,0.1,-0.7000000000000001,-169.60000000000002,0.0,0.0,169.70000000000002,0.0,21.3,28.9,28.9,31.0,300.0,300.0,31.700000000000003,35.9,28.9,28.1,30.0,4.95,1.99,4.97,0.16,0.0,0.0,1027.0,8228.0,0.0,0.0,0.0,0.0,0.0,1.0,0.0,0.0,0.0,0.0,0.0,-0.3,0.0,0.6000000000000001,0.0,0.0,16.0,25903.0
2026-07-30T19:03:03.146Z,352.629,352.644,0.0,7.4,0.0,0.0,0.0,0.0,0.0,0.0,0.0,0.0,1.0,0.0,0.0,0.0,9.0,4.0,0.0,0.0,0.0,0.0,0.0,0.0,0.0,0.0,1.0,12.0,1.0,12.17,5.01,2.51,1.49,0.0,0.0,0.0,361.4,0.0,0.2,0.1,0.4,-169.60000000000002,0.0,0.0,169.70000000000002,0.0,21.3,28.9,28.9,31.0,300.0,300.0,31.700000000000003,35.9,28.9,28.1,30.0,4.96,1.99,4.97,0.16,0.0,0.0,1027.0,8228.0,0.0,0.0,0.0,0.0,0.0,1.0,0.0,0.0,0.0,0.0,0.0,0.4,0.0,-0.3,0.0,0.0,16.0,25903.0
2026-07-30T19:03:03.158Z,352.641,352.656,0.0,7.4,0.0,0.0,0.0,0.0,0.0,0.0,0.0,0.0,1.0,0.0,0.0,0.0,9.0,4.0,0.0,0.0,0.0,0.0,0.0,0.0,0.0,0.0,2.0,12.0,1.0,12.17,5.01,2.51,1.49,0.0,0.1,0.0,361.4,0.0,-0.8,1.2000000000000002,1.0,-169.60000000000002,0.0,0.0,169.60000000000002,0.0,21.3,28.9,28.9,31.0,300.0,300.0,31.700000000000003,35.9,28.9,28.1,30.0,4.96,1.99,4.96,0.16,0.0,0.0,1027.0,8228.0,0.0,0.0,0.0,0.0,0.0,1.0,0.0,0.0,0.0,0.0,0.0,2.2,0.0,-0.6000000000000001,0.0,0.0,16.0,25903.0
2026-07-30T19:03:03.170Z,352.653,352.668,0.0,7.4,0.0,0.0,0.0,0.0,0.0,0.0,0.0,0.0,1.0,0.0,0.0,0.0,9.0,4.0,0.0,0.0,0.0,0.0,0.0,0.0,0.0,0.0,4.0,12.0,1.0,12.17,5.01,2.51,1.49,0.0,0.0,0.0,361.4,0.0,0.2,0.6000000000000001,1.0,-169.60000000000002,0.0,0.0,169.70000000000002,0.0,21.3,28.9,28.9,31.0,300.0,300.0,31.700000000000003,35.9,28.9,28.1,30.0,4.96,1.99,4.96,0.16,0.0,0.0,1027.0,8228.0,0.0,0.0,0.0,0.0,0.0,1.0,0.0,0.0,0.0,0.0,0.0,1.5,0.0,-0.7000000000000001,0.0,0.0,16.0,25903.0
2026-07-30T19:03:03.181Z,352.664,352.68,0.0,7.4,0.0,0.0,0.0,0.0,0.0,0.0,0.0,0.0,1.0,0.0,0.0,0.0,9.0,4.0,0.0,0.0,0.0,0.0,0.0,0.0,0.0,0.0,5.0,12.0,1.0,12.17,5.01,2.51,1.49,0.0,0.0,0.0,361.3,0.0,0.8,0.6000000000000001,-0.1,-169.60000000000002,0.0,0.0,169.8,0.0,21.3,28.9,28.9,31.0,300.0,300.0,31.700000000000003,35.9,28.9,28.1,30.0,4.95,1.99,4.96,0.16,0.0,0.0,1027.0,8228.0,0.0,0.0,0.0,0.0,0.0,1.0,0.0,0.0,0.0,0.0,0.0,0.6000000000000001,0.0,0.3,0.0,0.0,16.0,25903.0
2026-07-30T19:03:03.194Z,352.677,352.692,0.0,7.4,0.0,0.0,0.0,0.0,0.0,0.0,0.0,0.0,1.0,0.0,0.0,0.0,9.0,4.0,0.0,0.0,0.0,0.0,0.0,0.0,0.0,0.0,6.0,12.0,1.0,12.17,5.01,2.51,1.49,0.0,0.0,0.0,361.4,0.0,0.3,-1.0,-1.3,-169.60000000000002,0.0,0.0,169.70000000000002,0.0,21.3,28.9,28.9,31.0,300.0,300.0,31.700000000000003,35.9,28.9,28.1,30.0,4.95,1.99,4.96,0.16,0.0,0.0,1027.0,8228.0,0.0,0.0,0.0,0.0,0.0,1.0,0.0,0.0,0.0,0.0,0.0,-2.2,0.0,0.9,0.0,0.0,16.0,25903.0
2026-07-30T19:03:03.206Z,352.689,352.704,0.0,7.4,0.0,0.0,0.0,0.0,0.0,0.0,0.0,0.0,1.0,0.0,0.0,0.0,9.0,4.0,0.0,0.0,0.0,0.0,0.0,0.0,0.0,0.0,2.0,12.0,1.0,12.17,5.0200000000000005,2.5,1.49,0.0,0.0,0.0,361.3,0.0,0.3,0.1,0.9,-169.60000000000002,0.0,0.0,169.70000000000002,0.0,21.700000000000003,28.9,28.9,31.0,300.0,300.0,31.6,35.9,28.9,28.1,30.0,4.95,1.99,4.97,0.16,0.0,0.0,1027.0,8228.0,0.0,0.0,0.0,0.0,0.0,1.0,0.0,0.0,0.0,0.0,0.0,0.8,0.0,-0.7000000000000001,0.0,0.0,16.0,25903.0
2026-07-30T19:03:03.218Z,352.701,352.716,0.0,7.4,0.0,0.0,0.0,0.0,0.0,0.0,0.0,0.0,1.0,0.0,0.0,0.0,9.0,4.0,0.0,0.0,0.0,0.0,0.0,0.0,0.0,0.0,3.0,12.0,1.0,12.17,5.0200000000000005,2.5,1.49,0.0,0.0,0.0,361.3,0.0,0.2,1.3,0.3,-169.60000000000002,0.0,0.0,169.70000000000002,0.0,21.700000000000003,28.9,28.9,31.0,300.0,300.0,31.6,35.9,28.9,28.1,30.0,4.95,1.99,4.97,0.16,0.0,0.0,1027.0,8228.0,0.0,0.0,0.0,0.0,0.0,1.0,0.0,0.0,0.0,0.0,0.0,1.7000000000000002,0.0,0.0,0.0,0.0,16.0,25903.0
2026-07-30T19:03:03.229Z,352.712,352.728,0.0,7.4,0.0,0.0,0.0,0.0,0.0,0.0,0.0,0.0,1.0,0.0,0.0,0.0,9.0,4.0,0.0,0.0,0.0,0.0,0.0,0.0,0.0,0.0,4.0,12.0,1.0,12.17,5.0200000000000005,2.5,1.49,0.0,0.0,0.0,361.4,0.0,-0.3,0.1,0.3,-169.60000000000002,0.0,0.0,169.70000000000002,0.0,21.700000000000003,28.9,28.9,31.0,300.0,300.0,31.6,35.9,28.9,28.1,30.0,4.96,1.99,4.96,0.16,0.0,0.0,1027.0,8228.0,0.0,0.0,0.0,0.0,0.0,1.0,0.0,0.0,0.0,0.0,0.0,0.4,0.0,-0.3,0.0,0.0,16.0,25903.0
2026-07-30T19:03:03.242Z,352.725,352.74,0.0,7.4,0.0,0.0,0.0,0.0,0.0,0.0,0.0,0.0,1.0,0.0,0.0,0.0,9.0,4.0,0.0,0.0,0.0,0.0,0.0,0.0,0.0,0.0,5.0,12.0,1.0,12.17,5.0200000000000005,2.5,1.49,0.0,0.0,0.0,361.4,0.0,0.2,0.1,-0.1,-169.60000000000002,0.0,0.0,169.70000000000002,0.0,21.700000000000003,28.9,28.9,31.0,300.0,300.0,31.6,35.9,28.9,28.1,30.0,4.95,2.0,4.97,0.16,0.0,0.0,1027.0,8228.0,0.0,0.0,0.0,0.0,0.0,1.0,0.0,0.0,0.0,0.0,0.0,0.0,0.0,0.1,0.0,0.0,16.0,25903.0
2026-07-30T19:03:03.254Z,352.737,352.752,0.0,7.4,0.0,0.0,0.0,0.0,0.0,0.0,0.0,0.0,1.0,0.0,0.0,0.0,9.0,4.0,0.0,0.0,0.0,0.0,0.0,0.0,0.0,0.0,6.0,12.0,1.0,12.17,5.0200000000000005,2.5,1.49,0.0,0.1,0.0,361.4,0.0,-0.2,0.1,-0.1,-169.60000000000002,0.0,0.0,169.60000000000002,0.0,21.700000000000003,28.9,28.9,31.0,300.0,300.0,31.6,35.9,28.9,28.1,30.0,4.95,1.99,4.96,0.16,0.0,0.0,1027.0,8228.0,0.0,0.0,0.0,0.0,0.0,1.0,0.0,0.0,0.0,0.0,0.0,0.1,0.0,0.1,0.0,0.0,16.0,25903.0
2026-07-30T19:03:03.266Z,352.749,352.764,0.0,7.4,0.0,0.0,0.0,0.0,0.0,0.0,0.0,0.0,1.0,0.0,0.0,0.0,9.0,4.0,0.0,0.0,0.0,0.0,0.0,0.0,0.0,0.0,2.0,12.0,1.0,12.17,5.0200000000000005,2.5,1.49,0.0,0.0,0.0,361.4,0.0,-0.2,1.3,1.0,-169.60000000000002,0.0,0.0,169.70000000000002,0.0,21.700000000000003,28.9,28.9,31.0,300.0,300.0,31.6,35.9,28.9,28.1,30.0,4.95,1.99,4.96,0.16,0.0,0.0,1027.0,8228.0,0.0,0.0,0.0,0.0,0.0,1.0,0.0,0.0,0.0,0.0,0.0,2.3000000000000003,0.0,-0.6000000000000001,0.0,0.0,16.0,25903.0
2026-07-30T19:03:03.278Z,352.761,352.776,0.0,7.4,0.0,0.0,0.0,0.0,0.0,0.0,0.0,0.0,1.0,0.0,0.0,0.0,9.0,4.0,0.0,0.0,0.0,0.0,0.0,0.0,0.0,0.0,2.0,12.0,1.0,12.17,5.0200000000000005,2.5,1.49,0.0,0.0,0.0,361.3,0.0,0.3,-0.3,0.4,-169.60000000000002,0.0,0.0,169.70000000000002,0.0,21.700000000000003,28.9,28.9,31.0,300.0,300.0,31.6,35.9,28.9,28.1,30.0,4.96,1.99,4.96,0.16,0.0,0.0,1027.0,8228.0,0.0,0.0,0.0,0.0,0.0,1.0,0.0,0.0,0.0,0.0,0.0,0.0,0.0,-0.5,0.0,0.0,16.0,25903.0
2026-07-30T19:03:03.290Z,352.773,352.788,0.0,7.4,0.0,0.0,0.0,0.0,0.0,0.0,0.0,0.0,1.0,0.0,0.0,0.0,9.0,4.0,0.0,0.0,0.0,0.0,0.0,0.0,0.0,0.0,3.0,12.0,1.0,12.17,5.0200000000000005,2.5,1.49,0.0,0.1,0.0,361.3,0.0,-0.8,-0.9,0.4,-169.60000000000002,0.0,0.0,169.60000000000002,0.0,21.700000000000003,28.9,28.9,31.0,300.0,300.0,31.6,35.9,28.9,28.1,30.0,4.95,1.99,4.97,0.16,0.0,0.0,1027.0,8228.0,0.0,0.0,0.0,0.0,0.0,1.0,0.0,0.0,0.0,0.0,0.0,-0.7000000000000001,0.0,-0.5,0.0,0.0,16.0,25903.0
2026-07-30T19:03:03.303Z,352.786,352.8,0.0,7.4,0.0,0.0,0.0,0.0,0.0,0.0,0.0,0.0,1.0,0.0,0.0,0.0,9.0,4.0,0.0,0.0,0.0,0.0,0.0,0.0,0.0,0.0,4.0,12.0,1.0,12.15,5.0200000000000005,2.51,1.49,0.0,0.0,0.0,361.3,0.0,-0.7000000000000001,0.7000000000000001,-0.7000000000000001,-169.60000000000002,0.0,0.0,169.60000000000002,0.0,21.4,28.9,28.9,31.0,300.0,300.0,31.700000000000003,35.9,28.9,28.1,30.0,4.95,1.99,4.96,0.16,0.0,0.0,1027.0,8228.0,0.0,0.0,0.0,0.0,0.0,1.0,0.0,0.0,0.0,0.0,0.0,0.2,0.0,0.8,0.0,0.0,16.0,25903.0
2026-07-30T19:03:03.314Z,352.797,352.812,0.0,7.4,0.0,0.0,0.0,0.0,0.0,0.0,0.0,0.0,1.0,0.0,0.0,0.0,9.0,4.0,0.0,0.0,0.0,0.0,0.0,0.0,0.0,0.0,5.0,12.0,1.0,12.15,5.0200000000000005,2.51,1.49,0.0,0.0,0.0,361.4,0.0,1.5,0.2,-0.1,-169.60000000000002,0.0,0.0,169.60000000000002,0.0,21.4,28.9,28.9,31.0,300.0,300.0,31.700000000000003,35.9,28.9,28.1,30.0,4.96,2.0,4.96,0.16,0.0,0.0,1027.0,8228.0,0.0,0.0,0.0,0.0,0.0,1.0,0.0,0.0,0.0,0.0,0.0,0.1,0.0,0.1,0.0,0.0,16.0,25903.0
2026-07-30T19:03:03.326Z,352.809,352.824,0.0,7.4,0.0,0.0,0.0,0.0,0.0,0.0,0.0,0.0,1.0,0.0,0.0,0.0,9.0,4.0,0.0,0.0,0.0,0.0,0.0,0.0,0.0,0.0,6.0,12.0,1.0,12.15,5.0200000000000005,2.51,1.49,0.0,0.1,0.0,361.4,0.0,0.4,-0.3,1.0,-169.60000000000002,0.0,0.0,169.70000000000002,0.0,21.4,28.9,28.9,31.0,300.0,300.0,31.700000000000003,35.9,28.9,28.1,30.0,4.96,2.0,4.97,0.16,0.0,0.0,1027.0,8228.0,0.0,0.0,0.0,0.0,0.0,1.0,0.0,0.0,0.0,0.0,0.0,0.3,0.0,-0.9,0.0,0.0,16.0,25903.0
2026-07-30T19:03:03.338Z,352.821,352.836,0.0,7.4,0.0,0.0,0.0,0.0,0.0,0.0,0.0,0.0,1.0,0.0,0.0,0.0,9.0,4.0,0.0,0.0,0.0,0.0,0.0,0.0,0.0,0.0,2.0,12.0,1.0,12.15,5.0200000000000005,2.51,1.49,0.0,0.0,0.0,361.3,0.0,0.4,0.2,-0.1,-169.60000000000002,0.0,0.0,169.60000000000002,0.0,21.4,28.9,28.9,31.0,300.0,300.0,31.700000000000003,35.9,28.9,28.1,30.0,4.95,1.99,4.96,0.16,0.0,0.0,1027.0,8228.0,0.0,0.0,0.0,0.0,0.0,1.0,0.0,0.0,0.0,0.0,0.0,0.1,0.0,0.1,0.0,0.0,16.0,25903.0
2026-07-30T19:03:03.350Z,352.833,352.848,0.0,7.4,0.0,0.0,0.0,0.0,0.0,0.0,0.0,0.0,1.0,0.0,0.0,0.0,9.0,4.0,0.0,0.0,0.0,0.0,0.0,0.0,0.0,0.0,3.0,12.0,1.0,12.15,5.0200000000000005,2.51,1.49,0.0,0.0,0.0,361.4,0.0,-0.7000000000000001,0.8,-0.1,-169.60000000000002,0.0,0.0,169.60000000000002,0.0,21.4,28.9,28.9,31.0,300.0,300.0,31.700000000000003,35.9,28.9,28.1,30.0,4.95,1.99,4.96,0.16,0.0,0.0,1027.0,8228.0,0.0,0.0,0.0,0.0,0.0,1.0,0.0,0.0,0.0,0.0,0.0,0.8,0.0,0.3,0.0,0.0,16.0,25903.0
2026-07-30T19:03:03.362Z,352.845,352.86,0.0,7.4,0.0,0.0,0.0,0.0,0.0,0.0,0.0,0.0,1.0,0.0,0.0,0.0,9.0,4.0,0.0,0.0,0.0,0.0,0.0,0.0,0.0,0.0,4.0,12.0,1.0,12.15,5.0200000000000005,2.51,1.49,0.0,0.0,0.0,361.4,0.0,-0.1,-0.3,-1.3,-169.60000000000002,0.0,0.0,169.60000000000002,0.0,21.4,28.9,28.9,31.0,300.0,300.0,31.700000000000003,35.9,28.9,28.1,30.0,4.95,1.99,4.96,0.16,0.0,0.0,1027.0,8228.0,0.0,0.0,0.0,0.0,0.0,1.0,0.0,0.0,0.0,0.0,0.0,-1.3,0.0,1.0,0.0,0.0,16.0,25903.0
2026-07-30T19:03:03.373Z,352.856,352.872,0.0,7.4,0.0,0.0,0.0,0.0,0.0,0.0,0.0,0.0,1.0,0.0,0.0,0.0,9.0,4.0,0.0,0.0,0.0,0.0,0.0,0.0,0.0,0.0,5.0,12.0,1.0,12.15,5.0200000000000005,2.51,1.49,0.0,0.0,0.0,361.4,0.0,-0.1,0.8,-0.7000000000000001,-169.60000000000002,0.0,0.0,169.60000000000002,0.0,21.4,28.9,28.9,31.0,300.0,300.0,31.700000000000003,35.9,28.9,28.1,30.0,4.95,1.99,4.97,0.16,0.0,0.0,1027.0,8228.0,0.0,0.0,0.0,0.0,0.0,1.0,0.0,0.0,0.0,0.0,0.0,0.4,0.0,0.8,0.0,0.0,16.0,25903.0
2026-07-30T19:03:03.386Z,352.869,352.884,0.0,7.4,0.0,0.0,0.0,0.0,0.0,0.0,0.0,0.0,1.0,0.0,0.0,0.0,9.0,4.0,0.0,0.0,0.0,0.0,0.0,0.0,0.0,0.0,6.0,12.0,1.0,12.15,5.0200000000000005,2.51,1.49,0.0,0.0,0.0,361.4,0.0,1.0,-0.3,-0.1,-169.60000000000002,0.0,0.0,169.60000000000002,0.0,21.4,28.9,28.9,31.0,300.0,300.0,31.700000000000003,35.9,28.9,28.1,30.0,4.96,1.99,4.96,0.16,0.0,0.0,1027.0,8228.0,0.0,0.0,0.0,0.0,0.0,1.0,0.0,0.0,0.0,0.0,0.0,-0.5,0.0,0.0,0.0,0.0,16.0,25903.0
2026-07-30T19:03:03.398Z,352.881,352.896,0.0,7.4,0.0,0.0,0.0,0.0,0.0,0.0,0.0,0.0,1.0,0.0,0.0,0.0,9.0,4.0,0.0,0.0,0.0,0.0,0.0,0.0,0.0,0.0,1.0,12.0,1.0,12.15,5.0200000000000005,2.51,1.49,0.0,0.0,0.0,361.3,0.0,0.4,0.8,-0.1,-169.60000000000002,0.0,0.0,169.60000000000002,0.0,21.4,28.9,28.9,31.0,300.0,300.0,31.700000000000003,35.9,28.9,28.1,30.0,4.96,1.99,4.96,0.16,0.0,0.0,1027.0,8228.0,0.0,0.0,0.0,0.0,0.0,1.0,0.0,0.0,0.0,0.0,0.0,0.8,0.0,0.3,0.0,0.0,16.0,25903.0
2026-07-30T19:03:03.410Z,352.893,352.908,0.0,7.4,0.0,0.0,0.0,0.0,0.0,0.0,0.0,0.0,1.0,0.0,0.0,0.0,9.0,4.0,0.0,0.0,0.0,0.0,0.0,0.0,0.0,0.0,3.0,12.0,1.0,12.18,5.01,2.5,1.49,0.0,0.1,0.0,361.3,0.0,0.4,0.3,1.6,-169.60000000000002,0.0,0.0,169.60000000000002,0.0,21.700000000000003,28.9,28.9,31.0,300.0,300.0,31.700000000000003,35.800000000000004,28.9,28.1,30.0,4.95,1.99,4.96,0.16,0.0,0.0,1027.0,8228.0,0.0,0.0,0.0,0.0,0.0,1.0,0.0,0.0,0.0,0.0,0.0,1.5,0.0,-1.3,0.0,0.0,16.0,25903.0
2026-07-30T19:03:03.422Z,352.905,352.92,0.0,7.4,0.0,0.0,0.0,0.0,0.0,0.0,0.0,0.0,1.0,0.0,0.0,0.0,9.0,4.0,0.0,0.0,0.0,0.0,0.0,0.0,0.0,0.0,4.0,12.0,1.0,12.18,5.01,2.5,1.49,0.0,0.0,0.0,361.3,0.0,-0.1,0.2,-0.7000000000000001,-169.60000000000002,0.0,0.0,169.60000000000002,0.0,21.700000000000003,28.9,28.9,31.0,300.0,300.0,31.700000000000003,35.800000000000004,28.9,28.1,30.0,4.95,1.99,4.97,0.16,0.0,0.0,1027.0,8228.0,0.0,0.0,0.0,0.0,0.0,1.0,0.0,0.0,0.0,0.0,0.0,-0.1,0.0,0.6000000000000001,0.0,0.0,16.0,25903.0
2026-07-30T19:03:03.434Z,352.917,352.932,0.0,7.4,0.0,0.0,0.0,0.0,0.0,0.0,0.0,0.0,1.0,0.0,0.0,0.0,9.0,4.0,0.0,0.0,0.0,0.0,0.0,0.0,0.0,0.0,5.0,12.0,1.0,12.18,5.01,2.5,1.49,0.0,0.0,0.0,361.3,0.0,0.3,-0.2,-0.6000000000000001,-169.60000000000002,0.0,0.0,169.60000000000002,0.0,21.700000000000003,28.9,28.9,31.0,300.0,300.0,31.700000000000003,35.800000000000004,28.9,28.1,30.0,4.96,2.0,4.96,0.16,0.0,0.0,1027.0,8228.0,0.0,0.0,0.0,0.0,0.0,1.0,0.0,0.0,0.0,0.0,0.0,-0.8,0.0,0.5,0.0,0.0,16.0,25903.0
2026-07-30T19:03:03.446Z,352.929,352.944,0.0,7.4,0.0,0.0,0.0,0.0,0.0,0.0,0.0,0.0,1.0,0.0,0.0,0.0,9.0,4.0,0.0,0.0,0.0,0.0,0.0,0.0,0.0,0.0,6.0,12.0,1.0,12.18,5.01,2.5,1.49,0.0,0.0,0.0,361.3,0.0,0.3,1.4,1.6,-169.60000000000002,0.0,0.0,169.60000000000002,0.0,21.700000000000003,28.9,28.9,31.0,300.0,300.0,31.700000000000003,35.800000000000004,28.9,28.1,30.0,4.96,2.0,4.97,0.16,0.0,0.0,1027.0,8228.0,0.0,0.0,0.0,0.0,0.0,1.0,0.0,0.0,0.0,0.0,0.0,2.8000000000000003,0.0,-1.1,0.0,0.0,16.0,25903.0
2026-07-30T19:03:03.458Z,352.941,352.956,0.0,7.4,0.0,0.0,0.0,0.0,0.0,0.0,0.0,0.0,1.0,0.0,0.0,0.0,9.0,4.0,0.0,0.0,0.0,0.0,0.0,0.0,0.0,0.0,1.0,12.0,1.0,12.18,5.01,2.5,1.49,0.0,0.0,0.0,361.4,0.0,0.3,1.4,1.0,-169.60000000000002,0.0,0.0,169.60000000000002,0.0,21.700000000000003,28.9,28.9,31.0,300.0,300.0,31.700000000000003,35.800000000000004,28.9,28.1,30.0,4.95,1.99,4.97,0.16,0.0,0.0,1027.0,8228.0,0.0,0.0,0.0,0.0,0.0,1.0,0.0,0.0,0.0,0.0,0.0,2.4000000000000004,0.0,-0.6000000000000001,0.0,0.0,16.0,25903.0
2026-07-30T19:03:03.470Z,352.953,352.968,0.0,7.4,0.0,0.0,0.0,0.0,0.0,0.0,0.0,0.0,1.0,0.0,0.0,0.0,9.0,4.0,0.0,0.0,0.0,0.0,0.0,0.0,0.0,0.0,2.0,12.0,1.0,12.18,5.01,2.5,1.49,0.0,0.0,0.0,361.4,0.0,0.3,0.2,1.6,-169.60000000000002,0.0,0.0,169.70000000000002,0.0,21.700000000000003,28.9,28.9,31.0,300.0,300.0,31.700000000000003,35.800000000000004,28.9,28.1,30.0,4.96,1.99,4.96,0.16,0.0,0.0,1027.0,8228.0,0.0,0.0,0.0,0.0,0.0,1.0,0.0,0.0,0.0,0.0,0.0,1.4,0.0,-0.9,0.0,0.0,16.0,25903.0
2026-07-30T19:03:03.482Z,352.965,352.98,0.0,7.4,0.0,0.0,0.0,0.0,0.0,0.0,0.0,0.0,1.0,0.0,0.0,0.0,9.0,4.0,0.0,0.0,0.0,0.0,0.0,0.0,0.0,0.0,3.0,12.0,1.0,12.18,5.01,2.5,1.49,0.0,0.1,0.0,361.3,0.0,0.9,-0.9,-1.3,-169.60000000000002,0.0,0.0,169.70000000000002,0.0,21.700000000000003,28.9,28.9,31.0,300.0,300.0,31.700000000000003,35.800000000000004,28.9,28.1,30.0,4.95,2.0,4.96,0.16,0.0,0.0,1027.0,8228.0,0.0,0.0,0.0,0.0,0.0,1.0,0.0,0.0,0.0,0.0,0.0,0.8,0.0,-1.4,0.0,0.0,16.0,25903.0
2026-07-30T19:03:03.494Z,352.977,352.992,0.0,7.4,0.0,0.0,0.0,0.0,0.0,0.0,0.0,0.0,1.0,0.0,0.0,0.0,9.0,4.0,0.0,0.0,0.0,0.0,0.0,0.0,0.0,0.0,4.0,12.0,1.0,12.18,5.01,2.5,1.49,0.0,0.0,0.0,361.4,0.0,0.3,0.7000000000000001,-0.1,-169.60000000000002,0.0,0.0,169.8,0.0,21.700000000000003,28.9,28.9,31.0,300.0,300.0,31.700000000000003,35.800000000000004,28.9,28.1,30.0,4.95,1.99,4.97,0.16,0.0,0.0,1027.0,8228.0,0.0,0.0,0.0,0.0,0.0,1.0,0.0,0.0,0.0,0.0,0.0,0.7000000000000001,0.0,0.2,0.0,0.0,16.0,25903.0
2026-07-30T19:03:03.507Z,352.99,353.004,0.0,7.4,0.0,0.0,0.0,0.0,0.0,0.0,0.0,0.0,1.0,0.0,0.0,0.0,9.0,4.0,0.0,0.0,0.0,0.0,0.0,0.0,0.0,0.0,5.0,12.0,1.0,12.18,5.0200000000000005,2.51,1.49,0.0,0.0,0.0,361.4,0.0,-0.8,1.9,0.4,-169.60000000000002,0.0,0.0,169.60000000000002,0.0,21.9,28.9,28.9,31.0,300.0,300.0,31.8,35.800000000000004,28.9,28.1,29.9,4.95,2.0,4.97,0.16,0.0,0.0,1027.0,8228.0,0.0,0.0,0.0,0.0,0.0,1.0,0.0,0.0,0.0,0.0,0.0,-0.3,0.0,0.7000000000000001,0.0,0.0,16.0,25903.0
2026-07-30T19:03:03.518Z,353.001,353.016,0.0,7.4,0.0,0.0,0.0,0.0,0.0,0.0,0.0,0.0,1.0,0.0,0.0,0.0,9.0,4.0,0.0,0.0,0.0,0.0,0.0,0.0,0.0,0.0,6.0,12.0,1.0,12.18,5.0200000000000005,2.51,1.49,0.0,0.0,0.0,361.4,0.0,0.3,-0.3,-1.3,-169.60000000000002,0.0,0.0,169.60000000000002,0.0,21.9,28.9,28.9,31.0,300.0,300.0,31.8,35.800000000000004,28.9,28.1,29.9,4.96,2.0,4.96,0.16,0.0,0.0,1027.0,8228.0,0.0,0.0,0.0,0.0,0.0,1.0,0.0,0.0,0.0,0.0,0.0,-1.3,0.0,1.1,0.0,0.0,16.0,25903.0
2026-07-30T19:03:03.529Z,353.012,353.028,0.0,7.4,0.0,0.0,0.0,0.0,0.0,0.0,0.0,0.0,1.0,0.0,0.0,0.0,9.0,4.0,0.0,0.0,0.0,0.0,0.0,0.0,0.0,0.0,1.0,12.0,1.0,12.18,5.0200000000000005,2.51,1.49,0.0,0.0,0.0,361.3,0.0,0.2,-0.9,0.3,-169.60000000000002,0.0,0.0,169.60000000000002,0.0,21.9,28.9,28.9,31.0,300.0,300.0,31.8,35.800000000000004,28.9,28.1,29.9,4.95,1.99,4.97,0.16,0.0,0.0,1027.0,8228.0,0.0,0.0,0.0,0.0,0.0,1.0,0.0,0.0,0.0,0.0,0.0,-0.8,0.0,-0.5,0.0,0.0,16.0,25903.0
2026-07-30T19:03:03.542Z,353.025,353.04,0.0,7.4,0.0,0.0,0.0,0.0,0.0,0.0,0.0,0.0,1.0,0.0,0.0,0.0,9.0,4.0,0.0,0.0,0.0,0.0,0.0,0.0,0.0,0.0,2.0,12.0,1.0,12.18,5.0200000000000005,2.51,1.49,0.0,0.0,0.0,361.4,0.0,0.8,0.8,0.9,-169.60000000000002,0.0,0.0,169.60000000000002,0.0,21.9,28.9,28.9,31.0,300.0,300.0,31.8,35.800000000000004,28.9,28.1,29.9,4.95,1.99,4.96,0.16,0.0,0.0,1027.0,8228.0,0.0,0.0,0.0,0.0,0.0,1.0,0.0,0.0,0.0,0.0,0.0,1.6,0.0,-0.6000000000000001,0.0,0.0,16.0,25903.0
2026-07-30T19:03:03.554Z,353.037,353.052,0.0,7.4,0.0,0.0,0.0,0.0,0.0,0.0,0.0,0.0,1.0,0.0,0.0,0.0,9.0,4.0,0.0,0.0,0.0,0.0,0.0,0.0,0.0,0.0,3.0,12.0,1.0,12.18,5.0200000000000005,2.51,1.49,0.0,0.1,0.0,361.4,0.0,0.8,0.2,-0.8,-169.60000000000002,0.0,0.0,169.70000000000002,0.0,21.9,28.9,28.9,31.0,300.0,300.0,31.8,35.800000000000004,28.9,28.1,29.9,4.96,2.0,4.96,0.16,0.0,0.0,1027.0,8228.0,0.0,0.0,0.0,0.0,0.0,1.0,0.0,0.0,0.0,0.0,0.0,-0.3,0.0,0.7000000000000001,0.0,0.0,16.0,25903.0
2026-07-30T19:03:03.566Z,353.049,353.064,0.0,7.4,0.0,0.0,0.0,0.0,0.0,0.0,0.0,0.0,1.0,0.0,0.0,0.0,9.0,4.0,0.0,0.0,0.0,0.0,0.0,0.0,0.0,0.0,4.0,12.0,1.0,12.18,5.0200000000000005,2.51,1.49,0.0,0.0,0.0,361.3,0.0,0.2,0.2,0.3,-169.60000000000002,0.0,0.0,169.70000000000002,0.0,21.9,28.9,28.9,31.0,300.0,300.0,31.8,35.800000000000004,28.9,28.1,29.9,4.95,2.0,4.96,0.16,0.0,0.0,1027.0,8228.0,0.0,0.0,0.0,0.0,0.0,1.0,0.0,0.0,0.0,0.0,0.0,0.5,0.0,-0.2,0.0,0.0,16.0,25903.0
2026-07-30T19:03:03.578Z,353.061,353.076,0.0,7.4,0.0,0.0,0.0,0.0,0.0,0.0,0.0,0.0,1.0,0.0,0.0,0.0,9.0,4.0,0.0,0.0,0.0,0.0,0.0,0.0,0.0,0.0,6.0,12.0,1.0,12.18,5.0200000000000005,2.51,1.49,0.0,0.0,0.0,361.3,0.0,0.2,0.2,0.9,-169.60000000000002,0.0,0.0,169.70000000000002,0.0,21.9,28.9,28.9,31.0,300.0,300.0,31.8,35.800000000000004,28.9,28.1,29.9,4.96,1.99,4.97,0.16,0.0,0.0,1027.0,8228.0,0.0,0.0,0.0,0.0,0.0,1.0,0.0,0.0,0.0,0.0,0.0,0.9,0.0,-0.7000000000000001,0.0,0.0,16.0,25903.0
2026-07-30T19:03:03.590Z,353.073,353.088,0.0,7.4,0.0,0.0,0.0,0.0,0.0,0.0,0.0,0.0,1.0,0.0,0.0,0.0,9.0,4.0,0.0,0.0,0.0,0.0,0.0,0.0,0.0,0.0,1.0,12.0,1.0,12.18,5.0200000000000005,2.51,1.49,0.0,0.0,0.0,361.4,0.0,-0.3,0.1,-0.3,-169.60000000000002,0.0,0.0,169.70000000000002,0.0,21.9,28.9,28.9,31.0,300.0,300.0,31.8,35.800000000000004,28.9,28.1,29.9,4.96,2.0,4.96,0.16,0.0,0.0,1027.0,8228.0,0.0,0.0,0.0,0.0,0.0,1.0,0.0,0.0,0.0,0.0,0.0,0.0,0.0,0.2,0.0,0.0,16.0,25903.0
2026-07-30T19:03:03.602Z,353.085,353.1,0.0,7.4,0.0,0.0,0.0,0.0,0.0,0.0,0.0,0.0,1.0,0.0,0.0,0.0,9.0,4.0,0.0,0.0,0.0,0.0,0.0,0.0,0.0,0.0,2.0,12.0,1.0,12.18,5.0200000000000005,2.51,1.49,0.0,0.0,0.0,361.4,0.0,0.1,0.1,-0.3,-169.60000000000002,0.0,0.0,169.70000000000002,0.0,21.9,28.9,28.9,31.0,300.0,300.0,31.8,35.800000000000004,28.9,28.1,29.9,4.96,1.99,4.96,0.16,0.0,0.0,1027.0,8228.0,0.0,0.0,0.0,0.0,0.0,1.0,0.0,0.0,0.0,0.0,0.0,0.0,0.0,0.2,0.0,0.0,16.0,25903.0
2026-07-30T19:03:03.614Z,353.097,353.112,0.0,7.4,0.0,0.0,0.0,0.0,0.0,0.0,0.0,0.0,1.0,0.0,0.0,0.0,9.0,4.0,0.0,0.0,0.0,0.0,0.0,0.0,0.0,0.0,3.0,12.0,1.0,12.18,5.01,2.51,1.49,0.0,0.0,0.0,361.4,0.0,-0.9,0.1,-0.8,-169.60000000000002,0.0,0.0,169.70000000000002,0.0,21.700000000000003,28.9,28.9,31.0,300.0,300.0,31.700000000000003,35.800000000000004,28.9,28.1,29.9,4.95,1.99,4.96,0.16,0.0,0.0,1027.0,8228.0,0.0,0.0,0.0,0.0,0.0,1.0,0.0,0.0,0.0,0.0,0.0,-0.5,0.0,0.7000000000000001,0.0,0.0,16.0,25903.0
2026-07-30T19:03:03.626Z,353.109,353.124,0.0,7.4,0.0,0.0,0.0,0.0,0.0,0.0,0.0,0.0,1.0,0.0,0.0,0.0,9.0,4.0,0.0,0.0,0.0,0.0,0.0,0.0,0.0,0.0,4.0,12.0,1.0,12.18,5.01,2.51,1.49,0.0,0.0,0.0,361.4,0.0,-0.4,-0.5,-0.8,-169.60000000000002,0.0,0.0,169.70000000000002,0.0,21.700000000000003,28.9,28.9,31.0,300.0,300.0,31.700000000000003,35.800000000000004,28.9,28.1,29.9,4.96,1.99,4.96,0.16,0.0,0.0,1027.0,8228.0,0.0,0.0,0.0,0.0,0.0,1.0,0.0,0.0,0.0,0.0,0.0,-1.2000000000000002,0.0,0.6000000000000001,0.0,0.0,16.0,25903.0
2026-07-30T19:03:03.638Z,353.121,353.136,0.0,7.4,0.0,0.0,0.0,0.0,0.0,0.0,0.0,0.0,1.0,0.0,0.0,0.0,9.0,4.0,0.0,0.0,0.0,0.0,0.0,0.0,0.0,0.0,5.0,12.0,1.0,12.18,5.01,2.51,1.49,0.0,0.0,0.0,361.3,0.0,0.1,0.0,0.9,-169.60000000000002,0.0,0.0,169.60000000000002,0.0,21.700000000000003,28.9,28.9,31.0,300.0,300.0,31.700000000000003,35.800000000000004,28.9,28.1,29.9,4.96,2.0,4.97,0.16,0.0,0.0,1027.0,8228.0,0.0,0.0,0.0,0.0,0.0,1.0,0.0,0.0,0.0,0.0,0.0,0.8,0.0,-0.8,0.0,0.0,16.0,25903.0
2026-07-30T19:03:03.650Z,353.133,353.148,0.0,7.4,0.0,0.0,0.0,0.0,0.0,0.0,0.0,0.0,1.0,0.0,0.0,0.0,9.0,4.0,0.0,0.0,0.0,0.0,0.0,0.0,0.0,0.0,6.0,12.0,1.0,12.18,5.01,2.51,1.49,0.0,0.0,0.0,361.4,0.0,0.2,0.1,-0.1,-169.60000000000002,0.0,0.0,169.70000000000002,0.0,21.700000000000003,28.9,28.9,31.0,300.0,300.0,31.700000000000003,35.800000000000004,28.9,28.1,29.9,4.95,1.99,4.97,0.16,0.0,0.0,1027.0,8228.0,0.0,0.0,0.0,0.0,0.0,1.0,0.0,0.0,0.0,0.0,0.0,0.0,0.0,0.1,0.0,0.0,16.0,25903.0
2026-07-30T19:03:03.662Z,353.145,353.16,0.0,7.4,0.0,0.0,0.0,0.0,0.0,0.0,0.0,0.0,1.0,0.0,0.0,0.0,9.0,4.0,0.0,0.0,0.0,0.0,0.0,0.0,0.0,0.0,1.0,12.0,1.0,12.18,5.01,2.51,1.49,0.0,0.0,0.0,361.4,0.0,-0.3,0.1,-0.1,-169.60000000000002,0.0,0.0,169.70000000000002,0.0,21.700000000000003,28.9,28.9,31.0,300.0,300.0,31.700000000000003,35.800000000000004,28.9,28.1,29.9,4.96,1.99,4.97,0.16,0.0,0.0,1027.0,8228.0,0.0,0.0,0.0,0.0,0.0,1.0,0.0,0.0,0.0,0.0,0.0,0.0,0.0,0.1,0.0,0.0,16.0,25903.0
2026-07-30T19:03:03.674Z,353.157,353.172,0.0,7.4,0.0,0.0,0.0,0.0,0.0,0.0,0.0,0.0,1.0,0.0,0.0,0.0,9.0,4.0,0.0,0.0,0.0,0.0,0.0,0.0,0.0,0.0,2.0,12.0,1.0,12.18,5.01,2.51,1.49,0.0,0.0,0.0,361.3,0.0,-0.9,-0.4,-0.7000000000000001,-169.60000000000002,0.0,0.0,169.60000000000002,0.0,21.700000000000003,28.9,28.9,31.0,300.0,300.0,31.700000000000003,35.800000000000004,28.9,28.1,29.9,4.96,1.99,4.96,0.16,0.0,0.0,1027.0,8228.0,0.0,0.0,0.0,0.0,0.0,1.0,0.0,0.0,0.0,0.0,0.0,-1.0,0.0,0.5,0.0,0.0,16.0,25903.0
2026-07-30T19:03:03.686Z,353.169,353.184,0.0,7.4,0.0,0.0,0.0,0.0,0.0,0.0,0.0,0.0,1.0,0.0,0.0,0.0,9.0,4.0,0.0,0.0,0.0,0.0,0.0,0.0,0.0,0.0,3.0,12.0,1.0,12.18,5.01,2.51,1.49,0.0,0.0,0.0,361.4,0.0,-0.9,0.1,-0.1,-169.60000000000002,0.0,0.0,169.70000000000002,0.0,21.700000000000003,28.9,28.9,31.0,300.0,300.0,31.700000000000003,35.800000000000004,28.9,28.1,29.9,4.96,1.99,4.97,0.16,0.0,0.0,1027.0,8228.0,0.0,0.0,0.0,0.0,0.0,1.0,0.0,0.0,0.0,0.0,0.0,0.0,0.0,0.1,0.0,0.0,16.0,25903.0
2026-07-30T19:03:03.698Z,353.181,353.196,0.0,7.4,0.0,0.0,0.0,0.0,0.0,0.0,0.0,0.0,1.0,0.0,0.0,0.0,9.0,4.0,0.0,0.0,0.0,0.0,0.0,0.0,0.0,0.0,4.0,12.0,1.0,12.18,5.01,2.51,1.49,0.0,0.0,0.0,361.3,0.0,-0.3,0.6000000000000001,0.9,-169.60000000000002,0.0,0.0,169.70000000000002,0.0,21.700000000000003,28.9,28.9,31.0,300.0,300.0,31.700000000000003,35.800000000000004,28.9,28.1,29.9,4.95,1.99,4.97,0.16,0.0,0.0,1027.0,8228.0,0.0,0.0,0.0,0.0,0.0,1.0,0.0,0.0,0.0,0.0,0.0,1.5,0.0,-0.7000000000000001,0.0,0.0,16.0,25903.0
2026-07-30T19:03:03.711Z,353.194,353.208,0.0,7.4,0.0,0.0,0.0,0.0,0.0,0.0,0.0,0.0,1.0,0.0,0.0,0.0,9.0,4.0,0.0,0.0,0.0,0.0,0.0,0.0,0.0,0.0,6.0,12.0,1.0,12.18,5.01,2.51,1.49,0.0,0.0,0.0,361.4,0.0,-0.3,-1.0,-0.1,-169.60000000000002,0.0,0.0,169.60000000000002,0.0,21.0,28.9,28.9,31.0,300.0,300.0,31.8,35.800000000000004,28.9,28.1,29.9,4.96,1.99,4.96,0.16,0.0,0.0,1027.0,8228.0,0.0,0.0,0.0,0.0,0.0,1.0,0.0,0.0,0.0,0.0,0.0,-1.2000000000000002,0.0,0.0,0.0,0.0,16.0,25903.0
2026-07-30T19:03:03.722Z,353.205,353.22,0.0,7.4,0.0,0.0,0.0,0.0,0.0,0.0,0.0,0.0,1.0,0.0,0.0,0.0,9.0,4.0,0.0,0.0,0.0,0.0,0.0,0.0,0.0,0.0,1.0,12.0,1.0,12.18,5.01,2.51,1.49,0.0,0.0,0.0,361.4,0.0,-0.3,0.1,0.4,-169.60000000000002,0.0,0.0,169.8,0.0,21.0,28.9,28.9,31.0,300.0,300.0,31.8,35.800000000000004,28.9,28.1,29.9,4.95,1.99,4.96,0.16,0.0,0.0,1027.0,8228.0,0.0,0.0,0.0,0.0,0.0,1.0,0.0,0.0,0.0,0.0,0.0,0.4,0.0,-0.3,0.0,0.0,16.0,25903.0
2026-07-30T19:03:03.734Z,353.217,353.232,0.0,7.4,0.0,0.0,0.0,0.0,0.0,0.0,0.0,0.0,1.0,0.0,0.0,0.0,9.0,4.0,0.0,0.0,0.0,0.0,0.0,0.0,0.0,0.0,2.0,12.0,1.0,12.18,5.01,2.51,1.49,0.0,0.0,0.0,361.4,0.0,-0.3,-0.4,-0.1,-169.60000000000002,0.0,0.0,169.8,0.0,21.0,28.9,28.9,31.0,300.0,300.0,31.8,35.800000000000004,28.9,28.1,29.9,4.95,1.99,4.97,0.16,0.0,0.0,1027.0,8228.0,0.0,0.0,0.0,0.0,0.0,1.0,0.0,0.0,0.0,0.0,0.0,-0.6000000000000001,0.0,0.0,0.0,0.0,16.0,25903.0
2026-07-30T19:03:03.745Z,353.228,353.244,0.0,7.4,0.0,0.0,0.0,0.0,0.0,0.0,0.0,0.0,1.0,0.0,0.0,0.0,9.0,4.0,0.0,0.0,0.0,0.0,0.0,0.0,0.0,0.0,3.0,12.0,1.0,12.18,5.01,2.51,1.49,0.0,0.0,0.0,361.4,0.0,0.2,0.1,0.4,-169.60000000000002,0.0,0.0,169.70000000000002,0.0,21.0,28.9,28.9,31.0,300.0,300.0,31.8,35.800000000000004,28.9,28.1,29.9,4.95,1.99,4.97,0.16,0.0,0.0,1027.0,8228.0,0.0,0.0,0.0,0.0,0.0,1.0,0.0,0.0,0.0,0.0,0.0,0.4,0.0,-0.3,0.0,0.0,16.0,25903.0
2026-07-30T19:03:03.758Z,353.241,353.25600000000003,0.0,7.4,0.0,0.0,0.0,0.0,0.0,0.0,0.0,0.0,1.0,0.0,0.0,0.0,9.0,4.0,0.0,0.0,0.0,0.0,0.0,0.0,0.0,0.0,4.0,12.0,1.0,12.18,5.01,2.51,1.49,0.0,0.0,0.0,361.4,0.0,-0.3,-0.4,1.0,-169.60000000000002,0.0,0.0,169.70000000000002,0.0,21.0,28.9,28.9,31.0,300.0,300.0,31.8,35.800000000000004,28.9,28.1,29.9,4.96,1.99,4.96,0.16,0.0,0.0,1027.0,8228.0,0.0,0.0,0.0,0.0,0.0,1.0,0.0,0.0,0.0,0.0,0.0,0.2,0.0,-1.0,0.0,0.0,16.0,25903.0
2026-07-30T19:03:03.770Z,353.253,353.26800000000003,0.0,7.4,0.0,0.0,0.0,0.0,0.0,0.0,0.0,0.0,1.0,0.0,0.0,0.0,9.0,4.0,0.0,0.0,0.0,0.0,0.0,0.0,0.0,0.0,6.0,12.0,1.0,12.18,5.01,2.51,1.49,0.0,0.0,0.0,361.3,0.0,-0.3,-1.0,-0.1,-169.60000000000002,0.0,0.0,169.70000000000002,0.0,21.0,28.9,28.9,31.0,300.0,300.0,31.8,35.800000000000004,28.9,28.1,29.9,4.95,1.99,4.96,0.16,0.0,0.0,1027.0,8228.0,0.0,0.0,0.0,0.0,0.0,1.0,0.0,0.0,0.0,0.0,0.0,-1.2000000000000002,0.0,-0.1,0.0,0.0,16.0,25903.0
2026-07-30T19:03:03.782Z,353.265,353.28000000000003,0.0,7.4,0.0,0.0,0.0,0.0,0.0,0.0,0.0,0.0,1.0,0.0,0.0,0.0,9.0,4.0,0.0,0.0,0.0,0.0,0.0,0.0,0.0,0.0,1.0,12.0,1.0,12.18,5.01,2.51,1.49,0.0,0.0,0.0,361.4,0.0,-0.4,-0.4,-0.7000000000000001,-169.60000000000002,0.0,0.0,169.70000000000002,0.0,21.0,28.9,28.9,31.0,300.0,300.0,31.8,35.800000000000004,28.9,28.1,29.9,4.95,1.99,4.97,0.16,0.0,0.0,1027.0,8228.0,0.0,0.0,0.0,0.0,0.0,1.0,0.0,0.0,0.0,0.0,0.0,-1.1,0.0,0.5,0.0,0.0,16.0,25903.0
2026-07-30T19:03:03.794Z,353.277,353.29200000000003,0.0,7.4,0.0,0.0,0.0,0.0,0.0,0.0,0.0,0.0,1.0,0.0,0.0,0.0,9.0,4.0,0.0,0.0,0.0,0.0,0.0,0.0,0.0,0.0,3.0,12.0,1.0,12.18,5.01,2.51,1.49,0.0,0.0,0.0,361.3,0.0,0.7000000000000001,0.1,-0.1,-169.60000000000002,0.0,0.0,169.60000000000002,0.0,21.0,28.9,28.9,31.0,300.0,300.0,31.8,35.800000000000004,28.9,28.1,29.9,4.96,1.99,4.97,0.16,0.0,0.0,1027.0,8228.0,0.0,0.0,0.0,0.0,0.0,1.0,0.0,0.0,0.0,0.0,0.0,0.0,0.0,0.1,0.0,0.0,16.0,25903.0
2026-07-30T19:03:03.806Z,353.289,353.30400000000003,0.0,7.4,0.0,0.0,0.0,0.0,0.0,0.0,0.0,0.0,1.0,0.0,0.0,0.0,9.0,4.0,0.0,0.0,0.0,0.0,0.0,0.0,0.0,0.0,4.0,12.0,1.0,12.18,5.01,2.51,1.49,0.0,0.0,0.0,361.4,0.0,-0.4,-1.0,-0.6000000000000001,-169.60000000000002,0.0,0.0,169.60000000000002,0.0,21.0,28.9,28.9,31.0,300.0,300.0,31.8,35.800000000000004,28.9,28.1,29.9,4.95,1.99,4.97,0.16,0.0,0.0,1027.0,8228.0,0.0,0.0,0.0,0.0,0.0,1.0,0.0,0.0,0.0,0.0,0.0,-1.7000000000000002,0.0,0.3,0.0,0.0,16.0,25903.0
2026-07-30T19:03:03.818Z,353.301,353.31600000000003,0.0,7.4,0.0,0.0,0.0,0.0,0.0,0.0,0.0,0.0,1.0,0.0,0.0,0.0,9.0,4.0,0.0,0.0,0.0,0.0,0.0,0.0,0.0,0.0,5.0,12.0,1.0,12.17,5.0200000000000005,2.51,1.49,0.0,0.0,0.0,361.4,0.0,0.1,-0.5,0.4,-169.60000000000002,0.0,0.0,169.8,0.0,21.3,28.9,28.9,31.0,300.0,300.0,31.700000000000003,35.9,28.9,28.0,30.0,4.95,1.99,4.97,0.16,0.0,0.0,1027.0,8228.0,0.0,0.0,0.0,0.0,0.0,1.0,0.0,0.0,0.0,0.0,0.0,-0.2,0.0,-0.4,0.0,0.0,16.0,25903.0
2026-07-30T19:03:03.830Z,353.313,353.32800000000003,0.0,7.4,0.0,0.0,0.0,0.0,0.0,0.0,0.0,0.0,1.0,0.0,0.0,0.0,9.0,4.0,0.0,0.0,0.0,0.0,0.0,0.0,0.0,0.0,6.0,12.0,1.0,12.17,5.0200000000000005,2.51,1.49,0.0,0.1,0.0,361.3,0.0,-0.4,0.6000000000000001,-0.7000000000000001,-169.60000000000002,0.0,0.0,169.70000000000002,0.0,21.3,28.9,28.9,31.0,300.0,300.0,31.700000000000003,35.9,28.9,28.0,30.0,4.95,1.99,4.96,0.16,0.0,0.0,1027.0,8228.0,0.0,0.0,0.0,0.0,0.0,1.0,0.0,0.0,0.0,0.0,0.0,0.1,0.0,0.7000000000000001,0.0,0.0,16.0,25903.0
2026-07-30T19:03:03.842Z,353.325,353.34000000000003,0.0,7.4,0.0,0.0,0.0,0.0,0.0,0.0,0.0,0.0,1.0,0.0,0.0,0.0,9.0,4.0,0.0,0.0,0.0,0.0,0.0,0.0,0.0,0.0,1.0,12.0,1.0,12.17,5.0200000000000005,2.51,1.49,0.0,0.0,0.0,361.4,0.0,-0.3,0.0,-0.1,-169.60000000000002,0.0,0.0,169.70000000000002,0.0,21.3,28.9,28.9,31.0,300.0,300.0,31.700000000000003,35.9,28.9,28.0,30.0,4.95,1.99,4.96,0.16,0.0,0.0,1027.0,8228.0,0.0,0.0,0.0,0.0,0.0,1.0,0.0,0.0,0.0,0.0,0.0,0.0,0.0,0.1,0.0,0.0,16.0,25903.0
2026-07-30T19:03:03.854Z,353.337,353.35200000000003,0.0,7.4,0.0,0.0,0.0,0.0,0.0,0.0,0.0,0.0,1.0,0.0,0.0,0.0,9.0,4.0,0.0,0.0,0.0,0.0,0.0,0.0,0.0,0.0,2.0,12.0,1.0,12.17,5.0200000000000005,2.51,1.49,0.0,0.0,0.0,361.4,0.0,0.2,-0.5,-0.1,-169.60000000000002,0.0,0.0,169.70000000000002,0.0,21.3,28.9,28.9,31.0,300.0,300.0,31.700000000000003,35.9,28.9,28.0,30.0,4.95,1.99,4.96,0.16,0.0,0.0,1027.0,8228.0,0.0,0.0,0.0,0.0,0.0,1.0,0.0,0.0,0.0,0.0,0.0,-0.6000000000000001,0.0,0.0,0.0,0.0,16.0,25903.0
2026-07-30T19:03:03.866Z,353.349,353.36400000000003,0.0,7.4,0.0,0.0,0.0,0.0,0.0,0.0,0.0,0.0,1.0,0.0,0.0,0.0,9.0,4.0,0.0,0.0,0.0,0.0,0.0,0.0,0.0,0.0,3.0,12.0,1.0,12.17,5.0200000000000005,2.51,1.49,0.0,0.0,0.0,361.4,0.0,0.7000000000000001,0.0,1.0,-169.60000000000002,0.0,0.0,169.70000000000002,0.0,21.3,28.9,28.9,31.0,300.0,300.0,31.700000000000003,35.9,28.9,28.0,30.0,4.95,1.99,4.97,0.16,0.0,0.0,1027.0,8228.0,0.0,0.0,0.0,0.0,0.0,1.0,0.0,0.0,0.0,0.0,0.0,0.8,0.0,-0.9,0.0,0.0,16.0,25903.0
2026-07-30T19:03:03.878Z,353.361,353.37600000000003,0.0,7.4,0.0,0.0,0.0,0.0,0.0,0.0,0.0,0.0,1.0,0.0,0.0,0.0,9.0,4.0,0.0,0.0,0.0,0.0,0.0,0.0,0.0,0.0,4.0,12.0,1.0,12.17,5.0200000000000005,2.51,1.49,0.0,0.0,0.0,361.3,0.0,-0.4,0.0,1.0,-169.60000000000002,0.0,0.0,169.70000000000002,0.0,21.3,28.9,28.9,31.0,300.0,300.0,31.700000000000003,35.9,28.9,28.0,30.0,4.95,2.0,4.96,0.16,0.0,0.0,1027.0,8228.0,0.0,0.0,0.0,0.0,0.0,1.0,0.0,0.0,0.0,0.0,0.0,0.8,0.0,-0.8,0.0,0.0,16.0,25903.0
2026-07-30T19:03:03.890Z,353.373,353.38800000000003,0.0,7.4,0.0,0.0,0.0,0.0,0.0,0.0,0.0,0.0,1.0,0.0,0.0,0.0,9.0,4.0,0.0,0.0,0.0,0.0,0.0,0.0,0.0,0.0,5.0,12.0,1.0,12.17,5.0200000000000005,2.51,1.49,0.0,0.0,0.0,361.3,0.0,0.1,-0.5,-0.7000000000000001,-169.60000000000002,0.0,0.0,169.8,0.0,21.3,28.9,28.9,31.0,300.0,300.0,31.700000000000003,35.9,28.9,28.0,30.0,4.95,1.99,4.96,0.16,0.0,0.0,1027.0,8228.0,0.0,0.0,0.0,0.0,0.0,1.0,0.0,0.0,0.0,0.0,0.0,-1.1,0.0,0.5,0.0,0.0,16.0,25903.0
2026-07-30T19:03:03.902Z,353.385,353.40000000000003,0.0,7.4,0.0,0.0,0.0,0.0,0.0,0.0,0.0,0.0,1.0,0.0,0.0,0.0,9.0,4.0,0.0,0.0,0.0,0.0,0.0,0.0,0.0,0.0,6.0,12.0,1.0,12.17,5.0200000000000005,2.51,1.49,0.0,0.0,0.0,361.3,0.0,0.2,-0.5,0.4,-169.60000000000002,0.0,0.0,169.8,0.0,21.3,28.9,28.9,31.0,300.0,300.0,31.700000000000003,35.9,28.9,28.0,30.0,4.95,1.99,4.97,0.16,0.0,0.0,1027.0,8228.0,0.0,0.0,0.0,0.0,0.0,1.0,0.0,0.0,0.0,0.0,0.0,-0.2,0.0,-0.5,0.0,0.0,16.0,25903.0
2026-07-30T19:03:03.915Z,353.398,353.41200000000003,0.0,7.4,0.0,0.0,0.0,0.0,0.0,0.0,0.0,0.0,1.0,0.0,0.0,0.0,9.0,4.0,0.0,0.0,0.0,0.0,0.0,0.0,0.0,0.0,1.0,12.0,1.0,12.18,5.0200000000000005,2.51,1.49,0.0,0.0,0.0,361.4,0.0,0.1,-1.0,-0.1,-169.70000000000002,0.0,0.0,169.70000000000002,0.0,21.3,28.9,28.9,30.9,300.0,300.0,31.8,35.9,28.9,28.1,29.9,4.96,1.99,4.96,0.16,0.0,0.0,1027.0,8228.0,0.0,0.0,0.0,0.0,0.0,1.0,0.0,0.0,0.0,0.0,0.0,-1.2000000000000002,0.0,0.0,0.0,0.0,16.0,25903.0
2026-07-30T19:03:03.926Z,353.409,353.42400000000004,0.0,7.4,0.0,0.0,0.0,0.0,0.0,0.0,0.0,0.0,1.0,0.0,0.0,0.0,9.0,4.0,0.0,0.0,0.0,0.0,0.0,0.0,0.0,0.0,2.0,12.0,1.0,12.18,5.0200000000000005,2.51,1.49,0.0,0.0,0.0,361.3,0.0,-0.3,0.1,0.4,-169.70000000000002,0.0,0.0,169.70000000000002,0.0,21.3,28.9,28.9,30.9,300.0,300.0,31.8,35.9,28.9,28.1,29.9,4.96,1.99,4.96,0.16,0.0,0.0,1027.0,8228.0,0.0,0.0,0.0,0.0,0.0,1.0,0.0,0.0,0.0,0.0,0.0,0.4,0.0,-0.3,0.0,0.0,16.0,25903.0
2026-07-30T19:03:03.938Z,353.421,353.43600000000004,0.0,7.4,0.0,0.0,0.0,0.0,0.0,0.0,0.0,0.0,1.0,0.0,0.0,0.0,9.0,4.0,0.0,0.0,0.0,0.0,0.0,0.0,0.0,0.0,3.0,12.0,1.0,12.18,5.0200000000000005,2.51,1.49,0.0,0.0,0.0,361.3,0.0,0.2,0.7000000000000001,-0.1,-169.70000000000002,0.0,0.0,169.70000000000002,0.0,21.3,28.9,28.9,30.9,300.0,300.0,31.8,35.9,28.9,28.1,29.9,4.95,1.99,4.96,0.16,0.0,0.0,1027.0,8228.0,0.0,0.0,0.0,0.0,0.0,1.0,0.0,0.0,0.0,0.0,0.0,0.7000000000000001,0.0,0.2,0.0,0.0,16.0,25903.0
2026-07-30T19:03:03.950Z,353.433,353.448,0.0,7.4,0.0,0.0,0.0,0.0,0.0,0.0,0.0,0.0,1.0,0.0,0.0,0.0,9.0,4.0,0.0,0.0,0.0,0.0,0.0,0.0,0.0,0.0,4.0,12.0,1.0,12.18,5.0200000000000005,2.51,1.49,0.0,0.0,0.0,361.4,0.0,0.2,0.1,-0.1,-169.70000000000002,0.0,0.0,169.8,0.0,21.3,28.9,28.9,30.9,300.0,300.0,31.8,35.9,28.9,28.1,29.9,4.96,1.99,4.96,0.16,0.0,0.0,1027.0,8228.0,0.0,0.0,0.0,0.0,0.0,1.0,0.0,0.0,0.0,0.0,0.0,0.0,0.0,0.1,0.0,0.0,16.0,25903.0
2026-07-30T19:03:03.962Z,353.445,353.46,0.0,7.4,0.0,0.0,0.0,0.0,0.0,0.0,0.0,0.0,1.0,0.0,0.0,0.0,9.0,4.0,0.0,0.0,0.0,0.0,0.0,0.0,0.0,0.0,5.0,12.0,1.0,12.18,5.0200000000000005,2.51,1.49,0.0,0.1,0.0,361.3,0.0,-0.3,-0.9,-0.1,-169.70000000000002,0.0,0.0,169.60000000000002,0.0,21.3,28.9,28.9,30.9,300.0,300.0,31.8,35.9,28.9,28.1,29.9,4.95,1.99,4.96,0.16,0.0,0.0,1027.0,8228.0,0.0,0.0,0.0,0.0,0.0,1.0,0.0,0.0,0.0,0.0,0.0,-1.2000000000000002,0.0,-0.1,0.0,0.0,16.0,25903.0
2026-07-30T19:03:03.974Z,353.457,353.472,0.0,7.4,0.0,0.0,0.0,0.0,0.0,0.0,0.0,0.0,1.0,0.0,0.0,0.0,9.0,4.0,0.0,0.0,0.0,0.0,0.0,0.0,0.0,0.0,6.0,12.0,1.0,12.18,5.0200000000000005,2.51,1.49,0.0,0.0,0.0,361.4,0.0,-0.3,0.7000000000000001,-1.2000000000000002,-169.70000000000002,0.0,0.0,169.70000000000002,0.0,21.3,28.9,28.9,30.9,300.0,300.0,31.8,35.9,28.9,28.1,29.9,4.95,1.99,4.96,0.16,0.0,0.0,1027.0,8228.0,0.0,0.0,0.0,0.0,0.0,1.0,0.0,0.0,0.0,0.0,0.0,0.0,0.0,1.2000000000000002,0.0,0.0,16.0,25903.0
2026-07-30T19:03:03.986Z,353.469,353.484,0.0,7.4,0.0,0.0,0.0,0.0,0.0,0.0,0.0,0.0,1.0,0.0,0.0,0.0,9.0,4.0,0.0,0.0,0.0,0.0,0.0,0.0,0.0,0.0,2.0,12.0,1.0,12.18,5.0200000000000005,2.51,1.49,0.0,0.0,0.0,361.4,0.0,0.8,0.1,0.0,-169.70000000000002,0.0,0.0,169.70000000000002,0.0,21.3,28.9,28.9,30.9,300.0,300.0,31.8,35.9,28.9,28.1,29.9,4.95,1.99,4.96,0.16,0.0,0.0,1027.0,8228.0,0.0,0.0,0.0,0.0,0.0,1.0,0.0,0.0,0.0,0.0,0.0,-0.7000000000000001,0.0,1.1,0.0,0.0,16.0,25903.0
2026-07-30T19:03:03.998Z,353.481,353.496,0.0,7.4,0.0,0.0,0.0,0.0,0.0,0.0,0.0,0.0,1.0,0.0,0.0,0.0,9.0,4.0,0.0,0.0,0.0,0.0,0.0,0.0,0.0,0.0,3.0,12.0,1.0,12.18,5.0200000000000005,2.51,1.49,0.0,0.0,0.0,361.4,0.0,0.3,0.1,0.0,-169.70000000000002,0.0,0.0,169.70000000000002,0.0,21.3,28.9,28.9,30.9,300.0,300.0,31.8,35.9,28.9,28.1,29.9,4.96,1.99,4.96,0.16,0.0,0.0,1027.0,8228.0,0.0,0.0,0.0,0.0,0.0,1.0,0.0,0.0,0.0,0.0,0.0,0.1,0.0,0.1,0.0,0.0,16.0,25903.0
2026-07-30T19:03:04.010Z,353.493,353.508,0.0,7.4,0.0,0.0,0.0,0.0,0.0,0.0,0.0,0.0,1.0,0.0,0.0,0.0,9.0,4.0,0.0,0.0,0.0,0.0,0.0,0.0,0.0,0.0,4.0,12.0,1.0,12.18,5.0200000000000005,2.51,1.49,0.0,0.0,0.0,361.3,0.0,-0.8,-1.5,-1.8,-169.70000000000002,0.0,0.0,169.8,0.0,21.3,28.9,28.9,30.9,300.0,300.0,31.8,35.9,28.9,28.1,29.9,4.95,1.99,4.97,0.16,0.0,0.0,1027.0,8228.0,0.0,0.0,0.0,0.0,0.0,1.0,0.0,0.0,0.0,0.0,0.0,-0.4,0.0,0.0,0.0,0.0,16.0,25903.0
2026-07-30T19:03:04.022Z,353.505,353.52,0.0,7.4,0.0,0.0,0.0,0.0,0.0,0.0,0.0,0.0,1.0,0.0,0.0,0.0,9.0,4.0,0.0,0.0,0.0,0.0,0.0,0.0,0.0,0.0,5.0,12.0,1.0,12.11,5.01,2.5,1.5,0.0,0.0,0.0,361.3,0.0,0.3,0.1,0.4,-169.70000000000002,0.0,0.0,169.8,0.0,21.700000000000003,28.9,28.9,31.0,300.0,300.0,31.700000000000003,35.800000000000004,28.9,28.1,30.0,4.95,1.99,4.97,0.16,0.0,0.0,1027.0,8228.0,0.0,0.0,0.0,0.0,0.0,1.0,0.0,0.0,0.0,0.0,0.0,2.3000000000000003,0.0,-0.6000000000000001,0.0,0.0,16.0,25903.0
2026-07-30T19:03:04.034Z,353.517,353.532,0.0,7.4,0.0,0.0,0.0,0.0,0.0,0.0,0.0,0.0,1.0,0.0,0.0,0.0,9.0,4.0,0.0,0.0,0.0,0.0,0.0,0.0,0.0,0.0,6.0,12.0,1.0,12.11,5.01,2.5,1.5,-0.1,0.0,0.0,361.3,0.0,-0.2,-0.3,0.0,-169.70000000000002,0.0,0.0,169.60000000000002,0.0,21.700000000000003,28.9,28.9,31.0,300.0,300.0,31.700000000000003,35.800000000000004,28.9,28.1,30.0,4.95,2.0,4.97,0.16,0.0,0.0,1027.0,8228.0,0.0,0.0,0.0,0.0,0.0,1.0,0.0,0.0,0.0,0.0,0.0,-0.4,0.0,0.0,0.0,0.0,16.0,25903.0
2026-07-30T19:03:04.046Z,353.529,353.544,0.0,7.4,0.0,0.0,0.0,0.0,0.0,0.0,0.0,0.0,1.0,0.0,0.0,0.0,9.0,4.0,0.0,0.0,0.0,0.0,0.0,0.0,0.0,0.0,1.0,12.0,1.0,12.11,5.01,2.5,1.5,0.0,0.0,0.0,361.4,0.0,-0.3,-1.0,-1.2000000000000002,-169.70000000000002,0.0,0.0,169.70000000000002,0.0,21.700000000000003,28.9,28.9,31.0,300.0,300.0,31.700000000000003,35.800000000000004,28.9,28.1,30.0,4.96,2.0,4.96,0.16,0.0,0.0,1027.0,8228.0,0.0,0.0,0.0,0.0,0.0,1.0,0.0,0.0,0.0,0.0,0.0,-2.1,0.0,0.8,0.0,0.0,16.0,25903.0
2026-07-30T19:03:04.057Z,353.54,353.556,0.0,7.4,0.0,0.0,0.0,0.0,0.0,0.0,0.0,0.0,1.0,0.0,0.0,0.0,9.0,4.0,0.0,0.0,0.0,0.0,0.0,0.0,0.0,0.0,2.0,12.0,1.0,12.11,5.01,2.5,1.5,0.0,0.0,0.0,361.4,0.0,0.2,-1.0,-0.7000000000000001,-169.70000000000002,0.0,0.0,169.8,0.0,21.700000000000003,28.9,28.9,31.0,300.0,300.0,31.700000000000003,35.800000000000004,28.9,28.1,30.0,4.95,1.99,4.96,0.16,0.0,0.0,1027.0,8228.0,0.0,0.0,0.0,0.0,0.0,1.0,0.0,0.0,0.0,0.0,0.0,-1.7000000000000002,0.0,0.4,0.0,0.0,16.0,25903.0
2026-07-30T19:03:04.070Z,353.553,353.568,0.0,7.4,0.0,0.0,0.0,0.0,0.0,0.0,0.0,0.0,1.0,0.0,0.0,0.0,9.0,4.0,0.0,0.0,0.0,0.0,0.0,0.0,0.0,0.0,3.0,12.0,1.0,12.11,5.01,2.5,1.5,0.0,0.0,0.0,361.4,0.0,0.2,0.6000000000000001,-0.1,-169.70000000000002,0.0,0.0,169.70000000000002,0.0,21.700000000000003,28.9,28.9,31.0,300.0,300.0,31.700000000000003,35.800000000000004,28.9,28.1,30.0,4.95,1.99,4.96,0.16,0.0,0.0,1027.0,8228.0,0.0,0.0,0.0,0.0,0.0,1.0,0.0,0.0,0.0,0.0,0.0,0.6000000000000001,0.0,0.2,0.0,0.0,16.0,25903.0
2026-07-30T19:03:04.082Z,353.565,353.58,0.0,7.4,0.0,0.0,0.0,0.0,0.0,0.0,0.0,0.0,1.0,0.0,0.0,0.0,9.0,4.0,0.0,0.0,0.0,0.0,0.0,0.0,0.0,0.0,4.0,12.0,1.0,12.11,5.01,2.5,1.5,0.0,0.0,0.0,361.4,0.0,-0.8,0.1,1.0,-169.70000000000002,0.0,0.0,169.8,0.0,21.700000000000003,28.9,28.9,31.0,300.0,300.0,31.700000000000003,35.800000000000004,28.9,28.1,30.0,4.96,1.99,4.96,0.16,0.0,0.0,1027.0,8228.0,0.0,0.0,0.0,0.0,0.0,1.0,0.0,0.0,0.0,0.0,0.0,0.9,0.0,-0.8,0.0,0.0,16.0,25903.0
2026-07-30T19:03:04.093Z,353.576,353.592,0.0,7.4,0.0,0.0,0.0,0.0,0.0,0.0,0.0,0.0,1.0,0.0,0.0,0.0,9.0,4.0,0.0,0.0,0.0,0.0,0.0,0.0,0.0,0.0,5.0,12.0,1.0,12.11,5.01,2.5,1.5,0.0,0.0,0.0,361.4,0.0,-0.3,1.3,0.3,-169.70000000000002,0.0,0.0,169.70000000000002,0.0,21.700000000000003,28.9,28.9,31.0,300.0,300.0,31.700000000000003,35.800000000000004,28.9,28.1,30.0,4.95,1.99,4.97,0.16,0.0,0.0,1027.0,8228.0,0.0,0.0,0.0,0.0,0.0,1.0,0.0,0.0,0.0,0.0,0.0,1.7000000000000002,0.0,0.0,0.0,0.0,16.0,25903.0
2026-07-30T19:03:04.106Z,353.589,353.604,0.0,7.4,0.0,0.0,0.0,0.0,0.0,0.0,0.0,0.0,1.0,0.0,0.0,0.0,9.0,4.0,0.0,0.0,0.0,0.0,0.0,0.0,0.0,0.0,6.0,12.0,1.0,12.11,5.01,2.5,1.5,0.0,0.0,0.0,361.4,0.0,-0.3,-0.4,-0.1,-169.70000000000002,0.0,0.0,169.70000000000002,0.0,21.700000000000003,28.9,28.9,31.0,300.0,300.0,31.700000000000003,35.800000000000004,28.9,28.1,30.0,4.96,1.99,4.97,0.16,0.0,0.0,1027.0,8228.0,0.0,0.0,0.0,0.0,0.0,1.0,0.0,0.0,0.0,0.0,0.0,-0.6000000000000001,0.0,0.0,0.0,0.0,16.0,25903.0
2026-07-30T19:03:04.119Z,353.602,353.616,0.0,7.4,0.0,0.0,0.0,0.0,0.0,0.0,0.0,0.0,1.0,0.0,0.0,0.0,9.0,4.0,0.0,0.0,0.0,0.0,0.0,0.0,0.0,0.0,2.0,12.0,1.0,12.17,5.01,2.51,1.5,0.0,0.0,0.0,361.4,0.0,0.8,0.1,0.4,-169.70000000000002,0.0,0.0,169.60000000000002,0.0,21.700000000000003,28.9,28.9,31.0,300.0,300.0,31.6,35.800000000000004,28.9,28.0,29.9,4.96,1.99,4.97,0.16,0.0,0.0,1027.0,8228.0,0.0,0.0,0.0,0.0,0.0,1.0,0.0,0.0,0.0,0.0,0.0,0.4,0.0,-0.3,0.0,0.0,16.0,25903.0
2026-07-30T19:03:04.130Z,353.613,353.628,0.0,7.4,0.0,0.0,0.0,0.0,0.0,0.0,0.0,0.0,1.0,0.0,0.0,0.0,9.0,4.0,0.0,0.0,0.0,0.0,0.0,0.0,0.0,0.0,3.0,12.0,1.0,12.17,5.01,2.51,1.5,0.0,0.0,0.0,361.3,0.0,-0.2,0.1,-0.1,-169.70000000000002,0.0,0.0,169.60000000000002,0.0,21.700000000000003,28.9,28.9,31.0,300.0,300.0,31.6,35.800000000000004,28.9,28.0,29.9,4.95,1.99,4.97,0.16,0.0,0.0,1027.0,8228.0,0.0,0.0,0.0,0.0,0.0,1.0,0.0,0.0,0.0,0.0,0.0,0.0,0.0,0.1,0.0,0.0,16.0,25903.0
2026-07-30T19:03:04.142Z,353.625,353.64,0.0,7.4,0.0,0.0,0.0,0.0,0.0,0.0,0.0,0.0,1.0,0.0,0.0,0.0,9.0,4.0,0.0,0.0,0.0,0.0,0.0,0.0,0.0,0.0,4.0,12.0,1.0,12.17,5.01,2.51,1.5,0.0,0.0,0.0,361.4,0.0,0.3,-0.4,-1.2000000000000002,-169.60000000000002,0.0,0.0,169.60000000000002,0.0,21.700000000000003,28.9,28.9,31.0,300.0,300.0,31.6,35.800000000000004,28.9,28.0,29.9,4.95,1.99,4.97,0.16,0.0,0.0,1027.0,8228.0,0.0,0.0,0.0,0.0,0.0,1.0,0.0,0.0,0.0,0.0,0.0,-1.4,0.0,1.0,0.0,0.0,16.0,25903.0
2026-07-30T19:03:04.154Z,353.637,353.652,0.0,7.4,0.0,0.0,0.0,0.0,0.0,0.0,0.0,0.0,1.0,0.0,0.0,0.0,9.0,4.0,0.0,0.0,0.0,0.0,0.0,0.0,0.0,0.0,6.0,12.0,1.0,12.17,5.01,2.51,1.5,0.0,0.0,0.0,361.4,0.0,0.3,-0.3,0.0,-169.60000000000002,0.0,0.0,169.60000000000002,0.0,21.700000000000003,28.9,28.9,31.0,300.0,300.0,31.6,35.800000000000004,28.9,28.0,29.9,4.96,2.0,4.97,0.16,0.0,0.0,1027.0,8228.0,0.0,0.0,0.0,0.0,0.0,1.0,0.0,0.0,0.0,0.0,0.0,-0.5,0.0,0.0,0.0,0.0,16.0,25903.0
2026-07-30T19:03:04.166Z,353.649,353.664,0.0,7.4,0.0,0.0,0.0,0.0,0.0,0.0,0.0,0.0,1.0,0.0,0.0,0.0,9.0,4.0,0.0,0.0,0.0,0.0,0.0,0.0,0.0,0.0,1.0,12.0,1.0,12.17,5.01,2.51,1.5,0.0,0.0,0.0,361.3,0.0,-0.2,0.7000000000000001,-0.1,-169.60000000000002,0.0,0.0,169.60000000000002,0.0,21.700000000000003,28.9,28.9,31.0,300.0,300.0,31.6,35.800000000000004,28.9,28.0,29.9,4.96,1.99,4.97,0.16,0.0,0.0,1027.0,8228.0,0.0,0.0,0.0,0.0,0.0,1.0,0.0,0.0,0.0,0.0,0.0,0.7000000000000001,0.0,0.2,0.0,0.0,16.0,25903.0
2026-07-30T19:03:04.178Z,353.661,353.676,0.0,7.4,0.0,0.0,0.0,0.0,0.0,0.0,0.0,0.0,1.0,0.0,0.0,0.0,9.0,4.0,0.0,0.0,0.0,0.0,0.0,0.0,0.0,0.0,2.0,12.0,1.0,12.17,5.01,2.51,1.5,0.0,0.0,0.0,361.3,0.0,0.3,-0.3,1.0,-169.60000000000002,0.0,0.0,169.60000000000002,0.0,21.700000000000003,28.9,28.9,31.0,300.0,300.0,31.6,35.800000000000004,28.9,28.0,29.9,4.96,1.99,4.97,0.16,0.0,0.0,1027.0,8228.0,0.0,0.0,0.0,0.0,0.0,1.0,0.0,0.0,0.0,0.0,0.0,0.3,0.0,-1.0,0.0,0.0,16.0,25903.0
2026-07-30T19:03:04.190Z,353.673,353.688,0.0,7.4,0.0,0.0,0.0,0.0,0.0,0.0,0.0,0.0,1.0,0.0,0.0,0.0,9.0,4.0,0.0,0.0,0.0,0.0,0.0,0.0,0.0,0.0,4.0,12.0,1.0,12.17,5.01,2.51,1.5,0.0,0.0,0.0,361.3,0.0,0.8,0.1,-0.1,-169.60000000000002,0.0,0.0,169.70000000000002,0.0,21.700000000000003,28.9,28.9,31.0,300.0,300.0,31.6,35.800000000000004,28.9,28.0,29.9,4.96,1.99,4.96,0.16,0.0,0.0,1027.0,8228.0,0.0,0.0,0.0,0.0,0.0,1.0,0.0,0.0,0.0,0.0,0.0,0.1,0.0,0.1,0.0,0.0,16.0,25903.0
2026-07-30T19:03:04.201Z,353.684,353.7,0.0,7.4,0.0,0.0,0.0,0.0,0.0,0.0,0.0,0.0,1.0,0.0,0.0,0.0,9.0,4.0,0.0,0.0,0.0,0.0,0.0,0.0,0.0,0.0,5.0,12.0,1.0,12.17,5.01,2.51,1.5,0.0,0.1,0.0,361.3,0.0,-0.3,-0.3,-0.7000000000000001,-169.60000000000002,0.0,0.0,169.60000000000002,0.0,21.700000000000003,28.9,28.9,31.0,300.0,300.0,31.6,35.800000000000004,28.9,28.0,29.9,4.95,1.99,4.96,0.16,0.0,0.0,1027.0,8228.0,0.0,0.0,0.0,0.0,0.0,1.0,0.0,0.0,0.0,0.0,0.0,-0.9,0.0,0.5,0.0,0.0,16.0,25903.0
2026-07-30T19:03:04.214Z,353.697,353.712,0.0,7.4,0.0,0.0,0.0,0.0,0.0,0.0,0.0,0.0,1.0,0.0,0.0,0.0,9.0,4.0,0.0,0.0,0.0,0.0,0.0,0.0,0.0,0.0,6.0,12.0,1.0,12.17,5.01,2.51,1.5,-0.1,0.0,0.0,361.3,0.0,-0.8,-0.3,-0.1,-169.60000000000002,0.0,0.0,169.60000000000002,0.0,21.700000000000003,28.9,28.9,31.0,300.0,300.0,31.6,35.800000000000004,28.9,28.0,29.9,4.95,1.99,4.97,0.16,0.0,0.0,1027.0,8228.0,0.0,0.0,0.0,0.0,0.0,1.0,0.0,0.0,0.0,0.0,0.0,-0.4,0.0,0.0,0.0,0.0,16.0,25903.0
2026-07-30T19:03:04.226Z,353.709,353.724,0.0,7.4,0.0,0.0,0.0,0.0,0.0,0.0,0.0,0.0,1.0,0.0,0.0,0.0,9.0,4.0,0.0,0.0,0.0,0.0,0.0,0.0,0.0,0.0,2.0,12.0,1.0,12.17,5.0200000000000005,2.5,1.5,0.0,0.0,0.0,361.3,0.0,-0.2,0.2,-1.3,-169.60000000000002,0.0,0.0,169.60000000000002,0.0,21.3,28.9,28.9,31.0,300.0,300.0,31.6,35.800000000000004,28.9,28.0,29.9,4.95,2.0,4.97,0.16,0.0,0.0,1027.0,8228.0,0.0,0.0,0.0,0.0,0.0,1.0,0.0,0.0,0.0,0.0,0.0,-0.7000000000000001,0.0,1.2000000000000002,0.0,0.0,16.0,25903.0
2026-07-30T19:03:04.237Z,353.72,353.736,0.0,7.4,0.0,0.0,0.0,0.0,0.0,0.0,0.0,0.0,1.0,0.0,0.0,0.0,9.0,4.0,0.0,0.0,0.0,0.0,0.0,0.0,0.0,0.0,3.0,12.0,1.0,12.17,5.0200000000000005,2.5,1.5,0.0,0.0,0.0,361.3,0.0,-0.8,-0.9,-0.7000000000000001,-169.60000000000002,0.0,0.0,169.8,0.0,21.3,28.9,28.9,31.0,300.0,300.0,31.6,35.800000000000004,28.9,28.0,29.9,4.96,2.0,4.96,0.16,0.0,0.0,1027.0,8228.0,0.0,0.0,0.0,0.0,0.0,1.0,0.0,0.0,0.0,0.0,0.0,-1.6,0.0,0.4,0.0,0.0,16.0,25903.0
2026-07-30T19:03:04.250Z,353.733,353.748,0.0,7.4,0.0,0.0,0.0,0.0,0.0,0.0,0.0,0.0,1.0,0.0,0.0,0.0,9.0,4.0,0.0,0.0,0.0,0.0,0.0,0.0,0.0,0.0,4.0,12.0,1.0,12.17,5.0200000000000005,2.5,1.5,0.0,0.0,0.0,361.4,0.0,-0.8,0.2,-0.1,-169.60000000000002,0.0,0.0,169.8,0.0,21.3,28.9,28.9,31.0,300.0,300.0,31.6,35.800000000000004,28.9,28.0,29.9,4.95,1.99,4.97,0.16,0.0,0.0,1027.0,8228.0,0.0,0.0,0.0,0.0,0.0,1.0,0.0,0.0,0.0,0.0,0.0,0.1,0.0,0.1,0.0,0.0,16.0,25903.0
2026-07-30T19:03:04.262Z,353.745,353.76,0.0,7.4,0.0,0.0,0.0,0.0,0.0,0.0,0.0,0.0,1.0,0.0,0.0,0.0,9.0,4.0,0.0,0.0,0.0,0.0,0.0,0.0,0.0,0.0,6.0,12.0,1.0,12.17,5.0200000000000005,2.5,1.5,0.0,0.0,0.0,361.4,0.0,0.8,0.2,-0.6000000000000001,-169.60000000000002,0.0,0.0,169.70000000000002,0.0,21.3,28.9,28.9,31.0,300.0,300.0,31.6,35.800000000000004,28.9,28.0,29.9,4.95,1.99,4.96,0.16,0.0,0.0,1027.0,8228.0,0.0,0.0,0.0,0.0,0.0,1.0,0.0,0.0,0.0,0.0,0.0,-0.2,0.0,0.6000000000000001,0.0,0.0,16.0,25903.0
2026-07-30T19:03:04.274Z,353.757,353.772,0.0,7.4,0.0,0.0,0.0,0.0,0.0,0.0,0.0,0.0,1.0,0.0,0.0,0.0,9.0,4.0,0.0,0.0,0.0,0.0,0.0,0.0,0.0,0.0,1.0,12.0,1.0,12.17,5.0200000000000005,2.5,1.5,0.0,0.0,0.0,361.4,0.0,0.8,1.4,1.6,-169.60000000000002,0.0,0.0,169.8,0.0,21.3,28.9,28.9,31.0,300.0,300.0,31.6,35.800000000000004,28.9,28.0,29.9,4.96,1.99,4.96,0.16,0.0,0.0,1027.0,8228.0,0.0,0.0,0.0,0.0,0.0,1.0,0.0,0.0,0.0,0.0,0.0,2.8000000000000003,0.0,-1.1,0.0,0.0,16.0,25903.0
2026-07-30T19:03:04.286Z,353.769,353.784,0.0,7.4,0.0,0.0,0.0,0.0,0.0,0.0,0.0,0.0,1.0,0.0,0.0,0.0,9.0,4.0,0.0,0.0,0.0,0.0,0.0,0.0,0.0,0.0,2.0,12.0,1.0,12.17,5.0200000000000005,2.5,1.5,0.0,0.1,0.0,361.4,0.0,-0.2,-0.3,-1.2000000000000002,-169.60000000000002,0.0,0.0,169.70000000000002,0.0,21.3,28.9,28.9,31.0,300.0,300.0,31.6,35.800000000000004,28.9,28.0,29.9,4.95,1.99,4.96,0.16,0.0,0.0,1027.0,8228.0,0.0,0.0,0.0,0.0,0.0,1.0,0.0,0.0,0.0,0.0,0.0,-1.3,0.0,1.0,0.0,0.0,16.0,25903.0
2026-07-30T19:03:04.297Z,353.78,353.796,0.0,7.4,0.0,0.0,0.0,0.0,0.0,0.0,0.0,0.0,1.0,0.0,0.0,0.0,9.0,4.0,0.0,0.0,0.0,0.0,0.0,0.0,0.0,0.0,4.0,12.0,1.0,12.17,5.0200000000000005,2.5,1.5,0.0,0.0,0.0,361.4,0.0,-0.8,-0.3,-0.6000000000000001,-169.60000000000002,0.0,0.0,169.60000000000002,0.0,21.3,28.9,28.9,31.0,300.0,300.0,31.6,35.800000000000004,28.9,28.0,29.9,4.95,2.0,4.97,0.16,0.0,0.0,1027.0,8228.0,0.0,0.0,0.0,0.0,0.0,1.0,0.0,0.0,0.0,0.0,0.0,-0.8,0.0,0.4,0.0,0.0,16.0,25903.0
2026-07-30T19:03:04.310Z,353.793,353.808,0.0,7.4,0.0,0.0,0.0,0.0,0.0,0.0,0.0,0.0,1.0,0.0,0.0,0.0,9.0,4.0,0.0,0.0,0.0,0.0,0.0,0.0,0.0,0.0,5.0,12.0,1.0,12.17,5.0200000000000005,2.5,1.5,0.0,0.0,0.0,361.4,0.0,-0.2,0.2,0.5,-169.60000000000002,0.0,0.0,169.70000000000002,0.0,21.3,28.9,28.9,31.0,300.0,300.0,31.6,35.800000000000004,28.9,28.0,29.9,4.95,2.0,4.96,0.16,0.0,0.0,1027.0,8228.0,0.0,0.0,0.0,0.0,0.0,1.0,0.0,0.0,0.0,0.0,0.0,0.6000000000000001,0.0,-0.4,0.0,0.0,16.0,25903.0
2026-07-30T19:03:04.323Z,353.806,353.82,0.0,7.4,0.0,0.0,0.0,0.0,0.0,0.0,0.0,0.0,1.0,0.0,0.0,0.0,9.0,4.0,0.0,0.0,0.0,0.0,0.0,0.0,0.0,0.0,1.0,12.0,1.0,12.14,5.01,2.51,1.49,0.0,0.0,0.0,361.3,0.0,0.2,0.2,-0.6000000000000001,-169.60000000000002,0.0,0.0,169.70000000000002,0.0,21.4,28.9,28.9,31.0,300.0,300.0,31.6,35.800000000000004,28.9,28.1,29.9,4.96,1.99,4.96,0.16,0.0,0.0,1027.0,8228.0,0.0,0.0,0.0,0.0,0.0,1.0,0.0,0.0,0.0,0.0,0.0,-0.1,0.0,0.6000000000000001,0.0,0.0,16.0,25903.0
2026-07-30T19:03:04.334Z,353.817,353.832,0.0,7.4,0.0,0.0,0.0,0.0,0.0,0.0,0.0,0.0,1.0,0.0,0.0,0.0,9.0,4.0,0.0,0.0,0.0,0.0,0.0,0.0,0.0,0.0,2.0,12.0,1.0,12.14,5.01,2.51,1.49,0.0,0.0,0.0,361.4,0.0,-0.8,-0.8,0.0,-169.60000000000002,0.0,0.0,169.60000000000002,0.0,21.4,28.9,28.9,31.0,300.0,300.0,31.6,35.800000000000004,28.9,28.1,29.9,4.95,1.99,4.97,0.16,0.0,0.0,1027.0,8228.0,0.0,0.0,0.0,0.0,0.0,1.0,0.0,0.0,0.0,0.0,0.0,-1.0,0.0,-0.1,0.0,0.0,16.0,25903.0
2026-07-30T19:03:04.346Z,353.829,353.844,0.0,7.4,0.0,0.0,0.0,0.0,0.0,0.0,0.0,0.0,1.0,0.0,0.0,0.0,9.0,4.0,0.0,0.0,0.0,0.0,0.0,0.0,0.0,0.0,4.0,12.0,1.0,12.14,5.01,2.51,1.49,0.0,0.0,0.0,361.4,0.0,-0.2,-0.9,-0.6000000000000001,-169.60000000000002,0.0,0.0,169.70000000000002,0.0,21.4,28.9,28.9,31.0,300.0,300.0,31.6,35.800000000000004,28.9,28.1,29.9,4.96,1.99,4.96,0.16,0.0,0.0,1027.0,8228.0,0.0,0.0,0.0,0.0,0.0,1.0,0.0,0.0,0.0,0.0,0.0,-1.5,0.0,0.4,0.0,0.0,16.0,25903.0
2026-07-30T19:03:04.358Z,353.841,353.856,0.0,7.4,0.0,0.0,0.0,0.0,0.0,0.0,0.0,0.0,1.0,0.0,0.0,0.0,9.0,4.0,0.0,0.0,0.0,0.0,0.0,0.0,0.0,0.0,5.0,12.0,1.0,12.14,5.01,2.51,1.49,0.0,0.1,0.0,361.4,0.0,-0.2,0.2,-0.7000000000000001,-169.60000000000002,0.0,0.0,169.70000000000002,0.0,21.4,28.9,28.9,31.0,300.0,300.0,31.6,35.800000000000004,28.9,28.1,29.9,4.96,2.0,4.96,0.16,0.0,0.0,1027.0,8228.0,0.0,0.0,0.0,0.0,0.0,1.0,0.0,0.0,0.0,0.0,0.0,-0.2,0.0,0.6000000000000001,0.0,0.0,16.0,25903.0
2026-07-30T19:03:04.370Z,353.853,353.868,0.0,7.4,0.0,0.0,0.0,0.0,0.0,0.0,0.0,0.0,1.0,0.0,0.0,0.0,9.0,4.0,0.0,0.0,0.0,0.0,0.0,0.0,0.0,0.0,6.0,12.0,1.0,12.14,5.01,2.51,1.49,0.0,0.0,0.0,361.4,0.0,0.2,0.2,-0.1,-169.60000000000002,0.0,0.0,169.70000000000002,0.0,21.4,28.9,28.9,31.0,300.0,300.0,31.6,35.800000000000004,28.9,28.1,29.9,4.95,1.99,4.96,0.16,0.0,0.0,1027.0,8228.0,0.0,0.0,0.0,0.0,0.0,1.0,0.0,0.0,0.0,0.0,0.0,0.1,0.0,0.1,0.0,0.0,16.0,25903.0
2026-07-30T19:03:04.382Z,353.865,353.88,0.0,7.4,0.0,0.0,0.0,0.0,0.0,0.0,0.0,0.0,1.0,0.0,0.0,0.0,9.0,4.0,0.0,0.0,0.0,0.0,0.0,0.0,0.0,0.0,2.0,12.0,1.0,12.14,5.01,2.51,1.49,0.0,0.0,0.0,361.3,0.0,-0.8,-0.3,1.0,-169.70000000000002,0.0,0.0,169.70000000000002,0.0,21.4,28.9,28.9,31.0,300.0,300.0,31.6,35.800000000000004,28.9,28.1,29.9,4.95,1.99,4.97,0.16,0.0,0.0,1027.0,8228.0,0.0,0.0,0.0,0.0,0.0,1.0,0.0,0.0,0.0,0.0,0.0,0.3,0.0,-0.9,0.0,0.0,16.0,25903.0
2026-07-30T19:03:04.394Z,353.877,353.892,0.0,7.4,0.0,0.0,0.0,0.0,0.0,0.0,0.0,0.0,1.0,0.0,0.0,0.0,9.0,4.0,0.0,0.0,0.0,0.0,0.0,0.0,0.0,0.0,3.0,12.0,1.0,12.14,5.01,2.51,1.49,0.0,0.0,0.0,361.3,0.0,-0.3,-0.9,0.3,-169.60000000000002,0.0,0.0,169.60000000000002,0.0,21.4,28.9,28.9,31.0,300.0,300.0,31.6,35.800000000000004,28.9,28.1,29.9,4.96,1.99,4.97,0.16,0.0,0.0,1027.0,8228.0,0.0,0.0,0.0,0.0,0.0,1.0,0.0,0.0,0.0,0.0,0.0,-0.8,0.0,-0.5,0.0,0.0,16.0,25903.0
2026-07-30T19:03:04.406Z,353.889,353.904,0.0,7.4,0.0,0.0,0.0,0.0,0.0,0.0,0.0,0.0,1.0,0.0,0.0,0.0,9.0,4.0,0.0,0.0,0.0,0.0,0.0,0.0,0.0,0.0,4.0,12.0,1.0,12.14,5.01,2.51,1.49,0.0,0.0,0.0,361.3,0.0,0.2,1.3,0.3,-169.70000000000002,0.0,0.0,169.8,0.0,21.4,28.9,28.9,31.0,300.0,300.0,31.6,35.800000000000004,28.9,28.1,29.9,4.96,1.99,4.97,0.16,0.0,0.0,1027.0,8228.0,0.0,0.0,0.0,0.0,0.0,1.0,0.0,0.0,0.0,0.0,0.0,1.8,0.0,0.0,0.0,0.0,16.0,25903.0
2026-07-30T19:03:04.418Z,353.901,353.916,0.0,7.4,0.0,0.0,0.0,0.0,0.0,0.0,0.0,0.0,1.0,0.0,0.0,0.0,9.0,4.0,0.0,0.0,0.0,0.0,0.0,0.0,0.0,0.0,6.0,12.0,1.0,12.14,5.01,2.51,1.49,0.0,0.0,0.0,361.4,0.0,-0.2,0.7000000000000001,-0.8,-169.70000000000002,0.0,0.0,169.70000000000002,0.0,21.4,28.9,28.9,31.0,300.0,300.0,31.6,35.800000000000004,28.9,28.1,29.9,4.95,1.99,4.97,0.16,0.0,0.0,1027.0,8228.0,0.0,0.0,0.0,0.0,0.0,1.0,0.0,0.0,0.0,0.0,0.0,0.2,0.0,0.8,0.0,0.0,16.0,25903.0
2026-07-30T19:03:04.430Z,353.913,353.928,0.0,7.4,0.0,0.0,0.0,0.0,0.0,0.0,0.0,0.0,1.0,0.0,0.0,0.0,9.0,4.0,0.0,0.0,0.0,0.0,0.0,0.0,0.0,0.0,2.0,12.0,1.0,12.18,5.03,2.5,1.49,0.0,0.0,0.0,361.4,0.0,0.3,-0.4,1.5,-169.70000000000002,0.0,0.0,169.70000000000002,0.0,20.9,28.9,28.9,31.0,300.0,300.0,31.700000000000003,35.800000000000004,28.9,28.1,29.9,4.96,1.99,4.96,0.16,0.0,0.0,1027.0,8228.0,0.0,0.0,0.0,0.0,0.0,1.0,0.0,0.0,0.0,0.0,0.0,0.6000000000000001,0.0,-1.4,0.0,0.0,16.0,25903.0
2026-07-30T19:03:04.442Z,353.925,353.94,0.0,7.4,0.0,0.0,0.0,0.0,0.0,0.0,0.0,0.0,1.0,0.0,0.0,0.0,9.0,4.0,0.0,0.0,0.0,0.0,0.0,0.0,0.0,0.0,3.0,12.0,1.0,12.18,5.03,2.5,1.49,0.0,0.0,0.0,361.4,0.0,-0.2,-0.9,-1.3,-169.70000000000002,0.0,0.0,169.8,0.0,20.9,28.9,28.9,31.0,300.0,300.0,31.700000000000003,35.800000000000004,28.9,28.1,29.9,4.96,1.99,4.96,0.16,0.0,0.0,1027.0,8228.0,0.0,0.0,0.0,0.0,0.0,1.0,0.0,0.0,0.0,0.0,0.0,-2.1,0.0,1.0,0.0,0.0,16.0,25903.0
2026-07-30T19:03:04.454Z,353.937,353.952,0.0,7.4,0.0,0.0,0.0,0.0,0.0,0.0,0.0,0.0,1.0,0.0,0.0,0.0,9.0,4.0,0.0,0.0,0.0,0.0,0.0,0.0,0.0,0.0,4.0,12.0,1.0,12.18,5.03,2.5,1.49,0.0,0.0,0.0,361.3,0.0,0.9,0.2,0.9,-169.70000000000002,0.0,0.0,169.70000000000002,0.0,20.9,28.9,28.9,31.0,300.0,300.0,31.700000000000003,35.800000000000004,28.9,28.1,29.9,4.96,1.99,4.97,0.16,0.0,0.0,1027.0,8228.0,0.0,0.0,0.0,0.0,0.0,1.0,0.0,0.0,0.0,0.0,0.0,0.9,0.0,-0.8,0.0,0.0,16.0,25903.0
2026-07-30T19:03:04.466Z,353.949,353.964,0.0,7.4,0.0,0.0,0.0,0.0,0.0,0.0,0.0,0.0,1.0,0.0,0.0,0.0,9.0,4.0,0.0,0.0,0.0,0.0,0.0,0.0,0.0,0.0,6.0,12.0,1.0,12.18,5.03,2.5,1.49,0.0,0.0,0.0,361.3,0.0,0.3,1.3,-1.3,-169.70000000000002,0.0,0.0,169.60000000000002,0.0,20.9,28.9,28.9,31.0,300.0,300.0,31.700000000000003,35.800000000000004,28.9,28.1,29.9,4.95,1.99,4.97,0.16,0.0,0.0,1027.0,8228.0,0.0,0.0,0.0,0.0,0.0,1.0,0.0,0.0,0.0,0.0,0.0,0.5,0.0,1.4,0.0,0.0,16.0,25903.0
2026-07-30T19:03:04.478Z,353.961,353.976,0.0,7.4,0.0,0.0,0.0,0.0,0.0,0.0,0.0,0.0,1.0,0.0,0.0,0.0,9.0,4.0,0.0,0.0,0.0,0.0,0.0,0.0,0.0,0.0,2.0,12.0,1.0,12.18,5.03,2.5,1.49,0.0,0.0,0.0,361.3,0.0,1.5,0.8,0.5,-169.70000000000002,0.0,0.0,169.70000000000002,0.0,20.9,28.9,28.9,31.0,300.0,300.0,31.700000000000003,35.800000000000004,28.9,28.1,29.9,4.96,1.99,4.96,0.15,0.0,0.0,1027.0,8228.0,0.0,0.0,0.0,0.0,0.0,1.0,0.0,0.0,0.0,0.0,0.0,1.3,0.0,-0.2,0.0,0.0,16.0,25903.0
2026-07-30T19:03:04.490Z,353.973,353.988,0.0,7.4,0.0,0.0,0.0,0.0,0.0,0.0,0.0,0.0,1.0,0.0,0.0,0.0,9.0,4.0,0.0,0.0,0.0,0.0,0.0,0.0,0.0,0.0,3.0,12.0,1.0,12.18,5.03,2.5,1.49,0.0,0.1,0.0,361.3,0.0,0.4,-0.3,1.7000000000000002,-169.70000000000002,0.0,0.0,169.70000000000002,0.0,20.9,28.9,28.9,31.0,300.0,300.0,31.700000000000003,35.800000000000004,28.9,28.1,29.9,4.95,1.99,4.97,0.15,0.0,0.0,1027.0,8228.0,0.0,0.0,0.0,0.0,0.0,1.0,0.0,0.0,0.0,0.0,0.0,0.8,0.0,-1.5,0.0,0.0,16.0,25903.0
2026-07-30T19:03:04.502Z,353.985,354.0,0.0,7.4,0.0,0.0,0.0,0.0,0.0,0.0,0.0,0.0,1.0,0.0,0.0,0.0,9.0,4.0,0.0,0.0,0.0,0.0,0.0,0.0,0.0,0.0,5.0,12.0,1.0,12.18,5.03,2.5,1.49,0.0,0.0,0.0,361.4,0.0,-0.8,0.2,0.0,-169.70000000000002,0.0,0.0,169.70000000000002,0.0,20.9,28.9,28.9,31.0,300.0,300.0,31.700000000000003,35.800000000000004,28.9,28.1,29.9,4.95,1.99,4.97,0.16,0.0,0.0,1027.0,8228.0,0.0,0.0,0.0,0.0,0.0,1.0,0.0,0.0,0.0,0.0,0.0,0.2,0.0,0.1,0.0,0.0,16.0,25903.0
2026-07-30T19:03:04.514Z,353.997,354.012,0.0,7.4,0.0,0.0,0.0,0.0,0.0,0.0,0.0,0.0,1.0,0.0,0.0,0.0,9.0,4.0,0.0,0.0,0.0,0.0,0.0,0.0,0.0,0.0,6.0,12.0,1.0,12.18,5.03,2.5,1.49,0.0,0.0,0.0,361.4,0.0,0.3,1.3,0.5,-169.70000000000002,0.0,0.0,169.8,0.0,20.9,28.9,28.9,31.0,300.0,300.0,31.700000000000003,35.800000000000004,28.9,28.1,29.9,4.96,2.0,4.97,0.16,0.0,0.0,1027.0,8228.0,0.0,0.0,0.0,0.0,0.0,1.0,0.0,0.0,0.0,0.0,0.0,-1.1,0.0,1.6,0.0,0.0,16.0,25903.0
2026-07-30T19:03:04.527Z,354.01,354.024,0.0,7.4,0.0,0.0,0.0,0.0,0.0,0.0,0.0,0.0,1.0,0.0,0.0,0.0,9.0,4.0,0.0,0.0,0.0,0.0,0.0,0.0,0.0,0.0,1.0,12.0,1.0,12.17,5.01,2.51,1.49,0.0,0.0,0.0,361.4,0.0,-0.2,0.2,0.0,-169.70000000000002,0.0,0.0,169.8,0.0,21.8,28.9,28.9,30.9,300.0,300.0,31.700000000000003,35.800000000000004,28.9,28.1,29.9,4.95,2.0,4.96,0.16,0.0,0.0,1027.0,8228.0,0.0,0.0,0.0,0.0,0.0,1.0,0.0,0.0,0.0,0.0,0.0,0.0,0.0,-0.5,0.0,0.0,16.0,25903.0
2026-07-30T19:03:04.538Z,354.021,354.036,0.0,7.4,0.0,0.0,0.0,0.0,0.0,0.0,0.0,0.0,1.0,0.0,0.0,0.0,9.0,4.0,0.0,0.0,0.0,0.0,0.0,0.0,0.0,0.0,3.0,12.0,1.0,12.17,5.01,2.51,1.49,0.0,0.0,0.0,361.3,0.0,0.3,-0.3,0.0,-169.70000000000002,0.0,0.0,169.8,0.0,21.8,28.9,28.9,30.9,300.0,300.0,31.700000000000003,35.800000000000004,28.9,28.1,29.9,4.96,1.99,4.97,0.16,0.0,0.0,1027.0,8228.0,0.0,0.0,0.0,0.0,0.0,1.0,0.0,0.0,0.0,0.0,0.0,-1.5,0.0,0.3,0.0,0.0,16.0,25903.0
2026-07-30T19:03:04.550Z,354.033,354.048,0.0,7.4,0.0,0.0,0.0,0.0,0.0,0.0,0.0,0.0,1.0,0.0,0.0,0.0,9.0,4.0,0.0,0.0,0.0,0.0,0.0,0.0,0.0,0.0,4.0,12.0,1.0,12.17,5.01,2.51,1.49,0.0,0.0,0.0,361.4,0.0,0.3,0.8,-0.6000000000000001,-169.70000000000002,0.0,0.0,169.60000000000002,0.0,21.8,28.9,28.9,30.9,300.0,300.0,31.700000000000003,35.800000000000004,28.9,28.1,29.9,4.96,1.99,4.96,0.16,0.0,0.0,1027.0,8228.0,0.0,0.0,0.0,0.0,0.0,1.0,0.0,0.0,0.0,0.0,0.0,0.4,0.0,0.7000000000000001,0.0,0.0,16.0,25903.0
2026-07-30T19:03:04.562Z,354.045,354.06,0.0,7.4,0.0,0.0,0.0,0.0,0.0,0.0,0.0,0.0,1.0,0.0,0.0,0.0,9.0,4.0,0.0,0.0,0.0,0.0,0.0,0.0,0.0,0.0,6.0,12.0,1.0,12.17,5.01,2.51,1.49,0.0,0.0,0.0,361.3,0.0,-0.2,1.4,1.1,-169.70000000000002,0.0,0.0,169.70000000000002,0.0,21.8,28.9,28.9,30.9,300.0,300.0,31.700000000000003,35.800000000000004,28.9,28.1,29.9,4.96,1.99,4.96,0.15,0.0,0.0,1027.0,8228.0,0.0,0.0,0.0,0.0,0.0,1.0,0.0,0.0,0.0,0.0,0.0,2.4000000000000004,0.0,-0.7000000000000001,0.0,0.0,16.0,25903.0
2026-07-30T19:03:04.574Z,354.057,354.072,0.0,7.4,0.0,0.0,0.0,0.0,0.0,0.0,0.0,0.0,1.0,0.0,0.0,0.0,9.0,4.0,0.0,0.0,0.0,0.0,0.0,0.0,0.0,0.0,1.0,12.0,1.0,12.17,5.01,2.51,1.49,0.0,0.0,0.0,361.3,0.0,0.3,-0.3,0.5,-169.70000000000002,0.0,0.0,169.60000000000002,0.0,21.8,28.9,28.9,30.9,300.0,300.0,31.700000000000003,35.800000000000004,28.9,28.1,29.9,4.95,1.99,4.97,0.16,0.0,0.0,1027.0,8228.0,0.0,0.0,0.0,0.0,0.0,1.0,0.0,0.0,0.0,0.0,0.0,0.0,0.0,-0.5,0.0,0.0,16.0,25903.0
2026-07-30T19:03:04.586Z,354.069,354.084,0.0,7.4,0.0,0.0,0.0,0.0,0.0,0.0,0.0,0.0,1.0,0.0,0.0,0.0,9.0,4.0,0.0,0.0,0.0,0.0,0.0,0.0,0.0,0.0,2.0,12.0,1.0,12.17,5.01,2.51,1.49,0.0,0.0,0.0,361.4,0.0,0.9,-0.9,0.0,-169.70000000000002,0.0,0.0,169.60000000000002,0.0,21.8,28.9,28.9,30.9,300.0,300.0,31.700000000000003,35.800000000000004,28.9,28.1,29.9,4.96,1.99,4.96,0.16,0.0,0.0,1027.0,8228.0,0.0,0.0,0.0,0.0,0.0,1.0,0.0,0.0,0.0,0.0,0.0,-1.0,0.0,-0.1,0.0,0.0,16.0,25903.0
2026-07-30T19:03:04.598Z,354.081,354.096,0.0,7.4,0.0,0.0,0.0,0.0,0.0,0.0,0.0,0.0,1.0,0.0,0.0,0.0,9.0,4.0,0.0,0.0,0.0,0.0,0.0,0.0,0.0,0.0,4.0,12.0,1.0,12.17,5.01,2.51,1.49,0.0,0.0,0.0,361.4,0.0,0.3,1.3,-0.6000000000000001,-169.70000000000002,0.0,0.0,169.8,0.0,21.8,28.9,28.9,30.9,300.0,300.0,31.700000000000003,35.800000000000004,28.9,28.1,29.9,4.96,1.99,4.96,0.16,0.0,0.0,1027.0,8228.0,0.0,0.0,0.0,0.0,0.0,1.0,0.0,0.0,0.0,0.0,0.0,1.0,0.0,0.8,0.0,0.0,16.0,25903.0
2026-07-30T19:03:04.610Z,354.093,354.108,0.0,7.4,0.0,0.0,0.0,0.0,0.0,0.0,0.0,0.0,1.0,0.0,0.0,0.0,9.0,4.0,0.0,0.0,0.0,0.0,0.0,0.0,0.0,0.0,5.0,12.0,1.0,12.17,5.01,2.51,1.49,0.0,0.0,0.0,361.4,0.0,-0.2,0.1,-0.6000000000000001,-169.70000000000002,0.0,0.0,169.8,0.0,21.8,28.9,28.9,30.9,300.0,300.0,31.700000000000003,35.800000000000004,28.9,28.1,29.9,4.96,1.99,4.96,0.16,0.0,0.0,1027.0,8228.0,0.0,0.0,0.0,0.0,0.0,1.0,0.0,0.0,0.0,0.0,0.0,-0.2,0.0,0.5,0.0,0.0,16.0,25903.0
2026-07-30T19:03:04.622Z,354.105,354.12,0.0,7.4,0.0,0.0,0.0,0.0,0.0,0.0,0.0,0.0,1.0,0.0,0.0,0.0,9.0,4.0,0.0,0.0,0.0,0.0,0.0,0.0,0.0,0.0,1.0,12.0,1.0,12.17,5.01,2.51,1.49,0.0,0.0,0.0,361.4,0.0,0.2,0.1,1.1,-169.70000000000002,0.0,0.0,169.60000000000002,0.0,21.8,28.9,28.9,30.9,300.0,300.0,31.700000000000003,35.800000000000004,28.9,28.1,29.9,4.95,1.99,4.97,0.16,0.0,0.0,1027.0,8228.0,0.0,0.0,0.0,0.0,0.0,1.0,0.0,0.0,0.0,0.0,0.0,1.0,0.0,-0.9,0.0,0.0,16.0,25903.0
2026-07-30T19:03:04.634Z,354.117,354.132,0.0,7.4,0.0,0.0,0.0,0.0,0.0,0.0,0.0,0.0,1.0,0.0,0.0,0.0,9.0,4.0,0.0,0.0,0.0,0.0,0.0,0.0,0.0,0.0,2.0,12.0,1.0,12.18,5.01,2.51,1.49,0.0,0.0,0.0,361.4,0.0,0.2,-0.4,0.5,-169.70000000000002,0.0,0.0,169.60000000000002,0.0,21.700000000000003,28.9,28.9,31.0,300.0,300.0,31.700000000000003,35.7,28.9,28.1,29.9,4.96,1.99,4.96,0.16,0.0,0.0,1027.0,8228.0,0.0,0.0,0.0,0.0,0.0,1.0,0.0,0.0,0.0,0.0,0.0,-0.1,0.0,-0.5,0.0,0.0,16.0,25903.0
2026-07-30T19:03:04.646Z,354.129,354.144,0.0,7.4,0.0,0.0,0.0,0.0,0.0,0.0,0.0,0.0,1.0,0.0,0.0,0.0,9.0,4.0,0.0,0.0,0.0,0.0,0.0,0.0,0.0,0.0,3.0,12.0,1.0,12.18,5.01,2.51,1.49,0.0,0.0,0.0,361.4,0.0,-0.9,0.1,0.0,-169.70000000000002,0.0,0.0,169.60000000000002,0.0,21.700000000000003,28.9,28.9,31.0,300.0,300.0,31.700000000000003,35.7,28.9,28.1,29.9,4.96,1.99,4.97,0.16,0.0,0.0,1027.0,8228.0,0.0,0.0,0.0,0.0,0.0,1.0,0.0,0.0,0.0,0.0,0.0,0.0,0.0,0.0,0.0,0.0,16.0,25903.0
2026-07-30T19:03:04.658Z,354.141,354.156,0.0,7.4,0.0,0.0,0.0,0.0,0.0,0.0,0.0,0.0,1.0,0.0,0.0,0.0,9.0,4.0,0.0,0.0,0.0,0.0,0.0,0.0,0.0,0.0,4.0,12.0,1.0,12.18,5.01,2.51,1.49,0.0,0.0,0.0,361.4,0.0,0.2,0.1,-1.2000000000000002,-169.60000000000002,0.0,0.0,169.70000000000002,0.0,21.700000000000003,28.9,28.9,31.0,300.0,300.0,31.700000000000003,35.7,28.9,28.1,29.9,4.96,1.99,4.97,0.16,0.0,0.0,1027.0,8228.0,0.0,0.0,0.0,0.0,0.0,1.0,0.0,0.0,0.0,0.0,0.0,-0.8,0.0,1.1,0.0,0.0,16.0,25903.0
2026-07-30T19:03:04.670Z,354.153,354.168,0.0,7.4,0.0,0.0,0.0,0.0,0.0,0.0,0.0,0.0,1.0,0.0,0.0,0.0,9.0,4.0,0.0,0.0,0.0,0.0,0.0,0.0,0.0,0.0,5.0,12.0,1.0,12.18,5.01,2.51,1.49,0.0,0.0,0.0,361.4,0.0,0.8,-0.4,0.0,-169.60000000000002,0.0,0.0,169.70000000000002,0.0,21.700000000000003,28.9,28.9,31.0,300.0,300.0,31.700000000000003,35.7,28.9,28.1,29.9,4.96,1.99,4.96,0.16,0.0,0.0,1027.0,8228.0,0.0,0.0,0.0,0.0,0.0,1.0,0.0,0.0,0.0,0.0,0.0,-0.5,0.0,0.0,0.0,0.0,16.0,25903.0
2026-07-30T19:03:04.682Z,354.165,354.18,0.0,7.4,0.0,0.0,0.0,0.0,0.0,0.0,0.0,0.0,1.0,0.0,0.0,0.0,9.0,4.0,0.0,0.0,0.0,0.0,0.0,0.0,0.0,0.0,1.0,12.0,1.0,12.18,5.01,2.51,1.49,0.0,0.0,0.0,361.4,0.0,-0.2,0.1,-1.3,-169.70000000000002,0.0,0.0,169.8,0.0,21.700000000000003,28.9,28.9,31.0,300.0,300.0,31.700000000000003,35.7,28.9,28.1,29.9,4.96,2.0,4.97,0.16,0.0,0.0,1027.0,8228.0,0.0,0.0,0.0,0.0,0.0,1.0,0.0,0.0,0.0,0.0,0.0,-0.8,0.0,1.1,0.0,0.0,16.0,25903.0
2026-07-30T19:03:04.694Z,354.177,354.192,0.0,7.4,0.0,0.0,0.0,0.0,0.0,0.0,0.0,0.0,1.0,0.0,0.0,0.0,9.0,4.0,0.0,0.0,0.0,0.0,0.0,0.0,0.0,0.0,2.0,12.0,1.0,12.18,5.01,2.51,1.49,0.0,0.0,0.0,361.4,0.0,0.8,1.3,0.4,-169.70000000000002,0.0,0.0,169.70000000000002,0.0,21.700000000000003,28.9,28.9,31.0,300.0,300.0,31.700000000000003,35.7,28.9,28.1,29.9,4.96,1.99,4.97,0.16,0.0,0.0,1027.0,8228.0,0.0,0.0,0.0,0.0,0.0,1.0,0.0,0.0,0.0,0.0,0.0,1.8,0.0,-0.1,0.0,0.0,16.0,25903.0
2026-07-30T19:03:04.706Z,354.189,354.204,0.0,7.4,0.0,0.0,0.0,0.0,0.0,0.0,0.0,0.0,1.0,0.0,0.0,0.0,9.0,4.0,0.0,0.0,0.0,0.0,0.0,0.0,0.0,0.0,3.0,12.0,1.0,12.18,5.01,2.51,1.49,0.0,0.0,0.0,361.4,0.0,-0.8,0.1,-1.2000000000000002,-169.70000000000002,0.0,0.0,169.8,0.0,21.700000000000003,28.9,28.9,31.0,300.0,300.0,31.700000000000003,35.7,28.9,28.1,29.9,4.95,1.99,4.97,0.16,0.0,0.0,1027.0,8228.0,0.0,0.0,0.0,0.0,0.0,1.0,0.0,0.0,0.0,0.0,0.0,-0.7000000000000001,0.0,1.1,0.0,0.0,16.0,25903.0
2026-07-30T19:03:04.718Z,354.201,354.216,0.0,7.4,0.0,0.0,0.0,0.0,0.0,0.0,0.0,0.0,1.0,0.0,0.0,0.0,9.0,4.0,0.0,0.0,0.0,0.0,0.0,0.0,0.0,0.0,5.0,12.0,1.0,12.18,5.01,2.51,1.49,0.0,0.0,0.0,361.4,0.0,0.2,-0.4,-0.6000000000000001,-169.70000000000002,0.0,0.0,169.60000000000002,0.0,21.700000000000003,28.9,28.9,31.0,300.0,300.0,31.700000000000003,35.7,28.9,28.1,29.9,4.96,1.99,4.96,0.17,0.0,0.0,1027.0,8228.0,0.0,0.0,0.0,0.0,0.0,1.0,0.0,0.0,0.0,0.0,0.0,-0.9,0.0,0.4,0.0,0.0,16.0,25903.0
2026-07-30T19:03:04.730Z,354.213,354.228,0.0,7.4,0.0,0.0,0.0,0.0,0.0,0.0,0.0,0.0,1.0,0.0,0.0,0.0,9.0,4.0,0.0,0.0,0.0,0.0,0.0,0.0,0.0,0.0,6.0,12.0,1.0,12.13,5.01,2.51,1.5,0.0,0.0,0.0,361.3,0.0,-0.2,-1.5,-1.1,-169.70000000000002,0.0,0.0,169.8,0.0,21.700000000000003,28.9,28.9,30.9,300.0,300.0,31.8,35.800000000000004,28.9,28.1,29.9,4.95,1.99,4.97,0.17,0.0,0.0,1027.0,8228.0,0.0,0.0,0.0,0.0,0.0,1.0,0.0,0.0,0.0,0.0,0.0,-2.6,0.0,0.7000000000000001,0.0,0.0,16.0,25903.0
2026-07-30T19:03:04.742Z,354.225,354.24,0.0,7.4,0.0,0.0,0.0,0.0,0.0,0.0,0.0,0.0,1.0,0.0,0.0,0.0,9.0,4.0,0.0,0.0,0.0,0.0,0.0,0.0,0.0,0.0,1.0,12.0,1.0,12.13,5.01,2.51,1.5,0.0,0.0,0.0,361.3,0.0,-0.2,0.7000000000000001,1.1,-169.70000000000002,0.0,0.0,169.70000000000002,0.0,21.700000000000003,28.9,28.9,30.9,300.0,300.0,31.8,35.800000000000004,28.9,28.1,29.9,4.95,1.99,4.97,0.16,0.0,0.0,1027.0,8228.0,0.0,0.0,0.0,0.0,0.0,1.0,0.0,0.0,0.0,0.0,0.0,1.7000000000000002,0.0,-0.8,0.0,0.0,16.0,25903.0
2026-07-30T19:03:04.754Z,354.237,354.252,0.0,7.4,0.0,0.0,0.0,0.0,0.0,0.0,0.0,0.0,1.0,0.0,0.0,0.0,9.0,4.0,0.0,0.0,0.0,0.0,0.0,0.0,0.0,0.0,2.0,12.0,1.0,12.13,5.01,2.51,1.5,0.0,0.1,0.0,361.4,0.0,-0.2,-0.4,-0.5,-169.70000000000002,0.0,0.0,169.70000000000002,0.0,21.700000000000003,28.9,28.9,30.9,300.0,300.0,31.8,35.800000000000004,28.9,28.1,29.9,4.96,2.0,4.97,0.16,0.0,0.0,1027.0,8228.0,0.0,0.0,0.0,0.0,0.0,1.0,0.0,0.0,0.0,0.0,0.0,-0.8,0.0,0.4,0.0,0.0,16.0,25903.0
2026-07-30T19:03:04.766Z,354.249,354.264,0.0,7.4,0.0,0.0,0.0,0.0,0.0,0.0,0.0,0.0,1.0,0.0,0.0,0.0,9.0,4.0,0.0,0.0,0.0,0.0,0.0,0.0,0.0,0.0,3.0,12.0,1.0,12.13,5.01,2.51,1.5,0.0,0.0,0.0,361.4,0.0,-0.8,-0.9,0.0,-169.60000000000002,0.0,0.0,169.70000000000002,0.0,21.700000000000003,28.9,28.9,30.9,300.0,300.0,31.8,35.800000000000004,28.9,28.1,29.9,4.95,2.0,4.97,0.16,0.0,0.0,1027.0,8228.0,0.0,0.0,0.0,0.0,0.0,1.0,0.0,0.0,0.0,0.0,0.0,-1.1,0.0,-0.2,0.0,0.0,16.0,25903.0
2026-07-30T19:03:04.778Z,354.261,354.276,0.0,7.4,0.0,0.0,0.0,0.0,0.0,0.0,0.0,0.0,1.0,0.0,0.0,0.0,9.0,4.0,0.0,0.0,0.0,0.0,0.0,0.0,0.0,0.0,4.0,12.0,1.0,12.13,5.01,2.51,1.5,0.0,0.0,0.0,361.4,0.0,0.3,0.7000000000000001,0.0,-169.60000000000002,0.0,0.0,169.70000000000002,0.0,21.700000000000003,28.9,28.9,30.9,300.0,300.0,31.8,35.800000000000004,28.9,28.1,29.9,4.96,1.99,4.97,0.16,0.0,0.0,1027.0,8228.0,0.0,0.0,0.0,0.0,0.0,1.0,0.0,0.0,0.0,0.0,0.0,0.8,0.0,0.1,0.0,0.0,16.0,25903.0
2026-07-30T19:03:04.790Z,354.273,354.288,0.0,7.4,0.0,0.0,0.0,0.0,0.0,0.0,0.0,0.0,1.0,0.0,0.0,0.0,9.0,4.0,0.0,0.0,0.0,0.0,0.0,0.0,0.0,0.0,6.0,12.0,1.0,12.13,5.01,2.51,1.5,0.0,0.0,0.0,361.4,0.0,0.9,0.7000000000000001,1.1,-169.60000000000002,0.0,0.0,169.70000000000002,0.0,21.700000000000003,28.9,28.9,30.9,300.0,300.0,31.8,35.800000000000004,28.9,28.1,29.9,4.96,1.99,4.96,0.16,0.0,0.0,1027.0,8228.0,0.0,0.0,0.0,0.0,0.0,1.0,0.0,0.0,0.0,0.0,0.0,1.7000000000000002,0.0,-0.9,0.0,0.0,16.0,25903.0
2026-07-30T19:03:04.801Z,354.284,354.3,0.0,7.4,0.0,0.0,0.0,0.0,0.0,0.0,0.0,0.0,1.0,0.0,0.0,0.0,9.0,4.0,0.0,0.0,0.0,0.0,0.0,0.0,0.0,0.0,1.0,12.0,1.0,12.13,5.01,2.51,1.5,0.0,0.0,0.0,361.3,0.0,0.3,1.3,0.0,-169.70000000000002,0.0,0.0,169.70000000000002,0.0,21.700000000000003,28.9,28.9,30.9,300.0,300.0,31.8,35.800000000000004,28.9,28.1,29.9,4.96,1.99,4.96,0.16,0.0,0.0,1027.0,8228.0,0.0,0.0,0.0,0.0,0.0,1.0,0.0,0.0,0.0,0.0,0.0,1.5,0.0,0.2,0.0,0.0,16.0,25903.0
2026-07-30T19:03:04.814Z,354.297,354.312,0.0,7.4,0.0,0.0,0.0,0.0,0.0,0.0,0.0,0.0,1.0,0.0,0.0,0.0,9.0,4.0,0.0,0.0,0.0,0.0,0.0,0.0,0.0,0.0,2.0,12.0,1.0,12.13,5.01,2.51,1.5,0.0,0.0,0.0,361.4,0.0,0.3,0.2,0.0,-169.70000000000002,0.0,0.0,169.8,0.0,21.700000000000003,28.9,28.9,30.9,300.0,300.0,31.8,35.800000000000004,28.9,28.1,29.9,4.95,1.99,4.97,0.16,0.0,0.0,1027.0,8228.0,0.0,0.0,0.0,0.0,0.0,1.0,0.0,0.0,0.0,0.0,0.0,0.2,0.0,0.0,0.0,0.0,16.0,25903.0
2026-07-30T19:03:04.825Z,354.308,354.324,0.0,7.4,0.0,0.0,0.0,0.0,0.0,0.0,0.0,0.0,1.0,0.0,0.0,0.0,9.0,4.0,0.0,0.0,0.0,0.0,0.0,0.0,0.0,0.0,4.0,12.0,1.0,12.13,5.01,2.51,1.5,0.0,0.0,0.0,361.4,0.0,-0.2,-1.0,0.0,-169.70000000000002,0.0,0.0,169.60000000000002,0.0,21.700000000000003,28.9,28.9,30.9,300.0,300.0,31.8,35.800000000000004,28.9,28.1,29.9,4.95,2.0,4.96,0.16,0.0,0.0,1027.0,8228.0,0.0,0.0,0.0,0.0,0.0,1.0,0.0,0.0,0.0,0.0,0.0,-1.1,0.0,-0.2,0.0,0.0,16.0,25903.0
2026-07-30T19:03:04.838Z,354.321,354.336,0.0,7.4,0.0,0.0,0.0,0.0,0.0,0.0,0.0,0.0,1.0,0.0,0.0,0.0,9.0,4.0,0.0,0.0,0.0,0.0,0.0,0.0,0.0,0.0,5.0,12.0,1.0,12.17,5.0200000000000005,2.51,1.49,0.0,0.0,0.0,361.4,0.0,0.9,1.3,-1.7000000000000002,-169.70000000000002,0.0,0.0,169.70000000000002,0.0,22.1,28.9,28.9,30.9,300.0,300.0,31.8,35.800000000000004,28.9,28.1,30.0,4.95,1.99,4.96,0.16,0.0,0.0,1027.0,8228.0,0.0,0.0,0.0,0.0,0.0,1.0,0.0,0.0,0.0,0.0,0.0,0.2,0.0,1.8,0.0,0.0,16.0,25903.0
2026-07-30T19:03:04.849Z,354.332,354.348,0.0,7.4,0.0,0.0,0.0,0.0,0.0,0.0,0.0,0.0,1.0,0.0,0.0,0.0,9.0,4.0,0.0,0.0,0.0,0.0,0.0,0.0,0.0,0.0,1.0,12.0,1.0,12.17,5.0200000000000005,2.51,1.49,0.0,0.0,0.0,361.3,0.0,0.3,0.1,1.1,-169.70000000000002,0.0,0.0,169.70000000000002,0.0,22.1,28.9,28.9,30.9,300.0,300.0,31.8,35.800000000000004,28.9,28.1,30.0,4.95,1.99,4.96,0.16,0.0,0.0,1027.0,8228.0,0.0,0.0,0.0,0.0,0.0,1.0,0.0,0.0,0.0,0.0,0.0,1.0,0.0,-1.0,0.0,0.0,16.0,25903.0
2026-07-30T19:03:04.862Z,354.345,354.36,0.0,7.4,0.0,0.0,0.0,0.0,0.0,0.0,0.0,0.0,1.0,0.0,0.0,0.0,9.0,4.0,0.0,0.0,0.0,0.0,0.0,0.0,0.0,0.0,2.0,12.0,1.0,12.17,5.0200000000000005,2.51,1.49,0.0,0.0,0.0,361.4,0.0,-0.1,0.1,0.5,-169.70000000000002,0.0,0.0,169.70000000000002,0.0,22.1,28.9,28.9,30.9,300.0,300.0,31.8,35.800000000000004,28.9,28.1,30.0,4.95,1.99,4.96,0.16,0.0,0.0,1027.0,8228.0,0.0,0.0,0.0,0.0,0.0,1.0,0.0,0.0,0.0,0.0,0.0,0.6000000000000001,0.0,-0.4,0.0,0.0,16.0,25903.0
2026-07-30T19:03:04.874Z,354.357,354.372,0.0,7.4,0.0,0.0,0.0,0.0,0.0,0.0,0.0,0.0,1.0,0.0,0.0,0.0,9.0,4.0,0.0,0.0,0.0,0.0,0.0,0.0,0.0,0.0,4.0,12.0,1.0,12.17,5.0200000000000005,2.51,1.49,0.0,0.0,0.0,361.4,0.0,-0.7000000000000001,-0.9,-1.2000000000000002,-169.70000000000002,0.0,0.0,169.70000000000002,0.0,22.1,28.9,28.9,30.9,300.0,300.0,31.8,35.800000000000004,28.9,28.1,30.0,4.96,1.99,4.96,0.16,0.0,0.0,1027.0,8228.0,0.0,0.0,0.0,0.0,0.0,1.0,0.0,0.0,0.0,0.0,0.0,-2.0,0.0,0.8,0.0,0.0,16.0,25903.0
2026-07-30T19:03:04.886Z,354.369,354.384,0.0,7.4,0.0,0.0,0.0,0.0,0.0,0.0,0.0,0.0,1.0,0.0,0.0,0.0,9.0,4.0,0.0,0.0,0.0,0.0,0.0,0.0,0.0,0.0,5.0,12.0,1.0,12.17,5.0200000000000005,2.51,1.49,0.0,0.0,0.0,361.3,0.0,0.3,1.3,1.1,-169.70000000000002,0.0,0.0,169.70000000000002,0.0,22.1,28.9,28.9,30.9,300.0,300.0,31.8,35.800000000000004,28.9,28.1,30.0,4.96,1.99,4.97,0.16,0.0,0.0,1027.0,8228.0,0.0,0.0,0.0,0.0,0.0,1.0,0.0,0.0,0.0,0.0,0.0,2.4000000000000004,0.0,-0.7000000000000001,0.0,0.0,16.0,25903.0
2026-07-30T19:03:04.897Z,354.38,354.396,0.0,7.4,0.0,0.0,0.0,0.0,0.0,0.0,0.0,0.0,1.0,0.0,0.0,0.0,9.0,4.0,0.0,0.0,0.0,0.0,0.0,0.0,0.0,0.0,6.0,12.0,1.0,12.17,5.0200000000000005,2.51,1.49,0.0,0.0,0.0,361.3,0.0,-0.1,0.7000000000000001,-0.5,-169.70000000000002,0.0,0.0,169.70000000000002,0.0,22.1,28.9,28.9,30.9,300.0,300.0,31.8,35.800000000000004,28.9,28.1,30.0,4.95,2.0,4.97,0.16,0.0,0.0,1027.0,8228.0,0.0,0.0,0.0,0.0,0.0,1.0,0.0,0.0,0.0,0.0,0.0,0.4,0.0,0.6000000000000001,0.0,0.0,16.0,25903.0
2026-07-30T19:03:04.910Z,354.393,354.408,0.0,7.4,0.0,0.0,0.0,0.0,0.0,0.0,0.0,0.0,1.0,0.0,0.0,0.0,9.0,4.0,0.0,0.0,0.0,0.0,0.0,0.0,0.0,0.0,1.0,12.0,1.0,12.17,5.0200000000000005,2.51,1.49,0.0,0.0,0.0,361.4,0.0,0.9,-0.3,1.1,-169.70000000000002,0.0,0.0,169.70000000000002,0.0,22.1,28.9,28.9,30.9,300.0,300.0,31.8,35.800000000000004,28.9,28.1,30.0,4.96,2.0,4.97,0.16,0.0,0.0,1027.0,8228.0,0.0,0.0,0.0,0.0,0.0,1.0,0.0,0.0,0.0,0.0,0.0,0.4,0.0,-1.1,0.0,0.0,16.0,25903.0
2026-07-30T19:03:04.922Z,354.405,354.42,0.0,7.4,0.0,0.0,0.0,0.0,0.0,0.0,0.0,0.0,1.0,0.0,0.0,0.0,9.0,4.0,0.0,0.0,0.0,0.0,0.0,0.0,0.0,0.0,3.0,12.0,1.0,12.17,5.0200000000000005,2.51,1.49,0.0,0.0,0.0,361.3,0.0,0.3,0.8,0.0,-169.60000000000002,0.0,0.0,169.60000000000002,0.0,22.1,28.9,28.9,30.9,300.0,300.0,31.8,35.800000000000004,28.9,28.1,30.0,4.95,1.99,4.96,0.16,0.0,0.0,1027.0,8228.0,0.0,0.0,0.0,0.0,0.0,1.0,0.0,0.0,0.0,0.0,0.0,0.9,0.0,0.1,0.0,0.0,16.0,25903.0
2026-07-30T19:03:04.935Z,354.418,354.432,0.0,7.4,0.0,0.0,0.0,0.0,0.0,0.0,0.0,0.0,1.0,0.0,0.0,0.0,9.0,4.0,0.0,0.0,0.0,0.0,0.0,0.0,0.0,0.0,4.0,12.0,1.0,12.17,5.0200000000000005,2.51,1.49,0.0,0.0,0.0,361.3,0.0,-0.2,0.1,-0.5,-169.60000000000002,0.0,0.0,169.70000000000002,0.0,21.200000000000003,28.9,28.9,30.9,300.0,300.0,31.8,35.800000000000004,28.9,28.1,29.9,4.95,1.99,4.97,0.16,0.0,0.0,1027.0,8228.0,0.0,0.0,0.0,0.0,0.0,1.0,0.0,0.0,0.0,0.0,0.0,-0.1,0.0,0.5,0.0,0.0,16.0,25903.0
2026-07-30T19:03:04.946Z,354.429,354.444,0.0,7.4,0.0,0.0,0.0,0.0,0.0,0.0,0.0,0.0,1.0,0.0,0.0,0.0,9.0,4.0,0.0,0.0,0.0,0.0,0.0,0.0,0.0,0.0,5.0,12.0,1.0,12.17,5.0200000000000005,2.51,1.49,0.0,0.0,0.0,361.3,0.0,0.9,0.8,1.8,-169.60000000000002,0.0,0.0,169.70000000000002,0.0,21.200000000000003,28.9,28.9,30.9,300.0,300.0,31.8,35.800000000000004,28.9,28.1,29.9,4.95,1.99,4.97,0.16,0.0,0.0,1027.0,8228.0,0.0,0.0,0.0,0.0,0.0,1.0,0.0,0.0,0.0,0.0,0.0,2.2,0.0,-1.4,0.0,0.0,16.0,25903.0
2026-07-30T19:03:04.958Z,354.441,354.456,0.0,7.4,0.0,0.0,0.0,0.0,0.0,0.0,0.0,0.0,1.0,0.0,0.0,0.0,9.0,4.0,0.0,0.0,0.0,0.0,0.0,0.0,0.0,0.0,6.0,12.0,1.0,12.17,5.0200000000000005,2.51,1.49,0.0,0.1,0.0,361.4,0.0,0.9,0.2,-0.5,-169.60000000000002,0.0,0.0,169.70000000000002,0.0,21.200000000000003,28.9,28.9,30.9,300.0,300.0,31.8,35.800000000000004,28.9,28.1,29.9,4.96,1.99,4.96,0.16,0.0,0.0,1027.0,8228.0,0.0,0.0,0.0,0.0,0.0,1.0,0.0,0.0,0.0,0.0,0.0,-0.1,0.0,0.5,0.0,0.0,16.0,25903.0
2026-07-30T19:03:04.970Z,354.453,354.468,0.0,7.4,0.0,0.0,0.0,0.0,0.0,0.0,0.0,0.0,1.0,0.0,0.0,0.0,9.0,4.0,0.0,0.0,0.0,0.0,0.0,0.0,0.0,0.0,1.0,12.0,1.0,12.17,5.0200000000000005,2.51,1.49,0.0,0.0,0.0,361.4,0.0,0.9,-0.3,0.0,-169.60000000000002,0.0,0.0,169.70000000000002,0.0,21.200000000000003,28.9,28.9,30.9,300.0,300.0,31.8,35.800000000000004,28.9,28.1,29.9,4.95,1.99,4.97,0.16,0.0,0.0,1027.0,8228.0,0.0,0.0,0.0,0.0,0.0,1.0,0.0,0.0,0.0,0.0,0.0,-0.4,0.0,-0.1,0.0,0.0,16.0,25903.0
2026-07-30T19:03:04.982Z,354.465,354.48,0.0,7.4,0.0,0.0,0.0,0.0,0.0,0.0,0.0,0.0,1.0,0.0,0.0,0.0,9.0,4.0,0.0,0.0,0.0,0.0,0.0,0.0,0.0,0.0,2.0,12.0,1.0,12.17,5.0200000000000005,2.51,1.49,0.0,0.0,0.0,361.4,0.0,-0.8,0.2,0.0,-169.60000000000002,0.0,0.0,169.8,0.0,21.200000000000003,28.9,28.9,30.9,300.0,300.0,31.8,35.800000000000004,28.9,28.1,29.9,4.95,1.99,4.96,0.16,0.0,0.0,1027.0,8228.0,0.0,0.0,0.0,0.0,0.0,1.0,0.0,0.0,0.0,0.0,0.0,0.3,0.0,0.0,0.0,0.0,16.0,25903.0
2026-07-30T19:03:04.994Z,354.477,354.492,0.0,7.4,0.0,0.0,0.0,0.0,0.0,0.0,0.0,0.0,1.0,0.0,0.0,0.0,9.0,4.0,0.0,0.0,0.0,0.0,0.0,0.0,0.0,0.0,4.0,12.0,1.0,12.17,5.0200000000000005,2.51,1.49,0.0,0.0,0.0,361.4,0.0,-0.2,0.7000000000000001,0.0,-169.60000000000002,0.0,0.0,169.70000000000002,0.0,21.200000000000003,28.9,28.9,30.9,300.0,300.0,31.8,35.800000000000004,28.9,28.1,29.9,4.96,1.99,4.96,0.16,0.0,0.0,1027.0,8228.0,0.0,0.0,0.0,0.0,0.0,1.0,0.0,0.0,0.0,0.0,0.0,0.9,0.0,0.1,0.0,0.0,16.0,25903.0
2026-07-30T19:03:05.006Z,354.489,354.504,0.0,7.4,0.0,0.0,0.0,0.0,0.0,0.0,0.0,0.0,1.0,0.0,0.0,0.0,9.0,4.0,0.0,0.0,0.0,0.0,0.0,0.0,0.0,0.0,5.0,12.0,1.0,12.17,5.0200000000000005,2.51,1.49,0.0,0.0,0.0,361.4,0.0,-0.1,-0.3,1.2000000000000002,-169.60000000000002,0.0,0.0,169.60000000000002,0.0,21.200000000000003,28.9,28.9,30.9,300.0,300.0,31.8,35.800000000000004,28.9,28.1,29.9,4.95,1.99,4.96,0.16,0.0,0.0,1027.0,8228.0,0.0,0.0,0.0,0.0,0.0,1.0,0.0,0.0,0.0,0.0,0.0,0.5,0.0,-1.1,0.0,0.0,16.0,25903.0
2026-07-30T19:03:05.018Z,354.501,354.516,0.0,7.4,0.0,0.0,0.0,0.0,0.0,0.0,0.0,0.0,1.0,0.0,0.0,0.0,9.0,4.0,0.0,0.0,0.0,0.0,0.0,0.0,0.0,0.0,6.0,12.0,1.0,12.17,5.0200000000000005,2.51,1.49,0.0,0.0,0.0,361.4,0.0,-0.1,0.1,0.6000000000000001,-169.60000000000002,0.0,0.0,169.60000000000002,0.0,21.200000000000003,28.9,28.9,30.9,300.0,300.0,31.8,35.800000000000004,28.9,28.1,29.9,4.95,1.99,4.97,0.16,0.0,0.0,1027.0,8228.0,0.0,0.0,0.0,0.0,0.0,1.0,0.0,0.0,0.0,0.0,0.0,1.1,0.0,-1.0,0.0,0.0,16.0,25903.0
2026-07-30T19:03:05.030Z,354.513,354.528,0.0,7.4,0.0,0.0,0.0,0.0,0.0,0.0,0.0,0.0,1.0,0.0,0.0,0.0,9.0,4.0,0.0,0.0,0.0,0.0,0.0,0.0,0.0,0.0,1.0,12.0,1.0,12.17,5.0200000000000005,2.51,1.49,0.0,0.0,0.0,361.3,0.0,0.3,0.7000000000000001,0.0,-169.60000000000002,0.0,0.0,169.8,0.0,21.200000000000003,28.9,28.9,30.9,300.0,300.0,31.8,35.800000000000004,28.9,28.1,29.9,4.95,1.99,4.96,0.16,0.0,0.0,1027.0,8228.0,0.0,0.0,0.0,0.0,0.0,1.0,0.0,0.0,0.0,0.0,0.0,0.6000000000000001,0.0,-0.5,0.0,0.0,16.0,25903.0
2026-07-30T19:03:05.042Z,354.525,354.54,0.0,7.4,0.0,0.0,0.0,0.0,0.0,0.0,0.0,0.0,1.0,0.0,0.0,0.0,9.0,4.0,0.0,0.0,0.0,0.0,0.0,0.0,0.0,0.0,2.0,12.0,1.0,12.18,5.01,2.51,1.49,0.0,0.0,0.0,361.3,0.0,0.3,0.2,0.5,-169.70000000000002,0.0,0.0,169.70000000000002,0.0,21.700000000000003,28.9,28.9,31.0,300.0,300.0,31.8,35.800000000000004,28.9,28.1,30.0,4.96,1.99,4.96,0.16,0.0,0.0,1027.0,8228.0,0.0,0.0,0.0,0.0,0.0,1.0,0.0,0.0,0.0,0.0,0.0,-0.1,0.0,0.5,0.0,0.0,16.0,25903.0
2026-07-30T19:03:05.054Z,354.537,354.552,0.0,7.4,0.0,0.0,0.0,0.0,0.0,0.0,0.0,0.0,1.0,0.0,0.0,0.0,9.0,4.0,0.0,0.0,0.0,0.0,0.0,0.0,0.0,0.0,3.0,12.0,1.0,12.18,5.01,2.51,1.49,0.0,0.1,0.0,361.3,0.0,0.4,0.2,-0.5,-169.70000000000002,0.0,0.0,169.60000000000002,0.0,21.700000000000003,28.9,28.9,31.0,300.0,300.0,31.8,35.800000000000004,28.9,28.1,30.0,4.95,1.99,4.97,0.16,0.0,0.0,1027.0,8228.0,0.0,0.0,0.0,0.0,0.0,1.0,0.0,0.0,0.0,0.0,0.0,2.0,0.0,-2.0,0.0,0.0,16.0,25903.0
2026-07-30T19:03:05.067Z,354.55,354.564,0.0,7.4,0.0,0.0,0.0,0.0,0.0,0.0,0.0,0.0,1.0,0.0,0.0,0.0,9.0,4.0,0.0,0.0,0.0,0.0,0.0,0.0,0.0,0.0,4.0,12.0,1.0,12.18,5.01,2.51,1.49,0.0,0.0,0.0,361.4,0.0,-0.1,-0.9,-0.5,-169.60000000000002,0.0,0.0,169.70000000000002,0.0,21.700000000000003,28.9,28.9,31.0,300.0,300.0,31.8,35.800000000000004,28.9,28.1,30.0,4.96,1.99,4.96,0.16,0.0,0.0,1027.0,8228.0,0.0,0.0,0.0,0.0,0.0,1.0,0.0,0.0,0.0,0.0,0.0,-1.4,0.0,0.3,0.0,0.0,16.0,25903.0
2026-07-30T19:03:05.078Z,354.561,354.576,0.0,7.4,0.0,0.0,0.0,0.0,0.0,0.0,0.0,0.0,1.0,0.0,0.0,0.0,9.0,4.0,0.0,0.0,0.0,0.0,0.0,0.0,0.0,0.0,5.0,12.0,1.0,12.18,5.01,2.51,1.49,0.0,0.0,0.0,361.3,0.0,-1.3,-0.3,-0.5,-169.60000000000002,0.0,0.0,169.8,0.0,21.700000000000003,28.9,28.9,31.0,300.0,300.0,31.8,35.800000000000004,28.9,28.1,30.0,4.96,1.99,4.97,0.16,0.0,0.0,1027.0,8228.0,0.0,0.0,0.0,0.0,0.0,1.0,0.0,0.0,0.0,0.0,0.0,-0.8,0.0,0.4,0.0,0.0,16.0,25903.0
2026-07-30T19:03:05.090Z,354.573,354.588,0.0,7.4,0.0,0.0,0.0,0.0,0.0,0.0,0.0,0.0,1.0,0.0,0.0,0.0,9.0,4.0,0.0,0.0,0.0,0.0,0.0,0.0,0.0,0.0,6.0,12.0,1.0,12.18,5.01,2.51,1.49,0.0,0.0,0.0,361.4,0.0,-0.7000000000000001,0.7000000000000001,-1.1,-169.70000000000002,0.0,0.0,169.70000000000002,0.0,21.700000000000003,28.9,28.9,31.0,300.0,300.0,31.8,35.800000000000004,28.9,28.1,30.0,4.96,1.99,4.97,0.16,0.0,0.0,1027.0,8228.0,0.0,0.0,0.0,0.0,0.0,1.0,0.0,0.0,0.0,0.0,0.0,0.0,0.0,1.1,0.0,0.0,16.0,25903.0
2026-07-30T19:03:05.102Z,354.585,354.6,0.0,7.4,0.0,0.0,0.0,0.0,0.0,0.0,0.0,0.0,1.0,0.0,0.0,0.0,9.0,4.0,0.0,0.0,0.0,0.0,0.0,0.0,0.0,0.0,1.0,12.0,1.0,12.18,5.01,2.51,1.49,0.0,0.0,0.0,361.4,0.0,0.9,-0.3,0.6000000000000001,-169.70000000000002,0.0,0.0,169.60000000000002,0.0,21.700000000000003,28.9,28.9,31.0,300.0,300.0,31.8,35.800000000000004,28.9,28.1,30.0,4.95,1.99,4.96,0.16,0.0,0.0,1027.0,8228.0,0.0,0.0,0.0,0.0,0.0,1.0,0.0,0.0,0.0,0.0,0.0,0.0,0.0,-0.6000000000000001,0.0,0.0,16.0,25903.0
2026-07-30T19:03:05.114Z,354.597,354.612,0.0,7.4,0.0,0.0,0.0,0.0,0.0,0.0,0.0,0.0,1.0,0.0,0.0,0.0,9.0,4.0,0.0,0.0,0.0,0.0,0.0,0.0,0.0,0.0,1.0,12.0,1.0,12.18,5.01,2.51,1.49,0.0,0.1,0.0,361.3,0.0,0.3,0.1,0.0,-169.70000000000002,0.0,0.0,169.60000000000002,0.0,21.700000000000003,28.9,28.9,31.0,300.0,300.0,31.8,35.800000000000004,28.9,28.1,30.0,4.96,1.99,4.96,0.16,0.0,0.0,1027.0,8228.0,0.0,0.0,0.0,0.0,0.0,1.0,0.0,0.0,0.0,0.0,0.0,0.2,0.0,0.0,0.0,0.0,16.0,25903.0
2026-07-30T19:03:05.126Z,354.609,354.624,0.0,7.4,0.0,0.0,0.0,0.0,0.0,0.0,0.0,0.0,1.0,0.0,0.0,0.0,9.0,4.0,0.0,0.0,0.0,0.0,0.0,0.0,0.0,0.0,2.0,12.0,1.0,12.18,5.01,2.51,1.49,0.0,0.0,0.0,361.4,0.0,-0.2,-0.4,-0.5,-169.60000000000002,0.0,0.0,169.60000000000002,0.0,21.700000000000003,28.9,28.9,31.0,300.0,300.0,31.8,35.800000000000004,28.9,28.1,30.0,4.96,1.99,4.97,0.16,0.0,0.0,1027.0,8228.0,0.0,0.0,0.0,0.0,0.0,1.0,0.0,0.0,0.0,0.0,0.0,-0.8,0.0,0.3,0.0,0.0,16.0,25903.0
2026-07-30T19:03:05.139Z,354.622,354.636,0.0,7.4,0.0,0.0,0.0,0.0,0.0,0.0,0.0,0.0,1.0,0.0,0.0,0.0,9.0,4.0,0.0,0.0,0.0,0.0,0.0,0.0,0.0,0.0,3.0,12.0,1.0,12.15,5.0200000000000005,2.51,1.5,0.0,0.0,0.0,361.4,0.0,0.3,0.7000000000000001,0.0,-169.60000000000002,0.0,0.0,169.60000000000002,0.0,21.200000000000003,28.9,28.9,30.9,300.0,300.0,31.700000000000003,35.800000000000004,28.9,28.1,29.9,4.95,1.99,4.97,0.16,0.0,0.0,1027.0,8228.0,0.0,0.0,0.0,0.0,0.0,1.0,0.0,0.0,0.0,0.0,0.0,0.8,0.0,0.1,0.0,0.0,16.0,25903.0
2026-07-30T19:03:05.150Z,354.633,354.648,0.0,7.4,0.0,0.0,0.0,0.0,0.0,0.0,0.0,0.0,1.0,0.0,0.0,0.0,9.0,4.0,0.0,0.0,0.0,0.0,0.0,0.0,0.0,0.0,4.0,12.0,1.0,12.15,5.0200000000000005,2.51,1.5,0.0,0.0,0.0,361.4,0.0,-0.2,0.1,0.0,-169.60000000000002,0.0,0.0,169.70000000000002,0.0,21.200000000000003,28.9,28.9,30.9,300.0,300.0,31.700000000000003,35.800000000000004,28.9,28.1,29.9,4.96,1.99,4.96,0.16,0.0,0.0,1027.0,8228.0,0.0,0.0,0.0,0.0,0.0,1.0,0.0,0.0,0.0,0.0,0.0,0.2,0.0,0.0,0.0,0.0,16.0,25903.0
2026-07-30T19:03:05.161Z,354.644,354.66,0.0,7.4,0.0,0.0,0.0,0.0,0.0,0.0,0.0,0.0,1.0,0.0,0.0,0.0,9.0,4.0,0.0,0.0,0.0,0.0,0.0,0.0,0.0,0.0,5.0,12.0,1.0,12.15,5.0200000000000005,2.51,1.5,0.0,0.0,0.0,361.3,0.0,0.9,-0.4,-0.6000000000000001,-169.60000000000002,0.0,0.0,169.70000000000002,0.0,21.200000000000003,28.9,28.9,30.9,300.0,300.0,31.700000000000003,35.800000000000004,28.9,28.1,29.9,4.96,2.0,4.96,0.16,0.0,0.0,1027.0,8228.0,0.0,0.0,0.0,0.0,0.0,1.0,0.0,0.0,0.0,0.0,0.0,-0.9,0.0,0.4,0.0,0.0,16.0,25903.0
2026-07-30T19:03:05.174Z,354.657,354.672,0.0,7.4,0.0,0.0,0.0,0.0,0.0,0.0,0.0,0.0,1.0,0.0,0.0,0.0,9.0,4.0,0.0,0.0,0.0,0.0,0.0,0.0,0.0,0.0,6.0,12.0,1.0,12.15,5.0200000000000005,2.51,1.5,0.0,0.0,0.0,361.4,0.0,-0.7000000000000001,0.7000000000000001,1.1,-169.60000000000002,0.0,0.0,169.70000000000002,0.0,21.200000000000003,28.9,28.9,30.9,300.0,300.0,31.700000000000003,35.800000000000004,28.9,28.1,29.9,4.96,1.99,4.97,0.17,0.0,0.0,1027.0,8228.0,0.0,0.0,0.0,0.0,0.0,1.0,0.0,0.0,0.0,0.0,0.0,1.6,0.0,-0.8,0.0,0.0,16.0,25903.0
2026-07-30T19:03:05.186Z,354.669,354.684,0.0,7.4,0.0,0.0,0.0,0.0,0.0,0.0,0.0,0.0,1.0,0.0,0.0,0.0,9.0,4.0,0.0,0.0,0.0,0.0,0.0,0.0,0.0,0.0,1.0,12.0,1.0,12.15,5.0200000000000005,2.51,1.5,0.0,0.0,0.0,361.4,0.0,0.4,0.7000000000000001,0.0,-169.60000000000002,0.0,0.0,169.8,0.0,21.200000000000003,28.9,28.9,30.9,300.0,300.0,31.700000000000003,35.800000000000004,28.9,28.1,29.9,4.95,1.99,4.97,0.16,0.0,0.0,1027.0,8228.0,0.0,0.0,0.0,0.0,0.0,1.0,0.0,0.0,0.0,0.0,0.0,0.8,0.0,0.2,0.0,0.0,16.0,25903.0
2026-07-30T19:03:05.198Z,354.681,354.696,0.0,7.4,0.0,0.0,0.0,0.0,0.0,0.0,0.0,0.0,1.0,0.0,0.0,0.0,9.0,4.0,0.0,0.0,0.0,0.0,0.0,0.0,0.0,0.0,2.0,12.0,1.0,12.15,5.0200000000000005,2.51,1.5,0.0,0.0,0.0,361.4,0.0,-0.1,-0.4,0.4,-169.60000000000002,0.0,0.0,169.8,0.0,21.200000000000003,28.9,28.9,30.9,300.0,300.0,31.700000000000003,35.800000000000004,28.9,28.1,29.9,4.96,1.99,4.97,0.15,0.0,0.0,1027.0,8228.0,0.0,0.0,0.0,0.0,0.0,1.0,0.0,0.0,0.0,0.0,0.0,-0.1,0.0,-0.4,0.0,0.0,16.0,25903.0
2026-07-30T19:03:05.210Z,354.693,354.708,0.0,7.4,0.0,0.0,0.0,0.0,0.0,0.0,0.0,0.0,1.0,0.0,0.0,0.0,9.0,4.0,0.0,0.0,0.0,0.0,0.0,0.0,0.0,0.0,4.0,12.0,1.0,12.15,5.0200000000000005,2.51,1.5,0.0,0.0,0.0,361.4,0.0,0.3,-1.0,-1.3,-169.60000000000002,0.0,0.0,169.60000000000002,0.0,21.200000000000003,28.9,28.9,30.9,300.0,300.0,31.700000000000003,35.800000000000004,28.9,28.1,29.9,4.95,1.99,4.97,0.15,0.0,0.0,1027.0,8228.0,0.0,0.0,0.0,0.0,0.0,1.0,0.0,0.0,0.0,0.0,0.0,-2.1,0.0,0.9,0.0,0.0,16.0,25903.0
2026-07-30T19:03:05.221Z,354.704,354.72,0.0,7.4,0.0,0.0,0.0,0.0,0.0,0.0,0.0,0.0,1.0,0.0,0.0,0.0,9.0,4.0,0.0,0.0,0.0,0.0,0.0,0.0,0.0,0.0,5.0,12.0,1.0,12.15,5.0200000000000005,2.51,1.5,0.0,0.0,0.0,361.3,0.0,0.3,-0.3,0.0,-169.60000000000002,0.0,0.0,169.70000000000002,0.0,21.200000000000003,28.9,28.9,30.9,300.0,300.0,31.700000000000003,35.800000000000004,28.9,28.1,29.9,4.95,1.99,4.96,0.16,0.0,0.0,1027.0,8228.0,0.0,0.0,0.0,0.0,0.0,1.0,0.0,0.0,0.0,0.0,0.0,-0.5,0.0,0.0,0.0,0.0,16.0,25903.0
2026-07-30T19:03:05.233Z,354.716,354.732,0.0,7.4,0.0,0.0,0.0,0.0,0.0,0.0,0.0,0.0,1.0,0.0,0.0,0.0,9.0,4.0,0.0,0.0,0.0,0.0,0.0,0.0,0.0,0.0,6.0,12.0,1.0,12.15,5.0200000000000005,2.51,1.5,0.0,0.0,0.0,361.3,0.0,0.4,0.8,1.0,-169.60000000000002,0.0,0.0,169.70000000000002,0.0,21.200000000000003,28.9,28.9,30.9,300.0,300.0,31.700000000000003,35.800000000000004,28.9,28.1,29.9,4.96,2.0,4.96,0.16,0.0,0.0,1027.0,8228.0,0.0,0.0,0.0,0.0,0.0,1.0,0.0,0.0,0.0,0.0,0.0,1.7000000000000002,0.0,-0.7000000000000001,0.0,0.0,16.0,25903.0
2026-07-30T19:03:05.245Z,354.728,354.744,0.0,7.4,0.0,0.0,0.0,0.0,0.0,0.0,0.0,0.0,1.0,0.0,0.0,0.0,9.0,4.0,0.0,0.0,0.0,0.0,0.0,0.0,0.0,0.0,1.0,12.0,1.0,12.17,5.01,2.5,1.49,0.0,0.0,0.0,361.4,0.0,0.4,-0.9,0.4,-169.60000000000002,0.0,0.0,169.70000000000002,0.0,21.8,28.9,28.9,31.0,300.0,300.0,31.6,35.9,28.9,28.1,29.9,4.95,2.0,4.96,0.16,0.0,0.0,1027.0,8228.0,0.0,0.0,0.0,0.0,0.0,1.0,0.0,0.0,0.0,0.0,0.0,-0.7000000000000001,0.0,-0.6000000000000001,0.0,0.0,16.0,25903.0
2026-07-30T19:03:05.258Z,354.741,354.75600000000003,0.0,7.4,0.0,0.0,0.0,0.0,0.0,0.0,0.0,0.0,1.0,0.0,0.0,0.0,9.0,4.0,0.0,0.0,0.0,0.0,0.0,0.0,0.0,0.0,3.0,12.0,1.0,12.17,5.01,2.5,1.49,0.0,0.0,0.0,361.4,0.0,0.3,0.8,0.0,-169.60000000000002,0.0,0.0,169.70000000000002,0.0,21.8,28.9,28.9,31.0,300.0,300.0,31.6,35.9,28.9,28.1,29.9,4.95,1.99,4.97,0.16,0.0,0.0,1027.0,8228.0,0.0,0.0,0.0,0.0,0.0,1.0,0.0,0.0,0.0,0.0,0.0,0.8,0.0,0.2,0.0,0.0,16.0,25903.0
2026-07-30T19:03:05.270Z,354.753,354.76800000000003,0.0,7.4,0.0,0.0,0.0,0.0,0.0,0.0,0.0,0.0,1.0,0.0,0.0,0.0,9.0,4.0,0.0,0.0,0.0,0.0,0.0,0.0,0.0,0.0,4.0,12.0,1.0,12.17,5.01,2.5,1.49,0.0,0.0,0.0,361.4,0.0,0.4,-0.3,-0.6000000000000001,-169.60000000000002,0.0,0.0,169.8,0.0,21.8,28.9,28.9,31.0,300.0,300.0,31.6,35.9,28.9,28.1,29.9,4.95,1.99,4.96,0.16,0.0,0.0,1027.0,8228.0,0.0,0.0,0.0,0.0,0.0,1.0,0.0,0.0,0.0,0.0,0.0,-0.8,0.0,0.5,0.0,0.0,16.0,25903.0
2026-07-30T19:03:05.282Z,354.765,354.78000000000003,0.0,7.4,0.0,0.0,0.0,0.0,0.0,0.0,0.0,0.0,1.0,0.0,0.0,0.0,9.0,4.0,0.0,0.0,0.0,0.0,0.0,0.0,0.0,0.0,5.0,12.0,1.0,12.17,5.01,2.5,1.49,0.0,0.0,0.0,361.4,0.0,0.9,0.8,0.4,-169.70000000000002,0.0,0.0,169.70000000000002,0.0,21.8,28.9,28.9,31.0,300.0,300.0,31.6,35.9,28.9,28.1,29.9,4.96,1.99,4.96,0.16,0.0,0.0,1027.0,8228.0,0.0,0.0,0.0,0.0,0.0,1.0,0.0,0.0,0.0,0.0,0.0,1.3,0.0,-0.2,0.0,0.0,16.0,25903.0
2026-07-30T19:03:05.293Z,354.776,354.79200000000003,0.0,7.4,0.0,0.0,0.0,0.0,0.0,0.0,0.0,0.0,1.0,0.0,0.0,0.0,9.0,4.0,0.0,0.0,0.0,0.0,0.0,0.0,0.0,0.0,6.0,12.0,1.0,12.17,5.01,2.5,1.49,0.0,0.0,0.0,361.4,0.0,-0.1,-0.9,0.0,-169.70000000000002,0.0,0.0,169.70000000000002,0.0,21.8,28.9,28.9,31.0,300.0,300.0,31.6,35.9,28.9,28.1,29.9,4.95,1.99,4.97,0.16,0.0,0.0,1027.0,8228.0,0.0,0.0,0.0,0.0,0.0,1.0,0.0,0.0,0.0,0.0,0.0,-1.0,0.0,-0.1,0.0,0.0,16.0,25903.0
2026-07-30T19:03:05.306Z,354.789,354.80400000000003,0.0,7.4,0.0,0.0,0.0,0.0,0.0,0.0,0.0,0.0,1.0,0.0,0.0,0.0,9.0,4.0,0.0,0.0,0.0,0.0,0.0,0.0,0.0,0.0,1.0,12.0,1.0,12.17,5.01,2.5,1.49,0.0,0.0,0.0,361.4,0.0,-0.1,0.2,0.0,-169.70000000000002,0.0,0.0,169.70000000000002,0.0,21.8,28.9,28.9,31.0,300.0,300.0,31.6,35.9,28.9,28.1,29.9,4.96,1.99,4.97,0.16,0.0,0.0,1027.0,8228.0,0.0,0.0,0.0,0.0,0.0,1.0,0.0,0.0,0.0,0.0,0.0,0.2,0.0,0.0,0.0,0.0,16.0,25903.0
2026-07-30T19:03:05.318Z,354.801,354.81600000000003,0.0,7.4,0.0,0.0,0.0,0.0,0.0,0.0,0.0,0.0,1.0,0.0,0.0,0.0,9.0,4.0,0.0,0.0,0.0,0.0,0.0,0.0,0.0,0.0,2.0,12.0,1.0,12.17,5.01,2.5,1.49,0.0,0.0,0.0,361.4,0.0,-0.7000000000000001,-0.3,-1.8,-169.70000000000002,0.0,0.0,169.8,0.0,21.8,28.9,28.9,31.0,300.0,300.0,31.6,35.9,28.9,28.1,29.9,4.96,2.0,4.96,0.16,0.0,0.0,1027.0,8228.0,0.0,0.0,0.0,0.0,0.0,1.0,0.0,0.0,0.0,0.0,0.0,-1.7000000000000002,0.0,1.5,0.0,0.0,16.0,25903.0
2026-07-30T19:03:05.330Z,354.813,354.82800000000003,0.0,7.4,0.0,0.0,0.0,0.0,0.0,0.0,0.0,0.0,1.0,0.0,0.0,0.0,9.0,4.0,0.0,0.0,0.0,0.0,0.0,0.0,0.0,0.0,3.0,12.0,1.0,12.17,5.01,2.5,1.49,0.0,0.0,0.0,361.3,0.0,0.3,0.2,0.0,-169.70000000000002,0.0,0.0,169.70000000000002,0.0,21.8,28.9,28.9,31.0,300.0,300.0,31.6,35.9,28.9,28.1,29.9,4.95,1.99,4.96,0.16,0.0,0.0,1027.0,8228.0,0.0,0.0,0.0,0.0,0.0,1.0,0.0,0.0,0.0,0.0,0.0,0.2,0.0,0.0,0.0,0.0,16.0,25903.0
2026-07-30T19:03:05.343Z,354.826,354.84000000000003,0.0,7.4,0.0,0.0,0.0,0.0,0.0,0.0,0.0,0.0,1.0,0.0,0.0,0.0,9.0,4.0,0.0,0.0,0.0,0.0,0.0,0.0,0.0,0.0,4.0,12.0,1.0,12.17,5.0200000000000005,2.51,1.49,0.0,0.0,0.0,361.4,0.0,0.3,-0.3,-1.2000000000000002,-169.70000000000002,0.0,0.0,169.70000000000002,0.0,20.9,28.9,28.9,30.9,300.0,300.0,31.6,35.800000000000004,28.9,28.1,29.9,4.96,1.99,4.97,0.16,0.0,0.0,1027.0,8228.0,0.0,0.0,0.0,0.0,0.0,1.0,0.0,0.0,0.0,0.0,0.0,-1.2000000000000002,0.0,1.0,0.0,0.0,16.0,25903.0
2026-07-30T19:03:05.354Z,354.837,354.85200000000003,0.0,7.4,0.0,0.0,0.0,0.0,0.0,0.0,0.0,0.0,1.0,0.0,0.0,0.0,9.0,4.0,0.0,0.0,0.0,0.0,0.0,0.0,0.0,0.0,5.0,12.0,1.0,12.17,5.0200000000000005,2.51,1.49,0.0,0.0,0.0,361.4,0.0,0.3,0.2,0.0,-169.70000000000002,0.0,0.0,169.70000000000002,0.0,20.9,28.9,28.9,30.9,300.0,300.0,31.6,35.800000000000004,28.9,28.1,29.9,4.96,1.99,4.96,0.16,0.0,0.0,1027.0,8228.0,0.0,0.0,0.0,0.0,0.0,1.0,0.0,0.0,0.0,0.0,0.0,0.2,0.0,0.0,0.0,0.0,16.0,25903.0
2026-07-30T19:03:05.365Z,354.848,354.86400000000003,0.0,7.4,0.0,0.0,0.0,0.0,0.0,0.0,0.0,0.0,1.0,0.0,0.0,0.0,9.0,4.0,0.0,0.0,0.0,0.0,0.0,0.0,0.0,0.0,6.0,12.0,1.0,12.17,5.0200000000000005,2.51,1.49,0.0,0.1,0.0,361.4,0.0,0.3,0.2,1.1,-169.70000000000002,0.0,0.0,169.70000000000002,0.0,20.9,28.9,28.9,30.9,300.0,300.0,31.6,35.800000000000004,28.9,28.1,29.9,4.96,1.99,4.96,0.16,0.0,0.0,1027.0,8228.0,0.0,0.0,0.0,0.0,0.0,1.0,0.0,0.0,0.0,0.0,0.0,1.1,0.0,-0.9,0.0,0.0,16.0,25903.0
2026-07-30T19:03:05.377Z,354.86,354.87600000000003,0.0,7.4,0.0,0.0,0.0,0.0,0.0,0.0,0.0,0.0,1.0,0.0,0.0,0.0,9.0,4.0,0.0,0.0,0.0,0.0,0.0,0.0,0.0,0.0,1.0,12.0,1.0,12.17,5.0200000000000005,2.51,1.49,0.0,0.0,0.0,361.4,0.0,-0.2,-0.3,0.0,-169.70000000000002,0.0,0.0,169.70000000000002,0.0,20.9,28.9,28.9,30.9,300.0,300.0,31.6,35.800000000000004,28.9,28.1,29.9,4.95,1.99,4.96,0.17,0.0,0.0,1027.0,8228.0,0.0,0.0,0.0,0.0,0.0,1.0,0.0,0.0,0.0,0.0,0.0,-0.4,0.0,0.0,0.0,0.0,16.0,25903.0
2026-07-30T19:03:05.390Z,354.873,354.88800000000003,0.0,7.4,0.0,0.0,0.0,0.0,0.0,0.0,0.0,0.0,1.0,0.0,0.0,0.0,9.0,4.0,0.0,0.0,0.0,0.0,0.0,0.0,0.0,0.0,2.0,12.0,1.0,12.17,5.0200000000000005,2.51,1.49,0.0,0.0,0.0,361.4,0.0,0.3,-0.3,-0.6000000000000001,-169.70000000000002,0.0,0.0,169.70000000000002,0.0,20.9,28.9,28.9,30.9,300.0,300.0,31.6,35.800000000000004,28.9,28.1,29.9,4.96,1.99,4.97,0.16,0.0,0.0,1027.0,8228.0,0.0,0.0,0.0,0.0,0.0,1.0,0.0,0.0,0.0,0.0,0.0,-0.9,0.0,0.4,0.0,0.0,16.0,25903.0
2026-07-30T19:03:05.402Z,354.885,354.90000000000003,0.0,7.4,0.0,0.0,0.0,0.0,0.0,0.0,0.0,0.0,1.0,0.0,0.0,0.0,9.0,4.0,0.0,0.0,0.0,0.0,0.0,0.0,0.0,0.0,4.0,12.0,1.0,12.17,5.0200000000000005,2.51,1.49,-0.1,0.0,0.0,361.4,0.0,0.9,0.1,0.5,-169.70000000000002,0.0,0.0,169.60000000000002,0.0,20.9,28.9,28.9,30.9,300.0,300.0,31.6,35.800000000000004,28.9,28.1,29.9,4.95,1.99,4.97,0.16,0.0,0.0,1027.0,8228.0,0.0,0.0,0.0,0.0,0.0,1.0,0.0,0.0,0.0,0.0,0.0,0.5,0.0,-0.4,0.0,0.0,16.0,25903.0
2026-07-30T19:03:05.413Z,354.896,354.91200000000003,0.0,7.4,0.0,0.0,0.0,0.0,0.0,0.0,0.0,0.0,1.0,0.0,0.0,0.0,9.0,4.0,0.0,0.0,0.0,0.0,0.0,0.0,0.0,0.0,5.0,12.0,1.0,12.17,5.0200000000000005,2.51,1.49,0.0,0.0,0.0,361.4,0.0,-0.2,0.1,-1.2000000000000002,-169.70000000000002,0.0,0.0,169.8,0.0,20.9,28.9,28.9,30.9,300.0,300.0,31.6,35.800000000000004,28.9,28.1,29.9,4.95,1.99,4.97,0.16,0.0,0.0,1027.0,8228.0,0.0,0.0,0.0,0.0,0.0,1.0,0.0,0.0,0.0,0.0,0.0,-0.7000000000000001,0.0,1.1,0.0,0.0,16.0,25903.0
2026-07-30T19:03:05.426Z,354.909,354.92400000000004,0.0,7.4,0.0,0.0,0.0,0.0,0.0,0.0,0.0,0.0,1.0,0.0,0.0,0.0,9.0,4.0,0.0,0.0,0.0,0.0,0.0,0.0,0.0,0.0,6.0,12.0,1.0,12.17,5.0200000000000005,2.51,1.49,0.0,0.0,0.0,361.3,0.0,-0.2,0.1,-0.1,-169.70000000000002,0.0,0.0,169.70000000000002,0.0,20.9,28.9,28.9,30.9,300.0,300.0,31.6,35.800000000000004,28.9,28.1,29.9,4.95,1.99,4.97,0.16,0.0,0.0,1027.0,8228.0,0.0,0.0,0.0,0.0,0.0,1.0,0.0,0.0,0.0,0.0,0.0,0.1,0.0,0.1,0.0,0.0,16.0,25903.0
2026-07-30T19:03:05.438Z,354.921,354.93600000000004,0.0,7.4,0.0,0.0,0.0,0.0,0.0,0.0,0.0,0.0,1.0,0.0,0.0,0.0,9.0,4.0,0.0,0.0,0.0,0.0,0.0,0.0,0.0,0.0,1.0,12.0,1.0,12.17,5.0200000000000005,2.51,1.49,0.0,0.0,0.0,361.4,0.0,-0.8,0.1,-0.1,-169.70000000000002,0.0,0.0,169.70000000000002,0.0,20.9,28.9,28.9,30.9,300.0,300.0,31.6,35.800000000000004,28.9,28.1,29.9,4.96,1.99,4.96,0.16,0.0,0.0,1027.0,8228.0,0.0,0.0,0.0,0.0,0.0,1.0,0.0,0.0,0.0,0.0,0.0,0.1,0.0,0.1,0.0,0.0,16.0,25903.0
2026-07-30T19:03:05.450Z,354.933,354.948,0.0,7.4,0.0,0.0,0.0,0.0,0.0,0.0,0.0,0.0,1.0,0.0,0.0,0.0,9.0,4.0,0.0,0.0,0.0,0.0,0.0,0.0,0.0,0.0,2.0,12.0,1.0,12.1,5.01,2.51,1.49,0.0,0.1,0.0,361.4,0.0,0.3,0.1,0.0,-169.70000000000002,0.0,0.0,169.70000000000002,0.0,21.4,28.9,28.9,30.9,300.0,300.0,31.700000000000003,35.800000000000004,28.9,28.1,29.9,4.95,1.99,4.97,0.16,0.0,0.0,1027.0,8228.0,0.0,0.0,0.0,0.0,0.0,1.0,0.0,0.0,0.0,0.0,0.0,0.1,0.0,0.0,0.0,0.0,16.0,25903.0
2026-07-30T19:03:05.462Z,354.945,354.96,0.0,7.4,0.0,0.0,0.0,0.0,0.0,0.0,0.0,0.0,1.0,0.0,0.0,0.0,9.0,4.0,0.0,0.0,0.0,0.0,0.0,0.0,0.0,0.0,3.0,12.0,1.0,12.1,5.01,2.51,1.49,0.0,0.0,0.0,361.4,0.0,-0.1,-1.0,-1.2000000000000002,-169.70000000000002,0.0,0.0,169.70000000000002,0.0,21.4,28.9,28.9,30.9,300.0,300.0,31.700000000000003,35.800000000000004,28.9,28.1,29.9,4.95,1.99,4.96,0.16,0.0,0.0,1027.0,8228.0,0.0,0.0,0.0,0.0,0.0,1.0,0.0,0.0,0.0,0.0,0.0,-2.0,0.0,0.8,0.0,0.0,16.0,25903.0
2026-07-30T19:03:05.474Z,354.957,354.972,0.0,7.4,0.0,0.0,0.0,0.0,0.0,0.0,0.0,0.0,1.0,0.0,0.0,0.0,9.0,4.0,0.0,0.0,0.0,0.0,0.0,0.0,0.0,0.0,4.0,12.0,1.0,12.1,5.01,2.51,1.49,0.0,0.0,0.0,361.3,0.0,0.4,1.3,0.5,-169.70000000000002,0.0,0.0,169.60000000000002,0.0,21.4,28.9,28.9,30.9,300.0,300.0,31.700000000000003,35.800000000000004,28.9,28.1,29.9,4.96,2.0,4.96,0.16,0.0,0.0,1027.0,8228.0,0.0,0.0,0.0,0.0,0.0,1.0,0.0,0.0,0.0,0.0,0.0,1.8,0.0,-0.1,0.0,0.0,16.0,25903.0
2026-07-30T19:03:05.486Z,354.969,354.984,0.0,7.4,0.0,0.0,0.0,0.0,0.0,0.0,0.0,0.0,1.0,0.0,0.0,0.0,9.0,4.0,0.0,0.0,0.0,0.0,0.0,0.0,0.0,0.0,5.0,12.0,1.0,12.1,5.01,2.51,1.49,0.0,0.0,0.0,361.4,0.0,0.4,-0.4,1.7000000000000002,-169.70000000000002,0.0,0.0,169.60000000000002,0.0,21.4,28.9,28.9,30.9,300.0,300.0,31.700000000000003,35.800000000000004,28.9,28.1,29.9,4.95,2.0,4.97,0.16,0.0,0.0,1027.0,8228.0,0.0,0.0,0.0,0.0,0.0,1.0,0.0,0.0,0.0,0.0,0.0,0.7000000000000001,0.0,-1.6,0.0,0.0,16.0,25903.0
2026-07-30T19:03:05.497Z,354.98,354.996,0.0,7.4,0.0,0.0,0.0,0.0,0.0,0.0,0.0,0.0,1.0,0.0,0.0,0.0,9.0,4.0,0.0,0.0,0.0,0.0,0.0,0.0,0.0,0.0,6.0,12.0,1.0,12.1,5.01,2.51,1.49,0.0,0.1,0.0,361.4,0.0,1.0,0.1,0.5,-169.60000000000002,0.0,0.0,169.70000000000002,0.0,21.4,28.9,28.9,30.9,300.0,300.0,31.700000000000003,35.800000000000004,28.9,28.1,29.9,4.95,1.99,4.97,0.16,0.0,0.0,1027.0,8228.0,0.0,0.0,0.0,0.0,0.0,1.0,0.0,0.0,0.0,0.0,0.0,0.5,0.0,-0.4,0.0,0.0,16.0,25903.0
2026-07-30T19:03:05.510Z,354.993,355.008,0.0,7.4,0.0,0.0,0.0,0.0,0.0,0.0,0.0,0.0,1.0,0.0,0.0,0.0,9.0,4.0,0.0,0.0,0.0,0.0,0.0,0.0,0.0,0.0,1.0,12.0,1.0,12.1,5.01,2.51,1.49,0.0,0.1,0.0,361.3,0.0,-0.7000000000000001,0.6000000000000001,0.5,-169.60000000000002,0.0,0.0,169.70000000000002,0.0,21.4,28.9,28.9,30.9,300.0,300.0,31.700000000000003,35.800000000000004,28.9,28.1,29.9,4.95,2.0,4.96,0.16,0.0,0.0,1027.0,8228.0,0.0,0.0,0.0,0.0,0.0,1.0,0.0,0.0,0.0,0.0,0.0,-0.1,0.0,-0.5,0.0,0.0,16.0,25903.0
2026-07-30T19:03:05.522Z,355.005,355.02,0.0,7.4,0.0,0.0,0.0,0.0,0.0,0.0,0.0,0.0,1.0,0.0,0.0,0.0,9.0,4.0,0.0,0.0,0.0,0.0,0.0,0.0,0.0,0.0,2.0,12.0,1.0,12.1,5.01,2.51,1.49,0.0,0.0,0.0,361.4,0.0,0.4,0.7000000000000001,-0.6000000000000001,-169.60000000000002,0.0,0.0,169.60000000000002,0.0,21.4,28.9,28.9,30.9,300.0,300.0,31.700000000000003,35.800000000000004,28.9,28.1,29.9,4.96,1.99,4.96,0.16,0.0,0.0,1027.0,8228.0,0.0,0.0,0.0,0.0,0.0,1.0,0.0,0.0,0.0,0.0,0.0,0.3,0.0,0.7000000000000001,0.0,0.0,16.0,25903.0
2026-07-30T19:03:05.534Z,355.017,355.032,0.0,7.4,0.0,0.0,0.0,0.0,0.0,0.0,0.0,0.0,1.0,0.0,0.0,0.0,9.0,4.0,0.0,0.0,0.0,0.0,0.0,0.0,0.0,0.0,3.0,12.0,1.0,12.1,5.01,2.51,1.49,0.0,0.0,0.0,361.4,0.0,0.4,0.6000000000000001,-0.7000000000000001,-169.60000000000002,0.0,0.0,169.70000000000002,0.0,21.4,28.9,28.9,30.9,300.0,300.0,31.700000000000003,35.800000000000004,28.9,28.1,29.9,4.95,1.99,4.97,0.17,0.0,0.0,1027.0,8228.0,0.0,0.0,0.0,0.0,0.0,1.0,0.0,0.0,0.0,0.0,0.0,-0.6000000000000001,0.0,0.0,0.0,0.0,16.0,25903.0
2026-07-30T19:03:05.547Z,355.03,355.044,0.0,7.4,0.0,0.0,0.0,0.0,0.0,0.0,0.0,0.0,1.0,0.0,0.0,0.0,9.0,4.0,0.0,0.0,0.0,0.0,0.0,0.0,0.0,0.0,4.0,12.0,1.0,12.19,5.01,2.5,1.49,0.0,0.0,0.0,361.4,0.0,-0.7000000000000001,-1.0,-0.6000000000000001,-169.60000000000002,0.0,0.0,169.70000000000002,0.0,21.3,28.9,28.9,30.9,300.0,300.0,31.700000000000003,35.800000000000004,28.8,28.1,29.9,4.96,1.99,4.96,0.17,0.0,0.0,1027.0,8228.0,0.0,0.0,0.0,0.0,0.0,1.0,0.0,0.0,0.0,0.0,0.0,1.5,0.0,-0.8,0.0,0.0,16.0,25903.0
2026-07-30T19:03:05.558Z,355.041,355.056,0.0,7.4,0.0,0.0,0.0,0.0,0.0,0.0,0.0,0.0,1.0,0.0,0.0,0.0,9.0,4.0,0.0,0.0,0.0,0.0,0.0,0.0,0.0,0.0,5.0,12.0,1.0,12.19,5.01,2.5,1.49,0.0,0.1,0.0,361.3,0.0,-0.1,0.1,-0.6000000000000001,-169.60000000000002,0.0,0.0,169.60000000000002,0.0,21.3,28.9,28.9,30.9,300.0,300.0,31.700000000000003,35.800000000000004,28.8,28.1,29.9,4.96,2.0,4.97,0.16,0.0,0.0,1027.0,8228.0,0.0,0.0,0.0,0.0,0.0,1.0,0.0,0.0,0.0,0.0,0.0,0.5,0.0,-0.4,0.0,0.0,16.0,25903.0
2026-07-30T19:03:05.570Z,355.053,355.068,0.0,7.4,0.0,0.0,0.0,0.0,0.0,0.0,0.0,0.0,1.0,0.0,0.0,0.0,9.0,4.0,0.0,0.0,0.0,0.0,0.0,0.0,0.0,0.0,5.0,12.0,1.0,12.19,5.01,2.5,1.49,0.0,0.0,0.0,361.4,0.0,-0.1,0.6000000000000001,0.5,-169.60000000000002,0.0,0.0,169.70000000000002,0.0,21.3,28.9,28.9,30.9,300.0,300.0,31.700000000000003,35.800000000000004,28.8,28.1,29.9,4.95,1.99,4.97,0.16,0.0,0.0,1027.0,8228.0,0.0,0.0,0.0,0.0,0.0,1.0,0.0,0.0,0.0,0.0,0.0,0.9,0.0,-0.9,0.0,0.0,16.0,25903.0
2026-07-30T19:03:05.582Z,355.065,355.08,0.0,7.4,0.0,0.0,0.0,0.0,0.0,0.0,0.0,0.0,1.0,0.0,0.0,0.0,9.0,4.0,0.0,0.0,0.0,0.0,0.0,0.0,0.0,0.0,6.0,12.0,1.0,12.19,5.01,2.5,1.49,0.0,0.0,0.0,361.3,0.0,0.4,-0.4,0.0,-169.60000000000002,0.0,0.0,169.60000000000002,0.0,21.3,28.9,28.9,30.9,300.0,300.0,31.700000000000003,35.800000000000004,28.8,28.1,29.9,4.96,1.99,4.97,0.16,0.0,0.0,1027.0,8228.0,0.0,0.0,0.0,0.0,0.0,1.0,0.0,0.0,0.0,0.0,0.0,-0.5,0.0,0.0,0.0,0.0,16.0,25903.0
2026-07-30T19:03:05.594Z,355.077,355.092,0.0,7.4,0.0,0.0,0.0,0.0,0.0,0.0,0.0,0.0,1.0,0.0,0.0,0.0,9.0,4.0,0.0,0.0,0.0,0.0,0.0,0.0,0.0,0.0,1.0,12.0,1.0,12.19,5.01,2.5,1.49,0.0,0.0,0.0,361.4,0.0,0.4,-1.0,0.5,-169.60000000000002,0.0,0.0,169.60000000000002,0.0,21.3,28.9,28.9,30.9,300.0,300.0,31.700000000000003,35.800000000000004,28.8,28.1,29.9,4.96,1.99,4.96,0.16,0.0,0.0,1027.0,8228.0,0.0,0.0,0.0,0.0,0.0,1.0,0.0,0.0,0.0,0.0,0.0,-0.7000000000000001,0.0,-0.7000000000000001,0.0,0.0,16.0,25903.0
2026-07-30T19:03:05.606Z,355.089,355.104,0.0,7.4,0.0,0.0,0.0,0.0,0.0,0.0,0.0,0.0,1.0,0.0,0.0,0.0,9.0,4.0,0.0,0.0,0.0,0.0,0.0,0.0,0.0,0.0,2.0,12.0,1.0,12.19,5.01,2.5,1.49,0.0,0.0,0.0,361.4,0.0,-0.2,0.0,0.0,-169.60000000000002,0.0,0.0,169.60000000000002,0.0,21.3,28.9,28.9,30.9,300.0,300.0,31.700000000000003,35.800000000000004,28.8,28.1,29.9,4.96,1.99,4.97,0.16,0.0,0.0,1027.0,8228.0,0.0,0.0,0.0,0.0,0.0,1.0,0.0,0.0,0.0,0.0,0.0,0.0,0.0,0.0,0.0,0.0,16.0,25903.0
2026-07-30T19:03:05.618Z,355.101,355.116,0.0,7.4,0.0,0.0,0.0,0.0,0.0,0.0,0.0,0.0,1.0,0.0,0.0,0.0,9.0,4.0,0.0,0.0,0.0,0.0,0.0,0.0,0.0,0.0,4.0,12.0,1.0,12.19,5.01,2.5,1.49,0.0,0.0,0.0,361.3,0.0,0.3,-0.4,-0.6000000000000001,-169.60000000000002,0.0,0.0,169.70000000000002,0.0,21.3,28.9,28.9,30.9,300.0,300.0,31.700000000000003,35.800000000000004,28.8,28.1,29.9,4.95,1.99,4.97,0.16,0.0,0.0,1027.0,8228.0,0.0,0.0,0.0,0.0,0.0,1.0,0.0,0.0,0.0,0.0,0.0,-1.0,0.0,0.4,0.0,0.0,16.0,25903.0
2026-07-30T19:03:05.630Z,355.113,355.128,0.0,7.4,0.0,0.0,0.0,0.0,0.0,0.0,0.0,0.0,1.0,0.0,0.0,0.0,9.0,4.0,0.0,0.0,0.0,0.0,0.0,0.0,0.0,0.0,5.0,12.0,1.0,12.19,5.01,2.5,1.49,0.0,0.0,0.0,361.3,0.0,0.3,1.2000000000000002,1.1,-169.60000000000002,0.0,0.0,169.60000000000002,0.0,21.3,28.9,28.9,30.9,300.0,300.0,31.700000000000003,35.800000000000004,28.8,28.1,29.9,4.96,1.99,4.96,0.16,0.0,0.0,1027.0,8228.0,0.0,0.0,0.0,0.0,0.0,1.0,0.0,0.0,0.0,0.0,0.0,2.2,0.0,-0.7000000000000001,0.0,0.0,16.0,25903.0
2026-07-30T19:03:05.642Z,355.125,355.14,0.0,7.4,0.0,0.0,0.0,0.0,0.0,0.0,0.0,0.0,1.0,0.0,0.0,0.0,9.0,4.0,0.0,0.0,0.0,0.0,0.0,0.0,0.0,0.0,6.0,12.0,1.0,12.19,5.01,2.5,1.49,0.0,0.0,0.0,361.3,0.0,0.3,0.0,-0.6000000000000001,-169.60000000000002,0.0,0.0,169.60000000000002,0.0,21.3,28.9,28.9,30.9,300.0,300.0,31.700000000000003,35.800000000000004,28.8,28.1,29.9,4.95,1.99,4.96,0.16,0.0,0.0,1027.0,8228.0,0.0,0.0,0.0,0.0,0.0,1.0,0.0,0.0,0.0,0.0,0.0,-0.4,0.0,0.5,0.0,0.0,16.0,25903.0
2026-07-30T19:03:05.654Z,355.137,355.152,0.0,7.4,0.0,0.0,0.0,0.0,0.0,0.0,0.0,0.0,1.0,0.0,0.0,0.0,9.0,4.0,0.0,0.0,0.0,0.0,0.0,0.0,0.0,0.0,1.0,12.0,1.0,12.15,5.01,2.51,1.49,0.0,0.0,0.0,361.3,0.0,-0.7000000000000001,0.0,1.0,-169.60000000000002,0.0,0.0,169.60000000000002,0.0,21.700000000000003,28.9,28.9,30.9,300.0,300.0,31.700000000000003,35.9,28.8,28.1,30.0,4.95,1.99,4.97,0.16,0.0,0.0,1027.0,8228.0,0.0,0.0,0.0,0.0,0.0,1.0,0.0,0.0,0.0,0.0,0.0,0.8,0.0,-0.9,0.0,0.0,16.0,25903.0
2026-07-30T19:03:05.665Z,355.148,355.164,0.0,7.4,0.0,0.0,0.0,0.0,0.0,0.0,0.0,0.0,1.0,0.0,0.0,0.0,9.0,4.0,0.0,0.0,0.0,0.0,0.0,0.0,0.0,0.0,2.0,12.0,1.0,12.15,5.01,2.51,1.49,0.0,0.0,0.0,361.3,0.0,0.3,1.2000000000000002,-0.1,-169.60000000000002,0.0,0.0,169.60000000000002,0.0,21.700000000000003,28.9,28.9,30.9,300.0,300.0,31.700000000000003,35.9,28.8,28.1,30.0,4.95,1.99,4.97,0.16,0.0,0.0,1027.0,8228.0,0.0,0.0,0.0,0.0,0.0,1.0,0.0,0.0,0.0,0.0,0.0,1.2000000000000002,0.0,0.3,0.0,0.0,16.0,25903.0
2026-07-30T19:03:05.678Z,355.161,355.176,0.0,7.4,0.0,0.0,0.0,0.0,0.0,0.0,0.0,0.0,1.0,0.0,0.0,0.0,9.0,4.0,0.0,0.0,0.0,0.0,0.0,0.0,0.0,0.0,3.0,12.0,1.0,12.15,5.01,2.51,1.49,0.0,0.1,0.0,361.3,0.0,0.3,0.0,1.1,-169.60000000000002,0.0,0.0,169.60000000000002,0.0,21.700000000000003,28.9,28.9,30.9,300.0,300.0,31.700000000000003,35.9,28.8,28.1,30.0,4.96,1.99,4.96,0.15,0.0,0.0,1027.0,8228.0,0.0,0.0,0.0,0.0,0.0,1.0,0.0,0.0,0.0,0.0,0.0,0.8,0.0,-0.9,0.0,0.0,16.0,25903.0
2026-07-30T19:03:05.690Z,355.173,355.188,0.0,7.4,0.0,0.0,0.0,0.0,0.0,0.0,0.0,0.0,1.0,0.0,0.0,0.0,9.0,4.0,0.0,0.0,0.0,0.0,0.0,0.0,0.0,0.0,3.0,12.0,1.0,12.15,5.01,2.51,1.49,0.0,0.1,0.0,361.4,0.0,0.3,-0.5,2.2,-169.60000000000002,0.0,0.0,169.60000000000002,0.0,21.700000000000003,28.9,28.9,30.9,300.0,300.0,31.700000000000003,35.9,28.8,28.1,30.0,4.95,1.99,4.97,0.15,0.0,0.0,1027.0,8228.0,0.0,0.0,0.0,0.0,0.0,1.0,0.0,0.0,0.0,0.0,0.0,1.0,0.0,-2.1,0.0,0.0,16.0,25903.0
2026-07-30T19:03:05.702Z,355.185,355.2,0.0,7.4,0.0,0.0,0.0,0.0,0.0,0.0,0.0,0.0,1.0,0.0,0.0,0.0,9.0,4.0,0.0,0.0,0.0,0.0,0.0,0.0,0.0,0.0,4.0,12.0,1.0,12.15,5.01,2.51,1.49,0.0,0.0,0.0,361.4,0.0,0.9,1.1,-1.2000000000000002,-169.60000000000002,0.0,0.0,169.70000000000002,0.0,21.700000000000003,28.9,28.9,30.9,300.0,300.0,31.700000000000003,35.9,28.8,28.1,30.0,4.95,1.99,4.96,0.16,0.0,0.0,1027.0,8228.0,0.0,0.0,0.0,0.0,0.0,1.0,0.0,0.0,0.0,0.0,0.0,0.4,0.0,1.3,0.0,0.0,16.0,25903.0
2026-07-30T19:03:05.713Z,355.196,355.212,0.0,7.4,0.0,0.0,0.0,0.0,0.0,0.0,0.0,0.0,1.0,0.0,0.0,0.0,9.0,4.0,0.0,0.0,0.0,0.0,0.0,0.0,0.0,0.0,6.0,12.0,1.0,12.15,5.01,2.51,1.49,0.0,0.0,0.0,361.4,0.0,0.9,0.0,0.0,-169.60000000000002,0.0,0.0,169.8,0.0,21.700000000000003,28.9,28.9,30.9,300.0,300.0,31.700000000000003,35.9,28.8,28.1,30.0,4.95,1.99,4.96,0.16,0.0,0.0,1027.0,8228.0,0.0,0.0,0.0,0.0,0.0,1.0,0.0,0.0,0.0,0.0,0.0,0.0,0.0,0.0,0.0,0.0,16.0,25903.0
2026-07-30T19:03:05.725Z,355.208,355.224,0.0,7.4,0.0,0.0,0.0,0.0,0.0,0.0,0.0,0.0,1.0,0.0,0.0,0.0,9.0,4.0,0.0,0.0,0.0,0.0,0.0,0.0,0.0,0.0,1.0,12.0,1.0,12.15,5.01,2.51,1.49,0.0,0.0,0.0,361.3,0.0,-0.1,-0.5,0.0,-169.60000000000002,0.0,0.0,169.60000000000002,0.0,21.700000000000003,28.9,28.9,30.9,300.0,300.0,31.700000000000003,35.9,28.8,28.1,30.0,4.95,1.99,4.96,0.16,0.0,0.0,1027.0,8228.0,0.0,0.0,0.0,0.0,0.0,1.0,0.0,0.0,0.0,0.0,0.0,-0.6000000000000001,0.0,0.0,0.0,0.0,16.0,25903.0
2026-07-30T19:03:05.738Z,355.221,355.236,0.0,7.4,0.0,0.0,0.0,0.0,0.0,0.0,0.0,0.0,1.0,0.0,0.0,0.0,9.0,4.0,0.0,0.0,0.0,0.0,0.0,0.0,0.0,0.0,2.0,12.0,1.0,12.15,5.01,2.51,1.49,0.0,0.0,0.0,361.4,0.0,0.4,-0.5,0.0,-169.60000000000002,0.0,0.0,169.60000000000002,0.0,21.700000000000003,28.9,28.9,30.9,300.0,300.0,31.700000000000003,35.9,28.8,28.1,30.0,4.95,1.99,4.97,0.16,0.0,0.0,1027.0,8228.0,0.0,0.0,0.0,0.0,0.0,1.0,0.0,0.0,0.0,0.0,0.0,-0.7000000000000001,0.0,0.0,0.0,0.0,16.0,25903.0
2026-07-30T19:03:05.751Z,355.234,355.248,0.0,7.4,0.0,0.0,0.0,0.0,0.0,0.0,0.0,0.0,1.0,0.0,0.0,0.0,9.0,4.0,0.0,0.0,0.0,0.0,0.0,0.0,0.0,0.0,3.0,12.0,1.0,12.17,5.01,2.51,1.49,0.0,0.0,0.0,361.4,0.0,-1.3,-0.5,0.0,-169.60000000000002,0.0,0.0,169.70000000000002,0.0,21.700000000000003,28.9,28.9,30.9,300.0,300.0,31.8,35.800000000000004,28.8,28.1,29.9,4.95,1.99,4.96,0.16,0.0,0.0,1027.0,8228.0,0.0,0.0,0.0,0.0,0.0,1.0,0.0,0.0,0.0,0.0,0.0,-0.7000000000000001,0.0,0.0,0.0,0.0,16.0,25903.0
2026-07-30T19:03:05.761Z,355.244,355.26,0.0,7.4,0.0,0.0,0.0,0.0,0.0,0.0,0.0,0.0,1.0,0.0,0.0,0.0,9.0,4.0,0.0,0.0,0.0,0.0,0.0,0.0,0.0,0.0,5.0,12.0,1.0,12.17,5.01,2.51,1.49,0.0,0.1,0.0,361.4,0.0,0.4,0.0,-0.6000000000000001,-169.60000000000002,0.0,0.0,169.70000000000002,0.0,21.700000000000003,28.9,28.9,30.9,300.0,300.0,31.8,35.800000000000004,28.8,28.1,29.9,4.96,1.99,4.96,0.16,0.0,0.0,1027.0,8228.0,0.0,0.0,0.0,0.0,0.0,1.0,0.0,0.0,0.0,0.0,0.0,-0.4,0.0,0.6000000000000001,0.0,0.0,16.0,25903.0
2026-07-30T19:03:05.774Z,355.257,355.272,0.0,7.4,0.0,0.0,0.0,0.0,0.0,0.0,0.0,0.0,1.0,0.0,0.0,0.0,9.0,4.0,0.0,0.0,0.0,0.0,0.0,0.0,0.0,0.0,6.0,12.0,1.0,12.17,5.01,2.51,1.49,0.0,0.0,0.0,361.4,0.0,0.4,0.6000000000000001,2.1,-169.60000000000002,0.0,0.0,169.8,0.0,21.700000000000003,28.9,28.9,30.9,300.0,300.0,31.8,35.800000000000004,28.8,28.1,29.9,4.95,1.99,4.97,0.16,0.0,0.0,1027.0,8228.0,0.0,0.0,0.0,0.0,0.0,1.0,0.0,0.0,0.0,0.0,0.0,2.3000000000000003,0.0,-1.7000000000000002,0.0,0.0,16.0,25903.0
2026-07-30T19:03:05.786Z,355.269,355.284,0.0,7.4,0.0,0.0,0.0,0.0,0.0,0.0,0.0,0.0,1.0,0.0,0.0,0.0,9.0,4.0,0.0,0.0,0.0,0.0,0.0,0.0,0.0,0.0,1.0,12.0,1.0,12.17,5.01,2.51,1.49,0.0,0.0,0.0,361.3,0.0,0.4,-0.5,-0.1,-169.60000000000002,0.0,0.0,169.70000000000002,0.0,21.700000000000003,28.9,28.9,30.9,300.0,300.0,31.8,35.800000000000004,28.8,28.1,29.9,4.96,1.99,4.96,0.16,0.0,0.0,1027.0,8228.0,0.0,0.0,0.0,0.0,0.0,1.0,0.0,0.0,0.0,0.0,0.0,-0.7000000000000001,0.0,0.0,0.0,0.0,16.0,25903.0
2026-07-30T19:03:05.798Z,355.281,355.296,0.0,7.4,0.0,0.0,0.0,0.0,0.0,0.0,0.0,0.0,1.0,0.0,0.0,0.0,9.0,4.0,0.0,0.0,0.0,0.0,0.0,0.0,0.0,0.0,2.0,12.0,1.0,12.17,5.01,2.51,1.49,0.0,0.0,0.0,361.4,0.0,-0.1,-0.5,-0.1,-169.60000000000002,0.0,0.0,169.8,0.0,21.700000000000003,28.9,28.9,30.9,300.0,300.0,31.8,35.800000000000004,28.8,28.1,29.9,4.96,2.0,4.96,0.16,0.0,0.0,1027.0,8228.0,0.0,0.0,0.0,0.0,0.0,1.0,0.0,0.0,0.0,0.0,0.0,-0.6000000000000001,0.0,0.0,0.0,0.0,16.0,25903.0
2026-07-30T19:03:05.810Z,355.293,355.308,0.0,7.4,0.0,0.0,0.0,0.0,0.0,0.0,0.0,0.0,1.0,0.0,0.0,0.0,9.0,4.0,0.0,0.0,0.0,0.0,0.0,0.0,0.0,0.0,3.0,12.0,1.0,12.17,5.01,2.51,1.49,0.0,0.0,0.0,361.4,0.0,-0.1,0.0,0.4,-169.70000000000002,0.0,0.0,169.8,0.0,21.700000000000003,28.9,28.9,30.9,300.0,300.0,31.8,35.800000000000004,28.8,28.1,29.9,4.95,1.99,4.96,0.16,0.0,0.0,1027.0,8228.0,0.0,0.0,0.0,0.0,0.0,1.0,0.0,0.0,0.0,0.0,0.0,0.4,0.0,-0.4,0.0,0.0,16.0,25903.0
2026-07-30T19:03:05.822Z,355.305,355.32,0.0,7.4,0.0,0.0,0.0,0.0,0.0,0.0,0.0,0.0,1.0,0.0,0.0,0.0,9.0,4.0,0.0,0.0,0.0,0.0,0.0,0.0,0.0,0.0,4.0,12.0,1.0,12.17,5.01,2.51,1.49,0.0,0.0,0.0,361.4,0.0,1.0,-0.5,-0.6000000000000001,-169.70000000000002,0.0,0.0,169.8,0.0,21.700000000000003,28.9,28.9,30.9,300.0,300.0,31.8,35.800000000000004,28.8,28.1,29.9,4.96,1.99,4.97,0.16,0.0,0.0,1027.0,8228.0,0.0,0.0,0.0,0.0,0.0,1.0,0.0,0.0,0.0,0.0,0.0,-1.1,0.0,0.5,0.0,0.0,16.0,25903.0
2026-07-30T19:03:05.834Z,355.317,355.332,0.0,7.4,0.0,0.0,0.0,0.0,0.0,0.0,0.0,0.0,1.0,0.0,0.0,0.0,9.0,4.0,0.0,0.0,0.0,0.0,0.0,0.0,0.0,0.0,4.0,12.0,1.0,12.17,5.01,2.51,1.49,0.0,0.0,0.0,361.4,0.0,-0.7000000000000001,-1.1,0.4,-169.70000000000002,0.0,0.0,169.8,0.0,21.700000000000003,28.9,28.9,30.9,300.0,300.0,31.8,35.800000000000004,28.8,28.1,29.9,4.96,2.0,4.97,0.16,0.0,0.0,1027.0,8228.0,0.0,0.0,0.0,0.0,0.0,1.0,0.0,0.0,0.0,0.0,0.0,-0.9,0.0,-0.6000000000000001,0.0,0.0,16.0,25903.0
2026-07-30T19:03:05.846Z,355.329,355.344,0.0,7.4,0.0,0.0,0.0,0.0,0.0,0.0,0.0,0.0,1.0,0.0,0.0,0.0,9.0,4.0,0.0,0.0,0.0,0.0,0.0,0.0,0.0,0.0,5.0,12.0,1.0,12.17,5.01,2.51,1.49,0.0,0.0,0.0,361.4,0.0,-0.7000000000000001,1.2000000000000002,-0.1,-169.70000000000002,0.0,0.0,169.8,0.0,21.700000000000003,28.9,28.9,30.9,300.0,300.0,31.8,35.800000000000004,28.8,28.1,29.9,4.96,1.99,4.97,0.16,0.0,0.0,1027.0,8228.0,0.0,0.0,0.0,0.0,0.0,1.0,0.0,0.0,0.0,0.0,0.0,1.2000000000000002,0.0,0.3,0.0,0.0,16.0,25903.0
2026-07-30T19:03:05.858Z,355.341,355.356,0.0,7.4,0.0,0.0,0.0,0.0,0.0,0.0,0.0,0.0,1.0,0.0,0.0,0.0,9.0,4.0,0.0,0.0,0.0,0.0,0.0,0.0,0.0,0.0,6.0,12.0,1.0,12.19,5.01,2.5,1.49,0.0,0.0,0.0,361.3,0.0,0.4,0.0,-2.4000000000000004,-169.70000000000002,0.0,0.0,169.8,0.0,21.4,28.9,28.9,30.9,300.0,300.0,31.700000000000003,35.7,28.8,28.1,30.0,4.95,1.99,4.97,0.16,0.0,0.0,1027.0,8228.0,0.0,0.0,0.0,0.0,0.0,1.0,0.0,0.0,0.0,0.0,0.0,-1.7000000000000002,0.0,2.1,0.0,0.0,16.0,25903.0
2026-07-30T19:03:05.870Z,355.353,355.368,0.0,7.4,0.0,0.0,0.0,0.0,0.0,0.0,0.0,0.0,1.0,0.0,0.0,0.0,9.0,4.0,0.0,0.0,0.0,0.0,0.0,0.0,0.0,0.0,1.0,12.0,1.0,12.19,5.01,2.5,1.49,0.0,0.0,0.0,361.3,0.0,0.4,1.2000000000000002,1.6,-169.70000000000002,0.0,0.0,169.8,0.0,21.4,28.9,28.9,30.9,300.0,300.0,31.700000000000003,35.7,28.8,28.1,30.0,4.96,1.99,4.97,0.16,0.0,0.0,1027.0,8228.0,0.0,0.0,0.0,0.0,0.0,1.0,0.0,0.0,0.0,0.0,0.0,2.6,0.0,-1.1,0.0,0.0,16.0,25903.0
2026-07-30T19:03:05.882Z,355.365,355.38,0.0,7.4,0.0,0.0,0.0,0.0,0.0,0.0,0.0,0.0,1.0,0.0,0.0,0.0,9.0,4.0,0.0,0.0,0.0,0.0,0.0,0.0,0.0,0.0,2.0,12.0,1.0,12.19,5.01,2.5,1.49,0.0,0.0,0.0,361.3,0.0,-0.1,-0.4,-1.8,-169.70000000000002,0.0,0.0,169.70000000000002,0.0,21.4,28.9,28.9,30.9,300.0,300.0,31.700000000000003,35.7,28.8,28.1,30.0,4.96,2.0,4.96,0.16,0.0,0.0,1027.0,8228.0,0.0,0.0,0.0,0.0,0.0,1.0,0.0,0.0,0.0,0.0,0.0,-1.9,0.0,1.5,0.0,0.0,16.0,25903.0
2026-07-30T19:03:05.894Z,355.377,355.392,0.0,7.4,0.0,0.0,0.0,0.0,0.0,0.0,0.0,0.0,1.0,0.0,0.0,0.0,9.0,4.0,0.0,0.0,0.0,0.0,0.0,0.0,0.0,0.0,3.0,12.0,1.0,12.19,5.01,2.5,1.49,0.0,0.1,0.0,361.3,0.0,1.0,0.0,0.4,-169.70000000000002,0.0,0.0,169.70000000000002,0.0,21.4,28.9,28.9,30.9,300.0,300.0,31.700000000000003,35.7,28.8,28.1,30.0,4.96,1.99,4.97,0.16,0.0,0.0,1027.0,8228.0,0.0,0.0,0.0,0.0,0.0,1.0,0.0,0.0,0.0,0.0,0.0,0.4,0.0,-0.4,0.0,0.0,16.0,25903.0
2026-07-30T19:03:05.906Z,355.389,355.404,0.0,7.4,0.0,0.0,0.0,0.0,0.0,0.0,0.0,0.0,1.0,0.0,0.0,0.0,9.0,4.0,0.0,0.0,0.0,0.0,0.0,0.0,0.0,0.0,4.0,12.0,1.0,12.19,5.01,2.5,1.49,0.0,0.0,0.0,361.4,0.0,0.4,0.0,0.4,-169.70000000000002,0.0,0.0,169.70000000000002,0.0,21.4,28.9,28.9,30.9,300.0,300.0,31.700000000000003,35.7,28.8,28.1,30.0,4.95,1.99,4.97,0.16,0.0,0.0,1027.0,8228.0,0.0,0.0,0.0,0.0,0.0,1.0,0.0,0.0,0.0,0.0,0.0,0.4,0.0,-0.4,0.0,0.0,16.0,25903.0
2026-07-30T19:03:05.918Z,355.401,355.416,0.0,7.4,0.0,0.0,0.0,0.0,0.0,0.0,0.0,0.0,1.0,0.0,0.0,0.0,9.0,4.0,0.0,0.0,0.0,0.0,0.0,0.0,0.0,0.0,5.0,12.0,1.0,12.19,5.01,2.5,1.49,0.0,0.0,0.0,361.4,0.0,1.0,-0.5,-0.7000000000000001,-169.70000000000002,0.0,0.0,169.70000000000002,0.0,21.4,28.9,28.9,30.9,300.0,300.0,31.700000000000003,35.7,28.8,28.1,30.0,4.96,1.99,4.96,0.16,0.0,0.0,1027.0,8228.0,0.0,0.0,0.0,0.0,0.0,1.0,0.0,0.0,0.0,0.0,0.0,-1.1,0.0,0.5,0.0,0.0,16.0,25903.0
2026-07-30T19:03:05.930Z,355.413,355.428,0.0,7.4,0.0,0.0,0.0,0.0,0.0,0.0,0.0,0.0,1.0,0.0,0.0,0.0,9.0,4.0,0.0,0.0,0.0,0.0,0.0,0.0,0.0,0.0,6.0,12.0,1.0,12.19,5.01,2.5,1.49,0.0,0.0,0.0,361.3,0.0,0.4,-0.5,1.6,-169.70000000000002,0.0,0.0,169.70000000000002,0.0,21.4,28.9,28.9,30.9,300.0,300.0,31.700000000000003,35.7,28.8,28.1,30.0,4.95,1.99,4.97,0.16,0.0,0.0,1027.0,8228.0,0.0,0.0,0.0,0.0,0.0,1.0,0.0,0.0,0.0,0.0,0.0,0.6000000000000001,0.0,-1.5,0.0,0.0,16.0,25903.0
2026-07-30T19:03:05.941Z,355.424,355.44,0.0,7.4,0.0,0.0,0.0,0.0,0.0,0.0,0.0,0.0,1.0,0.0,0.0,0.0,9.0,4.0,0.0,0.0,0.0,0.0,0.0,0.0,0.0,0.0,1.0,12.0,1.0,12.19,5.01,2.5,1.49,0.0,0.0,0.0,361.3,0.0,0.9,0.6000000000000001,0.4,-169.70000000000002,0.0,0.0,169.70000000000002,0.0,21.4,28.9,28.9,30.9,300.0,300.0,31.700000000000003,35.7,28.8,28.1,30.0,4.95,1.99,4.97,0.16,0.0,0.0,1027.0,8228.0,0.0,0.0,0.0,0.0,0.0,1.0,0.0,0.0,0.0,0.0,0.0,1.0,0.0,-0.2,0.0,0.0,16.0,25903.0
2026-07-30T19:03:05.955Z,355.438,355.452,0.0,7.4,0.0,0.0,0.0,0.0,0.0,0.0,0.0,0.0,1.0,0.0,0.0,0.0,9.0,4.0,0.0,0.0,0.0,0.0,0.0,0.0,0.0,0.0,2.0,12.0,1.0,12.15,5.01,2.5,1.49,0.0,0.0,0.0,361.4,0.0,0.3,-0.5,-0.7000000000000001,-169.70000000000002,0.0,0.0,169.70000000000002,0.0,21.9,28.9,28.9,30.9,300.0,300.0,31.8,35.7,28.9,28.1,29.9,4.96,2.0,4.97,0.16,0.0,0.0,1027.0,8228.0,0.0,0.0,0.0,0.0,0.0,1.0,0.0,0.0,0.0,0.0,0.0,-1.1,0.0,0.5,0.0,0.0,16.0,25903.0
2026-07-30T19:03:05.966Z,355.449,355.464,0.0,7.4,0.0,0.0,0.0,0.0,0.0,0.0,0.0,0.0,1.0,0.0,0.0,0.0,9.0,4.0,0.0,0.0,0.0,0.0,0.0,0.0,0.0,0.0,3.0,12.0,1.0,12.15,5.01,2.5,1.49,0.0,0.0,0.0,361.4,0.0,0.3,-0.5,-0.1,-169.70000000000002,0.0,0.0,169.8,0.0,21.9,28.9,28.9,30.9,300.0,300.0,31.8,35.7,28.9,28.1,29.9,4.95,2.0,4.97,0.16,0.0,0.0,1027.0,8228.0,0.0,0.0,0.0,0.0,0.0,1.0,0.0,0.0,0.0,0.0,0.0,-0.6000000000000001,0.0,0.0,0.0,0.0,16.0,25903.0
2026-07-30T19:03:05.978Z,355.461,355.476,0.0,7.4,0.0,0.0,0.0,0.0,0.0,0.0,0.0,0.0,1.0,0.0,0.0,0.0,9.0,4.0,0.0,0.0,0.0,0.0,0.0,0.0,0.0,0.0,4.0,12.0,1.0,12.15,5.01,2.5,1.49,0.0,0.0,0.0,361.4,0.0,0.3,-0.5,-0.1,-169.70000000000002,0.0,0.0,169.8,0.0,21.9,28.9,28.9,30.9,300.0,300.0,31.8,35.7,28.9,28.1,29.9,4.95,1.99,4.97,0.16,0.0,0.0,1027.0,8228.0,0.0,0.0,0.0,0.0,0.0,1.0,0.0,0.0,0.0,0.0,0.0,-0.6000000000000001,0.0,0.0,0.0,0.0,16.0,25903.0
2026-07-30T19:03:05.989Z,355.472,355.488,0.0,7.4,0.0,0.0,0.0,0.0,0.0,0.0,0.0,0.0,1.0,0.0,0.0,0.0,9.0,4.0,0.0,0.0,0.0,0.0,0.0,0.0,0.0,0.0,5.0,12.0,1.0,12.15,5.01,2.5,1.49,0.0,0.0,0.0,361.4,0.0,-0.7000000000000001,-0.4,-0.1,-169.70000000000002,0.0,0.0,169.8,0.0,21.9,28.9,28.9,30.9,300.0,300.0,31.8,35.7,28.9,28.1,29.9,4.95,1.99,4.96,0.16,0.0,0.0,1027.0,8228.0,0.0,0.0,0.0,0.0,0.0,1.0,0.0,0.0,0.0,0.0,0.0,-0.6000000000000001,0.0,0.0,0.0,0.0,16.0,25903.0
2026-07-30T19:03:06.002Z,355.485,355.5,0.0,7.4,0.0,0.0,0.0,0.0,0.0,0.0,0.0,0.0,1.0,0.0,0.0,0.0,9.0,4.0,0.0,0.0,0.0,0.0,0.0,0.0,0.0,0.0,6.0,12.0,1.0,12.15,5.01,2.5,1.49,0.0,0.0,0.0,361.4,0.0,0.9,0.1,0.0,-169.70000000000002,0.0,0.0,169.70000000000002,0.0,21.9,28.9,28.9,30.9,300.0,300.0,31.8,35.7,28.9,28.1,29.9,4.96,1.99,4.96,0.16,0.0,0.0,1027.0,8228.0,0.0,0.0,0.0,0.0,0.0,1.0,0.0,0.0,0.0,0.0,0.0,0.0,0.0,0.1,0.0,0.0,16.0,25903.0
2026-07-30T19:03:06.014Z,355.497,355.512,0.0,7.4,0.0,0.0,0.0,0.0,0.0,0.0,0.0,0.0,1.0,0.0,0.0,0.0,9.0,4.0,0.0,0.0,0.0,0.0,0.0,0.0,0.0,0.0,1.0,12.0,1.0,12.15,5.01,2.5,1.49,0.0,0.0,0.0,361.3,0.0,-0.2,-0.4,0.4,-169.70000000000002,0.0,0.0,169.8,0.0,21.9,28.9,28.9,30.9,300.0,300.0,31.8,35.7,28.9,28.1,29.9,4.95,1.99,4.97,0.16,0.0,0.0,1027.0,8228.0,0.0,0.0,0.0,0.0,0.0,1.0,0.0,0.0,0.0,0.0,0.0,-1.0,0.0,0.4,0.0,0.0,16.0,25903.0
2026-07-30T19:03:06.026Z,355.509,355.524,0.0,7.4,0.0,0.0,0.0,0.0,0.0,0.0,0.0,0.0,1.0,0.0,0.0,0.0,9.0,4.0,0.0,0.0,0.0,0.0,0.0,0.0,0.0,0.0,2.0,12.0,1.0,12.15,5.01,2.5,1.49,0.0,0.0,0.0,361.4,0.0,-0.2,-1.0,-0.1,-169.70000000000002,0.0,0.0,169.70000000000002,0.0,21.9,28.9,28.9,30.9,300.0,300.0,31.8,35.7,28.9,28.1,29.9,4.96,1.99,4.97,0.16,0.0,0.0,1027.0,8228.0,0.0,0.0,0.0,0.0,0.0,1.0,0.0,0.0,0.0,0.0,0.0,-1.3,0.0,-0.1,0.0,0.0,16.0,25903.0
2026-07-30T19:03:06.038Z,355.521,355.536,0.0,7.4,0.0,0.0,0.0,0.0,0.0,0.0,0.0,0.0,1.0,0.0,0.0,0.0,9.0,4.0,0.0,0.0,0.0,0.0,0.0,0.0,0.0,0.0,3.0,12.0,1.0,12.15,5.01,2.5,1.49,0.0,0.0,0.0,361.3,0.0,0.3,-0.5,-0.6000000000000001,-169.70000000000002,0.0,0.0,169.60000000000002,0.0,21.9,28.9,28.9,30.9,300.0,300.0,31.8,35.7,28.9,28.1,29.9,4.96,2.0,4.96,0.16,0.0,0.0,1027.0,8228.0,0.0,0.0,0.0,0.0,0.0,1.0,0.0,0.0,0.0,0.0,0.0,-1.1,0.0,0.5,0.0,0.0,16.0,25903.0
2026-07-30T19:03:06.050Z,355.533,355.548,0.0,7.4,0.0,0.0,0.0,0.0,0.0,0.0,0.0,0.0,1.0,0.0,0.0,0.0,9.0,4.0,0.0,0.0,0.0,0.0,0.0,0.0,0.0,0.0,4.0,12.0,1.0,12.15,5.01,2.5,1.49,0.0,0.0,0.0,361.3,0.0,0.3,0.1,0.4,-169.70000000000002,0.0,0.0,169.70000000000002,0.0,21.9,28.9,28.9,30.9,300.0,300.0,31.8,35.7,28.9,28.1,29.9,4.96,1.99,4.96,0.16,0.0,0.0,1027.0,8228.0,0.0,0.0,0.0,0.0,0.0,1.0,0.0,0.0,0.0,0.0,0.0,-1.6,0.0,0.3,0.0,0.0,16.0,25903.0
2026-07-30T19:03:06.061Z,355.544,355.56,0.0,7.4,0.0,0.0,0.0,0.0,0.0,0.0,0.0,0.0,1.0,0.0,0.0,0.0,9.0,4.0,0.0,0.0,0.0,0.0,0.0,0.0,0.0,0.0,5.0,12.0,1.0,12.18,5.0200000000000005,2.51,1.49,0.0,0.0,0.0,361.3,0.0,0.9,0.7000000000000001,0.4,-169.70000000000002,0.0,0.0,169.8,0.0,21.3,28.9,28.9,31.0,300.0,300.0,31.700000000000003,35.800000000000004,28.9,28.1,30.0,4.95,1.99,4.96,0.16,0.0,0.0,1027.0,8228.0,0.0,0.0,0.0,0.0,0.0,1.0,0.0,0.0,0.0,0.0,0.0,-1.2000000000000002,0.0,-0.1,0.0,0.0,16.0,25903.0
2026-07-30T19:03:06.074Z,355.557,355.572,0.0,7.4,0.0,0.0,0.0,0.0,0.0,0.0,0.0,0.0,1.0,0.0,0.0,0.0,9.0,4.0,0.0,0.0,0.0,0.0,0.0,0.0,0.0,0.0,6.0,12.0,1.0,12.18,5.0200000000000005,2.51,1.49,0.0,0.0,0.0,361.3,0.0,-0.2,-1.0,-0.1,-169.70000000000002,0.0,0.0,169.8,0.0,21.3,28.9,28.9,31.0,300.0,300.0,31.700000000000003,35.800000000000004,28.9,28.1,30.0,4.96,1.99,4.96,0.16,0.0,0.0,1027.0,8228.0,0.0,0.0,0.0,0.0,0.0,1.0,0.0,0.0,0.0,0.0,0.0,-0.1,0.0,-0.5,0.0,0.0,16.0,25903.0
2026-07-30T19:03:06.086Z,355.569,355.584,0.0,7.4,0.0,0.0,0.0,0.0,0.0,0.0,0.0,0.0,1.0,0.0,0.0,0.0,9.0,4.0,0.0,0.0,0.0,0.0,0.0,0.0,0.0,0.0,1.0,12.0,1.0,12.18,5.0200000000000005,2.51,1.49,0.0,0.0,0.0,361.4,0.0,0.3,0.1,-0.1,-169.70000000000002,0.0,0.0,169.8,0.0,21.3,28.9,28.9,31.0,300.0,300.0,31.700000000000003,35.800000000000004,28.9,28.1,30.0,4.96,1.99,4.97,0.16,0.0,0.0,1027.0,8228.0,0.0,0.0,0.0,0.0,0.0,1.0,0.0,0.0,0.0,0.0,0.0,1.6,0.0,-0.7000000000000001,0.0,0.0,16.0,25903.0
2026-07-30T19:03:06.097Z,355.58,355.596,0.0,7.4,0.0,0.0,0.0,0.0,0.0,0.0,0.0,0.0,1.0,0.0,0.0,0.0,9.0,4.0,0.0,0.0,0.0,0.0,0.0,0.0,0.0,0.0,2.0,12.0,1.0,12.18,5.0200000000000005,2.51,1.49,0.0,0.0,0.0,361.4,0.0,-0.2,0.1,-0.1,-169.70000000000002,0.0,0.0,169.8,0.0,21.3,28.9,28.9,31.0,300.0,300.0,31.700000000000003,35.800000000000004,28.9,28.1,30.0,4.95,1.99,4.97,0.16,0.0,0.0,1027.0,8228.0,0.0,0.0,0.0,0.0,0.0,1.0,0.0,0.0,0.0,0.0,0.0,0.0,0.0,0.1,0.0,0.0,16.0,25903.0
2026-07-30T19:03:06.110Z,355.593,355.608,0.0,7.4,0.0,0.0,0.0,0.0,0.0,0.0,0.0,0.0,1.0,0.0,0.0,0.0,9.0,4.0,0.0,0.0,0.0,0.0,0.0,0.0,0.0,0.0,3.0,12.0,1.0,12.18,5.0200000000000005,2.51,1.49,0.0,0.1,0.0,361.4,0.0,-0.2,-0.3,1.0,-169.70000000000002,0.0,0.0,169.60000000000002,0.0,21.3,28.9,28.9,31.0,300.0,300.0,31.700000000000003,35.800000000000004,28.9,28.1,30.0,4.96,1.99,4.97,0.16,0.0,0.0,1027.0,8228.0,0.0,0.0,0.0,0.0,0.0,1.0,0.0,0.0,0.0,0.0,0.0,0.3,0.0,-0.9,0.0,0.0,16.0,25903.0
2026-07-30T19:03:06.122Z,355.605,355.62,0.0,7.4,0.0,0.0,0.0,0.0,0.0,0.0,0.0,0.0,1.0,0.0,0.0,0.0,9.0,4.0,0.0,0.0,0.0,0.0,0.0,0.0,0.0,0.0,4.0,12.0,1.0,12.18,5.0200000000000005,2.51,1.49,0.0,0.0,0.0,361.3,0.0,-0.8,-0.9,0.4,-169.70000000000002,0.0,0.0,169.70000000000002,0.0,21.3,28.9,28.9,31.0,300.0,300.0,31.700000000000003,35.800000000000004,28.9,28.1,30.0,4.96,1.99,4.96,0.16,0.0,0.0,1027.0,8228.0,0.0,0.0,0.0,0.0,0.0,1.0,0.0,0.0,0.0,0.0,0.0,-0.7000000000000001,0.0,-0.6000000000000001,0.0,0.0,16.0,25903.0
2026-07-30T19:03:06.133Z,355.616,355.632,0.0,7.4,0.0,0.0,0.0,0.0,0.0,0.0,0.0,0.0,1.0,0.0,0.0,0.0,9.0,4.0,0.0,0.0,0.0,0.0,0.0,0.0,0.0,0.0,5.0,12.0,1.0,12.18,5.0200000000000005,2.51,1.49,0.0,0.1,0.0,361.3,0.0,0.3,-0.3,-0.6000000000000001,-169.70000000000002,0.0,0.0,169.70000000000002,0.0,21.3,28.9,28.9,31.0,300.0,300.0,31.700000000000003,35.800000000000004,28.9,28.1,30.0,4.96,1.99,4.97,0.16,0.0,0.0,1027.0,8228.0,0.0,0.0,0.0,0.0,0.0,1.0,0.0,0.0,0.0,0.0,0.0,-0.8,0.0,0.5,0.0,0.0,16.0,25903.0
2026-07-30T19:03:06.146Z,355.629,355.644,0.0,7.4,0.0,0.0,0.0,0.0,0.0,0.0,0.0,0.0,1.0,0.0,0.0,0.0,9.0,4.0,0.0,0.0,0.0,0.0,0.0,0.0,0.0,0.0,6.0,12.0,1.0,12.18,5.0200000000000005,2.51,1.49,0.0,0.0,0.0,361.4,0.0,0.3,0.2,0.5,-169.70000000000002,0.0,0.0,169.60000000000002,0.0,21.3,28.9,28.9,31.0,300.0,300.0,31.700000000000003,35.800000000000004,28.9,28.1,30.0,4.95,1.99,4.97,0.16,0.0,0.0,1027.0,8228.0,0.0,0.0,0.0,0.0,0.0,1.0,0.0,0.0,0.0,0.0,0.0,0.6000000000000001,0.0,-0.4,0.0,0.0,16.0,25903.0
2026-07-30T19:03:06.159Z,355.642,355.656,0.0,7.4,0.0,0.0,0.0,0.0,0.0,0.0,0.0,0.0,1.0,0.0,0.0,0.0,9.0,4.0,0.0,0.0,0.0,0.0,0.0,0.0,0.0,0.0,1.0,12.0,1.0,12.18,5.01,2.51,1.49,0.0,0.0,0.0,361.4,0.0,0.4,-0.2,0.0,-169.70000000000002,0.0,0.0,169.8,0.0,21.700000000000003,28.9,28.9,30.9,300.0,300.0,31.8,35.800000000000004,28.9,28.1,30.0,4.96,1.99,4.96,0.16,0.0,0.0,1027.0,8228.0,0.0,0.0,0.0,0.0,0.0,1.0,0.0,0.0,0.0,0.0,0.0,-0.3,0.0,0.0,0.0,0.0,16.0,25903.0
2026-07-30T19:03:06.169Z,355.652,355.668,0.0,7.4,0.0,0.0,0.0,0.0,0.0,0.0,0.0,0.0,1.0,0.0,0.0,0.0,9.0,4.0,0.0,0.0,0.0,0.0,0.0,0.0,0.0,0.0,2.0,12.0,1.0,12.18,5.01,2.51,1.49,0.0,0.0,0.0,361.4,0.0,0.3,-0.9,0.0,-169.70000000000002,0.0,0.0,169.70000000000002,0.0,21.700000000000003,28.9,28.9,30.9,300.0,300.0,31.8,35.800000000000004,28.9,28.1,30.0,4.95,1.99,4.97,0.16,0.0,0.0,1027.0,8228.0,0.0,0.0,0.0,0.0,0.0,1.0,0.0,0.0,0.0,0.0,0.0,-1.0,0.0,-0.2,0.0,0.0,16.0,25903.0
2026-07-30T19:03:06.181Z,355.664,355.68,0.0,7.4,0.0,0.0,0.0,0.0,0.0,0.0,0.0,0.0,1.0,0.0,0.0,0.0,9.0,4.0,0.0,0.0,0.0,0.0,0.0,0.0,0.0,0.0,3.0,12.0,1.0,12.18,5.01,2.51,1.49,0.0,0.0,0.0,361.4,0.0,-0.1,0.2,1.8,-169.70000000000002,0.0,0.0,169.8,0.0,21.700000000000003,28.9,28.9,30.9,300.0,300.0,31.8,35.800000000000004,28.9,28.1,30.0,4.95,1.99,4.97,0.16,0.0,0.0,1027.0,8228.0,0.0,0.0,0.0,0.0,0.0,1.0,0.0,0.0,0.0,0.0,0.0,1.6,0.0,-1.5,0.0,0.0,16.0,25903.0
2026-07-30T19:03:06.194Z,355.677,355.692,0.0,7.4,0.0,0.0,0.0,0.0,0.0,0.0,0.0,0.0,1.0,0.0,0.0,0.0,9.0,4.0,0.0,0.0,0.0,0.0,0.0,0.0,0.0,0.0,4.0,12.0,1.0,12.18,5.01,2.51,1.49,0.0,0.0,0.0,361.4,0.0,0.4,-0.3,-0.5,-169.70000000000002,0.0,0.0,169.8,0.0,21.700000000000003,28.9,28.9,30.9,300.0,300.0,31.8,35.800000000000004,28.9,28.1,30.0,4.96,1.99,4.97,0.16,0.0,0.0,1027.0,8228.0,0.0,0.0,0.0,0.0,0.0,1.0,0.0,0.0,0.0,0.0,0.0,-0.7000000000000001,0.0,0.4,0.0,0.0,16.0,25903.0
2026-07-30T19:03:06.205Z,355.688,355.704,0.0,7.4,0.0,0.0,0.0,0.0,0.0,0.0,0.0,0.0,1.0,0.0,0.0,0.0,9.0,4.0,0.0,0.0,0.0,0.0,0.0,0.0,0.0,0.0,5.0,12.0,1.0,12.18,5.01,2.51,1.49,0.0,0.1,0.0,361.3,0.0,0.9,0.8,0.0,-169.70000000000002,0.0,0.0,169.70000000000002,0.0,21.700000000000003,28.9,28.9,30.9,300.0,300.0,31.8,35.800000000000004,28.9,28.1,30.0,4.96,1.99,4.96,0.16,0.0,0.0,1027.0,8228.0,0.0,0.0,0.0,0.0,0.0,1.0,0.0,0.0,0.0,0.0,0.0,1.0,0.0,0.1,0.0,0.0,16.0,25903.0
2026-07-30T19:03:06.218Z,355.701,355.716,0.0,7.4,0.0,0.0,0.0,0.0,0.0,0.0,0.0,0.0,1.0,0.0,0.0,0.0,9.0,4.0,0.0,0.0,0.0,0.0,0.0,0.0,0.0,0.0,6.0,12.0,1.0,12.18,5.01,2.51,1.49,0.0,0.0,0.0,361.3,0.0,-0.2,-0.3,1.7000000000000002,-169.70000000000002,0.0,0.0,169.60000000000002,0.0,21.700000000000003,28.9,28.9,30.9,300.0,300.0,31.8,35.800000000000004,28.9,28.1,30.0,4.95,1.99,4.97,0.16,0.0,0.0,1027.0,8228.0,0.0,0.0,0.0,0.0,0.0,1.0,0.0,0.0,0.0,0.0,0.0,0.9,0.0,-1.6,0.0,0.0,16.0,25903.0
2026-07-30T19:03:06.230Z,355.713,355.728,0.0,7.4,0.0,0.0,0.0,0.0,0.0,0.0,0.0,0.0,1.0,0.0,0.0,0.0,9.0,4.0,0.0,0.0,0.0,0.0,0.0,0.0,0.0,0.0,1.0,12.0,1.0,12.18,5.01,2.51,1.49,0.0,0.0,0.0,361.4,0.0,0.3,0.2,-0.5,-169.70000000000002,0.0,0.0,169.70000000000002,0.0,21.700000000000003,28.9,28.9,30.9,300.0,300.0,31.8,35.800000000000004,28.9,28.1,30.0,4.95,1.99,4.96,0.16,0.0,0.0,1027.0,8228.0,0.0,0.0,0.0,0.0,0.0,1.0,0.0,0.0,0.0,0.0,0.0,0.0,0.0,0.5,0.0,0.0,16.0,25903.0
2026-07-30T19:03:06.242Z,355.725,355.74,0.0,7.4,0.0,0.0,0.0,0.0,0.0,0.0,0.0,0.0,1.0,0.0,0.0,0.0,9.0,4.0,0.0,0.0,0.0,0.0,0.0,0.0,0.0,0.0,2.0,12.0,1.0,12.18,5.01,2.51,1.49,0.0,0.0,0.0,361.3,0.0,0.3,0.8,0.6000000000000001,-169.70000000000002,0.0,0.0,169.8,0.0,21.700000000000003,28.9,28.9,30.9,300.0,300.0,31.8,35.800000000000004,28.9,28.1,30.0,4.96,1.99,4.96,0.16,0.0,0.0,1027.0,8228.0,0.0,0.0,0.0,0.0,0.0,1.0,0.0,0.0,0.0,0.0,0.0,1.4,0.0,-0.3,0.0,0.0,16.0,25903.0
2026-07-30T19:03:06.254Z,355.737,355.752,0.0,7.4,0.0,0.0,0.0,0.0,0.0,0.0,0.0,0.0,1.0,0.0,0.0,0.0,9.0,4.0,0.0,0.0,0.0,0.0,0.0,0.0,0.0,0.0,3.0,12.0,1.0,12.18,5.01,2.51,1.49,0.0,0.0,0.0,361.3,0.0,0.3,-0.8,0.0,-169.70000000000002,0.0,0.0,169.8,0.0,21.700000000000003,28.9,28.9,30.9,300.0,300.0,31.8,35.800000000000004,28.9,28.1,30.0,4.95,1.99,4.97,0.16,0.0,0.0,1027.0,8228.0,0.0,0.0,0.0,0.0,0.0,1.0,0.0,0.0,0.0,0.0,0.0,-0.9,0.0,-0.1,0.0,0.0,16.0,25903.0
2026-07-30T19:03:06.266Z,355.749,355.764,0.0,7.4,0.0,0.0,0.0,0.0,0.0,0.0,0.0,0.0,1.0,0.0,0.0,0.0,9.0,4.0,0.0,0.0,0.0,0.0,0.0,0.0,0.0,0.0,4.0,12.0,1.0,12.18,5.0200000000000005,2.5,1.49,0.0,0.0,0.0,361.3,0.0,-0.2,-0.8,0.5,-169.70000000000002,0.0,0.0,169.70000000000002,0.0,21.700000000000003,28.9,28.9,30.9,300.0,300.0,31.8,35.800000000000004,28.9,28.1,29.9,4.96,1.99,4.97,0.16,0.0,0.0,1027.0,8228.0,0.0,0.0,0.0,0.0,0.0,1.0,0.0,0.0,0.0,0.0,0.0,-0.5,0.0,-0.7000000000000001,0.0,0.0,16.0,25903.0
2026-07-30T19:03:06.278Z,355.761,355.776,0.0,7.4,0.0,0.0,0.0,0.0,0.0,0.0,0.0,0.0,1.0,0.0,0.0,0.0,9.0,4.0,0.0,0.0,0.0,0.0,0.0,0.0,0.0,0.0,5.0,12.0,1.0,12.18,5.0200000000000005,2.5,1.49,0.0,0.0,0.0,361.3,0.0,-1.4,0.2,-0.6000000000000001,-169.70000000000002,0.0,0.0,169.70000000000002,0.0,21.700000000000003,28.9,28.9,30.9,300.0,300.0,31.8,35.800000000000004,28.9,28.1,29.9,4.96,1.99,4.96,0.16,0.0,0.0,1027.0,8228.0,0.0,0.0,0.0,0.0,0.0,1.0,0.0,0.0,0.0,0.0,0.0,-0.1,0.0,0.5,0.0,0.0,16.0,25903.0
2026-07-30T19:03:06.290Z,355.773,355.788,0.0,7.4,0.0,0.0,0.0,0.0,0.0,0.0,0.0,0.0,1.0,0.0,0.0,0.0,9.0,4.0,0.0,0.0,0.0,0.0,0.0,0.0,0.0,0.0,5.0,12.0,1.0,12.18,5.0200000000000005,2.5,1.49,0.0,0.0,0.0,361.4,0.0,-0.2,-0.3,-0.6000000000000001,-169.70000000000002,0.0,0.0,169.70000000000002,0.0,21.700000000000003,28.9,28.9,30.9,300.0,300.0,31.8,35.800000000000004,28.9,28.1,29.9,4.95,1.99,4.96,0.16,0.0,0.0,1027.0,8228.0,0.0,0.0,0.0,0.0,0.0,1.0,0.0,0.0,0.0,0.0,0.0,-0.8,0.0,0.4,0.0,0.0,16.0,25903.0
2026-07-30T19:03:06.302Z,355.785,355.8,0.0,7.4,0.0,0.0,0.0,0.0,0.0,0.0,0.0,0.0,1.0,0.0,0.0,0.0,9.0,4.0,0.0,0.0,0.0,0.0,0.0,0.0,0.0,0.0,6.0,12.0,1.0,12.18,5.0200000000000005,2.5,1.49,0.0,0.0,0.0,361.4,0.0,-0.8,-0.8,0.0,-169.70000000000002,0.0,0.0,169.70000000000002,0.0,21.700000000000003,28.9,28.9,30.9,300.0,300.0,31.8,35.800000000000004,28.9,28.1,29.9,4.96,1.99,4.97,0.16,0.0,0.0,1027.0,8228.0,0.0,0.0,0.0,0.0,0.0,1.0,0.0,0.0,0.0,0.0,0.0,-1.0,0.0,-0.2,0.0,0.0,16.0,25903.0
2026-07-30T19:03:06.314Z,355.797,355.812,0.0,7.4,0.0,0.0,0.0,0.0,0.0,0.0,0.0,0.0,1.0,0.0,0.0,0.0,9.0,4.0,0.0,0.0,0.0,0.0,0.0,0.0,0.0,0.0,2.0,12.0,1.0,12.18,5.0200000000000005,2.5,1.49,0.0,0.0,0.0,361.3,0.0,-0.8,-0.9,-0.5,-169.70000000000002,0.0,0.0,169.70000000000002,0.0,21.700000000000003,28.9,28.9,30.9,300.0,300.0,31.8,35.800000000000004,28.9,28.1,29.9,4.95,1.99,4.96,0.16,0.0,0.0,1027.0,8228.0,0.0,0.0,0.0,0.0,0.0,1.0,0.0,0.0,0.0,0.0,0.0,-1.5,0.0,0.3,0.0,0.0,16.0,25903.0
2026-07-30T19:03:06.325Z,355.808,355.824,0.0,7.4,0.0,0.0,0.0,0.0,0.0,0.0,0.0,0.0,1.0,0.0,0.0,0.0,9.0,4.0,0.0,0.0,0.0,0.0,0.0,0.0,0.0,0.0,3.0,12.0,1.0,12.18,5.0200000000000005,2.5,1.49,-0.1,0.1,0.0,361.3,0.0,0.9,0.2,0.5,-169.70000000000002,0.0,0.0,169.70000000000002,0.0,21.700000000000003,28.9,28.9,30.9,300.0,300.0,31.8,35.800000000000004,28.9,28.1,29.9,4.95,1.99,4.97,0.16,0.0,0.0,1027.0,8228.0,0.0,0.0,0.0,0.0,0.0,1.0,0.0,0.0,0.0,0.0,0.0,0.7000000000000001,0.0,-0.4,0.0,0.0,16.0,25903.0
2026-07-30T19:03:06.338Z,355.821,355.836,0.0,7.4,0.0,0.0,0.0,0.0,0.0,0.0,0.0,0.0,1.0,0.0,0.0,0.0,9.0,4.0,0.0,0.0,0.0,0.0,0.0,0.0,0.0,0.0,4.0,12.0,1.0,12.18,5.0200000000000005,2.5,1.49,0.0,0.0,0.0,361.4,0.0,-0.2,0.2,0.0,-169.70000000000002,0.0,0.0,169.70000000000002,0.0,21.700000000000003,28.9,28.9,30.9,300.0,300.0,31.8,35.800000000000004,28.9,28.1,29.9,4.95,2.0,4.97,0.16,0.0,0.0,1027.0,8228.0,0.0,0.0,0.0,0.0,0.0,1.0,0.0,0.0,0.0,0.0,0.0,0.3,0.0,0.0,0.0,0.0,16.0,25903.0
2026-07-30T19:03:06.350Z,355.833,355.848,0.0,7.4,0.0,0.0,0.0,0.0,0.0,0.0,0.0,0.0,1.0,0.0,0.0,0.0,9.0,4.0,0.0,0.0,0.0,0.0,0.0,0.0,0.0,0.0,6.0,12.0,1.0,12.18,5.0200000000000005,2.5,1.49,0.0,0.0,0.0,361.4,0.0,-0.1,0.7000000000000001,-0.5,-169.70000000000002,0.0,0.0,169.8,0.0,21.700000000000003,28.9,28.9,30.9,300.0,300.0,31.8,35.800000000000004,28.9,28.1,29.9,4.96,2.0,4.96,0.16,0.0,0.0,1027.0,8228.0,0.0,0.0,0.0,0.0,0.0,1.0,0.0,0.0,0.0,0.0,0.0,0.5,0.0,0.6000000000000001,0.0,0.0,16.0,25903.0
2026-07-30T19:03:06.363Z,355.846,355.86,0.0,7.4,0.0,0.0,0.0,0.0,0.0,0.0,0.0,0.0,1.0,0.0,0.0,0.0,9.0,4.0,0.0,0.0,0.0,0.0,0.0,0.0,0.0,0.0,1.0,12.0,1.0,12.17,5.0200000000000005,2.51,1.49,0.0,0.1,0.0,361.4,0.0,1.0,-0.3,1.2000000000000002,-169.70000000000002,0.0,0.0,169.8,0.0,21.700000000000003,28.9,28.9,30.9,300.0,300.0,31.700000000000003,35.800000000000004,28.9,28.1,30.0,4.95,1.99,4.97,0.16,0.0,0.0,1027.0,8228.0,0.0,0.0,0.0,0.0,0.0,1.0,0.0,0.0,0.0,0.0,0.0,0.5,0.0,-1.2000000000000002,0.0,0.0,16.0,25903.0
2026-07-30T19:03:06.374Z,355.857,355.872,0.0,7.4,0.0,0.0,0.0,0.0,0.0,0.0,0.0,0.0,1.0,0.0,0.0,0.0,9.0,4.0,0.0,0.0,0.0,0.0,0.0,0.0,0.0,0.0,2.0,12.0,1.0,12.17,5.0200000000000005,2.51,1.49,0.0,0.0,0.0,361.3,0.0,0.4,1.3,-0.4,-169.70000000000002,0.0,0.0,169.70000000000002,0.0,21.700000000000003,28.9,28.9,30.9,300.0,300.0,31.700000000000003,35.800000000000004,28.9,28.1,30.0,4.95,1.99,4.97,0.16,0.0,0.0,1027.0,8228.0,0.0,0.0,0.0,0.0,0.0,1.0,0.0,0.0,0.0,0.0,0.0,1.1,0.0,0.7000000000000001,0.0,0.0,16.0,25903.0
2026-07-30T19:03:06.386Z,355.869,355.884,0.0,7.4,0.0,0.0,0.0,0.0,0.0,0.0,0.0,0.0,1.0,0.0,0.0,0.0,9.0,4.0,0.0,0.0,0.0,0.0,0.0,0.0,0.0,0.0,2.0,12.0,1.0,12.17,5.0200000000000005,2.51,1.49,0.0,0.0,0.0,361.4,0.0,0.3,-0.3,-1.0,-169.70000000000002,0.0,0.0,169.60000000000002,0.0,21.700000000000003,28.9,28.9,30.9,300.0,300.0,31.700000000000003,35.800000000000004,28.9,28.1,30.0,4.95,1.99,4.97,0.16,0.0,0.0,1027.0,8228.0,0.0,0.0,0.0,0.0,0.0,1.0,0.0,0.0,0.0,0.0,0.0,-1.1,0.0,0.8,0.0,0.0,16.0,25903.0
2026-07-30T19:03:06.398Z,355.881,355.896,-0.1,7.4,0.0,0.0,0.0,0.0,0.0,0.0,0.0,0.0,1.0,0.0,0.0,0.0,9.0,4.0,0.0,0.0,0.0,0.0,0.0,0.0,0.0,0.0,3.0,12.0,1.0,12.17,5.0200000000000005,2.51,1.49,0.0,0.0,0.0,361.4,0.0,0.4,-0.3,0.6000000000000001,-169.70000000000002,0.0,0.0,169.8,0.0,21.700000000000003,28.9,28.9,30.9,300.0,300.0,31.700000000000003,35.800000000000004,28.9,28.1,30.0,4.96,1.99,4.96,0.16,0.0,0.0,1027.0,8228.0,0.0,0.0,0.0,0.0,0.0,1.0,0.0,0.0,0.0,0.0,0.0,0.1,0.0,-0.6000000000000001,0.0,0.0,16.0,25903.0
2026-07-30T19:03:06.410Z,355.893,355.908,-0.1,7.4,0.0,0.0,0.0,0.0,0.0,0.0,0.0,0.0,1.0,0.0,0.0,0.0,9.0,4.0,0.0,0.0,0.0,0.0,0.0,0.0,0.0,0.0,5.0,12.0,1.0,12.17,5.0200000000000005,2.51,1.49,0.0,0.1,0.0,361.4,0.0,-0.7000000000000001,0.2,-1.0,-169.70000000000002,0.0,0.0,169.60000000000002,0.0,21.700000000000003,28.9,28.9,30.9,300.0,300.0,31.700000000000003,35.800000000000004,28.9,28.1,30.0,4.95,1.99,4.97,0.16,0.0,0.0,1027.0,8228.0,0.0,0.0,0.0,0.0,0.0,1.0,0.0,0.0,0.0,0.0,0.0,-0.5,0.0,0.9,0.0,0.0,16.0,25903.0
2026-07-30T19:03:06.422Z,355.905,355.92,-0.1,7.4,0.0,0.0,0.0,0.0,0.0,0.0,0.0,0.0,1.0,0.0,0.0,0.0,9.0,4.0,0.0,0.0,0.0,0.0,0.0,0.0,0.0,0.0,6.0,12.0,1.0,12.17,5.0200000000000005,2.51,1.49,0.0,0.0,0.0,361.3,0.0,-0.1,0.8,1.1,-169.70000000000002,0.0,0.0,169.60000000000002,0.0,21.700000000000003,28.9,28.9,30.9,300.0,300.0,31.700000000000003,35.800000000000004,28.9,28.1,30.0,4.95,2.0,4.97,0.16,0.0,0.0,1027.0,8228.0,0.0,0.0,0.0,0.0,0.0,1.0,0.0,0.0,0.0,0.0,0.0,1.8,0.0,-0.8,0.0,0.0,16.0,25903.0
2026-07-30T19:03:06.434Z,355.917,355.932,-0.1,7.4,0.0,0.0,0.0,0.0,0.0,0.0,0.0,0.0,1.0,0.0,0.0,0.0,9.0,4.0,0.0,0.0,0.0,0.0,0.0,0.0,0.0,0.0,6.0,12.0,1.0,12.17,5.0200000000000005,2.51,1.49,0.0,0.0,0.0,361.4,0.0,1.6,2.0,1.1,-169.70000000000002,0.0,0.0,169.60000000000002,0.0,21.700000000000003,28.9,28.9,30.9,300.0,300.0,31.700000000000003,35.800000000000004,28.9,28.1,30.0,4.96,1.99,4.97,0.16,0.0,0.0,1027.0,8228.0,0.0,0.0,0.0,0.0,0.0,1.0,0.0,0.0,0.0,0.0,0.0,3.1,0.0,-0.6000000000000001,0.0,0.0,16.0,25903.0
2026-07-30T19:03:06.446Z,355.929,355.944,-0.1,7.4,0.0,0.0,0.0,0.0,0.0,0.0,0.0,0.0,1.0,0.0,0.0,0.0,9.0,4.0,0.0,0.0,0.0,0.0,0.0,0.0,0.0,0.0,1.0,12.0,1.0,12.17,5.0200000000000005,2.51,1.49,0.0,0.0,0.0,361.4,0.0,0.9,0.2,0.0,-169.70000000000002,0.0,0.0,169.70000000000002,0.0,21.700000000000003,28.9,28.9,30.9,300.0,300.0,31.700000000000003,35.800000000000004,28.9,28.1,30.0,4.95,1.99,4.97,0.16,0.0,0.0,1027.0,8228.0,0.0,0.0,0.0,0.0,0.0,1.0,0.0,0.0,0.0,0.0,0.0,0.3,0.0,0.0,0.0,0.0,16.0,25903.0
2026-07-30T19:03:06.458Z,355.941,355.956,-0.1,7.4,0.0,0.0,0.0,0.0,0.0,0.0,0.0,0.0,1.0,0.0,0.0,0.0,9.0,4.0,0.0,0.0,0.0,0.0,0.0,0.0,0.0,0.0,3.0,12.0,1.0,12.17,5.0200000000000005,2.51,1.49,0.0,0.0,0.0,361.3,0.0,0.3,0.8,2.9000000000000004,-169.60000000000002,0.0,0.0,169.60000000000002,0.0,21.700000000000003,28.9,28.9,30.9,300.0,300.0,31.700000000000003,35.800000000000004,28.9,28.1,30.0,4.96,1.99,4.97,0.16,0.0,0.0,1027.0,8228.0,0.0,0.0,0.0,0.0,0.0,1.0,0.0,0.0,0.0,0.0,0.0,3.1,0.0,-2.3000000000000003,0.0,0.0,16.0,25903.0
2026-07-30T19:03:06.470Z,355.953,355.968,0.0,7.4,0.0,0.0,0.0,0.0,0.0,0.0,0.0,0.0,1.0,0.0,0.0,0.0,9.0,4.0,0.0,0.0,0.0,0.0,0.0,0.0,0.0,0.0,4.0,12.0,1.0,12.17,5.0200000000000005,2.51,1.49,0.0,0.0,0.0,361.3,0.0,-0.2,0.2,0.5,-169.60000000000002,0.0,0.0,169.60000000000002,0.0,21.3,28.9,28.9,30.9,300.0,300.0,31.700000000000003,35.800000000000004,28.9,28.1,29.9,4.96,2.0,4.96,0.16,0.0,0.0,1027.0,8228.0,0.0,0.0,0.0,0.0,0.0,1.0,0.0,0.0,0.0,0.0,0.0,0.6000000000000001,0.0,-0.4,0.0,0.0,16.0,25903.0
2026-07-30T19:03:06.481Z,355.964,355.98,0.0,7.4,0.0,0.0,0.0,0.0,0.0,0.0,0.0,0.0,1.0,0.0,0.0,0.0,9.0,4.0,0.0,0.0,0.0,0.0,0.0,0.0,0.0,0.0,5.0,12.0,1.0,12.17,5.0200000000000005,2.51,1.49,0.0,0.0,0.0,361.3,0.0,0.9,2.0,1.7000000000000002,-169.60000000000002,0.0,0.0,169.70000000000002,0.0,21.3,28.9,28.9,30.9,300.0,300.0,31.700000000000003,35.800000000000004,28.9,28.1,29.9,4.95,1.99,4.96,0.16,0.0,0.0,1027.0,8228.0,0.0,0.0,0.0,0.0,0.0,1.0,0.0,0.0,0.0,0.0,0.0,3.5,0.0,-1.0,0.0,0.0,16.0,25903.0
2026-07-30T19:03:06.494Z,355.977,355.992,0.0,7.4,0.0,0.0,0.0,0.0,0.0,0.0,0.0,0.0,1.0,0.0,0.0,0.0,9.0,4.0,0.0,0.0,0.0,0.0,0.0,0.0,0.0,0.0,6.0,12.0,1.0,12.17,5.0200000000000005,2.51,1.49,0.0,0.0,0.0,361.4,0.0,0.3,-0.3,0.0,-169.60000000000002,0.0,0.0,169.60000000000002,0.0,21.3,28.9,28.9,30.9,300.0,300.0,31.700000000000003,35.800000000000004,28.9,28.1,29.9,4.95,1.99,4.97,0.16,0.0,0.0,1027.0,8228.0,0.0,0.0,0.0,0.0,0.0,1.0,0.0,0.0,0.0,0.0,0.0,-0.3,0.0,0.0,0.0,0.0,16.0,25903.0
2026-07-30T19:03:06.506Z,355.989,356.004,0.0,7.4,0.0,0.0,0.0,0.0,0.0,0.0,0.0,0.0,1.0,0.0,0.0,0.0,9.0,4.0,0.0,0.0,0.0,0.0,0.0,0.0,0.0,0.0,1.0,12.0,1.0,12.17,5.0200000000000005,2.51,1.49,0.0,0.0,0.0,361.4,0.0,0.3,-0.9,-0.6000000000000001,-169.60000000000002,0.0,0.0,169.8,0.0,21.3,28.9,28.9,30.9,300.0,300.0,31.700000000000003,35.800000000000004,28.9,28.1,29.9,4.96,2.0,4.96,0.16,0.0,0.0,1027.0,8228.0,0.0,0.0,0.0,0.0,0.0,1.0,0.0,0.0,0.0,0.0,0.0,-1.5,0.0,0.3,0.0,0.0,16.0,25903.0
2026-07-30T19:03:06.517Z,356.0,356.016,0.0,7.4,0.0,0.0,0.0,0.0,0.0,0.0,0.0,0.0,1.0,0.0,0.0,0.0,9.0,4.0,0.0,0.0,0.0,0.0,0.0,0.0,0.0,0.0,2.0,12.0,1.0,12.17,5.0200000000000005,2.51,1.49,0.0,0.0,0.0,361.4,0.0,-0.2,0.2,0.0,-169.60000000000002,0.0,0.0,169.60000000000002,0.0,21.3,28.9,28.9,30.9,300.0,300.0,31.700000000000003,35.800000000000004,28.9,28.1,29.9,4.96,1.99,4.97,0.16,0.0,0.0,1027.0,8228.0,0.0,0.0,0.0,0.0,0.0,1.0,0.0,0.0,0.0,0.0,0.0,-0.4,0.0,0.0,0.0,0.0,16.0,25903.0
2026-07-30T19:03:06.530Z,356.013,356.028,0.0,7.4,0.0,0.0,0.0,0.0,0.0,0.0,0.0,0.0,1.0,0.0,0.0,0.0,9.0,4.0,0.0,0.0,0.0,0.0,0.0,0.0,0.0,0.0,3.0,12.0,1.0,12.17,5.0200000000000005,2.51,1.49,0.0,0.0,0.0,361.3,0.0,0.9,0.2,0.0,-169.60000000000002,0.0,0.0,169.8,0.0,21.3,28.9,28.9,30.9,300.0,300.0,31.700000000000003,35.800000000000004,28.9,28.1,29.9,4.95,1.99,4.97,0.16,0.0,0.0,1027.0,8228.0,0.0,0.0,0.0,0.0,0.0,1.0,0.0,0.0,0.0,0.0,0.0,0.1,0.0,0.1,0.0,0.0,16.0,25903.0
2026-07-30T19:03:06.542Z,356.025,356.04,0.0,7.4,0.0,0.0,0.0,0.0,0.0,0.0,0.0,0.0,1.0,0.0,0.0,0.0,9.0,4.0,0.0,0.0,0.0,0.0,0.0,0.0,0.0,0.0,4.0,12.0,1.0,12.17,5.0200000000000005,2.51,1.49,0.0,0.0,0.0,361.4,0.0,-0.2,1.3,0.0,-169.60000000000002,0.0,0.0,169.70000000000002,0.0,21.3,28.9,28.9,30.9,300.0,300.0,31.700000000000003,35.800000000000004,28.9,28.1,29.9,4.95,1.99,4.97,0.16,0.0,0.0,1027.0,8228.0,0.0,0.0,0.0,0.0,0.0,1.0,0.0,0.0,0.0,0.0,0.0,1.5,0.0,0.3,0.0,0.0,16.0,25903.0
2026-07-30T19:03:06.554Z,356.037,356.052,0.0,7.4,0.0,0.0,0.0,0.0,0.0,0.0,0.0,0.0,1.0,0.0,0.0,0.0,9.0,4.0,0.0,0.0,0.0,0.0,0.0,0.0,0.0,0.0,5.0,12.0,1.0,12.17,5.0200000000000005,2.51,1.49,0.0,0.0,0.0,361.4,0.0,0.3,-0.3,-0.6000000000000001,-169.60000000000002,0.0,0.0,169.70000000000002,0.0,21.3,28.9,28.9,30.9,300.0,300.0,31.700000000000003,35.800000000000004,28.9,28.1,29.9,4.96,1.99,4.96,0.16,0.0,0.0,1027.0,8228.0,0.0,0.0,0.0,0.0,0.0,1.0,0.0,0.0,0.0,0.0,0.0,-0.9,0.0,0.5,0.0,0.0,16.0,25903.0
2026-07-30T19:03:06.567Z,356.05,356.064,0.0,7.4,0.0,0.0,0.0,0.0,0.0,0.0,0.0,0.0,1.0,0.0,0.0,0.0,9.0,4.0,0.0,0.0,0.0,0.0,0.0,0.0,0.0,0.0,6.0,12.0,1.0,12.18,5.0200000000000005,2.5,1.49,0.0,0.0,0.0,361.4,0.0,0.3,0.7000000000000001,0.4,-169.60000000000002,0.0,0.0,169.60000000000002,0.0,21.4,28.9,28.9,30.9,300.0,300.0,31.700000000000003,35.800000000000004,28.8,28.1,29.9,4.96,1.99,4.97,0.16,0.0,0.0,1027.0,8228.0,0.0,0.0,0.0,0.0,0.0,1.0,0.0,0.0,0.0,0.0,0.0,0.5,0.0,-0.3,0.0,0.0,16.0,25903.0
2026-07-30T19:03:06.578Z,356.061,356.076,0.0,7.4,0.0,0.0,0.0,0.0,0.0,0.0,0.0,0.0,1.0,0.0,0.0,0.0,9.0,4.0,0.0,0.0,0.0,0.0,0.0,0.0,0.0,0.0,1.0,12.0,1.0,12.18,5.0200000000000005,2.5,1.49,0.0,0.1,0.0,361.3,0.0,0.3,1.3,0.4,-169.60000000000002,0.0,0.0,169.70000000000002,0.0,21.4,28.9,28.9,30.9,300.0,300.0,31.700000000000003,35.800000000000004,28.8,28.1,29.9,4.95,1.99,4.97,0.16,0.0,0.0,1027.0,8228.0,0.0,0.0,0.0,0.0,0.0,1.0,0.0,0.0,0.0,0.0,0.0,-0.9,0.0,0.5,0.0,0.0,16.0,25903.0
2026-07-30T19:03:06.590Z,356.073,356.088,0.0,7.4,0.0,0.0,0.0,0.0,0.0,0.0,0.0,0.0,1.0,0.0,0.0,0.0,9.0,4.0,0.0,0.0,0.0,0.0,0.0,0.0,0.0,0.0,3.0,12.0,1.0,12.18,5.0200000000000005,2.5,1.49,0.0,0.0,0.0,361.3,0.0,0.3,-0.3,-0.1,-169.60000000000002,0.0,0.0,169.70000000000002,0.0,21.4,28.9,28.9,30.9,300.0,300.0,31.700000000000003,35.800000000000004,28.8,28.1,29.9,4.96,1.99,4.96,0.16,0.0,0.0,1027.0,8228.0,0.0,0.0,0.0,0.0,0.0,1.0,0.0,0.0,0.0,0.0,0.0,0.3,0.0,-0.9,0.0,0.0,16.0,25903.0
2026-07-30T19:03:06.602Z,356.085,356.1,0.0,7.4,0.0,0.0,0.0,0.0,0.0,0.0,0.0,0.0,1.0,0.0,0.0,0.0,9.0,4.0,0.0,0.0,0.0,0.0,0.0,0.0,0.0,0.0,4.0,12.0,1.0,12.18,5.0200000000000005,2.5,1.49,0.0,0.0,0.0,361.4,0.0,0.9,0.1,0.4,-169.60000000000002,0.0,0.0,169.60000000000002,0.0,21.4,28.9,28.9,30.9,300.0,300.0,31.700000000000003,35.800000000000004,28.8,28.1,29.9,4.95,2.0,4.96,0.16,0.0,0.0,1027.0,8228.0,0.0,0.0,0.0,0.0,0.0,1.0,0.0,0.0,0.0,0.0,0.0,0.5,0.0,-0.3,0.0,0.0,16.0,25903.0
2026-07-30T19:03:06.614Z,356.097,356.112,0.0,7.4,0.0,0.0,0.0,0.0,0.0,0.0,0.0,0.0,1.0,0.0,0.0,0.0,9.0,4.0,0.0,0.0,0.0,0.0,0.0,0.0,0.0,0.0,5.0,12.0,1.0,12.18,5.0200000000000005,2.5,1.49,0.0,0.0,0.0,361.4,0.0,0.3,0.7000000000000001,0.4,-169.60000000000002,0.0,0.0,169.60000000000002,0.0,21.4,28.9,28.9,30.9,300.0,300.0,31.700000000000003,35.800000000000004,28.8,28.1,29.9,4.95,1.99,4.97,0.16,0.0,0.0,1027.0,8228.0,0.0,0.0,0.0,0.0,0.0,1.0,0.0,0.0,0.0,0.0,0.0,1.1,0.0,-0.2,0.0,0.0,16.0,25903.0
2026-07-30T19:03:06.626Z,356.109,356.124,0.0,7.4,0.0,0.0,0.0,0.0,0.0,0.0,0.0,0.0,1.0,0.0,0.0,0.0,9.0,4.0,0.0,0.0,0.0,0.0,0.0,0.0,0.0,0.0,6.0,12.0,1.0,12.18,5.0200000000000005,2.5,1.49,0.0,0.0,0.0,361.4,0.0,0.3,0.7000000000000001,-1.3,-169.60000000000002,0.0,0.0,169.70000000000002,0.0,21.4,28.9,28.9,30.9,300.0,300.0,31.700000000000003,35.800000000000004,28.8,28.1,29.9,4.96,1.99,4.97,0.16,0.0,0.0,1027.0,8228.0,0.0,0.0,0.0,0.0,0.0,1.0,0.0,0.0,0.0,0.0,0.0,-0.1,0.0,1.3,0.0,0.0,16.0,25903.0
2026-07-30T19:03:06.638Z,356.121,356.136,0.0,7.4,0.0,0.0,0.0,0.0,0.0,0.0,0.0,0.0,1.0,0.0,0.0,0.0,9.0,4.0,0.0,0.0,0.0,0.0,0.0,0.0,0.0,0.0,1.0,12.0,1.0,12.18,5.0200000000000005,2.5,1.49,0.0,0.0,0.0,361.4,0.0,0.8,-0.9,-0.7000000000000001,-169.60000000000002,0.0,0.0,169.60000000000002,0.0,21.4,28.9,28.9,30.9,300.0,300.0,31.700000000000003,35.800000000000004,28.8,28.1,29.9,4.96,1.99,4.96,0.16,0.0,0.0,1027.0,8228.0,0.0,0.0,0.0,0.0,0.0,1.0,0.0,0.0,0.0,0.0,0.0,-1.7000000000000002,0.0,0.4,0.0,0.0,16.0,25903.0
2026-07-30T19:03:06.650Z,356.133,356.148,0.0,7.4,0.0,0.0,0.0,0.0,0.0,0.0,0.0,0.0,1.0,0.0,0.0,0.0,9.0,4.0,0.0,0.0,0.0,0.0,0.0,0.0,0.0,0.0,2.0,12.0,1.0,12.18,5.0200000000000005,2.5,1.49,0.0,0.0,0.0,361.3,0.0,-0.2,-0.4,0.9,-169.60000000000002,0.0,0.0,169.60000000000002,0.0,21.4,28.9,28.9,30.9,300.0,300.0,31.700000000000003,35.800000000000004,28.8,28.1,29.9,4.95,1.99,4.97,0.16,0.0,0.0,1027.0,8228.0,0.0,0.0,0.0,0.0,0.0,1.0,0.0,0.0,0.0,0.0,0.0,0.2,0.0,-0.9,0.0,0.0,16.0,25903.0
2026-07-30T19:03:06.662Z,356.145,356.16,0.0,7.4,0.0,0.0,0.0,0.0,0.0,0.0,0.0,0.0,1.0,0.0,0.0,0.0,9.0,4.0,0.0,0.0,0.0,0.0,0.0,0.0,0.0,0.0,2.0,12.0,1.0,12.18,5.0200000000000005,2.5,1.49,0.0,0.0,0.0,361.3,0.0,0.2,0.1,-0.1,-169.60000000000002,0.0,0.0,169.60000000000002,0.0,21.4,28.9,28.9,30.9,300.0,300.0,31.700000000000003,35.800000000000004,28.8,28.1,29.9,4.95,2.0,4.96,0.16,0.0,0.0,1027.0,8228.0,0.0,0.0,0.0,0.0,0.0,1.0,0.0,0.0,0.0,0.0,0.0,0.0,0.0,0.1,0.0,0.0,16.0,25903.0
2026-07-30T19:03:06.674Z,356.157,356.172,0.0,7.4,0.0,0.0,0.0,0.0,0.0,0.0,0.0,0.0,1.0,0.0,0.0,0.0,9.0,4.0,0.0,0.0,0.0,0.0,0.0,0.0,0.0,0.0,3.0,12.0,1.0,12.17,5.01,2.5,1.49,0.0,0.1,0.0,361.4,0.0,0.2,-1.1,-0.8,-169.60000000000002,0.0,0.0,169.60000000000002,0.0,21.8,28.9,28.9,31.0,300.0,300.0,31.700000000000003,35.800000000000004,28.9,28.1,29.9,4.96,2.0,4.96,0.16,0.0,0.0,1027.0,8228.0,0.0,0.0,0.0,0.0,0.0,1.0,0.0,0.0,0.0,0.0,0.0,-1.8,0.0,0.4,0.0,0.0,16.0,25903.0
2026-07-30T19:03:06.686Z,356.169,356.184,0.0,7.4,0.0,0.0,0.0,0.0,0.0,0.0,0.0,0.0,1.0,0.0,0.0,0.0,9.0,4.0,0.0,0.0,0.0,0.0,0.0,0.0,0.0,0.0,4.0,12.0,1.0,12.17,5.01,2.5,1.49,0.0,0.0,0.0,361.4,0.0,0.2,0.6000000000000001,-0.7000000000000001,-169.60000000000002,0.0,0.0,169.60000000000002,0.0,21.8,28.9,28.9,31.0,300.0,300.0,31.700000000000003,35.800000000000004,28.9,28.1,29.9,4.96,2.0,4.96,0.16,0.0,0.0,1027.0,8228.0,0.0,0.0,0.0,0.0,0.0,1.0,0.0,0.0,0.0,0.0,0.0,0.1,0.0,0.8,0.0,0.0,16.0,25903.0
2026-07-30T19:03:06.698Z,356.181,356.196,0.0,7.4,0.0,0.0,0.0,0.0,0.0,0.0,0.0,0.0,1.0,0.0,0.0,0.0,9.0,4.0,0.0,0.0,0.0,0.0,0.0,0.0,0.0,0.0,5.0,12.0,1.0,12.17,5.01,2.5,1.49,0.0,0.0,0.0,361.3,0.0,0.8,-1.0,-1.3,-169.60000000000002,0.0,0.0,169.60000000000002,0.0,21.8,28.9,28.9,31.0,300.0,300.0,31.700000000000003,35.800000000000004,28.9,28.1,29.9,4.95,1.99,4.97,0.16,0.0,0.0,1027.0,8228.0,0.0,0.0,0.0,0.0,0.0,1.0,0.0,0.0,0.0,0.0,0.0,-2.1,0.0,0.9,0.0,0.0,16.0,25903.0
2026-07-30T19:03:06.710Z,356.193,356.208,0.0,7.4,0.0,0.0,0.0,0.0,0.0,0.0,0.0,0.0,1.0,0.0,0.0,0.0,9.0,4.0,0.0,0.0,0.0,0.0,0.0,0.0,0.0,0.0,6.0,12.0,1.0,12.17,5.01,2.5,1.49,0.0,0.0,0.0,361.4,0.0,0.2,0.6000000000000001,-0.1,-169.60000000000002,0.0,0.0,169.60000000000002,0.0,21.8,28.9,28.9,31.0,300.0,300.0,31.700000000000003,35.800000000000004,28.9,28.1,29.9,4.95,2.0,4.96,0.16,0.0,0.0,1027.0,8228.0,0.0,0.0,0.0,0.0,0.0,1.0,0.0,0.0,0.0,0.0,0.0,0.6000000000000001,0.0,0.2,0.0,0.0,16.0,25903.0
2026-07-30T19:03:06.722Z,356.205,356.22,0.0,7.4,0.0,0.0,0.0,0.0,0.0,0.0,0.0,0.0,1.0,0.0,0.0,0.0,9.0,4.0,0.0,0.0,0.0,0.0,0.0,0.0,0.0,0.0,1.0,12.0,1.0,12.17,5.01,2.5,1.49,0.0,0.0,0.0,361.3,0.0,-0.2,-0.4,-0.1,-169.60000000000002,0.0,0.0,169.70000000000002,0.0,21.8,28.9,28.9,31.0,300.0,300.0,31.700000000000003,35.800000000000004,28.9,28.1,29.9,4.96,1.99,4.96,0.16,0.0,0.0,1027.0,8228.0,0.0,0.0,0.0,0.0,0.0,1.0,0.0,0.0,0.0,0.0,0.0,-0.6000000000000001,0.0,0.0,0.0,0.0,16.0,25903.0
2026-07-30T19:03:06.734Z,356.217,356.232,0.0,7.4,0.0,0.0,0.0,0.0,0.0,0.0,0.0,0.0,1.0,0.0,0.0,0.0,9.0,4.0,0.0,0.0,0.0,0.0,0.0,0.0,0.0,0.0,2.0,12.0,1.0,12.17,5.01,2.5,1.49,0.0,0.0,0.0,361.3,0.0,-0.8,0.0,1.0,-169.60000000000002,0.0,0.0,169.60000000000002,0.0,21.8,28.9,28.9,31.0,300.0,300.0,31.700000000000003,35.800000000000004,28.9,28.1,29.9,4.95,1.99,4.97,0.16,0.0,0.0,1027.0,8228.0,0.0,0.0,0.0,0.0,0.0,1.0,0.0,0.0,0.0,0.0,0.0,0.8,0.0,-0.8,0.0,0.0,16.0,25903.0
2026-07-30T19:03:06.746Z,356.229,356.244,0.0,7.4,0.0,0.0,0.0,0.0,0.0,0.0,0.0,0.0,1.0,0.0,0.0,0.0,9.0,4.0,0.0,0.0,0.0,0.0,0.0,0.0,0.0,0.0,4.0,12.0,1.0,12.17,5.01,2.5,1.49,0.0,0.0,0.0,361.4,0.0,0.3,-0.5,-0.1,-169.60000000000002,0.0,0.0,169.60000000000002,0.0,21.8,28.9,28.9,31.0,300.0,300.0,31.700000000000003,35.800000000000004,28.9,28.1,29.9,4.96,1.99,4.96,0.16,0.0,0.0,1027.0,8228.0,0.0,0.0,0.0,0.0,0.0,1.0,0.0,0.0,0.0,0.0,0.0,-0.6000000000000001,0.0,0.0,0.0,0.0,16.0,25903.0
2026-07-30T19:03:06.758Z,356.241,356.25600000000003,0.0,7.4,0.0,0.0,0.0,0.0,0.0,0.0,0.0,0.0,1.0,0.0,0.0,0.0,9.0,4.0,0.0,0.0,0.0,0.0,0.0,0.0,0.0,0.0,5.0,12.0,1.0,12.17,5.01,2.5,1.49,0.0,0.0,0.0,361.4,0.0,-0.8,0.6000000000000001,1.0,-169.60000000000002,0.0,0.0,169.60000000000002,0.0,21.8,28.9,28.9,31.0,300.0,300.0,31.700000000000003,35.800000000000004,28.9,28.1,29.9,4.96,2.0,4.96,0.16,0.0,0.0,1027.0,8228.0,0.0,0.0,0.0,0.0,0.0,1.0,0.0,0.0,0.0,0.0,0.0,1.5,0.0,-0.8,0.0,0.0,16.0,25903.0
2026-07-30T19:03:06.771Z,356.254,356.26800000000003,0.0,7.4,0.0,0.0,0.0,0.0,0.0,0.0,0.0,0.0,1.0,0.0,0.0,0.0,9.0,4.0,0.0,0.0,0.0,0.0,0.0,0.0,0.0,0.0,6.0,12.0,1.0,12.17,5.0200000000000005,2.51,1.49,0.0,0.0,0.0,361.4,0.0,-0.2,-0.5,-0.1,-169.60000000000002,0.0,0.0,169.60000000000002,0.0,21.3,28.9,28.9,30.9,300.0,300.0,31.8,35.800000000000004,28.9,28.1,29.9,4.95,1.99,4.96,0.16,0.0,0.0,1027.0,8228.0,0.0,0.0,0.0,0.0,0.0,1.0,0.0,0.0,0.0,0.0,0.0,-0.6000000000000001,0.0,0.0,0.0,0.0,16.0,25903.0
2026-07-30T19:03:06.782Z,356.265,356.28000000000003,0.0,7.4,0.0,0.0,0.0,0.0,0.0,0.0,0.0,0.0,1.0,0.0,0.0,0.0,9.0,4.0,0.0,0.0,0.0,0.0,0.0,0.0,0.0,0.0,1.0,12.0,1.0,12.17,5.0200000000000005,2.51,1.49,0.0,0.0,0.0,361.3,0.0,-0.2,0.6000000000000001,0.0,-169.60000000000002,0.0,0.0,169.60000000000002,0.0,21.3,28.9,28.9,30.9,300.0,300.0,31.8,35.800000000000004,28.9,28.1,29.9,4.95,1.99,4.97,0.16,0.0,0.0,1027.0,8228.0,0.0,0.0,0.0,0.0,0.0,1.0,0.0,0.0,0.0,0.0,0.0,0.7000000000000001,0.0,0.1,0.0,0.0,16.0,25903.0
2026-07-30T19:03:06.794Z,356.277,356.29200000000003,0.0,7.4,0.0,0.0,0.0,0.0,0.0,0.0,0.0,0.0,1.0,0.0,0.0,0.0,9.0,4.0,0.0,0.0,0.0,0.0,0.0,0.0,0.0,0.0,2.0,12.0,1.0,12.17,5.0200000000000005,2.51,1.49,0.0,0.0,0.0,361.4,0.0,0.9,0.6000000000000001,0.0,-169.60000000000002,0.0,0.0,169.60000000000002,0.0,21.3,28.9,28.9,30.9,300.0,300.0,31.8,35.800000000000004,28.9,28.1,29.9,4.96,1.99,4.96,0.16,0.0,0.0,1027.0,8228.0,0.0,0.0,0.0,0.0,0.0,1.0,0.0,0.0,0.0,0.0,0.0,0.7000000000000001,0.0,0.2,0.0,0.0,16.0,25903.0
2026-07-30T19:03:06.806Z,356.289,356.30400000000003,0.0,7.4,0.0,0.0,0.0,0.0,0.0,0.0,0.0,0.0,1.0,0.0,0.0,0.0,9.0,4.0,0.0,0.0,0.0,0.0,0.0,0.0,0.0,0.0,3.0,12.0,1.0,12.17,5.0200000000000005,2.51,1.49,0.0,0.0,0.0,361.4,0.0,-0.2,-1.0,-1.2000000000000002,-169.60000000000002,0.0,0.0,169.70000000000002,0.0,21.3,28.9,28.9,30.9,300.0,300.0,31.8,35.800000000000004,28.9,28.1,29.9,4.96,1.99,4.97,0.16,0.0,0.0,1027.0,8228.0,0.0,0.0,0.0,0.0,0.0,1.0,0.0,0.0,0.0,0.0,0.0,-2.1,0.0,0.9,0.0,0.0,16.0,25903.0
2026-07-30T19:03:06.818Z,356.301,356.31600000000003,0.0,7.4,0.0,0.0,0.0,0.0,0.0,0.0,0.0,0.0,1.0,0.0,0.0,0.0,9.0,4.0,0.0,0.0,0.0,0.0,0.0,0.0,0.0,0.0,4.0,12.0,1.0,12.17,5.0200000000000005,2.51,1.49,0.0,0.0,0.0,361.3,0.0,-0.8,0.1,-0.6000000000000001,-169.60000000000002,0.0,0.0,169.8,0.0,21.3,28.9,28.9,30.9,300.0,300.0,31.8,35.800000000000004,28.9,28.1,29.9,4.95,1.99,4.97,0.16,0.0,0.0,1027.0,8228.0,0.0,0.0,0.0,0.0,0.0,1.0,0.0,0.0,0.0,0.0,0.0,-0.3,0.0,0.6000000000000001,0.0,0.0,16.0,25903.0
2026-07-30T19:03:06.830Z,356.313,356.32800000000003,0.0,7.4,0.0,0.0,0.0,0.0,0.0,0.0,0.0,0.0,1.0,0.0,0.0,0.0,9.0,4.0,0.0,0.0,0.0,0.0,0.0,0.0,0.0,0.0,5.0,12.0,1.0,12.17,5.0200000000000005,2.51,1.49,0.0,0.0,0.0,361.4,0.0,0.3,-0.4,0.0,-169.60000000000002,0.0,0.0,169.60000000000002,0.0,21.3,28.9,28.9,30.9,300.0,300.0,31.8,35.800000000000004,28.9,28.1,29.9,4.96,1.99,4.96,0.16,0.0,0.0,1027.0,8228.0,0.0,0.0,0.0,0.0,0.0,1.0,0.0,0.0,0.0,0.0,0.0,-0.6000000000000001,0.0,0.0,0.0,0.0,16.0,25903.0
2026-07-30T19:03:06.841Z,356.324,356.34000000000003,0.0,7.4,0.0,0.0,0.0,0.0,0.0,0.0,0.0,0.0,1.0,0.0,0.0,0.0,9.0,4.0,0.0,0.0,0.0,0.0,0.0,0.0,0.0,0.0,6.0,12.0,1.0,12.17,5.0200000000000005,2.51,1.49,0.0,0.0,0.0,361.4,0.0,-0.2,-0.4,-1.8,-169.60000000000002,0.0,0.0,169.60000000000002,0.0,21.3,28.9,28.9,30.9,300.0,300.0,31.8,35.800000000000004,28.9,28.1,29.9,4.95,2.0,4.96,0.16,0.0,0.0,1027.0,8228.0,0.0,0.0,0.0,0.0,0.0,1.0,0.0,0.0,0.0,0.0,0.0,-1.9,0.0,1.5,0.0,0.0,16.0,25903.0
2026-07-30T19:03:06.854Z,356.337,356.35200000000003,0.0,7.4,0.0,0.0,0.0,0.0,0.0,0.0,0.0,0.0,1.0,0.0,0.0,0.0,9.0,4.0,0.0,0.0,0.0,0.0,0.0,0.0,0.0,0.0,1.0,12.0,1.0,12.17,5.0200000000000005,2.51,1.49,0.0,0.0,0.0,361.3,0.0,-1.4,0.7000000000000001,0.4,-169.60000000000002,0.0,0.0,169.60000000000002,0.0,21.3,28.9,28.9,30.9,300.0,300.0,31.8,35.800000000000004,28.9,28.1,29.9,4.95,1.99,4.97,0.16,0.0,0.0,1027.0,8228.0,0.0,0.0,0.0,0.0,0.0,1.0,0.0,0.0,0.0,0.0,0.0,1.1,0.0,-0.2,0.0,0.0,16.0,25903.0
2026-07-30T19:03:06.866Z,356.349,356.36400000000003,0.0,7.4,0.0,0.0,0.0,0.0,0.0,0.0,0.0,0.0,1.0,0.0,0.0,0.0,9.0,4.0,0.0,0.0,0.0,0.0,0.0,0.0,0.0,0.0,2.0,12.0,1.0,12.17,5.0200000000000005,2.51,1.49,0.0,0.0,0.0,361.4,0.0,0.2,0.1,-0.6000000000000001,-169.60000000000002,0.0,0.0,169.60000000000002,0.0,21.3,28.9,28.9,30.9,300.0,300.0,31.8,35.800000000000004,28.9,28.1,29.9,4.95,1.99,4.97,0.16,0.0,0.0,1027.0,8228.0,0.0,0.0,0.0,0.0,0.0,1.0,0.0,0.0,0.0,0.0,0.0,-0.3,0.0,0.6000000000000001,0.0,0.0,16.0,25903.0
2026-07-30T19:03:06.878Z,356.361,356.37600000000003,0.0,7.4,0.0,0.0,0.0,0.0,0.0,0.0,0.0,0.0,1.0,0.0,0.0,0.0,9.0,4.0,0.0,0.0,0.0,0.0,0.0,0.0,0.0,0.0,3.0,12.0,1.0,12.15,5.01,2.51,1.49,0.0,0.0,0.0,361.4,0.0,-0.3,-1.0,-0.6000000000000001,-169.60000000000002,0.0,0.0,169.60000000000002,0.0,21.700000000000003,28.9,28.9,31.0,300.0,300.0,31.700000000000003,35.800000000000004,28.9,28.1,29.9,4.96,1.99,4.96,0.16,0.0,0.0,1027.0,8228.0,0.0,0.0,0.0,0.0,0.0,1.0,0.0,0.0,0.0,0.0,0.0,-1.6,0.0,0.3,0.0,0.0,16.0,25903.0
2026-07-30T19:03:06.890Z,356.373,356.38800000000003,0.0,7.4,0.0,0.0,0.0,0.0,0.0,0.0,0.0,0.0,1.0,0.0,0.0,0.0,9.0,4.0,0.0,0.0,0.0,0.0,0.0,0.0,0.0,0.0,4.0,12.0,1.0,12.15,5.01,2.51,1.49,0.0,0.0,0.0,361.3,0.0,-0.3,0.7000000000000001,0.4,-169.60000000000002,0.0,0.0,169.70000000000002,0.0,21.700000000000003,28.9,28.9,31.0,300.0,300.0,31.700000000000003,35.800000000000004,28.9,28.1,29.9,4.95,1.99,4.96,0.16,0.0,0.0,1027.0,8228.0,0.0,0.0,0.0,0.0,0.0,1.0,0.0,0.0,0.0,0.0,0.0,1.1,0.0,-0.2,0.0,0.0,16.0,25903.0
2026-07-30T19:03:06.902Z,356.385,356.40000000000003,0.0,7.4,0.0,0.0,0.0,0.0,0.0,0.0,0.0,0.0,1.0,0.0,0.0,0.0,9.0,4.0,0.0,0.0,0.0,0.0,0.0,0.0,0.0,0.0,5.0,12.0,1.0,12.15,5.01,2.51,1.49,0.0,0.0,0.0,361.4,0.0,0.2,0.6000000000000001,-0.6000000000000001,-169.60000000000002,0.0,0.0,169.60000000000002,0.0,21.700000000000003,28.9,28.9,31.0,300.0,300.0,31.700000000000003,35.800000000000004,28.9,28.1,29.9,4.95,1.99,4.96,0.16,0.0,0.0,1027.0,8228.0,0.0,0.0,0.0,0.0,0.0,1.0,0.0,0.0,0.0,0.0,0.0,0.2,0.0,0.7000000000000001,0.0,0.0,16.0,25903.0
2026-07-30T19:03:06.914Z,356.397,356.41200000000003,0.0,7.4,0.0,0.0,0.0,0.0,0.0,0.0,0.0,0.0,1.0,0.0,0.0,0.0,9.0,4.0,0.0,0.0,0.0,0.0,0.0,0.0,0.0,0.0,6.0,12.0,1.0,12.15,5.01,2.51,1.49,0.0,0.0,0.0,361.4,0.0,-0.9,-0.4,1.0,-169.60000000000002,0.0,0.0,169.60000000000002,0.0,21.700000000000003,28.9,28.9,31.0,300.0,300.0,31.700000000000003,35.800000000000004,28.9,28.1,29.9,4.96,1.99,4.96,0.16,0.0,0.0,1027.0,8228.0,0.0,0.0,0.0,0.0,0.0,1.0,0.0,0.0,0.0,0.0,0.0,0.2,0.0,-1.0,0.0,0.0,16.0,25903.0
2026-07-30T19:03:06.926Z,356.409,356.42400000000004,0.0,7.4,0.0,0.0,0.0,0.0,0.0,0.0,0.0,0.0,1.0,0.0,0.0,0.0,9.0,4.0,0.0,0.0,0.0,0.0,0.0,0.0,0.0,0.0,1.0,12.0,1.0,12.15,5.01,2.51,1.49,0.0,0.1,0.0,361.3,0.0,-0.3,0.0,0.4,-169.60000000000002,0.0,0.0,169.60000000000002,0.0,21.700000000000003,28.9,28.9,31.0,300.0,300.0,31.700000000000003,35.800000000000004,28.9,28.1,29.9,4.95,1.99,4.96,0.16,0.0,0.0,1027.0,8228.0,0.0,0.0,0.0,0.0,0.0,1.0,0.0,0.0,0.0,0.0,0.0,0.4,0.0,-0.4,0.0,0.0,16.0,25903.0
2026-07-30T19:03:06.937Z,356.42,356.43600000000004,0.0,7.4,0.0,0.0,0.0,0.0,0.0,0.0,0.0,0.0,1.0,0.0,0.0,0.0,9.0,4.0,0.0,0.0,0.0,0.0,0.0,0.0,0.0,0.0,2.0,12.0,1.0,12.15,5.01,2.51,1.49,0.0,0.0,0.0,361.3,0.0,0.8,-0.4,-0.6000000000000001,-169.60000000000002,0.0,0.0,169.60000000000002,0.0,21.700000000000003,28.9,28.9,31.0,300.0,300.0,31.700000000000003,35.800000000000004,28.9,28.1,29.9,4.95,1.99,4.97,0.16,0.0,0.0,1027.0,8228.0,0.0,0.0,0.0,0.0,0.0,1.0,0.0,0.0,0.0,0.0,0.0,-1.0,0.0,0.5,0.0,0.0,16.0,25903.0
2026-07-30T19:03:06.950Z,356.433,356.448,0.0,7.4,0.0,0.0,0.0,0.0,0.0,0.0,0.0,0.0,1.0,0.0,0.0,0.0,9.0,4.0,0.0,0.0,0.0,0.0,0.0,0.0,0.0,0.0,3.0,12.0,1.0,12.15,5.01,2.51,1.49,0.0,0.1,0.0,361.4,0.0,-0.2,0.1,0.5,-169.60000000000002,0.0,0.0,169.60000000000002,0.0,21.700000000000003,28.9,28.9,31.0,300.0,300.0,31.700000000000003,35.800000000000004,28.9,28.1,29.9,4.95,1.99,4.96,0.16,0.0,0.0,1027.0,8228.0,0.0,0.0,0.0,0.0,0.0,1.0,0.0,0.0,0.0,0.0,0.0,0.5,0.0,-0.4,0.0,0.0,16.0,25903.0
2026-07-30T19:03:06.962Z,356.445,356.46,0.0,7.4,0.0,0.0,0.0,0.0,0.0,0.0,0.0,0.0,1.0,0.0,0.0,0.0,9.0,4.0,0.0,0.0,0.0,0.0,0.0,0.0,0.0,0.0,5.0,12.0,1.0,12.15,5.01,2.51,1.49,0.0,0.0,0.0,361.3,0.0,0.2,0.6000000000000001,-0.6000000000000001,-169.60000000000002,0.0,0.0,169.60000000000002,0.0,21.700000000000003,28.9,28.9,31.0,300.0,300.0,31.700000000000003,35.800000000000004,28.9,28.1,29.9,4.96,1.99,4.96,0.16,0.0,0.0,1027.0,8228.0,0.0,0.0,0.0,0.0,0.0,1.0,0.0,0.0,0.0,0.0,0.0,0.3,0.0,0.6000000000000001,0.0,0.0,16.0,25903.0
2026-07-30T19:03:06.975Z,356.458,356.472,0.0,7.4,0.0,0.0,0.0,0.0,0.0,0.0,0.0,0.0,1.0,0.0,0.0,0.0,9.0,4.0,0.0,0.0,0.0,0.0,0.0,0.0,0.0,0.0,6.0,12.0,1.0,12.14,5.01,2.51,1.49,0.0,0.1,0.0,361.4,0.0,-0.3,0.6000000000000001,1.7000000000000002,-169.60000000000002,0.0,0.0,169.60000000000002,0.0,21.3,28.9,28.9,30.9,300.0,300.0,31.5,35.800000000000004,28.9,28.1,29.9,4.96,1.99,4.96,0.16,0.0,0.0,1027.0,8228.0,0.0,0.0,0.0,0.0,0.0,1.0,0.0,0.0,0.0,0.0,0.0,2.0,0.0,-1.3,0.0,0.0,16.0,25903.0
2026-07-30T19:03:06.986Z,356.469,356.484,0.0,7.4,0.0,0.0,0.0,0.0,0.0,0.0,0.0,0.0,1.0,0.0,0.0,0.0,9.0,4.0,0.0,0.0,0.0,0.0,0.0,0.0,0.0,0.0,6.0,12.0,1.0,12.14,5.01,2.51,1.49,0.0,0.1,0.0,361.3,0.0,-0.8,-1.1,-0.6000000000000001,-169.60000000000002,0.0,0.0,169.60000000000002,0.0,21.3,28.9,28.9,30.9,300.0,300.0,31.5,35.800000000000004,28.9,28.1,29.9,4.96,1.99,4.97,0.16,0.0,0.0,1027.0,8228.0,0.0,0.0,0.0,0.0,0.0,1.0,0.0,0.0,0.0,0.0,0.0,-1.7000000000000002,0.0,0.3,0.0,0.0,16.0,25903.0
2026-07-30T19:03:06.998Z,356.481,356.496,0.0,7.4,0.0,0.0,0.0,0.0,0.0,0.0,0.0,0.0,1.0,0.0,0.0,0.0,9.0,4.0,0.0,0.0,0.0,0.0,0.0,0.0,0.0,0.0,1.0,12.0,1.0,12.14,5.01,2.51,1.49,0.0,0.0,0.0,361.4,0.0,-0.2,0.0,-0.6000000000000001,-169.60000000000002,0.0,0.0,169.8,0.0,21.3,28.9,28.9,30.9,300.0,300.0,31.5,35.800000000000004,28.9,28.1,29.9,4.96,1.99,4.96,0.16,0.0,0.0,1027.0,8228.0,0.0,0.0,0.0,0.0,0.0,1.0,0.0,0.0,0.0,0.0,0.0,-0.3,0.0,0.5,0.0,0.0,16.0,25903.0
2026-07-30T19:03:07.010Z,356.493,356.508,0.0,7.4,0.0,0.0,0.0,0.0,0.0,0.0,0.0,0.0,1.0,0.0,0.0,0.0,9.0,4.0,0.0,0.0,0.0,0.0,0.0,0.0,0.0,0.0,3.0,12.0,1.0,12.14,5.01,2.51,1.49,0.0,0.0,0.0,361.4,0.0,-0.2,0.6000000000000001,0.5,-169.60000000000002,0.0,0.0,169.70000000000002,0.0,21.3,28.9,28.9,30.9,300.0,300.0,31.5,35.800000000000004,28.9,28.1,29.9,4.95,1.99,4.96,0.16,0.0,0.0,1027.0,8228.0,0.0,0.0,0.0,0.0,0.0,1.0,0.0,0.0,0.0,0.0,0.0,1.1,0.0,-0.3,0.0,0.0,16.0,25903.0
2026-07-30T19:03:07.022Z,356.505,356.52,0.0,7.4,0.0,0.0,0.0,0.0,0.0,0.0,0.0,0.0,1.0,0.0,0.0,0.0,9.0,4.0,0.0,0.0,0.0,0.0,0.0,0.0,0.0,0.0,4.0,12.0,1.0,12.14,5.01,2.51,1.49,0.0,0.0,0.0,361.3,0.0,-0.2,-0.4,0.0,-169.60000000000002,0.0,0.0,169.60000000000002,0.0,21.3,28.9,28.9,30.9,300.0,300.0,31.5,35.800000000000004,28.9,28.1,29.9,4.95,1.99,4.97,0.16,0.0,0.0,1027.0,8228.0,0.0,0.0,0.0,0.0,0.0,1.0,0.0,0.0,0.0,0.0,0.0,0.1,0.0,0.0,0.0,0.0,16.0,25903.0
2026-07-30T19:03:07.034Z,356.517,356.532,0.0,7.4,0.0,0.0,0.0,0.0,0.0,0.0,0.0,0.0,1.0,0.0,0.0,0.0,9.0,4.0,0.0,0.0,0.0,0.0,0.0,0.0,0.0,0.0,5.0,12.0,1.0,12.14,5.01,2.51,1.49,0.0,0.0,0.0,361.4,0.0,-0.2,-1.0,0.0,-169.60000000000002,0.0,0.0,169.60000000000002,0.0,21.3,28.9,28.9,30.9,300.0,300.0,31.5,35.800000000000004,28.9,28.1,29.9,4.96,1.99,4.96,0.16,0.0,0.0,1027.0,8228.0,0.0,0.0,0.0,0.0,0.0,1.0,0.0,0.0,0.0,0.0,0.0,-1.1,0.0,-0.1,0.0,0.0,16.0,25903.0
2026-07-30T19:03:07.046Z,356.529,356.544,0.0,7.4,0.0,0.0,0.0,0.0,0.0,0.0,0.0,0.0,1.0,0.0,0.0,0.0,9.0,4.0,0.0,0.0,0.0,0.0,0.0,0.0,0.0,0.0,6.0,12.0,1.0,12.14,5.01,2.51,1.49,0.0,0.0,0.0,361.4,0.0,-0.2,-0.4,-0.5,-169.60000000000002,0.0,0.0,169.70000000000002,0.0,21.3,28.9,28.9,30.9,300.0,300.0,31.5,35.800000000000004,28.9,28.1,29.9,4.96,1.99,4.96,0.16,0.0,0.0,1027.0,8228.0,0.0,0.0,0.0,0.0,0.0,1.0,0.0,0.0,0.0,0.0,0.0,-0.9,0.0,0.4,0.0,0.0,16.0,25903.0
2026-07-30T19:03:07.058Z,356.541,356.556,0.0,7.4,0.0,0.0,0.0,0.0,0.0,0.0,0.0,0.0,1.0,0.0,0.0,0.0,9.0,4.0,0.0,0.0,0.0,0.0,0.0,0.0,0.0,0.0,1.0,12.0,1.0,12.14,5.01,2.51,1.49,0.0,0.0,0.0,361.4,0.0,0.3,0.2,-0.5,-169.60000000000002,0.0,0.0,169.60000000000002,0.0,21.3,28.9,28.9,30.9,300.0,300.0,31.5,35.800000000000004,28.9,28.1,29.9,4.95,1.99,4.96,0.16,0.0,0.0,1027.0,8228.0,0.0,0.0,0.0,0.0,0.0,1.0,0.0,0.0,0.0,0.0,0.0,-0.1,0.0,0.5,0.0,0.0,16.0,25903.0
2026-07-30T19:03:07.070Z,356.553,356.568,0.0,7.4,0.0,0.0,0.0,0.0,0.0,0.0,0.0,0.0,1.0,0.0,0.0,0.0,9.0,4.0,0.0,0.0,0.0,0.0,0.0,0.0,0.0,0.0,2.0,12.0,1.0,12.14,5.01,2.51,1.49,0.0,0.0,0.0,361.4,0.0,0.3,0.2,1.7000000000000002,-169.60000000000002,0.0,0.0,169.60000000000002,0.0,21.3,28.9,28.9,30.9,300.0,300.0,31.5,35.800000000000004,28.9,28.1,29.9,4.96,1.99,4.96,0.16,0.0,0.0,1027.0,8228.0,0.0,0.0,0.0,0.0,0.0,1.0,0.0,0.0,0.0,0.0,0.0,1.6,0.0,-1.5,0.0,0.0,16.0,25903.0
2026-07-30T19:03:07.082Z,356.565,356.58,0.0,7.4,0.0,0.0,0.0,0.0,0.0,0.0,0.0,0.0,1.0,0.0,0.0,0.0,9.0,4.0,0.0,0.0,0.0,0.0,0.0,0.0,0.0,0.0,3.0,12.0,1.0,12.15,5.01,2.5,1.49,0.0,0.0,0.0,361.4,0.0,-0.2,0.2,0.6000000000000001,-169.60000000000002,0.0,0.0,169.70000000000002,0.0,21.8,28.9,28.9,30.9,300.0,300.0,31.6,35.800000000000004,28.9,28.1,29.9,4.96,2.0,4.97,0.16,0.0,0.0,1027.0,8228.0,0.0,0.0,0.0,0.0,0.0,1.0,0.0,0.0,0.0,0.0,0.0,0.4,0.0,-1.1,0.0,0.0,16.0,25903.0
2026-07-30T19:03:07.093Z,356.576,356.592,0.0,7.4,0.0,0.0,0.0,0.0,0.0,0.0,0.0,0.0,1.0,0.0,0.0,0.0,9.0,4.0,0.0,0.0,0.0,0.0,0.0,0.0,0.0,0.0,4.0,12.0,1.0,12.15,5.01,2.5,1.49,0.0,0.0,0.0,361.3,0.0,-0.2,-0.3,0.0,-169.60000000000002,0.0,0.0,169.70000000000002,0.0,21.8,28.9,28.9,30.9,300.0,300.0,31.6,35.800000000000004,28.9,28.1,29.9,4.96,1.99,4.97,0.16,0.0,0.0,1027.0,8228.0,0.0,0.0,0.0,0.0,0.0,1.0,0.0,0.0,0.0,0.0,0.0,0.6000000000000001,0.0,-0.4,0.0,0.0,16.0,25903.0
2026-07-30T19:03:07.106Z,356.589,356.604,0.0,7.4,0.0,0.0,0.0,0.0,0.0,0.0,0.0,0.0,1.0,0.0,0.0,0.0,9.0,4.0,0.0,0.0,0.0,0.0,0.0,0.0,0.0,0.0,5.0,12.0,1.0,12.15,5.01,2.5,1.49,0.0,0.1,0.0,361.4,0.0,0.3,-0.3,0.0,-169.60000000000002,0.0,0.0,169.70000000000002,0.0,21.8,28.9,28.9,30.9,300.0,300.0,31.6,35.800000000000004,28.9,28.1,29.9,4.95,2.0,4.97,0.16,0.0,0.0,1027.0,8228.0,0.0,0.0,0.0,0.0,0.0,1.0,0.0,0.0,0.0,0.0,0.0,1.5,0.0,-1.4,0.0,0.0,16.0,25903.0
2026-07-30T19:03:07.118Z,356.601,356.616,0.0,7.4,0.0,0.0,0.0,0.0,0.0,0.0,0.0,0.0,1.0,0.0,0.0,0.0,9.0,4.0,0.0,0.0,0.0,0.0,0.0,0.0,0.0,0.0,6.0,12.0,1.0,12.15,5.01,2.5,1.49,0.0,0.0,0.0,361.4,0.0,-0.7000000000000001,-0.3,-1.1,-169.60000000000002,0.0,0.0,169.70000000000002,0.0,21.8,28.9,28.9,30.9,300.0,300.0,31.6,35.800000000000004,28.9,28.1,29.9,4.96,2.0,4.96,0.16,0.0,0.0,1027.0,8228.0,0.0,0.0,0.0,0.0,0.0,1.0,0.0,0.0,0.0,0.0,0.0,-1.2000000000000002,0.0,0.9,0.0,0.0,16.0,25903.0
2026-07-30T19:03:07.130Z,356.613,356.628,0.0,7.4,0.0,0.0,0.0,0.0,0.0,0.0,0.0,0.0,1.0,0.0,0.0,0.0,9.0,4.0,0.0,0.0,0.0,0.0,0.0,0.0,0.0,0.0,1.0,12.0,1.0,12.15,5.01,2.5,1.49,0.0,0.0,0.0,361.4,0.0,0.3,-0.9,0.0,-169.60000000000002,0.0,0.0,169.8,0.0,21.8,28.9,28.9,30.9,300.0,300.0,31.6,35.800000000000004,28.9,28.1,29.9,4.95,1.99,4.97,0.16,0.0,0.0,1027.0,8228.0,0.0,0.0,0.0,0.0,0.0,1.0,0.0,0.0,0.0,0.0,0.0,-1.0,0.0,-0.2,0.0,0.0,16.0,25903.0
2026-07-30T19:03:07.142Z,356.625,356.64,0.0,7.4,0.0,0.0,0.0,0.0,0.0,0.0,0.0,0.0,1.0,0.0,0.0,0.0,9.0,4.0,0.0,0.0,0.0,0.0,0.0,0.0,0.0,0.0,3.0,12.0,1.0,12.15,5.01,2.5,1.49,0.0,0.1,0.0,361.4,0.0,0.4,0.7000000000000001,0.0,-169.60000000000002,0.0,0.0,169.70000000000002,0.0,21.8,28.9,28.9,30.9,300.0,300.0,31.6,35.800000000000004,28.9,28.1,29.9,4.95,1.99,4.96,0.16,0.0,0.0,1027.0,8228.0,0.0,0.0,0.0,0.0,0.0,1.0,0.0,0.0,0.0,0.0,0.0,0.9,0.0,0.1,0.0,0.0,16.0,25903.0
2026-07-30T19:03:07.154Z,356.637,356.652,0.0,7.4,0.0,0.0,0.0,0.0,0.0,0.0,0.0,0.0,1.0,0.0,0.0,0.0,9.0,4.0,0.0,0.0,0.0,0.0,0.0,0.0,0.0,0.0,3.0,12.0,1.0,12.15,5.01,2.5,1.49,0.0,0.1,0.0,361.3,0.0,0.3,0.7000000000000001,1.7000000000000002,-169.60000000000002,0.0,0.0,169.60000000000002,0.0,21.8,28.9,28.9,30.9,300.0,300.0,31.6,35.800000000000004,28.9,28.1,29.9,4.96,1.99,4.96,0.16,0.0,0.0,1027.0,8228.0,0.0,0.0,0.0,0.0,0.0,1.0,0.0,0.0,0.0,0.0,0.0,2.2,0.0,-1.3,0.0,0.0,16.0,25903.0
2026-07-30T19:03:07.166Z,356.649,356.664,0.0,7.4,0.0,0.0,0.0,0.0,0.0,0.0,0.0,0.0,1.0,0.0,0.0,0.0,9.0,4.0,0.0,0.0,0.0,0.0,0.0,0.0,0.0,0.0,5.0,12.0,1.0,12.15,5.01,2.5,1.49,0.0,0.1,0.0,361.4,0.0,0.4,0.2,1.7000000000000002,-169.60000000000002,0.0,0.0,169.70000000000002,0.0,21.8,28.9,28.9,30.9,300.0,300.0,31.6,35.800000000000004,28.9,28.1,29.9,4.95,1.99,4.96,0.16,0.0,0.0,1027.0,8228.0,0.0,0.0,0.0,0.0,0.0,1.0,0.0,0.0,0.0,0.0,0.0,1.5,0.0,-1.5,0.0,0.0,16.0,25903.0
2026-07-30T19:03:07.179Z,356.662,356.676,0.0,7.4,0.0,0.0,0.0,0.0,0.0,0.0,0.0,0.0,1.0,0.0,0.0,0.0,9.0,4.0,0.0,0.0,0.0,0.0,0.0,0.0,0.0,0.0,6.0,12.0,1.0,12.17,5.01,2.51,1.49,0.0,0.0,0.0,361.4,0.0,-0.1,-0.4,-0.5,-169.60000000000002,0.0,0.0,169.70000000000002,0.0,21.3,28.9,28.9,30.9,300.0,300.0,31.700000000000003,35.800000000000004,28.9,28.1,29.9,4.95,1.99,4.97,0.16,0.0,0.0,1027.0,8228.0,0.0,0.0,0.0,0.0,0.0,1.0,0.0,0.0,0.0,0.0,0.0,-0.8,0.0,0.4,0.0,0.0,16.0,25903.0
2026-07-30T19:03:07.190Z,356.673,356.688,0.0,7.4,0.0,0.0,0.0,0.0,0.0,0.0,0.0,0.0,1.0,0.0,0.0,0.0,9.0,4.0,0.0,0.0,0.0,0.0,0.0,0.0,0.0,0.0,1.0,12.0,1.0,12.17,5.01,2.51,1.49,0.0,0.0,0.0,361.4,0.0,0.3,0.2,0.0,-169.60000000000002,0.0,0.0,169.70000000000002,0.0,21.3,28.9,28.9,30.9,300.0,300.0,31.700000000000003,35.800000000000004,28.9,28.1,29.9,4.95,1.99,4.96,0.16,0.0,0.0,1027.0,8228.0,0.0,0.0,0.0,0.0,0.0,1.0,0.0,0.0,0.0,0.0,0.0,0.2,0.0,0.0,0.0,0.0,16.0,25903.0
2026-07-30T19:03:07.201Z,356.684,356.7,0.0,7.4,0.0,0.0,0.0,0.0,0.0,0.0,0.0,0.0,1.0,0.0,0.0,0.0,9.0,4.0,0.0,0.0,0.0,0.0,0.0,0.0,0.0,0.0,2.0,12.0,1.0,12.17,5.01,2.51,1.49,0.0,0.0,0.0,361.4,0.0,0.3,0.8,0.0,-169.60000000000002,0.0,0.0,169.70000000000002,0.0,21.3,28.9,28.9,30.9,300.0,300.0,31.700000000000003,35.800000000000004,28.9,28.1,29.9,4.96,1.99,4.96,0.16,0.0,0.0,1027.0,8228.0,0.0,0.0,0.0,0.0,0.0,1.0,0.0,0.0,0.0,0.0,0.0,0.9,0.0,0.1,0.0,0.0,16.0,25903.0
2026-07-30T19:03:07.214Z,356.697,356.712,0.0,7.4,0.0,0.0,0.0,0.0,0.0,0.0,0.0,0.0,1.0,0.0,0.0,0.0,9.0,4.0,0.0,0.0,0.0,0.0,0.0,0.0,0.0,0.0,3.0,12.0,1.0,12.17,5.01,2.51,1.49,0.0,0.0,0.0,361.4,0.0,-0.2,0.7000000000000001,1.1,-169.60000000000002,0.0,0.0,169.60000000000002,0.0,21.3,28.9,28.9,30.9,300.0,300.0,31.700000000000003,35.800000000000004,28.9,28.1,29.9,4.95,1.99,4.97,0.16,0.0,0.0,1027.0,8228.0,0.0,0.0,0.0,0.0,0.0,1.0,0.0,0.0,0.0,0.0,0.0,1.7000000000000002,0.0,-0.8,0.0,0.0,16.0,25903.0
2026-07-30T19:03:07.226Z,356.709,356.724,0.0,7.4,0.0,0.0,0.0,0.0,0.0,0.0,0.0,0.0,1.0,0.0,0.0,0.0,9.0,4.0,0.0,0.0,0.0,0.0,0.0,0.0,0.0,0.0,5.0,12.0,1.0,12.17,5.01,2.51,1.49,0.0,0.0,0.0,361.3,0.0,0.4,-0.9,0.0,-169.60000000000002,0.0,0.0,169.60000000000002,0.0,21.3,28.9,28.9,30.9,300.0,300.0,31.700000000000003,35.800000000000004,28.9,28.1,29.9,4.96,2.0,4.96,0.16,0.0,0.0,1027.0,8228.0,0.0,0.0,0.0,0.0,0.0,1.0,0.0,0.0,0.0,0.0,0.0,-1.1,0.0,-0.1,0.0,0.0,16.0,25903.0
2026-07-30T19:03:07.238Z,356.721,356.736,0.0,7.4,0.0,0.0,0.0,0.0,0.0,0.0,0.0,0.0,1.0,0.0,0.0,0.0,9.0,4.0,0.0,0.0,0.0,0.0,0.0,0.0,0.0,0.0,6.0,12.0,1.0,12.17,5.01,2.51,1.49,0.0,0.0,0.0,361.3,0.0,-0.1,0.7000000000000001,0.0,-169.60000000000002,0.0,0.0,169.60000000000002,0.0,21.3,28.9,28.9,30.9,300.0,300.0,31.700000000000003,35.800000000000004,28.9,28.1,29.9,4.96,1.99,4.96,0.16,0.0,0.0,1027.0,8228.0,0.0,0.0,0.0,0.0,0.0,1.0,0.0,0.0,0.0,0.0,0.0,0.7000000000000001,0.0,0.2,0.0,0.0,16.0,25903.0
2026-07-30T19:03:07.250Z,356.733,356.748,0.0,7.4,0.0,0.0,0.0,0.0,0.0,0.0,0.0,0.0,1.0,0.0,0.0,0.0,9.0,4.0,0.0,0.0,0.0,0.0,0.0,0.0,0.0,0.0,1.0,12.0,1.0,12.17,5.01,2.51,1.49,0.0,0.0,0.0,361.4,0.0,-0.1,-0.4,-1.2000000000000002,-169.60000000000002,0.0,0.0,169.70000000000002,0.0,21.3,28.9,28.9,30.9,300.0,300.0,31.700000000000003,35.800000000000004,28.9,28.1,29.9,4.96,1.99,4.96,0.16,0.0,0.0,1027.0,8228.0,0.0,0.0,0.0,0.0,0.0,1.0,0.0,0.0,0.0,0.0,0.0,-1.3,0.0,0.9,0.0,0.0,16.0,25903.0
2026-07-30T19:03:07.262Z,356.745,356.76,0.0,7.4,0.0,0.0,0.0,0.0,0.0,0.0,0.0,0.0,1.0,0.0,0.0,0.0,9.0,4.0,0.0,0.0,0.0,0.0,0.0,0.0,0.0,0.0,2.0,12.0,1.0,12.17,5.01,2.51,1.49,0.0,0.0,0.0,361.4,0.0,-0.2,0.1,0.0,-169.60000000000002,0.0,0.0,169.70000000000002,0.0,21.3,28.9,28.9,30.9,300.0,300.0,31.700000000000003,35.800000000000004,28.9,28.1,29.9,4.95,1.99,4.97,0.16,0.0,0.0,1027.0,8228.0,0.0,0.0,0.0,0.0,0.0,1.0,0.0,0.0,0.0,0.0,0.0,0.0,0.0,0.1,0.0,0.0,16.0,25903.0
2026-07-30T19:03:07.274Z,356.757,356.772,0.0,7.4,0.0,0.0,0.0,0.0,0.0,0.0,0.0,0.0,1.0,0.0,0.0,0.0,9.0,4.0,0.0,0.0,0.0,0.0,0.0,0.0,0.0,0.0,3.0,12.0,1.0,12.17,5.01,2.51,1.49,0.0,0.0,0.0,361.4,0.0,-0.8,0.1,1.0,-169.60000000000002,0.0,0.0,169.8,0.0,21.3,28.9,28.9,30.9,300.0,300.0,31.700000000000003,35.800000000000004,28.9,28.1,29.9,4.96,1.99,4.96,0.16,0.0,0.0,1027.0,8228.0,0.0,0.0,0.0,0.0,0.0,1.0,0.0,0.0,0.0,0.0,0.0,0.9,0.0,-0.9,0.0,0.0,16.0,25903.0
2026-07-30T19:03:07.286Z,356.769,356.784,0.0,7.4,0.0,0.0,0.0,0.0,0.0,0.0,0.0,0.0,1.0,0.0,0.0,0.0,9.0,4.0,0.0,0.0,0.0,0.0,0.0,0.0,0.0,0.0,4.0,12.0,1.0,12.18,5.0200000000000005,2.5,1.49,0.0,0.0,0.0,361.4,0.0,-0.1,-0.4,0.0,-169.60000000000002,0.0,0.0,169.60000000000002,0.0,21.700000000000003,28.9,28.9,30.9,300.0,300.0,31.700000000000003,35.800000000000004,28.9,28.1,29.9,4.96,1.99,4.97,0.16,0.0,0.0,1027.0,8228.0,0.0,0.0,0.0,0.0,0.0,1.0,0.0,0.0,0.0,0.0,0.0,-0.5,0.0,0.0,0.0,0.0,16.0,25903.0
2026-07-30T19:03:07.297Z,356.78,356.796,0.0,7.4,0.0,0.0,0.0,0.0,0.0,0.0,0.0,0.0,1.0,0.0,0.0,0.0,9.0,4.0,0.0,0.0,0.0,0.0,0.0,0.0,0.0,0.0,6.0,12.0,1.0,12.18,5.0200000000000005,2.5,1.49,0.0,0.0,0.0,361.4,0.0,0.4,0.1,-1.2000000000000002,-169.60000000000002,0.0,0.0,169.60000000000002,0.0,21.700000000000003,28.9,28.9,30.9,300.0,300.0,31.700000000000003,35.800000000000004,28.9,28.1,29.9,4.96,1.99,4.97,0.16,0.0,0.0,1027.0,8228.0,0.0,0.0,0.0,0.0,0.0,1.0,0.0,0.0,0.0,0.0,0.0,-0.7000000000000001,0.0,1.1,0.0,0.0,16.0,25903.0
2026-07-30T19:03:07.310Z,356.793,356.808,0.0,7.4,0.0,0.0,0.0,0.0,0.0,0.0,0.0,0.0,1.0,0.0,0.0,0.0,9.0,4.0,0.0,0.0,0.0,0.0,0.0,0.0,0.0,0.0,1.0,12.0,1.0,12.18,5.0200000000000005,2.5,1.49,0.0,0.0,0.0,361.4,0.0,1.0,0.1,1.0,-169.60000000000002,0.0,0.0,169.8,0.0,21.700000000000003,28.9,28.9,30.9,300.0,300.0,31.700000000000003,35.800000000000004,28.9,28.1,29.9,4.96,1.99,4.97,0.16,0.0,0.0,1027.0,8228.0,0.0,0.0,0.0,0.0,0.0,1.0,0.0,0.0,0.0,0.0,0.0,0.9,0.0,-0.8,0.0,0.0,16.0,25903.0
2026-07-30T19:03:07.322Z,356.805,356.82,0.0,7.4,0.0,0.0,0.0,0.0,0.0,0.0,0.0,0.0,1.0,0.0,0.0,0.0,9.0,4.0,0.0,0.0,0.0,0.0,0.0,0.0,0.0,0.0,2.0,12.0,1.0,12.18,5.0200000000000005,2.5,1.49,0.0,0.0,0.0,361.3,0.0,-0.7000000000000001,0.6000000000000001,0.4,-169.60000000000002,0.0,0.0,169.70000000000002,0.0,21.700000000000003,28.9,28.9,30.9,300.0,300.0,31.700000000000003,35.800000000000004,28.9,28.1,29.9,4.96,1.99,4.96,0.16,0.0,0.0,1027.0,8228.0,0.0,0.0,0.0,0.0,0.0,1.0,0.0,0.0,0.0,0.0,0.0,1.1,0.0,-0.2,0.0,0.0,16.0,25903.0
2026-07-30T19:03:07.334Z,356.817,356.832,0.0,7.4,0.0,0.0,0.0,0.0,0.0,0.0,0.0,0.0,1.0,0.0,0.0,0.0,9.0,4.0,0.0,0.0,0.0,0.0,0.0,0.0,0.0,0.0,4.0,12.0,1.0,12.18,5.0200000000000005,2.5,1.49,0.0,0.0,0.0,361.3,0.0,1.5,1.2000000000000002,-0.6000000000000001,-169.60000000000002,0.0,0.0,169.60000000000002,0.0,21.700000000000003,28.9,28.9,30.9,300.0,300.0,31.700000000000003,35.800000000000004,28.9,28.1,29.9,4.96,2.0,4.97,0.16,0.0,0.0,1027.0,8228.0,0.0,0.0,0.0,0.0,0.0,1.0,0.0,0.0,0.0,0.0,0.0,0.9,0.0,0.8,0.0,0.0,16.0,25903.0
2026-07-30T19:03:07.346Z,356.829,356.844,0.0,7.4,0.0,0.0,0.0,0.0,0.0,0.0,0.0,0.0,1.0,0.0,0.0,0.0,9.0,4.0,0.0,0.0,0.0,0.0,0.0,0.0,0.0,0.0,4.0,12.0,1.0,12.18,5.0200000000000005,2.5,1.49,0.0,0.0,0.0,361.4,0.0,-0.7000000000000001,0.1,0.4,-169.60000000000002,0.0,0.0,169.70000000000002,0.0,21.700000000000003,28.9,28.9,30.9,300.0,300.0,31.700000000000003,35.800000000000004,28.9,28.1,29.9,4.95,2.0,4.97,0.16,0.0,0.0,1027.0,8228.0,0.0,0.0,0.0,0.0,0.0,1.0,0.0,0.0,0.0,0.0,0.0,0.5,0.0,-0.3,0.0,0.0,16.0,25903.0
2026-07-30T19:03:07.358Z,356.841,356.856,0.0,7.4,0.0,0.0,0.0,0.0,0.0,0.0,0.0,0.0,1.0,0.0,0.0,0.0,9.0,4.0,0.0,0.0,0.0,0.0,0.0,0.0,0.0,0.0,5.0,12.0,1.0,12.18,5.0200000000000005,2.5,1.49,0.0,0.0,0.0,361.3,0.0,-0.1,0.6000000000000001,0.0,-169.60000000000002,0.0,0.0,169.60000000000002,0.0,21.700000000000003,28.9,28.9,30.9,300.0,300.0,31.700000000000003,35.800000000000004,28.9,28.1,29.9,4.96,2.0,4.96,0.16,0.0,0.0,1027.0,8228.0,0.0,0.0,0.0,0.0,0.0,1.0,0.0,0.0,0.0,0.0,0.0,0.7000000000000001,0.0,0.2,0.0,0.0,16.0,25903.0
2026-07-30T19:03:07.370Z,356.853,356.868,0.0,7.4,0.0,0.0,0.0,0.0,0.0,0.0,0.0,0.0,1.0,0.0,0.0,0.0,9.0,4.0,0.0,0.0,0.0,0.0,0.0,0.0,0.0,0.0,6.0,12.0,1.0,12.18,5.0200000000000005,2.5,1.49,0.0,0.0,0.0,361.4,0.0,-0.1,-1.0,-0.6000000000000001,-169.60000000000002,0.0,0.0,169.60000000000002,0.0,21.700000000000003,28.9,28.9,30.9,300.0,300.0,31.700000000000003,35.800000000000004,28.9,28.1,29.9,4.95,1.99,4.97,0.16,0.0,0.0,1027.0,8228.0,0.0,0.0,0.0,0.0,0.0,1.0,0.0,0.0,0.0,0.0,0.0,-1.6,0.0,0.3,0.0,0.0,16.0,25903.0
2026-07-30T19:03:07.382Z,356.865,356.88,0.0,7.4,0.0,0.0,0.0,0.0,0.0,0.0,0.0,0.0,1.0,0.0,0.0,0.0,9.0,4.0,0.0,0.0,0.0,0.0,0.0,0.0,0.0,0.0,1.0,12.0,1.0,12.18,5.01,2.5,1.49,0.0,0.0,0.0,361.3,0.0,0.3,0.6000000000000001,0.0,-169.60000000000002,0.0,0.0,169.8,0.0,20.9,28.9,28.9,30.9,300.0,300.0,31.8,35.800000000000004,28.9,28.1,29.9,4.95,1.99,4.96,0.16,0.0,0.0,1027.0,8228.0,0.0,0.0,0.0,0.0,0.0,1.0,0.0,0.0,0.0,0.0,0.0,0.7000000000000001,0.0,0.1,0.0,0.0,16.0,25903.0
2026-07-30T19:03:07.393Z,356.876,356.892,0.0,7.4,0.0,0.0,0.0,0.0,0.0,0.0,0.0,0.0,1.0,0.0,0.0,0.0,9.0,4.0,0.0,0.0,0.0,0.0,0.0,0.0,0.0,0.0,2.0,12.0,1.0,12.18,5.01,2.5,1.49,0.0,0.0,0.0,361.4,0.0,0.9,0.7000000000000001,-0.6000000000000001,-169.60000000000002,0.0,0.0,169.60000000000002,0.0,20.9,28.9,28.9,30.9,300.0,300.0,31.8,35.800000000000004,28.9,28.1,29.9,4.96,1.99,4.96,0.16,0.0,0.0,1027.0,8228.0,0.0,0.0,0.0,0.0,0.0,1.0,0.0,0.0,0.0,0.0,0.0,0.3,0.0,0.7000000000000001,0.0,0.0,16.0,25903.0
2026-07-30T19:03:07.406Z,356.889,356.904,0.0,7.4,0.0,0.0,0.0,0.0,0.0,0.0,0.0,0.0,1.0,0.0,0.0,0.0,9.0,4.0,0.0,0.0,0.0,0.0,0.0,0.0,0.0,0.0,3.0,12.0,1.0,12.18,5.01,2.5,1.49,0.0,0.0,0.0,361.3,0.0,0.9,-0.4,0.4,-169.60000000000002,0.0,0.0,169.70000000000002,0.0,20.9,28.9,28.9,30.9,300.0,300.0,31.8,35.800000000000004,28.9,28.1,29.9,4.96,1.99,4.96,0.16,0.0,0.0,1027.0,8228.0,0.0,0.0,0.0,0.0,0.0,1.0,0.0,0.0,0.0,0.0,0.0,-0.1,0.0,-0.5,0.0,0.0,16.0,25903.0
2026-07-30T19:03:07.418Z,356.901,356.916,0.0,7.4,0.0,0.0,0.0,0.0,0.0,0.0,0.0,0.0,1.0,0.0,0.0,0.0,9.0,4.0,0.0,0.0,0.0,0.0,0.0,0.0,0.0,0.0,4.0,12.0,1.0,12.18,5.01,2.5,1.49,0.0,0.0,0.0,361.3,0.0,0.3,-1.0,1.0,-169.60000000000002,0.0,0.0,169.60000000000002,0.0,20.9,28.9,28.9,30.9,300.0,300.0,31.8,35.800000000000004,28.9,28.1,29.9,4.96,1.99,4.97,0.16,0.0,0.0,1027.0,8228.0,0.0,0.0,0.0,0.0,0.0,1.0,0.0,0.0,0.0,0.0,0.0,-0.4,0.0,-1.1,0.0,0.0,16.0,25903.0
2026-07-30T19:03:07.430Z,356.913,356.928,0.0,7.4,0.0,0.0,0.0,0.0,0.0,0.0,0.0,0.0,1.0,0.0,0.0,0.0,9.0,4.0,0.0,0.0,0.0,0.0,0.0,0.0,0.0,0.0,5.0,12.0,1.0,12.18,5.01,2.5,1.49,0.0,0.0,0.0,361.4,0.0,0.9,1.8,0.4,-169.60000000000002,0.0,0.0,169.70000000000002,0.0,20.9,28.9,28.9,30.9,300.0,300.0,31.8,35.800000000000004,28.9,28.1,29.9,4.96,2.0,4.96,0.16,0.0,0.0,1027.0,8228.0,0.0,0.0,0.0,0.0,0.0,1.0,0.0,0.0,0.0,0.0,0.0,2.4000000000000004,0.0,0.0,0.0,0.0,16.0,25903.0
2026-07-30T19:03:07.442Z,356.925,356.94,0.0,7.4,0.0,0.0,0.0,0.0,0.0,0.0,0.0,0.0,1.0,0.0,0.0,0.0,9.0,4.0,0.0,0.0,0.0,0.0,0.0,0.0,0.0,0.0,6.0,12.0,1.0,12.18,5.01,2.5,1.49,0.0,0.1,0.0,361.3,0.0,-0.2,1.2000000000000002,-0.7000000000000001,-169.60000000000002,0.0,0.0,169.60000000000002,0.0,20.9,28.9,28.9,30.9,300.0,300.0,31.8,35.800000000000004,28.9,28.1,29.9,4.96,1.99,4.96,0.16,0.0,0.0,1027.0,8228.0,0.0,0.0,0.0,0.0,0.0,1.0,0.0,0.0,0.0,0.0,0.0,0.9,0.0,0.8,0.0,0.0,16.0,25903.0
2026-07-30T19:03:07.454Z,356.937,356.952,0.0,7.4,0.0,0.0,0.0,0.0,0.0,0.0,0.0,0.0,1.0,0.0,0.0,0.0,9.0,4.0,0.0,0.0,0.0,0.0,0.0,0.0,0.0,0.0,1.0,12.0,1.0,12.18,5.01,2.5,1.49,0.0,0.0,0.0,361.4,0.0,0.3,0.1,0.0,-169.60000000000002,0.0,0.0,169.70000000000002,0.0,20.9,28.9,28.9,30.9,300.0,300.0,31.8,35.800000000000004,28.9,28.1,29.9,4.95,1.99,4.97,0.16,0.0,0.0,1027.0,8228.0,0.0,0.0,0.0,0.0,0.0,1.0,0.0,0.0,0.0,0.0,0.0,0.0,0.0,0.1,0.0,0.0,16.0,25903.0
2026-07-30T19:03:07.466Z,356.949,356.964,0.0,7.4,0.0,0.0,0.0,0.0,0.0,0.0,0.0,0.0,1.0,0.0,0.0,0.0,9.0,4.0,0.0,0.0,0.0,0.0,0.0,0.0,0.0,0.0,3.0,12.0,1.0,12.18,5.01,2.5,1.49,0.0,0.0,0.0,361.4,0.0,-0.2,-1.0,0.4,-169.60000000000002,0.0,0.0,169.70000000000002,0.0,20.9,28.9,28.9,30.9,300.0,300.0,31.8,35.800000000000004,28.9,28.1,29.9,4.96,1.99,4.96,0.16,0.0,0.0,1027.0,8228.0,0.0,0.0,0.0,0.0,0.0,1.0,0.0,0.0,0.0,0.0,0.0,-0.8,0.0,-0.6000000000000001,0.0,0.0,16.0,25903.0
2026-07-30T19:03:07.478Z,356.961,356.976,0.0,7.4,0.0,0.0,0.0,0.0,0.0,0.0,0.0,0.0,1.0,0.0,0.0,0.0,9.0,4.0,0.0,0.0,0.0,0.0,0.0,0.0,0.0,0.0,3.0,12.0,1.0,12.18,5.01,2.5,1.49,0.0,0.0,0.0,361.4,0.0,0.9,-0.4,-0.6000000000000001,-169.60000000000002,0.0,0.0,169.60000000000002,0.0,20.9,28.9,28.9,30.9,300.0,300.0,31.8,35.800000000000004,28.9,28.1,29.9,4.96,2.0,4.97,0.16,0.0,0.0,1027.0,8228.0,0.0,0.0,0.0,0.0,0.0,1.0,0.0,0.0,0.0,0.0,0.0,-1.0,0.0,0.4,0.0,0.0,16.0,25903.0
2026-07-30T19:03:07.490Z,356.973,356.988,0.0,7.4,0.0,0.0,0.0,0.0,0.0,0.0,0.0,0.0,1.0,0.0,0.0,0.0,9.0,4.0,0.0,0.0,0.0,0.0,0.0,0.0,0.0,0.0,4.0,12.0,1.0,12.17,5.0200000000000005,2.5,1.49,0.0,0.1,0.0,361.3,0.0,1.4,1.8,0.4,-169.60000000000002,0.0,0.0,169.70000000000002,0.0,21.8,28.9,28.9,31.0,300.0,300.0,31.700000000000003,35.9,28.9,28.1,30.0,4.95,1.99,4.97,0.16,0.0,0.0,1027.0,8228.0,0.0,0.0,0.0,0.0,0.0,1.0,0.0,0.0,0.0,0.0,0.0,2.4000000000000004,0.0,0.0,0.0,0.0,16.0,25903.0
2026-07-30T19:03:07.502Z,356.985,357.0,0.0,7.4,0.0,0.0,0.0,0.0,0.0,0.0,0.0,0.0,1.0,0.0,0.0,0.0,9.0,4.0,0.0,0.0,0.0,0.0,0.0,0.0,0.0,0.0,5.0,12.0,1.0,12.17,5.0200000000000005,2.5,1.49,0.0,0.0,0.0,361.3,0.0,0.2,-1.0,1.0,-169.60000000000002,0.0,0.0,169.60000000000002,0.0,21.8,28.9,28.9,31.0,300.0,300.0,31.700000000000003,35.9,28.9,28.1,30.0,4.95,1.99,4.97,0.16,0.0,0.0,1027.0,8228.0,0.0,0.0,0.0,0.0,0.0,1.0,0.0,0.0,0.0,0.0,0.0,-0.3,0.0,-1.1,0.0,0.0,16.0,25903.0
2026-07-30T19:03:07.514Z,356.997,357.012,0.0,7.4,0.0,0.0,0.0,0.0,0.0,0.0,0.0,0.0,1.0,0.0,0.0,0.0,9.0,4.0,0.0,0.0,0.0,0.0,0.0,0.0,0.0,0.0,6.0,12.0,1.0,12.17,5.0200000000000005,2.5,1.49,0.0,0.0,0.0,361.4,0.0,-0.3,-0.4,0.0,-169.60000000000002,0.0,0.0,169.60000000000002,0.0,21.8,28.9,28.9,31.0,300.0,300.0,31.700000000000003,35.9,28.9,28.1,30.0,4.96,2.0,4.96,0.16,0.0,0.0,1027.0,8228.0,0.0,0.0,0.0,0.0,0.0,1.0,0.0,0.0,0.0,0.0,0.0,-0.6000000000000001,0.0,0.0,0.0,0.0,16.0,25903.0
2026-07-30T19:03:07.525Z,357.008,357.024,0.0,7.4,0.0,0.0,0.0,0.0,0.0,0.0,0.0,0.0,1.0,0.0,0.0,0.0,9.0,4.0,0.0,0.0,0.0,0.0,0.0,0.0,0.0,0.0,1.0,12.0,1.0,12.17,5.0200000000000005,2.5,1.49,0.0,0.0,0.0,361.4,0.0,0.8,1.8,-0.6000000000000001,-169.60000000000002,0.0,0.0,169.70000000000002,0.0,21.8,28.9,28.9,31.0,300.0,300.0,31.700000000000003,35.9,28.9,28.1,30.0,4.96,1.99,4.97,0.16,0.0,0.0,1027.0,8228.0,0.0,0.0,0.0,0.0,0.0,1.0,0.0,0.0,0.0,0.0,0.0,1.5,0.0,0.9,0.0,0.0,16.0,25903.0
2026-07-30T19:03:07.538Z,357.021,357.036,0.0,7.4,0.0,0.0,0.0,0.0,0.0,0.0,0.0,0.0,1.0,0.0,0.0,0.0,9.0,4.0,0.0,0.0,0.0,0.0,0.0,0.0,0.0,0.0,2.0,12.0,1.0,12.17,5.0200000000000005,2.5,1.49,0.0,0.1,0.0,361.3,0.0,0.8,0.0,-0.1,-169.60000000000002,0.0,0.0,169.70000000000002,0.0,21.8,28.9,28.9,31.0,300.0,300.0,31.700000000000003,35.9,28.9,28.1,30.0,4.95,1.99,4.97,0.16,0.0,0.0,1027.0,8228.0,0.0,0.0,0.0,0.0,0.0,1.0,0.0,0.0,0.0,0.0,0.0,0.0,0.0,0.1,0.0,0.0,16.0,25903.0
2026-07-30T19:03:07.550Z,357.033,357.048,0.0,7.4,0.0,0.0,0.0,0.0,0.0,0.0,0.0,0.0,1.0,0.0,0.0,0.0,9.0,4.0,0.0,0.0,0.0,0.0,0.0,0.0,0.0,0.0,3.0,12.0,1.0,12.17,5.0200000000000005,2.5,1.49,0.0,0.0,0.0,361.4,0.0,-0.3,-1.0,-1.3,-169.60000000000002,0.0,0.0,169.70000000000002,0.0,21.8,28.9,28.9,31.0,300.0,300.0,31.700000000000003,35.9,28.9,28.1,30.0,4.96,1.99,4.96,0.16,0.0,0.0,1027.0,8228.0,0.0,0.0,0.0,0.0,0.0,1.0,0.0,0.0,0.0,0.0,0.0,-2.1,0.0,0.9,0.0,0.0,16.0,25903.0
2026-07-30T19:03:07.562Z,357.045,357.06,0.0,7.4,0.0,0.0,0.0,0.0,0.0,0.0,0.0,0.0,1.0,0.0,0.0,0.0,9.0,4.0,0.0,0.0,0.0,0.0,0.0,0.0,0.0,0.0,4.0,12.0,1.0,12.17,5.0200000000000005,2.5,1.49,0.0,0.0,0.0,361.3,0.0,0.2,-1.0,-0.1,-169.60000000000002,0.0,0.0,169.70000000000002,0.0,21.8,28.9,28.9,31.0,300.0,300.0,31.700000000000003,35.9,28.9,28.1,30.0,4.96,2.0,4.97,0.16,0.0,0.0,1027.0,8228.0,0.0,0.0,0.0,0.0,0.0,1.0,0.0,0.0,0.0,0.0,0.0,-1.3,0.0,0.0,0.0,0.0,16.0,25903.0
2026-07-30T19:03:07.574Z,357.057,357.072,0.0,7.4,0.0,0.0,0.0,0.0,0.0,0.0,0.0,0.0,1.0,0.0,0.0,0.0,9.0,4.0,0.0,0.0,0.0,0.0,0.0,0.0,0.0,0.0,5.0,12.0,1.0,12.17,5.0200000000000005,2.5,1.49,0.0,0.0,0.0,361.4,0.0,0.2,0.1,-0.1,-169.60000000000002,0.0,0.0,169.70000000000002,0.0,21.8,28.9,28.9,31.0,300.0,300.0,31.700000000000003,35.9,28.9,28.1,30.0,4.96,1.99,4.97,0.16,0.0,0.0,1027.0,8228.0,0.0,0.0,0.0,0.0,0.0,1.0,0.0,0.0,0.0,0.0,0.0,0.0,0.0,0.1,0.0,0.0,16.0,25903.0
2026-07-30T19:03:07.587Z,357.07,357.084,0.0,7.4,0.0,0.0,0.0,0.0,0.0,0.0,0.0,0.0,1.0,0.0,0.0,0.0,9.0,4.0,0.0,0.0,0.0,0.0,0.0,0.0,0.0,0.0,6.0,12.0,1.0,12.15,5.01,2.51,1.49,0.0,0.0,0.0,361.4,0.0,0.2,-0.4,-0.7000000000000001,-169.60000000000002,0.0,0.0,169.70000000000002,0.0,21.4,28.9,28.9,30.9,300.0,300.0,31.700000000000003,35.800000000000004,28.9,28.1,29.9,4.95,1.99,4.97,0.16,0.0,0.0,1027.0,8228.0,0.0,0.0,0.0,0.0,0.0,1.0,0.0,0.0,0.0,0.0,0.0,-1.1,0.0,0.5,0.0,0.0,16.0,25903.0
2026-07-30T19:03:07.598Z,357.081,357.096,0.0,7.4,0.0,0.0,0.0,0.0,0.0,0.0,0.0,0.0,1.0,0.0,0.0,0.0,9.0,4.0,0.0,0.0,0.0,0.0,0.0,0.0,0.0,0.0,6.0,12.0,1.0,12.15,5.01,2.51,1.49,0.0,0.0,0.0,361.3,0.0,-0.8,-0.4,-0.2,-169.60000000000002,0.0,0.0,169.60000000000002,0.0,21.4,28.9,28.9,30.9,300.0,300.0,31.700000000000003,35.800000000000004,28.9,28.1,29.9,4.96,1.99,4.96,0.16,0.0,0.0,1027.0,8228.0,0.0,0.0,0.0,0.0,0.0,1.0,0.0,0.0,0.0,0.0,0.0,-1.8,0.0,0.5,0.0,0.0,16.0,25903.0
2026-07-30T19:03:07.610Z,357.093,357.108,0.0,7.4,0.0,0.0,0.0,0.0,0.0,0.0,0.0,0.0,1.0,0.0,0.0,0.0,9.0,4.0,0.0,0.0,0.0,0.0,0.0,0.0,0.0,0.0,1.0,12.0,1.0,12.15,5.01,2.51,1.49,0.0,0.0,0.0,361.3,0.0,0.2,-1.0,-0.2,-169.60000000000002,0.0,0.0,169.70000000000002,0.0,21.4,28.9,28.9,30.9,300.0,300.0,31.700000000000003,35.800000000000004,28.9,28.1,29.9,4.95,1.99,4.97,0.16,0.0,0.0,1027.0,8228.0,0.0,0.0,0.0,0.0,0.0,1.0,0.0,0.0,0.0,0.0,0.0,0.3,0.0,-0.3,0.0,0.0,16.0,25903.0
2026-07-30T19:03:07.622Z,357.105,357.12,0.0,7.4,0.0,0.0,0.0,0.0,0.0,0.0,0.0,0.0,1.0,0.0,0.0,0.0,9.0,4.0,0.0,0.0,0.0,0.0,0.0,0.0,0.0,0.0,2.0,12.0,1.0,12.15,5.01,2.51,1.49,0.0,0.0,0.0,361.3,0.0,-0.9,-0.5,-0.8,-169.60000000000002,0.0,0.0,169.70000000000002,0.0,21.4,28.9,28.9,30.9,300.0,300.0,31.700000000000003,35.800000000000004,28.9,28.1,29.9,4.95,1.99,4.97,0.16,0.0,0.0,1027.0,8228.0,0.0,0.0,0.0,0.0,0.0,1.0,0.0,0.0,0.0,0.0,0.0,1.8,0.0,-1.2000000000000002,0.0,0.0,16.0,25903.0
2026-07-30T19:03:07.634Z,357.117,357.132,0.0,7.4,0.0,0.0,0.0,0.0,0.0,0.0,0.0,0.0,1.0,0.0,0.0,0.0,9.0,4.0,0.0,0.0,0.0,0.0,0.0,0.0,0.0,0.0,3.0,12.0,1.0,12.15,5.01,2.51,1.49,0.0,0.0,0.0,361.4,0.0,0.8,0.0,-0.2,-169.60000000000002,0.0,0.0,169.60000000000002,0.0,21.4,28.9,28.9,30.9,300.0,300.0,31.700000000000003,35.800000000000004,28.9,28.1,29.9,4.96,1.99,4.97,0.16,0.0,0.0,1027.0,8228.0,0.0,0.0,0.0,0.0,0.0,1.0,0.0,0.0,0.0,0.0,0.0,0.0,0.0,0.2,0.0,0.0,16.0,25903.0
2026-07-30T19:03:07.646Z,357.129,357.144,0.0,7.4,0.0,0.0,0.0,0.0,0.0,0.0,0.0,0.0,1.0,0.0,0.0,0.0,9.0,4.0,0.0,0.0,0.0,0.0,0.0,0.0,0.0,0.0,4.0,12.0,1.0,12.15,5.01,2.51,1.49,0.0,0.0,0.0,361.4,0.0,-0.9,0.0,-0.8,-169.60000000000002,0.0,0.0,169.70000000000002,0.0,21.4,28.9,28.9,30.9,300.0,300.0,31.700000000000003,35.800000000000004,28.9,28.1,29.9,4.96,1.99,4.96,0.16,0.0,0.0,1027.0,8228.0,0.0,0.0,0.0,0.0,0.0,1.0,0.0,0.0,0.0,0.0,0.0,-0.5,0.0,0.7000000000000001,0.0,0.0,16.0,25903.0
2026-07-30T19:03:07.658Z,357.141,357.156,0.0,7.4,0.0,0.0,0.0,0.0,0.0,0.0,0.0,0.0,1.0,0.0,0.0,0.0,9.0,4.0,0.0,0.0,0.0,0.0,0.0,0.0,0.0,0.0,5.0,12.0,1.0,12.15,5.01,2.51,1.49,0.0,0.0,0.0,361.4,0.0,-0.2,-1.1,-0.8,-169.60000000000002,0.0,0.0,169.70000000000002,0.0,21.4,28.9,28.9,30.9,300.0,300.0,31.700000000000003,35.800000000000004,28.9,28.1,29.9,4.96,1.99,4.97,0.16,0.0,0.0,1027.0,8228.0,0.0,0.0,0.0,0.0,0.0,1.0,0.0,0.0,0.0,0.0,0.0,-1.9,0.0,0.5,0.0,0.0,16.0,25903.0
2026-07-30T19:03:07.670Z,357.153,357.168,0.0,7.4,0.0,0.0,0.0,0.0,0.0,0.0,0.0,0.0,1.0,0.0,0.0,0.0,9.0,4.0,0.0,0.0,0.0,0.0,0.0,0.0,0.0,0.0,5.0,12.0,1.0,12.15,5.01,2.51,1.49,0.0,0.0,0.0,361.4,0.0,0.8,1.2000000000000002,-0.8,-169.60000000000002,0.0,0.0,169.70000000000002,0.0,21.4,28.9,28.9,30.9,300.0,300.0,31.700000000000003,35.800000000000004,28.9,28.1,29.9,4.96,1.99,4.96,0.16,0.0,0.0,1027.0,8228.0,0.0,0.0,0.0,0.0,0.0,1.0,0.0,0.0,0.0,0.0,0.0,0.7000000000000001,0.0,0.9,0.0,0.0,16.0,25903.0
2026-07-30T19:03:07.682Z,357.165,357.18,0.0,7.4,0.0,0.0,0.0,0.0,0.0,0.0,0.0,0.0,1.0,0.0,0.0,0.0,9.0,4.0,0.0,0.0,0.0,0.0,0.0,0.0,0.0,0.0,6.0,12.0,1.0,12.15,5.01,2.51,1.49,0.0,0.0,0.0,361.3,0.0,0.2,0.0,0.8,-169.60000000000002,0.0,0.0,169.70000000000002,0.0,21.4,28.9,28.9,30.9,300.0,300.0,31.700000000000003,35.800000000000004,28.9,28.1,29.9,4.96,1.99,4.96,0.16,0.0,0.0,1027.0,8228.0,0.0,0.0,0.0,0.0,0.0,1.0,0.0,0.0,0.0,0.0,0.0,0.6000000000000001,0.0,-0.7000000000000001,0.0,0.0,16.0,25903.0
2026-07-30T19:03:07.694Z,357.177,357.192,0.0,7.4,0.0,0.0,0.0,0.0,0.0,0.0,0.0,0.0,1.0,0.0,0.0,0.0,9.0,4.0,0.0,0.0,0.0,0.0,0.0,0.0,0.0,0.0,1.0,12.0,1.0,12.14,5.01,2.5,1.49,0.0,0.0,0.0,361.3,0.0,-0.3,-0.5,0.3,-169.60000000000002,0.0,0.0,169.70000000000002,0.0,21.4,28.9,28.9,31.0,300.0,300.0,31.700000000000003,35.800000000000004,28.9,28.0,30.0,4.95,1.99,4.97,0.16,0.0,0.0,1027.0,8228.0,0.0,0.0,0.0,0.0,0.0,1.0,0.0,0.0,0.0,0.0,0.0,-0.3,0.0,-0.4,0.0,0.0,16.0,25903.0
2026-07-30T19:03:07.706Z,357.189,357.204,0.0,7.4,0.0,0.0,0.0,0.0,0.0,0.0,0.0,0.0,1.0,0.0,0.0,0.0,9.0,4.0,0.0,0.0,0.0,0.0,0.0,0.0,0.0,0.0,2.0,12.0,1.0,12.14,5.01,2.5,1.49,0.0,0.0,0.0,361.4,0.0,-0.3,-1.1,-0.7000000000000001,-169.60000000000002,0.0,0.0,169.60000000000002,0.0,21.4,28.9,28.9,31.0,300.0,300.0,31.700000000000003,35.800000000000004,28.9,28.0,30.0,4.96,1.99,4.97,0.16,0.0,0.0,1027.0,8228.0,0.0,0.0,0.0,0.0,0.0,1.0,0.0,0.0,0.0,0.0,0.0,-1.9,0.0,0.4,0.0,0.0,16.0,25903.0
2026-07-30T19:03:07.718Z,357.201,357.216,0.0,7.4,0.0,0.0,0.0,0.0,0.0,0.0,0.0,0.0,1.0,0.0,0.0,0.0,9.0,4.0,0.0,0.0,0.0,0.0,0.0,0.0,0.0,0.0,3.0,12.0,1.0,12.14,5.01,2.5,1.49,0.0,0.0,0.0,361.3,0.0,0.2,0.0,-0.1,-169.60000000000002,0.0,0.0,169.8,0.0,21.4,28.9,28.9,31.0,300.0,300.0,31.700000000000003,35.800000000000004,28.9,28.0,30.0,4.96,1.99,4.97,0.16,0.0,0.0,1027.0,8228.0,0.0,0.0,0.0,0.0,0.0,1.0,0.0,0.0,0.0,0.0,0.0,-0.1,0.0,0.1,0.0,0.0,16.0,25903.0
2026-07-30T19:03:07.730Z,357.213,357.228,0.0,7.4,0.0,0.0,0.0,0.0,0.0,0.0,0.0,0.0,1.0,0.0,0.0,0.0,9.0,4.0,0.0,0.0,0.0,0.0,0.0,0.0,0.0,0.0,4.0,12.0,1.0,12.14,5.01,2.5,1.49,0.0,0.0,0.0,361.3,0.0,-0.8,0.0,-1.3,-169.60000000000002,0.0,0.0,169.8,0.0,21.4,28.9,28.9,31.0,300.0,300.0,31.700000000000003,35.800000000000004,28.9,28.0,30.0,4.96,1.99,4.97,0.16,0.0,0.0,1027.0,8228.0,0.0,0.0,0.0,0.0,0.0,1.0,0.0,0.0,0.0,0.0,0.0,-0.9,0.0,1.2000000000000002,0.0,0.0,16.0,25903.0
2026-07-30T19:03:07.742Z,357.225,357.24,0.0,7.4,0.0,0.0,0.0,0.0,0.0,0.0,0.0,0.0,1.0,0.0,0.0,0.0,9.0,4.0,0.0,0.0,0.0,0.0,0.0,0.0,0.0,0.0,5.0,12.0,1.0,12.14,5.01,2.5,1.49,0.0,0.0,0.0,361.3,0.0,1.5,0.6000000000000001,1.5,-169.60000000000002,0.0,0.0,169.8,0.0,21.4,28.9,28.9,31.0,300.0,300.0,31.700000000000003,35.800000000000004,28.9,28.0,30.0,4.96,1.99,4.97,0.16,0.0,0.0,1027.0,8228.0,0.0,0.0,0.0,0.0,0.0,1.0,0.0,0.0,0.0,0.0,0.0,1.9,0.0,-1.2000000000000002,0.0,0.0,16.0,25903.0
2026-07-30T19:03:07.754Z,357.237,357.252,0.0,7.4,0.0,0.0,0.0,0.0,0.0,0.0,0.0,0.0,1.0,0.0,0.0,0.0,9.0,4.0,0.0,0.0,0.0,0.0,0.0,0.0,0.0,0.0,6.0,12.0,1.0,12.14,5.01,2.5,1.49,0.0,0.0,0.0,361.4,0.0,0.8,0.0,0.4,-169.60000000000002,0.0,0.0,169.70000000000002,0.0,21.4,28.9,28.9,31.0,300.0,300.0,31.700000000000003,35.800000000000004,28.9,28.0,30.0,4.96,1.99,4.96,0.16,0.0,0.0,1027.0,8228.0,0.0,0.0,0.0,0.0,0.0,1.0,0.0,0.0,0.0,0.0,0.0,0.3,0.0,-0.3,0.0,0.0,16.0,25903.0
2026-07-30T19:03:07.766Z,357.249,357.264,0.0,7.4,0.0,0.0,0.0,0.0,0.0,0.0,0.0,0.0,1.0,0.0,0.0,0.0,9.0,4.0,0.0,0.0,0.0,0.0,0.0,0.0,0.0,0.0,6.0,12.0,1.0,12.14,5.01,2.5,1.49,0.0,0.0,0.0,361.3,0.0,-0.8,-0.5,-0.1,-169.60000000000002,0.0,0.0,169.70000000000002,0.0,21.4,28.9,28.9,31.0,300.0,300.0,31.700000000000003,35.800000000000004,28.9,28.0,30.0,4.96,1.99,4.97,0.16,0.0,0.0,1027.0,8228.0,0.0,0.0,0.0,0.0,0.0,1.0,0.0,0.0,0.0,0.0,0.0,-0.7000000000000001,0.0,0.0,0.0,0.0,16.0,25903.0
2026-07-30T19:03:07.778Z,357.261,357.276,0.0,7.4,0.0,0.0,0.0,0.0,0.0,0.0,0.0,0.0,1.0,0.0,0.0,0.0,9.0,4.0,0.0,0.0,0.0,0.0,0.0,0.0,0.0,0.0,1.0,12.0,1.0,12.14,5.01,2.5,1.49,0.0,0.0,0.0,361.3,0.0,-0.8,-1.1,-1.9,-169.70000000000002,0.0,0.0,169.8,0.0,21.4,28.9,28.9,31.0,300.0,300.0,31.700000000000003,35.800000000000004,28.9,28.0,30.0,4.95,1.99,4.97,0.16,0.0,0.0,1027.0,8228.0,0.0,0.0,0.0,0.0,0.0,1.0,0.0,0.0,0.0,0.0,0.0,-2.7,0.0,1.5,0.0,0.0,16.0,25903.0
2026-07-30T19:03:07.791Z,357.274,357.288,0.0,7.4,0.0,0.0,0.0,0.0,0.0,0.0,0.0,0.0,1.0,0.0,0.0,0.0,9.0,4.0,0.0,0.0,0.0,0.0,0.0,0.0,0.0,0.0,2.0,12.0,1.0,12.18,5.01,2.5,1.49,0.0,0.0,0.0,361.2000000000001,0.0,-0.8,-0.5,-0.7000000000000001,-169.70000000000002,0.0,0.0,169.8,0.0,21.200000000000003,28.9,28.9,30.9,300.0,300.0,31.6,35.800000000000004,28.9,28.0,30.0,4.95,1.99,4.96,0.16,0.0,0.0,1027.0,8228.0,0.0,0.0,0.0,0.0,0.0,1.0,0.0,0.0,0.0,0.0,0.0,-1.1,0.0,0.5,0.0,0.0,16.0,25903.0
2026-07-30T19:03:07.802Z,357.285,357.3,0.0,7.4,0.0,0.0,0.0,0.0,0.0,0.0,0.0,0.0,1.0,0.0,0.0,0.0,9.0,4.0,0.0,0.0,0.0,0.0,0.0,0.0,0.0,0.0,3.0,12.0,1.0,12.18,5.01,2.5,1.49,0.0,0.0,0.0,361.4,0.0,0.3,-1.1,0.4,-169.70000000000002,0.0,0.0,169.60000000000002,0.0,21.200000000000003,28.9,28.9,30.9,300.0,300.0,31.6,35.800000000000004,28.9,28.0,30.0,4.95,1.99,4.97,0.16,0.0,0.0,1027.0,8228.0,0.0,0.0,0.0,0.0,0.0,1.0,0.0,0.0,0.0,0.0,0.0,-0.9,0.0,-0.6000000000000001,0.0,0.0,16.0,25903.0
2026-07-30T19:03:07.814Z,357.297,357.312,0.0,7.4,0.0,0.0,0.0,0.0,0.0,0.0,0.0,0.0,1.0,0.0,0.0,0.0,9.0,4.0,0.0,0.0,0.0,0.0,0.0,0.0,0.0,0.0,4.0,12.0,1.0,12.18,5.01,2.5,1.49,0.0,0.0,0.0,361.4,0.0,-1.3,-0.5,-0.6000000000000001,-169.70000000000002,0.0,0.0,169.70000000000002,0.0,21.200000000000003,28.9,28.9,30.9,300.0,300.0,31.6,35.800000000000004,28.9,28.0,30.0,4.95,1.99,4.97,0.16,0.0,0.0,1027.0,8228.0,0.0,0.0,0.0,0.0,0.0,1.0,0.0,0.0,0.0,0.0,0.0,-1.0,0.0,0.4,0.0,0.0,16.0,25903.0
2026-07-30T19:03:07.826Z,357.309,357.324,0.0,7.4,0.0,0.0,0.0,0.0,0.0,0.0,0.0,0.0,1.0,0.0,0.0,0.0,9.0,4.0,0.0,0.0,0.0,0.0,0.0,0.0,0.0,0.0,4.0,12.0,1.0,12.18,5.01,2.5,1.49,0.0,0.0,0.0,361.4,0.0,0.3,0.0,-0.6000000000000001,-169.70000000000002,0.0,0.0,169.70000000000002,0.0,21.200000000000003,28.9,28.9,30.9,300.0,300.0,31.6,35.800000000000004,28.9,28.0,30.0,4.95,1.99,4.97,0.16,0.0,0.0,1027.0,8228.0,0.0,0.0,0.0,0.0,0.0,1.0,0.0,0.0,0.0,0.0,0.0,-0.4,0.0,0.6000000000000001,0.0,0.0,16.0,25903.0
2026-07-30T19:03:07.838Z,357.321,357.336,0.0,7.4,0.0,0.0,0.0,0.0,0.0,0.0,0.0,0.0,1.0,0.0,0.0,0.0,9.0,4.0,0.0,0.0,0.0,0.0,0.0,0.0,0.0,0.0,6.0,12.0,1.0,12.18,5.01,2.5,1.49,0.0,0.0,0.0,361.3,0.0,0.3,0.6000000000000001,1.6,-169.70000000000002,0.0,0.0,169.60000000000002,0.0,21.200000000000003,28.9,28.9,30.9,300.0,300.0,31.6,35.800000000000004,28.9,28.0,30.0,4.96,1.99,4.96,0.16,0.0,0.0,1027.0,8228.0,0.0,0.0,0.0,0.0,0.0,1.0,0.0,0.0,0.0,0.0,0.0,1.9,0.0,-1.3,0.0,0.0,16.0,25903.0
2026-07-30T19:03:07.850Z,357.333,357.348,0.0,7.4,0.0,0.0,0.0,0.0,0.0,0.0,0.0,0.0,1.0,0.0,0.0,0.0,9.0,4.0,0.0,0.0,0.0,0.0,0.0,0.0,0.0,0.0,6.0,12.0,1.0,12.18,5.01,2.5,1.49,0.0,0.0,0.0,361.4,0.0,0.9,-0.5,-0.7000000000000001,-169.70000000000002,0.0,0.0,169.70000000000002,0.0,21.200000000000003,28.9,28.9,30.9,300.0,300.0,31.6,35.800000000000004,28.9,28.0,30.0,4.95,1.99,4.96,0.16,0.0,0.0,1027.0,8228.0,0.0,0.0,0.0,0.0,0.0,1.0,0.0,0.0,0.0,0.0,0.0,-1.1,0.0,0.5,0.0,0.0,16.0,25903.0
2026-07-30T19:03:07.861Z,357.344,357.36,0.0,7.4,0.0,0.0,0.0,0.0,0.0,0.0,0.0,0.0,1.0,0.0,0.0,0.0,9.0,4.0,0.0,0.0,0.0,0.0,0.0,0.0,0.0,0.0,1.0,12.0,1.0,12.18,5.01,2.5,1.49,0.0,0.0,0.0,361.4,0.0,-0.2,0.0,0.9,-169.60000000000002,0.0,0.0,169.70000000000002,0.0,21.200000000000003,28.9,28.9,30.9,300.0,300.0,31.6,35.800000000000004,28.9,28.0,30.0,4.95,1.99,4.97,0.16,0.0,0.0,1027.0,8228.0,0.0,0.0,0.0,0.0,0.0,1.0,0.0,0.0,0.0,0.0,0.0,0.7000000000000001,0.0,-0.8,0.0,0.0,16.0,25903.0
2026-07-30T19:03:07.874Z,357.357,357.372,0.0,7.4,0.0,0.0,0.0,0.0,0.0,0.0,0.0,0.0,1.0,0.0,0.0,0.0,9.0,4.0,0.0,0.0,0.0,0.0,0.0,0.0,0.0,0.0,2.0,12.0,1.0,12.18,5.01,2.5,1.49,0.0,0.0,0.0,361.4,0.0,0.3,0.0,0.3,-169.70000000000002,0.0,0.0,169.8,0.0,21.200000000000003,28.9,28.9,30.9,300.0,300.0,31.6,35.800000000000004,28.9,28.0,30.0,4.96,1.99,4.97,0.16,0.0,0.0,1027.0,8228.0,0.0,0.0,0.0,0.0,0.0,1.0,0.0,0.0,0.0,0.0,0.0,0.3,0.0,-0.3,0.0,0.0,16.0,25903.0
2026-07-30T19:03:07.886Z,357.369,357.384,0.0,7.4,0.0,0.0,0.0,0.0,0.0,0.0,0.0,0.0,1.0,0.0,0.0,0.0,9.0,4.0,0.0,0.0,0.0,0.0,0.0,0.0,0.0,0.0,3.0,12.0,1.0,12.18,5.01,2.5,1.49,0.0,0.0,0.0,361.3,0.0,-0.2,-1.1,-0.8,-169.70000000000002,0.0,0.0,169.70000000000002,0.0,21.200000000000003,28.9,28.9,30.9,300.0,300.0,31.6,35.800000000000004,28.9,28.0,30.0,4.96,1.99,4.97,0.16,0.0,0.0,1027.0,8228.0,0.0,0.0,0.0,0.0,0.0,1.0,0.0,0.0,0.0,0.0,0.0,-1.8,0.0,0.4,0.0,0.0,16.0,25903.0
2026-07-30T19:03:07.898Z,357.381,357.396,0.0,7.4,0.0,0.0,0.0,0.0,0.0,0.0,0.0,0.0,1.0,0.0,0.0,0.0,9.0,4.0,0.0,0.0,0.0,0.0,0.0,0.0,0.0,0.0,3.0,12.0,1.0,12.18,5.0200000000000005,2.51,1.49,0.0,0.0,0.0,361.4,0.0,-0.2,-1.1,-0.2,-169.70000000000002,0.0,0.0,169.70000000000002,0.0,21.3,28.9,28.9,30.9,300.0,300.0,31.6,35.800000000000004,28.9,28.1,30.0,4.95,1.99,4.97,0.16,0.0,0.0,1027.0,8228.0,0.0,0.0,0.0,0.0,0.0,1.0,0.0,0.0,0.0,0.0,0.0,-1.4,0.0,0.0,0.0,0.0,16.0,25903.0
2026-07-30T19:03:07.910Z,357.393,357.408,0.0,7.4,0.0,0.0,0.0,0.0,0.0,0.0,0.0,0.0,1.0,0.0,0.0,0.0,9.0,4.0,0.0,0.0,0.0,0.0,0.0,0.0,0.0,0.0,5.0,12.0,1.0,12.18,5.0200000000000005,2.51,1.49,0.0,0.0,0.0,361.4,0.0,0.3,0.0,-0.2,-169.70000000000002,0.0,0.0,169.70000000000002,0.0,21.3,28.9,28.9,30.9,300.0,300.0,31.6,35.800000000000004,28.9,28.1,30.0,4.95,2.0,4.96,0.16,0.0,0.0,1027.0,8228.0,0.0,0.0,0.0,0.0,0.0,1.0,0.0,0.0,0.0,0.0,0.0,-0.1,0.0,0.1,0.0,0.0,16.0,25903.0
2026-07-30T19:03:07.922Z,357.405,357.42,0.0,7.4,0.0,0.0,0.0,0.0,0.0,0.0,0.0,0.0,1.0,0.0,0.0,0.0,9.0,4.0,0.0,0.0,0.0,0.0,0.0,0.0,0.0,0.0,6.0,12.0,1.0,12.18,5.0200000000000005,2.51,1.49,0.0,0.0,0.0,361.3,0.0,0.3,0.6000000000000001,-0.1,-169.70000000000002,0.0,0.0,169.70000000000002,0.0,21.3,28.9,28.9,30.9,300.0,300.0,31.6,35.800000000000004,28.9,28.1,30.0,4.96,1.99,4.96,0.16,0.0,0.0,1027.0,8228.0,0.0,0.0,0.0,0.0,0.0,1.0,0.0,0.0,0.0,0.0,0.0,0.5,0.0,0.3,0.0,0.0,16.0,25903.0
2026-07-30T19:03:07.934Z,357.417,357.432,0.0,7.4,0.0,0.0,0.0,0.0,0.0,0.0,0.0,0.0,1.0,0.0,0.0,0.0,9.0,4.0,0.0,0.0,0.0,0.0,0.0,0.0,0.0,0.0,1.0,12.0,1.0,12.18,5.0200000000000005,2.51,1.49,0.0,0.0,0.0,361.3,0.0,-0.2,0.6000000000000001,0.4,-169.70000000000002,0.0,0.0,169.60000000000002,0.0,21.3,28.9,28.9,30.9,300.0,300.0,31.6,35.800000000000004,28.9,28.1,30.0,4.95,1.99,4.97,0.16,0.0,0.0,1027.0,8228.0,0.0,0.0,0.0,0.0,0.0,1.0,0.0,0.0,0.0,0.0,0.0,1.0,0.0,-0.2,0.0,0.0,16.0,25903.0
2026-07-30T19:03:07.946Z,357.429,357.444,0.0,7.4,0.0,0.0,0.0,0.0,0.0,0.0,0.0,0.0,1.0,0.0,0.0,0.0,9.0,4.0,0.0,0.0,0.0,0.0,0.0,0.0,0.0,0.0,1.0,12.0,1.0,12.18,5.0200000000000005,2.51,1.49,0.0,0.0,0.0,361.3,0.0,0.3,-0.4,-0.1,-169.70000000000002,0.0,0.0,169.60000000000002,0.0,21.3,28.9,28.9,30.9,300.0,300.0,31.6,35.800000000000004,28.9,28.1,30.0,4.96,1.99,4.96,0.16,0.0,0.0,1027.0,8228.0,0.0,0.0,0.0,0.0,0.0,1.0,0.0,0.0,0.0,0.0,0.0,-0.6000000000000001,0.0,0.0,0.0,0.0,16.0,25903.0
2026-07-30T19:03:07.958Z,357.441,357.456,0.0,7.4,0.0,0.0,0.0,0.0,0.0,0.0,0.0,0.0,1.0,0.0,0.0,0.0,9.0,4.0,0.0,0.0,0.0,0.0,0.0,0.0,0.0,0.0,2.0,12.0,1.0,12.18,5.0200000000000005,2.51,1.49,0.0,0.0,0.0,361.4,0.0,-0.2,0.1,-0.7000000000000001,-169.70000000000002,0.0,0.0,169.60000000000002,0.0,21.3,28.9,28.9,30.9,300.0,300.0,31.6,35.800000000000004,28.9,28.1,30.0,4.96,2.0,4.96,0.16,0.0,0.0,1027.0,8228.0,0.0,0.0,0.0,0.0,0.0,1.0,0.0,0.0,0.0,0.0,0.0,-0.3,0.0,0.6000000000000001,0.0,0.0,16.0,25903.0
2026-07-30T19:03:07.970Z,357.453,357.468,0.0,7.4,0.0,0.0,0.0,0.0,0.0,0.0,0.0,0.0,1.0,0.0,0.0,0.0,9.0,4.0,0.0,0.0,0.0,0.0,0.0,0.0,0.0,0.0,4.0,12.0,1.0,12.18,5.0200000000000005,2.51,1.49,0.0,0.0,0.0,361.4,0.0,0.3,0.1,-0.1,-169.60000000000002,0.0,0.0,169.60000000000002,0.0,21.3,28.9,28.9,30.9,300.0,300.0,31.6,35.800000000000004,28.9,28.1,30.0,4.96,1.99,4.96,0.16,0.0,0.0,1027.0,8228.0,0.0,0.0,0.0,0.0,0.0,1.0,0.0,0.0,0.0,0.0,0.0,0.0,0.0,0.1,0.0,0.0,16.0,25903.0
2026-07-30T19:03:07.982Z,357.465,357.48,0.0,7.4,0.0,0.0,0.0,0.0,0.0,0.0,0.0,0.0,1.0,0.0,0.0,0.0,9.0,4.0,0.0,0.0,0.0,0.0,0.0,0.0,0.0,0.0,4.0,12.0,1.0,12.18,5.0200000000000005,2.51,1.49,0.0,0.0,0.0,361.3,0.0,0.3,0.1,0.4,-169.60000000000002,0.0,0.0,169.60000000000002,0.0,21.3,28.9,28.9,30.9,300.0,300.0,31.6,35.800000000000004,28.9,28.1,30.0,4.96,1.99,4.97,0.16,0.0,0.0,1027.0,8228.0,0.0,0.0,0.0,0.0,0.0,1.0,0.0,0.0,0.0,0.0,0.0,0.4,0.0,-0.3,0.0,0.0,16.0,25903.0
2026-07-30T19:03:07.995Z,357.478,357.492,0.0,7.4,0.0,0.0,0.0,0.0,0.0,0.0,0.0,0.0,1.0,0.0,0.0,0.0,9.0,4.0,0.0,0.0,0.0,0.0,0.0,0.0,0.0,0.0,5.0,12.0,1.0,12.18,5.01,2.51,1.49,0.0,0.0,0.0,361.4,0.0,0.8,-0.4,0.4,-169.60000000000002,0.0,0.0,169.60000000000002,0.0,21.4,28.9,28.9,31.0,300.0,300.0,31.700000000000003,35.800000000000004,28.8,28.1,30.0,4.95,1.99,4.96,0.16,0.0,0.0,1027.0,8228.0,0.0,0.0,0.0,0.0,0.0,1.0,0.0,0.0,0.0,0.0,0.0,-0.1,0.0,-0.5,0.0,0.0,16.0,25903.0
2026-07-30T19:03:08.006Z,357.489,357.504,0.0,7.4,0.0,0.0,0.0,0.0,0.0,0.0,0.0,0.0,1.0,0.0,0.0,0.0,9.0,4.0,0.0,0.0,0.0,0.0,0.0,0.0,0.0,0.0,1.0,12.0,1.0,12.18,5.01,2.51,1.49,0.0,0.1,0.0,361.4,0.0,0.3,0.6000000000000001,-0.1,-169.60000000000002,0.0,0.0,169.8,0.0,21.4,28.9,28.9,31.0,300.0,300.0,31.700000000000003,35.800000000000004,28.8,28.1,30.0,4.95,1.99,4.97,0.16,0.0,0.0,1027.0,8228.0,0.0,0.0,0.0,0.0,0.0,1.0,0.0,0.0,0.0,0.0,0.0,0.7000000000000001,0.0,0.2,0.0,0.0,16.0,25903.0
2026-07-30T19:03:08.018Z,357.501,357.516,0.0,7.4,0.0,0.0,0.0,0.0,0.0,0.0,0.0,0.0,1.0,0.0,0.0,0.0,9.0,4.0,0.0,0.0,0.0,0.0,0.0,0.0,0.0,0.0,2.0,12.0,1.0,12.18,5.01,2.51,1.49,0.0,0.0,0.0,361.3,0.0,0.3,0.1,0.0,-169.60000000000002,0.0,0.0,169.70000000000002,0.0,21.4,28.9,28.9,31.0,300.0,300.0,31.700000000000003,35.800000000000004,28.8,28.1,30.0,4.95,1.99,4.97,0.16,0.0,0.0,1027.0,8228.0,0.0,0.0,0.0,0.0,0.0,1.0,0.0,0.0,0.0,0.0,0.0,0.0,0.0,0.0,0.0,0.0,16.0,25903.0
2026-07-30T19:03:08.030Z,357.513,357.528,0.0,7.4,0.0,0.0,0.0,0.0,0.0,0.0,0.0,0.0,1.0,0.0,0.0,0.0,9.0,4.0,0.0,0.0,0.0,0.0,0.0,0.0,0.0,0.0,3.0,12.0,1.0,12.18,5.01,2.51,1.49,0.0,0.0,0.0,361.4,0.0,0.9,0.7000000000000001,0.0,-169.60000000000002,0.0,0.0,169.8,0.0,21.4,28.9,28.9,31.0,300.0,300.0,31.700000000000003,35.800000000000004,28.8,28.1,30.0,4.96,1.99,4.96,0.16,0.0,0.0,1027.0,8228.0,0.0,0.0,0.0,0.0,0.0,1.0,0.0,0.0,0.0,0.0,0.0,0.7000000000000001,0.0,0.2,0.0,0.0,16.0,25903.0
2026-07-30T19:03:08.042Z,357.525,357.54,0.0,7.4,0.0,0.0,0.0,0.0,0.0,0.0,0.0,0.0,1.0,0.0,0.0,0.0,9.0,4.0,0.0,0.0,0.0,0.0,0.0,0.0,0.0,0.0,4.0,12.0,1.0,12.18,5.01,2.51,1.49,0.0,0.0,0.0,361.4,0.0,0.3,-0.4,-0.6000000000000001,-169.60000000000002,0.0,0.0,169.70000000000002,0.0,21.4,28.9,28.9,31.0,300.0,300.0,31.700000000000003,35.800000000000004,28.8,28.1,30.0,4.95,1.99,4.96,0.16,0.0,0.0,1027.0,8228.0,0.0,0.0,0.0,0.0,0.0,1.0,0.0,0.0,0.0,0.0,0.0,-0.9,0.0,0.4,0.0,0.0,16.0,25903.0
2026-07-30T19:03:08.053Z,357.536,357.552,0.0,7.4,0.0,0.0,0.0,0.0,0.0,0.0,0.0,0.0,1.0,0.0,0.0,0.0,9.0,4.0,0.0,0.0,0.0,0.0,0.0,0.0,0.0,0.0,5.0,12.0,1.0,12.18,5.01,2.51,1.49,0.0,0.0,0.0,361.3,0.0,0.3,1.9,0.5,-169.60000000000002,0.0,0.0,169.70000000000002,0.0,21.4,28.9,28.9,31.0,300.0,300.0,31.700000000000003,35.800000000000004,28.8,28.1,30.0,4.95,1.99,4.96,0.16,0.0,0.0,1027.0,8228.0,0.0,0.0,0.0,0.0,0.0,1.0,0.0,0.0,0.0,0.0,0.0,2.5,0.0,0.0,0.0,0.0,16.0,25903.0
2026-07-30T19:03:08.066Z,357.549,357.564,0.0,7.4,0.0,0.0,0.0,0.0,0.0,0.0,0.0,0.0,1.0,0.0,0.0,0.0,9.0,4.0,0.0,0.0,0.0,0.0,0.0,0.0,0.0,0.0,6.0,12.0,1.0,12.18,5.01,2.51,1.49,0.0,0.0,0.0,361.4,0.0,-0.2,1.3,1.0,-169.60000000000002,0.0,0.0,169.70000000000002,0.0,21.4,28.9,28.9,31.0,300.0,300.0,31.700000000000003,35.800000000000004,28.8,28.1,30.0,4.95,1.99,4.96,0.16,0.0,0.0,1027.0,8228.0,0.0,0.0,0.0,0.0,0.0,1.0,0.0,0.0,0.0,0.0,0.0,2.3000000000000003,0.0,-0.6000000000000001,0.0,0.0,16.0,25903.0
2026-07-30T19:03:08.078Z,357.561,357.576,0.0,7.4,0.0,0.0,0.0,0.0,0.0,0.0,0.0,0.0,1.0,0.0,0.0,0.0,9.0,4.0,0.0,0.0,0.0,0.0,0.0,0.0,0.0,0.0,1.0,12.0,1.0,12.18,5.01,2.51,1.49,0.0,0.0,0.0,361.4,0.0,-0.2,-0.3,0.4,-169.70000000000002,0.0,0.0,169.8,0.0,21.4,28.9,28.9,31.0,300.0,300.0,31.700000000000003,35.800000000000004,28.8,28.1,30.0,4.96,1.99,4.96,0.16,0.0,0.0,1027.0,8228.0,0.0,0.0,0.0,0.0,0.0,1.0,0.0,0.0,0.0,0.0,0.0,0.0,0.0,-0.5,0.0,0.0,16.0,25903.0
2026-07-30T19:03:08.089Z,357.572,357.588,0.0,7.4,0.0,0.0,0.0,0.0,0.0,0.0,0.0,0.0,1.0,0.0,0.0,0.0,9.0,4.0,0.0,0.0,0.0,0.0,0.0,0.0,0.0,0.0,3.0,12.0,1.0,12.18,5.01,2.51,1.49,0.0,0.0,0.0,361.4,0.0,0.3,-0.4,-0.6000000000000001,-169.70000000000002,0.0,0.0,169.8,0.0,21.4,28.9,28.9,31.0,300.0,300.0,31.700000000000003,35.800000000000004,28.8,28.1,30.0,4.95,1.99,4.97,0.16,0.0,0.0,1027.0,8228.0,0.0,0.0,0.0,0.0,0.0,1.0,0.0,0.0,0.0,0.0,0.0,-0.9,0.0,0.4,0.0,0.0,16.0,25903.0
2026-07-30T19:03:08.102Z,357.585,357.6,0.0,7.4,0.0,0.0,0.0,0.0,0.0,0.0,0.0,0.0,1.0,0.0,0.0,0.0,9.0,4.0,0.0,0.0,0.0,0.0,0.0,0.0,0.0,0.0,4.0,12.0,1.0,12.14,5.0200000000000005,2.5,1.5,0.0,0.0,0.0,361.4,0.0,-0.8,0.7000000000000001,-0.7000000000000001,-169.70000000000002,0.0,0.0,169.60000000000002,0.0,21.3,28.9,28.9,30.9,300.0,300.0,32.0,35.800000000000004,28.8,28.0,29.9,4.95,1.99,4.97,0.16,0.0,0.0,1027.0,8228.0,0.0,0.0,0.0,0.0,0.0,1.0,0.0,0.0,0.0,0.0,0.0,0.3,0.0,0.7000000000000001,0.0,0.0,16.0,25903.0
2026-07-30T19:03:08.114Z,357.597,357.612,0.0,7.4,0.0,0.0,0.0,0.0,0.0,0.0,0.0,0.0,1.0,0.0,0.0,0.0,9.0,4.0,0.0,0.0,0.0,0.0,0.0,0.0,0.0,0.0,6.0,12.0,1.0,12.14,5.0200000000000005,2.5,1.5,0.0,0.0,0.0,361.3,0.0,-0.2,0.7000000000000001,-1.2000000000000002,-169.70000000000002,0.0,0.0,169.70000000000002,0.0,21.3,28.9,28.9,30.9,300.0,300.0,32.0,35.800000000000004,28.8,28.0,29.9,4.96,2.0,4.97,0.16,0.0,0.0,1027.0,8228.0,0.0,0.0,0.0,0.0,0.0,1.0,0.0,0.0,0.0,0.0,0.0,-1.8,0.0,1.5,0.0,0.0,16.0,25903.0
2026-07-30T19:03:08.126Z,357.609,357.624,0.0,7.4,0.0,0.0,0.0,0.0,0.0,0.0,0.0,0.0,1.0,0.0,0.0,0.0,9.0,4.0,0.0,0.0,0.0,0.0,0.0,0.0,0.0,0.0,1.0,12.0,1.0,12.14,5.0200000000000005,2.5,1.5,0.0,0.0,0.0,361.3,0.0,0.3,-0.4,-0.1,-169.70000000000002,0.0,0.0,169.70000000000002,0.0,21.3,28.9,28.9,30.9,300.0,300.0,32.0,35.800000000000004,28.8,28.0,29.9,4.95,2.0,4.97,0.16,0.0,0.0,1027.0,8228.0,0.0,0.0,0.0,0.0,0.0,1.0,0.0,0.0,0.0,0.0,0.0,0.9,0.0,-0.9,0.0,0.0,16.0,25903.0
2026-07-30T19:03:08.137Z,357.62,357.636,0.0,7.4,0.0,0.0,0.0,0.0,0.0,0.0,0.0,0.0,1.0,0.0,0.0,0.0,9.0,4.0,0.0,0.0,0.0,0.0,0.0,0.0,0.0,0.0,3.0,12.0,1.0,12.14,5.0200000000000005,2.5,1.5,0.0,0.0,0.0,361.4,0.0,-0.8,-1.0,-0.7000000000000001,-169.60000000000002,0.0,0.0,169.60000000000002,0.0,21.3,28.9,28.9,30.9,300.0,300.0,32.0,35.800000000000004,28.8,28.0,29.9,4.96,1.99,4.97,0.16,0.0,0.0,1027.0,8228.0,0.0,0.0,0.0,0.0,0.0,1.0,0.0,0.0,0.0,0.0,0.0,0.5,0.0,-0.3,0.0,0.0,16.0,25903.0
2026-07-30T19:03:08.150Z,357.633,357.648,0.0,7.4,0.0,0.0,0.0,0.0,0.0,0.0,0.0,0.0,1.0,0.0,0.0,0.0,9.0,4.0,0.0,0.0,0.0,0.0,0.0,0.0,0.0,0.0,4.0,12.0,1.0,12.14,5.0200000000000005,2.5,1.5,0.0,0.0,0.0,361.3,0.0,0.9,0.6000000000000001,-0.7000000000000001,-169.60000000000002,0.0,0.0,169.70000000000002,0.0,21.3,28.9,28.9,30.9,300.0,300.0,32.0,35.800000000000004,28.8,28.0,29.9,4.96,1.99,4.96,0.16,0.0,0.0,1027.0,8228.0,0.0,0.0,0.0,0.0,0.0,1.0,0.0,0.0,0.0,0.0,0.0,2.0,0.0,-1.2000000000000002,0.0,0.0,16.0,25903.0
2026-07-30T19:03:08.162Z,357.645,357.66,0.0,7.4,0.0,0.0,0.0,0.0,0.0,0.0,0.0,0.0,1.0,0.0,0.0,0.0,9.0,4.0,0.0,0.0,0.0,0.0,0.0,0.0,0.0,0.0,6.0,12.0,1.0,12.14,5.0200000000000005,2.5,1.5,0.0,0.0,0.0,361.3,0.0,0.2,1.2000000000000002,-0.7000000000000001,-169.60000000000002,0.0,0.0,169.60000000000002,0.0,21.3,28.9,28.9,30.9,300.0,300.0,32.0,35.800000000000004,28.8,28.0,29.9,4.95,1.99,4.96,0.16,0.0,0.0,1027.0,8228.0,0.0,0.0,0.0,0.0,0.0,1.0,0.0,0.0,0.0,0.0,0.0,0.8,0.0,0.9,0.0,0.0,16.0,25903.0
2026-07-30T19:03:08.174Z,357.657,357.672,0.0,7.4,0.0,0.0,0.0,0.0,0.0,0.0,0.0,0.0,1.0,0.0,0.0,0.0,9.0,4.0,0.0,0.0,0.0,0.0,0.0,0.0,0.0,0.0,1.0,12.0,1.0,12.14,5.0200000000000005,2.5,1.5,0.0,0.0,0.0,361.3,0.0,0.2,-0.4,-0.7000000000000001,-169.60000000000002,0.0,0.0,169.60000000000002,0.0,21.3,28.9,28.9,30.9,300.0,300.0,32.0,35.800000000000004,28.8,28.0,29.9,4.95,1.99,4.96,0.16,0.0,0.0,1027.0,8228.0,0.0,0.0,0.0,0.0,0.0,1.0,0.0,0.0,0.0,0.0,0.0,-1.1,0.0,0.5,0.0,0.0,16.0,25903.0
2026-07-30T19:03:08.186Z,357.669,357.684,0.0,7.4,0.0,0.0,0.0,0.0,0.0,0.0,0.0,0.0,1.0,0.0,0.0,0.0,9.0,4.0,0.0,0.0,0.0,0.0,0.0,0.0,0.0,0.0,2.0,12.0,1.0,12.14,5.0200000000000005,2.5,1.5,0.0,0.0,0.0,361.4,0.0,-0.8,0.0,0.9,-169.60000000000002,0.0,0.0,169.70000000000002,0.0,21.3,28.9,28.9,30.9,300.0,300.0,32.0,35.800000000000004,28.8,28.0,29.9,4.96,1.99,4.96,0.16,0.0,0.0,1027.0,8228.0,0.0,0.0,0.0,0.0,0.0,1.0,0.0,0.0,0.0,0.0,0.0,0.8,0.0,-0.8,0.0,0.0,16.0,25903.0
2026-07-30T19:03:08.199Z,357.682,357.696,0.0,7.4,0.0,0.0,0.0,0.0,0.0,0.0,0.0,0.0,1.0,0.0,0.0,0.0,9.0,4.0,0.0,0.0,0.0,0.0,0.0,0.0,0.0,0.0,3.0,12.0,1.0,12.15,5.0200000000000005,2.51,1.49,0.0,0.0,0.0,361.3,0.0,0.3,0.0,-0.7000000000000001,-169.60000000000002,0.0,0.0,169.60000000000002,0.0,21.9,28.9,28.9,30.9,300.0,300.0,32.0,35.9,28.8,28.1,29.9,4.96,2.0,4.96,0.16,0.0,0.0,1027.0,8228.0,0.0,0.0,0.0,0.0,0.0,1.0,0.0,0.0,0.0,0.0,0.0,-0.4,0.0,0.6000000000000001,0.0,0.0,16.0,25903.0
2026-07-30T19:03:08.210Z,357.693,357.708,0.0,7.4,0.0,0.0,0.0,0.0,0.0,0.0,0.0,0.0,1.0,0.0,0.0,0.0,9.0,4.0,0.0,0.0,0.0,0.0,0.0,0.0,0.0,0.0,5.0,12.0,1.0,12.15,5.0200000000000005,2.51,1.49,0.0,0.0,0.0,361.3,0.0,0.3,0.0,1.0,-169.60000000000002,0.0,0.0,169.70000000000002,0.0,21.9,28.9,28.9,30.9,300.0,300.0,32.0,35.9,28.8,28.1,29.9,4.95,1.99,4.96,0.16,0.0,0.0,1027.0,8228.0,0.0,0.0,0.0,0.0,0.0,1.0,0.0,0.0,0.0,0.0,0.0,0.8,0.0,-0.9,0.0,0.0,16.0,25903.0
2026-07-30T19:03:08.221Z,357.704,357.72,0.0,7.4,0.0,0.0,0.0,0.0,0.0,0.0,0.0,0.0,1.0,0.0,0.0,0.0,9.0,4.0,0.0,0.0,0.0,0.0,0.0,0.0,0.0,0.0,6.0,12.0,1.0,12.15,5.0200000000000005,2.51,1.49,0.0,0.0,0.0,361.4,0.0,-0.2,-1.1,-1.2000000000000002,-169.60000000000002,0.0,0.0,169.60000000000002,0.0,21.9,28.9,28.9,30.9,300.0,300.0,32.0,35.9,28.8,28.1,29.9,4.96,1.99,4.97,0.16,0.0,0.0,1027.0,8228.0,0.0,0.0,0.0,0.0,0.0,1.0,0.0,0.0,0.0,0.0,0.0,-2.2,0.0,0.8,0.0,0.0,16.0,25903.0
2026-07-30T19:03:08.234Z,357.717,357.732,0.0,7.4,0.0,0.0,0.0,0.0,0.0,0.0,0.0,0.0,1.0,0.0,0.0,0.0,9.0,4.0,0.0,0.0,0.0,0.0,0.0,0.0,0.0,0.0,1.0,12.0,1.0,12.15,5.0200000000000005,2.51,1.49,0.0,0.0,0.0,361.3,0.0,0.3,-0.4,-0.6000000000000001,-169.60000000000002,0.0,0.0,169.60000000000002,0.0,21.9,28.9,28.9,30.9,300.0,300.0,32.0,35.9,28.8,28.1,29.9,4.96,1.99,4.96,0.16,0.0,0.0,1027.0,8228.0,0.0,0.0,0.0,0.0,0.0,1.0,0.0,0.0,0.0,0.0,0.0,-1.0,0.0,0.4,0.0,0.0,16.0,25903.0
2026-07-30T19:03:08.246Z,357.729,357.744,0.0,7.4,0.0,0.0,0.0,0.0,0.0,0.0,0.0,0.0,1.0,0.0,0.0,0.0,9.0,4.0,0.0,0.0,0.0,0.0,0.0,0.0,0.0,0.0,3.0,12.0,1.0,12.15,5.0200000000000005,2.51,1.49,0.0,0.0,0.0,361.4,0.0,-1.3,0.1,0.5,-169.60000000000002,0.0,0.0,169.70000000000002,0.0,21.9,28.9,28.9,30.9,300.0,300.0,32.0,35.9,28.8,28.1,29.9,4.96,1.99,4.97,0.15,0.0,0.0,1027.0,8228.0,0.0,0.0,0.0,0.0,0.0,1.0,0.0,0.0,0.0,0.0,0.0,0.6000000000000001,0.0,-0.4,0.0,0.0,16.0,25903.0
2026-07-30T19:03:08.258Z,357.741,357.75600000000003,0.0,7.4,0.0,0.0,0.0,0.0,0.0,0.0,0.0,0.0,1.0,0.0,0.0,0.0,9.0,4.0,0.0,0.0,0.0,0.0,0.0,0.0,0.0,0.0,4.0,12.0,1.0,12.15,5.0200000000000005,2.51,1.49,0.0,0.0,0.0,361.4,0.0,-0.8,0.7000000000000001,0.0,-169.60000000000002,0.0,0.0,169.8,0.0,21.9,28.9,28.9,30.9,300.0,300.0,32.0,35.9,28.8,28.1,29.9,4.95,2.0,4.97,0.16,0.0,0.0,1027.0,8228.0,0.0,0.0,0.0,0.0,0.0,1.0,0.0,0.0,0.0,0.0,0.0,0.8,0.0,0.1,0.0,0.0,16.0,25903.0
2026-07-30T19:03:08.269Z,357.752,357.76800000000003,0.0,7.4,0.0,0.0,0.0,0.0,0.0,0.0,0.0,0.0,1.0,0.0,0.0,0.0,9.0,4.0,0.0,0.0,0.0,0.0,0.0,0.0,0.0,0.0,5.0,12.0,1.0,12.15,5.0200000000000005,2.51,1.49,0.0,0.0,0.0,361.3,0.0,0.9,1.3,1.7000000000000002,-169.60000000000002,0.0,0.0,169.8,0.0,21.9,28.9,28.9,30.9,300.0,300.0,32.0,35.9,28.8,28.1,29.9,4.96,2.0,4.97,0.16,0.0,0.0,1027.0,8228.0,0.0,0.0,0.0,0.0,0.0,1.0,0.0,0.0,0.0,0.0,0.0,2.8000000000000003,0.0,-1.2000000000000002,0.0,0.0,16.0,25903.0
2026-07-30T19:03:08.282Z,357.765,357.78000000000003,0.0,7.4,0.0,0.0,0.0,0.0,0.0,0.0,0.0,0.0,1.0,0.0,0.0,0.0,9.0,4.0,0.0,0.0,0.0,0.0,0.0,0.0,0.0,0.0,6.0,12.0,1.0,12.15,5.0200000000000005,2.51,1.49,0.0,0.0,0.0,361.3,0.0,0.9,-0.4,-0.6000000000000001,-169.60000000000002,0.0,0.0,169.8,0.0,21.9,28.9,28.9,30.9,300.0,300.0,32.0,35.9,28.8,28.1,29.9,4.95,1.99,4.97,0.16,0.0,0.0,1027.0,8228.0,0.0,0.0,0.0,0.0,0.0,1.0,0.0,0.0,0.0,0.0,0.0,-0.9,0.0,0.4,0.0,0.0,16.0,25903.0
2026-07-30T19:03:08.293Z,357.776,357.79200000000003,0.0,7.4,0.0,0.0,0.0,0.0,0.0,0.0,0.0,0.0,1.0,0.0,0.0,0.0,9.0,4.0,0.0,0.0,0.0,0.0,0.0,0.0,0.0,0.0,2.0,12.0,1.0,12.15,5.0200000000000005,2.51,1.49,0.0,0.0,0.0,361.4,0.0,-0.2,-0.4,-1.1,-169.60000000000002,0.0,0.0,169.70000000000002,0.0,21.9,28.9,28.9,30.9,300.0,300.0,32.0,35.9,28.8,28.1,29.9,4.95,1.99,4.97,0.16,0.0,0.0,1027.0,8228.0,0.0,0.0,0.0,0.0,0.0,1.0,0.0,0.0,0.0,0.0,0.0,-1.4,0.0,0.9,0.0,0.0,16.0,25903.0
2026-07-30T19:03:08.306Z,357.789,357.80400000000003,0.0,7.4,0.0,0.0,0.0,0.0,0.0,0.0,0.0,0.0,1.0,0.0,0.0,0.0,9.0,4.0,0.0,0.0,0.0,0.0,0.0,0.0,0.0,0.0,3.0,12.0,1.0,12.17,5.0200000000000005,2.51,1.49,0.0,0.0,0.0,361.4,0.0,-0.8,-0.4,0.0,-169.60000000000002,0.0,0.0,169.70000000000002,0.0,21.3,28.9,28.9,30.9,300.0,300.0,31.9,35.9,28.9,28.1,30.0,4.95,1.99,4.97,0.16,0.0,0.0,1027.0,8228.0,0.0,0.0,0.0,0.0,0.0,1.0,0.0,0.0,0.0,0.0,0.0,-0.5,0.0,0.0,0.0,0.0,16.0,25903.0
2026-07-30T19:03:08.318Z,357.801,357.81600000000003,0.0,7.4,0.0,0.0,0.0,0.0,0.0,0.0,0.0,0.0,1.0,0.0,0.0,0.0,9.0,4.0,0.0,0.0,0.0,0.0,0.0,0.0,0.0,0.0,5.0,12.0,1.0,12.17,5.0200000000000005,2.51,1.49,0.0,0.1,0.0,361.3,0.0,-0.8,1.2000000000000002,1.1,-169.60000000000002,0.0,0.0,169.8,0.0,21.3,28.9,28.9,30.9,300.0,300.0,31.9,35.9,28.9,28.1,30.0,4.96,1.99,4.96,0.16,0.0,0.0,1027.0,8228.0,0.0,0.0,0.0,0.0,0.0,1.0,0.0,0.0,0.0,0.0,0.0,2.3000000000000003,0.0,-0.7000000000000001,0.0,0.0,16.0,25903.0
2026-07-30T19:03:08.330Z,357.813,357.82800000000003,0.0,7.4,0.0,0.0,0.0,0.0,0.0,0.0,0.0,0.0,1.0,0.0,0.0,0.0,9.0,4.0,0.0,0.0,0.0,0.0,0.0,0.0,0.0,0.0,6.0,12.0,1.0,12.17,5.0200000000000005,2.51,1.49,0.0,0.0,0.0,361.4,0.0,-1.4,-1.0,-1.8,-169.60000000000002,0.0,0.0,169.8,0.0,21.3,28.9,28.9,30.9,300.0,300.0,31.9,35.9,28.9,28.1,30.0,4.95,2.0,4.96,0.16,0.0,0.0,1027.0,8228.0,0.0,0.0,0.0,0.0,0.0,1.0,0.0,0.0,0.0,0.0,0.0,-2.6,0.0,1.4,0.0,0.0,16.0,25903.0
2026-07-30T19:03:08.342Z,357.825,357.84000000000003,0.0,7.4,0.0,0.0,0.0,0.0,0.0,0.0,0.0,0.0,1.0,0.0,0.0,0.0,9.0,4.0,0.0,0.0,0.0,0.0,0.0,0.0,0.0,0.0,1.0,12.0,1.0,12.17,5.0200000000000005,2.51,1.49,0.0,0.0,0.0,361.4,0.0,-0.8,0.6000000000000001,0.0,-169.70000000000002,0.0,0.0,169.8,0.0,21.3,28.9,28.9,30.9,300.0,300.0,31.9,35.9,28.9,28.1,30.0,4.95,1.99,4.96,0.16,0.0,0.0,1027.0,8228.0,0.0,0.0,0.0,0.0,0.0,1.0,0.0,0.0,0.0,0.0,0.0,0.6000000000000001,0.0,0.2,0.0,0.0,16.0,25903.0
2026-07-30T19:03:08.354Z,357.837,357.85200000000003,0.0,7.4,0.0,0.0,0.0,0.0,0.0,0.0,0.0,0.0,1.0,0.0,0.0,0.0,9.0,4.0,0.0,0.0,0.0,0.0,0.0,0.0,0.0,0.0,3.0,12.0,1.0,12.17,5.0200000000000005,2.51,1.49,0.0,0.0,0.0,361.4,0.0,0.3,0.0,-0.6000000000000001,-169.70000000000002,0.0,0.0,169.8,0.0,21.3,28.9,28.9,30.9,300.0,300.0,31.9,35.9,28.9,28.1,30.0,4.95,2.0,4.96,0.16,0.0,0.0,1027.0,8228.0,0.0,0.0,0.0,0.0,0.0,1.0,0.0,0.0,0.0,0.0,0.0,-0.4,0.0,0.6000000000000001,0.0,0.0,16.0,25903.0
2026-07-30T19:03:08.365Z,357.848,357.86400000000003,0.0,7.4,0.0,0.0,0.0,0.0,0.0,0.0,0.0,0.0,1.0,0.0,0.0,0.0,9.0,4.0,0.0,0.0,0.0,0.0,0.0,0.0,0.0,0.0,4.0,12.0,1.0,12.17,5.0200000000000005,2.51,1.49,0.0,0.1,0.0,361.4,0.0,-0.2,0.0,1.0,-169.70000000000002,0.0,0.0,169.70000000000002,0.0,21.3,28.9,28.9,30.9,300.0,300.0,31.9,35.9,28.9,28.1,30.0,4.96,2.0,4.97,0.16,0.0,0.0,1027.0,8228.0,0.0,0.0,0.0,0.0,0.0,1.0,0.0,0.0,0.0,0.0,0.0,0.8,0.0,-0.8,0.0,0.0,16.0,25903.0
2026-07-30T19:03:08.378Z,357.861,357.87600000000003,0.0,7.4,0.0,0.0,0.0,0.0,0.0,0.0,0.0,0.0,1.0,0.0,0.0,0.0,9.0,4.0,0.0,0.0,0.0,0.0,0.0,0.0,0.0,0.0,5.0,12.0,1.0,12.17,5.0200000000000005,2.51,1.49,0.0,0.0,0.0,361.3,0.0,-0.1,-0.5,0.4,-169.70000000000002,0.0,0.0,169.70000000000002,0.0,21.3,28.9,28.9,30.9,300.0,300.0,31.9,35.9,28.9,28.1,30.0,4.95,1.99,4.97,0.16,0.0,0.0,1027.0,8228.0,0.0,0.0,0.0,0.0,0.0,1.0,0.0,0.0,0.0,0.0,0.0,-0.3,0.0,-0.4,0.0,0.0,16.0,25903.0
2026-07-30T19:03:08.390Z,357.873,357.88800000000003,0.0,7.4,0.0,0.0,0.0,0.0,0.0,0.0,0.0,0.0,1.0,0.0,0.0,0.0,9.0,4.0,0.0,0.0,0.0,0.0,0.0,0.0,0.0,0.0,1.0,12.0,1.0,12.17,5.0200000000000005,2.51,1.49,0.0,0.0,0.0,361.3,0.0,0.9,0.0,0.9,-169.70000000000002,0.0,0.0,169.70000000000002,0.0,21.3,28.9,28.9,30.9,300.0,300.0,31.9,35.9,28.9,28.1,30.0,4.95,1.99,4.96,0.16,0.0,0.0,1027.0,8228.0,0.0,0.0,0.0,0.0,0.0,1.0,0.0,0.0,0.0,0.0,0.0,0.7000000000000001,0.0,-0.8,0.0,0.0,16.0,25903.0
2026-07-30T19:03:08.403Z,357.886,357.90000000000003,0.0,7.4,0.0,0.0,0.0,0.0,0.0,0.0,0.0,0.0,1.0,0.0,0.0,0.0,9.0,4.0,0.0,0.0,0.0,0.0,0.0,0.0,0.0,0.0,2.0,12.0,1.0,12.14,5.01,2.51,1.49,0.0,0.0,0.0,361.4,0.0,0.4,0.0,-0.7000000000000001,-169.70000000000002,0.0,0.0,169.60000000000002,0.0,21.700000000000003,28.9,28.9,31.0,300.0,300.0,31.6,35.9,28.9,28.1,30.0,4.96,1.99,4.96,0.16,0.0,0.0,1027.0,8228.0,0.0,0.0,0.0,0.0,0.0,1.0,0.0,0.0,0.0,0.0,0.0,-0.5,0.0,0.6000000000000001,0.0,0.0,16.0,25903.0
2026-07-30T19:03:08.414Z,357.897,357.91200000000003,0.0,7.4,0.0,0.0,0.0,0.0,0.0,0.0,0.0,0.0,1.0,0.0,0.0,0.0,9.0,4.0,0.0,0.0,0.0,0.0,0.0,0.0,0.0,0.0,4.0,12.0,1.0,12.14,5.01,2.51,1.49,0.0,0.0,0.0,361.3,0.0,-0.1,0.6000000000000001,-0.1,-169.70000000000002,0.0,0.0,169.70000000000002,0.0,21.700000000000003,28.9,28.9,31.0,300.0,300.0,31.6,35.9,28.9,28.1,30.0,4.95,1.99,4.97,0.16,0.0,0.0,1027.0,8228.0,0.0,0.0,0.0,0.0,0.0,1.0,0.0,0.0,0.0,0.0,0.0,0.5,0.0,0.2,0.0,0.0,16.0,25903.0
2026-07-30T19:03:08.426Z,357.909,357.92400000000004,0.0,7.4,0.0,0.0,0.0,0.0,0.0,0.0,0.0,0.0,1.0,0.0,0.0,0.0,9.0,4.0,0.0,0.0,0.0,0.0,0.0,0.0,0.0,0.0,5.0,12.0,1.0,12.14,5.01,2.51,1.49,0.0,0.0,0.0,361.4,0.0,0.4,0.6000000000000001,0.4,-169.70000000000002,0.0,0.0,169.8,0.0,21.700000000000003,28.9,28.9,31.0,300.0,300.0,31.6,35.9,28.9,28.1,30.0,4.96,1.99,4.97,0.16,0.0,0.0,1027.0,8228.0,0.0,0.0,0.0,0.0,0.0,1.0,0.0,0.0,0.0,0.0,0.0,1.0,0.0,-0.2,0.0,0.0,16.0,25903.0
2026-07-30T19:03:08.437Z,357.92,357.93600000000004,0.0,7.4,0.0,0.0,0.0,0.0,0.0,0.0,0.0,0.0,1.0,0.0,0.0,0.0,9.0,4.0,0.0,0.0,0.0,0.0,0.0,0.0,0.0,0.0,1.0,12.0,1.0,12.14,5.01,2.51,1.49,0.0,0.1,0.0,361.4,0.0,0.4,0.0,-0.1,-169.70000000000002,0.0,0.0,169.70000000000002,0.0,21.700000000000003,28.9,28.9,31.0,300.0,300.0,31.6,35.9,28.9,28.1,30.0,4.96,1.99,4.97,0.16,0.0,0.0,1027.0,8228.0,0.0,0.0,0.0,0.0,0.0,1.0,0.0,0.0,0.0,0.0,0.0,0.0,0.0,0.1,0.0,0.0,16.0,25903.0
2026-07-30T19:03:08.450Z,357.933,357.948,0.0,7.4,0.0,0.0,0.0,0.0,0.0,0.0,0.0,0.0,1.0,0.0,0.0,0.0,9.0,4.0,0.0,0.0,0.0,0.0,0.0,0.0,0.0,0.0,2.0,12.0,1.0,12.14,5.01,2.51,1.49,0.0,0.0,0.0,361.4,0.0,-0.1,1.2000000000000002,0.4,-169.70000000000002,0.0,0.0,169.8,0.0,21.700000000000003,28.9,28.9,31.0,300.0,300.0,31.6,35.9,28.9,28.1,30.0,4.96,1.99,4.97,0.16,0.0,0.0,1027.0,8228.0,0.0,0.0,0.0,0.0,0.0,1.0,0.0,0.0,0.0,0.0,0.0,1.7000000000000002,0.0,-0.1,0.0,0.0,16.0,25903.0
2026-07-30T19:03:08.462Z,357.945,357.96,0.0,7.4,0.0,0.0,0.0,0.0,0.0,0.0,0.0,0.0,1.0,0.0,0.0,0.0,9.0,4.0,0.0,0.0,0.0,0.0,0.0,0.0,0.0,0.0,4.0,12.0,1.0,12.14,5.01,2.51,1.49,0.0,0.0,0.0,361.3,0.0,-0.1,0.0,-0.7000000000000001,-169.70000000000002,0.0,0.0,169.8,0.0,21.700000000000003,28.9,28.9,31.0,300.0,300.0,31.6,35.9,28.9,28.1,30.0,4.94,1.99,4.97,0.16,0.0,0.0,1027.0,8228.0,0.0,0.0,0.0,0.0,0.0,1.0,0.0,0.0,0.0,0.0,0.0,-0.4,0.0,0.6000000000000001,0.0,0.0,16.0,25903.0
2026-07-30T19:03:08.474Z,357.957,357.972,0.0,7.4,0.0,0.0,0.0,0.0,0.0,0.0,0.0,0.0,1.0,0.0,0.0,0.0,9.0,4.0,0.0,0.0,0.0,0.0,0.0,0.0,0.0,0.0,5.0,12.0,1.0,12.14,5.01,2.51,1.49,0.0,0.1,0.0,361.3,0.0,0.4,-1.1,-0.1,-169.70000000000002,0.0,0.0,169.70000000000002,0.0,21.700000000000003,28.9,28.9,31.0,300.0,300.0,31.6,35.9,28.9,28.1,30.0,4.96,1.99,4.97,0.16,0.0,0.0,1027.0,8228.0,0.0,0.0,0.0,0.0,0.0,1.0,0.0,0.0,0.0,0.0,0.0,-1.3,0.0,0.0,0.0,0.0,16.0,25903.0
2026-07-30T19:03:08.486Z,357.969,357.984,0.0,7.4,0.0,0.0,0.0,0.0,0.0,0.0,0.0,0.0,1.0,0.0,0.0,0.0,9.0,4.0,0.0,0.0,0.0,0.0,0.0,0.0,0.0,0.0,6.0,12.0,1.0,12.14,5.01,2.51,1.49,0.0,0.0,0.0,361.3,0.0,-0.1,0.5,-0.2,-169.70000000000002,0.0,0.0,169.70000000000002,0.0,21.700000000000003,28.9,28.9,31.0,300.0,300.0,31.6,35.9,28.9,28.1,30.0,4.96,1.99,4.97,0.16,0.0,0.0,1027.0,8228.0,0.0,0.0,0.0,0.0,0.0,1.0,0.0,0.0,0.0,0.0,0.0,0.4,0.0,0.3,0.0,0.0,16.0,25903.0
2026-07-30T19:03:08.498Z,357.981,357.996,0.0,7.4,0.0,0.0,0.0,0.0,0.0,0.0,0.0,0.0,1.0,0.0,0.0,0.0,9.0,4.0,0.0,0.0,0.0,0.0,0.0,0.0,0.0,0.0,1.0,12.0,1.0,12.14,5.01,2.51,1.49,0.0,0.0,0.0,361.3,0.0,-0.1,0.0,0.3,-169.70000000000002,0.0,0.0,169.8,0.0,21.700000000000003,28.9,28.9,31.0,300.0,300.0,31.6,35.9,28.9,28.1,30.0,4.95,1.99,4.97,0.16,0.0,0.0,1027.0,8228.0,0.0,0.0,0.0,0.0,0.0,1.0,0.0,0.0,0.0,0.0,0.0,0.2,0.0,-0.3,0.0,0.0,16.0,25903.0
2026-07-30T19:03:08.509Z,357.992,358.008,0.0,7.4,0.0,0.0,0.0,0.0,0.0,0.0,0.0,0.0,1.0,0.0,0.0,0.0,9.0,4.0,0.0,0.0,0.0,0.0,0.0,0.0,0.0,0.0,3.0,12.0,1.0,12.19,5.01,2.51,1.49,0.0,0.0,0.0,361.3,0.0,0.4,0.6000000000000001,-0.1,-169.70000000000002,0.0,0.0,169.70000000000002,0.0,21.200000000000003,28.9,28.9,31.0,300.0,300.0,31.6,35.9,28.9,28.1,29.9,4.95,1.99,4.96,0.16,0.0,0.0,1027.0,8228.0,0.0,0.0,0.0,0.0,0.0,1.0,0.0,0.0,0.0,0.0,0.0,0.5,0.0,0.3,0.0,0.0,16.0,25903.0
2026-07-30T19:03:08.522Z,358.005,358.02,0.0,7.4,0.0,0.0,0.0,0.0,0.0,0.0,0.0,0.0,1.0,0.0,0.0,0.0,9.0,4.0,0.0,0.0,0.0,0.0,0.0,0.0,0.0,0.0,5.0,12.0,1.0,12.19,5.01,2.51,1.49,0.0,0.0,0.0,361.4,0.0,1.0,0.6000000000000001,-0.1,-169.70000000000002,0.0,0.0,169.8,0.0,21.200000000000003,28.9,28.9,31.0,300.0,300.0,31.6,35.9,28.9,28.1,29.9,4.96,1.99,4.96,0.16,0.0,0.0,1027.0,8228.0,0.0,0.0,0.0,0.0,0.0,1.0,0.0,0.0,0.0,0.0,0.0,0.5,0.0,0.2,0.0,0.0,16.0,25903.0
2026-07-30T19:03:08.534Z,358.017,358.032,0.0,7.4,0.0,0.0,0.0,0.0,0.0,0.0,0.0,0.0,1.0,0.0,0.0,0.0,9.0,4.0,0.0,0.0,0.0,0.0,0.0,0.0,0.0,0.0,6.0,12.0,1.0,12.19,5.01,2.51,1.49,0.0,0.0,0.0,361.3,0.0,-0.1,0.6000000000000001,-0.7000000000000001,-169.70000000000002,0.0,0.0,169.8,0.0,21.200000000000003,28.9,28.9,31.0,300.0,300.0,31.6,35.9,28.9,28.1,29.9,4.96,1.99,4.97,0.16,0.0,0.0,1027.0,8228.0,0.0,0.0,0.0,0.0,0.0,1.0,0.0,0.0,0.0,0.0,0.0,0.1,0.0,0.7000000000000001,0.0,0.0,16.0,25903.0
2026-07-30T19:03:08.546Z,358.029,358.044,0.0,7.4,0.0,0.0,0.0,0.0,0.0,0.0,0.0,0.0,1.0,0.0,0.0,0.0,9.0,4.0,0.0,0.0,0.0,0.0,0.0,0.0,0.0,0.0,1.0,12.0,1.0,12.19,5.01,2.51,1.49,0.0,0.0,0.0,361.2000000000001,0.0,0.4,0.6000000000000001,0.4,-169.70000000000002,0.0,0.0,169.70000000000002,0.0,21.200000000000003,28.9,28.9,31.0,300.0,300.0,31.6,35.9,28.9,28.1,29.9,4.96,1.99,4.97,0.16,0.0,0.0,1027.0,8228.0,0.0,0.0,0.0,0.0,0.0,1.0,0.0,0.0,0.0,0.0,0.0,1.0,0.0,-0.2,0.0,0.0,16.0,25903.0
2026-07-30T19:03:08.558Z,358.041,358.056,0.0,7.4,0.0,0.0,0.0,0.0,0.0,0.0,0.0,0.0,1.0,0.0,0.0,0.0,9.0,4.0,0.0,0.0,0.0,0.0,0.0,0.0,0.0,0.0,2.0,12.0,1.0,12.19,5.01,2.51,1.49,0.0,0.0,0.0,361.3,0.0,-0.7000000000000001,-0.4,2.2,-169.70000000000002,0.0,0.0,169.8,0.0,21.200000000000003,28.9,28.9,31.0,300.0,300.0,31.6,35.9,28.9,28.1,29.9,4.96,1.99,4.96,0.16,0.0,0.0,1027.0,8228.0,0.0,0.0,0.0,0.0,0.0,1.0,0.0,0.0,0.0,0.0,0.0,1.1,0.0,-2.0,0.0,0.0,16.0,25903.0
2026-07-30T19:03:08.570Z,358.053,358.068,0.0,7.4,0.0,0.0,0.0,0.0,0.0,0.0,0.0,0.0,1.0,0.0,0.0,0.0,9.0,4.0,0.0,0.0,0.0,0.0,0.0,0.0,0.0,0.0,2.0,12.0,1.0,12.19,5.01,2.51,1.49,0.0,0.0,0.0,361.3,0.0,-0.1,0.6000000000000001,1.0,-169.70000000000002,0.0,0.0,169.8,0.0,21.200000000000003,28.9,28.9,31.0,300.0,300.0,31.6,35.9,28.9,28.1,29.9,4.95,1.99,4.97,0.16,0.0,0.0,1027.0,8228.0,0.0,0.0,0.0,0.0,0.0,1.0,0.0,0.0,0.0,0.0,0.0,1.5,0.0,-0.7000000000000001,0.0,0.0,16.0,25903.0
2026-07-30T19:03:08.582Z,358.065,358.08,0.0,7.4,0.0,0.0,0.0,0.0,0.0,0.0,0.0,0.0,1.0,0.0,0.0,0.0,9.0,4.0,0.0,0.0,0.0,0.0,0.0,0.0,0.0,0.0,4.0,12.0,1.0,12.19,5.01,2.51,1.49,0.0,0.0,0.0,361.4,0.0,0.4,0.6000000000000001,-0.7000000000000001,-169.70000000000002,0.0,0.0,169.70000000000002,0.0,21.200000000000003,28.9,28.9,31.0,300.0,300.0,31.6,35.9,28.9,28.1,29.9,4.95,1.99,4.96,0.16,0.0,0.0,1027.0,8228.0,0.0,0.0,0.0,0.0,0.0,1.0,0.0,0.0,0.0,0.0,0.0,0.2,0.0,0.7000000000000001,0.0,0.0,16.0,25903.0
2026-07-30T19:03:08.593Z,358.076,358.092,0.0,7.4,0.0,0.0,0.0,0.0,0.0,0.0,0.0,0.0,1.0,0.0,0.0,0.0,9.0,4.0,0.0,0.0,0.0,0.0,0.0,0.0,0.0,0.0,5.0,12.0,1.0,12.19,5.01,2.51,1.49,0.0,0.0,0.0,361.3,0.0,0.3,0.6000000000000001,1.6,-169.70000000000002,0.0,0.0,169.8,0.0,21.200000000000003,28.9,28.9,31.0,300.0,300.0,31.6,35.9,28.9,28.1,29.9,4.96,1.99,4.96,0.16,0.0,0.0,1027.0,8228.0,0.0,0.0,0.0,0.0,0.0,1.0,0.0,0.0,0.0,0.0,0.0,2.0,0.0,-1.3,0.0,0.0,16.0,25903.0
2026-07-30T19:03:08.606Z,358.089,358.104,0.0,7.4,0.0,0.0,0.0,0.0,0.0,0.0,0.0,0.0,1.0,0.0,0.0,0.0,9.0,4.0,0.0,0.0,0.0,0.0,0.0,0.0,0.0,0.0,6.0,12.0,1.0,12.17,5.0200000000000005,2.51,1.49,0.0,0.0,0.0,361.3,0.0,-0.1,-0.4,-0.1,-169.70000000000002,0.0,0.0,169.70000000000002,0.0,21.700000000000003,28.9,28.9,30.9,300.0,300.0,31.6,35.9,28.9,28.1,29.9,4.95,1.99,4.97,0.16,0.0,0.0,1027.0,8228.0,0.0,0.0,0.0,0.0,0.0,1.0,0.0,0.0,0.0,0.0,0.0,-0.6000000000000001,0.0,0.0,0.0,0.0,16.0,25903.0
2026-07-30T19:03:08.618Z,358.101,358.116,0.0,7.4,0.0,0.0,0.0,0.0,0.0,0.0,0.0,0.0,1.0,0.0,0.0,0.0,9.0,4.0,0.0,0.0,0.0,0.0,0.0,0.0,0.0,0.0,1.0,12.0,1.0,12.17,5.0200000000000005,2.51,1.49,0.0,0.0,0.0,361.3,0.0,-0.2,-1.1,-1.2000000000000002,-169.70000000000002,0.0,0.0,169.70000000000002,0.0,21.700000000000003,28.9,28.9,30.9,300.0,300.0,31.6,35.9,28.9,28.1,29.9,4.96,1.99,4.97,0.16,0.0,0.0,1027.0,8228.0,0.0,0.0,0.0,0.0,0.0,1.0,0.0,0.0,0.0,0.0,0.0,-2.2,0.0,0.9,0.0,0.0,16.0,25903.0
2026-07-30T19:03:08.630Z,358.113,358.128,0.0,7.4,0.0,0.0,0.0,0.0,0.0,0.0,0.0,0.0,1.0,0.0,0.0,0.0,9.0,4.0,0.0,0.0,0.0,0.0,0.0,0.0,0.0,0.0,2.0,12.0,1.0,12.17,5.0200000000000005,2.51,1.49,0.0,0.0,0.0,361.3,0.0,-0.1,-0.5,-0.6000000000000001,-169.70000000000002,0.0,0.0,169.70000000000002,0.0,21.700000000000003,28.9,28.9,30.9,300.0,300.0,31.6,35.9,28.9,28.1,29.9,4.96,1.99,4.96,0.16,0.0,0.0,1027.0,8228.0,0.0,0.0,0.0,0.0,0.0,1.0,0.0,0.0,0.0,0.0,0.0,1.5,0.0,-0.8,0.0,0.0,16.0,25903.0
2026-07-30T19:03:08.642Z,358.125,358.14,0.0,7.4,0.0,0.0,0.0,0.0,0.0,0.0,0.0,0.0,1.0,0.0,0.0,0.0,9.0,4.0,0.0,0.0,0.0,0.0,0.0,0.0,0.0,0.0,3.0,12.0,1.0,12.17,5.0200000000000005,2.51,1.49,0.0,0.0,0.0,361.3,0.0,-0.7000000000000001,-1.0,-1.8,-169.70000000000002,0.0,0.0,169.70000000000002,0.0,21.700000000000003,28.9,28.9,30.9,300.0,300.0,31.6,35.9,28.9,28.1,29.9,4.96,1.99,4.96,0.16,0.0,0.0,1027.0,8228.0,0.0,0.0,0.0,0.0,0.0,1.0,0.0,0.0,0.0,0.0,0.0,0.4,0.0,-0.4,0.0,0.0,16.0,25903.0
2026-07-30T19:03:08.654Z,358.137,358.152,0.0,7.4,0.0,0.0,0.0,0.0,0.0,0.0,0.0,0.0,1.0,0.0,0.0,0.0,9.0,4.0,0.0,0.0,0.0,0.0,0.0,0.0,0.0,0.0,5.0,12.0,1.0,12.17,5.0200000000000005,2.51,1.49,0.0,0.0,0.0,361.3,0.0,-0.1,0.7000000000000001,0.0,-169.70000000000002,0.0,0.0,169.8,0.0,21.700000000000003,28.9,28.9,30.9,300.0,300.0,31.6,35.9,28.9,28.1,29.9,4.95,1.99,4.97,0.16,0.0,0.0,1027.0,8228.0,0.0,0.0,0.0,0.0,0.0,1.0,0.0,0.0,0.0,0.0,0.0,-1.6,0.0,0.3,0.0,0.0,16.0,25903.0
2026-07-30T19:03:08.666Z,358.149,358.164,0.0,7.4,0.0,0.0,0.0,0.0,0.0,0.0,0.0,0.0,1.0,0.0,0.0,0.0,9.0,4.0,0.0,0.0,0.0,0.0,0.0,0.0,0.0,0.0,6.0,12.0,1.0,12.17,5.0200000000000005,2.51,1.49,0.0,0.0,0.0,361.4,0.0,0.9,-1.0,-2.4000000000000004,-169.70000000000002,0.0,0.0,169.8,0.0,21.700000000000003,28.9,28.9,30.9,300.0,300.0,31.6,35.9,28.9,28.1,29.9,4.96,2.0,4.96,0.16,0.0,0.0,1027.0,8228.0,0.0,0.0,0.0,0.0,0.0,1.0,0.0,0.0,0.0,0.0,0.0,-3.0,0.0,1.9,0.0,0.0,16.0,25903.0
2026-07-30T19:03:08.678Z,358.161,358.176,0.0,7.4,0.0,0.0,0.0,0.0,0.0,0.0,0.0,0.0,1.0,0.0,0.0,0.0,9.0,4.0,0.0,0.0,0.0,0.0,0.0,0.0,0.0,0.0,1.0,12.0,1.0,12.17,5.0200000000000005,2.51,1.49,0.0,0.0,0.0,361.3,0.0,-0.2,1.2000000000000002,1.0,-169.70000000000002,0.0,0.0,169.8,0.0,21.700000000000003,28.9,28.9,30.9,300.0,300.0,31.6,35.9,28.9,28.1,29.9,4.96,1.99,4.97,0.16,0.0,0.0,1027.0,8228.0,0.0,0.0,0.0,0.0,0.0,1.0,0.0,0.0,0.0,0.0,0.0,2.1,0.0,-0.6000000000000001,0.0,0.0,16.0,25903.0
2026-07-30T19:03:08.690Z,358.173,358.188,0.0,7.4,0.0,0.0,0.0,0.0,0.0,0.0,0.0,0.0,1.0,0.0,0.0,0.0,9.0,4.0,0.0,0.0,0.0,0.0,0.0,0.0,0.0,0.0,2.0,12.0,1.0,12.17,5.0200000000000005,2.51,1.49,0.0,0.0,0.0,361.3,0.0,0.3,-0.5,0.9,-169.70000000000002,0.0,0.0,169.8,0.0,21.700000000000003,28.9,28.9,30.9,300.0,300.0,31.6,35.9,28.9,28.1,29.9,4.95,1.99,4.97,0.16,0.0,0.0,1027.0,8228.0,0.0,0.0,0.0,0.0,0.0,1.0,0.0,0.0,0.0,0.0,0.0,0.1,0.0,-0.9,0.0,0.0,16.0,25903.0
2026-07-30T19:03:08.702Z,358.185,358.2,0.0,7.4,0.0,0.0,0.0,0.0,0.0,0.0,0.0,0.0,1.0,0.0,0.0,0.0,9.0,4.0,0.0,0.0,0.0,0.0,0.0,0.0,0.0,0.0,4.0,12.0,1.0,12.17,5.0200000000000005,2.51,1.49,0.0,0.0,0.0,361.3,0.0,-0.2,-1.1,-0.8,-169.70000000000002,0.0,0.0,169.8,0.0,21.700000000000003,28.9,28.9,30.9,300.0,300.0,31.6,35.9,28.9,28.1,29.9,4.95,1.99,4.97,0.16,0.0,0.0,1027.0,8228.0,0.0,0.0,0.0,0.0,0.0,1.0,0.0,0.0,0.0,0.0,0.0,-1.9,0.0,0.4,0.0,0.0,16.0,25903.0
2026-07-30T19:03:08.713Z,358.196,358.212,0.0,7.4,0.0,0.0,0.0,0.0,0.0,0.0,0.0,0.0,1.0,0.0,0.0,0.0,9.0,4.0,0.0,0.0,0.0,0.0,0.0,0.0,0.0,0.0,5.0,12.0,1.0,12.15,5.0200000000000005,2.5,1.49,0.0,0.0,0.0,361.3,0.0,0.3,-0.5,-0.7000000000000001,-169.70000000000002,0.0,0.0,169.70000000000002,0.0,21.700000000000003,28.9,28.9,31.0,300.0,300.0,31.6,35.800000000000004,28.9,28.1,29.9,4.96,1.99,4.96,0.16,0.0,0.0,1027.0,8228.0,0.0,0.0,0.0,0.0,0.0,1.0,0.0,0.0,0.0,0.0,0.0,-1.2000000000000002,0.0,0.5,0.0,0.0,16.0,25903.0
2026-07-30T19:03:08.726Z,358.209,358.224,0.0,7.4,0.0,0.0,0.0,0.0,0.0,0.0,0.0,0.0,1.0,0.0,0.0,0.0,9.0,4.0,0.0,0.0,0.0,0.0,0.0,0.0,0.0,0.0,6.0,12.0,1.0,12.15,5.0200000000000005,2.5,1.49,0.0,0.0,0.0,361.4,0.0,0.3,0.6000000000000001,0.3,-169.70000000000002,0.0,0.0,169.60000000000002,0.0,21.700000000000003,28.9,28.9,31.0,300.0,300.0,31.6,35.800000000000004,28.9,28.1,29.9,4.96,1.99,4.96,0.16,0.0,0.0,1027.0,8228.0,0.0,0.0,0.0,0.0,0.0,1.0,0.0,0.0,0.0,0.0,0.0,1.0,0.0,-0.2,0.0,0.0,16.0,25903.0
2026-07-30T19:03:08.737Z,358.22,358.236,0.0,7.4,0.0,0.0,0.0,0.0,0.0,0.0,0.0,0.0,1.0,0.0,0.0,0.0,9.0,4.0,0.0,0.0,0.0,0.0,0.0,0.0,0.0,0.0,1.0,12.0,1.0,12.15,5.0200000000000005,2.5,1.49,0.0,0.0,0.0,361.4,0.0,0.3,1.2000000000000002,1.5,-169.70000000000002,0.0,0.0,169.70000000000002,0.0,21.700000000000003,28.9,28.9,31.0,300.0,300.0,31.6,35.800000000000004,28.9,28.1,29.9,4.95,1.99,4.96,0.16,0.0,0.0,1027.0,8228.0,0.0,0.0,0.0,0.0,0.0,1.0,0.0,0.0,0.0,0.0,0.0,2.6,0.0,-1.1,0.0,0.0,16.0,25903.0
2026-07-30T19:03:08.750Z,358.233,358.248,0.0,7.4,0.0,0.0,0.0,0.0,0.0,0.0,0.0,0.0,1.0,0.0,0.0,0.0,9.0,4.0,0.0,0.0,0.0,0.0,0.0,0.0,0.0,0.0,2.0,12.0,1.0,12.15,5.0200000000000005,2.5,1.49,0.0,0.0,0.0,361.3,0.0,0.4,-0.4,-0.1,-169.70000000000002,0.0,0.0,169.60000000000002,0.0,21.700000000000003,28.9,28.9,31.0,300.0,300.0,31.6,35.800000000000004,28.9,28.1,29.9,4.96,1.99,4.96,0.16,0.0,0.0,1027.0,8228.0,0.0,0.0,0.0,0.0,0.0,1.0,0.0,0.0,0.0,0.0,0.0,-0.5,0.0,0.0,0.0,0.0,16.0,25903.0
2026-07-30T19:03:08.762Z,358.245,358.26,0.0,7.4,0.0,0.0,0.0,0.0,0.0,0.0,0.0,0.0,1.0,0.0,0.0,0.0,9.0,4.0,0.0,0.0,0.0,0.0,0.0,0.0,0.0,0.0,3.0,12.0,1.0,12.15,5.0200000000000005,2.5,1.49,0.0,0.0,0.0,361.3,0.0,0.4,-1.6,0.0,-169.70000000000002,0.0,0.0,169.60000000000002,0.0,21.700000000000003,28.9,28.9,31.0,300.0,300.0,31.6,35.800000000000004,28.9,28.1,29.9,4.95,2.0,4.97,0.16,0.0,0.0,1027.0,8228.0,0.0,0.0,0.0,0.0,0.0,1.0,0.0,0.0,0.0,0.0,0.0,-1.9,0.0,-0.2,0.0,0.0,16.0,25903.0
2026-07-30T19:03:08.774Z,358.257,358.272,0.0,7.4,0.0,0.0,0.0,0.0,0.0,0.0,0.0,0.0,1.0,0.0,0.0,0.0,9.0,4.0,0.0,0.0,0.0,0.0,0.0,0.0,0.0,0.0,4.0,12.0,1.0,12.15,5.0200000000000005,2.5,1.49,0.0,0.0,0.0,361.3,0.0,0.9,1.2000000000000002,1.0,-169.70000000000002,0.0,0.0,169.70000000000002,0.0,21.700000000000003,28.9,28.9,31.0,300.0,300.0,31.6,35.800000000000004,28.9,28.1,29.9,4.95,1.99,4.97,0.16,0.0,0.0,1027.0,8228.0,0.0,0.0,0.0,0.0,0.0,1.0,0.0,0.0,0.0,0.0,0.0,2.2,0.0,-0.6000000000000001,0.0,0.0,16.0,25903.0
2026-07-30T19:03:08.786Z,358.269,358.284,0.0,7.4,0.0,0.0,0.0,0.0,0.0,0.0,0.0,0.0,1.0,0.0,0.0,0.0,9.0,4.0,0.0,0.0,0.0,0.0,0.0,0.0,0.0,0.0,5.0,12.0,1.0,12.15,5.0200000000000005,2.5,1.49,0.0,0.1,0.0,361.3,0.0,0.3,0.7000000000000001,-0.1,-169.70000000000002,0.0,0.0,169.60000000000002,0.0,21.700000000000003,28.9,28.9,31.0,300.0,300.0,31.6,35.800000000000004,28.9,28.1,29.9,4.95,2.0,4.97,0.16,0.0,0.0,1027.0,8228.0,0.0,0.0,0.0,0.0,0.0,1.0,0.0,0.0,0.0,0.0,0.0,0.7000000000000001,0.0,0.2,0.0,0.0,16.0,25903.0
2026-07-30T19:03:08.797Z,358.28,358.296,0.0,7.4,0.0,0.0,0.0,0.0,0.0,0.0,0.0,0.0,1.0,0.0,0.0,0.0,9.0,4.0,0.0,0.0,0.0,0.0,0.0,0.0,0.0,0.0,1.0,12.0,1.0,12.15,5.0200000000000005,2.5,1.49,0.0,0.0,0.0,361.3,0.0,-0.1,0.1,0.0,-169.70000000000002,0.0,0.0,169.70000000000002,0.0,21.700000000000003,28.9,28.9,31.0,300.0,300.0,31.6,35.800000000000004,28.9,28.1,29.9,4.96,2.0,4.96,0.16,0.0,0.0,1027.0,8228.0,0.0,0.0,0.0,0.0,0.0,1.0,0.0,0.0,0.0,0.0,0.0,0.1,0.0,0.1,0.0,0.0,16.0,25903.0
2026-07-30T19:03:08.811Z,358.294,358.308,0.0,7.4,0.0,0.0,0.0,0.0,0.0,0.0,0.0,0.0,1.0,0.0,0.0,0.0,9.0,4.0,0.0,0.0,0.0,0.0,0.0,0.0,0.0,0.0,2.0,12.0,1.0,12.17,5.0200000000000005,2.51,1.49,0.0,0.0,0.0,361.3,0.0,0.4,-1.0,-0.6000000000000001,-169.70000000000002,0.0,0.0,169.70000000000002,0.0,21.4,28.9,28.9,30.9,300.0,300.0,31.700000000000003,35.9,28.9,28.0,29.9,4.95,1.99,4.97,0.16,0.0,0.0,1027.0,8228.0,0.0,0.0,0.0,0.0,0.0,1.0,0.0,0.0,0.0,0.0,0.0,-1.6,0.0,0.3,0.0,0.0,16.0,25903.0
2026-07-30T19:03:08.822Z,358.305,358.32,0.0,7.4,0.0,0.0,0.0,0.0,0.0,0.0,0.0,0.0,1.0,0.0,0.0,0.0,9.0,4.0,0.0,0.0,0.0,0.0,0.0,0.0,0.0,0.0,4.0,12.0,1.0,12.17,5.0200000000000005,2.51,1.49,0.0,0.0,0.0,361.4,0.0,-0.1,0.1,1.0,-169.70000000000002,0.0,0.0,169.8,0.0,21.4,28.9,28.9,30.9,300.0,300.0,31.700000000000003,35.9,28.9,28.0,29.9,4.95,1.99,4.97,0.16,0.0,0.0,1027.0,8228.0,0.0,0.0,0.0,0.0,0.0,1.0,0.0,0.0,0.0,0.0,0.0,0.9,0.0,-0.9,0.0,0.0,16.0,25903.0
2026-07-30T19:03:08.833Z,358.316,358.332,0.0,7.4,0.0,0.0,0.0,0.0,0.0,0.0,0.0,0.0,1.0,0.0,0.0,0.0,9.0,4.0,0.0,0.0,0.0,0.0,0.0,0.0,0.0,0.0,5.0,12.0,1.0,12.17,5.0200000000000005,2.51,1.49,0.0,0.0,0.0,361.4,0.0,-0.1,1.3,-1.3,-169.70000000000002,0.0,0.0,169.70000000000002,0.0,21.4,28.9,28.9,30.9,300.0,300.0,31.700000000000003,35.9,28.9,28.0,29.9,4.96,1.99,4.97,0.16,0.0,0.0,1027.0,8228.0,0.0,0.0,0.0,0.0,0.0,1.0,0.0,0.0,0.0,0.0,0.0,0.5,0.0,1.4,0.0,0.0,16.0,25903.0
2026-07-30T19:03:08.846Z,358.329,358.344,0.0,7.4,0.0,0.0,0.0,0.0,0.0,0.0,0.0,0.0,1.0,0.0,0.0,0.0,9.0,4.0,0.0,0.0,0.0,0.0,0.0,0.0,0.0,0.0,6.0,12.0,1.0,12.17,5.0200000000000005,2.51,1.49,0.0,0.0,0.0,361.4,0.0,0.3,0.7000000000000001,1.6,-169.70000000000002,0.0,0.0,169.60000000000002,0.0,21.4,28.9,28.9,30.9,300.0,300.0,31.700000000000003,35.9,28.9,28.0,29.9,4.95,1.99,4.96,0.16,0.0,0.0,1027.0,8228.0,0.0,0.0,0.0,0.0,0.0,1.0,0.0,0.0,0.0,0.0,0.0,2.0,0.0,-1.2000000000000002,0.0,0.0,16.0,25903.0
2026-07-30T19:03:08.858Z,358.341,358.356,0.0,7.4,0.0,0.0,0.0,0.0,0.0,0.0,0.0,0.0,1.0,0.0,0.0,0.0,9.0,4.0,0.0,0.0,0.0,0.0,0.0,0.0,0.0,0.0,2.0,12.0,1.0,12.17,5.0200000000000005,2.51,1.49,0.0,0.0,0.0,361.4,0.0,0.3,0.1,-0.1,-169.70000000000002,0.0,0.0,169.70000000000002,0.0,21.4,28.9,28.9,30.9,300.0,300.0,31.700000000000003,35.9,28.9,28.0,29.9,4.95,1.99,4.97,0.16,0.0,0.0,1027.0,8228.0,0.0,0.0,0.0,0.0,0.0,1.0,0.0,0.0,0.0,0.0,0.0,0.0,0.0,0.1,0.0,0.0,16.0,25903.0
2026-07-30T19:03:08.869Z,358.352,358.368,0.0,7.4,0.0,0.0,0.0,0.0,0.0,0.0,0.0,0.0,1.0,0.0,0.0,0.0,9.0,4.0,0.0,0.0,0.0,0.0,0.0,0.0,0.0,0.0,3.0,12.0,1.0,12.17,5.0200000000000005,2.51,1.49,0.0,0.0,0.0,361.3,0.0,-0.7000000000000001,1.2000000000000002,1.1,-169.70000000000002,0.0,0.0,169.70000000000002,0.0,21.4,28.9,28.9,30.9,300.0,300.0,31.700000000000003,35.9,28.9,28.0,29.9,4.95,1.99,4.96,0.16,0.0,0.0,1027.0,8228.0,0.0,0.0,0.0,0.0,0.0,1.0,0.0,0.0,0.0,0.0,0.0,2.2,0.0,-0.7000000000000001,0.0,0.0,16.0,25903.0
2026-07-30T19:03:08.882Z,358.365,358.38,0.0,7.4,0.0,0.0,0.0,0.0,0.0,0.0,0.0,0.0,1.0,0.0,0.0,0.0,9.0,4.0,0.0,0.0,0.0,0.0,0.0,0.0,0.0,0.0,4.0,12.0,1.0,12.17,5.0200000000000005,2.51,1.49,0.0,0.0,0.0,361.4,0.0,0.3,0.6000000000000001,1.0,-169.70000000000002,0.0,0.0,169.70000000000002,0.0,21.4,28.9,28.9,30.9,300.0,300.0,31.700000000000003,35.9,28.9,28.0,29.9,4.96,1.99,4.96,0.16,0.0,0.0,1027.0,8228.0,0.0,0.0,0.0,0.0,0.0,1.0,0.0,0.0,0.0,0.0,0.0,1.5,0.0,-0.8,0.0,0.0,16.0,25903.0
2026-07-30T19:03:08.894Z,358.377,358.392,0.0,7.4,0.0,0.0,0.0,0.0,0.0,0.0,0.0,0.0,1.0,0.0,0.0,0.0,9.0,4.0,0.0,0.0,0.0,0.0,0.0,0.0,0.0,0.0,6.0,12.0,1.0,12.17,5.0200000000000005,2.51,1.49,0.0,0.0,0.0,361.4,0.0,-1.3,-0.5,-1.3,-169.70000000000002,0.0,0.0,169.70000000000002,0.0,21.4,28.9,28.9,30.9,300.0,300.0,31.700000000000003,35.9,28.9,28.0,29.9,4.95,1.99,4.97,0.16,0.0,0.0,1027.0,8228.0,0.0,0.0,0.0,0.0,0.0,1.0,0.0,0.0,0.0,0.0,0.0,-1.5,0.0,1.0,0.0,0.0,16.0,25903.0
2026-07-30T19:03:08.905Z,358.388,358.404,0.0,7.4,0.0,0.0,0.0,0.0,0.0,0.0,0.0,0.0,1.0,0.0,0.0,0.0,9.0,4.0,0.0,0.0,0.0,0.0,0.0,0.0,0.0,0.0,1.0,12.0,1.0,12.17,5.0200000000000005,2.51,1.49,0.0,0.1,0.0,361.4,0.0,0.3,-1.1,-0.1,-169.70000000000002,0.0,0.0,169.8,0.0,21.4,28.9,28.9,30.9,300.0,300.0,31.700000000000003,35.9,28.9,28.0,29.9,4.96,2.0,4.96,0.16,0.0,0.0,1027.0,8228.0,0.0,0.0,0.0,0.0,0.0,1.0,0.0,0.0,0.0,0.0,0.0,-1.4,0.0,0.0,0.0,0.0,16.0,25903.0
2026-07-30T19:03:08.918Z,358.401,358.416,0.0,7.4,0.0,0.0,0.0,0.0,0.0,0.0,0.0,0.0,1.0,0.0,0.0,0.0,9.0,4.0,0.0,0.0,0.0,0.0,0.0,0.0,0.0,0.0,2.0,12.0,1.0,12.17,5.01,2.51,1.49,0.0,0.0,0.0,361.4,0.0,-0.2,0.6000000000000001,1.0,-169.70000000000002,0.0,0.0,169.70000000000002,0.0,22.1,28.9,28.9,30.9,300.0,300.0,31.700000000000003,35.800000000000004,28.9,28.0,29.9,4.96,1.99,4.97,0.16,0.0,0.0,1027.0,8228.0,0.0,0.0,0.0,0.0,0.0,1.0,0.0,0.0,0.0,0.0,0.0,1.4,0.0,-0.7000000000000001,0.0,0.0,16.0,25903.0
2026-07-30T19:03:08.930Z,358.413,358.428,0.0,7.4,0.0,0.0,0.0,0.0,0.0,0.0,0.0,0.0,1.0,0.0,0.0,0.0,9.0,4.0,0.0,0.0,0.0,0.0,0.0,0.0,0.0,0.0,4.0,12.0,1.0,12.17,5.01,2.51,1.49,0.0,0.0,0.0,361.4,0.0,0.3,0.0,-0.1,-169.70000000000002,0.0,0.0,169.8,0.0,22.1,28.9,28.9,30.9,300.0,300.0,31.700000000000003,35.800000000000004,28.9,28.0,29.9,4.95,1.99,4.97,0.16,0.0,0.0,1027.0,8228.0,0.0,0.0,0.0,0.0,0.0,1.0,0.0,0.0,0.0,0.0,0.0,0.0,0.0,0.1,0.0,0.0,16.0,25903.0
2026-07-30T19:03:08.942Z,358.425,358.44,0.0,7.4,0.0,0.0,0.0,0.0,0.0,0.0,0.0,0.0,1.0,0.0,0.0,0.0,9.0,4.0,0.0,0.0,0.0,0.0,0.0,0.0,0.0,0.0,5.0,12.0,1.0,12.17,5.01,2.51,1.49,0.0,0.1,0.0,361.3,0.0,-0.8,0.0,-0.1,-169.70000000000002,0.0,0.0,169.8,0.0,22.1,28.9,28.9,30.9,300.0,300.0,31.700000000000003,35.800000000000004,28.9,28.0,29.9,4.95,1.99,4.97,0.16,0.0,0.0,1027.0,8228.0,0.0,0.0,0.0,0.0,0.0,1.0,0.0,0.0,0.0,0.0,0.0,0.0,0.0,0.1,0.0,0.0,16.0,25903.0
2026-07-30T19:03:08.953Z,358.436,358.452,0.0,7.4,0.0,0.0,0.0,0.0,0.0,0.0,0.0,0.0,1.0,0.0,0.0,0.0,9.0,4.0,0.0,0.0,0.0,0.0,0.0,0.0,0.0,0.0,6.0,12.0,1.0,12.17,5.01,2.51,1.49,0.0,0.0,0.0,361.4,0.0,-0.2,-0.5,0.0,-169.70000000000002,0.0,0.0,169.8,0.0,22.1,28.9,28.9,30.9,300.0,300.0,31.700000000000003,35.800000000000004,28.9,28.0,29.9,4.95,2.0,4.96,0.16,0.0,0.0,1027.0,8228.0,0.0,0.0,0.0,0.0,0.0,1.0,0.0,0.0,0.0,0.0,0.0,-0.6000000000000001,0.0,0.0,0.0,0.0,16.0,25903.0
2026-07-30T19:03:08.966Z,358.449,358.464,0.0,7.4,0.0,0.0,0.0,0.0,0.0,0.0,0.0,0.0,1.0,0.0,0.0,0.0,9.0,4.0,0.0,0.0,0.0,0.0,0.0,0.0,0.0,0.0,1.0,12.0,1.0,12.17,5.01,2.51,1.49,0.0,0.0,0.0,361.3,0.0,0.3,0.0,-0.6000000000000001,-169.70000000000002,0.0,0.0,169.8,0.0,22.1,28.9,28.9,30.9,300.0,300.0,31.700000000000003,35.800000000000004,28.9,28.0,29.9,4.95,1.99,4.97,0.16,0.0,0.0,1027.0,8228.0,0.0,0.0,0.0,0.0,0.0,1.0,0.0,0.0,0.0,0.0,0.0,-0.4,0.0,0.5,0.0,0.0,16.0,25903.0
2026-07-30T19:03:08.978Z,358.461,358.476,0.0,7.4,0.0,0.0,0.0,0.0,0.0,0.0,0.0,0.0,1.0,0.0,0.0,0.0,9.0,4.0,0.0,0.0,0.0,0.0,0.0,0.0,0.0,0.0,2.0,12.0,1.0,12.17,5.01,2.51,1.49,0.0,0.0,0.0,361.3,0.0,-0.1,0.0,0.0,-169.70000000000002,0.0,0.0,169.8,0.0,22.1,28.9,28.9,30.9,300.0,300.0,31.700000000000003,35.800000000000004,28.9,28.0,29.9,4.95,1.99,4.97,0.16,0.0,0.0,1027.0,8228.0,0.0,0.0,0.0,0.0,0.0,1.0,0.0,0.0,0.0,0.0,0.0,0.0,0.0,0.0,0.0,0.0,16.0,25903.0
2026-07-30T19:03:08.990Z,358.473,358.488,0.0,7.4,0.0,0.0,0.0,0.0,0.0,0.0,0.0,0.0,1.0,0.0,0.0,0.0,9.0,4.0,0.0,0.0,0.0,0.0,0.0,0.0,0.0,0.0,3.0,12.0,1.0,12.17,5.01,2.51,1.49,0.0,0.1,0.0,361.3,0.0,0.4,-0.4,0.5,-169.70000000000002,0.0,0.0,169.70000000000002,0.0,22.1,28.9,28.9,30.9,300.0,300.0,31.700000000000003,35.800000000000004,28.9,28.0,29.9,4.96,1.99,4.96,0.16,0.0,0.0,1027.0,8228.0,0.0,0.0,0.0,0.0,0.0,1.0,0.0,0.0,0.0,0.0,0.0,-0.1,0.0,-0.5,0.0,0.0,16.0,25903.0
2026-07-30T19:03:09.002Z,358.485,358.5,0.0,7.4,0.0,0.0,0.0,0.0,0.0,0.0,0.0,0.0,1.0,0.0,0.0,0.0,9.0,4.0,0.0,0.0,0.0,0.0,0.0,0.0,0.0,0.0,4.0,12.0,1.0,12.17,5.01,2.51,1.49,0.0,0.0,0.0,361.3,0.0,0.3,0.0,1.0,-169.70000000000002,0.0,0.0,169.60000000000002,0.0,22.1,28.9,28.9,30.9,300.0,300.0,31.700000000000003,35.800000000000004,28.9,28.0,29.9,4.95,2.0,4.96,0.16,0.0,0.0,1027.0,8228.0,0.0,0.0,0.0,0.0,0.0,1.0,0.0,0.0,0.0,0.0,0.0,0.9,0.0,-0.9,0.0,0.0,16.0,25903.0
2026-07-30T19:03:09.015Z,358.498,358.512,0.0,7.4,0.0,0.0,0.0,0.0,0.0,0.0,0.0,0.0,1.0,0.0,0.0,0.0,9.0,4.0,0.0,0.0,0.0,0.0,0.0,0.0,0.0,0.0,6.0,12.0,1.0,12.17,5.01,2.51,1.49,0.0,0.0,0.0,361.3,0.0,0.9,1.2000000000000002,0.5,-169.70000000000002,0.0,0.0,169.70000000000002,0.0,21.4,28.9,28.9,30.9,300.0,300.0,31.6,35.9,28.9,28.0,29.9,4.95,1.99,4.97,0.16,0.0,0.0,1027.0,8228.0,0.0,0.0,0.0,0.0,0.0,1.0,0.0,0.0,0.0,0.0,0.0,1.7000000000000002,0.0,-0.1,0.0,0.0,16.0,25903.0
2026-07-30T19:03:09.026Z,358.509,358.524,0.0,7.4,0.0,0.0,0.0,0.0,0.0,0.0,0.0,0.0,1.0,0.0,0.0,0.0,9.0,4.0,0.0,0.0,0.0,0.0,0.0,0.0,0.0,0.0,1.0,12.0,1.0,12.17,5.01,2.51,1.49,0.0,0.1,0.0,361.4,0.0,-0.7000000000000001,0.0,-1.2000000000000002,-169.70000000000002,0.0,0.0,169.60000000000002,0.0,21.4,28.9,28.9,30.9,300.0,300.0,31.6,35.9,28.9,28.0,29.9,4.95,2.0,4.97,0.17,0.0,0.0,1027.0,8228.0,0.0,0.0,0.0,0.0,0.0,1.0,0.0,0.0,0.0,0.0,0.0,-0.8,0.0,1.0,0.0,0.0,16.0,25903.0
2026-07-30T19:03:09.038Z,358.521,358.536,0.0,7.4,0.0,0.0,0.0,0.0,0.0,0.0,0.0,0.0,1.0,0.0,0.0,0.0,9.0,4.0,0.0,0.0,0.0,0.0,0.0,0.0,0.0,0.0,2.0,12.0,1.0,12.17,5.01,2.51,1.49,0.0,0.0,0.0,361.3,0.0,-0.1,1.2000000000000002,0.5,-169.70000000000002,0.0,0.0,169.70000000000002,0.0,21.4,28.9,28.9,30.9,300.0,300.0,31.6,35.9,28.9,28.0,29.9,4.96,2.0,4.96,0.16,0.0,0.0,1027.0,8228.0,0.0,0.0,0.0,0.0,0.0,1.0,0.0,0.0,0.0,0.0,0.0,1.8,0.0,-0.2,0.0,0.0,16.0,25903.0
2026-07-30T19:03:09.050Z,358.533,358.548,0.0,7.4,0.0,0.0,0.0,0.0,0.0,0.0,0.0,0.0,1.0,0.0,0.0,0.0,9.0,4.0,0.0,0.0,0.0,0.0,0.0,0.0,0.0,0.0,3.0,12.0,1.0,12.17,5.01,2.51,1.49,0.0,0.0,0.0,361.4,0.0,0.9,0.1,0.0,-169.70000000000002,0.0,0.0,169.70000000000002,0.0,21.4,28.9,28.9,30.9,300.0,300.0,31.6,35.9,28.9,28.0,29.9,4.95,1.99,4.97,0.16,0.0,0.0,1027.0,8228.0,0.0,0.0,0.0,0.0,0.0,1.0,0.0,0.0,0.0,0.0,0.0,0.0,0.0,0.0,0.0,0.0,16.0,25903.0
2026-07-30T19:03:09.062Z,358.545,358.56,0.0,7.4,0.0,0.0,0.0,0.0,0.0,0.0,0.0,0.0,1.0,0.0,0.0,0.0,9.0,4.0,0.0,0.0,0.0,0.0,0.0,0.0,0.0,0.0,5.0,12.0,1.0,12.17,5.01,2.51,1.49,0.0,0.0,0.0,361.4,0.0,0.3,0.1,0.0,-169.70000000000002,0.0,0.0,169.8,0.0,21.4,28.9,28.9,30.9,300.0,300.0,31.6,35.9,28.9,28.0,29.9,4.95,1.99,4.96,0.16,0.0,0.0,1027.0,8228.0,0.0,0.0,0.0,0.0,0.0,1.0,0.0,0.0,0.0,0.0,0.0,0.1,0.0,0.0,0.0,0.0,16.0,25903.0
2026-07-30T19:03:09.074Z,358.557,358.572,0.0,7.4,0.0,0.0,0.0,0.0,0.0,0.0,0.0,0.0,1.0,0.0,0.0,0.0,9.0,4.0,0.0,0.0,0.0,0.0,0.0,0.0,0.0,0.0,6.0,12.0,1.0,12.17,5.01,2.51,1.49,0.0,0.0,0.0,361.4,0.0,-0.2,0.6000000000000001,1.7000000000000002,-169.70000000000002,0.0,0.0,169.8,0.0,21.4,28.9,28.9,30.9,300.0,300.0,31.6,35.9,28.9,28.0,29.9,4.96,1.99,4.96,0.16,0.0,0.0,1027.0,8228.0,0.0,0.0,0.0,0.0,0.0,1.0,0.0,0.0,0.0,0.0,0.0,2.0,0.0,-1.3,0.0,0.0,16.0,25903.0
2026-07-30T19:03:09.086Z,358.569,358.584,0.0,7.4,0.0,0.0,0.0,0.0,0.0,0.0,0.0,0.0,1.0,0.0,0.0,0.0,9.0,4.0,0.0,0.0,0.0,0.0,0.0,0.0,0.0,0.0,1.0,12.0,1.0,12.17,5.01,2.51,1.49,0.0,0.0,0.0,361.3,0.0,-0.2,-1.0,-1.2000000000000002,-169.70000000000002,0.0,0.0,169.70000000000002,0.0,21.4,28.9,28.9,30.9,300.0,300.0,31.6,35.9,28.9,28.0,29.9,4.96,1.99,4.97,0.16,0.0,0.0,1027.0,8228.0,0.0,0.0,0.0,0.0,0.0,1.0,0.0,0.0,0.0,0.0,0.0,-2.0,0.0,0.8,0.0,0.0,16.0,25903.0
2026-07-30T19:03:09.098Z,358.581,358.596,0.0,7.4,0.0,0.0,0.0,0.0,0.0,0.0,0.0,0.0,1.0,0.0,0.0,0.0,9.0,4.0,0.0,0.0,0.0,0.0,0.0,0.0,0.0,0.0,3.0,12.0,1.0,12.17,5.01,2.51,1.49,0.0,0.0,0.0,361.3,0.0,-0.1,0.7000000000000001,1.1,-169.70000000000002,0.0,0.0,169.8,0.0,21.4,28.9,28.9,30.9,300.0,300.0,31.6,35.9,28.9,28.0,29.9,4.95,1.99,4.97,0.16,0.0,0.0,1027.0,8228.0,0.0,0.0,0.0,0.0,0.0,1.0,0.0,0.0,0.0,0.0,0.0,1.6,0.0,-0.8,0.0,0.0,16.0,25903.0
2026-07-30T19:03:09.109Z,358.592,358.608,0.0,7.4,0.0,0.0,0.0,0.0,0.0,0.0,0.0,0.0,1.0,0.0,0.0,0.0,9.0,4.0,0.0,0.0,0.0,0.0,0.0,0.0,0.0,0.0,4.0,12.0,1.0,12.17,5.01,2.51,1.49,0.0,0.0,0.0,361.3,0.0,0.4,1.3,1.1,-169.70000000000002,0.0,0.0,169.8,0.0,21.4,28.9,28.9,30.9,300.0,300.0,31.6,35.9,28.9,28.0,29.9,4.95,1.99,4.96,0.16,0.0,0.0,1027.0,8228.0,0.0,0.0,0.0,0.0,0.0,1.0,0.0,0.0,0.0,0.0,0.0,2.3000000000000003,0.0,-0.7000000000000001,0.0,0.0,16.0,25903.0
2026-07-30T19:03:09.122Z,358.605,358.62,0.0,7.4,0.0,0.0,0.0,0.0,0.0,0.0,0.0,0.0,1.0,0.0,0.0,0.0,9.0,4.0,0.0,0.0,0.0,0.0,0.0,0.0,0.0,0.0,6.0,12.0,1.0,12.18,5.01,2.51,1.49,-0.1,0.1,0.0,361.4,0.0,-0.2,-0.4,0.5,-169.70000000000002,0.0,0.0,169.8,0.0,21.700000000000003,28.9,28.9,30.9,300.0,300.0,31.6,35.9,28.8,28.0,29.9,4.96,1.99,4.96,0.16,0.0,0.0,1027.0,8228.0,0.0,0.0,0.0,0.0,0.0,1.0,0.0,0.0,0.0,0.0,0.0,0.0,0.0,-0.5,0.0,0.0,16.0,25903.0
2026-07-30T19:03:09.134Z,358.617,358.632,0.0,7.4,0.0,0.0,0.0,0.0,0.0,0.0,0.0,0.0,1.0,0.0,0.0,0.0,9.0,4.0,0.0,0.0,0.0,0.0,0.0,0.0,0.0,0.0,2.0,12.0,1.0,12.18,5.01,2.51,1.49,0.0,0.0,0.0,361.4,0.0,-0.2,-0.4,-0.6000000000000001,-169.70000000000002,0.0,0.0,169.8,0.0,21.700000000000003,28.9,28.9,30.9,300.0,300.0,31.6,35.9,28.8,28.0,29.9,4.95,1.99,4.97,0.16,0.0,0.0,1027.0,8228.0,0.0,0.0,0.0,0.0,0.0,1.0,0.0,0.0,0.0,0.0,0.0,-0.9,0.0,0.4,0.0,0.0,16.0,25903.0
2026-07-30T19:03:09.146Z,358.629,358.644,0.0,7.4,0.0,0.0,0.0,0.0,0.0,0.0,0.0,0.0,1.0,0.0,0.0,0.0,9.0,4.0,0.0,0.0,0.0,0.0,0.0,0.0,0.0,0.0,3.0,12.0,1.0,12.18,5.01,2.51,1.49,0.0,0.0,0.0,361.3,0.0,0.3,-0.9,0.0,-169.70000000000002,0.0,0.0,169.8,0.0,21.700000000000003,28.9,28.9,30.9,300.0,300.0,31.6,35.9,28.8,28.0,29.9,4.96,1.99,4.97,0.16,0.0,0.0,1027.0,8228.0,0.0,0.0,0.0,0.0,0.0,1.0,0.0,0.0,0.0,0.0,0.0,-0.2,0.0,0.5,0.0,0.0,16.0,25903.0
2026-07-30T19:03:09.157Z,358.64,358.656,0.0,7.4,0.0,0.0,0.0,0.0,0.0,0.0,0.0,0.0,1.0,0.0,0.0,0.0,9.0,4.0,0.0,0.0,0.0,0.0,0.0,0.0,0.0,0.0,4.0,12.0,1.0,12.18,5.01,2.51,1.49,0.0,0.1,0.0,361.3,0.0,-0.2,0.1,0.0,-169.70000000000002,0.0,0.0,169.70000000000002,0.0,21.700000000000003,28.9,28.9,30.9,300.0,300.0,31.6,35.9,28.8,28.0,29.9,4.96,1.99,4.96,0.16,0.0,0.0,1027.0,8228.0,0.0,0.0,0.0,0.0,0.0,1.0,0.0,0.0,0.0,0.0,0.0,-0.4,0.0,0.0,0.0,0.0,16.0,25903.0
2026-07-30T19:03:09.170Z,358.653,358.668,0.0,7.4,0.0,0.0,0.0,0.0,0.0,0.0,0.0,0.0,1.0,0.0,0.0,0.0,9.0,4.0,0.0,0.0,0.0,0.0,0.0,0.0,0.0,0.0,6.0,12.0,1.0,12.18,5.01,2.51,1.49,0.0,0.0,0.0,361.3,0.0,0.3,1.3,1.1,-169.70000000000002,0.0,0.0,169.8,0.0,21.700000000000003,28.9,28.9,30.9,300.0,300.0,31.6,35.9,28.8,28.0,29.9,4.95,1.99,4.96,0.16,0.0,0.0,1027.0,8228.0,0.0,0.0,0.0,0.0,0.0,1.0,0.0,0.0,0.0,0.0,0.0,0.1,0.0,0.0,0.0,0.0,16.0,25903.0
2026-07-30T19:03:09.182Z,358.665,358.68,0.0,7.4,0.0,0.0,0.0,0.0,0.0,0.0,0.0,0.0,1.0,0.0,0.0,0.0,9.0,4.0,0.0,0.0,0.0,0.0,0.0,0.0,0.0,0.0,1.0,12.0,1.0,12.18,5.01,2.51,1.49,0.0,0.0,0.0,361.3,0.0,0.9,0.7000000000000001,-0.6000000000000001,-169.70000000000002,0.0,0.0,169.8,0.0,21.700000000000003,28.9,28.9,30.9,300.0,300.0,31.6,35.9,28.8,28.0,29.9,4.96,1.99,4.97,0.17,0.0,0.0,1027.0,8228.0,0.0,0.0,0.0,0.0,0.0,1.0,0.0,0.0,0.0,0.0,0.0,0.3,0.0,0.7000000000000001,0.0,0.0,16.0,25903.0
2026-07-30T19:03:09.194Z,358.677,358.692,0.0,7.4,0.0,0.0,0.0,0.0,0.0,0.0,0.0,0.0,1.0,0.0,0.0,0.0,9.0,4.0,0.0,0.0,0.0,0.0,0.0,0.0,0.0,0.0,3.0,12.0,1.0,12.18,5.01,2.51,1.49,0.0,0.0,0.0,361.3,0.0,0.3,-0.4,1.7000000000000002,-169.70000000000002,0.0,0.0,169.8,0.0,21.700000000000003,28.9,28.9,30.9,300.0,300.0,31.6,35.9,28.8,28.0,29.9,4.96,1.99,4.96,0.17,0.0,0.0,1027.0,8228.0,0.0,0.0,0.0,0.0,0.0,1.0,0.0,0.0,0.0,0.0,0.0,0.7000000000000001,0.0,-1.6,0.0,0.0,16.0,25903.0
2026-07-30T19:03:09.206Z,358.689,358.704,0.0,7.4,0.0,0.0,0.0,0.0,0.0,0.0,0.0,0.0,1.0,0.0,0.0,0.0,9.0,4.0,0.0,0.0,0.0,0.0,0.0,0.0,0.0,0.0,4.0,12.0,1.0,12.18,5.01,2.51,1.49,0.0,0.0,0.0,361.3,0.0,0.3,0.0,-1.2000000000000002,-169.70000000000002,0.0,0.0,169.8,0.0,21.700000000000003,28.9,28.9,30.9,300.0,300.0,31.6,35.9,28.8,28.0,29.9,4.96,1.99,4.97,0.16,0.0,0.0,1027.0,8228.0,0.0,0.0,0.0,0.0,0.0,1.0,0.0,0.0,0.0,0.0,0.0,-0.8,0.0,1.0,0.0,0.0,16.0,25903.0
2026-07-30T19:03:09.218Z,358.701,358.716,0.0,7.4,0.0,0.0,0.0,0.0,0.0,0.0,0.0,0.0,1.0,0.0,0.0,0.0,9.0,4.0,0.0,0.0,0.0,0.0,0.0,0.0,0.0,0.0,6.0,12.0,1.0,12.17,5.01,2.5,1.49,0.0,0.0,0.0,361.3,0.0,-0.2,-0.4,0.5,-169.70000000000002,0.0,0.0,169.8,0.0,21.3,28.9,28.9,30.9,300.0,300.0,31.6,35.800000000000004,28.8,28.0,29.9,4.95,1.99,4.97,0.16,0.0,0.0,1027.0,8228.0,0.0,0.0,0.0,0.0,0.0,1.0,0.0,0.0,0.0,0.0,0.0,-0.1,0.0,-0.6000000000000001,0.0,0.0,16.0,25903.0
2026-07-30T19:03:09.230Z,358.713,358.728,0.0,7.4,0.0,0.0,0.0,0.0,0.0,0.0,0.0,0.0,1.0,0.0,0.0,0.0,9.0,4.0,0.0,0.0,0.0,0.0,0.0,0.0,0.0,0.0,1.0,12.0,1.0,12.17,5.01,2.5,1.49,0.0,0.1,0.0,361.3,0.0,-0.2,0.1,0.0,-169.70000000000002,0.0,0.0,169.8,0.0,21.3,28.9,28.9,30.9,300.0,300.0,31.6,35.800000000000004,28.8,28.0,29.9,4.96,1.99,4.97,0.16,0.0,0.0,1027.0,8228.0,0.0,0.0,0.0,0.0,0.0,1.0,0.0,0.0,0.0,0.0,0.0,0.1,0.0,0.0,0.0,0.0,16.0,25903.0
2026-07-30T19:03:09.242Z,358.725,358.74,0.0,7.4,0.0,0.0,0.0,0.0,0.0,0.0,0.0,0.0,1.0,0.0,0.0,0.0,9.0,4.0,0.0,0.0,0.0,0.0,0.0,0.0,0.0,0.0,3.0,12.0,1.0,12.17,5.01,2.5,1.49,0.0,0.0,0.0,361.3,0.0,0.3,0.1,-0.5,-169.70000000000002,0.0,0.0,169.70000000000002,0.0,21.3,28.9,28.9,30.9,300.0,300.0,31.6,35.800000000000004,28.8,28.0,29.9,4.96,1.99,4.96,0.16,0.0,0.0,1027.0,8228.0,0.0,0.0,0.0,0.0,0.0,1.0,0.0,0.0,0.0,0.0,0.0,-0.2,0.0,0.5,0.0,0.0,16.0,25903.0
2026-07-30T19:03:09.254Z,358.737,358.752,0.0,7.4,0.0,0.0,0.0,0.0,0.0,0.0,0.0,0.0,1.0,0.0,0.0,0.0,9.0,4.0,0.0,0.0,0.0,0.0,0.0,0.0,0.0,0.0,4.0,12.0,1.0,12.17,5.01,2.5,1.49,0.0,0.0,0.0,361.4,0.0,0.4,0.7000000000000001,1.7000000000000002,-169.70000000000002,0.0,0.0,169.70000000000002,0.0,21.3,28.9,28.9,30.9,300.0,300.0,31.6,35.800000000000004,28.8,28.0,29.9,4.96,1.99,4.97,0.16,0.0,0.0,1027.0,8228.0,0.0,0.0,0.0,0.0,0.0,1.0,0.0,0.0,0.0,0.0,0.0,2.1,0.0,-1.4,0.0,0.0,16.0,25903.0
2026-07-30T19:03:09.265Z,358.748,358.764,0.0,7.4,0.0,0.0,0.0,0.0,0.0,0.0,0.0,0.0,1.0,0.0,0.0,0.0,9.0,4.0,0.0,0.0,0.0,0.0,0.0,0.0,0.0,0.0,5.0,12.0,1.0,12.17,5.01,2.5,1.49,0.0,0.0,0.0,361.3,0.0,0.3,0.1,-1.1,-169.70000000000002,0.0,0.0,169.8,0.0,21.3,28.9,28.9,30.9,300.0,300.0,31.6,35.800000000000004,28.8,28.0,29.9,4.96,2.0,4.97,0.16,0.0,0.0,1027.0,8228.0,0.0,0.0,0.0,0.0,0.0,1.0,0.0,0.0,0.0,0.0,0.0,-0.6000000000000001,0.0,1.0,0.0,0.0,16.0,25903.0
2026-07-30T19:03:09.278Z,358.761,358.776,0.0,7.4,0.0,0.0,0.0,0.0,0.0,0.0,0.0,0.0,1.0,0.0,0.0,0.0,9.0,4.0,0.0,0.0,0.0,0.0,0.0,0.0,0.0,0.0,6.0,12.0,1.0,12.17,5.01,2.5,1.49,0.0,0.0,0.0,361.3,0.0,-1.4,-1.0,0.0,-169.70000000000002,0.0,0.0,169.70000000000002,0.0,21.3,28.9,28.9,30.9,300.0,300.0,31.6,35.800000000000004,28.8,28.0,29.9,4.96,2.0,4.96,0.16,0.0,0.0,1027.0,8228.0,0.0,0.0,0.0,0.0,0.0,1.0,0.0,0.0,0.0,0.0,0.0,-1.1,0.0,-0.2,0.0,0.0,16.0,25903.0
2026-07-30T19:03:09.290Z,358.773,358.788,0.0,7.4,0.0,0.0,0.0,0.0,0.0,0.0,0.0,0.0,1.0,0.0,0.0,0.0,9.0,4.0,0.0,0.0,0.0,0.0,0.0,0.0,0.0,0.0,1.0,12.0,1.0,12.17,5.01,2.5,1.49,0.0,0.0,0.0,361.3,0.0,0.3,0.1,0.6000000000000001,-169.70000000000002,0.0,0.0,169.8,0.0,21.3,28.9,28.9,30.9,300.0,300.0,31.6,35.800000000000004,28.8,28.0,29.9,4.96,1.99,4.97,0.16,0.0,0.0,1027.0,8228.0,0.0,0.0,0.0,0.0,0.0,1.0,0.0,0.0,0.0,0.0,0.0,0.6000000000000001,0.0,-0.5,0.0,0.0,16.0,25903.0
2026-07-30T19:03:09.302Z,358.785,358.8,0.0,7.4,0.0,0.0,0.0,0.0,0.0,0.0,0.0,0.0,1.0,0.0,0.0,0.0,9.0,4.0,0.0,0.0,0.0,0.0,0.0,0.0,0.0,0.0,3.0,12.0,1.0,12.17,5.01,2.5,1.49,0.0,0.0,0.0,361.3,0.0,0.2,0.6000000000000001,1.1,-169.70000000000002,0.0,0.0,169.70000000000002,0.0,21.3,28.9,28.9,30.9,300.0,300.0,31.6,35.800000000000004,28.8,28.0,29.9,4.96,2.0,4.97,0.16,0.0,0.0,1027.0,8228.0,0.0,0.0,0.0,0.0,0.0,1.0,0.0,0.0,0.0,0.0,0.0,1.6,0.0,-0.8,0.0,0.0,16.0,25903.0
2026-07-30T19:03:09.313Z,358.796,358.812,0.0,7.4,0.0,0.0,0.0,0.0,0.0,0.0,0.0,0.0,1.0,0.0,0.0,0.0,9.0,4.0,0.0,0.0,0.0,0.0,0.0,0.0,0.0,0.0,4.0,12.0,1.0,12.17,5.01,2.5,1.49,0.0,0.0,0.0,361.4,0.0,-0.3,0.6000000000000001,0.5,-169.70000000000002,0.0,0.0,169.8,0.0,21.3,28.9,28.9,30.9,300.0,300.0,31.6,35.800000000000004,28.8,28.0,29.9,4.96,1.99,4.97,0.16,0.0,0.0,1027.0,8228.0,0.0,0.0,0.0,0.0,0.0,1.0,0.0,0.0,0.0,0.0,0.0,1.1,0.0,-0.3,0.0,0.0,16.0,25903.0
2026-07-30T19:03:09.325Z,358.808,358.824,0.0,7.4,0.0,0.0,0.0,0.0,0.0,0.0,0.0,0.0,1.0,0.0,0.0,0.0,9.0,4.0,0.0,0.0,0.0,0.0,0.0,0.0,0.0,0.0,5.0,12.0,1.0,12.15,5.01,2.51,1.49,0.0,0.1,0.0,361.4,0.0,0.2,0.0,0.0,-169.70000000000002,0.0,0.0,169.70000000000002,0.0,21.700000000000003,28.9,28.9,30.9,300.0,300.0,31.700000000000003,35.800000000000004,28.8,28.1,29.9,4.96,1.99,4.97,0.16,0.0,0.0,1027.0,8228.0,0.0,0.0,0.0,0.0,0.0,1.0,0.0,0.0,0.0,0.0,0.0,0.0,0.0,0.0,0.0,0.0,16.0,25903.0
2026-07-30T19:03:09.337Z,358.82,358.836,0.0,7.4,0.0,0.0,0.0,0.0,0.0,0.0,0.0,0.0,1.0,0.0,0.0,0.0,9.0,4.0,0.0,0.0,0.0,0.0,0.0,0.0,0.0,0.0,6.0,12.0,1.0,12.15,5.01,2.51,1.49,0.0,0.1,0.0,361.4,0.0,-0.3,-1.1,-1.7000000000000002,-169.70000000000002,0.0,0.0,169.60000000000002,0.0,21.700000000000003,28.9,28.9,30.9,300.0,300.0,31.700000000000003,35.800000000000004,28.8,28.1,29.9,4.95,1.99,4.96,0.16,0.0,0.0,1027.0,8228.0,0.0,0.0,0.0,0.0,0.0,1.0,0.0,0.0,0.0,0.0,0.0,-2.6,0.0,1.3,0.0,0.0,16.0,25903.0
2026-07-30T19:03:09.349Z,358.832,358.848,0.0,7.4,0.0,0.0,0.0,0.0,0.0,0.0,0.0,0.0,1.0,0.0,0.0,0.0,9.0,4.0,0.0,0.0,0.0,0.0,0.0,0.0,0.0,0.0,1.0,12.0,1.0,12.15,5.01,2.51,1.49,0.0,0.0,0.0,361.3,0.0,0.3,0.5,0.0,-169.70000000000002,0.0,0.0,169.8,0.0,21.700000000000003,28.9,28.9,30.9,300.0,300.0,31.700000000000003,35.800000000000004,28.8,28.1,29.9,4.95,1.99,4.96,0.16,0.0,0.0,1027.0,8228.0,0.0,0.0,0.0,0.0,0.0,1.0,0.0,0.0,0.0,0.0,0.0,0.6000000000000001,0.0,0.1,0.0,0.0,16.0,25903.0
2026-07-30T19:03:09.361Z,358.844,358.86,0.0,7.4,0.0,0.0,0.0,0.0,0.0,0.0,0.0,0.0,1.0,0.0,0.0,0.0,9.0,4.0,0.0,0.0,0.0,0.0,0.0,0.0,0.0,0.0,2.0,12.0,1.0,12.15,5.01,2.51,1.49,0.0,0.0,0.0,361.3,0.0,0.2,0.5,0.0,-169.70000000000002,0.0,0.0,169.8,0.0,21.700000000000003,28.9,28.9,30.9,300.0,300.0,31.700000000000003,35.800000000000004,28.8,28.1,29.9,4.96,1.99,4.96,0.16,0.0,0.0,1027.0,8228.0,0.0,0.0,0.0,0.0,0.0,1.0,0.0,0.0,0.0,0.0,0.0,0.6000000000000001,0.0,0.1,0.0,0.0,16.0,25903.0
2026-07-30T19:03:09.374Z,358.857,358.872,0.0,7.4,0.0,0.0,0.0,0.0,0.0,0.0,0.0,0.0,1.0,0.0,0.0,0.0,9.0,4.0,0.0,0.0,0.0,0.0,0.0,0.0,0.0,0.0,3.0,12.0,1.0,12.15,5.01,2.51,1.49,0.0,0.0,0.0,361.3,0.0,-0.2,-0.5,0.5,-169.70000000000002,0.0,0.0,169.70000000000002,0.0,21.700000000000003,28.9,28.9,30.9,300.0,300.0,31.700000000000003,35.800000000000004,28.8,28.1,29.9,4.95,1.99,4.97,0.16,0.0,0.0,1027.0,8228.0,0.0,0.0,0.0,0.0,0.0,1.0,0.0,0.0,0.0,0.0,0.0,-0.2,0.0,-0.5,0.0,0.0,16.0,25903.0
2026-07-30T19:03:09.386Z,358.869,358.884,0.0,7.4,0.0,0.0,0.0,0.0,0.0,0.0,0.0,0.0,1.0,0.0,0.0,0.0,9.0,4.0,0.0,0.0,0.0,0.0,0.0,0.0,0.0,0.0,4.0,12.0,1.0,12.15,5.01,2.51,1.49,0.0,0.1,0.0,361.4,0.0,-0.2,-1.1,-0.1,-169.70000000000002,0.0,0.0,169.8,0.0,21.700000000000003,28.9,28.9,30.9,300.0,300.0,31.700000000000003,35.800000000000004,28.8,28.1,29.9,4.96,1.99,4.96,0.16,0.0,0.0,1027.0,8228.0,0.0,0.0,0.0,0.0,0.0,1.0,0.0,0.0,0.0,0.0,0.0,-1.3,0.0,-0.1,0.0,0.0,16.0,25903.0
2026-07-30T19:03:09.398Z,358.881,358.896,0.0,7.4,0.0,0.0,0.0,0.0,0.0,0.0,0.0,0.0,1.0,0.0,0.0,0.0,9.0,4.0,0.0,0.0,0.0,0.0,0.0,0.0,0.0,0.0,5.0,12.0,1.0,12.15,5.01,2.51,1.49,0.0,0.0,0.0,361.3,0.0,-0.2,-0.5,-0.6000000000000001,-169.70000000000002,0.0,0.0,169.70000000000002,0.0,21.700000000000003,28.9,28.9,30.9,300.0,300.0,31.700000000000003,35.800000000000004,28.8,28.1,29.9,4.96,1.99,4.96,0.16,0.0,0.0,1027.0,8228.0,0.0,0.0,0.0,0.0,0.0,1.0,0.0,0.0,0.0,0.0,0.0,-1.1,0.0,0.4,0.0,0.0,16.0,25903.0
2026-07-30T19:03:09.410Z,358.893,358.908,0.0,7.4,0.0,0.0,0.0,0.0,0.0,0.0,0.0,0.0,1.0,0.0,0.0,0.0,9.0,4.0,0.0,0.0,0.0,0.0,0.0,0.0,0.0,0.0,1.0,12.0,1.0,12.15,5.01,2.51,1.49,0.0,0.0,0.0,361.4,0.0,-0.8,-0.4,0.4,-169.70000000000002,0.0,0.0,169.70000000000002,0.0,21.700000000000003,28.9,28.9,30.9,300.0,300.0,31.700000000000003,35.800000000000004,28.8,28.1,29.9,4.95,1.99,4.96,0.16,0.0,0.0,1027.0,8228.0,0.0,0.0,0.0,0.0,0.0,1.0,0.0,0.0,0.0,0.0,0.0,-0.1,0.0,-0.5,0.0,0.0,16.0,25903.0
2026-07-30T19:03:09.423Z,358.906,358.92,0.0,7.4,0.0,0.0,0.0,0.0,0.0,0.0,0.0,0.0,1.0,0.0,0.0,0.0,9.0,4.0,0.0,0.0,0.0,0.0,0.0,0.0,0.0,0.0,2.0,12.0,1.0,12.18,5.01,2.51,1.5,0.0,0.0,0.0,361.4,0.0,-0.2,-1.0,-1.2000000000000002,-169.70000000000002,0.0,0.0,169.8,0.0,21.3,28.9,28.9,31.0,300.0,300.0,31.700000000000003,35.9,28.9,28.1,29.9,4.95,1.99,4.96,0.16,0.0,0.0,1027.0,8228.0,0.0,0.0,0.0,0.0,0.0,1.0,0.0,0.0,0.0,0.0,0.0,-2.1,0.0,0.8,0.0,0.0,16.0,25903.0
2026-07-30T19:03:09.434Z,358.917,358.932,0.0,7.4,0.0,0.0,0.0,0.0,0.0,0.0,0.0,0.0,1.0,0.0,0.0,0.0,9.0,4.0,0.0,0.0,0.0,0.0,0.0,0.0,0.0,0.0,3.0,12.0,1.0,12.18,5.01,2.51,1.5,0.0,0.0,0.0,361.4,0.0,-0.2,1.2000000000000002,1.6,-169.70000000000002,0.0,0.0,169.70000000000002,0.0,21.3,28.9,28.9,31.0,300.0,300.0,31.700000000000003,35.9,28.9,28.1,29.9,4.96,1.99,4.96,0.16,0.0,0.0,1027.0,8228.0,0.0,0.0,0.0,0.0,0.0,1.0,0.0,0.0,0.0,0.0,0.0,2.6,0.0,-1.2000000000000002,0.0,0.0,16.0,25903.0
2026-07-30T19:03:09.446Z,358.929,358.944,0.0,7.4,0.0,0.0,0.0,0.0,0.0,0.0,0.0,0.0,1.0,0.0,0.0,0.0,9.0,4.0,0.0,0.0,0.0,0.0,0.0,0.0,0.0,0.0,4.0,12.0,1.0,12.18,5.01,2.51,1.5,0.0,0.1,0.0,361.3,0.0,-0.2,0.6000000000000001,-0.7000000000000001,-169.70000000000002,0.0,0.0,169.70000000000002,0.0,21.3,28.9,28.9,31.0,300.0,300.0,31.700000000000003,35.9,28.9,28.1,29.9,4.96,1.99,4.97,0.16,0.0,0.0,1027.0,8228.0,0.0,0.0,0.0,0.0,0.0,1.0,0.0,0.0,0.0,0.0,0.0,0.1,0.0,0.7000000000000001,0.0,0.0,16.0,25903.0
2026-07-30T19:03:09.458Z,358.941,358.956,0.0,7.4,0.0,0.0,0.0,0.0,0.0,0.0,0.0,0.0,1.0,0.0,0.0,0.0,9.0,4.0,0.0,0.0,0.0,0.0,0.0,0.0,0.0,0.0,5.0,12.0,1.0,12.18,5.01,2.51,1.5,0.0,0.0,0.0,361.3,0.0,-0.8,-0.5,-0.1,-169.70000000000002,0.0,0.0,169.8,0.0,21.3,28.9,28.9,31.0,300.0,300.0,31.700000000000003,35.9,28.9,28.1,29.9,4.95,1.99,4.97,0.16,0.0,0.0,1027.0,8228.0,0.0,0.0,0.0,0.0,0.0,1.0,0.0,0.0,0.0,0.0,0.0,-0.7000000000000001,0.0,0.0,0.0,0.0,16.0,25903.0
2026-07-30T19:03:09.470Z,358.953,358.968,0.0,7.4,0.0,0.0,0.0,0.0,0.0,0.0,0.0,0.0,1.0,0.0,0.0,0.0,9.0,4.0,0.0,0.0,0.0,0.0,0.0,0.0,0.0,0.0,6.0,12.0,1.0,12.18,5.01,2.51,1.5,0.0,0.0,0.0,361.3,0.0,0.3,1.1,1.6,-169.70000000000002,0.0,0.0,169.70000000000002,0.0,21.3,28.9,28.9,31.0,300.0,300.0,31.700000000000003,35.9,28.9,28.1,29.9,4.96,1.99,4.96,0.16,0.0,0.0,1027.0,8228.0,0.0,0.0,0.0,0.0,0.0,1.0,0.0,0.0,0.0,0.0,0.0,2.5,0.0,-1.1,0.0,0.0,16.0,25903.0
2026-07-30T19:03:09.482Z,358.965,358.98,0.0,7.4,0.0,0.0,0.0,0.0,0.0,0.0,0.0,0.0,1.0,0.0,0.0,0.0,9.0,4.0,0.0,0.0,0.0,0.0,0.0,0.0,0.0,0.0,1.0,12.0,1.0,12.18,5.01,2.51,1.5,0.0,0.0,0.0,361.3,0.0,0.3,-0.5,0.4,-169.70000000000002,0.0,0.0,169.70000000000002,0.0,21.3,28.9,28.9,31.0,300.0,300.0,31.700000000000003,35.9,28.9,28.1,29.9,4.95,1.99,4.97,0.16,0.0,0.0,1027.0,8228.0,0.0,0.0,0.0,0.0,0.0,1.0,0.0,0.0,0.0,0.0,0.0,-0.3,0.0,-0.5,0.0,0.0,16.0,25903.0
2026-07-30T19:03:09.494Z,358.977,358.992,0.0,7.4,0.0,0.0,0.0,0.0,0.0,0.0,0.0,0.0,1.0,0.0,0.0,0.0,9.0,4.0,0.0,0.0,0.0,0.0,0.0,0.0,0.0,0.0,2.0,12.0,1.0,12.18,5.01,2.51,1.5,0.0,0.0,0.0,361.4,0.0,0.3,0.5,-0.1,-169.70000000000002,0.0,0.0,169.8,0.0,21.3,28.9,28.9,31.0,300.0,300.0,31.700000000000003,35.9,28.9,28.1,29.9,4.95,1.99,4.97,0.16,0.0,0.0,1027.0,8228.0,0.0,0.0,0.0,0.0,0.0,1.0,0.0,0.0,0.0,0.0,0.0,0.5,0.0,0.2,0.0,0.0,16.0,25903.0
2026-07-30T19:03:09.506Z,358.989,359.004,0.0,7.4,0.0,0.0,0.0,0.0,0.0,0.0,0.0,0.0,1.0,0.0,0.0,0.0,9.0,4.0,0.0,0.0,0.0,0.0,0.0,0.0,0.0,0.0,3.0,12.0,1.0,12.18,5.01,2.51,1.5,0.0,0.1,0.0,361.4,0.0,0.9,1.2000000000000002,-1.3,-169.70000000000002,0.0,0.0,169.70000000000002,0.0,21.3,28.9,28.9,31.0,300.0,300.0,31.700000000000003,35.9,28.9,28.1,29.9,4.95,1.99,4.97,0.16,0.0,0.0,1027.0,8228.0,0.0,0.0,0.0,0.0,0.0,1.0,0.0,0.0,0.0,0.0,0.0,0.3,0.0,1.4,0.0,0.0,16.0,25903.0
2026-07-30T19:03:09.518Z,359.001,359.016,0.0,7.4,0.0,0.0,0.0,0.0,0.0,0.0,0.0,0.0,1.0,0.0,0.0,0.0,9.0,4.0,0.0,0.0,0.0,0.0,0.0,0.0,0.0,0.0,3.0,12.0,1.0,12.18,5.01,2.51,1.5,0.0,0.1,0.0,361.3,0.0,0.9,0.0,-0.2,-169.70000000000002,0.0,0.0,169.70000000000002,0.0,21.3,28.9,28.9,31.0,300.0,300.0,31.700000000000003,35.9,28.9,28.1,29.9,4.96,1.99,4.96,0.16,0.0,0.0,1027.0,8228.0,0.0,0.0,0.0,0.0,0.0,1.0,0.0,0.0,0.0,0.0,0.0,0.0,0.0,0.1,0.0,0.0,16.0,25903.0
2026-07-30T19:03:09.530Z,359.013,359.028,0.0,7.4,0.0,0.0,0.0,0.0,0.0,0.0,0.0,0.0,1.0,0.0,0.0,0.0,9.0,4.0,0.0,0.0,0.0,0.0,0.0,0.0,0.0,0.0,5.0,12.0,1.0,12.14,5.01,2.51,1.49,0.0,0.1,0.0,361.3,0.0,0.3,0.0,0.3,-169.70000000000002,0.0,0.0,169.60000000000002,0.0,21.4,28.9,28.9,30.9,300.0,300.0,31.8,35.9,28.9,28.1,29.9,4.95,1.99,4.96,0.16,0.0,0.0,1027.0,8228.0,0.0,0.0,0.0,0.0,0.0,1.0,0.0,0.0,0.0,0.0,0.0,0.3,0.0,-0.3,0.0,0.0,16.0,25903.0
2026-07-30T19:03:09.542Z,359.025,359.04,0.0,7.4,0.0,0.0,0.0,0.0,0.0,0.0,0.0,0.0,1.0,0.0,0.0,0.0,9.0,4.0,0.0,0.0,0.0,0.0,0.0,0.0,0.0,0.0,6.0,12.0,1.0,12.14,5.01,2.51,1.49,0.0,0.0,0.0,361.3,0.0,0.3,1.2000000000000002,1.0,-169.70000000000002,0.0,0.0,169.70000000000002,0.0,21.4,28.9,28.9,30.9,300.0,300.0,31.8,35.9,28.9,28.1,29.9,4.95,1.99,4.96,0.16,0.0,0.0,1027.0,8228.0,0.0,0.0,0.0,0.0,0.0,1.0,0.0,0.0,0.0,0.0,0.0,2.2,0.0,-0.6000000000000001,0.0,0.0,16.0,25903.0
2026-07-30T19:03:09.554Z,359.037,359.052,0.0,7.4,0.0,0.0,0.0,0.0,0.0,0.0,0.0,0.0,1.0,0.0,0.0,0.0,9.0,4.0,0.0,0.0,0.0,0.0,0.0,0.0,0.0,0.0,1.0,12.0,1.0,12.14,5.01,2.51,1.49,0.0,0.0,0.0,361.3,0.0,0.9,0.7000000000000001,0.3,-169.70000000000002,0.0,0.0,169.8,0.0,21.4,28.9,28.9,30.9,300.0,300.0,31.8,35.9,28.9,28.1,29.9,4.96,1.99,4.96,0.16,0.0,0.0,1027.0,8228.0,0.0,0.0,0.0,0.0,0.0,1.0,0.0,0.0,0.0,0.0,0.0,1.0,0.0,-0.1,0.0,0.0,16.0,25903.0
2026-07-30T19:03:09.566Z,359.049,359.064,0.0,7.4,0.0,0.0,0.0,0.0,0.0,0.0,0.0,0.0,1.0,0.0,0.0,0.0,9.0,4.0,0.0,0.0,0.0,0.0,0.0,0.0,0.0,0.0,2.0,12.0,1.0,12.14,5.01,2.51,1.49,0.0,0.0,0.0,361.3,0.0,0.9,-0.4,-0.2,-169.70000000000002,0.0,0.0,169.60000000000002,0.0,21.4,28.9,28.9,30.9,300.0,300.0,31.8,35.9,28.9,28.1,29.9,4.95,1.99,4.96,0.16,0.0,0.0,1027.0,8228.0,0.0,0.0,0.0,0.0,0.0,1.0,0.0,0.0,0.0,0.0,0.0,-0.7000000000000001,0.0,0.1,0.0,0.0,16.0,25903.0
2026-07-30T19:03:09.577Z,359.06,359.076,0.0,7.4,0.0,0.0,0.0,0.0,0.0,0.0,0.0,0.0,1.0,0.0,0.0,0.0,9.0,4.0,0.0,0.0,0.0,0.0,0.0,0.0,0.0,0.0,3.0,12.0,1.0,12.14,5.01,2.51,1.49,0.0,0.0,0.0,361.4,0.0,0.3,-0.5,0.2,-169.70000000000002,0.0,0.0,169.70000000000002,0.0,21.4,28.9,28.9,30.9,300.0,300.0,31.8,35.9,28.9,28.1,29.9,4.96,2.0,4.97,0.16,0.0,0.0,1027.0,8228.0,0.0,0.0,0.0,0.0,0.0,1.0,0.0,0.0,0.0,0.0,0.0,-0.3,0.0,-0.3,0.0,0.0,16.0,25903.0
2026-07-30T19:03:09.589Z,359.072,359.088,0.0,7.4,0.0,0.0,0.0,0.0,0.0,0.0,0.0,0.0,1.0,0.0,0.0,0.0,9.0,4.0,0.0,0.0,0.0,0.0,0.0,0.0,0.0,0.0,4.0,12.0,1.0,12.14,5.01,2.51,1.49,0.0,0.0,0.0,361.3,0.0,0.3,0.6000000000000001,1.4,-169.70000000000002,0.0,0.0,169.70000000000002,0.0,21.4,28.9,28.9,30.9,300.0,300.0,31.8,35.9,28.9,28.1,29.9,4.96,1.99,4.96,0.16,0.0,0.0,1027.0,8228.0,0.0,0.0,0.0,0.0,0.0,1.0,0.0,0.0,0.0,0.0,0.0,1.8,0.0,-1.1,0.0,0.0,16.0,25903.0
2026-07-30T19:03:09.602Z,359.085,359.1,0.0,7.4,0.0,0.0,0.0,0.0,0.0,0.0,0.0,0.0,1.0,0.0,0.0,0.0,9.0,4.0,0.0,0.0,0.0,0.0,0.0,0.0,0.0,0.0,5.0,12.0,1.0,12.14,5.01,2.51,1.49,0.0,0.0,0.0,361.4,0.0,0.3,1.2000000000000002,0.8,-169.70000000000002,0.0,0.0,169.8,0.0,21.4,28.9,28.9,30.9,300.0,300.0,31.8,35.9,28.9,28.1,29.9,4.96,1.99,4.96,0.16,0.0,0.0,1027.0,8228.0,0.0,0.0,0.0,0.0,0.0,1.0,0.0,0.0,0.0,0.0,0.0,2.0,0.0,-0.4,0.0,0.0,16.0,25903.0
2026-07-30T19:03:09.614Z,359.097,359.112,0.0,7.4,0.0,0.0,0.0,0.0,0.0,0.0,0.0,0.0,1.0,0.0,0.0,0.0,9.0,4.0,0.0,0.0,0.0,0.0,0.0,0.0,0.0,0.0,1.0,12.0,1.0,12.14,5.01,2.51,1.49,0.0,0.0,0.0,361.3,0.0,0.9,1.3,0.2,-169.70000000000002,0.0,0.0,169.70000000000002,0.0,21.4,28.9,28.9,30.9,300.0,300.0,31.8,35.9,28.9,28.1,29.9,4.95,1.99,4.97,0.16,0.0,0.0,1027.0,8228.0,0.0,0.0,0.0,0.0,0.0,1.0,0.0,0.0,0.0,0.0,0.0,1.6,0.0,0.0,0.0,0.0,16.0,25903.0
2026-07-30T19:03:09.626Z,359.109,359.124,0.0,7.4,0.0,0.0,0.0,0.0,0.0,0.0,0.0,0.0,1.0,0.0,0.0,0.0,9.0,4.0,0.0,0.0,0.0,0.0,0.0,0.0,0.0,0.0,3.0,12.0,1.0,12.18,5.01,2.5,1.49,0.0,0.0,0.0,361.4,0.0,-0.2,-1.0,-2.1,-169.70000000000002,0.0,0.0,169.60000000000002,0.0,21.700000000000003,28.9,28.9,30.9,300.0,300.0,31.6,35.800000000000004,28.9,28.1,30.0,4.96,1.99,4.96,0.16,0.0,0.0,1027.0,8228.0,0.0,0.0,0.0,0.0,0.0,1.0,0.0,0.0,0.0,0.0,0.0,-2.7,0.0,1.6,0.0,0.0,16.0,25903.0
2026-07-30T19:03:09.638Z,359.121,359.136,0.0,7.4,0.0,0.0,0.0,0.0,0.0,0.0,0.0,0.0,1.0,0.0,0.0,0.0,9.0,4.0,0.0,0.0,0.0,0.0,0.0,0.0,0.0,0.0,4.0,12.0,1.0,12.18,5.01,2.5,1.49,0.0,0.0,0.0,361.4,0.0,0.3,0.7000000000000001,0.7000000000000001,-169.70000000000002,0.0,0.0,169.60000000000002,0.0,21.700000000000003,28.9,28.9,30.9,300.0,300.0,31.6,35.800000000000004,28.9,28.1,30.0,4.96,2.0,4.96,0.16,0.0,0.0,1027.0,8228.0,0.0,0.0,0.0,0.0,0.0,1.0,0.0,0.0,0.0,0.0,0.0,1.4,0.0,-0.5,0.0,0.0,16.0,25903.0
2026-07-30T19:03:09.649Z,359.132,359.148,0.0,7.4,0.0,0.0,0.0,0.0,0.0,0.0,0.0,0.0,1.0,0.0,0.0,0.0,9.0,4.0,0.0,0.0,0.0,0.0,0.0,0.0,0.0,0.0,6.0,12.0,1.0,12.18,5.01,2.5,1.49,0.0,0.0,0.0,361.3,0.0,0.4,0.7000000000000001,0.7000000000000001,-169.70000000000002,0.0,0.0,169.70000000000002,0.0,21.700000000000003,28.9,28.9,30.9,300.0,300.0,31.6,35.800000000000004,28.9,28.1,30.0,4.95,1.99,4.96,0.16,0.0,0.0,1027.0,8228.0,0.0,0.0,0.0,0.0,0.0,1.0,0.0,0.0,0.0,0.0,0.0,1.4,0.0,-0.5,0.0,0.0,16.0,25903.0
2026-07-30T19:03:09.662Z,359.145,359.16,0.0,7.4,0.0,0.0,0.0,0.0,0.0,0.0,0.0,0.0,1.0,0.0,0.0,0.0,9.0,4.0,0.0,0.0,0.0,0.0,0.0,0.0,0.0,0.0,1.0,12.0,1.0,12.18,5.01,2.5,1.49,0.0,0.0,0.0,361.3,0.0,0.3,0.1,-0.3,-169.70000000000002,0.0,0.0,169.70000000000002,0.0,21.700000000000003,28.9,28.9,30.9,300.0,300.0,31.6,35.800000000000004,28.9,28.1,30.0,4.95,1.99,4.97,0.16,0.0,0.0,1027.0,8228.0,0.0,0.0,0.0,0.0,0.0,1.0,0.0,0.0,0.0,0.0,0.0,0.6000000000000001,0.0,0.4,0.0,0.0,16.0,25903.0
2026-07-30T19:03:09.674Z,359.157,359.172,0.0,7.4,0.0,0.0,0.0,0.0,0.0,0.0,0.0,0.0,1.0,0.0,0.0,0.0,9.0,4.0,0.0,0.0,0.0,0.0,0.0,0.0,0.0,0.0,3.0,12.0,1.0,12.18,5.01,2.5,1.49,0.0,0.0,0.0,361.3,0.0,-0.7000000000000001,-1.0,-0.3,-169.70000000000002,0.0,0.0,169.8,0.0,21.700000000000003,28.9,28.9,30.9,300.0,300.0,31.6,35.800000000000004,28.9,28.1,30.0,4.96,2.0,4.96,0.16,0.0,0.0,1027.0,8228.0,0.0,0.0,0.0,0.0,0.0,1.0,0.0,0.0,0.0,0.0,0.0,0.3,0.0,-0.1,0.0,0.0,16.0,25903.0
2026-07-30T19:03:09.686Z,359.169,359.184,0.0,7.4,0.0,0.0,0.0,0.0,0.0,0.0,0.0,0.0,1.0,0.0,0.0,0.0,9.0,4.0,0.0,0.0,0.0,0.0,0.0,0.0,0.0,0.0,4.0,12.0,1.0,12.18,5.01,2.5,1.49,0.0,0.0,0.0,361.4,0.0,-0.2,0.0,-0.9,-169.70000000000002,0.0,0.0,169.8,0.0,21.700000000000003,28.9,28.9,30.9,300.0,300.0,31.6,35.800000000000004,28.9,28.1,30.0,4.96,1.99,4.97,0.16,0.0,0.0,1027.0,8228.0,0.0,0.0,0.0,0.0,0.0,1.0,0.0,0.0,0.0,0.0,0.0,-0.4,0.0,-0.2,0.0,0.0,16.0,25903.0
2026-07-30T19:03:09.698Z,359.181,359.196,0.0,7.4,0.0,0.0,0.0,0.0,0.0,0.0,0.0,0.0,1.0,0.0,0.0,0.0,9.0,4.0,0.0,0.0,0.0,0.0,0.0,0.0,0.0,0.0,5.0,12.0,1.0,12.18,5.01,2.5,1.49,0.0,0.0,0.0,361.4,0.0,-0.2,0.1,-1.5,-169.70000000000002,0.0,0.0,169.8,0.0,21.700000000000003,28.9,28.9,30.9,300.0,300.0,31.6,35.800000000000004,28.9,28.1,30.0,4.95,1.99,4.97,0.17,0.0,0.0,1027.0,8228.0,0.0,0.0,0.0,0.0,0.0,1.0,0.0,0.0,0.0,0.0,0.0,-1.0,0.0,1.3,0.0,0.0,16.0,25903.0
2026-07-30T19:03:09.710Z,359.193,359.208,0.0,7.4,0.0,0.0,0.0,0.0,0.0,0.0,0.0,0.0,1.0,0.0,0.0,0.0,9.0,4.0,0.0,0.0,0.0,0.0,0.0,0.0,0.0,0.0,1.0,12.0,1.0,12.18,5.01,2.5,1.49,0.0,0.0,0.0,361.3,0.0,-0.2,1.2000000000000002,-0.3,-169.70000000000002,0.0,0.0,169.60000000000002,0.0,21.700000000000003,28.9,28.9,30.9,300.0,300.0,31.6,35.800000000000004,28.9,28.1,30.0,4.96,1.99,4.96,0.16,0.0,0.0,1027.0,8228.0,0.0,0.0,0.0,0.0,0.0,1.0,0.0,0.0,0.0,0.0,0.0,1.2000000000000002,0.0,0.5,0.0,0.0,16.0,25903.0
2026-07-30T19:03:09.722Z,359.205,359.22,0.0,7.4,0.0,0.0,0.0,0.0,0.0,0.0,0.0,0.0,1.0,0.0,0.0,0.0,9.0,4.0,0.0,0.0,0.0,0.0,0.0,0.0,0.0,0.0,2.0,12.0,1.0,12.18,5.01,2.5,1.49,0.0,0.0,0.0,361.4,0.0,0.3,1.2000000000000002,-0.2,-169.70000000000002,0.0,0.0,169.60000000000002,0.0,21.700000000000003,28.9,28.9,30.9,300.0,300.0,31.6,35.800000000000004,28.9,28.1,30.0,4.96,1.99,4.96,0.16,0.0,0.0,1027.0,8228.0,0.0,0.0,0.0,0.0,0.0,1.0,0.0,0.0,0.0,0.0,0.0,1.2000000000000002,0.0,0.5,0.0,0.0,16.0,25903.0
2026-07-30T19:03:09.734Z,359.217,359.232,0.0,7.4,0.0,0.0,0.0,0.0,0.0,0.0,0.0,0.0,1.0,0.0,0.0,0.0,9.0,4.0,0.0,0.0,0.0,0.0,0.0,0.0,0.0,0.0,3.0,12.0,1.0,12.17,5.01,2.51,1.49,0.0,0.0,0.0,361.3,0.0,-0.2,0.6000000000000001,0.3,-169.70000000000002,0.0,0.0,169.70000000000002,0.0,21.3,28.9,28.9,31.0,300.0,300.0,31.6,35.9,28.9,28.1,29.9,4.96,1.99,4.97,0.16,0.0,0.0,1027.0,8228.0,0.0,0.0,0.0,0.0,0.0,1.0,0.0,0.0,0.0,0.0,0.0,1.0,0.0,-0.1,0.0,0.0,16.0,25903.0
2026-07-30T19:03:09.745Z,359.228,359.244,0.0,7.4,0.0,0.0,0.0,0.0,0.0,0.0,0.0,0.0,1.0,0.0,0.0,0.0,9.0,4.0,0.0,0.0,0.0,0.0,0.0,0.0,0.0,0.0,4.0,12.0,1.0,12.17,5.01,2.51,1.49,0.0,0.0,0.0,361.3,0.0,0.2,-0.4,-0.2,-169.70000000000002,0.0,0.0,169.70000000000002,0.0,21.3,28.9,28.9,31.0,300.0,300.0,31.6,35.9,28.9,28.1,29.9,4.95,1.99,4.97,0.16,0.0,0.0,1027.0,8228.0,0.0,0.0,0.0,0.0,0.0,1.0,0.0,0.0,0.0,0.0,0.0,-0.7000000000000001,0.0,0.1,0.0,0.0,16.0,25903.0
2026-07-30T19:03:09.758Z,359.241,359.25600000000003,0.0,7.4,0.0,0.0,0.0,0.0,0.0,0.0,0.0,0.0,1.0,0.0,0.0,0.0,9.0,4.0,0.0,0.0,0.0,0.0,0.0,0.0,0.0,0.0,6.0,12.0,1.0,12.17,5.01,2.51,1.49,0.0,0.0,0.0,361.4,0.0,0.3,-1.0,-1.4,-169.70000000000002,0.0,0.0,169.70000000000002,0.0,21.3,28.9,28.9,31.0,300.0,300.0,31.6,35.9,28.9,28.1,29.9,4.96,1.99,4.96,0.16,0.0,0.0,1027.0,8228.0,0.0,0.0,0.0,0.0,0.0,1.0,0.0,0.0,0.0,0.0,0.0,-2.2,0.0,1.0,0.0,0.0,16.0,25903.0
2026-07-30T19:03:09.769Z,359.252,359.26800000000003,0.0,7.4,0.0,0.0,0.0,0.0,0.0,0.0,0.0,0.0,1.0,0.0,0.0,0.0,9.0,4.0,0.0,0.0,0.0,0.0,0.0,0.0,0.0,0.0,1.0,12.0,1.0,12.17,5.01,2.51,1.49,0.0,0.0,0.0,361.3,0.0,0.9,-0.4,-0.7000000000000001,-169.70000000000002,0.0,0.0,169.70000000000002,0.0,21.3,28.9,28.9,31.0,300.0,300.0,31.6,35.9,28.9,28.1,29.9,4.95,1.99,4.96,0.16,0.0,0.0,1027.0,8228.0,0.0,0.0,0.0,0.0,0.0,1.0,0.0,0.0,0.0,0.0,0.0,-1.1,0.0,0.5,0.0,0.0,16.0,25903.0
2026-07-30T19:03:09.782Z,359.265,359.28000000000003,0.0,7.4,0.0,0.0,0.0,0.0,0.0,0.0,0.0,0.0,1.0,0.0,0.0,0.0,9.0,4.0,0.0,0.0,0.0,0.0,0.0,0.0,0.0,0.0,2.0,12.0,1.0,12.17,5.01,2.51,1.49,0.0,0.1,0.0,361.3,0.0,-0.2,1.2000000000000002,1.5,-169.70000000000002,0.0,0.0,169.8,0.0,21.3,28.9,28.9,31.0,300.0,300.0,31.6,35.9,28.9,28.1,29.9,4.95,1.99,4.96,0.16,0.0,0.0,1027.0,8228.0,0.0,0.0,0.0,0.0,0.0,1.0,0.0,0.0,0.0,0.0,0.0,2.6,0.0,-1.1,0.0,0.0,16.0,25903.0
2026-07-30T19:03:09.794Z,359.277,359.29200000000003,0.0,7.4,0.0,0.0,0.0,0.0,0.0,0.0,0.0,0.0,1.0,0.0,0.0,0.0,9.0,4.0,0.0,0.0,0.0,0.0,0.0,0.0,0.0,0.0,3.0,12.0,1.0,12.17,5.01,2.51,1.49,0.0,0.1,0.0,361.4,0.0,0.8,1.3,-0.7000000000000001,-169.70000000000002,0.0,0.0,169.70000000000002,0.0,21.3,28.9,28.9,31.0,300.0,300.0,31.6,35.9,28.9,28.1,29.9,4.96,2.0,4.96,0.16,0.0,0.0,1027.0,8228.0,0.0,0.0,0.0,0.0,0.0,1.0,0.0,0.0,0.0,0.0,0.0,0.9,0.0,0.9,0.0,0.0,16.0,25903.0
2026-07-30T19:03:09.805Z,359.288,359.30400000000003,0.0,7.4,0.0,0.0,0.0,0.0,0.0,0.0,0.0,0.0,1.0,0.0,0.0,0.0,9.0,4.0,0.0,0.0,0.0,0.0,0.0,0.0,0.0,0.0,5.0,12.0,1.0,12.17,5.01,2.51,1.49,0.0,0.0,0.0,361.4,0.0,0.3,0.7000000000000001,0.9,-169.70000000000002,0.0,0.0,169.70000000000002,0.0,21.3,28.9,28.9,31.0,300.0,300.0,31.6,35.9,28.9,28.1,29.9,4.95,2.0,4.96,0.16,0.0,0.0,1027.0,8228.0,0.0,0.0,0.0,0.0,0.0,1.0,0.0,0.0,0.0,0.0,0.0,1.5,0.0,-0.7000000000000001,0.0,0.0,16.0,25903.0
2026-07-30T19:03:09.818Z,359.301,359.31600000000003,0.0,7.4,0.0,0.0,0.0,0.0,0.0,0.0,0.0,0.0,1.0,0.0,0.0,0.0,9.0,4.0,0.0,0.0,0.0,0.0,0.0,0.0,0.0,0.0,6.0,12.0,1.0,12.17,5.01,2.51,1.49,0.0,0.0,0.0,361.3,0.0,-0.2,0.0,-0.8,-169.70000000000002,0.0,0.0,169.70000000000002,0.0,21.3,28.9,28.9,31.0,300.0,300.0,31.6,35.9,28.9,28.1,29.9,4.96,1.99,4.97,0.16,0.0,0.0,1027.0,8228.0,0.0,0.0,0.0,0.0,0.0,1.0,0.0,0.0,0.0,0.0,0.0,-0.5,0.0,0.7000000000000001,0.0,0.0,16.0,25903.0
2026-07-30T19:03:09.831Z,359.314,359.32800000000003,0.0,7.4,0.0,0.0,0.0,0.0,0.0,0.0,0.0,0.0,1.0,0.0,0.0,0.0,9.0,4.0,0.0,0.0,0.0,0.0,0.0,0.0,0.0,0.0,2.0,12.0,1.0,12.18,5.01,2.51,1.49,0.0,0.0,0.0,361.4,0.0,0.8,0.6000000000000001,0.9,-169.70000000000002,0.0,0.0,169.8,0.0,21.8,28.9,28.9,30.9,300.0,300.0,31.6,35.800000000000004,28.9,28.0,29.9,4.96,2.0,4.96,0.16,0.0,0.0,1027.0,8228.0,0.0,0.0,0.0,0.0,0.0,1.0,0.0,0.0,0.0,0.0,0.0,1.4,0.0,-0.7000000000000001,0.0,0.0,16.0,25903.0
2026-07-30T19:03:09.842Z,359.325,359.34000000000003,0.0,7.4,0.0,0.0,0.0,0.0,0.0,0.0,0.0,0.0,1.0,0.0,0.0,0.0,9.0,4.0,0.0,0.0,0.0,0.0,0.0,0.0,0.0,0.0,3.0,12.0,1.0,12.18,5.01,2.51,1.49,0.0,0.0,0.0,361.3,0.0,-0.2,1.2000000000000002,0.3,-169.70000000000002,0.0,0.0,169.70000000000002,0.0,21.8,28.9,28.9,30.9,300.0,300.0,31.6,35.800000000000004,28.9,28.0,29.9,4.96,1.99,4.96,0.15,0.0,0.0,1027.0,8228.0,0.0,0.0,0.0,0.0,0.0,1.0,0.0,0.0,0.0,0.0,0.0,1.7000000000000002,0.0,0.0,0.0,0.0,16.0,25903.0
2026-07-30T19:03:09.854Z,359.337,359.35200000000003,0.0,7.4,0.0,0.0,0.0,0.0,0.0,0.0,0.0,0.0,1.0,0.0,0.0,0.0,9.0,4.0,0.0,0.0,0.0,0.0,0.0,0.0,0.0,0.0,5.0,12.0,1.0,12.18,5.01,2.51,1.49,0.0,0.0,0.0,361.4,0.0,-0.2,-0.4,0.9,-169.70000000000002,0.0,0.0,169.70000000000002,0.0,21.8,28.9,28.9,30.9,300.0,300.0,31.6,35.800000000000004,28.9,28.0,29.9,4.95,1.99,4.97,0.16,0.0,0.0,1027.0,8228.0,0.0,0.0,0.0,0.0,0.0,1.0,0.0,0.0,0.0,0.0,0.0,0.2,0.0,-0.9,0.0,0.0,16.0,25903.0
2026-07-30T19:03:09.866Z,359.349,359.36400000000003,0.0,7.4,0.0,0.0,0.0,0.0,0.0,0.0,0.0,0.0,1.0,0.0,0.0,0.0,9.0,4.0,0.0,0.0,0.0,0.0,0.0,0.0,0.0,0.0,6.0,12.0,1.0,12.18,5.01,2.51,1.49,0.0,0.0,0.0,361.4,0.0,0.3,-1.0,-0.7000000000000001,-169.70000000000002,0.0,0.0,169.8,0.0,21.8,28.9,28.9,30.9,300.0,300.0,31.6,35.800000000000004,28.9,28.0,29.9,4.96,1.99,4.97,0.16,0.0,0.0,1027.0,8228.0,0.0,0.0,0.0,0.0,0.0,1.0,0.0,0.0,0.0,0.0,0.0,-1.7000000000000002,0.0,0.4,0.0,0.0,16.0,25903.0
2026-07-30T19:03:09.878Z,359.361,359.37600000000003,0.0,7.4,0.0,0.0,0.0,0.0,0.0,0.0,0.0,0.0,1.0,0.0,0.0,0.0,9.0,4.0,0.0,0.0,0.0,0.0,0.0,0.0,0.0,0.0,1.0,12.0,1.0,12.18,5.01,2.51,1.49,0.0,0.0,0.0,361.3,0.0,-0.2,-0.4,-1.3,-169.70000000000002,0.0,0.0,169.70000000000002,0.0,21.8,28.9,28.9,30.9,300.0,300.0,31.6,35.800000000000004,28.9,28.0,29.9,4.96,2.0,4.96,0.16,0.0,0.0,1027.0,8228.0,0.0,0.0,0.0,0.0,0.0,1.0,0.0,0.0,0.0,0.0,0.0,-1.5,0.0,1.0,0.0,0.0,16.0,25903.0
2026-07-30T19:03:09.890Z,359.373,359.38800000000003,0.0,7.4,0.0,0.0,0.0,0.0,0.0,0.0,0.0,0.0,1.0,0.0,0.0,0.0,9.0,4.0,0.0,0.0,0.0,0.0,0.0,0.0,0.0,0.0,2.0,12.0,1.0,12.18,5.01,2.51,1.49,0.0,0.1,0.0,361.3,0.0,-0.2,0.7000000000000001,0.4,-169.70000000000002,0.0,0.0,169.70000000000002,0.0,21.8,28.9,28.9,30.9,300.0,300.0,31.6,35.800000000000004,28.9,28.0,29.9,4.95,1.99,4.96,0.16,0.0,0.0,1027.0,8228.0,0.0,0.0,0.0,0.0,0.0,1.0,0.0,0.0,0.0,0.0,0.0,1.1,0.0,-0.2,0.0,0.0,16.0,25903.0
2026-07-30T19:03:09.902Z,359.385,359.40000000000003,0.0,7.4,0.0,0.0,0.0,0.0,0.0,0.0,0.0,0.0,1.0,0.0,0.0,0.0,9.0,4.0,0.0,0.0,0.0,0.0,0.0,0.0,0.0,0.0,4.0,12.0,1.0,12.18,5.01,2.51,1.49,0.0,0.0,0.0,361.3,0.0,-0.8,0.1,0.4,-169.70000000000002,0.0,0.0,169.70000000000002,0.0,21.8,28.9,28.9,30.9,300.0,300.0,31.6,35.800000000000004,28.9,28.0,29.9,4.95,1.99,4.97,0.16,0.0,0.0,1027.0,8228.0,0.0,0.0,0.0,0.0,0.0,1.0,0.0,0.0,0.0,0.0,0.0,0.4,0.0,-0.3,0.0,0.0,16.0,25903.0
2026-07-30T19:03:09.913Z,359.396,359.41200000000003,0.0,7.4,0.0,0.0,0.0,0.0,0.0,0.0,0.0,0.0,1.0,0.0,0.0,0.0,9.0,4.0,0.0,0.0,0.0,0.0,0.0,0.0,0.0,0.0,5.0,12.0,1.0,12.18,5.01,2.51,1.49,0.0,0.0,0.0,361.3,0.0,0.3,0.7000000000000001,0.4,-169.70000000000002,0.0,0.0,169.8,0.0,21.8,28.9,28.9,30.9,300.0,300.0,31.6,35.800000000000004,28.9,28.0,29.9,4.96,1.99,4.96,0.16,0.0,0.0,1027.0,8228.0,0.0,0.0,0.0,0.0,0.0,1.0,0.0,0.0,0.0,0.0,0.0,1.1,0.0,-0.2,0.0,0.0,16.0,25903.0
2026-07-30T19:03:09.926Z,359.409,359.42400000000004,0.0,7.4,0.0,0.0,0.0,0.0,0.0,0.0,0.0,0.0,1.0,0.0,0.0,0.0,9.0,4.0,0.0,0.0,0.0,0.0,0.0,0.0,0.0,0.0,6.0,12.0,1.0,12.18,5.01,2.51,1.49,0.0,0.0,0.0,361.4,0.0,0.3,0.1,0.4,-169.70000000000002,0.0,0.0,169.70000000000002,0.0,21.8,28.9,28.9,30.9,300.0,300.0,31.6,35.800000000000004,28.9,28.0,29.9,4.96,1.99,4.97,0.16,0.0,0.0,1027.0,8228.0,0.0,0.0,0.0,0.0,0.0,1.0,0.0,0.0,0.0,0.0,0.0,0.4,0.0,-0.3,0.0,0.0,16.0,25903.0
2026-07-30T19:03:09.938Z,359.421,359.43600000000004,0.0,7.4,0.0,0.0,0.0,0.0,0.0,0.0,0.0,0.0,1.0,0.0,0.0,0.0,9.0,4.0,0.0,0.0,0.0,0.0,0.0,0.0,0.0,0.0,2.0,12.0,1.0,12.18,5.0200000000000005,2.5,1.49,0.0,0.1,0.0,361.4,0.0,0.8,1.3,-0.1,-169.70000000000002,0.0,0.0,169.70000000000002,0.0,21.4,28.9,28.9,30.9,300.0,300.0,31.5,35.9,28.9,28.1,29.9,4.95,1.99,4.97,0.16,0.0,0.0,1027.0,8228.0,0.0,0.0,0.0,0.0,0.0,1.0,0.0,0.0,0.0,0.0,0.0,1.4,0.0,0.4,0.0,0.0,16.0,25903.0
2026-07-30T19:03:09.950Z,359.433,359.448,0.0,7.4,0.0,0.0,0.0,0.0,0.0,0.0,0.0,0.0,1.0,0.0,0.0,0.0,9.0,4.0,0.0,0.0,0.0,0.0,0.0,0.0,0.0,0.0,4.0,12.0,1.0,12.18,5.0200000000000005,2.5,1.49,0.0,0.0,0.0,361.3,0.0,-0.8,-0.4,-0.1,-169.70000000000002,0.0,0.0,169.70000000000002,0.0,21.4,28.9,28.9,30.9,300.0,300.0,31.5,35.9,28.9,28.1,29.9,4.95,1.99,4.96,0.16,0.0,0.0,1027.0,8228.0,0.0,0.0,0.0,0.0,0.0,1.0,0.0,0.0,0.0,0.0,0.0,-0.5,0.0,0.0,0.0,0.0,16.0,25903.0
2026-07-30T19:03:09.961Z,359.444,359.46,0.0,7.4,0.0,0.0,0.0,0.0,0.0,0.0,0.0,0.0,1.0,0.0,0.0,0.0,9.0,4.0,0.0,0.0,0.0,0.0,0.0,0.0,0.0,0.0,5.0,12.0,1.0,12.18,5.0200000000000005,2.5,1.49,0.0,0.0,0.0,361.3,0.0,0.3,-0.4,2.2,-169.70000000000002,0.0,0.0,169.8,0.0,21.4,28.9,28.9,30.9,300.0,300.0,31.5,35.9,28.9,28.1,29.9,4.96,2.0,4.97,0.16,0.0,0.0,1027.0,8228.0,0.0,0.0,0.0,0.0,0.0,1.0,0.0,0.0,0.0,0.0,0.0,1.1,0.0,-2.0,0.0,0.0,16.0,25903.0
2026-07-30T19:03:09.974Z,359.457,359.472,0.0,7.4,0.0,0.0,0.0,0.0,0.0,0.0,0.0,0.0,1.0,0.0,0.0,0.0,9.0,4.0,0.0,0.0,0.0,0.0,0.0,0.0,0.0,0.0,6.0,12.0,1.0,12.18,5.0200000000000005,2.5,1.49,0.0,0.0,0.0,361.3,0.0,-0.2,0.7000000000000001,1.0,-169.70000000000002,0.0,0.0,169.8,0.0,21.4,28.9,28.9,30.9,300.0,300.0,31.5,35.9,28.9,28.1,29.9,4.96,1.99,4.97,0.18,0.0,0.0,1027.0,8228.0,0.0,0.0,0.0,0.0,0.0,1.0,0.0,0.0,0.0,0.0,0.0,1.6,0.0,-0.7000000000000001,0.0,0.0,16.0,25903.0
2026-07-30T19:03:09.986Z,359.469,359.484,0.0,7.4,0.0,0.0,0.0,0.0,0.0,0.0,0.0,0.0,1.0,0.0,0.0,0.0,9.0,4.0,0.0,0.0,0.0,0.0,0.0,0.0,0.0,0.0,1.0,12.0,1.0,12.18,5.0200000000000005,2.5,1.49,0.0,0.0,0.0,361.3,0.0,0.3,1.3,1.0,-169.70000000000002,0.0,0.0,169.60000000000002,0.0,21.4,28.9,28.9,30.9,300.0,300.0,31.5,35.9,28.9,28.1,29.9,4.95,1.99,4.97,0.16,0.0,0.0,1027.0,8228.0,0.0,0.0,0.0,0.0,0.0,1.0,0.0,0.0,0.0,0.0,0.0,2.3000000000000003,0.0,-0.6000000000000001,0.0,0.0,16.0,25903.0
2026-07-30T19:03:09.998Z,359.481,359.496,0.0,7.4,0.0,0.0,0.0,0.0,0.0,0.0,0.0,0.0,1.0,0.0,0.0,0.0,9.0,4.0,0.0,0.0,0.0,0.0,0.0,0.0,0.0,0.0,3.0,12.0,1.0,12.18,5.0200000000000005,2.5,1.49,0.0,0.0,0.0,361.3,0.0,0.3,0.2,-0.7000000000000001,-169.70000000000002,0.0,0.0,169.70000000000002,0.0,21.4,28.9,28.9,30.9,300.0,300.0,31.5,35.9,28.9,28.1,29.9,4.96,1.99,4.96,0.16,0.0,0.0,1027.0,8228.0,0.0,0.0,0.0,0.0,0.0,1.0,0.0,0.0,0.0,0.0,0.0,-0.3,0.0,0.7000000000000001,0.0,0.0,16.0,25903.0
2026-07-30T19:03:10.010Z,359.493,359.508,0.0,7.4,0.0,0.0,0.0,0.0,0.0,0.0,0.0,0.0,1.0,0.0,0.0,0.0,9.0,4.0,0.0,0.0,0.0,0.0,0.0,0.0,0.0,0.0,4.0,12.0,1.0,12.18,5.0200000000000005,2.5,1.49,0.0,0.0,0.0,361.3,0.0,0.9,1.3,0.4,-169.70000000000002,0.0,0.0,169.70000000000002,0.0,21.4,28.9,28.9,30.9,300.0,300.0,31.5,35.9,28.9,28.1,29.9,4.95,1.99,4.97,0.16,0.0,0.0,1027.0,8228.0,0.0,0.0,0.0,0.0,0.0,1.0,0.0,0.0,0.0,0.0,0.0,1.8,0.0,0.0,0.0,0.0,16.0,25903.0
2026-07-30T19:03:10.022Z,359.505,359.52,0.0,7.4,0.0,0.0,0.0,0.0,0.0,0.0,0.0,0.0,1.0,0.0,0.0,0.0,9.0,4.0,0.0,0.0,0.0,0.0,0.0,0.0,0.0,0.0,5.0,12.0,1.0,12.18,5.0200000000000005,2.5,1.49,0.0,0.0,0.0,361.4,0.0,0.3,0.8,1.0,-169.70000000000002,0.0,0.0,169.70000000000002,0.0,21.4,28.9,28.9,30.9,300.0,300.0,31.5,35.9,28.9,28.1,29.9,4.95,2.0,4.96,0.16,0.0,0.0,1027.0,8228.0,0.0,0.0,0.0,0.0,0.0,1.0,0.0,0.0,0.0,0.0,0.0,1.7000000000000002,0.0,-0.7000000000000001,0.0,0.0,16.0,25903.0
2026-07-30T19:03:10.035Z,359.518,359.532,0.0,7.4,0.0,0.0,0.0,0.0,0.0,0.0,0.0,0.0,1.0,0.0,0.0,0.0,9.0,4.0,0.0,0.0,0.0,0.0,0.0,0.0,0.0,0.0,6.0,12.0,1.0,12.14,5.01,2.51,1.49,0.0,0.1,0.0,361.4,0.0,-0.7000000000000001,0.2,-0.6000000000000001,-169.70000000000002,0.0,0.0,169.8,0.0,21.8,28.9,28.9,30.9,300.0,300.0,31.6,35.800000000000004,28.9,28.1,30.0,4.95,2.0,4.96,0.16,0.0,0.0,1027.0,8228.0,0.0,0.0,0.0,0.0,0.0,1.0,0.0,0.0,0.0,0.0,0.0,-0.2,0.0,0.6000000000000001,0.0,0.0,16.0,25903.0
2026-07-30T19:03:10.046Z,359.529,359.544,0.0,7.4,0.0,0.0,0.0,0.0,0.0,0.0,0.0,0.0,1.0,0.0,0.0,0.0,9.0,4.0,0.0,0.0,0.0,0.0,0.0,0.0,0.0,0.0,2.0,12.0,1.0,12.14,5.01,2.51,1.49,0.0,0.0,0.0,361.4,0.0,-0.7000000000000001,-0.9,-0.6000000000000001,-169.70000000000002,0.0,0.0,169.70000000000002,0.0,21.8,28.9,28.9,30.9,300.0,300.0,31.6,35.800000000000004,28.9,28.1,30.0,4.96,2.0,4.97,0.16,0.0,0.0,1027.0,8228.0,0.0,0.0,0.0,0.0,0.0,1.0,0.0,0.0,0.0,0.0,0.0,-1.5,0.0,0.4,0.0,0.0,16.0,25903.0
2026-07-30T19:03:10.058Z,359.541,359.556,0.0,7.4,0.0,0.0,0.0,0.0,0.0,0.0,0.0,0.0,1.0,0.0,0.0,0.0,9.0,4.0,0.0,0.0,0.0,0.0,0.0,0.0,0.0,0.0,3.0,12.0,1.0,12.14,5.01,2.51,1.49,0.0,0.0,0.0,361.3,0.0,-0.7000000000000001,0.2,-0.7000000000000001,-169.70000000000002,0.0,0.0,169.8,0.0,21.8,28.9,28.9,30.9,300.0,300.0,31.6,35.800000000000004,28.9,28.1,30.0,4.96,1.99,4.97,0.16,0.0,0.0,1027.0,8228.0,0.0,0.0,0.0,0.0,0.0,1.0,0.0,0.0,0.0,0.0,0.0,-0.2,0.0,0.6000000000000001,0.0,0.0,16.0,25903.0
2026-07-30T19:03:10.070Z,359.553,359.568,0.0,7.4,0.0,0.0,0.0,0.0,0.0,0.0,0.0,0.0,1.0,0.0,0.0,0.0,9.0,4.0,0.0,0.0,0.0,0.0,0.0,0.0,0.0,0.0,4.0,12.0,1.0,12.14,5.01,2.51,1.49,0.0,0.0,0.0,361.3,0.0,0.3,0.2,0.4,-169.70000000000002,0.0,0.0,169.70000000000002,0.0,21.8,28.9,28.9,30.9,300.0,300.0,31.6,35.800000000000004,28.9,28.1,30.0,4.96,1.99,4.96,0.16,0.0,0.0,1027.0,8228.0,0.0,0.0,0.0,0.0,0.0,1.0,0.0,0.0,0.0,0.0,0.0,0.5,0.0,-0.3,0.0,0.0,16.0,25903.0
2026-07-30T19:03:10.082Z,359.565,359.58,0.0,7.4,0.0,0.0,0.0,0.0,0.0,0.0,0.0,0.0,1.0,0.0,0.0,0.0,9.0,4.0,0.0,0.0,0.0,0.0,0.0,0.0,0.0,0.0,6.0,12.0,1.0,12.14,5.01,2.51,1.49,0.0,0.0,0.0,361.4,0.0,0.3,1.3,1.0,-169.70000000000002,0.0,0.0,169.8,0.0,21.8,28.9,28.9,30.9,300.0,300.0,31.6,35.800000000000004,28.9,28.1,30.0,4.96,1.99,4.96,0.16,0.0,0.0,1027.0,8228.0,0.0,0.0,0.0,0.0,0.0,1.0,0.0,0.0,0.0,0.0,0.0,2.3000000000000003,0.0,-0.6000000000000001,0.0,0.0,16.0,25903.0
2026-07-30T19:03:10.094Z,359.577,359.592,0.0,7.4,0.0,0.0,0.0,0.0,0.0,0.0,0.0,0.0,1.0,0.0,0.0,0.0,9.0,4.0,0.0,0.0,0.0,0.0,0.0,0.0,0.0,0.0,6.0,12.0,1.0,12.14,5.01,2.51,1.49,0.0,0.0,0.0,361.3,0.0,0.3,-0.3,-0.1,-169.70000000000002,0.0,0.0,169.8,0.0,21.8,28.9,28.9,30.9,300.0,300.0,31.6,35.800000000000004,28.9,28.1,30.0,4.96,1.99,4.97,0.16,0.0,0.0,1027.0,8228.0,0.0,0.0,0.0,0.0,0.0,1.0,0.0,0.0,0.0,0.0,0.0,-0.5,0.0,0.0,0.0,0.0,16.0,25903.0
2026-07-30T19:03:10.105Z,359.588,359.604,0.0,7.4,0.0,0.0,0.0,0.0,0.0,0.0,0.0,0.0,1.0,0.0,0.0,0.0,9.0,4.0,0.0,0.0,0.0,0.0,0.0,0.0,0.0,0.0,2.0,12.0,1.0,12.14,5.01,2.51,1.49,0.0,0.0,0.0,361.3,0.0,-0.2,0.7000000000000001,0.3,-169.70000000000002,0.0,0.0,169.8,0.0,21.8,28.9,28.9,30.9,300.0,300.0,31.6,35.800000000000004,28.9,28.1,30.0,4.96,1.99,4.96,0.16,0.0,0.0,1027.0,8228.0,0.0,0.0,0.0,0.0,0.0,1.0,0.0,0.0,0.0,0.0,0.0,1.0,0.0,-0.1,0.0,0.0,16.0,25903.0
2026-07-30T19:03:10.118Z,359.601,359.616,0.0,7.4,0.0,0.0,0.0,0.0,0.0,0.0,0.0,0.0,1.0,0.0,0.0,0.0,9.0,4.0,0.0,0.0,0.0,0.0,0.0,0.0,0.0,0.0,3.0,12.0,1.0,12.14,5.01,2.51,1.49,0.0,0.1,0.0,361.3,0.0,-0.2,0.1,1.5,-169.70000000000002,0.0,0.0,169.70000000000002,0.0,21.8,28.9,28.9,30.9,300.0,300.0,31.6,35.800000000000004,28.9,28.1,30.0,4.96,1.99,4.96,0.16,0.0,0.0,1027.0,8228.0,0.0,0.0,0.0,0.0,0.0,1.0,0.0,0.0,0.0,0.0,0.0,1.2000000000000002,0.0,-1.3,0.0,0.0,16.0,25903.0
2026-07-30T19:03:10.130Z,359.613,359.628,0.0,7.4,0.0,0.0,0.0,0.0,0.0,0.0,0.0,0.0,1.0,0.0,0.0,0.0,9.0,4.0,0.0,0.0,0.0,0.0,0.0,0.0,0.0,0.0,5.0,12.0,1.0,12.14,5.01,2.51,1.49,0.0,0.0,0.0,361.4,0.0,0.3,0.7000000000000001,-0.1,-169.70000000000002,0.0,0.0,169.8,0.0,21.8,28.9,28.9,30.9,300.0,300.0,31.6,35.800000000000004,28.9,28.1,30.0,4.95,1.99,4.96,0.16,0.0,0.0,1027.0,8228.0,0.0,0.0,0.0,0.0,0.0,1.0,0.0,0.0,0.0,0.0,0.0,0.6000000000000001,0.0,0.3,0.0,0.0,16.0,25903.0
2026-07-30T19:03:10.142Z,359.625,359.64,0.0,7.4,0.0,0.0,0.0,0.0,0.0,0.0,0.0,0.0,1.0,0.0,0.0,0.0,9.0,4.0,0.0,0.0,0.0,0.0,0.0,0.0,0.0,0.0,6.0,12.0,1.0,12.17,5.0200000000000005,2.51,1.49,0.0,0.0,0.0,361.4,0.0,0.3,0.1,2.1,-169.70000000000002,0.0,0.0,169.8,0.0,21.4,28.9,28.9,30.9,300.0,300.0,31.6,35.800000000000004,28.9,28.1,30.0,4.95,1.99,4.97,0.16,0.0,0.0,1027.0,8228.0,0.0,0.0,0.0,0.0,0.0,1.0,0.0,0.0,0.0,0.0,0.0,1.7000000000000002,0.0,-1.9,0.0,0.0,16.0,25903.0
2026-07-30T19:03:10.154Z,359.637,359.652,0.0,7.4,0.0,0.0,0.0,0.0,0.0,0.0,0.0,0.0,1.0,0.0,0.0,0.0,9.0,4.0,0.0,0.0,0.0,0.0,0.0,0.0,0.0,0.0,1.0,12.0,1.0,12.17,5.0200000000000005,2.51,1.49,0.0,0.0,0.0,361.3,0.0,0.3,-1.0,-0.1,-169.70000000000002,0.0,0.0,169.70000000000002,0.0,21.4,28.9,28.9,30.9,300.0,300.0,31.6,35.800000000000004,28.9,28.1,30.0,4.96,1.99,4.96,0.16,0.0,0.0,1027.0,8228.0,0.0,0.0,0.0,0.0,0.0,1.0,0.0,0.0,0.0,0.0,0.0,-1.2000000000000002,0.0,0.0,0.0,0.0,16.0,25903.0
2026-07-30T19:03:10.165Z,359.648,359.664,0.0,7.4,0.0,0.0,0.0,0.0,0.0,0.0,0.0,0.0,1.0,0.0,0.0,0.0,9.0,4.0,0.0,0.0,0.0,0.0,0.0,0.0,0.0,0.0,3.0,12.0,1.0,12.17,5.0200000000000005,2.51,1.49,0.0,0.0,0.0,361.3,0.0,-0.2,0.7000000000000001,1.0,-169.70000000000002,0.0,0.0,169.70000000000002,0.0,21.4,28.9,28.9,30.9,300.0,300.0,31.6,35.800000000000004,28.9,28.1,30.0,4.96,1.99,4.97,0.16,0.0,0.0,1027.0,8228.0,0.0,0.0,0.0,0.0,0.0,1.0,0.0,0.0,0.0,0.0,0.0,1.5,0.0,-0.7000000000000001,0.0,0.0,16.0,25903.0
2026-07-30T19:03:10.178Z,359.661,359.676,0.0,7.4,0.0,0.0,0.0,0.0,0.0,0.0,0.0,0.0,1.0,0.0,0.0,0.0,9.0,4.0,0.0,0.0,0.0,0.0,0.0,0.0,0.0,0.0,4.0,12.0,1.0,12.17,5.0200000000000005,2.51,1.49,0.0,0.0,0.0,361.4,0.0,-0.1,0.1,-0.7000000000000001,-169.70000000000002,0.0,0.0,169.70000000000002,0.0,21.4,28.9,28.9,30.9,300.0,300.0,31.6,35.800000000000004,28.9,28.1,30.0,4.95,2.0,4.97,0.16,0.0,0.0,1027.0,8228.0,0.0,0.0,0.0,0.0,0.0,1.0,0.0,0.0,0.0,0.0,0.0,-0.1,0.0,-0.4,0.0,0.0,16.0,25903.0
2026-07-30T19:03:10.190Z,359.673,359.688,0.0,7.4,0.0,0.0,0.0,0.0,0.0,0.0,0.0,0.0,1.0,0.0,0.0,0.0,9.0,4.0,0.0,0.0,0.0,0.0,0.0,0.0,0.0,0.0,5.0,12.0,1.0,12.17,5.0200000000000005,2.51,1.49,0.0,0.0,0.0,361.3,0.0,0.3,1.2000000000000002,1.6,-169.70000000000002,0.0,0.0,169.70000000000002,0.0,21.4,28.9,28.9,30.9,300.0,300.0,31.6,35.800000000000004,28.9,28.1,30.0,4.95,2.0,4.96,0.16,0.0,0.0,1027.0,8228.0,0.0,0.0,0.0,0.0,0.0,1.0,0.0,0.0,0.0,0.0,0.0,-1.2000000000000002,0.0,1.6,0.0,0.0,16.0,25903.0
2026-07-30T19:03:10.202Z,359.685,359.7,0.0,7.4,0.0,0.0,0.0,0.0,0.0,0.0,0.0,0.0,1.0,0.0,0.0,0.0,9.0,4.0,0.0,0.0,0.0,0.0,0.0,0.0,0.0,0.0,1.0,12.0,1.0,12.17,5.0200000000000005,2.51,1.49,0.0,0.0,0.0,361.4,0.0,0.3,0.6000000000000001,-0.1,-169.70000000000002,0.0,0.0,169.8,0.0,21.4,28.9,28.9,30.9,300.0,300.0,31.6,35.800000000000004,28.9,28.1,30.0,4.96,2.0,4.96,0.16,0.0,0.0,1027.0,8228.0,0.0,0.0,0.0,0.0,0.0,1.0,0.0,0.0,0.0,0.0,0.0,-0.7000000000000001,0.0,0.0,0.0,0.0,16.0,25903.0
2026-07-30T19:03:10.214Z,359.697,359.712,0.0,7.4,0.0,0.0,0.0,0.0,0.0,0.0,0.0,0.0,1.0,0.0,0.0,0.0,9.0,4.0,0.0,0.0,0.0,0.0,0.0,0.0,0.0,0.0,2.0,12.0,1.0,12.17,5.0200000000000005,2.51,1.49,0.0,0.0,0.0,361.3,0.0,-0.2,0.0,-0.2,-169.70000000000002,0.0,0.0,169.70000000000002,0.0,21.4,28.9,28.9,30.9,300.0,300.0,31.6,35.800000000000004,28.9,28.1,30.0,4.96,1.99,4.97,0.16,0.0,0.0,1027.0,8228.0,0.0,0.0,0.0,0.0,0.0,1.0,0.0,0.0,0.0,0.0,0.0,-0.1,0.0,0.1,0.0,0.0,16.0,25903.0
2026-07-30T19:03:10.225Z,359.708,359.724,0.0,7.4,0.0,0.0,0.0,0.0,0.0,0.0,0.0,0.0,1.0,0.0,0.0,0.0,9.0,4.0,0.0,0.0,0.0,0.0,0.0,0.0,0.0,0.0,3.0,12.0,1.0,12.17,5.0200000000000005,2.51,1.49,0.0,0.0,0.0,361.4,0.0,-0.2,0.6000000000000001,0.3,-169.70000000000002,0.0,0.0,169.8,0.0,21.4,28.9,28.9,30.9,300.0,300.0,31.6,35.800000000000004,28.9,28.1,30.0,4.96,1.99,4.97,0.16,0.0,0.0,1027.0,8228.0,0.0,0.0,0.0,0.0,0.0,1.0,0.0,0.0,0.0,0.0,0.0,1.0,0.0,-0.2,0.0,0.0,16.0,25903.0
2026-07-30T19:03:10.239Z,359.722,359.736,0.0,7.4,0.0,0.0,0.0,0.0,0.0,0.0,0.0,0.0,1.0,0.0,0.0,0.0,9.0,4.0,0.0,0.0,0.0,0.0,0.0,0.0,0.0,0.0,4.0,12.0,1.0,12.18,5.01,2.51,1.49,0.0,0.0,0.0,361.3,0.0,0.3,0.6000000000000001,1.5,-169.70000000000002,0.0,0.0,169.8,0.0,21.700000000000003,28.9,28.9,30.9,300.0,300.0,31.6,35.7,28.9,28.1,29.9,4.96,1.99,4.96,0.16,0.0,0.0,1027.0,8228.0,0.0,0.0,0.0,0.0,0.0,1.0,0.0,0.0,0.0,0.0,0.0,1.9,0.0,-1.2000000000000002,0.0,0.0,16.0,25903.0
2026-07-30T19:03:10.250Z,359.733,359.748,0.0,7.4,0.0,0.0,0.0,0.0,0.0,0.0,0.0,0.0,1.0,0.0,0.0,0.0,9.0,4.0,0.0,0.0,0.0,0.0,0.0,0.0,0.0,0.0,5.0,12.0,1.0,12.18,5.01,2.51,1.49,0.0,0.0,0.0,361.4,0.0,0.3,-0.5,-0.8,-169.70000000000002,0.0,0.0,169.8,0.0,21.700000000000003,28.9,28.9,30.9,300.0,300.0,31.6,35.7,28.9,28.1,29.9,4.95,1.99,4.97,0.16,0.0,0.0,1027.0,8228.0,0.0,0.0,0.0,0.0,0.0,1.0,0.0,0.0,0.0,0.0,0.0,-1.1,0.0,0.6000000000000001,0.0,0.0,16.0,25903.0
2026-07-30T19:03:10.262Z,359.745,359.76,0.0,7.4,0.0,0.0,0.0,0.0,0.0,0.0,0.0,0.0,1.0,0.0,0.0,0.0,9.0,4.0,0.0,0.0,0.0,0.0,0.0,0.0,0.0,0.0,1.0,12.0,1.0,12.18,5.01,2.51,1.49,0.0,0.0,0.0,361.4,0.0,0.3,-0.5,-0.8,-169.70000000000002,0.0,0.0,169.70000000000002,0.0,21.700000000000003,28.9,28.9,30.9,300.0,300.0,31.6,35.7,28.9,28.1,29.9,4.95,1.99,4.97,0.16,0.0,0.0,1027.0,8228.0,0.0,0.0,0.0,0.0,0.0,1.0,0.0,0.0,0.0,0.0,0.0,-1.2000000000000002,0.0,0.6000000000000001,0.0,0.0,16.0,25903.0
2026-07-30T19:03:10.274Z,359.757,359.772,0.0,7.4,0.0,0.0,0.0,0.0,0.0,0.0,0.0,0.0,1.0,0.0,0.0,0.0,9.0,4.0,0.0,0.0,0.0,0.0,0.0,0.0,0.0,0.0,2.0,12.0,1.0,12.18,5.01,2.51,1.49,0.0,0.0,0.0,361.3,0.0,0.3,0.0,-0.2,-169.70000000000002,0.0,0.0,169.70000000000002,0.0,21.700000000000003,28.9,28.9,30.9,300.0,300.0,31.6,35.7,28.9,28.1,29.9,4.96,2.0,4.97,0.16,0.0,0.0,1027.0,8228.0,0.0,0.0,0.0,0.0,0.0,1.0,0.0,0.0,0.0,0.0,0.0,-0.2,0.0,0.2,0.0,0.0,16.0,25903.0
2026-07-30T19:03:10.286Z,359.769,359.784,0.0,7.4,0.0,0.0,0.0,0.0,0.0,0.0,0.0,0.0,1.0,0.0,0.0,0.0,9.0,4.0,0.0,0.0,0.0,0.0,0.0,0.0,0.0,0.0,4.0,12.0,1.0,12.18,5.01,2.51,1.49,0.0,0.0,0.0,361.3,0.0,-0.2,0.6000000000000001,-3.1,-169.70000000000002,0.0,0.0,169.70000000000002,0.0,21.700000000000003,28.9,28.9,30.9,300.0,300.0,31.6,35.7,28.9,28.1,29.9,4.95,2.0,4.97,0.16,0.0,0.0,1027.0,8228.0,0.0,0.0,0.0,0.0,0.0,1.0,0.0,0.0,0.0,0.0,0.0,-1.6,0.0,2.9000000000000004,0.0,0.0,16.0,25903.0
2026-07-30T19:03:10.298Z,359.781,359.796,0.0,7.4,0.0,0.0,0.0,0.0,0.0,0.0,0.0,0.0,1.0,0.0,0.0,0.0,9.0,4.0,0.0,0.0,0.0,0.0,0.0,0.0,0.0,0.0,5.0,12.0,1.0,12.18,5.01,2.51,1.49,0.0,0.0,0.0,361.4,0.0,-0.8,-1.7000000000000002,-0.8,-169.70000000000002,0.0,0.0,169.8,0.0,21.700000000000003,28.9,28.9,30.9,300.0,300.0,31.6,35.7,28.9,28.1,29.9,4.95,1.99,4.97,0.16,0.0,0.0,1027.0,8228.0,0.0,0.0,0.0,0.0,0.0,1.0,0.0,0.0,0.0,0.0,0.0,-2.6,0.0,0.3,0.0,0.0,16.0,25903.0
2026-07-30T19:03:10.310Z,359.793,359.808,0.0,7.4,0.0,0.0,0.0,0.0,0.0,0.0,0.0,0.0,1.0,0.0,0.0,0.0,9.0,4.0,0.0,0.0,0.0,0.0,0.0,0.0,0.0,0.0,5.0,12.0,1.0,12.18,5.01,2.51,1.49,0.0,0.0,0.0,361.4,0.0,-0.2,1.1,-0.8,-169.70000000000002,0.0,0.0,169.70000000000002,0.0,21.700000000000003,28.9,28.9,30.9,300.0,300.0,31.6,35.7,28.9,28.1,29.9,4.95,2.0,4.96,0.16,0.0,0.0,1027.0,8228.0,0.0,0.0,0.0,0.0,0.0,1.0,0.0,0.0,0.0,0.0,0.0,0.6000000000000001,0.0,1.0,0.0,0.0,16.0,25903.0
2026-07-30T19:03:10.322Z,359.805,359.82,0.0,7.4,0.0,0.0,0.0,0.0,0.0,0.0,0.0,0.0,1.0,0.0,0.0,0.0,9.0,4.0,0.0,0.0,0.0,0.0,0.0,0.0,0.0,0.0,6.0,12.0,1.0,12.18,5.01,2.51,1.49,0.0,0.0,0.0,361.3,0.0,0.8,0.0,-0.2,-169.70000000000002,0.0,0.0,169.70000000000002,0.0,21.700000000000003,28.9,28.9,30.9,300.0,300.0,31.6,35.7,28.9,28.1,29.9,4.96,1.99,4.96,0.16,0.0,0.0,1027.0,8228.0,0.0,0.0,0.0,0.0,0.0,1.0,0.0,0.0,0.0,0.0,0.0,-0.1,0.0,0.2,0.0,0.0,16.0,25903.0
2026-07-30T19:03:10.334Z,359.817,359.832,0.0,7.4,0.0,0.0,0.0,0.0,0.0,0.0,0.0,0.0,1.0,0.0,0.0,0.0,9.0,4.0,0.0,0.0,0.0,0.0,0.0,0.0,0.0,0.0,1.0,12.0,1.0,12.18,5.01,2.51,1.49,0.0,0.1,0.0,361.4,0.0,-0.8,0.0,0.8,-169.70000000000002,0.0,0.0,169.70000000000002,0.0,21.700000000000003,28.9,28.9,30.9,300.0,300.0,31.6,35.7,28.9,28.1,29.9,4.95,1.99,4.97,0.16,0.0,0.0,1027.0,8228.0,0.0,0.0,0.0,0.0,0.0,1.0,0.0,0.0,0.0,0.0,0.0,0.6000000000000001,0.0,-0.7000000000000001,0.0,0.0,16.0,25903.0
2026-07-30T19:03:10.346Z,359.829,359.844,0.0,7.4,0.0,0.0,0.0,0.0,0.0,0.0,0.0,0.0,1.0,0.0,0.0,0.0,9.0,4.0,0.0,0.0,0.0,0.0,0.0,0.0,0.0,0.0,3.0,12.0,1.0,12.18,5.0200000000000005,2.51,1.49,0.0,0.0,0.0,361.4,0.0,-0.2,0.0,0.3,-169.70000000000002,0.0,0.0,169.70000000000002,0.0,21.200000000000003,28.9,28.9,30.9,300.0,300.0,31.5,35.800000000000004,28.9,28.1,29.9,4.96,1.99,4.97,0.16,0.0,0.0,1027.0,8228.0,0.0,0.0,0.0,0.0,0.0,1.0,0.0,0.0,0.0,0.0,0.0,0.2,0.0,-0.2,0.0,0.0,16.0,25903.0
2026-07-30T19:03:10.358Z,359.841,359.856,0.0,7.4,0.0,0.0,0.0,0.0,0.0,0.0,0.0,0.0,1.0,0.0,0.0,0.0,9.0,4.0,0.0,0.0,0.0,0.0,0.0,0.0,0.0,0.0,4.0,12.0,1.0,12.18,5.0200000000000005,2.51,1.49,0.0,0.0,0.0,361.3,0.0,-0.3,0.5,-1.4,-169.70000000000002,0.0,0.0,169.60000000000002,0.0,21.200000000000003,28.9,28.9,30.9,300.0,300.0,31.5,35.800000000000004,28.9,28.1,29.9,4.96,1.99,4.96,0.16,0.0,0.0,1027.0,8228.0,0.0,0.0,0.0,0.0,0.0,1.0,0.0,0.0,0.0,0.0,0.0,-0.4,0.0,1.3,0.0,0.0,16.0,25903.0
2026-07-30T19:03:10.370Z,359.853,359.868,0.0,7.4,0.0,0.0,0.0,0.0,0.0,0.0,0.0,0.0,1.0,0.0,0.0,0.0,9.0,4.0,0.0,0.0,0.0,0.0,0.0,0.0,0.0,0.0,4.0,12.0,1.0,12.18,5.0200000000000005,2.51,1.49,0.0,0.0,0.0,361.4,0.0,-0.3,0.0,-0.2,-169.70000000000002,0.0,0.0,169.70000000000002,0.0,21.200000000000003,28.9,28.9,30.9,300.0,300.0,31.5,35.800000000000004,28.9,28.1,29.9,4.95,1.99,4.96,0.16,0.0,0.0,1027.0,8228.0,0.0,0.0,0.0,0.0,0.0,1.0,0.0,0.0,0.0,0.0,0.0,-0.2,0.0,0.2,0.0,0.0,16.0,25903.0
2026-07-30T19:03:10.382Z,359.865,359.88,0.0,7.4,0.0,0.0,0.0,0.0,0.0,0.0,0.0,0.0,1.0,0.0,0.0,0.0,9.0,4.0,0.0,0.0,0.0,0.0,0.0,0.0,0.0,0.0,6.0,12.0,1.0,12.18,5.0200000000000005,2.51,1.49,0.0,0.0,0.0,361.4,0.0,0.2,0.0,-0.2,-169.70000000000002,0.0,0.0,169.60000000000002,0.0,21.200000000000003,28.9,28.9,30.9,300.0,300.0,31.5,35.800000000000004,28.9,28.1,29.9,4.95,1.99,4.97,0.16,0.0,0.0,1027.0,8228.0,0.0,0.0,0.0,0.0,0.0,1.0,0.0,0.0,0.0,0.0,0.0,-0.2,0.0,0.2,0.0,0.0,16.0,25903.0
2026-07-30T19:03:10.394Z,359.877,359.892,0.0,7.4,0.0,0.0,0.0,0.0,0.0,0.0,0.0,0.0,1.0,0.0,0.0,0.0,9.0,4.0,0.0,0.0,0.0,0.0,0.0,0.0,0.0,0.0,1.0,12.0,1.0,12.18,5.0200000000000005,2.51,1.49,0.0,0.0,0.0,361.4,0.0,-0.9,-0.6000000000000001,-0.2,-169.70000000000002,0.0,0.0,169.8,0.0,21.200000000000003,28.9,28.9,30.9,300.0,300.0,31.5,35.800000000000004,28.9,28.1,29.9,4.96,2.0,4.97,0.16,0.0,0.0,1027.0,8228.0,0.0,0.0,0.0,0.0,0.0,1.0,0.0,0.0,0.0,0.0,0.0,-0.8,0.0,0.1,0.0,0.0,16.0,25903.0
2026-07-30T19:03:10.406Z,359.889,359.904,0.0,7.4,0.0,0.0,0.0,0.0,0.0,0.0,0.0,0.0,1.0,0.0,0.0,0.0,9.0,4.0,0.0,0.0,0.0,0.0,0.0,0.0,0.0,0.0,2.0,12.0,1.0,12.18,5.0200000000000005,2.51,1.49,0.0,0.0,0.0,361.4,0.0,-0.3,-0.6000000000000001,-0.2,-169.70000000000002,0.0,0.0,169.70000000000002,0.0,21.200000000000003,28.9,28.9,30.9,300.0,300.0,31.5,35.800000000000004,28.9,28.1,29.9,4.96,1.99,4.97,0.16,0.0,0.0,1027.0,8228.0,0.0,0.0,0.0,0.0,0.0,1.0,0.0,0.0,0.0,0.0,0.0,-0.8,0.0,0.0,0.0,0.0,16.0,25903.0
2026-07-30T19:03:10.417Z,359.9,359.916,0.0,7.4,0.0,0.0,0.0,0.0,0.0,0.0,0.0,0.0,1.0,0.0,0.0,0.0,9.0,4.0,0.0,0.0,0.0,0.0,0.0,0.0,0.0,0.0,3.0,12.0,1.0,12.18,5.0200000000000005,2.51,1.49,0.0,0.0,0.0,361.4,0.0,0.2,0.5,-0.9,-169.70000000000002,0.0,0.0,169.70000000000002,0.0,21.200000000000003,28.9,28.9,30.9,300.0,300.0,31.5,35.800000000000004,28.9,28.1,29.9,4.95,1.99,4.97,0.16,0.0,0.0,1027.0,8228.0,0.0,0.0,0.0,0.0,0.0,1.0,0.0,0.0,0.0,0.0,0.0,0.0,0.0,0.9,0.0,0.0,16.0,25903.0
2026-07-30T19:03:10.430Z,359.913,359.928,0.0,7.4,0.0,0.0,0.0,0.0,0.0,0.0,0.0,0.0,1.0,0.0,0.0,0.0,9.0,4.0,0.0,0.0,0.0,0.0,0.0,0.0,0.0,0.0,4.0,12.0,1.0,12.18,5.0200000000000005,2.51,1.49,0.0,0.0,0.0,361.4,0.0,-0.3,0.0,-0.9,-169.70000000000002,0.0,0.0,169.70000000000002,0.0,21.200000000000003,28.9,28.9,30.9,300.0,300.0,31.5,35.800000000000004,28.9,28.1,29.9,4.96,1.99,4.96,0.16,0.0,0.0,1027.0,8228.0,0.0,0.0,0.0,0.0,0.0,1.0,0.0,0.0,0.0,0.0,0.0,-0.7000000000000001,0.0,0.7000000000000001,0.0,0.0,16.0,25903.0
2026-07-30T19:03:10.443Z,359.926,359.94,0.0,7.4,0.0,0.0,0.0,0.0,0.0,0.0,0.0,0.0,1.0,0.0,0.0,0.0,9.0,4.0,0.0,0.0,0.0,0.0,0.0,0.0,0.0,0.0,6.0,12.0,1.0,12.17,5.01,2.51,1.49,0.0,0.0,0.0,361.3,0.0,0.8,-1.7000000000000002,-0.3,-169.70000000000002,0.0,0.0,169.70000000000002,0.0,21.9,28.9,28.9,30.9,300.0,300.0,31.4,35.800000000000004,28.9,28.1,29.9,4.96,2.0,4.97,0.16,0.0,0.0,1027.0,8228.0,0.0,0.0,0.0,0.0,0.0,1.0,0.0,0.0,0.0,0.0,0.0,-2.2,0.0,0.0,0.0,0.0,16.0,25903.0
2026-07-30T19:03:10.453Z,359.936,359.952,0.0,7.4,0.0,0.0,0.0,0.0,0.0,0.0,0.0,0.0,1.0,0.0,0.0,0.0,9.0,4.0,0.0,0.0,0.0,0.0,0.0,0.0,0.0,0.0,1.0,12.0,1.0,12.17,5.01,2.51,1.49,0.0,0.1,0.0,361.4,0.0,0.2,0.0,2.0,-169.70000000000002,0.0,0.0,169.8,0.0,21.9,28.9,28.9,30.9,300.0,300.0,31.4,35.800000000000004,28.9,28.1,29.9,4.96,1.99,4.97,0.16,0.0,0.0,1027.0,8228.0,0.0,0.0,0.0,0.0,0.0,1.0,0.0,0.0,0.0,0.0,0.0,1.5,0.0,-1.8,0.0,0.0,16.0,25903.0
2026-07-30T19:03:10.465Z,359.948,359.964,0.0,7.4,0.0,0.0,0.0,0.0,0.0,0.0,0.0,0.0,1.0,0.0,0.0,0.0,9.0,4.0,0.0,0.0,0.0,0.0,0.0,0.0,0.0,0.0,2.0,12.0,1.0,12.17,5.01,2.51,1.49,0.0,0.0,0.0,361.4,0.0,0.8,0.5,1.4,-169.70000000000002,0.0,0.0,169.70000000000002,0.0,21.9,28.9,28.9,30.9,300.0,300.0,31.4,35.800000000000004,28.9,28.1,29.9,4.95,1.99,4.97,0.16,0.0,0.0,1027.0,8228.0,0.0,0.0,0.0,0.0,0.0,1.0,0.0,0.0,0.0,0.0,0.0,1.7000000000000002,0.0,-1.1,0.0,0.0,16.0,25903.0
2026-07-30T19:03:10.478Z,359.961,359.976,0.0,7.4,0.0,0.0,0.0,0.0,0.0,0.0,0.0,0.0,1.0,0.0,0.0,0.0,9.0,4.0,0.0,0.0,0.0,0.0,0.0,0.0,0.0,0.0,3.0,12.0,1.0,12.17,5.01,2.51,1.49,0.0,0.0,0.0,361.4,0.0,-0.3,-0.5,-0.2,-169.70000000000002,0.0,0.0,169.70000000000002,0.0,21.9,28.9,28.9,30.9,300.0,300.0,31.4,35.800000000000004,28.9,28.1,29.9,4.96,1.99,4.96,0.16,0.0,0.0,1027.0,8228.0,0.0,0.0,0.0,0.0,0.0,1.0,0.0,0.0,0.0,0.0,0.0,-0.8,0.0,0.1,0.0,0.0,16.0,25903.0
2026-07-30T19:03:10.490Z,359.973,359.988,0.0,7.4,0.0,0.0,0.0,0.0,0.0,0.0,0.0,0.0,1.0,0.0,0.0,0.0,9.0,4.0,0.0,0.0,0.0,0.0,0.0,0.0,0.0,0.0,4.0,12.0,1.0,12.17,5.01,2.51,1.49,0.0,0.0,0.0,361.3,0.0,-0.3,-1.1,-0.9,-169.70000000000002,0.0,0.0,169.70000000000002,0.0,21.9,28.9,28.9,30.9,300.0,300.0,31.4,35.800000000000004,28.9,28.1,29.9,4.96,1.99,4.97,0.16,0.0,0.0,1027.0,8228.0,0.0,0.0,0.0,0.0,0.0,1.0,0.0,0.0,0.0,0.0,0.0,-1.9,0.0,0.5,0.0,0.0,16.0,25903.0
2026-07-30T19:03:10.502Z,359.985,360.0,0.0,7.4,0.0,0.0,0.0,0.0,0.0,0.0,0.0,0.0,1.0,0.0,0.0,0.0,9.0,4.0,0.0,0.0,0.0,0.0,0.0,0.0,0.0,0.0,5.0,12.0,1.0,12.17,5.01,2.51,1.49,0.0,0.0,0.0,361.3,0.0,-0.3,-0.5,-0.9,-169.70000000000002,0.0,0.0,169.60000000000002,0.0,21.9,28.9,28.9,30.9,300.0,300.0,31.4,35.800000000000004,28.9,28.1,29.9,4.96,1.99,4.97,0.16,0.0,0.0,1027.0,8228.0,0.0,0.0,0.0,0.0,0.0,1.0,0.0,0.0,0.0,0.0,0.0,-1.3,0.0,0.7000000000000001,0.0,0.0,16.0,25903.0
2026-07-30T19:03:10.514Z,359.997,360.012,0.0,7.4,0.0,0.0,0.0,0.0,0.0,0.0,0.0,0.0,1.0,0.0,0.0,0.0,9.0,4.0,0.0,0.0,0.0,0.0,0.0,0.0,0.0,0.0,6.0,12.0,1.0,12.17,5.01,2.51,1.49,0.0,0.0,0.0,361.4,0.0,0.3,0.0,-0.3,-169.70000000000002,0.0,0.0,169.70000000000002,0.0,21.9,28.9,28.9,30.9,300.0,300.0,31.4,35.800000000000004,28.9,28.1,29.9,4.96,1.99,4.97,0.16,0.0,0.0,1027.0,8228.0,0.0,0.0,0.0,0.0,0.0,1.0,0.0,0.0,0.0,0.0,0.0,-0.1,0.0,0.2,0.0,0.0,16.0,25903.0
2026-07-30T19:03:10.526Z,360.009,360.024,0.0,7.4,0.0,0.0,0.0,0.0,0.0,0.0,0.0,0.0,1.0,0.0,0.0,0.0,9.0,4.0,0.0,0.0,0.0,0.0,0.0,0.0,0.0,0.0,1.0,12.0,1.0,12.17,5.01,2.51,1.49,0.0,0.0,0.0,361.3,0.0,0.3,0.0,-0.8,-169.70000000000002,0.0,0.0,169.70000000000002,0.0,21.9,28.9,28.9,30.9,300.0,300.0,31.4,35.800000000000004,28.9,28.1,29.9,4.95,1.99,4.96,0.16,0.0,0.0,1027.0,8228.0,0.0,0.0,0.0,0.0,0.0,1.0,0.0,0.0,0.0,0.0,0.0,-0.5,0.0,0.7000000000000001,0.0,0.0,16.0,25903.0
2026-07-30T19:03:10.538Z,360.021,360.036,0.0,7.4,0.0,0.0,0.0,0.0,0.0,0.0,0.0,0.0,1.0,0.0,0.0,0.0,9.0,4.0,0.0,0.0,0.0,0.0,0.0,0.0,0.0,0.0,3.0,12.0,1.0,12.17,5.01,2.51,1.49,0.0,0.0,0.0,361.4,0.0,-0.8,-0.5,0.3,-169.70000000000002,0.0,0.0,169.60000000000002,0.0,21.9,28.9,28.9,30.9,300.0,300.0,31.4,35.800000000000004,28.9,28.1,29.9,4.96,1.99,4.97,0.16,0.0,0.0,1027.0,8228.0,0.0,0.0,0.0,0.0,0.0,1.0,0.0,0.0,0.0,0.0,0.0,-0.3,0.0,-0.3,0.0,0.0,16.0,25903.0
2026-07-30T19:03:10.550Z,360.033,360.048,0.0,7.4,0.0,0.0,0.0,0.0,0.0,0.0,0.0,0.0,1.0,0.0,0.0,0.0,9.0,4.0,0.0,0.0,0.0,0.0,0.0,0.0,0.0,0.0,3.0,12.0,1.0,12.15,5.0200000000000005,2.51,1.49,0.0,0.0,0.0,361.3,0.0,-1.4,0.6000000000000001,-0.8,-169.70000000000002,0.0,0.0,169.8,0.0,21.8,28.9,28.9,30.9,300.0,300.0,31.4,35.800000000000004,28.9,28.1,29.9,4.96,2.0,4.96,0.16,0.0,0.0,1027.0,8228.0,0.0,0.0,0.0,0.0,0.0,1.0,0.0,0.0,0.0,0.0,0.0,0.0,0.0,0.8,0.0,0.0,16.0,25903.0
2026-07-30T19:03:10.562Z,360.045,360.06,0.0,7.4,0.0,0.0,0.0,0.0,0.0,0.0,0.0,0.0,1.0,0.0,0.0,0.0,9.0,4.0,0.0,0.0,0.0,0.0,0.0,0.0,0.0,0.0,5.0,12.0,1.0,12.15,5.0200000000000005,2.51,1.49,0.0,0.0,0.0,361.3,0.0,2.1,0.0,2.0,-169.70000000000002,0.0,0.0,169.60000000000002,0.0,21.8,28.9,28.9,30.9,300.0,300.0,31.4,35.800000000000004,28.9,28.1,29.9,4.96,1.99,4.96,0.16,0.0,0.0,1027.0,8228.0,0.0,0.0,0.0,0.0,0.0,1.0,0.0,0.0,0.0,0.0,0.0,1.6,0.0,-1.7000000000000002,0.0,0.0,16.0,25903.0
2026-07-30T19:03:10.574Z,360.057,360.072,0.0,7.4,0.0,0.0,0.0,0.0,0.0,0.0,0.0,0.0,1.0,0.0,0.0,0.0,9.0,4.0,0.0,0.0,0.0,0.0,0.0,0.0,0.0,0.0,6.0,12.0,1.0,12.15,5.0200000000000005,2.51,1.49,0.0,0.0,0.0,361.4,0.0,-0.7000000000000001,0.0,0.2,-169.60000000000002,0.0,0.0,169.70000000000002,0.0,21.8,28.9,28.9,30.9,300.0,300.0,31.4,35.800000000000004,28.9,28.1,29.9,4.95,1.99,4.97,0.16,0.0,0.0,1027.0,8228.0,0.0,0.0,0.0,0.0,0.0,1.0,0.0,0.0,0.0,0.0,0.0,0.2,0.0,-0.2,0.0,0.0,16.0,25903.0
2026-07-30T19:03:10.586Z,360.069,360.084,0.0,7.4,0.0,0.0,0.0,0.0,0.0,0.0,0.0,0.0,1.0,0.0,0.0,0.0,9.0,4.0,0.0,0.0,0.0,0.0,0.0,0.0,0.0,0.0,1.0,12.0,1.0,12.15,5.0200000000000005,2.51,1.49,0.0,0.0,0.0,361.4,0.0,-0.1,-0.4,-0.2,-169.60000000000002,0.0,0.0,169.70000000000002,0.0,21.8,28.9,28.9,30.9,300.0,300.0,31.4,35.800000000000004,28.9,28.1,29.9,4.96,1.99,4.96,0.16,0.0,0.0,1027.0,8228.0,0.0,0.0,0.0,0.0,0.0,1.0,0.0,0.0,0.0,0.0,0.0,-0.7000000000000001,0.0,0.0,0.0,0.0,16.0,25903.0
2026-07-30T19:03:10.597Z,360.08,360.096,0.0,7.4,0.0,0.0,0.0,0.0,0.0,0.0,0.0,0.0,1.0,0.0,0.0,0.0,9.0,4.0,0.0,0.0,0.0,0.0,0.0,0.0,0.0,0.0,2.0,12.0,1.0,12.15,5.0200000000000005,2.51,1.49,0.0,0.0,0.0,361.4,0.0,-0.2,0.6000000000000001,1.5,-169.60000000000002,0.0,0.0,169.70000000000002,0.0,21.8,28.9,28.9,30.9,300.0,300.0,31.4,35.800000000000004,28.9,28.1,29.9,4.96,1.99,4.96,0.16,0.0,0.0,1027.0,8228.0,0.0,0.0,0.0,0.0,0.0,1.0,0.0,0.0,0.0,0.0,0.0,1.9,0.0,-1.2000000000000002,0.0,0.0,16.0,25903.0
2026-07-30T19:03:10.609Z,360.092,360.108,0.0,7.4,0.0,0.0,0.0,0.0,0.0,0.0,0.0,0.0,1.0,0.0,0.0,0.0,9.0,4.0,0.0,0.0,0.0,0.0,0.0,0.0,0.0,0.0,3.0,12.0,1.0,12.15,5.0200000000000005,2.51,1.49,0.0,0.0,0.0,361.3,0.0,0.3,0.6000000000000001,0.3,-169.60000000000002,0.0,0.0,169.8,0.0,21.8,28.9,28.9,30.9,300.0,300.0,31.4,35.800000000000004,28.9,28.1,29.9,4.95,1.99,4.96,0.16,0.0,0.0,1027.0,8228.0,0.0,0.0,0.0,0.0,0.0,1.0,0.0,0.0,0.0,0.0,0.0,1.0,0.0,-0.1,0.0,0.0,16.0,25903.0
2026-07-30T19:03:10.622Z,360.105,360.12,0.0,7.4,0.0,0.0,0.0,0.0,0.0,0.0,0.0,0.0,1.0,0.0,0.0,0.0,9.0,4.0,0.0,0.0,0.0,0.0,0.0,0.0,0.0,0.0,5.0,12.0,1.0,12.15,5.0200000000000005,2.51,1.49,0.0,0.1,0.0,361.3,0.0,-0.2,-1.6,-1.4,-169.70000000000002,0.0,0.0,169.70000000000002,0.0,21.8,28.9,28.9,30.9,300.0,300.0,31.4,35.800000000000004,28.9,28.1,29.9,4.95,1.99,4.97,0.16,0.0,0.0,1027.0,8228.0,0.0,0.0,0.0,0.0,0.0,1.0,0.0,0.0,0.0,0.0,0.0,-2.9000000000000004,0.0,0.8,0.0,0.0,16.0,25903.0
2026-07-30T19:03:10.634Z,360.117,360.132,0.0,7.4,0.0,0.0,0.0,0.0,0.0,0.0,0.0,0.0,1.0,0.0,0.0,0.0,9.0,4.0,0.0,0.0,0.0,0.0,0.0,0.0,0.0,0.0,6.0,12.0,1.0,12.15,5.0200000000000005,2.51,1.49,0.0,0.0,0.0,361.3,0.0,0.9,0.6000000000000001,0.3,-169.70000000000002,0.0,0.0,169.70000000000002,0.0,21.8,28.9,28.9,30.9,300.0,300.0,31.4,35.800000000000004,28.9,28.1,29.9,4.96,2.0,4.96,0.16,0.0,0.0,1027.0,8228.0,0.0,0.0,0.0,0.0,0.0,1.0,0.0,0.0,0.0,0.0,0.0,1.0,0.0,-0.1,0.0,0.0,16.0,25903.0
2026-07-30T19:03:10.647Z,360.13,360.144,0.0,7.4,0.0,0.0,0.0,0.0,0.0,0.0,0.0,0.0,1.0,0.0,0.0,0.0,9.0,4.0,0.0,0.0,0.0,0.0,0.0,0.0,0.0,0.0,1.0,12.0,1.0,12.1,5.01,2.51,1.5,0.0,0.0,0.0,361.3,0.0,-0.2,0.1,0.4,-169.70000000000002,0.0,0.0,169.70000000000002,0.0,21.3,28.9,28.9,30.9,300.0,300.0,31.5,35.800000000000004,28.9,28.1,29.9,4.96,1.99,4.97,0.16,0.0,0.0,1027.0,8228.0,0.0,0.0,0.0,0.0,0.0,1.0,0.0,0.0,0.0,0.0,0.0,0.4,0.0,-0.3,0.0,0.0,16.0,25903.0
2026-07-30T19:03:10.658Z,360.141,360.156,0.0,7.4,0.0,0.0,0.0,0.0,0.0,0.0,0.0,0.0,1.0,0.0,0.0,0.0,9.0,4.0,0.0,0.0,0.0,0.0,0.0,0.0,0.0,0.0,3.0,12.0,1.0,12.1,5.01,2.51,1.5,0.0,0.0,0.0,361.3,0.0,-0.2,0.1,-0.1,-169.70000000000002,0.0,0.0,169.8,0.0,21.3,28.9,28.9,30.9,300.0,300.0,31.5,35.800000000000004,28.9,28.1,29.9,4.95,1.99,4.97,0.16,0.0,0.0,1027.0,8228.0,0.0,0.0,0.0,0.0,0.0,1.0,0.0,0.0,0.0,0.0,0.0,0.0,0.0,0.1,0.0,0.0,16.0,25903.0
2026-07-30T19:03:10.670Z,360.153,360.168,0.0,7.4,0.0,0.0,0.0,0.0,0.0,0.0,0.0,0.0,1.0,0.0,0.0,0.0,9.0,4.0,0.0,0.0,0.0,0.0,0.0,0.0,0.0,0.0,4.0,12.0,1.0,12.1,5.01,2.51,1.5,0.0,0.0,0.0,361.4,0.0,0.3,-0.4,-0.7000000000000001,-169.70000000000002,0.0,0.0,169.60000000000002,0.0,21.3,28.9,28.9,30.9,300.0,300.0,31.5,35.800000000000004,28.9,28.1,29.9,4.96,1.99,4.97,0.16,0.0,0.0,1027.0,8228.0,0.0,0.0,0.0,0.0,0.0,1.0,0.0,0.0,0.0,0.0,0.0,-1.1,0.0,0.5,0.0,0.0,16.0,25903.0
2026-07-30T19:03:10.682Z,360.165,360.18,0.0,7.4,0.0,0.0,0.0,0.0,0.0,0.0,0.0,0.0,1.0,0.0,0.0,0.0,9.0,4.0,0.0,0.0,0.0,0.0,0.0,0.0,0.0,0.0,6.0,12.0,1.0,12.1,5.01,2.51,1.5,0.0,0.0,0.0,361.3,0.0,0.3,-0.4,0.3,-169.70000000000002,0.0,0.0,169.70000000000002,0.0,21.3,28.9,28.9,30.9,300.0,300.0,31.5,35.800000000000004,28.9,28.1,29.9,4.95,1.99,4.96,0.16,0.0,0.0,1027.0,8228.0,0.0,0.0,0.0,0.0,0.0,1.0,0.0,0.0,0.0,0.0,0.0,-0.2,0.0,-0.4,0.0,0.0,16.0,25903.0
2026-07-30T19:03:10.693Z,360.176,360.192,0.0,7.4,0.0,0.0,0.0,0.0,0.0,0.0,0.0,0.0,1.0,0.0,0.0,0.0,9.0,4.0,0.0,0.0,0.0,0.0,0.0,0.0,0.0,0.0,1.0,12.0,1.0,12.1,5.01,2.51,1.5,0.0,0.0,0.0,361.3,0.0,0.3,0.7000000000000001,-0.1,-169.70000000000002,0.0,0.0,169.70000000000002,0.0,21.3,28.9,28.9,30.9,300.0,300.0,31.5,35.800000000000004,28.9,28.1,29.9,4.95,1.99,4.97,0.16,0.0,0.0,1027.0,8228.0,0.0,0.0,0.0,0.0,0.0,1.0,0.0,0.0,0.0,0.0,0.0,1.1,0.0,-0.2,0.0,0.0,16.0,25903.0
2026-07-30T19:03:10.706Z,360.189,360.204,0.0,7.4,0.0,0.0,0.0,0.0,0.0,0.0,0.0,0.0,1.0,0.0,0.0,0.0,9.0,4.0,0.0,0.0,0.0,0.0,0.0,0.0,0.0,0.0,2.0,12.0,1.0,12.1,5.01,2.51,1.5,0.0,0.0,0.0,361.3,0.0,0.3,0.1,0.4,-169.70000000000002,0.0,0.0,169.8,0.0,21.3,28.9,28.9,30.9,300.0,300.0,31.5,35.800000000000004,28.9,28.1,29.9,4.95,1.99,4.97,0.16,0.0,0.0,1027.0,8228.0,0.0,0.0,0.0,0.0,0.0,1.0,0.0,0.0,0.0,0.0,0.0,2.6,0.0,-1.1,0.0,0.0,16.0,25903.0
2026-07-30T19:03:10.718Z,360.201,360.216,0.0,7.4,0.0,0.0,0.0,0.0,0.0,0.0,0.0,0.0,1.0,0.0,0.0,0.0,9.0,4.0,0.0,0.0,0.0,0.0,0.0,0.0,0.0,0.0,3.0,12.0,1.0,12.1,5.01,2.51,1.5,0.0,0.0,0.0,361.3,0.0,0.2,0.6000000000000001,2.1,-169.70000000000002,0.0,0.0,169.8,0.0,21.3,28.9,28.9,30.9,300.0,300.0,31.5,35.800000000000004,28.9,28.1,29.9,4.96,1.99,4.96,0.16,0.0,0.0,1027.0,8228.0,0.0,0.0,0.0,0.0,0.0,1.0,0.0,0.0,0.0,0.0,0.0,-1.7000000000000002,0.0,0.4,0.0,0.0,16.0,25903.0
2026-07-30T19:03:10.730Z,360.213,360.228,0.0,7.4,0.0,0.0,0.0,0.0,0.0,0.0,0.0,0.0,1.0,0.0,0.0,0.0,9.0,4.0,0.0,0.0,0.0,0.0,0.0,0.0,0.0,0.0,5.0,12.0,1.0,12.1,5.01,2.51,1.5,0.0,0.0,0.0,361.4,0.0,0.8,0.7000000000000001,2.2,-169.70000000000002,0.0,0.0,169.8,0.0,21.3,28.9,28.9,30.9,300.0,300.0,31.5,35.800000000000004,28.9,28.1,29.9,4.95,2.0,4.97,0.16,0.0,0.0,1027.0,8228.0,0.0,0.0,0.0,0.0,0.0,1.0,0.0,0.0,0.0,0.0,0.0,2.4000000000000004,0.0,-1.8,0.0,0.0,16.0,25903.0
2026-07-30T19:03:10.741Z,360.224,360.24,0.0,7.4,0.0,0.0,0.0,0.0,0.0,0.0,0.0,0.0,1.0,0.0,0.0,0.0,9.0,4.0,0.0,0.0,0.0,0.0,0.0,0.0,0.0,0.0,6.0,12.0,1.0,12.1,5.01,2.51,1.5,0.0,0.0,0.0,361.3,0.0,-0.3,1.2000000000000002,-0.6000000000000001,-169.70000000000002,0.0,0.0,169.8,0.0,21.3,28.9,28.9,30.9,300.0,300.0,31.5,35.800000000000004,28.9,28.1,29.9,4.95,1.99,4.97,0.16,0.0,0.0,1027.0,8228.0,0.0,0.0,0.0,0.0,0.0,1.0,0.0,0.0,0.0,0.0,0.0,0.9,0.0,0.8,0.0,0.0,16.0,25903.0
2026-07-30T19:03:10.754Z,360.237,360.252,0.0,7.4,0.0,0.0,0.0,0.0,0.0,0.0,0.0,0.0,1.0,0.0,0.0,0.0,9.0,4.0,0.0,0.0,0.0,0.0,0.0,0.0,0.0,0.0,1.0,12.0,1.0,12.18,5.0200000000000005,2.5,1.49,0.0,0.0,0.0,361.3,0.0,0.2,-0.4,-1.2000000000000002,-169.70000000000002,0.0,0.0,169.8,0.0,20.8,28.9,28.9,30.9,300.0,300.0,31.6,35.800000000000004,28.9,28.1,29.9,4.96,1.99,4.97,0.16,0.0,0.0,1027.0,8228.0,0.0,0.0,0.0,0.0,0.0,1.0,0.0,0.0,0.0,0.0,0.0,-1.4,0.0,1.0,0.0,0.0,16.0,25903.0
2026-07-30T19:03:10.766Z,360.249,360.264,0.0,7.4,0.0,0.0,0.0,0.0,0.0,0.0,0.0,0.0,1.0,0.0,0.0,0.0,9.0,4.0,0.0,0.0,0.0,0.0,0.0,0.0,0.0,0.0,2.0,12.0,1.0,12.18,5.0200000000000005,2.5,1.49,0.0,0.0,0.0,361.3,0.0,0.2,0.1,0.0,-169.70000000000002,0.0,0.0,169.8,0.0,20.8,28.9,28.9,30.9,300.0,300.0,31.6,35.800000000000004,28.9,28.1,29.9,4.96,1.99,4.96,0.16,0.0,0.0,1027.0,8228.0,0.0,0.0,0.0,0.0,0.0,1.0,0.0,0.0,0.0,0.0,0.0,0.1,0.0,0.0,0.0,0.0,16.0,25903.0
2026-07-30T19:03:10.778Z,360.261,360.276,0.0,7.4,0.0,0.0,0.0,0.0,0.0,0.0,0.0,0.0,1.0,0.0,0.0,0.0,9.0,4.0,0.0,0.0,0.0,0.0,0.0,0.0,0.0,0.0,4.0,12.0,1.0,12.18,5.0200000000000005,2.5,1.49,0.0,0.0,0.0,361.3,0.0,-0.2,0.1,1.0,-169.70000000000002,0.0,0.0,169.8,0.0,20.8,28.9,28.9,30.9,300.0,300.0,31.6,35.800000000000004,28.9,28.1,29.9,4.95,1.99,4.97,0.16,0.0,0.0,1027.0,8228.0,0.0,0.0,0.0,0.0,0.0,1.0,0.0,0.0,0.0,0.0,0.0,0.9,0.0,-0.9,0.0,0.0,16.0,25903.0
2026-07-30T19:03:10.790Z,360.273,360.288,0.0,7.4,0.0,0.0,0.0,0.0,0.0,0.0,0.0,0.0,1.0,0.0,0.0,0.0,9.0,4.0,0.0,0.0,0.0,0.0,0.0,0.0,0.0,0.0,5.0,12.0,1.0,12.18,5.0200000000000005,2.5,1.49,0.0,0.0,0.0,361.4,0.0,0.2,0.0,-0.1,-169.70000000000002,0.0,0.0,169.70000000000002,0.0,20.8,28.9,28.9,30.9,300.0,300.0,31.6,35.800000000000004,28.9,28.1,29.9,4.95,1.99,4.96,0.16,0.0,0.0,1027.0,8228.0,0.0,0.0,0.0,0.0,0.0,1.0,0.0,0.0,0.0,0.0,0.0,0.0,0.0,0.1,0.0,0.0,16.0,25903.0
2026-07-30T19:03:10.802Z,360.285,360.3,0.0,7.4,0.0,0.0,0.0,0.0,0.0,0.0,0.0,0.0,1.0,0.0,0.0,0.0,9.0,4.0,0.0,0.0,0.0,0.0,0.0,0.0,0.0,0.0,1.0,12.0,1.0,12.18,5.0200000000000005,2.5,1.49,0.0,0.0,0.0,361.4,0.0,-0.2,0.0,-0.1,-169.70000000000002,0.0,0.0,169.8,0.0,20.8,28.9,28.9,30.9,300.0,300.0,31.6,35.800000000000004,28.9,28.1,29.9,4.96,1.99,4.96,0.16,0.0,0.0,1027.0,8228.0,0.0,0.0,0.0,0.0,0.0,1.0,0.0,0.0,0.0,0.0,0.0,0.0,0.0,0.1,0.0,0.0,16.0,25903.0
2026-07-30T19:03:10.813Z,360.296,360.312,0.0,7.4,0.0,0.0,0.0,0.0,0.0,0.0,0.0,0.0,1.0,0.0,0.0,0.0,9.0,4.0,0.0,0.0,0.0,0.0,0.0,0.0,0.0,0.0,2.0,12.0,1.0,12.18,5.0200000000000005,2.5,1.49,0.0,0.0,0.0,361.3,0.0,0.3,-0.4,-0.7000000000000001,-169.70000000000002,0.0,0.0,169.70000000000002,0.0,20.8,28.9,28.9,30.9,300.0,300.0,31.6,35.800000000000004,28.9,28.1,29.9,4.95,1.99,4.96,0.16,0.0,0.0,1027.0,8228.0,0.0,0.0,0.0,0.0,0.0,1.0,0.0,0.0,0.0,0.0,0.0,-1.1,0.0,0.5,0.0,0.0,16.0,25903.0
2026-07-30T19:03:10.826Z,360.309,360.324,0.0,7.4,0.0,0.0,0.0,0.0,0.0,0.0,0.0,0.0,1.0,0.0,0.0,0.0,9.0,4.0,0.0,0.0,0.0,0.0,0.0,0.0,0.0,0.0,4.0,12.0,1.0,12.18,5.0200000000000005,2.5,1.49,0.0,0.0,0.0,361.3,0.0,-0.2,0.6000000000000001,-0.1,-169.70000000000002,0.0,0.0,169.70000000000002,0.0,20.8,28.9,28.9,30.9,300.0,300.0,31.6,35.800000000000004,28.9,28.1,29.9,4.96,1.99,4.96,0.16,0.0,0.0,1027.0,8228.0,0.0,0.0,0.0,0.0,0.0,1.0,0.0,0.0,0.0,0.0,0.0,0.5,0.0,0.2,0.0,0.0,16.0,25903.0
2026-07-30T19:03:10.838Z,360.321,360.336,0.0,7.4,0.0,0.0,0.0,0.0,0.0,0.0,0.0,0.0,1.0,0.0,0.0,0.0,9.0,4.0,0.0,0.0,0.0,0.0,0.0,0.0,0.0,0.0,5.0,12.0,1.0,12.18,5.0200000000000005,2.5,1.49,0.0,0.0,0.0,361.3,0.0,-0.2,0.6000000000000001,-0.7000000000000001,-169.70000000000002,0.0,0.0,169.8,0.0,20.8,28.9,28.9,30.9,300.0,300.0,31.6,35.800000000000004,28.9,28.1,29.9,4.96,1.99,4.96,0.16,0.0,0.0,1027.0,8228.0,0.0,0.0,0.0,0.0,0.0,1.0,0.0,0.0,0.0,0.0,0.0,0.1,0.0,0.8,0.0,0.0,16.0,25903.0
2026-07-30T19:03:10.851Z,360.334,360.348,0.0,7.4,0.0,0.0,0.0,0.0,0.0,0.0,0.0,0.0,1.0,0.0,0.0,0.0,9.0,4.0,0.0,0.0,0.0,0.0,0.0,0.0,0.0,0.0,6.0,12.0,1.0,12.17,5.01,2.51,1.49,0.0,0.0,0.0,361.4,0.0,-0.8,-1.1,0.9,-169.70000000000002,0.0,0.0,169.70000000000002,0.0,21.3,28.9,28.9,30.9,300.0,300.0,31.6,35.800000000000004,28.9,28.1,29.9,4.96,1.99,4.96,0.16,0.0,0.0,1027.0,8228.0,0.0,0.0,0.0,0.0,0.0,1.0,0.0,0.0,0.0,0.0,0.0,-0.5,0.0,-1.1,0.0,0.0,16.0,25903.0
2026-07-30T19:03:10.862Z,360.345,360.36,0.0,7.4,0.0,0.0,0.0,0.0,0.0,0.0,0.0,0.0,1.0,0.0,0.0,0.0,9.0,4.0,0.0,0.0,0.0,0.0,0.0,0.0,0.0,0.0,1.0,12.0,1.0,12.17,5.01,2.51,1.49,0.0,0.1,0.0,361.3,0.0,-0.2,-0.5,-0.7000000000000001,-169.70000000000002,0.0,0.0,169.8,0.0,21.3,28.9,28.9,30.9,300.0,300.0,31.6,35.800000000000004,28.9,28.1,29.9,4.96,1.99,4.97,0.16,0.0,0.0,1027.0,8228.0,0.0,0.0,0.0,0.0,0.0,1.0,0.0,0.0,0.0,0.0,0.0,-1.1,0.0,0.5,0.0,0.0,16.0,25903.0
2026-07-30T19:03:10.874Z,360.357,360.372,0.0,7.4,0.0,0.0,0.0,0.0,0.0,0.0,0.0,0.0,1.0,0.0,0.0,0.0,9.0,4.0,0.0,0.0,0.0,0.0,0.0,0.0,0.0,0.0,2.0,12.0,1.0,12.17,5.01,2.51,1.49,0.0,0.0,0.0,361.3,0.0,0.3,-0.5,0.4,-169.70000000000002,0.0,0.0,169.8,0.0,21.3,28.9,28.9,30.9,300.0,300.0,31.6,35.800000000000004,28.9,28.1,29.9,4.96,1.99,4.96,0.16,0.0,0.0,1027.0,8228.0,0.0,0.0,0.0,0.0,0.0,1.0,0.0,0.0,0.0,0.0,0.0,-0.2,0.0,-0.5,0.0,0.0,16.0,25903.0
2026-07-30T19:03:10.886Z,360.369,360.384,0.0,7.4,0.0,0.0,0.0,0.0,0.0,0.0,0.0,0.0,1.0,0.0,0.0,0.0,9.0,4.0,0.0,0.0,0.0,0.0,0.0,0.0,0.0,0.0,3.0,12.0,1.0,12.17,5.01,2.51,1.49,0.0,0.0,0.0,361.3,0.0,0.3,-0.5,1.0,-169.70000000000002,0.0,0.0,169.8,0.0,21.3,28.9,28.9,30.9,300.0,300.0,31.6,35.800000000000004,28.9,28.1,29.9,4.96,1.99,4.97,0.16,0.0,0.0,1027.0,8228.0,0.0,0.0,0.0,0.0,0.0,1.0,0.0,0.0,0.0,0.0,0.0,0.1,0.0,-1.0,0.0,0.0,16.0,25903.0
2026-07-30T19:03:10.897Z,360.38,360.396,0.0,7.4,0.0,0.0,0.0,0.0,0.0,0.0,0.0,0.0,1.0,0.0,0.0,0.0,9.0,4.0,0.0,0.0,0.0,0.0,0.0,0.0,0.0,0.0,4.0,12.0,1.0,12.17,5.01,2.51,1.49,0.0,0.1,0.0,361.3,0.0,-0.3,1.2000000000000002,1.0,-169.70000000000002,0.0,0.0,169.70000000000002,0.0,21.3,28.9,28.9,30.9,300.0,300.0,31.6,35.800000000000004,28.9,28.1,29.9,4.95,1.99,4.97,0.16,0.0,0.0,1027.0,8228.0,0.0,0.0,0.0,0.0,0.0,1.0,0.0,0.0,0.0,0.0,0.0,2.1,0.0,-0.6000000000000001,0.0,0.0,16.0,25903.0
2026-07-30T19:03:10.910Z,360.393,360.408,0.0,7.4,0.0,0.0,0.0,0.0,0.0,0.0,0.0,0.0,1.0,0.0,0.0,0.0,9.0,4.0,0.0,0.0,0.0,0.0,0.0,0.0,0.0,0.0,5.0,12.0,1.0,12.17,5.01,2.51,1.49,0.0,0.0,0.0,361.4,0.0,-0.2,0.0,-0.1,-169.70000000000002,0.0,0.0,169.70000000000002,0.0,21.3,28.9,28.9,30.9,300.0,300.0,31.6,35.800000000000004,28.9,28.1,29.9,4.96,1.99,4.96,0.16,0.0,0.0,1027.0,8228.0,0.0,0.0,0.0,0.0,0.0,1.0,0.0,0.0,0.0,0.0,0.0,0.0,0.0,0.1,0.0,0.0,16.0,25903.0
2026-07-30T19:03:10.922Z,360.405,360.42,0.0,7.4,0.0,0.0,0.0,0.0,0.0,0.0,0.0,0.0,1.0,0.0,0.0,0.0,9.0,4.0,0.0,0.0,0.0,0.0,0.0,0.0,0.0,0.0,1.0,12.0,1.0,12.17,5.01,2.51,1.49,0.0,0.0,0.0,361.4,0.0,0.2,0.0,-0.1,-169.70000000000002,0.0,0.0,169.60000000000002,0.0,21.3,28.9,28.9,30.9,300.0,300.0,31.6,35.800000000000004,28.9,28.1,29.9,4.96,2.0,4.96,0.16,0.0,0.0,1027.0,8228.0,0.0,0.0,0.0,0.0,0.0,1.0,0.0,0.0,0.0,0.0,0.0,0.0,0.0,0.1,0.0,0.0,16.0,25903.0
2026-07-30T19:03:10.934Z,360.417,360.432,0.0,7.4,0.0,0.0,0.0,0.0,0.0,0.0,0.0,0.0,1.0,0.0,0.0,0.0,9.0,4.0,0.0,0.0,0.0,0.0,0.0,0.0,0.0,0.0,2.0,12.0,1.0,12.17,5.01,2.51,1.49,0.0,0.0,0.0,361.3,0.0,0.8,1.2000000000000002,-0.1,-169.70000000000002,0.0,0.0,169.70000000000002,0.0,21.3,28.9,28.9,30.9,300.0,300.0,31.6,35.800000000000004,28.9,28.1,29.9,4.96,1.99,4.97,0.16,0.0,0.0,1027.0,8228.0,0.0,0.0,0.0,0.0,0.0,1.0,0.0,0.0,0.0,0.0,0.0,1.2000000000000002,0.0,0.3,0.0,0.0,16.0,25903.0
2026-07-30T19:03:10.946Z,360.429,360.444,0.0,7.4,0.0,0.0,0.0,0.0,0.0,0.0,0.0,0.0,1.0,0.0,0.0,0.0,9.0,4.0,0.0,0.0,0.0,0.0,0.0,0.0,0.0,0.0,3.0,12.0,1.0,12.17,5.01,2.51,1.49,0.0,0.0,0.0,361.3,0.0,0.2,0.6000000000000001,0.3,-169.70000000000002,0.0,0.0,169.70000000000002,0.0,21.3,28.9,28.9,30.9,300.0,300.0,31.6,35.800000000000004,28.9,28.1,29.9,4.95,1.99,4.97,0.16,0.0,0.0,1027.0,8228.0,0.0,0.0,0.0,0.0,0.0,1.0,0.0,0.0,0.0,0.0,0.0,0.9,0.0,-0.2,0.0,0.0,16.0,25903.0
2026-07-30T19:03:10.957Z,360.44,360.456,0.0,7.4,0.0,0.0,0.0,0.0,0.0,0.0,0.0,0.0,1.0,0.0,0.0,0.0,9.0,4.0,0.0,0.0,0.0,0.0,0.0,0.0,0.0,0.0,4.0,12.0,1.0,12.18,5.01,2.51,1.49,0.0,0.0,0.0,361.4,0.0,-0.3,-1.1,-0.1,-169.70000000000002,0.0,0.0,169.70000000000002,0.0,21.4,28.9,28.9,30.9,300.0,300.0,31.700000000000003,35.7,28.8,28.1,29.9,4.96,1.99,4.96,0.16,0.0,0.0,1027.0,8228.0,0.0,0.0,0.0,0.0,0.0,1.0,0.0,0.0,0.0,0.0,0.0,-1.4,0.0,0.0,0.0,0.0,16.0,25903.0
2026-07-30T19:03:10.970Z,360.453,360.468,0.0,7.4,0.0,0.0,0.0,0.0,0.0,0.0,0.0,0.0,1.0,0.0,0.0,0.0,9.0,4.0,0.0,0.0,0.0,0.0,0.0,0.0,0.0,0.0,5.0,12.0,1.0,12.18,5.01,2.51,1.49,0.0,0.0,0.0,361.4,0.0,-0.8,0.0,-0.2,-169.70000000000002,0.0,0.0,169.70000000000002,0.0,21.4,28.9,28.9,30.9,300.0,300.0,31.700000000000003,35.7,28.8,28.1,29.9,4.95,1.99,4.97,0.16,0.0,0.0,1027.0,8228.0,0.0,0.0,0.0,0.0,0.0,1.0,0.0,0.0,0.0,0.0,0.0,-0.1,0.0,0.2,0.0,0.0,16.0,25903.0
2026-07-30T19:03:10.982Z,360.465,360.48,0.0,7.4,0.0,0.0,0.0,0.0,0.0,0.0,0.0,0.0,1.0,0.0,0.0,0.0,9.0,4.0,0.0,0.0,0.0,0.0,0.0,0.0,0.0,0.0,6.0,12.0,1.0,12.18,5.01,2.51,1.49,0.0,0.0,0.0,361.4,0.0,0.2,0.6000000000000001,0.3,-169.70000000000002,0.0,0.0,169.60000000000002,0.0,21.4,28.9,28.9,30.9,300.0,300.0,31.700000000000003,35.7,28.8,28.1,29.9,4.95,1.99,4.96,0.16,0.0,0.0,1027.0,8228.0,0.0,0.0,0.0,0.0,0.0,1.0,0.0,0.0,0.0,0.0,0.0,1.0,0.0,-0.1,0.0,0.0,16.0,25903.0
2026-07-30T19:03:10.994Z,360.477,360.492,0.0,7.4,0.0,0.0,0.0,0.0,0.0,0.0,0.0,0.0,1.0,0.0,0.0,0.0,9.0,4.0,0.0,0.0,0.0,0.0,0.0,0.0,0.0,0.0,2.0,12.0,1.0,12.18,5.01,2.51,1.49,0.0,0.0,0.0,361.3,0.0,0.8,-0.4,0.4,-169.70000000000002,0.0,0.0,169.70000000000002,0.0,21.4,28.9,28.9,30.9,300.0,300.0,31.700000000000003,35.7,28.8,28.1,29.9,4.95,1.99,4.96,0.16,0.0,0.0,1027.0,8228.0,0.0,0.0,0.0,0.0,0.0,1.0,0.0,0.0,0.0,0.0,0.0,-0.2,0.0,-0.4,0.0,0.0,16.0,25903.0
2026-07-30T19:03:11.006Z,360.489,360.504,0.0,7.4,0.0,0.0,0.0,0.0,0.0,0.0,0.0,0.0,1.0,0.0,0.0,0.0,9.0,4.0,0.0,0.0,0.0,0.0,0.0,0.0,0.0,0.0,2.0,12.0,1.0,12.18,5.01,2.51,1.49,0.0,0.0,0.0,361.3,0.0,0.2,1.2000000000000002,1.5,-169.70000000000002,0.0,0.0,169.60000000000002,0.0,21.4,28.9,28.9,30.9,300.0,300.0,31.700000000000003,35.7,28.8,28.1,29.9,4.95,1.99,4.97,0.16,0.0,0.0,1027.0,8228.0,0.0,0.0,0.0,0.0,0.0,1.0,0.0,0.0,0.0,0.0,0.0,2.6,0.0,-1.1,0.0,0.0,16.0,25903.0
2026-07-30T19:03:11.018Z,360.501,360.516,0.0,7.4,0.0,0.0,0.0,0.0,0.0,0.0,0.0,0.0,1.0,0.0,0.0,0.0,9.0,4.0,0.0,0.0,0.0,0.0,0.0,0.0,0.0,0.0,3.0,12.0,1.0,12.18,5.01,2.51,1.49,0.0,0.0,0.0,361.4,0.0,-0.2,-1.0,0.4,-169.70000000000002,0.0,0.0,169.60000000000002,0.0,21.4,28.9,28.9,30.9,300.0,300.0,31.700000000000003,35.7,28.8,28.1,29.9,4.96,1.99,4.97,0.16,0.0,0.0,1027.0,8228.0,0.0,0.0,0.0,0.0,0.0,1.0,0.0,0.0,0.0,0.0,0.0,-0.8,0.0,-0.6000000000000001,0.0,0.0,16.0,25903.0
2026-07-30T19:03:11.030Z,360.513,360.528,0.0,7.4,0.0,0.0,0.0,0.0,0.0,0.0,0.0,0.0,1.0,0.0,0.0,0.0,9.0,4.0,0.0,0.0,0.0,0.0,0.0,0.0,0.0,0.0,5.0,12.0,1.0,12.18,5.01,2.51,1.49,0.0,0.0,0.0,361.4,0.0,0.2,0.0,-1.3,-169.60000000000002,0.0,0.0,169.60000000000002,0.0,21.4,28.9,28.9,30.9,300.0,300.0,31.700000000000003,35.7,28.8,28.1,29.9,4.96,1.99,4.96,0.16,0.0,0.0,1027.0,8228.0,0.0,0.0,0.0,0.0,0.0,1.0,0.0,0.0,0.0,0.0,0.0,-0.8,0.0,1.1,0.0,0.0,16.0,25903.0
2026-07-30T19:03:11.042Z,360.525,360.54,0.0,7.4,0.0,0.0,0.0,0.0,0.0,0.0,0.0,0.0,1.0,0.0,0.0,0.0,9.0,4.0,0.0,0.0,0.0,0.0,0.0,0.0,0.0,0.0,6.0,12.0,1.0,12.18,5.01,2.51,1.49,0.0,0.0,0.0,361.3,0.0,-0.3,1.2000000000000002,-0.7000000000000001,-169.60000000000002,0.0,0.0,169.60000000000002,0.0,21.4,28.9,28.9,30.9,300.0,300.0,31.700000000000003,35.7,28.8,28.1,29.9,4.96,1.99,4.96,0.16,0.0,0.0,1027.0,8228.0,0.0,0.0,0.0,0.0,0.0,1.0,0.0,0.0,0.0,0.0,0.0,0.8,0.0,0.9,0.0,0.0,16.0,25903.0
2026-07-30T19:03:11.055Z,360.538,360.552,0.0,7.4,0.0,0.0,0.0,0.0,0.0,0.0,0.0,0.0,1.0,0.0,0.0,0.0,9.0,4.0,0.0,0.0,0.0,0.0,0.0,0.0,0.0,0.0,2.0,12.0,1.0,12.15,5.01,2.5,1.49,0.0,0.0,0.0,361.3,0.0,0.2,-0.4,0.4,-169.60000000000002,0.0,0.0,169.60000000000002,0.0,21.4,28.9,28.9,30.9,300.0,300.0,31.6,35.7,28.8,28.1,30.0,4.95,1.99,4.97,0.16,0.0,0.0,1027.0,8228.0,0.0,0.0,0.0,0.0,0.0,1.0,0.0,0.0,0.0,0.0,0.0,-0.1,0.0,-0.5,0.0,0.0,16.0,25903.0
2026-07-30T19:03:11.066Z,360.549,360.564,0.0,7.4,0.0,0.0,0.0,0.0,0.0,0.0,0.0,0.0,1.0,0.0,0.0,0.0,9.0,4.0,0.0,0.0,0.0,0.0,0.0,0.0,0.0,0.0,2.0,12.0,1.0,12.15,5.01,2.5,1.49,0.0,0.0,0.0,361.4,0.0,-0.3,0.7000000000000001,1.6,-169.60000000000002,0.0,0.0,169.60000000000002,0.0,21.4,28.9,28.9,30.9,300.0,300.0,31.6,35.7,28.8,28.1,30.0,4.96,1.99,4.96,0.16,0.0,0.0,1027.0,8228.0,0.0,0.0,0.0,0.0,0.0,1.0,0.0,0.0,0.0,0.0,0.0,2.0,0.0,-1.3,0.0,0.0,16.0,25903.0
2026-07-30T19:03:11.078Z,360.561,360.576,0.0,7.4,0.0,0.0,0.0,0.0,0.0,0.0,0.0,0.0,1.0,0.0,0.0,0.0,9.0,4.0,0.0,0.0,0.0,0.0,0.0,0.0,0.0,0.0,4.0,12.0,1.0,12.15,5.01,2.5,1.49,0.0,0.0,0.0,361.3,0.0,-0.3,-0.3,-0.6000000000000001,-169.60000000000002,0.0,0.0,169.60000000000002,0.0,21.4,28.9,28.9,30.9,300.0,300.0,31.6,35.7,28.8,28.1,30.0,4.96,1.99,4.97,0.16,0.0,0.0,1027.0,8228.0,0.0,0.0,0.0,0.0,0.0,1.0,0.0,0.0,0.0,0.0,0.0,-0.9,0.0,0.4,0.0,0.0,16.0,25903.0
2026-07-30T19:03:11.090Z,360.573,360.588,0.0,7.4,0.0,0.0,0.0,0.0,0.0,0.0,0.0,0.0,1.0,0.0,0.0,0.0,9.0,4.0,0.0,0.0,0.0,0.0,0.0,0.0,0.0,0.0,4.0,12.0,1.0,12.15,5.01,2.5,1.49,0.0,0.0,0.0,361.4,0.0,-0.9,0.1,-0.1,-169.60000000000002,0.0,0.0,169.70000000000002,0.0,21.4,28.9,28.9,30.9,300.0,300.0,31.6,35.7,28.8,28.1,30.0,4.95,1.99,4.97,0.16,0.0,0.0,1027.0,8228.0,0.0,0.0,0.0,0.0,0.0,1.0,0.0,0.0,0.0,0.0,0.0,0.1,0.0,0.1,0.0,0.0,16.0,25903.0
2026-07-30T19:03:11.102Z,360.585,360.6,0.0,7.4,0.0,0.0,0.0,0.0,0.0,0.0,0.0,0.0,1.0,0.0,0.0,0.0,9.0,4.0,0.0,0.0,0.0,0.0,0.0,0.0,0.0,0.0,5.0,12.0,1.0,12.15,5.01,2.5,1.49,0.0,0.0,0.0,361.3,0.0,0.2,-0.4,-0.7000000000000001,-169.60000000000002,0.0,0.0,169.70000000000002,0.0,21.4,28.9,28.9,30.9,300.0,300.0,31.6,35.7,28.8,28.1,30.0,4.95,1.99,4.96,0.16,0.0,0.0,1027.0,8228.0,0.0,0.0,0.0,0.0,0.0,1.0,0.0,0.0,0.0,0.0,0.0,-1.0,0.0,0.5,0.0,0.0,16.0,25903.0
2026-07-30T19:03:11.114Z,360.597,360.612,0.0,7.4,0.0,0.0,0.0,0.0,0.0,0.0,0.0,0.0,1.0,0.0,0.0,0.0,9.0,4.0,0.0,0.0,0.0,0.0,0.0,0.0,0.0,0.0,6.0,12.0,1.0,12.15,5.01,2.5,1.49,0.0,0.0,0.0,361.3,0.0,0.1,-1.0,-0.7000000000000001,-169.60000000000002,0.0,0.0,169.8,0.0,21.4,28.9,28.9,30.9,300.0,300.0,31.6,35.7,28.8,28.1,30.0,4.96,1.99,4.96,0.16,0.0,0.0,1027.0,8228.0,0.0,0.0,0.0,0.0,0.0,1.0,0.0,0.0,0.0,0.0,0.0,-1.7000000000000002,0.0,0.4,0.0,0.0,16.0,25903.0
2026-07-30T19:03:11.125Z,360.608,360.624,0.0,7.4,0.0,0.0,0.0,0.0,0.0,0.0,0.0,0.0,1.0,0.0,0.0,0.0,9.0,4.0,0.0,0.0,0.0,0.0,0.0,0.0,0.0,0.0,2.0,12.0,1.0,12.15,5.01,2.5,1.49,0.0,0.0,0.0,361.3,0.0,0.1,1.2000000000000002,1.6,-169.60000000000002,0.0,0.0,169.70000000000002,0.0,21.4,28.9,28.9,30.9,300.0,300.0,31.6,35.7,28.8,28.1,30.0,4.96,1.99,4.97,0.16,0.0,0.0,1027.0,8228.0,0.0,0.0,0.0,0.0,0.0,1.0,0.0,0.0,0.0,0.0,0.0,2.6,0.0,-1.1,0.0,0.0,16.0,25903.0
2026-07-30T19:03:11.138Z,360.621,360.636,0.0,7.4,0.0,0.0,0.0,0.0,0.0,0.0,0.0,0.0,1.0,0.0,0.0,0.0,9.0,4.0,0.0,0.0,0.0,0.0,0.0,0.0,0.0,0.0,3.0,12.0,1.0,12.15,5.01,2.5,1.49,0.0,0.0,0.0,361.4,0.0,-0.4,0.6000000000000001,0.0,-169.70000000000002,0.0,0.0,169.8,0.0,21.4,28.9,28.9,30.9,300.0,300.0,31.6,35.7,28.8,28.1,30.0,4.95,1.99,4.97,0.16,0.0,0.0,1027.0,8228.0,0.0,0.0,0.0,0.0,0.0,1.0,0.0,0.0,0.0,0.0,0.0,0.6000000000000001,0.0,0.2,0.0,0.0,16.0,25903.0
2026-07-30T19:03:11.150Z,360.633,360.648,0.0,7.4,0.0,0.0,0.0,0.0,0.0,0.0,0.0,0.0,1.0,0.0,0.0,0.0,9.0,4.0,0.0,0.0,0.0,0.0,0.0,0.0,0.0,0.0,5.0,12.0,1.0,12.15,5.01,2.5,1.49,0.0,0.0,0.0,361.4,0.0,-0.3,-0.4,0.0,-169.70000000000002,0.0,0.0,169.8,0.0,21.4,28.9,28.9,30.9,300.0,300.0,31.6,35.7,28.8,28.1,30.0,4.96,1.99,4.97,0.16,0.0,0.0,1027.0,8228.0,0.0,0.0,0.0,0.0,0.0,1.0,0.0,0.0,0.0,0.0,0.0,-0.6000000000000001,0.0,0.0,0.0,0.0,16.0,25903.0
2026-07-30T19:03:11.162Z,360.645,360.66,0.0,7.4,0.0,0.0,0.0,0.0,0.0,0.0,0.0,0.0,1.0,0.0,0.0,0.0,9.0,4.0,0.0,0.0,0.0,0.0,0.0,0.0,0.0,0.0,5.0,12.0,1.0,12.15,5.0200000000000005,2.51,1.49,0.0,0.0,0.0,361.4,0.0,-0.4,-0.5,2.1,-169.70000000000002,0.0,0.0,169.8,0.0,21.700000000000003,28.9,28.9,30.9,300.0,300.0,31.700000000000003,35.800000000000004,28.8,28.1,29.9,4.96,1.99,4.97,0.16,0.0,0.0,1027.0,8228.0,0.0,0.0,0.0,0.0,0.0,1.0,0.0,0.0,0.0,0.0,0.0,1.0,0.0,-2.0,0.0,0.0,16.0,25903.0
2026-07-30T19:03:11.173Z,360.656,360.672,0.0,7.4,0.0,0.0,0.0,0.0,0.0,0.0,0.0,0.0,1.0,0.0,0.0,0.0,9.0,4.0,0.0,0.0,0.0,0.0,0.0,0.0,0.0,0.0,1.0,12.0,1.0,12.15,5.0200000000000005,2.51,1.49,0.0,0.1,0.0,361.3,0.0,-0.9,0.6000000000000001,0.4,-169.70000000000002,0.0,0.0,169.8,0.0,21.700000000000003,28.9,28.9,30.9,300.0,300.0,31.700000000000003,35.800000000000004,28.8,28.1,29.9,4.96,1.99,4.97,0.16,0.0,0.0,1027.0,8228.0,0.0,0.0,0.0,0.0,0.0,1.0,0.0,0.0,0.0,0.0,0.0,1.1,0.0,-0.2,0.0,0.0,16.0,25903.0
2026-07-30T19:03:11.186Z,360.669,360.684,0.0,7.4,0.0,0.0,0.0,0.0,0.0,0.0,0.0,0.0,1.0,0.0,0.0,0.0,9.0,4.0,0.0,0.0,0.0,0.0,0.0,0.0,0.0,0.0,3.0,12.0,1.0,12.15,5.0200000000000005,2.51,1.49,0.0,0.0,0.0,361.4,0.0,-0.3,1.2000000000000002,0.4,-169.70000000000002,0.0,0.0,169.60000000000002,0.0,21.700000000000003,28.9,28.9,30.9,300.0,300.0,31.700000000000003,35.800000000000004,28.8,28.1,29.9,4.95,2.0,4.97,0.16,0.0,0.0,1027.0,8228.0,0.0,0.0,0.0,0.0,0.0,1.0,0.0,0.0,0.0,0.0,0.0,1.7000000000000002,0.0,-0.1,0.0,0.0,16.0,25903.0
2026-07-30T19:03:11.198Z,360.681,360.696,0.0,7.4,0.0,0.0,0.0,0.0,0.0,0.0,0.0,0.0,1.0,0.0,0.0,0.0,9.0,4.0,0.0,0.0,0.0,0.0,0.0,0.0,0.0,0.0,4.0,12.0,1.0,12.15,5.0200000000000005,2.51,1.49,0.0,0.0,0.0,361.3,0.0,0.2,0.1,1.0,-169.70000000000002,0.0,0.0,169.8,0.0,21.700000000000003,28.9,28.9,30.9,300.0,300.0,31.700000000000003,35.800000000000004,28.8,28.1,29.9,4.96,2.0,4.96,0.16,0.0,0.0,1027.0,8228.0,0.0,0.0,0.0,0.0,0.0,1.0,0.0,0.0,0.0,0.0,0.0,0.8,0.0,0.0,0.0,0.0,16.0,25903.0
2026-07-30T19:03:11.210Z,360.693,360.708,0.0,7.4,0.0,0.0,0.0,0.0,0.0,0.0,0.0,0.0,1.0,0.0,0.0,0.0,9.0,4.0,0.0,0.0,0.0,0.0,0.0,0.0,0.0,0.0,5.0,12.0,1.0,12.15,5.0200000000000005,2.51,1.49,0.0,0.0,0.0,361.3,0.0,-0.3,-0.4,-0.1,-169.70000000000002,0.0,0.0,169.70000000000002,0.0,21.700000000000003,28.9,28.9,30.9,300.0,300.0,31.700000000000003,35.800000000000004,28.8,28.1,29.9,4.95,1.99,4.97,0.16,0.0,0.0,1027.0,8228.0,0.0,0.0,0.0,0.0,0.0,1.0,0.0,0.0,0.0,0.0,0.0,0.4,0.0,-0.3,0.0,0.0,16.0,25903.0
2026-07-30T19:03:11.222Z,360.705,360.72,0.0,7.4,0.0,0.0,0.0,0.0,0.0,0.0,0.0,0.0,1.0,0.0,0.0,0.0,9.0,4.0,0.0,0.0,0.0,0.0,0.0,0.0,0.0,0.0,6.0,12.0,1.0,12.15,5.0200000000000005,2.51,1.49,0.0,0.0,0.0,361.3,0.0,-0.3,-0.5,-0.7000000000000001,-169.70000000000002,0.0,0.0,169.8,0.0,21.700000000000003,28.9,28.9,30.9,300.0,300.0,31.700000000000003,35.800000000000004,28.8,28.1,29.9,4.95,1.99,4.96,0.16,0.0,0.0,1027.0,8228.0,0.0,0.0,0.0,0.0,0.0,1.0,0.0,0.0,0.0,0.0,0.0,-1.1,0.0,0.5,0.0,0.0,16.0,25903.0
2026-07-30T19:03:11.234Z,360.717,360.732,0.0,7.4,0.0,0.0,0.0,0.0,0.0,0.0,0.0,0.0,1.0,0.0,0.0,0.0,9.0,4.0,0.0,0.0,0.0,0.0,0.0,0.0,0.0,0.0,2.0,12.0,1.0,12.15,5.0200000000000005,2.51,1.49,0.0,0.0,0.0,361.4,0.0,-0.3,0.6000000000000001,-0.7000000000000001,-169.70000000000002,0.0,0.0,169.60000000000002,0.0,21.700000000000003,28.9,28.9,30.9,300.0,300.0,31.700000000000003,35.800000000000004,28.8,28.1,29.9,4.96,1.99,4.96,0.16,0.0,0.0,1027.0,8228.0,0.0,0.0,0.0,0.0,0.0,1.0,0.0,0.0,0.0,0.0,0.0,-0.1,0.0,1.2000000000000002,0.0,0.0,16.0,25903.0
2026-07-30T19:03:11.246Z,360.729,360.744,0.0,7.4,0.0,0.0,0.0,0.0,0.0,0.0,0.0,0.0,1.0,0.0,0.0,0.0,9.0,4.0,0.0,0.0,0.0,0.0,0.0,0.0,0.0,0.0,3.0,12.0,1.0,12.15,5.0200000000000005,2.51,1.49,0.0,0.0,0.0,361.4,0.0,0.2,0.1,-0.1,-169.70000000000002,0.0,0.0,169.60000000000002,0.0,21.700000000000003,28.9,28.9,30.9,300.0,300.0,31.700000000000003,35.800000000000004,28.8,28.1,29.9,4.94,1.99,4.96,0.16,0.0,0.0,1027.0,8228.0,0.0,0.0,0.0,0.0,0.0,1.0,0.0,0.0,0.0,0.0,0.0,0.0,0.0,0.1,0.0,0.0,16.0,25903.0
2026-07-30T19:03:11.258Z,360.741,360.756,0.0,7.4,0.0,0.0,0.0,0.0,0.0,0.0,0.0,0.0,1.0,0.0,0.0,0.0,9.0,4.0,0.0,0.0,0.0,0.0,0.0,0.0,0.0,0.0,4.0,12.0,1.0,12.18,5.01,2.51,1.49,0.0,0.0,0.0,361.3,0.0,0.2,-0.4,-0.1,-169.70000000000002,0.0,0.0,169.60000000000002,0.0,21.200000000000003,28.9,28.9,30.9,300.0,300.0,31.700000000000003,35.800000000000004,28.9,28.1,29.9,4.95,1.99,4.97,0.16,0.0,0.0,1027.0,8228.0,0.0,0.0,0.0,0.0,0.0,1.0,0.0,0.0,0.0,0.0,0.0,-0.7000000000000001,0.0,0.0,0.0,0.0,16.0,25903.0
2026-07-30T19:03:11.269Z,360.752,360.768,0.0,7.4,0.0,0.0,0.0,0.0,0.0,0.0,0.0,0.0,1.0,0.0,0.0,0.0,9.0,4.0,0.0,0.0,0.0,0.0,0.0,0.0,0.0,0.0,5.0,12.0,1.0,12.18,5.01,2.51,1.49,0.0,0.0,0.0,361.3,0.0,-0.3,0.0,-0.2,-169.60000000000002,0.0,0.0,169.70000000000002,0.0,21.200000000000003,28.9,28.9,30.9,300.0,300.0,31.700000000000003,35.800000000000004,28.9,28.1,29.9,4.95,1.99,4.96,0.16,0.0,0.0,1027.0,8228.0,0.0,0.0,0.0,0.0,0.0,1.0,0.0,0.0,0.0,0.0,0.0,-0.1,0.0,0.2,0.0,0.0,16.0,25903.0
2026-07-30T19:03:11.282Z,360.765,360.78,0.0,7.4,0.0,0.0,0.0,0.0,0.0,0.0,0.0,0.0,1.0,0.0,0.0,0.0,9.0,4.0,0.0,0.0,0.0,0.0,0.0,0.0,0.0,0.0,6.0,12.0,1.0,12.18,5.01,2.51,1.49,0.0,0.0,0.0,361.4,0.0,-0.9,-1.1,-1.3,-169.60000000000002,0.0,0.0,169.60000000000002,0.0,21.200000000000003,28.9,28.9,30.9,300.0,300.0,31.700000000000003,35.800000000000004,28.9,28.1,29.9,4.96,1.99,4.96,0.16,0.0,0.0,1027.0,8228.0,0.0,0.0,0.0,0.0,0.0,1.0,0.0,0.0,0.0,0.0,0.0,-2.2,0.0,0.9,0.0,0.0,16.0,25903.0
2026-07-30T19:03:11.294Z,360.777,360.792,0.0,7.4,0.0,0.0,0.0,0.0,0.0,0.0,0.0,0.0,1.0,0.0,0.0,0.0,9.0,4.0,0.0,0.0,0.0,0.0,0.0,0.0,0.0,0.0,1.0,12.0,1.0,12.18,5.01,2.51,1.49,0.0,0.0,0.0,361.4,0.0,-0.9,0.0,0.3,-169.60000000000002,0.0,0.0,169.60000000000002,0.0,21.200000000000003,28.9,28.9,30.9,300.0,300.0,31.700000000000003,35.800000000000004,28.9,28.1,29.9,4.95,1.99,4.96,0.16,0.0,0.0,1027.0,8228.0,0.0,0.0,0.0,0.0,0.0,1.0,0.0,0.0,0.0,0.0,0.0,0.3,0.0,-0.2,0.0,0.0,16.0,25903.0
2026-07-30T19:03:11.306Z,360.789,360.804,0.0,7.4,0.0,0.0,0.0,0.0,0.0,0.0,0.0,0.0,1.0,0.0,0.0,0.0,9.0,4.0,0.0,0.0,0.0,0.0,0.0,0.0,0.0,0.0,3.0,12.0,1.0,12.18,5.01,2.51,1.49,0.0,0.0,0.0,361.4,0.0,0.2,-0.5,-0.2,-169.60000000000002,0.0,0.0,169.60000000000002,0.0,21.200000000000003,28.9,28.9,30.9,300.0,300.0,31.700000000000003,35.800000000000004,28.9,28.1,29.9,4.96,1.99,4.96,0.16,0.0,0.0,1027.0,8228.0,0.0,0.0,0.0,0.0,0.0,1.0,0.0,0.0,0.0,0.0,0.0,-0.8,0.0,0.0,0.0,0.0,16.0,25903.0
2026-07-30T19:03:11.318Z,360.801,360.816,0.0,7.4,0.0,0.0,0.0,0.0,0.0,0.0,0.0,0.0,1.0,0.0,0.0,0.0,9.0,4.0,0.0,0.0,0.0,0.0,0.0,0.0,0.0,0.0,4.0,12.0,1.0,12.18,5.01,2.51,1.49,0.0,0.0,0.0,361.3,0.0,-0.9,1.7000000000000002,0.3,-169.60000000000002,0.0,0.0,169.70000000000002,0.0,21.200000000000003,28.9,28.9,30.9,300.0,300.0,31.700000000000003,35.800000000000004,28.9,28.1,29.9,4.96,2.0,4.96,0.16,0.0,0.0,1027.0,8228.0,0.0,0.0,0.0,0.0,0.0,1.0,0.0,0.0,0.0,0.0,0.0,2.2,0.0,0.0,0.0,0.0,16.0,25903.0
2026-07-30T19:03:11.330Z,360.813,360.828,0.0,7.4,0.0,0.0,0.0,0.0,0.0,0.0,0.0,0.0,1.0,0.0,0.0,0.0,9.0,4.0,0.0,0.0,0.0,0.0,0.0,0.0,0.0,0.0,5.0,12.0,1.0,12.18,5.01,2.51,1.49,0.0,0.0,0.0,361.3,0.0,-0.3,-0.5,-0.2,-169.60000000000002,0.0,0.0,169.70000000000002,0.0,21.200000000000003,28.9,28.9,30.9,300.0,300.0,31.700000000000003,35.800000000000004,28.9,28.1,29.9,4.95,1.99,4.96,0.16,0.0,0.0,1027.0,8228.0,0.0,0.0,0.0,0.0,0.0,1.0,0.0,0.0,0.0,0.0,0.0,-0.8,0.0,0.0,0.0,0.0,16.0,25903.0
2026-07-30T19:03:11.342Z,360.825,360.84,0.0,7.4,0.0,0.0,0.0,0.0,0.0,0.0,0.0,0.0,1.0,0.0,0.0,0.0,9.0,4.0,0.0,0.0,0.0,0.0,0.0,0.0,0.0,0.0,1.0,12.0,1.0,12.18,5.01,2.51,1.49,0.0,0.0,0.0,361.4,0.0,-0.3,0.0,-0.2,-169.60000000000002,0.0,0.0,169.60000000000002,0.0,21.200000000000003,28.9,28.9,30.9,300.0,300.0,31.700000000000003,35.800000000000004,28.9,28.1,29.9,4.95,1.99,4.97,0.16,0.0,0.0,1027.0,8228.0,0.0,0.0,0.0,0.0,0.0,1.0,0.0,0.0,0.0,0.0,0.0,-0.1,0.0,0.2,0.0,0.0,16.0,25903.0
2026-07-30T19:03:11.353Z,360.836,360.852,0.0,7.4,0.0,0.0,0.0,0.0,0.0,0.0,0.0,0.0,1.0,0.0,0.0,0.0,9.0,4.0,0.0,0.0,0.0,0.0,0.0,0.0,0.0,0.0,2.0,12.0,1.0,12.18,5.01,2.51,1.49,0.0,0.0,0.0,361.4,0.0,-0.3,-1.1,-0.8,-169.60000000000002,0.0,0.0,169.60000000000002,0.0,21.200000000000003,28.9,28.9,30.9,300.0,300.0,31.700000000000003,35.800000000000004,28.9,28.1,29.9,4.96,1.99,4.96,0.16,0.0,0.0,1027.0,8228.0,0.0,0.0,0.0,0.0,0.0,1.0,0.0,0.0,0.0,0.0,0.0,-1.9,0.0,0.5,0.0,0.0,16.0,25903.0
2026-07-30T19:03:11.366Z,360.849,360.864,0.0,7.4,0.0,0.0,0.0,0.0,0.0,0.0,0.0,0.0,1.0,0.0,0.0,0.0,9.0,4.0,0.0,0.0,0.0,0.0,0.0,0.0,0.0,0.0,3.0,12.0,1.0,12.19,5.01,2.51,1.49,0.0,0.1,0.0,361.3,0.0,0.2,0.0,-0.2,-169.60000000000002,0.0,0.0,169.60000000000002,0.0,21.4,28.9,28.9,30.9,300.0,300.0,31.700000000000003,35.800000000000004,28.9,28.1,29.9,4.96,1.99,4.97,0.16,0.0,0.0,1027.0,8228.0,0.0,0.0,0.0,0.0,0.0,1.0,0.0,0.0,0.0,0.0,0.0,-0.1,0.0,0.2,0.0,0.0,16.0,25903.0
2026-07-30T19:03:11.378Z,360.861,360.876,0.0,7.4,0.0,0.0,0.0,0.0,0.0,0.0,0.0,0.0,1.0,0.0,0.0,0.0,9.0,4.0,0.0,0.0,0.0,0.0,0.0,0.0,0.0,0.0,5.0,12.0,1.0,12.19,5.01,2.51,1.49,0.0,0.0,0.0,361.4,0.0,-0.3,1.2000000000000002,-0.2,-169.60000000000002,0.0,0.0,169.70000000000002,0.0,21.4,28.9,28.9,30.9,300.0,300.0,31.700000000000003,35.800000000000004,28.9,28.1,29.9,4.95,1.99,4.97,0.16,0.0,0.0,1027.0,8228.0,0.0,0.0,0.0,0.0,0.0,1.0,0.0,0.0,0.0,0.0,0.0,1.2000000000000002,0.0,0.5,0.0,0.0,16.0,25903.0
2026-07-30T19:03:11.390Z,360.873,360.888,0.0,7.4,0.0,0.0,0.0,0.0,0.0,0.0,0.0,0.0,1.0,0.0,0.0,0.0,9.0,4.0,0.0,0.0,0.0,0.0,0.0,0.0,0.0,0.0,6.0,12.0,1.0,12.19,5.01,2.51,1.49,0.0,0.0,0.0,361.4,0.0,-0.3,-1.0,-1.4,-169.60000000000002,0.0,0.0,169.70000000000002,0.0,21.4,28.9,28.9,30.9,300.0,300.0,31.700000000000003,35.800000000000004,28.9,28.1,29.9,4.96,1.99,4.97,0.16,0.0,0.0,1027.0,8228.0,0.0,0.0,0.0,0.0,0.0,1.0,0.0,0.0,0.0,0.0,0.0,-2.2,0.0,1.0,0.0,0.0,16.0,25903.0
2026-07-30T19:03:11.402Z,360.885,360.9,0.0,7.4,0.0,0.0,0.0,0.0,0.0,0.0,0.0,0.0,1.0,0.0,0.0,0.0,9.0,4.0,0.0,0.0,0.0,0.0,0.0,0.0,0.0,0.0,6.0,12.0,1.0,12.19,5.01,2.51,1.49,0.0,0.0,0.0,361.4,0.0,-0.3,-0.4,0.9,-169.60000000000002,0.0,0.0,169.60000000000002,0.0,21.4,28.9,28.9,30.9,300.0,300.0,31.700000000000003,35.800000000000004,28.9,28.1,29.9,4.96,1.99,4.97,0.16,0.0,0.0,1027.0,8228.0,0.0,0.0,0.0,0.0,0.0,1.0,0.0,0.0,0.0,0.0,0.0,0.1,0.0,-0.8,0.0,0.0,16.0,25903.0
2026-07-30T19:03:11.414Z,360.897,360.912,0.0,7.4,0.0,0.0,0.0,0.0,0.0,0.0,0.0,0.0,1.0,0.0,0.0,0.0,9.0,4.0,0.0,0.0,0.0,0.0,0.0,0.0,0.0,0.0,2.0,12.0,1.0,12.19,5.01,2.51,1.49,0.0,0.0,0.0,361.4,0.0,0.2,0.1,0.3,-169.60000000000002,0.0,0.0,169.70000000000002,0.0,21.4,28.9,28.9,30.9,300.0,300.0,31.700000000000003,35.800000000000004,28.9,28.1,29.9,4.96,1.99,4.97,0.16,0.0,0.0,1027.0,8228.0,0.0,0.0,0.0,0.0,0.0,1.0,0.0,0.0,0.0,0.0,0.0,0.3,0.0,-0.2,0.0,0.0,16.0,25903.0
2026-07-30T19:03:11.426Z,360.909,360.924,0.0,7.4,0.0,0.0,0.0,0.0,0.0,0.0,0.0,0.0,1.0,0.0,0.0,0.0,9.0,4.0,0.0,0.0,0.0,0.0,0.0,0.0,0.0,0.0,3.0,12.0,1.0,12.19,5.01,2.51,1.49,0.0,0.0,0.0,361.4,0.0,0.2,0.1,-0.1,-169.60000000000002,0.0,0.0,169.70000000000002,0.0,21.4,28.9,28.9,30.9,300.0,300.0,31.700000000000003,35.800000000000004,28.9,28.1,29.9,4.95,2.0,4.97,0.16,0.0,0.0,1027.0,8228.0,0.0,0.0,0.0,0.0,0.0,1.0,0.0,0.0,0.0,0.0,0.0,0.0,0.0,0.1,0.0,0.0,16.0,25903.0
2026-07-30T19:03:11.438Z,360.921,360.936,0.0,7.4,0.0,0.0,0.0,0.0,0.0,0.0,0.0,0.0,1.0,0.0,0.0,0.0,9.0,4.0,0.0,0.0,0.0,0.0,0.0,0.0,0.0,0.0,3.0,12.0,1.0,12.19,5.01,2.51,1.49,0.0,0.0,0.0,361.4,0.0,0.2,0.8,0.4,-169.60000000000002,0.0,0.0,169.60000000000002,0.0,21.4,28.9,28.9,30.9,300.0,300.0,31.700000000000003,35.800000000000004,28.9,28.1,29.9,4.96,2.0,4.96,0.16,0.0,0.0,1027.0,8228.0,0.0,0.0,0.0,0.0,0.0,1.0,0.0,0.0,0.0,0.0,0.0,1.2000000000000002,0.0,-0.2,0.0,0.0,16.0,25903.0
2026-07-30T19:03:11.450Z,360.933,360.948,0.0,7.4,0.0,0.0,0.0,0.0,0.0,0.0,0.0,0.0,1.0,0.0,0.0,0.0,9.0,4.0,0.0,0.0,0.0,0.0,0.0,0.0,0.0,0.0,5.0,12.0,1.0,12.19,5.01,2.51,1.49,0.0,0.0,0.0,361.4,0.0,0.8,-0.9,-0.7000000000000001,-169.60000000000002,0.0,0.0,169.70000000000002,0.0,21.4,28.9,28.9,30.9,300.0,300.0,31.700000000000003,35.800000000000004,28.9,28.1,29.9,4.95,1.99,4.97,0.16,0.0,0.0,1027.0,8228.0,0.0,0.0,0.0,0.0,0.0,1.0,0.0,0.0,0.0,0.0,0.0,-1.6,0.0,0.4,0.0,0.0,16.0,25903.0
2026-07-30T19:03:11.463Z,360.946,360.96,0.0,7.4,0.0,0.0,0.0,0.0,0.0,0.0,0.0,0.0,1.0,0.0,0.0,0.0,9.0,4.0,0.0,0.0,0.0,0.0,0.0,0.0,0.0,0.0,6.0,12.0,1.0,12.18,5.0200000000000005,2.5,1.49,0.0,0.0,0.0,361.4,0.0,-0.3,1.3,1.0,-169.60000000000002,0.0,0.0,169.70000000000002,0.0,21.200000000000003,28.9,28.9,30.9,300.0,300.0,31.700000000000003,35.800000000000004,28.9,28.0,29.9,4.95,1.99,4.97,0.16,0.0,0.0,1027.0,8228.0,0.0,0.0,0.0,0.0,0.0,1.0,0.0,0.0,0.0,0.0,0.0,2.2,0.0,-0.6000000000000001,0.0,0.0,16.0,25903.0
2026-07-30T19:03:11.474Z,360.957,360.972,0.0,7.4,0.0,0.0,0.0,0.0,0.0,0.0,0.0,0.0,1.0,0.0,0.0,0.0,9.0,4.0,0.0,0.0,0.0,0.0,0.0,0.0,0.0,0.0,1.0,12.0,1.0,12.18,5.0200000000000005,2.5,1.49,0.0,0.1,0.0,361.4,0.0,0.2,0.1,-0.2,-169.60000000000002,0.0,0.0,169.60000000000002,0.0,21.200000000000003,28.9,28.9,30.9,300.0,300.0,31.700000000000003,35.800000000000004,28.9,28.0,29.9,4.96,2.0,4.97,0.16,0.0,0.0,1027.0,8228.0,0.0,0.0,0.0,0.0,0.0,1.0,0.0,0.0,0.0,0.0,0.0,0.0,0.0,0.2,0.0,0.0,16.0,25903.0
2026-07-30T19:03:11.486Z,360.969,360.984,0.0,7.4,0.0,0.0,0.0,0.0,0.0,0.0,0.0,0.0,1.0,0.0,0.0,0.0,9.0,4.0,0.0,0.0,0.0,0.0,0.0,0.0,0.0,0.0,2.0,12.0,1.0,12.18,5.0200000000000005,2.5,1.49,0.0,0.0,0.0,361.3,0.0,0.3,0.2,-0.7000000000000001,-169.60000000000002,0.0,0.0,169.60000000000002,0.0,21.200000000000003,28.9,28.9,30.9,300.0,300.0,31.700000000000003,35.800000000000004,28.9,28.0,29.9,4.95,2.0,4.96,0.16,0.0,0.0,1027.0,8228.0,0.0,0.0,0.0,0.0,0.0,1.0,0.0,0.0,0.0,0.0,0.0,-0.3,0.0,0.7000000000000001,0.0,0.0,16.0,25903.0
2026-07-30T19:03:11.498Z,360.981,360.996,0.0,7.4,0.0,0.0,0.0,0.0,0.0,0.0,0.0,0.0,1.0,0.0,0.0,0.0,9.0,4.0,0.0,0.0,0.0,0.0,0.0,0.0,0.0,0.0,3.0,12.0,1.0,12.18,5.0200000000000005,2.5,1.49,0.0,0.0,0.0,361.4,0.0,-0.2,0.8,-0.1,-169.60000000000002,0.0,0.0,169.60000000000002,0.0,21.200000000000003,28.9,28.9,30.9,300.0,300.0,31.700000000000003,35.800000000000004,28.9,28.0,29.9,4.95,1.99,4.97,0.16,0.0,0.0,1027.0,8228.0,0.0,0.0,0.0,0.0,0.0,1.0,0.0,0.0,0.0,0.0,0.0,0.7000000000000001,0.0,0.3,0.0,0.0,16.0,25903.0
2026-07-30T19:03:11.510Z,360.993,361.008,0.0,7.4,0.0,0.0,0.0,0.0,0.0,0.0,0.0,0.0,1.0,0.0,0.0,0.0,9.0,4.0,0.0,0.0,0.0,0.0,0.0,0.0,0.0,0.0,5.0,12.0,1.0,12.18,5.0200000000000005,2.5,1.49,-0.1,0.1,0.0,361.4,0.0,0.3,0.2,-0.7000000000000001,-169.60000000000002,0.0,0.0,169.70000000000002,0.0,21.200000000000003,28.9,28.9,30.9,300.0,300.0,31.700000000000003,35.800000000000004,28.9,28.0,29.9,4.95,1.99,4.96,0.16,0.0,0.0,1027.0,8228.0,0.0,0.0,0.0,0.0,0.0,1.0,0.0,0.0,0.0,0.0,0.0,-0.3,0.0,0.7000000000000001,0.0,0.0,16.0,25903.0
2026-07-30T19:03:11.521Z,361.004,361.02,0.0,7.4,0.0,0.0,0.0,0.0,0.0,0.0,0.0,0.0,1.0,0.0,0.0,0.0,9.0,4.0,0.0,0.0,0.0,0.0,0.0,0.0,0.0,0.0,6.0,12.0,1.0,12.18,5.0200000000000005,2.5,1.49,0.0,0.0,0.0,361.3,0.0,-0.2,-0.3,0.4,-169.60000000000002,0.0,0.0,169.8,0.0,21.200000000000003,28.9,28.9,30.9,300.0,300.0,31.700000000000003,35.800000000000004,28.9,28.0,29.9,4.96,1.99,4.96,0.16,0.0,0.0,1027.0,8228.0,0.0,0.0,0.0,0.0,0.0,1.0,0.0,0.0,0.0,0.0,0.0,0.0,0.0,-0.4,0.0,0.0,16.0,25903.0
2026-07-30T19:03:11.533Z,361.016,361.032,0.0,7.4,0.0,0.0,0.0,0.0,0.0,0.0,0.0,0.0,1.0,0.0,0.0,0.0,9.0,4.0,0.0,0.0,0.0,0.0,0.0,0.0,0.0,0.0,1.0,12.0,1.0,12.18,5.0200000000000005,2.5,1.49,0.0,0.1,0.0,361.4,0.0,0.9,1.4,-0.1,-169.60000000000002,0.0,0.0,169.70000000000002,0.0,21.200000000000003,28.9,28.9,30.9,300.0,300.0,31.700000000000003,35.800000000000004,28.9,28.0,29.9,4.95,1.99,4.96,0.16,0.0,0.0,1027.0,8228.0,0.0,0.0,0.0,0.0,0.0,1.0,0.0,0.0,0.0,0.0,0.0,1.5,0.0,0.4,0.0,0.0,16.0,25903.0
2026-07-30T19:03:11.546Z,361.029,361.044,0.0,7.4,0.0,0.0,0.0,0.0,0.0,0.0,0.0,0.0,1.0,0.0,0.0,0.0,9.0,4.0,0.0,0.0,0.0,0.0,0.0,0.0,0.0,0.0,2.0,12.0,1.0,12.18,5.0200000000000005,2.5,1.49,0.0,0.0,0.0,361.3,0.0,-0.1,-0.9,0.4,-169.60000000000002,0.0,0.0,169.70000000000002,0.0,21.200000000000003,28.9,28.9,30.9,300.0,300.0,31.700000000000003,35.800000000000004,28.9,28.0,29.9,4.96,1.99,4.97,0.16,0.0,0.0,1027.0,8228.0,0.0,0.0,0.0,0.0,0.0,1.0,0.0,0.0,0.0,0.0,0.0,-0.7000000000000001,0.0,-0.5,0.0,0.0,16.0,25903.0
2026-07-30T19:03:11.557Z,361.04,361.056,0.0,7.4,0.0,0.0,0.0,0.0,0.0,0.0,0.0,0.0,1.0,0.0,0.0,0.0,9.0,4.0,0.0,0.0,0.0,0.0,0.0,0.0,0.0,0.0,4.0,12.0,1.0,12.18,5.0200000000000005,2.5,1.49,0.0,0.0,0.0,361.4,0.0,0.9,0.7000000000000001,-0.1,-169.60000000000002,0.0,0.0,169.70000000000002,0.0,21.200000000000003,28.9,28.9,30.9,300.0,300.0,31.700000000000003,35.800000000000004,28.9,28.0,29.9,4.96,1.99,4.97,0.16,0.0,0.0,1027.0,8228.0,0.0,0.0,0.0,0.0,0.0,1.0,0.0,0.0,0.0,0.0,0.0,0.7000000000000001,0.0,0.2,0.0,0.0,16.0,25903.0
2026-07-30T19:03:11.570Z,361.053,361.068,0.0,7.4,0.0,0.0,0.0,0.0,0.0,0.0,0.0,0.0,1.0,0.0,0.0,0.0,9.0,4.0,0.0,0.0,0.0,0.0,0.0,0.0,0.0,0.0,5.0,12.0,1.0,12.15,5.01,2.51,1.5,0.0,0.0,0.0,361.3,0.0,0.4,0.1,-0.1,-169.60000000000002,0.0,0.0,169.70000000000002,0.0,21.700000000000003,28.9,28.9,30.9,300.0,300.0,31.700000000000003,35.800000000000004,28.8,28.0,29.9,4.95,1.99,4.97,0.16,0.0,0.0,1027.0,8228.0,0.0,0.0,0.0,0.0,0.0,1.0,0.0,0.0,0.0,0.0,0.0,0.1,0.0,0.1,0.0,0.0,16.0,25903.0
2026-07-30T19:03:11.582Z,361.065,361.08,0.0,7.4,0.0,0.0,0.0,0.0,0.0,0.0,0.0,0.0,1.0,0.0,0.0,0.0,9.0,4.0,0.0,0.0,0.0,0.0,0.0,0.0,0.0,0.0,6.0,12.0,1.0,12.15,5.01,2.51,1.5,0.0,0.0,0.0,361.3,0.0,-0.1,0.2,0.9,-169.60000000000002,0.0,0.0,169.8,0.0,21.700000000000003,28.9,28.9,30.9,300.0,300.0,31.700000000000003,35.800000000000004,28.8,28.0,29.9,4.95,1.99,4.97,0.16,0.0,0.0,1027.0,8228.0,0.0,0.0,0.0,0.0,0.0,1.0,0.0,0.0,0.0,0.0,0.0,0.9,0.0,-0.8,0.0,0.0,16.0,25903.0
2026-07-30T19:03:11.593Z,361.076,361.092,0.0,7.4,0.0,0.0,0.0,0.0,0.0,0.0,0.0,0.0,1.0,0.0,0.0,0.0,9.0,4.0,0.0,0.0,0.0,0.0,0.0,0.0,0.0,0.0,2.0,12.0,1.0,12.15,5.01,2.51,1.5,0.0,0.0,0.0,361.4,0.0,-0.1,-0.3,0.3,-169.60000000000002,0.0,0.0,169.70000000000002,0.0,21.700000000000003,28.9,28.9,30.9,300.0,300.0,31.700000000000003,35.800000000000004,28.8,28.0,29.9,4.96,1.99,4.96,0.16,0.0,0.0,1027.0,8228.0,0.0,0.0,0.0,0.0,0.0,1.0,0.0,0.0,0.0,0.0,0.0,-0.1,0.0,-0.4,0.0,0.0,16.0,25903.0
2026-07-30T19:03:11.606Z,361.089,361.104,0.0,7.4,0.0,0.0,0.0,0.0,0.0,0.0,0.0,0.0,1.0,0.0,0.0,0.0,9.0,4.0,0.0,0.0,0.0,0.0,0.0,0.0,0.0,0.0,4.0,12.0,1.0,12.15,5.01,2.51,1.5,0.0,0.1,0.0,361.3,0.0,-0.7000000000000001,0.1,-0.7000000000000001,-169.60000000000002,0.0,0.0,169.8,0.0,21.700000000000003,28.9,28.9,30.9,300.0,300.0,31.700000000000003,35.800000000000004,28.8,28.0,29.9,4.96,1.99,4.97,0.16,0.0,0.0,1027.0,8228.0,0.0,0.0,0.0,0.0,0.0,1.0,0.0,0.0,0.0,0.0,0.0,-0.3,0.0,0.6000000000000001,0.0,0.0,16.0,25903.0
2026-07-30T19:03:11.618Z,361.101,361.116,0.0,7.4,0.0,0.0,0.0,0.0,0.0,0.0,0.0,0.0,1.0,0.0,0.0,0.0,9.0,4.0,0.0,0.0,0.0,0.0,0.0,0.0,0.0,0.0,5.0,12.0,1.0,12.15,5.01,2.51,1.5,0.0,0.1,0.0,361.4,0.0,-0.2,1.3,-0.1,-169.60000000000002,0.0,0.0,169.70000000000002,0.0,21.700000000000003,28.9,28.9,30.9,300.0,300.0,31.700000000000003,35.800000000000004,28.8,28.0,29.9,4.95,1.99,4.97,0.16,0.0,0.0,1027.0,8228.0,0.0,0.0,0.0,0.0,0.0,1.0,0.0,0.0,0.0,0.0,0.0,1.4,0.0,0.4,0.0,0.0,16.0,25903.0
2026-07-30T19:03:11.629Z,361.112,361.128,0.0,7.4,0.0,0.0,0.0,0.0,0.0,0.0,0.0,0.0,1.0,0.0,0.0,0.0,9.0,4.0,0.0,0.0,0.0,0.0,0.0,0.0,0.0,0.0,1.0,12.0,1.0,12.15,5.01,2.51,1.5,0.0,0.0,0.0,361.4,0.0,-0.2,0.1,-0.7000000000000001,-169.60000000000002,0.0,0.0,169.70000000000002,0.0,21.700000000000003,28.9,28.9,30.9,300.0,300.0,31.700000000000003,35.800000000000004,28.8,28.0,29.9,4.96,1.99,4.96,0.16,0.0,0.0,1027.0,8228.0,0.0,0.0,0.0,0.0,0.0,1.0,0.0,0.0,0.0,0.0,0.0,-0.3,0.0,0.7000000000000001,0.0,0.0,16.0,25903.0
2026-07-30T19:03:11.642Z,361.125,361.14,0.0,7.4,0.0,0.0,0.0,0.0,0.0,0.0,0.0,0.0,1.0,0.0,0.0,0.0,9.0,4.0,0.0,0.0,0.0,0.0,0.0,0.0,0.0,0.0,2.0,12.0,1.0,12.15,5.01,2.51,1.5,0.0,0.0,0.0,361.4,0.0,-0.8,0.1,-0.7000000000000001,-169.60000000000002,0.0,0.0,169.60000000000002,0.0,21.700000000000003,28.9,28.9,30.9,300.0,300.0,31.700000000000003,35.800000000000004,28.8,28.0,29.9,4.95,2.0,4.97,0.16,0.0,0.0,1027.0,8228.0,0.0,0.0,0.0,0.0,0.0,1.0,0.0,0.0,0.0,0.0,0.0,-0.3,0.0,0.6000000000000001,0.0,0.0,16.0,25903.0
2026-07-30T19:03:11.654Z,361.137,361.152,0.0,7.4,0.0,0.0,0.0,0.0,0.0,0.0,0.0,0.0,1.0,0.0,0.0,0.0,9.0,4.0,0.0,0.0,0.0,0.0,0.0,0.0,0.0,0.0,4.0,12.0,1.0,12.15,5.01,2.51,1.5,0.0,0.0,0.0,361.4,0.0,0.3,0.7000000000000001,-0.7000000000000001,-169.60000000000002,0.0,0.0,169.8,0.0,21.700000000000003,28.9,28.9,30.9,300.0,300.0,31.700000000000003,35.800000000000004,28.8,28.0,29.9,4.95,1.99,4.97,0.16,0.0,0.0,1027.0,8228.0,0.0,0.0,0.0,0.0,0.0,1.0,0.0,0.0,0.0,0.0,0.0,0.2,0.0,0.8,0.0,0.0,16.0,25903.0
2026-07-30T19:03:11.666Z,361.149,361.164,0.0,7.4,0.0,0.0,0.0,0.0,0.0,0.0,0.0,0.0,1.0,0.0,0.0,0.0,9.0,4.0,0.0,0.0,0.0,0.0,0.0,0.0,0.0,0.0,5.0,12.0,1.0,12.17,5.0200000000000005,2.51,1.5,0.0,0.0,0.0,361.3,0.0,-0.8,0.7000000000000001,-0.1,-169.60000000000002,0.0,0.0,169.8,0.0,21.700000000000003,28.9,28.9,30.9,300.0,300.0,31.6,35.800000000000004,28.9,28.0,29.9,4.95,1.99,4.97,0.16,0.0,0.0,1027.0,8228.0,0.0,0.0,0.0,0.0,0.0,1.0,0.0,0.0,0.0,0.0,0.0,0.6000000000000001,0.0,0.3,0.0,0.0,16.0,25903.0
2026-07-30T19:03:11.677Z,361.16,361.176,0.0,7.4,0.0,0.0,0.0,0.0,0.0,0.0,0.0,0.0,1.0,0.0,0.0,0.0,9.0,4.0,0.0,0.0,0.0,0.0,0.0,0.0,0.0,0.0,6.0,12.0,1.0,12.17,5.0200000000000005,2.51,1.5,0.0,0.0,0.0,361.3,0.0,-0.8,-0.9,-0.1,-169.60000000000002,0.0,0.0,169.60000000000002,0.0,21.700000000000003,28.9,28.9,30.9,300.0,300.0,31.6,35.800000000000004,28.9,28.0,29.9,4.96,1.99,4.96,0.16,0.0,0.0,1027.0,8228.0,0.0,0.0,0.0,0.0,0.0,1.0,0.0,0.0,0.0,0.0,0.0,-1.2000000000000002,0.0,0.0,0.0,0.0,16.0,25903.0
2026-07-30T19:03:11.690Z,361.173,361.188,0.0,7.4,0.0,0.0,0.0,0.0,0.0,0.0,0.0,0.0,1.0,0.0,0.0,0.0,9.0,4.0,0.0,0.0,0.0,0.0,0.0,0.0,0.0,0.0,1.0,12.0,1.0,12.17,5.0200000000000005,2.51,1.5,0.0,0.0,0.0,361.4,0.0,0.3,-0.4,-0.2,-169.60000000000002,0.0,0.0,169.60000000000002,0.0,21.700000000000003,28.9,28.9,30.9,300.0,300.0,31.6,35.800000000000004,28.9,28.0,29.9,4.96,1.99,4.97,0.16,0.0,0.0,1027.0,8228.0,0.0,0.0,0.0,0.0,0.0,1.0,0.0,0.0,0.0,0.0,0.0,-0.6000000000000001,0.0,0.0,0.0,0.0,16.0,25903.0
2026-07-30T19:03:11.702Z,361.185,361.2,0.0,7.4,0.0,0.0,0.0,0.0,0.0,0.0,0.0,0.0,1.0,0.0,0.0,0.0,9.0,4.0,0.0,0.0,0.0,0.0,0.0,0.0,0.0,0.0,2.0,12.0,1.0,12.17,5.0200000000000005,2.51,1.5,0.0,0.0,0.0,361.4,0.0,-0.3,0.7000000000000001,0.4,-169.60000000000002,0.0,0.0,169.70000000000002,0.0,21.700000000000003,28.9,28.9,30.9,300.0,300.0,31.6,35.800000000000004,28.9,28.0,29.9,4.96,2.0,4.97,0.16,0.0,0.0,1027.0,8228.0,0.0,0.0,0.0,0.0,0.0,1.0,0.0,0.0,0.0,0.0,0.0,1.1,0.0,-0.2,0.0,0.0,16.0,25903.0
2026-07-30T19:03:11.714Z,361.197,361.212,0.0,7.4,0.0,0.0,0.0,0.0,0.0,0.0,0.0,0.0,1.0,0.0,0.0,0.0,9.0,4.0,0.0,0.0,0.0,0.0,0.0,0.0,0.0,0.0,4.0,12.0,1.0,12.17,5.0200000000000005,2.51,1.5,0.0,0.1,0.0,361.3,0.0,-0.3,0.1,-1.9,-169.60000000000002,0.0,0.0,169.60000000000002,0.0,21.700000000000003,28.9,28.9,30.9,300.0,300.0,31.6,35.800000000000004,28.9,28.0,29.9,4.96,1.99,4.97,0.16,0.0,0.0,1027.0,8228.0,0.0,0.0,0.0,0.0,0.0,1.0,0.0,0.0,0.0,0.0,0.0,1.5,0.0,-0.6000000000000001,0.0,0.0,16.0,25903.0
2026-07-30T19:03:11.726Z,361.209,361.224,0.0,7.4,0.0,0.0,0.0,0.0,0.0,0.0,0.0,0.0,1.0,0.0,0.0,0.0,9.0,4.0,0.0,0.0,0.0,0.0,0.0,0.0,0.0,0.0,5.0,12.0,1.0,12.17,5.0200000000000005,2.51,1.5,0.0,0.0,0.0,361.3,0.0,0.2,-1.0,-0.2,-169.60000000000002,0.0,0.0,169.60000000000002,0.0,21.700000000000003,28.9,28.9,30.9,300.0,300.0,31.6,35.800000000000004,28.9,28.0,29.9,4.95,1.99,4.96,0.16,0.0,0.0,1027.0,8228.0,0.0,0.0,0.0,0.0,0.0,1.0,0.0,0.0,0.0,0.0,0.0,-1.0,0.0,0.6000000000000001,0.0,0.0,16.0,25903.0
2026-07-30T19:03:11.737Z,361.22,361.236,0.0,7.4,0.0,0.0,0.0,0.0,0.0,0.0,0.0,0.0,1.0,0.0,0.0,0.0,9.0,4.0,0.0,0.0,0.0,0.0,0.0,0.0,0.0,0.0,6.0,12.0,1.0,12.17,5.0200000000000005,2.51,1.5,0.0,0.1,0.0,361.4,0.0,1.4,1.3,0.9,-169.60000000000002,0.0,0.0,169.60000000000002,0.0,21.700000000000003,28.9,28.9,30.9,300.0,300.0,31.6,35.800000000000004,28.9,28.0,29.9,4.96,1.99,4.96,0.16,0.0,0.0,1027.0,8228.0,0.0,0.0,0.0,0.0,0.0,1.0,0.0,0.0,0.0,0.0,0.0,-1.3,0.0,0.0,0.0,0.0,16.0,25903.0
2026-07-30T19:03:11.750Z,361.233,361.248,0.0,7.4,0.0,0.0,0.0,0.0,0.0,0.0,0.0,0.0,1.0,0.0,0.0,0.0,9.0,4.0,0.0,0.0,0.0,0.0,0.0,0.0,0.0,0.0,1.0,12.0,1.0,12.17,5.0200000000000005,2.51,1.5,0.0,0.0,0.0,361.3,0.0,0.2,0.1,0.9,-169.60000000000002,0.0,0.0,169.70000000000002,0.0,21.700000000000003,28.9,28.9,30.9,300.0,300.0,31.6,35.800000000000004,28.9,28.0,29.9,4.96,1.99,4.96,0.16,0.0,0.0,1027.0,8228.0,0.0,0.0,0.0,0.0,0.0,1.0,0.0,0.0,0.0,0.0,0.0,-0.6000000000000001,0.0,0.1,0.0,0.0,16.0,25903.0
2026-07-30T19:03:11.762Z,361.245,361.26,0.0,7.4,0.0,0.0,0.0,0.0,0.0,0.0,0.0,0.0,1.0,0.0,0.0,0.0,9.0,4.0,0.0,0.0,0.0,0.0,0.0,0.0,0.0,0.0,2.0,12.0,1.0,12.17,5.0200000000000005,2.51,1.5,0.0,0.0,0.0,361.3,0.0,-0.2,0.0,0.3,-169.60000000000002,0.0,0.0,169.70000000000002,0.0,21.700000000000003,28.9,28.9,30.9,300.0,300.0,31.6,35.800000000000004,28.9,28.0,29.9,4.96,1.99,4.96,0.16,0.0,0.0,1027.0,8228.0,0.0,0.0,0.0,0.0,0.0,1.0,0.0,0.0,0.0,0.0,0.0,0.3,0.0,-0.2,0.0,0.0,16.0,25903.0
2026-07-30T19:03:11.774Z,361.257,361.272,0.0,7.4,0.0,0.0,0.0,0.0,0.0,0.0,0.0,0.0,1.0,0.0,0.0,0.0,9.0,4.0,0.0,0.0,0.0,0.0,0.0,0.0,0.0,0.0,4.0,12.0,1.0,12.2,5.0200000000000005,2.51,1.49,0.0,0.0,0.0,361.4,0.0,0.2,-0.5,-0.2,-169.60000000000002,0.0,0.0,169.70000000000002,0.0,21.3,28.9,28.9,30.9,300.0,300.0,31.700000000000003,35.800000000000004,28.9,28.1,30.0,4.95,1.99,4.97,0.16,0.0,0.0,1027.0,8228.0,0.0,0.0,0.0,0.0,0.0,1.0,0.0,0.0,0.0,0.0,0.0,-0.8,0.0,0.1,0.0,0.0,16.0,25903.0
2026-07-30T19:03:11.786Z,361.269,361.284,0.0,7.4,0.0,0.0,0.0,0.0,0.0,0.0,0.0,0.0,1.0,0.0,0.0,0.0,9.0,4.0,0.0,0.0,0.0,0.0,0.0,0.0,0.0,0.0,5.0,12.0,1.0,12.2,5.0200000000000005,2.51,1.49,0.0,0.0,0.0,361.3,0.0,0.2,-0.5,-0.2,-169.60000000000002,0.0,0.0,169.70000000000002,0.0,21.3,28.9,28.9,30.9,300.0,300.0,31.700000000000003,35.800000000000004,28.9,28.1,30.0,4.96,1.99,4.96,0.16,0.0,0.0,1027.0,8228.0,0.0,0.0,0.0,0.0,0.0,1.0,0.0,0.0,0.0,0.0,0.0,-0.8,0.0,0.1,0.0,0.0,16.0,25903.0
2026-07-30T19:03:11.798Z,361.281,361.296,0.0,7.4,0.0,0.0,0.0,0.0,0.0,0.0,0.0,0.0,1.0,0.0,0.0,0.0,9.0,4.0,0.0,0.0,0.0,0.0,0.0,0.0,0.0,0.0,6.0,12.0,1.0,12.2,5.0200000000000005,2.51,1.49,0.0,0.0,0.0,361.3,0.0,-0.8,-1.1,0.3,-169.60000000000002,0.0,0.0,169.70000000000002,0.0,21.3,28.9,28.9,30.9,300.0,300.0,31.700000000000003,35.800000000000004,28.9,28.1,30.0,4.96,2.0,4.96,0.16,0.0,0.0,1027.0,8228.0,0.0,0.0,0.0,0.0,0.0,1.0,0.0,0.0,0.0,0.0,0.0,-1.0,0.0,-0.5,0.0,0.0,16.0,25903.0
2026-07-30T19:03:11.810Z,361.293,361.308,0.0,7.4,0.0,0.0,0.0,0.0,0.0,0.0,0.0,0.0,1.0,0.0,0.0,0.0,9.0,4.0,0.0,0.0,0.0,0.0,0.0,0.0,0.0,0.0,1.0,12.0,1.0,12.2,5.0200000000000005,2.51,1.49,0.0,0.0,0.0,361.4,0.0,-0.8,1.2000000000000002,0.9,-169.60000000000002,0.0,0.0,169.70000000000002,0.0,21.3,28.9,28.9,30.9,300.0,300.0,31.700000000000003,35.800000000000004,28.9,28.1,30.0,4.95,2.0,4.96,0.16,0.0,0.0,1027.0,8228.0,0.0,0.0,0.0,0.0,0.0,1.0,0.0,0.0,0.0,0.0,0.0,2.0,0.0,-0.5,0.0,0.0,16.0,25903.0
2026-07-30T19:03:11.822Z,361.305,361.32,0.0,7.4,0.0,0.0,0.0,0.0,0.0,0.0,0.0,0.0,1.0,0.0,0.0,0.0,9.0,4.0,0.0,0.0,0.0,0.0,0.0,0.0,0.0,0.0,2.0,12.0,1.0,12.2,5.0200000000000005,2.51,1.49,0.0,0.0,0.0,361.4,0.0,0.3,-1.1,1.0,-169.60000000000002,0.0,0.0,169.70000000000002,0.0,21.3,28.9,28.9,30.9,300.0,300.0,31.700000000000003,35.800000000000004,28.9,28.1,30.0,4.95,2.0,4.97,0.16,0.0,0.0,1027.0,8228.0,0.0,0.0,0.0,0.0,0.0,1.0,0.0,0.0,0.0,0.0,0.0,-0.5,0.0,-1.1,0.0,0.0,16.0,25903.0
2026-07-30T19:03:11.834Z,361.317,361.332,0.0,7.4,0.0,0.0,0.0,0.0,0.0,0.0,0.0,0.0,1.0,0.0,0.0,0.0,9.0,4.0,0.0,0.0,0.0,0.0,0.0,0.0,0.0,0.0,4.0,12.0,1.0,12.2,5.0200000000000005,2.51,1.49,0.0,0.0,0.0,361.3,0.0,-0.2,-0.5,1.0,-169.60000000000002,0.0,0.0,169.70000000000002,0.0,21.3,28.9,28.9,30.9,300.0,300.0,31.700000000000003,35.800000000000004,28.9,28.1,30.0,4.96,1.99,4.96,0.16,0.0,0.0,1027.0,8228.0,0.0,0.0,0.0,0.0,0.0,1.0,0.0,0.0,0.0,0.0,0.0,0.1,0.0,-0.9,0.0,0.0,16.0,25903.0
2026-07-30T19:03:11.846Z,361.329,361.344,0.0,7.4,0.0,0.0,0.0,0.0,0.0,0.0,0.0,0.0,1.0,0.0,0.0,0.0,9.0,4.0,0.0,0.0,0.0,0.0,0.0,0.0,0.0,0.0,5.0,12.0,1.0,12.2,5.0200000000000005,2.51,1.49,0.0,0.0,0.0,361.4,0.0,-0.8,0.0,-0.2,-169.60000000000002,0.0,0.0,169.70000000000002,0.0,21.3,28.9,28.9,30.9,300.0,300.0,31.700000000000003,35.800000000000004,28.9,28.1,30.0,4.96,1.99,4.97,0.16,0.0,0.0,1027.0,8228.0,0.0,0.0,0.0,0.0,0.0,1.0,0.0,0.0,0.0,0.0,0.0,-0.1,0.0,0.1,0.0,0.0,16.0,25903.0
2026-07-30T19:03:11.858Z,361.341,361.356,0.0,7.4,0.0,0.0,0.0,0.0,0.0,0.0,0.0,0.0,1.0,0.0,0.0,0.0,9.0,4.0,0.0,0.0,0.0,0.0,0.0,0.0,0.0,0.0,6.0,12.0,1.0,12.2,5.0200000000000005,2.51,1.49,0.0,0.0,0.0,361.5,0.0,0.8,0.5,-0.1,-169.60000000000002,0.0,0.0,169.70000000000002,0.0,21.3,28.9,28.9,30.9,300.0,300.0,31.700000000000003,35.800000000000004,28.9,28.1,30.0,4.96,1.99,4.97,0.16,0.0,0.0,1027.0,8228.0,0.0,0.0,0.0,0.0,0.0,1.0,0.0,0.0,0.0,0.0,0.0,0.5,0.0,0.2,0.0,0.0,16.0,25903.0
2026-07-30T19:03:11.870Z,361.353,361.368,0.0,7.4,0.0,0.0,0.0,0.0,0.0,0.0,0.0,0.0,1.0,0.0,0.0,0.0,9.0,4.0,0.0,0.0,0.0,0.0,0.0,0.0,0.0,0.0,2.0,12.0,1.0,12.19,5.01,2.5,1.49,0.0,0.0,0.0,361.3,0.0,1.4,0.6000000000000001,2.1,-169.60000000000002,0.0,0.0,169.8,0.0,21.4,28.9,28.9,30.9,300.0,300.0,31.700000000000003,35.800000000000004,28.9,28.1,30.0,4.96,1.99,4.96,0.16,0.0,0.0,1027.0,8228.0,0.0,0.0,0.0,0.0,0.0,1.0,0.0,0.0,0.0,0.0,0.0,2.3000000000000003,0.0,-1.7000000000000002,0.0,0.0,16.0,25903.0
2026-07-30T19:03:11.882Z,361.365,361.38,0.0,7.4,0.0,0.0,0.0,0.0,0.0,0.0,0.0,0.0,1.0,0.0,0.0,0.0,9.0,4.0,0.0,0.0,0.0,0.0,0.0,0.0,0.0,0.0,3.0,12.0,1.0,12.19,5.01,2.5,1.49,0.0,0.0,0.0,361.4,0.0,0.2,-0.5,-0.7000000000000001,-169.60000000000002,0.0,0.0,169.8,0.0,21.4,28.9,28.9,30.9,300.0,300.0,31.700000000000003,35.800000000000004,28.9,28.1,30.0,4.95,1.99,4.97,0.16,0.0,0.0,1027.0,8228.0,0.0,0.0,0.0,0.0,0.0,1.0,0.0,0.0,0.0,0.0,0.0,-1.2000000000000002,0.0,0.5,0.0,0.0,16.0,25903.0
2026-07-30T19:03:11.894Z,361.377,361.392,0.0,7.4,0.0,0.0,0.0,0.0,0.0,0.0,0.0,0.0,1.0,0.0,0.0,0.0,9.0,4.0,0.0,0.0,0.0,0.0,0.0,0.0,0.0,0.0,5.0,12.0,1.0,12.19,5.01,2.5,1.49,0.0,0.0,0.0,361.4,0.0,-0.8,-0.5,-0.1,-169.60000000000002,0.0,0.0,169.70000000000002,0.0,21.4,28.9,28.9,30.9,300.0,300.0,31.700000000000003,35.800000000000004,28.9,28.1,30.0,4.95,1.99,4.97,0.16,0.0,0.0,1027.0,8228.0,0.0,0.0,0.0,0.0,0.0,1.0,0.0,0.0,0.0,0.0,0.0,-0.7000000000000001,0.0,0.0,0.0,0.0,16.0,25903.0
2026-07-30T19:03:11.905Z,361.388,361.404,0.0,7.4,0.0,0.0,0.0,0.0,0.0,0.0,0.0,0.0,1.0,0.0,0.0,0.0,9.0,4.0,0.0,0.0,0.0,0.0,0.0,0.0,0.0,0.0,6.0,12.0,1.0,12.19,5.01,2.5,1.49,0.0,0.0,0.0,361.3,0.0,-0.3,-0.5,0.9,-169.60000000000002,0.0,0.0,169.70000000000002,0.0,21.4,28.9,28.9,30.9,300.0,300.0,31.700000000000003,35.800000000000004,28.9,28.1,30.0,4.96,1.99,4.97,0.16,0.0,0.0,1027.0,8228.0,0.0,0.0,0.0,0.0,0.0,1.0,0.0,0.0,0.0,0.0,0.0,0.1,0.0,-0.9,0.0,0.0,16.0,25903.0
2026-07-30T19:03:11.918Z,361.401,361.416,0.0,7.4,0.0,0.0,0.0,0.0,0.0,0.0,0.0,0.0,1.0,0.0,0.0,0.0,9.0,4.0,0.0,0.0,0.0,0.0,0.0,0.0,0.0,0.0,1.0,12.0,1.0,12.19,5.01,2.5,1.49,0.0,0.0,0.0,361.4,0.0,0.2,-0.5,-0.1,-169.60000000000002,0.0,0.0,169.60000000000002,0.0,21.4,28.9,28.9,30.9,300.0,300.0,31.700000000000003,35.800000000000004,28.9,28.1,30.0,4.96,1.99,4.96,0.17,0.0,0.0,1027.0,8228.0,0.0,0.0,0.0,0.0,0.0,1.0,0.0,0.0,0.0,0.0,0.0,-0.7000000000000001,0.0,0.0,0.0,0.0,16.0,25903.0
2026-07-30T19:03:11.929Z,361.412,361.428,0.0,7.4,0.0,0.0,0.0,0.0,0.0,0.0,0.0,0.0,1.0,0.0,0.0,0.0,9.0,4.0,0.0,0.0,0.0,0.0,0.0,0.0,0.0,0.0,3.0,12.0,1.0,12.19,5.01,2.5,1.49,0.0,0.0,0.0,361.4,0.0,0.3,-0.4,-0.2,-169.60000000000002,0.0,0.0,169.70000000000002,0.0,21.4,28.9,28.9,30.9,300.0,300.0,31.700000000000003,35.800000000000004,28.9,28.1,30.0,4.95,1.99,4.97,0.17,0.0,0.0,1027.0,8228.0,0.0,0.0,0.0,0.0,0.0,1.0,0.0,0.0,0.0,0.0,0.0,-0.7000000000000001,0.0,0.0,0.0,0.0,16.0,25903.0
2026-07-30T19:03:11.941Z,361.424,361.44,0.0,7.4,0.0,0.0,0.0,0.0,0.0,0.0,0.0,0.0,1.0,0.0,0.0,0.0,9.0,4.0,0.0,0.0,0.0,0.0,0.0,0.0,0.0,0.0,4.0,12.0,1.0,12.19,5.01,2.5,1.49,0.0,0.0,0.0,361.4,0.0,0.3,0.0,-0.2,-169.60000000000002,0.0,0.0,169.70000000000002,0.0,21.4,28.9,28.9,30.9,300.0,300.0,31.700000000000003,35.800000000000004,28.9,28.1,30.0,4.95,2.0,4.96,0.16,0.0,0.0,1027.0,8228.0,0.0,0.0,0.0,0.0,0.0,1.0,0.0,0.0,0.0,0.0,0.0,0.0,0.0,0.2,0.0,0.0,16.0,25903.0
2026-07-30T19:03:11.954Z,361.437,361.452,0.0,7.4,0.0,0.0,0.0,0.0,0.0,0.0,0.0,0.0,1.0,0.0,0.0,0.0,9.0,4.0,0.0,0.0,0.0,0.0,0.0,0.0,0.0,0.0,5.0,12.0,1.0,12.19,5.01,2.5,1.49,0.0,0.0,0.0,361.4,0.0,-0.2,0.1,0.9,-169.60000000000002,0.0,0.0,169.70000000000002,0.0,21.4,28.9,28.9,30.9,300.0,300.0,31.700000000000003,35.800000000000004,28.9,28.1,30.0,4.96,1.99,4.96,0.16,0.0,0.0,1027.0,8228.0,0.0,0.0,0.0,0.0,0.0,1.0,0.0,0.0,0.0,0.0,0.0,0.8,0.0,-0.8,0.0,0.0,16.0,25903.0
2026-07-30T19:03:11.966Z,361.449,361.464,0.0,7.4,0.0,0.0,0.0,0.0,0.0,0.0,0.0,0.0,1.0,0.0,0.0,0.0,9.0,4.0,0.0,0.0,0.0,0.0,0.0,0.0,0.0,0.0,6.0,12.0,1.0,12.19,5.01,2.5,1.49,0.0,0.0,0.0,361.5,0.0,0.3,-1.0,-1.3,-169.60000000000002,0.0,0.0,169.60000000000002,0.0,21.4,28.9,28.9,30.9,300.0,300.0,31.700000000000003,35.800000000000004,28.9,28.1,30.0,4.95,1.99,4.96,0.16,0.0,0.0,1027.0,8228.0,0.0,0.0,0.0,0.0,0.0,1.0,0.0,0.0,0.0,0.0,0.0,-2.2,0.0,0.9,0.0,0.0,16.0,25903.0
2026-07-30T19:03:11.978Z,361.461,361.476,0.0,7.4,0.0,0.0,0.0,0.0,0.0,0.0,0.0,0.0,1.0,0.0,0.0,0.0,9.0,4.0,0.0,0.0,0.0,0.0,0.0,0.0,0.0,0.0,2.0,12.0,1.0,12.17,5.0200000000000005,2.51,1.49,0.0,0.0,0.0,361.4,0.0,-0.2,-1.1,-1.3,-169.60000000000002,0.0,0.0,169.60000000000002,0.0,21.3,28.9,28.9,30.9,300.0,300.0,31.700000000000003,35.9,28.9,28.1,29.9,4.95,1.99,4.97,0.16,0.0,0.0,1027.0,8228.0,0.0,0.0,0.0,0.0,0.0,1.0,0.0,0.0,0.0,0.0,0.0,-2.2,0.0,0.9,0.0,0.0,16.0,25903.0
2026-07-30T19:03:11.990Z,361.473,361.488,0.0,7.4,0.0,0.0,0.0,0.0,0.0,0.0,0.0,0.0,1.0,0.0,0.0,0.0,9.0,4.0,0.0,0.0,0.0,0.0,0.0,0.0,0.0,0.0,3.0,12.0,1.0,12.17,5.0200000000000005,2.51,1.49,0.0,0.0,0.0,361.4,0.0,0.3,0.0,-0.2,-169.60000000000002,0.0,0.0,169.60000000000002,0.0,21.3,28.9,28.9,30.9,300.0,300.0,31.700000000000003,35.9,28.9,28.1,29.9,4.95,1.99,4.96,0.16,0.0,0.0,1027.0,8228.0,0.0,0.0,0.0,0.0,0.0,1.0,0.0,0.0,0.0,0.0,0.0,0.0,0.0,0.2,0.0,0.0,16.0,25903.0
2026-07-30T19:03:12.002Z,361.485,361.5,0.0,7.4,0.0,0.0,0.0,0.0,0.0,0.0,0.0,0.0,1.0,0.0,0.0,0.0,9.0,4.0,0.0,0.0,0.0,0.0,0.0,0.0,0.0,0.0,5.0,12.0,1.0,12.17,5.0200000000000005,2.51,1.49,0.0,0.0,0.0,361.3,0.0,0.8,0.1,-0.7000000000000001,-169.60000000000002,0.0,0.0,169.70000000000002,0.0,21.3,28.9,28.9,30.9,300.0,300.0,31.700000000000003,35.9,28.9,28.1,29.9,4.96,1.99,4.96,0.16,0.0,0.0,1027.0,8228.0,0.0,0.0,0.0,0.0,0.0,1.0,0.0,0.0,0.0,0.0,0.0,-0.4,0.0,0.7000000000000001,0.0,0.0,16.0,25903.0
2026-07-30T19:03:12.014Z,361.497,361.512,0.0,7.4,0.0,0.0,0.0,0.0,0.0,0.0,0.0,0.0,1.0,0.0,0.0,0.0,9.0,4.0,0.0,0.0,0.0,0.0,0.0,0.0,0.0,0.0,6.0,12.0,1.0,12.17,5.0200000000000005,2.51,1.49,0.0,0.0,0.0,361.4,0.0,0.3,-0.4,-0.1,-169.60000000000002,0.0,0.0,169.70000000000002,0.0,21.3,28.9,28.9,30.9,300.0,300.0,31.700000000000003,35.9,28.9,28.1,29.9,4.95,1.99,4.97,0.16,0.0,0.0,1027.0,8228.0,0.0,0.0,0.0,0.0,0.0,1.0,0.0,0.0,0.0,0.0,0.0,-0.5,0.0,0.0,0.0,0.0,16.0,25903.0
2026-07-30T19:03:12.025Z,361.508,361.524,0.0,7.4,0.0,0.0,0.0,0.0,0.0,0.0,0.0,0.0,1.0,0.0,0.0,0.0,9.0,4.0,0.0,0.0,0.0,0.0,0.0,0.0,0.0,0.0,2.0,12.0,1.0,12.17,5.0200000000000005,2.51,1.49,0.0,0.0,0.0,361.4,0.0,0.8,-0.3,1.0,-169.60000000000002,0.0,0.0,169.70000000000002,0.0,21.3,28.9,28.9,30.9,300.0,300.0,31.700000000000003,35.9,28.9,28.1,29.9,4.96,1.99,4.96,0.16,0.0,0.0,1027.0,8228.0,0.0,0.0,0.0,0.0,0.0,1.0,0.0,0.0,0.0,0.0,0.0,0.3,0.0,-0.9,0.0,0.0,16.0,25903.0
2026-07-30T19:03:12.037Z,361.52,361.536,0.0,7.4,0.0,0.0,0.0,0.0,0.0,0.0,0.0,0.0,1.0,0.0,0.0,0.0,9.0,4.0,0.0,0.0,0.0,0.0,0.0,0.0,0.0,0.0,3.0,12.0,1.0,12.17,5.0200000000000005,2.51,1.49,0.0,0.0,0.0,361.3,0.0,0.2,0.8,0.4,-169.60000000000002,0.0,0.0,169.70000000000002,0.0,21.3,28.9,28.9,30.9,300.0,300.0,31.700000000000003,35.9,28.9,28.1,29.9,4.96,1.99,4.97,0.16,0.0,0.0,1027.0,8228.0,0.0,0.0,0.0,0.0,0.0,1.0,0.0,0.0,0.0,0.0,0.0,1.2000000000000002,0.0,-0.2,0.0,0.0,16.0,25903.0
2026-07-30T19:03:12.049Z,361.532,361.548,0.0,7.4,0.0,0.0,0.0,0.0,0.0,0.0,0.0,0.0,1.0,0.0,0.0,0.0,9.0,4.0,0.0,0.0,0.0,0.0,0.0,0.0,0.0,0.0,4.0,12.0,1.0,12.17,5.0200000000000005,2.51,1.49,0.0,0.0,0.0,361.4,0.0,-0.2,0.8,-0.1,-169.60000000000002,0.0,0.0,169.8,0.0,21.3,28.9,28.9,30.9,300.0,300.0,31.700000000000003,35.9,28.9,28.1,29.9,4.95,1.99,4.97,0.16,0.0,0.0,1027.0,8228.0,0.0,0.0,0.0,0.0,0.0,1.0,0.0,0.0,0.0,0.0,0.0,0.8,0.0,0.3,0.0,0.0,16.0,25903.0
2026-07-30T19:03:12.062Z,361.545,361.56,0.0,7.4,0.0,0.0,0.0,0.0,0.0,0.0,0.0,0.0,1.0,0.0,0.0,0.0,9.0,4.0,0.0,0.0,0.0,0.0,0.0,0.0,0.0,0.0,6.0,12.0,1.0,12.17,5.0200000000000005,2.51,1.49,0.0,0.0,0.0,361.4,0.0,-0.2,0.2,-0.7000000000000001,-169.60000000000002,0.0,0.0,169.60000000000002,0.0,21.3,28.9,28.9,30.9,300.0,300.0,31.700000000000003,35.9,28.9,28.1,29.9,4.95,1.99,4.97,0.16,0.0,0.0,1027.0,8228.0,0.0,0.0,0.0,0.0,0.0,1.0,0.0,0.0,0.0,0.0,0.0,-0.2,0.0,0.7000000000000001,0.0,0.0,16.0,25903.0
2026-07-30T19:03:12.075Z,361.558,361.572,0.0,7.4,0.0,0.0,0.0,0.0,0.0,0.0,0.0,0.0,1.0,0.0,0.0,0.0,9.0,4.0,0.0,0.0,0.0,0.0,0.0,0.0,0.0,0.0,1.0,12.0,1.0,12.17,5.01,2.51,1.46,0.0,0.0,0.0,361.4,0.0,0.3,-0.3,1.0,-169.60000000000002,0.0,0.0,169.70000000000002,0.0,21.700000000000003,28.9,28.9,30.9,300.0,300.0,31.700000000000003,35.800000000000004,28.8,28.1,29.9,4.95,1.99,4.96,0.16,0.0,0.0,1027.0,8228.0,0.0,0.0,0.0,0.0,0.0,1.0,0.0,0.0,0.0,0.0,0.0,0.4,0.0,-1.0,0.0,0.0,16.0,25903.0
2026-07-30T19:03:12.086Z,361.569,361.584,0.0,7.4,0.0,0.0,0.0,0.0,0.0,0.0,0.0,0.0,1.0,0.0,0.0,0.0,9.0,4.0,0.0,0.0,0.0,0.0,0.0,0.0,0.0,0.0,2.0,12.0,1.0,12.17,5.01,2.51,1.46,0.0,0.1,0.0,361.3,0.0,0.9,0.1,-1.2000000000000002,-169.60000000000002,0.0,0.0,169.70000000000002,0.0,21.700000000000003,28.9,28.9,30.9,300.0,300.0,31.700000000000003,35.800000000000004,28.8,28.1,29.9,4.95,1.99,4.97,0.16,0.0,0.0,1027.0,8228.0,0.0,0.0,0.0,0.0,0.0,1.0,0.0,0.0,0.0,0.0,0.0,-0.7000000000000001,0.0,1.1,0.0,0.0,16.0,25903.0
2026-07-30T19:03:12.098Z,361.581,361.596,0.0,7.4,0.0,0.0,0.0,0.0,0.0,0.0,0.0,0.0,1.0,0.0,0.0,0.0,9.0,4.0,0.0,0.0,0.0,0.0,0.0,0.0,0.0,0.0,3.0,12.0,1.0,12.17,5.01,2.51,1.46,0.0,0.0,0.0,361.4,0.0,0.3,0.1,-0.1,-169.60000000000002,0.0,0.0,169.60000000000002,0.0,21.700000000000003,28.9,28.9,30.9,300.0,300.0,31.700000000000003,35.800000000000004,28.8,28.1,29.9,4.95,1.99,4.97,0.16,0.0,0.0,1027.0,8228.0,0.0,0.0,0.0,0.0,0.0,1.0,0.0,0.0,0.0,0.0,0.0,0.1,0.0,0.1,0.0,0.0,16.0,25903.0
2026-07-30T19:03:12.110Z,361.593,361.608,0.0,7.4,0.0,0.0,0.0,0.0,0.0,0.0,0.0,0.0,1.0,0.0,0.0,0.0,9.0,4.0,0.0,0.0,0.0,0.0,0.0,0.0,0.0,0.0,5.0,12.0,1.0,12.17,5.01,2.51,1.46,0.0,0.0,0.0,361.3,0.0,-0.2,0.8,1.0,-169.60000000000002,0.0,0.0,169.60000000000002,0.0,21.700000000000003,28.9,28.9,30.9,300.0,300.0,31.700000000000003,35.800000000000004,28.8,28.1,29.9,4.96,1.99,4.96,0.16,0.0,0.0,1027.0,8228.0,0.0,0.0,0.0,0.0,0.0,1.0,0.0,0.0,0.0,0.0,0.0,1.6,0.0,-0.7000000000000001,0.0,0.0,16.0,25903.0
2026-07-30T19:03:12.122Z,361.605,361.62,0.0,7.4,0.0,0.0,0.0,0.0,0.0,0.0,0.0,0.0,1.0,0.0,0.0,0.0,9.0,4.0,0.0,0.0,0.0,0.0,0.0,0.0,0.0,0.0,6.0,12.0,1.0,12.17,5.01,2.51,1.46,0.0,0.0,0.0,361.4,0.0,0.3,0.2,0.5,-169.60000000000002,0.0,0.0,169.60000000000002,0.0,21.700000000000003,28.9,28.9,30.9,300.0,300.0,31.700000000000003,35.800000000000004,28.8,28.1,29.9,4.95,2.0,4.96,0.16,0.0,0.0,1027.0,8228.0,0.0,0.0,0.0,0.0,0.0,1.0,0.0,0.0,0.0,0.0,0.0,0.6000000000000001,0.0,-0.3,0.0,0.0,16.0,25903.0
2026-07-30T19:03:12.134Z,361.617,361.632,0.0,7.4,0.0,0.0,0.0,0.0,0.0,0.0,0.0,0.0,1.0,0.0,0.0,0.0,9.0,4.0,0.0,0.0,0.0,0.0,0.0,0.0,0.0,0.0,1.0,12.0,1.0,12.17,5.01,2.51,1.46,0.0,0.0,0.0,361.4,0.0,0.3,-0.4,0.0,-169.60000000000002,0.0,0.0,169.60000000000002,0.0,21.700000000000003,28.9,28.9,30.9,300.0,300.0,31.700000000000003,35.800000000000004,28.8,28.1,29.9,4.95,1.99,4.97,0.16,0.0,0.0,1027.0,8228.0,0.0,0.0,0.0,0.0,0.0,1.0,0.0,0.0,0.0,0.0,0.0,-0.5,0.0,0.0,0.0,0.0,16.0,25903.0
2026-07-30T19:03:12.146Z,361.629,361.644,0.0,7.4,0.0,0.0,0.0,0.0,0.0,0.0,0.0,0.0,1.0,0.0,0.0,0.0,9.0,4.0,0.0,0.0,0.0,0.0,0.0,0.0,0.0,0.0,2.0,12.0,1.0,12.17,5.01,2.51,1.46,0.0,0.0,0.0,361.4,0.0,0.3,0.7000000000000001,-0.6000000000000001,-169.60000000000002,0.0,0.0,169.70000000000002,0.0,21.700000000000003,28.9,28.9,30.9,300.0,300.0,31.700000000000003,35.800000000000004,28.8,28.1,29.9,4.95,1.99,4.97,0.16,0.0,0.0,1027.0,8228.0,0.0,0.0,0.0,0.0,0.0,1.0,0.0,0.0,0.0,0.0,0.0,0.3,0.0,0.7000000000000001,0.0,0.0,16.0,25903.0
2026-07-30T19:03:12.158Z,361.641,361.656,0.0,7.4,0.0,0.0,0.0,0.0,0.0,0.0,0.0,0.0,1.0,0.0,0.0,0.0,9.0,4.0,0.0,0.0,0.0,0.0,0.0,0.0,0.0,0.0,4.0,12.0,1.0,12.17,5.01,2.51,1.46,0.0,0.0,0.0,361.3,0.0,-1.3,0.2,-1.2000000000000002,-169.60000000000002,0.0,0.0,169.70000000000002,0.0,21.700000000000003,28.9,28.9,30.9,300.0,300.0,31.700000000000003,35.800000000000004,28.8,28.1,29.9,4.96,1.99,4.96,0.16,0.0,0.0,1027.0,8228.0,0.0,0.0,0.0,0.0,0.0,1.0,0.0,0.0,0.0,0.0,0.0,-0.6000000000000001,0.0,1.1,0.0,0.0,16.0,25903.0
2026-07-30T19:03:12.170Z,361.653,361.668,0.0,7.4,0.0,0.0,0.0,0.0,0.0,0.0,0.0,0.0,1.0,0.0,0.0,0.0,9.0,4.0,0.0,0.0,0.0,0.0,0.0,0.0,0.0,0.0,5.0,12.0,1.0,12.17,5.01,2.51,1.46,0.0,0.0,0.0,361.3,0.0,0.3,-0.4,0.0,-169.60000000000002,0.0,0.0,169.60000000000002,0.0,21.700000000000003,28.9,28.9,30.9,300.0,300.0,31.700000000000003,35.800000000000004,28.8,28.1,29.9,4.95,1.99,4.97,0.16,0.0,0.0,1027.0,8228.0,0.0,0.0,0.0,0.0,0.0,1.0,0.0,0.0,0.0,0.0,0.0,-0.5,0.0,0.0,0.0,0.0,16.0,25903.0
2026-07-30T19:03:12.181Z,361.664,361.68,0.0,7.4,0.0,0.0,0.0,0.0,0.0,0.0,0.0,0.0,1.0,0.0,0.0,0.0,9.0,4.0,0.0,0.0,0.0,0.0,0.0,0.0,0.0,0.0,1.0,12.0,1.0,12.17,5.0200000000000005,2.51,1.5,0.0,0.0,0.0,361.5,0.0,-0.2,0.7000000000000001,1.0,-169.60000000000002,0.0,0.0,169.60000000000002,0.0,21.200000000000003,28.9,28.9,30.9,300.0,300.0,31.700000000000003,35.800000000000004,28.8,28.0,29.9,4.95,1.99,4.96,0.16,0.0,0.0,1027.0,8228.0,0.0,0.0,0.0,0.0,0.0,1.0,0.0,0.0,0.0,0.0,0.0,1.6,0.0,-0.7000000000000001,0.0,0.0,16.0,25903.0
2026-07-30T19:03:12.193Z,361.676,361.692,0.0,7.4,0.0,0.0,0.0,0.0,0.0,0.0,0.0,0.0,1.0,0.0,0.0,0.0,9.0,4.0,0.0,0.0,0.0,0.0,0.0,0.0,0.0,0.0,2.0,12.0,1.0,12.17,5.0200000000000005,2.51,1.5,0.0,0.0,0.0,361.4,0.0,-0.2,0.2,-0.1,-169.60000000000002,0.0,0.0,169.60000000000002,0.0,21.200000000000003,28.9,28.9,30.9,300.0,300.0,31.700000000000003,35.800000000000004,28.8,28.0,29.9,4.96,2.0,4.96,0.16,0.0,0.0,1027.0,8228.0,0.0,0.0,0.0,0.0,0.0,1.0,0.0,0.0,0.0,0.0,0.0,0.1,0.0,0.1,0.0,0.0,16.0,25903.0
2026-07-30T19:03:12.206Z,361.689,361.704,0.0,7.4,0.0,0.0,0.0,0.0,0.0,0.0,0.0,0.0,1.0,0.0,0.0,0.0,9.0,4.0,0.0,0.0,0.0,0.0,0.0,0.0,0.0,0.0,3.0,12.0,1.0,12.17,5.0200000000000005,2.51,1.5,0.0,0.0,0.0,361.4,0.0,0.3,-0.9,-1.2000000000000002,-169.60000000000002,0.0,0.0,169.70000000000002,0.0,21.200000000000003,28.9,28.9,30.9,300.0,300.0,31.700000000000003,35.800000000000004,28.8,28.0,29.9,4.95,2.0,4.96,0.16,0.0,0.0,1027.0,8228.0,0.0,0.0,0.0,0.0,0.0,1.0,0.0,0.0,0.0,0.0,0.0,-2.0,0.0,0.9,0.0,0.0,16.0,25903.0
2026-07-30T19:03:12.218Z,361.701,361.716,0.0,7.4,0.0,0.0,0.0,0.0,0.0,0.0,0.0,0.0,1.0,0.0,0.0,0.0,9.0,4.0,0.0,0.0,0.0,0.0,0.0,0.0,0.0,0.0,4.0,12.0,1.0,12.17,5.0200000000000005,2.51,1.5,0.0,0.0,0.0,361.3,0.0,0.9,-1.5,0.0,-169.60000000000002,0.0,0.0,169.60000000000002,0.0,21.200000000000003,28.9,28.9,30.9,300.0,300.0,31.700000000000003,35.800000000000004,28.8,28.0,29.9,4.95,1.99,4.97,0.16,0.0,0.0,1027.0,8228.0,0.0,0.0,0.0,0.0,0.0,1.0,0.0,0.0,0.0,0.0,0.0,-1.8,0.0,-0.2,0.0,0.0,16.0,25903.0
2026-07-30T19:03:12.230Z,361.713,361.728,0.0,7.4,0.0,0.0,0.0,0.0,0.0,0.0,0.0,0.0,1.0,0.0,0.0,0.0,9.0,4.0,0.0,0.0,0.0,0.0,0.0,0.0,0.0,0.0,5.0,12.0,1.0,12.17,5.0200000000000005,2.51,1.5,0.0,0.0,0.0,361.3,0.0,-0.2,1.3,0.0,-169.60000000000002,0.0,0.0,169.8,0.0,21.200000000000003,28.9,28.9,30.9,300.0,300.0,31.700000000000003,35.800000000000004,28.8,28.0,29.9,4.95,1.99,4.96,0.16,0.0,0.0,1027.0,8228.0,0.0,0.0,0.0,0.0,0.0,1.0,0.0,0.0,0.0,0.0,0.0,1.4,0.0,0.3,0.0,0.0,16.0,25903.0
2026-07-30T19:03:12.242Z,361.725,361.74,0.0,7.4,0.0,0.0,0.0,0.0,0.0,0.0,0.0,0.0,1.0,0.0,0.0,0.0,9.0,4.0,0.0,0.0,0.0,0.0,0.0,0.0,0.0,0.0,6.0,12.0,1.0,12.17,5.0200000000000005,2.51,1.5,0.0,0.0,0.0,361.3,0.0,-0.2,0.1,1.1,-169.60000000000002,0.0,0.0,169.60000000000002,0.0,21.200000000000003,28.9,28.9,30.9,300.0,300.0,31.700000000000003,35.800000000000004,28.8,28.0,29.9,4.96,2.0,4.96,0.16,0.0,0.0,1027.0,8228.0,0.0,0.0,0.0,0.0,0.0,1.0,0.0,0.0,0.0,0.0,0.0,0.1,0.0,0.0,0.0,0.0,16.0,25903.0
2026-07-30T19:03:12.254Z,361.737,361.752,0.0,7.4,0.0,0.0,0.0,0.0,0.0,0.0,0.0,0.0,1.0,0.0,0.0,0.0,9.0,4.0,0.0,0.0,0.0,0.0,0.0,0.0,0.0,0.0,2.0,12.0,1.0,12.17,5.0200000000000005,2.51,1.5,0.0,0.0,0.0,361.4,0.0,-0.2,-0.3,0.0,-169.60000000000002,0.0,0.0,169.70000000000002,0.0,21.200000000000003,28.9,28.9,30.9,300.0,300.0,31.700000000000003,35.800000000000004,28.8,28.0,29.9,4.95,2.0,4.97,0.16,0.0,0.0,1027.0,8228.0,0.0,0.0,0.0,0.0,0.0,1.0,0.0,0.0,0.0,0.0,0.0,1.2000000000000002,0.0,-2.0,0.0,0.0,16.0,25903.0
2026-07-30T19:03:12.265Z,361.748,361.764,0.0,7.4,0.0,0.0,0.0,0.0,0.0,0.0,0.0,0.0,1.0,0.0,0.0,0.0,9.0,4.0,0.0,0.0,0.0,0.0,0.0,0.0,0.0,0.0,3.0,12.0,1.0,12.17,5.0200000000000005,2.51,1.5,0.0,0.0,0.0,361.3,0.0,0.3,-1.0,-1.2000000000000002,-169.60000000000002,0.0,0.0,169.70000000000002,0.0,21.200000000000003,28.9,28.9,30.9,300.0,300.0,31.700000000000003,35.800000000000004,28.8,28.0,29.9,4.96,1.99,4.96,0.16,0.0,0.0,1027.0,8228.0,0.0,0.0,0.0,0.0,0.0,1.0,0.0,0.0,0.0,0.0,0.0,-1.1,0.0,-0.1,0.0,0.0,16.0,25903.0
2026-07-30T19:03:12.279Z,361.762,361.776,0.0,7.4,0.0,0.0,0.0,0.0,0.0,0.0,0.0,0.0,1.0,0.0,0.0,0.0,9.0,4.0,0.0,0.0,0.0,0.0,0.0,0.0,0.0,0.0,4.0,12.0,1.0,12.17,5.01,2.51,1.49,0.0,0.0,0.0,361.4,0.0,0.3,-0.4,-0.6000000000000001,-169.60000000000002,0.0,0.0,169.70000000000002,0.0,21.9,28.9,28.9,30.9,300.0,300.0,31.6,35.9,28.8,28.0,29.9,4.96,2.0,4.96,0.16,0.0,0.0,1027.0,8228.0,0.0,0.0,0.0,0.0,0.0,1.0,0.0,0.0,0.0,0.0,0.0,-0.9,0.0,0.4,0.0,0.0,16.0,25903.0
2026-07-30T19:03:12.290Z,361.773,361.788,0.0,7.4,0.0,0.0,0.0,0.0,0.0,0.0,0.0,0.0,1.0,0.0,0.0,0.0,9.0,4.0,0.0,0.0,0.0,0.0,0.0,0.0,0.0,0.0,6.0,12.0,1.0,12.17,5.01,2.51,1.49,0.0,0.0,0.0,361.4,0.0,0.9,0.7000000000000001,1.1,-169.60000000000002,0.0,0.0,169.70000000000002,0.0,21.9,28.9,28.9,30.9,300.0,300.0,31.6,35.9,28.8,28.0,29.9,4.95,1.99,4.96,0.16,0.0,0.0,1027.0,8228.0,0.0,0.0,0.0,0.0,0.0,1.0,0.0,0.0,0.0,0.0,0.0,1.6,0.0,-0.8,0.0,0.0,16.0,25903.0
2026-07-30T19:03:12.302Z,361.785,361.8,0.0,7.4,0.0,0.0,0.0,0.0,0.0,0.0,0.0,0.0,1.0,0.0,0.0,0.0,9.0,4.0,0.0,0.0,0.0,0.0,0.0,0.0,0.0,0.0,1.0,12.0,1.0,12.17,5.01,2.51,1.49,0.0,0.1,0.0,361.3,0.0,0.3,1.3,1.6,-169.60000000000002,0.0,0.0,169.70000000000002,0.0,21.9,28.9,28.9,30.9,300.0,300.0,31.6,35.9,28.8,28.0,29.9,4.95,1.99,4.97,0.16,0.0,0.0,1027.0,8228.0,0.0,0.0,0.0,0.0,0.0,1.0,0.0,0.0,0.0,0.0,0.0,2.7,0.0,-1.2000000000000002,0.0,0.0,16.0,25903.0
2026-07-30T19:03:12.314Z,361.797,361.812,0.0,7.4,0.0,0.0,0.0,0.0,0.0,0.0,0.0,0.0,1.0,0.0,0.0,0.0,9.0,4.0,0.0,0.0,0.0,0.0,0.0,0.0,0.0,0.0,3.0,12.0,1.0,12.17,5.01,2.51,1.49,0.0,0.0,0.0,361.3,0.0,-0.2,-0.4,0.4,-169.60000000000002,0.0,0.0,169.60000000000002,0.0,21.9,28.9,28.9,30.9,300.0,300.0,31.6,35.9,28.8,28.0,29.9,4.96,2.0,4.96,0.16,0.0,0.0,1027.0,8228.0,0.0,0.0,0.0,0.0,0.0,1.0,0.0,0.0,0.0,0.0,0.0,-0.1,0.0,-0.5,0.0,0.0,16.0,25903.0
2026-07-30T19:03:12.326Z,361.809,361.824,0.0,7.4,0.0,0.0,0.0,0.0,0.0,0.0,0.0,0.0,1.0,0.0,0.0,0.0,9.0,4.0,0.0,0.0,0.0,0.0,0.0,0.0,0.0,0.0,3.0,12.0,1.0,12.17,5.01,2.51,1.49,0.0,0.0,0.0,361.3,0.0,-0.2,0.7000000000000001,1.0,-169.60000000000002,0.0,0.0,169.8,0.0,21.9,28.9,28.9,30.9,300.0,300.0,31.6,35.9,28.8,28.0,29.9,4.96,1.99,4.97,0.16,0.0,0.0,1027.0,8228.0,0.0,0.0,0.0,0.0,0.0,1.0,0.0,0.0,0.0,0.0,0.0,1.5,0.0,-0.7000000000000001,0.0,0.0,16.0,25903.0
2026-07-30T19:03:12.338Z,361.821,361.836,0.0,7.4,0.0,0.0,0.0,0.0,0.0,0.0,0.0,0.0,1.0,0.0,0.0,0.0,9.0,4.0,0.0,0.0,0.0,0.0,0.0,0.0,0.0,0.0,4.0,12.0,1.0,12.17,5.01,2.51,1.49,0.0,0.1,0.0,361.3,0.0,-0.2,0.7000000000000001,-0.1,-169.60000000000002,0.0,0.0,169.70000000000002,0.0,21.9,28.9,28.9,30.9,300.0,300.0,31.6,35.9,28.8,28.0,29.9,4.95,1.99,4.97,0.16,0.0,0.0,1027.0,8228.0,0.0,0.0,0.0,0.0,0.0,1.0,0.0,0.0,0.0,0.0,0.0,0.7000000000000001,0.0,0.2,0.0,0.0,16.0,25903.0
2026-07-30T19:03:12.350Z,361.833,361.848,0.0,7.4,0.0,0.0,0.0,0.0,0.0,0.0,0.0,0.0,1.0,0.0,0.0,0.0,9.0,4.0,0.0,0.0,0.0,0.0,0.0,0.0,0.0,0.0,5.0,12.0,1.0,12.17,5.01,2.51,1.49,0.0,0.0,0.0,361.4,0.0,0.9,1.3,0.9,-169.60000000000002,0.0,0.0,169.70000000000002,0.0,21.9,28.9,28.9,30.9,300.0,300.0,31.6,35.9,28.8,28.0,29.9,4.96,1.99,4.97,0.16,0.0,0.0,1027.0,8228.0,0.0,0.0,0.0,0.0,0.0,1.0,0.0,0.0,0.0,0.0,0.0,2.2,0.0,-0.5,0.0,0.0,16.0,25903.0
2026-07-30T19:03:12.361Z,361.844,361.86,0.0,7.4,0.0,0.0,0.0,0.0,0.0,0.0,0.0,0.0,1.0,0.0,0.0,0.0,9.0,4.0,0.0,0.0,0.0,0.0,0.0,0.0,0.0,0.0,1.0,12.0,1.0,12.17,5.01,2.51,1.49,0.0,0.0,0.0,361.4,0.0,-0.8,-0.4,0.9,-169.60000000000002,0.0,0.0,169.8,0.0,21.9,28.9,28.9,30.9,300.0,300.0,31.6,35.9,28.8,28.0,29.9,4.95,2.0,4.96,0.16,0.0,0.0,1027.0,8228.0,0.0,0.0,0.0,0.0,0.0,1.0,0.0,0.0,0.0,0.0,0.0,0.2,0.0,-0.9,0.0,0.0,16.0,25903.0
2026-07-30T19:03:12.374Z,361.857,361.872,0.0,7.4,0.0,0.0,0.0,0.0,0.0,0.0,0.0,0.0,1.0,0.0,0.0,0.0,9.0,4.0,0.0,0.0,0.0,0.0,0.0,0.0,0.0,0.0,2.0,12.0,1.0,12.17,5.01,2.51,1.49,0.0,0.0,0.0,361.4,0.0,0.9,0.7000000000000001,0.3,-169.60000000000002,0.0,0.0,169.70000000000002,0.0,21.9,28.9,28.9,30.9,300.0,300.0,31.6,35.9,28.8,28.0,29.9,4.95,1.99,4.97,0.16,0.0,0.0,1027.0,8228.0,0.0,0.0,0.0,0.0,0.0,1.0,0.0,0.0,0.0,0.0,0.0,1.0,0.0,-0.2,0.0,0.0,16.0,25903.0
2026-07-30T19:03:12.385Z,361.868,361.884,0.0,7.4,0.0,0.0,0.0,0.0,0.0,0.0,0.0,0.0,1.0,0.0,0.0,0.0,9.0,4.0,0.0,0.0,0.0,0.0,0.0,0.0,0.0,0.0,4.0,12.0,1.0,12.18,5.01,2.51,1.49,0.0,0.0,0.0,361.3,0.0,0.9,0.7000000000000001,1.5,-169.60000000000002,0.0,0.0,169.70000000000002,0.0,21.3,28.9,28.9,30.9,300.0,300.0,31.6,35.9,28.8,28.0,29.9,4.95,1.99,4.97,0.16,0.0,0.0,1027.0,8228.0,0.0,0.0,0.0,0.0,0.0,1.0,0.0,0.0,0.0,0.0,0.0,1.9,0.0,-1.2000000000000002,0.0,0.0,16.0,25903.0
2026-07-30T19:03:12.398Z,361.881,361.896,0.0,7.4,0.0,0.0,0.0,0.0,0.0,0.0,0.0,0.0,1.0,0.0,0.0,0.0,9.0,4.0,0.0,0.0,0.0,0.0,0.0,0.0,0.0,0.0,5.0,12.0,1.0,12.18,5.01,2.51,1.49,0.0,0.0,0.0,361.3,0.0,0.9,0.7000000000000001,1.5,-169.60000000000002,0.0,0.0,169.70000000000002,0.0,21.3,28.9,28.9,30.9,300.0,300.0,31.6,35.9,28.8,28.0,29.9,4.96,1.99,4.96,0.16,0.0,0.0,1027.0,8228.0,0.0,0.0,0.0,0.0,0.0,1.0,0.0,0.0,0.0,0.0,0.0,1.9,0.0,-1.2000000000000002,0.0,0.0,16.0,25903.0
2026-07-30T19:03:12.410Z,361.893,361.908,0.0,7.4,0.0,0.0,0.0,0.0,0.0,0.0,0.0,0.0,1.0,0.0,0.0,0.0,9.0,4.0,0.0,0.0,0.0,0.0,0.0,0.0,0.0,0.0,1.0,12.0,1.0,12.18,5.01,2.51,1.49,0.0,0.0,0.0,361.4,0.0,0.3,0.1,-0.1,-169.60000000000002,0.0,0.0,169.8,0.0,21.3,28.9,28.9,30.9,300.0,300.0,31.6,35.9,28.8,28.0,29.9,4.95,1.99,4.97,0.16,0.0,0.0,1027.0,8228.0,0.0,0.0,0.0,0.0,0.0,1.0,0.0,0.0,0.0,0.0,0.0,0.0,0.0,0.1,0.0,0.0,16.0,25903.0
2026-07-30T19:03:12.421Z,361.904,361.92,0.0,7.4,0.0,0.0,0.0,0.0,0.0,0.0,0.0,0.0,1.0,0.0,0.0,0.0,9.0,4.0,0.0,0.0,0.0,0.0,0.0,0.0,0.0,0.0,2.0,12.0,1.0,12.18,5.01,2.51,1.49,0.0,0.0,0.0,361.4,0.0,0.3,1.8,0.9,-169.70000000000002,0.0,0.0,169.8,0.0,21.3,28.9,28.9,30.9,300.0,300.0,31.6,35.9,28.8,28.0,29.9,4.95,1.99,4.97,0.16,0.0,0.0,1027.0,8228.0,0.0,0.0,0.0,0.0,0.0,1.0,0.0,0.0,0.0,0.0,0.0,2.8000000000000003,0.0,-0.4,0.0,0.0,16.0,25903.0
2026-07-30T19:03:12.434Z,361.917,361.932,0.0,7.4,0.0,0.0,0.0,0.0,0.0,0.0,0.0,0.0,1.0,0.0,0.0,0.0,9.0,4.0,0.0,0.0,0.0,0.0,0.0,0.0,0.0,0.0,3.0,12.0,1.0,12.18,5.01,2.51,1.49,0.0,0.0,0.0,361.3,0.0,-0.2,0.7000000000000001,-0.1,-169.70000000000002,0.0,0.0,169.70000000000002,0.0,21.3,28.9,28.9,30.9,300.0,300.0,31.6,35.9,28.8,28.0,29.9,4.96,2.0,4.97,0.16,0.0,0.0,1027.0,8228.0,0.0,0.0,0.0,0.0,0.0,1.0,0.0,0.0,0.0,0.0,0.0,0.7000000000000001,0.0,0.2,0.0,0.0,16.0,25903.0
2026-07-30T19:03:12.446Z,361.929,361.944,0.0,7.4,0.0,0.0,0.0,0.0,0.0,0.0,0.0,0.0,1.0,0.0,0.0,0.0,9.0,4.0,0.0,0.0,0.0,0.0,0.0,0.0,0.0,0.0,4.0,12.0,1.0,12.18,5.01,2.51,1.49,0.0,0.0,0.0,361.3,0.0,-0.2,0.7000000000000001,0.4,-169.70000000000002,0.0,0.0,169.70000000000002,0.0,21.3,28.9,28.9,30.9,300.0,300.0,31.6,35.9,28.8,28.0,29.9,4.95,2.0,4.96,0.16,0.0,0.0,1027.0,8228.0,0.0,0.0,0.0,0.0,0.0,1.0,0.0,0.0,0.0,0.0,0.0,1.1,0.0,-0.2,0.0,0.0,16.0,25903.0
2026-07-30T19:03:12.458Z,361.941,361.956,0.0,7.4,0.0,0.0,0.0,0.0,0.0,0.0,0.0,0.0,1.0,0.0,0.0,0.0,9.0,4.0,0.0,0.0,0.0,0.0,0.0,0.0,0.0,0.0,6.0,12.0,1.0,12.18,5.01,2.51,1.49,0.0,0.0,0.0,361.4,0.0,0.9,-0.4,0.9,-169.70000000000002,0.0,0.0,169.8,0.0,21.3,28.9,28.9,30.9,300.0,300.0,31.6,35.9,28.8,28.0,29.9,4.96,1.99,4.97,0.16,0.0,0.0,1027.0,8228.0,0.0,0.0,0.0,0.0,0.0,1.0,0.0,0.0,0.0,0.0,0.0,0.2,0.0,-0.9,0.0,0.0,16.0,25903.0
2026-07-30T19:03:12.470Z,361.953,361.968,0.0,7.4,0.0,0.0,0.0,0.0,0.0,0.0,0.0,0.0,1.0,0.0,0.0,0.0,9.0,4.0,0.0,0.0,0.0,0.0,0.0,0.0,0.0,0.0,1.0,12.0,1.0,12.18,5.01,2.51,1.49,0.0,0.0,0.0,361.4,0.0,-0.2,0.1,0.9,-169.70000000000002,0.0,0.0,169.70000000000002,0.0,21.3,28.9,28.9,30.9,300.0,300.0,31.6,35.9,28.8,28.0,29.9,4.96,1.99,4.96,0.16,0.0,0.0,1027.0,8228.0,0.0,0.0,0.0,0.0,0.0,1.0,0.0,0.0,0.0,0.0,0.0,0.8,0.0,-0.8,0.0,0.0,16.0,25903.0
2026-07-30T19:03:12.483Z,361.966,361.98,0.0,7.4,0.0,0.0,0.0,0.0,0.0,0.0,0.0,0.0,1.0,0.0,0.0,0.0,9.0,4.0,0.0,0.0,0.0,0.0,0.0,0.0,0.0,0.0,2.0,12.0,1.0,12.14,5.01,2.5,1.49,0.0,0.0,0.0,361.4,0.0,0.3,1.3,0.3,-169.70000000000002,0.0,0.0,169.60000000000002,0.0,21.700000000000003,28.9,28.9,30.9,300.0,300.0,31.700000000000003,35.800000000000004,28.9,28.0,29.9,4.96,1.99,4.96,0.16,0.0,0.0,1027.0,8228.0,0.0,0.0,0.0,0.0,0.0,1.0,0.0,0.0,0.0,0.0,0.0,1.7000000000000002,0.0,0.0,0.0,0.0,16.0,25903.0
2026-07-30T19:03:12.494Z,361.977,361.992,0.0,7.4,0.0,0.0,0.0,0.0,0.0,0.0,0.0,0.0,1.0,0.0,0.0,0.0,9.0,4.0,0.0,0.0,0.0,0.0,0.0,0.0,0.0,0.0,3.0,12.0,1.0,12.14,5.01,2.5,1.49,0.0,0.0,0.0,361.3,0.0,-0.2,0.7000000000000001,-0.2,-169.70000000000002,0.0,0.0,169.60000000000002,0.0,21.700000000000003,28.9,28.9,30.9,300.0,300.0,31.700000000000003,35.800000000000004,28.9,28.0,29.9,4.96,1.99,4.96,0.16,0.0,0.0,1027.0,8228.0,0.0,0.0,0.0,0.0,0.0,1.0,0.0,0.0,0.0,0.0,0.0,0.6000000000000001,0.0,0.3,0.0,0.0,16.0,25903.0
2026-07-30T19:03:12.506Z,361.989,362.004,0.0,7.4,0.0,0.0,0.0,0.0,0.0,0.0,0.0,0.0,1.0,0.0,0.0,0.0,9.0,4.0,0.0,0.0,0.0,0.0,0.0,0.0,0.0,0.0,4.0,12.0,1.0,12.14,5.01,2.5,1.49,0.0,0.0,0.0,361.4,0.0,-0.8,-0.4,-0.2,-169.70000000000002,0.0,0.0,169.60000000000002,0.0,21.700000000000003,28.9,28.9,30.9,300.0,300.0,31.700000000000003,35.800000000000004,28.9,28.0,29.9,4.96,1.99,4.97,0.16,0.0,0.0,1027.0,8228.0,0.0,0.0,0.0,0.0,0.0,1.0,0.0,0.0,0.0,0.0,0.0,-0.6000000000000001,0.0,0.0,0.0,0.0,16.0,25903.0
2026-07-30T19:03:12.518Z,362.001,362.016,0.0,7.4,0.0,0.0,0.0,0.0,0.0,0.0,0.0,0.0,1.0,0.0,0.0,0.0,9.0,4.0,0.0,0.0,0.0,0.0,0.0,0.0,0.0,0.0,5.0,12.0,1.0,12.14,5.01,2.5,1.49,0.0,0.0,0.0,361.4,0.0,0.9,0.6000000000000001,0.3,-169.70000000000002,0.0,0.0,169.70000000000002,0.0,21.700000000000003,28.9,28.9,30.9,300.0,300.0,31.700000000000003,35.800000000000004,28.9,28.0,29.9,4.96,1.99,4.97,0.16,0.0,0.0,1027.0,8228.0,0.0,0.0,0.0,0.0,0.0,1.0,0.0,0.0,0.0,0.0,0.0,1.0,0.0,-0.1,0.0,0.0,16.0,25903.0
2026-07-30T19:03:12.530Z,362.013,362.028,0.0,7.4,0.0,0.0,0.0,0.0,0.0,0.0,0.0,0.0,1.0,0.0,0.0,0.0,9.0,4.0,0.0,0.0,0.0,0.0,0.0,0.0,0.0,0.0,6.0,12.0,1.0,12.14,5.01,2.5,1.49,0.0,0.0,0.0,361.3,0.0,-0.8,0.1,-0.7000000000000001,-169.70000000000002,0.0,0.0,169.8,0.0,21.700000000000003,28.9,28.9,30.9,300.0,300.0,31.700000000000003,35.800000000000004,28.9,28.0,29.9,4.96,1.99,4.97,0.16,0.0,0.0,1027.0,8228.0,0.0,0.0,0.0,0.0,0.0,1.0,0.0,0.0,0.0,0.0,0.0,-0.4,0.0,0.7000000000000001,0.0,0.0,16.0,25903.0
2026-07-30T19:03:12.542Z,362.025,362.04,0.0,7.4,0.0,0.0,0.0,0.0,0.0,0.0,0.0,0.0,1.0,0.0,0.0,0.0,9.0,4.0,0.0,0.0,0.0,0.0,0.0,0.0,0.0,0.0,2.0,12.0,1.0,12.14,5.01,2.5,1.49,0.0,0.0,0.0,361.4,0.0,0.3,0.6000000000000001,-0.2,-169.70000000000002,0.0,0.0,169.8,0.0,21.700000000000003,28.9,28.9,30.9,300.0,300.0,31.700000000000003,35.800000000000004,28.9,28.0,29.9,4.96,1.99,4.96,0.16,0.0,0.0,1027.0,8228.0,0.0,0.0,0.0,0.0,0.0,1.0,0.0,0.0,0.0,0.0,0.0,0.5,0.0,0.3,0.0,0.0,16.0,25903.0
2026-07-30T19:03:12.554Z,362.037,362.052,0.0,7.4,0.0,0.0,0.0,0.0,0.0,0.0,0.0,0.0,1.0,0.0,0.0,0.0,9.0,4.0,0.0,0.0,0.0,0.0,0.0,0.0,0.0,0.0,3.0,12.0,1.0,12.14,5.01,2.5,1.49,0.0,0.0,0.0,361.4,0.0,-0.2,-1.0,-1.4,-169.70000000000002,0.0,0.0,169.8,0.0,21.700000000000003,28.9,28.9,30.9,300.0,300.0,31.700000000000003,35.800000000000004,28.9,28.0,29.9,4.96,1.99,4.96,0.16,0.0,0.0,1027.0,8228.0,0.0,0.0,0.0,0.0,0.0,1.0,0.0,0.0,0.0,0.0,0.0,-2.2,0.0,1.0,0.0,0.0,16.0,25903.0
2026-07-30T19:03:12.565Z,362.048,362.064,0.0,7.4,0.0,0.0,0.0,0.0,0.0,0.0,0.0,0.0,1.0,0.0,0.0,0.0,9.0,4.0,0.0,0.0,0.0,0.0,0.0,0.0,0.0,0.0,4.0,12.0,1.0,12.14,5.01,2.5,1.49,0.0,0.0,0.0,361.4,0.0,0.3,0.6000000000000001,-0.2,-169.70000000000002,0.0,0.0,169.70000000000002,0.0,21.700000000000003,28.9,28.9,30.9,300.0,300.0,31.700000000000003,35.800000000000004,28.9,28.0,29.9,4.96,1.99,4.97,0.16,0.0,0.0,1027.0,8228.0,0.0,0.0,0.0,0.0,0.0,1.0,0.0,0.0,0.0,0.0,0.0,0.5,0.0,0.3,0.0,0.0,16.0,25903.0
2026-07-30T19:03:12.578Z,362.061,362.076,0.0,7.4,0.0,0.0,0.0,0.0,0.0,0.0,0.0,0.0,1.0,0.0,0.0,0.0,9.0,4.0,0.0,0.0,0.0,0.0,0.0,0.0,0.0,0.0,5.0,12.0,1.0,12.14,5.01,2.5,1.49,0.0,0.0,0.0,361.4,0.0,0.9,1.2000000000000002,-0.2,-169.70000000000002,0.0,0.0,169.8,0.0,21.700000000000003,28.9,28.9,30.9,300.0,300.0,31.700000000000003,35.800000000000004,28.9,28.0,29.9,4.95,1.99,4.97,0.16,0.0,0.0,1027.0,8228.0,0.0,0.0,0.0,0.0,0.0,1.0,0.0,0.0,0.0,0.0,0.0,1.2000000000000002,0.0,0.4,0.0,0.0,16.0,25903.0
2026-07-30T19:03:12.590Z,362.073,362.088,0.0,7.4,0.0,0.0,0.0,0.0,0.0,0.0,0.0,0.0,1.0,0.0,0.0,0.0,9.0,4.0,0.0,0.0,0.0,0.0,0.0,0.0,0.0,0.0,6.0,12.0,1.0,12.2,5.0200000000000005,2.5,1.49,0.0,0.0,0.0,361.3,0.0,-0.8,0.0,-0.8,-169.70000000000002,0.0,0.0,169.70000000000002,0.0,20.9,28.9,28.9,30.9,300.0,300.0,31.700000000000003,35.800000000000004,28.9,28.1,29.9,4.96,1.99,4.97,0.16,0.0,0.0,1027.0,8228.0,0.0,0.0,0.0,0.0,0.0,1.0,0.0,0.0,0.0,0.0,0.0,-0.5,0.0,0.7000000000000001,0.0,0.0,16.0,25903.0
2026-07-30T19:03:12.602Z,362.085,362.1,0.0,7.4,0.0,0.0,0.0,0.0,0.0,0.0,0.0,0.0,1.0,0.0,0.0,0.0,9.0,4.0,0.0,0.0,0.0,0.0,0.0,0.0,0.0,0.0,1.0,12.0,1.0,12.2,5.0200000000000005,2.5,1.49,0.0,0.0,0.0,361.3,0.0,-0.8,-0.4,0.8,-169.70000000000002,0.0,0.0,169.60000000000002,0.0,20.9,28.9,28.9,30.9,300.0,300.0,31.700000000000003,35.800000000000004,28.9,28.1,29.9,4.96,1.99,4.96,0.16,0.0,0.0,1027.0,8228.0,0.0,0.0,0.0,0.0,0.0,1.0,0.0,0.0,0.0,0.0,0.0,0.0,0.0,-0.8,0.0,0.0,16.0,25903.0
2026-07-30T19:03:12.615Z,362.098,362.112,0.0,7.4,0.0,0.0,0.0,0.0,0.0,0.0,0.0,0.0,1.0,0.0,0.0,0.0,9.0,4.0,0.0,0.0,0.0,0.0,0.0,0.0,0.0,0.0,3.0,12.0,1.0,12.2,5.0200000000000005,2.5,1.49,0.0,0.0,0.0,361.3,0.0,-0.2,1.2000000000000002,-0.3,-169.70000000000002,0.0,0.0,169.8,0.0,20.9,28.9,28.9,30.9,300.0,300.0,31.700000000000003,35.800000000000004,28.9,28.1,29.9,4.96,1.99,4.97,0.16,0.0,0.0,1027.0,8228.0,0.0,0.0,0.0,0.0,0.0,1.0,0.0,0.0,0.0,0.0,0.0,1.2000000000000002,0.0,0.5,0.0,0.0,16.0,25903.0
2026-07-30T19:03:12.626Z,362.109,362.124,0.0,7.4,0.0,0.0,0.0,0.0,0.0,0.0,0.0,0.0,1.0,0.0,0.0,0.0,9.0,4.0,0.0,0.0,0.0,0.0,0.0,0.0,0.0,0.0,4.0,12.0,1.0,12.2,5.0200000000000005,2.5,1.49,0.0,0.0,0.0,361.3,0.0,-1.3,0.6000000000000001,-0.9,-169.70000000000002,0.0,0.0,169.8,0.0,20.9,28.9,28.9,30.9,300.0,300.0,31.700000000000003,35.800000000000004,28.9,28.1,29.9,4.96,1.99,4.97,0.16,0.0,0.0,1027.0,8228.0,0.0,0.0,0.0,0.0,0.0,1.0,0.0,0.0,0.0,0.0,0.0,0.1,0.0,0.9,0.0,0.0,16.0,25903.0
2026-07-30T19:03:12.638Z,362.121,362.136,0.0,7.4,0.0,0.0,0.0,0.0,0.0,0.0,0.0,0.0,1.0,0.0,0.0,0.0,9.0,4.0,0.0,0.0,0.0,0.0,0.0,0.0,0.0,0.0,5.0,12.0,1.0,12.2,5.0200000000000005,2.5,1.49,0.0,0.0,0.0,361.4,0.0,0.9,-0.4,-0.9,-169.70000000000002,0.0,0.0,169.70000000000002,0.0,20.9,28.9,28.9,30.9,300.0,300.0,31.700000000000003,35.800000000000004,28.9,28.1,29.9,4.95,1.99,4.96,0.16,0.0,0.0,1027.0,8228.0,0.0,0.0,0.0,0.0,0.0,1.0,0.0,0.0,0.0,0.0,0.0,-1.2000000000000002,0.0,0.7000000000000001,0.0,0.0,16.0,25903.0
2026-07-30T19:03:12.650Z,362.133,362.148,0.0,7.4,0.0,0.0,0.0,0.0,0.0,0.0,0.0,0.0,1.0,0.0,0.0,0.0,9.0,4.0,0.0,0.0,0.0,0.0,0.0,0.0,0.0,0.0,6.0,12.0,1.0,12.2,5.0200000000000005,2.5,1.49,0.0,0.0,0.0,361.4,0.0,0.3,-2.2,-0.2,-169.70000000000002,0.0,0.0,169.70000000000002,0.0,20.9,28.9,28.9,30.9,300.0,300.0,31.700000000000003,35.800000000000004,28.9,28.1,29.9,4.95,1.99,4.97,0.16,0.0,0.0,1027.0,8228.0,0.0,0.0,0.0,0.0,0.0,1.0,0.0,0.0,0.0,0.0,0.0,-2.7,0.0,-0.2,0.0,0.0,16.0,25903.0
2026-07-30T19:03:12.662Z,362.145,362.16,0.0,7.4,0.0,0.0,0.0,0.0,0.0,0.0,0.0,0.0,1.0,0.0,0.0,0.0,9.0,4.0,0.0,0.0,0.0,0.0,0.0,0.0,0.0,0.0,1.0,12.0,1.0,12.2,5.0200000000000005,2.5,1.49,0.0,0.0,0.0,361.3,0.0,0.3,0.6000000000000001,-0.2,-169.70000000000002,0.0,0.0,169.70000000000002,0.0,20.9,28.9,28.9,30.9,300.0,300.0,31.700000000000003,35.800000000000004,28.9,28.1,29.9,4.95,1.99,4.97,0.16,0.0,0.0,1027.0,8228.0,0.0,0.0,0.0,0.0,0.0,1.0,0.0,0.0,0.0,0.0,0.0,0.5,0.0,0.3,0.0,0.0,16.0,25903.0
2026-07-30T19:03:12.674Z,362.157,362.172,0.0,7.4,0.0,0.0,0.0,0.0,0.0,0.0,0.0,0.0,1.0,0.0,0.0,0.0,9.0,4.0,0.0,0.0,0.0,0.0,0.0,0.0,0.0,0.0,2.0,12.0,1.0,12.2,5.0200000000000005,2.5,1.49,0.0,0.0,0.0,361.3,0.0,-0.2,-0.5,-0.2,-169.70000000000002,0.0,0.0,169.60000000000002,0.0,20.9,28.9,28.9,30.9,300.0,300.0,31.700000000000003,35.800000000000004,28.9,28.1,29.9,4.96,1.99,4.97,0.16,0.0,0.0,1027.0,8228.0,0.0,0.0,0.0,0.0,0.0,1.0,0.0,0.0,0.0,0.0,0.0,-0.7000000000000001,0.0,0.0,0.0,0.0,16.0,25903.0
2026-07-30T19:03:12.687Z,362.17,362.184,0.0,7.4,0.0,0.0,0.0,0.0,0.0,0.0,0.0,0.0,1.0,0.0,0.0,0.0,9.0,4.0,0.0,0.0,0.0,0.0,0.0,0.0,0.0,0.0,4.0,12.0,1.0,12.15,5.01,2.51,1.49,-0.1,0.1,0.0,361.4,0.0,-0.2,0.0,1.5,-169.70000000000002,0.0,0.0,169.70000000000002,0.0,21.4,28.9,28.9,30.9,300.0,300.0,31.700000000000003,35.800000000000004,28.9,28.1,29.9,4.96,1.99,4.96,0.16,0.0,0.0,1027.0,8228.0,0.0,0.0,0.0,0.0,0.0,1.0,0.0,0.0,0.0,0.0,0.0,1.2000000000000002,0.0,-1.3,0.0,0.0,16.0,25903.0
2026-07-30T19:03:12.698Z,362.181,362.196,0.0,7.4,0.0,0.0,0.0,0.0,0.0,0.0,0.0,0.0,1.0,0.0,0.0,0.0,9.0,4.0,0.0,0.0,0.0,0.0,0.0,0.0,0.0,0.0,5.0,12.0,1.0,12.15,5.01,2.51,1.49,0.0,0.0,0.0,361.4,0.0,0.3,-1.0,0.9,-169.70000000000002,0.0,0.0,169.60000000000002,0.0,21.4,28.9,28.9,30.9,300.0,300.0,31.700000000000003,35.800000000000004,28.9,28.1,29.9,4.95,1.99,4.97,0.16,0.0,0.0,1027.0,8228.0,0.0,0.0,0.0,0.0,0.0,1.0,0.0,0.0,0.0,0.0,0.0,-0.5,0.0,-1.0,0.0,0.0,16.0,25903.0
2026-07-30T19:03:12.709Z,362.192,362.208,0.0,7.4,0.0,0.0,0.0,0.0,0.0,0.0,0.0,0.0,1.0,0.0,0.0,0.0,9.0,4.0,0.0,0.0,0.0,0.0,0.0,0.0,0.0,0.0,6.0,12.0,1.0,12.15,5.01,2.51,1.49,0.0,0.1,0.0,361.4,0.0,-0.2,1.2000000000000002,0.3,-169.70000000000002,0.0,0.0,169.60000000000002,0.0,21.4,28.9,28.9,30.9,300.0,300.0,31.700000000000003,35.800000000000004,28.9,28.1,29.9,4.95,2.0,4.96,0.16,0.0,0.0,1027.0,8228.0,0.0,0.0,0.0,0.0,0.0,1.0,0.0,0.0,0.0,0.0,0.0,1.6,0.0,0.0,0.0,0.0,16.0,25903.0
2026-07-30T19:03:12.722Z,362.205,362.22,0.0,7.4,0.0,0.0,0.0,0.0,0.0,0.0,0.0,0.0,1.0,0.0,0.0,0.0,9.0,4.0,0.0,0.0,0.0,0.0,0.0,0.0,0.0,0.0,1.0,12.0,1.0,12.15,5.01,2.51,1.49,0.0,0.0,0.0,361.3,0.0,0.3,1.2000000000000002,1.5,-169.70000000000002,0.0,0.0,169.8,0.0,21.4,28.9,28.9,30.9,300.0,300.0,31.700000000000003,35.800000000000004,28.9,28.1,29.9,4.95,1.99,4.96,0.15,0.0,0.0,1027.0,8228.0,0.0,0.0,0.0,0.0,0.0,1.0,0.0,0.0,0.0,0.0,0.0,2.5,0.0,-1.1,0.0,0.0,16.0,25903.0
2026-07-30T19:03:12.734Z,362.217,362.232,0.0,7.4,0.0,0.0,0.0,0.0,0.0,0.0,0.0,0.0,1.0,0.0,0.0,0.0,9.0,4.0,0.0,0.0,0.0,0.0,0.0,0.0,0.0,0.0,2.0,12.0,1.0,12.15,5.01,2.51,1.49,0.0,0.0,0.0,361.3,0.0,-0.2,0.0,-0.1,-169.70000000000002,0.0,0.0,169.70000000000002,0.0,21.4,28.9,28.9,30.9,300.0,300.0,31.700000000000003,35.800000000000004,28.9,28.1,29.9,4.95,1.99,4.97,0.16,0.0,0.0,1027.0,8228.0,0.0,0.0,0.0,0.0,0.0,1.0,0.0,0.0,0.0,0.0,0.0,0.0,0.0,0.1,0.0,0.0,16.0,25903.0
2026-07-30T19:03:12.746Z,362.229,362.244,0.0,7.4,0.0,0.0,0.0,0.0,0.0,0.0,0.0,0.0,1.0,0.0,0.0,0.0,9.0,4.0,0.0,0.0,0.0,0.0,0.0,0.0,0.0,0.0,4.0,12.0,1.0,12.15,5.01,2.51,1.49,0.0,0.0,0.0,361.4,0.0,1.4,-0.4,-0.1,-169.70000000000002,0.0,0.0,169.70000000000002,0.0,21.4,28.9,28.9,30.9,300.0,300.0,31.700000000000003,35.800000000000004,28.9,28.1,29.9,4.96,1.99,4.97,0.16,0.0,0.0,1027.0,8228.0,0.0,0.0,0.0,0.0,0.0,1.0,0.0,0.0,0.0,0.0,0.0,0.4,0.0,-0.3,0.0,0.0,16.0,25903.0
2026-07-30T19:03:12.758Z,362.241,362.256,0.0,7.4,0.0,0.0,0.0,0.0,0.0,0.0,0.0,0.0,1.0,0.0,0.0,0.0,9.0,4.0,0.0,0.0,0.0,0.0,0.0,0.0,0.0,0.0,5.0,12.0,1.0,12.15,5.01,2.51,1.49,0.0,0.0,0.0,361.4,0.0,-0.3,1.2000000000000002,-0.7000000000000001,-169.70000000000002,0.0,0.0,169.8,0.0,21.4,28.9,28.9,30.9,300.0,300.0,31.700000000000003,35.800000000000004,28.9,28.1,29.9,4.96,1.99,4.96,0.16,0.0,0.0,1027.0,8228.0,0.0,0.0,0.0,0.0,0.0,1.0,0.0,0.0,0.0,0.0,0.0,-0.7000000000000001,0.0,0.0,0.0,0.0,16.0,25903.0
2026-07-30T19:03:12.770Z,362.253,362.268,0.0,7.4,0.0,0.0,0.0,0.0,0.0,0.0,0.0,0.0,1.0,0.0,0.0,0.0,9.0,4.0,0.0,0.0,0.0,0.0,0.0,0.0,0.0,0.0,6.0,12.0,1.0,12.15,5.01,2.51,1.49,0.0,0.0,0.0,361.4,0.0,0.8,0.0,-0.2,-169.70000000000002,0.0,0.0,169.8,0.0,21.4,28.9,28.9,30.9,300.0,300.0,31.700000000000003,35.800000000000004,28.9,28.1,29.9,4.95,1.99,4.96,0.16,0.0,0.0,1027.0,8228.0,0.0,0.0,0.0,0.0,0.0,1.0,0.0,0.0,0.0,0.0,0.0,0.1,0.0,-0.9,0.0,0.0,16.0,25903.0
2026-07-30T19:03:12.782Z,362.265,362.28,0.0,7.4,0.0,0.0,0.0,0.0,0.0,0.0,0.0,0.0,1.0,0.0,0.0,0.0,9.0,4.0,0.0,0.0,0.0,0.0,0.0,0.0,0.0,0.0,2.0,12.0,1.0,12.15,5.01,2.51,1.49,0.0,0.0,0.0,361.3,0.0,-0.3,-0.4,0.9,-169.70000000000002,0.0,0.0,169.8,0.0,21.4,28.9,28.9,30.9,300.0,300.0,31.700000000000003,35.800000000000004,28.9,28.1,29.9,4.96,1.99,4.97,0.16,0.0,0.0,1027.0,8228.0,0.0,0.0,0.0,0.0,0.0,1.0,0.0,0.0,0.0,0.0,0.0,-1.3,0.0,0.0,0.0,0.0,16.0,25903.0
2026-07-30T19:03:12.794Z,362.277,362.292,0.0,7.4,0.0,0.0,0.0,0.0,0.0,0.0,0.0,0.0,1.0,0.0,0.0,0.0,9.0,4.0,0.0,0.0,0.0,0.0,0.0,0.0,0.0,0.0,3.0,12.0,1.0,12.18,5.01,2.51,1.49,0.0,0.0,0.0,361.4,0.0,-0.9,-1.0,-0.2,-169.70000000000002,0.0,0.0,169.70000000000002,0.0,21.8,28.9,28.9,30.9,300.0,300.0,31.700000000000003,35.800000000000004,28.9,28.1,29.9,4.96,2.0,4.96,0.16,0.0,0.0,1027.0,8228.0,0.0,0.0,0.0,0.0,0.0,1.0,0.0,0.0,0.0,0.0,0.0,-1.3,0.0,0.0,0.0,0.0,16.0,25903.0
2026-07-30T19:03:12.806Z,362.289,362.304,0.0,7.4,0.0,0.0,0.0,0.0,0.0,0.0,0.0,0.0,1.0,0.0,0.0,0.0,9.0,4.0,0.0,0.0,0.0,0.0,0.0,0.0,0.0,0.0,4.0,12.0,1.0,12.18,5.01,2.51,1.49,0.0,0.0,0.0,361.4,0.0,-0.3,1.2000000000000002,0.8,-169.70000000000002,0.0,0.0,169.8,0.0,21.8,28.9,28.9,30.9,300.0,300.0,31.700000000000003,35.800000000000004,28.9,28.1,29.9,4.96,1.99,4.97,0.16,0.0,0.0,1027.0,8228.0,0.0,0.0,0.0,0.0,0.0,1.0,0.0,0.0,0.0,0.0,0.0,2.1,0.0,-0.5,0.0,0.0,16.0,25903.0
2026-07-30T19:03:12.818Z,362.301,362.316,0.0,7.4,0.0,0.0,0.0,0.0,0.0,0.0,0.0,0.0,1.0,0.0,0.0,0.0,9.0,4.0,0.0,0.0,0.0,0.0,0.0,0.0,0.0,0.0,5.0,12.0,1.0,12.18,5.01,2.51,1.49,0.0,0.0,0.0,361.4,0.0,-0.4,1.2000000000000002,0.8,-169.70000000000002,0.0,0.0,169.70000000000002,0.0,21.8,28.9,28.9,30.9,300.0,300.0,31.700000000000003,35.800000000000004,28.9,28.1,29.9,4.95,1.99,4.97,0.16,0.0,0.0,1027.0,8228.0,0.0,0.0,0.0,0.0,0.0,1.0,0.0,0.0,0.0,0.0,0.0,2.0,0.0,-0.4,0.0,0.0,16.0,25903.0
2026-07-30T19:03:12.829Z,362.312,362.328,0.0,7.4,0.0,0.0,0.0,0.0,0.0,0.0,0.0,0.0,1.0,0.0,0.0,0.0,9.0,4.0,0.0,0.0,0.0,0.0,0.0,0.0,0.0,0.0,1.0,12.0,1.0,12.18,5.01,2.51,1.49,0.0,0.0,0.0,361.4,0.0,0.2,-0.4,-1.4,-169.70000000000002,0.0,0.0,169.70000000000002,0.0,21.8,28.9,28.9,30.9,300.0,300.0,31.700000000000003,35.800000000000004,28.9,28.1,29.9,4.96,1.99,4.96,0.16,0.0,0.0,1027.0,8228.0,0.0,0.0,0.0,0.0,0.0,1.0,0.0,0.0,0.0,0.0,0.0,-1.5,0.0,1.1,0.0,0.0,16.0,25903.0
2026-07-30T19:03:12.842Z,362.325,362.34,0.0,7.4,0.0,0.0,0.0,0.0,0.0,0.0,0.0,0.0,1.0,0.0,0.0,0.0,9.0,4.0,0.0,0.0,0.0,0.0,0.0,0.0,0.0,0.0,2.0,12.0,1.0,12.18,5.01,2.51,1.49,0.0,0.0,0.0,361.3,0.0,0.2,-0.4,-0.8,-169.70000000000002,0.0,0.0,169.8,0.0,21.8,28.9,28.9,30.9,300.0,300.0,31.700000000000003,35.800000000000004,28.9,28.1,29.9,4.96,1.99,4.96,0.16,0.0,0.0,1027.0,8228.0,0.0,0.0,0.0,0.0,0.0,1.0,0.0,0.0,0.0,0.0,0.0,-1.2000000000000002,0.0,0.6000000000000001,0.0,0.0,16.0,25903.0
2026-07-30T19:03:12.854Z,362.337,362.352,0.0,7.4,0.0,0.0,0.0,0.0,0.0,0.0,0.0,0.0,1.0,0.0,0.0,0.0,9.0,4.0,0.0,0.0,0.0,0.0,0.0,0.0,0.0,0.0,3.0,12.0,1.0,12.18,5.01,2.51,1.49,0.0,0.0,0.0,361.3,0.0,0.1,1.2000000000000002,0.2,-169.70000000000002,0.0,0.0,169.70000000000002,0.0,21.8,28.9,28.9,30.9,300.0,300.0,31.700000000000003,35.800000000000004,28.9,28.1,29.9,4.96,1.99,4.97,0.16,0.0,0.0,1027.0,8228.0,0.0,0.0,0.0,0.0,0.0,1.0,0.0,0.0,0.0,0.0,0.0,1.5,0.0,0.0,0.0,0.0,16.0,25903.0
2026-07-30T19:03:12.865Z,362.348,362.364,0.0,7.4,0.0,0.0,0.0,0.0,0.0,0.0,0.0,0.0,1.0,0.0,0.0,0.0,9.0,4.0,0.0,0.0,0.0,0.0,0.0,0.0,0.0,0.0,5.0,12.0,1.0,12.18,5.01,2.51,1.49,0.0,0.0,0.0,361.3,0.0,-0.3,-0.5,-1.5,-169.70000000000002,0.0,0.0,169.8,0.0,21.8,28.9,28.9,30.9,300.0,300.0,31.700000000000003,35.800000000000004,28.9,28.1,29.9,4.96,1.99,4.97,0.16,0.0,0.0,1027.0,8228.0,0.0,0.0,0.0,0.0,0.0,1.0,0.0,0.0,0.0,0.0,0.0,-1.6,0.0,1.2000000000000002,0.0,0.0,16.0,25903.0
2026-07-30T19:03:12.878Z,362.361,362.376,0.0,7.4,0.0,0.0,0.0,0.0,0.0,0.0,0.0,0.0,1.0,0.0,0.0,0.0,9.0,4.0,0.0,0.0,0.0,0.0,0.0,0.0,0.0,0.0,6.0,12.0,1.0,12.18,5.01,2.51,1.49,0.0,0.0,0.0,361.3,0.0,0.2,-0.4,-0.9,-169.70000000000002,0.0,0.0,169.8,0.0,21.8,28.9,28.9,30.9,300.0,300.0,31.700000000000003,35.800000000000004,28.9,28.1,29.9,4.96,1.99,4.96,0.16,0.0,0.0,1027.0,8228.0,0.0,0.0,0.0,0.0,0.0,1.0,0.0,0.0,0.0,0.0,0.0,-1.2000000000000002,0.0,0.7000000000000001,0.0,0.0,16.0,25903.0
2026-07-30T19:03:12.890Z,362.373,362.388,0.0,7.4,0.0,0.0,0.0,0.0,0.0,0.0,0.0,0.0,1.0,0.0,0.0,0.0,9.0,4.0,0.0,0.0,0.0,0.0,0.0,0.0,0.0,0.0,2.0,12.0,1.0,12.17,5.0200000000000005,2.51,1.5,0.0,0.0,0.0,361.4,0.0,-0.3,-0.5,-0.3,-169.70000000000002,0.0,0.0,169.70000000000002,0.0,21.3,28.9,28.9,30.9,300.0,300.0,31.6,35.800000000000004,28.8,28.0,29.9,4.95,1.99,4.97,0.16,0.0,0.0,1027.0,8228.0,0.0,0.0,0.0,0.0,0.0,1.0,0.0,0.0,0.0,0.0,0.0,-0.8,0.0,0.1,0.0,0.0,16.0,25903.0
2026-07-30T19:03:12.901Z,362.384,362.4,0.0,7.4,0.0,0.0,0.0,0.0,0.0,0.0,0.0,0.0,1.0,0.0,0.0,0.0,9.0,4.0,0.0,0.0,0.0,0.0,0.0,0.0,0.0,0.0,3.0,12.0,1.0,12.17,5.0200000000000005,2.51,1.5,0.0,0.0,0.0,361.4,0.0,0.2,0.0,-0.3,-169.70000000000002,0.0,0.0,169.8,0.0,21.3,28.9,28.9,30.9,300.0,300.0,31.6,35.800000000000004,28.8,28.0,29.9,4.95,1.99,4.96,0.16,0.0,0.0,1027.0,8228.0,0.0,0.0,0.0,0.0,0.0,1.0,0.0,0.0,0.0,0.0,0.0,-0.1,0.0,0.2,0.0,0.0,16.0,25903.0
2026-07-30T19:03:12.913Z,362.396,362.412,0.0,7.4,0.0,0.0,0.0,0.0,0.0,0.0,0.0,0.0,1.0,0.0,0.0,0.0,9.0,4.0,0.0,0.0,0.0,0.0,0.0,0.0,0.0,0.0,4.0,12.0,1.0,12.17,5.0200000000000005,2.51,1.5,0.0,0.0,0.0,361.4,0.0,0.8,0.0,0.3,-169.70000000000002,0.0,0.0,169.8,0.0,21.3,28.9,28.9,30.9,300.0,300.0,31.6,35.800000000000004,28.8,28.0,29.9,4.96,2.0,4.96,0.16,0.0,0.0,1027.0,8228.0,0.0,0.0,0.0,0.0,0.0,1.0,0.0,0.0,0.0,0.0,0.0,0.3,0.0,-0.2,0.0,0.0,16.0,25903.0
2026-07-30T19:03:12.926Z,362.409,362.424,0.0,7.4,0.0,0.0,0.0,0.0,0.0,0.0,0.0,0.0,1.0,0.0,0.0,0.0,9.0,4.0,0.0,0.0,0.0,0.0,0.0,0.0,0.0,0.0,5.0,12.0,1.0,12.17,5.0200000000000005,2.51,1.5,0.0,0.0,0.0,361.4,0.0,-0.3,-0.5,-1.4,-169.70000000000002,0.0,0.0,169.8,0.0,21.3,28.9,28.9,30.9,300.0,300.0,31.6,35.800000000000004,28.8,28.0,29.9,4.95,2.0,4.96,0.16,0.0,0.0,1027.0,8228.0,0.0,0.0,0.0,0.0,0.0,1.0,0.0,0.0,0.0,0.0,0.0,-1.6,0.0,1.1,0.0,0.0,16.0,25903.0
2026-07-30T19:03:12.938Z,362.421,362.436,0.0,7.4,0.0,0.0,0.0,0.0,0.0,0.0,0.0,0.0,1.0,0.0,0.0,0.0,9.0,4.0,0.0,0.0,0.0,0.0,0.0,0.0,0.0,0.0,6.0,12.0,1.0,12.17,5.0200000000000005,2.51,1.5,0.0,0.0,0.0,361.4,0.0,0.2,0.6000000000000001,0.9,-169.70000000000002,0.0,0.0,169.8,0.0,21.3,28.9,28.9,30.9,300.0,300.0,31.6,35.800000000000004,28.8,28.0,29.9,4.95,1.99,4.97,0.16,0.0,0.0,1027.0,8228.0,0.0,0.0,0.0,0.0,0.0,1.0,0.0,0.0,0.0,0.0,0.0,1.4,0.0,-0.7000000000000001,0.0,0.0,16.0,25903.0
2026-07-30T19:03:12.950Z,362.433,362.448,0.0,7.4,0.0,0.0,0.0,0.0,0.0,0.0,0.0,0.0,1.0,0.0,0.0,0.0,9.0,4.0,0.0,0.0,0.0,0.0,0.0,0.0,0.0,0.0,2.0,12.0,1.0,12.17,5.0200000000000005,2.51,1.5,0.0,0.0,0.0,361.3,0.0,-0.3,1.2000000000000002,-0.8,-169.70000000000002,0.0,0.0,169.8,0.0,21.3,28.9,28.9,30.9,300.0,300.0,31.6,35.800000000000004,28.8,28.0,29.9,4.95,1.99,4.96,0.16,0.0,0.0,1027.0,8228.0,0.0,0.0,0.0,0.0,0.0,1.0,0.0,0.0,0.0,0.0,0.0,0.7000000000000001,0.0,0.9,0.0,0.0,16.0,25903.0
2026-07-30T19:03:12.961Z,362.444,362.46,0.0,7.4,0.0,0.0,0.0,0.0,0.0,0.0,0.0,0.0,1.0,0.0,0.0,0.0,9.0,4.0,0.0,0.0,0.0,0.0,0.0,0.0,0.0,0.0,3.0,12.0,1.0,12.17,5.0200000000000005,2.51,1.5,0.0,0.0,0.0,361.4,0.0,0.2,0.6000000000000001,1.4,-169.70000000000002,0.0,0.0,169.60000000000002,0.0,21.3,28.9,28.9,30.9,300.0,300.0,31.6,35.800000000000004,28.8,28.0,29.9,4.96,1.99,4.96,0.16,0.0,0.0,1027.0,8228.0,0.0,0.0,0.0,0.0,0.0,1.0,0.0,0.0,0.0,0.0,0.0,1.8,0.0,-1.1,0.0,0.0,16.0,25903.0
2026-07-30T19:03:12.974Z,362.457,362.472,0.0,7.4,0.0,0.0,0.0,0.0,0.0,0.0,0.0,0.0,1.0,0.0,0.0,0.0,9.0,4.0,0.0,0.0,0.0,0.0,0.0,0.0,0.0,0.0,4.0,12.0,1.0,12.17,5.0200000000000005,2.51,1.5,-0.1,0.1,0.0,361.3,0.0,-0.2,-0.4,-0.2,-169.70000000000002,0.0,0.0,169.70000000000002,0.0,21.3,28.9,28.9,30.9,300.0,300.0,31.6,35.800000000000004,28.8,28.0,29.9,4.95,1.99,4.97,0.16,0.0,0.0,1027.0,8228.0,0.0,0.0,0.0,0.0,0.0,1.0,0.0,0.0,0.0,0.0,0.0,-0.7000000000000001,0.0,0.1,0.0,0.0,16.0,25903.0
2026-07-30T19:03:12.985Z,362.468,362.484,0.0,7.4,0.0,0.0,0.0,0.0,0.0,0.0,0.0,0.0,1.0,0.0,0.0,0.0,9.0,4.0,0.0,0.0,0.0,0.0,0.0,0.0,0.0,0.0,5.0,12.0,1.0,12.17,5.0200000000000005,2.51,1.5,0.0,0.0,0.0,361.3,0.0,-0.2,-0.5,0.9,-169.70000000000002,0.0,0.0,169.70000000000002,0.0,21.3,28.9,28.9,30.9,300.0,300.0,31.6,35.800000000000004,28.8,28.0,29.9,4.96,1.99,4.96,0.16,0.0,0.0,1027.0,8228.0,0.0,0.0,0.0,0.0,0.0,1.0,0.0,0.0,0.0,0.0,0.0,0.0,0.0,-0.9,0.0,0.0,16.0,25903.0
2026-07-30T19:03:12.997Z,362.48,362.496,0.0,7.4,0.0,0.0,0.0,0.0,0.0,0.0,0.0,0.0,1.0,0.0,0.0,0.0,9.0,4.0,0.0,0.0,0.0,0.0,0.0,0.0,0.0,0.0,6.0,12.0,1.0,12.15,5.01,2.51,1.49,0.0,0.0,0.0,361.3,0.0,0.8,0.6000000000000001,1.5,-169.70000000000002,0.0,0.0,169.70000000000002,0.0,21.8,28.9,28.9,30.9,300.0,300.0,31.700000000000003,35.800000000000004,28.8,28.0,29.9,4.96,2.0,4.96,0.16,0.0,0.0,1027.0,8228.0,0.0,0.0,0.0,0.0,0.0,1.0,0.0,0.0,0.0,0.0,0.0,1.9,0.0,-1.2000000000000002,0.0,0.0,16.0,25903.0
2026-07-30T19:03:13.010Z,362.493,362.508,0.0,7.4,0.0,0.0,0.0,0.0,0.0,0.0,0.0,0.0,1.0,0.0,0.0,0.0,9.0,4.0,0.0,0.0,0.0,0.0,0.0,0.0,0.0,0.0,1.0,12.0,1.0,12.15,5.01,2.51,1.49,0.0,0.0,0.0,361.3,0.0,-0.8,0.0,-1.4,-169.70000000000002,0.0,0.0,169.70000000000002,0.0,21.8,28.9,28.9,30.9,300.0,300.0,31.700000000000003,35.800000000000004,28.8,28.0,29.9,4.95,1.99,4.96,0.16,0.0,0.0,1027.0,8228.0,0.0,0.0,0.0,0.0,0.0,1.0,0.0,0.0,0.0,0.0,0.0,-0.9,0.0,1.2000000000000002,0.0,0.0,16.0,25903.0
2026-07-30T19:03:13.021Z,362.504,362.52,0.0,7.4,0.0,0.0,0.0,0.0,0.0,0.0,0.0,0.0,1.0,0.0,0.0,0.0,9.0,4.0,0.0,0.0,0.0,0.0,0.0,0.0,0.0,0.0,3.0,12.0,1.0,12.15,5.01,2.51,1.49,0.0,0.0,0.0,361.4,0.0,0.3,-1.0,0.3,-169.70000000000002,0.0,0.0,169.70000000000002,0.0,21.8,28.9,28.9,30.9,300.0,300.0,31.700000000000003,35.800000000000004,28.8,28.0,29.9,4.96,1.99,4.97,0.16,0.0,0.0,1027.0,8228.0,0.0,0.0,0.0,0.0,0.0,1.0,0.0,0.0,0.0,0.0,0.0,-0.8,0.0,-0.5,0.0,0.0,16.0,25903.0
2026-07-30T19:03:13.034Z,362.517,362.532,0.0,7.4,0.0,0.0,0.0,0.0,0.0,0.0,0.0,0.0,1.0,0.0,0.0,0.0,9.0,4.0,0.0,0.0,0.0,0.0,0.0,0.0,0.0,0.0,4.0,12.0,1.0,12.15,5.01,2.51,1.49,0.0,0.0,0.0,361.3,0.0,-0.2,-0.4,-0.2,-169.70000000000002,0.0,0.0,169.70000000000002,0.0,21.8,28.9,28.9,30.9,300.0,300.0,31.700000000000003,35.800000000000004,28.8,28.0,29.9,4.96,1.99,4.96,0.16,0.0,0.0,1027.0,8228.0,0.0,0.0,0.0,0.0,0.0,1.0,0.0,0.0,0.0,0.0,0.0,-0.7000000000000001,0.0,0.1,0.0,0.0,16.0,25903.0
2026-07-30T19:03:13.046Z,362.529,362.544,0.0,7.4,0.0,0.0,0.0,0.0,0.0,0.0,0.0,0.0,1.0,0.0,0.0,0.0,9.0,4.0,0.0,0.0,0.0,0.0,0.0,0.0,0.0,0.0,6.0,12.0,1.0,12.15,5.01,2.51,1.49,0.0,0.0,0.0,361.4,0.0,0.3,0.0,0.3,-169.70000000000002,0.0,0.0,169.70000000000002,0.0,21.8,28.9,28.9,30.9,300.0,300.0,31.700000000000003,35.800000000000004,28.8,28.0,29.9,4.96,1.99,4.97,0.16,0.0,0.0,1027.0,8228.0,0.0,0.0,0.0,0.0,0.0,1.0,0.0,0.0,0.0,0.0,0.0,0.3,0.0,-0.3,0.0,0.0,16.0,25903.0
2026-07-30T19:03:13.058Z,362.541,362.556,0.0,7.4,0.0,0.0,0.0,0.0,0.0,0.0,0.0,0.0,1.0,0.0,0.0,0.0,9.0,4.0,0.0,0.0,0.0,0.0,0.0,0.0,0.0,0.0,6.0,12.0,1.0,12.15,5.01,2.51,1.49,0.0,0.0,0.0,361.4,0.0,-0.2,0.0,-0.2,-169.70000000000002,0.0,0.0,169.70000000000002,0.0,21.8,28.9,28.9,30.9,300.0,300.0,31.700000000000003,35.800000000000004,28.8,28.0,29.9,4.95,1.99,4.97,0.16,0.0,0.0,1027.0,8228.0,0.0,0.0,0.0,0.0,0.0,1.0,0.0,0.0,0.0,0.0,0.0,0.0,0.0,0.2,0.0,0.0,16.0,25903.0
2026-07-30T19:03:13.070Z,362.553,362.568,0.0,7.4,0.0,0.0,0.0,0.0,0.0,0.0,0.0,0.0,1.0,0.0,0.0,0.0,9.0,4.0,0.0,0.0,0.0,0.0,0.0,0.0,0.0,0.0,1.0,12.0,1.0,12.15,5.01,2.51,1.49,0.0,0.0,0.0,361.4,0.0,-0.2,-0.5,-0.1,-169.70000000000002,0.0,0.0,169.70000000000002,0.0,21.8,28.9,28.9,30.9,300.0,300.0,31.700000000000003,35.800000000000004,28.8,28.0,29.9,4.96,1.99,4.96,0.16,0.0,0.0,1027.0,8228.0,0.0,0.0,0.0,0.0,0.0,1.0,0.0,0.0,0.0,0.0,0.0,-0.7000000000000001,0.0,0.0,0.0,0.0,16.0,25903.0
2026-07-30T19:03:13.082Z,362.565,362.58,0.0,7.4,0.0,0.0,0.0,0.0,0.0,0.0,0.0,0.0,1.0,0.0,0.0,0.0,9.0,4.0,0.0,0.0,0.0,0.0,0.0,0.0,0.0,0.0,3.0,12.0,1.0,12.15,5.01,2.51,1.49,0.0,0.0,0.0,361.3,0.0,0.9,-0.5,-0.1,-169.70000000000002,0.0,0.0,169.70000000000002,0.0,21.8,28.9,28.9,30.9,300.0,300.0,31.700000000000003,35.800000000000004,28.8,28.0,29.9,4.95,2.0,4.97,0.16,0.0,0.0,1027.0,8228.0,0.0,0.0,0.0,0.0,0.0,1.0,0.0,0.0,0.0,0.0,0.0,-0.6000000000000001,0.0,0.0,0.0,0.0,16.0,25903.0
2026-07-30T19:03:13.095Z,362.578,362.592,0.0,7.4,0.0,0.0,0.0,0.0,0.0,0.0,0.0,0.0,1.0,0.0,0.0,0.0,9.0,4.0,0.0,0.0,0.0,0.0,0.0,0.0,0.0,0.0,4.0,12.0,1.0,12.17,5.0200000000000005,2.51,1.49,0.0,0.0,0.0,361.4,0.0,0.9,0.0,0.4,-169.70000000000002,0.0,0.0,169.70000000000002,0.0,21.3,28.9,28.9,30.9,300.0,300.0,31.700000000000003,35.9,28.8,28.0,29.9,4.95,1.99,4.97,0.16,0.0,0.0,1027.0,8228.0,0.0,0.0,0.0,0.0,0.0,1.0,0.0,0.0,0.0,0.0,0.0,0.4,0.0,-0.3,0.0,0.0,16.0,25903.0
2026-07-30T19:03:13.106Z,362.589,362.604,0.0,7.4,0.0,0.0,0.0,0.0,0.0,0.0,0.0,0.0,1.0,0.0,0.0,0.0,9.0,4.0,0.0,0.0,0.0,0.0,0.0,0.0,0.0,0.0,6.0,12.0,1.0,12.17,5.0200000000000005,2.51,1.49,0.0,0.0,0.0,361.4,0.0,-0.1,-0.4,-0.7000000000000001,-169.70000000000002,0.0,0.0,169.70000000000002,0.0,21.3,28.9,28.9,30.9,300.0,300.0,31.700000000000003,35.9,28.8,28.0,29.9,4.96,1.99,4.97,0.16,0.0,0.0,1027.0,8228.0,0.0,0.0,0.0,0.0,0.0,1.0,0.0,0.0,0.0,0.0,0.0,-1.0,0.0,0.5,0.0,0.0,16.0,25903.0
2026-07-30T19:03:13.118Z,362.601,362.616,0.0,7.4,0.0,0.0,0.0,0.0,0.0,0.0,0.0,0.0,1.0,0.0,0.0,0.0,9.0,4.0,0.0,0.0,0.0,0.0,0.0,0.0,0.0,0.0,1.0,12.0,1.0,12.17,5.0200000000000005,2.51,1.49,0.0,0.1,0.0,361.4,0.0,0.3,1.2000000000000002,0.4,-169.70000000000002,0.0,0.0,169.70000000000002,0.0,21.3,28.9,28.9,30.9,300.0,300.0,31.700000000000003,35.9,28.8,28.0,29.9,4.96,1.99,4.96,0.17,0.0,0.0,1027.0,8228.0,0.0,0.0,0.0,0.0,0.0,1.0,0.0,0.0,0.0,0.0,0.0,1.8,0.0,-0.1,0.0,0.0,16.0,25903.0
2026-07-30T19:03:13.130Z,362.613,362.628,0.0,7.4,0.0,0.0,0.0,0.0,0.0,0.0,0.0,0.0,1.0,0.0,0.0,0.0,9.0,4.0,0.0,0.0,0.0,0.0,0.0,0.0,0.0,0.0,2.0,12.0,1.0,12.17,5.0200000000000005,2.51,1.49,0.0,0.0,0.0,361.4,0.0,-0.2,-0.4,-0.7000000000000001,-169.70000000000002,0.0,0.0,169.60000000000002,0.0,21.3,28.9,28.9,30.9,300.0,300.0,31.700000000000003,35.9,28.8,28.0,29.9,4.95,1.99,4.97,0.17,0.0,0.0,1027.0,8228.0,0.0,0.0,0.0,0.0,0.0,1.0,0.0,0.0,0.0,0.0,0.0,-1.0,0.0,0.5,0.0,0.0,16.0,25903.0
2026-07-30T19:03:13.142Z,362.625,362.64,0.0,7.4,0.0,0.0,0.0,0.0,0.0,0.0,0.0,0.0,1.0,0.0,0.0,0.0,9.0,4.0,0.0,0.0,0.0,0.0,0.0,0.0,0.0,0.0,3.0,12.0,1.0,12.17,5.0200000000000005,2.51,1.49,0.0,0.0,0.0,361.3,0.0,0.3,-0.4,-0.6000000000000001,-169.70000000000002,0.0,0.0,169.70000000000002,0.0,21.3,28.9,28.9,30.9,300.0,300.0,31.700000000000003,35.9,28.8,28.0,29.9,4.95,1.99,4.97,0.16,0.0,0.0,1027.0,8228.0,0.0,0.0,0.0,0.0,0.0,1.0,0.0,0.0,0.0,0.0,0.0,-1.0,0.0,0.4,0.0,0.0,16.0,25903.0
2026-07-30T19:03:13.154Z,362.637,362.652,0.0,7.4,0.0,0.0,0.0,0.0,0.0,0.0,0.0,0.0,1.0,0.0,0.0,0.0,9.0,4.0,0.0,0.0,0.0,0.0,0.0,0.0,0.0,0.0,4.0,12.0,1.0,12.17,5.0200000000000005,2.51,1.49,-0.1,0.0,0.0,361.4,0.0,-0.7000000000000001,0.7000000000000001,1.0,-169.70000000000002,0.0,0.0,169.8,0.0,21.3,28.9,28.9,30.9,300.0,300.0,31.700000000000003,35.9,28.8,28.0,29.9,4.96,2.0,4.97,0.16,0.0,0.0,1027.0,8228.0,0.0,0.0,0.0,0.0,0.0,1.0,0.0,0.0,0.0,0.0,0.0,1.5,0.0,-0.7000000000000001,0.0,0.0,16.0,25903.0
2026-07-30T19:03:13.166Z,362.649,362.664,0.0,7.4,0.0,0.0,0.0,0.0,0.0,0.0,0.0,0.0,1.0,0.0,0.0,0.0,9.0,4.0,0.0,0.0,0.0,0.0,0.0,0.0,0.0,0.0,6.0,12.0,1.0,12.17,5.0200000000000005,2.51,1.49,0.0,0.0,0.0,361.3,0.0,-0.1,-0.4,-0.1,-169.70000000000002,0.0,0.0,169.8,0.0,21.3,28.9,28.9,30.9,300.0,300.0,31.700000000000003,35.9,28.8,28.0,29.9,4.96,2.0,4.96,0.16,0.0,0.0,1027.0,8228.0,0.0,0.0,0.0,0.0,0.0,1.0,0.0,0.0,0.0,0.0,0.0,-0.6000000000000001,0.0,0.0,0.0,0.0,16.0,25903.0
2026-07-30T19:03:13.178Z,362.661,362.676,0.0,7.4,0.0,0.0,0.0,0.0,0.0,0.0,0.0,0.0,1.0,0.0,0.0,0.0,9.0,4.0,0.0,0.0,0.0,0.0,0.0,0.0,0.0,0.0,1.0,12.0,1.0,12.17,5.0200000000000005,2.51,1.49,0.0,0.0,0.0,361.4,0.0,-0.1,-0.4,0.4,-169.70000000000002,0.0,0.0,169.8,0.0,21.3,28.9,28.9,30.9,300.0,300.0,31.700000000000003,35.9,28.8,28.0,29.9,4.95,1.99,4.97,0.16,0.0,0.0,1027.0,8228.0,0.0,0.0,0.0,0.0,0.0,1.0,0.0,0.0,0.0,0.0,0.0,-0.1,0.0,-0.5,0.0,0.0,16.0,25903.0
2026-07-30T19:03:13.190Z,362.673,362.688,0.0,7.4,0.0,0.0,0.0,0.0,0.0,0.0,0.0,0.0,1.0,0.0,0.0,0.0,9.0,4.0,0.0,0.0,0.0,0.0,0.0,0.0,0.0,0.0,2.0,12.0,1.0,12.17,5.0200000000000005,2.51,1.49,0.0,0.0,0.0,361.3,0.0,0.3,0.1,0.4,-169.70000000000002,0.0,0.0,169.8,0.0,21.3,28.9,28.9,30.9,300.0,300.0,31.700000000000003,35.9,28.8,28.0,29.9,4.95,2.0,4.96,0.16,0.0,0.0,1027.0,8228.0,0.0,0.0,0.0,0.0,0.0,1.0,0.0,0.0,0.0,0.0,0.0,0.4,0.0,-0.3,0.0,0.0,16.0,25903.0
2026-07-30T19:03:13.202Z,362.685,362.7,0.0,7.4,0.0,0.0,0.0,0.0,0.0,0.0,0.0,0.0,1.0,0.0,0.0,0.0,9.0,4.0,0.0,0.0,0.0,0.0,0.0,0.0,0.0,0.0,3.0,12.0,1.0,12.18,5.01,2.51,1.5,0.0,0.0,0.0,361.4,0.0,1.5,0.7000000000000001,0.5,-169.70000000000002,0.0,0.0,169.8,0.0,21.8,28.9,28.9,30.9,300.0,300.0,31.700000000000003,35.9,28.8,28.1,29.9,4.96,1.99,4.96,0.15,0.0,0.0,1027.0,8228.0,0.0,0.0,0.0,0.0,0.0,1.0,0.0,0.0,0.0,0.0,0.0,1.2000000000000002,0.0,-0.3,0.0,0.0,16.0,25903.0
2026-07-30T19:03:13.214Z,362.697,362.712,0.0,7.4,0.0,0.0,0.0,0.0,0.0,0.0,0.0,0.0,1.0,0.0,0.0,0.0,9.0,4.0,0.0,0.0,0.0,0.0,0.0,0.0,0.0,0.0,5.0,12.0,1.0,12.18,5.01,2.51,1.5,0.0,0.1,0.0,361.4,0.0,-0.2,0.1,-0.1,-169.70000000000002,0.0,0.0,169.8,0.0,21.8,28.9,28.9,30.9,300.0,300.0,31.700000000000003,35.9,28.8,28.1,29.9,4.95,1.99,4.96,0.17,0.0,0.0,1027.0,8228.0,0.0,0.0,0.0,0.0,0.0,1.0,0.0,0.0,0.0,0.0,0.0,0.1,0.0,0.1,0.0,0.0,16.0,25903.0
2026-07-30T19:03:13.226Z,362.709,362.724,0.0,7.4,0.0,0.0,0.0,0.0,0.0,0.0,0.0,0.0,1.0,0.0,0.0,0.0,9.0,4.0,0.0,0.0,0.0,0.0,0.0,0.0,0.0,0.0,6.0,12.0,1.0,12.18,5.01,2.51,1.5,0.0,0.0,0.0,361.4,0.0,0.9,-0.4,0.0,-169.70000000000002,0.0,0.0,169.8,0.0,21.8,28.9,28.9,30.9,300.0,300.0,31.700000000000003,35.9,28.8,28.1,29.9,4.95,1.99,4.96,0.17,0.0,0.0,1027.0,8228.0,0.0,0.0,0.0,0.0,0.0,1.0,0.0,0.0,0.0,0.0,0.0,-0.6000000000000001,0.0,0.0,0.0,0.0,16.0,25903.0
2026-07-30T19:03:13.238Z,362.721,362.736,0.0,7.4,0.0,0.0,0.0,0.0,0.0,0.0,0.0,0.0,1.0,0.0,0.0,0.0,9.0,4.0,0.0,0.0,0.0,0.0,0.0,0.0,0.0,0.0,1.0,12.0,1.0,12.18,5.01,2.51,1.5,0.0,0.0,0.0,361.4,0.0,0.9,0.0,0.0,-169.70000000000002,0.0,0.0,169.8,0.0,21.8,28.9,28.9,30.9,300.0,300.0,31.700000000000003,35.9,28.8,28.1,29.9,4.95,2.0,4.96,0.16,0.0,0.0,1027.0,8228.0,0.0,0.0,0.0,0.0,0.0,1.0,0.0,0.0,0.0,0.0,0.0,0.0,0.0,0.0,0.0,0.0,16.0,25903.0
2026-07-30T19:03:13.250Z,362.733,362.748,0.0,7.4,0.0,0.0,0.0,0.0,0.0,0.0,0.0,0.0,1.0,0.0,0.0,0.0,9.0,4.0,0.0,0.0,0.0,0.0,0.0,0.0,0.0,0.0,2.0,12.0,1.0,12.18,5.01,2.51,1.5,0.0,0.0,0.0,361.4,0.0,0.9,0.0,-1.2000000000000002,-169.70000000000002,0.0,0.0,169.8,0.0,21.8,28.9,28.9,30.9,300.0,300.0,31.700000000000003,35.9,28.8,28.1,29.9,4.96,1.99,4.96,0.16,0.0,0.0,1027.0,8228.0,0.0,0.0,0.0,0.0,0.0,1.0,0.0,0.0,0.0,0.0,0.0,-0.7000000000000001,0.0,1.0,0.0,0.0,16.0,25903.0
2026-07-30T19:03:13.262Z,362.745,362.76,0.0,7.4,0.0,0.0,0.0,0.0,0.0,0.0,0.0,0.0,1.0,0.0,0.0,0.0,9.0,4.0,0.0,0.0,0.0,0.0,0.0,0.0,0.0,0.0,3.0,12.0,1.0,12.18,5.01,2.51,1.5,0.0,0.0,0.0,361.4,0.0,-0.2,-1.0,-0.6000000000000001,-169.70000000000002,0.0,0.0,169.70000000000002,0.0,21.8,28.9,28.9,30.9,300.0,300.0,31.700000000000003,35.9,28.8,28.1,29.9,4.95,1.99,4.97,0.16,0.0,0.0,1027.0,8228.0,0.0,0.0,0.0,0.0,0.0,1.0,0.0,0.0,0.0,0.0,0.0,-1.6,0.0,0.5,0.0,0.0,16.0,25903.0
2026-07-30T19:03:13.274Z,362.757,362.772,0.0,7.4,0.0,0.0,0.0,0.0,0.0,0.0,0.0,0.0,1.0,0.0,0.0,0.0,9.0,4.0,0.0,0.0,0.0,0.0,0.0,0.0,0.0,0.0,4.0,12.0,1.0,12.18,5.01,2.51,1.5,0.0,0.0,0.0,361.3,0.0,-0.2,0.6000000000000001,-0.1,-169.70000000000002,0.0,0.0,169.70000000000002,0.0,21.8,28.9,28.9,30.9,300.0,300.0,31.700000000000003,35.9,28.8,28.1,29.9,4.96,1.99,4.96,0.16,0.0,0.0,1027.0,8228.0,0.0,0.0,0.0,0.0,0.0,1.0,0.0,0.0,0.0,0.0,0.0,-0.4,0.0,-1.1,0.0,0.0,16.0,25903.0
2026-07-30T19:03:13.286Z,362.769,362.784,0.0,7.4,0.0,0.0,0.0,0.0,0.0,0.0,0.0,0.0,1.0,0.0,0.0,0.0,9.0,4.0,0.0,0.0,0.0,0.0,0.0,0.0,0.0,0.0,5.0,12.0,1.0,12.18,5.01,2.51,1.5,0.0,0.0,0.0,361.4,0.0,0.2,-0.5,0.4,-169.70000000000002,0.0,0.0,169.70000000000002,0.0,21.8,28.9,28.9,30.9,300.0,300.0,31.700000000000003,35.9,28.8,28.1,29.9,4.96,1.99,4.96,0.16,0.0,0.0,1027.0,8228.0,0.0,0.0,0.0,0.0,0.0,1.0,0.0,0.0,0.0,0.0,0.0,-0.3,0.0,-0.5,0.0,0.0,16.0,25903.0
2026-07-30T19:03:13.299Z,362.782,362.796,0.0,7.4,0.0,0.0,0.0,0.0,0.0,0.0,0.0,0.0,1.0,0.0,0.0,0.0,9.0,4.0,0.0,0.0,0.0,0.0,0.0,0.0,0.0,0.0,6.0,12.0,1.0,12.18,5.01,2.5,1.49,0.0,0.0,0.0,361.4,0.0,-0.2,0.6000000000000001,-0.1,-169.70000000000002,0.0,0.0,169.70000000000002,0.0,21.3,28.9,28.9,30.9,300.0,300.0,31.5,35.9,28.8,28.1,29.9,4.95,1.99,4.96,0.16,0.0,0.0,1027.0,8228.0,0.0,0.0,0.0,0.0,0.0,1.0,0.0,0.0,0.0,0.0,0.0,1.3,0.0,0.3,0.0,0.0,16.0,25903.0
2026-07-30T19:03:13.310Z,362.793,362.808,0.0,7.4,0.0,0.0,0.0,0.0,0.0,0.0,0.0,0.0,1.0,0.0,0.0,0.0,9.0,4.0,0.0,0.0,0.0,0.0,0.0,0.0,0.0,0.0,2.0,12.0,1.0,12.18,5.01,2.5,1.49,0.0,0.0,0.0,361.4,0.0,-0.2,-0.4,-0.1,-169.70000000000002,0.0,0.0,169.70000000000002,0.0,21.3,28.9,28.9,30.9,300.0,300.0,31.5,35.9,28.8,28.1,29.9,4.96,1.99,4.96,0.16,0.0,0.0,1027.0,8228.0,0.0,0.0,0.0,0.0,0.0,1.0,0.0,0.0,0.0,0.0,0.0,-0.6000000000000001,0.0,0.0,0.0,0.0,16.0,25903.0
2026-07-30T19:03:13.322Z,362.805,362.82,0.0,7.4,0.0,0.0,0.0,0.0,0.0,0.0,0.0,0.0,1.0,0.0,0.0,0.0,9.0,4.0,0.0,0.0,0.0,0.0,0.0,0.0,0.0,0.0,3.0,12.0,1.0,12.18,5.01,2.5,1.49,0.0,0.0,0.0,361.3,0.0,-0.2,-0.4,-0.1,-169.70000000000002,0.0,0.0,169.70000000000002,0.0,21.3,28.9,28.9,30.9,300.0,300.0,31.5,35.9,28.8,28.1,29.9,4.95,1.99,4.97,0.16,0.0,0.0,1027.0,8228.0,0.0,0.0,0.0,0.0,0.0,1.0,0.0,0.0,0.0,0.0,0.0,-0.6000000000000001,0.0,0.0,0.0,0.0,16.0,25903.0
2026-07-30T19:03:13.334Z,362.817,362.832,0.0,7.4,0.0,0.0,0.0,0.0,0.0,0.0,0.0,0.0,1.0,0.0,0.0,0.0,9.0,4.0,0.0,0.0,0.0,0.0,0.0,0.0,0.0,0.0,4.0,12.0,1.0,12.18,5.01,2.5,1.49,0.0,0.0,0.0,361.3,0.0,-0.8,-0.4,-0.6000000000000001,-169.70000000000002,0.0,0.0,169.60000000000002,0.0,21.3,28.9,28.9,30.9,300.0,300.0,31.5,35.9,28.8,28.1,29.9,4.95,1.99,4.97,0.16,0.0,0.0,1027.0,8228.0,0.0,0.0,0.0,0.0,0.0,1.0,0.0,0.0,0.0,0.0,0.0,-1.0,0.0,0.5,0.0,0.0,16.0,25903.0
2026-07-30T19:03:13.346Z,362.829,362.844,0.0,7.4,0.0,0.0,0.0,0.0,0.0,0.0,0.0,0.0,1.0,0.0,0.0,0.0,9.0,4.0,0.0,0.0,0.0,0.0,0.0,0.0,0.0,0.0,5.0,12.0,1.0,12.18,5.01,2.5,1.49,0.0,0.0,0.0,361.4,0.0,-0.8,0.1,-0.1,-169.70000000000002,0.0,0.0,169.8,0.0,21.3,28.9,28.9,30.9,300.0,300.0,31.5,35.9,28.8,28.1,29.9,4.95,1.99,4.97,0.16,0.0,0.0,1027.0,8228.0,0.0,0.0,0.0,0.0,0.0,1.0,0.0,0.0,0.0,0.0,0.0,0.0,0.0,0.1,0.0,0.0,16.0,25903.0
2026-07-30T19:03:13.357Z,362.84,362.856,0.0,7.4,0.0,0.0,0.0,0.0,0.0,0.0,0.0,0.0,1.0,0.0,0.0,0.0,9.0,4.0,0.0,0.0,0.0,0.0,0.0,0.0,0.0,0.0,6.0,12.0,1.0,12.18,5.01,2.5,1.49,0.0,0.0,0.0,361.4,0.0,-0.2,-0.4,1.0,-169.70000000000002,0.0,0.0,169.8,0.0,21.3,28.9,28.9,30.9,300.0,300.0,31.5,35.9,28.8,28.1,29.9,4.96,1.99,4.96,0.16,0.0,0.0,1027.0,8228.0,0.0,0.0,0.0,0.0,0.0,1.0,0.0,0.0,0.0,0.0,0.0,0.3,0.0,-1.0,0.0,0.0,16.0,25903.0
2026-07-30T19:03:13.370Z,362.853,362.868,0.0,7.4,0.0,0.0,0.0,0.0,0.0,0.0,0.0,0.0,1.0,0.0,0.0,0.0,9.0,4.0,0.0,0.0,0.0,0.0,0.0,0.0,0.0,0.0,1.0,12.0,1.0,12.18,5.01,2.5,1.49,0.0,0.0,0.0,361.3,0.0,-0.2,-0.4,0.4,-169.70000000000002,0.0,0.0,169.8,0.0,21.3,28.9,28.9,30.9,300.0,300.0,31.5,35.9,28.8,28.1,29.9,4.95,1.99,4.96,0.16,0.0,0.0,1027.0,8228.0,0.0,0.0,0.0,0.0,0.0,1.0,0.0,0.0,0.0,0.0,0.0,-0.1,0.0,-0.4,0.0,0.0,16.0,25903.0
2026-07-30T19:03:13.382Z,362.865,362.88,0.0,7.4,0.0,0.0,0.0,0.0,0.0,0.0,0.0,0.0,1.0,0.0,0.0,0.0,9.0,4.0,0.0,0.0,0.0,0.0,0.0,0.0,0.0,0.0,2.0,12.0,1.0,12.18,5.01,2.5,1.49,0.0,0.0,0.0,361.3,0.0,0.3,-0.4,-1.2000000000000002,-169.70000000000002,0.0,0.0,169.8,0.0,21.3,28.9,28.9,30.9,300.0,300.0,31.5,35.9,28.8,28.1,29.9,4.95,1.99,4.96,0.16,0.0,0.0,1027.0,8228.0,0.0,0.0,0.0,0.0,0.0,1.0,0.0,0.0,0.0,0.0,0.0,-1.4,0.0,1.0,0.0,0.0,16.0,25903.0
2026-07-30T19:03:13.394Z,362.877,362.892,0.0,7.4,0.0,0.0,0.0,0.0,0.0,0.0,0.0,0.0,1.0,0.0,0.0,0.0,9.0,4.0,0.0,0.0,0.0,0.0,0.0,0.0,0.0,0.0,3.0,12.0,1.0,12.18,5.01,2.5,1.49,0.0,0.0,0.0,361.4,0.0,-0.2,0.1,-0.6000000000000001,-169.70000000000002,0.0,0.0,169.70000000000002,0.0,21.3,28.9,28.9,30.9,300.0,300.0,31.5,35.9,28.8,28.1,29.9,4.96,1.99,4.96,0.16,0.0,0.0,1027.0,8228.0,0.0,0.0,0.0,0.0,0.0,1.0,0.0,0.0,0.0,0.0,0.0,-0.2,0.0,0.6000000000000001,0.0,0.0,16.0,25903.0
2026-07-30T19:03:13.406Z,362.889,362.904,0.0,7.4,0.0,0.0,0.0,0.0,0.0,0.0,0.0,0.0,1.0,0.0,0.0,0.0,9.0,4.0,0.0,0.0,0.0,0.0,0.0,0.0,0.0,0.0,4.0,12.0,1.0,12.15,5.01,2.51,1.49,0.0,0.0,0.0,361.3,0.0,-0.7000000000000001,-0.3,0.0,-169.70000000000002,0.0,0.0,169.70000000000002,0.0,21.700000000000003,28.9,28.9,30.9,300.0,300.0,31.700000000000003,35.800000000000004,28.8,28.0,29.9,4.95,1.99,4.96,0.16,0.0,0.0,1027.0,8228.0,0.0,0.0,0.0,0.0,0.0,1.0,0.0,0.0,0.0,0.0,0.0,-0.4,0.0,0.0,0.0,0.0,16.0,25903.0
2026-07-30T19:03:13.418Z,362.901,362.916,0.0,7.4,0.0,0.0,0.0,0.0,0.0,0.0,0.0,0.0,1.0,0.0,0.0,0.0,9.0,4.0,0.0,0.0,0.0,0.0,0.0,0.0,0.0,0.0,5.0,12.0,1.0,12.15,5.01,2.51,1.49,0.0,0.0,0.0,361.4,0.0,0.3,-0.3,1.7000000000000002,-169.70000000000002,0.0,0.0,169.70000000000002,0.0,21.700000000000003,28.9,28.9,30.9,300.0,300.0,31.700000000000003,35.800000000000004,28.8,28.0,29.9,4.95,1.99,4.97,0.16,0.0,0.0,1027.0,8228.0,0.0,0.0,0.0,0.0,0.0,1.0,0.0,0.0,0.0,0.0,0.0,0.8,0.0,-1.5,0.0,0.0,16.0,25903.0
2026-07-30T19:03:13.430Z,362.913,362.928,0.0,7.4,0.0,0.0,0.0,0.0,0.0,0.0,0.0,0.0,1.0,0.0,0.0,0.0,9.0,4.0,0.0,0.0,0.0,0.0,0.0,0.0,0.0,0.0,6.0,12.0,1.0,12.15,5.01,2.51,1.49,0.0,0.0,0.0,361.4,0.0,0.9,1.3,1.7000000000000002,-169.70000000000002,0.0,0.0,169.8,0.0,21.700000000000003,28.9,28.9,30.9,300.0,300.0,31.700000000000003,35.800000000000004,28.8,28.0,29.9,4.95,1.99,4.96,0.16,0.0,0.0,1027.0,8228.0,0.0,0.0,0.0,0.0,0.0,1.0,0.0,0.0,0.0,0.0,0.0,2.8000000000000003,0.0,-1.2000000000000002,0.0,0.0,16.0,25903.0
2026-07-30T19:03:13.442Z,362.925,362.94,0.0,7.4,0.0,0.0,0.0,0.0,0.0,0.0,0.0,0.0,1.0,0.0,0.0,0.0,9.0,4.0,0.0,0.0,0.0,0.0,0.0,0.0,0.0,0.0,1.0,12.0,1.0,12.15,5.01,2.51,1.49,0.0,0.0,0.0,361.3,0.0,-0.8,0.2,-0.6000000000000001,-169.70000000000002,0.0,0.0,169.70000000000002,0.0,21.700000000000003,28.9,28.9,30.9,300.0,300.0,31.700000000000003,35.800000000000004,28.8,28.0,29.9,4.96,1.99,4.96,0.16,0.0,0.0,1027.0,8228.0,0.0,0.0,0.0,0.0,0.0,1.0,0.0,0.0,0.0,0.0,0.0,-0.2,0.0,0.6000000000000001,0.0,0.0,16.0,25903.0
2026-07-30T19:03:13.454Z,362.937,362.952,0.0,7.4,0.0,0.0,0.0,0.0,0.0,0.0,0.0,0.0,1.0,0.0,0.0,0.0,9.0,4.0,0.0,0.0,0.0,0.0,0.0,0.0,0.0,0.0,3.0,12.0,1.0,12.15,5.01,2.51,1.49,0.0,0.0,0.0,361.4,0.0,0.9,-0.3,2.2,-169.70000000000002,0.0,0.0,169.70000000000002,0.0,21.700000000000003,28.9,28.9,30.9,300.0,300.0,31.700000000000003,35.800000000000004,28.8,28.0,29.9,4.95,1.99,4.96,0.16,0.0,0.0,1027.0,8228.0,0.0,0.0,0.0,0.0,0.0,1.0,0.0,0.0,0.0,0.0,0.0,1.2000000000000002,0.0,-2.0,0.0,0.0,16.0,25903.0
2026-07-30T19:03:13.466Z,362.949,362.964,0.0,7.4,0.0,0.0,0.0,0.0,0.0,0.0,0.0,0.0,1.0,0.0,0.0,0.0,9.0,4.0,0.0,0.0,0.0,0.0,0.0,0.0,0.0,0.0,3.0,12.0,1.0,12.15,5.01,2.51,1.49,0.0,0.0,0.0,361.4,0.0,-0.2,0.1,0.4,-169.70000000000002,0.0,0.0,169.70000000000002,0.0,21.700000000000003,28.9,28.9,30.9,300.0,300.0,31.700000000000003,35.800000000000004,28.8,28.0,29.9,4.96,1.99,4.96,0.16,0.0,0.0,1027.0,8228.0,0.0,0.0,0.0,0.0,0.0,1.0,0.0,0.0,0.0,0.0,0.0,0.5,0.0,-0.3,0.0,0.0,16.0,25903.0
2026-07-30T19:03:13.478Z,362.961,362.976,0.0,7.4,0.0,0.0,0.0,0.0,0.0,0.0,0.0,0.0,1.0,0.0,0.0,0.0,9.0,4.0,0.0,0.0,0.0,0.0,0.0,0.0,0.0,0.0,5.0,12.0,1.0,12.15,5.01,2.51,1.49,0.0,0.1,0.0,361.3,0.0,0.3,0.1,0.4,-169.70000000000002,0.0,0.0,169.70000000000002,0.0,21.700000000000003,28.9,28.9,30.9,300.0,300.0,31.700000000000003,35.800000000000004,28.8,28.0,29.9,4.96,2.0,4.96,0.16,0.0,0.0,1027.0,8228.0,0.0,0.0,0.0,0.0,0.0,1.0,0.0,0.0,0.0,0.0,0.0,0.5,0.0,-0.3,0.0,0.0,16.0,25903.0
2026-07-30T19:03:13.490Z,362.973,362.988,0.0,7.4,0.0,0.0,0.0,0.0,0.0,0.0,0.0,0.0,1.0,0.0,0.0,0.0,9.0,4.0,0.0,0.0,0.0,0.0,0.0,0.0,0.0,0.0,6.0,12.0,1.0,12.15,5.01,2.51,1.49,0.0,0.0,0.0,361.3,0.0,0.4,0.1,0.4,-169.70000000000002,0.0,0.0,169.8,0.0,21.700000000000003,28.9,28.9,30.9,300.0,300.0,31.700000000000003,35.800000000000004,28.8,28.0,29.9,4.95,1.99,4.96,0.16,0.0,0.0,1027.0,8228.0,0.0,0.0,0.0,0.0,0.0,1.0,0.0,0.0,0.0,0.0,0.0,0.5,0.0,-0.3,0.0,0.0,16.0,25903.0
2026-07-30T19:03:13.503Z,362.986,363.0,0.0,7.4,0.0,0.0,0.0,0.0,0.0,0.0,0.0,0.0,1.0,0.0,0.0,0.0,9.0,4.0,0.0,0.0,0.0,0.0,0.0,0.0,0.0,0.0,1.0,12.0,1.0,12.17,5.0200000000000005,2.51,1.49,0.0,0.0,0.0,361.4,0.0,-0.1,-0.9,-0.7000000000000001,-169.70000000000002,0.0,0.0,169.8,0.0,21.3,28.9,28.9,30.9,300.0,300.0,31.700000000000003,35.800000000000004,28.8,28.0,29.9,4.95,1.99,4.97,0.16,0.0,0.0,1027.0,8228.0,0.0,0.0,0.0,0.0,0.0,1.0,0.0,0.0,0.0,0.0,0.0,-1.6,0.0,0.4,0.0,0.0,16.0,25903.0
2026-07-30T19:03:13.513Z,362.996,363.012,0.0,7.4,0.0,0.0,0.0,0.0,0.0,0.0,0.0,0.0,1.0,0.0,0.0,0.0,9.0,4.0,0.0,0.0,0.0,0.0,0.0,0.0,0.0,0.0,2.0,12.0,1.0,12.17,5.0200000000000005,2.51,1.49,0.0,0.0,0.0,361.4,0.0,0.9,-0.4,-0.7000000000000001,-169.70000000000002,0.0,0.0,169.70000000000002,0.0,21.3,28.9,28.9,30.9,300.0,300.0,31.700000000000003,35.800000000000004,28.8,28.0,29.9,4.96,1.99,4.96,0.16,0.0,0.0,1027.0,8228.0,0.0,0.0,0.0,0.0,0.0,1.0,0.0,0.0,0.0,0.0,0.0,-1.0,0.0,0.5,0.0,0.0,16.0,25903.0
2026-07-30T19:03:13.525Z,363.008,363.024,0.0,7.4,0.0,0.0,0.0,0.0,0.0,0.0,0.0,0.0,1.0,0.0,0.0,0.0,9.0,4.0,0.0,0.0,0.0,0.0,0.0,0.0,0.0,0.0,3.0,12.0,1.0,12.17,5.0200000000000005,2.51,1.49,0.0,0.0,0.0,361.4,0.0,-0.2,0.1,0.3,-169.70000000000002,0.0,0.0,169.8,0.0,21.3,28.9,28.9,30.9,300.0,300.0,31.700000000000003,35.800000000000004,28.8,28.0,29.9,4.96,1.99,4.97,0.16,0.0,0.0,1027.0,8228.0,0.0,0.0,0.0,0.0,0.0,1.0,0.0,0.0,0.0,0.0,0.0,0.4,0.0,-0.3,0.0,0.0,16.0,25903.0
2026-07-30T19:03:13.537Z,363.02,363.036,0.0,7.4,0.0,0.0,0.0,0.0,0.0,0.0,0.0,0.0,1.0,0.0,0.0,0.0,9.0,4.0,0.0,0.0,0.0,0.0,0.0,0.0,0.0,0.0,4.0,12.0,1.0,12.17,5.0200000000000005,2.51,1.49,0.0,0.0,0.0,361.3,0.0,1.5,1.3,0.9,-169.70000000000002,0.0,0.0,169.8,0.0,21.3,28.9,28.9,30.9,300.0,300.0,31.700000000000003,35.800000000000004,28.8,28.0,29.9,4.95,1.99,4.97,0.16,0.0,0.0,1027.0,8228.0,0.0,0.0,0.0,0.0,0.0,1.0,0.0,0.0,0.0,0.0,0.0,2.1,0.0,-0.5,0.0,0.0,16.0,25903.0
2026-07-30T19:03:13.550Z,363.033,363.048,0.0,7.4,0.0,0.0,0.0,0.0,0.0,0.0,0.0,0.0,1.0,0.0,0.0,0.0,9.0,4.0,0.0,0.0,0.0,0.0,0.0,0.0,0.0,0.0,5.0,12.0,1.0,12.17,5.0200000000000005,2.51,1.49,0.0,0.0,0.0,361.3,0.0,-0.8,0.1,0.3,-169.70000000000002,0.0,0.0,169.8,0.0,21.3,28.9,28.9,30.9,300.0,300.0,31.700000000000003,35.800000000000004,28.8,28.0,29.9,4.96,1.99,4.96,0.16,0.0,0.0,1027.0,8228.0,0.0,0.0,0.0,0.0,0.0,1.0,0.0,0.0,0.0,0.0,0.0,0.4,0.0,-0.2,0.0,0.0,16.0,25903.0
2026-07-30T19:03:13.562Z,363.045,363.06,0.0,7.4,0.0,0.0,0.0,0.0,0.0,0.0,0.0,0.0,1.0,0.0,0.0,0.0,9.0,4.0,0.0,0.0,0.0,0.0,0.0,0.0,0.0,0.0,6.0,12.0,1.0,12.17,5.0200000000000005,2.51,1.49,0.0,0.0,0.0,361.3,0.0,0.9,0.1,0.3,-169.70000000000002,0.0,0.0,169.70000000000002,0.0,21.3,28.9,28.9,30.9,300.0,300.0,31.700000000000003,35.800000000000004,28.8,28.0,29.9,4.96,1.99,4.97,0.16,0.0,0.0,1027.0,8228.0,0.0,0.0,0.0,0.0,0.0,1.0,0.0,0.0,0.0,0.0,0.0,0.3,0.0,-0.2,0.0,0.0,16.0,25903.0
2026-07-30T19:03:13.574Z,363.057,363.072,0.0,7.4,0.0,0.0,0.0,0.0,0.0,0.0,0.0,0.0,1.0,0.0,0.0,0.0,9.0,4.0,0.0,0.0,0.0,0.0,0.0,0.0,0.0,0.0,1.0,12.0,1.0,12.17,5.0200000000000005,2.51,1.49,0.0,0.0,0.0,361.4,0.0,0.3,-0.4,0.3,-169.70000000000002,0.0,0.0,169.60000000000002,0.0,21.3,28.9,28.9,30.9,300.0,300.0,31.700000000000003,35.800000000000004,28.8,28.0,29.9,4.96,1.99,4.97,0.16,0.0,0.0,1027.0,8228.0,0.0,0.0,0.0,0.0,0.0,1.0,0.0,0.0,0.0,0.0,0.0,-0.3,0.0,-0.3,0.0,0.0,16.0,25903.0
2026-07-30T19:03:13.585Z,363.068,363.084,0.0,7.4,0.0,0.0,0.0,0.0,0.0,0.0,0.0,0.0,1.0,0.0,0.0,0.0,9.0,4.0,0.0,0.0,0.0,0.0,0.0,0.0,0.0,0.0,3.0,12.0,1.0,12.17,5.0200000000000005,2.51,1.49,0.0,0.0,0.0,361.4,0.0,0.2,0.0,1.4,-169.70000000000002,0.0,0.0,169.8,0.0,21.3,28.9,28.9,30.9,300.0,300.0,31.700000000000003,35.800000000000004,28.8,28.0,29.9,4.95,1.99,4.97,0.17,0.0,0.0,1027.0,8228.0,0.0,0.0,0.0,0.0,0.0,1.0,0.0,0.0,0.0,0.0,0.0,1.2000000000000002,0.0,-1.2000000000000002,0.0,0.0,16.0,25903.0
2026-07-30T19:03:13.598Z,363.081,363.096,0.0,7.4,0.0,0.0,0.0,0.0,0.0,0.0,0.0,0.0,1.0,0.0,0.0,0.0,9.0,4.0,0.0,0.0,0.0,0.0,0.0,0.0,0.0,0.0,4.0,12.0,1.0,12.17,5.0200000000000005,2.51,1.49,0.0,0.0,0.0,361.4,0.0,0.9,-1.0,0.3,-169.70000000000002,0.0,0.0,169.70000000000002,0.0,21.3,28.9,28.9,30.9,300.0,300.0,31.700000000000003,35.800000000000004,28.8,28.0,29.9,4.95,1.99,4.96,0.16,0.0,0.0,1027.0,8228.0,0.0,0.0,0.0,0.0,0.0,1.0,0.0,0.0,0.0,0.0,0.0,-0.9,0.0,-0.4,0.0,0.0,16.0,25903.0
2026-07-30T19:03:13.610Z,363.093,363.108,0.0,7.4,0.0,0.0,0.0,0.0,0.0,0.0,0.0,0.0,1.0,0.0,0.0,0.0,9.0,4.0,0.0,0.0,0.0,0.0,0.0,0.0,0.0,0.0,5.0,12.0,1.0,12.15,5.0200000000000005,2.5,1.49,0.0,0.0,0.0,361.3,0.0,-0.2,-1.0,-0.3,-169.70000000000002,0.0,0.0,169.8,0.0,21.4,28.9,28.9,30.9,300.0,300.0,31.6,35.800000000000004,28.8,28.1,29.9,4.95,1.99,4.97,0.16,0.0,0.0,1027.0,8228.0,0.0,0.0,0.0,0.0,0.0,1.0,0.0,0.0,0.0,0.0,0.0,-1.3,0.0,0.0,0.0,0.0,16.0,25903.0
2026-07-30T19:03:13.622Z,363.105,363.12,0.0,7.4,0.0,0.0,0.0,0.0,0.0,0.0,0.0,0.0,1.0,0.0,0.0,0.0,9.0,4.0,0.0,0.0,0.0,0.0,0.0,0.0,0.0,0.0,6.0,12.0,1.0,12.15,5.0200000000000005,2.5,1.49,0.0,0.1,0.0,361.3,0.0,-0.2,0.7000000000000001,-0.8,-169.70000000000002,0.0,0.0,169.70000000000002,0.0,21.4,28.9,28.9,30.9,300.0,300.0,31.6,35.800000000000004,28.8,28.1,29.9,4.95,1.99,4.96,0.16,0.0,0.0,1027.0,8228.0,0.0,0.0,0.0,0.0,0.0,1.0,0.0,0.0,0.0,0.0,0.0,0.1,0.0,0.9,0.0,0.0,16.0,25903.0
2026-07-30T19:03:13.634Z,363.117,363.132,0.0,7.4,0.0,0.0,0.0,0.0,0.0,0.0,0.0,0.0,1.0,0.0,0.0,0.0,9.0,4.0,0.0,0.0,0.0,0.0,0.0,0.0,0.0,0.0,1.0,12.0,1.0,12.15,5.0200000000000005,2.5,1.49,0.0,0.0,0.0,361.4,0.0,0.2,0.1,0.2,-169.70000000000002,0.0,0.0,169.70000000000002,0.0,21.4,28.9,28.9,30.9,300.0,300.0,31.6,35.800000000000004,28.8,28.1,29.9,4.96,1.99,4.96,0.16,0.0,0.0,1027.0,8228.0,0.0,0.0,0.0,0.0,0.0,1.0,0.0,0.0,0.0,0.0,0.0,0.3,0.0,-0.2,0.0,0.0,16.0,25903.0
2026-07-30T19:03:13.646Z,363.129,363.144,0.0,7.4,0.0,0.0,0.0,0.0,0.0,0.0,0.0,0.0,1.0,0.0,0.0,0.0,9.0,4.0,0.0,0.0,0.0,0.0,0.0,0.0,0.0,0.0,2.0,12.0,1.0,12.15,5.0200000000000005,2.5,1.49,0.0,0.0,0.0,361.4,0.0,0.8,0.1,-0.3,-169.70000000000002,0.0,0.0,169.8,0.0,21.4,28.9,28.9,30.9,300.0,300.0,31.6,35.800000000000004,28.8,28.1,29.9,4.95,1.99,4.96,0.16,0.0,0.0,1027.0,8228.0,0.0,0.0,0.0,0.0,0.0,1.0,0.0,0.0,0.0,0.0,0.0,-0.1,0.0,0.3,0.0,0.0,16.0,25903.0
2026-07-30T19:03:13.658Z,363.141,363.156,0.0,7.4,0.0,0.0,0.0,0.0,0.0,0.0,0.0,0.0,1.0,0.0,0.0,0.0,9.0,4.0,0.0,0.0,0.0,0.0,0.0,0.0,0.0,0.0,4.0,12.0,1.0,12.15,5.0200000000000005,2.5,1.49,0.0,0.0,0.0,361.3,0.0,0.3,0.0,0.9,-169.70000000000002,0.0,0.0,169.8,0.0,21.4,28.9,28.9,30.9,300.0,300.0,31.6,35.800000000000004,28.8,28.1,29.9,4.95,1.99,4.97,0.16,0.0,0.0,1027.0,8228.0,0.0,0.0,0.0,0.0,0.0,1.0,0.0,0.0,0.0,0.0,0.0,0.7000000000000001,0.0,-0.7000000000000001,0.0,0.0,16.0,25903.0
2026-07-30T19:03:13.670Z,363.153,363.168,0.0,7.4,0.0,0.0,0.0,0.0,0.0,0.0,0.0,0.0,1.0,0.0,0.0,0.0,9.0,4.0,0.0,0.0,0.0,0.0,0.0,0.0,0.0,0.0,5.0,12.0,1.0,12.15,5.0200000000000005,2.5,1.49,0.0,0.0,0.0,361.3,0.0,-0.2,0.0,-0.3,-169.70000000000002,0.0,0.0,169.8,0.0,21.4,28.9,28.9,30.9,300.0,300.0,31.6,35.800000000000004,28.8,28.1,29.9,4.95,1.99,4.96,0.16,0.0,0.0,1027.0,8228.0,0.0,0.0,0.0,0.0,0.0,1.0,0.0,0.0,0.0,0.0,0.0,-0.1,0.0,0.2,0.0,0.0,16.0,25903.0
2026-07-30T19:03:13.682Z,363.165,363.18,0.0,7.4,0.0,0.0,0.0,0.0,0.0,0.0,0.0,0.0,1.0,0.0,0.0,0.0,9.0,4.0,0.0,0.0,0.0,0.0,0.0,0.0,0.0,0.0,6.0,12.0,1.0,12.15,5.0200000000000005,2.5,1.49,0.0,0.0,0.0,361.3,0.0,0.2,0.0,-0.3,-169.70000000000002,0.0,0.0,169.8,0.0,21.4,28.9,28.9,30.9,300.0,300.0,31.6,35.800000000000004,28.8,28.1,29.9,4.96,1.99,4.96,0.15,0.0,0.0,1027.0,8228.0,0.0,0.0,0.0,0.0,0.0,1.0,0.0,0.0,0.0,0.0,0.0,-0.1,0.0,0.2,0.0,0.0,16.0,25903.0
2026-07-30T19:03:13.694Z,363.177,363.192,0.0,7.4,0.0,0.0,0.0,0.0,0.0,0.0,0.0,0.0,1.0,0.0,0.0,0.0,9.0,4.0,0.0,0.0,0.0,0.0,0.0,0.0,0.0,0.0,1.0,12.0,1.0,12.15,5.0200000000000005,2.5,1.49,0.0,0.0,0.0,361.3,0.0,-0.8,-1.1,-1.4,-169.70000000000002,0.0,0.0,169.8,0.0,21.4,28.9,28.9,30.9,300.0,300.0,31.6,35.800000000000004,28.8,28.1,29.9,4.95,1.99,4.97,0.16,0.0,0.0,1027.0,8228.0,0.0,0.0,0.0,0.0,0.0,1.0,0.0,0.0,0.0,0.0,0.0,-2.3000000000000003,0.0,1.0,0.0,0.0,16.0,25903.0
2026-07-30T19:03:13.707Z,363.19,363.204,0.0,7.4,0.0,0.0,0.0,0.0,0.0,0.0,0.0,0.0,1.0,0.0,0.0,0.0,9.0,4.0,0.0,0.0,0.0,0.0,0.0,0.0,0.0,0.0,2.0,12.0,1.0,12.18,5.01,2.5,1.49,0.0,0.1,0.0,361.3,0.0,0.3,-0.5,0.2,-169.70000000000002,0.0,0.0,169.8,0.0,21.8,28.9,28.9,30.9,300.0,300.0,31.6,35.9,28.8,28.1,29.9,4.96,2.0,4.96,0.16,0.0,0.0,1027.0,8228.0,0.0,0.0,0.0,0.0,0.0,1.0,0.0,0.0,0.0,0.0,0.0,-0.4,0.0,-0.3,0.0,0.0,16.0,25903.0
2026-07-30T19:03:13.717Z,363.2,363.216,0.0,7.4,0.0,0.0,0.0,0.0,0.0,0.0,0.0,0.0,1.0,0.0,0.0,0.0,9.0,4.0,0.0,0.0,0.0,0.0,0.0,0.0,0.0,0.0,3.0,12.0,1.0,12.18,5.01,2.5,1.49,0.0,0.0,0.0,361.4,0.0,-0.8,0.6000000000000001,-0.2,-169.70000000000002,0.0,0.0,169.8,0.0,21.8,28.9,28.9,30.9,300.0,300.0,31.6,35.9,28.8,28.1,29.9,4.96,1.99,4.96,0.16,0.0,0.0,1027.0,8228.0,0.0,0.0,0.0,0.0,0.0,1.0,0.0,0.0,0.0,0.0,0.0,0.5,0.0,0.3,0.0,0.0,16.0,25903.0
2026-07-30T19:03:13.730Z,363.213,363.228,0.0,7.4,0.0,0.0,0.0,0.0,0.0,0.0,0.0,0.0,1.0,0.0,0.0,0.0,9.0,4.0,0.0,0.0,0.0,0.0,0.0,0.0,0.0,0.0,4.0,12.0,1.0,12.18,5.01,2.5,1.49,0.0,0.0,0.0,361.3,0.0,0.9,0.0,1.4,-169.70000000000002,0.0,0.0,169.70000000000002,0.0,21.8,28.9,28.9,30.9,300.0,300.0,31.6,35.9,28.8,28.1,29.9,4.96,1.99,4.96,0.16,0.0,0.0,1027.0,8228.0,0.0,0.0,0.0,0.0,0.0,1.0,0.0,0.0,0.0,0.0,0.0,1.1,0.0,-1.2000000000000002,0.0,0.0,16.0,25903.0
2026-07-30T19:03:13.742Z,363.225,363.24,0.0,7.4,0.0,0.0,0.0,0.0,0.0,0.0,0.0,0.0,1.0,0.0,0.0,0.0,9.0,4.0,0.0,0.0,0.0,0.0,0.0,0.0,0.0,0.0,5.0,12.0,1.0,12.18,5.01,2.5,1.49,0.1,0.0,0.0,361.4,0.0,0.9,-0.5,-0.8,-169.70000000000002,0.0,0.0,169.8,0.0,21.8,28.9,28.9,30.9,300.0,300.0,31.6,35.9,28.8,28.1,29.9,4.95,1.99,4.97,0.16,0.0,0.0,1027.0,8228.0,0.0,0.0,0.0,0.0,0.0,1.0,0.0,0.0,0.0,0.0,0.0,-1.2000000000000002,0.0,0.6000000000000001,0.0,0.0,16.0,25903.0
2026-07-30T19:03:13.754Z,363.237,363.252,0.0,7.4,0.0,0.0,0.0,0.0,0.0,0.0,0.0,0.0,1.0,0.0,0.0,0.0,9.0,4.0,0.0,0.0,0.0,0.0,0.0,0.0,0.0,0.0,6.0,12.0,1.0,12.18,5.01,2.5,1.49,0.0,0.0,0.0,361.4,0.0,-0.2,0.0,-1.3,-169.70000000000002,0.0,0.0,169.70000000000002,0.0,21.8,28.9,28.9,30.9,300.0,300.0,31.6,35.9,28.8,28.1,29.9,4.96,1.99,4.96,0.16,0.0,0.0,1027.0,8228.0,0.0,0.0,0.0,0.0,0.0,1.0,0.0,0.0,0.0,0.0,0.0,-0.9,0.0,1.2000000000000002,0.0,0.0,16.0,25903.0
2026-07-30T19:03:13.766Z,363.249,363.264,0.0,7.4,0.0,0.0,0.0,0.0,0.0,0.0,0.0,0.0,1.0,0.0,0.0,0.0,9.0,4.0,0.0,0.0,0.0,0.0,0.0,0.0,0.0,0.0,1.0,12.0,1.0,12.18,5.01,2.5,1.49,0.0,0.1,0.0,361.4,0.0,-0.2,0.6000000000000001,-0.2,-169.70000000000002,0.0,0.0,169.8,0.0,21.8,28.9,28.9,30.9,300.0,300.0,31.6,35.9,28.8,28.1,29.9,4.96,1.99,4.97,0.15,0.0,0.0,1027.0,8228.0,0.0,0.0,0.0,0.0,0.0,1.0,0.0,0.0,0.0,0.0,0.0,0.6000000000000001,0.0,0.3,0.0,0.0,16.0,25903.0
2026-07-30T19:03:13.778Z,363.261,363.276,0.0,7.4,0.0,0.0,0.0,0.0,0.0,0.0,0.0,0.0,1.0,0.0,0.0,0.0,9.0,4.0,0.0,0.0,0.0,0.0,0.0,0.0,0.0,0.0,2.0,12.0,1.0,12.18,5.01,2.5,1.49,0.0,0.0,0.0,361.4,0.0,-0.2,1.3,0.9,-169.70000000000002,0.0,0.0,169.70000000000002,0.0,21.8,28.9,28.9,30.9,300.0,300.0,31.6,35.9,28.8,28.1,29.9,4.95,1.99,4.97,0.16,0.0,0.0,1027.0,8228.0,0.0,0.0,0.0,0.0,0.0,1.0,0.0,0.0,0.0,0.0,0.0,0.6000000000000001,0.0,0.3,0.0,0.0,16.0,25903.0
2026-07-30T19:03:13.790Z,363.273,363.288,0.0,7.4,0.0,0.0,0.0,0.0,0.0,0.0,0.0,0.0,1.0,0.0,0.0,0.0,9.0,4.0,0.0,0.0,0.0,0.0,0.0,0.0,0.0,0.0,3.0,12.0,1.0,12.18,5.01,2.5,1.49,0.0,0.0,0.0,361.3,0.0,-0.2,0.1,1.5,-169.70000000000002,0.0,0.0,169.60000000000002,0.0,21.8,28.9,28.9,30.9,300.0,300.0,31.6,35.9,28.8,28.1,29.9,4.96,1.99,4.97,0.16,0.0,0.0,1027.0,8228.0,0.0,0.0,0.0,0.0,0.0,1.0,0.0,0.0,0.0,0.0,0.0,0.2,0.0,-0.9,0.0,0.0,16.0,25903.0
2026-07-30T19:03:13.802Z,363.285,363.3,0.0,7.4,0.0,0.0,0.0,0.0,0.0,0.0,0.0,0.0,1.0,0.0,0.0,0.0,9.0,4.0,0.0,0.0,0.0,0.0,0.0,0.0,0.0,0.0,4.0,12.0,1.0,12.18,5.01,2.5,1.49,0.0,0.0,0.0,361.3,0.0,0.3,-1.5,-0.7000000000000001,-169.70000000000002,0.0,0.0,169.60000000000002,0.0,21.8,28.9,28.9,30.9,300.0,300.0,31.6,35.9,28.8,28.1,29.9,4.95,1.99,4.96,0.16,0.0,0.0,1027.0,8228.0,0.0,0.0,0.0,0.0,0.0,1.0,0.0,0.0,0.0,0.0,0.0,-0.4,0.0,-1.0,0.0,0.0,16.0,25903.0
2026-07-30T19:03:13.814Z,363.297,363.312,0.0,7.4,0.0,0.0,0.0,0.0,0.0,0.0,0.0,0.0,1.0,0.0,0.0,0.0,9.0,4.0,0.0,0.0,0.0,0.0,0.0,0.0,0.0,0.0,5.0,12.0,1.0,12.17,5.0200000000000005,2.51,1.49,0.0,0.0,0.0,361.3,0.0,-0.2,1.3,1.5,-169.70000000000002,0.0,0.0,169.70000000000002,0.0,21.4,28.9,28.9,30.9,300.0,300.0,31.700000000000003,35.800000000000004,28.9,28.1,29.9,4.95,1.99,4.97,0.16,0.0,0.0,1027.0,8228.0,0.0,0.0,0.0,0.0,0.0,1.0,0.0,0.0,0.0,0.0,0.0,-1.5,0.0,1.1,0.0,0.0,16.0,25903.0
2026-07-30T19:03:13.826Z,363.309,363.324,0.0,7.4,0.0,0.0,0.0,0.0,0.0,0.0,0.0,0.0,1.0,0.0,0.0,0.0,9.0,4.0,0.0,0.0,0.0,0.0,0.0,0.0,0.0,0.0,6.0,12.0,1.0,12.17,5.0200000000000005,2.51,1.49,0.0,0.0,0.0,361.3,0.0,0.3,-0.4,-0.2,-169.70000000000002,0.0,0.0,169.8,0.0,21.4,28.9,28.9,30.9,300.0,300.0,31.700000000000003,35.800000000000004,28.9,28.1,29.9,4.95,2.0,4.97,0.16,0.0,0.0,1027.0,8228.0,0.0,0.0,0.0,0.0,0.0,1.0,0.0,0.0,0.0,0.0,0.0,-0.6000000000000001,0.0,0.1,0.0,0.0,16.0,25903.0
2026-07-30T19:03:13.838Z,363.321,363.336,0.0,7.4,0.0,0.0,0.0,0.0,0.0,0.0,0.0,0.0,1.0,0.0,0.0,0.0,9.0,4.0,0.0,0.0,0.0,0.0,0.0,0.0,0.0,0.0,1.0,12.0,1.0,12.17,5.0200000000000005,2.51,1.49,0.0,0.0,0.0,361.3,0.0,-0.2,-0.3,1.5,-169.70000000000002,0.0,0.0,169.8,0.0,21.4,28.9,28.9,30.9,300.0,300.0,31.700000000000003,35.800000000000004,28.9,28.1,29.9,4.96,2.0,4.96,0.16,0.0,0.0,1027.0,8228.0,0.0,0.0,0.0,0.0,0.0,1.0,0.0,0.0,0.0,0.0,0.0,0.7000000000000001,0.0,-1.4,0.0,0.0,16.0,25903.0
2026-07-30T19:03:13.850Z,363.333,363.348,0.0,7.4,0.0,0.0,0.0,0.0,0.0,0.0,0.0,0.0,1.0,0.0,0.0,0.0,9.0,4.0,0.0,0.0,0.0,0.0,0.0,0.0,0.0,0.0,3.0,12.0,1.0,12.17,5.0200000000000005,2.51,1.49,0.0,0.0,0.0,361.4,0.0,0.9,-0.4,0.9,-169.70000000000002,0.0,0.0,169.8,0.0,21.4,28.9,28.9,30.9,300.0,300.0,31.700000000000003,35.800000000000004,28.9,28.1,29.9,4.95,1.99,4.97,0.16,0.0,0.0,1027.0,8228.0,0.0,0.0,0.0,0.0,0.0,1.0,0.0,0.0,0.0,0.0,0.0,0.2,0.0,-0.9,0.0,0.0,16.0,25903.0
2026-07-30T19:03:13.862Z,363.345,363.36,0.0,7.4,0.0,0.0,0.0,0.0,0.0,0.0,0.0,0.0,1.0,0.0,0.0,0.0,9.0,4.0,0.0,0.0,0.0,0.0,0.0,0.0,0.0,0.0,3.0,12.0,1.0,12.17,5.0200000000000005,2.51,1.49,0.0,0.0,0.0,361.3,0.0,0.3,1.3,-0.2,-169.70000000000002,0.0,0.0,169.8,0.0,21.4,28.9,28.9,30.9,300.0,300.0,31.700000000000003,35.800000000000004,28.9,28.1,29.9,4.95,1.98,4.97,0.16,0.0,0.0,1027.0,8228.0,0.0,0.0,0.0,0.0,0.0,1.0,0.0,0.0,0.0,0.0,0.0,1.3,0.0,0.4,0.0,0.0,16.0,25903.0
2026-07-30T19:03:13.874Z,363.357,363.372,0.0,7.4,0.0,0.0,0.0,0.0,0.0,0.0,0.0,0.0,1.0,0.0,0.0,0.0,9.0,4.0,0.0,0.0,0.0,0.0,0.0,0.0,0.0,0.0,4.0,12.0,1.0,12.17,5.0200000000000005,2.51,1.49,0.0,0.0,0.0,361.3,0.0,-0.2,0.7000000000000001,1.5,-169.70000000000002,0.0,0.0,169.8,0.0,21.4,28.9,28.9,30.9,300.0,300.0,31.700000000000003,35.800000000000004,28.9,28.1,29.9,4.96,2.0,4.97,0.16,0.0,0.0,1027.0,8228.0,0.0,0.0,0.0,0.0,0.0,1.0,0.0,0.0,0.0,0.0,0.0,1.9,0.0,-1.2000000000000002,0.0,0.0,16.0,25903.0
2026-07-30T19:03:13.886Z,363.369,363.384,0.0,7.4,0.0,0.0,0.0,0.0,0.0,0.0,0.0,0.0,1.0,0.0,0.0,0.0,9.0,4.0,0.0,0.0,0.0,0.0,0.0,0.0,0.0,0.0,5.0,12.0,1.0,12.17,5.0200000000000005,2.51,1.49,0.0,0.0,0.0,361.3,0.0,-0.2,-0.9,-1.3,-169.70000000000002,0.0,0.0,169.70000000000002,0.0,21.4,28.9,28.9,30.9,300.0,300.0,31.700000000000003,35.800000000000004,28.9,28.1,29.9,4.95,2.0,4.96,0.16,0.0,0.0,1027.0,8228.0,0.0,0.0,0.0,0.0,0.0,1.0,0.0,0.0,0.0,0.0,0.0,-2.1,0.0,0.9,0.0,0.0,16.0,25903.0
2026-07-30T19:03:13.897Z,363.38,363.396,0.0,7.4,0.0,0.0,0.0,0.0,0.0,0.0,0.0,0.0,1.0,0.0,0.0,0.0,9.0,4.0,0.0,0.0,0.0,0.0,0.0,0.0,0.0,0.0,1.0,12.0,1.0,12.17,5.0200000000000005,2.51,1.49,0.0,0.0,0.0,361.4,0.0,-0.8,0.7000000000000001,-0.2,-169.70000000000002,0.0,0.0,169.70000000000002,0.0,21.4,28.9,28.9,30.9,300.0,300.0,31.700000000000003,35.800000000000004,28.9,28.1,29.9,4.95,1.99,4.97,0.16,0.0,0.0,1027.0,8228.0,0.0,0.0,0.0,0.0,0.0,1.0,0.0,0.0,0.0,0.0,0.0,0.6000000000000001,0.0,0.3,0.0,0.0,16.0,25903.0
2026-07-30T19:03:13.911Z,363.394,363.408,0.0,7.4,0.0,0.0,0.0,0.0,0.0,0.0,0.0,0.0,1.0,0.0,0.0,0.0,9.0,4.0,0.0,0.0,0.0,0.0,0.0,0.0,0.0,0.0,2.0,12.0,1.0,12.17,5.01,2.51,1.49,0.0,0.0,0.0,361.3,0.0,-0.2,0.1,2.1,-169.70000000000002,0.0,0.0,169.8,0.0,21.9,28.9,28.9,30.9,300.0,300.0,31.6,35.9,28.9,28.0,29.9,4.95,2.0,4.96,0.16,0.0,0.0,1027.0,8228.0,0.0,0.0,0.0,0.0,0.0,1.0,0.0,0.0,0.0,0.0,0.0,1.7000000000000002,0.0,-1.8,0.0,0.0,16.0,25903.0
2026-07-30T19:03:13.922Z,363.405,363.42,0.0,7.4,0.0,0.0,0.0,0.0,0.0,0.0,0.0,0.0,1.0,0.0,0.0,0.0,9.0,4.0,0.0,0.0,0.0,0.0,0.0,0.0,0.0,0.0,3.0,12.0,1.0,12.17,5.01,2.51,1.49,0.0,0.0,0.0,361.3,0.0,0.2,1.2000000000000002,1.5,-169.70000000000002,0.0,0.0,169.60000000000002,0.0,21.9,28.9,28.9,30.9,300.0,300.0,31.6,35.9,28.9,28.0,29.9,4.96,1.99,4.96,0.16,0.0,0.0,1027.0,8228.0,0.0,0.0,0.0,0.0,0.0,1.0,0.0,0.0,0.0,0.0,0.0,2.6,0.0,-1.1,0.0,0.0,16.0,25903.0
2026-07-30T19:03:13.934Z,363.417,363.432,0.0,7.4,0.0,0.0,0.0,0.0,0.0,0.0,0.0,0.0,1.0,0.0,0.0,0.0,9.0,4.0,0.0,0.0,0.0,0.0,0.0,0.0,0.0,0.0,4.0,12.0,1.0,12.17,5.01,2.51,1.49,0.0,0.0,0.0,361.3,0.0,0.2,0.7000000000000001,-0.1,-169.70000000000002,0.0,0.0,169.8,0.0,21.9,28.9,28.9,30.9,300.0,300.0,31.6,35.9,28.9,28.0,29.9,4.95,1.99,4.97,0.16,0.0,0.0,1027.0,8228.0,0.0,0.0,0.0,0.0,0.0,1.0,0.0,0.0,0.0,0.0,0.0,0.7000000000000001,0.0,0.3,0.0,0.0,16.0,25903.0
2026-07-30T19:03:13.945Z,363.428,363.444,0.0,7.4,0.0,0.0,0.0,0.0,0.0,0.0,0.0,0.0,1.0,0.0,0.0,0.0,9.0,4.0,0.0,0.0,0.0,0.0,0.0,0.0,0.0,0.0,6.0,12.0,1.0,12.17,5.01,2.51,1.49,0.0,0.0,0.0,361.4,0.0,0.3,-0.4,-0.1,-169.70000000000002,0.0,0.0,169.70000000000002,0.0,21.9,28.9,28.9,30.9,300.0,300.0,31.6,35.9,28.9,28.0,29.9,4.96,1.99,4.96,0.16,0.0,0.0,1027.0,8228.0,0.0,0.0,0.0,0.0,0.0,1.0,0.0,0.0,0.0,0.0,0.0,-0.6000000000000001,0.0,0.0,0.0,0.0,16.0,25903.0
2026-07-30T19:03:13.958Z,363.441,363.456,0.0,7.4,0.0,0.0,0.0,0.0,0.0,0.0,0.0,0.0,1.0,0.0,0.0,0.0,9.0,4.0,0.0,0.0,0.0,0.0,0.0,0.0,0.0,0.0,1.0,12.0,1.0,12.17,5.01,2.51,1.49,0.0,0.0,0.0,361.3,0.0,0.2,0.7000000000000001,2.1,-169.70000000000002,0.0,0.0,169.70000000000002,0.0,21.9,28.9,28.9,30.9,300.0,300.0,31.6,35.9,28.9,28.0,29.9,4.96,1.99,4.96,0.16,0.0,0.0,1027.0,8228.0,0.0,0.0,0.0,0.0,0.0,1.0,0.0,0.0,0.0,0.0,0.0,2.4000000000000004,0.0,-1.7000000000000002,0.0,0.0,16.0,25903.0
2026-07-30T19:03:13.969Z,363.452,363.468,0.0,7.4,0.0,0.0,0.0,0.0,0.0,0.0,0.0,0.0,1.0,0.0,0.0,0.0,9.0,4.0,0.0,0.0,0.0,0.0,0.0,0.0,0.0,0.0,2.0,12.0,1.0,12.17,5.01,2.51,1.49,0.0,0.0,0.0,361.4,0.0,0.2,0.1,-0.1,-169.70000000000002,0.0,0.0,169.70000000000002,0.0,21.9,28.9,28.9,30.9,300.0,300.0,31.6,35.9,28.9,28.0,29.9,4.95,1.99,4.96,0.16,0.0,0.0,1027.0,8228.0,0.0,0.0,0.0,0.0,0.0,1.0,0.0,0.0,0.0,0.0,0.0,0.0,0.0,0.1,0.0,0.0,16.0,25903.0
2026-07-30T19:03:13.981Z,363.464,363.48,0.0,7.4,0.0,0.0,0.0,0.0,0.0,0.0,0.0,0.0,1.0,0.0,0.0,0.0,9.0,4.0,0.0,0.0,0.0,0.0,0.0,0.0,0.0,0.0,3.0,12.0,1.0,12.17,5.01,2.51,1.49,0.0,0.1,0.0,361.3,0.0,0.2,-0.3,0.3,-169.70000000000002,0.0,0.0,169.70000000000002,0.0,21.9,28.9,28.9,30.9,300.0,300.0,31.6,35.9,28.9,28.0,29.9,4.95,1.99,4.97,0.16,0.0,0.0,1027.0,8228.0,0.0,0.0,0.0,0.0,0.0,1.0,0.0,0.0,0.0,0.0,0.0,-0.1,0.0,-0.4,0.0,0.0,16.0,25903.0
2026-07-30T19:03:13.994Z,363.477,363.492,0.0,7.4,0.0,0.0,0.0,0.0,0.0,0.0,0.0,0.0,1.0,0.0,0.0,0.0,9.0,4.0,0.0,0.0,0.0,0.0,0.0,0.0,0.0,0.0,4.0,12.0,1.0,12.17,5.01,2.51,1.49,0.0,0.0,0.0,361.3,0.0,0.8,-0.3,-0.7000000000000001,-169.70000000000002,0.0,0.0,169.8,0.0,21.9,28.9,28.9,30.9,300.0,300.0,31.6,35.9,28.9,28.0,29.9,4.96,2.0,4.97,0.16,0.0,0.0,1027.0,8228.0,0.0,0.0,0.0,0.0,0.0,1.0,0.0,0.0,0.0,0.0,0.0,-1.0,0.0,0.6000000000000001,0.0,0.0,16.0,25903.0
2026-07-30T19:03:14.005Z,363.488,363.504,0.0,7.4,0.0,0.0,0.0,0.0,0.0,0.0,0.0,0.0,1.0,0.0,0.0,0.0,9.0,4.0,0.0,0.0,0.0,0.0,0.0,0.0,0.0,0.0,5.0,12.0,1.0,12.17,5.01,2.51,1.49,0.0,0.1,0.0,361.4,0.0,-0.2,0.7000000000000001,1.5,-169.70000000000002,0.0,0.0,169.70000000000002,0.0,21.9,28.9,28.9,30.9,300.0,300.0,31.6,35.9,28.9,28.0,29.9,4.96,1.99,4.97,0.16,0.0,0.0,1027.0,8228.0,0.0,0.0,0.0,0.0,0.0,1.0,0.0,0.0,0.0,0.0,0.0,2.0,0.0,-1.2000000000000002,0.0,0.0,16.0,25903.0
2026-07-30T19:03:14.017Z,363.5,363.516,0.0,7.4,0.0,0.0,0.0,0.0,0.0,0.0,0.0,0.0,1.0,0.0,0.0,0.0,9.0,4.0,0.0,0.0,0.0,0.0,0.0,0.0,0.0,0.0,6.0,12.0,1.0,12.14,5.0200000000000005,2.51,1.5,0.0,0.0,0.0,361.4,0.0,0.3,1.4,0.4,-169.70000000000002,0.0,0.0,169.8,0.0,21.4,28.9,28.9,30.9,300.0,300.0,31.700000000000003,35.800000000000004,28.8,28.1,29.9,4.95,1.99,4.97,0.16,0.0,0.0,1027.0,8228.0,0.0,0.0,0.0,0.0,0.0,1.0,0.0,0.0,0.0,0.0,0.0,1.9,0.0,0.0,0.0,0.0,16.0,25903.0
2026-07-30T19:03:14.030Z,363.513,363.528,0.0,7.4,0.0,0.0,0.0,0.0,0.0,0.0,0.0,0.0,1.0,0.0,0.0,0.0,9.0,4.0,0.0,0.0,0.0,0.0,0.0,0.0,0.0,0.0,1.0,12.0,1.0,12.14,5.0200000000000005,2.51,1.5,0.0,0.0,0.0,361.4,0.0,0.3,-0.9,-1.3,-169.70000000000002,0.0,0.0,169.8,0.0,21.4,28.9,28.9,30.9,300.0,300.0,31.700000000000003,35.800000000000004,28.8,28.1,29.9,4.95,1.99,4.96,0.16,0.0,0.0,1027.0,8228.0,0.0,0.0,0.0,0.0,0.0,1.0,0.0,0.0,0.0,0.0,0.0,-2.0,0.0,0.9,0.0,0.0,16.0,25903.0
2026-07-30T19:03:14.042Z,363.525,363.54,0.0,7.4,0.0,0.0,0.0,0.0,0.0,0.0,0.0,0.0,1.0,0.0,0.0,0.0,9.0,4.0,0.0,0.0,0.0,0.0,0.0,0.0,0.0,0.0,3.0,12.0,1.0,12.14,5.0200000000000005,2.51,1.5,0.0,0.0,0.0,361.3,0.0,0.3,-1.4,-0.1,-169.70000000000002,0.0,0.0,169.8,0.0,21.4,28.9,28.9,30.9,300.0,300.0,31.700000000000003,35.800000000000004,28.8,28.1,29.9,4.96,1.99,4.96,0.16,0.0,0.0,1027.0,8228.0,0.0,0.0,0.0,0.0,0.0,1.0,0.0,0.0,0.0,0.0,0.0,-1.7000000000000002,0.0,-0.2,0.0,0.0,16.0,25903.0
2026-07-30T19:03:14.054Z,363.537,363.552,0.0,7.4,0.0,0.0,0.0,0.0,0.0,0.0,0.0,0.0,1.0,0.0,0.0,0.0,9.0,4.0,0.0,0.0,0.0,0.0,0.0,0.0,0.0,0.0,3.0,12.0,1.0,12.14,5.0200000000000005,2.51,1.5,0.0,0.0,0.0,361.3,0.0,-0.2,-0.3,-0.1,-169.70000000000002,0.0,0.0,169.8,0.0,21.4,28.9,28.9,30.9,300.0,300.0,31.700000000000003,35.800000000000004,28.8,28.1,29.9,4.96,1.99,4.97,0.16,0.0,0.0,1027.0,8228.0,0.0,0.0,0.0,0.0,0.0,1.0,0.0,0.0,0.0,0.0,0.0,-0.4,0.0,0.0,0.0,0.0,16.0,25903.0
2026-07-30T19:03:14.066Z,363.549,363.564,0.0,7.4,0.0,0.0,0.0,0.0,0.0,0.0,0.0,0.0,1.0,0.0,0.0,0.0,9.0,4.0,0.0,0.0,0.0,0.0,0.0,0.0,0.0,0.0,5.0,12.0,1.0,12.14,5.0200000000000005,2.51,1.5,0.0,0.0,0.0,361.3,0.0,-1.3,-0.3,0.0,-169.70000000000002,0.0,0.0,169.8,0.0,21.4,28.9,28.9,30.9,300.0,300.0,31.700000000000003,35.800000000000004,28.8,28.1,29.9,4.95,2.0,4.97,0.16,0.0,0.0,1027.0,8228.0,0.0,0.0,0.0,0.0,0.0,1.0,0.0,0.0,0.0,0.0,0.0,-0.4,0.0,0.0,0.0,0.0,16.0,25903.0
2026-07-30T19:03:14.077Z,363.56,363.576,0.0,7.4,0.0,0.0,0.0,0.0,0.0,0.0,0.0,0.0,1.0,0.0,0.0,0.0,9.0,4.0,0.0,0.0,0.0,0.0,0.0,0.0,0.0,0.0,1.0,12.0,1.0,12.14,5.0200000000000005,2.51,1.5,0.0,0.1,0.0,361.4,0.0,-0.2,-0.2,1.0,-169.70000000000002,0.0,0.0,169.8,0.0,21.4,28.9,28.9,30.9,300.0,300.0,31.700000000000003,35.800000000000004,28.8,28.1,29.9,4.96,2.0,4.96,0.16,0.0,0.0,1027.0,8228.0,0.0,0.0,0.0,0.0,0.0,1.0,0.0,0.0,0.0,0.0,0.0,0.4,0.0,-1.0,0.0,0.0,16.0,25903.0
2026-07-30T19:03:14.090Z,363.573,363.588,0.0,7.4,0.0,0.0,0.0,0.0,0.0,0.0,0.0,0.0,1.0,0.0,0.0,0.0,9.0,4.0,0.0,0.0,0.0,0.0,0.0,0.0,0.0,0.0,2.0,12.0,1.0,12.14,5.0200000000000005,2.51,1.5,-0.1,0.1,0.0,361.3,0.0,-0.2,-0.8,-0.6000000000000001,-169.70000000000002,0.0,0.0,169.8,0.0,21.4,28.9,28.9,30.9,300.0,300.0,31.700000000000003,35.800000000000004,28.8,28.1,29.9,4.95,1.99,4.97,0.16,0.0,0.0,1027.0,8228.0,0.0,0.0,0.0,0.0,0.0,1.0,0.0,0.0,0.0,0.0,0.0,-1.4,0.0,0.3,0.0,0.0,16.0,25903.0
2026-07-30T19:03:14.102Z,363.585,363.6,0.0,7.4,0.0,0.0,0.0,0.0,0.0,0.0,0.0,0.0,1.0,0.0,0.0,0.0,9.0,4.0,0.0,0.0,0.0,0.0,0.0,0.0,0.0,0.0,4.0,12.0,1.0,12.14,5.0200000000000005,2.51,1.5,0.0,0.0,0.0,361.4,0.0,0.3,-0.3,0.0,-169.70000000000002,0.0,0.0,169.8,0.0,21.4,28.9,28.9,30.9,300.0,300.0,31.700000000000003,35.800000000000004,28.8,28.1,29.9,4.95,1.98,4.97,0.16,0.0,0.0,1027.0,8228.0,0.0,0.0,0.0,0.0,0.0,1.0,0.0,0.0,0.0,0.0,0.0,-0.4,0.0,0.0,0.0,0.0,16.0,25903.0
2026-07-30T19:03:14.115Z,363.598,363.612,0.0,7.4,0.0,0.0,0.0,0.0,0.0,0.0,0.0,0.0,1.0,0.0,0.0,0.0,9.0,4.0,0.0,0.0,0.0,0.0,0.0,0.0,0.0,0.0,5.0,12.0,1.0,12.15,5.0200000000000005,2.5,1.49,0.0,0.0,0.0,361.4,0.0,-0.7000000000000001,1.4,-0.6000000000000001,-169.70000000000002,0.0,0.0,169.8,0.0,21.700000000000003,28.9,28.9,30.9,300.0,300.0,31.700000000000003,35.800000000000004,28.9,28.1,29.9,4.96,1.99,4.97,0.16,0.0,0.0,1027.0,8228.0,0.0,0.0,0.0,0.0,0.0,1.0,0.0,0.0,0.0,0.0,0.0,1.1,0.0,0.9,0.0,0.0,16.0,25903.0
2026-07-30T19:03:14.126Z,363.609,363.624,0.0,7.4,0.0,0.0,0.0,0.0,0.0,0.0,0.0,0.0,1.0,0.0,0.0,0.0,9.0,4.0,0.0,0.0,0.0,0.0,0.0,0.0,0.0,0.0,5.0,12.0,1.0,12.15,5.0200000000000005,2.5,1.49,0.0,0.0,0.0,361.4,0.0,0.4,0.8,-0.7000000000000001,-169.70000000000002,0.0,0.0,169.8,0.0,21.700000000000003,28.9,28.9,30.9,300.0,300.0,31.700000000000003,35.800000000000004,28.9,28.1,29.9,4.96,1.99,4.96,0.16,0.0,0.0,1027.0,8228.0,0.0,0.0,0.0,0.0,0.0,1.0,0.0,0.0,0.0,0.0,0.0,0.4,0.0,0.8,0.0,0.0,16.0,25903.0
2026-07-30T19:03:14.137Z,363.62,363.636,0.0,7.4,0.0,0.0,0.0,0.0,0.0,0.0,0.0,0.0,1.0,0.0,0.0,0.0,9.0,4.0,0.0,0.0,0.0,0.0,0.0,0.0,0.0,0.0,1.0,12.0,1.0,12.15,5.0200000000000005,2.5,1.49,0.0,0.0,0.0,361.3,0.0,-1.2000000000000002,-0.8,0.4,-169.70000000000002,0.0,0.0,169.8,0.0,21.700000000000003,28.9,28.9,30.9,300.0,300.0,31.700000000000003,35.800000000000004,28.9,28.1,29.9,4.95,1.99,4.97,0.16,0.0,0.0,1027.0,8228.0,0.0,0.0,0.0,0.0,0.0,1.0,0.0,0.0,0.0,0.0,0.0,-0.7000000000000001,0.0,-0.5,0.0,0.0,16.0,25903.0
2026-07-30T19:03:14.150Z,363.633,363.648,0.0,7.4,0.0,0.0,0.0,0.0,0.0,0.0,0.0,0.0,1.0,0.0,0.0,0.0,9.0,4.0,0.0,0.0,0.0,0.0,0.0,0.0,0.0,0.0,2.0,12.0,1.0,12.15,5.0200000000000005,2.5,1.49,0.0,0.0,0.0,361.3,0.0,0.4,0.2,-0.1,-169.70000000000002,0.0,0.0,169.8,0.0,21.700000000000003,28.9,28.9,30.9,300.0,300.0,31.700000000000003,35.800000000000004,28.9,28.1,29.9,4.95,1.99,4.96,0.16,0.0,0.0,1027.0,8228.0,0.0,0.0,0.0,0.0,0.0,1.0,0.0,0.0,0.0,0.0,0.0,0.1,0.0,0.1,0.0,0.0,16.0,25903.0
2026-07-30T19:03:14.162Z,363.645,363.66,0.0,7.4,0.0,0.0,0.0,0.0,0.0,0.0,0.0,0.0,1.0,0.0,0.0,0.0,9.0,4.0,0.0,0.0,0.0,0.0,0.0,0.0,0.0,0.0,3.0,12.0,1.0,12.15,5.0200000000000005,2.5,1.49,0.0,0.0,0.0,361.4,0.0,0.4,0.1,-0.1,-169.70000000000002,0.0,0.0,169.70000000000002,0.0,21.700000000000003,28.9,28.9,30.9,300.0,300.0,31.700000000000003,35.800000000000004,28.9,28.1,29.9,4.96,1.99,4.96,0.16,0.0,0.0,1027.0,8228.0,0.0,0.0,0.0,0.0,0.0,1.0,0.0,0.0,0.0,0.0,0.0,0.1,0.0,0.1,0.0,0.0,16.0,25903.0
2026-07-30T19:03:14.174Z,363.657,363.672,0.0,7.4,0.0,0.0,0.0,0.0,0.0,0.0,0.0,0.0,1.0,0.0,0.0,0.0,9.0,4.0,0.0,0.0,0.0,0.0,0.0,0.0,0.0,0.0,4.0,12.0,1.0,12.15,5.0200000000000005,2.5,1.49,0.0,0.0,0.0,361.4,0.0,0.4,-0.3,-0.7000000000000001,-169.70000000000002,0.0,0.0,169.8,0.0,21.700000000000003,28.9,28.9,30.9,300.0,300.0,31.700000000000003,35.800000000000004,28.9,28.1,29.9,4.95,1.99,4.97,0.16,0.0,0.0,1027.0,8228.0,0.0,0.0,0.0,0.0,0.0,1.0,0.0,0.0,0.0,0.0,0.0,-0.9,0.0,0.5,0.0,0.0,16.0,25903.0
2026-07-30T19:03:14.186Z,363.669,363.684,0.0,7.4,0.0,0.0,0.0,0.0,0.0,0.0,0.0,0.0,1.0,0.0,0.0,0.0,9.0,4.0,0.0,0.0,0.0,0.0,0.0,0.0,0.0,0.0,5.0,12.0,1.0,12.15,5.0200000000000005,2.5,1.49,0.0,0.1,0.0,361.4,0.0,-0.1,-0.9,-0.7000000000000001,-169.70000000000002,0.0,0.0,169.70000000000002,0.0,21.700000000000003,28.9,28.9,30.9,300.0,300.0,31.700000000000003,35.800000000000004,28.9,28.1,29.9,4.96,1.99,4.97,0.16,0.0,0.0,1027.0,8228.0,0.0,0.0,0.0,0.0,0.0,1.0,0.0,0.0,0.0,0.0,0.0,-1.6,0.0,0.4,0.0,0.0,16.0,25903.0
2026-07-30T19:03:14.198Z,363.681,363.696,0.0,7.4,0.0,0.0,0.0,0.0,0.0,0.0,0.0,0.0,1.0,0.0,0.0,0.0,9.0,4.0,0.0,0.0,0.0,0.0,0.0,0.0,0.0,0.0,6.0,12.0,1.0,12.15,5.0200000000000005,2.5,1.49,0.0,0.0,0.0,361.4,0.0,-0.2,0.1,0.4,-169.70000000000002,0.0,0.0,169.70000000000002,0.0,21.700000000000003,28.9,28.9,30.9,300.0,300.0,31.700000000000003,35.800000000000004,28.9,28.1,29.9,4.96,2.0,4.96,0.16,0.0,0.0,1027.0,8228.0,0.0,0.0,0.0,0.0,0.0,1.0,0.0,0.0,0.0,0.0,0.0,0.5,0.0,-0.3,0.0,0.0,16.0,25903.0
2026-07-30T19:03:14.210Z,363.693,363.708,0.0,7.4,0.0,0.0,0.0,0.0,0.0,0.0,0.0,0.0,1.0,0.0,0.0,0.0,9.0,4.0,0.0,0.0,0.0,0.0,0.0,0.0,0.0,0.0,1.0,12.0,1.0,12.15,5.0200000000000005,2.5,1.49,0.0,0.0,0.0,361.3,0.0,0.3,0.1,1.5,-169.70000000000002,0.0,0.0,169.8,0.0,21.700000000000003,28.9,28.9,30.9,300.0,300.0,31.700000000000003,35.800000000000004,28.9,28.1,29.9,4.96,1.99,4.96,0.16,0.0,0.0,1027.0,8228.0,0.0,0.0,0.0,0.0,0.0,1.0,0.0,0.0,0.0,0.0,0.0,1.3,0.0,-1.3,0.0,0.0,16.0,25903.0
2026-07-30T19:03:14.222Z,363.705,363.72,0.0,7.4,0.0,0.0,0.0,0.0,0.0,0.0,0.0,0.0,1.0,0.0,0.0,0.0,9.0,4.0,0.0,0.0,0.0,0.0,0.0,0.0,0.0,0.0,2.0,12.0,1.0,12.17,5.0,2.5,1.49,0.0,0.0,0.0,361.3,0.0,0.9,0.7000000000000001,1.5,-169.70000000000002,0.0,0.0,169.8,0.0,21.0,28.9,28.9,30.9,300.0,300.0,31.700000000000003,35.800000000000004,28.9,28.0,29.9,4.95,1.99,4.97,0.16,0.0,0.0,1027.0,8228.0,0.0,0.0,0.0,0.0,0.0,1.0,0.0,0.0,0.0,0.0,0.0,1.9,0.0,-1.1,0.0,0.0,16.0,25903.0
2026-07-30T19:03:14.233Z,363.716,363.732,0.0,7.4,0.0,0.0,0.0,0.0,0.0,0.0,0.0,0.0,1.0,0.0,0.0,0.0,9.0,4.0,0.0,0.0,0.0,0.0,0.0,0.0,0.0,0.0,3.0,12.0,1.0,12.17,5.0,2.5,1.49,0.0,0.0,0.0,361.4,0.0,0.9,-0.5,-0.1,-169.70000000000002,0.0,0.0,169.8,0.0,21.0,28.9,28.9,30.9,300.0,300.0,31.700000000000003,35.800000000000004,28.9,28.0,29.9,4.96,1.99,4.96,0.16,0.0,0.0,1027.0,8228.0,0.0,0.0,0.0,0.0,0.0,1.0,0.0,0.0,0.0,0.0,0.0,-0.7000000000000001,0.0,0.0,0.0,0.0,16.0,25903.0
2026-07-30T19:03:14.246Z,363.729,363.744,0.0,7.4,0.0,0.0,0.0,0.0,0.0,0.0,0.0,0.0,1.0,0.0,0.0,0.0,9.0,4.0,0.0,0.0,0.0,0.0,0.0,0.0,0.0,0.0,4.0,12.0,1.0,12.17,5.0,2.5,1.49,0.0,0.0,0.0,361.4,0.0,-0.8,-0.5,-0.1,-169.70000000000002,0.0,0.0,169.8,0.0,21.0,28.9,28.9,30.9,300.0,300.0,31.700000000000003,35.800000000000004,28.9,28.0,29.9,4.96,1.99,4.97,0.16,0.0,0.0,1027.0,8228.0,0.0,0.0,0.0,0.0,0.0,1.0,0.0,0.0,0.0,0.0,0.0,-0.7000000000000001,0.0,0.0,0.0,0.0,16.0,25903.0
2026-07-30T19:03:14.258Z,363.741,363.756,0.0,7.4,0.0,0.0,0.0,0.0,0.0,0.0,0.0,0.0,1.0,0.0,0.0,0.0,9.0,4.0,0.0,0.0,0.0,0.0,0.0,0.0,0.0,0.0,5.0,12.0,1.0,12.17,5.0,2.5,1.49,0.0,0.0,0.0,361.4,0.0,0.3,1.7000000000000002,-0.1,-169.70000000000002,0.0,0.0,169.8,0.0,21.0,28.9,28.9,30.9,300.0,300.0,31.700000000000003,35.800000000000004,28.9,28.0,29.9,4.96,1.99,4.97,0.16,0.0,0.0,1027.0,8228.0,0.0,0.0,0.0,0.0,0.0,1.0,0.0,0.0,0.0,0.0,0.0,1.8,0.0,0.5,0.0,0.0,16.0,25903.0
2026-07-30T19:03:14.270Z,363.753,363.768,0.0,7.4,0.0,0.0,0.0,0.0,0.0,0.0,0.0,0.0,1.0,0.0,0.0,0.0,9.0,4.0,0.0,0.0,0.0,0.0,0.0,0.0,0.0,0.0,6.0,12.0,1.0,12.17,5.0,2.5,1.49,0.0,0.0,0.0,361.3,0.0,0.3,-0.4,-0.1,-169.70000000000002,0.0,0.0,169.8,0.0,21.0,28.9,28.9,30.9,300.0,300.0,31.700000000000003,35.800000000000004,28.9,28.0,29.9,4.96,1.99,4.97,0.16,0.0,0.0,1027.0,8228.0,0.0,0.0,0.0,0.0,0.0,1.0,0.0,0.0,0.0,0.0,0.0,-0.6000000000000001,0.0,0.0,0.0,0.0,16.0,25903.0
2026-07-30T19:03:14.282Z,363.765,363.78,0.0,7.4,0.0,0.0,0.0,0.0,0.0,0.0,0.0,0.0,1.0,0.0,0.0,0.0,9.0,4.0,0.0,0.0,0.0,0.0,0.0,0.0,0.0,0.0,2.0,12.0,1.0,12.17,5.0,2.5,1.49,0.0,0.0,0.0,361.3,0.0,-0.7000000000000001,0.1,0.4,-169.70000000000002,0.0,0.0,169.8,0.0,21.0,28.9,28.9,30.9,300.0,300.0,31.700000000000003,35.800000000000004,28.9,28.0,29.9,4.95,1.99,4.96,0.16,0.0,0.0,1027.0,8228.0,0.0,0.0,0.0,0.0,0.0,1.0,0.0,0.0,0.0,0.0,0.0,0.4,0.0,-0.3,0.0,0.0,16.0,25903.0
2026-07-30T19:03:14.294Z,363.777,363.792,0.0,7.4,0.0,0.0,0.0,0.0,0.0,0.0,0.0,0.0,1.0,0.0,0.0,0.0,9.0,4.0,0.0,0.0,0.0,0.0,0.0,0.0,0.0,0.0,3.0,12.0,1.0,12.17,5.0,2.5,1.49,0.0,0.0,0.0,361.3,0.0,0.9,1.2000000000000002,-0.1,-169.70000000000002,0.0,0.0,169.8,0.0,21.0,28.9,28.9,30.9,300.0,300.0,31.700000000000003,35.800000000000004,28.9,28.0,29.9,4.95,1.99,4.96,0.16,0.0,0.0,1027.0,8228.0,0.0,0.0,0.0,0.0,0.0,1.0,0.0,0.0,0.0,0.0,0.0,1.7000000000000002,0.0,-0.1,0.0,0.0,16.0,25903.0
2026-07-30T19:03:14.306Z,363.789,363.804,0.0,7.4,0.0,0.0,0.0,0.0,0.0,0.0,0.0,0.0,1.0,0.0,0.0,0.0,9.0,4.0,0.0,0.0,0.0,0.0,0.0,0.0,0.0,0.0,4.0,12.0,1.0,12.17,5.0,2.5,1.49,0.0,0.0,0.0,361.3,0.0,1.0,-0.4,-0.7000000000000001,-169.70000000000002,0.0,0.0,169.70000000000002,0.0,21.0,28.9,28.9,30.9,300.0,300.0,31.700000000000003,35.800000000000004,28.9,28.0,29.9,4.96,1.99,4.96,0.16,0.0,0.0,1027.0,8228.0,0.0,0.0,0.0,0.0,0.0,1.0,0.0,0.0,0.0,0.0,0.0,-1.3,0.0,1.7000000000000002,0.0,0.0,16.0,25903.0
2026-07-30T19:03:14.319Z,363.802,363.816,0.0,7.4,0.0,0.0,0.0,0.0,0.0,0.0,0.0,0.0,1.0,0.0,0.0,0.0,9.0,4.0,0.0,0.0,0.0,0.0,0.0,0.0,0.0,0.0,5.0,12.0,1.0,12.18,5.0200000000000005,2.5,1.49,0.0,0.0,0.0,361.3,0.0,0.3,-0.4,-0.1,-169.70000000000002,0.0,0.0,169.8,0.0,21.700000000000003,28.9,28.9,30.9,300.0,300.0,31.700000000000003,35.9,28.8,28.1,29.9,4.95,1.99,4.97,0.16,0.0,0.0,1027.0,8228.0,0.0,0.0,0.0,0.0,0.0,1.0,0.0,0.0,0.0,0.0,0.0,-0.4,0.0,0.6000000000000001,0.0,0.0,16.0,25903.0
2026-07-30T19:03:14.330Z,363.813,363.828,0.0,7.4,0.0,0.0,0.0,0.0,0.0,0.0,0.0,0.0,1.0,0.0,0.0,0.0,9.0,4.0,0.0,0.0,0.0,0.0,0.0,0.0,0.0,0.0,6.0,12.0,1.0,12.18,5.0200000000000005,2.5,1.49,0.0,0.0,0.0,361.4,0.0,-0.2,-1.1,0.4,-169.70000000000002,0.0,0.0,169.8,0.0,21.700000000000003,28.9,28.9,30.9,300.0,300.0,31.700000000000003,35.9,28.8,28.1,29.9,4.95,1.99,4.96,0.16,0.0,0.0,1027.0,8228.0,0.0,0.0,0.0,0.0,0.0,1.0,0.0,0.0,0.0,0.0,0.0,-0.9,0.0,-0.5,0.0,0.0,16.0,25903.0
2026-07-30T19:03:14.342Z,363.825,363.84,0.0,7.4,0.0,0.0,0.0,0.0,0.0,0.0,0.0,0.0,1.0,0.0,0.0,0.0,9.0,4.0,0.0,0.0,0.0,0.0,0.0,0.0,0.0,0.0,1.0,12.0,1.0,12.18,5.0200000000000005,2.5,1.49,0.0,0.0,0.0,361.4,0.0,-0.8,0.6000000000000001,-1.4,-169.70000000000002,0.0,0.0,169.70000000000002,0.0,21.700000000000003,28.9,28.9,30.9,300.0,300.0,31.700000000000003,35.9,28.8,28.1,29.9,4.95,1.99,4.96,0.16,0.0,0.0,1027.0,8228.0,0.0,0.0,0.0,0.0,0.0,1.0,0.0,0.0,0.0,0.0,0.0,-0.3,0.0,1.3,0.0,0.0,16.0,25903.0
2026-07-30T19:03:14.354Z,363.837,363.852,0.0,7.4,0.0,0.0,0.0,0.0,0.0,0.0,0.0,0.0,1.0,0.0,0.0,0.0,9.0,4.0,0.0,0.0,0.0,0.0,0.0,0.0,0.0,0.0,1.0,12.0,1.0,12.18,5.0200000000000005,2.5,1.49,0.0,0.0,0.0,361.3,0.0,1.5,0.5,0.9,-169.70000000000002,0.0,0.0,169.70000000000002,0.0,21.700000000000003,28.9,28.9,30.9,300.0,300.0,31.700000000000003,35.9,28.8,28.1,29.9,4.96,1.99,4.96,0.16,0.0,0.0,1027.0,8228.0,0.0,0.0,0.0,0.0,0.0,1.0,0.0,0.0,0.0,0.0,0.0,1.3,0.0,-0.7000000000000001,0.0,0.0,16.0,25903.0
2026-07-30T19:03:14.366Z,363.849,363.864,0.0,7.4,0.0,0.0,0.0,0.0,0.0,0.0,0.0,0.0,1.0,0.0,0.0,0.0,9.0,4.0,0.0,0.0,0.0,0.0,0.0,0.0,0.0,0.0,3.0,12.0,1.0,12.18,5.0200000000000005,2.5,1.49,0.0,0.0,0.0,361.3,0.0,0.3,-1.1,-1.9,-169.70000000000002,0.0,0.0,169.8,0.0,21.700000000000003,28.9,28.9,30.9,300.0,300.0,31.700000000000003,35.9,28.8,28.1,29.9,4.96,1.99,4.97,0.16,0.0,0.0,1027.0,8228.0,0.0,0.0,0.0,0.0,0.0,1.0,0.0,0.0,0.0,0.0,0.0,-2.7,0.0,1.5,0.0,0.0,16.0,25903.0
2026-07-30T19:03:14.378Z,363.861,363.876,0.0,7.4,0.0,0.0,0.0,0.0,0.0,0.0,0.0,0.0,1.0,0.0,0.0,0.0,9.0,4.0,0.0,0.0,0.0,0.0,0.0,0.0,0.0,0.0,4.0,12.0,1.0,12.18,5.0200000000000005,2.5,1.49,0.0,0.0,0.0,361.3,0.0,-0.2,-1.1,-0.2,-169.70000000000002,0.0,0.0,169.8,0.0,21.700000000000003,28.9,28.9,30.9,300.0,300.0,31.700000000000003,35.9,28.8,28.1,29.9,4.95,1.99,4.97,0.16,0.0,0.0,1027.0,8228.0,0.0,0.0,0.0,0.0,0.0,1.0,0.0,0.0,0.0,0.0,0.0,-1.4,0.0,0.0,0.0,0.0,16.0,25903.0
2026-07-30T19:03:14.390Z,363.873,363.888,0.0,7.4,0.0,0.0,0.0,0.0,0.0,0.0,0.0,0.0,1.0,0.0,0.0,0.0,9.0,4.0,0.0,0.0,0.0,0.0,0.0,0.0,0.0,0.0,5.0,12.0,1.0,12.18,5.0200000000000005,2.5,1.49,0.0,0.0,0.0,361.4,0.0,-0.2,0.0,1.5,-169.70000000000002,0.0,0.0,169.8,0.0,21.700000000000003,28.9,28.9,30.9,300.0,300.0,31.700000000000003,35.9,28.8,28.1,29.9,4.95,1.99,4.97,0.16,0.0,0.0,1027.0,8228.0,0.0,0.0,0.0,0.0,0.0,1.0,0.0,0.0,0.0,0.0,0.0,1.1,0.0,-1.3,0.0,0.0,16.0,25903.0
2026-07-30T19:03:14.402Z,363.885,363.9,0.0,7.4,0.0,0.0,0.0,0.0,0.0,0.0,0.0,0.0,1.0,0.0,0.0,0.0,9.0,4.0,0.0,0.0,0.0,0.0,0.0,0.0,0.0,0.0,6.0,12.0,1.0,12.18,5.0200000000000005,2.5,1.49,0.0,0.0,0.0,361.4,0.0,0.3,-0.5,-0.7000000000000001,-169.70000000000002,0.0,0.0,169.8,0.0,21.700000000000003,28.9,28.9,30.9,300.0,300.0,31.700000000000003,35.9,28.8,28.1,29.9,4.96,1.99,4.97,0.17,0.0,0.0,1027.0,8228.0,0.0,0.0,0.0,0.0,0.0,1.0,0.0,0.0,0.0,0.0,0.0,-1.2000000000000002,0.0,0.5,0.0,0.0,16.0,25903.0
2026-07-30T19:03:14.413Z,363.896,363.912,0.0,7.4,0.0,0.0,0.0,0.0,0.0,0.0,0.0,0.0,1.0,0.0,0.0,0.0,9.0,4.0,0.0,0.0,0.0,0.0,0.0,0.0,0.0,0.0,1.0,12.0,1.0,12.18,5.0200000000000005,2.5,1.49,0.0,0.0,0.0,361.4,0.0,0.3,-1.1,-0.7000000000000001,-169.70000000000002,0.0,0.0,169.8,0.0,21.700000000000003,28.9,28.9,30.9,300.0,300.0,31.700000000000003,35.9,28.8,28.1,29.9,4.96,1.99,4.97,0.16,0.0,0.0,1027.0,8228.0,0.0,0.0,0.0,0.0,0.0,1.0,0.0,0.0,0.0,0.0,0.0,-1.8,0.0,0.4,0.0,0.0,16.0,25903.0
2026-07-30T19:03:14.426Z,363.909,363.924,0.0,7.4,0.0,0.0,0.0,0.0,0.0,0.0,0.0,0.0,1.0,0.0,0.0,0.0,9.0,4.0,0.0,0.0,0.0,0.0,0.0,0.0,0.0,0.0,2.0,12.0,1.0,12.17,5.0200000000000005,2.5,1.49,0.0,0.0,0.0,361.3,0.0,0.3,0.0,0.4,-169.70000000000002,0.0,0.0,169.8,0.0,21.8,28.9,28.9,30.9,300.0,300.0,31.6,35.800000000000004,28.8,28.1,30.0,4.96,2.0,4.96,0.16,0.0,0.0,1027.0,8228.0,0.0,0.0,0.0,0.0,0.0,1.0,0.0,0.0,0.0,0.0,0.0,0.3,0.0,-0.3,0.0,0.0,16.0,25903.0
2026-07-30T19:03:14.438Z,363.921,363.936,0.0,7.4,0.0,0.0,0.0,0.0,0.0,0.0,0.0,0.0,1.0,0.0,0.0,0.0,9.0,4.0,0.0,0.0,0.0,0.0,0.0,0.0,0.0,0.0,3.0,12.0,1.0,12.17,5.0200000000000005,2.5,1.49,0.0,0.0,0.0,361.4,0.0,0.3,0.6000000000000001,0.4,-169.70000000000002,0.0,0.0,169.70000000000002,0.0,21.8,28.9,28.9,30.9,300.0,300.0,31.6,35.800000000000004,28.8,28.1,30.0,4.96,1.99,4.96,0.16,0.0,0.0,1027.0,8228.0,0.0,0.0,0.0,0.0,0.0,1.0,0.0,0.0,0.0,0.0,0.0,1.0,0.0,-0.2,0.0,0.0,16.0,25903.0
2026-07-30T19:03:14.450Z,363.933,363.948,0.0,7.4,0.0,0.0,0.0,0.0,0.0,0.0,0.0,0.0,1.0,0.0,0.0,0.0,9.0,4.0,0.0,0.0,0.0,0.0,0.0,0.0,0.0,0.0,4.0,12.0,1.0,12.17,5.0200000000000005,2.5,1.49,0.0,0.0,0.0,361.3,0.0,-0.1,0.6000000000000001,-0.1,-169.70000000000002,0.0,0.0,169.8,0.0,21.8,28.9,28.9,30.9,300.0,300.0,31.6,35.800000000000004,28.8,28.1,30.0,4.96,1.99,4.96,0.16,0.0,0.0,1027.0,8228.0,0.0,0.0,0.0,0.0,0.0,1.0,0.0,0.0,0.0,0.0,0.0,0.6000000000000001,0.0,0.2,0.0,0.0,16.0,25903.0
2026-07-30T19:03:14.462Z,363.945,363.96,0.0,7.4,0.0,0.0,0.0,0.0,0.0,0.0,0.0,0.0,1.0,0.0,0.0,0.0,9.0,4.0,0.0,0.0,0.0,0.0,0.0,0.0,0.0,0.0,4.0,12.0,1.0,12.17,5.0200000000000005,2.5,1.49,0.0,0.0,0.0,361.3,0.0,-0.1,-0.4,-0.7000000000000001,-169.70000000000002,0.0,0.0,169.70000000000002,0.0,21.8,28.9,28.9,30.9,300.0,300.0,31.6,35.800000000000004,28.8,28.1,30.0,4.95,1.99,4.97,0.17,0.0,0.0,1027.0,8228.0,0.0,0.0,0.0,0.0,0.0,1.0,0.0,0.0,0.0,0.0,0.0,-1.0,0.0,0.5,0.0,0.0,16.0,25903.0
2026-07-30T19:03:14.474Z,363.957,363.972,0.0,7.4,0.0,0.0,0.0,0.0,0.0,0.0,0.0,0.0,1.0,0.0,0.0,0.0,9.0,4.0,0.0,0.0,0.0,0.0,0.0,0.0,0.0,0.0,5.0,12.0,1.0,12.17,5.0200000000000005,2.5,1.49,0.0,0.0,0.0,361.3,0.0,-0.7000000000000001,0.1,1.0,-169.70000000000002,0.0,0.0,169.70000000000002,0.0,21.8,28.9,28.9,30.9,300.0,300.0,31.6,35.800000000000004,28.8,28.1,30.0,4.96,1.99,4.96,0.17,0.0,0.0,1027.0,8228.0,0.0,0.0,0.0,0.0,0.0,1.0,0.0,0.0,0.0,0.0,0.0,0.9,0.0,-0.8,0.0,0.0,16.0,25903.0
2026-07-30T19:03:14.485Z,363.968,363.984,0.0,7.4,0.0,0.0,0.0,0.0,0.0,0.0,0.0,0.0,1.0,0.0,0.0,0.0,9.0,4.0,0.0,0.0,0.0,0.0,0.0,0.0,0.0,0.0,6.0,12.0,1.0,12.17,5.0200000000000005,2.5,1.49,0.0,0.0,0.0,361.3,0.0,0.9,0.1,-0.7000000000000001,-169.70000000000002,0.0,0.0,169.8,0.0,21.8,28.9,28.9,30.9,300.0,300.0,31.6,35.800000000000004,28.8,28.1,30.0,4.96,1.99,4.97,0.16,0.0,0.0,1027.0,8228.0,0.0,0.0,0.0,0.0,0.0,1.0,0.0,0.0,0.0,0.0,0.0,-0.4,0.0,0.7000000000000001,0.0,0.0,16.0,25903.0
2026-07-30T19:03:14.498Z,363.981,363.996,0.0,7.4,0.0,0.0,0.0,0.0,0.0,0.0,0.0,0.0,1.0,0.0,0.0,0.0,9.0,4.0,0.0,0.0,0.0,0.0,0.0,0.0,0.0,0.0,1.0,12.0,1.0,12.17,5.0200000000000005,2.5,1.49,0.0,0.1,0.0,361.4,0.0,0.9,1.3,0.9,-169.70000000000002,0.0,0.0,169.8,0.0,21.8,28.9,28.9,30.9,300.0,300.0,31.6,35.800000000000004,28.8,28.1,30.0,4.95,2.0,4.97,0.16,0.0,0.0,1027.0,8228.0,0.0,0.0,0.0,0.0,0.0,1.0,0.0,0.0,0.0,0.0,0.0,2.2,0.0,-0.5,0.0,0.0,16.0,25903.0
2026-07-30T19:03:14.509Z,363.992,364.008,0.0,7.4,0.0,0.0,0.0,0.0,0.0,0.0,0.0,0.0,1.0,0.0,0.0,0.0,9.0,4.0,0.0,0.0,0.0,0.0,0.0,0.0,0.0,0.0,2.0,12.0,1.0,12.17,5.0200000000000005,2.5,1.49,0.0,0.0,0.0,361.4,0.0,0.3,-1.0,-0.2,-169.70000000000002,0.0,0.0,169.70000000000002,0.0,21.8,28.9,28.9,30.9,300.0,300.0,31.6,35.800000000000004,28.8,28.1,30.0,4.95,2.0,4.96,0.16,0.0,0.0,1027.0,8228.0,0.0,0.0,0.0,0.0,0.0,1.0,0.0,0.0,0.0,0.0,0.0,-1.3,0.0,0.0,0.0,0.0,16.0,25903.0
2026-07-30T19:03:14.522Z,364.005,364.02,0.0,7.4,0.0,0.0,0.0,0.0,0.0,0.0,0.0,0.0,1.0,0.0,0.0,0.0,9.0,4.0,0.0,0.0,0.0,0.0,0.0,0.0,0.0,0.0,3.0,12.0,1.0,12.15,5.01,2.51,1.49,0.0,0.0,0.0,361.3,0.0,0.3,-0.5,0.3,-169.70000000000002,0.0,0.0,169.8,0.0,21.700000000000003,28.9,28.9,30.9,300.0,300.0,31.700000000000003,35.800000000000004,28.9,28.1,29.9,4.96,1.99,4.96,0.16,0.0,0.0,1027.0,8228.0,0.0,0.0,0.0,0.0,0.0,1.0,0.0,0.0,0.0,0.0,0.0,-0.3,0.0,-0.4,0.0,0.0,16.0,25903.0
2026-07-30T19:03:14.534Z,364.017,364.032,0.0,7.4,0.0,0.0,0.0,0.0,0.0,0.0,0.0,0.0,1.0,0.0,0.0,0.0,9.0,4.0,0.0,0.0,0.0,0.0,0.0,0.0,0.0,0.0,4.0,12.0,1.0,12.15,5.01,2.51,1.49,0.0,0.0,0.0,361.3,0.0,0.2,0.5,0.3,-169.70000000000002,0.0,0.0,169.8,0.0,21.700000000000003,28.9,28.9,30.9,300.0,300.0,31.700000000000003,35.800000000000004,28.9,28.1,29.9,4.96,1.99,4.97,0.16,0.0,0.0,1027.0,8228.0,0.0,0.0,0.0,0.0,0.0,1.0,0.0,0.0,0.0,0.0,0.0,0.9,0.0,-0.2,0.0,0.0,16.0,25903.0
2026-07-30T19:03:14.546Z,364.029,364.044,0.0,7.4,0.0,0.0,0.0,0.0,0.0,0.0,0.0,0.0,1.0,0.0,0.0,0.0,9.0,4.0,0.0,0.0,0.0,0.0,0.0,0.0,0.0,0.0,5.0,12.0,1.0,12.15,5.01,2.51,1.49,0.0,0.0,0.0,361.3,0.0,-0.3,0.0,-0.8,-169.70000000000002,0.0,0.0,169.70000000000002,0.0,21.700000000000003,28.9,28.9,30.9,300.0,300.0,31.700000000000003,35.800000000000004,28.9,28.1,29.9,4.95,1.99,4.97,0.16,0.0,0.0,1027.0,8228.0,0.0,0.0,0.0,0.0,0.0,1.0,0.0,0.0,0.0,0.0,0.0,-0.5,0.0,0.7000000000000001,0.0,0.0,16.0,25903.0
2026-07-30T19:03:14.558Z,364.041,364.056,0.0,7.4,0.0,0.0,0.0,0.0,0.0,0.0,0.0,0.0,1.0,0.0,0.0,0.0,9.0,4.0,0.0,0.0,0.0,0.0,0.0,0.0,0.0,0.0,1.0,12.0,1.0,12.15,5.01,2.51,1.49,0.0,0.0,0.0,361.4,0.0,0.8,0.6000000000000001,0.3,-169.70000000000002,0.0,0.0,169.8,0.0,21.700000000000003,28.9,28.9,30.9,300.0,300.0,31.700000000000003,35.800000000000004,28.9,28.1,29.9,4.96,1.99,4.96,0.16,0.0,0.0,1027.0,8228.0,0.0,0.0,0.0,0.0,0.0,1.0,0.0,0.0,0.0,0.0,0.0,1.0,0.0,-0.2,0.0,0.0,16.0,25903.0
2026-07-30T19:03:14.569Z,364.052,364.068,0.0,7.4,0.0,0.0,0.0,0.0,0.0,0.0,0.0,0.0,1.0,0.0,0.0,0.0,9.0,4.0,0.0,0.0,0.0,0.0,0.0,0.0,0.0,0.0,2.0,12.0,1.0,12.15,5.01,2.51,1.49,0.0,0.0,0.0,361.4,0.0,-0.3,-0.5,-0.2,-169.70000000000002,0.0,0.0,169.60000000000002,0.0,21.700000000000003,28.9,28.9,30.9,300.0,300.0,31.700000000000003,35.800000000000004,28.9,28.1,29.9,4.95,1.99,4.97,0.16,0.0,0.0,1027.0,8228.0,0.0,0.0,0.0,0.0,0.0,1.0,0.0,0.0,0.0,0.0,0.0,-0.8,0.0,0.0,0.0,0.0,16.0,25903.0
2026-07-30T19:03:14.581Z,364.064,364.08,0.0,7.4,0.0,0.0,0.0,0.0,0.0,0.0,0.0,0.0,1.0,0.0,0.0,0.0,9.0,4.0,0.0,0.0,0.0,0.0,0.0,0.0,0.0,0.0,4.0,12.0,1.0,12.15,5.01,2.51,1.49,0.0,0.1,0.0,361.4,0.0,-0.3,0.0,-0.7000000000000001,-169.70000000000002,0.0,0.0,169.8,0.0,21.700000000000003,28.9,28.9,30.9,300.0,300.0,31.700000000000003,35.800000000000004,28.9,28.1,29.9,4.95,1.99,4.96,0.16,0.0,0.0,1027.0,8228.0,0.0,0.0,0.0,0.0,0.0,1.0,0.0,0.0,0.0,0.0,0.0,-0.6000000000000001,0.0,0.6000000000000001,0.0,0.0,16.0,25903.0
2026-07-30T19:03:14.594Z,364.077,364.092,0.0,7.4,0.0,0.0,0.0,0.0,0.0,0.0,0.0,0.0,1.0,0.0,0.0,0.0,9.0,4.0,0.0,0.0,0.0,0.0,0.0,0.0,0.0,0.0,5.0,12.0,1.0,12.15,5.01,2.51,1.49,0.0,0.0,0.0,361.4,0.0,0.2,0.0,-0.1,-169.70000000000002,0.0,0.0,169.8,0.0,21.700000000000003,28.9,28.9,30.9,300.0,300.0,31.700000000000003,35.800000000000004,28.9,28.1,29.9,4.96,2.0,4.96,0.15,0.0,0.0,1027.0,8228.0,0.0,0.0,0.0,0.0,0.0,1.0,0.0,0.0,0.0,0.0,0.0,-0.1,0.0,0.1,0.0,0.0,16.0,25903.0
2026-07-30T19:03:14.606Z,364.089,364.104,0.0,7.4,0.0,0.0,0.0,0.0,0.0,0.0,0.0,0.0,1.0,0.0,0.0,0.0,9.0,4.0,0.0,0.0,0.0,0.0,0.0,0.0,0.0,0.0,1.0,12.0,1.0,12.15,5.01,2.51,1.49,0.0,0.0,0.0,361.4,0.0,0.2,0.6000000000000001,0.4,-169.70000000000002,0.0,0.0,169.8,0.0,21.700000000000003,28.9,28.9,30.9,300.0,300.0,31.700000000000003,35.800000000000004,28.9,28.1,29.9,4.95,2.0,4.97,0.16,0.0,0.0,1027.0,8228.0,0.0,0.0,0.0,0.0,0.0,1.0,0.0,0.0,0.0,0.0,0.0,1.0,0.0,-0.2,0.0,0.0,16.0,25903.0
2026-07-30T19:03:14.618Z,364.101,364.116,0.0,7.4,0.0,0.0,0.0,0.0,0.0,0.0,0.0,0.0,1.0,0.0,0.0,0.0,9.0,4.0,0.0,0.0,0.0,0.0,0.0,0.0,0.0,0.0,2.0,12.0,1.0,12.15,5.01,2.51,1.49,0.0,0.1,0.0,361.3,0.0,0.9,1.8,1.5,-169.70000000000002,0.0,0.0,169.8,0.0,21.700000000000003,28.9,28.9,30.9,300.0,300.0,31.700000000000003,35.800000000000004,28.9,28.1,29.9,4.96,1.99,4.97,0.16,0.0,0.0,1027.0,8228.0,0.0,0.0,0.0,0.0,0.0,1.0,0.0,0.0,0.0,0.0,0.0,3.2,0.0,-1.0,0.0,0.0,16.0,25903.0
2026-07-30T19:03:14.630Z,364.113,364.128,0.0,7.4,0.0,0.0,0.0,0.0,0.0,0.0,0.0,0.0,1.0,0.0,0.0,0.0,9.0,4.0,0.0,0.0,0.0,0.0,0.0,0.0,0.0,0.0,3.0,12.0,1.0,12.18,5.0200000000000005,2.51,1.5,0.0,0.0,0.0,361.3,0.0,-0.2,0.5,-2.5,-169.70000000000002,0.0,0.0,169.8,0.0,21.700000000000003,28.9,28.9,30.9,300.0,300.0,31.6,35.800000000000004,28.9,28.1,29.9,4.96,1.99,4.96,0.16,0.0,0.0,1027.0,8228.0,0.0,0.0,0.0,0.0,0.0,1.0,0.0,0.0,0.0,0.0,0.0,-1.1,0.0,2.3000000000000003,0.0,0.0,16.0,25903.0
2026-07-30T19:03:14.642Z,364.125,364.14,0.0,7.4,0.0,0.0,0.0,0.0,0.0,0.0,0.0,0.0,1.0,0.0,0.0,0.0,9.0,4.0,0.0,0.0,0.0,0.0,0.0,0.0,0.0,0.0,4.0,12.0,1.0,12.18,5.0200000000000005,2.51,1.5,0.0,0.0,0.0,361.3,0.0,-0.2,-0.5,-0.1,-169.70000000000002,0.0,0.0,169.8,0.0,21.700000000000003,28.9,28.9,30.9,300.0,300.0,31.6,35.800000000000004,28.9,28.1,29.9,4.96,1.99,4.96,0.16,0.0,0.0,1027.0,8228.0,0.0,0.0,0.0,0.0,0.0,1.0,0.0,0.0,0.0,0.0,0.0,-0.7000000000000001,0.0,0.0,0.0,0.0,16.0,25903.0
2026-07-30T19:03:14.654Z,364.137,364.152,0.0,7.4,0.0,0.0,0.0,0.0,0.0,0.0,0.0,0.0,1.0,0.0,0.0,0.0,9.0,4.0,0.0,0.0,0.0,0.0,0.0,0.0,0.0,0.0,5.0,12.0,1.0,12.18,5.0200000000000005,2.51,1.5,0.0,0.0,0.0,361.4,0.0,0.8,1.1,0.9,-169.70000000000002,0.0,0.0,169.8,0.0,21.700000000000003,28.9,28.9,30.9,300.0,300.0,31.6,35.800000000000004,28.9,28.1,29.9,4.95,1.99,4.97,0.16,0.0,0.0,1027.0,8228.0,0.0,0.0,0.0,0.0,0.0,1.0,0.0,0.0,0.0,0.0,0.0,2.0,0.0,-0.5,0.0,0.0,16.0,25903.0
2026-07-30T19:03:14.666Z,364.149,364.164,0.0,7.4,0.0,0.0,0.0,0.0,0.0,0.0,0.0,0.0,1.0,0.0,0.0,0.0,9.0,4.0,0.0,0.0,0.0,0.0,0.0,0.0,0.0,0.0,6.0,12.0,1.0,12.18,5.0200000000000005,2.51,1.5,0.0,0.0,0.0,361.3,0.0,0.2,-1.1,-0.3,-169.70000000000002,0.0,0.0,169.8,0.0,21.700000000000003,28.9,28.9,30.9,300.0,300.0,31.6,35.800000000000004,28.9,28.1,29.9,4.96,1.99,4.97,0.16,0.0,0.0,1027.0,8228.0,0.0,0.0,0.0,0.0,0.0,1.0,0.0,0.0,0.0,0.0,0.0,-1.5,0.0,0.0,0.0,0.0,16.0,25903.0
2026-07-30T19:03:14.678Z,364.161,364.176,0.0,7.4,0.0,0.0,0.0,0.0,0.0,0.0,0.0,0.0,1.0,0.0,0.0,0.0,9.0,4.0,0.0,0.0,0.0,0.0,0.0,0.0,0.0,0.0,1.0,12.0,1.0,12.18,5.0200000000000005,2.51,1.5,0.0,0.0,0.0,361.4,0.0,0.2,-0.6000000000000001,-0.3,-169.70000000000002,0.0,0.0,169.8,0.0,21.700000000000003,28.9,28.9,30.9,300.0,300.0,31.6,35.800000000000004,28.9,28.1,29.9,4.96,1.99,4.97,0.16,0.0,0.0,1027.0,8228.0,0.0,0.0,0.0,0.0,0.0,1.0,0.0,0.0,0.0,0.0,0.0,-0.9,0.0,0.1,0.0,0.0,16.0,25903.0
2026-07-30T19:03:14.690Z,364.173,364.188,0.0,7.4,0.0,0.0,0.0,0.0,0.0,0.0,0.0,0.0,1.0,0.0,0.0,0.0,9.0,4.0,0.0,0.0,0.0,0.0,0.0,0.0,0.0,0.0,3.0,12.0,1.0,12.18,5.0200000000000005,2.51,1.5,-0.1,0.0,0.0,361.3,0.0,-0.3,1.1,-0.3,-169.70000000000002,0.0,0.0,169.70000000000002,0.0,21.700000000000003,28.9,28.9,30.9,300.0,300.0,31.6,35.800000000000004,28.9,28.1,29.9,4.95,1.99,4.97,0.16,0.0,0.0,1027.0,8228.0,0.0,0.0,0.0,0.0,0.0,1.0,0.0,0.0,0.0,0.0,0.0,1.0,0.0,0.5,0.0,0.0,16.0,25903.0
2026-07-30T19:03:14.702Z,364.185,364.2,0.0,7.4,0.0,0.0,0.0,0.0,0.0,0.0,0.0,0.0,1.0,0.0,0.0,0.0,9.0,4.0,0.0,0.0,0.0,0.0,0.0,0.0,0.0,0.0,4.0,12.0,1.0,12.18,5.0200000000000005,2.51,1.5,0.0,0.0,0.0,361.4,0.0,-0.9,-1.1,-1.4,-169.70000000000002,0.0,0.0,169.70000000000002,0.0,21.700000000000003,28.9,28.9,30.9,300.0,300.0,31.6,35.800000000000004,28.9,28.1,29.9,4.96,1.99,4.97,0.16,0.0,0.0,1027.0,8228.0,0.0,0.0,0.0,0.0,0.0,1.0,0.0,0.0,0.0,0.0,0.0,-2.4000000000000004,0.0,1.0,0.0,0.0,16.0,25903.0
2026-07-30T19:03:14.714Z,364.197,364.212,0.0,7.4,0.0,0.0,0.0,0.0,0.0,0.0,0.0,0.0,1.0,0.0,0.0,0.0,9.0,4.0,0.0,0.0,0.0,0.0,0.0,0.0,0.0,0.0,5.0,12.0,1.0,12.18,5.0200000000000005,2.51,1.5,0.0,0.0,0.0,361.3,0.0,0.8,0.0,0.2,-169.70000000000002,0.0,0.0,169.70000000000002,0.0,21.700000000000003,28.9,28.9,30.9,300.0,300.0,31.6,35.800000000000004,28.9,28.1,29.9,4.96,1.99,4.96,0.16,0.0,0.0,1027.0,8228.0,0.0,0.0,0.0,0.0,0.0,1.0,0.0,0.0,0.0,0.0,0.0,0.1,0.0,-0.2,0.0,0.0,16.0,25903.0
2026-07-30T19:03:14.727Z,364.21,364.224,0.0,7.4,0.0,0.0,0.0,0.0,0.0,0.0,0.0,0.0,1.0,0.0,0.0,0.0,9.0,4.0,0.0,0.0,0.0,0.0,0.0,0.0,0.0,0.0,6.0,12.0,1.0,12.14,5.0200000000000005,2.5,1.49,0.0,0.0,0.0,361.3,0.0,-0.3,0.5,0.2,-169.70000000000002,0.0,0.0,169.70000000000002,0.0,21.4,28.9,28.9,30.9,300.0,300.0,31.700000000000003,35.800000000000004,28.8,28.0,29.9,4.96,1.99,4.97,0.16,0.0,0.0,1027.0,8228.0,0.0,0.0,0.0,0.0,0.0,1.0,0.0,0.0,0.0,0.0,0.0,0.8,0.0,-0.1,0.0,0.0,16.0,25903.0
2026-07-30T19:03:14.738Z,364.221,364.236,0.0,7.4,0.0,0.0,0.0,0.0,0.0,0.0,0.0,0.0,1.0,0.0,0.0,0.0,9.0,4.0,0.0,0.0,0.0,0.0,0.0,0.0,0.0,0.0,1.0,12.0,1.0,12.14,5.0200000000000005,2.5,1.49,0.0,0.0,0.0,361.3,0.0,0.2,0.0,-0.9,-169.70000000000002,0.0,0.0,169.8,0.0,21.4,28.9,28.9,30.9,300.0,300.0,31.700000000000003,35.800000000000004,28.8,28.0,29.9,4.95,1.99,4.97,0.16,0.0,0.0,1027.0,8228.0,0.0,0.0,0.0,0.0,0.0,1.0,0.0,0.0,0.0,0.0,0.0,-0.6000000000000001,0.0,0.8,0.0,0.0,16.0,25903.0
2026-07-30T19:03:14.750Z,364.233,364.248,0.0,7.4,0.0,0.0,0.0,0.0,0.0,0.0,0.0,0.0,1.0,0.0,0.0,0.0,9.0,4.0,0.0,0.0,0.0,0.0,0.0,0.0,0.0,0.0,2.0,12.0,1.0,12.14,5.0200000000000005,2.5,1.49,0.0,0.0,0.0,361.3,0.0,-0.3,0.5,-0.3,-169.70000000000002,0.0,0.0,169.8,0.0,21.4,28.9,28.9,30.9,300.0,300.0,31.700000000000003,35.800000000000004,28.8,28.0,29.9,4.96,1.99,4.97,0.16,0.0,0.0,1027.0,8228.0,0.0,0.0,0.0,0.0,0.0,1.0,0.0,0.0,0.0,0.0,0.0,0.4,0.0,0.3,0.0,0.0,16.0,25903.0
2026-07-30T19:03:14.762Z,364.245,364.26,0.0,7.4,0.0,0.0,0.0,0.0,0.0,0.0,0.0,0.0,1.0,0.0,0.0,0.0,9.0,4.0,0.0,0.0,0.0,0.0,0.0,0.0,0.0,0.0,3.0,12.0,1.0,12.14,5.0200000000000005,2.5,1.49,0.0,0.0,0.0,361.3,0.0,0.8,0.6000000000000001,0.2,-169.70000000000002,0.0,0.0,169.8,0.0,21.4,28.9,28.9,30.9,300.0,300.0,31.700000000000003,35.800000000000004,28.8,28.0,29.9,4.95,1.99,4.97,0.16,0.0,0.0,1027.0,8228.0,0.0,0.0,0.0,0.0,0.0,1.0,0.0,0.0,0.0,0.0,0.0,0.8,0.0,-0.1,0.0,0.0,16.0,25903.0
2026-07-30T19:03:14.774Z,364.257,364.272,0.0,7.4,0.0,0.0,0.0,0.0,0.0,0.0,0.0,0.0,1.0,0.0,0.0,0.0,9.0,4.0,0.0,0.0,0.0,0.0,0.0,0.0,0.0,0.0,4.0,12.0,1.0,12.14,5.0200000000000005,2.5,1.49,0.0,0.0,0.0,361.3,0.0,0.3,1.1,1.4,-169.70000000000002,0.0,0.0,169.8,0.0,21.4,28.9,28.9,30.9,300.0,300.0,31.700000000000003,35.800000000000004,28.8,28.0,29.9,4.95,1.99,4.97,0.16,0.0,0.0,1027.0,8228.0,0.0,0.0,0.0,0.0,0.0,1.0,0.0,0.0,0.0,0.0,0.0,2.4000000000000004,0.0,-1.0,0.0,0.0,16.0,25903.0
2026-07-30T19:03:14.786Z,364.269,364.284,0.0,7.4,0.0,0.0,0.0,0.0,0.0,0.0,0.0,0.0,1.0,0.0,0.0,0.0,9.0,4.0,0.0,0.0,0.0,0.0,0.0,0.0,0.0,0.0,5.0,12.0,1.0,12.14,5.0200000000000005,2.5,1.49,0.0,0.0,0.0,361.3,0.0,-0.2,1.2000000000000002,-0.8,-169.70000000000002,0.0,0.0,169.8,0.0,21.4,28.9,28.9,30.9,300.0,300.0,31.700000000000003,35.800000000000004,28.8,28.0,29.9,4.96,1.99,4.97,0.16,0.0,0.0,1027.0,8228.0,0.0,0.0,0.0,0.0,0.0,1.0,0.0,0.0,0.0,0.0,0.0,0.7000000000000001,0.0,0.9,0.0,0.0,16.0,25903.0
2026-07-30T19:03:14.798Z,364.281,364.296,0.0,7.4,0.0,0.0,0.0,0.0,0.0,0.0,0.0,0.0,1.0,0.0,0.0,0.0,9.0,4.0,0.0,0.0,0.0,0.0,0.0,0.0,0.0,0.0,6.0,12.0,1.0,12.14,5.0200000000000005,2.5,1.49,0.0,0.1,0.0,361.4,0.0,-0.1,-0.4,-1.4,-169.70000000000002,0.0,0.0,169.8,0.0,21.4,28.9,28.9,30.9,300.0,300.0,31.700000000000003,35.800000000000004,28.8,28.0,29.9,4.96,1.99,4.96,0.17,0.0,0.0,1027.0,8228.0,0.0,0.0,0.0,0.0,0.0,1.0,0.0,0.0,0.0,0.0,0.0,-1.5,0.0,1.1,0.0,0.0,16.0,25903.0
2026-07-30T19:03:14.810Z,364.293,364.308,0.0,7.4,0.0,0.0,0.0,0.0,0.0,0.0,0.0,0.0,1.0,0.0,0.0,0.0,9.0,4.0,0.0,0.0,0.0,0.0,0.0,0.0,0.0,0.0,1.0,12.0,1.0,12.14,5.0200000000000005,2.5,1.49,0.0,0.1,0.0,361.3,0.0,-0.1,-0.5,-0.2,-169.70000000000002,0.0,0.0,169.8,0.0,21.4,28.9,28.9,30.9,300.0,300.0,31.700000000000003,35.800000000000004,28.8,28.0,29.9,4.95,1.99,4.96,0.17,0.0,0.0,1027.0,8228.0,0.0,0.0,0.0,0.0,0.0,1.0,0.0,0.0,0.0,0.0,0.0,0.5,0.0,0.3,0.0,0.0,16.0,25903.0
2026-07-30T19:03:14.822Z,364.305,364.32,0.0,7.4,0.0,0.0,0.0,0.0,0.0,0.0,0.0,0.0,1.0,0.0,0.0,0.0,9.0,4.0,0.0,0.0,0.0,0.0,0.0,0.0,0.0,0.0,2.0,12.0,1.0,12.14,5.0200000000000005,2.5,1.49,0.0,0.0,0.0,361.3,0.0,-0.1,-0.5,0.9,-169.70000000000002,0.0,0.0,169.8,0.0,21.4,28.9,28.9,30.9,300.0,300.0,31.700000000000003,35.800000000000004,28.8,28.0,29.9,4.95,1.99,4.97,0.16,0.0,0.0,1027.0,8228.0,0.0,0.0,0.0,0.0,0.0,1.0,0.0,0.0,0.0,0.0,0.0,0.7000000000000001,0.0,-0.7000000000000001,0.0,0.0,16.0,25903.0
2026-07-30T19:03:14.834Z,364.317,364.332,0.0,7.4,0.0,0.0,0.0,0.0,0.0,0.0,0.0,0.0,1.0,0.0,0.0,0.0,9.0,4.0,0.0,0.0,0.0,0.0,0.0,0.0,0.0,0.0,4.0,12.0,1.0,12.17,5.01,2.51,1.49,0.0,0.0,0.0,361.3,0.0,-0.1,0.1,-0.2,-169.70000000000002,0.0,0.0,169.8,0.0,21.3,28.9,28.9,30.9,300.0,300.0,31.6,35.800000000000004,28.8,28.0,29.9,4.96,2.0,4.97,0.16,0.0,0.0,1027.0,8228.0,0.0,0.0,0.0,0.0,0.0,1.0,0.0,0.0,0.0,0.0,0.0,0.0,0.0,0.2,0.0,0.0,16.0,25903.0
2026-07-30T19:03:14.846Z,364.329,364.344,0.0,7.4,0.0,0.0,0.0,0.0,0.0,0.0,0.0,0.0,1.0,0.0,0.0,0.0,9.0,4.0,0.0,0.0,0.0,0.0,0.0,0.0,0.0,0.0,5.0,12.0,1.0,12.17,5.01,2.51,1.49,0.0,0.0,0.0,361.4,0.0,-0.7000000000000001,0.7000000000000001,-0.8,-169.70000000000002,0.0,0.0,169.8,0.0,21.3,28.9,28.9,30.9,300.0,300.0,31.6,35.800000000000004,28.8,28.0,29.9,4.96,2.0,4.96,0.16,0.0,0.0,1027.0,8228.0,0.0,0.0,0.0,0.0,0.0,1.0,0.0,0.0,0.0,0.0,0.0,-0.9,0.0,-0.5,0.0,0.0,16.0,25903.0
2026-07-30T19:03:14.858Z,364.341,364.356,0.0,7.4,0.0,0.0,0.0,0.0,0.0,0.0,0.0,0.0,1.0,0.0,0.0,0.0,9.0,4.0,0.0,0.0,0.0,0.0,0.0,0.0,0.0,0.0,6.0,12.0,1.0,12.17,5.01,2.51,1.49,0.0,0.0,0.0,361.3,0.0,0.3,0.0,-0.8,-169.70000000000002,0.0,0.0,169.8,0.0,21.3,28.9,28.9,30.9,300.0,300.0,31.6,35.800000000000004,28.8,28.0,29.9,4.95,1.99,4.97,0.16,0.0,0.0,1027.0,8228.0,0.0,0.0,0.0,0.0,0.0,1.0,0.0,0.0,0.0,0.0,0.0,-0.4,0.0,0.7000000000000001,0.0,0.0,16.0,25903.0
2026-07-30T19:03:14.869Z,364.352,364.368,0.0,7.4,0.0,0.0,0.0,0.0,0.0,0.0,0.0,0.0,1.0,0.0,0.0,0.0,9.0,4.0,0.0,0.0,0.0,0.0,0.0,0.0,0.0,0.0,1.0,12.0,1.0,12.17,5.01,2.51,1.49,0.0,0.0,0.0,361.3,0.0,-0.8,-0.4,-1.9,-169.70000000000002,0.0,0.0,169.8,0.0,21.3,28.9,28.9,30.9,300.0,300.0,31.6,35.800000000000004,28.8,28.0,29.9,4.95,1.99,4.96,0.16,0.0,0.0,1027.0,8228.0,0.0,0.0,0.0,0.0,0.0,1.0,0.0,0.0,0.0,0.0,0.0,-1.9,0.0,1.6,0.0,0.0,16.0,25903.0
2026-07-30T19:03:14.882Z,364.365,364.38,0.0,7.4,0.0,0.0,0.0,0.0,0.0,0.0,0.0,0.0,1.0,0.0,0.0,0.0,9.0,4.0,0.0,0.0,0.0,0.0,0.0,0.0,0.0,0.0,2.0,12.0,1.0,12.17,5.01,2.51,1.49,0.0,0.0,0.0,361.4,0.0,-0.7000000000000001,-0.4,-0.7000000000000001,-169.70000000000002,0.0,0.0,169.8,0.0,21.3,28.9,28.9,30.9,300.0,300.0,31.6,35.800000000000004,28.8,28.0,29.9,4.95,1.99,4.96,0.16,0.0,0.0,1027.0,8228.0,0.0,0.0,0.0,0.0,0.0,1.0,0.0,0.0,0.0,0.0,0.0,-1.0,0.0,0.5,0.0,0.0,16.0,25903.0
2026-07-30T19:03:14.894Z,364.377,364.392,0.0,7.4,0.0,0.0,0.0,0.0,0.0,0.0,0.0,0.0,1.0,0.0,0.0,0.0,9.0,4.0,0.0,0.0,0.0,0.0,0.0,0.0,0.0,0.0,4.0,12.0,1.0,12.17,5.01,2.51,1.49,0.0,0.0,0.0,361.4,0.0,-0.2,-0.4,0.4,-169.70000000000002,0.0,0.0,169.8,0.0,21.3,28.9,28.9,30.9,300.0,300.0,31.6,35.800000000000004,28.8,28.0,29.9,4.95,1.99,4.96,0.16,0.0,0.0,1027.0,8228.0,0.0,0.0,0.0,0.0,0.0,1.0,0.0,0.0,0.0,0.0,0.0,-0.1,0.0,-0.4,0.0,0.0,16.0,25903.0
2026-07-30T19:03:14.905Z,364.388,364.404,0.0,7.4,0.0,0.0,0.0,0.0,0.0,0.0,0.0,0.0,1.0,0.0,0.0,0.0,9.0,4.0,0.0,0.0,0.0,0.0,0.0,0.0,0.0,0.0,5.0,12.0,1.0,12.17,5.01,2.51,1.49,0.0,0.1,0.0,361.4,0.0,0.3,0.1,1.0,-169.70000000000002,0.0,0.0,169.8,0.0,21.3,28.9,28.9,30.9,300.0,300.0,31.6,35.800000000000004,28.8,28.0,29.9,4.96,1.99,4.96,0.16,0.0,0.0,1027.0,8228.0,0.0,0.0,0.0,0.0,0.0,1.0,0.0,0.0,0.0,0.0,0.0,1.0,0.0,-0.8,0.0,0.0,16.0,25903.0
2026-07-30T19:03:14.917Z,364.4,364.416,0.0,7.4,0.0,0.0,0.0,0.0,0.0,0.0,0.0,0.0,1.0,0.0,0.0,0.0,9.0,4.0,0.0,0.0,0.0,0.0,0.0,0.0,0.0,0.0,6.0,12.0,1.0,12.17,5.01,2.51,1.49,0.0,0.0,0.0,361.4,0.0,-0.1,1.3,0.4,-169.70000000000002,0.0,0.0,169.8,0.0,21.3,28.9,28.9,30.9,300.0,300.0,31.6,35.800000000000004,28.8,28.0,29.9,4.96,1.99,4.96,0.16,0.0,0.0,1027.0,8228.0,0.0,0.0,0.0,0.0,0.0,1.0,0.0,0.0,0.0,0.0,0.0,1.8,0.0,-0.1,0.0,0.0,16.0,25903.0
2026-07-30T19:03:14.931Z,364.414,364.428,0.0,7.4,0.0,0.0,0.0,0.0,0.0,0.0,0.0,0.0,1.0,0.0,0.0,0.0,9.0,4.0,0.0,0.0,0.0,0.0,0.0,0.0,0.0,0.0,2.0,12.0,1.0,12.18,5.01,2.51,1.49,0.0,0.0,0.0,361.3,0.0,-0.1,0.8,0.0,-169.70000000000002,0.0,0.0,169.8,0.0,21.4,28.9,28.9,30.9,300.0,300.0,31.5,35.800000000000004,28.9,28.0,29.9,4.96,1.99,4.96,0.16,0.0,0.0,1027.0,8228.0,0.0,0.0,0.0,0.0,0.0,1.0,0.0,0.0,0.0,0.0,0.0,0.8,0.0,0.2,0.0,0.0,16.0,25903.0
2026-07-30T19:03:14.942Z,364.425,364.44,0.0,7.4,0.0,0.0,0.0,0.0,0.0,0.0,0.0,0.0,1.0,0.0,0.0,0.0,9.0,4.0,0.0,0.0,0.0,0.0,0.0,0.0,0.0,0.0,3.0,12.0,1.0,12.18,5.01,2.51,1.49,0.0,0.0,0.0,361.4,0.0,0.4,-0.3,1.0,-169.70000000000002,0.0,0.0,169.8,0.0,21.4,28.9,28.9,30.9,300.0,300.0,31.5,35.800000000000004,28.9,28.0,29.9,4.95,1.99,4.97,0.16,0.0,0.0,1027.0,8228.0,0.0,0.0,0.0,0.0,0.0,1.0,0.0,0.0,0.0,0.0,0.0,0.3,0.0,-1.0,0.0,0.0,16.0,25903.0
2026-07-30T19:03:14.953Z,364.436,364.452,0.0,7.4,0.0,0.0,0.0,0.0,0.0,0.0,0.0,0.0,1.0,0.0,0.0,0.0,9.0,4.0,0.0,0.0,0.0,0.0,0.0,0.0,0.0,0.0,4.0,12.0,1.0,12.18,5.01,2.51,1.49,0.0,0.0,0.0,361.3,0.0,0.3,-0.9,0.0,-169.70000000000002,0.0,0.0,169.8,0.0,21.4,28.9,28.9,30.9,300.0,300.0,31.5,35.800000000000004,28.9,28.0,29.9,4.96,1.99,4.96,0.16,0.0,0.0,1027.0,8228.0,0.0,0.0,0.0,0.0,0.0,1.0,0.0,0.0,0.0,0.0,0.0,-1.1,0.0,-0.1,0.0,0.0,16.0,25903.0
2026-07-30T19:03:14.966Z,364.449,364.464,0.0,7.4,0.0,0.0,0.0,0.0,0.0,0.0,0.0,0.0,1.0,0.0,0.0,0.0,9.0,4.0,0.0,0.0,0.0,0.0,0.0,0.0,0.0,0.0,5.0,12.0,1.0,12.18,5.01,2.51,1.49,0.0,0.0,0.0,361.3,0.0,1.5,1.9,1.6,-169.70000000000002,0.0,0.0,169.8,0.0,21.4,28.9,28.9,30.9,300.0,300.0,31.5,35.800000000000004,28.9,28.0,29.9,4.96,1.99,4.97,0.16,0.0,0.0,1027.0,8228.0,0.0,0.0,0.0,0.0,0.0,1.0,0.0,0.0,0.0,0.0,0.0,3.4000000000000004,0.0,-1.0,0.0,0.0,16.0,25903.0
2026-07-30T19:03:14.977Z,364.46,364.476,0.0,7.4,0.0,0.0,0.0,0.0,0.0,0.0,0.0,0.0,1.0,0.0,0.0,0.0,9.0,4.0,0.0,0.0,0.0,0.0,0.0,0.0,0.0,0.0,6.0,12.0,1.0,12.18,5.01,2.51,1.49,0.0,0.0,0.0,361.3,0.0,0.3,-0.3,-1.2000000000000002,-169.70000000000002,0.0,0.0,169.8,0.0,21.4,28.9,28.9,30.9,300.0,300.0,31.5,35.800000000000004,28.9,28.0,29.9,4.95,1.99,4.97,0.16,0.0,0.0,1027.0,8228.0,0.0,0.0,0.0,0.0,0.0,1.0,0.0,0.0,0.0,0.0,0.0,-1.3,0.0,1.0,0.0,0.0,16.0,25903.0
2026-07-30T19:03:14.990Z,364.473,364.488,0.0,7.4,0.0,0.0,0.0,0.0,0.0,0.0,0.0,0.0,1.0,0.0,0.0,0.0,9.0,4.0,0.0,0.0,0.0,0.0,0.0,0.0,0.0,0.0,2.0,12.0,1.0,12.18,5.01,2.51,1.49,0.0,0.0,0.0,361.3,0.0,-1.3,-0.9,-0.6000000000000001,-169.8,0.0,0.0,169.8,0.0,21.4,28.9,28.9,30.9,300.0,300.0,31.5,35.800000000000004,28.9,28.0,29.9,4.96,1.99,4.97,0.16,0.0,0.0,1027.0,8228.0,0.0,0.0,0.0,0.0,0.0,1.0,0.0,0.0,0.0,0.0,0.0,-1.5,0.0,0.3,0.0,0.0,16.0,25903.0
2026-07-30T19:03:15.002Z,364.485,364.5,0.0,7.4,0.0,0.0,0.0,0.0,0.0,0.0,0.0,0.0,1.0,0.0,0.0,0.0,9.0,4.0,0.0,0.0,0.0,0.0,0.0,0.0,0.0,0.0,3.0,12.0,1.0,12.18,5.01,2.51,1.49,0.0,0.0,0.0,361.3,0.0,-0.7000000000000001,-0.3,0.0,-169.8,0.0,0.0,169.8,0.0,21.4,28.9,28.9,30.9,300.0,300.0,31.5,35.800000000000004,28.9,28.0,29.9,4.96,1.99,4.96,0.16,0.0,0.0,1027.0,8228.0,0.0,0.0,0.0,0.0,0.0,1.0,0.0,0.0,0.0,0.0,0.0,-0.5,0.0,0.0,0.0,0.0,16.0,25903.0
2026-07-30T19:03:15.014Z,364.497,364.512,0.0,7.4,0.0,0.0,0.0,0.0,0.0,0.0,0.0,0.0,1.0,0.0,0.0,0.0,9.0,4.0,0.0,0.0,0.0,0.0,0.0,0.0,0.0,0.0,5.0,12.0,1.0,12.18,5.01,2.51,1.49,0.0,0.0,0.0,361.4,0.0,0.4,1.3,1.0,-169.8,0.0,0.0,169.8,0.0,21.4,28.9,28.9,30.9,300.0,300.0,31.5,35.800000000000004,28.9,28.0,29.9,4.96,1.99,4.97,0.16,0.0,0.0,1027.0,8228.0,0.0,0.0,0.0,0.0,0.0,1.0,0.0,0.0,0.0,0.0,0.0,2.3000000000000003,0.0,-0.6000000000000001,0.0,0.0,16.0,25903.0
2026-07-30T19:03:15.025Z,364.508,364.524,0.0,7.4,0.0,0.0,0.0,0.0,0.0,0.0,0.0,0.0,1.0,0.0,0.0,0.0,9.0,4.0,0.0,0.0,0.0,0.0,0.0,0.0,0.0,0.0,6.0,12.0,1.0,12.18,5.01,2.51,1.49,0.0,0.0,0.0,361.3,0.0,1.0,-0.4,0.0,-169.8,0.0,0.0,169.8,0.0,21.4,28.9,28.9,30.9,300.0,300.0,31.5,35.800000000000004,28.9,28.0,29.9,4.95,1.99,4.97,0.16,0.0,0.0,1027.0,8228.0,0.0,0.0,0.0,0.0,0.0,1.0,0.0,0.0,0.0,0.0,0.0,-0.5,0.0,0.0,0.0,0.0,16.0,25903.0
2026-07-30T19:03:15.038Z,364.521,364.536,0.0,7.4,0.0,0.0,0.0,0.0,0.0,0.0,0.0,0.0,1.0,0.0,0.0,0.0,9.0,4.0,0.0,0.0,0.0,0.0,0.0,0.0,0.0,0.0,1.0,12.0,1.0,12.17,5.01,2.51,1.49,0.0,0.0,0.0,361.3,0.0,0.4,-0.9,-0.6000000000000001,-169.8,0.0,0.0,169.8,0.0,21.700000000000003,28.9,28.9,30.9,300.0,300.0,31.5,35.800000000000004,28.9,28.0,29.9,4.96,1.99,4.96,0.16,0.0,0.0,1027.0,8228.0,0.0,0.0,0.0,0.0,0.0,1.0,0.0,0.0,0.0,0.0,0.0,-1.5,0.0,0.3,0.0,0.0,16.0,25903.0
2026-07-30T19:03:15.050Z,364.533,364.548,0.0,7.4,0.0,0.0,0.0,0.0,0.0,0.0,0.0,0.0,1.0,0.0,0.0,0.0,9.0,4.0,0.0,0.0,0.0,0.0,0.0,0.0,0.0,0.0,3.0,12.0,1.0,12.17,5.01,2.51,1.49,0.0,0.0,0.0,361.3,0.0,0.3,-1.0,1.1,-169.8,0.0,0.0,169.8,0.0,21.700000000000003,28.9,28.9,30.9,300.0,300.0,31.5,35.800000000000004,28.9,28.0,29.9,4.95,2.0,4.97,0.16,0.0,0.0,1027.0,8228.0,0.0,0.0,0.0,0.0,0.0,1.0,0.0,0.0,0.0,0.0,0.0,-0.3,0.0,-1.1,0.0,0.0,16.0,25903.0
2026-07-30T19:03:15.062Z,364.545,364.56,0.0,7.4,0.0,0.0,0.0,0.0,0.0,0.0,0.0,0.0,1.0,0.0,0.0,0.0,9.0,4.0,0.0,0.0,0.0,0.0,0.0,0.0,0.0,0.0,4.0,12.0,1.0,12.17,5.01,2.51,1.49,0.0,0.0,0.0,361.3,0.0,-0.8,-0.4,-1.2000000000000002,-169.8,0.0,0.0,169.8,0.0,21.700000000000003,28.9,28.9,30.9,300.0,300.0,31.5,35.800000000000004,28.9,28.0,29.9,4.95,1.99,4.97,0.16,0.0,0.0,1027.0,8228.0,0.0,0.0,0.0,0.0,0.0,1.0,0.0,0.0,0.0,0.0,0.0,-1.5,0.0,1.0,0.0,0.0,16.0,25903.0
2026-07-30T19:03:15.074Z,364.557,364.572,0.0,7.4,0.0,0.0,0.0,0.0,0.0,0.0,0.0,0.0,1.0,0.0,0.0,0.0,9.0,4.0,0.0,0.0,0.0,0.0,0.0,0.0,0.0,0.0,4.0,12.0,1.0,12.17,5.01,2.51,1.49,0.0,0.0,0.0,361.4,0.0,-0.2,0.0,1.0,-169.8,0.0,0.0,169.70000000000002,0.0,21.700000000000003,28.9,28.9,30.9,300.0,300.0,31.5,35.800000000000004,28.9,28.0,29.9,4.96,1.99,4.97,0.16,0.0,0.0,1027.0,8228.0,0.0,0.0,0.0,0.0,0.0,1.0,0.0,0.0,0.0,0.0,0.0,0.8,0.0,-0.8,0.0,0.0,16.0,25903.0
2026-07-30T19:03:15.086Z,364.569,364.584,0.0,7.4,0.0,0.0,0.0,0.0,0.0,0.0,0.0,0.0,1.0,0.0,0.0,0.0,9.0,4.0,0.0,0.0,0.0,0.0,0.0,0.0,0.0,0.0,5.0,12.0,1.0,12.17,5.01,2.51,1.49,0.0,0.0,0.0,361.3,0.0,0.3,0.0,1.5,-169.8,0.0,0.0,169.8,0.0,21.700000000000003,28.9,28.9,30.9,300.0,300.0,31.5,35.800000000000004,28.9,28.0,29.9,4.96,1.99,4.96,0.16,0.0,0.0,1027.0,8228.0,0.0,0.0,0.0,0.0,0.0,1.0,0.0,0.0,0.0,0.0,0.0,1.2000000000000002,0.0,-1.3,0.0,0.0,16.0,25903.0
2026-07-30T19:03:15.098Z,364.581,364.596,0.0,7.4,0.0,0.0,0.0,0.0,0.0,0.0,0.0,0.0,1.0,0.0,0.0,0.0,9.0,4.0,0.0,0.0,0.0,0.0,0.0,0.0,0.0,0.0,1.0,12.0,1.0,12.17,5.01,2.51,1.49,0.0,0.0,0.0,361.4,0.0,0.9,0.6000000000000001,-0.7000000000000001,-169.8,0.0,0.0,169.8,0.0,21.700000000000003,28.9,28.9,30.9,300.0,300.0,31.5,35.800000000000004,28.9,28.0,29.9,4.96,1.99,4.97,0.16,0.0,0.0,1027.0,8228.0,0.0,0.0,0.0,0.0,0.0,1.0,0.0,0.0,0.0,0.0,0.0,0.1,0.0,0.8,0.0,0.0,16.0,25903.0
2026-07-30T19:03:15.110Z,364.593,364.608,0.0,7.4,0.0,0.0,0.0,0.0,0.0,0.0,0.0,0.0,1.0,0.0,0.0,0.0,9.0,4.0,0.0,0.0,0.0,0.0,0.0,0.0,0.0,0.0,2.0,12.0,1.0,12.17,5.01,2.51,1.49,0.0,0.0,0.0,361.3,0.0,0.2,1.2000000000000002,0.4,-169.8,0.0,0.0,169.8,0.0,21.700000000000003,28.9,28.9,30.9,300.0,300.0,31.5,35.800000000000004,28.9,28.0,29.9,4.96,1.99,4.97,0.16,0.0,0.0,1027.0,8228.0,0.0,0.0,0.0,0.0,0.0,1.0,0.0,0.0,0.0,0.0,0.0,1.6,0.0,-0.1,0.0,0.0,16.0,25903.0
2026-07-30T19:03:15.121Z,364.604,364.62,0.0,7.4,0.0,0.0,0.0,0.0,0.0,0.0,0.0,0.0,1.0,0.0,0.0,0.0,9.0,4.0,0.0,0.0,0.0,0.0,0.0,0.0,0.0,0.0,4.0,12.0,1.0,12.17,5.01,2.51,1.49,0.0,0.1,0.0,361.4,0.0,0.2,1.2000000000000002,1.0,-169.8,0.0,0.0,169.8,0.0,21.700000000000003,28.9,28.9,30.9,300.0,300.0,31.5,35.800000000000004,28.9,28.0,29.9,4.96,1.99,4.97,0.16,0.0,0.0,1027.0,8228.0,0.0,0.0,0.0,0.0,0.0,1.0,0.0,0.0,0.0,0.0,0.0,2.1,0.0,-0.6000000000000001,0.0,0.0,16.0,25903.0
2026-07-30T19:03:15.135Z,364.618,364.632,0.0,7.4,0.0,0.0,0.0,0.0,0.0,0.0,0.0,0.0,1.0,0.0,0.0,0.0,9.0,4.0,0.0,0.0,0.0,0.0,0.0,0.0,0.0,0.0,5.0,12.0,1.0,12.14,5.0200000000000005,2.5,1.49,0.0,0.0,0.0,361.4,0.0,0.2,0.6000000000000001,1.0,-169.8,0.0,0.0,169.8,0.0,21.700000000000003,28.9,28.9,30.9,300.0,300.0,31.6,35.800000000000004,28.9,28.0,29.9,4.95,1.99,4.97,0.16,0.0,0.0,1027.0,8228.0,0.0,0.0,0.0,0.0,0.0,1.0,0.0,0.0,0.0,0.0,0.0,1.5,0.0,-0.7000000000000001,0.0,0.0,16.0,25903.0
2026-07-30T19:03:15.146Z,364.629,364.644,0.0,7.4,0.0,0.0,0.0,0.0,0.0,0.0,0.0,0.0,1.0,0.0,0.0,0.0,9.0,4.0,0.0,0.0,0.0,0.0,0.0,0.0,0.0,0.0,1.0,12.0,1.0,12.14,5.0200000000000005,2.5,1.49,0.0,0.0,0.0,361.2000000000001,0.0,0.2,0.1,0.4,-169.8,0.0,0.0,169.8,0.0,21.700000000000003,28.9,28.9,30.9,300.0,300.0,31.6,35.800000000000004,28.9,28.0,29.9,4.96,1.99,4.96,0.16,0.0,0.0,1027.0,8228.0,0.0,0.0,0.0,0.0,0.0,1.0,0.0,0.0,0.0,0.0,0.0,0.4,0.0,-0.3,0.0,0.0,16.0,25903.0
2026-07-30T19:03:15.158Z,364.641,364.656,0.0,7.4,0.0,0.0,0.0,0.0,0.0,0.0,0.0,0.0,1.0,0.0,0.0,0.0,9.0,4.0,0.0,0.0,0.0,0.0,0.0,0.0,0.0,0.0,1.0,12.0,1.0,12.14,5.0200000000000005,2.5,1.49,0.0,0.0,0.0,361.3,0.0,-0.2,-0.4,-0.7000000000000001,-169.8,0.0,0.0,169.8,0.0,21.700000000000003,28.9,28.9,30.9,300.0,300.0,31.6,35.800000000000004,28.9,28.0,29.9,4.96,2.0,4.97,0.16,0.0,0.0,1027.0,8228.0,0.0,0.0,0.0,0.0,0.0,1.0,0.0,0.0,0.0,0.0,0.0,-1.0,0.0,0.5,0.0,0.0,16.0,25903.0
2026-07-30T19:03:15.170Z,364.653,364.668,0.0,7.4,0.0,0.0,0.0,0.0,0.0,0.0,0.0,0.0,1.0,0.0,0.0,0.0,9.0,4.0,0.0,0.0,0.0,0.0,0.0,0.0,0.0,0.0,2.0,12.0,1.0,12.14,5.0200000000000005,2.5,1.49,0.0,0.0,0.0,361.4,0.0,-0.3,-0.4,-1.2000000000000002,-169.8,0.0,0.0,169.8,0.0,21.700000000000003,28.9,28.9,30.9,300.0,300.0,31.6,35.800000000000004,28.9,28.0,29.9,4.96,1.99,4.97,0.16,0.0,0.0,1027.0,8228.0,0.0,0.0,0.0,0.0,0.0,1.0,0.0,0.0,0.0,0.0,0.0,-1.4,0.0,1.0,0.0,0.0,16.0,25903.0
2026-07-30T19:03:15.182Z,364.665,364.68,0.0,7.4,0.0,0.0,0.0,0.0,0.0,0.0,0.0,0.0,1.0,0.0,0.0,0.0,9.0,4.0,0.0,0.0,0.0,0.0,0.0,0.0,0.0,0.0,3.0,12.0,1.0,12.14,5.0200000000000005,2.5,1.49,0.0,0.0,0.0,361.3,0.0,0.2,-0.4,-0.1,-169.8,0.0,0.0,169.8,0.0,21.700000000000003,28.9,28.9,30.9,300.0,300.0,31.6,35.800000000000004,28.9,28.0,29.9,4.95,1.99,4.97,0.16,0.0,0.0,1027.0,8228.0,0.0,0.0,0.0,0.0,0.0,1.0,0.0,0.0,0.0,0.0,0.0,-0.5,0.0,0.0,0.0,0.0,16.0,25903.0
2026-07-30T19:03:15.194Z,364.677,364.692,0.0,7.4,0.0,0.0,0.0,0.0,0.0,0.0,0.0,0.0,1.0,0.0,0.0,0.0,9.0,4.0,0.0,0.0,0.0,0.0,0.0,0.0,0.0,0.0,5.0,12.0,1.0,12.14,5.0200000000000005,2.5,1.49,0.0,0.0,0.0,361.4,0.0,0.8,-0.4,0.4,-169.8,0.0,0.0,169.8,0.0,21.700000000000003,28.9,28.9,30.9,300.0,300.0,31.6,35.800000000000004,28.9,28.0,29.9,4.96,1.99,4.96,0.16,0.0,0.0,1027.0,8228.0,0.0,0.0,0.0,0.0,0.0,1.0,0.0,0.0,0.0,0.0,0.0,-0.1,0.0,-0.4,0.0,0.0,16.0,25903.0
2026-07-30T19:03:15.206Z,364.689,364.704,0.0,7.4,0.0,0.0,0.0,0.0,0.0,0.0,0.0,0.0,1.0,0.0,0.0,0.0,9.0,4.0,0.0,0.0,0.0,0.0,0.0,0.0,0.0,0.0,5.0,12.0,1.0,12.14,5.0200000000000005,2.5,1.49,0.0,0.1,0.0,361.3,0.0,0.8,0.7000000000000001,1.0,-169.8,0.0,0.0,169.8,0.0,21.700000000000003,28.9,28.9,30.9,300.0,300.0,31.6,35.800000000000004,28.9,28.0,29.9,4.96,1.99,4.97,0.15,0.0,0.0,1027.0,8228.0,0.0,0.0,0.0,0.0,0.0,1.0,0.0,0.0,0.0,0.0,0.0,1.6,0.0,-0.7000000000000001,0.0,0.0,16.0,25903.0
2026-07-30T19:03:15.218Z,364.701,364.716,0.0,7.4,0.0,0.0,0.0,0.0,0.0,0.0,0.0,0.0,1.0,0.0,0.0,0.0,9.0,4.0,0.0,0.0,0.0,0.0,0.0,0.0,0.0,0.0,1.0,12.0,1.0,12.14,5.0200000000000005,2.5,1.49,0.0,0.0,0.0,361.3,0.0,-0.3,0.2,-0.7000000000000001,-169.8,0.0,0.0,169.8,0.0,21.700000000000003,28.9,28.9,30.9,300.0,300.0,31.6,35.800000000000004,28.9,28.0,29.9,4.95,1.99,4.97,0.16,0.0,0.0,1027.0,8228.0,0.0,0.0,0.0,0.0,0.0,1.0,0.0,0.0,0.0,0.0,0.0,-0.2,0.0,0.6000000000000001,0.0,0.0,16.0,25903.0
2026-07-30T19:03:15.230Z,364.713,364.728,0.0,7.4,0.0,0.0,0.0,0.0,0.0,0.0,0.0,0.0,1.0,0.0,0.0,0.0,9.0,4.0,0.0,0.0,0.0,0.0,0.0,0.0,0.0,0.0,2.0,12.0,1.0,12.14,5.0200000000000005,2.5,1.49,0.0,0.0,0.0,361.4,0.0,-0.3,0.2,-0.6000000000000001,-169.8,0.0,0.0,169.8,0.0,21.700000000000003,28.9,28.9,30.9,300.0,300.0,31.6,35.800000000000004,28.9,28.0,29.9,4.96,1.99,4.96,0.16,0.0,0.0,1027.0,8228.0,0.0,0.0,0.0,0.0,0.0,1.0,0.0,0.0,0.0,0.0,0.0,-0.2,0.0,0.6000000000000001,0.0,0.0,16.0,25903.0
2026-07-30T19:03:15.242Z,364.725,364.74,0.0,7.4,0.0,0.0,0.0,0.0,0.0,0.0,0.0,0.0,1.0,0.0,0.0,0.0,9.0,4.0,0.0,0.0,0.0,0.0,0.0,0.0,0.0,0.0,2.0,12.0,1.0,12.17,5.0200000000000005,2.5,1.49,0.0,0.0,0.0,361.4,0.0,0.2,-0.3,1.1,-169.8,0.0,0.0,169.8,0.0,21.700000000000003,28.9,28.9,30.9,300.0,300.0,31.6,35.800000000000004,28.9,28.1,29.9,4.95,1.99,4.97,0.16,0.0,0.0,1027.0,8228.0,0.0,0.0,0.0,0.0,0.0,1.0,0.0,0.0,0.0,0.0,0.0,0.4,0.0,-1.0,0.0,0.0,16.0,25903.0
2026-07-30T19:03:15.254Z,364.737,364.752,0.0,7.4,0.0,0.0,0.0,0.0,0.0,0.0,0.0,0.0,1.0,0.0,0.0,0.0,9.0,4.0,0.0,0.0,0.0,0.0,0.0,0.0,0.0,0.0,4.0,12.0,1.0,12.17,5.0200000000000005,2.5,1.49,0.0,0.0,0.0,361.3,0.0,0.8,-0.3,0.0,-169.8,0.0,0.0,169.8,0.0,21.700000000000003,28.9,28.9,30.9,300.0,300.0,31.6,35.800000000000004,28.9,28.1,29.9,4.95,1.99,4.97,0.16,0.0,0.0,1027.0,8228.0,0.0,0.0,0.0,0.0,0.0,1.0,0.0,0.0,0.0,0.0,0.0,-0.4,0.0,0.0,0.0,0.0,16.0,25903.0
2026-07-30T19:03:15.266Z,364.749,364.764,0.0,7.4,0.0,0.0,0.0,0.0,0.0,0.0,0.0,0.0,1.0,0.0,0.0,0.0,9.0,4.0,0.0,0.0,0.0,0.0,0.0,0.0,0.0,0.0,4.0,12.0,1.0,12.17,5.0200000000000005,2.5,1.49,0.0,0.0,0.0,361.3,0.0,-0.3,0.7000000000000001,0.5,-169.8,0.0,0.0,169.8,0.0,21.700000000000003,28.9,28.9,30.9,300.0,300.0,31.6,35.800000000000004,28.9,28.1,29.9,4.95,2.0,4.97,0.16,0.0,0.0,1027.0,8228.0,0.0,0.0,0.0,0.0,0.0,1.0,0.0,0.0,0.0,0.0,0.0,1.3,0.0,-0.3,0.0,0.0,16.0,25903.0
2026-07-30T19:03:15.278Z,364.761,364.776,0.0,7.4,0.0,0.0,0.0,0.0,0.0,0.0,0.0,0.0,1.0,0.0,0.0,0.0,9.0,4.0,0.0,0.0,0.0,0.0,0.0,0.0,0.0,0.0,6.0,12.0,1.0,12.17,5.0200000000000005,2.5,1.49,0.0,0.0,0.0,361.4,0.0,-0.2,-0.3,0.0,-169.8,0.0,0.0,169.8,0.0,21.700000000000003,28.9,28.9,30.9,300.0,300.0,31.6,35.800000000000004,28.9,28.1,29.9,4.96,2.0,4.96,0.16,0.0,0.0,1027.0,8228.0,0.0,0.0,0.0,0.0,0.0,1.0,0.0,0.0,0.0,0.0,0.0,-0.3,0.0,0.0,0.0,0.0,16.0,25903.0
2026-07-30T19:03:15.290Z,364.773,364.788,0.0,7.4,0.0,0.0,0.0,0.0,0.0,0.0,0.0,0.0,1.0,0.0,0.0,0.0,9.0,4.0,0.0,0.0,0.0,0.0,0.0,0.0,0.0,0.0,1.0,12.0,1.0,12.17,5.0200000000000005,2.5,1.49,0.0,0.0,0.0,361.4,0.0,-0.8,-0.9,1.1,-169.8,0.0,0.0,169.8,0.0,21.700000000000003,28.9,28.9,30.9,300.0,300.0,31.6,35.800000000000004,28.9,28.1,29.9,4.95,1.99,4.97,0.16,0.0,0.0,1027.0,8228.0,0.0,0.0,0.0,0.0,0.0,1.0,0.0,0.0,0.0,0.0,0.0,-0.1,0.0,-1.2000000000000002,0.0,0.0,16.0,25903.0
2026-07-30T19:03:15.301Z,364.784,364.8,0.0,7.4,0.0,0.0,0.0,0.0,0.0,0.0,0.0,0.0,1.0,0.0,0.0,0.0,9.0,4.0,0.0,0.0,0.0,0.0,0.0,0.0,0.0,0.0,2.0,12.0,1.0,12.17,5.0200000000000005,2.5,1.49,0.0,0.0,0.0,361.3,0.0,0.3,1.3,0.0,-169.8,0.0,0.0,169.8,0.0,21.700000000000003,28.9,28.9,30.9,300.0,300.0,31.6,35.800000000000004,28.9,28.1,29.9,4.95,1.99,4.96,0.16,0.0,0.0,1027.0,8228.0,0.0,0.0,0.0,0.0,0.0,1.0,0.0,0.0,0.0,0.0,0.0,1.5,0.0,0.2,0.0,0.0,16.0,25903.0
2026-07-30T19:03:15.314Z,364.797,364.812,0.0,7.4,0.0,0.0,0.0,0.0,0.0,0.0,0.0,0.0,1.0,0.0,0.0,0.0,9.0,4.0,0.0,0.0,0.0,0.0,0.0,0.0,0.0,0.0,3.0,12.0,1.0,12.17,5.0200000000000005,2.5,1.49,-0.1,0.1,0.0,361.4,0.0,-0.2,1.3,0.5,-169.8,0.0,0.0,169.8,0.0,21.700000000000003,28.9,28.9,30.9,300.0,300.0,31.6,35.800000000000004,28.9,28.1,29.9,4.96,1.99,4.96,0.16,0.0,0.0,1027.0,8228.0,0.0,0.0,0.0,0.0,0.0,1.0,0.0,0.0,0.0,0.0,0.0,2.0,0.0,-0.2,0.0,0.0,16.0,25903.0
2026-07-30T19:03:15.326Z,364.809,364.824,0.0,7.4,0.0,0.0,0.0,0.0,0.0,0.0,0.0,0.0,1.0,0.0,0.0,0.0,9.0,4.0,0.0,0.0,0.0,0.0,0.0,0.0,0.0,0.0,4.0,12.0,1.0,12.17,5.0200000000000005,2.5,1.49,0.0,0.0,0.0,361.4,0.0,0.3,-0.9,1.7000000000000002,-169.8,0.0,0.0,169.70000000000002,0.0,21.700000000000003,28.9,28.9,30.9,300.0,300.0,31.6,35.800000000000004,28.9,28.1,29.9,4.95,1.99,4.96,0.16,0.0,0.0,1027.0,8228.0,0.0,0.0,0.0,0.0,0.0,1.0,0.0,0.0,0.0,0.0,0.0,-1.2000000000000002,0.0,0.9,0.0,0.0,16.0,25903.0
2026-07-30T19:03:15.339Z,364.822,364.836,-0.1,7.4,0.0,0.0,0.0,0.0,0.0,0.0,0.0,0.0,1.0,0.0,0.0,0.0,9.0,4.0,0.0,0.0,0.0,0.0,0.0,0.0,0.0,0.0,5.0,12.0,1.0,12.17,5.0200000000000005,2.51,1.49,0.0,0.0,0.0,361.3,0.0,-0.8,-0.9,1.0,-169.8,0.0,0.0,169.8,0.0,21.4,28.9,28.9,30.9,300.0,300.0,31.700000000000003,35.800000000000004,28.9,28.1,29.9,4.95,1.99,4.97,0.16,0.0,0.0,1027.0,8228.0,0.0,0.0,0.0,0.0,0.0,1.0,0.0,0.0,0.0,0.0,0.0,-0.2,0.0,-1.1,0.0,0.0,16.0,25903.0
2026-07-30T19:03:15.350Z,364.833,364.848,0.0,7.4,0.0,0.0,0.0,0.0,0.0,0.0,0.0,0.0,1.0,0.0,0.0,0.0,9.0,4.0,0.0,0.0,0.0,0.0,0.0,0.0,0.0,0.0,6.0,12.0,1.0,12.17,5.0200000000000005,2.51,1.49,0.0,0.0,0.0,361.4,0.0,-0.8,-0.3,0.5,-169.70000000000002,0.0,0.0,169.8,0.0,21.4,28.9,28.9,30.9,300.0,300.0,31.700000000000003,35.800000000000004,28.9,28.1,29.9,4.95,1.99,4.96,0.16,0.0,0.0,1027.0,8228.0,0.0,0.0,0.0,0.0,0.0,1.0,0.0,0.0,0.0,0.0,0.0,-1.7000000000000002,0.0,1.5,0.0,0.0,16.0,25903.0
2026-07-30T19:03:15.362Z,364.845,364.86,-0.1,7.4,0.0,0.0,0.0,0.0,0.0,0.0,0.0,0.0,1.0,0.0,0.0,0.0,9.0,4.0,0.0,0.0,0.0,0.0,0.0,0.0,0.0,0.0,2.0,12.0,1.0,12.17,5.0200000000000005,2.51,1.49,0.0,0.0,0.0,361.4,0.0,0.2,0.7000000000000001,0.4,-169.70000000000002,0.0,0.0,169.70000000000002,0.0,21.4,28.9,28.9,30.9,300.0,300.0,31.700000000000003,35.800000000000004,28.9,28.1,29.9,4.96,1.99,4.96,0.16,0.0,0.0,1027.0,8228.0,0.0,0.0,0.0,0.0,0.0,1.0,0.0,0.0,0.0,0.0,0.0,1.2000000000000002,0.0,-0.2,0.0,0.0,16.0,25903.0
2026-07-30T19:03:15.374Z,364.857,364.872,0.0,7.4,0.0,0.0,0.0,0.0,0.0,0.0,0.0,0.0,1.0,0.0,0.0,0.0,9.0,4.0,0.0,0.0,0.0,0.0,0.0,0.0,0.0,0.0,3.0,12.0,1.0,12.17,5.0200000000000005,2.51,1.49,0.0,0.0,0.0,361.4,0.0,-0.9,0.2,1.6,-169.70000000000002,0.0,0.0,169.8,0.0,21.4,28.9,28.9,30.9,300.0,300.0,31.700000000000003,35.800000000000004,28.9,28.1,29.9,4.95,1.99,4.97,0.16,0.0,0.0,1027.0,8228.0,0.0,0.0,0.0,0.0,0.0,1.0,0.0,0.0,0.0,0.0,0.0,1.4,0.0,-1.4,0.0,0.0,16.0,25903.0
2026-07-30T19:03:15.385Z,364.868,364.884,0.0,7.4,0.0,0.0,0.0,0.0,0.0,0.0,0.0,0.0,1.0,0.0,0.0,0.0,9.0,4.0,0.0,0.0,0.0,0.0,0.0,0.0,0.0,0.0,4.0,12.0,1.0,12.17,5.0200000000000005,2.51,1.49,0.0,0.0,0.0,361.4,0.0,-0.4,-0.9,1.6,-169.70000000000002,0.0,0.0,169.70000000000002,0.0,21.4,28.9,28.9,30.9,300.0,300.0,31.700000000000003,35.800000000000004,28.9,28.1,29.9,4.95,1.99,4.96,0.16,0.0,0.0,1027.0,8228.0,0.0,0.0,0.0,0.0,0.0,1.0,0.0,0.0,0.0,0.0,0.0,0.0,0.0,-1.6,0.0,0.0,16.0,25903.0
2026-07-30T19:03:15.397Z,364.88,364.896,0.0,7.4,0.0,0.0,0.0,0.0,0.0,0.0,0.0,0.0,1.0,0.0,0.0,0.0,9.0,4.0,0.0,0.0,0.0,0.0,0.0,0.0,0.0,0.0,5.0,12.0,1.0,12.17,5.0200000000000005,2.51,1.49,0.0,0.1,0.0,361.4,0.0,0.1,0.8,0.9,-169.70000000000002,0.0,0.0,169.70000000000002,0.0,21.4,28.9,28.9,30.9,300.0,300.0,31.700000000000003,35.800000000000004,28.9,28.1,29.9,4.95,2.0,4.96,0.16,0.0,0.0,1027.0,8228.0,0.0,0.0,0.0,0.0,0.0,1.0,0.0,0.0,0.0,0.0,0.0,1.6,0.0,-0.6000000000000001,0.0,0.0,16.0,25903.0
2026-07-30T19:03:15.410Z,364.893,364.908,0.0,7.4,0.0,0.0,0.0,0.0,0.0,0.0,0.0,0.0,1.0,0.0,0.0,0.0,9.0,4.0,0.0,0.0,0.0,0.0,0.0,0.0,0.0,0.0,6.0,12.0,1.0,12.17,5.0200000000000005,2.51,1.49,0.0,0.0,0.0,361.4,0.0,-0.9,0.7000000000000001,-1.3,-169.70000000000002,0.0,0.0,169.8,0.0,21.4,28.9,28.9,30.9,300.0,300.0,31.700000000000003,35.800000000000004,28.9,28.1,29.9,4.95,1.99,4.96,0.16,0.0,0.0,1027.0,8228.0,0.0,0.0,0.0,0.0,0.0,1.0,0.0,0.0,0.0,0.0,0.0,-0.1,0.0,1.3,0.0,0.0,16.0,25903.0
2026-07-30T19:03:15.422Z,364.905,364.92,0.0,7.4,0.0,0.0,0.0,0.0,0.0,0.0,0.0,0.0,1.0,0.0,0.0,0.0,9.0,4.0,0.0,0.0,0.0,0.0,0.0,0.0,0.0,0.0,2.0,12.0,1.0,12.17,5.0200000000000005,2.51,1.49,0.0,0.0,0.0,361.3,0.0,1.3,1.3,0.4,-169.70000000000002,0.0,0.0,169.8,0.0,21.4,28.9,28.9,30.9,300.0,300.0,31.700000000000003,35.800000000000004,28.9,28.1,29.9,4.96,1.99,4.97,0.16,0.0,0.0,1027.0,8228.0,0.0,0.0,0.0,0.0,0.0,1.0,0.0,0.0,0.0,0.0,0.0,1.8,0.0,0.0,0.0,0.0,16.0,25903.0
2026-07-30T19:03:15.433Z,364.916,364.932,0.0,7.4,0.0,0.0,0.0,0.0,0.0,0.0,0.0,0.0,1.0,0.0,0.0,0.0,9.0,4.0,0.0,0.0,0.0,0.0,0.0,0.0,0.0,0.0,3.0,12.0,1.0,12.17,5.0200000000000005,2.51,1.49,0.0,0.0,0.0,361.3,0.0,0.1,-0.4,-0.7000000000000001,-169.70000000000002,0.0,0.0,169.8,0.0,21.4,28.9,28.9,30.9,300.0,300.0,31.700000000000003,35.800000000000004,28.9,28.1,29.9,4.96,1.99,4.96,0.16,0.0,0.0,1027.0,8228.0,0.0,0.0,0.0,0.0,0.0,1.0,0.0,0.0,0.0,0.0,0.0,-1.0,0.0,0.5,0.0,0.0,16.0,25903.0
2026-07-30T19:03:15.446Z,364.929,364.944,0.0,7.4,0.0,0.0,0.0,0.0,0.0,0.0,0.0,0.0,1.0,0.0,0.0,0.0,9.0,4.0,0.0,0.0,0.0,0.0,0.0,0.0,0.0,0.0,4.0,12.0,1.0,12.18,5.01,2.5,1.49,0.0,0.1,0.0,361.3,0.0,0.1,1.2000000000000002,1.0,-169.70000000000002,0.0,0.0,169.70000000000002,0.0,21.0,28.9,28.9,30.9,300.0,300.0,31.700000000000003,35.800000000000004,28.9,28.1,29.9,4.96,1.99,4.97,0.16,0.0,0.0,1027.0,8228.0,0.0,0.0,0.0,0.0,0.0,1.0,0.0,0.0,0.0,0.0,0.0,2.2,0.0,-0.6000000000000001,0.0,0.0,16.0,25903.0
2026-07-30T19:03:15.458Z,364.941,364.956,0.0,7.4,0.0,0.0,0.0,0.0,0.0,0.0,0.0,0.0,1.0,0.0,0.0,0.0,9.0,4.0,0.0,0.0,0.0,0.0,0.0,0.0,0.0,0.0,6.0,12.0,1.0,12.18,5.01,2.5,1.49,0.0,0.0,0.0,361.3,0.0,-0.3,0.7000000000000001,1.6,-169.70000000000002,0.0,0.0,169.8,0.0,21.0,28.9,28.9,30.9,300.0,300.0,31.700000000000003,35.800000000000004,28.9,28.1,29.9,4.96,1.99,4.97,0.16,0.0,0.0,1027.0,8228.0,0.0,0.0,0.0,0.0,0.0,1.0,0.0,0.0,0.0,0.0,0.0,2.0,0.0,-1.3,0.0,0.0,16.0,25903.0
2026-07-30T19:03:15.469Z,364.952,364.968,0.0,7.4,0.0,0.0,0.0,0.0,0.0,0.0,0.0,0.0,1.0,0.0,0.0,0.0,9.0,4.0,0.0,0.0,0.0,0.0,0.0,0.0,0.0,0.0,1.0,12.0,1.0,12.18,5.01,2.5,1.49,0.0,0.1,0.0,361.3,0.0,-0.3,-1.6,-1.2000000000000002,-169.70000000000002,0.0,0.0,169.8,0.0,21.0,28.9,28.9,30.9,300.0,300.0,31.700000000000003,35.800000000000004,28.9,28.1,29.9,4.96,1.99,4.96,0.16,0.0,0.0,1027.0,8228.0,0.0,0.0,0.0,0.0,0.0,1.0,0.0,0.0,0.0,0.0,0.0,-2.7,0.0,0.7000000000000001,0.0,0.0,16.0,25903.0
2026-07-30T19:03:15.482Z,364.965,364.98,0.0,7.4,0.0,0.0,0.0,0.0,0.0,0.0,0.0,0.0,1.0,0.0,0.0,0.0,9.0,4.0,0.0,0.0,0.0,0.0,0.0,0.0,0.0,0.0,2.0,12.0,1.0,12.18,5.01,2.5,1.49,0.0,0.0,0.0,361.3,0.0,-0.3,-1.6,-0.7000000000000001,-169.70000000000002,0.0,0.0,169.70000000000002,0.0,21.0,28.9,28.9,30.9,300.0,300.0,31.700000000000003,35.800000000000004,28.9,28.1,29.9,4.95,2.0,4.96,0.16,0.0,0.0,1027.0,8228.0,0.0,0.0,0.0,0.0,0.0,1.0,0.0,0.0,0.0,0.0,0.0,-2.3000000000000003,0.0,0.3,0.0,0.0,16.0,25903.0
2026-07-30T19:03:15.494Z,364.977,364.992,0.0,7.4,0.0,0.0,0.0,0.0,0.0,0.0,0.0,0.0,1.0,0.0,0.0,0.0,9.0,4.0,0.0,0.0,0.0,0.0,0.0,0.0,0.0,0.0,4.0,12.0,1.0,12.18,5.01,2.5,1.49,0.0,0.0,0.0,361.4,0.0,0.2,1.3,0.3,-169.70000000000002,0.0,0.0,169.70000000000002,0.0,21.0,28.9,28.9,30.9,300.0,300.0,31.700000000000003,35.800000000000004,28.9,28.1,29.9,4.95,1.99,4.97,0.16,0.0,0.0,1027.0,8228.0,0.0,0.0,0.0,0.0,0.0,1.0,0.0,0.0,0.0,0.0,0.0,1.7000000000000002,0.0,0.0,0.0,0.0,16.0,25903.0
2026-07-30T19:03:15.505Z,364.988,365.004,0.0,7.4,0.0,0.0,0.0,0.0,0.0,0.0,0.0,0.0,1.0,0.0,0.0,0.0,9.0,4.0,0.0,0.0,0.0,0.0,0.0,0.0,0.0,0.0,5.0,12.0,1.0,12.18,5.01,2.5,1.49,0.0,0.0,0.0,361.4,0.0,0.2,-0.4,-0.7000000000000001,-169.70000000000002,0.0,0.0,169.70000000000002,0.0,21.0,28.9,28.9,30.9,300.0,300.0,31.700000000000003,35.800000000000004,28.9,28.1,29.9,4.95,1.99,4.97,0.16,0.0,0.0,1027.0,8228.0,0.0,0.0,0.0,0.0,0.0,1.0,0.0,0.0,0.0,0.0,0.0,-0.9,0.0,0.5,0.0,0.0,16.0,25903.0
2026-07-30T19:03:15.518Z,365.001,365.016,0.0,7.4,0.0,0.0,0.0,0.0,0.0,0.0,0.0,0.0,1.0,0.0,0.0,0.0,9.0,4.0,0.0,0.0,0.0,0.0,0.0,0.0,0.0,0.0,1.0,12.0,1.0,12.18,5.01,2.5,1.49,0.0,0.0,0.0,361.4,0.0,-0.3,0.1,1.0,-169.70000000000002,0.0,0.0,169.8,0.0,21.0,28.9,28.9,30.9,300.0,300.0,31.700000000000003,35.800000000000004,28.9,28.1,29.9,4.96,1.99,4.96,0.16,0.0,0.0,1027.0,8228.0,0.0,0.0,0.0,0.0,0.0,1.0,0.0,0.0,0.0,0.0,0.0,0.9,0.0,-0.8,0.0,0.0,16.0,25903.0
2026-07-30T19:03:15.529Z,365.012,365.028,0.0,7.4,0.0,0.0,0.0,0.0,0.0,0.0,0.0,0.0,1.0,0.0,0.0,0.0,9.0,4.0,0.0,0.0,0.0,0.0,0.0,0.0,0.0,0.0,2.0,12.0,1.0,12.18,5.01,2.5,1.49,0.0,0.0,0.0,361.3,0.0,0.2,-0.4,1.0,-169.70000000000002,0.0,0.0,169.8,0.0,21.0,28.9,28.9,30.9,300.0,300.0,31.700000000000003,35.800000000000004,28.9,28.1,29.9,4.95,1.99,4.97,0.16,0.0,0.0,1027.0,8228.0,0.0,0.0,0.0,0.0,0.0,1.0,0.0,0.0,0.0,0.0,0.0,0.2,0.0,-1.0,0.0,0.0,16.0,25903.0
2026-07-30T19:03:15.543Z,365.026,365.04,0.0,7.4,0.0,0.0,0.0,0.0,0.0,0.0,0.0,0.0,1.0,0.0,0.0,0.0,9.0,4.0,0.0,0.0,0.0,0.0,0.0,0.0,0.0,0.0,3.0,12.0,1.0,12.18,5.01,2.5,1.49,0.0,0.0,0.0,361.4,0.0,-0.9,-0.5,0.4,-169.70000000000002,0.0,0.0,169.8,0.0,21.3,28.9,28.9,30.9,300.0,300.0,31.5,35.800000000000004,28.9,28.1,29.9,4.95,1.99,4.96,0.16,0.0,0.0,1027.0,8228.0,0.0,0.0,0.0,0.0,0.0,1.0,0.0,0.0,0.0,0.0,0.0,-0.2,0.0,-0.4,0.0,0.0,16.0,25903.0
2026-07-30T19:03:15.554Z,365.037,365.052,0.0,7.4,0.0,0.0,0.0,0.0,0.0,0.0,0.0,0.0,1.0,0.0,0.0,0.0,9.0,4.0,0.0,0.0,0.0,0.0,0.0,0.0,0.0,0.0,5.0,12.0,1.0,12.18,5.01,2.5,1.49,0.0,0.0,0.0,361.4,0.0,0.2,1.8,0.4,-169.70000000000002,0.0,0.0,169.8,0.0,21.3,28.9,28.9,30.9,300.0,300.0,31.5,35.800000000000004,28.9,28.1,29.9,4.96,1.99,4.96,0.16,0.0,0.0,1027.0,8228.0,0.0,0.0,0.0,0.0,0.0,1.0,0.0,0.0,0.0,0.0,0.0,2.4000000000000004,0.0,0.0,0.0,0.0,16.0,25903.0
2026-07-30T19:03:15.565Z,365.048,365.064,0.0,7.4,0.0,0.0,0.0,0.0,0.0,0.0,0.0,0.0,1.0,0.0,0.0,0.0,9.0,4.0,0.0,0.0,0.0,0.0,0.0,0.0,0.0,0.0,6.0,12.0,1.0,12.18,5.01,2.5,1.49,0.0,0.0,0.0,361.3,0.0,0.2,-0.4,-0.1,-169.70000000000002,0.0,0.0,169.8,0.0,21.3,28.9,28.9,30.9,300.0,300.0,31.5,35.800000000000004,28.9,28.1,29.9,4.95,1.99,4.97,0.16,0.0,0.0,1027.0,8228.0,0.0,0.0,0.0,0.0,0.0,1.0,0.0,0.0,0.0,0.0,0.0,-0.7000000000000001,0.0,0.0,0.0,0.0,16.0,25903.0
2026-07-30T19:03:15.578Z,365.061,365.076,0.0,7.4,0.0,0.0,0.0,0.0,0.0,0.0,0.0,0.0,1.0,0.0,0.0,0.0,9.0,4.0,0.0,0.0,0.0,0.0,0.0,0.0,0.0,0.0,1.0,12.0,1.0,12.18,5.01,2.5,1.49,0.0,0.0,0.0,361.4,0.0,-0.8,-0.5,-0.7000000000000001,-169.70000000000002,0.0,0.0,169.8,0.0,21.3,28.9,28.9,30.9,300.0,300.0,31.5,35.800000000000004,28.9,28.1,29.9,4.96,1.99,4.97,0.16,0.0,0.0,1027.0,8228.0,0.0,0.0,0.0,0.0,0.0,1.0,0.0,0.0,0.0,0.0,0.0,-1.1,0.0,0.5,0.0,0.0,16.0,25903.0
2026-07-30T19:03:15.590Z,365.073,365.088,0.0,7.4,0.0,0.0,0.0,0.0,0.0,0.0,0.0,0.0,1.0,0.0,0.0,0.0,9.0,4.0,0.0,0.0,0.0,0.0,0.0,0.0,0.0,0.0,2.0,12.0,1.0,12.18,5.01,2.5,1.49,0.0,0.0,0.0,361.3,0.0,-0.3,-0.5,-1.3,-169.70000000000002,0.0,0.0,169.70000000000002,0.0,21.3,28.9,28.9,30.9,300.0,300.0,31.5,35.800000000000004,28.9,28.1,29.9,4.96,1.99,4.96,0.16,0.0,0.0,1027.0,8228.0,0.0,0.0,0.0,0.0,0.0,1.0,0.0,0.0,0.0,0.0,0.0,-1.5,0.0,1.0,0.0,0.0,16.0,25903.0
2026-07-30T19:03:15.602Z,365.085,365.1,0.0,7.4,0.0,0.0,0.0,0.0,0.0,0.0,0.0,0.0,1.0,0.0,0.0,0.0,9.0,4.0,0.0,0.0,0.0,0.0,0.0,0.0,0.0,0.0,3.0,12.0,1.0,12.18,5.01,2.5,1.49,0.0,0.0,0.0,361.3,0.0,-0.3,0.0,-0.7000000000000001,-169.70000000000002,0.0,0.0,169.70000000000002,0.0,21.3,28.9,28.9,30.9,300.0,300.0,31.5,35.800000000000004,28.9,28.1,29.9,4.96,1.99,4.96,0.16,0.0,0.0,1027.0,8228.0,0.0,0.0,0.0,0.0,0.0,1.0,0.0,0.0,0.0,0.0,0.0,-0.4,0.0,0.6000000000000001,0.0,0.0,16.0,25903.0
2026-07-30T19:03:15.613Z,365.096,365.112,0.0,7.4,0.0,0.0,0.0,0.0,0.0,0.0,0.0,0.0,1.0,0.0,0.0,0.0,9.0,4.0,0.0,0.0,0.0,0.0,0.0,0.0,0.0,0.0,4.0,12.0,1.0,12.18,5.01,2.5,1.49,0.0,0.0,0.0,361.3,0.0,0.2,0.0,0.9,-169.70000000000002,0.0,0.0,169.70000000000002,0.0,21.3,28.9,28.9,30.9,300.0,300.0,31.5,35.800000000000004,28.9,28.1,29.9,4.95,1.99,4.97,0.16,0.0,0.0,1027.0,8228.0,0.0,0.0,0.0,0.0,0.0,1.0,0.0,0.0,0.0,0.0,0.0,0.8,0.0,-0.8,0.0,0.0,16.0,25903.0
2026-07-30T19:03:15.626Z,365.109,365.124,0.0,7.4,0.0,0.0,0.0,0.0,0.0,0.0,0.0,0.0,1.0,0.0,0.0,0.0,9.0,4.0,0.0,0.0,0.0,0.0,0.0,0.0,0.0,0.0,5.0,12.0,1.0,12.18,5.01,2.5,1.49,0.0,0.0,0.0,361.4,0.0,0.2,0.0,-0.7000000000000001,-169.70000000000002,0.0,0.0,169.70000000000002,0.0,21.3,28.9,28.9,30.9,300.0,300.0,31.5,35.800000000000004,28.9,28.1,29.9,4.96,1.99,4.96,0.16,0.0,0.0,1027.0,8228.0,0.0,0.0,0.0,0.0,0.0,1.0,0.0,0.0,0.0,0.0,0.0,-0.4,0.0,0.6000000000000001,0.0,0.0,16.0,25903.0
2026-07-30T19:03:15.637Z,365.12,365.136,0.0,7.4,0.0,0.0,0.0,0.0,0.0,0.0,0.0,0.0,1.0,0.0,0.0,0.0,9.0,4.0,0.0,0.0,0.0,0.0,0.0,0.0,0.0,0.0,6.0,12.0,1.0,12.18,5.01,2.5,1.49,0.0,0.0,0.0,361.3,0.0,0.2,1.2000000000000002,2.1,-169.70000000000002,0.0,0.0,169.8,0.0,21.3,28.9,28.9,30.9,300.0,300.0,31.5,35.800000000000004,28.9,28.1,29.9,4.96,1.99,4.96,0.16,0.0,0.0,1027.0,8228.0,0.0,0.0,0.0,0.0,0.0,1.0,0.0,0.0,0.0,0.0,0.0,3.0,0.0,-1.6,0.0,0.0,16.0,25903.0
2026-07-30T19:03:15.650Z,365.133,365.148,0.0,7.4,0.0,0.0,0.0,0.0,0.0,0.0,0.0,0.0,1.0,0.0,0.0,0.0,9.0,4.0,0.0,0.0,0.0,0.0,0.0,0.0,0.0,0.0,1.0,12.0,1.0,12.15,5.01,2.51,1.49,0.0,0.0,0.0,361.3,0.0,0.2,1.2000000000000002,0.4,-169.70000000000002,0.0,0.0,169.8,0.0,21.700000000000003,28.9,28.9,30.9,300.0,300.0,31.6,35.800000000000004,28.9,28.0,29.9,4.95,1.99,4.96,0.16,0.0,0.0,1027.0,8228.0,0.0,0.0,0.0,0.0,0.0,1.0,0.0,0.0,0.0,0.0,0.0,1.7000000000000002,0.0,-0.1,0.0,0.0,16.0,25903.0
2026-07-30T19:03:15.662Z,365.145,365.16,0.0,7.4,0.0,0.0,0.0,0.0,0.0,0.0,0.0,0.0,1.0,0.0,0.0,0.0,9.0,4.0,0.0,0.0,0.0,0.0,0.0,0.0,0.0,0.0,2.0,12.0,1.0,12.15,5.01,2.51,1.49,0.0,0.0,0.0,361.3,0.0,0.8,0.0,1.0,-169.70000000000002,0.0,0.0,169.8,0.0,21.700000000000003,28.9,28.9,30.9,300.0,300.0,31.6,35.800000000000004,28.9,28.0,29.9,4.95,1.99,4.97,0.16,0.0,0.0,1027.0,8228.0,0.0,0.0,0.0,0.0,0.0,1.0,0.0,0.0,0.0,0.0,0.0,0.7000000000000001,0.0,-0.8,0.0,0.0,16.0,25903.0
2026-07-30T19:03:15.674Z,365.157,365.172,0.0,7.4,0.0,0.0,0.0,0.0,0.0,0.0,0.0,0.0,1.0,0.0,0.0,0.0,9.0,4.0,0.0,0.0,0.0,0.0,0.0,0.0,0.0,0.0,4.0,12.0,1.0,12.15,5.01,2.51,1.49,0.0,0.0,0.0,361.4,0.0,0.2,0.5,0.4,-169.70000000000002,0.0,0.0,169.8,0.0,21.700000000000003,28.9,28.9,30.9,300.0,300.0,31.6,35.800000000000004,28.9,28.0,29.9,4.96,2.0,4.96,0.16,0.0,0.0,1027.0,8228.0,0.0,0.0,0.0,0.0,0.0,1.0,0.0,0.0,0.0,0.0,0.0,0.9,0.0,-0.2,0.0,0.0,16.0,25903.0
2026-07-30T19:03:15.685Z,365.168,365.184,0.0,7.4,0.0,0.0,0.0,0.0,0.0,0.0,0.0,0.0,1.0,0.0,0.0,0.0,9.0,4.0,0.0,0.0,0.0,0.0,0.0,0.0,0.0,0.0,5.0,12.0,1.0,12.15,5.01,2.51,1.49,0.0,0.0,0.0,361.4,0.0,-0.3,1.1,0.3,-169.70000000000002,0.0,0.0,169.70000000000002,0.0,21.700000000000003,28.9,28.9,30.9,300.0,300.0,31.6,35.800000000000004,28.9,28.0,29.9,4.96,1.99,4.97,0.16,0.0,0.0,1027.0,8228.0,0.0,0.0,0.0,0.0,0.0,1.0,0.0,0.0,0.0,0.0,0.0,1.5,0.0,0.0,0.0,0.0,16.0,25903.0
2026-07-30T19:03:15.697Z,365.18,365.196,0.0,7.4,0.0,0.0,0.0,0.0,0.0,0.0,0.0,0.0,1.0,0.0,0.0,0.0,9.0,4.0,0.0,0.0,0.0,0.0,0.0,0.0,0.0,0.0,6.0,12.0,1.0,12.15,5.01,2.51,1.49,0.0,0.0,0.0,361.3,0.0,-0.3,-0.5,-0.7000000000000001,-169.70000000000002,0.0,0.0,169.8,0.0,21.700000000000003,28.9,28.9,30.9,300.0,300.0,31.6,35.800000000000004,28.9,28.0,29.9,4.95,1.99,4.97,0.16,0.0,0.0,1027.0,8228.0,0.0,0.0,0.0,0.0,0.0,1.0,0.0,0.0,0.0,0.0,0.0,-1.2000000000000002,0.0,0.5,0.0,0.0,16.0,25903.0
2026-07-30T19:03:15.709Z,365.192,365.208,0.0,7.4,0.0,0.0,0.0,0.0,0.0,0.0,0.0,0.0,1.0,0.0,0.0,0.0,9.0,4.0,0.0,0.0,0.0,0.0,0.0,0.0,0.0,0.0,1.0,12.0,1.0,12.15,5.01,2.51,1.49,0.0,0.0,0.0,361.4,0.0,0.2,0.0,-0.1,-169.70000000000002,0.0,0.0,169.70000000000002,0.0,21.700000000000003,28.9,28.9,30.9,300.0,300.0,31.6,35.800000000000004,28.9,28.0,29.9,4.96,1.99,4.96,0.16,0.0,0.0,1027.0,8228.0,0.0,0.0,0.0,0.0,0.0,1.0,0.0,0.0,0.0,0.0,0.0,-0.1,0.0,0.1,0.0,0.0,16.0,25903.0
2026-07-30T19:03:15.722Z,365.205,365.22,0.0,7.4,0.0,0.0,0.0,0.0,0.0,0.0,0.0,0.0,1.0,0.0,0.0,0.0,9.0,4.0,0.0,0.0,0.0,0.0,0.0,0.0,0.0,0.0,2.0,12.0,1.0,12.15,5.01,2.51,1.49,0.0,0.0,0.0,361.3,0.0,-0.3,-0.5,-0.7000000000000001,-169.70000000000002,0.0,0.0,169.70000000000002,0.0,21.700000000000003,28.9,28.9,30.9,300.0,300.0,31.6,35.800000000000004,28.9,28.0,29.9,4.95,2.0,4.96,0.16,0.0,0.0,1027.0,8228.0,0.0,0.0,0.0,0.0,0.0,1.0,0.0,0.0,0.0,0.0,0.0,-1.1,0.0,0.5,0.0,0.0,16.0,25903.0
2026-07-30T19:03:15.734Z,365.217,365.232,0.0,7.4,0.0,0.0,0.0,0.0,0.0,0.0,0.0,0.0,1.0,0.0,0.0,0.0,9.0,4.0,0.0,0.0,0.0,0.0,0.0,0.0,0.0,0.0,3.0,12.0,1.0,12.15,5.01,2.51,1.49,0.0,0.0,0.0,361.3,0.0,0.3,1.2000000000000002,-0.1,-169.70000000000002,0.0,0.0,169.70000000000002,0.0,21.700000000000003,28.9,28.9,30.9,300.0,300.0,31.6,35.800000000000004,28.9,28.0,29.9,4.95,1.99,4.97,0.16,0.0,0.0,1027.0,8228.0,0.0,0.0,0.0,0.0,0.0,1.0,0.0,0.0,0.0,0.0,0.0,1.2000000000000002,0.0,0.3,0.0,0.0,16.0,25903.0
2026-07-30T19:03:15.747Z,365.23,365.244,0.0,7.4,0.0,0.0,0.0,0.0,0.0,0.0,0.0,0.0,1.0,0.0,0.0,0.0,9.0,4.0,0.0,0.0,0.0,0.0,0.0,0.0,0.0,0.0,3.0,12.0,1.0,12.15,5.0200000000000005,2.51,1.49,0.0,0.0,0.0,361.4,0.0,0.8,1.2000000000000002,1.0,-169.70000000000002,0.0,0.0,169.70000000000002,0.0,21.700000000000003,28.9,28.9,30.9,300.0,300.0,31.6,35.800000000000004,28.9,28.0,29.9,4.95,1.99,4.97,0.16,0.0,0.0,1027.0,8228.0,0.0,0.0,0.0,0.0,0.0,1.0,0.0,0.0,0.0,0.0,0.0,2.1,0.0,-0.6000000000000001,0.0,0.0,16.0,25903.0
2026-07-30T19:03:15.758Z,365.241,365.256,0.0,7.4,0.0,0.0,0.0,0.0,0.0,0.0,0.0,0.0,1.0,0.0,0.0,0.0,9.0,4.0,0.0,0.0,0.0,0.0,0.0,0.0,0.0,0.0,4.0,12.0,1.0,12.15,5.0200000000000005,2.51,1.49,0.0,0.0,0.0,361.3,0.0,0.8,0.0,0.4,-169.70000000000002,0.0,0.0,169.70000000000002,0.0,21.700000000000003,28.9,28.9,30.9,300.0,300.0,31.6,35.800000000000004,28.9,28.0,29.9,4.96,1.99,4.96,0.16,0.0,0.0,1027.0,8228.0,0.0,0.0,0.0,0.0,0.0,1.0,0.0,0.0,0.0,0.0,0.0,0.4,0.0,-0.3,0.0,0.0,16.0,25903.0
2026-07-30T19:03:15.770Z,365.253,365.268,0.0,7.4,0.0,0.0,0.0,0.0,0.0,0.0,0.0,0.0,1.0,0.0,0.0,0.0,9.0,4.0,0.0,0.0,0.0,0.0,0.0,0.0,0.0,0.0,6.0,12.0,1.0,12.15,5.0200000000000005,2.51,1.49,0.0,0.0,0.0,361.4,0.0,-0.2,-1.1,-0.1,-169.70000000000002,0.0,0.0,169.70000000000002,0.0,21.700000000000003,28.9,28.9,30.9,300.0,300.0,31.6,35.800000000000004,28.9,28.0,29.9,4.95,1.99,4.97,0.16,0.0,0.0,1027.0,8228.0,0.0,0.0,0.0,0.0,0.0,1.0,0.0,0.0,0.0,0.0,0.0,-1.3,0.0,0.0,0.0,0.0,16.0,25903.0
2026-07-30T19:03:15.782Z,365.265,365.28,0.0,7.4,0.0,0.0,0.0,0.0,0.0,0.0,0.0,0.0,1.0,0.0,0.0,0.0,9.0,4.0,0.0,0.0,0.0,0.0,0.0,0.0,0.0,0.0,1.0,12.0,1.0,12.15,5.0200000000000005,2.51,1.49,0.0,0.0,0.0,361.3,0.0,-0.2,0.6000000000000001,0.4,-169.70000000000002,0.0,0.0,169.8,0.0,21.700000000000003,28.9,28.9,30.9,300.0,300.0,31.6,35.800000000000004,28.9,28.0,29.9,4.95,1.99,4.96,0.16,0.0,0.0,1027.0,8228.0,0.0,0.0,0.0,0.0,0.0,1.0,0.0,0.0,0.0,0.0,0.0,1.0,0.0,-0.2,0.0,0.0,16.0,25903.0
2026-07-30T19:03:15.794Z,365.277,365.292,0.0,7.4,0.0,0.0,0.0,0.0,0.0,0.0,0.0,0.0,1.0,0.0,0.0,0.0,9.0,4.0,0.0,0.0,0.0,0.0,0.0,0.0,0.0,0.0,2.0,12.0,1.0,12.15,5.0200000000000005,2.51,1.49,0.0,0.0,0.0,361.3,0.0,0.8,0.6000000000000001,-0.1,-169.70000000000002,0.0,0.0,169.8,0.0,21.700000000000003,28.9,28.9,30.9,300.0,300.0,31.6,35.800000000000004,28.9,28.0,29.9,4.96,2.0,4.96,0.16,0.0,0.0,1027.0,8228.0,0.0,0.0,0.0,0.0,0.0,1.0,0.0,0.0,0.0,0.0,0.0,0.5,0.0,0.3,0.0,0.0,16.0,25903.0
2026-07-30T19:03:15.806Z,365.289,365.304,0.0,7.4,0.0,0.0,0.0,0.0,0.0,0.0,0.0,0.0,1.0,0.0,0.0,0.0,9.0,4.0,0.0,0.0,0.0,0.0,0.0,0.0,0.0,0.0,3.0,12.0,1.0,12.15,5.0200000000000005,2.51,1.49,0.0,0.0,0.0,361.3,0.0,-0.3,-0.4,0.4,-169.70000000000002,0.0,0.0,169.70000000000002,0.0,21.700000000000003,28.9,28.9,30.9,300.0,300.0,31.6,35.800000000000004,28.9,28.0,29.9,4.96,2.0,4.96,0.16,0.0,0.0,1027.0,8228.0,0.0,0.0,0.0,0.0,0.0,1.0,0.0,0.0,0.0,0.0,0.0,-0.2,0.0,-0.4,0.0,0.0,16.0,25903.0
2026-07-30T19:03:15.817Z,365.3,365.316,0.0,7.4,0.0,0.0,0.0,0.0,0.0,0.0,0.0,0.0,1.0,0.0,0.0,0.0,9.0,4.0,0.0,0.0,0.0,0.0,0.0,0.0,0.0,0.0,5.0,12.0,1.0,12.15,5.0200000000000005,2.51,1.49,0.0,0.0,0.0,361.3,0.0,0.2,-0.5,0.4,-169.70000000000002,0.0,0.0,169.60000000000002,0.0,21.700000000000003,28.9,28.9,30.9,300.0,300.0,31.6,35.800000000000004,28.9,28.0,29.9,4.95,1.99,4.97,0.16,0.0,0.0,1027.0,8228.0,0.0,0.0,0.0,0.0,0.0,1.0,0.0,0.0,0.0,0.0,0.0,-0.2,0.0,-0.4,0.0,0.0,16.0,25903.0
2026-07-30T19:03:15.830Z,365.313,365.328,0.0,7.4,0.0,0.0,0.0,0.0,0.0,0.0,0.0,0.0,1.0,0.0,0.0,0.0,9.0,4.0,0.0,0.0,0.0,0.0,0.0,0.0,0.0,0.0,6.0,12.0,1.0,12.15,5.0200000000000005,2.51,1.49,0.0,0.0,0.0,361.3,0.0,0.2,0.6000000000000001,-0.1,-169.70000000000002,0.0,0.0,169.8,0.0,21.700000000000003,28.9,28.9,30.9,300.0,300.0,31.6,35.800000000000004,28.9,28.0,29.9,4.95,1.99,4.96,0.16,0.0,0.0,1027.0,8228.0,0.0,0.0,0.0,0.0,0.0,1.0,0.0,0.0,0.0,0.0,0.0,0.6000000000000001,0.0,0.3,0.0,0.0,16.0,25903.0
2026-07-30T19:03:15.841Z,365.324,365.34,0.0,7.4,0.0,0.0,0.0,0.0,0.0,0.0,0.0,0.0,1.0,0.0,0.0,0.0,9.0,4.0,0.0,0.0,0.0,0.0,0.0,0.0,0.0,0.0,2.0,12.0,1.0,12.15,5.0200000000000005,2.51,1.49,-0.1,0.1,0.0,361.3,0.0,-0.9,-0.5,-0.7000000000000001,-169.70000000000002,0.0,0.0,169.70000000000002,0.0,21.700000000000003,28.9,28.9,30.9,300.0,300.0,31.6,35.800000000000004,28.9,28.0,29.9,4.96,1.99,4.96,0.16,0.0,0.0,1027.0,8228.0,0.0,0.0,0.0,0.0,0.0,1.0,0.0,0.0,0.0,0.0,0.0,-1.1,0.0,0.5,0.0,0.0,16.0,25903.0
2026-07-30T19:03:15.854Z,365.337,365.352,0.0,7.4,0.0,0.0,0.0,0.0,0.0,0.0,0.0,0.0,1.0,0.0,0.0,0.0,9.0,4.0,0.0,0.0,0.0,0.0,0.0,0.0,0.0,0.0,3.0,12.0,1.0,12.15,5.01,2.51,1.5,0.0,0.0,0.0,361.3,0.0,-0.3,-1.1,0.3,-169.70000000000002,0.0,0.0,169.8,0.0,21.700000000000003,28.9,28.9,30.9,300.0,300.0,31.5,35.800000000000004,28.9,28.1,29.9,4.95,1.99,4.97,0.16,0.0,0.0,1027.0,8228.0,0.0,0.0,0.0,0.0,0.0,1.0,0.0,0.0,0.0,0.0,0.0,-1.2000000000000002,0.0,0.6000000000000001,0.0,0.0,16.0,25903.0
2026-07-30T19:03:15.866Z,365.349,365.364,0.0,7.4,0.0,0.0,0.0,0.0,0.0,0.0,0.0,0.0,1.0,0.0,0.0,0.0,9.0,4.0,0.0,0.0,0.0,0.0,0.0,0.0,0.0,0.0,5.0,12.0,1.0,12.15,5.01,2.51,1.5,0.0,0.0,0.0,361.4,0.0,-0.3,0.0,0.3,-169.70000000000002,0.0,0.0,169.60000000000002,0.0,21.700000000000003,28.9,28.9,30.9,300.0,300.0,31.5,35.800000000000004,28.9,28.1,29.9,4.96,1.99,4.97,0.16,0.0,0.0,1027.0,8228.0,0.0,0.0,0.0,0.0,0.0,1.0,0.0,0.0,0.0,0.0,0.0,-0.7000000000000001,0.0,0.0,0.0,0.0,16.0,25903.0
2026-07-30T19:03:15.878Z,365.361,365.376,0.0,7.4,0.0,0.0,0.0,0.0,0.0,0.0,0.0,0.0,1.0,0.0,0.0,0.0,9.0,4.0,0.0,0.0,0.0,0.0,0.0,0.0,0.0,0.0,6.0,12.0,1.0,12.15,5.01,2.51,1.5,0.0,0.0,0.0,361.3,0.0,-0.3,1.1,0.9,-169.70000000000002,0.0,0.0,169.70000000000002,0.0,21.700000000000003,28.9,28.9,30.9,300.0,300.0,31.5,35.800000000000004,28.9,28.1,29.9,4.96,1.99,4.96,0.16,0.0,0.0,1027.0,8228.0,0.0,0.0,0.0,0.0,0.0,1.0,0.0,0.0,0.0,0.0,0.0,0.4,0.0,0.3,0.0,0.0,16.0,25903.0
2026-07-30T19:03:15.890Z,365.373,365.388,0.0,7.4,0.0,0.0,0.0,0.0,0.0,0.0,0.0,0.0,1.0,0.0,0.0,0.0,9.0,4.0,0.0,0.0,0.0,0.0,0.0,0.0,0.0,0.0,1.0,12.0,1.0,12.15,5.01,2.51,1.5,0.0,0.0,0.0,361.3,0.0,-0.3,0.0,-0.2,-169.70000000000002,0.0,0.0,169.60000000000002,0.0,21.700000000000003,28.9,28.9,30.9,300.0,300.0,31.5,35.800000000000004,28.9,28.1,29.9,4.96,1.99,4.96,0.16,0.0,0.0,1027.0,8228.0,0.0,0.0,0.0,0.0,0.0,1.0,0.0,0.0,0.0,0.0,0.0,-0.2,0.0,0.2,0.0,0.0,16.0,25903.0
2026-07-30T19:03:15.902Z,365.385,365.4,0.0,7.4,0.0,0.0,0.0,0.0,0.0,0.0,0.0,0.0,1.0,0.0,0.0,0.0,9.0,4.0,0.0,0.0,0.0,0.0,0.0,0.0,0.0,0.0,2.0,12.0,1.0,12.15,5.01,2.51,1.5,0.0,0.0,0.0,361.3,0.0,0.2,-0.6000000000000001,-0.3,-169.70000000000002,0.0,0.0,169.70000000000002,0.0,21.700000000000003,28.9,28.9,30.9,300.0,300.0,31.5,35.800000000000004,28.9,28.1,29.9,4.95,1.99,4.97,0.16,0.0,0.0,1027.0,8228.0,0.0,0.0,0.0,0.0,0.0,1.0,0.0,0.0,0.0,0.0,0.0,-0.9,0.0,0.1,0.0,0.0,16.0,25903.0
2026-07-30T19:03:15.914Z,365.397,365.412,0.0,7.4,0.0,0.0,0.0,0.0,0.0,0.0,0.0,0.0,1.0,0.0,0.0,0.0,9.0,4.0,0.0,0.0,0.0,0.0,0.0,0.0,0.0,0.0,2.0,12.0,1.0,12.15,5.01,2.51,1.5,0.0,0.0,0.0,361.4,0.0,0.8,-0.6000000000000001,0.3,-169.70000000000002,0.0,0.0,169.70000000000002,0.0,21.700000000000003,28.9,28.9,30.9,300.0,300.0,31.5,35.800000000000004,28.9,28.1,29.9,4.96,2.0,4.97,0.16,0.0,0.0,1027.0,8228.0,0.0,0.0,0.0,0.0,0.0,1.0,0.0,0.0,0.0,0.0,0.0,-0.5,0.0,-0.4,0.0,0.0,16.0,25903.0
2026-07-30T19:03:15.926Z,365.409,365.424,0.0,7.4,0.0,0.0,0.0,0.0,0.0,0.0,0.0,0.0,1.0,0.0,0.0,0.0,9.0,4.0,0.0,0.0,0.0,0.0,0.0,0.0,0.0,0.0,4.0,12.0,1.0,12.15,5.01,2.51,1.5,0.0,0.0,0.0,361.3,0.0,-0.9,0.0,-0.2,-169.70000000000002,0.0,0.0,169.60000000000002,0.0,21.700000000000003,28.9,28.9,30.9,300.0,300.0,31.5,35.800000000000004,28.9,28.1,29.9,4.96,1.99,4.97,0.15,0.0,0.0,1027.0,8228.0,0.0,0.0,0.0,0.0,0.0,1.0,0.0,0.0,0.0,0.0,0.0,-0.2,0.0,0.2,0.0,0.0,16.0,25903.0
2026-07-30T19:03:15.938Z,365.421,365.436,0.0,7.4,0.0,0.0,0.0,0.0,0.0,0.0,0.0,0.0,1.0,0.0,0.0,0.0,9.0,4.0,0.0,0.0,0.0,0.0,0.0,0.0,0.0,0.0,5.0,12.0,1.0,12.15,5.01,2.51,1.5,0.0,0.0,0.0,361.3,0.0,0.2,-0.1,-0.8,-169.70000000000002,0.0,0.0,169.70000000000002,0.0,21.700000000000003,28.9,28.9,30.9,300.0,300.0,31.5,35.800000000000004,28.9,28.1,29.9,4.95,1.99,4.97,0.16,0.0,0.0,1027.0,8228.0,0.0,0.0,0.0,0.0,0.0,1.0,0.0,0.0,0.0,0.0,0.0,-0.7000000000000001,0.0,0.7000000000000001,0.0,0.0,16.0,25903.0
2026-07-30T19:03:15.950Z,365.433,365.448,0.0,7.4,0.0,0.0,0.0,0.0,0.0,0.0,0.0,0.0,1.0,0.0,0.0,0.0,9.0,4.0,0.0,0.0,0.0,0.0,0.0,0.0,0.0,0.0,6.0,12.0,1.0,12.18,5.01,2.5,1.49,0.0,0.0,0.0,361.4,0.0,-0.9,0.0,-0.2,-169.70000000000002,0.0,0.0,169.70000000000002,0.0,21.200000000000003,28.9,28.9,30.9,300.0,300.0,31.4,35.800000000000004,28.9,28.1,29.9,4.96,1.99,4.97,0.16,0.0,0.0,1027.0,8228.0,0.0,0.0,0.0,0.0,0.0,1.0,0.0,0.0,0.0,0.0,0.0,-0.2,0.0,0.2,0.0,0.0,16.0,25903.0
2026-07-30T19:03:15.962Z,365.445,365.46,0.0,7.4,0.0,0.0,0.0,0.0,0.0,0.0,0.0,0.0,1.0,0.0,0.0,0.0,9.0,4.0,0.0,0.0,0.0,0.0,0.0,0.0,0.0,0.0,2.0,12.0,1.0,12.18,5.01,2.5,1.49,0.0,0.0,0.0,361.3,0.0,-0.9,-0.6000000000000001,-0.2,-169.70000000000002,0.0,0.0,169.8,0.0,21.200000000000003,28.9,28.9,30.9,300.0,300.0,31.4,35.800000000000004,28.9,28.1,29.9,4.96,1.99,4.96,0.16,0.0,0.0,1027.0,8228.0,0.0,0.0,0.0,0.0,0.0,1.0,0.0,0.0,0.0,0.0,0.0,-0.9,0.0,0.0,0.0,0.0,16.0,25903.0
2026-07-30T19:03:15.973Z,365.456,365.472,0.0,7.4,0.0,0.0,0.0,0.0,0.0,0.0,0.0,0.0,1.0,0.0,0.0,0.0,9.0,4.0,0.0,0.0,0.0,0.0,0.0,0.0,0.0,0.0,3.0,12.0,1.0,12.18,5.01,2.5,1.49,0.0,0.0,0.0,361.4,0.0,0.2,0.5,-0.7000000000000001,-169.70000000000002,0.0,0.0,169.70000000000002,0.0,21.200000000000003,28.9,28.9,30.9,300.0,300.0,31.4,35.800000000000004,28.9,28.1,29.9,4.96,1.99,4.97,0.16,0.0,0.0,1027.0,8228.0,0.0,0.0,0.0,0.0,0.0,1.0,0.0,0.0,0.0,0.0,0.0,0.0,0.0,0.8,0.0,0.0,16.0,25903.0
2026-07-30T19:03:15.986Z,365.469,365.484,0.0,7.4,0.0,0.0,0.0,0.0,0.0,0.0,0.0,0.0,1.0,0.0,0.0,0.0,9.0,4.0,0.0,0.0,0.0,0.0,0.0,0.0,0.0,0.0,4.0,12.0,1.0,12.18,5.01,2.5,1.49,0.0,0.0,0.0,361.4,0.0,0.2,1.1,0.3,-169.70000000000002,0.0,0.0,169.70000000000002,0.0,21.200000000000003,28.9,28.9,30.9,300.0,300.0,31.4,35.800000000000004,28.9,28.1,29.9,4.95,1.99,4.97,0.16,0.0,0.0,1027.0,8228.0,0.0,0.0,0.0,0.0,0.0,1.0,0.0,0.0,0.0,0.0,0.0,1.5,0.0,-0.1,0.0,0.0,16.0,25903.0
2026-07-30T19:03:15.998Z,365.481,365.496,0.0,7.4,0.0,0.0,0.0,0.0,0.0,0.0,0.0,0.0,1.0,0.0,0.0,0.0,9.0,4.0,0.0,0.0,0.0,0.0,0.0,0.0,0.0,0.0,5.0,12.0,1.0,12.18,5.01,2.5,1.49,0.0,0.0,0.0,361.3,0.0,-0.9,-0.6000000000000001,-0.1,-169.70000000000002,0.0,0.0,169.60000000000002,0.0,21.200000000000003,28.9,28.9,30.9,300.0,300.0,31.4,35.800000000000004,28.9,28.1,29.9,4.95,1.99,4.96,0.16,0.0,0.0,1027.0,8228.0,0.0,0.0,0.0,0.0,0.0,1.0,0.0,0.0,0.0,0.0,0.0,-0.8,0.0,0.0,0.0,0.0,16.0,25903.0
2026-07-30T19:03:16.010Z,365.493,365.508,0.0,7.4,0.0,0.0,0.0,0.0,0.0,0.0,0.0,0.0,1.0,0.0,0.0,0.0,9.0,4.0,0.0,0.0,0.0,0.0,0.0,0.0,0.0,0.0,6.0,12.0,1.0,12.18,5.01,2.5,1.49,0.0,0.0,0.0,361.3,0.0,-0.3,0.5,0.9,-169.70000000000002,0.0,0.0,169.60000000000002,0.0,21.200000000000003,28.9,28.9,30.9,300.0,300.0,31.4,35.800000000000004,28.9,28.1,29.9,4.95,2.0,4.97,0.16,0.0,0.0,1027.0,8228.0,0.0,0.0,0.0,0.0,0.0,1.0,0.0,0.0,0.0,0.0,0.0,1.3,0.0,-0.7000000000000001,0.0,0.0,16.0,25903.0
2026-07-30T19:03:16.022Z,365.505,365.52,0.0,7.4,0.0,0.0,0.0,0.0,0.0,0.0,0.0,0.0,1.0,0.0,0.0,0.0,9.0,4.0,0.0,0.0,0.0,0.0,0.0,0.0,0.0,0.0,1.0,12.0,1.0,12.18,5.01,2.5,1.49,0.0,0.0,0.0,361.4,0.0,0.1,0.5,-0.1,-169.70000000000002,0.0,0.0,169.60000000000002,0.0,21.200000000000003,28.9,28.9,30.9,300.0,300.0,31.4,35.800000000000004,28.9,28.1,29.9,4.95,1.99,4.97,0.16,0.0,0.0,1027.0,8228.0,0.0,0.0,0.0,0.0,0.0,1.0,0.0,0.0,0.0,0.0,0.0,0.5,0.0,0.2,0.0,0.0,16.0,25903.0
2026-07-30T19:03:16.034Z,365.517,365.532,0.0,7.4,0.0,0.0,0.0,0.0,0.0,0.0,0.0,0.0,1.0,0.0,0.0,0.0,9.0,4.0,0.0,0.0,0.0,0.0,0.0,0.0,0.0,0.0,2.0,12.0,1.0,12.18,5.01,2.5,1.49,0.0,0.0,0.0,361.3,0.0,0.1,0.0,-0.1,-169.70000000000002,0.0,0.0,169.70000000000002,0.0,21.200000000000003,28.9,28.9,30.9,300.0,300.0,31.4,35.800000000000004,28.9,28.1,29.9,4.96,1.99,4.97,0.16,0.0,0.0,1027.0,8228.0,0.0,0.0,0.0,0.0,0.0,1.0,0.0,0.0,0.0,0.0,0.0,-0.1,0.0,0.1,0.0,0.0,16.0,25903.0
2026-07-30T19:03:16.046Z,365.529,365.544,0.0,7.4,0.0,0.0,0.0,0.0,0.0,0.0,0.0,0.0,1.0,0.0,0.0,0.0,9.0,4.0,0.0,0.0,0.0,0.0,0.0,0.0,0.0,0.0,3.0,12.0,1.0,12.18,5.01,2.5,1.49,0.0,0.0,0.0,361.3,0.0,0.1,0.0,-0.2,-169.70000000000002,0.0,0.0,169.70000000000002,0.0,21.200000000000003,28.9,28.9,30.9,300.0,300.0,31.4,35.800000000000004,28.9,28.1,29.9,4.95,1.99,4.96,0.16,0.0,0.0,1027.0,8228.0,0.0,0.0,0.0,0.0,0.0,1.0,0.0,0.0,0.0,0.0,0.0,-0.1,0.0,0.1,0.0,0.0,16.0,25903.0
2026-07-30T19:03:16.057Z,365.54,365.556,0.0,7.4,0.0,0.0,0.0,0.0,0.0,0.0,0.0,0.0,1.0,0.0,0.0,0.0,9.0,4.0,0.0,0.0,0.0,0.0,0.0,0.0,0.0,0.0,5.0,12.0,1.0,12.17,5.01,2.51,1.49,0.0,0.0,0.0,361.4,0.0,-0.9,-0.5,-0.7000000000000001,-169.70000000000002,0.0,0.0,169.70000000000002,0.0,21.3,28.9,28.9,30.9,300.0,300.0,31.5,35.800000000000004,28.8,28.0,29.9,4.96,1.99,4.97,0.16,0.0,0.0,1027.0,8228.0,0.0,0.0,0.0,0.0,0.0,1.0,0.0,0.0,0.0,0.0,0.0,-1.2000000000000002,0.0,0.5,0.0,0.0,16.0,25903.0
2026-07-30T19:03:16.069Z,365.552,365.568,0.0,7.4,0.0,0.0,0.0,0.0,0.0,0.0,0.0,0.0,1.0,0.0,0.0,0.0,9.0,4.0,0.0,0.0,0.0,0.0,0.0,0.0,0.0,0.0,6.0,12.0,1.0,12.17,5.01,2.51,1.49,0.0,0.0,0.0,361.3,0.0,-0.4,0.0,0.4,-169.70000000000002,0.0,0.0,169.70000000000002,0.0,21.3,28.9,28.9,30.9,300.0,300.0,31.5,35.800000000000004,28.8,28.0,29.9,4.96,1.99,4.96,0.16,0.0,0.0,1027.0,8228.0,0.0,0.0,0.0,0.0,0.0,1.0,0.0,0.0,0.0,0.0,0.0,0.2,0.0,-0.3,0.0,0.0,16.0,25903.0
2026-07-30T19:03:16.082Z,365.565,365.58,0.0,7.4,0.0,0.0,0.0,0.0,0.0,0.0,0.0,0.0,1.0,0.0,0.0,0.0,9.0,4.0,0.0,0.0,0.0,0.0,0.0,0.0,0.0,0.0,2.0,12.0,1.0,12.17,5.01,2.51,1.49,0.0,0.0,0.0,361.3,0.0,-0.3,0.5,0.4,-169.70000000000002,0.0,0.0,169.70000000000002,0.0,21.3,28.9,28.9,30.9,300.0,300.0,31.5,35.800000000000004,28.8,28.0,29.9,4.95,1.99,4.96,0.16,0.0,0.0,1027.0,8228.0,0.0,0.0,0.0,0.0,0.0,1.0,0.0,0.0,0.0,0.0,0.0,0.9,0.0,-0.2,0.0,0.0,16.0,25903.0
2026-07-30T19:03:16.094Z,365.577,365.592,0.0,7.4,0.0,0.0,0.0,0.0,0.0,0.0,0.0,0.0,1.0,0.0,0.0,0.0,9.0,4.0,0.0,0.0,0.0,0.0,0.0,0.0,0.0,0.0,3.0,12.0,1.0,12.17,5.01,2.51,1.49,0.0,0.0,0.0,361.3,0.0,0.7000000000000001,0.0,2.2,-169.70000000000002,0.0,0.0,169.70000000000002,0.0,21.3,28.9,28.9,30.9,300.0,300.0,31.5,35.800000000000004,28.8,28.0,29.9,4.95,1.99,4.97,0.16,0.0,0.0,1027.0,8228.0,0.0,0.0,0.0,0.0,0.0,1.0,0.0,0.0,0.0,0.0,0.0,1.7000000000000002,0.0,-1.9,0.0,0.0,16.0,25903.0
2026-07-30T19:03:16.106Z,365.589,365.604,0.0,7.4,0.0,0.0,0.0,0.0,0.0,0.0,0.0,0.0,1.0,0.0,0.0,0.0,9.0,4.0,0.0,0.0,0.0,0.0,0.0,0.0,0.0,0.0,3.0,12.0,1.0,12.17,5.01,2.51,1.49,0.0,0.0,0.0,361.3,0.0,-0.3,0.0,-0.1,-169.70000000000002,0.0,0.0,169.70000000000002,0.0,21.3,28.9,28.9,30.9,300.0,300.0,31.5,35.800000000000004,28.8,28.0,29.9,4.96,1.99,4.97,0.16,0.0,0.0,1027.0,8228.0,0.0,0.0,0.0,0.0,0.0,1.0,0.0,0.0,0.0,0.0,0.0,0.0,0.0,0.1,0.0,0.0,16.0,25903.0
2026-07-30T19:03:16.118Z,365.601,365.616,0.0,7.4,0.0,0.0,0.0,0.0,0.0,0.0,0.0,0.0,1.0,0.0,0.0,0.0,9.0,4.0,0.0,0.0,0.0,0.0,0.0,0.0,0.0,0.0,5.0,12.0,1.0,12.17,5.01,2.51,1.49,0.0,0.0,0.0,361.3,0.0,0.2,1.8,1.0,-169.70000000000002,0.0,0.0,169.70000000000002,0.0,21.3,28.9,28.9,30.9,300.0,300.0,31.5,35.800000000000004,28.8,28.0,29.9,4.96,1.99,4.96,0.16,0.0,0.0,1027.0,8228.0,0.0,0.0,0.0,0.0,0.0,1.0,0.0,0.0,0.0,0.0,0.0,2.8000000000000003,0.0,-0.5,0.0,0.0,16.0,25903.0
2026-07-30T19:03:16.130Z,365.613,365.628,0.0,7.4,0.0,0.0,0.0,0.0,0.0,0.0,0.0,0.0,1.0,0.0,0.0,0.0,9.0,4.0,0.0,0.0,0.0,0.0,0.0,0.0,0.0,0.0,6.0,12.0,1.0,12.17,5.01,2.51,1.49,0.0,0.0,0.0,361.3,0.0,-0.9,-0.5,-0.1,-169.70000000000002,0.0,0.0,169.70000000000002,0.0,21.3,28.9,28.9,30.9,300.0,300.0,31.5,35.800000000000004,28.8,28.0,29.9,4.96,1.99,4.96,0.16,0.0,0.0,1027.0,8228.0,0.0,0.0,0.0,0.0,0.0,1.0,0.0,0.0,0.0,0.0,0.0,-0.7000000000000001,0.0,0.0,0.0,0.0,16.0,25903.0
2026-07-30T19:03:16.142Z,365.625,365.64,0.0,7.4,0.0,0.0,0.0,0.0,0.0,0.0,0.0,0.0,1.0,0.0,0.0,0.0,9.0,4.0,0.0,0.0,0.0,0.0,0.0,0.0,0.0,0.0,1.0,12.0,1.0,12.17,5.01,2.51,1.49,0.0,0.0,0.0,361.3,0.0,-0.3,0.6000000000000001,1.0,-169.70000000000002,0.0,0.0,169.70000000000002,0.0,21.3,28.9,28.9,30.9,300.0,300.0,31.5,35.800000000000004,28.8,28.0,29.9,4.95,1.99,4.96,0.16,0.0,0.0,1027.0,8228.0,0.0,0.0,0.0,0.0,0.0,1.0,0.0,0.0,0.0,0.0,0.0,1.4,0.0,-0.7000000000000001,0.0,0.0,16.0,25903.0
2026-07-30T19:03:16.155Z,365.638,365.652,0.0,7.4,0.0,0.0,0.0,0.0,0.0,0.0,0.0,0.0,1.0,0.0,0.0,0.0,9.0,4.0,0.0,0.0,0.0,0.0,0.0,0.0,0.0,0.0,2.0,12.0,1.0,12.18,5.01,2.51,1.49,0.0,0.0,0.0,361.3,0.0,-0.9,-1.1,-1.3,-169.60000000000002,0.0,0.0,169.60000000000002,0.0,21.4,28.9,28.9,30.9,300.0,300.0,31.6,35.800000000000004,28.9,28.0,29.9,4.96,1.99,4.96,0.16,0.0,0.0,1027.0,8228.0,0.0,0.0,0.0,0.0,0.0,1.0,0.0,0.0,0.0,0.0,0.0,-2.2,0.0,0.9,0.0,0.0,16.0,25903.0
2026-07-30T19:03:16.165Z,365.648,365.664,0.0,7.4,0.0,0.0,0.0,0.0,0.0,0.0,0.0,0.0,1.0,0.0,0.0,0.0,9.0,4.0,0.0,0.0,0.0,0.0,0.0,0.0,0.0,0.0,3.0,12.0,1.0,12.18,5.01,2.51,1.49,0.0,0.0,0.0,361.4,0.0,0.2,1.1,0.4,-169.60000000000002,0.0,0.0,169.70000000000002,0.0,21.4,28.9,28.9,30.9,300.0,300.0,31.6,35.800000000000004,28.9,28.0,29.9,4.96,1.99,4.97,0.16,0.0,0.0,1027.0,8228.0,0.0,0.0,0.0,0.0,0.0,1.0,0.0,0.0,0.0,0.0,0.0,1.6,0.0,-0.1,0.0,0.0,16.0,25903.0
2026-07-30T19:03:16.178Z,365.661,365.676,0.0,7.4,0.0,0.0,0.0,0.0,0.0,0.0,0.0,0.0,1.0,0.0,0.0,0.0,9.0,4.0,0.0,0.0,0.0,0.0,0.0,0.0,0.0,0.0,4.0,12.0,1.0,12.18,5.01,2.51,1.49,0.0,0.0,0.0,361.4,0.0,0.8,0.6000000000000001,-0.7000000000000001,-169.60000000000002,0.0,0.0,169.70000000000002,0.0,21.4,28.9,28.9,30.9,300.0,300.0,31.6,35.800000000000004,28.9,28.0,29.9,4.95,1.99,4.97,0.16,0.0,0.0,1027.0,8228.0,0.0,0.0,0.0,0.0,0.0,1.0,0.0,0.0,0.0,0.0,0.0,0.1,0.0,0.7000000000000001,0.0,0.0,16.0,25903.0
2026-07-30T19:03:16.190Z,365.673,365.688,0.0,7.4,0.0,0.0,0.0,0.0,0.0,0.0,0.0,0.0,1.0,0.0,0.0,0.0,9.0,4.0,0.0,0.0,0.0,0.0,0.0,0.0,0.0,0.0,5.0,12.0,1.0,12.18,5.01,2.51,1.49,0.0,0.0,0.0,361.4,0.0,-0.2,-0.5,0.3,-169.60000000000002,0.0,0.0,169.8,0.0,21.4,28.9,28.9,30.9,300.0,300.0,31.6,35.800000000000004,28.9,28.0,29.9,4.96,1.99,4.97,0.16,0.0,0.0,1027.0,8228.0,0.0,0.0,0.0,0.0,0.0,1.0,0.0,0.0,0.0,0.0,0.0,-0.2,0.0,-0.4,0.0,0.0,16.0,25903.0
2026-07-30T19:03:16.202Z,365.685,365.7,0.0,7.4,0.0,0.0,0.0,0.0,0.0,0.0,0.0,0.0,1.0,0.0,0.0,0.0,9.0,4.0,0.0,0.0,0.0,0.0,0.0,0.0,0.0,0.0,6.0,12.0,1.0,12.18,5.01,2.51,1.49,0.0,0.0,0.0,361.3,0.0,0.2,-1.1,-0.8,-169.70000000000002,0.0,0.0,169.8,0.0,21.4,28.9,28.9,30.9,300.0,300.0,31.6,35.800000000000004,28.9,28.0,29.9,4.95,1.99,4.96,0.16,0.0,0.0,1027.0,8228.0,0.0,0.0,0.0,0.0,0.0,1.0,0.0,0.0,0.0,0.0,0.0,-1.8,0.0,0.5,0.0,0.0,16.0,25903.0
2026-07-30T19:03:16.214Z,365.697,365.712,0.0,7.4,0.0,0.0,0.0,0.0,0.0,0.0,0.0,0.0,1.0,0.0,0.0,0.0,9.0,4.0,0.0,0.0,0.0,0.0,0.0,0.0,0.0,0.0,2.0,12.0,1.0,12.18,5.01,2.51,1.49,0.0,0.1,0.0,361.3,0.0,0.3,0.6000000000000001,0.9,-169.70000000000002,0.0,0.0,169.8,0.0,21.4,28.9,28.9,30.9,300.0,300.0,31.6,35.800000000000004,28.9,28.0,29.9,4.95,1.99,4.96,0.16,0.0,0.0,1027.0,8228.0,0.0,0.0,0.0,0.0,0.0,1.0,0.0,0.0,0.0,0.0,0.0,1.4,0.0,-0.7000000000000001,0.0,0.0,16.0,25903.0
2026-07-30T19:03:16.225Z,365.708,365.724,0.0,7.4,0.0,0.0,0.0,0.0,0.0,0.0,0.0,0.0,1.0,0.0,0.0,0.0,9.0,4.0,0.0,0.0,0.0,0.0,0.0,0.0,0.0,0.0,3.0,12.0,1.0,12.18,5.01,2.51,1.49,0.0,0.0,0.0,361.3,0.0,0.3,0.0,-0.2,-169.70000000000002,0.0,0.0,169.70000000000002,0.0,21.4,28.9,28.9,30.9,300.0,300.0,31.6,35.800000000000004,28.9,28.0,29.9,4.95,1.99,4.96,0.16,0.0,0.0,1027.0,8228.0,0.0,0.0,0.0,0.0,0.0,1.0,0.0,0.0,0.0,0.0,0.0,-0.1,0.0,0.2,0.0,0.0,16.0,25903.0
2026-07-30T19:03:16.237Z,365.72,365.736,0.0,7.4,0.0,0.0,0.0,0.0,0.0,0.0,0.0,0.0,1.0,0.0,0.0,0.0,9.0,4.0,0.0,0.0,0.0,0.0,0.0,0.0,0.0,0.0,4.0,12.0,1.0,12.18,5.01,2.51,1.49,0.0,0.0,0.0,361.3,0.0,-0.2,-0.5,0.9,-169.70000000000002,0.0,0.0,169.70000000000002,0.0,21.4,28.9,28.9,30.9,300.0,300.0,31.6,35.800000000000004,28.9,28.0,29.9,4.95,1.99,4.96,0.16,0.0,0.0,1027.0,8228.0,0.0,0.0,0.0,0.0,0.0,1.0,0.0,0.0,0.0,0.0,0.0,0.0,0.0,-0.9,0.0,0.0,16.0,25903.0
2026-07-30T19:03:16.249Z,365.732,365.748,0.0,7.4,0.0,0.0,0.0,0.0,0.0,0.0,0.0,0.0,1.0,0.0,0.0,0.0,9.0,4.0,0.0,0.0,0.0,0.0,0.0,0.0,0.0,0.0,5.0,12.0,1.0,12.18,5.01,2.51,1.49,0.0,0.0,0.0,361.3,0.0,-0.8,-1.7000000000000002,-0.7000000000000001,-169.70000000000002,0.0,0.0,169.70000000000002,0.0,21.4,28.9,28.9,30.9,300.0,300.0,31.6,35.800000000000004,28.9,28.0,29.9,4.95,1.99,4.97,0.16,0.0,0.0,1027.0,8228.0,0.0,0.0,0.0,0.0,0.0,1.0,0.0,0.0,0.0,0.0,0.0,-2.5,0.0,0.3,0.0,0.0,16.0,25903.0
2026-07-30T19:03:16.262Z,365.745,365.76,0.0,7.4,0.0,0.0,0.0,0.0,0.0,0.0,0.0,0.0,1.0,0.0,0.0,0.0,9.0,4.0,0.0,0.0,0.0,0.0,0.0,0.0,0.0,0.0,6.0,12.0,1.0,12.17,5.0200000000000005,2.5,1.49,0.0,0.1,0.0,361.4,0.0,-0.8,0.5,-0.2,-169.70000000000002,0.0,0.0,169.70000000000002,0.0,21.700000000000003,28.9,28.9,30.9,300.0,300.0,31.6,35.9,28.9,28.0,29.9,4.95,1.99,4.97,0.16,0.0,0.0,1027.0,8228.0,0.0,0.0,0.0,0.0,0.0,1.0,0.0,0.0,0.0,0.0,0.0,0.5,0.0,0.2,0.0,0.0,16.0,25903.0
2026-07-30T19:03:16.274Z,365.757,365.772,0.0,7.4,0.0,0.0,0.0,0.0,0.0,0.0,0.0,0.0,1.0,0.0,0.0,0.0,9.0,4.0,0.0,0.0,0.0,0.0,0.0,0.0,0.0,0.0,1.0,12.0,1.0,12.17,5.0200000000000005,2.5,1.49,0.0,0.0,0.0,361.4,0.0,0.3,-0.5,-0.1,-169.70000000000002,0.0,0.0,169.70000000000002,0.0,21.700000000000003,28.9,28.9,30.9,300.0,300.0,31.6,35.9,28.9,28.0,29.9,4.96,1.99,4.97,0.16,0.0,0.0,1027.0,8228.0,0.0,0.0,0.0,0.0,0.0,1.0,0.0,0.0,0.0,0.0,0.0,-0.8,0.0,0.0,0.0,0.0,16.0,25903.0
2026-07-30T19:03:16.286Z,365.769,365.784,0.0,7.4,0.0,0.0,0.0,0.0,0.0,0.0,0.0,0.0,1.0,0.0,0.0,0.0,9.0,4.0,0.0,0.0,0.0,0.0,0.0,0.0,0.0,0.0,3.0,12.0,1.0,12.17,5.0200000000000005,2.5,1.49,0.0,0.0,0.0,361.3,0.0,0.3,-0.5,2.1,-169.70000000000002,0.0,0.0,169.70000000000002,0.0,21.700000000000003,28.9,28.9,30.9,300.0,300.0,31.6,35.9,28.9,28.0,29.9,4.96,1.99,4.97,0.16,0.0,0.0,1027.0,8228.0,0.0,0.0,0.0,0.0,0.0,1.0,0.0,0.0,0.0,0.0,0.0,0.9,0.0,-1.9,0.0,0.0,16.0,25903.0
2026-07-30T19:03:16.298Z,365.781,365.796,0.0,7.4,0.0,0.0,0.0,0.0,0.0,0.0,0.0,0.0,1.0,0.0,0.0,0.0,9.0,4.0,0.0,0.0,0.0,0.0,0.0,0.0,0.0,0.0,4.0,12.0,1.0,12.17,5.0200000000000005,2.5,1.49,0.0,0.0,0.0,361.4,0.0,-0.2,-0.5,0.9,-169.70000000000002,0.0,0.0,169.70000000000002,0.0,21.700000000000003,28.9,28.9,30.9,300.0,300.0,31.6,35.9,28.9,28.0,29.9,4.95,1.99,4.96,0.16,0.0,0.0,1027.0,8228.0,0.0,0.0,0.0,0.0,0.0,1.0,0.0,0.0,0.0,0.0,0.0,0.1,0.0,-0.9,0.0,0.0,16.0,25903.0
2026-07-30T19:03:16.310Z,365.793,365.808,0.0,7.4,0.0,0.0,0.0,0.0,0.0,0.0,0.0,0.0,1.0,0.0,0.0,0.0,9.0,4.0,0.0,0.0,0.0,0.0,0.0,0.0,0.0,0.0,5.0,12.0,1.0,12.17,5.0200000000000005,2.5,1.49,0.0,0.0,0.0,361.3,0.0,-0.2,0.0,0.3,-169.70000000000002,0.0,0.0,169.70000000000002,0.0,21.700000000000003,28.9,28.9,30.9,300.0,300.0,31.6,35.9,28.9,28.0,29.9,4.95,1.99,4.96,0.16,0.0,0.0,1027.0,8228.0,0.0,0.0,0.0,0.0,0.0,1.0,0.0,0.0,0.0,0.0,0.0,0.3,0.0,-0.2,0.0,0.0,16.0,25903.0
2026-07-30T19:03:16.322Z,365.805,365.82,0.0,7.4,0.0,0.0,0.0,0.0,0.0,0.0,0.0,0.0,1.0,0.0,0.0,0.0,9.0,4.0,0.0,0.0,0.0,0.0,0.0,0.0,0.0,0.0,6.0,12.0,1.0,12.17,5.0200000000000005,2.5,1.49,0.0,0.0,0.0,361.4,0.0,-0.2,0.0,-0.8,-169.70000000000002,0.0,0.0,169.8,0.0,21.700000000000003,28.9,28.9,30.9,300.0,300.0,31.6,35.9,28.9,28.0,29.9,4.96,1.99,4.96,0.16,0.0,0.0,1027.0,8228.0,0.0,0.0,0.0,0.0,0.0,1.0,0.0,0.0,0.0,0.0,0.0,-0.6000000000000001,0.0,0.7000000000000001,0.0,0.0,16.0,25903.0
2026-07-30T19:03:16.334Z,365.817,365.832,0.0,7.4,0.0,0.0,0.0,0.0,0.0,0.0,0.0,0.0,1.0,0.0,0.0,0.0,9.0,4.0,0.0,0.0,0.0,0.0,0.0,0.0,0.0,0.0,1.0,12.0,1.0,12.17,5.0200000000000005,2.5,1.49,0.0,0.0,0.0,361.3,0.0,0.3,-0.5,0.2,-169.70000000000002,0.0,0.0,169.8,0.0,21.700000000000003,28.9,28.9,30.9,300.0,300.0,31.6,35.9,28.9,28.0,29.9,4.95,1.99,4.97,0.16,0.0,0.0,1027.0,8228.0,0.0,0.0,0.0,0.0,0.0,1.0,0.0,0.0,0.0,0.0,0.0,-0.3,0.0,-0.3,0.0,0.0,16.0,25903.0
2026-07-30T19:03:16.345Z,365.828,365.844,0.0,7.4,0.0,0.0,0.0,0.0,0.0,0.0,0.0,0.0,1.0,0.0,0.0,0.0,9.0,4.0,0.0,0.0,0.0,0.0,0.0,0.0,0.0,0.0,2.0,12.0,1.0,12.17,5.0200000000000005,2.5,1.49,0.0,0.0,0.0,361.3,0.0,-0.2,0.6000000000000001,0.2,-169.70000000000002,0.0,0.0,169.8,0.0,21.700000000000003,28.9,28.9,30.9,300.0,300.0,31.6,35.9,28.9,28.0,29.9,4.96,1.99,4.96,0.16,0.0,0.0,1027.0,8228.0,0.0,0.0,0.0,0.0,0.0,1.0,0.0,0.0,0.0,0.0,0.0,0.9,0.0,0.0,0.0,0.0,16.0,25903.0
2026-07-30T19:03:16.359Z,365.842,365.856,0.0,7.4,0.0,0.0,0.0,0.0,0.0,0.0,0.0,0.0,1.0,0.0,0.0,0.0,9.0,4.0,0.0,0.0,0.0,0.0,0.0,0.0,0.0,0.0,3.0,12.0,1.0,12.17,5.0200000000000005,2.51,1.49,0.0,0.0,0.0,361.4,0.0,-0.2,0.6000000000000001,-0.3,-169.70000000000002,0.0,0.0,169.8,0.0,21.700000000000003,28.9,28.9,30.9,300.0,300.0,31.700000000000003,35.800000000000004,28.8,28.0,29.9,4.96,1.99,4.97,0.16,0.0,0.0,1027.0,8228.0,0.0,0.0,0.0,0.0,0.0,1.0,0.0,0.0,0.0,0.0,0.0,1.0,0.0,0.5,0.0,0.0,16.0,25903.0
2026-07-30T19:03:16.369Z,365.852,365.868,0.0,7.4,0.0,0.0,0.0,0.0,0.0,0.0,0.0,0.0,1.0,0.0,0.0,0.0,9.0,4.0,0.0,0.0,0.0,0.0,0.0,0.0,0.0,0.0,4.0,12.0,1.0,12.17,5.0200000000000005,2.51,1.49,0.0,0.1,0.0,361.4,0.0,0.9,1.8,1.4,-169.70000000000002,0.0,0.0,169.8,0.0,21.700000000000003,28.9,28.9,30.9,300.0,300.0,31.700000000000003,35.800000000000004,28.8,28.0,29.9,4.95,1.99,4.97,0.16,0.0,0.0,1027.0,8228.0,0.0,0.0,0.0,0.0,0.0,1.0,0.0,0.0,0.0,0.0,0.0,-0.8,0.0,0.1,0.0,0.0,16.0,25903.0
2026-07-30T19:03:16.381Z,365.864,365.88,0.0,7.4,0.0,0.0,0.0,0.0,0.0,0.0,0.0,0.0,1.0,0.0,0.0,0.0,9.0,4.0,0.0,0.0,0.0,0.0,0.0,0.0,0.0,0.0,5.0,12.0,1.0,12.17,5.0200000000000005,2.51,1.49,0.0,0.0,0.0,361.4,0.0,0.9,-1.0,-0.3,-169.70000000000002,0.0,0.0,169.8,0.0,21.700000000000003,28.9,28.9,30.9,300.0,300.0,31.700000000000003,35.800000000000004,28.8,28.0,29.9,4.95,1.99,4.96,0.16,0.0,0.0,1027.0,8228.0,0.0,0.0,0.0,0.0,0.0,1.0,0.0,0.0,0.0,0.0,0.0,-1.6,0.0,-0.5,0.0,0.0,16.0,25903.0
2026-07-30T19:03:16.394Z,365.877,365.892,0.0,7.4,0.0,0.0,0.0,0.0,0.0,0.0,0.0,0.0,1.0,0.0,0.0,0.0,9.0,4.0,0.0,0.0,0.0,0.0,0.0,0.0,0.0,0.0,6.0,12.0,1.0,12.17,5.0200000000000005,2.51,1.49,0.0,0.0,0.0,361.4,0.0,-0.2,0.1,-0.3,-169.70000000000002,0.0,0.0,169.70000000000002,0.0,21.700000000000003,28.9,28.9,30.9,300.0,300.0,31.700000000000003,35.800000000000004,28.8,28.0,29.9,4.96,1.99,4.96,0.16,0.0,0.0,1027.0,8228.0,0.0,0.0,0.0,0.0,0.0,1.0,0.0,0.0,0.0,0.0,0.0,-0.1,0.0,0.3,0.0,0.0,16.0,25903.0
2026-07-30T19:03:16.406Z,365.889,365.904,0.0,7.4,0.0,0.0,0.0,0.0,0.0,0.0,0.0,0.0,1.0,0.0,0.0,0.0,9.0,4.0,0.0,0.0,0.0,0.0,0.0,0.0,0.0,0.0,2.0,12.0,1.0,12.17,5.0200000000000005,2.51,1.49,0.0,0.0,0.0,361.3,0.0,-0.2,-0.4,-0.8,-169.70000000000002,0.0,0.0,169.8,0.0,21.700000000000003,28.9,28.9,30.9,300.0,300.0,31.700000000000003,35.800000000000004,28.8,28.0,29.9,4.96,1.99,4.96,0.16,0.0,0.0,1027.0,8228.0,0.0,0.0,0.0,0.0,0.0,1.0,0.0,0.0,0.0,0.0,0.0,-1.2000000000000002,0.0,0.6000000000000001,0.0,0.0,16.0,25903.0
2026-07-30T19:03:16.418Z,365.901,365.916,0.0,7.4,0.0,0.0,0.0,0.0,0.0,0.0,0.0,0.0,1.0,0.0,0.0,0.0,9.0,4.0,0.0,0.0,0.0,0.0,0.0,0.0,0.0,0.0,2.0,12.0,1.0,12.17,5.0200000000000005,2.51,1.49,0.0,0.0,0.0,361.3,0.0,-0.9,0.7000000000000001,0.9,-169.70000000000002,0.0,0.0,169.70000000000002,0.0,21.700000000000003,28.9,28.9,30.9,300.0,300.0,31.700000000000003,35.800000000000004,28.8,28.0,29.9,4.95,1.99,4.96,0.16,0.0,0.0,1027.0,8228.0,0.0,0.0,0.0,0.0,0.0,1.0,0.0,0.0,0.0,0.0,0.0,1.4,0.0,-0.6000000000000001,0.0,0.0,16.0,25903.0
2026-07-30T19:03:16.429Z,365.912,365.928,0.0,7.4,0.0,0.0,0.0,0.0,0.0,0.0,0.0,0.0,1.0,0.0,0.0,0.0,9.0,4.0,0.0,0.0,0.0,0.0,0.0,0.0,0.0,0.0,4.0,12.0,1.0,12.17,5.0200000000000005,2.51,1.49,0.0,0.0,0.0,361.4,0.0,-0.3,0.1,0.3,-169.70000000000002,0.0,0.0,169.8,0.0,21.700000000000003,28.9,28.9,30.9,300.0,300.0,31.700000000000003,35.800000000000004,28.8,28.0,29.9,4.96,1.99,4.96,0.16,0.0,0.0,1027.0,8228.0,0.0,0.0,0.0,0.0,0.0,1.0,0.0,0.0,0.0,0.0,0.0,0.4,0.0,-0.2,0.0,0.0,16.0,25903.0
2026-07-30T19:03:16.442Z,365.925,365.94,0.0,7.4,0.0,0.0,0.0,0.0,0.0,0.0,0.0,0.0,1.0,0.0,0.0,0.0,9.0,4.0,0.0,0.0,0.0,0.0,0.0,0.0,0.0,0.0,5.0,12.0,1.0,12.17,5.0200000000000005,2.51,1.49,0.0,0.0,0.0,361.4,0.0,-0.2,-1.0,-0.2,-169.70000000000002,0.0,0.0,169.60000000000002,0.0,21.700000000000003,28.9,28.9,30.9,300.0,300.0,31.700000000000003,35.800000000000004,28.8,28.0,29.9,4.95,1.99,4.96,0.16,0.0,0.0,1027.0,8228.0,0.0,0.0,0.0,0.0,0.0,1.0,0.0,0.0,0.0,0.0,0.0,-1.4,0.0,0.0,0.0,0.0,16.0,25903.0
2026-07-30T19:03:16.454Z,365.937,365.952,0.0,7.4,0.0,0.0,0.0,0.0,0.0,0.0,0.0,0.0,1.0,0.0,0.0,0.0,9.0,4.0,0.0,0.0,0.0,0.0,0.0,0.0,0.0,0.0,6.0,12.0,1.0,12.17,5.0200000000000005,2.51,1.49,0.0,0.0,0.0,361.4,0.0,-0.2,1.2000000000000002,-0.3,-169.70000000000002,0.0,0.0,169.70000000000002,0.0,21.700000000000003,28.9,28.9,30.9,300.0,300.0,31.700000000000003,35.800000000000004,28.8,28.0,29.9,4.95,1.99,4.97,0.16,0.0,0.0,1027.0,8228.0,0.0,0.0,0.0,0.0,0.0,1.0,0.0,0.0,0.0,0.0,0.0,1.1,0.0,0.5,0.0,0.0,16.0,25903.0
2026-07-30T19:03:16.466Z,365.949,365.964,0.0,7.4,0.0,0.0,0.0,0.0,0.0,0.0,0.0,0.0,1.0,0.0,0.0,0.0,9.0,4.0,0.0,0.0,0.0,0.0,0.0,0.0,0.0,0.0,1.0,12.0,1.0,12.17,5.0200000000000005,2.51,1.5,0.0,0.0,0.0,361.4,0.0,-0.2,-0.4,-0.3,-169.70000000000002,0.0,0.0,169.60000000000002,0.0,21.3,28.9,28.9,30.9,300.0,300.0,31.6,35.9,28.8,28.0,29.9,4.95,1.99,4.97,0.16,0.0,0.0,1027.0,8228.0,0.0,0.0,0.0,0.0,0.0,1.0,0.0,0.0,0.0,0.0,0.0,-0.7000000000000001,0.0,0.1,0.0,0.0,16.0,25903.0
2026-07-30T19:03:16.478Z,365.961,365.976,0.0,7.4,0.0,0.0,0.0,0.0,0.0,0.0,0.0,0.0,1.0,0.0,0.0,0.0,9.0,4.0,0.0,0.0,0.0,0.0,0.0,0.0,0.0,0.0,3.0,12.0,1.0,12.17,5.0200000000000005,2.51,1.5,0.0,0.0,0.0,361.4,0.0,0.3,-1.0,0.8,-169.70000000000002,0.0,0.0,169.70000000000002,0.0,21.3,28.9,28.9,30.9,300.0,300.0,31.6,35.9,28.8,28.0,29.9,4.96,1.99,4.96,0.16,0.0,0.0,1027.0,8228.0,0.0,0.0,0.0,0.0,0.0,1.0,0.0,0.0,0.0,0.0,0.0,-0.4,0.0,-0.9,0.0,0.0,16.0,25903.0
2026-07-30T19:03:16.490Z,365.973,365.988,0.0,7.4,0.0,0.0,0.0,0.0,0.0,0.0,0.0,0.0,1.0,0.0,0.0,0.0,9.0,4.0,0.0,0.0,0.0,0.0,0.0,0.0,0.0,0.0,4.0,12.0,1.0,12.17,5.0200000000000005,2.51,1.5,0.0,0.0,0.0,361.4,0.0,-0.2,0.1,2.0,-169.70000000000002,0.0,0.0,169.70000000000002,0.0,21.3,28.9,28.9,30.9,300.0,300.0,31.6,35.9,28.8,28.0,29.9,4.95,1.99,4.97,0.16,0.0,0.0,1027.0,8228.0,0.0,0.0,0.0,0.0,0.0,1.0,0.0,0.0,0.0,0.0,0.0,1.6,0.0,-1.7000000000000002,0.0,0.0,16.0,25903.0
2026-07-30T19:03:16.502Z,365.985,366.0,0.0,7.4,0.0,0.0,0.0,0.0,0.0,0.0,0.0,0.0,1.0,0.0,0.0,0.0,9.0,4.0,0.0,0.0,0.0,0.0,0.0,0.0,0.0,0.0,5.0,12.0,1.0,12.17,5.0200000000000005,2.51,1.5,0.0,0.0,0.0,361.4,0.0,-0.8,0.1,0.2,-169.70000000000002,0.0,0.0,169.70000000000002,0.0,21.3,28.9,28.9,30.9,300.0,300.0,31.6,35.9,28.8,28.0,29.9,4.95,2.0,4.96,0.16,0.0,0.0,1027.0,8228.0,0.0,0.0,0.0,0.0,0.0,1.0,0.0,0.0,0.0,0.0,0.0,0.2,0.0,-0.1,0.0,0.0,16.0,25903.0
2026-07-30T19:03:16.514Z,365.997,366.012,0.0,7.4,0.0,0.0,0.0,0.0,0.0,0.0,0.0,0.0,1.0,0.0,0.0,0.0,9.0,4.0,0.0,0.0,0.0,0.0,0.0,0.0,0.0,0.0,6.0,12.0,1.0,12.17,5.0200000000000005,2.51,1.5,0.0,0.0,0.0,361.4,0.0,0.2,0.6000000000000001,-0.9,-169.70000000000002,0.0,0.0,169.70000000000002,0.0,21.3,28.9,28.9,30.9,300.0,300.0,31.6,35.9,28.8,28.0,29.9,4.96,1.99,4.96,0.16,0.0,0.0,1027.0,8228.0,0.0,0.0,0.0,0.0,0.0,1.0,0.0,0.0,0.0,0.0,0.0,0.0,0.0,0.9,0.0,0.0,16.0,25903.0
2026-07-30T19:03:16.526Z,366.009,366.024,0.0,7.4,0.0,0.0,0.0,0.0,0.0,0.0,0.0,0.0,1.0,0.0,0.0,0.0,9.0,4.0,0.0,0.0,0.0,0.0,0.0,0.0,0.0,0.0,1.0,12.0,1.0,12.17,5.0200000000000005,2.51,1.5,0.0,0.0,0.0,361.4,0.0,-0.2,-1.0,0.8,-169.70000000000002,0.0,0.0,169.8,0.0,21.3,28.9,28.9,30.9,300.0,300.0,31.6,35.9,28.8,28.0,29.9,4.95,1.99,4.97,0.16,0.0,0.0,1027.0,8228.0,0.0,0.0,0.0,0.0,0.0,1.0,0.0,0.0,0.0,0.0,0.0,-0.5,0.0,-0.9,0.0,0.0,16.0,25903.0
2026-07-30T19:03:16.538Z,366.021,366.036,0.0,7.4,0.0,0.0,0.0,0.0,0.0,0.0,0.0,0.0,1.0,0.0,0.0,0.0,9.0,4.0,0.0,0.0,0.0,0.0,0.0,0.0,0.0,0.0,2.0,12.0,1.0,12.17,5.0200000000000005,2.51,1.5,0.0,0.0,0.0,361.3,0.0,-0.8,-0.5,-0.2,-169.70000000000002,0.0,0.0,169.60000000000002,0.0,21.3,28.9,28.9,30.9,300.0,300.0,31.6,35.9,28.8,28.0,29.9,4.95,1.99,4.97,0.16,0.0,0.0,1027.0,8228.0,0.0,0.0,0.0,0.0,0.0,1.0,0.0,0.0,0.0,0.0,0.0,-0.8,0.0,0.1,0.0,0.0,16.0,25903.0
2026-07-30T19:03:16.550Z,366.033,366.048,0.0,7.4,0.0,0.0,0.0,0.0,0.0,0.0,0.0,0.0,1.0,0.0,0.0,0.0,9.0,4.0,0.0,0.0,0.0,0.0,0.0,0.0,0.0,0.0,3.0,12.0,1.0,12.17,5.0200000000000005,2.51,1.5,0.0,0.1,0.0,361.4,0.0,0.2,-0.5,-1.4,-169.70000000000002,0.0,0.0,169.60000000000002,0.0,21.3,28.9,28.9,30.9,300.0,300.0,31.6,35.9,28.8,28.0,29.9,4.95,2.0,4.96,0.16,0.0,0.0,1027.0,8228.0,0.0,0.0,0.0,0.0,0.0,1.0,0.0,0.0,0.0,0.0,0.0,-1.7000000000000002,0.0,1.1,0.0,0.0,16.0,25903.0
2026-07-30T19:03:16.563Z,366.046,366.06,0.0,7.4,0.0,0.0,0.0,0.0,0.0,0.0,0.0,0.0,1.0,0.0,0.0,0.0,9.0,4.0,0.0,0.0,0.0,0.0,0.0,0.0,0.0,0.0,4.0,12.0,1.0,12.13,5.01,2.51,1.49,0.0,0.0,0.0,361.3,0.0,-0.3,-1.1,-0.3,-169.70000000000002,0.0,0.0,169.70000000000002,0.0,21.4,28.9,28.9,30.9,300.0,300.0,31.6,35.800000000000004,28.8,28.0,29.9,4.96,1.99,4.96,0.16,0.0,0.0,1027.0,8228.0,0.0,0.0,0.0,0.0,0.0,1.0,0.0,0.0,0.0,0.0,0.0,-1.4,0.0,0.0,0.0,0.0,16.0,25903.0
2026-07-30T19:03:16.574Z,366.057,366.072,0.0,7.4,0.0,0.0,0.0,0.0,0.0,0.0,0.0,0.0,1.0,0.0,0.0,0.0,9.0,4.0,0.0,0.0,0.0,0.0,0.0,0.0,0.0,0.0,5.0,12.0,1.0,12.13,5.01,2.51,1.49,0.0,0.0,0.0,361.3,0.0,0.8,0.1,-0.2,-169.70000000000002,0.0,0.0,169.60000000000002,0.0,21.4,28.9,28.9,30.9,300.0,300.0,31.6,35.800000000000004,28.8,28.0,29.9,4.95,1.99,4.97,0.16,0.0,0.0,1027.0,8228.0,0.0,0.0,0.0,0.0,0.0,1.0,0.0,0.0,0.0,0.0,0.0,0.0,0.0,0.2,0.0,0.0,16.0,25903.0
2026-07-30T19:03:16.586Z,366.069,366.084,0.0,7.4,0.0,0.0,0.0,0.0,0.0,0.0,0.0,0.0,1.0,0.0,0.0,0.0,9.0,4.0,0.0,0.0,0.0,0.0,0.0,0.0,0.0,0.0,5.0,12.0,1.0,12.13,5.01,2.51,1.49,0.0,0.1,0.0,361.3,0.0,0.8,-0.4,-0.2,-169.70000000000002,0.0,0.0,169.70000000000002,0.0,21.4,28.9,28.9,30.9,300.0,300.0,31.6,35.800000000000004,28.8,28.0,29.9,4.96,1.99,4.96,0.16,0.0,0.0,1027.0,8228.0,0.0,0.0,0.0,0.0,0.0,1.0,0.0,0.0,0.0,0.0,0.0,-0.7000000000000001,0.0,0.1,0.0,0.0,16.0,25903.0
2026-07-30T19:03:16.598Z,366.081,366.096,0.0,7.4,0.0,0.0,0.0,0.0,0.0,0.0,0.0,0.0,1.0,0.0,0.0,0.0,9.0,4.0,0.0,0.0,0.0,0.0,0.0,0.0,0.0,0.0,6.0,12.0,1.0,12.13,5.01,2.51,1.49,0.0,0.0,0.0,361.3,0.0,-0.2,0.0,-0.2,-169.70000000000002,0.0,0.0,169.70000000000002,0.0,21.4,28.9,28.9,30.9,300.0,300.0,31.6,35.800000000000004,28.8,28.0,29.9,4.96,2.0,4.97,0.16,0.0,0.0,1027.0,8228.0,0.0,0.0,0.0,0.0,0.0,1.0,0.0,0.0,0.0,0.0,0.0,-0.1,0.0,0.2,0.0,0.0,16.0,25903.0
2026-07-30T19:03:16.610Z,366.093,366.108,0.0,7.4,0.0,0.0,0.0,0.0,0.0,0.0,0.0,0.0,1.0,0.0,0.0,0.0,9.0,4.0,0.0,0.0,0.0,0.0,0.0,0.0,0.0,0.0,2.0,12.0,1.0,12.13,5.01,2.51,1.49,0.0,0.0,0.0,361.3,0.0,0.3,0.0,0.3,-169.70000000000002,0.0,0.0,169.70000000000002,0.0,21.4,28.9,28.9,30.9,300.0,300.0,31.6,35.800000000000004,28.8,28.0,29.9,4.95,1.99,4.97,0.16,0.0,0.0,1027.0,8228.0,0.0,0.0,0.0,0.0,0.0,1.0,0.0,0.0,0.0,0.0,0.0,0.3,0.0,-0.3,0.0,0.0,16.0,25903.0
2026-07-30T19:03:16.622Z,366.105,366.12,0.0,7.4,0.0,0.0,0.0,0.0,0.0,0.0,0.0,0.0,1.0,0.0,0.0,0.0,9.0,4.0,0.0,0.0,0.0,0.0,0.0,0.0,0.0,0.0,3.0,12.0,1.0,12.13,5.01,2.51,1.49,0.0,0.0,0.0,361.4,0.0,0.3,1.2000000000000002,1.5,-169.70000000000002,0.0,0.0,169.70000000000002,0.0,21.4,28.9,28.9,30.9,300.0,300.0,31.6,35.800000000000004,28.8,28.0,29.9,4.95,1.99,4.97,0.16,0.0,0.0,1027.0,8228.0,0.0,0.0,0.0,0.0,0.0,1.0,0.0,0.0,0.0,0.0,0.0,2.6,0.0,-1.1,0.0,0.0,16.0,25903.0
2026-07-30T19:03:16.634Z,366.117,366.132,0.0,7.4,0.0,0.0,0.0,0.0,0.0,0.0,0.0,0.0,1.0,0.0,0.0,0.0,9.0,4.0,0.0,0.0,0.0,0.0,0.0,0.0,0.0,0.0,4.0,12.0,1.0,12.13,5.01,2.51,1.49,0.0,0.0,0.0,361.3,0.0,0.9,-0.4,-0.2,-169.70000000000002,0.0,0.0,169.8,0.0,21.4,28.9,28.9,30.9,300.0,300.0,31.6,35.800000000000004,28.8,28.0,29.9,4.96,1.99,4.96,0.16,0.0,0.0,1027.0,8228.0,0.0,0.0,0.0,0.0,0.0,1.0,0.0,0.0,0.0,0.0,0.0,-0.7000000000000001,0.0,0.1,0.0,0.0,16.0,25903.0
2026-07-30T19:03:16.645Z,366.128,366.144,0.0,7.4,0.0,0.0,0.0,0.0,0.0,0.0,0.0,0.0,1.0,0.0,0.0,0.0,9.0,4.0,0.0,0.0,0.0,0.0,0.0,0.0,0.0,0.0,5.0,12.0,1.0,12.13,5.01,2.51,1.49,0.0,0.0,0.0,361.4,0.0,0.8,1.3,-0.1,-169.70000000000002,0.0,0.0,169.60000000000002,0.0,21.4,28.9,28.9,30.9,300.0,300.0,31.6,35.800000000000004,28.8,28.0,29.9,4.96,1.99,4.97,0.16,0.0,0.0,1027.0,8228.0,0.0,0.0,0.0,0.0,0.0,1.0,0.0,0.0,0.0,0.0,0.0,1.3,0.0,0.4,0.0,0.0,16.0,25903.0
2026-07-30T19:03:16.658Z,366.141,366.156,0.0,7.4,0.0,0.0,0.0,0.0,0.0,0.0,0.0,0.0,1.0,0.0,0.0,0.0,9.0,4.0,0.0,0.0,0.0,0.0,0.0,0.0,0.0,0.0,6.0,12.0,1.0,12.13,5.01,2.51,1.49,0.0,0.1,0.0,361.3,0.0,1.4,1.2000000000000002,0.9,-169.70000000000002,0.0,0.0,169.60000000000002,0.0,21.4,28.9,28.9,30.9,300.0,300.0,31.6,35.800000000000004,28.8,28.0,29.9,4.95,2.0,4.97,0.16,0.0,0.0,1027.0,8228.0,0.0,0.0,0.0,0.0,0.0,1.0,0.0,0.0,0.0,0.0,0.0,2.1,0.0,-0.5,0.0,0.0,16.0,25903.0
2026-07-30T19:03:16.670Z,366.153,366.168,0.0,7.4,0.0,0.0,0.0,0.0,0.0,0.0,0.0,0.0,1.0,0.0,0.0,0.0,9.0,4.0,0.0,0.0,0.0,0.0,0.0,0.0,0.0,0.0,2.0,12.0,1.0,12.19,5.01,2.51,1.49,0.0,0.1,0.0,361.4,0.0,0.2,-0.4,-0.1,-169.60000000000002,0.0,0.0,169.60000000000002,0.0,21.8,28.9,28.9,30.9,300.0,300.0,31.6,35.800000000000004,28.8,28.0,29.9,4.96,2.0,4.96,0.16,0.0,0.0,1027.0,8228.0,0.0,0.0,0.0,0.0,0.0,1.0,0.0,0.0,0.0,0.0,0.0,-0.6000000000000001,0.0,0.0,0.0,0.0,16.0,25903.0
2026-07-30T19:03:16.682Z,366.165,366.18,0.0,7.4,0.0,0.0,0.0,0.0,0.0,0.0,0.0,0.0,1.0,0.0,0.0,0.0,9.0,4.0,0.0,0.0,0.0,0.0,0.0,0.0,0.0,0.0,3.0,12.0,1.0,12.19,5.01,2.51,1.49,0.0,0.0,0.0,361.4,0.0,0.9,0.7000000000000001,2.7,-169.60000000000002,0.0,0.0,169.60000000000002,0.0,21.8,28.9,28.9,30.9,300.0,300.0,31.6,35.800000000000004,28.8,28.0,29.9,4.95,2.0,4.97,0.16,0.0,0.0,1027.0,8228.0,0.0,0.0,0.0,0.0,0.0,1.0,0.0,0.0,0.0,0.0,0.0,2.9000000000000004,0.0,-2.2,0.0,0.0,16.0,25903.0
2026-07-30T19:03:16.694Z,366.177,366.192,0.0,7.4,0.0,0.0,0.0,0.0,0.0,0.0,0.0,0.0,1.0,0.0,0.0,0.0,9.0,4.0,0.0,0.0,0.0,0.0,0.0,0.0,0.0,0.0,4.0,12.0,1.0,12.19,5.01,2.51,1.49,0.0,0.0,0.0,361.4,0.0,-0.2,1.3,-1.3,-169.60000000000002,0.0,0.0,169.70000000000002,0.0,21.8,28.9,28.9,30.9,300.0,300.0,31.6,35.800000000000004,28.8,28.0,29.9,4.95,1.99,4.97,0.16,0.0,0.0,1027.0,8228.0,0.0,0.0,0.0,0.0,0.0,1.0,0.0,0.0,0.0,0.0,0.0,0.5,0.0,1.4,0.0,0.0,16.0,25903.0
2026-07-30T19:03:16.706Z,366.189,366.204,0.0,7.4,0.0,0.0,0.0,0.0,0.0,0.0,0.0,0.0,1.0,0.0,0.0,0.0,9.0,4.0,0.0,0.0,0.0,0.0,0.0,0.0,0.0,0.0,5.0,12.0,1.0,12.19,5.01,2.51,1.49,0.0,0.0,0.0,361.3,0.0,0.3,1.3,-0.7000000000000001,-169.60000000000002,0.0,0.0,169.70000000000002,0.0,21.8,28.9,28.9,30.9,300.0,300.0,31.6,35.800000000000004,28.8,28.0,29.9,4.95,2.0,4.97,0.16,0.0,0.0,1027.0,8228.0,0.0,0.0,0.0,0.0,0.0,1.0,0.0,0.0,0.0,0.0,0.0,0.9,0.0,0.9,0.0,0.0,16.0,25903.0
2026-07-30T19:03:16.717Z,366.2,366.216,0.0,7.4,0.0,0.0,0.0,0.0,0.0,0.0,0.0,0.0,1.0,0.0,0.0,0.0,9.0,4.0,0.0,0.0,0.0,0.0,0.0,0.0,0.0,0.0,6.0,12.0,1.0,12.19,5.01,2.51,1.49,0.0,0.0,0.0,361.3,0.0,0.3,-0.4,-0.1,-169.60000000000002,0.0,0.0,169.70000000000002,0.0,21.8,28.9,28.9,30.9,300.0,300.0,31.6,35.800000000000004,28.8,28.0,29.9,4.96,2.0,4.96,0.16,0.0,0.0,1027.0,8228.0,0.0,0.0,0.0,0.0,0.0,1.0,0.0,0.0,0.0,0.0,0.0,-0.6000000000000001,0.0,0.0,0.0,0.0,16.0,25903.0
2026-07-30T19:03:16.730Z,366.213,366.228,0.0,7.4,0.0,0.0,0.0,0.0,0.0,0.0,0.0,0.0,1.0,0.0,0.0,0.0,9.0,4.0,0.0,0.0,0.0,0.0,0.0,0.0,0.0,0.0,1.0,12.0,1.0,12.19,5.01,2.51,1.49,0.0,0.0,0.0,361.3,0.0,0.9,0.2,0.3,-169.70000000000002,0.0,0.0,169.8,0.0,21.8,28.9,28.9,30.9,300.0,300.0,31.6,35.800000000000004,28.8,28.0,29.9,4.95,1.99,4.97,0.16,0.0,0.0,1027.0,8228.0,0.0,0.0,0.0,0.0,0.0,1.0,0.0,0.0,0.0,0.0,0.0,0.5,0.0,-0.3,0.0,0.0,16.0,25903.0
2026-07-30T19:03:16.742Z,366.225,366.24,0.0,7.4,0.0,0.0,0.0,0.0,0.0,0.0,0.0,0.0,1.0,0.0,0.0,0.0,9.0,4.0,0.0,0.0,0.0,0.0,0.0,0.0,0.0,0.0,2.0,12.0,1.0,12.19,5.01,2.51,1.49,0.0,0.0,0.0,361.4,0.0,0.3,0.2,0.4,-169.70000000000002,0.0,0.0,169.8,0.0,21.8,28.9,28.9,30.9,300.0,300.0,31.6,35.800000000000004,28.8,28.0,29.9,4.95,1.99,4.97,0.16,0.0,0.0,1027.0,8228.0,0.0,0.0,0.0,0.0,0.0,1.0,0.0,0.0,0.0,0.0,0.0,0.5,0.0,-0.3,0.0,0.0,16.0,25903.0
2026-07-30T19:03:16.754Z,366.237,366.252,0.0,7.4,0.0,0.0,0.0,0.0,0.0,0.0,0.0,0.0,1.0,0.0,0.0,0.0,9.0,4.0,0.0,0.0,0.0,0.0,0.0,0.0,0.0,0.0,3.0,12.0,1.0,12.19,5.01,2.51,1.49,0.0,0.1,0.0,361.4,0.0,0.9,0.2,-0.6000000000000001,-169.70000000000002,0.0,0.0,169.8,0.0,21.8,28.9,28.9,30.9,300.0,300.0,31.6,35.800000000000004,28.8,28.0,29.9,4.96,2.0,4.97,0.16,0.0,0.0,1027.0,8228.0,0.0,0.0,0.0,0.0,0.0,1.0,0.0,0.0,0.0,0.0,0.0,-0.2,0.0,0.6000000000000001,0.0,0.0,16.0,25903.0
2026-07-30T19:03:16.766Z,366.249,366.264,0.0,7.4,0.0,0.0,0.0,0.0,0.0,0.0,0.0,0.0,1.0,0.0,0.0,0.0,9.0,4.0,0.0,0.0,0.0,0.0,0.0,0.0,0.0,0.0,5.0,12.0,1.0,12.17,5.0200000000000005,2.51,1.49,0.0,0.0,0.0,361.4,0.0,0.3,-0.8,0.0,-169.70000000000002,0.0,0.0,169.8,0.0,21.8,28.9,28.9,30.9,300.0,300.0,31.6,35.800000000000004,28.8,28.0,29.9,4.95,2.0,4.96,0.16,0.0,0.0,1027.0,8228.0,0.0,0.0,0.0,0.0,0.0,1.0,0.0,0.0,0.0,0.0,0.0,-1.0,0.0,-0.1,0.0,0.0,16.0,25903.0
2026-07-30T19:03:16.778Z,366.261,366.276,0.0,7.4,0.0,0.0,0.0,0.0,0.0,0.0,0.0,0.0,1.0,0.0,0.0,0.0,9.0,4.0,0.0,0.0,0.0,0.0,0.0,0.0,0.0,0.0,6.0,12.0,1.0,12.17,5.0200000000000005,2.51,1.49,0.0,0.0,0.0,361.4,0.0,0.3,-0.3,0.5,-169.70000000000002,0.0,0.0,169.8,0.0,21.8,28.9,28.9,30.9,300.0,300.0,31.6,35.800000000000004,28.8,28.0,29.9,4.95,1.99,4.97,0.16,0.0,0.0,1027.0,8228.0,0.0,0.0,0.0,0.0,0.0,1.0,0.0,0.0,0.0,0.0,0.0,0.0,0.0,-0.5,0.0,0.0,16.0,25903.0
2026-07-30T19:03:16.790Z,366.273,366.288,0.0,7.4,0.0,0.0,0.0,0.0,0.0,0.0,0.0,0.0,1.0,0.0,0.0,0.0,9.0,4.0,0.0,0.0,0.0,0.0,0.0,0.0,0.0,0.0,2.0,12.0,1.0,12.17,5.0200000000000005,2.51,1.49,0.0,0.0,0.0,361.4,0.0,0.4,0.2,0.5,-169.70000000000002,0.0,0.0,169.8,0.0,21.8,28.9,28.9,30.9,300.0,300.0,31.6,35.800000000000004,28.8,28.0,29.9,4.95,2.0,4.96,0.16,0.0,0.0,1027.0,8228.0,0.0,0.0,0.0,0.0,0.0,1.0,0.0,0.0,0.0,0.0,0.0,0.7000000000000001,0.0,-0.4,0.0,0.0,16.0,25903.0
2026-07-30T19:03:16.801Z,366.284,366.3,0.0,7.4,0.0,0.0,0.0,0.0,0.0,0.0,0.0,0.0,1.0,0.0,0.0,0.0,9.0,4.0,0.0,0.0,0.0,0.0,0.0,0.0,0.0,0.0,3.0,12.0,1.0,12.17,5.0200000000000005,2.51,1.49,0.0,0.0,0.0,361.4,0.0,-0.7000000000000001,0.2,0.5,-169.70000000000002,0.0,0.0,169.60000000000002,0.0,21.8,28.9,28.9,30.9,300.0,300.0,31.6,35.800000000000004,28.8,28.0,29.9,4.96,1.99,4.96,0.16,0.0,0.0,1027.0,8228.0,0.0,0.0,0.0,0.0,0.0,1.0,0.0,0.0,0.0,0.0,0.0,0.7000000000000001,0.0,-0.4,0.0,0.0,16.0,25903.0
2026-07-30T19:03:16.814Z,366.297,366.312,0.0,7.4,0.0,0.0,0.0,0.0,0.0,0.0,0.0,0.0,1.0,0.0,0.0,0.0,9.0,4.0,0.0,0.0,0.0,0.0,0.0,0.0,0.0,0.0,4.0,12.0,1.0,12.17,5.0200000000000005,2.51,1.49,0.0,0.1,0.0,361.4,0.0,-0.1,-0.8,-0.5,-169.70000000000002,0.0,0.0,169.70000000000002,0.0,21.8,28.9,28.9,30.9,300.0,300.0,31.6,35.800000000000004,28.8,28.0,29.9,4.95,1.99,4.97,0.16,0.0,0.0,1027.0,8228.0,0.0,0.0,0.0,0.0,0.0,1.0,0.0,0.0,0.0,0.0,0.0,-1.4,0.0,0.3,0.0,0.0,16.0,25903.0
2026-07-30T19:03:16.826Z,366.309,366.324,0.0,7.4,0.0,0.0,0.0,0.0,0.0,0.0,0.0,0.0,1.0,0.0,0.0,0.0,9.0,4.0,0.0,0.0,0.0,0.0,0.0,0.0,0.0,0.0,5.0,12.0,1.0,12.17,5.0200000000000005,2.51,1.49,0.0,0.0,0.0,361.4,0.0,-0.1,-0.8,-1.2000000000000002,-169.70000000000002,0.0,0.0,169.70000000000002,0.0,21.8,28.9,28.9,30.9,300.0,300.0,31.6,35.800000000000004,28.8,28.0,29.9,4.96,1.98,4.96,0.16,0.0,0.0,1027.0,8228.0,0.0,0.0,0.0,0.0,0.0,1.0,0.0,0.0,0.0,0.0,0.0,-1.8,0.0,0.8,0.0,0.0,16.0,25903.0
2026-07-30T19:03:16.838Z,366.321,366.336,0.0,7.4,0.0,0.0,0.0,0.0,0.0,0.0,0.0,0.0,1.0,0.0,0.0,0.0,9.0,4.0,0.0,0.0,0.0,0.0,0.0,0.0,0.0,0.0,1.0,12.0,1.0,12.17,5.0200000000000005,2.51,1.49,0.0,0.0,0.0,361.4,0.0,0.4,0.8,0.0,-169.70000000000002,0.0,0.0,169.70000000000002,0.0,21.8,28.9,28.9,30.9,300.0,300.0,31.6,35.800000000000004,28.8,28.0,29.9,4.96,2.0,4.97,0.16,0.0,0.0,1027.0,8228.0,0.0,0.0,0.0,0.0,0.0,1.0,0.0,0.0,0.0,0.0,0.0,0.9,0.0,0.2,0.0,0.0,16.0,25903.0
2026-07-30T19:03:16.850Z,366.333,366.348,0.0,7.4,0.0,0.0,0.0,0.0,0.0,0.0,0.0,0.0,1.0,0.0,0.0,0.0,9.0,4.0,0.0,0.0,0.0,0.0,0.0,0.0,0.0,0.0,2.0,12.0,1.0,12.17,5.0200000000000005,2.51,1.49,0.0,0.0,0.0,361.4,0.0,-0.2,0.8,0.0,-169.70000000000002,0.0,0.0,169.70000000000002,0.0,21.8,28.9,28.9,30.9,300.0,300.0,31.6,35.800000000000004,28.8,28.0,29.9,4.96,1.99,4.97,0.16,0.0,0.0,1027.0,8228.0,0.0,0.0,0.0,0.0,0.0,1.0,0.0,0.0,0.0,0.0,0.0,1.4,0.0,-0.3,0.0,0.0,16.0,25903.0
2026-07-30T19:03:16.862Z,366.345,366.36,0.0,7.4,0.0,0.0,0.0,0.0,0.0,0.0,0.0,0.0,1.0,0.0,0.0,0.0,9.0,4.0,0.0,0.0,0.0,0.0,0.0,0.0,0.0,0.0,3.0,12.0,1.0,12.17,5.0200000000000005,2.51,1.49,0.0,0.0,0.0,361.4,0.0,0.3,-0.3,0.6000000000000001,-169.70000000000002,0.0,0.0,169.70000000000002,0.0,21.8,28.9,28.9,30.9,300.0,300.0,31.6,35.800000000000004,28.8,28.0,29.9,4.96,1.99,4.97,0.16,0.0,0.0,1027.0,8228.0,0.0,0.0,0.0,0.0,0.0,1.0,0.0,0.0,0.0,0.0,0.0,0.0,0.0,-0.5,0.0,0.0,16.0,25903.0
2026-07-30T19:03:16.873Z,366.356,366.372,0.0,7.4,0.0,0.0,0.0,0.0,0.0,0.0,0.0,0.0,1.0,0.0,0.0,0.0,9.0,4.0,0.0,0.0,0.0,0.0,0.0,0.0,0.0,0.0,5.0,12.0,1.0,12.18,5.01,2.51,1.49,0.0,0.0,0.0,361.3,0.0,-0.2,-0.9,-1.1,-169.70000000000002,0.0,0.0,169.70000000000002,0.0,21.4,28.9,28.9,30.9,300.0,300.0,31.5,35.800000000000004,28.8,28.0,29.9,4.96,1.99,4.96,0.16,0.0,0.0,1027.0,8228.0,0.0,0.0,0.0,0.0,0.0,1.0,0.0,0.0,0.0,0.0,0.0,0.0,0.0,-0.5,0.0,0.0,16.0,25903.0
2026-07-30T19:03:16.886Z,366.369,366.384,0.0,7.4,0.0,0.0,0.0,0.0,0.0,0.0,0.0,0.0,1.0,0.0,0.0,0.0,9.0,4.0,0.0,0.0,0.0,0.0,0.0,0.0,0.0,0.0,6.0,12.0,1.0,12.18,5.01,2.51,1.49,0.0,0.0,0.0,361.3,0.0,-0.2,0.1,0.0,-169.70000000000002,0.0,0.0,169.70000000000002,0.0,21.4,28.9,28.9,30.9,300.0,300.0,31.5,35.800000000000004,28.8,28.0,29.9,4.96,2.0,4.97,0.16,0.0,0.0,1027.0,8228.0,0.0,0.0,0.0,0.0,0.0,1.0,0.0,0.0,0.0,0.0,0.0,0.5,0.0,1.3,0.0,0.0,16.0,25903.0
2026-07-30T19:03:16.898Z,366.381,366.396,0.0,7.4,0.0,0.0,0.0,0.0,0.0,0.0,0.0,0.0,1.0,0.0,0.0,0.0,9.0,4.0,0.0,0.0,0.0,0.0,0.0,0.0,0.0,0.0,1.0,12.0,1.0,12.18,5.01,2.51,1.49,0.0,0.0,0.0,361.4,0.0,-0.2,0.7000000000000001,1.6,-169.70000000000002,0.0,0.0,169.60000000000002,0.0,21.4,28.9,28.9,30.9,300.0,300.0,31.5,35.800000000000004,28.8,28.0,29.9,4.95,1.99,4.97,0.16,0.0,0.0,1027.0,8228.0,0.0,0.0,0.0,0.0,0.0,1.0,0.0,0.0,0.0,0.0,0.0,0.9,0.0,0.8,0.0,0.0,16.0,25903.0
2026-07-30T19:03:16.909Z,366.392,366.408,0.0,7.4,0.0,0.0,0.0,0.0,0.0,0.0,0.0,0.0,1.0,0.0,0.0,0.0,9.0,4.0,0.0,0.0,0.0,0.0,0.0,0.0,0.0,0.0,3.0,12.0,1.0,12.18,5.01,2.51,1.49,0.0,0.0,0.0,361.4,0.0,0.2,-0.4,-0.1,-169.70000000000002,0.0,0.0,169.70000000000002,0.0,21.4,28.9,28.9,30.9,300.0,300.0,31.5,35.800000000000004,28.8,28.0,29.9,4.96,1.99,4.96,0.16,0.0,0.0,1027.0,8228.0,0.0,0.0,0.0,0.0,0.0,1.0,0.0,0.0,0.0,0.0,0.0,0.3,0.0,-1.0,0.0,0.0,16.0,25903.0
2026-07-30T19:03:16.922Z,366.405,366.42,0.0,7.4,0.0,0.0,0.0,0.0,0.0,0.0,0.0,0.0,1.0,0.0,0.0,0.0,9.0,4.0,0.0,0.0,0.0,0.0,0.0,0.0,0.0,0.0,4.0,12.0,1.0,12.18,5.01,2.51,1.49,0.0,0.0,0.0,361.4,0.0,-0.3,-0.4,-0.1,-169.70000000000002,0.0,0.0,169.70000000000002,0.0,21.4,28.9,28.9,30.9,300.0,300.0,31.5,35.800000000000004,28.8,28.0,29.9,4.95,2.0,4.96,0.16,0.0,0.0,1027.0,8228.0,0.0,0.0,0.0,0.0,0.0,1.0,0.0,0.0,0.0,0.0,0.0,-0.5,0.0,0.0,0.0,0.0,16.0,25903.0
2026-07-30T19:03:16.934Z,366.417,366.432,0.0,7.4,0.0,0.0,0.0,0.0,0.0,0.0,0.0,0.0,1.0,0.0,0.0,0.0,9.0,4.0,0.0,0.0,0.0,0.0,0.0,0.0,0.0,0.0,5.0,12.0,1.0,12.18,5.01,2.51,1.49,0.0,0.0,0.0,361.3,0.0,-0.2,1.2000000000000002,1.6,-169.70000000000002,0.0,0.0,169.70000000000002,0.0,21.4,28.9,28.9,30.9,300.0,300.0,31.5,35.800000000000004,28.8,28.0,29.9,4.95,1.99,4.97,0.16,0.0,0.0,1027.0,8228.0,0.0,0.0,0.0,0.0,0.0,1.0,0.0,0.0,0.0,0.0,0.0,2.6,0.0,-1.1,0.0,0.0,16.0,25903.0
2026-07-30T19:03:16.945Z,366.428,366.444,0.0,7.4,0.0,0.0,0.0,0.0,0.0,0.0,0.0,0.0,1.0,0.0,0.0,0.0,9.0,4.0,0.0,0.0,0.0,0.0,0.0,0.0,0.0,0.0,1.0,12.0,1.0,12.18,5.01,2.51,1.49,0.0,0.1,0.0,361.3,0.0,-0.3,0.6000000000000001,-1.2000000000000002,-169.70000000000002,0.0,0.0,169.70000000000002,0.0,21.4,28.9,28.9,30.9,300.0,300.0,31.5,35.800000000000004,28.8,28.0,29.9,4.96,1.99,4.97,0.16,0.0,0.0,1027.0,8228.0,0.0,0.0,0.0,0.0,0.0,1.0,0.0,0.0,0.0,0.0,0.0,-0.2,0.0,1.2000000000000002,0.0,0.0,16.0,25903.0
2026-07-30T19:03:16.958Z,366.441,366.456,0.0,7.4,0.0,0.0,0.0,0.0,0.0,0.0,0.0,0.0,1.0,0.0,0.0,0.0,9.0,4.0,0.0,0.0,0.0,0.0,0.0,0.0,0.0,0.0,2.0,12.0,1.0,12.18,5.01,2.51,1.49,0.0,0.0,0.0,361.4,0.0,0.2,-1.0,-0.6000000000000001,-169.70000000000002,0.0,0.0,169.70000000000002,0.0,21.4,28.9,28.9,30.9,300.0,300.0,31.5,35.800000000000004,28.8,28.0,29.9,4.96,1.99,4.96,0.16,0.0,0.0,1027.0,8228.0,0.0,0.0,0.0,0.0,0.0,1.0,0.0,0.0,0.0,0.0,0.0,-1.7000000000000002,0.0,0.3,0.0,0.0,16.0,25903.0
2026-07-30T19:03:16.971Z,366.454,366.468,0.0,7.4,0.0,0.0,0.0,0.0,0.0,0.0,0.0,0.0,1.0,0.0,0.0,0.0,9.0,4.0,0.0,0.0,0.0,0.0,0.0,0.0,0.0,0.0,3.0,12.0,1.0,12.15,5.01,2.5,1.49,0.0,0.0,0.0,361.3,0.0,0.2,-0.4,-0.6000000000000001,-169.70000000000002,0.0,0.0,169.70000000000002,0.0,21.700000000000003,28.9,28.9,30.9,300.0,300.0,31.5,35.800000000000004,28.8,28.0,29.9,4.95,1.99,4.96,0.16,0.0,0.0,1027.0,8228.0,0.0,0.0,0.0,0.0,0.0,1.0,0.0,0.0,0.0,0.0,0.0,-0.9,0.0,0.4,0.0,0.0,16.0,25903.0
2026-07-30T19:03:16.982Z,366.465,366.48,0.0,7.4,0.0,0.0,0.0,0.0,0.0,0.0,0.0,0.0,1.0,0.0,0.0,0.0,9.0,4.0,0.0,0.0,0.0,0.0,0.0,0.0,0.0,0.0,5.0,12.0,1.0,12.15,5.01,2.5,1.49,0.0,0.0,0.0,361.3,0.0,0.2,0.6000000000000001,-0.6000000000000001,-169.70000000000002,0.0,0.0,169.8,0.0,21.700000000000003,28.9,28.9,30.9,300.0,300.0,31.5,35.800000000000004,28.8,28.0,29.9,4.95,1.99,4.96,0.16,0.0,0.0,1027.0,8228.0,0.0,0.0,0.0,0.0,0.0,1.0,0.0,0.0,0.0,0.0,0.0,0.2,0.0,0.7000000000000001,0.0,0.0,16.0,25903.0
2026-07-30T19:03:16.994Z,366.477,366.492,0.0,7.4,0.0,0.0,0.0,0.0,0.0,0.0,0.0,0.0,1.0,0.0,0.0,0.0,9.0,4.0,0.0,0.0,0.0,0.0,0.0,0.0,0.0,0.0,6.0,12.0,1.0,12.15,5.01,2.5,1.49,0.0,0.0,0.0,361.3,0.0,0.2,0.7000000000000001,1.6,-169.70000000000002,0.0,0.0,169.8,0.0,21.700000000000003,28.9,28.9,30.9,300.0,300.0,31.5,35.800000000000004,28.8,28.0,29.9,4.95,1.99,4.96,0.16,0.0,0.0,1027.0,8228.0,0.0,0.0,0.0,0.0,0.0,1.0,0.0,0.0,0.0,0.0,0.0,2.0,0.0,-1.3,0.0,0.0,16.0,25903.0
2026-07-30T19:03:17.005Z,366.488,366.504,0.0,7.4,0.0,0.0,0.0,0.0,0.0,0.0,0.0,0.0,1.0,0.0,0.0,0.0,9.0,4.0,0.0,0.0,0.0,0.0,0.0,0.0,0.0,0.0,1.0,12.0,1.0,12.15,5.01,2.5,1.49,0.0,0.0,0.0,361.3,0.0,0.2,0.7000000000000001,0.5,-169.70000000000002,0.0,0.0,169.60000000000002,0.0,21.700000000000003,28.9,28.9,30.9,300.0,300.0,31.5,35.800000000000004,28.8,28.0,29.9,4.95,1.99,4.96,0.16,0.0,0.0,1027.0,8228.0,0.0,0.0,0.0,0.0,0.0,1.0,0.0,0.0,0.0,0.0,0.0,1.2000000000000002,0.0,-0.3,0.0,0.0,16.0,25903.0
2026-07-30T19:03:17.018Z,366.501,366.516,0.0,7.4,0.0,0.0,0.0,0.0,0.0,0.0,0.0,0.0,1.0,0.0,0.0,0.0,9.0,4.0,0.0,0.0,0.0,0.0,0.0,0.0,0.0,0.0,2.0,12.0,1.0,12.15,5.01,2.5,1.49,0.0,0.0,0.0,361.4,0.0,0.2,-0.4,0.0,-169.70000000000002,0.0,0.0,169.60000000000002,0.0,21.700000000000003,28.9,28.9,30.9,300.0,300.0,31.5,35.800000000000004,28.8,28.0,29.9,4.95,1.99,4.97,0.16,0.0,0.0,1027.0,8228.0,0.0,0.0,0.0,0.0,0.0,1.0,0.0,0.0,0.0,0.0,0.0,-0.5,0.0,0.0,0.0,0.0,16.0,25903.0
2026-07-30T19:03:17.029Z,366.512,366.528,0.0,7.4,0.0,0.0,0.0,0.0,0.0,0.0,0.0,0.0,1.0,0.0,0.0,0.0,9.0,4.0,0.0,0.0,0.0,0.0,0.0,0.0,0.0,0.0,4.0,12.0,1.0,12.15,5.01,2.5,1.49,0.0,0.0,0.0,361.3,0.0,0.2,1.2000000000000002,0.0,-169.70000000000002,0.0,0.0,169.70000000000002,0.0,21.700000000000003,28.9,28.9,30.9,300.0,300.0,31.5,35.800000000000004,28.8,28.0,29.9,4.95,1.99,4.96,0.16,0.0,0.0,1027.0,8228.0,0.0,0.0,0.0,0.0,0.0,1.0,0.0,0.0,0.0,0.0,0.0,1.4,0.0,0.2,0.0,0.0,16.0,25903.0
2026-07-30T19:03:17.042Z,366.525,366.54,0.0,7.4,0.0,0.0,0.0,0.0,0.0,0.0,0.0,0.0,1.0,0.0,0.0,0.0,9.0,4.0,0.0,0.0,0.0,0.0,0.0,0.0,0.0,0.0,5.0,12.0,1.0,12.15,5.01,2.5,1.49,0.0,0.0,0.0,361.4,0.0,-0.3,0.1,-1.7000000000000002,-169.70000000000002,0.0,0.0,169.70000000000002,0.0,21.700000000000003,28.9,28.9,30.9,300.0,300.0,31.5,35.800000000000004,28.8,28.0,29.9,4.96,1.99,4.96,0.16,0.0,0.0,1027.0,8228.0,0.0,0.0,0.0,0.0,0.0,1.0,0.0,0.0,0.0,0.0,0.0,-1.2000000000000002,0.0,1.5,0.0,0.0,16.0,25903.0
2026-07-30T19:03:17.054Z,366.537,366.552,0.0,7.4,0.0,0.0,0.0,0.0,0.0,0.0,0.0,0.0,1.0,0.0,0.0,0.0,9.0,4.0,0.0,0.0,0.0,0.0,0.0,0.0,0.0,0.0,1.0,12.0,1.0,12.15,5.01,2.5,1.49,0.0,0.1,0.0,361.4,0.0,-0.3,-1.0,-0.6000000000000001,-169.70000000000002,0.0,0.0,169.60000000000002,0.0,21.700000000000003,28.9,28.9,30.9,300.0,300.0,31.5,35.800000000000004,28.8,28.0,29.9,4.95,1.99,4.96,0.16,0.0,0.0,1027.0,8228.0,0.0,0.0,0.0,0.0,0.0,1.0,0.0,0.0,0.0,0.0,0.0,-1.6,0.0,0.3,0.0,0.0,16.0,25903.0
2026-07-30T19:03:17.066Z,366.549,366.564,0.0,7.4,0.0,0.0,0.0,0.0,0.0,0.0,0.0,0.0,1.0,0.0,0.0,0.0,9.0,4.0,0.0,0.0,0.0,0.0,0.0,0.0,0.0,0.0,2.0,12.0,1.0,12.15,5.01,2.5,1.49,0.0,0.1,0.0,361.4,0.0,-0.3,-0.4,-1.1,-169.60000000000002,0.0,0.0,169.60000000000002,0.0,21.700000000000003,28.9,28.9,30.9,300.0,300.0,31.5,35.800000000000004,28.8,28.0,29.9,4.95,1.99,4.96,0.16,0.0,0.0,1027.0,8228.0,0.0,0.0,0.0,0.0,0.0,1.0,0.0,0.0,0.0,0.0,0.0,-1.4,0.0,0.9,0.0,0.0,16.0,25903.0
2026-07-30T19:03:17.078Z,366.561,366.576,0.0,7.4,0.0,0.0,0.0,0.0,0.0,0.0,0.0,0.0,1.0,0.0,0.0,0.0,9.0,4.0,0.0,0.0,0.0,0.0,0.0,0.0,0.0,0.0,3.0,12.0,1.0,12.14,5.0200000000000005,2.51,1.49,0.0,0.0,0.0,361.4,0.0,0.2,0.1,0.0,-169.60000000000002,0.0,0.0,169.70000000000002,0.0,21.8,28.9,28.9,30.9,300.0,300.0,31.5,35.9,28.8,28.0,29.9,4.95,2.0,4.96,0.16,0.0,0.0,1027.0,8228.0,0.0,0.0,0.0,0.0,0.0,1.0,0.0,0.0,0.0,0.0,0.0,0.1,0.0,0.0,0.0,0.0,16.0,25903.0
2026-07-30T19:03:17.090Z,366.573,366.588,0.0,7.4,0.0,0.0,0.0,0.0,0.0,0.0,0.0,0.0,1.0,0.0,0.0,0.0,9.0,4.0,0.0,0.0,0.0,0.0,0.0,0.0,0.0,0.0,4.0,12.0,1.0,12.14,5.0200000000000005,2.51,1.49,0.0,0.0,0.0,361.4,0.0,0.2,0.1,0.0,-169.60000000000002,0.0,0.0,169.70000000000002,0.0,21.8,28.9,28.9,30.9,300.0,300.0,31.5,35.9,28.8,28.0,29.9,4.95,1.99,4.96,0.16,0.0,0.0,1027.0,8228.0,0.0,0.0,0.0,0.0,0.0,1.0,0.0,0.0,0.0,0.0,0.0,0.1,0.0,0.0,0.0,0.0,16.0,25903.0
2026-07-30T19:03:17.102Z,366.585,366.6,0.0,7.4,0.0,0.0,0.0,0.0,0.0,0.0,0.0,0.0,1.0,0.0,0.0,0.0,9.0,4.0,0.0,0.0,0.0,0.0,0.0,0.0,0.0,0.0,5.0,12.0,1.0,12.14,5.0200000000000005,2.51,1.49,0.0,0.1,0.0,361.4,0.0,-0.2,-0.4,0.5,-169.60000000000002,0.0,0.0,169.60000000000002,0.0,21.8,28.9,28.9,30.9,300.0,300.0,31.5,35.9,28.8,28.0,29.9,4.95,1.99,4.97,0.16,0.0,0.0,1027.0,8228.0,0.0,0.0,0.0,0.0,0.0,1.0,0.0,0.0,0.0,0.0,0.0,0.0,0.0,-0.5,0.0,0.0,16.0,25903.0
2026-07-30T19:03:17.114Z,366.597,366.612,0.0,7.4,0.0,0.0,0.0,0.0,0.0,0.0,0.0,0.0,1.0,0.0,0.0,0.0,9.0,4.0,0.0,0.0,0.0,0.0,0.0,0.0,0.0,0.0,1.0,12.0,1.0,12.14,5.0200000000000005,2.51,1.49,0.0,0.0,0.0,361.3,0.0,0.8,-0.4,0.5,-169.60000000000002,0.0,0.0,169.70000000000002,0.0,21.8,28.9,28.9,30.9,300.0,300.0,31.5,35.9,28.8,28.0,29.9,4.96,1.99,4.96,0.16,0.0,0.0,1027.0,8228.0,0.0,0.0,0.0,0.0,0.0,1.0,0.0,0.0,0.0,0.0,0.0,-0.1,0.0,-0.5,0.0,0.0,16.0,25903.0
2026-07-30T19:03:17.125Z,366.608,366.624,0.0,7.4,0.0,0.0,0.0,0.0,0.0,0.0,0.0,0.0,1.0,0.0,0.0,0.0,9.0,4.0,0.0,0.0,0.0,0.0,0.0,0.0,0.0,0.0,2.0,12.0,1.0,12.14,5.0200000000000005,2.51,1.49,0.0,0.0,0.0,361.3,0.0,0.8,0.0,0.5,-169.60000000000002,0.0,0.0,169.70000000000002,0.0,21.8,28.9,28.9,30.9,300.0,300.0,31.5,35.9,28.8,28.0,29.9,4.96,1.99,4.97,0.16,0.0,0.0,1027.0,8228.0,0.0,0.0,0.0,0.0,0.0,1.0,0.0,0.0,0.0,0.0,0.0,0.5,0.0,-0.4,0.0,0.0,16.0,25903.0
2026-07-30T19:03:17.138Z,366.621,366.636,0.0,7.4,0.0,0.0,0.0,0.0,0.0,0.0,0.0,0.0,1.0,0.0,0.0,0.0,9.0,4.0,0.0,0.0,0.0,0.0,0.0,0.0,0.0,0.0,3.0,12.0,1.0,12.14,5.0200000000000005,2.51,1.49,0.0,0.0,0.0,361.4,0.0,0.8,0.6000000000000001,1.0,-169.60000000000002,0.0,0.0,169.8,0.0,21.8,28.9,28.9,30.9,300.0,300.0,31.5,35.9,28.8,28.0,29.9,4.95,1.99,4.97,0.16,0.0,0.0,1027.0,8228.0,0.0,0.0,0.0,0.0,0.0,1.0,0.0,0.0,0.0,0.0,0.0,1.5,0.0,-0.8,0.0,0.0,16.0,25903.0
2026-07-30T19:03:17.150Z,366.633,366.648,0.0,7.4,0.0,0.0,0.0,0.0,0.0,0.0,0.0,0.0,1.0,0.0,0.0,0.0,9.0,4.0,0.0,0.0,0.0,0.0,0.0,0.0,0.0,0.0,4.0,12.0,1.0,12.14,5.0200000000000005,2.51,1.49,0.0,0.0,0.0,361.4,0.0,0.2,-0.4,0.0,-169.60000000000002,0.0,0.0,169.70000000000002,0.0,21.8,28.9,28.9,30.9,300.0,300.0,31.5,35.9,28.8,28.0,29.9,4.95,1.99,4.96,0.16,0.0,0.0,1027.0,8228.0,0.0,0.0,0.0,0.0,0.0,1.0,0.0,0.0,0.0,0.0,0.0,-0.5,0.0,0.0,0.0,0.0,16.0,25903.0
2026-07-30T19:03:17.162Z,366.645,366.66,0.0,7.4,0.0,0.0,0.0,0.0,0.0,0.0,0.0,0.0,1.0,0.0,0.0,0.0,9.0,4.0,0.0,0.0,0.0,0.0,0.0,0.0,0.0,0.0,4.0,12.0,1.0,12.14,5.0200000000000005,2.51,1.49,0.0,0.0,0.0,361.4,0.0,0.8,0.1,0.0,-169.60000000000002,0.0,0.0,169.8,0.0,21.8,28.9,28.9,30.9,300.0,300.0,31.5,35.9,28.8,28.0,29.9,4.95,1.99,4.96,0.16,0.0,0.0,1027.0,8228.0,0.0,0.0,0.0,0.0,0.0,1.0,0.0,0.0,0.0,0.0,0.0,0.1,0.0,0.0,0.0,0.0,16.0,25903.0
2026-07-30T19:03:17.175Z,366.658,366.672,0.0,7.4,0.0,0.0,0.0,0.0,0.0,0.0,0.0,0.0,1.0,0.0,0.0,0.0,9.0,4.0,0.0,0.0,0.0,0.0,0.0,0.0,0.0,0.0,5.0,12.0,1.0,12.17,5.01,2.5,1.5,0.0,0.0,0.0,361.4,0.0,-0.3,0.0,0.0,-169.60000000000002,0.0,0.0,169.70000000000002,0.0,21.3,28.9,28.9,30.9,300.0,300.0,31.6,35.800000000000004,28.8,28.1,29.9,4.95,1.99,4.96,0.16,0.0,0.0,1027.0,8228.0,0.0,0.0,0.0,0.0,0.0,1.0,0.0,0.0,0.0,0.0,0.0,0.0,0.0,0.0,0.0,0.0,16.0,25903.0
2026-07-30T19:03:17.186Z,366.669,366.684,0.0,7.4,0.0,0.0,0.0,0.0,0.0,0.0,0.0,0.0,1.0,0.0,0.0,0.0,9.0,4.0,0.0,0.0,0.0,0.0,0.0,0.0,0.0,0.0,6.0,12.0,1.0,12.17,5.01,2.5,1.5,-0.1,0.1,0.0,361.4,0.0,0.2,0.1,-0.6000000000000001,-169.60000000000002,0.0,0.0,169.8,0.0,21.3,28.9,28.9,30.9,300.0,300.0,31.6,35.800000000000004,28.8,28.1,29.9,4.96,1.99,4.96,0.16,0.0,0.0,1027.0,8228.0,0.0,0.0,0.0,0.0,0.0,1.0,0.0,0.0,0.0,0.0,0.0,-0.3,0.0,0.5,0.0,0.0,16.0,25903.0
2026-07-30T19:03:17.198Z,366.681,366.696,0.0,7.4,0.0,0.0,0.0,0.0,0.0,0.0,0.0,0.0,1.0,0.0,0.0,0.0,9.0,4.0,0.0,0.0,0.0,0.0,0.0,0.0,0.0,0.0,2.0,12.0,1.0,12.17,5.01,2.5,1.5,0.0,0.0,0.0,361.4,0.0,-0.3,-1.0,-1.2000000000000002,-169.70000000000002,0.0,0.0,169.8,0.0,21.3,28.9,28.9,30.9,300.0,300.0,31.6,35.800000000000004,28.8,28.1,29.9,4.96,1.99,4.96,0.16,0.0,0.0,1027.0,8228.0,0.0,0.0,0.0,0.0,0.0,1.0,0.0,0.0,0.0,0.0,0.0,-2.0,0.0,0.8,0.0,0.0,16.0,25903.0
2026-07-30T19:03:17.210Z,366.693,366.708,0.0,7.4,0.0,0.0,0.0,0.0,0.0,0.0,0.0,0.0,1.0,0.0,0.0,0.0,9.0,4.0,0.0,0.0,0.0,0.0,0.0,0.0,0.0,0.0,3.0,12.0,1.0,12.17,5.01,2.5,1.5,0.0,0.0,0.0,361.3,0.0,-0.3,0.1,1.7000000000000002,-169.70000000000002,0.0,0.0,169.8,0.0,21.3,28.9,28.9,30.9,300.0,300.0,31.6,35.800000000000004,28.8,28.1,29.9,4.95,1.99,4.97,0.16,0.0,0.0,1027.0,8228.0,0.0,0.0,0.0,0.0,0.0,1.0,0.0,0.0,0.0,0.0,0.0,1.4,0.0,-1.5,0.0,0.0,16.0,25903.0
2026-07-30T19:03:17.221Z,366.704,366.72,0.0,7.4,0.0,0.0,0.0,0.0,0.0,0.0,0.0,0.0,1.0,0.0,0.0,0.0,9.0,4.0,0.0,0.0,0.0,0.0,0.0,0.0,0.0,0.0,4.0,12.0,1.0,12.17,5.01,2.5,1.5,0.0,0.0,0.0,361.3,0.0,-0.8,1.2000000000000002,1.1,-169.70000000000002,0.0,0.0,169.70000000000002,0.0,21.3,28.9,28.9,30.9,300.0,300.0,31.6,35.800000000000004,28.8,28.1,29.9,4.95,1.99,4.97,0.16,0.0,0.0,1027.0,8228.0,0.0,0.0,0.0,0.0,0.0,1.0,0.0,0.0,0.0,0.0,0.0,2.3000000000000003,0.0,-0.7000000000000001,0.0,0.0,16.0,25903.0
2026-07-30T19:03:17.234Z,366.717,366.732,0.0,7.4,0.0,0.0,0.0,0.0,0.0,0.0,0.0,0.0,1.0,0.0,0.0,0.0,9.0,4.0,0.0,0.0,0.0,0.0,0.0,0.0,0.0,0.0,5.0,12.0,1.0,12.17,5.01,2.5,1.5,0.0,0.0,0.0,361.4,0.0,-0.2,0.1,1.7000000000000002,-169.70000000000002,0.0,0.0,169.70000000000002,0.0,21.3,28.9,28.9,30.9,300.0,300.0,31.6,35.800000000000004,28.8,28.1,29.9,4.96,2.0,4.97,0.16,0.0,0.0,1027.0,8228.0,0.0,0.0,0.0,0.0,0.0,1.0,0.0,0.0,0.0,0.0,0.0,1.4,0.0,-1.5,0.0,0.0,16.0,25903.0
2026-07-30T19:03:17.246Z,366.729,366.744,0.0,7.4,0.0,0.0,0.0,0.0,0.0,0.0,0.0,0.0,1.0,0.0,0.0,0.0,9.0,4.0,0.0,0.0,0.0,0.0,0.0,0.0,0.0,0.0,1.0,12.0,1.0,12.17,5.01,2.5,1.5,0.0,0.1,0.0,361.4,0.0,0.8,0.1,0.0,-169.70000000000002,0.0,0.0,169.8,0.0,21.3,28.9,28.9,30.9,300.0,300.0,31.6,35.800000000000004,28.8,28.1,29.9,4.95,2.0,4.96,0.16,0.0,0.0,1027.0,8228.0,0.0,0.0,0.0,0.0,0.0,1.0,0.0,0.0,0.0,0.0,0.0,0.1,0.0,0.0,0.0,0.0,16.0,25903.0
2026-07-30T19:03:17.258Z,366.741,366.756,0.0,7.4,0.0,0.0,0.0,0.0,0.0,0.0,0.0,0.0,1.0,0.0,0.0,0.0,9.0,4.0,0.0,0.0,0.0,0.0,0.0,0.0,0.0,0.0,2.0,12.0,1.0,12.17,5.01,2.5,1.5,0.0,0.0,0.0,361.4,0.0,1.4,-0.4,1.1,-169.70000000000002,0.0,0.0,169.70000000000002,0.0,21.3,28.9,28.9,30.9,300.0,300.0,31.6,35.800000000000004,28.8,28.1,29.9,4.95,1.99,4.97,0.16,0.0,0.0,1027.0,8228.0,0.0,0.0,0.0,0.0,0.0,1.0,0.0,0.0,0.0,0.0,0.0,0.3,0.0,-1.1,0.0,0.0,16.0,25903.0
2026-07-30T19:03:17.270Z,366.753,366.768,0.0,7.4,0.0,0.0,0.0,0.0,0.0,0.0,0.0,0.0,1.0,0.0,0.0,0.0,9.0,4.0,0.0,0.0,0.0,0.0,0.0,0.0,0.0,0.0,3.0,12.0,1.0,12.17,5.01,2.5,1.5,0.0,0.0,0.0,361.4,0.0,0.3,0.0,0.5,-169.70000000000002,0.0,0.0,169.8,0.0,21.3,28.9,28.9,30.9,300.0,300.0,31.6,35.800000000000004,28.8,28.1,29.9,4.95,1.99,4.96,0.16,0.0,0.0,1027.0,8228.0,0.0,0.0,0.0,0.0,0.0,1.0,0.0,0.0,0.0,0.0,0.0,0.4,0.0,-0.4,0.0,0.0,16.0,25903.0
2026-07-30T19:03:17.282Z,366.765,366.78,0.0,7.4,0.0,0.0,0.0,0.0,0.0,0.0,0.0,0.0,1.0,0.0,0.0,0.0,9.0,4.0,0.0,0.0,0.0,0.0,0.0,0.0,0.0,0.0,4.0,12.0,1.0,12.18,5.01,2.51,1.49,0.0,0.0,0.0,361.4,0.0,0.2,1.1,1.1,-169.70000000000002,0.0,0.0,169.70000000000002,0.0,21.3,28.9,28.9,30.9,300.0,300.0,31.700000000000003,35.800000000000004,28.8,28.1,29.9,4.96,1.99,4.96,0.16,0.0,0.0,1027.0,8228.0,0.0,0.0,0.0,0.0,0.0,1.0,0.0,0.0,0.0,0.0,0.0,2.1,0.0,-0.7000000000000001,0.0,0.0,16.0,25903.0
2026-07-30T19:03:17.294Z,366.777,366.792,0.0,7.4,0.0,0.0,0.0,0.0,0.0,0.0,0.0,0.0,1.0,0.0,0.0,0.0,9.0,4.0,0.0,0.0,0.0,0.0,0.0,0.0,0.0,0.0,5.0,12.0,1.0,12.18,5.01,2.51,1.49,0.0,0.0,0.0,361.4,0.0,0.8,0.0,1.1,-169.70000000000002,0.0,0.0,169.70000000000002,0.0,21.3,28.9,28.9,30.9,300.0,300.0,31.700000000000003,35.800000000000004,28.8,28.1,29.9,4.95,1.99,4.97,0.16,0.0,0.0,1027.0,8228.0,0.0,0.0,0.0,0.0,0.0,1.0,0.0,0.0,0.0,0.0,0.0,0.9,0.0,-1.0,0.0,0.0,16.0,25903.0
2026-07-30T19:03:17.306Z,366.789,366.804,0.0,7.4,0.0,0.0,0.0,0.0,0.0,0.0,0.0,0.0,1.0,0.0,0.0,0.0,9.0,4.0,0.0,0.0,0.0,0.0,0.0,0.0,0.0,0.0,1.0,12.0,1.0,12.18,5.01,2.51,1.49,0.0,0.0,0.0,361.3,0.0,0.3,0.0,-0.6000000000000001,-169.70000000000002,0.0,0.0,169.8,0.0,21.3,28.9,28.9,30.9,300.0,300.0,31.700000000000003,35.800000000000004,28.8,28.1,29.9,4.96,1.99,4.96,0.16,0.0,0.0,1027.0,8228.0,0.0,0.0,0.0,0.0,0.0,1.0,0.0,0.0,0.0,0.0,0.0,-0.4,0.0,0.5,0.0,0.0,16.0,25903.0
2026-07-30T19:03:17.318Z,366.801,366.816,0.0,7.4,0.0,0.0,0.0,0.0,0.0,0.0,0.0,0.0,1.0,0.0,0.0,0.0,9.0,4.0,0.0,0.0,0.0,0.0,0.0,0.0,0.0,0.0,2.0,12.0,1.0,12.18,5.01,2.51,1.49,0.0,0.0,0.0,361.3,0.0,0.3,0.6000000000000001,2.3000000000000003,-169.70000000000002,0.0,0.0,169.8,0.0,21.3,28.9,28.9,30.9,300.0,300.0,31.700000000000003,35.800000000000004,28.8,28.1,29.9,4.96,1.99,4.96,0.16,0.0,0.0,1027.0,8228.0,0.0,0.0,0.0,0.0,0.0,1.0,0.0,0.0,0.0,0.0,0.0,2.4000000000000004,0.0,-1.9,0.0,0.0,16.0,25903.0
2026-07-30T19:03:17.330Z,366.813,366.828,0.0,7.4,0.0,0.0,0.0,0.0,0.0,0.0,0.0,0.0,1.0,0.0,0.0,0.0,9.0,4.0,0.0,0.0,0.0,0.0,0.0,0.0,0.0,0.0,3.0,12.0,1.0,12.18,5.01,2.51,1.49,0.0,0.0,0.0,361.3,0.0,0.3,-0.5,0.5,-169.70000000000002,0.0,0.0,169.70000000000002,0.0,21.3,28.9,28.9,30.9,300.0,300.0,31.700000000000003,35.800000000000004,28.8,28.1,29.9,4.95,1.99,4.96,0.16,0.0,0.0,1027.0,8228.0,0.0,0.0,0.0,0.0,0.0,1.0,0.0,0.0,0.0,0.0,0.0,-0.1,0.0,-0.6000000000000001,0.0,0.0,16.0,25903.0
2026-07-30T19:03:17.342Z,366.825,366.84,0.0,7.4,0.0,0.0,0.0,0.0,0.0,0.0,0.0,0.0,1.0,0.0,0.0,0.0,9.0,4.0,0.0,0.0,0.0,0.0,0.0,0.0,0.0,0.0,5.0,12.0,1.0,12.18,5.01,2.51,1.49,0.0,0.0,0.0,361.4,0.0,-0.2,0.0,0.5,-169.70000000000002,0.0,0.0,169.8,0.0,21.3,28.9,28.9,30.9,300.0,300.0,31.700000000000003,35.800000000000004,28.8,28.1,29.9,4.95,1.99,4.97,0.16,0.0,0.0,1027.0,8228.0,0.0,0.0,0.0,0.0,0.0,1.0,0.0,0.0,0.0,0.0,0.0,0.3,0.0,-0.4,0.0,0.0,16.0,25903.0
2026-07-30T19:03:17.354Z,366.837,366.852,0.0,7.4,0.0,0.0,0.0,0.0,0.0,0.0,0.0,0.0,1.0,0.0,0.0,0.0,9.0,4.0,0.0,0.0,0.0,0.0,0.0,0.0,0.0,0.0,6.0,12.0,1.0,12.18,5.01,2.51,1.49,0.0,0.0,0.0,361.4,0.0,0.2,0.6000000000000001,0.5,-169.70000000000002,0.0,0.0,169.70000000000002,0.0,21.3,28.9,28.9,30.9,300.0,300.0,31.700000000000003,35.800000000000004,28.8,28.1,29.9,4.95,1.99,4.96,0.16,0.0,0.0,1027.0,8228.0,0.0,0.0,0.0,0.0,0.0,1.0,0.0,0.0,0.0,0.0,0.0,0.0,0.0,0.0,0.0,0.0,16.0,25903.0
2026-07-30T19:03:17.365Z,366.848,366.864,0.0,7.4,0.0,0.0,0.0,0.0,0.0,0.0,0.0,0.0,1.0,0.0,0.0,0.0,9.0,4.0,0.0,0.0,0.0,0.0,0.0,0.0,0.0,0.0,1.0,12.0,1.0,12.18,5.01,2.51,1.49,0.0,0.0,0.0,361.3,0.0,-0.2,0.5,1.0,-169.70000000000002,0.0,0.0,169.70000000000002,0.0,21.3,28.9,28.9,30.9,300.0,300.0,31.700000000000003,35.800000000000004,28.8,28.1,29.9,4.95,1.99,4.97,0.16,0.0,0.0,1027.0,8228.0,0.0,0.0,0.0,0.0,0.0,1.0,0.0,0.0,0.0,0.0,0.0,1.4,0.0,-0.8,0.0,0.0,16.0,25903.0
2026-07-30T19:03:17.379Z,366.862,366.876,0.0,7.4,0.0,0.0,0.0,0.0,0.0,0.0,0.0,0.0,1.0,0.0,0.0,0.0,9.0,4.0,0.0,0.0,0.0,0.0,0.0,0.0,0.0,0.0,2.0,12.0,1.0,12.2,5.0200000000000005,2.5,1.49,0.0,0.0,0.0,361.3,0.0,-0.2,-0.6000000000000001,-0.7000000000000001,-169.70000000000002,0.0,0.0,169.70000000000002,0.0,21.8,28.9,28.9,30.9,300.0,300.0,31.700000000000003,35.800000000000004,28.8,28.0,29.9,4.95,2.0,4.97,0.16,0.0,0.0,1027.0,8228.0,0.0,0.0,0.0,0.0,0.0,1.0,0.0,0.0,0.0,0.0,0.0,-1.2000000000000002,0.0,0.5,0.0,0.0,16.0,25903.0
2026-07-30T19:03:17.389Z,366.872,366.888,0.0,7.4,0.0,0.0,0.0,0.0,0.0,0.0,0.0,0.0,1.0,0.0,0.0,0.0,9.0,4.0,0.0,0.0,0.0,0.0,0.0,0.0,0.0,0.0,4.0,12.0,1.0,12.2,5.0200000000000005,2.5,1.49,0.0,0.0,0.0,361.4,0.0,0.9,0.0,-0.1,-169.70000000000002,0.0,0.0,169.60000000000002,0.0,21.8,28.9,28.9,30.9,300.0,300.0,31.700000000000003,35.800000000000004,28.8,28.0,29.9,4.96,2.0,4.96,0.16,0.0,0.0,1027.0,8228.0,0.0,0.0,0.0,0.0,0.0,1.0,0.0,0.0,0.0,0.0,0.0,-0.9,0.0,-0.6000000000000001,0.0,0.0,16.0,25903.0
2026-07-30T19:03:17.401Z,366.884,366.9,0.0,7.4,0.0,0.0,0.0,0.0,0.0,0.0,0.0,0.0,1.0,0.0,0.0,0.0,9.0,4.0,0.0,0.0,0.0,0.0,0.0,0.0,0.0,0.0,5.0,12.0,1.0,12.2,5.0200000000000005,2.5,1.49,0.0,0.0,0.0,361.4,0.0,0.2,0.0,0.4,-169.70000000000002,0.0,0.0,169.70000000000002,0.0,21.8,28.9,28.9,30.9,300.0,300.0,31.700000000000003,35.800000000000004,28.8,28.0,29.9,4.95,1.99,4.96,0.16,0.0,0.0,1027.0,8228.0,0.0,0.0,0.0,0.0,0.0,1.0,0.0,0.0,0.0,0.0,0.0,-1.3,0.0,-0.1,0.0,0.0,16.0,25903.0
2026-07-30T19:03:17.414Z,366.897,366.912,0.0,7.4,0.0,0.0,0.0,0.0,0.0,0.0,0.0,0.0,1.0,0.0,0.0,0.0,9.0,4.0,0.0,0.0,0.0,0.0,0.0,0.0,0.0,0.0,6.0,12.0,1.0,12.2,5.0200000000000005,2.5,1.49,0.0,0.1,0.0,361.4,0.0,-0.9,1.1,0.9,-169.70000000000002,0.0,0.0,169.70000000000002,0.0,21.8,28.9,28.9,30.9,300.0,300.0,31.700000000000003,35.800000000000004,28.8,28.0,29.9,4.95,1.99,4.97,0.16,0.0,0.0,1027.0,8228.0,0.0,0.0,0.0,0.0,0.0,1.0,0.0,0.0,0.0,0.0,0.0,1.5,0.0,-0.1,0.0,0.0,16.0,25903.0
2026-07-30T19:03:17.426Z,366.909,366.924,0.0,7.4,0.0,0.0,0.0,0.0,0.0,0.0,0.0,0.0,1.0,0.0,0.0,0.0,9.0,4.0,0.0,0.0,0.0,0.0,0.0,0.0,0.0,0.0,2.0,12.0,1.0,12.2,5.0200000000000005,2.5,1.49,0.0,0.0,0.0,361.4,0.0,0.8,1.0,2.1,-169.70000000000002,0.0,0.0,169.70000000000002,0.0,21.8,28.9,28.9,30.9,300.0,300.0,31.700000000000003,35.800000000000004,28.8,28.0,29.9,4.95,2.0,4.97,0.16,0.0,0.0,1027.0,8228.0,0.0,0.0,0.0,0.0,0.0,1.0,0.0,0.0,0.0,0.0,0.0,2.8000000000000003,0.0,-1.6,0.0,0.0,16.0,25903.0
2026-07-30T19:03:17.438Z,366.921,366.936,0.0,7.4,0.0,0.0,0.0,0.0,0.0,0.0,0.0,0.0,1.0,0.0,0.0,0.0,9.0,4.0,0.0,0.0,0.0,0.0,0.0,0.0,0.0,0.0,3.0,12.0,1.0,12.2,5.0200000000000005,2.5,1.49,0.0,0.0,0.0,361.3,0.0,-0.9,-1.2000000000000002,-1.3,-169.70000000000002,0.0,0.0,169.70000000000002,0.0,21.8,28.9,28.9,30.9,300.0,300.0,31.700000000000003,35.800000000000004,28.8,28.0,29.9,4.96,2.0,4.96,0.16,0.0,0.0,1027.0,8228.0,0.0,0.0,0.0,0.0,0.0,1.0,0.0,0.0,0.0,0.0,0.0,-2.4000000000000004,0.0,0.9,0.0,0.0,16.0,25903.0
2026-07-30T19:03:17.449Z,366.932,366.948,0.0,7.4,0.0,0.0,0.0,0.0,0.0,0.0,0.0,0.0,1.0,0.0,0.0,0.0,9.0,4.0,0.0,0.0,0.0,0.0,0.0,0.0,0.0,0.0,5.0,12.0,1.0,12.2,5.0200000000000005,2.5,1.49,0.0,0.0,0.0,361.4,0.0,-0.2,-1.1,-0.2,-169.70000000000002,0.0,0.0,169.70000000000002,0.0,21.8,28.9,28.9,30.9,300.0,300.0,31.700000000000003,35.800000000000004,28.8,28.0,29.9,4.95,1.99,4.97,0.16,0.0,0.0,1027.0,8228.0,0.0,0.0,0.0,0.0,0.0,1.0,0.0,0.0,0.0,0.0,0.0,-1.4,0.0,0.0,0.0,0.0,16.0,25903.0
2026-07-30T19:03:17.461Z,366.944,366.96,0.0,7.4,0.0,0.0,0.0,0.0,0.0,0.0,0.0,0.0,1.0,0.0,0.0,0.0,9.0,4.0,0.0,0.0,0.0,0.0,0.0,0.0,0.0,0.0,6.0,12.0,1.0,12.2,5.0200000000000005,2.5,1.49,0.0,0.0,0.0,361.4,0.0,-0.2,0.5,2.6,-169.70000000000002,0.0,0.0,169.8,0.0,21.8,28.9,28.9,30.9,300.0,300.0,31.700000000000003,35.800000000000004,28.8,28.0,29.9,4.95,1.99,4.96,0.16,0.0,0.0,1027.0,8228.0,0.0,0.0,0.0,0.0,0.0,1.0,0.0,0.0,0.0,0.0,0.0,2.6,0.0,-2.2,0.0,0.0,16.0,25903.0
2026-07-30T19:03:17.474Z,366.957,366.972,0.0,7.4,0.0,0.0,0.0,0.0,0.0,0.0,0.0,0.0,1.0,0.0,0.0,0.0,9.0,4.0,0.0,0.0,0.0,0.0,0.0,0.0,0.0,0.0,1.0,12.0,1.0,12.2,5.0200000000000005,2.5,1.49,0.0,0.0,0.0,361.4,0.0,0.3,0.5,0.9,-169.70000000000002,0.0,0.0,169.60000000000002,0.0,21.8,28.9,28.9,30.9,300.0,300.0,31.700000000000003,35.800000000000004,28.8,28.0,29.9,4.96,1.99,4.96,0.16,0.0,0.0,1027.0,8228.0,0.0,0.0,0.0,0.0,0.0,1.0,0.0,0.0,0.0,0.0,0.0,1.3,0.0,-0.7000000000000001,0.0,0.0,16.0,25903.0
2026-07-30T19:03:17.486Z,366.969,366.984,0.0,7.4,0.0,0.0,0.0,0.0,0.0,0.0,0.0,0.0,1.0,0.0,0.0,0.0,9.0,4.0,0.0,0.0,0.0,0.0,0.0,0.0,0.0,0.0,2.0,12.0,1.0,12.15,5.0200000000000005,2.51,1.49,0.0,0.0,0.0,361.3,0.0,-1.4,0.0,0.3,-169.70000000000002,0.0,0.0,169.70000000000002,0.0,21.700000000000003,28.9,28.9,30.9,300.0,300.0,31.8,35.800000000000004,28.9,28.0,29.9,4.95,1.99,4.97,0.16,0.0,0.0,1027.0,8228.0,0.0,0.0,0.0,0.0,0.0,1.0,0.0,0.0,0.0,0.0,0.0,0.3,0.0,-0.3,0.0,0.0,16.0,25903.0
2026-07-30T19:03:17.498Z,366.981,366.996,0.0,7.4,0.0,0.0,0.0,0.0,0.0,0.0,0.0,0.0,1.0,0.0,0.0,0.0,9.0,4.0,0.0,0.0,0.0,0.0,0.0,0.0,0.0,0.0,4.0,12.0,1.0,12.15,5.0200000000000005,2.51,1.49,0.0,0.0,0.0,361.4,0.0,0.9,0.0,-0.8,-169.70000000000002,0.0,0.0,169.60000000000002,0.0,21.700000000000003,28.9,28.9,30.9,300.0,300.0,31.8,35.800000000000004,28.9,28.0,29.9,4.95,1.99,4.97,0.16,0.0,0.0,1027.0,8228.0,0.0,0.0,0.0,0.0,0.0,1.0,0.0,0.0,0.0,0.0,0.0,-0.5,0.0,0.7000000000000001,0.0,0.0,16.0,25903.0
2026-07-30T19:03:17.509Z,366.992,367.008,0.0,7.4,0.0,0.0,0.0,0.0,0.0,0.0,0.0,0.0,1.0,0.0,0.0,0.0,9.0,4.0,0.0,0.0,0.0,0.0,0.0,0.0,0.0,0.0,5.0,12.0,1.0,12.15,5.0200000000000005,2.51,1.49,0.0,0.0,0.0,361.4,0.0,-0.8,0.6000000000000001,0.3,-169.70000000000002,0.0,0.0,169.60000000000002,0.0,21.700000000000003,28.9,28.9,30.9,300.0,300.0,31.8,35.800000000000004,28.9,28.0,29.9,4.95,1.99,4.96,0.16,0.0,0.0,1027.0,8228.0,0.0,0.0,0.0,0.0,0.0,1.0,0.0,0.0,0.0,0.0,0.0,1.0,0.0,-0.1,0.0,0.0,16.0,25903.0
2026-07-30T19:03:17.522Z,367.005,367.02,0.0,7.4,0.0,0.0,0.0,0.0,0.0,0.0,0.0,0.0,1.0,0.0,0.0,0.0,9.0,4.0,0.0,0.0,0.0,0.0,0.0,0.0,0.0,0.0,6.0,12.0,1.0,12.15,5.0200000000000005,2.51,1.49,0.0,0.1,0.0,361.3,0.0,-0.2,0.6000000000000001,0.3,-169.70000000000002,0.0,0.0,169.70000000000002,0.0,21.700000000000003,28.9,28.9,30.9,300.0,300.0,31.8,35.800000000000004,28.9,28.0,29.9,4.96,1.99,4.96,0.16,0.0,0.0,1027.0,8228.0,0.0,0.0,0.0,0.0,0.0,1.0,0.0,0.0,0.0,0.0,0.0,0.9,0.0,-0.1,0.0,0.0,16.0,25903.0
2026-07-30T19:03:17.533Z,367.016,367.032,0.0,7.4,0.0,0.0,0.0,0.0,0.0,0.0,0.0,0.0,1.0,0.0,0.0,0.0,9.0,4.0,0.0,0.0,0.0,0.0,0.0,0.0,0.0,0.0,2.0,12.0,1.0,12.15,5.0200000000000005,2.51,1.49,0.0,0.0,0.0,361.3,0.0,-0.2,-0.4,0.9,-169.70000000000002,0.0,0.0,169.70000000000002,0.0,21.700000000000003,28.9,28.9,30.9,300.0,300.0,31.8,35.800000000000004,28.9,28.0,29.9,4.95,1.99,4.97,0.16,0.0,0.0,1027.0,8228.0,0.0,0.0,0.0,0.0,0.0,1.0,0.0,0.0,0.0,0.0,0.0,0.1,0.0,-0.9,0.0,0.0,16.0,25903.0
2026-07-30T19:03:17.546Z,367.029,367.044,0.0,7.4,0.0,0.0,0.0,0.0,0.0,0.0,0.0,0.0,1.0,0.0,0.0,0.0,9.0,4.0,0.0,0.0,0.0,0.0,0.0,0.0,0.0,0.0,3.0,12.0,1.0,12.15,5.0200000000000005,2.51,1.49,0.0,0.1,0.0,361.4,0.0,0.3,-0.4,0.3,-169.70000000000002,0.0,0.0,169.70000000000002,0.0,21.700000000000003,28.9,28.9,30.9,300.0,300.0,31.8,35.800000000000004,28.9,28.0,29.9,4.96,1.99,4.96,0.16,0.0,0.0,1027.0,8228.0,0.0,0.0,0.0,0.0,0.0,1.0,0.0,0.0,0.0,0.0,0.0,-0.1,0.0,-0.4,0.0,0.0,16.0,25903.0
2026-07-30T19:03:17.557Z,367.04,367.056,0.0,7.4,0.0,0.0,0.0,0.0,0.0,0.0,0.0,0.0,1.0,0.0,0.0,0.0,9.0,4.0,0.0,0.0,0.0,0.0,0.0,0.0,0.0,0.0,5.0,12.0,1.0,12.15,5.0200000000000005,2.51,1.49,0.0,0.0,0.0,361.4,0.0,0.3,0.1,-1.3,-169.70000000000002,0.0,0.0,169.8,0.0,21.700000000000003,28.9,28.9,30.9,300.0,300.0,31.8,35.800000000000004,28.9,28.0,29.9,4.96,1.99,4.96,0.16,0.0,0.0,1027.0,8228.0,0.0,0.0,0.0,0.0,0.0,1.0,0.0,0.0,0.0,0.0,0.0,-0.8,0.0,1.2000000000000002,0.0,0.0,16.0,25903.0
2026-07-30T19:03:17.570Z,367.053,367.068,0.0,7.4,0.0,0.0,0.0,0.0,0.0,0.0,0.0,0.0,1.0,0.0,0.0,0.0,9.0,4.0,0.0,0.0,0.0,0.0,0.0,0.0,0.0,0.0,6.0,12.0,1.0,12.15,5.0200000000000005,2.51,1.49,0.0,0.0,0.0,361.3,0.0,0.3,0.7000000000000001,-0.1,-169.70000000000002,0.0,0.0,169.70000000000002,0.0,21.700000000000003,28.9,28.9,30.9,300.0,300.0,31.8,35.800000000000004,28.9,28.0,29.9,4.95,1.99,4.96,0.16,0.0,0.0,1027.0,8228.0,0.0,0.0,0.0,0.0,0.0,1.0,0.0,0.0,0.0,0.0,0.0,0.7000000000000001,0.0,0.2,0.0,0.0,16.0,25903.0
2026-07-30T19:03:17.583Z,367.066,367.08,0.0,7.4,0.0,0.0,0.0,0.0,0.0,0.0,0.0,0.0,1.0,0.0,0.0,0.0,9.0,4.0,0.0,0.0,0.0,0.0,0.0,0.0,0.0,0.0,1.0,12.0,1.0,12.17,5.01,2.51,1.49,0.0,0.0,0.0,361.3,0.0,-0.2,0.1,-0.1,-169.70000000000002,0.0,0.0,169.8,0.0,21.3,28.9,28.9,30.9,300.0,300.0,31.700000000000003,35.800000000000004,28.9,28.0,29.9,4.95,1.99,4.97,0.17,0.0,0.0,1027.0,8228.0,0.0,0.0,0.0,0.0,0.0,1.0,0.0,0.0,0.0,0.0,0.0,0.0,0.0,0.1,0.0,0.0,16.0,25903.0
2026-07-30T19:03:17.593Z,367.076,367.092,0.0,7.4,0.0,0.0,0.0,0.0,0.0,0.0,0.0,0.0,1.0,0.0,0.0,0.0,9.0,4.0,0.0,0.0,0.0,0.0,0.0,0.0,0.0,0.0,3.0,12.0,1.0,12.17,5.01,2.51,1.49,0.0,0.0,0.0,361.4,0.0,-0.2,0.1,-1.3,-169.70000000000002,0.0,0.0,169.60000000000002,0.0,21.3,28.9,28.9,30.9,300.0,300.0,31.700000000000003,35.800000000000004,28.9,28.0,29.9,4.96,2.0,4.96,0.17,0.0,0.0,1027.0,8228.0,0.0,0.0,0.0,0.0,0.0,1.0,0.0,0.0,0.0,0.0,0.0,-0.8,0.0,1.2000000000000002,0.0,0.0,16.0,25903.0
2026-07-30T19:03:17.606Z,367.089,367.104,0.0,7.4,0.0,0.0,0.0,0.0,0.0,0.0,0.0,0.0,1.0,0.0,0.0,0.0,9.0,4.0,0.0,0.0,0.0,0.0,0.0,0.0,0.0,0.0,4.0,12.0,1.0,12.17,5.01,2.51,1.49,0.0,0.0,0.0,361.3,0.0,-0.8,0.1,-0.1,-169.70000000000002,0.0,0.0,169.70000000000002,0.0,21.3,28.9,28.9,30.9,300.0,300.0,31.700000000000003,35.800000000000004,28.9,28.0,29.9,4.96,1.99,4.97,0.16,0.0,0.0,1027.0,8228.0,0.0,0.0,0.0,0.0,0.0,1.0,0.0,0.0,0.0,0.0,0.0,0.0,0.0,0.1,0.0,0.0,16.0,25903.0
2026-07-30T19:03:17.618Z,367.101,367.116,0.0,7.4,0.0,0.0,0.0,0.0,0.0,0.0,0.0,0.0,1.0,0.0,0.0,0.0,9.0,4.0,0.0,0.0,0.0,0.0,0.0,0.0,0.0,0.0,5.0,12.0,1.0,12.17,5.01,2.51,1.49,0.0,0.0,0.0,361.3,0.0,-0.3,1.2000000000000002,0.3,-169.70000000000002,0.0,0.0,169.8,0.0,21.3,28.9,28.9,30.9,300.0,300.0,31.700000000000003,35.800000000000004,28.9,28.0,29.9,4.95,1.99,4.97,0.16,0.0,0.0,1027.0,8228.0,0.0,0.0,0.0,0.0,0.0,1.0,0.0,0.0,0.0,0.0,0.0,1.7000000000000002,0.0,0.0,0.0,0.0,16.0,25903.0
2026-07-30T19:03:17.629Z,367.112,367.128,0.0,7.4,0.0,0.0,0.0,0.0,0.0,0.0,0.0,0.0,1.0,0.0,0.0,0.0,9.0,4.0,0.0,0.0,0.0,0.0,0.0,0.0,0.0,0.0,1.0,12.0,1.0,12.17,5.01,2.51,1.49,0.0,0.0,0.0,361.3,0.0,0.2,1.3,-0.1,-169.70000000000002,0.0,0.0,169.70000000000002,0.0,21.3,28.9,28.9,30.9,300.0,300.0,31.700000000000003,35.800000000000004,28.9,28.0,29.9,4.96,1.99,4.96,0.16,0.0,0.0,1027.0,8228.0,0.0,0.0,0.0,0.0,0.0,1.0,0.0,0.0,0.0,0.0,0.0,1.4,0.0,0.4,0.0,0.0,16.0,25903.0
2026-07-30T19:03:17.642Z,367.125,367.14,0.0,7.4,0.0,0.0,0.0,0.0,0.0,0.0,0.0,0.0,1.0,0.0,0.0,0.0,9.0,4.0,0.0,0.0,0.0,0.0,0.0,0.0,0.0,0.0,2.0,12.0,1.0,12.17,5.01,2.51,1.49,0.0,0.0,0.0,361.3,0.0,-0.8,-0.3,0.4,-169.70000000000002,0.0,0.0,169.8,0.0,21.3,28.9,28.9,30.9,300.0,300.0,31.700000000000003,35.800000000000004,28.9,28.0,29.9,4.95,1.99,4.96,0.16,0.0,0.0,1027.0,8228.0,0.0,0.0,0.0,0.0,0.0,1.0,0.0,0.0,0.0,0.0,0.0,-0.1,0.0,-0.4,0.0,0.0,16.0,25903.0
2026-07-30T19:03:17.654Z,367.137,367.152,0.0,7.4,0.0,0.0,0.0,0.0,0.0,0.0,0.0,0.0,1.0,0.0,0.0,0.0,9.0,4.0,0.0,0.0,0.0,0.0,0.0,0.0,0.0,0.0,3.0,12.0,1.0,12.17,5.01,2.51,1.49,0.0,0.0,0.0,361.4,0.0,-0.2,0.1,-0.7000000000000001,-169.70000000000002,0.0,0.0,169.70000000000002,0.0,21.3,28.9,28.9,30.9,300.0,300.0,31.700000000000003,35.800000000000004,28.9,28.0,29.9,4.95,1.99,4.97,0.16,0.0,0.0,1027.0,8228.0,0.0,0.0,0.0,0.0,0.0,1.0,0.0,0.0,0.0,0.0,0.0,-0.3,0.0,0.6000000000000001,0.0,0.0,16.0,25903.0
2026-07-30T19:03:17.666Z,367.149,367.164,0.0,7.4,0.0,0.0,0.0,0.0,0.0,0.0,0.0,0.0,1.0,0.0,0.0,0.0,9.0,4.0,0.0,0.0,0.0,0.0,0.0,0.0,0.0,0.0,4.0,12.0,1.0,12.17,5.01,2.51,1.49,0.0,0.0,0.0,361.3,0.0,1.5,0.8,-0.1,-169.70000000000002,0.0,0.0,169.60000000000002,0.0,21.3,28.9,28.9,30.9,300.0,300.0,31.700000000000003,35.800000000000004,28.9,28.0,29.9,4.95,2.0,4.97,0.16,0.0,0.0,1027.0,8228.0,0.0,0.0,0.0,0.0,0.0,1.0,0.0,0.0,0.0,0.0,0.0,0.8,0.0,0.2,0.0,0.0,16.0,25903.0
2026-07-30T19:03:17.678Z,367.161,367.176,0.0,7.4,0.0,0.0,0.0,0.0,0.0,0.0,0.0,0.0,1.0,0.0,0.0,0.0,9.0,4.0,0.0,0.0,0.0,0.0,0.0,0.0,0.0,0.0,6.0,12.0,1.0,12.17,5.01,2.51,1.49,0.0,0.1,0.0,361.4,0.0,-0.2,0.1,-0.7000000000000001,-169.70000000000002,0.0,0.0,169.70000000000002,0.0,21.3,28.9,28.9,30.9,300.0,300.0,31.700000000000003,35.800000000000004,28.9,28.0,29.9,4.96,2.0,4.96,0.16,0.0,0.0,1027.0,8228.0,0.0,0.0,0.0,0.0,0.0,1.0,0.0,0.0,0.0,0.0,0.0,-0.3,0.0,0.6000000000000001,0.0,0.0,16.0,25903.0
2026-07-30T19:03:17.689Z,367.172,367.188,0.0,7.4,0.0,0.0,0.0,0.0,0.0,0.0,0.0,0.0,1.0,0.0,0.0,0.0,9.0,4.0,0.0,0.0,0.0,0.0,0.0,0.0,0.0,0.0,1.0,12.0,1.0,12.15,5.0200000000000005,2.51,1.49,0.0,0.0,0.0,361.3,0.0,-0.2,-1.5,-0.6000000000000001,-169.70000000000002,0.0,0.0,169.70000000000002,0.0,21.8,28.9,28.9,30.9,300.0,300.0,31.6,35.800000000000004,28.9,28.0,29.9,4.95,2.0,4.97,0.16,0.0,0.0,1027.0,8228.0,0.0,0.0,0.0,0.0,0.0,1.0,0.0,0.0,0.0,0.0,0.0,-2.2,0.0,0.2,0.0,0.0,16.0,25903.0
2026-07-30T19:03:17.702Z,367.185,367.2,0.0,7.4,0.0,0.0,0.0,0.0,0.0,0.0,0.0,0.0,1.0,0.0,0.0,0.0,9.0,4.0,0.0,0.0,0.0,0.0,0.0,0.0,0.0,0.0,2.0,12.0,1.0,12.15,5.0200000000000005,2.51,1.49,0.0,0.0,0.0,361.3,0.0,0.3,1.3,-0.1,-169.70000000000002,0.0,0.0,169.8,0.0,21.8,28.9,28.9,30.9,300.0,300.0,31.6,35.800000000000004,28.9,28.0,29.9,4.95,1.99,4.97,0.16,0.0,0.0,1027.0,8228.0,0.0,0.0,0.0,0.0,0.0,1.0,0.0,0.0,0.0,0.0,0.0,1.4,0.0,0.4,0.0,0.0,16.0,25903.0
2026-07-30T19:03:17.714Z,367.197,367.212,0.0,7.4,0.0,0.0,0.0,0.0,0.0,0.0,0.0,0.0,1.0,0.0,0.0,0.0,9.0,4.0,0.0,0.0,0.0,0.0,0.0,0.0,0.0,0.0,3.0,12.0,1.0,12.15,5.0200000000000005,2.51,1.49,0.0,0.0,0.0,361.4,0.0,0.3,0.7000000000000001,0.0,-169.70000000000002,0.0,0.0,169.60000000000002,0.0,21.8,28.9,28.9,30.9,300.0,300.0,31.6,35.800000000000004,28.9,28.0,29.9,4.96,1.99,4.97,0.16,0.0,0.0,1027.0,8228.0,0.0,0.0,0.0,0.0,0.0,1.0,0.0,0.0,0.0,0.0,0.0,0.8,0.0,0.2,0.0,0.0,16.0,25903.0
2026-07-30T19:03:17.726Z,367.209,367.224,0.0,7.4,0.0,0.0,0.0,0.0,0.0,0.0,0.0,0.0,1.0,0.0,0.0,0.0,9.0,4.0,0.0,0.0,0.0,0.0,0.0,0.0,0.0,0.0,5.0,12.0,1.0,12.15,5.0200000000000005,2.51,1.49,0.0,0.0,0.0,361.4,0.0,-0.7000000000000001,-0.3,-0.7000000000000001,-169.70000000000002,0.0,0.0,169.60000000000002,0.0,21.8,28.9,28.9,30.9,300.0,300.0,31.6,35.800000000000004,28.9,28.0,29.9,4.95,1.99,4.96,0.16,0.0,0.0,1027.0,8228.0,0.0,0.0,0.0,0.0,0.0,1.0,0.0,0.0,0.0,0.0,0.0,-0.9,0.0,0.5,0.0,0.0,16.0,25903.0
2026-07-30T19:03:17.738Z,367.221,367.236,0.0,7.4,0.0,0.0,0.0,0.0,0.0,0.0,0.0,0.0,1.0,0.0,0.0,0.0,9.0,4.0,0.0,0.0,0.0,0.0,0.0,0.0,0.0,0.0,6.0,12.0,1.0,12.15,5.0200000000000005,2.51,1.49,0.0,0.0,0.0,361.4,0.0,-0.2,0.7000000000000001,0.0,-169.70000000000002,0.0,0.0,169.70000000000002,0.0,21.8,28.9,28.9,30.9,300.0,300.0,31.6,35.800000000000004,28.9,28.0,29.9,4.95,1.99,4.97,0.16,0.0,0.0,1027.0,8228.0,0.0,0.0,0.0,0.0,0.0,1.0,0.0,0.0,0.0,0.0,0.0,0.8,0.0,0.2,0.0,0.0,16.0,25903.0
2026-07-30T19:03:17.749Z,367.232,367.248,0.0,7.4,0.0,0.0,0.0,0.0,0.0,0.0,0.0,0.0,1.0,0.0,0.0,0.0,9.0,4.0,0.0,0.0,0.0,0.0,0.0,0.0,0.0,0.0,1.0,12.0,1.0,12.15,5.0200000000000005,2.51,1.49,0.0,0.0,0.0,361.4,0.0,0.3,0.7000000000000001,-0.6000000000000001,-169.60000000000002,0.0,0.0,169.70000000000002,0.0,21.8,28.9,28.9,30.9,300.0,300.0,31.6,35.800000000000004,28.9,28.0,29.9,4.95,2.0,4.96,0.16,0.0,0.0,1027.0,8228.0,0.0,0.0,0.0,0.0,0.0,1.0,0.0,0.0,0.0,0.0,0.0,0.4,0.0,0.7000000000000001,0.0,0.0,16.0,25903.0
2026-07-30T19:03:17.762Z,367.245,367.26,0.0,7.4,0.0,0.0,0.0,0.0,0.0,0.0,0.0,0.0,1.0,0.0,0.0,0.0,9.0,4.0,0.0,0.0,0.0,0.0,0.0,0.0,0.0,0.0,2.0,12.0,1.0,12.15,5.0200000000000005,2.51,1.49,0.0,0.0,0.0,361.4,0.0,0.4,0.2,0.0,-169.60000000000002,0.0,0.0,169.70000000000002,0.0,21.8,28.9,28.9,30.9,300.0,300.0,31.6,35.800000000000004,28.9,28.0,29.9,4.96,1.99,4.96,0.16,0.0,0.0,1027.0,8228.0,0.0,0.0,0.0,0.0,0.0,1.0,0.0,0.0,0.0,0.0,0.0,0.2,0.0,0.0,0.0,0.0,16.0,25903.0
2026-07-30T19:03:17.774Z,367.257,367.272,0.0,7.4,0.0,0.0,0.0,0.0,0.0,0.0,0.0,0.0,1.0,0.0,0.0,0.0,9.0,4.0,0.0,0.0,0.0,0.0,0.0,0.0,0.0,0.0,3.0,12.0,1.0,12.15,5.0200000000000005,2.51,1.49,0.0,0.0,0.0,361.4,0.0,1.0,-0.4,1.1,-169.60000000000002,0.0,0.0,169.8,0.0,21.8,28.9,28.9,30.9,300.0,300.0,31.6,35.800000000000004,28.9,28.0,29.9,4.95,1.99,4.97,0.16,0.0,0.0,1027.0,8228.0,0.0,0.0,0.0,0.0,0.0,1.0,0.0,0.0,0.0,0.0,0.0,0.4,0.0,-1.1,0.0,0.0,16.0,25903.0
2026-07-30T19:03:17.787Z,367.27,367.284,0.0,7.4,0.0,0.0,0.0,0.0,0.0,0.0,0.0,0.0,1.0,0.0,0.0,0.0,9.0,4.0,0.0,0.0,0.0,0.0,0.0,0.0,0.0,0.0,4.0,12.0,1.0,12.18,5.01,2.5,1.49,0.0,0.0,0.0,361.4,0.0,0.4,0.7000000000000001,-0.5,-169.60000000000002,0.0,0.0,169.70000000000002,0.0,21.3,28.9,28.9,30.9,300.0,300.0,31.5,35.800000000000004,28.8,28.0,29.9,4.96,1.99,4.96,0.16,0.0,0.0,1027.0,8228.0,0.0,0.0,0.0,0.0,0.0,1.0,0.0,0.0,0.0,0.0,0.0,0.4,0.0,0.6000000000000001,0.0,0.0,16.0,25903.0
2026-07-30T19:03:17.798Z,367.281,367.296,0.0,7.4,0.0,0.0,0.0,0.0,0.0,0.0,0.0,0.0,1.0,0.0,0.0,0.0,9.0,4.0,0.0,0.0,0.0,0.0,0.0,0.0,0.0,0.0,6.0,12.0,1.0,12.18,5.01,2.5,1.49,0.0,0.0,0.0,361.3,0.0,0.4,0.1,-1.7000000000000002,-169.60000000000002,0.0,0.0,169.60000000000002,0.0,21.3,28.9,28.9,30.9,300.0,300.0,31.5,35.800000000000004,28.8,28.0,29.9,4.96,1.99,4.96,0.16,0.0,0.0,1027.0,8228.0,0.0,0.0,0.0,0.0,0.0,1.0,0.0,0.0,0.0,0.0,0.0,-1.0,0.0,1.5,0.0,0.0,16.0,25903.0
2026-07-30T19:03:17.810Z,367.293,367.308,0.0,7.4,0.0,0.0,0.0,0.0,0.0,0.0,0.0,0.0,1.0,0.0,0.0,0.0,9.0,4.0,0.0,0.0,0.0,0.0,0.0,0.0,0.0,0.0,1.0,12.0,1.0,12.18,5.01,2.5,1.49,0.0,0.0,0.0,361.3,0.0,1.0,0.8,0.6000000000000001,-169.60000000000002,0.0,0.0,169.60000000000002,0.0,21.3,28.9,28.9,30.9,300.0,300.0,31.5,35.800000000000004,28.8,28.0,29.9,4.95,1.99,4.96,0.16,0.0,0.0,1027.0,8228.0,0.0,0.0,0.0,0.0,0.0,1.0,0.0,0.0,0.0,0.0,0.0,1.3,0.0,-0.3,0.0,0.0,16.0,25903.0
2026-07-30T19:03:17.822Z,367.305,367.32,0.0,7.4,0.0,0.0,0.0,0.0,0.0,0.0,0.0,0.0,1.0,0.0,0.0,0.0,9.0,4.0,0.0,0.0,0.0,0.0,0.0,0.0,0.0,0.0,1.0,12.0,1.0,12.18,5.01,2.5,1.49,0.0,0.0,0.0,361.3,0.0,-0.1,0.8,0.6000000000000001,-169.60000000000002,0.0,0.0,169.70000000000002,0.0,21.3,28.9,28.9,30.9,300.0,300.0,31.5,35.800000000000004,28.8,28.0,29.9,4.95,1.99,4.97,0.16,0.0,0.0,1027.0,8228.0,0.0,0.0,0.0,0.0,0.0,1.0,0.0,0.0,0.0,0.0,0.0,1.4,0.0,-0.3,0.0,0.0,16.0,25903.0
2026-07-30T19:03:17.833Z,367.316,367.332,0.0,7.4,0.0,0.0,0.0,0.0,0.0,0.0,0.0,0.0,1.0,0.0,0.0,0.0,9.0,4.0,0.0,0.0,0.0,0.0,0.0,0.0,0.0,0.0,3.0,12.0,1.0,12.18,5.01,2.5,1.49,0.0,0.0,0.0,361.3,0.0,0.4,0.2,0.5,-169.60000000000002,0.0,0.0,169.60000000000002,0.0,21.3,28.9,28.9,30.9,300.0,300.0,31.5,35.800000000000004,28.8,28.0,29.9,4.95,1.99,4.96,0.16,0.0,0.0,1027.0,8228.0,0.0,0.0,0.0,0.0,0.0,1.0,0.0,0.0,0.0,0.0,0.0,0.6000000000000001,0.0,-0.4,0.0,0.0,16.0,25903.0
2026-07-30T19:03:17.845Z,367.328,367.344,0.0,7.4,0.0,0.0,0.0,0.0,0.0,0.0,0.0,0.0,1.0,0.0,0.0,0.0,9.0,4.0,0.0,0.0,0.0,0.0,0.0,0.0,0.0,0.0,4.0,12.0,1.0,12.18,5.01,2.5,1.49,0.0,0.0,0.0,361.3,0.0,0.4,0.7000000000000001,1.7000000000000002,-169.60000000000002,0.0,0.0,169.70000000000002,0.0,21.3,28.9,28.9,30.9,300.0,300.0,31.5,35.800000000000004,28.8,28.0,29.9,4.95,1.99,4.96,0.16,0.0,0.0,1027.0,8228.0,0.0,0.0,0.0,0.0,0.0,1.0,0.0,0.0,0.0,0.0,0.0,2.1,0.0,-1.3,0.0,0.0,16.0,25903.0
2026-07-30T19:03:17.858Z,367.341,367.356,0.0,7.4,0.0,0.0,0.0,0.0,0.0,0.0,0.0,0.0,1.0,0.0,0.0,0.0,9.0,4.0,0.0,0.0,0.0,0.0,0.0,0.0,0.0,0.0,5.0,12.0,1.0,12.18,5.01,2.5,1.49,0.0,0.0,0.0,361.4,0.0,-0.1,1.3,0.5,-169.60000000000002,0.0,0.0,169.8,0.0,21.3,28.9,28.9,30.9,300.0,300.0,31.5,35.800000000000004,28.8,28.0,29.9,4.96,1.99,4.96,0.16,0.0,0.0,1027.0,8228.0,0.0,0.0,0.0,0.0,0.0,1.0,0.0,0.0,0.0,0.0,0.0,-0.9,0.0,0.4,0.0,0.0,16.0,25903.0
2026-07-30T19:03:17.870Z,367.353,367.368,0.0,7.4,0.0,0.0,0.0,0.0,0.0,0.0,0.0,0.0,1.0,0.0,0.0,0.0,9.0,4.0,0.0,0.0,0.0,0.0,0.0,0.0,0.0,0.0,1.0,12.0,1.0,12.18,5.01,2.5,1.49,0.0,0.0,0.0,361.3,0.0,0.3,-0.4,0.0,-169.70000000000002,0.0,0.0,169.8,0.0,21.3,28.9,28.9,30.9,300.0,300.0,31.5,35.800000000000004,28.8,28.0,29.9,4.96,1.99,4.97,0.16,0.0,0.0,1027.0,8228.0,0.0,0.0,0.0,0.0,0.0,1.0,0.0,0.0,0.0,0.0,0.0,-0.5,0.0,0.0,0.0,0.0,16.0,25903.0
2026-07-30T19:03:17.882Z,367.365,367.38,0.0,7.4,0.0,0.0,0.0,0.0,0.0,0.0,0.0,0.0,1.0,0.0,0.0,0.0,9.0,4.0,0.0,0.0,0.0,0.0,0.0,0.0,0.0,0.0,1.0,12.0,1.0,12.18,5.01,2.5,1.49,0.0,0.0,0.0,361.3,0.0,0.3,-0.4,-0.1,-169.70000000000002,0.0,0.0,169.70000000000002,0.0,21.3,28.9,28.9,30.9,300.0,300.0,31.5,35.800000000000004,28.8,28.0,29.9,4.95,1.99,4.96,0.16,0.0,0.0,1027.0,8228.0,0.0,0.0,0.0,0.0,0.0,1.0,0.0,0.0,0.0,0.0,0.0,-0.6000000000000001,0.0,0.0,0.0,0.0,16.0,25903.0
2026-07-30T19:03:17.894Z,367.377,367.392,0.0,7.4,0.0,0.0,0.0,0.0,0.0,0.0,0.0,0.0,1.0,0.0,0.0,0.0,9.0,4.0,0.0,0.0,0.0,0.0,0.0,0.0,0.0,0.0,3.0,12.0,1.0,12.17,5.0,2.51,1.49,0.0,0.0,0.0,361.4,0.0,-0.2,-0.4,-0.1,-169.70000000000002,0.0,0.0,169.70000000000002,0.0,21.3,28.9,28.9,30.9,300.0,300.0,31.6,35.800000000000004,28.8,28.0,29.9,4.95,1.99,4.97,0.16,0.0,0.0,1027.0,8228.0,0.0,0.0,0.0,0.0,0.0,1.0,0.0,0.0,0.0,0.0,0.0,-0.6000000000000001,0.0,0.0,0.0,0.0,16.0,25903.0
2026-07-30T19:03:17.905Z,367.388,367.404,0.0,7.4,0.0,0.0,0.0,0.0,0.0,0.0,0.0,0.0,1.0,0.0,0.0,0.0,9.0,4.0,0.0,0.0,0.0,0.0,0.0,0.0,0.0,0.0,4.0,12.0,1.0,12.17,5.0,2.51,1.49,0.0,0.0,0.0,361.4,0.0,-0.8,0.0,0.4,-169.70000000000002,0.0,0.0,169.8,0.0,21.3,28.9,28.9,30.9,300.0,300.0,31.6,35.800000000000004,28.8,28.0,29.9,4.95,2.0,4.97,0.16,0.0,0.0,1027.0,8228.0,0.0,0.0,0.0,0.0,0.0,1.0,0.0,0.0,0.0,0.0,0.0,0.8,0.0,-0.8,0.0,0.0,16.0,25903.0
2026-07-30T19:03:17.917Z,367.4,367.416,0.0,7.4,0.0,0.0,0.0,0.0,0.0,0.0,0.0,0.0,1.0,0.0,0.0,0.0,9.0,4.0,0.0,0.0,0.0,0.0,0.0,0.0,0.0,0.0,5.0,12.0,1.0,12.17,5.0,2.51,1.49,0.0,0.0,0.0,361.4,0.0,-0.2,-1.0,0.3,-169.70000000000002,0.0,0.0,169.70000000000002,0.0,21.3,28.9,28.9,30.9,300.0,300.0,31.6,35.800000000000004,28.8,28.0,29.9,4.96,2.0,4.96,0.16,0.0,0.0,1027.0,8228.0,0.0,0.0,0.0,0.0,0.0,1.0,0.0,0.0,0.0,0.0,0.0,-0.9,0.0,-0.5,0.0,0.0,16.0,25903.0
2026-07-30T19:03:17.929Z,367.412,367.428,0.0,7.4,0.0,0.0,0.0,0.0,0.0,0.0,0.0,0.0,1.0,0.0,0.0,0.0,9.0,4.0,0.0,0.0,0.0,0.0,0.0,0.0,0.0,0.0,6.0,12.0,1.0,12.17,5.0,2.51,1.49,0.0,0.0,0.0,361.4,0.0,0.3,-0.4,-0.2,-169.70000000000002,0.0,0.0,169.8,0.0,21.3,28.9,28.9,30.9,300.0,300.0,31.6,35.800000000000004,28.8,28.0,29.9,4.95,1.99,4.97,0.16,0.0,0.0,1027.0,8228.0,0.0,0.0,0.0,0.0,0.0,1.0,0.0,0.0,0.0,0.0,0.0,-0.7000000000000001,0.0,0.1,0.0,0.0,16.0,25903.0
2026-07-30T19:03:17.942Z,367.425,367.44,0.0,7.4,0.0,0.0,0.0,0.0,0.0,0.0,0.0,0.0,1.0,0.0,0.0,0.0,9.0,4.0,0.0,0.0,0.0,0.0,0.0,0.0,0.0,0.0,1.0,12.0,1.0,12.17,5.0,2.51,1.49,0.0,0.0,0.0,361.3,0.0,0.3,-0.5,-0.8,-169.70000000000002,0.0,0.0,169.70000000000002,0.0,21.3,28.9,28.9,30.9,300.0,300.0,31.6,35.800000000000004,28.8,28.0,29.9,4.95,1.99,4.97,0.16,0.0,0.0,1027.0,8228.0,0.0,0.0,0.0,0.0,0.0,1.0,0.0,0.0,0.0,0.0,0.0,-1.2000000000000002,0.0,0.5,0.0,0.0,16.0,25903.0
2026-07-30T19:03:17.954Z,367.437,367.452,0.0,7.4,0.0,0.0,0.0,0.0,0.0,0.0,0.0,0.0,1.0,0.0,0.0,0.0,9.0,4.0,0.0,0.0,0.0,0.0,0.0,0.0,0.0,0.0,2.0,12.0,1.0,12.17,5.0,2.51,1.49,0.0,0.0,0.0,361.3,0.0,-0.2,0.0,-0.2,-169.70000000000002,0.0,0.0,169.8,0.0,21.3,28.9,28.9,30.9,300.0,300.0,31.6,35.800000000000004,28.8,28.0,29.9,4.96,2.0,4.97,0.16,0.0,0.0,1027.0,8228.0,0.0,0.0,0.0,0.0,0.0,1.0,0.0,0.0,0.0,0.0,0.0,-0.1,0.0,0.2,0.0,0.0,16.0,25903.0
2026-07-30T19:03:17.966Z,367.449,367.464,0.0,7.4,0.0,0.0,0.0,0.0,0.0,0.0,0.0,0.0,1.0,0.0,0.0,0.0,9.0,4.0,0.0,0.0,0.0,0.0,0.0,0.0,0.0,0.0,3.0,12.0,1.0,12.17,5.0,2.51,1.49,0.0,0.0,0.0,361.3,0.0,0.9,0.0,0.4,-169.70000000000002,0.0,0.0,169.70000000000002,0.0,21.3,28.9,28.9,30.9,300.0,300.0,31.6,35.800000000000004,28.8,28.0,29.9,4.96,2.0,4.96,0.16,0.0,0.0,1027.0,8228.0,0.0,0.0,0.0,0.0,0.0,1.0,0.0,0.0,0.0,0.0,0.0,0.3,0.0,-0.3,0.0,0.0,16.0,25903.0
2026-07-30T19:03:17.978Z,367.461,367.476,0.0,7.4,0.0,0.0,0.0,0.0,0.0,0.0,0.0,0.0,1.0,0.0,0.0,0.0,9.0,4.0,0.0,0.0,0.0,0.0,0.0,0.0,0.0,0.0,4.0,12.0,1.0,12.17,5.0,2.51,1.49,0.0,0.0,0.0,361.3,0.0,-0.2,0.6000000000000001,0.3,-169.70000000000002,0.0,0.0,169.70000000000002,0.0,21.3,28.9,28.9,30.9,300.0,300.0,31.6,35.800000000000004,28.8,28.0,29.9,4.95,1.99,4.97,0.16,0.0,0.0,1027.0,8228.0,0.0,0.0,0.0,0.0,0.0,1.0,0.0,0.0,0.0,0.0,0.0,0.9,0.0,-0.2,0.0,0.0,16.0,25903.0
2026-07-30T19:03:17.991Z,367.474,367.488,0.0,7.4,0.0,0.0,0.0,0.0,0.0,0.0,0.0,0.0,1.0,0.0,0.0,0.0,9.0,4.0,0.0,0.0,0.0,0.0,0.0,0.0,0.0,0.0,5.0,12.0,1.0,12.17,5.01,2.5,1.49,0.0,0.0,0.0,361.3,0.0,-0.8,0.0,-1.3,-169.70000000000002,0.0,0.0,169.8,0.0,21.700000000000003,28.9,28.9,30.9,300.0,300.0,31.700000000000003,35.800000000000004,28.9,28.0,29.9,4.95,1.99,4.96,0.16,0.0,0.0,1027.0,8228.0,0.0,0.0,0.0,0.0,0.0,1.0,0.0,0.0,0.0,0.0,0.0,-1.0,0.0,1.2000000000000002,0.0,0.0,16.0,25903.0
2026-07-30T19:03:18.001Z,367.484,367.5,0.0,7.4,0.0,0.0,0.0,0.0,0.0,0.0,0.0,0.0,1.0,0.0,0.0,0.0,9.0,4.0,0.0,0.0,0.0,0.0,0.0,0.0,0.0,0.0,1.0,12.0,1.0,12.17,5.01,2.5,1.49,0.0,0.0,0.0,361.3,0.0,-0.2,0.5,-0.8,-169.70000000000002,0.0,0.0,169.70000000000002,0.0,21.700000000000003,28.9,28.9,30.9,300.0,300.0,31.700000000000003,35.800000000000004,28.9,28.0,29.9,4.96,1.99,4.96,0.16,0.0,0.0,1027.0,8228.0,0.0,0.0,0.0,0.0,0.0,1.0,0.0,0.0,0.0,0.0,0.0,0.0,0.0,0.8,0.0,0.0,16.0,25903.0
2026-07-30T19:03:18.013Z,367.496,367.512,0.0,7.4,0.0,0.0,0.0,0.0,0.0,0.0,0.0,0.0,1.0,0.0,0.0,0.0,9.0,4.0,0.0,0.0,0.0,0.0,0.0,0.0,0.0,0.0,2.0,12.0,1.0,12.17,5.01,2.5,1.49,0.0,0.0,0.0,361.3,0.0,0.3,0.0,-0.2,-169.70000000000002,0.0,0.0,169.70000000000002,0.0,21.700000000000003,28.9,28.9,30.9,300.0,300.0,31.700000000000003,35.800000000000004,28.9,28.0,29.9,4.95,1.99,4.97,0.16,0.0,0.0,1027.0,8228.0,0.0,0.0,0.0,0.0,0.0,1.0,0.0,0.0,0.0,0.0,0.0,-0.2,0.0,0.2,0.0,0.0,16.0,25903.0
2026-07-30T19:03:18.025Z,367.508,367.524,0.0,7.4,0.0,0.0,0.0,0.0,0.0,0.0,0.0,0.0,1.0,0.0,0.0,0.0,9.0,4.0,0.0,0.0,0.0,0.0,0.0,0.0,0.0,0.0,3.0,12.0,1.0,12.17,5.01,2.5,1.49,0.0,0.0,0.0,361.4,0.0,0.3,-0.5,-0.8,-169.70000000000002,0.0,0.0,169.70000000000002,0.0,21.700000000000003,28.9,28.9,30.9,300.0,300.0,31.700000000000003,35.800000000000004,28.9,28.0,29.9,4.96,1.99,4.96,0.16,0.0,0.0,1027.0,8228.0,0.0,0.0,0.0,0.0,0.0,1.0,0.0,0.0,0.0,0.0,0.0,-1.2000000000000002,0.0,0.6000000000000001,0.0,0.0,16.0,25903.0
2026-07-30T19:03:18.038Z,367.521,367.536,0.0,7.4,0.0,0.0,0.0,0.0,0.0,0.0,0.0,0.0,1.0,0.0,0.0,0.0,9.0,4.0,0.0,0.0,0.0,0.0,0.0,0.0,0.0,0.0,4.0,12.0,1.0,12.17,5.01,2.5,1.49,0.0,0.0,0.0,361.3,0.0,0.3,0.6000000000000001,0.9,-169.70000000000002,0.0,0.0,169.70000000000002,0.0,21.700000000000003,28.9,28.9,30.9,300.0,300.0,31.700000000000003,35.800000000000004,28.9,28.0,29.9,4.96,1.99,4.96,0.16,0.0,0.0,1027.0,8228.0,0.0,0.0,0.0,0.0,0.0,1.0,0.0,0.0,0.0,0.0,0.0,1.3,0.0,-0.6000000000000001,0.0,0.0,16.0,25903.0
2026-07-30T19:03:18.050Z,367.533,367.548,0.0,7.4,0.0,0.0,0.0,0.0,0.0,0.0,0.0,0.0,1.0,0.0,0.0,0.0,9.0,4.0,0.0,0.0,0.0,0.0,0.0,0.0,0.0,0.0,5.0,12.0,1.0,12.17,5.01,2.5,1.49,0.0,0.0,0.0,361.3,0.0,0.2,0.6000000000000001,1.4,-169.70000000000002,0.0,0.0,169.8,0.0,21.700000000000003,28.9,28.9,30.9,300.0,300.0,31.700000000000003,35.800000000000004,28.9,28.0,29.9,4.96,1.99,4.96,0.16,0.0,0.0,1027.0,8228.0,0.0,0.0,0.0,0.0,0.0,1.0,0.0,0.0,0.0,0.0,0.0,1.7000000000000002,0.0,-1.1,0.0,0.0,16.0,25903.0
2026-07-30T19:03:18.062Z,367.545,367.56,0.0,7.4,0.0,0.0,0.0,0.0,0.0,0.0,0.0,0.0,1.0,0.0,0.0,0.0,9.0,4.0,0.0,0.0,0.0,0.0,0.0,0.0,0.0,0.0,6.0,12.0,1.0,12.17,5.01,2.5,1.49,0.0,0.0,0.0,361.4,0.0,0.2,0.5,0.2,-169.70000000000002,0.0,0.0,169.70000000000002,0.0,21.700000000000003,28.9,28.9,30.9,300.0,300.0,31.700000000000003,35.800000000000004,28.9,28.0,29.9,4.95,1.99,4.97,0.16,0.0,0.0,1027.0,8228.0,0.0,0.0,0.0,0.0,0.0,1.0,0.0,0.0,0.0,0.0,0.0,0.8,0.0,-0.1,0.0,0.0,16.0,25903.0
2026-07-30T19:03:18.074Z,367.557,367.572,0.0,7.4,0.0,0.0,0.0,0.0,0.0,0.0,0.0,0.0,1.0,0.0,0.0,0.0,9.0,4.0,0.0,0.0,0.0,0.0,0.0,0.0,0.0,0.0,1.0,12.0,1.0,12.17,5.01,2.5,1.49,0.0,0.0,0.0,361.4,0.0,-0.2,0.0,-0.2,-169.70000000000002,0.0,0.0,169.70000000000002,0.0,21.700000000000003,28.9,28.9,30.9,300.0,300.0,31.700000000000003,35.800000000000004,28.9,28.0,29.9,4.96,1.99,4.96,0.16,0.0,0.0,1027.0,8228.0,0.0,0.0,0.0,0.0,0.0,1.0,0.0,0.0,0.0,0.0,0.0,-0.1,0.0,0.2,0.0,0.0,16.0,25903.0
2026-07-30T19:03:18.086Z,367.569,367.584,0.0,7.4,0.0,0.0,0.0,0.0,0.0,0.0,0.0,0.0,1.0,0.0,0.0,0.0,9.0,4.0,0.0,0.0,0.0,0.0,0.0,0.0,0.0,0.0,3.0,12.0,1.0,12.17,5.01,2.5,1.49,0.0,0.0,0.0,361.3,0.0,0.2,0.6000000000000001,-0.8,-169.70000000000002,0.0,0.0,169.70000000000002,0.0,21.700000000000003,28.9,28.9,30.9,300.0,300.0,31.700000000000003,35.800000000000004,28.9,28.0,29.9,4.96,1.99,4.96,0.16,0.0,0.0,1027.0,8228.0,0.0,0.0,0.0,0.0,0.0,1.0,0.0,0.0,0.0,0.0,0.0,0.0,0.0,0.8,0.0,0.0,16.0,25903.0
2026-07-30T19:03:18.098Z,367.581,367.596,0.0,7.4,0.0,0.0,0.0,0.0,0.0,0.0,0.0,0.0,1.0,0.0,0.0,0.0,9.0,4.0,0.0,0.0,0.0,0.0,0.0,0.0,0.0,0.0,4.0,12.0,1.0,12.14,5.0200000000000005,2.5,1.49,0.0,0.1,0.0,361.3,0.0,-0.2,1.2000000000000002,0.9,-169.70000000000002,0.0,0.0,169.70000000000002,0.0,21.700000000000003,28.9,28.9,30.9,300.0,300.0,31.8,35.800000000000004,28.9,28.1,29.9,4.95,1.99,4.96,0.16,0.0,0.0,1027.0,8228.0,0.0,0.0,0.0,0.0,0.0,1.0,0.0,0.0,0.0,0.0,0.0,2.0,0.0,-0.5,0.0,0.0,16.0,25903.0
2026-07-30T19:03:18.109Z,367.592,367.608,0.0,7.4,0.0,0.0,0.0,0.0,0.0,0.0,0.0,0.0,1.0,0.0,0.0,0.0,9.0,4.0,0.0,0.0,0.0,0.0,0.0,0.0,0.0,0.0,5.0,12.0,1.0,12.14,5.0200000000000005,2.5,1.49,0.0,0.0,0.0,361.3,0.0,0.2,0.0,-0.2,-169.70000000000002,0.0,0.0,169.8,0.0,21.700000000000003,28.9,28.9,30.9,300.0,300.0,31.8,35.800000000000004,28.9,28.1,29.9,4.96,1.99,4.96,0.16,0.0,0.0,1027.0,8228.0,0.0,0.0,0.0,0.0,0.0,1.0,0.0,0.0,0.0,0.0,0.0,-0.1,0.0,0.2,0.0,0.0,16.0,25903.0
2026-07-30T19:03:18.121Z,367.604,367.62,0.0,7.4,0.0,0.0,0.0,0.0,0.0,0.0,0.0,0.0,1.0,0.0,0.0,0.0,9.0,4.0,0.0,0.0,0.0,0.0,0.0,0.0,0.0,0.0,6.0,12.0,1.0,12.14,5.0200000000000005,2.5,1.49,0.0,0.0,0.0,361.4,0.0,-0.3,-0.5,-0.8,-169.70000000000002,0.0,0.0,169.8,0.0,21.700000000000003,28.9,28.9,30.9,300.0,300.0,31.8,35.800000000000004,28.9,28.1,29.9,4.95,1.99,4.97,0.16,0.0,0.0,1027.0,8228.0,0.0,0.0,0.0,0.0,0.0,1.0,0.0,0.0,0.0,0.0,0.0,-1.1,0.0,0.5,0.0,0.0,16.0,25903.0
2026-07-30T19:03:18.134Z,367.617,367.632,0.0,7.4,0.0,0.0,0.0,0.0,0.0,0.0,0.0,0.0,1.0,0.0,0.0,0.0,9.0,4.0,0.0,0.0,0.0,0.0,0.0,0.0,0.0,0.0,1.0,12.0,1.0,12.14,5.0200000000000005,2.5,1.49,0.0,0.0,0.0,361.3,0.0,-0.3,0.0,0.3,-169.70000000000002,0.0,0.0,169.70000000000002,0.0,21.700000000000003,28.9,28.9,30.9,300.0,300.0,31.8,35.800000000000004,28.9,28.1,29.9,4.95,1.99,4.97,0.16,0.0,0.0,1027.0,8228.0,0.0,0.0,0.0,0.0,0.0,1.0,0.0,0.0,0.0,0.0,0.0,0.3,0.0,-0.2,0.0,0.0,16.0,25903.0
2026-07-30T19:03:18.146Z,367.629,367.644,0.0,7.4,0.0,0.0,0.0,0.0,0.0,0.0,0.0,0.0,1.0,0.0,0.0,0.0,9.0,4.0,0.0,0.0,0.0,0.0,0.0,0.0,0.0,0.0,2.0,12.0,1.0,12.14,5.0200000000000005,2.5,1.49,0.0,0.0,0.0,361.4,0.0,-0.2,-0.5,-1.3,-169.70000000000002,0.0,0.0,169.70000000000002,0.0,21.700000000000003,28.9,28.9,30.9,300.0,300.0,31.8,35.800000000000004,28.9,28.1,29.9,4.96,1.99,4.97,0.16,0.0,0.0,1027.0,8228.0,0.0,0.0,0.0,0.0,0.0,1.0,0.0,0.0,0.0,0.0,0.0,-1.6,0.0,1.1,0.0,0.0,16.0,25903.0
2026-07-30T19:03:18.158Z,367.641,367.656,0.0,7.4,0.0,0.0,0.0,0.0,0.0,0.0,0.0,0.0,1.0,0.0,0.0,0.0,9.0,4.0,0.0,0.0,0.0,0.0,0.0,0.0,0.0,0.0,3.0,12.0,1.0,12.14,5.0200000000000005,2.5,1.49,0.0,0.0,0.0,361.4,0.0,0.2,0.0,0.9,-169.70000000000002,0.0,0.0,169.70000000000002,0.0,21.700000000000003,28.9,28.9,30.9,300.0,300.0,31.8,35.800000000000004,28.9,28.1,29.9,4.96,1.99,4.97,0.16,0.0,0.0,1027.0,8228.0,0.0,0.0,0.0,0.0,0.0,1.0,0.0,0.0,0.0,0.0,0.0,0.7000000000000001,0.0,-0.8,0.0,0.0,16.0,25903.0
2026-07-30T19:03:18.170Z,367.653,367.668,0.0,7.4,0.0,0.0,0.0,0.0,0.0,0.0,0.0,0.0,1.0,0.0,0.0,0.0,9.0,4.0,0.0,0.0,0.0,0.0,0.0,0.0,0.0,0.0,5.0,12.0,1.0,12.14,5.0200000000000005,2.5,1.49,0.0,0.0,0.0,361.4,0.0,0.8,0.0,-0.2,-169.70000000000002,0.0,0.0,169.70000000000002,0.0,21.700000000000003,28.9,28.9,30.9,300.0,300.0,31.8,35.800000000000004,28.9,28.1,29.9,4.95,1.99,4.96,0.16,0.0,0.0,1027.0,8228.0,0.0,0.0,0.0,0.0,0.0,1.0,0.0,0.0,0.0,0.0,0.0,-0.1,0.0,0.2,0.0,0.0,16.0,25903.0
2026-07-30T19:03:18.181Z,367.664,367.68,0.0,7.4,0.0,0.0,0.0,0.0,0.0,0.0,0.0,0.0,1.0,0.0,0.0,0.0,9.0,4.0,0.0,0.0,0.0,0.0,0.0,0.0,0.0,0.0,6.0,12.0,1.0,12.14,5.0200000000000005,2.5,1.49,0.0,0.0,0.0,361.3,0.0,1.4,0.5,0.9,-169.70000000000002,0.0,0.0,169.70000000000002,0.0,21.700000000000003,28.9,28.9,30.9,300.0,300.0,31.8,35.800000000000004,28.9,28.1,29.9,4.95,1.99,4.97,0.16,0.0,0.0,1027.0,8228.0,0.0,0.0,0.0,0.0,0.0,1.0,0.0,0.0,0.0,0.0,0.0,1.3,0.0,-0.6000000000000001,0.0,0.0,16.0,25903.0
2026-07-30T19:03:18.194Z,367.677,367.692,0.0,7.4,0.0,0.0,0.0,0.0,0.0,0.0,0.0,0.0,1.0,0.0,0.0,0.0,9.0,4.0,0.0,0.0,0.0,0.0,0.0,0.0,0.0,0.0,1.0,12.0,1.0,12.17,5.01,2.51,1.49,0.0,0.0,0.0,361.3,0.0,0.2,0.0,-0.2,-169.70000000000002,0.0,0.0,169.70000000000002,0.0,21.700000000000003,28.9,28.9,30.9,300.0,300.0,31.8,35.800000000000004,28.8,28.1,29.9,4.96,1.99,4.97,0.16,0.0,0.0,1027.0,8228.0,0.0,0.0,0.0,0.0,0.0,1.0,0.0,0.0,0.0,0.0,0.0,-0.1,0.0,0.2,0.0,0.0,16.0,25903.0
2026-07-30T19:03:18.206Z,367.689,367.704,0.0,7.4,0.0,0.0,0.0,0.0,0.0,0.0,0.0,0.0,1.0,0.0,0.0,0.0,9.0,4.0,0.0,0.0,0.0,0.0,0.0,0.0,0.0,0.0,2.0,12.0,1.0,12.17,5.01,2.51,1.49,0.0,0.0,0.0,361.3,0.0,0.2,-0.5,0.3,-169.70000000000002,0.0,0.0,169.8,0.0,21.700000000000003,28.9,28.9,30.9,300.0,300.0,31.8,35.800000000000004,28.8,28.1,29.9,4.95,1.99,4.96,0.16,0.0,0.0,1027.0,8228.0,0.0,0.0,0.0,0.0,0.0,1.0,0.0,0.0,0.0,0.0,0.0,-0.3,0.0,-0.4,0.0,0.0,16.0,25903.0
2026-07-30T19:03:18.218Z,367.701,367.716,0.0,7.4,0.0,0.0,0.0,0.0,0.0,0.0,0.0,0.0,1.0,0.0,0.0,0.0,9.0,4.0,0.0,0.0,0.0,0.0,0.0,0.0,0.0,0.0,3.0,12.0,1.0,12.17,5.01,2.51,1.49,0.0,0.1,0.0,361.4,0.0,-0.3,0.6000000000000001,0.3,-169.70000000000002,0.0,0.0,169.8,0.0,21.700000000000003,28.9,28.9,30.9,300.0,300.0,31.8,35.800000000000004,28.8,28.1,29.9,4.96,2.0,4.97,0.16,0.0,0.0,1027.0,8228.0,0.0,0.0,0.0,0.0,0.0,1.0,0.0,0.0,0.0,0.0,0.0,1.0,0.0,-0.2,0.0,0.0,16.0,25903.0
2026-07-30T19:03:18.230Z,367.713,367.728,0.0,7.4,0.0,0.0,0.0,0.0,0.0,0.0,0.0,0.0,1.0,0.0,0.0,0.0,9.0,4.0,0.0,0.0,0.0,0.0,0.0,0.0,0.0,0.0,4.0,12.0,1.0,12.17,5.01,2.51,1.49,0.0,0.0,0.0,361.3,0.0,0.2,0.6000000000000001,-0.7000000000000001,-169.70000000000002,0.0,0.0,169.8,0.0,21.700000000000003,28.9,28.9,30.9,300.0,300.0,31.8,35.800000000000004,28.8,28.1,29.9,4.96,1.99,4.97,0.16,0.0,0.0,1027.0,8228.0,0.0,0.0,0.0,0.0,0.0,1.0,0.0,0.0,0.0,0.0,0.0,0.1,0.0,0.8,0.0,0.0,16.0,25903.0
2026-07-30T19:03:18.242Z,367.725,367.74,0.0,7.4,0.0,0.0,0.0,0.0,0.0,0.0,0.0,0.0,1.0,0.0,0.0,0.0,9.0,4.0,0.0,0.0,0.0,0.0,0.0,0.0,0.0,0.0,5.0,12.0,1.0,12.17,5.01,2.51,1.49,0.0,0.1,0.0,361.3,0.0,-0.8,0.6000000000000001,-0.7000000000000001,-169.70000000000002,0.0,0.0,169.70000000000002,0.0,21.700000000000003,28.9,28.9,30.9,300.0,300.0,31.8,35.800000000000004,28.8,28.1,29.9,4.96,1.99,4.97,0.16,0.0,0.0,1027.0,8228.0,0.0,0.0,0.0,0.0,0.0,1.0,0.0,0.0,0.0,0.0,0.0,0.2,0.0,0.7000000000000001,0.0,0.0,16.0,25903.0
2026-07-30T19:03:18.254Z,367.737,367.752,0.0,7.4,0.0,0.0,0.0,0.0,0.0,0.0,0.0,0.0,1.0,0.0,0.0,0.0,9.0,4.0,0.0,0.0,0.0,0.0,0.0,0.0,0.0,0.0,1.0,12.0,1.0,12.17,5.01,2.51,1.49,0.0,0.0,0.0,361.3,0.0,0.9,1.8,0.4,-169.70000000000002,0.0,0.0,169.70000000000002,0.0,21.700000000000003,28.9,28.9,30.9,300.0,300.0,31.8,35.800000000000004,28.8,28.1,29.9,4.95,1.99,4.97,0.16,0.0,0.0,1027.0,8228.0,0.0,0.0,0.0,0.0,0.0,1.0,0.0,0.0,0.0,0.0,0.0,2.5,0.0,0.0,0.0,0.0,16.0,25903.0
2026-07-30T19:03:18.265Z,367.748,367.764,0.0,7.4,0.0,0.0,0.0,0.0,0.0,0.0,0.0,0.0,1.0,0.0,0.0,0.0,9.0,4.0,0.0,0.0,0.0,0.0,0.0,0.0,0.0,0.0,2.0,12.0,1.0,12.17,5.01,2.51,1.49,0.0,0.0,0.0,361.3,0.0,-0.8,-0.4,1.0,-169.70000000000002,0.0,0.0,169.70000000000002,0.0,21.700000000000003,28.9,28.9,30.9,300.0,300.0,31.8,35.800000000000004,28.8,28.1,29.9,4.94,1.99,4.97,0.16,0.0,0.0,1027.0,8228.0,0.0,0.0,0.0,0.0,0.0,1.0,0.0,0.0,0.0,0.0,0.0,0.2,0.0,-0.9,0.0,0.0,16.0,25903.0
2026-07-30T19:03:18.278Z,367.761,367.776,0.0,7.4,0.0,0.0,0.0,0.0,0.0,0.0,0.0,0.0,1.0,0.0,0.0,0.0,9.0,4.0,0.0,0.0,0.0,0.0,0.0,0.0,0.0,0.0,3.0,12.0,1.0,12.17,5.01,2.51,1.49,0.0,0.0,0.0,361.3,0.0,0.9,1.3,1.6,-169.70000000000002,0.0,0.0,169.70000000000002,0.0,21.700000000000003,28.9,28.9,30.9,300.0,300.0,31.8,35.800000000000004,28.8,28.1,29.9,4.94,1.99,4.96,0.16,0.0,0.0,1027.0,8228.0,0.0,0.0,0.0,0.0,0.0,1.0,0.0,0.0,0.0,0.0,0.0,2.7,0.0,-1.1,0.0,0.0,16.0,25903.0
2026-07-30T19:03:18.290Z,367.773,367.788,0.0,7.4,0.0,0.0,0.0,0.0,0.0,0.0,0.0,0.0,1.0,0.0,0.0,0.0,9.0,4.0,0.0,0.0,0.0,0.0,0.0,0.0,0.0,0.0,5.0,12.0,1.0,12.17,5.01,2.51,1.49,0.0,0.0,0.0,361.4,0.0,0.4,0.2,-0.6000000000000001,-169.70000000000002,0.0,0.0,169.70000000000002,0.0,21.700000000000003,28.9,28.9,30.9,300.0,300.0,31.8,35.800000000000004,28.8,28.1,29.9,4.96,1.99,4.96,0.16,0.0,0.0,1027.0,8228.0,0.0,0.0,0.0,0.0,0.0,1.0,0.0,0.0,0.0,0.0,0.0,-0.1,0.0,0.5,0.0,0.0,16.0,25903.0
2026-07-30T19:03:18.302Z,367.785,367.8,0.0,7.4,0.0,0.0,0.0,0.0,0.0,0.0,0.0,0.0,1.0,0.0,0.0,0.0,9.0,4.0,0.0,0.0,0.0,0.0,0.0,0.0,0.0,0.0,6.0,12.0,1.0,12.17,5.0200000000000005,2.51,1.5,0.0,0.1,0.0,361.3,0.0,-0.1,0.2,1.7000000000000002,-169.70000000000002,0.0,0.0,169.70000000000002,0.0,21.700000000000003,28.9,28.9,30.9,300.0,300.0,31.700000000000003,35.800000000000004,28.8,28.1,29.9,4.95,1.99,4.97,0.16,0.0,0.0,1027.0,8228.0,0.0,0.0,0.0,0.0,0.0,1.0,0.0,0.0,0.0,0.0,0.0,1.5,0.0,-1.4,0.0,0.0,16.0,25903.0
2026-07-30T19:03:18.314Z,367.797,367.812,0.0,7.4,0.0,0.0,0.0,0.0,0.0,0.0,0.0,0.0,1.0,0.0,0.0,0.0,9.0,4.0,0.0,0.0,0.0,0.0,0.0,0.0,0.0,0.0,1.0,12.0,1.0,12.17,5.0200000000000005,2.51,1.5,0.0,0.0,0.0,361.3,0.0,-0.1,0.2,0.0,-169.70000000000002,0.0,0.0,169.60000000000002,0.0,21.700000000000003,28.9,28.9,30.9,300.0,300.0,31.700000000000003,35.800000000000004,28.8,28.1,29.9,4.96,2.0,4.96,0.16,0.0,0.0,1027.0,8228.0,0.0,0.0,0.0,0.0,0.0,1.0,0.0,0.0,0.0,0.0,0.0,0.2,0.0,0.0,0.0,0.0,16.0,25903.0
2026-07-30T19:03:18.326Z,367.809,367.824,0.0,7.4,0.0,0.0,0.0,0.0,0.0,0.0,0.0,0.0,1.0,0.0,0.0,0.0,9.0,4.0,0.0,0.0,0.0,0.0,0.0,0.0,0.0,0.0,2.0,12.0,1.0,12.17,5.0200000000000005,2.51,1.5,0.0,0.0,0.0,361.3,0.0,-0.1,0.8,0.6000000000000001,-169.70000000000002,0.0,0.0,169.70000000000002,0.0,21.700000000000003,28.9,28.9,30.9,300.0,300.0,31.700000000000003,35.800000000000004,28.8,28.1,29.9,4.96,1.99,4.97,0.16,0.0,0.0,1027.0,8228.0,0.0,0.0,0.0,0.0,0.0,1.0,0.0,0.0,0.0,0.0,0.0,1.3,0.0,-0.3,0.0,0.0,16.0,25903.0
2026-07-30T19:03:18.338Z,367.821,367.836,0.0,7.4,0.0,0.0,0.0,0.0,0.0,0.0,0.0,0.0,1.0,0.0,0.0,0.0,9.0,4.0,0.0,0.0,0.0,0.0,0.0,0.0,0.0,0.0,4.0,12.0,1.0,12.17,5.0200000000000005,2.51,1.5,0.0,0.0,0.0,361.4,0.0,-0.1,1.3,1.1,-169.70000000000002,0.0,0.0,169.60000000000002,0.0,21.700000000000003,28.9,28.9,30.9,300.0,300.0,31.700000000000003,35.800000000000004,28.8,28.1,29.9,4.96,1.99,4.97,0.16,0.0,0.0,1027.0,8228.0,0.0,0.0,0.0,0.0,0.0,1.0,0.0,0.0,0.0,0.0,0.0,2.4000000000000004,0.0,-0.7000000000000001,0.0,0.0,16.0,25903.0
2026-07-30T19:03:18.350Z,367.833,367.848,0.0,7.4,0.0,0.0,0.0,0.0,0.0,0.0,0.0,0.0,1.0,0.0,0.0,0.0,9.0,4.0,0.0,0.0,0.0,0.0,0.0,0.0,0.0,0.0,5.0,12.0,1.0,12.17,5.0200000000000005,2.51,1.5,0.0,0.0,0.0,361.4,0.0,0.9,0.7000000000000001,0.0,-169.60000000000002,0.0,0.0,169.60000000000002,0.0,21.700000000000003,28.9,28.9,30.9,300.0,300.0,31.700000000000003,35.800000000000004,28.8,28.1,29.9,4.96,1.99,4.97,0.16,0.0,0.0,1027.0,8228.0,0.0,0.0,0.0,0.0,0.0,1.0,0.0,0.0,0.0,0.0,0.0,0.9,0.0,0.1,0.0,0.0,16.0,25903.0
2026-07-30T19:03:18.362Z,367.845,367.86,0.0,7.4,0.0,0.0,0.0,0.0,0.0,0.0,0.0,0.0,1.0,0.0,0.0,0.0,9.0,4.0,0.0,0.0,0.0,0.0,0.0,0.0,0.0,0.0,5.0,12.0,1.0,12.17,5.0200000000000005,2.51,1.5,0.0,0.0,0.0,361.4,0.0,0.9,-0.9,1.1,-169.60000000000002,0.0,0.0,169.60000000000002,0.0,21.700000000000003,28.9,28.9,30.9,300.0,300.0,31.700000000000003,35.800000000000004,28.8,28.1,29.9,4.96,1.99,4.97,0.16,0.0,0.0,1027.0,8228.0,0.0,0.0,0.0,0.0,0.0,1.0,0.0,0.0,0.0,0.0,0.0,-1.5,0.0,0.3,0.0,0.0,16.0,25903.0
2026-07-30T19:03:18.374Z,367.857,367.872,0.0,7.4,0.0,0.0,0.0,0.0,0.0,0.0,0.0,0.0,1.0,0.0,0.0,0.0,9.0,4.0,0.0,0.0,0.0,0.0,0.0,0.0,0.0,0.0,1.0,12.0,1.0,12.17,5.0200000000000005,2.51,1.5,0.0,0.0,0.0,361.3,0.0,-0.8,-0.4,1.0,-169.60000000000002,0.0,0.0,169.70000000000002,0.0,21.700000000000003,28.9,28.9,30.9,300.0,300.0,31.700000000000003,35.800000000000004,28.8,28.1,29.9,4.96,1.99,4.97,0.16,0.0,0.0,1027.0,8228.0,0.0,0.0,0.0,0.0,0.0,1.0,0.0,0.0,0.0,0.0,0.0,0.3,0.0,-1.0,0.0,0.0,16.0,25903.0
2026-07-30T19:03:18.386Z,367.869,367.884,0.0,7.4,0.0,0.0,0.0,0.0,0.0,0.0,0.0,0.0,1.0,0.0,0.0,0.0,9.0,4.0,0.0,0.0,0.0,0.0,0.0,0.0,0.0,0.0,2.0,12.0,1.0,12.17,5.0200000000000005,2.51,1.5,0.0,0.0,0.0,361.4,0.0,0.8,-0.4,0.4,-169.60000000000002,0.0,0.0,169.70000000000002,0.0,21.700000000000003,28.9,28.9,30.9,300.0,300.0,31.700000000000003,35.800000000000004,28.8,28.1,29.9,4.95,1.99,4.97,0.16,0.0,0.0,1027.0,8228.0,0.0,0.0,0.0,0.0,0.0,1.0,0.0,0.0,0.0,0.0,0.0,-0.1,0.0,-0.4,0.0,0.0,16.0,25903.0
2026-07-30T19:03:18.399Z,367.882,367.896,0.0,7.4,0.0,0.0,0.0,0.0,0.0,0.0,0.0,0.0,1.0,0.0,0.0,0.0,9.0,4.0,0.0,0.0,0.0,0.0,0.0,0.0,0.0,0.0,3.0,12.0,1.0,12.18,5.01,2.51,1.49,0.0,0.0,0.0,361.3,0.0,-0.9,-0.4,-0.1,-169.60000000000002,0.0,0.0,169.8,0.0,21.4,28.9,28.9,30.9,300.0,300.0,31.700000000000003,35.800000000000004,28.8,28.1,29.9,4.96,1.99,4.96,0.16,0.0,0.0,1027.0,8228.0,0.0,0.0,0.0,0.0,0.0,1.0,0.0,0.0,0.0,0.0,0.0,-0.6000000000000001,0.0,0.0,0.0,0.0,16.0,25903.0
2026-07-30T19:03:18.410Z,367.893,367.908,0.0,7.4,0.0,0.0,0.0,0.0,0.0,0.0,0.0,0.0,1.0,0.0,0.0,0.0,9.0,4.0,0.0,0.0,0.0,0.0,0.0,0.0,0.0,0.0,3.0,12.0,1.0,12.18,5.01,2.51,1.49,0.0,0.0,0.0,361.4,0.0,0.1,-0.5,-0.2,-169.60000000000002,0.0,0.0,169.70000000000002,0.0,21.4,28.9,28.9,30.9,300.0,300.0,31.700000000000003,35.800000000000004,28.8,28.1,29.9,4.95,1.99,4.97,0.16,0.0,0.0,1027.0,8228.0,0.0,0.0,0.0,0.0,0.0,1.0,0.0,0.0,0.0,0.0,0.0,-0.7000000000000001,0.0,0.0,0.0,0.0,16.0,25903.0
2026-07-30T19:03:18.422Z,367.905,367.92,0.0,7.4,0.0,0.0,0.0,0.0,0.0,0.0,0.0,0.0,1.0,0.0,0.0,0.0,9.0,4.0,0.0,0.0,0.0,0.0,0.0,0.0,0.0,0.0,4.0,12.0,1.0,12.18,5.01,2.51,1.49,0.0,0.0,0.0,361.4,0.0,-0.9,-1.1,-1.3,-169.70000000000002,0.0,0.0,169.70000000000002,0.0,21.4,28.9,28.9,30.9,300.0,300.0,31.700000000000003,35.800000000000004,28.8,28.1,29.9,4.95,1.99,4.96,0.16,0.0,0.0,1027.0,8228.0,0.0,0.0,0.0,0.0,0.0,1.0,0.0,0.0,0.0,0.0,0.0,-2.3000000000000003,0.0,0.9,0.0,0.0,16.0,25903.0
2026-07-30T19:03:18.434Z,367.917,367.932,0.0,7.4,0.0,0.0,0.0,0.0,0.0,0.0,0.0,0.0,1.0,0.0,0.0,0.0,9.0,4.0,0.0,0.0,0.0,0.0,0.0,0.0,0.0,0.0,6.0,12.0,1.0,12.18,5.01,2.51,1.49,0.0,0.0,0.0,361.3,0.0,-1.0,-0.5,-0.2,-169.70000000000002,0.0,0.0,169.70000000000002,0.0,21.4,28.9,28.9,30.9,300.0,300.0,31.700000000000003,35.800000000000004,28.8,28.1,29.9,4.96,1.99,4.96,0.16,0.0,0.0,1027.0,8228.0,0.0,0.0,0.0,0.0,0.0,1.0,0.0,0.0,0.0,0.0,0.0,1.3,0.0,-0.6000000000000001,0.0,0.0,16.0,25903.0
2026-07-30T19:03:18.446Z,367.929,367.944,0.0,7.4,0.0,0.0,0.0,0.0,0.0,0.0,0.0,0.0,1.0,0.0,0.0,0.0,9.0,4.0,0.0,0.0,0.0,0.0,0.0,0.0,0.0,0.0,1.0,12.0,1.0,12.18,5.01,2.51,1.49,0.0,0.0,0.0,361.4,0.0,-0.9,-0.5,0.3,-169.70000000000002,0.0,0.0,169.70000000000002,0.0,21.4,28.9,28.9,30.9,300.0,300.0,31.700000000000003,35.800000000000004,28.8,28.1,29.9,4.95,1.99,4.96,0.16,0.0,0.0,1027.0,8228.0,0.0,0.0,0.0,0.0,0.0,1.0,0.0,0.0,0.0,0.0,0.0,-1.7000000000000002,0.0,1.1,0.0,0.0,16.0,25903.0
2026-07-30T19:03:18.457Z,367.94,367.956,0.0,7.4,0.0,0.0,0.0,0.0,0.0,0.0,0.0,0.0,1.0,0.0,0.0,0.0,9.0,4.0,0.0,0.0,0.0,0.0,0.0,0.0,0.0,0.0,2.0,12.0,1.0,12.18,5.01,2.51,1.49,0.0,0.0,0.0,361.3,0.0,-0.9,-1.1,0.9,-169.70000000000002,0.0,0.0,169.70000000000002,0.0,21.4,28.9,28.9,30.9,300.0,300.0,31.700000000000003,35.800000000000004,28.8,28.1,29.9,4.95,1.99,4.97,0.16,0.0,0.0,1027.0,8228.0,0.0,0.0,0.0,0.0,0.0,1.0,0.0,0.0,0.0,0.0,0.0,-0.6000000000000001,0.0,-1.0,0.0,0.0,16.0,25903.0
2026-07-30T19:03:18.470Z,367.953,367.968,0.0,7.4,0.0,0.0,0.0,0.0,0.0,0.0,0.0,0.0,1.0,0.0,0.0,0.0,9.0,4.0,0.0,0.0,0.0,0.0,0.0,0.0,0.0,0.0,3.0,12.0,1.0,12.18,5.01,2.51,1.49,0.0,0.0,0.0,361.4,0.0,-0.3,0.0,0.9,-169.70000000000002,0.0,0.0,169.70000000000002,0.0,21.4,28.9,28.9,30.9,300.0,300.0,31.700000000000003,35.800000000000004,28.8,28.1,29.9,4.95,1.99,4.96,0.16,0.0,0.0,1027.0,8228.0,0.0,0.0,0.0,0.0,0.0,1.0,0.0,0.0,0.0,0.0,0.0,0.7000000000000001,0.0,-0.8,0.0,0.0,16.0,25903.0
2026-07-30T19:03:18.481Z,367.964,367.98,0.0,7.4,0.0,0.0,0.0,0.0,0.0,0.0,0.0,0.0,1.0,0.0,0.0,0.0,9.0,4.0,0.0,0.0,0.0,0.0,0.0,0.0,0.0,0.0,4.0,12.0,1.0,12.18,5.01,2.51,1.49,0.0,0.0,0.0,361.3,0.0,-0.3,0.5,-0.2,-169.60000000000002,0.0,0.0,169.70000000000002,0.0,21.4,28.9,28.9,30.9,300.0,300.0,31.700000000000003,35.800000000000004,28.8,28.1,29.9,4.96,1.99,4.96,0.16,0.0,0.0,1027.0,8228.0,0.0,0.0,0.0,0.0,0.0,1.0,0.0,0.0,0.0,0.0,0.0,0.4,0.0,0.3,0.0,0.0,16.0,25903.0
2026-07-30T19:03:18.493Z,367.976,367.992,0.0,7.4,0.0,0.0,0.0,0.0,0.0,0.0,0.0,0.0,1.0,0.0,0.0,0.0,9.0,4.0,0.0,0.0,0.0,0.0,0.0,0.0,0.0,0.0,5.0,12.0,1.0,12.18,5.01,2.51,1.49,0.0,0.0,0.0,361.3,0.0,0.2,-1.1,-0.2,-169.60000000000002,0.0,0.0,169.60000000000002,0.0,21.4,28.9,28.9,30.9,300.0,300.0,31.700000000000003,35.800000000000004,28.8,28.1,29.9,4.95,1.99,4.97,0.16,0.0,0.0,1027.0,8228.0,0.0,0.0,0.0,0.0,0.0,1.0,0.0,0.0,0.0,0.0,0.0,-1.4,0.0,0.0,0.0,0.0,16.0,25903.0
2026-07-30T19:03:18.506Z,367.989,368.004,0.0,7.4,0.0,0.0,0.0,0.0,0.0,0.0,0.0,0.0,1.0,0.0,0.0,0.0,9.0,4.0,0.0,0.0,0.0,0.0,0.0,0.0,0.0,0.0,6.0,12.0,1.0,12.17,5.01,2.5,1.49,0.0,0.0,0.0,361.4,0.0,0.8,0.6000000000000001,0.9,-169.60000000000002,0.0,0.0,169.60000000000002,0.0,21.700000000000003,28.9,28.9,30.9,300.0,300.0,31.700000000000003,35.9,28.8,28.1,29.9,4.96,1.99,4.96,0.16,0.0,0.0,1027.0,8228.0,0.0,0.0,0.0,0.0,0.0,1.0,0.0,0.0,0.0,0.0,0.0,1.4,0.0,-0.6000000000000001,0.0,0.0,16.0,25903.0
2026-07-30T19:03:18.518Z,368.001,368.016,0.0,7.4,0.0,0.0,0.0,0.0,0.0,0.0,0.0,0.0,1.0,0.0,0.0,0.0,9.0,4.0,0.0,0.0,0.0,0.0,0.0,0.0,0.0,0.0,1.0,12.0,1.0,12.17,5.01,2.5,1.49,0.0,0.0,0.0,361.3,0.0,-0.3,0.6000000000000001,-0.7000000000000001,-169.60000000000002,0.0,0.0,169.70000000000002,0.0,21.700000000000003,28.9,28.9,30.9,300.0,300.0,31.700000000000003,35.9,28.8,28.1,29.9,4.96,2.0,4.96,0.16,0.0,0.0,1027.0,8228.0,0.0,0.0,0.0,0.0,0.0,1.0,0.0,0.0,0.0,0.0,0.0,0.2,0.0,0.8,0.0,0.0,16.0,25903.0
2026-07-30T19:03:18.530Z,368.013,368.028,0.0,7.4,0.0,0.0,0.0,0.0,0.0,0.0,0.0,0.0,1.0,0.0,0.0,0.0,9.0,4.0,0.0,0.0,0.0,0.0,0.0,0.0,0.0,0.0,3.0,12.0,1.0,12.17,5.01,2.5,1.49,0.0,0.0,0.0,361.4,0.0,0.2,-0.4,0.9,-169.70000000000002,0.0,0.0,169.8,0.0,21.700000000000003,28.9,28.9,30.9,300.0,300.0,31.700000000000003,35.9,28.8,28.1,29.9,4.96,1.99,4.96,0.16,0.0,0.0,1027.0,8228.0,0.0,0.0,0.0,0.0,0.0,1.0,0.0,0.0,0.0,0.0,0.0,0.1,0.0,-0.9,0.0,0.0,16.0,25903.0
2026-07-30T19:03:18.542Z,368.025,368.04,0.0,7.4,0.0,0.0,0.0,0.0,0.0,0.0,0.0,0.0,1.0,0.0,0.0,0.0,9.0,4.0,0.0,0.0,0.0,0.0,0.0,0.0,0.0,0.0,4.0,12.0,1.0,12.17,5.01,2.5,1.49,0.0,0.0,0.0,361.4,0.0,-0.8,0.1,-1.3,-169.70000000000002,0.0,0.0,169.60000000000002,0.0,21.700000000000003,28.9,28.9,30.9,300.0,300.0,31.700000000000003,35.9,28.8,28.1,29.9,4.95,1.99,4.97,0.16,0.0,0.0,1027.0,8228.0,0.0,0.0,0.0,0.0,0.0,1.0,0.0,0.0,0.0,0.0,0.0,-0.8,0.0,1.2000000000000002,0.0,0.0,16.0,25903.0
2026-07-30T19:03:18.553Z,368.036,368.052,0.0,7.4,0.0,0.0,0.0,0.0,0.0,0.0,0.0,0.0,1.0,0.0,0.0,0.0,9.0,4.0,0.0,0.0,0.0,0.0,0.0,0.0,0.0,0.0,5.0,12.0,1.0,12.17,5.01,2.5,1.49,0.0,0.0,0.0,361.4,0.0,-0.2,0.7000000000000001,-0.2,-169.70000000000002,0.0,0.0,169.60000000000002,0.0,21.700000000000003,28.9,28.9,30.9,300.0,300.0,31.700000000000003,35.9,28.8,28.1,29.9,4.96,1.99,4.96,0.16,0.0,0.0,1027.0,8228.0,0.0,0.0,0.0,0.0,0.0,1.0,0.0,0.0,0.0,0.0,0.0,0.6000000000000001,0.0,0.3,0.0,0.0,16.0,25903.0
2026-07-30T19:03:18.565Z,368.048,368.064,0.0,7.4,0.0,0.0,0.0,0.0,0.0,0.0,0.0,0.0,1.0,0.0,0.0,0.0,9.0,4.0,0.0,0.0,0.0,0.0,0.0,0.0,0.0,0.0,6.0,12.0,1.0,12.17,5.01,2.5,1.49,0.0,0.0,0.0,361.3,0.0,-0.2,-0.4,-0.2,-169.70000000000002,0.0,0.0,169.70000000000002,0.0,21.700000000000003,28.9,28.9,30.9,300.0,300.0,31.700000000000003,35.9,28.8,28.1,29.9,4.96,1.99,4.97,0.16,0.0,0.0,1027.0,8228.0,0.0,0.0,0.0,0.0,0.0,1.0,0.0,0.0,0.0,0.0,0.0,-0.6000000000000001,0.0,0.1,0.0,0.0,16.0,25903.0
2026-07-30T19:03:18.577Z,368.06,368.076,0.0,7.4,0.0,0.0,0.0,0.0,0.0,0.0,0.0,0.0,1.0,0.0,0.0,0.0,9.0,4.0,0.0,0.0,0.0,0.0,0.0,0.0,0.0,0.0,1.0,12.0,1.0,12.17,5.01,2.5,1.49,0.0,0.0,0.0,361.4,0.0,0.3,0.7000000000000001,0.3,-169.60000000000002,0.0,0.0,169.60000000000002,0.0,21.700000000000003,28.9,28.9,30.9,300.0,300.0,31.700000000000003,35.9,28.8,28.1,29.9,4.95,1.99,4.97,0.16,0.0,0.0,1027.0,8228.0,0.0,0.0,0.0,0.0,0.0,1.0,0.0,0.0,0.0,0.0,0.0,1.0,0.0,-0.1,0.0,0.0,16.0,25903.0
2026-07-30T19:03:18.589Z,368.072,368.088,0.0,7.4,0.0,0.0,0.0,0.0,0.0,0.0,0.0,0.0,1.0,0.0,0.0,0.0,9.0,4.0,0.0,0.0,0.0,0.0,0.0,0.0,0.0,0.0,2.0,12.0,1.0,12.17,5.01,2.5,1.49,0.0,0.0,0.0,361.3,0.0,0.4,0.7000000000000001,0.9,-169.60000000000002,0.0,0.0,169.70000000000002,0.0,21.700000000000003,28.9,28.9,30.9,300.0,300.0,31.700000000000003,35.9,28.8,28.1,29.9,4.96,1.99,4.96,0.16,0.0,0.0,1027.0,8228.0,0.0,0.0,0.0,0.0,0.0,1.0,0.0,0.0,0.0,0.0,0.0,1.5,0.0,-0.6000000000000001,0.0,0.0,16.0,25903.0
2026-07-30T19:03:18.602Z,368.085,368.1,0.0,7.4,0.0,0.0,0.0,0.0,0.0,0.0,0.0,0.0,1.0,0.0,0.0,0.0,9.0,4.0,0.0,0.0,0.0,0.0,0.0,0.0,0.0,0.0,3.0,12.0,1.0,12.18,5.0200000000000005,2.51,1.49,0.0,0.0,0.0,361.2000000000001,0.0,-0.1,-1.0,-0.8,-169.60000000000002,0.0,0.0,169.60000000000002,0.0,21.700000000000003,28.9,28.9,30.9,300.0,300.0,31.700000000000003,35.800000000000004,28.8,28.0,29.9,4.95,1.99,4.97,0.16,0.0,0.0,1027.0,8228.0,0.0,0.0,0.0,0.0,0.0,1.0,0.0,0.0,0.0,0.0,0.0,-1.8,0.0,0.4,0.0,0.0,16.0,25903.0
2026-07-30T19:03:18.614Z,368.097,368.112,0.0,7.4,0.0,0.0,0.0,0.0,0.0,0.0,0.0,0.0,1.0,0.0,0.0,0.0,9.0,4.0,0.0,0.0,0.0,0.0,0.0,0.0,0.0,0.0,4.0,12.0,1.0,12.18,5.0200000000000005,2.51,1.49,0.0,0.0,0.0,361.3,0.0,0.3,0.6000000000000001,0.3,-169.60000000000002,0.0,0.0,169.70000000000002,0.0,21.700000000000003,28.9,28.9,30.9,300.0,300.0,31.700000000000003,35.800000000000004,28.8,28.0,29.9,4.95,1.99,4.97,0.16,0.0,0.0,1027.0,8228.0,0.0,0.0,0.0,0.0,0.0,1.0,0.0,0.0,0.0,0.0,0.0,1.0,0.0,-0.1,0.0,0.0,16.0,25903.0
2026-07-30T19:03:18.626Z,368.109,368.124,0.0,7.4,0.0,0.0,0.0,0.0,0.0,0.0,0.0,0.0,1.0,0.0,0.0,0.0,9.0,4.0,0.0,0.0,0.0,0.0,0.0,0.0,0.0,0.0,6.0,12.0,1.0,12.18,5.0200000000000005,2.51,1.49,0.0,0.0,0.0,361.4,0.0,0.9,1.2000000000000002,-0.2,-169.60000000000002,0.0,0.0,169.70000000000002,0.0,21.700000000000003,28.9,28.9,30.9,300.0,300.0,31.700000000000003,35.800000000000004,28.8,28.0,29.9,4.95,2.0,4.97,0.16,0.0,0.0,1027.0,8228.0,0.0,0.0,0.0,0.0,0.0,1.0,0.0,0.0,0.0,0.0,0.0,1.2000000000000002,0.0,0.4,0.0,0.0,16.0,25903.0
2026-07-30T19:03:18.638Z,368.121,368.136,0.0,7.4,0.0,0.0,0.0,0.0,0.0,0.0,0.0,0.0,1.0,0.0,0.0,0.0,9.0,4.0,0.0,0.0,0.0,0.0,0.0,0.0,0.0,0.0,1.0,12.0,1.0,12.18,5.0200000000000005,2.51,1.49,0.0,0.0,0.0,361.4,0.0,0.3,-0.5,-0.7000000000000001,-169.60000000000002,0.0,0.0,169.8,0.0,21.700000000000003,28.9,28.9,30.9,300.0,300.0,31.700000000000003,35.800000000000004,28.8,28.0,29.9,4.96,2.0,4.96,0.16,0.0,0.0,1027.0,8228.0,0.0,0.0,0.0,0.0,0.0,1.0,0.0,0.0,0.0,0.0,0.0,-1.1,0.0,0.5,0.0,0.0,16.0,25903.0
2026-07-30T19:03:18.650Z,368.133,368.148,0.0,7.4,0.0,0.0,0.0,0.0,0.0,0.0,0.0,0.0,1.0,0.0,0.0,0.0,9.0,4.0,0.0,0.0,0.0,0.0,0.0,0.0,0.0,0.0,2.0,12.0,1.0,12.18,5.0200000000000005,2.51,1.49,0.0,0.0,0.0,361.4,0.0,-0.2,0.0,0.9,-169.70000000000002,0.0,0.0,169.8,0.0,21.700000000000003,28.9,28.9,30.9,300.0,300.0,31.700000000000003,35.800000000000004,28.8,28.0,29.9,4.95,1.99,4.97,0.16,0.0,0.0,1027.0,8228.0,0.0,0.0,0.0,0.0,0.0,1.0,0.0,0.0,0.0,0.0,0.0,0.7000000000000001,0.0,-0.8,0.0,0.0,16.0,25903.0
2026-07-30T19:03:18.662Z,368.145,368.16,0.0,7.4,0.0,0.0,0.0,0.0,0.0,0.0,0.0,0.0,1.0,0.0,0.0,0.0,9.0,4.0,0.0,0.0,0.0,0.0,0.0,0.0,0.0,0.0,3.0,12.0,1.0,12.18,5.0200000000000005,2.51,1.49,0.0,0.0,0.0,361.3,0.0,0.3,0.6000000000000001,-0.2,-169.70000000000002,0.0,0.0,169.70000000000002,0.0,21.700000000000003,28.9,28.9,30.9,300.0,300.0,31.700000000000003,35.800000000000004,28.8,28.0,29.9,4.95,1.99,4.96,0.16,0.0,0.0,1027.0,8228.0,0.0,0.0,0.0,0.0,0.0,1.0,0.0,0.0,0.0,0.0,0.0,0.5,0.0,0.3,0.0,0.0,16.0,25903.0
2026-07-30T19:03:18.674Z,368.157,368.172,0.0,7.4,0.0,0.0,0.0,0.0,0.0,0.0,0.0,0.0,1.0,0.0,0.0,0.0,9.0,4.0,0.0,0.0,0.0,0.0,0.0,0.0,0.0,0.0,4.0,12.0,1.0,12.18,5.0200000000000005,2.51,1.49,0.0,0.0,0.0,361.4,0.0,0.3,-0.4,-1.4,-169.70000000000002,0.0,0.0,169.70000000000002,0.0,21.700000000000003,28.9,28.9,30.9,300.0,300.0,31.700000000000003,35.800000000000004,28.8,28.0,29.9,4.96,1.99,4.96,0.16,0.0,0.0,1027.0,8228.0,0.0,0.0,0.0,0.0,0.0,1.0,0.0,0.0,0.0,0.0,0.0,-1.6,0.0,1.1,0.0,0.0,16.0,25903.0
2026-07-30T19:03:18.685Z,368.168,368.184,0.0,7.4,0.0,0.0,0.0,0.0,0.0,0.0,0.0,0.0,1.0,0.0,0.0,0.0,9.0,4.0,0.0,0.0,0.0,0.0,0.0,0.0,0.0,0.0,5.0,12.0,1.0,12.18,5.0200000000000005,2.51,1.49,0.0,0.0,0.0,361.4,0.0,-0.7000000000000001,0.1,-0.8,-169.70000000000002,0.0,0.0,169.8,0.0,21.700000000000003,28.9,28.9,30.9,300.0,300.0,31.700000000000003,35.800000000000004,28.8,28.0,29.9,4.95,1.99,4.96,0.16,0.0,0.0,1027.0,8228.0,0.0,0.0,0.0,0.0,0.0,1.0,0.0,0.0,0.0,0.0,0.0,-0.4,0.0,0.7000000000000001,0.0,0.0,16.0,25903.0
2026-07-30T19:03:18.697Z,368.18,368.196,0.0,7.4,0.0,0.0,0.0,0.0,0.0,0.0,0.0,0.0,1.0,0.0,0.0,0.0,9.0,4.0,0.0,0.0,0.0,0.0,0.0,0.0,0.0,0.0,6.0,12.0,1.0,12.18,5.0200000000000005,2.51,1.49,0.0,0.0,0.0,361.3,0.0,-0.1,-0.4,1.5,-169.70000000000002,0.0,0.0,169.70000000000002,0.0,21.700000000000003,28.9,28.9,30.9,300.0,300.0,31.700000000000003,35.800000000000004,28.8,28.0,29.9,4.95,1.99,4.97,0.16,0.0,0.0,1027.0,8228.0,0.0,0.0,0.0,0.0,0.0,1.0,0.0,0.0,0.0,0.0,0.0,0.6000000000000001,0.0,-1.4,0.0,0.0,16.0,25903.0
2026-07-30T19:03:18.710Z,368.193,368.208,0.0,7.4,0.0,0.0,0.0,0.0,0.0,0.0,0.0,0.0,1.0,0.0,0.0,0.0,9.0,4.0,0.0,0.0,0.0,0.0,0.0,0.0,0.0,0.0,1.0,12.0,1.0,12.18,5.0200000000000005,2.51,1.49,0.0,0.0,0.0,361.4,0.0,0.9,0.7000000000000001,1.5,-169.70000000000002,0.0,0.0,169.70000000000002,0.0,21.700000000000003,28.9,28.9,30.9,300.0,300.0,31.700000000000003,35.9,28.9,28.1,29.9,4.95,1.99,4.96,0.16,0.0,0.0,1027.0,8228.0,0.0,0.0,0.0,0.0,0.0,1.0,0.0,0.0,0.0,0.0,0.0,2.0,0.0,-1.2000000000000002,0.0,0.0,16.0,25903.0
2026-07-30T19:03:18.722Z,368.205,368.22,0.0,7.4,0.0,0.0,0.0,0.0,0.0,0.0,0.0,0.0,1.0,0.0,0.0,0.0,9.0,4.0,0.0,0.0,0.0,0.0,0.0,0.0,0.0,0.0,2.0,12.0,1.0,12.18,5.0200000000000005,2.51,1.49,0.0,0.0,0.0,361.4,0.0,0.3,0.6000000000000001,-0.1,-169.70000000000002,0.0,0.0,169.70000000000002,0.0,21.700000000000003,28.9,28.9,30.9,300.0,300.0,31.700000000000003,35.9,28.9,28.1,29.9,4.96,1.99,4.96,0.15,0.0,0.0,1027.0,8228.0,0.0,0.0,0.0,0.0,0.0,1.0,0.0,0.0,0.0,0.0,0.0,0.6000000000000001,0.0,0.2,0.0,0.0,16.0,25903.0
2026-07-30T19:03:18.733Z,368.216,368.232,0.0,7.4,0.0,0.0,0.0,0.0,0.0,0.0,0.0,0.0,1.0,0.0,0.0,0.0,9.0,4.0,0.0,0.0,0.0,0.0,0.0,0.0,0.0,0.0,4.0,12.0,1.0,12.18,5.0200000000000005,2.51,1.49,0.0,0.0,0.0,361.3,0.0,-0.1,-0.4,1.6,-169.70000000000002,0.0,0.0,169.70000000000002,0.0,21.700000000000003,28.9,28.9,30.9,300.0,300.0,31.700000000000003,35.9,28.9,28.1,29.9,4.95,1.99,4.97,0.16,0.0,0.0,1027.0,8228.0,0.0,0.0,0.0,0.0,0.0,1.0,0.0,0.0,0.0,0.0,0.0,0.7000000000000001,0.0,-1.5,0.0,0.0,16.0,25903.0
2026-07-30T19:03:18.745Z,368.228,368.244,0.0,7.4,0.0,0.0,0.0,0.0,0.0,0.0,0.0,0.0,1.0,0.0,0.0,0.0,9.0,4.0,0.0,0.0,0.0,0.0,0.0,0.0,0.0,0.0,5.0,12.0,1.0,12.18,5.0200000000000005,2.51,1.49,0.0,0.0,0.0,361.3,0.0,-0.2,-0.4,-0.1,-169.70000000000002,0.0,0.0,169.70000000000002,0.0,21.700000000000003,28.9,28.9,30.9,300.0,300.0,31.700000000000003,35.9,28.9,28.1,29.9,4.96,2.0,4.96,0.16,0.0,0.0,1027.0,8228.0,0.0,0.0,0.0,0.0,0.0,1.0,0.0,0.0,0.0,0.0,0.0,-0.6000000000000001,0.0,0.0,0.0,0.0,16.0,25903.0
2026-07-30T19:03:18.757Z,368.24,368.256,0.0,7.4,0.0,0.0,0.0,0.0,0.0,0.0,0.0,0.0,1.0,0.0,0.0,0.0,9.0,4.0,0.0,0.0,0.0,0.0,0.0,0.0,0.0,0.0,6.0,12.0,1.0,12.18,5.0200000000000005,2.51,1.49,0.0,0.0,0.0,361.4,0.0,0.3,0.0,-0.1,-169.70000000000002,0.0,0.0,169.8,0.0,21.700000000000003,28.9,28.9,30.9,300.0,300.0,31.700000000000003,35.9,28.9,28.1,29.9,4.96,1.99,4.96,0.16,0.0,0.0,1027.0,8228.0,0.0,0.0,0.0,0.0,0.0,1.0,0.0,0.0,0.0,0.0,0.0,0.0,0.0,0.1,0.0,0.0,16.0,25903.0
2026-07-30T19:03:18.770Z,368.253,368.268,0.0,7.4,0.0,0.0,0.0,0.0,0.0,0.0,0.0,0.0,1.0,0.0,0.0,0.0,9.0,4.0,0.0,0.0,0.0,0.0,0.0,0.0,0.0,0.0,1.0,12.0,1.0,12.18,5.0200000000000005,2.51,1.49,0.0,0.0,0.0,361.3,0.0,0.3,0.6000000000000001,1.6,-169.70000000000002,0.0,0.0,169.8,0.0,21.700000000000003,28.9,28.9,30.9,300.0,300.0,31.700000000000003,35.9,28.9,28.1,29.9,4.96,1.99,4.96,0.16,0.0,0.0,1027.0,8228.0,0.0,0.0,0.0,0.0,0.0,1.0,0.0,0.0,0.0,0.0,0.0,2.0,0.0,-1.3,0.0,0.0,16.0,25903.0
2026-07-30T19:03:18.782Z,368.265,368.28,0.0,7.4,0.0,0.0,0.0,0.0,0.0,0.0,0.0,0.0,1.0,0.0,0.0,0.0,9.0,4.0,0.0,0.0,0.0,0.0,0.0,0.0,0.0,0.0,2.0,12.0,1.0,12.18,5.0200000000000005,2.51,1.49,0.0,0.1,0.0,361.4,0.0,0.3,-0.4,0.0,-169.70000000000002,0.0,0.0,169.70000000000002,0.0,21.700000000000003,28.9,28.9,30.9,300.0,300.0,31.700000000000003,35.9,28.9,28.1,29.9,4.96,1.99,4.97,0.16,0.0,0.0,1027.0,8228.0,0.0,0.0,0.0,0.0,0.0,1.0,0.0,0.0,0.0,0.0,0.0,-0.5,0.0,0.0,0.0,0.0,16.0,25903.0
2026-07-30T19:03:18.794Z,368.277,368.292,0.0,7.4,0.0,0.0,0.0,0.0,0.0,0.0,0.0,0.0,1.0,0.0,0.0,0.0,9.0,4.0,0.0,0.0,0.0,0.0,0.0,0.0,0.0,0.0,3.0,12.0,1.0,12.18,5.0200000000000005,2.51,1.49,0.0,0.0,0.0,361.4,0.0,0.3,-1.6,-0.6000000000000001,-169.70000000000002,0.0,0.0,169.8,0.0,21.700000000000003,28.9,28.9,30.9,300.0,300.0,31.700000000000003,35.9,28.9,28.1,29.9,4.96,1.99,4.96,0.16,0.0,0.0,1027.0,8228.0,0.0,0.0,0.0,0.0,0.0,1.0,0.0,0.0,0.0,0.0,0.0,-2.3000000000000003,0.0,0.2,0.0,0.0,16.0,25903.0
2026-07-30T19:03:18.807Z,368.29,368.304,0.0,7.4,0.0,0.0,0.0,0.0,0.0,0.0,0.0,0.0,1.0,0.0,0.0,0.0,9.0,4.0,0.0,0.0,0.0,0.0,0.0,0.0,0.0,0.0,4.0,12.0,1.0,12.13,5.01,2.51,1.5,0.0,0.0,0.0,361.4,0.0,-0.8,-0.4,0.4,-169.70000000000002,0.0,0.0,169.8,0.0,21.4,28.9,28.9,30.9,300.0,300.0,31.9,35.9,28.9,28.1,29.9,4.96,1.99,4.96,0.16,0.0,0.0,1027.0,8228.0,0.0,0.0,0.0,0.0,0.0,1.0,0.0,0.0,0.0,0.0,0.0,-0.1,0.0,-0.5,0.0,0.0,16.0,25903.0
2026-07-30T19:03:18.818Z,368.301,368.316,0.0,7.4,0.0,0.0,0.0,0.0,0.0,0.0,0.0,0.0,1.0,0.0,0.0,0.0,9.0,4.0,0.0,0.0,0.0,0.0,0.0,0.0,0.0,0.0,5.0,12.0,1.0,12.13,5.01,2.51,1.5,0.0,0.0,0.0,361.3,0.0,-0.7000000000000001,0.7000000000000001,-0.6000000000000001,-169.70000000000002,0.0,0.0,169.70000000000002,0.0,21.4,28.9,28.9,30.9,300.0,300.0,31.9,35.9,28.9,28.1,29.9,4.95,1.99,4.96,0.16,0.0,0.0,1027.0,8228.0,0.0,0.0,0.0,0.0,0.0,1.0,0.0,0.0,0.0,0.0,0.0,0.3,0.0,0.7000000000000001,0.0,0.0,16.0,25903.0
2026-07-30T19:03:18.830Z,368.313,368.328,0.0,7.4,0.0,0.0,0.0,0.0,0.0,0.0,0.0,0.0,1.0,0.0,0.0,0.0,9.0,4.0,0.0,0.0,0.0,0.0,0.0,0.0,0.0,0.0,6.0,12.0,1.0,12.13,5.01,2.51,1.5,0.0,0.0,0.0,361.3,0.0,-0.1,-0.4,-0.6000000000000001,-169.70000000000002,0.0,0.0,169.70000000000002,0.0,21.4,28.9,28.9,30.9,300.0,300.0,31.9,35.9,28.9,28.1,29.9,4.96,1.99,4.96,0.16,0.0,0.0,1027.0,8228.0,0.0,0.0,0.0,0.0,0.0,1.0,0.0,0.0,0.0,0.0,0.0,-1.0,0.0,0.5,0.0,0.0,16.0,25903.0
2026-07-30T19:03:18.841Z,368.324,368.34,0.0,7.4,0.0,0.0,0.0,0.0,0.0,0.0,0.0,0.0,1.0,0.0,0.0,0.0,9.0,4.0,0.0,0.0,0.0,0.0,0.0,0.0,0.0,0.0,2.0,12.0,1.0,12.13,5.01,2.51,1.5,0.0,0.0,0.0,361.4,0.0,-0.1,-1.0,0.0,-169.70000000000002,0.0,0.0,169.8,0.0,21.4,28.9,28.9,30.9,300.0,300.0,31.9,35.9,28.9,28.1,29.9,4.95,1.99,4.97,0.16,0.0,0.0,1027.0,8228.0,0.0,0.0,0.0,0.0,0.0,1.0,0.0,0.0,0.0,0.0,0.0,-1.2000000000000002,0.0,-0.1,0.0,0.0,16.0,25903.0
2026-07-30T19:03:18.853Z,368.336,368.352,0.0,7.4,0.0,0.0,0.0,0.0,0.0,0.0,0.0,0.0,1.0,0.0,0.0,0.0,9.0,4.0,0.0,0.0,0.0,0.0,0.0,0.0,0.0,0.0,3.0,12.0,1.0,12.13,5.01,2.51,1.5,0.0,0.0,0.0,361.3,0.0,0.3,0.1,-0.6000000000000001,-169.70000000000002,0.0,0.0,169.70000000000002,0.0,21.4,28.9,28.9,30.9,300.0,300.0,31.9,35.9,28.9,28.1,29.9,4.95,1.99,4.97,0.16,0.0,0.0,1027.0,8228.0,0.0,0.0,0.0,0.0,0.0,1.0,0.0,0.0,0.0,0.0,0.0,-0.3,0.0,0.6000000000000001,0.0,0.0,16.0,25903.0
2026-07-30T19:03:18.866Z,368.349,368.364,0.0,7.4,0.0,0.0,0.0,0.0,0.0,0.0,0.0,0.0,1.0,0.0,0.0,0.0,9.0,4.0,0.0,0.0,0.0,0.0,0.0,0.0,0.0,0.0,4.0,12.0,1.0,12.13,5.01,2.51,1.5,0.0,0.0,0.0,361.4,0.0,-0.1,1.3,1.1,-169.70000000000002,0.0,0.0,169.70000000000002,0.0,21.4,28.9,28.9,30.9,300.0,300.0,31.9,35.9,28.9,28.1,29.9,4.95,1.99,4.97,0.16,0.0,0.0,1027.0,8228.0,0.0,0.0,0.0,0.0,0.0,1.0,0.0,0.0,0.0,0.0,0.0,2.3000000000000003,0.0,-0.6000000000000001,0.0,0.0,16.0,25903.0
2026-07-30T19:03:18.878Z,368.361,368.376,0.0,7.4,0.0,0.0,0.0,0.0,0.0,0.0,0.0,0.0,1.0,0.0,0.0,0.0,9.0,4.0,0.0,0.0,0.0,0.0,0.0,0.0,0.0,0.0,6.0,12.0,1.0,12.13,5.01,2.51,1.5,0.0,0.0,0.0,361.4,0.0,-0.7000000000000001,-1.0,0.4,-169.70000000000002,0.0,0.0,169.70000000000002,0.0,21.4,28.9,28.9,30.9,300.0,300.0,31.9,35.9,28.9,28.1,29.9,4.96,1.99,4.96,0.16,0.0,0.0,1027.0,8228.0,0.0,0.0,0.0,0.0,0.0,1.0,0.0,0.0,0.0,0.0,0.0,-0.8,0.0,-0.6000000000000001,0.0,0.0,16.0,25903.0
2026-07-30T19:03:18.889Z,368.372,368.388,0.0,7.4,0.0,0.0,0.0,0.0,0.0,0.0,0.0,0.0,1.0,0.0,0.0,0.0,9.0,4.0,0.0,0.0,0.0,0.0,0.0,0.0,0.0,0.0,1.0,12.0,1.0,12.13,5.01,2.51,1.5,0.0,0.0,0.0,361.3,0.0,-0.1,0.1,1.6,-169.70000000000002,0.0,0.0,169.8,0.0,21.4,28.9,28.9,30.9,300.0,300.0,31.9,35.9,28.9,28.1,29.9,4.95,1.99,4.97,0.16,0.0,0.0,1027.0,8228.0,0.0,0.0,0.0,0.0,0.0,1.0,0.0,0.0,0.0,0.0,0.0,1.3,0.0,-1.4,0.0,0.0,16.0,25903.0
2026-07-30T19:03:18.901Z,368.384,368.4,0.0,7.4,0.0,0.0,0.0,0.0,0.0,0.0,0.0,0.0,1.0,0.0,0.0,0.0,9.0,4.0,0.0,0.0,0.0,0.0,0.0,0.0,0.0,0.0,2.0,12.0,1.0,12.13,5.01,2.51,1.5,0.0,0.0,0.0,361.3,0.0,0.3,0.1,-0.6000000000000001,-169.70000000000002,0.0,0.0,169.70000000000002,0.0,21.4,28.9,28.9,30.9,300.0,300.0,31.9,35.9,28.9,28.1,29.9,4.95,1.99,4.96,0.16,0.0,0.0,1027.0,8228.0,0.0,0.0,0.0,0.0,0.0,1.0,0.0,0.0,0.0,0.0,0.0,-0.3,0.0,0.5,0.0,0.0,16.0,25903.0
2026-07-30T19:03:18.914Z,368.397,368.412,-0.1,7.4,0.0,0.0,0.0,0.0,0.0,0.0,0.0,0.0,1.0,0.0,0.0,0.0,9.0,4.0,0.0,0.0,0.0,0.0,0.0,0.0,0.0,0.0,3.0,12.0,1.0,12.15,5.01,2.51,1.49,0.0,0.0,0.0,361.4,0.0,0.9,0.1,1.6,-169.70000000000002,0.0,0.0,169.60000000000002,0.0,21.700000000000003,28.9,28.9,30.9,300.0,300.0,31.9,35.9,28.9,28.0,29.9,4.96,1.99,4.96,0.16,0.0,0.0,1027.0,8228.0,0.0,0.0,0.0,0.0,0.0,1.0,0.0,0.0,0.0,0.0,0.0,1.4,0.0,-1.4,0.0,0.0,16.0,25903.0
2026-07-30T19:03:18.926Z,368.409,368.424,-0.1,7.4,0.0,0.0,0.0,0.0,0.0,0.0,0.0,0.0,1.0,0.0,0.0,0.0,9.0,4.0,0.0,0.0,0.0,0.0,0.0,0.0,0.0,0.0,4.0,12.0,1.0,12.15,5.01,2.51,1.49,0.0,0.0,0.0,361.3,0.0,0.3,0.1,0.4,-169.70000000000002,0.0,0.0,169.70000000000002,0.0,21.700000000000003,28.9,28.9,30.9,300.0,300.0,31.9,35.9,28.9,28.0,29.9,4.95,1.99,4.96,0.16,0.0,0.0,1027.0,8228.0,0.0,0.0,0.0,0.0,0.0,1.0,0.0,0.0,0.0,0.0,0.0,0.4,0.0,-0.3,0.0,0.0,16.0,25903.0
2026-07-30T19:03:18.937Z,368.42,368.436,0.0,7.4,0.0,0.0,0.0,0.0,0.0,0.0,0.0,0.0,1.0,0.0,0.0,0.0,9.0,4.0,0.0,0.0,0.0,0.0,0.0,0.0,0.0,0.0,6.0,12.0,1.0,12.15,5.01,2.51,1.49,0.0,0.0,0.0,361.3,0.0,-0.2,0.1,-0.1,-169.70000000000002,0.0,0.0,169.60000000000002,0.0,21.700000000000003,28.9,28.9,30.9,300.0,300.0,31.9,35.9,28.9,28.0,29.9,4.95,1.99,4.97,0.16,0.0,0.0,1027.0,8228.0,0.0,0.0,0.0,0.0,0.0,1.0,0.0,0.0,0.0,0.0,0.0,0.8,0.0,-0.8,0.0,0.0,16.0,25903.0
2026-07-30T19:03:18.949Z,368.432,368.448,0.0,7.4,0.0,0.0,0.0,0.0,0.0,0.0,0.0,0.0,1.0,0.0,0.0,0.0,9.0,4.0,0.0,0.0,0.0,0.0,0.0,0.0,0.0,0.0,1.0,12.0,1.0,12.15,5.01,2.51,1.49,0.0,0.0,0.0,361.4,0.0,-0.2,0.0,1.0,-169.70000000000002,0.0,0.0,169.70000000000002,0.0,21.700000000000003,28.9,28.9,30.9,300.0,300.0,31.9,35.9,28.9,28.0,29.9,4.95,1.99,4.96,0.16,0.0,0.0,1027.0,8228.0,0.0,0.0,0.0,0.0,0.0,1.0,0.0,0.0,0.0,0.0,0.0,0.0,0.0,0.1,0.0,0.0,16.0,25903.0
2026-07-30T19:03:18.962Z,368.445,368.46,0.0,7.4,0.0,0.0,0.0,0.0,0.0,0.0,0.0,0.0,1.0,0.0,0.0,0.0,9.0,4.0,0.0,0.0,0.0,0.0,0.0,0.0,0.0,0.0,2.0,12.0,1.0,12.15,5.01,2.51,1.49,0.0,0.0,0.0,361.4,0.0,0.3,1.2000000000000002,0.4,-169.70000000000002,0.0,0.0,169.70000000000002,0.0,21.700000000000003,28.9,28.9,30.9,300.0,300.0,31.9,35.9,28.9,28.0,29.9,4.96,2.0,4.96,0.16,0.0,0.0,1027.0,8228.0,0.0,0.0,0.0,0.0,0.0,1.0,0.0,0.0,0.0,0.0,0.0,2.1,0.0,-0.6000000000000001,0.0,0.0,16.0,25903.0
2026-07-30T19:03:18.974Z,368.457,368.472,0.0,7.4,0.0,0.0,0.0,0.0,0.0,0.0,0.0,0.0,1.0,0.0,0.0,0.0,9.0,4.0,0.0,0.0,0.0,0.0,0.0,0.0,0.0,0.0,3.0,12.0,1.0,12.15,5.01,2.51,1.49,0.0,0.0,0.0,361.3,0.0,0.3,-0.5,-1.2000000000000002,-169.70000000000002,0.0,0.0,169.60000000000002,0.0,21.700000000000003,28.9,28.9,30.9,300.0,300.0,31.9,35.9,28.9,28.0,29.9,4.95,2.0,4.97,0.16,0.0,0.0,1027.0,8228.0,0.0,0.0,0.0,0.0,0.0,1.0,0.0,0.0,0.0,0.0,0.0,-1.5,0.0,1.0,0.0,0.0,16.0,25903.0
2026-07-30T19:03:18.986Z,368.469,368.484,0.0,7.4,0.0,0.0,0.0,0.0,0.0,0.0,0.0,0.0,1.0,0.0,0.0,0.0,9.0,4.0,0.0,0.0,0.0,0.0,0.0,0.0,0.0,0.0,5.0,12.0,1.0,12.15,5.01,2.51,1.49,0.0,0.0,0.0,361.4,0.0,0.2,-0.5,-0.7000000000000001,-169.70000000000002,0.0,0.0,169.60000000000002,0.0,21.700000000000003,28.9,28.9,30.9,300.0,300.0,31.9,35.9,28.9,28.0,29.9,4.96,1.99,4.97,0.16,0.0,0.0,1027.0,8228.0,0.0,0.0,0.0,0.0,0.0,1.0,0.0,0.0,0.0,0.0,0.0,-1.1,0.0,0.5,0.0,0.0,16.0,25903.0
2026-07-30T19:03:18.998Z,368.481,368.496,0.0,7.4,0.0,0.0,0.0,0.0,0.0,0.0,0.0,0.0,1.0,0.0,0.0,0.0,9.0,4.0,0.0,0.0,0.0,0.0,0.0,0.0,0.0,0.0,6.0,12.0,1.0,12.15,5.01,2.51,1.49,0.0,0.0,0.0,361.3,0.0,0.2,1.1,2.7,-169.60000000000002,0.0,0.0,169.70000000000002,0.0,21.700000000000003,28.9,28.9,30.9,300.0,300.0,31.9,35.9,28.9,28.0,29.9,4.96,1.99,4.96,0.16,0.0,0.0,1027.0,8228.0,0.0,0.0,0.0,0.0,0.0,1.0,0.0,0.0,0.0,0.0,0.0,3.3000000000000003,0.0,-2.1,0.0,0.0,16.0,25903.0
2026-07-30T19:03:19.012Z,368.495,368.508,0.0,7.4,0.0,0.0,0.0,0.0,0.0,0.0,0.0,0.0,1.0,0.0,0.0,0.0,9.0,4.0,0.0,0.0,0.0,0.0,0.0,0.0,0.0,0.0,1.0,12.0,1.0,12.19,5.01,2.51,1.49,0.0,0.1,0.0,361.3,0.0,-0.2,0.6000000000000001,-0.1,-169.60000000000002,0.0,0.0,169.70000000000002,0.0,21.200000000000003,28.9,28.9,30.9,300.0,300.0,31.9,35.800000000000004,28.9,28.0,29.9,4.95,1.99,4.96,0.16,0.0,0.0,1027.0,8228.0,0.0,0.0,0.0,0.0,0.0,1.0,0.0,0.0,0.0,0.0,0.0,0.6000000000000001,0.0,0.2,0.0,0.0,16.0,25903.0
2026-07-30T19:03:19.021Z,368.504,368.52,0.0,7.4,0.0,0.0,0.0,0.0,0.0,0.0,0.0,0.0,1.0,0.0,0.0,0.0,9.0,4.0,0.0,0.0,0.0,0.0,0.0,0.0,0.0,0.0,2.0,12.0,1.0,12.19,5.01,2.51,1.49,0.0,0.0,0.0,361.4,0.0,0.3,-0.5,-0.2,-169.60000000000002,0.0,0.0,169.60000000000002,0.0,21.200000000000003,28.9,28.9,30.9,300.0,300.0,31.9,35.800000000000004,28.9,28.0,29.9,4.95,1.99,4.97,0.16,0.0,0.0,1027.0,8228.0,0.0,0.0,0.0,0.0,0.0,1.0,0.0,0.0,0.0,0.0,0.0,-0.7000000000000001,0.0,0.0,0.0,0.0,16.0,25903.0
2026-07-30T19:03:19.034Z,368.517,368.532,0.0,7.4,0.0,0.0,0.0,0.0,0.0,0.0,0.0,0.0,1.0,0.0,0.0,0.0,9.0,4.0,0.0,0.0,0.0,0.0,0.0,0.0,0.0,0.0,2.0,12.0,1.0,12.19,5.01,2.51,1.49,0.0,0.0,0.0,361.3,0.0,-0.2,-0.5,-0.2,-169.60000000000002,0.0,0.0,169.70000000000002,0.0,21.200000000000003,28.9,28.9,30.9,300.0,300.0,31.9,35.800000000000004,28.9,28.0,29.9,4.96,2.0,4.96,0.16,0.0,0.0,1027.0,8228.0,0.0,0.0,0.0,0.0,0.0,1.0,0.0,0.0,0.0,0.0,0.0,-0.7000000000000001,0.0,0.0,0.0,0.0,16.0,25903.0
2026-07-30T19:03:19.046Z,368.529,368.544,0.0,7.4,0.0,0.0,0.0,0.0,0.0,0.0,0.0,0.0,1.0,0.0,0.0,0.0,9.0,4.0,0.0,0.0,0.0,0.0,0.0,0.0,0.0,0.0,4.0,12.0,1.0,12.19,5.01,2.51,1.49,0.0,0.0,0.0,361.4,0.0,1.5,0.6000000000000001,0.9,-169.60000000000002,0.0,0.0,169.70000000000002,0.0,21.200000000000003,28.9,28.9,30.9,300.0,300.0,31.9,35.800000000000004,28.9,28.0,29.9,4.96,1.99,4.97,0.16,0.0,0.0,1027.0,8228.0,0.0,0.0,0.0,0.0,0.0,1.0,0.0,0.0,0.0,0.0,0.0,1.4,0.0,-0.7000000000000001,0.0,0.0,16.0,25903.0
2026-07-30T19:03:19.058Z,368.541,368.556,0.0,7.4,0.0,0.0,0.0,0.0,0.0,0.0,0.0,0.0,1.0,0.0,0.0,0.0,9.0,4.0,0.0,0.0,0.0,0.0,0.0,0.0,0.0,0.0,5.0,12.0,1.0,12.19,5.01,2.51,1.49,0.0,0.0,0.0,361.4,0.0,-0.8,1.2000000000000002,-0.2,-169.60000000000002,0.0,0.0,169.60000000000002,0.0,21.200000000000003,28.9,28.9,30.9,300.0,300.0,31.9,35.800000000000004,28.9,28.0,29.9,4.95,1.99,4.97,0.16,0.0,0.0,1027.0,8228.0,0.0,0.0,0.0,0.0,0.0,1.0,0.0,0.0,0.0,0.0,0.0,1.2000000000000002,0.0,0.4,0.0,0.0,16.0,25903.0
2026-07-30T19:03:19.070Z,368.553,368.568,0.0,7.4,0.0,0.0,0.0,0.0,0.0,0.0,0.0,0.0,1.0,0.0,0.0,0.0,9.0,4.0,0.0,0.0,0.0,0.0,0.0,0.0,0.0,0.0,6.0,12.0,1.0,12.19,5.01,2.51,1.49,0.0,0.1,0.0,361.3,0.0,-0.7000000000000001,0.1,-0.7000000000000001,-169.60000000000002,0.0,0.0,169.70000000000002,0.0,21.200000000000003,28.9,28.9,30.9,300.0,300.0,31.9,35.800000000000004,28.9,28.0,29.9,4.96,1.99,4.97,0.16,0.0,0.0,1027.0,8228.0,0.0,0.0,0.0,0.0,0.0,1.0,0.0,0.0,0.0,0.0,0.0,-0.4,0.0,0.6000000000000001,0.0,0.0,16.0,25903.0
2026-07-30T19:03:19.082Z,368.565,368.58,0.0,7.4,0.0,0.0,0.0,0.0,0.0,0.0,0.0,0.0,1.0,0.0,0.0,0.0,9.0,4.0,0.0,0.0,0.0,0.0,0.0,0.0,0.0,0.0,6.0,12.0,1.0,12.19,5.01,2.51,1.49,0.0,0.0,0.0,361.4,0.0,0.9,-1.0,-0.1,-169.60000000000002,0.0,0.0,169.70000000000002,0.0,21.200000000000003,28.9,28.9,30.9,300.0,300.0,31.9,35.800000000000004,28.9,28.0,29.9,4.95,2.0,4.96,0.16,0.0,0.0,1027.0,8228.0,0.0,0.0,0.0,0.0,0.0,1.0,0.0,0.0,0.0,0.0,0.0,-1.3,0.0,0.0,0.0,0.0,16.0,25903.0
2026-07-30T19:03:19.094Z,368.577,368.592,0.0,7.4,0.0,0.0,0.0,0.0,0.0,0.0,0.0,0.0,1.0,0.0,0.0,0.0,9.0,4.0,0.0,0.0,0.0,0.0,0.0,0.0,0.0,0.0,1.0,12.0,1.0,12.19,5.01,2.51,1.49,0.0,0.1,0.0,361.3,0.0,0.3,1.2000000000000002,-1.3,-169.60000000000002,0.0,0.0,169.70000000000002,0.0,21.200000000000003,28.9,28.9,30.9,300.0,300.0,31.9,35.800000000000004,28.9,28.0,29.9,4.95,1.99,4.97,0.16,0.0,0.0,1027.0,8228.0,0.0,0.0,0.0,0.0,0.0,1.0,0.0,0.0,0.0,0.0,0.0,0.4,0.0,1.4,0.0,0.0,16.0,25903.0
2026-07-30T19:03:19.106Z,368.589,368.604,0.0,7.4,0.0,0.0,0.0,0.0,0.0,0.0,0.0,0.0,1.0,0.0,0.0,0.0,9.0,4.0,0.0,0.0,0.0,0.0,0.0,0.0,0.0,0.0,2.0,12.0,1.0,12.19,5.01,2.51,1.49,0.0,0.0,0.0,361.4,0.0,-0.2,0.1,-0.7000000000000001,-169.60000000000002,0.0,0.0,169.70000000000002,0.0,21.200000000000003,28.9,28.9,30.9,300.0,300.0,31.9,35.800000000000004,28.9,28.0,29.9,4.95,2.0,4.97,0.16,0.0,0.0,1027.0,8228.0,0.0,0.0,0.0,0.0,0.0,1.0,0.0,0.0,0.0,0.0,0.0,-0.4,0.0,0.6000000000000001,0.0,0.0,16.0,25903.0
2026-07-30T19:03:19.118Z,368.601,368.616,0.0,7.4,0.0,0.0,0.0,0.0,0.0,0.0,0.0,0.0,1.0,0.0,0.0,0.0,9.0,4.0,0.0,0.0,0.0,0.0,0.0,0.0,0.0,0.0,4.0,12.0,1.0,12.15,5.01,2.51,1.49,0.0,0.0,0.0,361.4,0.0,-0.8,0.1,0.0,-169.60000000000002,0.0,0.0,169.8,0.0,21.9,28.9,28.9,30.9,300.0,300.0,31.700000000000003,35.9,28.9,28.1,29.9,4.96,2.0,4.96,0.16,0.0,0.0,1027.0,8228.0,0.0,0.0,0.0,0.0,0.0,1.0,0.0,0.0,0.0,0.0,0.0,0.0,0.0,0.1,0.0,0.0,16.0,25903.0
2026-07-30T19:03:19.130Z,368.613,368.628,0.0,7.4,0.0,0.0,0.0,0.0,0.0,0.0,0.0,0.0,1.0,0.0,0.0,0.0,9.0,4.0,0.0,0.0,0.0,0.0,0.0,0.0,0.0,0.0,5.0,12.0,1.0,12.15,5.01,2.51,1.49,0.0,0.0,0.0,361.4,0.0,-0.2,0.7000000000000001,0.4,-169.60000000000002,0.0,0.0,169.70000000000002,0.0,21.9,28.9,28.9,30.9,300.0,300.0,31.700000000000003,35.9,28.9,28.1,29.9,4.95,1.99,4.97,0.16,0.0,0.0,1027.0,8228.0,0.0,0.0,0.0,0.0,0.0,1.0,0.0,0.0,0.0,0.0,0.0,1.1,0.0,-0.2,0.0,0.0,16.0,25903.0
2026-07-30T19:03:19.141Z,368.624,368.64,0.0,7.4,0.0,0.0,0.0,0.0,0.0,0.0,0.0,0.0,1.0,0.0,0.0,0.0,9.0,4.0,0.0,0.0,0.0,0.0,0.0,0.0,0.0,0.0,6.0,12.0,1.0,12.15,5.01,2.51,1.49,0.0,0.0,0.0,361.3,0.0,0.3,0.7000000000000001,2.2,-169.60000000000002,0.0,0.0,169.60000000000002,0.0,21.9,28.9,28.9,30.9,300.0,300.0,31.700000000000003,35.9,28.9,28.1,29.9,4.95,2.0,4.97,0.16,0.0,0.0,1027.0,8228.0,0.0,0.0,0.0,0.0,0.0,1.0,0.0,0.0,0.0,0.0,0.0,2.5,0.0,-1.8,0.0,0.0,16.0,25903.0
2026-07-30T19:03:19.154Z,368.637,368.652,0.0,7.4,0.0,0.0,0.0,0.0,0.0,0.0,0.0,0.0,1.0,0.0,0.0,0.0,9.0,4.0,0.0,0.0,0.0,0.0,0.0,0.0,0.0,0.0,1.0,12.0,1.0,12.15,5.01,2.51,1.49,0.0,0.0,0.0,361.3,0.0,0.3,0.1,0.4,-169.60000000000002,0.0,0.0,169.70000000000002,0.0,21.9,28.9,28.9,30.9,300.0,300.0,31.700000000000003,35.9,28.9,28.1,29.9,4.96,2.0,4.97,0.16,0.0,0.0,1027.0,8228.0,0.0,0.0,0.0,0.0,0.0,1.0,0.0,0.0,0.0,0.0,0.0,0.4,0.0,-0.4,0.0,0.0,16.0,25903.0
2026-07-30T19:03:19.165Z,368.648,368.664,0.0,7.4,0.0,0.0,0.0,0.0,0.0,0.0,0.0,0.0,1.0,0.0,0.0,0.0,9.0,4.0,0.0,0.0,0.0,0.0,0.0,0.0,0.0,0.0,2.0,12.0,1.0,12.15,5.01,2.51,1.49,0.0,0.0,0.0,361.3,0.0,0.3,-0.4,-0.6000000000000001,-169.60000000000002,0.0,0.0,169.70000000000002,0.0,21.9,28.9,28.9,30.9,300.0,300.0,31.700000000000003,35.9,28.9,28.1,29.9,4.95,2.0,4.97,0.16,0.0,0.0,1027.0,8228.0,0.0,0.0,0.0,0.0,0.0,1.0,0.0,0.0,0.0,0.0,0.0,-1.0,0.0,0.4,0.0,0.0,16.0,25903.0
2026-07-30T19:03:19.178Z,368.661,368.676,0.0,7.4,0.0,0.0,0.0,0.0,0.0,0.0,0.0,0.0,1.0,0.0,0.0,0.0,9.0,4.0,0.0,0.0,0.0,0.0,0.0,0.0,0.0,0.0,3.0,12.0,1.0,12.15,5.01,2.51,1.49,0.0,0.0,0.0,361.3,0.0,0.8,0.0,0.0,-169.60000000000002,0.0,0.0,169.70000000000002,0.0,21.9,28.9,28.9,30.9,300.0,300.0,31.700000000000003,35.9,28.9,28.1,29.9,4.96,1.99,4.97,0.16,0.0,0.0,1027.0,8228.0,0.0,0.0,0.0,0.0,0.0,1.0,0.0,0.0,0.0,0.0,0.0,0.0,0.0,0.1,0.0,0.0,16.0,25903.0
2026-07-30T19:03:19.190Z,368.673,368.688,0.0,7.4,0.0,0.0,0.0,0.0,0.0,0.0,0.0,0.0,1.0,0.0,0.0,0.0,9.0,4.0,0.0,0.0,0.0,0.0,0.0,0.0,0.0,0.0,4.0,12.0,1.0,12.15,5.01,2.51,1.49,0.0,0.0,0.0,361.3,0.0,0.9,0.6000000000000001,-0.6000000000000001,-169.60000000000002,0.0,0.0,169.60000000000002,0.0,21.9,28.9,28.9,30.9,300.0,300.0,31.700000000000003,35.9,28.9,28.1,29.9,4.96,1.99,4.96,0.16,0.0,0.0,1027.0,8228.0,0.0,0.0,0.0,0.0,0.0,1.0,0.0,0.0,0.0,0.0,0.0,0.2,0.0,0.7000000000000001,0.0,0.0,16.0,25903.0
2026-07-30T19:03:19.201Z,368.684,368.7,0.0,7.4,0.0,0.0,0.0,0.0,0.0,0.0,0.0,0.0,1.0,0.0,0.0,0.0,9.0,4.0,0.0,0.0,0.0,0.0,0.0,0.0,0.0,0.0,5.0,12.0,1.0,12.15,5.01,2.51,1.49,0.0,0.0,0.0,361.4,0.0,-0.2,0.6000000000000001,-0.7000000000000001,-169.60000000000002,0.0,0.0,169.60000000000002,0.0,21.9,28.9,28.9,30.9,300.0,300.0,31.700000000000003,35.9,28.9,28.1,29.9,4.96,2.0,4.96,0.15,0.0,0.0,1027.0,8228.0,0.0,0.0,0.0,0.0,0.0,1.0,0.0,0.0,0.0,0.0,0.0,0.2,0.0,0.7000000000000001,0.0,0.0,16.0,25903.0
2026-07-30T19:03:19.214Z,368.697,368.712,0.0,7.4,0.0,0.0,0.0,0.0,0.0,0.0,0.0,0.0,1.0,0.0,0.0,0.0,9.0,4.0,0.0,0.0,0.0,0.0,0.0,0.0,0.0,0.0,6.0,12.0,1.0,12.17,5.0200000000000005,2.5,1.49,0.0,0.0,0.0,361.3,0.0,0.8,0.0,-0.1,-169.60000000000002,0.0,0.0,169.70000000000002,0.0,21.8,28.9,28.9,30.9,300.0,300.0,31.8,35.9,28.9,28.1,29.9,4.95,2.0,4.96,0.16,0.0,0.0,1027.0,8228.0,0.0,0.0,0.0,0.0,0.0,1.0,0.0,0.0,0.0,0.0,0.0,0.0,0.0,0.1,0.0,0.0,16.0,25903.0
2026-07-30T19:03:19.225Z,368.708,368.724,0.0,7.4,0.0,0.0,0.0,0.0,0.0,0.0,0.0,0.0,1.0,0.0,0.0,0.0,9.0,4.0,0.0,0.0,0.0,0.0,0.0,0.0,0.0,0.0,1.0,12.0,1.0,12.17,5.0200000000000005,2.5,1.49,0.0,0.0,0.0,361.4,0.0,-0.2,-1.0,-1.2000000000000002,-169.60000000000002,0.0,0.0,169.60000000000002,0.0,21.8,28.9,28.9,30.9,300.0,300.0,31.8,35.9,28.9,28.1,29.9,4.96,1.99,4.97,0.16,0.0,0.0,1027.0,8228.0,0.0,0.0,0.0,0.0,0.0,1.0,0.0,0.0,0.0,0.0,0.0,-2.1,0.0,0.9,0.0,0.0,16.0,25903.0
2026-07-30T19:03:19.238Z,368.721,368.736,0.0,7.4,0.0,0.0,0.0,0.0,0.0,0.0,0.0,0.0,1.0,0.0,0.0,0.0,9.0,4.0,0.0,0.0,0.0,0.0,0.0,0.0,0.0,0.0,2.0,12.0,1.0,12.17,5.0200000000000005,2.5,1.49,0.0,0.0,0.0,361.3,0.0,0.2,0.1,-0.1,-169.60000000000002,0.0,0.0,169.8,0.0,21.8,28.9,28.9,30.9,300.0,300.0,31.8,35.9,28.9,28.1,29.9,4.96,1.99,4.97,0.16,0.0,0.0,1027.0,8228.0,0.0,0.0,0.0,0.0,0.0,1.0,0.0,0.0,0.0,0.0,0.0,0.0,0.0,0.1,0.0,0.0,16.0,25903.0
2026-07-30T19:03:19.250Z,368.733,368.748,0.0,7.4,0.0,0.0,0.0,0.0,0.0,0.0,0.0,0.0,1.0,0.0,0.0,0.0,9.0,4.0,0.0,0.0,0.0,0.0,0.0,0.0,0.0,0.0,3.0,12.0,1.0,12.17,5.0200000000000005,2.5,1.49,0.0,0.0,0.0,361.4,0.0,-0.8,0.1,-0.6000000000000001,-169.60000000000002,0.0,0.0,169.70000000000002,0.0,21.8,28.9,28.9,30.9,300.0,300.0,31.8,35.9,28.9,28.1,29.9,4.96,1.99,4.97,0.16,0.0,0.0,1027.0,8228.0,0.0,0.0,0.0,0.0,0.0,1.0,0.0,0.0,0.0,0.0,0.0,-0.3,0.0,0.6000000000000001,0.0,0.0,16.0,25903.0
2026-07-30T19:03:19.262Z,368.745,368.76,0.0,7.4,0.0,0.0,0.0,0.0,0.0,0.0,0.0,0.0,1.0,0.0,0.0,0.0,9.0,4.0,0.0,0.0,0.0,0.0,0.0,0.0,0.0,0.0,4.0,12.0,1.0,12.17,5.0200000000000005,2.5,1.49,0.0,0.0,0.0,361.3,0.0,0.3,0.1,1.6,-169.60000000000002,0.0,0.0,169.60000000000002,0.0,21.8,28.9,28.9,30.9,300.0,300.0,31.8,35.9,28.9,28.1,29.9,4.95,1.99,4.97,0.16,0.0,0.0,1027.0,8228.0,0.0,0.0,0.0,0.0,0.0,1.0,0.0,0.0,0.0,0.0,0.0,1.4,0.0,-1.4,0.0,0.0,16.0,25903.0
2026-07-30T19:03:19.274Z,368.757,368.772,0.0,7.4,0.0,0.0,0.0,0.0,0.0,0.0,0.0,0.0,1.0,0.0,0.0,0.0,9.0,4.0,0.0,0.0,0.0,0.0,0.0,0.0,0.0,0.0,5.0,12.0,1.0,12.17,5.0200000000000005,2.5,1.49,-0.1,0.1,0.0,361.4,0.0,0.3,-1.0,-0.1,-169.60000000000002,0.0,0.0,169.60000000000002,0.0,21.8,28.9,28.9,30.9,300.0,300.0,31.8,35.9,28.9,28.1,29.9,4.96,1.99,4.96,0.16,0.0,0.0,1027.0,8228.0,0.0,0.0,0.0,0.0,0.0,1.0,0.0,0.0,0.0,0.0,0.0,-1.2000000000000002,0.0,0.0,0.0,0.0,16.0,25903.0
2026-07-30T19:03:19.285Z,368.768,368.784,0.0,7.4,0.0,0.0,0.0,0.0,0.0,0.0,0.0,0.0,1.0,0.0,0.0,0.0,9.0,4.0,0.0,0.0,0.0,0.0,0.0,0.0,0.0,0.0,1.0,12.0,1.0,12.17,5.0200000000000005,2.5,1.49,0.0,0.0,0.0,361.4,0.0,0.3,-0.4,0.4,-169.60000000000002,0.0,0.0,169.60000000000002,0.0,21.8,28.9,28.9,30.9,300.0,300.0,31.8,35.9,28.9,28.1,29.9,4.96,1.99,4.97,0.16,0.0,0.0,1027.0,8228.0,0.0,0.0,0.0,0.0,0.0,1.0,0.0,0.0,0.0,0.0,0.0,-0.1,0.0,-0.4,0.0,0.0,16.0,25903.0
2026-07-30T19:03:19.297Z,368.78,368.796,0.0,7.4,0.0,0.0,0.0,0.0,0.0,0.0,0.0,0.0,1.0,0.0,0.0,0.0,9.0,4.0,0.0,0.0,0.0,0.0,0.0,0.0,0.0,0.0,2.0,12.0,1.0,12.17,5.0200000000000005,2.5,1.49,0.0,0.0,0.0,361.4,0.0,0.9,0.2,1.6,-169.60000000000002,0.0,0.0,169.60000000000002,0.0,21.8,28.9,28.9,30.9,300.0,300.0,31.8,35.9,28.9,28.1,29.9,4.96,2.0,4.97,0.16,0.0,0.0,1027.0,8228.0,0.0,0.0,0.0,0.0,0.0,1.0,0.0,0.0,0.0,0.0,0.0,1.5,0.0,-1.4,0.0,0.0,16.0,25903.0
2026-07-30T19:03:19.310Z,368.793,368.808,0.0,7.4,0.0,0.0,0.0,0.0,0.0,0.0,0.0,0.0,1.0,0.0,0.0,0.0,9.0,4.0,0.0,0.0,0.0,0.0,0.0,0.0,0.0,0.0,3.0,12.0,1.0,12.17,5.0200000000000005,2.5,1.49,0.0,0.0,0.0,361.4,0.0,-0.2,-0.3,-0.6000000000000001,-169.60000000000002,0.0,0.0,169.60000000000002,0.0,21.8,28.9,28.9,30.9,300.0,300.0,31.8,35.9,28.9,28.1,29.9,4.96,2.0,4.97,0.16,0.0,0.0,1027.0,8228.0,0.0,0.0,0.0,0.0,0.0,1.0,0.0,0.0,0.0,0.0,0.0,-0.9,0.0,0.5,0.0,0.0,16.0,25903.0
2026-07-30T19:03:19.322Z,368.805,368.82,0.0,7.4,0.0,0.0,0.0,0.0,0.0,0.0,0.0,0.0,1.0,0.0,0.0,0.0,9.0,4.0,0.0,0.0,0.0,0.0,0.0,0.0,0.0,0.0,4.0,12.0,1.0,12.15,5.0200000000000005,2.5,1.49,0.0,0.0,0.0,361.4,0.0,-0.2,-0.3,1.0,-169.60000000000002,0.0,0.0,169.70000000000002,0.0,21.9,28.9,28.9,30.9,300.0,300.0,31.700000000000003,35.800000000000004,28.9,28.0,29.9,4.96,2.0,4.96,0.16,0.0,0.0,1027.0,8228.0,0.0,0.0,0.0,0.0,0.0,1.0,0.0,0.0,0.0,0.0,0.0,0.3,0.0,-0.9,0.0,0.0,16.0,25903.0
2026-07-30T19:03:19.334Z,368.817,368.832,0.0,7.4,0.0,0.0,0.0,0.0,0.0,0.0,0.0,0.0,1.0,0.0,0.0,0.0,9.0,4.0,0.0,0.0,0.0,0.0,0.0,0.0,0.0,0.0,5.0,12.0,1.0,12.15,5.0200000000000005,2.5,1.49,0.0,0.1,0.0,361.4,0.0,0.9,-0.4,-0.7000000000000001,-169.60000000000002,0.0,0.0,169.60000000000002,0.0,21.9,28.9,28.9,30.9,300.0,300.0,31.700000000000003,35.800000000000004,28.9,28.0,29.9,4.96,1.99,4.97,0.16,0.0,0.0,1027.0,8228.0,0.0,0.0,0.0,0.0,0.0,1.0,0.0,0.0,0.0,0.0,0.0,-1.0,0.0,0.5,0.0,0.0,16.0,25903.0
2026-07-30T19:03:19.346Z,368.829,368.844,0.0,7.4,0.0,0.0,0.0,0.0,0.0,0.0,0.0,0.0,1.0,0.0,0.0,0.0,9.0,4.0,0.0,0.0,0.0,0.0,0.0,0.0,0.0,0.0,1.0,12.0,1.0,12.15,5.0200000000000005,2.5,1.49,0.0,0.0,0.0,361.4,0.0,-0.2,0.1,-0.1,-169.60000000000002,0.0,0.0,169.60000000000002,0.0,21.9,28.9,28.9,30.9,300.0,300.0,31.700000000000003,35.800000000000004,28.9,28.0,29.9,4.96,1.99,4.97,0.16,0.0,0.0,1027.0,8228.0,0.0,0.0,0.0,0.0,0.0,1.0,0.0,0.0,0.0,0.0,0.0,0.0,0.0,0.1,0.0,0.0,16.0,25903.0
2026-07-30T19:03:19.358Z,368.841,368.856,0.0,7.4,0.0,0.0,0.0,0.0,0.0,0.0,0.0,0.0,1.0,0.0,0.0,0.0,9.0,4.0,0.0,0.0,0.0,0.0,0.0,0.0,0.0,0.0,2.0,12.0,1.0,12.15,5.0200000000000005,2.5,1.49,0.0,0.0,0.0,361.4,0.0,-0.8,0.7000000000000001,-0.1,-169.60000000000002,0.0,0.0,169.60000000000002,0.0,21.9,28.9,28.9,30.9,300.0,300.0,31.700000000000003,35.800000000000004,28.9,28.0,29.9,4.96,1.99,4.96,0.16,0.0,0.0,1027.0,8228.0,0.0,0.0,0.0,0.0,0.0,1.0,0.0,0.0,0.0,0.0,0.0,0.7000000000000001,0.0,0.2,0.0,0.0,16.0,25903.0
2026-07-30T19:03:19.369Z,368.852,368.868,0.0,7.4,0.0,0.0,0.0,0.0,0.0,0.0,0.0,0.0,1.0,0.0,0.0,0.0,9.0,4.0,0.0,0.0,0.0,0.0,0.0,0.0,0.0,0.0,3.0,12.0,1.0,12.15,5.0200000000000005,2.5,1.49,0.0,0.0,0.0,361.4,0.0,0.3,0.7000000000000001,-0.1,-169.60000000000002,0.0,0.0,169.60000000000002,0.0,21.9,28.9,28.9,30.9,300.0,300.0,31.700000000000003,35.800000000000004,28.9,28.0,29.9,4.95,1.99,4.97,0.16,0.0,0.0,1027.0,8228.0,0.0,0.0,0.0,0.0,0.0,1.0,0.0,0.0,0.0,0.0,0.0,0.7000000000000001,0.0,0.3,0.0,0.0,16.0,25903.0
2026-07-30T19:03:19.381Z,368.864,368.88,0.0,7.4,0.0,0.0,0.0,0.0,0.0,0.0,0.0,0.0,1.0,0.0,0.0,0.0,9.0,4.0,0.0,0.0,0.0,0.0,0.0,0.0,0.0,0.0,4.0,12.0,1.0,12.15,5.0200000000000005,2.5,1.49,0.0,0.0,0.0,361.4,0.0,-0.2,1.2000000000000002,1.0,-169.60000000000002,0.0,0.0,169.70000000000002,0.0,21.9,28.9,28.9,30.9,300.0,300.0,31.700000000000003,35.800000000000004,28.9,28.0,29.9,4.95,1.99,4.96,0.16,0.0,0.0,1027.0,8228.0,0.0,0.0,0.0,0.0,0.0,1.0,0.0,0.0,0.0,0.0,0.0,2.2,0.0,-0.6000000000000001,0.0,0.0,16.0,25903.0
2026-07-30T19:03:19.394Z,368.877,368.892,0.0,7.4,0.0,0.0,0.0,0.0,0.0,0.0,0.0,0.0,1.0,0.0,0.0,0.0,9.0,4.0,0.0,0.0,0.0,0.0,0.0,0.0,0.0,0.0,5.0,12.0,1.0,12.15,5.0200000000000005,2.5,1.49,0.0,0.0,0.0,361.5,0.0,0.3,-1.0,-1.3,-169.60000000000002,0.0,0.0,169.8,0.0,21.9,28.9,28.9,30.9,300.0,300.0,31.700000000000003,35.800000000000004,28.9,28.0,29.9,4.96,2.0,4.96,0.16,0.0,0.0,1027.0,8228.0,0.0,0.0,0.0,0.0,0.0,1.0,0.0,0.0,0.0,0.0,0.0,-2.2,0.0,0.9,0.0,0.0,16.0,25903.0
2026-07-30T19:03:19.406Z,368.889,368.904,0.0,7.4,0.0,0.0,0.0,0.0,0.0,0.0,0.0,0.0,1.0,0.0,0.0,0.0,9.0,4.0,0.0,0.0,0.0,0.0,0.0,0.0,0.0,0.0,6.0,12.0,1.0,12.15,5.0200000000000005,2.5,1.49,0.0,0.1,0.0,361.4,0.0,0.9,-0.4,-0.7000000000000001,-169.60000000000002,0.0,0.0,169.70000000000002,0.0,21.9,28.9,28.9,30.9,300.0,300.0,31.700000000000003,35.800000000000004,28.9,28.0,29.9,4.95,2.0,4.96,0.16,0.0,0.0,1027.0,8228.0,0.0,0.0,0.0,0.0,0.0,1.0,0.0,0.0,0.0,0.0,0.0,-1.1,0.0,0.6000000000000001,0.0,0.0,16.0,25903.0
2026-07-30T19:03:19.419Z,368.902,368.916,0.0,7.4,0.0,0.0,0.0,0.0,0.0,0.0,0.0,0.0,1.0,0.0,0.0,0.0,9.0,4.0,0.0,0.0,0.0,0.0,0.0,0.0,0.0,0.0,2.0,12.0,1.0,12.17,5.0200000000000005,2.51,1.49,0.0,0.0,0.0,361.4,0.0,0.3,-0.5,-0.2,-169.60000000000002,0.0,0.0,169.70000000000002,0.0,21.3,28.9,28.9,30.9,300.0,300.0,31.6,35.800000000000004,28.9,28.1,29.9,4.95,1.99,4.97,0.16,0.0,0.0,1027.0,8228.0,0.0,0.0,0.0,0.0,0.0,1.0,0.0,0.0,0.0,0.0,0.0,-0.7000000000000001,0.0,0.1,0.0,0.0,16.0,25903.0
2026-07-30T19:03:19.430Z,368.913,368.928,0.0,7.4,0.0,0.0,0.0,0.0,0.0,0.0,0.0,0.0,1.0,0.0,0.0,0.0,9.0,4.0,0.0,0.0,0.0,0.0,0.0,0.0,0.0,0.0,3.0,12.0,1.0,12.17,5.0200000000000005,2.51,1.49,0.0,0.1,0.0,361.3,0.0,0.8,0.5,0.8,-169.60000000000002,0.0,0.0,169.70000000000002,0.0,21.3,28.9,28.9,30.9,300.0,300.0,31.6,35.800000000000004,28.9,28.1,29.9,4.95,1.99,4.96,0.16,0.0,0.0,1027.0,8228.0,0.0,0.0,0.0,0.0,0.0,1.0,0.0,0.0,0.0,0.0,0.0,1.3,0.0,-0.6000000000000001,0.0,0.0,16.0,25903.0
2026-07-30T19:03:19.441Z,368.924,368.94,0.0,7.4,0.0,0.0,0.0,0.0,0.0,0.0,0.0,0.0,1.0,0.0,0.0,0.0,9.0,4.0,0.0,0.0,0.0,0.0,0.0,0.0,0.0,0.0,4.0,12.0,1.0,12.17,5.0200000000000005,2.51,1.49,0.0,0.1,0.0,361.4,0.0,-0.3,0.0,0.8,-169.60000000000002,0.0,0.0,169.70000000000002,0.0,21.3,28.9,28.9,30.9,300.0,300.0,31.6,35.800000000000004,28.9,28.1,29.9,4.96,1.99,4.96,0.17,0.0,0.0,1027.0,8228.0,0.0,0.0,0.0,0.0,0.0,1.0,0.0,0.0,0.0,0.0,0.0,0.6000000000000001,0.0,-0.7000000000000001,0.0,0.0,16.0,25903.0
2026-07-30T19:03:19.453Z,368.936,368.952,0.0,7.4,0.0,0.0,0.0,0.0,0.0,0.0,0.0,0.0,1.0,0.0,0.0,0.0,9.0,4.0,0.0,0.0,0.0,0.0,0.0,0.0,0.0,0.0,5.0,12.0,1.0,12.17,5.0200000000000005,2.51,1.49,0.0,0.0,0.0,361.3,0.0,0.8,-0.5,-0.8,-169.60000000000002,0.0,0.0,169.70000000000002,0.0,21.3,28.9,28.9,30.9,300.0,300.0,31.6,35.800000000000004,28.9,28.1,29.9,4.96,1.99,4.97,0.16,0.0,0.0,1027.0,8228.0,0.0,0.0,0.0,0.0,0.0,1.0,0.0,0.0,0.0,0.0,0.0,0.1,0.0,-0.2,0.0,0.0,16.0,25903.0
2026-07-30T19:03:19.466Z,368.949,368.964,0.0,7.4,0.0,0.0,0.0,0.0,0.0,0.0,0.0,0.0,1.0,0.0,0.0,0.0,9.0,4.0,0.0,0.0,0.0,0.0,0.0,0.0,0.0,0.0,6.0,12.0,1.0,12.17,5.0200000000000005,2.51,1.49,0.0,0.0,0.0,361.3,0.0,-0.3,-1.7000000000000002,-0.8,-169.60000000000002,0.0,0.0,169.70000000000002,0.0,21.3,28.9,28.9,30.9,300.0,300.0,31.6,35.800000000000004,28.9,28.1,29.9,4.96,1.99,4.96,0.16,0.0,0.0,1027.0,8228.0,0.0,0.0,0.0,0.0,0.0,1.0,0.0,0.0,0.0,0.0,0.0,-1.5,0.0,0.0,0.0,0.0,16.0,25903.0
2026-07-30T19:03:19.478Z,368.961,368.976,0.0,7.4,0.0,0.0,0.0,0.0,0.0,0.0,0.0,0.0,1.0,0.0,0.0,0.0,9.0,4.0,0.0,0.0,0.0,0.0,0.0,0.0,0.0,0.0,1.0,12.0,1.0,12.17,5.0200000000000005,2.51,1.49,0.0,0.0,0.0,361.4,0.0,-0.3,1.1,-0.2,-169.60000000000002,0.0,0.0,169.70000000000002,0.0,21.3,28.9,28.9,30.9,300.0,300.0,31.6,35.800000000000004,28.9,28.1,29.9,4.96,2.0,4.96,0.16,0.0,0.0,1027.0,8228.0,0.0,0.0,0.0,0.0,0.0,1.0,0.0,0.0,0.0,0.0,0.0,-0.6000000000000001,0.0,0.7000000000000001,0.0,0.0,16.0,25903.0
2026-07-30T19:03:19.490Z,368.973,368.988,0.0,7.4,0.0,0.0,0.0,0.0,0.0,0.0,0.0,0.0,1.0,0.0,0.0,0.0,9.0,4.0,0.0,0.0,0.0,0.0,0.0,0.0,0.0,0.0,3.0,12.0,1.0,12.17,5.0200000000000005,2.51,1.49,0.0,0.0,0.0,361.4,0.0,-0.3,0.6000000000000001,1.5,-169.60000000000002,0.0,0.0,169.70000000000002,0.0,21.3,28.9,28.9,30.9,300.0,300.0,31.6,35.800000000000004,28.9,28.1,29.9,4.95,1.99,4.96,0.16,0.0,0.0,1027.0,8228.0,0.0,0.0,0.0,0.0,0.0,1.0,0.0,0.0,0.0,0.0,0.0,1.8,0.0,-1.1,0.0,0.0,16.0,25903.0
2026-07-30T19:03:19.502Z,368.985,369.0,0.0,7.4,0.0,0.0,0.0,0.0,0.0,0.0,0.0,0.0,1.0,0.0,0.0,0.0,9.0,4.0,0.0,0.0,0.0,0.0,0.0,0.0,0.0,0.0,3.0,12.0,1.0,12.17,5.0200000000000005,2.51,1.49,0.0,0.0,0.0,361.4,0.0,0.2,-0.5,-0.7000000000000001,-169.60000000000002,0.0,0.0,169.70000000000002,0.0,21.3,28.9,28.9,30.9,300.0,300.0,31.6,35.800000000000004,28.9,28.1,29.9,4.95,1.99,4.97,0.16,0.0,0.0,1027.0,8228.0,0.0,0.0,0.0,0.0,0.0,1.0,0.0,0.0,0.0,0.0,0.0,-1.1,0.0,0.5,0.0,0.0,16.0,25903.0
2026-07-30T19:03:19.514Z,368.997,369.012,0.0,7.4,0.0,0.0,0.0,0.0,0.0,0.0,0.0,0.0,1.0,0.0,0.0,0.0,9.0,4.0,0.0,0.0,0.0,0.0,0.0,0.0,0.0,0.0,5.0,12.0,1.0,12.17,5.0200000000000005,2.51,1.49,0.0,0.0,0.0,361.4,0.0,-0.3,-0.4,0.3,-169.60000000000002,0.0,0.0,169.70000000000002,0.0,21.3,28.9,28.9,30.9,300.0,300.0,31.6,35.800000000000004,28.9,28.1,29.9,4.96,1.99,4.96,0.16,0.0,0.0,1027.0,8228.0,0.0,0.0,0.0,0.0,0.0,1.0,0.0,0.0,0.0,0.0,0.0,-0.2,0.0,-0.4,0.0,0.0,16.0,25903.0
2026-07-30T19:03:19.525Z,369.008,369.024,0.0,7.4,0.0,0.0,0.0,0.0,0.0,0.0,0.0,0.0,1.0,0.0,0.0,0.0,9.0,4.0,0.0,0.0,0.0,0.0,0.0,0.0,0.0,0.0,6.0,12.0,1.0,12.14,5.01,2.51,1.49,0.0,0.0,0.0,361.4,0.0,-0.9,-0.4,-0.7000000000000001,-169.60000000000002,0.0,0.0,169.70000000000002,0.0,21.3,28.9,28.9,30.9,300.0,300.0,31.700000000000003,35.800000000000004,28.9,28.1,29.9,4.96,1.99,4.97,0.16,0.0,0.0,1027.0,8228.0,0.0,0.0,0.0,0.0,0.0,1.0,0.0,0.0,0.0,0.0,0.0,-1.0,0.0,0.5,0.0,0.0,16.0,25903.0
2026-07-30T19:03:19.537Z,369.02,369.036,0.0,7.4,0.0,0.0,0.0,0.0,0.0,0.0,0.0,0.0,1.0,0.0,0.0,0.0,9.0,4.0,0.0,0.0,0.0,0.0,0.0,0.0,0.0,0.0,1.0,12.0,1.0,12.14,5.01,2.51,1.49,0.0,0.1,0.0,361.4,0.0,-0.3,-1.0,-0.1,-169.60000000000002,0.0,0.0,169.60000000000002,0.0,21.3,28.9,28.9,30.9,300.0,300.0,31.700000000000003,35.800000000000004,28.9,28.1,29.9,4.96,1.99,4.97,0.16,0.0,0.0,1027.0,8228.0,0.0,0.0,0.0,0.0,0.0,1.0,0.0,0.0,0.0,0.0,0.0,-1.2000000000000002,0.0,-0.1,0.0,0.0,16.0,25903.0
2026-07-30T19:03:19.549Z,369.032,369.048,0.0,7.4,0.0,0.0,0.0,0.0,0.0,0.0,0.0,0.0,1.0,0.0,0.0,0.0,9.0,4.0,0.0,0.0,0.0,0.0,0.0,0.0,0.0,0.0,2.0,12.0,1.0,12.14,5.01,2.51,1.49,0.0,0.0,0.0,361.3,0.0,-0.3,0.1,0.5,-169.60000000000002,0.0,0.0,169.60000000000002,0.0,21.3,28.9,28.9,30.9,300.0,300.0,31.700000000000003,35.800000000000004,28.9,28.1,29.9,4.96,1.99,4.96,0.16,0.0,0.0,1027.0,8228.0,0.0,0.0,0.0,0.0,0.0,1.0,0.0,0.0,0.0,0.0,0.0,0.5,0.0,-0.4,0.0,0.0,16.0,25903.0
2026-07-30T19:03:19.562Z,369.045,369.06,0.0,7.4,0.0,0.0,0.0,0.0,0.0,0.0,0.0,0.0,1.0,0.0,0.0,0.0,9.0,4.0,0.0,0.0,0.0,0.0,0.0,0.0,0.0,0.0,3.0,12.0,1.0,12.14,5.01,2.51,1.49,0.0,0.0,0.0,361.3,0.0,0.2,-0.9,0.4,-169.60000000000002,0.0,0.0,169.70000000000002,0.0,21.3,28.9,28.9,30.9,300.0,300.0,31.700000000000003,35.800000000000004,28.9,28.1,29.9,4.96,1.99,4.96,0.16,0.0,0.0,1027.0,8228.0,0.0,0.0,0.0,0.0,0.0,1.0,0.0,0.0,0.0,0.0,0.0,-0.7000000000000001,0.0,-0.6000000000000001,0.0,0.0,16.0,25903.0
2026-07-30T19:03:19.574Z,369.057,369.072,0.0,7.4,0.0,0.0,0.0,0.0,0.0,0.0,0.0,0.0,1.0,0.0,0.0,0.0,9.0,4.0,0.0,0.0,0.0,0.0,0.0,0.0,0.0,0.0,4.0,12.0,1.0,12.14,5.01,2.51,1.49,0.0,0.1,0.0,361.4,0.0,-0.3,0.1,0.0,-169.60000000000002,0.0,0.0,169.60000000000002,0.0,21.3,28.9,28.9,30.9,300.0,300.0,31.700000000000003,35.800000000000004,28.9,28.1,29.9,4.96,1.99,4.97,0.16,0.0,0.0,1027.0,8228.0,0.0,0.0,0.0,0.0,0.0,1.0,0.0,0.0,0.0,0.0,0.0,0.0,0.0,0.1,0.0,0.0,16.0,25903.0
2026-07-30T19:03:19.585Z,369.068,369.084,0.0,7.4,0.0,0.0,0.0,0.0,0.0,0.0,0.0,0.0,1.0,0.0,0.0,0.0,9.0,4.0,0.0,0.0,0.0,0.0,0.0,0.0,0.0,0.0,5.0,12.0,1.0,12.14,5.01,2.51,1.49,0.0,0.0,0.0,361.4,0.0,-0.3,0.1,-1.8,-169.60000000000002,0.0,0.0,169.60000000000002,0.0,21.3,28.9,28.9,30.9,300.0,300.0,31.700000000000003,35.800000000000004,28.9,28.1,29.9,4.95,1.99,4.97,0.16,0.0,0.0,1027.0,8228.0,0.0,0.0,0.0,0.0,0.0,1.0,0.0,0.0,0.0,0.0,0.0,-1.2000000000000002,0.0,1.6,0.0,0.0,16.0,25903.0
2026-07-30T19:03:19.598Z,369.081,369.096,0.0,7.4,0.0,0.0,0.0,0.0,0.0,0.0,0.0,0.0,1.0,0.0,0.0,0.0,9.0,4.0,0.0,0.0,0.0,0.0,0.0,0.0,0.0,0.0,6.0,12.0,1.0,12.14,5.01,2.51,1.49,0.0,0.0,0.0,361.3,0.0,-1.4,-1.0,-0.6000000000000001,-169.60000000000002,0.0,0.0,169.70000000000002,0.0,21.3,28.9,28.9,30.9,300.0,300.0,31.700000000000003,35.800000000000004,28.9,28.1,29.9,4.96,1.99,4.96,0.16,0.0,0.0,1027.0,8228.0,0.0,0.0,0.0,0.0,0.0,1.0,0.0,0.0,0.0,0.0,0.0,-1.6,0.0,0.3,0.0,0.0,16.0,25903.0
2026-07-30T19:03:19.610Z,369.093,369.108,0.0,7.4,0.0,0.0,0.0,0.0,0.0,0.0,0.0,0.0,1.0,0.0,0.0,0.0,9.0,4.0,0.0,0.0,0.0,0.0,0.0,0.0,0.0,0.0,1.0,12.0,1.0,12.14,5.01,2.51,1.49,0.0,0.0,0.0,361.4,0.0,-0.9,-0.4,0.0,-169.60000000000002,0.0,0.0,169.60000000000002,0.0,21.3,28.9,28.9,30.9,300.0,300.0,31.700000000000003,35.800000000000004,28.9,28.1,29.9,4.95,1.99,4.97,0.16,0.0,0.0,1027.0,8228.0,0.0,0.0,0.0,0.0,0.0,1.0,0.0,0.0,0.0,0.0,0.0,-0.5,0.0,0.0,0.0,0.0,16.0,25903.0
2026-07-30T19:03:19.623Z,369.106,369.12,0.0,7.4,0.0,0.0,0.0,0.0,0.0,0.0,0.0,0.0,1.0,0.0,0.0,0.0,9.0,4.0,0.0,0.0,0.0,0.0,0.0,0.0,0.0,0.0,2.0,12.0,1.0,12.2,5.01,2.5,1.49,0.0,0.0,0.0,361.4,0.0,-0.3,0.1,0.0,-169.60000000000002,0.0,0.0,169.60000000000002,0.0,21.200000000000003,28.9,28.9,30.9,300.0,300.0,31.6,35.9,28.9,28.0,29.9,4.95,1.99,4.96,0.16,0.0,0.0,1027.0,8228.0,0.0,0.0,0.0,0.0,0.0,1.0,0.0,0.0,0.0,0.0,0.0,0.0,0.0,0.1,0.0,0.0,16.0,25903.0
2026-07-30T19:03:19.633Z,369.116,369.132,0.0,7.4,0.0,0.0,0.0,0.0,0.0,0.0,0.0,0.0,1.0,0.0,0.0,0.0,9.0,4.0,0.0,0.0,0.0,0.0,0.0,0.0,0.0,0.0,3.0,12.0,1.0,12.2,5.01,2.5,1.49,0.0,0.1,0.0,361.3,0.0,0.2,-0.4,-0.6000000000000001,-169.60000000000002,0.0,0.0,169.60000000000002,0.0,21.200000000000003,28.9,28.9,30.9,300.0,300.0,31.6,35.9,28.9,28.0,29.9,4.96,1.99,4.96,0.16,0.0,0.0,1027.0,8228.0,0.0,0.0,0.0,0.0,0.0,1.0,0.0,0.0,0.0,0.0,0.0,-1.0,0.0,0.4,0.0,0.0,16.0,25903.0
2026-07-30T19:03:19.646Z,369.129,369.144,0.0,7.4,0.0,0.0,0.0,0.0,0.0,0.0,0.0,0.0,1.0,0.0,0.0,0.0,9.0,4.0,0.0,0.0,0.0,0.0,0.0,0.0,0.0,0.0,4.0,12.0,1.0,12.2,5.01,2.5,1.49,0.0,0.1,0.0,361.3,0.0,0.7000000000000001,0.7000000000000001,-1.2000000000000002,-169.60000000000002,0.0,0.0,169.60000000000002,0.0,21.200000000000003,28.9,28.9,30.9,300.0,300.0,31.6,35.9,28.9,28.0,29.9,4.95,1.99,4.96,0.16,0.0,0.0,1027.0,8228.0,0.0,0.0,0.0,0.0,0.0,1.0,0.0,0.0,0.0,0.0,0.0,0.0,0.0,1.2000000000000002,0.0,0.0,16.0,25903.0
2026-07-30T19:03:19.657Z,369.14,369.156,0.0,7.4,0.0,0.0,0.0,0.0,0.0,0.0,0.0,0.0,1.0,0.0,0.0,0.0,9.0,4.0,0.0,0.0,0.0,0.0,0.0,0.0,0.0,0.0,5.0,12.0,1.0,12.2,5.01,2.5,1.49,0.0,0.0,0.0,361.4,0.0,0.7000000000000001,0.7000000000000001,1.0,-169.60000000000002,0.0,0.0,169.60000000000002,0.0,21.200000000000003,28.9,28.9,30.9,300.0,300.0,31.6,35.9,28.9,28.0,29.9,4.96,1.99,4.97,0.16,0.0,0.0,1027.0,8228.0,0.0,0.0,0.0,0.0,0.0,1.0,0.0,0.0,0.0,0.0,0.0,1.6,0.0,-0.8,0.0,0.0,16.0,25903.0
2026-07-30T19:03:19.670Z,369.153,369.168,0.0,7.4,0.0,0.0,0.0,0.0,0.0,0.0,0.0,0.0,1.0,0.0,0.0,0.0,9.0,4.0,0.0,0.0,0.0,0.0,0.0,0.0,0.0,0.0,6.0,12.0,1.0,12.2,5.01,2.5,1.49,0.0,0.0,0.0,361.4,0.0,-0.3,0.1,0.0,-169.60000000000002,0.0,0.0,169.60000000000002,0.0,21.200000000000003,28.9,28.9,30.9,300.0,300.0,31.6,35.9,28.9,28.0,29.9,4.96,1.99,4.96,0.16,0.0,0.0,1027.0,8228.0,0.0,0.0,0.0,0.0,0.0,1.0,0.0,0.0,0.0,0.0,0.0,0.1,0.0,0.0,0.0,0.0,16.0,25903.0
2026-07-30T19:03:19.682Z,369.165,369.18,0.0,7.4,0.0,0.0,0.0,0.0,0.0,0.0,0.0,0.0,1.0,0.0,0.0,0.0,9.0,4.0,0.0,0.0,0.0,0.0,0.0,0.0,0.0,0.0,1.0,12.0,1.0,12.2,5.01,2.5,1.49,0.0,0.0,0.0,361.4,0.0,-0.9,0.7000000000000001,0.0,-169.60000000000002,0.0,0.0,169.60000000000002,0.0,21.200000000000003,28.9,28.9,30.9,300.0,300.0,31.6,35.9,28.9,28.0,29.9,4.96,1.99,4.96,0.16,0.0,0.0,1027.0,8228.0,0.0,0.0,0.0,0.0,0.0,1.0,0.0,0.0,0.0,0.0,0.0,0.7000000000000001,0.0,0.2,0.0,0.0,16.0,25903.0
2026-07-30T19:03:19.694Z,369.177,369.192,0.0,7.4,0.0,0.0,0.0,0.0,0.0,0.0,0.0,0.0,1.0,0.0,0.0,0.0,9.0,4.0,0.0,0.0,0.0,0.0,0.0,0.0,0.0,0.0,2.0,12.0,1.0,12.2,5.01,2.5,1.49,0.0,0.0,0.0,361.4,0.0,0.2,-0.4,0.0,-169.60000000000002,0.0,0.0,169.60000000000002,0.0,21.200000000000003,28.9,28.9,30.9,300.0,300.0,31.6,35.9,28.9,28.0,29.9,4.95,1.99,4.96,0.16,0.0,0.0,1027.0,8228.0,0.0,0.0,0.0,0.0,0.0,1.0,0.0,0.0,0.0,0.0,0.0,-0.5,0.0,0.0,0.0,0.0,16.0,25903.0
2026-07-30T19:03:19.706Z,369.189,369.204,0.0,7.4,0.0,0.0,0.0,0.0,0.0,0.0,0.0,0.0,1.0,0.0,0.0,0.0,9.0,4.0,0.0,0.0,0.0,0.0,0.0,0.0,0.0,0.0,3.0,12.0,1.0,12.2,5.01,2.5,1.49,0.0,0.0,0.0,361.3,0.0,-0.3,-0.9,-1.8,-169.60000000000002,0.0,0.0,169.60000000000002,0.0,21.200000000000003,28.9,28.9,30.9,300.0,300.0,31.6,35.9,28.9,28.0,29.9,4.96,1.99,4.96,0.16,0.0,0.0,1027.0,8228.0,0.0,0.0,0.0,0.0,0.0,1.0,0.0,0.0,0.0,0.0,0.0,-2.4000000000000004,0.0,1.3,0.0,0.0,16.0,25903.0
2026-07-30T19:03:19.718Z,369.201,369.216,0.0,7.4,0.0,0.0,0.0,0.0,0.0,0.0,0.0,0.0,1.0,0.0,0.0,0.0,9.0,4.0,0.0,0.0,0.0,0.0,0.0,0.0,0.0,0.0,4.0,12.0,1.0,12.2,5.01,2.5,1.49,0.0,0.0,0.0,361.4,0.0,0.2,0.7000000000000001,0.5,-169.60000000000002,0.0,0.0,169.60000000000002,0.0,21.200000000000003,28.9,28.9,30.9,300.0,300.0,31.6,35.9,28.9,28.0,29.9,4.96,1.99,4.96,0.16,0.0,0.0,1027.0,8228.0,0.0,0.0,0.0,0.0,0.0,1.0,0.0,0.0,0.0,0.0,0.0,1.2000000000000002,0.0,-0.3,0.0,0.0,16.0,25903.0
2026-07-30T19:03:19.729Z,369.212,369.228,0.0,7.4,0.0,0.0,0.0,0.0,0.0,0.0,0.0,0.0,1.0,0.0,0.0,0.0,9.0,4.0,0.0,0.0,0.0,0.0,0.0,0.0,0.0,0.0,6.0,12.0,1.0,12.15,5.0200000000000005,2.51,1.49,0.0,0.1,0.0,361.4,0.0,0.2,0.1,0.5,-169.60000000000002,0.0,0.0,169.60000000000002,0.0,21.700000000000003,28.9,28.9,30.9,300.0,300.0,31.700000000000003,35.800000000000004,28.9,28.0,29.9,4.95,1.99,4.96,0.16,0.0,0.0,1027.0,8228.0,0.0,0.0,0.0,0.0,0.0,1.0,0.0,0.0,0.0,0.0,0.0,0.6000000000000001,0.0,-0.4,0.0,0.0,16.0,25903.0
2026-07-30T19:03:19.742Z,369.225,369.24,0.0,7.4,0.0,0.0,0.0,0.0,0.0,0.0,0.0,0.0,1.0,0.0,0.0,0.0,9.0,4.0,0.0,0.0,0.0,0.0,0.0,0.0,0.0,0.0,1.0,12.0,1.0,12.15,5.0200000000000005,2.51,1.49,0.0,0.0,0.0,361.3,0.0,0.2,-0.9,0.5,-169.60000000000002,0.0,0.0,169.60000000000002,0.0,21.700000000000003,28.9,28.9,30.9,300.0,300.0,31.700000000000003,35.800000000000004,28.9,28.0,29.9,4.95,1.99,4.97,0.16,0.0,0.0,1027.0,8228.0,0.0,0.0,0.0,0.0,0.0,1.0,0.0,0.0,0.0,0.0,0.0,-0.6000000000000001,0.0,-0.6000000000000001,0.0,0.0,16.0,25903.0
2026-07-30T19:03:19.753Z,369.236,369.252,0.0,7.4,0.0,0.0,0.0,0.0,0.0,0.0,0.0,0.0,1.0,0.0,0.0,0.0,9.0,4.0,0.0,0.0,0.0,0.0,0.0,0.0,0.0,0.0,2.0,12.0,1.0,12.15,5.0200000000000005,2.51,1.49,0.0,0.0,0.0,361.3,0.0,-0.3,-0.9,1.1,-169.60000000000002,0.0,0.0,169.60000000000002,0.0,21.700000000000003,28.9,28.9,30.9,300.0,300.0,31.700000000000003,35.800000000000004,28.9,28.0,29.9,4.96,1.99,4.96,0.16,0.0,0.0,1027.0,8228.0,0.0,0.0,0.0,0.0,0.0,1.0,0.0,0.0,0.0,0.0,0.0,-0.2,0.0,-1.1,0.0,0.0,16.0,25903.0
2026-07-30T19:03:19.766Z,369.249,369.264,0.0,7.4,0.0,0.0,0.0,0.0,0.0,0.0,0.0,0.0,1.0,0.0,0.0,0.0,9.0,4.0,0.0,0.0,0.0,0.0,0.0,0.0,0.0,0.0,3.0,12.0,1.0,12.15,5.0200000000000005,2.51,1.49,0.0,0.0,0.0,361.3,0.0,-0.3,-0.3,-0.6000000000000001,-169.60000000000002,0.0,0.0,169.60000000000002,0.0,21.700000000000003,28.9,28.9,30.9,300.0,300.0,31.700000000000003,35.800000000000004,28.9,28.0,29.9,4.96,1.99,4.97,0.16,0.0,0.0,1027.0,8228.0,0.0,0.0,0.0,0.0,0.0,1.0,0.0,0.0,0.0,0.0,0.0,-0.9,0.0,0.4,0.0,0.0,16.0,25903.0
2026-07-30T19:03:19.777Z,369.26,369.276,0.0,7.4,0.0,0.0,0.0,0.0,0.0,0.0,0.0,0.0,1.0,0.0,0.0,0.0,9.0,4.0,0.0,0.0,0.0,0.0,0.0,0.0,0.0,0.0,4.0,12.0,1.0,12.15,5.0200000000000005,2.51,1.49,0.0,0.0,0.0,361.3,0.0,0.8,-0.3,-1.2000000000000002,-169.60000000000002,0.0,0.0,169.60000000000002,0.0,21.700000000000003,28.9,28.9,30.9,300.0,300.0,31.700000000000003,35.800000000000004,28.9,28.0,29.9,4.95,1.99,4.97,0.16,0.0,0.0,1027.0,8228.0,0.0,0.0,0.0,0.0,0.0,1.0,0.0,0.0,0.0,0.0,0.0,-1.3,0.0,1.0,0.0,0.0,16.0,25903.0
2026-07-30T19:03:19.789Z,369.272,369.288,0.0,7.4,0.0,0.0,0.0,0.0,0.0,0.0,0.0,0.0,1.0,0.0,0.0,0.0,9.0,4.0,0.0,0.0,0.0,0.0,0.0,0.0,0.0,0.0,5.0,12.0,1.0,12.15,5.0200000000000005,2.51,1.49,0.0,0.0,0.0,361.4,0.0,0.2,-0.3,-0.1,-169.60000000000002,0.0,0.0,169.70000000000002,0.0,21.700000000000003,28.9,28.9,30.9,300.0,300.0,31.700000000000003,35.800000000000004,28.9,28.0,29.9,4.95,1.99,4.96,0.16,0.0,0.0,1027.0,8228.0,0.0,0.0,0.0,0.0,0.0,1.0,0.0,0.0,0.0,0.0,0.0,-0.5,0.0,0.0,0.0,0.0,16.0,25903.0
2026-07-30T19:03:19.801Z,369.284,369.3,0.0,7.4,0.0,0.0,0.0,0.0,0.0,0.0,0.0,0.0,1.0,0.0,0.0,0.0,9.0,4.0,0.0,0.0,0.0,0.0,0.0,0.0,0.0,0.0,6.0,12.0,1.0,12.15,5.0200000000000005,2.51,1.49,0.0,0.0,0.0,361.4,0.0,0.8,0.2,0.0,-169.60000000000002,0.0,0.0,169.60000000000002,0.0,21.700000000000003,28.9,28.9,30.9,300.0,300.0,31.700000000000003,35.800000000000004,28.9,28.0,29.9,4.95,1.99,4.96,0.16,0.0,0.0,1027.0,8228.0,0.0,0.0,0.0,0.0,0.0,1.0,0.0,0.0,0.0,0.0,0.0,0.1,0.0,0.1,0.0,0.0,16.0,25903.0
2026-07-30T19:03:19.813Z,369.296,369.312,0.0,7.4,0.0,0.0,0.0,0.0,0.0,0.0,0.0,0.0,1.0,0.0,0.0,0.0,9.0,4.0,0.0,0.0,0.0,0.0,0.0,0.0,0.0,0.0,1.0,12.0,1.0,12.15,5.0200000000000005,2.51,1.49,0.0,0.0,0.0,361.3,0.0,-0.2,1.3,0.0,-169.60000000000002,0.0,0.0,169.70000000000002,0.0,21.700000000000003,28.9,28.9,30.9,300.0,300.0,31.700000000000003,35.800000000000004,28.9,28.0,29.9,4.95,1.99,4.97,0.16,0.0,0.0,1027.0,8228.0,0.0,0.0,0.0,0.0,0.0,1.0,0.0,0.0,0.0,0.0,0.0,1.4,0.0,0.3,0.0,0.0,16.0,25903.0
2026-07-30T19:03:19.826Z,369.309,369.324,0.0,7.4,0.0,0.0,0.0,0.0,0.0,0.0,0.0,0.0,1.0,0.0,0.0,0.0,9.0,4.0,0.0,0.0,0.0,0.0,0.0,0.0,0.0,0.0,2.0,12.0,1.0,12.15,5.0200000000000005,2.51,1.49,0.0,0.0,0.0,361.3,0.0,0.8,0.7000000000000001,-0.6000000000000001,-169.60000000000002,0.0,0.0,169.70000000000002,0.0,21.700000000000003,28.9,28.9,30.9,300.0,300.0,31.700000000000003,35.800000000000004,28.9,28.0,29.9,4.95,1.99,4.97,0.16,0.0,0.0,1027.0,8228.0,0.0,0.0,0.0,0.0,0.0,1.0,0.0,0.0,0.0,0.0,0.0,0.3,0.0,0.7000000000000001,0.0,0.0,16.0,25903.0
2026-07-30T19:03:19.838Z,369.321,369.336,0.0,7.4,0.0,0.0,0.0,0.0,0.0,0.0,0.0,0.0,1.0,0.0,0.0,0.0,9.0,4.0,0.0,0.0,0.0,0.0,0.0,0.0,0.0,0.0,4.0,12.0,1.0,12.15,5.0200000000000005,2.51,1.49,0.0,0.0,0.0,361.4,0.0,-0.2,0.7000000000000001,0.0,-169.60000000000002,0.0,0.0,169.70000000000002,0.0,21.700000000000003,28.9,28.9,30.9,300.0,300.0,31.700000000000003,35.800000000000004,28.9,28.0,29.9,4.96,1.99,4.96,0.15,0.0,0.0,1027.0,8228.0,0.0,0.0,0.0,0.0,0.0,1.0,0.0,0.0,0.0,0.0,0.0,0.8,0.0,0.2,0.0,0.0,16.0,25903.0
2026-07-30T19:03:19.850Z,369.333,369.348,0.0,7.4,0.0,0.0,0.0,0.0,0.0,0.0,0.0,0.0,1.0,0.0,0.0,0.0,9.0,4.0,0.0,0.0,0.0,0.0,0.0,0.0,0.0,0.0,5.0,12.0,1.0,12.15,5.0200000000000005,2.51,1.49,0.0,0.0,0.0,361.4,0.0,-0.2,0.1,-0.1,-169.60000000000002,0.0,0.0,169.60000000000002,0.0,21.700000000000003,28.9,28.9,30.9,300.0,300.0,31.700000000000003,35.800000000000004,28.9,28.0,29.9,4.95,1.99,4.97,0.15,0.0,0.0,1027.0,8228.0,0.0,0.0,0.0,0.0,0.0,1.0,0.0,0.0,0.0,0.0,0.0,0.1,0.0,0.1,0.0,0.0,16.0,25903.0
2026-07-30T19:03:19.861Z,369.344,369.36,0.0,7.4,0.0,0.0,0.0,0.0,0.0,0.0,0.0,0.0,1.0,0.0,0.0,0.0,9.0,4.0,0.0,0.0,0.0,0.0,0.0,0.0,0.0,0.0,6.0,12.0,1.0,12.15,5.0200000000000005,2.51,1.49,0.0,0.0,0.0,361.4,0.0,0.9,1.3,1.0,-169.60000000000002,0.0,0.0,169.60000000000002,0.0,21.700000000000003,28.9,28.9,30.9,300.0,300.0,31.700000000000003,35.800000000000004,28.9,28.0,29.9,4.95,2.0,4.96,0.16,0.0,0.0,1027.0,8228.0,0.0,0.0,0.0,0.0,0.0,1.0,0.0,0.0,0.0,0.0,0.0,2.2,0.0,-0.6000000000000001,0.0,0.0,16.0,25903.0
2026-07-30T19:03:19.874Z,369.357,369.372,0.0,7.4,0.0,0.0,0.0,0.0,0.0,0.0,0.0,0.0,1.0,0.0,0.0,0.0,9.0,4.0,0.0,0.0,0.0,0.0,0.0,0.0,0.0,0.0,1.0,12.0,1.0,12.15,5.0200000000000005,2.51,1.49,0.0,0.0,0.0,361.4,0.0,0.3,1.3,1.6,-169.60000000000002,0.0,0.0,169.70000000000002,0.0,21.700000000000003,28.9,28.9,30.9,300.0,300.0,31.700000000000003,35.800000000000004,28.9,28.0,29.9,4.96,1.99,4.96,0.16,0.0,0.0,1027.0,8228.0,0.0,0.0,0.0,0.0,0.0,1.0,0.0,0.0,0.0,0.0,0.0,2.7,0.0,-1.1,0.0,0.0,16.0,25903.0
2026-07-30T19:03:19.886Z,369.369,369.384,0.0,7.4,0.0,0.0,0.0,0.0,0.0,0.0,0.0,0.0,1.0,0.0,0.0,0.0,9.0,4.0,0.0,0.0,0.0,0.0,0.0,0.0,0.0,0.0,2.0,12.0,1.0,12.15,5.0200000000000005,2.51,1.49,0.0,0.0,0.0,361.3,0.0,-0.2,-0.3,0.4,-169.60000000000002,0.0,0.0,169.60000000000002,0.0,21.700000000000003,28.9,28.9,30.9,300.0,300.0,31.700000000000003,35.800000000000004,28.9,28.0,29.9,4.95,1.99,4.97,0.16,0.0,0.0,1027.0,8228.0,0.0,0.0,0.0,0.0,0.0,1.0,0.0,0.0,0.0,0.0,0.0,-0.1,0.0,-0.4,0.0,0.0,16.0,25903.0
2026-07-30T19:03:19.897Z,369.38,369.396,0.0,7.4,0.0,0.0,0.0,0.0,0.0,0.0,0.0,0.0,1.0,0.0,0.0,0.0,9.0,4.0,0.0,0.0,0.0,0.0,0.0,0.0,0.0,0.0,3.0,12.0,1.0,12.15,5.0200000000000005,2.51,1.49,0.0,0.0,0.0,361.4,0.0,-0.8,-0.9,-1.3,-169.60000000000002,0.0,0.0,169.60000000000002,0.0,21.700000000000003,28.9,28.9,30.9,300.0,300.0,31.700000000000003,35.800000000000004,28.9,28.0,29.9,4.96,1.99,4.96,0.16,0.0,0.0,1027.0,8228.0,0.0,0.0,0.0,0.0,0.0,1.0,0.0,0.0,0.0,0.0,0.0,-2.1,0.0,0.9,0.0,0.0,16.0,25903.0
2026-07-30T19:03:19.910Z,369.393,369.408,0.0,7.4,0.0,0.0,0.0,0.0,0.0,0.0,0.0,0.0,1.0,0.0,0.0,0.0,9.0,4.0,0.0,0.0,0.0,0.0,0.0,0.0,0.0,0.0,4.0,12.0,1.0,12.15,5.0200000000000005,2.51,1.49,0.0,0.0,0.0,361.3,0.0,0.2,1.3,-0.1,-169.60000000000002,0.0,0.0,169.70000000000002,0.0,21.700000000000003,28.9,28.9,30.9,300.0,300.0,31.700000000000003,35.800000000000004,28.9,28.0,29.9,4.96,1.99,4.96,0.16,0.0,0.0,1027.0,8228.0,0.0,0.0,0.0,0.0,0.0,1.0,0.0,0.0,0.0,0.0,0.0,1.3,0.0,0.4,0.0,0.0,16.0,25903.0
2026-07-30T19:03:19.921Z,369.404,369.42,0.0,7.4,0.0,0.0,0.0,0.0,0.0,0.0,0.0,0.0,1.0,0.0,0.0,0.0,9.0,4.0,0.0,0.0,0.0,0.0,0.0,0.0,0.0,0.0,6.0,12.0,1.0,12.15,5.0200000000000005,2.51,1.49,0.0,0.0,0.0,361.4,0.0,0.2,0.1,0.4,-169.60000000000002,0.0,0.0,169.60000000000002,0.0,21.700000000000003,28.9,28.9,30.9,300.0,300.0,31.700000000000003,35.800000000000004,28.9,28.0,29.9,4.96,1.99,4.96,0.16,0.0,0.0,1027.0,8228.0,0.0,0.0,0.0,0.0,0.0,1.0,0.0,0.0,0.0,0.0,0.0,0.4,0.0,-0.3,0.0,0.0,16.0,25903.0
2026-07-30T19:03:19.934Z,369.417,369.432,0.0,7.4,0.0,0.0,0.0,0.0,0.0,0.0,0.0,0.0,1.0,0.0,0.0,0.0,9.0,4.0,0.0,0.0,0.0,0.0,0.0,0.0,0.0,0.0,6.0,12.0,1.0,12.22,5.01,2.51,1.49,0.0,0.1,0.0,361.3,0.0,-0.9,-0.5,0.4,-169.60000000000002,0.0,0.0,169.60000000000002,0.0,21.4,28.9,28.9,30.9,300.0,300.0,31.700000000000003,35.9,28.9,28.1,29.9,4.95,1.99,4.97,0.16,0.0,0.0,1027.0,8228.0,0.0,0.0,0.0,0.0,0.0,1.0,0.0,0.0,0.0,0.0,0.0,-0.2,0.0,-0.4,0.0,0.0,16.0,25903.0
2026-07-30T19:03:19.945Z,369.428,369.444,0.0,7.4,0.0,0.0,0.0,0.0,0.0,0.0,0.0,0.0,1.0,0.0,0.0,0.0,9.0,4.0,0.0,0.0,0.0,0.0,0.0,0.0,0.0,0.0,1.0,12.0,1.0,12.22,5.01,2.51,1.49,0.0,0.0,0.0,361.3,0.0,-0.4,0.0,-0.7000000000000001,-169.60000000000002,0.0,0.0,169.70000000000002,0.0,21.4,28.9,28.9,30.9,300.0,300.0,31.700000000000003,35.9,28.9,28.1,29.9,4.95,1.99,4.96,0.16,0.0,0.0,1027.0,8228.0,0.0,0.0,0.0,0.0,0.0,1.0,0.0,0.0,0.0,0.0,0.0,-0.4,0.0,0.6000000000000001,0.0,0.0,16.0,25903.0
2026-07-30T19:03:19.958Z,369.441,369.456,0.0,7.4,0.0,0.0,0.0,0.0,0.0,0.0,0.0,0.0,1.0,0.0,0.0,0.0,9.0,4.0,0.0,0.0,0.0,0.0,0.0,0.0,0.0,0.0,2.0,12.0,1.0,12.22,5.01,2.51,1.49,0.0,0.0,0.0,361.3,0.0,0.1,0.0,0.3,-169.60000000000002,0.0,0.0,169.60000000000002,0.0,21.4,28.9,28.9,30.9,300.0,300.0,31.700000000000003,35.9,28.9,28.1,29.9,4.95,1.99,4.96,0.16,0.0,0.0,1027.0,8228.0,0.0,0.0,0.0,0.0,0.0,1.0,0.0,0.0,0.0,0.0,0.0,0.3,0.0,-0.3,0.0,0.0,16.0,25903.0
2026-07-30T19:03:19.969Z,369.452,369.468,0.0,7.4,0.0,0.0,0.0,0.0,0.0,0.0,0.0,0.0,1.0,0.0,0.0,0.0,9.0,4.0,0.0,0.0,0.0,0.0,0.0,0.0,0.0,0.0,3.0,12.0,1.0,12.22,5.01,2.51,1.49,0.0,0.0,0.0,361.3,0.0,-0.4,0.0,-0.1,-169.60000000000002,0.0,0.0,169.70000000000002,0.0,21.4,28.9,28.9,30.9,300.0,300.0,31.700000000000003,35.9,28.9,28.1,29.9,4.95,1.99,4.96,0.16,0.0,0.0,1027.0,8228.0,0.0,0.0,0.0,0.0,0.0,1.0,0.0,0.0,0.0,0.0,0.0,1.4,0.0,-0.7000000000000001,0.0,0.0,16.0,25903.0
2026-07-30T19:03:19.981Z,369.464,369.48,0.0,7.4,0.0,0.0,0.0,0.0,0.0,0.0,0.0,0.0,1.0,0.0,0.0,0.0,9.0,4.0,0.0,0.0,0.0,0.0,0.0,0.0,0.0,0.0,4.0,12.0,1.0,12.22,5.01,2.51,1.49,0.0,0.0,0.0,361.3,0.0,0.7000000000000001,0.0,0.4,-169.60000000000002,0.0,0.0,169.60000000000002,0.0,21.4,28.9,28.9,30.9,300.0,300.0,31.700000000000003,35.9,28.9,28.1,29.9,4.96,1.99,4.97,0.16,0.0,0.0,1027.0,8228.0,0.0,0.0,0.0,0.0,0.0,1.0,0.0,0.0,0.0,0.0,0.0,0.0,0.0,0.1,0.0,0.0,16.0,25903.0
2026-07-30T19:03:19.993Z,369.476,369.492,0.0,7.4,0.0,0.0,0.0,0.0,0.0,0.0,0.0,0.0,1.0,0.0,0.0,0.0,9.0,4.0,0.0,0.0,0.0,0.0,0.0,0.0,0.0,0.0,5.0,12.0,1.0,12.22,5.01,2.51,1.49,0.0,0.0,0.0,361.3,0.0,0.2,-0.5,1.0,-169.60000000000002,0.0,0.0,169.70000000000002,0.0,21.4,28.9,28.9,30.9,300.0,300.0,31.700000000000003,35.9,28.9,28.1,29.9,4.96,2.0,4.96,0.16,0.0,0.0,1027.0,8228.0,0.0,0.0,0.0,0.0,0.0,1.0,0.0,0.0,0.0,0.0,0.0,-0.4,0.0,-1.1,0.0,0.0,16.0,25903.0
2026-07-30T19:03:20.006Z,369.489,369.504,0.0,7.4,0.0,0.0,0.0,0.0,0.0,0.0,0.0,0.0,1.0,0.0,0.0,0.0,9.0,4.0,0.0,0.0,0.0,0.0,0.0,0.0,0.0,0.0,6.0,12.0,1.0,12.22,5.01,2.51,1.49,0.0,0.1,0.0,361.3,0.0,0.2,0.6000000000000001,0.9,-169.60000000000002,0.0,0.0,169.70000000000002,0.0,21.4,28.9,28.9,30.9,300.0,300.0,31.700000000000003,35.9,28.9,28.1,29.9,4.96,1.99,4.97,0.15,0.0,0.0,1027.0,8228.0,0.0,0.0,0.0,0.0,0.0,1.0,0.0,0.0,0.0,0.0,0.0,1.4,0.0,-0.7000000000000001,0.0,0.0,16.0,25903.0
2026-07-30T19:03:20.018Z,369.501,369.516,0.0,7.4,0.0,0.0,0.0,0.0,0.0,0.0,0.0,0.0,1.0,0.0,0.0,0.0,9.0,4.0,0.0,0.0,0.0,0.0,0.0,0.0,0.0,0.0,2.0,12.0,1.0,12.22,5.01,2.51,1.49,0.0,0.0,0.0,361.4,0.0,-0.3,-0.5,-0.1,-169.60000000000002,0.0,0.0,169.70000000000002,0.0,21.4,28.9,28.9,30.9,300.0,300.0,31.700000000000003,35.9,28.9,28.1,29.9,4.95,1.99,4.97,0.16,0.0,0.0,1027.0,8228.0,0.0,0.0,0.0,0.0,0.0,1.0,0.0,0.0,0.0,0.0,0.0,-0.7000000000000001,0.0,0.0,0.0,0.0,16.0,25903.0
2026-07-30T19:03:20.031Z,369.514,369.528,0.0,7.4,0.0,0.0,0.0,0.0,0.0,0.0,0.0,0.0,1.0,0.0,0.0,0.0,9.0,4.0,0.0,0.0,0.0,0.0,0.0,0.0,0.0,0.0,2.0,12.0,1.0,12.17,5.01,2.51,1.49,0.0,0.0,0.0,361.3,0.0,0.2,-0.5,-0.1,-169.60000000000002,0.0,0.0,169.60000000000002,0.0,20.9,28.9,28.9,30.9,300.0,300.0,31.8,35.9,28.9,28.1,29.9,4.95,1.99,4.96,0.16,0.0,0.0,1027.0,8228.0,0.0,0.0,0.0,0.0,0.0,1.0,0.0,0.0,0.0,0.0,0.0,-0.7000000000000001,0.0,0.0,0.0,0.0,16.0,25903.0
2026-07-30T19:03:20.042Z,369.525,369.54,0.0,7.4,0.0,0.0,0.0,0.0,0.0,0.0,0.0,0.0,1.0,0.0,0.0,0.0,9.0,4.0,0.0,0.0,0.0,0.0,0.0,0.0,0.0,0.0,4.0,12.0,1.0,12.17,5.01,2.51,1.49,0.0,0.0,0.0,361.3,0.0,0.1,-0.5,-0.7000000000000001,-169.60000000000002,0.0,0.0,169.60000000000002,0.0,20.9,28.9,28.9,30.9,300.0,300.0,31.8,35.9,28.9,28.1,29.9,4.95,2.0,4.96,0.16,0.0,0.0,1027.0,8228.0,0.0,0.0,0.0,0.0,0.0,1.0,0.0,0.0,0.0,0.0,0.0,-1.2000000000000002,0.0,0.5,0.0,0.0,16.0,25903.0
2026-07-30T19:03:20.054Z,369.537,369.552,0.0,7.4,0.0,0.0,0.0,0.0,0.0,0.0,0.0,0.0,1.0,0.0,0.0,0.0,9.0,4.0,0.0,0.0,0.0,0.0,0.0,0.0,0.0,0.0,6.0,12.0,1.0,12.17,5.01,2.51,1.49,0.0,0.0,0.0,361.3,0.0,0.2,1.2000000000000002,0.3,-169.60000000000002,0.0,0.0,169.60000000000002,0.0,20.9,28.9,28.9,30.9,300.0,300.0,31.8,35.9,28.9,28.1,29.9,4.95,1.99,4.97,0.16,0.0,0.0,1027.0,8228.0,0.0,0.0,0.0,0.0,0.0,1.0,0.0,0.0,0.0,0.0,0.0,1.6,0.0,0.0,0.0,0.0,16.0,25903.0
2026-07-30T19:03:20.066Z,369.549,369.564,0.0,7.4,0.0,0.0,0.0,0.0,0.0,0.0,0.0,0.0,1.0,0.0,0.0,0.0,9.0,4.0,0.0,0.0,0.0,0.0,0.0,0.0,0.0,0.0,1.0,12.0,1.0,12.17,5.01,2.51,1.49,0.0,0.0,0.0,361.4,0.0,0.1,1.2000000000000002,0.3,-169.60000000000002,0.0,0.0,169.70000000000002,0.0,20.9,28.9,28.9,30.9,300.0,300.0,31.8,35.9,28.9,28.1,29.9,4.95,1.99,4.97,0.16,0.0,0.0,1027.0,8228.0,0.0,0.0,0.0,0.0,0.0,1.0,0.0,0.0,0.0,0.0,0.0,1.6,0.0,0.0,0.0,0.0,16.0,25903.0
2026-07-30T19:03:20.078Z,369.561,369.576,0.0,7.4,0.0,0.0,0.0,0.0,0.0,0.0,0.0,0.0,1.0,0.0,0.0,0.0,9.0,4.0,0.0,0.0,0.0,0.0,0.0,0.0,0.0,0.0,2.0,12.0,1.0,12.17,5.01,2.51,1.49,0.0,0.0,0.0,361.3,0.0,0.7000000000000001,-1.1,-2.0,-169.60000000000002,0.0,0.0,169.70000000000002,0.0,20.9,28.9,28.9,30.9,300.0,300.0,31.8,35.9,28.9,28.1,29.9,4.96,1.99,4.96,0.16,0.0,0.0,1027.0,8228.0,0.0,0.0,0.0,0.0,0.0,1.0,0.0,0.0,0.0,0.0,0.0,-2.8000000000000003,0.0,1.5,0.0,0.0,16.0,25903.0
2026-07-30T19:03:20.090Z,369.573,369.588,0.0,7.4,0.0,0.0,0.0,0.0,0.0,0.0,0.0,0.0,1.0,0.0,0.0,0.0,9.0,4.0,0.0,0.0,0.0,0.0,0.0,0.0,0.0,0.0,4.0,12.0,1.0,12.17,5.01,2.51,1.49,0.0,0.0,0.0,361.4,0.0,0.1,-1.1,0.3,-169.60000000000002,0.0,0.0,169.70000000000002,0.0,20.9,28.9,28.9,30.9,300.0,300.0,31.8,35.9,28.9,28.1,29.9,4.95,1.99,4.97,0.16,0.0,0.0,1027.0,8228.0,0.0,0.0,0.0,0.0,0.0,1.0,0.0,0.0,0.0,0.0,0.0,-1.0,0.0,-0.5,0.0,0.0,16.0,25903.0
2026-07-30T19:03:20.102Z,369.585,369.6,0.0,7.4,0.0,0.0,0.0,0.0,0.0,0.0,0.0,0.0,1.0,0.0,0.0,0.0,9.0,4.0,0.0,0.0,0.0,0.0,0.0,0.0,0.0,0.0,5.0,12.0,1.0,12.17,5.01,2.51,1.49,0.0,0.0,0.0,361.3,0.0,-0.4,0.6000000000000001,-0.2,-169.60000000000002,0.0,0.0,169.8,0.0,20.9,28.9,28.9,30.9,300.0,300.0,31.8,35.9,28.9,28.1,29.9,4.95,2.0,4.96,0.16,0.0,0.0,1027.0,8228.0,0.0,0.0,0.0,0.0,0.0,1.0,0.0,0.0,0.0,0.0,0.0,0.4,0.0,0.3,0.0,0.0,16.0,25903.0
2026-07-30T19:03:20.113Z,369.596,369.612,0.0,7.4,0.0,0.0,0.0,0.0,0.0,0.0,0.0,0.0,1.0,0.0,0.0,0.0,9.0,4.0,0.0,0.0,0.0,0.0,0.0,0.0,0.0,0.0,6.0,12.0,1.0,12.17,5.01,2.51,1.49,0.0,0.0,0.0,361.3,0.0,-0.4,-0.5,-0.2,-169.60000000000002,0.0,0.0,169.8,0.0,20.9,28.9,28.9,30.9,300.0,300.0,31.8,35.9,28.9,28.1,29.9,4.96,2.0,4.96,0.16,0.0,0.0,1027.0,8228.0,0.0,0.0,0.0,0.0,0.0,1.0,0.0,0.0,0.0,0.0,0.0,-0.8,0.0,0.1,0.0,0.0,16.0,25903.0
2026-07-30T19:03:20.126Z,369.609,369.624,0.0,7.4,0.0,0.0,0.0,0.0,0.0,0.0,0.0,0.0,1.0,0.0,0.0,0.0,9.0,4.0,0.0,0.0,0.0,0.0,0.0,0.0,0.0,0.0,1.0,12.0,1.0,12.17,5.01,2.51,1.49,0.0,0.0,0.0,361.3,0.0,0.1,-0.5,0.9,-169.60000000000002,0.0,0.0,169.70000000000002,0.0,20.9,28.9,28.9,30.9,300.0,300.0,31.8,35.9,28.9,28.1,29.9,4.95,2.0,4.97,0.17,0.0,0.0,1027.0,8228.0,0.0,0.0,0.0,0.0,0.0,1.0,0.0,0.0,0.0,0.0,0.0,0.0,0.0,-0.9,0.0,0.0,16.0,25903.0
2026-07-30T19:03:20.137Z,369.62,369.636,0.0,7.4,0.0,0.0,0.0,0.0,0.0,0.0,0.0,0.0,1.0,0.0,0.0,0.0,9.0,4.0,0.0,0.0,0.0,0.0,0.0,0.0,0.0,0.0,3.0,12.0,1.0,12.14,5.0200000000000005,2.51,1.5,0.0,0.1,0.0,361.3,0.0,-0.3,0.0,-0.8,-169.60000000000002,0.0,0.0,169.70000000000002,0.0,21.3,28.9,28.9,30.9,300.0,300.0,31.700000000000003,35.800000000000004,28.9,28.0,29.9,4.95,1.99,4.97,0.17,0.0,0.0,1027.0,8228.0,0.0,0.0,0.0,0.0,0.0,1.0,0.0,0.0,0.0,0.0,0.0,-0.5,0.0,0.7000000000000001,0.0,0.0,16.0,25903.0
2026-07-30T19:03:20.149Z,369.632,369.648,0.0,7.4,0.0,0.0,0.0,0.0,0.0,0.0,0.0,0.0,1.0,0.0,0.0,0.0,9.0,4.0,0.0,0.0,0.0,0.0,0.0,0.0,0.0,0.0,4.0,12.0,1.0,12.14,5.0200000000000005,2.51,1.5,0.0,0.0,0.0,361.3,0.0,-0.4,0.0,-2.5,-169.60000000000002,0.0,0.0,169.60000000000002,0.0,21.3,28.9,28.9,30.9,300.0,300.0,31.700000000000003,35.800000000000004,28.9,28.0,29.9,4.95,1.99,4.96,0.17,0.0,0.0,1027.0,8228.0,0.0,0.0,0.0,0.0,0.0,1.0,0.0,0.0,0.0,0.0,0.0,-1.8,0.0,2.2,0.0,0.0,16.0,25903.0
2026-07-30T19:03:20.161Z,369.644,369.66,0.0,7.4,0.0,0.0,0.0,0.0,0.0,0.0,0.0,0.0,1.0,0.0,0.0,0.0,9.0,4.0,0.0,0.0,0.0,0.0,0.0,0.0,0.0,0.0,5.0,12.0,1.0,12.14,5.0200000000000005,2.51,1.5,0.0,0.0,0.0,361.4,0.0,0.1,1.1,-0.2,-169.60000000000002,0.0,0.0,169.60000000000002,0.0,21.3,28.9,28.9,30.9,300.0,300.0,31.700000000000003,35.800000000000004,28.9,28.0,29.9,4.96,1.99,4.96,0.16,0.0,0.0,1027.0,8228.0,0.0,0.0,0.0,0.0,0.0,1.0,0.0,0.0,0.0,0.0,0.0,1.1,0.0,0.4,0.0,0.0,16.0,25903.0
2026-07-30T19:03:20.174Z,369.657,369.672,0.0,7.4,0.0,0.0,0.0,0.0,0.0,0.0,0.0,0.0,1.0,0.0,0.0,0.0,9.0,4.0,0.0,0.0,0.0,0.0,0.0,0.0,0.0,0.0,6.0,12.0,1.0,12.14,5.0200000000000005,2.51,1.5,0.0,0.0,0.0,361.3,0.0,0.7000000000000001,0.0,0.9,-169.60000000000002,0.0,0.0,169.70000000000002,0.0,21.3,28.9,28.9,30.9,300.0,300.0,31.700000000000003,35.800000000000004,28.9,28.0,29.9,4.95,1.99,4.97,0.16,0.0,0.0,1027.0,8228.0,0.0,0.0,0.0,0.0,0.0,1.0,0.0,0.0,0.0,0.0,0.0,0.7000000000000001,0.0,-0.8,0.0,0.0,16.0,25903.0
2026-07-30T19:03:20.185Z,369.668,369.684,0.0,7.4,0.0,0.0,0.0,0.0,0.0,0.0,0.0,0.0,1.0,0.0,0.0,0.0,9.0,4.0,0.0,0.0,0.0,0.0,0.0,0.0,0.0,0.0,2.0,12.0,1.0,12.14,5.0200000000000005,2.51,1.5,0.0,0.0,0.0,361.3,0.0,0.7000000000000001,0.0,0.3,-169.60000000000002,0.0,0.0,169.60000000000002,0.0,21.3,28.9,28.9,30.9,300.0,300.0,31.700000000000003,35.800000000000004,28.9,28.0,29.9,4.96,1.99,4.96,0.16,0.0,0.0,1027.0,8228.0,0.0,0.0,0.0,0.0,0.0,1.0,0.0,0.0,0.0,0.0,0.0,0.3,0.0,-0.2,0.0,0.0,16.0,25903.0
2026-07-30T19:03:20.198Z,369.681,369.696,0.0,7.4,0.0,0.0,0.0,0.0,0.0,0.0,0.0,0.0,1.0,0.0,0.0,0.0,9.0,4.0,0.0,0.0,0.0,0.0,0.0,0.0,0.0,0.0,3.0,12.0,1.0,12.14,5.0200000000000005,2.51,1.5,0.0,0.0,0.0,361.3,0.0,0.1,0.6000000000000001,-0.8,-169.60000000000002,0.0,0.0,169.60000000000002,0.0,21.3,28.9,28.9,30.9,300.0,300.0,31.700000000000003,35.800000000000004,28.9,28.0,29.9,4.96,2.0,4.96,0.16,0.0,0.0,1027.0,8228.0,0.0,0.0,0.0,0.0,0.0,1.0,0.0,0.0,0.0,0.0,0.0,0.0,0.0,0.8,0.0,0.0,16.0,25903.0
2026-07-30T19:03:20.210Z,369.693,369.708,0.0,7.4,0.0,0.0,0.0,0.0,0.0,0.0,0.0,0.0,1.0,0.0,0.0,0.0,9.0,4.0,0.0,0.0,0.0,0.0,0.0,0.0,0.0,0.0,4.0,12.0,1.0,12.14,5.0200000000000005,2.51,1.5,0.0,0.0,0.0,361.4,0.0,0.1,1.2000000000000002,0.3,-169.60000000000002,0.0,0.0,169.60000000000002,0.0,21.3,28.9,28.9,30.9,300.0,300.0,31.700000000000003,35.800000000000004,28.9,28.0,29.9,4.95,1.99,4.96,0.16,0.0,0.0,1027.0,8228.0,0.0,0.0,0.0,0.0,0.0,1.0,0.0,0.0,0.0,0.0,0.0,1.6,0.0,0.0,0.0,0.0,16.0,25903.0
2026-07-30T19:03:20.222Z,369.705,369.72,0.0,7.4,0.0,0.0,0.0,0.0,0.0,0.0,0.0,0.0,1.0,0.0,0.0,0.0,9.0,4.0,0.0,0.0,0.0,0.0,0.0,0.0,0.0,0.0,6.0,12.0,1.0,12.14,5.0200000000000005,2.51,1.5,0.0,0.0,0.0,361.3,0.0,0.2,0.0,0.9,-169.60000000000002,0.0,0.0,169.60000000000002,0.0,21.3,28.9,28.9,30.9,300.0,300.0,31.700000000000003,35.800000000000004,28.9,28.0,29.9,4.95,1.99,4.97,0.16,0.0,0.0,1027.0,8228.0,0.0,0.0,0.0,0.0,0.0,1.0,0.0,0.0,0.0,0.0,0.0,0.7000000000000001,0.0,-0.7000000000000001,0.0,0.0,16.0,25903.0
2026-07-30T19:03:20.235Z,369.718,369.732,0.0,7.4,0.0,0.0,0.0,0.0,0.0,0.0,0.0,0.0,1.0,0.0,0.0,0.0,9.0,4.0,0.0,0.0,0.0,0.0,0.0,0.0,0.0,0.0,2.0,12.0,1.0,12.17,5.0200000000000005,2.5,1.49,0.0,0.0,0.0,361.4,0.0,0.7000000000000001,-0.4,-0.8,-169.60000000000002,0.0,0.0,169.8,0.0,21.8,28.9,28.9,30.9,300.0,300.0,31.5,35.800000000000004,28.8,28.0,29.9,4.96,2.0,4.96,0.16,0.0,0.0,1027.0,8228.0,0.0,0.0,0.0,0.0,0.0,1.0,0.0,0.0,0.0,0.0,0.0,-1.1,0.0,0.6000000000000001,0.0,0.0,16.0,25903.0
2026-07-30T19:03:20.245Z,369.728,369.744,0.0,7.4,0.0,0.0,0.0,0.0,0.0,0.0,0.0,0.0,1.0,0.0,0.0,0.0,9.0,4.0,0.0,0.0,0.0,0.0,0.0,0.0,0.0,0.0,3.0,12.0,1.0,12.17,5.0200000000000005,2.5,1.49,0.0,0.0,0.0,361.3,0.0,0.1,0.1,0.9,-169.60000000000002,0.0,0.0,169.70000000000002,0.0,21.8,28.9,28.9,30.9,300.0,300.0,31.5,35.800000000000004,28.8,28.0,29.9,4.96,1.99,4.97,0.16,0.0,0.0,1027.0,8228.0,0.0,0.0,0.0,0.0,0.0,1.0,0.0,0.0,0.0,0.0,0.0,0.8,0.0,-0.8,0.0,0.0,16.0,25903.0
2026-07-30T19:03:20.258Z,369.741,369.756,0.0,7.4,0.0,0.0,0.0,0.0,0.0,0.0,0.0,0.0,1.0,0.0,0.0,0.0,9.0,4.0,0.0,0.0,0.0,0.0,0.0,0.0,0.0,0.0,4.0,12.0,1.0,12.17,5.0200000000000005,2.5,1.49,0.0,0.0,0.0,361.3,0.0,0.2,-0.4,-0.7000000000000001,-169.60000000000002,0.0,0.0,169.70000000000002,0.0,21.8,28.9,28.9,30.9,300.0,300.0,31.5,35.800000000000004,28.8,28.0,29.9,4.95,1.99,4.97,0.16,0.0,0.0,1027.0,8228.0,0.0,0.0,0.0,0.0,0.0,1.0,0.0,0.0,0.0,0.0,0.0,-1.1,0.0,0.5,0.0,0.0,16.0,25903.0
2026-07-30T19:03:20.270Z,369.753,369.768,0.0,7.4,0.0,0.0,0.0,0.0,0.0,0.0,0.0,0.0,1.0,0.0,0.0,0.0,9.0,4.0,0.0,0.0,0.0,0.0,0.0,0.0,0.0,0.0,5.0,12.0,1.0,12.17,5.0200000000000005,2.5,1.49,0.0,0.0,0.0,361.4,0.0,0.1,0.1,0.4,-169.60000000000002,0.0,0.0,169.70000000000002,0.0,21.8,28.9,28.9,30.9,300.0,300.0,31.5,35.800000000000004,28.8,28.0,29.9,4.96,1.99,4.97,0.16,0.0,0.0,1027.0,8228.0,0.0,0.0,0.0,0.0,0.0,1.0,0.0,0.0,0.0,0.0,0.0,0.4,0.0,-0.3,0.0,0.0,16.0,25903.0
2026-07-30T19:03:20.282Z,369.765,369.78,0.0,7.4,0.0,0.0,0.0,0.0,0.0,0.0,0.0,0.0,1.0,0.0,0.0,0.0,9.0,4.0,0.0,0.0,0.0,0.0,0.0,0.0,0.0,0.0,1.0,12.0,1.0,12.17,5.0200000000000005,2.5,1.49,0.0,0.0,0.0,361.4,0.0,-0.3,1.3,0.4,-169.60000000000002,0.0,0.0,169.8,0.0,21.8,28.9,28.9,30.9,300.0,300.0,31.5,35.800000000000004,28.8,28.0,29.9,4.95,2.0,4.97,0.16,0.0,0.0,1027.0,8228.0,0.0,0.0,0.0,0.0,0.0,1.0,0.0,0.0,0.0,0.0,0.0,1.8,0.0,0.0,0.0,0.0,16.0,25903.0
2026-07-30T19:03:20.293Z,369.776,369.792,0.0,7.4,0.0,0.0,0.0,0.0,0.0,0.0,0.0,0.0,1.0,0.0,0.0,0.0,9.0,4.0,0.0,0.0,0.0,0.0,0.0,0.0,0.0,0.0,2.0,12.0,1.0,12.17,5.0200000000000005,2.5,1.49,0.0,0.1,0.0,361.3,0.0,0.2,0.7000000000000001,0.4,-169.60000000000002,0.0,0.0,169.60000000000002,0.0,21.8,28.9,28.9,30.9,300.0,300.0,31.5,35.800000000000004,28.8,28.0,29.9,4.95,1.99,4.97,0.16,0.0,0.0,1027.0,8228.0,0.0,0.0,0.0,0.0,0.0,1.0,0.0,0.0,0.0,0.0,0.0,1.1,0.0,-0.2,0.0,0.0,16.0,25903.0
2026-07-30T19:03:20.306Z,369.789,369.804,0.0,7.4,0.0,0.0,0.0,0.0,0.0,0.0,0.0,0.0,1.0,0.0,0.0,0.0,9.0,4.0,0.0,0.0,0.0,0.0,0.0,0.0,0.0,0.0,3.0,12.0,1.0,12.17,5.0200000000000005,2.5,1.49,0.0,0.0,0.0,361.3,0.0,0.2,0.7000000000000001,0.4,-169.60000000000002,0.0,0.0,169.70000000000002,0.0,21.8,28.9,28.9,30.9,300.0,300.0,31.5,35.800000000000004,28.8,28.0,29.9,4.95,2.0,4.97,0.16,0.0,0.0,1027.0,8228.0,0.0,0.0,0.0,0.0,0.0,1.0,0.0,0.0,0.0,0.0,0.0,1.1,0.0,-0.2,0.0,0.0,16.0,25903.0
2026-07-30T19:03:20.318Z,369.801,369.816,0.0,7.4,0.0,0.0,0.0,0.0,0.0,0.0,0.0,0.0,1.0,0.0,0.0,0.0,9.0,4.0,0.0,0.0,0.0,0.0,0.0,0.0,0.0,0.0,4.0,12.0,1.0,12.17,5.0200000000000005,2.5,1.49,0.0,0.0,0.0,361.3,0.0,-0.3,-0.3,-0.1,-169.60000000000002,0.0,0.0,169.60000000000002,0.0,21.8,28.9,28.9,30.9,300.0,300.0,31.5,35.800000000000004,28.8,28.0,29.9,4.96,2.0,4.96,0.16,0.0,0.0,1027.0,8228.0,0.0,0.0,0.0,0.0,0.0,1.0,0.0,0.0,0.0,0.0,0.0,-0.5,0.0,0.0,0.0,0.0,16.0,25903.0
2026-07-30T19:03:20.330Z,369.813,369.828,0.0,7.4,0.0,0.0,0.0,0.0,0.0,0.0,0.0,0.0,1.0,0.0,0.0,0.0,9.0,4.0,0.0,0.0,0.0,0.0,0.0,0.0,0.0,0.0,5.0,12.0,1.0,12.17,5.0200000000000005,2.5,1.49,0.0,0.0,0.0,361.4,0.0,0.8,-0.3,-0.1,-169.60000000000002,0.0,0.0,169.8,0.0,21.8,28.9,28.9,30.9,300.0,300.0,31.5,35.800000000000004,28.8,28.0,29.9,4.95,1.99,4.97,0.16,0.0,0.0,1027.0,8228.0,0.0,0.0,0.0,0.0,0.0,1.0,0.0,0.0,0.0,0.0,0.0,-0.5,0.0,0.0,0.0,0.0,16.0,25903.0
2026-07-30T19:03:20.341Z,369.824,369.84,0.0,7.4,0.0,0.0,0.0,0.0,0.0,0.0,0.0,0.0,1.0,0.0,0.0,0.0,9.0,4.0,0.0,0.0,0.0,0.0,0.0,0.0,0.0,0.0,1.0,12.0,1.0,12.17,5.0200000000000005,2.5,1.5,0.0,0.0,0.0,361.4,0.0,-0.2,0.7000000000000001,0.0,-169.60000000000002,0.0,0.0,169.8,0.0,20.9,28.9,28.9,30.9,300.0,300.0,31.6,35.9,28.8,28.0,29.9,4.95,1.99,4.97,0.16,0.0,0.0,1027.0,8228.0,0.0,0.0,0.0,0.0,0.0,1.0,0.0,0.0,0.0,0.0,0.0,0.8,0.0,0.2,0.0,0.0,16.0,25903.0
2026-07-30T19:03:20.353Z,369.836,369.852,0.0,7.4,0.0,0.0,0.0,0.0,0.0,0.0,0.0,0.0,1.0,0.0,0.0,0.0,9.0,4.0,0.0,0.0,0.0,0.0,0.0,0.0,0.0,0.0,2.0,12.0,1.0,12.17,5.0200000000000005,2.5,1.5,0.0,0.0,0.0,361.4,0.0,-0.3,0.1,1.1,-169.60000000000002,0.0,0.0,169.70000000000002,0.0,20.9,28.9,28.9,30.9,300.0,300.0,31.6,35.9,28.8,28.0,29.9,4.96,2.0,4.97,0.16,0.0,0.0,1027.0,8228.0,0.0,0.0,0.0,0.0,0.0,1.0,0.0,0.0,0.0,0.0,0.0,1.0,0.0,-0.9,0.0,0.0,16.0,25903.0
2026-07-30T19:03:20.366Z,369.849,369.864,0.0,7.4,0.0,0.0,0.0,0.0,0.0,0.0,0.0,0.0,1.0,0.0,0.0,0.0,9.0,4.0,0.0,0.0,0.0,0.0,0.0,0.0,0.0,0.0,3.0,12.0,1.0,12.17,5.0200000000000005,2.5,1.5,0.0,0.0,0.0,361.4,0.0,-0.3,0.2,0.5,-169.60000000000002,0.0,0.0,169.70000000000002,0.0,20.9,28.9,28.9,30.9,300.0,300.0,31.6,35.9,28.8,28.0,29.9,4.96,2.0,4.96,0.16,0.0,0.0,1027.0,8228.0,0.0,0.0,0.0,0.0,0.0,1.0,0.0,0.0,0.0,0.0,0.0,0.6000000000000001,0.0,-0.4,0.0,0.0,16.0,25903.0
2026-07-30T19:03:20.378Z,369.861,369.876,0.0,7.4,0.0,0.0,0.0,0.0,0.0,0.0,0.0,0.0,1.0,0.0,0.0,0.0,9.0,4.0,0.0,0.0,0.0,0.0,0.0,0.0,0.0,0.0,4.0,12.0,1.0,12.17,5.0200000000000005,2.5,1.5,0.0,0.0,0.0,361.4,0.0,-0.3,-1.0,-1.2000000000000002,-169.60000000000002,0.0,0.0,169.70000000000002,0.0,20.9,28.9,28.9,30.9,300.0,300.0,31.6,35.9,28.8,28.0,29.9,4.95,1.99,4.97,0.16,0.0,0.0,1027.0,8228.0,0.0,0.0,0.0,0.0,0.0,1.0,0.0,0.0,0.0,0.0,0.0,-2.1,0.0,0.8,0.0,0.0,16.0,25903.0
2026-07-30T19:03:20.389Z,369.872,369.888,0.0,7.4,0.0,0.0,0.0,0.0,0.0,0.0,0.0,0.0,1.0,0.0,0.0,0.0,9.0,4.0,0.0,0.0,0.0,0.0,0.0,0.0,0.0,0.0,5.0,12.0,1.0,12.17,5.0200000000000005,2.5,1.5,0.0,0.0,0.0,361.3,0.0,-0.3,0.0,0.5,-169.60000000000002,0.0,0.0,169.70000000000002,0.0,20.9,28.9,28.9,30.9,300.0,300.0,31.6,35.9,28.8,28.0,29.9,4.95,1.99,4.96,0.16,0.0,0.0,1027.0,8228.0,0.0,0.0,0.0,0.0,0.0,1.0,0.0,0.0,0.0,0.0,0.0,0.4,0.0,-0.4,0.0,0.0,16.0,25903.0
2026-07-30T19:03:20.401Z,369.884,369.9,0.0,7.4,0.0,0.0,0.0,0.0,0.0,0.0,0.0,0.0,1.0,0.0,0.0,0.0,9.0,4.0,0.0,0.0,0.0,0.0,0.0,0.0,0.0,0.0,6.0,12.0,1.0,12.17,5.0200000000000005,2.5,1.5,0.0,0.0,0.0,361.3,0.0,0.2,0.6000000000000001,0.0,-169.60000000000002,0.0,0.0,169.8,0.0,20.9,28.9,28.9,30.9,300.0,300.0,31.6,35.9,28.8,28.0,29.9,4.96,1.99,4.96,0.16,0.0,0.0,1027.0,8228.0,0.0,0.0,0.0,0.0,0.0,1.0,0.0,0.0,0.0,0.0,0.0,0.6000000000000001,0.0,0.2,0.0,0.0,16.0,25903.0
2026-07-30T19:03:20.414Z,369.897,369.912,0.0,7.4,0.0,0.0,0.0,0.0,0.0,0.0,0.0,0.0,1.0,0.0,0.0,0.0,9.0,4.0,0.0,0.0,0.0,0.0,0.0,0.0,0.0,0.0,1.0,12.0,1.0,12.17,5.0200000000000005,2.5,1.5,0.0,0.0,0.0,361.4,0.0,-0.3,-0.5,-0.1,-169.60000000000002,0.0,0.0,169.70000000000002,0.0,20.9,28.9,28.9,30.9,300.0,300.0,31.6,35.9,28.8,28.0,29.9,4.95,1.99,4.97,0.16,0.0,0.0,1027.0,8228.0,0.0,0.0,0.0,0.0,0.0,1.0,0.0,0.0,0.0,0.0,0.0,-0.6000000000000001,0.0,0.0,0.0,0.0,16.0,25903.0
2026-07-30T19:03:20.426Z,369.909,369.924,0.0,7.4,0.0,0.0,0.0,0.0,0.0,0.0,0.0,0.0,1.0,0.0,0.0,0.0,9.0,4.0,0.0,0.0,0.0,0.0,0.0,0.0,0.0,0.0,2.0,12.0,1.0,12.17,5.0200000000000005,2.5,1.5,0.0,0.0,0.0,361.4,0.0,-0.9,-0.5,1.0,-169.60000000000002,0.0,0.0,169.70000000000002,0.0,20.9,28.9,28.9,30.9,300.0,300.0,31.6,35.9,28.8,28.0,29.9,4.96,1.99,4.97,0.16,0.0,0.0,1027.0,8228.0,0.0,0.0,0.0,0.0,0.0,1.0,0.0,0.0,0.0,0.0,0.0,0.1,0.0,-0.9,0.0,0.0,16.0,25903.0
2026-07-30T19:03:20.438Z,369.921,369.936,0.0,7.4,0.0,0.0,0.0,0.0,0.0,0.0,0.0,0.0,1.0,0.0,0.0,0.0,9.0,4.0,0.0,0.0,0.0,0.0,0.0,0.0,0.0,0.0,3.0,12.0,1.0,12.17,5.0200000000000005,2.5,1.49,0.0,0.1,0.0,361.4,0.0,-0.3,0.0,-0.7000000000000001,-169.70000000000002,0.0,0.0,169.70000000000002,0.0,21.700000000000003,28.9,28.9,30.9,300.0,300.0,31.700000000000003,35.800000000000004,28.8,28.0,29.9,4.96,1.99,4.96,0.16,0.0,0.0,1027.0,8228.0,0.0,0.0,0.0,0.0,0.0,1.0,0.0,0.0,0.0,0.0,0.0,-0.5,0.0,0.6000000000000001,0.0,0.0,16.0,25903.0
2026-07-30T19:03:20.450Z,369.933,369.948,0.0,7.4,0.0,0.0,0.0,0.0,0.0,0.0,0.0,0.0,1.0,0.0,0.0,0.0,9.0,4.0,0.0,0.0,0.0,0.0,0.0,0.0,0.0,0.0,5.0,12.0,1.0,12.17,5.0200000000000005,2.5,1.49,0.0,0.0,0.0,361.4,0.0,0.7000000000000001,1.8,-0.1,-169.70000000000002,0.0,0.0,169.8,0.0,21.700000000000003,28.9,28.9,30.9,300.0,300.0,31.700000000000003,35.800000000000004,28.8,28.0,29.9,4.96,1.99,4.96,0.16,0.0,0.0,1027.0,8228.0,0.0,0.0,0.0,0.0,0.0,1.0,0.0,0.0,0.0,0.0,0.0,1.9,0.0,0.5,0.0,0.0,16.0,25903.0
2026-07-30T19:03:20.462Z,369.945,369.96,0.0,7.4,0.0,0.0,0.0,0.0,0.0,0.0,0.0,0.0,1.0,0.0,0.0,0.0,9.0,4.0,0.0,0.0,0.0,0.0,0.0,0.0,0.0,0.0,1.0,12.0,1.0,12.17,5.0200000000000005,2.5,1.49,0.0,0.0,0.0,361.4,0.0,-0.3,-0.5,0.3,-169.70000000000002,0.0,0.0,169.8,0.0,21.700000000000003,28.9,28.9,30.9,300.0,300.0,31.700000000000003,35.800000000000004,28.8,28.0,29.9,4.96,1.99,4.97,0.16,0.0,0.0,1027.0,8228.0,0.0,0.0,0.0,0.0,0.0,1.0,0.0,0.0,0.0,0.0,0.0,-0.3,0.0,-0.4,0.0,0.0,16.0,25903.0
2026-07-30T19:03:20.474Z,369.957,369.972,0.0,7.4,0.0,0.0,0.0,0.0,0.0,0.0,0.0,0.0,1.0,0.0,0.0,0.0,9.0,4.0,0.0,0.0,0.0,0.0,0.0,0.0,0.0,0.0,2.0,12.0,1.0,12.17,5.0200000000000005,2.5,1.49,0.0,0.0,0.0,361.3,0.0,0.2,-1.0,0.3,-169.70000000000002,0.0,0.0,169.70000000000002,0.0,21.700000000000003,28.9,28.9,30.9,300.0,300.0,31.700000000000003,35.800000000000004,28.8,28.0,29.9,4.96,2.0,4.96,0.16,0.0,0.0,1027.0,8228.0,0.0,0.0,0.0,0.0,0.0,1.0,0.0,0.0,0.0,0.0,0.0,-0.9,0.0,-0.5,0.0,0.0,16.0,25903.0
2026-07-30T19:03:20.485Z,369.968,369.984,0.0,7.4,0.0,0.0,0.0,0.0,0.0,0.0,0.0,0.0,1.0,0.0,0.0,0.0,9.0,4.0,0.0,0.0,0.0,0.0,0.0,0.0,0.0,0.0,3.0,12.0,1.0,12.17,5.0200000000000005,2.5,1.49,0.0,0.0,0.0,361.3,0.0,-0.3,-0.4,1.4,-169.70000000000002,0.0,0.0,169.8,0.0,21.700000000000003,28.9,28.9,30.9,300.0,300.0,31.700000000000003,35.800000000000004,28.8,28.0,29.9,4.96,1.99,4.97,0.16,0.0,0.0,1027.0,8228.0,0.0,0.0,0.0,0.0,0.0,1.0,0.0,0.0,0.0,0.0,0.0,2.3000000000000003,0.0,-1.6,0.0,0.0,16.0,25903.0
2026-07-30T19:03:20.498Z,369.981,369.996,0.0,7.4,0.0,0.0,0.0,0.0,0.0,0.0,0.0,0.0,1.0,0.0,0.0,0.0,9.0,4.0,0.0,0.0,0.0,0.0,0.0,0.0,0.0,0.0,4.0,12.0,1.0,12.17,5.0200000000000005,2.5,1.49,0.0,0.0,0.0,361.3,0.0,0.2,0.0,-0.3,-169.70000000000002,0.0,0.0,169.70000000000002,0.0,21.700000000000003,28.9,28.9,30.9,300.0,300.0,31.700000000000003,35.800000000000004,28.8,28.0,29.9,4.95,1.99,4.97,0.16,0.0,0.0,1027.0,8228.0,0.0,0.0,0.0,0.0,0.0,1.0,0.0,0.0,0.0,0.0,0.0,-1.4,0.0,0.0,0.0,0.0,16.0,25903.0
2026-07-30T19:03:20.510Z,369.993,370.008,0.0,7.4,0.0,0.0,0.0,0.0,0.0,0.0,0.0,0.0,1.0,0.0,0.0,0.0,9.0,4.0,0.0,0.0,0.0,0.0,0.0,0.0,0.0,0.0,5.0,12.0,1.0,12.17,5.0200000000000005,2.5,1.49,0.0,0.0,0.0,361.3,0.0,0.2,-1.0,-0.2,-169.70000000000002,0.0,0.0,169.70000000000002,0.0,21.700000000000003,28.9,28.9,30.9,300.0,300.0,31.700000000000003,35.800000000000004,28.8,28.0,29.9,4.96,1.99,4.97,0.16,0.0,0.0,1027.0,8228.0,0.0,0.0,0.0,0.0,0.0,1.0,0.0,0.0,0.0,0.0,0.0,0.0,0.0,0.2,0.0,0.0,16.0,25903.0
2026-07-30T19:03:20.522Z,370.005,370.02,0.0,7.4,0.0,0.0,0.0,0.0,0.0,0.0,0.0,0.0,1.0,0.0,0.0,0.0,9.0,4.0,0.0,0.0,0.0,0.0,0.0,0.0,0.0,0.0,1.0,12.0,1.0,12.17,5.0200000000000005,2.5,1.49,0.0,0.0,0.0,361.4,0.0,0.2,-0.4,0.2,-169.70000000000002,0.0,0.0,169.8,0.0,21.700000000000003,28.9,28.9,30.9,300.0,300.0,31.700000000000003,35.800000000000004,28.8,28.0,29.9,4.95,2.0,4.96,0.16,0.0,0.0,1027.0,8228.0,0.0,0.0,0.0,0.0,0.0,1.0,0.0,0.0,0.0,0.0,0.0,-0.3,0.0,-0.3,0.0,0.0,16.0,25903.0
2026-07-30T19:03:20.534Z,370.017,370.032,0.0,7.4,0.0,0.0,0.0,0.0,0.0,0.0,0.0,0.0,1.0,0.0,0.0,0.0,9.0,4.0,0.0,0.0,0.0,0.0,0.0,0.0,0.0,0.0,2.0,12.0,1.0,12.17,5.0200000000000005,2.5,1.49,0.0,0.1,0.0,361.4,0.0,-0.9,-0.5,2.0,-169.70000000000002,0.0,0.0,169.8,0.0,21.700000000000003,28.9,28.9,30.9,300.0,300.0,31.700000000000003,35.800000000000004,28.8,28.0,29.9,4.95,1.99,4.97,0.16,0.0,0.0,1027.0,8228.0,0.0,0.0,0.0,0.0,0.0,1.0,0.0,0.0,0.0,0.0,0.0,0.9,0.0,-1.8,0.0,0.0,16.0,25903.0
2026-07-30T19:03:20.545Z,370.028,370.044,0.0,7.4,0.0,0.0,0.0,0.0,0.0,0.0,0.0,0.0,1.0,0.0,0.0,0.0,9.0,4.0,0.0,0.0,0.0,0.0,0.0,0.0,0.0,0.0,3.0,12.0,1.0,12.17,5.0200000000000005,2.5,1.5,0.0,0.0,0.0,361.4,0.0,0.2,1.2000000000000002,0.8,-169.70000000000002,0.0,0.0,169.8,0.0,21.3,28.9,28.9,30.9,300.0,300.0,31.700000000000003,35.800000000000004,28.8,28.1,29.9,4.95,2.0,4.97,0.16,0.0,0.0,1027.0,8228.0,0.0,0.0,0.0,0.0,0.0,1.0,0.0,0.0,0.0,0.0,0.0,2.0,0.0,-0.4,0.0,0.0,16.0,25903.0
2026-07-30T19:03:20.558Z,370.041,370.056,0.0,7.4,0.0,0.0,0.0,0.0,0.0,0.0,0.0,0.0,1.0,0.0,0.0,0.0,9.0,4.0,0.0,0.0,0.0,0.0,0.0,0.0,0.0,0.0,5.0,12.0,1.0,12.17,5.0200000000000005,2.5,1.5,0.0,0.0,0.0,361.4,0.0,-0.9,0.0,0.9,-169.70000000000002,0.0,0.0,169.8,0.0,21.3,28.9,28.9,30.9,300.0,300.0,31.700000000000003,35.800000000000004,28.8,28.1,29.9,4.96,2.0,4.96,0.16,0.0,0.0,1027.0,8228.0,0.0,0.0,0.0,0.0,0.0,1.0,0.0,0.0,0.0,0.0,0.0,0.7000000000000001,0.0,-0.7000000000000001,0.0,0.0,16.0,25903.0
2026-07-30T19:03:20.569Z,370.052,370.068,0.0,7.4,0.0,0.0,0.0,0.0,0.0,0.0,0.0,0.0,1.0,0.0,0.0,0.0,9.0,4.0,0.0,0.0,0.0,0.0,0.0,0.0,0.0,0.0,6.0,12.0,1.0,12.17,5.0200000000000005,2.5,1.5,0.0,0.0,0.0,361.3,0.0,-0.3,-1.1,-0.8,-169.70000000000002,0.0,0.0,169.8,0.0,21.3,28.9,28.9,30.9,300.0,300.0,31.700000000000003,35.800000000000004,28.8,28.1,29.9,4.95,1.99,4.97,0.16,0.0,0.0,1027.0,8228.0,0.0,0.0,0.0,0.0,0.0,1.0,0.0,0.0,0.0,0.0,0.0,-1.8,0.0,0.4,0.0,0.0,16.0,25903.0
2026-07-30T19:03:20.582Z,370.065,370.08,0.0,7.4,0.0,0.0,0.0,0.0,0.0,0.0,0.0,0.0,1.0,0.0,0.0,0.0,9.0,4.0,0.0,0.0,0.0,0.0,0.0,0.0,0.0,0.0,1.0,12.0,1.0,12.17,5.0200000000000005,2.5,1.5,0.0,0.0,0.0,361.4,0.0,0.2,0.6000000000000001,-0.8,-169.70000000000002,0.0,0.0,169.8,0.0,21.3,28.9,28.9,30.9,300.0,300.0,31.700000000000003,35.800000000000004,28.8,28.1,29.9,4.95,1.99,4.97,0.16,0.0,0.0,1027.0,8228.0,0.0,0.0,0.0,0.0,0.0,1.0,0.0,0.0,0.0,0.0,0.0,0.1,0.0,0.8,0.0,0.0,16.0,25903.0
2026-07-30T19:03:20.594Z,370.077,370.092,0.0,7.4,0.0,0.0,0.0,0.0,0.0,0.0,0.0,0.0,1.0,0.0,0.0,0.0,9.0,4.0,0.0,0.0,0.0,0.0,0.0,0.0,0.0,0.0,3.0,12.0,1.0,12.17,5.0200000000000005,2.5,1.5,0.0,0.0,0.0,361.4,0.0,-0.3,0.1,0.9,-169.70000000000002,0.0,0.0,169.8,0.0,21.3,28.9,28.9,30.9,300.0,300.0,31.700000000000003,35.800000000000004,28.8,28.1,29.9,4.96,1.99,4.97,0.16,0.0,0.0,1027.0,8228.0,0.0,0.0,0.0,0.0,0.0,1.0,0.0,0.0,0.0,0.0,0.0,0.8,0.0,-0.8,0.0,0.0,16.0,25903.0
2026-07-30T19:03:20.606Z,370.089,370.104,0.0,7.4,0.0,0.0,0.0,0.0,0.0,0.0,0.0,0.0,1.0,0.0,0.0,0.0,9.0,4.0,0.0,0.0,0.0,0.0,0.0,0.0,0.0,0.0,4.0,12.0,1.0,12.17,5.0200000000000005,2.5,1.5,0.0,0.0,0.0,361.3,0.0,-0.9,-0.4,-0.2,-169.70000000000002,0.0,0.0,169.8,0.0,21.3,28.9,28.9,30.9,300.0,300.0,31.700000000000003,35.800000000000004,28.8,28.1,29.9,4.96,1.99,4.96,0.16,0.0,0.0,1027.0,8228.0,0.0,0.0,0.0,0.0,0.0,1.0,0.0,0.0,0.0,0.0,0.0,-0.6000000000000001,0.0,0.0,0.0,0.0,16.0,25903.0
2026-07-30T19:03:20.618Z,370.101,370.116,0.0,7.4,0.0,0.0,0.0,0.0,0.0,0.0,0.0,0.0,1.0,0.0,0.0,0.0,9.0,4.0,0.0,0.0,0.0,0.0,0.0,0.0,0.0,0.0,5.0,12.0,1.0,12.17,5.0200000000000005,2.5,1.5,0.0,0.1,0.0,361.3,0.0,-0.3,-0.4,0.9,-169.70000000000002,0.0,0.0,169.8,0.0,21.3,28.9,28.9,30.9,300.0,300.0,31.700000000000003,35.800000000000004,28.8,28.1,29.9,4.95,1.99,4.97,0.16,0.0,0.0,1027.0,8228.0,0.0,0.0,0.0,0.0,0.0,1.0,0.0,0.0,0.0,0.0,0.0,0.2,0.0,-0.9,0.0,0.0,16.0,25903.0
2026-07-30T19:03:20.630Z,370.113,370.128,0.0,7.4,0.0,0.0,0.0,0.0,0.0,0.0,0.0,0.0,1.0,0.0,0.0,0.0,9.0,4.0,0.0,0.0,0.0,0.0,0.0,0.0,0.0,0.0,6.0,12.0,1.0,12.17,5.0200000000000005,2.5,1.5,0.0,0.0,0.0,361.5,0.0,-1.4,-0.5,-0.2,-169.70000000000002,0.0,0.0,169.8,0.0,21.3,28.9,28.9,30.9,300.0,300.0,31.700000000000003,35.800000000000004,28.8,28.1,29.9,4.95,1.99,4.96,0.16,0.0,0.0,1027.0,8228.0,0.0,0.0,0.0,0.0,0.0,1.0,0.0,0.0,0.0,0.0,0.0,-0.7000000000000001,0.0,0.0,0.0,0.0,16.0,25903.0
2026-07-30T19:03:20.643Z,370.126,370.14,0.0,7.4,0.0,0.0,0.0,0.0,0.0,0.0,0.0,0.0,1.0,0.0,0.0,0.0,9.0,4.0,0.0,0.0,0.0,0.0,0.0,0.0,0.0,0.0,1.0,12.0,1.0,12.11,5.01,2.51,1.49,0.0,0.0,0.0,361.3,0.0,0.2,0.0,0.9,-169.70000000000002,0.0,0.0,169.8,0.0,21.700000000000003,28.9,28.9,30.9,300.0,300.0,31.6,35.800000000000004,28.8,28.1,29.9,4.96,1.99,4.96,0.16,0.0,0.0,1027.0,8228.0,0.0,0.0,0.0,0.0,0.0,1.0,0.0,0.0,0.0,0.0,0.0,0.8,0.0,-0.8,0.0,0.0,16.0,25903.0
2026-07-30T19:03:20.653Z,370.136,370.152,0.0,7.4,0.0,0.0,0.0,0.0,0.0,0.0,0.0,0.0,1.0,0.0,0.0,0.0,9.0,4.0,0.0,0.0,0.0,0.0,0.0,0.0,0.0,0.0,3.0,12.0,1.0,12.11,5.01,2.51,1.49,0.0,0.0,0.0,361.4,0.0,-0.3,0.0,1.5,-169.70000000000002,0.0,0.0,169.8,0.0,21.700000000000003,28.9,28.9,30.9,300.0,300.0,31.6,35.800000000000004,28.8,28.1,29.9,4.95,1.99,4.97,0.16,0.0,0.0,1027.0,8228.0,0.0,0.0,0.0,0.0,0.0,1.0,0.0,0.0,0.0,0.0,0.0,1.2000000000000002,0.0,-1.3,0.0,0.0,16.0,25903.0
2026-07-30T19:03:20.665Z,370.148,370.164,0.0,7.4,0.0,0.0,0.0,0.0,0.0,0.0,0.0,0.0,1.0,0.0,0.0,0.0,9.0,4.0,0.0,0.0,0.0,0.0,0.0,0.0,0.0,0.0,4.0,12.0,1.0,12.11,5.01,2.51,1.49,0.0,0.0,0.0,361.4,0.0,-0.3,-0.4,0.9,-169.70000000000002,0.0,0.0,169.70000000000002,0.0,21.700000000000003,28.9,28.9,30.9,300.0,300.0,31.6,35.800000000000004,28.8,28.1,29.9,4.96,1.99,4.97,0.16,0.0,0.0,1027.0,8228.0,0.0,0.0,0.0,0.0,0.0,1.0,0.0,0.0,0.0,0.0,0.0,0.2,0.0,-0.9,0.0,0.0,16.0,25903.0
2026-07-30T19:03:20.677Z,370.16,370.176,0.0,7.4,0.0,0.0,0.0,0.0,0.0,0.0,0.0,0.0,1.0,0.0,0.0,0.0,9.0,4.0,0.0,0.0,0.0,0.0,0.0,0.0,0.0,0.0,5.0,12.0,1.0,12.11,5.01,2.51,1.49,0.0,0.0,0.0,361.3,0.0,-0.3,-0.4,-0.1,-169.70000000000002,0.0,0.0,169.70000000000002,0.0,21.700000000000003,28.9,28.9,30.9,300.0,300.0,31.6,35.800000000000004,28.8,28.1,29.9,4.96,1.99,4.96,0.16,0.0,0.0,1027.0,8228.0,0.0,0.0,0.0,0.0,0.0,1.0,0.0,0.0,0.0,0.0,0.0,-0.6000000000000001,0.0,0.0,0.0,0.0,16.0,25903.0
2026-07-30T19:03:20.690Z,370.173,370.188,0.0,7.4,0.0,0.0,0.0,0.0,0.0,0.0,0.0,0.0,1.0,0.0,0.0,0.0,9.0,4.0,0.0,0.0,0.0,0.0,0.0,0.0,0.0,0.0,1.0,12.0,1.0,12.11,5.01,2.51,1.49,0.0,0.0,0.0,361.3,0.0,0.8,1.2000000000000002,0.3,-169.70000000000002,0.0,0.0,169.8,0.0,21.700000000000003,28.9,28.9,30.9,300.0,300.0,31.6,35.800000000000004,28.8,28.1,29.9,4.96,1.99,4.96,0.16,0.0,0.0,1027.0,8228.0,0.0,0.0,0.0,0.0,0.0,1.0,0.0,0.0,0.0,0.0,0.0,1.7000000000000002,0.0,0.0,0.0,0.0,16.0,25903.0
2026-07-30T19:03:20.701Z,370.184,370.2,0.0,7.4,0.0,0.0,0.0,0.0,0.0,0.0,0.0,0.0,1.0,0.0,0.0,0.0,9.0,4.0,0.0,0.0,0.0,0.0,0.0,0.0,0.0,0.0,3.0,12.0,1.0,12.11,5.01,2.51,1.49,-0.1,0.1,0.0,361.4,0.0,0.8,0.0,-0.2,-169.70000000000002,0.0,0.0,169.8,0.0,21.700000000000003,28.9,28.9,30.9,300.0,300.0,31.6,35.800000000000004,28.8,28.1,29.9,4.95,1.99,4.97,0.16,0.0,0.0,1027.0,8228.0,0.0,0.0,0.0,0.0,0.0,1.0,0.0,0.0,0.0,0.0,0.0,0.0,0.0,0.2,0.0,0.0,16.0,25903.0
2026-07-30T19:03:20.714Z,370.197,370.212,0.0,7.4,0.0,0.0,0.0,0.0,0.0,0.0,0.0,0.0,1.0,0.0,0.0,0.0,9.0,4.0,0.0,0.0,0.0,0.0,0.0,0.0,0.0,0.0,4.0,12.0,1.0,12.11,5.01,2.51,1.49,0.0,0.0,0.0,361.4,0.0,0.2,-0.4,1.5,-169.70000000000002,0.0,0.0,169.8,0.0,21.700000000000003,28.9,28.9,30.9,300.0,300.0,31.6,35.800000000000004,28.8,28.1,29.9,4.95,1.99,4.96,0.16,0.0,0.0,1027.0,8228.0,0.0,0.0,0.0,0.0,0.0,1.0,0.0,0.0,0.0,0.0,0.0,0.5,0.0,-1.4,0.0,0.0,16.0,25903.0
2026-07-30T19:03:20.725Z,370.208,370.224,0.0,7.4,0.0,0.0,0.0,0.0,0.0,0.0,0.0,0.0,1.0,0.0,0.0,0.0,9.0,4.0,0.0,0.0,0.0,0.0,0.0,0.0,0.0,0.0,6.0,12.0,1.0,12.11,5.01,2.51,1.49,0.0,0.0,0.0,361.4,0.0,0.2,0.0,-0.8,-169.70000000000002,0.0,0.0,169.8,0.0,21.700000000000003,28.9,28.9,30.9,300.0,300.0,31.6,35.800000000000004,28.8,28.1,29.9,4.95,1.99,4.96,0.16,0.0,0.0,1027.0,8228.0,0.0,0.0,0.0,0.0,0.0,1.0,0.0,0.0,0.0,0.0,0.0,-0.5,0.0,0.7000000000000001,0.0,0.0,16.0,25903.0
2026-07-30T19:03:20.738Z,370.221,370.236,0.0,7.4,0.0,0.0,0.0,0.0,0.0,0.0,0.0,0.0,1.0,0.0,0.0,0.0,9.0,4.0,0.0,0.0,0.0,0.0,0.0,0.0,0.0,0.0,1.0,12.0,1.0,12.11,5.01,2.51,1.49,0.0,0.0,0.0,361.4,0.0,-0.3,0.0,-0.2,-169.70000000000002,0.0,0.0,169.8,0.0,21.700000000000003,28.9,28.9,30.9,300.0,300.0,31.6,35.800000000000004,28.8,28.1,29.9,4.95,2.0,4.96,0.16,0.0,0.0,1027.0,8228.0,0.0,0.0,0.0,0.0,0.0,1.0,0.0,0.0,0.0,0.0,0.0,0.0,0.0,0.2,0.0,0.0,16.0,25903.0
2026-07-30T19:03:20.750Z,370.233,370.248,0.0,7.4,0.0,0.0,0.0,0.0,0.0,0.0,0.0,0.0,1.0,0.0,0.0,0.0,9.0,4.0,0.0,0.0,0.0,0.0,0.0,0.0,0.0,0.0,3.0,12.0,1.0,12.18,5.01,2.51,1.49,0.0,0.0,0.0,361.4,0.0,0.2,-0.5,-0.8,-169.70000000000002,0.0,0.0,169.8,0.0,22.1,28.9,28.9,30.9,300.0,300.0,31.9,35.9,28.8,28.1,29.9,4.96,2.0,4.96,0.16,0.0,0.0,1027.0,8228.0,0.0,0.0,0.0,0.0,0.0,1.0,0.0,0.0,0.0,0.0,0.0,-1.2000000000000002,0.0,0.6000000000000001,0.0,0.0,16.0,25903.0
2026-07-30T19:03:20.761Z,370.244,370.26,0.0,7.4,0.0,0.0,0.0,0.0,0.0,0.0,0.0,0.0,1.0,0.0,0.0,0.0,9.0,4.0,0.0,0.0,0.0,0.0,0.0,0.0,0.0,0.0,4.0,12.0,1.0,12.18,5.01,2.51,1.49,0.0,0.0,0.0,361.4,0.0,-0.3,-1.0,-0.7000000000000001,-169.70000000000002,0.0,0.0,169.8,0.0,22.1,28.9,28.9,30.9,300.0,300.0,31.9,35.9,28.8,28.1,29.9,4.96,1.99,4.96,0.16,0.0,0.0,1027.0,8228.0,0.0,0.0,0.0,0.0,0.0,1.0,0.0,0.0,0.0,0.0,0.0,-1.8,0.0,0.4,0.0,0.0,16.0,25903.0
2026-07-30T19:03:20.774Z,370.257,370.272,0.0,7.4,0.0,0.0,0.0,0.0,0.0,0.0,0.0,0.0,1.0,0.0,0.0,0.0,9.0,4.0,0.0,0.0,0.0,0.0,0.0,0.0,0.0,0.0,5.0,12.0,1.0,12.18,5.01,2.51,1.49,0.0,0.0,0.0,361.4,0.0,-0.3,0.6000000000000001,0.9,-169.70000000000002,0.0,0.0,169.8,0.0,22.1,28.9,28.9,30.9,300.0,300.0,31.9,35.9,28.8,28.1,29.9,4.96,1.99,4.96,0.16,0.0,0.0,1027.0,8228.0,0.0,0.0,0.0,0.0,0.0,1.0,0.0,0.0,0.0,0.0,0.0,1.4,0.0,-0.7000000000000001,0.0,0.0,16.0,25903.0
2026-07-30T19:03:20.786Z,370.269,370.284,0.0,7.4,0.0,0.0,0.0,0.0,0.0,0.0,0.0,0.0,1.0,0.0,0.0,0.0,9.0,4.0,0.0,0.0,0.0,0.0,0.0,0.0,0.0,0.0,1.0,12.0,1.0,12.18,5.01,2.51,1.49,0.0,0.0,0.0,361.4,0.0,0.2,0.6000000000000001,-0.7000000000000001,-169.70000000000002,0.0,0.0,169.70000000000002,0.0,22.1,28.9,28.9,30.9,300.0,300.0,31.9,35.9,28.8,28.1,29.9,4.95,1.99,4.96,0.16,0.0,0.0,1027.0,8228.0,0.0,0.0,0.0,0.0,0.0,1.0,0.0,0.0,0.0,0.0,0.0,0.2,0.0,0.7000000000000001,0.0,0.0,16.0,25903.0
2026-07-30T19:03:20.797Z,370.28,370.296,0.0,7.4,0.0,0.0,0.0,0.0,0.0,0.0,0.0,0.0,1.0,0.0,0.0,0.0,9.0,4.0,0.0,0.0,0.0,0.0,0.0,0.0,0.0,0.0,2.0,12.0,1.0,12.18,5.01,2.51,1.49,0.0,0.0,0.0,361.3,0.0,-0.3,-0.4,-0.2,-169.70000000000002,0.0,0.0,169.8,0.0,22.1,28.9,28.9,30.9,300.0,300.0,31.9,35.9,28.8,28.1,29.9,4.95,1.99,4.96,0.16,0.0,0.0,1027.0,8228.0,0.0,0.0,0.0,0.0,0.0,1.0,0.0,0.0,0.0,0.0,0.0,-0.6000000000000001,0.0,0.0,0.0,0.0,16.0,25903.0
2026-07-30T19:03:20.810Z,370.293,370.308,0.0,7.4,0.0,0.0,0.0,0.0,0.0,0.0,0.0,0.0,1.0,0.0,0.0,0.0,9.0,4.0,0.0,0.0,0.0,0.0,0.0,0.0,0.0,0.0,3.0,12.0,1.0,12.18,5.01,2.51,1.49,0.0,0.0,0.0,361.4,0.0,0.2,-1.0,-0.7000000000000001,-169.70000000000002,0.0,0.0,169.8,0.0,22.1,28.9,28.9,30.9,300.0,300.0,31.9,35.9,28.8,28.1,29.9,4.95,2.0,4.97,0.16,0.0,0.0,1027.0,8228.0,0.0,0.0,0.0,0.0,0.0,1.0,0.0,0.0,0.0,0.0,0.0,-1.6,0.0,0.4,0.0,0.0,16.0,25903.0
2026-07-30T19:03:20.822Z,370.305,370.32,0.0,7.4,0.0,0.0,0.0,0.0,0.0,0.0,0.0,0.0,1.0,0.0,0.0,0.0,9.0,4.0,0.0,0.0,0.0,0.0,0.0,0.0,0.0,0.0,4.0,12.0,1.0,12.18,5.01,2.51,1.49,0.0,0.0,0.0,361.4,0.0,-0.9,-0.3,0.0,-169.70000000000002,0.0,0.0,169.8,0.0,22.1,28.9,28.9,30.9,300.0,300.0,31.9,35.9,28.8,28.1,29.9,4.95,2.0,4.97,0.16,0.0,0.0,1027.0,8228.0,0.0,0.0,0.0,0.0,0.0,1.0,0.0,0.0,0.0,0.0,0.0,-0.4,0.0,0.0,0.0,0.0,16.0,25903.0
2026-07-30T19:03:20.834Z,370.317,370.332,0.0,7.4,0.0,0.0,0.0,0.0,0.0,0.0,0.0,0.0,1.0,0.0,0.0,0.0,9.0,4.0,0.0,0.0,0.0,0.0,0.0,0.0,0.0,0.0,5.0,12.0,1.0,12.18,5.01,2.51,1.49,0.0,0.0,0.0,361.4,0.0,-0.2,0.2,1.7000000000000002,-169.70000000000002,0.0,0.0,169.8,0.0,22.1,28.9,28.9,30.9,300.0,300.0,31.9,35.9,28.8,28.1,29.9,4.96,1.99,4.97,0.16,0.0,0.0,1027.0,8228.0,0.0,0.0,0.0,0.0,0.0,1.0,0.0,0.0,0.0,0.0,0.0,1.5,0.0,-1.4,0.0,0.0,16.0,25903.0
2026-07-30T19:03:20.846Z,370.329,370.344,0.0,7.4,0.0,0.0,0.0,0.0,0.0,0.0,0.0,0.0,1.0,0.0,0.0,0.0,9.0,4.0,0.0,0.0,0.0,0.0,0.0,0.0,0.0,0.0,1.0,12.0,1.0,12.15,5.01,2.51,1.49,0.0,0.0,0.0,361.4,0.0,-0.8,-0.3,-1.2000000000000002,-169.70000000000002,0.0,0.0,169.8,0.0,21.3,28.9,28.9,30.9,300.0,300.0,31.8,35.9,28.8,28.1,29.9,4.96,1.99,4.96,0.16,0.0,0.0,1027.0,8228.0,0.0,0.0,0.0,0.0,0.0,1.0,0.0,0.0,0.0,0.0,0.0,-1.3,0.0,1.0,0.0,0.0,16.0,25903.0
2026-07-30T19:03:20.858Z,370.341,370.356,0.0,7.4,0.0,0.0,0.0,0.0,0.0,0.0,0.0,0.0,1.0,0.0,0.0,0.0,9.0,4.0,0.0,0.0,0.0,0.0,0.0,0.0,0.0,0.0,2.0,12.0,1.0,12.15,5.01,2.51,1.49,0.0,0.0,0.0,361.4,0.0,0.2,-0.4,0.4,-169.70000000000002,0.0,0.0,169.70000000000002,0.0,21.3,28.9,28.9,30.9,300.0,300.0,31.8,35.9,28.8,28.1,29.9,4.96,1.99,4.97,0.16,0.0,0.0,1027.0,8228.0,0.0,0.0,0.0,0.0,0.0,1.0,0.0,0.0,0.0,0.0,0.0,-0.1,0.0,-0.5,0.0,0.0,16.0,25903.0
2026-07-30T19:03:20.870Z,370.353,370.368,0.0,7.4,0.0,0.0,0.0,0.0,0.0,0.0,0.0,0.0,1.0,0.0,0.0,0.0,9.0,4.0,0.0,0.0,0.0,0.0,0.0,0.0,0.0,0.0,3.0,12.0,1.0,12.15,5.01,2.51,1.49,0.0,0.0,0.0,361.4,0.0,0.8,0.7000000000000001,1.0,-169.70000000000002,0.0,0.0,169.8,0.0,21.3,28.9,28.9,30.9,300.0,300.0,31.8,35.9,28.8,28.1,29.9,4.96,2.0,4.96,0.16,0.0,0.0,1027.0,8228.0,0.0,0.0,0.0,0.0,0.0,1.0,0.0,0.0,0.0,0.0,0.0,1.6,0.0,-0.8,0.0,0.0,16.0,25903.0
2026-07-30T19:03:20.881Z,370.364,370.38,0.0,7.4,0.0,0.0,0.0,0.0,0.0,0.0,0.0,0.0,1.0,0.0,0.0,0.0,9.0,4.0,0.0,0.0,0.0,0.0,0.0,0.0,0.0,0.0,4.0,12.0,1.0,12.15,5.01,2.51,1.49,0.0,0.0,0.0,361.3,0.0,0.8,0.1,0.0,-169.70000000000002,0.0,0.0,169.70000000000002,0.0,21.3,28.9,28.9,30.9,300.0,300.0,31.8,35.9,28.8,28.1,29.9,4.95,1.99,4.96,0.15,0.0,0.0,1027.0,8228.0,0.0,0.0,0.0,0.0,0.0,1.0,0.0,0.0,0.0,0.0,0.0,0.0,0.0,0.0,0.0,0.0,16.0,25903.0
2026-07-30T19:03:20.893Z,370.376,370.392,0.0,7.4,0.0,0.0,0.0,0.0,0.0,0.0,0.0,0.0,1.0,0.0,0.0,0.0,9.0,4.0,0.0,0.0,0.0,0.0,0.0,0.0,0.0,0.0,5.0,12.0,1.0,12.15,5.01,2.51,1.49,0.0,0.1,0.0,361.3,0.0,-0.9,0.7000000000000001,0.0,-169.70000000000002,0.0,0.0,169.70000000000002,0.0,21.3,28.9,28.9,30.9,300.0,300.0,31.8,35.9,28.8,28.1,29.9,4.95,1.99,4.97,0.16,0.0,0.0,1027.0,8228.0,0.0,0.0,0.0,0.0,0.0,1.0,0.0,0.0,0.0,0.0,0.0,0.7000000000000001,0.0,0.2,0.0,0.0,16.0,25903.0
2026-07-30T19:03:20.906Z,370.389,370.404,0.0,7.4,0.0,0.0,0.0,0.0,0.0,0.0,0.0,0.0,1.0,0.0,0.0,0.0,9.0,4.0,0.0,0.0,0.0,0.0,0.0,0.0,0.0,0.0,6.0,12.0,1.0,12.15,5.01,2.51,1.49,0.0,0.0,0.0,361.3,0.0,-0.3,-0.4,-0.6000000000000001,-169.70000000000002,0.0,0.0,169.70000000000002,0.0,21.3,28.9,28.9,30.9,300.0,300.0,31.8,35.9,28.8,28.1,29.9,4.96,1.99,4.97,0.16,0.0,0.0,1027.0,8228.0,0.0,0.0,0.0,0.0,0.0,1.0,0.0,0.0,0.0,0.0,0.0,-1.0,0.0,0.5,0.0,0.0,16.0,25903.0
2026-07-30T19:03:20.918Z,370.401,370.416,0.0,7.4,0.0,0.0,0.0,0.0,0.0,0.0,0.0,0.0,1.0,0.0,0.0,0.0,9.0,4.0,0.0,0.0,0.0,0.0,0.0,0.0,0.0,0.0,2.0,12.0,1.0,12.15,5.01,2.51,1.49,0.0,0.0,0.0,361.4,0.0,-0.9,0.1,0.0,-169.70000000000002,0.0,0.0,169.8,0.0,21.3,28.9,28.9,30.9,300.0,300.0,31.8,35.9,28.8,28.1,29.9,4.96,2.0,4.96,0.16,0.0,0.0,1027.0,8228.0,0.0,0.0,0.0,0.0,0.0,1.0,0.0,0.0,0.0,0.0,0.0,0.0,0.0,0.1,0.0,0.0,16.0,25903.0
2026-07-30T19:03:20.930Z,370.413,370.428,0.0,7.4,0.0,0.0,0.0,0.0,0.0,0.0,0.0,0.0,1.0,0.0,0.0,0.0,9.0,4.0,0.0,0.0,0.0,0.0,0.0,0.0,0.0,0.0,3.0,12.0,1.0,12.15,5.01,2.51,1.49,0.0,0.0,0.0,361.4,0.0,0.7000000000000001,0.0,0.4,-169.70000000000002,0.0,0.0,169.70000000000002,0.0,21.3,28.9,28.9,30.9,300.0,300.0,31.8,35.9,28.8,28.1,29.9,4.95,1.99,4.96,0.16,0.0,0.0,1027.0,8228.0,0.0,0.0,0.0,0.0,0.0,1.0,0.0,0.0,0.0,0.0,0.0,0.4,0.0,-0.4,0.0,0.0,16.0,25903.0
2026-07-30T19:03:20.942Z,370.425,370.44,0.0,7.4,0.0,0.0,0.0,0.0,0.0,0.0,0.0,0.0,1.0,0.0,0.0,0.0,9.0,4.0,0.0,0.0,0.0,0.0,0.0,0.0,0.0,0.0,5.0,12.0,1.0,12.15,5.01,2.51,1.49,0.0,0.0,0.0,361.3,0.0,0.2,-1.1,-0.7000000000000001,-169.70000000000002,0.0,0.0,169.70000000000002,0.0,21.3,28.9,28.9,30.9,300.0,300.0,31.8,35.9,28.8,28.1,29.9,4.96,1.99,4.97,0.16,0.0,0.0,1027.0,8228.0,0.0,0.0,0.0,0.0,0.0,1.0,0.0,0.0,0.0,0.0,0.0,-1.7000000000000002,0.0,0.3,0.0,0.0,16.0,25903.0
2026-07-30T19:03:20.953Z,370.436,370.452,0.0,7.4,0.0,0.0,0.0,0.0,0.0,0.0,0.0,0.0,1.0,0.0,0.0,0.0,9.0,4.0,0.0,0.0,0.0,0.0,0.0,0.0,0.0,0.0,1.0,12.0,1.0,12.18,5.0200000000000005,2.51,1.49,0.0,0.0,0.0,361.4,0.0,-0.4,-1.1,0.9,-169.70000000000002,0.0,0.0,169.70000000000002,0.0,21.700000000000003,28.9,28.9,30.9,300.0,300.0,31.700000000000003,35.9,28.9,28.1,29.9,4.95,1.99,4.97,0.16,0.0,0.0,1027.0,8228.0,0.0,0.0,0.0,0.0,0.0,1.0,0.0,0.0,0.0,0.0,0.0,-0.5,0.0,-1.1,0.0,0.0,16.0,25903.0
2026-07-30T19:03:20.965Z,370.448,370.464,0.0,7.4,0.0,0.0,0.0,0.0,0.0,0.0,0.0,0.0,1.0,0.0,0.0,0.0,9.0,4.0,0.0,0.0,0.0,0.0,0.0,0.0,0.0,0.0,2.0,12.0,1.0,12.18,5.0200000000000005,2.51,1.49,0.0,0.0,0.0,361.3,0.0,0.2,0.0,-0.7000000000000001,-169.70000000000002,0.0,0.0,169.70000000000002,0.0,21.700000000000003,28.9,28.9,30.9,300.0,300.0,31.700000000000003,35.9,28.9,28.1,29.9,4.95,1.99,4.97,0.16,0.0,0.0,1027.0,8228.0,0.0,0.0,0.0,0.0,0.0,1.0,0.0,0.0,0.0,0.0,0.0,-0.5,0.0,0.6000000000000001,0.0,0.0,16.0,25903.0
2026-07-30T19:03:20.978Z,370.461,370.476,0.0,7.4,0.0,0.0,0.0,0.0,0.0,0.0,0.0,0.0,1.0,0.0,0.0,0.0,9.0,4.0,0.0,0.0,0.0,0.0,0.0,0.0,0.0,0.0,3.0,12.0,1.0,12.18,5.0200000000000005,2.51,1.49,0.0,0.0,0.0,361.3,0.0,0.2,1.1,-0.1,-169.70000000000002,0.0,0.0,169.8,0.0,21.700000000000003,28.9,28.9,30.9,300.0,300.0,31.700000000000003,35.9,28.9,28.1,29.9,4.95,2.0,4.97,0.16,0.0,0.0,1027.0,8228.0,0.0,0.0,0.0,0.0,0.0,1.0,0.0,0.0,0.0,0.0,0.0,1.1,0.0,0.3,0.0,0.0,16.0,25903.0
2026-07-30T19:03:20.990Z,370.473,370.488,0.0,7.4,0.0,0.0,0.0,0.0,0.0,0.0,0.0,0.0,1.0,0.0,0.0,0.0,9.0,4.0,0.0,0.0,0.0,0.0,0.0,0.0,0.0,0.0,4.0,12.0,1.0,12.18,5.0200000000000005,2.51,1.49,0.0,0.1,0.0,361.3,0.0,0.2,0.0,1.5,-169.70000000000002,0.0,0.0,169.70000000000002,0.0,21.700000000000003,28.9,28.9,30.9,300.0,300.0,31.700000000000003,35.9,28.9,28.1,29.9,4.96,2.0,4.97,0.16,0.0,0.0,1027.0,8228.0,0.0,0.0,0.0,0.0,0.0,1.0,0.0,0.0,0.0,0.0,0.0,-3.0,0.0,0.8,0.0,0.0,16.0,25903.0
2026-07-30T19:03:21.002Z,370.485,370.5,0.0,7.4,0.0,0.0,0.0,0.0,0.0,0.0,0.0,0.0,1.0,0.0,0.0,0.0,9.0,4.0,0.0,0.0,0.0,0.0,0.0,0.0,0.0,0.0,6.0,12.0,1.0,12.18,5.0200000000000005,2.51,1.49,0.0,0.1,0.0,361.3,0.0,0.2,-1.1,-0.1,-169.70000000000002,0.0,0.0,169.8,0.0,21.700000000000003,28.9,28.9,30.9,300.0,300.0,31.700000000000003,35.9,28.9,28.1,29.9,4.95,1.99,4.97,0.16,0.0,0.0,1027.0,8228.0,0.0,0.0,0.0,0.0,0.0,1.0,0.0,0.0,0.0,0.0,0.0,-3.4000000000000004,0.0,1.3,0.0,0.0,16.0,25903.0
2026-07-30T19:03:21.014Z,370.497,370.512,0.0,7.4,0.0,0.0,0.0,0.0,0.0,0.0,0.0,0.0,1.0,0.0,0.0,0.0,9.0,4.0,0.0,0.0,0.0,0.0,0.0,0.0,0.0,0.0,1.0,12.0,1.0,12.18,5.0200000000000005,2.51,1.49,0.0,0.0,0.0,361.4,0.0,-0.8,1.2000000000000002,1.0,-169.70000000000002,0.0,0.0,169.8,0.0,21.700000000000003,28.9,28.9,30.9,300.0,300.0,31.700000000000003,35.9,28.9,28.1,29.9,4.95,1.99,4.97,0.16,0.0,0.0,1027.0,8228.0,0.0,0.0,0.0,0.0,0.0,1.0,0.0,0.0,0.0,0.0,0.0,-0.7000000000000001,0.0,0.0,0.0,0.0,16.0,25903.0
2026-07-30T19:03:21.025Z,370.508,370.524,0.0,7.4,0.0,0.0,0.0,0.0,0.0,0.0,0.0,0.0,1.0,0.0,0.0,0.0,9.0,4.0,0.0,0.0,0.0,0.0,0.0,0.0,0.0,0.0,2.0,12.0,1.0,12.18,5.0200000000000005,2.51,1.49,0.0,0.0,0.0,361.4,0.0,-0.3,0.0,0.4,-169.70000000000002,0.0,0.0,169.8,0.0,21.700000000000003,28.9,28.9,30.9,300.0,300.0,31.700000000000003,35.9,28.9,28.1,29.9,4.96,1.99,4.97,0.16,0.0,0.0,1027.0,8228.0,0.0,0.0,0.0,0.0,0.0,1.0,0.0,0.0,0.0,0.0,0.0,1.7000000000000002,0.0,-0.1,0.0,0.0,16.0,25903.0
2026-07-30T19:03:21.038Z,370.521,370.536,0.0,7.4,0.0,0.0,0.0,0.0,0.0,0.0,0.0,0.0,1.0,0.0,0.0,0.0,9.0,4.0,0.0,0.0,0.0,0.0,0.0,0.0,0.0,0.0,3.0,12.0,1.0,12.18,5.0200000000000005,2.51,1.49,0.0,0.0,0.0,361.4,0.0,-0.9,0.0,0.9,-169.70000000000002,0.0,0.0,169.8,0.0,21.700000000000003,28.9,28.9,30.9,300.0,300.0,31.700000000000003,35.9,28.9,28.1,29.9,4.95,1.99,4.96,0.16,0.0,0.0,1027.0,8228.0,0.0,0.0,0.0,0.0,0.0,1.0,0.0,0.0,0.0,0.0,0.0,0.7000000000000001,0.0,-0.8,0.0,0.0,16.0,25903.0
2026-07-30T19:03:21.050Z,370.533,370.548,0.0,7.4,0.0,0.0,0.0,0.0,0.0,0.0,0.0,0.0,1.0,0.0,0.0,0.0,9.0,4.0,0.0,0.0,0.0,0.0,0.0,0.0,0.0,0.0,4.0,12.0,1.0,12.11,5.01,2.51,1.49,0.0,0.1,0.0,361.3,0.0,0.2,-0.5,1.0,-169.70000000000002,0.0,0.0,169.8,0.0,21.4,28.9,28.9,30.9,300.0,300.0,31.6,35.9,28.9,28.1,29.9,4.95,1.99,4.97,0.16,0.0,0.0,1027.0,8228.0,0.0,0.0,0.0,0.0,0.0,1.0,0.0,0.0,0.0,0.0,0.0,0.1,0.0,-1.0,0.0,0.0,16.0,25903.0
2026-07-30T19:03:21.062Z,370.545,370.56,0.0,7.4,0.0,0.0,0.0,0.0,0.0,0.0,0.0,0.0,1.0,0.0,0.0,0.0,9.0,4.0,0.0,0.0,0.0,0.0,0.0,0.0,0.0,0.0,5.0,12.0,1.0,12.11,5.01,2.51,1.49,0.0,0.0,0.0,361.4,0.0,-0.3,0.5,-0.1,-169.70000000000002,0.0,0.0,169.8,0.0,21.4,28.9,28.9,30.9,300.0,300.0,31.6,35.9,28.9,28.1,29.9,4.95,1.99,4.96,0.16,0.0,0.0,1027.0,8228.0,0.0,0.0,0.0,0.0,0.0,1.0,0.0,0.0,0.0,0.0,0.0,0.5,0.0,0.2,0.0,0.0,16.0,25903.0
2026-07-30T19:03:21.074Z,370.557,370.572,0.0,7.4,0.0,0.0,0.0,0.0,0.0,0.0,0.0,0.0,1.0,0.0,0.0,0.0,9.0,4.0,0.0,0.0,0.0,0.0,0.0,0.0,0.0,0.0,6.0,12.0,1.0,12.11,5.01,2.51,1.49,0.0,0.0,0.0,361.4,0.0,-0.2,0.5,-0.7000000000000001,-169.70000000000002,0.0,0.0,169.8,0.0,21.4,28.9,28.9,30.9,300.0,300.0,31.6,35.9,28.9,28.1,29.9,4.96,1.99,4.96,0.16,0.0,0.0,1027.0,8228.0,0.0,0.0,0.0,0.0,0.0,1.0,0.0,0.0,0.0,0.0,0.0,0.1,0.0,0.7000000000000001,0.0,0.0,16.0,25903.0
2026-07-30T19:03:21.085Z,370.568,370.584,0.0,7.4,0.0,0.0,0.0,0.0,0.0,0.0,0.0,0.0,1.0,0.0,0.0,0.0,9.0,4.0,0.0,0.0,0.0,0.0,0.0,0.0,0.0,0.0,2.0,12.0,1.0,12.11,5.01,2.51,1.49,0.0,0.0,0.0,361.3,0.0,-0.2,0.0,-0.1,-169.70000000000002,0.0,0.0,169.8,0.0,21.4,28.9,28.9,30.9,300.0,300.0,31.6,35.9,28.9,28.1,29.9,4.95,1.99,4.97,0.16,0.0,0.0,1027.0,8228.0,0.0,0.0,0.0,0.0,0.0,1.0,0.0,0.0,0.0,0.0,0.0,-0.1,0.0,0.1,0.0,0.0,16.0,25903.0
2026-07-30T19:03:21.097Z,370.58,370.596,0.0,7.4,0.0,0.0,0.0,0.0,0.0,0.0,0.0,0.0,1.0,0.0,0.0,0.0,9.0,4.0,0.0,0.0,0.0,0.0,0.0,0.0,0.0,0.0,4.0,12.0,1.0,12.11,5.01,2.51,1.49,0.0,0.0,0.0,361.4,0.0,-0.8,0.0,-0.7000000000000001,-169.70000000000002,0.0,0.0,169.8,0.0,21.4,28.9,28.9,30.9,300.0,300.0,31.6,35.9,28.9,28.1,29.9,4.95,1.99,4.97,0.16,0.0,0.0,1027.0,8228.0,0.0,0.0,0.0,0.0,0.0,1.0,0.0,0.0,0.0,0.0,0.0,-0.5,0.0,0.6000000000000001,0.0,0.0,16.0,25903.0
2026-07-30T19:03:21.109Z,370.592,370.608,0.0,7.4,0.0,0.0,0.0,0.0,0.0,0.0,0.0,0.0,1.0,0.0,0.0,0.0,9.0,4.0,0.0,0.0,0.0,0.0,0.0,0.0,0.0,0.0,5.0,12.0,1.0,12.11,5.01,2.51,1.49,0.0,0.0,0.0,361.3,0.0,-0.2,0.0,0.4,-169.70000000000002,0.0,0.0,169.8,0.0,21.4,28.9,28.9,30.9,300.0,300.0,31.6,35.9,28.9,28.1,29.9,4.95,1.99,4.97,0.16,0.0,0.0,1027.0,8228.0,0.0,0.0,0.0,0.0,0.0,1.0,0.0,0.0,0.0,0.0,0.0,0.3,0.0,-0.3,0.0,0.0,16.0,25903.0
2026-07-30T19:03:21.122Z,370.605,370.62,0.0,7.4,0.0,0.0,0.0,0.0,0.0,0.0,0.0,0.0,1.0,0.0,0.0,0.0,9.0,4.0,0.0,0.0,0.0,0.0,0.0,0.0,0.0,0.0,6.0,12.0,1.0,12.11,5.01,2.51,1.49,0.0,0.1,0.0,361.4,0.0,0.2,1.1,-0.7000000000000001,-169.70000000000002,0.0,0.0,169.8,0.0,21.4,28.9,28.9,30.9,300.0,300.0,31.6,35.9,28.9,28.1,29.9,4.95,1.99,4.97,0.16,0.0,0.0,1027.0,8228.0,0.0,0.0,0.0,0.0,0.0,1.0,0.0,0.0,0.0,0.0,0.0,0.7000000000000001,0.0,0.9,0.0,0.0,16.0,25903.0
2026-07-30T19:03:21.134Z,370.617,370.632,0.0,7.4,0.0,0.0,0.0,0.0,0.0,0.0,0.0,0.0,1.0,0.0,0.0,0.0,9.0,4.0,0.0,0.0,0.0,0.0,0.0,0.0,0.0,0.0,1.0,12.0,1.0,12.11,5.01,2.51,1.49,0.0,0.0,0.0,361.4,0.0,-0.2,-1.7000000000000002,-0.1,-169.70000000000002,0.0,0.0,169.8,0.0,21.4,28.9,28.9,30.9,300.0,300.0,31.6,35.9,28.9,28.1,29.9,4.95,1.99,4.97,0.16,0.0,0.0,1027.0,8228.0,0.0,0.0,0.0,0.0,0.0,1.0,0.0,0.0,0.0,0.0,0.0,-2.0,0.0,-0.2,0.0,0.0,16.0,25903.0
2026-07-30T19:03:21.145Z,370.628,370.644,0.0,7.4,0.0,0.0,0.0,0.0,0.0,0.0,0.0,0.0,1.0,0.0,0.0,0.0,9.0,4.0,0.0,0.0,0.0,0.0,0.0,0.0,0.0,0.0,3.0,12.0,1.0,12.11,5.01,2.51,1.49,0.0,0.1,0.0,361.4,0.0,0.2,0.0,-0.1,-169.70000000000002,0.0,0.0,169.8,0.0,21.4,28.9,28.9,30.9,300.0,300.0,31.6,35.9,28.9,28.1,29.9,4.96,2.0,4.96,0.16,0.0,0.0,1027.0,8228.0,0.0,0.0,0.0,0.0,0.0,1.0,0.0,0.0,0.0,0.0,0.0,-0.1,0.0,0.1,0.0,0.0,16.0,25903.0
2026-07-30T19:03:21.158Z,370.641,370.656,0.0,7.4,0.0,0.0,0.0,0.0,0.0,0.0,0.0,0.0,1.0,0.0,0.0,0.0,9.0,4.0,0.0,0.0,0.0,0.0,0.0,0.0,0.0,0.0,4.0,12.0,1.0,12.18,5.01,2.5,1.49,0.0,0.0,0.0,361.3,0.0,-0.2,-0.5,1.0,-169.70000000000002,0.0,0.0,169.8,0.0,21.8,28.9,28.9,30.9,300.0,300.0,31.700000000000003,35.9,28.8,28.1,29.9,4.96,1.99,4.96,0.16,0.0,0.0,1027.0,8228.0,0.0,0.0,0.0,0.0,0.0,1.0,0.0,0.0,0.0,0.0,0.0,0.0,0.0,-1.0,0.0,0.0,16.0,25903.0
2026-07-30T19:03:21.170Z,370.653,370.668,0.0,7.4,0.0,0.0,0.0,0.0,0.0,0.0,0.0,0.0,1.0,0.0,0.0,0.0,9.0,4.0,0.0,0.0,0.0,0.0,0.0,0.0,0.0,0.0,5.0,12.0,1.0,12.18,5.01,2.5,1.49,0.0,0.0,0.0,361.4,0.0,0.2,0.6000000000000001,1.0,-169.70000000000002,0.0,0.0,169.70000000000002,0.0,21.8,28.9,28.9,30.9,300.0,300.0,31.700000000000003,35.9,28.8,28.1,29.9,4.95,1.99,4.96,0.16,0.0,0.0,1027.0,8228.0,0.0,0.0,0.0,0.0,0.0,1.0,0.0,0.0,0.0,0.0,0.0,1.4,0.0,-0.8,0.0,0.0,16.0,25903.0
2026-07-30T19:03:21.182Z,370.665,370.68,0.0,7.4,0.0,0.0,0.0,0.0,0.0,0.0,0.0,0.0,1.0,0.0,0.0,0.0,9.0,4.0,0.0,0.0,0.0,0.0,0.0,0.0,0.0,0.0,1.0,12.0,1.0,12.18,5.01,2.5,1.49,0.0,0.0,0.0,361.4,0.0,0.8,0.0,-0.7000000000000001,-169.70000000000002,0.0,0.0,169.70000000000002,0.0,21.8,28.9,28.9,30.9,300.0,300.0,31.700000000000003,35.9,28.8,28.1,29.9,4.95,1.99,4.97,0.16,0.0,0.0,1027.0,8228.0,0.0,0.0,0.0,0.0,0.0,1.0,0.0,0.0,0.0,0.0,0.0,-0.4,0.0,0.6000000000000001,0.0,0.0,16.0,25903.0
2026-07-30T19:03:21.194Z,370.677,370.692,0.0,7.4,0.0,0.0,0.0,0.0,0.0,0.0,0.0,0.0,1.0,0.0,0.0,0.0,9.0,4.0,0.0,0.0,0.0,0.0,0.0,0.0,0.0,0.0,2.0,12.0,1.0,12.18,5.01,2.5,1.49,0.0,0.0,0.0,361.4,0.0,-0.2,-1.0,0.0,-169.70000000000002,0.0,0.0,169.70000000000002,0.0,21.8,28.9,28.9,30.9,300.0,300.0,31.700000000000003,35.9,28.8,28.1,29.9,4.96,1.99,4.96,0.16,0.0,0.0,1027.0,8228.0,0.0,0.0,0.0,0.0,0.0,1.0,0.0,0.0,0.0,0.0,0.0,-1.2000000000000002,0.0,-0.1,0.0,0.0,16.0,25903.0
2026-07-30T19:03:21.205Z,370.688,370.704,0.0,7.4,0.0,0.0,0.0,0.0,0.0,0.0,0.0,0.0,1.0,0.0,0.0,0.0,9.0,4.0,0.0,0.0,0.0,0.0,0.0,0.0,0.0,0.0,3.0,12.0,1.0,12.18,5.01,2.5,1.49,0.0,0.0,0.0,361.4,0.0,0.3,0.6000000000000001,0.0,-169.70000000000002,0.0,0.0,169.70000000000002,0.0,21.8,28.9,28.9,30.9,300.0,300.0,31.700000000000003,35.9,28.8,28.1,29.9,4.96,1.99,4.97,0.16,0.0,0.0,1027.0,8228.0,0.0,0.0,0.0,0.0,0.0,1.0,0.0,0.0,0.0,0.0,0.0,0.7000000000000001,0.0,0.1,0.0,0.0,16.0,25903.0
2026-07-30T19:03:21.218Z,370.701,370.716,0.0,7.4,0.0,0.0,0.0,0.0,0.0,0.0,0.0,0.0,1.0,0.0,0.0,0.0,9.0,4.0,0.0,0.0,0.0,0.0,0.0,0.0,0.0,0.0,4.0,12.0,1.0,12.18,5.01,2.5,1.49,0.0,0.0,0.0,361.3,0.0,-0.2,0.7000000000000001,-0.6000000000000001,-169.70000000000002,0.0,0.0,169.60000000000002,0.0,21.8,28.9,28.9,30.9,300.0,300.0,31.700000000000003,35.9,28.8,28.1,29.9,4.95,1.99,4.97,0.16,0.0,0.0,1027.0,8228.0,0.0,0.0,0.0,0.0,0.0,1.0,0.0,0.0,0.0,0.0,0.0,0.3,0.0,0.6000000000000001,0.0,0.0,16.0,25903.0
2026-07-30T19:03:21.230Z,370.713,370.728,0.0,7.4,0.0,0.0,0.0,0.0,0.0,0.0,0.0,0.0,1.0,0.0,0.0,0.0,9.0,4.0,0.0,0.0,0.0,0.0,0.0,0.0,0.0,0.0,5.0,12.0,1.0,12.18,5.01,2.5,1.49,0.0,0.1,0.0,361.4,0.0,0.9,0.7000000000000001,1.1,-169.70000000000002,0.0,0.0,169.8,0.0,21.8,28.9,28.9,30.9,300.0,300.0,31.700000000000003,35.9,28.8,28.1,29.9,4.96,1.99,4.96,0.16,0.0,0.0,1027.0,8228.0,0.0,0.0,0.0,0.0,0.0,1.0,0.0,0.0,0.0,0.0,0.0,1.6,0.0,-0.8,0.0,0.0,16.0,25903.0
2026-07-30T19:03:21.241Z,370.724,370.74,0.0,7.4,0.0,0.0,0.0,0.0,0.0,0.0,0.0,0.0,1.0,0.0,0.0,0.0,9.0,4.0,0.0,0.0,0.0,0.0,0.0,0.0,0.0,0.0,1.0,12.0,1.0,12.18,5.01,2.5,1.49,0.0,0.1,0.0,361.4,0.0,0.9,-0.3,-1.2000000000000002,-169.70000000000002,0.0,0.0,169.8,0.0,21.8,28.9,28.9,30.9,300.0,300.0,31.700000000000003,35.9,28.8,28.1,29.9,4.96,1.99,4.96,0.16,0.0,0.0,1027.0,8228.0,0.0,0.0,0.0,0.0,0.0,1.0,0.0,0.0,0.0,0.0,0.0,-1.3,0.0,0.9,0.0,0.0,16.0,25903.0
2026-07-30T19:03:21.254Z,370.737,370.752,0.0,7.4,0.0,0.0,0.0,0.0,0.0,0.0,0.0,0.0,1.0,0.0,0.0,0.0,9.0,4.0,0.0,0.0,0.0,0.0,0.0,0.0,0.0,0.0,2.0,12.0,1.0,12.17,5.01,2.51,1.49,0.0,0.0,0.0,361.4,0.0,-0.7000000000000001,-0.4,0.5,-169.70000000000002,0.0,0.0,169.8,0.0,21.3,28.9,28.9,30.9,300.0,300.0,31.700000000000003,35.9,28.9,28.0,29.9,4.96,1.99,4.97,0.16,0.0,0.0,1027.0,8228.0,0.0,0.0,0.0,0.0,0.0,1.0,0.0,0.0,0.0,0.0,0.0,0.0,0.0,-0.5,0.0,0.0,16.0,25903.0
2026-07-30T19:03:21.266Z,370.749,370.764,0.0,7.4,0.0,0.0,0.0,0.0,0.0,0.0,0.0,0.0,1.0,0.0,0.0,0.0,9.0,4.0,0.0,0.0,0.0,0.0,0.0,0.0,0.0,0.0,3.0,12.0,1.0,12.17,5.01,2.51,1.49,0.0,0.0,0.0,361.4,0.0,-0.1,0.1,0.0,-169.70000000000002,0.0,0.0,169.8,0.0,21.3,28.9,28.9,30.9,300.0,300.0,31.700000000000003,35.9,28.9,28.0,29.9,4.96,1.99,4.97,0.16,0.0,0.0,1027.0,8228.0,0.0,0.0,0.0,0.0,0.0,1.0,0.0,0.0,0.0,0.0,0.0,0.2,0.0,0.0,0.0,0.0,16.0,25903.0
2026-07-30T19:03:21.277Z,370.76,370.776,0.0,7.4,0.0,0.0,0.0,0.0,0.0,0.0,0.0,0.0,1.0,0.0,0.0,0.0,9.0,4.0,0.0,0.0,0.0,0.0,0.0,0.0,0.0,0.0,5.0,12.0,1.0,12.17,5.01,2.51,1.49,0.0,0.1,0.0,361.4,0.0,-0.7000000000000001,-0.3,-1.1,-169.70000000000002,0.0,0.0,169.70000000000002,0.0,21.3,28.9,28.9,30.9,300.0,300.0,31.700000000000003,35.9,28.9,28.0,29.9,4.95,1.99,4.96,0.16,0.0,0.0,1027.0,8228.0,0.0,0.0,0.0,0.0,0.0,1.0,0.0,0.0,0.0,0.0,0.0,-1.2000000000000002,0.0,0.9,0.0,0.0,16.0,25903.0
2026-07-30T19:03:21.290Z,370.773,370.788,0.0,7.4,0.0,0.0,0.0,0.0,0.0,0.0,0.0,0.0,1.0,0.0,0.0,0.0,9.0,4.0,0.0,0.0,0.0,0.0,0.0,0.0,0.0,0.0,6.0,12.0,1.0,12.17,5.01,2.51,1.49,0.0,0.1,0.0,361.4,0.0,-0.1,-0.3,1.1,-169.70000000000002,0.0,0.0,169.8,0.0,21.3,28.9,28.9,30.9,300.0,300.0,31.700000000000003,35.9,28.9,28.0,29.9,4.95,1.99,4.97,0.16,0.0,0.0,1027.0,8228.0,0.0,0.0,0.0,0.0,0.0,1.0,0.0,0.0,0.0,0.0,0.0,0.4,0.0,-1.1,0.0,0.0,16.0,25903.0
2026-07-30T19:03:21.302Z,370.785,370.8,0.0,7.4,0.0,0.0,0.0,0.0,0.0,0.0,0.0,0.0,1.0,0.0,0.0,0.0,9.0,4.0,0.0,0.0,0.0,0.0,0.0,0.0,0.0,0.0,1.0,12.0,1.0,12.17,5.01,2.51,1.49,0.0,0.0,0.0,361.4,0.0,-0.1,-0.4,-1.1,-169.70000000000002,0.0,0.0,169.8,0.0,21.3,28.9,28.9,30.9,300.0,300.0,31.700000000000003,35.9,28.9,28.0,29.9,4.95,1.99,4.96,0.16,0.0,0.0,1027.0,8228.0,0.0,0.0,0.0,0.0,0.0,1.0,0.0,0.0,0.0,0.0,0.0,-1.3,0.0,0.9,0.0,0.0,16.0,25903.0
2026-07-30T19:03:21.314Z,370.797,370.812,0.0,7.4,0.0,0.0,0.0,0.0,0.0,0.0,0.0,0.0,1.0,0.0,0.0,0.0,9.0,4.0,0.0,0.0,0.0,0.0,0.0,0.0,0.0,0.0,3.0,12.0,1.0,12.17,5.01,2.51,1.49,0.0,0.0,0.0,361.4,0.0,-0.1,-0.3,0.0,-169.70000000000002,0.0,0.0,169.8,0.0,21.3,28.9,28.9,30.9,300.0,300.0,31.700000000000003,35.9,28.9,28.0,29.9,4.96,1.99,4.96,0.16,0.0,0.0,1027.0,8228.0,0.0,0.0,0.0,0.0,0.0,1.0,0.0,0.0,0.0,0.0,0.0,-0.4,0.0,0.0,0.0,0.0,16.0,25903.0
2026-07-30T19:03:21.325Z,370.808,370.824,0.0,7.4,0.0,0.0,0.0,0.0,0.0,0.0,0.0,0.0,1.0,0.0,0.0,0.0,9.0,4.0,0.0,0.0,0.0,0.0,0.0,0.0,0.0,0.0,4.0,12.0,1.0,12.17,5.01,2.51,1.49,0.0,0.0,0.0,361.3,0.0,0.4,0.8,0.0,-169.70000000000002,0.0,0.0,169.60000000000002,0.0,21.3,28.9,28.9,30.9,300.0,300.0,31.700000000000003,35.9,28.9,28.0,29.9,4.96,1.99,4.96,0.17,0.0,0.0,1027.0,8228.0,0.0,0.0,0.0,0.0,0.0,1.0,0.0,0.0,0.0,0.0,0.0,0.9,0.0,0.1,0.0,0.0,16.0,25903.0
2026-07-30T19:03:21.338Z,370.821,370.836,0.0,7.4,0.0,0.0,0.0,0.0,0.0,0.0,0.0,0.0,1.0,0.0,0.0,0.0,9.0,4.0,0.0,0.0,0.0,0.0,0.0,0.0,0.0,0.0,5.0,12.0,1.0,12.17,5.01,2.51,1.49,0.0,0.0,0.0,361.3,0.0,0.4,0.2,-0.5,-169.70000000000002,0.0,0.0,169.60000000000002,0.0,21.3,28.9,28.9,30.9,300.0,300.0,31.700000000000003,35.9,28.9,28.0,29.9,4.95,1.99,4.97,0.17,0.0,0.0,1027.0,8228.0,0.0,0.0,0.0,0.0,0.0,1.0,0.0,0.0,0.0,0.0,0.0,-0.1,0.0,0.5,0.0,0.0,16.0,25903.0
2026-07-30T19:03:21.350Z,370.833,370.848,0.0,7.4,0.0,0.0,0.0,0.0,0.0,0.0,0.0,0.0,1.0,0.0,0.0,0.0,9.0,4.0,0.0,0.0,0.0,0.0,0.0,0.0,0.0,0.0,1.0,12.0,1.0,12.17,5.01,2.51,1.49,0.0,0.0,0.0,361.4,0.0,-0.1,-0.3,0.0,-169.70000000000002,0.0,0.0,169.70000000000002,0.0,21.3,28.9,28.9,30.9,300.0,300.0,31.700000000000003,35.9,28.9,28.0,29.9,4.95,1.99,4.96,0.16,0.0,0.0,1027.0,8228.0,0.0,0.0,0.0,0.0,0.0,1.0,0.0,0.0,0.0,0.0,0.0,-0.4,0.0,0.0,0.0,0.0,16.0,25903.0
2026-07-30T19:03:21.361Z,370.844,370.86,0.0,7.4,0.0,0.0,0.0,0.0,0.0,0.0,0.0,0.0,1.0,0.0,0.0,0.0,9.0,4.0,0.0,0.0,0.0,0.0,0.0,0.0,0.0,0.0,2.0,12.0,1.0,12.17,5.01,2.5,1.49,0.0,0.0,0.0,361.4,0.0,-0.1,0.1,-0.6000000000000001,-169.70000000000002,0.0,0.0,169.8,0.0,21.700000000000003,28.9,28.9,30.9,300.0,300.0,31.700000000000003,35.9,28.9,28.1,29.9,4.96,1.99,4.96,0.16,0.0,0.0,1027.0,8228.0,0.0,0.0,0.0,0.0,0.0,1.0,0.0,0.0,0.0,0.0,0.0,-0.3,0.0,0.6000000000000001,0.0,0.0,16.0,25903.0
2026-07-30T19:03:21.373Z,370.856,370.872,0.0,7.4,0.0,0.0,0.0,0.0,0.0,0.0,0.0,0.0,1.0,0.0,0.0,0.0,9.0,4.0,0.0,0.0,0.0,0.0,0.0,0.0,0.0,0.0,3.0,12.0,1.0,12.17,5.01,2.5,1.49,0.0,0.0,0.0,361.3,0.0,0.4,1.3,1.0,-169.70000000000002,0.0,0.0,169.70000000000002,0.0,21.700000000000003,28.9,28.9,30.9,300.0,300.0,31.700000000000003,35.9,28.9,28.1,29.9,4.95,1.99,4.97,0.16,0.0,0.0,1027.0,8228.0,0.0,0.0,0.0,0.0,0.0,1.0,0.0,0.0,0.0,0.0,0.0,2.2,0.0,-0.6000000000000001,0.0,0.0,16.0,25903.0
2026-07-30T19:03:21.385Z,370.868,370.884,0.0,7.4,0.0,0.0,0.0,0.0,0.0,0.0,0.0,0.0,1.0,0.0,0.0,0.0,9.0,4.0,0.0,0.0,0.0,0.0,0.0,0.0,0.0,0.0,4.0,12.0,1.0,12.17,5.01,2.5,1.49,0.0,0.0,0.0,361.4,0.0,-0.1,0.7000000000000001,1.1,-169.70000000000002,0.0,0.0,169.8,0.0,21.700000000000003,28.9,28.9,30.9,300.0,300.0,31.700000000000003,35.9,28.9,28.1,29.9,4.96,2.0,4.97,0.16,0.0,0.0,1027.0,8228.0,0.0,0.0,0.0,0.0,0.0,1.0,0.0,0.0,0.0,0.0,0.0,1.6,0.0,-0.8,0.0,0.0,16.0,25903.0
2026-07-30T19:03:21.398Z,370.881,370.896,0.0,7.4,0.0,0.0,0.0,0.0,0.0,0.0,0.0,0.0,1.0,0.0,0.0,0.0,9.0,4.0,0.0,0.0,0.0,0.0,0.0,0.0,0.0,0.0,5.0,12.0,1.0,12.17,5.01,2.5,1.49,0.0,0.0,0.0,361.4,0.0,-0.2,-1.0,-0.6000000000000001,-169.70000000000002,0.0,0.0,169.70000000000002,0.0,21.700000000000003,28.9,28.9,30.9,300.0,300.0,31.700000000000003,35.9,28.9,28.1,29.9,4.96,2.0,4.97,0.16,0.0,0.0,1027.0,8228.0,0.0,0.0,0.0,0.0,0.0,1.0,0.0,0.0,0.0,0.0,0.0,-1.6,0.0,0.3,0.0,0.0,16.0,25903.0
2026-07-30T19:03:21.409Z,370.892,370.908,0.0,7.4,0.0,0.0,0.0,0.0,0.0,0.0,0.0,0.0,1.0,0.0,0.0,0.0,9.0,4.0,0.0,0.0,0.0,0.0,0.0,0.0,0.0,0.0,6.0,12.0,1.0,12.17,5.01,2.5,1.49,0.0,0.0,0.0,361.4,0.0,0.9,1.2000000000000002,1.1,-169.70000000000002,0.0,0.0,169.8,0.0,21.700000000000003,28.9,28.9,30.9,300.0,300.0,31.700000000000003,35.9,28.9,28.1,29.9,4.95,1.99,4.97,0.16,0.0,0.0,1027.0,8228.0,0.0,0.0,0.0,0.0,0.0,1.0,0.0,0.0,0.0,0.0,0.0,2.3000000000000003,0.0,-0.7000000000000001,0.0,0.0,16.0,25903.0
2026-07-30T19:03:21.421Z,370.904,370.92,0.0,7.4,0.0,0.0,0.0,0.0,0.0,0.0,0.0,0.0,1.0,0.0,0.0,0.0,9.0,4.0,0.0,0.0,0.0,0.0,0.0,0.0,0.0,0.0,1.0,12.0,1.0,12.17,5.01,2.5,1.49,0.0,0.1,0.0,361.4,0.0,-0.2,-1.1,-0.6000000000000001,-169.70000000000002,0.0,0.0,169.8,0.0,21.700000000000003,28.9,28.9,30.9,300.0,300.0,31.700000000000003,35.9,28.9,28.1,29.9,4.95,1.99,4.97,0.16,0.0,0.0,1027.0,8228.0,0.0,0.0,0.0,0.0,0.0,1.0,0.0,0.0,0.0,0.0,0.0,-1.7000000000000002,0.0,0.3,0.0,0.0,16.0,25903.0
2026-07-30T19:03:21.434Z,370.917,370.932,0.0,7.4,0.0,0.0,0.0,0.0,0.0,0.0,0.0,0.0,1.0,0.0,0.0,0.0,9.0,4.0,0.0,0.0,0.0,0.0,0.0,0.0,0.0,0.0,2.0,12.0,1.0,12.17,5.01,2.5,1.49,0.0,0.0,0.0,361.3,0.0,0.3,-1.0,0.5,-169.70000000000002,0.0,0.0,169.8,0.0,21.700000000000003,28.9,28.9,30.9,300.0,300.0,31.700000000000003,35.9,28.9,28.1,29.9,4.96,1.99,4.96,0.16,0.0,0.0,1027.0,8228.0,0.0,0.0,0.0,0.0,0.0,1.0,0.0,0.0,0.0,0.0,0.0,-0.7000000000000001,0.0,-0.7000000000000001,0.0,0.0,16.0,25903.0
2026-07-30T19:03:21.446Z,370.929,370.944,0.0,7.4,0.0,0.0,0.0,0.0,0.0,0.0,0.0,0.0,1.0,0.0,0.0,0.0,9.0,4.0,0.0,0.0,0.0,0.0,0.0,0.0,0.0,0.0,4.0,12.0,1.0,12.17,5.01,2.5,1.49,0.0,0.0,0.0,361.4,0.0,-0.2,1.2000000000000002,0.0,-169.70000000000002,0.0,0.0,169.70000000000002,0.0,21.700000000000003,28.9,28.9,30.9,300.0,300.0,31.700000000000003,35.9,28.9,28.1,29.9,4.96,1.99,4.97,0.15,0.0,0.0,1027.0,8228.0,0.0,0.0,0.0,0.0,0.0,1.0,0.0,0.0,0.0,0.0,0.0,1.3,0.0,0.3,0.0,0.0,16.0,25903.0
2026-07-30T19:03:21.459Z,370.942,370.956,-0.1,7.4,0.0,0.0,0.0,0.0,0.0,0.0,0.0,0.0,1.0,0.0,0.0,0.0,9.0,4.0,0.0,0.0,0.0,0.0,0.0,0.0,0.0,0.0,5.0,12.0,1.0,12.2,5.0200000000000005,2.5,1.5,0.0,0.0,0.0,361.4,0.0,0.2,0.6000000000000001,0.5,-169.70000000000002,0.0,0.0,169.70000000000002,0.0,21.3,28.9,28.9,30.9,300.0,300.0,31.700000000000003,35.9,28.9,28.1,29.9,4.95,1.99,4.97,0.16,0.0,0.0,1027.0,8228.0,0.0,0.0,0.0,0.0,0.0,1.0,0.0,0.0,0.0,0.0,0.0,1.1,0.0,-0.3,0.0,0.0,16.0,25903.0
2026-07-30T19:03:21.469Z,370.952,370.968,-0.1,7.4,0.0,0.0,0.0,0.0,0.0,0.0,0.0,0.0,1.0,0.0,0.0,0.0,9.0,4.0,0.0,0.0,0.0,0.0,0.0,0.0,0.0,0.0,6.0,12.0,1.0,12.2,5.0200000000000005,2.5,1.5,0.0,0.0,0.0,361.3,0.0,0.8,0.7000000000000001,1.1,-169.70000000000002,0.0,0.0,169.70000000000002,0.0,21.3,28.9,28.9,30.9,300.0,300.0,31.700000000000003,35.9,28.9,28.1,29.9,4.96,1.99,4.96,0.16,0.0,0.0,1027.0,8228.0,0.0,0.0,0.0,0.0,0.0,1.0,0.0,0.0,0.0,0.0,0.0,1.6,0.0,-0.8,0.0,0.0,16.0,25903.0
2026-07-30T19:03:21.481Z,370.964,370.98,0.0,7.4,0.0,0.0,0.0,0.0,0.0,0.0,0.0,0.0,1.0,0.0,0.0,0.0,9.0,4.0,0.0,0.0,0.0,0.0,0.0,0.0,0.0,0.0,1.0,12.0,1.0,12.2,5.0200000000000005,2.5,1.5,0.0,0.0,0.0,361.3,0.0,0.2,-0.4,1.0,-169.70000000000002,0.0,0.0,169.70000000000002,0.0,21.3,28.9,28.9,30.9,300.0,300.0,31.700000000000003,35.9,28.9,28.1,29.9,4.95,2.0,4.96,0.16,0.0,0.0,1027.0,8228.0,0.0,0.0,0.0,0.0,0.0,1.0,0.0,0.0,0.0,0.0,0.0,0.2,0.0,-1.0,0.0,0.0,16.0,25903.0
2026-07-30T19:03:21.494Z,370.977,370.992,0.0,7.4,0.0,0.0,0.0,0.0,0.0,0.0,0.0,0.0,1.0,0.0,0.0,0.0,9.0,4.0,0.0,0.0,0.0,0.0,0.0,0.0,0.0,0.0,2.0,12.0,1.0,12.2,5.0200000000000005,2.5,1.5,0.0,0.0,0.0,361.4,0.0,-0.9,-0.5,-0.6000000000000001,-169.70000000000002,0.0,0.0,169.70000000000002,0.0,21.3,28.9,28.9,30.9,300.0,300.0,31.700000000000003,35.9,28.9,28.1,29.9,4.95,1.99,4.97,0.16,0.0,0.0,1027.0,8228.0,0.0,0.0,0.0,0.0,0.0,1.0,0.0,0.0,0.0,0.0,0.0,-1.0,0.0,0.4,0.0,0.0,16.0,25903.0
2026-07-30T19:03:21.506Z,370.989,371.004,0.0,7.4,0.0,0.0,0.0,0.0,0.0,0.0,0.0,0.0,1.0,0.0,0.0,0.0,9.0,4.0,0.0,0.0,0.0,0.0,0.0,0.0,0.0,0.0,3.0,12.0,1.0,12.2,5.0200000000000005,2.5,1.5,0.0,0.0,0.0,361.4,0.0,0.2,0.0,-0.1,-169.70000000000002,0.0,0.0,169.8,0.0,21.3,28.9,28.9,30.9,300.0,300.0,31.700000000000003,35.9,28.9,28.1,29.9,4.96,1.99,4.97,0.16,0.0,0.0,1027.0,8228.0,0.0,0.0,0.0,0.0,0.0,1.0,0.0,0.0,0.0,0.0,0.0,0.8,0.0,-0.9,0.0,0.0,16.0,25903.0
2026-07-30T19:03:21.518Z,371.001,371.016,0.0,7.4,0.0,0.0,0.0,0.0,0.0,0.0,0.0,0.0,1.0,0.0,0.0,0.0,9.0,4.0,0.0,0.0,0.0,0.0,0.0,0.0,0.0,0.0,4.0,12.0,1.0,12.2,5.0200000000000005,2.5,1.5,0.0,0.0,0.0,361.4,0.0,0.2,-0.4,-0.7000000000000001,-169.70000000000002,0.0,0.0,169.70000000000002,0.0,21.3,28.9,28.9,30.9,300.0,300.0,31.700000000000003,35.9,28.9,28.1,29.9,4.96,1.99,4.96,0.16,0.0,0.0,1027.0,8228.0,0.0,0.0,0.0,0.0,0.0,1.0,0.0,0.0,0.0,0.0,0.0,1.0,0.0,-0.2,0.0,0.0,16.0,25903.0
2026-07-30T19:03:21.530Z,371.013,371.028,0.0,7.4,0.0,0.0,0.0,0.0,0.0,0.0,0.0,0.0,1.0,0.0,0.0,0.0,9.0,4.0,0.0,0.0,0.0,0.0,0.0,0.0,0.0,0.0,5.0,12.0,1.0,12.2,5.0200000000000005,2.5,1.5,0.0,0.0,0.0,361.3,0.0,1.3,1.3,2.2,-169.70000000000002,0.0,0.0,169.70000000000002,0.0,21.3,28.9,28.9,30.9,300.0,300.0,31.700000000000003,35.9,28.9,28.1,29.9,4.95,1.99,4.97,0.16,0.0,0.0,1027.0,8228.0,0.0,0.0,0.0,0.0,0.0,1.0,0.0,0.0,0.0,0.0,0.0,-0.3,0.0,0.6000000000000001,0.0,0.0,16.0,25903.0
2026-07-30T19:03:21.542Z,371.025,371.04,0.0,7.4,0.0,0.0,0.0,0.0,0.0,0.0,0.0,0.0,1.0,0.0,0.0,0.0,9.0,4.0,0.0,0.0,0.0,0.0,0.0,0.0,0.0,0.0,6.0,12.0,1.0,12.2,5.0200000000000005,2.5,1.5,0.0,0.0,0.0,361.3,0.0,0.2,0.1,-0.6000000000000001,-169.70000000000002,0.0,0.0,169.8,0.0,21.3,28.9,28.9,30.9,300.0,300.0,31.700000000000003,35.9,28.9,28.1,29.9,4.96,2.0,4.97,0.16,0.0,0.0,1027.0,8228.0,0.0,0.0,0.0,0.0,0.0,1.0,0.0,0.0,0.0,0.0,0.0,-0.9,0.0,0.5,0.0,0.0,16.0,25903.0
2026-07-30T19:03:21.554Z,371.037,371.052,0.0,7.4,0.0,0.0,0.0,0.0,0.0,0.0,0.0,0.0,1.0,0.0,0.0,0.0,9.0,4.0,0.0,0.0,0.0,0.0,0.0,0.0,0.0,0.0,1.0,12.0,1.0,12.2,5.0200000000000005,2.5,1.5,0.0,0.0,0.0,361.3,0.0,0.2,0.1,-1.2000000000000002,-169.70000000000002,0.0,0.0,169.8,0.0,21.3,28.9,28.9,30.9,300.0,300.0,31.700000000000003,35.9,28.9,28.1,29.9,4.96,2.0,4.96,0.16,0.0,0.0,1027.0,8228.0,0.0,0.0,0.0,0.0,0.0,1.0,0.0,0.0,0.0,0.0,0.0,-0.7000000000000001,0.0,1.1,0.0,0.0,16.0,25903.0
2026-07-30T19:03:21.566Z,371.049,371.064,0.0,7.4,0.0,0.0,0.0,0.0,0.0,0.0,0.0,0.0,1.0,0.0,0.0,0.0,9.0,4.0,0.0,0.0,0.0,0.0,0.0,0.0,0.0,0.0,3.0,12.0,1.0,12.15,5.01,2.51,1.49,0.0,0.0,0.0,361.3,0.0,0.8,0.1,-0.1,-169.70000000000002,0.0,0.0,169.8,0.0,21.9,28.9,28.9,30.9,300.0,300.0,31.700000000000003,35.9,28.8,28.0,29.9,4.95,1.99,4.96,0.16,0.0,0.0,1027.0,8228.0,0.0,0.0,0.0,0.0,0.0,1.0,0.0,0.0,0.0,0.0,0.0,0.0,0.0,0.1,0.0,0.0,16.0,25903.0
2026-07-30T19:03:21.578Z,371.061,371.076,0.0,7.4,0.0,0.0,0.0,0.0,0.0,0.0,0.0,0.0,1.0,0.0,0.0,0.0,9.0,4.0,0.0,0.0,0.0,0.0,0.0,0.0,0.0,0.0,4.0,12.0,1.0,12.15,5.01,2.51,1.49,0.0,0.0,0.0,361.4,0.0,0.2,-0.4,0.4,-169.70000000000002,0.0,0.0,169.8,0.0,21.9,28.9,28.9,30.9,300.0,300.0,31.700000000000003,35.9,28.8,28.0,29.9,4.95,1.99,4.97,0.16,0.0,0.0,1027.0,8228.0,0.0,0.0,0.0,0.0,0.0,1.0,0.0,0.0,0.0,0.0,0.0,-0.1,0.0,-0.4,0.0,0.0,16.0,25903.0
2026-07-30T19:03:21.589Z,371.072,371.088,0.0,7.4,0.0,0.0,0.0,0.0,0.0,0.0,0.0,0.0,1.0,0.0,0.0,0.0,9.0,4.0,0.0,0.0,0.0,0.0,0.0,0.0,0.0,0.0,5.0,12.0,1.0,12.15,5.01,2.51,1.49,0.0,0.0,0.0,361.3,0.0,1.4,0.7000000000000001,0.4,-169.70000000000002,0.0,0.0,169.70000000000002,0.0,21.9,28.9,28.9,30.9,300.0,300.0,31.700000000000003,35.9,28.8,28.0,29.9,4.96,1.99,4.96,0.16,0.0,0.0,1027.0,8228.0,0.0,0.0,0.0,0.0,0.0,1.0,0.0,0.0,0.0,0.0,0.0,1.1,0.0,-0.2,0.0,0.0,16.0,25903.0
2026-07-30T19:03:21.602Z,371.085,371.1,0.0,7.4,0.0,0.0,0.0,0.0,0.0,0.0,0.0,0.0,1.0,0.0,0.0,0.0,9.0,4.0,0.0,0.0,0.0,0.0,0.0,0.0,0.0,0.0,6.0,12.0,1.0,12.15,5.01,2.51,1.49,0.0,0.0,0.0,361.3,0.0,-0.3,-0.4,-0.1,-169.70000000000002,0.0,0.0,169.8,0.0,21.9,28.9,28.9,30.9,300.0,300.0,31.700000000000003,35.9,28.8,28.0,29.9,4.96,2.0,4.97,0.16,0.0,0.0,1027.0,8228.0,0.0,0.0,0.0,0.0,0.0,1.0,0.0,0.0,0.0,0.0,0.0,-0.6000000000000001,0.0,0.0,0.0,0.0,16.0,25903.0
2026-07-30T19:03:21.614Z,371.097,371.112,0.0,7.4,0.0,0.0,0.0,0.0,0.0,0.0,0.0,0.0,1.0,0.0,0.0,0.0,9.0,4.0,0.0,0.0,0.0,0.0,0.0,0.0,0.0,0.0,1.0,12.0,1.0,12.15,5.01,2.51,1.49,0.0,0.0,0.0,361.4,0.0,0.2,0.1,-0.8,-169.70000000000002,0.0,0.0,169.70000000000002,0.0,21.9,28.9,28.9,30.9,300.0,300.0,31.700000000000003,35.9,28.8,28.0,29.9,4.95,1.99,4.97,0.16,0.0,0.0,1027.0,8228.0,0.0,0.0,0.0,0.0,0.0,1.0,0.0,0.0,0.0,0.0,0.0,-0.4,0.0,0.7000000000000001,0.0,0.0,16.0,25903.0
2026-07-30T19:03:21.625Z,371.108,371.124,0.0,7.4,0.0,0.0,0.0,0.0,0.0,0.0,0.0,0.0,1.0,0.0,0.0,0.0,9.0,4.0,0.0,0.0,0.0,0.0,0.0,0.0,0.0,0.0,3.0,12.0,1.0,12.15,5.01,2.51,1.49,0.0,0.0,0.0,361.4,0.0,0.2,0.1,0.3,-169.70000000000002,0.0,0.0,169.8,0.0,21.9,28.9,28.9,30.9,300.0,300.0,31.700000000000003,35.9,28.8,28.0,29.9,4.96,1.99,4.97,0.16,0.0,0.0,1027.0,8228.0,0.0,0.0,0.0,0.0,0.0,1.0,0.0,0.0,0.0,0.0,0.0,0.3,0.0,-0.2,0.0,0.0,16.0,25903.0
2026-07-30T19:03:21.638Z,371.121,371.136,0.0,7.4,0.0,0.0,0.0,0.0,0.0,0.0,0.0,0.0,1.0,0.0,0.0,0.0,9.0,4.0,0.0,0.0,0.0,0.0,0.0,0.0,0.0,0.0,4.0,12.0,1.0,12.15,5.01,2.51,1.49,0.0,0.1,0.0,361.4,0.0,-0.3,0.0,0.9,-169.70000000000002,0.0,0.0,169.8,0.0,21.9,28.9,28.9,30.9,300.0,300.0,31.700000000000003,35.9,28.8,28.0,29.9,4.95,2.0,4.97,0.16,0.0,0.0,1027.0,8228.0,0.0,0.0,0.0,0.0,0.0,1.0,0.0,0.0,0.0,0.0,0.0,0.8,0.0,-0.8,0.0,0.0,16.0,25903.0
2026-07-30T19:03:21.650Z,371.133,371.148,0.0,7.4,0.0,0.0,0.0,0.0,0.0,0.0,0.0,0.0,1.0,0.0,0.0,0.0,9.0,4.0,0.0,0.0,0.0,0.0,0.0,0.0,0.0,0.0,5.0,12.0,1.0,12.15,5.01,2.51,1.49,0.0,0.0,0.0,361.3,0.0,-0.3,0.6000000000000001,-0.7000000000000001,-169.70000000000002,0.0,0.0,169.8,0.0,21.9,28.9,28.9,30.9,300.0,300.0,31.700000000000003,35.9,28.8,28.0,29.9,4.95,1.99,4.96,0.16,0.0,0.0,1027.0,8228.0,0.0,0.0,0.0,0.0,0.0,1.0,0.0,0.0,0.0,0.0,0.0,0.1,0.0,0.8,0.0,0.0,16.0,25903.0
2026-07-30T19:03:21.663Z,371.146,371.16,0.0,7.4,0.0,0.0,0.0,0.0,0.0,0.0,0.0,0.0,1.0,0.0,0.0,0.0,9.0,4.0,0.0,0.0,0.0,0.0,0.0,0.0,0.0,0.0,6.0,12.0,1.0,12.18,5.0200000000000005,2.51,1.5,0.0,0.0,0.0,361.4,0.0,-0.3,0.1,-0.7000000000000001,-169.70000000000002,0.0,0.0,169.8,0.0,21.4,28.9,28.9,30.9,300.0,300.0,31.6,35.9,28.8,28.1,29.9,4.96,1.99,4.96,0.16,0.0,0.0,1027.0,8228.0,0.0,0.0,0.0,0.0,0.0,1.0,0.0,0.0,0.0,0.0,0.0,-0.4,0.0,0.7000000000000001,0.0,0.0,16.0,25903.0
2026-07-30T19:03:21.674Z,371.157,371.172,0.0,7.4,0.0,0.0,0.0,0.0,0.0,0.0,0.0,0.0,1.0,0.0,0.0,0.0,9.0,4.0,0.0,0.0,0.0,0.0,0.0,0.0,0.0,0.0,1.0,12.0,1.0,12.18,5.0200000000000005,2.51,1.5,0.0,0.0,0.0,361.4,0.0,-0.3,0.1,0.3,-169.70000000000002,0.0,0.0,169.8,0.0,21.4,28.9,28.9,30.9,300.0,300.0,31.6,35.9,28.8,28.1,29.9,4.96,1.99,4.96,0.16,0.0,0.0,1027.0,8228.0,0.0,0.0,0.0,0.0,0.0,1.0,0.0,0.0,0.0,0.0,0.0,0.4,0.0,-0.2,0.0,0.0,16.0,25903.0
2026-07-30T19:03:21.686Z,371.169,371.184,0.0,7.4,0.0,0.0,0.0,0.0,0.0,0.0,0.0,0.0,1.0,0.0,0.0,0.0,9.0,4.0,0.0,0.0,0.0,0.0,0.0,0.0,0.0,0.0,2.0,12.0,1.0,12.18,5.0200000000000005,2.51,1.5,0.0,0.0,0.0,361.3,0.0,0.8,0.1,0.9,-169.70000000000002,0.0,0.0,169.8,0.0,21.4,28.9,28.9,30.9,300.0,300.0,31.6,35.9,28.8,28.1,29.9,4.95,1.99,4.97,0.16,0.0,0.0,1027.0,8228.0,0.0,0.0,0.0,0.0,0.0,1.0,0.0,0.0,0.0,0.0,0.0,0.8,0.0,-0.7000000000000001,0.0,0.0,16.0,25903.0
2026-07-30T19:03:21.697Z,371.18,371.196,0.0,7.4,0.0,0.0,0.0,0.0,0.0,0.0,0.0,0.0,1.0,0.0,0.0,0.0,9.0,4.0,0.0,0.0,0.0,0.0,0.0,0.0,0.0,0.0,4.0,12.0,1.0,12.18,5.0200000000000005,2.51,1.5,0.0,0.0,0.0,361.4,0.0,0.3,1.9,1.4,-169.70000000000002,0.0,0.0,169.8,0.0,21.4,28.9,28.9,30.9,300.0,300.0,31.6,35.9,28.8,28.1,29.9,4.95,1.99,4.97,0.16,0.0,0.0,1027.0,8228.0,0.0,0.0,0.0,0.0,0.0,1.0,0.0,0.0,0.0,0.0,0.0,3.2,0.0,-0.9,0.0,0.0,16.0,25903.0
2026-07-30T19:03:21.710Z,371.193,371.208,0.0,7.4,0.0,0.0,0.0,0.0,0.0,0.0,0.0,0.0,1.0,0.0,0.0,0.0,9.0,4.0,0.0,0.0,0.0,0.0,0.0,0.0,0.0,0.0,5.0,12.0,1.0,12.18,5.0200000000000005,2.51,1.5,0.0,0.0,0.0,361.3,0.0,0.2,-0.3,0.9,-169.70000000000002,0.0,0.0,169.8,0.0,21.4,28.9,28.9,30.9,300.0,300.0,31.6,35.9,28.8,28.1,29.9,4.96,2.0,4.97,0.16,0.0,0.0,1027.0,8228.0,0.0,0.0,0.0,0.0,0.0,1.0,0.0,0.0,0.0,0.0,0.0,0.2,0.0,-0.9,0.0,0.0,16.0,25903.0
2026-07-30T19:03:21.721Z,371.204,371.22,0.0,7.4,0.0,0.0,0.0,0.0,0.0,0.0,0.0,0.0,1.0,0.0,0.0,0.0,9.0,4.0,0.0,0.0,0.0,0.0,0.0,0.0,0.0,0.0,6.0,12.0,1.0,12.18,5.0200000000000005,2.51,1.5,0.0,0.0,0.0,361.3,0.0,0.2,0.1,0.3,-169.70000000000002,0.0,0.0,169.8,0.0,21.4,28.9,28.9,30.9,300.0,300.0,31.6,35.9,28.8,28.1,29.9,4.95,2.0,4.96,0.16,0.0,0.0,1027.0,8228.0,0.0,0.0,0.0,0.0,0.0,1.0,0.0,0.0,0.0,0.0,0.0,0.4,0.0,-0.2,0.0,0.0,16.0,25903.0
2026-07-30T19:03:21.733Z,371.216,371.232,0.0,7.4,0.0,0.0,0.0,0.0,0.0,0.0,0.0,0.0,1.0,0.0,0.0,0.0,9.0,4.0,0.0,0.0,0.0,0.0,0.0,0.0,0.0,0.0,1.0,12.0,1.0,12.18,5.0200000000000005,2.51,1.5,0.0,0.0,0.0,361.4,0.0,0.2,1.3,0.9,-169.70000000000002,0.0,0.0,169.70000000000002,0.0,21.4,28.9,28.9,30.9,300.0,300.0,31.6,35.9,28.8,28.1,29.9,4.96,1.99,4.97,0.16,0.0,0.0,1027.0,8228.0,0.0,0.0,0.0,0.0,0.0,1.0,0.0,0.0,0.0,0.0,0.0,2.1,0.0,-0.5,0.0,0.0,16.0,25903.0
2026-07-30T19:03:21.746Z,371.229,371.244,0.0,7.4,0.0,0.0,0.0,0.0,0.0,0.0,0.0,0.0,1.0,0.0,0.0,0.0,9.0,4.0,0.0,0.0,0.0,0.0,0.0,0.0,0.0,0.0,2.0,12.0,1.0,12.18,5.0200000000000005,2.51,1.5,0.0,0.0,0.0,361.3,0.0,0.2,0.1,-0.8,-169.70000000000002,0.0,0.0,169.70000000000002,0.0,21.4,28.9,28.9,30.9,300.0,300.0,31.6,35.9,28.8,28.1,29.9,4.96,1.99,4.96,0.16,0.0,0.0,1027.0,8228.0,0.0,0.0,0.0,0.0,0.0,1.0,0.0,0.0,0.0,0.0,0.0,-0.4,0.0,0.7000000000000001,0.0,0.0,16.0,25903.0
2026-07-30T19:03:21.757Z,371.24,371.256,0.0,7.4,0.0,0.0,0.0,0.0,0.0,0.0,0.0,0.0,1.0,0.0,0.0,0.0,9.0,4.0,0.0,0.0,0.0,0.0,0.0,0.0,0.0,0.0,3.0,12.0,1.0,12.18,5.0200000000000005,2.51,1.5,0.0,0.0,0.0,361.3,0.0,-0.3,-0.4,1.5,-169.70000000000002,0.0,0.0,169.70000000000002,0.0,21.4,28.9,28.9,30.9,300.0,300.0,31.6,35.9,28.8,28.1,29.9,4.96,1.99,4.96,0.16,0.0,0.0,1027.0,8228.0,0.0,0.0,0.0,0.0,0.0,1.0,0.0,0.0,0.0,0.0,0.0,0.6000000000000001,0.0,-1.4,0.0,0.0,16.0,25903.0
2026-07-30T19:03:21.770Z,371.253,371.268,0.0,7.4,0.0,0.0,0.0,0.0,0.0,0.0,0.0,0.0,1.0,0.0,0.0,0.0,9.0,4.0,0.0,0.0,0.0,0.0,0.0,0.0,0.0,0.0,4.0,12.0,1.0,12.18,5.03,2.51,1.49,0.0,0.1,0.0,361.3,0.0,-0.8,0.1,-0.1,-169.70000000000002,0.0,0.0,169.8,0.0,21.4,28.9,28.9,30.9,300.0,300.0,31.6,35.9,28.9,28.1,29.9,4.95,1.99,4.97,0.16,0.0,0.0,1027.0,8228.0,0.0,0.0,0.0,0.0,0.0,1.0,0.0,0.0,0.0,0.0,0.0,0.0,0.0,0.1,0.0,0.0,16.0,25903.0
2026-07-30T19:03:21.781Z,371.264,371.28,0.0,7.4,0.0,0.0,0.0,0.0,0.0,0.0,0.0,0.0,1.0,0.0,0.0,0.0,9.0,4.0,0.0,0.0,0.0,0.0,0.0,0.0,0.0,0.0,5.0,12.0,1.0,12.18,5.03,2.51,1.49,0.0,0.0,0.0,361.3,0.0,-0.8,0.7000000000000001,0.9,-169.70000000000002,0.0,0.0,169.8,0.0,21.4,28.9,28.9,30.9,300.0,300.0,31.6,35.9,28.9,28.1,29.9,4.96,1.99,4.96,0.16,0.0,0.0,1027.0,8228.0,0.0,0.0,0.0,0.0,0.0,1.0,0.0,0.0,0.0,0.0,0.0,1.5,0.0,-0.7000000000000001,0.0,0.0,16.0,25903.0
2026-07-30T19:03:21.794Z,371.277,371.292,0.0,7.4,0.0,0.0,0.0,0.0,0.0,0.0,0.0,0.0,1.0,0.0,0.0,0.0,9.0,4.0,0.0,0.0,0.0,0.0,0.0,0.0,0.0,0.0,6.0,12.0,1.0,12.18,5.03,2.51,1.49,0.0,0.0,0.0,361.4,0.0,-0.8,1.3,-0.8,-169.70000000000002,0.0,0.0,169.8,0.0,21.4,28.9,28.9,30.9,300.0,300.0,31.6,35.9,28.9,28.1,29.9,4.96,1.99,4.96,0.16,0.0,0.0,1027.0,8228.0,0.0,0.0,0.0,0.0,0.0,1.0,0.0,0.0,0.0,0.0,0.0,0.9,0.0,1.0,0.0,0.0,16.0,25903.0
2026-07-30T19:03:21.806Z,371.289,371.304,0.0,7.4,0.0,0.0,0.0,0.0,0.0,0.0,0.0,0.0,1.0,0.0,0.0,0.0,9.0,4.0,0.0,0.0,0.0,0.0,0.0,0.0,0.0,0.0,1.0,12.0,1.0,12.18,5.03,2.51,1.49,0.0,0.1,0.0,361.3,0.0,-0.2,-0.3,-0.8,-169.70000000000002,0.0,0.0,169.8,0.0,21.4,28.9,28.9,30.9,300.0,300.0,31.6,35.9,28.9,28.1,29.9,4.95,1.99,4.96,0.16,0.0,0.0,1027.0,8228.0,0.0,0.0,0.0,0.0,0.0,1.0,0.0,0.0,0.0,0.0,0.0,-1.0,0.0,0.6000000000000001,0.0,0.0,16.0,25903.0
2026-07-30T19:03:21.818Z,371.301,371.316,0.0,7.4,0.0,0.0,0.0,0.0,0.0,0.0,0.0,0.0,1.0,0.0,0.0,0.0,9.0,4.0,0.0,0.0,0.0,0.0,0.0,0.0,0.0,0.0,2.0,12.0,1.0,12.18,5.03,2.51,1.49,0.0,0.0,0.0,361.4,0.0,-0.8,-0.9,-0.7000000000000001,-169.70000000000002,0.0,0.0,169.8,0.0,21.4,28.9,28.9,30.9,300.0,300.0,31.6,35.9,28.9,28.1,29.9,4.95,1.99,4.97,0.16,0.0,0.0,1027.0,8228.0,0.0,0.0,0.0,0.0,0.0,1.0,0.0,0.0,0.0,0.0,0.0,-1.7000000000000002,0.0,0.4,0.0,0.0,16.0,25903.0
2026-07-30T19:03:21.830Z,371.313,371.328,0.0,7.4,0.0,0.0,0.0,0.0,0.0,0.0,0.0,0.0,1.0,0.0,0.0,0.0,9.0,4.0,0.0,0.0,0.0,0.0,0.0,0.0,0.0,0.0,3.0,12.0,1.0,12.18,5.03,2.51,1.49,0.0,0.0,0.0,361.4,0.0,-0.2,1.3,-0.1,-169.70000000000002,0.0,0.0,169.8,0.0,21.4,28.9,28.9,30.9,300.0,300.0,31.6,35.9,28.9,28.1,29.9,4.96,1.99,4.96,0.16,0.0,0.0,1027.0,8228.0,0.0,0.0,0.0,0.0,0.0,1.0,0.0,0.0,0.0,0.0,0.0,1.4,0.0,0.4,0.0,0.0,16.0,25903.0
2026-07-30T19:03:21.842Z,371.325,371.34,0.0,7.4,0.0,0.0,0.0,0.0,0.0,0.0,0.0,0.0,1.0,0.0,0.0,0.0,9.0,4.0,0.0,0.0,0.0,0.0,0.0,0.0,0.0,0.0,4.0,12.0,1.0,12.18,5.03,2.51,1.49,0.0,0.1,0.0,361.4,0.0,-0.2,1.3,-0.2,-169.70000000000002,0.0,0.0,169.70000000000002,0.0,21.4,28.9,28.9,30.9,300.0,300.0,31.6,35.9,28.9,28.1,29.9,4.96,1.99,4.97,0.16,0.0,0.0,1027.0,8228.0,0.0,0.0,0.0,0.0,0.0,1.0,0.0,0.0,0.0,0.0,0.0,1.3,0.0,0.4,0.0,0.0,16.0,25903.0
2026-07-30T19:03:21.854Z,371.337,371.352,0.0,7.4,0.0,0.0,0.0,0.0,0.0,0.0,0.0,0.0,1.0,0.0,0.0,0.0,9.0,4.0,0.0,0.0,0.0,0.0,0.0,0.0,0.0,0.0,5.0,12.0,1.0,12.18,5.03,2.51,1.49,0.0,0.1,0.0,361.3,0.0,0.9,-0.3,-0.7000000000000001,-169.70000000000002,0.0,0.0,169.8,0.0,21.4,28.9,28.9,30.9,300.0,300.0,31.6,35.9,28.9,28.1,29.9,4.95,1.99,4.97,0.16,0.0,0.0,1027.0,8228.0,0.0,0.0,0.0,0.0,0.0,1.0,0.0,0.0,0.0,0.0,0.0,-1.0,0.0,0.5,0.0,0.0,16.0,25903.0
2026-07-30T19:03:21.867Z,371.35,371.364,0.0,7.4,0.0,0.0,0.0,0.0,0.0,0.0,0.0,0.0,1.0,0.0,0.0,0.0,9.0,4.0,0.0,0.0,0.0,0.0,0.0,0.0,0.0,0.0,6.0,12.0,1.0,12.18,5.01,2.5,1.49,0.0,0.0,0.0,361.3,0.0,1.0,-0.3,0.4,-169.70000000000002,0.0,0.0,169.8,0.0,21.4,28.9,28.9,30.9,300.0,300.0,31.700000000000003,35.800000000000004,28.9,28.0,29.9,4.96,1.99,4.97,0.16,0.0,0.0,1027.0,8228.0,0.0,0.0,0.0,0.0,0.0,1.0,0.0,0.0,0.0,0.0,0.0,0.0,0.0,-0.4,0.0,0.0,16.0,25903.0
2026-07-30T19:03:21.878Z,371.361,371.376,0.0,7.4,0.0,0.0,0.0,0.0,0.0,0.0,0.0,0.0,1.0,0.0,0.0,0.0,9.0,4.0,0.0,0.0,0.0,0.0,0.0,0.0,0.0,0.0,1.0,12.0,1.0,12.18,5.01,2.5,1.49,0.0,0.0,0.0,361.3,0.0,-0.1,0.2,0.9,-169.70000000000002,0.0,0.0,169.8,0.0,21.4,28.9,28.9,30.9,300.0,300.0,31.700000000000003,35.800000000000004,28.9,28.0,29.9,4.95,2.0,4.96,0.16,0.0,0.0,1027.0,8228.0,0.0,0.0,0.0,0.0,0.0,1.0,0.0,0.0,0.0,0.0,0.0,1.0,0.0,-0.8,0.0,0.0,16.0,25903.0
2026-07-30T19:03:21.890Z,371.373,371.388,0.0,7.4,0.0,0.0,0.0,0.0,0.0,0.0,0.0,0.0,1.0,0.0,0.0,0.0,9.0,4.0,0.0,0.0,0.0,0.0,0.0,0.0,0.0,0.0,3.0,12.0,1.0,12.18,5.01,2.5,1.49,0.0,0.1,0.0,361.4,0.0,-0.1,0.2,-0.1,-169.70000000000002,0.0,0.0,169.8,0.0,21.4,28.9,28.9,30.9,300.0,300.0,31.700000000000003,35.800000000000004,28.9,28.0,29.9,4.95,1.99,4.97,0.16,0.0,0.0,1027.0,8228.0,0.0,0.0,0.0,0.0,0.0,1.0,0.0,0.0,0.0,0.0,0.0,0.1,0.0,0.1,0.0,0.0,16.0,25903.0
2026-07-30T19:03:21.902Z,371.385,371.4,0.0,7.4,0.0,0.0,0.0,0.0,0.0,0.0,0.0,0.0,1.0,0.0,0.0,0.0,9.0,4.0,0.0,0.0,0.0,0.0,0.0,0.0,0.0,0.0,4.0,12.0,1.0,12.18,5.01,2.5,1.49,0.0,0.0,0.0,361.4,0.0,0.4,1.4,0.4,-169.70000000000002,0.0,0.0,169.8,0.0,21.4,28.9,28.9,30.9,300.0,300.0,31.700000000000003,35.800000000000004,28.9,28.0,29.9,4.96,1.99,4.97,0.16,0.0,0.0,1027.0,8228.0,0.0,0.0,0.0,0.0,0.0,1.0,0.0,0.0,0.0,0.0,0.0,1.9,0.0,-0.1,0.0,0.0,16.0,25903.0
2026-07-30T19:03:21.914Z,371.397,371.412,0.0,7.4,0.0,0.0,0.0,0.0,0.0,0.0,0.0,0.0,1.0,0.0,0.0,0.0,9.0,4.0,0.0,0.0,0.0,0.0,0.0,0.0,0.0,0.0,5.0,12.0,1.0,12.18,5.01,2.5,1.49,0.0,0.0,0.0,361.3,0.0,-0.7000000000000001,0.2,1.0,-169.70000000000002,0.0,0.0,169.8,0.0,21.4,28.9,28.9,30.9,300.0,300.0,31.700000000000003,35.800000000000004,28.9,28.0,29.9,4.96,1.99,4.96,0.16,0.0,0.0,1027.0,8228.0,0.0,0.0,0.0,0.0,0.0,1.0,0.0,0.0,0.0,0.0,0.0,1.0,0.0,-0.8,0.0,0.0,16.0,25903.0
2026-07-30T19:03:21.925Z,371.408,371.424,0.0,7.4,0.0,0.0,0.0,0.0,0.0,0.0,0.0,0.0,1.0,0.0,0.0,0.0,9.0,4.0,0.0,0.0,0.0,0.0,0.0,0.0,0.0,0.0,5.0,12.0,1.0,12.18,5.01,2.5,1.49,0.0,0.0,0.0,361.3,0.0,-0.1,0.1,-0.6000000000000001,-169.70000000000002,0.0,0.0,169.8,0.0,21.4,28.9,28.9,30.9,300.0,300.0,31.700000000000003,35.800000000000004,28.9,28.0,29.9,4.95,1.99,4.96,0.16,0.0,0.0,1027.0,8228.0,0.0,0.0,0.0,0.0,0.0,1.0,0.0,0.0,0.0,0.0,0.0,-0.3,0.0,0.6000000000000001,0.0,0.0,16.0,25903.0
2026-07-30T19:03:21.938Z,371.421,371.436,0.0,7.4,0.0,0.0,0.0,0.0,0.0,0.0,0.0,0.0,1.0,0.0,0.0,0.0,9.0,4.0,0.0,0.0,0.0,0.0,0.0,0.0,0.0,0.0,6.0,12.0,1.0,12.18,5.01,2.5,1.49,0.0,0.0,0.0,361.3,0.0,-0.1,0.1,1.1,-169.70000000000002,0.0,0.0,169.70000000000002,0.0,21.4,28.9,28.9,30.9,300.0,300.0,31.700000000000003,35.800000000000004,28.9,28.0,29.9,4.95,1.99,4.96,0.16,0.0,0.0,1027.0,8228.0,0.0,0.0,0.0,0.0,0.0,1.0,0.0,0.0,0.0,0.0,0.0,1.0,0.0,-0.9,0.0,0.0,16.0,25903.0
2026-07-30T19:03:21.950Z,371.433,371.448,0.0,7.4,0.0,0.0,0.0,0.0,0.0,0.0,0.0,0.0,1.0,0.0,0.0,0.0,9.0,4.0,0.0,0.0,0.0,0.0,0.0,0.0,0.0,0.0,2.0,12.0,1.0,12.18,5.01,2.5,1.49,0.0,0.0,0.0,361.4,0.0,-0.1,-0.9,-0.5,-169.70000000000002,0.0,0.0,169.8,0.0,21.4,28.9,28.9,30.9,300.0,300.0,31.700000000000003,35.800000000000004,28.9,28.0,29.9,4.96,2.0,4.96,0.16,0.0,0.0,1027.0,8228.0,0.0,0.0,0.0,0.0,0.0,1.0,0.0,0.0,0.0,0.0,0.0,-1.5,0.0,0.3,0.0,0.0,16.0,25903.0
2026-07-30T19:03:21.961Z,371.444,371.46,0.0,7.4,0.0,0.0,0.0,0.0,0.0,0.0,0.0,0.0,1.0,0.0,0.0,0.0,9.0,4.0,0.0,0.0,0.0,0.0,0.0,0.0,0.0,0.0,3.0,12.0,1.0,12.18,5.01,2.5,1.49,0.0,0.0,0.0,361.3,0.0,1.5,0.2,1.7000000000000002,-169.70000000000002,0.0,0.0,169.8,0.0,21.4,28.9,28.9,30.9,300.0,300.0,31.700000000000003,35.800000000000004,28.9,28.0,29.9,4.95,2.0,4.96,0.16,0.0,0.0,1027.0,8228.0,0.0,0.0,0.0,0.0,0.0,1.0,0.0,0.0,0.0,0.0,0.0,1.5,0.0,-1.4,0.0,0.0,16.0,25903.0
2026-07-30T19:03:21.974Z,371.457,371.472,0.0,7.4,0.0,0.0,0.0,0.0,0.0,0.0,0.0,0.0,1.0,0.0,0.0,0.0,9.0,4.0,0.0,0.0,0.0,0.0,0.0,0.0,0.0,0.0,5.0,12.0,1.0,12.17,5.01,2.51,1.49,0.0,0.0,0.0,361.4,0.0,-0.2,0.1,0.0,-169.70000000000002,0.0,0.0,169.8,0.0,21.3,28.9,28.9,30.9,300.0,300.0,31.8,35.800000000000004,28.9,28.0,29.9,4.95,1.99,4.97,0.16,0.0,0.0,1027.0,8228.0,0.0,0.0,0.0,0.0,0.0,1.0,0.0,0.0,0.0,0.0,0.0,0.1,0.0,0.0,0.0,0.0,16.0,25903.0
2026-07-30T19:03:21.986Z,371.469,371.484,0.0,7.4,0.0,0.0,0.0,0.0,0.0,0.0,0.0,0.0,1.0,0.0,0.0,0.0,9.0,4.0,0.0,0.0,0.0,0.0,0.0,0.0,0.0,0.0,5.0,12.0,1.0,12.17,5.01,2.51,1.49,0.0,0.0,0.0,361.4,0.0,-0.1,0.7000000000000001,-1.1,-169.70000000000002,0.0,0.0,169.8,0.0,21.3,28.9,28.9,30.9,300.0,300.0,31.8,35.800000000000004,28.9,28.0,29.9,4.95,1.99,4.97,0.16,0.0,0.0,1027.0,8228.0,0.0,0.0,0.0,0.0,0.0,1.0,0.0,0.0,0.0,0.0,0.0,0.0,0.0,1.2000000000000002,0.0,0.0,16.0,25903.0
2026-07-30T19:03:21.997Z,371.48,371.496,0.0,7.4,0.0,0.0,0.0,0.0,0.0,0.0,0.0,0.0,1.0,0.0,0.0,0.0,9.0,4.0,0.0,0.0,0.0,0.0,0.0,0.0,0.0,0.0,6.0,12.0,1.0,12.17,5.01,2.51,1.49,0.0,0.0,0.0,361.3,0.0,-0.2,0.1,0.0,-169.70000000000002,0.0,0.0,169.70000000000002,0.0,21.3,28.9,28.9,30.9,300.0,300.0,31.8,35.800000000000004,28.9,28.0,29.9,4.96,1.99,4.97,0.16,0.0,0.0,1027.0,8228.0,0.0,0.0,0.0,0.0,0.0,1.0,0.0,0.0,0.0,0.0,0.0,0.1,0.0,0.0,0.0,0.0,16.0,25903.0
2026-07-30T19:03:22.010Z,371.493,371.508,0.0,7.4,0.0,0.0,0.0,0.0,0.0,0.0,0.0,0.0,1.0,0.0,0.0,0.0,9.0,4.0,0.0,0.0,0.0,0.0,0.0,0.0,0.0,0.0,1.0,12.0,1.0,12.17,5.01,2.51,1.49,0.0,0.0,0.0,361.4,0.0,0.3,0.7000000000000001,0.5,-169.70000000000002,0.0,0.0,169.8,0.0,21.3,28.9,28.9,30.9,300.0,300.0,31.8,35.800000000000004,28.9,28.0,29.9,4.95,1.99,4.96,0.16,0.0,0.0,1027.0,8228.0,0.0,0.0,0.0,0.0,0.0,1.0,0.0,0.0,0.0,0.0,0.0,1.1,0.0,-0.3,0.0,0.0,16.0,25903.0
2026-07-30T19:03:22.021Z,371.504,371.52,0.0,7.4,0.0,0.0,0.0,0.0,0.0,0.0,0.0,0.0,1.0,0.0,0.0,0.0,9.0,4.0,0.0,0.0,0.0,0.0,0.0,0.0,0.0,0.0,2.0,12.0,1.0,12.17,5.01,2.51,1.49,0.0,0.0,0.0,361.3,0.0,-0.2,-0.4,0.5,-169.70000000000002,0.0,0.0,169.8,0.0,21.3,28.9,28.9,30.9,300.0,300.0,31.8,35.800000000000004,28.9,28.0,29.9,4.96,1.99,4.96,0.16,0.0,0.0,1027.0,8228.0,0.0,0.0,0.0,0.0,0.0,1.0,0.0,0.0,0.0,0.0,0.0,-0.1,0.0,0.3,0.0,0.0,16.0,25903.0
2026-07-30T19:03:22.033Z,371.516,371.532,0.0,7.4,0.0,0.0,0.0,0.0,0.0,0.0,0.0,0.0,1.0,0.0,0.0,0.0,9.0,4.0,0.0,0.0,0.0,0.0,0.0,0.0,0.0,0.0,3.0,12.0,1.0,12.17,5.01,2.51,1.49,0.0,0.0,0.0,361.3,0.0,-0.2,0.6000000000000001,0.0,-169.70000000000002,0.0,0.0,169.8,0.0,21.3,28.9,28.9,30.9,300.0,300.0,31.8,35.800000000000004,28.9,28.0,29.9,4.96,1.99,4.96,0.16,0.0,0.0,1027.0,8228.0,0.0,0.0,0.0,0.0,0.0,1.0,0.0,0.0,0.0,0.0,0.0,1.5,0.0,-0.8,0.0,0.0,16.0,25903.0
2026-07-30T19:03:22.046Z,371.529,371.544,0.0,7.4,0.0,0.0,0.0,0.0,0.0,0.0,0.0,0.0,1.0,0.0,0.0,0.0,9.0,4.0,0.0,0.0,0.0,0.0,0.0,0.0,0.0,0.0,4.0,12.0,1.0,12.17,5.01,2.51,1.49,0.0,0.0,0.0,361.4,0.0,0.9,-0.4,0.0,-169.70000000000002,0.0,0.0,169.8,0.0,21.3,28.9,28.9,30.9,300.0,300.0,31.8,35.800000000000004,28.9,28.0,29.9,4.96,1.99,4.96,0.16,0.0,0.0,1027.0,8228.0,0.0,0.0,0.0,0.0,0.0,1.0,0.0,0.0,0.0,0.0,0.0,-0.8,0.0,1.1,0.0,0.0,16.0,25903.0
2026-07-30T19:03:22.058Z,371.541,371.556,0.0,7.4,0.0,0.0,0.0,0.0,0.0,0.0,0.0,0.0,1.0,0.0,0.0,0.0,9.0,4.0,0.0,0.0,0.0,0.0,0.0,0.0,0.0,0.0,5.0,12.0,1.0,12.17,5.01,2.51,1.49,0.0,0.0,0.0,361.3,0.0,-0.1,0.6000000000000001,1.6,-169.70000000000002,0.0,0.0,169.8,0.0,21.3,28.9,28.9,30.9,300.0,300.0,31.8,35.800000000000004,28.9,28.0,29.9,4.95,1.99,4.97,0.16,0.0,0.0,1027.0,8228.0,0.0,0.0,0.0,0.0,0.0,1.0,0.0,0.0,0.0,0.0,0.0,-1.2000000000000002,0.0,-0.1,0.0,0.0,16.0,25903.0
2026-07-30T19:03:22.070Z,371.553,371.568,0.0,7.4,0.0,0.0,0.0,0.0,0.0,0.0,0.0,0.0,1.0,0.0,0.0,0.0,9.0,4.0,0.0,0.0,0.0,0.0,0.0,0.0,0.0,0.0,6.0,12.0,1.0,12.18,5.01,2.51,1.49,0.0,0.0,0.0,361.4,0.0,-0.8,-0.5,1.0,-169.70000000000002,0.0,0.0,169.8,0.0,21.4,28.9,28.9,30.9,300.0,300.0,31.8,35.800000000000004,28.9,28.0,30.0,4.96,1.99,4.96,0.16,0.0,0.0,1027.0,8228.0,0.0,0.0,0.0,0.0,0.0,1.0,0.0,0.0,0.0,0.0,0.0,0.1,0.0,-1.0,0.0,0.0,16.0,25903.0
2026-07-30T19:03:22.082Z,371.565,371.58,0.0,7.4,0.0,0.0,0.0,0.0,0.0,0.0,0.0,0.0,1.0,0.0,0.0,0.0,9.0,4.0,0.0,0.0,0.0,0.0,0.0,0.0,0.0,0.0,2.0,12.0,1.0,12.18,5.01,2.51,1.49,0.0,0.0,0.0,361.3,0.0,-0.2,-0.5,-1.2000000000000002,-169.70000000000002,0.0,0.0,169.8,0.0,21.4,28.9,28.9,30.9,300.0,300.0,31.8,35.800000000000004,28.9,28.0,30.0,4.96,1.99,4.96,0.16,0.0,0.0,1027.0,8228.0,0.0,0.0,0.0,0.0,0.0,1.0,0.0,0.0,0.0,0.0,0.0,-1.5,0.0,1.0,0.0,0.0,16.0,25903.0
2026-07-30T19:03:22.093Z,371.576,371.592,0.0,7.4,0.0,0.0,0.0,0.0,0.0,0.0,0.0,0.0,1.0,0.0,0.0,0.0,9.0,4.0,0.0,0.0,0.0,0.0,0.0,0.0,0.0,0.0,3.0,12.0,1.0,12.18,5.01,2.51,1.49,0.0,0.0,0.0,361.4,0.0,-0.2,0.0,1.0,-169.70000000000002,0.0,0.0,169.8,0.0,21.4,28.9,28.9,30.9,300.0,300.0,31.8,35.800000000000004,28.9,28.0,30.0,4.95,1.99,4.96,0.16,0.0,0.0,1027.0,8228.0,0.0,0.0,0.0,0.0,0.0,1.0,0.0,0.0,0.0,0.0,0.0,0.8,0.0,-0.9,0.0,0.0,16.0,25903.0
2026-07-30T19:03:22.106Z,371.589,371.604,0.0,7.4,0.0,0.0,0.0,0.0,0.0,0.0,0.0,0.0,1.0,0.0,0.0,0.0,9.0,4.0,0.0,0.0,0.0,0.0,0.0,0.0,0.0,0.0,4.0,12.0,1.0,12.18,5.01,2.51,1.49,0.0,0.0,0.0,361.3,0.0,0.3,-0.5,-0.7000000000000001,-169.70000000000002,0.0,0.0,169.8,0.0,21.4,28.9,28.9,30.9,300.0,300.0,31.8,35.800000000000004,28.9,28.0,30.0,4.96,1.99,4.96,0.16,0.0,0.0,1027.0,8228.0,0.0,0.0,0.0,0.0,0.0,1.0,0.0,0.0,0.0,0.0,0.0,-1.1,0.0,0.5,0.0,0.0,16.0,25903.0
2026-07-30T19:03:22.118Z,371.601,371.616,0.0,7.4,0.0,0.0,0.0,0.0,0.0,0.0,0.0,0.0,1.0,0.0,0.0,0.0,9.0,4.0,0.0,0.0,0.0,0.0,0.0,0.0,0.0,0.0,6.0,12.0,1.0,12.18,5.01,2.51,1.49,0.0,0.0,0.0,361.3,0.0,0.3,-0.5,-0.6000000000000001,-169.70000000000002,0.0,0.0,169.70000000000002,0.0,21.4,28.9,28.9,30.9,300.0,300.0,31.8,35.800000000000004,28.9,28.0,30.0,4.96,1.99,4.97,0.16,0.0,0.0,1027.0,8228.0,0.0,0.0,0.0,0.0,0.0,1.0,0.0,0.0,0.0,0.0,0.0,-1.1,0.0,0.4,0.0,0.0,16.0,25903.0
2026-07-30T19:03:22.130Z,371.613,371.628,0.0,7.4,0.0,0.0,0.0,0.0,0.0,0.0,0.0,0.0,1.0,0.0,0.0,0.0,9.0,4.0,0.0,0.0,0.0,0.0,0.0,0.0,0.0,0.0,1.0,12.0,1.0,12.18,5.01,2.51,1.49,0.0,0.0,0.0,361.3,0.0,-0.2,0.0,0.4,-169.70000000000002,0.0,0.0,169.70000000000002,0.0,21.4,28.9,28.9,30.9,300.0,300.0,31.8,35.800000000000004,28.9,28.0,30.0,4.96,1.99,4.97,0.16,0.0,0.0,1027.0,8228.0,0.0,0.0,0.0,0.0,0.0,1.0,0.0,0.0,0.0,0.0,0.0,0.3,0.0,-0.3,0.0,0.0,16.0,25903.0
2026-07-30T19:03:22.142Z,371.625,371.64,0.0,7.4,0.0,0.0,0.0,0.0,0.0,0.0,0.0,0.0,1.0,0.0,0.0,0.0,9.0,4.0,0.0,0.0,0.0,0.0,0.0,0.0,0.0,0.0,2.0,12.0,1.0,12.18,5.01,2.51,1.49,0.0,0.0,0.0,361.3,0.0,0.3,-0.5,-1.9,-169.70000000000002,0.0,0.0,169.70000000000002,0.0,21.4,28.9,28.9,30.9,300.0,300.0,31.8,35.800000000000004,28.9,28.0,30.0,4.95,1.99,4.97,0.16,0.0,0.0,1027.0,8228.0,0.0,0.0,0.0,0.0,0.0,1.0,0.0,0.0,0.0,0.0,0.0,-2.1,0.0,1.6,0.0,0.0,16.0,25903.0
2026-07-30T19:03:22.153Z,371.636,371.652,0.0,7.4,0.0,0.0,0.0,0.0,0.0,0.0,0.0,0.0,1.0,0.0,0.0,0.0,9.0,4.0,0.0,0.0,0.0,0.0,0.0,0.0,0.0,0.0,4.0,12.0,1.0,12.18,5.01,2.51,1.49,0.0,0.0,0.0,361.3,0.0,0.3,-0.5,0.4,-169.70000000000002,0.0,0.0,169.70000000000002,0.0,21.4,28.9,28.9,30.9,300.0,300.0,31.8,35.800000000000004,28.9,28.0,30.0,4.96,1.99,4.96,0.16,0.0,0.0,1027.0,8228.0,0.0,0.0,0.0,0.0,0.0,1.0,0.0,0.0,0.0,0.0,0.0,-0.2,0.0,-0.5,0.0,0.0,16.0,25903.0
2026-07-30T19:03:22.166Z,371.649,371.664,0.0,7.4,0.0,0.0,0.0,0.0,0.0,0.0,0.0,0.0,1.0,0.0,0.0,0.0,9.0,4.0,0.0,0.0,0.0,0.0,0.0,0.0,0.0,0.0,5.0,12.0,1.0,12.18,5.01,2.51,1.49,0.0,0.0,0.0,361.3,0.0,-0.2,0.0,1.0,-169.70000000000002,0.0,0.0,169.8,0.0,21.4,28.9,28.9,30.9,300.0,300.0,31.8,35.800000000000004,28.9,28.0,30.0,4.95,1.99,4.96,0.16,0.0,0.0,1027.0,8228.0,0.0,0.0,0.0,0.0,0.0,1.0,0.0,0.0,0.0,0.0,0.0,0.7000000000000001,0.0,-0.9,0.0,0.0,16.0,25903.0
2026-07-30T19:03:22.178Z,371.661,371.676,0.0,7.4,0.0,0.0,0.0,0.0,0.0,0.0,0.0,0.0,1.0,0.0,0.0,0.0,9.0,4.0,0.0,0.0,0.0,0.0,0.0,0.0,0.0,0.0,5.0,12.0,1.0,12.14,5.01,2.5,1.5,0.0,0.0,0.0,361.4,0.0,0.3,1.1,0.9,-169.70000000000002,0.0,0.0,169.70000000000002,0.0,21.4,28.9,28.9,30.9,300.0,300.0,31.6,35.800000000000004,28.8,28.0,29.9,4.95,1.99,4.96,0.16,0.0,0.0,1027.0,8228.0,0.0,0.0,0.0,0.0,0.0,1.0,0.0,0.0,0.0,0.0,0.0,2.0,0.0,-0.6000000000000001,0.0,0.0,16.0,25903.0
2026-07-30T19:03:22.190Z,371.673,371.688,0.0,7.4,0.0,0.0,0.0,0.0,0.0,0.0,0.0,0.0,1.0,0.0,0.0,0.0,9.0,4.0,0.0,0.0,0.0,0.0,0.0,0.0,0.0,0.0,6.0,12.0,1.0,12.14,5.01,2.5,1.5,0.0,0.0,0.0,361.3,0.0,0.3,1.1,-0.1,-169.70000000000002,0.0,0.0,169.70000000000002,0.0,21.4,28.9,28.9,30.9,300.0,300.0,31.6,35.800000000000004,28.8,28.0,29.9,4.96,1.99,4.96,0.16,0.0,0.0,1027.0,8228.0,0.0,0.0,0.0,0.0,0.0,1.0,0.0,0.0,0.0,0.0,0.0,1.1,0.0,0.3,0.0,0.0,16.0,25903.0
2026-07-30T19:03:22.202Z,371.685,371.7,0.0,7.4,0.0,0.0,0.0,0.0,0.0,0.0,0.0,0.0,1.0,0.0,0.0,0.0,9.0,4.0,0.0,0.0,0.0,0.0,0.0,0.0,0.0,0.0,2.0,12.0,1.0,12.14,5.01,2.5,1.5,0.0,0.0,0.0,361.3,0.0,-0.2,-0.6000000000000001,-0.7000000000000001,-169.70000000000002,0.0,0.0,169.8,0.0,21.4,28.9,28.9,30.9,300.0,300.0,31.6,35.800000000000004,28.8,28.0,29.9,4.96,1.99,4.96,0.16,0.0,0.0,1027.0,8228.0,0.0,0.0,0.0,0.0,0.0,1.0,0.0,0.0,0.0,0.0,0.0,-1.2000000000000002,0.0,0.5,0.0,0.0,16.0,25903.0
2026-07-30T19:03:22.214Z,371.697,371.712,0.0,7.4,0.0,0.0,0.0,0.0,0.0,0.0,0.0,0.0,1.0,0.0,0.0,0.0,9.0,4.0,0.0,0.0,0.0,0.0,0.0,0.0,0.0,0.0,3.0,12.0,1.0,12.14,5.01,2.5,1.5,0.0,0.0,0.0,361.3,0.0,-0.8,-0.6000000000000001,0.9,-169.70000000000002,0.0,0.0,169.70000000000002,0.0,21.4,28.9,28.9,30.9,300.0,300.0,31.6,35.800000000000004,28.8,28.0,29.9,4.95,1.99,4.97,0.16,0.0,0.0,1027.0,8228.0,0.0,0.0,0.0,0.0,0.0,1.0,0.0,0.0,0.0,0.0,0.0,0.0,0.0,-0.9,0.0,0.0,16.0,25903.0
2026-07-30T19:03:22.225Z,371.708,371.724,0.0,7.4,0.0,0.0,0.0,0.0,0.0,0.0,0.0,0.0,1.0,0.0,0.0,0.0,9.0,4.0,0.0,0.0,0.0,0.0,0.0,0.0,0.0,0.0,4.0,12.0,1.0,12.14,5.01,2.5,1.5,0.0,0.0,0.0,361.4,0.0,-0.2,0.5,-1.3,-169.70000000000002,0.0,0.0,169.70000000000002,0.0,21.4,28.9,28.9,30.9,300.0,300.0,31.6,35.800000000000004,28.8,28.0,29.9,4.95,1.99,4.96,0.16,0.0,0.0,1027.0,8228.0,0.0,0.0,0.0,0.0,0.0,1.0,0.0,0.0,0.0,0.0,0.0,-0.3,0.0,1.3,0.0,0.0,16.0,25903.0
2026-07-30T19:03:22.237Z,371.72,371.736,0.0,7.4,0.0,0.0,0.0,0.0,0.0,0.0,0.0,0.0,1.0,0.0,0.0,0.0,9.0,4.0,0.0,0.0,0.0,0.0,0.0,0.0,0.0,0.0,5.0,12.0,1.0,12.14,5.01,2.5,1.5,0.0,0.0,0.0,361.4,0.0,0.3,-1.1,0.4,-169.70000000000002,0.0,0.0,169.8,0.0,21.4,28.9,28.9,30.9,300.0,300.0,31.6,35.800000000000004,28.8,28.0,29.9,4.96,1.99,4.96,0.16,0.0,0.0,1027.0,8228.0,0.0,0.0,0.0,0.0,0.0,1.0,0.0,0.0,0.0,0.0,0.0,-0.9,0.0,-0.6000000000000001,0.0,0.0,16.0,25903.0
2026-07-30T19:03:22.250Z,371.733,371.748,0.0,7.4,0.0,0.0,0.0,0.0,0.0,0.0,0.0,0.0,1.0,0.0,0.0,0.0,9.0,4.0,0.0,0.0,0.0,0.0,0.0,0.0,0.0,0.0,1.0,12.0,1.0,12.14,5.01,2.5,1.5,0.0,0.0,0.0,361.3,0.0,0.9,-0.5,0.4,-169.70000000000002,0.0,0.0,169.8,0.0,21.4,28.9,28.9,30.9,300.0,300.0,31.6,35.800000000000004,28.8,28.0,29.9,4.95,1.99,4.97,0.16,0.0,0.0,1027.0,8228.0,0.0,0.0,0.0,0.0,0.0,1.0,0.0,0.0,0.0,0.0,0.0,-0.3,0.0,-0.5,0.0,0.0,16.0,25903.0
2026-07-30T19:03:22.261Z,371.744,371.76,0.0,7.4,0.0,0.0,0.0,0.0,0.0,0.0,0.0,0.0,1.0,0.0,0.0,0.0,9.0,4.0,0.0,0.0,0.0,0.0,0.0,0.0,0.0,0.0,2.0,12.0,1.0,12.14,5.01,2.5,1.5,0.0,0.0,0.0,361.4,0.0,0.4,-0.5,0.4,-169.70000000000002,0.0,0.0,169.8,0.0,21.4,28.9,28.9,30.9,300.0,300.0,31.6,35.800000000000004,28.8,28.0,29.9,4.96,2.0,4.97,0.16,0.0,0.0,1027.0,8228.0,0.0,0.0,0.0,0.0,0.0,1.0,0.0,0.0,0.0,0.0,0.0,-0.2,0.0,-0.5,0.0,0.0,16.0,25903.0
2026-07-30T19:03:22.275Z,371.758,371.772,0.0,7.4,0.0,0.0,0.0,0.0,0.0,0.0,0.0,0.0,1.0,0.0,0.0,0.0,9.0,4.0,0.0,0.0,0.0,0.0,0.0,0.0,0.0,0.0,3.0,12.0,1.0,12.15,5.0200000000000005,2.5,1.49,0.0,0.0,0.0,361.3,0.0,-0.1,-0.5,0.4,-169.70000000000002,0.0,0.0,169.8,0.0,21.700000000000003,28.9,28.9,30.9,300.0,300.0,31.6,35.9,28.9,28.0,29.9,4.96,1.99,4.97,0.16,0.0,0.0,1027.0,8228.0,0.0,0.0,0.0,0.0,0.0,1.0,0.0,0.0,0.0,0.0,0.0,-0.3,0.0,-0.5,0.0,0.0,16.0,25903.0
2026-07-30T19:03:22.286Z,371.769,371.784,0.0,7.4,0.0,0.0,0.0,0.0,0.0,0.0,0.0,0.0,1.0,0.0,0.0,0.0,9.0,4.0,0.0,0.0,0.0,0.0,0.0,0.0,0.0,0.0,5.0,12.0,1.0,12.15,5.0200000000000005,2.5,1.49,0.0,0.0,0.0,361.4,0.0,0.4,0.0,-1.3,-169.70000000000002,0.0,0.0,169.70000000000002,0.0,21.700000000000003,28.9,28.9,30.9,300.0,300.0,31.6,35.9,28.9,28.0,29.9,4.96,1.99,4.97,0.16,0.0,0.0,1027.0,8228.0,0.0,0.0,0.0,0.0,0.0,1.0,0.0,0.0,0.0,0.0,0.0,-0.9,0.0,1.1,0.0,0.0,16.0,25903.0
2026-07-30T19:03:22.298Z,371.781,371.796,0.0,7.4,0.0,0.0,0.0,0.0,0.0,0.0,0.0,0.0,1.0,0.0,0.0,0.0,9.0,4.0,0.0,0.0,0.0,0.0,0.0,0.0,0.0,0.0,6.0,12.0,1.0,12.15,5.0200000000000005,2.5,1.49,0.0,0.0,0.0,361.4,0.0,-0.1,0.5,1.0,-169.70000000000002,0.0,0.0,169.60000000000002,0.0,21.700000000000003,28.9,28.9,30.9,300.0,300.0,31.6,35.9,28.9,28.0,29.9,4.96,1.99,4.96,0.16,0.0,0.0,1027.0,8228.0,0.0,0.0,0.0,0.0,0.0,1.0,0.0,0.0,0.0,0.0,0.0,1.4,0.0,-0.7000000000000001,0.0,0.0,16.0,25903.0
2026-07-30T19:03:22.309Z,371.792,371.808,0.0,7.4,0.0,0.0,0.0,0.0,0.0,0.0,0.0,0.0,1.0,0.0,0.0,0.0,9.0,4.0,0.0,0.0,0.0,0.0,0.0,0.0,0.0,0.0,1.0,12.0,1.0,12.15,5.0200000000000005,2.5,1.49,0.0,0.0,0.0,361.3,0.0,0.3,-0.5,-0.7000000000000001,-169.70000000000002,0.0,0.0,169.70000000000002,0.0,21.700000000000003,28.9,28.9,30.9,300.0,300.0,31.6,35.9,28.9,28.0,29.9,4.96,1.99,4.96,0.16,0.0,0.0,1027.0,8228.0,0.0,0.0,0.0,0.0,0.0,1.0,0.0,0.0,0.0,0.0,0.0,-1.1,0.0,0.5,0.0,0.0,16.0,25903.0
2026-07-30T19:03:22.322Z,371.805,371.82,0.0,7.4,0.0,0.0,0.0,0.0,0.0,0.0,0.0,0.0,1.0,0.0,0.0,0.0,9.0,4.0,0.0,0.0,0.0,0.0,0.0,0.0,0.0,0.0,2.0,12.0,1.0,12.15,5.0200000000000005,2.5,1.49,0.0,0.0,0.0,361.4,0.0,0.3,0.5,-0.7000000000000001,-169.70000000000002,0.0,0.0,169.8,0.0,21.700000000000003,28.9,28.9,30.9,300.0,300.0,31.6,35.9,28.9,28.0,29.9,4.96,1.99,4.97,0.16,0.0,0.0,1027.0,8228.0,0.0,0.0,0.0,0.0,0.0,1.0,0.0,0.0,0.0,0.0,0.0,0.1,0.0,0.7000000000000001,0.0,0.0,16.0,25903.0
2026-07-30T19:03:22.333Z,371.816,371.832,0.0,7.4,0.0,0.0,0.0,0.0,0.0,0.0,0.0,0.0,1.0,0.0,0.0,0.0,9.0,4.0,0.0,0.0,0.0,0.0,0.0,0.0,0.0,0.0,3.0,12.0,1.0,12.15,5.0200000000000005,2.5,1.49,0.0,0.0,0.0,361.4,0.0,-0.7000000000000001,1.1,0.9,-169.70000000000002,0.0,0.0,169.8,0.0,21.700000000000003,28.9,28.9,30.9,300.0,300.0,31.6,35.9,28.9,28.0,29.9,4.95,1.99,4.97,0.16,0.0,0.0,1027.0,8228.0,0.0,0.0,0.0,0.0,0.0,1.0,0.0,0.0,0.0,0.0,0.0,2.0,0.0,-0.6000000000000001,0.0,0.0,16.0,25903.0
2026-07-30T19:03:22.346Z,371.829,371.844,0.0,7.4,0.0,0.0,0.0,0.0,0.0,0.0,0.0,0.0,1.0,0.0,0.0,0.0,9.0,4.0,0.0,0.0,0.0,0.0,0.0,0.0,0.0,0.0,4.0,12.0,1.0,12.15,5.0200000000000005,2.5,1.49,0.0,0.0,0.0,361.3,0.0,-0.2,-1.7000000000000002,-0.7000000000000001,-169.70000000000002,0.0,0.0,169.8,0.0,21.700000000000003,28.9,28.9,30.9,300.0,300.0,31.6,35.9,28.9,28.0,29.9,4.96,1.99,4.96,0.16,0.0,0.0,1027.0,8228.0,0.0,0.0,0.0,0.0,0.0,1.0,0.0,0.0,0.0,0.0,0.0,-2.5,0.0,0.3,0.0,0.0,16.0,25903.0
2026-07-30T19:03:22.358Z,371.841,371.856,0.0,7.4,0.0,0.0,0.0,0.0,0.0,0.0,0.0,0.0,1.0,0.0,0.0,0.0,9.0,4.0,0.0,0.0,0.0,0.0,0.0,0.0,0.0,0.0,5.0,12.0,1.0,12.15,5.0200000000000005,2.5,1.49,0.0,0.0,0.0,361.3,0.0,0.3,0.0,-1.3,-169.70000000000002,0.0,0.0,169.8,0.0,21.700000000000003,28.9,28.9,30.9,300.0,300.0,31.6,35.9,28.9,28.0,29.9,4.95,2.0,4.97,0.16,0.0,0.0,1027.0,8228.0,0.0,0.0,0.0,0.0,0.0,1.0,0.0,0.0,0.0,0.0,0.0,-1.0,0.0,1.2000000000000002,0.0,0.0,16.0,25903.0
2026-07-30T19:03:22.369Z,371.852,371.868,0.0,7.4,0.0,0.0,0.0,0.0,0.0,0.0,0.0,0.0,1.0,0.0,0.0,0.0,9.0,4.0,0.0,0.0,0.0,0.0,0.0,0.0,0.0,0.0,1.0,12.0,1.0,12.15,5.0200000000000005,2.5,1.49,0.0,0.0,0.0,361.4,0.0,0.3,1.2000000000000002,0.3,-169.70000000000002,0.0,0.0,169.8,0.0,21.700000000000003,28.9,28.9,30.9,300.0,300.0,31.6,35.9,28.9,28.0,29.9,4.95,1.99,4.97,0.16,0.0,0.0,1027.0,8228.0,0.0,0.0,0.0,0.0,0.0,1.0,0.0,0.0,0.0,0.0,0.0,1.6,0.0,0.0,0.0,0.0,16.0,25903.0
2026-07-30T19:03:22.382Z,371.865,371.88,0.0,7.4,0.0,0.0,0.0,0.0,0.0,0.0,0.0,0.0,1.0,0.0,0.0,0.0,9.0,4.0,0.0,0.0,0.0,0.0,0.0,0.0,0.0,0.0,2.0,12.0,1.0,12.17,5.0200000000000005,2.51,1.49,0.0,0.0,0.0,361.3,0.0,0.3,0.0,0.4,-169.70000000000002,0.0,0.0,169.8,0.0,21.200000000000003,28.9,28.9,30.9,300.0,300.0,31.700000000000003,35.9,28.9,28.1,29.9,4.95,1.99,4.97,0.16,0.0,0.0,1027.0,8228.0,0.0,0.0,0.0,0.0,0.0,1.0,0.0,0.0,0.0,0.0,0.0,0.4,0.0,-0.3,0.0,0.0,16.0,25903.0
2026-07-30T19:03:22.393Z,371.876,371.892,0.0,7.4,0.0,0.0,0.0,0.0,0.0,0.0,0.0,0.0,1.0,0.0,0.0,0.0,9.0,4.0,0.0,0.0,0.0,0.0,0.0,0.0,0.0,0.0,4.0,12.0,1.0,12.17,5.0200000000000005,2.51,1.49,0.0,0.0,0.0,361.4,0.0,-0.8,-0.4,0.4,-169.70000000000002,0.0,0.0,169.8,0.0,21.200000000000003,28.9,28.9,30.9,300.0,300.0,31.700000000000003,35.9,28.9,28.1,29.9,4.96,1.99,4.96,0.16,0.0,0.0,1027.0,8228.0,0.0,0.0,0.0,0.0,0.0,1.0,0.0,0.0,0.0,0.0,0.0,-0.2,0.0,-0.4,0.0,0.0,16.0,25903.0
2026-07-30T19:03:22.406Z,371.889,371.904,0.0,7.4,0.0,0.0,0.0,0.0,0.0,0.0,0.0,0.0,1.0,0.0,0.0,0.0,9.0,4.0,0.0,0.0,0.0,0.0,0.0,0.0,0.0,0.0,5.0,12.0,1.0,12.17,5.0200000000000005,2.51,1.49,0.0,0.0,0.0,361.3,0.0,-0.8,-1.0,-0.7000000000000001,-169.70000000000002,0.0,0.0,169.8,0.0,21.200000000000003,28.9,28.9,30.9,300.0,300.0,31.700000000000003,35.9,28.9,28.1,29.9,4.95,1.99,4.97,0.16,0.0,0.0,1027.0,8228.0,0.0,0.0,0.0,0.0,0.0,1.0,0.0,0.0,0.0,0.0,0.0,-1.7000000000000002,0.0,0.4,0.0,0.0,16.0,25903.0
2026-07-30T19:03:22.418Z,371.901,371.916,0.0,7.4,0.0,0.0,0.0,0.0,0.0,0.0,0.0,0.0,1.0,0.0,0.0,0.0,9.0,4.0,0.0,0.0,0.0,0.0,0.0,0.0,0.0,0.0,6.0,12.0,1.0,12.17,5.0200000000000005,2.51,1.49,0.0,0.0,0.0,361.3,0.0,0.2,0.7000000000000001,-0.2,-169.70000000000002,0.0,0.0,169.8,0.0,21.200000000000003,28.9,28.9,30.9,300.0,300.0,31.700000000000003,35.9,28.9,28.1,29.9,4.95,2.0,4.96,0.16,0.0,0.0,1027.0,8228.0,0.0,0.0,0.0,0.0,0.0,1.0,0.0,0.0,0.0,0.0,0.0,0.6000000000000001,0.0,0.3,0.0,0.0,16.0,25903.0
2026-07-30T19:03:22.430Z,371.913,371.928,0.0,7.4,0.0,0.0,0.0,0.0,0.0,0.0,0.0,0.0,1.0,0.0,0.0,0.0,9.0,4.0,0.0,0.0,0.0,0.0,0.0,0.0,0.0,0.0,1.0,12.0,1.0,12.17,5.0200000000000005,2.51,1.49,0.0,0.0,0.0,361.4,0.0,0.3,1.3,-0.2,-169.70000000000002,0.0,0.0,169.8,0.0,21.200000000000003,28.9,28.9,30.9,300.0,300.0,31.700000000000003,35.9,28.9,28.1,29.9,4.96,1.99,4.96,0.16,0.0,0.0,1027.0,8228.0,0.0,0.0,0.0,0.0,0.0,1.0,0.0,0.0,0.0,0.0,0.0,1.2000000000000002,0.0,0.5,0.0,0.0,16.0,25903.0
2026-07-30T19:03:22.442Z,371.925,371.94,0.0,7.4,0.0,0.0,0.0,0.0,0.0,0.0,0.0,0.0,1.0,0.0,0.0,0.0,9.0,4.0,0.0,0.0,0.0,0.0,0.0,0.0,0.0,0.0,3.0,12.0,1.0,12.17,5.0200000000000005,2.51,1.49,0.0,0.0,0.0,361.3,0.0,-0.2,-1.0,-0.1,-169.70000000000002,0.0,0.0,169.8,0.0,21.200000000000003,28.9,28.9,30.9,300.0,300.0,31.700000000000003,35.9,28.9,28.1,29.9,4.96,1.99,4.96,0.16,0.0,0.0,1027.0,8228.0,0.0,0.0,0.0,0.0,0.0,1.0,0.0,0.0,0.0,0.0,0.0,-1.3,0.0,0.0,0.0,0.0,16.0,25903.0
2026-07-30T19:03:22.453Z,371.936,371.952,0.0,7.4,0.0,0.0,0.0,0.0,0.0,0.0,0.0,0.0,1.0,0.0,0.0,0.0,9.0,4.0,0.0,0.0,0.0,0.0,0.0,0.0,0.0,0.0,4.0,12.0,1.0,12.17,5.0200000000000005,2.51,1.49,0.0,0.0,0.0,361.3,0.0,-0.2,-0.4,1.5,-169.70000000000002,0.0,0.0,169.8,0.0,21.200000000000003,28.9,28.9,30.9,300.0,300.0,31.700000000000003,35.9,28.9,28.1,29.9,4.96,1.99,4.96,0.16,0.0,0.0,1027.0,8228.0,0.0,0.0,0.0,0.0,0.0,1.0,0.0,0.0,0.0,0.0,0.0,0.6000000000000001,0.0,-1.4,0.0,0.0,16.0,25903.0
2026-07-30T19:03:22.466Z,371.949,371.964,0.0,7.4,0.0,0.0,0.0,0.0,0.0,0.0,0.0,0.0,1.0,0.0,0.0,0.0,9.0,4.0,0.0,0.0,0.0,0.0,0.0,0.0,0.0,0.0,5.0,12.0,1.0,12.17,5.0200000000000005,2.51,1.49,0.0,0.0,0.0,361.3,0.0,0.3,0.7000000000000001,1.5,-169.70000000000002,0.0,0.0,169.8,0.0,21.200000000000003,28.9,28.9,30.9,300.0,300.0,31.700000000000003,35.9,28.9,28.1,29.9,4.96,1.99,4.96,0.16,0.0,0.0,1027.0,8228.0,0.0,0.0,0.0,0.0,0.0,1.0,0.0,0.0,0.0,0.0,0.0,1.9,0.0,-1.2000000000000002,0.0,0.0,16.0,25903.0
2026-07-30T19:03:22.479Z,371.962,371.976,0.0,7.4,0.0,0.0,0.0,0.0,0.0,0.0,0.0,0.0,1.0,0.0,0.0,0.0,9.0,4.0,0.0,0.0,0.0,0.0,0.0,0.0,0.0,0.0,6.0,12.0,1.0,12.11,5.0200000000000005,2.51,1.49,0.0,0.1,0.0,361.4,0.0,0.3,0.1,-0.2,-169.70000000000002,0.0,0.0,169.8,0.0,21.700000000000003,28.9,28.9,30.9,300.0,300.0,31.700000000000003,35.9,28.9,28.1,29.9,4.96,1.99,4.96,0.16,0.0,0.0,1027.0,8228.0,0.0,0.0,0.0,0.0,0.0,1.0,0.0,0.0,0.0,0.0,0.0,0.0,0.0,0.2,0.0,0.0,16.0,25903.0
2026-07-30T19:03:22.490Z,371.973,371.988,0.0,7.4,0.0,0.0,0.0,0.0,0.0,0.0,0.0,0.0,1.0,0.0,0.0,0.0,9.0,4.0,0.0,0.0,0.0,0.0,0.0,0.0,0.0,0.0,1.0,12.0,1.0,12.11,5.0200000000000005,2.51,1.49,0.0,0.0,0.0,361.4,0.0,-0.2,-0.4,0.3,-169.70000000000002,0.0,0.0,169.8,0.0,21.700000000000003,28.9,28.9,30.9,300.0,300.0,31.700000000000003,35.9,28.9,28.1,29.9,4.95,1.99,4.97,0.16,0.0,0.0,1027.0,8228.0,0.0,0.0,0.0,0.0,0.0,1.0,0.0,0.0,0.0,0.0,0.0,-0.2,0.0,-0.4,0.0,0.0,16.0,25903.0
2026-07-30T19:03:22.501Z,371.984,372.0,0.0,7.4,0.0,0.0,0.0,0.0,0.0,0.0,0.0,0.0,1.0,0.0,0.0,0.0,9.0,4.0,0.0,0.0,0.0,0.0,0.0,0.0,0.0,0.0,2.0,12.0,1.0,12.11,5.0200000000000005,2.51,1.49,0.0,0.0,0.0,361.4,0.0,0.9,0.0,2.1,-169.70000000000002,0.0,0.0,169.70000000000002,0.0,21.700000000000003,28.9,28.9,30.9,300.0,300.0,31.700000000000003,35.9,28.9,28.1,29.9,4.96,1.99,4.96,0.16,0.0,0.0,1027.0,8228.0,0.0,0.0,0.0,0.0,0.0,1.0,0.0,0.0,0.0,0.0,0.0,1.7000000000000002,0.0,-1.8,0.0,0.0,16.0,25903.0
2026-07-30T19:03:22.513Z,371.996,372.012,0.0,7.4,0.0,0.0,0.0,0.0,0.0,0.0,0.0,0.0,1.0,0.0,0.0,0.0,9.0,4.0,0.0,0.0,0.0,0.0,0.0,0.0,0.0,0.0,3.0,12.0,1.0,12.11,5.0200000000000005,2.51,1.49,0.0,0.0,0.0,361.3,0.0,-0.2,0.0,-0.2,-169.70000000000002,0.0,0.0,169.8,0.0,21.700000000000003,28.9,28.9,30.9,300.0,300.0,31.700000000000003,35.9,28.9,28.1,29.9,4.96,1.99,4.96,0.16,0.0,0.0,1027.0,8228.0,0.0,0.0,0.0,0.0,0.0,1.0,0.0,0.0,0.0,0.0,0.0,0.0,0.0,0.1,0.0,0.0,16.0,25903.0
2026-07-30T19:03:22.526Z,372.009,372.024,0.0,7.4,0.0,0.0,0.0,0.0,0.0,0.0,0.0,0.0,1.0,0.0,0.0,0.0,9.0,4.0,0.0,0.0,0.0,0.0,0.0,0.0,0.0,0.0,4.0,12.0,1.0,12.11,5.0200000000000005,2.51,1.49,0.0,0.0,0.0,361.3,0.0,0.3,0.1,0.3,-169.70000000000002,0.0,0.0,169.8,0.0,21.700000000000003,28.9,28.9,30.9,300.0,300.0,31.700000000000003,35.9,28.9,28.1,29.9,4.95,1.99,4.96,0.16,0.0,0.0,1027.0,8228.0,0.0,0.0,0.0,0.0,0.0,1.0,0.0,0.0,0.0,0.0,0.0,0.4,0.0,-0.3,0.0,0.0,16.0,25903.0
2026-07-30T19:03:22.538Z,372.021,372.036,0.0,7.4,0.0,0.0,0.0,0.0,0.0,0.0,0.0,0.0,1.0,0.0,0.0,0.0,9.0,4.0,0.0,0.0,0.0,0.0,0.0,0.0,0.0,0.0,5.0,12.0,1.0,12.11,5.0200000000000005,2.51,1.49,0.0,0.0,0.0,361.3,0.0,0.3,-0.4,-0.2,-169.70000000000002,0.0,0.0,169.70000000000002,0.0,21.700000000000003,28.9,28.9,30.9,300.0,300.0,31.700000000000003,35.9,28.9,28.1,29.9,4.96,1.99,4.97,0.16,0.0,0.0,1027.0,8228.0,0.0,0.0,0.0,0.0,0.0,1.0,0.0,0.0,0.0,0.0,0.0,1.2000000000000002,0.0,-1.3,0.0,0.0,16.0,25903.0
2026-07-30T19:03:22.550Z,372.033,372.048,0.0,7.4,0.0,0.0,0.0,0.0,0.0,0.0,0.0,0.0,1.0,0.0,0.0,0.0,9.0,4.0,0.0,0.0,0.0,0.0,0.0,0.0,0.0,0.0,6.0,12.0,1.0,12.11,5.0200000000000005,2.51,1.49,0.0,0.0,0.0,361.3,0.0,-0.2,-1.0,-1.3,-169.70000000000002,0.0,0.0,169.70000000000002,0.0,21.700000000000003,28.9,28.9,30.9,300.0,300.0,31.700000000000003,35.9,28.9,28.1,29.9,4.96,2.0,4.97,0.16,0.0,0.0,1027.0,8228.0,0.0,0.0,0.0,0.0,0.0,1.0,0.0,0.0,0.0,0.0,0.0,-0.2,0.0,-0.4,0.0,0.0,16.0,25903.0
2026-07-30T19:03:22.562Z,372.045,372.06,0.0,7.4,0.0,0.0,0.0,0.0,0.0,0.0,0.0,0.0,1.0,0.0,0.0,0.0,9.0,4.0,0.0,0.0,0.0,0.0,0.0,0.0,0.0,0.0,1.0,12.0,1.0,12.11,5.0200000000000005,2.51,1.49,0.0,0.1,0.0,361.3,0.0,0.3,0.6000000000000001,-0.1,-169.70000000000002,0.0,0.0,169.70000000000002,0.0,21.700000000000003,28.9,28.9,30.9,300.0,300.0,31.700000000000003,35.9,28.9,28.1,29.9,4.96,1.99,4.97,0.16,0.0,0.0,1027.0,8228.0,0.0,0.0,0.0,0.0,0.0,1.0,0.0,0.0,0.0,0.0,0.0,-0.2,0.0,-0.4,0.0,0.0,16.0,25903.0
2026-07-30T19:03:22.574Z,372.057,372.072,0.0,7.4,0.0,0.0,0.0,0.0,0.0,0.0,0.0,0.0,1.0,0.0,0.0,0.0,9.0,4.0,0.0,0.0,0.0,0.0,0.0,0.0,0.0,0.0,2.0,12.0,1.0,12.11,5.0200000000000005,2.51,1.49,0.0,0.0,0.0,361.3,0.0,0.3,0.7000000000000001,1.0,-169.70000000000002,0.0,0.0,169.70000000000002,0.0,21.700000000000003,28.9,28.9,30.9,300.0,300.0,31.700000000000003,35.9,28.9,28.1,29.9,4.95,2.0,4.97,0.16,0.0,0.0,1027.0,8228.0,0.0,0.0,0.0,0.0,0.0,1.0,0.0,0.0,0.0,0.0,0.0,-0.3,0.0,0.6000000000000001,0.0,0.0,16.0,25903.0
2026-07-30T19:03:22.586Z,372.069,372.084,0.0,7.4,0.0,0.0,0.0,0.0,0.0,0.0,0.0,0.0,1.0,0.0,0.0,0.0,9.0,4.0,0.0,0.0,0.0,0.0,0.0,0.0,0.0,0.0,3.0,12.0,1.0,12.18,5.0200000000000005,2.51,1.49,0.0,0.0,0.0,361.3,0.0,-0.2,-0.4,1.0,-169.70000000000002,0.0,0.0,169.70000000000002,0.0,21.8,28.9,28.9,30.9,300.0,300.0,31.700000000000003,35.9,28.9,28.0,29.9,4.96,2.0,4.97,0.16,0.0,0.0,1027.0,8228.0,0.0,0.0,0.0,0.0,0.0,1.0,0.0,0.0,0.0,0.0,0.0,0.3,0.0,-0.9,0.0,0.0,16.0,25903.0
2026-07-30T19:03:22.598Z,372.081,372.096,0.0,7.4,0.0,0.0,0.0,0.0,0.0,0.0,0.0,0.0,1.0,0.0,0.0,0.0,9.0,4.0,0.0,0.0,0.0,0.0,0.0,0.0,0.0,0.0,4.0,12.0,1.0,12.18,5.0200000000000005,2.51,1.49,0.0,0.0,0.0,361.3,0.0,0.8,0.1,0.4,-169.70000000000002,0.0,0.0,169.60000000000002,0.0,21.8,28.9,28.9,30.9,300.0,300.0,31.700000000000003,35.9,28.9,28.0,29.9,4.95,1.99,4.96,0.16,0.0,0.0,1027.0,8228.0,0.0,0.0,0.0,0.0,0.0,1.0,0.0,0.0,0.0,0.0,0.0,0.4,0.0,-0.3,0.0,0.0,16.0,25903.0
2026-07-30T19:03:22.610Z,372.093,372.108,0.0,7.4,0.0,0.0,0.0,0.0,0.0,0.0,0.0,0.0,1.0,0.0,0.0,0.0,9.0,4.0,0.0,0.0,0.0,0.0,0.0,0.0,0.0,0.0,5.0,12.0,1.0,12.18,5.0200000000000005,2.51,1.49,0.0,0.0,0.0,361.4,0.0,-0.3,1.3,0.4,-169.70000000000002,0.0,0.0,169.8,0.0,21.8,28.9,28.9,30.9,300.0,300.0,31.700000000000003,35.9,28.9,28.0,29.9,4.95,1.99,4.97,0.16,0.0,0.0,1027.0,8228.0,0.0,0.0,0.0,0.0,0.0,1.0,0.0,0.0,0.0,0.0,0.0,1.8,0.0,-0.1,0.0,0.0,16.0,25903.0
2026-07-30T19:03:22.622Z,372.105,372.12,0.0,7.4,0.0,0.0,0.0,0.0,0.0,0.0,0.0,0.0,1.0,0.0,0.0,0.0,9.0,4.0,0.0,0.0,0.0,0.0,0.0,0.0,0.0,0.0,1.0,12.0,1.0,12.18,5.0200000000000005,2.51,1.49,0.0,0.1,0.0,361.4,0.0,-0.3,0.1,-0.1,-169.70000000000002,0.0,0.0,169.60000000000002,0.0,21.8,28.9,28.9,30.9,300.0,300.0,31.700000000000003,35.9,28.9,28.0,29.9,4.95,2.0,4.97,0.16,0.0,0.0,1027.0,8228.0,0.0,0.0,0.0,0.0,0.0,1.0,0.0,0.0,0.0,0.0,0.0,0.0,0.0,0.1,0.0,0.0,16.0,25903.0
2026-07-30T19:03:22.634Z,372.117,372.132,0.0,7.4,0.0,0.0,0.0,0.0,0.0,0.0,0.0,0.0,1.0,0.0,0.0,0.0,9.0,4.0,0.0,0.0,0.0,0.0,0.0,0.0,0.0,0.0,2.0,12.0,1.0,12.18,5.0200000000000005,2.51,1.49,0.0,0.0,0.0,361.4,0.0,-0.3,-0.4,-0.1,-169.70000000000002,0.0,0.0,169.8,0.0,21.8,28.9,28.9,30.9,300.0,300.0,31.700000000000003,35.9,28.9,28.0,29.9,4.96,2.0,4.96,0.15,0.0,0.0,1027.0,8228.0,0.0,0.0,0.0,0.0,0.0,1.0,0.0,0.0,0.0,0.0,0.0,-0.6000000000000001,0.0,0.0,0.0,0.0,16.0,25903.0
2026-07-30T19:03:22.646Z,372.129,372.144,0.0,7.4,0.0,0.0,0.0,0.0,0.0,0.0,0.0,0.0,1.0,0.0,0.0,0.0,9.0,4.0,0.0,0.0,0.0,0.0,0.0,0.0,0.0,0.0,3.0,12.0,1.0,12.18,5.0200000000000005,2.51,1.49,0.0,0.0,0.0,361.3,0.0,-0.2,-1.0,-0.1,-169.70000000000002,0.0,0.0,169.70000000000002,0.0,21.8,28.9,28.9,30.9,300.0,300.0,31.700000000000003,35.9,28.9,28.0,29.9,4.96,1.99,4.97,0.15,0.0,0.0,1027.0,8228.0,0.0,0.0,0.0,0.0,0.0,1.0,0.0,0.0,0.0,0.0,0.0,-1.3,0.0,0.0,0.0,0.0,16.0,25903.0
2026-07-30T19:03:22.658Z,372.141,372.156,0.0,7.4,0.0,0.0,0.0,0.0,0.0,0.0,0.0,0.0,1.0,0.0,0.0,0.0,9.0,4.0,0.0,0.0,0.0,0.0,0.0,0.0,0.0,0.0,4.0,12.0,1.0,12.18,5.0200000000000005,2.51,1.49,0.0,0.0,0.0,361.3,0.0,0.9,0.7000000000000001,-0.7000000000000001,-169.70000000000002,0.0,0.0,169.70000000000002,0.0,21.8,28.9,28.9,30.9,300.0,300.0,31.700000000000003,35.9,28.9,28.0,29.9,4.96,1.99,4.96,0.16,0.0,0.0,1027.0,8228.0,0.0,0.0,0.0,0.0,0.0,1.0,0.0,0.0,0.0,0.0,0.0,0.2,0.0,0.8,0.0,0.0,16.0,25903.0
2026-07-30T19:03:22.670Z,372.153,372.168,0.0,7.4,0.0,0.0,0.0,0.0,0.0,0.0,0.0,0.0,1.0,0.0,0.0,0.0,9.0,4.0,0.0,0.0,0.0,0.0,0.0,0.0,0.0,0.0,5.0,12.0,1.0,12.18,5.0200000000000005,2.51,1.49,0.0,0.0,0.0,361.4,0.0,0.9,0.7000000000000001,-0.1,-169.70000000000002,0.0,0.0,169.70000000000002,0.0,21.8,28.9,28.9,30.9,300.0,300.0,31.700000000000003,35.9,28.9,28.0,29.9,4.96,1.99,4.96,0.16,0.0,0.0,1027.0,8228.0,0.0,0.0,0.0,0.0,0.0,1.0,0.0,0.0,0.0,0.0,0.0,0.7000000000000001,0.0,0.2,0.0,0.0,16.0,25903.0
2026-07-30T19:03:22.683Z,372.166,372.18,0.0,7.4,0.0,0.0,0.0,0.0,0.0,0.0,0.0,0.0,1.0,0.0,0.0,0.0,9.0,4.0,0.0,0.0,0.0,0.0,0.0,0.0,0.0,0.0,6.0,12.0,1.0,12.15,5.01,2.51,1.49,0.0,0.0,0.0,361.4,0.0,-0.2,-0.4,-0.1,-169.70000000000002,0.0,0.0,169.8,0.0,21.700000000000003,28.9,28.9,30.9,300.0,300.0,31.8,35.9,28.9,28.0,29.9,4.95,1.99,4.96,0.16,0.0,0.0,1027.0,8228.0,0.0,0.0,0.0,0.0,0.0,1.0,0.0,0.0,0.0,0.0,0.0,-0.6000000000000001,0.0,0.0,0.0,0.0,16.0,25903.0
2026-07-30T19:03:22.693Z,372.176,372.192,0.0,7.4,0.0,0.0,0.0,0.0,0.0,0.0,0.0,0.0,1.0,0.0,0.0,0.0,9.0,4.0,0.0,0.0,0.0,0.0,0.0,0.0,0.0,0.0,1.0,12.0,1.0,12.15,5.01,2.51,1.49,0.0,0.0,0.0,361.4,0.0,0.3,0.1,-0.2,-169.70000000000002,0.0,0.0,169.8,0.0,21.700000000000003,28.9,28.9,30.9,300.0,300.0,31.8,35.9,28.9,28.0,29.9,4.95,1.99,4.97,0.16,0.0,0.0,1027.0,8228.0,0.0,0.0,0.0,0.0,0.0,1.0,0.0,0.0,0.0,0.0,0.0,0.0,0.0,0.2,0.0,0.0,16.0,25903.0
2026-07-30T19:03:22.706Z,372.189,372.204,0.0,7.4,0.0,0.0,0.0,0.0,0.0,0.0,0.0,0.0,1.0,0.0,0.0,0.0,9.0,4.0,0.0,0.0,0.0,0.0,0.0,0.0,0.0,0.0,2.0,12.0,1.0,12.15,5.01,2.51,1.49,0.0,0.0,0.0,361.3,0.0,0.9,0.1,0.3,-169.70000000000002,0.0,0.0,169.8,0.0,21.700000000000003,28.9,28.9,30.9,300.0,300.0,31.8,35.9,28.9,28.0,29.9,4.95,2.0,4.96,0.16,0.0,0.0,1027.0,8228.0,0.0,0.0,0.0,0.0,0.0,1.0,0.0,0.0,0.0,0.0,0.0,0.4,0.0,-0.2,0.0,0.0,16.0,25903.0
2026-07-30T19:03:22.717Z,372.2,372.216,0.0,7.4,0.0,0.0,0.0,0.0,0.0,0.0,0.0,0.0,1.0,0.0,0.0,0.0,9.0,4.0,0.0,0.0,0.0,0.0,0.0,0.0,0.0,0.0,3.0,12.0,1.0,12.15,5.01,2.51,1.49,0.0,0.1,0.0,361.3,0.0,0.3,0.7000000000000001,-0.7000000000000001,-169.70000000000002,0.0,0.0,169.8,0.0,21.700000000000003,28.9,28.9,30.9,300.0,300.0,31.8,35.9,28.9,28.0,29.9,4.96,1.99,4.96,0.16,0.0,0.0,1027.0,8228.0,0.0,0.0,0.0,0.0,0.0,1.0,0.0,0.0,0.0,0.0,0.0,0.2,0.0,0.8,0.0,0.0,16.0,25903.0
2026-07-30T19:03:22.730Z,372.213,372.228,0.0,7.4,0.0,0.0,0.0,0.0,0.0,0.0,0.0,0.0,1.0,0.0,0.0,0.0,9.0,4.0,0.0,0.0,0.0,0.0,0.0,0.0,0.0,0.0,4.0,12.0,1.0,12.15,5.01,2.51,1.49,0.0,0.1,0.0,361.4,0.0,0.9,0.7000000000000001,-0.1,-169.70000000000002,0.0,0.0,169.8,0.0,21.700000000000003,28.9,28.9,30.9,300.0,300.0,31.8,35.9,28.9,28.0,29.9,4.95,1.99,4.97,0.16,0.0,0.0,1027.0,8228.0,0.0,0.0,0.0,0.0,0.0,1.0,0.0,0.0,0.0,0.0,0.0,0.7000000000000001,0.0,0.2,0.0,0.0,16.0,25903.0
2026-07-30T19:03:22.742Z,372.225,372.24,0.0,7.4,0.0,0.0,0.0,0.0,0.0,0.0,0.0,0.0,1.0,0.0,0.0,0.0,9.0,4.0,0.0,0.0,0.0,0.0,0.0,0.0,0.0,0.0,5.0,12.0,1.0,12.15,5.01,2.51,1.49,0.0,0.0,0.0,361.4,0.0,-0.1,0.1,1.5,-169.70000000000002,0.0,0.0,169.70000000000002,0.0,21.700000000000003,28.9,28.9,30.9,300.0,300.0,31.8,35.9,28.9,28.0,29.9,4.96,2.0,4.96,0.16,0.0,0.0,1027.0,8228.0,0.0,0.0,0.0,0.0,0.0,1.0,0.0,0.0,0.0,0.0,0.0,1.3,0.0,-1.3,0.0,0.0,16.0,25903.0
2026-07-30T19:03:22.753Z,372.236,372.252,0.0,7.4,0.0,0.0,0.0,0.0,0.0,0.0,0.0,0.0,1.0,0.0,0.0,0.0,9.0,4.0,0.0,0.0,0.0,0.0,0.0,0.0,0.0,0.0,1.0,12.0,1.0,12.15,5.01,2.51,1.49,0.0,0.0,0.0,361.4,0.0,0.4,1.3,-0.7000000000000001,-169.70000000000002,0.0,0.0,169.70000000000002,0.0,21.700000000000003,28.9,28.9,30.9,300.0,300.0,31.8,35.9,28.9,28.0,29.9,4.96,1.99,4.96,0.16,0.0,0.0,1027.0,8228.0,0.0,0.0,0.0,0.0,0.0,1.0,0.0,0.0,0.0,0.0,0.0,0.9,0.0,0.9,0.0,0.0,16.0,25903.0
2026-07-30T19:03:22.766Z,372.249,372.264,0.0,7.4,0.0,0.0,0.0,0.0,0.0,0.0,0.0,0.0,1.0,0.0,0.0,0.0,9.0,4.0,0.0,0.0,0.0,0.0,0.0,0.0,0.0,0.0,2.0,12.0,1.0,12.15,5.01,2.51,1.49,0.0,0.0,0.0,361.3,0.0,-0.1,0.7000000000000001,0.4,-169.70000000000002,0.0,0.0,169.8,0.0,21.700000000000003,28.9,28.9,30.9,300.0,300.0,31.8,35.9,28.9,28.0,29.9,4.95,1.99,4.96,0.16,0.0,0.0,1027.0,8228.0,0.0,0.0,0.0,0.0,0.0,1.0,0.0,0.0,0.0,0.0,0.0,1.1,0.0,-0.2,0.0,0.0,16.0,25903.0
2026-07-30T19:03:22.778Z,372.261,372.276,0.0,7.4,0.0,0.0,0.0,0.0,0.0,0.0,0.0,0.0,1.0,0.0,0.0,0.0,9.0,4.0,0.0,0.0,0.0,0.0,0.0,0.0,0.0,0.0,3.0,12.0,1.0,12.15,5.01,2.51,1.49,0.0,0.0,0.0,361.3,0.0,0.4,-0.4,1.0,-169.70000000000002,0.0,0.0,169.8,0.0,21.700000000000003,28.9,28.9,30.9,300.0,300.0,31.8,35.9,28.9,28.0,29.9,4.95,1.99,4.97,0.16,0.0,0.0,1027.0,8228.0,0.0,0.0,0.0,0.0,0.0,1.0,0.0,0.0,0.0,0.0,0.0,0.3,0.0,-1.0,0.0,0.0,16.0,25903.0
2026-07-30T19:03:22.790Z,372.273,372.288,0.0,7.4,0.0,0.0,0.0,0.0,0.0,0.0,0.0,0.0,1.0,0.0,0.0,0.0,9.0,4.0,0.0,0.0,0.0,0.0,0.0,0.0,0.0,0.0,4.0,12.0,1.0,12.18,5.0200000000000005,2.51,1.49,0.0,0.0,0.0,361.3,0.0,-0.7000000000000001,-0.4,0.0,-169.70000000000002,0.0,0.0,169.70000000000002,0.0,21.700000000000003,28.9,28.9,30.9,300.0,300.0,31.700000000000003,35.800000000000004,28.9,28.0,29.9,4.96,1.99,4.96,0.16,0.0,0.0,1027.0,8228.0,0.0,0.0,0.0,0.0,0.0,1.0,0.0,0.0,0.0,0.0,0.0,-0.4,0.0,0.0,0.0,0.0,16.0,25903.0
2026-07-30T19:03:22.801Z,372.284,372.3,0.0,7.4,0.0,0.0,0.0,0.0,0.0,0.0,0.0,0.0,1.0,0.0,0.0,0.0,9.0,4.0,0.0,0.0,0.0,0.0,0.0,0.0,0.0,0.0,6.0,12.0,1.0,12.18,5.0200000000000005,2.51,1.49,0.0,0.0,0.0,361.3,0.0,-0.1,-0.4,0.0,-169.70000000000002,0.0,0.0,169.8,0.0,21.700000000000003,28.9,28.9,30.9,300.0,300.0,31.700000000000003,35.800000000000004,28.9,28.0,29.9,4.96,1.99,4.97,0.16,0.0,0.0,1027.0,8228.0,0.0,0.0,0.0,0.0,0.0,1.0,0.0,0.0,0.0,0.0,0.0,-0.5,0.0,0.0,0.0,0.0,16.0,25903.0
2026-07-30T19:03:22.814Z,372.297,372.312,0.0,7.4,0.0,0.0,0.0,0.0,0.0,0.0,0.0,0.0,1.0,0.0,0.0,0.0,9.0,4.0,0.0,0.0,0.0,0.0,0.0,0.0,0.0,0.0,1.0,12.0,1.0,12.18,5.0200000000000005,2.51,1.49,0.0,0.0,0.0,361.3,0.0,0.4,0.1,0.0,-169.70000000000002,0.0,0.0,169.8,0.0,21.700000000000003,28.9,28.9,30.9,300.0,300.0,31.700000000000003,35.800000000000004,28.9,28.0,29.9,4.95,1.99,4.97,0.16,0.0,0.0,1027.0,8228.0,0.0,0.0,0.0,0.0,0.0,1.0,0.0,0.0,0.0,0.0,0.0,0.1,0.0,0.0,0.0,0.0,16.0,25903.0
2026-07-30T19:03:22.826Z,372.309,372.324,0.0,7.4,0.0,0.0,0.0,0.0,0.0,0.0,0.0,0.0,1.0,0.0,0.0,0.0,9.0,4.0,0.0,0.0,0.0,0.0,0.0,0.0,0.0,0.0,3.0,12.0,1.0,12.18,5.0200000000000005,2.51,1.49,0.0,0.0,0.0,361.3,0.0,-0.1,0.7000000000000001,0.5,-169.70000000000002,0.0,0.0,169.8,0.0,21.700000000000003,28.9,28.9,30.9,300.0,300.0,31.700000000000003,35.800000000000004,28.9,28.0,29.9,4.96,1.99,4.97,0.16,0.0,0.0,1027.0,8228.0,0.0,0.0,0.0,0.0,0.0,1.0,0.0,0.0,0.0,0.0,0.0,1.1,0.0,-0.3,0.0,0.0,16.0,25903.0
2026-07-30T19:03:22.838Z,372.321,372.336,0.0,7.4,0.0,0.0,0.0,0.0,0.0,0.0,0.0,0.0,1.0,0.0,0.0,0.0,9.0,4.0,0.0,0.0,0.0,0.0,0.0,0.0,0.0,0.0,5.0,12.0,1.0,12.18,5.0200000000000005,2.51,1.49,0.0,0.0,0.0,361.3,0.0,0.4,0.6000000000000001,0.0,-169.70000000000002,0.0,0.0,169.70000000000002,0.0,21.700000000000003,28.9,28.9,30.9,300.0,300.0,31.700000000000003,35.800000000000004,28.9,28.0,29.9,4.95,2.0,4.97,0.16,0.0,0.0,1027.0,8228.0,0.0,0.0,0.0,0.0,0.0,1.0,0.0,0.0,0.0,0.0,0.0,0.6000000000000001,0.0,0.2,0.0,0.0,16.0,25903.0
2026-07-30T19:03:22.849Z,372.332,372.348,0.0,7.4,0.0,0.0,0.0,0.0,0.0,0.0,0.0,0.0,1.0,0.0,0.0,0.0,9.0,4.0,0.0,0.0,0.0,0.0,0.0,0.0,0.0,0.0,6.0,12.0,1.0,12.18,5.0200000000000005,2.51,1.49,0.0,0.0,0.0,361.4,0.0,-0.1,0.0,0.0,-169.70000000000002,0.0,0.0,169.8,0.0,21.700000000000003,28.9,28.9,30.9,300.0,300.0,31.700000000000003,35.800000000000004,28.9,28.0,29.9,4.95,1.99,4.97,0.16,0.0,0.0,1027.0,8228.0,0.0,0.0,0.0,0.0,0.0,1.0,0.0,0.0,0.0,0.0,0.0,0.0,0.0,0.0,0.0,0.0,16.0,25903.0
2026-07-30T19:03:22.861Z,372.344,372.36,0.0,7.4,0.0,0.0,0.0,0.0,0.0,0.0,0.0,0.0,1.0,0.0,0.0,0.0,9.0,4.0,0.0,0.0,0.0,0.0,0.0,0.0,0.0,0.0,1.0,12.0,1.0,12.18,5.0200000000000005,2.51,1.49,0.0,0.0,0.0,361.3,0.0,0.4,0.0,1.0,-169.70000000000002,0.0,0.0,169.70000000000002,0.0,21.700000000000003,28.9,28.9,30.9,300.0,300.0,31.700000000000003,35.800000000000004,28.9,28.0,29.9,4.95,2.0,4.97,0.16,0.0,0.0,1027.0,8228.0,0.0,0.0,0.0,0.0,0.0,1.0,0.0,0.0,0.0,0.0,0.0,0.8,0.0,-0.9,0.0,0.0,16.0,25903.0
2026-07-30T19:03:22.874Z,372.357,372.372,0.0,7.4,0.0,0.0,0.0,0.0,0.0,0.0,0.0,0.0,1.0,0.0,0.0,0.0,9.0,4.0,0.0,0.0,0.0,0.0,0.0,0.0,0.0,0.0,2.0,12.0,1.0,12.18,5.0200000000000005,2.51,1.49,0.0,0.0,0.0,361.3,0.0,0.4,-0.5,-0.6000000000000001,-169.70000000000002,0.0,0.0,169.8,0.0,21.700000000000003,28.9,28.9,30.9,300.0,300.0,31.700000000000003,35.800000000000004,28.9,28.0,29.9,4.96,2.0,4.96,0.15,0.0,0.0,1027.0,8228.0,0.0,0.0,0.0,0.0,0.0,1.0,0.0,0.0,0.0,0.0,0.0,-1.1,0.0,0.4,0.0,0.0,16.0,25903.0
2026-07-30T19:03:22.887Z,372.37,372.384,0.0,7.4,0.0,0.0,0.0,0.0,0.0,0.0,0.0,0.0,1.0,0.0,0.0,0.0,9.0,4.0,0.0,0.0,0.0,0.0,0.0,0.0,0.0,0.0,3.0,12.0,1.0,12.15,5.01,2.51,1.49,0.0,0.0,0.0,361.3,0.0,-0.7000000000000001,-1.1,-0.1,-169.70000000000002,0.0,0.0,169.8,0.0,21.4,28.9,28.9,30.9,300.0,300.0,31.8,35.9,28.9,28.0,29.9,4.95,1.99,4.97,0.15,0.0,0.0,1027.0,8228.0,0.0,0.0,0.0,0.0,0.0,1.0,0.0,0.0,0.0,0.0,0.0,-1.3,0.0,-0.1,0.0,0.0,16.0,25903.0
2026-07-30T19:03:22.898Z,372.381,372.396,0.0,7.4,0.0,0.0,0.0,0.0,0.0,0.0,0.0,0.0,1.0,0.0,0.0,0.0,9.0,4.0,0.0,0.0,0.0,0.0,0.0,0.0,0.0,0.0,4.0,12.0,1.0,12.15,5.01,2.51,1.49,0.0,0.0,0.0,361.4,0.0,0.9,0.6000000000000001,-0.1,-169.70000000000002,0.0,0.0,169.8,0.0,21.4,28.9,28.9,30.9,300.0,300.0,31.8,35.9,28.9,28.0,29.9,4.95,1.99,4.96,0.16,0.0,0.0,1027.0,8228.0,0.0,0.0,0.0,0.0,0.0,1.0,0.0,0.0,0.0,0.0,0.0,0.5,0.0,0.2,0.0,0.0,16.0,25903.0
2026-07-30T19:03:22.910Z,372.393,372.408,0.0,7.4,0.0,0.0,0.0,0.0,0.0,0.0,0.0,0.0,1.0,0.0,0.0,0.0,9.0,4.0,0.0,0.0,0.0,0.0,0.0,0.0,0.0,0.0,5.0,12.0,1.0,12.15,5.01,2.51,1.49,0.0,0.1,0.0,361.3,0.0,0.3,0.6000000000000001,0.4,-169.70000000000002,0.0,0.0,169.8,0.0,21.4,28.9,28.9,30.9,300.0,300.0,31.8,35.9,28.9,28.0,29.9,4.96,2.0,4.96,0.16,0.0,0.0,1027.0,8228.0,0.0,0.0,0.0,0.0,0.0,1.0,0.0,0.0,0.0,0.0,0.0,0.9,0.0,-0.2,0.0,0.0,16.0,25903.0
2026-07-30T19:03:22.922Z,372.405,372.42,0.0,7.4,0.0,0.0,0.0,0.0,0.0,0.0,0.0,0.0,1.0,0.0,0.0,0.0,9.0,4.0,0.0,0.0,0.0,0.0,0.0,0.0,0.0,0.0,6.0,12.0,1.0,12.15,5.01,2.51,1.49,0.0,0.0,0.0,361.4,0.0,0.3,-1.1,-0.1,-169.70000000000002,0.0,0.0,169.8,0.0,21.4,28.9,28.9,30.9,300.0,300.0,31.8,35.9,28.9,28.0,29.9,4.96,2.0,4.97,0.16,0.0,0.0,1027.0,8228.0,0.0,0.0,0.0,0.0,0.0,1.0,0.0,0.0,0.0,0.0,0.0,-1.3,0.0,0.0,0.0,0.0,16.0,25903.0
2026-07-30T19:03:22.933Z,372.416,372.432,0.0,7.4,0.0,0.0,0.0,0.0,0.0,0.0,0.0,0.0,1.0,0.0,0.0,0.0,9.0,4.0,0.0,0.0,0.0,0.0,0.0,0.0,0.0,0.0,2.0,12.0,1.0,12.15,5.01,2.51,1.49,0.0,0.0,0.0,361.4,0.0,0.9,0.0,0.4,-169.70000000000002,0.0,0.0,169.8,0.0,21.4,28.9,28.9,30.9,300.0,300.0,31.8,35.9,28.9,28.0,29.9,4.95,1.99,4.97,0.16,0.0,0.0,1027.0,8228.0,0.0,0.0,0.0,0.0,0.0,1.0,0.0,0.0,0.0,0.0,0.0,0.4,0.0,-0.3,0.0,0.0,16.0,25903.0
2026-07-30T19:03:22.946Z,372.429,372.444,0.0,7.4,0.0,0.0,0.0,0.0,0.0,0.0,0.0,0.0,1.0,0.0,0.0,0.0,9.0,4.0,0.0,0.0,0.0,0.0,0.0,0.0,0.0,0.0,3.0,12.0,1.0,12.15,5.01,2.51,1.49,0.0,0.0,0.0,361.4,0.0,0.9,1.2000000000000002,1.6,-169.70000000000002,0.0,0.0,169.8,0.0,21.4,28.9,28.9,30.9,300.0,300.0,31.8,35.9,28.9,28.0,29.9,4.95,2.0,4.96,0.16,0.0,0.0,1027.0,8228.0,0.0,0.0,0.0,0.0,0.0,1.0,0.0,0.0,0.0,0.0,0.0,2.6,0.0,-1.1,0.0,0.0,16.0,25903.0
2026-07-30T19:03:22.957Z,372.44,372.456,0.0,7.4,0.0,0.0,0.0,0.0,0.0,0.0,0.0,0.0,1.0,0.0,0.0,0.0,9.0,4.0,0.0,0.0,0.0,0.0,0.0,0.0,0.0,0.0,5.0,12.0,1.0,12.15,5.01,2.51,1.49,0.0,0.0,0.0,361.3,0.0,0.4,0.1,-0.6000000000000001,-169.70000000000002,0.0,0.0,169.70000000000002,0.0,21.4,28.9,28.9,30.9,300.0,300.0,31.8,35.9,28.9,28.0,29.9,4.96,1.99,4.96,0.16,0.0,0.0,1027.0,8228.0,0.0,0.0,0.0,0.0,0.0,1.0,0.0,0.0,0.0,0.0,0.0,-0.3,0.0,0.6000000000000001,0.0,0.0,16.0,25903.0
2026-07-30T19:03:22.970Z,372.453,372.468,0.0,7.4,0.0,0.0,0.0,0.0,0.0,0.0,0.0,0.0,1.0,0.0,0.0,0.0,9.0,4.0,0.0,0.0,0.0,0.0,0.0,0.0,0.0,0.0,6.0,12.0,1.0,12.15,5.01,2.51,1.49,0.0,0.0,0.0,361.3,0.0,-0.2,-0.4,0.0,-169.70000000000002,0.0,0.0,169.8,0.0,21.4,28.9,28.9,30.9,300.0,300.0,31.8,35.9,28.9,28.0,29.9,4.96,1.99,4.97,0.16,0.0,0.0,1027.0,8228.0,0.0,0.0,0.0,0.0,0.0,1.0,0.0,0.0,0.0,0.0,0.0,-0.5,0.0,0.0,0.0,0.0,16.0,25903.0
2026-07-30T19:03:22.982Z,372.465,372.48,0.0,7.4,0.0,0.0,0.0,0.0,0.0,0.0,0.0,0.0,1.0,0.0,0.0,0.0,9.0,4.0,0.0,0.0,0.0,0.0,0.0,0.0,0.0,0.0,2.0,12.0,1.0,12.15,5.01,2.51,1.49,0.0,0.0,0.0,361.3,0.0,0.4,0.7000000000000001,0.0,-169.70000000000002,0.0,0.0,169.70000000000002,0.0,21.4,28.9,28.9,30.9,300.0,300.0,31.8,35.9,28.9,28.0,29.9,4.96,1.99,4.96,0.16,0.0,0.0,1027.0,8228.0,0.0,0.0,0.0,0.0,0.0,1.0,0.0,0.0,0.0,0.0,0.0,0.7000000000000001,0.0,0.2,0.0,0.0,16.0,25903.0
2026-07-30T19:03:22.994Z,372.477,372.492,0.0,7.4,0.0,0.0,0.0,0.0,0.0,0.0,0.0,0.0,1.0,0.0,0.0,0.0,9.0,4.0,0.0,0.0,0.0,0.0,0.0,0.0,0.0,0.0,4.0,12.0,1.0,12.18,5.01,2.51,1.49,0.0,0.0,0.0,361.4,0.0,0.4,0.7000000000000001,0.5,-169.70000000000002,0.0,0.0,169.70000000000002,0.0,21.700000000000003,28.9,28.9,30.9,300.0,300.0,31.8,35.9,28.9,28.1,29.9,4.96,2.0,4.96,0.16,0.0,0.0,1027.0,8228.0,0.0,0.0,0.0,0.0,0.0,1.0,0.0,0.0,0.0,0.0,0.0,1.2000000000000002,0.0,-0.3,0.0,0.0,16.0,25903.0
2026-07-30T19:03:23.006Z,372.489,372.504,0.0,7.4,0.0,0.0,0.0,0.0,0.0,0.0,0.0,0.0,1.0,0.0,0.0,0.0,9.0,4.0,0.0,0.0,0.0,0.0,0.0,0.0,0.0,0.0,5.0,12.0,1.0,12.18,5.01,2.51,1.49,0.0,0.1,0.0,361.3,0.0,-0.7000000000000001,0.1,0.4,-169.70000000000002,0.0,0.0,169.70000000000002,0.0,21.700000000000003,28.9,28.9,30.9,300.0,300.0,31.8,35.9,28.9,28.1,29.9,4.95,1.99,4.96,0.16,0.0,0.0,1027.0,8228.0,0.0,0.0,0.0,0.0,0.0,1.0,0.0,0.0,0.0,0.0,0.0,0.5,0.0,-0.3,0.0,0.0,16.0,25903.0
2026-07-30T19:03:23.017Z,372.5,372.516,0.0,7.4,0.0,0.0,0.0,0.0,0.0,0.0,0.0,0.0,1.0,0.0,0.0,0.0,9.0,4.0,0.0,0.0,0.0,0.0,0.0,0.0,0.0,0.0,6.0,12.0,1.0,12.18,5.01,2.51,1.49,0.0,0.0,0.0,361.3,0.0,-0.7000000000000001,-0.4,-1.3,-169.70000000000002,0.0,0.0,169.8,0.0,21.700000000000003,28.9,28.9,30.9,300.0,300.0,31.8,35.9,28.9,28.1,29.9,4.95,1.99,4.97,0.16,0.0,0.0,1027.0,8228.0,0.0,0.0,0.0,0.0,0.0,1.0,0.0,0.0,0.0,0.0,0.0,-1.5,0.0,1.0,0.0,0.0,16.0,25903.0
2026-07-30T19:03:23.030Z,372.513,372.528,0.0,7.4,0.0,0.0,0.0,0.0,0.0,0.0,0.0,0.0,1.0,0.0,0.0,0.0,9.0,4.0,0.0,0.0,0.0,0.0,0.0,0.0,0.0,0.0,1.0,12.0,1.0,12.18,5.01,2.51,1.49,0.0,0.0,0.0,361.3,0.0,0.9,0.1,-0.1,-169.70000000000002,0.0,0.0,169.8,0.0,21.700000000000003,28.9,28.9,30.9,300.0,300.0,31.8,35.9,28.9,28.1,29.9,4.96,1.99,4.96,0.16,0.0,0.0,1027.0,8228.0,0.0,0.0,0.0,0.0,0.0,1.0,0.0,0.0,0.0,0.0,0.0,0.0,0.0,0.1,0.0,0.0,16.0,25903.0
2026-07-30T19:03:23.042Z,372.525,372.54,0.0,7.4,0.0,0.0,0.0,0.0,0.0,0.0,0.0,0.0,1.0,0.0,0.0,0.0,9.0,4.0,0.0,0.0,0.0,0.0,0.0,0.0,0.0,0.0,2.0,12.0,1.0,12.18,5.01,2.51,1.49,0.0,0.0,0.0,361.3,0.0,0.3,1.3,0.4,-169.70000000000002,0.0,0.0,169.70000000000002,0.0,21.700000000000003,28.9,28.9,30.9,300.0,300.0,31.8,35.9,28.9,28.1,29.9,4.96,1.99,4.97,0.16,0.0,0.0,1027.0,8228.0,0.0,0.0,0.0,0.0,0.0,1.0,0.0,0.0,0.0,0.0,0.0,1.8,0.0,-0.1,0.0,0.0,16.0,25903.0
2026-07-30T19:03:23.053Z,372.536,372.552,0.0,7.4,0.0,0.0,0.0,0.0,0.0,0.0,0.0,0.0,1.0,0.0,0.0,0.0,9.0,4.0,0.0,0.0,0.0,0.0,0.0,0.0,0.0,0.0,3.0,12.0,1.0,12.18,5.01,2.51,1.49,0.0,0.0,0.0,361.3,0.0,-0.2,0.1,-0.7000000000000001,-169.70000000000002,0.0,0.0,169.70000000000002,0.0,21.700000000000003,28.9,28.9,30.9,300.0,300.0,31.8,35.9,28.9,28.1,29.9,4.95,1.99,4.97,0.16,0.0,0.0,1027.0,8228.0,0.0,0.0,0.0,0.0,0.0,1.0,0.0,0.0,0.0,0.0,0.0,-0.3,0.0,0.5,0.0,0.0,16.0,25903.0
2026-07-30T19:03:23.066Z,372.549,372.564,0.0,7.4,0.0,0.0,0.0,0.0,0.0,0.0,0.0,0.0,1.0,0.0,0.0,0.0,9.0,4.0,0.0,0.0,0.0,0.0,0.0,0.0,0.0,0.0,4.0,12.0,1.0,12.18,5.01,2.51,1.49,0.0,0.0,0.0,361.3,0.0,-0.8,-0.4,-0.1,-169.70000000000002,0.0,0.0,169.60000000000002,0.0,21.700000000000003,28.9,28.9,30.9,300.0,300.0,31.8,35.9,28.9,28.1,29.9,4.96,1.99,4.97,0.16,0.0,0.0,1027.0,8228.0,0.0,0.0,0.0,0.0,0.0,1.0,0.0,0.0,0.0,0.0,0.0,-1.0,0.0,0.5,0.0,0.0,16.0,25903.0
2026-07-30T19:03:23.077Z,372.56,372.576,0.0,7.4,0.0,0.0,0.0,0.0,0.0,0.0,0.0,0.0,1.0,0.0,0.0,0.0,9.0,4.0,0.0,0.0,0.0,0.0,0.0,0.0,0.0,0.0,5.0,12.0,1.0,12.18,5.01,2.51,1.49,0.0,0.0,0.0,361.3,0.0,0.3,-0.4,-0.1,-169.70000000000002,0.0,0.0,169.70000000000002,0.0,21.700000000000003,28.9,28.9,30.9,300.0,300.0,31.8,35.9,28.9,28.1,29.9,4.95,2.0,4.96,0.16,0.0,0.0,1027.0,8228.0,0.0,0.0,0.0,0.0,0.0,1.0,0.0,0.0,0.0,0.0,0.0,0.2,0.0,-0.9,0.0,0.0,16.0,25903.0
2026-07-30T19:03:23.091Z,372.574,372.588,0.0,7.4,0.0,0.0,0.0,0.0,0.0,0.0,0.0,0.0,1.0,0.0,0.0,0.0,9.0,4.0,0.0,0.0,0.0,0.0,0.0,0.0,0.0,0.0,6.0,12.0,1.0,12.15,5.0200000000000005,2.51,1.49,0.0,0.0,0.0,361.4,0.0,1.5,0.7000000000000001,-0.1,-169.70000000000002,0.0,0.0,169.70000000000002,0.0,21.3,28.9,28.9,30.9,300.0,300.0,31.8,35.9,28.8,28.1,29.9,4.95,1.99,4.97,0.17,0.0,0.0,1027.0,8228.0,0.0,0.0,0.0,0.0,0.0,1.0,0.0,0.0,0.0,0.0,0.0,1.8,0.0,-0.1,0.0,0.0,16.0,25903.0
2026-07-30T19:03:23.102Z,372.585,372.6,0.0,7.4,0.0,0.0,0.0,0.0,0.0,0.0,0.0,0.0,1.0,0.0,0.0,0.0,9.0,4.0,0.0,0.0,0.0,0.0,0.0,0.0,0.0,0.0,1.0,12.0,1.0,12.15,5.0200000000000005,2.51,1.49,0.0,0.0,0.0,361.3,0.0,-0.2,-0.4,-0.7000000000000001,-169.70000000000002,0.0,0.0,169.8,0.0,21.3,28.9,28.9,30.9,300.0,300.0,31.8,35.9,28.8,28.1,29.9,4.95,1.99,4.97,0.16,0.0,0.0,1027.0,8228.0,0.0,0.0,0.0,0.0,0.0,1.0,0.0,0.0,0.0,0.0,0.0,-1.0,0.0,0.5,0.0,0.0,16.0,25903.0
2026-07-30T19:03:23.113Z,372.596,372.612,0.0,7.4,0.0,0.0,0.0,0.0,0.0,0.0,0.0,0.0,1.0,0.0,0.0,0.0,9.0,4.0,0.0,0.0,0.0,0.0,0.0,0.0,0.0,0.0,3.0,12.0,1.0,12.15,5.0200000000000005,2.51,1.49,0.0,0.0,0.0,361.3,0.0,-0.2,0.1,0.4,-169.70000000000002,0.0,0.0,169.70000000000002,0.0,21.3,28.9,28.9,30.9,300.0,300.0,31.8,35.9,28.8,28.1,29.9,4.96,1.99,4.96,0.16,0.0,0.0,1027.0,8228.0,0.0,0.0,0.0,0.0,0.0,1.0,0.0,0.0,0.0,0.0,0.0,0.4,0.0,-0.3,0.0,0.0,16.0,25903.0
2026-07-30T19:03:23.125Z,372.608,372.624,0.0,7.4,0.0,0.0,0.0,0.0,0.0,0.0,0.0,0.0,1.0,0.0,0.0,0.0,9.0,4.0,0.0,0.0,0.0,0.0,0.0,0.0,0.0,0.0,4.0,12.0,1.0,12.15,5.0200000000000005,2.51,1.49,0.0,0.0,0.0,361.3,0.0,0.9,-0.4,-0.1,-169.70000000000002,0.0,0.0,169.70000000000002,0.0,21.3,28.9,28.9,30.9,300.0,300.0,31.8,35.9,28.8,28.1,29.9,4.95,1.99,4.97,0.16,0.0,0.0,1027.0,8228.0,0.0,0.0,0.0,0.0,0.0,1.0,0.0,0.0,0.0,0.0,0.0,-0.6000000000000001,0.0,0.0,0.0,0.0,16.0,25903.0
2026-07-30T19:03:23.137Z,372.62,372.636,0.0,7.4,0.0,0.0,0.0,0.0,0.0,0.0,0.0,0.0,1.0,0.0,0.0,0.0,9.0,4.0,0.0,0.0,0.0,0.0,0.0,0.0,0.0,0.0,5.0,12.0,1.0,12.15,5.0200000000000005,2.51,1.49,0.0,0.0,0.0,361.4,0.0,-0.2,0.6000000000000001,2.1,-169.70000000000002,0.0,0.0,169.70000000000002,0.0,21.3,28.9,28.9,30.9,300.0,300.0,31.8,35.9,28.8,28.1,29.9,4.95,1.99,4.96,0.16,0.0,0.0,1027.0,8228.0,0.0,0.0,0.0,0.0,0.0,1.0,0.0,0.0,0.0,0.0,0.0,2.3000000000000003,0.0,-1.7000000000000002,0.0,0.0,16.0,25903.0
2026-07-30T19:03:23.150Z,372.633,372.648,0.0,7.4,0.0,0.0,0.0,0.0,0.0,0.0,0.0,0.0,1.0,0.0,0.0,0.0,9.0,4.0,0.0,0.0,0.0,0.0,0.0,0.0,0.0,0.0,6.0,12.0,1.0,12.15,5.0200000000000005,2.51,1.49,0.0,0.0,0.0,361.4,0.0,0.3,0.0,-0.7000000000000001,-169.70000000000002,0.0,0.0,169.60000000000002,0.0,21.3,28.9,28.9,30.9,300.0,300.0,31.8,35.9,28.8,28.1,29.9,4.96,2.0,4.96,0.16,0.0,0.0,1027.0,8228.0,0.0,0.0,0.0,0.0,0.0,1.0,0.0,0.0,0.0,0.0,0.0,-0.4,0.0,0.7000000000000001,0.0,0.0,16.0,25903.0
2026-07-30T19:03:23.162Z,372.645,372.66,0.0,7.4,0.0,0.0,0.0,0.0,0.0,0.0,0.0,0.0,1.0,0.0,0.0,0.0,9.0,4.0,0.0,0.0,0.0,0.0,0.0,0.0,0.0,0.0,1.0,12.0,1.0,12.15,5.0200000000000005,2.51,1.49,0.0,0.0,0.0,361.3,0.0,-0.2,-1.0,-0.1,-169.70000000000002,0.0,0.0,169.60000000000002,0.0,21.3,28.9,28.9,30.9,300.0,300.0,31.8,35.9,28.8,28.1,29.9,4.95,2.0,4.96,0.16,0.0,0.0,1027.0,8228.0,0.0,0.0,0.0,0.0,0.0,1.0,0.0,0.0,0.0,0.0,0.0,-1.3,0.0,0.0,0.0,0.0,16.0,25903.0
2026-07-30T19:03:23.174Z,372.657,372.672,0.0,7.4,0.0,0.0,0.0,0.0,0.0,0.0,0.0,0.0,1.0,0.0,0.0,0.0,9.0,4.0,0.0,0.0,0.0,0.0,0.0,0.0,0.0,0.0,2.0,12.0,1.0,12.15,5.0200000000000005,2.51,1.49,0.0,0.0,0.0,361.4,0.0,0.9,1.2000000000000002,0.4,-169.70000000000002,0.0,0.0,169.70000000000002,0.0,21.3,28.9,28.9,30.9,300.0,300.0,31.8,35.9,28.8,28.1,29.9,4.95,1.99,4.97,0.16,0.0,0.0,1027.0,8228.0,0.0,0.0,0.0,0.0,0.0,1.0,0.0,0.0,0.0,0.0,0.0,1.8,0.0,-0.1,0.0,0.0,16.0,25903.0
2026-07-30T19:03:23.186Z,372.669,372.684,0.0,7.4,0.0,0.0,0.0,0.0,0.0,0.0,0.0,0.0,1.0,0.0,0.0,0.0,9.0,4.0,0.0,0.0,0.0,0.0,0.0,0.0,0.0,0.0,3.0,12.0,1.0,12.15,5.0200000000000005,2.51,1.49,0.0,0.0,0.0,361.3,0.0,-0.1,0.0,-0.6000000000000001,-169.70000000000002,0.0,0.0,169.70000000000002,0.0,21.3,28.9,28.9,30.9,300.0,300.0,31.8,35.9,28.8,28.1,29.9,4.95,1.99,4.96,0.16,0.0,0.0,1027.0,8228.0,0.0,0.0,0.0,0.0,0.0,1.0,0.0,0.0,0.0,0.0,0.0,-0.4,0.0,0.6000000000000001,0.0,0.0,16.0,25903.0
2026-07-30T19:03:23.198Z,372.681,372.696,0.0,7.4,0.0,0.0,0.0,0.0,0.0,0.0,0.0,0.0,1.0,0.0,0.0,0.0,9.0,4.0,0.0,0.0,0.0,0.0,0.0,0.0,0.0,0.0,4.0,12.0,1.0,12.14,5.0200000000000005,2.5,1.49,0.0,0.0,0.0,361.3,0.0,0.4,0.0,1.0,-169.70000000000002,0.0,0.0,169.8,0.0,21.700000000000003,28.9,28.9,30.9,300.0,300.0,31.8,35.9,28.8,28.0,29.9,4.96,1.99,4.96,0.16,0.0,0.0,1027.0,8228.0,0.0,0.0,0.0,0.0,0.0,1.0,0.0,0.0,0.0,0.0,0.0,0.8,0.0,-0.9,0.0,0.0,16.0,25903.0
2026-07-30T19:03:23.209Z,372.692,372.708,0.0,7.4,0.0,0.0,0.0,0.0,0.0,0.0,0.0,0.0,1.0,0.0,0.0,0.0,9.0,4.0,0.0,0.0,0.0,0.0,0.0,0.0,0.0,0.0,6.0,12.0,1.0,12.14,5.0200000000000005,2.5,1.49,0.0,0.0,0.0,361.2000000000001,0.0,-0.7000000000000001,-1.1,-0.7000000000000001,-169.70000000000002,0.0,0.0,169.70000000000002,0.0,21.700000000000003,28.9,28.9,30.9,300.0,300.0,31.8,35.9,28.8,28.0,29.9,4.95,1.99,4.97,0.16,0.0,0.0,1027.0,8228.0,0.0,0.0,0.0,0.0,0.0,1.0,0.0,0.0,0.0,0.0,0.0,-1.8,0.0,0.4,0.0,0.0,16.0,25903.0
2026-07-30T19:03:23.222Z,372.705,372.72,0.0,7.4,0.0,0.0,0.0,0.0,0.0,0.0,0.0,0.0,1.0,0.0,0.0,0.0,9.0,4.0,0.0,0.0,0.0,0.0,0.0,0.0,0.0,0.0,1.0,12.0,1.0,12.14,5.0200000000000005,2.5,1.49,0.0,0.0,0.0,361.3,0.0,0.4,0.0,-0.1,-169.70000000000002,0.0,0.0,169.70000000000002,0.0,21.700000000000003,28.9,28.9,30.9,300.0,300.0,31.8,35.9,28.8,28.0,29.9,4.96,1.99,4.97,0.16,0.0,0.0,1027.0,8228.0,0.0,0.0,0.0,0.0,0.0,1.0,0.0,0.0,0.0,0.0,0.0,0.0,0.0,0.1,0.0,0.0,16.0,25903.0
2026-07-30T19:03:23.233Z,372.716,372.732,0.0,7.4,0.0,0.0,0.0,0.0,0.0,0.0,0.0,0.0,1.0,0.0,0.0,0.0,9.0,4.0,0.0,0.0,0.0,0.0,0.0,0.0,0.0,0.0,2.0,12.0,1.0,12.14,5.0200000000000005,2.5,1.49,0.0,0.0,0.0,361.3,0.0,1.0,0.6000000000000001,0.4,-169.70000000000002,0.0,0.0,169.60000000000002,0.0,21.700000000000003,28.9,28.9,30.9,300.0,300.0,31.8,35.9,28.8,28.0,29.9,4.96,1.99,4.96,0.16,0.0,0.0,1027.0,8228.0,0.0,0.0,0.0,0.0,0.0,1.0,0.0,0.0,0.0,0.0,0.0,1.0,0.0,-0.2,0.0,0.0,16.0,25903.0
2026-07-30T19:03:23.246Z,372.729,372.744,0.0,7.4,0.0,0.0,0.0,0.0,0.0,0.0,0.0,0.0,1.0,0.0,0.0,0.0,9.0,4.0,0.0,0.0,0.0,0.0,0.0,0.0,0.0,0.0,3.0,12.0,1.0,12.14,5.0200000000000005,2.5,1.49,0.0,0.0,0.0,361.4,0.0,0.4,0.0,0.4,-169.70000000000002,0.0,0.0,169.70000000000002,0.0,21.700000000000003,28.9,28.9,30.9,300.0,300.0,31.8,35.9,28.8,28.0,29.9,4.96,1.99,4.96,0.16,0.0,0.0,1027.0,8228.0,0.0,0.0,0.0,0.0,0.0,1.0,0.0,0.0,0.0,0.0,0.0,0.4,0.0,-0.3,0.0,0.0,16.0,25903.0
2026-07-30T19:03:23.258Z,372.741,372.756,0.0,7.4,0.0,0.0,0.0,0.0,0.0,0.0,0.0,0.0,1.0,0.0,0.0,0.0,9.0,4.0,0.0,0.0,0.0,0.0,0.0,0.0,0.0,0.0,5.0,12.0,1.0,12.14,5.0200000000000005,2.5,1.49,0.0,0.0,0.0,361.4,0.0,0.4,0.6000000000000001,0.9,-169.70000000000002,0.0,0.0,169.70000000000002,0.0,21.700000000000003,28.9,28.9,30.9,300.0,300.0,31.8,35.9,28.8,28.0,29.9,4.95,1.99,4.97,0.16,0.0,0.0,1027.0,8228.0,0.0,0.0,0.0,0.0,0.0,1.0,0.0,0.0,0.0,0.0,0.0,1.5,0.0,-0.7000000000000001,0.0,0.0,16.0,25903.0
2026-07-30T19:03:23.270Z,372.753,372.768,0.0,7.4,0.0,0.0,0.0,0.0,0.0,0.0,0.0,0.0,1.0,0.0,0.0,0.0,9.0,4.0,0.0,0.0,0.0,0.0,0.0,0.0,0.0,0.0,5.0,12.0,1.0,12.14,5.0200000000000005,2.5,1.49,0.0,0.0,0.0,361.3,0.0,-0.7000000000000001,-1.0,-0.7000000000000001,-169.70000000000002,0.0,0.0,169.8,0.0,21.700000000000003,28.9,28.9,30.9,300.0,300.0,31.8,35.9,28.8,28.0,29.9,4.95,2.0,4.96,0.16,0.0,0.0,1027.0,8228.0,0.0,0.0,0.0,0.0,0.0,1.0,0.0,0.0,0.0,0.0,0.0,-1.7000000000000002,0.0,0.4,0.0,0.0,16.0,25903.0
2026-07-30T19:03:23.282Z,372.765,372.78,0.0,7.4,0.0,0.0,0.0,0.0,0.0,0.0,0.0,0.0,1.0,0.0,0.0,0.0,9.0,4.0,0.0,0.0,0.0,0.0,0.0,0.0,0.0,0.0,1.0,12.0,1.0,12.14,5.0200000000000005,2.5,1.49,0.0,0.0,0.0,361.4,0.0,-0.7000000000000001,0.1,0.4,-169.70000000000002,0.0,0.0,169.70000000000002,0.0,21.700000000000003,28.9,28.9,30.9,300.0,300.0,31.8,35.9,28.8,28.0,29.9,4.95,1.99,4.97,0.16,0.0,0.0,1027.0,8228.0,0.0,0.0,0.0,0.0,0.0,1.0,0.0,0.0,0.0,0.0,0.0,0.4,0.0,-0.3,0.0,0.0,16.0,25903.0
2026-07-30T19:03:23.295Z,372.778,372.792,0.0,7.4,0.0,0.0,0.0,0.0,0.0,0.0,0.0,0.0,1.0,0.0,0.0,0.0,9.0,4.0,0.0,0.0,0.0,0.0,0.0,0.0,0.0,0.0,2.0,12.0,1.0,12.2,5.0200000000000005,2.5,1.5,0.0,0.0,0.0,361.4,0.0,0.4,1.3,0.4,-169.70000000000002,0.0,0.0,169.70000000000002,0.0,21.200000000000003,28.9,28.9,30.9,300.0,300.0,31.8,35.800000000000004,28.8,28.0,29.9,4.95,1.99,4.97,0.16,0.0,0.0,1027.0,8228.0,0.0,0.0,0.0,0.0,0.0,1.0,0.0,0.0,0.0,0.0,0.0,1.8,0.0,-0.1,0.0,0.0,16.0,25903.0
2026-07-30T19:03:23.305Z,372.788,372.804,0.0,7.4,0.0,0.0,0.0,0.0,0.0,0.0,0.0,0.0,1.0,0.0,0.0,0.0,9.0,4.0,0.0,0.0,0.0,0.0,0.0,0.0,0.0,0.0,3.0,12.0,1.0,12.2,5.0200000000000005,2.5,1.5,0.0,0.0,0.0,361.3,0.0,-0.7000000000000001,-1.0,0.4,-169.70000000000002,0.0,0.0,169.8,0.0,21.200000000000003,28.9,28.9,30.9,300.0,300.0,31.8,35.800000000000004,28.8,28.0,29.9,4.96,1.99,4.96,0.16,0.0,0.0,1027.0,8228.0,0.0,0.0,0.0,0.0,0.0,1.0,0.0,0.0,0.0,0.0,0.0,-0.8,0.0,-0.5,0.0,0.0,16.0,25903.0
2026-07-30T19:03:23.317Z,372.8,372.816,0.0,7.4,0.0,0.0,0.0,0.0,0.0,0.0,0.0,0.0,1.0,0.0,0.0,0.0,9.0,4.0,0.0,0.0,0.0,0.0,0.0,0.0,0.0,0.0,4.0,12.0,1.0,12.2,5.0200000000000005,2.5,1.5,-0.1,0.0,0.0,361.4,0.0,0.9,-0.4,0.9,-169.70000000000002,0.0,0.0,169.8,0.0,21.200000000000003,28.9,28.9,30.9,300.0,300.0,31.8,35.800000000000004,28.8,28.0,29.9,4.95,1.99,4.97,0.16,0.0,0.0,1027.0,8228.0,0.0,0.0,0.0,0.0,0.0,1.0,0.0,0.0,0.0,0.0,0.0,0.2,0.0,-0.9,0.0,0.0,16.0,25903.0
2026-07-30T19:03:23.329Z,372.812,372.828,0.0,7.4,0.0,0.0,0.0,0.0,0.0,0.0,0.0,0.0,1.0,0.0,0.0,0.0,9.0,4.0,0.0,0.0,0.0,0.0,0.0,0.0,0.0,0.0,5.0,12.0,1.0,12.2,5.0200000000000005,2.5,1.5,0.0,0.0,0.0,361.3,0.0,0.3,-0.4,0.4,-169.70000000000002,0.0,0.0,169.8,0.0,21.200000000000003,28.9,28.9,30.9,300.0,300.0,31.8,35.800000000000004,28.8,28.0,29.9,4.95,1.99,4.96,0.16,0.0,0.0,1027.0,8228.0,0.0,0.0,0.0,0.0,0.0,1.0,0.0,0.0,0.0,0.0,0.0,-0.1,0.0,-0.4,0.0,0.0,16.0,25903.0
2026-07-30T19:03:23.341Z,372.824,372.84,0.0,7.4,0.0,0.0,0.0,0.0,0.0,0.0,0.0,0.0,1.0,0.0,0.0,0.0,9.0,4.0,0.0,0.0,0.0,0.0,0.0,0.0,0.0,0.0,6.0,12.0,1.0,12.2,5.0200000000000005,2.5,1.5,0.0,0.0,0.0,361.4,0.0,0.3,-1.0,-0.1,-169.70000000000002,0.0,0.0,169.8,0.0,21.200000000000003,28.9,28.9,30.9,300.0,300.0,31.8,35.800000000000004,28.8,28.0,29.9,4.95,2.0,4.96,0.16,0.0,0.0,1027.0,8228.0,0.0,0.0,0.0,0.0,0.0,1.0,0.0,0.0,0.0,0.0,0.0,-1.3,0.0,0.0,0.0,0.0,16.0,25903.0
2026-07-30T19:03:23.354Z,372.837,372.852,0.0,7.4,0.0,0.0,0.0,0.0,0.0,0.0,0.0,0.0,1.0,0.0,0.0,0.0,9.0,4.0,0.0,0.0,0.0,0.0,0.0,0.0,0.0,0.0,1.0,12.0,1.0,12.2,5.0200000000000005,2.5,1.5,0.0,0.0,0.0,361.4,0.0,0.3,-0.4,-0.1,-169.70000000000002,0.0,0.0,169.70000000000002,0.0,21.200000000000003,28.9,28.9,30.9,300.0,300.0,31.8,35.800000000000004,28.8,28.0,29.9,4.96,2.0,4.96,0.16,0.0,0.0,1027.0,8228.0,0.0,0.0,0.0,0.0,0.0,1.0,0.0,0.0,0.0,0.0,0.0,-0.6000000000000001,0.0,0.0,0.0,0.0,16.0,25903.0
2026-07-30T19:03:23.366Z,372.849,372.864,0.0,7.4,0.0,0.0,0.0,0.0,0.0,0.0,0.0,0.0,1.0,0.0,0.0,0.0,9.0,4.0,0.0,0.0,0.0,0.0,0.0,0.0,0.0,0.0,3.0,12.0,1.0,12.2,5.0200000000000005,2.5,1.5,0.0,0.0,0.0,361.4,0.0,0.9,0.7000000000000001,-0.7000000000000001,-169.70000000000002,0.0,0.0,169.70000000000002,0.0,21.200000000000003,28.9,28.9,30.9,300.0,300.0,31.8,35.800000000000004,28.8,28.0,29.9,4.95,1.99,4.97,0.16,0.0,0.0,1027.0,8228.0,0.0,0.0,0.0,0.0,0.0,1.0,0.0,0.0,0.0,0.0,0.0,0.2,0.0,0.8,0.0,0.0,16.0,25903.0
2026-07-30T19:03:23.377Z,372.86,372.876,0.0,7.4,0.0,0.0,0.0,0.0,0.0,0.0,0.0,0.0,1.0,0.0,0.0,0.0,9.0,4.0,0.0,0.0,0.0,0.0,0.0,0.0,0.0,0.0,4.0,12.0,1.0,12.2,5.0200000000000005,2.5,1.5,0.0,0.0,0.0,361.3,0.0,0.4,0.1,1.5,-169.70000000000002,0.0,0.0,169.8,0.0,21.200000000000003,28.9,28.9,30.9,300.0,300.0,31.8,35.800000000000004,28.8,28.0,29.9,4.95,1.99,4.97,0.16,0.0,0.0,1027.0,8228.0,0.0,0.0,0.0,0.0,0.0,1.0,0.0,0.0,0.0,0.0,0.0,1.3,0.0,-1.3,0.0,0.0,16.0,25903.0
2026-07-30T19:03:23.389Z,372.872,372.888,0.0,7.4,0.0,0.0,0.0,0.0,0.0,0.0,0.0,0.0,1.0,0.0,0.0,0.0,9.0,4.0,0.0,0.0,0.0,0.0,0.0,0.0,0.0,0.0,5.0,12.0,1.0,12.2,5.0200000000000005,2.5,1.5,0.0,0.0,0.0,361.3,0.0,0.4,-0.4,-0.1,-169.70000000000002,0.0,0.0,169.8,0.0,21.200000000000003,28.9,28.9,30.9,300.0,300.0,31.8,35.800000000000004,28.8,28.0,29.9,4.96,2.0,4.97,0.16,0.0,0.0,1027.0,8228.0,0.0,0.0,0.0,0.0,0.0,1.0,0.0,0.0,0.0,0.0,0.0,-0.6000000000000001,0.0,0.0,0.0,0.0,16.0,25903.0
2026-07-30T19:03:23.402Z,372.885,372.9,0.0,7.4,0.0,0.0,0.0,0.0,0.0,0.0,0.0,0.0,1.0,0.0,0.0,0.0,9.0,4.0,0.0,0.0,0.0,0.0,0.0,0.0,0.0,0.0,6.0,12.0,1.0,12.17,5.01,2.51,1.49,0.0,0.0,0.0,361.4,0.0,-0.7000000000000001,-1.0,0.9,-169.70000000000002,0.0,0.0,169.70000000000002,0.0,22.200000000000003,28.9,28.9,30.9,300.0,300.0,31.8,35.9,28.8,28.0,29.9,4.95,2.0,4.96,0.16,0.0,0.0,1027.0,8228.0,0.0,0.0,0.0,0.0,0.0,1.0,0.0,0.0,0.0,0.0,0.0,-0.4,0.0,-1.0,0.0,0.0,16.0,25903.0
2026-07-30T19:03:23.414Z,372.897,372.912,0.0,7.4,0.0,0.0,0.0,0.0,0.0,0.0,0.0,0.0,1.0,0.0,0.0,0.0,9.0,4.0,0.0,0.0,0.0,0.0,0.0,0.0,0.0,0.0,1.0,12.0,1.0,12.17,5.01,2.51,1.49,0.0,0.0,0.0,361.4,0.0,0.3,1.3,0.9,-169.70000000000002,0.0,0.0,169.60000000000002,0.0,22.200000000000003,28.9,28.9,30.9,300.0,300.0,31.8,35.9,28.8,28.0,29.9,4.95,1.99,4.97,0.16,0.0,0.0,1027.0,8228.0,0.0,0.0,0.0,0.0,0.0,1.0,0.0,0.0,0.0,0.0,0.0,2.2,0.0,-0.5,0.0,0.0,16.0,25903.0
2026-07-30T19:03:23.426Z,372.909,372.924,0.0,7.4,0.0,0.0,0.0,0.0,0.0,0.0,0.0,0.0,1.0,0.0,0.0,0.0,9.0,4.0,0.0,0.0,0.0,0.0,0.0,0.0,0.0,0.0,2.0,12.0,1.0,12.17,5.01,2.51,1.49,0.0,0.1,0.0,361.3,0.0,-0.2,-0.4,0.3,-169.70000000000002,0.0,0.0,169.70000000000002,0.0,22.200000000000003,28.9,28.9,30.9,300.0,300.0,31.8,35.9,28.8,28.0,29.9,4.95,1.99,4.96,0.16,0.0,0.0,1027.0,8228.0,0.0,0.0,0.0,0.0,0.0,1.0,0.0,0.0,0.0,0.0,0.0,-0.2,0.0,-0.4,0.0,0.0,16.0,25903.0
2026-07-30T19:03:23.437Z,372.92,372.936,0.0,7.4,0.0,0.0,0.0,0.0,0.0,0.0,0.0,0.0,1.0,0.0,0.0,0.0,9.0,4.0,0.0,0.0,0.0,0.0,0.0,0.0,0.0,0.0,4.0,12.0,1.0,12.17,5.01,2.51,1.49,0.0,0.0,0.0,361.3,0.0,0.9,0.7000000000000001,0.3,-169.70000000000002,0.0,0.0,169.70000000000002,0.0,22.200000000000003,28.9,28.9,30.9,300.0,300.0,31.8,35.9,28.8,28.0,29.9,4.96,1.99,4.96,0.16,0.0,0.0,1027.0,8228.0,0.0,0.0,0.0,0.0,0.0,1.0,0.0,0.0,0.0,0.0,0.0,1.1,0.0,-0.1,0.0,0.0,16.0,25903.0
2026-07-30T19:03:23.449Z,372.932,372.948,0.0,7.4,0.0,0.0,0.0,0.0,0.0,0.0,0.0,0.0,1.0,0.0,0.0,0.0,9.0,4.0,0.0,0.0,0.0,0.0,0.0,0.0,0.0,0.0,5.0,12.0,1.0,12.17,5.01,2.51,1.49,0.0,0.0,0.0,361.3,0.0,-0.2,0.7000000000000001,0.3,-169.70000000000002,0.0,0.0,169.8,0.0,22.200000000000003,28.9,28.9,30.9,300.0,300.0,31.8,35.9,28.8,28.0,29.9,4.95,1.99,4.97,0.16,0.0,0.0,1027.0,8228.0,0.0,0.0,0.0,0.0,0.0,1.0,0.0,0.0,0.0,0.0,0.0,1.1,0.0,-0.1,0.0,0.0,16.0,25903.0
2026-07-30T19:03:23.461Z,372.944,372.96,0.0,7.4,0.0,0.0,0.0,0.0,0.0,0.0,0.0,0.0,1.0,0.0,0.0,0.0,9.0,4.0,0.0,0.0,0.0,0.0,0.0,0.0,0.0,0.0,6.0,12.0,1.0,12.17,5.01,2.51,1.49,0.0,0.0,0.0,361.3,0.0,0.3,-0.3,-0.7000000000000001,-169.70000000000002,0.0,0.0,169.8,0.0,22.200000000000003,28.9,28.9,30.9,300.0,300.0,31.8,35.9,28.8,28.0,29.9,4.96,1.99,4.96,0.16,0.0,0.0,1027.0,8228.0,0.0,0.0,0.0,0.0,0.0,1.0,0.0,0.0,0.0,0.0,0.0,-1.0,0.0,0.5,0.0,0.0,16.0,25903.0
2026-07-30T19:03:23.473Z,372.956,372.972,0.0,7.4,0.0,0.0,0.0,0.0,0.0,0.0,0.0,0.0,1.0,0.0,0.0,0.0,9.0,4.0,0.0,0.0,0.0,0.0,0.0,0.0,0.0,0.0,1.0,12.0,1.0,12.17,5.01,2.51,1.49,0.0,0.0,0.0,361.4,0.0,0.3,1.3,0.4,-169.70000000000002,0.0,0.0,169.8,0.0,22.200000000000003,28.9,28.9,30.9,300.0,300.0,31.8,35.9,28.8,28.0,29.9,4.96,1.99,4.96,0.16,0.0,0.0,1027.0,8228.0,0.0,0.0,0.0,0.0,0.0,1.0,0.0,0.0,0.0,0.0,0.0,1.8,0.0,-0.1,0.0,0.0,16.0,25903.0
2026-07-30T19:03:23.486Z,372.969,372.984,0.0,7.4,0.0,0.0,0.0,0.0,0.0,0.0,0.0,0.0,1.0,0.0,0.0,0.0,9.0,4.0,0.0,0.0,0.0,0.0,0.0,0.0,0.0,0.0,2.0,12.0,1.0,12.17,5.01,2.51,1.49,0.0,0.0,0.0,361.4,0.0,0.3,-0.3,0.4,-169.70000000000002,0.0,0.0,169.70000000000002,0.0,22.200000000000003,28.9,28.9,30.9,300.0,300.0,31.8,35.9,28.8,28.0,29.9,4.95,1.99,4.96,0.16,0.0,0.0,1027.0,8228.0,0.0,0.0,0.0,0.0,0.0,1.0,0.0,0.0,0.0,0.0,0.0,0.0,0.0,-0.4,0.0,0.0,16.0,25903.0
2026-07-30T19:03:23.499Z,372.982,372.996,0.0,7.4,0.0,0.0,0.0,0.0,0.0,0.0,0.0,0.0,1.0,0.0,0.0,0.0,9.0,4.0,0.0,0.0,0.0,0.0,0.0,0.0,0.0,0.0,4.0,12.0,1.0,12.17,5.01,2.51,1.49,0.0,0.1,0.0,361.3,0.0,-0.7000000000000001,-0.3,-0.1,-169.70000000000002,0.0,0.0,169.70000000000002,0.0,21.3,28.9,28.9,30.9,300.0,300.0,31.8,35.9,28.8,28.0,29.9,4.95,1.99,4.97,0.16,0.0,0.0,1027.0,8228.0,0.0,0.0,0.0,0.0,0.0,1.0,0.0,0.0,0.0,0.0,0.0,-0.4,0.0,0.0,0.0,0.0,16.0,25903.0
2026-07-30T19:03:23.510Z,372.993,373.008,0.0,7.4,0.0,0.0,0.0,0.0,0.0,0.0,0.0,0.0,1.0,0.0,0.0,0.0,9.0,4.0,0.0,0.0,0.0,0.0,0.0,0.0,0.0,0.0,4.0,12.0,1.0,12.17,5.01,2.51,1.49,0.0,0.1,0.0,361.3,0.0,0.4,-0.3,-0.6000000000000001,-169.70000000000002,0.0,0.0,169.70000000000002,0.0,21.3,28.9,28.9,30.9,300.0,300.0,31.8,35.9,28.8,28.0,29.9,4.95,1.99,4.96,0.16,0.0,0.0,1027.0,8228.0,0.0,0.0,0.0,0.0,0.0,1.0,0.0,0.0,0.0,0.0,0.0,-0.8,0.0,0.4,0.0,0.0,16.0,25903.0
2026-07-30T19:03:23.521Z,373.004,373.02,0.0,7.4,0.0,0.0,0.0,0.0,0.0,0.0,0.0,0.0,1.0,0.0,0.0,0.0,9.0,4.0,0.0,0.0,0.0,0.0,0.0,0.0,0.0,0.0,6.0,12.0,1.0,12.17,5.01,2.51,1.49,0.0,0.0,0.0,361.4,0.0,0.9,0.2,1.1,-169.70000000000002,0.0,0.0,169.8,0.0,21.3,28.9,28.9,30.9,300.0,300.0,31.8,35.9,28.8,28.0,29.9,4.95,1.99,4.97,0.16,0.0,0.0,1027.0,8228.0,0.0,0.0,0.0,0.0,0.0,1.0,0.0,0.0,0.0,0.0,0.0,1.0,0.0,-0.9,0.0,0.0,16.0,25903.0
2026-07-30T19:03:23.534Z,373.017,373.032,0.0,7.4,0.0,0.0,0.0,0.0,0.0,0.0,0.0,0.0,1.0,0.0,0.0,0.0,9.0,4.0,0.0,0.0,0.0,0.0,0.0,0.0,0.0,0.0,1.0,12.0,1.0,12.17,5.01,2.51,1.49,0.0,0.0,0.0,361.3,0.0,0.9,0.8,0.0,-169.70000000000002,0.0,0.0,169.8,0.0,21.3,28.9,28.9,30.9,300.0,300.0,31.8,35.9,28.8,28.0,29.9,4.95,1.99,4.97,0.16,0.0,0.0,1027.0,8228.0,0.0,0.0,0.0,0.0,0.0,1.0,0.0,0.0,0.0,0.0,0.0,0.8,0.0,0.1,0.0,0.0,16.0,25903.0
2026-07-30T19:03:23.546Z,373.029,373.044,0.0,7.4,0.0,0.0,0.0,0.0,0.0,0.0,0.0,0.0,1.0,0.0,0.0,0.0,9.0,4.0,0.0,0.0,0.0,0.0,0.0,0.0,0.0,0.0,2.0,12.0,1.0,12.17,5.01,2.51,1.49,0.0,0.0,0.0,361.3,0.0,0.3,0.7000000000000001,-0.6000000000000001,-169.70000000000002,0.0,0.0,169.8,0.0,21.3,28.9,28.9,30.9,300.0,300.0,31.8,35.9,28.8,28.0,29.9,4.96,1.99,4.96,0.16,0.0,0.0,1027.0,8228.0,0.0,0.0,0.0,0.0,0.0,1.0,0.0,0.0,0.0,0.0,0.0,0.3,0.0,0.7000000000000001,0.0,0.0,16.0,25903.0
2026-07-30T19:03:23.558Z,373.041,373.056,0.0,7.4,0.0,0.0,0.0,0.0,0.0,0.0,0.0,0.0,1.0,0.0,0.0,0.0,9.0,4.0,0.0,0.0,0.0,0.0,0.0,0.0,0.0,0.0,4.0,12.0,1.0,12.17,5.01,2.51,1.49,0.0,0.0,0.0,361.3,0.0,-0.2,-1.0,1.6,-169.70000000000002,0.0,0.0,169.70000000000002,0.0,21.3,28.9,28.9,30.9,300.0,300.0,31.8,35.9,28.8,28.0,29.9,4.95,1.99,4.96,0.16,0.0,0.0,1027.0,8228.0,0.0,0.0,0.0,0.0,0.0,1.0,0.0,0.0,0.0,0.0,0.0,0.0,0.0,-1.6,0.0,0.0,16.0,25903.0
2026-07-30T19:03:23.570Z,373.053,373.068,0.0,7.4,0.0,0.0,0.0,0.0,0.0,0.0,0.0,0.0,1.0,0.0,0.0,0.0,9.0,4.0,0.0,0.0,0.0,0.0,0.0,0.0,0.0,0.0,4.0,12.0,1.0,12.17,5.01,2.51,1.49,0.0,0.0,0.0,361.4,0.0,-0.2,0.6000000000000001,0.0,-169.70000000000002,0.0,0.0,169.70000000000002,0.0,21.3,28.9,28.9,30.9,300.0,300.0,31.8,35.9,28.8,28.0,29.9,4.95,1.99,4.97,0.16,0.0,0.0,1027.0,8228.0,0.0,0.0,0.0,0.0,0.0,1.0,0.0,0.0,0.0,0.0,0.0,-1.4,0.0,1.0,0.0,0.0,16.0,25903.0
2026-07-30T19:03:23.582Z,373.065,373.08,0.0,7.4,0.0,0.0,0.0,0.0,0.0,0.0,0.0,0.0,1.0,0.0,0.0,0.0,9.0,4.0,0.0,0.0,0.0,0.0,0.0,0.0,0.0,0.0,5.0,12.0,1.0,12.17,5.01,2.51,1.49,0.0,0.0,0.0,361.4,0.0,-0.8,-0.4,-1.8,-169.70000000000002,0.0,0.0,169.70000000000002,0.0,21.3,28.9,28.9,30.9,300.0,300.0,31.8,35.9,28.8,28.0,29.9,4.95,1.99,4.97,0.16,0.0,0.0,1027.0,8228.0,0.0,0.0,0.0,0.0,0.0,1.0,0.0,0.0,0.0,0.0,0.0,-0.7000000000000001,0.0,1.1,0.0,0.0,16.0,25903.0
2026-07-30T19:03:23.593Z,373.076,373.092,0.0,7.4,0.0,0.0,0.0,0.0,0.0,0.0,0.0,0.0,1.0,0.0,0.0,0.0,9.0,4.0,0.0,0.0,0.0,0.0,0.0,0.0,0.0,0.0,6.0,12.0,1.0,12.17,5.01,2.51,1.49,0.0,0.0,0.0,361.3,0.0,0.3,0.1,1.6,-169.70000000000002,0.0,0.0,169.70000000000002,0.0,21.3,28.9,28.9,30.9,300.0,300.0,31.8,35.9,28.8,28.0,29.9,4.96,1.99,4.96,0.16,0.0,0.0,1027.0,8228.0,0.0,0.0,0.0,0.0,0.0,1.0,0.0,0.0,0.0,0.0,0.0,0.0,0.0,0.0,0.0,0.0,16.0,25903.0
2026-07-30T19:03:23.605Z,373.088,373.104,0.0,7.4,0.0,0.0,0.0,0.0,0.0,0.0,0.0,0.0,1.0,0.0,0.0,0.0,9.0,4.0,0.0,0.0,0.0,0.0,0.0,0.0,0.0,0.0,1.0,12.0,1.0,12.14,5.0200000000000005,2.51,1.49,0.0,0.0,0.0,361.3,0.0,0.3,0.1,0.0,-169.70000000000002,0.0,0.0,169.70000000000002,0.0,21.4,28.9,28.9,30.9,300.0,300.0,31.700000000000003,35.9,28.8,28.1,29.9,4.95,1.99,4.97,0.16,0.0,0.0,1027.0,8228.0,0.0,0.0,0.0,0.0,0.0,1.0,0.0,0.0,0.0,0.0,0.0,-1.2000000000000002,0.0,-0.1,0.0,0.0,16.0,25903.0
2026-07-30T19:03:23.618Z,373.101,373.116,0.0,7.4,0.0,0.0,0.0,0.0,0.0,0.0,0.0,0.0,1.0,0.0,0.0,0.0,9.0,4.0,0.0,0.0,0.0,0.0,0.0,0.0,0.0,0.0,2.0,12.0,1.0,12.14,5.0200000000000005,2.51,1.49,0.0,0.0,0.0,361.4,0.0,-1.4,0.1,0.0,-169.70000000000002,0.0,0.0,169.70000000000002,0.0,21.4,28.9,28.9,30.9,300.0,300.0,31.700000000000003,35.9,28.8,28.1,29.9,4.95,1.99,4.97,0.16,0.0,0.0,1027.0,8228.0,0.0,0.0,0.0,0.0,0.0,1.0,0.0,0.0,0.0,0.0,0.0,0.0,0.0,0.0,0.0,0.0,16.0,25903.0
2026-07-30T19:03:23.629Z,373.112,373.128,0.0,7.4,0.0,0.0,0.0,0.0,0.0,0.0,0.0,0.0,1.0,0.0,0.0,0.0,9.0,4.0,0.0,0.0,0.0,0.0,0.0,0.0,0.0,0.0,3.0,12.0,1.0,12.14,5.0200000000000005,2.51,1.49,0.0,0.0,0.0,361.3,0.0,0.8,0.6000000000000001,1.0,-169.70000000000002,0.0,0.0,169.8,0.0,21.4,28.9,28.9,30.9,300.0,300.0,31.700000000000003,35.9,28.8,28.1,29.9,4.96,1.99,4.97,0.16,0.0,0.0,1027.0,8228.0,0.0,0.0,0.0,0.0,0.0,1.0,0.0,0.0,0.0,0.0,0.0,1.5,0.0,-0.8,0.0,0.0,16.0,25903.0
2026-07-30T19:03:23.642Z,373.125,373.14,0.0,7.4,0.0,0.0,0.0,0.0,0.0,0.0,0.0,0.0,1.0,0.0,0.0,0.0,9.0,4.0,0.0,0.0,0.0,0.0,0.0,0.0,0.0,0.0,4.0,12.0,1.0,12.14,5.0200000000000005,2.51,1.49,0.0,0.0,0.0,361.3,0.0,-0.2,0.0,0.0,-169.70000000000002,0.0,0.0,169.60000000000002,0.0,21.4,28.9,28.9,30.9,300.0,300.0,31.700000000000003,35.9,28.8,28.1,29.9,4.95,1.99,4.97,0.16,0.0,0.0,1027.0,8228.0,0.0,0.0,0.0,0.0,0.0,1.0,0.0,0.0,0.0,0.0,0.0,0.0,0.0,0.0,0.0,0.0,16.0,25903.0
2026-07-30T19:03:23.653Z,373.136,373.152,0.0,7.4,0.0,0.0,0.0,0.0,0.0,0.0,0.0,0.0,1.0,0.0,0.0,0.0,9.0,4.0,0.0,0.0,0.0,0.0,0.0,0.0,0.0,0.0,6.0,12.0,1.0,12.14,5.0200000000000005,2.51,1.49,0.0,0.1,0.0,361.3,0.0,-0.2,-1.1,0.5,-169.70000000000002,0.0,0.0,169.60000000000002,0.0,21.4,28.9,28.9,30.9,300.0,300.0,31.700000000000003,35.9,28.8,28.1,29.9,4.95,1.99,4.97,0.16,0.0,0.0,1027.0,8228.0,0.0,0.0,0.0,0.0,0.0,1.0,0.0,0.0,0.0,0.0,0.0,-0.8,0.0,-0.7000000000000001,0.0,0.0,16.0,25903.0
2026-07-30T19:03:23.666Z,373.149,373.164,0.0,7.4,0.0,0.0,0.0,0.0,0.0,0.0,0.0,0.0,1.0,0.0,0.0,0.0,9.0,4.0,0.0,0.0,0.0,0.0,0.0,0.0,0.0,0.0,1.0,12.0,1.0,12.14,5.0200000000000005,2.51,1.49,0.0,0.0,0.0,361.3,0.0,0.3,-0.4,0.5,-169.70000000000002,0.0,0.0,169.70000000000002,0.0,21.4,28.9,28.9,30.9,300.0,300.0,31.700000000000003,35.9,28.8,28.1,29.9,4.95,1.99,4.96,0.16,0.0,0.0,1027.0,8228.0,0.0,0.0,0.0,0.0,0.0,1.0,0.0,0.0,0.0,0.0,0.0,-0.1,0.0,-0.5,0.0,0.0,16.0,25903.0
2026-07-30T19:03:23.678Z,373.161,373.176,0.0,7.4,0.0,0.0,0.0,0.0,0.0,0.0,0.0,0.0,1.0,0.0,0.0,0.0,9.0,4.0,0.0,0.0,0.0,0.0,0.0,0.0,0.0,0.0,1.0,12.0,1.0,12.14,5.0200000000000005,2.51,1.49,0.0,0.1,0.0,361.4,0.0,0.9,1.2000000000000002,0.0,-169.70000000000002,0.0,0.0,169.8,0.0,21.4,28.9,28.9,30.9,300.0,300.0,31.700000000000003,35.9,28.8,28.1,29.9,4.95,1.99,4.96,0.16,0.0,0.0,1027.0,8228.0,0.0,0.0,0.0,0.0,0.0,1.0,0.0,0.0,0.0,0.0,0.0,1.4,0.0,0.2,0.0,0.0,16.0,25903.0
2026-07-30T19:03:23.689Z,373.172,373.188,0.0,7.4,0.0,0.0,0.0,0.0,0.0,0.0,0.0,0.0,1.0,0.0,0.0,0.0,9.0,4.0,0.0,0.0,0.0,0.0,0.0,0.0,0.0,0.0,3.0,12.0,1.0,12.14,5.0200000000000005,2.51,1.49,0.0,0.0,0.0,361.3,0.0,-0.2,0.0,0.0,-169.70000000000002,0.0,0.0,169.8,0.0,21.4,28.9,28.9,30.9,300.0,300.0,31.700000000000003,35.9,28.8,28.1,29.9,4.95,1.99,4.97,0.16,0.0,0.0,1027.0,8228.0,0.0,0.0,0.0,0.0,0.0,1.0,0.0,0.0,0.0,0.0,0.0,0.0,0.0,0.0,0.0,0.0,16.0,25903.0
2026-07-30T19:03:23.703Z,373.186,373.2,0.0,7.4,0.0,0.0,0.0,0.0,0.0,0.0,0.0,0.0,1.0,0.0,0.0,0.0,9.0,4.0,0.0,0.0,0.0,0.0,0.0,0.0,0.0,0.0,4.0,12.0,1.0,12.18,5.01,2.5,1.49,0.0,0.1,0.0,361.3,0.0,-0.8,-0.5,-1.2000000000000002,-169.70000000000002,0.0,0.0,169.70000000000002,0.0,21.700000000000003,28.9,28.9,30.9,300.0,300.0,31.700000000000003,35.9,28.8,28.1,29.9,4.96,1.99,4.96,0.16,0.0,0.0,1027.0,8228.0,0.0,0.0,0.0,0.0,0.0,1.0,0.0,0.0,0.0,0.0,0.0,-1.5,0.0,0.9,0.0,0.0,16.0,25903.0
2026-07-30T19:03:23.714Z,373.197,373.212,0.0,7.4,0.0,0.0,0.0,0.0,0.0,0.0,0.0,0.0,1.0,0.0,0.0,0.0,9.0,4.0,0.0,0.0,0.0,0.0,0.0,0.0,0.0,0.0,4.0,12.0,1.0,12.18,5.01,2.5,1.49,0.0,0.1,0.0,361.4,0.0,0.3,0.0,0.0,-169.70000000000002,0.0,0.0,169.70000000000002,0.0,21.700000000000003,28.9,28.9,30.9,300.0,300.0,31.700000000000003,35.9,28.8,28.1,29.9,4.96,2.0,4.96,0.16,0.0,0.0,1027.0,8228.0,0.0,0.0,0.0,0.0,0.0,1.0,0.0,0.0,0.0,0.0,0.0,0.0,0.0,0.0,0.0,0.0,16.0,25903.0
2026-07-30T19:03:23.726Z,373.209,373.224,0.0,7.4,0.0,0.0,0.0,0.0,0.0,0.0,0.0,0.0,1.0,0.0,0.0,0.0,9.0,4.0,0.0,0.0,0.0,0.0,0.0,0.0,0.0,0.0,5.0,12.0,1.0,12.18,5.01,2.5,1.49,-0.1,0.0,0.0,361.4,0.0,-0.8,-0.5,0.5,-169.70000000000002,0.0,0.0,169.70000000000002,0.0,21.700000000000003,28.9,28.9,30.9,300.0,300.0,31.700000000000003,35.9,28.8,28.1,29.9,4.95,1.99,4.96,0.16,0.0,0.0,1027.0,8228.0,0.0,0.0,0.0,0.0,0.0,1.0,0.0,0.0,0.0,0.0,0.0,-0.2,0.0,-0.5,0.0,0.0,16.0,25903.0
2026-07-30T19:03:23.738Z,373.221,373.236,0.0,7.4,0.0,0.0,0.0,0.0,0.0,0.0,0.0,0.0,1.0,0.0,0.0,0.0,9.0,4.0,0.0,0.0,0.0,0.0,0.0,0.0,0.0,0.0,6.0,12.0,1.0,12.18,5.01,2.5,1.49,0.0,0.0,0.0,361.3,0.0,-0.9,-1.0,-1.2000000000000002,-169.70000000000002,0.0,0.0,169.70000000000002,0.0,21.700000000000003,28.9,28.9,30.9,300.0,300.0,31.700000000000003,35.9,28.8,28.1,29.9,4.96,1.99,4.97,0.16,0.0,0.0,1027.0,8228.0,0.0,0.0,0.0,0.0,0.0,1.0,0.0,0.0,0.0,0.0,0.0,-2.2,0.0,0.9,0.0,0.0,16.0,25903.0
2026-07-30T19:03:23.750Z,373.233,373.248,0.0,7.4,0.0,0.0,0.0,0.0,0.0,0.0,0.0,0.0,1.0,0.0,0.0,0.0,9.0,4.0,0.0,0.0,0.0,0.0,0.0,0.0,0.0,0.0,1.0,12.0,1.0,12.18,5.01,2.5,1.49,0.0,0.0,0.0,361.3,0.0,0.2,0.6000000000000001,-0.1,-169.70000000000002,0.0,0.0,169.60000000000002,0.0,21.700000000000003,28.9,28.9,30.9,300.0,300.0,31.700000000000003,35.9,28.8,28.1,29.9,4.96,2.0,4.97,0.16,0.0,0.0,1027.0,8228.0,0.0,0.0,0.0,0.0,0.0,1.0,0.0,0.0,0.0,0.0,0.0,0.7000000000000001,0.0,0.2,0.0,0.0,16.0,25903.0
2026-07-30T19:03:23.761Z,373.244,373.26,0.0,7.4,0.0,0.0,0.0,0.0,0.0,0.0,0.0,0.0,1.0,0.0,0.0,0.0,9.0,4.0,0.0,0.0,0.0,0.0,0.0,0.0,0.0,0.0,2.0,12.0,1.0,12.18,5.01,2.5,1.49,0.0,0.0,0.0,361.3,0.0,-0.2,0.6000000000000001,-0.7000000000000001,-169.70000000000002,0.0,0.0,169.70000000000002,0.0,21.700000000000003,28.9,28.9,30.9,300.0,300.0,31.700000000000003,35.9,28.8,28.1,29.9,4.96,1.99,4.97,0.16,0.0,0.0,1027.0,8228.0,0.0,0.0,0.0,0.0,0.0,1.0,0.0,0.0,0.0,0.0,0.0,0.2,0.0,0.7000000000000001,0.0,0.0,16.0,25903.0
2026-07-30T19:03:23.774Z,373.257,373.272,0.0,7.4,0.0,0.0,0.0,0.0,0.0,0.0,0.0,0.0,1.0,0.0,0.0,0.0,9.0,4.0,0.0,0.0,0.0,0.0,0.0,0.0,0.0,0.0,3.0,12.0,1.0,12.18,5.01,2.5,1.49,0.0,0.0,0.0,361.4,0.0,-0.2,-0.4,-0.6000000000000001,-169.70000000000002,0.0,0.0,169.70000000000002,0.0,21.700000000000003,28.9,28.9,30.9,300.0,300.0,31.700000000000003,35.9,28.8,28.1,29.9,4.95,1.99,4.97,0.16,0.0,0.0,1027.0,8228.0,0.0,0.0,0.0,0.0,0.0,1.0,0.0,0.0,0.0,0.0,0.0,-1.0,0.0,0.5,0.0,0.0,16.0,25903.0
2026-07-30T19:03:23.786Z,373.269,373.284,0.0,7.4,0.0,0.0,0.0,0.0,0.0,0.0,0.0,0.0,1.0,0.0,0.0,0.0,9.0,4.0,0.0,0.0,0.0,0.0,0.0,0.0,0.0,0.0,5.0,12.0,1.0,12.18,5.01,2.5,1.49,0.0,0.0,0.0,361.3,0.0,0.3,-0.4,1.0,-169.70000000000002,0.0,0.0,169.60000000000002,0.0,21.700000000000003,28.9,28.9,30.9,300.0,300.0,31.700000000000003,35.9,28.8,28.1,29.9,4.96,1.99,4.96,0.16,0.0,0.0,1027.0,8228.0,0.0,0.0,0.0,0.0,0.0,1.0,0.0,0.0,0.0,0.0,0.0,0.2,0.0,-1.0,0.0,0.0,16.0,25903.0
2026-07-30T19:03:23.798Z,373.281,373.296,0.0,7.4,0.0,0.0,0.0,0.0,0.0,0.0,0.0,0.0,1.0,0.0,0.0,0.0,9.0,4.0,0.0,0.0,0.0,0.0,0.0,0.0,0.0,0.0,5.0,12.0,1.0,12.18,5.01,2.5,1.49,0.0,0.0,0.0,361.3,0.0,-0.8,-0.5,0.4,-169.60000000000002,0.0,0.0,169.70000000000002,0.0,21.700000000000003,28.9,28.9,30.9,300.0,300.0,31.700000000000003,35.9,28.8,28.1,29.9,4.95,2.0,4.96,0.16,0.0,0.0,1027.0,8228.0,0.0,0.0,0.0,0.0,0.0,1.0,0.0,0.0,0.0,0.0,0.0,-0.2,0.0,-0.5,0.0,0.0,16.0,25903.0
2026-07-30T19:03:23.810Z,373.293,373.308,0.0,7.4,0.0,0.0,0.0,0.0,0.0,0.0,0.0,0.0,1.0,0.0,0.0,0.0,9.0,4.0,0.0,0.0,0.0,0.0,0.0,0.0,0.0,0.0,6.0,12.0,1.0,12.17,5.0200000000000005,2.51,1.49,0.0,0.0,0.0,361.3,0.0,-0.2,0.1,0.4,-169.60000000000002,0.0,0.0,169.70000000000002,0.0,21.9,28.9,28.9,30.9,300.0,300.0,31.6,35.9,28.8,28.0,29.9,4.95,1.99,4.97,0.16,0.0,0.0,1027.0,8228.0,0.0,0.0,0.0,0.0,0.0,1.0,0.0,0.0,0.0,0.0,0.0,0.4,0.0,-0.3,0.0,0.0,16.0,25903.0
2026-07-30T19:03:23.821Z,373.304,373.32,0.0,7.4,0.0,0.0,0.0,0.0,0.0,0.0,0.0,0.0,1.0,0.0,0.0,0.0,9.0,4.0,0.0,0.0,0.0,0.0,0.0,0.0,0.0,0.0,1.0,12.0,1.0,12.17,5.0200000000000005,2.51,1.49,0.0,0.0,0.0,361.4,0.0,-0.2,0.1,-1.2000000000000002,-169.60000000000002,0.0,0.0,169.70000000000002,0.0,21.9,28.9,28.9,30.9,300.0,300.0,31.6,35.9,28.8,28.0,29.9,4.95,1.99,4.97,0.16,0.0,0.0,1027.0,8228.0,0.0,0.0,0.0,0.0,0.0,1.0,0.0,0.0,0.0,0.0,0.0,-0.7000000000000001,0.0,1.1,0.0,0.0,16.0,25903.0
2026-07-30T19:03:23.834Z,373.317,373.332,0.0,7.4,0.0,0.0,0.0,0.0,0.0,0.0,0.0,0.0,1.0,0.0,0.0,0.0,9.0,4.0,0.0,0.0,0.0,0.0,0.0,0.0,0.0,0.0,2.0,12.0,1.0,12.17,5.0200000000000005,2.51,1.49,0.0,0.0,0.0,361.4,0.0,-0.8,-1.0,-1.2000000000000002,-169.70000000000002,0.0,0.0,169.70000000000002,0.0,21.9,28.9,28.9,30.9,300.0,300.0,31.6,35.9,28.8,28.0,29.9,4.96,1.99,4.97,0.16,0.0,0.0,1027.0,8228.0,0.0,0.0,0.0,0.0,0.0,1.0,0.0,0.0,0.0,0.0,0.0,-2.1,0.0,0.8,0.0,0.0,16.0,25903.0
2026-07-30T19:03:23.846Z,373.329,373.344,0.0,7.4,0.0,0.0,0.0,0.0,0.0,0.0,0.0,0.0,1.0,0.0,0.0,0.0,9.0,4.0,0.0,0.0,0.0,0.0,0.0,0.0,0.0,0.0,3.0,12.0,1.0,12.17,5.0200000000000005,2.51,1.49,0.0,0.0,0.0,361.3,0.0,-0.9,-1.0,0.4,-169.70000000000002,0.0,0.0,169.8,0.0,21.9,28.9,28.9,30.9,300.0,300.0,31.6,35.9,28.8,28.0,29.9,4.95,1.99,4.97,0.16,0.0,0.0,1027.0,8228.0,0.0,0.0,0.0,0.0,0.0,1.0,0.0,0.0,0.0,0.0,0.0,-0.8,0.0,-0.6000000000000001,0.0,0.0,16.0,25903.0
2026-07-30T19:03:23.857Z,373.34,373.356,0.0,7.4,0.0,0.0,0.0,0.0,0.0,0.0,0.0,0.0,1.0,0.0,0.0,0.0,9.0,4.0,0.0,0.0,0.0,0.0,0.0,0.0,0.0,0.0,4.0,12.0,1.0,12.17,5.0200000000000005,2.51,1.49,0.0,0.1,0.0,361.3,0.0,0.8,0.6000000000000001,1.0,-169.70000000000002,0.0,0.0,169.8,0.0,21.9,28.9,28.9,30.9,300.0,300.0,31.6,35.9,28.8,28.0,29.9,4.95,1.99,4.97,0.16,0.0,0.0,1027.0,8228.0,0.0,0.0,0.0,0.0,0.0,1.0,0.0,0.0,0.0,0.0,0.0,1.5,0.0,-0.8,0.0,0.0,16.0,25903.0
2026-07-30T19:03:23.870Z,373.353,373.368,0.0,7.4,0.0,0.0,0.0,0.0,0.0,0.0,0.0,0.0,1.0,0.0,0.0,0.0,9.0,4.0,0.0,0.0,0.0,0.0,0.0,0.0,0.0,0.0,5.0,12.0,1.0,12.17,5.0200000000000005,2.51,1.49,0.0,0.0,0.0,361.4,0.0,0.2,1.8,1.6,-169.70000000000002,0.0,0.0,169.8,0.0,21.9,28.9,28.9,30.9,300.0,300.0,31.6,35.9,28.8,28.0,29.9,4.96,2.0,4.97,0.16,0.0,0.0,1027.0,8228.0,0.0,0.0,0.0,0.0,0.0,1.0,0.0,0.0,0.0,0.0,0.0,3.3000000000000003,0.0,-1.0,0.0,0.0,16.0,25903.0
2026-07-30T19:03:23.881Z,373.364,373.38,0.0,7.4,0.0,0.0,0.0,0.0,0.0,0.0,0.0,0.0,1.0,0.0,0.0,0.0,9.0,4.0,0.0,0.0,0.0,0.0,0.0,0.0,0.0,0.0,6.0,12.0,1.0,12.17,5.0200000000000005,2.51,1.49,0.0,0.0,0.0,361.4,0.0,-0.3,-1.0,-1.2000000000000002,-169.70000000000002,0.0,0.0,169.70000000000002,0.0,21.9,28.9,28.9,30.9,300.0,300.0,31.6,35.9,28.8,28.0,29.9,4.95,2.0,4.97,0.16,0.0,0.0,1027.0,8228.0,0.0,0.0,0.0,0.0,0.0,1.0,0.0,0.0,0.0,0.0,0.0,-2.2,0.0,0.9,0.0,0.0,16.0,25903.0
2026-07-30T19:03:23.894Z,373.377,373.392,0.0,7.4,0.0,0.0,0.0,0.0,0.0,0.0,0.0,0.0,1.0,0.0,0.0,0.0,9.0,4.0,0.0,0.0,0.0,0.0,0.0,0.0,0.0,0.0,1.0,12.0,1.0,12.17,5.0200000000000005,2.51,1.49,0.0,0.0,0.0,361.3,0.0,0.2,-0.5,-1.2000000000000002,-169.70000000000002,0.0,0.0,169.70000000000002,0.0,21.9,28.9,28.9,30.9,300.0,300.0,31.6,35.9,28.8,28.0,29.9,4.96,1.99,4.97,0.16,0.0,0.0,1027.0,8228.0,0.0,0.0,0.0,0.0,0.0,1.0,0.0,0.0,0.0,0.0,0.0,-1.5,0.0,0.9,0.0,0.0,16.0,25903.0
2026-07-30T19:03:23.907Z,373.39,373.404,0.0,7.4,0.0,0.0,0.0,0.0,0.0,0.0,0.0,0.0,1.0,0.0,0.0,0.0,9.0,4.0,0.0,0.0,0.0,0.0,0.0,0.0,0.0,0.0,2.0,12.0,1.0,12.18,5.01,2.5,1.49,0.0,0.0,0.0,361.4,0.0,0.2,0.0,0.0,-169.70000000000002,0.0,0.0,169.70000000000002,0.0,21.4,28.9,28.9,30.9,300.0,300.0,31.6,35.9,28.9,28.0,29.9,4.96,1.99,4.96,0.16,0.0,0.0,1027.0,8228.0,0.0,0.0,0.0,0.0,0.0,1.0,0.0,0.0,0.0,0.0,0.0,0.0,0.0,0.0,0.0,0.0,16.0,25903.0
2026-07-30T19:03:23.918Z,373.401,373.416,0.0,7.4,0.0,0.0,0.0,0.0,0.0,0.0,0.0,0.0,1.0,0.0,0.0,0.0,9.0,4.0,0.0,0.0,0.0,0.0,0.0,0.0,0.0,0.0,3.0,12.0,1.0,12.18,5.01,2.5,1.49,0.0,0.1,0.0,361.4,0.0,0.2,1.2000000000000002,0.5,-169.70000000000002,0.0,0.0,169.70000000000002,0.0,21.4,28.9,28.9,30.9,300.0,300.0,31.6,35.9,28.9,28.0,29.9,4.96,1.99,4.96,0.17,0.0,0.0,1027.0,8228.0,0.0,0.0,0.0,0.0,0.0,1.0,0.0,0.0,0.0,0.0,0.0,1.7000000000000002,0.0,-0.1,0.0,0.0,16.0,25903.0
2026-07-30T19:03:23.930Z,373.413,373.428,0.0,7.4,0.0,0.0,0.0,0.0,0.0,0.0,0.0,0.0,1.0,0.0,0.0,0.0,9.0,4.0,0.0,0.0,0.0,0.0,0.0,0.0,0.0,0.0,4.0,12.0,1.0,12.18,5.01,2.5,1.49,0.0,0.0,0.0,361.3,0.0,-0.2,-0.4,0.0,-169.70000000000002,0.0,0.0,169.70000000000002,0.0,21.4,28.9,28.9,30.9,300.0,300.0,31.6,35.9,28.9,28.0,29.9,4.95,1.99,4.97,0.16,0.0,0.0,1027.0,8228.0,0.0,0.0,0.0,0.0,0.0,1.0,0.0,0.0,0.0,0.0,0.0,-0.6000000000000001,0.0,0.0,0.0,0.0,16.0,25903.0
2026-07-30T19:03:23.942Z,373.425,373.44,0.0,7.4,0.0,0.0,0.0,0.0,0.0,0.0,0.0,0.0,1.0,0.0,0.0,0.0,9.0,4.0,0.0,0.0,0.0,0.0,0.0,0.0,0.0,0.0,6.0,12.0,1.0,12.18,5.01,2.5,1.49,0.0,0.0,0.0,361.3,0.0,0.2,-1.1,-1.2000000000000002,-169.70000000000002,0.0,0.0,169.70000000000002,0.0,21.4,28.9,28.9,30.9,300.0,300.0,31.6,35.9,28.9,28.0,29.9,4.96,2.0,4.96,0.16,0.0,0.0,1027.0,8228.0,0.0,0.0,0.0,0.0,0.0,1.0,0.0,0.0,0.0,0.0,0.0,-2.2,0.0,0.8,0.0,0.0,16.0,25903.0
2026-07-30T19:03:23.954Z,373.437,373.452,0.0,7.4,0.0,0.0,0.0,0.0,0.0,0.0,0.0,0.0,1.0,0.0,0.0,0.0,9.0,4.0,0.0,0.0,0.0,0.0,0.0,0.0,0.0,0.0,1.0,12.0,1.0,12.18,5.01,2.5,1.49,0.0,0.0,0.0,361.3,0.0,1.4,1.8,0.0,-169.70000000000002,0.0,0.0,169.70000000000002,0.0,21.4,28.9,28.9,30.9,300.0,300.0,31.6,35.9,28.9,28.0,29.9,4.96,1.99,4.96,0.16,0.0,0.0,1027.0,8228.0,0.0,0.0,0.0,0.0,0.0,1.0,0.0,0.0,0.0,0.0,0.0,2.0,0.0,0.4,0.0,0.0,16.0,25903.0
2026-07-30T19:03:23.966Z,373.449,373.464,0.0,7.4,0.0,0.0,0.0,0.0,0.0,0.0,0.0,0.0,1.0,0.0,0.0,0.0,9.0,4.0,0.0,0.0,0.0,0.0,0.0,0.0,0.0,0.0,2.0,12.0,1.0,12.18,5.01,2.5,1.49,-0.1,0.1,0.0,361.3,0.0,0.2,1.2000000000000002,0.5,-169.70000000000002,0.0,0.0,169.70000000000002,0.0,21.4,28.9,28.9,30.9,300.0,300.0,31.6,35.9,28.9,28.0,29.9,4.95,2.0,4.96,0.16,0.0,0.0,1027.0,8228.0,0.0,0.0,0.0,0.0,0.0,1.0,0.0,0.0,0.0,0.0,0.0,1.7000000000000002,0.0,-0.2,0.0,0.0,16.0,25903.0
2026-07-30T19:03:23.978Z,373.461,373.476,0.0,7.4,0.0,0.0,0.0,0.0,0.0,0.0,0.0,0.0,1.0,0.0,0.0,0.0,9.0,4.0,0.0,0.0,0.0,0.0,0.0,0.0,0.0,0.0,3.0,12.0,1.0,12.18,5.01,2.5,1.49,0.0,0.0,0.0,361.3,0.0,-0.3,-0.4,0.0,-169.70000000000002,0.0,0.0,169.70000000000002,0.0,21.4,28.9,28.9,30.9,300.0,300.0,31.6,35.9,28.9,28.0,29.9,4.95,2.0,4.97,0.16,0.0,0.0,1027.0,8228.0,0.0,0.0,0.0,0.0,0.0,1.0,0.0,0.0,0.0,0.0,0.0,-0.5,0.0,-0.1,0.0,0.0,16.0,25903.0
2026-07-30T19:03:23.990Z,373.473,373.488,0.0,7.4,0.0,0.0,0.0,0.0,0.0,0.0,0.0,0.0,1.0,0.0,0.0,0.0,9.0,4.0,0.0,0.0,0.0,0.0,0.0,0.0,0.0,0.0,4.0,12.0,1.0,12.18,5.01,2.5,1.49,0.0,0.0,0.0,361.3,0.0,-0.3,0.1,0.0,-169.70000000000002,0.0,0.0,169.8,0.0,21.4,28.9,28.9,30.9,300.0,300.0,31.6,35.9,28.9,28.0,29.9,4.96,1.99,4.96,0.16,0.0,0.0,1027.0,8228.0,0.0,0.0,0.0,0.0,0.0,1.0,0.0,0.0,0.0,0.0,0.0,0.1,0.0,0.0,0.0,0.0,16.0,25903.0
2026-07-30T19:03:24.001Z,373.484,373.5,0.0,7.4,0.0,0.0,0.0,0.0,0.0,0.0,0.0,0.0,1.0,0.0,0.0,0.0,9.0,4.0,0.0,0.0,0.0,0.0,0.0,0.0,0.0,0.0,6.0,12.0,1.0,12.18,5.01,2.5,1.49,0.0,0.0,0.0,361.3,0.0,0.8,-0.4,-0.5,-169.70000000000002,0.0,0.0,169.60000000000002,0.0,21.4,28.9,28.9,30.9,300.0,300.0,31.6,35.9,28.9,28.0,29.9,4.96,1.99,4.97,0.16,0.0,0.0,1027.0,8228.0,0.0,0.0,0.0,0.0,0.0,1.0,0.0,0.0,0.0,0.0,0.0,-0.9,0.0,0.3,0.0,0.0,16.0,25903.0
2026-07-30T19:03:24.013Z,373.496,373.512,0.0,7.4,0.0,0.0,0.0,0.0,0.0,0.0,0.0,0.0,1.0,0.0,0.0,0.0,9.0,4.0,0.0,0.0,0.0,0.0,0.0,0.0,0.0,0.0,1.0,12.0,1.0,12.19,5.01,2.51,1.5,0.0,0.0,0.0,361.4,0.0,0.2,1.2000000000000002,-0.5,-169.70000000000002,0.0,0.0,169.8,0.0,21.3,28.9,28.9,30.9,300.0,300.0,31.5,35.800000000000004,28.9,28.1,29.9,4.95,1.99,4.97,0.16,0.0,0.0,1027.0,8228.0,0.0,0.0,0.0,0.0,0.0,1.0,0.0,0.0,0.0,0.0,0.0,1.0,0.0,0.7000000000000001,0.0,0.0,16.0,25903.0
2026-07-30T19:03:24.026Z,373.509,373.524,0.0,7.4,0.0,0.0,0.0,0.0,0.0,0.0,0.0,0.0,1.0,0.0,0.0,0.0,9.0,4.0,0.0,0.0,0.0,0.0,0.0,0.0,0.0,0.0,3.0,12.0,1.0,12.19,5.01,2.51,1.5,0.0,0.0,0.0,361.3,0.0,0.2,1.2000000000000002,2.9000000000000004,-169.70000000000002,0.0,0.0,169.8,0.0,21.3,28.9,28.9,30.9,300.0,300.0,31.5,35.800000000000004,28.9,28.1,29.9,4.96,1.99,4.96,0.16,0.0,0.0,1027.0,8228.0,0.0,0.0,0.0,0.0,0.0,1.0,0.0,0.0,0.0,0.0,0.0,3.6,0.0,-2.3000000000000003,0.0,0.0,16.0,25903.0
2026-07-30T19:03:24.038Z,373.521,373.536,0.0,7.4,0.0,0.0,0.0,0.0,0.0,0.0,0.0,0.0,1.0,0.0,0.0,0.0,9.0,4.0,0.0,0.0,0.0,0.0,0.0,0.0,0.0,0.0,4.0,12.0,1.0,12.19,5.01,2.51,1.5,0.0,0.0,0.0,361.3,0.0,0.8,0.0,0.6000000000000001,-169.70000000000002,0.0,0.0,169.70000000000002,0.0,21.3,28.9,28.9,30.9,300.0,300.0,31.5,35.800000000000004,28.9,28.1,29.9,4.95,1.99,4.97,0.16,0.0,0.0,1027.0,8228.0,0.0,0.0,0.0,0.0,0.0,1.0,0.0,0.0,0.0,0.0,0.0,0.5,0.0,-0.5,0.0,0.0,16.0,25903.0
2026-07-30T19:03:24.050Z,373.533,373.548,0.0,7.4,0.0,0.0,0.0,0.0,0.0,0.0,0.0,0.0,1.0,0.0,0.0,0.0,9.0,4.0,0.0,0.0,0.0,0.0,0.0,0.0,0.0,0.0,4.0,12.0,1.0,12.19,5.01,2.51,1.5,0.0,0.0,0.0,361.4,0.0,0.2,0.0,1.7000000000000002,-169.70000000000002,0.0,0.0,169.8,0.0,21.3,28.9,28.9,30.9,300.0,300.0,31.5,35.800000000000004,28.9,28.1,29.9,4.95,1.99,4.97,0.16,0.0,0.0,1027.0,8228.0,0.0,0.0,0.0,0.0,0.0,1.0,0.0,0.0,0.0,0.0,0.0,1.3,0.0,-1.5,0.0,0.0,16.0,25903.0
2026-07-30T19:03:24.062Z,373.545,373.56,0.0,7.4,0.0,0.0,0.0,0.0,0.0,0.0,0.0,0.0,1.0,0.0,0.0,0.0,9.0,4.0,0.0,0.0,0.0,0.0,0.0,0.0,0.0,0.0,6.0,12.0,1.0,12.19,5.01,2.51,1.5,0.0,0.0,0.0,361.4,0.0,0.2,1.2000000000000002,-0.5,-169.70000000000002,0.0,0.0,169.8,0.0,21.3,28.9,28.9,30.9,300.0,300.0,31.5,35.800000000000004,28.9,28.1,29.9,4.95,1.99,4.97,0.16,0.0,0.0,1027.0,8228.0,0.0,0.0,0.0,0.0,0.0,1.0,0.0,0.0,0.0,0.0,0.0,0.9,0.0,0.7000000000000001,0.0,0.0,16.0,25903.0
2026-07-30T19:03:24.073Z,373.556,373.572,0.0,7.4,0.0,0.0,0.0,0.0,0.0,0.0,0.0,0.0,1.0,0.0,0.0,0.0,9.0,4.0,0.0,0.0,0.0,0.0,0.0,0.0,0.0,0.0,1.0,12.0,1.0,12.19,5.01,2.51,1.5,0.0,0.0,0.0,361.3,0.0,0.2,0.6000000000000001,0.0,-169.70000000000002,0.0,0.0,169.8,0.0,21.3,28.9,28.9,30.9,300.0,300.0,31.5,35.800000000000004,28.9,28.1,29.9,4.96,1.99,4.96,0.16,0.0,0.0,1027.0,8228.0,0.0,0.0,0.0,0.0,0.0,1.0,0.0,0.0,0.0,0.0,0.0,0.7000000000000001,0.0,0.1,0.0,0.0,16.0,25903.0
2026-07-30T19:03:24.086Z,373.569,373.584,0.0,7.4,0.0,0.0,0.0,0.0,0.0,0.0,0.0,0.0,1.0,0.0,0.0,0.0,9.0,4.0,0.0,0.0,0.0,0.0,0.0,0.0,0.0,0.0,2.0,12.0,1.0,12.19,5.01,2.51,1.5,0.0,0.0,0.0,361.4,0.0,-0.8,0.0,0.0,-169.70000000000002,0.0,0.0,169.8,0.0,21.3,28.9,28.9,30.9,300.0,300.0,31.5,35.800000000000004,28.9,28.1,29.9,4.95,1.99,4.97,0.16,0.0,0.0,1027.0,8228.0,0.0,0.0,0.0,0.0,0.0,1.0,0.0,0.0,0.0,0.0,0.0,-0.6000000000000001,0.0,0.0,0.0,0.0,16.0,25903.0
2026-07-30T19:03:24.098Z,373.581,373.596,0.0,7.4,0.0,0.0,0.0,0.0,0.0,0.0,0.0,0.0,1.0,0.0,0.0,0.0,9.0,4.0,0.0,0.0,0.0,0.0,0.0,0.0,0.0,0.0,4.0,12.0,1.0,12.19,5.01,2.51,1.5,0.0,0.0,0.0,361.3,0.0,0.2,1.2000000000000002,0.5,-169.70000000000002,0.0,0.0,169.8,0.0,21.3,28.9,28.9,30.9,300.0,300.0,31.5,35.800000000000004,28.9,28.1,29.9,4.95,1.99,4.96,0.16,0.0,0.0,1027.0,8228.0,0.0,0.0,0.0,0.0,0.0,1.0,0.0,0.0,0.0,0.0,0.0,0.7000000000000001,0.0,0.1,0.0,0.0,16.0,25903.0
2026-07-30T19:03:24.111Z,373.594,373.608,0.0,7.4,0.0,0.0,0.0,0.0,0.0,0.0,0.0,0.0,1.0,0.0,0.0,0.0,9.0,4.0,0.0,0.0,0.0,0.0,0.0,0.0,0.0,0.0,5.0,12.0,1.0,12.17,5.01,2.51,1.49,0.0,0.1,0.0,361.4,0.0,-0.8,-1.0,0.0,-169.70000000000002,0.0,0.0,169.70000000000002,0.0,21.700000000000003,28.9,28.9,30.9,300.0,300.0,31.700000000000003,35.9,28.9,28.1,29.9,4.96,1.99,4.96,0.16,0.0,0.0,1027.0,8228.0,0.0,0.0,0.0,0.0,0.0,1.0,0.0,0.0,0.0,0.0,0.0,-0.5,0.0,1.7000000000000002,0.0,0.0,16.0,25903.0
2026-07-30T19:03:24.121Z,373.604,373.62,0.0,7.4,0.0,0.0,0.0,0.0,0.0,0.0,0.0,0.0,1.0,0.0,0.0,0.0,9.0,4.0,0.0,0.0,0.0,0.0,0.0,0.0,0.0,0.0,6.0,12.0,1.0,12.17,5.01,2.51,1.49,0.0,0.1,0.0,361.4,0.0,0.2,0.6000000000000001,1.1,-169.70000000000002,0.0,0.0,169.70000000000002,0.0,21.700000000000003,28.9,28.9,30.9,300.0,300.0,31.700000000000003,35.9,28.9,28.1,29.9,4.96,1.99,4.97,0.16,0.0,0.0,1027.0,8228.0,0.0,0.0,0.0,0.0,0.0,1.0,0.0,0.0,0.0,0.0,0.0,1.5,0.0,-0.8,0.0,0.0,16.0,25903.0
2026-07-30T19:03:24.133Z,373.616,373.632,0.0,7.4,0.0,0.0,0.0,0.0,0.0,0.0,0.0,0.0,1.0,0.0,0.0,0.0,9.0,4.0,0.0,0.0,0.0,0.0,0.0,0.0,0.0,0.0,1.0,12.0,1.0,12.17,5.01,2.51,1.49,0.0,0.0,0.0,361.4,0.0,-0.2,-1.6,-1.2000000000000002,-169.70000000000002,0.0,0.0,169.8,0.0,21.700000000000003,28.9,28.9,30.9,300.0,300.0,31.700000000000003,35.9,28.9,28.1,29.9,4.96,1.99,4.97,0.16,0.0,0.0,1027.0,8228.0,0.0,0.0,0.0,0.0,0.0,1.0,0.0,0.0,0.0,0.0,0.0,-2.7,0.0,0.7000000000000001,0.0,0.0,16.0,25903.0
2026-07-30T19:03:24.145Z,373.628,373.644,0.0,7.4,0.0,0.0,0.0,0.0,0.0,0.0,0.0,0.0,1.0,0.0,0.0,0.0,9.0,4.0,0.0,0.0,0.0,0.0,0.0,0.0,0.0,0.0,2.0,12.0,1.0,12.17,5.01,2.51,1.49,0.0,0.0,0.0,361.3,0.0,0.2,0.6000000000000001,-0.1,-169.70000000000002,0.0,0.0,169.8,0.0,21.700000000000003,28.9,28.9,30.9,300.0,300.0,31.700000000000003,35.9,28.9,28.1,29.9,4.96,1.99,4.96,0.16,0.0,0.0,1027.0,8228.0,0.0,0.0,0.0,0.0,0.0,1.0,0.0,0.0,0.0,0.0,0.0,0.6000000000000001,0.0,0.2,0.0,0.0,16.0,25903.0
2026-07-30T19:03:24.157Z,373.64,373.656,0.0,7.4,0.0,0.0,0.0,0.0,0.0,0.0,0.0,0.0,1.0,0.0,0.0,0.0,9.0,4.0,0.0,0.0,0.0,0.0,0.0,0.0,0.0,0.0,3.0,12.0,1.0,12.17,5.01,2.51,1.49,0.0,0.1,0.0,361.4,0.0,-0.2,-0.4,0.4,-169.70000000000002,0.0,0.0,169.8,0.0,21.700000000000003,28.9,28.9,30.9,300.0,300.0,31.700000000000003,35.9,28.9,28.1,29.9,4.96,1.99,4.96,0.16,0.0,0.0,1027.0,8228.0,0.0,0.0,0.0,0.0,0.0,1.0,0.0,0.0,0.0,0.0,0.0,-0.1,0.0,-0.5,0.0,0.0,16.0,25903.0
2026-07-30T19:03:24.169Z,373.652,373.668,0.0,7.4,0.0,0.0,0.0,0.0,0.0,0.0,0.0,0.0,1.0,0.0,0.0,0.0,9.0,4.0,0.0,0.0,0.0,0.0,0.0,0.0,0.0,0.0,4.0,12.0,1.0,12.17,5.01,2.51,1.49,0.0,0.0,0.0,361.4,0.0,0.8,0.1,1.0,-169.70000000000002,0.0,0.0,169.8,0.0,21.700000000000003,28.9,28.9,30.9,300.0,300.0,31.700000000000003,35.9,28.9,28.1,29.9,4.95,1.99,4.97,0.16,0.0,0.0,1027.0,8228.0,0.0,0.0,0.0,0.0,0.0,1.0,0.0,0.0,0.0,0.0,0.0,0.9,0.0,-0.9,0.0,0.0,16.0,25903.0
2026-07-30T19:03:24.181Z,373.664,373.68,0.0,7.4,0.0,0.0,0.0,0.0,0.0,0.0,0.0,0.0,1.0,0.0,0.0,0.0,9.0,4.0,0.0,0.0,0.0,0.0,0.0,0.0,0.0,0.0,5.0,12.0,1.0,12.17,5.01,2.51,1.49,0.0,0.0,0.0,361.4,0.0,0.9,0.1,2.2,-169.70000000000002,0.0,0.0,169.8,0.0,21.700000000000003,28.9,28.9,30.9,300.0,300.0,31.700000000000003,35.9,28.9,28.1,29.9,4.96,1.99,4.96,0.16,0.0,0.0,1027.0,8228.0,0.0,0.0,0.0,0.0,0.0,1.0,0.0,0.0,0.0,0.0,0.0,1.8,0.0,-1.9,0.0,0.0,16.0,25903.0
2026-07-30T19:03:24.193Z,373.676,373.692,0.0,7.4,0.0,0.0,0.0,0.0,0.0,0.0,0.0,0.0,1.0,0.0,0.0,0.0,9.0,4.0,0.0,0.0,0.0,0.0,0.0,0.0,0.0,0.0,6.0,12.0,1.0,12.17,5.01,2.51,1.49,0.0,0.0,0.0,361.4,0.0,0.8,0.1,0.0,-169.70000000000002,0.0,0.0,169.8,0.0,21.700000000000003,28.9,28.9,30.9,300.0,300.0,31.700000000000003,35.9,28.9,28.1,29.9,4.96,1.99,4.96,0.16,0.0,0.0,1027.0,8228.0,0.0,0.0,0.0,0.0,0.0,1.0,0.0,0.0,0.0,0.0,0.0,0.0,0.0,0.0,0.0,0.0,16.0,25903.0
2026-07-30T19:03:24.206Z,373.689,373.704,0.0,7.4,0.0,0.0,0.0,0.0,0.0,0.0,0.0,0.0,1.0,0.0,0.0,0.0,9.0,4.0,0.0,0.0,0.0,0.0,0.0,0.0,0.0,0.0,1.0,12.0,1.0,12.17,5.01,2.51,1.49,0.0,0.0,0.0,361.3,0.0,0.9,0.0,1.0,-169.70000000000002,0.0,0.0,169.70000000000002,0.0,21.700000000000003,28.9,28.9,30.9,300.0,300.0,31.700000000000003,35.9,28.9,28.1,29.9,4.96,1.99,4.96,0.16,0.0,0.0,1027.0,8228.0,0.0,0.0,0.0,0.0,0.0,1.0,0.0,0.0,0.0,0.0,0.0,0.9,0.0,-0.9,0.0,0.0,16.0,25903.0
2026-07-30T19:03:24.217Z,373.7,373.716,0.0,7.4,0.0,0.0,0.0,0.0,0.0,0.0,0.0,0.0,1.0,0.0,0.0,0.0,9.0,4.0,0.0,0.0,0.0,0.0,0.0,0.0,0.0,0.0,3.0,12.0,1.0,12.18,5.01,2.51,1.49,0.0,0.0,0.0,361.4,0.0,-0.2,0.6000000000000001,1.1,-169.70000000000002,0.0,0.0,169.70000000000002,0.0,21.3,28.9,28.9,30.9,300.0,300.0,31.8,35.9,28.9,28.1,29.9,4.96,1.99,4.97,0.16,0.0,0.0,1027.0,8228.0,0.0,0.0,0.0,0.0,0.0,1.0,0.0,0.0,0.0,0.0,0.0,1.6,0.0,-0.8,0.0,0.0,16.0,25903.0
2026-07-30T19:03:24.230Z,373.713,373.728,0.0,7.4,0.0,0.0,0.0,0.0,0.0,0.0,0.0,0.0,1.0,0.0,0.0,0.0,9.0,4.0,0.0,0.0,0.0,0.0,0.0,0.0,0.0,0.0,4.0,12.0,1.0,12.18,5.01,2.51,1.49,0.0,0.0,0.0,361.4,0.0,-0.8,-1.0,-0.6000000000000001,-169.70000000000002,0.0,0.0,169.70000000000002,0.0,21.3,28.9,28.9,30.9,300.0,300.0,31.8,35.9,28.9,28.1,29.9,4.96,1.99,4.96,0.16,0.0,0.0,1027.0,8228.0,0.0,0.0,0.0,0.0,0.0,1.0,0.0,0.0,0.0,0.0,0.0,-1.7000000000000002,0.0,0.3,0.0,0.0,16.0,25903.0
2026-07-30T19:03:24.241Z,373.724,373.74,0.0,7.4,0.0,0.0,0.0,0.0,0.0,0.0,0.0,0.0,1.0,0.0,0.0,0.0,9.0,4.0,0.0,0.0,0.0,0.0,0.0,0.0,0.0,0.0,6.0,12.0,1.0,12.18,5.01,2.51,1.49,0.0,0.1,0.0,361.3,0.0,-0.2,-0.4,0.0,-169.70000000000002,0.0,0.0,169.60000000000002,0.0,21.3,28.9,28.9,30.9,300.0,300.0,31.8,35.9,28.9,28.1,29.9,4.96,1.99,4.97,0.16,0.0,0.0,1027.0,8228.0,0.0,0.0,0.0,0.0,0.0,1.0,0.0,0.0,0.0,0.0,0.0,-0.5,0.0,0.0,0.0,0.0,16.0,25903.0
2026-07-30T19:03:24.253Z,373.736,373.752,0.0,7.4,0.0,0.0,0.0,0.0,0.0,0.0,0.0,0.0,1.0,0.0,0.0,0.0,9.0,4.0,0.0,0.0,0.0,0.0,0.0,0.0,0.0,0.0,1.0,12.0,1.0,12.18,5.01,2.51,1.49,0.0,0.0,0.0,361.4,0.0,-0.2,1.2000000000000002,-0.6000000000000001,-169.70000000000002,0.0,0.0,169.8,0.0,21.3,28.9,28.9,30.9,300.0,300.0,31.8,35.9,28.9,28.1,29.9,4.95,1.99,4.97,0.16,0.0,0.0,1027.0,8228.0,0.0,0.0,0.0,0.0,0.0,1.0,0.0,0.0,0.0,0.0,0.0,0.9,0.0,0.8,0.0,0.0,16.0,25903.0
2026-07-30T19:03:24.266Z,373.749,373.764,0.0,7.4,0.0,0.0,0.0,0.0,0.0,0.0,0.0,0.0,1.0,0.0,0.0,0.0,9.0,4.0,0.0,0.0,0.0,0.0,0.0,0.0,0.0,0.0,3.0,12.0,1.0,12.18,5.01,2.51,1.49,0.0,0.0,0.0,361.3,0.0,0.3,-0.4,1.1,-169.70000000000002,0.0,0.0,169.70000000000002,0.0,21.3,28.9,28.9,30.9,300.0,300.0,31.8,35.9,28.9,28.1,29.9,4.96,1.99,4.96,0.16,0.0,0.0,1027.0,8228.0,0.0,0.0,0.0,0.0,0.0,1.0,0.0,0.0,0.0,0.0,0.0,0.3,0.0,-1.1,0.0,0.0,16.0,25903.0
2026-07-30T19:03:24.278Z,373.761,373.776,0.0,7.4,0.0,0.0,0.0,0.0,0.0,0.0,0.0,0.0,1.0,0.0,0.0,0.0,9.0,4.0,0.0,0.0,0.0,0.0,0.0,0.0,0.0,0.0,4.0,12.0,1.0,12.18,5.01,2.51,1.49,0.0,0.0,0.0,361.4,0.0,-0.2,0.1,0.0,-169.70000000000002,0.0,0.0,169.70000000000002,0.0,21.3,28.9,28.9,30.9,300.0,300.0,31.8,35.9,28.9,28.1,29.9,4.95,1.99,4.96,0.16,0.0,0.0,1027.0,8228.0,0.0,0.0,0.0,0.0,0.0,1.0,0.0,0.0,0.0,0.0,0.0,0.1,0.0,0.0,0.0,0.0,16.0,25903.0
2026-07-30T19:03:24.290Z,373.773,373.788,0.0,7.4,0.0,0.0,0.0,0.0,0.0,0.0,0.0,0.0,1.0,0.0,0.0,0.0,9.0,4.0,0.0,0.0,0.0,0.0,0.0,0.0,0.0,0.0,5.0,12.0,1.0,12.18,5.01,2.51,1.49,0.0,0.0,0.0,361.3,0.0,0.3,0.6000000000000001,0.0,-169.70000000000002,0.0,0.0,169.8,0.0,21.3,28.9,28.9,30.9,300.0,300.0,31.8,35.9,28.9,28.1,29.9,4.95,1.99,4.97,0.16,0.0,0.0,1027.0,8228.0,0.0,0.0,0.0,0.0,0.0,1.0,0.0,0.0,0.0,0.0,0.0,0.7000000000000001,0.0,0.1,0.0,0.0,16.0,25903.0
2026-07-30T19:03:24.302Z,373.785,373.8,0.0,7.4,0.0,0.0,0.0,0.0,0.0,0.0,0.0,0.0,1.0,0.0,0.0,0.0,9.0,4.0,0.0,0.0,0.0,0.0,0.0,0.0,0.0,0.0,6.0,12.0,1.0,12.18,5.01,2.51,1.49,0.0,0.0,0.0,361.3,0.0,0.2,0.0,0.0,-169.70000000000002,0.0,0.0,169.8,0.0,21.3,28.9,28.9,30.9,300.0,300.0,31.8,35.9,28.9,28.1,29.9,4.96,1.99,4.97,0.16,0.0,0.0,1027.0,8228.0,0.0,0.0,0.0,0.0,0.0,1.0,0.0,0.0,0.0,0.0,0.0,0.0,0.0,0.1,0.0,0.0,16.0,25903.0
2026-07-30T19:03:24.315Z,373.798,373.812,0.0,7.4,0.0,0.0,0.0,0.0,0.0,0.0,0.0,0.0,1.0,0.0,0.0,0.0,9.0,4.0,0.0,0.0,0.0,0.0,0.0,0.0,0.0,0.0,1.0,12.0,1.0,12.18,5.01,2.5,1.49,0.0,0.0,0.0,361.3,0.0,-0.3,-1.0,-0.7000000000000001,-169.70000000000002,0.0,0.0,169.8,0.0,21.4,28.9,28.9,30.9,300.0,300.0,31.700000000000003,35.9,28.8,28.1,29.9,4.96,1.99,4.96,0.16,0.0,0.0,1027.0,8228.0,0.0,0.0,0.0,0.0,0.0,1.0,0.0,0.0,0.0,0.0,0.0,-1.7000000000000002,0.0,0.3,0.0,0.0,16.0,25903.0
2026-07-30T19:03:24.326Z,373.809,373.824,0.0,7.4,0.0,0.0,0.0,0.0,0.0,0.0,0.0,0.0,1.0,0.0,0.0,0.0,9.0,4.0,0.0,0.0,0.0,0.0,0.0,0.0,0.0,0.0,2.0,12.0,1.0,12.18,5.01,2.5,1.49,0.0,0.0,0.0,361.3,0.0,-0.3,-1.0,-0.7000000000000001,-169.70000000000002,0.0,0.0,169.8,0.0,21.4,28.9,28.9,30.9,300.0,300.0,31.700000000000003,35.9,28.8,28.1,29.9,4.95,1.99,4.97,0.16,0.0,0.0,1027.0,8228.0,0.0,0.0,0.0,0.0,0.0,1.0,0.0,0.0,0.0,0.0,0.0,-1.7000000000000002,0.0,0.4,0.0,0.0,16.0,25903.0
2026-07-30T19:03:24.337Z,373.82,373.836,0.0,7.4,0.0,0.0,0.0,0.0,0.0,0.0,0.0,0.0,1.0,0.0,0.0,0.0,9.0,4.0,0.0,0.0,0.0,0.0,0.0,0.0,0.0,0.0,4.0,12.0,1.0,12.18,5.01,2.5,1.49,0.0,0.0,0.0,361.4,0.0,0.2,-0.5,0.4,-169.70000000000002,0.0,0.0,169.70000000000002,0.0,21.4,28.9,28.9,30.9,300.0,300.0,31.700000000000003,35.9,28.8,28.1,29.9,4.95,2.0,4.96,0.16,0.0,0.0,1027.0,8228.0,0.0,0.0,0.0,0.0,0.0,1.0,0.0,0.0,0.0,0.0,0.0,-0.2,0.0,-0.5,0.0,0.0,16.0,25903.0
2026-07-30T19:03:24.349Z,373.832,373.848,0.0,7.4,0.0,0.0,0.0,0.0,0.0,0.0,0.0,0.0,1.0,0.0,0.0,0.0,9.0,4.0,0.0,0.0,0.0,0.0,0.0,0.0,0.0,0.0,5.0,12.0,1.0,12.18,5.01,2.5,1.49,0.0,0.0,0.0,361.3,0.0,-0.3,0.0,-0.1,-169.70000000000002,0.0,0.0,169.70000000000002,0.0,21.4,28.9,28.9,30.9,300.0,300.0,31.700000000000003,35.9,28.8,28.1,29.9,4.96,1.99,4.96,0.16,0.0,0.0,1027.0,8228.0,0.0,0.0,0.0,0.0,0.0,1.0,0.0,0.0,0.0,0.0,0.0,0.0,0.0,0.1,0.0,0.0,16.0,25903.0
2026-07-30T19:03:24.361Z,373.844,373.86,0.0,7.4,0.0,0.0,0.0,0.0,0.0,0.0,0.0,0.0,1.0,0.0,0.0,0.0,9.0,4.0,0.0,0.0,0.0,0.0,0.0,0.0,0.0,0.0,6.0,12.0,1.0,12.18,5.01,2.5,1.49,0.0,0.0,0.0,361.4,0.0,0.8,1.8,3.3000000000000003,-169.70000000000002,0.0,0.0,169.60000000000002,0.0,21.4,28.9,28.9,30.9,300.0,300.0,31.700000000000003,35.9,28.8,28.1,29.9,4.95,1.99,4.97,0.16,0.0,0.0,1027.0,8228.0,0.0,0.0,0.0,0.0,0.0,1.0,0.0,0.0,0.0,0.0,0.0,4.6000000000000005,0.0,-2.6,0.0,0.0,16.0,25903.0
2026-07-30T19:03:24.373Z,373.856,373.872,0.0,7.4,0.0,0.0,0.0,0.0,0.0,0.0,0.0,0.0,1.0,0.0,0.0,0.0,9.0,4.0,0.0,0.0,0.0,0.0,0.0,0.0,0.0,0.0,1.0,12.0,1.0,12.18,5.01,2.5,1.49,0.0,0.1,0.0,361.3,0.0,0.2,0.1,-0.6000000000000001,-169.70000000000002,0.0,0.0,169.70000000000002,0.0,21.4,28.9,28.9,30.9,300.0,300.0,31.700000000000003,35.9,28.8,28.1,29.9,4.95,1.99,4.97,0.16,0.0,0.0,1027.0,8228.0,0.0,0.0,0.0,0.0,0.0,1.0,0.0,0.0,0.0,0.0,0.0,-0.3,0.0,0.6000000000000001,0.0,0.0,16.0,25903.0
2026-07-30T19:03:24.385Z,373.868,373.884,0.0,7.4,0.0,0.0,0.0,0.0,0.0,0.0,0.0,0.0,1.0,0.0,0.0,0.0,9.0,4.0,0.0,0.0,0.0,0.0,0.0,0.0,0.0,0.0,2.0,12.0,1.0,12.18,5.01,2.5,1.49,0.0,0.0,0.0,361.3,0.0,-0.2,-0.4,-1.2000000000000002,-169.70000000000002,0.0,0.0,169.70000000000002,0.0,21.4,28.9,28.9,30.9,300.0,300.0,31.700000000000003,35.9,28.8,28.1,29.9,4.95,1.99,4.96,0.16,0.0,0.0,1027.0,8228.0,0.0,0.0,0.0,0.0,0.0,1.0,0.0,0.0,0.0,0.0,0.0,-1.4,0.0,1.0,0.0,0.0,16.0,25903.0
2026-07-30T19:03:24.398Z,373.881,373.896,0.0,7.4,0.0,0.0,0.0,0.0,0.0,0.0,0.0,0.0,1.0,0.0,0.0,0.0,9.0,4.0,0.0,0.0,0.0,0.0,0.0,0.0,0.0,0.0,3.0,12.0,1.0,12.18,5.01,2.5,1.49,0.0,0.0,0.0,361.3,0.0,0.3,0.7000000000000001,0.5,-169.70000000000002,0.0,0.0,169.70000000000002,0.0,21.4,28.9,28.9,30.9,300.0,300.0,31.700000000000003,35.9,28.8,28.1,29.9,4.96,1.99,4.96,0.16,0.0,0.0,1027.0,8228.0,0.0,0.0,0.0,0.0,0.0,1.0,0.0,0.0,0.0,0.0,0.0,1.2000000000000002,0.0,-0.2,0.0,0.0,16.0,25903.0
2026-07-30T19:03:24.410Z,373.893,373.908,0.0,7.4,0.0,0.0,0.0,0.0,0.0,0.0,0.0,0.0,1.0,0.0,0.0,0.0,9.0,4.0,0.0,0.0,0.0,0.0,0.0,0.0,0.0,0.0,4.0,12.0,1.0,12.18,5.01,2.5,1.49,0.0,0.0,0.0,361.4,0.0,0.9,-0.4,0.5,-169.70000000000002,0.0,0.0,169.70000000000002,0.0,21.4,28.9,28.9,30.9,300.0,300.0,31.700000000000003,35.9,28.8,28.1,29.9,4.95,1.99,4.97,0.16,0.0,0.0,1027.0,8228.0,0.0,0.0,0.0,0.0,0.0,1.0,0.0,0.0,0.0,0.0,0.0,0.0,0.0,-0.5,0.0,0.0,16.0,25903.0
2026-07-30T19:03:24.422Z,373.905,373.92,0.0,7.4,0.0,0.0,0.0,0.0,0.0,0.0,0.0,0.0,1.0,0.0,0.0,0.0,9.0,4.0,0.0,0.0,0.0,0.0,0.0,0.0,0.0,0.0,6.0,12.0,1.0,12.15,5.01,2.5,1.49,0.0,0.0,0.0,361.3,0.0,-0.2,-0.4,-0.1,-169.70000000000002,0.0,0.0,169.70000000000002,0.0,21.200000000000003,28.9,28.9,30.9,300.0,300.0,31.700000000000003,35.800000000000004,28.8,28.1,29.9,4.96,1.99,4.97,0.16,0.0,0.0,1027.0,8228.0,0.0,0.0,0.0,0.0,0.0,1.0,0.0,0.0,0.0,0.0,0.0,-0.5,0.0,0.0,0.0,0.0,16.0,25903.0
2026-07-30T19:03:24.434Z,373.917,373.932,0.0,7.4,0.0,0.0,0.0,0.0,0.0,0.0,0.0,0.0,1.0,0.0,0.0,0.0,9.0,4.0,0.0,0.0,0.0,0.0,0.0,0.0,0.0,0.0,1.0,12.0,1.0,12.15,5.01,2.5,1.49,0.0,0.0,0.0,361.4,0.0,0.3,0.1,0.0,-169.70000000000002,0.0,0.0,169.8,0.0,21.200000000000003,28.9,28.9,30.9,300.0,300.0,31.700000000000003,35.800000000000004,28.8,28.1,29.9,4.96,1.99,4.96,0.16,0.0,0.0,1027.0,8228.0,0.0,0.0,0.0,0.0,0.0,1.0,0.0,0.0,0.0,0.0,0.0,0.1,0.0,0.1,0.0,0.0,16.0,25903.0
2026-07-30T19:03:24.446Z,373.929,373.944,0.0,7.4,0.0,0.0,0.0,0.0,0.0,0.0,0.0,0.0,1.0,0.0,0.0,0.0,9.0,4.0,0.0,0.0,0.0,0.0,0.0,0.0,0.0,0.0,2.0,12.0,1.0,12.15,5.01,2.5,1.49,0.0,0.0,0.0,361.4,0.0,0.9,0.7000000000000001,1.0,-169.70000000000002,0.0,0.0,169.70000000000002,0.0,21.200000000000003,28.9,28.9,30.9,300.0,300.0,31.700000000000003,35.800000000000004,28.8,28.1,29.9,4.96,1.99,4.96,0.16,0.0,0.0,1027.0,8228.0,0.0,0.0,0.0,0.0,0.0,1.0,0.0,0.0,0.0,0.0,0.0,1.6,0.0,-0.7000000000000001,0.0,0.0,16.0,25903.0
2026-07-30T19:03:24.457Z,373.94,373.956,0.0,7.4,0.0,0.0,0.0,0.0,0.0,0.0,0.0,0.0,1.0,0.0,0.0,0.0,9.0,4.0,0.0,0.0,0.0,0.0,0.0,0.0,0.0,0.0,3.0,12.0,1.0,12.15,5.01,2.5,1.49,0.0,0.0,0.0,361.3,0.0,0.3,1.3,1.0,-169.70000000000002,0.0,0.0,169.70000000000002,0.0,21.200000000000003,28.9,28.9,30.9,300.0,300.0,31.700000000000003,35.800000000000004,28.8,28.1,29.9,4.95,1.99,4.97,0.16,0.0,0.0,1027.0,8228.0,0.0,0.0,0.0,0.0,0.0,1.0,0.0,0.0,0.0,0.0,0.0,2.3000000000000003,0.0,-0.6000000000000001,0.0,0.0,16.0,25903.0
2026-07-30T19:03:24.469Z,373.952,373.968,0.0,7.4,0.0,0.0,0.0,0.0,0.0,0.0,0.0,0.0,1.0,0.0,0.0,0.0,9.0,4.0,0.0,0.0,0.0,0.0,0.0,0.0,0.0,0.0,4.0,12.0,1.0,12.15,5.01,2.5,1.49,0.0,0.0,0.0,361.3,0.0,0.3,0.1,-0.1,-169.70000000000002,0.0,0.0,169.70000000000002,0.0,21.200000000000003,28.9,28.9,30.9,300.0,300.0,31.700000000000003,35.800000000000004,28.8,28.1,29.9,4.96,1.99,4.96,0.16,0.0,0.0,1027.0,8228.0,0.0,0.0,0.0,0.0,0.0,1.0,0.0,0.0,0.0,0.0,0.0,0.1,0.0,0.1,0.0,0.0,16.0,25903.0
2026-07-30T19:03:24.482Z,373.965,373.98,0.0,7.4,0.0,0.0,0.0,0.0,0.0,0.0,0.0,0.0,1.0,0.0,0.0,0.0,9.0,4.0,0.0,0.0,0.0,0.0,0.0,0.0,0.0,0.0,5.0,12.0,1.0,12.15,5.01,2.5,1.49,0.0,0.1,0.0,361.4,0.0,-0.2,0.1,1.0,-169.70000000000002,0.0,0.0,169.70000000000002,0.0,21.200000000000003,28.9,28.9,30.9,300.0,300.0,31.700000000000003,35.800000000000004,28.8,28.1,29.9,4.96,1.99,4.97,0.16,0.0,0.0,1027.0,8228.0,0.0,0.0,0.0,0.0,0.0,1.0,0.0,0.0,0.0,0.0,0.0,1.0,0.0,-0.9,0.0,0.0,16.0,25903.0
2026-07-30T19:03:24.494Z,373.977,373.992,0.0,7.4,0.0,0.0,0.0,0.0,0.0,0.0,0.0,0.0,1.0,0.0,0.0,0.0,9.0,4.0,0.0,0.0,0.0,0.0,0.0,0.0,0.0,0.0,6.0,12.0,1.0,12.15,5.01,2.5,1.49,0.0,0.1,0.0,361.4,0.0,-0.2,1.3,0.4,-169.70000000000002,0.0,0.0,169.70000000000002,0.0,21.200000000000003,28.9,28.9,30.9,300.0,300.0,31.700000000000003,35.800000000000004,28.8,28.1,29.9,4.95,1.99,4.97,0.16,0.0,0.0,1027.0,8228.0,0.0,0.0,0.0,0.0,0.0,1.0,0.0,0.0,0.0,0.0,0.0,1.8,0.0,-0.1,0.0,0.0,16.0,25903.0
2026-07-30T19:03:24.506Z,373.989,374.004,0.0,7.4,0.0,0.0,0.0,0.0,0.0,0.0,0.0,0.0,1.0,0.0,0.0,0.0,9.0,4.0,0.0,0.0,0.0,0.0,0.0,0.0,0.0,0.0,1.0,12.0,1.0,12.15,5.01,2.5,1.49,0.0,0.0,0.0,361.3,0.0,-0.3,-0.9,0.4,-169.70000000000002,0.0,0.0,169.8,0.0,21.200000000000003,28.9,28.9,30.9,300.0,300.0,31.700000000000003,35.800000000000004,28.8,28.1,29.9,4.95,1.99,4.96,0.16,0.0,0.0,1027.0,8228.0,0.0,0.0,0.0,0.0,0.0,1.0,0.0,0.0,0.0,0.0,0.0,-0.7000000000000001,0.0,-0.6000000000000001,0.0,0.0,16.0,25903.0
2026-07-30T19:03:24.519Z,374.002,374.016,0.0,7.4,0.0,0.0,0.0,0.0,0.0,0.0,0.0,0.0,1.0,0.0,0.0,0.0,9.0,4.0,0.0,0.0,0.0,0.0,0.0,0.0,0.0,0.0,2.0,12.0,1.0,12.15,5.0200000000000005,2.51,1.49,0.0,0.0,0.0,361.3,0.0,0.3,0.1,1.0,-169.70000000000002,0.0,0.0,169.8,0.0,21.8,28.9,28.9,30.9,300.0,300.0,31.8,35.800000000000004,28.8,28.1,29.9,4.95,2.0,4.97,0.16,0.0,0.0,1027.0,8228.0,0.0,0.0,0.0,0.0,0.0,1.0,0.0,0.0,0.0,0.0,0.0,0.9,0.0,-0.8,0.0,0.0,16.0,25903.0
2026-07-30T19:03:24.530Z,374.013,374.028,0.0,7.4,0.0,0.0,0.0,0.0,0.0,0.0,0.0,0.0,1.0,0.0,0.0,0.0,9.0,4.0,0.0,0.0,0.0,0.0,0.0,0.0,0.0,0.0,3.0,12.0,1.0,12.15,5.0200000000000005,2.51,1.49,0.0,0.0,0.0,361.3,0.0,0.3,1.3,0.4,-169.70000000000002,0.0,0.0,169.8,0.0,21.8,28.9,28.9,30.9,300.0,300.0,31.8,35.800000000000004,28.8,28.1,29.9,4.95,1.99,4.97,0.16,0.0,0.0,1027.0,8228.0,0.0,0.0,0.0,0.0,0.0,1.0,0.0,0.0,0.0,0.0,0.0,1.8,0.0,-0.1,0.0,0.0,16.0,25903.0
2026-07-30T19:03:24.542Z,374.025,374.04,0.0,7.4,0.0,0.0,0.0,0.0,0.0,0.0,0.0,0.0,1.0,0.0,0.0,0.0,9.0,4.0,0.0,0.0,0.0,0.0,0.0,0.0,0.0,0.0,4.0,12.0,1.0,12.15,5.0200000000000005,2.51,1.49,0.0,0.0,0.0,361.4,0.0,0.8,0.7000000000000001,1.0,-169.70000000000002,0.0,0.0,169.8,0.0,21.8,28.9,28.9,30.9,300.0,300.0,31.8,35.800000000000004,28.8,28.1,29.9,4.96,1.99,4.97,0.16,0.0,0.0,1027.0,8228.0,0.0,0.0,0.0,0.0,0.0,1.0,0.0,0.0,0.0,0.0,0.0,1.6,0.0,-0.7000000000000001,0.0,0.0,16.0,25903.0
2026-07-30T19:03:24.554Z,374.037,374.052,0.0,7.4,0.0,0.0,0.0,0.0,0.0,0.0,0.0,0.0,1.0,0.0,0.0,0.0,9.0,4.0,0.0,0.0,0.0,0.0,0.0,0.0,0.0,0.0,6.0,12.0,1.0,12.15,5.0200000000000005,2.51,1.49,-0.1,0.0,0.0,361.3,0.0,0.9,-0.4,-0.1,-169.70000000000002,0.0,0.0,169.8,0.0,21.8,28.9,28.9,30.9,300.0,300.0,31.8,35.800000000000004,28.8,28.1,29.9,4.96,1.99,4.96,0.16,0.0,0.0,1027.0,8228.0,0.0,0.0,0.0,0.0,0.0,1.0,0.0,0.0,0.0,0.0,0.0,-0.5,0.0,0.0,0.0,0.0,16.0,25903.0
2026-07-30T19:03:24.565Z,374.048,374.064,0.0,7.4,0.0,0.0,0.0,0.0,0.0,0.0,0.0,0.0,1.0,0.0,0.0,0.0,9.0,4.0,0.0,0.0,0.0,0.0,0.0,0.0,0.0,0.0,1.0,12.0,1.0,12.15,5.0200000000000005,2.51,1.49,0.0,0.0,0.0,361.4,0.0,0.8,-0.9,0.4,-169.70000000000002,0.0,0.0,169.8,0.0,21.8,28.9,28.9,30.9,300.0,300.0,31.8,35.800000000000004,28.8,28.1,29.9,4.95,1.99,4.97,0.16,0.0,0.0,1027.0,8228.0,0.0,0.0,0.0,0.0,0.0,1.0,0.0,0.0,0.0,0.0,0.0,-0.8,0.0,-0.5,0.0,0.0,16.0,25903.0
2026-07-30T19:03:24.577Z,374.06,374.076,0.0,7.4,0.0,0.0,0.0,0.0,0.0,0.0,0.0,0.0,1.0,0.0,0.0,0.0,9.0,4.0,0.0,0.0,0.0,0.0,0.0,0.0,0.0,0.0,2.0,12.0,1.0,12.15,5.0200000000000005,2.51,1.49,0.0,0.0,0.0,361.3,0.0,0.3,1.3,-0.1,-169.70000000000002,0.0,0.0,169.8,0.0,21.8,28.9,28.9,30.9,300.0,300.0,31.8,35.800000000000004,28.8,28.1,29.9,4.95,1.99,4.96,0.16,0.0,0.0,1027.0,8228.0,0.0,0.0,0.0,0.0,0.0,1.0,0.0,0.0,0.0,0.0,0.0,1.4,0.0,0.4,0.0,0.0,16.0,25903.0
2026-07-30T19:03:24.590Z,374.073,374.088,0.0,7.4,0.0,0.0,0.0,0.0,0.0,0.0,0.0,0.0,1.0,0.0,0.0,0.0,9.0,4.0,0.0,0.0,0.0,0.0,0.0,0.0,0.0,0.0,3.0,12.0,1.0,12.15,5.0200000000000005,2.51,1.49,0.0,0.0,0.0,361.4,0.0,0.3,0.7000000000000001,-0.2,-169.70000000000002,0.0,0.0,169.8,0.0,21.8,28.9,28.9,30.9,300.0,300.0,31.8,35.800000000000004,28.8,28.1,29.9,4.95,2.0,4.96,0.16,0.0,0.0,1027.0,8228.0,0.0,0.0,0.0,0.0,0.0,1.0,0.0,0.0,0.0,0.0,0.0,0.7000000000000001,0.0,0.3,0.0,0.0,16.0,25903.0
2026-07-30T19:03:24.602Z,374.085,374.1,0.0,7.4,0.0,0.0,0.0,0.0,0.0,0.0,0.0,0.0,1.0,0.0,0.0,0.0,9.0,4.0,0.0,0.0,0.0,0.0,0.0,0.0,0.0,0.0,5.0,12.0,1.0,12.15,5.0200000000000005,2.51,1.49,0.0,0.0,0.0,361.4,0.0,0.9,1.3,2.7,-169.70000000000002,0.0,0.0,169.8,0.0,21.8,28.9,28.9,30.9,300.0,300.0,31.8,35.800000000000004,28.8,28.1,29.9,4.95,2.0,4.96,0.16,0.0,0.0,1027.0,8228.0,0.0,0.0,0.0,0.0,0.0,1.0,0.0,0.0,0.0,0.0,0.0,-1.0,0.0,0.6000000000000001,0.0,0.0,16.0,25903.0
2026-07-30T19:03:24.614Z,374.097,374.112,0.0,7.4,0.0,0.0,0.0,0.0,0.0,0.0,0.0,0.0,1.0,0.0,0.0,0.0,9.0,4.0,0.0,0.0,0.0,0.0,0.0,0.0,0.0,0.0,5.0,12.0,1.0,12.15,5.0200000000000005,2.51,1.49,0.0,0.0,0.0,361.4,0.0,-0.2,-0.4,-0.7000000000000001,-169.70000000000002,0.0,0.0,169.8,0.0,21.8,28.9,28.9,30.9,300.0,300.0,31.8,35.800000000000004,28.8,28.1,29.9,4.95,1.99,4.97,0.16,0.0,0.0,1027.0,8228.0,0.0,0.0,0.0,0.0,0.0,1.0,0.0,0.0,0.0,0.0,0.0,-0.6000000000000001,0.0,0.0,0.0,0.0,16.0,25903.0
2026-07-30T19:03:24.626Z,374.109,374.124,0.0,7.4,0.0,0.0,0.0,0.0,0.0,0.0,0.0,0.0,1.0,0.0,0.0,0.0,9.0,4.0,0.0,0.0,0.0,0.0,0.0,0.0,0.0,0.0,6.0,12.0,1.0,12.17,5.0200000000000005,2.51,1.5,0.0,0.0,0.0,361.4,0.0,0.3,0.1,-0.8,-169.70000000000002,0.0,0.0,169.8,0.0,21.200000000000003,28.9,28.9,30.9,300.0,300.0,31.6,35.800000000000004,28.8,28.1,29.9,4.95,1.99,4.96,0.17,0.0,0.0,1027.0,8228.0,0.0,0.0,0.0,0.0,0.0,1.0,0.0,0.0,0.0,0.0,0.0,-0.8,0.0,1.2000000000000002,0.0,0.0,16.0,25903.0
2026-07-30T19:03:24.638Z,374.121,374.136,0.0,7.4,0.0,0.0,0.0,0.0,0.0,0.0,0.0,0.0,1.0,0.0,0.0,0.0,9.0,4.0,0.0,0.0,0.0,0.0,0.0,0.0,0.0,0.0,1.0,12.0,1.0,12.17,5.0200000000000005,2.51,1.5,0.0,0.1,0.0,361.4,0.0,0.3,0.1,-0.2,-169.70000000000002,0.0,0.0,169.8,0.0,21.200000000000003,28.9,28.9,30.9,300.0,300.0,31.6,35.800000000000004,28.8,28.1,29.9,4.96,1.99,4.96,0.16,0.0,0.0,1027.0,8228.0,0.0,0.0,0.0,0.0,0.0,1.0,0.0,0.0,0.0,0.0,0.0,2.3000000000000003,0.0,0.1,0.0,0.0,16.0,25903.0
2026-07-30T19:03:24.650Z,374.133,374.148,0.0,7.4,0.0,0.0,0.0,0.0,0.0,0.0,0.0,0.0,1.0,0.0,0.0,0.0,9.0,4.0,0.0,0.0,0.0,0.0,0.0,0.0,0.0,0.0,3.0,12.0,1.0,12.17,5.0200000000000005,2.51,1.5,0.0,0.1,0.0,361.4,0.0,0.2,0.7000000000000001,0.8,-169.70000000000002,0.0,0.0,169.70000000000002,0.0,21.200000000000003,28.9,28.9,30.9,300.0,300.0,31.6,35.800000000000004,28.8,28.1,29.9,4.95,1.99,4.97,0.16,0.0,0.0,1027.0,8228.0,0.0,0.0,0.0,0.0,0.0,1.0,0.0,0.0,0.0,0.0,0.0,1.4,0.0,-0.6000000000000001,0.0,0.0,16.0,25903.0
2026-07-30T19:03:24.662Z,374.145,374.16,0.0,7.4,0.0,0.0,0.0,0.0,0.0,0.0,0.0,0.0,1.0,0.0,0.0,0.0,9.0,4.0,0.0,0.0,0.0,0.0,0.0,0.0,0.0,0.0,4.0,12.0,1.0,12.17,5.0200000000000005,2.51,1.5,0.0,0.0,0.0,361.4,0.0,0.2,0.1,-0.2,-169.70000000000002,0.0,0.0,169.8,0.0,21.200000000000003,28.9,28.9,30.9,300.0,300.0,31.6,35.800000000000004,28.8,28.1,29.9,4.95,1.99,4.96,0.16,0.0,0.0,1027.0,8228.0,0.0,0.0,0.0,0.0,0.0,1.0,0.0,0.0,0.0,0.0,0.0,0.0,0.0,0.2,0.0,0.0,16.0,25903.0
2026-07-30T19:03:24.673Z,374.156,374.172,0.0,7.4,0.0,0.0,0.0,0.0,0.0,0.0,0.0,0.0,1.0,0.0,0.0,0.0,9.0,4.0,0.0,0.0,0.0,0.0,0.0,0.0,0.0,0.0,5.0,12.0,1.0,12.17,5.0200000000000005,2.51,1.5,0.0,0.0,0.0,361.3,0.0,0.2,0.6000000000000001,-0.3,-169.70000000000002,0.0,0.0,169.8,0.0,21.200000000000003,28.9,28.9,30.9,300.0,300.0,31.6,35.800000000000004,28.8,28.1,29.9,4.95,2.0,4.96,0.16,0.0,0.0,1027.0,8228.0,0.0,0.0,0.0,0.0,0.0,1.0,0.0,0.0,0.0,0.0,0.0,0.5,0.0,0.4,0.0,0.0,16.0,25903.0
2026-07-30T19:03:24.686Z,374.169,374.184,0.0,7.4,0.0,0.0,0.0,0.0,0.0,0.0,0.0,0.0,1.0,0.0,0.0,0.0,9.0,4.0,0.0,0.0,0.0,0.0,0.0,0.0,0.0,0.0,6.0,12.0,1.0,12.17,5.0200000000000005,2.51,1.5,0.0,0.0,0.0,361.3,0.0,0.7000000000000001,0.6000000000000001,-1.4,-169.70000000000002,0.0,0.0,169.8,0.0,21.200000000000003,28.9,28.9,30.9,300.0,300.0,31.6,35.800000000000004,28.8,28.1,29.9,4.95,1.99,4.96,0.16,0.0,0.0,1027.0,8228.0,0.0,0.0,0.0,0.0,0.0,1.0,0.0,0.0,0.0,0.0,0.0,-0.3,0.0,1.4,0.0,0.0,16.0,25903.0
2026-07-30T19:03:24.698Z,374.181,374.196,0.0,7.4,0.0,0.0,0.0,0.0,0.0,0.0,0.0,0.0,1.0,0.0,0.0,0.0,9.0,4.0,0.0,0.0,0.0,0.0,0.0,0.0,0.0,0.0,2.0,12.0,1.0,12.17,5.0200000000000005,2.51,1.5,0.0,0.0,0.0,361.3,0.0,-0.3,0.1,-1.4,-169.70000000000002,0.0,0.0,169.70000000000002,0.0,21.200000000000003,28.9,28.9,30.9,300.0,300.0,31.6,35.800000000000004,28.8,28.1,29.9,4.95,1.99,4.97,0.16,0.0,0.0,1027.0,8228.0,0.0,0.0,0.0,0.0,0.0,1.0,0.0,0.0,0.0,0.0,0.0,-0.8,0.0,1.2000000000000002,0.0,0.0,16.0,25903.0
2026-07-30T19:03:24.709Z,374.192,374.208,0.0,7.4,0.0,0.0,0.0,0.0,0.0,0.0,0.0,0.0,1.0,0.0,0.0,0.0,9.0,4.0,0.0,0.0,0.0,0.0,0.0,0.0,0.0,0.0,3.0,12.0,1.0,12.17,5.0200000000000005,2.51,1.5,0.0,0.0,0.0,361.4,0.0,0.2,0.1,-0.2,-169.70000000000002,0.0,0.0,169.70000000000002,0.0,21.200000000000003,28.9,28.9,30.9,300.0,300.0,31.6,35.800000000000004,28.8,28.1,29.9,4.96,2.0,4.96,0.16,0.0,0.0,1027.0,8228.0,0.0,0.0,0.0,0.0,0.0,1.0,0.0,0.0,0.0,0.0,0.0,0.0,0.0,0.2,0.0,0.0,16.0,25903.0
2026-07-30T19:03:24.723Z,374.206,374.22,0.0,7.4,0.0,0.0,0.0,0.0,0.0,0.0,0.0,0.0,1.0,0.0,0.0,0.0,9.0,4.0,0.0,0.0,0.0,0.0,0.0,0.0,0.0,0.0,4.0,12.0,1.0,12.17,5.01,2.51,1.49,0.0,0.0,0.0,361.4,0.0,-0.3,0.1,-0.8,-169.70000000000002,0.0,0.0,169.70000000000002,0.0,21.3,28.9,28.9,30.9,300.0,300.0,31.700000000000003,35.800000000000004,28.9,28.0,29.9,4.96,1.99,4.97,0.16,0.0,0.0,1027.0,8228.0,0.0,0.0,0.0,0.0,0.0,1.0,0.0,0.0,0.0,0.0,0.0,-0.5,0.0,0.7000000000000001,0.0,0.0,16.0,25903.0
2026-07-30T19:03:24.734Z,374.217,374.232,0.0,7.4,0.0,0.0,0.0,0.0,0.0,0.0,0.0,0.0,1.0,0.0,0.0,0.0,9.0,4.0,0.0,0.0,0.0,0.0,0.0,0.0,0.0,0.0,5.0,12.0,1.0,12.17,5.01,2.51,1.49,0.0,0.0,0.0,361.3,0.0,0.8,1.2000000000000002,1.4,-169.70000000000002,0.0,0.0,169.8,0.0,21.3,28.9,28.9,30.9,300.0,300.0,31.700000000000003,35.800000000000004,28.9,28.0,29.9,4.95,1.99,4.97,0.16,0.0,0.0,1027.0,8228.0,0.0,0.0,0.0,0.0,0.0,1.0,0.0,0.0,0.0,0.0,0.0,2.5,0.0,-0.9,0.0,0.0,16.0,25903.0
2026-07-30T19:03:24.745Z,374.228,374.244,0.0,7.4,0.0,0.0,0.0,0.0,0.0,0.0,0.0,0.0,1.0,0.0,0.0,0.0,9.0,4.0,0.0,0.0,0.0,0.0,0.0,0.0,0.0,0.0,6.0,12.0,1.0,12.17,5.01,2.51,1.49,0.0,0.0,0.0,361.4,0.0,0.2,0.7000000000000001,-1.4,-169.70000000000002,0.0,0.0,169.60000000000002,0.0,21.3,28.9,28.9,30.9,300.0,300.0,31.700000000000003,35.800000000000004,28.9,28.0,29.9,4.96,1.99,4.96,0.16,0.0,0.0,1027.0,8228.0,0.0,0.0,0.0,0.0,0.0,1.0,0.0,0.0,0.0,0.0,0.0,-0.2,0.0,1.3,0.0,0.0,16.0,25903.0
2026-07-30T19:03:24.757Z,374.24,374.256,0.0,7.4,0.0,0.0,0.0,0.0,0.0,0.0,0.0,0.0,1.0,0.0,0.0,0.0,9.0,4.0,0.0,0.0,0.0,0.0,0.0,0.0,0.0,0.0,1.0,12.0,1.0,12.17,5.01,2.51,1.49,0.0,0.0,0.0,361.4,0.0,-0.3,-0.4,-0.8,-169.70000000000002,0.0,0.0,169.70000000000002,0.0,21.3,28.9,28.9,30.9,300.0,300.0,31.700000000000003,35.800000000000004,28.9,28.0,29.9,4.95,1.99,4.96,0.16,0.0,0.0,1027.0,8228.0,0.0,0.0,0.0,0.0,0.0,1.0,0.0,0.0,0.0,0.0,0.0,-1.1,0.0,0.6000000000000001,0.0,0.0,16.0,25903.0
2026-07-30T19:03:24.769Z,374.252,374.268,0.0,7.4,0.0,0.0,0.0,0.0,0.0,0.0,0.0,0.0,1.0,0.0,0.0,0.0,9.0,4.0,0.0,0.0,0.0,0.0,0.0,0.0,0.0,0.0,2.0,12.0,1.0,12.17,5.01,2.51,1.49,0.0,0.0,0.0,361.4,0.0,0.8,1.8,1.5,-169.70000000000002,0.0,0.0,169.70000000000002,0.0,21.3,28.9,28.9,30.9,300.0,300.0,31.700000000000003,35.800000000000004,28.9,28.0,29.9,4.95,1.99,4.98,0.16,0.0,0.0,1027.0,8228.0,0.0,0.0,0.0,0.0,0.0,1.0,0.0,0.0,0.0,0.0,0.0,3.2,0.0,-0.9,0.0,0.0,16.0,25903.0
2026-07-30T19:03:24.781Z,374.264,374.28,0.0,7.4,0.0,0.0,0.0,0.0,0.0,0.0,0.0,0.0,1.0,0.0,0.0,0.0,9.0,4.0,0.0,0.0,0.0,0.0,0.0,0.0,0.0,0.0,3.0,12.0,1.0,12.17,5.01,2.51,1.49,0.0,0.0,0.0,361.3,0.0,0.2,0.1,0.9,-169.70000000000002,0.0,0.0,169.70000000000002,0.0,21.3,28.9,28.9,30.9,300.0,300.0,31.700000000000003,35.800000000000004,28.9,28.0,29.9,4.96,1.99,4.98,0.16,0.0,0.0,1027.0,8228.0,0.0,0.0,0.0,0.0,0.0,1.0,0.0,0.0,0.0,0.0,0.0,0.8,0.0,-0.8,0.0,0.0,16.0,25903.0
2026-07-30T19:03:24.793Z,374.276,374.292,0.0,7.4,0.0,0.0,0.0,0.0,0.0,0.0,0.0,0.0,1.0,0.0,0.0,0.0,9.0,4.0,0.0,0.0,0.0,0.0,0.0,0.0,0.0,0.0,5.0,12.0,1.0,12.17,5.01,2.51,1.49,0.0,0.0,0.0,361.4,0.0,0.2,0.1,0.4,-169.70000000000002,0.0,0.0,169.70000000000002,0.0,21.3,28.9,28.9,30.9,300.0,300.0,31.700000000000003,35.800000000000004,28.9,28.0,29.9,4.96,1.99,4.96,0.16,0.0,0.0,1027.0,8228.0,0.0,0.0,0.0,0.0,0.0,1.0,0.0,0.0,0.0,0.0,0.0,0.4,0.0,-0.3,0.0,0.0,16.0,25903.0
2026-07-30T19:03:24.805Z,374.288,374.304,0.0,7.4,0.0,0.0,0.0,0.0,0.0,0.0,0.0,0.0,1.0,0.0,0.0,0.0,9.0,4.0,0.0,0.0,0.0,0.0,0.0,0.0,0.0,0.0,6.0,12.0,1.0,12.17,5.01,2.51,1.49,0.0,0.0,0.0,361.3,0.0,1.4,-0.4,-1.3,-169.70000000000002,0.0,0.0,169.70000000000002,0.0,21.3,28.9,28.9,30.9,300.0,300.0,31.700000000000003,35.800000000000004,28.9,28.0,29.9,4.95,1.99,4.97,0.16,0.0,0.0,1027.0,8228.0,0.0,0.0,0.0,0.0,0.0,1.0,0.0,0.0,0.0,0.0,0.0,-1.5,0.0,1.0,0.0,0.0,16.0,25903.0
2026-07-30T19:03:24.817Z,374.3,374.316,0.0,7.4,0.0,0.0,0.0,0.0,0.0,0.0,0.0,0.0,1.0,0.0,0.0,0.0,9.0,4.0,0.0,0.0,0.0,0.0,0.0,0.0,0.0,0.0,1.0,12.0,1.0,12.17,5.01,2.51,1.49,0.0,0.0,0.0,361.4,0.0,-0.2,0.1,-0.6000000000000001,-169.70000000000002,0.0,0.0,169.8,0.0,21.3,28.9,28.9,30.9,300.0,300.0,31.700000000000003,35.800000000000004,28.9,28.0,29.9,4.95,1.99,4.96,0.16,0.0,0.0,1027.0,8228.0,0.0,0.0,0.0,0.0,0.0,1.0,0.0,0.0,0.0,0.0,0.0,-0.3,0.0,0.6000000000000001,0.0,0.0,16.0,25903.0
2026-07-30T19:03:24.830Z,374.313,374.328,0.0,7.4,0.0,0.0,0.0,0.0,0.0,0.0,0.0,0.0,1.0,0.0,0.0,0.0,9.0,4.0,0.0,0.0,0.0,0.0,0.0,0.0,0.0,0.0,3.0,12.0,1.0,12.18,5.0200000000000005,2.5,1.49,0.0,0.0,0.0,361.5,0.0,0.2,0.1,0.4,-169.70000000000002,0.0,0.0,169.8,0.0,21.4,28.9,28.9,30.9,300.0,300.0,31.700000000000003,35.800000000000004,28.9,28.1,29.9,4.96,1.99,4.96,0.16,0.0,0.0,1027.0,8228.0,0.0,0.0,0.0,0.0,0.0,1.0,0.0,0.0,0.0,0.0,0.0,0.4,0.0,-0.3,0.0,0.0,16.0,25903.0
2026-07-30T19:03:24.841Z,374.324,374.34,0.0,7.4,0.0,0.0,0.0,0.0,0.0,0.0,0.0,0.0,1.0,0.0,0.0,0.0,9.0,4.0,0.0,0.0,0.0,0.0,0.0,0.0,0.0,0.0,4.0,12.0,1.0,12.18,5.0200000000000005,2.5,1.49,0.0,0.0,0.0,361.4,0.0,-0.3,-0.4,-0.1,-169.70000000000002,0.0,0.0,169.70000000000002,0.0,21.4,28.9,28.9,30.9,300.0,300.0,31.700000000000003,35.800000000000004,28.9,28.1,29.9,4.95,1.99,4.96,0.16,0.0,0.0,1027.0,8228.0,0.0,0.0,0.0,0.0,0.0,1.0,0.0,0.0,0.0,0.0,0.0,-0.5,0.0,0.0,0.0,0.0,16.0,25903.0
2026-07-30T19:03:24.854Z,374.337,374.352,0.0,7.4,0.0,0.0,0.0,0.0,0.0,0.0,0.0,0.0,1.0,0.0,0.0,0.0,9.0,4.0,0.0,0.0,0.0,0.0,0.0,0.0,0.0,0.0,5.0,12.0,1.0,12.18,5.0200000000000005,2.5,1.49,0.0,0.0,0.0,361.4,0.0,0.2,0.7000000000000001,0.4,-169.70000000000002,0.0,0.0,169.8,0.0,21.4,28.9,28.9,30.9,300.0,300.0,31.700000000000003,35.800000000000004,28.9,28.1,29.9,4.95,1.99,4.97,0.16,0.0,0.0,1027.0,8228.0,0.0,0.0,0.0,0.0,0.0,1.0,0.0,0.0,0.0,0.0,0.0,1.1,0.0,-0.2,0.0,0.0,16.0,25903.0
2026-07-30T19:03:24.866Z,374.349,374.364,0.0,7.4,0.0,0.0,0.0,0.0,0.0,0.0,0.0,0.0,1.0,0.0,0.0,0.0,9.0,4.0,0.0,0.0,0.0,0.0,0.0,0.0,0.0,0.0,6.0,12.0,1.0,12.18,5.0200000000000005,2.5,1.49,0.0,0.0,0.0,361.3,0.0,0.2,1.3,-0.2,-169.70000000000002,0.0,0.0,169.8,0.0,21.4,28.9,28.9,30.9,300.0,300.0,31.700000000000003,35.800000000000004,28.9,28.1,29.9,4.95,1.99,4.96,0.16,0.0,0.0,1027.0,8228.0,0.0,0.0,0.0,0.0,0.0,1.0,0.0,0.0,0.0,0.0,0.0,1.3,0.0,0.4,0.0,0.0,16.0,25903.0
2026-07-30T19:03:24.878Z,374.361,374.376,0.0,7.4,0.0,0.0,0.0,0.0,0.0,0.0,0.0,0.0,1.0,0.0,0.0,0.0,9.0,4.0,0.0,0.0,0.0,0.0,0.0,0.0,0.0,0.0,1.0,12.0,1.0,12.18,5.0200000000000005,2.5,1.49,0.0,0.0,0.0,361.4,0.0,0.7000000000000001,0.7000000000000001,0.9,-169.70000000000002,0.0,0.0,169.8,0.0,21.4,28.9,28.9,30.9,300.0,300.0,31.700000000000003,35.800000000000004,28.9,28.1,29.9,4.96,1.99,4.96,0.16,0.0,0.0,1027.0,8228.0,0.0,0.0,0.0,0.0,0.0,1.0,0.0,0.0,0.0,0.0,0.0,1.5,0.0,-0.6000000000000001,0.0,0.0,16.0,25903.0
2026-07-30T19:03:24.890Z,374.373,374.388,0.0,7.4,0.0,0.0,0.0,0.0,0.0,0.0,0.0,0.0,1.0,0.0,0.0,0.0,9.0,4.0,0.0,0.0,0.0,0.0,0.0,0.0,0.0,0.0,2.0,12.0,1.0,12.18,5.0200000000000005,2.5,1.49,0.0,0.1,0.0,361.4,0.0,0.1,0.1,-0.2,-169.70000000000002,0.0,0.0,169.8,0.0,21.4,28.9,28.9,30.9,300.0,300.0,31.700000000000003,35.800000000000004,28.9,28.1,29.9,4.95,1.99,4.97,0.16,0.0,0.0,1027.0,8228.0,0.0,0.0,0.0,0.0,0.0,1.0,0.0,0.0,0.0,0.0,0.0,0.0,0.0,0.2,0.0,0.0,16.0,25903.0
2026-07-30T19:03:24.901Z,374.384,374.4,0.0,7.4,0.0,0.0,0.0,0.0,0.0,0.0,0.0,0.0,1.0,0.0,0.0,0.0,9.0,4.0,0.0,0.0,0.0,0.0,0.0,0.0,0.0,0.0,4.0,12.0,1.0,12.18,5.0200000000000005,2.5,1.49,0.0,0.0,0.0,361.4,0.0,-0.4,-0.9,-0.8,-169.70000000000002,0.0,0.0,169.8,0.0,21.4,28.9,28.9,30.9,300.0,300.0,31.700000000000003,35.800000000000004,28.9,28.1,29.9,4.96,1.99,4.96,0.16,0.0,0.0,1027.0,8228.0,0.0,0.0,0.0,0.0,0.0,1.0,0.0,0.0,0.0,0.0,0.0,-1.7000000000000002,0.0,0.5,0.0,0.0,16.0,25903.0
2026-07-30T19:03:24.914Z,374.397,374.412,0.0,7.4,0.0,0.0,0.0,0.0,0.0,0.0,0.0,0.0,1.0,0.0,0.0,0.0,9.0,4.0,0.0,0.0,0.0,0.0,0.0,0.0,0.0,0.0,5.0,12.0,1.0,12.18,5.0200000000000005,2.5,1.49,0.0,0.0,0.0,361.4,0.0,-0.4,0.1,-0.9,-169.70000000000002,0.0,0.0,169.8,0.0,21.4,28.9,28.9,30.9,300.0,300.0,31.700000000000003,35.800000000000004,28.9,28.1,29.9,4.96,2.0,4.96,0.16,0.0,0.0,1027.0,8228.0,0.0,0.0,0.0,0.0,0.0,1.0,0.0,0.0,0.0,0.0,0.0,-0.4,0.0,0.8,0.0,0.0,16.0,25903.0
2026-07-30T19:03:24.926Z,374.409,374.424,0.0,7.4,0.0,0.0,0.0,0.0,0.0,0.0,0.0,0.0,1.0,0.0,0.0,0.0,9.0,4.0,0.0,0.0,0.0,0.0,0.0,0.0,0.0,0.0,6.0,12.0,1.0,12.18,5.0200000000000005,2.51,1.49,0.0,0.0,0.0,361.3,0.0,-1.0,0.1,-0.9,-169.70000000000002,0.0,0.0,169.8,0.0,21.3,28.9,28.9,30.9,300.0,300.0,31.700000000000003,35.800000000000004,28.9,28.1,29.9,4.96,1.99,4.96,0.16,0.0,0.0,1027.0,8228.0,0.0,0.0,0.0,0.0,0.0,1.0,0.0,0.0,0.0,0.0,0.0,-0.4,0.0,0.8,0.0,0.0,16.0,25903.0
2026-07-30T19:03:24.938Z,374.421,374.436,0.0,7.4,0.0,0.0,0.0,0.0,0.0,0.0,0.0,0.0,1.0,0.0,0.0,0.0,9.0,4.0,0.0,0.0,0.0,0.0,0.0,0.0,0.0,0.0,6.0,12.0,1.0,12.18,5.0200000000000005,2.51,1.49,0.0,0.0,0.0,361.3,0.0,0.1,-0.4,-0.2,-169.70000000000002,0.0,0.0,169.8,0.0,21.3,28.9,28.9,30.9,300.0,300.0,31.700000000000003,35.800000000000004,28.9,28.1,29.9,4.95,1.99,4.97,0.16,0.0,0.0,1027.0,8228.0,0.0,0.0,0.0,0.0,0.0,1.0,0.0,0.0,0.0,0.0,0.0,-0.6000000000000001,0.0,0.1,0.0,0.0,16.0,25903.0
2026-07-30T19:03:24.950Z,374.433,374.448,0.0,7.4,0.0,0.0,0.0,0.0,0.0,0.0,0.0,0.0,1.0,0.0,0.0,0.0,9.0,4.0,0.0,0.0,0.0,0.0,0.0,0.0,0.0,0.0,4.0,12.0,1.0,12.18,5.0200000000000005,2.51,1.49,0.0,0.1,0.0,361.3,0.0,0.2,-0.4,0.9,-169.70000000000002,0.0,0.0,169.70000000000002,0.0,21.3,28.9,28.9,30.9,300.0,300.0,31.700000000000003,35.800000000000004,28.9,28.1,29.9,4.95,1.99,4.96,0.16,0.0,0.0,1027.0,8228.0,0.0,0.0,0.0,0.0,0.0,1.0,0.0,0.0,0.0,0.0,0.0,0.2,0.0,-0.9,0.0,0.0,16.0,25903.0
2026-07-30T19:03:24.962Z,374.445,374.46,0.0,7.4,0.0,0.0,0.0,0.0,0.0,0.0,0.0,0.0,1.0,0.0,0.0,0.0,9.0,4.0,0.0,0.0,0.0,0.0,0.0,0.0,0.0,0.0,4.0,12.0,1.0,12.18,5.0200000000000005,2.51,1.49,0.0,0.0,0.0,361.4,0.0,-0.3,0.7000000000000001,-0.8,-169.70000000000002,0.0,0.0,169.8,0.0,21.3,28.9,28.9,30.9,300.0,300.0,31.700000000000003,35.800000000000004,28.9,28.1,29.9,4.95,1.99,4.97,0.16,0.0,0.0,1027.0,8228.0,0.0,0.0,0.0,0.0,0.0,1.0,0.0,0.0,0.0,0.0,0.0,0.2,0.0,0.8,0.0,0.0,16.0,25903.0
2026-07-30T19:03:24.974Z,374.457,374.472,0.0,7.4,0.0,0.0,0.0,0.0,0.0,0.0,0.0,0.0,1.0,0.0,0.0,0.0,9.0,4.0,0.0,0.0,0.0,0.0,0.0,0.0,0.0,0.0,1.0,12.0,1.0,12.18,5.0200000000000005,2.51,1.49,0.0,0.0,0.0,361.3,0.0,0.2,1.3,1.5,-169.70000000000002,0.0,0.0,169.8,0.0,21.3,28.9,28.9,30.9,300.0,300.0,31.700000000000003,35.800000000000004,28.9,28.1,29.9,4.95,1.99,4.97,0.16,0.0,0.0,1027.0,8228.0,0.0,0.0,0.0,0.0,0.0,1.0,0.0,0.0,0.0,0.0,0.0,2.7,0.0,-1.0,0.0,0.0,16.0,25903.0
2026-07-30T19:03:24.986Z,374.469,374.484,0.0,7.4,0.0,0.0,0.0,0.0,0.0,0.0,0.0,0.0,1.0,0.0,0.0,0.0,9.0,4.0,0.0,0.0,0.0,0.0,0.0,0.0,0.0,0.0,1.0,12.0,1.0,12.18,5.0200000000000005,2.51,1.49,0.0,0.0,0.0,361.3,0.0,0.8,-0.3,-0.2,-169.70000000000002,0.0,0.0,169.8,0.0,21.3,28.9,28.9,30.9,300.0,300.0,31.700000000000003,35.800000000000004,28.9,28.1,29.9,4.96,1.99,4.97,0.16,0.0,0.0,1027.0,8228.0,0.0,0.0,0.0,0.0,0.0,1.0,0.0,0.0,0.0,0.0,0.0,-0.6000000000000001,0.0,0.1,0.0,0.0,16.0,25903.0
2026-07-30T19:03:24.998Z,374.481,374.496,0.0,7.4,0.0,0.0,0.0,0.0,0.0,0.0,0.0,0.0,1.0,0.0,0.0,0.0,9.0,4.0,0.0,0.0,0.0,0.0,0.0,0.0,0.0,0.0,2.0,12.0,1.0,12.18,5.0200000000000005,2.51,1.49,0.0,0.0,0.0,361.3,0.0,0.2,0.2,-0.2,-169.70000000000002,0.0,0.0,169.70000000000002,0.0,21.3,28.9,28.9,30.9,300.0,300.0,31.700000000000003,35.800000000000004,28.9,28.1,29.9,4.95,2.0,4.96,0.16,0.0,0.0,1027.0,8228.0,0.0,0.0,0.0,0.0,0.0,1.0,0.0,0.0,0.0,0.0,0.0,0.0,0.0,0.2,0.0,0.0,16.0,25903.0
2026-07-30T19:03:25.010Z,374.493,374.508,0.0,7.4,0.0,0.0,0.0,0.0,0.0,0.0,0.0,0.0,1.0,0.0,0.0,0.0,9.0,4.0,0.0,0.0,0.0,0.0,0.0,0.0,0.0,0.0,3.0,12.0,1.0,12.18,5.0200000000000005,2.51,1.49,0.0,0.0,0.0,361.4,0.0,0.2,0.2,-0.2,-169.70000000000002,0.0,0.0,169.8,0.0,21.3,28.9,28.9,30.9,300.0,300.0,31.700000000000003,35.800000000000004,28.9,28.1,29.9,4.95,1.99,4.97,0.16,0.0,0.0,1027.0,8228.0,0.0,0.0,0.0,0.0,0.0,1.0,0.0,0.0,0.0,0.0,0.0,0.0,0.0,0.2,0.0,0.0,16.0,25903.0
2026-07-30T19:03:25.022Z,374.505,374.52,0.0,7.4,0.0,0.0,0.0,0.0,0.0,0.0,0.0,0.0,1.0,0.0,0.0,0.0,9.0,4.0,0.0,0.0,0.0,0.0,0.0,0.0,0.0,0.0,4.0,12.0,1.0,12.18,5.0200000000000005,2.51,1.49,0.0,0.0,0.0,361.3,0.0,0.2,0.8,-0.1,-169.70000000000002,0.0,0.0,169.8,0.0,21.3,28.9,28.9,30.9,300.0,300.0,31.700000000000003,35.800000000000004,28.9,28.1,29.9,4.95,1.99,4.97,0.16,0.0,0.0,1027.0,8228.0,0.0,0.0,0.0,0.0,0.0,1.0,0.0,0.0,0.0,0.0,0.0,0.7000000000000001,0.0,0.3,0.0,0.0,16.0,25903.0
2026-07-30T19:03:25.033Z,374.516,374.532,0.0,7.4,0.0,0.0,0.0,0.0,0.0,0.0,0.0,0.0,1.0,0.0,0.0,0.0,9.0,4.0,0.0,0.0,0.0,0.0,0.0,0.0,0.0,0.0,6.0,12.0,1.0,12.18,5.01,2.51,1.49,0.0,0.0,0.0,361.3,0.0,-0.9,-0.3,0.4,-169.70000000000002,0.0,0.0,169.70000000000002,0.0,21.700000000000003,28.9,28.9,30.9,300.0,300.0,31.700000000000003,35.800000000000004,28.9,28.1,29.9,4.96,1.99,4.96,0.16,0.0,0.0,1027.0,8228.0,0.0,0.0,0.0,0.0,0.0,1.0,0.0,0.0,0.0,0.0,0.0,0.0,0.0,-0.4,0.0,0.0,16.0,25903.0
2026-07-30T19:03:25.046Z,374.529,374.544,0.0,7.4,0.0,0.0,0.0,0.0,0.0,0.0,0.0,0.0,1.0,0.0,0.0,0.0,9.0,4.0,0.0,0.0,0.0,0.0,0.0,0.0,0.0,0.0,1.0,12.0,1.0,12.18,5.01,2.51,1.49,0.0,0.0,0.0,361.3,0.0,0.2,-0.3,0.9,-169.70000000000002,0.0,0.0,169.70000000000002,0.0,21.700000000000003,28.9,28.9,30.9,300.0,300.0,31.700000000000003,35.800000000000004,28.9,28.1,29.9,4.95,2.0,4.97,0.16,0.0,0.0,1027.0,8228.0,0.0,0.0,0.0,0.0,0.0,1.0,0.0,0.0,0.0,0.0,0.0,0.2,0.0,-0.9,0.0,0.0,16.0,25903.0
2026-07-30T19:03:25.058Z,374.541,374.556,0.0,7.4,0.0,0.0,0.0,0.0,0.0,0.0,0.0,0.0,1.0,0.0,0.0,0.0,9.0,4.0,0.0,0.0,0.0,0.0,0.0,0.0,0.0,0.0,2.0,12.0,1.0,12.18,5.01,2.51,1.49,0.0,0.0,0.0,361.4,0.0,0.2,0.7000000000000001,0.3,-169.70000000000002,0.0,0.0,169.70000000000002,0.0,21.700000000000003,28.9,28.9,30.9,300.0,300.0,31.700000000000003,35.800000000000004,28.9,28.1,29.9,4.95,1.99,4.97,0.16,0.0,0.0,1027.0,8228.0,0.0,0.0,0.0,0.0,0.0,1.0,0.0,0.0,0.0,0.0,0.0,1.1,0.0,-0.1,0.0,0.0,16.0,25903.0
2026-07-30T19:03:25.070Z,374.553,374.568,0.0,7.4,0.0,0.0,0.0,0.0,0.0,0.0,0.0,0.0,1.0,0.0,0.0,0.0,9.0,4.0,0.0,0.0,0.0,0.0,0.0,0.0,0.0,0.0,4.0,12.0,1.0,12.18,5.01,2.51,1.49,-0.1,0.1,0.0,361.4,0.0,-0.9,1.3,-0.2,-169.70000000000002,0.0,0.0,169.8,0.0,21.700000000000003,28.9,28.9,30.9,300.0,300.0,31.700000000000003,35.800000000000004,28.9,28.1,29.9,4.96,2.0,4.97,0.16,0.0,0.0,1027.0,8228.0,0.0,0.0,0.0,0.0,0.0,1.0,0.0,0.0,0.0,0.0,0.0,1.3,0.0,0.4,0.0,0.0,16.0,25903.0
2026-07-30T19:03:25.081Z,374.564,374.58,0.0,7.4,0.0,0.0,0.0,0.0,0.0,0.0,0.0,0.0,1.0,0.0,0.0,0.0,9.0,4.0,0.0,0.0,0.0,0.0,0.0,0.0,0.0,0.0,5.0,12.0,1.0,12.18,5.01,2.51,1.49,0.0,0.0,0.0,361.3,0.0,-0.3,-0.4,-0.7000000000000001,-169.70000000000002,0.0,0.0,169.8,0.0,21.700000000000003,28.9,28.9,30.9,300.0,300.0,31.700000000000003,35.800000000000004,28.9,28.1,29.9,4.96,2.0,4.96,0.16,0.0,0.0,1027.0,8228.0,0.0,0.0,0.0,0.0,0.0,1.0,0.0,0.0,0.0,0.0,0.0,-1.0,0.0,0.6000000000000001,0.0,0.0,16.0,25903.0
2026-07-30T19:03:25.094Z,374.577,374.592,0.0,7.4,0.0,0.0,0.0,0.0,0.0,0.0,0.0,0.0,1.0,0.0,0.0,0.0,9.0,4.0,0.0,0.0,0.0,0.0,0.0,0.0,0.0,0.0,6.0,12.0,1.0,12.18,5.01,2.51,1.49,0.0,0.1,0.0,361.3,0.0,-0.9,0.1,0.9,-169.70000000000002,0.0,0.0,169.8,0.0,21.700000000000003,28.9,28.9,30.9,300.0,300.0,31.700000000000003,35.800000000000004,28.9,28.1,29.9,4.95,1.99,4.97,0.16,0.0,0.0,1027.0,8228.0,0.0,0.0,0.0,0.0,0.0,1.0,0.0,0.0,0.0,0.0,0.0,0.8,0.0,-0.7000000000000001,0.0,0.0,16.0,25903.0
2026-07-30T19:03:25.106Z,374.589,374.604,0.0,7.4,0.0,0.0,0.0,0.0,0.0,0.0,0.0,0.0,1.0,0.0,0.0,0.0,9.0,4.0,0.0,0.0,0.0,0.0,0.0,0.0,0.0,0.0,1.0,12.0,1.0,12.18,5.01,2.51,1.49,0.0,0.0,0.0,361.3,0.0,-0.9,0.1,-0.7000000000000001,-169.70000000000002,0.0,0.0,169.8,0.0,21.700000000000003,28.9,28.9,30.9,300.0,300.0,31.700000000000003,35.800000000000004,28.9,28.1,29.9,4.95,1.99,4.96,0.16,0.0,0.0,1027.0,8228.0,0.0,0.0,0.0,0.0,0.0,1.0,0.0,0.0,0.0,0.0,0.0,-0.4,0.0,0.7000000000000001,0.0,0.0,16.0,25903.0
2026-07-30T19:03:25.118Z,374.601,374.616,0.0,7.4,0.0,0.0,0.0,0.0,0.0,0.0,0.0,0.0,1.0,0.0,0.0,0.0,9.0,4.0,0.0,0.0,0.0,0.0,0.0,0.0,0.0,0.0,1.0,12.0,1.0,12.18,5.01,2.51,1.49,0.0,0.1,0.0,361.4,0.0,-0.9,1.3,0.9,-169.70000000000002,0.0,0.0,169.8,0.0,21.700000000000003,28.9,28.9,30.9,300.0,300.0,31.700000000000003,35.800000000000004,28.9,28.1,29.9,4.96,1.99,4.96,0.16,0.0,0.0,1027.0,8228.0,0.0,0.0,0.0,0.0,0.0,1.0,0.0,0.0,0.0,0.0,0.0,0.5,0.0,1.4,0.0,0.0,16.0,25903.0
2026-07-30T19:03:25.131Z,374.614,374.628,0.0,7.4,0.0,0.0,0.0,0.0,0.0,0.0,0.0,0.0,1.0,0.0,0.0,0.0,9.0,4.0,0.0,0.0,0.0,0.0,0.0,0.0,0.0,0.0,2.0,12.0,1.0,12.15,5.01,2.5,1.49,0.0,0.0,0.0,361.3,0.0,-0.3,0.7000000000000001,-0.2,-169.70000000000002,0.0,0.0,169.8,0.0,21.3,28.9,28.9,30.9,300.0,300.0,31.6,35.800000000000004,28.9,28.1,29.9,4.95,1.99,4.97,0.16,0.0,0.0,1027.0,8228.0,0.0,0.0,0.0,0.0,0.0,1.0,0.0,0.0,0.0,0.0,0.0,-1.3,0.0,0.0,0.0,0.0,16.0,25903.0
2026-07-30T19:03:25.141Z,374.624,374.64,0.0,7.4,0.0,0.0,0.0,0.0,0.0,0.0,0.0,0.0,1.0,0.0,0.0,0.0,9.0,4.0,0.0,0.0,0.0,0.0,0.0,0.0,0.0,0.0,4.0,12.0,1.0,12.15,5.01,2.5,1.49,0.0,0.1,0.0,361.3,0.0,-0.9,0.1,-0.8,-169.70000000000002,0.0,0.0,169.70000000000002,0.0,21.3,28.9,28.9,30.9,300.0,300.0,31.6,35.800000000000004,28.9,28.1,29.9,4.96,1.99,4.97,0.16,0.0,0.0,1027.0,8228.0,0.0,0.0,0.0,0.0,0.0,1.0,0.0,0.0,0.0,0.0,0.0,1.0,0.0,-0.1,0.0,0.0,16.0,25903.0
2026-07-30T19:03:25.153Z,374.636,374.652,0.0,7.4,0.0,0.0,0.0,0.0,0.0,0.0,0.0,0.0,1.0,0.0,0.0,0.0,9.0,4.0,0.0,0.0,0.0,0.0,0.0,0.0,0.0,0.0,5.0,12.0,1.0,12.15,5.01,2.5,1.49,0.0,0.0,0.0,361.3,0.0,-0.9,1.3,-0.2,-169.70000000000002,0.0,0.0,169.8,0.0,21.3,28.9,28.9,30.9,300.0,300.0,31.6,35.800000000000004,28.9,28.1,29.9,4.96,1.99,4.96,0.16,0.0,0.0,1027.0,8228.0,0.0,0.0,0.0,0.0,0.0,1.0,0.0,0.0,0.0,0.0,0.0,1.3,0.0,0.4,0.0,0.0,16.0,25903.0
2026-07-30T19:03:25.166Z,374.649,374.664,0.0,7.4,0.0,0.0,0.0,0.0,0.0,0.0,0.0,0.0,1.0,0.0,0.0,0.0,9.0,4.0,0.0,0.0,0.0,0.0,0.0,0.0,0.0,0.0,6.0,12.0,1.0,12.15,5.01,2.5,1.49,0.0,0.0,0.0,361.4,0.0,0.8,1.8,2.1,-169.70000000000002,0.0,0.0,169.70000000000002,0.0,21.3,28.9,28.9,30.9,300.0,300.0,31.6,35.800000000000004,28.9,28.1,29.9,4.96,1.99,4.96,0.16,0.0,0.0,1027.0,8228.0,0.0,0.0,0.0,0.0,0.0,1.0,0.0,0.0,0.0,0.0,0.0,3.7,0.0,-1.4,0.0,0.0,16.0,25903.0
2026-07-30T19:03:25.178Z,374.661,374.676,0.0,7.4,0.0,0.0,0.0,0.0,0.0,0.0,0.0,0.0,1.0,0.0,0.0,0.0,9.0,4.0,0.0,0.0,0.0,0.0,0.0,0.0,0.0,0.0,1.0,12.0,1.0,12.15,5.01,2.5,1.49,0.0,0.0,0.0,361.3,0.0,-0.3,-0.4,-0.8,-169.70000000000002,0.0,0.0,169.8,0.0,21.3,28.9,28.9,30.9,300.0,300.0,31.6,35.800000000000004,28.9,28.1,29.9,4.95,1.99,4.97,0.16,0.0,0.0,1027.0,8228.0,0.0,0.0,0.0,0.0,0.0,1.0,0.0,0.0,0.0,0.0,0.0,-1.1,0.0,0.6000000000000001,0.0,0.0,16.0,25903.0
2026-07-30T19:03:25.190Z,374.673,374.688,0.0,7.4,0.0,0.0,0.0,0.0,0.0,0.0,0.0,0.0,1.0,0.0,0.0,0.0,9.0,4.0,0.0,0.0,0.0,0.0,0.0,0.0,0.0,0.0,2.0,12.0,1.0,12.15,5.01,2.5,1.49,0.0,0.1,0.0,361.4,0.0,0.8,-1.0,-0.2,-169.70000000000002,0.0,0.0,169.8,0.0,21.3,28.9,28.9,30.9,300.0,300.0,31.6,35.800000000000004,28.9,28.1,29.9,4.96,1.99,4.96,0.16,0.0,0.0,1027.0,8228.0,0.0,0.0,0.0,0.0,0.0,1.0,0.0,0.0,0.0,0.0,0.0,-1.4,0.0,0.0,0.0,0.0,16.0,25903.0
2026-07-30T19:03:25.202Z,374.685,374.7,0.0,7.4,0.0,0.0,0.0,0.0,0.0,0.0,0.0,0.0,1.0,0.0,0.0,0.0,9.0,4.0,0.0,0.0,0.0,0.0,0.0,0.0,0.0,0.0,4.0,12.0,1.0,12.15,5.01,2.5,1.49,0.0,0.0,0.0,361.3,0.0,0.8,0.1,-0.2,-169.70000000000002,0.0,0.0,169.70000000000002,0.0,21.3,28.9,28.9,30.9,300.0,300.0,31.6,35.800000000000004,28.9,28.1,29.9,4.96,1.99,4.97,0.16,0.0,0.0,1027.0,8228.0,0.0,0.0,0.0,0.0,0.0,1.0,0.0,0.0,0.0,0.0,0.0,0.0,0.0,0.2,0.0,0.0,16.0,25903.0
2026-07-30T19:03:25.214Z,374.697,374.712,0.0,7.4,0.0,0.0,0.0,0.0,0.0,0.0,0.0,0.0,1.0,0.0,0.0,0.0,9.0,4.0,0.0,0.0,0.0,0.0,0.0,0.0,0.0,0.0,5.0,12.0,1.0,12.15,5.01,2.5,1.49,0.0,0.0,0.0,361.3,0.0,-0.3,0.7000000000000001,-0.2,-169.70000000000002,0.0,0.0,169.70000000000002,0.0,21.3,28.9,28.9,30.9,300.0,300.0,31.6,35.800000000000004,28.9,28.1,29.9,4.95,1.99,4.97,0.16,0.0,0.0,1027.0,8228.0,0.0,0.0,0.0,0.0,0.0,1.0,0.0,0.0,0.0,0.0,0.0,0.6000000000000001,0.0,0.3,0.0,0.0,16.0,25903.0
2026-07-30T19:03:25.226Z,374.709,374.724,0.0,7.4,0.0,0.0,0.0,0.0,0.0,0.0,0.0,0.0,1.0,0.0,0.0,0.0,9.0,4.0,0.0,0.0,0.0,0.0,0.0,0.0,0.0,0.0,5.0,12.0,1.0,12.15,5.01,2.5,1.49,0.0,0.0,0.0,361.4,0.0,0.2,0.1,1.0,-169.70000000000002,0.0,0.0,169.8,0.0,21.3,28.9,28.9,30.9,300.0,300.0,31.6,35.800000000000004,28.9,28.1,29.9,4.96,1.99,4.96,0.16,0.0,0.0,1027.0,8228.0,0.0,0.0,0.0,0.0,0.0,1.0,0.0,0.0,0.0,0.0,0.0,0.9,0.0,-0.8,0.0,0.0,16.0,25903.0
2026-07-30T19:03:25.238Z,374.721,374.736,0.0,7.4,0.0,0.0,0.0,0.0,0.0,0.0,0.0,0.0,1.0,0.0,0.0,0.0,9.0,4.0,0.0,0.0,0.0,0.0,0.0,0.0,0.0,0.0,6.0,12.0,1.0,12.14,5.01,2.5,1.49,0.0,0.0,0.0,361.4,0.0,0.3,-0.4,-0.1,-169.70000000000002,0.0,0.0,169.70000000000002,0.0,21.4,28.9,28.9,30.9,300.0,300.0,31.700000000000003,35.800000000000004,28.9,28.1,29.9,4.96,1.99,4.96,0.16,0.0,0.0,1027.0,8228.0,0.0,0.0,0.0,0.0,0.0,1.0,0.0,0.0,0.0,0.0,0.0,-0.5,0.0,0.0,0.0,0.0,16.0,25903.0
2026-07-30T19:03:25.250Z,374.733,374.748,0.0,7.4,0.0,0.0,0.0,0.0,0.0,0.0,0.0,0.0,1.0,0.0,0.0,0.0,9.0,4.0,0.0,0.0,0.0,0.0,0.0,0.0,0.0,0.0,1.0,12.0,1.0,12.14,5.01,2.5,1.49,0.0,0.0,0.0,361.4,0.0,-0.2,-0.3,-1.2000000000000002,-169.70000000000002,0.0,0.0,169.70000000000002,0.0,21.4,28.9,28.9,30.9,300.0,300.0,31.700000000000003,35.800000000000004,28.9,28.1,29.9,4.96,1.99,4.97,0.16,0.0,0.0,1027.0,8228.0,0.0,0.0,0.0,0.0,0.0,1.0,0.0,0.0,0.0,0.0,0.0,-1.3,0.0,1.0,0.0,0.0,16.0,25903.0
2026-07-30T19:03:25.262Z,374.745,374.76,0.0,7.4,0.0,0.0,0.0,0.0,0.0,0.0,0.0,0.0,1.0,0.0,0.0,0.0,9.0,4.0,0.0,0.0,0.0,0.0,0.0,0.0,0.0,0.0,2.0,12.0,1.0,12.14,5.01,2.5,1.49,0.0,0.0,0.0,361.3,0.0,-0.8,-0.4,1.1,-169.70000000000002,0.0,0.0,169.60000000000002,0.0,21.4,28.9,28.9,30.9,300.0,300.0,31.700000000000003,35.800000000000004,28.9,28.1,29.9,4.95,1.99,4.97,0.16,0.0,0.0,1027.0,8228.0,0.0,0.0,0.0,0.0,0.0,1.0,0.0,0.0,0.0,0.0,0.0,0.3,0.0,-1.0,0.0,0.0,16.0,25903.0
2026-07-30T19:03:25.274Z,374.757,374.772,0.0,7.4,0.0,0.0,0.0,0.0,0.0,0.0,0.0,0.0,1.0,0.0,0.0,0.0,9.0,4.0,0.0,0.0,0.0,0.0,0.0,0.0,0.0,0.0,3.0,12.0,1.0,12.14,5.01,2.5,1.49,0.0,0.0,0.0,361.4,0.0,0.2,0.1,-0.6000000000000001,-169.70000000000002,0.0,0.0,169.70000000000002,0.0,21.4,28.9,28.9,30.9,300.0,300.0,31.700000000000003,35.800000000000004,28.9,28.1,29.9,4.96,1.99,4.96,0.16,0.0,0.0,1027.0,8228.0,0.0,0.0,0.0,0.0,0.0,1.0,0.0,0.0,0.0,0.0,0.0,-0.3,0.0,0.6000000000000001,0.0,0.0,16.0,25903.0
2026-07-30T19:03:25.286Z,374.769,374.784,0.0,7.4,0.0,0.0,0.0,0.0,0.0,0.0,0.0,0.0,1.0,0.0,0.0,0.0,9.0,4.0,0.0,0.0,0.0,0.0,0.0,0.0,0.0,0.0,4.0,12.0,1.0,12.14,5.01,2.5,1.49,0.0,0.0,0.0,361.3,0.0,0.8,0.1,1.1,-169.70000000000002,0.0,0.0,169.70000000000002,0.0,21.4,28.9,28.9,30.9,300.0,300.0,31.700000000000003,35.800000000000004,28.9,28.1,29.9,4.95,2.0,4.97,0.16,0.0,0.0,1027.0,8228.0,0.0,0.0,0.0,0.0,0.0,1.0,0.0,0.0,0.0,0.0,0.0,1.0,0.0,-0.9,0.0,0.0,16.0,25903.0
2026-07-30T19:03:25.298Z,374.781,374.796,0.0,7.4,0.0,0.0,0.0,0.0,0.0,0.0,0.0,0.0,1.0,0.0,0.0,0.0,9.0,4.0,0.0,0.0,0.0,0.0,0.0,0.0,0.0,0.0,6.0,12.0,1.0,12.14,5.01,2.5,1.49,0.0,0.0,0.0,361.4,0.0,0.9,0.1,-0.5,-169.70000000000002,0.0,0.0,169.8,0.0,21.4,28.9,28.9,30.9,300.0,300.0,31.700000000000003,35.800000000000004,28.9,28.1,29.9,4.95,1.99,4.96,0.16,0.0,0.0,1027.0,8228.0,0.0,0.0,0.0,0.0,0.0,1.0,0.0,0.0,0.0,0.0,0.0,-0.2,0.0,0.5,0.0,0.0,16.0,25903.0
2026-07-30T19:03:25.309Z,374.792,374.808,0.0,7.4,0.0,0.0,0.0,0.0,0.0,0.0,0.0,0.0,1.0,0.0,0.0,0.0,9.0,4.0,0.0,0.0,0.0,0.0,0.0,0.0,0.0,0.0,1.0,12.0,1.0,12.14,5.01,2.5,1.49,0.0,0.1,0.0,361.3,0.0,-0.2,0.1,0.0,-169.70000000000002,0.0,0.0,169.8,0.0,21.4,28.9,28.9,30.9,300.0,300.0,31.700000000000003,35.800000000000004,28.9,28.1,29.9,4.96,1.99,4.96,0.16,0.0,0.0,1027.0,8228.0,0.0,0.0,0.0,0.0,0.0,1.0,0.0,0.0,0.0,0.0,0.0,0.2,0.0,0.0,0.0,0.0,16.0,25903.0
2026-07-30T19:03:25.322Z,374.805,374.82,0.0,7.4,0.0,0.0,0.0,0.0,0.0,0.0,0.0,0.0,1.0,0.0,0.0,0.0,9.0,4.0,0.0,0.0,0.0,0.0,0.0,0.0,0.0,0.0,3.0,12.0,1.0,12.14,5.01,2.5,1.49,0.0,0.0,0.0,361.3,0.0,-0.8,-0.3,0.0,-169.70000000000002,0.0,0.0,169.70000000000002,0.0,21.4,28.9,28.9,30.9,300.0,300.0,31.700000000000003,35.800000000000004,28.9,28.1,29.9,4.96,1.99,4.96,0.16,0.0,0.0,1027.0,8228.0,0.0,0.0,0.0,0.0,0.0,1.0,0.0,0.0,0.0,0.0,0.0,-0.4,0.0,0.0,0.0,0.0,16.0,25903.0
2026-07-30T19:03:25.335Z,374.818,374.832,0.0,7.4,0.0,0.0,0.0,0.0,0.0,0.0,0.0,0.0,1.0,0.0,0.0,0.0,9.0,4.0,0.0,0.0,0.0,0.0,0.0,0.0,0.0,0.0,4.0,12.0,1.0,12.19,5.0200000000000005,2.51,1.49,0.0,0.0,0.0,361.4,0.0,-0.2,-0.3,-0.6000000000000001,-169.70000000000002,0.0,0.0,169.60000000000002,0.0,21.3,28.9,28.9,30.9,300.0,300.0,31.700000000000003,35.800000000000004,28.9,28.0,29.9,4.95,1.99,4.97,0.16,0.0,0.0,1027.0,8228.0,0.0,0.0,0.0,0.0,0.0,1.0,0.0,0.0,0.0,0.0,0.0,-0.8,0.0,0.4,0.0,0.0,16.0,25903.0
2026-07-30T19:03:25.345Z,374.828,374.844,0.0,7.4,0.0,0.0,0.0,0.0,0.0,0.0,0.0,0.0,1.0,0.0,0.0,0.0,9.0,4.0,0.0,0.0,0.0,0.0,0.0,0.0,0.0,0.0,5.0,12.0,1.0,12.19,5.0200000000000005,2.51,1.49,0.0,0.0,0.0,361.4,0.0,0.2,-0.3,1.1,-169.70000000000002,0.0,0.0,169.70000000000002,0.0,21.3,28.9,28.9,30.9,300.0,300.0,31.700000000000003,35.800000000000004,28.9,28.0,29.9,4.95,1.99,4.96,0.16,0.0,0.0,1027.0,8228.0,0.0,0.0,0.0,0.0,0.0,1.0,0.0,0.0,0.0,0.0,0.0,0.3,0.0,-1.0,0.0,0.0,16.0,25903.0
2026-07-30T19:03:25.357Z,374.84,374.856,0.0,7.4,0.0,0.0,0.0,0.0,0.0,0.0,0.0,0.0,1.0,0.0,0.0,0.0,9.0,4.0,0.0,0.0,0.0,0.0,0.0,0.0,0.0,0.0,6.0,12.0,1.0,12.19,5.0200000000000005,2.51,1.49,0.0,0.0,0.0,361.3,0.0,-0.2,0.7000000000000001,0.0,-169.70000000000002,0.0,0.0,169.70000000000002,0.0,21.3,28.9,28.9,30.9,300.0,300.0,31.700000000000003,35.800000000000004,28.9,28.0,29.9,4.96,1.99,4.96,0.16,0.0,0.0,1027.0,8228.0,0.0,0.0,0.0,0.0,0.0,1.0,0.0,0.0,0.0,0.0,0.0,0.8,0.0,0.2,0.0,0.0,16.0,25903.0
2026-07-30T19:03:25.370Z,374.853,374.868,0.0,7.4,0.0,0.0,0.0,0.0,0.0,0.0,0.0,0.0,1.0,0.0,0.0,0.0,9.0,4.0,0.0,0.0,0.0,0.0,0.0,0.0,0.0,0.0,1.0,12.0,1.0,12.19,5.0200000000000005,2.51,1.49,0.0,0.0,0.0,361.4,0.0,0.8,-0.3,0.5,-169.70000000000002,0.0,0.0,169.70000000000002,0.0,21.3,28.9,28.9,30.9,300.0,300.0,31.700000000000003,35.800000000000004,28.9,28.0,29.9,4.95,1.99,4.96,0.16,0.0,0.0,1027.0,8228.0,0.0,0.0,0.0,0.0,0.0,1.0,0.0,0.0,0.0,0.0,0.0,0.0,0.0,-0.5,0.0,0.0,16.0,25903.0
2026-07-30T19:03:25.382Z,374.865,374.88,0.0,7.4,0.0,0.0,0.0,0.0,0.0,0.0,0.0,0.0,1.0,0.0,0.0,0.0,9.0,4.0,0.0,0.0,0.0,0.0,0.0,0.0,0.0,0.0,2.0,12.0,1.0,12.19,5.0200000000000005,2.51,1.49,0.0,0.0,0.0,361.4,0.0,-0.8,0.1,-0.1,-169.70000000000002,0.0,0.0,169.8,0.0,21.3,28.9,28.9,30.9,300.0,300.0,31.700000000000003,35.800000000000004,28.9,28.0,29.9,4.96,2.0,4.97,0.16,0.0,0.0,1027.0,8228.0,0.0,0.0,0.0,0.0,0.0,1.0,0.0,0.0,0.0,0.0,0.0,0.1,0.0,0.1,0.0,0.0,16.0,25903.0
2026-07-30T19:03:25.394Z,374.877,374.892,0.0,7.4,0.0,0.0,0.0,0.0,0.0,0.0,0.0,0.0,1.0,0.0,0.0,0.0,9.0,4.0,0.0,0.0,0.0,0.0,0.0,0.0,0.0,0.0,4.0,12.0,1.0,12.19,5.0200000000000005,2.51,1.49,0.0,0.0,0.0,361.3,0.0,-0.8,-0.4,-0.1,-169.70000000000002,0.0,0.0,169.8,0.0,21.3,28.9,28.9,30.9,300.0,300.0,31.700000000000003,35.800000000000004,28.9,28.0,29.9,4.96,2.0,4.97,0.16,0.0,0.0,1027.0,8228.0,0.0,0.0,0.0,0.0,0.0,1.0,0.0,0.0,0.0,0.0,0.0,-0.5,0.0,0.0,0.0,0.0,16.0,25903.0
2026-07-30T19:03:25.405Z,374.888,374.904,0.0,7.4,0.0,0.0,0.0,0.0,0.0,0.0,0.0,0.0,1.0,0.0,0.0,0.0,9.0,4.0,0.0,0.0,0.0,0.0,0.0,0.0,0.0,0.0,5.0,12.0,1.0,12.19,5.0200000000000005,2.51,1.49,0.0,0.1,0.0,361.3,0.0,0.2,0.7000000000000001,1.0,-169.70000000000002,0.0,0.0,169.70000000000002,0.0,21.3,28.9,28.9,30.9,300.0,300.0,31.700000000000003,35.800000000000004,28.9,28.0,29.9,4.96,1.99,4.97,0.16,0.0,0.0,1027.0,8228.0,0.0,0.0,0.0,0.0,0.0,1.0,0.0,0.0,0.0,0.0,0.0,1.6,0.0,-0.7000000000000001,0.0,0.0,16.0,25903.0
2026-07-30T19:03:25.418Z,374.901,374.916,0.0,7.4,0.0,0.0,0.0,0.0,0.0,0.0,0.0,0.0,1.0,0.0,0.0,0.0,9.0,4.0,0.0,0.0,0.0,0.0,0.0,0.0,0.0,0.0,6.0,12.0,1.0,12.19,5.0200000000000005,2.51,1.49,0.0,0.0,0.0,361.4,0.0,0.2,-0.4,0.4,-169.70000000000002,0.0,0.0,169.60000000000002,0.0,21.3,28.9,28.9,30.9,300.0,300.0,31.700000000000003,35.800000000000004,28.9,28.0,29.9,4.96,1.99,4.97,0.16,0.0,0.0,1027.0,8228.0,0.0,0.0,0.0,0.0,0.0,1.0,0.0,0.0,0.0,0.0,0.0,-0.1,0.0,-0.4,0.0,0.0,16.0,25903.0
2026-07-30T19:03:25.430Z,374.913,374.928,0.0,7.4,0.0,0.0,0.0,0.0,0.0,0.0,0.0,0.0,1.0,0.0,0.0,0.0,9.0,4.0,0.0,0.0,0.0,0.0,0.0,0.0,0.0,0.0,1.0,12.0,1.0,12.19,5.0200000000000005,2.51,1.49,0.0,0.0,0.0,361.3,0.0,-0.3,-0.4,-1.3,-169.70000000000002,0.0,0.0,169.70000000000002,0.0,21.3,28.9,28.9,30.9,300.0,300.0,31.700000000000003,35.800000000000004,28.9,28.0,29.9,4.96,2.0,4.96,0.16,0.0,0.0,1027.0,8228.0,0.0,0.0,0.0,0.0,0.0,1.0,0.0,0.0,0.0,0.0,0.0,-1.4,0.0,1.1,0.0,0.0,16.0,25903.0
2026-07-30T19:03:25.441Z,374.924,374.94,0.0,7.4,0.0,0.0,0.0,0.0,0.0,0.0,0.0,0.0,1.0,0.0,0.0,0.0,9.0,4.0,0.0,0.0,0.0,0.0,0.0,0.0,0.0,0.0,3.0,12.0,1.0,12.18,5.0200000000000005,2.51,1.49,0.0,0.0,0.0,361.4,0.0,-0.3,0.7000000000000001,-0.2,-169.70000000000002,0.0,0.0,169.70000000000002,0.0,21.8,28.9,28.9,30.9,300.0,300.0,31.700000000000003,35.800000000000004,28.8,28.0,29.9,4.96,1.99,4.97,0.16,0.0,0.0,1027.0,8228.0,0.0,0.0,0.0,0.0,0.0,1.0,0.0,0.0,0.0,0.0,0.0,0.6000000000000001,0.0,0.3,0.0,0.0,16.0,25903.0
2026-07-30T19:03:25.453Z,374.936,374.952,0.0,7.4,0.0,0.0,0.0,0.0,0.0,0.0,0.0,0.0,1.0,0.0,0.0,0.0,9.0,4.0,0.0,0.0,0.0,0.0,0.0,0.0,0.0,0.0,4.0,12.0,1.0,12.18,5.0200000000000005,2.51,1.49,0.0,0.0,0.0,361.4,0.0,0.7000000000000001,1.2000000000000002,-0.2,-169.70000000000002,0.0,0.0,169.8,0.0,21.8,28.9,28.9,30.9,300.0,300.0,31.700000000000003,35.800000000000004,28.8,28.0,29.9,4.95,1.99,4.97,0.16,0.0,0.0,1027.0,8228.0,0.0,0.0,0.0,0.0,0.0,1.0,0.0,0.0,0.0,0.0,0.0,1.3,0.0,0.4,0.0,0.0,16.0,25903.0
2026-07-30T19:03:25.465Z,374.948,374.964,0.0,7.4,0.0,0.0,0.0,0.0,0.0,0.0,0.0,0.0,1.0,0.0,0.0,0.0,9.0,4.0,0.0,0.0,0.0,0.0,0.0,0.0,0.0,0.0,5.0,12.0,1.0,12.18,5.0200000000000005,2.51,1.49,0.0,0.0,0.0,361.4,0.0,0.1,0.6000000000000001,2.1,-169.70000000000002,0.0,0.0,169.8,0.0,21.8,28.9,28.9,30.9,300.0,300.0,31.700000000000003,35.800000000000004,28.8,28.0,29.9,4.96,1.99,4.96,0.16,0.0,0.0,1027.0,8228.0,0.0,0.0,0.0,0.0,0.0,1.0,0.0,0.0,0.0,0.0,0.0,2.3000000000000003,0.0,-1.7000000000000002,0.0,0.0,16.0,25903.0
2026-07-30T19:03:25.478Z,374.961,374.976,0.0,7.4,0.0,0.0,0.0,0.0,0.0,0.0,0.0,0.0,1.0,0.0,0.0,0.0,9.0,4.0,0.0,0.0,0.0,0.0,0.0,0.0,0.0,0.0,6.0,12.0,1.0,12.18,5.0200000000000005,2.51,1.49,0.0,0.0,0.0,361.3,0.0,-0.3,-1.0,-0.8,-169.70000000000002,0.0,0.0,169.70000000000002,0.0,21.8,28.9,28.9,30.9,300.0,300.0,31.700000000000003,35.800000000000004,28.8,28.0,29.9,4.96,1.99,4.96,0.16,0.0,0.0,1027.0,8228.0,0.0,0.0,0.0,0.0,0.0,1.0,0.0,0.0,0.0,0.0,0.0,-1.8,0.0,0.4,0.0,0.0,16.0,25903.0
2026-07-30T19:03:25.490Z,374.973,374.988,0.0,7.4,0.0,0.0,0.0,0.0,0.0,0.0,0.0,0.0,1.0,0.0,0.0,0.0,9.0,4.0,0.0,0.0,0.0,0.0,0.0,0.0,0.0,0.0,2.0,12.0,1.0,12.18,5.0200000000000005,2.51,1.49,0.0,0.0,0.0,361.3,0.0,-1.0,-1.0,-1.3,-169.70000000000002,0.0,0.0,169.70000000000002,0.0,21.8,28.9,28.9,30.9,300.0,300.0,31.700000000000003,35.800000000000004,28.8,28.0,29.9,4.96,1.99,4.97,0.16,0.0,0.0,1027.0,8228.0,0.0,0.0,0.0,0.0,0.0,1.0,0.0,0.0,0.0,0.0,0.0,-2.1,0.0,0.9,0.0,0.0,16.0,25903.0
2026-07-30T19:03:25.502Z,374.985,375.0,0.0,7.4,0.0,0.0,0.0,0.0,0.0,0.0,0.0,0.0,1.0,0.0,0.0,0.0,9.0,4.0,0.0,0.0,0.0,0.0,0.0,0.0,0.0,0.0,3.0,12.0,1.0,12.18,5.0200000000000005,2.51,1.49,0.0,0.1,0.0,361.4,0.0,-0.9,1.3,-0.2,-169.70000000000002,0.0,0.0,169.70000000000002,0.0,21.8,28.9,28.9,30.9,300.0,300.0,31.700000000000003,35.800000000000004,28.8,28.0,29.9,4.95,2.0,4.97,0.16,0.0,0.0,1027.0,8228.0,0.0,0.0,0.0,0.0,0.0,1.0,0.0,0.0,0.0,0.0,0.0,1.3,0.0,0.4,0.0,0.0,16.0,25903.0
2026-07-30T19:03:25.513Z,374.996,375.012,0.0,7.4,0.0,0.0,0.0,0.0,0.0,0.0,0.0,0.0,1.0,0.0,0.0,0.0,9.0,4.0,0.0,0.0,0.0,0.0,0.0,0.0,0.0,0.0,4.0,12.0,1.0,12.18,5.0200000000000005,2.51,1.49,0.0,0.0,0.0,361.3,0.0,0.7000000000000001,0.1,0.9,-169.70000000000002,0.0,0.0,169.70000000000002,0.0,21.8,28.9,28.9,30.9,300.0,300.0,31.700000000000003,35.800000000000004,28.8,28.0,29.9,4.96,2.0,4.96,0.16,0.0,0.0,1027.0,8228.0,0.0,0.0,0.0,0.0,0.0,1.0,0.0,0.0,0.0,0.0,0.0,0.9,0.0,-0.8,0.0,0.0,16.0,25903.0
2026-07-30T19:03:25.526Z,375.009,375.024,0.0,7.4,0.0,0.0,0.0,0.0,0.0,0.0,0.0,0.0,1.0,0.0,0.0,0.0,9.0,4.0,0.0,0.0,0.0,0.0,0.0,0.0,0.0,0.0,5.0,12.0,1.0,12.18,5.0200000000000005,2.51,1.49,0.0,0.0,0.0,361.4,0.0,-0.3,-0.3,-0.1,-169.70000000000002,0.0,0.0,169.60000000000002,0.0,21.8,28.9,28.9,30.9,300.0,300.0,31.700000000000003,35.800000000000004,28.8,28.0,29.9,4.95,1.99,4.97,0.16,0.0,0.0,1027.0,8228.0,0.0,0.0,0.0,0.0,0.0,1.0,0.0,0.0,0.0,0.0,0.0,-0.5,0.0,0.0,0.0,0.0,16.0,25903.0
2026-07-30T19:03:25.538Z,375.021,375.036,0.0,7.4,0.0,0.0,0.0,0.0,0.0,0.0,0.0,0.0,1.0,0.0,0.0,0.0,9.0,4.0,0.0,0.0,0.0,0.0,0.0,0.0,0.0,0.0,6.0,12.0,1.0,12.18,5.0200000000000005,2.5,1.49,0.0,0.0,0.0,361.4,0.0,0.2,-0.4,-1.3,-169.70000000000002,0.0,0.0,169.70000000000002,0.0,20.4,28.9,28.9,30.9,300.0,300.0,31.8,35.9,28.8,28.0,29.9,4.95,1.98,4.96,0.16,0.0,0.0,1027.0,8228.0,0.0,0.0,0.0,0.0,0.0,1.0,0.0,0.0,0.0,0.0,0.0,-1.4,0.0,1.0,0.0,0.0,16.0,25903.0
2026-07-30T19:03:25.550Z,375.033,375.048,0.0,7.4,0.0,0.0,0.0,0.0,0.0,0.0,0.0,0.0,1.0,0.0,0.0,0.0,9.0,4.0,0.0,0.0,0.0,0.0,0.0,0.0,0.0,0.0,1.0,12.0,1.0,12.18,5.0200000000000005,2.5,1.49,-0.1,0.0,0.0,361.3,0.0,0.8,0.7000000000000001,0.4,-169.70000000000002,0.0,0.0,169.70000000000002,0.0,20.4,28.9,28.9,30.9,300.0,300.0,31.8,35.9,28.8,28.0,29.9,4.96,1.99,4.96,0.16,0.0,0.0,1027.0,8228.0,0.0,0.0,0.0,0.0,0.0,1.0,0.0,0.0,0.0,0.0,0.0,1.2000000000000002,0.0,-0.2,0.0,0.0,16.0,25903.0
2026-07-30T19:03:25.562Z,375.045,375.06,0.0,7.4,0.0,0.0,0.0,0.0,0.0,0.0,0.0,0.0,1.0,0.0,0.0,0.0,9.0,4.0,0.0,0.0,0.0,0.0,0.0,0.0,0.0,0.0,2.0,12.0,1.0,12.18,5.0200000000000005,2.5,1.49,0.0,0.0,0.0,361.4,0.0,-0.2,0.2,1.0,-169.70000000000002,0.0,0.0,169.60000000000002,0.0,20.4,28.9,28.9,30.9,300.0,300.0,31.8,35.9,28.8,28.0,29.9,4.96,1.99,4.96,0.16,0.0,0.0,1027.0,8228.0,0.0,0.0,0.0,0.0,0.0,1.0,0.0,0.0,0.0,0.0,0.0,1.0,0.0,-0.8,0.0,0.0,16.0,25903.0
2026-07-30T19:03:25.573Z,375.056,375.072,0.0,7.4,0.0,0.0,0.0,0.0,0.0,0.0,0.0,0.0,1.0,0.0,0.0,0.0,9.0,4.0,0.0,0.0,0.0,0.0,0.0,0.0,0.0,0.0,4.0,12.0,1.0,12.18,5.0200000000000005,2.5,1.49,0.0,0.0,0.0,361.3,0.0,0.3,-0.3,-0.1,-169.70000000000002,0.0,0.0,169.60000000000002,0.0,20.4,28.9,28.9,30.9,300.0,300.0,31.8,35.9,28.8,28.0,29.9,4.95,1.99,4.97,0.16,0.0,0.0,1027.0,8228.0,0.0,0.0,0.0,0.0,0.0,1.0,0.0,0.0,0.0,0.0,0.0,-0.4,0.0,0.0,0.0,0.0,16.0,25903.0
2026-07-30T19:03:25.585Z,375.068,375.084,0.0,7.4,0.0,0.0,0.0,0.0,0.0,0.0,0.0,0.0,1.0,0.0,0.0,0.0,9.0,4.0,0.0,0.0,0.0,0.0,0.0,0.0,0.0,0.0,5.0,12.0,1.0,12.18,5.0200000000000005,2.5,1.49,0.0,0.0,0.0,361.3,0.0,0.2,0.8,2.8000000000000003,-169.70000000000002,0.0,0.0,169.60000000000002,0.0,20.4,28.9,28.9,30.9,300.0,300.0,31.8,35.9,28.8,28.0,29.9,4.95,1.99,4.96,0.16,0.0,0.0,1027.0,8228.0,0.0,0.0,0.0,0.0,0.0,1.0,0.0,0.0,0.0,0.0,0.0,3.0,0.0,-2.3000000000000003,0.0,0.0,16.0,25903.0
2026-07-30T19:03:25.598Z,375.081,375.096,0.0,7.4,0.0,0.0,0.0,0.0,0.0,0.0,0.0,0.0,1.0,0.0,0.0,0.0,9.0,4.0,0.0,0.0,0.0,0.0,0.0,0.0,0.0,0.0,6.0,12.0,1.0,12.18,5.0200000000000005,2.5,1.49,0.0,0.0,0.0,361.3,0.0,-0.2,0.2,0.0,-169.70000000000002,0.0,0.0,169.8,0.0,20.4,28.9,28.9,30.9,300.0,300.0,31.8,35.9,28.8,28.0,29.9,4.96,1.99,4.96,0.16,0.0,0.0,1027.0,8228.0,0.0,0.0,0.0,0.0,0.0,1.0,0.0,0.0,0.0,0.0,0.0,0.2,0.0,0.1,0.0,0.0,16.0,25903.0
2026-07-30T19:03:25.610Z,375.093,375.108,0.0,7.4,0.0,0.0,0.0,0.0,0.0,0.0,0.0,0.0,1.0,0.0,0.0,0.0,9.0,4.0,0.0,0.0,0.0,0.0,0.0,0.0,0.0,0.0,1.0,12.0,1.0,12.18,5.0200000000000005,2.5,1.49,0.0,0.0,0.0,361.4,0.0,-0.3,-0.3,1.0,-169.70000000000002,0.0,0.0,169.8,0.0,20.4,28.9,28.9,30.9,300.0,300.0,31.8,35.9,28.8,28.0,29.9,4.95,1.99,4.97,0.17,0.0,0.0,1027.0,8228.0,0.0,0.0,0.0,0.0,0.0,1.0,0.0,0.0,0.0,0.0,0.0,0.3,0.0,-1.0,0.0,0.0,16.0,25903.0
2026-07-30T19:03:25.622Z,375.105,375.12,0.0,7.4,0.0,0.0,0.0,0.0,0.0,0.0,0.0,0.0,1.0,0.0,0.0,0.0,9.0,4.0,0.0,0.0,0.0,0.0,0.0,0.0,0.0,0.0,3.0,12.0,1.0,12.18,5.0200000000000005,2.5,1.49,0.0,0.0,0.0,361.4,0.0,-0.8,0.7000000000000001,1.0,-169.70000000000002,0.0,0.0,169.70000000000002,0.0,20.4,28.9,28.9,30.9,300.0,300.0,31.8,35.9,28.8,28.0,29.9,4.96,1.99,4.96,0.17,0.0,0.0,1027.0,8228.0,0.0,0.0,0.0,0.0,0.0,1.0,0.0,0.0,0.0,0.0,0.0,1.6,0.0,-0.7000000000000001,0.0,0.0,16.0,25903.0
2026-07-30T19:03:25.633Z,375.116,375.132,0.0,7.4,0.0,0.0,0.0,0.0,0.0,0.0,0.0,0.0,1.0,0.0,0.0,0.0,9.0,4.0,0.0,0.0,0.0,0.0,0.0,0.0,0.0,0.0,4.0,12.0,1.0,12.18,5.0200000000000005,2.5,1.49,0.0,0.0,0.0,361.4,0.0,0.3,0.1,1.0,-169.70000000000002,0.0,0.0,169.8,0.0,20.4,28.9,28.9,30.9,300.0,300.0,31.8,35.9,28.8,28.0,29.9,4.96,1.99,4.96,0.16,0.0,0.0,1027.0,8228.0,0.0,0.0,0.0,0.0,0.0,1.0,0.0,0.0,0.0,0.0,0.0,-0.9,0.0,0.5,0.0,0.0,16.0,25903.0
2026-07-30T19:03:25.646Z,375.129,375.144,0.0,7.4,0.0,0.0,0.0,0.0,0.0,0.0,0.0,0.0,1.0,0.0,0.0,0.0,9.0,4.0,0.0,0.0,0.0,0.0,0.0,0.0,0.0,0.0,5.0,12.0,1.0,12.17,5.01,2.5,1.49,0.0,0.0,0.0,361.3,0.0,0.3,1.9,1.6,-169.70000000000002,0.0,0.0,169.60000000000002,0.0,21.700000000000003,28.9,28.9,30.9,300.0,300.0,31.8,35.800000000000004,28.8,28.0,29.9,4.96,1.99,4.96,0.16,0.0,0.0,1027.0,8228.0,0.0,0.0,0.0,0.0,0.0,1.0,0.0,0.0,0.0,0.0,0.0,0.9,0.0,-0.8,0.0,0.0,16.0,25903.0
2026-07-30T19:03:25.658Z,375.141,375.156,0.0,7.4,0.0,0.0,0.0,0.0,0.0,0.0,0.0,0.0,1.0,0.0,0.0,0.0,9.0,4.0,0.0,0.0,0.0,0.0,0.0,0.0,0.0,0.0,6.0,12.0,1.0,12.17,5.01,2.5,1.49,0.0,0.0,0.0,361.4,0.0,0.2,1.3,0.4,-169.70000000000002,0.0,0.0,169.70000000000002,0.0,21.700000000000003,28.9,28.9,30.9,300.0,300.0,31.8,35.800000000000004,28.8,28.0,29.9,4.95,1.99,4.97,0.16,0.0,0.0,1027.0,8228.0,0.0,0.0,0.0,0.0,0.0,1.0,0.0,0.0,0.0,0.0,0.0,2.6,0.0,-1.1,0.0,0.0,16.0,25903.0
2026-07-30T19:03:25.670Z,375.153,375.168,0.0,7.4,0.0,0.0,0.0,0.0,0.0,0.0,0.0,0.0,1.0,0.0,0.0,0.0,9.0,4.0,0.0,0.0,0.0,0.0,0.0,0.0,0.0,0.0,2.0,12.0,1.0,12.17,5.01,2.5,1.49,0.0,0.0,0.0,361.3,0.0,0.3,1.3,-0.1,-169.70000000000002,0.0,0.0,169.8,0.0,21.700000000000003,28.9,28.9,30.9,300.0,300.0,31.8,35.800000000000004,28.8,28.0,29.9,4.96,1.99,4.96,0.16,0.0,0.0,1027.0,8228.0,0.0,0.0,0.0,0.0,0.0,1.0,0.0,0.0,0.0,0.0,0.0,1.4,0.0,0.3,0.0,0.0,16.0,25903.0
2026-07-30T19:03:25.681Z,375.164,375.18,0.0,7.4,0.0,0.0,0.0,0.0,0.0,0.0,0.0,0.0,1.0,0.0,0.0,0.0,9.0,4.0,0.0,0.0,0.0,0.0,0.0,0.0,0.0,0.0,3.0,12.0,1.0,12.17,5.01,2.5,1.49,0.0,0.0,0.0,361.4,0.0,-0.2,0.1,-1.3,-169.70000000000002,0.0,0.0,169.70000000000002,0.0,21.700000000000003,28.9,28.9,30.9,300.0,300.0,31.8,35.800000000000004,28.8,28.0,29.9,4.96,2.0,4.97,0.16,0.0,0.0,1027.0,8228.0,0.0,0.0,0.0,0.0,0.0,1.0,0.0,0.0,0.0,0.0,0.0,-0.8,0.0,1.2000000000000002,0.0,0.0,16.0,25903.0
2026-07-30T19:03:25.693Z,375.176,375.192,0.0,7.4,0.0,0.0,0.0,0.0,0.0,0.0,0.0,0.0,1.0,0.0,0.0,0.0,9.0,4.0,0.0,0.0,0.0,0.0,0.0,0.0,0.0,0.0,4.0,12.0,1.0,12.17,5.01,2.5,1.49,0.0,0.0,0.0,361.4,0.0,-0.8,-0.4,-0.1,-169.70000000000002,0.0,0.0,169.70000000000002,0.0,21.700000000000003,28.9,28.9,30.9,300.0,300.0,31.8,35.800000000000004,28.8,28.0,29.9,4.95,1.99,4.97,0.16,0.0,0.0,1027.0,8228.0,0.0,0.0,0.0,0.0,0.0,1.0,0.0,0.0,0.0,0.0,0.0,-0.6000000000000001,0.0,0.0,0.0,0.0,16.0,25903.0
2026-07-30T19:03:25.705Z,375.188,375.204,0.0,7.4,0.0,0.0,0.0,0.0,0.0,0.0,0.0,0.0,1.0,0.0,0.0,0.0,9.0,4.0,0.0,0.0,0.0,0.0,0.0,0.0,0.0,0.0,5.0,12.0,1.0,12.17,5.01,2.5,1.49,0.0,0.0,0.0,361.3,0.0,-0.2,-0.4,1.0,-169.70000000000002,0.0,0.0,169.8,0.0,21.700000000000003,28.9,28.9,30.9,300.0,300.0,31.8,35.800000000000004,28.8,28.0,29.9,4.95,1.99,4.96,0.16,0.0,0.0,1027.0,8228.0,0.0,0.0,0.0,0.0,0.0,1.0,0.0,0.0,0.0,0.0,0.0,0.2,0.0,-1.0,0.0,0.0,16.0,25903.0
2026-07-30T19:03:25.717Z,375.2,375.216,0.0,7.4,0.0,0.0,0.0,0.0,0.0,0.0,0.0,0.0,1.0,0.0,0.0,0.0,9.0,4.0,0.0,0.0,0.0,0.0,0.0,0.0,0.0,0.0,6.0,12.0,1.0,12.17,5.01,2.5,1.49,0.0,0.1,0.0,361.4,0.0,0.8,-1.0,-0.1,-169.70000000000002,0.0,0.0,169.70000000000002,0.0,21.700000000000003,28.9,28.9,30.9,300.0,300.0,31.8,35.800000000000004,28.8,28.0,29.9,4.96,1.99,4.96,0.16,0.0,0.0,1027.0,8228.0,0.0,0.0,0.0,0.0,0.0,1.0,0.0,0.0,0.0,0.0,0.0,-1.2000000000000002,0.0,0.0,0.0,0.0,16.0,25903.0
2026-07-30T19:03:25.730Z,375.213,375.228,0.0,7.4,0.0,0.0,0.0,0.0,0.0,0.0,0.0,0.0,1.0,0.0,0.0,0.0,9.0,4.0,0.0,0.0,0.0,0.0,0.0,0.0,0.0,0.0,1.0,12.0,1.0,12.17,5.01,2.5,1.49,0.0,0.0,0.0,361.3,0.0,0.8,0.7000000000000001,1.0,-169.70000000000002,0.0,0.0,169.70000000000002,0.0,21.700000000000003,28.9,28.9,30.9,300.0,300.0,31.8,35.800000000000004,28.8,28.0,29.9,4.96,1.99,4.97,0.16,0.0,0.0,1027.0,8228.0,0.0,0.0,0.0,0.0,0.0,1.0,0.0,0.0,0.0,0.0,0.0,1.5,0.0,-0.7000000000000001,0.0,0.0,16.0,25903.0
2026-07-30T19:03:25.743Z,375.226,375.24,0.0,7.4,0.0,0.0,0.0,0.0,0.0,0.0,0.0,0.0,1.0,0.0,0.0,0.0,9.0,4.0,0.0,0.0,0.0,0.0,0.0,0.0,0.0,0.0,3.0,12.0,1.0,12.18,5.0200000000000005,2.51,1.49,0.0,0.0,0.0,361.3,0.0,0.3,1.3,2.2,-169.70000000000002,0.0,0.0,169.70000000000002,0.0,21.700000000000003,28.9,28.9,30.9,300.0,300.0,31.700000000000003,35.800000000000004,28.8,28.1,29.9,4.95,1.99,4.97,0.16,0.0,0.0,1027.0,8228.0,0.0,0.0,0.0,0.0,0.0,1.0,0.0,0.0,0.0,0.0,0.0,3.1,0.0,-1.7000000000000002,0.0,0.0,16.0,25903.0
2026-07-30T19:03:25.754Z,375.237,375.252,0.0,7.4,0.0,0.0,0.0,0.0,0.0,0.0,0.0,0.0,1.0,0.0,0.0,0.0,9.0,4.0,0.0,0.0,0.0,0.0,0.0,0.0,0.0,0.0,4.0,12.0,1.0,12.18,5.0200000000000005,2.51,1.49,0.0,0.0,0.0,361.4,0.0,-0.1,0.6000000000000001,0.0,-169.70000000000002,0.0,0.0,169.70000000000002,0.0,21.700000000000003,28.9,28.9,30.9,300.0,300.0,31.700000000000003,35.800000000000004,28.8,28.1,29.9,4.96,1.99,4.97,0.16,0.0,0.0,1027.0,8228.0,0.0,0.0,0.0,0.0,0.0,1.0,0.0,0.0,0.0,0.0,0.0,0.7000000000000001,0.0,0.2,0.0,0.0,16.0,25903.0
2026-07-30T19:03:25.766Z,375.249,375.264,0.0,7.4,0.0,0.0,0.0,0.0,0.0,0.0,0.0,0.0,1.0,0.0,0.0,0.0,9.0,4.0,0.0,0.0,0.0,0.0,0.0,0.0,0.0,0.0,5.0,12.0,1.0,12.18,5.0200000000000005,2.51,1.49,0.0,0.0,0.0,361.4,0.0,-0.1,-0.4,-0.6000000000000001,-169.70000000000002,0.0,0.0,169.70000000000002,0.0,21.700000000000003,28.9,28.9,30.9,300.0,300.0,31.700000000000003,35.800000000000004,28.8,28.1,29.9,4.95,1.99,4.97,0.16,0.0,0.0,1027.0,8228.0,0.0,0.0,0.0,0.0,0.0,1.0,0.0,0.0,0.0,0.0,0.0,-1.0,0.0,0.4,0.0,0.0,16.0,25903.0
2026-07-30T19:03:25.777Z,375.26,375.276,0.0,7.4,0.0,0.0,0.0,0.0,0.0,0.0,0.0,0.0,1.0,0.0,0.0,0.0,9.0,4.0,0.0,0.0,0.0,0.0,0.0,0.0,0.0,0.0,1.0,12.0,1.0,12.18,5.0200000000000005,2.51,1.49,0.0,0.0,0.0,361.4,0.0,0.4,-0.4,1.0,-169.70000000000002,0.0,0.0,169.70000000000002,0.0,21.700000000000003,28.9,28.9,30.9,300.0,300.0,31.700000000000003,35.800000000000004,28.8,28.1,29.9,4.95,1.99,4.96,0.16,0.0,0.0,1027.0,8228.0,0.0,0.0,0.0,0.0,0.0,1.0,0.0,0.0,0.0,0.0,0.0,0.3,0.0,-1.0,0.0,0.0,16.0,25903.0
2026-07-30T19:03:25.789Z,375.272,375.288,0.0,7.4,0.0,0.0,0.0,0.0,0.0,0.0,0.0,0.0,1.0,0.0,0.0,0.0,9.0,4.0,0.0,0.0,0.0,0.0,0.0,0.0,0.0,0.0,3.0,12.0,1.0,12.18,5.0200000000000005,2.51,1.49,0.0,0.0,0.0,361.3,0.0,-0.2,-0.4,-0.6000000000000001,-169.70000000000002,0.0,0.0,169.70000000000002,0.0,21.700000000000003,28.9,28.9,30.9,300.0,300.0,31.700000000000003,35.800000000000004,28.8,28.1,29.9,4.96,2.0,4.96,0.16,0.0,0.0,1027.0,8228.0,0.0,0.0,0.0,0.0,0.0,1.0,0.0,0.0,0.0,0.0,0.0,-1.0,0.0,0.5,0.0,0.0,16.0,25903.0
2026-07-30T19:03:25.801Z,375.284,375.3,0.0,7.4,0.0,0.0,0.0,0.0,0.0,0.0,0.0,0.0,1.0,0.0,0.0,0.0,9.0,4.0,0.0,0.0,0.0,0.0,0.0,0.0,0.0,0.0,4.0,12.0,1.0,12.18,5.0200000000000005,2.51,1.49,0.0,0.0,0.0,361.4,0.0,-0.7000000000000001,-1.6,-1.8,-169.70000000000002,0.0,0.0,169.70000000000002,0.0,21.700000000000003,28.9,28.9,30.9,300.0,300.0,31.700000000000003,35.800000000000004,28.8,28.1,29.9,4.95,2.0,4.96,0.16,0.0,0.0,1027.0,8228.0,0.0,0.0,0.0,0.0,0.0,1.0,0.0,0.0,0.0,0.0,0.0,-3.2,0.0,1.3,0.0,0.0,16.0,25903.0
2026-07-30T19:03:25.814Z,375.297,375.312,0.0,7.4,0.0,0.0,0.0,0.0,0.0,0.0,0.0,0.0,1.0,0.0,0.0,0.0,9.0,4.0,0.0,0.0,0.0,0.0,0.0,0.0,0.0,0.0,5.0,12.0,1.0,12.18,5.0200000000000005,2.51,1.49,0.0,0.0,0.0,361.4,0.0,-0.1,0.0,-0.1,-169.60000000000002,0.0,0.0,169.60000000000002,0.0,21.700000000000003,28.9,28.9,30.9,300.0,300.0,31.700000000000003,35.800000000000004,28.8,28.1,29.9,4.95,1.99,4.97,0.16,0.0,0.0,1027.0,8228.0,0.0,0.0,0.0,0.0,0.0,1.0,0.0,0.0,0.0,0.0,0.0,0.0,0.0,0.1,0.0,0.0,16.0,25903.0
2026-07-30T19:03:25.826Z,375.309,375.324,0.0,7.4,0.0,0.0,0.0,0.0,0.0,0.0,0.0,0.0,1.0,0.0,0.0,0.0,9.0,4.0,0.0,0.0,0.0,0.0,0.0,0.0,0.0,0.0,6.0,12.0,1.0,12.18,5.0200000000000005,2.51,1.49,0.0,0.1,0.0,361.3,0.0,0.3,-0.4,-0.1,-169.60000000000002,0.0,0.0,169.60000000000002,0.0,21.700000000000003,28.9,28.9,30.9,300.0,300.0,31.700000000000003,35.800000000000004,28.8,28.1,29.9,4.95,1.99,4.96,0.16,0.0,0.0,1027.0,8228.0,0.0,0.0,0.0,0.0,0.0,1.0,0.0,0.0,0.0,0.0,0.0,-0.6000000000000001,0.0,0.0,0.0,0.0,16.0,25903.0
2026-07-30T19:03:25.837Z,375.32,375.336,0.0,7.4,0.0,0.0,0.0,0.0,0.0,0.0,0.0,0.0,1.0,0.0,0.0,0.0,9.0,4.0,0.0,0.0,0.0,0.0,0.0,0.0,0.0,0.0,1.0,12.0,1.0,12.18,5.0200000000000005,2.51,1.49,0.0,0.0,0.0,361.4,0.0,-0.2,-0.4,0.4,-169.60000000000002,0.0,0.0,169.60000000000002,0.0,21.700000000000003,28.9,28.9,30.9,300.0,300.0,31.700000000000003,35.800000000000004,28.8,28.1,29.9,4.96,1.99,4.96,0.16,0.0,0.0,1027.0,8228.0,0.0,0.0,0.0,0.0,0.0,1.0,0.0,0.0,0.0,0.0,0.0,-0.2,0.0,-0.5,0.0,0.0,16.0,25903.0
2026-07-30T19:03:25.850Z,375.333,375.348,0.0,7.4,0.0,0.0,0.0,0.0,0.0,0.0,0.0,0.0,1.0,0.0,0.0,0.0,9.0,4.0,0.0,0.0,0.0,0.0,0.0,0.0,0.0,0.0,2.0,12.0,1.0,12.14,5.01,2.51,1.49,0.0,0.0,0.0,361.3,0.0,0.9,-0.4,0.0,-169.60000000000002,0.0,0.0,169.70000000000002,0.0,21.4,28.9,28.9,30.9,300.0,300.0,31.700000000000003,35.9,28.8,28.1,29.9,4.95,1.99,4.97,0.16,0.0,0.0,1027.0,8228.0,0.0,0.0,0.0,0.0,0.0,1.0,0.0,0.0,0.0,0.0,0.0,-0.6000000000000001,0.0,0.0,0.0,0.0,16.0,25903.0
2026-07-30T19:03:25.862Z,375.345,375.36,0.0,7.4,0.0,0.0,0.0,0.0,0.0,0.0,0.0,0.0,1.0,0.0,0.0,0.0,9.0,4.0,0.0,0.0,0.0,0.0,0.0,0.0,0.0,0.0,3.0,12.0,1.0,12.14,5.01,2.51,1.49,0.0,0.0,0.0,361.3,0.0,0.4,0.1,0.0,-169.60000000000002,0.0,0.0,169.60000000000002,0.0,21.4,28.9,28.9,30.9,300.0,300.0,31.700000000000003,35.9,28.8,28.1,29.9,4.95,1.99,4.96,0.16,0.0,0.0,1027.0,8228.0,0.0,0.0,0.0,0.0,0.0,1.0,0.0,0.0,0.0,0.0,0.0,0.0,0.0,0.0,0.0,0.0,16.0,25903.0
2026-07-30T19:03:25.874Z,375.357,375.372,0.0,7.4,0.0,0.0,0.0,0.0,0.0,0.0,0.0,0.0,1.0,0.0,0.0,0.0,9.0,4.0,0.0,0.0,0.0,0.0,0.0,0.0,0.0,0.0,4.0,12.0,1.0,12.14,5.01,2.51,1.49,0.0,0.0,0.0,361.4,0.0,-0.1,-0.4,0.5,-169.60000000000002,0.0,0.0,169.70000000000002,0.0,21.4,28.9,28.9,30.9,300.0,300.0,31.700000000000003,35.9,28.8,28.1,29.9,4.95,1.99,4.96,0.16,0.0,0.0,1027.0,8228.0,0.0,0.0,0.0,0.0,0.0,1.0,0.0,0.0,0.0,0.0,0.0,-0.1,0.0,-0.5,0.0,0.0,16.0,25903.0
2026-07-30T19:03:25.885Z,375.368,375.384,0.0,7.4,0.0,0.0,0.0,0.0,0.0,0.0,0.0,0.0,1.0,0.0,0.0,0.0,9.0,4.0,0.0,0.0,0.0,0.0,0.0,0.0,0.0,0.0,6.0,12.0,1.0,12.14,5.01,2.51,1.49,0.0,0.0,0.0,361.3,0.0,0.3,0.6000000000000001,0.0,-169.60000000000002,0.0,0.0,169.8,0.0,21.4,28.9,28.9,30.9,300.0,300.0,31.700000000000003,35.9,28.8,28.1,29.9,4.96,1.99,4.96,0.16,0.0,0.0,1027.0,8228.0,0.0,0.0,0.0,0.0,0.0,1.0,0.0,0.0,0.0,0.0,0.0,0.7000000000000001,0.0,0.1,0.0,0.0,16.0,25903.0
2026-07-30T19:03:25.897Z,375.38,375.396,0.0,7.4,0.0,0.0,0.0,0.0,0.0,0.0,0.0,0.0,1.0,0.0,0.0,0.0,9.0,4.0,0.0,0.0,0.0,0.0,0.0,0.0,0.0,0.0,1.0,12.0,1.0,12.14,5.01,2.51,1.49,0.0,0.0,0.0,361.4,0.0,-0.8,-1.1,-1.7000000000000002,-169.60000000000002,0.0,0.0,169.60000000000002,0.0,21.4,28.9,28.9,30.9,300.0,300.0,31.700000000000003,35.9,28.8,28.1,29.9,4.95,1.99,4.97,0.16,0.0,0.0,1027.0,8228.0,0.0,0.0,0.0,0.0,0.0,1.0,0.0,0.0,0.0,0.0,0.0,-2.6,0.0,1.3,0.0,0.0,16.0,25903.0
2026-07-30T19:03:25.910Z,375.393,375.408,0.0,7.4,0.0,0.0,0.0,0.0,0.0,0.0,0.0,0.0,1.0,0.0,0.0,0.0,9.0,4.0,0.0,0.0,0.0,0.0,0.0,0.0,0.0,0.0,2.0,12.0,1.0,12.14,5.01,2.51,1.49,0.0,0.0,0.0,361.3,0.0,-0.7000000000000001,-0.5,-1.1,-169.60000000000002,0.0,0.0,169.8,0.0,21.4,28.9,28.9,30.9,300.0,300.0,31.700000000000003,35.9,28.8,28.1,29.9,4.96,1.99,4.97,0.16,0.0,0.0,1027.0,8228.0,0.0,0.0,0.0,0.0,0.0,1.0,0.0,0.0,0.0,0.0,0.0,-1.5,0.0,0.9,0.0,0.0,16.0,25903.0
2026-07-30T19:03:25.922Z,375.405,375.42,0.0,7.4,0.0,0.0,0.0,0.0,0.0,0.0,0.0,0.0,1.0,0.0,0.0,0.0,9.0,4.0,0.0,0.0,0.0,0.0,0.0,0.0,0.0,0.0,3.0,12.0,1.0,12.14,5.01,2.51,1.49,0.0,0.0,0.0,361.4,0.0,-0.2,0.0,0.0,-169.60000000000002,0.0,0.0,169.8,0.0,21.4,28.9,28.9,30.9,300.0,300.0,31.700000000000003,35.9,28.8,28.1,29.9,4.96,1.99,4.97,0.16,0.0,0.0,1027.0,8228.0,0.0,0.0,0.0,0.0,0.0,1.0,0.0,0.0,0.0,0.0,0.0,0.0,0.0,0.0,0.0,0.0,16.0,25903.0
2026-07-30T19:03:25.934Z,375.417,375.432,0.0,7.4,0.0,0.0,0.0,0.0,0.0,0.0,0.0,0.0,1.0,0.0,0.0,0.0,9.0,4.0,0.0,0.0,0.0,0.0,0.0,0.0,0.0,0.0,4.0,12.0,1.0,12.14,5.01,2.51,1.49,0.0,0.0,0.0,361.4,0.0,-0.2,1.1,0.0,-169.60000000000002,0.0,0.0,169.70000000000002,0.0,21.4,28.9,28.9,30.9,300.0,300.0,31.700000000000003,35.9,28.8,28.1,29.9,4.95,1.99,4.97,0.16,0.0,0.0,1027.0,8228.0,0.0,0.0,0.0,0.0,0.0,1.0,0.0,0.0,0.0,0.0,0.0,1.3,0.0,0.2,0.0,0.0,16.0,25903.0
2026-07-30T19:03:25.947Z,375.43,375.444,0.0,7.4,0.0,0.0,0.0,0.0,0.0,0.0,0.0,0.0,1.0,0.0,0.0,0.0,9.0,4.0,0.0,0.0,0.0,0.0,0.0,0.0,0.0,0.0,5.0,12.0,1.0,12.18,5.01,2.5,1.49,0.0,0.0,0.0,361.3,0.0,-0.2,0.0,0.0,-169.60000000000002,0.0,0.0,169.70000000000002,0.0,21.200000000000003,28.9,28.9,30.9,300.0,300.0,31.700000000000003,35.9,28.8,28.1,29.9,4.96,1.99,4.96,0.16,0.0,0.0,1027.0,8228.0,0.0,0.0,0.0,0.0,0.0,1.0,0.0,0.0,0.0,0.0,0.0,0.0,0.0,0.0,0.0,0.0,16.0,25903.0
2026-07-30T19:03:25.958Z,375.441,375.456,0.0,7.4,0.0,0.0,0.0,0.0,0.0,0.0,0.0,0.0,1.0,0.0,0.0,0.0,9.0,4.0,0.0,0.0,0.0,0.0,0.0,0.0,0.0,0.0,6.0,12.0,1.0,12.18,5.01,2.5,1.49,0.0,0.0,0.0,361.3,0.0,-0.2,-0.5,1.2000000000000002,-169.60000000000002,0.0,0.0,169.70000000000002,0.0,21.200000000000003,28.9,28.9,30.9,300.0,300.0,31.700000000000003,35.9,28.8,28.1,29.9,4.95,1.99,4.96,0.16,0.0,0.0,1027.0,8228.0,0.0,0.0,0.0,0.0,0.0,1.0,0.0,0.0,0.0,0.0,0.0,0.3,0.0,-1.1,0.0,0.0,16.0,25903.0
2026-07-30T19:03:25.970Z,375.453,375.468,0.0,7.4,0.0,0.0,0.0,0.0,0.0,0.0,0.0,0.0,1.0,0.0,0.0,0.0,9.0,4.0,0.0,0.0,0.0,0.0,0.0,0.0,0.0,0.0,2.0,12.0,1.0,12.18,5.01,2.5,1.49,0.0,0.0,0.0,361.3,0.0,0.3,1.2000000000000002,-0.5,-169.60000000000002,0.0,0.0,169.70000000000002,0.0,21.200000000000003,28.9,28.9,30.9,300.0,300.0,31.700000000000003,35.9,28.8,28.1,29.9,4.95,1.99,4.97,0.16,0.0,0.0,1027.0,8228.0,0.0,0.0,0.0,0.0,0.0,1.0,0.0,0.0,0.0,0.0,0.0,1.0,0.0,0.7000000000000001,0.0,0.0,16.0,25903.0
2026-07-30T19:03:25.981Z,375.464,375.48,0.0,7.4,0.0,0.0,0.0,0.0,0.0,0.0,0.0,0.0,1.0,0.0,0.0,0.0,9.0,4.0,0.0,0.0,0.0,0.0,0.0,0.0,0.0,0.0,3.0,12.0,1.0,12.18,5.01,2.5,1.49,0.0,0.0,0.0,361.4,0.0,-0.2,0.5,-1.7000000000000002,-169.60000000000002,0.0,0.0,169.8,0.0,21.200000000000003,28.9,28.9,30.9,300.0,300.0,31.700000000000003,35.9,28.8,28.1,29.9,4.96,1.99,4.97,0.16,0.0,0.0,1027.0,8228.0,0.0,0.0,0.0,0.0,0.0,1.0,0.0,0.0,0.0,0.0,0.0,-0.6000000000000001,0.0,1.6,0.0,0.0,16.0,25903.0
2026-07-30T19:03:25.994Z,375.477,375.492,0.0,7.4,0.0,0.0,0.0,0.0,0.0,0.0,0.0,0.0,1.0,0.0,0.0,0.0,9.0,4.0,0.0,0.0,0.0,0.0,0.0,0.0,0.0,0.0,4.0,12.0,1.0,12.18,5.01,2.5,1.49,0.0,0.0,0.0,361.4,0.0,-0.8,0.0,0.5,-169.60000000000002,0.0,0.0,169.60000000000002,0.0,21.200000000000003,28.9,28.9,30.9,300.0,300.0,31.700000000000003,35.9,28.8,28.1,29.9,4.96,1.99,4.96,0.16,0.0,0.0,1027.0,8228.0,0.0,0.0,0.0,0.0,0.0,1.0,0.0,0.0,0.0,0.0,0.0,0.4,0.0,-0.4,0.0,0.0,16.0,25903.0
2026-07-30T19:03:26.006Z,375.489,375.504,0.0,7.4,0.0,0.0,0.0,0.0,0.0,0.0,0.0,0.0,1.0,0.0,0.0,0.0,9.0,4.0,0.0,0.0,0.0,0.0,0.0,0.0,0.0,0.0,5.0,12.0,1.0,12.18,5.01,2.5,1.49,0.0,0.1,0.0,361.3,0.0,0.3,0.6000000000000001,0.0,-169.60000000000002,0.0,0.0,169.60000000000002,0.0,21.200000000000003,28.9,28.9,30.9,300.0,300.0,31.700000000000003,35.9,28.8,28.1,29.9,4.95,1.99,4.97,0.16,0.0,0.0,1027.0,8228.0,0.0,0.0,0.0,0.0,0.0,1.0,0.0,0.0,0.0,0.0,0.0,0.6000000000000001,0.0,0.1,0.0,0.0,16.0,25903.0
2026-07-30T19:03:26.018Z,375.501,375.516,0.0,7.4,0.0,0.0,0.0,0.0,0.0,0.0,0.0,0.0,1.0,0.0,0.0,0.0,9.0,4.0,0.0,0.0,0.0,0.0,0.0,0.0,0.0,0.0,1.0,12.0,1.0,12.18,5.01,2.5,1.49,0.0,0.0,0.0,361.3,0.0,0.3,0.0,1.1,-169.60000000000002,0.0,0.0,169.60000000000002,0.0,21.200000000000003,28.9,28.9,30.9,300.0,300.0,31.700000000000003,35.9,28.8,28.1,29.9,4.95,1.99,4.96,0.16,0.0,0.0,1027.0,8228.0,0.0,0.0,0.0,0.0,0.0,1.0,0.0,0.0,0.0,0.0,0.0,0.9,0.0,-1.0,0.0,0.0,16.0,25903.0
2026-07-30T19:03:26.029Z,375.512,375.528,-0.1,7.4,0.0,0.0,0.0,0.0,0.0,0.0,0.0,0.0,1.0,0.0,0.0,0.0,9.0,4.0,0.0,0.0,0.0,0.0,0.0,0.0,0.0,0.0,2.0,12.0,1.0,12.18,5.01,2.5,1.49,0.0,0.0,0.0,361.3,0.0,-0.2,1.2000000000000002,0.5,-169.60000000000002,0.0,0.0,169.70000000000002,0.0,21.200000000000003,28.9,28.9,30.9,300.0,300.0,31.700000000000003,35.9,28.8,28.1,29.9,4.96,2.0,4.96,0.16,0.0,0.0,1027.0,8228.0,0.0,0.0,0.0,0.0,0.0,1.0,0.0,0.0,0.0,0.0,0.0,1.7000000000000002,0.0,-0.2,0.0,0.0,16.0,25903.0
2026-07-30T19:03:26.042Z,375.525,375.54,-0.1,7.4,0.0,0.0,0.0,0.0,0.0,0.0,0.0,0.0,1.0,0.0,0.0,0.0,9.0,4.0,0.0,0.0,0.0,0.0,0.0,0.0,0.0,0.0,3.0,12.0,1.0,12.18,5.01,2.5,1.49,0.0,0.0,0.0,361.4,0.0,0.3,-0.5,0.5,-169.60000000000002,0.0,0.0,169.70000000000002,0.0,21.200000000000003,28.9,28.9,30.9,300.0,300.0,31.700000000000003,35.9,28.8,28.1,29.9,4.96,2.0,4.96,0.16,0.0,0.0,1027.0,8228.0,0.0,0.0,0.0,0.0,0.0,1.0,0.0,0.0,0.0,0.0,0.0,-0.1,0.0,-0.6000000000000001,0.0,0.0,16.0,25903.0
2026-07-30T19:03:26.054Z,375.537,375.552,0.0,7.4,0.0,0.0,0.0,0.0,0.0,0.0,0.0,0.0,1.0,0.0,0.0,0.0,9.0,4.0,0.0,0.0,0.0,0.0,0.0,0.0,0.0,0.0,4.0,12.0,1.0,12.17,5.01,2.51,1.49,0.0,0.0,0.0,361.3,0.0,-0.2,0.6000000000000001,1.1,-169.60000000000002,0.0,0.0,169.8,0.0,21.700000000000003,28.9,28.9,30.9,300.0,300.0,31.8,35.9,28.9,28.1,29.9,4.95,1.99,4.97,0.16,0.0,0.0,1027.0,8228.0,0.0,0.0,0.0,0.0,0.0,1.0,0.0,0.0,0.0,0.0,0.0,1.5,0.0,-0.8,0.0,0.0,16.0,25903.0
2026-07-30T19:03:26.066Z,375.549,375.564,0.0,7.4,0.0,0.0,0.0,0.0,0.0,0.0,0.0,0.0,1.0,0.0,0.0,0.0,9.0,4.0,0.0,0.0,0.0,0.0,0.0,0.0,0.0,0.0,6.0,12.0,1.0,12.17,5.01,2.51,1.49,0.0,0.0,0.0,361.3,0.0,-0.2,1.2000000000000002,1.1,-169.60000000000002,0.0,0.0,169.8,0.0,21.700000000000003,28.9,28.9,30.9,300.0,300.0,31.8,35.9,28.9,28.1,29.9,4.95,1.99,4.96,0.16,0.0,0.0,1027.0,8228.0,0.0,0.0,0.0,0.0,0.0,1.0,0.0,0.0,0.0,0.0,0.0,2.3000000000000003,0.0,-0.7000000000000001,0.0,0.0,16.0,25903.0
2026-07-30T19:03:26.078Z,375.561,375.576,0.0,7.4,0.0,0.0,0.0,0.0,0.0,0.0,0.0,0.0,1.0,0.0,0.0,0.0,9.0,4.0,0.0,0.0,0.0,0.0,0.0,0.0,0.0,0.0,6.0,12.0,1.0,12.17,5.01,2.51,1.49,0.0,0.0,0.0,361.3,0.0,-0.9,0.1,1.1,-169.70000000000002,0.0,0.0,169.8,0.0,21.700000000000003,28.9,28.9,30.9,300.0,300.0,31.8,35.9,28.9,28.1,29.9,4.96,1.99,4.96,0.16,0.0,0.0,1027.0,8228.0,0.0,0.0,0.0,0.0,0.0,1.0,0.0,0.0,0.0,0.0,0.0,0.9,0.0,-0.9,0.0,0.0,16.0,25903.0
2026-07-30T19:03:26.090Z,375.573,375.588,0.0,7.4,0.0,0.0,0.0,0.0,0.0,0.0,0.0,0.0,1.0,0.0,0.0,0.0,9.0,4.0,0.0,0.0,0.0,0.0,0.0,0.0,0.0,0.0,2.0,12.0,1.0,12.17,5.01,2.51,1.49,0.0,0.0,0.0,361.3,0.0,-0.3,-1.6,-1.2000000000000002,-169.70000000000002,0.0,0.0,169.8,0.0,21.700000000000003,28.9,28.9,30.9,300.0,300.0,31.8,35.9,28.9,28.1,29.9,4.95,1.99,4.97,0.16,0.0,0.0,1027.0,8228.0,0.0,0.0,0.0,0.0,0.0,1.0,0.0,0.0,0.0,0.0,0.0,-2.7,0.0,0.7000000000000001,0.0,0.0,16.0,25903.0
2026-07-30T19:03:26.101Z,375.584,375.6,0.0,7.4,0.0,0.0,0.0,0.0,0.0,0.0,0.0,0.0,1.0,0.0,0.0,0.0,9.0,4.0,0.0,0.0,0.0,0.0,0.0,0.0,0.0,0.0,3.0,12.0,1.0,12.17,5.01,2.51,1.49,0.0,0.1,0.0,361.4,0.0,-0.3,-1.0,0.0,-169.70000000000002,0.0,0.0,169.70000000000002,0.0,21.700000000000003,28.9,28.9,30.9,300.0,300.0,31.8,35.9,28.9,28.1,29.9,4.96,1.99,4.96,0.16,0.0,0.0,1027.0,8228.0,0.0,0.0,0.0,0.0,0.0,1.0,0.0,0.0,0.0,0.0,0.0,-1.2000000000000002,0.0,-0.1,0.0,0.0,16.0,25903.0
2026-07-30T19:03:26.113Z,375.596,375.612,0.0,7.4,0.0,0.0,0.0,0.0,0.0,0.0,0.0,0.0,1.0,0.0,0.0,0.0,9.0,4.0,0.0,0.0,0.0,0.0,0.0,0.0,0.0,0.0,4.0,12.0,1.0,12.17,5.01,2.51,1.49,0.0,0.0,0.0,361.4,0.0,0.3,-0.4,-1.2000000000000002,-169.70000000000002,0.0,0.0,169.8,0.0,21.700000000000003,28.9,28.9,30.9,300.0,300.0,31.8,35.9,28.9,28.1,29.9,4.96,2.0,4.96,0.16,0.0,0.0,1027.0,8228.0,0.0,0.0,0.0,0.0,0.0,1.0,0.0,0.0,0.0,0.0,0.0,-1.4,0.0,1.0,0.0,0.0,16.0,25903.0
2026-07-30T19:03:26.126Z,375.609,375.624,0.0,7.4,0.0,0.0,0.0,0.0,0.0,0.0,0.0,0.0,1.0,0.0,0.0,0.0,9.0,4.0,0.0,0.0,0.0,0.0,0.0,0.0,0.0,0.0,5.0,12.0,1.0,12.17,5.01,2.51,1.49,0.0,0.0,0.0,361.4,0.0,-0.2,0.1,-2.4000000000000004,-169.70000000000002,0.0,0.0,169.8,0.0,21.700000000000003,28.9,28.9,30.9,300.0,300.0,31.8,35.9,28.9,28.1,29.9,4.95,1.99,4.96,0.16,0.0,0.0,1027.0,8228.0,0.0,0.0,0.0,0.0,0.0,1.0,0.0,0.0,0.0,0.0,0.0,-1.6,0.0,2.1,0.0,0.0,16.0,25903.0
2026-07-30T19:03:26.138Z,375.621,375.636,0.0,7.4,0.0,0.0,0.0,0.0,0.0,0.0,0.0,0.0,1.0,0.0,0.0,0.0,9.0,4.0,0.0,0.0,0.0,0.0,0.0,0.0,0.0,0.0,6.0,12.0,1.0,12.17,5.01,2.51,1.49,0.0,0.0,0.0,361.4,0.0,-0.2,-0.4,-0.6000000000000001,-169.70000000000002,0.0,0.0,169.60000000000002,0.0,21.700000000000003,28.9,28.9,30.9,300.0,300.0,31.8,35.9,28.9,28.1,29.9,4.95,1.99,4.96,0.16,0.0,0.0,1027.0,8228.0,0.0,0.0,0.0,0.0,0.0,1.0,0.0,0.0,0.0,0.0,0.0,-1.0,0.0,0.5,0.0,0.0,16.0,25903.0
2026-07-30T19:03:26.151Z,375.634,375.648,0.0,7.4,0.0,0.0,0.0,0.0,0.0,0.0,0.0,0.0,1.0,0.0,0.0,0.0,9.0,4.0,0.0,0.0,0.0,0.0,0.0,0.0,0.0,0.0,1.0,12.0,1.0,12.17,5.01,2.51,1.49,0.0,0.0,0.0,361.3,0.0,0.2,-1.0,-1.2000000000000002,-169.70000000000002,0.0,0.0,169.8,0.0,21.700000000000003,28.9,28.9,30.9,300.0,300.0,31.700000000000003,35.9,28.9,28.0,29.9,4.96,1.99,4.96,0.16,0.0,0.0,1027.0,8228.0,0.0,0.0,0.0,0.0,0.0,1.0,0.0,0.0,0.0,0.0,0.0,-1.2000000000000002,0.0,-0.1,0.0,0.0,16.0,25903.0
2026-07-30T19:03:26.162Z,375.645,375.66,0.0,7.4,0.0,0.0,0.0,0.0,0.0,0.0,0.0,0.0,1.0,0.0,0.0,0.0,9.0,4.0,0.0,0.0,0.0,0.0,0.0,0.0,0.0,0.0,3.0,12.0,1.0,12.17,5.01,2.51,1.49,0.0,0.0,0.0,361.4,0.0,0.2,1.3,0.0,-169.70000000000002,0.0,0.0,169.8,0.0,21.700000000000003,28.9,28.9,30.9,300.0,300.0,31.700000000000003,35.9,28.9,28.0,29.9,4.96,1.99,4.97,0.15,0.0,0.0,1027.0,8228.0,0.0,0.0,0.0,0.0,0.0,1.0,0.0,0.0,0.0,0.0,0.0,-0.3,0.0,0.6000000000000001,0.0,0.0,16.0,25903.0
2026-07-30T19:03:26.174Z,375.657,375.672,0.0,7.4,0.0,0.0,0.0,0.0,0.0,0.0,0.0,0.0,1.0,0.0,0.0,0.0,9.0,4.0,0.0,0.0,0.0,0.0,0.0,0.0,0.0,0.0,4.0,12.0,1.0,12.17,5.01,2.51,1.49,0.0,0.0,0.0,361.4,0.0,0.2,0.7000000000000001,-0.6000000000000001,-169.70000000000002,0.0,0.0,169.8,0.0,21.700000000000003,28.9,28.9,30.9,300.0,300.0,31.700000000000003,35.9,28.9,28.0,29.9,4.96,1.99,4.97,0.17,0.0,0.0,1027.0,8228.0,0.0,0.0,0.0,0.0,0.0,1.0,0.0,0.0,0.0,0.0,0.0,0.3,0.0,0.7000000000000001,0.0,0.0,16.0,25903.0
2026-07-30T19:03:26.186Z,375.669,375.684,0.0,7.4,0.0,0.0,0.0,0.0,0.0,0.0,0.0,0.0,1.0,0.0,0.0,0.0,9.0,4.0,0.0,0.0,0.0,0.0,0.0,0.0,0.0,0.0,5.0,12.0,1.0,12.17,5.01,2.51,1.49,0.0,0.0,0.0,361.4,0.0,-0.3,-0.4,0.4,-169.70000000000002,0.0,0.0,169.8,0.0,21.700000000000003,28.9,28.9,30.9,300.0,300.0,31.700000000000003,35.9,28.9,28.0,29.9,4.96,1.99,4.96,0.16,0.0,0.0,1027.0,8228.0,0.0,0.0,0.0,0.0,0.0,1.0,0.0,0.0,0.0,0.0,0.0,-0.6000000000000001,0.0,0.0,0.0,0.0,16.0,25903.0
2026-07-30T19:03:26.198Z,375.681,375.696,0.0,7.4,0.0,0.0,0.0,0.0,0.0,0.0,0.0,0.0,1.0,0.0,0.0,0.0,9.0,4.0,0.0,0.0,0.0,0.0,0.0,0.0,0.0,0.0,6.0,12.0,1.0,12.17,5.01,2.51,1.49,0.0,0.0,0.0,361.3,0.0,0.8,0.0,-0.7000000000000001,-169.70000000000002,0.0,0.0,169.70000000000002,0.0,21.700000000000003,28.9,28.9,30.9,300.0,300.0,31.700000000000003,35.9,28.9,28.0,29.9,4.95,1.99,4.96,0.16,0.0,0.0,1027.0,8228.0,0.0,0.0,0.0,0.0,0.0,1.0,0.0,0.0,0.0,0.0,0.0,-0.4,0.0,0.6000000000000001,0.0,0.0,16.0,25903.0
2026-07-30T19:03:26.209Z,375.692,375.708,0.0,7.4,0.0,0.0,0.0,0.0,0.0,0.0,0.0,0.0,1.0,0.0,0.0,0.0,9.0,4.0,0.0,0.0,0.0,0.0,0.0,0.0,0.0,0.0,1.0,12.0,1.0,12.17,5.01,2.51,1.49,0.0,0.0,0.0,361.3,0.0,0.8,0.6000000000000001,0.3,-169.70000000000002,0.0,0.0,169.8,0.0,21.700000000000003,28.9,28.9,30.9,300.0,300.0,31.700000000000003,35.9,28.9,28.0,29.9,4.95,1.99,4.97,0.16,0.0,0.0,1027.0,8228.0,0.0,0.0,0.0,0.0,0.0,1.0,0.0,0.0,0.0,0.0,0.0,0.9,0.0,-0.1,0.0,0.0,16.0,25903.0
2026-07-30T19:03:26.222Z,375.705,375.72,0.0,7.4,0.0,0.0,0.0,0.0,0.0,0.0,0.0,0.0,1.0,0.0,0.0,0.0,9.0,4.0,0.0,0.0,0.0,0.0,0.0,0.0,0.0,0.0,2.0,12.0,1.0,12.17,5.01,2.51,1.49,0.0,0.0,0.0,361.4,0.0,-0.9,1.1,-0.8,-169.70000000000002,0.0,0.0,169.8,0.0,21.700000000000003,28.9,28.9,30.9,300.0,300.0,31.700000000000003,35.9,28.9,28.0,29.9,4.95,1.99,4.97,0.16,0.0,0.0,1027.0,8228.0,0.0,0.0,0.0,0.0,0.0,1.0,0.0,0.0,0.0,0.0,0.0,0.6000000000000001,0.0,0.9,0.0,0.0,16.0,25903.0
2026-07-30T19:03:26.234Z,375.717,375.732,0.0,7.4,0.0,0.0,0.0,0.0,0.0,0.0,0.0,0.0,1.0,0.0,0.0,0.0,9.0,4.0,0.0,0.0,0.0,0.0,0.0,0.0,0.0,0.0,3.0,12.0,1.0,12.17,5.01,2.51,1.49,0.0,0.1,0.0,361.4,0.0,-0.3,-0.5,0.9,-169.70000000000002,0.0,0.0,169.8,0.0,21.700000000000003,28.9,28.9,30.9,300.0,300.0,31.700000000000003,35.9,28.9,28.0,29.9,4.96,1.99,4.96,0.16,0.0,0.0,1027.0,8228.0,0.0,0.0,0.0,0.0,0.0,1.0,0.0,0.0,0.0,0.0,0.0,0.0,0.0,-0.9,0.0,0.0,16.0,25903.0
2026-07-30T19:03:26.245Z,375.728,375.744,0.0,7.4,0.0,0.0,0.0,0.0,0.0,0.0,0.0,0.0,1.0,0.0,0.0,0.0,9.0,4.0,0.0,0.0,0.0,0.0,0.0,0.0,0.0,0.0,5.0,12.0,1.0,12.17,5.01,2.51,1.49,0.0,0.0,0.0,361.3,0.0,0.3,0.0,0.9,-169.70000000000002,0.0,0.0,169.70000000000002,0.0,21.700000000000003,28.9,28.9,30.9,300.0,300.0,31.700000000000003,35.9,28.9,28.0,29.9,4.95,1.99,4.97,0.16,0.0,0.0,1027.0,8228.0,0.0,0.0,0.0,0.0,0.0,1.0,0.0,0.0,0.0,0.0,0.0,0.7000000000000001,0.0,-0.8,0.0,0.0,16.0,25903.0
2026-07-30T19:03:26.258Z,375.741,375.756,0.0,7.4,0.0,0.0,0.0,0.0,0.0,0.0,0.0,0.0,1.0,0.0,0.0,0.0,9.0,4.0,0.0,0.0,0.0,0.0,0.0,0.0,0.0,0.0,6.0,12.0,1.0,12.18,5.0200000000000005,2.5,1.49,0.0,0.0,0.0,361.3,0.0,-0.8,0.0,-0.8,-169.70000000000002,0.0,0.0,169.70000000000002,0.0,21.4,28.9,28.9,30.9,300.0,300.0,31.8,35.9,28.9,28.0,29.9,4.95,1.99,4.97,0.16,0.0,0.0,1027.0,8228.0,0.0,0.0,0.0,0.0,0.0,1.0,0.0,0.0,0.0,0.0,0.0,-0.5,0.0,0.7000000000000001,0.0,0.0,16.0,25903.0
2026-07-30T19:03:26.269Z,375.752,375.768,0.0,7.4,0.0,0.0,0.0,0.0,0.0,0.0,0.0,0.0,1.0,0.0,0.0,0.0,9.0,4.0,0.0,0.0,0.0,0.0,0.0,0.0,0.0,0.0,2.0,12.0,1.0,12.18,5.0200000000000005,2.5,1.49,0.0,0.0,0.0,361.3,0.0,-0.3,0.1,0.3,-169.70000000000002,0.0,0.0,169.70000000000002,0.0,21.4,28.9,28.9,30.9,300.0,300.0,31.8,35.9,28.9,28.0,29.9,4.96,1.99,4.97,0.16,0.0,0.0,1027.0,8228.0,0.0,0.0,0.0,0.0,0.0,1.0,0.0,0.0,0.0,0.0,0.0,0.3,0.0,-0.2,0.0,0.0,16.0,25903.0
2026-07-30T19:03:26.281Z,375.764,375.78,0.0,7.4,0.0,0.0,0.0,0.0,0.0,0.0,0.0,0.0,1.0,0.0,0.0,0.0,9.0,4.0,0.0,0.0,0.0,0.0,0.0,0.0,0.0,0.0,3.0,12.0,1.0,12.18,5.0200000000000005,2.5,1.49,0.0,0.0,0.0,361.4,0.0,0.8,0.7000000000000001,-0.7000000000000001,-169.70000000000002,0.0,0.0,169.8,0.0,21.4,28.9,28.9,30.9,300.0,300.0,31.8,35.9,28.9,28.0,29.9,4.95,1.99,4.96,0.16,0.0,0.0,1027.0,8228.0,0.0,0.0,0.0,0.0,0.0,1.0,0.0,0.0,0.0,0.0,0.0,0.2,0.0,0.8,0.0,0.0,16.0,25903.0
2026-07-30T19:03:26.293Z,375.776,375.792,0.0,7.4,0.0,0.0,0.0,0.0,0.0,0.0,0.0,0.0,1.0,0.0,0.0,0.0,9.0,4.0,0.0,0.0,0.0,0.0,0.0,0.0,0.0,0.0,4.0,12.0,1.0,12.18,5.0200000000000005,2.5,1.49,0.0,0.0,0.0,361.3,0.0,-0.8,-1.6,-1.9,-169.70000000000002,0.0,0.0,169.70000000000002,0.0,21.4,28.9,28.9,30.9,300.0,300.0,31.8,35.9,28.9,28.0,29.9,4.95,1.99,4.97,0.16,0.0,0.0,1027.0,8228.0,0.0,0.0,0.0,0.0,0.0,1.0,0.0,0.0,0.0,0.0,0.0,-3.2,0.0,1.3,0.0,0.0,16.0,25903.0
2026-07-30T19:03:26.305Z,375.788,375.804,0.0,7.4,0.0,0.0,0.0,0.0,0.0,0.0,0.0,0.0,1.0,0.0,0.0,0.0,9.0,4.0,0.0,0.0,0.0,0.0,0.0,0.0,0.0,0.0,5.0,12.0,1.0,12.18,5.0200000000000005,2.5,1.49,0.0,0.0,0.0,361.3,0.0,0.3,0.7000000000000001,-0.1,-169.70000000000002,0.0,0.0,169.60000000000002,0.0,21.4,28.9,28.9,30.9,300.0,300.0,31.8,35.9,28.9,28.0,29.9,4.95,1.99,4.96,0.16,0.0,0.0,1027.0,8228.0,0.0,0.0,0.0,0.0,0.0,1.0,0.0,0.0,0.0,0.0,0.0,0.6000000000000001,0.0,0.3,0.0,0.0,16.0,25903.0
2026-07-30T19:03:26.318Z,375.801,375.816,0.0,7.4,0.0,0.0,0.0,0.0,0.0,0.0,0.0,0.0,1.0,0.0,0.0,0.0,9.0,4.0,0.0,0.0,0.0,0.0,0.0,0.0,0.0,0.0,6.0,12.0,1.0,12.18,5.0200000000000005,2.5,1.49,0.0,0.0,0.0,361.3,0.0,0.8,1.2000000000000002,1.0,-169.70000000000002,0.0,0.0,169.70000000000002,0.0,21.4,28.9,28.9,30.9,300.0,300.0,31.8,35.9,28.9,28.0,29.9,4.96,1.99,4.96,0.16,0.0,0.0,1027.0,8228.0,0.0,0.0,0.0,0.0,0.0,1.0,0.0,0.0,0.0,0.0,0.0,2.2,0.0,-0.6000000000000001,0.0,0.0,16.0,25903.0
2026-07-30T19:03:26.330Z,375.813,375.828,0.0,7.4,0.0,0.0,0.0,0.0,0.0,0.0,0.0,0.0,1.0,0.0,0.0,0.0,9.0,4.0,0.0,0.0,0.0,0.0,0.0,0.0,0.0,0.0,1.0,12.0,1.0,12.18,5.0200000000000005,2.5,1.49,0.0,0.0,0.0,361.4,0.0,1.4,-0.4,0.9,-169.70000000000002,0.0,0.0,169.70000000000002,0.0,21.4,28.9,28.9,30.9,300.0,300.0,31.8,35.9,28.9,28.0,29.9,4.95,1.99,4.97,0.16,0.0,0.0,1027.0,8228.0,0.0,0.0,0.0,0.0,0.0,1.0,0.0,0.0,0.0,0.0,0.0,0.2,0.0,-0.9,0.0,0.0,16.0,25903.0
2026-07-30T19:03:26.342Z,375.825,375.84,0.0,7.4,0.0,0.0,0.0,0.0,0.0,0.0,0.0,0.0,1.0,0.0,0.0,0.0,9.0,4.0,0.0,0.0,0.0,0.0,0.0,0.0,0.0,0.0,2.0,12.0,1.0,12.18,5.0200000000000005,2.5,1.49,0.0,0.0,0.0,361.3,0.0,0.2,0.1,-0.2,-169.70000000000002,0.0,0.0,169.8,0.0,21.4,28.9,28.9,30.9,300.0,300.0,31.8,35.9,28.9,28.0,29.9,4.96,1.99,4.96,0.16,0.0,0.0,1027.0,8228.0,0.0,0.0,0.0,0.0,0.0,1.0,0.0,0.0,0.0,0.0,0.0,0.0,0.0,0.2,0.0,0.0,16.0,25903.0
2026-07-30T19:03:26.354Z,375.837,375.852,0.0,7.4,0.0,0.0,0.0,0.0,0.0,0.0,0.0,0.0,1.0,0.0,0.0,0.0,9.0,4.0,0.0,0.0,0.0,0.0,0.0,0.0,0.0,0.0,4.0,12.0,1.0,12.17,5.0200000000000005,2.51,1.49,0.0,0.0,0.0,361.4,0.0,-0.3,0.1,-0.2,-169.70000000000002,0.0,0.0,169.8,0.0,21.8,28.9,28.9,30.9,300.0,300.0,31.700000000000003,35.800000000000004,28.8,28.0,29.9,4.96,2.0,4.97,0.16,0.0,0.0,1027.0,8228.0,0.0,0.0,0.0,0.0,0.0,1.0,0.0,0.0,0.0,0.0,0.0,0.0,0.0,0.2,0.0,0.0,16.0,25903.0
2026-07-30T19:03:26.366Z,375.849,375.864,0.0,7.4,0.0,0.0,0.0,0.0,0.0,0.0,0.0,0.0,1.0,0.0,0.0,0.0,9.0,4.0,0.0,0.0,0.0,0.0,0.0,0.0,0.0,0.0,5.0,12.0,1.0,12.17,5.0200000000000005,2.51,1.49,0.0,0.0,0.0,361.3,0.0,0.2,1.2000000000000002,1.4,-169.70000000000002,0.0,0.0,169.70000000000002,0.0,21.8,28.9,28.9,30.9,300.0,300.0,31.700000000000003,35.800000000000004,28.8,28.0,29.9,4.95,1.99,4.97,0.16,0.0,0.0,1027.0,8228.0,0.0,0.0,0.0,0.0,0.0,1.0,0.0,0.0,0.0,0.0,0.0,2.5,0.0,-1.0,0.0,0.0,16.0,25903.0
2026-07-30T19:03:26.378Z,375.861,375.876,0.0,7.4,0.0,0.0,0.0,0.0,0.0,0.0,0.0,0.0,1.0,0.0,0.0,0.0,9.0,4.0,0.0,0.0,0.0,0.0,0.0,0.0,0.0,0.0,6.0,12.0,1.0,12.17,5.0200000000000005,2.51,1.49,0.0,0.1,0.0,361.3,0.0,0.2,-1.0,-1.4,-169.70000000000002,0.0,0.0,169.8,0.0,21.8,28.9,28.9,30.9,300.0,300.0,31.700000000000003,35.800000000000004,28.8,28.0,29.9,4.95,1.99,4.97,0.16,0.0,0.0,1027.0,8228.0,0.0,0.0,0.0,0.0,0.0,1.0,0.0,0.0,0.0,0.0,0.0,-2.2,0.0,1.0,0.0,0.0,16.0,25903.0
2026-07-30T19:03:26.390Z,375.873,375.888,0.0,7.4,0.0,0.0,0.0,0.0,0.0,0.0,0.0,0.0,1.0,0.0,0.0,0.0,9.0,4.0,0.0,0.0,0.0,0.0,0.0,0.0,0.0,0.0,1.0,12.0,1.0,12.17,5.0200000000000005,2.51,1.49,0.0,0.0,0.0,361.4,0.0,0.2,-0.4,0.8,-169.70000000000002,0.0,0.0,169.8,0.0,21.8,28.9,28.9,30.9,300.0,300.0,31.700000000000003,35.800000000000004,28.8,28.0,29.9,4.96,2.0,4.96,0.16,0.0,0.0,1027.0,8228.0,0.0,0.0,0.0,0.0,0.0,1.0,0.0,0.0,0.0,0.0,0.0,0.1,0.0,-0.8,0.0,0.0,16.0,25903.0
2026-07-30T19:03:26.402Z,375.885,375.9,0.0,7.4,0.0,0.0,0.0,0.0,0.0,0.0,0.0,0.0,1.0,0.0,0.0,0.0,9.0,4.0,0.0,0.0,0.0,0.0,0.0,0.0,0.0,0.0,2.0,12.0,1.0,12.17,5.0200000000000005,2.51,1.49,0.0,0.0,0.0,361.4,0.0,-0.3,-0.4,-0.2,-169.70000000000002,0.0,0.0,169.8,0.0,21.8,28.9,28.9,30.9,300.0,300.0,31.700000000000003,35.800000000000004,28.8,28.0,29.9,4.96,1.99,4.97,0.16,0.0,0.0,1027.0,8228.0,0.0,0.0,0.0,0.0,0.0,1.0,0.0,0.0,0.0,0.0,0.0,-0.6000000000000001,0.0,0.1,0.0,0.0,16.0,25903.0
2026-07-30T19:03:26.414Z,375.897,375.912,0.0,7.4,0.0,0.0,0.0,0.0,0.0,0.0,0.0,0.0,1.0,0.0,0.0,0.0,9.0,4.0,0.0,0.0,0.0,0.0,0.0,0.0,0.0,0.0,4.0,12.0,1.0,12.17,5.0200000000000005,2.51,1.49,0.0,0.0,0.0,361.3,0.0,-0.3,0.1,-0.2,-169.70000000000002,0.0,0.0,169.70000000000002,0.0,21.8,28.9,28.9,30.9,300.0,300.0,31.700000000000003,35.800000000000004,28.8,28.0,29.9,4.95,1.99,4.97,0.16,0.0,0.0,1027.0,8228.0,0.0,0.0,0.0,0.0,0.0,1.0,0.0,0.0,0.0,0.0,0.0,0.0,0.0,0.2,0.0,0.0,16.0,25903.0
2026-07-30T19:03:26.426Z,375.909,375.924,0.0,7.4,0.0,0.0,0.0,0.0,0.0,0.0,0.0,0.0,1.0,0.0,0.0,0.0,9.0,4.0,0.0,0.0,0.0,0.0,0.0,0.0,0.0,0.0,5.0,12.0,1.0,12.17,5.0200000000000005,2.51,1.49,0.0,0.0,0.0,361.4,0.0,-0.9,0.7000000000000001,-0.1,-169.70000000000002,0.0,0.0,169.8,0.0,21.8,28.9,28.9,30.9,300.0,300.0,31.700000000000003,35.800000000000004,28.8,28.0,29.9,4.95,1.99,4.97,0.15,0.0,0.0,1027.0,8228.0,0.0,0.0,0.0,0.0,0.0,1.0,0.0,0.0,0.0,0.0,0.0,0.6000000000000001,0.0,0.3,0.0,0.0,16.0,25903.0
2026-07-30T19:03:26.437Z,375.92,375.936,0.0,7.4,0.0,0.0,0.0,0.0,0.0,0.0,0.0,0.0,1.0,0.0,0.0,0.0,9.0,4.0,0.0,0.0,0.0,0.0,0.0,0.0,0.0,0.0,6.0,12.0,1.0,12.17,5.0200000000000005,2.51,1.49,0.0,0.0,0.0,361.3,0.0,0.2,0.1,-0.7000000000000001,-169.70000000000002,0.0,0.0,169.70000000000002,0.0,21.8,28.9,28.9,30.9,300.0,300.0,31.700000000000003,35.800000000000004,28.8,28.0,29.9,4.95,2.0,4.96,0.15,0.0,0.0,1027.0,8228.0,0.0,0.0,0.0,0.0,0.0,1.0,0.0,0.0,0.0,0.0,0.0,-0.4,0.0,0.6000000000000001,0.0,0.0,16.0,25903.0
2026-07-30T19:03:26.450Z,375.933,375.948,0.0,7.4,0.0,0.0,0.0,0.0,0.0,0.0,0.0,0.0,1.0,0.0,0.0,0.0,9.0,4.0,0.0,0.0,0.0,0.0,0.0,0.0,0.0,0.0,1.0,12.0,1.0,12.17,5.0200000000000005,2.51,1.49,0.0,0.0,0.0,361.3,0.0,0.8,-0.4,-1.3,-169.70000000000002,0.0,0.0,169.70000000000002,0.0,21.8,28.9,28.9,30.9,300.0,300.0,31.700000000000003,35.800000000000004,28.8,28.0,29.9,4.95,1.99,4.97,0.16,0.0,0.0,1027.0,8228.0,0.0,0.0,0.0,0.0,0.0,1.0,0.0,0.0,0.0,0.0,0.0,-1.5,0.0,1.0,0.0,0.0,16.0,25903.0
2026-07-30T19:03:26.461Z,375.944,375.96,0.0,7.4,0.0,0.0,0.0,0.0,0.0,0.0,0.0,0.0,1.0,0.0,0.0,0.0,9.0,4.0,0.0,0.0,0.0,0.0,0.0,0.0,0.0,0.0,3.0,12.0,1.0,12.18,5.01,2.51,1.49,0.0,0.1,0.0,361.4,0.0,0.2,1.2000000000000002,0.9,-169.70000000000002,0.0,0.0,169.8,0.0,21.3,28.9,28.9,30.9,300.0,300.0,31.8,35.9,28.8,28.0,29.9,4.95,1.99,4.97,0.16,0.0,0.0,1027.0,8228.0,0.0,0.0,0.0,0.0,0.0,1.0,0.0,0.0,0.0,0.0,0.0,2.1,0.0,-0.6000000000000001,0.0,0.0,16.0,25903.0
2026-07-30T19:03:26.474Z,375.957,375.972,0.0,7.4,0.0,0.0,0.0,0.0,0.0,0.0,0.0,0.0,1.0,0.0,0.0,0.0,9.0,4.0,0.0,0.0,0.0,0.0,0.0,0.0,0.0,0.0,4.0,12.0,1.0,12.18,5.01,2.51,1.49,0.0,0.0,0.0,361.4,0.0,-0.2,-1.0,-0.1,-169.70000000000002,0.0,0.0,169.70000000000002,0.0,21.3,28.9,28.9,30.9,300.0,300.0,31.8,35.9,28.8,28.0,29.9,4.96,1.99,4.96,0.16,0.0,0.0,1027.0,8228.0,0.0,0.0,0.0,0.0,0.0,1.0,0.0,0.0,0.0,0.0,0.0,-1.3,0.0,0.0,0.0,0.0,16.0,25903.0
2026-07-30T19:03:26.486Z,375.969,375.984,0.0,7.4,0.0,0.0,0.0,0.0,0.0,0.0,0.0,0.0,1.0,0.0,0.0,0.0,9.0,4.0,0.0,0.0,0.0,0.0,0.0,0.0,0.0,0.0,5.0,12.0,1.0,12.18,5.01,2.51,1.49,0.0,0.0,0.0,361.4,0.0,-0.8,-1.0,-0.1,-169.70000000000002,0.0,0.0,169.70000000000002,0.0,21.3,28.9,28.9,30.9,300.0,300.0,31.8,35.9,28.8,28.0,29.9,4.95,1.99,4.97,0.16,0.0,0.0,1027.0,8228.0,0.0,0.0,0.0,0.0,0.0,1.0,0.0,0.0,0.0,0.0,0.0,-1.3,0.0,-0.1,0.0,0.0,16.0,25903.0
2026-07-30T19:03:26.497Z,375.98,375.996,0.0,7.4,0.0,0.0,0.0,0.0,0.0,0.0,0.0,0.0,1.0,0.0,0.0,0.0,9.0,4.0,0.0,0.0,0.0,0.0,0.0,0.0,0.0,0.0,1.0,12.0,1.0,12.18,5.01,2.51,1.49,0.0,0.0,0.0,361.4,0.0,0.3,0.0,-0.7000000000000001,-169.70000000000002,0.0,0.0,169.70000000000002,0.0,21.3,28.9,28.9,30.9,300.0,300.0,31.8,35.9,28.8,28.0,29.9,4.95,2.0,4.97,0.16,0.0,0.0,1027.0,8228.0,0.0,0.0,0.0,0.0,0.0,1.0,0.0,0.0,0.0,0.0,0.0,-0.4,0.0,0.6000000000000001,0.0,0.0,16.0,25903.0
2026-07-30T19:03:26.510Z,375.993,376.008,0.0,7.4,0.0,0.0,0.0,0.0,0.0,0.0,0.0,0.0,1.0,0.0,0.0,0.0,9.0,4.0,0.0,0.0,0.0,0.0,0.0,0.0,0.0,0.0,2.0,12.0,1.0,12.18,5.01,2.51,1.49,0.0,0.0,0.0,361.4,0.0,-0.2,0.7000000000000001,0.4,-169.70000000000002,0.0,0.0,169.60000000000002,0.0,21.3,28.9,28.9,30.9,300.0,300.0,31.8,35.9,28.8,28.0,29.9,4.96,1.99,4.97,0.16,0.0,0.0,1027.0,8228.0,0.0,0.0,0.0,0.0,0.0,1.0,0.0,0.0,0.0,0.0,0.0,1.2000000000000002,0.0,-0.2,0.0,0.0,16.0,25903.0
2026-07-30T19:03:26.521Z,376.004,376.02,0.0,7.4,0.0,0.0,0.0,0.0,0.0,0.0,0.0,0.0,1.0,0.0,0.0,0.0,9.0,4.0,0.0,0.0,0.0,0.0,0.0,0.0,0.0,0.0,3.0,12.0,1.0,12.18,5.01,2.51,1.49,0.0,0.0,0.0,361.3,0.0,-0.8,-0.4,-0.1,-169.70000000000002,0.0,0.0,169.8,0.0,21.3,28.9,28.9,30.9,300.0,300.0,31.8,35.9,28.8,28.0,29.9,4.95,1.99,4.97,0.16,0.0,0.0,1027.0,8228.0,0.0,0.0,0.0,0.0,0.0,1.0,0.0,0.0,0.0,0.0,0.0,-0.5,0.0,0.0,0.0,0.0,16.0,25903.0
2026-07-30T19:03:26.534Z,376.017,376.032,0.0,7.4,0.0,0.0,0.0,0.0,0.0,0.0,0.0,0.0,1.0,0.0,0.0,0.0,9.0,4.0,0.0,0.0,0.0,0.0,0.0,0.0,0.0,0.0,4.0,12.0,1.0,12.18,5.01,2.51,1.49,0.0,0.0,0.0,361.4,0.0,0.9,0.1,-0.1,-169.70000000000002,0.0,0.0,169.70000000000002,0.0,21.3,28.9,28.9,30.9,300.0,300.0,31.8,35.9,28.8,28.0,29.9,4.95,1.99,4.97,0.16,0.0,0.0,1027.0,8228.0,0.0,0.0,0.0,0.0,0.0,1.0,0.0,0.0,0.0,0.0,0.0,0.0,0.0,0.2,0.0,0.0,16.0,25903.0
2026-07-30T19:03:26.546Z,376.029,376.044,0.0,7.4,0.0,0.0,0.0,0.0,0.0,0.0,0.0,0.0,1.0,0.0,0.0,0.0,9.0,4.0,0.0,0.0,0.0,0.0,0.0,0.0,0.0,0.0,6.0,12.0,1.0,12.18,5.01,2.51,1.49,0.0,0.0,0.0,361.4,0.0,0.3,1.9,0.4,-169.70000000000002,0.0,0.0,169.8,0.0,21.3,28.9,28.9,30.9,300.0,300.0,31.8,35.9,28.8,28.0,29.9,4.95,1.99,4.96,0.16,0.0,0.0,1027.0,8228.0,0.0,0.0,0.0,0.0,0.0,1.0,0.0,0.0,0.0,0.0,0.0,2.4000000000000004,0.0,0.0,0.0,0.0,16.0,25903.0
2026-07-30T19:03:26.559Z,376.042,376.056,0.0,7.4,0.0,0.0,0.0,0.0,0.0,0.0,0.0,0.0,1.0,0.0,0.0,0.0,9.0,4.0,0.0,0.0,0.0,0.0,0.0,0.0,0.0,0.0,1.0,12.0,1.0,12.17,5.01,2.51,1.49,0.0,0.0,0.0,361.4,0.0,0.3,0.1,-0.7000000000000001,-169.70000000000002,0.0,0.0,169.8,0.0,21.3,28.9,28.9,30.9,300.0,300.0,31.6,35.800000000000004,28.8,28.0,29.9,4.96,1.99,4.96,0.16,0.0,0.0,1027.0,8228.0,0.0,0.0,0.0,0.0,0.0,1.0,0.0,0.0,0.0,0.0,0.0,-0.4,0.0,0.6000000000000001,0.0,0.0,16.0,25903.0
2026-07-30T19:03:26.570Z,376.053,376.068,0.0,7.4,0.0,0.0,0.0,0.0,0.0,0.0,0.0,0.0,1.0,0.0,0.0,0.0,9.0,4.0,0.0,0.0,0.0,0.0,0.0,0.0,0.0,0.0,3.0,12.0,1.0,12.17,5.01,2.51,1.49,0.0,0.1,0.0,361.4,0.0,0.3,0.1,1.5,-169.70000000000002,0.0,0.0,169.8,0.0,21.3,28.9,28.9,30.9,300.0,300.0,31.6,35.800000000000004,28.8,28.0,29.9,4.95,1.99,4.97,0.16,0.0,0.0,1027.0,8228.0,0.0,0.0,0.0,0.0,0.0,1.0,0.0,0.0,0.0,0.0,0.0,1.3,0.0,-1.3,0.0,0.0,16.0,25903.0
2026-07-30T19:03:26.581Z,376.064,376.08,0.0,7.4,0.0,0.0,0.0,0.0,0.0,0.0,0.0,0.0,1.0,0.0,0.0,0.0,9.0,4.0,0.0,0.0,0.0,0.0,0.0,0.0,0.0,0.0,4.0,12.0,1.0,12.17,5.01,2.51,1.49,0.0,0.0,0.0,361.4,0.0,-0.2,-1.6,-1.3,-169.70000000000002,0.0,0.0,169.8,0.0,21.3,28.9,28.9,30.9,300.0,300.0,31.6,35.800000000000004,28.8,28.0,29.9,4.96,2.0,4.96,0.16,0.0,0.0,1027.0,8228.0,0.0,0.0,0.0,0.0,0.0,1.0,0.0,0.0,0.0,0.0,0.0,-2.8000000000000003,0.0,0.8,0.0,0.0,16.0,25903.0
2026-07-30T19:03:26.594Z,376.077,376.092,0.0,7.4,0.0,0.0,0.0,0.0,0.0,0.0,0.0,0.0,1.0,0.0,0.0,0.0,9.0,4.0,0.0,0.0,0.0,0.0,0.0,0.0,0.0,0.0,5.0,12.0,1.0,12.17,5.01,2.51,1.49,0.0,0.0,0.0,361.3,0.0,-0.2,-1.0,-0.2,-169.70000000000002,0.0,0.0,169.8,0.0,21.3,28.9,28.9,30.9,300.0,300.0,31.6,35.800000000000004,28.8,28.0,29.9,4.96,1.99,4.97,0.16,0.0,0.0,1027.0,8228.0,0.0,0.0,0.0,0.0,0.0,1.0,0.0,0.0,0.0,0.0,0.0,-1.2000000000000002,0.0,0.0,0.0,0.0,16.0,25903.0
2026-07-30T19:03:26.606Z,376.089,376.104,0.0,7.4,0.0,0.0,0.0,0.0,0.0,0.0,0.0,0.0,1.0,0.0,0.0,0.0,9.0,4.0,0.0,0.0,0.0,0.0,0.0,0.0,0.0,0.0,6.0,12.0,1.0,12.17,5.01,2.51,1.49,0.0,0.0,0.0,361.4,0.0,0.3,0.1,-0.2,-169.70000000000002,0.0,0.0,169.70000000000002,0.0,21.3,28.9,28.9,30.9,300.0,300.0,31.6,35.800000000000004,28.8,28.0,29.9,4.95,1.99,4.97,0.16,0.0,0.0,1027.0,8228.0,0.0,0.0,0.0,0.0,0.0,1.0,0.0,0.0,0.0,0.0,0.0,0.0,0.0,0.2,0.0,0.0,16.0,25903.0
2026-07-30T19:03:26.617Z,376.1,376.116,0.0,7.4,0.0,0.0,0.0,0.0,0.0,0.0,0.0,0.0,1.0,0.0,0.0,0.0,9.0,4.0,0.0,0.0,0.0,0.0,0.0,0.0,0.0,0.0,2.0,12.0,1.0,12.17,5.01,2.51,1.49,0.0,0.0,0.0,361.4,0.0,0.2,-0.4,-1.3,-169.70000000000002,0.0,0.0,169.8,0.0,21.3,28.9,28.9,30.9,300.0,300.0,31.6,35.800000000000004,28.8,28.0,29.9,4.95,1.99,4.97,0.16,0.0,0.0,1027.0,8228.0,0.0,0.0,0.0,0.0,0.0,1.0,0.0,0.0,0.0,0.0,0.0,-1.5,0.0,1.1,0.0,0.0,16.0,25903.0
2026-07-30T19:03:26.629Z,376.112,376.128,0.0,7.4,0.0,0.0,0.0,0.0,0.0,0.0,0.0,0.0,1.0,0.0,0.0,0.0,9.0,4.0,0.0,0.0,0.0,0.0,0.0,0.0,0.0,0.0,3.0,12.0,1.0,12.17,5.01,2.51,1.49,0.0,0.0,0.0,361.3,0.0,0.3,0.7000000000000001,1.5,-169.70000000000002,0.0,0.0,169.70000000000002,0.0,21.3,28.9,28.9,30.9,300.0,300.0,31.6,35.800000000000004,28.8,28.0,29.9,4.96,1.99,4.97,0.16,0.0,0.0,1027.0,8228.0,0.0,0.0,0.0,0.0,0.0,1.0,0.0,0.0,0.0,0.0,0.0,2.0,0.0,-1.2000000000000002,0.0,0.0,16.0,25903.0
2026-07-30T19:03:26.642Z,376.125,376.14,0.0,7.4,0.0,0.0,0.0,0.0,0.0,0.0,0.0,0.0,1.0,0.0,0.0,0.0,9.0,4.0,0.0,0.0,0.0,0.0,0.0,0.0,0.0,0.0,4.0,12.0,1.0,12.17,5.01,2.51,1.49,0.0,0.0,0.0,361.3,0.0,-0.8,0.7000000000000001,-1.9,-169.70000000000002,0.0,0.0,169.60000000000002,0.0,21.3,28.9,28.9,30.9,300.0,300.0,31.6,35.800000000000004,28.8,28.0,29.9,4.96,1.99,4.97,0.16,0.0,0.0,1027.0,8228.0,0.0,0.0,0.0,0.0,0.0,1.0,0.0,0.0,0.0,0.0,0.0,-0.6000000000000001,0.0,1.8,0.0,0.0,16.0,25903.0
2026-07-30T19:03:26.654Z,376.137,376.152,0.0,7.4,0.0,0.0,0.0,0.0,0.0,0.0,0.0,0.0,1.0,0.0,0.0,0.0,9.0,4.0,0.0,0.0,0.0,0.0,0.0,0.0,0.0,0.0,5.0,12.0,1.0,12.17,5.01,2.51,1.49,0.0,0.0,0.0,361.3,0.0,0.3,0.7000000000000001,0.9,-169.70000000000002,0.0,0.0,169.70000000000002,0.0,21.3,28.9,28.9,30.9,300.0,300.0,31.6,35.800000000000004,28.8,28.0,29.9,4.95,1.99,4.97,0.16,0.0,0.0,1027.0,8228.0,0.0,0.0,0.0,0.0,0.0,1.0,0.0,0.0,0.0,0.0,0.0,1.5,0.0,-0.7000000000000001,0.0,0.0,16.0,25903.0
2026-07-30T19:03:26.666Z,376.149,376.164,0.0,7.4,0.0,0.0,0.0,0.0,0.0,0.0,0.0,0.0,1.0,0.0,0.0,0.0,9.0,4.0,0.0,0.0,0.0,0.0,0.0,0.0,0.0,0.0,6.0,12.0,1.0,12.18,5.01,2.51,1.49,0.0,0.0,0.0,361.4,0.0,-0.2,-0.4,-0.2,-169.70000000000002,0.0,0.0,169.8,0.0,21.3,28.9,28.9,30.9,300.0,300.0,31.700000000000003,35.9,28.8,28.0,29.9,4.96,1.99,4.96,0.16,0.0,0.0,1027.0,8228.0,0.0,0.0,0.0,0.0,0.0,1.0,0.0,0.0,0.0,0.0,0.0,-2.2,0.0,1.0,0.0,0.0,16.0,25903.0
2026-07-30T19:03:26.678Z,376.161,376.176,0.0,7.4,0.0,0.0,0.0,0.0,0.0,0.0,0.0,0.0,1.0,0.0,0.0,0.0,9.0,4.0,0.0,0.0,0.0,0.0,0.0,0.0,0.0,0.0,2.0,12.0,1.0,12.18,5.01,2.51,1.49,0.0,0.0,0.0,361.4,0.0,-0.2,-0.5,-0.2,-169.70000000000002,0.0,0.0,169.70000000000002,0.0,21.3,28.9,28.9,30.9,300.0,300.0,31.700000000000003,35.9,28.8,28.0,29.9,4.95,2.0,4.96,0.16,0.0,0.0,1027.0,8228.0,0.0,0.0,0.0,0.0,0.0,1.0,0.0,0.0,0.0,0.0,0.0,-0.7000000000000001,0.0,0.1,0.0,0.0,16.0,25903.0
2026-07-30T19:03:26.689Z,376.172,376.188,0.0,7.4,0.0,0.0,0.0,0.0,0.0,0.0,0.0,0.0,1.0,0.0,0.0,0.0,9.0,4.0,0.0,0.0,0.0,0.0,0.0,0.0,0.0,0.0,3.0,12.0,1.0,12.18,5.01,2.51,1.49,0.0,0.0,0.0,361.4,0.0,0.9,0.0,0.2,-169.70000000000002,0.0,0.0,169.70000000000002,0.0,21.3,28.9,28.9,30.9,300.0,300.0,31.700000000000003,35.9,28.8,28.0,29.9,4.95,1.99,4.97,0.16,0.0,0.0,1027.0,8228.0,0.0,0.0,0.0,0.0,0.0,1.0,0.0,0.0,0.0,0.0,0.0,-0.2,0.0,0.2,0.0,0.0,16.0,25903.0
2026-07-30T19:03:26.702Z,376.185,376.2,0.0,7.4,0.0,0.0,0.0,0.0,0.0,0.0,0.0,0.0,1.0,0.0,0.0,0.0,9.0,4.0,0.0,0.0,0.0,0.0,0.0,0.0,0.0,0.0,4.0,12.0,1.0,12.18,5.01,2.51,1.49,0.0,0.0,0.0,361.3,0.0,-0.8,0.0,1.4,-169.70000000000002,0.0,0.0,169.70000000000002,0.0,21.3,28.9,28.9,30.9,300.0,300.0,31.700000000000003,35.9,28.8,28.0,29.9,4.95,1.99,4.97,0.16,0.0,0.0,1027.0,8228.0,0.0,0.0,0.0,0.0,0.0,1.0,0.0,0.0,0.0,0.0,0.0,1.0,0.0,-1.2000000000000002,0.0,0.0,16.0,25903.0
2026-07-30T19:03:26.713Z,376.196,376.212,0.0,7.4,0.0,0.0,0.0,0.0,0.0,0.0,0.0,0.0,1.0,0.0,0.0,0.0,9.0,4.0,0.0,0.0,0.0,0.0,0.0,0.0,0.0,0.0,6.0,12.0,1.0,12.18,5.01,2.51,1.49,0.0,0.0,0.0,361.4,0.0,-0.2,-0.5,0.8,-169.70000000000002,0.0,0.0,169.70000000000002,0.0,21.3,28.9,28.9,30.9,300.0,300.0,31.700000000000003,35.9,28.8,28.0,29.9,4.96,1.99,4.96,0.16,0.0,0.0,1027.0,8228.0,0.0,0.0,0.0,0.0,0.0,1.0,0.0,0.0,0.0,0.0,0.0,0.0,0.0,-0.8,0.0,0.0,16.0,25903.0
2026-07-30T19:03:26.725Z,376.208,376.224,0.0,7.4,0.0,0.0,0.0,0.0,0.0,0.0,0.0,0.0,1.0,0.0,0.0,0.0,9.0,4.0,0.0,0.0,0.0,0.0,0.0,0.0,0.0,0.0,1.0,12.0,1.0,12.18,5.01,2.51,1.49,0.0,0.0,0.0,361.3,0.0,0.9,-1.1,-0.3,-169.70000000000002,0.0,0.0,169.70000000000002,0.0,21.3,28.9,28.9,30.9,300.0,300.0,31.700000000000003,35.9,28.8,28.0,29.9,4.95,2.0,4.97,0.16,0.0,0.0,1027.0,8228.0,0.0,0.0,0.0,0.0,0.0,1.0,0.0,0.0,0.0,0.0,0.0,-1.5,0.0,0.0,0.0,0.0,16.0,25903.0
2026-07-30T19:03:26.737Z,376.22,376.236,0.0,7.4,0.0,0.0,0.0,0.0,0.0,0.0,0.0,0.0,1.0,0.0,0.0,0.0,9.0,4.0,0.0,0.0,0.0,0.0,0.0,0.0,0.0,0.0,2.0,12.0,1.0,12.18,5.01,2.51,1.49,0.0,0.0,0.0,361.3,0.0,0.3,0.0,0.2,-169.70000000000002,0.0,0.0,169.70000000000002,0.0,21.3,28.9,28.9,30.9,300.0,300.0,31.700000000000003,35.9,28.8,28.0,29.9,4.95,1.99,4.96,0.16,0.0,0.0,1027.0,8228.0,0.0,0.0,0.0,0.0,0.0,1.0,0.0,0.0,0.0,0.0,0.0,0.2,0.0,-0.2,0.0,0.0,16.0,25903.0
2026-07-30T19:03:26.750Z,376.233,376.248,0.0,7.4,0.0,0.0,0.0,0.0,0.0,0.0,0.0,0.0,1.0,0.0,0.0,0.0,9.0,4.0,0.0,0.0,0.0,0.0,0.0,0.0,0.0,0.0,3.0,12.0,1.0,12.18,5.01,2.51,1.49,0.0,0.1,0.0,361.4,0.0,-0.2,0.0,-0.7000000000000001,-169.70000000000002,0.0,0.0,169.70000000000002,0.0,21.3,28.9,28.9,30.9,300.0,300.0,31.700000000000003,35.9,28.8,28.0,29.9,4.96,1.99,4.96,0.16,0.0,0.0,1027.0,8228.0,0.0,0.0,0.0,0.0,0.0,1.0,0.0,0.0,0.0,0.0,0.0,-0.5,0.0,0.7000000000000001,0.0,0.0,16.0,25903.0
2026-07-30T19:03:26.762Z,376.245,376.26,0.0,7.4,0.0,0.0,0.0,0.0,0.0,0.0,0.0,0.0,1.0,0.0,0.0,0.0,9.0,4.0,0.0,0.0,0.0,0.0,0.0,0.0,0.0,0.0,4.0,12.0,1.0,12.17,5.0200000000000005,2.51,1.49,0.0,0.0,0.0,361.3,0.0,0.3,0.1,0.3,-169.70000000000002,0.0,0.0,169.70000000000002,0.0,21.700000000000003,28.9,28.9,30.9,300.0,300.0,31.700000000000003,35.9,28.8,28.0,29.9,4.95,1.99,4.96,0.16,0.0,0.0,1027.0,8228.0,0.0,0.0,0.0,0.0,0.0,1.0,0.0,0.0,0.0,0.0,0.0,0.4,0.0,-0.3,0.0,0.0,16.0,25903.0
2026-07-30T19:03:26.774Z,376.257,376.272,0.0,7.4,0.0,0.0,0.0,0.0,0.0,0.0,0.0,0.0,1.0,0.0,0.0,0.0,9.0,4.0,0.0,0.0,0.0,0.0,0.0,0.0,0.0,0.0,6.0,12.0,1.0,12.17,5.0200000000000005,2.51,1.49,0.0,0.0,0.0,361.3,0.0,0.3,-1.0,-0.7000000000000001,-169.70000000000002,0.0,0.0,169.70000000000002,0.0,21.700000000000003,28.9,28.9,30.9,300.0,300.0,31.700000000000003,35.9,28.8,28.0,29.9,4.96,1.99,4.97,0.16,0.0,0.0,1027.0,8228.0,0.0,0.0,0.0,0.0,0.0,1.0,0.0,0.0,0.0,0.0,0.0,-1.7000000000000002,0.0,0.4,0.0,0.0,16.0,25903.0
2026-07-30T19:03:26.786Z,376.269,376.284,0.0,7.4,0.0,0.0,0.0,0.0,0.0,0.0,0.0,0.0,1.0,0.0,0.0,0.0,9.0,4.0,0.0,0.0,0.0,0.0,0.0,0.0,0.0,0.0,1.0,12.0,1.0,12.17,5.0200000000000005,2.51,1.49,0.0,0.0,0.0,361.4,0.0,-0.2,0.1,-0.1,-169.70000000000002,0.0,0.0,169.70000000000002,0.0,21.700000000000003,28.9,28.9,30.9,300.0,300.0,31.700000000000003,35.9,28.8,28.0,29.9,4.96,1.99,4.96,0.16,0.0,0.0,1027.0,8228.0,0.0,0.0,0.0,0.0,0.0,1.0,0.0,0.0,0.0,0.0,0.0,0.0,0.0,0.1,0.0,0.0,16.0,25903.0
2026-07-30T19:03:26.797Z,376.28,376.296,0.0,7.4,0.0,0.0,0.0,0.0,0.0,0.0,0.0,0.0,1.0,0.0,0.0,0.0,9.0,4.0,0.0,0.0,0.0,0.0,0.0,0.0,0.0,0.0,2.0,12.0,1.0,12.17,5.0200000000000005,2.51,1.49,0.0,0.0,0.0,361.3,0.0,-0.2,0.1,-0.1,-169.70000000000002,0.0,0.0,169.70000000000002,0.0,21.700000000000003,28.9,28.9,30.9,300.0,300.0,31.700000000000003,35.9,28.8,28.0,29.9,4.96,1.99,4.96,0.16,0.0,0.0,1027.0,8228.0,0.0,0.0,0.0,0.0,0.0,1.0,0.0,0.0,0.0,0.0,0.0,0.0,0.0,0.1,0.0,0.0,16.0,25903.0
2026-07-30T19:03:26.809Z,376.292,376.308,0.0,7.4,0.0,0.0,0.0,0.0,0.0,0.0,0.0,0.0,1.0,0.0,0.0,0.0,9.0,4.0,0.0,0.0,0.0,0.0,0.0,0.0,0.0,0.0,3.0,12.0,1.0,12.17,5.0200000000000005,2.51,1.49,0.0,0.0,0.0,361.4,0.0,0.3,0.1,0.4,-169.70000000000002,0.0,0.0,169.70000000000002,0.0,21.700000000000003,28.9,28.9,30.9,300.0,300.0,31.700000000000003,35.9,28.8,28.0,29.9,4.95,1.99,4.97,0.16,0.0,0.0,1027.0,8228.0,0.0,0.0,0.0,0.0,0.0,1.0,0.0,0.0,0.0,0.0,0.0,0.5,0.0,-0.4,0.0,0.0,16.0,25903.0
2026-07-30T19:03:26.821Z,376.304,376.32,0.0,7.4,0.0,0.0,0.0,0.0,0.0,0.0,0.0,0.0,1.0,0.0,0.0,0.0,9.0,4.0,0.0,0.0,0.0,0.0,0.0,0.0,0.0,0.0,4.0,12.0,1.0,12.17,5.0200000000000005,2.51,1.49,0.0,0.0,0.0,361.3,0.0,-0.8,-1.6,0.0,-169.70000000000002,0.0,0.0,169.60000000000002,0.0,21.700000000000003,28.9,28.9,30.9,300.0,300.0,31.700000000000003,35.9,28.8,28.0,29.9,4.96,1.99,4.96,0.16,0.0,0.0,1027.0,8228.0,0.0,0.0,0.0,0.0,0.0,1.0,0.0,0.0,0.0,0.0,0.0,-1.9,0.0,-0.2,0.0,0.0,16.0,25903.0
2026-07-30T19:03:26.833Z,376.316,376.332,0.0,7.4,0.0,0.0,0.0,0.0,0.0,0.0,0.0,0.0,1.0,0.0,0.0,0.0,9.0,4.0,0.0,0.0,0.0,0.0,0.0,0.0,0.0,0.0,5.0,12.0,1.0,12.17,5.0200000000000005,2.51,1.49,0.0,0.0,0.0,361.4,0.0,0.3,0.1,-1.3,-169.70000000000002,0.0,0.0,169.70000000000002,0.0,21.700000000000003,28.9,28.9,30.9,300.0,300.0,31.700000000000003,35.9,28.8,28.0,29.9,4.96,2.0,4.96,0.16,0.0,0.0,1027.0,8228.0,0.0,0.0,0.0,0.0,0.0,1.0,0.0,0.0,0.0,0.0,0.0,-0.8,0.0,1.2000000000000002,0.0,0.0,16.0,25903.0
2026-07-30T19:03:26.846Z,376.329,376.344,0.0,7.4,0.0,0.0,0.0,0.0,0.0,0.0,0.0,0.0,1.0,0.0,0.0,0.0,9.0,4.0,0.0,0.0,0.0,0.0,0.0,0.0,0.0,0.0,6.0,12.0,1.0,12.17,5.0200000000000005,2.51,1.49,0.0,0.0,0.0,361.3,0.0,-0.2,-1.0,-0.7000000000000001,-169.60000000000002,0.0,0.0,169.70000000000002,0.0,21.700000000000003,28.9,28.9,30.9,300.0,300.0,31.700000000000003,35.9,28.8,28.0,29.9,4.95,1.99,4.96,0.16,0.0,0.0,1027.0,8228.0,0.0,0.0,0.0,0.0,0.0,1.0,0.0,0.0,0.0,0.0,0.0,-1.7000000000000002,0.0,0.4,0.0,0.0,16.0,25903.0
2026-07-30T19:03:26.857Z,376.34,376.356,0.0,7.4,0.0,0.0,0.0,0.0,0.0,0.0,0.0,0.0,1.0,0.0,0.0,0.0,9.0,4.0,0.0,0.0,0.0,0.0,0.0,0.0,0.0,0.0,2.0,12.0,1.0,12.17,5.0200000000000005,2.51,1.49,0.0,0.0,0.0,361.3,0.0,-0.2,-1.0,-0.7000000000000001,-169.60000000000002,0.0,0.0,169.70000000000002,0.0,21.700000000000003,28.9,28.9,30.9,300.0,300.0,31.700000000000003,35.9,28.8,28.0,29.9,4.95,1.99,4.97,0.16,0.0,0.0,1027.0,8228.0,0.0,0.0,0.0,0.0,0.0,1.0,0.0,0.0,0.0,0.0,0.0,-1.6,0.0,0.4,0.0,0.0,16.0,25903.0
2026-07-30T19:03:26.869Z,376.352,376.368,0.0,7.4,0.0,0.0,0.0,0.0,0.0,0.0,0.0,0.0,1.0,0.0,0.0,0.0,9.0,4.0,0.0,0.0,0.0,0.0,0.0,0.0,0.0,0.0,3.0,12.0,1.0,12.15,5.0200000000000005,2.51,1.49,0.0,0.0,0.0,361.3,0.0,0.3,-1.0,-0.1,-169.60000000000002,0.0,0.0,169.60000000000002,0.0,21.700000000000003,28.9,28.9,30.9,300.0,300.0,31.700000000000003,35.9,28.8,28.0,29.9,4.96,1.99,4.96,0.16,0.0,0.0,1027.0,8228.0,0.0,0.0,0.0,0.0,0.0,1.0,0.0,0.0,0.0,0.0,0.0,-1.2000000000000002,0.0,0.0,0.0,0.0,16.0,25903.0
2026-07-30T19:03:26.882Z,376.365,376.38,0.0,7.4,0.0,0.0,0.0,0.0,0.0,0.0,0.0,0.0,1.0,0.0,0.0,0.0,9.0,4.0,0.0,0.0,0.0,0.0,0.0,0.0,0.0,0.0,4.0,12.0,1.0,12.15,5.0200000000000005,2.51,1.49,0.0,0.0,0.0,361.4,0.0,-0.8,-0.4,0.3,-169.60000000000002,0.0,0.0,169.70000000000002,0.0,21.700000000000003,28.9,28.9,30.9,300.0,300.0,31.700000000000003,35.9,28.8,28.0,29.9,4.96,1.99,4.97,0.16,0.0,0.0,1027.0,8228.0,0.0,0.0,0.0,0.0,0.0,1.0,0.0,0.0,0.0,0.0,0.0,-0.2,0.0,-0.4,0.0,0.0,16.0,25903.0
2026-07-30T19:03:26.894Z,376.377,376.392,0.0,7.4,0.0,0.0,0.0,0.0,0.0,0.0,0.0,0.0,1.0,0.0,0.0,0.0,9.0,4.0,0.0,0.0,0.0,0.0,0.0,0.0,0.0,0.0,6.0,12.0,1.0,12.15,5.0200000000000005,2.51,1.49,0.0,0.0,0.0,361.4,0.0,0.9,0.7000000000000001,0.3,-169.60000000000002,0.0,0.0,169.60000000000002,0.0,21.700000000000003,28.9,28.9,30.9,300.0,300.0,31.700000000000003,35.9,28.8,28.0,29.9,4.95,1.99,4.97,0.16,0.0,0.0,1027.0,8228.0,0.0,0.0,0.0,0.0,0.0,1.0,0.0,0.0,0.0,0.0,0.0,1.1,0.0,-0.1,0.0,0.0,16.0,25903.0
2026-07-30T19:03:26.905Z,376.388,376.404,0.0,7.4,0.0,0.0,0.0,0.0,0.0,0.0,0.0,0.0,1.0,0.0,0.0,0.0,9.0,4.0,0.0,0.0,0.0,0.0,0.0,0.0,0.0,0.0,1.0,12.0,1.0,12.15,5.0200000000000005,2.51,1.49,0.0,0.0,0.0,361.3,0.0,-0.7000000000000001,-1.5,-2.5,-169.60000000000002,0.0,0.0,169.60000000000002,0.0,21.700000000000003,28.9,28.9,30.9,300.0,300.0,31.700000000000003,35.9,28.8,28.0,29.9,4.96,1.99,4.96,0.16,0.0,0.0,1027.0,8228.0,0.0,0.0,0.0,0.0,0.0,1.0,0.0,0.0,0.0,0.0,0.0,-3.6,0.0,1.9,0.0,0.0,16.0,25903.0
2026-07-30T19:03:26.918Z,376.401,376.416,0.0,7.4,0.0,0.0,0.0,0.0,0.0,0.0,0.0,0.0,1.0,0.0,0.0,0.0,9.0,4.0,0.0,0.0,0.0,0.0,0.0,0.0,0.0,0.0,2.0,12.0,1.0,12.15,5.0200000000000005,2.51,1.49,0.0,0.0,0.0,361.4,0.0,0.4,0.2,0.3,-169.60000000000002,0.0,0.0,169.60000000000002,0.0,21.700000000000003,28.9,28.9,30.9,300.0,300.0,31.700000000000003,35.9,28.8,28.0,29.9,4.95,2.0,4.96,0.16,0.0,0.0,1027.0,8228.0,0.0,0.0,0.0,0.0,0.0,1.0,0.0,0.0,0.0,0.0,0.0,0.5,0.0,-0.2,0.0,0.0,16.0,25903.0
2026-07-30T19:03:26.930Z,376.413,376.428,0.0,7.4,0.0,0.0,0.0,0.0,0.0,0.0,0.0,0.0,1.0,0.0,0.0,0.0,9.0,4.0,0.0,0.0,0.0,0.0,0.0,0.0,0.0,0.0,3.0,12.0,1.0,12.15,5.0200000000000005,2.51,1.49,0.0,0.1,0.0,361.4,0.0,-0.2,0.2,-0.2,-169.60000000000002,0.0,0.0,169.60000000000002,0.0,21.700000000000003,28.9,28.9,30.9,300.0,300.0,31.700000000000003,35.9,28.8,28.0,29.9,4.95,1.99,4.97,0.16,0.0,0.0,1027.0,8228.0,0.0,0.0,0.0,0.0,0.0,1.0,0.0,0.0,0.0,0.0,0.0,0.1,0.0,0.2,0.0,0.0,16.0,25903.0
2026-07-30T19:03:26.941Z,376.424,376.44,0.0,7.4,0.0,0.0,0.0,0.0,0.0,0.0,0.0,0.0,1.0,0.0,0.0,0.0,9.0,4.0,0.0,0.0,0.0,0.0,0.0,0.0,0.0,0.0,4.0,12.0,1.0,12.15,5.0200000000000005,2.51,1.49,0.0,0.0,0.0,361.3,0.0,-0.2,-0.3,0.3,-169.60000000000002,0.0,0.0,169.60000000000002,0.0,21.700000000000003,28.9,28.9,30.9,300.0,300.0,31.700000000000003,35.9,28.8,28.0,29.9,4.95,1.99,4.97,0.16,0.0,0.0,1027.0,8228.0,0.0,0.0,0.0,0.0,0.0,1.0,0.0,0.0,0.0,0.0,0.0,-0.1,0.0,-0.3,0.0,0.0,16.0,25903.0
2026-07-30T19:03:26.954Z,376.437,376.452,0.0,7.4,0.0,0.0,0.0,0.0,0.0,0.0,0.0,0.0,1.0,0.0,0.0,0.0,9.0,4.0,0.0,0.0,0.0,0.0,0.0,0.0,0.0,0.0,5.0,12.0,1.0,12.15,5.0200000000000005,2.51,1.49,0.0,0.0,0.0,361.4,0.0,0.4,0.8,-0.2,-169.60000000000002,0.0,0.0,169.70000000000002,0.0,21.700000000000003,28.9,28.9,30.9,300.0,300.0,31.700000000000003,35.9,28.8,28.0,29.9,4.96,1.99,4.96,0.16,0.0,0.0,1027.0,8228.0,0.0,0.0,0.0,0.0,0.0,1.0,0.0,0.0,0.0,0.0,0.0,0.7000000000000001,0.0,0.3,0.0,0.0,16.0,25903.0
2026-07-30T19:03:26.967Z,376.45,376.464,0.0,7.4,0.0,0.0,0.0,0.0,0.0,0.0,0.0,0.0,1.0,0.0,0.0,0.0,9.0,4.0,0.0,0.0,0.0,0.0,0.0,0.0,0.0,0.0,6.0,12.0,1.0,12.19,5.0200000000000005,2.5,1.49,0.0,0.1,0.0,361.4,0.0,-0.1,-0.9,-0.7000000000000001,-169.60000000000002,0.0,0.0,169.70000000000002,0.0,21.200000000000003,28.9,28.9,30.9,300.0,300.0,31.700000000000003,35.9,28.8,28.0,29.9,4.95,1.99,4.97,0.16,0.0,0.0,1027.0,8228.0,0.0,0.0,0.0,0.0,0.0,1.0,0.0,0.0,0.0,0.0,0.0,-1.6,0.0,0.5,0.0,0.0,16.0,25903.0
2026-07-30T19:03:26.978Z,376.461,376.476,0.0,7.4,0.0,0.0,0.0,0.0,0.0,0.0,0.0,0.0,1.0,0.0,0.0,0.0,9.0,4.0,0.0,0.0,0.0,0.0,0.0,0.0,0.0,0.0,2.0,12.0,1.0,12.19,5.0200000000000005,2.5,1.49,0.0,0.0,0.0,361.4,0.0,-1.3,0.1,-0.2,-169.60000000000002,0.0,0.0,169.60000000000002,0.0,21.200000000000003,28.9,28.9,30.9,300.0,300.0,31.700000000000003,35.9,28.8,28.0,29.9,4.95,1.99,4.96,0.16,0.0,0.0,1027.0,8228.0,0.0,0.0,0.0,0.0,0.0,1.0,0.0,0.0,0.0,0.0,0.0,0.0,0.0,0.2,0.0,0.0,16.0,25903.0
2026-07-30T19:03:26.990Z,376.473,376.488,0.0,7.4,0.0,0.0,0.0,0.0,0.0,0.0,0.0,0.0,1.0,0.0,0.0,0.0,9.0,4.0,0.0,0.0,0.0,0.0,0.0,0.0,0.0,0.0,3.0,12.0,1.0,12.19,5.0200000000000005,2.5,1.49,0.0,0.0,0.0,361.3,0.0,0.3,0.7000000000000001,1.4,-169.60000000000002,0.0,0.0,169.70000000000002,0.0,21.200000000000003,28.9,28.9,30.9,300.0,300.0,31.700000000000003,35.9,28.8,28.0,29.9,4.96,2.0,4.96,0.16,0.0,0.0,1027.0,8228.0,0.0,0.0,0.0,0.0,0.0,1.0,0.0,0.0,0.0,0.0,0.0,1.9,0.0,-1.1,0.0,0.0,16.0,25903.0
2026-07-30T19:03:27.002Z,376.485,376.5,0.0,7.4,0.0,0.0,0.0,0.0,0.0,0.0,0.0,0.0,1.0,0.0,0.0,0.0,9.0,4.0,0.0,0.0,0.0,0.0,0.0,0.0,0.0,0.0,4.0,12.0,1.0,12.19,5.0200000000000005,2.5,1.49,0.0,0.0,0.0,361.4,0.0,0.9,0.7000000000000001,0.8,-169.60000000000002,0.0,0.0,169.60000000000002,0.0,21.200000000000003,28.9,28.9,30.9,300.0,300.0,31.700000000000003,35.9,28.8,28.0,29.9,4.95,2.0,4.96,0.16,0.0,0.0,1027.0,8228.0,0.0,0.0,0.0,0.0,0.0,1.0,0.0,0.0,0.0,0.0,0.0,1.5,0.0,-0.5,0.0,0.0,16.0,25903.0
2026-07-30T19:03:27.014Z,376.497,376.512,0.0,7.4,0.0,0.0,0.0,0.0,0.0,0.0,0.0,0.0,1.0,0.0,0.0,0.0,9.0,4.0,0.0,0.0,0.0,0.0,0.0,0.0,0.0,0.0,6.0,12.0,1.0,12.19,5.0200000000000005,2.5,1.49,0.0,0.0,0.0,361.3,0.0,0.4,-0.3,0.3,-169.60000000000002,0.0,0.0,169.60000000000002,0.0,21.200000000000003,28.9,28.9,30.9,300.0,300.0,31.700000000000003,35.9,28.8,28.0,29.9,4.95,1.99,4.97,0.16,0.0,0.0,1027.0,8228.0,0.0,0.0,0.0,0.0,0.0,1.0,0.0,0.0,0.0,0.0,0.0,-0.1,0.0,-0.3,0.0,0.0,16.0,25903.0
2026-07-30T19:03:27.026Z,376.509,376.524,0.0,7.4,0.0,0.0,0.0,0.0,0.0,0.0,0.0,0.0,1.0,0.0,0.0,0.0,9.0,4.0,0.0,0.0,0.0,0.0,0.0,0.0,0.0,0.0,6.0,12.0,1.0,12.19,5.0200000000000005,2.5,1.49,0.0,0.1,0.0,361.4,0.0,-0.1,0.2,-0.8,-169.60000000000002,0.0,0.0,169.60000000000002,0.0,21.200000000000003,28.9,28.9,30.9,300.0,300.0,31.700000000000003,35.9,28.8,28.0,29.9,4.95,2.0,4.96,0.16,0.0,0.0,1027.0,8228.0,0.0,0.0,0.0,0.0,0.0,1.0,0.0,0.0,0.0,0.0,0.0,-0.4,0.0,0.8,0.0,0.0,16.0,25903.0
2026-07-30T19:03:27.038Z,376.521,376.536,0.0,7.4,0.0,0.0,0.0,0.0,0.0,0.0,0.0,0.0,1.0,0.0,0.0,0.0,9.0,4.0,0.0,0.0,0.0,0.0,0.0,0.0,0.0,0.0,1.0,12.0,1.0,12.19,5.0200000000000005,2.5,1.49,0.0,0.1,0.0,361.3,0.0,-0.1,0.8,0.3,-169.60000000000002,0.0,0.0,169.70000000000002,0.0,21.200000000000003,28.9,28.9,30.9,300.0,300.0,31.700000000000003,35.9,28.8,28.0,29.9,4.96,1.99,4.96,0.16,0.0,0.0,1027.0,8228.0,0.0,0.0,0.0,0.0,0.0,1.0,0.0,0.0,0.0,0.0,0.0,1.1,0.0,-0.1,0.0,0.0,16.0,25903.0
2026-07-30T19:03:27.049Z,376.532,376.548,0.0,7.4,0.0,0.0,0.0,0.0,0.0,0.0,0.0,0.0,1.0,0.0,0.0,0.0,9.0,4.0,0.0,0.0,0.0,0.0,0.0,0.0,0.0,0.0,2.0,12.0,1.0,12.19,5.0200000000000005,2.5,1.49,0.0,0.0,0.0,361.3,0.0,0.4,0.2,-0.1,-169.60000000000002,0.0,0.0,169.60000000000002,0.0,21.200000000000003,28.9,28.9,30.9,300.0,300.0,31.700000000000003,35.9,28.8,28.0,29.9,4.95,1.99,4.97,0.16,0.0,0.0,1027.0,8228.0,0.0,0.0,0.0,0.0,0.0,1.0,0.0,0.0,0.0,0.0,0.0,0.1,0.0,0.1,0.0,0.0,16.0,25903.0
2026-07-30T19:03:27.062Z,376.545,376.56,0.0,7.4,0.0,0.0,0.0,0.0,0.0,0.0,0.0,0.0,1.0,0.0,0.0,0.0,9.0,4.0,0.0,0.0,0.0,0.0,0.0,0.0,0.0,0.0,3.0,12.0,1.0,12.19,5.0200000000000005,2.5,1.49,0.0,0.0,0.0,361.4,0.0,-0.7000000000000001,-0.9,-0.1,-169.60000000000002,0.0,0.0,169.60000000000002,0.0,21.200000000000003,28.9,28.9,30.9,300.0,300.0,31.700000000000003,35.9,28.8,28.0,29.9,4.96,1.99,4.96,0.16,0.0,0.0,1027.0,8228.0,0.0,0.0,0.0,0.0,0.0,1.0,0.0,0.0,0.0,0.0,0.0,-1.1,0.0,0.0,0.0,0.0,16.0,25903.0
2026-07-30T19:03:27.074Z,376.557,376.572,0.0,7.4,0.0,0.0,0.0,0.0,0.0,0.0,0.0,0.0,1.0,0.0,0.0,0.0,9.0,4.0,0.0,0.0,0.0,0.0,0.0,0.0,0.0,0.0,4.0,12.0,1.0,12.18,5.01,2.5,1.49,0.0,0.0,0.0,361.4,0.0,0.4,0.2,-0.2,-169.60000000000002,0.0,0.0,169.70000000000002,0.0,21.0,28.9,28.9,30.9,300.0,300.0,31.700000000000003,35.9,28.9,28.1,29.9,4.96,1.99,4.96,0.16,0.0,0.0,1027.0,8228.0,0.0,0.0,0.0,0.0,0.0,1.0,0.0,0.0,0.0,0.0,0.0,0.1,0.0,0.2,0.0,0.0,16.0,25903.0
2026-07-30T19:03:27.085Z,376.568,376.584,0.0,7.4,0.0,0.0,0.0,0.0,0.0,0.0,0.0,0.0,1.0,0.0,0.0,0.0,9.0,4.0,0.0,0.0,0.0,0.0,0.0,0.0,0.0,0.0,6.0,12.0,1.0,12.18,5.01,2.5,1.49,0.0,0.0,0.0,361.3,0.0,-0.1,-0.3,-0.7000000000000001,-169.60000000000002,0.0,0.0,169.70000000000002,0.0,21.0,28.9,28.9,30.9,300.0,300.0,31.700000000000003,35.9,28.9,28.1,29.9,4.95,1.99,4.96,0.16,0.0,0.0,1027.0,8228.0,0.0,0.0,0.0,0.0,0.0,1.0,0.0,0.0,0.0,0.0,0.0,-1.0,0.0,0.6000000000000001,0.0,0.0,16.0,25903.0
2026-07-30T19:03:27.098Z,376.581,376.596,0.0,7.4,0.0,0.0,0.0,0.0,0.0,0.0,0.0,0.0,1.0,0.0,0.0,0.0,9.0,4.0,0.0,0.0,0.0,0.0,0.0,0.0,0.0,0.0,1.0,12.0,1.0,12.18,5.01,2.5,1.49,0.0,0.0,0.0,361.3,0.0,0.3,-0.4,-0.2,-169.60000000000002,0.0,0.0,169.70000000000002,0.0,21.0,28.9,28.9,30.9,300.0,300.0,31.700000000000003,35.9,28.9,28.1,29.9,4.95,1.99,4.97,0.16,0.0,0.0,1027.0,8228.0,0.0,0.0,0.0,0.0,0.0,1.0,0.0,0.0,0.0,0.0,0.0,-0.6000000000000001,0.0,0.1,0.0,0.0,16.0,25903.0
2026-07-30T19:03:27.110Z,376.593,376.608,0.0,7.4,0.0,0.0,0.0,0.0,0.0,0.0,0.0,0.0,1.0,0.0,0.0,0.0,9.0,4.0,0.0,0.0,0.0,0.0,0.0,0.0,0.0,0.0,2.0,12.0,1.0,12.18,5.01,2.5,1.49,0.0,0.0,0.0,361.4,0.0,0.3,-0.4,-1.9,-169.60000000000002,0.0,0.0,169.70000000000002,0.0,21.0,28.9,28.9,30.9,300.0,300.0,31.700000000000003,35.9,28.9,28.1,29.9,4.96,2.0,4.96,0.16,0.0,0.0,1027.0,8228.0,0.0,0.0,0.0,0.0,0.0,1.0,0.0,0.0,0.0,0.0,0.0,-1.9,0.0,1.6,0.0,0.0,16.0,25903.0
2026-07-30T19:03:27.122Z,376.605,376.62,0.0,7.4,0.0,0.0,0.0,0.0,0.0,0.0,0.0,0.0,1.0,0.0,0.0,0.0,9.0,4.0,0.0,0.0,0.0,0.0,0.0,0.0,0.0,0.0,4.0,12.0,1.0,12.18,5.01,2.5,1.49,0.0,0.0,0.0,361.3,0.0,-0.2,0.1,0.9,-169.60000000000002,0.0,0.0,169.70000000000002,0.0,21.0,28.9,28.9,30.9,300.0,300.0,31.700000000000003,35.9,28.9,28.1,29.9,4.96,1.99,4.97,0.16,0.0,0.0,1027.0,8228.0,0.0,0.0,0.0,0.0,0.0,1.0,0.0,0.0,0.0,0.0,0.0,0.8,0.0,-0.8,0.0,0.0,16.0,25903.0
2026-07-30T19:03:27.134Z,376.617,376.632,0.0,7.4,0.0,0.0,0.0,0.0,0.0,0.0,0.0,0.0,1.0,0.0,0.0,0.0,9.0,4.0,0.0,0.0,0.0,0.0,0.0,0.0,0.0,0.0,4.0,12.0,1.0,12.18,5.01,2.5,1.49,0.0,0.0,0.0,361.3,0.0,0.3,1.3,-0.7000000000000001,-169.60000000000002,0.0,0.0,169.70000000000002,0.0,21.0,28.9,28.9,30.9,300.0,300.0,31.700000000000003,35.9,28.9,28.1,29.9,4.95,1.99,4.97,0.16,0.0,0.0,1027.0,8228.0,0.0,0.0,0.0,0.0,0.0,1.0,0.0,0.0,0.0,0.0,0.0,0.9,0.0,0.9,0.0,0.0,16.0,25903.0
2026-07-30T19:03:27.146Z,376.629,376.644,0.0,7.4,0.0,0.0,0.0,0.0,0.0,0.0,0.0,0.0,1.0,0.0,0.0,0.0,9.0,4.0,0.0,0.0,0.0,0.0,0.0,0.0,0.0,0.0,5.0,12.0,1.0,12.18,5.01,2.5,1.49,0.0,0.0,0.0,361.4,0.0,-0.8,-1.5,-1.3,-169.60000000000002,0.0,0.0,169.8,0.0,21.0,28.9,28.9,30.9,300.0,300.0,31.700000000000003,35.9,28.9,28.1,29.9,4.96,1.99,4.96,0.16,0.0,0.0,1027.0,8228.0,0.0,0.0,0.0,0.0,0.0,1.0,0.0,0.0,0.0,0.0,0.0,-2.8000000000000003,0.0,0.8,0.0,0.0,16.0,25903.0
2026-07-30T19:03:27.158Z,376.641,376.656,0.0,7.4,0.0,0.0,0.0,0.0,0.0,0.0,0.0,0.0,1.0,0.0,0.0,0.0,9.0,4.0,0.0,0.0,0.0,0.0,0.0,0.0,0.0,0.0,6.0,12.0,1.0,12.18,5.01,2.5,1.49,0.0,0.1,0.0,361.4,0.0,0.2,-0.4,0.9,-169.60000000000002,0.0,0.0,169.70000000000002,0.0,21.0,28.9,28.9,30.9,300.0,300.0,31.700000000000003,35.9,28.9,28.1,29.9,4.95,1.99,4.96,0.16,0.0,0.0,1027.0,8228.0,0.0,0.0,0.0,0.0,0.0,1.0,0.0,0.0,0.0,0.0,0.0,0.2,0.0,-0.9,0.0,0.0,16.0,25903.0
2026-07-30T19:03:27.171Z,376.654,376.668,0.0,7.4,0.0,0.0,0.0,0.0,0.0,0.0,0.0,0.0,1.0,0.0,0.0,0.0,9.0,4.0,0.0,0.0,0.0,0.0,0.0,0.0,0.0,0.0,2.0,12.0,1.0,12.17,5.0200000000000005,2.51,1.5,0.0,0.0,0.0,361.3,0.0,-0.2,0.1,1.0,-169.60000000000002,0.0,0.0,169.70000000000002,0.0,21.4,28.9,28.9,30.9,300.0,300.0,31.700000000000003,35.800000000000004,28.9,28.1,29.9,4.95,1.99,4.96,0.16,0.0,0.0,1027.0,8228.0,0.0,0.0,0.0,0.0,0.0,1.0,0.0,0.0,0.0,0.0,0.0,0.9,0.0,-0.8,0.0,0.0,16.0,25903.0
2026-07-30T19:03:27.182Z,376.665,376.68,0.0,7.4,0.0,0.0,0.0,0.0,0.0,0.0,0.0,0.0,1.0,0.0,0.0,0.0,9.0,4.0,0.0,0.0,0.0,0.0,0.0,0.0,0.0,0.0,3.0,12.0,1.0,12.17,5.0200000000000005,2.51,1.5,0.0,0.0,0.0,361.3,0.0,-0.2,-0.4,-1.3,-169.60000000000002,0.0,0.0,169.70000000000002,0.0,21.4,28.9,28.9,30.9,300.0,300.0,31.700000000000003,35.800000000000004,28.9,28.1,29.9,4.95,1.99,4.96,0.16,0.0,0.0,1027.0,8228.0,0.0,0.0,0.0,0.0,0.0,1.0,0.0,0.0,0.0,0.0,0.0,-1.5,0.0,1.0,0.0,0.0,16.0,25903.0
2026-07-30T19:03:27.193Z,376.676,376.692,0.0,7.4,0.0,0.0,0.0,0.0,0.0,0.0,0.0,0.0,1.0,0.0,0.0,0.0,9.0,4.0,0.0,0.0,0.0,0.0,0.0,0.0,0.0,0.0,4.0,12.0,1.0,12.17,5.0200000000000005,2.51,1.5,0.0,0.0,0.0,361.4,0.0,-0.8,0.1,-0.1,-169.60000000000002,0.0,0.0,169.70000000000002,0.0,21.4,28.9,28.9,30.9,300.0,300.0,31.700000000000003,35.800000000000004,28.9,28.1,29.9,4.96,1.99,4.96,0.16,0.0,0.0,1027.0,8228.0,0.0,0.0,0.0,0.0,0.0,1.0,0.0,0.0,0.0,0.0,0.0,0.4,0.0,-0.3,0.0,0.0,16.0,25903.0
2026-07-30T19:03:27.206Z,376.689,376.704,0.0,7.4,0.0,0.0,0.0,0.0,0.0,0.0,0.0,0.0,1.0,0.0,0.0,0.0,9.0,4.0,0.0,0.0,0.0,0.0,0.0,0.0,0.0,0.0,5.0,12.0,1.0,12.17,5.0200000000000005,2.51,1.5,0.0,0.0,0.0,361.3,0.0,-0.2,-1.0,-0.1,-169.60000000000002,0.0,0.0,169.70000000000002,0.0,21.4,28.9,28.9,30.9,300.0,300.0,31.700000000000003,35.800000000000004,28.9,28.1,29.9,4.95,1.99,4.97,0.16,0.0,0.0,1027.0,8228.0,0.0,0.0,0.0,0.0,0.0,1.0,0.0,0.0,0.0,0.0,0.0,-0.6000000000000001,0.0,0.0,0.0,0.0,16.0,25903.0
2026-07-30T19:03:27.218Z,376.701,376.716,0.0,7.4,0.0,0.0,0.0,0.0,0.0,0.0,0.0,0.0,1.0,0.0,0.0,0.0,9.0,4.0,0.0,0.0,0.0,0.0,0.0,0.0,0.0,0.0,6.0,12.0,1.0,12.17,5.0200000000000005,2.51,1.5,0.0,0.0,0.0,361.4,0.0,0.3,0.6000000000000001,-0.1,-169.60000000000002,0.0,0.0,169.70000000000002,0.0,21.4,28.9,28.9,30.9,300.0,300.0,31.700000000000003,35.800000000000004,28.9,28.1,29.9,4.95,1.99,4.96,0.16,0.0,0.0,1027.0,8228.0,0.0,0.0,0.0,0.0,0.0,1.0,0.0,0.0,0.0,0.0,0.0,0.6000000000000001,0.0,0.2,0.0,0.0,16.0,25903.0
2026-07-30T19:03:27.230Z,376.713,376.728,0.0,7.4,0.0,0.0,0.0,0.0,0.0,0.0,0.0,0.0,1.0,0.0,0.0,0.0,9.0,4.0,0.0,0.0,0.0,0.0,0.0,0.0,0.0,0.0,1.0,12.0,1.0,12.17,5.0200000000000005,2.51,1.5,0.0,0.0,0.0,361.3,0.0,0.2,0.0,0.4,-169.60000000000002,0.0,0.0,169.70000000000002,0.0,21.4,28.9,28.9,30.9,300.0,300.0,31.700000000000003,35.800000000000004,28.9,28.1,29.9,4.96,2.0,4.96,0.16,0.0,0.0,1027.0,8228.0,0.0,0.0,0.0,0.0,0.0,1.0,0.0,0.0,0.0,0.0,0.0,0.4,0.0,-0.3,0.0,0.0,16.0,25903.0
2026-07-30T19:03:27.242Z,376.725,376.74,0.0,7.4,0.0,0.0,0.0,0.0,0.0,0.0,0.0,0.0,1.0,0.0,0.0,0.0,9.0,4.0,0.0,0.0,0.0,0.0,0.0,0.0,0.0,0.0,2.0,12.0,1.0,12.17,5.0200000000000005,2.51,1.5,0.0,0.0,0.0,361.4,0.0,0.2,1.2000000000000002,1.0,-169.60000000000002,0.0,0.0,169.70000000000002,0.0,21.4,28.9,28.9,30.9,300.0,300.0,31.700000000000003,35.800000000000004,28.9,28.1,29.9,4.95,2.0,4.96,0.16,0.0,0.0,1027.0,8228.0,0.0,0.0,0.0,0.0,0.0,1.0,0.0,0.0,0.0,0.0,0.0,2.2,0.0,-0.6000000000000001,0.0,0.0,16.0,25903.0
2026-07-30T19:03:27.253Z,376.736,376.752,0.0,7.4,0.0,0.0,0.0,0.0,0.0,0.0,0.0,0.0,1.0,0.0,0.0,0.0,9.0,4.0,0.0,0.0,0.0,0.0,0.0,0.0,0.0,0.0,4.0,12.0,1.0,12.17,5.0200000000000005,2.51,1.5,0.0,0.0,0.0,361.4,0.0,0.2,-0.4,1.0,-169.60000000000002,0.0,0.0,169.70000000000002,0.0,21.4,28.9,28.9,30.9,300.0,300.0,31.700000000000003,35.800000000000004,28.9,28.1,29.9,4.96,1.99,4.97,0.16,0.0,0.0,1027.0,8228.0,0.0,0.0,0.0,0.0,0.0,1.0,0.0,0.0,0.0,0.0,0.0,0.2,0.0,-1.0,0.0,0.0,16.0,25903.0
2026-07-30T19:03:27.265Z,376.748,376.764,0.0,7.4,0.0,0.0,0.0,0.0,0.0,0.0,0.0,0.0,1.0,0.0,0.0,0.0,9.0,4.0,0.0,0.0,0.0,0.0,0.0,0.0,0.0,0.0,5.0,12.0,1.0,12.17,5.0200000000000005,2.51,1.5,0.0,0.0,0.0,361.3,0.0,0.2,-0.4,-0.7000000000000001,-169.60000000000002,0.0,0.0,169.8,0.0,21.4,28.9,28.9,30.9,300.0,300.0,31.700000000000003,35.800000000000004,28.9,28.1,29.9,4.96,1.99,4.96,0.16,0.0,0.0,1027.0,8228.0,0.0,0.0,0.0,0.0,0.0,1.0,0.0,0.0,0.0,0.0,0.0,-1.1,0.0,0.5,0.0,0.0,16.0,25903.0
2026-07-30T19:03:27.277Z,376.76,376.776,0.0,7.4,0.0,0.0,0.0,0.0,0.0,0.0,0.0,0.0,1.0,0.0,0.0,0.0,9.0,4.0,0.0,0.0,0.0,0.0,0.0,0.0,0.0,0.0,6.0,12.0,1.0,12.18,5.01,2.5,1.49,0.0,0.0,0.0,361.3,0.0,0.3,1.3,1.0,-169.60000000000002,0.0,0.0,169.8,0.0,21.700000000000003,28.9,28.9,30.9,300.0,300.0,31.6,35.800000000000004,28.9,28.1,29.9,4.96,1.99,4.96,0.16,0.0,0.0,1027.0,8228.0,0.0,0.0,0.0,0.0,0.0,1.0,0.0,0.0,0.0,0.0,0.0,2.2,0.0,-0.6000000000000001,0.0,0.0,16.0,25903.0
2026-07-30T19:03:27.290Z,376.773,376.788,0.0,7.4,0.0,0.0,0.0,0.0,0.0,0.0,0.0,0.0,1.0,0.0,0.0,0.0,9.0,4.0,0.0,0.0,0.0,0.0,0.0,0.0,0.0,0.0,1.0,12.0,1.0,12.18,5.01,2.5,1.49,0.0,0.0,0.0,361.3,0.0,-0.8,0.1,-0.6000000000000001,-169.60000000000002,0.0,0.0,169.70000000000002,0.0,21.700000000000003,28.9,28.9,30.9,300.0,300.0,31.6,35.800000000000004,28.9,28.1,29.9,4.95,1.99,4.97,0.16,0.0,0.0,1027.0,8228.0,0.0,0.0,0.0,0.0,0.0,1.0,0.0,0.0,0.0,0.0,0.0,-0.3,0.0,0.6000000000000001,0.0,0.0,16.0,25903.0
2026-07-30T19:03:27.301Z,376.784,376.8,0.0,7.4,0.0,0.0,0.0,0.0,0.0,0.0,0.0,0.0,1.0,0.0,0.0,0.0,9.0,4.0,0.0,0.0,0.0,0.0,0.0,0.0,0.0,0.0,3.0,12.0,1.0,12.18,5.01,2.5,1.49,0.0,0.0,0.0,361.4,0.0,0.3,-1.6,-1.8,-169.70000000000002,0.0,0.0,169.70000000000002,0.0,21.700000000000003,28.9,28.9,30.9,300.0,300.0,31.6,35.800000000000004,28.9,28.1,29.9,4.96,1.99,4.96,0.16,0.0,0.0,1027.0,8228.0,0.0,0.0,0.0,0.0,0.0,1.0,0.0,0.0,0.0,0.0,0.0,-3.2,0.0,1.2000000000000002,0.0,0.0,16.0,25903.0
2026-07-30T19:03:27.313Z,376.796,376.812,0.0,7.4,0.0,0.0,0.0,0.0,0.0,0.0,0.0,0.0,1.0,0.0,0.0,0.0,9.0,4.0,0.0,0.0,0.0,0.0,0.0,0.0,0.0,0.0,4.0,12.0,1.0,12.18,5.01,2.5,1.49,0.0,0.0,0.0,361.3,0.0,-0.2,0.1,1.1,-169.60000000000002,0.0,0.0,169.70000000000002,0.0,21.700000000000003,28.9,28.9,30.9,300.0,300.0,31.6,35.800000000000004,28.9,28.1,29.9,4.96,2.0,4.96,0.16,0.0,0.0,1027.0,8228.0,0.0,0.0,0.0,0.0,0.0,1.0,0.0,0.0,0.0,0.0,0.0,1.0,0.0,-0.9,0.0,0.0,16.0,25903.0
2026-07-30T19:03:27.325Z,376.808,376.824,0.0,7.4,0.0,0.0,0.0,0.0,0.0,0.0,0.0,0.0,1.0,0.0,0.0,0.0,9.0,4.0,0.0,0.0,0.0,0.0,0.0,0.0,0.0,0.0,5.0,12.0,1.0,12.18,5.01,2.5,1.49,0.0,0.0,0.0,361.3,0.0,-0.2,0.7000000000000001,0.4,-169.60000000000002,0.0,0.0,169.60000000000002,0.0,21.700000000000003,28.9,28.9,30.9,300.0,300.0,31.6,35.800000000000004,28.9,28.1,29.9,4.95,1.99,4.96,0.16,0.0,0.0,1027.0,8228.0,0.0,0.0,0.0,0.0,0.0,1.0,0.0,0.0,0.0,0.0,0.0,1.2000000000000002,0.0,-0.2,0.0,0.0,16.0,25903.0
2026-07-30T19:03:27.338Z,376.821,376.836,0.0,7.4,0.0,0.0,0.0,0.0,0.0,0.0,0.0,0.0,1.0,0.0,0.0,0.0,9.0,4.0,0.0,0.0,0.0,0.0,0.0,0.0,0.0,0.0,6.0,12.0,1.0,12.18,5.01,2.5,1.49,0.0,0.0,0.0,361.3,0.0,0.8,0.1,0.4,-169.60000000000002,0.0,0.0,169.60000000000002,0.0,21.700000000000003,28.9,28.9,30.9,300.0,300.0,31.6,35.800000000000004,28.9,28.1,29.9,4.95,1.99,4.97,0.16,0.0,0.0,1027.0,8228.0,0.0,0.0,0.0,0.0,0.0,1.0,0.0,0.0,0.0,0.0,0.0,0.5,0.0,-0.3,0.0,0.0,16.0,25903.0
2026-07-30T19:03:27.349Z,376.832,376.848,0.0,7.4,0.0,0.0,0.0,0.0,0.0,0.0,0.0,0.0,1.0,0.0,0.0,0.0,9.0,4.0,0.0,0.0,0.0,0.0,0.0,0.0,0.0,0.0,1.0,12.0,1.0,12.18,5.01,2.5,1.49,0.0,0.0,0.0,361.2000000000001,0.0,-0.2,0.7000000000000001,-0.1,-169.60000000000002,0.0,0.0,169.70000000000002,0.0,21.700000000000003,28.9,28.9,30.9,300.0,300.0,31.6,35.800000000000004,28.9,28.1,29.9,4.96,1.99,4.96,0.16,0.0,0.0,1027.0,8228.0,0.0,0.0,0.0,0.0,0.0,1.0,0.0,0.0,0.0,0.0,0.0,0.7000000000000001,0.0,0.2,0.0,0.0,16.0,25903.0
2026-07-30T19:03:27.362Z,376.845,376.86,0.0,7.4,0.0,0.0,0.0,0.0,0.0,0.0,0.0,0.0,1.0,0.0,0.0,0.0,9.0,4.0,0.0,0.0,0.0,0.0,0.0,0.0,0.0,0.0,2.0,12.0,1.0,12.18,5.01,2.5,1.49,0.0,0.0,0.0,361.3,0.0,-0.2,1.3,0.4,-169.60000000000002,0.0,0.0,169.70000000000002,0.0,21.700000000000003,28.9,28.9,30.9,300.0,300.0,31.6,35.800000000000004,28.9,28.1,29.9,4.96,1.99,4.97,0.16,0.0,0.0,1027.0,8228.0,0.0,0.0,0.0,0.0,0.0,1.0,0.0,0.0,0.0,0.0,0.0,1.8,0.0,-0.1,0.0,0.0,16.0,25903.0
2026-07-30T19:03:27.374Z,376.857,376.872,0.0,7.4,0.0,0.0,0.0,0.0,0.0,0.0,0.0,0.0,1.0,0.0,0.0,0.0,9.0,4.0,0.0,0.0,0.0,0.0,0.0,0.0,0.0,0.0,3.0,12.0,1.0,12.18,5.0200000000000005,2.51,1.49,0.0,0.0,0.0,361.3,0.0,-0.3,0.6000000000000001,-0.7000000000000001,-169.60000000000002,0.0,0.0,169.70000000000002,0.0,20.9,28.9,28.9,30.9,300.0,300.0,31.9,35.800000000000004,28.9,28.1,29.9,4.95,1.99,4.97,0.16,0.0,0.0,1027.0,8228.0,0.0,0.0,0.0,0.0,0.0,1.0,0.0,0.0,0.0,0.0,0.0,0.2,0.0,0.8,0.0,0.0,16.0,25903.0
2026-07-30T19:03:27.385Z,376.868,376.884,0.0,7.4,0.0,0.0,0.0,0.0,0.0,0.0,0.0,0.0,1.0,0.0,0.0,0.0,9.0,4.0,0.0,0.0,0.0,0.0,0.0,0.0,0.0,0.0,5.0,12.0,1.0,12.18,5.0200000000000005,2.51,1.49,0.0,0.1,0.0,361.4,0.0,0.8,0.6000000000000001,-1.3,-169.60000000000002,0.0,0.0,169.8,0.0,20.9,28.9,28.9,30.9,300.0,300.0,31.9,35.800000000000004,28.9,28.1,29.9,4.96,1.99,4.96,0.16,0.0,0.0,1027.0,8228.0,0.0,0.0,0.0,0.0,0.0,1.0,0.0,0.0,0.0,0.0,0.0,-0.2,0.0,1.3,0.0,0.0,16.0,25903.0
2026-07-30T19:03:27.398Z,376.881,376.896,0.0,7.4,0.0,0.0,0.0,0.0,0.0,0.0,0.0,0.0,1.0,0.0,0.0,0.0,9.0,4.0,0.0,0.0,0.0,0.0,0.0,0.0,0.0,0.0,6.0,12.0,1.0,12.18,5.0200000000000005,2.51,1.49,0.0,0.0,0.0,361.3,0.0,0.8,0.0,1.0,-169.70000000000002,0.0,0.0,169.8,0.0,20.9,28.9,28.9,30.9,300.0,300.0,31.9,35.800000000000004,28.9,28.1,29.9,4.95,2.0,4.96,0.16,0.0,0.0,1027.0,8228.0,0.0,0.0,0.0,0.0,0.0,1.0,0.0,0.0,0.0,0.0,0.0,0.8,0.0,-0.8,0.0,0.0,16.0,25903.0
2026-07-30T19:03:27.410Z,376.893,376.908,0.0,7.4,0.0,0.0,0.0,0.0,0.0,0.0,0.0,0.0,1.0,0.0,0.0,0.0,9.0,4.0,0.0,0.0,0.0,0.0,0.0,0.0,0.0,0.0,1.0,12.0,1.0,12.18,5.0200000000000005,2.51,1.49,0.0,0.0,0.0,361.3,0.0,0.3,1.2000000000000002,-0.1,-169.70000000000002,0.0,0.0,169.8,0.0,20.9,28.9,28.9,30.9,300.0,300.0,31.9,35.800000000000004,28.9,28.1,29.9,4.95,1.99,4.97,0.16,0.0,0.0,1027.0,8228.0,0.0,0.0,0.0,0.0,0.0,1.0,0.0,0.0,0.0,0.0,0.0,1.3,0.0,0.3,0.0,0.0,16.0,25903.0
2026-07-30T19:03:27.422Z,376.905,376.92,0.0,7.4,0.0,0.0,0.0,0.0,0.0,0.0,0.0,0.0,1.0,0.0,0.0,0.0,9.0,4.0,0.0,0.0,0.0,0.0,0.0,0.0,0.0,0.0,2.0,12.0,1.0,12.18,5.0200000000000005,2.51,1.49,0.0,0.0,0.0,361.3,0.0,-0.2,1.2000000000000002,-0.7000000000000001,-169.70000000000002,0.0,0.0,169.70000000000002,0.0,20.9,28.9,28.9,30.9,300.0,300.0,31.9,35.800000000000004,28.9,28.1,29.9,4.95,1.99,4.97,0.16,0.0,0.0,1027.0,8228.0,0.0,0.0,0.0,0.0,0.0,1.0,0.0,0.0,0.0,0.0,0.0,0.9,0.0,0.8,0.0,0.0,16.0,25903.0
2026-07-30T19:03:27.434Z,376.917,376.932,0.0,7.4,0.0,0.0,0.0,0.0,0.0,0.0,0.0,0.0,1.0,0.0,0.0,0.0,9.0,4.0,0.0,0.0,0.0,0.0,0.0,0.0,0.0,0.0,4.0,12.0,1.0,12.18,5.0200000000000005,2.51,1.49,0.0,0.0,0.0,361.3,0.0,0.3,0.1,1.6,-169.70000000000002,0.0,0.0,169.70000000000002,0.0,20.9,28.9,28.9,30.9,300.0,300.0,31.9,35.800000000000004,28.9,28.1,29.9,4.96,1.99,4.96,0.15,0.0,0.0,1027.0,8228.0,0.0,0.0,0.0,0.0,0.0,1.0,0.0,0.0,0.0,0.0,0.0,1.3,0.0,-1.4,0.0,0.0,16.0,25903.0
2026-07-30T19:03:27.446Z,376.929,376.944,0.0,7.4,0.0,0.0,0.0,0.0,0.0,0.0,0.0,0.0,1.0,0.0,0.0,0.0,9.0,4.0,0.0,0.0,0.0,0.0,0.0,0.0,0.0,0.0,5.0,12.0,1.0,12.18,5.0200000000000005,2.51,1.49,0.0,0.0,0.0,361.4,0.0,-0.8,-0.5,0.4,-169.70000000000002,0.0,0.0,169.60000000000002,0.0,20.9,28.9,28.9,30.9,300.0,300.0,31.9,35.800000000000004,28.9,28.1,29.9,4.95,1.99,4.97,0.15,0.0,0.0,1027.0,8228.0,0.0,0.0,0.0,0.0,0.0,1.0,0.0,0.0,0.0,0.0,0.0,-0.2,0.0,-0.5,0.0,0.0,16.0,25903.0
2026-07-30T19:03:27.457Z,376.94,376.956,0.0,7.4,0.0,0.0,0.0,0.0,0.0,0.0,0.0,0.0,1.0,0.0,0.0,0.0,9.0,4.0,0.0,0.0,0.0,0.0,0.0,0.0,0.0,0.0,6.0,12.0,1.0,12.18,5.0200000000000005,2.51,1.49,0.0,0.0,0.0,361.3,0.0,-0.8,-0.5,-1.8,-169.70000000000002,0.0,0.0,169.8,0.0,20.9,28.9,28.9,30.9,300.0,300.0,31.9,35.800000000000004,28.9,28.1,29.9,4.95,1.99,4.96,0.16,0.0,0.0,1027.0,8228.0,0.0,0.0,0.0,0.0,0.0,1.0,0.0,0.0,0.0,0.0,0.0,-2.0,0.0,1.5,0.0,0.0,16.0,25903.0
2026-07-30T19:03:27.469Z,376.952,376.968,0.0,7.4,0.0,0.0,0.0,0.0,0.0,0.0,0.0,0.0,1.0,0.0,0.0,0.0,9.0,4.0,0.0,0.0,0.0,0.0,0.0,0.0,0.0,0.0,1.0,12.0,1.0,12.18,5.0200000000000005,2.51,1.49,0.0,0.0,0.0,361.3,0.0,0.3,0.0,0.4,-169.70000000000002,0.0,0.0,169.8,0.0,20.9,28.9,28.9,30.9,300.0,300.0,31.9,35.800000000000004,28.9,28.1,29.9,4.96,2.0,4.96,0.16,0.0,0.0,1027.0,8228.0,0.0,0.0,0.0,0.0,0.0,1.0,0.0,0.0,0.0,0.0,0.0,0.4,0.0,-0.3,0.0,0.0,16.0,25903.0
2026-07-30T19:03:27.481Z,376.964,376.98,0.0,7.4,0.0,0.0,0.0,0.0,0.0,0.0,0.0,0.0,1.0,0.0,0.0,0.0,9.0,4.0,0.0,0.0,0.0,0.0,0.0,0.0,0.0,0.0,2.0,12.0,1.0,12.15,5.01,2.5,1.49,0.0,0.0,0.0,361.3,0.0,0.3,-0.5,-0.6000000000000001,-169.70000000000002,0.0,0.0,169.8,0.0,21.8,28.9,28.9,30.9,300.0,300.0,31.9,35.9,28.9,28.1,29.9,4.95,2.0,4.96,0.16,0.0,0.0,1027.0,8228.0,0.0,0.0,0.0,0.0,0.0,1.0,0.0,0.0,0.0,0.0,0.0,-1.1,0.0,0.5,0.0,0.0,16.0,25903.0
2026-07-30T19:03:27.494Z,376.977,376.992,0.0,7.4,0.0,0.0,0.0,0.0,0.0,0.0,0.0,0.0,1.0,0.0,0.0,0.0,9.0,4.0,0.0,0.0,0.0,0.0,0.0,0.0,0.0,0.0,3.0,12.0,1.0,12.15,5.01,2.5,1.49,0.0,0.0,0.0,361.3,0.0,0.9,0.0,0.4,-169.70000000000002,0.0,0.0,169.70000000000002,0.0,21.8,28.9,28.9,30.9,300.0,300.0,31.9,35.9,28.9,28.1,29.9,4.95,1.99,4.97,0.16,0.0,0.0,1027.0,8228.0,0.0,0.0,0.0,0.0,0.0,1.0,0.0,0.0,0.0,0.0,0.0,0.4,0.0,-0.3,0.0,0.0,16.0,25903.0
2026-07-30T19:03:27.505Z,376.988,377.004,0.0,7.4,0.0,0.0,0.0,0.0,0.0,0.0,0.0,0.0,1.0,0.0,0.0,0.0,9.0,4.0,0.0,0.0,0.0,0.0,0.0,0.0,0.0,0.0,4.0,12.0,1.0,12.15,5.01,2.5,1.49,0.0,0.0,0.0,361.3,0.0,0.4,0.1,-1.2000000000000002,-169.70000000000002,0.0,0.0,169.70000000000002,0.0,21.8,28.9,28.9,30.9,300.0,300.0,31.9,35.9,28.9,28.1,29.9,4.95,1.99,4.96,0.16,0.0,0.0,1027.0,8228.0,0.0,0.0,0.0,0.0,0.0,1.0,0.0,0.0,0.0,0.0,0.0,-0.8,0.0,1.1,0.0,0.0,16.0,25903.0
2026-07-30T19:03:27.518Z,377.001,377.016,0.0,7.4,0.0,0.0,0.0,0.0,0.0,0.0,0.0,0.0,1.0,0.0,0.0,0.0,9.0,4.0,0.0,0.0,0.0,0.0,0.0,0.0,0.0,0.0,5.0,12.0,1.0,12.15,5.01,2.5,1.49,0.0,0.0,0.0,361.3,0.0,-0.1,1.3,0.4,-169.70000000000002,0.0,0.0,169.60000000000002,0.0,21.8,28.9,28.9,30.9,300.0,300.0,31.9,35.9,28.9,28.1,29.9,4.96,1.99,4.96,0.16,0.0,0.0,1027.0,8228.0,0.0,0.0,0.0,0.0,0.0,1.0,0.0,0.0,0.0,0.0,0.0,1.8,0.0,0.0,0.0,0.0,16.0,25903.0
2026-07-30T19:03:27.530Z,377.013,377.028,0.0,7.4,0.0,0.0,0.0,0.0,0.0,0.0,0.0,0.0,1.0,0.0,0.0,0.0,9.0,4.0,0.0,0.0,0.0,0.0,0.0,0.0,0.0,0.0,6.0,12.0,1.0,12.15,5.01,2.5,1.49,0.0,0.0,0.0,361.3,0.0,0.4,1.3,1.0,-169.70000000000002,0.0,0.0,169.60000000000002,0.0,21.8,28.9,28.9,30.9,300.0,300.0,31.9,35.9,28.9,28.1,29.9,4.95,1.99,4.96,0.16,0.0,0.0,1027.0,8228.0,0.0,0.0,0.0,0.0,0.0,1.0,0.0,0.0,0.0,0.0,0.0,2.3000000000000003,0.0,-0.6000000000000001,0.0,0.0,16.0,25903.0
2026-07-30T19:03:27.541Z,377.024,377.04,0.0,7.4,0.0,0.0,0.0,0.0,0.0,0.0,0.0,0.0,1.0,0.0,0.0,0.0,9.0,4.0,0.0,0.0,0.0,0.0,0.0,0.0,0.0,0.0,2.0,12.0,1.0,12.15,5.01,2.5,1.49,0.0,0.0,0.0,361.3,0.0,-0.7000000000000001,-0.4,0.0,-169.70000000000002,0.0,0.0,169.70000000000002,0.0,21.8,28.9,28.9,30.9,300.0,300.0,31.9,35.9,28.9,28.1,29.9,4.96,1.99,4.96,0.16,0.0,0.0,1027.0,8228.0,0.0,0.0,0.0,0.0,0.0,1.0,0.0,0.0,0.0,0.0,0.0,-0.5,0.0,0.0,0.0,0.0,16.0,25903.0
2026-07-30T19:03:27.554Z,377.037,377.052,0.0,7.4,0.0,0.0,0.0,0.0,0.0,0.0,0.0,0.0,1.0,0.0,0.0,0.0,9.0,4.0,0.0,0.0,0.0,0.0,0.0,0.0,0.0,0.0,4.0,12.0,1.0,12.15,5.01,2.5,1.49,0.0,0.1,0.0,361.3,0.0,0.4,1.3,0.4,-169.70000000000002,0.0,0.0,169.60000000000002,0.0,21.8,28.9,28.9,30.9,300.0,300.0,31.9,35.9,28.9,28.1,29.9,4.96,1.99,4.96,0.16,0.0,0.0,1027.0,8228.0,0.0,0.0,0.0,0.0,0.0,1.0,0.0,0.0,0.0,0.0,0.0,1.8,0.0,-0.1,0.0,0.0,16.0,25903.0
2026-07-30T19:03:27.565Z,377.048,377.064,0.0,7.4,0.0,0.0,0.0,0.0,0.0,0.0,0.0,0.0,1.0,0.0,0.0,0.0,9.0,4.0,0.0,0.0,0.0,0.0,0.0,0.0,0.0,0.0,5.0,12.0,1.0,12.15,5.01,2.5,1.49,0.0,0.0,0.0,361.3,0.0,0.0,0.1,-0.6000000000000001,-169.60000000000002,0.0,0.0,169.60000000000002,0.0,21.8,28.9,28.9,30.9,300.0,300.0,31.9,35.9,28.9,28.1,29.9,4.96,1.99,4.96,0.16,0.0,0.0,1027.0,8228.0,0.0,0.0,0.0,0.0,0.0,1.0,0.0,0.0,0.0,0.0,0.0,-0.3,0.0,0.6000000000000001,0.0,0.0,16.0,25903.0
2026-07-30T19:03:27.579Z,377.062,377.076,0.0,7.4,0.0,0.0,0.0,0.0,0.0,0.0,0.0,0.0,1.0,0.0,0.0,0.0,9.0,4.0,0.0,0.0,0.0,0.0,0.0,0.0,0.0,0.0,6.0,12.0,1.0,12.17,5.0200000000000005,2.5,1.49,0.0,0.0,0.0,361.3,0.0,-0.6000000000000001,-1.0,0.0,-169.60000000000002,0.0,0.0,169.70000000000002,0.0,21.3,28.9,28.9,30.9,300.0,300.0,31.8,35.9,28.9,28.1,29.9,4.96,1.99,4.97,0.16,0.0,0.0,1027.0,8228.0,0.0,0.0,0.0,0.0,0.0,1.0,0.0,0.0,0.0,0.0,0.0,-1.2000000000000002,0.0,-0.1,0.0,0.0,16.0,25903.0
2026-07-30T19:03:27.590Z,377.073,377.088,0.0,7.4,0.0,0.0,0.0,0.0,0.0,0.0,0.0,0.0,1.0,0.0,0.0,0.0,9.0,4.0,0.0,0.0,0.0,0.0,0.0,0.0,0.0,0.0,1.0,12.0,1.0,12.17,5.0200000000000005,2.5,1.49,0.0,0.0,0.0,361.4,0.0,-0.1,0.1,0.4,-169.60000000000002,0.0,0.0,169.70000000000002,0.0,21.3,28.9,28.9,30.9,300.0,300.0,31.8,35.9,28.9,28.1,29.9,4.95,1.99,4.96,0.16,0.0,0.0,1027.0,8228.0,0.0,0.0,0.0,0.0,0.0,1.0,0.0,0.0,0.0,0.0,0.0,0.5,0.0,-0.3,0.0,0.0,16.0,25903.0
2026-07-30T19:03:27.601Z,377.084,377.1,0.0,7.4,0.0,0.0,0.0,0.0,0.0,0.0,0.0,0.0,1.0,0.0,0.0,0.0,9.0,4.0,0.0,0.0,0.0,0.0,0.0,0.0,0.0,0.0,2.0,12.0,1.0,12.17,5.0200000000000005,2.5,1.49,0.0,0.0,0.0,361.3,0.0,0.4,0.1,-0.6000000000000001,-169.60000000000002,0.0,0.0,169.60000000000002,0.0,21.3,28.9,28.9,30.9,300.0,300.0,31.8,35.9,28.9,28.1,29.9,4.95,1.99,4.97,0.16,0.0,0.0,1027.0,8228.0,0.0,0.0,0.0,0.0,0.0,1.0,0.0,0.0,0.0,0.0,0.0,-0.3,0.0,0.6000000000000001,0.0,0.0,16.0,25903.0
2026-07-30T19:03:27.613Z,377.096,377.112,0.0,7.4,0.0,0.0,0.0,0.0,0.0,0.0,0.0,0.0,1.0,0.0,0.0,0.0,9.0,4.0,0.0,0.0,0.0,0.0,0.0,0.0,0.0,0.0,3.0,12.0,1.0,12.17,5.0200000000000005,2.5,1.49,0.0,0.1,0.0,361.3,0.0,0.4,1.3,0.0,-169.60000000000002,0.0,0.0,169.60000000000002,0.0,21.3,28.9,28.9,30.9,300.0,300.0,31.8,35.9,28.9,28.1,29.9,4.95,1.99,4.97,0.17,0.0,0.0,1027.0,8228.0,0.0,0.0,0.0,0.0,0.0,1.0,0.0,0.0,0.0,0.0,0.0,1.4,0.0,0.3,0.0,0.0,16.0,25903.0
2026-07-30T19:03:27.625Z,377.108,377.124,0.0,7.4,0.0,0.0,0.0,0.0,0.0,0.0,0.0,0.0,1.0,0.0,0.0,0.0,9.0,4.0,0.0,0.0,0.0,0.0,0.0,0.0,0.0,0.0,4.0,12.0,1.0,12.17,5.0200000000000005,2.5,1.49,0.0,0.0,0.0,361.4,0.0,1.0,0.1,-0.7000000000000001,-169.60000000000002,0.0,0.0,169.60000000000002,0.0,21.3,28.9,28.9,30.9,300.0,300.0,31.8,35.9,28.9,28.1,29.9,4.96,1.99,4.96,0.16,0.0,0.0,1027.0,8228.0,0.0,0.0,0.0,0.0,0.0,1.0,0.0,0.0,0.0,0.0,0.0,-0.4,0.0,0.6000000000000001,0.0,0.0,16.0,25903.0
2026-07-30T19:03:27.638Z,377.121,377.136,0.0,7.4,0.0,0.0,0.0,0.0,0.0,0.0,0.0,0.0,1.0,0.0,0.0,0.0,9.0,4.0,0.0,0.0,0.0,0.0,0.0,0.0,0.0,0.0,5.0,12.0,1.0,12.17,5.0200000000000005,2.5,1.49,0.0,0.0,0.0,361.3,0.0,0.4,0.1,0.4,-169.60000000000002,0.0,0.0,169.60000000000002,0.0,21.3,28.9,28.9,30.9,300.0,300.0,31.8,35.9,28.9,28.1,29.9,4.95,1.99,4.96,0.16,0.0,0.0,1027.0,8228.0,0.0,0.0,0.0,0.0,0.0,1.0,0.0,0.0,0.0,0.0,0.0,0.5,0.0,-0.3,0.0,0.0,16.0,25903.0
2026-07-30T19:03:27.650Z,377.133,377.148,0.0,7.4,0.0,0.0,0.0,0.0,0.0,0.0,0.0,0.0,1.0,0.0,0.0,0.0,9.0,4.0,0.0,0.0,0.0,0.0,0.0,0.0,0.0,0.0,6.0,12.0,1.0,12.17,5.0200000000000005,2.5,1.49,0.0,0.0,0.0,361.3,0.0,-0.1,0.1,-0.1,-169.60000000000002,0.0,0.0,169.60000000000002,0.0,21.3,28.9,28.9,30.9,300.0,300.0,31.8,35.9,28.9,28.1,29.9,4.95,1.99,4.97,0.16,0.0,0.0,1027.0,8228.0,0.0,0.0,0.0,0.0,0.0,1.0,0.0,0.0,0.0,0.0,0.0,0.0,0.0,0.1,0.0,0.0,16.0,25903.0
2026-07-30T19:03:27.662Z,377.145,377.16,0.0,7.4,0.0,0.0,0.0,0.0,0.0,0.0,0.0,0.0,1.0,0.0,0.0,0.0,9.0,4.0,0.0,0.0,0.0,0.0,0.0,0.0,0.0,0.0,2.0,12.0,1.0,12.17,5.0200000000000005,2.5,1.49,0.0,0.0,0.0,361.4,0.0,0.4,0.1,-0.7000000000000001,-169.60000000000002,0.0,0.0,169.8,0.0,21.3,28.9,28.9,30.9,300.0,300.0,31.8,35.9,28.9,28.1,29.9,4.95,2.0,4.97,0.16,0.0,0.0,1027.0,8228.0,0.0,0.0,0.0,0.0,0.0,1.0,0.0,0.0,0.0,0.0,0.0,-0.3,0.0,0.6000000000000001,0.0,0.0,16.0,25903.0
2026-07-30T19:03:27.673Z,377.156,377.172,0.0,7.4,0.0,0.0,0.0,0.0,0.0,0.0,0.0,0.0,1.0,0.0,0.0,0.0,9.0,4.0,0.0,0.0,0.0,0.0,0.0,0.0,0.0,0.0,3.0,12.0,1.0,12.17,5.0200000000000005,2.5,1.49,0.0,0.0,0.0,361.4,0.0,-0.1,0.7000000000000001,0.9,-169.60000000000002,0.0,0.0,169.70000000000002,0.0,21.3,28.9,28.9,30.9,300.0,300.0,31.8,35.9,28.9,28.1,29.9,4.96,2.0,4.96,0.16,0.0,0.0,1027.0,8228.0,0.0,0.0,0.0,0.0,0.0,1.0,0.0,0.0,0.0,0.0,0.0,1.5,0.0,-0.7000000000000001,0.0,0.0,16.0,25903.0
2026-07-30T19:03:27.686Z,377.169,377.184,0.0,7.4,0.0,0.0,0.0,0.0,0.0,0.0,0.0,0.0,1.0,0.0,0.0,0.0,9.0,4.0,0.0,0.0,0.0,0.0,0.0,0.0,0.0,0.0,4.0,12.0,1.0,12.19,5.01,2.51,1.49,0.0,0.0,0.0,361.4,0.0,0.4,-1.5,-0.2,-169.60000000000002,0.0,0.0,169.60000000000002,0.0,21.4,28.9,28.9,30.9,300.0,300.0,31.8,35.800000000000004,28.8,28.1,29.9,4.95,1.99,4.97,0.16,0.0,0.0,1027.0,8228.0,0.0,0.0,0.0,0.0,0.0,1.0,0.0,0.0,0.0,0.0,0.0,-1.9,0.0,-0.1,0.0,0.0,16.0,25903.0
2026-07-30T19:03:27.698Z,377.181,377.196,0.0,7.4,0.0,0.0,0.0,0.0,0.0,0.0,0.0,0.0,1.0,0.0,0.0,0.0,9.0,4.0,0.0,0.0,0.0,0.0,0.0,0.0,0.0,0.0,6.0,12.0,1.0,12.19,5.01,2.51,1.49,0.0,0.1,0.0,361.3,0.0,0.4,1.3,0.9,-169.60000000000002,0.0,0.0,169.70000000000002,0.0,21.4,28.9,28.9,30.9,300.0,300.0,31.8,35.800000000000004,28.8,28.1,29.9,4.95,1.99,4.96,0.16,0.0,0.0,1027.0,8228.0,0.0,0.0,0.0,0.0,0.0,1.0,0.0,0.0,0.0,0.0,0.0,1.1,0.0,-0.1,0.0,0.0,16.0,25903.0
2026-07-30T19:03:27.709Z,377.192,377.208,0.0,7.4,0.0,0.0,0.0,0.0,0.0,0.0,0.0,0.0,1.0,0.0,0.0,0.0,9.0,4.0,0.0,0.0,0.0,0.0,0.0,0.0,0.0,0.0,1.0,12.0,1.0,12.19,5.01,2.51,1.49,0.0,0.1,0.0,361.3,0.0,-0.1,0.1,0.3,-169.60000000000002,0.0,0.0,169.8,0.0,21.4,28.9,28.9,30.9,300.0,300.0,31.8,35.800000000000004,28.8,28.1,29.9,4.96,2.0,4.96,0.16,0.0,0.0,1027.0,8228.0,0.0,0.0,0.0,0.0,0.0,1.0,0.0,0.0,0.0,0.0,0.0,-1.1,0.0,0.5,0.0,0.0,16.0,25903.0
2026-07-30T19:03:27.721Z,377.204,377.22,0.0,7.4,0.0,0.0,0.0,0.0,0.0,0.0,0.0,0.0,1.0,0.0,0.0,0.0,9.0,4.0,0.0,0.0,0.0,0.0,0.0,0.0,0.0,0.0,2.0,12.0,1.0,12.19,5.01,2.51,1.49,0.0,0.0,0.0,361.3,0.0,0.3,-0.5,-0.1,-169.60000000000002,0.0,0.0,169.70000000000002,0.0,21.4,28.9,28.9,30.9,300.0,300.0,31.8,35.800000000000004,28.8,28.1,29.9,4.96,2.0,4.96,0.16,0.0,0.0,1027.0,8228.0,0.0,0.0,0.0,0.0,0.0,1.0,0.0,0.0,0.0,0.0,0.0,0.0,0.0,0.1,0.0,0.0,16.0,25903.0
2026-07-30T19:03:27.734Z,377.217,377.232,0.0,7.4,0.0,0.0,0.0,0.0,0.0,0.0,0.0,0.0,1.0,0.0,0.0,0.0,9.0,4.0,0.0,0.0,0.0,0.0,0.0,0.0,0.0,0.0,3.0,12.0,1.0,12.19,5.01,2.51,1.49,0.0,0.0,0.0,361.3,0.0,-0.2,-0.5,0.3,-169.60000000000002,0.0,0.0,169.70000000000002,0.0,21.4,28.9,28.9,30.9,300.0,300.0,31.8,35.800000000000004,28.8,28.1,29.9,4.96,1.99,4.97,0.16,0.0,0.0,1027.0,8228.0,0.0,0.0,0.0,0.0,0.0,1.0,0.0,0.0,0.0,0.0,0.0,-0.3,0.0,-0.4,0.0,0.0,16.0,25903.0
2026-07-30T19:03:27.746Z,377.229,377.244,0.0,7.4,0.0,0.0,0.0,0.0,0.0,0.0,0.0,0.0,1.0,0.0,0.0,0.0,9.0,4.0,0.0,0.0,0.0,0.0,0.0,0.0,0.0,0.0,4.0,12.0,1.0,12.19,5.01,2.51,1.49,0.0,0.0,0.0,361.3,0.0,-0.8,-0.5,0.4,-169.60000000000002,0.0,0.0,169.70000000000002,0.0,21.4,28.9,28.9,30.9,300.0,300.0,31.8,35.800000000000004,28.8,28.1,29.9,4.96,1.99,4.97,0.16,0.0,0.0,1027.0,8228.0,0.0,0.0,0.0,0.0,0.0,1.0,0.0,0.0,0.0,0.0,0.0,-0.2,0.0,-0.4,0.0,0.0,16.0,25903.0
2026-07-30T19:03:27.757Z,377.24,377.256,0.0,7.4,0.0,0.0,0.0,0.0,0.0,0.0,0.0,0.0,1.0,0.0,0.0,0.0,9.0,4.0,0.0,0.0,0.0,0.0,0.0,0.0,0.0,0.0,6.0,12.0,1.0,12.19,5.01,2.51,1.49,0.0,0.0,0.0,361.3,0.0,-0.8,-0.5,-0.1,-169.60000000000002,0.0,0.0,169.70000000000002,0.0,21.4,28.9,28.9,30.9,300.0,300.0,31.8,35.800000000000004,28.8,28.1,29.9,4.95,1.99,4.97,0.16,0.0,0.0,1027.0,8228.0,0.0,0.0,0.0,0.0,0.0,1.0,0.0,0.0,0.0,0.0,0.0,-0.7000000000000001,0.0,0.0,0.0,0.0,16.0,25903.0
2026-07-30T19:03:27.769Z,377.252,377.268,0.0,7.4,0.0,0.0,0.0,0.0,0.0,0.0,0.0,0.0,1.0,0.0,0.0,0.0,9.0,4.0,0.0,0.0,0.0,0.0,0.0,0.0,0.0,0.0,1.0,12.0,1.0,12.19,5.01,2.51,1.49,0.0,0.0,0.0,361.3,0.0,-0.8,-0.5,-0.1,-169.60000000000002,0.0,0.0,169.8,0.0,21.4,28.9,28.9,30.9,300.0,300.0,31.8,35.800000000000004,28.8,28.1,29.9,4.95,1.99,4.97,0.16,0.0,0.0,1027.0,8228.0,0.0,0.0,0.0,0.0,0.0,1.0,0.0,0.0,0.0,0.0,0.0,-0.7000000000000001,0.0,0.0,0.0,0.0,16.0,25903.0
2026-07-30T19:03:27.783Z,377.266,377.28,0.0,7.4,0.0,0.0,0.0,0.0,0.0,0.0,0.0,0.0,1.0,0.0,0.0,0.0,9.0,4.0,0.0,0.0,0.0,0.0,0.0,0.0,0.0,0.0,2.0,12.0,1.0,12.18,5.01,2.5,1.49,0.0,0.0,0.0,361.3,0.0,0.3,-0.4,-0.1,-169.60000000000002,0.0,0.0,169.70000000000002,0.0,20.9,28.9,28.9,30.9,300.0,300.0,31.700000000000003,35.9,28.9,28.1,29.9,4.96,1.99,4.96,0.16,0.0,0.0,1027.0,8228.0,0.0,0.0,0.0,0.0,0.0,1.0,0.0,0.0,0.0,0.0,0.0,-0.6000000000000001,0.0,0.0,0.0,0.0,16.0,25903.0
2026-07-30T19:03:27.793Z,377.276,377.292,0.0,7.4,0.0,0.0,0.0,0.0,0.0,0.0,0.0,0.0,1.0,0.0,0.0,0.0,9.0,4.0,0.0,0.0,0.0,0.0,0.0,0.0,0.0,0.0,3.0,12.0,1.0,12.18,5.01,2.5,1.49,0.0,0.0,0.0,361.4,0.0,-0.2,-1.0,-0.1,-169.60000000000002,0.0,0.0,169.60000000000002,0.0,20.9,28.9,28.9,30.9,300.0,300.0,31.700000000000003,35.9,28.9,28.1,29.9,4.96,1.99,4.96,0.16,0.0,0.0,1027.0,8228.0,0.0,0.0,0.0,0.0,0.0,1.0,0.0,0.0,0.0,0.0,0.0,-1.3,0.0,0.0,0.0,0.0,16.0,25903.0
2026-07-30T19:03:27.805Z,377.288,377.304,0.0,7.4,0.0,0.0,0.0,0.0,0.0,0.0,0.0,0.0,1.0,0.0,0.0,0.0,9.0,4.0,0.0,0.0,0.0,0.0,0.0,0.0,0.0,0.0,4.0,12.0,1.0,12.18,5.01,2.5,1.49,0.0,0.0,0.0,361.3,0.0,-0.2,-1.0,-0.1,-169.60000000000002,0.0,0.0,169.60000000000002,0.0,20.9,28.9,28.9,30.9,300.0,300.0,31.700000000000003,35.9,28.9,28.1,29.9,4.95,1.99,4.96,0.16,0.0,0.0,1027.0,8228.0,0.0,0.0,0.0,0.0,0.0,1.0,0.0,0.0,0.0,0.0,0.0,-1.3,0.0,0.0,0.0,0.0,16.0,25903.0
2026-07-30T19:03:27.817Z,377.3,377.316,0.0,7.4,0.0,0.0,0.0,0.0,0.0,0.0,0.0,0.0,1.0,0.0,0.0,0.0,9.0,4.0,0.0,0.0,0.0,0.0,0.0,0.0,0.0,0.0,5.0,12.0,1.0,12.18,5.01,2.5,1.49,0.0,0.0,0.0,361.3,0.0,0.3,0.1,-1.3,-169.60000000000002,0.0,0.0,169.60000000000002,0.0,20.9,28.9,28.9,30.9,300.0,300.0,31.700000000000003,35.9,28.9,28.1,29.9,4.95,1.99,4.97,0.17,0.0,0.0,1027.0,8228.0,0.0,0.0,0.0,0.0,0.0,1.0,0.0,0.0,0.0,0.0,0.0,-0.8,0.0,1.2000000000000002,0.0,0.0,16.0,25903.0
2026-07-30T19:03:27.830Z,377.313,377.328,0.0,7.4,0.0,0.0,0.0,0.0,0.0,0.0,0.0,0.0,1.0,0.0,0.0,0.0,9.0,4.0,0.0,0.0,0.0,0.0,0.0,0.0,0.0,0.0,6.0,12.0,1.0,12.18,5.01,2.5,1.49,0.0,0.0,0.0,361.3,0.0,-0.2,-0.4,-0.1,-169.60000000000002,0.0,0.0,169.60000000000002,0.0,20.9,28.9,28.9,30.9,300.0,300.0,31.700000000000003,35.9,28.9,28.1,29.9,4.96,2.0,4.96,0.17,0.0,0.0,1027.0,8228.0,0.0,0.0,0.0,0.0,0.0,1.0,0.0,0.0,0.0,0.0,0.0,-0.6000000000000001,0.0,0.0,0.0,0.0,16.0,25903.0
2026-07-30T19:03:27.842Z,377.325,377.34,0.0,7.4,0.0,0.0,0.0,0.0,0.0,0.0,0.0,0.0,1.0,0.0,0.0,0.0,9.0,4.0,0.0,0.0,0.0,0.0,0.0,0.0,0.0,0.0,1.0,12.0,1.0,12.18,5.01,2.5,1.49,0.0,0.0,0.0,361.3,0.0,0.3,1.8,1.5,-169.60000000000002,0.0,0.0,169.70000000000002,0.0,20.9,28.9,28.9,30.9,300.0,300.0,31.700000000000003,35.9,28.9,28.1,29.9,4.96,1.99,4.96,0.16,0.0,0.0,1027.0,8228.0,0.0,0.0,0.0,0.0,0.0,1.0,0.0,0.0,0.0,0.0,0.0,3.3000000000000003,0.0,-1.0,0.0,0.0,16.0,25903.0
2026-07-30T19:03:27.853Z,377.336,377.352,0.0,7.4,0.0,0.0,0.0,0.0,0.0,0.0,0.0,0.0,1.0,0.0,0.0,0.0,9.0,4.0,0.0,0.0,0.0,0.0,0.0,0.0,0.0,0.0,3.0,12.0,1.0,12.18,5.01,2.5,1.49,0.0,0.0,0.0,361.4,0.0,-0.2,0.1,1.6,-169.60000000000002,0.0,0.0,169.70000000000002,0.0,20.9,28.9,28.9,30.9,300.0,300.0,31.700000000000003,35.9,28.9,28.1,29.9,4.95,1.99,4.96,0.16,0.0,0.0,1027.0,8228.0,0.0,0.0,0.0,0.0,0.0,1.0,0.0,0.0,0.0,0.0,0.0,1.3,0.0,-1.4,0.0,0.0,16.0,25903.0
2026-07-30T19:03:27.865Z,377.348,377.364,0.0,7.4,0.0,0.0,0.0,0.0,0.0,0.0,0.0,0.0,1.0,0.0,0.0,0.0,9.0,4.0,0.0,0.0,0.0,0.0,0.0,0.0,0.0,0.0,4.0,12.0,1.0,12.18,5.01,2.5,1.49,0.0,0.0,0.0,361.4,0.0,-0.2,0.6000000000000001,-1.3,-169.60000000000002,0.0,0.0,169.70000000000002,0.0,20.9,28.9,28.9,30.9,300.0,300.0,31.700000000000003,35.9,28.9,28.1,29.9,4.96,1.99,4.97,0.16,0.0,0.0,1027.0,8228.0,0.0,0.0,0.0,0.0,0.0,1.0,0.0,0.0,0.0,0.0,0.0,-0.2,0.0,1.3,0.0,0.0,16.0,25903.0
2026-07-30T19:03:27.877Z,377.36,377.376,0.0,7.4,0.0,0.0,0.0,0.0,0.0,0.0,0.0,0.0,1.0,0.0,0.0,0.0,9.0,4.0,0.0,0.0,0.0,0.0,0.0,0.0,0.0,0.0,5.0,12.0,1.0,12.18,5.01,2.5,1.49,0.0,0.0,0.0,361.3,0.0,0.3,-0.5,-0.7000000000000001,-169.60000000000002,0.0,0.0,169.60000000000002,0.0,20.9,28.9,28.9,30.9,300.0,300.0,31.700000000000003,35.9,28.9,28.1,29.9,4.95,2.0,4.96,0.16,0.0,0.0,1027.0,8228.0,0.0,0.0,0.0,0.0,0.0,1.0,0.0,0.0,0.0,0.0,0.0,-1.1,0.0,0.5,0.0,0.0,16.0,25903.0
2026-07-30T19:03:27.890Z,377.373,377.388,0.0,7.4,0.0,0.0,0.0,0.0,0.0,0.0,0.0,0.0,1.0,0.0,0.0,0.0,9.0,4.0,0.0,0.0,0.0,0.0,0.0,0.0,0.0,0.0,6.0,12.0,1.0,12.17,5.01,2.51,1.49,0.0,0.0,0.0,361.3,0.0,1.5,0.6000000000000001,-0.6000000000000001,-169.60000000000002,0.0,0.0,169.70000000000002,0.0,21.8,28.9,28.9,30.9,300.0,300.0,31.700000000000003,35.800000000000004,28.9,28.0,29.9,4.95,1.99,4.97,0.16,0.0,0.0,1027.0,8228.0,0.0,0.0,0.0,0.0,0.0,1.0,0.0,0.0,0.0,0.0,0.0,0.2,0.0,0.7000000000000001,0.0,0.0,16.0,25903.0
2026-07-30T19:03:27.902Z,377.385,377.4,0.0,7.4,0.0,0.0,0.0,0.0,0.0,0.0,0.0,0.0,1.0,0.0,0.0,0.0,9.0,4.0,0.0,0.0,0.0,0.0,0.0,0.0,0.0,0.0,2.0,12.0,1.0,12.17,5.01,2.51,1.49,0.0,0.0,0.0,361.4,0.0,0.3,0.6000000000000001,-1.3,-169.60000000000002,0.0,0.0,169.70000000000002,0.0,21.8,28.9,28.9,30.9,300.0,300.0,31.700000000000003,35.800000000000004,28.9,28.0,29.9,4.95,1.99,4.97,0.16,0.0,0.0,1027.0,8228.0,0.0,0.0,0.0,0.0,0.0,1.0,0.0,0.0,0.0,0.0,0.0,-0.2,0.0,1.2000000000000002,0.0,0.0,16.0,25903.0
2026-07-30T19:03:27.914Z,377.397,377.412,0.0,7.4,0.0,0.0,0.0,0.0,0.0,0.0,0.0,0.0,1.0,0.0,0.0,0.0,9.0,4.0,0.0,0.0,0.0,0.0,0.0,0.0,0.0,0.0,3.0,12.0,1.0,12.17,5.01,2.51,1.49,0.0,0.1,0.0,361.3,0.0,-0.2,-1.1,-0.1,-169.60000000000002,0.0,0.0,169.70000000000002,0.0,21.8,28.9,28.9,30.9,300.0,300.0,31.700000000000003,35.800000000000004,28.9,28.0,29.9,4.96,1.99,4.96,0.16,0.0,0.0,1027.0,8228.0,0.0,0.0,0.0,0.0,0.0,1.0,0.0,0.0,0.0,0.0,0.0,-1.4,0.0,-0.1,0.0,0.0,16.0,25903.0
2026-07-30T19:03:27.926Z,377.409,377.424,0.0,7.4,0.0,0.0,0.0,0.0,0.0,0.0,0.0,0.0,1.0,0.0,0.0,0.0,9.0,4.0,0.0,0.0,0.0,0.0,0.0,0.0,0.0,0.0,4.0,12.0,1.0,12.17,5.01,2.51,1.49,0.0,0.0,0.0,361.3,0.0,0.9,-0.5,0.4,-169.60000000000002,0.0,0.0,169.70000000000002,0.0,21.8,28.9,28.9,30.9,300.0,300.0,31.700000000000003,35.800000000000004,28.9,28.0,29.9,4.95,1.99,4.97,0.16,0.0,0.0,1027.0,8228.0,0.0,0.0,0.0,0.0,0.0,1.0,0.0,0.0,0.0,0.0,0.0,-0.2,0.0,-0.5,0.0,0.0,16.0,25903.0
2026-07-30T19:03:27.938Z,377.421,377.436,0.0,7.4,0.0,0.0,0.0,0.0,0.0,0.0,0.0,0.0,1.0,0.0,0.0,0.0,9.0,4.0,0.0,0.0,0.0,0.0,0.0,0.0,0.0,0.0,5.0,12.0,1.0,12.17,5.01,2.51,1.49,0.0,0.0,0.0,361.3,0.0,0.3,0.0,1.6,-169.60000000000002,0.0,0.0,169.70000000000002,0.0,21.8,28.9,28.9,30.9,300.0,300.0,31.700000000000003,35.800000000000004,28.9,28.0,29.9,4.95,2.0,4.96,0.16,0.0,0.0,1027.0,8228.0,0.0,0.0,0.0,0.0,0.0,1.0,0.0,0.0,0.0,0.0,0.0,1.3,0.0,-1.4,0.0,0.0,16.0,25903.0
2026-07-30T19:03:27.950Z,377.433,377.448,0.0,7.4,0.0,0.0,0.0,0.0,0.0,0.0,0.0,0.0,1.0,0.0,0.0,0.0,9.0,4.0,0.0,0.0,0.0,0.0,0.0,0.0,0.0,0.0,6.0,12.0,1.0,12.17,5.01,2.51,1.49,0.0,0.0,0.0,361.3,0.0,0.9,-0.5,-0.6000000000000001,-169.60000000000002,0.0,0.0,169.8,0.0,21.8,28.9,28.9,30.9,300.0,300.0,31.700000000000003,35.800000000000004,28.9,28.0,29.9,4.96,1.99,4.96,0.16,0.0,0.0,1027.0,8228.0,0.0,0.0,0.0,0.0,0.0,1.0,0.0,0.0,0.0,0.0,0.0,-1.1,0.0,0.4,0.0,0.0,16.0,25903.0
2026-07-30T19:03:27.962Z,377.445,377.46,0.0,7.4,0.0,0.0,0.0,0.0,0.0,0.0,0.0,0.0,1.0,0.0,0.0,0.0,9.0,4.0,0.0,0.0,0.0,0.0,0.0,0.0,0.0,0.0,1.0,12.0,1.0,12.17,5.01,2.51,1.49,0.0,0.0,0.0,361.4,0.0,-0.2,0.5,1.1,-169.60000000000002,0.0,0.0,169.8,0.0,21.8,28.9,28.9,30.9,300.0,300.0,31.700000000000003,35.800000000000004,28.9,28.0,29.9,4.96,1.99,4.96,0.16,0.0,0.0,1027.0,8228.0,0.0,0.0,0.0,0.0,0.0,1.0,0.0,0.0,0.0,0.0,0.0,1.4,0.0,-0.8,0.0,0.0,16.0,25903.0
2026-07-30T19:03:27.974Z,377.457,377.472,0.0,7.4,0.0,0.0,0.0,0.0,0.0,0.0,0.0,0.0,1.0,0.0,0.0,0.0,9.0,4.0,0.0,0.0,0.0,0.0,0.0,0.0,0.0,0.0,2.0,12.0,1.0,12.17,5.01,2.51,1.49,0.0,0.0,0.0,361.4,0.0,0.3,-0.6000000000000001,0.0,-169.60000000000002,0.0,0.0,169.70000000000002,0.0,21.8,28.9,28.9,30.9,300.0,300.0,31.700000000000003,35.800000000000004,28.9,28.0,29.9,4.95,1.99,4.97,0.16,0.0,0.0,1027.0,8228.0,0.0,0.0,0.0,0.0,0.0,1.0,0.0,0.0,0.0,0.0,0.0,-0.7000000000000001,0.0,0.0,0.0,0.0,16.0,25903.0
2026-07-30T19:03:27.987Z,377.47,377.484,0.0,7.4,0.0,0.0,0.0,0.0,0.0,0.0,0.0,0.0,1.0,0.0,0.0,0.0,9.0,4.0,0.0,0.0,0.0,0.0,0.0,0.0,0.0,0.0,3.0,12.0,1.0,12.18,5.01,2.51,1.49,0.0,0.0,0.0,361.4,0.0,0.9,0.5,1.1,-169.60000000000002,0.0,0.0,169.70000000000002,0.0,21.4,28.9,28.9,30.9,300.0,300.0,31.6,35.800000000000004,28.8,28.0,29.9,4.95,1.99,4.96,0.16,0.0,0.0,1027.0,8228.0,0.0,0.0,0.0,0.0,0.0,1.0,0.0,0.0,0.0,0.0,0.0,1.4,0.0,-0.9,0.0,0.0,16.0,25903.0
2026-07-30T19:03:27.997Z,377.48,377.496,0.0,7.4,0.0,0.0,0.0,0.0,0.0,0.0,0.0,0.0,1.0,0.0,0.0,0.0,9.0,4.0,0.0,0.0,0.0,0.0,0.0,0.0,0.0,0.0,5.0,12.0,1.0,12.18,5.01,2.51,1.49,0.0,0.0,0.0,361.3,0.0,-0.2,0.0,0.0,-169.70000000000002,0.0,0.0,169.70000000000002,0.0,21.4,28.9,28.9,30.9,300.0,300.0,31.6,35.800000000000004,28.8,28.0,29.9,4.96,1.99,4.96,0.15,0.0,0.0,1027.0,8228.0,0.0,0.0,0.0,0.0,0.0,1.0,0.0,0.0,0.0,0.0,0.0,0.0,0.0,0.0,0.0,0.0,16.0,25903.0
2026-07-30T19:03:28.010Z,377.493,377.508,0.0,7.4,0.0,0.0,0.0,0.0,0.0,0.0,0.0,0.0,1.0,0.0,0.0,0.0,9.0,4.0,0.0,0.0,0.0,0.0,0.0,0.0,0.0,0.0,6.0,12.0,1.0,12.18,5.01,2.51,1.49,0.0,0.0,0.0,361.3,0.0,0.9,-0.5,-1.1,-169.70000000000002,0.0,0.0,169.70000000000002,0.0,21.4,28.9,28.9,30.9,300.0,300.0,31.6,35.800000000000004,28.8,28.0,29.9,4.95,1.99,4.97,0.16,0.0,0.0,1027.0,8228.0,0.0,0.0,0.0,0.0,0.0,1.0,0.0,0.0,0.0,0.0,0.0,-1.5,0.0,0.9,0.0,0.0,16.0,25903.0
2026-07-30T19:03:28.022Z,377.505,377.52,0.0,7.4,0.0,0.0,0.0,0.0,0.0,0.0,0.0,0.0,1.0,0.0,0.0,0.0,9.0,4.0,0.0,0.0,0.0,0.0,0.0,0.0,0.0,0.0,1.0,12.0,1.0,12.18,5.01,2.51,1.49,0.0,0.1,0.0,361.4,0.0,0.3,0.0,0.5,-169.70000000000002,0.0,0.0,169.8,0.0,21.4,28.9,28.9,30.9,300.0,300.0,31.6,35.800000000000004,28.8,28.0,29.9,4.96,2.0,4.96,0.16,0.0,0.0,1027.0,8228.0,0.0,0.0,0.0,0.0,0.0,1.0,0.0,0.0,0.0,0.0,0.0,0.4,0.0,-0.4,0.0,0.0,16.0,25903.0
2026-07-30T19:03:28.034Z,377.517,377.532,0.0,7.4,0.0,0.0,0.0,0.0,0.0,0.0,0.0,0.0,1.0,0.0,0.0,0.0,9.0,4.0,0.0,0.0,0.0,0.0,0.0,0.0,0.0,0.0,2.0,12.0,1.0,12.18,5.01,2.51,1.49,0.0,0.0,0.0,361.3,0.0,-0.7000000000000001,0.0,-0.5,-169.70000000000002,0.0,0.0,169.8,0.0,21.4,28.9,28.9,30.9,300.0,300.0,31.6,35.800000000000004,28.8,28.0,29.9,4.96,1.99,4.96,0.16,0.0,0.0,1027.0,8228.0,0.0,0.0,0.0,0.0,0.0,1.0,0.0,0.0,0.0,0.0,0.0,-0.4,0.0,0.5,0.0,0.0,16.0,25903.0
2026-07-30T19:03:28.046Z,377.529,377.544,0.0,7.4,0.0,0.0,0.0,0.0,0.0,0.0,0.0,0.0,1.0,0.0,0.0,0.0,9.0,4.0,0.0,0.0,0.0,0.0,0.0,0.0,0.0,0.0,3.0,12.0,1.0,12.18,5.01,2.51,1.49,0.0,0.0,0.0,361.4,0.0,-0.2,0.0,0.0,-169.70000000000002,0.0,0.0,169.8,0.0,21.4,28.9,28.9,30.9,300.0,300.0,31.6,35.800000000000004,28.8,28.0,29.9,4.95,1.99,4.96,0.16,0.0,0.0,1027.0,8228.0,0.0,0.0,0.0,0.0,0.0,1.0,0.0,0.0,0.0,0.0,0.0,0.0,0.0,0.0,0.0,0.0,16.0,25903.0
2026-07-30T19:03:28.058Z,377.541,377.556,0.0,7.4,0.0,0.0,0.0,0.0,0.0,0.0,0.0,0.0,1.0,0.0,0.0,0.0,9.0,4.0,0.0,0.0,0.0,0.0,0.0,0.0,0.0,0.0,4.0,12.0,1.0,12.18,5.01,2.51,1.49,0.0,0.0,0.0,361.3,0.0,-0.8,-0.5,-2.3000000000000003,-169.70000000000002,0.0,0.0,169.8,0.0,21.4,28.9,28.9,30.9,300.0,300.0,31.6,35.800000000000004,28.8,28.0,29.9,4.96,1.99,4.97,0.16,0.0,0.0,1027.0,8228.0,0.0,0.0,0.0,0.0,0.0,1.0,0.0,0.0,0.0,0.0,0.0,-2.3000000000000003,0.0,1.9,0.0,0.0,16.0,25903.0
2026-07-30T19:03:28.070Z,377.553,377.568,0.0,7.4,0.0,0.0,0.0,0.0,0.0,0.0,0.0,0.0,1.0,0.0,0.0,0.0,9.0,4.0,0.0,0.0,0.0,0.0,0.0,0.0,0.0,0.0,5.0,12.0,1.0,12.18,5.01,2.51,1.49,0.0,0.0,0.0,361.4,0.0,0.3,-0.5,0.5,-169.70000000000002,0.0,0.0,169.8,0.0,21.4,28.9,28.9,30.9,300.0,300.0,31.6,35.800000000000004,28.8,28.0,29.9,4.96,1.99,4.96,0.16,0.0,0.0,1027.0,8228.0,0.0,0.0,0.0,0.0,0.0,1.0,0.0,0.0,0.0,0.0,0.0,-0.1,0.0,-0.5,0.0,0.0,16.0,25903.0
2026-07-30T19:03:28.082Z,377.565,377.58,0.0,7.4,0.0,0.0,0.0,0.0,0.0,0.0,0.0,0.0,1.0,0.0,0.0,0.0,9.0,4.0,0.0,0.0,0.0,0.0,0.0,0.0,0.0,0.0,6.0,12.0,1.0,12.18,5.01,2.51,1.49,0.0,0.0,0.0,361.4,0.0,0.3,0.5,1.6,-169.70000000000002,0.0,0.0,169.70000000000002,0.0,21.4,28.9,28.9,30.9,300.0,300.0,31.6,35.800000000000004,28.8,28.0,29.9,4.96,1.99,4.97,0.16,0.0,0.0,1027.0,8228.0,0.0,0.0,0.0,0.0,0.0,1.0,0.0,0.0,0.0,0.0,0.0,1.9,0.0,-1.3,0.0,0.0,16.0,25903.0
2026-07-30T19:03:28.093Z,377.576,377.592,0.0,7.4,0.0,0.0,0.0,0.0,0.0,0.0,0.0,0.0,1.0,0.0,0.0,0.0,9.0,4.0,0.0,0.0,0.0,0.0,0.0,0.0,0.0,0.0,2.0,12.0,1.0,12.17,5.01,2.51,1.5,0.0,0.0,0.0,361.3,0.0,0.3,-0.5,0.0,-169.70000000000002,0.0,0.0,169.70000000000002,0.0,21.700000000000003,28.9,28.9,30.9,300.0,300.0,31.6,35.800000000000004,28.8,28.0,29.9,4.95,1.99,4.97,0.16,0.0,0.0,1027.0,8228.0,0.0,0.0,0.0,0.0,0.0,1.0,0.0,0.0,0.0,0.0,0.0,-0.6000000000000001,0.0,-0.1,0.0,0.0,16.0,25903.0
2026-07-30T19:03:28.106Z,377.589,377.604,0.0,7.4,0.0,0.0,0.0,0.0,0.0,0.0,0.0,0.0,1.0,0.0,0.0,0.0,9.0,4.0,0.0,0.0,0.0,0.0,0.0,0.0,0.0,0.0,3.0,12.0,1.0,12.17,5.01,2.51,1.5,0.0,0.0,0.0,361.3,0.0,-0.2,0.0,1.7000000000000002,-169.70000000000002,0.0,0.0,169.70000000000002,0.0,21.700000000000003,28.9,28.9,30.9,300.0,300.0,31.6,35.800000000000004,28.8,28.0,29.9,4.96,1.99,4.96,0.16,0.0,0.0,1027.0,8228.0,0.0,0.0,0.0,0.0,0.0,1.0,0.0,0.0,0.0,0.0,0.0,1.3,0.0,-1.5,0.0,0.0,16.0,25903.0
2026-07-30T19:03:28.118Z,377.601,377.616,0.0,7.4,0.0,0.0,0.0,0.0,0.0,0.0,0.0,0.0,1.0,0.0,0.0,0.0,9.0,4.0,0.0,0.0,0.0,0.0,0.0,0.0,0.0,0.0,5.0,12.0,1.0,12.17,5.01,2.51,1.5,0.0,0.0,0.0,361.3,0.0,0.3,-0.5,0.0,-169.70000000000002,0.0,0.0,169.8,0.0,21.700000000000003,28.9,28.9,30.9,300.0,300.0,31.6,35.800000000000004,28.8,28.0,29.9,4.96,1.99,4.96,0.16,0.0,0.0,1027.0,8228.0,0.0,0.0,0.0,0.0,0.0,1.0,0.0,0.0,0.0,0.0,0.0,-0.6000000000000001,0.0,0.0,0.0,0.0,16.0,25903.0
2026-07-30T19:03:28.130Z,377.613,377.628,0.0,7.4,0.0,0.0,0.0,0.0,0.0,0.0,0.0,0.0,1.0,0.0,0.0,0.0,9.0,4.0,0.0,0.0,0.0,0.0,0.0,0.0,0.0,0.0,6.0,12.0,1.0,12.17,5.01,2.51,1.5,0.0,0.0,0.0,361.3,0.0,-0.2,0.0,-0.6000000000000001,-169.70000000000002,0.0,0.0,169.8,0.0,21.700000000000003,28.9,28.9,30.9,300.0,300.0,31.6,35.800000000000004,28.8,28.0,29.9,4.96,1.99,4.97,0.16,0.0,0.0,1027.0,8228.0,0.0,0.0,0.0,0.0,0.0,1.0,0.0,0.0,0.0,0.0,0.0,-0.3,0.0,0.5,0.0,0.0,16.0,25903.0
2026-07-30T19:03:28.141Z,377.624,377.64,-0.1,7.4,0.0,0.0,0.0,0.0,0.0,0.0,0.0,0.0,1.0,0.0,0.0,0.0,9.0,4.0,0.0,0.0,0.0,0.0,0.0,0.0,0.0,0.0,1.0,12.0,1.0,12.17,5.01,2.51,1.5,0.0,0.0,0.0,361.3,0.0,-0.8,1.2000000000000002,0.5,-169.70000000000002,0.0,0.0,169.70000000000002,0.0,21.700000000000003,28.9,28.9,30.9,300.0,300.0,31.6,35.800000000000004,28.8,28.0,29.9,4.95,1.99,4.97,0.16,0.0,0.0,1027.0,8228.0,0.0,0.0,0.0,0.0,0.0,1.0,0.0,0.0,0.0,0.0,0.0,1.8,0.0,-0.2,0.0,0.0,16.0,25903.0
2026-07-30T19:03:28.154Z,377.637,377.652,0.0,7.4,0.0,0.0,0.0,0.0,0.0,0.0,0.0,0.0,1.0,0.0,0.0,0.0,9.0,4.0,0.0,0.0,0.0,0.0,0.0,0.0,0.0,0.0,2.0,12.0,1.0,12.17,5.01,2.51,1.5,0.0,0.0,0.0,361.4,0.0,-0.2,-0.4,0.0,-169.70000000000002,0.0,0.0,169.70000000000002,0.0,21.700000000000003,28.9,28.9,30.9,300.0,300.0,31.6,35.800000000000004,28.8,28.0,29.9,4.96,1.99,4.96,0.16,0.0,0.0,1027.0,8228.0,0.0,0.0,0.0,0.0,0.0,1.0,0.0,0.0,0.0,0.0,0.0,-0.4,0.0,-0.1,0.0,0.0,16.0,25903.0
2026-07-30T19:03:28.165Z,377.648,377.664,0.0,7.4,0.0,0.0,0.0,0.0,0.0,0.0,0.0,0.0,1.0,0.0,0.0,0.0,9.0,4.0,0.0,0.0,0.0,0.0,0.0,0.0,0.0,0.0,3.0,12.0,1.0,12.17,5.01,2.51,1.5,0.0,0.0,0.0,361.3,0.0,0.3,0.6000000000000001,1.7000000000000002,-169.70000000000002,0.0,0.0,169.70000000000002,0.0,21.700000000000003,28.9,28.9,30.9,300.0,300.0,31.6,35.800000000000004,28.8,28.0,29.9,4.95,2.0,4.97,0.16,0.0,0.0,1027.0,8228.0,0.0,0.0,0.0,0.0,0.0,1.0,0.0,0.0,0.0,0.0,0.0,2.0,0.0,-1.3,0.0,0.0,16.0,25903.0
2026-07-30T19:03:28.177Z,377.66,377.676,0.0,7.4,0.0,0.0,0.0,0.0,0.0,0.0,0.0,0.0,1.0,0.0,0.0,0.0,9.0,4.0,0.0,0.0,0.0,0.0,0.0,0.0,0.0,0.0,4.0,12.0,1.0,12.17,5.01,2.51,1.5,0.0,0.0,0.0,361.3,0.0,-0.7000000000000001,0.0,0.0,-169.70000000000002,0.0,0.0,169.70000000000002,0.0,21.700000000000003,28.9,28.9,30.9,300.0,300.0,31.6,35.800000000000004,28.8,28.0,29.9,4.95,1.99,4.97,0.16,0.0,0.0,1027.0,8228.0,0.0,0.0,0.0,0.0,0.0,1.0,0.0,0.0,0.0,0.0,0.0,0.0,0.0,0.0,0.0,0.0,16.0,25903.0
2026-07-30T19:03:28.191Z,377.674,377.688,0.0,7.4,0.0,0.0,0.0,0.0,0.0,0.0,0.0,0.0,1.0,0.0,0.0,0.0,9.0,4.0,0.0,0.0,0.0,0.0,0.0,0.0,0.0,0.0,5.0,12.0,1.0,12.15,5.01,2.5,1.49,0.0,0.0,0.0,361.4,0.0,-0.1,0.0,-0.6000000000000001,-169.70000000000002,0.0,0.0,169.8,0.0,21.700000000000003,28.9,28.9,30.9,300.0,300.0,31.6,35.9,28.8,28.0,29.9,4.96,1.99,4.97,0.16,0.0,0.0,1027.0,8228.0,0.0,0.0,0.0,0.0,0.0,1.0,0.0,0.0,0.0,0.0,0.0,0.9,0.0,0.8,0.0,0.0,16.0,25903.0
2026-07-30T19:03:28.202Z,377.685,377.7,0.0,7.4,0.0,0.0,0.0,0.0,0.0,0.0,0.0,0.0,1.0,0.0,0.0,0.0,9.0,4.0,0.0,0.0,0.0,0.0,0.0,0.0,0.0,0.0,6.0,12.0,1.0,12.15,5.01,2.5,1.49,0.0,0.0,0.0,361.3,0.0,0.3,-0.4,0.0,-169.70000000000002,0.0,0.0,169.70000000000002,0.0,21.700000000000003,28.9,28.9,30.9,300.0,300.0,31.6,35.9,28.8,28.0,29.9,4.96,1.99,4.97,0.16,0.0,0.0,1027.0,8228.0,0.0,0.0,0.0,0.0,0.0,1.0,0.0,0.0,0.0,0.0,0.0,-0.6000000000000001,0.0,0.0,0.0,0.0,16.0,25903.0
2026-07-30T19:03:28.214Z,377.697,377.712,0.0,7.4,0.0,0.0,0.0,0.0,0.0,0.0,0.0,0.0,1.0,0.0,0.0,0.0,9.0,4.0,0.0,0.0,0.0,0.0,0.0,0.0,0.0,0.0,1.0,12.0,1.0,12.15,5.01,2.5,1.49,0.0,0.1,0.0,361.4,0.0,1.0,0.6000000000000001,0.0,-169.70000000000002,0.0,0.0,169.70000000000002,0.0,21.700000000000003,28.9,28.9,30.9,300.0,300.0,31.6,35.9,28.8,28.0,29.9,4.95,1.99,4.97,0.16,0.0,0.0,1027.0,8228.0,0.0,0.0,0.0,0.0,0.0,1.0,0.0,0.0,0.0,0.0,0.0,-0.6000000000000001,0.0,0.0,0.0,0.0,16.0,25903.0
2026-07-30T19:03:28.226Z,377.709,377.724,0.0,7.4,0.0,0.0,0.0,0.0,0.0,0.0,0.0,0.0,1.0,0.0,0.0,0.0,9.0,4.0,0.0,0.0,0.0,0.0,0.0,0.0,0.0,0.0,3.0,12.0,1.0,12.15,5.01,2.5,1.49,0.0,0.0,0.0,361.4,0.0,-0.1,0.7000000000000001,0.4,-169.70000000000002,0.0,0.0,169.8,0.0,21.700000000000003,28.9,28.9,30.9,300.0,300.0,31.6,35.9,28.8,28.0,29.9,4.95,1.99,4.96,0.16,0.0,0.0,1027.0,8228.0,0.0,0.0,0.0,0.0,0.0,1.0,0.0,0.0,0.0,0.0,0.0,-0.3,0.0,0.6000000000000001,0.0,0.0,16.0,25903.0
2026-07-30T19:03:28.238Z,377.721,377.736,0.0,7.4,0.0,0.0,0.0,0.0,0.0,0.0,0.0,0.0,1.0,0.0,0.0,0.0,9.0,4.0,0.0,0.0,0.0,0.0,0.0,0.0,0.0,0.0,4.0,12.0,1.0,12.15,5.01,2.5,1.49,0.0,0.1,0.0,361.3,0.0,0.4,0.7000000000000001,-0.1,-169.70000000000002,0.0,0.0,169.8,0.0,21.700000000000003,28.9,28.9,30.9,300.0,300.0,31.6,35.9,28.8,28.0,29.9,4.96,1.99,4.96,0.16,0.0,0.0,1027.0,8228.0,0.0,0.0,0.0,0.0,0.0,1.0,0.0,0.0,0.0,0.0,0.0,0.4,0.0,-0.3,0.0,0.0,16.0,25903.0
2026-07-30T19:03:28.250Z,377.733,377.748,0.0,7.4,0.0,0.0,0.0,0.0,0.0,0.0,0.0,0.0,1.0,0.0,0.0,0.0,9.0,4.0,0.0,0.0,0.0,0.0,0.0,0.0,0.0,0.0,5.0,12.0,1.0,12.15,5.01,2.5,1.49,0.0,0.0,0.0,361.4,0.0,-0.1,0.7000000000000001,0.4,-169.70000000000002,0.0,0.0,169.70000000000002,0.0,21.700000000000003,28.9,28.9,30.9,300.0,300.0,31.6,35.9,28.8,28.0,29.9,4.95,1.99,4.97,0.16,0.0,0.0,1027.0,8228.0,0.0,0.0,0.0,0.0,0.0,1.0,0.0,0.0,0.0,0.0,0.0,-0.7000000000000001,0.0,1.1,0.0,0.0,16.0,25903.0
2026-07-30T19:03:28.262Z,377.745,377.76,0.0,7.4,0.0,0.0,0.0,0.0,0.0,0.0,0.0,0.0,1.0,0.0,0.0,0.0,9.0,4.0,0.0,0.0,0.0,0.0,0.0,0.0,0.0,0.0,5.0,12.0,1.0,12.15,5.01,2.5,1.49,0.0,0.0,0.0,361.3,0.0,-0.1,-0.4,0.0,-169.70000000000002,0.0,0.0,169.8,0.0,21.700000000000003,28.9,28.9,30.9,300.0,300.0,31.6,35.9,28.8,28.0,29.9,4.96,1.99,4.97,0.16,0.0,0.0,1027.0,8228.0,0.0,0.0,0.0,0.0,0.0,1.0,0.0,0.0,0.0,0.0,0.0,-0.5,0.0,0.0,0.0,0.0,16.0,25903.0
2026-07-30T19:03:28.273Z,377.756,377.772,0.0,7.4,0.0,0.0,0.0,0.0,0.0,0.0,0.0,0.0,1.0,0.0,0.0,0.0,9.0,4.0,0.0,0.0,0.0,0.0,0.0,0.0,0.0,0.0,1.0,12.0,1.0,12.15,5.01,2.5,1.49,0.0,0.0,0.0,361.3,0.0,-0.1,1.3,0.4,-169.70000000000002,0.0,0.0,169.70000000000002,0.0,21.700000000000003,28.9,28.9,30.9,300.0,300.0,31.6,35.9,28.8,28.0,29.9,4.96,2.0,4.97,0.16,0.0,0.0,1027.0,8228.0,0.0,0.0,0.0,0.0,0.0,1.0,0.0,0.0,0.0,0.0,0.0,1.9,0.0,-0.1,0.0,0.0,16.0,25903.0
2026-07-30T19:03:28.286Z,377.769,377.784,0.0,7.4,0.0,0.0,0.0,0.0,0.0,0.0,0.0,0.0,1.0,0.0,0.0,0.0,9.0,4.0,0.0,0.0,0.0,0.0,0.0,0.0,0.0,0.0,2.0,12.0,1.0,12.15,5.01,2.5,1.49,0.0,0.0,0.0,361.3,0.0,0.4,0.7000000000000001,0.0,-169.70000000000002,0.0,0.0,169.70000000000002,0.0,21.700000000000003,28.9,28.9,30.9,300.0,300.0,31.6,35.9,28.8,28.0,29.9,4.96,1.99,4.97,0.16,0.0,0.0,1027.0,8228.0,0.0,0.0,0.0,0.0,0.0,1.0,0.0,0.0,0.0,0.0,0.0,0.7000000000000001,0.0,0.2,0.0,0.0,16.0,25903.0
2026-07-30T19:03:28.298Z,377.781,377.796,0.0,7.4,0.0,0.0,0.0,0.0,0.0,0.0,0.0,0.0,1.0,0.0,0.0,0.0,9.0,4.0,0.0,0.0,0.0,0.0,0.0,0.0,0.0,0.0,4.0,12.0,1.0,12.19,5.0200000000000005,2.51,1.49,0.0,0.0,0.0,361.4,0.0,-0.7000000000000001,-1.0,0.0,-169.70000000000002,0.0,0.0,169.70000000000002,0.0,21.3,28.9,28.9,30.9,300.0,300.0,31.700000000000003,35.9,28.8,28.0,29.9,4.96,1.99,4.97,0.16,0.0,0.0,1027.0,8228.0,0.0,0.0,0.0,0.0,0.0,1.0,0.0,0.0,0.0,0.0,0.0,-1.2000000000000002,0.0,-0.1,0.0,0.0,16.0,25903.0
2026-07-30T19:03:28.310Z,377.793,377.808,0.0,7.4,0.0,0.0,0.0,0.0,0.0,0.0,0.0,0.0,1.0,0.0,0.0,0.0,9.0,4.0,0.0,0.0,0.0,0.0,0.0,0.0,0.0,0.0,5.0,12.0,1.0,12.19,5.0200000000000005,2.51,1.49,0.0,0.0,0.0,361.4,0.0,-0.2,-1.0,0.0,-169.70000000000002,0.0,0.0,169.70000000000002,0.0,21.3,28.9,28.9,30.9,300.0,300.0,31.700000000000003,35.9,28.8,28.0,29.9,4.96,1.99,4.96,0.16,0.0,0.0,1027.0,8228.0,0.0,0.0,0.0,0.0,0.0,1.0,0.0,0.0,0.0,0.0,0.0,-1.2000000000000002,0.0,-0.1,0.0,0.0,16.0,25903.0
2026-07-30T19:03:28.322Z,377.805,377.82,0.0,7.4,0.0,0.0,0.0,0.0,0.0,0.0,0.0,0.0,1.0,0.0,0.0,0.0,9.0,4.0,0.0,0.0,0.0,0.0,0.0,0.0,0.0,0.0,1.0,12.0,1.0,12.19,5.0200000000000005,2.51,1.49,-0.1,0.1,0.0,361.4,0.0,0.9,0.1,0.5,-169.70000000000002,0.0,0.0,169.70000000000002,0.0,21.3,28.9,28.9,30.9,300.0,300.0,31.700000000000003,35.9,28.8,28.0,29.9,4.96,2.0,4.97,0.16,0.0,0.0,1027.0,8228.0,0.0,0.0,0.0,0.0,0.0,1.0,0.0,0.0,0.0,0.0,0.0,0.6000000000000001,0.0,-0.4,0.0,0.0,16.0,25903.0
2026-07-30T19:03:28.333Z,377.816,377.832,0.0,7.4,0.0,0.0,0.0,0.0,0.0,0.0,0.0,0.0,1.0,0.0,0.0,0.0,9.0,4.0,0.0,0.0,0.0,0.0,0.0,0.0,0.0,0.0,2.0,12.0,1.0,12.19,5.0200000000000005,2.51,1.49,0.0,0.1,0.0,361.3,0.0,-0.7000000000000001,1.3,0.4,-169.70000000000002,0.0,0.0,169.60000000000002,0.0,21.3,28.9,28.9,30.9,300.0,300.0,31.700000000000003,35.9,28.8,28.0,29.9,4.95,1.99,4.97,0.16,0.0,0.0,1027.0,8228.0,0.0,0.0,0.0,0.0,0.0,1.0,0.0,0.0,0.0,0.0,0.0,1.8,0.0,-0.1,0.0,0.0,16.0,25903.0
2026-07-30T19:03:28.346Z,377.829,377.844,0.0,7.4,0.0,0.0,0.0,0.0,0.0,0.0,0.0,0.0,1.0,0.0,0.0,0.0,9.0,4.0,0.0,0.0,0.0,0.0,0.0,0.0,0.0,0.0,3.0,12.0,1.0,12.19,5.0200000000000005,2.51,1.49,0.0,0.1,0.0,361.4,0.0,0.3,-0.4,-0.6000000000000001,-169.70000000000002,0.0,0.0,169.70000000000002,0.0,21.3,28.9,28.9,30.9,300.0,300.0,31.700000000000003,35.9,28.8,28.0,29.9,4.96,1.99,4.97,0.16,0.0,0.0,1027.0,8228.0,0.0,0.0,0.0,0.0,0.0,1.0,0.0,0.0,0.0,0.0,0.0,-1.0,0.0,0.5,0.0,0.0,16.0,25903.0
2026-07-30T19:03:28.358Z,377.841,377.856,0.0,7.4,0.0,0.0,0.0,0.0,0.0,0.0,0.0,0.0,1.0,0.0,0.0,0.0,9.0,4.0,0.0,0.0,0.0,0.0,0.0,0.0,0.0,0.0,5.0,12.0,1.0,12.19,5.0200000000000005,2.51,1.49,0.0,0.0,0.0,361.4,0.0,-0.1,1.3,2.8000000000000003,-169.70000000000002,0.0,0.0,169.70000000000002,0.0,21.3,28.9,28.9,30.9,300.0,300.0,31.700000000000003,35.9,28.8,28.0,29.9,4.95,1.99,4.97,0.16,0.0,0.0,1027.0,8228.0,0.0,0.0,0.0,0.0,0.0,1.0,0.0,0.0,0.0,0.0,0.0,3.6,0.0,-2.2,0.0,0.0,16.0,25903.0
2026-07-30T19:03:28.369Z,377.852,377.868,0.0,7.4,0.0,0.0,0.0,0.0,0.0,0.0,0.0,0.0,1.0,0.0,0.0,0.0,9.0,4.0,0.0,0.0,0.0,0.0,0.0,0.0,0.0,0.0,6.0,12.0,1.0,12.19,5.0200000000000005,2.51,1.49,0.0,0.1,0.0,361.4,0.0,0.9,-0.4,-0.1,-169.70000000000002,0.0,0.0,169.8,0.0,21.3,28.9,28.9,30.9,300.0,300.0,31.700000000000003,35.9,28.8,28.0,29.9,4.95,1.99,4.97,0.16,0.0,0.0,1027.0,8228.0,0.0,0.0,0.0,0.0,0.0,1.0,0.0,0.0,0.0,0.0,0.0,-0.5,0.0,0.0,0.0,0.0,16.0,25903.0
2026-07-30T19:03:28.382Z,377.865,377.88,0.0,7.4,0.0,0.0,0.0,0.0,0.0,0.0,0.0,0.0,1.0,0.0,0.0,0.0,9.0,4.0,0.0,0.0,0.0,0.0,0.0,0.0,0.0,0.0,1.0,12.0,1.0,12.19,5.0200000000000005,2.51,1.49,0.0,0.0,0.0,361.4,0.0,0.3,0.7000000000000001,0.4,-169.70000000000002,0.0,0.0,169.60000000000002,0.0,21.3,28.9,28.9,30.9,300.0,300.0,31.700000000000003,35.9,28.8,28.0,29.9,4.96,1.99,4.97,0.16,0.0,0.0,1027.0,8228.0,0.0,0.0,0.0,0.0,0.0,1.0,0.0,0.0,0.0,0.0,0.0,1.1,0.0,-0.2,0.0,0.0,16.0,25903.0
2026-07-30T19:03:28.394Z,377.877,377.892,0.0,7.4,0.0,0.0,0.0,0.0,0.0,0.0,0.0,0.0,1.0,0.0,0.0,0.0,9.0,4.0,0.0,0.0,0.0,0.0,0.0,0.0,0.0,0.0,2.0,12.0,1.0,12.18,5.0200000000000005,2.5,1.49,0.0,0.0,0.0,361.4,0.0,-0.2,0.1,0.4,-169.70000000000002,0.0,0.0,169.70000000000002,0.0,21.4,28.9,28.9,30.9,300.0,300.0,31.700000000000003,35.9,28.8,28.0,29.9,4.95,1.99,4.96,0.16,0.0,0.0,1027.0,8228.0,0.0,0.0,0.0,0.0,0.0,1.0,0.0,0.0,0.0,0.0,0.0,0.5,0.0,-0.3,0.0,0.0,16.0,25903.0
2026-07-30T19:03:28.405Z,377.888,377.904,0.0,7.4,0.0,0.0,0.0,0.0,0.0,0.0,0.0,0.0,1.0,0.0,0.0,0.0,9.0,4.0,0.0,0.0,0.0,0.0,0.0,0.0,0.0,0.0,3.0,12.0,1.0,12.18,5.0200000000000005,2.5,1.49,0.0,0.0,0.0,361.4,0.0,0.3,-0.4,1.0,-169.70000000000002,0.0,0.0,169.70000000000002,0.0,21.4,28.9,28.9,30.9,300.0,300.0,31.700000000000003,35.9,28.8,28.0,29.9,4.95,1.99,4.97,0.16,0.0,0.0,1027.0,8228.0,0.0,0.0,0.0,0.0,0.0,1.0,0.0,0.0,0.0,0.0,0.0,0.2,0.0,-0.9,0.0,0.0,16.0,25903.0
2026-07-30T19:03:28.417Z,377.9,377.916,0.0,7.4,0.0,0.0,0.0,0.0,0.0,0.0,0.0,0.0,1.0,0.0,0.0,0.0,9.0,4.0,0.0,0.0,0.0,0.0,0.0,0.0,0.0,0.0,4.0,12.0,1.0,12.18,5.0200000000000005,2.5,1.49,0.0,0.0,0.0,361.4,0.0,0.3,0.7000000000000001,0.4,-169.70000000000002,0.0,0.0,169.70000000000002,0.0,21.4,28.9,28.9,30.9,300.0,300.0,31.700000000000003,35.9,28.8,28.0,29.9,4.95,1.99,4.96,0.16,0.0,0.0,1027.0,8228.0,0.0,0.0,0.0,0.0,0.0,1.0,0.0,0.0,0.0,0.0,0.0,1.2000000000000002,0.0,-0.2,0.0,0.0,16.0,25903.0
2026-07-30T19:03:28.429Z,377.912,377.928,0.0,7.4,0.0,0.0,0.0,0.0,0.0,0.0,0.0,0.0,1.0,0.0,0.0,0.0,9.0,4.0,0.0,0.0,0.0,0.0,0.0,0.0,0.0,0.0,5.0,12.0,1.0,12.18,5.0200000000000005,2.5,1.49,0.0,0.0,0.0,361.4,0.0,-0.1,1.2000000000000002,-0.7000000000000001,-169.70000000000002,0.0,0.0,169.70000000000002,0.0,21.4,28.9,28.9,30.9,300.0,300.0,31.700000000000003,35.9,28.8,28.0,29.9,4.96,2.0,4.96,0.16,0.0,0.0,1027.0,8228.0,0.0,0.0,0.0,0.0,0.0,1.0,0.0,0.0,0.0,0.0,0.0,0.9,0.0,0.8,0.0,0.0,16.0,25903.0
2026-07-30T19:03:28.441Z,377.924,377.94,0.0,7.4,0.0,0.0,0.0,0.0,0.0,0.0,0.0,0.0,1.0,0.0,0.0,0.0,9.0,4.0,0.0,0.0,0.0,0.0,0.0,0.0,0.0,0.0,6.0,12.0,1.0,12.18,5.0200000000000005,2.5,1.49,0.0,0.0,0.0,361.4,0.0,-0.2,-0.4,-0.7000000000000001,-169.70000000000002,0.0,0.0,169.70000000000002,0.0,21.4,28.9,28.9,30.9,300.0,300.0,31.700000000000003,35.9,28.8,28.0,29.9,4.96,2.0,4.97,0.16,0.0,0.0,1027.0,8228.0,0.0,0.0,0.0,0.0,0.0,1.0,0.0,0.0,0.0,0.0,0.0,-1.0,0.0,0.5,0.0,0.0,16.0,25903.0
2026-07-30T19:03:28.454Z,377.937,377.952,0.0,7.4,0.0,0.0,0.0,0.0,0.0,0.0,0.0,0.0,1.0,0.0,0.0,0.0,9.0,4.0,0.0,0.0,0.0,0.0,0.0,0.0,0.0,0.0,1.0,12.0,1.0,12.18,5.0200000000000005,2.5,1.49,0.0,0.0,0.0,361.4,0.0,0.3,-0.4,-0.1,-169.70000000000002,0.0,0.0,169.70000000000002,0.0,21.4,28.9,28.9,30.9,300.0,300.0,31.700000000000003,35.9,28.8,28.0,29.9,4.95,1.99,4.97,0.16,0.0,0.0,1027.0,8228.0,0.0,0.0,0.0,0.0,0.0,1.0,0.0,0.0,0.0,0.0,0.0,-0.6000000000000001,0.0,0.0,0.0,0.0,16.0,25903.0
2026-07-30T19:03:28.465Z,377.948,377.964,0.0,7.4,0.0,0.0,0.0,0.0,0.0,0.0,0.0,0.0,1.0,0.0,0.0,0.0,9.0,4.0,0.0,0.0,0.0,0.0,0.0,0.0,0.0,0.0,2.0,12.0,1.0,12.18,5.0200000000000005,2.5,1.49,0.0,0.0,0.0,361.3,0.0,-0.8,-0.4,-0.1,-169.70000000000002,0.0,0.0,169.8,0.0,21.4,28.9,28.9,30.9,300.0,300.0,31.700000000000003,35.9,28.8,28.0,29.9,4.95,2.0,4.96,0.16,0.0,0.0,1027.0,8228.0,0.0,0.0,0.0,0.0,0.0,1.0,0.0,0.0,0.0,0.0,0.0,-0.6000000000000001,0.0,0.0,0.0,0.0,16.0,25903.0
2026-07-30T19:03:28.478Z,377.961,377.976,0.0,7.4,0.0,0.0,0.0,0.0,0.0,0.0,0.0,0.0,1.0,0.0,0.0,0.0,9.0,4.0,0.0,0.0,0.0,0.0,0.0,0.0,0.0,0.0,4.0,12.0,1.0,12.18,5.0200000000000005,2.5,1.49,0.0,0.0,0.0,361.4,0.0,-0.2,0.1,-0.1,-169.70000000000002,0.0,0.0,169.8,0.0,21.4,28.9,28.9,30.9,300.0,300.0,31.700000000000003,35.9,28.8,28.0,29.9,4.96,2.0,4.96,0.16,0.0,0.0,1027.0,8228.0,0.0,0.0,0.0,0.0,0.0,1.0,0.0,0.0,0.0,0.0,0.0,0.0,0.0,0.1,0.0,0.0,16.0,25903.0
2026-07-30T19:03:28.490Z,377.973,377.988,0.0,7.4,0.0,0.0,0.0,0.0,0.0,0.0,0.0,0.0,1.0,0.0,0.0,0.0,9.0,4.0,0.0,0.0,0.0,0.0,0.0,0.0,0.0,0.0,5.0,12.0,1.0,12.18,5.0200000000000005,2.5,1.49,0.0,0.0,0.0,361.4,0.0,0.9,-0.5,-0.1,-169.70000000000002,0.0,0.0,169.70000000000002,0.0,21.4,28.9,28.9,30.9,300.0,300.0,31.700000000000003,35.9,28.8,28.0,29.9,4.95,2.0,4.97,0.16,0.0,0.0,1027.0,8228.0,0.0,0.0,0.0,0.0,0.0,1.0,0.0,0.0,0.0,0.0,0.0,-0.7000000000000001,0.0,0.0,0.0,0.0,16.0,25903.0
2026-07-30T19:03:28.502Z,377.985,378.0,0.0,7.4,0.0,0.0,0.0,0.0,0.0,0.0,0.0,0.0,1.0,0.0,0.0,0.0,9.0,4.0,0.0,0.0,0.0,0.0,0.0,0.0,0.0,0.0,1.0,12.0,1.0,12.19,5.01,2.5,1.5,0.0,0.0,0.0,361.4,0.0,-0.2,-1.6,-1.3,-169.70000000000002,0.0,0.0,169.8,0.0,21.3,28.9,28.9,30.9,300.0,300.0,31.700000000000003,35.9,28.9,28.0,29.9,4.96,1.99,4.97,0.16,0.0,0.0,1027.0,8228.0,0.0,0.0,0.0,0.0,0.0,1.0,0.0,0.0,0.0,0.0,0.0,-2.8000000000000003,0.0,0.8,0.0,0.0,16.0,25903.0
2026-07-30T19:03:28.513Z,377.996,378.012,0.0,7.4,0.0,0.0,0.0,0.0,0.0,0.0,0.0,0.0,1.0,0.0,0.0,0.0,9.0,4.0,0.0,0.0,0.0,0.0,0.0,0.0,0.0,0.0,2.0,12.0,1.0,12.19,5.01,2.5,1.5,0.0,0.0,0.0,361.4,0.0,0.3,1.8,1.0,-169.70000000000002,0.0,0.0,169.8,0.0,21.3,28.9,28.9,30.9,300.0,300.0,31.700000000000003,35.9,28.9,28.0,29.9,4.96,1.99,4.97,0.16,0.0,0.0,1027.0,8228.0,0.0,0.0,0.0,0.0,0.0,1.0,0.0,0.0,0.0,0.0,0.0,2.8000000000000003,0.0,-0.5,0.0,0.0,16.0,25903.0
2026-07-30T19:03:28.525Z,378.008,378.024,0.0,7.4,0.0,0.0,0.0,0.0,0.0,0.0,0.0,0.0,1.0,0.0,0.0,0.0,9.0,4.0,0.0,0.0,0.0,0.0,0.0,0.0,0.0,0.0,3.0,12.0,1.0,12.19,5.01,2.5,1.5,0.0,0.0,0.0,361.4,0.0,-0.2,0.6000000000000001,-0.1,-169.70000000000002,0.0,0.0,169.70000000000002,0.0,21.3,28.9,28.9,30.9,300.0,300.0,31.700000000000003,35.9,28.9,28.0,29.9,4.96,2.0,4.97,0.16,0.0,0.0,1027.0,8228.0,0.0,0.0,0.0,0.0,0.0,1.0,0.0,0.0,0.0,0.0,0.0,0.6000000000000001,0.0,0.2,0.0,0.0,16.0,25903.0
2026-07-30T19:03:28.537Z,378.02,378.036,0.0,7.4,0.0,0.0,0.0,0.0,0.0,0.0,0.0,0.0,1.0,0.0,0.0,0.0,9.0,4.0,0.0,0.0,0.0,0.0,0.0,0.0,0.0,0.0,4.0,12.0,1.0,12.19,5.01,2.5,1.5,0.0,0.0,0.0,361.4,0.0,0.3,0.6000000000000001,1.0,-169.70000000000002,0.0,0.0,169.8,0.0,21.3,28.9,28.9,30.9,300.0,300.0,31.700000000000003,35.9,28.9,28.0,29.9,4.95,2.0,4.97,0.16,0.0,0.0,1027.0,8228.0,0.0,0.0,0.0,0.0,0.0,1.0,0.0,0.0,0.0,0.0,0.0,1.5,0.0,-0.7000000000000001,0.0,0.0,16.0,25903.0
2026-07-30T19:03:28.550Z,378.033,378.048,0.0,7.4,0.0,0.0,0.0,0.0,0.0,0.0,0.0,0.0,1.0,0.0,0.0,0.0,9.0,4.0,0.0,0.0,0.0,0.0,0.0,0.0,0.0,0.0,5.0,12.0,1.0,12.19,5.01,2.5,1.5,0.0,0.0,0.0,361.3,0.0,0.3,0.6000000000000001,0.0,-169.70000000000002,0.0,0.0,169.70000000000002,0.0,21.3,28.9,28.9,30.9,300.0,300.0,31.700000000000003,35.9,28.9,28.0,29.9,4.96,2.0,4.96,0.16,0.0,0.0,1027.0,8228.0,0.0,0.0,0.0,0.0,0.0,1.0,0.0,0.0,0.0,0.0,0.0,0.6000000000000001,0.0,0.2,0.0,0.0,16.0,25903.0
2026-07-30T19:03:28.562Z,378.045,378.06,0.0,7.4,0.0,0.0,0.0,0.0,0.0,0.0,0.0,0.0,1.0,0.0,0.0,0.0,9.0,4.0,0.0,0.0,0.0,0.0,0.0,0.0,0.0,0.0,6.0,12.0,1.0,12.19,5.01,2.5,1.5,0.0,0.0,0.0,361.3,0.0,0.9,1.2000000000000002,0.4,-169.70000000000002,0.0,0.0,169.70000000000002,0.0,21.3,28.9,28.9,30.9,300.0,300.0,31.700000000000003,35.9,28.9,28.0,29.9,4.96,2.0,4.97,0.16,0.0,0.0,1027.0,8228.0,0.0,0.0,0.0,0.0,0.0,1.0,0.0,0.0,0.0,0.0,0.0,1.7000000000000002,0.0,-0.1,0.0,0.0,16.0,25903.0
2026-07-30T19:03:28.574Z,378.057,378.072,0.0,7.4,0.0,0.0,0.0,0.0,0.0,0.0,0.0,0.0,1.0,0.0,0.0,0.0,9.0,4.0,0.0,0.0,0.0,0.0,0.0,0.0,0.0,0.0,2.0,12.0,1.0,12.19,5.01,2.5,1.5,0.0,0.0,0.0,361.4,0.0,-0.2,1.2000000000000002,0.4,-169.70000000000002,0.0,0.0,169.60000000000002,0.0,21.3,28.9,28.9,30.9,300.0,300.0,31.700000000000003,35.9,28.9,28.0,29.9,4.95,1.99,4.97,0.16,0.0,0.0,1027.0,8228.0,0.0,0.0,0.0,0.0,0.0,1.0,0.0,0.0,0.0,0.0,0.0,1.7000000000000002,0.0,-0.1,0.0,0.0,16.0,25903.0
2026-07-30T19:03:28.586Z,378.069,378.084,0.0,7.4,0.0,0.0,0.0,0.0,0.0,0.0,0.0,0.0,1.0,0.0,0.0,0.0,9.0,4.0,0.0,0.0,0.0,0.0,0.0,0.0,0.0,0.0,3.0,12.0,1.0,12.19,5.01,2.5,1.5,0.0,0.0,0.0,361.4,0.0,0.3,-0.5,0.4,-169.70000000000002,0.0,0.0,169.8,0.0,21.3,28.9,28.9,30.9,300.0,300.0,31.700000000000003,35.9,28.9,28.0,29.9,4.96,1.99,4.97,0.16,0.0,0.0,1027.0,8228.0,0.0,0.0,0.0,0.0,0.0,1.0,0.0,0.0,0.0,0.0,0.0,-0.2,0.0,-0.5,0.0,0.0,16.0,25903.0
2026-07-30T19:03:28.599Z,378.082,378.096,0.0,7.4,0.0,0.0,0.0,0.0,0.0,0.0,0.0,0.0,1.0,0.0,0.0,0.0,9.0,4.0,0.0,0.0,0.0,0.0,0.0,0.0,0.0,0.0,5.0,12.0,1.0,12.15,5.01,2.51,1.49,0.0,0.0,0.0,361.3,0.0,-0.2,-0.5,-0.1,-169.70000000000002,0.0,0.0,169.8,0.0,21.4,28.9,28.9,30.9,300.0,300.0,31.6,35.9,28.9,28.0,29.9,4.96,1.99,4.96,0.16,0.0,0.0,1027.0,8228.0,0.0,0.0,0.0,0.0,0.0,1.0,0.0,0.0,0.0,0.0,0.0,-0.6000000000000001,0.0,0.0,0.0,0.0,16.0,25903.0
2026-07-30T19:03:28.609Z,378.092,378.108,0.0,7.4,0.0,0.0,0.0,0.0,0.0,0.0,0.0,0.0,1.0,0.0,0.0,0.0,9.0,4.0,0.0,0.0,0.0,0.0,0.0,0.0,0.0,0.0,6.0,12.0,1.0,12.15,5.01,2.51,1.49,0.0,0.0,0.0,361.4,0.0,0.3,-0.5,-1.3,-169.70000000000002,0.0,0.0,169.70000000000002,0.0,21.4,28.9,28.9,30.9,300.0,300.0,31.6,35.9,28.9,28.0,29.9,4.96,1.99,4.97,0.16,0.0,0.0,1027.0,8228.0,0.0,0.0,0.0,0.0,0.0,1.0,0.0,0.0,0.0,0.0,0.0,-1.5,0.0,1.0,0.0,0.0,16.0,25903.0
2026-07-30T19:03:28.621Z,378.104,378.12,0.0,7.4,0.0,0.0,0.0,0.0,0.0,0.0,0.0,0.0,1.0,0.0,0.0,0.0,9.0,4.0,0.0,0.0,0.0,0.0,0.0,0.0,0.0,0.0,1.0,12.0,1.0,12.15,5.01,2.51,1.49,0.0,0.0,0.0,361.3,0.0,0.4,1.2000000000000002,-0.7000000000000001,-169.70000000000002,0.0,0.0,169.60000000000002,0.0,21.4,28.9,28.9,30.9,300.0,300.0,31.6,35.9,28.9,28.0,29.9,4.96,1.99,4.97,0.16,0.0,0.0,1027.0,8228.0,0.0,0.0,0.0,0.0,0.0,1.0,0.0,0.0,0.0,0.0,0.0,0.8,0.0,0.9,0.0,0.0,16.0,25903.0
2026-07-30T19:03:28.633Z,378.116,378.132,0.0,7.4,0.0,0.0,0.0,0.0,0.0,0.0,0.0,0.0,1.0,0.0,0.0,0.0,9.0,4.0,0.0,0.0,0.0,0.0,0.0,0.0,0.0,0.0,2.0,12.0,1.0,12.15,5.01,2.51,1.49,0.0,0.0,0.0,361.4,0.0,0.4,0.6000000000000001,0.4,-169.70000000000002,0.0,0.0,169.60000000000002,0.0,21.4,28.9,28.9,30.9,300.0,300.0,31.6,35.9,28.9,28.0,29.9,4.96,1.99,4.96,0.16,0.0,0.0,1027.0,8228.0,0.0,0.0,0.0,0.0,0.0,1.0,0.0,0.0,0.0,0.0,0.0,1.0,0.0,-0.2,0.0,0.0,16.0,25903.0
2026-07-30T19:03:28.646Z,378.129,378.144,0.0,7.4,0.0,0.0,0.0,0.0,0.0,0.0,0.0,0.0,1.0,0.0,0.0,0.0,9.0,4.0,0.0,0.0,0.0,0.0,0.0,0.0,0.0,0.0,3.0,12.0,1.0,12.15,5.01,2.51,1.49,0.0,0.0,0.0,361.4,0.0,0.4,-0.4,-0.1,-169.70000000000002,0.0,0.0,169.8,0.0,21.4,28.9,28.9,30.9,300.0,300.0,31.6,35.9,28.9,28.0,29.9,4.95,1.99,4.97,0.16,0.0,0.0,1027.0,8228.0,0.0,0.0,0.0,0.0,0.0,1.0,0.0,0.0,0.0,0.0,0.0,-0.6000000000000001,0.0,0.0,0.0,0.0,16.0,25903.0
2026-07-30T19:03:28.657Z,378.14,378.156,0.0,7.4,0.0,0.0,0.0,0.0,0.0,0.0,0.0,0.0,1.0,0.0,0.0,0.0,9.0,4.0,0.0,0.0,0.0,0.0,0.0,0.0,0.0,0.0,4.0,12.0,1.0,12.15,5.01,2.51,1.49,0.0,0.0,0.0,361.4,0.0,-0.1,-0.5,-0.2,-169.70000000000002,0.0,0.0,169.8,0.0,21.4,28.9,28.9,30.9,300.0,300.0,31.6,35.9,28.9,28.0,29.9,4.95,1.99,4.96,0.16,0.0,0.0,1027.0,8228.0,0.0,0.0,0.0,0.0,0.0,1.0,0.0,0.0,0.0,0.0,0.0,-0.7000000000000001,0.0,0.0,0.0,0.0,16.0,25903.0
2026-07-30T19:03:28.669Z,378.152,378.168,0.0,7.4,0.0,0.0,0.0,0.0,0.0,0.0,0.0,0.0,1.0,0.0,0.0,0.0,9.0,4.0,0.0,0.0,0.0,0.0,0.0,0.0,0.0,0.0,5.0,12.0,1.0,12.15,5.01,2.51,1.49,0.0,0.0,0.0,361.3,0.0,-0.1,0.0,-0.8,-169.70000000000002,0.0,0.0,169.8,0.0,21.4,28.9,28.9,30.9,300.0,300.0,31.6,35.9,28.9,28.0,29.9,4.96,1.99,4.96,0.16,0.0,0.0,1027.0,8228.0,0.0,0.0,0.0,0.0,0.0,1.0,0.0,0.0,0.0,0.0,0.0,-0.5,0.0,0.7000000000000001,0.0,0.0,16.0,25903.0
2026-07-30T19:03:28.682Z,378.165,378.18,0.0,7.4,0.0,0.0,0.0,0.0,0.0,0.0,0.0,0.0,1.0,0.0,0.0,0.0,9.0,4.0,0.0,0.0,0.0,0.0,0.0,0.0,0.0,0.0,6.0,12.0,1.0,12.15,5.01,2.51,1.49,0.0,0.0,0.0,361.4,0.0,0.4,0.1,0.3,-169.70000000000002,0.0,0.0,169.8,0.0,21.4,28.9,28.9,30.9,300.0,300.0,31.6,35.9,28.9,28.0,29.9,4.96,1.99,4.96,0.16,0.0,0.0,1027.0,8228.0,0.0,0.0,0.0,0.0,0.0,1.0,0.0,0.0,0.0,0.0,0.0,0.3,0.0,-0.2,0.0,0.0,16.0,25903.0
2026-07-30T19:03:28.694Z,378.177,378.192,0.0,7.4,0.0,0.0,0.0,0.0,0.0,0.0,0.0,0.0,1.0,0.0,0.0,0.0,9.0,4.0,0.0,0.0,0.0,0.0,0.0,0.0,0.0,0.0,1.0,12.0,1.0,12.15,5.01,2.51,1.49,0.0,0.0,0.0,361.4,0.0,-0.1,-0.4,-0.2,-169.70000000000002,0.0,0.0,169.8,0.0,21.4,28.9,28.9,30.9,300.0,300.0,31.6,35.9,28.9,28.0,29.9,4.96,1.99,4.97,0.16,0.0,0.0,1027.0,8228.0,0.0,0.0,0.0,0.0,0.0,1.0,0.0,0.0,0.0,0.0,0.0,-2.0,0.0,1.6,0.0,0.0,16.0,25903.0
2026-07-30T19:03:28.706Z,378.189,378.204,0.0,7.4,0.0,0.0,0.0,0.0,0.0,0.0,0.0,0.0,1.0,0.0,0.0,0.0,9.0,4.0,0.0,0.0,0.0,0.0,0.0,0.0,0.0,0.0,2.0,12.0,1.0,12.18,5.0200000000000005,2.51,1.49,0.0,0.0,0.0,361.3,0.0,0.4,1.2000000000000002,-0.8,-169.70000000000002,0.0,0.0,169.70000000000002,0.0,21.3,28.9,28.9,30.9,300.0,300.0,31.6,35.9,28.8,28.0,29.9,4.96,1.99,4.96,0.16,0.0,0.0,1027.0,8228.0,0.0,0.0,0.0,0.0,0.0,1.0,0.0,0.0,0.0,0.0,0.0,0.7000000000000001,0.0,1.0,0.0,0.0,16.0,25903.0
2026-07-30T19:03:28.718Z,378.201,378.216,0.0,7.4,0.0,0.0,0.0,0.0,0.0,0.0,0.0,0.0,1.0,0.0,0.0,0.0,9.0,4.0,0.0,0.0,0.0,0.0,0.0,0.0,0.0,0.0,4.0,12.0,1.0,12.18,5.0200000000000005,2.51,1.49,0.0,0.0,0.0,361.3,0.0,0.4,0.0,-0.8,-169.70000000000002,0.0,0.0,169.60000000000002,0.0,21.3,28.9,28.9,30.9,300.0,300.0,31.6,35.9,28.8,28.0,29.9,4.96,2.0,4.96,0.16,0.0,0.0,1027.0,8228.0,0.0,0.0,0.0,0.0,0.0,1.0,0.0,0.0,0.0,0.0,0.0,-0.5,0.0,0.7000000000000001,0.0,0.0,16.0,25903.0
2026-07-30T19:03:28.729Z,378.212,378.228,0.0,7.4,0.0,0.0,0.0,0.0,0.0,0.0,0.0,0.0,1.0,0.0,0.0,0.0,9.0,4.0,0.0,0.0,0.0,0.0,0.0,0.0,0.0,0.0,5.0,12.0,1.0,12.18,5.0200000000000005,2.51,1.49,0.0,0.0,0.0,361.3,0.0,0.4,0.6000000000000001,1.4,-169.70000000000002,0.0,0.0,169.70000000000002,0.0,21.3,28.9,28.9,30.9,300.0,300.0,31.6,35.9,28.8,28.0,29.9,4.95,2.0,4.97,0.16,0.0,0.0,1027.0,8228.0,0.0,0.0,0.0,0.0,0.0,1.0,0.0,0.0,0.0,0.0,0.0,-0.8,0.0,0.1,0.0,0.0,16.0,25903.0
2026-07-30T19:03:28.741Z,378.224,378.24,0.0,7.4,0.0,0.0,0.0,0.0,0.0,0.0,0.0,0.0,1.0,0.0,0.0,0.0,9.0,4.0,0.0,0.0,0.0,0.0,0.0,0.0,0.0,0.0,6.0,12.0,1.0,12.18,5.0200000000000005,2.51,1.49,0.0,0.0,0.0,361.3,0.0,0.0,-1.0,0.8,-169.70000000000002,0.0,0.0,169.70000000000002,0.0,21.3,28.9,28.9,30.9,300.0,300.0,31.6,35.9,28.8,28.0,29.9,4.96,1.99,4.97,0.16,0.0,0.0,1027.0,8228.0,0.0,0.0,0.0,0.0,0.0,1.0,0.0,0.0,0.0,0.0,0.0,-1.4,0.0,0.0,0.0,0.0,16.0,25903.0
2026-07-30T19:03:28.754Z,378.237,378.252,0.0,7.4,0.0,0.0,0.0,0.0,0.0,0.0,0.0,0.0,1.0,0.0,0.0,0.0,9.0,4.0,0.0,0.0,0.0,0.0,0.0,0.0,0.0,0.0,1.0,12.0,1.0,12.18,5.0200000000000005,2.51,1.49,0.0,0.0,0.0,361.4,0.0,-0.1,0.6000000000000001,0.8,-169.70000000000002,0.0,0.0,169.60000000000002,0.0,21.3,28.9,28.9,30.9,300.0,300.0,31.6,35.9,28.8,28.0,29.9,4.96,2.0,4.96,0.16,0.0,0.0,1027.0,8228.0,0.0,0.0,0.0,0.0,0.0,1.0,0.0,0.0,0.0,0.0,0.0,1.0,0.0,-0.1,0.0,0.0,16.0,25903.0
2026-07-30T19:03:28.766Z,378.249,378.264,0.0,7.4,0.0,0.0,0.0,0.0,0.0,0.0,0.0,0.0,1.0,0.0,0.0,0.0,9.0,4.0,0.0,0.0,0.0,0.0,0.0,0.0,0.0,0.0,2.0,12.0,1.0,12.18,5.0200000000000005,2.51,1.49,0.0,0.0,0.0,361.3,0.0,0.4,1.2000000000000002,-0.2,-169.70000000000002,0.0,0.0,169.70000000000002,0.0,21.3,28.9,28.9,30.9,300.0,300.0,31.6,35.9,28.8,28.0,29.9,4.96,1.99,4.96,0.16,0.0,0.0,1027.0,8228.0,0.0,0.0,0.0,0.0,0.0,1.0,0.0,0.0,0.0,0.0,0.0,1.2000000000000002,0.0,0.4,0.0,0.0,16.0,25903.0
2026-07-30T19:03:28.778Z,378.261,378.276,0.0,7.4,0.0,0.0,0.0,0.0,0.0,0.0,0.0,0.0,1.0,0.0,0.0,0.0,9.0,4.0,0.0,0.0,0.0,0.0,0.0,0.0,0.0,0.0,3.0,12.0,1.0,12.18,5.0200000000000005,2.51,1.49,0.0,0.1,0.0,361.3,0.0,0.4,-0.4,-0.2,-169.70000000000002,0.0,0.0,169.8,0.0,21.3,28.9,28.9,30.9,300.0,300.0,31.6,35.9,28.8,28.0,29.9,4.96,1.99,4.97,0.16,0.0,0.0,1027.0,8228.0,0.0,0.0,0.0,0.0,0.0,1.0,0.0,0.0,0.0,0.0,0.0,-0.7000000000000001,0.0,0.1,0.0,0.0,16.0,25903.0
2026-07-30T19:03:28.790Z,378.273,378.288,0.0,7.4,0.0,0.0,0.0,0.0,0.0,0.0,0.0,0.0,1.0,0.0,0.0,0.0,9.0,4.0,0.0,0.0,0.0,0.0,0.0,0.0,0.0,0.0,4.0,12.0,1.0,12.18,5.0200000000000005,2.51,1.49,0.0,0.0,0.0,361.4,0.0,0.0,-0.4,-0.8,-169.70000000000002,0.0,0.0,169.8,0.0,21.3,28.9,28.9,30.9,300.0,300.0,31.6,35.9,28.8,28.0,29.9,4.95,1.99,4.96,0.16,0.0,0.0,1027.0,8228.0,0.0,0.0,0.0,0.0,0.0,1.0,0.0,0.0,0.0,0.0,0.0,-1.1,0.0,0.6000000000000001,0.0,0.0,16.0,25903.0
2026-07-30T19:03:28.803Z,378.286,378.3,0.0,7.4,0.0,0.0,0.0,0.0,0.0,0.0,0.0,0.0,1.0,0.0,0.0,0.0,9.0,4.0,0.0,0.0,0.0,0.0,0.0,0.0,0.0,0.0,6.0,12.0,1.0,12.19,5.0200000000000005,2.5,1.5,0.0,0.0,0.0,361.4,0.0,0.0,0.1,-0.8,-169.70000000000002,0.0,0.0,169.8,0.0,21.8,28.9,28.9,30.9,300.0,300.0,31.6,35.9,28.9,28.0,29.9,4.95,2.0,4.97,0.16,0.0,0.0,1027.0,8228.0,0.0,0.0,0.0,0.0,0.0,1.0,0.0,0.0,0.0,0.0,0.0,-0.4,0.0,0.7000000000000001,0.0,0.0,16.0,25903.0
2026-07-30T19:03:28.814Z,378.297,378.312,0.0,7.4,0.0,0.0,0.0,0.0,0.0,0.0,0.0,0.0,1.0,0.0,0.0,0.0,9.0,4.0,0.0,0.0,0.0,0.0,0.0,0.0,0.0,0.0,1.0,12.0,1.0,12.19,5.0200000000000005,2.5,1.5,0.0,0.0,0.0,361.4,0.0,0.0,0.7000000000000001,-0.8,-169.70000000000002,0.0,0.0,169.70000000000002,0.0,21.8,28.9,28.9,30.9,300.0,300.0,31.6,35.9,28.9,28.0,29.9,4.95,1.99,4.97,0.16,0.0,0.0,1027.0,8228.0,0.0,0.0,0.0,0.0,0.0,1.0,0.0,0.0,0.0,0.0,0.0,0.1,0.0,0.8,0.0,0.0,16.0,25903.0
2026-07-30T19:03:28.826Z,378.309,378.324,0.0,7.4,0.0,0.0,0.0,0.0,0.0,0.0,0.0,0.0,1.0,0.0,0.0,0.0,9.0,4.0,0.0,0.0,0.0,0.0,0.0,0.0,0.0,0.0,3.0,12.0,1.0,12.19,5.0200000000000005,2.5,1.5,0.0,0.0,0.0,361.3,0.0,-0.1,0.6000000000000001,0.3,-169.70000000000002,0.0,0.0,169.70000000000002,0.0,21.8,28.9,28.9,30.9,300.0,300.0,31.6,35.9,28.9,28.0,29.9,4.96,1.99,4.96,0.16,0.0,0.0,1027.0,8228.0,0.0,0.0,0.0,0.0,0.0,1.0,0.0,0.0,0.0,0.0,0.0,1.0,0.0,-0.1,0.0,0.0,16.0,25903.0
2026-07-30T19:03:28.837Z,378.32,378.336,0.0,7.4,0.0,0.0,0.0,0.0,0.0,0.0,0.0,0.0,1.0,0.0,0.0,0.0,9.0,4.0,0.0,0.0,0.0,0.0,0.0,0.0,0.0,0.0,4.0,12.0,1.0,12.19,5.0200000000000005,2.5,1.5,0.0,0.0,0.0,361.4,0.0,0.3,-0.4,-0.2,-169.70000000000002,0.0,0.0,169.70000000000002,0.0,21.8,28.9,28.9,30.9,300.0,300.0,31.6,35.9,28.9,28.0,29.9,4.96,1.99,4.96,0.16,0.0,0.0,1027.0,8228.0,0.0,0.0,0.0,0.0,0.0,1.0,0.0,0.0,0.0,0.0,0.0,-0.7000000000000001,0.0,0.1,0.0,0.0,16.0,25903.0
2026-07-30T19:03:28.849Z,378.332,378.348,0.0,7.4,0.0,0.0,0.0,0.0,0.0,0.0,0.0,0.0,1.0,0.0,0.0,0.0,9.0,4.0,0.0,0.0,0.0,0.0,0.0,0.0,0.0,0.0,5.0,12.0,1.0,12.19,5.0200000000000005,2.5,1.5,0.0,0.0,0.0,361.4,0.0,0.4,1.9,0.9,-169.70000000000002,0.0,0.0,169.70000000000002,0.0,21.8,28.9,28.9,30.9,300.0,300.0,31.6,35.9,28.9,28.0,29.9,4.96,1.99,4.97,0.16,0.0,0.0,1027.0,8228.0,0.0,0.0,0.0,0.0,0.0,1.0,0.0,0.0,0.0,0.0,0.0,2.8000000000000003,0.0,-0.4,0.0,0.0,16.0,25903.0
2026-07-30T19:03:28.862Z,378.345,378.36,0.0,7.4,0.0,0.0,0.0,0.0,0.0,0.0,0.0,0.0,1.0,0.0,0.0,0.0,9.0,4.0,0.0,0.0,0.0,0.0,0.0,0.0,0.0,0.0,1.0,12.0,1.0,12.19,5.0200000000000005,2.5,1.5,0.0,0.0,0.0,361.3,0.0,-0.7000000000000001,0.6000000000000001,-0.2,-169.70000000000002,0.0,0.0,169.8,0.0,21.8,28.9,28.9,30.9,300.0,300.0,31.6,35.9,28.9,28.0,29.9,4.96,1.99,4.97,0.16,0.0,0.0,1027.0,8228.0,0.0,0.0,0.0,0.0,0.0,1.0,0.0,0.0,0.0,0.0,0.0,0.6000000000000001,0.0,0.3,0.0,0.0,16.0,25903.0
2026-07-30T19:03:28.873Z,378.356,378.372,0.0,7.4,0.0,0.0,0.0,0.0,0.0,0.0,0.0,0.0,1.0,0.0,0.0,0.0,9.0,4.0,0.0,0.0,0.0,0.0,0.0,0.0,0.0,0.0,2.0,12.0,1.0,12.19,5.0200000000000005,2.5,1.5,0.0,0.0,0.0,361.3,0.0,1.0,0.6000000000000001,0.8,-169.70000000000002,0.0,0.0,169.8,0.0,21.8,28.9,28.9,30.9,300.0,300.0,31.6,35.9,28.9,28.0,29.9,4.96,1.99,4.97,0.16,0.0,0.0,1027.0,8228.0,0.0,0.0,0.0,0.0,0.0,1.0,0.0,0.0,0.0,0.0,0.0,1.3,0.0,-0.6000000000000001,0.0,0.0,16.0,25903.0
2026-07-30T19:03:28.886Z,378.369,378.384,0.0,7.4,0.0,0.0,0.0,0.0,0.0,0.0,0.0,0.0,1.0,0.0,0.0,0.0,9.0,4.0,0.0,0.0,0.0,0.0,0.0,0.0,0.0,0.0,3.0,12.0,1.0,12.19,5.0200000000000005,2.5,1.5,0.0,0.1,0.0,361.4,0.0,-0.1,0.0,-0.3,-169.70000000000002,0.0,0.0,169.8,0.0,21.8,28.9,28.9,30.9,300.0,300.0,31.6,35.9,28.9,28.0,29.9,4.95,1.99,4.97,0.16,0.0,0.0,1027.0,8228.0,0.0,0.0,0.0,0.0,0.0,1.0,0.0,0.0,0.0,0.0,0.0,-0.2,0.0,0.3,0.0,0.0,16.0,25903.0
2026-07-30T19:03:28.898Z,378.381,378.396,0.0,7.4,0.0,0.0,0.0,0.0,0.0,0.0,0.0,0.0,1.0,0.0,0.0,0.0,9.0,4.0,0.0,0.0,0.0,0.0,0.0,0.0,0.0,0.0,5.0,12.0,1.0,12.19,5.0200000000000005,2.5,1.5,0.0,0.0,0.0,361.4,0.0,0.4,0.0,-0.3,-169.70000000000002,0.0,0.0,169.70000000000002,0.0,21.8,28.9,28.9,30.9,300.0,300.0,31.6,35.9,28.9,28.0,29.9,4.95,1.99,4.97,0.16,0.0,0.0,1027.0,8228.0,0.0,0.0,0.0,0.0,0.0,1.0,0.0,0.0,0.0,0.0,0.0,-0.2,0.0,0.2,0.0,0.0,16.0,25903.0
2026-07-30T19:03:28.909Z,378.392,378.408,0.0,7.4,0.0,0.0,0.0,0.0,0.0,0.0,0.0,0.0,1.0,0.0,0.0,0.0,9.0,4.0,0.0,0.0,0.0,0.0,0.0,0.0,0.0,0.0,6.0,12.0,1.0,12.17,5.01,2.5,1.49,0.0,0.0,0.0,361.4,0.0,-0.1,0.0,-0.3,-169.70000000000002,0.0,0.0,169.70000000000002,0.0,21.4,28.9,28.9,30.9,300.0,300.0,31.6,35.9,28.9,28.0,29.9,4.96,1.99,4.97,0.16,0.0,0.0,1027.0,8228.0,0.0,0.0,0.0,0.0,0.0,1.0,0.0,0.0,0.0,0.0,0.0,-0.2,0.0,0.3,0.0,0.0,16.0,25903.0
2026-07-30T19:03:28.921Z,378.404,378.42,0.0,7.4,0.0,0.0,0.0,0.0,0.0,0.0,0.0,0.0,1.0,0.0,0.0,0.0,9.0,4.0,0.0,0.0,0.0,0.0,0.0,0.0,0.0,0.0,1.0,12.0,1.0,12.17,5.01,2.5,1.49,0.0,0.0,0.0,361.4,0.0,-0.1,0.5,0.2,-169.70000000000002,0.0,0.0,169.60000000000002,0.0,21.4,28.9,28.9,30.9,300.0,300.0,31.6,35.9,28.9,28.0,29.9,4.96,1.99,4.96,0.16,0.0,0.0,1027.0,8228.0,0.0,0.0,0.0,0.0,0.0,1.0,0.0,0.0,0.0,0.0,0.0,0.8,0.0,-0.1,0.0,0.0,16.0,25903.0
2026-07-30T19:03:28.933Z,378.416,378.432,0.0,7.4,0.0,0.0,0.0,0.0,0.0,0.0,0.0,0.0,1.0,0.0,0.0,0.0,9.0,4.0,0.0,0.0,0.0,0.0,0.0,0.0,0.0,0.0,2.0,12.0,1.0,12.17,5.01,2.5,1.49,0.0,0.0,0.0,361.4,0.0,0.9,0.5,-0.8,-169.70000000000002,0.0,0.0,169.70000000000002,0.0,21.4,28.9,28.9,30.9,300.0,300.0,31.6,35.9,28.9,28.0,29.9,4.96,1.99,4.97,0.16,0.0,0.0,1027.0,8228.0,0.0,0.0,0.0,0.0,0.0,1.0,0.0,0.0,0.0,0.0,0.0,0.0,0.0,0.9,0.0,0.0,16.0,25903.0
2026-07-30T19:03:28.946Z,378.429,378.444,0.0,7.4,0.0,0.0,0.0,0.0,0.0,0.0,0.0,0.0,1.0,0.0,0.0,0.0,9.0,4.0,0.0,0.0,0.0,0.0,0.0,0.0,0.0,0.0,3.0,12.0,1.0,12.17,5.01,2.5,1.49,0.0,0.0,0.0,361.4,0.0,0.3,0.0,-0.3,-169.70000000000002,0.0,0.0,169.70000000000002,0.0,21.4,28.9,28.9,30.9,300.0,300.0,31.6,35.9,28.9,28.0,29.9,4.96,2.0,4.96,0.16,0.0,0.0,1027.0,8228.0,0.0,0.0,0.0,0.0,0.0,1.0,0.0,0.0,0.0,0.0,0.0,-0.2,0.0,0.2,0.0,0.0,16.0,25903.0
2026-07-30T19:03:28.957Z,378.44,378.456,0.0,7.4,0.0,0.0,0.0,0.0,0.0,0.0,0.0,0.0,1.0,0.0,0.0,0.0,9.0,4.0,0.0,0.0,0.0,0.0,0.0,0.0,0.0,0.0,5.0,12.0,1.0,12.17,5.01,2.5,1.49,0.0,0.1,0.0,361.3,0.0,-0.8,1.1,-0.2,-169.70000000000002,0.0,0.0,169.8,0.0,21.4,28.9,28.9,30.9,300.0,300.0,31.6,35.9,28.9,28.0,29.9,4.96,2.0,4.96,0.16,0.0,0.0,1027.0,8228.0,0.0,0.0,0.0,0.0,0.0,1.0,0.0,0.0,0.0,0.0,0.0,1.1,0.0,0.4,0.0,0.0,16.0,25903.0
2026-07-30T19:03:28.969Z,378.452,378.468,0.0,7.4,0.0,0.0,0.0,0.0,0.0,0.0,0.0,0.0,1.0,0.0,0.0,0.0,9.0,4.0,0.0,0.0,0.0,0.0,0.0,0.0,0.0,0.0,6.0,12.0,1.0,12.17,5.01,2.5,1.49,0.0,0.0,0.0,361.3,0.0,0.9,0.0,1.4,-169.70000000000002,0.0,0.0,169.8,0.0,21.4,28.9,28.9,30.9,300.0,300.0,31.6,35.9,28.9,28.0,29.9,4.95,2.0,4.97,0.16,0.0,0.0,1027.0,8228.0,0.0,0.0,0.0,0.0,0.0,1.0,0.0,0.0,0.0,0.0,0.0,1.0,0.0,-1.2000000000000002,0.0,0.0,16.0,25903.0
2026-07-30T19:03:28.982Z,378.465,378.48,0.1,7.4,0.0,0.0,0.0,0.0,0.0,0.0,0.0,0.0,1.0,0.0,0.0,0.0,9.0,4.0,0.0,0.0,0.0,0.0,0.0,0.0,0.0,0.0,1.0,12.0,1.0,12.17,5.01,2.5,1.49,0.0,0.0,0.0,361.3,0.0,0.3,-0.6000000000000001,-0.3,-169.70000000000002,0.0,0.0,169.70000000000002,0.0,21.4,28.9,28.9,30.9,300.0,300.0,31.6,35.9,28.9,28.0,29.9,4.95,1.99,4.97,0.16,0.0,0.0,1027.0,8228.0,0.0,0.0,0.0,0.0,0.0,1.0,0.0,0.0,0.0,0.0,0.0,-0.9,0.0,0.1,0.0,0.0,16.0,25903.0
2026-07-30T19:03:28.994Z,378.477,378.492,0.0,7.4,0.0,0.0,0.0,0.0,0.0,0.0,0.0,0.0,1.0,0.0,0.0,0.0,9.0,4.0,0.0,0.0,0.0,0.0,0.0,0.0,0.0,0.0,2.0,12.0,1.0,12.17,5.01,2.5,1.49,0.0,0.0,0.0,361.4,0.0,0.3,1.1,-0.9,-169.70000000000002,0.0,0.0,169.70000000000002,0.0,21.4,28.9,28.9,30.9,300.0,300.0,31.6,35.9,28.9,28.0,29.9,4.95,1.99,4.96,0.16,0.0,0.0,1027.0,8228.0,0.0,0.0,0.0,0.0,0.0,1.0,0.0,0.0,0.0,0.0,0.0,0.6000000000000001,0.0,1.0,0.0,0.0,16.0,25903.0
2026-07-30T19:03:29.007Z,378.49,378.504,0.0,7.4,0.0,0.0,0.0,0.0,0.0,0.0,0.0,0.0,1.0,0.0,0.0,0.0,9.0,4.0,0.0,0.0,0.0,0.0,0.0,0.0,0.0,0.0,3.0,12.0,1.0,12.17,5.01,2.51,1.49,0.0,0.0,0.0,361.3,0.0,-0.2,1.1,0.8,-169.70000000000002,0.0,0.0,169.60000000000002,0.0,21.200000000000003,28.9,28.9,30.9,300.0,300.0,31.6,35.9,28.8,28.1,29.9,4.96,1.99,4.96,0.16,0.0,0.0,1027.0,8228.0,0.0,0.0,0.0,0.0,0.0,1.0,0.0,0.0,0.0,0.0,0.0,2.0,0.0,-0.5,0.0,0.0,16.0,25903.0
2026-07-30T19:03:29.018Z,378.501,378.516,0.0,7.4,0.0,0.0,0.0,0.0,0.0,0.0,0.0,0.0,1.0,0.0,0.0,0.0,9.0,4.0,0.0,0.0,0.0,0.0,0.0,0.0,0.0,0.0,4.0,12.0,1.0,12.17,5.01,2.51,1.49,0.0,0.0,0.0,361.3,0.0,-0.2,-0.6000000000000001,-0.3,-169.70000000000002,0.0,0.0,169.8,0.0,21.200000000000003,28.9,28.9,30.9,300.0,300.0,31.6,35.9,28.8,28.1,29.9,4.96,1.99,4.97,0.16,0.0,0.0,1027.0,8228.0,0.0,0.0,0.0,0.0,0.0,1.0,0.0,0.0,0.0,0.0,0.0,-0.9,0.0,0.1,0.0,0.0,16.0,25903.0
2026-07-30T19:03:29.030Z,378.513,378.528,0.0,7.4,0.0,0.0,0.0,0.0,0.0,0.0,0.0,0.0,1.0,0.0,0.0,0.0,9.0,4.0,0.0,0.0,0.0,0.0,0.0,0.0,0.0,0.0,5.0,12.0,1.0,12.17,5.01,2.51,1.49,0.0,0.0,0.0,361.4,0.0,-0.2,-1.1,0.2,-169.70000000000002,0.0,0.0,169.70000000000002,0.0,21.200000000000003,28.9,28.9,30.9,300.0,300.0,31.6,35.9,28.8,28.1,29.9,4.96,1.99,4.96,0.16,0.0,0.0,1027.0,8228.0,0.0,0.0,0.0,0.0,0.0,1.0,0.0,0.0,0.0,0.0,0.0,-1.1,0.0,-0.4,0.0,0.0,16.0,25903.0
2026-07-30T19:03:29.042Z,378.525,378.54,0.0,7.4,0.0,0.0,0.0,0.0,0.0,0.0,0.0,0.0,1.0,0.0,0.0,0.0,9.0,4.0,0.0,0.0,0.0,0.0,0.0,0.0,0.0,0.0,6.0,12.0,1.0,12.17,5.01,2.51,1.49,0.0,0.0,0.0,361.4,0.0,-0.7000000000000001,-0.5,-0.9,-169.70000000000002,0.0,0.0,169.70000000000002,0.0,21.200000000000003,28.9,28.9,30.9,300.0,300.0,31.6,35.9,28.8,28.1,29.9,4.96,1.99,4.97,0.16,0.0,0.0,1027.0,8228.0,0.0,0.0,0.0,0.0,0.0,1.0,0.0,0.0,0.0,0.0,0.0,-1.3,0.0,0.6000000000000001,0.0,0.0,16.0,25903.0
2026-07-30T19:03:29.054Z,378.537,378.552,0.0,7.4,0.0,0.0,0.0,0.0,0.0,0.0,0.0,0.0,1.0,0.0,0.0,0.0,9.0,4.0,0.0,0.0,0.0,0.0,0.0,0.0,0.0,0.0,1.0,12.0,1.0,12.17,5.01,2.51,1.49,0.0,0.0,0.0,361.3,0.0,0.3,0.0,0.2,-169.70000000000002,0.0,0.0,169.70000000000002,0.0,21.200000000000003,28.9,28.9,30.9,300.0,300.0,31.6,35.9,28.8,28.1,29.9,4.95,1.99,4.97,0.16,0.0,0.0,1027.0,8228.0,0.0,0.0,0.0,0.0,0.0,1.0,0.0,0.0,0.0,0.0,0.0,0.3,0.0,-0.2,0.0,0.0,16.0,25903.0
2026-07-30T19:03:29.066Z,378.549,378.564,0.0,7.4,0.0,0.0,0.0,0.0,0.0,0.0,0.0,0.0,1.0,0.0,0.0,0.0,9.0,4.0,0.0,0.0,0.0,0.0,0.0,0.0,0.0,0.0,3.0,12.0,1.0,12.17,5.01,2.51,1.49,0.0,0.0,0.0,361.3,0.0,0.3,0.6000000000000001,2.0,-169.70000000000002,0.0,0.0,169.60000000000002,0.0,21.200000000000003,28.9,28.9,30.9,300.0,300.0,31.6,35.9,28.8,28.1,29.9,4.96,1.99,4.96,0.16,0.0,0.0,1027.0,8228.0,0.0,0.0,0.0,0.0,0.0,1.0,0.0,0.0,0.0,0.0,0.0,2.3000000000000003,0.0,-1.6,0.0,0.0,16.0,25903.0
2026-07-30T19:03:29.078Z,378.561,378.576,0.0,7.4,0.0,0.0,0.0,0.0,0.0,0.0,0.0,0.0,1.0,0.0,0.0,0.0,9.0,4.0,0.0,0.0,0.0,0.0,0.0,0.0,0.0,0.0,3.0,12.0,1.0,12.17,5.01,2.51,1.49,0.0,0.0,0.0,361.4,0.0,0.3,-1.6,-1.9,-169.70000000000002,0.0,0.0,169.60000000000002,0.0,21.200000000000003,28.9,28.9,30.9,300.0,300.0,31.6,35.9,28.8,28.1,29.9,4.96,1.99,4.97,0.16,0.0,0.0,1027.0,8228.0,0.0,0.0,0.0,0.0,0.0,1.0,0.0,0.0,0.0,0.0,0.0,-3.3000000000000003,0.0,1.4,0.0,0.0,16.0,25903.0
2026-07-30T19:03:29.090Z,378.573,378.588,0.0,7.4,0.0,0.0,0.0,0.0,0.0,0.0,0.0,0.0,1.0,0.0,0.0,0.0,9.0,4.0,0.0,0.0,0.0,0.0,0.0,0.0,0.0,0.0,5.0,12.0,1.0,12.17,5.01,2.51,1.49,0.0,0.0,0.0,361.3,0.0,-0.7000000000000001,-1.0,-0.7000000000000001,-169.70000000000002,0.0,0.0,169.60000000000002,0.0,21.200000000000003,28.9,28.9,30.9,300.0,300.0,31.6,35.9,28.8,28.1,29.9,4.96,1.99,4.97,0.16,0.0,0.0,1027.0,8228.0,0.0,0.0,0.0,0.0,0.0,1.0,0.0,0.0,0.0,0.0,0.0,-1.7000000000000002,0.0,0.4,0.0,0.0,16.0,25903.0
2026-07-30T19:03:29.101Z,378.584,378.6,0.0,7.4,0.0,0.0,0.0,0.0,0.0,0.0,0.0,0.0,1.0,0.0,0.0,0.0,9.0,4.0,0.0,0.0,0.0,0.0,0.0,0.0,0.0,0.0,6.0,12.0,1.0,12.17,5.01,2.51,1.49,0.0,0.1,0.0,361.4,0.0,-0.1,0.1,-0.7000000000000001,-169.70000000000002,0.0,0.0,169.8,0.0,21.200000000000003,28.9,28.9,30.9,300.0,300.0,31.6,35.9,28.8,28.1,29.9,4.95,1.99,4.97,0.16,0.0,0.0,1027.0,8228.0,0.0,0.0,0.0,0.0,0.0,1.0,0.0,0.0,0.0,0.0,0.0,-0.3,0.0,0.6000000000000001,0.0,0.0,16.0,25903.0
2026-07-30T19:03:29.113Z,378.596,378.612,0.0,7.4,0.0,0.0,0.0,0.0,0.0,0.0,0.0,0.0,1.0,0.0,0.0,0.0,9.0,4.0,0.0,0.0,0.0,0.0,0.0,0.0,0.0,0.0,1.0,12.0,1.0,12.18,5.01,2.51,1.49,0.0,0.0,0.0,361.3,0.0,0.4,-0.9,-0.6000000000000001,-169.70000000000002,0.0,0.0,169.8,0.0,21.4,28.9,28.9,30.9,300.0,300.0,31.5,35.9,28.9,28.1,29.9,4.96,1.99,4.96,0.16,0.0,0.0,1027.0,8228.0,0.0,0.0,0.0,0.0,0.0,1.0,0.0,0.0,0.0,0.0,0.0,-1.6,0.0,0.3,0.0,0.0,16.0,25903.0
2026-07-30T19:03:29.125Z,378.608,378.624,0.0,7.4,0.0,0.0,0.0,0.0,0.0,0.0,0.0,0.0,1.0,0.0,0.0,0.0,9.0,4.0,0.0,0.0,0.0,0.0,0.0,0.0,0.0,0.0,2.0,12.0,1.0,12.18,5.01,2.51,1.49,0.0,0.0,0.0,361.3,0.0,-0.2,0.2,1.0,-169.70000000000002,0.0,0.0,169.8,0.0,21.4,28.9,28.9,30.9,300.0,300.0,31.5,35.9,28.9,28.1,29.9,4.95,2.0,4.97,0.16,0.0,0.0,1027.0,8228.0,0.0,0.0,0.0,0.0,0.0,1.0,0.0,0.0,0.0,0.0,0.0,1.0,0.0,-0.9,0.0,0.0,16.0,25903.0
2026-07-30T19:03:29.138Z,378.621,378.636,0.0,7.4,0.0,0.0,0.0,0.0,0.0,0.0,0.0,0.0,1.0,0.0,0.0,0.0,9.0,4.0,0.0,0.0,0.0,0.0,0.0,0.0,0.0,0.0,3.0,12.0,1.0,12.18,5.01,2.51,1.49,0.0,0.0,0.0,361.3,0.0,0.9,0.1,-0.1,-169.70000000000002,0.0,0.0,169.70000000000002,0.0,21.4,28.9,28.9,30.9,300.0,300.0,31.5,35.9,28.9,28.1,29.9,4.95,2.0,4.96,0.16,0.0,0.0,1027.0,8228.0,0.0,0.0,0.0,0.0,0.0,1.0,0.0,0.0,0.0,0.0,0.0,0.1,0.0,0.1,0.0,0.0,16.0,25903.0
2026-07-30T19:03:29.150Z,378.633,378.648,0.0,7.4,0.0,0.0,0.0,0.0,0.0,0.0,0.0,0.0,1.0,0.0,0.0,0.0,9.0,4.0,0.0,0.0,0.0,0.0,0.0,0.0,0.0,0.0,5.0,12.0,1.0,12.18,5.01,2.51,1.49,0.0,0.0,0.0,361.3,0.0,1.5,1.3,2.8000000000000003,-169.70000000000002,0.0,0.0,169.70000000000002,0.0,21.4,28.9,28.9,30.9,300.0,300.0,31.5,35.9,28.9,28.1,29.9,4.96,1.99,4.96,0.16,0.0,0.0,1027.0,8228.0,0.0,0.0,0.0,0.0,0.0,1.0,0.0,0.0,0.0,0.0,0.0,3.6,0.0,-2.1,0.0,0.0,16.0,25903.0
2026-07-30T19:03:29.162Z,378.645,378.66,0.0,7.4,0.0,0.0,0.0,0.0,0.0,0.0,0.0,0.0,1.0,0.0,0.0,0.0,9.0,4.0,0.0,0.0,0.0,0.0,0.0,0.0,0.0,0.0,6.0,12.0,1.0,12.18,5.01,2.51,1.49,0.0,0.0,0.0,361.4,0.0,0.3,-0.4,-0.1,-169.70000000000002,0.0,0.0,169.70000000000002,0.0,21.4,28.9,28.9,30.9,300.0,300.0,31.5,35.9,28.9,28.1,29.9,4.96,1.99,4.96,0.16,0.0,0.0,1027.0,8228.0,0.0,0.0,0.0,0.0,0.0,1.0,0.0,0.0,0.0,0.0,0.0,-0.6000000000000001,0.0,0.0,0.0,0.0,16.0,25903.0
2026-07-30T19:03:29.173Z,378.656,378.672,0.0,7.4,0.0,0.0,0.0,0.0,0.0,0.0,0.0,0.0,1.0,0.0,0.0,0.0,9.0,4.0,0.0,0.0,0.0,0.0,0.0,0.0,0.0,0.0,1.0,12.0,1.0,12.18,5.01,2.51,1.49,0.0,0.0,0.0,361.3,0.0,0.8,-1.0,-0.2,-169.70000000000002,0.0,0.0,169.8,0.0,21.4,28.9,28.9,30.9,300.0,300.0,31.5,35.9,28.9,28.1,29.9,4.95,1.99,4.97,0.16,0.0,0.0,1027.0,8228.0,0.0,0.0,0.0,0.0,0.0,1.0,0.0,0.0,0.0,0.0,0.0,-1.3,0.0,0.0,0.0,0.0,16.0,25903.0
2026-07-30T19:03:29.185Z,378.668,378.684,0.0,7.4,0.0,0.0,0.0,0.0,0.0,0.0,0.0,0.0,1.0,0.0,0.0,0.0,9.0,4.0,0.0,0.0,0.0,0.0,0.0,0.0,0.0,0.0,2.0,12.0,1.0,12.18,5.01,2.51,1.49,0.0,0.0,0.0,361.4,0.0,-0.3,0.0,0.9,-169.70000000000002,0.0,0.0,169.8,0.0,21.4,28.9,28.9,30.9,300.0,300.0,31.5,35.9,28.9,28.1,29.9,4.95,1.99,4.96,0.16,0.0,0.0,1027.0,8228.0,0.0,0.0,0.0,0.0,0.0,1.0,0.0,0.0,0.0,0.0,0.0,0.7000000000000001,0.0,-0.7000000000000001,0.0,0.0,16.0,25903.0
2026-07-30T19:03:29.198Z,378.681,378.696,0.0,7.4,0.0,0.0,0.0,0.0,0.0,0.0,0.0,0.0,1.0,0.0,0.0,0.0,9.0,4.0,0.0,0.0,0.0,0.0,0.0,0.0,0.0,0.0,3.0,12.0,1.0,12.18,5.01,2.51,1.49,0.0,0.0,0.0,361.3,0.0,0.8,0.0,-0.3,-169.70000000000002,0.0,0.0,169.8,0.0,21.4,28.9,28.9,30.9,300.0,300.0,31.5,35.9,28.9,28.1,29.9,4.96,2.0,4.96,0.16,0.0,0.0,1027.0,8228.0,0.0,0.0,0.0,0.0,0.0,1.0,0.0,0.0,0.0,0.0,0.0,2.4000000000000004,0.0,-1.0,0.0,0.0,16.0,25903.0
2026-07-30T19:03:29.210Z,378.693,378.708,0.0,7.4,0.0,0.0,0.0,0.0,0.0,0.0,0.0,0.0,1.0,0.0,0.0,0.0,9.0,4.0,0.0,0.0,0.0,0.0,0.0,0.0,0.0,0.0,5.0,12.0,1.0,12.14,5.01,2.51,1.5,0.0,0.0,0.0,361.3,0.0,-0.9,0.0,-0.3,-169.70000000000002,0.0,0.0,169.60000000000002,0.0,21.8,28.9,28.9,30.9,300.0,300.0,31.6,35.9,28.9,28.1,29.9,4.95,2.0,4.96,0.16,0.0,0.0,1027.0,8228.0,0.0,0.0,0.0,0.0,0.0,1.0,0.0,0.0,0.0,0.0,0.0,-0.1,0.0,0.2,0.0,0.0,16.0,25903.0
2026-07-30T19:03:29.221Z,378.704,378.72,0.0,7.4,0.0,0.0,0.0,0.0,0.0,0.0,0.0,0.0,1.0,0.0,0.0,0.0,9.0,4.0,0.0,0.0,0.0,0.0,0.0,0.0,0.0,0.0,6.0,12.0,1.0,12.14,5.01,2.51,1.5,-0.1,0.0,0.0,361.4,0.0,0.2,0.6000000000000001,-0.3,-169.70000000000002,0.0,0.0,169.8,0.0,21.8,28.9,28.9,30.9,300.0,300.0,31.6,35.9,28.9,28.1,29.9,4.96,1.99,4.96,0.16,0.0,0.0,1027.0,8228.0,0.0,0.0,0.0,0.0,0.0,1.0,0.0,0.0,0.0,0.0,0.0,0.4,0.0,0.4,0.0,0.0,16.0,25903.0
2026-07-30T19:03:29.234Z,378.717,378.732,0.0,7.4,0.0,0.0,0.0,0.0,0.0,0.0,0.0,0.0,1.0,0.0,0.0,0.0,9.0,4.0,0.0,0.0,0.0,0.0,0.0,0.0,0.0,0.0,1.0,12.0,1.0,12.14,5.01,2.51,1.5,0.0,0.0,0.0,361.4,0.0,-1.5,-0.5,-0.9,-169.70000000000002,0.0,0.0,169.60000000000002,0.0,21.8,28.9,28.9,30.9,300.0,300.0,31.6,35.9,28.9,28.1,29.9,4.96,1.99,4.97,0.16,0.0,0.0,1027.0,8228.0,0.0,0.0,0.0,0.0,0.0,1.0,0.0,0.0,0.0,0.0,0.0,-1.3,0.0,0.6000000000000001,0.0,0.0,16.0,25903.0
2026-07-30T19:03:29.245Z,378.728,378.744,0.0,7.4,0.0,0.0,0.0,0.0,0.0,0.0,0.0,0.0,1.0,0.0,0.0,0.0,9.0,4.0,0.0,0.0,0.0,0.0,0.0,0.0,0.0,0.0,3.0,12.0,1.0,12.14,5.01,2.51,1.5,0.0,0.0,0.0,361.3,0.0,-0.9,0.5,0.8,-169.70000000000002,0.0,0.0,169.70000000000002,0.0,21.8,28.9,28.9,30.9,300.0,300.0,31.6,35.9,28.9,28.1,29.9,4.96,1.99,4.97,0.16,0.0,0.0,1027.0,8228.0,0.0,0.0,0.0,0.0,0.0,1.0,0.0,0.0,0.0,0.0,0.0,0.2,0.0,-0.2,0.0,0.0,16.0,25903.0
2026-07-30T19:03:29.258Z,378.741,378.756,0.0,7.4,0.0,0.0,0.0,0.0,0.0,0.0,0.0,0.0,1.0,0.0,0.0,0.0,9.0,4.0,0.0,0.0,0.0,0.0,0.0,0.0,0.0,0.0,4.0,12.0,1.0,12.14,5.01,2.51,1.5,0.0,0.1,0.0,361.3,0.0,0.8,0.0,-0.3,-169.70000000000002,0.0,0.0,169.60000000000002,0.0,21.8,28.9,28.9,30.9,300.0,300.0,31.6,35.9,28.9,28.1,29.9,4.95,1.99,4.97,0.16,0.0,0.0,1027.0,8228.0,0.0,0.0,0.0,0.0,0.0,1.0,0.0,0.0,0.0,0.0,0.0,-0.8,0.0,0.1,0.0,0.0,16.0,25903.0
2026-07-30T19:03:29.270Z,378.753,378.768,0.0,7.4,0.0,0.0,0.0,0.0,0.0,0.0,0.0,0.0,1.0,0.0,0.0,0.0,9.0,4.0,0.0,0.0,0.0,0.0,0.0,0.0,0.0,0.0,5.0,12.0,1.0,12.14,5.01,2.51,1.5,0.0,0.0,0.0,361.3,0.0,-0.3,0.6000000000000001,-0.2,-169.70000000000002,0.0,0.0,169.60000000000002,0.0,21.8,28.9,28.9,30.9,300.0,300.0,31.6,35.9,28.9,28.1,29.9,4.96,1.99,4.96,0.16,0.0,0.0,1027.0,8228.0,0.0,0.0,0.0,0.0,0.0,1.0,0.0,0.0,0.0,0.0,0.0,-0.2,0.0,-1.5,0.0,0.0,16.0,25903.0
2026-07-30T19:03:29.281Z,378.764,378.78,0.0,7.4,0.0,0.0,0.0,0.0,0.0,0.0,0.0,0.0,1.0,0.0,0.0,0.0,9.0,4.0,0.0,0.0,0.0,0.0,0.0,0.0,0.0,0.0,1.0,12.0,1.0,12.14,5.01,2.51,1.5,0.0,0.0,0.0,361.4,0.0,-0.3,0.6000000000000001,0.2,-169.70000000000002,0.0,0.0,169.60000000000002,0.0,21.8,28.9,28.9,30.9,300.0,300.0,31.6,35.9,28.9,28.1,29.9,4.96,1.99,4.97,0.16,0.0,0.0,1027.0,8228.0,0.0,0.0,0.0,0.0,0.0,1.0,0.0,0.0,0.0,0.0,0.0,0.9,0.0,-0.1,0.0,0.0,16.0,25903.0
2026-07-30T19:03:29.293Z,378.776,378.792,0.0,7.4,0.0,0.0,0.0,0.0,0.0,0.0,0.0,0.0,1.0,0.0,0.0,0.0,9.0,4.0,0.0,0.0,0.0,0.0,0.0,0.0,0.0,0.0,2.0,12.0,1.0,12.14,5.01,2.51,1.5,0.0,0.0,0.0,361.3,0.0,-0.9,-0.5,-0.8,-169.70000000000002,0.0,0.0,169.70000000000002,0.0,21.8,28.9,28.9,30.9,300.0,300.0,31.6,35.9,28.9,28.1,29.9,4.95,1.99,4.97,0.16,0.0,0.0,1027.0,8228.0,0.0,0.0,0.0,0.0,0.0,1.0,0.0,0.0,0.0,0.0,0.0,-1.2000000000000002,0.0,0.6000000000000001,0.0,0.0,16.0,25903.0
2026-07-30T19:03:29.306Z,378.789,378.804,0.0,7.4,0.0,0.0,0.0,0.0,0.0,0.0,0.0,0.0,1.0,0.0,0.0,0.0,9.0,4.0,0.0,0.0,0.0,0.0,0.0,0.0,0.0,0.0,3.0,12.0,1.0,12.14,5.01,2.51,1.5,0.0,0.0,0.0,361.4,0.0,-0.9,0.0,-1.4,-169.70000000000002,0.0,0.0,169.70000000000002,0.0,21.8,28.9,28.9,30.9,300.0,300.0,31.6,35.9,28.9,28.1,29.9,4.96,1.99,4.97,0.16,0.0,0.0,1027.0,8228.0,0.0,0.0,0.0,0.0,0.0,1.0,0.0,0.0,0.0,0.0,0.0,-1.0,0.0,1.2000000000000002,0.0,0.0,16.0,25903.0
2026-07-30T19:03:29.318Z,378.801,378.816,0.0,7.4,0.0,0.0,0.0,0.0,0.0,0.0,0.0,0.0,1.0,0.0,0.0,0.0,9.0,4.0,0.0,0.0,0.0,0.0,0.0,0.0,0.0,0.0,5.0,12.0,1.0,12.15,5.0200000000000005,2.51,1.49,0.0,0.0,0.0,361.3,0.0,0.2,0.6000000000000001,-0.2,-169.60000000000002,0.0,0.0,169.60000000000002,0.0,21.3,28.9,28.9,30.9,300.0,300.0,31.700000000000003,35.9,28.8,28.1,29.9,4.96,1.99,4.97,0.16,0.0,0.0,1027.0,8228.0,0.0,0.0,0.0,0.0,0.0,1.0,0.0,0.0,0.0,0.0,0.0,0.5,0.0,0.3,0.0,0.0,16.0,25903.0
2026-07-30T19:03:29.330Z,378.813,378.828,0.0,7.4,0.0,0.0,0.0,0.0,0.0,0.0,0.0,0.0,1.0,0.0,0.0,0.0,9.0,4.0,0.0,0.0,0.0,0.0,0.0,0.0,0.0,0.0,6.0,12.0,1.0,12.15,5.0200000000000005,2.51,1.49,0.0,0.0,0.0,361.3,0.0,-0.9,0.0,-0.8,-169.60000000000002,0.0,0.0,169.70000000000002,0.0,21.3,28.9,28.9,30.9,300.0,300.0,31.700000000000003,35.9,28.8,28.1,29.9,4.96,1.99,4.97,0.16,0.0,0.0,1027.0,8228.0,0.0,0.0,0.0,0.0,0.0,1.0,0.0,0.0,0.0,0.0,0.0,-0.6000000000000001,0.0,0.7000000000000001,0.0,0.0,16.0,25903.0
2026-07-30T19:03:29.342Z,378.825,378.84,0.0,7.4,0.0,0.0,0.0,0.0,0.0,0.0,0.0,0.0,1.0,0.0,0.0,0.0,9.0,4.0,0.0,0.0,0.0,0.0,0.0,0.0,0.0,0.0,6.0,12.0,1.0,12.15,5.0200000000000005,2.51,1.49,0.0,0.0,0.0,361.3,0.0,0.2,0.6000000000000001,0.8,-169.60000000000002,0.0,0.0,169.70000000000002,0.0,21.3,28.9,28.9,30.9,300.0,300.0,31.700000000000003,35.9,28.8,28.1,29.9,4.96,1.99,4.97,0.16,0.0,0.0,1027.0,8228.0,0.0,0.0,0.0,0.0,0.0,1.0,0.0,0.0,0.0,0.0,0.0,1.3,0.0,-0.6000000000000001,0.0,0.0,16.0,25903.0
2026-07-30T19:03:29.353Z,378.836,378.852,0.0,7.4,0.0,0.0,0.0,0.0,0.0,0.0,0.0,0.0,1.0,0.0,0.0,0.0,9.0,4.0,0.0,0.0,0.0,0.0,0.0,0.0,0.0,0.0,2.0,12.0,1.0,12.15,5.0200000000000005,2.51,1.49,-0.1,0.0,0.0,361.4,0.0,0.8,1.2000000000000002,-0.2,-169.60000000000002,0.0,0.0,169.70000000000002,0.0,21.3,28.9,28.9,30.9,300.0,300.0,31.700000000000003,35.9,28.8,28.1,29.9,4.96,1.99,4.96,0.16,0.0,0.0,1027.0,8228.0,0.0,0.0,0.0,0.0,0.0,1.0,0.0,0.0,0.0,0.0,0.0,1.1,0.0,0.4,0.0,0.0,16.0,25903.0
2026-07-30T19:03:29.365Z,378.848,378.864,0.0,7.4,0.0,0.0,0.0,0.0,0.0,0.0,0.0,0.0,1.0,0.0,0.0,0.0,9.0,4.0,0.0,0.0,0.0,0.0,0.0,0.0,0.0,0.0,3.0,12.0,1.0,12.15,5.0200000000000005,2.51,1.49,0.0,0.0,0.0,361.4,0.0,1.3,0.6000000000000001,1.5,-169.60000000000002,0.0,0.0,169.60000000000002,0.0,21.3,28.9,28.9,30.9,300.0,300.0,31.700000000000003,35.9,28.8,28.1,29.9,4.95,1.99,4.97,0.16,0.0,0.0,1027.0,8228.0,0.0,0.0,0.0,0.0,0.0,1.0,0.0,0.0,0.0,0.0,0.0,1.8,0.0,-1.2000000000000002,0.0,0.0,16.0,25903.0
2026-07-30T19:03:29.377Z,378.86,378.876,0.0,7.4,0.0,0.0,0.0,0.0,0.0,0.0,0.0,0.0,1.0,0.0,0.0,0.0,9.0,4.0,0.0,0.0,0.0,0.0,0.0,0.0,0.0,0.0,4.0,12.0,1.0,12.15,5.0200000000000005,2.51,1.49,0.0,0.0,0.0,361.3,0.0,0.1,-0.5,-0.2,-169.60000000000002,0.0,0.0,169.70000000000002,0.0,21.3,28.9,28.9,30.9,300.0,300.0,31.700000000000003,35.9,28.8,28.1,29.9,4.95,1.99,4.97,0.16,0.0,0.0,1027.0,8228.0,0.0,0.0,0.0,0.0,0.0,1.0,0.0,0.0,0.0,0.0,0.0,-0.8,0.0,0.1,0.0,0.0,16.0,25903.0
2026-07-30T19:03:29.390Z,378.873,378.888,0.0,7.4,0.0,0.0,0.0,0.0,0.0,0.0,0.0,0.0,1.0,0.0,0.0,0.0,9.0,4.0,0.0,0.0,0.0,0.0,0.0,0.0,0.0,0.0,5.0,12.0,1.0,12.15,5.0200000000000005,2.51,1.49,0.0,0.0,0.0,361.4,0.0,0.7000000000000001,0.0,-0.2,-169.60000000000002,0.0,0.0,169.60000000000002,0.0,21.3,28.9,28.9,30.9,300.0,300.0,31.700000000000003,35.9,28.8,28.1,29.9,4.96,1.99,4.97,0.16,0.0,0.0,1027.0,8228.0,0.0,0.0,0.0,0.0,0.0,1.0,0.0,0.0,0.0,0.0,0.0,-0.1,0.0,0.1,0.0,0.0,16.0,25903.0
2026-07-30T19:03:29.402Z,378.885,378.9,0.0,7.4,0.0,0.0,0.0,0.0,0.0,0.0,0.0,0.0,1.0,0.0,0.0,0.0,9.0,4.0,0.0,0.0,0.0,0.0,0.0,0.0,0.0,0.0,1.0,12.0,1.0,12.15,5.0200000000000005,2.51,1.49,0.0,0.1,0.0,361.4,0.0,0.1,-0.5,0.9,-169.60000000000002,0.0,0.0,169.60000000000002,0.0,21.3,28.9,28.9,30.9,300.0,300.0,31.700000000000003,35.9,28.8,28.1,29.9,4.96,1.99,4.97,0.16,0.0,0.0,1027.0,8228.0,0.0,0.0,0.0,0.0,0.0,1.0,0.0,0.0,0.0,0.0,0.0,0.1,0.0,-0.9,0.0,0.0,16.0,25903.0
2026-07-30T19:03:29.414Z,378.897,378.912,0.0,7.4,0.0,0.0,0.0,0.0,0.0,0.0,0.0,0.0,1.0,0.0,0.0,0.0,9.0,4.0,0.0,0.0,0.0,0.0,0.0,0.0,0.0,0.0,1.0,12.0,1.0,12.19,5.01,2.51,1.49,0.0,0.0,0.0,361.3,0.0,0.1,-1.1,-0.8,-169.60000000000002,0.0,0.0,169.60000000000002,0.0,21.3,28.9,28.9,30.9,300.0,300.0,31.6,35.9,28.9,28.1,29.9,4.95,1.99,4.97,0.16,0.0,0.0,1027.0,8228.0,0.0,0.0,0.0,0.0,0.0,1.0,0.0,0.0,0.0,0.0,0.0,-1.9,0.0,0.4,0.0,0.0,16.0,25903.0
2026-07-30T19:03:29.426Z,378.909,378.924,0.0,7.4,0.0,0.0,0.0,0.0,0.0,0.0,0.0,0.0,1.0,0.0,0.0,0.0,9.0,4.0,0.0,0.0,0.0,0.0,0.0,0.0,0.0,0.0,3.0,12.0,1.0,12.19,5.01,2.51,1.49,0.0,0.1,0.0,361.4,0.0,0.7000000000000001,0.0,-0.8,-169.60000000000002,0.0,0.0,169.70000000000002,0.0,21.3,28.9,28.9,30.9,300.0,300.0,31.6,35.9,28.9,28.1,29.9,4.95,1.99,4.96,0.17,0.0,0.0,1027.0,8228.0,0.0,0.0,0.0,0.0,0.0,1.0,0.0,0.0,0.0,0.0,0.0,-0.6000000000000001,0.0,0.7000000000000001,0.0,0.0,16.0,25903.0
2026-07-30T19:03:29.438Z,378.921,378.936,0.0,7.4,0.0,0.0,0.0,0.0,0.0,0.0,0.0,0.0,1.0,0.0,0.0,0.0,9.0,4.0,0.0,0.0,0.0,0.0,0.0,0.0,0.0,0.0,4.0,12.0,1.0,12.19,5.01,2.51,1.49,0.0,0.0,0.0,361.4,0.0,0.1,1.1,-0.2,-169.60000000000002,0.0,0.0,169.70000000000002,0.0,21.3,28.9,28.9,30.9,300.0,300.0,31.6,35.9,28.9,28.1,29.9,4.96,1.99,4.96,0.16,0.0,0.0,1027.0,8228.0,0.0,0.0,0.0,0.0,0.0,1.0,0.0,0.0,0.0,0.0,0.0,1.1,0.0,0.4,0.0,0.0,16.0,25903.0
2026-07-30T19:03:29.450Z,378.933,378.948,0.0,7.4,0.0,0.0,0.0,0.0,0.0,0.0,0.0,0.0,1.0,0.0,0.0,0.0,9.0,4.0,0.0,0.0,0.0,0.0,0.0,0.0,0.0,0.0,6.0,12.0,1.0,12.19,5.01,2.51,1.49,0.0,0.0,0.0,361.3,0.0,0.7000000000000001,0.0,0.9,-169.60000000000002,0.0,0.0,169.70000000000002,0.0,21.3,28.9,28.9,30.9,300.0,300.0,31.6,35.9,28.9,28.1,29.9,4.95,1.99,4.97,0.16,0.0,0.0,1027.0,8228.0,0.0,0.0,0.0,0.0,0.0,1.0,0.0,0.0,0.0,0.0,0.0,0.7000000000000001,0.0,-0.8,0.0,0.0,16.0,25903.0
2026-07-30T19:03:29.462Z,378.945,378.96,0.0,7.4,0.0,0.0,0.0,0.0,0.0,0.0,0.0,0.0,1.0,0.0,0.0,0.0,9.0,4.0,0.0,0.0,0.0,0.0,0.0,0.0,0.0,0.0,1.0,12.0,1.0,12.19,5.01,2.51,1.49,0.0,0.0,0.0,361.4,0.0,0.1,-0.5,1.0,-169.60000000000002,0.0,0.0,169.60000000000002,0.0,21.3,28.9,28.9,30.9,300.0,300.0,31.6,35.9,28.9,28.1,29.9,4.96,2.0,4.97,0.16,0.0,0.0,1027.0,8228.0,0.0,0.0,0.0,0.0,0.0,1.0,0.0,0.0,0.0,0.0,0.0,0.1,0.0,-1.0,0.0,0.0,16.0,25903.0
2026-07-30T19:03:29.474Z,378.957,378.972,0.0,7.4,0.0,0.0,0.0,0.0,0.0,0.0,0.0,0.0,1.0,0.0,0.0,0.0,9.0,4.0,0.0,0.0,0.0,0.0,0.0,0.0,0.0,0.0,1.0,12.0,1.0,12.19,5.01,2.51,1.49,0.0,0.0,0.0,361.4,0.0,0.2,0.5,-0.7000000000000001,-169.60000000000002,0.0,0.0,169.60000000000002,0.0,21.3,28.9,28.9,30.9,300.0,300.0,31.6,35.9,28.9,28.1,29.9,4.96,1.99,4.96,0.16,0.0,0.0,1027.0,8228.0,0.0,0.0,0.0,0.0,0.0,1.0,0.0,0.0,0.0,0.0,0.0,0.0,0.0,0.8,0.0,0.0,16.0,25903.0
2026-07-30T19:03:29.486Z,378.969,378.984,0.0,7.4,0.0,0.0,0.0,0.0,0.0,0.0,0.0,0.0,1.0,0.0,0.0,0.0,9.0,4.0,0.0,0.0,0.0,0.0,0.0,0.0,0.0,0.0,3.0,12.0,1.0,12.19,5.01,2.51,1.49,0.0,0.0,0.0,361.4,0.0,0.2,0.0,0.4,-169.60000000000002,0.0,0.0,169.70000000000002,0.0,21.3,28.9,28.9,30.9,300.0,300.0,31.6,35.9,28.9,28.1,29.9,4.96,1.99,4.96,0.16,0.0,0.0,1027.0,8228.0,0.0,0.0,0.0,0.0,0.0,1.0,0.0,0.0,0.0,0.0,0.0,0.3,0.0,-0.3,0.0,0.0,16.0,25903.0
2026-07-30T19:03:29.497Z,378.98,378.996,0.0,7.4,0.0,0.0,0.0,0.0,0.0,0.0,0.0,0.0,1.0,0.0,0.0,0.0,9.0,4.0,0.0,0.0,0.0,0.0,0.0,0.0,0.0,0.0,4.0,12.0,1.0,12.19,5.01,2.51,1.49,0.0,0.0,0.0,361.4,0.0,-0.3,0.0,-0.2,-169.60000000000002,0.0,0.0,169.60000000000002,0.0,21.3,28.9,28.9,30.9,300.0,300.0,31.6,35.9,28.9,28.1,29.9,4.96,1.99,4.97,0.16,0.0,0.0,1027.0,8228.0,0.0,0.0,0.0,0.0,0.0,1.0,0.0,0.0,0.0,0.0,0.0,-0.1,0.0,0.1,0.0,0.0,16.0,25903.0
2026-07-30T19:03:29.509Z,378.992,379.008,0.0,7.4,0.0,0.0,0.0,0.0,0.0,0.0,0.0,0.0,1.0,0.0,0.0,0.0,9.0,4.0,0.0,0.0,0.0,0.0,0.0,0.0,0.0,0.0,5.0,12.0,1.0,12.19,5.01,2.51,1.49,0.0,0.1,0.0,361.3,0.0,-0.3,-0.5,-0.2,-169.60000000000002,0.0,0.0,169.60000000000002,0.0,21.3,28.9,28.9,30.9,300.0,300.0,31.6,35.9,28.9,28.1,29.9,4.96,1.99,4.96,0.16,0.0,0.0,1027.0,8228.0,0.0,0.0,0.0,0.0,0.0,1.0,0.0,0.0,0.0,0.0,0.0,-0.8,0.0,0.1,0.0,0.0,16.0,25903.0
2026-07-30T19:03:29.522Z,379.005,379.02,0.0,7.4,0.0,0.0,0.0,0.0,0.0,0.0,0.0,0.0,1.0,0.0,0.0,0.0,9.0,4.0,0.0,0.0,0.0,0.0,0.0,0.0,0.0,0.0,6.0,12.0,1.0,12.17,5.01,2.51,1.49,0.0,0.0,0.0,361.3,0.0,-0.3,0.5,-0.2,-169.60000000000002,0.0,0.0,169.70000000000002,0.0,21.700000000000003,28.9,28.9,30.9,300.0,300.0,31.6,35.9,28.9,28.1,29.9,4.96,1.99,4.97,0.16,0.0,0.0,1027.0,8228.0,0.0,0.0,0.0,0.0,0.0,1.0,0.0,0.0,0.0,0.0,0.0,0.4,0.0,0.3,0.0,0.0,16.0,25903.0
2026-07-30T19:03:29.534Z,379.017,379.032,0.0,7.4,0.0,0.0,0.0,0.0,0.0,0.0,0.0,0.0,1.0,0.0,0.0,0.0,9.0,4.0,0.0,0.0,0.0,0.0,0.0,0.0,0.0,0.0,2.0,12.0,1.0,12.17,5.01,2.51,1.49,0.0,0.0,0.0,361.3,0.0,0.8,0.0,-0.8,-169.60000000000002,0.0,0.0,169.60000000000002,0.0,21.700000000000003,28.9,28.9,30.9,300.0,300.0,31.6,35.9,28.9,28.1,29.9,4.95,1.99,4.97,0.16,0.0,0.0,1027.0,8228.0,0.0,0.0,0.0,0.0,0.0,1.0,0.0,0.0,0.0,0.0,0.0,-0.6000000000000001,0.0,0.7000000000000001,0.0,0.0,16.0,25903.0
2026-07-30T19:03:29.545Z,379.028,379.044,0.0,7.4,0.0,0.0,0.0,0.0,0.0,0.0,0.0,0.0,1.0,0.0,0.0,0.0,9.0,4.0,0.0,0.0,0.0,0.0,0.0,0.0,0.0,0.0,3.0,12.0,1.0,12.17,5.01,2.51,1.49,0.0,0.0,0.0,361.4,0.0,0.2,0.0,0.9,-169.60000000000002,0.0,0.0,169.70000000000002,0.0,21.700000000000003,28.9,28.9,30.9,300.0,300.0,31.6,35.9,28.9,28.1,29.9,4.96,1.99,4.97,0.16,0.0,0.0,1027.0,8228.0,0.0,0.0,0.0,0.0,0.0,1.0,0.0,0.0,0.0,0.0,0.0,0.6000000000000001,0.0,-0.8,0.0,0.0,16.0,25903.0
2026-07-30T19:03:29.558Z,379.041,379.056,0.0,7.4,0.0,0.0,0.0,0.0,0.0,0.0,0.0,0.0,1.0,0.0,0.0,0.0,9.0,4.0,0.0,0.0,0.0,0.0,0.0,0.0,0.0,0.0,4.0,12.0,1.0,12.17,5.01,2.51,1.49,0.0,0.0,0.0,361.4,0.0,-0.3,-0.6000000000000001,0.3,-169.60000000000002,0.0,0.0,169.70000000000002,0.0,21.700000000000003,28.9,28.9,30.9,300.0,300.0,31.6,35.9,28.9,28.1,29.9,4.96,2.0,4.96,0.16,0.0,0.0,1027.0,8228.0,0.0,0.0,0.0,0.0,0.0,1.0,0.0,0.0,0.0,0.0,0.0,-0.4,0.0,-0.3,0.0,0.0,16.0,25903.0
2026-07-30T19:03:29.569Z,379.052,379.068,0.0,7.4,0.0,0.0,0.0,0.0,0.0,0.0,0.0,0.0,1.0,0.0,0.0,0.0,9.0,4.0,0.0,0.0,0.0,0.0,0.0,0.0,0.0,0.0,6.0,12.0,1.0,12.17,5.01,2.51,1.49,0.0,0.0,0.0,361.3,0.0,-0.3,1.7000000000000002,2.0,-169.60000000000002,0.0,0.0,169.70000000000002,0.0,21.700000000000003,28.9,28.9,30.9,300.0,300.0,31.6,35.9,28.9,28.1,29.9,4.96,1.99,4.97,0.16,0.0,0.0,1027.0,8228.0,0.0,0.0,0.0,0.0,0.0,1.0,0.0,0.0,0.0,0.0,0.0,3.5,0.0,-1.4,0.0,0.0,16.0,25903.0
2026-07-30T19:03:29.582Z,379.065,379.08,0.0,7.4,0.0,0.0,0.0,0.0,0.0,0.0,0.0,0.0,1.0,0.0,0.0,0.0,9.0,4.0,0.0,0.0,0.0,0.0,0.0,0.0,0.0,0.0,1.0,12.0,1.0,12.17,5.01,2.51,1.49,0.0,0.0,0.0,361.4,0.0,0.2,0.0,0.8,-169.60000000000002,0.0,0.0,169.70000000000002,0.0,21.700000000000003,28.9,28.9,30.9,300.0,300.0,31.6,35.9,28.9,28.1,29.9,4.96,1.99,4.97,0.16,0.0,0.0,1027.0,8228.0,0.0,0.0,0.0,0.0,0.0,1.0,0.0,0.0,0.0,0.0,0.0,0.6000000000000001,0.0,-0.7000000000000001,0.0,0.0,16.0,25903.0
2026-07-30T19:03:29.593Z,379.076,379.092,0.0,7.4,0.0,0.0,0.0,0.0,0.0,0.0,0.0,0.0,1.0,0.0,0.0,0.0,9.0,4.0,0.0,0.0,0.0,0.0,0.0,0.0,0.0,0.0,3.0,12.0,1.0,12.17,5.01,2.51,1.49,0.0,0.0,0.0,361.4,0.0,-0.3,-0.5,-0.3,-169.60000000000002,0.0,0.0,169.8,0.0,21.700000000000003,28.9,28.9,30.9,300.0,300.0,31.6,35.9,28.9,28.1,29.9,4.96,1.99,4.96,0.16,0.0,0.0,1027.0,8228.0,0.0,0.0,0.0,0.0,0.0,1.0,0.0,0.0,0.0,0.0,0.0,-0.8,0.0,0.1,0.0,0.0,16.0,25903.0
2026-07-30T19:03:29.606Z,379.089,379.104,0.0,7.4,0.0,0.0,0.0,0.0,0.0,0.0,0.0,0.0,1.0,0.0,0.0,0.0,9.0,4.0,0.0,0.0,0.0,0.0,0.0,0.0,0.0,0.0,4.0,12.0,1.0,12.17,5.01,2.51,1.49,0.0,0.0,0.0,361.4,0.0,0.2,-0.6000000000000001,0.3,-169.60000000000002,0.0,0.0,169.70000000000002,0.0,21.700000000000003,28.9,28.9,30.9,300.0,300.0,31.6,35.9,28.9,28.1,29.9,4.95,1.99,4.97,0.16,0.0,0.0,1027.0,8228.0,0.0,0.0,0.0,0.0,0.0,1.0,0.0,0.0,0.0,0.0,0.0,-0.4,0.0,-0.4,0.0,0.0,16.0,25903.0
2026-07-30T19:03:29.619Z,379.102,379.116,0.0,7.4,0.0,0.0,0.0,0.0,0.0,0.0,0.0,0.0,1.0,0.0,0.0,0.0,9.0,4.0,0.0,0.0,0.0,0.0,0.0,0.0,0.0,0.0,6.0,12.0,1.0,12.18,5.01,2.51,1.49,0.0,0.0,0.0,361.4,0.0,-0.3,0.5,-0.2,-169.60000000000002,0.0,0.0,169.60000000000002,0.0,21.8,28.9,28.9,30.9,300.0,300.0,31.6,35.800000000000004,28.8,28.1,29.9,4.95,2.0,4.97,0.16,0.0,0.0,1027.0,8228.0,0.0,0.0,0.0,0.0,0.0,1.0,0.0,0.0,0.0,0.0,0.0,0.4,0.0,0.3,0.0,0.0,16.0,25903.0
2026-07-30T19:03:29.629Z,379.112,379.128,0.0,7.4,0.0,0.0,0.0,0.0,0.0,0.0,0.0,0.0,1.0,0.0,0.0,0.0,9.0,4.0,0.0,0.0,0.0,0.0,0.0,0.0,0.0,0.0,1.0,12.0,1.0,12.18,5.01,2.51,1.49,0.0,0.0,0.0,361.4,0.0,-0.3,0.5,-0.2,-169.60000000000002,0.0,0.0,169.70000000000002,0.0,21.8,28.9,28.9,30.9,300.0,300.0,31.6,35.800000000000004,28.8,28.1,29.9,4.96,1.99,4.97,0.16,0.0,0.0,1027.0,8228.0,0.0,0.0,0.0,0.0,0.0,1.0,0.0,0.0,0.0,0.0,0.0,0.4,0.0,0.3,0.0,0.0,16.0,25903.0
2026-07-30T19:03:29.642Z,379.125,379.14,0.0,7.4,0.0,0.0,0.0,0.0,0.0,0.0,0.0,0.0,1.0,0.0,0.0,0.0,9.0,4.0,0.0,0.0,0.0,0.0,0.0,0.0,0.0,0.0,2.0,12.0,1.0,12.18,5.01,2.51,1.49,0.0,0.0,0.0,361.4,0.0,0.8,0.0,0.2,-169.60000000000002,0.0,0.0,169.70000000000002,0.0,21.8,28.9,28.9,30.9,300.0,300.0,31.6,35.800000000000004,28.8,28.1,29.9,4.96,1.99,4.97,0.16,0.0,0.0,1027.0,8228.0,0.0,0.0,0.0,0.0,0.0,1.0,0.0,0.0,0.0,0.0,0.0,0.1,0.0,-0.2,0.0,0.0,16.0,25903.0
2026-07-30T19:03:29.654Z,379.137,379.152,0.0,7.4,0.0,0.0,0.0,0.0,0.0,0.0,0.0,0.0,1.0,0.0,0.0,0.0,9.0,4.0,0.0,0.0,0.0,0.0,0.0,0.0,0.0,0.0,3.0,12.0,1.0,12.18,5.01,2.51,1.49,0.0,0.0,0.0,361.4,0.0,0.2,-0.6000000000000001,-0.2,-169.60000000000002,0.0,0.0,169.8,0.0,21.8,28.9,28.9,30.9,300.0,300.0,31.6,35.800000000000004,28.8,28.1,29.9,4.95,1.99,4.97,0.16,0.0,0.0,1027.0,8228.0,0.0,0.0,0.0,0.0,0.0,1.0,0.0,0.0,0.0,0.0,0.0,-0.9,0.0,0.1,0.0,0.0,16.0,25903.0
2026-07-30T19:03:29.666Z,379.149,379.164,0.0,7.4,0.0,0.0,0.0,0.0,0.0,0.0,0.0,0.0,1.0,0.0,0.0,0.0,9.0,4.0,0.0,0.0,0.0,0.0,0.0,0.0,0.0,0.0,4.0,12.0,1.0,12.18,5.01,2.51,1.49,0.0,0.0,0.0,361.4,0.0,-0.3,0.0,-0.8,-169.60000000000002,0.0,0.0,169.70000000000002,0.0,21.8,28.9,28.9,30.9,300.0,300.0,31.6,35.800000000000004,28.8,28.1,29.9,4.95,1.99,4.97,0.16,0.0,0.0,1027.0,8228.0,0.0,0.0,0.0,0.0,0.0,1.0,0.0,0.0,0.0,0.0,0.0,-0.7000000000000001,0.0,0.7000000000000001,0.0,0.0,16.0,25903.0
2026-07-30T19:03:29.677Z,379.16,379.176,0.0,7.4,0.0,0.0,0.0,0.0,0.0,0.0,0.0,0.0,1.0,0.0,0.0,0.0,9.0,4.0,0.0,0.0,0.0,0.0,0.0,0.0,0.0,0.0,6.0,12.0,1.0,12.18,5.01,2.51,1.49,0.0,0.1,0.0,361.3,0.0,0.2,1.6,2.0,-169.60000000000002,0.0,0.0,169.60000000000002,0.0,21.8,28.9,28.9,30.9,300.0,300.0,31.6,35.800000000000004,28.8,28.1,29.9,4.96,2.0,4.97,0.16,0.0,0.0,1027.0,8228.0,0.0,0.0,0.0,0.0,0.0,1.0,0.0,0.0,0.0,0.0,0.0,3.4000000000000004,0.0,-1.4,0.0,0.0,16.0,25903.0
2026-07-30T19:03:29.690Z,379.173,379.188,0.0,7.4,0.0,0.0,0.0,0.0,0.0,0.0,0.0,0.0,1.0,0.0,0.0,0.0,9.0,4.0,0.0,0.0,0.0,0.0,0.0,0.0,0.0,0.0,1.0,12.0,1.0,12.18,5.01,2.51,1.49,0.0,0.0,0.0,361.3,0.0,-0.2,0.5,0.9,-169.60000000000002,0.0,0.0,169.70000000000002,0.0,21.8,28.9,28.9,30.9,300.0,300.0,31.6,35.800000000000004,28.8,28.1,29.9,4.95,2.0,4.97,0.16,0.0,0.0,1027.0,8228.0,0.0,0.0,0.0,0.0,0.0,1.0,0.0,0.0,0.0,0.0,0.0,1.3,0.0,-0.6000000000000001,0.0,0.0,16.0,25903.0
2026-07-30T19:03:29.702Z,379.185,379.2,0.0,7.4,0.0,0.0,0.0,0.0,0.0,0.0,0.0,0.0,1.0,0.0,0.0,0.0,9.0,4.0,0.0,0.0,0.0,0.0,0.0,0.0,0.0,0.0,3.0,12.0,1.0,12.18,5.01,2.51,1.49,0.0,0.0,0.0,361.3,0.0,-0.2,-0.6000000000000001,-0.8,-169.60000000000002,0.0,0.0,169.60000000000002,0.0,21.8,28.9,28.9,30.9,300.0,300.0,31.6,35.800000000000004,28.8,28.1,29.9,4.96,1.99,4.97,0.16,0.0,0.0,1027.0,8228.0,0.0,0.0,0.0,0.0,0.0,1.0,0.0,0.0,0.0,0.0,0.0,0.0,0.0,-0.9,0.0,0.0,16.0,25903.0
2026-07-30T19:03:29.713Z,379.196,379.212,0.0,7.4,0.0,0.0,0.0,0.0,0.0,0.0,0.0,0.0,1.0,0.0,0.0,0.0,9.0,4.0,0.0,0.0,0.0,0.0,0.0,0.0,0.0,0.0,4.0,12.0,1.0,12.18,5.01,2.51,1.49,0.0,0.0,0.0,361.4,0.0,0.8,-0.1,-0.2,-169.60000000000002,0.0,0.0,169.60000000000002,0.0,21.8,28.9,28.9,30.9,300.0,300.0,31.6,35.800000000000004,28.8,28.1,29.9,4.96,1.99,4.96,0.16,0.0,0.0,1027.0,8228.0,0.0,0.0,0.0,0.0,0.0,1.0,0.0,0.0,0.0,0.0,0.0,-0.3,0.0,0.2,0.0,0.0,16.0,25903.0
2026-07-30T19:03:29.726Z,379.209,379.224,0.0,7.4,0.0,0.0,0.0,0.0,0.0,0.0,0.0,0.0,1.0,0.0,0.0,0.0,9.0,4.0,0.0,0.0,0.0,0.0,0.0,0.0,0.0,0.0,5.0,12.0,1.0,12.17,5.0200000000000005,2.51,1.5,0.0,0.0,0.0,361.3,0.0,-0.2,-0.6000000000000001,-0.8,-169.60000000000002,0.0,0.0,169.70000000000002,0.0,21.700000000000003,28.9,28.9,30.9,300.0,300.0,31.6,35.800000000000004,28.8,28.0,29.9,4.96,1.99,4.96,0.16,0.0,0.0,1027.0,8228.0,0.0,0.0,0.0,0.0,0.0,1.0,0.0,0.0,0.0,0.0,0.0,-1.4,0.0,0.6000000000000001,0.0,0.0,16.0,25903.0
2026-07-30T19:03:29.738Z,379.221,379.236,0.0,7.4,0.0,0.0,0.0,0.0,0.0,0.0,0.0,0.0,1.0,0.0,0.0,0.0,9.0,4.0,0.0,0.0,0.0,0.0,0.0,0.0,0.0,0.0,6.0,12.0,1.0,12.17,5.0200000000000005,2.51,1.5,0.0,0.0,0.0,361.4,0.0,-0.2,-0.1,0.8,-169.60000000000002,0.0,0.0,169.70000000000002,0.0,21.700000000000003,28.9,28.9,30.9,300.0,300.0,31.6,35.800000000000004,28.8,28.0,29.9,4.95,1.99,4.97,0.16,0.0,0.0,1027.0,8228.0,0.0,0.0,0.0,0.0,0.0,1.0,0.0,0.0,0.0,0.0,0.0,0.5,0.0,-0.7000000000000001,0.0,0.0,16.0,25903.0
2026-07-30T19:03:29.750Z,379.233,379.248,0.0,7.4,0.0,0.0,0.0,0.0,0.0,0.0,0.0,0.0,1.0,0.0,0.0,0.0,9.0,4.0,0.0,0.0,0.0,0.0,0.0,0.0,0.0,0.0,1.0,12.0,1.0,12.17,5.0200000000000005,2.51,1.5,0.0,0.0,0.0,361.4,0.0,-0.2,0.0,0.8,-169.60000000000002,0.0,0.0,169.60000000000002,0.0,21.700000000000003,28.9,28.9,30.9,300.0,300.0,31.6,35.800000000000004,28.8,28.0,29.9,4.96,1.99,4.96,0.16,0.0,0.0,1027.0,8228.0,0.0,0.0,0.0,0.0,0.0,1.0,0.0,0.0,0.0,0.0,0.0,0.5,0.0,-0.7000000000000001,0.0,0.0,16.0,25903.0
2026-07-30T19:03:29.761Z,379.244,379.26,0.0,7.4,0.0,0.0,0.0,0.0,0.0,0.0,0.0,0.0,1.0,0.0,0.0,0.0,9.0,4.0,0.0,0.0,0.0,0.0,0.0,0.0,0.0,0.0,3.0,12.0,1.0,12.17,5.0200000000000005,2.51,1.5,0.0,0.1,0.0,361.3,0.0,0.2,0.4,0.8,-169.60000000000002,0.0,0.0,169.70000000000002,0.0,21.700000000000003,28.9,28.9,30.9,300.0,300.0,31.6,35.800000000000004,28.8,28.0,29.9,4.96,1.99,4.96,0.16,0.0,0.0,1027.0,8228.0,0.0,0.0,0.0,0.0,0.0,1.0,0.0,0.0,0.0,0.0,0.0,0.3,0.0,0.3,0.0,0.0,16.0,25903.0
2026-07-30T19:03:29.773Z,379.256,379.272,0.0,7.4,0.0,0.0,0.0,0.0,0.0,0.0,0.0,0.0,1.0,0.0,0.0,0.0,9.0,4.0,0.0,0.0,0.0,0.0,0.0,0.0,0.0,0.0,5.0,12.0,1.0,12.17,5.0200000000000005,2.51,1.5,0.0,0.0,0.0,361.4,0.0,-0.3,0.0,-0.8,-169.60000000000002,0.0,0.0,169.70000000000002,0.0,21.700000000000003,28.9,28.9,30.9,300.0,300.0,31.6,35.800000000000004,28.8,28.0,29.9,4.95,1.99,4.96,0.16,0.0,0.0,1027.0,8228.0,0.0,0.0,0.0,0.0,0.0,1.0,0.0,0.0,0.0,0.0,0.0,-0.2,0.0,0.2,0.0,0.0,16.0,25903.0
2026-07-30T19:03:29.785Z,379.268,379.284,0.0,7.4,0.0,0.0,0.0,0.0,0.0,0.0,0.0,0.0,1.0,0.0,0.0,0.0,9.0,4.0,0.0,0.0,0.0,0.0,0.0,0.0,0.0,0.0,6.0,12.0,1.0,12.17,5.0200000000000005,2.51,1.5,0.0,0.0,0.0,361.3,0.0,-0.9,0.5,-0.8,-169.60000000000002,0.0,0.0,169.70000000000002,0.0,21.700000000000003,28.9,28.9,30.9,300.0,300.0,31.6,35.800000000000004,28.8,28.0,29.9,4.96,1.99,4.97,0.16,0.0,0.0,1027.0,8228.0,0.0,0.0,0.0,0.0,0.0,1.0,0.0,0.0,0.0,0.0,0.0,-1.7000000000000002,0.0,1.1,0.0,0.0,16.0,25903.0
2026-07-30T19:03:29.798Z,379.281,379.296,0.0,7.4,0.0,0.0,0.0,0.0,0.0,0.0,0.0,0.0,1.0,0.0,0.0,0.0,9.0,4.0,0.0,0.0,0.0,0.0,0.0,0.0,0.0,0.0,1.0,12.0,1.0,12.17,5.0200000000000005,2.51,1.5,0.0,0.0,0.0,361.3,0.0,0.2,-1.2000000000000002,-0.9,-169.60000000000002,0.0,0.0,169.60000000000002,0.0,21.700000000000003,28.9,28.9,30.9,300.0,300.0,31.6,35.800000000000004,28.8,28.0,29.9,4.96,1.99,4.97,0.16,0.0,0.0,1027.0,8228.0,0.0,0.0,0.0,0.0,0.0,1.0,0.0,0.0,0.0,0.0,0.0,-2.0,0.0,0.5,0.0,0.0,16.0,25903.0
2026-07-30T19:03:29.810Z,379.293,379.308,0.0,7.4,0.0,0.0,0.0,0.0,0.0,0.0,0.0,0.0,1.0,0.0,0.0,0.0,9.0,4.0,0.0,0.0,0.0,0.0,0.0,0.0,0.0,0.0,2.0,12.0,1.0,12.17,5.0200000000000005,2.51,1.5,0.0,0.0,0.0,361.4,0.0,-0.3,0.5,-0.3,-169.60000000000002,0.0,0.0,169.60000000000002,0.0,21.700000000000003,28.9,28.9,30.9,300.0,300.0,31.6,35.800000000000004,28.8,28.0,29.9,4.96,1.99,4.96,0.16,0.0,0.0,1027.0,8228.0,0.0,0.0,0.0,0.0,0.0,1.0,0.0,0.0,0.0,0.0,0.0,0.3,0.0,0.4,0.0,0.0,16.0,25903.0
2026-07-30T19:03:29.822Z,379.305,379.32,0.0,7.4,0.0,0.0,0.0,0.0,0.0,0.0,0.0,0.0,1.0,0.0,0.0,0.0,9.0,4.0,0.0,0.0,0.0,0.0,0.0,0.0,0.0,0.0,3.0,12.0,1.0,12.17,5.01,2.51,1.5,0.0,0.0,0.0,361.3,0.0,-0.8,0.0,-0.9,-169.60000000000002,0.0,0.0,169.60000000000002,0.0,21.8,28.9,28.9,30.9,300.0,300.0,31.700000000000003,35.800000000000004,28.9,28.0,29.9,4.96,2.0,4.96,0.16,0.0,0.0,1027.0,8228.0,0.0,0.0,0.0,0.0,0.0,1.0,0.0,0.0,0.0,0.0,0.0,-0.7000000000000001,0.0,0.8,0.0,0.0,16.0,25903.0
2026-07-30T19:03:29.833Z,379.316,379.332,0.0,7.4,0.0,0.0,0.0,0.0,0.0,0.0,0.0,0.0,1.0,0.0,0.0,0.0,9.0,4.0,0.0,0.0,0.0,0.0,0.0,0.0,0.0,0.0,4.0,12.0,1.0,12.17,5.01,2.51,1.5,-0.1,0.1,0.0,361.4,0.0,0.2,-0.5,1.4,-169.60000000000002,0.0,0.0,169.70000000000002,0.0,21.8,28.9,28.9,30.9,300.0,300.0,31.700000000000003,35.800000000000004,28.9,28.0,29.9,4.96,2.0,4.96,0.16,0.0,0.0,1027.0,8228.0,0.0,0.0,0.0,0.0,0.0,1.0,0.0,0.0,0.0,0.0,0.0,0.4,0.0,-1.4,0.0,0.0,16.0,25903.0
2026-07-30T19:03:29.845Z,379.328,379.344,0.0,7.4,0.0,0.0,0.0,0.0,0.0,0.0,0.0,0.0,1.0,0.0,0.0,0.0,9.0,4.0,0.0,0.0,0.0,0.0,0.0,0.0,0.0,0.0,5.0,12.0,1.0,12.17,5.01,2.51,1.5,0.0,0.0,0.0,361.3,0.0,-0.2,-1.2000000000000002,-0.9,-169.60000000000002,0.0,0.0,169.70000000000002,0.0,21.8,28.9,28.9,30.9,300.0,300.0,31.700000000000003,35.800000000000004,28.9,28.0,29.9,4.95,1.99,4.97,0.16,0.0,0.0,1027.0,8228.0,0.0,0.0,0.0,0.0,0.0,1.0,0.0,0.0,0.0,0.0,0.0,-2.0,0.0,0.5,0.0,0.0,16.0,25903.0
2026-07-30T19:03:29.857Z,379.34,379.356,0.0,7.4,0.0,0.0,0.0,0.0,0.0,0.0,0.0,0.0,1.0,0.0,0.0,0.0,9.0,4.0,0.0,0.0,0.0,0.0,0.0,0.0,0.0,0.0,6.0,12.0,1.0,12.17,5.01,2.51,1.5,0.0,0.0,0.0,361.3,0.0,-0.2,-0.6000000000000001,-0.8,-169.60000000000002,0.0,0.0,169.70000000000002,0.0,21.8,28.9,28.9,30.9,300.0,300.0,31.700000000000003,35.800000000000004,28.9,28.0,29.9,4.95,1.99,4.97,0.16,0.0,0.0,1027.0,8228.0,0.0,0.0,0.0,0.0,0.0,1.0,0.0,0.0,0.0,0.0,0.0,-1.3,0.0,0.6000000000000001,0.0,0.0,16.0,25903.0
2026-07-30T19:03:29.870Z,379.353,379.368,0.0,7.4,0.0,0.0,0.0,0.0,0.0,0.0,0.0,0.0,1.0,0.0,0.0,0.0,9.0,4.0,0.0,0.0,0.0,0.0,0.0,0.0,0.0,0.0,1.0,12.0,1.0,12.17,5.01,2.51,1.5,0.0,0.0,0.0,361.3,0.0,0.3,0.5,-0.1,-169.60000000000002,0.0,0.0,169.70000000000002,0.0,21.8,28.9,28.9,30.9,300.0,300.0,31.700000000000003,35.800000000000004,28.9,28.0,29.9,4.96,1.99,4.97,0.16,0.0,0.0,1027.0,8228.0,0.0,0.0,0.0,0.0,0.0,1.0,0.0,0.0,0.0,0.0,0.0,0.4,0.0,0.2,0.0,0.0,16.0,25903.0
2026-07-30T19:03:29.881Z,379.364,379.38,0.0,7.4,0.0,0.0,0.0,0.0,0.0,0.0,0.0,0.0,1.0,0.0,0.0,0.0,9.0,4.0,0.0,0.0,0.0,0.0,0.0,0.0,0.0,0.0,3.0,12.0,1.0,12.17,5.01,2.51,1.5,0.0,0.0,0.0,361.3,0.0,-0.8,0.0,-0.7000000000000001,-169.60000000000002,0.0,0.0,169.8,0.0,21.8,28.9,28.9,30.9,300.0,300.0,31.700000000000003,35.800000000000004,28.9,28.0,29.9,4.96,1.99,4.97,0.16,0.0,0.0,1027.0,8228.0,0.0,0.0,0.0,0.0,0.0,1.0,0.0,0.0,0.0,0.0,0.0,-0.6000000000000001,0.0,0.6000000000000001,0.0,0.0,16.0,25903.0
2026-07-30T19:03:29.894Z,379.377,379.392,0.0,7.4,0.0,0.0,0.0,0.0,0.0,0.0,0.0,0.0,1.0,0.0,0.0,0.0,9.0,4.0,0.0,0.0,0.0,0.0,0.0,0.0,0.0,0.0,4.0,12.0,1.0,12.17,5.01,2.51,1.5,0.0,0.0,0.0,361.3,0.0,-0.8,0.0,1.0,-169.60000000000002,0.0,0.0,169.8,0.0,21.8,28.9,28.9,30.9,300.0,300.0,31.700000000000003,35.800000000000004,28.9,28.0,29.9,4.95,1.99,4.97,0.16,0.0,0.0,1027.0,8228.0,0.0,0.0,0.0,0.0,0.0,1.0,0.0,0.0,0.0,0.0,0.0,0.7000000000000001,0.0,-0.8,0.0,0.0,16.0,25903.0
2026-07-30T19:03:29.906Z,379.389,379.404,0.0,7.4,0.0,0.0,0.0,0.0,0.0,0.0,0.0,0.0,1.0,0.0,0.0,0.0,9.0,4.0,0.0,0.0,0.0,0.0,0.0,0.0,0.0,0.0,5.0,12.0,1.0,12.17,5.01,2.51,1.5,0.0,0.0,0.0,361.4,0.0,0.3,0.0,0.4,-169.60000000000002,0.0,0.0,169.8,0.0,21.8,28.9,28.9,30.9,300.0,300.0,31.700000000000003,35.800000000000004,28.9,28.0,29.9,4.95,2.0,4.96,0.16,0.0,0.0,1027.0,8228.0,0.0,0.0,0.0,0.0,0.0,1.0,0.0,0.0,0.0,0.0,0.0,0.2,0.0,-0.3,0.0,0.0,16.0,25903.0
2026-07-30T19:03:29.918Z,379.401,379.416,0.0,7.4,0.0,0.0,0.0,0.0,0.0,0.0,0.0,0.0,1.0,0.0,0.0,0.0,9.0,4.0,0.0,0.0,0.0,0.0,0.0,0.0,0.0,0.0,1.0,12.0,1.0,12.17,5.01,2.51,1.5,0.0,0.1,0.0,361.4,0.0,0.9,1.1,1.5,-169.70000000000002,0.0,0.0,169.8,0.0,21.8,28.9,28.9,30.9,300.0,300.0,31.700000000000003,35.800000000000004,28.9,28.0,29.9,4.96,2.0,4.96,0.16,0.0,0.0,1027.0,8228.0,0.0,0.0,0.0,0.0,0.0,1.0,0.0,0.0,0.0,0.0,0.0,2.4000000000000004,0.0,-1.1,0.0,0.0,16.0,25903.0
2026-07-30T19:03:29.930Z,379.413,379.428,0.0,7.4,0.0,0.0,0.0,0.0,0.0,0.0,0.0,0.0,1.0,0.0,0.0,0.0,9.0,4.0,0.0,0.0,0.0,0.0,0.0,0.0,0.0,0.0,2.0,12.0,1.0,12.13,5.0200000000000005,2.51,1.5,0.0,0.0,0.0,361.4,0.0,0.3,-0.5,0.3,-169.70000000000002,0.0,0.0,169.8,0.0,22.1,28.9,28.9,30.9,300.0,300.0,31.6,35.9,28.9,28.0,29.9,4.95,2.0,4.97,0.16,0.0,0.0,1027.0,8228.0,0.0,0.0,0.0,0.0,0.0,1.0,0.0,0.0,0.0,0.0,0.0,-0.3,0.0,-0.4,0.0,0.0,16.0,25903.0
2026-07-30T19:03:29.942Z,379.425,379.44,0.0,7.4,0.0,0.0,0.0,0.0,0.0,0.0,0.0,0.0,1.0,0.0,0.0,0.0,9.0,4.0,0.0,0.0,0.0,0.0,0.0,0.0,0.0,0.0,2.0,12.0,1.0,12.13,5.0200000000000005,2.51,1.5,0.0,0.0,0.0,361.3,0.0,0.3,0.0,0.3,-169.70000000000002,0.0,0.0,169.70000000000002,0.0,22.1,28.9,28.9,30.9,300.0,300.0,31.6,35.9,28.9,28.0,29.9,4.96,2.0,4.96,0.16,0.0,0.0,1027.0,8228.0,0.0,0.0,0.0,0.0,0.0,1.0,0.0,0.0,0.0,0.0,0.0,0.2,0.0,-0.3,0.0,0.0,16.0,25903.0
2026-07-30T19:03:29.954Z,379.437,379.452,0.0,7.4,0.0,0.0,0.0,0.0,0.0,0.0,0.0,0.0,1.0,0.0,0.0,0.0,9.0,4.0,0.0,0.0,0.0,0.0,0.0,0.0,0.0,0.0,4.0,12.0,1.0,12.13,5.0200000000000005,2.51,1.5,0.0,0.0,0.0,361.3,0.0,0.9,0.5,1.5,-169.70000000000002,0.0,0.0,169.8,0.0,22.1,28.9,28.9,30.9,300.0,300.0,31.6,35.9,28.9,28.0,29.9,4.96,1.99,4.96,0.16,0.0,0.0,1027.0,8228.0,0.0,0.0,0.0,0.0,0.0,1.0,0.0,0.0,0.0,0.0,0.0,1.8,0.0,-1.2000000000000002,0.0,0.0,16.0,25903.0
2026-07-30T19:03:29.966Z,379.449,379.464,0.0,7.4,0.0,0.0,0.0,0.0,0.0,0.0,0.0,0.0,1.0,0.0,0.0,0.0,9.0,4.0,0.0,0.0,0.0,0.0,0.0,0.0,0.0,0.0,6.0,12.0,1.0,12.13,5.0200000000000005,2.51,1.5,0.0,0.0,0.0,361.3,0.0,-1.3,0.0,-0.7000000000000001,-169.70000000000002,0.0,0.0,169.70000000000002,0.0,22.1,28.9,28.9,30.9,300.0,300.0,31.6,35.9,28.9,28.0,29.9,4.96,1.99,4.96,0.16,0.0,0.0,1027.0,8228.0,0.0,0.0,0.0,0.0,0.0,1.0,0.0,0.0,0.0,0.0,0.0,-0.5,0.0,0.6000000000000001,0.0,0.0,16.0,25903.0
2026-07-30T19:03:29.977Z,379.46,379.476,0.0,7.4,0.0,0.0,0.0,0.0,0.0,0.0,0.0,0.0,1.0,0.0,0.0,0.0,9.0,4.0,0.0,0.0,0.0,0.0,0.0,0.0,0.0,0.0,6.0,12.0,1.0,12.13,5.0200000000000005,2.51,1.5,0.0,0.0,0.0,361.3,0.0,-0.1,-1.1,-0.7000000000000001,-169.70000000000002,0.0,0.0,169.8,0.0,22.1,28.9,28.9,30.9,300.0,300.0,31.6,35.9,28.9,28.0,29.9,4.95,1.99,4.97,0.16,0.0,0.0,1027.0,8228.0,0.0,0.0,0.0,0.0,0.0,1.0,0.0,0.0,0.0,0.0,0.0,-1.8,0.0,0.4,0.0,0.0,16.0,25903.0
2026-07-30T19:03:29.990Z,379.473,379.488,0.0,7.4,0.0,0.0,0.0,0.0,0.0,0.0,0.0,0.0,1.0,0.0,0.0,0.0,9.0,4.0,0.0,0.0,0.0,0.0,0.0,0.0,0.0,0.0,1.0,12.0,1.0,12.13,5.0200000000000005,2.51,1.5,0.0,0.0,0.0,361.3,0.0,-0.1,0.6000000000000001,0.4,-169.70000000000002,0.0,0.0,169.60000000000002,0.0,22.1,28.9,28.9,30.9,300.0,300.0,31.6,35.9,28.9,28.0,29.9,4.96,2.0,4.96,0.16,0.0,0.0,1027.0,8228.0,0.0,0.0,0.0,0.0,0.0,1.0,0.0,0.0,0.0,0.0,0.0,1.0,0.0,-0.2,0.0,0.0,16.0,25903.0
2026-07-30T19:03:30.002Z,379.485,379.5,0.0,7.4,0.0,0.0,0.0,0.0,0.0,0.0,0.0,0.0,1.0,0.0,0.0,0.0,9.0,4.0,0.0,0.0,0.0,0.0,0.0,0.0,0.0,0.0,3.0,12.0,1.0,12.13,5.0200000000000005,2.51,1.5,0.0,0.0,0.0,361.3,0.0,-0.7000000000000001,0.0,-0.7000000000000001,-169.70000000000002,0.0,0.0,169.70000000000002,0.0,22.1,28.9,28.9,30.9,300.0,300.0,31.6,35.9,28.9,28.0,29.9,4.96,1.99,4.97,0.16,0.0,0.0,1027.0,8228.0,0.0,0.0,0.0,0.0,0.0,1.0,0.0,0.0,0.0,0.0,0.0,-0.5,0.0,0.6000000000000001,0.0,0.0,16.0,25903.0
2026-07-30T19:03:30.013Z,379.496,379.512,0.0,7.4,0.0,0.0,0.0,0.0,0.0,0.0,0.0,0.0,1.0,0.0,0.0,0.0,9.0,4.0,0.0,0.0,0.0,0.0,0.0,0.0,0.0,0.0,4.0,12.0,1.0,12.13,5.0200000000000005,2.51,1.5,0.0,0.0,0.0,361.4,0.0,-0.8,0.6000000000000001,-0.2,-169.70000000000002,0.0,0.0,169.8,0.0,22.1,28.9,28.9,30.9,300.0,300.0,31.6,35.9,28.9,28.0,29.9,4.95,1.99,4.97,0.16,0.0,0.0,1027.0,8228.0,0.0,0.0,0.0,0.0,0.0,1.0,0.0,0.0,0.0,0.0,0.0,0.6000000000000001,0.0,0.3,0.0,0.0,16.0,25903.0
2026-07-30T19:03:30.026Z,379.509,379.524,0.0,7.4,0.0,0.0,0.0,0.0,0.0,0.0,0.0,0.0,1.0,0.0,0.0,0.0,9.0,4.0,0.0,0.0,0.0,0.0,0.0,0.0,0.0,0.0,5.0,12.0,1.0,12.18,5.0200000000000005,2.51,1.49,0.0,0.0,0.0,361.3,0.0,-0.2,0.6000000000000001,-0.7000000000000001,-169.70000000000002,0.0,0.0,169.8,0.0,20.9,28.9,28.9,30.9,300.0,300.0,31.700000000000003,35.800000000000004,28.8,28.0,29.9,4.96,1.99,4.97,0.16,0.0,0.0,1027.0,8228.0,0.0,0.0,0.0,0.0,0.0,1.0,0.0,0.0,0.0,0.0,0.0,0.2,0.0,0.8,0.0,0.0,16.0,25903.0
2026-07-30T19:03:30.037Z,379.52,379.536,0.0,7.4,0.0,0.0,0.0,0.0,0.0,0.0,0.0,0.0,1.0,0.0,0.0,0.0,9.0,4.0,0.0,0.0,0.0,0.0,0.0,0.0,0.0,0.0,6.0,12.0,1.0,12.18,5.0200000000000005,2.51,1.49,0.0,0.0,0.0,361.4,0.0,0.3,-1.6,-0.7000000000000001,-169.70000000000002,0.0,0.0,169.8,0.0,20.9,28.9,28.9,30.9,300.0,300.0,31.700000000000003,35.800000000000004,28.8,28.0,29.9,4.96,1.99,4.96,0.16,0.0,0.0,1027.0,8228.0,0.0,0.0,0.0,0.0,0.0,1.0,0.0,0.0,0.0,0.0,0.0,-2.4000000000000004,0.0,0.3,0.0,0.0,16.0,25903.0
2026-07-30T19:03:30.049Z,379.532,379.548,0.0,7.4,0.0,0.0,0.0,0.0,0.0,0.0,0.0,0.0,1.0,0.0,0.0,0.0,9.0,4.0,0.0,0.0,0.0,0.0,0.0,0.0,0.0,0.0,1.0,12.0,1.0,12.18,5.0200000000000005,2.51,1.49,0.0,0.0,0.0,361.4,0.0,-0.2,1.3,-1.9,-169.70000000000002,0.0,0.0,169.8,0.0,20.9,28.9,28.9,30.9,300.0,300.0,31.700000000000003,35.800000000000004,28.8,28.0,29.9,4.96,1.99,4.97,0.16,0.0,0.0,1027.0,8228.0,0.0,0.0,0.0,0.0,0.0,1.0,0.0,0.0,0.0,0.0,0.0,0.0,0.0,1.9,0.0,0.0,16.0,25903.0
2026-07-30T19:03:30.062Z,379.545,379.56,0.0,7.4,0.0,0.0,0.0,0.0,0.0,0.0,0.0,0.0,1.0,0.0,0.0,0.0,9.0,4.0,0.0,0.0,0.0,0.0,0.0,0.0,0.0,0.0,2.0,12.0,1.0,12.18,5.0200000000000005,2.51,1.49,0.0,0.0,0.0,361.4,0.0,-0.8,-0.4,-1.2000000000000002,-169.70000000000002,0.0,0.0,169.8,0.0,20.9,28.9,28.9,30.9,300.0,300.0,31.700000000000003,35.800000000000004,28.8,28.0,29.9,4.96,1.99,4.97,0.16,0.0,0.0,1027.0,8228.0,0.0,0.0,0.0,0.0,0.0,1.0,0.0,0.0,0.0,0.0,0.0,-1.4,0.0,1.0,0.0,0.0,16.0,25903.0
2026-07-30T19:03:30.074Z,379.557,379.572,0.0,7.4,0.0,0.0,0.0,0.0,0.0,0.0,0.0,0.0,1.0,0.0,0.0,0.0,9.0,4.0,0.0,0.0,0.0,0.0,0.0,0.0,0.0,0.0,3.0,12.0,1.0,12.18,5.0200000000000005,2.51,1.49,0.0,0.0,0.0,361.3,0.0,0.3,-1.0,0.4,-169.70000000000002,0.0,0.0,169.8,0.0,20.9,28.9,28.9,30.9,300.0,300.0,31.700000000000003,35.800000000000004,28.8,28.0,29.9,4.96,1.99,4.96,0.16,0.0,0.0,1027.0,8228.0,0.0,0.0,0.0,0.0,0.0,1.0,0.0,0.0,0.0,0.0,0.0,-0.7000000000000001,0.0,-0.6000000000000001,0.0,0.0,16.0,25903.0
2026-07-30T19:03:30.085Z,379.568,379.584,0.0,7.4,0.0,0.0,0.0,0.0,0.0,0.0,0.0,0.0,1.0,0.0,0.0,0.0,9.0,4.0,0.0,0.0,0.0,0.0,0.0,0.0,0.0,0.0,3.0,12.0,1.0,12.18,5.0200000000000005,2.51,1.49,0.0,0.0,0.0,361.3,0.0,-0.2,0.1,0.0,-169.70000000000002,0.0,0.0,169.8,0.0,20.9,28.9,28.9,30.9,300.0,300.0,31.700000000000003,35.800000000000004,28.8,28.0,29.9,4.95,2.0,4.97,0.16,0.0,0.0,1027.0,8228.0,0.0,0.0,0.0,0.0,0.0,1.0,0.0,0.0,0.0,0.0,0.0,0.1,0.0,0.1,0.0,0.0,16.0,25903.0
2026-07-30T19:03:30.097Z,379.58,379.596,0.0,7.4,0.0,0.0,0.0,0.0,0.0,0.0,0.0,0.0,1.0,0.0,0.0,0.0,9.0,4.0,0.0,0.0,0.0,0.0,0.0,0.0,0.0,0.0,4.0,12.0,1.0,12.18,5.0200000000000005,2.51,1.49,0.1,0.0,0.0,361.4,0.0,-0.8,-0.3,-1.2000000000000002,-169.70000000000002,0.0,0.0,169.8,0.0,20.9,28.9,28.9,30.9,300.0,300.0,31.700000000000003,35.800000000000004,28.8,28.0,29.9,4.95,1.99,4.97,0.16,0.0,0.0,1027.0,8228.0,0.0,0.0,0.0,0.0,0.0,1.0,0.0,0.0,0.0,0.0,0.0,-1.3,0.0,0.9,0.0,0.0,16.0,25903.0
2026-07-30T19:03:30.110Z,379.593,379.608,0.0,7.4,0.0,0.0,0.0,0.0,0.0,0.0,0.0,0.0,1.0,0.0,0.0,0.0,9.0,4.0,0.0,0.0,0.0,0.0,0.0,0.0,0.0,0.0,5.0,12.0,1.0,12.18,5.0200000000000005,2.51,1.49,0.0,0.1,0.0,361.3,0.0,-0.7000000000000001,0.1,0.5,-169.70000000000002,0.0,0.0,169.8,0.0,20.9,28.9,28.9,30.9,300.0,300.0,31.700000000000003,35.800000000000004,28.8,28.0,29.9,4.96,1.99,4.97,0.16,0.0,0.0,1027.0,8228.0,0.0,0.0,0.0,0.0,0.0,1.0,0.0,0.0,0.0,0.0,0.0,0.5,0.0,-0.4,0.0,0.0,16.0,25903.0
2026-07-30T19:03:30.122Z,379.605,379.62,0.0,7.4,0.0,0.0,0.0,0.0,0.0,0.0,0.0,0.0,1.0,0.0,0.0,0.0,9.0,4.0,0.0,0.0,0.0,0.0,0.0,0.0,0.0,0.0,1.0,12.0,1.0,12.18,5.0200000000000005,2.51,1.49,0.0,0.0,0.0,361.4,0.0,0.3,-0.4,0.0,-169.70000000000002,0.0,0.0,169.8,0.0,20.9,28.9,28.9,30.9,300.0,300.0,31.700000000000003,35.800000000000004,28.8,28.0,29.9,4.96,1.99,4.96,0.16,0.0,0.0,1027.0,8228.0,0.0,0.0,0.0,0.0,0.0,1.0,0.0,0.0,0.0,0.0,0.0,-0.4,0.0,0.0,0.0,0.0,16.0,25903.0
2026-07-30T19:03:30.133Z,379.616,379.632,0.0,7.4,0.0,0.0,0.0,0.0,0.0,0.0,0.0,0.0,1.0,0.0,0.0,0.0,9.0,4.0,0.0,0.0,0.0,0.0,0.0,0.0,0.0,0.0,2.0,12.0,1.0,12.14,5.01,2.51,1.49,0.0,0.0,0.0,361.4,0.0,-0.7000000000000001,-0.4,0.5,-169.70000000000002,0.0,0.0,169.8,0.0,21.200000000000003,28.9,28.9,30.9,300.0,300.0,31.700000000000003,35.9,28.9,28.0,29.9,4.95,1.99,4.96,0.16,0.0,0.0,1027.0,8228.0,0.0,0.0,0.0,0.0,0.0,1.0,0.0,0.0,0.0,0.0,0.0,-0.1,0.0,-0.5,0.0,0.0,16.0,25903.0
2026-07-30T19:03:30.145Z,379.628,379.644,0.0,7.4,0.0,0.0,0.0,0.0,0.0,0.0,0.0,0.0,1.0,0.0,0.0,0.0,9.0,4.0,0.0,0.0,0.0,0.0,0.0,0.0,0.0,0.0,3.0,12.0,1.0,12.14,5.01,2.51,1.49,0.0,0.1,0.0,361.4,0.0,-0.2,0.6000000000000001,-0.6000000000000001,-169.70000000000002,0.0,0.0,169.8,0.0,21.200000000000003,28.9,28.9,30.9,300.0,300.0,31.700000000000003,35.9,28.9,28.0,29.9,4.95,1.99,4.96,0.16,0.0,0.0,1027.0,8228.0,0.0,0.0,0.0,0.0,0.0,1.0,0.0,0.0,0.0,0.0,0.0,0.2,0.0,0.6000000000000001,0.0,0.0,16.0,25903.0
2026-07-30T19:03:30.157Z,379.64,379.656,0.0,7.4,0.0,0.0,0.0,0.0,0.0,0.0,0.0,0.0,1.0,0.0,0.0,0.0,9.0,4.0,0.0,0.0,0.0,0.0,0.0,0.0,0.0,0.0,5.0,12.0,1.0,12.14,5.01,2.51,1.49,0.0,0.0,0.0,361.3,0.0,-0.2,0.6000000000000001,0.5,-169.70000000000002,0.0,0.0,169.8,0.0,21.200000000000003,28.9,28.9,30.9,300.0,300.0,31.700000000000003,35.9,28.9,28.0,29.9,4.95,1.99,4.96,0.16,0.0,0.0,1027.0,8228.0,0.0,0.0,0.0,0.0,0.0,1.0,0.0,0.0,0.0,0.0,0.0,1.2000000000000002,0.0,-0.3,0.0,0.0,16.0,25903.0
2026-07-30T19:03:30.170Z,379.653,379.668,0.0,7.4,0.0,0.0,0.0,0.0,0.0,0.0,0.0,0.0,1.0,0.0,0.0,0.0,9.0,4.0,0.0,0.0,0.0,0.0,0.0,0.0,0.0,0.0,6.0,12.0,1.0,12.14,5.01,2.51,1.49,0.0,0.0,0.0,361.3,0.0,-0.2,-0.5,0.0,-169.70000000000002,0.0,0.0,169.8,0.0,21.200000000000003,28.9,28.9,30.9,300.0,300.0,31.700000000000003,35.9,28.9,28.0,29.9,4.95,1.99,4.97,0.16,0.0,0.0,1027.0,8228.0,0.0,0.0,0.0,0.0,0.0,1.0,0.0,0.0,0.0,0.0,0.0,-0.6000000000000001,0.0,0.0,0.0,0.0,16.0,25903.0
2026-07-30T19:03:30.181Z,379.664,379.68,0.0,7.4,0.0,0.0,0.0,0.0,0.0,0.0,0.0,0.0,1.0,0.0,0.0,0.0,9.0,4.0,0.0,0.0,0.0,0.0,0.0,0.0,0.0,0.0,2.0,12.0,1.0,12.14,5.01,2.51,1.49,0.0,0.0,0.0,361.4,0.0,-0.2,0.0,1.1,-169.70000000000002,0.0,0.0,169.8,0.0,21.200000000000003,28.9,28.9,30.9,300.0,300.0,31.700000000000003,35.9,28.9,28.0,29.9,4.96,1.99,4.97,0.16,0.0,0.0,1027.0,8228.0,0.0,0.0,0.0,0.0,0.0,1.0,0.0,0.0,0.0,0.0,0.0,0.9,0.0,-0.9,0.0,0.0,16.0,25903.0
2026-07-30T19:03:30.193Z,379.676,379.692,0.0,7.4,0.0,0.0,0.0,0.0,0.0,0.0,0.0,0.0,1.0,0.0,0.0,0.0,9.0,4.0,0.0,0.0,0.0,0.0,0.0,0.0,0.0,0.0,3.0,12.0,1.0,12.14,5.01,2.51,1.49,0.0,0.0,0.0,361.4,0.0,-0.2,0.6000000000000001,1.7000000000000002,-169.70000000000002,0.0,0.0,169.8,0.0,21.200000000000003,28.9,28.9,30.9,300.0,300.0,31.700000000000003,35.9,28.9,28.0,29.9,4.96,1.99,4.96,0.16,0.0,0.0,1027.0,8228.0,0.0,0.0,0.0,0.0,0.0,1.0,0.0,0.0,0.0,0.0,0.0,2.0,0.0,-1.3,0.0,0.0,16.0,25903.0
2026-07-30T19:03:30.206Z,379.689,379.704,0.0,7.4,0.0,0.0,0.0,0.0,0.0,0.0,0.0,0.0,1.0,0.0,0.0,0.0,9.0,4.0,0.0,0.0,0.0,0.0,0.0,0.0,0.0,0.0,4.0,12.0,1.0,12.14,5.01,2.51,1.49,0.0,0.0,0.0,361.4,0.0,-0.8,0.0,-0.6000000000000001,-169.70000000000002,0.0,0.0,169.8,0.0,21.200000000000003,28.9,28.9,30.9,300.0,300.0,31.700000000000003,35.9,28.9,28.0,29.9,4.96,1.99,4.96,0.16,0.0,0.0,1027.0,8228.0,0.0,0.0,0.0,0.0,0.0,1.0,0.0,0.0,0.0,0.0,0.0,-0.4,0.0,0.5,0.0,0.0,16.0,25903.0
2026-07-30T19:03:30.217Z,379.7,379.716,-0.1,7.4,0.0,0.0,0.0,0.0,0.0,0.0,0.0,0.0,1.0,0.0,0.0,0.0,9.0,4.0,0.0,0.0,0.0,0.0,0.0,0.0,0.0,0.0,6.0,12.0,1.0,12.14,5.01,2.51,1.49,0.0,0.0,0.0,361.4,0.0,0.9,0.0,0.4,-169.70000000000002,0.0,0.0,169.8,0.0,21.200000000000003,28.9,28.9,30.9,300.0,300.0,31.700000000000003,35.9,28.9,28.0,29.9,4.95,1.99,4.97,0.16,0.0,0.0,1027.0,8228.0,0.0,0.0,0.0,0.0,0.0,1.0,0.0,0.0,0.0,0.0,0.0,0.4,0.0,-0.4,0.0,0.0,16.0,25903.0
2026-07-30T19:03:30.231Z,379.714,379.728,0.0,7.4,0.0,0.0,0.0,0.0,0.0,0.0,0.0,0.0,1.0,0.0,0.0,0.0,9.0,4.0,0.0,0.0,0.0,0.0,0.0,0.0,0.0,0.0,1.0,12.0,1.0,12.17,5.0200000000000005,2.51,1.49,0.0,0.0,0.0,361.4,0.0,0.3,0.6000000000000001,0.4,-169.70000000000002,0.0,0.0,169.8,0.0,21.700000000000003,28.9,28.9,30.9,300.0,300.0,31.700000000000003,35.9,28.9,28.0,29.9,4.96,1.99,4.96,0.16,0.0,0.0,1027.0,8228.0,0.0,0.0,0.0,0.0,0.0,1.0,0.0,0.0,0.0,0.0,0.0,1.0,0.0,-0.2,0.0,0.0,16.0,25903.0
2026-07-30T19:03:30.242Z,379.725,379.74,0.0,7.4,0.0,0.0,0.0,0.0,0.0,0.0,0.0,0.0,1.0,0.0,0.0,0.0,9.0,4.0,0.0,0.0,0.0,0.0,0.0,0.0,0.0,0.0,3.0,12.0,1.0,12.17,5.0200000000000005,2.51,1.49,0.0,0.0,0.0,361.3,0.0,-0.2,0.0,0.0,-169.70000000000002,0.0,0.0,169.8,0.0,21.700000000000003,28.9,28.9,30.9,300.0,300.0,31.700000000000003,35.9,28.9,28.0,29.9,4.96,1.99,4.97,0.16,0.0,0.0,1027.0,8228.0,0.0,0.0,0.0,0.0,0.0,1.0,0.0,0.0,0.0,0.0,0.0,0.0,0.0,0.0,0.0,0.0,16.0,25903.0
2026-07-30T19:03:30.253Z,379.736,379.752,0.0,7.4,0.0,0.0,0.0,0.0,0.0,0.0,0.0,0.0,1.0,0.0,0.0,0.0,9.0,4.0,0.0,0.0,0.0,0.0,0.0,0.0,0.0,0.0,4.0,12.0,1.0,12.17,5.0200000000000005,2.51,1.49,0.0,0.0,0.0,361.2000000000001,0.0,0.2,-0.5,1.5,-169.70000000000002,0.0,0.0,169.70000000000002,0.0,21.700000000000003,28.9,28.9,30.9,300.0,300.0,31.700000000000003,35.9,28.9,28.0,29.9,4.95,2.0,4.97,0.16,0.0,0.0,1027.0,8228.0,0.0,0.0,0.0,0.0,0.0,1.0,0.0,0.0,0.0,0.0,0.0,0.5,0.0,-1.5,0.0,0.0,16.0,25903.0
2026-07-30T19:03:30.266Z,379.749,379.764,0.0,7.4,0.0,0.0,0.0,0.0,0.0,0.0,0.0,0.0,1.0,0.0,0.0,0.0,9.0,4.0,0.0,0.0,0.0,0.0,0.0,0.0,0.0,0.0,5.0,12.0,1.0,12.17,5.0200000000000005,2.51,1.49,0.0,0.0,0.0,361.3,0.0,0.8,0.6000000000000001,0.3,-169.70000000000002,0.0,0.0,169.70000000000002,0.0,21.700000000000003,28.9,28.9,30.9,300.0,300.0,31.700000000000003,35.9,28.9,28.0,29.9,4.96,2.0,4.97,0.16,0.0,0.0,1027.0,8228.0,0.0,0.0,0.0,0.0,0.0,1.0,0.0,0.0,0.0,0.0,0.0,1.0,0.0,-0.2,0.0,0.0,16.0,25903.0
2026-07-30T19:03:30.278Z,379.761,379.776,0.0,7.4,0.0,0.0,0.0,0.0,0.0,0.0,0.0,0.0,1.0,0.0,0.0,0.0,9.0,4.0,0.0,0.0,0.0,0.0,0.0,0.0,0.0,0.0,1.0,12.0,1.0,12.17,5.0200000000000005,2.51,1.49,0.0,0.0,0.0,361.3,0.0,0.8,-0.5,-0.7000000000000001,-169.70000000000002,0.0,0.0,169.70000000000002,0.0,21.700000000000003,28.9,28.9,30.9,300.0,300.0,31.700000000000003,35.9,28.9,28.0,29.9,4.96,1.99,4.96,0.16,0.0,0.0,1027.0,8228.0,0.0,0.0,0.0,0.0,0.0,1.0,0.0,0.0,0.0,0.0,0.0,-1.4,0.0,-0.1,0.0,0.0,16.0,25903.0
2026-07-30T19:03:30.290Z,379.773,379.788,0.0,7.4,0.0,0.0,0.0,0.0,0.0,0.0,0.0,0.0,1.0,0.0,0.0,0.0,9.0,4.0,0.0,0.0,0.0,0.0,0.0,0.0,0.0,0.0,2.0,12.0,1.0,12.17,5.0200000000000005,2.51,1.49,0.0,0.0,0.0,361.3,0.0,-0.3,0.0,-0.1,-169.70000000000002,0.0,0.0,169.60000000000002,0.0,21.700000000000003,28.9,28.9,30.9,300.0,300.0,31.700000000000003,35.9,28.9,28.0,29.9,4.96,1.99,4.96,0.16,0.0,0.0,1027.0,8228.0,0.0,0.0,0.0,0.0,0.0,1.0,0.0,0.0,0.0,0.0,0.0,0.3,0.0,-0.3,0.0,0.0,16.0,25903.0
2026-07-30T19:03:30.302Z,379.785,379.8,0.0,7.4,0.0,0.0,0.0,0.0,0.0,0.0,0.0,0.0,1.0,0.0,0.0,0.0,9.0,4.0,0.0,0.0,0.0,0.0,0.0,0.0,0.0,0.0,4.0,12.0,1.0,12.17,5.0200000000000005,2.51,1.49,0.0,0.0,0.0,361.3,0.0,-0.3,1.2000000000000002,-0.1,-169.70000000000002,0.0,0.0,169.70000000000002,0.0,21.700000000000003,28.9,28.9,30.9,300.0,300.0,31.700000000000003,35.9,28.9,28.0,29.9,4.95,1.99,4.96,0.16,0.0,0.0,1027.0,8228.0,0.0,0.0,0.0,0.0,0.0,1.0,0.0,0.0,0.0,0.0,0.0,2.1,0.0,-0.6000000000000001,0.0,0.0,16.0,25903.0
2026-07-30T19:03:30.313Z,379.796,379.812,0.0,7.4,0.0,0.0,0.0,0.0,0.0,0.0,0.0,0.0,1.0,0.0,0.0,0.0,9.0,4.0,0.0,0.0,0.0,0.0,0.0,0.0,0.0,0.0,5.0,12.0,1.0,12.17,5.0200000000000005,2.51,1.49,0.0,0.0,0.0,361.3,0.0,-0.3,-1.1,-0.7000000000000001,-169.70000000000002,0.0,0.0,169.70000000000002,0.0,21.700000000000003,28.9,28.9,30.9,300.0,300.0,31.700000000000003,35.9,28.9,28.0,29.9,4.96,1.99,4.96,0.15,0.0,0.0,1027.0,8228.0,0.0,0.0,0.0,0.0,0.0,1.0,0.0,0.0,0.0,0.0,0.0,-1.7000000000000002,0.0,0.3,0.0,0.0,16.0,25903.0
2026-07-30T19:03:30.326Z,379.809,379.824,0.0,7.4,0.0,0.0,0.0,0.0,0.0,0.0,0.0,0.0,1.0,0.0,0.0,0.0,9.0,4.0,0.0,0.0,0.0,0.0,0.0,0.0,0.0,0.0,6.0,12.0,1.0,12.17,5.0200000000000005,2.51,1.49,0.0,0.0,0.0,361.3,0.0,0.2,0.0,1.0,-169.70000000000002,0.0,0.0,169.70000000000002,0.0,21.700000000000003,28.9,28.9,30.9,300.0,300.0,31.700000000000003,35.9,28.9,28.0,29.9,4.95,1.99,4.97,0.15,0.0,0.0,1027.0,8228.0,0.0,0.0,0.0,0.0,0.0,1.0,0.0,0.0,0.0,0.0,0.0,0.8,0.0,-0.9,0.0,0.0,16.0,25903.0
2026-07-30T19:03:30.337Z,379.82,379.836,0.0,7.4,0.0,0.0,0.0,0.0,0.0,0.0,0.0,0.0,1.0,0.0,0.0,0.0,9.0,4.0,0.0,0.0,0.0,0.0,0.0,0.0,0.0,0.0,2.0,12.0,1.0,12.14,5.01,2.5,1.49,0.0,0.0,0.0,361.4,0.0,0.2,0.0,-0.6000000000000001,-169.70000000000002,0.0,0.0,169.60000000000002,0.0,21.700000000000003,28.9,28.9,30.9,300.0,300.0,31.8,35.800000000000004,28.9,28.0,29.9,4.95,1.99,4.97,0.16,0.0,0.0,1027.0,8228.0,0.0,0.0,0.0,0.0,0.0,1.0,0.0,0.0,0.0,0.0,0.0,-0.4,0.0,0.6000000000000001,0.0,0.0,16.0,25903.0
2026-07-30T19:03:30.350Z,379.833,379.848,0.0,7.4,0.0,0.0,0.0,0.0,0.0,0.0,0.0,0.0,1.0,0.0,0.0,0.0,9.0,4.0,0.0,0.0,0.0,0.0,0.0,0.0,0.0,0.0,3.0,12.0,1.0,12.14,5.01,2.5,1.49,0.0,0.0,0.0,361.3,0.0,0.2,0.6000000000000001,-0.1,-169.70000000000002,0.0,0.0,169.70000000000002,0.0,21.700000000000003,28.9,28.9,30.9,300.0,300.0,31.8,35.800000000000004,28.9,28.0,29.9,4.96,1.99,4.97,0.16,0.0,0.0,1027.0,8228.0,0.0,0.0,0.0,0.0,0.0,1.0,0.0,0.0,0.0,0.0,0.0,0.6000000000000001,0.0,0.2,0.0,0.0,16.0,25903.0
2026-07-30T19:03:30.361Z,379.844,379.86,0.0,7.4,0.0,0.0,0.0,0.0,0.0,0.0,0.0,0.0,1.0,0.0,0.0,0.0,9.0,4.0,0.0,0.0,0.0,0.0,0.0,0.0,0.0,0.0,5.0,12.0,1.0,12.14,5.01,2.5,1.49,0.0,0.0,0.0,361.3,0.0,-0.3,-1.1,-0.1,-169.70000000000002,0.0,0.0,169.70000000000002,0.0,21.700000000000003,28.9,28.9,30.9,300.0,300.0,31.8,35.800000000000004,28.9,28.0,29.9,4.96,1.99,4.96,0.16,0.0,0.0,1027.0,8228.0,0.0,0.0,0.0,0.0,0.0,1.0,0.0,0.0,0.0,0.0,0.0,-1.3,0.0,-0.1,0.0,0.0,16.0,25903.0
2026-07-30T19:03:30.373Z,379.856,379.872,0.0,7.4,0.0,0.0,0.0,0.0,0.0,0.0,0.0,0.0,1.0,0.0,0.0,0.0,9.0,4.0,0.0,0.0,0.0,0.0,0.0,0.0,0.0,0.0,6.0,12.0,1.0,12.14,5.01,2.5,1.49,0.0,0.1,0.0,361.4,0.0,0.8,-0.5,-0.1,-169.70000000000002,0.0,0.0,169.70000000000002,0.0,21.700000000000003,28.9,28.9,30.9,300.0,300.0,31.8,35.800000000000004,28.9,28.0,29.9,4.95,1.99,4.96,0.16,0.0,0.0,1027.0,8228.0,0.0,0.0,0.0,0.0,0.0,1.0,0.0,0.0,0.0,0.0,0.0,-0.7000000000000001,0.0,0.0,0.0,0.0,16.0,25903.0
2026-07-30T19:03:30.386Z,379.869,379.884,0.0,7.4,0.0,0.0,0.0,0.0,0.0,0.0,0.0,0.0,1.0,0.0,0.0,0.0,9.0,4.0,0.0,0.0,0.0,0.0,0.0,0.0,0.0,0.0,2.0,12.0,1.0,12.14,5.01,2.5,1.49,0.0,0.0,0.0,361.4,0.0,0.2,0.0,0.9,-169.70000000000002,0.0,0.0,169.60000000000002,0.0,21.700000000000003,28.9,28.9,30.9,300.0,300.0,31.8,35.800000000000004,28.9,28.0,29.9,4.95,1.99,4.96,0.16,0.0,0.0,1027.0,8228.0,0.0,0.0,0.0,0.0,0.0,1.0,0.0,0.0,0.0,0.0,0.0,0.7000000000000001,0.0,-0.8,0.0,0.0,16.0,25903.0
2026-07-30T19:03:30.397Z,379.88,379.896,0.0,7.4,0.0,0.0,0.0,0.0,0.0,0.0,0.0,0.0,1.0,0.0,0.0,0.0,9.0,4.0,0.0,0.0,0.0,0.0,0.0,0.0,0.0,0.0,4.0,12.0,1.0,12.14,5.01,2.5,1.49,0.0,0.0,0.0,361.4,0.0,-0.3,0.6000000000000001,0.3,-169.70000000000002,0.0,0.0,169.70000000000002,0.0,21.700000000000003,28.9,28.9,30.9,300.0,300.0,31.8,35.800000000000004,28.9,28.0,29.9,4.96,1.99,4.96,0.16,0.0,0.0,1027.0,8228.0,0.0,0.0,0.0,0.0,0.0,1.0,0.0,0.0,0.0,0.0,0.0,0.9,0.0,-0.1,0.0,0.0,16.0,25903.0
2026-07-30T19:03:30.409Z,379.892,379.908,0.0,7.4,0.0,0.0,0.0,0.0,0.0,0.0,0.0,0.0,1.0,0.0,0.0,0.0,9.0,4.0,0.0,0.0,0.0,0.0,0.0,0.0,0.0,0.0,5.0,12.0,1.0,12.14,5.01,2.5,1.49,0.0,0.0,0.0,361.4,0.0,0.2,1.1,0.3,-169.70000000000002,0.0,0.0,169.70000000000002,0.0,21.700000000000003,28.9,28.9,30.9,300.0,300.0,31.8,35.800000000000004,28.9,28.0,29.9,4.95,1.99,4.97,0.16,0.0,0.0,1027.0,8228.0,0.0,0.0,0.0,0.0,0.0,1.0,0.0,0.0,0.0,0.0,0.0,1.5,0.0,0.0,0.0,0.0,16.0,25903.0
2026-07-30T19:03:30.422Z,379.905,379.92,0.0,7.4,0.0,0.0,0.0,0.0,0.0,0.0,0.0,0.0,1.0,0.0,0.0,0.0,9.0,4.0,0.0,0.0,0.0,0.0,0.0,0.0,0.0,0.0,6.0,12.0,1.0,12.14,5.01,2.5,1.49,0.0,0.0,0.0,361.3,0.0,0.2,-0.6000000000000001,1.5,-169.70000000000002,0.0,0.0,169.8,0.0,21.700000000000003,28.9,28.9,30.9,300.0,300.0,31.8,35.800000000000004,28.9,28.0,29.9,4.96,1.99,4.97,0.16,0.0,0.0,1027.0,8228.0,0.0,0.0,0.0,0.0,0.0,1.0,0.0,0.0,0.0,0.0,0.0,0.4,0.0,-1.4,0.0,0.0,16.0,25903.0
2026-07-30T19:03:30.434Z,379.917,379.932,0.0,7.4,0.0,0.0,0.0,0.0,0.0,0.0,0.0,0.0,1.0,0.0,0.0,0.0,9.0,4.0,0.0,0.0,0.0,0.0,0.0,0.0,0.0,0.0,2.0,12.0,1.0,12.17,5.0200000000000005,2.51,1.49,0.0,0.1,0.0,361.3,0.0,0.2,-0.6000000000000001,-0.2,-169.70000000000002,0.0,0.0,169.70000000000002,0.0,21.700000000000003,28.9,28.9,30.9,300.0,300.0,31.8,35.9,28.8,28.0,29.9,4.96,1.99,4.97,0.16,0.0,0.0,1027.0,8228.0,0.0,0.0,0.0,0.0,0.0,1.0,0.0,0.0,0.0,0.0,0.0,-0.9,0.0,0.0,0.0,0.0,16.0,25903.0
2026-07-30T19:03:30.446Z,379.929,379.944,0.0,7.4,0.0,0.0,0.0,0.0,0.0,0.0,0.0,0.0,1.0,0.0,0.0,0.0,9.0,4.0,0.0,0.0,0.0,0.0,0.0,0.0,0.0,0.0,3.0,12.0,1.0,12.17,5.0200000000000005,2.51,1.49,0.0,0.0,0.0,361.4,0.0,0.2,0.0,-0.8,-169.70000000000002,0.0,0.0,169.8,0.0,21.700000000000003,28.9,28.9,30.9,300.0,300.0,31.8,35.9,28.8,28.0,29.9,4.96,1.99,4.97,0.16,0.0,0.0,1027.0,8228.0,0.0,0.0,0.0,0.0,0.0,1.0,0.0,0.0,0.0,0.0,0.0,-0.7000000000000001,0.0,0.7000000000000001,0.0,0.0,16.0,25903.0
2026-07-30T19:03:30.457Z,379.94,379.956,0.0,7.4,0.0,0.0,0.0,0.0,0.0,0.0,0.0,0.0,1.0,0.0,0.0,0.0,9.0,4.0,0.0,0.0,0.0,0.0,0.0,0.0,0.0,0.0,5.0,12.0,1.0,12.17,5.0200000000000005,2.51,1.49,0.0,0.1,0.0,361.4,0.0,0.2,0.0,-0.2,-169.70000000000002,0.0,0.0,169.70000000000002,0.0,21.700000000000003,28.9,28.9,30.9,300.0,300.0,31.8,35.9,28.8,28.0,29.9,4.95,1.99,4.96,0.16,0.0,0.0,1027.0,8228.0,0.0,0.0,0.0,0.0,0.0,1.0,0.0,0.0,0.0,0.0,0.0,-0.2,0.0,0.1,0.0,0.0,16.0,25903.0
2026-07-30T19:03:30.469Z,379.952,379.968,0.0,7.4,0.0,0.0,0.0,0.0,0.0,0.0,0.0,0.0,1.0,0.0,0.0,0.0,9.0,4.0,0.0,0.0,0.0,0.0,0.0,0.0,0.0,0.0,6.0,12.0,1.0,12.17,5.0200000000000005,2.51,1.49,0.0,0.0,0.0,361.3,0.0,0.2,0.0,0.9,-169.70000000000002,0.0,0.0,169.70000000000002,0.0,21.700000000000003,28.9,28.9,30.9,300.0,300.0,31.8,35.9,28.8,28.0,29.9,4.96,1.99,4.96,0.16,0.0,0.0,1027.0,8228.0,0.0,0.0,0.0,0.0,0.0,1.0,0.0,0.0,0.0,0.0,0.0,0.6000000000000001,0.0,-0.8,0.0,0.0,16.0,25903.0
2026-07-30T19:03:30.481Z,379.964,379.98,0.0,7.4,0.0,0.0,0.0,0.0,0.0,0.0,0.0,0.0,1.0,0.0,0.0,0.0,9.0,4.0,0.0,0.0,0.0,0.0,0.0,0.0,0.0,0.0,1.0,12.0,1.0,12.17,5.0200000000000005,2.51,1.49,0.0,0.0,0.0,361.3,0.0,0.2,0.0,-0.8,-169.70000000000002,0.0,0.0,169.8,0.0,21.700000000000003,28.9,28.9,30.9,300.0,300.0,31.8,35.9,28.8,28.0,29.9,4.96,1.99,4.96,0.16,0.0,0.0,1027.0,8228.0,0.0,0.0,0.0,0.0,0.0,1.0,0.0,0.0,0.0,0.0,0.0,-0.6000000000000001,0.0,0.7000000000000001,0.0,0.0,16.0,25903.0
2026-07-30T19:03:30.494Z,379.977,379.992,0.0,7.4,0.0,0.0,0.0,0.0,0.0,0.0,0.0,0.0,1.0,0.0,0.0,0.0,9.0,4.0,0.0,0.0,0.0,0.0,0.0,0.0,0.0,0.0,2.0,12.0,1.0,12.17,5.0200000000000005,2.51,1.49,0.0,0.0,0.0,361.3,0.0,-0.3,0.5,0.9,-169.70000000000002,0.0,0.0,169.8,0.0,21.700000000000003,28.9,28.9,30.9,300.0,300.0,31.8,35.9,28.8,28.0,29.9,4.95,1.99,4.96,0.16,0.0,0.0,1027.0,8228.0,0.0,0.0,0.0,0.0,0.0,1.0,0.0,0.0,0.0,0.0,0.0,1.3,0.0,-0.7000000000000001,0.0,0.0,16.0,25903.0
2026-07-30T19:03:30.506Z,379.989,380.004,0.0,7.4,0.0,0.0,0.0,0.0,0.0,0.0,0.0,0.0,1.0,0.0,0.0,0.0,9.0,4.0,0.0,0.0,0.0,0.0,0.0,0.0,0.0,0.0,3.0,12.0,1.0,12.17,5.0200000000000005,2.51,1.49,0.0,0.0,0.0,361.3,0.0,-0.3,-0.5,-0.7000000000000001,-169.70000000000002,0.0,0.0,169.8,0.0,21.700000000000003,28.9,28.9,30.9,300.0,300.0,31.8,35.9,28.8,28.0,29.9,4.96,1.99,4.96,0.16,0.0,0.0,1027.0,8228.0,0.0,0.0,0.0,0.0,0.0,1.0,0.0,0.0,0.0,0.0,0.0,-1.2000000000000002,0.0,0.5,0.0,0.0,16.0,25903.0
2026-07-30T19:03:30.518Z,380.001,380.016,0.0,7.4,0.0,0.0,0.0,0.0,0.0,0.0,0.0,0.0,1.0,0.0,0.0,0.0,9.0,4.0,0.0,0.0,0.0,0.0,0.0,0.0,0.0,0.0,5.0,12.0,1.0,12.17,5.0200000000000005,2.51,1.49,0.0,0.0,0.0,361.3,0.0,0.2,0.0,0.3,-169.70000000000002,0.0,0.0,169.8,0.0,21.700000000000003,28.9,28.9,30.9,300.0,300.0,31.8,35.9,28.8,28.0,29.9,4.96,2.0,4.97,0.16,0.0,0.0,1027.0,8228.0,0.0,0.0,0.0,0.0,0.0,1.0,0.0,0.0,0.0,0.0,0.0,0.3,0.0,-0.3,0.0,0.0,16.0,25903.0
2026-07-30T19:03:30.529Z,380.012,380.028,0.0,7.4,0.0,0.0,0.0,0.0,0.0,0.0,0.0,0.0,1.0,0.0,0.0,0.0,9.0,4.0,0.0,0.0,0.0,0.0,0.0,0.0,0.0,0.0,6.0,12.0,1.0,12.17,5.0200000000000005,2.51,1.49,0.0,0.0,0.0,361.3,0.0,0.2,-0.5,-1.3,-169.70000000000002,0.0,0.0,169.70000000000002,0.0,21.700000000000003,28.9,28.9,30.9,300.0,300.0,31.8,35.9,28.8,28.0,29.9,4.96,1.99,4.97,0.17,0.0,0.0,1027.0,8228.0,0.0,0.0,0.0,0.0,0.0,1.0,0.0,0.0,0.0,0.0,0.0,-1.6,0.0,1.0,0.0,0.0,16.0,25903.0
2026-07-30T19:03:30.541Z,380.024,380.04,0.0,7.4,0.0,0.0,0.0,0.0,0.0,0.0,0.0,0.0,1.0,0.0,0.0,0.0,9.0,4.0,0.0,0.0,0.0,0.0,0.0,0.0,0.0,0.0,1.0,12.0,1.0,12.18,5.01,2.51,1.49,0.0,0.0,0.0,361.3,0.0,-0.3,1.2000000000000002,1.0,-169.70000000000002,0.0,0.0,169.8,0.0,21.200000000000003,28.9,28.9,30.9,300.0,300.0,31.700000000000003,35.800000000000004,28.8,28.0,29.9,4.96,1.99,4.97,0.16,0.0,0.0,1027.0,8228.0,0.0,0.0,0.0,0.0,0.0,1.0,0.0,0.0,0.0,0.0,0.0,2.1,0.0,-0.6000000000000001,0.0,0.0,16.0,25903.0
2026-07-30T19:03:30.553Z,380.036,380.052,0.0,7.4,0.0,0.0,0.0,0.0,0.0,0.0,0.0,0.0,1.0,0.0,0.0,0.0,9.0,4.0,0.0,0.0,0.0,0.0,0.0,0.0,0.0,0.0,3.0,12.0,1.0,12.18,5.01,2.51,1.49,0.0,0.0,0.0,361.4,0.0,0.3,-0.5,0.4,-169.70000000000002,0.0,0.0,169.9,0.0,21.200000000000003,28.9,28.9,30.9,300.0,300.0,31.700000000000003,35.800000000000004,28.8,28.0,29.9,4.96,1.99,4.96,0.16,0.0,0.0,1027.0,8228.0,0.0,0.0,0.0,0.0,0.0,1.0,0.0,0.0,0.0,0.0,0.0,-0.2,0.0,-0.4,0.0,0.0,16.0,25903.0
2026-07-30T19:03:30.566Z,380.049,380.064,0.0,7.4,0.0,0.0,0.0,0.0,0.0,0.0,0.0,0.0,1.0,0.0,0.0,0.0,9.0,4.0,0.0,0.0,0.0,0.0,0.0,0.0,0.0,0.0,4.0,12.0,1.0,12.18,5.01,2.51,1.49,0.0,0.0,0.0,361.4,0.0,-0.2,-0.5,-0.2,-169.70000000000002,0.0,0.0,169.8,0.0,21.200000000000003,28.9,28.9,30.9,300.0,300.0,31.700000000000003,35.800000000000004,28.8,28.0,29.9,4.95,1.99,4.97,0.16,0.0,0.0,1027.0,8228.0,0.0,0.0,0.0,0.0,0.0,1.0,0.0,0.0,0.0,0.0,0.0,-0.7000000000000001,0.0,0.0,0.0,0.0,16.0,25903.0
2026-07-30T19:03:30.578Z,380.061,380.076,0.0,7.4,0.0,0.0,0.0,0.0,0.0,0.0,0.0,0.0,1.0,0.0,0.0,0.0,9.0,4.0,0.0,0.0,0.0,0.0,0.0,0.0,0.0,0.0,5.0,12.0,1.0,12.18,5.01,2.51,1.49,0.0,0.0,0.0,361.4,0.0,0.8,0.0,0.3,-169.70000000000002,0.0,0.0,169.8,0.0,21.200000000000003,28.9,28.9,30.9,300.0,300.0,31.700000000000003,35.800000000000004,28.8,28.0,29.9,4.95,1.99,4.97,0.16,0.0,0.0,1027.0,8228.0,0.0,0.0,0.0,0.0,0.0,1.0,0.0,0.0,0.0,0.0,0.0,0.3,0.0,-0.3,0.0,0.0,16.0,25903.0
2026-07-30T19:03:30.589Z,380.072,380.088,0.0,7.4,0.0,0.0,0.0,0.0,0.0,0.0,0.0,0.0,1.0,0.0,0.0,0.0,9.0,4.0,0.0,0.0,0.0,0.0,0.0,0.0,0.0,0.0,1.0,12.0,1.0,12.18,5.01,2.51,1.49,0.0,0.0,0.0,361.4,0.0,0.2,0.6000000000000001,0.3,-169.70000000000002,0.0,0.0,169.8,0.0,21.200000000000003,28.9,28.9,30.9,300.0,300.0,31.700000000000003,35.800000000000004,28.8,28.0,29.9,4.96,1.99,4.97,0.16,0.0,0.0,1027.0,8228.0,0.0,0.0,0.0,0.0,0.0,1.0,0.0,0.0,0.0,0.0,0.0,1.0,0.0,-0.2,0.0,0.0,16.0,25903.0
2026-07-30T19:03:30.601Z,380.084,380.1,0.0,7.4,0.0,0.0,0.0,0.0,0.0,0.0,0.0,0.0,1.0,0.0,0.0,0.0,9.0,4.0,0.0,0.0,0.0,0.0,0.0,0.0,0.0,0.0,1.0,12.0,1.0,12.18,5.01,2.51,1.49,0.0,0.0,0.0,361.3,0.0,0.8,0.0,-0.2,-169.70000000000002,0.0,0.0,169.8,0.0,21.200000000000003,28.9,28.9,30.9,300.0,300.0,31.700000000000003,35.800000000000004,28.8,28.0,29.9,4.96,1.99,4.96,0.16,0.0,0.0,1027.0,8228.0,0.0,0.0,0.0,0.0,0.0,1.0,0.0,0.0,0.0,0.0,0.0,0.0,0.0,0.2,0.0,0.0,16.0,25903.0
2026-07-30T19:03:30.613Z,380.096,380.112,0.0,7.4,0.0,0.0,0.0,0.0,0.0,0.0,0.0,0.0,1.0,0.0,0.0,0.0,9.0,4.0,0.0,0.0,0.0,0.0,0.0,0.0,0.0,0.0,3.0,12.0,1.0,12.18,5.01,2.51,1.49,-0.1,0.1,0.0,361.4,0.0,-0.2,0.6000000000000001,-0.2,-169.70000000000002,0.0,0.0,169.8,0.0,21.200000000000003,28.9,28.9,30.9,300.0,300.0,31.700000000000003,35.800000000000004,28.8,28.0,29.9,4.96,1.99,4.96,0.16,0.0,0.0,1027.0,8228.0,0.0,0.0,0.0,0.0,0.0,1.0,0.0,0.0,0.0,0.0,0.0,0.5,0.0,0.3,0.0,0.0,16.0,25903.0
2026-07-30T19:03:30.626Z,380.109,380.124,0.0,7.4,0.0,0.0,0.0,0.0,0.0,0.0,0.0,0.0,1.0,0.0,0.0,0.0,9.0,4.0,0.0,0.0,0.0,0.0,0.0,0.0,0.0,0.0,4.0,12.0,1.0,12.18,5.01,2.51,1.49,0.0,0.0,0.0,361.4,0.0,0.2,0.0,0.3,-169.70000000000002,0.0,0.0,169.8,0.0,21.200000000000003,28.9,28.9,30.9,300.0,300.0,31.700000000000003,35.800000000000004,28.8,28.0,29.9,4.96,1.99,4.96,0.16,0.0,0.0,1027.0,8228.0,0.0,0.0,0.0,0.0,0.0,1.0,0.0,0.0,0.0,0.0,0.0,0.3,0.0,-0.3,0.0,0.0,16.0,25903.0
2026-07-30T19:03:30.638Z,380.121,380.136,0.0,7.4,0.0,0.0,0.0,0.0,0.0,0.0,0.0,0.0,1.0,0.0,0.0,0.0,9.0,4.0,0.0,0.0,0.0,0.0,0.0,0.0,0.0,0.0,6.0,12.0,1.0,12.15,5.01,2.51,1.49,0.0,0.1,0.0,361.4,0.0,0.2,0.6000000000000001,-0.1,-169.70000000000002,0.0,0.0,169.9,0.0,21.700000000000003,28.9,28.9,30.9,300.0,300.0,31.700000000000003,35.9,28.8,28.1,29.9,4.96,1.99,4.96,0.16,0.0,0.0,1027.0,8228.0,0.0,0.0,0.0,0.0,0.0,1.0,0.0,0.0,0.0,0.0,0.0,0.5,0.0,0.2,0.0,0.0,16.0,25903.0
2026-07-30T19:03:30.650Z,380.133,380.148,0.0,7.4,0.0,0.0,0.0,0.0,0.0,0.0,0.0,0.0,1.0,0.0,0.0,0.0,9.0,4.0,0.0,0.0,0.0,0.0,0.0,0.0,0.0,0.0,1.0,12.0,1.0,12.15,5.01,2.51,1.49,0.0,0.0,0.0,361.4,0.0,0.9,0.0,0.4,-169.70000000000002,0.0,0.0,169.8,0.0,21.700000000000003,28.9,28.9,30.9,300.0,300.0,31.700000000000003,35.9,28.8,28.1,29.9,4.95,1.99,4.97,0.16,0.0,0.0,1027.0,8228.0,0.0,0.0,0.0,0.0,0.0,1.0,0.0,0.0,0.0,0.0,0.0,0.3,0.0,-0.3,0.0,0.0,16.0,25903.0
2026-07-30T19:03:30.662Z,380.145,380.16,0.0,7.4,0.0,0.0,0.0,0.0,0.0,0.0,0.0,0.0,1.0,0.0,0.0,0.0,9.0,4.0,0.0,0.0,0.0,0.0,0.0,0.0,0.0,0.0,3.0,12.0,1.0,12.15,5.01,2.51,1.49,-0.1,0.1,0.0,361.4,0.0,-0.8,-0.5,-0.7000000000000001,-169.70000000000002,0.0,0.0,169.8,0.0,21.700000000000003,28.9,28.9,30.9,300.0,300.0,31.700000000000003,35.9,28.8,28.1,29.9,4.96,1.99,4.96,0.16,0.0,0.0,1027.0,8228.0,0.0,0.0,0.0,0.0,0.0,1.0,0.0,0.0,0.0,0.0,0.0,-1.2000000000000002,0.0,0.5,0.0,0.0,16.0,25903.0
2026-07-30T19:03:30.674Z,380.157,380.172,0.0,7.4,0.0,0.0,0.0,0.0,0.0,0.0,0.0,0.0,1.0,0.0,0.0,0.0,9.0,4.0,0.0,0.0,0.0,0.0,0.0,0.0,0.0,0.0,3.0,12.0,1.0,12.15,5.01,2.51,1.49,0.0,0.0,0.0,361.4,0.0,-0.3,0.0,0.9,-169.70000000000002,0.0,0.0,169.8,0.0,21.700000000000003,28.9,28.9,30.9,300.0,300.0,31.700000000000003,35.9,28.8,28.1,29.9,4.96,1.99,4.96,0.16,0.0,0.0,1027.0,8228.0,0.0,0.0,0.0,0.0,0.0,1.0,0.0,0.0,0.0,0.0,0.0,0.7000000000000001,0.0,-0.8,0.0,0.0,16.0,25903.0
2026-07-30T19:03:30.686Z,380.169,380.184,0.0,7.4,0.0,0.0,0.0,0.0,0.0,0.0,0.0,0.0,1.0,0.0,0.0,0.0,9.0,4.0,0.0,0.0,0.0,0.0,0.0,0.0,0.0,0.0,5.0,12.0,1.0,12.15,5.01,2.51,1.49,0.0,0.0,0.0,361.4,0.0,0.2,1.2000000000000002,0.9,-169.70000000000002,0.0,0.0,169.8,0.0,21.700000000000003,28.9,28.9,30.9,300.0,300.0,31.700000000000003,35.9,28.8,28.1,29.9,4.96,1.99,4.96,0.16,0.0,0.0,1027.0,8228.0,0.0,0.0,0.0,0.0,0.0,1.0,0.0,0.0,0.0,0.0,0.0,2.1,0.0,-0.6000000000000001,0.0,0.0,16.0,25903.0
2026-07-30T19:03:30.697Z,380.18,380.196,0.0,7.4,0.0,0.0,0.0,0.0,0.0,0.0,0.0,0.0,1.0,0.0,0.0,0.0,9.0,4.0,0.0,0.0,0.0,0.0,0.0,0.0,0.0,0.0,6.0,12.0,1.0,12.15,5.01,2.51,1.49,0.0,0.0,0.0,361.3,0.0,0.8,0.0,0.4,-169.70000000000002,0.0,0.0,169.8,0.0,21.700000000000003,28.9,28.9,30.9,300.0,300.0,31.700000000000003,35.9,28.8,28.1,29.9,4.96,1.99,4.96,0.16,0.0,0.0,1027.0,8228.0,0.0,0.0,0.0,0.0,0.0,1.0,0.0,0.0,0.0,0.0,0.0,0.3,0.0,-0.3,0.0,0.0,16.0,25903.0
2026-07-30T19:03:30.709Z,380.192,380.208,0.0,7.4,0.0,0.0,0.0,0.0,0.0,0.0,0.0,0.0,1.0,0.0,0.0,0.0,9.0,4.0,0.0,0.0,0.0,0.0,0.0,0.0,0.0,0.0,1.0,12.0,1.0,12.15,5.01,2.51,1.49,0.0,0.0,0.0,361.4,0.0,-0.3,-1.6,-1.3,-169.70000000000002,0.0,0.0,169.8,0.0,21.700000000000003,28.9,28.9,30.9,300.0,300.0,31.700000000000003,35.9,28.8,28.1,29.9,4.96,1.99,4.96,0.16,0.0,0.0,1027.0,8228.0,0.0,0.0,0.0,0.0,0.0,1.0,0.0,0.0,0.0,0.0,0.0,-2.8000000000000003,0.0,0.8,0.0,0.0,16.0,25903.0
2026-07-30T19:03:30.722Z,380.205,380.22,0.0,7.4,0.0,0.0,0.0,0.0,0.0,0.0,0.0,0.0,1.0,0.0,0.0,0.0,9.0,4.0,0.0,0.0,0.0,0.0,0.0,0.0,0.0,0.0,2.0,12.0,1.0,12.15,5.01,2.51,1.49,0.0,0.0,0.0,361.3,0.0,0.2,0.0,1.0,-169.70000000000002,0.0,0.0,169.8,0.0,21.700000000000003,28.9,28.9,30.9,300.0,300.0,31.700000000000003,35.9,28.8,28.1,29.9,4.96,1.99,4.97,0.15,0.0,0.0,1027.0,8228.0,0.0,0.0,0.0,0.0,0.0,1.0,0.0,0.0,0.0,0.0,0.0,0.8,0.0,-0.8,0.0,0.0,16.0,25903.0
2026-07-30T19:03:30.733Z,380.216,380.232,0.0,7.4,0.0,0.0,0.0,0.0,0.0,0.0,0.0,0.0,1.0,0.0,0.0,0.0,9.0,4.0,0.0,0.0,0.0,0.0,0.0,0.0,0.0,0.0,4.0,12.0,1.0,12.15,5.01,2.51,1.49,0.0,0.0,0.0,361.4,0.0,-0.3,0.6000000000000001,-0.1,-169.70000000000002,0.0,0.0,169.8,0.0,21.700000000000003,28.9,28.9,30.9,300.0,300.0,31.700000000000003,35.9,28.8,28.1,29.9,4.95,1.99,4.97,0.16,0.0,0.0,1027.0,8228.0,0.0,0.0,0.0,0.0,0.0,1.0,0.0,0.0,0.0,0.0,0.0,0.6000000000000001,0.0,0.2,0.0,0.0,16.0,25903.0
2026-07-30T19:03:30.746Z,380.229,380.244,0.0,7.4,0.0,0.0,0.0,0.0,0.0,0.0,0.0,0.0,1.0,0.0,0.0,0.0,9.0,4.0,0.0,0.0,0.0,0.0,0.0,0.0,0.0,0.0,5.0,12.0,1.0,12.2,5.0200000000000005,2.51,1.49,0.0,0.0,0.0,361.4,0.0,-0.9,-0.5,-0.1,-169.70000000000002,0.0,0.0,169.8,0.0,21.0,28.9,28.9,30.9,300.0,300.0,31.8,35.9,28.8,28.1,29.9,4.96,1.99,4.97,0.16,0.0,0.0,1027.0,8228.0,0.0,0.0,0.0,0.0,0.0,1.0,0.0,0.0,0.0,0.0,0.0,-0.7000000000000001,0.0,0.0,0.0,0.0,16.0,25903.0
2026-07-30T19:03:30.757Z,380.24,380.256,0.0,7.4,0.0,0.0,0.0,0.0,0.0,0.0,0.0,0.0,1.0,0.0,0.0,0.0,9.0,4.0,0.0,0.0,0.0,0.0,0.0,0.0,0.0,0.0,1.0,12.0,1.0,12.2,5.0200000000000005,2.51,1.49,0.0,0.0,0.0,361.4,0.0,0.2,0.0,-0.1,-169.70000000000002,0.0,0.0,169.8,0.0,21.0,28.9,28.9,30.9,300.0,300.0,31.8,35.9,28.8,28.1,29.9,4.96,1.99,4.97,0.16,0.0,0.0,1027.0,8228.0,0.0,0.0,0.0,0.0,0.0,1.0,0.0,0.0,0.0,0.0,0.0,0.0,0.0,0.1,0.0,0.0,16.0,25903.0
2026-07-30T19:03:30.770Z,380.253,380.268,0.0,7.4,0.0,0.0,0.0,0.0,0.0,0.0,0.0,0.0,1.0,0.0,0.0,0.0,9.0,4.0,0.0,0.0,0.0,0.0,0.0,0.0,0.0,0.0,2.0,12.0,1.0,12.2,5.0200000000000005,2.51,1.49,0.0,0.0,0.0,361.4,0.0,-0.3,0.6000000000000001,0.4,-169.70000000000002,0.0,0.0,169.8,0.0,21.0,28.9,28.9,30.9,300.0,300.0,31.8,35.9,28.8,28.1,29.9,4.96,1.99,4.96,0.16,0.0,0.0,1027.0,8228.0,0.0,0.0,0.0,0.0,0.0,1.0,0.0,0.0,0.0,0.0,0.0,1.0,0.0,-0.2,0.0,0.0,16.0,25903.0
2026-07-30T19:03:30.782Z,380.265,380.28,0.0,7.4,0.0,0.0,0.0,0.0,0.0,0.0,0.0,0.0,1.0,0.0,0.0,0.0,9.0,4.0,0.0,0.0,0.0,0.0,0.0,0.0,0.0,0.0,3.0,12.0,1.0,12.2,5.0200000000000005,2.51,1.49,0.0,0.0,0.0,361.3,0.0,-0.3,0.0,-0.2,-169.70000000000002,0.0,0.0,169.8,0.0,21.0,28.9,28.9,30.9,300.0,300.0,31.8,35.9,28.8,28.1,29.9,4.95,2.0,4.96,0.16,0.0,0.0,1027.0,8228.0,0.0,0.0,0.0,0.0,0.0,1.0,0.0,0.0,0.0,0.0,0.0,0.0,0.0,0.2,0.0,0.0,16.0,25903.0
2026-07-30T19:03:30.793Z,380.276,380.292,0.0,7.4,0.0,0.0,0.0,0.0,0.0,0.0,0.0,0.0,1.0,0.0,0.0,0.0,9.0,4.0,0.0,0.0,0.0,0.0,0.0,0.0,0.0,0.0,5.0,12.0,1.0,12.2,5.0200000000000005,2.51,1.49,0.0,0.0,0.0,361.3,0.0,-0.9,0.0,-0.1,-169.70000000000002,0.0,0.0,169.8,0.0,21.0,28.9,28.9,30.9,300.0,300.0,31.8,35.9,28.8,28.1,29.9,4.96,2.0,4.96,0.16,0.0,0.0,1027.0,8228.0,0.0,0.0,0.0,0.0,0.0,1.0,0.0,0.0,0.0,0.0,0.0,0.0,0.0,0.1,0.0,0.0,16.0,25903.0
2026-07-30T19:03:30.806Z,380.289,380.304,0.0,7.4,0.0,0.0,0.0,0.0,0.0,0.0,0.0,0.0,1.0,0.0,0.0,0.0,9.0,4.0,0.0,0.0,0.0,0.0,0.0,0.0,0.0,0.0,6.0,12.0,1.0,12.2,5.0200000000000005,2.51,1.49,0.0,0.0,0.0,361.3,0.0,0.2,0.0,0.3,-169.70000000000002,0.0,0.0,169.8,0.0,21.0,28.9,28.9,30.9,300.0,300.0,31.8,35.9,28.8,28.1,29.9,4.95,2.0,4.96,0.16,0.0,0.0,1027.0,8228.0,0.0,0.0,0.0,0.0,0.0,1.0,0.0,0.0,0.0,0.0,0.0,-0.5,0.0,0.7000000000000001,0.0,0.0,16.0,25903.0
2026-07-30T19:03:30.817Z,380.3,380.316,0.0,7.4,0.0,0.0,0.0,0.0,0.0,0.0,0.0,0.0,1.0,0.0,0.0,0.0,9.0,4.0,0.0,0.0,0.0,0.0,0.0,0.0,0.0,0.0,2.0,12.0,1.0,12.2,5.0200000000000005,2.51,1.49,0.0,0.0,0.0,361.4,0.0,0.2,-0.5,-0.7000000000000001,-169.70000000000002,0.0,0.0,169.8,0.0,21.0,28.9,28.9,30.9,300.0,300.0,31.8,35.9,28.8,28.1,29.9,4.95,2.0,4.97,0.16,0.0,0.0,1027.0,8228.0,0.0,0.0,0.0,0.0,0.0,1.0,0.0,0.0,0.0,0.0,0.0,0.8,0.0,-0.8,0.0,0.0,16.0,25903.0
2026-07-30T19:03:30.829Z,380.312,380.328,0.0,7.4,0.0,0.0,0.0,0.0,0.0,0.0,0.0,0.0,1.0,0.0,0.0,0.0,9.0,4.0,0.0,0.0,0.0,0.0,0.0,0.0,0.0,0.0,3.0,12.0,1.0,12.2,5.0200000000000005,2.51,1.49,0.0,0.0,0.0,361.4,0.0,-0.3,0.0,-0.7000000000000001,-169.70000000000002,0.0,0.0,169.8,0.0,21.0,28.9,28.9,30.9,300.0,300.0,31.8,35.9,28.8,28.1,29.9,4.96,1.99,4.97,0.16,0.0,0.0,1027.0,8228.0,0.0,0.0,0.0,0.0,0.0,1.0,0.0,0.0,0.0,0.0,0.0,-0.4,0.0,0.6000000000000001,0.0,0.0,16.0,25903.0
2026-07-30T19:03:30.843Z,380.326,380.34,0.0,7.4,0.0,0.0,0.0,0.0,0.0,0.0,0.0,0.0,1.0,0.0,0.0,0.0,9.0,4.0,0.0,0.0,0.0,0.0,0.0,0.0,0.0,0.0,4.0,12.0,1.0,12.15,5.01,2.51,1.49,0.0,0.0,0.0,361.4,0.0,0.2,-0.4,-0.1,-169.70000000000002,0.0,0.0,169.8,0.0,21.700000000000003,28.9,28.9,30.9,300.0,300.0,31.8,35.9,28.8,28.0,29.9,4.96,1.99,4.96,0.16,0.0,0.0,1027.0,8228.0,0.0,0.0,0.0,0.0,0.0,1.0,0.0,0.0,0.0,0.0,0.0,-0.6000000000000001,0.0,0.0,0.0,0.0,16.0,25903.0
2026-07-30T19:03:30.853Z,380.336,380.352,0.0,7.4,0.0,0.0,0.0,0.0,0.0,0.0,0.0,0.0,1.0,0.0,0.0,0.0,9.0,4.0,0.0,0.0,0.0,0.0,0.0,0.0,0.0,0.0,6.0,12.0,1.0,12.15,5.01,2.51,1.49,0.0,0.0,0.0,361.4,0.0,-0.3,0.7000000000000001,0.4,-169.70000000000002,0.0,0.0,169.8,0.0,21.700000000000003,28.9,28.9,30.9,300.0,300.0,31.8,35.9,28.8,28.0,29.9,4.95,1.99,4.96,0.16,0.0,0.0,1027.0,8228.0,0.0,0.0,0.0,0.0,0.0,1.0,0.0,0.0,0.0,0.0,0.0,1.1,0.0,-0.2,0.0,0.0,16.0,25903.0
2026-07-30T19:03:30.866Z,380.349,380.364,0.0,7.4,0.0,0.0,0.0,0.0,0.0,0.0,0.0,0.0,1.0,0.0,0.0,0.0,9.0,4.0,0.0,0.0,0.0,0.0,0.0,0.0,0.0,0.0,1.0,12.0,1.0,12.15,5.01,2.51,1.49,0.0,0.0,0.0,361.3,0.0,-0.8,-1.0,0.4,-169.70000000000002,0.0,0.0,169.8,0.0,21.700000000000003,28.9,28.9,30.9,300.0,300.0,31.8,35.9,28.8,28.0,29.9,4.95,1.99,4.96,0.16,0.0,0.0,1027.0,8228.0,0.0,0.0,0.0,0.0,0.0,1.0,0.0,0.0,0.0,0.0,0.0,-0.8,0.0,-0.6000000000000001,0.0,0.0,16.0,25903.0
2026-07-30T19:03:30.878Z,380.361,380.376,0.0,7.4,0.0,0.0,0.0,0.0,0.0,0.0,0.0,0.0,1.0,0.0,0.0,0.0,9.0,4.0,0.0,0.0,0.0,0.0,0.0,0.0,0.0,0.0,2.0,12.0,1.0,12.15,5.01,2.51,1.49,0.0,0.0,0.0,361.4,0.0,-0.2,0.0,1.5,-169.70000000000002,0.0,0.0,169.8,0.0,21.700000000000003,28.9,28.9,30.9,300.0,300.0,31.8,35.9,28.8,28.0,29.9,4.96,1.99,4.96,0.16,0.0,0.0,1027.0,8228.0,0.0,0.0,0.0,0.0,0.0,1.0,0.0,0.0,0.0,0.0,0.0,1.2000000000000002,0.0,-1.3,0.0,0.0,16.0,25903.0
2026-07-30T19:03:30.890Z,380.373,380.388,0.0,7.4,0.0,0.0,0.0,0.0,0.0,0.0,0.0,0.0,1.0,0.0,0.0,0.0,9.0,4.0,0.0,0.0,0.0,0.0,0.0,0.0,0.0,0.0,4.0,12.0,1.0,12.15,5.01,2.51,1.49,0.0,0.0,0.0,361.3,0.0,0.8,-0.5,-0.7000000000000001,-169.70000000000002,0.0,0.0,169.8,0.0,21.700000000000003,28.9,28.9,30.9,300.0,300.0,31.8,35.9,28.8,28.0,29.9,4.95,1.99,4.97,0.16,0.0,0.0,1027.0,8228.0,0.0,0.0,0.0,0.0,0.0,1.0,0.0,0.0,0.0,0.0,0.0,-1.1,0.0,0.5,0.0,0.0,16.0,25903.0
2026-07-30T19:03:30.902Z,380.385,380.4,0.0,7.4,0.0,0.0,0.0,0.0,0.0,0.0,0.0,0.0,1.0,0.0,0.0,0.0,9.0,4.0,0.0,0.0,0.0,0.0,0.0,0.0,0.0,0.0,5.0,12.0,1.0,12.15,5.01,2.51,1.49,0.0,0.0,0.0,361.4,0.0,-0.2,-0.4,0.4,-169.70000000000002,0.0,0.0,169.8,0.0,21.700000000000003,28.9,28.9,30.9,300.0,300.0,31.8,35.9,28.8,28.0,29.9,4.96,1.99,4.96,0.16,0.0,0.0,1027.0,8228.0,0.0,0.0,0.0,0.0,0.0,1.0,0.0,0.0,0.0,0.0,0.0,-0.2,0.0,-0.5,0.0,0.0,16.0,25903.0
2026-07-30T19:03:30.914Z,380.397,380.412,0.0,7.4,0.0,0.0,0.0,0.0,0.0,0.0,0.0,0.0,1.0,0.0,0.0,0.0,9.0,4.0,0.0,0.0,0.0,0.0,0.0,0.0,0.0,0.0,1.0,12.0,1.0,12.15,5.01,2.51,1.49,0.0,0.0,0.0,361.3,0.0,0.2,1.2000000000000002,-0.1,-169.70000000000002,0.0,0.0,169.8,0.0,21.700000000000003,28.9,28.9,30.9,300.0,300.0,31.8,35.9,28.8,28.0,29.9,4.96,1.99,4.97,0.16,0.0,0.0,1027.0,8228.0,0.0,0.0,0.0,0.0,0.0,1.0,0.0,0.0,0.0,0.0,0.0,1.3,0.0,0.3,0.0,0.0,16.0,25903.0
2026-07-30T19:03:30.926Z,380.409,380.424,0.0,7.4,0.0,0.0,0.0,0.0,0.0,0.0,0.0,0.0,1.0,0.0,0.0,0.0,9.0,4.0,0.0,0.0,0.0,0.0,0.0,0.0,0.0,0.0,2.0,12.0,1.0,12.15,5.01,2.51,1.49,0.0,0.0,0.0,361.4,0.0,0.2,0.1,-0.6000000000000001,-169.8,0.0,0.0,169.8,0.0,21.700000000000003,28.9,28.9,30.9,300.0,300.0,31.8,35.9,28.8,28.0,29.9,4.96,1.99,4.97,0.16,0.0,0.0,1027.0,8228.0,0.0,0.0,0.0,0.0,0.0,1.0,0.0,0.0,0.0,0.0,0.0,-0.3,0.0,0.6000000000000001,0.0,0.0,16.0,25903.0
2026-07-30T19:03:30.937Z,380.42,380.436,0.0,7.4,0.0,0.0,0.0,0.0,0.0,0.0,0.0,0.0,1.0,0.0,0.0,0.0,9.0,4.0,0.0,0.0,0.0,0.0,0.0,0.0,0.0,0.0,3.0,12.0,1.0,12.15,5.01,2.51,1.49,0.0,0.0,0.0,361.4,0.0,0.8,0.1,1.0,-169.70000000000002,0.0,0.0,169.8,0.0,21.700000000000003,28.9,28.9,30.9,300.0,300.0,31.8,35.9,28.8,28.0,29.9,4.96,1.99,4.96,0.16,0.0,0.0,1027.0,8228.0,0.0,0.0,0.0,0.0,0.0,1.0,0.0,0.0,0.0,0.0,0.0,0.9,0.0,-0.9,0.0,0.0,16.0,25903.0
2026-07-30T19:03:30.950Z,380.433,380.448,0.0,7.4,0.0,0.0,0.0,0.0,0.0,0.0,0.0,0.0,1.0,0.0,0.0,0.0,9.0,4.0,0.0,0.0,0.0,0.0,0.0,0.0,0.0,0.0,4.0,12.0,1.0,12.18,5.01,2.51,1.49,0.0,0.0,0.0,361.3,0.0,0.3,-0.4,0.5,-169.8,0.0,0.0,169.70000000000002,0.0,21.700000000000003,28.9,28.9,30.9,300.0,300.0,31.8,35.800000000000004,28.8,28.0,29.9,4.95,1.99,4.96,0.16,0.0,0.0,1027.0,8228.0,0.0,0.0,0.0,0.0,0.0,1.0,0.0,0.0,0.0,0.0,0.0,-0.1,0.0,-0.5,0.0,0.0,16.0,25903.0
2026-07-30T19:03:30.961Z,380.444,380.46,0.0,7.4,0.0,0.0,0.0,0.0,0.0,0.0,0.0,0.0,1.0,0.0,0.0,0.0,9.0,4.0,0.0,0.0,0.0,0.0,0.0,0.0,0.0,0.0,6.0,12.0,1.0,12.18,5.01,2.51,1.49,0.0,0.0,0.0,361.3,0.0,0.3,0.1,1.1,-169.70000000000002,0.0,0.0,169.8,0.0,21.700000000000003,28.9,28.9,30.9,300.0,300.0,31.8,35.800000000000004,28.8,28.0,29.9,4.95,1.99,4.97,0.16,0.0,0.0,1027.0,8228.0,0.0,0.0,0.0,0.0,0.0,1.0,0.0,0.0,0.0,0.0,0.0,1.0,0.0,-0.9,0.0,0.0,16.0,25903.0
2026-07-30T19:03:30.973Z,380.456,380.472,0.0,7.4,0.0,0.0,0.0,0.0,0.0,0.0,0.0,0.0,1.0,0.0,0.0,0.0,9.0,4.0,0.0,0.0,0.0,0.0,0.0,0.0,0.0,0.0,1.0,12.0,1.0,12.18,5.01,2.51,1.49,0.0,0.0,0.0,361.3,0.0,0.2,0.7000000000000001,1.0,-169.70000000000002,0.0,0.0,169.8,0.0,21.700000000000003,28.9,28.9,30.9,300.0,300.0,31.8,35.800000000000004,28.8,28.0,29.9,4.95,1.99,4.97,0.16,0.0,0.0,1027.0,8228.0,0.0,0.0,0.0,0.0,0.0,1.0,0.0,0.0,0.0,0.0,0.0,1.6,0.0,-0.8,0.0,0.0,16.0,25903.0
2026-07-30T19:03:30.986Z,380.469,380.484,0.0,7.4,0.0,0.0,0.0,0.0,0.0,0.0,0.0,0.0,1.0,0.0,0.0,0.0,9.0,4.0,0.0,0.0,0.0,0.0,0.0,0.0,0.0,0.0,2.0,12.0,1.0,12.18,5.01,2.51,1.49,0.0,0.0,0.0,361.3,0.0,0.2,-1.6,0.0,-169.70000000000002,0.0,0.0,169.8,0.0,21.700000000000003,28.9,28.9,30.9,300.0,300.0,31.8,35.800000000000004,28.8,28.0,29.9,4.96,1.99,4.96,0.16,0.0,0.0,1027.0,8228.0,0.0,0.0,0.0,0.0,0.0,1.0,0.0,0.0,0.0,0.0,0.0,-1.8,0.0,-0.3,0.0,0.0,16.0,25903.0
2026-07-30T19:03:30.997Z,380.48,380.496,0.0,7.4,0.0,0.0,0.0,0.0,0.0,0.0,0.0,0.0,1.0,0.0,0.0,0.0,9.0,4.0,0.0,0.0,0.0,0.0,0.0,0.0,0.0,0.0,4.0,12.0,1.0,12.18,5.01,2.51,1.49,0.0,0.0,0.0,361.3,0.0,0.8,0.7000000000000001,1.7000000000000002,-169.70000000000002,0.0,0.0,169.8,0.0,21.700000000000003,28.9,28.9,30.9,300.0,300.0,31.8,35.800000000000004,28.8,28.0,29.9,4.95,1.99,4.96,0.16,0.0,0.0,1027.0,8228.0,0.0,0.0,0.0,0.0,0.0,1.0,0.0,0.0,0.0,0.0,0.0,2.1,0.0,-1.3,0.0,0.0,16.0,25903.0
2026-07-30T19:03:31.009Z,380.492,380.508,0.0,7.4,0.0,0.0,0.0,0.0,0.0,0.0,0.0,0.0,1.0,0.0,0.0,0.0,9.0,4.0,0.0,0.0,0.0,0.0,0.0,0.0,0.0,0.0,5.0,12.0,1.0,12.18,5.01,2.51,1.49,0.0,0.0,0.0,361.3,0.0,0.2,0.7000000000000001,0.0,-169.70000000000002,0.0,0.0,169.8,0.0,21.700000000000003,28.9,28.9,30.9,300.0,300.0,31.8,35.800000000000004,28.8,28.0,29.9,4.95,1.99,4.96,0.16,0.0,0.0,1027.0,8228.0,0.0,0.0,0.0,0.0,0.0,1.0,0.0,0.0,0.0,0.0,0.0,0.7000000000000001,0.0,0.2,0.0,0.0,16.0,25903.0
2026-07-30T19:03:31.021Z,380.504,380.52,0.0,7.4,0.0,0.0,0.0,0.0,0.0,0.0,0.0,0.0,1.0,0.0,0.0,0.0,9.0,4.0,0.0,0.0,0.0,0.0,0.0,0.0,0.0,0.0,6.0,12.0,1.0,12.18,5.01,2.51,1.49,0.0,0.0,0.0,361.3,0.0,0.2,0.0,0.4,-169.70000000000002,0.0,0.0,169.8,0.0,21.700000000000003,28.9,28.9,30.9,300.0,300.0,31.8,35.800000000000004,28.8,28.0,29.9,4.95,1.99,4.96,0.16,0.0,0.0,1027.0,8228.0,0.0,0.0,0.0,0.0,0.0,1.0,0.0,0.0,0.0,0.0,0.0,0.4,0.0,-0.4,0.0,0.0,16.0,25903.0
2026-07-30T19:03:31.033Z,380.516,380.532,0.0,7.4,0.0,0.0,0.0,0.0,0.0,0.0,0.0,0.0,1.0,0.0,0.0,0.0,9.0,4.0,0.0,0.0,0.0,0.0,0.0,0.0,0.0,0.0,1.0,12.0,1.0,12.18,5.01,2.51,1.49,0.0,0.0,0.0,361.3,0.0,0.3,0.6000000000000001,-0.1,-169.70000000000002,0.0,0.0,169.8,0.0,21.700000000000003,28.9,28.9,30.9,300.0,300.0,31.8,35.800000000000004,28.8,28.0,29.9,4.96,1.99,4.96,0.16,0.0,0.0,1027.0,8228.0,0.0,0.0,0.0,0.0,0.0,1.0,0.0,0.0,0.0,0.0,0.0,0.6000000000000001,0.0,0.2,0.0,0.0,16.0,25903.0
2026-07-30T19:03:31.047Z,380.53,380.544,0.0,7.4,0.0,0.0,0.0,0.0,0.0,0.0,0.0,0.0,1.0,0.0,0.0,0.0,9.0,4.0,0.0,0.0,0.0,0.0,0.0,0.0,0.0,0.0,2.0,12.0,1.0,12.11,5.0200000000000005,2.51,1.49,0.0,0.0,0.0,361.4,0.0,0.2,-0.5,1.1,-169.70000000000002,0.0,0.0,169.8,0.0,21.700000000000003,28.9,28.9,30.9,300.0,300.0,31.8,35.800000000000004,28.8,28.0,29.9,4.95,1.99,4.97,0.16,0.0,0.0,1027.0,8228.0,0.0,0.0,0.0,0.0,0.0,1.0,0.0,0.0,0.0,0.0,0.0,0.2,0.0,-1.0,0.0,0.0,16.0,25903.0
2026-07-30T19:03:31.057Z,380.54,380.556,0.0,7.4,0.0,0.0,0.0,0.0,0.0,0.0,0.0,0.0,1.0,0.0,0.0,0.0,9.0,4.0,0.0,0.0,0.0,0.0,0.0,0.0,0.0,0.0,4.0,12.0,1.0,12.11,5.0200000000000005,2.51,1.49,0.0,0.0,0.0,361.3,0.0,0.2,0.6000000000000001,1.0,-169.8,0.0,0.0,169.8,0.0,21.700000000000003,28.9,28.9,30.9,300.0,300.0,31.8,35.800000000000004,28.8,28.0,29.9,4.95,1.99,4.96,0.16,0.0,0.0,1027.0,8228.0,0.0,0.0,0.0,0.0,0.0,1.0,0.0,0.0,0.0,0.0,0.0,1.5,0.0,-0.8,0.0,0.0,16.0,25903.0
2026-07-30T19:03:31.070Z,380.553,380.568,0.0,7.4,0.0,0.0,0.0,0.0,0.0,0.0,0.0,0.0,1.0,0.0,0.0,0.0,9.0,4.0,0.0,0.0,0.0,0.0,0.0,0.0,0.0,0.0,5.0,12.0,1.0,12.11,5.0200000000000005,2.51,1.49,0.0,0.0,0.0,361.3,0.0,0.2,0.6000000000000001,0.4,-169.8,0.0,0.0,169.8,0.0,21.700000000000003,28.9,28.9,30.9,300.0,300.0,31.8,35.800000000000004,28.8,28.0,29.9,4.96,1.99,4.96,0.16,0.0,0.0,1027.0,8228.0,0.0,0.0,0.0,0.0,0.0,1.0,0.0,0.0,0.0,0.0,0.0,1.0,0.0,-0.2,0.0,0.0,16.0,25903.0
2026-07-30T19:03:31.082Z,380.565,380.58,0.0,7.4,0.0,0.0,0.0,0.0,0.0,0.0,0.0,0.0,1.0,0.0,0.0,0.0,9.0,4.0,0.0,0.0,0.0,0.0,0.0,0.0,0.0,0.0,6.0,12.0,1.0,12.11,5.0200000000000005,2.51,1.49,0.0,0.0,0.0,361.4,0.0,0.2,-0.5,0.4,-169.8,0.0,0.0,169.8,0.0,21.700000000000003,28.9,28.9,30.9,300.0,300.0,31.8,35.800000000000004,28.8,28.0,29.9,4.95,1.99,4.96,0.16,0.0,0.0,1027.0,8228.0,0.0,0.0,0.0,0.0,0.0,1.0,0.0,0.0,0.0,0.0,0.0,-0.2,0.0,-0.5,0.0,0.0,16.0,25903.0
2026-07-30T19:03:31.094Z,380.577,380.592,0.0,7.4,0.0,0.0,0.0,0.0,0.0,0.0,0.0,0.0,1.0,0.0,0.0,0.0,9.0,4.0,0.0,0.0,0.0,0.0,0.0,0.0,0.0,0.0,1.0,12.0,1.0,12.11,5.0200000000000005,2.51,1.49,0.0,0.0,0.0,361.3,0.0,0.3,-0.5,0.0,-169.8,0.0,0.0,169.8,0.0,21.700000000000003,28.9,28.9,30.9,300.0,300.0,31.8,35.800000000000004,28.8,28.0,29.9,4.95,1.99,4.96,0.16,0.0,0.0,1027.0,8228.0,0.0,0.0,0.0,0.0,0.0,1.0,0.0,0.0,0.0,0.0,0.0,-0.6000000000000001,0.0,0.0,0.0,0.0,16.0,25903.0
2026-07-30T19:03:31.105Z,380.588,380.604,0.0,7.4,0.0,0.0,0.0,0.0,0.0,0.0,0.0,0.0,1.0,0.0,0.0,0.0,9.0,4.0,0.0,0.0,0.0,0.0,0.0,0.0,0.0,0.0,3.0,12.0,1.0,12.11,5.0200000000000005,2.51,1.49,0.0,0.0,0.0,361.3,0.0,-0.2,0.0,-0.1,-169.8,0.0,0.0,169.8,0.0,21.700000000000003,28.9,28.9,30.9,300.0,300.0,31.8,35.800000000000004,28.8,28.0,29.9,4.95,1.99,4.96,0.16,0.0,0.0,1027.0,8228.0,0.0,0.0,0.0,0.0,0.0,1.0,0.0,0.0,0.0,0.0,0.0,0.0,0.0,0.1,0.0,0.0,16.0,25903.0
2026-07-30T19:03:31.117Z,380.6,380.616,0.0,7.4,0.0,0.0,0.0,0.0,0.0,0.0,0.0,0.0,1.0,0.0,0.0,0.0,9.0,4.0,0.0,0.0,0.0,0.0,0.0,0.0,0.0,0.0,4.0,12.0,1.0,12.11,5.0200000000000005,2.51,1.49,0.0,0.0,0.0,361.3,0.0,0.9,0.0,2.2,-169.8,0.0,0.0,169.8,0.0,21.700000000000003,28.9,28.9,30.9,300.0,300.0,31.8,35.800000000000004,28.8,28.0,29.9,4.95,1.99,4.96,0.16,0.0,0.0,1027.0,8228.0,0.0,0.0,0.0,0.0,0.0,1.0,0.0,0.0,0.0,0.0,0.0,1.7000000000000002,0.0,-1.9,0.0,0.0,16.0,25903.0
2026-07-30T19:03:31.129Z,380.612,380.628,0.0,7.4,0.0,0.0,0.0,0.0,0.0,0.0,0.0,0.0,1.0,0.0,0.0,0.0,9.0,4.0,0.0,0.0,0.0,0.0,0.0,0.0,0.0,0.0,5.0,12.0,1.0,12.11,5.0200000000000005,2.51,1.49,0.0,0.0,0.0,361.3,0.0,0.8,-0.5,-0.7000000000000001,-169.70000000000002,0.0,0.0,169.70000000000002,0.0,21.700000000000003,28.9,28.9,30.9,300.0,300.0,31.8,35.800000000000004,28.8,28.0,29.9,4.95,1.99,4.97,0.16,0.0,0.0,1027.0,8228.0,0.0,0.0,0.0,0.0,0.0,1.0,0.0,0.0,0.0,0.0,0.0,-1.1,0.0,0.5,0.0,0.0,16.0,25903.0
2026-07-30T19:03:31.141Z,380.624,380.64,0.0,7.4,0.0,0.0,0.0,0.0,0.0,0.0,0.0,0.0,1.0,0.0,0.0,0.0,9.0,4.0,0.0,0.0,0.0,0.0,0.0,0.0,0.0,0.0,6.0,12.0,1.0,12.11,5.0200000000000005,2.51,1.49,0.0,0.0,0.0,361.3,0.0,0.3,0.0,-0.1,-169.70000000000002,0.0,0.0,169.8,0.0,21.700000000000003,28.9,28.9,30.9,300.0,300.0,31.8,35.800000000000004,28.8,28.0,29.9,4.96,1.99,4.96,0.16,0.0,0.0,1027.0,8228.0,0.0,0.0,0.0,0.0,0.0,1.0,0.0,0.0,0.0,0.0,0.0,0.0,0.0,0.1,0.0,0.0,16.0,25903.0
2026-07-30T19:03:31.153Z,380.636,380.652,0.0,7.4,0.0,0.0,0.0,0.0,0.0,0.0,0.0,0.0,1.0,0.0,0.0,0.0,9.0,4.0,0.0,0.0,0.0,0.0,0.0,0.0,0.0,0.0,2.0,12.0,1.0,12.15,5.0200000000000005,2.51,1.49,0.0,0.0,0.0,361.3,0.0,-0.2,1.2000000000000002,0.4,-169.70000000000002,0.0,0.0,169.8,0.0,21.4,28.9,28.9,30.9,300.0,300.0,31.8,35.9,28.9,28.1,29.9,4.96,1.99,4.96,0.16,0.0,0.0,1027.0,8228.0,0.0,0.0,0.0,0.0,0.0,1.0,0.0,0.0,0.0,0.0,0.0,1.7000000000000002,0.0,-0.1,0.0,0.0,16.0,25903.0
2026-07-30T19:03:31.165Z,380.648,380.664,0.0,7.4,0.0,0.0,0.0,0.0,0.0,0.0,0.0,0.0,1.0,0.0,0.0,0.0,9.0,4.0,0.0,0.0,0.0,0.0,0.0,0.0,0.0,0.0,3.0,12.0,1.0,12.15,5.0200000000000005,2.51,1.49,0.0,0.0,0.0,361.3,0.0,-0.8,-1.1,-1.9,-169.70000000000002,0.0,0.0,169.8,0.0,21.4,28.9,28.9,30.9,300.0,300.0,31.8,35.9,28.9,28.1,29.9,4.95,1.99,4.96,0.16,0.0,0.0,1027.0,8228.0,0.0,0.0,0.0,0.0,0.0,1.0,0.0,0.0,0.0,0.0,0.0,-2.7,0.0,1.4,0.0,0.0,16.0,25903.0
2026-07-30T19:03:31.177Z,380.66,380.676,0.0,7.4,0.0,0.0,0.0,0.0,0.0,0.0,0.0,0.0,1.0,0.0,0.0,0.0,9.0,4.0,0.0,0.0,0.0,0.0,0.0,0.0,0.0,0.0,4.0,12.0,1.0,12.15,5.0200000000000005,2.51,1.49,0.0,0.0,0.0,361.3,0.0,-0.3,-0.5,-0.1,-169.70000000000002,0.0,0.0,169.8,0.0,21.4,28.9,28.9,30.9,300.0,300.0,31.8,35.9,28.9,28.1,29.9,4.96,1.99,4.96,0.16,0.0,0.0,1027.0,8228.0,0.0,0.0,0.0,0.0,0.0,1.0,0.0,0.0,0.0,0.0,0.0,-0.7000000000000001,0.0,0.0,0.0,0.0,16.0,25903.0
2026-07-30T19:03:31.190Z,380.673,380.688,0.0,7.4,0.0,0.0,0.0,0.0,0.0,0.0,0.0,0.0,1.0,0.0,0.0,0.0,9.0,4.0,0.0,0.0,0.0,0.0,0.0,0.0,0.0,0.0,6.0,12.0,1.0,12.15,5.0200000000000005,2.51,1.49,0.0,0.1,0.0,361.3,0.0,-0.3,-1.1,-0.1,-169.70000000000002,0.0,0.0,169.70000000000002,0.0,21.4,28.9,28.9,30.9,300.0,300.0,31.8,35.9,28.9,28.1,29.9,4.96,1.99,4.96,0.16,0.0,0.0,1027.0,8228.0,0.0,0.0,0.0,0.0,0.0,1.0,0.0,0.0,0.0,0.0,0.0,-1.4,0.0,0.0,0.0,0.0,16.0,25903.0
2026-07-30T19:03:31.201Z,380.684,380.7,0.0,7.4,0.0,0.0,0.0,0.0,0.0,0.0,0.0,0.0,1.0,0.0,0.0,0.0,9.0,4.0,0.0,0.0,0.0,0.0,0.0,0.0,0.0,0.0,1.0,12.0,1.0,12.15,5.0200000000000005,2.51,1.49,0.0,0.1,0.0,361.3,0.0,0.7000000000000001,0.6000000000000001,0.4,-169.70000000000002,0.0,0.0,169.8,0.0,21.4,28.9,28.9,30.9,300.0,300.0,31.8,35.9,28.9,28.1,29.9,4.96,1.99,4.97,0.16,0.0,0.0,1027.0,8228.0,0.0,0.0,0.0,0.0,0.0,1.0,0.0,0.0,0.0,0.0,0.0,1.0,0.0,-0.2,0.0,0.0,16.0,25903.0
2026-07-30T19:03:31.213Z,380.696,380.712,0.0,7.4,0.0,0.0,0.0,0.0,0.0,0.0,0.0,0.0,1.0,0.0,0.0,0.0,9.0,4.0,0.0,0.0,0.0,0.0,0.0,0.0,0.0,0.0,2.0,12.0,1.0,12.15,5.0200000000000005,2.51,1.49,0.0,0.0,0.0,361.3,0.0,-0.3,0.0,0.3,-169.70000000000002,0.0,0.0,169.8,0.0,21.4,28.9,28.9,30.9,300.0,300.0,31.8,35.9,28.9,28.1,29.9,4.95,1.99,4.97,0.16,0.0,0.0,1027.0,8228.0,0.0,0.0,0.0,0.0,0.0,1.0,0.0,0.0,0.0,0.0,0.0,0.3,0.0,-0.3,0.0,0.0,16.0,25903.0
2026-07-30T19:03:31.226Z,380.709,380.724,0.0,7.4,0.0,0.0,0.0,0.0,0.0,0.0,0.0,0.0,1.0,0.0,0.0,0.0,9.0,4.0,0.0,0.0,0.0,0.0,0.0,0.0,0.0,0.0,3.0,12.0,1.0,12.15,5.0200000000000005,2.51,1.49,0.0,0.0,0.0,361.4,0.0,0.2,0.5,-0.7000000000000001,-169.70000000000002,0.0,0.0,169.8,0.0,21.4,28.9,28.9,30.9,300.0,300.0,31.8,35.9,28.9,28.1,29.9,4.96,1.99,4.96,0.16,0.0,0.0,1027.0,8228.0,0.0,0.0,0.0,0.0,0.0,1.0,0.0,0.0,0.0,0.0,0.0,0.1,0.0,0.7000000000000001,0.0,0.0,16.0,25903.0
2026-07-30T19:03:31.237Z,380.72,380.736,0.0,7.4,0.0,0.0,0.0,0.0,0.0,0.0,0.0,0.0,1.0,0.0,0.0,0.0,9.0,4.0,0.0,0.0,0.0,0.0,0.0,0.0,0.0,0.0,4.0,12.0,1.0,12.15,5.0200000000000005,2.51,1.49,0.0,0.0,0.0,361.3,0.0,0.8,0.0,1.0,-169.70000000000002,0.0,0.0,169.8,0.0,21.4,28.9,28.9,30.9,300.0,300.0,31.8,35.9,28.9,28.1,29.9,4.96,1.99,4.97,0.16,0.0,0.0,1027.0,8228.0,0.0,0.0,0.0,0.0,0.0,1.0,0.0,0.0,0.0,0.0,0.0,0.7000000000000001,0.0,-0.9,0.0,0.0,16.0,25903.0
2026-07-30T19:03:31.251Z,380.734,380.748,0.0,7.4,0.0,0.0,0.0,0.0,0.0,0.0,0.0,0.0,1.0,0.0,0.0,0.0,9.0,4.0,0.0,0.0,0.0,0.0,0.0,0.0,0.0,0.0,5.0,12.0,1.0,12.19,5.01,2.51,1.5,0.0,0.1,0.0,361.3,0.0,0.8,0.0,-0.1,-169.70000000000002,0.0,0.0,169.8,0.0,21.3,28.9,28.9,30.9,300.0,300.0,31.700000000000003,35.9,28.9,28.1,29.9,4.96,1.99,4.96,0.16,0.0,0.0,1027.0,8228.0,0.0,0.0,0.0,0.0,0.0,1.0,0.0,0.0,0.0,0.0,0.0,-0.1,0.0,0.1,0.0,0.0,16.0,25903.0
2026-07-30T19:03:31.261Z,380.744,380.76,0.0,7.4,0.0,0.0,0.0,0.0,0.0,0.0,0.0,0.0,1.0,0.0,0.0,0.0,9.0,4.0,0.0,0.0,0.0,0.0,0.0,0.0,0.0,0.0,1.0,12.0,1.0,12.19,5.01,2.51,1.5,0.0,0.0,0.0,361.4,0.0,-0.3,0.0,0.4,-169.70000000000002,0.0,0.0,169.8,0.0,21.3,28.9,28.9,30.9,300.0,300.0,31.700000000000003,35.9,28.9,28.1,29.9,4.96,1.99,4.96,0.16,0.0,0.0,1027.0,8228.0,0.0,0.0,0.0,0.0,0.0,1.0,0.0,0.0,0.0,0.0,0.0,0.3,0.0,-0.4,0.0,0.0,16.0,25903.0
2026-07-30T19:03:31.274Z,380.757,380.772,0.0,7.4,0.0,0.0,0.0,0.0,0.0,0.0,0.0,0.0,1.0,0.0,0.0,0.0,9.0,4.0,0.0,0.0,0.0,0.0,0.0,0.0,0.0,0.0,2.0,12.0,1.0,12.19,5.01,2.51,1.5,0.0,0.0,0.0,361.4,0.0,0.2,-0.5,0.3,-169.70000000000002,0.0,0.0,169.8,0.0,21.3,28.9,28.9,30.9,300.0,300.0,31.700000000000003,35.9,28.9,28.1,29.9,4.96,1.99,4.96,0.16,0.0,0.0,1027.0,8228.0,0.0,0.0,0.0,0.0,0.0,1.0,0.0,0.0,0.0,0.0,0.0,-0.3,0.0,-0.4,0.0,0.0,16.0,25903.0
2026-07-30T19:03:31.286Z,380.769,380.784,0.0,7.4,0.0,0.0,0.0,0.0,0.0,0.0,0.0,0.0,1.0,0.0,0.0,0.0,9.0,4.0,0.0,0.0,0.0,0.0,0.0,0.0,0.0,0.0,4.0,12.0,1.0,12.19,5.01,2.51,1.5,0.0,0.1,0.0,361.3,0.0,0.2,0.6000000000000001,0.4,-169.8,0.0,0.0,169.8,0.0,21.3,28.9,28.9,30.9,300.0,300.0,31.700000000000003,35.9,28.9,28.1,29.9,4.96,1.99,4.97,0.16,0.0,0.0,1027.0,8228.0,0.0,0.0,0.0,0.0,0.0,1.0,0.0,0.0,0.0,0.0,0.0,0.9,0.0,-0.2,0.0,0.0,16.0,25903.0
2026-07-30T19:03:31.297Z,380.78,380.796,0.0,7.4,0.0,0.0,0.0,0.0,0.0,0.0,0.0,0.0,1.0,0.0,0.0,0.0,9.0,4.0,0.0,0.0,0.0,0.0,0.0,0.0,0.0,0.0,5.0,12.0,1.0,12.19,5.01,2.51,1.5,0.0,0.0,0.0,361.3,0.0,1.9,1.8,1.6,-169.8,0.0,0.0,169.8,0.0,21.3,28.9,28.9,30.9,300.0,300.0,31.700000000000003,35.9,28.9,28.1,29.9,4.96,1.99,4.97,0.16,0.0,0.0,1027.0,8228.0,0.0,0.0,0.0,0.0,0.0,1.0,0.0,0.0,0.0,0.0,0.0,3.2,0.0,1.9,0.0,0.0,16.0,25903.0
2026-07-30T19:03:31.309Z,380.792,380.808,0.0,7.4,0.0,0.0,0.0,0.0,0.0,0.0,0.0,0.0,1.0,0.0,0.0,0.0,9.0,4.0,0.0,0.0,0.0,0.0,0.0,0.0,0.0,0.0,6.0,12.0,1.0,12.19,5.01,2.51,1.5,0.0,0.0,0.0,361.3,0.0,0.2,1.2000000000000002,-0.7000000000000001,-169.8,0.0,0.0,169.8,0.0,21.3,28.9,28.9,30.9,300.0,300.0,31.700000000000003,35.9,28.9,28.1,29.9,4.96,1.99,4.97,0.16,0.0,0.0,1027.0,8228.0,0.0,0.0,0.0,0.0,0.0,1.0,0.0,0.0,0.0,0.0,0.0,1.0,0.0,-0.2,0.0,0.0,16.0,25903.0
2026-07-30T19:03:31.322Z,380.805,380.82,0.0,7.4,0.0,0.0,0.0,0.0,0.0,0.0,0.0,0.0,1.0,0.0,0.0,0.0,9.0,4.0,0.0,0.0,0.0,0.0,0.0,0.0,0.0,0.0,6.0,12.0,1.0,12.19,5.01,2.51,1.5,0.0,0.0,0.0,361.4,0.0,0.8,0.1,0.4,-169.8,0.0,0.0,169.8,0.0,21.3,28.9,28.9,30.9,300.0,300.0,31.700000000000003,35.9,28.9,28.1,29.9,4.95,1.99,4.96,0.16,0.0,0.0,1027.0,8228.0,0.0,0.0,0.0,0.0,0.0,1.0,0.0,0.0,0.0,0.0,0.0,-1.0,0.0,0.5,0.0,0.0,16.0,25903.0
2026-07-30T19:03:31.333Z,380.816,380.832,0.0,7.4,0.0,0.0,0.0,0.0,0.0,0.0,0.0,0.0,1.0,0.0,0.0,0.0,9.0,4.0,0.0,0.0,0.0,0.0,0.0,0.0,0.0,0.0,6.0,12.0,1.0,12.19,5.01,2.51,1.5,0.0,0.1,0.0,361.4,0.0,0.2,0.7000000000000001,-0.2,-169.70000000000002,0.0,0.0,169.70000000000002,0.0,21.3,28.9,28.9,30.9,300.0,300.0,31.700000000000003,35.9,28.9,28.1,29.9,4.95,1.99,4.97,0.16,0.0,0.0,1027.0,8228.0,0.0,0.0,0.0,0.0,0.0,1.0,0.0,0.0,0.0,0.0,0.0,0.1,0.0,-0.9,0.0,0.0,16.0,25903.0
2026-07-30T19:03:31.346Z,380.829,380.844,0.0,7.4,0.0,0.0,0.0,0.0,0.0,0.0,0.0,0.0,1.0,0.0,0.0,0.0,9.0,4.0,0.0,0.0,0.0,0.0,0.0,0.0,0.0,0.0,6.0,12.0,1.0,12.19,5.01,2.51,1.5,0.0,0.0,0.0,361.4,0.0,-0.9,0.1,-0.1,-169.70000000000002,0.0,0.0,169.70000000000002,0.0,21.3,28.9,28.9,30.9,300.0,300.0,31.700000000000003,35.9,28.9,28.1,29.9,4.95,2.0,4.96,0.16,0.0,0.0,1027.0,8228.0,0.0,0.0,0.0,0.0,0.0,1.0,0.0,0.0,0.0,0.0,0.0,0.0,0.0,0.1,0.0,0.0,16.0,25903.0
2026-07-30T19:03:31.358Z,380.841,380.856,0.0,7.4,0.0,0.0,0.0,0.0,0.0,0.0,0.0,0.0,1.0,0.0,0.0,0.0,9.0,4.0,0.0,0.0,0.0,0.0,0.0,0.0,0.0,0.0,1.0,12.0,1.0,12.18,5.01,2.51,1.49,0.0,0.0,0.0,361.3,0.0,-0.3,0.6000000000000001,-0.7000000000000001,-169.70000000000002,0.0,0.0,169.8,0.0,22.1,28.9,28.9,30.9,300.0,300.0,31.8,35.9,28.9,28.0,29.9,4.95,1.99,4.96,0.16,0.0,0.0,1027.0,8228.0,0.0,0.0,0.0,0.0,0.0,1.0,0.0,0.0,0.0,0.0,0.0,0.2,0.0,0.8,0.0,0.0,16.0,25903.0
2026-07-30T19:03:31.369Z,380.852,380.868,0.0,7.4,0.0,0.0,0.0,0.0,0.0,0.0,0.0,0.0,1.0,0.0,0.0,0.0,9.0,4.0,0.0,0.0,0.0,0.0,0.0,0.0,0.0,0.0,6.0,12.0,1.0,12.18,5.01,2.51,1.49,0.0,0.0,0.0,361.3,0.0,0.2,-0.4,-0.1,-169.70000000000002,0.0,0.0,169.8,0.0,22.1,28.9,28.9,30.9,300.0,300.0,31.8,35.9,28.9,28.0,29.9,4.95,1.99,4.97,0.16,0.0,0.0,1027.0,8228.0,0.0,0.0,0.0,0.0,0.0,1.0,0.0,0.0,0.0,0.0,0.0,-0.6000000000000001,0.0,0.0,0.0,0.0,16.0,25903.0
2026-07-30T19:03:31.382Z,380.865,380.88,0.0,7.4,0.0,0.0,0.0,0.0,0.0,0.0,0.0,0.0,1.0,0.0,0.0,0.0,9.0,4.0,0.0,0.0,0.0,0.0,0.0,0.0,0.0,0.0,2.0,12.0,1.0,12.18,5.01,2.51,1.49,0.0,0.0,0.0,361.4,0.0,0.8,-0.5,0.9,-169.70000000000002,0.0,0.0,169.8,0.0,22.1,28.9,28.9,30.9,300.0,300.0,31.8,35.9,28.9,28.0,29.9,4.95,1.99,4.96,0.16,0.0,0.0,1027.0,8228.0,0.0,0.0,0.0,0.0,0.0,1.0,0.0,0.0,0.0,0.0,0.0,0.1,0.0,-0.9,0.0,0.0,16.0,25903.0
2026-07-30T19:03:31.393Z,380.876,380.892,0.0,7.4,0.0,0.0,0.0,0.0,0.0,0.0,0.0,0.0,1.0,0.0,0.0,0.0,9.0,4.0,0.0,0.0,0.0,0.0,0.0,0.0,0.0,0.0,4.0,12.0,1.0,12.18,5.01,2.51,1.49,0.0,0.0,0.0,361.4,0.0,0.1,-0.5,1.4,-169.70000000000002,0.0,0.0,169.8,0.0,22.1,28.9,28.9,30.9,300.0,300.0,31.8,35.9,28.9,28.0,29.9,4.95,1.99,4.96,0.16,0.0,0.0,1027.0,8228.0,0.0,0.0,0.0,0.0,0.0,1.0,0.0,0.0,0.0,0.0,0.0,0.4,0.0,-1.4,0.0,0.0,16.0,25903.0
2026-07-30T19:03:31.405Z,380.888,380.904,0.0,7.4,0.0,0.0,0.0,0.0,0.0,0.0,0.0,0.0,1.0,0.0,0.0,0.0,9.0,4.0,0.0,0.0,0.0,0.0,0.0,0.0,0.0,0.0,5.0,12.0,1.0,12.18,5.01,2.51,1.49,0.0,0.0,0.0,361.4,0.0,0.1,0.0,0.8,-169.70000000000002,0.0,0.0,169.70000000000002,0.0,22.1,28.9,28.9,30.9,300.0,300.0,31.8,35.9,28.9,28.0,29.9,4.96,1.99,4.96,0.16,0.0,0.0,1027.0,8228.0,0.0,0.0,0.0,0.0,0.0,1.0,0.0,0.0,0.0,0.0,0.0,0.6000000000000001,0.0,-0.7000000000000001,0.0,0.0,16.0,25903.0
2026-07-30T19:03:31.417Z,380.9,380.916,0.0,7.4,0.0,0.0,0.0,0.0,0.0,0.0,0.0,0.0,1.0,0.0,0.0,0.0,9.0,4.0,0.0,0.0,0.0,0.0,0.0,0.0,0.0,0.0,6.0,12.0,1.0,12.18,5.01,2.51,1.49,0.0,0.0,0.0,361.4,0.0,-0.4,0.0,-0.8,-169.70000000000002,0.0,0.0,169.8,0.0,22.1,28.9,28.9,30.9,300.0,300.0,31.8,35.9,28.9,28.0,29.9,4.96,1.99,4.96,0.16,0.0,0.0,1027.0,8228.0,0.0,0.0,0.0,0.0,0.0,1.0,0.0,0.0,0.0,0.0,0.0,-0.5,0.0,0.7000000000000001,0.0,0.0,16.0,25903.0
2026-07-30T19:03:31.430Z,380.913,380.928,0.0,7.4,0.0,0.0,0.0,0.0,0.0,0.0,0.0,0.0,1.0,0.0,0.0,0.0,9.0,4.0,0.0,0.0,0.0,0.0,0.0,0.0,0.0,0.0,2.0,12.0,1.0,12.18,5.01,2.51,1.49,0.0,0.0,0.0,361.3,0.0,-0.4,-0.4,0.8,-169.70000000000002,0.0,0.0,169.8,0.0,22.1,28.9,28.9,30.9,300.0,300.0,31.8,35.9,28.9,28.0,29.9,4.96,1.99,4.96,0.16,0.0,0.0,1027.0,8228.0,0.0,0.0,0.0,0.0,0.0,1.0,0.0,0.0,0.0,0.0,0.0,0.1,0.0,-0.8,0.0,0.0,16.0,25903.0
2026-07-30T19:03:31.441Z,380.924,380.94,0.0,7.4,0.0,0.0,0.0,0.0,0.0,0.0,0.0,0.0,1.0,0.0,0.0,0.0,9.0,4.0,0.0,0.0,0.0,0.0,0.0,0.0,0.0,0.0,3.0,12.0,1.0,12.18,5.01,2.51,1.49,0.0,0.0,0.0,361.3,0.0,-0.4,0.0,0.2,-169.70000000000002,0.0,0.0,169.8,0.0,22.1,28.9,28.9,30.9,300.0,300.0,31.8,35.9,28.9,28.0,29.9,4.96,1.99,4.97,0.16,0.0,0.0,1027.0,8228.0,0.0,0.0,0.0,0.0,0.0,1.0,0.0,0.0,0.0,0.0,0.0,0.3,0.0,-0.2,0.0,0.0,16.0,25903.0
2026-07-30T19:03:31.454Z,380.937,380.952,0.0,7.4,0.0,0.0,0.0,0.0,0.0,0.0,0.0,0.0,1.0,0.0,0.0,0.0,9.0,4.0,0.0,0.0,0.0,0.0,0.0,0.0,0.0,0.0,5.0,12.0,1.0,12.2,5.0200000000000005,2.5,1.5,0.0,0.1,0.0,361.4,0.0,0.1,-0.4,-0.2,-169.70000000000002,0.0,0.0,169.8,0.0,21.3,28.9,28.9,30.9,300.0,300.0,31.8,35.9,28.8,28.0,29.9,4.95,1.99,4.97,0.16,0.0,0.0,1027.0,8228.0,0.0,0.0,0.0,0.0,0.0,1.0,0.0,0.0,0.0,0.0,0.0,-0.6000000000000001,0.0,0.0,0.0,0.0,16.0,25903.0
2026-07-30T19:03:31.465Z,380.948,380.964,0.0,7.4,0.0,0.0,0.0,0.0,0.0,0.0,0.0,0.0,1.0,0.0,0.0,0.0,9.0,4.0,0.0,0.0,0.0,0.0,0.0,0.0,0.0,0.0,6.0,12.0,1.0,12.2,5.0200000000000005,2.5,1.5,0.0,0.1,0.0,361.4,0.0,-0.4,1.3,2.1,-169.70000000000002,0.0,0.0,169.8,0.0,21.3,28.9,28.9,30.9,300.0,300.0,31.8,35.9,28.8,28.0,29.9,4.96,1.99,4.96,0.16,0.0,0.0,1027.0,8228.0,0.0,0.0,0.0,0.0,0.0,1.0,0.0,0.0,0.0,0.0,0.0,3.1,0.0,-1.6,0.0,0.0,16.0,25903.0
2026-07-30T19:03:31.477Z,380.96,380.976,0.0,7.4,0.0,0.0,0.0,0.0,0.0,0.0,0.0,0.0,1.0,0.0,0.0,0.0,9.0,4.0,0.0,0.0,0.0,0.0,0.0,0.0,0.0,0.0,1.0,12.0,1.0,12.2,5.0200000000000005,2.5,1.5,0.0,0.0,0.0,361.3,0.0,-0.4,-0.9,0.4,-169.70000000000002,0.0,0.0,169.70000000000002,0.0,21.3,28.9,28.9,30.9,300.0,300.0,31.8,35.9,28.8,28.0,29.9,4.96,1.99,4.96,0.16,0.0,0.0,1027.0,8228.0,0.0,0.0,0.0,0.0,0.0,1.0,0.0,0.0,0.0,0.0,0.0,-0.7000000000000001,0.0,-0.5,0.0,0.0,16.0,25903.0
2026-07-30T19:03:31.494Z,380.977,380.988,0.0,7.4,0.0,0.0,0.0,0.0,0.0,0.0,0.0,0.0,1.0,0.0,0.0,0.0,9.0,4.0,0.0,0.0,0.0,0.0,0.0,0.0,0.0,0.0,2.0,12.0,1.0,12.2,5.0200000000000005,2.5,1.5,0.0,0.1,0.0,361.4,0.0,0.2,0.8,0.4,-169.70000000000002,0.0,0.0,169.70000000000002,0.0,21.3,28.9,28.9,30.9,300.0,300.0,31.8,35.9,28.8,28.0,29.9,4.96,1.99,4.96,0.16,0.0,0.0,1027.0,8228.0,0.0,0.0,0.0,0.0,0.0,1.0,0.0,0.0,0.0,0.0,0.0,1.2000000000000002,0.0,-0.2,0.0,0.0,16.0,25903.0
2026-07-30T19:03:31.501Z,380.984,381.0,0.0,7.4,0.0,0.0,0.0,0.0,0.0,0.0,0.0,0.0,1.0,0.0,0.0,0.0,9.0,4.0,0.0,0.0,0.0,0.0,0.0,0.0,0.0,0.0,1.0,12.0,1.0,12.2,5.0200000000000005,2.5,1.5,0.0,0.0,0.0,361.4,0.0,0.2,0.8,0.4,-169.70000000000002,0.0,0.0,169.70000000000002,0.0,21.3,28.9,28.9,30.9,300.0,300.0,31.8,35.9,28.8,28.0,29.9,4.96,1.99,4.96,0.16,0.0,0.0,1027.0,8228.0,0.0,0.0,0.0,0.0,0.0,1.0,0.0,0.0,0.0,0.0,0.0,1.2000000000000002,0.0,-0.1,0.0,0.0,16.0,25903.0
2026-07-30T19:03:31.513Z,380.996,381.012,0.0,7.4,0.0,0.0,0.0,0.0,0.0,0.0,0.0,0.0,1.0,0.0,0.0,0.0,9.0,4.0,0.0,0.0,0.0,0.0,0.0,0.0,0.0,0.0,3.0,12.0,1.0,12.2,5.0200000000000005,2.5,1.5,0.0,0.0,0.0,361.3,0.0,0.8,0.2,1.5,-169.70000000000002,0.0,0.0,169.70000000000002,0.0,21.3,28.9,28.9,30.9,300.0,300.0,31.8,35.9,28.8,28.0,29.9,4.96,1.99,4.96,0.16,0.0,0.0,1027.0,8228.0,0.0,0.0,0.0,0.0,0.0,1.0,0.0,0.0,0.0,0.0,0.0,1.4,0.0,-1.3,0.0,0.0,16.0,25903.0
2026-07-30T19:03:31.526Z,381.009,381.024,0.0,7.4,0.0,0.0,0.0,0.0,0.0,0.0,0.0,0.0,1.0,0.0,0.0,0.0,9.0,4.0,0.0,0.0,0.0,0.0,0.0,0.0,0.0,0.0,5.0,12.0,1.0,12.2,5.0200000000000005,2.5,1.5,0.0,0.0,0.0,361.3,0.0,0.2,-0.3,1.6,-169.70000000000002,0.0,0.0,169.8,0.0,21.3,28.9,28.9,30.9,300.0,300.0,31.8,35.9,28.8,28.0,29.9,4.95,2.0,4.97,0.16,0.0,0.0,1027.0,8228.0,0.0,0.0,0.0,0.0,0.0,1.0,0.0,0.0,0.0,0.0,0.0,0.8,0.0,-1.4,0.0,0.0,16.0,25903.0
2026-07-30T19:03:31.538Z,381.021,381.036,0.0,7.4,0.0,0.0,0.0,0.0,0.0,0.0,0.0,0.0,1.0,0.0,0.0,0.0,9.0,4.0,0.0,0.0,0.0,0.0,0.0,0.0,0.0,0.0,6.0,12.0,1.0,12.2,5.0200000000000005,2.5,1.5,0.0,0.0,0.0,361.4,0.0,0.2,0.2,-0.6000000000000001,-169.70000000000002,0.0,0.0,169.8,0.0,21.3,28.9,28.9,30.9,300.0,300.0,31.8,35.9,28.8,28.0,29.9,4.95,1.99,4.96,0.16,0.0,0.0,1027.0,8228.0,0.0,0.0,0.0,0.0,0.0,1.0,0.0,0.0,0.0,0.0,0.0,-0.2,0.0,0.6000000000000001,0.0,0.0,16.0,25903.0
2026-07-30T19:03:31.550Z,381.033,381.048,0.0,7.4,0.0,0.0,0.0,0.0,0.0,0.0,0.0,0.0,1.0,0.0,0.0,0.0,9.0,4.0,0.0,0.0,0.0,0.0,0.0,0.0,0.0,0.0,2.0,12.0,1.0,12.2,5.0200000000000005,2.5,1.5,0.0,0.0,0.0,361.3,0.0,0.2,-0.3,-0.1,-169.70000000000002,0.0,0.0,169.8,0.0,21.3,28.9,28.9,30.9,300.0,300.0,31.8,35.9,28.8,28.0,29.9,4.96,1.99,4.96,0.16,0.0,0.0,1027.0,8228.0,0.0,0.0,0.0,0.0,0.0,1.0,0.0,0.0,0.0,0.0,0.0,-0.5,0.0,0.0,0.0,0.0,16.0,25903.0
2026-07-30T19:03:31.561Z,381.044,381.06,0.0,7.4,0.0,0.0,0.0,0.0,0.0,0.0,0.0,0.0,1.0,0.0,0.0,0.0,9.0,4.0,0.0,0.0,0.0,0.0,0.0,0.0,0.0,0.0,3.0,12.0,1.0,12.15,5.0200000000000005,2.51,1.49,0.0,0.0,0.0,361.4,0.0,-0.3,0.2,-0.7000000000000001,-169.70000000000002,0.0,0.0,169.70000000000002,0.0,21.4,28.9,28.9,30.9,300.0,300.0,31.8,35.9,28.8,28.0,29.9,4.96,1.99,4.97,0.16,0.0,0.0,1027.0,8228.0,0.0,0.0,0.0,0.0,0.0,1.0,0.0,0.0,0.0,0.0,0.0,-0.2,0.0,0.7000000000000001,0.0,0.0,16.0,25903.0
2026-07-30T19:03:31.574Z,381.057,381.072,0.0,7.4,0.0,0.0,0.0,0.0,0.0,0.0,0.0,0.0,1.0,0.0,0.0,0.0,9.0,4.0,0.0,0.0,0.0,0.0,0.0,0.0,0.0,0.0,3.0,12.0,1.0,12.15,5.0200000000000005,2.51,1.49,0.0,0.1,0.0,361.4,0.0,0.2,0.2,0.4,-169.70000000000002,0.0,0.0,169.8,0.0,21.4,28.9,28.9,30.9,300.0,300.0,31.8,35.9,28.8,28.0,29.9,4.95,1.99,4.96,0.16,0.0,0.0,1027.0,8228.0,0.0,0.0,0.0,0.0,0.0,1.0,0.0,0.0,0.0,0.0,0.0,0.6000000000000001,0.0,-0.3,0.0,0.0,16.0,25903.0
2026-07-30T19:03:31.585Z,381.068,381.084,0.0,7.4,0.0,0.0,0.0,0.0,0.0,0.0,0.0,0.0,1.0,0.0,0.0,0.0,9.0,4.0,0.0,0.0,0.0,0.0,0.0,0.0,0.0,0.0,4.0,12.0,1.0,12.15,5.0200000000000005,2.51,1.49,0.0,0.1,0.0,361.4,0.0,-0.2,1.3,1.0,-169.70000000000002,0.0,0.0,169.8,0.0,21.4,28.9,28.9,30.9,300.0,300.0,31.8,35.9,28.8,28.0,29.9,4.95,1.99,4.96,0.16,0.0,0.0,1027.0,8228.0,0.0,0.0,0.0,0.0,0.0,1.0,0.0,0.0,0.0,0.0,0.0,2.3000000000000003,0.0,-0.6000000000000001,0.0,0.0,16.0,25903.0
2026-07-30T19:03:31.597Z,381.08,381.096,0.0,7.4,0.0,0.0,0.0,0.0,0.0,0.0,0.0,0.0,1.0,0.0,0.0,0.0,9.0,4.0,0.0,0.0,0.0,0.0,0.0,0.0,0.0,0.0,6.0,12.0,1.0,12.15,5.0200000000000005,2.51,1.49,0.0,0.0,0.0,361.4,0.0,-0.3,0.7000000000000001,-0.1,-169.70000000000002,0.0,0.0,169.8,0.0,21.4,28.9,28.9,30.9,300.0,300.0,31.8,35.9,28.8,28.0,29.9,4.96,1.99,4.96,0.16,0.0,0.0,1027.0,8228.0,0.0,0.0,0.0,0.0,0.0,1.0,0.0,0.0,0.0,0.0,0.0,0.7000000000000001,0.0,0.2,0.0,0.0,16.0,25903.0
2026-07-30T19:03:31.609Z,381.092,381.108,0.0,7.4,0.0,0.0,0.0,0.0,0.0,0.0,0.0,0.0,1.0,0.0,0.0,0.0,9.0,4.0,0.0,0.0,0.0,0.0,0.0,0.0,0.0,0.0,6.0,12.0,1.0,12.15,5.0200000000000005,2.51,1.49,0.0,0.0,0.0,361.3,0.0,-0.3,-0.3,-0.1,-169.70000000000002,0.0,0.0,169.70000000000002,0.0,21.4,28.9,28.9,30.9,300.0,300.0,31.8,35.9,28.8,28.0,29.9,4.95,1.99,4.97,0.16,0.0,0.0,1027.0,8228.0,0.0,0.0,0.0,0.0,0.0,1.0,0.0,0.0,0.0,0.0,0.0,-0.5,0.0,0.0,0.0,0.0,16.0,25903.0
2026-07-30T19:03:31.621Z,381.104,381.12,0.0,7.4,0.0,0.0,0.0,0.0,0.0,0.0,0.0,0.0,1.0,0.0,0.0,0.0,9.0,4.0,0.0,0.0,0.0,0.0,0.0,0.0,0.0,0.0,2.0,12.0,1.0,12.15,5.0200000000000005,2.51,1.49,0.0,0.1,0.0,361.4,0.0,0.8,-0.9,-0.6000000000000001,-169.70000000000002,0.0,0.0,169.8,0.0,21.4,28.9,28.9,30.9,300.0,300.0,31.8,35.9,28.8,28.0,29.9,4.95,1.99,4.97,0.16,0.0,0.0,1027.0,8228.0,0.0,0.0,0.0,0.0,0.0,1.0,0.0,0.0,0.0,0.0,0.0,-1.6,0.0,0.4,0.0,0.0,16.0,25903.0
2026-07-30T19:03:31.634Z,381.117,381.132,0.0,7.4,0.0,0.0,0.0,0.0,0.0,0.0,0.0,0.0,1.0,0.0,0.0,0.0,9.0,4.0,0.0,0.0,0.0,0.0,0.0,0.0,0.0,0.0,3.0,12.0,1.0,12.15,5.0200000000000005,2.51,1.49,0.0,0.0,0.0,361.4,0.0,-0.3,-0.3,0.5,-169.70000000000002,0.0,0.0,169.70000000000002,0.0,21.4,28.9,28.9,30.9,300.0,300.0,31.8,35.9,28.8,28.0,29.9,4.95,1.99,4.96,0.16,0.0,0.0,1027.0,8228.0,0.0,0.0,0.0,0.0,0.0,1.0,0.0,0.0,0.0,0.0,0.0,0.0,0.0,-0.5,0.0,0.0,16.0,25903.0
2026-07-30T19:03:31.646Z,381.129,381.144,0.0,7.4,0.0,0.0,0.0,0.0,0.0,0.0,0.0,0.0,1.0,0.0,0.0,0.0,9.0,4.0,0.0,0.0,0.0,0.0,0.0,0.0,0.0,0.0,5.0,12.0,1.0,12.15,5.0200000000000005,2.51,1.49,0.0,0.0,0.0,361.3,0.0,-0.3,0.8,1.1,-169.70000000000002,0.0,0.0,169.8,0.0,21.4,28.9,28.9,30.9,300.0,300.0,31.8,35.9,28.8,28.0,29.9,4.96,1.99,4.96,0.16,0.0,0.0,1027.0,8228.0,0.0,0.0,0.0,0.0,0.0,1.0,0.0,0.0,0.0,0.0,0.0,1.7000000000000002,0.0,-0.8,0.0,0.0,16.0,25903.0
2026-07-30T19:03:31.659Z,381.142,381.156,0.0,7.4,0.0,0.0,0.0,0.0,0.0,0.0,0.0,0.0,1.0,0.0,0.0,0.0,9.0,4.0,0.0,0.0,0.0,0.0,0.0,0.0,0.0,0.0,6.0,12.0,1.0,12.17,5.01,2.51,1.49,0.0,0.0,0.0,361.4,0.0,0.2,-0.9,-1.2000000000000002,-169.70000000000002,0.0,0.0,169.8,0.0,21.3,28.9,28.9,30.9,300.0,300.0,31.8,35.9,28.8,28.0,29.9,4.95,1.99,4.96,0.16,0.0,0.0,1027.0,8228.0,0.0,0.0,0.0,0.0,0.0,1.0,0.0,0.0,0.0,0.0,0.0,-1.9,0.0,0.8,0.0,0.0,16.0,25903.0
2026-07-30T19:03:31.669Z,381.152,381.168,0.0,7.4,0.0,0.0,0.0,0.0,0.0,0.0,0.0,0.0,1.0,0.0,0.0,0.0,9.0,4.0,0.0,0.0,0.0,0.0,0.0,0.0,0.0,0.0,1.0,12.0,1.0,12.17,5.01,2.51,1.49,0.0,0.0,0.0,361.3,0.0,-0.2,0.2,1.7000000000000002,-169.70000000000002,0.0,0.0,169.8,0.0,21.3,28.9,28.9,30.9,300.0,300.0,31.8,35.9,28.8,28.0,29.9,4.95,1.99,4.96,0.16,0.0,0.0,1027.0,8228.0,0.0,0.0,0.0,0.0,0.0,1.0,0.0,0.0,0.0,0.0,0.0,1.5,0.0,-1.4,0.0,0.0,16.0,25903.0
2026-07-30T19:03:31.682Z,381.165,381.18,0.0,7.4,0.0,0.0,0.0,0.0,0.0,0.0,0.0,0.0,1.0,0.0,0.0,0.0,9.0,4.0,0.0,0.0,0.0,0.0,0.0,0.0,0.0,0.0,1.0,12.0,1.0,12.17,5.01,2.51,1.49,0.0,0.0,0.0,361.3,0.0,0.3,0.2,-0.5,-169.70000000000002,0.0,0.0,169.8,0.0,21.3,28.9,28.9,30.9,300.0,300.0,31.8,35.9,28.8,28.0,29.9,4.95,1.99,4.96,0.16,0.0,0.0,1027.0,8228.0,0.0,0.0,0.0,0.0,0.0,1.0,0.0,0.0,0.0,0.0,0.0,-0.2,0.0,0.5,0.0,0.0,16.0,25903.0
2026-07-30T19:03:31.693Z,381.176,381.192,0.0,7.4,0.0,0.0,0.0,0.0,0.0,0.0,0.0,0.0,1.0,0.0,0.0,0.0,9.0,4.0,0.0,0.0,0.0,0.0,0.0,0.0,0.0,0.0,3.0,12.0,1.0,12.17,5.01,2.51,1.49,0.0,0.0,0.0,361.3,0.0,0.3,0.7000000000000001,0.0,-169.70000000000002,0.0,0.0,169.8,0.0,21.3,28.9,28.9,30.9,300.0,300.0,31.8,35.9,28.8,28.0,29.9,4.95,1.99,4.96,0.16,0.0,0.0,1027.0,8228.0,0.0,0.0,0.0,0.0,0.0,1.0,0.0,0.0,0.0,0.0,0.0,0.8,0.0,0.2,0.0,0.0,16.0,25903.0
2026-07-30T19:03:31.706Z,381.189,381.204,0.0,7.4,0.0,0.0,0.0,0.0,0.0,0.0,0.0,0.0,1.0,0.0,0.0,0.0,9.0,4.0,0.0,0.0,0.0,0.0,0.0,0.0,0.0,0.0,4.0,12.0,1.0,12.17,5.01,2.51,1.49,0.0,0.0,0.0,361.3,0.0,0.2,0.7000000000000001,1.6,-169.70000000000002,0.0,0.0,169.8,0.0,21.3,28.9,28.9,30.9,300.0,300.0,31.8,35.9,28.8,28.0,29.9,4.96,1.99,4.97,0.16,0.0,0.0,1027.0,8228.0,0.0,0.0,0.0,0.0,0.0,1.0,0.0,0.0,0.0,0.0,0.0,2.1,0.0,-1.3,0.0,0.0,16.0,25903.0
2026-07-30T19:03:31.718Z,381.201,381.216,0.0,7.4,0.0,0.0,0.0,0.0,0.0,0.0,0.0,0.0,1.0,0.0,0.0,0.0,9.0,4.0,0.0,0.0,0.0,0.0,0.0,0.0,0.0,0.0,5.0,12.0,1.0,12.17,5.01,2.51,1.49,0.0,0.0,0.0,361.4,0.0,-0.2,0.1,1.1,-169.70000000000002,0.0,0.0,169.8,0.0,21.3,28.9,28.9,30.9,300.0,300.0,31.8,35.9,28.8,28.0,29.9,4.96,1.99,4.96,0.16,0.0,0.0,1027.0,8228.0,0.0,0.0,0.0,0.0,0.0,1.0,0.0,0.0,0.0,0.0,0.0,1.0,0.0,-0.9,0.0,0.0,16.0,25903.0
2026-07-30T19:03:31.730Z,381.213,381.228,0.0,7.4,0.0,0.0,0.0,0.0,0.0,0.0,0.0,0.0,1.0,0.0,0.0,0.0,9.0,4.0,0.0,0.0,0.0,0.0,0.0,0.0,0.0,0.0,6.0,12.0,1.0,12.17,5.01,2.51,1.49,0.0,0.0,0.0,361.3,0.0,1.4,1.9,2.2,-169.70000000000002,0.0,0.0,169.8,0.0,21.3,28.9,28.9,30.9,300.0,300.0,31.8,35.9,28.8,28.0,29.9,4.96,1.99,4.96,0.16,0.0,0.0,1027.0,8228.0,0.0,0.0,0.0,0.0,0.0,1.0,0.0,0.0,0.0,0.0,0.0,3.9,0.0,-1.6,0.0,0.0,16.0,25903.0
2026-07-30T19:03:31.741Z,381.224,381.24,0.0,7.4,0.0,0.0,0.0,0.0,0.0,0.0,0.0,0.0,1.0,0.0,0.0,0.0,9.0,4.0,0.0,0.0,0.0,0.0,0.0,0.0,0.0,0.0,2.0,12.0,1.0,12.17,5.01,2.51,1.49,0.0,0.0,0.0,361.4,0.0,0.9,1.3,-0.1,-169.70000000000002,0.0,0.0,169.8,0.0,21.3,28.9,28.9,30.9,300.0,300.0,31.8,35.9,28.8,28.0,29.9,4.95,1.99,4.96,0.16,0.0,0.0,1027.0,8228.0,0.0,0.0,0.0,0.0,0.0,1.0,0.0,0.0,0.0,0.0,0.0,1.4,0.0,0.3,0.0,0.0,16.0,25903.0
2026-07-30T19:03:31.753Z,381.236,381.252,0.0,7.4,0.0,0.0,0.0,0.0,0.0,0.0,0.0,0.0,1.0,0.0,0.0,0.0,9.0,4.0,0.0,0.0,0.0,0.0,0.0,0.0,0.0,0.0,3.0,12.0,1.0,12.17,5.01,2.51,1.49,0.0,0.0,0.0,361.4,0.0,0.9,0.1,0.4,-169.70000000000002,0.0,0.0,169.8,0.0,21.3,28.9,28.9,30.9,300.0,300.0,31.8,35.9,28.8,28.0,29.9,4.96,1.99,4.96,0.16,0.0,0.0,1027.0,8228.0,0.0,0.0,0.0,0.0,0.0,1.0,0.0,0.0,0.0,0.0,0.0,0.5,0.0,-0.3,0.0,0.0,16.0,25903.0
2026-07-30T19:03:31.765Z,381.248,381.264,0.0,7.4,0.0,0.0,0.0,0.0,0.0,0.0,0.0,0.0,1.0,0.0,0.0,0.0,9.0,4.0,0.0,0.0,0.0,0.0,0.0,0.0,0.0,0.0,5.0,12.0,1.0,12.14,5.01,2.51,1.49,0.0,0.0,0.0,361.4,0.0,-0.2,0.1,1.0,-169.70000000000002,0.0,0.0,169.8,0.0,21.700000000000003,28.9,28.9,30.9,300.0,300.0,31.8,35.9,28.8,28.0,29.9,4.95,1.99,4.97,0.16,0.0,0.0,1027.0,8228.0,0.0,0.0,0.0,0.0,0.0,1.0,0.0,0.0,0.0,0.0,0.0,0.9,0.0,-0.9,0.0,0.0,16.0,25903.0
2026-07-30T19:03:31.777Z,381.26,381.276,0.0,7.4,0.0,0.0,0.0,0.0,0.0,0.0,0.0,0.0,1.0,0.0,0.0,0.0,9.0,4.0,0.0,0.0,0.0,0.0,0.0,0.0,0.0,0.0,6.0,12.0,1.0,12.14,5.01,2.51,1.49,0.0,0.0,0.0,361.4,0.0,0.2,1.2000000000000002,1.0,-169.70000000000002,0.0,0.0,169.8,0.0,21.700000000000003,28.9,28.9,30.9,300.0,300.0,31.8,35.9,28.8,28.0,29.9,4.95,2.0,4.97,0.16,0.0,0.0,1027.0,8228.0,0.0,0.0,0.0,0.0,0.0,1.0,0.0,0.0,0.0,0.0,0.0,2.1,0.0,-0.6000000000000001,0.0,0.0,16.0,25903.0
2026-07-30T19:03:31.789Z,381.272,381.288,0.0,7.4,0.0,0.0,0.0,0.0,0.0,0.0,0.0,0.0,1.0,0.0,0.0,0.0,9.0,4.0,0.0,0.0,0.0,0.0,0.0,0.0,0.0,0.0,2.0,12.0,1.0,12.14,5.01,2.51,1.49,0.0,0.0,0.0,361.3,0.0,-0.3,0.6000000000000001,0.4,-169.70000000000002,0.0,0.0,169.70000000000002,0.0,21.700000000000003,28.9,28.9,30.9,300.0,300.0,31.8,35.9,28.8,28.0,29.9,4.96,2.0,4.97,0.16,0.0,0.0,1027.0,8228.0,0.0,0.0,0.0,0.0,0.0,1.0,0.0,0.0,0.0,0.0,0.0,1.1,0.0,-0.2,0.0,0.0,16.0,25903.0
2026-07-30T19:03:31.802Z,381.285,381.3,0.0,7.4,0.0,0.0,0.0,0.0,0.0,0.0,0.0,0.0,1.0,0.0,0.0,0.0,9.0,4.0,0.0,0.0,0.0,0.0,0.0,0.0,0.0,0.0,3.0,12.0,1.0,12.14,5.01,2.51,1.49,0.0,0.0,0.0,361.3,0.0,0.2,-0.4,1.0,-169.70000000000002,0.0,0.0,169.8,0.0,21.700000000000003,28.9,28.9,30.9,300.0,300.0,31.8,35.9,28.8,28.0,29.9,4.95,2.0,4.97,0.16,0.0,0.0,1027.0,8228.0,0.0,0.0,0.0,0.0,0.0,1.0,0.0,0.0,0.0,0.0,0.0,0.2,0.0,-1.0,0.0,0.0,16.0,25903.0
2026-07-30T19:03:31.813Z,381.296,381.312,0.0,7.4,0.0,0.0,0.0,0.0,0.0,0.0,0.0,0.0,1.0,0.0,0.0,0.0,9.0,4.0,0.0,0.0,0.0,0.0,0.0,0.0,0.0,0.0,5.0,12.0,1.0,12.14,5.01,2.51,1.49,0.0,0.0,0.0,361.3,0.0,0.2,0.0,0.4,-169.70000000000002,0.0,0.0,169.8,0.0,21.700000000000003,28.9,28.9,30.9,300.0,300.0,31.8,35.9,28.8,28.0,29.9,4.95,1.99,4.96,0.16,0.0,0.0,1027.0,8228.0,0.0,0.0,0.0,0.0,0.0,1.0,0.0,0.0,0.0,0.0,0.0,0.4,0.0,-0.3,0.0,0.0,16.0,25903.0
2026-07-30T19:03:31.826Z,381.309,381.324,0.0,7.4,0.0,0.0,0.0,0.0,0.0,0.0,0.0,0.0,1.0,0.0,0.0,0.0,9.0,4.0,0.0,0.0,0.0,0.0,0.0,0.0,0.0,0.0,6.0,12.0,1.0,12.14,5.01,2.51,1.49,0.0,0.0,0.0,361.3,0.0,0.2,0.6000000000000001,1.0,-169.70000000000002,0.0,0.0,169.8,0.0,21.700000000000003,28.9,28.9,30.9,300.0,300.0,31.8,35.9,28.8,28.0,29.9,4.95,1.99,4.96,0.16,0.0,0.0,1027.0,8228.0,0.0,0.0,0.0,0.0,0.0,1.0,0.0,0.0,0.0,0.0,0.0,0.6000000000000001,0.0,0.2,0.0,0.0,16.0,25903.0
2026-07-30T19:03:31.838Z,381.321,381.336,0.0,7.4,0.0,0.0,0.0,0.0,0.0,0.0,0.0,0.0,1.0,0.0,0.0,0.0,9.0,4.0,0.0,0.0,0.0,0.0,0.0,0.0,0.0,0.0,1.0,12.0,1.0,12.14,5.01,2.51,1.49,0.0,0.0,0.0,361.4,0.0,-0.8,1.2000000000000002,0.4,-169.70000000000002,0.0,0.0,169.8,0.0,21.700000000000003,28.9,28.9,30.9,300.0,300.0,31.8,35.9,28.8,28.0,29.9,4.96,1.99,4.96,0.16,0.0,0.0,1027.0,8228.0,0.0,0.0,0.0,0.0,0.0,1.0,0.0,0.0,0.0,0.0,0.0,2.1,0.0,-0.6000000000000001,0.0,0.0,16.0,25903.0
2026-07-30T19:03:31.849Z,381.332,381.348,0.0,7.4,0.0,0.0,0.0,0.0,0.0,0.0,0.0,0.0,1.0,0.0,0.0,0.0,9.0,4.0,0.0,0.0,0.0,0.0,0.0,0.0,0.0,0.0,3.0,12.0,1.0,12.14,5.01,2.51,1.49,0.0,0.0,0.0,361.4,0.0,0.3,0.1,1.6,-169.70000000000002,0.0,0.0,169.8,0.0,21.700000000000003,28.9,28.9,30.9,300.0,300.0,31.8,35.9,28.8,28.0,29.9,4.95,1.99,4.97,0.16,0.0,0.0,1027.0,8228.0,0.0,0.0,0.0,0.0,0.0,1.0,0.0,0.0,0.0,0.0,0.0,1.5,0.0,-0.7000000000000001,0.0,0.0,16.0,25903.0
2026-07-30T19:03:31.863Z,381.346,381.36,0.0,7.4,0.0,0.0,0.0,0.0,0.0,0.0,0.0,0.0,1.0,0.0,0.0,0.0,9.0,4.0,0.0,0.0,0.0,0.0,0.0,0.0,0.0,0.0,4.0,12.0,1.0,12.18,5.0200000000000005,2.51,1.49,0.0,0.1,0.0,361.4,0.0,0.2,-0.4,-0.7000000000000001,-169.70000000000002,0.0,0.0,169.8,0.0,21.3,28.9,28.9,30.9,300.0,300.0,31.8,35.800000000000004,28.8,28.1,29.9,4.96,1.99,4.96,0.16,0.0,0.0,1027.0,8228.0,0.0,0.0,0.0,0.0,0.0,1.0,0.0,0.0,0.0,0.0,0.0,-1.0,0.0,0.5,0.0,0.0,16.0,25903.0
2026-07-30T19:03:31.874Z,381.357,381.372,0.0,7.4,0.0,0.0,0.0,0.0,0.0,0.0,0.0,0.0,1.0,0.0,0.0,0.0,9.0,4.0,0.0,0.0,0.0,0.0,0.0,0.0,0.0,0.0,6.0,12.0,1.0,12.18,5.0200000000000005,2.51,1.49,0.0,0.0,0.0,361.3,0.0,-0.2,1.2000000000000002,-0.1,-169.70000000000002,0.0,0.0,169.8,0.0,21.3,28.9,28.9,30.9,300.0,300.0,31.8,35.800000000000004,28.8,28.1,29.9,4.96,1.99,4.97,0.16,0.0,0.0,1027.0,8228.0,0.0,0.0,0.0,0.0,0.0,1.0,0.0,0.0,0.0,0.0,0.0,1.3,0.0,0.3,0.0,0.0,16.0,25903.0
2026-07-30T19:03:31.885Z,381.368,381.384,0.0,7.4,0.0,0.0,0.0,0.0,0.0,0.0,0.0,0.0,1.0,0.0,0.0,0.0,9.0,4.0,0.0,0.0,0.0,0.0,0.0,0.0,0.0,0.0,1.0,12.0,1.0,12.18,5.0200000000000005,2.51,1.49,0.0,0.1,0.0,361.4,0.0,-0.2,0.7000000000000001,-0.1,-169.70000000000002,0.0,0.0,169.70000000000002,0.0,21.3,28.9,28.9,30.9,300.0,300.0,31.8,35.800000000000004,28.8,28.1,29.9,4.96,1.99,4.97,0.16,0.0,0.0,1027.0,8228.0,0.0,0.0,0.0,0.0,0.0,1.0,0.0,0.0,0.0,0.0,0.0,0.7000000000000001,0.0,0.2,0.0,0.0,16.0,25903.0
2026-07-30T19:03:31.897Z,381.38,381.396,0.0,7.4,0.0,0.0,0.0,0.0,0.0,0.0,0.0,0.0,1.0,0.0,0.0,0.0,9.0,4.0,0.0,0.0,0.0,0.0,0.0,0.0,0.0,0.0,2.0,12.0,1.0,12.18,5.0200000000000005,2.51,1.49,0.0,0.1,0.0,361.4,0.0,-0.2,-0.4,-0.7000000000000001,-169.70000000000002,0.0,0.0,169.8,0.0,21.3,28.9,28.9,30.9,300.0,300.0,31.8,35.800000000000004,28.8,28.1,29.9,4.95,1.99,4.96,0.16,0.0,0.0,1027.0,8228.0,0.0,0.0,0.0,0.0,0.0,1.0,0.0,0.0,0.0,0.0,0.0,-1.0,0.0,0.5,0.0,0.0,16.0,25903.0
2026-07-30T19:03:31.909Z,381.392,381.408,0.0,7.4,0.0,0.0,0.0,0.0,0.0,0.0,0.0,0.0,1.0,0.0,0.0,0.0,9.0,4.0,0.0,0.0,0.0,0.0,0.0,0.0,0.0,0.0,4.0,12.0,1.0,12.18,5.0200000000000005,2.51,1.49,0.0,0.0,0.0,361.3,0.0,0.9,-1.0,-0.7000000000000001,-169.70000000000002,0.0,0.0,169.8,0.0,21.3,28.9,28.9,30.9,300.0,300.0,31.8,35.800000000000004,28.8,28.1,29.9,4.95,1.99,4.96,0.16,0.0,0.0,1027.0,8228.0,0.0,0.0,0.0,0.0,0.0,1.0,0.0,0.0,0.0,0.0,0.0,-1.7000000000000002,0.0,0.4,0.0,0.0,16.0,25903.0
2026-07-30T19:03:31.922Z,381.405,381.42,0.0,7.4,0.0,0.0,0.0,0.0,0.0,0.0,0.0,0.0,1.0,0.0,0.0,0.0,9.0,4.0,0.0,0.0,0.0,0.0,0.0,0.0,0.0,0.0,5.0,12.0,1.0,12.18,5.0200000000000005,2.51,1.49,0.0,0.0,0.0,361.3,0.0,-0.2,0.0,1.5,-169.70000000000002,0.0,0.0,169.8,0.0,21.3,28.9,28.9,30.9,300.0,300.0,31.8,35.800000000000004,28.8,28.1,29.9,4.95,2.0,4.97,0.16,0.0,0.0,1027.0,8228.0,0.0,0.0,0.0,0.0,0.0,1.0,0.0,0.0,0.0,0.0,0.0,1.2000000000000002,0.0,-1.3,0.0,0.0,16.0,25903.0
2026-07-30T19:03:31.934Z,381.417,381.432,0.0,7.4,0.0,0.0,0.0,0.0,0.0,0.0,0.0,0.0,1.0,0.0,0.0,0.0,9.0,4.0,0.0,0.0,0.0,0.0,0.0,0.0,0.0,0.0,6.0,12.0,1.0,12.18,5.0200000000000005,2.51,1.49,0.0,0.1,0.0,361.4,0.0,0.3,0.0,0.4,-169.70000000000002,0.0,0.0,169.8,0.0,21.3,28.9,28.9,30.9,300.0,300.0,31.8,35.800000000000004,28.8,28.1,29.9,4.95,1.99,4.97,0.16,0.0,0.0,1027.0,8228.0,0.0,0.0,0.0,0.0,0.0,1.0,0.0,0.0,0.0,0.0,0.0,0.4,0.0,-0.3,0.0,0.0,16.0,25903.0
2026-07-30T19:03:31.946Z,381.429,381.444,0.0,7.4,0.0,0.0,0.0,0.0,0.0,0.0,0.0,0.0,1.0,0.0,0.0,0.0,9.0,4.0,0.0,0.0,0.0,0.0,0.0,0.0,0.0,0.0,1.0,12.0,1.0,12.18,5.0200000000000005,2.51,1.49,0.0,0.0,0.0,361.4,0.0,-0.2,-1.0,-1.2000000000000002,-169.70000000000002,0.0,0.0,169.8,0.0,21.3,28.9,28.9,30.9,300.0,300.0,31.8,35.800000000000004,28.8,28.1,29.9,4.96,1.99,4.96,0.16,0.0,0.0,1027.0,8228.0,0.0,0.0,0.0,0.0,0.0,1.0,0.0,0.0,0.0,0.0,0.0,-2.1,0.0,0.8,0.0,0.0,16.0,25903.0
2026-07-30T19:03:31.958Z,381.441,381.456,0.0,7.4,0.0,0.0,0.0,0.0,0.0,0.0,0.0,0.0,1.0,0.0,0.0,0.0,9.0,4.0,0.0,0.0,0.0,0.0,0.0,0.0,0.0,0.0,2.0,12.0,1.0,12.18,5.0200000000000005,2.51,1.49,0.0,0.0,0.0,361.4,0.0,0.3,0.0,-0.1,-169.70000000000002,0.0,0.0,169.8,0.0,21.3,28.9,28.9,30.9,300.0,300.0,31.8,35.800000000000004,28.8,28.1,29.9,4.96,1.99,4.96,0.16,0.0,0.0,1027.0,8228.0,0.0,0.0,0.0,0.0,0.0,1.0,0.0,0.0,0.0,0.0,0.0,0.0,0.0,0.1,0.0,0.0,16.0,25903.0
2026-07-30T19:03:31.970Z,381.453,381.468,0.0,7.4,0.0,0.0,0.0,0.0,0.0,0.0,0.0,0.0,1.0,0.0,0.0,0.0,9.0,4.0,0.0,0.0,0.0,0.0,0.0,0.0,0.0,0.0,4.0,12.0,1.0,12.14,5.01,2.51,1.49,0.0,0.0,0.0,361.4,0.0,0.3,0.1,2.2,-169.70000000000002,0.0,0.0,169.8,0.0,21.3,28.9,28.9,30.9,300.0,300.0,31.700000000000003,35.9,28.9,28.1,29.9,4.96,1.99,4.96,0.16,0.0,0.0,1027.0,8228.0,0.0,0.0,0.0,0.0,0.0,1.0,0.0,0.0,0.0,0.0,0.0,1.7000000000000002,0.0,-1.9,0.0,0.0,16.0,25903.0
2026-07-30T19:03:31.981Z,381.464,381.48,0.0,7.4,0.0,0.0,0.0,0.0,0.0,0.0,0.0,0.0,1.0,0.0,0.0,0.0,9.0,4.0,0.0,0.0,0.0,0.0,0.0,0.0,0.0,0.0,4.0,12.0,1.0,12.14,5.01,2.51,1.49,0.0,0.1,0.0,361.3,0.0,0.9,1.2000000000000002,0.4,-169.8,0.0,0.0,169.8,0.0,21.3,28.9,28.9,30.9,300.0,300.0,31.700000000000003,35.9,28.9,28.1,29.9,4.95,1.99,4.96,0.16,0.0,0.0,1027.0,8228.0,0.0,0.0,0.0,0.0,0.0,1.0,0.0,0.0,0.0,0.0,0.0,1.7000000000000002,0.0,-0.1,0.0,0.0,16.0,25903.0
2026-07-30T19:03:31.994Z,381.477,381.492,0.0,7.4,0.0,0.0,0.0,0.0,0.0,0.0,0.0,0.0,1.0,0.0,0.0,0.0,9.0,4.0,0.0,0.0,0.0,0.0,0.0,0.0,0.0,0.0,5.0,12.0,1.0,12.14,5.01,2.51,1.49,0.0,0.0,0.0,361.4,0.0,0.9,0.6000000000000001,1.6,-169.8,0.0,0.0,169.8,0.0,21.3,28.9,28.9,30.9,300.0,300.0,31.700000000000003,35.9,28.9,28.1,29.9,4.96,1.99,4.96,0.16,0.0,0.0,1027.0,8228.0,0.0,0.0,0.0,0.0,0.0,1.0,0.0,0.0,0.0,0.0,0.0,1.9,0.0,-1.2000000000000002,0.0,0.0,16.0,25903.0
2026-07-30T19:03:32.005Z,381.488,381.504,0.0,7.4,0.0,0.0,0.0,0.0,0.0,0.0,0.0,0.0,1.0,0.0,0.0,0.0,9.0,4.0,0.0,0.0,0.0,0.0,0.0,0.0,0.0,0.0,1.0,12.0,1.0,12.14,5.01,2.51,1.49,0.0,0.0,0.0,361.4,0.0,0.3,-1.0,-0.1,-169.8,0.0,0.0,169.8,0.0,21.3,28.9,28.9,30.9,300.0,300.0,31.700000000000003,35.9,28.9,28.1,29.9,4.95,1.99,4.97,0.16,0.0,0.0,1027.0,8228.0,0.0,0.0,0.0,0.0,0.0,1.0,0.0,0.0,0.0,0.0,0.0,-1.2000000000000002,0.0,-0.1,0.0,0.0,16.0,25903.0
2026-07-30T19:03:32.017Z,381.5,381.516,0.0,7.4,0.0,0.0,0.0,0.0,0.0,0.0,0.0,0.0,1.0,0.0,0.0,0.0,9.0,4.0,0.0,0.0,0.0,0.0,0.0,0.0,0.0,0.0,2.0,12.0,1.0,12.14,5.01,2.51,1.49,0.0,0.0,0.0,361.3,0.0,-0.2,0.1,0.4,-169.8,0.0,0.0,169.8,0.0,21.3,28.9,28.9,30.9,300.0,300.0,31.700000000000003,35.9,28.9,28.1,29.9,4.95,1.99,4.97,0.16,0.0,0.0,1027.0,8228.0,0.0,0.0,0.0,0.0,0.0,1.0,0.0,0.0,0.0,0.0,0.0,0.4,0.0,-0.4,0.0,0.0,16.0,25903.0
2026-07-30T19:03:32.030Z,381.513,381.528,0.0,7.4,0.0,0.0,0.0,0.0,0.0,0.0,0.0,0.0,1.0,0.0,0.0,0.0,9.0,4.0,0.0,0.0,0.0,0.0,0.0,0.0,0.0,0.0,3.0,12.0,1.0,12.14,5.01,2.51,1.49,0.0,0.0,0.0,361.3,0.0,0.9,0.0,0.0,-169.8,0.0,0.0,169.8,0.0,21.3,28.9,28.9,30.9,300.0,300.0,31.700000000000003,35.9,28.9,28.1,29.9,4.96,1.99,4.97,0.16,0.0,0.0,1027.0,8228.0,0.0,0.0,0.0,0.0,0.0,1.0,0.0,0.0,0.0,0.0,0.0,0.0,0.0,0.0,0.0,0.0,16.0,25903.0
2026-07-30T19:03:32.041Z,381.524,381.54,0.0,7.4,0.0,0.0,0.0,0.0,0.0,0.0,0.0,0.0,1.0,0.0,0.0,0.0,9.0,4.0,0.0,0.0,0.0,0.0,0.0,0.0,0.0,0.0,5.0,12.0,1.0,12.14,5.01,2.51,1.49,0.0,0.0,0.0,361.4,0.0,-0.2,0.0,0.5,-169.8,0.0,0.0,169.8,0.0,21.3,28.9,28.9,30.9,300.0,300.0,31.700000000000003,35.9,28.9,28.1,29.9,4.96,1.99,4.96,0.16,0.0,0.0,1027.0,8228.0,0.0,0.0,0.0,0.0,0.0,1.0,0.0,0.0,0.0,0.0,0.0,0.4,0.0,-0.4,0.0,0.0,16.0,25903.0
2026-07-30T19:03:32.054Z,381.537,381.552,0.0,7.4,0.0,0.0,0.0,0.0,0.0,0.0,0.0,0.0,1.0,0.0,0.0,0.0,9.0,4.0,0.0,0.0,0.0,0.0,0.0,0.0,0.0,0.0,6.0,12.0,1.0,12.14,5.01,2.51,1.49,0.0,0.0,0.0,361.4,0.0,0.9,-1.0,0.5,-169.8,0.0,0.0,169.8,0.0,21.3,28.9,28.9,30.9,300.0,300.0,31.700000000000003,35.9,28.9,28.1,29.9,4.96,1.99,4.96,0.16,0.0,0.0,1027.0,8228.0,0.0,0.0,0.0,0.0,0.0,1.0,0.0,0.0,0.0,0.0,0.0,-0.7000000000000001,0.0,-0.7000000000000001,0.0,0.0,16.0,25903.0
2026-07-30T19:03:32.067Z,381.55,381.564,0.0,7.4,0.0,0.0,0.0,0.0,0.0,0.0,0.0,0.0,1.0,0.0,0.0,0.0,9.0,4.0,0.0,0.0,0.0,0.0,0.0,0.0,0.0,0.0,1.0,12.0,1.0,12.15,5.01,2.51,1.49,0.0,0.0,0.0,361.3,0.0,0.9,0.0,-0.5,-169.8,0.0,0.0,169.8,0.0,21.700000000000003,28.9,28.9,30.9,300.0,300.0,31.700000000000003,35.9,28.9,28.1,29.9,4.96,1.99,4.96,0.16,0.0,0.0,1027.0,8228.0,0.0,0.0,0.0,0.0,0.0,1.0,0.0,0.0,0.0,0.0,0.0,-0.3,0.0,0.5,0.0,0.0,16.0,25903.0
2026-07-30T19:03:32.077Z,381.56,381.576,0.0,7.4,0.0,0.0,0.0,0.0,0.0,0.0,0.0,0.0,1.0,0.0,0.0,0.0,9.0,4.0,0.0,0.0,0.0,0.0,0.0,0.0,0.0,0.0,3.0,12.0,1.0,12.15,5.01,2.51,1.49,0.0,0.0,0.0,361.3,0.0,-0.8,0.0,0.0,-169.8,0.0,0.0,169.8,0.0,21.700000000000003,28.9,28.9,30.9,300.0,300.0,31.700000000000003,35.9,28.9,28.1,29.9,4.96,1.99,4.96,0.16,0.0,0.0,1027.0,8228.0,0.0,0.0,0.0,0.0,0.0,1.0,0.0,0.0,0.0,0.0,0.0,0.0,0.0,0.0,0.0,0.0,16.0,25903.0
2026-07-30T19:03:32.090Z,381.573,381.588,0.0,7.4,0.0,0.0,0.0,0.0,0.0,0.0,0.0,0.0,1.0,0.0,0.0,0.0,9.0,4.0,0.0,0.0,0.0,0.0,0.0,0.0,0.0,0.0,4.0,12.0,1.0,12.15,5.01,2.51,1.49,0.0,0.0,0.0,361.3,0.0,0.8,-0.5,0.4,-169.8,0.0,0.0,169.8,0.0,21.700000000000003,28.9,28.9,30.9,300.0,300.0,31.700000000000003,35.9,28.9,28.1,29.9,4.95,1.99,4.97,0.16,0.0,0.0,1027.0,8228.0,0.0,0.0,0.0,0.0,0.0,1.0,0.0,0.0,0.0,0.0,0.0,-0.2,0.0,-0.5,0.0,0.0,16.0,25903.0
2026-07-30T19:03:32.101Z,381.584,381.6,0.0,7.4,0.0,0.0,0.0,0.0,0.0,0.0,0.0,0.0,1.0,0.0,0.0,0.0,9.0,4.0,0.0,0.0,0.0,0.0,0.0,0.0,0.0,0.0,6.0,12.0,1.0,12.15,5.01,2.51,1.49,0.0,0.0,0.0,361.4,0.0,0.8,-0.5,0.4,-169.8,0.0,0.0,169.8,0.0,21.700000000000003,28.9,28.9,30.9,300.0,300.0,31.700000000000003,35.9,28.9,28.1,29.9,4.96,1.99,4.97,0.16,0.0,0.0,1027.0,8228.0,0.0,0.0,0.0,0.0,0.0,1.0,0.0,0.0,0.0,0.0,0.0,-0.2,0.0,-0.5,0.0,0.0,16.0,25903.0
2026-07-30T19:03:32.113Z,381.596,381.612,0.0,7.4,0.0,0.0,0.0,0.0,0.0,0.0,0.0,0.0,1.0,0.0,0.0,0.0,9.0,4.0,0.0,0.0,0.0,0.0,0.0,0.0,0.0,0.0,1.0,12.0,1.0,12.15,5.01,2.51,1.49,0.0,0.0,0.0,361.4,0.0,-1.4,-0.5,-1.3,-169.8,0.0,0.0,169.8,0.0,21.700000000000003,28.9,28.9,30.9,300.0,300.0,31.700000000000003,35.9,28.9,28.1,29.9,4.96,1.99,4.97,0.16,0.0,0.0,1027.0,8228.0,0.0,0.0,0.0,0.0,0.0,1.0,0.0,0.0,0.0,0.0,0.0,-1.5,0.0,1.0,0.0,0.0,16.0,25903.0
2026-07-30T19:03:32.126Z,381.609,381.624,0.0,7.4,0.0,0.0,0.0,0.0,0.0,0.0,0.0,0.0,1.0,0.0,0.0,0.0,9.0,4.0,0.0,0.0,0.0,0.0,0.0,0.0,0.0,0.0,2.0,12.0,1.0,12.15,5.01,2.51,1.49,0.0,0.0,0.0,361.3,0.0,-0.8,0.6000000000000001,-0.6000000000000001,-169.8,0.0,0.0,169.8,0.0,21.700000000000003,28.9,28.9,30.9,300.0,300.0,31.700000000000003,35.9,28.9,28.1,29.9,4.96,1.99,4.97,0.16,0.0,0.0,1027.0,8228.0,0.0,0.0,0.0,0.0,0.0,1.0,0.0,0.0,0.0,0.0,0.0,0.2,0.0,0.7000000000000001,0.0,0.0,16.0,25903.0
2026-07-30T19:03:32.138Z,381.621,381.636,0.0,7.4,0.0,0.0,0.0,0.0,0.0,0.0,0.0,0.0,1.0,0.0,0.0,0.0,9.0,4.0,0.0,0.0,0.0,0.0,0.0,0.0,0.0,0.0,4.0,12.0,1.0,12.15,5.01,2.51,1.49,0.0,0.0,0.0,361.3,0.0,-0.2,0.6000000000000001,0.4,-169.8,0.0,0.0,169.8,0.0,21.700000000000003,28.9,28.9,30.9,300.0,300.0,31.700000000000003,35.9,28.9,28.1,29.9,4.96,1.99,4.96,0.16,0.0,0.0,1027.0,8228.0,0.0,0.0,0.0,0.0,0.0,1.0,0.0,0.0,0.0,0.0,0.0,1.0,0.0,-0.2,0.0,0.0,16.0,25903.0
2026-07-30T19:03:32.150Z,381.633,381.648,0.0,7.4,0.0,0.0,0.0,0.0,0.0,0.0,0.0,0.0,1.0,0.0,0.0,0.0,9.0,4.0,0.0,0.0,0.0,0.0,0.0,0.0,0.0,0.0,6.0,12.0,1.0,12.15,5.01,2.51,1.49,0.0,0.0,0.0,361.4,0.0,-0.3,0.6000000000000001,1.0,-169.8,0.0,0.0,169.8,0.0,21.700000000000003,28.9,28.9,30.9,300.0,300.0,31.700000000000003,35.9,28.9,28.1,29.9,4.95,1.99,4.96,0.16,0.0,0.0,1027.0,8228.0,0.0,0.0,0.0,0.0,0.0,1.0,0.0,0.0,0.0,0.0,0.0,1.5,0.0,-0.7000000000000001,0.0,0.0,16.0,25903.0
2026-07-30T19:03:32.161Z,381.644,381.66,0.0,7.4,0.0,0.0,0.0,0.0,0.0,0.0,0.0,0.0,1.0,0.0,0.0,0.0,9.0,4.0,0.0,0.0,0.0,0.0,0.0,0.0,0.0,0.0,6.0,12.0,1.0,12.15,5.01,2.51,1.49,-0.1,0.1,0.0,361.4,0.0,-0.3,0.6000000000000001,1.0,-169.8,0.0,0.0,169.8,0.0,21.700000000000003,28.9,28.9,30.9,300.0,300.0,31.700000000000003,35.9,28.9,28.1,29.9,4.95,2.0,4.97,0.16,0.0,0.0,1027.0,8228.0,0.0,0.0,0.0,0.0,0.0,1.0,0.0,0.0,0.0,0.0,0.0,1.5,0.0,-0.7000000000000001,0.0,0.0,16.0,25903.0
2026-07-30T19:03:32.173Z,381.656,381.672,0.0,7.4,0.0,0.0,0.0,0.0,0.0,0.0,0.0,0.0,1.0,0.0,0.0,0.0,9.0,4.0,0.0,0.0,0.0,0.0,0.0,0.0,0.0,0.0,2.0,12.0,1.0,12.17,5.0200000000000005,2.5,1.49,0.0,0.1,0.0,361.4,0.0,-0.2,0.0,-0.7000000000000001,-169.8,0.0,0.0,169.8,0.0,21.8,28.9,28.9,30.9,300.0,300.0,31.700000000000003,35.9,28.9,28.1,29.9,4.95,1.99,4.97,0.16,0.0,0.0,1027.0,8228.0,0.0,0.0,0.0,0.0,0.0,1.0,0.0,0.0,0.0,0.0,0.0,-0.4,0.0,0.6000000000000001,0.0,0.0,16.0,25903.0
2026-07-30T19:03:32.185Z,381.668,381.684,0.0,7.4,0.0,0.0,0.0,0.0,0.0,0.0,0.0,0.0,1.0,0.0,0.0,0.0,9.0,4.0,0.0,0.0,0.0,0.0,0.0,0.0,0.0,0.0,3.0,12.0,1.0,12.17,5.0200000000000005,2.5,1.49,0.0,0.0,0.0,361.3,0.0,-0.2,0.0,-0.6000000000000001,-169.8,0.0,0.0,169.8,0.0,21.8,28.9,28.9,30.9,300.0,300.0,31.700000000000003,35.9,28.9,28.1,29.9,4.96,1.99,4.97,0.16,0.0,0.0,1027.0,8228.0,0.0,0.0,0.0,0.0,0.0,1.0,0.0,0.0,0.0,0.0,0.0,-0.3,0.0,0.6000000000000001,0.0,0.0,16.0,25903.0
2026-07-30T19:03:32.197Z,381.68,381.696,0.0,7.4,0.0,0.0,0.0,0.0,0.0,0.0,0.0,0.0,1.0,0.0,0.0,0.0,9.0,4.0,0.0,0.0,0.0,0.0,0.0,0.0,0.0,0.0,5.0,12.0,1.0,12.17,5.0200000000000005,2.5,1.49,0.0,0.0,0.0,361.3,0.0,0.2,-1.6,1.6,-169.70000000000002,0.0,0.0,169.60000000000002,0.0,21.8,28.9,28.9,30.9,300.0,300.0,31.700000000000003,35.9,28.9,28.1,29.9,4.95,1.99,4.96,0.16,0.0,0.0,1027.0,8228.0,0.0,0.0,0.0,0.0,0.0,1.0,0.0,0.0,0.0,0.0,0.0,-0.6000000000000001,0.0,-1.7000000000000002,0.0,0.0,16.0,25903.0
2026-07-30T19:03:32.210Z,381.693,381.708,0.0,7.4,0.0,0.0,0.0,0.0,0.0,0.0,0.0,0.0,1.0,0.0,0.0,0.0,9.0,4.0,0.0,0.0,0.0,0.0,0.0,0.0,0.0,0.0,6.0,12.0,1.0,12.17,5.0200000000000005,2.5,1.49,0.0,0.1,0.0,361.3,0.0,1.4,1.8,1.0,-169.70000000000002,0.0,0.0,169.8,0.0,21.8,28.9,28.9,30.9,300.0,300.0,31.700000000000003,35.9,28.9,28.1,29.9,4.95,1.99,4.96,0.16,0.0,0.0,1027.0,8228.0,0.0,0.0,0.0,0.0,0.0,1.0,0.0,0.0,0.0,0.0,0.0,2.9000000000000004,0.0,-0.5,0.0,0.0,16.0,25903.0
2026-07-30T19:03:32.221Z,381.704,381.72,0.0,7.4,0.0,0.0,0.0,0.0,0.0,0.0,0.0,0.0,1.0,0.0,0.0,0.0,9.0,4.0,0.0,0.0,0.0,0.0,0.0,0.0,0.0,0.0,2.0,12.0,1.0,12.17,5.0200000000000005,2.5,1.49,0.0,0.0,0.0,361.4,0.0,-0.8,0.6000000000000001,-0.1,-169.70000000000002,0.0,0.0,169.8,0.0,21.8,28.9,28.9,30.9,300.0,300.0,31.700000000000003,35.9,28.9,28.1,29.9,4.96,1.99,4.96,0.16,0.0,0.0,1027.0,8228.0,0.0,0.0,0.0,0.0,0.0,1.0,0.0,0.0,0.0,0.0,0.0,0.7000000000000001,0.0,0.2,0.0,0.0,16.0,25903.0
2026-07-30T19:03:32.233Z,381.716,381.732,0.0,7.4,0.0,0.0,0.0,0.0,0.0,0.0,0.0,0.0,1.0,0.0,0.0,0.0,9.0,4.0,0.0,0.0,0.0,0.0,0.0,0.0,0.0,0.0,3.0,12.0,1.0,12.17,5.0200000000000005,2.5,1.49,0.0,0.0,0.0,361.3,0.0,-0.2,0.1,-1.2000000000000002,-169.70000000000002,0.0,0.0,169.8,0.0,21.8,28.9,28.9,30.9,300.0,300.0,31.700000000000003,35.9,28.9,28.1,29.9,4.96,1.99,4.96,0.16,0.0,0.0,1027.0,8228.0,0.0,0.0,0.0,0.0,0.0,1.0,0.0,0.0,0.0,0.0,0.0,-0.8,0.0,1.1,0.0,0.0,16.0,25903.0
2026-07-30T19:03:32.245Z,381.728,381.744,0.0,7.4,0.0,0.0,0.0,0.0,0.0,0.0,0.0,0.0,1.0,0.0,0.0,0.0,9.0,4.0,0.0,0.0,0.0,0.0,0.0,0.0,0.0,0.0,5.0,12.0,1.0,12.17,5.0200000000000005,2.5,1.49,0.0,0.0,0.0,361.4,0.0,0.9,0.7000000000000001,0.5,-169.70000000000002,0.0,0.0,169.8,0.0,21.8,28.9,28.9,30.9,300.0,300.0,31.700000000000003,35.9,28.9,28.1,29.9,4.95,1.99,4.97,0.16,0.0,0.0,1027.0,8228.0,0.0,0.0,0.0,0.0,0.0,1.0,0.0,0.0,0.0,0.0,0.0,1.1,0.0,-0.3,0.0,0.0,16.0,25903.0
2026-07-30T19:03:32.258Z,381.741,381.756,0.0,7.4,0.0,0.0,0.0,0.0,0.0,0.0,0.0,0.0,1.0,0.0,0.0,0.0,9.0,4.0,0.0,0.0,0.0,0.0,0.0,0.0,0.0,0.0,6.0,12.0,1.0,12.17,5.0200000000000005,2.5,1.49,0.0,0.0,0.0,361.4,0.0,0.3,0.1,0.0,-169.70000000000002,0.0,0.0,169.70000000000002,0.0,21.8,28.9,28.9,30.9,300.0,300.0,31.700000000000003,35.9,28.9,28.1,29.9,4.95,1.99,4.97,0.16,0.0,0.0,1027.0,8228.0,0.0,0.0,0.0,0.0,0.0,1.0,0.0,0.0,0.0,0.0,0.0,0.0,0.0,0.0,0.0,0.0,16.0,25903.0
2026-07-30T19:03:32.270Z,381.753,381.768,0.0,7.4,0.0,0.0,0.0,0.0,0.0,0.0,0.0,0.0,1.0,0.0,0.0,0.0,9.0,4.0,0.0,0.0,0.0,0.0,0.0,0.0,0.0,0.0,1.0,12.0,1.0,12.17,5.01,2.51,1.49,0.0,0.1,0.0,361.4,0.0,0.9,1.2000000000000002,0.0,-169.70000000000002,0.0,0.0,169.8,0.0,21.4,28.9,28.9,30.9,300.0,300.0,31.700000000000003,35.9,28.9,28.0,29.9,4.96,1.99,4.97,0.16,0.0,0.0,1027.0,8228.0,0.0,0.0,0.0,0.0,0.0,1.0,0.0,0.0,0.0,0.0,0.0,1.4,0.0,0.2,0.0,0.0,16.0,25903.0
2026-07-30T19:03:32.281Z,381.764,381.78,0.0,7.4,0.0,0.0,0.0,0.0,0.0,0.0,0.0,0.0,1.0,0.0,0.0,0.0,9.0,4.0,0.0,0.0,0.0,0.0,0.0,0.0,0.0,0.0,3.0,12.0,1.0,12.17,5.01,2.51,1.49,0.0,0.1,0.0,361.3,0.0,0.3,0.6000000000000001,1.1,-169.70000000000002,0.0,0.0,169.8,0.0,21.4,28.9,28.9,30.9,300.0,300.0,31.700000000000003,35.9,28.9,28.0,29.9,4.96,1.99,4.96,0.16,0.0,0.0,1027.0,8228.0,0.0,0.0,0.0,0.0,0.0,1.0,0.0,0.0,0.0,0.0,0.0,1.6,0.0,-0.8,0.0,0.0,16.0,25903.0
2026-07-30T19:03:32.294Z,381.777,381.792,0.0,7.4,0.0,0.0,0.0,0.0,0.0,0.0,0.0,0.0,1.0,0.0,0.0,0.0,9.0,4.0,0.0,0.0,0.0,0.0,0.0,0.0,0.0,0.0,4.0,12.0,1.0,12.17,5.01,2.51,1.49,0.0,0.0,0.0,361.3,0.0,-0.8,0.0,-1.2000000000000002,-169.70000000000002,0.0,0.0,169.8,0.0,21.4,28.9,28.9,30.9,300.0,300.0,31.700000000000003,35.9,28.9,28.0,29.9,4.95,1.99,4.96,0.16,0.0,0.0,1027.0,8228.0,0.0,0.0,0.0,0.0,0.0,1.0,0.0,0.0,0.0,0.0,0.0,-0.8,0.0,1.1,0.0,0.0,16.0,25903.0
2026-07-30T19:03:32.306Z,381.789,381.804,0.0,7.4,0.0,0.0,0.0,0.0,0.0,0.0,0.0,0.0,1.0,0.0,0.0,0.0,9.0,4.0,0.0,0.0,0.0,0.0,0.0,0.0,0.0,0.0,5.0,12.0,1.0,12.17,5.01,2.51,1.49,0.0,0.0,0.0,361.3,0.0,0.3,1.2000000000000002,-1.2000000000000002,-169.70000000000002,0.0,0.0,169.8,0.0,21.4,28.9,28.9,30.9,300.0,300.0,31.700000000000003,35.9,28.9,28.0,29.9,4.95,1.99,4.96,0.16,0.0,0.0,1027.0,8228.0,0.0,0.0,0.0,0.0,0.0,1.0,0.0,0.0,0.0,0.0,0.0,0.4,0.0,1.3,0.0,0.0,16.0,25903.0
2026-07-30T19:03:32.317Z,381.8,381.816,0.0,7.4,0.0,0.0,0.0,0.0,0.0,0.0,0.0,0.0,1.0,0.0,0.0,0.0,9.0,4.0,0.0,0.0,0.0,0.0,0.0,0.0,0.0,0.0,1.0,12.0,1.0,12.17,5.01,2.51,1.49,0.0,0.0,0.0,361.4,0.0,0.3,1.2000000000000002,0.4,-169.70000000000002,0.0,0.0,169.70000000000002,0.0,21.4,28.9,28.9,30.9,300.0,300.0,31.700000000000003,35.9,28.9,28.0,29.9,4.96,1.99,4.96,0.16,0.0,0.0,1027.0,8228.0,0.0,0.0,0.0,0.0,0.0,1.0,0.0,0.0,0.0,0.0,0.0,1.7000000000000002,0.0,-0.1,0.0,0.0,16.0,25903.0
2026-07-30T19:03:32.330Z,381.813,381.828,0.0,7.4,0.0,0.0,0.0,0.0,0.0,0.0,0.0,0.0,1.0,0.0,0.0,0.0,9.0,4.0,0.0,0.0,0.0,0.0,0.0,0.0,0.0,0.0,2.0,12.0,1.0,12.17,5.01,2.51,1.49,0.0,0.0,0.0,361.3,0.0,0.3,-0.4,0.5,-169.70000000000002,0.0,0.0,169.8,0.0,21.4,28.9,28.9,30.9,300.0,300.0,31.700000000000003,35.9,28.9,28.0,29.9,4.95,1.99,4.97,0.16,0.0,0.0,1027.0,8228.0,0.0,0.0,0.0,0.0,0.0,1.0,0.0,0.0,0.0,0.0,0.0,-0.1,0.0,-0.5,0.0,0.0,16.0,25903.0
2026-07-30T19:03:32.341Z,381.824,381.84,0.0,7.4,0.0,0.0,0.0,0.0,0.0,0.0,0.0,0.0,1.0,0.0,0.0,0.0,9.0,4.0,0.0,0.0,0.0,0.0,0.0,0.0,0.0,0.0,4.0,12.0,1.0,12.17,5.01,2.51,1.49,0.0,0.0,0.0,361.3,0.0,-0.2,-0.5,1.7000000000000002,-169.70000000000002,0.0,0.0,169.8,0.0,21.4,28.9,28.9,30.9,300.0,300.0,31.700000000000003,35.9,28.9,28.0,29.9,4.96,1.99,4.97,0.16,0.0,0.0,1027.0,8228.0,0.0,0.0,0.0,0.0,0.0,1.0,0.0,0.0,0.0,0.0,0.0,-0.2,0.0,-0.5,0.0,0.0,16.0,25903.0
2026-07-30T19:03:32.354Z,381.837,381.852,0.0,7.4,0.0,0.0,0.0,0.0,0.0,0.0,0.0,0.0,1.0,0.0,0.0,0.0,9.0,4.0,0.0,0.0,0.0,0.0,0.0,0.0,0.0,0.0,5.0,12.0,1.0,12.17,5.01,2.51,1.49,0.0,0.0,0.0,361.4,0.0,-0.2,-0.5,-0.7000000000000001,-169.70000000000002,0.0,0.0,169.8,0.0,21.4,28.9,28.9,30.9,300.0,300.0,31.700000000000003,35.9,28.9,28.0,29.9,4.96,1.99,4.96,0.16,0.0,0.0,1027.0,8228.0,0.0,0.0,0.0,0.0,0.0,1.0,0.0,0.0,0.0,0.0,0.0,0.0,0.0,0.1,0.0,0.0,16.0,25903.0
2026-07-30T19:03:32.366Z,381.849,381.864,0.0,7.4,0.0,0.0,0.0,0.0,0.0,0.0,0.0,0.0,1.0,0.0,0.0,0.0,9.0,4.0,0.0,0.0,0.0,0.0,0.0,0.0,0.0,0.0,1.0,12.0,1.0,12.17,5.01,2.51,1.49,0.0,0.0,0.0,361.4,0.0,-0.2,0.6000000000000001,-0.1,-169.70000000000002,0.0,0.0,169.8,0.0,21.4,28.9,28.9,30.9,300.0,300.0,31.700000000000003,35.9,28.9,28.0,29.9,4.96,1.99,4.96,0.16,0.0,0.0,1027.0,8228.0,0.0,0.0,0.0,0.0,0.0,1.0,0.0,0.0,0.0,0.0,0.0,0.1,0.0,0.7000000000000001,0.0,0.0,16.0,25903.0
2026-07-30T19:03:32.378Z,381.861,381.876,0.0,7.4,0.0,0.0,0.0,0.0,0.0,0.0,0.0,0.0,1.0,0.0,0.0,0.0,9.0,4.0,0.0,0.0,0.0,0.0,0.0,0.0,0.0,0.0,2.0,12.0,1.0,12.17,5.0200000000000005,2.51,1.49,0.0,0.0,0.0,361.3,0.0,-1.4,-0.5,-1.3,-169.70000000000002,0.0,0.0,169.8,0.0,21.3,28.9,28.9,30.9,300.0,300.0,31.700000000000003,35.9,28.8,28.0,29.9,4.95,1.99,4.97,0.16,0.0,0.0,1027.0,8228.0,0.0,0.0,0.0,0.0,0.0,1.0,0.0,0.0,0.0,0.0,0.0,-1.6,0.0,1.0,0.0,0.0,16.0,25903.0
2026-07-30T19:03:32.389Z,381.872,381.888,0.0,7.4,0.0,0.0,0.0,0.0,0.0,0.0,0.0,0.0,1.0,0.0,0.0,0.0,9.0,4.0,0.0,0.0,0.0,0.0,0.0,0.0,0.0,0.0,4.0,12.0,1.0,12.17,5.0200000000000005,2.51,1.49,0.0,0.0,0.0,361.4,0.0,0.3,-0.5,-0.1,-169.70000000000002,0.0,0.0,169.70000000000002,0.0,21.3,28.9,28.9,30.9,300.0,300.0,31.700000000000003,35.9,28.8,28.0,29.9,4.95,1.99,4.96,0.16,0.0,0.0,1027.0,8228.0,0.0,0.0,0.0,0.0,0.0,1.0,0.0,0.0,0.0,0.0,0.0,-0.7000000000000001,0.0,0.0,0.0,0.0,16.0,25903.0
2026-07-30T19:03:32.401Z,381.884,381.9,0.0,7.4,0.0,0.0,0.0,0.0,0.0,0.0,0.0,0.0,1.0,0.0,0.0,0.0,9.0,4.0,0.0,0.0,0.0,0.0,0.0,0.0,0.0,0.0,5.0,12.0,1.0,12.17,5.0200000000000005,2.51,1.49,0.0,0.0,0.0,361.3,0.0,0.2,1.1,0.4,-169.70000000000002,0.0,0.0,169.70000000000002,0.0,21.3,28.9,28.9,30.9,300.0,300.0,31.700000000000003,35.9,28.8,28.0,29.9,4.95,1.99,4.97,0.16,0.0,0.0,1027.0,8228.0,0.0,0.0,0.0,0.0,0.0,1.0,0.0,0.0,0.0,0.0,0.0,1.6,0.0,-0.1,0.0,0.0,16.0,25903.0
2026-07-30T19:03:32.414Z,381.897,381.912,0.0,7.4,0.0,0.0,0.0,0.0,0.0,0.0,0.0,0.0,1.0,0.0,0.0,0.0,9.0,4.0,0.0,0.0,0.0,0.0,0.0,0.0,0.0,0.0,1.0,12.0,1.0,12.17,5.0200000000000005,2.51,1.49,0.0,0.1,0.0,361.3,0.0,0.2,-0.6000000000000001,-0.2,-169.70000000000002,0.0,0.0,169.8,0.0,21.3,28.9,28.9,30.9,300.0,300.0,31.700000000000003,35.9,28.8,28.0,29.9,4.95,1.99,4.97,0.16,0.0,0.0,1027.0,8228.0,0.0,0.0,0.0,0.0,0.0,1.0,0.0,0.0,0.0,0.0,0.0,-0.8,0.0,0.0,0.0,0.0,16.0,25903.0
2026-07-30T19:03:32.425Z,381.908,381.924,0.0,7.4,0.0,0.0,0.0,0.0,0.0,0.0,0.0,0.0,1.0,0.0,0.0,0.0,9.0,4.0,0.0,0.0,0.0,0.0,0.0,0.0,0.0,0.0,2.0,12.0,1.0,12.17,5.0200000000000005,2.51,1.49,-0.1,0.1,0.0,361.4,0.0,0.2,-0.6000000000000001,0.3,-169.70000000000002,0.0,0.0,169.70000000000002,0.0,21.3,28.9,28.9,30.9,300.0,300.0,31.700000000000003,35.9,28.8,28.0,29.9,4.96,1.99,4.97,0.16,0.0,0.0,1027.0,8228.0,0.0,0.0,0.0,0.0,0.0,1.0,0.0,0.0,0.0,0.0,0.0,-0.4,0.0,-0.4,0.0,0.0,16.0,25903.0
2026-07-30T19:03:32.438Z,381.921,381.936,0.0,7.4,0.0,0.0,0.0,0.0,0.0,0.0,0.0,0.0,1.0,0.0,0.0,0.0,9.0,4.0,0.0,0.0,0.0,0.0,0.0,0.0,0.0,0.0,3.0,12.0,1.0,12.17,5.0200000000000005,2.51,1.49,0.0,0.0,0.0,361.4,0.0,-0.8,-1.7000000000000002,-0.2,-169.70000000000002,0.0,0.0,169.60000000000002,0.0,21.3,28.9,28.9,30.9,300.0,300.0,31.700000000000003,35.9,28.8,28.0,29.9,4.96,1.99,4.96,0.16,0.0,0.0,1027.0,8228.0,0.0,0.0,0.0,0.0,0.0,1.0,0.0,0.0,0.0,0.0,0.0,-2.1,0.0,-0.1,0.0,0.0,16.0,25903.0
2026-07-30T19:03:32.449Z,381.932,381.948,0.0,7.4,0.0,0.0,0.0,0.0,0.0,0.0,0.0,0.0,1.0,0.0,0.0,0.0,9.0,4.0,0.0,0.0,0.0,0.0,0.0,0.0,0.0,0.0,5.0,12.0,1.0,12.17,5.0200000000000005,2.51,1.49,0.0,0.0,0.0,361.4,0.0,0.3,1.2000000000000002,0.3,-169.70000000000002,0.0,0.0,169.8,0.0,21.3,28.9,28.9,30.9,300.0,300.0,31.700000000000003,35.9,28.8,28.0,29.9,4.96,1.99,4.96,0.16,0.0,0.0,1027.0,8228.0,0.0,0.0,0.0,0.0,0.0,1.0,0.0,0.0,0.0,0.0,0.0,1.6,0.0,0.0,0.0,0.0,16.0,25903.0
2026-07-30T19:03:32.462Z,381.945,381.96,0.0,7.4,0.0,0.0,0.0,0.0,0.0,0.0,0.0,0.0,1.0,0.0,0.0,0.0,9.0,4.0,0.0,0.0,0.0,0.0,0.0,0.0,0.0,0.0,6.0,12.0,1.0,12.17,5.0200000000000005,2.51,1.49,0.0,0.0,0.0,361.4,0.0,-0.2,1.2000000000000002,0.9,-169.70000000000002,0.0,0.0,169.70000000000002,0.0,21.3,28.9,28.9,30.9,300.0,300.0,31.700000000000003,35.9,28.8,28.0,29.9,4.95,1.99,4.96,0.16,0.0,0.0,1027.0,8228.0,0.0,0.0,0.0,0.0,0.0,1.0,0.0,0.0,0.0,0.0,0.0,2.1,0.0,-0.5,0.0,0.0,16.0,25903.0
2026-07-30T19:03:32.474Z,381.957,381.972,0.0,7.4,0.0,0.0,0.0,0.0,0.0,0.0,0.0,0.0,1.0,0.0,0.0,0.0,9.0,4.0,0.0,0.0,0.0,0.0,0.0,0.0,0.0,0.0,2.0,12.0,1.0,12.19,5.0200000000000005,2.51,1.49,0.0,0.1,0.0,361.3,0.0,0.3,-0.5,-0.2,-169.70000000000002,0.0,0.0,169.70000000000002,0.0,21.700000000000003,28.9,28.9,30.9,300.0,300.0,31.6,35.9,28.8,28.0,29.9,4.96,1.99,4.96,0.16,0.0,0.0,1027.0,8228.0,0.0,0.0,0.0,0.0,0.0,1.0,0.0,0.0,0.0,0.0,0.0,-0.8,0.0,0.1,0.0,0.0,16.0,25903.0
2026-07-30T19:03:32.486Z,381.969,381.984,0.0,7.4,0.0,0.0,0.0,0.0,0.0,0.0,0.0,0.0,1.0,0.0,0.0,0.0,9.0,4.0,0.0,0.0,0.0,0.0,0.0,0.0,0.0,0.0,4.0,12.0,1.0,12.19,5.0200000000000005,2.51,1.49,0.0,0.0,0.0,361.3,0.0,0.3,0.0,-0.2,-169.70000000000002,0.0,0.0,169.70000000000002,0.0,21.700000000000003,28.9,28.9,30.9,300.0,300.0,31.6,35.9,28.8,28.0,29.9,4.95,1.99,4.97,0.16,0.0,0.0,1027.0,8228.0,0.0,0.0,0.0,0.0,0.0,1.0,0.0,0.0,0.0,0.0,0.0,-0.1,0.0,0.1,0.0,0.0,16.0,25903.0
2026-07-30T19:03:32.497Z,381.98,381.996,0.0,7.4,0.0,0.0,0.0,0.0,0.0,0.0,0.0,0.0,1.0,0.0,0.0,0.0,9.0,4.0,0.0,0.0,0.0,0.0,0.0,0.0,0.0,0.0,5.0,12.0,1.0,12.19,5.0200000000000005,2.51,1.49,0.0,0.1,0.0,361.4,0.0,-0.2,0.0,0.3,-169.70000000000002,0.0,0.0,169.70000000000002,0.0,21.700000000000003,28.9,28.9,30.9,300.0,300.0,31.6,35.9,28.8,28.0,29.9,4.95,1.99,4.97,0.16,0.0,0.0,1027.0,8228.0,0.0,0.0,0.0,0.0,0.0,1.0,0.0,0.0,0.0,0.0,0.0,0.3,0.0,-0.3,0.0,0.0,16.0,25903.0
2026-07-30T19:03:32.510Z,381.993,382.008,0.0,7.4,0.0,0.0,0.0,0.0,0.0,0.0,0.0,0.0,1.0,0.0,0.0,0.0,9.0,4.0,0.0,0.0,0.0,0.0,0.0,0.0,0.0,0.0,5.0,12.0,1.0,12.19,5.0200000000000005,2.51,1.49,0.0,0.0,0.0,361.4,0.0,-0.8,0.6000000000000001,0.4,-169.70000000000002,0.0,0.0,169.70000000000002,0.0,21.700000000000003,28.9,28.9,30.9,300.0,300.0,31.6,35.9,28.8,28.0,29.9,4.96,1.99,4.97,0.16,0.0,0.0,1027.0,8228.0,0.0,0.0,0.0,0.0,0.0,1.0,0.0,0.0,0.0,0.0,0.0,1.0,0.0,-0.2,0.0,0.0,16.0,25903.0
2026-07-30T19:03:32.522Z,382.005,382.02,0.0,7.4,0.0,0.0,0.0,0.0,0.0,0.0,0.0,0.0,1.0,0.0,0.0,0.0,9.0,4.0,0.0,0.0,0.0,0.0,0.0,0.0,0.0,0.0,6.0,12.0,1.0,12.19,5.0200000000000005,2.51,1.49,0.0,0.0,0.0,361.4,0.0,0.9,0.0,-0.7000000000000001,-169.70000000000002,0.0,0.0,169.8,0.0,21.700000000000003,28.9,28.9,30.9,300.0,300.0,31.6,35.9,28.8,28.0,29.9,4.96,1.99,4.96,0.16,0.0,0.0,1027.0,8228.0,0.0,0.0,0.0,0.0,0.0,1.0,0.0,0.0,0.0,0.0,0.0,-0.4,0.0,0.6000000000000001,0.0,0.0,16.0,25903.0
2026-07-30T19:03:32.534Z,382.017,382.032,0.0,7.4,0.0,0.0,0.0,0.0,0.0,0.0,0.0,0.0,1.0,0.0,0.0,0.0,9.0,4.0,0.0,0.0,0.0,0.0,0.0,0.0,0.0,0.0,1.0,12.0,1.0,12.19,5.0200000000000005,2.51,1.49,0.0,0.0,0.0,361.3,0.0,0.9,-0.5,-0.7000000000000001,-169.70000000000002,0.0,0.0,169.8,0.0,21.700000000000003,28.9,28.9,30.9,300.0,300.0,31.6,35.9,28.8,28.0,29.9,4.95,1.99,4.96,0.16,0.0,0.0,1027.0,8228.0,0.0,0.0,0.0,0.0,0.0,1.0,0.0,0.0,0.0,0.0,0.0,-1.1,0.0,0.5,0.0,0.0,16.0,25903.0
2026-07-30T19:03:32.545Z,382.028,382.044,0.0,7.4,0.0,0.0,0.0,0.0,0.0,0.0,0.0,0.0,1.0,0.0,0.0,0.0,9.0,4.0,0.0,0.0,0.0,0.0,0.0,0.0,0.0,0.0,3.0,12.0,1.0,12.19,5.0200000000000005,2.51,1.49,0.0,0.0,0.0,361.4,0.0,-0.8,0.0,-0.7000000000000001,-169.70000000000002,0.0,0.0,169.70000000000002,0.0,21.700000000000003,28.9,28.9,30.9,300.0,300.0,31.6,35.9,28.8,28.0,29.9,4.95,2.0,4.96,0.16,0.0,0.0,1027.0,8228.0,0.0,0.0,0.0,0.0,0.0,1.0,0.0,0.0,0.0,0.0,0.0,-0.5,0.0,0.6000000000000001,0.0,0.0,16.0,25903.0
2026-07-30T19:03:32.557Z,382.04,382.056,0.0,7.4,0.0,0.0,0.0,0.0,0.0,0.0,0.0,0.0,1.0,0.0,0.0,0.0,9.0,4.0,0.0,0.0,0.0,0.0,0.0,0.0,0.0,0.0,4.0,12.0,1.0,12.19,5.0200000000000005,2.51,1.49,0.0,0.0,0.0,361.3,0.0,-0.8,-1.1,-2.5,-169.70000000000002,0.0,0.0,169.60000000000002,0.0,21.700000000000003,28.9,28.9,30.9,300.0,300.0,31.6,35.9,28.8,28.0,29.9,4.96,1.99,4.96,0.16,0.0,0.0,1027.0,8228.0,0.0,0.0,0.0,0.0,0.0,1.0,0.0,0.0,0.0,0.0,0.0,-3.1,0.0,1.9,0.0,0.0,16.0,25903.0
2026-07-30T19:03:32.569Z,382.052,382.068,0.0,7.4,0.0,0.0,0.0,0.0,0.0,0.0,0.0,0.0,1.0,0.0,0.0,0.0,9.0,4.0,0.0,0.0,0.0,0.0,0.0,0.0,0.0,0.0,5.0,12.0,1.0,12.19,5.0200000000000005,2.51,1.49,0.0,0.0,0.0,361.3,0.0,-0.8,-0.5,-0.1,-169.70000000000002,0.0,0.0,169.70000000000002,0.0,21.700000000000003,28.9,28.9,30.9,300.0,300.0,31.6,35.9,28.8,28.0,29.9,4.95,1.99,4.97,0.16,0.0,0.0,1027.0,8228.0,0.0,0.0,0.0,0.0,0.0,1.0,0.0,0.0,0.0,0.0,0.0,-0.7000000000000001,0.0,0.0,0.0,0.0,16.0,25903.0
2026-07-30T19:03:32.581Z,382.064,382.08,0.0,7.4,0.0,0.0,0.0,0.0,0.0,0.0,0.0,0.0,1.0,0.0,0.0,0.0,9.0,4.0,0.0,0.0,0.0,0.0,0.0,0.0,0.0,0.0,6.0,12.0,1.0,12.15,5.01,2.5,1.5,0.0,0.0,0.0,361.4,0.0,0.3,-0.5,-0.7000000000000001,-169.70000000000002,0.0,0.0,169.70000000000002,0.0,21.700000000000003,28.9,28.9,30.9,300.0,300.0,31.700000000000003,35.9,28.9,28.0,29.9,4.96,1.99,4.96,0.16,0.0,0.0,1027.0,8228.0,0.0,0.0,0.0,0.0,0.0,1.0,0.0,0.0,0.0,0.0,0.0,-1.1,0.0,0.5,0.0,0.0,16.0,25903.0
2026-07-30T19:03:32.594Z,382.077,382.092,0.0,7.4,0.0,0.0,0.0,0.0,0.0,0.0,0.0,0.0,1.0,0.0,0.0,0.0,9.0,4.0,0.0,0.0,0.0,0.0,0.0,0.0,0.0,0.0,1.0,12.0,1.0,12.15,5.01,2.5,1.5,0.0,0.0,0.0,361.4,0.0,0.3,0.6000000000000001,1.5,-169.70000000000002,0.0,0.0,169.60000000000002,0.0,21.700000000000003,28.9,28.9,30.9,300.0,300.0,31.700000000000003,35.9,28.9,28.0,29.9,4.96,1.99,4.97,0.16,0.0,0.0,1027.0,8228.0,0.0,0.0,0.0,0.0,0.0,1.0,0.0,0.0,0.0,0.0,0.0,1.9,0.0,-1.2000000000000002,0.0,0.0,16.0,25903.0
2026-07-30T19:03:32.606Z,382.089,382.104,0.0,7.4,0.0,0.0,0.0,0.0,0.0,0.0,0.0,0.0,1.0,0.0,0.0,0.0,9.0,4.0,0.0,0.0,0.0,0.0,0.0,0.0,0.0,0.0,3.0,12.0,1.0,12.15,5.01,2.5,1.5,0.0,0.0,0.0,361.3,0.0,-0.2,0.0,-0.7000000000000001,-169.70000000000002,0.0,0.0,169.8,0.0,21.700000000000003,28.9,28.9,30.9,300.0,300.0,31.700000000000003,35.9,28.9,28.0,29.9,4.95,1.99,4.97,0.16,0.0,0.0,1027.0,8228.0,0.0,0.0,0.0,0.0,0.0,1.0,0.0,0.0,0.0,0.0,0.0,-0.4,0.0,0.6000000000000001,0.0,0.0,16.0,25903.0
2026-07-30T19:03:32.617Z,382.1,382.116,0.0,7.4,0.0,0.0,0.0,0.0,0.0,0.0,0.0,0.0,1.0,0.0,0.0,0.0,9.0,4.0,0.0,0.0,0.0,0.0,0.0,0.0,0.0,0.0,4.0,12.0,1.0,12.15,5.01,2.5,1.5,0.0,0.0,0.0,361.4,0.0,-0.3,0.0,-0.1,-169.70000000000002,0.0,0.0,169.8,0.0,21.700000000000003,28.9,28.9,30.9,300.0,300.0,31.700000000000003,35.9,28.9,28.0,29.9,4.95,1.99,4.97,0.16,0.0,0.0,1027.0,8228.0,0.0,0.0,0.0,0.0,0.0,1.0,0.0,0.0,0.0,0.0,0.0,0.0,0.0,0.1,0.0,0.0,16.0,25903.0
2026-07-30T19:03:32.629Z,382.112,382.128,0.0,7.4,0.0,0.0,0.0,0.0,0.0,0.0,0.0,0.0,1.0,0.0,0.0,0.0,9.0,4.0,0.0,0.0,0.0,0.0,0.0,0.0,0.0,0.0,5.0,12.0,1.0,12.15,5.01,2.5,1.5,0.0,0.0,0.0,361.3,0.0,-0.8,0.0,-0.1,-169.70000000000002,0.0,0.0,169.8,0.0,21.700000000000003,28.9,28.9,30.9,300.0,300.0,31.700000000000003,35.9,28.9,28.0,29.9,4.95,2.0,4.96,0.16,0.0,0.0,1027.0,8228.0,0.0,0.0,0.0,0.0,0.0,1.0,0.0,0.0,0.0,0.0,0.0,0.0,0.0,0.1,0.0,0.0,16.0,25903.0
2026-07-30T19:03:32.641Z,382.124,382.14,0.0,7.4,0.0,0.0,0.0,0.0,0.0,0.0,0.0,0.0,1.0,0.0,0.0,0.0,9.0,4.0,0.0,0.0,0.0,0.0,0.0,0.0,0.0,0.0,6.0,12.0,1.0,12.15,5.01,2.5,1.5,0.0,0.0,0.0,361.4,0.0,-0.2,0.6000000000000001,1.5,-169.70000000000002,0.0,0.0,169.60000000000002,0.0,21.700000000000003,28.9,28.9,30.9,300.0,300.0,31.700000000000003,35.9,28.9,28.0,29.9,4.95,2.0,4.96,0.16,0.0,0.0,1027.0,8228.0,0.0,0.0,0.0,0.0,0.0,1.0,0.0,0.0,0.0,0.0,0.0,1.9,0.0,-1.2000000000000002,0.0,0.0,16.0,25903.0
2026-07-30T19:03:32.654Z,382.137,382.152,0.0,7.4,0.0,0.0,0.0,0.0,0.0,0.0,0.0,0.0,1.0,0.0,0.0,0.0,9.0,4.0,0.0,0.0,0.0,0.0,0.0,0.0,0.0,0.0,1.0,12.0,1.0,12.15,5.01,2.5,1.5,-0.1,0.1,0.0,361.4,0.0,0.3,0.1,0.4,-169.70000000000002,0.0,0.0,169.70000000000002,0.0,21.700000000000003,28.9,28.9,30.9,300.0,300.0,31.700000000000003,35.9,28.9,28.0,29.9,4.95,2.0,4.96,0.16,0.0,0.0,1027.0,8228.0,0.0,0.0,0.0,0.0,0.0,1.0,0.0,0.0,0.0,0.0,0.0,0.4,0.0,-0.3,0.0,0.0,16.0,25903.0
2026-07-30T19:03:32.666Z,382.149,382.164,0.0,7.4,0.0,0.0,0.0,0.0,0.0,0.0,0.0,0.0,1.0,0.0,0.0,0.0,9.0,4.0,0.0,0.0,0.0,0.0,0.0,0.0,0.0,0.0,2.0,12.0,1.0,12.15,5.01,2.5,1.5,0.0,0.0,0.0,361.4,0.0,0.9,0.0,-1.3,-169.70000000000002,0.0,0.0,169.70000000000002,0.0,21.700000000000003,28.9,28.9,30.9,300.0,300.0,31.700000000000003,35.9,28.9,28.0,29.9,4.96,2.0,4.97,0.16,0.0,0.0,1027.0,8228.0,0.0,0.0,0.0,0.0,0.0,1.0,0.0,0.0,0.0,0.0,0.0,-0.8,0.0,1.1,0.0,0.0,16.0,25903.0
2026-07-30T19:03:32.679Z,382.162,382.176,0.0,7.4,0.0,0.0,0.0,0.0,0.0,0.0,0.0,0.0,1.0,0.0,0.0,0.0,9.0,4.0,0.0,0.0,0.0,0.0,0.0,0.0,0.0,0.0,4.0,12.0,1.0,12.15,5.0200000000000005,2.5,1.49,0.0,0.0,0.0,361.3,0.0,-1.3,-1.0,-0.7000000000000001,-169.70000000000002,0.0,0.0,169.70000000000002,0.0,21.4,28.9,28.9,30.9,300.0,300.0,31.700000000000003,35.9,28.9,28.0,29.9,4.96,1.99,4.97,0.16,0.0,0.0,1027.0,8228.0,0.0,0.0,0.0,0.0,0.0,1.0,0.0,0.0,0.0,0.0,0.0,-1.7000000000000002,0.0,0.4,0.0,0.0,16.0,25903.0
2026-07-30T19:03:32.690Z,382.173,382.188,0.0,7.4,0.0,0.0,0.0,0.0,0.0,0.0,0.0,0.0,1.0,0.0,0.0,0.0,9.0,4.0,0.0,0.0,0.0,0.0,0.0,0.0,0.0,0.0,5.0,12.0,1.0,12.15,5.0200000000000005,2.5,1.49,0.0,0.0,0.0,361.3,0.0,0.4,0.1,1.0,-169.70000000000002,0.0,0.0,169.70000000000002,0.0,21.4,28.9,28.9,30.9,300.0,300.0,31.700000000000003,35.9,28.9,28.0,29.9,4.96,1.99,4.96,0.16,0.0,0.0,1027.0,8228.0,0.0,0.0,0.0,0.0,0.0,1.0,0.0,0.0,0.0,0.0,0.0,0.9,0.0,-0.9,0.0,0.0,16.0,25903.0
2026-07-30T19:03:32.702Z,382.185,382.2,0.0,7.4,0.0,0.0,0.0,0.0,0.0,0.0,0.0,0.0,1.0,0.0,0.0,0.0,9.0,4.0,0.0,0.0,0.0,0.0,0.0,0.0,0.0,0.0,6.0,12.0,1.0,12.15,5.0200000000000005,2.5,1.49,0.0,0.0,0.0,361.3,0.0,0.4,0.7000000000000001,0.0,-169.70000000000002,0.0,0.0,169.60000000000002,0.0,21.4,28.9,28.9,30.9,300.0,300.0,31.700000000000003,35.9,28.9,28.0,29.9,4.96,2.0,4.96,0.16,0.0,0.0,1027.0,8228.0,0.0,0.0,0.0,0.0,0.0,1.0,0.0,0.0,0.0,0.0,0.0,0.7000000000000001,0.0,0.2,0.0,0.0,16.0,25903.0
2026-07-30T19:03:32.713Z,382.196,382.212,0.0,7.4,0.0,0.0,0.0,0.0,0.0,0.0,0.0,0.0,1.0,0.0,0.0,0.0,9.0,4.0,0.0,0.0,0.0,0.0,0.0,0.0,0.0,0.0,1.0,12.0,1.0,12.15,5.0200000000000005,2.5,1.49,0.0,0.0,0.0,361.4,0.0,-0.7000000000000001,-0.4,-0.1,-169.70000000000002,0.0,0.0,169.8,0.0,21.4,28.9,28.9,30.9,300.0,300.0,31.700000000000003,35.9,28.9,28.0,29.9,4.96,2.0,4.96,0.16,0.0,0.0,1027.0,8228.0,0.0,0.0,0.0,0.0,0.0,1.0,0.0,0.0,0.0,0.0,0.0,-0.6000000000000001,0.0,0.0,0.0,0.0,16.0,25903.0
2026-07-30T19:03:32.725Z,382.208,382.224,0.0,7.4,0.0,0.0,0.0,0.0,0.0,0.0,0.0,0.0,1.0,0.0,0.0,0.0,9.0,4.0,0.0,0.0,0.0,0.0,0.0,0.0,0.0,0.0,2.0,12.0,1.0,12.15,5.0200000000000005,2.5,1.49,0.0,0.0,0.0,361.4,0.0,-0.1,-0.4,-1.3,-169.70000000000002,0.0,0.0,169.60000000000002,0.0,21.4,28.9,28.9,30.9,300.0,300.0,31.700000000000003,35.9,28.9,28.0,29.9,4.95,1.99,4.97,0.16,0.0,0.0,1027.0,8228.0,0.0,0.0,0.0,0.0,0.0,1.0,0.0,0.0,0.0,0.0,0.0,-1.5,0.0,1.0,0.0,0.0,16.0,25903.0
2026-07-30T19:03:32.737Z,382.22,382.236,0.0,7.4,0.0,0.0,0.0,0.0,0.0,0.0,0.0,0.0,1.0,0.0,0.0,0.0,9.0,4.0,0.0,0.0,0.0,0.0,0.0,0.0,0.0,0.0,4.0,12.0,1.0,12.15,5.0200000000000005,2.5,1.49,0.0,0.1,0.0,361.3,0.0,1.0,0.6000000000000001,-0.1,-169.70000000000002,0.0,0.0,169.8,0.0,21.4,28.9,28.9,30.9,300.0,300.0,31.700000000000003,35.9,28.9,28.0,29.9,4.95,1.99,4.97,0.16,0.0,0.0,1027.0,8228.0,0.0,0.0,0.0,0.0,0.0,1.0,0.0,0.0,0.0,0.0,0.0,0.6000000000000001,0.0,0.2,0.0,0.0,16.0,25903.0
2026-07-30T19:03:32.750Z,382.233,382.248,0.0,7.4,0.0,0.0,0.0,0.0,0.0,0.0,0.0,0.0,1.0,0.0,0.0,0.0,9.0,4.0,0.0,0.0,0.0,0.0,0.0,0.0,0.0,0.0,5.0,12.0,1.0,12.15,5.0200000000000005,2.5,1.49,0.0,0.0,0.0,361.4,0.0,1.0,0.6000000000000001,-0.1,-169.70000000000002,0.0,0.0,169.70000000000002,0.0,21.4,28.9,28.9,30.9,300.0,300.0,31.700000000000003,35.9,28.9,28.0,29.9,4.96,1.99,4.97,0.16,0.0,0.0,1027.0,8228.0,0.0,0.0,0.0,0.0,0.0,1.0,0.0,0.0,0.0,0.0,0.0,0.5,0.0,0.3,0.0,0.0,16.0,25903.0
2026-07-30T19:03:32.761Z,382.244,382.26,0.0,7.4,0.0,0.0,0.0,0.0,0.0,0.0,0.0,0.0,1.0,0.0,0.0,0.0,9.0,4.0,0.0,0.0,0.0,0.0,0.0,0.0,0.0,0.0,6.0,12.0,1.0,12.15,5.0200000000000005,2.5,1.49,0.0,0.0,0.0,361.4,0.0,-0.2,-0.5,-0.7000000000000001,-169.70000000000002,0.0,0.0,169.70000000000002,0.0,21.4,28.9,28.9,30.9,300.0,300.0,31.700000000000003,35.9,28.9,28.0,29.9,4.96,1.99,4.96,0.16,0.0,0.0,1027.0,8228.0,0.0,0.0,0.0,0.0,0.0,1.0,0.0,0.0,0.0,0.0,0.0,-1.1,0.0,0.5,0.0,0.0,16.0,25903.0
2026-07-30T19:03:32.774Z,382.257,382.272,0.0,7.4,0.0,0.0,0.0,0.0,0.0,0.0,0.0,0.0,1.0,0.0,0.0,0.0,9.0,4.0,0.0,0.0,0.0,0.0,0.0,0.0,0.0,0.0,1.0,12.0,1.0,12.15,5.0200000000000005,2.5,1.49,0.0,0.0,0.0,361.4,0.0,-0.1,0.0,0.4,-169.70000000000002,0.0,0.0,169.70000000000002,0.0,21.4,28.9,28.9,30.9,300.0,300.0,31.700000000000003,35.9,28.9,28.0,29.9,4.95,1.99,4.97,0.16,0.0,0.0,1027.0,8228.0,0.0,0.0,0.0,0.0,0.0,1.0,0.0,0.0,0.0,0.0,0.0,0.4,0.0,-0.3,0.0,0.0,16.0,25903.0
2026-07-30T19:03:32.786Z,382.269,382.284,0.0,7.4,0.0,0.0,0.0,0.0,0.0,0.0,0.0,0.0,1.0,0.0,0.0,0.0,9.0,4.0,0.0,0.0,0.0,0.0,0.0,0.0,0.0,0.0,2.0,12.0,1.0,12.18,5.01,2.5,1.49,0.0,0.0,0.0,361.4,0.0,0.3,0.6000000000000001,-0.7000000000000001,-169.70000000000002,0.0,0.0,169.70000000000002,0.0,21.3,28.9,28.9,30.9,300.0,300.0,31.700000000000003,35.9,28.8,28.0,29.9,4.95,1.99,4.96,0.16,0.0,0.0,1027.0,8228.0,0.0,0.0,0.0,0.0,0.0,1.0,0.0,0.0,0.0,0.0,0.0,0.1,0.0,0.8,0.0,0.0,16.0,25903.0
2026-07-30T19:03:32.798Z,382.281,382.296,0.0,7.4,0.0,0.0,0.0,0.0,0.0,0.0,0.0,0.0,1.0,0.0,0.0,0.0,9.0,4.0,0.0,0.0,0.0,0.0,0.0,0.0,0.0,0.0,3.0,12.0,1.0,12.18,5.01,2.5,1.49,0.0,0.1,0.0,361.4,0.0,-0.1,0.1,-0.7000000000000001,-169.70000000000002,0.0,0.0,169.8,0.0,21.3,28.9,28.9,30.9,300.0,300.0,31.700000000000003,35.9,28.8,28.0,29.9,4.95,1.99,4.96,0.16,0.0,0.0,1027.0,8228.0,0.0,0.0,0.0,0.0,0.0,1.0,0.0,0.0,0.0,0.0,0.0,-0.4,0.0,0.6000000000000001,0.0,0.0,16.0,25903.0
2026-07-30T19:03:32.809Z,382.292,382.308,0.0,7.4,0.0,0.0,0.0,0.0,0.0,0.0,0.0,0.0,1.0,0.0,0.0,0.0,9.0,4.0,0.0,0.0,0.0,0.0,0.0,0.0,0.0,0.0,4.0,12.0,1.0,12.18,5.01,2.5,1.49,0.0,0.0,0.0,361.3,0.0,-0.1,-0.4,-0.1,-169.70000000000002,0.0,0.0,169.70000000000002,0.0,21.3,28.9,28.9,30.9,300.0,300.0,31.700000000000003,35.9,28.8,28.0,29.9,4.95,1.99,4.97,0.16,0.0,0.0,1027.0,8228.0,0.0,0.0,0.0,0.0,0.0,1.0,0.0,0.0,0.0,0.0,0.0,-0.6000000000000001,0.0,0.0,0.0,0.0,16.0,25903.0
2026-07-30T19:03:32.822Z,382.305,382.32,0.0,7.4,0.0,0.0,0.0,0.0,0.0,0.0,0.0,0.0,1.0,0.0,0.0,0.0,9.0,4.0,0.0,0.0,0.0,0.0,0.0,0.0,0.0,0.0,5.0,12.0,1.0,12.18,5.01,2.5,1.49,0.0,0.0,0.0,361.3,0.0,0.3,0.7000000000000001,-0.1,-169.70000000000002,0.0,0.0,169.70000000000002,0.0,21.3,28.9,28.9,30.9,300.0,300.0,31.700000000000003,35.9,28.8,28.0,29.9,4.96,1.99,4.96,0.16,0.0,0.0,1027.0,8228.0,0.0,0.0,0.0,0.0,0.0,1.0,0.0,0.0,0.0,0.0,0.0,0.6000000000000001,0.0,0.2,0.0,0.0,16.0,25903.0
2026-07-30T19:03:32.833Z,382.316,382.332,0.0,7.4,0.0,0.0,0.0,0.0,0.0,0.0,0.0,0.0,1.0,0.0,0.0,0.0,9.0,4.0,0.0,0.0,0.0,0.0,0.0,0.0,0.0,0.0,1.0,12.0,1.0,12.18,5.01,2.5,1.49,0.0,0.0,0.0,361.3,0.0,-0.1,0.7000000000000001,0.4,-169.70000000000002,0.0,0.0,169.70000000000002,0.0,21.3,28.9,28.9,30.9,300.0,300.0,31.700000000000003,35.9,28.8,28.0,29.9,4.96,1.99,4.96,0.16,0.0,0.0,1027.0,8228.0,0.0,0.0,0.0,0.0,0.0,1.0,0.0,0.0,0.0,0.0,0.0,1.1,0.0,-0.2,0.0,0.0,16.0,25903.0
2026-07-30T19:03:32.846Z,382.329,382.344,0.0,7.4,0.0,0.0,0.0,0.0,0.0,0.0,0.0,0.0,1.0,0.0,0.0,0.0,9.0,4.0,0.0,0.0,0.0,0.0,0.0,0.0,0.0,0.0,2.0,12.0,1.0,12.18,5.01,2.5,1.49,0.0,0.0,0.0,361.3,0.0,-0.1,0.8,-1.2000000000000002,-169.70000000000002,0.0,0.0,169.70000000000002,0.0,21.3,28.9,28.9,30.9,300.0,300.0,31.700000000000003,35.9,28.8,28.0,29.9,4.96,1.99,4.96,0.16,0.0,0.0,1027.0,8228.0,0.0,0.0,0.0,0.0,0.0,1.0,0.0,0.0,0.0,0.0,0.0,1.2000000000000002,0.0,-0.2,0.0,0.0,16.0,25903.0
2026-07-30T19:03:32.857Z,382.34,382.356,0.0,7.4,0.0,0.0,0.0,0.0,0.0,0.0,0.0,0.0,1.0,0.0,0.0,0.0,9.0,4.0,0.0,0.0,0.0,0.0,0.0,0.0,0.0,0.0,4.0,12.0,1.0,12.18,5.01,2.5,1.49,0.0,0.0,0.0,361.4,0.0,0.3,-0.9,0.4,-169.70000000000002,0.0,0.0,169.70000000000002,0.0,21.3,28.9,28.9,30.9,300.0,300.0,31.700000000000003,35.9,28.8,28.0,29.9,4.95,1.99,4.96,0.16,0.0,0.0,1027.0,8228.0,0.0,0.0,0.0,0.0,0.0,1.0,0.0,0.0,0.0,0.0,0.0,-0.5,0.0,0.0,0.0,0.0,16.0,25903.0
2026-07-30T19:03:32.870Z,382.353,382.368,0.0,7.4,0.0,0.0,0.0,0.0,0.0,0.0,0.0,0.0,1.0,0.0,0.0,0.0,9.0,4.0,0.0,0.0,0.0,0.0,0.0,0.0,0.0,0.0,5.0,12.0,1.0,12.18,5.01,2.5,1.49,0.0,0.0,0.0,361.3,0.0,-0.2,0.2,0.4,-169.70000000000002,0.0,0.0,169.70000000000002,0.0,21.3,28.9,28.9,30.9,300.0,300.0,31.700000000000003,35.9,28.8,28.0,29.9,4.96,1.99,4.96,0.16,0.0,0.0,1027.0,8228.0,0.0,0.0,0.0,0.0,0.0,1.0,0.0,0.0,0.0,0.0,0.0,0.5,0.0,-0.3,0.0,0.0,16.0,25903.0
2026-07-30T19:03:32.883Z,382.366,382.38,0.0,7.4,0.0,0.0,0.0,0.0,0.0,0.0,0.0,0.0,1.0,0.0,0.0,0.0,9.0,4.0,0.0,0.0,0.0,0.0,0.0,0.0,0.0,0.0,1.0,12.0,1.0,12.19,5.01,2.5,1.5,0.0,0.0,0.0,361.4,0.0,0.3,0.1,0.3,-169.70000000000002,0.0,0.0,169.70000000000002,0.0,21.4,28.9,28.9,30.9,300.0,300.0,31.700000000000003,35.9,28.8,28.0,29.9,4.96,1.99,4.97,0.16,0.0,0.0,1027.0,8228.0,0.0,0.0,0.0,0.0,0.0,1.0,0.0,0.0,0.0,0.0,0.0,0.5,0.0,-0.3,0.0,0.0,16.0,25903.0
2026-07-30T19:03:32.893Z,382.376,382.392,0.0,7.4,0.0,0.0,0.0,0.0,0.0,0.0,0.0,0.0,1.0,0.0,0.0,0.0,9.0,4.0,0.0,0.0,0.0,0.0,0.0,0.0,0.0,0.0,2.0,12.0,1.0,12.19,5.01,2.5,1.5,0.0,0.0,0.0,361.3,0.0,-0.2,-0.3,0.3,-169.70000000000002,0.0,0.0,169.70000000000002,0.0,21.4,28.9,28.9,30.9,300.0,300.0,31.700000000000003,35.9,28.8,28.0,29.9,4.95,2.0,4.97,0.16,0.0,0.0,1027.0,8228.0,0.0,0.0,0.0,0.0,0.0,1.0,0.0,0.0,0.0,0.0,0.0,-0.1,0.0,-0.4,0.0,0.0,16.0,25903.0
2026-07-30T19:03:32.906Z,382.389,382.404,0.0,7.4,0.0,0.0,0.0,0.0,0.0,0.0,0.0,0.0,1.0,0.0,0.0,0.0,9.0,4.0,0.0,0.0,0.0,0.0,0.0,0.0,0.0,0.0,3.0,12.0,1.0,12.19,5.01,2.5,1.5,0.0,0.0,0.0,361.3,0.0,0.9,0.2,0.4,-169.70000000000002,0.0,0.0,169.8,0.0,21.4,28.9,28.9,30.9,300.0,300.0,31.700000000000003,35.9,28.8,28.0,29.9,4.96,2.0,4.97,0.16,0.0,0.0,1027.0,8228.0,0.0,0.0,0.0,0.0,0.0,1.0,0.0,0.0,0.0,0.0,0.0,0.5,0.0,-0.3,0.0,0.0,16.0,25903.0
2026-07-30T19:03:32.918Z,382.401,382.416,0.0,7.4,0.0,0.0,0.0,0.0,0.0,0.0,0.0,0.0,1.0,0.0,0.0,0.0,9.0,4.0,0.0,0.0,0.0,0.0,0.0,0.0,0.0,0.0,4.0,12.0,1.0,12.19,5.01,2.5,1.5,0.0,0.0,0.0,361.3,0.0,0.3,-0.4,-0.7000000000000001,-169.70000000000002,0.0,0.0,169.70000000000002,0.0,21.4,28.9,28.9,30.9,300.0,300.0,31.700000000000003,35.9,28.8,28.0,29.9,4.95,1.99,4.96,0.16,0.0,0.0,1027.0,8228.0,0.0,0.0,0.0,0.0,0.0,1.0,0.0,0.0,0.0,0.0,0.0,-1.0,0.0,0.6000000000000001,0.0,0.0,16.0,25903.0
2026-07-30T19:03:32.929Z,382.412,382.428,0.0,7.4,0.0,0.0,0.0,0.0,0.0,0.0,0.0,0.0,1.0,0.0,0.0,0.0,9.0,4.0,0.0,0.0,0.0,0.0,0.0,0.0,0.0,0.0,6.0,12.0,1.0,12.19,5.01,2.5,1.5,0.0,0.0,0.0,361.3,0.0,1.4,1.3,0.4,-169.70000000000002,0.0,0.0,169.70000000000002,0.0,21.4,28.9,28.9,30.9,300.0,300.0,31.700000000000003,35.9,28.8,28.0,29.9,4.95,1.99,4.97,0.16,0.0,0.0,1027.0,8228.0,0.0,0.0,0.0,0.0,0.0,1.0,0.0,0.0,0.0,0.0,0.0,1.8,0.0,0.0,0.0,0.0,16.0,25903.0
2026-07-30T19:03:32.941Z,382.424,382.44,0.0,7.4,0.0,0.0,0.0,0.0,0.0,0.0,0.0,0.0,1.0,0.0,0.0,0.0,9.0,4.0,0.0,0.0,0.0,0.0,0.0,0.0,0.0,0.0,2.0,12.0,1.0,12.19,5.01,2.5,1.5,-0.1,0.1,0.0,361.3,0.0,-0.2,0.7000000000000001,0.4,-169.70000000000002,0.0,0.0,169.70000000000002,0.0,21.4,28.9,28.9,30.9,300.0,300.0,31.700000000000003,35.9,28.8,28.0,29.9,4.95,2.0,4.97,0.16,0.0,0.0,1027.0,8228.0,0.0,0.0,0.0,0.0,0.0,1.0,0.0,0.0,0.0,0.0,0.0,1.1,0.0,-0.2,0.0,0.0,16.0,25903.0
2026-07-30T19:03:32.954Z,382.437,382.452,0.0,7.4,0.0,0.0,0.0,0.0,0.0,0.0,0.0,0.0,1.0,0.0,0.0,0.0,9.0,4.0,0.0,0.0,0.0,0.0,0.0,0.0,0.0,0.0,3.0,12.0,1.0,12.19,5.01,2.5,1.5,0.0,0.0,0.0,361.4,0.0,-0.2,0.7000000000000001,-0.7000000000000001,-169.70000000000002,0.0,0.0,169.70000000000002,0.0,21.4,28.9,28.9,30.9,300.0,300.0,31.700000000000003,35.9,28.8,28.0,29.9,4.96,2.0,4.96,0.16,0.0,0.0,1027.0,8228.0,0.0,0.0,0.0,0.0,0.0,1.0,0.0,0.0,0.0,0.0,0.0,0.2,0.0,0.8,0.0,0.0,16.0,25903.0
2026-07-30T19:03:32.965Z,382.448,382.464,0.0,7.4,0.0,0.0,0.0,0.0,0.0,0.0,0.0,0.0,1.0,0.0,0.0,0.0,9.0,4.0,0.0,0.0,0.0,0.0,0.0,0.0,0.0,0.0,5.0,12.0,1.0,12.19,5.01,2.5,1.5,0.0,0.0,0.0,361.4,0.0,0.3,1.3,0.4,-169.70000000000002,0.0,0.0,169.70000000000002,0.0,21.4,28.9,28.9,30.9,300.0,300.0,31.700000000000003,35.9,28.8,28.0,29.9,4.95,1.99,4.96,0.16,0.0,0.0,1027.0,8228.0,0.0,0.0,0.0,0.0,0.0,1.0,0.0,0.0,0.0,0.0,0.0,1.8,0.0,-0.1,0.0,0.0,16.0,25903.0
2026-07-30T19:03:32.977Z,382.46,382.476,0.0,7.4,0.0,0.0,0.0,0.0,0.0,0.0,0.0,0.0,1.0,0.0,0.0,0.0,9.0,4.0,0.0,0.0,0.0,0.0,0.0,0.0,0.0,0.0,6.0,12.0,1.0,12.19,5.01,2.5,1.5,0.0,0.0,0.0,361.4,0.0,0.9,1.3,-0.1,-169.60000000000002,0.0,0.0,169.60000000000002,0.0,21.4,28.9,28.9,30.9,300.0,300.0,31.700000000000003,35.9,28.8,28.0,29.9,4.95,1.99,4.96,0.16,0.0,0.0,1027.0,8228.0,0.0,0.0,0.0,0.0,0.0,1.0,0.0,0.0,0.0,0.0,0.0,1.3,0.0,0.4,0.0,0.0,16.0,25903.0
2026-07-30T19:03:32.990Z,382.473,382.488,0.0,7.4,0.0,0.0,0.0,0.0,0.0,0.0,0.0,0.0,1.0,0.0,0.0,0.0,9.0,4.0,0.0,0.0,0.0,0.0,0.0,0.0,0.0,0.0,2.0,12.0,1.0,12.18,5.01,2.5,1.49,0.0,0.0,0.0,361.3,0.0,-0.8,0.1,-0.1,-169.60000000000002,0.0,0.0,169.60000000000002,0.0,21.3,28.9,28.9,30.9,300.0,300.0,31.700000000000003,35.9,28.8,28.0,29.9,4.96,1.99,4.96,0.16,0.0,0.0,1027.0,8228.0,0.0,0.0,0.0,0.0,0.0,1.0,0.0,0.0,0.0,0.0,0.0,0.0,0.0,0.1,0.0,0.0,16.0,25903.0
2026-07-30T19:03:33.001Z,382.484,382.5,0.0,7.4,0.0,0.0,0.0,0.0,0.0,0.0,0.0,0.0,1.0,0.0,0.0,0.0,9.0,4.0,0.0,0.0,0.0,0.0,0.0,0.0,0.0,0.0,3.0,12.0,1.0,12.18,5.01,2.5,1.49,0.0,0.0,0.0,361.4,0.0,-0.2,0.1,-0.2,-169.60000000000002,0.0,0.0,169.60000000000002,0.0,21.3,28.9,28.9,30.9,300.0,300.0,31.700000000000003,35.9,28.8,28.0,29.9,4.96,1.99,4.97,0.16,0.0,0.0,1027.0,8228.0,0.0,0.0,0.0,0.0,0.0,1.0,0.0,0.0,0.0,0.0,0.0,0.0,0.0,0.2,0.0,0.0,16.0,25903.0
2026-07-30T19:03:33.014Z,382.497,382.512,0.0,7.4,0.0,0.0,0.0,0.0,0.0,0.0,0.0,0.0,1.0,0.0,0.0,0.0,9.0,4.0,0.0,0.0,0.0,0.0,0.0,0.0,0.0,0.0,5.0,12.0,1.0,12.18,5.01,2.5,1.49,0.0,0.0,0.0,361.3,0.0,-0.2,-0.4,-0.7000000000000001,-169.60000000000002,0.0,0.0,169.70000000000002,0.0,21.3,28.9,28.9,30.9,300.0,300.0,31.700000000000003,35.9,28.8,28.0,29.9,4.95,1.99,4.97,0.16,0.0,0.0,1027.0,8228.0,0.0,0.0,0.0,0.0,0.0,1.0,0.0,0.0,0.0,0.0,0.0,-1.0,0.0,0.5,0.0,0.0,16.0,25903.0
2026-07-30T19:03:33.025Z,382.508,382.524,0.0,7.4,0.0,0.0,0.0,0.0,0.0,0.0,0.0,0.0,1.0,0.0,0.0,0.0,9.0,4.0,0.0,0.0,0.0,0.0,0.0,0.0,0.0,0.0,6.0,12.0,1.0,12.18,5.01,2.5,1.49,0.0,0.0,0.0,361.3,0.0,0.9,0.7000000000000001,0.3,-169.60000000000002,0.0,0.0,169.60000000000002,0.0,21.3,28.9,28.9,30.9,300.0,300.0,31.700000000000003,35.9,28.8,28.0,29.9,4.95,1.99,4.96,0.16,0.0,0.0,1027.0,8228.0,0.0,0.0,0.0,0.0,0.0,1.0,0.0,0.0,0.0,0.0,0.0,1.0,0.0,-0.1,0.0,0.0,16.0,25903.0
2026-07-30T19:03:33.038Z,382.521,382.536,0.0,7.4,0.0,0.0,0.0,0.0,0.0,0.0,0.0,0.0,1.0,0.0,0.0,0.0,9.0,4.0,0.0,0.0,0.0,0.0,0.0,0.0,0.0,0.0,1.0,12.0,1.0,12.18,5.01,2.5,1.49,0.0,0.0,0.0,361.3,0.0,0.3,0.1,-0.1,-169.60000000000002,0.0,0.0,169.60000000000002,0.0,21.3,28.9,28.9,30.9,300.0,300.0,31.700000000000003,35.9,28.8,28.0,29.9,4.96,2.0,4.96,0.16,0.0,0.0,1027.0,8228.0,0.0,0.0,0.0,0.0,0.0,1.0,0.0,0.0,0.0,0.0,0.0,0.0,0.0,0.1,0.0,0.0,16.0,25903.0
2026-07-30T19:03:33.049Z,382.532,382.548,0.0,7.4,0.0,0.0,0.0,0.0,0.0,0.0,0.0,0.0,1.0,0.0,0.0,0.0,9.0,4.0,0.0,0.0,0.0,0.0,0.0,0.0,0.0,0.0,3.0,12.0,1.0,12.18,5.01,2.5,1.49,-0.1,0.1,0.0,361.4,0.0,-0.2,-0.3,-0.7000000000000001,-169.60000000000002,0.0,0.0,169.60000000000002,0.0,21.3,28.9,28.9,30.9,300.0,300.0,31.700000000000003,35.9,28.8,28.0,29.9,4.95,2.0,4.97,0.16,0.0,0.0,1027.0,8228.0,0.0,0.0,0.0,0.0,0.0,1.0,0.0,0.0,0.0,0.0,0.0,-1.0,0.0,0.5,0.0,0.0,16.0,25903.0
2026-07-30T19:03:33.062Z,382.545,382.56,0.0,7.4,0.0,0.0,0.0,0.0,0.0,0.0,0.0,0.0,1.0,0.0,0.0,0.0,9.0,4.0,0.0,0.0,0.0,0.0,0.0,0.0,0.0,0.0,4.0,12.0,1.0,12.18,5.01,2.5,1.49,0.0,0.0,0.0,361.4,0.0,0.3,0.2,-0.1,-169.60000000000002,0.0,0.0,169.70000000000002,0.0,21.3,28.9,28.9,30.9,300.0,300.0,31.700000000000003,35.9,28.8,28.0,29.9,4.96,1.99,4.96,0.16,0.0,0.0,1027.0,8228.0,0.0,0.0,0.0,0.0,0.0,1.0,0.0,0.0,0.0,0.0,0.0,0.1,0.0,0.2,0.0,0.0,16.0,25903.0
2026-07-30T19:03:33.074Z,382.557,382.572,0.0,7.4,0.0,0.0,0.0,0.0,0.0,0.0,0.0,0.0,1.0,0.0,0.0,0.0,9.0,4.0,0.0,0.0,0.0,0.0,0.0,0.0,0.0,0.0,6.0,12.0,1.0,12.18,5.01,2.5,1.49,0.0,0.0,0.0,361.3,0.0,0.3,0.2,-0.7000000000000001,-169.60000000000002,0.0,0.0,169.70000000000002,0.0,21.3,28.9,28.9,30.9,300.0,300.0,31.700000000000003,35.9,28.8,28.0,29.9,4.96,1.99,4.97,0.16,0.0,0.0,1027.0,8228.0,0.0,0.0,0.0,0.0,0.0,1.0,0.0,0.0,0.0,0.0,0.0,-0.2,0.0,0.7000000000000001,0.0,0.0,16.0,25903.0
2026-07-30T19:03:33.087Z,382.57,382.584,0.0,7.4,0.0,0.0,0.0,0.0,0.0,0.0,0.0,0.0,1.0,0.0,0.0,0.0,9.0,4.0,0.0,0.0,0.0,0.0,0.0,0.0,0.0,0.0,1.0,12.0,1.0,12.19,5.0200000000000005,2.51,1.5,0.0,0.0,0.0,361.4,0.0,-0.7000000000000001,0.8,-0.7000000000000001,-169.60000000000002,0.0,0.0,169.60000000000002,0.0,21.3,28.9,28.9,30.9,300.0,300.0,31.700000000000003,35.9,28.8,28.1,29.9,4.96,1.99,4.97,0.16,0.0,0.0,1027.0,8228.0,0.0,0.0,0.0,0.0,0.0,1.0,0.0,0.0,0.0,0.0,0.0,0.3,0.0,0.8,0.0,0.0,16.0,25903.0
2026-07-30T19:03:33.097Z,382.58,382.596,0.0,7.4,0.0,0.0,0.0,0.0,0.0,0.0,0.0,0.0,1.0,0.0,0.0,0.0,9.0,4.0,0.0,0.0,0.0,0.0,0.0,0.0,0.0,0.0,3.0,12.0,1.0,12.19,5.0200000000000005,2.51,1.5,0.0,0.0,0.0,361.4,0.0,0.3,-0.9,-0.8,-169.60000000000002,0.0,0.0,169.60000000000002,0.0,21.3,28.9,28.9,30.9,300.0,300.0,31.700000000000003,35.9,28.8,28.1,29.9,4.96,1.99,4.97,0.16,0.0,0.0,1027.0,8228.0,0.0,0.0,0.0,0.0,0.0,1.0,0.0,0.0,0.0,0.0,0.0,-1.7000000000000002,0.0,0.5,0.0,0.0,16.0,25903.0
2026-07-30T19:03:33.109Z,382.592,382.608,0.0,7.4,0.0,0.0,0.0,0.0,0.0,0.0,0.0,0.0,1.0,0.0,0.0,0.0,9.0,4.0,0.0,0.0,0.0,0.0,0.0,0.0,0.0,0.0,4.0,12.0,1.0,12.19,5.0200000000000005,2.51,1.5,0.0,0.0,0.0,361.3,0.0,0.3,-0.4,0.8,-169.60000000000002,0.0,0.0,169.60000000000002,0.0,21.3,28.9,28.9,30.9,300.0,300.0,31.700000000000003,35.9,28.8,28.1,29.9,4.96,1.99,4.96,0.16,0.0,0.0,1027.0,8228.0,0.0,0.0,0.0,0.0,0.0,1.0,0.0,0.0,0.0,0.0,0.0,0.1,0.0,-0.8,0.0,0.0,16.0,25903.0
2026-07-30T19:03:33.121Z,382.604,382.62,0.0,7.4,0.0,0.0,0.0,0.0,0.0,0.0,0.0,0.0,1.0,0.0,0.0,0.0,9.0,4.0,0.0,0.0,0.0,0.0,0.0,0.0,0.0,0.0,6.0,12.0,1.0,12.19,5.0200000000000005,2.51,1.5,0.0,0.0,0.0,361.3,0.0,0.3,0.1,0.2,-169.60000000000002,0.0,0.0,169.60000000000002,0.0,21.3,28.9,28.9,30.9,300.0,300.0,31.700000000000003,35.9,28.8,28.1,29.9,4.96,1.99,4.96,0.15,0.0,0.0,1027.0,8228.0,0.0,0.0,0.0,0.0,0.0,1.0,0.0,0.0,0.0,0.0,0.0,0.3,0.0,-0.2,0.0,0.0,16.0,25903.0
2026-07-30T19:03:33.133Z,382.616,382.632,0.0,7.4,0.0,0.0,0.0,0.0,0.0,0.0,0.0,0.0,1.0,0.0,0.0,0.0,9.0,4.0,0.0,0.0,0.0,0.0,0.0,0.0,0.0,0.0,1.0,12.0,1.0,12.19,5.0200000000000005,2.51,1.5,0.0,0.0,0.0,361.3,0.0,-0.2,1.3,-0.8,-169.60000000000002,0.0,0.0,169.70000000000002,0.0,21.3,28.9,28.9,30.9,300.0,300.0,31.700000000000003,35.9,28.8,28.1,29.9,4.95,2.0,4.96,0.16,0.0,0.0,1027.0,8228.0,0.0,0.0,0.0,0.0,0.0,1.0,0.0,0.0,0.0,0.0,0.0,0.8,0.0,1.0,0.0,0.0,16.0,25903.0
2026-07-30T19:03:33.145Z,382.628,382.644,0.0,7.4,0.0,0.0,0.0,0.0,0.0,0.0,0.0,0.0,1.0,0.0,0.0,0.0,9.0,4.0,0.0,0.0,0.0,0.0,0.0,0.0,0.0,0.0,3.0,12.0,1.0,12.19,5.0200000000000005,2.51,1.5,0.0,0.0,0.0,361.4,0.0,-0.2,0.7000000000000001,0.8,-169.60000000000002,0.0,0.0,169.60000000000002,0.0,21.3,28.9,28.9,30.9,300.0,300.0,31.700000000000003,35.9,28.8,28.1,29.9,4.96,2.0,4.97,0.16,0.0,0.0,1027.0,8228.0,0.0,0.0,0.0,0.0,0.0,1.0,0.0,0.0,0.0,0.0,0.0,1.4,0.0,-0.6000000000000001,0.0,0.0,16.0,25903.0
2026-07-30T19:03:33.158Z,382.641,382.656,0.0,7.4,0.0,0.0,0.0,0.0,0.0,0.0,0.0,0.0,1.0,0.0,0.0,0.0,9.0,4.0,0.0,0.0,0.0,0.0,0.0,0.0,0.0,0.0,4.0,12.0,1.0,12.19,5.0200000000000005,2.51,1.5,0.0,0.0,0.0,361.4,0.0,-0.2,-1.0,-1.4,-169.60000000000002,0.0,0.0,169.70000000000002,0.0,21.3,28.9,28.9,30.9,300.0,300.0,31.700000000000003,35.9,28.8,28.1,29.9,4.95,1.99,4.96,0.16,0.0,0.0,1027.0,8228.0,0.0,0.0,0.0,0.0,0.0,1.0,0.0,0.0,0.0,0.0,0.0,-2.2,0.0,1.0,0.0,0.0,16.0,25903.0
2026-07-30T19:03:33.169Z,382.652,382.668,0.0,7.4,0.0,0.0,0.0,0.0,0.0,0.0,0.0,0.0,1.0,0.0,0.0,0.0,9.0,4.0,0.0,0.0,0.0,0.0,0.0,0.0,0.0,0.0,6.0,12.0,1.0,12.19,5.0200000000000005,2.51,1.5,0.0,0.0,0.0,361.3,0.0,-0.2,-0.4,-0.2,-169.60000000000002,0.0,0.0,169.60000000000002,0.0,21.3,28.9,28.9,30.9,300.0,300.0,31.700000000000003,35.9,28.8,28.1,29.9,4.95,1.99,4.97,0.16,0.0,0.0,1027.0,8228.0,0.0,0.0,0.0,0.0,0.0,1.0,0.0,0.0,0.0,0.0,0.0,-0.7000000000000001,0.0,0.1,0.0,0.0,16.0,25903.0
2026-07-30T19:03:33.181Z,382.664,382.68,0.0,7.4,0.0,0.0,0.0,0.0,0.0,0.0,0.0,0.0,1.0,0.0,0.0,0.0,9.0,4.0,0.0,0.0,0.0,0.0,0.0,0.0,0.0,0.0,1.0,12.0,1.0,12.19,5.0200000000000005,2.51,1.5,0.0,0.0,0.0,361.4,0.0,0.3,0.1,1.4,-169.60000000000002,0.0,0.0,169.60000000000002,0.0,21.3,28.9,28.9,30.9,300.0,300.0,31.700000000000003,35.9,28.8,28.1,29.9,4.95,1.99,4.97,0.16,0.0,0.0,1027.0,8228.0,0.0,0.0,0.0,0.0,0.0,1.0,0.0,0.0,0.0,0.0,0.0,1.2000000000000002,0.0,-1.2000000000000002,0.0,0.0,16.0,25903.0
2026-07-30T19:03:33.193Z,382.676,382.692,0.0,7.4,0.0,0.0,0.0,0.0,0.0,0.0,0.0,0.0,1.0,0.0,0.0,0.0,9.0,4.0,0.0,0.0,0.0,0.0,0.0,0.0,0.0,0.0,3.0,12.0,1.0,12.18,5.01,2.51,1.49,0.0,0.0,0.0,361.4,0.0,0.2,-0.4,-0.2,-169.60000000000002,0.0,0.0,169.70000000000002,0.0,21.700000000000003,28.9,28.9,30.9,300.0,300.0,31.700000000000003,35.9,28.8,28.1,29.9,4.96,1.99,4.96,0.16,0.0,0.0,1027.0,8228.0,0.0,0.0,0.0,0.0,0.0,1.0,0.0,0.0,0.0,0.0,0.0,-0.6000000000000001,0.0,0.0,0.0,0.0,16.0,25903.0
2026-07-30T19:03:33.205Z,382.688,382.704,0.0,7.4,0.0,0.0,0.0,0.0,0.0,0.0,0.0,0.0,1.0,0.0,0.0,0.0,9.0,4.0,0.0,0.0,0.0,0.0,0.0,0.0,0.0,0.0,4.0,12.0,1.0,12.18,5.01,2.51,1.49,0.0,0.0,0.0,361.4,0.0,0.2,-1.6,-0.2,-169.60000000000002,0.0,0.0,169.60000000000002,0.0,21.700000000000003,28.9,28.9,30.9,300.0,300.0,31.700000000000003,35.9,28.8,28.1,29.9,4.95,1.99,4.97,0.16,0.0,0.0,1027.0,8228.0,0.0,0.0,0.0,0.0,0.0,1.0,0.0,0.0,0.0,0.0,0.0,-2.0,0.0,-0.1,0.0,0.0,16.0,25903.0
2026-07-30T19:03:33.217Z,382.7,382.716,0.0,7.4,0.0,0.0,0.0,0.0,0.0,0.0,0.0,0.0,1.0,0.0,0.0,0.0,9.0,4.0,0.0,0.0,0.0,0.0,0.0,0.0,0.0,0.0,5.0,12.0,1.0,12.18,5.01,2.51,1.49,0.0,0.0,0.0,361.4,0.0,-0.3,0.1,-0.2,-169.60000000000002,0.0,0.0,169.70000000000002,0.0,21.700000000000003,28.9,28.9,30.9,300.0,300.0,31.700000000000003,35.9,28.8,28.1,29.9,4.95,1.99,4.97,0.16,0.0,0.0,1027.0,8228.0,0.0,0.0,0.0,0.0,0.0,1.0,0.0,0.0,0.0,0.0,0.0,0.0,0.0,0.2,0.0,0.0,16.0,25903.0
2026-07-30T19:03:33.229Z,382.712,382.728,0.0,7.4,0.0,0.0,0.0,0.0,0.0,0.0,0.0,0.0,1.0,0.0,0.0,0.0,9.0,4.0,0.0,0.0,0.0,0.0,0.0,0.0,0.0,0.0,6.0,12.0,1.0,12.18,5.01,2.51,1.49,0.0,0.0,0.0,361.3,0.0,-0.3,0.7000000000000001,0.3,-169.60000000000002,0.0,0.0,169.60000000000002,0.0,21.700000000000003,28.9,28.9,30.9,300.0,300.0,31.700000000000003,35.9,28.8,28.1,29.9,4.96,1.99,4.97,0.16,0.0,0.0,1027.0,8228.0,0.0,0.0,0.0,0.0,0.0,1.0,0.0,0.0,0.0,0.0,0.0,1.0,0.0,-0.1,0.0,0.0,16.0,25903.0
2026-07-30T19:03:33.241Z,382.724,382.74,0.0,7.4,0.0,0.0,0.0,0.0,0.0,0.0,0.0,0.0,1.0,0.0,0.0,0.0,9.0,4.0,0.0,0.0,0.0,0.0,0.0,0.0,0.0,0.0,2.0,12.0,1.0,12.18,5.01,2.51,1.49,0.0,0.0,0.0,361.3,0.0,0.2,0.7000000000000001,-0.2,-169.60000000000002,0.0,0.0,169.70000000000002,0.0,21.700000000000003,28.9,28.9,30.9,300.0,300.0,31.700000000000003,35.9,28.8,28.1,29.9,4.96,1.99,4.96,0.16,0.0,0.0,1027.0,8228.0,0.0,0.0,0.0,0.0,0.0,1.0,0.0,0.0,0.0,0.0,0.0,0.6000000000000001,0.0,0.3,0.0,0.0,16.0,25903.0
2026-07-30T19:03:33.253Z,382.736,382.752,0.0,7.4,0.0,0.0,0.0,0.0,0.0,0.0,0.0,0.0,1.0,0.0,0.0,0.0,9.0,4.0,0.0,0.0,0.0,0.0,0.0,0.0,0.0,0.0,4.0,12.0,1.0,12.18,5.01,2.51,1.49,0.0,0.1,0.0,361.3,0.0,0.2,0.1,2.1,-169.60000000000002,0.0,0.0,169.8,0.0,21.700000000000003,28.9,28.9,30.9,300.0,300.0,31.700000000000003,35.9,28.8,28.1,29.9,4.95,1.99,4.97,0.16,0.0,0.0,1027.0,8228.0,0.0,0.0,0.0,0.0,0.0,1.0,0.0,0.0,0.0,0.0,0.0,1.7000000000000002,0.0,-1.8,0.0,0.0,16.0,25903.0
2026-07-30T19:03:33.265Z,382.748,382.764,0.0,7.4,0.0,0.0,0.0,0.0,0.0,0.0,0.0,0.0,1.0,0.0,0.0,0.0,9.0,4.0,0.0,0.0,0.0,0.0,0.0,0.0,0.0,0.0,5.0,12.0,1.0,12.18,5.01,2.51,1.49,0.0,0.0,0.0,361.4,0.0,-0.9,0.7000000000000001,-0.1,-169.60000000000002,0.0,0.0,169.70000000000002,0.0,21.700000000000003,28.9,28.9,30.9,300.0,300.0,31.700000000000003,35.9,28.8,28.1,29.9,4.95,2.0,4.96,0.16,0.0,0.0,1027.0,8228.0,0.0,0.0,0.0,0.0,0.0,1.0,0.0,0.0,0.0,0.0,0.0,0.7000000000000001,0.0,0.2,0.0,0.0,16.0,25903.0
2026-07-30T19:03:33.277Z,382.76,382.776,0.0,7.4,0.0,0.0,0.0,0.0,0.0,0.0,0.0,0.0,1.0,0.0,0.0,0.0,9.0,4.0,0.0,0.0,0.0,0.0,0.0,0.0,0.0,0.0,1.0,12.0,1.0,12.18,5.01,2.51,1.49,0.0,0.0,0.0,361.3,0.0,0.2,1.3,-0.1,-169.60000000000002,0.0,0.0,169.60000000000002,0.0,21.700000000000003,28.9,28.9,30.9,300.0,300.0,31.700000000000003,35.9,28.8,28.1,29.9,4.96,1.99,4.96,0.16,0.0,0.0,1027.0,8228.0,0.0,0.0,0.0,0.0,0.0,1.0,0.0,0.0,0.0,0.0,0.0,1.4,0.0,0.3,0.0,0.0,16.0,25903.0
2026-07-30T19:03:33.290Z,382.773,382.788,0.0,7.4,0.0,0.0,0.0,0.0,0.0,0.0,0.0,0.0,1.0,0.0,0.0,0.0,9.0,4.0,0.0,0.0,0.0,0.0,0.0,0.0,0.0,0.0,2.0,12.0,1.0,12.14,5.01,2.5,1.49,0.0,0.0,0.0,361.4,0.0,0.2,-0.3,-0.7000000000000001,-169.60000000000002,0.0,0.0,169.60000000000002,0.0,21.700000000000003,28.9,28.9,30.9,300.0,300.0,31.700000000000003,35.9,28.8,28.0,29.9,4.95,1.99,4.97,0.16,0.0,0.0,1027.0,8228.0,0.0,0.0,0.0,0.0,0.0,1.0,0.0,0.0,0.0,0.0,0.0,-0.9,0.0,0.5,0.0,0.0,16.0,25903.0
2026-07-30T19:03:33.301Z,382.784,382.8,0.0,7.4,0.0,0.0,0.0,0.0,0.0,0.0,0.0,0.0,1.0,0.0,0.0,0.0,9.0,4.0,0.0,0.0,0.0,0.0,0.0,0.0,0.0,0.0,4.0,12.0,1.0,12.14,5.01,2.5,1.49,0.0,0.0,0.0,361.3,0.0,0.3,-0.3,-0.1,-169.60000000000002,0.0,0.0,169.60000000000002,0.0,21.700000000000003,28.9,28.9,30.9,300.0,300.0,31.700000000000003,35.9,28.8,28.0,29.9,4.96,1.99,4.97,0.16,0.0,0.0,1027.0,8228.0,0.0,0.0,0.0,0.0,0.0,1.0,0.0,0.0,0.0,0.0,0.0,-0.5,0.0,0.0,0.0,0.0,16.0,25903.0
2026-07-30T19:03:33.313Z,382.796,382.812,0.0,7.4,0.0,0.0,0.0,0.0,0.0,0.0,0.0,0.0,1.0,0.0,0.0,0.0,9.0,4.0,0.0,0.0,0.0,0.0,0.0,0.0,0.0,0.0,4.0,12.0,1.0,12.14,5.01,2.5,1.49,0.0,0.0,0.0,361.3,0.0,-0.2,0.7000000000000001,1.0,-169.60000000000002,0.0,0.0,169.60000000000002,0.0,21.700000000000003,28.9,28.9,30.9,300.0,300.0,31.700000000000003,35.9,28.8,28.0,29.9,4.96,1.99,4.97,0.16,0.0,0.0,1027.0,8228.0,0.0,0.0,0.0,0.0,0.0,1.0,0.0,0.0,0.0,0.0,0.0,1.6,0.0,-0.7000000000000001,0.0,0.0,16.0,25903.0
2026-07-30T19:03:33.325Z,382.808,382.824,0.0,7.4,0.0,0.0,0.0,0.0,0.0,0.0,0.0,0.0,1.0,0.0,0.0,0.0,9.0,4.0,0.0,0.0,0.0,0.0,0.0,0.0,0.0,0.0,6.0,12.0,1.0,12.14,5.01,2.5,1.49,0.0,0.0,0.0,361.4,0.0,-0.2,0.1,0.4,-169.60000000000002,0.0,0.0,169.70000000000002,0.0,21.700000000000003,28.9,28.9,30.9,300.0,300.0,31.700000000000003,35.9,28.8,28.0,29.9,4.96,1.99,4.97,0.16,0.0,0.0,1027.0,8228.0,0.0,0.0,0.0,0.0,0.0,1.0,0.0,0.0,0.0,0.0,0.0,0.5,0.0,-0.3,0.0,0.0,16.0,25903.0
2026-07-30T19:03:33.337Z,382.82,382.836,0.0,7.4,0.0,0.0,0.0,0.0,0.0,0.0,0.0,0.0,1.0,0.0,0.0,0.0,9.0,4.0,0.0,0.0,0.0,0.0,0.0,0.0,0.0,0.0,2.0,12.0,1.0,12.14,5.01,2.5,1.49,0.0,0.0,0.0,361.4,0.0,-0.8,-0.4,-0.6000000000000001,-169.60000000000002,0.0,0.0,169.60000000000002,0.0,21.700000000000003,28.9,28.9,30.9,300.0,300.0,31.700000000000003,35.9,28.8,28.0,29.9,4.95,1.99,4.97,0.16,0.0,0.0,1027.0,8228.0,0.0,0.0,0.0,0.0,0.0,1.0,0.0,0.0,0.0,0.0,0.0,-0.9,0.0,0.5,0.0,0.0,16.0,25903.0
2026-07-30T19:03:33.349Z,382.832,382.848,0.0,7.4,0.0,0.0,0.0,0.0,0.0,0.0,0.0,0.0,1.0,0.0,0.0,0.0,9.0,4.0,0.0,0.0,0.0,0.0,0.0,0.0,0.0,0.0,3.0,12.0,1.0,12.14,5.01,2.5,1.49,0.0,0.0,0.0,361.3,0.0,-0.3,-1.0,-0.7000000000000001,-169.60000000000002,0.0,0.0,169.60000000000002,0.0,21.700000000000003,28.9,28.9,30.9,300.0,300.0,31.700000000000003,35.9,28.8,28.0,29.9,4.96,1.99,4.96,0.16,0.0,0.0,1027.0,8228.0,0.0,0.0,0.0,0.0,0.0,1.0,0.0,0.0,0.0,0.0,0.0,-1.7000000000000002,0.0,0.4,0.0,0.0,16.0,25903.0
2026-07-30T19:03:33.361Z,382.844,382.86,0.0,7.4,0.0,0.0,0.0,0.0,0.0,0.0,0.0,0.0,1.0,0.0,0.0,0.0,9.0,4.0,0.0,0.0,0.0,0.0,0.0,0.0,0.0,0.0,5.0,12.0,1.0,12.14,5.01,2.5,1.49,0.0,0.0,0.0,361.2000000000001,0.0,0.2,0.6000000000000001,-0.1,-169.60000000000002,0.0,0.0,169.60000000000002,0.0,21.700000000000003,28.9,28.9,30.9,300.0,300.0,31.700000000000003,35.9,28.8,28.0,29.9,4.96,1.99,4.97,0.16,0.0,0.0,1027.0,8228.0,0.0,0.0,0.0,0.0,0.0,1.0,0.0,0.0,0.0,0.0,0.0,0.6000000000000001,0.0,0.3,0.0,0.0,16.0,25903.0
2026-07-30T19:03:33.373Z,382.856,382.872,0.0,7.4,0.0,0.0,0.0,0.0,0.0,0.0,0.0,0.0,1.0,0.0,0.0,0.0,9.0,4.0,0.0,0.0,0.0,0.0,0.0,0.0,0.0,0.0,6.0,12.0,1.0,12.14,5.01,2.5,1.49,0.0,0.0,0.0,361.3,0.0,-0.9,0.6000000000000001,-0.7000000000000001,-169.60000000000002,0.0,0.0,169.60000000000002,0.0,21.700000000000003,28.9,28.9,30.9,300.0,300.0,31.700000000000003,35.9,28.8,28.0,29.9,4.95,1.99,4.97,0.16,0.0,0.0,1027.0,8228.0,0.0,0.0,0.0,0.0,0.0,1.0,0.0,0.0,0.0,0.0,0.0,0.2,0.0,0.7000000000000001,0.0,0.0,16.0,25903.0
2026-07-30T19:03:33.385Z,382.868,382.884,0.0,7.4,0.0,0.0,0.0,0.0,0.0,0.0,0.0,0.0,1.0,0.0,0.0,0.0,9.0,4.0,0.0,0.0,0.0,0.0,0.0,0.0,0.0,0.0,1.0,12.0,1.0,12.14,5.01,2.5,1.49,0.0,0.0,0.0,361.4,0.0,-0.9,-1.6,0.4,-169.60000000000002,0.0,0.0,169.60000000000002,0.0,21.700000000000003,28.9,28.9,30.9,300.0,300.0,31.700000000000003,35.9,28.8,28.0,29.9,4.96,1.99,4.97,0.16,0.0,0.0,1027.0,8228.0,0.0,0.0,0.0,0.0,0.0,1.0,0.0,0.0,0.0,0.0,0.0,0.4,0.0,-0.3,0.0,0.0,16.0,25903.0
2026-07-30T19:03:33.397Z,382.88,382.896,0.0,7.4,0.0,0.0,0.0,0.0,0.0,0.0,0.0,0.0,1.0,0.0,0.0,0.0,9.0,4.0,0.0,0.0,0.0,0.0,0.0,0.0,0.0,0.0,3.0,12.0,1.0,12.15,5.0200000000000005,2.51,1.49,0.0,0.0,0.0,361.4,0.0,-0.9,-0.5,-1.3,-169.60000000000002,0.0,0.0,169.60000000000002,0.0,21.700000000000003,28.9,28.9,30.9,300.0,300.0,31.8,35.9,28.8,28.0,29.9,4.96,1.99,4.97,0.16,0.0,0.0,1027.0,8228.0,0.0,0.0,0.0,0.0,0.0,1.0,0.0,0.0,0.0,0.0,0.0,0.1,0.0,-1.0,0.0,0.0,16.0,25903.0
2026-07-30T19:03:33.409Z,382.892,382.908,0.0,7.4,0.0,0.0,0.0,0.0,0.0,0.0,0.0,0.0,1.0,0.0,0.0,0.0,9.0,4.0,0.0,0.0,0.0,0.0,0.0,0.0,0.0,0.0,4.0,12.0,1.0,12.15,5.0200000000000005,2.51,1.49,0.0,0.0,0.0,361.3,0.0,-0.4,-1.1,-0.7000000000000001,-169.60000000000002,0.0,0.0,169.60000000000002,0.0,21.700000000000003,28.9,28.9,30.9,300.0,300.0,31.8,35.9,28.8,28.0,29.9,4.96,1.99,4.97,0.16,0.0,0.0,1027.0,8228.0,0.0,0.0,0.0,0.0,0.0,1.0,0.0,0.0,0.0,0.0,0.0,0.7000000000000001,0.0,-0.8,0.0,0.0,16.0,25903.0
2026-07-30T19:03:33.421Z,382.904,382.92,0.0,7.4,0.0,0.0,0.0,0.0,0.0,0.0,0.0,0.0,1.0,0.0,0.0,0.0,9.0,4.0,0.0,0.0,0.0,0.0,0.0,0.0,0.0,0.0,6.0,12.0,1.0,12.15,5.0200000000000005,2.51,1.49,0.0,0.0,0.0,361.3,0.0,-0.4,0.6000000000000001,-0.6000000000000001,-169.60000000000002,0.0,0.0,169.60000000000002,0.0,21.700000000000003,28.9,28.9,30.9,300.0,300.0,31.8,35.9,28.8,28.0,29.9,4.95,1.99,4.97,0.16,0.0,0.0,1027.0,8228.0,0.0,0.0,0.0,0.0,0.0,1.0,0.0,0.0,0.0,0.0,0.0,0.6000000000000001,0.0,0.2,0.0,0.0,16.0,25903.0
2026-07-30T19:03:33.433Z,382.916,382.932,0.0,7.4,0.0,0.0,0.0,0.0,0.0,0.0,0.0,0.0,1.0,0.0,0.0,0.0,9.0,4.0,0.0,0.0,0.0,0.0,0.0,0.0,0.0,0.0,2.0,12.0,1.0,12.15,5.0200000000000005,2.51,1.49,0.0,0.0,0.0,361.4,0.0,-0.4,0.0,0.4,-169.60000000000002,0.0,0.0,169.60000000000002,0.0,21.700000000000003,28.9,28.9,30.9,300.0,300.0,31.8,35.9,28.8,28.0,29.9,4.96,1.99,4.96,0.16,0.0,0.0,1027.0,8228.0,0.0,0.0,0.0,0.0,0.0,1.0,0.0,0.0,0.0,0.0,0.0,0.3,0.0,-0.3,0.0,0.0,16.0,25903.0
2026-07-30T19:03:33.445Z,382.928,382.944,0.0,7.4,0.0,0.0,0.0,0.0,0.0,0.0,0.0,0.0,1.0,0.0,0.0,0.0,9.0,4.0,0.0,0.0,0.0,0.0,0.0,0.0,0.0,0.0,3.0,12.0,1.0,12.15,5.0200000000000005,2.51,1.49,0.0,0.1,0.0,361.3,0.0,0.1,0.6000000000000001,1.6,-169.60000000000002,0.0,0.0,169.60000000000002,0.0,21.700000000000003,28.9,28.9,30.9,300.0,300.0,31.8,35.9,28.8,28.0,29.9,4.95,1.99,4.97,0.16,0.0,0.0,1027.0,8228.0,0.0,0.0,0.0,0.0,0.0,1.0,0.0,0.0,0.0,0.0,0.0,1.8,0.0,-1.2000000000000002,0.0,0.0,16.0,25903.0
2026-07-30T19:03:33.457Z,382.94,382.956,0.0,7.4,0.0,0.0,0.0,0.0,0.0,0.0,0.0,0.0,1.0,0.0,0.0,0.0,9.0,4.0,0.0,0.0,0.0,0.0,0.0,0.0,0.0,0.0,5.0,12.0,1.0,12.15,5.0200000000000005,2.51,1.49,0.0,0.0,0.0,361.4,0.0,-1.6,0.0,0.4,-169.60000000000002,0.0,0.0,169.60000000000002,0.0,21.700000000000003,28.9,28.9,30.9,300.0,300.0,31.8,35.9,28.8,28.0,29.9,4.95,1.99,4.96,0.16,0.0,0.0,1027.0,8228.0,0.0,0.0,0.0,0.0,0.0,1.0,0.0,0.0,0.0,0.0,0.0,0.3,0.0,-0.3,0.0,0.0,16.0,25903.0
2026-07-30T19:03:33.469Z,382.952,382.968,0.0,7.4,0.0,0.0,0.0,0.0,0.0,0.0,0.0,0.0,1.0,0.0,0.0,0.0,9.0,4.0,0.0,0.0,0.0,0.0,0.0,0.0,0.0,0.0,6.0,12.0,1.0,12.15,5.0200000000000005,2.51,1.49,0.0,0.0,0.0,361.4,0.0,0.1,0.0,-0.1,-169.60000000000002,0.0,0.0,169.60000000000002,0.0,21.700000000000003,28.9,28.9,30.9,300.0,300.0,31.8,35.9,28.8,28.0,29.9,4.95,1.99,4.96,0.16,0.0,0.0,1027.0,8228.0,0.0,0.0,0.0,0.0,0.0,1.0,0.0,0.0,0.0,0.0,0.0,0.0,0.0,0.1,0.0,0.0,16.0,25903.0
2026-07-30T19:03:33.481Z,382.964,382.98,0.0,7.4,0.0,0.0,0.0,0.0,0.0,0.0,0.0,0.0,1.0,0.0,0.0,0.0,9.0,4.0,0.0,0.0,0.0,0.0,0.0,0.0,0.0,0.0,2.0,12.0,1.0,12.15,5.0200000000000005,2.51,1.49,-0.1,0.1,0.0,361.4,0.0,0.1,-1.0,-0.7000000000000001,-169.60000000000002,0.0,0.0,169.70000000000002,0.0,21.700000000000003,28.9,28.9,30.9,300.0,300.0,31.8,35.9,28.8,28.0,29.9,4.96,1.99,4.96,0.16,0.0,0.0,1027.0,8228.0,0.0,0.0,0.0,0.0,0.0,1.0,0.0,0.0,0.0,0.0,0.0,-1.7000000000000002,0.0,0.3,0.0,0.0,16.0,25903.0
2026-07-30T19:03:33.494Z,382.977,382.992,0.0,7.4,0.0,0.0,0.0,0.0,0.0,0.0,0.0,0.0,1.0,0.0,0.0,0.0,9.0,4.0,0.0,0.0,0.0,0.0,0.0,0.0,0.0,0.0,3.0,12.0,1.0,12.17,5.01,2.51,1.49,0.0,0.0,0.0,361.4,0.0,-0.3,-0.5,-0.1,-169.60000000000002,0.0,0.0,169.60000000000002,0.0,21.200000000000003,28.9,28.9,30.9,300.0,300.0,31.700000000000003,35.9,28.9,28.0,29.9,4.95,1.99,4.96,0.16,0.0,0.0,1027.0,8228.0,0.0,0.0,0.0,0.0,0.0,1.0,0.0,0.0,0.0,0.0,0.0,-0.6000000000000001,0.0,0.0,0.0,0.0,16.0,25903.0
2026-07-30T19:03:33.505Z,382.988,383.004,0.0,7.4,0.0,0.0,0.0,0.0,0.0,0.0,0.0,0.0,1.0,0.0,0.0,0.0,9.0,4.0,0.0,0.0,0.0,0.0,0.0,0.0,0.0,0.0,5.0,12.0,1.0,12.17,5.01,2.51,1.49,0.0,0.0,0.0,361.4,0.0,-0.3,0.6000000000000001,-0.1,-169.60000000000002,0.0,0.0,169.70000000000002,0.0,21.200000000000003,28.9,28.9,30.9,300.0,300.0,31.700000000000003,35.9,28.9,28.0,29.9,4.95,1.99,4.96,0.16,0.0,0.0,1027.0,8228.0,0.0,0.0,0.0,0.0,0.0,1.0,0.0,0.0,0.0,0.0,0.0,1.1,0.0,-0.2,0.0,0.0,16.0,25903.0
2026-07-30T19:03:33.517Z,383.0,383.016,0.0,7.4,0.0,0.0,0.0,0.0,0.0,0.0,0.0,0.0,1.0,0.0,0.0,0.0,9.0,4.0,0.0,0.0,0.0,0.0,0.0,0.0,0.0,0.0,6.0,12.0,1.0,12.17,5.01,2.51,1.49,0.0,0.1,0.0,361.3,0.0,-0.3,1.2000000000000002,1.0,-169.60000000000002,0.0,0.0,169.70000000000002,0.0,21.200000000000003,28.9,28.9,30.9,300.0,300.0,31.700000000000003,35.9,28.9,28.0,29.9,4.96,1.99,4.96,0.16,0.0,0.0,1027.0,8228.0,0.0,0.0,0.0,0.0,0.0,1.0,0.0,0.0,0.0,0.0,0.0,2.2,0.0,-0.6000000000000001,0.0,0.0,16.0,25903.0
2026-07-30T19:03:33.529Z,383.012,383.028,0.0,7.4,0.0,0.0,0.0,0.0,0.0,0.0,0.0,0.0,1.0,0.0,0.0,0.0,9.0,4.0,0.0,0.0,0.0,0.0,0.0,0.0,0.0,0.0,2.0,12.0,1.0,12.17,5.01,2.51,1.49,0.0,0.0,0.0,361.3,0.0,0.2,-0.4,-0.6000000000000001,-169.60000000000002,0.0,0.0,169.8,0.0,21.200000000000003,28.9,28.9,30.9,300.0,300.0,31.700000000000003,35.9,28.9,28.0,29.9,4.95,1.99,4.97,0.16,0.0,0.0,1027.0,8228.0,0.0,0.0,0.0,0.0,0.0,1.0,0.0,0.0,0.0,0.0,0.0,-1.0,0.0,0.4,0.0,0.0,16.0,25903.0
2026-07-30T19:03:33.541Z,383.024,383.04,0.0,7.4,0.0,0.0,0.0,0.0,0.0,0.0,0.0,0.0,1.0,0.0,0.0,0.0,9.0,4.0,0.0,0.0,0.0,0.0,0.0,0.0,0.0,0.0,3.0,12.0,1.0,12.17,5.01,2.51,1.49,0.0,0.0,0.0,361.4,0.0,0.2,-0.4,1.0,-169.60000000000002,0.0,0.0,169.70000000000002,0.0,21.200000000000003,28.9,28.9,30.9,300.0,300.0,31.700000000000003,35.9,28.9,28.0,29.9,4.96,1.99,4.96,0.16,0.0,0.0,1027.0,8228.0,0.0,0.0,0.0,0.0,0.0,1.0,0.0,0.0,0.0,0.0,0.0,-0.1,0.0,-0.5,0.0,0.0,16.0,25903.0
2026-07-30T19:03:33.553Z,383.036,383.052,0.0,7.4,0.0,0.0,0.0,0.0,0.0,0.0,0.0,0.0,1.0,0.0,0.0,0.0,9.0,4.0,0.0,0.0,0.0,0.0,0.0,0.0,0.0,0.0,5.0,12.0,1.0,12.17,5.01,2.51,1.49,0.0,0.0,0.0,361.4,0.0,-0.9,-0.4,0.0,-169.60000000000002,0.0,0.0,169.8,0.0,21.200000000000003,28.9,28.9,30.9,300.0,300.0,31.700000000000003,35.9,28.9,28.0,29.9,4.96,2.0,4.96,0.16,0.0,0.0,1027.0,8228.0,0.0,0.0,0.0,0.0,0.0,1.0,0.0,0.0,0.0,0.0,0.0,-1.0,0.0,0.4,0.0,0.0,16.0,25903.0
2026-07-30T19:03:33.565Z,383.048,383.064,0.0,7.4,0.0,0.0,0.0,0.0,0.0,0.0,0.0,0.0,1.0,0.0,0.0,0.0,9.0,4.0,0.0,0.0,0.0,0.0,0.0,0.0,0.0,0.0,6.0,12.0,1.0,12.17,5.01,2.51,1.49,0.0,0.0,0.0,361.3,0.0,0.2,0.1,1.0,-169.60000000000002,0.0,0.0,169.8,0.0,21.200000000000003,28.9,28.9,30.9,300.0,300.0,31.700000000000003,35.9,28.9,28.0,29.9,4.96,1.99,4.96,0.16,0.0,0.0,1027.0,8228.0,0.0,0.0,0.0,0.0,0.0,1.0,0.0,0.0,0.0,0.0,0.0,0.1,0.0,0.1,0.0,0.0,16.0,25903.0
2026-07-30T19:03:33.577Z,383.06,383.076,0.0,7.4,0.0,0.0,0.0,0.0,0.0,0.0,0.0,0.0,1.0,0.0,0.0,0.0,9.0,4.0,0.0,0.0,0.0,0.0,0.0,0.0,0.0,0.0,2.0,12.0,1.0,12.17,5.01,2.51,1.49,0.0,0.0,0.0,361.3,0.0,-0.3,0.1,0.5,-169.60000000000002,0.0,0.0,169.60000000000002,0.0,21.200000000000003,28.9,28.9,30.9,300.0,300.0,31.700000000000003,35.9,28.9,28.0,29.9,4.95,1.99,4.97,0.16,0.0,0.0,1027.0,8228.0,0.0,0.0,0.0,0.0,0.0,1.0,0.0,0.0,0.0,0.0,0.0,0.0,0.0,-0.5,0.0,0.0,16.0,25903.0
2026-07-30T19:03:33.589Z,383.072,383.088,0.0,7.4,0.0,0.0,0.0,0.0,0.0,0.0,0.0,0.0,1.0,0.0,0.0,0.0,9.0,4.0,0.0,0.0,0.0,0.0,0.0,0.0,0.0,0.0,3.0,12.0,1.0,12.17,5.01,2.51,1.49,0.0,0.1,0.0,361.4,0.0,0.7000000000000001,0.7000000000000001,0.4,-169.60000000000002,0.0,0.0,169.70000000000002,0.0,21.200000000000003,28.9,28.9,30.9,300.0,300.0,31.700000000000003,35.9,28.9,28.0,29.9,4.96,1.99,4.96,0.16,0.0,0.0,1027.0,8228.0,0.0,0.0,0.0,0.0,0.0,1.0,0.0,0.0,0.0,0.0,0.0,-0.6000000000000001,0.0,0.0,0.0,0.0,16.0,25903.0
2026-07-30T19:03:33.601Z,383.084,383.1,0.0,7.4,0.0,0.0,0.0,0.0,0.0,0.0,0.0,0.0,1.0,0.0,0.0,0.0,9.0,4.0,0.0,0.0,0.0,0.0,0.0,0.0,0.0,0.0,5.0,12.0,1.0,12.18,5.0200000000000005,2.5,1.5,0.0,0.0,0.0,361.4,0.0,-0.9,-0.4,-3.0,-169.60000000000002,0.0,0.0,169.60000000000002,0.0,21.700000000000003,28.9,28.9,30.9,300.0,300.0,31.700000000000003,35.800000000000004,28.9,28.1,29.9,4.96,2.0,4.97,0.15,0.0,0.0,1027.0,8228.0,0.0,0.0,0.0,0.0,0.0,1.0,0.0,0.0,0.0,0.0,0.0,-2.8000000000000003,0.0,2.5,0.0,0.0,16.0,25903.0
2026-07-30T19:03:33.613Z,383.096,383.112,0.0,7.4,0.0,0.0,0.0,0.0,0.0,0.0,0.0,0.0,1.0,0.0,0.0,0.0,9.0,4.0,0.0,0.0,0.0,0.0,0.0,0.0,0.0,0.0,6.0,12.0,1.0,12.18,5.0200000000000005,2.5,1.5,0.0,0.0,0.0,361.4,0.0,-0.9,1.2000000000000002,0.4,-169.60000000000002,0.0,0.0,169.70000000000002,0.0,21.700000000000003,28.9,28.9,30.9,300.0,300.0,31.700000000000003,35.800000000000004,28.9,28.1,29.9,4.95,1.99,4.97,0.16,0.0,0.0,1027.0,8228.0,0.0,0.0,0.0,0.0,0.0,1.0,0.0,0.0,0.0,0.0,0.0,1.7000000000000002,0.0,0.0,0.0,0.0,16.0,25903.0
2026-07-30T19:03:33.625Z,383.108,383.124,0.0,7.4,0.0,0.0,0.0,0.0,0.0,0.0,0.0,0.0,1.0,0.0,0.0,0.0,9.0,4.0,0.0,0.0,0.0,0.0,0.0,0.0,0.0,0.0,1.0,12.0,1.0,12.18,5.0200000000000005,2.5,1.5,0.0,0.0,0.0,361.3,0.0,-0.3,-0.4,2.2,-169.60000000000002,0.0,0.0,169.70000000000002,0.0,21.700000000000003,28.9,28.9,30.9,300.0,300.0,31.700000000000003,35.800000000000004,28.9,28.1,29.9,4.96,1.99,4.96,0.16,0.0,0.0,1027.0,8228.0,0.0,0.0,0.0,0.0,0.0,1.0,0.0,0.0,0.0,0.0,0.0,1.1,0.0,-2.0,0.0,0.0,16.0,25903.0
2026-07-30T19:03:33.637Z,383.12,383.136,0.0,7.4,0.0,0.0,0.0,0.0,0.0,0.0,0.0,0.0,1.0,0.0,0.0,0.0,9.0,4.0,0.0,0.0,0.0,0.0,0.0,0.0,0.0,0.0,3.0,12.0,1.0,12.18,5.0200000000000005,2.5,1.5,0.0,0.0,0.0,361.3,0.0,-0.3,-1.6,0.4,-169.60000000000002,0.0,0.0,169.60000000000002,0.0,21.700000000000003,28.9,28.9,30.9,300.0,300.0,31.700000000000003,35.800000000000004,28.9,28.1,29.9,4.96,1.99,4.96,0.16,0.0,0.0,1027.0,8228.0,0.0,0.0,0.0,0.0,0.0,1.0,0.0,0.0,0.0,0.0,0.0,-1.5,0.0,-0.7000000000000001,0.0,0.0,16.0,25903.0
2026-07-30T19:03:33.649Z,383.132,383.148,0.0,7.4,0.0,0.0,0.0,0.0,0.0,0.0,0.0,0.0,1.0,0.0,0.0,0.0,9.0,4.0,0.0,0.0,0.0,0.0,0.0,0.0,0.0,0.0,4.0,12.0,1.0,12.18,5.0200000000000005,2.5,1.5,0.0,0.0,0.0,361.4,0.0,0.1,0.1,0.4,-169.60000000000002,0.0,0.0,169.8,0.0,21.700000000000003,28.9,28.9,30.9,300.0,300.0,31.700000000000003,35.800000000000004,28.9,28.1,29.9,4.96,1.99,4.97,0.16,0.0,0.0,1027.0,8228.0,0.0,0.0,0.0,0.0,0.0,1.0,0.0,0.0,0.0,0.0,0.0,0.5,0.0,-0.3,0.0,0.0,16.0,25903.0
2026-07-30T19:03:33.662Z,383.145,383.16,0.0,7.4,0.0,0.0,0.0,0.0,0.0,0.0,0.0,0.0,1.0,0.0,0.0,0.0,9.0,4.0,0.0,0.0,0.0,0.0,0.0,0.0,0.0,0.0,5.0,12.0,1.0,12.18,5.0200000000000005,2.5,1.5,0.0,0.0,0.0,361.3,0.0,0.2,1.3,0.0,-169.60000000000002,0.0,0.0,169.70000000000002,0.0,21.700000000000003,28.9,28.9,30.9,300.0,300.0,31.700000000000003,35.800000000000004,28.9,28.1,29.9,4.96,1.99,4.97,0.16,0.0,0.0,1027.0,8228.0,0.0,0.0,0.0,0.0,0.0,1.0,0.0,0.0,0.0,0.0,0.0,1.4,0.0,0.3,0.0,0.0,16.0,25903.0
2026-07-30T19:03:33.673Z,383.156,383.172,0.0,7.4,0.0,0.0,0.0,0.0,0.0,0.0,0.0,0.0,1.0,0.0,0.0,0.0,9.0,4.0,0.0,0.0,0.0,0.0,0.0,0.0,0.0,0.0,1.0,12.0,1.0,12.18,5.0200000000000005,2.5,1.5,0.0,0.0,0.0,361.3,0.0,0.2,0.1,1.1,-169.60000000000002,0.0,0.0,169.60000000000002,0.0,21.700000000000003,28.9,28.9,30.9,300.0,300.0,31.700000000000003,35.800000000000004,28.9,28.1,29.9,4.95,1.99,4.96,0.15,0.0,0.0,1027.0,8228.0,0.0,0.0,0.0,0.0,0.0,1.0,0.0,0.0,0.0,0.0,0.0,0.9,0.0,-0.9,0.0,0.0,16.0,25903.0
2026-07-30T19:03:33.685Z,383.168,383.184,0.0,7.4,0.0,0.0,0.0,0.0,0.0,0.0,0.0,0.0,1.0,0.0,0.0,0.0,9.0,4.0,0.0,0.0,0.0,0.0,0.0,0.0,0.0,0.0,2.0,12.0,1.0,12.18,5.0200000000000005,2.5,1.5,0.0,0.0,0.0,361.4,0.0,0.2,-0.4,0.0,-169.60000000000002,0.0,0.0,169.70000000000002,0.0,21.700000000000003,28.9,28.9,30.9,300.0,300.0,31.700000000000003,35.800000000000004,28.9,28.1,29.9,4.95,1.99,4.97,0.15,0.0,0.0,1027.0,8228.0,0.0,0.0,0.0,0.0,0.0,1.0,0.0,0.0,0.0,0.0,0.0,-0.5,0.0,0.0,0.0,0.0,16.0,25903.0
2026-07-30T19:03:33.698Z,383.181,383.196,0.0,7.4,0.0,0.0,0.0,0.0,0.0,0.0,0.0,0.0,1.0,0.0,0.0,0.0,9.0,4.0,0.0,0.0,0.0,0.0,0.0,0.0,0.0,0.0,4.0,12.0,1.0,12.18,5.0200000000000005,2.51,1.49,0.0,0.0,0.0,361.3,0.0,0.1,1.3,1.6,-169.60000000000002,0.0,0.0,169.70000000000002,0.0,21.200000000000003,28.9,28.9,30.9,300.0,300.0,31.8,35.9,28.8,28.1,29.9,4.95,1.99,4.97,0.16,0.0,0.0,1027.0,8228.0,0.0,0.0,0.0,0.0,0.0,1.0,0.0,0.0,0.0,0.0,0.0,2.7,0.0,-1.2000000000000002,0.0,0.0,16.0,25903.0
2026-07-30T19:03:33.709Z,383.192,383.208,0.0,7.4,0.0,0.0,0.0,0.0,0.0,0.0,0.0,0.0,1.0,0.0,0.0,0.0,9.0,4.0,0.0,0.0,0.0,0.0,0.0,0.0,0.0,0.0,5.0,12.0,1.0,12.18,5.0200000000000005,2.51,1.49,0.0,0.0,0.0,361.3,0.0,-1.0,0.1,-0.6000000000000001,-169.60000000000002,0.0,0.0,169.70000000000002,0.0,21.200000000000003,28.9,28.9,30.9,300.0,300.0,31.8,35.9,28.8,28.1,29.9,4.96,1.99,4.97,0.16,0.0,0.0,1027.0,8228.0,0.0,0.0,0.0,0.0,0.0,1.0,0.0,0.0,0.0,0.0,0.0,-0.3,0.0,0.6000000000000001,0.0,0.0,16.0,25903.0
2026-07-30T19:03:33.722Z,383.205,383.22,0.0,7.4,0.0,0.0,0.0,0.0,0.0,0.0,0.0,0.0,1.0,0.0,0.0,0.0,9.0,4.0,0.0,0.0,0.0,0.0,0.0,0.0,0.0,0.0,6.0,12.0,1.0,12.18,5.0200000000000005,2.51,1.49,0.0,0.0,0.0,361.4,0.0,0.1,-0.4,-0.6000000000000001,-169.60000000000002,0.0,0.0,169.70000000000002,0.0,21.200000000000003,28.9,28.9,30.9,300.0,300.0,31.8,35.9,28.8,28.1,29.9,4.96,1.99,4.96,0.16,0.0,0.0,1027.0,8228.0,0.0,0.0,0.0,0.0,0.0,1.0,0.0,0.0,0.0,0.0,0.0,-1.0,0.0,0.5,0.0,0.0,16.0,25903.0
2026-07-30T19:03:33.733Z,383.216,383.232,0.0,7.4,0.0,0.0,0.0,0.0,0.0,0.0,0.0,0.0,1.0,0.0,0.0,0.0,9.0,4.0,0.0,0.0,0.0,0.0,0.0,0.0,0.0,0.0,2.0,12.0,1.0,12.18,5.0200000000000005,2.51,1.49,0.0,0.0,0.0,361.3,0.0,0.1,-1.0,1.0,-169.60000000000002,0.0,0.0,169.70000000000002,0.0,21.200000000000003,28.9,28.9,30.9,300.0,300.0,31.8,35.9,28.8,28.1,29.9,4.95,1.99,4.97,0.16,0.0,0.0,1027.0,8228.0,0.0,0.0,0.0,0.0,0.0,1.0,0.0,0.0,0.0,0.0,0.0,-0.4,0.0,-1.1,0.0,0.0,16.0,25903.0
2026-07-30T19:03:33.745Z,383.228,383.244,0.0,7.4,0.0,0.0,0.0,0.0,0.0,0.0,0.0,0.0,1.0,0.0,0.0,0.0,9.0,4.0,0.0,0.0,0.0,0.0,0.0,0.0,0.0,0.0,3.0,12.0,1.0,12.18,5.0200000000000005,2.51,1.49,0.0,0.0,0.0,361.3,0.0,0.8,1.2000000000000002,-0.1,-169.60000000000002,0.0,0.0,169.70000000000002,0.0,21.200000000000003,28.9,28.9,30.9,300.0,300.0,31.8,35.9,28.8,28.1,29.9,4.95,1.99,4.96,0.16,0.0,0.0,1027.0,8228.0,0.0,0.0,0.0,0.0,0.0,1.0,0.0,0.0,0.0,0.0,0.0,1.2000000000000002,0.0,0.3,0.0,0.0,16.0,25903.0
2026-07-30T19:03:33.758Z,383.241,383.256,0.0,7.4,0.0,0.0,0.0,0.0,0.0,0.0,0.0,0.0,1.0,0.0,0.0,0.0,9.0,4.0,0.0,0.0,0.0,0.0,0.0,0.0,0.0,0.0,5.0,12.0,1.0,12.18,5.0200000000000005,2.51,1.49,0.0,0.0,0.0,361.3,0.0,-0.3,1.2000000000000002,0.4,-169.60000000000002,0.0,0.0,169.60000000000002,0.0,21.200000000000003,28.9,28.9,30.9,300.0,300.0,31.8,35.9,28.8,28.1,29.9,4.96,1.99,4.96,0.16,0.0,0.0,1027.0,8228.0,0.0,0.0,0.0,0.0,0.0,1.0,0.0,0.0,0.0,0.0,0.0,1.7000000000000002,0.0,-0.1,0.0,0.0,16.0,25903.0
2026-07-30T19:03:33.769Z,383.252,383.268,0.0,7.4,0.0,0.0,0.0,0.0,0.0,0.0,0.0,0.0,1.0,0.0,0.0,0.0,9.0,4.0,0.0,0.0,0.0,0.0,0.0,0.0,0.0,0.0,6.0,12.0,1.0,12.18,5.0200000000000005,2.51,1.49,0.0,0.0,0.0,361.3,0.0,0.2,0.6000000000000001,-0.7000000000000001,-169.60000000000002,0.0,0.0,169.70000000000002,0.0,21.200000000000003,28.9,28.9,30.9,300.0,300.0,31.8,35.9,28.8,28.1,29.9,4.95,1.99,4.97,0.16,0.0,0.0,1027.0,8228.0,0.0,0.0,0.0,0.0,0.0,1.0,0.0,0.0,0.0,0.0,0.0,0.1,0.0,0.7000000000000001,0.0,0.0,16.0,25903.0
2026-07-30T19:03:33.781Z,383.264,383.28,0.0,7.4,0.0,0.0,0.0,0.0,0.0,0.0,0.0,0.0,1.0,0.0,0.0,0.0,9.0,4.0,0.0,0.0,0.0,0.0,0.0,0.0,0.0,0.0,1.0,12.0,1.0,12.18,5.0200000000000005,2.51,1.49,0.0,0.0,0.0,361.4,0.0,0.8,0.0,1.0,-169.60000000000002,0.0,0.0,169.60000000000002,0.0,21.200000000000003,28.9,28.9,30.9,300.0,300.0,31.8,35.9,28.8,28.1,29.9,4.96,1.99,4.97,0.16,0.0,0.0,1027.0,8228.0,0.0,0.0,0.0,0.0,0.0,1.0,0.0,0.0,0.0,0.0,0.0,0.8,0.0,-0.9,0.0,0.0,16.0,25903.0
2026-07-30T19:03:33.793Z,383.276,383.292,0.0,7.4,0.0,0.0,0.0,0.0,0.0,0.0,0.0,0.0,1.0,0.0,0.0,0.0,9.0,4.0,0.0,0.0,0.0,0.0,0.0,0.0,0.0,0.0,3.0,12.0,1.0,12.18,5.0200000000000005,2.51,1.49,0.0,0.0,0.0,361.3,0.0,0.2,0.0,-0.7000000000000001,-169.60000000000002,0.0,0.0,169.60000000000002,0.0,21.200000000000003,28.9,28.9,30.9,300.0,300.0,31.8,35.9,28.8,28.1,29.9,4.96,1.99,4.96,0.16,0.0,0.0,1027.0,8228.0,0.0,0.0,0.0,0.0,0.0,1.0,0.0,0.0,0.0,0.0,0.0,-0.5,0.0,0.6000000000000001,0.0,0.0,16.0,25903.0
2026-07-30T19:03:33.805Z,383.288,383.304,0.0,7.4,0.0,0.0,0.0,0.0,0.0,0.0,0.0,0.0,1.0,0.0,0.0,0.0,9.0,4.0,0.0,0.0,0.0,0.0,0.0,0.0,0.0,0.0,4.0,12.0,1.0,12.17,5.01,2.51,1.49,0.0,0.0,0.0,361.3,0.0,0.2,-1.1,-0.1,-169.60000000000002,0.0,0.0,169.70000000000002,0.0,21.700000000000003,28.9,28.9,30.9,300.0,300.0,31.700000000000003,35.9,28.8,28.0,29.9,4.96,1.99,4.96,0.16,0.0,0.0,1027.0,8228.0,0.0,0.0,0.0,0.0,0.0,1.0,0.0,0.0,0.0,0.0,0.0,-1.4,0.0,0.0,0.0,0.0,16.0,25903.0
2026-07-30T19:03:33.817Z,383.3,383.316,0.0,7.4,0.0,0.0,0.0,0.0,0.0,0.0,0.0,0.0,1.0,0.0,0.0,0.0,9.0,4.0,0.0,0.0,0.0,0.0,0.0,0.0,0.0,0.0,5.0,12.0,1.0,12.17,5.01,2.51,1.49,0.0,0.0,0.0,361.4,0.0,-0.3,0.5,0.3,-169.60000000000002,0.0,0.0,169.60000000000002,0.0,21.700000000000003,28.9,28.9,30.9,300.0,300.0,31.700000000000003,35.9,28.8,28.0,29.9,4.96,1.99,4.97,0.16,0.0,0.0,1027.0,8228.0,0.0,0.0,0.0,0.0,0.0,1.0,0.0,0.0,0.0,0.0,0.0,0.9,0.0,-0.2,0.0,0.0,16.0,25903.0
2026-07-30T19:03:33.829Z,383.312,383.328,0.0,7.4,0.0,0.0,0.0,0.0,0.0,0.0,0.0,0.0,1.0,0.0,0.0,0.0,9.0,4.0,0.0,0.0,0.0,0.0,0.0,0.0,0.0,0.0,6.0,12.0,1.0,12.17,5.01,2.51,1.49,0.0,0.0,0.0,361.4,0.0,0.8,0.0,-0.1,-169.60000000000002,0.0,0.0,169.60000000000002,0.0,21.700000000000003,28.9,28.9,30.9,300.0,300.0,31.700000000000003,35.9,28.8,28.0,29.9,4.95,1.99,4.96,0.16,0.0,0.0,1027.0,8228.0,0.0,0.0,0.0,0.0,0.0,1.0,0.0,0.0,0.0,0.0,0.0,-0.1,0.0,0.1,0.0,0.0,16.0,25903.0
2026-07-30T19:03:33.841Z,383.324,383.34,0.0,7.4,0.0,0.0,0.0,0.0,0.0,0.0,0.0,0.0,1.0,0.0,0.0,0.0,9.0,4.0,0.0,0.0,0.0,0.0,0.0,0.0,0.0,0.0,2.0,12.0,1.0,12.17,5.01,2.51,1.49,0.0,0.0,0.0,361.3,0.0,-0.8,-0.5,-1.3,-169.60000000000002,0.0,0.0,169.70000000000002,0.0,21.700000000000003,28.9,28.9,30.9,300.0,300.0,31.700000000000003,35.9,28.8,28.0,29.9,4.95,2.0,4.97,0.16,0.0,0.0,1027.0,8228.0,0.0,0.0,0.0,0.0,0.0,1.0,0.0,0.0,0.0,0.0,0.0,-1.6,0.0,1.0,0.0,0.0,16.0,25903.0
2026-07-30T19:03:33.853Z,383.336,383.352,0.0,7.4,0.0,0.0,0.0,0.0,0.0,0.0,0.0,0.0,1.0,0.0,0.0,0.0,9.0,4.0,0.0,0.0,0.0,0.0,0.0,0.0,0.0,0.0,3.0,12.0,1.0,12.17,5.01,2.51,1.49,0.0,0.0,0.0,361.3,0.0,-0.8,1.1,-0.1,-169.60000000000002,0.0,0.0,169.70000000000002,0.0,21.700000000000003,28.9,28.9,30.9,300.0,300.0,31.700000000000003,35.9,28.8,28.0,29.9,4.95,2.0,4.97,0.16,0.0,0.0,1027.0,8228.0,0.0,0.0,0.0,0.0,0.0,1.0,0.0,0.0,0.0,0.0,0.0,1.1,0.0,0.4,0.0,0.0,16.0,25903.0
2026-07-30T19:03:33.865Z,383.348,383.364,0.0,7.4,0.0,0.0,0.0,0.0,0.0,0.0,0.0,0.0,1.0,0.0,0.0,0.0,9.0,4.0,0.0,0.0,0.0,0.0,0.0,0.0,0.0,0.0,4.0,12.0,1.0,12.17,5.01,2.51,1.49,0.0,0.0,0.0,361.4,0.0,0.3,0.0,-0.1,-169.60000000000002,0.0,0.0,169.60000000000002,0.0,21.700000000000003,28.9,28.9,30.9,300.0,300.0,31.700000000000003,35.9,28.8,28.0,29.9,4.96,2.0,4.96,0.16,0.0,0.0,1027.0,8228.0,0.0,0.0,0.0,0.0,0.0,1.0,0.0,0.0,0.0,0.0,0.0,-0.1,0.0,0.1,0.0,0.0,16.0,25903.0
2026-07-30T19:03:33.877Z,383.36,383.376,0.0,7.4,0.0,0.0,0.0,0.0,0.0,0.0,0.0,0.0,1.0,0.0,0.0,0.0,9.0,4.0,0.0,0.0,0.0,0.0,0.0,0.0,0.0,0.0,6.0,12.0,1.0,12.17,5.01,2.51,1.49,0.0,0.1,0.0,361.3,0.0,0.3,-0.5,1.5,-169.60000000000002,0.0,0.0,169.8,0.0,21.700000000000003,28.9,28.9,30.9,300.0,300.0,31.700000000000003,35.9,28.8,28.0,29.9,4.96,2.0,4.97,0.16,0.0,0.0,1027.0,8228.0,0.0,0.0,0.0,0.0,0.0,1.0,0.0,0.0,0.0,0.0,0.0,0.5,0.0,-1.4,0.0,0.0,16.0,25903.0
2026-07-30T19:03:33.889Z,383.372,383.388,0.0,7.4,0.0,0.0,0.0,0.0,0.0,0.0,0.0,0.0,1.0,0.0,0.0,0.0,9.0,4.0,0.0,0.0,0.0,0.0,0.0,0.0,0.0,0.0,1.0,12.0,1.0,12.17,5.01,2.51,1.49,0.0,0.0,0.0,361.3,0.0,0.8,0.0,-0.7000000000000001,-169.60000000000002,0.0,0.0,169.60000000000002,0.0,21.700000000000003,28.9,28.9,30.9,300.0,300.0,31.700000000000003,35.9,28.8,28.0,29.9,4.96,1.99,4.97,0.16,0.0,0.0,1027.0,8228.0,0.0,0.0,0.0,0.0,0.0,1.0,0.0,0.0,0.0,0.0,0.0,-0.5,0.0,0.6000000000000001,0.0,0.0,16.0,25903.0
2026-07-30T19:03:33.903Z,383.386,383.4,0.0,7.4,0.0,0.0,0.0,0.0,0.0,0.0,0.0,0.0,1.0,0.0,0.0,0.0,9.0,4.0,0.0,0.0,0.0,0.0,0.0,0.0,0.0,0.0,2.0,12.0,1.0,12.17,5.0200000000000005,2.5,1.49,0.0,0.0,0.0,361.3,0.0,-0.9,-1.1,-1.3,-169.60000000000002,0.0,0.0,169.70000000000002,0.0,21.700000000000003,28.9,28.9,30.9,300.0,300.0,31.8,35.800000000000004,28.8,28.0,29.9,4.96,1.99,4.97,0.16,0.0,0.0,1027.0,8228.0,0.0,0.0,0.0,0.0,0.0,1.0,0.0,0.0,0.0,0.0,0.0,1.6,0.0,-0.1,0.0,0.0,16.0,25903.0
2026-07-30T19:03:33.913Z,383.396,383.412,0.0,7.4,0.0,0.0,0.0,0.0,0.0,0.0,0.0,0.0,1.0,0.0,0.0,0.0,9.0,4.0,0.0,0.0,0.0,0.0,0.0,0.0,0.0,0.0,3.0,12.0,1.0,12.17,5.0200000000000005,2.5,1.49,0.0,0.0,0.0,361.3,0.0,-0.3,0.0,0.3,-169.60000000000002,0.0,0.0,169.60000000000002,0.0,21.700000000000003,28.9,28.9,30.9,300.0,300.0,31.8,35.800000000000004,28.8,28.0,29.9,4.96,1.99,4.96,0.16,0.0,0.0,1027.0,8228.0,0.0,0.0,0.0,0.0,0.0,1.0,0.0,0.0,0.0,0.0,0.0,-0.3,0.0,-0.4,0.0,0.0,16.0,25903.0
2026-07-30T19:03:33.925Z,383.408,383.424,0.0,7.4,0.0,0.0,0.0,0.0,0.0,0.0,0.0,0.0,1.0,0.0,0.0,0.0,9.0,4.0,0.0,0.0,0.0,0.0,0.0,0.0,0.0,0.0,4.0,12.0,1.0,12.17,5.0200000000000005,2.5,1.49,0.0,0.0,0.0,361.4,0.0,0.8,0.0,-0.2,-169.60000000000002,0.0,0.0,169.60000000000002,0.0,21.700000000000003,28.9,28.9,30.9,300.0,300.0,31.8,35.800000000000004,28.8,28.0,29.9,4.95,2.0,4.97,0.16,0.0,0.0,1027.0,8228.0,0.0,0.0,0.0,0.0,0.0,1.0,0.0,0.0,0.0,0.0,0.0,0.4,0.0,-1.4,0.0,0.0,16.0,25903.0
2026-07-30T19:03:33.937Z,383.42,383.436,0.0,7.4,0.0,0.0,0.0,0.0,0.0,0.0,0.0,0.0,1.0,0.0,0.0,0.0,9.0,4.0,0.0,0.0,0.0,0.0,0.0,0.0,0.0,0.0,5.0,12.0,1.0,12.17,5.0200000000000005,2.5,1.49,0.0,0.0,0.0,361.4,0.0,-0.9,-0.6000000000000001,-0.8,-169.60000000000002,0.0,0.0,169.60000000000002,0.0,21.700000000000003,28.9,28.9,30.9,300.0,300.0,31.8,35.800000000000004,28.8,28.0,29.9,4.95,1.99,4.97,0.16,0.0,0.0,1027.0,8228.0,0.0,0.0,0.0,0.0,0.0,1.0,0.0,0.0,0.0,0.0,0.0,-1.3,0.0,0.5,0.0,0.0,16.0,25903.0
2026-07-30T19:03:33.949Z,383.432,383.448,0.0,7.4,0.0,0.0,0.0,0.0,0.0,0.0,0.0,0.0,1.0,0.0,0.0,0.0,9.0,4.0,0.0,0.0,0.0,0.0,0.0,0.0,0.0,0.0,1.0,12.0,1.0,12.17,5.0200000000000005,2.5,1.49,0.0,0.0,0.0,361.4,0.0,0.2,0.0,-1.3,-169.60000000000002,0.0,0.0,169.70000000000002,0.0,21.700000000000003,28.9,28.9,30.9,300.0,300.0,31.8,35.800000000000004,28.8,28.0,29.9,4.96,1.99,4.97,0.16,0.0,0.0,1027.0,8228.0,0.0,0.0,0.0,0.0,0.0,1.0,0.0,0.0,0.0,0.0,0.0,2.9000000000000004,0.0,-1.6,0.0,0.0,16.0,25903.0
2026-07-30T19:03:33.961Z,383.444,383.46,0.0,7.4,0.0,0.0,0.0,0.0,0.0,0.0,0.0,0.0,1.0,0.0,0.0,0.0,9.0,4.0,0.0,0.0,0.0,0.0,0.0,0.0,0.0,0.0,3.0,12.0,1.0,12.17,5.0200000000000005,2.5,1.49,0.0,0.0,0.0,361.4,0.0,0.2,0.5,0.4,-169.60000000000002,0.0,0.0,169.70000000000002,0.0,21.700000000000003,28.9,28.9,30.9,300.0,300.0,31.8,35.800000000000004,28.8,28.0,29.9,4.96,1.99,4.96,0.16,0.0,0.0,1027.0,8228.0,0.0,0.0,0.0,0.0,0.0,1.0,0.0,0.0,0.0,0.0,0.0,0.1,0.0,0.7000000000000001,0.0,0.0,16.0,25903.0
2026-07-30T19:03:33.973Z,383.456,383.472,0.0,7.4,0.0,0.0,0.0,0.0,0.0,0.0,0.0,0.0,1.0,0.0,0.0,0.0,9.0,4.0,0.0,0.0,0.0,0.0,0.0,0.0,0.0,0.0,4.0,12.0,1.0,12.17,5.0200000000000005,2.5,1.49,0.0,0.0,0.0,361.3,0.0,0.8,-1.7000000000000002,0.0,-169.60000000000002,0.0,0.0,169.70000000000002,0.0,21.700000000000003,28.9,28.9,30.9,300.0,300.0,31.8,35.800000000000004,28.8,28.0,29.9,4.96,1.99,4.97,0.16,0.0,0.0,1027.0,8228.0,0.0,0.0,0.0,0.0,0.0,1.0,0.0,0.0,0.0,0.0,0.0,-2.5,0.0,0.2,0.0,0.0,16.0,25903.0
2026-07-30T19:03:33.985Z,383.468,383.484,0.0,7.4,0.0,0.0,0.0,0.0,0.0,0.0,0.0,0.0,1.0,0.0,0.0,0.0,9.0,4.0,0.0,0.0,0.0,0.0,0.0,0.0,0.0,0.0,6.0,12.0,1.0,12.17,5.0200000000000005,2.5,1.49,0.0,0.0,0.0,361.4,0.0,-0.9,-0.6000000000000001,-1.2000000000000002,-169.60000000000002,0.0,0.0,169.70000000000002,0.0,21.700000000000003,28.9,28.9,30.9,300.0,300.0,31.8,35.800000000000004,28.8,28.0,29.9,4.96,1.99,4.96,0.16,0.0,0.0,1027.0,8228.0,0.0,0.0,0.0,0.0,0.0,1.0,0.0,0.0,0.0,0.0,0.0,-1.6,0.0,0.9,0.0,0.0,16.0,25903.0
2026-07-30T19:03:33.997Z,383.48,383.496,0.0,7.4,0.0,0.0,0.0,0.0,0.0,0.0,0.0,0.0,1.0,0.0,0.0,0.0,9.0,4.0,0.0,0.0,0.0,0.0,0.0,0.0,0.0,0.0,1.0,12.0,1.0,12.17,5.0200000000000005,2.5,1.49,0.0,0.0,0.0,361.4,0.0,-0.2,1.1,1.1,-169.60000000000002,0.0,0.0,169.70000000000002,0.0,21.700000000000003,28.9,28.9,30.9,300.0,300.0,31.8,35.800000000000004,28.8,28.0,29.9,4.96,2.0,4.96,0.16,0.0,0.0,1027.0,8228.0,0.0,0.0,0.0,0.0,0.0,1.0,0.0,0.0,0.0,0.0,0.0,0.1,0.0,0.6000000000000001,0.0,0.0,16.0,25903.0
2026-07-30T19:03:34.009Z,383.492,383.508,0.0,7.4,0.0,0.0,0.0,0.0,0.0,0.0,0.0,0.0,1.0,0.0,0.0,0.0,9.0,4.0,0.0,0.0,0.0,0.0,0.0,0.0,0.0,0.0,3.0,12.0,1.0,12.19,5.0200000000000005,2.51,1.49,0.0,0.0,0.0,361.3,0.0,0.3,-0.5,-1.2000000000000002,-169.60000000000002,0.0,0.0,169.70000000000002,0.0,21.8,28.9,28.9,30.9,300.0,300.0,31.700000000000003,35.800000000000004,28.9,28.0,29.9,4.95,2.0,4.97,0.16,0.0,0.0,1027.0,8228.0,0.0,0.0,0.0,0.0,0.0,1.0,0.0,0.0,0.0,0.0,0.0,0.8,0.0,-0.9,0.0,0.0,16.0,25903.0
2026-07-30T19:03:34.021Z,383.504,383.52,0.0,7.4,0.0,0.0,0.0,0.0,0.0,0.0,0.0,0.0,1.0,0.0,0.0,0.0,9.0,4.0,0.0,0.0,0.0,0.0,0.0,0.0,0.0,0.0,4.0,12.0,1.0,12.19,5.0200000000000005,2.51,1.49,0.0,0.0,0.0,361.4,0.0,0.9,-0.5,1.1,-169.60000000000002,0.0,0.0,169.70000000000002,0.0,21.8,28.9,28.9,30.9,300.0,300.0,31.700000000000003,35.800000000000004,28.9,28.0,29.9,4.96,1.99,4.97,0.16,0.0,0.0,1027.0,8228.0,0.0,0.0,0.0,0.0,0.0,1.0,0.0,0.0,0.0,0.0,0.0,0.6000000000000001,0.0,0.1,0.0,0.0,16.0,25903.0
2026-07-30T19:03:34.033Z,383.516,383.532,0.0,7.4,0.0,0.0,0.0,0.0,0.0,0.0,0.0,0.0,1.0,0.0,0.0,0.0,9.0,4.0,0.0,0.0,0.0,0.0,0.0,0.0,0.0,0.0,6.0,12.0,1.0,12.19,5.0200000000000005,2.51,1.49,0.0,0.0,0.0,361.3,0.0,0.3,-0.5,-0.5,-169.60000000000002,0.0,0.0,169.8,0.0,21.8,28.9,28.9,30.9,300.0,300.0,31.700000000000003,35.800000000000004,28.9,28.0,29.9,4.96,1.99,4.96,0.16,0.0,0.0,1027.0,8228.0,0.0,0.0,0.0,0.0,0.0,1.0,0.0,0.0,0.0,0.0,0.0,-0.6000000000000001,0.0,-0.1,0.0,0.0,16.0,25903.0
2026-07-30T19:03:34.046Z,383.529,383.544,0.0,7.4,0.0,0.0,0.0,0.0,0.0,0.0,0.0,0.0,1.0,0.0,0.0,0.0,9.0,4.0,0.0,0.0,0.0,0.0,0.0,0.0,0.0,0.0,1.0,12.0,1.0,12.19,5.0200000000000005,2.51,1.49,0.0,0.0,0.0,361.4,0.0,0.3,0.5,0.0,-169.60000000000002,0.0,0.0,169.70000000000002,0.0,21.8,28.9,28.9,30.9,300.0,300.0,31.700000000000003,35.800000000000004,28.9,28.0,29.9,4.96,1.99,4.96,0.16,0.0,0.0,1027.0,8228.0,0.0,0.0,0.0,0.0,0.0,1.0,0.0,0.0,0.0,0.0,0.0,0.0,0.0,0.0,0.0,0.0,16.0,25903.0
2026-07-30T19:03:34.057Z,383.54,383.556,0.0,7.4,0.0,0.0,0.0,0.0,0.0,0.0,0.0,0.0,1.0,0.0,0.0,0.0,9.0,4.0,0.0,0.0,0.0,0.0,0.0,0.0,0.0,0.0,2.0,12.0,1.0,12.19,5.0200000000000005,2.51,1.49,0.0,0.0,0.0,361.3,0.0,-0.8,-1.7000000000000002,0.5,-169.60000000000002,0.0,0.0,169.70000000000002,0.0,21.8,28.9,28.9,30.9,300.0,300.0,31.700000000000003,35.800000000000004,28.9,28.0,29.9,4.95,1.99,4.97,0.16,0.0,0.0,1027.0,8228.0,0.0,0.0,0.0,0.0,0.0,1.0,0.0,0.0,0.0,0.0,0.0,-2.4000000000000004,0.0,0.2,0.0,0.0,16.0,25903.0
2026-07-30T19:03:34.070Z,383.553,383.568,0.0,7.4,0.0,0.0,0.0,0.0,0.0,0.0,0.0,0.0,1.0,0.0,0.0,0.0,9.0,4.0,0.0,0.0,0.0,0.0,0.0,0.0,0.0,0.0,3.0,12.0,1.0,12.19,5.0200000000000005,2.51,1.49,0.0,0.1,0.0,361.3,0.0,0.3,-0.5,0.0,-169.60000000000002,0.0,0.0,169.60000000000002,0.0,21.8,28.9,28.9,30.9,300.0,300.0,31.700000000000003,35.800000000000004,28.9,28.0,29.9,4.96,1.99,4.96,0.16,0.0,0.0,1027.0,8228.0,0.0,0.0,0.0,0.0,0.0,1.0,0.0,0.0,0.0,0.0,0.0,-1.5,0.0,0.9,0.0,0.0,16.0,25903.0
2026-07-30T19:03:34.081Z,383.564,383.58,0.0,7.4,0.0,0.0,0.0,0.0,0.0,0.0,0.0,0.0,1.0,0.0,0.0,0.0,9.0,4.0,0.0,0.0,0.0,0.0,0.0,0.0,0.0,0.0,3.0,12.0,1.0,12.19,5.0200000000000005,2.51,1.49,0.0,0.0,0.0,361.4,0.0,-0.2,0.0,-1.8,-169.60000000000002,0.0,0.0,169.70000000000002,0.0,21.8,28.9,28.9,30.9,300.0,300.0,31.700000000000003,35.800000000000004,28.9,28.0,29.9,4.96,2.0,4.97,0.16,0.0,0.0,1027.0,8228.0,0.0,0.0,0.0,0.0,0.0,1.0,0.0,0.0,0.0,0.0,0.0,-1.3,0.0,1.6,0.0,0.0,16.0,25903.0
2026-07-30T19:03:34.093Z,383.576,383.592,0.0,7.4,0.0,0.0,0.0,0.0,0.0,0.0,0.0,0.0,1.0,0.0,0.0,0.0,9.0,4.0,0.0,0.0,0.0,0.0,0.0,0.0,0.0,0.0,4.0,12.0,1.0,12.19,5.0200000000000005,2.51,1.49,0.0,0.0,0.0,361.3,0.0,0.3,0.0,0.5,-169.60000000000002,0.0,0.0,169.70000000000002,0.0,21.8,28.9,28.9,30.9,300.0,300.0,31.700000000000003,35.800000000000004,28.9,28.0,29.9,4.95,1.99,4.97,0.16,0.0,0.0,1027.0,8228.0,0.0,0.0,0.0,0.0,0.0,1.0,0.0,0.0,0.0,0.0,0.0,0.4,0.0,-0.4,0.0,0.0,16.0,25903.0
2026-07-30T19:03:34.106Z,383.589,383.604,0.0,7.4,0.0,0.0,0.0,0.0,0.0,0.0,0.0,0.0,1.0,0.0,0.0,0.0,9.0,4.0,0.0,0.0,0.0,0.0,0.0,0.0,0.0,0.0,5.0,12.0,1.0,12.18,5.01,2.5,1.49,0.0,0.0,0.0,361.3,0.0,-0.2,0.0,1.7000000000000002,-169.60000000000002,0.0,0.0,169.70000000000002,0.0,21.200000000000003,28.9,28.9,30.9,300.0,300.0,31.6,35.9,28.9,28.1,29.9,4.96,1.99,4.96,0.16,0.0,0.0,1027.0,8228.0,0.0,0.0,0.0,0.0,0.0,1.0,0.0,0.0,0.0,0.0,0.0,0.9,0.0,-0.9,0.0,0.0,16.0,25903.0
2026-07-30T19:03:34.117Z,383.6,383.616,0.0,7.4,0.0,0.0,0.0,0.0,0.0,0.0,0.0,0.0,1.0,0.0,0.0,0.0,9.0,4.0,0.0,0.0,0.0,0.0,0.0,0.0,0.0,0.0,1.0,12.0,1.0,12.18,5.01,2.5,1.49,0.0,0.0,0.0,361.4,0.0,-0.2,0.0,1.1,-169.60000000000002,0.0,0.0,169.70000000000002,0.0,21.200000000000003,28.9,28.9,30.9,300.0,300.0,31.6,35.9,28.9,28.1,29.9,4.96,1.99,4.97,0.16,0.0,0.0,1027.0,8228.0,0.0,0.0,0.0,0.0,0.0,1.0,0.0,0.0,0.0,0.0,0.0,0.8,0.0,-0.9,0.0,0.0,16.0,25903.0
2026-07-30T19:03:34.129Z,383.612,383.628,0.0,7.4,0.0,0.0,0.0,0.0,0.0,0.0,0.0,0.0,1.0,0.0,0.0,0.0,9.0,4.0,0.0,0.0,0.0,0.0,0.0,0.0,0.0,0.0,2.0,12.0,1.0,12.18,5.01,2.5,1.49,0.0,0.0,0.0,361.3,0.0,0.9,1.1,1.0,-169.60000000000002,0.0,0.0,169.70000000000002,0.0,21.200000000000003,28.9,28.9,30.9,300.0,300.0,31.6,35.9,28.9,28.1,29.9,4.96,1.99,4.97,0.16,0.0,0.0,1027.0,8228.0,0.0,0.0,0.0,0.0,0.0,1.0,0.0,0.0,0.0,0.0,0.0,2.1,0.0,-0.6000000000000001,0.0,0.0,16.0,25903.0
2026-07-30T19:03:34.142Z,383.625,383.64,0.0,7.4,0.0,0.0,0.0,0.0,0.0,0.0,0.0,0.0,1.0,0.0,0.0,0.0,9.0,4.0,0.0,0.0,0.0,0.0,0.0,0.0,0.0,0.0,3.0,12.0,1.0,12.18,5.01,2.5,1.49,0.0,0.0,0.0,361.3,0.0,0.9,0.6000000000000001,1.0,-169.60000000000002,0.0,0.0,169.70000000000002,0.0,21.200000000000003,28.9,28.9,30.9,300.0,300.0,31.6,35.9,28.9,28.1,29.9,4.95,1.99,4.97,0.16,0.0,0.0,1027.0,8228.0,0.0,0.0,0.0,0.0,0.0,1.0,0.0,0.0,0.0,0.0,0.0,1.4,0.0,-0.8,0.0,0.0,16.0,25903.0
2026-07-30T19:03:34.154Z,383.637,383.652,0.0,7.4,0.0,0.0,0.0,0.0,0.0,0.0,0.0,0.0,1.0,0.0,0.0,0.0,9.0,4.0,0.0,0.0,0.0,0.0,0.0,0.0,0.0,0.0,5.0,12.0,1.0,12.18,5.01,2.5,1.49,0.0,0.0,0.0,361.4,0.0,-0.2,0.0,-0.1,-169.60000000000002,0.0,0.0,169.8,0.0,21.200000000000003,28.9,28.9,30.9,300.0,300.0,31.6,35.9,28.9,28.1,29.9,4.96,1.99,4.96,0.16,0.0,0.0,1027.0,8228.0,0.0,0.0,0.0,0.0,0.0,1.0,0.0,0.0,0.0,0.0,0.0,-0.1,0.0,0.0,0.0,0.0,16.0,25903.0
2026-07-30T19:03:34.165Z,383.648,383.664,0.0,7.4,0.0,0.0,0.0,0.0,0.0,0.0,0.0,0.0,1.0,0.0,0.0,0.0,9.0,4.0,0.0,0.0,0.0,0.0,0.0,0.0,0.0,0.0,6.0,12.0,1.0,12.18,5.01,2.5,1.49,0.0,0.1,0.0,361.3,0.0,-0.8,-0.5,0.4,-169.60000000000002,0.0,0.0,169.70000000000002,0.0,21.200000000000003,28.9,28.9,30.9,300.0,300.0,31.6,35.9,28.9,28.1,29.9,4.95,1.99,4.96,0.16,0.0,0.0,1027.0,8228.0,0.0,0.0,0.0,0.0,0.0,1.0,0.0,0.0,0.0,0.0,0.0,-0.3,0.0,-0.5,0.0,0.0,16.0,25903.0
2026-07-30T19:03:34.177Z,383.66,383.676,0.0,7.4,0.0,0.0,0.0,0.0,0.0,0.0,0.0,0.0,1.0,0.0,0.0,0.0,9.0,4.0,0.0,0.0,0.0,0.0,0.0,0.0,0.0,0.0,1.0,12.0,1.0,12.18,5.01,2.5,1.49,0.0,0.0,0.0,361.3,0.0,0.3,0.5,0.0,-169.60000000000002,0.0,0.0,169.70000000000002,0.0,21.200000000000003,28.9,28.9,30.9,300.0,300.0,31.6,35.9,28.9,28.1,29.9,4.95,1.99,4.97,0.16,0.0,0.0,1027.0,8228.0,0.0,0.0,0.0,0.0,0.0,1.0,0.0,0.0,0.0,0.0,0.0,0.5,0.0,0.2,0.0,0.0,16.0,25903.0
2026-07-30T19:03:34.189Z,383.672,383.688,0.0,7.4,0.0,0.0,0.0,0.0,0.0,0.0,0.0,0.0,1.0,0.0,0.0,0.0,9.0,4.0,0.0,0.0,0.0,0.0,0.0,0.0,0.0,0.0,3.0,12.0,1.0,12.18,5.01,2.5,1.49,-0.1,0.1,0.0,361.3,0.0,-0.8,0.0,1.0,-169.60000000000002,0.0,0.0,169.70000000000002,0.0,21.200000000000003,28.9,28.9,30.9,300.0,300.0,31.6,35.9,28.9,28.1,29.9,4.96,1.99,4.97,0.16,0.0,0.0,1027.0,8228.0,0.0,0.0,0.0,0.0,0.0,1.0,0.0,0.0,0.0,0.0,0.0,0.8,0.0,-0.9,0.0,0.0,16.0,25903.0
2026-07-30T19:03:34.201Z,383.684,383.7,0.0,7.4,0.0,0.0,0.0,0.0,0.0,0.0,0.0,0.0,1.0,0.0,0.0,0.0,9.0,4.0,0.0,0.0,0.0,0.0,0.0,0.0,0.0,0.0,4.0,12.0,1.0,12.18,5.01,2.5,1.49,0.0,0.0,0.0,361.4,0.0,-0.2,0.6000000000000001,0.0,-169.60000000000002,0.0,0.0,169.70000000000002,0.0,21.200000000000003,28.9,28.9,30.9,300.0,300.0,31.6,35.9,28.9,28.1,29.9,4.96,1.99,4.96,0.16,0.0,0.0,1027.0,8228.0,0.0,0.0,0.0,0.0,0.0,1.0,0.0,0.0,0.0,0.0,0.0,0.6000000000000001,0.0,0.1,0.0,0.0,16.0,25903.0
2026-07-30T19:03:34.213Z,383.696,383.712,0.0,7.4,0.0,0.0,0.0,0.0,0.0,0.0,0.0,0.0,1.0,0.0,0.0,0.0,9.0,4.0,0.0,0.0,0.0,0.0,0.0,0.0,0.0,0.0,4.0,12.0,1.0,12.17,5.0200000000000005,2.51,1.49,0.0,0.0,0.0,361.4,0.0,-0.1,-0.5,-0.6000000000000001,-169.60000000000002,0.0,0.0,169.70000000000002,0.0,21.200000000000003,28.9,28.9,30.9,300.0,300.0,31.6,35.9,28.8,28.1,29.9,4.95,1.99,4.97,0.16,0.0,0.0,1027.0,8228.0,0.0,0.0,0.0,0.0,0.0,1.0,0.0,0.0,0.0,0.0,0.0,-1.0,0.0,0.4,0.0,0.0,16.0,25903.0
2026-07-30T19:03:34.225Z,383.708,383.724,0.0,7.4,0.0,0.0,0.0,0.0,0.0,0.0,0.0,0.0,1.0,0.0,0.0,0.0,9.0,4.0,0.0,0.0,0.0,0.0,0.0,0.0,0.0,0.0,6.0,12.0,1.0,12.17,5.0200000000000005,2.51,1.49,0.0,0.0,0.0,361.3,0.0,-0.2,1.2000000000000002,0.4,-169.60000000000002,0.0,0.0,169.70000000000002,0.0,21.200000000000003,28.9,28.9,30.9,300.0,300.0,31.6,35.9,28.8,28.1,29.9,4.95,1.99,4.96,0.16,0.0,0.0,1027.0,8228.0,0.0,0.0,0.0,0.0,0.0,1.0,0.0,0.0,0.0,0.0,0.0,1.7000000000000002,0.0,-0.1,0.0,0.0,16.0,25903.0
2026-07-30T19:03:34.237Z,383.72,383.736,0.0,7.4,0.0,0.0,0.0,0.0,0.0,0.0,0.0,0.0,1.0,0.0,0.0,0.0,9.0,4.0,0.0,0.0,0.0,0.0,0.0,0.0,0.0,0.0,1.0,12.0,1.0,12.17,5.0200000000000005,2.51,1.49,0.0,0.0,0.0,361.3,0.0,-0.2,-0.5,-0.7000000000000001,-169.60000000000002,0.0,0.0,169.70000000000002,0.0,21.200000000000003,28.9,28.9,30.9,300.0,300.0,31.6,35.9,28.8,28.1,29.9,4.96,1.99,4.96,0.16,0.0,0.0,1027.0,8228.0,0.0,0.0,0.0,0.0,0.0,1.0,0.0,0.0,0.0,0.0,0.0,-1.1,0.0,0.5,0.0,0.0,16.0,25903.0
2026-07-30T19:03:34.249Z,383.732,383.748,0.0,7.4,0.0,0.0,0.0,0.0,0.0,0.0,0.0,0.0,1.0,0.0,0.0,0.0,9.0,4.0,0.0,0.0,0.0,0.0,0.0,0.0,0.0,0.0,2.0,12.0,1.0,12.17,5.0200000000000005,2.51,1.49,0.0,0.0,0.0,361.3,0.0,0.3,-0.4,1.0,-169.60000000000002,0.0,0.0,169.60000000000002,0.0,21.200000000000003,28.9,28.9,30.9,300.0,300.0,31.6,35.9,28.8,28.1,29.9,4.95,1.99,4.97,0.16,0.0,0.0,1027.0,8228.0,0.0,0.0,0.0,0.0,0.0,1.0,0.0,0.0,0.0,0.0,0.0,0.2,0.0,-1.0,0.0,0.0,16.0,25903.0
2026-07-30T19:03:34.261Z,383.744,383.76,0.0,7.4,0.0,0.0,0.0,0.0,0.0,0.0,0.0,0.0,1.0,0.0,0.0,0.0,9.0,4.0,0.0,0.0,0.0,0.0,0.0,0.0,0.0,0.0,3.0,12.0,1.0,12.17,5.0200000000000005,2.51,1.49,0.0,0.0,0.0,361.4,0.0,0.9,-0.5,-0.1,-169.60000000000002,0.0,0.0,169.60000000000002,0.0,21.200000000000003,28.9,28.9,30.9,300.0,300.0,31.6,35.9,28.8,28.1,29.9,4.96,1.99,4.96,0.16,0.0,0.0,1027.0,8228.0,0.0,0.0,0.0,0.0,0.0,1.0,0.0,0.0,0.0,0.0,0.0,-0.6000000000000001,0.0,0.0,0.0,0.0,16.0,25903.0
2026-07-30T19:03:34.274Z,383.757,383.772,0.0,7.4,0.0,0.0,0.0,0.0,0.0,0.0,0.0,0.0,1.0,0.0,0.0,0.0,9.0,4.0,0.0,0.0,0.0,0.0,0.0,0.0,0.0,0.0,4.0,12.0,1.0,12.17,5.0200000000000005,2.51,1.49,0.0,0.1,0.0,361.3,0.0,0.9,0.6000000000000001,1.0,-169.60000000000002,0.0,0.0,169.70000000000002,0.0,21.200000000000003,28.9,28.9,30.9,300.0,300.0,31.6,35.9,28.8,28.1,29.9,4.96,1.99,4.96,0.16,0.0,0.0,1027.0,8228.0,0.0,0.0,0.0,0.0,0.0,1.0,0.0,0.0,0.0,0.0,0.0,1.5,0.0,-0.7000000000000001,0.0,0.0,16.0,25903.0
2026-07-30T19:03:34.285Z,383.768,383.784,0.0,7.4,0.0,0.0,0.0,0.0,0.0,0.0,0.0,0.0,1.0,0.0,0.0,0.0,9.0,4.0,0.0,0.0,0.0,0.0,0.0,0.0,0.0,0.0,6.0,12.0,1.0,12.17,5.0200000000000005,2.51,1.49,0.0,0.0,0.0,361.4,0.0,0.9,0.1,-0.1,-169.60000000000002,0.0,0.0,169.8,0.0,21.200000000000003,28.9,28.9,30.9,300.0,300.0,31.6,35.9,28.8,28.1,29.9,4.95,1.99,4.96,0.16,0.0,0.0,1027.0,8228.0,0.0,0.0,0.0,0.0,0.0,1.0,0.0,0.0,0.0,0.0,0.0,0.0,0.0,0.1,0.0,0.0,16.0,25903.0
2026-07-30T19:03:34.297Z,383.78,383.796,0.0,7.4,0.0,0.0,0.0,0.0,0.0,0.0,0.0,0.0,1.0,0.0,0.0,0.0,9.0,4.0,0.0,0.0,0.0,0.0,0.0,0.0,0.0,0.0,1.0,12.0,1.0,12.17,5.0200000000000005,2.51,1.49,0.0,0.0,0.0,361.3,0.0,-0.7000000000000001,0.1,-0.7000000000000001,-169.60000000000002,0.0,0.0,169.70000000000002,0.0,21.200000000000003,28.9,28.9,30.9,300.0,300.0,31.6,35.9,28.8,28.1,29.9,4.95,1.99,4.97,0.16,0.0,0.0,1027.0,8228.0,0.0,0.0,0.0,0.0,0.0,1.0,0.0,0.0,0.0,0.0,0.0,-0.4,0.0,0.6000000000000001,0.0,0.0,16.0,25903.0
2026-07-30T19:03:34.310Z,383.793,383.808,0.0,7.4,0.0,0.0,0.0,0.0,0.0,0.0,0.0,0.0,1.0,0.0,0.0,0.0,9.0,4.0,0.0,0.0,0.0,0.0,0.0,0.0,0.0,0.0,2.0,12.0,1.0,12.15,5.01,2.51,1.49,0.0,0.0,0.0,361.4,0.0,0.3,-0.5,1.0,-169.60000000000002,0.0,0.0,169.70000000000002,0.0,21.700000000000003,28.9,28.9,30.9,300.0,300.0,31.4,35.9,28.8,28.0,29.9,4.96,1.99,4.96,0.16,0.0,0.0,1027.0,8228.0,0.0,0.0,0.0,0.0,0.0,1.0,0.0,0.0,0.0,0.0,0.0,0.2,0.0,-1.0,0.0,0.0,16.0,25903.0
2026-07-30T19:03:34.321Z,383.804,383.82,0.0,7.4,0.0,0.0,0.0,0.0,0.0,0.0,0.0,0.0,1.0,0.0,0.0,0.0,9.0,4.0,0.0,0.0,0.0,0.0,0.0,0.0,0.0,0.0,3.0,12.0,1.0,12.15,5.01,2.51,1.49,0.0,0.1,0.0,361.4,0.0,-0.1,0.6000000000000001,-0.6000000000000001,-169.60000000000002,0.0,0.0,169.8,0.0,21.700000000000003,28.9,28.9,30.9,300.0,300.0,31.4,35.9,28.8,28.0,29.9,4.96,1.99,4.97,0.16,0.0,0.0,1027.0,8228.0,0.0,0.0,0.0,0.0,0.0,1.0,0.0,0.0,0.0,0.0,0.0,0.2,0.0,0.7000000000000001,0.0,0.0,16.0,25903.0
2026-07-30T19:03:34.333Z,383.816,383.832,0.0,7.4,0.0,0.0,0.0,0.0,0.0,0.0,0.0,0.0,1.0,0.0,0.0,0.0,9.0,4.0,0.0,0.0,0.0,0.0,0.0,0.0,0.0,0.0,4.0,12.0,1.0,12.15,5.01,2.51,1.49,0.0,0.1,0.0,361.3,0.0,-0.1,-0.5,-1.8,-169.60000000000002,0.0,0.0,169.70000000000002,0.0,21.700000000000003,28.9,28.9,30.9,300.0,300.0,31.4,35.9,28.8,28.0,29.9,4.95,1.99,4.97,0.17,0.0,0.0,1027.0,8228.0,0.0,0.0,0.0,0.0,0.0,1.0,0.0,0.0,0.0,0.0,0.0,-1.9,0.0,1.5,0.0,0.0,16.0,25903.0
2026-07-30T19:03:34.345Z,383.828,383.844,0.0,7.4,0.0,0.0,0.0,0.0,0.0,0.0,0.0,0.0,1.0,0.0,0.0,0.0,9.0,4.0,0.0,0.0,0.0,0.0,0.0,0.0,0.0,0.0,5.0,12.0,1.0,12.15,5.01,2.51,1.49,0.0,0.0,0.0,361.3,0.0,-0.2,-0.4,0.5,-169.60000000000002,0.0,0.0,169.70000000000002,0.0,21.700000000000003,28.9,28.9,30.9,300.0,300.0,31.4,35.9,28.8,28.0,29.9,4.96,1.99,4.96,0.16,0.0,0.0,1027.0,8228.0,0.0,0.0,0.0,0.0,0.0,1.0,0.0,0.0,0.0,0.0,0.0,-0.1,0.0,-0.5,0.0,0.0,16.0,25903.0
2026-07-30T19:03:34.357Z,383.84,383.856,0.0,7.4,0.0,0.0,0.0,0.0,0.0,0.0,0.0,0.0,1.0,0.0,0.0,0.0,9.0,4.0,0.0,0.0,0.0,0.0,0.0,0.0,0.0,0.0,6.0,12.0,1.0,12.15,5.01,2.51,1.49,0.0,0.0,0.0,361.3,0.0,-0.7000000000000001,-1.6,-0.5,-169.60000000000002,0.0,0.0,169.70000000000002,0.0,21.700000000000003,28.9,28.9,30.9,300.0,300.0,31.4,35.9,28.8,28.0,29.9,4.96,2.0,4.96,0.16,0.0,0.0,1027.0,8228.0,0.0,0.0,0.0,0.0,0.0,1.0,0.0,0.0,0.0,0.0,0.0,-2.3000000000000003,0.0,0.1,0.0,0.0,16.0,25903.0
2026-07-30T19:03:34.369Z,383.852,383.868,0.0,7.4,0.0,0.0,0.0,0.0,0.0,0.0,0.0,0.0,1.0,0.0,0.0,0.0,9.0,4.0,0.0,0.0,0.0,0.0,0.0,0.0,0.0,0.0,2.0,12.0,1.0,12.15,5.01,2.51,1.49,0.0,0.0,0.0,361.4,0.0,-0.8,-0.4,1.1,-169.60000000000002,0.0,0.0,169.70000000000002,0.0,21.700000000000003,28.9,28.9,30.9,300.0,300.0,31.4,35.9,28.8,28.0,29.9,4.96,1.99,4.97,0.16,0.0,0.0,1027.0,8228.0,0.0,0.0,0.0,0.0,0.0,1.0,0.0,0.0,0.0,0.0,0.0,0.3,0.0,-1.1,0.0,0.0,16.0,25903.0
2026-07-30T19:03:34.382Z,383.865,383.88,0.0,7.4,0.0,0.0,0.0,0.0,0.0,0.0,0.0,0.0,1.0,0.0,0.0,0.0,9.0,4.0,0.0,0.0,0.0,0.0,0.0,0.0,0.0,0.0,3.0,12.0,1.0,12.15,5.01,2.51,1.49,0.0,0.0,0.0,361.4,0.0,-0.7000000000000001,0.1,0.0,-169.70000000000002,0.0,0.0,169.70000000000002,0.0,21.700000000000003,28.9,28.9,30.9,300.0,300.0,31.4,35.9,28.8,28.0,29.9,4.95,1.99,4.97,0.16,0.0,0.0,1027.0,8228.0,0.0,0.0,0.0,0.0,0.0,1.0,0.0,0.0,0.0,0.0,0.0,0.1,0.0,0.0,0.0,0.0,16.0,25903.0
2026-07-30T19:03:34.393Z,383.876,383.892,0.0,7.4,0.0,0.0,0.0,0.0,0.0,0.0,0.0,0.0,1.0,0.0,0.0,0.0,9.0,4.0,0.0,0.0,0.0,0.0,0.0,0.0,0.0,0.0,4.0,12.0,1.0,12.15,5.01,2.51,1.49,0.0,0.0,0.0,361.3,0.0,-0.1,-1.0,-0.5,-169.60000000000002,0.0,0.0,169.60000000000002,0.0,21.700000000000003,28.9,28.9,30.9,300.0,300.0,31.4,35.9,28.8,28.0,29.9,4.96,1.99,4.96,0.16,0.0,0.0,1027.0,8228.0,0.0,0.0,0.0,0.0,0.0,1.0,0.0,0.0,0.0,0.0,0.0,-1.5,0.0,0.2,0.0,0.0,16.0,25903.0
2026-07-30T19:03:34.405Z,383.888,383.904,0.0,7.4,0.0,0.0,0.0,0.0,0.0,0.0,0.0,0.0,1.0,0.0,0.0,0.0,9.0,4.0,0.0,0.0,0.0,0.0,0.0,0.0,0.0,0.0,5.0,12.0,1.0,12.15,5.01,2.51,1.49,0.0,0.0,0.0,361.3,0.0,0.3,0.1,0.0,-169.60000000000002,0.0,0.0,169.70000000000002,0.0,21.700000000000003,28.9,28.9,30.9,300.0,300.0,31.4,35.9,28.8,28.0,29.9,4.95,1.99,4.97,0.16,0.0,0.0,1027.0,8228.0,0.0,0.0,0.0,0.0,0.0,1.0,0.0,0.0,0.0,0.0,0.0,0.1,0.0,0.0,0.0,0.0,16.0,25903.0
2026-07-30T19:03:34.417Z,383.9,383.916,0.0,7.4,0.0,0.0,0.0,0.0,0.0,0.0,0.0,0.0,1.0,0.0,0.0,0.0,9.0,4.0,0.0,0.0,0.0,0.0,0.0,0.0,0.0,0.0,6.0,12.0,1.0,12.18,5.0200000000000005,2.5,1.49,0.0,0.0,0.0,361.3,0.0,-0.2,-0.4,-1.1,-169.60000000000002,0.0,0.0,169.70000000000002,0.0,21.700000000000003,28.9,28.9,30.9,300.0,300.0,31.6,35.800000000000004,28.8,28.0,29.9,4.95,1.99,4.97,0.17,0.0,0.0,1027.0,8228.0,0.0,0.0,0.0,0.0,0.0,1.0,0.0,0.0,0.0,0.0,0.0,0.5,0.0,1.3,0.0,0.0,16.0,25903.0
2026-07-30T19:03:34.429Z,383.912,383.928,0.0,7.4,0.0,0.0,0.0,0.0,0.0,0.0,0.0,0.0,1.0,0.0,0.0,0.0,9.0,4.0,0.0,0.0,0.0,0.0,0.0,0.0,0.0,0.0,1.0,12.0,1.0,12.18,5.0200000000000005,2.5,1.49,0.0,0.0,0.0,361.3,0.0,-0.8,-0.4,-0.6000000000000001,-169.60000000000002,0.0,0.0,169.70000000000002,0.0,21.700000000000003,28.9,28.9,30.9,300.0,300.0,31.6,35.800000000000004,28.8,28.0,29.9,4.96,1.99,4.97,0.16,0.0,0.0,1027.0,8228.0,0.0,0.0,0.0,0.0,0.0,1.0,0.0,0.0,0.0,0.0,0.0,2.2,0.0,-0.6000000000000001,0.0,0.0,16.0,25903.0
2026-07-30T19:03:34.441Z,383.924,383.94,0.0,7.4,0.0,0.0,0.0,0.0,0.0,0.0,0.0,0.0,1.0,0.0,0.0,0.0,9.0,4.0,0.0,0.0,0.0,0.0,0.0,0.0,0.0,0.0,2.0,12.0,1.0,12.18,5.0200000000000005,2.5,1.49,0.0,0.0,0.0,361.4,0.0,-0.2,-0.4,-0.1,-169.60000000000002,0.0,0.0,169.60000000000002,0.0,21.700000000000003,28.9,28.9,30.9,300.0,300.0,31.6,35.800000000000004,28.8,28.0,29.9,4.96,1.99,4.96,0.16,0.0,0.0,1027.0,8228.0,0.0,0.0,0.0,0.0,0.0,1.0,0.0,0.0,0.0,0.0,0.0,1.1,0.0,-0.2,0.0,0.0,16.0,25903.0
2026-07-30T19:03:34.453Z,383.936,383.952,0.0,7.4,0.0,0.0,0.0,0.0,0.0,0.0,0.0,0.0,1.0,0.0,0.0,0.0,9.0,4.0,0.0,0.0,0.0,0.0,0.0,0.0,0.0,0.0,3.0,12.0,1.0,12.18,5.0200000000000005,2.5,1.49,0.0,0.0,0.0,361.3,0.0,-0.2,-0.5,-0.1,-169.60000000000002,0.0,0.0,169.60000000000002,0.0,21.700000000000003,28.9,28.9,30.9,300.0,300.0,31.6,35.800000000000004,28.8,28.0,29.9,4.95,1.99,4.97,0.16,0.0,0.0,1027.0,8228.0,0.0,0.0,0.0,0.0,0.0,1.0,0.0,0.0,0.0,0.0,0.0,-0.6000000000000001,0.0,0.0,0.0,0.0,16.0,25903.0
2026-07-30T19:03:34.465Z,383.948,383.964,0.0,7.4,0.0,0.0,0.0,0.0,0.0,0.0,0.0,0.0,1.0,0.0,0.0,0.0,9.0,4.0,0.0,0.0,0.0,0.0,0.0,0.0,0.0,0.0,4.0,12.0,1.0,12.18,5.0200000000000005,2.5,1.49,0.0,0.0,0.0,361.4,0.0,0.2,0.0,-0.1,-169.60000000000002,0.0,0.0,169.60000000000002,0.0,21.700000000000003,28.9,28.9,30.9,300.0,300.0,31.6,35.800000000000004,28.8,28.0,29.9,4.95,1.99,4.96,0.16,0.0,0.0,1027.0,8228.0,0.0,0.0,0.0,0.0,0.0,1.0,0.0,0.0,0.0,0.0,0.0,0.0,0.0,0.1,0.0,0.0,16.0,25903.0
2026-07-30T19:03:34.477Z,383.96,383.976,0.0,7.4,0.0,0.0,0.0,0.0,0.0,0.0,0.0,0.0,1.0,0.0,0.0,0.0,9.0,4.0,0.0,0.0,0.0,0.0,0.0,0.0,0.0,0.0,6.0,12.0,1.0,12.18,5.0200000000000005,2.5,1.49,0.0,0.0,0.0,361.4,0.0,0.2,0.6000000000000001,-0.7000000000000001,-169.60000000000002,0.0,0.0,169.70000000000002,0.0,21.700000000000003,28.9,28.9,30.9,300.0,300.0,31.6,35.800000000000004,28.8,28.0,29.9,4.96,1.99,4.96,0.16,0.0,0.0,1027.0,8228.0,0.0,0.0,0.0,0.0,0.0,1.0,0.0,0.0,0.0,0.0,0.0,0.0,0.0,0.1,0.0,0.0,16.0,25903.0
2026-07-30T19:03:34.489Z,383.972,383.988,0.0,7.4,0.0,0.0,0.0,0.0,0.0,0.0,0.0,0.0,1.0,0.0,0.0,0.0,9.0,4.0,0.0,0.0,0.0,0.0,0.0,0.0,0.0,0.0,2.0,12.0,1.0,12.18,5.0200000000000005,2.5,1.49,0.0,0.1,0.0,361.4,0.0,0.2,-0.5,0.0,-169.60000000000002,0.0,0.0,169.70000000000002,0.0,21.700000000000003,28.9,28.9,30.9,300.0,300.0,31.6,35.800000000000004,28.8,28.0,29.9,4.95,1.99,4.97,0.16,0.0,0.0,1027.0,8228.0,0.0,0.0,0.0,0.0,0.0,1.0,0.0,0.0,0.0,0.0,0.0,-0.6000000000000001,0.0,0.0,0.0,0.0,16.0,25903.0
2026-07-30T19:03:34.501Z,383.984,384.0,0.0,7.4,0.0,0.0,0.0,0.0,0.0,0.0,0.0,0.0,1.0,0.0,0.0,0.0,9.0,4.0,0.0,0.0,0.0,0.0,0.0,0.0,0.0,0.0,3.0,12.0,1.0,12.18,5.0200000000000005,2.5,1.49,0.0,0.0,0.0,361.3,0.0,-0.9,-0.5,1.6,-169.60000000000002,0.0,0.0,169.60000000000002,0.0,21.700000000000003,28.9,28.9,30.9,300.0,300.0,31.6,35.800000000000004,28.8,28.0,29.9,4.96,1.99,4.96,0.16,0.0,0.0,1027.0,8228.0,0.0,0.0,0.0,0.0,0.0,1.0,0.0,0.0,0.0,0.0,0.0,0.6000000000000001,0.0,-1.5,0.0,0.0,16.0,25903.0
2026-07-30T19:03:34.514Z,383.997,384.012,0.0,7.4,0.0,0.0,0.0,0.0,0.0,0.0,0.0,0.0,1.0,0.0,0.0,0.0,9.0,4.0,0.0,0.0,0.0,0.0,0.0,0.0,0.0,0.0,5.0,12.0,1.0,12.15,5.01,2.51,1.49,0.0,0.0,0.0,361.4,0.0,-0.3,0.0,-0.6000000000000001,-169.60000000000002,0.0,0.0,169.60000000000002,0.0,21.8,28.9,28.9,30.9,300.0,300.0,31.6,35.9,28.9,28.0,29.9,4.96,2.0,4.96,0.16,0.0,0.0,1027.0,8228.0,0.0,0.0,0.0,0.0,0.0,1.0,0.0,0.0,0.0,0.0,0.0,-0.4,0.0,0.6000000000000001,0.0,0.0,16.0,25903.0
2026-07-30T19:03:34.525Z,384.008,384.024,0.0,7.4,0.0,0.0,0.0,0.0,0.0,0.0,0.0,0.0,1.0,0.0,0.0,0.0,9.0,4.0,0.0,0.0,0.0,0.0,0.0,0.0,0.0,0.0,6.0,12.0,1.0,12.15,5.01,2.51,1.49,0.0,0.1,0.0,361.3,0.0,0.2,0.0,0.0,-169.60000000000002,0.0,0.0,169.60000000000002,0.0,21.8,28.9,28.9,30.9,300.0,300.0,31.6,35.9,28.9,28.0,29.9,4.95,1.99,4.96,0.16,0.0,0.0,1027.0,8228.0,0.0,0.0,0.0,0.0,0.0,1.0,0.0,0.0,0.0,0.0,0.0,0.0,0.0,0.0,0.0,0.0,16.0,25903.0
2026-07-30T19:03:34.537Z,384.02,384.036,0.0,7.4,0.0,0.0,0.0,0.0,0.0,0.0,0.0,0.0,1.0,0.0,0.0,0.0,9.0,4.0,0.0,0.0,0.0,0.0,0.0,0.0,0.0,0.0,1.0,12.0,1.0,12.15,5.01,2.51,1.49,0.0,0.1,0.0,361.4,0.0,0.8,0.1,1.7000000000000002,-169.60000000000002,0.0,0.0,169.70000000000002,0.0,21.8,28.9,28.9,30.9,300.0,300.0,31.6,35.9,28.9,28.0,29.9,4.95,1.99,4.97,0.16,0.0,0.0,1027.0,8228.0,0.0,0.0,0.0,0.0,0.0,1.0,0.0,0.0,0.0,0.0,0.0,1.4,0.0,-1.5,0.0,0.0,16.0,25903.0
2026-07-30T19:03:34.549Z,384.032,384.048,0.0,7.4,0.0,0.0,0.0,0.0,0.0,0.0,0.0,0.0,1.0,0.0,0.0,0.0,9.0,4.0,0.0,0.0,0.0,0.0,0.0,0.0,0.0,0.0,2.0,12.0,1.0,12.15,5.01,2.51,1.49,0.0,0.1,0.0,361.3,0.0,-0.2,-0.4,0.0,-169.60000000000002,0.0,0.0,169.8,0.0,21.8,28.9,28.9,30.9,300.0,300.0,31.6,35.9,28.9,28.0,29.9,4.96,1.99,4.96,0.16,0.0,0.0,1027.0,8228.0,0.0,0.0,0.0,0.0,0.0,1.0,0.0,0.0,0.0,0.0,0.0,-1.1,0.0,-0.2,0.0,0.0,16.0,25903.0
2026-07-30T19:03:34.561Z,384.044,384.06,0.0,7.4,0.0,0.0,0.0,0.0,0.0,0.0,0.0,0.0,1.0,0.0,0.0,0.0,9.0,4.0,0.0,0.0,0.0,0.0,0.0,0.0,0.0,0.0,3.0,12.0,1.0,12.15,5.01,2.51,1.49,0.0,0.0,0.0,361.3,0.0,-0.2,0.1,0.5,-169.60000000000002,0.0,0.0,169.60000000000002,0.0,21.8,28.9,28.9,30.9,300.0,300.0,31.6,35.9,28.9,28.0,29.9,4.96,1.99,4.96,0.16,0.0,0.0,1027.0,8228.0,0.0,0.0,0.0,0.0,0.0,1.0,0.0,0.0,0.0,0.0,0.0,0.6000000000000001,0.0,-0.4,0.0,0.0,16.0,25903.0
2026-07-30T19:03:34.573Z,384.056,384.072,0.0,7.4,0.0,0.0,0.0,0.0,0.0,0.0,0.0,0.0,1.0,0.0,0.0,0.0,9.0,4.0,0.0,0.0,0.0,0.0,0.0,0.0,0.0,0.0,4.0,12.0,1.0,12.15,5.01,2.51,1.49,0.0,0.0,0.0,361.3,0.0,0.3,1.3,-1.7000000000000002,-169.60000000000002,0.0,0.0,169.60000000000002,0.0,21.8,28.9,28.9,30.9,300.0,300.0,31.6,35.9,28.9,28.0,29.9,4.95,1.99,4.96,0.16,0.0,0.0,1027.0,8228.0,0.0,0.0,0.0,0.0,0.0,1.0,0.0,0.0,0.0,0.0,0.0,0.2,0.0,1.8,0.0,0.0,16.0,25903.0
2026-07-30T19:03:34.585Z,384.068,384.084,0.0,7.4,0.0,0.0,0.0,0.0,0.0,0.0,0.0,0.0,1.0,0.0,0.0,0.0,9.0,4.0,0.0,0.0,0.0,0.0,0.0,0.0,0.0,0.0,5.0,12.0,1.0,12.15,5.01,2.51,1.49,0.0,0.0,0.0,361.4,0.0,-0.8,-0.9,-0.5,-169.60000000000002,0.0,0.0,169.70000000000002,0.0,21.8,28.9,28.9,30.9,300.0,300.0,31.6,35.9,28.9,28.0,29.9,4.96,1.99,4.96,0.16,0.0,0.0,1027.0,8228.0,0.0,0.0,0.0,0.0,0.0,1.0,0.0,0.0,0.0,0.0,0.0,-1.5,0.0,0.2,0.0,0.0,16.0,25903.0
2026-07-30T19:03:34.597Z,384.08,384.096,0.0,7.4,0.0,0.0,0.0,0.0,0.0,0.0,0.0,0.0,1.0,0.0,0.0,0.0,9.0,4.0,0.0,0.0,0.0,0.0,0.0,0.0,0.0,0.0,1.0,12.0,1.0,12.15,5.01,2.51,1.49,0.0,0.0,0.0,361.3,0.0,-0.8,0.1,0.0,-169.60000000000002,0.0,0.0,169.8,0.0,21.8,28.9,28.9,30.9,300.0,300.0,31.6,35.9,28.9,28.0,29.9,4.95,1.99,4.96,0.16,0.0,0.0,1027.0,8228.0,0.0,0.0,0.0,0.0,0.0,1.0,0.0,0.0,0.0,0.0,0.0,1.0,0.0,-1.0,0.0,0.0,16.0,25903.0
2026-07-30T19:03:34.609Z,384.092,384.108,0.0,7.4,0.0,0.0,0.0,0.0,0.0,0.0,0.0,0.0,1.0,0.0,0.0,0.0,9.0,4.0,0.0,0.0,0.0,0.0,0.0,0.0,0.0,0.0,2.0,12.0,1.0,12.15,5.01,2.51,1.49,0.0,0.0,0.0,361.3,0.0,-0.2,0.7000000000000001,-0.5,-169.60000000000002,0.0,0.0,169.70000000000002,0.0,21.8,28.9,28.9,30.9,300.0,300.0,31.6,35.9,28.9,28.0,29.9,4.95,1.99,4.97,0.16,0.0,0.0,1027.0,8228.0,0.0,0.0,0.0,0.0,0.0,1.0,0.0,0.0,0.0,0.0,0.0,0.3,0.0,0.6000000000000001,0.0,0.0,16.0,25903.0
2026-07-30T19:03:34.621Z,384.104,384.12,0.0,7.4,0.0,0.0,0.0,0.0,0.0,0.0,0.0,0.0,1.0,0.0,0.0,0.0,9.0,4.0,0.0,0.0,0.0,0.0,0.0,0.0,0.0,0.0,4.0,12.0,1.0,12.17,5.0200000000000005,2.51,1.49,0.0,0.0,0.0,361.3,0.0,-0.2,0.1,-0.5,-169.60000000000002,0.0,0.0,169.70000000000002,0.0,21.3,28.9,28.9,30.9,300.0,300.0,31.6,35.9,28.9,28.0,29.9,4.95,1.99,4.97,0.16,0.0,0.0,1027.0,8228.0,0.0,0.0,0.0,0.0,0.0,1.0,0.0,0.0,0.0,0.0,0.0,2.3000000000000003,0.0,-0.7000000000000001,0.0,0.0,16.0,25903.0
2026-07-30T19:03:34.633Z,384.116,384.132,0.0,7.4,0.0,0.0,0.0,0.0,0.0,0.0,0.0,0.0,1.0,0.0,0.0,0.0,9.0,4.0,0.0,0.0,0.0,0.0,0.0,0.0,0.0,0.0,4.0,12.0,1.0,12.17,5.0200000000000005,2.51,1.49,0.0,0.0,0.0,361.3,0.0,0.9,1.2000000000000002,0.0,-169.60000000000002,0.0,0.0,169.70000000000002,0.0,21.3,28.9,28.9,30.9,300.0,300.0,31.6,35.9,28.9,28.0,29.9,4.96,1.99,4.96,0.16,0.0,0.0,1027.0,8228.0,0.0,0.0,0.0,0.0,0.0,1.0,0.0,0.0,0.0,0.0,0.0,1.4,0.0,0.2,0.0,0.0,16.0,25903.0
2026-07-30T19:03:34.645Z,384.128,384.144,0.0,7.4,0.0,0.0,0.0,0.0,0.0,0.0,0.0,0.0,1.0,0.0,0.0,0.0,9.0,4.0,0.0,0.0,0.0,0.0,0.0,0.0,0.0,0.0,6.0,12.0,1.0,12.17,5.0200000000000005,2.51,1.49,0.0,0.0,0.0,361.3,0.0,0.3,-1.0,0.6000000000000001,-169.60000000000002,0.0,0.0,169.70000000000002,0.0,21.3,28.9,28.9,30.9,300.0,300.0,31.6,35.9,28.9,28.0,29.9,4.95,1.99,4.97,0.16,0.0,0.0,1027.0,8228.0,0.0,0.0,0.0,0.0,0.0,1.0,0.0,0.0,0.0,0.0,0.0,-0.7000000000000001,0.0,-0.7000000000000001,0.0,0.0,16.0,25903.0
2026-07-30T19:03:34.657Z,384.14,384.156,0.0,7.4,0.0,0.0,0.0,0.0,0.0,0.0,0.0,0.0,1.0,0.0,0.0,0.0,9.0,4.0,0.0,0.0,0.0,0.0,0.0,0.0,0.0,0.0,1.0,12.0,1.0,12.17,5.0200000000000005,2.51,1.49,0.0,0.0,0.0,361.3,0.0,0.4,1.2000000000000002,0.0,-169.60000000000002,0.0,0.0,169.70000000000002,0.0,21.3,28.9,28.9,30.9,300.0,300.0,31.6,35.9,28.9,28.0,29.9,4.95,1.99,4.96,0.16,0.0,0.0,1027.0,8228.0,0.0,0.0,0.0,0.0,0.0,1.0,0.0,0.0,0.0,0.0,0.0,1.4,0.0,0.2,0.0,0.0,16.0,25903.0
2026-07-30T19:03:34.669Z,384.152,384.168,0.0,7.4,0.0,0.0,0.0,0.0,0.0,0.0,0.0,0.0,1.0,0.0,0.0,0.0,9.0,4.0,0.0,0.0,0.0,0.0,0.0,0.0,0.0,0.0,3.0,12.0,1.0,12.17,5.0200000000000005,2.51,1.49,0.0,0.0,0.0,361.3,0.0,-0.2,0.1,0.5,-169.60000000000002,0.0,0.0,169.70000000000002,0.0,21.3,28.9,28.9,30.9,300.0,300.0,31.6,35.9,28.9,28.0,29.9,4.96,1.99,4.96,0.16,0.0,0.0,1027.0,8228.0,0.0,0.0,0.0,0.0,0.0,1.0,0.0,0.0,0.0,0.0,0.0,0.5,0.0,-0.4,0.0,0.0,16.0,25903.0
2026-07-30T19:03:34.681Z,384.164,384.18,0.0,7.4,0.0,0.0,0.0,0.0,0.0,0.0,0.0,0.0,1.0,0.0,0.0,0.0,9.0,4.0,0.0,0.0,0.0,0.0,0.0,0.0,0.0,0.0,4.0,12.0,1.0,12.17,5.0200000000000005,2.51,1.49,0.0,0.0,0.0,361.3,0.0,-0.8,-0.4,0.5,-169.60000000000002,0.0,0.0,169.60000000000002,0.0,21.3,28.9,28.9,30.9,300.0,300.0,31.6,35.9,28.9,28.0,29.9,4.95,1.99,4.96,0.16,0.0,0.0,1027.0,8228.0,0.0,0.0,0.0,0.0,0.0,1.0,0.0,0.0,0.0,0.0,0.0,-0.1,0.0,-0.5,0.0,0.0,16.0,25903.0
2026-07-30T19:03:34.693Z,384.176,384.192,0.0,7.4,0.0,0.0,0.0,0.0,0.0,0.0,0.0,0.0,1.0,0.0,0.0,0.0,9.0,4.0,0.0,0.0,0.0,0.0,0.0,0.0,0.0,0.0,6.0,12.0,1.0,12.17,5.0200000000000005,2.51,1.49,0.0,0.1,0.0,361.3,0.0,-0.2,0.0,-0.6000000000000001,-169.60000000000002,0.0,0.0,169.70000000000002,0.0,21.3,28.9,28.9,30.9,300.0,300.0,31.6,35.9,28.9,28.0,29.9,4.95,1.99,4.97,0.16,0.0,0.0,1027.0,8228.0,0.0,0.0,0.0,0.0,0.0,1.0,0.0,0.0,0.0,0.0,0.0,-0.4,0.0,0.6000000000000001,0.0,0.0,16.0,25903.0
2026-07-30T19:03:34.705Z,384.188,384.204,0.0,7.4,0.0,0.0,0.0,0.0,0.0,0.0,0.0,0.0,1.0,0.0,0.0,0.0,9.0,4.0,0.0,0.0,0.0,0.0,0.0,0.0,0.0,0.0,1.0,12.0,1.0,12.17,5.0200000000000005,2.51,1.49,0.0,0.1,0.0,361.3,0.0,0.3,-0.5,0.4,-169.60000000000002,0.0,0.0,169.70000000000002,0.0,21.3,28.9,28.9,30.9,300.0,300.0,31.6,35.9,28.9,28.0,29.9,4.95,2.0,4.96,0.16,0.0,0.0,1027.0,8228.0,0.0,0.0,0.0,0.0,0.0,1.0,0.0,0.0,0.0,0.0,0.0,-0.2,0.0,-0.5,0.0,0.0,16.0,25903.0
2026-07-30T19:03:34.718Z,384.201,384.216,0.0,7.4,0.0,0.0,0.0,0.0,0.0,0.0,0.0,0.0,1.0,0.0,0.0,0.0,9.0,4.0,0.0,0.0,0.0,0.0,0.0,0.0,0.0,0.0,3.0,12.0,1.0,12.15,5.01,2.51,1.49,0.0,0.0,0.0,361.4,0.0,-0.8,0.1,0.0,-169.60000000000002,0.0,0.0,169.60000000000002,0.0,21.3,28.9,28.9,30.9,300.0,300.0,31.6,35.9,28.9,28.0,29.9,4.96,1.99,4.96,0.16,0.0,0.0,1027.0,8228.0,0.0,0.0,0.0,0.0,0.0,1.0,0.0,0.0,0.0,0.0,0.0,0.1,0.0,0.0,0.0,0.0,16.0,25903.0
2026-07-30T19:03:34.729Z,384.212,384.228,0.0,7.4,0.0,0.0,0.0,0.0,0.0,0.0,0.0,0.0,1.0,0.0,0.0,0.0,9.0,4.0,0.0,0.0,0.0,0.0,0.0,0.0,0.0,0.0,4.0,12.0,1.0,12.15,5.01,2.51,1.49,0.0,0.0,0.0,361.3,0.0,0.3,-0.4,0.5,-169.60000000000002,0.0,0.0,169.60000000000002,0.0,21.3,28.9,28.9,30.9,300.0,300.0,31.6,35.9,28.9,28.0,29.9,4.95,1.99,4.97,0.16,0.0,0.0,1027.0,8228.0,0.0,0.0,0.0,0.0,0.0,1.0,0.0,0.0,0.0,0.0,0.0,0.0,0.0,-0.5,0.0,0.0,16.0,25903.0
2026-07-30T19:03:34.741Z,384.224,384.24,0.0,7.4,0.0,0.0,0.0,0.0,0.0,0.0,0.0,0.0,1.0,0.0,0.0,0.0,9.0,4.0,0.0,0.0,0.0,0.0,0.0,0.0,0.0,0.0,5.0,12.0,1.0,12.15,5.01,2.51,1.49,0.0,0.0,0.0,361.4,0.0,-0.8,-0.9,-0.6000000000000001,-169.60000000000002,0.0,0.0,169.70000000000002,0.0,21.3,28.9,28.9,30.9,300.0,300.0,31.6,35.9,28.9,28.0,29.9,4.96,1.98,4.96,0.16,0.0,0.0,1027.0,8228.0,0.0,0.0,0.0,0.0,0.0,1.0,0.0,0.0,0.0,0.0,0.0,-1.6,0.0,0.3,0.0,0.0,16.0,25903.0
2026-07-30T19:03:34.753Z,384.236,384.252,0.0,7.4,0.0,0.0,0.0,0.0,0.0,0.0,0.0,0.0,1.0,0.0,0.0,0.0,9.0,4.0,0.0,0.0,0.0,0.0,0.0,0.0,0.0,0.0,1.0,12.0,1.0,12.15,5.01,2.51,1.49,0.0,0.1,0.0,361.4,0.0,-0.2,0.1,-0.1,-169.60000000000002,0.0,0.0,169.60000000000002,0.0,21.3,28.9,28.9,30.9,300.0,300.0,31.6,35.9,28.9,28.0,29.9,4.96,1.99,4.96,0.16,0.0,0.0,1027.0,8228.0,0.0,0.0,0.0,0.0,0.0,1.0,0.0,0.0,0.0,0.0,0.0,0.0,0.0,0.1,0.0,0.0,16.0,25903.0
2026-07-30T19:03:34.766Z,384.249,384.264,0.0,7.4,0.0,0.0,0.0,0.0,0.0,0.0,0.0,0.0,1.0,0.0,0.0,0.0,9.0,4.0,0.0,0.0,0.0,0.0,0.0,0.0,0.0,0.0,2.0,12.0,1.0,12.15,5.01,2.51,1.49,0.0,0.0,0.0,361.4,0.0,0.3,-1.0,-0.6000000000000001,-169.60000000000002,0.0,0.0,169.60000000000002,0.0,21.3,28.9,28.9,30.9,300.0,300.0,31.6,35.9,28.9,28.0,29.9,4.95,1.99,4.96,0.16,0.0,0.0,1027.0,8228.0,0.0,0.0,0.0,0.0,0.0,1.0,0.0,0.0,0.0,0.0,0.0,-1.6,0.0,0.3,0.0,0.0,16.0,25903.0
2026-07-30T19:03:34.777Z,384.26,384.276,0.0,7.4,0.0,0.0,0.0,0.0,0.0,0.0,0.0,0.0,1.0,0.0,0.0,0.0,9.0,4.0,0.0,0.0,0.0,0.0,0.0,0.0,0.0,0.0,3.0,12.0,1.0,12.15,5.01,2.51,1.49,0.0,0.0,0.0,361.3,0.0,0.3,0.7000000000000001,-0.1,-169.60000000000002,0.0,0.0,169.70000000000002,0.0,21.3,28.9,28.9,30.9,300.0,300.0,31.6,35.9,28.9,28.0,29.9,4.95,1.99,4.97,0.16,0.0,0.0,1027.0,8228.0,0.0,0.0,0.0,0.0,0.0,1.0,0.0,0.0,0.0,0.0,0.0,0.7000000000000001,0.0,0.2,0.0,0.0,16.0,25903.0
2026-07-30T19:03:34.789Z,384.272,384.288,0.0,7.4,0.0,0.0,0.0,0.0,0.0,0.0,0.0,0.0,1.0,0.0,0.0,0.0,9.0,4.0,0.0,0.0,0.0,0.0,0.0,0.0,0.0,0.0,4.0,12.0,1.0,12.15,5.01,2.51,1.49,0.0,0.0,0.0,361.4,0.0,-0.2,0.6000000000000001,-0.1,-169.60000000000002,0.0,0.0,169.70000000000002,0.0,21.3,28.9,28.9,30.9,300.0,300.0,31.6,35.9,28.9,28.0,29.9,4.96,2.0,4.96,0.16,0.0,0.0,1027.0,8228.0,0.0,0.0,0.0,0.0,0.0,1.0,0.0,0.0,0.0,0.0,0.0,0.7000000000000001,0.0,0.2,0.0,0.0,16.0,25903.0
2026-07-30T19:03:34.801Z,384.284,384.3,0.0,7.4,0.0,0.0,0.0,0.0,0.0,0.0,0.0,0.0,1.0,0.0,0.0,0.0,9.0,4.0,0.0,0.0,0.0,0.0,0.0,0.0,0.0,0.0,5.0,12.0,1.0,12.15,5.01,2.51,1.49,0.0,0.0,0.0,361.3,0.0,-0.8,0.1,1.0,-169.60000000000002,0.0,0.0,169.70000000000002,0.0,21.3,28.9,28.9,30.9,300.0,300.0,31.6,35.9,28.9,28.0,29.9,4.96,1.99,4.97,0.16,0.0,0.0,1027.0,8228.0,0.0,0.0,0.0,0.0,0.0,1.0,0.0,0.0,0.0,0.0,0.0,0.8,0.0,-0.8,0.0,0.0,16.0,25903.0
2026-07-30T19:03:34.813Z,384.296,384.312,0.0,7.4,0.0,0.0,0.0,0.0,0.0,0.0,0.0,0.0,1.0,0.0,0.0,0.0,9.0,4.0,0.0,0.0,0.0,0.0,0.0,0.0,0.0,0.0,6.0,12.0,1.0,12.15,5.01,2.51,1.49,0.0,0.0,0.0,361.4,0.0,-0.2,0.1,0.4,-169.60000000000002,0.0,0.0,169.70000000000002,0.0,21.3,28.9,28.9,30.9,300.0,300.0,31.6,35.9,28.9,28.0,29.9,4.95,1.99,4.97,0.16,0.0,0.0,1027.0,8228.0,0.0,0.0,0.0,0.0,0.0,1.0,0.0,0.0,0.0,0.0,0.0,0.4,0.0,-0.3,0.0,0.0,16.0,25903.0
2026-07-30T19:03:34.826Z,384.309,384.324,0.0,7.4,0.0,0.0,0.0,0.0,0.0,0.0,0.0,0.0,1.0,0.0,0.0,0.0,9.0,4.0,0.0,0.0,0.0,0.0,0.0,0.0,0.0,0.0,2.0,12.0,1.0,12.17,5.01,2.5,1.49,0.0,0.0,0.0,361.4,0.0,0.3,-0.4,0.3,-169.60000000000002,0.0,0.0,169.70000000000002,0.0,21.700000000000003,28.9,28.9,30.9,300.0,300.0,31.700000000000003,35.800000000000004,28.9,28.1,29.9,4.96,1.99,4.96,0.16,0.0,0.0,1027.0,8228.0,0.0,0.0,0.0,0.0,0.0,1.0,0.0,0.0,0.0,0.0,0.0,-0.2,0.0,-0.4,0.0,0.0,16.0,25903.0
2026-07-30T19:03:34.837Z,384.32,384.336,0.0,7.4,0.0,0.0,0.0,0.0,0.0,0.0,0.0,0.0,1.0,0.0,0.0,0.0,9.0,4.0,0.0,0.0,0.0,0.0,0.0,0.0,0.0,0.0,3.0,12.0,1.0,12.17,5.01,2.5,1.49,0.0,0.0,0.0,361.3,0.0,0.3,-0.4,2.1,-169.60000000000002,0.0,0.0,169.60000000000002,0.0,21.700000000000003,28.9,28.9,30.9,300.0,300.0,31.700000000000003,35.800000000000004,28.9,28.1,29.9,4.96,2.0,4.97,0.16,0.0,0.0,1027.0,8228.0,0.0,0.0,0.0,0.0,0.0,1.0,0.0,0.0,0.0,0.0,0.0,1.1,0.0,-2.0,0.0,0.0,16.0,25903.0
2026-07-30T19:03:34.849Z,384.332,384.348,0.0,7.4,0.0,0.0,0.0,0.0,0.0,0.0,0.0,0.0,1.0,0.0,0.0,0.0,9.0,4.0,0.0,0.0,0.0,0.0,0.0,0.0,0.0,0.0,4.0,12.0,1.0,12.17,5.01,2.5,1.49,0.0,0.0,0.0,361.3,0.0,0.3,2.5,-0.1,-169.60000000000002,0.0,0.0,169.60000000000002,0.0,21.700000000000003,28.9,28.9,30.9,300.0,300.0,31.700000000000003,35.800000000000004,28.9,28.1,29.9,4.96,1.99,4.97,0.16,0.0,0.0,1027.0,8228.0,0.0,0.0,0.0,0.0,0.0,1.0,0.0,0.0,0.0,0.0,0.0,2.7,0.0,0.6000000000000001,0.0,0.0,16.0,25903.0
2026-07-30T19:03:34.861Z,384.344,384.36,0.0,7.4,0.0,0.0,0.0,0.0,0.0,0.0,0.0,0.0,1.0,0.0,0.0,0.0,9.0,4.0,0.0,0.0,0.0,0.0,0.0,0.0,0.0,0.0,6.0,12.0,1.0,12.17,5.01,2.5,1.49,0.0,0.0,0.0,361.4,0.0,-0.2,-0.4,-0.1,-169.60000000000002,0.0,0.0,169.60000000000002,0.0,21.700000000000003,28.9,28.9,30.9,300.0,300.0,31.700000000000003,35.800000000000004,28.9,28.1,29.9,4.94,1.99,4.97,0.16,0.0,0.0,1027.0,8228.0,0.0,0.0,0.0,0.0,0.0,1.0,0.0,0.0,0.0,0.0,0.0,-0.5,0.0,0.0,0.0,0.0,16.0,25903.0
2026-07-30T19:03:34.873Z,384.356,384.372,0.0,7.4,0.0,0.0,0.0,0.0,0.0,0.0,0.0,0.0,1.0,0.0,0.0,0.0,9.0,4.0,0.0,0.0,0.0,0.0,0.0,0.0,0.0,0.0,1.0,12.0,1.0,12.17,5.01,2.5,1.49,0.0,0.0,0.0,361.4,0.0,-0.2,-0.4,-1.2000000000000002,-169.60000000000002,0.0,0.0,169.60000000000002,0.0,21.700000000000003,28.9,28.9,30.9,300.0,300.0,31.700000000000003,35.800000000000004,28.9,28.1,29.9,4.96,1.99,4.96,0.15,0.0,0.0,1027.0,8228.0,0.0,0.0,0.0,0.0,0.0,1.0,0.0,0.0,0.0,0.0,0.0,-1.4,0.0,1.0,0.0,0.0,16.0,25903.0
2026-07-30T19:03:34.885Z,384.368,384.384,0.0,7.4,0.0,0.0,0.0,0.0,0.0,0.0,0.0,0.0,1.0,0.0,0.0,0.0,9.0,4.0,0.0,0.0,0.0,0.0,0.0,0.0,0.0,0.0,2.0,12.0,1.0,12.17,5.01,2.5,1.49,0.0,0.0,0.0,361.3,0.0,-0.2,-1.6,-0.1,-169.60000000000002,0.0,0.0,169.70000000000002,0.0,21.700000000000003,28.9,28.9,30.9,300.0,300.0,31.700000000000003,35.800000000000004,28.9,28.1,29.9,4.95,1.99,4.97,0.15,0.0,0.0,1027.0,8228.0,0.0,0.0,0.0,0.0,0.0,1.0,0.0,0.0,0.0,0.0,0.0,-1.9,0.0,-0.2,0.0,0.0,16.0,25903.0
2026-07-30T19:03:34.897Z,384.38,384.396,0.0,7.4,0.0,0.0,0.0,0.0,0.0,0.0,0.0,0.0,1.0,0.0,0.0,0.0,9.0,4.0,0.0,0.0,0.0,0.0,0.0,0.0,0.0,0.0,3.0,12.0,1.0,12.17,5.01,2.5,1.49,0.0,0.0,0.0,361.3,0.0,-0.2,1.8,0.9,-169.60000000000002,0.0,0.0,169.60000000000002,0.0,21.700000000000003,28.9,28.9,30.9,300.0,300.0,31.700000000000003,35.800000000000004,28.9,28.1,29.9,4.95,1.99,4.96,0.16,0.0,0.0,1027.0,8228.0,0.0,0.0,0.0,0.0,0.0,1.0,0.0,0.0,0.0,0.0,0.0,2.8000000000000003,0.0,-0.4,0.0,0.0,16.0,25903.0
2026-07-30T19:03:34.909Z,384.392,384.408,0.0,7.4,0.0,0.0,0.0,0.0,0.0,0.0,0.0,0.0,1.0,0.0,0.0,0.0,9.0,4.0,0.0,0.0,0.0,0.0,0.0,0.0,0.0,0.0,4.0,12.0,1.0,12.17,5.01,2.5,1.49,0.0,0.0,0.0,361.3,0.0,-0.2,0.1,-0.1,-169.60000000000002,0.0,0.0,169.60000000000002,0.0,21.700000000000003,28.9,28.9,30.9,300.0,300.0,31.700000000000003,35.800000000000004,28.9,28.1,29.9,4.96,1.99,4.96,0.16,0.0,0.0,1027.0,8228.0,0.0,0.0,0.0,0.0,0.0,1.0,0.0,0.0,0.0,0.0,0.0,0.0,0.0,0.1,0.0,0.0,16.0,25903.0
2026-07-30T19:03:34.922Z,384.405,384.42,0.0,7.4,0.0,0.0,0.0,0.0,0.0,0.0,0.0,0.0,1.0,0.0,0.0,0.0,9.0,4.0,0.0,0.0,0.0,0.0,0.0,0.0,0.0,0.0,5.0,12.0,1.0,12.17,5.0200000000000005,2.51,1.49,0.0,0.0,0.0,361.4,0.0,-0.8,-1.1,-0.2,-169.60000000000002,0.0,0.0,169.60000000000002,0.0,21.700000000000003,28.9,28.9,30.9,300.0,300.0,31.700000000000003,35.9,28.9,28.1,29.9,4.95,1.99,4.97,0.16,0.0,0.0,1027.0,8228.0,0.0,0.0,0.0,0.0,0.0,1.0,0.0,0.0,0.0,0.0,0.0,-1.4,0.0,0.0,0.0,0.0,16.0,25903.0
2026-07-30T19:03:34.933Z,384.416,384.432,0.0,7.4,0.0,0.0,0.0,0.0,0.0,0.0,0.0,0.0,1.0,0.0,0.0,0.0,9.0,4.0,0.0,0.0,0.0,0.0,0.0,0.0,0.0,0.0,6.0,12.0,1.0,12.17,5.0200000000000005,2.51,1.49,0.0,0.0,0.0,361.4,0.0,-0.2,-0.5,-0.8,-169.60000000000002,0.0,0.0,169.60000000000002,0.0,21.700000000000003,28.9,28.9,30.9,300.0,300.0,31.700000000000003,35.9,28.9,28.1,29.9,4.95,1.99,4.97,0.16,0.0,0.0,1027.0,8228.0,0.0,0.0,0.0,0.0,0.0,1.0,0.0,0.0,0.0,0.0,0.0,0.7000000000000001,0.0,-0.8,0.0,0.0,16.0,25903.0
2026-07-30T19:03:34.945Z,384.428,384.444,0.0,7.4,0.0,0.0,0.0,0.0,0.0,0.0,0.0,0.0,1.0,0.0,0.0,0.0,9.0,4.0,0.0,0.0,0.0,0.0,0.0,0.0,0.0,0.0,1.0,12.0,1.0,12.17,5.0200000000000005,2.51,1.49,0.0,0.0,0.0,361.3,0.0,-0.2,0.0,-0.2,-169.60000000000002,0.0,0.0,169.60000000000002,0.0,21.700000000000003,28.9,28.9,30.9,300.0,300.0,31.700000000000003,35.9,28.9,28.1,29.9,4.95,1.99,4.96,0.16,0.0,0.0,1027.0,8228.0,0.0,0.0,0.0,0.0,0.0,1.0,0.0,0.0,0.0,0.0,0.0,0.0,0.0,0.8,0.0,0.0,16.0,25903.0
2026-07-30T19:03:34.957Z,384.44,384.456,0.0,7.4,0.0,0.0,0.0,0.0,0.0,0.0,0.0,0.0,1.0,0.0,0.0,0.0,9.0,4.0,0.0,0.0,0.0,0.0,0.0,0.0,0.0,0.0,2.0,12.0,1.0,12.17,5.0200000000000005,2.51,1.49,0.0,0.0,0.0,361.3,0.0,-0.3,0.6000000000000001,0.9,-169.60000000000002,0.0,0.0,169.60000000000002,0.0,21.700000000000003,28.9,28.9,30.9,300.0,300.0,31.700000000000003,35.9,28.9,28.1,29.9,4.96,1.99,4.96,0.16,0.0,0.0,1027.0,8228.0,0.0,0.0,0.0,0.0,0.0,1.0,0.0,0.0,0.0,0.0,0.0,0.1,0.0,0.8,0.0,0.0,16.0,25903.0
2026-07-30T19:03:34.969Z,384.452,384.468,0.0,7.4,0.0,0.0,0.0,0.0,0.0,0.0,0.0,0.0,1.0,0.0,0.0,0.0,9.0,4.0,0.0,0.0,0.0,0.0,0.0,0.0,0.0,0.0,4.0,12.0,1.0,12.17,5.0200000000000005,2.51,1.49,0.0,0.0,0.0,361.4,0.0,0.2,0.0,-0.1,-169.60000000000002,0.0,0.0,169.60000000000002,0.0,21.700000000000003,28.9,28.9,30.9,300.0,300.0,31.700000000000003,35.9,28.9,28.1,29.9,4.95,1.99,4.97,0.16,0.0,0.0,1027.0,8228.0,0.0,0.0,0.0,0.0,0.0,1.0,0.0,0.0,0.0,0.0,0.0,0.0,0.0,0.1,0.0,0.0,16.0,25903.0
2026-07-30T19:03:34.982Z,384.465,384.48,0.0,7.4,0.0,0.0,0.0,0.0,0.0,0.0,0.0,0.0,1.0,0.0,0.0,0.0,9.0,4.0,0.0,0.0,0.0,0.0,0.0,0.0,0.0,0.0,4.0,12.0,1.0,12.17,5.0200000000000005,2.51,1.49,0.0,0.1,0.0,361.4,0.0,-0.9,0.5,0.3,-169.60000000000002,0.0,0.0,169.60000000000002,0.0,21.700000000000003,28.9,28.9,30.9,300.0,300.0,31.700000000000003,35.9,28.9,28.1,29.9,4.96,1.99,4.96,0.16,0.0,0.0,1027.0,8228.0,0.0,0.0,0.0,0.0,0.0,1.0,0.0,0.0,0.0,0.0,0.0,0.9,0.0,-0.2,0.0,0.0,16.0,25903.0
2026-07-30T19:03:34.993Z,384.476,384.492,0.0,7.4,0.0,0.0,0.0,0.0,0.0,0.0,0.0,0.0,1.0,0.0,0.0,0.0,9.0,4.0,0.0,0.0,0.0,0.0,0.0,0.0,0.0,0.0,6.0,12.0,1.0,12.17,5.0200000000000005,2.51,1.49,0.0,0.0,0.0,361.4,0.0,-0.2,0.0,0.3,-169.60000000000002,0.0,0.0,169.60000000000002,0.0,21.700000000000003,28.9,28.9,30.9,300.0,300.0,31.700000000000003,35.9,28.9,28.1,29.9,4.96,2.0,4.96,0.16,0.0,0.0,1027.0,8228.0,0.0,0.0,0.0,0.0,0.0,1.0,0.0,0.0,0.0,0.0,0.0,0.3,0.0,-0.3,0.0,0.0,16.0,25903.0
2026-07-30T19:03:35.005Z,384.488,384.504,0.0,7.4,0.0,0.0,0.0,0.0,0.0,0.0,0.0,0.0,1.0,0.0,0.0,0.0,9.0,4.0,0.0,0.0,0.0,0.0,0.0,0.0,0.0,0.0,1.0,12.0,1.0,12.17,5.0200000000000005,2.51,1.49,0.0,0.0,0.0,361.4,0.0,-0.8,-0.5,-0.6000000000000001,-169.60000000000002,0.0,0.0,169.70000000000002,0.0,21.700000000000003,28.9,28.9,30.9,300.0,300.0,31.700000000000003,35.9,28.9,28.1,29.9,4.95,1.99,4.96,0.16,0.0,0.0,1027.0,8228.0,0.0,0.0,0.0,0.0,0.0,1.0,0.0,0.0,0.0,0.0,0.0,1.5,0.0,0.9,0.0,0.0,16.0,25903.0
2026-07-30T19:03:35.017Z,384.5,384.516,0.0,7.4,0.0,0.0,0.0,0.0,0.0,0.0,0.0,0.0,1.0,0.0,0.0,0.0,9.0,4.0,0.0,0.0,0.0,0.0,0.0,0.0,0.0,0.0,2.0,12.0,1.0,12.17,5.0200000000000005,2.51,1.49,0.0,0.0,0.0,361.4,0.0,0.8,0.7000000000000001,0.5,-169.60000000000002,0.0,0.0,169.70000000000002,0.0,21.700000000000003,28.9,28.9,30.9,300.0,300.0,31.700000000000003,35.9,28.9,28.1,29.9,4.95,1.99,4.97,0.16,0.0,0.0,1027.0,8228.0,0.0,0.0,0.0,0.0,0.0,1.0,0.0,0.0,0.0,0.0,0.0,0.0,0.0,0.0,0.0,0.0,16.0,25903.0
2026-07-30T19:03:35.029Z,384.512,384.528,0.0,7.4,0.0,0.0,0.0,0.0,0.0,0.0,0.0,0.0,1.0,0.0,0.0,0.0,9.0,4.0,0.0,0.0,0.0,0.0,0.0,0.0,0.0,0.0,3.0,12.0,1.0,12.18,5.01,2.51,1.49,0.0,0.0,0.0,361.3,0.0,-0.2,-0.5,-0.6000000000000001,-169.60000000000002,0.0,0.0,169.70000000000002,0.0,21.700000000000003,28.9,28.9,30.9,300.0,300.0,31.700000000000003,35.9,28.9,28.0,29.9,4.96,1.99,4.96,0.16,0.0,0.0,1027.0,8228.0,0.0,0.0,0.0,0.0,0.0,1.0,0.0,0.0,0.0,0.0,0.0,-0.4,0.0,0.5,0.0,0.0,16.0,25903.0
2026-07-30T19:03:35.041Z,384.524,384.54,0.0,7.4,0.0,0.0,0.0,0.0,0.0,0.0,0.0,0.0,1.0,0.0,0.0,0.0,9.0,4.0,0.0,0.0,0.0,0.0,0.0,0.0,0.0,0.0,4.0,12.0,1.0,12.18,5.01,2.51,1.49,0.0,0.0,0.0,361.4,0.0,-0.2,0.6000000000000001,1.1,-169.60000000000002,0.0,0.0,169.70000000000002,0.0,21.700000000000003,28.9,28.9,30.9,300.0,300.0,31.700000000000003,35.9,28.9,28.0,29.9,4.96,1.99,4.97,0.16,0.0,0.0,1027.0,8228.0,0.0,0.0,0.0,0.0,0.0,1.0,0.0,0.0,0.0,0.0,0.0,2.1,0.0,-0.7000000000000001,0.0,0.0,16.0,25903.0
2026-07-30T19:03:35.053Z,384.536,384.552,0.0,7.4,0.0,0.0,0.0,0.0,0.0,0.0,0.0,0.0,1.0,0.0,0.0,0.0,9.0,4.0,0.0,0.0,0.0,0.0,0.0,0.0,0.0,0.0,5.0,12.0,1.0,12.18,5.01,2.51,1.49,-0.1,0.0,0.0,361.4,0.0,0.3,0.0,0.0,-169.60000000000002,0.0,0.0,169.70000000000002,0.0,21.700000000000003,28.9,28.9,30.9,300.0,300.0,31.700000000000003,35.9,28.9,28.0,29.9,4.95,1.99,4.97,0.16,0.0,0.0,1027.0,8228.0,0.0,0.0,0.0,0.0,0.0,1.0,0.0,0.0,0.0,0.0,0.0,1.5,0.0,-0.8,0.0,0.0,16.0,25903.0
2026-07-30T19:03:35.065Z,384.548,384.564,0.0,7.4,0.0,0.0,0.0,0.0,0.0,0.0,0.0,0.0,1.0,0.0,0.0,0.0,9.0,4.0,0.0,0.0,0.0,0.0,0.0,0.0,0.0,0.0,6.0,12.0,1.0,12.18,5.01,2.51,1.49,0.0,0.0,0.0,361.4,0.0,0.9,0.0,0.0,-169.60000000000002,0.0,0.0,169.70000000000002,0.0,21.700000000000003,28.9,28.9,30.9,300.0,300.0,31.700000000000003,35.9,28.9,28.0,29.9,4.96,1.99,4.97,0.16,0.0,0.0,1027.0,8228.0,0.0,0.0,0.0,0.0,0.0,1.0,0.0,0.0,0.0,0.0,0.0,0.9,0.0,-0.9,0.0,0.0,16.0,25903.0
2026-07-30T19:03:35.077Z,384.56,384.576,0.0,7.4,0.0,0.0,0.0,0.0,0.0,0.0,0.0,0.0,1.0,0.0,0.0,0.0,9.0,4.0,0.0,0.0,0.0,0.0,0.0,0.0,0.0,0.0,1.0,12.0,1.0,12.18,5.01,2.51,1.49,0.0,0.0,0.0,361.3,0.0,-0.7000000000000001,0.0,1.6,-169.60000000000002,0.0,0.0,169.70000000000002,0.0,21.700000000000003,28.9,28.9,30.9,300.0,300.0,31.700000000000003,35.9,28.9,28.0,29.9,4.95,1.99,4.96,0.16,0.0,0.0,1027.0,8228.0,0.0,0.0,0.0,0.0,0.0,1.0,0.0,0.0,0.0,0.0,0.0,-1.1,0.0,0.4,0.0,0.0,16.0,25903.0
2026-07-30T19:03:35.089Z,384.572,384.588,0.0,7.4,0.0,0.0,0.0,0.0,0.0,0.0,0.0,0.0,1.0,0.0,0.0,0.0,9.0,4.0,0.0,0.0,0.0,0.0,0.0,0.0,0.0,0.0,2.0,12.0,1.0,12.18,5.01,2.51,1.49,0.0,0.0,0.0,361.4,0.0,-0.8,0.0,0.0,-169.60000000000002,0.0,0.0,169.70000000000002,0.0,21.700000000000003,28.9,28.9,30.9,300.0,300.0,31.700000000000003,35.9,28.9,28.0,29.9,4.95,1.99,4.97,0.16,0.0,0.0,1027.0,8228.0,0.0,0.0,0.0,0.0,0.0,1.0,0.0,0.0,0.0,0.0,0.0,1.2000000000000002,0.0,-1.4,0.0,0.0,16.0,25903.0
2026-07-30T19:03:35.101Z,384.584,384.6,0.0,7.4,0.0,0.0,0.0,0.0,0.0,0.0,0.0,0.0,1.0,0.0,0.0,0.0,9.0,4.0,0.0,0.0,0.0,0.0,0.0,0.0,0.0,0.0,3.0,12.0,1.0,12.18,5.01,2.51,1.49,0.0,0.0,0.0,361.4,0.0,0.3,1.2000000000000002,1.1,-169.60000000000002,0.0,0.0,169.70000000000002,0.0,21.700000000000003,28.9,28.9,30.9,300.0,300.0,31.700000000000003,35.9,28.9,28.0,29.9,4.96,2.0,4.97,0.16,0.0,0.0,1027.0,8228.0,0.0,0.0,0.0,0.0,0.0,1.0,0.0,0.0,0.0,0.0,0.0,1.3,0.0,0.2,0.0,0.0,16.0,25903.0
2026-07-30T19:03:35.113Z,384.596,384.612,0.0,7.4,0.0,0.0,0.0,0.0,0.0,0.0,0.0,0.0,1.0,0.0,0.0,0.0,9.0,4.0,0.0,0.0,0.0,0.0,0.0,0.0,0.0,0.0,5.0,12.0,1.0,12.18,5.01,2.51,1.49,0.0,0.0,0.0,361.3,0.0,-0.2,0.0,0.0,-169.60000000000002,0.0,0.0,169.70000000000002,0.0,21.700000000000003,28.9,28.9,30.9,300.0,300.0,31.700000000000003,35.9,28.9,28.0,29.9,4.96,2.0,4.96,0.16,0.0,0.0,1027.0,8228.0,0.0,0.0,0.0,0.0,0.0,1.0,0.0,0.0,0.0,0.0,0.0,-0.4,0.0,-1.1,0.0,0.0,16.0,25903.0
2026-07-30T19:03:35.126Z,384.609,384.624,0.0,7.4,0.0,0.0,0.0,0.0,0.0,0.0,0.0,0.0,1.0,0.0,0.0,0.0,9.0,4.0,0.0,0.0,0.0,0.0,0.0,0.0,0.0,0.0,6.0,12.0,1.0,12.14,5.0200000000000005,2.51,1.5,0.0,0.0,0.0,361.3,0.0,0.3,-0.5,0.4,-169.60000000000002,0.0,0.0,169.70000000000002,0.0,21.3,28.9,28.9,30.9,300.0,300.0,31.6,35.9,28.9,28.0,29.9,4.95,1.99,4.97,0.16,0.0,0.0,1027.0,8228.0,0.0,0.0,0.0,0.0,0.0,1.0,0.0,0.0,0.0,0.0,0.0,-0.5,0.0,0.6000000000000001,0.0,0.0,16.0,25903.0
2026-07-30T19:03:35.137Z,384.62,384.636,0.0,7.4,0.0,0.0,0.0,0.0,0.0,0.0,0.0,0.0,1.0,0.0,0.0,0.0,9.0,4.0,0.0,0.0,0.0,0.0,0.0,0.0,0.0,0.0,1.0,12.0,1.0,12.14,5.0200000000000005,2.51,1.5,0.0,0.1,0.0,361.3,0.0,-0.8,0.0,-0.7000000000000001,-169.60000000000002,0.0,0.0,169.60000000000002,0.0,21.3,28.9,28.9,30.9,300.0,300.0,31.6,35.9,28.9,28.0,29.9,4.95,2.0,4.96,0.16,0.0,0.0,1027.0,8228.0,0.0,0.0,0.0,0.0,0.0,1.0,0.0,0.0,0.0,0.0,0.0,-0.6000000000000001,0.0,0.6000000000000001,0.0,0.0,16.0,25903.0
2026-07-30T19:03:35.149Z,384.632,384.648,0.0,7.4,0.0,0.0,0.0,0.0,0.0,0.0,0.0,0.0,1.0,0.0,0.0,0.0,9.0,4.0,0.0,0.0,0.0,0.0,0.0,0.0,0.0,0.0,2.0,12.0,1.0,12.14,5.0200000000000005,2.51,1.5,0.0,0.0,0.0,361.4,0.0,-0.2,0.5,-0.1,-169.60000000000002,0.0,0.0,169.70000000000002,0.0,21.3,28.9,28.9,30.9,300.0,300.0,31.6,35.9,28.9,28.0,29.9,4.96,2.0,4.96,0.16,0.0,0.0,1027.0,8228.0,0.0,0.0,0.0,0.0,0.0,1.0,0.0,0.0,0.0,0.0,0.0,0.4,0.0,0.2,0.0,0.0,16.0,25903.0
2026-07-30T19:03:35.161Z,384.644,384.66,0.0,7.4,0.0,0.0,0.0,0.0,0.0,0.0,0.0,0.0,1.0,0.0,0.0,0.0,9.0,4.0,0.0,0.0,0.0,0.0,0.0,0.0,0.0,0.0,3.0,12.0,1.0,12.14,5.0200000000000005,2.51,1.5,0.0,0.0,0.0,361.3,0.0,-0.2,1.1,-0.1,-169.60000000000002,0.0,0.0,169.70000000000002,0.0,21.3,28.9,28.9,30.9,300.0,300.0,31.6,35.9,28.9,28.0,29.9,4.95,2.0,4.97,0.16,0.0,0.0,1027.0,8228.0,0.0,0.0,0.0,0.0,0.0,1.0,0.0,0.0,0.0,0.0,0.0,1.1,0.0,0.3,0.0,0.0,16.0,25903.0
2026-07-30T19:03:35.173Z,384.656,384.672,0.0,7.4,0.0,0.0,0.0,0.0,0.0,0.0,0.0,0.0,1.0,0.0,0.0,0.0,9.0,4.0,0.0,0.0,0.0,0.0,0.0,0.0,0.0,0.0,4.0,12.0,1.0,12.14,5.0200000000000005,2.51,1.5,0.0,0.1,0.0,361.4,0.0,0.3,-0.6000000000000001,1.0,-169.60000000000002,0.0,0.0,169.70000000000002,0.0,21.3,28.9,28.9,30.9,300.0,300.0,31.6,35.9,28.9,28.0,29.9,4.96,1.99,4.97,0.16,0.0,0.0,1027.0,8228.0,0.0,0.0,0.0,0.0,0.0,1.0,0.0,0.0,0.0,0.0,0.0,0.0,0.0,-1.0,0.0,0.0,16.0,25903.0
2026-07-30T19:03:35.185Z,384.668,384.684,0.0,7.4,0.0,0.0,0.0,0.0,0.0,0.0,0.0,0.0,1.0,0.0,0.0,0.0,9.0,4.0,0.0,0.0,0.0,0.0,0.0,0.0,0.0,0.0,6.0,12.0,1.0,12.14,5.0200000000000005,2.51,1.5,0.0,0.0,0.0,361.4,0.0,0.9,0.5,2.2,-169.60000000000002,0.0,0.0,169.70000000000002,0.0,21.3,28.9,28.9,30.9,300.0,300.0,31.6,35.9,28.9,28.0,29.9,4.96,1.99,4.97,0.16,0.0,0.0,1027.0,8228.0,0.0,0.0,0.0,0.0,0.0,1.0,0.0,0.0,0.0,0.0,0.0,2.3000000000000003,0.0,-1.8,0.0,0.0,16.0,25903.0
2026-07-30T19:03:35.197Z,384.68,384.696,0.0,7.4,0.0,0.0,0.0,0.0,0.0,0.0,0.0,0.0,1.0,0.0,0.0,0.0,9.0,4.0,0.0,0.0,0.0,0.0,0.0,0.0,0.0,0.0,1.0,12.0,1.0,12.14,5.0200000000000005,2.51,1.5,0.0,0.0,0.0,361.3,0.0,0.3,-0.5,-0.1,-169.60000000000002,0.0,0.0,169.60000000000002,0.0,21.3,28.9,28.9,30.9,300.0,300.0,31.6,35.9,28.9,28.0,29.9,4.96,1.99,4.97,0.16,0.0,0.0,1027.0,8228.0,0.0,0.0,0.0,0.0,0.0,1.0,0.0,0.0,0.0,0.0,0.0,-0.6000000000000001,0.0,0.0,0.0,0.0,16.0,25903.0
2026-07-30T19:03:35.209Z,384.692,384.708,0.0,7.4,0.0,0.0,0.0,0.0,0.0,0.0,0.0,0.0,1.0,0.0,0.0,0.0,9.0,4.0,0.0,0.0,0.0,0.0,0.0,0.0,0.0,0.0,2.0,12.0,1.0,12.14,5.0200000000000005,2.51,1.5,0.0,0.0,0.0,361.3,0.0,0.9,0.6000000000000001,0.4,-169.60000000000002,0.0,0.0,169.60000000000002,0.0,21.3,28.9,28.9,30.9,300.0,300.0,31.6,35.9,28.9,28.0,29.9,4.95,1.99,4.97,0.16,0.0,0.0,1027.0,8228.0,0.0,0.0,0.0,0.0,0.0,1.0,0.0,0.0,0.0,0.0,0.0,1.0,0.0,-0.3,0.0,0.0,16.0,25903.0
2026-07-30T19:03:35.221Z,384.704,384.72,0.0,7.4,0.0,0.0,0.0,0.0,0.0,0.0,0.0,0.0,1.0,0.0,0.0,0.0,9.0,4.0,0.0,0.0,0.0,0.0,0.0,0.0,0.0,0.0,3.0,12.0,1.0,12.14,5.0200000000000005,2.51,1.5,0.0,0.0,0.0,361.3,0.0,-0.2,0.6000000000000001,0.5,-169.60000000000002,0.0,0.0,169.60000000000002,0.0,21.3,28.9,28.9,30.9,300.0,300.0,31.6,35.9,28.9,28.0,29.9,4.96,1.99,4.96,0.16,0.0,0.0,1027.0,8228.0,0.0,0.0,0.0,0.0,0.0,1.0,0.0,0.0,0.0,0.0,0.0,1.0,0.0,-0.3,0.0,0.0,16.0,25903.0
2026-07-30T19:03:35.233Z,384.716,384.732,0.0,7.4,0.0,0.0,0.0,0.0,0.0,0.0,0.0,0.0,1.0,0.0,0.0,0.0,9.0,4.0,0.0,0.0,0.0,0.0,0.0,0.0,0.0,0.0,4.0,12.0,1.0,12.15,5.0200000000000005,2.51,1.49,0.0,0.0,0.0,361.3,0.0,-0.2,0.6000000000000001,0.5,-169.60000000000002,0.0,0.0,169.60000000000002,0.0,21.700000000000003,28.9,28.9,30.9,300.0,300.0,31.700000000000003,35.800000000000004,28.9,28.0,29.9,4.96,1.99,4.96,0.16,0.0,0.0,1027.0,8228.0,0.0,0.0,0.0,0.0,0.0,1.0,0.0,0.0,0.0,0.0,0.0,1.1,0.0,-0.3,0.0,0.0,16.0,25903.0
2026-07-30T19:03:35.245Z,384.728,384.744,0.0,7.4,0.0,0.0,0.0,0.0,0.0,0.0,0.0,0.0,1.0,0.0,0.0,0.0,9.0,4.0,0.0,0.0,0.0,0.0,0.0,0.0,0.0,0.0,5.0,12.0,1.0,12.15,5.0200000000000005,2.51,1.49,0.0,0.0,0.0,361.4,0.0,-0.2,-0.5,-0.6000000000000001,-169.60000000000002,0.0,0.0,169.8,0.0,21.700000000000003,28.9,28.9,30.9,300.0,300.0,31.700000000000003,35.800000000000004,28.9,28.0,29.9,4.95,1.99,4.96,0.16,0.0,0.0,1027.0,8228.0,0.0,0.0,0.0,0.0,0.0,1.0,0.0,0.0,0.0,0.0,0.0,-1.0,0.0,0.4,0.0,0.0,16.0,25903.0
2026-07-30T19:03:35.257Z,384.74,384.756,0.0,7.4,0.0,0.0,0.0,0.0,0.0,0.0,0.0,0.0,1.0,0.0,0.0,0.0,9.0,4.0,0.0,0.0,0.0,0.0,0.0,0.0,0.0,0.0,6.0,12.0,1.0,12.15,5.0200000000000005,2.51,1.49,0.0,0.0,0.0,361.3,0.0,-0.2,-0.4,0.4,-169.60000000000002,0.0,0.0,169.60000000000002,0.0,21.700000000000003,28.9,28.9,30.9,300.0,300.0,31.700000000000003,35.800000000000004,28.9,28.0,29.9,4.96,1.99,4.97,0.16,0.0,0.0,1027.0,8228.0,0.0,0.0,0.0,0.0,0.0,1.0,0.0,0.0,0.0,0.0,0.0,-0.1,0.0,-0.5,0.0,0.0,16.0,25903.0
2026-07-30T19:03:35.269Z,384.752,384.768,0.0,7.4,0.0,0.0,0.0,0.0,0.0,0.0,0.0,0.0,1.0,0.0,0.0,0.0,9.0,4.0,0.0,0.0,0.0,0.0,0.0,0.0,0.0,0.0,1.0,12.0,1.0,12.15,5.0200000000000005,2.51,1.49,0.0,0.0,0.0,361.4,0.0,0.3,0.0,-0.1,-169.60000000000002,0.0,0.0,169.60000000000002,0.0,21.700000000000003,28.9,28.9,30.9,300.0,300.0,31.700000000000003,35.800000000000004,28.9,28.0,29.9,4.96,1.99,4.96,0.16,0.0,0.0,1027.0,8228.0,0.0,0.0,0.0,0.0,0.0,1.0,0.0,0.0,0.0,0.0,0.0,0.0,0.0,0.1,0.0,0.0,16.0,25903.0
2026-07-30T19:03:35.281Z,384.764,384.78,0.0,7.4,0.0,0.0,0.0,0.0,0.0,0.0,0.0,0.0,1.0,0.0,0.0,0.0,9.0,4.0,0.0,0.0,0.0,0.0,0.0,0.0,0.0,0.0,2.0,12.0,1.0,12.15,5.0200000000000005,2.51,1.49,0.0,0.0,0.0,361.4,0.0,0.3,-0.4,-1.2000000000000002,-169.60000000000002,0.0,0.0,169.70000000000002,0.0,21.700000000000003,28.9,28.9,30.9,300.0,300.0,31.700000000000003,35.800000000000004,28.9,28.0,29.9,4.96,1.99,4.97,0.16,0.0,0.0,1027.0,8228.0,0.0,0.0,0.0,0.0,0.0,1.0,0.0,0.0,0.0,0.0,0.0,-1.5,0.0,1.0,0.0,0.0,16.0,25903.0
2026-07-30T19:03:35.293Z,384.776,384.792,0.0,7.4,0.0,0.0,0.0,0.0,0.0,0.0,0.0,0.0,1.0,0.0,0.0,0.0,9.0,4.0,0.0,0.0,0.0,0.0,0.0,0.0,0.0,0.0,4.0,12.0,1.0,12.15,5.0200000000000005,2.51,1.49,0.0,0.0,0.0,361.3,0.0,0.3,0.1,0.4,-169.60000000000002,0.0,0.0,169.70000000000002,0.0,21.700000000000003,28.9,28.9,30.9,300.0,300.0,31.700000000000003,35.800000000000004,28.9,28.0,29.9,4.95,1.99,4.97,0.16,0.0,0.0,1027.0,8228.0,0.0,0.0,0.0,0.0,0.0,1.0,0.0,0.0,0.0,0.0,0.0,0.4,0.0,-0.3,0.0,0.0,16.0,25903.0
2026-07-30T19:03:35.306Z,384.789,384.804,0.0,7.4,0.0,0.0,0.0,0.0,0.0,0.0,0.0,0.0,1.0,0.0,0.0,0.0,9.0,4.0,0.0,0.0,0.0,0.0,0.0,0.0,0.0,0.0,5.0,12.0,1.0,12.15,5.0200000000000005,2.51,1.49,0.0,0.0,0.0,361.4,0.0,-0.8,-0.5,-1.3,-169.60000000000002,0.0,0.0,169.60000000000002,0.0,21.700000000000003,28.9,28.9,30.9,300.0,300.0,31.700000000000003,35.800000000000004,28.9,28.0,29.9,4.96,1.99,4.96,0.16,0.0,0.0,1027.0,8228.0,0.0,0.0,0.0,0.0,0.0,1.0,0.0,0.0,0.0,0.0,0.0,-1.5,0.0,1.0,0.0,0.0,16.0,25903.0
2026-07-30T19:03:35.317Z,384.8,384.816,0.0,7.4,0.0,0.0,0.0,0.0,0.0,0.0,0.0,0.0,1.0,0.0,0.0,0.0,9.0,4.0,0.0,0.0,0.0,0.0,0.0,0.0,0.0,0.0,6.0,12.0,1.0,12.15,5.0200000000000005,2.51,1.49,0.0,0.0,0.0,361.3,0.0,0.8,-0.5,1.0,-169.60000000000002,0.0,0.0,169.70000000000002,0.0,21.700000000000003,28.9,28.9,30.9,300.0,300.0,31.700000000000003,35.800000000000004,28.9,28.0,29.9,4.95,1.99,4.96,0.16,0.0,0.0,1027.0,8228.0,0.0,0.0,0.0,0.0,0.0,1.0,0.0,0.0,0.0,0.0,0.0,0.1,0.0,-1.0,0.0,0.0,16.0,25903.0
2026-07-30T19:03:35.330Z,384.813,384.828,0.0,7.4,0.0,0.0,0.0,0.0,0.0,0.0,0.0,0.0,1.0,0.0,0.0,0.0,9.0,4.0,0.0,0.0,0.0,0.0,0.0,0.0,0.0,0.0,1.0,12.0,1.0,12.15,5.0200000000000005,2.51,1.49,0.0,0.0,0.0,361.4,0.0,-0.8,0.0,-0.7000000000000001,-169.60000000000002,0.0,0.0,169.70000000000002,0.0,21.3,28.9,28.9,30.9,300.0,300.0,31.8,35.800000000000004,28.9,28.0,29.9,4.95,1.99,4.97,0.16,0.0,0.0,1027.0,8228.0,0.0,0.0,0.0,0.0,0.0,1.0,0.0,0.0,0.0,0.0,0.0,-0.4,0.0,0.6000000000000001,0.0,0.0,16.0,25903.0
2026-07-30T19:03:35.341Z,384.824,384.84,0.0,7.4,0.0,0.0,0.0,0.0,0.0,0.0,0.0,0.0,1.0,0.0,0.0,0.0,9.0,4.0,0.0,0.0,0.0,0.0,0.0,0.0,0.0,0.0,2.0,12.0,1.0,12.15,5.0200000000000005,2.51,1.49,0.0,0.0,0.0,361.3,0.0,-0.2,-0.5,-0.6000000000000001,-169.60000000000002,0.0,0.0,169.60000000000002,0.0,21.3,28.9,28.9,30.9,300.0,300.0,31.8,35.800000000000004,28.9,28.0,29.9,4.95,1.99,4.97,0.16,0.0,0.0,1027.0,8228.0,0.0,0.0,0.0,0.0,0.0,1.0,0.0,0.0,0.0,0.0,0.0,-1.0,0.0,0.4,0.0,0.0,16.0,25903.0
2026-07-30T19:03:35.353Z,384.836,384.852,0.0,7.4,0.0,0.0,0.0,0.0,0.0,0.0,0.0,0.0,1.0,0.0,0.0,0.0,9.0,4.0,0.0,0.0,0.0,0.0,0.0,0.0,0.0,0.0,4.0,12.0,1.0,12.15,5.0200000000000005,2.51,1.49,0.0,0.0,0.0,361.3,0.0,0.8,0.0,1.1,-169.60000000000002,0.0,0.0,169.60000000000002,0.0,21.3,28.9,28.9,30.9,300.0,300.0,31.8,35.800000000000004,28.9,28.0,29.9,4.96,1.99,4.97,0.16,0.0,0.0,1027.0,8228.0,0.0,0.0,0.0,0.0,0.0,1.0,0.0,0.0,0.0,0.0,0.0,0.9,0.0,-0.9,0.0,0.0,16.0,25903.0
2026-07-30T19:03:35.366Z,384.849,384.864,0.0,7.4,0.0,0.0,0.0,0.0,0.0,0.0,0.0,0.0,1.0,0.0,0.0,0.0,9.0,4.0,0.0,0.0,0.0,0.0,0.0,0.0,0.0,0.0,6.0,12.0,1.0,12.15,5.0200000000000005,2.51,1.49,0.0,0.0,0.0,361.4,0.0,0.2,0.6000000000000001,-1.2000000000000002,-169.60000000000002,0.0,0.0,169.60000000000002,0.0,21.3,28.9,28.9,30.9,300.0,300.0,31.8,35.800000000000004,28.9,28.0,29.9,4.95,1.99,4.97,0.16,0.0,0.0,1027.0,8228.0,0.0,0.0,0.0,0.0,0.0,1.0,0.0,0.0,0.0,0.0,0.0,-0.2,0.0,1.2000000000000002,0.0,0.0,16.0,25903.0
2026-07-30T19:03:35.377Z,384.86,384.876,0.0,7.4,0.0,0.0,0.0,0.0,0.0,0.0,0.0,0.0,1.0,0.0,0.0,0.0,9.0,4.0,0.0,0.0,0.0,0.0,0.0,0.0,0.0,0.0,6.0,12.0,1.0,12.15,5.0200000000000005,2.51,1.49,0.0,0.0,0.0,361.3,0.0,-0.2,-0.5,0.0,-169.60000000000002,0.0,0.0,169.70000000000002,0.0,21.3,28.9,28.9,30.9,300.0,300.0,31.8,35.800000000000004,28.9,28.0,29.9,4.95,1.99,4.96,0.16,0.0,0.0,1027.0,8228.0,0.0,0.0,0.0,0.0,0.0,1.0,0.0,0.0,0.0,0.0,0.0,-0.6000000000000001,0.0,0.0,0.0,0.0,16.0,25903.0
2026-07-30T19:03:35.389Z,384.872,384.888,0.0,7.4,0.0,0.0,0.0,0.0,0.0,0.0,0.0,0.0,1.0,0.0,0.0,0.0,9.0,4.0,0.0,0.0,0.0,0.0,0.0,0.0,0.0,0.0,1.0,12.0,1.0,12.15,5.0200000000000005,2.51,1.49,0.0,0.0,0.0,361.3,0.0,0.2,0.6000000000000001,1.6,-169.60000000000002,0.0,0.0,169.60000000000002,0.0,21.3,28.9,28.9,30.9,300.0,300.0,31.8,35.800000000000004,28.9,28.0,29.9,4.96,1.99,4.96,0.16,0.0,0.0,1027.0,8228.0,0.0,0.0,0.0,0.0,0.0,1.0,0.0,0.0,0.0,0.0,0.0,1.9,0.0,-1.3,0.0,0.0,16.0,25903.0
2026-07-30T19:03:35.401Z,384.884,384.9,0.0,7.4,0.0,0.0,0.0,0.0,0.0,0.0,0.0,0.0,1.0,0.0,0.0,0.0,9.0,4.0,0.0,0.0,0.0,0.0,0.0,0.0,0.0,0.0,3.0,12.0,1.0,12.15,5.0200000000000005,2.51,1.49,0.0,0.0,0.0,361.4,0.0,-0.8,-1.7000000000000002,-1.2000000000000002,-169.60000000000002,0.0,0.0,169.60000000000002,0.0,21.3,28.9,28.9,30.9,300.0,300.0,31.8,35.800000000000004,28.9,28.0,29.9,4.95,1.99,4.96,0.16,0.0,0.0,1027.0,8228.0,0.0,0.0,0.0,0.0,0.0,1.0,0.0,0.0,0.0,0.0,0.0,-2.8000000000000003,0.0,0.7000000000000001,0.0,0.0,16.0,25903.0
2026-07-30T19:03:35.413Z,384.896,384.912,0.0,7.4,0.0,0.0,0.0,0.0,0.0,0.0,0.0,0.0,1.0,0.0,0.0,0.0,9.0,4.0,0.0,0.0,0.0,0.0,0.0,0.0,0.0,0.0,3.0,12.0,1.0,12.15,5.0200000000000005,2.51,1.49,0.0,0.0,0.0,361.4,0.0,0.8,-0.5,0.4,-169.60000000000002,0.0,0.0,169.70000000000002,0.0,21.3,28.9,28.9,30.9,300.0,300.0,31.8,35.800000000000004,28.9,28.0,29.9,4.95,1.99,4.96,0.16,0.0,0.0,1027.0,8228.0,0.0,0.0,0.0,0.0,0.0,1.0,0.0,0.0,0.0,0.0,0.0,-0.3,0.0,-0.4,0.0,0.0,16.0,25903.0
2026-07-30T19:03:35.426Z,384.909,384.924,0.0,7.4,0.0,0.0,0.0,0.0,0.0,0.0,0.0,0.0,1.0,0.0,0.0,0.0,9.0,4.0,0.0,0.0,0.0,0.0,0.0,0.0,0.0,0.0,5.0,12.0,1.0,12.15,5.0200000000000005,2.51,1.49,0.0,0.0,0.0,361.4,0.0,0.2,0.6000000000000001,0.3,-169.60000000000002,0.0,0.0,169.70000000000002,0.0,21.3,28.9,28.9,30.9,300.0,300.0,31.8,35.800000000000004,28.9,28.0,29.9,4.95,1.99,4.96,0.16,0.0,0.0,1027.0,8228.0,0.0,0.0,0.0,0.0,0.0,1.0,0.0,0.0,0.0,0.0,0.0,0.9,0.0,-0.2,0.0,0.0,16.0,25903.0
2026-07-30T19:03:35.437Z,384.92,384.936,0.0,7.4,0.0,0.0,0.0,0.0,0.0,0.0,0.0,0.0,1.0,0.0,0.0,0.0,9.0,4.0,0.0,0.0,0.0,0.0,0.0,0.0,0.0,0.0,6.0,12.0,1.0,12.15,5.0200000000000005,2.51,1.49,0.0,0.0,0.0,361.3,0.0,-0.3,0.0,-0.1,-169.60000000000002,0.0,0.0,169.8,0.0,21.700000000000003,28.9,28.9,30.9,300.0,300.0,31.8,35.800000000000004,28.8,28.1,29.9,4.96,1.99,4.96,0.16,0.0,0.0,1027.0,8228.0,0.0,0.0,0.0,0.0,0.0,1.0,0.0,0.0,0.0,0.0,0.0,0.0,0.0,0.1,0.0,0.0,16.0,25903.0
2026-07-30T19:03:35.449Z,384.932,384.948,0.0,7.4,0.0,0.0,0.0,0.0,0.0,0.0,0.0,0.0,1.0,0.0,0.0,0.0,9.0,4.0,0.0,0.0,0.0,0.0,0.0,0.0,0.0,0.0,1.0,12.0,1.0,12.15,5.0200000000000005,2.51,1.49,0.0,0.0,0.0,361.3,0.0,0.2,0.6000000000000001,-0.2,-169.60000000000002,0.0,0.0,169.70000000000002,0.0,21.700000000000003,28.9,28.9,30.9,300.0,300.0,31.8,35.800000000000004,28.8,28.1,29.9,4.95,1.99,4.97,0.16,0.0,0.0,1027.0,8228.0,0.0,0.0,0.0,0.0,0.0,1.0,0.0,0.0,0.0,0.0,0.0,-0.1,0.0,0.2,0.0,0.0,16.0,25903.0
2026-07-30T19:03:35.461Z,384.944,384.96,0.0,7.4,0.0,0.0,0.0,0.0,0.0,0.0,0.0,0.0,1.0,0.0,0.0,0.0,9.0,4.0,0.0,0.0,0.0,0.0,0.0,0.0,0.0,0.0,2.0,12.0,1.0,12.15,5.0200000000000005,2.51,1.49,0.0,0.1,0.0,361.4,0.0,0.2,-0.6000000000000001,-0.1,-169.60000000000002,0.0,0.0,169.8,0.0,21.700000000000003,28.9,28.9,30.9,300.0,300.0,31.8,35.800000000000004,28.8,28.1,29.9,4.96,1.99,4.96,0.16,0.0,0.0,1027.0,8228.0,0.0,0.0,0.0,0.0,0.0,1.0,0.0,0.0,0.0,0.0,0.0,-0.1,0.0,0.1,0.0,0.0,16.0,25903.0
2026-07-30T19:03:35.473Z,384.956,384.972,0.0,7.4,0.0,0.0,0.0,0.0,0.0,0.0,0.0,0.0,1.0,0.0,0.0,0.0,9.0,4.0,0.0,0.0,0.0,0.0,0.0,0.0,0.0,0.0,3.0,12.0,1.0,12.15,5.0200000000000005,2.51,1.49,0.0,0.0,0.0,361.3,0.0,-0.3,0.0,-0.8,-169.60000000000002,0.0,0.0,169.70000000000002,0.0,21.700000000000003,28.9,28.9,30.9,300.0,300.0,31.8,35.800000000000004,28.8,28.1,29.9,4.96,1.99,4.96,0.16,0.0,0.0,1027.0,8228.0,0.0,0.0,0.0,0.0,0.0,1.0,0.0,0.0,0.0,0.0,0.0,0.6000000000000001,0.0,-0.7000000000000001,0.0,0.0,16.0,25903.0
2026-07-30T19:03:35.485Z,384.968,384.984,0.0,7.4,0.0,0.0,0.0,0.0,0.0,0.0,0.0,0.0,1.0,0.0,0.0,0.0,9.0,4.0,0.0,0.0,0.0,0.0,0.0,0.0,0.0,0.0,4.0,12.0,1.0,12.15,5.0200000000000005,2.51,1.49,0.0,0.0,0.0,361.4,0.0,-0.9,0.0,-0.2,-169.60000000000002,0.0,0.0,169.70000000000002,0.0,21.700000000000003,28.9,28.9,30.9,300.0,300.0,31.8,35.800000000000004,28.8,28.1,29.9,4.95,1.99,4.96,0.16,0.0,0.0,1027.0,8228.0,0.0,0.0,0.0,0.0,0.0,1.0,0.0,0.0,0.0,0.0,0.0,-0.2,0.0,0.2,0.0,0.0,16.0,25903.0
2026-07-30T19:03:35.498Z,384.981,384.996,0.0,7.4,0.0,0.0,0.0,0.0,0.0,0.0,0.0,0.0,1.0,0.0,0.0,0.0,9.0,4.0,0.0,0.0,0.0,0.0,0.0,0.0,0.0,0.0,6.0,12.0,1.0,12.15,5.0200000000000005,2.51,1.49,0.0,0.0,0.0,361.3,0.0,0.1,-1.1,-0.8,-169.60000000000002,0.0,0.0,169.8,0.0,21.700000000000003,28.9,28.9,30.9,300.0,300.0,31.8,35.800000000000004,28.8,28.1,29.9,4.95,1.99,4.97,0.16,0.0,0.0,1027.0,8228.0,0.0,0.0,0.0,0.0,0.0,1.0,0.0,0.0,0.0,0.0,0.0,-1.9,0.0,0.4,0.0,0.0,16.0,25903.0
2026-07-30T19:03:35.509Z,384.992,385.008,0.0,7.4,0.0,0.0,0.0,0.0,0.0,0.0,0.0,0.0,1.0,0.0,0.0,0.0,9.0,4.0,0.0,0.0,0.0,0.0,0.0,0.0,0.0,0.0,1.0,12.0,1.0,12.15,5.0200000000000005,2.51,1.49,0.0,0.1,0.0,361.3,0.0,-0.3,-0.6000000000000001,0.3,-169.70000000000002,0.0,0.0,169.8,0.0,21.700000000000003,28.9,28.9,30.9,300.0,300.0,31.8,35.800000000000004,28.8,28.1,29.9,4.96,2.0,4.97,0.16,0.0,0.0,1027.0,8228.0,0.0,0.0,0.0,0.0,0.0,1.0,0.0,0.0,0.0,0.0,0.0,-0.8,0.0,0.0,0.0,0.0,16.0,25903.0
2026-07-30T19:03:35.521Z,385.004,385.02,0.0,7.4,0.0,0.0,0.0,0.0,0.0,0.0,0.0,0.0,1.0,0.0,0.0,0.0,9.0,4.0,0.0,0.0,0.0,0.0,0.0,0.0,0.0,0.0,3.0,12.0,1.0,12.15,5.0200000000000005,2.51,1.49,0.0,0.0,0.0,361.4,0.0,-0.3,1.1,0.3,-169.70000000000002,0.0,0.0,169.60000000000002,0.0,21.700000000000003,28.9,28.9,30.9,300.0,300.0,31.8,35.800000000000004,28.8,28.1,29.9,4.96,1.99,4.97,0.16,0.0,0.0,1027.0,8228.0,0.0,0.0,0.0,0.0,0.0,1.0,0.0,0.0,0.0,0.0,0.0,1.5,0.0,0.0,0.0,0.0,16.0,25903.0
2026-07-30T19:03:35.534Z,385.017,385.032,0.0,7.4,0.0,0.0,0.0,0.0,0.0,0.0,0.0,0.0,1.0,0.0,0.0,0.0,9.0,4.0,0.0,0.0,0.0,0.0,0.0,0.0,0.0,0.0,4.0,12.0,1.0,12.19,5.01,2.5,1.49,0.0,0.0,0.0,361.3,0.0,0.2,0.5,0.9,-169.70000000000002,0.0,0.0,169.70000000000002,0.0,21.4,28.9,28.9,30.9,300.0,300.0,31.8,35.800000000000004,28.8,28.0,29.9,4.95,1.99,4.97,0.16,0.0,0.0,1027.0,8228.0,0.0,0.0,0.0,0.0,0.0,1.0,0.0,0.0,0.0,0.0,0.0,1.3,0.0,-0.7000000000000001,0.0,0.0,16.0,25903.0
2026-07-30T19:03:35.545Z,385.028,385.044,0.0,7.4,0.0,0.0,0.0,0.0,0.0,0.0,0.0,0.0,1.0,0.0,0.0,0.0,9.0,4.0,0.0,0.0,0.0,0.0,0.0,0.0,0.0,0.0,5.0,12.0,1.0,12.19,5.01,2.5,1.49,0.0,0.0,0.0,361.3,0.0,0.2,0.0,1.5,-169.70000000000002,0.0,0.0,169.70000000000002,0.0,21.4,28.9,28.9,30.9,300.0,300.0,31.8,35.800000000000004,28.8,28.0,29.9,4.96,1.99,4.96,0.16,0.0,0.0,1027.0,8228.0,0.0,0.0,0.0,0.0,0.0,1.0,0.0,0.0,0.0,0.0,0.0,-0.9,0.0,-0.5,0.0,0.0,16.0,25903.0
2026-07-30T19:03:35.557Z,385.04,385.056,0.0,7.4,0.0,0.0,0.0,0.0,0.0,0.0,0.0,0.0,1.0,0.0,0.0,0.0,9.0,4.0,0.0,0.0,0.0,0.0,0.0,0.0,0.0,0.0,1.0,12.0,1.0,12.19,5.01,2.5,1.49,0.0,0.0,0.0,361.4,0.0,-0.3,-0.5,-0.7000000000000001,-169.70000000000002,0.0,0.0,169.8,0.0,21.4,28.9,28.9,30.9,300.0,300.0,31.8,35.800000000000004,28.8,28.0,29.9,4.95,2.0,4.96,0.16,0.0,0.0,1027.0,8228.0,0.0,0.0,0.0,0.0,0.0,1.0,0.0,0.0,0.0,0.0,0.0,-0.9,0.0,1.1,0.0,0.0,16.0,25903.0
2026-07-30T19:03:35.569Z,385.052,385.068,0.0,7.4,0.0,0.0,0.0,0.0,0.0,0.0,0.0,0.0,1.0,0.0,0.0,0.0,9.0,4.0,0.0,0.0,0.0,0.0,0.0,0.0,0.0,0.0,2.0,12.0,1.0,12.19,5.01,2.5,1.49,0.0,0.0,0.0,361.4,0.0,-0.3,0.0,-0.1,-169.70000000000002,0.0,0.0,169.8,0.0,21.4,28.9,28.9,30.9,300.0,300.0,31.8,35.800000000000004,28.8,28.0,29.9,4.95,1.99,4.96,0.16,0.0,0.0,1027.0,8228.0,0.0,0.0,0.0,0.0,0.0,1.0,0.0,0.0,0.0,0.0,0.0,-0.3,0.0,1.3,0.0,0.0,16.0,25903.0
2026-07-30T19:03:35.581Z,385.064,385.08,0.0,7.4,0.0,0.0,0.0,0.0,0.0,0.0,0.0,0.0,1.0,0.0,0.0,0.0,9.0,4.0,0.0,0.0,0.0,0.0,0.0,0.0,0.0,0.0,4.0,12.0,1.0,12.19,5.01,2.5,1.49,0.0,0.1,0.0,361.3,0.0,-0.9,0.5,-0.7000000000000001,-169.70000000000002,0.0,0.0,169.8,0.0,21.4,28.9,28.9,30.9,300.0,300.0,31.8,35.800000000000004,28.8,28.0,29.9,4.96,2.0,4.96,0.16,0.0,0.0,1027.0,8228.0,0.0,0.0,0.0,0.0,0.0,1.0,0.0,0.0,0.0,0.0,0.0,1.1,0.0,0.4,0.0,0.0,16.0,25903.0
2026-07-30T19:03:35.593Z,385.076,385.092,0.0,7.4,0.0,0.0,0.0,0.0,0.0,0.0,0.0,0.0,1.0,0.0,0.0,0.0,9.0,4.0,0.0,0.0,0.0,0.0,0.0,0.0,0.0,0.0,5.0,12.0,1.0,12.19,5.01,2.5,1.49,0.0,0.0,0.0,361.3,0.0,-0.3,-0.5,-0.7000000000000001,-169.70000000000002,0.0,0.0,169.60000000000002,0.0,21.4,28.9,28.9,30.9,300.0,300.0,31.8,35.800000000000004,28.8,28.0,29.9,4.96,2.0,4.96,0.15,0.0,0.0,1027.0,8228.0,0.0,0.0,0.0,0.0,0.0,1.0,0.0,0.0,0.0,0.0,0.0,-1.2000000000000002,0.0,0.5,0.0,0.0,16.0,25903.0
2026-07-30T19:03:35.605Z,385.088,385.104,0.0,7.4,0.0,0.0,0.0,0.0,0.0,0.0,0.0,0.0,1.0,0.0,0.0,0.0,9.0,4.0,0.0,0.0,0.0,0.0,0.0,0.0,0.0,0.0,6.0,12.0,1.0,12.19,5.01,2.5,1.49,0.0,0.0,0.0,361.3,0.0,-0.8,0.5,1.0,-169.60000000000002,0.0,0.0,169.60000000000002,0.0,21.4,28.9,28.9,30.9,300.0,300.0,31.8,35.800000000000004,28.8,28.0,29.9,4.96,1.99,4.97,0.15,0.0,0.0,1027.0,8228.0,0.0,0.0,0.0,0.0,0.0,1.0,0.0,0.0,0.0,0.0,0.0,1.4,0.0,-0.7000000000000001,0.0,0.0,16.0,25903.0
2026-07-30T19:03:35.617Z,385.1,385.116,0.0,7.4,0.0,0.0,0.0,0.0,0.0,0.0,0.0,0.0,1.0,0.0,0.0,0.0,9.0,4.0,0.0,0.0,0.0,0.0,0.0,0.0,0.0,0.0,1.0,12.0,1.0,12.19,5.01,2.5,1.49,0.0,0.0,0.0,361.3,0.0,0.8,0.5,0.4,-169.70000000000002,0.0,0.0,169.8,0.0,21.4,28.9,28.9,30.9,300.0,300.0,31.8,35.800000000000004,28.8,28.0,29.9,4.96,1.99,4.96,0.16,0.0,0.0,1027.0,8228.0,0.0,0.0,0.0,0.0,0.0,1.0,0.0,0.0,0.0,0.0,0.0,0.9,0.0,-0.2,0.0,0.0,16.0,25903.0
2026-07-30T19:03:35.629Z,385.112,385.128,0.0,7.4,0.0,0.0,0.0,0.0,0.0,0.0,0.0,0.0,1.0,0.0,0.0,0.0,9.0,4.0,0.0,0.0,0.0,0.0,0.0,0.0,0.0,0.0,2.0,12.0,1.0,12.19,5.01,2.5,1.49,-0.1,0.1,0.0,361.3,0.0,-0.8,1.1,0.4,-169.70000000000002,0.0,0.0,169.8,0.0,21.4,28.9,28.9,30.9,300.0,300.0,31.8,35.800000000000004,28.8,28.0,29.9,4.96,2.0,4.96,0.16,0.0,0.0,1027.0,8228.0,0.0,0.0,0.0,0.0,0.0,1.0,0.0,0.0,0.0,0.0,0.0,1.0,0.0,-0.2,0.0,0.0,16.0,25903.0
2026-07-30T19:03:35.641Z,385.124,385.14,0.0,7.4,0.0,0.0,0.0,0.0,0.0,0.0,0.0,0.0,1.0,0.0,0.0,0.0,9.0,4.0,0.0,0.0,0.0,0.0,0.0,0.0,0.0,0.0,3.0,12.0,1.0,12.15,5.0200000000000005,2.5,1.49,0.0,0.0,0.0,361.3,0.0,-0.2,-0.5,-0.7000000000000001,-169.70000000000002,0.0,0.0,169.8,0.0,21.8,28.9,28.9,30.9,300.0,300.0,31.8,35.9,28.8,28.0,29.9,4.95,2.0,4.97,0.16,0.0,0.0,1027.0,8228.0,0.0,0.0,0.0,0.0,0.0,1.0,0.0,0.0,0.0,0.0,0.0,-1.5,0.0,1.0,0.0,0.0,16.0,25903.0
2026-07-30T19:03:35.653Z,385.136,385.152,0.0,7.4,0.0,0.0,0.0,0.0,0.0,0.0,0.0,0.0,1.0,0.0,0.0,0.0,9.0,4.0,0.0,0.0,0.0,0.0,0.0,0.0,0.0,0.0,5.0,12.0,1.0,12.15,5.0200000000000005,2.5,1.49,0.0,0.0,0.0,361.3,0.0,-0.2,-0.5,-0.1,-169.70000000000002,0.0,0.0,169.70000000000002,0.0,21.8,28.9,28.9,30.9,300.0,300.0,31.8,35.9,28.8,28.0,29.9,4.95,1.99,4.97,0.16,0.0,0.0,1027.0,8228.0,0.0,0.0,0.0,0.0,0.0,1.0,0.0,0.0,0.0,0.0,0.0,-0.4,0.0,0.6000000000000001,0.0,0.0,16.0,25903.0
2026-07-30T19:03:35.665Z,385.148,385.164,0.0,7.4,0.0,0.0,0.0,0.0,0.0,0.0,0.0,0.0,1.0,0.0,0.0,0.0,9.0,4.0,0.0,0.0,0.0,0.0,0.0,0.0,0.0,0.0,6.0,12.0,1.0,12.15,5.0200000000000005,2.5,1.49,0.0,0.0,0.0,361.4,0.0,0.3,0.6000000000000001,-1.3,-169.70000000000002,0.0,0.0,169.60000000000002,0.0,21.8,28.9,28.9,30.9,300.0,300.0,31.8,35.9,28.8,28.0,29.9,4.95,2.0,4.97,0.16,0.0,0.0,1027.0,8228.0,0.0,0.0,0.0,0.0,0.0,1.0,0.0,0.0,0.0,0.0,0.0,1.9,0.0,-1.3,0.0,0.0,16.0,25903.0
2026-07-30T19:03:35.677Z,385.16,385.176,0.0,7.4,0.0,0.0,0.0,0.0,0.0,0.0,0.0,0.0,1.0,0.0,0.0,0.0,9.0,4.0,0.0,0.0,0.0,0.0,0.0,0.0,0.0,0.0,2.0,12.0,1.0,12.15,5.0200000000000005,2.5,1.49,0.0,0.0,0.0,361.3,0.0,0.9,0.0,-1.3,-169.70000000000002,0.0,0.0,169.70000000000002,0.0,21.8,28.9,28.9,30.9,300.0,300.0,31.8,35.9,28.8,28.0,29.9,4.96,1.99,4.97,0.16,0.0,0.0,1027.0,8228.0,0.0,0.0,0.0,0.0,0.0,1.0,0.0,0.0,0.0,0.0,0.0,-0.9,0.0,1.1,0.0,0.0,16.0,25903.0
2026-07-30T19:03:35.689Z,385.172,385.188,0.0,7.4,0.0,0.0,0.0,0.0,0.0,0.0,0.0,0.0,1.0,0.0,0.0,0.0,9.0,4.0,0.0,0.0,0.0,0.0,0.0,0.0,0.0,0.0,3.0,12.0,1.0,12.15,5.0200000000000005,2.5,1.49,0.0,0.0,0.0,361.3,0.0,0.3,0.0,0.4,-169.70000000000002,0.0,0.0,169.70000000000002,0.0,21.8,28.9,28.9,30.9,300.0,300.0,31.8,35.9,28.8,28.0,29.9,4.95,1.99,4.97,0.16,0.0,0.0,1027.0,8228.0,0.0,0.0,0.0,0.0,0.0,1.0,0.0,0.0,0.0,0.0,0.0,0.3,0.0,-0.3,0.0,0.0,16.0,25903.0
2026-07-30T19:03:35.701Z,385.184,385.2,0.0,7.4,0.0,0.0,0.0,0.0,0.0,0.0,0.0,0.0,1.0,0.0,0.0,0.0,9.0,4.0,0.0,0.0,0.0,0.0,0.0,0.0,0.0,0.0,5.0,12.0,1.0,12.15,5.0200000000000005,2.5,1.49,0.0,0.0,0.0,361.4,0.0,-0.2,-0.5,-0.1,-169.70000000000002,0.0,0.0,169.70000000000002,0.0,21.8,28.9,28.9,30.9,300.0,300.0,31.8,35.9,28.8,28.0,29.9,4.96,2.0,4.96,0.16,0.0,0.0,1027.0,8228.0,0.0,0.0,0.0,0.0,0.0,1.0,0.0,0.0,0.0,0.0,0.0,-0.8,0.0,0.0,0.0,0.0,16.0,25903.0
2026-07-30T19:03:35.713Z,385.196,385.212,0.0,7.4,0.0,0.0,0.0,0.0,0.0,0.0,0.0,0.0,1.0,0.0,0.0,0.0,9.0,4.0,0.0,0.0,0.0,0.0,0.0,0.0,0.0,0.0,6.0,12.0,1.0,12.15,5.0200000000000005,2.5,1.49,0.0,0.0,0.0,361.4,0.0,-0.2,0.5,-1.2000000000000002,-169.70000000000002,0.0,0.0,169.70000000000002,0.0,21.8,28.9,28.9,30.9,300.0,300.0,31.8,35.9,28.8,28.0,29.9,4.96,2.0,4.96,0.16,0.0,0.0,1027.0,8228.0,0.0,0.0,0.0,0.0,0.0,1.0,0.0,0.0,0.0,0.0,0.0,-0.3,0.0,1.2000000000000002,0.0,0.0,16.0,25903.0
2026-07-30T19:03:35.725Z,385.208,385.224,0.0,7.4,0.0,0.0,0.0,0.0,0.0,0.0,0.0,0.0,1.0,0.0,0.0,0.0,9.0,4.0,0.0,0.0,0.0,0.0,0.0,0.0,0.0,0.0,2.0,12.0,1.0,12.15,5.0200000000000005,2.5,1.49,0.0,0.1,0.0,361.4,0.0,0.3,-0.6000000000000001,-0.1,-169.70000000000002,0.0,0.0,169.60000000000002,0.0,21.8,28.9,28.9,30.9,300.0,300.0,31.8,35.9,28.8,28.0,29.9,4.95,1.99,4.96,0.16,0.0,0.0,1027.0,8228.0,0.0,0.0,0.0,0.0,0.0,1.0,0.0,0.0,0.0,0.0,0.0,-0.8,0.0,0.0,0.0,0.0,16.0,25903.0
2026-07-30T19:03:35.738Z,385.221,385.236,0.0,7.4,0.0,0.0,0.0,0.0,0.0,0.0,0.0,0.0,1.0,0.0,0.0,0.0,9.0,4.0,0.0,0.0,0.0,0.0,0.0,0.0,0.0,0.0,3.0,12.0,1.0,12.17,5.01,2.51,1.49,0.0,0.1,0.0,361.4,0.0,0.9,-0.6000000000000001,-0.6000000000000001,-169.70000000000002,0.0,0.0,169.70000000000002,0.0,21.4,28.9,28.9,30.9,300.0,300.0,31.8,35.9,28.8,28.0,29.9,4.95,1.99,4.97,0.16,0.0,0.0,1027.0,8228.0,0.0,0.0,0.0,0.0,0.0,1.0,0.0,0.0,0.0,0.0,0.0,-1.1,0.0,0.4,0.0,0.0,16.0,25903.0
2026-07-30T19:03:35.749Z,385.232,385.248,0.0,7.4,0.0,0.0,0.0,0.0,0.0,0.0,0.0,0.0,1.0,0.0,0.0,0.0,9.0,4.0,0.0,0.0,0.0,0.0,0.0,0.0,0.0,0.0,5.0,12.0,1.0,12.17,5.01,2.51,1.49,0.0,0.0,0.0,361.3,0.0,-0.2,-1.2000000000000002,-1.1,-169.70000000000002,0.0,0.0,169.70000000000002,0.0,21.4,28.9,28.9,30.9,300.0,300.0,31.8,35.9,28.8,28.0,29.9,4.96,2.0,4.97,0.16,0.0,0.0,1027.0,8228.0,0.0,0.0,0.0,0.0,0.0,1.0,0.0,0.0,0.0,0.0,0.0,-2.2,0.0,0.8,0.0,0.0,16.0,25903.0
2026-07-30T19:03:35.762Z,385.245,385.26,0.0,7.4,0.0,0.0,0.0,0.0,0.0,0.0,0.0,0.0,1.0,0.0,0.0,0.0,9.0,4.0,0.0,0.0,0.0,0.0,0.0,0.0,0.0,0.0,6.0,12.0,1.0,12.17,5.01,2.51,1.49,0.0,0.0,0.0,361.3,0.0,-0.2,0.5,0.6000000000000001,-169.70000000000002,0.0,0.0,169.8,0.0,21.4,28.9,28.9,30.9,300.0,300.0,31.8,35.9,28.8,28.0,29.9,4.96,1.99,4.97,0.16,0.0,0.0,1027.0,8228.0,0.0,0.0,0.0,0.0,0.0,1.0,0.0,0.0,0.0,0.0,0.0,1.0,0.0,-0.4,0.0,0.0,16.0,25903.0
2026-07-30T19:03:35.773Z,385.256,385.272,0.0,7.4,0.0,0.0,0.0,0.0,0.0,0.0,0.0,0.0,1.0,0.0,0.0,0.0,9.0,4.0,0.0,0.0,0.0,0.0,0.0,0.0,0.0,0.0,1.0,12.0,1.0,12.17,5.01,2.51,1.49,0.0,0.0,0.0,361.3,0.0,0.9,0.0,0.0,-169.70000000000002,0.0,0.0,169.60000000000002,0.0,21.4,28.9,28.9,30.9,300.0,300.0,31.8,35.9,28.8,28.0,29.9,4.95,1.99,4.97,0.16,0.0,0.0,1027.0,8228.0,0.0,0.0,0.0,0.0,0.0,1.0,0.0,0.0,0.0,0.0,0.0,0.0,0.0,0.0,0.0,0.0,16.0,25903.0
2026-07-30T19:03:35.785Z,385.268,385.284,0.0,7.4,0.0,0.0,0.0,0.0,0.0,0.0,0.0,0.0,1.0,0.0,0.0,0.0,9.0,4.0,0.0,0.0,0.0,0.0,0.0,0.0,0.0,0.0,2.0,12.0,1.0,12.17,5.01,2.51,1.49,0.0,0.0,0.0,361.3,0.0,0.4,0.0,0.6000000000000001,-169.70000000000002,0.0,0.0,169.70000000000002,0.0,21.4,28.9,28.9,30.9,300.0,300.0,31.8,35.9,28.8,28.0,29.9,4.96,1.99,4.96,0.16,0.0,0.0,1027.0,8228.0,0.0,0.0,0.0,0.0,0.0,1.0,0.0,0.0,0.0,0.0,0.0,0.4,0.0,-0.5,0.0,0.0,16.0,25903.0
2026-07-30T19:03:35.797Z,385.28,385.296,0.0,7.4,0.0,0.0,0.0,0.0,0.0,0.0,0.0,0.0,1.0,0.0,0.0,0.0,9.0,4.0,0.0,0.0,0.0,0.0,0.0,0.0,0.0,0.0,3.0,12.0,1.0,12.17,5.01,2.51,1.49,0.0,0.0,0.0,361.3,0.0,0.4,-0.5,-0.5,-169.70000000000002,0.0,0.0,169.70000000000002,0.0,21.4,28.9,28.9,30.9,300.0,300.0,31.8,35.9,28.8,28.0,29.9,4.95,1.99,4.97,0.16,0.0,0.0,1027.0,8228.0,0.0,0.0,0.0,0.0,0.0,1.0,0.0,0.0,0.0,0.0,0.0,-1.0,0.0,0.3,0.0,0.0,16.0,25903.0
2026-07-30T19:03:35.809Z,385.292,385.308,0.0,7.4,0.0,0.0,0.0,0.0,0.0,0.0,0.0,0.0,1.0,0.0,0.0,0.0,9.0,4.0,0.0,0.0,0.0,0.0,0.0,0.0,0.0,0.0,4.0,12.0,1.0,12.17,5.01,2.51,1.49,0.0,0.0,0.0,361.4,0.0,-0.1,0.0,-0.5,-169.70000000000002,0.0,0.0,169.70000000000002,0.0,21.4,28.9,28.9,30.9,300.0,300.0,31.8,35.9,28.8,28.0,29.9,4.95,1.99,4.97,0.16,0.0,0.0,1027.0,8228.0,0.0,0.0,0.0,0.0,0.0,1.0,0.0,0.0,0.0,0.0,0.0,-0.4,0.0,0.4,0.0,0.0,16.0,25903.0
2026-07-30T19:03:35.821Z,385.304,385.32,0.0,7.4,0.0,0.0,0.0,0.0,0.0,0.0,0.0,0.0,1.0,0.0,0.0,0.0,9.0,4.0,0.0,0.0,0.0,0.0,0.0,0.0,0.0,0.0,5.0,12.0,1.0,12.17,5.01,2.51,1.49,0.0,0.1,0.0,361.3,0.0,-0.7000000000000001,1.1,-1.1,-169.70000000000002,0.0,0.0,169.70000000000002,0.0,21.4,28.9,28.9,30.9,300.0,300.0,31.8,35.9,28.8,28.0,29.9,4.95,1.99,4.97,0.16,0.0,0.0,1027.0,8228.0,0.0,0.0,0.0,0.0,0.0,1.0,0.0,0.0,0.0,0.0,0.0,0.4,0.0,1.2000000000000002,0.0,0.0,16.0,25903.0
2026-07-30T19:03:35.833Z,385.316,385.332,0.0,7.4,0.0,0.0,0.0,0.0,0.0,0.0,0.0,0.0,1.0,0.0,0.0,0.0,9.0,4.0,0.0,0.0,0.0,0.0,0.0,0.0,0.0,0.0,6.0,12.0,1.0,12.17,5.01,2.51,1.49,0.0,0.0,0.0,361.3,0.0,-0.1,0.0,-0.5,-169.60000000000002,0.0,0.0,169.70000000000002,0.0,21.4,28.9,28.9,30.9,300.0,300.0,31.8,35.9,28.8,28.0,29.9,4.96,1.99,4.96,0.15,0.0,0.0,1027.0,8228.0,0.0,0.0,0.0,0.0,0.0,1.0,0.0,0.0,0.0,0.0,0.0,-0.4,0.0,0.4,0.0,0.0,16.0,25903.0
2026-07-30T19:03:35.845Z,385.328,385.344,0.0,7.4,0.0,0.0,0.0,0.0,0.0,0.0,0.0,0.0,1.0,0.0,0.0,0.0,9.0,4.0,0.0,0.0,0.0,0.0,0.0,0.0,0.0,0.0,1.0,12.0,1.0,12.19,5.01,2.51,1.49,0.0,0.0,0.0,361.4,0.0,-0.7000000000000001,-0.6000000000000001,-1.7000000000000002,-169.60000000000002,0.0,0.0,169.70000000000002,0.0,21.200000000000003,28.9,28.9,30.9,300.0,300.0,31.8,35.9,28.8,28.0,29.9,4.96,1.99,4.97,0.15,0.0,0.0,1027.0,8228.0,0.0,0.0,0.0,0.0,0.0,1.0,0.0,0.0,0.0,0.0,0.0,-2.0,0.0,1.4,0.0,0.0,16.0,25903.0
2026-07-30T19:03:35.857Z,385.34,385.356,0.0,7.4,0.0,0.0,0.0,0.0,0.0,0.0,0.0,0.0,1.0,0.0,0.0,0.0,9.0,4.0,0.0,0.0,0.0,0.0,0.0,0.0,0.0,0.0,1.0,12.0,1.0,12.19,5.01,2.51,1.49,0.0,0.0,0.0,361.3,0.0,-0.1,0.5,-0.5,-169.60000000000002,0.0,0.0,169.70000000000002,0.0,21.200000000000003,28.9,28.9,30.9,300.0,300.0,31.8,35.9,28.8,28.0,29.9,4.96,2.0,4.96,0.16,0.0,0.0,1027.0,8228.0,0.0,0.0,0.0,0.0,0.0,1.0,0.0,0.0,0.0,0.0,0.0,0.1,0.0,0.5,0.0,0.0,16.0,25903.0
2026-07-30T19:03:35.869Z,385.352,385.368,0.0,7.4,0.0,0.0,0.0,0.0,0.0,0.0,0.0,0.0,1.0,0.0,0.0,0.0,9.0,4.0,0.0,0.0,0.0,0.0,0.0,0.0,0.0,0.0,2.0,12.0,1.0,12.19,5.01,2.51,1.49,0.0,0.0,0.0,361.3,0.0,0.4,0.5,0.6000000000000001,-169.60000000000002,0.0,0.0,169.70000000000002,0.0,21.200000000000003,28.9,28.9,30.9,300.0,300.0,31.8,35.9,28.8,28.0,29.9,4.96,1.99,4.96,0.16,0.0,0.0,1027.0,8228.0,0.0,0.0,0.0,0.0,0.0,1.0,0.0,0.0,0.0,0.0,0.0,1.1,0.0,-0.4,0.0,0.0,16.0,25903.0
2026-07-30T19:03:35.881Z,385.364,385.38,0.0,7.4,0.0,0.0,0.0,0.0,0.0,0.0,0.0,0.0,1.0,0.0,0.0,0.0,9.0,4.0,0.0,0.0,0.0,0.0,0.0,0.0,0.0,0.0,3.0,12.0,1.0,12.19,5.01,2.51,1.49,0.0,0.0,0.0,361.4,0.0,0.4,0.0,0.0,-169.60000000000002,0.0,0.0,169.60000000000002,0.0,21.200000000000003,28.9,28.9,30.9,300.0,300.0,31.8,35.9,28.8,28.0,29.9,4.95,1.99,4.96,0.16,0.0,0.0,1027.0,8228.0,0.0,0.0,0.0,0.0,0.0,1.0,0.0,0.0,0.0,0.0,0.0,0.0,0.0,0.0,0.0,0.0,16.0,25903.0
2026-07-30T19:03:35.893Z,385.376,385.392,0.0,7.4,0.0,0.0,0.0,0.0,0.0,0.0,0.0,0.0,1.0,0.0,0.0,0.0,9.0,4.0,0.0,0.0,0.0,0.0,0.0,0.0,0.0,0.0,4.0,12.0,1.0,12.19,5.01,2.51,1.49,0.0,0.0,0.0,361.4,0.0,0.3,0.0,-0.5,-169.60000000000002,0.0,0.0,169.70000000000002,0.0,21.200000000000003,28.9,28.9,30.9,300.0,300.0,31.8,35.9,28.8,28.0,29.9,4.95,1.99,4.97,0.16,0.0,0.0,1027.0,8228.0,0.0,0.0,0.0,0.0,0.0,1.0,0.0,0.0,0.0,0.0,0.0,-0.5,0.0,0.4,0.0,0.0,16.0,25903.0
2026-07-30T19:03:35.905Z,385.388,385.404,0.0,7.4,0.0,0.0,0.0,0.0,0.0,0.0,0.0,0.0,1.0,0.0,0.0,0.0,9.0,4.0,0.0,0.0,0.0,0.0,0.0,0.0,0.0,0.0,5.0,12.0,1.0,12.19,5.01,2.51,1.49,0.0,0.0,0.0,361.4,0.0,-0.2,-0.1,1.0,-169.60000000000002,0.0,0.0,169.70000000000002,0.0,21.200000000000003,28.9,28.9,30.9,300.0,300.0,31.8,35.9,28.8,28.0,29.9,4.95,1.99,4.97,0.16,0.0,0.0,1027.0,8228.0,0.0,0.0,0.0,0.0,0.0,1.0,0.0,0.0,0.0,0.0,0.0,0.6000000000000001,0.0,-0.9,0.0,0.0,16.0,25903.0
2026-07-30T19:03:35.917Z,385.4,385.416,0.0,7.4,0.0,0.0,0.0,0.0,0.0,0.0,0.0,0.0,1.0,0.0,0.0,0.0,9.0,4.0,0.0,0.0,0.0,0.0,0.0,0.0,0.0,0.0,1.0,12.0,1.0,12.19,5.01,2.51,1.49,0.0,0.0,0.0,361.4,0.0,-1.4,-0.7000000000000001,-1.2000000000000002,-169.60000000000002,0.0,0.0,169.60000000000002,0.0,21.200000000000003,28.9,28.9,30.9,300.0,300.0,31.8,35.9,28.8,28.0,29.9,4.96,1.99,4.97,0.16,0.0,0.0,1027.0,8228.0,0.0,0.0,0.0,0.0,0.0,1.0,0.0,0.0,0.0,0.0,0.0,-1.7000000000000002,0.0,0.9,0.0,0.0,16.0,25903.0
2026-07-30T19:03:35.929Z,385.412,385.428,0.0,7.4,0.0,0.0,0.0,0.0,0.0,0.0,0.0,0.0,1.0,0.0,0.0,0.0,9.0,4.0,0.0,0.0,0.0,0.0,0.0,0.0,0.0,0.0,2.0,12.0,1.0,12.19,5.01,2.51,1.49,0.0,0.1,0.0,361.3,0.0,-0.2,-1.2000000000000002,0.0,-169.60000000000002,0.0,0.0,169.60000000000002,0.0,21.200000000000003,28.9,28.9,30.9,300.0,300.0,31.8,35.9,28.8,28.0,29.9,4.95,1.99,4.97,0.16,0.0,0.0,1027.0,8228.0,0.0,0.0,0.0,0.0,0.0,1.0,0.0,0.0,0.0,0.0,0.0,-1.4,0.0,-0.2,0.0,0.0,16.0,25903.0
2026-07-30T19:03:35.942Z,385.425,385.44,0.0,7.4,0.0,0.0,0.0,0.0,0.0,0.0,0.0,0.0,1.0,0.0,0.0,0.0,9.0,4.0,0.0,0.0,0.0,0.0,0.0,0.0,0.0,0.0,3.0,12.0,1.0,12.18,5.01,2.5,1.49,0.0,0.0,0.0,361.3,0.0,0.3,0.4,1.7000000000000002,-169.60000000000002,0.0,0.0,169.70000000000002,0.0,21.0,28.9,28.9,30.9,300.0,300.0,31.8,35.800000000000004,28.8,28.0,29.9,4.96,1.99,4.96,0.16,0.0,0.0,1027.0,8228.0,0.0,0.0,0.0,0.0,0.0,1.0,0.0,0.0,0.0,0.0,0.0,1.8,0.0,-1.4,0.0,0.0,16.0,25903.0
2026-07-30T19:03:35.953Z,385.436,385.452,0.0,7.4,0.0,0.0,0.0,0.0,0.0,0.0,0.0,0.0,1.0,0.0,0.0,0.0,9.0,4.0,0.0,0.0,0.0,0.0,0.0,0.0,0.0,0.0,4.0,12.0,1.0,12.18,5.01,2.5,1.49,0.0,0.0,0.0,361.3,0.0,0.9,0.5,0.5,-169.60000000000002,0.0,0.0,169.70000000000002,0.0,21.0,28.9,28.9,30.9,300.0,300.0,31.8,35.800000000000004,28.8,28.0,29.9,4.96,1.99,4.97,0.16,0.0,0.0,1027.0,8228.0,0.0,0.0,0.0,0.0,0.0,1.0,0.0,0.0,0.0,0.0,0.0,0.9,0.0,-0.3,0.0,0.0,16.0,25903.0
2026-07-30T19:03:35.965Z,385.448,385.464,0.0,7.4,0.0,0.0,0.0,0.0,0.0,0.0,0.0,0.0,1.0,0.0,0.0,0.0,9.0,4.0,0.0,0.0,0.0,0.0,0.0,0.0,0.0,0.0,5.0,12.0,1.0,12.18,5.01,2.5,1.49,0.0,0.1,0.0,361.4,0.0,-1.4,-1.2000000000000002,-1.1,-169.60000000000002,0.0,0.0,169.60000000000002,0.0,21.0,28.9,28.9,30.9,300.0,300.0,31.8,35.800000000000004,28.8,28.0,29.9,4.95,1.99,4.97,0.16,0.0,0.0,1027.0,8228.0,0.0,0.0,0.0,0.0,0.0,1.0,0.0,0.0,0.0,0.0,0.0,0.1,0.0,-1.1,0.0,0.0,16.0,25903.0
2026-07-30T19:03:35.978Z,385.461,385.476,0.0,7.4,0.0,0.0,0.0,0.0,0.0,0.0,0.0,0.0,1.0,0.0,0.0,0.0,9.0,4.0,0.0,0.0,0.0,0.0,0.0,0.0,0.0,0.0,1.0,12.0,1.0,12.18,5.01,2.5,1.49,0.0,0.0,0.0,361.3,0.0,0.3,0.4,1.1,-169.60000000000002,0.0,0.0,169.70000000000002,0.0,21.0,28.9,28.9,30.9,300.0,300.0,31.8,35.800000000000004,28.8,28.0,29.9,4.95,1.99,4.97,0.16,0.0,0.0,1027.0,8228.0,0.0,0.0,0.0,0.0,0.0,1.0,0.0,0.0,0.0,0.0,0.0,2.4000000000000004,0.0,-1.2000000000000002,0.0,0.0,16.0,25903.0
2026-07-30T19:03:35.989Z,385.472,385.488,0.0,7.4,0.0,0.0,0.0,0.0,0.0,0.0,0.0,0.0,1.0,0.0,0.0,0.0,9.0,4.0,0.0,0.0,0.0,0.0,0.0,0.0,0.0,0.0,2.0,12.0,1.0,12.18,5.01,2.5,1.49,0.0,0.0,0.0,361.3,0.0,0.3,0.4,1.1,-169.60000000000002,0.0,0.0,169.60000000000002,0.0,21.0,28.9,28.9,30.9,300.0,300.0,31.8,35.800000000000004,28.8,28.0,29.9,4.96,2.0,4.97,0.16,0.0,0.0,1027.0,8228.0,0.0,0.0,0.0,0.0,0.0,1.0,0.0,0.0,0.0,0.0,0.0,-0.5,0.0,0.5,0.0,0.0,16.0,25903.0
2026-07-30T19:03:36.002Z,385.485,385.5,0.0,7.4,0.0,0.0,0.0,0.0,0.0,0.0,0.0,0.0,1.0,0.0,0.0,0.0,9.0,4.0,0.0,0.0,0.0,0.0,0.0,0.0,0.0,0.0,3.0,12.0,1.0,12.18,5.01,2.5,1.49,0.0,0.1,0.0,361.3,0.0,-0.8,-0.6000000000000001,-1.7000000000000002,-169.60000000000002,0.0,0.0,169.60000000000002,0.0,21.0,28.9,28.9,30.9,300.0,300.0,31.8,35.800000000000004,28.8,28.0,29.9,4.96,1.99,4.97,0.15,0.0,0.0,1027.0,8228.0,0.0,0.0,0.0,0.0,0.0,1.0,0.0,0.0,0.0,0.0,0.0,-2.0,0.0,1.4,0.0,0.0,16.0,25903.0
2026-07-30T19:03:36.013Z,385.496,385.512,0.0,7.4,0.0,0.0,0.0,0.0,0.0,0.0,0.0,0.0,1.0,0.0,0.0,0.0,9.0,4.0,0.0,0.0,0.0,0.0,0.0,0.0,0.0,0.0,4.0,12.0,1.0,12.18,5.01,2.5,1.49,0.0,0.0,0.0,361.3,0.0,-0.2,0.0,0.0,-169.60000000000002,0.0,0.0,169.70000000000002,0.0,21.0,28.9,28.9,30.9,300.0,300.0,31.8,35.800000000000004,28.8,28.0,29.9,4.95,1.99,4.97,0.16,0.0,0.0,1027.0,8228.0,0.0,0.0,0.0,0.0,0.0,1.0,0.0,0.0,0.0,0.0,0.0,0.0,0.0,0.0,0.0,0.0,16.0,25903.0
2026-07-30T19:03:36.025Z,385.508,385.524,0.0,7.4,0.0,0.0,0.0,0.0,0.0,0.0,0.0,0.0,1.0,0.0,0.0,0.0,9.0,4.0,0.0,0.0,0.0,0.0,0.0,0.0,0.0,0.0,5.0,12.0,1.0,12.18,5.01,2.5,1.49,0.0,0.0,0.0,361.3,0.0,-0.2,0.0,0.0,-169.60000000000002,0.0,0.0,169.70000000000002,0.0,21.0,28.9,28.9,30.9,300.0,300.0,31.8,35.800000000000004,28.8,28.0,29.9,4.96,1.99,4.96,0.16,0.0,0.0,1027.0,8228.0,0.0,0.0,0.0,0.0,0.0,1.0,0.0,0.0,0.0,0.0,0.0,0.0,0.0,0.0,0.0,0.0,16.0,25903.0
2026-07-30T19:03:36.037Z,385.52,385.536,0.0,7.4,0.0,0.0,0.0,0.0,0.0,0.0,0.0,0.0,1.0,0.0,0.0,0.0,9.0,4.0,0.0,0.0,0.0,0.0,0.0,0.0,0.0,0.0,6.0,12.0,1.0,12.18,5.01,2.5,1.49,0.0,0.0,0.0,361.3,0.0,0.3,-0.5,1.2000000000000002,-169.60000000000002,0.0,0.0,169.70000000000002,0.0,21.0,28.9,28.9,30.9,300.0,300.0,31.8,35.800000000000004,28.8,28.0,29.9,4.95,2.0,4.96,0.16,0.0,0.0,1027.0,8228.0,0.0,0.0,0.0,0.0,0.0,1.0,0.0,0.0,0.0,0.0,0.0,0.3,0.0,-1.2000000000000002,0.0,0.0,16.0,25903.0
2026-07-30T19:03:36.049Z,385.532,385.548,0.0,7.4,0.0,0.0,0.0,0.0,0.0,0.0,0.0,0.0,1.0,0.0,0.0,0.0,9.0,4.0,0.0,0.0,0.0,0.0,0.0,0.0,0.0,0.0,1.0,12.0,1.0,12.17,5.01,2.51,1.49,0.0,0.0,0.0,361.3,0.0,-0.2,0.6000000000000001,0.6000000000000001,-169.60000000000002,0.0,0.0,169.8,0.0,21.4,28.9,28.9,30.9,300.0,300.0,31.700000000000003,35.9,28.8,28.0,29.9,4.95,1.99,4.97,0.16,0.0,0.0,1027.0,8228.0,0.0,0.0,0.0,0.0,0.0,1.0,0.0,0.0,0.0,0.0,0.0,0.3,0.0,0.5,0.0,0.0,16.0,25903.0
2026-07-30T19:03:36.062Z,385.545,385.56,0.0,7.4,0.0,0.0,0.0,0.0,0.0,0.0,0.0,0.0,1.0,0.0,0.0,0.0,9.0,4.0,0.0,0.0,0.0,0.0,0.0,0.0,0.0,0.0,3.0,12.0,1.0,12.17,5.01,2.51,1.49,0.0,0.0,0.0,361.3,0.0,0.3,1.2000000000000002,1.8,-169.60000000000002,0.0,0.0,169.70000000000002,0.0,21.4,28.9,28.9,30.9,300.0,300.0,31.700000000000003,35.9,28.8,28.0,29.9,4.95,1.99,4.97,0.16,0.0,0.0,1027.0,8228.0,0.0,0.0,0.0,0.0,0.0,1.0,0.0,0.0,0.0,0.0,0.0,0.5,0.0,-0.5,0.0,0.0,16.0,25903.0
2026-07-30T19:03:36.073Z,385.556,385.572,0.0,7.4,0.0,0.0,0.0,0.0,0.0,0.0,0.0,0.0,1.0,0.0,0.0,0.0,9.0,4.0,0.0,0.0,0.0,0.0,0.0,0.0,0.0,0.0,3.0,12.0,1.0,12.17,5.01,2.51,1.49,0.0,0.0,0.0,361.3,0.0,-0.9,-1.1,-0.4,-169.60000000000002,0.0,0.0,169.70000000000002,0.0,21.4,28.9,28.9,30.9,300.0,300.0,31.700000000000003,35.9,28.8,28.0,29.9,4.96,1.99,4.96,0.16,0.0,0.0,1027.0,8228.0,0.0,0.0,0.0,0.0,0.0,1.0,0.0,0.0,0.0,0.0,0.0,-0.5,0.0,-0.1,0.0,0.0,16.0,25903.0
2026-07-30T19:03:36.085Z,385.568,385.584,0.0,7.4,0.0,0.0,0.0,0.0,0.0,0.0,0.0,0.0,1.0,0.0,0.0,0.0,9.0,4.0,0.0,0.0,0.0,0.0,0.0,0.0,0.0,0.0,5.0,12.0,1.0,12.17,5.01,2.51,1.49,0.0,0.0,0.0,361.3,0.0,0.2,0.6000000000000001,0.0,-169.60000000000002,0.0,0.0,169.60000000000002,0.0,21.4,28.9,28.9,30.9,300.0,300.0,31.700000000000003,35.9,28.8,28.0,29.9,4.96,1.99,4.97,0.16,0.0,0.0,1027.0,8228.0,0.0,0.0,0.0,0.0,0.0,1.0,0.0,0.0,0.0,0.0,0.0,0.7000000000000001,0.0,0.1,0.0,0.0,16.0,25903.0
2026-07-30T19:03:36.097Z,385.58,385.596,0.0,7.4,0.0,0.0,0.0,0.0,0.0,0.0,0.0,0.0,1.0,0.0,0.0,0.0,9.0,4.0,0.0,0.0,0.0,0.0,0.0,0.0,0.0,0.0,6.0,12.0,1.0,12.17,5.01,2.51,1.49,0.0,0.0,0.0,361.4,0.0,0.8,0.5,-1.1,-169.60000000000002,0.0,0.0,169.70000000000002,0.0,21.4,28.9,28.9,30.9,300.0,300.0,31.700000000000003,35.9,28.8,28.0,29.9,4.96,1.99,4.96,0.16,0.0,0.0,1027.0,8228.0,0.0,0.0,0.0,0.0,0.0,1.0,0.0,0.0,0.0,0.0,0.0,3.3000000000000003,0.0,-1.1,0.0,0.0,16.0,25903.0
2026-07-30T19:03:36.109Z,385.592,385.608,0.0,7.4,0.0,0.0,0.0,0.0,0.0,0.0,0.0,0.0,1.0,0.0,0.0,0.0,9.0,4.0,0.0,0.0,0.0,0.0,0.0,0.0,0.0,0.0,1.0,12.0,1.0,12.17,5.01,2.51,1.49,0.0,0.1,0.0,361.3,0.0,0.3,0.6000000000000001,0.5,-169.60000000000002,0.0,0.0,169.70000000000002,0.0,21.4,28.9,28.9,30.9,300.0,300.0,31.700000000000003,35.9,28.8,28.0,29.9,4.96,2.0,4.96,0.16,0.0,0.0,1027.0,8228.0,0.0,0.0,0.0,0.0,0.0,1.0,0.0,0.0,0.0,0.0,0.0,0.4,0.0,-0.5,0.0,0.0,16.0,25903.0
2026-07-30T19:03:36.121Z,385.604,385.62,0.0,7.4,0.0,0.0,0.0,0.0,0.0,0.0,0.0,0.0,1.0,0.0,0.0,0.0,9.0,4.0,0.0,0.0,0.0,0.0,0.0,0.0,0.0,0.0,3.0,12.0,1.0,12.17,5.01,2.51,1.49,0.0,0.0,0.0,361.3,0.0,-0.8,-0.4,1.1,-169.60000000000002,0.0,0.0,169.8,0.0,21.4,28.9,28.9,30.9,300.0,300.0,31.700000000000003,35.9,28.8,28.0,29.9,4.96,2.0,4.96,0.16,0.0,0.0,1027.0,8228.0,0.0,0.0,0.0,0.0,0.0,1.0,0.0,0.0,0.0,0.0,0.0,-0.9,0.0,0.3,0.0,0.0,16.0,25903.0
2026-07-30T19:03:36.133Z,385.616,385.632,0.0,7.4,0.0,0.0,0.0,0.0,0.0,0.0,0.0,0.0,1.0,0.0,0.0,0.0,9.0,4.0,0.0,0.0,0.0,0.0,0.0,0.0,0.0,0.0,3.0,12.0,1.0,12.17,5.01,2.51,1.49,0.0,0.1,0.0,361.4,0.0,-0.2,0.0,1.1,-169.60000000000002,0.0,0.0,169.70000000000002,0.0,21.4,28.9,28.9,30.9,300.0,300.0,31.700000000000003,35.9,28.8,28.0,29.9,4.95,1.99,4.97,0.16,0.0,0.0,1027.0,8228.0,0.0,0.0,0.0,0.0,0.0,1.0,0.0,0.0,0.0,0.0,0.0,0.9,0.0,-1.0,0.0,0.0,16.0,25903.0
2026-07-30T19:03:36.146Z,385.629,385.644,0.0,7.4,0.0,0.0,0.0,0.0,0.0,0.0,0.0,0.0,1.0,0.0,0.0,0.0,9.0,4.0,0.0,0.0,0.0,0.0,0.0,0.0,0.0,0.0,4.0,12.0,1.0,12.15,5.01,2.51,1.49,0.0,0.0,0.0,361.3,0.0,-0.2,-1.1,-0.6000000000000001,-169.60000000000002,0.0,0.0,169.60000000000002,0.0,21.8,28.9,28.9,30.9,300.0,300.0,31.6,35.9,28.8,28.1,29.9,4.95,2.0,4.96,0.16,0.0,0.0,1027.0,8228.0,0.0,0.0,0.0,0.0,0.0,1.0,0.0,0.0,0.0,0.0,0.0,-1.7000000000000002,0.0,0.3,0.0,0.0,16.0,25903.0
2026-07-30T19:03:36.157Z,385.64,385.656,0.0,7.4,0.0,0.0,0.0,0.0,0.0,0.0,0.0,0.0,1.0,0.0,0.0,0.0,9.0,4.0,0.0,0.0,0.0,0.0,0.0,0.0,0.0,0.0,5.0,12.0,1.0,12.15,5.01,2.51,1.49,0.0,0.0,0.0,361.3,0.0,0.2,1.1,-0.6000000000000001,-169.60000000000002,0.0,0.0,169.60000000000002,0.0,21.8,28.9,28.9,30.9,300.0,300.0,31.6,35.9,28.8,28.1,29.9,4.96,1.99,4.96,0.16,0.0,0.0,1027.0,8228.0,0.0,0.0,0.0,0.0,0.0,1.0,0.0,0.0,0.0,0.0,0.0,0.8,0.0,0.8,0.0,0.0,16.0,25903.0
2026-07-30T19:03:36.169Z,385.652,385.668,0.0,7.4,0.0,0.0,0.0,0.0,0.0,0.0,0.0,0.0,1.0,0.0,0.0,0.0,9.0,4.0,0.0,0.0,0.0,0.0,0.0,0.0,0.0,0.0,6.0,12.0,1.0,12.15,5.01,2.51,1.49,0.0,0.0,0.0,361.3,0.0,0.2,-1.1,-0.6000000000000001,-169.60000000000002,0.0,0.0,169.70000000000002,0.0,21.8,28.9,28.9,30.9,300.0,300.0,31.6,35.9,28.8,28.1,29.9,4.95,1.99,4.97,0.16,0.0,0.0,1027.0,8228.0,0.0,0.0,0.0,0.0,0.0,1.0,0.0,0.0,0.0,0.0,0.0,1.0,0.0,-0.3,0.0,0.0,16.0,25903.0
2026-07-30T19:03:36.181Z,385.664,385.68,0.0,7.4,0.0,0.0,0.0,0.0,0.0,0.0,0.0,0.0,1.0,0.0,0.0,0.0,9.0,4.0,0.0,0.0,0.0,0.0,0.0,0.0,0.0,0.0,1.0,12.0,1.0,12.15,5.01,2.51,1.49,0.0,0.0,0.0,361.4,0.0,0.2,0.0,-0.1,-169.60000000000002,0.0,0.0,169.70000000000002,0.0,21.8,28.9,28.9,30.9,300.0,300.0,31.6,35.9,28.8,28.1,29.9,4.96,1.99,4.96,0.16,0.0,0.0,1027.0,8228.0,0.0,0.0,0.0,0.0,0.0,1.0,0.0,0.0,0.0,0.0,0.0,0.3,0.0,-0.4,0.0,0.0,16.0,25903.0
2026-07-30T19:03:36.193Z,385.676,385.692,0.0,7.4,0.0,0.0,0.0,0.0,0.0,0.0,0.0,0.0,1.0,0.0,0.0,0.0,9.0,4.0,0.0,0.0,0.0,0.0,0.0,0.0,0.0,0.0,2.0,12.0,1.0,12.15,5.01,2.51,1.49,0.0,0.0,0.0,361.3,0.0,0.2,0.0,0.0,-169.60000000000002,0.0,0.0,169.60000000000002,0.0,21.8,28.9,28.9,30.9,300.0,300.0,31.6,35.9,28.8,28.1,29.9,4.96,2.0,4.96,0.16,0.0,0.0,1027.0,8228.0,0.0,0.0,0.0,0.0,0.0,1.0,0.0,0.0,0.0,0.0,0.0,0.0,0.0,0.0,0.0,0.0,16.0,25903.0
2026-07-30T19:03:36.205Z,385.688,385.704,0.0,7.4,0.0,0.0,0.0,0.0,0.0,0.0,0.0,0.0,1.0,0.0,0.0,0.0,9.0,4.0,0.0,0.0,0.0,0.0,0.0,0.0,0.0,0.0,3.0,12.0,1.0,12.15,5.01,2.51,1.49,0.0,0.0,0.0,361.4,0.0,-0.3,0.0,-0.6000000000000001,-169.60000000000002,0.0,0.0,169.60000000000002,0.0,21.8,28.9,28.9,30.9,300.0,300.0,31.6,35.9,28.8,28.1,29.9,4.95,1.99,4.96,0.16,0.0,0.0,1027.0,8228.0,0.0,0.0,0.0,0.0,0.0,1.0,0.0,0.0,0.0,0.0,0.0,-0.4,0.0,0.6000000000000001,0.0,0.0,16.0,25903.0
2026-07-30T19:03:36.217Z,385.7,385.716,0.0,7.4,0.0,0.0,0.0,0.0,0.0,0.0,0.0,0.0,1.0,0.0,0.0,0.0,9.0,4.0,0.0,0.0,0.0,0.0,0.0,0.0,0.0,0.0,4.0,12.0,1.0,12.15,5.01,2.51,1.49,0.0,0.0,0.0,361.4,0.0,0.8,1.7000000000000002,1.6,-169.60000000000002,0.0,0.0,169.60000000000002,0.0,21.8,28.9,28.9,30.9,300.0,300.0,31.6,35.9,28.8,28.1,29.9,4.96,1.99,4.97,0.16,0.0,0.0,1027.0,8228.0,0.0,0.0,0.0,0.0,0.0,1.0,0.0,0.0,0.0,0.0,0.0,3.2,0.0,-1.0,0.0,0.0,16.0,25903.0
2026-07-30T19:03:36.229Z,385.712,385.728,0.0,7.4,0.0,0.0,0.0,0.0,0.0,0.0,0.0,0.0,1.0,0.0,0.0,0.0,9.0,4.0,0.0,0.0,0.0,0.0,0.0,0.0,0.0,0.0,6.0,12.0,1.0,12.15,5.01,2.51,1.49,0.0,0.0,0.0,361.3,0.0,-0.2,0.0,1.0,-169.60000000000002,0.0,0.0,169.70000000000002,0.0,21.8,28.9,28.9,30.9,300.0,300.0,31.6,35.9,28.8,28.1,29.9,4.96,1.99,4.97,0.16,0.0,0.0,1027.0,8228.0,0.0,0.0,0.0,0.0,0.0,1.0,0.0,0.0,0.0,0.0,0.0,0.8,0.0,-0.9,0.0,0.0,16.0,25903.0
2026-07-30T19:03:36.241Z,385.724,385.74,0.0,7.4,0.0,0.0,0.0,0.0,0.0,0.0,0.0,0.0,1.0,0.0,0.0,0.0,9.0,4.0,0.0,0.0,0.0,0.0,0.0,0.0,0.0,0.0,6.0,12.0,1.0,12.15,5.01,2.51,1.49,0.0,0.0,0.0,361.4,0.0,0.3,-0.5,0.4,-169.60000000000002,0.0,0.0,169.60000000000002,0.0,21.8,28.9,28.9,30.9,300.0,300.0,31.6,35.9,28.8,28.1,29.9,4.96,1.99,4.97,0.16,0.0,0.0,1027.0,8228.0,0.0,0.0,0.0,0.0,0.0,1.0,0.0,0.0,0.0,0.0,0.0,-0.2,0.0,-0.5,0.0,0.0,16.0,25903.0
2026-07-30T19:03:36.253Z,385.736,385.752,0.0,7.4,0.0,0.0,0.0,0.0,0.0,0.0,0.0,0.0,1.0,0.0,0.0,0.0,9.0,4.0,0.0,0.0,0.0,0.0,0.0,0.0,0.0,0.0,1.0,12.0,1.0,12.17,5.01,2.51,1.5,0.0,0.0,0.0,361.4,0.0,-0.8,0.6000000000000001,-0.1,-169.60000000000002,0.0,0.0,169.70000000000002,0.0,21.700000000000003,28.9,28.9,30.9,300.0,300.0,31.6,35.9,28.8,28.0,29.9,4.95,1.99,4.97,0.16,0.0,0.0,1027.0,8228.0,0.0,0.0,0.0,0.0,0.0,1.0,0.0,0.0,0.0,0.0,0.0,0.6000000000000001,0.0,0.2,0.0,0.0,16.0,25903.0
2026-07-30T19:03:36.265Z,385.748,385.764,0.0,7.4,0.0,0.0,0.0,0.0,0.0,0.0,0.0,0.0,1.0,0.0,0.0,0.0,9.0,4.0,0.0,0.0,0.0,0.0,0.0,0.0,0.0,0.0,3.0,12.0,1.0,12.17,5.01,2.51,1.5,0.0,0.1,0.0,361.3,0.0,0.3,0.1,0.4,-169.60000000000002,0.0,0.0,169.60000000000002,0.0,21.700000000000003,28.9,28.9,30.9,300.0,300.0,31.6,35.9,28.8,28.0,29.9,4.96,1.99,4.96,0.16,0.0,0.0,1027.0,8228.0,0.0,0.0,0.0,0.0,0.0,1.0,0.0,0.0,0.0,0.0,0.0,0.4,0.0,-0.4,0.0,0.0,16.0,25903.0
2026-07-30T19:03:36.277Z,385.76,385.776,0.0,7.4,0.0,0.0,0.0,0.0,0.0,0.0,0.0,0.0,1.0,0.0,0.0,0.0,9.0,4.0,0.0,0.0,0.0,0.0,0.0,0.0,0.0,0.0,3.0,12.0,1.0,12.17,5.01,2.51,1.5,0.0,0.0,0.0,361.3,0.0,0.9,0.1,1.6,-169.60000000000002,0.0,0.0,169.70000000000002,0.0,21.700000000000003,28.9,28.9,30.9,300.0,300.0,31.6,35.9,28.8,28.0,29.9,4.96,1.99,4.96,0.16,0.0,0.0,1027.0,8228.0,0.0,0.0,0.0,0.0,0.0,1.0,0.0,0.0,0.0,0.0,0.0,1.3,0.0,-1.4,0.0,0.0,16.0,25903.0
2026-07-30T19:03:36.289Z,385.772,385.788,0.0,7.4,0.0,0.0,0.0,0.0,0.0,0.0,0.0,0.0,1.0,0.0,0.0,0.0,9.0,4.0,0.0,0.0,0.0,0.0,0.0,0.0,0.0,0.0,4.0,12.0,1.0,12.17,5.01,2.51,1.5,0.0,0.0,0.0,361.3,0.0,-0.2,0.1,0.4,-169.60000000000002,0.0,0.0,169.70000000000002,0.0,21.700000000000003,28.9,28.9,30.9,300.0,300.0,31.6,35.9,28.8,28.0,29.9,4.96,1.99,4.97,0.16,0.0,0.0,1027.0,8228.0,0.0,0.0,0.0,0.0,0.0,1.0,0.0,0.0,0.0,0.0,0.0,0.5,0.0,-0.4,0.0,0.0,16.0,25903.0
2026-07-30T19:03:36.301Z,385.784,385.8,0.0,7.4,0.0,0.0,0.0,0.0,0.0,0.0,0.0,0.0,1.0,0.0,0.0,0.0,9.0,4.0,0.0,0.0,0.0,0.0,0.0,0.0,0.0,0.0,5.0,12.0,1.0,12.17,5.01,2.51,1.5,0.0,0.0,0.0,361.3,0.0,0.2,0.1,0.5,-169.60000000000002,0.0,0.0,169.60000000000002,0.0,21.700000000000003,28.9,28.9,30.9,300.0,300.0,31.6,35.9,28.8,28.0,29.9,4.95,1.99,4.97,0.16,0.0,0.0,1027.0,8228.0,0.0,0.0,0.0,0.0,0.0,1.0,0.0,0.0,0.0,0.0,0.0,0.5,0.0,-0.4,0.0,0.0,16.0,25903.0
2026-07-30T19:03:36.313Z,385.796,385.812,0.0,7.4,0.0,0.0,0.0,0.0,0.0,0.0,0.0,0.0,1.0,0.0,0.0,0.0,9.0,4.0,0.0,0.0,0.0,0.0,0.0,0.0,0.0,0.0,6.0,12.0,1.0,12.17,5.01,2.51,1.5,0.0,0.0,0.0,361.3,0.0,-0.2,-0.4,0.5,-169.60000000000002,0.0,0.0,169.70000000000002,0.0,21.700000000000003,28.9,28.9,30.9,300.0,300.0,31.6,35.9,28.8,28.0,29.9,4.95,1.99,4.96,0.16,0.0,0.0,1027.0,8228.0,0.0,0.0,0.0,0.0,0.0,1.0,0.0,0.0,0.0,0.0,0.0,-0.1,0.0,-0.5,0.0,0.0,16.0,25903.0
2026-07-30T19:03:36.325Z,385.808,385.824,0.0,7.4,0.0,0.0,0.0,0.0,0.0,0.0,0.0,0.0,1.0,0.0,0.0,0.0,9.0,4.0,0.0,0.0,0.0,0.0,0.0,0.0,0.0,0.0,1.0,12.0,1.0,12.17,5.01,2.51,1.5,0.0,0.0,0.0,361.3,0.0,-0.2,-0.4,0.5,-169.60000000000002,0.0,0.0,169.70000000000002,0.0,21.700000000000003,28.9,28.9,30.9,300.0,300.0,31.6,35.9,28.8,28.0,29.9,4.95,1.99,4.97,0.16,0.0,0.0,1027.0,8228.0,0.0,0.0,0.0,0.0,0.0,1.0,0.0,0.0,0.0,0.0,0.0,0.0,0.0,-0.6000000000000001,0.0,0.0,16.0,25903.0
2026-07-30T19:03:36.337Z,385.82,385.836,0.0,7.4,0.0,0.0,0.0,0.0,0.0,0.0,0.0,0.0,1.0,0.0,0.0,0.0,9.0,4.0,0.0,0.0,0.0,0.0,0.0,0.0,0.0,0.0,3.0,12.0,1.0,12.17,5.01,2.51,1.5,0.0,0.0,0.0,361.3,0.0,-0.8,0.0,0.0,-169.60000000000002,0.0,0.0,169.8,0.0,21.700000000000003,28.9,28.9,30.9,300.0,300.0,31.6,35.9,28.8,28.0,29.9,4.95,1.99,4.97,0.16,0.0,0.0,1027.0,8228.0,0.0,0.0,0.0,0.0,0.0,1.0,0.0,0.0,0.0,0.0,0.0,0.0,0.0,0.0,0.0,0.0,16.0,25903.0
2026-07-30T19:03:36.350Z,385.833,385.848,0.0,7.4,0.0,0.0,0.0,0.0,0.0,0.0,0.0,0.0,1.0,0.0,0.0,0.0,9.0,4.0,0.0,0.0,0.0,0.0,0.0,0.0,0.0,0.0,4.0,12.0,1.0,12.15,5.01,2.5,1.49,0.0,0.0,0.0,361.3,0.0,0.2,0.0,1.1,-169.60000000000002,0.0,0.0,169.70000000000002,0.0,21.700000000000003,28.9,28.9,30.9,300.0,300.0,31.6,35.9,28.8,28.0,29.9,4.96,1.99,4.97,0.16,0.0,0.0,1027.0,8228.0,0.0,0.0,0.0,0.0,0.0,1.0,0.0,0.0,0.0,0.0,0.0,0.9,0.0,-0.9,0.0,0.0,16.0,25903.0
2026-07-30T19:03:36.361Z,385.844,385.86,0.0,7.4,0.0,0.0,0.0,0.0,0.0,0.0,0.0,0.0,1.0,0.0,0.0,0.0,9.0,4.0,0.0,0.0,0.0,0.0,0.0,0.0,0.0,0.0,6.0,12.0,1.0,12.15,5.01,2.5,1.49,0.0,0.0,0.0,361.4,0.0,0.3,0.1,0.5,-169.60000000000002,0.0,0.0,169.8,0.0,21.700000000000003,28.9,28.9,30.9,300.0,300.0,31.6,35.9,28.8,28.0,29.9,4.95,1.99,4.96,0.16,0.0,0.0,1027.0,8228.0,0.0,0.0,0.0,0.0,0.0,1.0,0.0,0.0,0.0,0.0,0.0,0.5,0.0,-0.4,0.0,0.0,16.0,25903.0
2026-07-30T19:03:36.374Z,385.857,385.872,0.0,7.4,0.0,0.0,0.0,0.0,0.0,0.0,0.0,0.0,1.0,0.0,0.0,0.0,9.0,4.0,0.0,0.0,0.0,0.0,0.0,0.0,0.0,0.0,1.0,12.0,1.0,12.15,5.01,2.5,1.49,0.0,0.0,0.0,361.3,0.0,-0.2,-0.4,1.1,-169.60000000000002,0.0,0.0,169.8,0.0,21.700000000000003,28.9,28.9,30.9,300.0,300.0,31.6,35.9,28.8,28.0,29.9,4.95,1.99,4.97,0.16,0.0,0.0,1027.0,8228.0,0.0,0.0,0.0,0.0,0.0,1.0,0.0,0.0,0.0,0.0,0.0,0.3,0.0,-1.1,0.0,0.0,16.0,25903.0
2026-07-30T19:03:36.385Z,385.868,385.884,0.0,7.4,0.0,0.0,0.0,0.0,0.0,0.0,0.0,0.0,1.0,0.0,0.0,0.0,9.0,4.0,0.0,0.0,0.0,0.0,0.0,0.0,0.0,0.0,2.0,12.0,1.0,12.15,5.01,2.5,1.49,0.0,0.0,0.0,361.4,0.0,-0.2,-0.4,0.0,-169.70000000000002,0.0,0.0,169.8,0.0,21.700000000000003,28.9,28.9,30.9,300.0,300.0,31.6,35.9,28.8,28.0,29.9,4.95,1.99,4.96,0.16,0.0,0.0,1027.0,8228.0,0.0,0.0,0.0,0.0,0.0,1.0,0.0,0.0,0.0,0.0,0.0,-0.5,0.0,0.0,0.0,0.0,16.0,25903.0
2026-07-30T19:03:36.397Z,385.88,385.896,0.0,7.4,0.0,0.0,0.0,0.0,0.0,0.0,0.0,0.0,1.0,0.0,0.0,0.0,9.0,4.0,0.0,0.0,0.0,0.0,0.0,0.0,0.0,0.0,3.0,12.0,1.0,12.15,5.01,2.5,1.49,0.0,0.0,0.0,361.3,0.0,-0.2,-0.4,0.5,-169.70000000000002,0.0,0.0,169.70000000000002,0.0,21.700000000000003,28.9,28.9,30.9,300.0,300.0,31.6,35.9,28.8,28.0,29.9,4.96,1.99,4.96,0.16,0.0,0.0,1027.0,8228.0,0.0,0.0,0.0,0.0,0.0,1.0,0.0,0.0,0.0,0.0,0.0,0.0,0.0,-0.5,0.0,0.0,16.0,25903.0
2026-07-30T19:03:36.409Z,385.892,385.908,0.0,7.4,0.0,0.0,0.0,0.0,0.0,0.0,0.0,0.0,1.0,0.0,0.0,0.0,9.0,4.0,0.0,0.0,0.0,0.0,0.0,0.0,0.0,0.0,5.0,12.0,1.0,12.15,5.01,2.5,1.49,0.0,0.0,0.0,361.3,0.0,-0.9,-0.4,-0.6000000000000001,-169.70000000000002,0.0,0.0,169.70000000000002,0.0,21.700000000000003,28.9,28.9,30.9,300.0,300.0,31.6,35.9,28.8,28.0,29.9,4.95,1.99,4.97,0.16,0.0,0.0,1027.0,8228.0,0.0,0.0,0.0,0.0,0.0,1.0,0.0,0.0,0.0,0.0,0.0,-1.0,0.0,0.5,0.0,0.0,16.0,25903.0
2026-07-30T19:03:36.421Z,385.904,385.92,0.0,7.4,0.0,0.0,0.0,0.0,0.0,0.0,0.0,0.0,1.0,0.0,0.0,0.0,9.0,4.0,0.0,0.0,0.0,0.0,0.0,0.0,0.0,0.0,6.0,12.0,1.0,12.15,5.01,2.5,1.49,0.0,0.0,0.0,361.3,0.0,-0.3,-0.4,0.0,-169.70000000000002,0.0,0.0,169.8,0.0,21.700000000000003,28.9,28.9,30.9,300.0,300.0,31.6,35.9,28.8,28.0,29.9,4.96,1.99,4.96,0.16,0.0,0.0,1027.0,8228.0,0.0,0.0,0.0,0.0,0.0,1.0,0.0,0.0,0.0,0.0,0.0,-0.5,0.0,0.0,0.0,0.0,16.0,25903.0
2026-07-30T19:03:36.433Z,385.916,385.932,0.0,7.4,0.0,0.0,0.0,0.0,0.0,0.0,0.0,0.0,1.0,0.0,0.0,0.0,9.0,4.0,0.0,0.0,0.0,0.0,0.0,0.0,0.0,0.0,1.0,12.0,1.0,12.15,5.01,2.5,1.49,0.0,0.0,0.0,361.4,0.0,0.1,0.0,-0.1,-169.70000000000002,0.0,0.0,169.70000000000002,0.0,21.700000000000003,28.9,28.9,30.9,300.0,300.0,31.6,35.9,28.8,28.0,29.9,4.96,2.0,4.97,0.16,0.0,0.0,1027.0,8228.0,0.0,0.0,0.0,0.0,0.0,1.0,0.0,0.0,0.0,0.0,0.0,0.0,0.0,0.1,0.0,0.0,16.0,25903.0
2026-07-30T19:03:36.445Z,385.928,385.944,0.0,7.4,0.0,0.0,0.0,0.0,0.0,0.0,0.0,0.0,1.0,0.0,0.0,0.0,9.0,4.0,0.0,0.0,0.0,0.0,0.0,0.0,0.0,0.0,2.0,12.0,1.0,12.15,5.01,2.5,1.49,0.0,0.0,0.0,361.4,0.0,0.2,0.0,-0.7000000000000001,-169.70000000000002,0.0,0.0,169.70000000000002,0.0,21.700000000000003,28.9,28.9,30.9,300.0,300.0,31.6,35.9,28.8,28.0,29.9,4.95,1.99,4.97,0.16,0.0,0.0,1027.0,8228.0,0.0,0.0,0.0,0.0,0.0,1.0,0.0,0.0,0.0,0.0,0.0,-0.4,0.0,0.6000000000000001,0.0,0.0,16.0,25903.0
2026-07-30T19:03:36.457Z,385.94,385.956,0.0,7.4,0.0,0.0,0.0,0.0,0.0,0.0,0.0,0.0,1.0,0.0,0.0,0.0,9.0,4.0,0.0,0.0,0.0,0.0,0.0,0.0,0.0,0.0,3.0,12.0,1.0,12.17,5.0200000000000005,2.51,1.49,0.0,0.0,0.0,361.3,0.0,0.2,0.0,1.5,-169.70000000000002,0.0,0.0,169.70000000000002,0.0,21.4,28.9,28.9,30.9,300.0,300.0,31.6,35.9,28.8,28.0,29.9,4.95,1.99,4.97,0.16,0.0,0.0,1027.0,8228.0,0.0,0.0,0.0,0.0,0.0,1.0,0.0,0.0,0.0,0.0,0.0,1.2000000000000002,0.0,-1.3,0.0,0.0,16.0,25903.0
2026-07-30T19:03:36.469Z,385.952,385.968,0.0,7.4,0.0,0.0,0.0,0.0,0.0,0.0,0.0,0.0,1.0,0.0,0.0,0.0,9.0,4.0,0.0,0.0,0.0,0.0,0.0,0.0,0.0,0.0,5.0,12.0,1.0,12.17,5.0200000000000005,2.51,1.49,0.0,0.1,0.0,361.3,0.0,0.2,0.0,0.4,-169.70000000000002,0.0,0.0,169.70000000000002,0.0,21.4,28.9,28.9,30.9,300.0,300.0,31.6,35.9,28.8,28.0,29.9,4.96,2.0,4.96,0.16,0.0,0.0,1027.0,8228.0,0.0,0.0,0.0,0.0,0.0,1.0,0.0,0.0,0.0,0.0,0.0,0.3,0.0,-0.3,0.0,0.0,16.0,25903.0
2026-07-30T19:03:36.482Z,385.965,385.98,0.0,7.4,0.0,0.0,0.0,0.0,0.0,0.0,0.0,0.0,1.0,0.0,0.0,0.0,9.0,4.0,0.0,0.0,0.0,0.0,0.0,0.0,0.0,0.0,6.0,12.0,1.0,12.17,5.0200000000000005,2.51,1.49,0.0,0.0,0.0,361.3,0.0,0.7000000000000001,2.3000000000000003,1.5,-169.70000000000002,0.0,0.0,169.8,0.0,21.4,28.9,28.9,30.9,300.0,300.0,31.6,35.9,28.8,28.0,29.9,4.96,1.99,4.97,0.16,0.0,0.0,1027.0,8228.0,0.0,0.0,0.0,0.0,0.0,1.0,0.0,0.0,0.0,0.0,0.0,1.1,0.0,0.4,0.0,0.0,16.0,25903.0
2026-07-30T19:03:36.493Z,385.976,385.992,0.0,7.4,0.0,0.0,0.0,0.0,0.0,0.0,0.0,0.0,1.0,0.0,0.0,0.0,9.0,4.0,0.0,0.0,0.0,0.0,0.0,0.0,0.0,0.0,1.0,12.0,1.0,12.17,5.0200000000000005,2.51,1.49,0.0,0.0,0.0,361.4,0.0,0.1,0.0,0.9,-169.70000000000002,0.0,0.0,169.8,0.0,21.4,28.9,28.9,30.9,300.0,300.0,31.6,35.9,28.8,28.0,29.9,4.95,1.99,4.97,0.16,0.0,0.0,1027.0,8228.0,0.0,0.0,0.0,0.0,0.0,1.0,0.0,0.0,0.0,0.0,0.0,0.5,0.0,0.2,0.0,0.0,16.0,25903.0
2026-07-30T19:03:36.505Z,385.988,386.004,0.0,7.4,0.0,0.0,0.0,0.0,0.0,0.0,0.0,0.0,1.0,0.0,0.0,0.0,9.0,4.0,0.0,0.0,0.0,0.0,0.0,0.0,0.0,0.0,2.0,12.0,1.0,12.17,5.0200000000000005,2.51,1.49,0.0,0.0,0.0,361.3,0.0,0.1,0.6000000000000001,-0.2,-169.70000000000002,0.0,0.0,169.8,0.0,21.4,28.9,28.9,30.9,300.0,300.0,31.6,35.9,28.8,28.0,29.9,4.96,1.99,4.96,0.16,0.0,0.0,1027.0,8228.0,0.0,0.0,0.0,0.0,0.0,1.0,0.0,0.0,0.0,0.0,0.0,0.5,0.0,0.3,0.0,0.0,16.0,25903.0
2026-07-30T19:03:36.517Z,386.0,386.016,0.0,7.4,0.0,0.0,0.0,0.0,0.0,0.0,0.0,0.0,1.0,0.0,0.0,0.0,9.0,4.0,0.0,0.0,0.0,0.0,0.0,0.0,0.0,0.0,3.0,12.0,1.0,12.17,5.0200000000000005,2.51,1.49,0.0,0.0,0.0,361.3,0.0,0.1,-0.5,-0.1,-169.70000000000002,0.0,0.0,169.8,0.0,21.4,28.9,28.9,30.9,300.0,300.0,31.6,35.9,28.8,28.0,29.9,4.95,1.99,4.96,0.16,0.0,0.0,1027.0,8228.0,0.0,0.0,0.0,0.0,0.0,1.0,0.0,0.0,0.0,0.0,0.0,-1.8,0.0,0.4,0.0,0.0,16.0,25903.0
2026-07-30T19:03:36.529Z,386.012,386.028,0.0,7.4,0.0,0.0,0.0,0.0,0.0,0.0,0.0,0.0,1.0,0.0,0.0,0.0,9.0,4.0,0.0,0.0,0.0,0.0,0.0,0.0,0.0,0.0,4.0,12.0,1.0,12.17,5.0200000000000005,2.51,1.49,0.0,0.1,0.0,361.3,0.0,-0.4,0.0,-0.8,-169.70000000000002,0.0,0.0,169.70000000000002,0.0,21.4,28.9,28.9,30.9,300.0,300.0,31.6,35.9,28.8,28.0,29.9,4.95,1.99,4.97,0.16,0.0,0.0,1027.0,8228.0,0.0,0.0,0.0,0.0,0.0,1.0,0.0,0.0,0.0,0.0,0.0,2.5,0.0,-1.1,0.0,0.0,16.0,25903.0
2026-07-30T19:03:36.541Z,386.024,386.04,0.0,7.4,0.0,0.0,0.0,0.0,0.0,0.0,0.0,0.0,1.0,0.0,0.0,0.0,9.0,4.0,0.0,0.0,0.0,0.0,0.0,0.0,0.0,0.0,5.0,12.0,1.0,12.17,5.0200000000000005,2.51,1.49,0.0,0.0,0.0,361.3,0.0,-0.3,0.0,-0.7000000000000001,-169.70000000000002,0.0,0.0,169.70000000000002,0.0,21.4,28.9,28.9,30.9,300.0,300.0,31.6,35.9,28.8,28.0,29.9,4.95,1.99,4.97,0.16,0.0,0.0,1027.0,8228.0,0.0,0.0,0.0,0.0,0.0,1.0,0.0,0.0,0.0,0.0,0.0,-0.5,0.0,0.6000000000000001,0.0,0.0,16.0,25903.0
2026-07-30T19:03:36.554Z,386.037,386.052,0.0,7.4,0.0,0.0,0.0,0.0,0.0,0.0,0.0,0.0,1.0,0.0,0.0,0.0,9.0,4.0,0.0,0.0,0.0,0.0,0.0,0.0,0.0,0.0,6.0,12.0,1.0,12.18,5.01,2.51,1.49,0.0,0.0,0.0,361.3,0.0,0.2,-0.5,-0.1,-169.70000000000002,0.0,0.0,169.60000000000002,0.0,21.700000000000003,28.9,28.9,30.9,300.0,300.0,31.6,35.9,28.9,28.0,29.9,4.95,1.99,4.96,0.15,0.0,0.0,1027.0,8228.0,0.0,0.0,0.0,0.0,0.0,1.0,0.0,0.0,0.0,0.0,0.0,-0.8,0.0,0.0,0.0,0.0,16.0,25903.0
2026-07-30T19:03:36.565Z,386.048,386.064,0.0,7.4,0.0,0.0,0.0,0.0,0.0,0.0,0.0,0.0,1.0,0.0,0.0,0.0,9.0,4.0,0.0,0.0,0.0,0.0,0.0,0.0,0.0,0.0,1.0,12.0,1.0,12.18,5.01,2.51,1.49,0.0,0.0,0.0,361.3,0.0,0.2,0.0,-0.1,-169.70000000000002,0.0,0.0,169.60000000000002,0.0,21.700000000000003,28.9,28.9,30.9,300.0,300.0,31.6,35.9,28.9,28.0,29.9,4.95,1.99,4.97,0.15,0.0,0.0,1027.0,8228.0,0.0,0.0,0.0,0.0,0.0,1.0,0.0,0.0,0.0,0.0,0.0,-0.1,0.0,0.1,0.0,0.0,16.0,25903.0
2026-07-30T19:03:36.577Z,386.06,386.076,0.0,7.4,0.0,0.0,0.0,0.0,0.0,0.0,0.0,0.0,1.0,0.0,0.0,0.0,9.0,4.0,0.0,0.0,0.0,0.0,0.0,0.0,0.0,0.0,2.0,12.0,1.0,12.18,5.01,2.51,1.49,0.0,0.0,0.0,361.3,0.0,0.2,0.0,0.9,-169.70000000000002,0.0,0.0,169.70000000000002,0.0,21.700000000000003,28.9,28.9,30.9,300.0,300.0,31.6,35.9,28.9,28.0,29.9,4.95,1.99,4.97,0.16,0.0,0.0,1027.0,8228.0,0.0,0.0,0.0,0.0,0.0,1.0,0.0,0.0,0.0,0.0,0.0,0.7000000000000001,0.0,-0.8,0.0,0.0,16.0,25903.0
2026-07-30T19:03:36.589Z,386.072,386.088,0.0,7.4,0.0,0.0,0.0,0.0,0.0,0.0,0.0,0.0,1.0,0.0,0.0,0.0,9.0,4.0,0.0,0.0,0.0,0.0,0.0,0.0,0.0,0.0,3.0,12.0,1.0,12.18,5.01,2.51,1.49,0.0,0.0,0.0,361.4,0.0,0.2,1.2000000000000002,1.6,-169.70000000000002,0.0,0.0,169.70000000000002,0.0,21.700000000000003,28.9,28.9,30.9,300.0,300.0,31.6,35.9,28.9,28.0,29.9,4.96,2.0,4.97,0.16,0.0,0.0,1027.0,8228.0,0.0,0.0,0.0,0.0,0.0,1.0,0.0,0.0,0.0,0.0,0.0,2.5,0.0,-1.1,0.0,0.0,16.0,25903.0
2026-07-30T19:03:36.601Z,386.084,386.1,0.0,7.4,0.0,0.0,0.0,0.0,0.0,0.0,0.0,0.0,1.0,0.0,0.0,0.0,9.0,4.0,0.0,0.0,0.0,0.0,0.0,0.0,0.0,0.0,4.0,12.0,1.0,12.18,5.01,2.51,1.49,0.0,0.0,0.0,361.4,0.0,0.8,0.0,1.0,-169.70000000000002,0.0,0.0,169.70000000000002,0.0,21.700000000000003,28.9,28.9,30.9,300.0,300.0,31.6,35.9,28.9,28.0,29.9,4.96,2.0,4.96,0.16,0.0,0.0,1027.0,8228.0,0.0,0.0,0.0,0.0,0.0,1.0,0.0,0.0,0.0,0.0,0.0,0.8,0.0,-0.8,0.0,0.0,16.0,25903.0
2026-07-30T19:03:36.613Z,386.096,386.112,0.0,7.4,0.0,0.0,0.0,0.0,0.0,0.0,0.0,0.0,1.0,0.0,0.0,0.0,9.0,4.0,0.0,0.0,0.0,0.0,0.0,0.0,0.0,0.0,6.0,12.0,1.0,12.18,5.01,2.51,1.49,0.0,0.0,0.0,361.3,0.0,0.2,0.0,-0.7000000000000001,-169.70000000000002,0.0,0.0,169.70000000000002,0.0,21.700000000000003,28.9,28.9,30.9,300.0,300.0,31.6,35.9,28.9,28.0,29.9,4.95,1.99,4.97,0.16,0.0,0.0,1027.0,8228.0,0.0,0.0,0.0,0.0,0.0,1.0,0.0,0.0,0.0,0.0,0.0,-0.4,0.0,0.6000000000000001,0.0,0.0,16.0,25903.0
2026-07-30T19:03:36.625Z,386.108,386.124,0.0,7.4,0.0,0.0,0.0,0.0,0.0,0.0,0.0,0.0,1.0,0.0,0.0,0.0,9.0,4.0,0.0,0.0,0.0,0.0,0.0,0.0,0.0,0.0,6.0,12.0,1.0,12.18,5.01,2.51,1.49,0.0,0.0,0.0,361.3,0.0,-0.2,0.7000000000000001,0.4,-169.70000000000002,0.0,0.0,169.70000000000002,0.0,21.700000000000003,28.9,28.9,30.9,300.0,300.0,31.6,35.9,28.9,28.0,29.9,4.95,1.99,4.96,0.16,0.0,0.0,1027.0,8228.0,0.0,0.0,0.0,0.0,0.0,1.0,0.0,0.0,0.0,0.0,0.0,1.1,0.0,-0.2,0.0,0.0,16.0,25903.0
2026-07-30T19:03:36.637Z,386.12,386.136,0.0,7.4,0.0,0.0,0.0,0.0,0.0,0.0,0.0,0.0,1.0,0.0,0.0,0.0,9.0,4.0,0.0,0.0,0.0,0.0,0.0,0.0,0.0,0.0,2.0,12.0,1.0,12.18,5.01,2.51,1.49,0.0,0.1,0.0,361.3,0.0,-0.2,-0.4,-0.1,-169.70000000000002,0.0,0.0,169.70000000000002,0.0,21.700000000000003,28.9,28.9,30.9,300.0,300.0,31.6,35.9,28.9,28.0,29.9,4.96,1.99,4.96,0.16,0.0,0.0,1027.0,8228.0,0.0,0.0,0.0,0.0,0.0,1.0,0.0,0.0,0.0,0.0,0.0,-0.4,0.0,0.6000000000000001,0.0,0.0,16.0,25903.0
2026-07-30T19:03:36.649Z,386.132,386.148,0.0,7.4,0.0,0.0,0.0,0.0,0.0,0.0,0.0,0.0,1.0,0.0,0.0,0.0,9.0,4.0,0.0,0.0,0.0,0.0,0.0,0.0,0.0,0.0,3.0,12.0,1.0,12.18,5.01,2.51,1.49,0.0,0.0,0.0,361.5,0.0,-0.2,0.1,0.4,-169.70000000000002,0.0,0.0,169.60000000000002,0.0,21.700000000000003,28.9,28.9,30.9,300.0,300.0,31.6,35.9,28.9,28.0,29.9,4.95,1.99,4.97,0.16,0.0,0.0,1027.0,8228.0,0.0,0.0,0.0,0.0,0.0,1.0,0.0,0.0,0.0,0.0,0.0,0.4,0.0,-0.3,0.0,0.0,16.0,25903.0
2026-07-30T19:03:36.661Z,386.144,386.16,0.0,7.4,0.0,0.0,0.0,0.0,0.0,0.0,0.0,0.0,1.0,0.0,0.0,0.0,9.0,4.0,0.0,0.0,0.0,0.0,0.0,0.0,0.0,0.0,6.0,12.0,1.0,12.18,5.0200000000000005,2.51,1.49,0.0,0.1,0.0,361.3,0.0,0.2,-0.4,-0.6000000000000001,-169.70000000000002,0.0,0.0,169.70000000000002,0.0,21.4,28.9,28.9,30.9,300.0,300.0,31.6,35.9,28.9,28.0,29.9,4.96,1.99,4.97,0.16,0.0,0.0,1027.0,8228.0,0.0,0.0,0.0,0.0,0.0,1.0,0.0,0.0,0.0,0.0,0.0,-1.0,0.0,0.5,0.0,0.0,16.0,25903.0
2026-07-30T19:03:36.673Z,386.156,386.172,0.0,7.4,0.0,0.0,0.0,0.0,0.0,0.0,0.0,0.0,1.0,0.0,0.0,0.0,9.0,4.0,0.0,0.0,0.0,0.0,0.0,0.0,0.0,0.0,2.0,12.0,1.0,12.18,5.0200000000000005,2.51,1.49,0.0,0.0,0.0,361.3,0.0,-0.3,0.6000000000000001,0.0,-169.70000000000002,0.0,0.0,169.60000000000002,0.0,21.4,28.9,28.9,30.9,300.0,300.0,31.6,35.9,28.9,28.0,29.9,4.96,1.99,4.96,0.16,0.0,0.0,1027.0,8228.0,0.0,0.0,0.0,0.0,0.0,1.0,0.0,0.0,0.0,0.0,0.0,0.7000000000000001,0.0,0.2,0.0,0.0,16.0,25903.0
2026-07-30T19:03:36.685Z,386.168,386.184,0.0,7.4,0.0,0.0,0.0,0.0,0.0,0.0,0.0,0.0,1.0,0.0,0.0,0.0,9.0,4.0,0.0,0.0,0.0,0.0,0.0,0.0,0.0,0.0,3.0,12.0,1.0,12.18,5.0200000000000005,2.51,1.49,0.0,0.0,0.0,361.3,0.0,0.8,0.7000000000000001,0.5,-169.70000000000002,0.0,0.0,169.70000000000002,0.0,21.4,28.9,28.9,30.9,300.0,300.0,31.6,35.9,28.9,28.0,29.9,4.96,1.99,4.96,0.16,0.0,0.0,1027.0,8228.0,0.0,0.0,0.0,0.0,0.0,1.0,0.0,0.0,0.0,0.0,0.0,1.2000000000000002,0.0,-0.3,0.0,0.0,16.0,25903.0
2026-07-30T19:03:36.697Z,386.18,386.196,0.0,7.4,0.0,0.0,0.0,0.0,0.0,0.0,0.0,0.0,1.0,0.0,0.0,0.0,9.0,4.0,0.0,0.0,0.0,0.0,0.0,0.0,0.0,0.0,5.0,12.0,1.0,12.18,5.0200000000000005,2.51,1.49,0.0,0.0,0.0,361.3,0.0,-0.2,-0.4,-0.6000000000000001,-169.60000000000002,0.0,0.0,169.70000000000002,0.0,21.4,28.9,28.9,30.9,300.0,300.0,31.6,35.9,28.9,28.0,29.9,4.95,1.99,4.97,0.16,0.0,0.0,1027.0,8228.0,0.0,0.0,0.0,0.0,0.0,1.0,0.0,0.0,0.0,0.0,0.0,-1.0,0.0,0.5,0.0,0.0,16.0,25903.0
2026-07-30T19:03:36.709Z,386.192,386.208,0.0,7.4,0.0,0.0,0.0,0.0,0.0,0.0,0.0,0.0,1.0,0.0,0.0,0.0,9.0,4.0,0.0,0.0,0.0,0.0,0.0,0.0,0.0,0.0,6.0,12.0,1.0,12.18,5.0200000000000005,2.51,1.49,0.0,0.0,0.0,361.3,0.0,0.8,0.0,1.6,-169.60000000000002,0.0,0.0,169.70000000000002,0.0,21.4,28.9,28.9,30.9,300.0,300.0,31.6,35.9,28.9,28.0,29.9,4.96,2.0,4.96,0.16,0.0,0.0,1027.0,8228.0,0.0,0.0,0.0,0.0,0.0,1.0,0.0,0.0,0.0,0.0,0.0,1.3,0.0,-1.4,0.0,0.0,16.0,25903.0
2026-07-30T19:03:36.721Z,386.204,386.22,0.0,7.4,0.0,0.0,0.0,0.0,0.0,0.0,0.0,0.0,1.0,0.0,0.0,0.0,9.0,4.0,0.0,0.0,0.0,0.0,0.0,0.0,0.0,0.0,2.0,12.0,1.0,12.18,5.0200000000000005,2.51,1.49,0.0,0.0,0.0,361.3,0.0,0.9,1.2000000000000002,-0.6000000000000001,-169.60000000000002,0.0,0.0,169.60000000000002,0.0,21.4,28.9,28.9,30.9,300.0,300.0,31.6,35.9,28.9,28.0,29.9,4.96,1.99,4.97,0.16,0.0,0.0,1027.0,8228.0,0.0,0.0,0.0,0.0,0.0,1.0,0.0,0.0,0.0,0.0,0.0,0.9,0.0,0.8,0.0,0.0,16.0,25903.0
2026-07-30T19:03:36.733Z,386.216,386.232,0.0,7.4,0.0,0.0,0.0,0.0,0.0,0.0,0.0,0.0,1.0,0.0,0.0,0.0,9.0,4.0,0.0,0.0,0.0,0.0,0.0,0.0,0.0,0.0,3.0,12.0,1.0,12.18,5.0200000000000005,2.51,1.49,0.0,0.0,0.0,361.3,0.0,-0.8,1.2000000000000002,-0.6000000000000001,-169.60000000000002,0.0,0.0,169.70000000000002,0.0,21.4,28.9,28.9,30.9,300.0,300.0,31.6,35.9,28.9,28.0,29.9,4.95,1.99,4.97,0.16,0.0,0.0,1027.0,8228.0,0.0,0.0,0.0,0.0,0.0,1.0,0.0,0.0,0.0,0.0,0.0,0.9,0.0,0.8,0.0,0.0,16.0,25903.0
2026-07-30T19:03:36.745Z,386.228,386.244,0.0,7.4,0.0,0.0,0.0,0.0,0.0,0.0,0.0,0.0,1.0,0.0,0.0,0.0,9.0,4.0,0.0,0.0,0.0,0.0,0.0,0.0,0.0,0.0,4.0,12.0,1.0,12.18,5.0200000000000005,2.51,1.49,0.0,0.0,0.0,361.4,0.0,-0.2,-1.0,0.4,-169.60000000000002,0.0,0.0,169.70000000000002,0.0,21.4,28.9,28.9,30.9,300.0,300.0,31.6,35.9,28.9,28.0,29.9,4.96,1.99,4.97,0.16,0.0,0.0,1027.0,8228.0,0.0,0.0,0.0,0.0,0.0,1.0,0.0,0.0,0.0,0.0,0.0,-0.8,0.0,-0.6000000000000001,0.0,0.0,16.0,25903.0
2026-07-30T19:03:36.758Z,386.241,386.256,0.0,7.4,0.0,0.0,0.0,0.0,0.0,0.0,0.0,0.0,1.0,0.0,0.0,0.0,9.0,4.0,0.0,0.0,0.0,0.0,0.0,0.0,0.0,0.0,5.0,12.0,1.0,12.15,5.0200000000000005,2.51,1.49,0.0,0.0,0.0,361.4,0.0,0.3,-0.4,-0.6000000000000001,-169.60000000000002,0.0,0.0,169.60000000000002,0.0,21.700000000000003,28.9,28.9,30.9,300.0,300.0,31.700000000000003,35.9,28.8,28.0,29.9,4.96,1.99,4.97,0.16,0.0,0.0,1027.0,8228.0,0.0,0.0,0.0,0.0,0.0,1.0,0.0,0.0,0.0,0.0,0.0,-1.0,0.0,0.4,0.0,0.0,16.0,25903.0
2026-07-30T19:03:36.769Z,386.252,386.268,0.0,7.4,0.0,0.0,0.0,0.0,0.0,0.0,0.0,0.0,1.0,0.0,0.0,0.0,9.0,4.0,0.0,0.0,0.0,0.0,0.0,0.0,0.0,0.0,1.0,12.0,1.0,12.15,5.0200000000000005,2.51,1.49,0.0,0.0,0.0,361.3,0.0,0.9,-0.4,0.0,-169.60000000000002,0.0,0.0,169.8,0.0,21.700000000000003,28.9,28.9,30.9,300.0,300.0,31.700000000000003,35.9,28.8,28.0,29.9,4.96,1.99,4.97,0.16,0.0,0.0,1027.0,8228.0,0.0,0.0,0.0,0.0,0.0,1.0,0.0,0.0,0.0,0.0,0.0,-0.6000000000000001,0.0,0.0,0.0,0.0,16.0,25903.0
2026-07-30T19:03:36.781Z,386.264,386.28,0.0,7.4,0.0,0.0,0.0,0.0,0.0,0.0,0.0,0.0,1.0,0.0,0.0,0.0,9.0,4.0,0.0,0.0,0.0,0.0,0.0,0.0,0.0,0.0,2.0,12.0,1.0,12.15,5.0200000000000005,2.51,1.49,0.0,0.0,0.0,361.3,0.0,0.9,0.1,0.0,-169.60000000000002,0.0,0.0,169.70000000000002,0.0,21.700000000000003,28.9,28.9,30.9,300.0,300.0,31.700000000000003,35.9,28.8,28.0,29.9,4.96,1.99,4.97,0.16,0.0,0.0,1027.0,8228.0,0.0,0.0,0.0,0.0,0.0,1.0,0.0,0.0,0.0,0.0,0.0,0.0,0.0,0.0,0.0,0.0,16.0,25903.0
2026-07-30T19:03:36.793Z,386.276,386.292,0.0,7.4,0.0,0.0,0.0,0.0,0.0,0.0,0.0,0.0,1.0,0.0,0.0,0.0,9.0,4.0,0.0,0.0,0.0,0.0,0.0,0.0,0.0,0.0,3.0,12.0,1.0,12.15,5.0200000000000005,2.51,1.49,0.0,0.1,0.0,361.3,0.0,-0.2,-0.4,-0.6000000000000001,-169.60000000000002,0.0,0.0,169.70000000000002,0.0,21.700000000000003,28.9,28.9,30.9,300.0,300.0,31.700000000000003,35.9,28.8,28.0,29.9,4.96,1.99,4.96,0.16,0.0,0.0,1027.0,8228.0,0.0,0.0,0.0,0.0,0.0,1.0,0.0,0.0,0.0,0.0,0.0,-0.9,0.0,0.4,0.0,0.0,16.0,25903.0
2026-07-30T19:03:36.805Z,386.288,386.304,0.0,7.4,0.0,0.0,0.0,0.0,0.0,0.0,0.0,0.0,1.0,0.0,0.0,0.0,9.0,4.0,0.0,0.0,0.0,0.0,0.0,0.0,0.0,0.0,4.0,12.0,1.0,12.15,5.0200000000000005,2.51,1.49,0.0,0.1,0.0,361.4,0.0,0.3,0.1,0.0,-169.60000000000002,0.0,0.0,169.8,0.0,21.700000000000003,28.9,28.9,30.9,300.0,300.0,31.700000000000003,35.9,28.8,28.0,29.9,4.95,1.99,4.97,0.16,0.0,0.0,1027.0,8228.0,0.0,0.0,0.0,0.0,0.0,1.0,0.0,0.0,0.0,0.0,0.0,0.0,0.0,0.0,0.0,0.0,16.0,25903.0
2026-07-30T19:03:36.817Z,386.3,386.316,0.0,7.4,0.0,0.0,0.0,0.0,0.0,0.0,0.0,0.0,1.0,0.0,0.0,0.0,9.0,4.0,0.0,0.0,0.0,0.0,0.0,0.0,0.0,0.0,5.0,12.0,1.0,12.15,5.0200000000000005,2.51,1.49,0.0,0.0,0.0,361.3,0.0,-0.2,0.6000000000000001,-0.6000000000000001,-169.60000000000002,0.0,0.0,169.70000000000002,0.0,21.700000000000003,28.9,28.9,30.9,300.0,300.0,31.700000000000003,35.9,28.8,28.0,29.9,4.95,1.99,4.97,0.16,0.0,0.0,1027.0,8228.0,0.0,0.0,0.0,0.0,0.0,1.0,0.0,0.0,0.0,0.0,0.0,0.2,0.0,0.7000000000000001,0.0,0.0,16.0,25903.0
2026-07-30T19:03:36.829Z,386.312,386.328,0.0,7.4,0.0,0.0,0.0,0.0,0.0,0.0,0.0,0.0,1.0,0.0,0.0,0.0,9.0,4.0,0.0,0.0,0.0,0.0,0.0,0.0,0.0,0.0,6.0,12.0,1.0,12.15,5.0200000000000005,2.51,1.49,0.0,0.0,0.0,361.3,0.0,-0.2,0.0,0.5,-169.60000000000002,0.0,0.0,169.70000000000002,0.0,21.700000000000003,28.9,28.9,30.9,300.0,300.0,31.700000000000003,35.9,28.8,28.0,29.9,4.96,2.0,4.97,0.16,0.0,0.0,1027.0,8228.0,0.0,0.0,0.0,0.0,0.0,1.0,0.0,0.0,0.0,0.0,0.0,0.5,0.0,-0.4,0.0,0.0,16.0,25903.0
2026-07-30T19:03:36.841Z,386.324,386.34,0.0,7.4,0.0,0.0,0.0,0.0,0.0,0.0,0.0,0.0,1.0,0.0,0.0,0.0,9.0,4.0,0.0,0.0,0.0,0.0,0.0,0.0,0.0,0.0,2.0,12.0,1.0,12.15,5.0200000000000005,2.51,1.49,0.0,0.0,0.0,361.4,0.0,-0.8,-0.5,1.1,-169.60000000000002,0.0,0.0,169.70000000000002,0.0,21.700000000000003,28.9,28.9,30.9,300.0,300.0,31.700000000000003,35.9,28.8,28.0,29.9,4.96,2.0,4.96,0.16,0.0,0.0,1027.0,8228.0,0.0,0.0,0.0,0.0,0.0,1.0,0.0,0.0,0.0,0.0,0.0,0.2,0.0,-1.1,0.0,0.0,16.0,25903.0
2026-07-30T19:03:36.853Z,386.336,386.352,0.0,7.4,0.0,0.0,0.0,0.0,0.0,0.0,0.0,0.0,1.0,0.0,0.0,0.0,9.0,4.0,0.0,0.0,0.0,0.0,0.0,0.0,0.0,0.0,2.0,12.0,1.0,12.15,5.0200000000000005,2.51,1.49,0.0,0.0,0.0,361.3,0.0,0.3,0.6000000000000001,0.5,-169.60000000000002,0.0,0.0,169.60000000000002,0.0,21.700000000000003,28.9,28.9,30.9,300.0,300.0,31.700000000000003,35.9,28.8,28.0,29.9,4.95,1.99,4.97,0.16,0.0,0.0,1027.0,8228.0,0.0,0.0,0.0,0.0,0.0,1.0,0.0,0.0,0.0,0.0,0.0,1.1,0.0,-0.3,0.0,0.0,16.0,25903.0
2026-07-30T19:03:36.865Z,386.348,386.364,0.0,7.4,0.0,0.0,0.0,0.0,0.0,0.0,0.0,0.0,1.0,0.0,0.0,0.0,9.0,4.0,0.0,0.0,0.0,0.0,0.0,0.0,0.0,0.0,3.0,12.0,1.0,12.17,5.0200000000000005,2.51,1.49,0.0,0.0,0.0,361.3,0.0,-0.3,1.1,0.0,-169.60000000000002,0.0,0.0,169.60000000000002,0.0,21.4,28.9,28.9,30.9,300.0,300.0,31.6,35.800000000000004,28.8,28.0,29.9,4.95,1.99,4.96,0.16,0.0,0.0,1027.0,8228.0,0.0,0.0,0.0,0.0,0.0,1.0,0.0,0.0,0.0,0.0,0.0,1.2000000000000002,0.0,0.3,0.0,0.0,16.0,25903.0
2026-07-30T19:03:36.877Z,386.36,386.376,0.0,7.4,0.0,0.0,0.0,0.0,0.0,0.0,0.0,0.0,1.0,0.0,0.0,0.0,9.0,4.0,0.0,0.0,0.0,0.0,0.0,0.0,0.0,0.0,5.0,12.0,1.0,12.17,5.0200000000000005,2.51,1.49,0.0,0.0,0.0,361.3,0.0,0.2,1.1,0.0,-169.60000000000002,0.0,0.0,169.60000000000002,0.0,21.4,28.9,28.9,30.9,300.0,300.0,31.6,35.800000000000004,28.8,28.0,29.9,4.96,1.99,4.96,0.16,0.0,0.0,1027.0,8228.0,0.0,0.0,0.0,0.0,0.0,1.0,0.0,0.0,0.0,0.0,0.0,1.3,0.0,0.3,0.0,0.0,16.0,25903.0
2026-07-30T19:03:36.889Z,386.372,386.388,0.0,7.4,0.0,0.0,0.0,0.0,0.0,0.0,0.0,0.0,1.0,0.0,0.0,0.0,9.0,4.0,0.0,0.0,0.0,0.0,0.0,0.0,0.0,0.0,6.0,12.0,1.0,12.17,5.0200000000000005,2.51,1.49,0.0,0.1,0.0,361.3,0.0,0.2,0.0,0.5,-169.60000000000002,0.0,0.0,169.70000000000002,0.0,21.4,28.9,28.9,30.9,300.0,300.0,31.6,35.800000000000004,28.8,28.0,29.9,4.95,1.99,4.97,0.16,0.0,0.0,1027.0,8228.0,0.0,0.0,0.0,0.0,0.0,1.0,0.0,0.0,0.0,0.0,0.0,0.4,0.0,-0.4,0.0,0.0,16.0,25903.0
2026-07-30T19:03:36.901Z,386.384,386.4,0.0,7.4,0.0,0.0,0.0,0.0,0.0,0.0,0.0,0.0,1.0,0.0,0.0,0.0,9.0,4.0,0.0,0.0,0.0,0.0,0.0,0.0,0.0,0.0,2.0,12.0,1.0,12.17,5.0200000000000005,2.51,1.49,0.0,0.0,0.0,361.3,0.0,-0.3,-1.1,-0.6000000000000001,-169.60000000000002,0.0,0.0,169.70000000000002,0.0,21.4,28.9,28.9,30.9,300.0,300.0,31.6,35.800000000000004,28.8,28.0,29.9,4.96,1.99,4.97,0.16,0.0,0.0,1027.0,8228.0,0.0,0.0,0.0,0.0,0.0,1.0,0.0,0.0,0.0,0.0,0.0,-1.7000000000000002,0.0,0.3,0.0,0.0,16.0,25903.0
2026-07-30T19:03:36.913Z,386.396,386.412,0.0,7.4,0.0,0.0,0.0,0.0,0.0,0.0,0.0,0.0,1.0,0.0,0.0,0.0,9.0,4.0,0.0,0.0,0.0,0.0,0.0,0.0,0.0,0.0,3.0,12.0,1.0,12.17,5.0200000000000005,2.51,1.49,0.0,0.0,0.0,361.4,0.0,0.8,0.6000000000000001,0.0,-169.60000000000002,0.0,0.0,169.70000000000002,0.0,21.4,28.9,28.9,30.9,300.0,300.0,31.6,35.800000000000004,28.8,28.0,29.9,4.96,1.99,4.96,0.16,0.0,0.0,1027.0,8228.0,0.0,0.0,0.0,0.0,0.0,1.0,0.0,0.0,0.0,0.0,0.0,0.6000000000000001,0.0,0.1,0.0,0.0,16.0,25903.0
2026-07-30T19:03:36.925Z,386.408,386.424,0.0,7.4,0.0,0.0,0.0,0.0,0.0,0.0,0.0,0.0,1.0,0.0,0.0,0.0,9.0,4.0,0.0,0.0,0.0,0.0,0.0,0.0,0.0,0.0,5.0,12.0,1.0,12.17,5.0200000000000005,2.51,1.49,0.0,0.0,0.0,361.4,0.0,-0.3,1.1,0.0,-169.60000000000002,0.0,0.0,169.8,0.0,21.4,28.9,28.9,30.9,300.0,300.0,31.6,35.800000000000004,28.8,28.0,29.9,4.96,1.99,4.96,0.16,0.0,0.0,1027.0,8228.0,0.0,0.0,0.0,0.0,0.0,1.0,0.0,0.0,0.0,0.0,0.0,1.2000000000000002,0.0,0.3,0.0,0.0,16.0,25903.0
2026-07-30T19:03:36.937Z,386.42,386.436,0.0,7.4,0.0,0.0,0.0,0.0,0.0,0.0,0.0,0.0,1.0,0.0,0.0,0.0,9.0,4.0,0.0,0.0,0.0,0.0,0.0,0.0,0.0,0.0,6.0,12.0,1.0,12.17,5.0200000000000005,2.51,1.49,0.0,0.1,0.0,361.4,0.0,-0.9,-0.5,0.4,-169.70000000000002,0.0,0.0,169.8,0.0,21.4,28.9,28.9,30.9,300.0,300.0,31.6,35.800000000000004,28.8,28.0,29.9,4.94,1.99,4.97,0.16,0.0,0.0,1027.0,8228.0,0.0,0.0,0.0,0.0,0.0,1.0,0.0,0.0,0.0,0.0,0.0,-0.2,0.0,-0.5,0.0,0.0,16.0,25903.0
2026-07-30T19:03:36.949Z,386.432,386.448,0.0,7.4,0.0,0.0,0.0,0.0,0.0,0.0,0.0,0.0,1.0,0.0,0.0,0.0,9.0,4.0,0.0,0.0,0.0,0.0,0.0,0.0,0.0,0.0,1.0,12.0,1.0,12.17,5.0200000000000005,2.51,1.49,0.0,0.1,0.0,361.3,0.0,-0.4,0.5,0.0,-169.70000000000002,0.0,0.0,169.8,0.0,21.4,28.9,28.9,30.9,300.0,300.0,31.6,35.800000000000004,28.8,28.0,29.9,4.96,1.99,4.96,0.16,0.0,0.0,1027.0,8228.0,0.0,0.0,0.0,0.0,0.0,1.0,0.0,0.0,0.0,0.0,0.0,0.6000000000000001,0.0,0.1,0.0,0.0,16.0,25903.0
2026-07-30T19:03:36.962Z,386.445,386.46,0.0,7.4,0.0,0.0,0.0,0.0,0.0,0.0,0.0,0.0,1.0,0.0,0.0,0.0,9.0,4.0,0.0,0.0,0.0,0.0,0.0,0.0,0.0,0.0,3.0,12.0,1.0,12.14,5.01,2.51,1.49,0.0,0.0,0.0,361.3,0.0,-0.4,0.0,-0.6000000000000001,-169.70000000000002,0.0,0.0,169.60000000000002,0.0,21.8,28.9,28.9,30.9,300.0,300.0,31.6,35.9,28.8,28.0,29.9,4.96,2.0,4.97,0.16,0.0,0.0,1027.0,8228.0,0.0,0.0,0.0,0.0,0.0,1.0,0.0,0.0,0.0,0.0,0.0,-0.4,0.0,0.5,0.0,0.0,16.0,25903.0
2026-07-30T19:03:36.973Z,386.456,386.472,0.0,7.4,0.0,0.0,0.0,0.0,0.0,0.0,0.0,0.0,1.0,0.0,0.0,0.0,9.0,4.0,0.0,0.0,0.0,0.0,0.0,0.0,0.0,0.0,4.0,12.0,1.0,12.14,5.01,2.51,1.49,0.0,0.0,0.0,361.4,0.0,-0.9,-0.5,-1.2000000000000002,-169.70000000000002,0.0,0.0,169.60000000000002,0.0,21.8,28.9,28.9,30.9,300.0,300.0,31.6,35.9,28.8,28.0,29.9,4.95,1.99,4.97,0.16,0.0,0.0,1027.0,8228.0,0.0,0.0,0.0,0.0,0.0,1.0,0.0,0.0,0.0,0.0,0.0,-1.5,0.0,0.9,0.0,0.0,16.0,25903.0
2026-07-30T19:03:36.985Z,386.468,386.484,0.0,7.4,0.0,0.0,0.0,0.0,0.0,0.0,0.0,0.0,1.0,0.0,0.0,0.0,9.0,4.0,0.0,0.0,0.0,0.0,0.0,0.0,0.0,0.0,5.0,12.0,1.0,12.14,5.01,2.51,1.49,0.0,0.0,0.0,361.4,0.0,0.1,-0.6000000000000001,-1.3,-169.70000000000002,0.0,0.0,169.60000000000002,0.0,21.8,28.9,28.9,30.9,300.0,300.0,31.6,35.9,28.8,28.0,29.9,4.96,1.99,4.97,0.16,0.0,0.0,1027.0,8228.0,0.0,0.0,0.0,0.0,0.0,1.0,0.0,0.0,0.0,0.0,0.0,-1.6,0.0,1.0,0.0,0.0,16.0,25903.0
2026-07-30T19:03:36.997Z,386.48,386.496,0.0,7.4,0.0,0.0,0.0,0.0,0.0,0.0,0.0,0.0,1.0,0.0,0.0,0.0,9.0,4.0,0.0,0.0,0.0,0.0,0.0,0.0,0.0,0.0,6.0,12.0,1.0,12.14,5.01,2.51,1.49,0.0,0.0,0.0,361.3,0.0,-0.4,0.0,-0.1,-169.60000000000002,0.0,0.0,169.70000000000002,0.0,21.8,28.9,28.9,30.9,300.0,300.0,31.6,35.9,28.8,28.0,29.9,4.96,2.0,4.97,0.16,0.0,0.0,1027.0,8228.0,0.0,0.0,0.0,0.0,0.0,1.0,0.0,0.0,0.0,0.0,0.0,-1.4,0.0,-0.1,0.0,0.0,16.0,25903.0
2026-07-30T19:03:37.009Z,386.492,386.508,0.0,7.4,0.0,0.0,0.0,0.0,0.0,0.0,0.0,0.0,1.0,0.0,0.0,0.0,9.0,4.0,0.0,0.0,0.0,0.0,0.0,0.0,0.0,0.0,1.0,12.0,1.0,12.14,5.01,2.51,1.49,0.0,0.0,0.0,361.3,0.0,1.3,0.5,0.4,-169.60000000000002,0.0,0.0,169.70000000000002,0.0,21.8,28.9,28.9,30.9,300.0,300.0,31.6,35.9,28.8,28.0,29.9,4.96,1.99,4.97,0.16,0.0,0.0,1027.0,8228.0,0.0,0.0,0.0,0.0,0.0,1.0,0.0,0.0,0.0,0.0,0.0,0.8,0.0,-0.2,0.0,0.0,16.0,25903.0
2026-07-30T19:03:37.021Z,386.504,386.52,0.0,7.4,0.0,0.0,0.0,0.0,0.0,0.0,0.0,0.0,1.0,0.0,0.0,0.0,9.0,4.0,0.0,0.0,0.0,0.0,0.0,0.0,0.0,0.0,2.0,12.0,1.0,12.14,5.01,2.51,1.49,0.0,0.0,0.0,361.3,0.0,0.1,1.1,-1.3,-169.60000000000002,0.0,0.0,169.70000000000002,0.0,21.8,28.9,28.9,30.9,300.0,300.0,31.6,35.9,28.8,28.0,29.9,4.95,1.99,4.97,0.16,0.0,0.0,1027.0,8228.0,0.0,0.0,0.0,0.0,0.0,1.0,0.0,0.0,0.0,0.0,0.0,1.1,0.0,-1.4,0.0,0.0,16.0,25903.0
2026-07-30T19:03:37.033Z,386.516,386.532,0.0,7.4,0.0,0.0,0.0,0.0,0.0,0.0,0.0,0.0,1.0,0.0,0.0,0.0,9.0,4.0,0.0,0.0,0.0,0.0,0.0,0.0,0.0,0.0,3.0,12.0,1.0,12.14,5.01,2.51,1.49,0.0,0.0,0.0,361.4,0.0,-0.4,-0.6000000000000001,-1.4,-169.60000000000002,0.0,0.0,169.70000000000002,0.0,21.8,28.9,28.9,30.9,300.0,300.0,31.6,35.9,28.8,28.0,29.9,4.96,1.99,4.96,0.16,0.0,0.0,1027.0,8228.0,0.0,0.0,0.0,0.0,0.0,1.0,0.0,0.0,0.0,0.0,0.0,-1.8,0.0,1.1,0.0,0.0,16.0,25903.0
2026-07-30T19:03:37.045Z,386.528,386.544,0.0,7.4,0.0,0.0,0.0,0.0,0.0,0.0,0.0,0.0,1.0,0.0,0.0,0.0,9.0,4.0,0.0,0.0,0.0,0.0,0.0,0.0,0.0,0.0,4.0,12.0,1.0,12.14,5.01,2.51,1.49,0.0,0.0,0.0,361.3,0.0,-0.4,-0.6000000000000001,-0.2,-169.60000000000002,0.0,0.0,169.70000000000002,0.0,21.8,28.9,28.9,30.9,300.0,300.0,31.6,35.9,28.8,28.0,29.9,4.95,1.99,4.97,0.16,0.0,0.0,1027.0,8228.0,0.0,0.0,0.0,0.0,0.0,1.0,0.0,0.0,0.0,0.0,0.0,-0.9,0.0,0.0,0.0,0.0,16.0,25903.0
2026-07-30T19:03:37.057Z,386.54,386.556,0.0,7.4,0.0,0.0,0.0,0.0,0.0,0.0,0.0,0.0,1.0,0.0,0.0,0.0,9.0,4.0,0.0,0.0,0.0,0.0,0.0,0.0,0.0,0.0,5.0,12.0,1.0,12.14,5.01,2.51,1.49,0.0,0.0,0.0,361.4,0.0,0.1,0.0,-2.0,-169.60000000000002,0.0,0.0,169.60000000000002,0.0,21.8,28.9,28.9,30.9,300.0,300.0,31.6,35.9,28.8,28.0,29.9,4.95,1.99,4.97,0.16,0.0,0.0,1027.0,8228.0,0.0,0.0,0.0,0.0,0.0,1.0,0.0,0.0,0.0,0.0,0.0,-1.6,0.0,1.7000000000000002,0.0,0.0,16.0,25903.0
2026-07-30T19:03:37.069Z,386.552,386.568,0.0,7.4,0.0,0.0,0.0,0.0,0.0,0.0,0.0,0.0,1.0,0.0,0.0,0.0,9.0,4.0,0.0,0.0,0.0,0.0,0.0,0.0,0.0,0.0,6.0,12.0,1.0,12.18,5.01,2.51,1.49,0.0,0.0,0.0,361.3,0.0,0.1,0.0,-0.2,-169.60000000000002,0.0,0.0,169.70000000000002,0.0,21.4,28.9,28.9,30.9,300.0,300.0,31.700000000000003,35.9,28.9,28.0,29.9,4.96,1.99,4.97,0.16,0.0,0.0,1027.0,8228.0,0.0,0.0,0.0,0.0,0.0,1.0,0.0,0.0,0.0,0.0,0.0,0.6000000000000001,0.0,-0.8,0.0,0.0,16.0,25903.0
2026-07-30T19:03:37.081Z,386.564,386.58,0.0,7.4,0.0,0.0,0.0,0.0,0.0,0.0,0.0,0.0,1.0,0.0,0.0,0.0,9.0,4.0,0.0,0.0,0.0,0.0,0.0,0.0,0.0,0.0,2.0,12.0,1.0,12.18,5.01,2.51,1.49,0.0,0.0,0.0,361.3,0.0,-0.9,-1.2000000000000002,-1.3,-169.60000000000002,0.0,0.0,169.70000000000002,0.0,21.4,28.9,28.9,30.9,300.0,300.0,31.700000000000003,35.9,28.9,28.0,29.9,4.95,1.99,4.96,0.16,0.0,0.0,1027.0,8228.0,0.0,0.0,0.0,0.0,0.0,1.0,0.0,0.0,0.0,0.0,0.0,-2.4000000000000004,0.0,0.9,0.0,0.0,16.0,25903.0
2026-07-30T19:03:37.093Z,386.576,386.592,0.0,7.4,0.0,0.0,0.0,0.0,0.0,0.0,0.0,0.0,1.0,0.0,0.0,0.0,9.0,4.0,0.0,0.0,0.0,0.0,0.0,0.0,0.0,0.0,3.0,12.0,1.0,12.18,5.01,2.51,1.49,0.0,0.0,0.0,361.3,0.0,-0.3,0.0,-0.8,-169.60000000000002,0.0,0.0,169.70000000000002,0.0,21.4,28.9,28.9,30.9,300.0,300.0,31.700000000000003,35.9,28.9,28.0,29.9,4.95,1.99,4.97,0.16,0.0,0.0,1027.0,8228.0,0.0,0.0,0.0,0.0,0.0,1.0,0.0,0.0,0.0,0.0,0.0,-0.7000000000000001,0.0,0.7000000000000001,0.0,0.0,16.0,25903.0
2026-07-30T19:03:37.105Z,386.588,386.604,0.0,7.4,0.0,0.0,0.0,0.0,0.0,0.0,0.0,0.0,1.0,0.0,0.0,0.0,9.0,4.0,0.0,0.0,0.0,0.0,0.0,0.0,0.0,0.0,4.0,12.0,1.0,12.18,5.01,2.51,1.49,0.0,0.0,0.0,361.4,0.0,-1.5,-1.2000000000000002,-1.3,-169.60000000000002,0.0,0.0,169.60000000000002,0.0,21.4,28.9,28.9,30.9,300.0,300.0,31.700000000000003,35.9,28.9,28.0,29.9,4.95,1.99,4.96,0.16,0.0,0.0,1027.0,8228.0,0.0,0.0,0.0,0.0,0.0,1.0,0.0,0.0,0.0,0.0,0.0,-2.4000000000000004,0.0,0.9,0.0,0.0,16.0,25903.0
2026-07-30T19:03:37.117Z,386.6,386.616,0.0,7.4,0.0,0.0,0.0,0.0,0.0,0.0,0.0,0.0,1.0,0.0,0.0,0.0,9.0,4.0,0.0,0.0,0.0,0.0,0.0,0.0,0.0,0.0,5.0,12.0,1.0,12.18,5.01,2.51,1.49,0.0,0.0,0.0,361.4,0.0,-0.3,0.0,0.9,-169.60000000000002,0.0,0.0,169.60000000000002,0.0,21.4,28.9,28.9,30.9,300.0,300.0,31.700000000000003,35.9,28.9,28.0,29.9,4.96,1.99,4.96,0.16,0.0,0.0,1027.0,8228.0,0.0,0.0,0.0,0.0,0.0,1.0,0.0,0.0,0.0,0.0,0.0,0.6000000000000001,0.0,-0.8,0.0,0.0,16.0,25903.0
2026-07-30T19:03:37.129Z,386.612,386.628,0.0,7.4,0.0,0.0,0.0,0.0,0.0,0.0,0.0,0.0,1.0,0.0,0.0,0.0,9.0,4.0,0.0,0.0,0.0,0.0,0.0,0.0,0.0,0.0,5.0,12.0,1.0,12.18,5.01,2.51,1.49,0.0,0.0,0.0,361.3,0.0,-0.3,-0.6000000000000001,1.0,-169.60000000000002,0.0,0.0,169.60000000000002,0.0,21.4,28.9,28.9,30.9,300.0,300.0,31.700000000000003,35.9,28.9,28.0,29.9,4.95,1.99,4.97,0.16,0.0,0.0,1027.0,8228.0,0.0,0.0,0.0,0.0,0.0,1.0,0.0,0.0,0.0,0.0,0.0,0.0,0.0,-1.0,0.0,0.0,16.0,25903.0
2026-07-30T19:03:37.141Z,386.624,386.64,0.0,7.4,0.0,0.0,0.0,0.0,0.0,0.0,0.0,0.0,1.0,0.0,0.0,0.0,9.0,4.0,0.0,0.0,0.0,0.0,0.0,0.0,0.0,0.0,1.0,12.0,1.0,12.18,5.01,2.51,1.49,0.0,0.0,0.0,361.4,0.0,-1.4,-1.7000000000000002,-0.7000000000000001,-169.60000000000002,0.0,0.0,169.60000000000002,0.0,21.4,28.9,28.9,30.9,300.0,300.0,31.700000000000003,35.9,28.9,28.0,29.9,4.96,1.99,4.96,0.16,0.0,0.0,1027.0,8228.0,0.0,0.0,0.0,0.0,0.0,1.0,0.0,0.0,0.0,0.0,0.0,-2.5,0.0,0.2,0.0,0.0,16.0,25903.0
2026-07-30T19:03:37.153Z,386.636,386.652,0.0,7.4,0.0,0.0,0.0,0.0,0.0,0.0,0.0,0.0,1.0,0.0,0.0,0.0,9.0,4.0,0.0,0.0,0.0,0.0,0.0,0.0,0.0,0.0,2.0,12.0,1.0,12.18,5.01,2.51,1.49,0.0,0.0,0.0,361.3,0.0,0.2,0.0,-0.7000000000000001,-169.60000000000002,0.0,0.0,169.60000000000002,0.0,21.4,28.9,28.9,30.9,300.0,300.0,31.700000000000003,35.9,28.9,28.0,29.9,4.96,1.99,4.97,0.16,0.0,0.0,1027.0,8228.0,0.0,0.0,0.0,0.0,0.0,1.0,0.0,0.0,0.0,0.0,0.0,-0.5,0.0,0.6000000000000001,0.0,0.0,16.0,25903.0
2026-07-30T19:03:37.166Z,386.649,386.664,0.0,7.4,0.0,0.0,0.0,0.0,0.0,0.0,0.0,0.0,1.0,0.0,0.0,0.0,9.0,4.0,0.0,0.0,0.0,0.0,0.0,0.0,0.0,0.0,4.0,12.0,1.0,12.19,5.0200000000000005,2.51,1.49,0.0,0.0,0.0,361.3,0.0,0.3,1.7000000000000002,0.4,-169.60000000000002,0.0,0.0,169.60000000000002,0.0,21.200000000000003,28.9,28.9,30.9,300.0,300.0,31.700000000000003,35.9,28.9,28.0,29.9,4.95,1.99,4.97,0.16,0.0,0.0,1027.0,8228.0,0.0,0.0,0.0,0.0,0.0,1.0,0.0,0.0,0.0,0.0,0.0,2.3000000000000003,0.0,0.0,0.0,0.0,16.0,25903.0
2026-07-30T19:03:37.178Z,386.661,386.676,0.0,7.4,0.0,0.0,0.0,0.0,0.0,0.0,0.0,0.0,1.0,0.0,0.0,0.0,9.0,4.0,0.0,0.0,0.0,0.0,0.0,0.0,0.0,0.0,5.0,12.0,1.0,12.19,5.0200000000000005,2.51,1.49,0.0,0.0,0.0,361.4,0.0,-0.2,0.0,1.5,-169.60000000000002,0.0,0.0,169.60000000000002,0.0,21.200000000000003,28.9,28.9,30.9,300.0,300.0,31.700000000000003,35.9,28.9,28.0,29.9,4.95,1.99,4.97,0.16,0.0,0.0,1027.0,8228.0,0.0,0.0,0.0,0.0,0.0,1.0,0.0,0.0,0.0,0.0,0.0,1.1,0.0,-1.3,0.0,0.0,16.0,25903.0
2026-07-30T19:03:37.189Z,386.672,386.688,0.0,7.4,0.0,0.0,0.0,0.0,0.0,0.0,0.0,0.0,1.0,0.0,0.0,0.0,9.0,4.0,0.0,0.0,0.0,0.0,0.0,0.0,0.0,0.0,6.0,12.0,1.0,12.19,5.0200000000000005,2.51,1.49,0.0,0.0,0.0,361.3,0.0,0.2,0.0,0.3,-169.60000000000002,0.0,0.0,169.70000000000002,0.0,21.200000000000003,28.9,28.9,30.9,300.0,300.0,31.700000000000003,35.9,28.9,28.0,29.9,4.95,2.0,4.96,0.16,0.0,0.0,1027.0,8228.0,0.0,0.0,0.0,0.0,0.0,1.0,0.0,0.0,0.0,0.0,0.0,0.2,0.0,-0.3,0.0,0.0,16.0,25903.0
2026-07-30T19:03:37.201Z,386.684,386.7,0.0,7.4,0.0,0.0,0.0,0.0,0.0,0.0,0.0,0.0,1.0,0.0,0.0,0.0,9.0,4.0,0.0,0.0,0.0,0.0,0.0,0.0,0.0,0.0,1.0,12.0,1.0,12.19,5.0200000000000005,2.51,1.49,0.0,0.0,0.0,361.4,0.0,0.2,0.5,1.5,-169.60000000000002,0.0,0.0,169.60000000000002,0.0,21.200000000000003,28.9,28.9,30.9,300.0,300.0,31.700000000000003,35.9,28.9,28.0,29.9,4.95,1.99,4.97,0.16,0.0,0.0,1027.0,8228.0,0.0,0.0,0.0,0.0,0.0,1.0,0.0,0.0,0.0,0.0,0.0,1.8,0.0,-1.2000000000000002,0.0,0.0,16.0,25903.0
2026-07-30T19:03:37.214Z,386.697,386.712,0.0,7.4,0.0,0.0,0.0,0.0,0.0,0.0,0.0,0.0,1.0,0.0,0.0,0.0,9.0,4.0,0.0,0.0,0.0,0.0,0.0,0.0,0.0,0.0,3.0,12.0,1.0,12.19,5.0200000000000005,2.51,1.49,0.0,0.1,0.0,361.5,0.0,-0.2,0.6000000000000001,-0.1,-169.60000000000002,0.0,0.0,169.60000000000002,0.0,21.200000000000003,28.9,28.9,30.9,300.0,300.0,31.700000000000003,35.9,28.9,28.0,29.9,4.95,2.0,4.97,0.16,0.0,0.0,1027.0,8228.0,0.0,0.0,0.0,0.0,0.0,1.0,0.0,0.0,0.0,0.0,0.0,0.5,0.0,0.3,0.0,0.0,16.0,25903.0
2026-07-30T19:03:37.225Z,386.708,386.724,0.0,7.4,0.0,0.0,0.0,0.0,0.0,0.0,0.0,0.0,1.0,0.0,0.0,0.0,9.0,4.0,0.0,0.0,0.0,0.0,0.0,0.0,0.0,0.0,4.0,12.0,1.0,12.19,5.0200000000000005,2.51,1.49,0.0,0.0,0.0,361.3,0.0,-0.2,-0.5,-0.2,-169.60000000000002,0.0,0.0,169.60000000000002,0.0,21.200000000000003,28.9,28.9,30.9,300.0,300.0,31.700000000000003,35.9,28.9,28.0,29.9,4.96,2.0,4.96,0.16,0.0,0.0,1027.0,8228.0,0.0,0.0,0.0,0.0,0.0,1.0,0.0,0.0,0.0,0.0,0.0,-0.7000000000000001,0.0,0.0,0.0,0.0,16.0,25903.0
2026-07-30T19:03:37.237Z,386.72,386.736,0.0,7.4,0.0,0.0,0.0,0.0,0.0,0.0,0.0,0.0,1.0,0.0,0.0,0.0,9.0,4.0,0.0,0.0,0.0,0.0,0.0,0.0,0.0,0.0,5.0,12.0,1.0,12.19,5.0200000000000005,2.51,1.49,0.0,0.0,0.0,361.3,0.0,0.8,0.0,0.9,-169.60000000000002,0.0,0.0,169.60000000000002,0.0,21.200000000000003,28.9,28.9,30.9,300.0,300.0,31.700000000000003,35.9,28.9,28.0,29.9,4.95,1.99,4.96,0.16,0.0,0.0,1027.0,8228.0,0.0,0.0,0.0,0.0,0.0,1.0,0.0,0.0,0.0,0.0,0.0,0.7000000000000001,0.0,-0.8,0.0,0.0,16.0,25903.0
2026-07-30T19:03:37.249Z,386.732,386.748,0.0,7.4,0.0,0.0,0.0,0.0,0.0,0.0,0.0,0.0,1.0,0.0,0.0,0.0,9.0,4.0,0.0,0.0,0.0,0.0,0.0,0.0,0.0,0.0,6.0,12.0,1.0,12.19,5.0200000000000005,2.51,1.49,0.0,0.0,0.0,361.3,0.0,-0.8,0.0,-0.2,-169.60000000000002,0.0,0.0,169.70000000000002,0.0,21.200000000000003,28.9,28.9,30.9,300.0,300.0,31.700000000000003,35.9,28.9,28.0,29.9,4.95,1.99,4.97,0.16,0.0,0.0,1027.0,8228.0,0.0,0.0,0.0,0.0,0.0,1.0,0.0,0.0,0.0,0.0,0.0,-0.1,0.0,0.1,0.0,0.0,16.0,25903.0
2026-07-30T19:03:37.261Z,386.744,386.76,0.0,7.4,0.0,0.0,0.0,0.0,0.0,0.0,0.0,0.0,1.0,0.0,0.0,0.0,9.0,4.0,0.0,0.0,0.0,0.0,0.0,0.0,0.0,0.0,1.0,12.0,1.0,12.19,5.0200000000000005,2.51,1.49,0.0,0.1,0.0,361.4,0.0,-0.2,0.6000000000000001,0.9,-169.60000000000002,0.0,0.0,169.60000000000002,0.0,21.200000000000003,28.9,28.9,30.9,300.0,300.0,31.700000000000003,35.9,28.9,28.0,29.9,4.95,1.99,4.97,0.16,0.0,0.0,1027.0,8228.0,0.0,0.0,0.0,0.0,0.0,1.0,0.0,0.0,0.0,0.0,0.0,1.4,0.0,-0.6000000000000001,0.0,0.0,16.0,25903.0
2026-07-30T19:03:37.273Z,386.756,386.772,0.0,7.4,0.0,0.0,0.0,0.0,0.0,0.0,0.0,0.0,1.0,0.0,0.0,0.0,9.0,4.0,0.0,0.0,0.0,0.0,0.0,0.0,0.0,0.0,2.0,12.0,1.0,12.14,5.01,2.51,1.49,0.0,0.0,0.0,361.3,0.0,0.9,0.0,1.5,-169.60000000000002,0.0,0.0,169.60000000000002,0.0,21.4,28.9,28.9,30.9,300.0,300.0,31.6,35.9,28.8,28.0,29.9,4.96,1.99,4.96,0.16,0.0,0.0,1027.0,8228.0,0.0,0.0,0.0,0.0,0.0,1.0,0.0,0.0,0.0,0.0,0.0,1.2000000000000002,0.0,-1.3,0.0,0.0,16.0,25903.0
2026-07-30T19:03:37.285Z,386.768,386.784,0.0,7.4,0.0,0.0,0.0,0.0,0.0,0.0,0.0,0.0,1.0,0.0,0.0,0.0,9.0,4.0,0.0,0.0,0.0,0.0,0.0,0.0,0.0,0.0,3.0,12.0,1.0,12.14,5.01,2.51,1.49,0.0,0.0,0.0,361.3,0.0,-0.8,-1.6,-0.7000000000000001,-169.60000000000002,0.0,0.0,169.60000000000002,0.0,21.4,28.9,28.9,30.9,300.0,300.0,31.6,35.9,28.8,28.0,29.9,4.95,1.99,4.97,0.16,0.0,0.0,1027.0,8228.0,0.0,0.0,0.0,0.0,0.0,1.0,0.0,0.0,0.0,0.0,0.0,-2.4000000000000004,0.0,0.3,0.0,0.0,16.0,25903.0
2026-07-30T19:03:37.297Z,386.78,386.796,0.0,7.4,0.0,0.0,0.0,0.0,0.0,0.0,0.0,0.0,1.0,0.0,0.0,0.0,9.0,4.0,0.0,0.0,0.0,0.0,0.0,0.0,0.0,0.0,4.0,12.0,1.0,12.14,5.01,2.51,1.49,0.0,0.0,0.0,361.3,0.0,0.3,0.1,0.4,-169.60000000000002,0.0,0.0,169.60000000000002,0.0,21.4,28.9,28.9,30.9,300.0,300.0,31.6,35.9,28.8,28.0,29.9,4.95,1.99,4.96,0.16,0.0,0.0,1027.0,8228.0,0.0,0.0,0.0,0.0,0.0,1.0,0.0,0.0,0.0,0.0,0.0,0.4,0.0,-0.3,0.0,0.0,16.0,25903.0
2026-07-30T19:03:37.310Z,386.793,386.808,0.0,7.4,0.0,0.0,0.0,0.0,0.0,0.0,0.0,0.0,1.0,0.0,0.0,0.0,9.0,4.0,0.0,0.0,0.0,0.0,0.0,0.0,0.0,0.0,1.0,12.0,1.0,12.14,5.01,2.51,1.49,0.0,0.0,0.0,361.4,0.0,0.9,-0.4,0.5,-169.60000000000002,0.0,0.0,169.70000000000002,0.0,21.4,28.9,28.9,30.9,300.0,300.0,31.6,35.9,28.8,28.0,29.9,4.96,2.0,4.96,0.16,0.0,0.0,1027.0,8228.0,0.0,0.0,0.0,0.0,0.0,1.0,0.0,0.0,0.0,0.0,0.0,-0.1,0.0,-0.5,0.0,0.0,16.0,25903.0
2026-07-30T19:03:37.321Z,386.804,386.82,0.0,7.4,0.0,0.0,0.0,0.0,0.0,0.0,0.0,0.0,1.0,0.0,0.0,0.0,9.0,4.0,0.0,0.0,0.0,0.0,0.0,0.0,0.0,0.0,1.0,12.0,1.0,12.14,5.01,2.51,1.49,0.0,0.0,0.0,361.4,0.0,-0.2,0.1,0.5,-169.60000000000002,0.0,0.0,169.60000000000002,0.0,21.4,28.9,28.9,30.9,300.0,300.0,31.6,35.9,28.8,28.0,29.9,4.95,2.0,4.97,0.16,0.0,0.0,1027.0,8228.0,0.0,0.0,0.0,0.0,0.0,1.0,0.0,0.0,0.0,0.0,0.0,0.5,0.0,-0.4,0.0,0.0,16.0,25903.0
2026-07-30T19:03:37.333Z,386.816,386.832,0.0,7.4,0.0,0.0,0.0,0.0,0.0,0.0,0.0,0.0,1.0,0.0,0.0,0.0,9.0,4.0,0.0,0.0,0.0,0.0,0.0,0.0,0.0,0.0,2.0,12.0,1.0,12.14,5.01,2.51,1.49,0.0,0.1,0.0,361.3,0.0,-0.2,-1.0,-0.6000000000000001,-169.60000000000002,0.0,0.0,169.60000000000002,0.0,21.4,28.9,28.9,30.9,300.0,300.0,31.6,35.9,28.8,28.0,29.9,4.96,1.99,4.97,0.16,0.0,0.0,1027.0,8228.0,0.0,0.0,0.0,0.0,0.0,1.0,0.0,0.0,0.0,0.0,0.0,-1.6,0.0,0.3,0.0,0.0,16.0,25903.0
2026-07-30T19:03:37.345Z,386.828,386.844,0.0,7.4,0.0,0.0,0.0,0.0,0.0,0.0,0.0,0.0,1.0,0.0,0.0,0.0,9.0,4.0,0.0,0.0,0.0,0.0,0.0,0.0,0.0,0.0,3.0,12.0,1.0,12.14,5.01,2.51,1.49,0.0,0.0,0.0,361.3,0.0,-0.7000000000000001,-1.5,-0.6000000000000001,-169.60000000000002,0.0,0.0,169.60000000000002,0.0,21.4,28.9,28.9,30.9,300.0,300.0,31.6,35.9,28.8,28.0,29.9,4.96,1.99,4.96,0.16,0.0,0.0,1027.0,8228.0,0.0,0.0,0.0,0.0,0.0,1.0,0.0,0.0,0.0,0.0,0.0,-2.2,0.0,0.2,0.0,0.0,16.0,25903.0
2026-07-30T19:03:37.357Z,386.84,386.856,0.0,7.4,0.0,0.0,0.0,0.0,0.0,0.0,0.0,0.0,1.0,0.0,0.0,0.0,9.0,4.0,0.0,0.0,0.0,0.0,0.0,0.0,0.0,0.0,4.0,12.0,1.0,12.14,5.01,2.51,1.49,0.0,0.0,0.0,361.3,0.0,-0.7000000000000001,0.1,0.0,-169.60000000000002,0.0,0.0,169.60000000000002,0.0,21.4,28.9,28.9,30.9,300.0,300.0,31.6,35.9,28.8,28.0,29.9,4.96,1.99,4.96,0.16,0.0,0.0,1027.0,8228.0,0.0,0.0,0.0,0.0,0.0,1.0,0.0,0.0,0.0,0.0,0.0,0.1,0.0,0.0,0.0,0.0,16.0,25903.0
2026-07-30T19:03:37.370Z,386.853,386.868,0.0,7.4,0.0,0.0,0.0,0.0,0.0,0.0,0.0,0.0,1.0,0.0,0.0,0.0,9.0,4.0,0.0,0.0,0.0,0.0,0.0,0.0,0.0,0.0,5.0,12.0,1.0,12.11,5.01,2.5,1.49,0.0,0.0,0.0,361.4,0.0,-0.2,-0.4,2.2,-169.60000000000002,0.0,0.0,169.60000000000002,0.0,21.4,28.9,28.9,30.9,300.0,300.0,31.700000000000003,35.800000000000004,28.8,28.0,29.9,4.95,1.99,4.97,0.16,0.0,0.0,1027.0,8228.0,0.0,0.0,0.0,0.0,0.0,1.0,0.0,0.0,0.0,0.0,0.0,1.2000000000000002,0.0,-2.1,0.0,0.0,16.0,25903.0
2026-07-30T19:03:37.381Z,386.864,386.88,0.0,7.4,0.0,0.0,0.0,0.0,0.0,0.0,0.0,0.0,1.0,0.0,0.0,0.0,9.0,4.0,0.0,0.0,0.0,0.0,0.0,0.0,0.0,0.0,6.0,12.0,1.0,12.11,5.01,2.5,1.49,0.0,0.0,0.0,361.3,0.0,0.4,0.1,0.0,-169.60000000000002,0.0,0.0,169.60000000000002,0.0,21.4,28.9,28.9,30.9,300.0,300.0,31.700000000000003,35.800000000000004,28.8,28.0,29.9,4.96,1.99,4.96,0.16,0.0,0.0,1027.0,8228.0,0.0,0.0,0.0,0.0,0.0,1.0,0.0,0.0,0.0,0.0,0.0,0.1,0.0,0.0,0.0,0.0,16.0,25903.0
2026-07-30T19:03:37.393Z,386.876,386.892,0.0,7.4,0.0,0.0,0.0,0.0,0.0,0.0,0.0,0.0,1.0,0.0,0.0,0.0,9.0,4.0,0.0,0.0,0.0,0.0,0.0,0.0,0.0,0.0,2.0,12.0,1.0,12.11,5.01,2.5,1.49,0.0,0.0,0.0,361.4,0.0,0.4,0.7000000000000001,0.0,-169.60000000000002,0.0,0.0,169.60000000000002,0.0,21.4,28.9,28.9,30.9,300.0,300.0,31.700000000000003,35.800000000000004,28.8,28.0,29.9,4.96,2.0,4.97,0.16,0.0,0.0,1027.0,8228.0,0.0,0.0,0.0,0.0,0.0,1.0,0.0,0.0,0.0,0.0,0.0,0.7000000000000001,0.0,0.2,0.0,0.0,16.0,25903.0
2026-07-30T19:03:37.405Z,386.888,386.904,0.0,7.4,0.0,0.0,0.0,0.0,0.0,0.0,0.0,0.0,1.0,0.0,0.0,0.0,9.0,4.0,0.0,0.0,0.0,0.0,0.0,0.0,0.0,0.0,3.0,12.0,1.0,12.11,5.01,2.5,1.49,0.0,0.1,0.0,361.3,0.0,0.9,-0.4,-0.1,-169.60000000000002,0.0,0.0,169.70000000000002,0.0,21.4,28.9,28.9,30.9,300.0,300.0,31.700000000000003,35.800000000000004,28.8,28.0,29.9,4.95,1.99,4.97,0.16,0.0,0.0,1027.0,8228.0,0.0,0.0,0.0,0.0,0.0,1.0,0.0,0.0,0.0,0.0,0.0,-0.6000000000000001,0.0,0.0,0.0,0.0,16.0,25903.0
2026-07-30T19:03:37.417Z,386.9,386.916,0.0,7.4,0.0,0.0,0.0,0.0,0.0,0.0,0.0,0.0,1.0,0.0,0.0,0.0,9.0,4.0,0.0,0.0,0.0,0.0,0.0,0.0,0.0,0.0,4.0,12.0,1.0,12.11,5.01,2.5,1.49,0.0,0.0,0.0,361.3,0.0,-0.8,-1.0,0.9,-169.60000000000002,0.0,0.0,169.60000000000002,0.0,21.4,28.9,28.9,30.9,300.0,300.0,31.700000000000003,35.800000000000004,28.8,28.0,29.9,4.95,1.99,4.97,0.16,0.0,0.0,1027.0,8228.0,0.0,0.0,0.0,0.0,0.0,1.0,0.0,0.0,0.0,0.0,0.0,-0.4,0.0,-1.0,0.0,0.0,16.0,25903.0
2026-07-30T19:03:37.430Z,386.913,386.928,0.0,7.4,0.0,0.0,0.0,0.0,0.0,0.0,0.0,0.0,1.0,0.0,0.0,0.0,9.0,4.0,0.0,0.0,0.0,0.0,0.0,0.0,0.0,0.0,5.0,12.0,1.0,12.11,5.01,2.5,1.49,0.0,0.0,0.0,361.4,0.0,-0.8,0.1,-0.2,-169.60000000000002,0.0,0.0,169.60000000000002,0.0,21.4,28.9,28.9,30.9,300.0,300.0,31.700000000000003,35.800000000000004,28.8,28.0,29.9,4.96,1.99,4.96,0.16,0.0,0.0,1027.0,8228.0,0.0,0.0,0.0,0.0,0.0,1.0,0.0,0.0,0.0,0.0,0.0,0.0,0.0,0.2,0.0,0.0,16.0,25903.0
2026-07-30T19:03:37.441Z,386.924,386.94,0.0,7.4,0.0,0.0,0.0,0.0,0.0,0.0,0.0,0.0,1.0,0.0,0.0,0.0,9.0,4.0,0.0,0.0,0.0,0.0,0.0,0.0,0.0,0.0,1.0,12.0,1.0,12.11,5.01,2.5,1.49,0.0,0.0,0.0,361.4,0.0,0.9,0.1,0.3,-169.60000000000002,0.0,0.0,169.70000000000002,0.0,21.4,28.9,28.9,30.9,300.0,300.0,31.700000000000003,35.800000000000004,28.8,28.0,29.9,4.96,1.99,4.97,0.17,0.0,0.0,1027.0,8228.0,0.0,0.0,0.0,0.0,0.0,1.0,0.0,0.0,0.0,0.0,0.0,0.4,0.0,-0.3,0.0,0.0,16.0,25903.0
2026-07-30T19:03:37.453Z,386.936,386.952,0.0,7.4,0.0,0.0,0.0,0.0,0.0,0.0,0.0,0.0,1.0,0.0,0.0,0.0,9.0,4.0,0.0,0.0,0.0,0.0,0.0,0.0,0.0,0.0,2.0,12.0,1.0,12.11,5.01,2.5,1.49,0.0,0.0,0.0,361.3,0.0,-0.2,0.1,-0.2,-169.60000000000002,0.0,0.0,169.60000000000002,0.0,21.4,28.9,28.9,30.9,300.0,300.0,31.700000000000003,35.800000000000004,28.8,28.0,29.9,4.95,1.99,4.97,0.16,0.0,0.0,1027.0,8228.0,0.0,0.0,0.0,0.0,0.0,1.0,0.0,0.0,0.0,0.0,0.0,0.0,0.0,0.2,0.0,0.0,16.0,25903.0
2026-07-30T19:03:37.465Z,386.948,386.964,0.0,7.4,0.0,0.0,0.0,0.0,0.0,0.0,0.0,0.0,1.0,0.0,0.0,0.0,9.0,4.0,0.0,0.0,0.0,0.0,0.0,0.0,0.0,0.0,4.0,12.0,1.0,12.11,5.01,2.5,1.49,0.0,0.0,0.0,361.3,0.0,-0.2,-1.5,-1.3,-169.60000000000002,0.0,0.0,169.60000000000002,0.0,21.4,28.9,28.9,30.9,300.0,300.0,31.700000000000003,35.800000000000004,28.8,28.0,29.9,4.96,1.99,4.96,0.16,0.0,0.0,1027.0,8228.0,0.0,0.0,0.0,0.0,0.0,1.0,0.0,0.0,0.0,0.0,0.0,-2.8000000000000003,0.0,0.8,0.0,0.0,16.0,25903.0
2026-07-30T19:03:37.477Z,386.96,386.976,0.0,7.4,0.0,0.0,0.0,0.0,0.0,0.0,0.0,0.0,1.0,0.0,0.0,0.0,9.0,4.0,0.0,0.0,0.0,0.0,0.0,0.0,0.0,0.0,4.0,12.0,1.0,12.15,5.0200000000000005,2.51,1.49,0.0,0.0,0.0,361.4,0.0,-0.2,-0.4,-0.2,-169.60000000000002,0.0,0.0,169.60000000000002,0.0,21.8,28.9,28.9,30.9,300.0,300.0,31.8,35.9,28.9,28.0,29.9,4.95,2.0,4.97,0.16,0.0,0.0,1027.0,8228.0,0.0,0.0,0.0,0.0,0.0,1.0,0.0,0.0,0.0,0.0,0.0,-0.6000000000000001,0.0,0.1,0.0,0.0,16.0,25903.0
2026-07-30T19:03:37.489Z,386.972,386.988,0.0,7.4,0.0,0.0,0.0,0.0,0.0,0.0,0.0,0.0,1.0,0.0,0.0,0.0,9.0,4.0,0.0,0.0,0.0,0.0,0.0,0.0,0.0,0.0,5.0,12.0,1.0,12.15,5.0200000000000005,2.51,1.49,0.0,0.0,0.0,361.4,0.0,0.2,0.0,-0.2,-169.60000000000002,0.0,0.0,169.60000000000002,0.0,21.8,28.9,28.9,30.9,300.0,300.0,31.8,35.9,28.9,28.0,29.9,4.95,1.99,4.97,0.16,0.0,0.0,1027.0,8228.0,0.0,0.0,0.0,0.0,0.0,1.0,0.0,0.0,0.0,0.0,0.0,-0.1,0.0,0.2,0.0,0.0,16.0,25903.0
2026-07-30T19:03:37.501Z,386.984,387.0,0.0,7.4,0.0,0.0,0.0,0.0,0.0,0.0,0.0,0.0,1.0,0.0,0.0,0.0,9.0,4.0,0.0,0.0,0.0,0.0,0.0,0.0,0.0,0.0,1.0,12.0,1.0,12.15,5.0200000000000005,2.51,1.49,0.0,0.0,0.0,361.4,0.0,0.2,0.0,0.9,-169.60000000000002,0.0,0.0,169.70000000000002,0.0,21.8,28.9,28.9,30.9,300.0,300.0,31.8,35.9,28.9,28.0,29.9,4.95,2.0,4.97,0.16,0.0,0.0,1027.0,8228.0,0.0,0.0,0.0,0.0,0.0,1.0,0.0,0.0,0.0,0.0,0.0,0.7000000000000001,0.0,-0.7000000000000001,0.0,0.0,16.0,25903.0
2026-07-30T19:03:37.513Z,386.996,387.012,0.0,7.4,0.0,0.0,0.0,0.0,0.0,0.0,0.0,0.0,1.0,0.0,0.0,0.0,9.0,4.0,0.0,0.0,0.0,0.0,0.0,0.0,0.0,0.0,2.0,12.0,1.0,12.15,5.0200000000000005,2.51,1.49,0.0,0.0,0.0,361.3,0.0,-0.3,1.7000000000000002,0.9,-169.60000000000002,0.0,0.0,169.70000000000002,0.0,21.8,28.9,28.9,30.9,300.0,300.0,31.8,35.9,28.9,28.0,29.9,4.96,2.0,4.96,0.16,0.0,0.0,1027.0,8228.0,0.0,0.0,0.0,0.0,0.0,1.0,0.0,0.0,0.0,0.0,0.0,2.7,0.0,-0.4,0.0,0.0,16.0,25903.0
2026-07-30T19:03:37.525Z,387.008,387.024,0.0,7.4,0.0,0.0,0.0,0.0,0.0,0.0,0.0,0.0,1.0,0.0,0.0,0.0,9.0,4.0,0.0,0.0,0.0,0.0,0.0,0.0,0.0,0.0,3.0,12.0,1.0,12.15,5.0200000000000005,2.51,1.49,0.0,0.0,0.0,361.3,0.0,0.8,-0.5,0.9,-169.60000000000002,0.0,0.0,169.70000000000002,0.0,21.8,28.9,28.9,30.9,300.0,300.0,31.8,35.9,28.9,28.0,29.9,4.95,1.99,4.97,0.16,0.0,0.0,1027.0,8228.0,0.0,0.0,0.0,0.0,0.0,1.0,0.0,0.0,0.0,0.0,0.0,-2.3000000000000003,0.0,1.0,0.0,0.0,16.0,25903.0
2026-07-30T19:03:37.537Z,387.02,387.036,0.0,7.4,0.0,0.0,0.0,0.0,0.0,0.0,0.0,0.0,1.0,0.0,0.0,0.0,9.0,4.0,0.0,0.0,0.0,0.0,0.0,0.0,0.0,0.0,4.0,12.0,1.0,12.15,5.0200000000000005,2.51,1.49,0.0,0.0,0.0,361.3,0.0,0.2,0.0,-0.8,-169.60000000000002,0.0,0.0,169.60000000000002,0.0,21.8,28.9,28.9,30.9,300.0,300.0,31.8,35.9,28.9,28.0,29.9,4.95,1.99,4.96,0.16,0.0,0.0,1027.0,8228.0,0.0,0.0,0.0,0.0,0.0,1.0,0.0,0.0,0.0,0.0,0.0,0.9,0.0,-0.1,0.0,0.0,16.0,25903.0
2026-07-30T19:03:37.549Z,387.032,387.048,0.0,7.4,0.0,0.0,0.0,0.0,0.0,0.0,0.0,0.0,1.0,0.0,0.0,0.0,9.0,4.0,0.0,0.0,0.0,0.0,0.0,0.0,0.0,0.0,5.0,12.0,1.0,12.15,5.0200000000000005,2.51,1.49,0.0,0.0,0.0,361.3,0.0,-0.2,0.6000000000000001,0.3,-169.60000000000002,0.0,0.0,169.60000000000002,0.0,21.8,28.9,28.9,30.9,300.0,300.0,31.8,35.9,28.9,28.0,29.9,4.96,1.99,4.96,0.16,0.0,0.0,1027.0,8228.0,0.0,0.0,0.0,0.0,0.0,1.0,0.0,0.0,0.0,0.0,0.0,1.0,0.0,-0.2,0.0,0.0,16.0,25903.0
2026-07-30T19:03:37.561Z,387.044,387.06,0.0,7.4,0.0,0.0,0.0,0.0,0.0,0.0,0.0,0.0,1.0,0.0,0.0,0.0,9.0,4.0,0.0,0.0,0.0,0.0,0.0,0.0,0.0,0.0,1.0,12.0,1.0,12.15,5.0200000000000005,2.51,1.49,0.0,0.0,0.0,361.4,0.0,0.3,0.0,-0.7000000000000001,-169.60000000000002,0.0,0.0,169.60000000000002,0.0,21.8,28.9,28.9,30.9,300.0,300.0,31.8,35.9,28.9,28.0,29.9,4.95,1.99,4.96,0.16,0.0,0.0,1027.0,8228.0,0.0,0.0,0.0,0.0,0.0,1.0,0.0,0.0,0.0,0.0,0.0,-0.4,0.0,0.6000000000000001,0.0,0.0,16.0,25903.0
2026-07-30T19:03:37.575Z,387.058,387.072,0.0,7.4,0.0,0.0,0.0,0.0,0.0,0.0,0.0,0.0,1.0,0.0,0.0,0.0,9.0,4.0,0.0,0.0,0.0,0.0,0.0,0.0,0.0,0.0,1.0,12.0,1.0,12.17,5.0200000000000005,2.51,1.49,0.0,0.1,0.0,361.3,0.0,0.9,-0.4,-0.1,-169.60000000000002,0.0,0.0,169.60000000000002,0.0,21.200000000000003,28.9,28.9,30.9,300.0,300.0,31.8,35.9,28.9,28.0,29.9,4.96,1.99,4.97,0.16,0.0,0.0,1027.0,8228.0,0.0,0.0,0.0,0.0,0.0,1.0,0.0,0.0,0.0,0.0,0.0,0.4,0.0,-0.3,0.0,0.0,16.0,25903.0
2026-07-30T19:03:37.585Z,387.068,387.084,0.0,7.4,0.0,0.0,0.0,0.0,0.0,0.0,0.0,0.0,1.0,0.0,0.0,0.0,9.0,4.0,0.0,0.0,0.0,0.0,0.0,0.0,0.0,0.0,3.0,12.0,1.0,12.17,5.0200000000000005,2.51,1.49,0.0,0.0,0.0,361.3,0.0,0.3,1.2000000000000002,-1.3,-169.60000000000002,0.0,0.0,169.60000000000002,0.0,21.200000000000003,28.9,28.9,30.9,300.0,300.0,31.8,35.9,28.9,28.0,29.9,4.96,1.99,4.96,0.16,0.0,0.0,1027.0,8228.0,0.0,0.0,0.0,0.0,0.0,1.0,0.0,0.0,0.0,0.0,0.0,0.3,0.0,1.4,0.0,0.0,16.0,25903.0
2026-07-30T19:03:37.597Z,387.08,387.096,0.0,7.4,0.0,0.0,0.0,0.0,0.0,0.0,0.0,0.0,1.0,0.0,0.0,0.0,9.0,4.0,0.0,0.0,0.0,0.0,0.0,0.0,0.0,0.0,4.0,12.0,1.0,12.17,5.0200000000000005,2.51,1.49,0.0,0.1,0.0,361.3,0.0,0.9,0.0,-0.7000000000000001,-169.60000000000002,0.0,0.0,169.60000000000002,0.0,21.200000000000003,28.9,28.9,30.9,300.0,300.0,31.8,35.9,28.9,28.0,29.9,4.96,1.99,4.96,0.16,0.0,0.0,1027.0,8228.0,0.0,0.0,0.0,0.0,0.0,1.0,0.0,0.0,0.0,0.0,0.0,2.3000000000000003,0.0,0.0,0.0,0.0,16.0,25903.0
2026-07-30T19:03:37.609Z,387.092,387.108,0.0,7.4,0.0,0.0,0.0,0.0,0.0,0.0,0.0,0.0,1.0,0.0,0.0,0.0,9.0,4.0,0.0,0.0,0.0,0.0,0.0,0.0,0.0,0.0,6.0,12.0,1.0,12.17,5.0200000000000005,2.51,1.49,0.0,0.0,0.0,361.3,0.0,-0.2,0.6000000000000001,-0.1,-169.60000000000002,0.0,0.0,169.70000000000002,0.0,21.200000000000003,28.9,28.9,30.9,300.0,300.0,31.8,35.9,28.9,28.0,29.9,4.95,1.99,4.97,0.16,0.0,0.0,1027.0,8228.0,0.0,0.0,0.0,0.0,0.0,1.0,0.0,0.0,0.0,0.0,0.0,-0.7000000000000001,0.0,0.0,0.0,0.0,16.0,25903.0
2026-07-30T19:03:37.621Z,387.104,387.12,0.0,7.4,0.0,0.0,0.0,0.0,0.0,0.0,0.0,0.0,1.0,0.0,0.0,0.0,9.0,4.0,0.0,0.0,0.0,0.0,0.0,0.0,0.0,0.0,1.0,12.0,1.0,12.17,5.0200000000000005,2.51,1.49,0.0,0.0,0.0,361.3,0.0,-0.2,-1.7000000000000002,-0.7000000000000001,-169.60000000000002,0.0,0.0,169.70000000000002,0.0,21.200000000000003,28.9,28.9,30.9,300.0,300.0,31.8,35.9,28.9,28.0,29.9,4.96,2.0,4.96,0.16,0.0,0.0,1027.0,8228.0,0.0,0.0,0.0,0.0,0.0,1.0,0.0,0.0,0.0,0.0,0.0,-2.4000000000000004,0.0,0.2,0.0,0.0,16.0,25903.0
2026-07-30T19:03:37.633Z,387.116,387.132,0.0,7.4,0.0,0.0,0.0,0.0,0.0,0.0,0.0,0.0,1.0,0.0,0.0,0.0,9.0,4.0,0.0,0.0,0.0,0.0,0.0,0.0,0.0,0.0,2.0,12.0,1.0,12.17,5.0200000000000005,2.51,1.49,0.0,0.0,0.0,361.3,0.0,-0.8,1.1,-0.7000000000000001,-169.60000000000002,0.0,0.0,169.60000000000002,0.0,21.200000000000003,28.9,28.9,30.9,300.0,300.0,31.8,35.9,28.9,28.0,29.9,4.96,2.0,4.96,0.16,0.0,0.0,1027.0,8228.0,0.0,0.0,0.0,0.0,0.0,1.0,0.0,0.0,0.0,0.0,0.0,1.7000000000000002,0.0,-0.1,0.0,0.0,16.0,25903.0
2026-07-30T19:03:37.645Z,387.128,387.144,0.0,7.4,0.0,0.0,0.0,0.0,0.0,0.0,0.0,0.0,1.0,0.0,0.0,0.0,9.0,4.0,0.0,0.0,0.0,0.0,0.0,0.0,0.0,0.0,3.0,12.0,1.0,12.17,5.0200000000000005,2.51,1.49,-0.1,0.1,0.0,361.3,0.0,-0.8,-0.5,1.0,-169.60000000000002,0.0,0.0,169.60000000000002,0.0,21.200000000000003,28.9,28.9,30.9,300.0,300.0,31.8,35.9,28.9,28.0,29.9,4.95,1.99,4.96,0.16,0.0,0.0,1027.0,8228.0,0.0,0.0,0.0,0.0,0.0,1.0,0.0,0.0,0.0,0.0,0.0,0.0,0.0,0.1,0.0,0.0,16.0,25903.0
2026-07-30T19:03:37.657Z,387.14,387.156,0.0,7.4,0.0,0.0,0.0,0.0,0.0,0.0,0.0,0.0,1.0,0.0,0.0,0.0,9.0,4.0,0.0,0.0,0.0,0.0,0.0,0.0,0.0,0.0,4.0,12.0,1.0,12.17,5.0200000000000005,2.51,1.49,0.0,0.0,0.0,361.3,0.0,0.3,-0.5,0.4,-169.60000000000002,0.0,0.0,169.70000000000002,0.0,21.200000000000003,28.9,28.9,30.9,300.0,300.0,31.8,35.9,28.9,28.0,29.9,4.96,1.99,4.97,0.16,0.0,0.0,1027.0,8228.0,0.0,0.0,0.0,0.0,0.0,1.0,0.0,0.0,0.0,0.0,0.0,0.6000000000000001,0.0,-1.5,0.0,0.0,16.0,25903.0
2026-07-30T19:03:37.669Z,387.152,387.168,0.0,7.4,0.0,0.0,0.0,0.0,0.0,0.0,0.0,0.0,1.0,0.0,0.0,0.0,9.0,4.0,0.0,0.0,0.0,0.0,0.0,0.0,0.0,0.0,5.0,12.0,1.0,12.17,5.0200000000000005,2.51,1.49,0.0,0.0,0.0,361.3,0.0,-0.2,-0.5,-0.6000000000000001,-169.60000000000002,0.0,0.0,169.60000000000002,0.0,21.200000000000003,28.9,28.9,30.9,300.0,300.0,31.8,35.9,28.9,28.0,29.9,4.96,1.99,4.96,0.16,0.0,0.0,1027.0,8228.0,0.0,0.0,0.0,0.0,0.0,1.0,0.0,0.0,0.0,0.0,0.0,0.2,0.0,-1.0,0.0,0.0,16.0,25903.0
2026-07-30T19:03:37.681Z,387.164,387.18,0.0,7.4,0.0,0.0,0.0,0.0,0.0,0.0,0.0,0.0,1.0,0.0,0.0,0.0,9.0,4.0,0.0,0.0,0.0,0.0,0.0,0.0,0.0,0.0,6.0,12.0,1.0,12.17,5.01,2.51,1.49,0.0,0.0,0.0,361.4,0.0,-0.7000000000000001,0.0,1.1,-169.60000000000002,0.0,0.0,169.60000000000002,0.0,21.8,28.9,28.9,30.9,300.0,300.0,31.6,35.9,28.9,28.0,29.9,4.96,2.0,4.96,0.16,0.0,0.0,1027.0,8228.0,0.0,0.0,0.0,0.0,0.0,1.0,0.0,0.0,0.0,0.0,0.0,-0.4,0.0,0.5,0.0,0.0,16.0,25903.0
2026-07-30T19:03:37.693Z,387.176,387.192,0.0,7.4,0.0,0.0,0.0,0.0,0.0,0.0,0.0,0.0,1.0,0.0,0.0,0.0,9.0,4.0,0.0,0.0,0.0,0.0,0.0,0.0,0.0,0.0,1.0,12.0,1.0,12.17,5.01,2.51,1.49,-0.1,0.2,0.0,361.3,0.0,-0.7000000000000001,0.0,0.0,-169.60000000000002,0.0,0.0,169.60000000000002,0.0,21.8,28.9,28.9,30.9,300.0,300.0,31.6,35.9,28.9,28.0,29.9,4.95,1.99,4.96,0.16,0.0,0.0,1027.0,8228.0,0.0,0.0,0.0,0.0,0.0,1.0,0.0,0.0,0.0,0.0,0.0,-0.6000000000000001,0.0,0.0,0.0,0.0,16.0,25903.0
2026-07-30T19:03:37.705Z,387.188,387.204,0.0,7.4,0.0,0.0,0.0,0.0,0.0,0.0,0.0,0.0,1.0,0.0,0.0,0.0,9.0,4.0,0.0,0.0,0.0,0.0,0.0,0.0,0.0,0.0,2.0,12.0,1.0,12.17,5.01,2.51,1.49,0.0,0.0,0.0,361.4,0.0,0.4,-0.5,0.5,-169.60000000000002,0.0,0.0,169.70000000000002,0.0,21.8,28.9,28.9,30.9,300.0,300.0,31.6,35.9,28.9,28.0,29.9,4.95,1.99,4.97,0.16,0.0,0.0,1027.0,8228.0,0.0,0.0,0.0,0.0,0.0,1.0,0.0,0.0,0.0,0.0,0.0,-1.0,0.0,0.4,0.0,0.0,16.0,25903.0
2026-07-30T19:03:37.717Z,387.2,387.216,0.0,7.4,0.0,0.0,0.0,0.0,0.0,0.0,0.0,0.0,1.0,0.0,0.0,0.0,9.0,4.0,0.0,0.0,0.0,0.0,0.0,0.0,0.0,0.0,3.0,12.0,1.0,12.17,5.01,2.51,1.49,0.0,0.0,0.0,361.3,0.0,-0.7000000000000001,0.0,1.1,-169.60000000000002,0.0,0.0,169.60000000000002,0.0,21.8,28.9,28.9,30.9,300.0,300.0,31.6,35.9,28.9,28.0,29.9,4.95,1.99,4.97,0.16,0.0,0.0,1027.0,8228.0,0.0,0.0,0.0,0.0,0.0,1.0,0.0,0.0,0.0,0.0,0.0,-2.1,0.0,0.7000000000000001,0.0,0.0,16.0,25903.0
2026-07-30T19:03:37.729Z,387.212,387.228,0.0,7.4,0.0,0.0,0.0,0.0,0.0,0.0,0.0,0.0,1.0,0.0,0.0,0.0,9.0,4.0,0.0,0.0,0.0,0.0,0.0,0.0,0.0,0.0,4.0,12.0,1.0,12.17,5.01,2.51,1.49,0.0,0.0,0.0,361.4,0.0,0.4,-1.1,0.0,-169.60000000000002,0.0,0.0,169.60000000000002,0.0,21.8,28.9,28.9,30.9,300.0,300.0,31.6,35.9,28.9,28.0,29.9,4.95,1.99,4.97,0.16,0.0,0.0,1027.0,8228.0,0.0,0.0,0.0,0.0,0.0,1.0,0.0,0.0,0.0,0.0,0.0,-0.8,0.0,-0.7000000000000001,0.0,0.0,16.0,25903.0
2026-07-30T19:03:37.741Z,387.224,387.24,0.0,7.4,0.0,0.0,0.0,0.0,0.0,0.0,0.0,0.0,1.0,0.0,0.0,0.0,9.0,4.0,0.0,0.0,0.0,0.0,0.0,0.0,0.0,0.0,5.0,12.0,1.0,12.17,5.01,2.51,1.49,0.0,0.0,0.0,361.3,0.0,-0.7000000000000001,-0.5,-0.6000000000000001,-169.60000000000002,0.0,0.0,169.70000000000002,0.0,21.8,28.9,28.9,30.9,300.0,300.0,31.6,35.9,28.9,28.0,29.9,4.95,1.99,4.97,0.16,0.0,0.0,1027.0,8228.0,0.0,0.0,0.0,0.0,0.0,1.0,0.0,0.0,0.0,0.0,0.0,-1.0,0.0,0.4,0.0,0.0,16.0,25903.0
2026-07-30T19:03:37.753Z,387.236,387.252,0.0,7.4,0.0,0.0,0.0,0.0,0.0,0.0,0.0,0.0,1.0,0.0,0.0,0.0,9.0,4.0,0.0,0.0,0.0,0.0,0.0,0.0,0.0,0.0,5.0,12.0,1.0,12.17,5.01,2.51,1.49,0.0,0.0,0.0,361.4,0.0,0.4,0.7000000000000001,1.7000000000000002,-169.60000000000002,0.0,0.0,169.60000000000002,0.0,21.8,28.9,28.9,30.9,300.0,300.0,31.6,35.9,28.9,28.0,29.9,4.96,1.99,4.96,0.16,0.0,0.0,1027.0,8228.0,0.0,0.0,0.0,0.0,0.0,1.0,0.0,0.0,0.0,0.0,0.0,2.1,0.0,-1.4,0.0,0.0,16.0,25903.0
2026-07-30T19:03:37.765Z,387.248,387.264,0.0,7.4,0.0,0.0,0.0,0.0,0.0,0.0,0.0,0.0,1.0,0.0,0.0,0.0,9.0,4.0,0.0,0.0,0.0,0.0,0.0,0.0,0.0,0.0,6.0,12.0,1.0,12.17,5.01,2.51,1.49,0.0,0.1,0.0,361.3,0.0,0.0,-1.0,-0.5,-169.60000000000002,0.0,0.0,169.60000000000002,0.0,21.8,28.9,28.9,30.9,300.0,300.0,31.6,35.9,28.9,28.0,29.9,4.95,1.99,4.97,0.16,0.0,0.0,1027.0,8228.0,0.0,0.0,0.0,0.0,0.0,1.0,0.0,0.0,0.0,0.0,0.0,-1.6,0.0,0.2,0.0,0.0,16.0,25903.0
2026-07-30T19:03:37.778Z,387.261,387.276,0.0,7.4,0.0,0.0,0.0,0.0,0.0,0.0,0.0,0.0,1.0,0.0,0.0,0.0,9.0,4.0,0.0,0.0,0.0,0.0,0.0,0.0,0.0,0.0,1.0,12.0,1.0,12.18,5.0200000000000005,2.5,1.49,0.0,0.0,0.0,361.4,0.0,1.0,0.6000000000000001,1.1,-169.60000000000002,0.0,0.0,169.60000000000002,0.0,21.700000000000003,28.9,28.9,30.9,300.0,300.0,31.700000000000003,35.9,28.9,28.0,29.9,4.95,1.99,4.96,0.16,0.0,0.0,1027.0,8228.0,0.0,0.0,0.0,0.0,0.0,1.0,0.0,0.0,0.0,0.0,0.0,1.6,0.0,-0.8,0.0,0.0,16.0,25903.0
2026-07-30T19:03:37.789Z,387.272,387.288,0.0,7.4,0.0,0.0,0.0,0.0,0.0,0.0,0.0,0.0,1.0,0.0,0.0,0.0,9.0,4.0,0.0,0.0,0.0,0.0,0.0,0.0,0.0,0.0,2.0,12.0,1.0,12.18,5.0200000000000005,2.5,1.49,0.0,0.0,0.0,361.3,0.0,0.4,1.2000000000000002,0.6000000000000001,-169.60000000000002,0.0,0.0,169.70000000000002,0.0,21.700000000000003,28.9,28.9,30.9,300.0,300.0,31.700000000000003,35.9,28.9,28.0,29.9,4.96,2.0,4.96,0.16,0.0,0.0,1027.0,8228.0,0.0,0.0,0.0,0.0,0.0,1.0,0.0,0.0,0.0,0.0,0.0,1.8,0.0,-0.2,0.0,0.0,16.0,25903.0
2026-07-30T19:03:37.801Z,387.284,387.3,0.0,7.4,0.0,0.0,0.0,0.0,0.0,0.0,0.0,0.0,1.0,0.0,0.0,0.0,9.0,4.0,0.0,0.0,0.0,0.0,0.0,0.0,0.0,0.0,3.0,12.0,1.0,12.18,5.0200000000000005,2.5,1.49,0.0,0.0,0.0,361.3,0.0,0.4,-0.4,-0.5,-169.60000000000002,0.0,0.0,169.60000000000002,0.0,21.700000000000003,28.9,28.9,30.9,300.0,300.0,31.700000000000003,35.9,28.9,28.0,29.9,4.95,2.0,4.96,0.16,0.0,0.0,1027.0,8228.0,0.0,0.0,0.0,0.0,0.0,1.0,0.0,0.0,0.0,0.0,0.0,-0.9,0.0,0.4,0.0,0.0,16.0,25903.0
2026-07-30T19:03:37.813Z,387.296,387.312,0.0,7.4,0.0,0.0,0.0,0.0,0.0,0.0,0.0,0.0,1.0,0.0,0.0,0.0,9.0,4.0,0.0,0.0,0.0,0.0,0.0,0.0,0.0,0.0,4.0,12.0,1.0,12.18,5.0200000000000005,2.5,1.49,0.0,0.0,0.0,361.3,0.0,0.4,-1.0,0.0,-169.60000000000002,0.0,0.0,169.60000000000002,0.0,21.700000000000003,28.9,28.9,30.9,300.0,300.0,31.700000000000003,35.9,28.9,28.0,29.9,4.96,1.99,4.97,0.16,0.0,0.0,1027.0,8228.0,0.0,0.0,0.0,0.0,0.0,1.0,0.0,0.0,0.0,0.0,0.0,-1.2000000000000002,0.0,-0.2,0.0,0.0,16.0,25903.0
2026-07-30T19:03:37.825Z,387.308,387.324,0.0,7.4,0.0,0.0,0.0,0.0,0.0,0.0,0.0,0.0,1.0,0.0,0.0,0.0,9.0,4.0,0.0,0.0,0.0,0.0,0.0,0.0,0.0,0.0,5.0,12.0,1.0,12.18,5.0200000000000005,2.5,1.49,0.0,0.0,0.0,361.3,0.0,-0.1,0.6000000000000001,1.1,-169.60000000000002,0.0,0.0,169.60000000000002,0.0,21.700000000000003,28.9,28.9,30.9,300.0,300.0,31.700000000000003,35.9,28.9,28.0,29.9,4.96,1.99,4.96,0.16,0.0,0.0,1027.0,8228.0,0.0,0.0,0.0,0.0,0.0,1.0,0.0,0.0,0.0,0.0,0.0,1.5,0.0,-0.8,0.0,0.0,16.0,25903.0
2026-07-30T19:03:37.837Z,387.32,387.336,0.0,7.4,0.0,0.0,0.0,0.0,0.0,0.0,0.0,0.0,1.0,0.0,0.0,0.0,9.0,4.0,0.0,0.0,0.0,0.0,0.0,0.0,0.0,0.0,6.0,12.0,1.0,12.18,5.0200000000000005,2.5,1.49,0.0,0.0,0.0,361.3,0.0,-0.1,0.1,-0.6000000000000001,-169.60000000000002,0.0,0.0,169.60000000000002,0.0,21.700000000000003,28.9,28.9,30.9,300.0,300.0,31.700000000000003,35.9,28.9,28.0,29.9,4.96,1.99,4.96,0.16,0.0,0.0,1027.0,8228.0,0.0,0.0,0.0,0.0,0.0,1.0,0.0,0.0,0.0,0.0,0.0,-0.3,0.0,0.5,0.0,0.0,16.0,25903.0
2026-07-30T19:03:37.849Z,387.332,387.348,0.0,7.4,0.0,0.0,0.0,0.0,0.0,0.0,0.0,0.0,1.0,0.0,0.0,0.0,9.0,4.0,0.0,0.0,0.0,0.0,0.0,0.0,0.0,0.0,1.0,12.0,1.0,12.18,5.0200000000000005,2.5,1.49,0.0,0.0,0.0,361.3,0.0,0.3,-0.4,-0.1,-169.60000000000002,0.0,0.0,169.60000000000002,0.0,21.700000000000003,28.9,28.9,30.9,300.0,300.0,31.700000000000003,35.9,28.9,28.0,29.9,4.95,1.99,4.97,0.16,0.0,0.0,1027.0,8228.0,0.0,0.0,0.0,0.0,0.0,1.0,0.0,0.0,0.0,0.0,0.0,-0.6000000000000001,0.0,0.0,0.0,0.0,16.0,25903.0
2026-07-30T19:03:37.861Z,387.344,387.36,0.0,7.4,0.0,0.0,0.0,0.0,0.0,0.0,0.0,0.0,1.0,0.0,0.0,0.0,9.0,4.0,0.0,0.0,0.0,0.0,0.0,0.0,0.0,0.0,3.0,12.0,1.0,12.18,5.0200000000000005,2.5,1.49,0.0,0.1,0.0,361.3,0.0,-0.1,0.7000000000000001,-0.7000000000000001,-169.60000000000002,0.0,0.0,169.60000000000002,0.0,21.700000000000003,28.9,28.9,30.9,300.0,300.0,31.700000000000003,35.9,28.9,28.0,29.9,4.96,1.99,4.97,0.16,0.0,0.0,1027.0,8228.0,0.0,0.0,0.0,0.0,0.0,1.0,0.0,0.0,0.0,0.0,0.0,0.2,0.0,0.7000000000000001,0.0,0.0,16.0,25903.0
2026-07-30T19:03:37.873Z,387.356,387.372,0.0,7.4,0.0,0.0,0.0,0.0,0.0,0.0,0.0,0.0,1.0,0.0,0.0,0.0,9.0,4.0,0.0,0.0,0.0,0.0,0.0,0.0,0.0,0.0,4.0,12.0,1.0,12.18,5.0200000000000005,2.5,1.49,0.0,0.0,0.0,361.3,0.0,0.9,0.6000000000000001,1.0,-169.60000000000002,0.0,0.0,169.60000000000002,0.0,21.700000000000003,28.9,28.9,30.9,300.0,300.0,31.700000000000003,35.9,28.9,28.0,29.9,4.96,2.0,4.96,0.16,0.0,0.0,1027.0,8228.0,0.0,0.0,0.0,0.0,0.0,1.0,0.0,0.0,0.0,0.0,0.0,1.5,0.0,-0.7000000000000001,0.0,0.0,16.0,25903.0
2026-07-30T19:03:37.885Z,387.368,387.384,0.0,7.4,0.0,0.0,0.0,0.0,0.0,0.0,0.0,0.0,1.0,0.0,0.0,0.0,9.0,4.0,0.0,0.0,0.0,0.0,0.0,0.0,0.0,0.0,5.0,12.0,1.0,12.17,5.01,2.51,1.49,0.0,0.0,0.0,361.3,0.0,-0.7000000000000001,0.0,-1.3,-169.60000000000002,0.0,0.0,169.60000000000002,0.0,21.8,28.9,28.9,30.9,300.0,300.0,31.700000000000003,35.9,28.8,28.0,29.9,4.95,1.99,4.96,0.16,0.0,0.0,1027.0,8228.0,0.0,0.0,0.0,0.0,0.0,1.0,0.0,0.0,0.0,0.0,0.0,-0.8,0.0,1.1,0.0,0.0,16.0,25903.0
2026-07-30T19:03:37.897Z,387.38,387.396,0.0,7.4,0.0,0.0,0.0,0.0,0.0,0.0,0.0,0.0,1.0,0.0,0.0,0.0,9.0,4.0,0.0,0.0,0.0,0.0,0.0,0.0,0.0,0.0,6.0,12.0,1.0,12.17,5.01,2.51,1.49,0.0,0.0,0.0,361.3,0.0,0.3,-0.4,-0.7000000000000001,-169.60000000000002,0.0,0.0,169.70000000000002,0.0,21.8,28.9,28.9,30.9,300.0,300.0,31.700000000000003,35.9,28.8,28.0,29.9,4.96,1.99,4.97,0.16,0.0,0.0,1027.0,8228.0,0.0,0.0,0.0,0.0,0.0,1.0,0.0,0.0,0.0,0.0,0.0,-1.0,0.0,0.5,0.0,0.0,16.0,25903.0
2026-07-30T19:03:37.909Z,387.392,387.408,0.0,7.4,0.0,0.0,0.0,0.0,0.0,0.0,0.0,0.0,1.0,0.0,0.0,0.0,9.0,4.0,0.0,0.0,0.0,0.0,0.0,0.0,0.0,0.0,1.0,12.0,1.0,12.17,5.01,2.51,1.49,0.0,0.0,0.0,361.3,0.0,0.9,-0.5,-0.1,-169.60000000000002,0.0,0.0,169.60000000000002,0.0,21.8,28.9,28.9,30.9,300.0,300.0,31.700000000000003,35.9,28.8,28.0,29.9,4.96,1.99,4.96,0.16,0.0,0.0,1027.0,8228.0,0.0,0.0,0.0,0.0,0.0,1.0,0.0,0.0,0.0,0.0,0.0,-0.6000000000000001,0.0,0.0,0.0,0.0,16.0,25903.0
2026-07-30T19:03:37.921Z,387.404,387.42,0.0,7.4,0.0,0.0,0.0,0.0,0.0,0.0,0.0,0.0,1.0,0.0,0.0,0.0,9.0,4.0,0.0,0.0,0.0,0.0,0.0,0.0,0.0,0.0,3.0,12.0,1.0,12.17,5.01,2.51,1.49,0.0,0.0,0.0,361.3,0.0,-0.2,0.6000000000000001,1.0,-169.60000000000002,0.0,0.0,169.60000000000002,0.0,21.8,28.9,28.9,30.9,300.0,300.0,31.700000000000003,35.9,28.8,28.0,29.9,4.96,1.99,4.96,0.16,0.0,0.0,1027.0,8228.0,0.0,0.0,0.0,0.0,0.0,1.0,0.0,0.0,0.0,0.0,0.0,1.5,0.0,-0.8,0.0,0.0,16.0,25903.0
2026-07-30T19:03:37.933Z,387.416,387.432,0.0,7.4,0.0,0.0,0.0,0.0,0.0,0.0,0.0,0.0,1.0,0.0,0.0,0.0,9.0,4.0,0.0,0.0,0.0,0.0,0.0,0.0,0.0,0.0,4.0,12.0,1.0,12.17,5.01,2.51,1.49,0.0,0.0,0.0,361.4,0.0,0.3,1.8,0.5,-169.60000000000002,0.0,0.0,169.70000000000002,0.0,21.8,28.9,28.9,30.9,300.0,300.0,31.700000000000003,35.9,28.8,28.0,29.9,4.95,1.99,4.96,0.16,0.0,0.0,1027.0,8228.0,0.0,0.0,0.0,0.0,0.0,1.0,0.0,0.0,0.0,0.0,0.0,2.4000000000000004,0.0,0.0,0.0,0.0,16.0,25903.0
2026-07-30T19:03:37.945Z,387.428,387.444,0.0,7.4,0.0,0.0,0.0,0.0,0.0,0.0,0.0,0.0,1.0,0.0,0.0,0.0,9.0,4.0,0.0,0.0,0.0,0.0,0.0,0.0,0.0,0.0,5.0,12.0,1.0,12.17,5.01,2.51,1.49,0.0,0.0,0.0,361.3,0.0,0.3,-0.5,-1.2000000000000002,-169.60000000000002,0.0,0.0,169.60000000000002,0.0,21.8,28.9,28.9,30.9,300.0,300.0,31.700000000000003,35.9,28.8,28.0,29.9,4.96,1.99,4.96,0.16,0.0,0.0,1027.0,8228.0,0.0,0.0,0.0,0.0,0.0,1.0,0.0,0.0,0.0,0.0,0.0,-1.5,0.0,0.9,0.0,0.0,16.0,25903.0
2026-07-30T19:03:37.957Z,387.44,387.456,0.0,7.4,0.0,0.0,0.0,0.0,0.0,0.0,0.0,0.0,1.0,0.0,0.0,0.0,9.0,4.0,0.0,0.0,0.0,0.0,0.0,0.0,0.0,0.0,6.0,12.0,1.0,12.17,5.01,2.51,1.49,0.0,0.0,0.0,361.3,0.0,-0.2,-0.5,-0.6000000000000001,-169.60000000000002,0.0,0.0,169.60000000000002,0.0,21.8,28.9,28.9,30.9,300.0,300.0,31.700000000000003,35.9,28.8,28.0,29.9,4.96,2.0,4.96,0.16,0.0,0.0,1027.0,8228.0,0.0,0.0,0.0,0.0,0.0,1.0,0.0,0.0,0.0,0.0,0.0,-1.1,0.0,0.4,0.0,0.0,16.0,25903.0
2026-07-30T19:03:37.969Z,387.452,387.468,0.0,7.4,0.0,0.0,0.0,0.0,0.0,0.0,0.0,0.0,1.0,0.0,0.0,0.0,9.0,4.0,0.0,0.0,0.0,0.0,0.0,0.0,0.0,0.0,2.0,12.0,1.0,12.17,5.01,2.51,1.49,0.0,0.0,0.0,361.3,0.0,-0.2,0.0,-0.6000000000000001,-169.60000000000002,0.0,0.0,169.60000000000002,0.0,21.8,28.9,28.9,30.9,300.0,300.0,31.700000000000003,35.9,28.8,28.0,29.9,4.96,1.99,4.97,0.16,0.0,0.0,1027.0,8228.0,0.0,0.0,0.0,0.0,0.0,1.0,0.0,0.0,0.0,0.0,0.0,-0.4,0.0,0.5,0.0,0.0,16.0,25903.0
2026-07-30T19:03:37.982Z,387.465,387.48,0.0,7.4,0.0,0.0,0.0,0.0,0.0,0.0,0.0,0.0,1.0,0.0,0.0,0.0,9.0,4.0,0.0,0.0,0.0,0.0,0.0,0.0,0.0,0.0,3.0,12.0,1.0,12.18,5.0200000000000005,2.51,1.49,0.0,0.1,0.0,361.4,0.0,-0.2,1.2000000000000002,-0.6000000000000001,-169.60000000000002,0.0,0.0,169.60000000000002,0.0,21.700000000000003,28.9,28.9,30.9,300.0,300.0,31.700000000000003,35.9,28.8,28.0,29.9,4.95,1.99,4.97,0.16,0.0,0.0,1027.0,8228.0,0.0,0.0,0.0,0.0,0.0,1.0,0.0,0.0,0.0,0.0,0.0,0.8,0.0,0.8,0.0,0.0,16.0,25903.0
2026-07-30T19:03:37.993Z,387.476,387.492,0.0,7.4,0.0,0.0,0.0,0.0,0.0,0.0,0.0,0.0,1.0,0.0,0.0,0.0,9.0,4.0,0.0,0.0,0.0,0.0,0.0,0.0,0.0,0.0,4.0,12.0,1.0,12.18,5.0200000000000005,2.51,1.49,0.0,0.1,0.0,361.3,0.0,-0.1,0.1,0.0,-169.60000000000002,0.0,0.0,169.60000000000002,0.0,21.700000000000003,28.9,28.9,30.9,300.0,300.0,31.700000000000003,35.9,28.8,28.0,29.9,4.96,1.99,4.97,0.16,0.0,0.0,1027.0,8228.0,0.0,0.0,0.0,0.0,0.0,1.0,0.0,0.0,0.0,0.0,0.0,0.0,0.0,0.0,0.0,0.0,16.0,25903.0
2026-07-30T19:03:38.005Z,387.488,387.504,0.0,7.4,0.0,0.0,0.0,0.0,0.0,0.0,0.0,0.0,1.0,0.0,0.0,0.0,9.0,4.0,0.0,0.0,0.0,0.0,0.0,0.0,0.0,0.0,5.0,12.0,1.0,12.18,5.0200000000000005,2.51,1.49,0.0,0.0,0.0,361.4,0.0,0.9,-0.4,-0.6000000000000001,-169.60000000000002,0.0,0.0,169.60000000000002,0.0,21.700000000000003,28.9,28.9,30.9,300.0,300.0,31.700000000000003,35.9,28.8,28.0,29.9,4.96,1.99,4.97,0.16,0.0,0.0,1027.0,8228.0,0.0,0.0,0.0,0.0,0.0,1.0,0.0,0.0,0.0,0.0,0.0,-1.0,0.0,0.4,0.0,0.0,16.0,25903.0
2026-07-30T19:03:38.017Z,387.5,387.516,0.0,7.4,0.0,0.0,0.0,0.0,0.0,0.0,0.0,0.0,1.0,0.0,0.0,0.0,9.0,4.0,0.0,0.0,0.0,0.0,0.0,0.0,0.0,0.0,6.0,12.0,1.0,12.18,5.0200000000000005,2.51,1.49,0.0,0.0,0.0,361.3,0.0,0.3,0.0,-1.1,-169.60000000000002,0.0,0.0,169.60000000000002,0.0,21.700000000000003,28.9,28.9,30.9,300.0,300.0,31.700000000000003,35.9,28.8,28.0,29.9,4.96,2.0,4.96,0.16,0.0,0.0,1027.0,8228.0,0.0,0.0,0.0,0.0,0.0,1.0,0.0,0.0,0.0,0.0,0.0,-0.7000000000000001,0.0,1.0,0.0,0.0,16.0,25903.0
2026-07-30T19:03:38.029Z,387.512,387.528,0.0,7.4,0.0,0.0,0.0,0.0,0.0,0.0,0.0,0.0,1.0,0.0,0.0,0.0,9.0,4.0,0.0,0.0,0.0,0.0,0.0,0.0,0.0,0.0,1.0,12.0,1.0,12.18,5.0200000000000005,2.51,1.49,0.0,0.0,0.0,361.3,0.0,0.3,1.3,1.1,-169.60000000000002,0.0,0.0,169.60000000000002,0.0,21.700000000000003,28.9,28.9,30.9,300.0,300.0,31.700000000000003,35.9,28.8,28.0,29.9,4.96,2.0,4.96,0.16,0.0,0.0,1027.0,8228.0,0.0,0.0,0.0,0.0,0.0,1.0,0.0,0.0,0.0,0.0,0.0,-0.3,0.0,0.5,0.0,0.0,16.0,25903.0
2026-07-30T19:03:38.041Z,387.524,387.54,0.0,7.4,0.0,0.0,0.0,0.0,0.0,0.0,0.0,0.0,1.0,0.0,0.0,0.0,9.0,4.0,0.0,0.0,0.0,0.0,0.0,0.0,0.0,0.0,1.0,12.0,1.0,12.18,5.0200000000000005,2.51,1.49,0.0,0.0,0.0,361.3,0.0,0.3,0.7000000000000001,1.1,-169.60000000000002,0.0,0.0,169.60000000000002,0.0,21.700000000000003,28.9,28.9,30.9,300.0,300.0,31.700000000000003,35.9,28.8,28.0,29.9,4.95,2.0,4.96,0.16,0.0,0.0,1027.0,8228.0,0.0,0.0,0.0,0.0,0.0,1.0,0.0,0.0,0.0,0.0,0.0,1.4,0.0,-1.5,0.0,0.0,16.0,25903.0
2026-07-30T19:03:38.053Z,387.536,387.552,0.0,7.4,0.0,0.0,0.0,0.0,0.0,0.0,0.0,0.0,1.0,0.0,0.0,0.0,9.0,4.0,0.0,0.0,0.0,0.0,0.0,0.0,0.0,0.0,3.0,12.0,1.0,12.18,5.0200000000000005,2.51,1.49,0.0,0.0,0.0,361.4,0.0,0.3,0.0,1.1,-169.60000000000002,0.0,0.0,169.60000000000002,0.0,21.700000000000003,28.9,28.9,30.9,300.0,300.0,31.700000000000003,35.9,28.8,28.0,29.9,4.96,1.99,4.97,0.16,0.0,0.0,1027.0,8228.0,0.0,0.0,0.0,0.0,0.0,1.0,0.0,0.0,0.0,0.0,0.0,-1.6,0.0,0.3,0.0,0.0,16.0,25903.0
2026-07-30T19:03:38.065Z,387.548,387.564,0.0,7.4,0.0,0.0,0.0,0.0,0.0,0.0,0.0,0.0,1.0,0.0,0.0,0.0,9.0,4.0,0.0,0.0,0.0,0.0,0.0,0.0,0.0,0.0,4.0,12.0,1.0,12.18,5.0200000000000005,2.51,1.49,0.0,0.1,0.0,361.4,0.0,-0.2,1.2000000000000002,0.5,-169.60000000000002,0.0,0.0,169.60000000000002,0.0,21.700000000000003,28.9,28.9,30.9,300.0,300.0,31.700000000000003,35.9,28.8,28.0,29.9,4.96,2.0,4.96,0.16,0.0,0.0,1027.0,8228.0,0.0,0.0,0.0,0.0,0.0,1.0,0.0,0.0,0.0,0.0,0.0,1.8,0.0,-0.2,0.0,0.0,16.0,25903.0
2026-07-30T19:03:38.077Z,387.56,387.576,0.0,7.4,0.0,0.0,0.0,0.0,0.0,0.0,0.0,0.0,1.0,0.0,0.0,0.0,9.0,4.0,0.0,0.0,0.0,0.0,0.0,0.0,0.0,0.0,4.0,12.0,1.0,12.18,5.0200000000000005,2.51,1.49,0.0,0.0,0.0,361.4,0.0,0.3,0.7000000000000001,0.5,-169.60000000000002,0.0,0.0,169.60000000000002,0.0,21.700000000000003,28.9,28.9,30.9,300.0,300.0,31.700000000000003,35.9,28.8,28.0,29.9,4.96,1.99,4.96,0.16,0.0,0.0,1027.0,8228.0,0.0,0.0,0.0,0.0,0.0,1.0,0.0,0.0,0.0,0.0,0.0,1.4,0.0,0.2,0.0,0.0,16.0,25903.0
2026-07-30T19:03:38.089Z,387.572,387.588,0.0,7.4,0.0,0.0,0.0,0.0,0.0,0.0,0.0,0.0,1.0,0.0,0.0,0.0,9.0,4.0,0.0,0.0,0.0,0.0,0.0,0.0,0.0,0.0,5.0,12.0,1.0,12.17,5.0200000000000005,2.51,1.49,0.0,0.0,0.0,361.4,0.0,-0.8,-1.0,-1.7000000000000002,-169.60000000000002,0.0,0.0,169.70000000000002,0.0,21.4,28.9,28.9,30.9,300.0,300.0,31.700000000000003,35.9,28.8,28.0,29.9,4.95,1.99,4.97,0.16,0.0,0.0,1027.0,8228.0,0.0,0.0,0.0,0.0,0.0,1.0,0.0,0.0,0.0,0.0,0.0,-2.4000000000000004,0.0,1.3,0.0,0.0,16.0,25903.0
2026-07-30T19:03:38.101Z,387.584,387.6,0.0,7.4,0.0,0.0,0.0,0.0,0.0,0.0,0.0,0.0,1.0,0.0,0.0,0.0,9.0,4.0,0.0,0.0,0.0,0.0,0.0,0.0,0.0,0.0,6.0,12.0,1.0,12.17,5.0200000000000005,2.51,1.49,0.0,0.1,0.0,361.3,0.0,-0.2,-1.0,0.5,-169.60000000000002,0.0,0.0,169.60000000000002,0.0,21.4,28.9,28.9,30.9,300.0,300.0,31.700000000000003,35.9,28.8,28.0,29.9,4.96,1.99,4.97,0.16,0.0,0.0,1027.0,8228.0,0.0,0.0,0.0,0.0,0.0,1.0,0.0,0.0,0.0,0.0,0.0,-0.8,0.0,-0.7000000000000001,0.0,0.0,16.0,25903.0
2026-07-30T19:03:38.113Z,387.596,387.612,0.0,7.4,0.0,0.0,0.0,0.0,0.0,0.0,0.0,0.0,1.0,0.0,0.0,0.0,9.0,4.0,0.0,0.0,0.0,0.0,0.0,0.0,0.0,0.0,1.0,12.0,1.0,12.17,5.0200000000000005,2.51,1.49,0.0,0.0,0.0,361.3,0.0,-0.2,0.0,0.0,-169.60000000000002,0.0,0.0,169.70000000000002,0.0,21.4,28.9,28.9,30.9,300.0,300.0,31.700000000000003,35.9,28.8,28.0,29.9,4.96,1.99,4.96,0.16,0.0,0.0,1027.0,8228.0,0.0,0.0,0.0,0.0,0.0,1.0,0.0,0.0,0.0,0.0,0.0,0.9,0.0,-0.9,0.0,0.0,16.0,25903.0
2026-07-30T19:03:38.125Z,387.608,387.624,0.0,7.4,0.0,0.0,0.0,0.0,0.0,0.0,0.0,0.0,1.0,0.0,0.0,0.0,9.0,4.0,0.0,0.0,0.0,0.0,0.0,0.0,0.0,0.0,3.0,12.0,1.0,12.17,5.0200000000000005,2.51,1.49,0.0,0.0,0.0,361.3,0.0,0.3,0.1,2.2,-169.60000000000002,0.0,0.0,169.60000000000002,0.0,21.4,28.9,28.9,30.9,300.0,300.0,31.700000000000003,35.9,28.8,28.0,29.9,4.95,1.99,4.96,0.16,0.0,0.0,1027.0,8228.0,0.0,0.0,0.0,0.0,0.0,1.0,0.0,0.0,0.0,0.0,0.0,1.8,0.0,-1.9,0.0,0.0,16.0,25903.0
2026-07-30T19:03:38.137Z,387.62,387.636,0.0,7.4,0.0,0.0,0.0,0.0,0.0,0.0,0.0,0.0,1.0,0.0,0.0,0.0,9.0,4.0,0.0,0.0,0.0,0.0,0.0,0.0,0.0,0.0,4.0,12.0,1.0,12.17,5.0200000000000005,2.51,1.49,0.0,0.0,0.0,361.3,0.0,0.3,-0.4,-0.6000000000000001,-169.60000000000002,0.0,0.0,169.60000000000002,0.0,21.4,28.9,28.9,30.9,300.0,300.0,31.700000000000003,35.9,28.8,28.0,29.9,4.96,1.99,4.97,0.16,0.0,0.0,1027.0,8228.0,0.0,0.0,0.0,0.0,0.0,1.0,0.0,0.0,0.0,0.0,0.0,-0.9,0.0,0.4,0.0,0.0,16.0,25903.0
2026-07-30T19:03:38.149Z,387.632,387.648,0.0,7.4,0.0,0.0,0.0,0.0,0.0,0.0,0.0,0.0,1.0,0.0,0.0,0.0,9.0,4.0,0.0,0.0,0.0,0.0,0.0,0.0,0.0,0.0,5.0,12.0,1.0,12.17,5.0200000000000005,2.51,1.49,0.0,0.0,0.0,361.4,0.0,0.3,-0.4,0.0,-169.60000000000002,0.0,0.0,169.70000000000002,0.0,21.4,28.9,28.9,30.9,300.0,300.0,31.700000000000003,35.9,28.8,28.0,29.9,4.96,1.99,4.96,0.16,0.0,0.0,1027.0,8228.0,0.0,0.0,0.0,0.0,0.0,1.0,0.0,0.0,0.0,0.0,0.0,-0.7000000000000001,0.0,-0.6000000000000001,0.0,0.0,16.0,25903.0
2026-07-30T19:03:38.161Z,387.644,387.66,0.0,7.4,0.0,0.0,0.0,0.0,0.0,0.0,0.0,0.0,1.0,0.0,0.0,0.0,9.0,4.0,0.0,0.0,0.0,0.0,0.0,0.0,0.0,0.0,6.0,12.0,1.0,12.17,5.0200000000000005,2.51,1.49,0.0,0.0,0.0,361.3,0.0,0.3,0.1,0.0,-169.60000000000002,0.0,0.0,169.70000000000002,0.0,21.4,28.9,28.9,30.9,300.0,300.0,31.700000000000003,35.9,28.8,28.0,29.9,4.96,1.99,4.97,0.16,0.0,0.0,1027.0,8228.0,0.0,0.0,0.0,0.0,0.0,1.0,0.0,0.0,0.0,0.0,0.0,0.5,0.0,-0.4,0.0,0.0,16.0,25903.0
2026-07-30T19:03:38.173Z,387.656,387.672,0.0,7.4,0.0,0.0,0.0,0.0,0.0,0.0,0.0,0.0,1.0,0.0,0.0,0.0,9.0,4.0,0.0,0.0,0.0,0.0,0.0,0.0,0.0,0.0,1.0,12.0,1.0,12.17,5.0200000000000005,2.51,1.49,0.0,0.1,0.0,361.3,0.0,-0.8,1.3,1.1,-169.60000000000002,0.0,0.0,169.70000000000002,0.0,21.4,28.9,28.9,30.9,300.0,300.0,31.700000000000003,35.9,28.8,28.0,29.9,4.95,1.99,4.97,0.16,0.0,0.0,1027.0,8228.0,0.0,0.0,0.0,0.0,0.0,1.0,0.0,0.0,0.0,0.0,0.0,1.0,0.0,0.8,0.0,0.0,16.0,25903.0
2026-07-30T19:03:38.186Z,387.669,387.684,0.0,7.4,0.0,0.0,0.0,0.0,0.0,0.0,0.0,0.0,1.0,0.0,0.0,0.0,9.0,4.0,0.0,0.0,0.0,0.0,0.0,0.0,0.0,0.0,2.0,12.0,1.0,12.18,5.0200000000000005,2.51,1.49,0.0,0.0,0.0,361.3,0.0,0.9,-0.3,-1.7000000000000002,-169.60000000000002,0.0,0.0,169.70000000000002,0.0,21.700000000000003,28.9,28.9,30.9,300.0,300.0,31.700000000000003,35.9,28.8,28.0,29.9,4.96,1.99,4.96,0.16,0.0,0.0,1027.0,8228.0,0.0,0.0,0.0,0.0,0.0,1.0,0.0,0.0,0.0,0.0,0.0,1.7000000000000002,0.0,-0.8,0.0,0.0,16.0,25903.0
2026-07-30T19:03:38.197Z,387.68,387.696,0.0,7.4,0.0,0.0,0.0,0.0,0.0,0.0,0.0,0.0,1.0,0.0,0.0,0.0,9.0,4.0,0.0,0.0,0.0,0.0,0.0,0.0,0.0,0.0,3.0,12.0,1.0,12.18,5.0200000000000005,2.51,1.49,0.0,0.0,0.0,361.4,0.0,0.9,-1.5,-1.1,-169.60000000000002,0.0,0.0,169.70000000000002,0.0,21.700000000000003,28.9,28.9,30.9,300.0,300.0,31.700000000000003,35.9,28.8,28.0,29.9,4.95,1.99,4.97,0.16,0.0,0.0,1027.0,8228.0,0.0,0.0,0.0,0.0,0.0,1.0,0.0,0.0,0.0,0.0,0.0,1.3,0.0,-0.3,0.0,0.0,16.0,25903.0
2026-07-30T19:03:38.209Z,387.692,387.708,0.0,7.4,0.0,0.0,0.0,0.0,0.0,0.0,0.0,0.0,1.0,0.0,0.0,0.0,9.0,4.0,0.0,0.0,0.0,0.0,0.0,0.0,0.0,0.0,4.0,12.0,1.0,12.18,5.0200000000000005,2.51,1.49,0.0,0.0,0.0,361.4,0.0,0.3,0.7000000000000001,0.0,-169.60000000000002,0.0,0.0,169.70000000000002,0.0,21.700000000000003,28.9,28.9,30.9,300.0,300.0,31.700000000000003,35.9,28.8,28.0,29.9,4.95,1.99,4.97,0.16,0.0,0.0,1027.0,8228.0,0.0,0.0,0.0,0.0,0.0,1.0,0.0,0.0,0.0,0.0,0.0,0.0,0.0,0.0,0.0,0.0,16.0,25903.0
2026-07-30T19:03:38.221Z,387.704,387.72,0.0,7.4,0.0,0.0,0.0,0.0,0.0,0.0,0.0,0.0,1.0,0.0,0.0,0.0,9.0,4.0,0.0,0.0,0.0,0.0,0.0,0.0,0.0,0.0,5.0,12.0,1.0,12.18,5.0200000000000005,2.51,1.49,0.0,0.0,0.0,361.3,0.0,-0.2,1.3,0.4,-169.60000000000002,0.0,0.0,169.60000000000002,0.0,21.700000000000003,28.9,28.9,30.9,300.0,300.0,31.700000000000003,35.9,28.8,28.0,29.9,4.95,1.99,4.97,0.16,0.0,0.0,1027.0,8228.0,0.0,0.0,0.0,0.0,0.0,1.0,0.0,0.0,0.0,0.0,0.0,1.8,0.0,-0.1,0.0,0.0,16.0,25903.0
2026-07-30T19:03:38.234Z,387.717,387.732,0.0,7.4,0.0,0.0,0.0,0.0,0.0,0.0,0.0,0.0,1.0,0.0,0.0,0.0,9.0,4.0,0.0,0.0,0.0,0.0,0.0,0.0,0.0,0.0,6.0,12.0,1.0,12.18,5.0200000000000005,2.51,1.49,0.0,0.0,0.0,361.3,0.0,0.3,-0.4,-0.1,-169.60000000000002,0.0,0.0,169.70000000000002,0.0,21.700000000000003,28.9,28.9,30.9,300.0,300.0,31.700000000000003,35.9,28.8,28.0,29.9,4.96,1.99,4.96,0.15,0.0,0.0,1027.0,8228.0,0.0,0.0,0.0,0.0,0.0,1.0,0.0,0.0,0.0,0.0,0.0,-0.5,0.0,0.0,0.0,0.0,16.0,25903.0
2026-07-30T19:03:38.245Z,387.728,387.744,0.0,7.4,0.0,0.0,0.0,0.0,0.0,0.0,0.0,0.0,1.0,0.0,0.0,0.0,9.0,4.0,0.0,0.0,0.0,0.0,0.0,0.0,0.0,0.0,1.0,12.0,1.0,12.18,5.0200000000000005,2.51,1.49,0.0,0.1,0.0,361.3,0.0,-0.2,0.1,-1.2000000000000002,-169.60000000000002,0.0,0.0,169.60000000000002,0.0,21.700000000000003,28.9,28.9,30.9,300.0,300.0,31.700000000000003,35.9,28.8,28.0,29.9,4.95,1.99,4.97,0.15,0.0,0.0,1027.0,8228.0,0.0,0.0,0.0,0.0,0.0,1.0,0.0,0.0,0.0,0.0,0.0,-0.7000000000000001,0.0,1.1,0.0,0.0,16.0,25903.0
2026-07-30T19:03:38.257Z,387.74,387.756,0.0,7.4,0.0,0.0,0.0,0.0,0.0,0.0,0.0,0.0,1.0,0.0,0.0,0.0,9.0,4.0,0.0,0.0,0.0,0.0,0.0,0.0,0.0,0.0,2.0,12.0,1.0,12.18,5.0200000000000005,2.51,1.49,0.0,0.0,0.0,361.3,0.0,0.3,0.1,-1.2000000000000002,-169.60000000000002,0.0,0.0,169.70000000000002,0.0,21.700000000000003,28.9,28.9,30.9,300.0,300.0,31.700000000000003,35.9,28.8,28.0,29.9,4.95,1.99,4.96,0.16,0.0,0.0,1027.0,8228.0,0.0,0.0,0.0,0.0,0.0,1.0,0.0,0.0,0.0,0.0,0.0,-0.7000000000000001,0.0,1.1,0.0,0.0,16.0,25903.0
2026-07-30T19:03:38.269Z,387.752,387.768,0.0,7.4,0.0,0.0,0.0,0.0,0.0,0.0,0.0,0.0,1.0,0.0,0.0,0.0,9.0,4.0,0.0,0.0,0.0,0.0,0.0,0.0,0.0,0.0,3.0,12.0,1.0,12.18,5.0200000000000005,2.51,1.49,0.0,0.0,0.0,361.4,0.0,-0.7000000000000001,-0.4,0.0,-169.60000000000002,0.0,0.0,169.8,0.0,21.700000000000003,28.9,28.9,30.9,300.0,300.0,31.700000000000003,35.9,28.8,28.0,29.9,4.96,1.99,4.96,0.16,0.0,0.0,1027.0,8228.0,0.0,0.0,0.0,0.0,0.0,1.0,0.0,0.0,0.0,0.0,0.0,-0.5,0.0,0.0,0.0,0.0,16.0,25903.0
2026-07-30T19:03:38.281Z,387.764,387.78,0.0,7.4,0.0,0.0,0.0,0.0,0.0,0.0,0.0,0.0,1.0,0.0,0.0,0.0,9.0,4.0,0.0,0.0,0.0,0.0,0.0,0.0,0.0,0.0,4.0,12.0,1.0,12.18,5.0200000000000005,2.51,1.49,0.0,0.0,0.0,361.4,0.0,-0.7000000000000001,-0.3,-0.6000000000000001,-169.60000000000002,0.0,0.0,169.8,0.0,21.700000000000003,28.9,28.9,30.9,300.0,300.0,31.700000000000003,35.9,28.8,28.0,29.9,4.95,1.99,4.96,0.16,0.0,0.0,1027.0,8228.0,0.0,0.0,0.0,0.0,0.0,1.0,0.0,0.0,0.0,0.0,0.0,-0.8,0.0,0.4,0.0,0.0,16.0,25903.0
2026-07-30T19:03:38.294Z,387.777,387.792,0.0,7.4,0.0,0.0,0.0,0.0,0.0,0.0,0.0,0.0,1.0,0.0,0.0,0.0,9.0,4.0,0.0,0.0,0.0,0.0,0.0,0.0,0.0,0.0,5.0,12.0,1.0,12.18,5.0200000000000005,2.51,1.49,0.0,0.0,0.0,361.3,0.0,0.9,-0.4,0.0,-169.60000000000002,0.0,0.0,169.8,0.0,21.3,28.9,28.9,30.9,300.0,300.0,31.700000000000003,35.9,28.9,28.1,29.9,4.95,1.99,4.97,0.16,0.0,0.0,1027.0,8228.0,0.0,0.0,0.0,0.0,0.0,1.0,0.0,0.0,0.0,0.0,0.0,-0.4,0.0,0.0,0.0,0.0,16.0,25903.0
2026-07-30T19:03:38.305Z,387.788,387.804,0.0,7.4,0.0,0.0,0.0,0.0,0.0,0.0,0.0,0.0,1.0,0.0,0.0,0.0,9.0,4.0,0.0,0.0,0.0,0.0,0.0,0.0,0.0,0.0,6.0,12.0,1.0,12.18,5.0200000000000005,2.51,1.49,0.0,0.0,0.0,361.3,0.0,-0.2,1.2000000000000002,1.1,-169.60000000000002,0.0,0.0,169.70000000000002,0.0,21.3,28.9,28.9,30.9,300.0,300.0,31.700000000000003,35.9,28.9,28.1,29.9,4.95,1.99,4.96,0.16,0.0,0.0,1027.0,8228.0,0.0,0.0,0.0,0.0,0.0,1.0,0.0,0.0,0.0,0.0,0.0,2.3000000000000003,0.0,-0.7000000000000001,0.0,0.0,16.0,25903.0
2026-07-30T19:03:38.317Z,387.8,387.816,0.0,7.4,0.0,0.0,0.0,0.0,0.0,0.0,0.0,0.0,1.0,0.0,0.0,0.0,9.0,4.0,0.0,0.0,0.0,0.0,0.0,0.0,0.0,0.0,2.0,12.0,1.0,12.18,5.0200000000000005,2.51,1.49,0.0,0.0,0.0,361.3,0.0,-0.2,-0.4,-1.1,-169.70000000000002,0.0,0.0,169.70000000000002,0.0,21.3,28.9,28.9,30.9,300.0,300.0,31.700000000000003,35.9,28.9,28.1,29.9,4.96,1.99,4.96,0.16,0.0,0.0,1027.0,8228.0,0.0,0.0,0.0,0.0,0.0,1.0,0.0,0.0,0.0,0.0,0.0,-1.4,0.0,0.9,0.0,0.0,16.0,25903.0
2026-07-30T19:03:38.329Z,387.812,387.828,0.0,7.4,0.0,0.0,0.0,0.0,0.0,0.0,0.0,0.0,1.0,0.0,0.0,0.0,9.0,4.0,0.0,0.0,0.0,0.0,0.0,0.0,0.0,0.0,3.0,12.0,1.0,12.18,5.0200000000000005,2.51,1.49,0.0,0.0,0.0,361.3,0.0,-0.2,-1.6,-1.0,-169.70000000000002,0.0,0.0,169.60000000000002,0.0,21.3,28.9,28.9,30.9,300.0,300.0,31.700000000000003,35.9,28.9,28.1,29.9,4.95,1.99,4.96,0.16,0.0,0.0,1027.0,8228.0,0.0,0.0,0.0,0.0,0.0,1.0,0.0,0.0,0.0,0.0,0.0,-2.6,0.0,0.6000000000000001,0.0,0.0,16.0,25903.0
2026-07-30T19:03:38.341Z,387.824,387.84,0.0,7.4,0.0,0.0,0.0,0.0,0.0,0.0,0.0,0.0,1.0,0.0,0.0,0.0,9.0,4.0,0.0,0.0,0.0,0.0,0.0,0.0,0.0,0.0,4.0,12.0,1.0,12.18,5.0200000000000005,2.51,1.49,0.0,0.0,0.0,361.3,0.0,-0.7000000000000001,0.7000000000000001,0.1,-169.70000000000002,0.0,0.0,169.70000000000002,0.0,21.3,28.9,28.9,30.9,300.0,300.0,31.700000000000003,35.9,28.9,28.1,29.9,4.96,1.99,4.96,0.16,0.0,0.0,1027.0,8228.0,0.0,0.0,0.0,0.0,0.0,1.0,0.0,0.0,0.0,0.0,0.0,0.8,0.0,0.0,0.0,0.0,16.0,25903.0
2026-07-30T19:03:38.353Z,387.836,387.852,0.0,7.4,0.0,0.0,0.0,0.0,0.0,0.0,0.0,0.0,1.0,0.0,0.0,0.0,9.0,4.0,0.0,0.0,0.0,0.0,0.0,0.0,0.0,0.0,5.0,12.0,1.0,12.18,5.0200000000000005,2.51,1.49,0.0,0.0,0.0,361.2000000000001,0.0,-0.1,0.0,-0.4,-169.70000000000002,0.0,0.0,169.70000000000002,0.0,21.3,28.9,28.9,30.9,300.0,300.0,31.700000000000003,35.9,28.9,28.1,29.9,4.96,1.99,4.96,0.16,0.0,0.0,1027.0,8228.0,0.0,0.0,0.0,0.0,0.0,1.0,0.0,0.0,0.0,0.0,0.0,-0.2,0.0,0.4,0.0,0.0,16.0,25903.0
2026-07-30T19:03:38.365Z,387.848,387.864,0.0,7.4,0.0,0.0,0.0,0.0,0.0,0.0,0.0,0.0,1.0,0.0,0.0,0.0,9.0,4.0,0.0,0.0,0.0,0.0,0.0,0.0,0.0,0.0,6.0,12.0,1.0,12.18,5.0200000000000005,2.51,1.49,0.0,0.0,0.0,361.3,0.0,0.3,0.0,0.0,-169.70000000000002,0.0,0.0,169.8,0.0,21.3,28.9,28.9,30.9,300.0,300.0,31.700000000000003,35.9,28.9,28.1,29.9,4.95,1.99,4.96,0.16,0.0,0.0,1027.0,8228.0,0.0,0.0,0.0,0.0,0.0,1.0,0.0,0.0,0.0,0.0,0.0,0.1,0.0,0.0,0.0,0.0,16.0,25903.0
2026-07-30T19:03:38.377Z,387.86,387.876,0.0,7.4,0.0,0.0,0.0,0.0,0.0,0.0,0.0,0.0,1.0,0.0,0.0,0.0,9.0,4.0,0.0,0.0,0.0,0.0,0.0,0.0,0.0,0.0,1.0,12.0,1.0,12.18,5.0200000000000005,2.51,1.49,0.0,0.0,0.0,361.3,0.0,-0.2,1.8,0.1,-169.70000000000002,0.0,0.0,169.60000000000002,0.0,21.3,28.9,28.9,30.9,300.0,300.0,31.700000000000003,35.9,28.9,28.1,29.9,4.95,1.99,4.97,0.16,0.0,0.0,1027.0,8228.0,0.0,0.0,0.0,0.0,0.0,1.0,0.0,0.0,0.0,0.0,0.0,2.1,0.0,0.2,0.0,0.0,16.0,25903.0
2026-07-30T19:03:38.390Z,387.873,387.888,0.0,7.4,0.0,0.0,0.0,0.0,0.0,0.0,0.0,0.0,1.0,0.0,0.0,0.0,9.0,4.0,0.0,0.0,0.0,0.0,0.0,0.0,0.0,0.0,2.0,12.0,1.0,12.17,5.01,2.51,1.49,0.0,0.0,0.0,361.3,0.0,-0.8,-1.1,-1.0,-169.70000000000002,0.0,0.0,169.70000000000002,0.0,21.8,28.9,28.9,30.9,300.0,300.0,31.6,35.9,28.9,28.1,29.9,4.96,2.0,4.97,0.16,0.0,0.0,1027.0,8228.0,0.0,0.0,0.0,0.0,0.0,1.0,0.0,0.0,0.0,0.0,0.0,-2.1,0.0,0.6000000000000001,0.0,0.0,16.0,25903.0
2026-07-30T19:03:38.401Z,387.884,387.9,0.0,7.4,0.0,0.0,0.0,0.0,0.0,0.0,0.0,0.0,1.0,0.0,0.0,0.0,9.0,4.0,0.0,0.0,0.0,0.0,0.0,0.0,0.0,0.0,3.0,12.0,1.0,12.17,5.01,2.51,1.49,0.0,0.0,0.0,361.3,0.0,0.3,0.0,0.0,-169.70000000000002,0.0,0.0,169.70000000000002,0.0,21.8,28.9,28.9,30.9,300.0,300.0,31.6,35.9,28.9,28.1,29.9,4.96,1.99,4.97,0.16,0.0,0.0,1027.0,8228.0,0.0,0.0,0.0,0.0,0.0,1.0,0.0,0.0,0.0,0.0,0.0,0.0,0.0,0.0,0.0,0.0,16.0,25903.0
2026-07-30T19:03:38.413Z,387.896,387.912,0.0,7.4,0.0,0.0,0.0,0.0,0.0,0.0,0.0,0.0,1.0,0.0,0.0,0.0,9.0,4.0,0.0,0.0,0.0,0.0,0.0,0.0,0.0,0.0,3.0,12.0,1.0,12.17,5.01,2.51,1.49,0.0,0.0,0.0,361.3,0.0,-0.7000000000000001,0.5,0.6000000000000001,-169.70000000000002,0.0,0.0,169.70000000000002,0.0,21.8,28.9,28.9,30.9,300.0,300.0,31.6,35.9,28.9,28.1,29.9,4.96,2.0,4.97,0.16,0.0,0.0,1027.0,8228.0,0.0,0.0,0.0,0.0,0.0,1.0,0.0,0.0,0.0,0.0,0.0,1.1,0.0,-0.4,0.0,0.0,16.0,25903.0
2026-07-30T19:03:38.425Z,387.908,387.924,0.0,7.4,0.0,0.0,0.0,0.0,0.0,0.0,0.0,0.0,1.0,0.0,0.0,0.0,9.0,4.0,0.0,0.0,0.0,0.0,0.0,0.0,0.0,0.0,4.0,12.0,1.0,12.17,5.01,2.51,1.49,0.0,0.0,0.0,361.3,0.0,0.3,0.0,0.6000000000000001,-169.70000000000002,0.0,0.0,169.70000000000002,0.0,21.8,28.9,28.9,30.9,300.0,300.0,31.6,35.9,28.9,28.1,29.9,4.97,2.0,4.96,0.16,0.0,0.0,1027.0,8228.0,0.0,0.0,0.0,0.0,0.0,1.0,0.0,0.0,0.0,0.0,0.0,0.5,0.0,-0.5,0.0,0.0,16.0,25903.0
2026-07-30T19:03:38.437Z,387.92,387.936,0.0,7.4,0.0,0.0,0.0,0.0,0.0,0.0,0.0,0.0,1.0,0.0,0.0,0.0,9.0,4.0,0.0,0.0,0.0,0.0,0.0,0.0,0.0,0.0,5.0,12.0,1.0,12.17,5.01,2.51,1.49,0.0,0.0,0.0,361.4,0.0,0.4,-0.5,0.0,-169.70000000000002,0.0,0.0,169.70000000000002,0.0,21.8,28.9,28.9,30.9,300.0,300.0,31.6,35.9,28.9,28.1,29.9,4.95,2.0,4.96,0.16,0.0,0.0,1027.0,8228.0,0.0,0.0,0.0,0.0,0.0,1.0,0.0,0.0,0.0,0.0,0.0,-0.6000000000000001,0.0,-0.1,0.0,0.0,16.0,25903.0
2026-07-30T19:03:38.449Z,387.932,387.948,0.0,7.4,0.0,0.0,0.0,0.0,0.0,0.0,0.0,0.0,1.0,0.0,0.0,0.0,9.0,4.0,0.0,0.0,0.0,0.0,0.0,0.0,0.0,0.0,6.0,12.0,1.0,12.17,5.01,2.51,1.49,0.0,0.0,0.0,361.3,0.0,-0.2,0.0,0.5,-169.70000000000002,0.0,0.0,169.70000000000002,0.0,21.8,28.9,28.9,30.9,300.0,300.0,31.6,35.9,28.9,28.1,29.9,4.95,1.99,4.97,0.16,0.0,0.0,1027.0,8228.0,0.0,0.0,0.0,0.0,0.0,1.0,0.0,0.0,0.0,0.0,0.0,0.3,0.0,-0.5,0.0,0.0,16.0,25903.0
2026-07-30T19:03:38.461Z,387.944,387.96,-0.1,7.4,0.0,0.0,0.0,0.0,0.0,0.0,0.0,0.0,1.0,0.0,0.0,0.0,9.0,4.0,0.0,0.0,0.0,0.0,0.0,0.0,0.0,0.0,1.0,12.0,1.0,12.17,5.01,2.51,1.49,0.0,0.0,0.0,361.3,0.0,0.3,1.1,0.5,-169.70000000000002,0.0,0.0,169.8,0.0,21.8,28.9,28.9,30.9,300.0,300.0,31.6,35.9,28.9,28.1,29.9,4.95,1.99,4.97,0.16,0.0,0.0,1027.0,8228.0,0.0,0.0,0.0,0.0,0.0,1.0,0.0,0.0,0.0,0.0,0.0,1.6,0.0,-0.2,0.0,0.0,16.0,25903.0
2026-07-30T19:03:38.473Z,387.956,387.972,0.0,7.4,0.0,0.0,0.0,0.0,0.0,0.0,0.0,0.0,1.0,0.0,0.0,0.0,9.0,4.0,0.0,0.0,0.0,0.0,0.0,0.0,0.0,0.0,2.0,12.0,1.0,12.17,5.01,2.51,1.49,0.0,0.0,0.0,361.3,0.0,0.4,0.5,0.0,-169.70000000000002,0.0,0.0,169.8,0.0,21.8,28.9,28.9,30.9,300.0,300.0,31.6,35.9,28.9,28.1,29.9,4.96,1.99,4.96,0.16,0.0,0.0,1027.0,8228.0,0.0,0.0,0.0,0.0,0.0,1.0,0.0,0.0,0.0,0.0,0.0,0.6000000000000001,0.0,0.1,0.0,0.0,16.0,25903.0
2026-07-30T19:03:38.485Z,387.968,387.984,0.0,7.4,0.0,0.0,0.0,0.0,0.0,0.0,0.0,0.0,1.0,0.0,0.0,0.0,9.0,4.0,0.0,0.0,0.0,0.0,0.0,0.0,0.0,0.0,2.0,12.0,1.0,12.17,5.01,2.51,1.49,0.0,0.0,0.0,361.3,0.0,-0.2,0.0,0.5,-169.70000000000002,0.0,0.0,169.8,0.0,21.8,28.9,28.9,30.9,300.0,300.0,31.6,35.9,28.9,28.1,29.9,4.95,1.99,4.97,0.16,0.0,0.0,1027.0,8228.0,0.0,0.0,0.0,0.0,0.0,1.0,0.0,0.0,0.0,0.0,0.0,0.3,0.0,-0.5,0.0,0.0,16.0,25903.0
2026-07-30T19:03:38.497Z,387.98,387.996,0.0,7.4,0.0,0.0,0.0,0.0,0.0,0.0,0.0,0.0,1.0,0.0,0.0,0.0,9.0,4.0,0.0,0.0,0.0,0.0,0.0,0.0,0.0,0.0,4.0,12.0,1.0,12.17,5.01,2.5,1.49,0.0,0.0,0.0,361.3,0.0,0.3,0.5,0.0,-169.70000000000002,0.0,0.0,169.70000000000002,0.0,21.3,28.9,28.9,30.9,300.0,300.0,31.8,35.9,28.9,28.1,29.9,4.95,1.99,4.97,0.16,0.0,0.0,1027.0,8228.0,0.0,0.0,0.0,0.0,0.0,1.0,0.0,0.0,0.0,0.0,0.0,0.5,0.0,0.1,0.0,0.0,16.0,25903.0
2026-07-30T19:03:38.509Z,387.992,388.008,0.0,7.4,0.0,0.0,0.0,0.0,0.0,0.0,0.0,0.0,1.0,0.0,0.0,0.0,9.0,4.0,0.0,0.0,0.0,0.0,0.0,0.0,0.0,0.0,6.0,12.0,1.0,12.17,5.01,2.5,1.49,0.0,0.0,0.0,361.3,0.0,0.3,0.0,1.0,-169.70000000000002,0.0,0.0,169.8,0.0,21.3,28.9,28.9,30.9,300.0,300.0,31.8,35.9,28.9,28.1,29.9,4.96,2.0,4.97,0.16,0.0,0.0,1027.0,8228.0,0.0,0.0,0.0,0.0,0.0,1.0,0.0,0.0,0.0,0.0,0.0,0.7000000000000001,0.0,-0.9,0.0,0.0,16.0,25903.0
2026-07-30T19:03:38.521Z,388.004,388.02,0.0,7.4,0.0,0.0,0.0,0.0,0.0,0.0,0.0,0.0,1.0,0.0,0.0,0.0,9.0,4.0,0.0,0.0,0.0,0.0,0.0,0.0,0.0,0.0,1.0,12.0,1.0,12.17,5.01,2.5,1.49,0.0,0.0,0.0,361.3,0.0,-0.2,0.0,-0.1,-169.70000000000002,0.0,0.0,169.8,0.0,21.3,28.9,28.9,30.9,300.0,300.0,31.8,35.9,28.9,28.1,29.9,4.96,2.0,4.96,0.16,0.0,0.0,1027.0,8228.0,0.0,0.0,0.0,0.0,0.0,1.0,0.0,0.0,0.0,0.0,0.0,-0.2,0.0,0.1,0.0,0.0,16.0,25903.0
2026-07-30T19:03:38.533Z,388.016,388.032,0.0,7.4,0.0,0.0,0.0,0.0,0.0,0.0,0.0,0.0,1.0,0.0,0.0,0.0,9.0,4.0,0.0,0.0,0.0,0.0,0.0,0.0,0.0,0.0,2.0,12.0,1.0,12.17,5.01,2.5,1.49,0.0,0.0,0.0,361.5,0.0,0.3,-0.6000000000000001,-0.6000000000000001,-169.70000000000002,0.0,0.0,169.70000000000002,0.0,21.3,28.9,28.9,30.9,300.0,300.0,31.8,35.9,28.9,28.1,29.9,4.95,1.99,4.97,0.16,0.0,0.0,1027.0,8228.0,0.0,0.0,0.0,0.0,0.0,1.0,0.0,0.0,0.0,0.0,0.0,-1.2000000000000002,0.0,-0.5,0.0,0.0,16.0,25903.0
2026-07-30T19:03:38.545Z,388.028,388.044,0.0,7.4,0.0,0.0,0.0,0.0,0.0,0.0,0.0,0.0,1.0,0.0,0.0,0.0,9.0,4.0,0.0,0.0,0.0,0.0,0.0,0.0,0.0,0.0,4.0,12.0,1.0,12.17,5.01,2.5,1.49,0.0,0.0,0.0,361.3,0.0,-0.8,0.0,0.4,-169.70000000000002,0.0,0.0,169.70000000000002,0.0,21.3,28.9,28.9,30.9,300.0,300.0,31.8,35.9,28.9,28.1,29.9,4.95,1.99,4.96,0.16,0.0,0.0,1027.0,8228.0,0.0,0.0,0.0,0.0,0.0,1.0,0.0,0.0,0.0,0.0,0.0,-0.5,0.0,0.6000000000000001,0.0,0.0,16.0,25903.0
2026-07-30T19:03:38.558Z,388.041,388.056,0.0,7.4,0.0,0.0,0.0,0.0,0.0,0.0,0.0,0.0,1.0,0.0,0.0,0.0,9.0,4.0,0.0,0.0,0.0,0.0,0.0,0.0,0.0,0.0,5.0,12.0,1.0,12.17,5.01,2.5,1.49,0.0,0.1,0.0,361.2000000000001,0.0,0.9,0.0,-0.1,-169.70000000000002,0.0,0.0,169.60000000000002,0.0,21.3,28.9,28.9,30.9,300.0,300.0,31.8,35.9,28.9,28.1,29.9,4.95,1.99,4.96,0.16,0.0,0.0,1027.0,8228.0,0.0,0.0,0.0,0.0,0.0,1.0,0.0,0.0,0.0,0.0,0.0,0.3,0.0,-0.3,0.0,0.0,16.0,25903.0
2026-07-30T19:03:38.569Z,388.052,388.068,0.0,7.4,0.0,0.0,0.0,0.0,0.0,0.0,0.0,0.0,1.0,0.0,0.0,0.0,9.0,4.0,0.0,0.0,0.0,0.0,0.0,0.0,0.0,0.0,6.0,12.0,1.0,12.17,5.01,2.5,1.49,0.0,0.0,0.0,361.3,0.0,0.3,0.0,-0.1,-169.70000000000002,0.0,0.0,169.70000000000002,0.0,21.3,28.9,28.9,30.9,300.0,300.0,31.8,35.9,28.9,28.1,29.9,4.95,1.99,4.97,0.16,0.0,0.0,1027.0,8228.0,0.0,0.0,0.0,0.0,0.0,1.0,0.0,0.0,0.0,0.0,0.0,-1.1,0.0,0.5,0.0,0.0,16.0,25903.0
2026-07-30T19:03:38.581Z,388.064,388.08,0.0,7.4,0.0,0.0,0.0,0.0,0.0,0.0,0.0,0.0,1.0,0.0,0.0,0.0,9.0,4.0,0.0,0.0,0.0,0.0,0.0,0.0,0.0,0.0,1.0,12.0,1.0,12.17,5.01,2.5,1.49,0.0,0.0,0.0,361.3,0.0,0.3,-0.5,-0.1,-169.70000000000002,0.0,0.0,169.8,0.0,21.3,28.9,28.9,30.9,300.0,300.0,31.8,35.9,28.9,28.1,29.9,4.96,1.99,4.97,0.16,0.0,0.0,1027.0,8228.0,0.0,0.0,0.0,0.0,0.0,1.0,0.0,0.0,0.0,0.0,0.0,-1.3,0.0,-0.1,0.0,0.0,16.0,25903.0
2026-07-30T19:03:38.594Z,388.077,388.092,0.0,7.4,0.0,0.0,0.0,0.0,0.0,0.0,0.0,0.0,1.0,0.0,0.0,0.0,9.0,4.0,0.0,0.0,0.0,0.0,0.0,0.0,0.0,0.0,2.0,12.0,1.0,12.17,5.01,2.51,1.49,0.0,0.0,0.0,361.4,0.0,0.3,0.6000000000000001,-0.1,-169.70000000000002,0.0,0.0,169.70000000000002,0.0,21.700000000000003,28.9,28.9,30.9,300.0,300.0,31.6,35.9,28.9,28.0,29.9,4.96,1.99,4.96,0.16,0.0,0.0,1027.0,8228.0,0.0,0.0,0.0,0.0,0.0,1.0,0.0,0.0,0.0,0.0,0.0,0.6000000000000001,0.0,0.2,0.0,0.0,16.0,25903.0
2026-07-30T19:03:38.605Z,388.088,388.104,0.0,7.4,0.0,0.0,0.0,0.0,0.0,0.0,0.0,0.0,1.0,0.0,0.0,0.0,9.0,4.0,0.0,0.0,0.0,0.0,0.0,0.0,0.0,0.0,3.0,12.0,1.0,12.17,5.01,2.51,1.49,0.0,0.0,0.0,361.3,0.0,-1.4,-0.5,-1.2000000000000002,-169.70000000000002,0.0,0.0,169.70000000000002,0.0,21.700000000000003,28.9,28.9,30.9,300.0,300.0,31.6,35.9,28.9,28.0,29.9,4.95,1.99,4.96,0.16,0.0,0.0,1027.0,8228.0,0.0,0.0,0.0,0.0,0.0,1.0,0.0,0.0,0.0,0.0,0.0,-1.5,0.0,0.9,0.0,0.0,16.0,25903.0
2026-07-30T19:03:38.618Z,388.101,388.116,0.0,7.4,0.0,0.0,0.0,0.0,0.0,0.0,0.0,0.0,1.0,0.0,0.0,0.0,9.0,4.0,0.0,0.0,0.0,0.0,0.0,0.0,0.0,0.0,5.0,12.0,1.0,12.17,5.01,2.51,1.49,0.0,0.0,0.0,361.3,0.0,0.3,-1.1,-0.1,-169.70000000000002,0.0,0.0,169.70000000000002,0.0,21.700000000000003,28.9,28.9,30.9,300.0,300.0,31.6,35.9,28.9,28.0,29.9,4.95,1.99,4.97,0.16,0.0,0.0,1027.0,8228.0,0.0,0.0,0.0,0.0,0.0,1.0,0.0,0.0,0.0,0.0,0.0,-1.3,0.0,-0.1,0.0,0.0,16.0,25903.0
2026-07-30T19:03:38.629Z,388.112,388.128,0.0,7.4,0.0,0.0,0.0,0.0,0.0,0.0,0.0,0.0,1.0,0.0,0.0,0.0,9.0,4.0,0.0,0.0,0.0,0.0,0.0,0.0,0.0,0.0,6.0,12.0,1.0,12.17,5.01,2.51,1.49,0.0,0.0,0.0,361.3,0.0,0.8,-1.7000000000000002,-0.1,-169.70000000000002,0.0,0.0,169.8,0.0,21.700000000000003,28.9,28.9,30.9,300.0,300.0,31.6,35.9,28.9,28.0,29.9,4.96,1.99,4.96,0.16,0.0,0.0,1027.0,8228.0,0.0,0.0,0.0,0.0,0.0,1.0,0.0,0.0,0.0,0.0,0.0,-2.1,0.0,-0.2,0.0,0.0,16.0,25903.0
2026-07-30T19:03:38.641Z,388.124,388.14,0.0,7.4,0.0,0.0,0.0,0.0,0.0,0.0,0.0,0.0,1.0,0.0,0.0,0.0,9.0,4.0,0.0,0.0,0.0,0.0,0.0,0.0,0.0,0.0,6.0,12.0,1.0,12.17,5.01,2.51,1.49,0.0,0.0,0.0,361.3,0.0,0.2,-0.6000000000000001,-0.7000000000000001,-169.70000000000002,0.0,0.0,169.70000000000002,0.0,21.700000000000003,28.9,28.9,30.9,300.0,300.0,31.6,35.9,28.9,28.0,29.9,4.96,1.99,4.97,0.16,0.0,0.0,1027.0,8228.0,0.0,0.0,0.0,0.0,0.0,1.0,0.0,0.0,0.0,0.0,0.0,-1.2000000000000002,0.0,0.4,0.0,0.0,16.0,25903.0
2026-07-30T19:03:38.653Z,388.136,388.152,0.0,7.4,0.0,0.0,0.0,0.0,0.0,0.0,0.0,0.0,1.0,0.0,0.0,0.0,9.0,4.0,0.0,0.0,0.0,0.0,0.0,0.0,0.0,0.0,2.0,12.0,1.0,12.17,5.01,2.51,1.49,0.0,0.1,0.0,361.3,0.0,0.2,0.5,-0.1,-169.70000000000002,0.0,0.0,169.60000000000002,0.0,21.700000000000003,28.9,28.9,30.9,300.0,300.0,31.6,35.9,28.9,28.0,29.9,4.95,1.99,4.97,0.16,0.0,0.0,1027.0,8228.0,0.0,0.0,0.0,0.0,0.0,1.0,0.0,0.0,0.0,0.0,0.0,0.5,0.0,0.2,0.0,0.0,16.0,25903.0
2026-07-30T19:03:38.665Z,388.148,388.164,0.0,7.4,0.0,0.0,0.0,0.0,0.0,0.0,0.0,0.0,1.0,0.0,0.0,0.0,9.0,4.0,0.0,0.0,0.0,0.0,0.0,0.0,0.0,0.0,3.0,12.0,1.0,12.17,5.01,2.51,1.49,0.0,0.0,0.0,361.3,0.0,0.2,0.0,1.0,-169.70000000000002,0.0,0.0,169.70000000000002,0.0,21.700000000000003,28.9,28.9,30.9,300.0,300.0,31.6,35.9,28.9,28.0,29.9,4.96,1.99,4.97,0.16,0.0,0.0,1027.0,8228.0,0.0,0.0,0.0,0.0,0.0,1.0,0.0,0.0,0.0,0.0,0.0,0.7000000000000001,0.0,-0.9,0.0,0.0,16.0,25903.0
2026-07-30T19:03:38.677Z,388.16,388.176,0.0,7.4,0.0,0.0,0.0,0.0,0.0,0.0,0.0,0.0,1.0,0.0,0.0,0.0,9.0,4.0,0.0,0.0,0.0,0.0,0.0,0.0,0.0,0.0,4.0,12.0,1.0,12.17,5.01,2.51,1.49,0.0,0.0,0.0,361.3,0.0,-0.3,-0.6000000000000001,-0.7000000000000001,-169.70000000000002,0.0,0.0,169.70000000000002,0.0,21.700000000000003,28.9,28.9,30.9,300.0,300.0,31.6,35.9,28.9,28.0,29.9,4.95,1.99,4.96,0.16,0.0,0.0,1027.0,8228.0,0.0,0.0,0.0,0.0,0.0,1.0,0.0,0.0,0.0,0.0,0.0,-1.2000000000000002,0.0,0.4,0.0,0.0,16.0,25903.0
2026-07-30T19:03:38.689Z,388.172,388.188,0.0,7.4,0.0,0.0,0.0,0.0,0.0,0.0,0.0,0.0,1.0,0.0,0.0,0.0,9.0,4.0,0.0,0.0,0.0,0.0,0.0,0.0,0.0,0.0,5.0,12.0,1.0,12.17,5.01,2.51,1.49,0.0,0.0,0.0,361.3,0.0,-0.3,0.0,-0.1,-169.70000000000002,0.0,0.0,169.70000000000002,0.0,21.700000000000003,28.9,28.9,30.9,300.0,300.0,31.6,35.9,28.9,28.0,29.9,4.95,1.99,4.97,0.16,0.0,0.0,1027.0,8228.0,0.0,0.0,0.0,0.0,0.0,1.0,0.0,0.0,0.0,0.0,0.0,-0.1,0.0,0.1,0.0,0.0,16.0,25903.0
2026-07-30T19:03:38.701Z,388.184,388.2,0.0,7.4,0.0,0.0,0.0,0.0,0.0,0.0,0.0,0.0,1.0,0.0,0.0,0.0,9.0,4.0,0.0,0.0,0.0,0.0,0.0,0.0,0.0,0.0,6.0,12.0,1.0,12.13,5.0200000000000005,2.51,1.49,0.0,0.0,0.0,361.3,0.0,-0.3,-0.6000000000000001,-0.2,-169.70000000000002,0.0,0.0,169.70000000000002,0.0,21.3,28.9,28.9,30.9,300.0,300.0,31.6,35.9,28.9,28.0,29.9,4.95,1.99,4.97,0.16,0.0,0.0,1027.0,8228.0,0.0,0.0,0.0,0.0,0.0,1.0,0.0,0.0,0.0,0.0,0.0,-0.6000000000000001,0.0,0.6000000000000001,0.0,0.0,16.0,25903.0
2026-07-30T19:03:38.713Z,388.196,388.212,0.0,7.4,0.0,0.0,0.0,0.0,0.0,0.0,0.0,0.0,1.0,0.0,0.0,0.0,9.0,4.0,0.0,0.0,0.0,0.0,0.0,0.0,0.0,0.0,1.0,12.0,1.0,12.13,5.0200000000000005,2.51,1.49,0.0,0.0,0.0,361.3,0.0,0.8,0.0,1.0,-169.70000000000002,0.0,0.0,169.8,0.0,21.3,28.9,28.9,30.9,300.0,300.0,31.6,35.9,28.9,28.0,29.9,4.96,1.99,4.96,0.16,0.0,0.0,1027.0,8228.0,0.0,0.0,0.0,0.0,0.0,1.0,0.0,0.0,0.0,0.0,0.0,0.7000000000000001,0.0,-0.8,0.0,0.0,16.0,25903.0
2026-07-30T19:03:38.725Z,388.208,388.224,0.0,7.4,0.0,0.0,0.0,0.0,0.0,0.0,0.0,0.0,1.0,0.0,0.0,0.0,9.0,4.0,0.0,0.0,0.0,0.0,0.0,0.0,0.0,0.0,2.0,12.0,1.0,12.13,5.0200000000000005,2.51,1.49,0.0,0.0,0.0,361.3,0.0,-0.3,-1.2000000000000002,-0.1,-169.70000000000002,0.0,0.0,169.8,0.0,21.3,28.9,28.9,30.9,300.0,300.0,31.6,35.9,28.9,28.0,29.9,4.95,1.99,4.97,0.16,0.0,0.0,1027.0,8228.0,0.0,0.0,0.0,0.0,0.0,1.0,0.0,0.0,0.0,0.0,0.0,-1.4,0.0,-0.1,0.0,0.0,16.0,25903.0
2026-07-30T19:03:38.737Z,388.22,388.236,0.0,7.4,0.0,0.0,0.0,0.0,0.0,0.0,0.0,0.0,1.0,0.0,0.0,0.0,9.0,4.0,0.0,0.0,0.0,0.0,0.0,0.0,0.0,0.0,4.0,12.0,1.0,12.13,5.0200000000000005,2.51,1.49,0.0,0.0,0.0,361.2000000000001,0.0,-0.2,0.0,-0.1,-169.70000000000002,0.0,0.0,169.8,0.0,21.3,28.9,28.9,30.9,300.0,300.0,31.6,35.9,28.9,28.0,29.9,4.95,1.99,4.96,0.16,0.0,0.0,1027.0,8228.0,0.0,0.0,0.0,0.0,0.0,1.0,0.0,0.0,0.0,0.0,0.0,-0.1,0.0,0.1,0.0,0.0,16.0,25903.0
2026-07-30T19:03:38.749Z,388.232,388.248,0.0,7.4,0.0,0.0,0.0,0.0,0.0,0.0,0.0,0.0,1.0,0.0,0.0,0.0,9.0,4.0,0.0,0.0,0.0,0.0,0.0,0.0,0.0,0.0,5.0,12.0,1.0,12.13,5.0200000000000005,2.51,1.49,0.0,0.0,0.0,361.3,0.0,0.2,0.0,-0.7000000000000001,-169.70000000000002,0.0,0.0,169.70000000000002,0.0,21.3,28.9,28.9,30.9,300.0,300.0,31.6,35.9,28.9,28.0,29.9,4.96,1.99,4.96,0.16,0.0,0.0,1027.0,8228.0,0.0,0.0,0.0,0.0,0.0,1.0,0.0,0.0,0.0,0.0,0.0,-0.6000000000000001,0.0,0.6000000000000001,0.0,0.0,16.0,25903.0
2026-07-30T19:03:38.761Z,388.244,388.26,0.0,7.4,0.0,0.0,0.0,0.0,0.0,0.0,0.0,0.0,1.0,0.0,0.0,0.0,9.0,4.0,0.0,0.0,0.0,0.0,0.0,0.0,0.0,0.0,6.0,12.0,1.0,12.13,5.0200000000000005,2.51,1.49,0.0,0.1,0.0,361.4,0.0,0.9,-1.1,-0.7000000000000001,-169.70000000000002,0.0,0.0,169.8,0.0,21.3,28.9,28.9,30.9,300.0,300.0,31.6,35.9,28.9,28.0,29.9,4.95,1.99,4.96,0.16,0.0,0.0,1027.0,8228.0,0.0,0.0,0.0,0.0,0.0,1.0,0.0,0.0,0.0,0.0,0.0,-1.8,0.0,0.3,0.0,0.0,16.0,25903.0
2026-07-30T19:03:38.773Z,388.256,388.272,0.0,7.4,0.0,0.0,0.0,0.0,0.0,0.0,0.0,0.0,1.0,0.0,0.0,0.0,9.0,4.0,0.0,0.0,0.0,0.0,0.0,0.0,0.0,0.0,1.0,12.0,1.0,12.13,5.0200000000000005,2.51,1.49,0.0,0.0,0.0,361.3,0.0,-0.2,-0.5,-0.1,-169.70000000000002,0.0,0.0,169.8,0.0,21.3,28.9,28.9,30.9,300.0,300.0,31.6,35.9,28.9,28.0,29.9,4.95,1.99,4.97,0.16,0.0,0.0,1027.0,8228.0,0.0,0.0,0.0,0.0,0.0,1.0,0.0,0.0,0.0,0.0,0.0,-0.8,0.0,0.0,0.0,0.0,16.0,25903.0
2026-07-30T19:03:38.785Z,388.268,388.284,0.0,7.4,0.0,0.0,0.0,0.0,0.0,0.0,0.0,0.0,1.0,0.0,0.0,0.0,9.0,4.0,0.0,0.0,0.0,0.0,0.0,0.0,0.0,0.0,2.0,12.0,1.0,12.13,5.0200000000000005,2.51,1.49,0.0,0.0,0.0,361.2000000000001,0.0,0.3,1.1,0.4,-169.70000000000002,0.0,0.0,169.8,0.0,21.3,28.9,28.9,30.9,300.0,300.0,31.6,35.9,28.9,28.0,29.9,4.95,1.99,4.97,0.16,0.0,0.0,1027.0,8228.0,0.0,0.0,0.0,0.0,0.0,1.0,0.0,0.0,0.0,0.0,0.0,1.6,0.0,-0.1,0.0,0.0,16.0,25903.0
2026-07-30T19:03:38.798Z,388.281,388.296,0.0,7.4,0.0,0.0,0.0,0.0,0.0,0.0,0.0,0.0,1.0,0.0,0.0,0.0,9.0,4.0,0.0,0.0,0.0,0.0,0.0,0.0,0.0,0.0,3.0,12.0,1.0,12.13,5.0200000000000005,2.51,1.49,0.0,0.0,0.0,361.3,0.0,-0.7000000000000001,1.1,-0.1,-169.70000000000002,0.0,0.0,169.70000000000002,0.0,21.700000000000003,28.9,28.9,30.9,300.0,300.0,31.6,35.9,28.8,28.0,29.9,4.96,1.99,4.97,0.16,0.0,0.0,1027.0,8228.0,0.0,0.0,0.0,0.0,0.0,1.0,0.0,0.0,0.0,0.0,0.0,1.2000000000000002,0.0,0.3,0.0,0.0,16.0,25903.0
2026-07-30T19:03:38.809Z,388.292,388.308,0.0,7.4,0.0,0.0,0.0,0.0,0.0,0.0,0.0,0.0,1.0,0.0,0.0,0.0,9.0,4.0,0.0,0.0,0.0,0.0,0.0,0.0,0.0,0.0,4.0,12.0,1.0,12.13,5.0200000000000005,2.51,1.49,0.0,0.0,0.0,361.2000000000001,0.0,0.3,0.0,-1.8,-169.70000000000002,0.0,0.0,169.70000000000002,0.0,21.700000000000003,28.9,28.9,30.9,300.0,300.0,31.6,35.9,28.8,28.0,29.9,4.95,1.99,4.97,0.16,0.0,0.0,1027.0,8228.0,0.0,0.0,0.0,0.0,0.0,1.0,0.0,0.0,0.0,0.0,0.0,-1.3,0.0,1.6,0.0,0.0,16.0,25903.0
2026-07-30T19:03:38.821Z,388.304,388.32,0.0,7.4,0.0,0.0,0.0,0.0,0.0,0.0,0.0,0.0,1.0,0.0,0.0,0.0,9.0,4.0,0.0,0.0,0.0,0.0,0.0,0.0,0.0,0.0,5.0,12.0,1.0,12.13,5.0200000000000005,2.51,1.49,0.0,0.0,0.0,361.3,0.0,0.3,-0.5,-0.7000000000000001,-169.70000000000002,0.0,0.0,169.70000000000002,0.0,21.700000000000003,28.9,28.9,30.9,300.0,300.0,31.6,35.9,28.8,28.0,29.9,4.96,1.99,4.96,0.16,0.0,0.0,1027.0,8228.0,0.0,0.0,0.0,0.0,0.0,1.0,0.0,0.0,0.0,0.0,0.0,-1.1,0.0,0.5,0.0,0.0,16.0,25903.0
2026-07-30T19:03:38.833Z,388.316,388.332,0.0,7.4,0.0,0.0,0.0,0.0,0.0,0.0,0.0,0.0,1.0,0.0,0.0,0.0,9.0,4.0,0.0,0.0,0.0,0.0,0.0,0.0,0.0,0.0,6.0,12.0,1.0,12.13,5.0200000000000005,2.51,1.49,0.0,0.0,0.0,361.3,0.0,0.2,0.0,1.6,-169.70000000000002,0.0,0.0,169.60000000000002,0.0,21.700000000000003,28.9,28.9,30.9,300.0,300.0,31.6,35.9,28.8,28.0,29.9,4.96,1.99,4.96,0.16,0.0,0.0,1027.0,8228.0,0.0,0.0,0.0,0.0,0.0,1.0,0.0,0.0,0.0,0.0,0.0,1.2000000000000002,0.0,-1.4,0.0,0.0,16.0,25903.0
2026-07-30T19:03:38.845Z,388.328,388.344,0.0,7.4,0.0,0.0,0.0,0.0,0.0,0.0,0.0,0.0,1.0,0.0,0.0,0.0,9.0,4.0,0.0,0.0,0.0,0.0,0.0,0.0,0.0,0.0,1.0,12.0,1.0,12.13,5.0200000000000005,2.51,1.49,0.0,0.0,0.0,361.3,0.0,-0.2,1.2000000000000002,-0.1,-169.70000000000002,0.0,0.0,169.60000000000002,0.0,21.700000000000003,28.9,28.9,30.9,300.0,300.0,31.6,35.9,28.8,28.0,29.9,4.95,1.99,4.96,0.16,0.0,0.0,1027.0,8228.0,0.0,0.0,0.0,0.0,0.0,1.0,0.0,0.0,0.0,0.0,0.0,1.3,0.0,0.3,0.0,0.0,16.0,25903.0
2026-07-30T19:03:38.858Z,388.341,388.356,0.0,7.4,0.0,0.0,0.0,0.0,0.0,0.0,0.0,0.0,1.0,0.0,0.0,0.0,9.0,4.0,0.0,0.0,0.0,0.0,0.0,0.0,0.0,0.0,2.0,12.0,1.0,12.13,5.0200000000000005,2.51,1.49,0.0,0.0,0.0,361.3,0.0,-0.2,0.0,-0.1,-169.70000000000002,0.0,0.0,169.70000000000002,0.0,21.700000000000003,28.9,28.9,30.9,300.0,300.0,31.6,35.9,28.8,28.0,29.9,4.95,1.99,4.97,0.16,0.0,0.0,1027.0,8228.0,0.0,0.0,0.0,0.0,0.0,1.0,0.0,0.0,0.0,0.0,0.0,0.0,0.0,0.1,0.0,0.0,16.0,25903.0
2026-07-30T19:03:38.869Z,388.352,388.368,0.0,7.4,0.0,0.0,0.0,0.0,0.0,0.0,0.0,0.0,1.0,0.0,0.0,0.0,9.0,4.0,0.0,0.0,0.0,0.0,0.0,0.0,0.0,0.0,4.0,12.0,1.0,12.13,5.0200000000000005,2.51,1.49,0.0,0.0,0.0,361.3,0.0,0.3,0.0,0.4,-169.70000000000002,0.0,0.0,169.70000000000002,0.0,21.700000000000003,28.9,28.9,30.9,300.0,300.0,31.6,35.9,28.8,28.0,29.9,4.96,2.0,4.96,0.16,0.0,0.0,1027.0,8228.0,0.0,0.0,0.0,0.0,0.0,1.0,0.0,0.0,0.0,0.0,0.0,0.3,0.0,-0.3,0.0,0.0,16.0,25903.0
2026-07-30T19:03:38.881Z,388.364,388.38,0.0,7.4,0.0,0.0,0.0,0.0,0.0,0.0,0.0,0.0,1.0,0.0,0.0,0.0,9.0,4.0,0.0,0.0,0.0,0.0,0.0,0.0,0.0,0.0,5.0,12.0,1.0,12.13,5.0200000000000005,2.51,1.49,0.0,0.0,0.0,361.3,0.0,1.4,0.6000000000000001,0.3,-169.70000000000002,0.0,0.0,169.60000000000002,0.0,21.700000000000003,28.9,28.9,30.9,300.0,300.0,31.6,35.9,28.8,28.0,29.9,4.96,1.99,4.97,0.16,0.0,0.0,1027.0,8228.0,0.0,0.0,0.0,0.0,0.0,1.0,0.0,0.0,0.0,0.0,0.0,1.0,0.0,-0.2,0.0,0.0,16.0,25903.0
2026-07-30T19:03:38.893Z,388.376,388.392,0.0,7.4,0.0,0.0,0.0,0.0,0.0,0.0,0.0,0.0,1.0,0.0,0.0,0.0,9.0,4.0,0.0,0.0,0.0,0.0,0.0,0.0,0.0,0.0,6.0,12.0,1.0,12.13,5.0200000000000005,2.51,1.49,0.0,0.0,0.0,361.2000000000001,0.0,-0.3,0.6000000000000001,0.3,-169.70000000000002,0.0,0.0,169.70000000000002,0.0,21.700000000000003,28.9,28.9,30.9,300.0,300.0,31.6,35.9,28.8,28.0,29.9,4.95,1.99,4.97,0.16,0.0,0.0,1027.0,8228.0,0.0,0.0,0.0,0.0,0.0,1.0,0.0,0.0,0.0,0.0,0.0,1.0,0.0,-0.2,0.0,0.0,16.0,25903.0
2026-07-30T19:03:38.905Z,388.388,388.404,0.0,7.4,0.0,0.0,0.0,0.0,0.0,0.0,0.0,0.0,1.0,0.0,0.0,0.0,9.0,4.0,0.0,0.0,0.0,0.0,0.0,0.0,0.0,0.0,1.0,12.0,1.0,12.18,5.0200000000000005,2.5,1.49,0.0,0.0,0.0,361.3,0.0,-0.3,-0.4,-0.7000000000000001,-169.60000000000002,0.0,0.0,169.60000000000002,0.0,21.200000000000003,28.9,28.9,30.9,300.0,300.0,31.700000000000003,35.9,28.9,28.0,29.9,4.96,1.99,4.97,0.16,0.0,0.0,1027.0,8228.0,0.0,0.0,0.0,0.0,0.0,1.0,0.0,0.0,0.0,0.0,0.0,-1.0,0.0,0.5,0.0,0.0,16.0,25903.0
2026-07-30T19:03:38.917Z,388.4,388.416,0.0,7.4,0.0,0.0,0.0,0.0,0.0,0.0,0.0,0.0,1.0,0.0,0.0,0.0,9.0,4.0,0.0,0.0,0.0,0.0,0.0,0.0,0.0,0.0,2.0,12.0,1.0,12.18,5.0200000000000005,2.5,1.49,0.0,0.1,0.0,361.4,0.0,0.2,-1.0,-0.1,-169.60000000000002,0.0,0.0,169.70000000000002,0.0,21.200000000000003,28.9,28.9,30.9,300.0,300.0,31.700000000000003,35.9,28.9,28.0,29.9,4.96,1.99,4.96,0.16,0.0,0.0,1027.0,8228.0,0.0,0.0,0.0,0.0,0.0,1.0,0.0,0.0,0.0,0.0,0.0,-1.3,0.0,0.0,0.0,0.0,16.0,25903.0
2026-07-30T19:03:38.929Z,388.412,388.428,0.0,7.4,0.0,0.0,0.0,0.0,0.0,0.0,0.0,0.0,1.0,0.0,0.0,0.0,9.0,4.0,0.0,0.0,0.0,0.0,0.0,0.0,0.0,0.0,4.0,12.0,1.0,12.18,5.0200000000000005,2.5,1.49,0.0,0.0,0.0,361.4,0.0,-0.3,1.2000000000000002,-0.7000000000000001,-169.60000000000002,0.0,0.0,169.60000000000002,0.0,21.200000000000003,28.9,28.9,30.9,300.0,300.0,31.700000000000003,35.9,28.9,28.0,29.9,4.96,1.99,4.97,0.16,0.0,0.0,1027.0,8228.0,0.0,0.0,0.0,0.0,0.0,1.0,0.0,0.0,0.0,0.0,0.0,0.7000000000000001,0.0,0.9,0.0,0.0,16.0,25903.0
2026-07-30T19:03:38.942Z,388.425,388.44,0.0,7.4,0.0,0.0,0.0,0.0,0.0,0.0,0.0,0.0,1.0,0.0,0.0,0.0,9.0,4.0,0.0,0.0,0.0,0.0,0.0,0.0,0.0,0.0,5.0,12.0,1.0,12.18,5.0200000000000005,2.5,1.49,0.0,0.0,0.0,361.3,0.0,-0.3,0.0,-0.8,-169.60000000000002,0.0,0.0,169.70000000000002,0.0,21.200000000000003,28.9,28.9,30.9,300.0,300.0,31.700000000000003,35.9,28.9,28.0,29.9,4.95,1.99,4.97,0.16,0.0,0.0,1027.0,8228.0,0.0,0.0,0.0,0.0,0.0,1.0,0.0,0.0,0.0,0.0,0.0,-0.5,0.0,0.7000000000000001,0.0,0.0,16.0,25903.0
2026-07-30T19:03:38.953Z,388.436,388.452,0.0,7.4,0.0,0.0,0.0,0.0,0.0,0.0,0.0,0.0,1.0,0.0,0.0,0.0,9.0,4.0,0.0,0.0,0.0,0.0,0.0,0.0,0.0,0.0,6.0,12.0,1.0,12.18,5.0200000000000005,2.5,1.49,0.0,0.0,0.0,361.3,0.0,0.7000000000000001,0.0,1.4,-169.60000000000002,0.0,0.0,169.60000000000002,0.0,21.200000000000003,28.9,28.9,30.9,300.0,300.0,31.700000000000003,35.9,28.9,28.0,29.9,4.97,1.99,4.96,0.16,0.0,0.0,1027.0,8228.0,0.0,0.0,0.0,0.0,0.0,1.0,0.0,0.0,0.0,0.0,0.0,1.1,0.0,-1.3,0.0,0.0,16.0,25903.0
2026-07-30T19:03:38.965Z,388.448,388.464,0.0,7.4,0.0,0.0,0.0,0.0,0.0,0.0,0.0,0.0,1.0,0.0,0.0,0.0,9.0,4.0,0.0,0.0,0.0,0.0,0.0,0.0,0.0,0.0,1.0,12.0,1.0,12.18,5.0200000000000005,2.5,1.49,0.0,0.0,0.0,361.3,0.0,-0.3,-0.5,-0.2,-169.60000000000002,0.0,0.0,169.60000000000002,0.0,21.200000000000003,28.9,28.9,30.9,300.0,300.0,31.700000000000003,35.9,28.9,28.0,29.9,4.95,1.99,4.96,0.16,0.0,0.0,1027.0,8228.0,0.0,0.0,0.0,0.0,0.0,1.0,0.0,0.0,0.0,0.0,0.0,-0.8,0.0,0.1,0.0,0.0,16.0,25903.0
2026-07-30T19:03:38.977Z,388.46,388.476,0.0,7.4,0.0,0.0,0.0,0.0,0.0,0.0,0.0,0.0,1.0,0.0,0.0,0.0,9.0,4.0,0.0,0.0,0.0,0.0,0.0,0.0,0.0,0.0,2.0,12.0,1.0,12.18,5.0200000000000005,2.5,1.49,0.0,0.0,0.0,361.3,0.0,-0.4,0.5,-0.3,-169.60000000000002,0.0,0.0,169.70000000000002,0.0,21.200000000000003,28.9,28.9,30.9,300.0,300.0,31.700000000000003,35.9,28.9,28.0,29.9,4.95,1.99,4.96,0.16,0.0,0.0,1027.0,8228.0,0.0,0.0,0.0,0.0,0.0,1.0,0.0,0.0,0.0,0.0,0.0,0.4,0.0,0.3,0.0,0.0,16.0,25903.0
2026-07-30T19:03:38.989Z,388.472,388.488,0.0,7.4,0.0,0.0,0.0,0.0,0.0,0.0,0.0,0.0,1.0,0.0,0.0,0.0,9.0,4.0,0.0,0.0,0.0,0.0,0.0,0.0,0.0,0.0,3.0,12.0,1.0,12.18,5.0200000000000005,2.5,1.49,0.0,0.0,0.0,361.2000000000001,0.0,-0.4,0.0,-0.3,-169.60000000000002,0.0,0.0,169.60000000000002,0.0,21.200000000000003,28.9,28.9,30.9,300.0,300.0,31.700000000000003,35.9,28.9,28.0,29.9,4.96,1.99,4.96,0.16,0.0,0.0,1027.0,8228.0,0.0,0.0,0.0,0.0,0.0,1.0,0.0,0.0,0.0,0.0,0.0,-0.2,0.0,0.2,0.0,0.0,16.0,25903.0
2026-07-30T19:03:39.002Z,388.485,388.5,0.0,7.4,0.0,0.0,0.0,0.0,0.0,0.0,0.0,0.0,1.0,0.0,0.0,0.0,9.0,4.0,0.0,0.0,0.0,0.0,0.0,0.0,0.0,0.0,4.0,12.0,1.0,12.17,5.01,2.51,1.49,0.0,0.1,0.0,361.3,0.0,1.3,0.5,0.8,-169.60000000000002,0.0,0.0,169.70000000000002,0.0,21.700000000000003,28.9,28.9,30.9,300.0,300.0,31.700000000000003,35.9,28.9,28.0,29.9,4.95,1.99,4.96,0.16,0.0,0.0,1027.0,8228.0,0.0,0.0,0.0,0.0,0.0,1.0,0.0,0.0,0.0,0.0,0.0,1.3,0.0,-0.6000000000000001,0.0,0.0,16.0,25903.0
2026-07-30T19:03:39.013Z,388.496,388.512,0.0,7.4,0.0,0.0,0.0,0.0,0.0,0.0,0.0,0.0,1.0,0.0,0.0,0.0,9.0,4.0,0.0,0.0,0.0,0.0,0.0,0.0,0.0,0.0,6.0,12.0,1.0,12.17,5.01,2.51,1.49,0.0,0.1,0.0,361.3,0.0,-0.3,-0.5,0.8,-169.60000000000002,0.0,0.0,169.60000000000002,0.0,21.700000000000003,28.9,28.9,30.9,300.0,300.0,31.700000000000003,35.9,28.9,28.0,29.9,4.95,1.99,4.97,0.16,0.0,0.0,1027.0,8228.0,0.0,0.0,0.0,0.0,0.0,1.0,0.0,0.0,0.0,0.0,0.0,0.0,0.0,-0.8,0.0,0.0,16.0,25903.0
2026-07-30T19:03:39.025Z,388.508,388.524,0.0,7.4,0.0,0.0,0.0,0.0,0.0,0.0,0.0,0.0,1.0,0.0,0.0,0.0,9.0,4.0,0.0,0.0,0.0,0.0,0.0,0.0,0.0,0.0,1.0,12.0,1.0,12.17,5.01,2.51,1.49,0.0,0.0,0.0,361.3,0.0,0.1,1.7000000000000002,-0.3,-169.60000000000002,0.0,0.0,169.60000000000002,0.0,21.700000000000003,28.9,28.9,30.9,300.0,300.0,31.700000000000003,35.9,28.9,28.0,29.9,4.95,1.99,4.96,0.16,0.0,0.0,1027.0,8228.0,0.0,0.0,0.0,0.0,0.0,1.0,0.0,0.0,0.0,0.0,0.0,-0.4,0.0,-0.3,0.0,0.0,16.0,25903.0
2026-07-30T19:03:39.037Z,388.52,388.536,0.0,7.4,0.0,0.0,0.0,0.0,0.0,0.0,0.0,0.0,1.0,0.0,0.0,0.0,9.0,4.0,0.0,0.0,0.0,0.0,0.0,0.0,0.0,0.0,1.0,12.0,1.0,12.17,5.01,2.51,1.49,0.0,0.1,0.0,361.3,0.0,0.7000000000000001,0.5,0.2,-169.60000000000002,0.0,0.0,169.60000000000002,0.0,21.700000000000003,28.9,28.9,30.9,300.0,300.0,31.700000000000003,35.9,28.9,28.0,29.9,4.96,1.99,4.96,0.16,0.0,0.0,1027.0,8228.0,0.0,0.0,0.0,0.0,0.0,1.0,0.0,0.0,0.0,0.0,0.0,0.8,0.0,-0.1,0.0,0.0,16.0,25903.0
2026-07-30T19:03:39.049Z,388.532,388.548,0.0,7.4,0.0,0.0,0.0,0.0,0.0,0.0,0.0,0.0,1.0,0.0,0.0,0.0,9.0,4.0,0.0,0.0,0.0,0.0,0.0,0.0,0.0,0.0,2.0,12.0,1.0,12.17,5.01,2.51,1.49,0.0,0.1,0.0,361.3,0.0,0.7000000000000001,0.0,-0.2,-169.60000000000002,0.0,0.0,169.70000000000002,0.0,21.700000000000003,28.9,28.9,30.9,300.0,300.0,31.700000000000003,35.9,28.9,28.0,29.9,4.95,1.99,4.97,0.16,0.0,0.0,1027.0,8228.0,0.0,0.0,0.0,0.0,0.0,1.0,0.0,0.0,0.0,0.0,0.0,-0.2,0.0,0.2,0.0,0.0,16.0,25903.0
2026-07-30T19:03:39.061Z,388.544,388.56,0.0,7.4,0.0,0.0,0.0,0.0,0.0,0.0,0.0,0.0,1.0,0.0,0.0,0.0,9.0,4.0,0.0,0.0,0.0,0.0,0.0,0.0,0.0,0.0,4.0,12.0,1.0,12.17,5.01,2.51,1.49,0.0,0.0,0.0,361.3,0.0,0.1,-0.5,-0.2,-169.60000000000002,0.0,0.0,169.60000000000002,0.0,21.700000000000003,28.9,28.9,30.9,300.0,300.0,31.700000000000003,35.9,28.9,28.0,29.9,4.96,1.99,4.96,0.16,0.0,0.0,1027.0,8228.0,0.0,0.0,0.0,0.0,0.0,1.0,0.0,0.0,0.0,0.0,0.0,-2.6,0.0,0.3,0.0,0.0,16.0,25903.0
2026-07-30T19:03:39.073Z,388.556,388.572,0.0,7.4,0.0,0.0,0.0,0.0,0.0,0.0,0.0,0.0,1.0,0.0,0.0,0.0,9.0,4.0,0.0,0.0,0.0,0.0,0.0,0.0,0.0,0.0,5.0,12.0,1.0,12.17,5.01,2.51,1.49,0.0,0.0,0.0,361.3,0.0,-0.4,1.1,0.2,-169.60000000000002,0.0,0.0,169.60000000000002,0.0,21.700000000000003,28.9,28.9,30.9,300.0,300.0,31.700000000000003,35.9,28.9,28.0,29.9,4.96,1.99,4.96,0.16,0.0,0.0,1027.0,8228.0,0.0,0.0,0.0,0.0,0.0,1.0,0.0,0.0,0.0,0.0,0.0,1.5,0.0,0.0,0.0,0.0,16.0,25903.0
2026-07-30T19:03:39.085Z,388.568,388.584,0.0,7.4,0.0,0.0,0.0,0.0,0.0,0.0,0.0,0.0,1.0,0.0,0.0,0.0,9.0,4.0,0.0,0.0,0.0,0.0,0.0,0.0,0.0,0.0,6.0,12.0,1.0,12.17,5.01,2.51,1.49,0.0,0.0,0.0,361.4,0.0,-0.4,0.0,-0.8,-169.60000000000002,0.0,0.0,169.8,0.0,21.700000000000003,28.9,28.9,30.9,300.0,300.0,31.700000000000003,35.9,28.9,28.0,29.9,4.95,1.99,4.96,0.16,0.0,0.0,1027.0,8228.0,0.0,0.0,0.0,0.0,0.0,1.0,0.0,0.0,0.0,0.0,0.0,1.5,0.0,0.0,0.0,0.0,16.0,25903.0
2026-07-30T19:03:39.097Z,388.58,388.596,0.0,7.4,0.0,0.0,0.0,0.0,0.0,0.0,0.0,0.0,1.0,0.0,0.0,0.0,9.0,4.0,0.0,0.0,0.0,0.0,0.0,0.0,0.0,0.0,1.0,12.0,1.0,12.17,5.01,2.51,1.49,0.0,0.0,0.0,361.4,0.0,0.1,0.6000000000000001,-0.2,-169.60000000000002,0.0,0.0,169.70000000000002,0.0,21.700000000000003,28.9,28.9,30.9,300.0,300.0,31.700000000000003,35.9,28.9,28.0,29.9,4.95,1.99,4.97,0.16,0.0,0.0,1027.0,8228.0,0.0,0.0,0.0,0.0,0.0,1.0,0.0,0.0,0.0,0.0,0.0,0.5,0.0,0.3,0.0,0.0,16.0,25903.0
2026-07-30T19:03:39.109Z,388.592,388.608,0.0,7.4,0.0,0.0,0.0,0.0,0.0,0.0,0.0,0.0,1.0,0.0,0.0,0.0,9.0,4.0,0.0,0.0,0.0,0.0,0.0,0.0,0.0,0.0,2.0,12.0,1.0,12.15,5.01,2.51,1.49,0.0,0.0,0.0,361.3,0.0,0.7000000000000001,0.0,-0.3,-169.60000000000002,0.0,0.0,169.70000000000002,0.0,21.9,28.9,28.9,30.9,300.0,300.0,31.700000000000003,35.9,28.8,28.0,29.9,4.96,2.0,4.96,0.16,0.0,0.0,1027.0,8228.0,0.0,0.0,0.0,0.0,0.0,1.0,0.0,0.0,0.0,0.0,0.0,0.0,0.0,-0.8,0.0,0.0,16.0,25903.0
2026-07-30T19:03:39.121Z,388.604,388.62,0.0,7.4,0.0,0.0,0.0,0.0,0.0,0.0,0.0,0.0,1.0,0.0,0.0,0.0,9.0,4.0,0.0,0.0,0.0,0.0,0.0,0.0,0.0,0.0,3.0,12.0,1.0,12.15,5.01,2.51,1.49,0.0,0.0,0.0,361.3,0.0,0.1,-0.5,-2.0,-169.60000000000002,0.0,0.0,169.70000000000002,0.0,21.9,28.9,28.9,30.9,300.0,300.0,31.700000000000003,35.9,28.8,28.0,29.9,4.96,1.99,4.97,0.15,0.0,0.0,1027.0,8228.0,0.0,0.0,0.0,0.0,0.0,1.0,0.0,0.0,0.0,0.0,0.0,-2.1,0.0,1.6,0.0,0.0,16.0,25903.0
2026-07-30T19:03:39.133Z,388.616,388.632,0.0,7.4,0.0,0.0,0.0,0.0,0.0,0.0,0.0,0.0,1.0,0.0,0.0,0.0,9.0,4.0,0.0,0.0,0.0,0.0,0.0,0.0,0.0,0.0,4.0,12.0,1.0,12.15,5.01,2.51,1.49,0.0,0.1,0.0,361.3,0.0,-0.9,-0.5,-1.4,-169.60000000000002,0.0,0.0,169.70000000000002,0.0,21.9,28.9,28.9,30.9,300.0,300.0,31.700000000000003,35.9,28.8,28.0,29.9,4.95,1.99,4.97,0.16,0.0,0.0,1027.0,8228.0,0.0,0.0,0.0,0.0,0.0,1.0,0.0,0.0,0.0,0.0,0.0,-1.6,0.0,1.1,0.0,0.0,16.0,25903.0
2026-07-30T19:03:39.145Z,388.628,388.644,0.0,7.4,0.0,0.0,0.0,0.0,0.0,0.0,0.0,0.0,1.0,0.0,0.0,0.0,9.0,4.0,0.0,0.0,0.0,0.0,0.0,0.0,0.0,0.0,5.0,12.0,1.0,12.15,5.01,2.51,1.49,0.0,0.0,0.0,361.4,0.0,-0.3,0.0,0.9,-169.60000000000002,0.0,0.0,169.60000000000002,0.0,21.9,28.9,28.9,30.9,300.0,300.0,31.700000000000003,35.9,28.8,28.0,29.9,4.96,1.99,4.96,0.16,0.0,0.0,1027.0,8228.0,0.0,0.0,0.0,0.0,0.0,1.0,0.0,0.0,0.0,0.0,0.0,0.7000000000000001,0.0,-0.8,0.0,0.0,16.0,25903.0
2026-07-30T19:03:39.157Z,388.64,388.656,0.0,7.4,0.0,0.0,0.0,0.0,0.0,0.0,0.0,0.0,1.0,0.0,0.0,0.0,9.0,4.0,0.0,0.0,0.0,0.0,0.0,0.0,0.0,0.0,6.0,12.0,1.0,12.15,5.01,2.51,1.49,0.0,0.0,0.0,361.4,0.0,-0.3,-1.1,-1.4,-169.60000000000002,0.0,0.0,169.60000000000002,0.0,21.9,28.9,28.9,30.9,300.0,300.0,31.700000000000003,35.9,28.8,28.0,29.9,4.96,1.99,4.96,0.16,0.0,0.0,1027.0,8228.0,0.0,0.0,0.0,0.0,0.0,1.0,0.0,0.0,0.0,0.0,0.0,-2.3000000000000003,0.0,1.0,0.0,0.0,16.0,25903.0
2026-07-30T19:03:39.169Z,388.652,388.668,0.0,7.4,0.0,0.0,0.0,0.0,0.0,0.0,0.0,0.0,1.0,0.0,0.0,0.0,9.0,4.0,0.0,0.0,0.0,0.0,0.0,0.0,0.0,0.0,2.0,12.0,1.0,12.15,5.01,2.51,1.49,0.0,0.0,0.0,361.4,0.0,-0.3,-1.1,-2.0,-169.60000000000002,0.0,0.0,169.60000000000002,0.0,21.9,28.9,28.9,30.9,300.0,300.0,31.700000000000003,35.9,28.8,28.0,29.9,4.96,1.99,4.97,0.16,0.0,0.0,1027.0,8228.0,0.0,0.0,0.0,0.0,0.0,1.0,0.0,0.0,0.0,0.0,0.0,-2.8000000000000003,0.0,1.5,0.0,0.0,16.0,25903.0
2026-07-30T19:03:39.181Z,388.664,388.68,0.0,7.4,0.0,0.0,0.0,0.0,0.0,0.0,0.0,0.0,1.0,0.0,0.0,0.0,9.0,4.0,0.0,0.0,0.0,0.0,0.0,0.0,0.0,0.0,2.0,12.0,1.0,12.15,5.01,2.51,1.49,0.0,0.0,0.0,361.3,0.0,0.2,0.5,-0.8,-169.60000000000002,0.0,0.0,169.60000000000002,0.0,21.9,28.9,28.9,30.9,300.0,300.0,31.700000000000003,35.9,28.8,28.0,29.9,4.95,2.0,4.97,0.16,0.0,0.0,1027.0,8228.0,0.0,0.0,0.0,0.0,0.0,1.0,0.0,0.0,0.0,0.0,0.0,0.0,0.0,0.8,0.0,0.0,16.0,25903.0
2026-07-30T19:03:39.193Z,388.676,388.692,0.0,7.4,0.0,0.0,0.0,0.0,0.0,0.0,0.0,0.0,1.0,0.0,0.0,0.0,9.0,4.0,0.0,0.0,0.0,0.0,0.0,0.0,0.0,0.0,4.0,12.0,1.0,12.15,5.01,2.51,1.49,0.0,0.0,0.0,361.3,0.0,-0.3,0.0,0.9,-169.60000000000002,0.0,0.0,169.70000000000002,0.0,21.9,28.9,28.9,30.9,300.0,300.0,31.700000000000003,35.9,28.8,28.0,29.9,4.96,2.0,4.97,0.16,0.0,0.0,1027.0,8228.0,0.0,0.0,0.0,0.0,0.0,1.0,0.0,0.0,0.0,0.0,0.0,-0.8,0.0,-1.7000000000000002,0.0,0.0,16.0,25903.0
2026-07-30T19:03:39.206Z,388.689,388.704,0.0,7.4,0.0,0.0,0.0,0.0,0.0,0.0,0.0,0.0,1.0,0.0,0.0,0.0,9.0,4.0,0.0,0.0,0.0,0.0,0.0,0.0,0.0,0.0,4.0,12.0,1.0,12.17,5.0200000000000005,2.51,1.49,0.0,0.1,0.0,361.3,0.0,0.2,-0.5,-0.8,-169.60000000000002,0.0,0.0,169.70000000000002,0.0,21.4,28.9,28.9,30.9,300.0,300.0,31.8,35.9,28.8,28.0,29.9,4.94,1.99,4.97,0.16,0.0,0.0,1027.0,8228.0,0.0,0.0,0.0,0.0,0.0,1.0,0.0,0.0,0.0,0.0,0.0,0.9,0.0,-0.1,0.0,0.0,16.0,25903.0
2026-07-30T19:03:39.217Z,388.7,388.716,0.0,7.4,0.0,0.0,0.0,0.0,0.0,0.0,0.0,0.0,1.0,0.0,0.0,0.0,9.0,4.0,0.0,0.0,0.0,0.0,0.0,0.0,0.0,0.0,6.0,12.0,1.0,12.17,5.0200000000000005,2.51,1.49,0.0,0.0,0.0,361.4,0.0,-0.4,0.0,-0.2,-169.60000000000002,0.0,0.0,169.70000000000002,0.0,21.4,28.9,28.9,30.9,300.0,300.0,31.8,35.9,28.8,28.0,29.9,4.94,1.99,4.96,0.16,0.0,0.0,1027.0,8228.0,0.0,0.0,0.0,0.0,0.0,1.0,0.0,0.0,0.0,0.0,0.0,-0.2,0.0,0.2,0.0,0.0,16.0,25903.0
2026-07-30T19:03:39.229Z,388.712,388.728,0.0,7.4,0.0,0.0,0.0,0.0,0.0,0.0,0.0,0.0,1.0,0.0,0.0,0.0,9.0,4.0,0.0,0.0,0.0,0.0,0.0,0.0,0.0,0.0,1.0,12.0,1.0,12.17,5.0200000000000005,2.51,1.49,0.0,0.0,0.0,361.3,0.0,0.7000000000000001,0.0,1.4,-169.60000000000002,0.0,0.0,169.60000000000002,0.0,21.4,28.9,28.9,30.9,300.0,300.0,31.8,35.9,28.8,28.0,29.9,4.96,1.99,4.96,0.16,0.0,0.0,1027.0,8228.0,0.0,0.0,0.0,0.0,0.0,1.0,0.0,0.0,0.0,0.0,0.0,1.0,0.0,-1.2000000000000002,0.0,0.0,16.0,25903.0
2026-07-30T19:03:39.241Z,388.724,388.74,0.0,7.4,0.0,0.0,0.0,0.0,0.0,0.0,0.0,0.0,1.0,0.0,0.0,0.0,9.0,4.0,0.0,0.0,0.0,0.0,0.0,0.0,0.0,0.0,3.0,12.0,1.0,12.17,5.0200000000000005,2.51,1.49,0.0,0.0,0.0,361.4,0.0,0.2,0.0,-1.4,-169.60000000000002,0.0,0.0,169.60000000000002,0.0,21.4,28.9,28.9,30.9,300.0,300.0,31.8,35.9,28.8,28.0,29.9,4.95,1.99,4.97,0.16,0.0,0.0,1027.0,8228.0,0.0,0.0,0.0,0.0,0.0,1.0,0.0,0.0,0.0,0.0,0.0,-1.0,0.0,1.3,0.0,0.0,16.0,25903.0
2026-07-30T19:03:39.253Z,388.736,388.752,0.0,7.4,0.0,0.0,0.0,0.0,0.0,0.0,0.0,0.0,1.0,0.0,0.0,0.0,9.0,4.0,0.0,0.0,0.0,0.0,0.0,0.0,0.0,0.0,5.0,12.0,1.0,12.17,5.0200000000000005,2.51,1.49,0.0,0.0,0.0,361.4,0.0,-0.3,-1.1,-0.2,-169.60000000000002,0.0,0.0,169.60000000000002,0.0,21.4,28.9,28.9,30.9,300.0,300.0,31.8,35.9,28.8,28.0,29.9,4.96,1.99,4.97,0.16,0.0,0.0,1027.0,8228.0,0.0,0.0,0.0,0.0,0.0,1.0,0.0,0.0,0.0,0.0,0.0,-1.4,0.0,0.0,0.0,0.0,16.0,25903.0
2026-07-30T19:03:39.266Z,388.749,388.764,0.0,7.4,0.0,0.0,0.0,0.0,0.0,0.0,0.0,0.0,1.0,0.0,0.0,0.0,9.0,4.0,0.0,0.0,0.0,0.0,0.0,0.0,0.0,0.0,6.0,12.0,1.0,12.17,5.0200000000000005,2.51,1.49,0.0,0.0,0.0,361.3,0.0,-0.4,0.0,0.2,-169.60000000000002,0.0,0.0,169.70000000000002,0.0,21.4,28.9,28.9,30.9,300.0,300.0,31.8,35.9,28.8,28.0,29.9,4.96,2.0,4.96,0.16,0.0,0.0,1027.0,8228.0,0.0,0.0,0.0,0.0,0.0,1.0,0.0,0.0,0.0,0.0,0.0,2.2,0.0,-1.6,0.0,0.0,16.0,25903.0
2026-07-30T19:03:39.277Z,388.76,388.776,0.0,7.4,0.0,0.0,0.0,0.0,0.0,0.0,0.0,0.0,1.0,0.0,0.0,0.0,9.0,4.0,0.0,0.0,0.0,0.0,0.0,0.0,0.0,0.0,1.0,12.0,1.0,12.17,5.0200000000000005,2.51,1.49,0.0,0.0,0.0,361.4,0.0,-1.0,0.0,-0.8,-169.60000000000002,0.0,0.0,169.60000000000002,0.0,21.4,28.9,28.9,30.9,300.0,300.0,31.8,35.9,28.8,28.0,29.9,4.96,1.99,4.96,0.16,0.0,0.0,1027.0,8228.0,0.0,0.0,0.0,0.0,0.0,1.0,0.0,0.0,0.0,0.0,0.0,-0.6000000000000001,0.0,0.7000000000000001,0.0,0.0,16.0,25903.0
2026-07-30T19:03:39.290Z,388.773,388.788,0.0,7.4,0.0,0.0,0.0,0.0,0.0,0.0,0.0,0.0,1.0,0.0,0.0,0.0,9.0,4.0,0.0,0.0,0.0,0.0,0.0,0.0,0.0,0.0,2.0,12.0,1.0,12.17,5.0200000000000005,2.51,1.49,0.0,0.0,0.0,361.4,0.0,0.2,0.0,0.9,-169.60000000000002,0.0,0.0,169.8,0.0,21.4,28.9,28.9,30.9,300.0,300.0,31.8,35.9,28.8,28.0,29.9,4.95,1.99,4.97,0.16,0.0,0.0,1027.0,8228.0,0.0,0.0,0.0,0.0,0.0,1.0,0.0,0.0,0.0,0.0,0.0,0.7000000000000001,0.0,-0.7000000000000001,0.0,0.0,16.0,25903.0
2026-07-30T19:03:39.301Z,388.784,388.8,0.0,7.4,0.0,0.0,0.0,0.0,0.0,0.0,0.0,0.0,1.0,0.0,0.0,0.0,9.0,4.0,0.0,0.0,0.0,0.0,0.0,0.0,0.0,0.0,3.0,12.0,1.0,12.17,5.0200000000000005,2.51,1.49,0.0,0.0,0.0,361.4,0.0,0.2,-0.5,-0.2,-169.60000000000002,0.0,0.0,169.60000000000002,0.0,21.4,28.9,28.9,30.9,300.0,300.0,31.8,35.9,28.8,28.0,29.9,4.96,1.99,4.97,0.16,0.0,0.0,1027.0,8228.0,0.0,0.0,0.0,0.0,0.0,1.0,0.0,0.0,0.0,0.0,0.0,-0.7000000000000001,0.0,0.0,0.0,0.0,16.0,25903.0
2026-07-30T19:03:39.313Z,388.796,388.812,0.0,7.4,0.0,0.0,0.0,0.0,0.0,0.0,0.0,0.0,1.0,0.0,0.0,0.0,9.0,4.0,0.0,0.0,0.0,0.0,0.0,0.0,0.0,0.0,4.0,12.0,1.0,12.17,5.0200000000000005,2.51,1.49,0.0,0.1,0.0,361.3,0.0,0.8,0.0,-0.2,-169.60000000000002,0.0,0.0,169.8,0.0,21.700000000000003,28.9,28.9,30.9,300.0,300.0,31.8,35.9,28.8,28.0,29.9,4.96,1.99,4.96,0.16,0.0,0.0,1027.0,8228.0,0.0,0.0,0.0,0.0,0.0,1.0,0.0,0.0,0.0,0.0,0.0,-0.1,0.0,0.2,0.0,0.0,16.0,25903.0
2026-07-30T19:03:39.325Z,388.808,388.824,0.0,7.4,0.0,0.0,0.0,0.0,0.0,0.0,0.0,0.0,1.0,0.0,0.0,0.0,9.0,4.0,0.0,0.0,0.0,0.0,0.0,0.0,0.0,0.0,6.0,12.0,1.0,12.17,5.0200000000000005,2.51,1.49,0.0,0.0,0.0,361.3,0.0,0.2,0.6000000000000001,-0.2,-169.60000000000002,0.0,0.0,169.70000000000002,0.0,21.700000000000003,28.9,28.9,30.9,300.0,300.0,31.8,35.9,28.8,28.0,29.9,4.95,1.99,4.96,0.16,0.0,0.0,1027.0,8228.0,0.0,0.0,0.0,0.0,0.0,1.0,0.0,0.0,0.0,0.0,0.0,0.5,0.0,0.3,0.0,0.0,16.0,25903.0
2026-07-30T19:03:39.337Z,388.82,388.836,0.0,7.4,0.0,0.0,0.0,0.0,0.0,0.0,0.0,0.0,1.0,0.0,0.0,0.0,9.0,4.0,0.0,0.0,0.0,0.0,0.0,0.0,0.0,0.0,1.0,12.0,1.0,12.17,5.0200000000000005,2.51,1.49,0.0,0.0,0.0,361.4,0.0,0.2,-0.5,0.4,-169.60000000000002,0.0,0.0,169.70000000000002,0.0,21.700000000000003,28.9,28.9,30.9,300.0,300.0,31.8,35.9,28.8,28.0,29.9,4.95,1.99,4.97,0.16,0.0,0.0,1027.0,8228.0,0.0,0.0,0.0,0.0,0.0,1.0,0.0,0.0,0.0,0.0,0.0,-0.3,0.0,-0.4,0.0,0.0,16.0,25903.0
2026-07-30T19:03:39.349Z,388.832,388.848,0.0,7.4,0.0,0.0,0.0,0.0,0.0,0.0,0.0,0.0,1.0,0.0,0.0,0.0,9.0,4.0,0.0,0.0,0.0,0.0,0.0,0.0,0.0,0.0,2.0,12.0,1.0,12.17,5.0200000000000005,2.51,1.49,0.0,0.1,0.0,361.3,0.0,0.8,0.0,2.7,-169.60000000000002,0.0,0.0,169.60000000000002,0.0,21.700000000000003,28.9,28.9,30.9,300.0,300.0,31.8,35.9,28.8,28.0,29.9,4.95,1.99,4.96,0.16,0.0,0.0,1027.0,8228.0,0.0,0.0,0.0,0.0,0.0,1.0,0.0,0.0,0.0,0.0,0.0,2.0,0.0,-2.4000000000000004,0.0,0.0,16.0,25903.0
2026-07-30T19:03:39.361Z,388.844,388.86,0.0,7.4,0.0,0.0,0.0,0.0,0.0,0.0,0.0,0.0,1.0,0.0,0.0,0.0,9.0,4.0,0.0,0.0,0.0,0.0,0.0,0.0,0.0,0.0,3.0,12.0,1.0,12.17,5.0200000000000005,2.51,1.49,0.0,0.0,0.0,361.3,0.0,0.2,1.1,-0.2,-169.60000000000002,0.0,0.0,169.70000000000002,0.0,21.700000000000003,28.9,28.9,30.9,300.0,300.0,31.8,35.9,28.8,28.0,29.9,4.95,2.0,4.97,0.16,0.0,0.0,1027.0,8228.0,0.0,0.0,0.0,0.0,0.0,1.0,0.0,0.0,0.0,0.0,0.0,1.1,0.0,0.4,0.0,0.0,16.0,25903.0
2026-07-30T19:03:39.374Z,388.857,388.872,0.0,7.4,0.0,0.0,0.0,0.0,0.0,0.0,0.0,0.0,1.0,0.0,0.0,0.0,9.0,4.0,0.0,0.0,0.0,0.0,0.0,0.0,0.0,0.0,4.0,12.0,1.0,12.17,5.0200000000000005,2.51,1.49,0.0,0.0,0.0,361.3,0.0,0.2,0.0,-0.1,-169.60000000000002,0.0,0.0,169.8,0.0,21.700000000000003,28.9,28.9,30.9,300.0,300.0,31.8,35.9,28.8,28.0,29.9,4.95,1.99,4.97,0.16,0.0,0.0,1027.0,8228.0,0.0,0.0,0.0,0.0,0.0,1.0,0.0,0.0,0.0,0.0,0.0,0.0,0.0,0.1,0.0,0.0,16.0,25903.0
2026-07-30T19:03:39.386Z,388.869,388.884,0.0,7.4,0.0,0.0,0.0,0.0,0.0,0.0,0.0,0.0,1.0,0.0,0.0,0.0,9.0,4.0,0.0,0.0,0.0,0.0,0.0,0.0,0.0,0.0,5.0,12.0,1.0,12.17,5.0200000000000005,2.51,1.49,0.0,0.0,0.0,361.3,0.0,0.2,0.0,-0.1,-169.60000000000002,0.0,0.0,169.70000000000002,0.0,21.700000000000003,28.9,28.9,30.9,300.0,300.0,31.8,35.9,28.8,28.0,29.9,4.96,1.99,4.96,0.16,0.0,0.0,1027.0,8228.0,0.0,0.0,0.0,0.0,0.0,1.0,0.0,0.0,0.0,0.0,0.0,0.0,0.0,0.1,0.0,0.0,16.0,25903.0
2026-07-30T19:03:39.398Z,388.881,388.896,0.0,7.4,0.0,0.0,0.0,0.0,0.0,0.0,0.0,0.0,1.0,0.0,0.0,0.0,9.0,4.0,0.0,0.0,0.0,0.0,0.0,0.0,0.0,0.0,6.0,12.0,1.0,12.17,5.0200000000000005,2.51,1.49,0.0,0.0,0.0,361.3,0.0,0.2,-0.5,-0.1,-169.70000000000002,0.0,0.0,169.8,0.0,21.700000000000003,28.9,28.9,30.9,300.0,300.0,31.8,35.9,28.8,28.0,29.9,4.95,1.99,4.96,0.16,0.0,0.0,1027.0,8228.0,0.0,0.0,0.0,0.0,0.0,1.0,0.0,0.0,0.0,0.0,0.0,-0.7000000000000001,0.0,0.0,0.0,0.0,16.0,25903.0
2026-07-30T19:03:39.410Z,388.893,388.908,0.0,7.4,0.0,0.0,0.0,0.0,0.0,0.0,0.0,0.0,1.0,0.0,0.0,0.0,9.0,4.0,0.0,0.0,0.0,0.0,0.0,0.0,0.0,0.0,1.0,12.0,1.0,12.17,5.01,2.51,1.49,0.0,0.0,0.0,361.4,0.0,0.2,0.6000000000000001,0.3,-169.70000000000002,0.0,0.0,169.70000000000002,0.0,21.3,28.9,28.9,30.9,300.0,300.0,31.6,35.9,28.8,28.0,29.9,4.95,1.99,4.97,0.17,0.0,0.0,1027.0,8228.0,0.0,0.0,0.0,0.0,0.0,1.0,0.0,0.0,0.0,0.0,0.0,0.9,0.0,-0.2,0.0,0.0,16.0,25903.0
2026-07-30T19:03:39.421Z,388.904,388.92,0.0,7.4,0.0,0.0,0.0,0.0,0.0,0.0,0.0,0.0,1.0,0.0,0.0,0.0,9.0,4.0,0.0,0.0,0.0,0.0,0.0,0.0,0.0,0.0,3.0,12.0,1.0,12.17,5.01,2.51,1.49,0.0,0.0,0.0,361.3,0.0,-0.3,0.0,-0.7000000000000001,-169.70000000000002,0.0,0.0,169.70000000000002,0.0,21.3,28.9,28.9,30.9,300.0,300.0,31.6,35.9,28.8,28.0,29.9,4.95,2.0,4.97,0.16,0.0,0.0,1027.0,8228.0,0.0,0.0,0.0,0.0,0.0,1.0,0.0,0.0,0.0,0.0,0.0,-0.5,0.0,0.6000000000000001,0.0,0.0,16.0,25903.0
2026-07-30T19:03:39.433Z,388.916,388.932,0.0,7.4,0.0,0.0,0.0,0.0,0.0,0.0,0.0,0.0,1.0,0.0,0.0,0.0,9.0,4.0,0.0,0.0,0.0,0.0,0.0,0.0,0.0,0.0,4.0,12.0,1.0,12.17,5.01,2.51,1.49,0.0,0.0,0.0,361.3,0.0,-0.3,-1.1,-0.2,-169.70000000000002,0.0,0.0,169.8,0.0,21.3,28.9,28.9,30.9,300.0,300.0,31.6,35.9,28.8,28.0,29.9,4.96,2.0,4.96,0.16,0.0,0.0,1027.0,8228.0,0.0,0.0,0.0,0.0,0.0,1.0,0.0,0.0,0.0,0.0,0.0,-1.4,0.0,0.0,0.0,0.0,16.0,25903.0
2026-07-30T19:03:39.446Z,388.929,388.944,0.0,7.4,0.0,0.0,0.0,0.0,0.0,0.0,0.0,0.0,1.0,0.0,0.0,0.0,9.0,4.0,0.0,0.0,0.0,0.0,0.0,0.0,0.0,0.0,5.0,12.0,1.0,12.17,5.01,2.51,1.49,0.0,0.1,0.0,361.3,0.0,0.8,0.6000000000000001,0.9,-169.70000000000002,0.0,0.0,169.8,0.0,21.3,28.9,28.9,30.9,300.0,300.0,31.6,35.9,28.8,28.0,29.9,4.95,1.99,4.97,0.16,0.0,0.0,1027.0,8228.0,0.0,0.0,0.0,0.0,0.0,1.0,0.0,0.0,0.0,0.0,0.0,1.4,0.0,-0.7000000000000001,0.0,0.0,16.0,25903.0
2026-07-30T19:03:39.457Z,388.94,388.956,0.0,7.4,0.0,0.0,0.0,0.0,0.0,0.0,0.0,0.0,1.0,0.0,0.0,0.0,9.0,4.0,0.0,0.0,0.0,0.0,0.0,0.0,0.0,0.0,1.0,12.0,1.0,12.17,5.01,2.51,1.49,0.0,0.0,0.0,361.3,0.0,-0.3,-0.5,-0.1,-169.70000000000002,0.0,0.0,169.8,0.0,21.3,28.9,28.9,30.9,300.0,300.0,31.6,35.9,28.8,28.0,29.9,4.95,2.0,4.96,0.16,0.0,0.0,1027.0,8228.0,0.0,0.0,0.0,0.0,0.0,1.0,0.0,0.0,0.0,0.0,0.0,-0.7000000000000001,0.0,0.0,0.0,0.0,16.0,25903.0
2026-07-30T19:03:39.470Z,388.953,388.968,0.0,7.4,0.0,0.0,0.0,0.0,0.0,0.0,0.0,0.0,1.0,0.0,0.0,0.0,9.0,4.0,0.0,0.0,0.0,0.0,0.0,0.0,0.0,0.0,2.0,12.0,1.0,12.17,5.01,2.51,1.49,0.0,0.0,0.0,361.3,0.0,0.7000000000000001,0.0,0.4,-169.70000000000002,0.0,0.0,169.8,0.0,21.3,28.9,28.9,30.9,300.0,300.0,31.6,35.9,28.8,28.0,29.9,4.96,1.99,4.96,0.16,0.0,0.0,1027.0,8228.0,0.0,0.0,0.0,0.0,0.0,1.0,0.0,0.0,0.0,0.0,0.0,0.3,0.0,-0.3,0.0,0.0,16.0,25903.0
2026-07-30T19:03:39.482Z,388.965,388.98,0.0,7.4,0.0,0.0,0.0,0.0,0.0,0.0,0.0,0.0,1.0,0.0,0.0,0.0,9.0,4.0,0.0,0.0,0.0,0.0,0.0,0.0,0.0,0.0,4.0,12.0,1.0,12.17,5.01,2.51,1.49,0.0,0.0,0.0,361.4,0.0,0.2,0.0,-0.7000000000000001,-169.70000000000002,0.0,0.0,169.8,0.0,21.3,28.9,28.9,30.9,300.0,300.0,31.6,35.9,28.8,28.0,29.9,4.95,1.99,4.96,0.16,0.0,0.0,1027.0,8228.0,0.0,0.0,0.0,0.0,0.0,1.0,0.0,0.0,0.0,0.0,0.0,-0.5,0.0,0.6000000000000001,0.0,0.0,16.0,25903.0
2026-07-30T19:03:39.494Z,388.977,388.992,0.0,7.4,0.0,0.0,0.0,0.0,0.0,0.0,0.0,0.0,1.0,0.0,0.0,0.0,9.0,4.0,0.0,0.0,0.0,0.0,0.0,0.0,0.0,0.0,5.0,12.0,1.0,12.17,5.01,2.51,1.49,0.0,0.0,0.0,361.3,0.0,-0.9,-0.5,-0.1,-169.70000000000002,0.0,0.0,169.8,0.0,21.3,28.9,28.9,30.9,300.0,300.0,31.6,35.9,28.8,28.0,29.9,4.95,1.99,4.97,0.16,0.0,0.0,1027.0,8228.0,0.0,0.0,0.0,0.0,0.0,1.0,0.0,0.0,0.0,0.0,0.0,-0.7000000000000001,0.0,0.0,0.0,0.0,16.0,25903.0
2026-07-30T19:03:39.505Z,388.988,389.004,0.0,7.4,0.0,0.0,0.0,0.0,0.0,0.0,0.0,0.0,1.0,0.0,0.0,0.0,9.0,4.0,0.0,0.0,0.0,0.0,0.0,0.0,0.0,0.0,6.0,12.0,1.0,12.17,5.01,2.51,1.49,0.0,0.0,0.0,361.3,0.0,0.1,1.1,0.9,-169.70000000000002,0.0,0.0,169.8,0.0,21.3,28.9,28.9,30.9,300.0,300.0,31.6,35.9,28.8,28.0,29.9,4.95,2.0,4.96,0.16,0.0,0.0,1027.0,8228.0,0.0,0.0,0.0,0.0,0.0,1.0,0.0,0.0,0.0,0.0,0.0,2.0,0.0,-0.6000000000000001,0.0,0.0,16.0,25903.0
2026-07-30T19:03:39.517Z,389.0,389.016,0.0,7.4,0.0,0.0,0.0,0.0,0.0,0.0,0.0,0.0,1.0,0.0,0.0,0.0,9.0,4.0,0.0,0.0,0.0,0.0,0.0,0.0,0.0,0.0,1.0,12.0,1.0,12.18,5.01,2.51,1.49,0.0,0.0,0.0,361.3,0.0,0.1,0.0,-0.1,-169.70000000000002,0.0,0.0,169.8,0.0,21.8,28.9,28.9,30.9,300.0,300.0,31.700000000000003,35.9,28.8,28.0,29.9,4.96,1.99,4.96,0.16,0.0,0.0,1027.0,8228.0,0.0,0.0,0.0,0.0,0.0,1.0,0.0,0.0,0.0,0.0,0.0,-0.1,0.0,0.1,0.0,0.0,16.0,25903.0
2026-07-30T19:03:39.530Z,389.013,389.028,0.0,7.4,0.0,0.0,0.0,0.0,0.0,0.0,0.0,0.0,1.0,0.0,0.0,0.0,9.0,4.0,0.0,0.0,0.0,0.0,0.0,0.0,0.0,0.0,2.0,12.0,1.0,12.18,5.01,2.51,1.49,0.0,0.0,0.0,361.3,0.0,-0.9,0.0,0.3,-169.70000000000002,0.0,0.0,169.70000000000002,0.0,21.8,28.9,28.9,30.9,300.0,300.0,31.700000000000003,35.9,28.8,28.0,29.9,4.95,1.99,4.97,0.16,0.0,0.0,1027.0,8228.0,0.0,0.0,0.0,0.0,0.0,1.0,0.0,0.0,0.0,0.0,0.0,0.2,0.0,-0.3,0.0,0.0,16.0,25903.0
2026-07-30T19:03:39.542Z,389.025,389.04,0.0,7.4,0.0,0.0,0.0,0.0,0.0,0.0,0.0,0.0,1.0,0.0,0.0,0.0,9.0,4.0,0.0,0.0,0.0,0.0,0.0,0.0,0.0,0.0,3.0,12.0,1.0,12.18,5.01,2.51,1.49,0.0,0.0,0.0,361.3,0.0,-0.4,0.5,-0.7000000000000001,-169.70000000000002,0.0,0.0,169.70000000000002,0.0,21.8,28.9,28.9,30.9,300.0,300.0,31.700000000000003,35.9,28.8,28.0,29.9,4.96,1.99,4.96,0.16,0.0,0.0,1027.0,8228.0,0.0,0.0,0.0,0.0,0.0,1.0,0.0,0.0,0.0,0.0,0.0,0.0,0.0,0.8,0.0,0.0,16.0,25903.0
2026-07-30T19:03:39.553Z,389.036,389.052,0.0,7.4,0.0,0.0,0.0,0.0,0.0,0.0,0.0,0.0,1.0,0.0,0.0,0.0,9.0,4.0,0.0,0.0,0.0,0.0,0.0,0.0,0.0,0.0,5.0,12.0,1.0,12.18,5.01,2.51,1.49,0.0,0.0,0.0,361.3,0.0,0.1,1.1,-0.7000000000000001,-169.70000000000002,0.0,0.0,169.60000000000002,0.0,21.8,28.9,28.9,30.9,300.0,300.0,31.700000000000003,35.9,28.8,28.0,29.9,4.96,2.0,4.96,0.16,0.0,0.0,1027.0,8228.0,0.0,0.0,0.0,0.0,0.0,1.0,0.0,0.0,0.0,0.0,0.0,-1.7000000000000002,0.0,1.0,0.0,0.0,16.0,25903.0
2026-07-30T19:03:39.565Z,389.048,389.064,0.0,7.4,0.0,0.0,0.0,0.0,0.0,0.0,0.0,0.0,1.0,0.0,0.0,0.0,9.0,4.0,0.0,0.0,0.0,0.0,0.0,0.0,0.0,0.0,6.0,12.0,1.0,12.18,5.01,2.51,1.49,0.0,0.0,0.0,361.3,0.0,0.1,0.5,0.3,-169.70000000000002,0.0,0.0,169.60000000000002,0.0,21.8,28.9,28.9,30.9,300.0,300.0,31.700000000000003,35.9,28.8,28.0,29.9,4.95,1.99,4.96,0.16,0.0,0.0,1027.0,8228.0,0.0,0.0,0.0,0.0,0.0,1.0,0.0,0.0,0.0,0.0,0.0,2.2,0.0,0.0,0.0,0.0,16.0,25903.0
2026-07-30T19:03:39.577Z,389.06,389.076,0.0,7.4,0.0,0.0,0.0,0.0,0.0,0.0,0.0,0.0,1.0,0.0,0.0,0.0,9.0,4.0,0.0,0.0,0.0,0.0,0.0,0.0,0.0,0.0,2.0,12.0,1.0,12.18,5.01,2.51,1.49,0.0,0.0,0.0,361.3,0.0,-0.3,-0.5,0.3,-169.70000000000002,0.0,0.0,169.60000000000002,0.0,21.8,28.9,28.9,30.9,300.0,300.0,31.700000000000003,35.9,28.8,28.0,29.9,4.95,1.99,4.97,0.16,0.0,0.0,1027.0,8228.0,0.0,0.0,0.0,0.0,0.0,1.0,0.0,0.0,0.0,0.0,0.0,0.0,0.0,0.1,0.0,0.0,16.0,25903.0
2026-07-30T19:03:39.589Z,389.072,389.088,0.0,7.4,0.0,0.0,0.0,0.0,0.0,0.0,0.0,0.0,1.0,0.0,0.0,0.0,9.0,4.0,0.0,0.0,0.0,0.0,0.0,0.0,0.0,0.0,3.0,12.0,1.0,12.18,5.01,2.51,1.49,0.0,0.0,0.0,361.3,0.0,-0.3,0.0,0.4,-169.70000000000002,0.0,0.0,169.8,0.0,21.8,28.9,28.9,30.9,300.0,300.0,31.700000000000003,35.9,28.8,28.0,29.9,4.96,1.99,4.96,0.16,0.0,0.0,1027.0,8228.0,0.0,0.0,0.0,0.0,0.0,1.0,0.0,0.0,0.0,0.0,0.0,-0.6000000000000001,0.0,0.0,0.0,0.0,16.0,25903.0
2026-07-30T19:03:39.601Z,389.084,389.1,0.0,7.4,0.0,0.0,0.0,0.0,0.0,0.0,0.0,0.0,1.0,0.0,0.0,0.0,9.0,4.0,0.0,0.0,0.0,0.0,0.0,0.0,0.0,0.0,5.0,12.0,1.0,12.18,5.01,2.51,1.49,0.0,0.0,0.0,361.3,0.0,-0.3,-0.5,-0.1,-169.70000000000002,0.0,0.0,169.70000000000002,0.0,21.8,28.9,28.9,30.9,300.0,300.0,31.700000000000003,35.9,28.8,28.0,29.9,4.96,1.99,4.97,0.16,0.0,0.0,1027.0,8228.0,0.0,0.0,0.0,0.0,0.0,1.0,0.0,0.0,0.0,0.0,0.0,-0.7000000000000001,0.0,0.0,0.0,0.0,16.0,25903.0
2026-07-30T19:03:39.613Z,389.096,389.112,0.0,7.4,0.0,0.0,0.0,0.0,0.0,0.0,0.0,0.0,1.0,0.0,0.0,0.0,9.0,4.0,0.0,0.0,0.0,0.0,0.0,0.0,0.0,0.0,6.0,12.0,1.0,12.14,5.0200000000000005,2.5,1.5,0.0,0.0,0.0,361.3,0.0,0.1,0.6000000000000001,-0.7000000000000001,-169.70000000000002,0.0,0.0,169.60000000000002,0.0,21.3,28.9,28.9,30.9,300.0,300.0,31.6,35.800000000000004,28.8,28.0,29.9,4.96,1.99,4.97,0.16,0.0,0.0,1027.0,8228.0,0.0,0.0,0.0,0.0,0.0,1.0,0.0,0.0,0.0,0.0,0.0,0.1,0.0,0.7000000000000001,0.0,0.0,16.0,25903.0
2026-07-30T19:03:39.625Z,389.108,389.124,0.0,7.4,0.0,0.0,0.0,0.0,0.0,0.0,0.0,0.0,1.0,0.0,0.0,0.0,9.0,4.0,0.0,0.0,0.0,0.0,0.0,0.0,0.0,0.0,1.0,12.0,1.0,12.14,5.0200000000000005,2.5,1.5,0.0,0.0,0.0,361.3,0.0,-0.4,-0.5,0.9,-169.70000000000002,0.0,0.0,169.8,0.0,21.3,28.9,28.9,30.9,300.0,300.0,31.6,35.800000000000004,28.8,28.0,29.9,4.96,1.99,4.96,0.16,0.0,0.0,1027.0,8228.0,0.0,0.0,0.0,0.0,0.0,1.0,0.0,0.0,0.0,0.0,0.0,0.0,0.0,-0.9,0.0,0.0,16.0,25903.0
2026-07-30T19:03:39.637Z,389.12,389.136,0.0,7.4,0.0,0.0,0.0,0.0,0.0,0.0,0.0,0.0,1.0,0.0,0.0,0.0,9.0,4.0,0.0,0.0,0.0,0.0,0.0,0.0,0.0,0.0,3.0,12.0,1.0,12.14,5.0200000000000005,2.5,1.5,0.0,0.0,0.0,361.4,0.0,-0.9,-0.5,0.4,-169.70000000000002,0.0,0.0,169.8,0.0,21.3,28.9,28.9,30.9,300.0,300.0,31.6,35.800000000000004,28.8,28.0,29.9,4.95,1.99,4.97,0.16,0.0,0.0,1027.0,8228.0,0.0,0.0,0.0,0.0,0.0,1.0,0.0,0.0,0.0,0.0,0.0,-0.3,0.0,-0.4,0.0,0.0,16.0,25903.0
2026-07-30T19:03:39.649Z,389.132,389.148,0.0,7.4,0.0,0.0,0.0,0.0,0.0,0.0,0.0,0.0,1.0,0.0,0.0,0.0,9.0,4.0,0.0,0.0,0.0,0.0,0.0,0.0,0.0,0.0,4.0,12.0,1.0,12.14,5.0200000000000005,2.5,1.5,0.0,0.0,0.0,361.3,0.0,0.1,1.1,1.0,-169.70000000000002,0.0,0.0,169.70000000000002,0.0,21.3,28.9,28.9,30.9,300.0,300.0,31.6,35.800000000000004,28.8,28.0,29.9,4.95,1.99,4.97,0.16,0.0,0.0,1027.0,8228.0,0.0,0.0,0.0,0.0,0.0,1.0,0.0,0.0,0.0,0.0,0.0,2.0,0.0,-0.6000000000000001,0.0,0.0,16.0,25903.0
2026-07-30T19:03:39.661Z,389.144,389.16,0.0,7.4,0.0,0.0,0.0,0.0,0.0,0.0,0.0,0.0,1.0,0.0,0.0,0.0,9.0,4.0,0.0,0.0,0.0,0.0,0.0,0.0,0.0,0.0,6.0,12.0,1.0,12.14,5.0200000000000005,2.5,1.5,0.0,0.0,0.0,361.4,0.0,-0.3,1.1,1.0,-169.70000000000002,0.0,0.0,169.70000000000002,0.0,21.3,28.9,28.9,30.9,300.0,300.0,31.6,35.800000000000004,28.8,28.0,29.9,4.95,2.0,4.97,0.16,0.0,0.0,1027.0,8228.0,0.0,0.0,0.0,0.0,0.0,1.0,0.0,0.0,0.0,0.0,0.0,2.1,0.0,-0.7000000000000001,0.0,0.0,16.0,25903.0
2026-07-30T19:03:39.673Z,389.156,389.172,0.0,7.4,0.0,0.0,0.0,0.0,0.0,0.0,0.0,0.0,1.0,0.0,0.0,0.0,9.0,4.0,0.0,0.0,0.0,0.0,0.0,0.0,0.0,0.0,1.0,12.0,1.0,12.14,5.0200000000000005,2.5,1.5,0.0,0.0,0.0,361.4,0.0,0.2,-0.6000000000000001,-0.1,-169.70000000000002,0.0,0.0,169.60000000000002,0.0,21.3,28.9,28.9,30.9,300.0,300.0,31.6,35.800000000000004,28.8,28.0,29.9,4.96,2.0,4.96,0.16,0.0,0.0,1027.0,8228.0,0.0,0.0,0.0,0.0,0.0,1.0,0.0,0.0,0.0,0.0,0.0,-0.7000000000000001,0.0,0.0,0.0,0.0,16.0,25903.0
2026-07-30T19:03:39.685Z,389.168,389.184,0.0,7.4,0.0,0.0,0.0,0.0,0.0,0.0,0.0,0.0,1.0,0.0,0.0,0.0,9.0,4.0,0.0,0.0,0.0,0.0,0.0,0.0,0.0,0.0,3.0,12.0,1.0,12.14,5.0200000000000005,2.5,1.5,0.0,0.0,0.0,361.3,0.0,0.2,-1.1,-0.1,-169.70000000000002,0.0,0.0,169.8,0.0,21.3,28.9,28.9,30.9,300.0,300.0,31.6,35.800000000000004,28.8,28.0,29.9,4.95,1.99,4.97,0.16,0.0,0.0,1027.0,8228.0,0.0,0.0,0.0,0.0,0.0,1.0,0.0,0.0,0.0,0.0,0.0,-1.4,0.0,-0.1,0.0,0.0,16.0,25903.0
2026-07-30T19:03:39.697Z,389.18,389.196,0.0,7.4,0.0,0.0,0.0,0.0,0.0,0.0,0.0,0.0,1.0,0.0,0.0,0.0,9.0,4.0,0.0,0.0,0.0,0.0,0.0,0.0,0.0,0.0,4.0,12.0,1.0,12.14,5.0200000000000005,2.5,1.5,0.0,0.0,0.0,361.3,0.0,-0.3,0.0,-0.1,-169.70000000000002,0.0,0.0,169.8,0.0,21.3,28.9,28.9,30.9,300.0,300.0,31.6,35.800000000000004,28.8,28.0,29.9,4.95,2.0,4.96,0.16,0.0,0.0,1027.0,8228.0,0.0,0.0,0.0,0.0,0.0,1.0,0.0,0.0,0.0,0.0,0.0,-0.1,0.0,0.1,0.0,0.0,16.0,25903.0
2026-07-30T19:03:39.709Z,389.192,389.208,0.0,7.4,0.0,0.0,0.0,0.0,0.0,0.0,0.0,0.0,1.0,0.0,0.0,0.0,9.0,4.0,0.0,0.0,0.0,0.0,0.0,0.0,0.0,0.0,6.0,12.0,1.0,12.14,5.0200000000000005,2.5,1.5,0.0,0.0,0.0,361.4,0.0,-0.3,-0.5,-0.1,-169.70000000000002,0.0,0.0,169.8,0.0,21.3,28.9,28.9,30.9,300.0,300.0,31.6,35.800000000000004,28.8,28.0,29.9,4.96,2.0,4.96,0.16,0.0,0.0,1027.0,8228.0,0.0,0.0,0.0,0.0,0.0,1.0,0.0,0.0,0.0,0.0,0.0,-0.7000000000000001,0.0,0.0,0.0,0.0,16.0,25903.0
2026-07-30T19:03:39.721Z,389.204,389.22,0.0,7.4,0.0,0.0,0.0,0.0,0.0,0.0,0.0,0.0,1.0,0.0,0.0,0.0,9.0,4.0,0.0,0.0,0.0,0.0,0.0,0.0,0.0,0.0,1.0,12.0,1.0,12.14,5.01,2.5,1.49,0.0,0.0,0.0,361.3,0.0,-0.3,0.0,0.0,-169.70000000000002,0.0,0.0,169.70000000000002,0.0,21.8,28.9,28.9,30.9,300.0,300.0,31.6,35.800000000000004,28.8,28.0,29.9,4.95,2.0,4.96,0.16,0.0,0.0,1027.0,8228.0,0.0,0.0,0.0,0.0,0.0,1.0,0.0,0.0,0.0,0.0,0.0,0.0,0.0,0.0,0.0,0.0,16.0,25903.0
2026-07-30T19:03:39.733Z,389.216,389.232,0.0,7.4,0.0,0.0,0.0,0.0,0.0,0.0,0.0,0.0,1.0,0.0,0.0,0.0,9.0,4.0,0.0,0.0,0.0,0.0,0.0,0.0,0.0,0.0,2.0,12.0,1.0,12.14,5.01,2.5,1.49,0.0,0.0,0.0,361.3,0.0,0.8,-0.5,-1.2000000000000002,-169.70000000000002,0.0,0.0,169.8,0.0,21.8,28.9,28.9,30.9,300.0,300.0,31.6,35.800000000000004,28.8,28.0,29.9,4.95,1.99,4.97,0.16,0.0,0.0,1027.0,8228.0,0.0,0.0,0.0,0.0,0.0,1.0,0.0,0.0,0.0,0.0,0.0,-1.6,0.0,0.9,0.0,0.0,16.0,25903.0
2026-07-30T19:03:39.745Z,389.228,389.244,0.0,7.4,0.0,0.0,0.0,0.0,0.0,0.0,0.0,0.0,1.0,0.0,0.0,0.0,9.0,4.0,0.0,0.0,0.0,0.0,0.0,0.0,0.0,0.0,4.0,12.0,1.0,12.14,5.01,2.5,1.49,0.0,0.0,0.0,361.4,0.0,-0.3,0.5,-1.1,-169.70000000000002,0.0,0.0,169.70000000000002,0.0,21.8,28.9,28.9,30.9,300.0,300.0,31.6,35.800000000000004,28.8,28.0,29.9,4.95,1.99,4.96,0.16,0.0,0.0,1027.0,8228.0,0.0,0.0,0.0,0.0,0.0,1.0,0.0,0.0,0.0,0.0,0.0,-0.2,0.0,1.1,0.0,0.0,16.0,25903.0
2026-07-30T19:03:39.757Z,389.24,389.256,0.0,7.4,0.0,0.0,0.0,0.0,0.0,0.0,0.0,0.0,1.0,0.0,0.0,0.0,9.0,4.0,0.0,0.0,0.0,0.0,0.0,0.0,0.0,0.0,5.0,12.0,1.0,12.14,5.01,2.5,1.49,0.0,0.0,0.0,361.4,0.0,-0.3,0.5,0.0,-169.70000000000002,0.0,0.0,169.70000000000002,0.0,21.8,28.9,28.9,30.9,300.0,300.0,31.6,35.800000000000004,28.8,28.0,29.9,4.96,1.99,4.96,0.16,0.0,0.0,1027.0,8228.0,0.0,0.0,0.0,0.0,0.0,1.0,0.0,0.0,0.0,0.0,0.0,0.5,0.0,0.1,0.0,0.0,16.0,25903.0
2026-07-30T19:03:39.769Z,389.252,389.268,0.0,7.4,0.0,0.0,0.0,0.0,0.0,0.0,0.0,0.0,1.0,0.0,0.0,0.0,9.0,4.0,0.0,0.0,0.0,0.0,0.0,0.0,0.0,0.0,6.0,12.0,1.0,12.14,5.01,2.5,1.49,0.0,0.0,0.0,361.4,0.0,0.2,-0.6000000000000001,-0.6000000000000001,-169.70000000000002,0.0,0.0,169.8,0.0,21.8,28.9,28.9,30.9,300.0,300.0,31.6,35.800000000000004,28.8,28.0,29.9,4.95,1.99,4.97,0.16,0.0,0.0,1027.0,8228.0,0.0,0.0,0.0,0.0,0.0,1.0,0.0,0.0,0.0,0.0,0.0,-1.1,0.0,0.4,0.0,0.0,16.0,25903.0
2026-07-30T19:03:39.782Z,389.265,389.28,0.0,7.4,0.0,0.0,0.0,0.0,0.0,0.0,0.0,0.0,1.0,0.0,0.0,0.0,9.0,4.0,0.0,0.0,0.0,0.0,0.0,0.0,0.0,0.0,1.0,12.0,1.0,12.14,5.01,2.5,1.49,0.0,0.0,0.0,361.4,0.0,0.2,1.1,1.1,-169.70000000000002,0.0,0.0,169.70000000000002,0.0,21.8,28.9,28.9,30.9,300.0,300.0,31.6,35.800000000000004,28.8,28.0,29.9,4.96,1.99,4.96,0.16,0.0,0.0,1027.0,8228.0,0.0,0.0,0.0,0.0,0.0,1.0,0.0,0.0,0.0,0.0,0.0,2.1,0.0,-0.7000000000000001,0.0,0.0,16.0,25903.0
2026-07-30T19:03:39.794Z,389.277,389.292,0.0,7.4,0.0,0.0,0.0,0.0,0.0,0.0,0.0,0.0,1.0,0.0,0.0,0.0,9.0,4.0,0.0,0.0,0.0,0.0,0.0,0.0,0.0,0.0,1.0,12.0,1.0,12.14,5.01,2.5,1.49,0.0,0.0,0.0,361.3,0.0,-0.3,-0.6000000000000001,0.0,-169.70000000000002,0.0,0.0,169.70000000000002,0.0,21.8,28.9,28.9,30.9,300.0,300.0,31.6,35.800000000000004,28.8,28.0,29.9,4.96,1.99,4.96,0.16,0.0,0.0,1027.0,8228.0,0.0,0.0,0.0,0.0,0.0,1.0,0.0,0.0,0.0,0.0,0.0,-0.7000000000000001,0.0,0.0,0.0,0.0,16.0,25903.0
2026-07-30T19:03:39.806Z,389.289,389.304,0.0,7.4,0.0,0.0,0.0,0.0,0.0,0.0,0.0,0.0,1.0,0.0,0.0,0.0,9.0,4.0,0.0,0.0,0.0,0.0,0.0,0.0,0.0,0.0,3.0,12.0,1.0,12.14,5.01,2.5,1.49,0.0,0.0,0.0,361.4,0.0,-0.3,0.0,0.0,-169.70000000000002,0.0,0.0,169.70000000000002,0.0,21.8,28.9,28.9,30.9,300.0,300.0,31.6,35.800000000000004,28.8,28.0,29.9,4.96,1.99,4.96,0.16,0.0,0.0,1027.0,8228.0,0.0,0.0,0.0,0.0,0.0,1.0,0.0,0.0,0.0,0.0,0.0,0.0,0.0,0.0,0.0,0.0,16.0,25903.0
2026-07-30T19:03:39.819Z,389.302,389.316,0.0,7.4,0.0,0.0,0.0,0.0,0.0,0.0,0.0,0.0,1.0,0.0,0.0,0.0,9.0,4.0,0.0,0.0,0.0,0.0,0.0,0.0,0.0,0.0,4.0,12.0,1.0,12.17,5.0200000000000005,2.51,1.49,0.0,0.1,0.0,361.4,0.0,-0.8,-0.5,0.0,-169.70000000000002,0.0,0.0,169.8,0.0,21.3,28.9,28.9,30.9,300.0,300.0,31.700000000000003,35.800000000000004,28.8,28.0,29.9,4.95,1.99,4.97,0.16,0.0,0.0,1027.0,8228.0,0.0,0.0,0.0,0.0,0.0,1.0,0.0,0.0,0.0,0.0,0.0,-0.6000000000000001,0.0,0.0,0.0,0.0,16.0,25903.0
2026-07-30T19:03:39.829Z,389.312,389.328,0.0,7.4,0.0,0.0,0.0,0.0,0.0,0.0,0.0,0.0,1.0,0.0,0.0,0.0,9.0,4.0,0.0,0.0,0.0,0.0,0.0,0.0,0.0,0.0,5.0,12.0,1.0,12.17,5.0200000000000005,2.51,1.49,0.0,0.1,0.0,361.3,0.0,-0.3,-0.5,0.5,-169.70000000000002,0.0,0.0,169.70000000000002,0.0,21.3,28.9,28.9,30.9,300.0,300.0,31.700000000000003,35.800000000000004,28.8,28.0,29.9,4.95,1.99,4.96,0.16,0.0,0.0,1027.0,8228.0,0.0,0.0,0.0,0.0,0.0,1.0,0.0,0.0,0.0,0.0,0.0,-0.2,0.0,-0.6000000000000001,0.0,0.0,16.0,25903.0
2026-07-30T19:03:39.841Z,389.324,389.34,0.0,7.4,0.0,0.0,0.0,0.0,0.0,0.0,0.0,0.0,1.0,0.0,0.0,0.0,9.0,4.0,0.0,0.0,0.0,0.0,0.0,0.0,0.0,0.0,6.0,12.0,1.0,12.17,5.0200000000000005,2.51,1.49,0.0,0.0,0.0,361.3,0.0,0.8,2.3000000000000003,2.3000000000000003,-169.70000000000002,0.0,0.0,169.70000000000002,0.0,21.3,28.9,28.9,30.9,300.0,300.0,31.700000000000003,35.800000000000004,28.8,28.0,29.9,4.95,1.99,4.97,0.16,0.0,0.0,1027.0,8228.0,0.0,0.0,0.0,0.0,0.0,1.0,0.0,0.0,0.0,0.0,0.0,4.4,0.0,-1.5,0.0,0.0,16.0,25903.0
2026-07-30T19:03:39.853Z,389.336,389.352,0.0,7.4,0.0,0.0,0.0,0.0,0.0,0.0,0.0,0.0,1.0,0.0,0.0,0.0,9.0,4.0,0.0,0.0,0.0,0.0,0.0,0.0,0.0,0.0,1.0,12.0,1.0,12.17,5.0200000000000005,2.51,1.49,0.0,0.0,0.0,361.4,0.0,-0.8,0.0,-1.2000000000000002,-169.70000000000002,0.0,0.0,169.70000000000002,0.0,21.3,28.9,28.9,30.9,300.0,300.0,31.700000000000003,35.800000000000004,28.8,28.0,29.9,4.95,1.99,4.97,0.17,0.0,0.0,1027.0,8228.0,0.0,0.0,0.0,0.0,0.0,1.0,0.0,0.0,0.0,0.0,0.0,-0.9,0.0,1.0,0.0,0.0,16.0,25903.0
2026-07-30T19:03:39.866Z,389.349,389.364,0.0,7.4,0.0,0.0,0.0,0.0,0.0,0.0,0.0,0.0,1.0,0.0,0.0,0.0,9.0,4.0,0.0,0.0,0.0,0.0,0.0,0.0,0.0,0.0,2.0,12.0,1.0,12.17,5.0200000000000005,2.51,1.49,0.0,0.0,0.0,361.3,0.0,-0.2,0.6000000000000001,0.0,-169.70000000000002,0.0,0.0,169.70000000000002,0.0,21.3,28.9,28.9,30.9,300.0,300.0,31.700000000000003,35.800000000000004,28.8,28.0,29.9,4.95,1.99,4.96,0.16,0.0,0.0,1027.0,8228.0,0.0,0.0,0.0,0.0,0.0,1.0,0.0,0.0,0.0,0.0,0.0,0.6000000000000001,0.0,0.1,0.0,0.0,16.0,25903.0
2026-07-30T19:03:39.877Z,389.36,389.376,0.0,7.4,0.0,0.0,0.0,0.0,0.0,0.0,0.0,0.0,1.0,0.0,0.0,0.0,9.0,4.0,0.0,0.0,0.0,0.0,0.0,0.0,0.0,0.0,4.0,12.0,1.0,12.17,5.0200000000000005,2.51,1.49,0.0,0.0,0.0,361.4,0.0,0.3,-0.5,-0.1,-169.70000000000002,0.0,0.0,169.70000000000002,0.0,21.3,28.9,28.9,30.9,300.0,300.0,31.700000000000003,35.800000000000004,28.8,28.0,29.9,4.95,2.0,4.96,0.16,0.0,0.0,1027.0,8228.0,0.0,0.0,0.0,0.0,0.0,1.0,0.0,0.0,0.0,0.0,0.0,-0.7000000000000001,0.0,0.0,0.0,0.0,16.0,25903.0
2026-07-30T19:03:39.889Z,389.372,389.388,0.0,7.4,0.0,0.0,0.0,0.0,0.0,0.0,0.0,0.0,1.0,0.0,0.0,0.0,9.0,4.0,0.0,0.0,0.0,0.0,0.0,0.0,0.0,0.0,5.0,12.0,1.0,12.17,5.0200000000000005,2.51,1.49,0.0,0.0,0.0,361.4,0.0,-0.2,0.0,-0.6000000000000001,-169.70000000000002,0.0,0.0,169.70000000000002,0.0,21.3,28.9,28.9,30.9,300.0,300.0,31.700000000000003,35.800000000000004,28.8,28.0,29.9,4.95,1.99,4.97,0.16,0.0,0.0,1027.0,8228.0,0.0,0.0,0.0,0.0,0.0,1.0,0.0,0.0,0.0,0.0,0.0,-0.5,0.0,0.6000000000000001,0.0,0.0,16.0,25903.0
2026-07-30T19:03:39.901Z,389.384,389.4,0.0,7.4,0.0,0.0,0.0,0.0,0.0,0.0,0.0,0.0,1.0,0.0,0.0,0.0,9.0,4.0,0.0,0.0,0.0,0.0,0.0,0.0,0.0,0.0,6.0,12.0,1.0,12.17,5.0200000000000005,2.51,1.49,0.0,0.0,0.0,361.3,0.0,-0.2,0.0,1.0,-169.70000000000002,0.0,0.0,169.70000000000002,0.0,21.3,28.9,28.9,30.9,300.0,300.0,31.700000000000003,35.800000000000004,28.8,28.0,29.9,4.96,1.99,4.97,0.16,0.0,0.0,1027.0,8228.0,0.0,0.0,0.0,0.0,0.0,1.0,0.0,0.0,0.0,0.0,0.0,0.8,0.0,-0.9,0.0,0.0,16.0,25903.0
2026-07-30T19:03:39.914Z,389.397,389.412,0.0,7.4,0.0,0.0,0.0,0.0,0.0,0.0,0.0,0.0,1.0,0.0,0.0,0.0,9.0,4.0,0.0,0.0,0.0,0.0,0.0,0.0,0.0,0.0,1.0,12.0,1.0,12.17,5.0200000000000005,2.51,1.49,0.0,0.0,0.0,361.2000000000001,0.0,-0.2,-0.5,-0.1,-169.70000000000002,0.0,0.0,169.8,0.0,21.3,28.9,28.9,30.9,300.0,300.0,31.700000000000003,35.800000000000004,28.8,28.0,29.9,4.96,1.99,4.96,0.16,0.0,0.0,1027.0,8228.0,0.0,0.0,0.0,0.0,0.0,1.0,0.0,0.0,0.0,0.0,0.0,-0.7000000000000001,0.0,0.0,0.0,0.0,16.0,25903.0
2026-07-30T19:03:39.925Z,389.408,389.424,0.0,7.4,0.0,0.0,0.0,0.0,0.0,0.0,0.0,0.0,1.0,0.0,0.0,0.0,9.0,4.0,0.0,0.0,0.0,0.0,0.0,0.0,0.0,0.0,3.0,12.0,1.0,12.11,5.01,2.51,1.5,0.0,0.0,0.0,361.3,0.0,-0.8,-1.1,-0.7000000000000001,-169.70000000000002,0.0,0.0,169.70000000000002,0.0,21.4,28.9,28.9,30.9,300.0,300.0,31.6,35.9,28.8,28.0,29.9,4.95,1.99,4.96,0.16,0.0,0.0,1027.0,8228.0,0.0,0.0,0.0,0.0,0.0,1.0,0.0,0.0,0.0,0.0,0.0,-1.8,0.0,0.3,0.0,0.0,16.0,25903.0
2026-07-30T19:03:39.937Z,389.42,389.436,0.0,7.4,0.0,0.0,0.0,0.0,0.0,0.0,0.0,0.0,1.0,0.0,0.0,0.0,9.0,4.0,0.0,0.0,0.0,0.0,0.0,0.0,0.0,0.0,4.0,12.0,1.0,12.11,5.01,2.51,1.5,0.0,0.0,0.0,361.3,0.0,0.2,0.0,-0.1,-169.70000000000002,0.0,0.0,169.70000000000002,0.0,21.4,28.9,28.9,30.9,300.0,300.0,31.6,35.9,28.8,28.0,29.9,4.95,1.99,4.96,0.16,0.0,0.0,1027.0,8228.0,0.0,0.0,0.0,0.0,0.0,1.0,0.0,0.0,0.0,0.0,0.0,-0.1,0.0,0.1,0.0,0.0,16.0,25903.0
2026-07-30T19:03:39.949Z,389.432,389.448,0.0,7.4,0.0,0.0,0.0,0.0,0.0,0.0,0.0,0.0,1.0,0.0,0.0,0.0,9.0,4.0,0.0,0.0,0.0,0.0,0.0,0.0,0.0,0.0,6.0,12.0,1.0,12.11,5.01,2.51,1.5,0.0,0.1,0.0,361.4,0.0,0.2,0.5,0.4,-169.70000000000002,0.0,0.0,169.70000000000002,0.0,21.4,28.9,28.9,30.9,300.0,300.0,31.6,35.9,28.8,28.0,29.9,4.96,2.0,4.96,0.16,0.0,0.0,1027.0,8228.0,0.0,0.0,0.0,0.0,0.0,1.0,0.0,0.0,0.0,0.0,0.0,0.9,0.0,-0.2,0.0,0.0,16.0,25903.0
2026-07-30T19:03:39.961Z,389.444,389.46,0.0,7.4,0.0,0.0,0.0,0.0,0.0,0.0,0.0,0.0,1.0,0.0,0.0,0.0,9.0,4.0,0.0,0.0,0.0,0.0,0.0,0.0,0.0,0.0,1.0,12.0,1.0,12.11,5.01,2.51,1.5,0.0,0.0,0.0,361.3,0.0,0.8,-1.1,0.4,-169.70000000000002,0.0,0.0,169.70000000000002,0.0,21.4,28.9,28.9,30.9,300.0,300.0,31.6,35.9,28.8,28.0,29.9,4.95,2.0,4.97,0.16,0.0,0.0,1027.0,8228.0,0.0,0.0,0.0,0.0,0.0,1.0,0.0,0.0,0.0,0.0,0.0,-1.0,0.0,-0.6000000000000001,0.0,0.0,16.0,25903.0
2026-07-30T19:03:39.973Z,389.456,389.472,0.0,7.4,0.0,0.0,0.0,0.0,0.0,0.0,0.0,0.0,1.0,0.0,0.0,0.0,9.0,4.0,0.0,0.0,0.0,0.0,0.0,0.0,0.0,0.0,2.0,12.0,1.0,12.11,5.01,2.51,1.5,0.0,0.0,0.0,361.3,0.0,-0.3,0.0,-0.7000000000000001,-169.70000000000002,0.0,0.0,169.70000000000002,0.0,21.4,28.9,28.9,30.9,300.0,300.0,31.6,35.9,28.8,28.0,29.9,4.95,1.99,4.97,0.16,0.0,0.0,1027.0,8228.0,0.0,0.0,0.0,0.0,0.0,1.0,0.0,0.0,0.0,0.0,0.0,-0.5,0.0,0.6000000000000001,0.0,0.0,16.0,25903.0
2026-07-30T19:03:39.985Z,389.468,389.484,0.0,7.4,0.0,0.0,0.0,0.0,0.0,0.0,0.0,0.0,1.0,0.0,0.0,0.0,9.0,4.0,0.0,0.0,0.0,0.0,0.0,0.0,0.0,0.0,3.0,12.0,1.0,12.11,5.01,2.51,1.5,0.0,0.1,0.0,361.3,0.0,-0.3,0.6000000000000001,-0.1,-169.70000000000002,0.0,0.0,169.70000000000002,0.0,21.4,28.9,28.9,30.9,300.0,300.0,31.6,35.9,28.8,28.0,29.9,4.95,1.99,4.96,0.16,0.0,0.0,1027.0,8228.0,0.0,0.0,0.0,0.0,0.0,1.0,0.0,0.0,0.0,0.0,0.0,0.6000000000000001,0.0,0.2,0.0,0.0,16.0,25903.0
2026-07-30T19:03:39.997Z,389.48,389.496,0.0,7.4,0.0,0.0,0.0,0.0,0.0,0.0,0.0,0.0,1.0,0.0,0.0,0.0,9.0,4.0,0.0,0.0,0.0,0.0,0.0,0.0,0.0,0.0,5.0,12.0,1.0,12.11,5.01,2.51,1.5,0.0,0.0,0.0,361.3,0.0,0.2,0.6000000000000001,-0.2,-169.70000000000002,0.0,0.0,169.70000000000002,0.0,21.4,28.9,28.9,30.9,300.0,300.0,31.6,35.9,28.8,28.0,29.9,4.96,1.99,4.96,0.16,0.0,0.0,1027.0,8228.0,0.0,0.0,0.0,0.0,0.0,1.0,0.0,0.0,0.0,0.0,0.0,0.5,0.0,0.3,0.0,0.0,16.0,25903.0
2026-07-30T19:03:40.009Z,389.492,389.508,0.0,7.4,0.0,0.0,0.0,0.0,0.0,0.0,0.0,0.0,1.0,0.0,0.0,0.0,9.0,4.0,0.0,0.0,0.0,0.0,0.0,0.0,0.0,0.0,6.0,12.0,1.0,12.11,5.01,2.51,1.5,0.0,0.0,0.0,361.3,0.0,0.2,0.0,0.3,-169.70000000000002,0.0,0.0,169.8,0.0,21.4,28.9,28.9,30.9,300.0,300.0,31.6,35.9,28.8,28.0,29.9,4.95,1.99,4.96,0.16,0.0,0.0,1027.0,8228.0,0.0,0.0,0.0,0.0,0.0,1.0,0.0,0.0,0.0,0.0,0.0,0.3,0.0,-0.2,0.0,0.0,16.0,25903.0
2026-07-30T19:03:40.022Z,389.505,389.52,0.0,7.4,0.0,0.0,0.0,0.0,0.0,0.0,0.0,0.0,1.0,0.0,0.0,0.0,9.0,4.0,0.0,0.0,0.0,0.0,0.0,0.0,0.0,0.0,2.0,12.0,1.0,12.18,5.01,2.5,1.49,0.0,0.0,0.0,361.3,0.0,0.8,-0.4,1.5,-169.70000000000002,0.0,0.0,169.8,0.0,21.3,28.9,28.9,30.9,300.0,300.0,31.700000000000003,35.9,28.8,28.0,29.9,4.95,1.99,4.97,0.16,0.0,0.0,1027.0,8228.0,0.0,0.0,0.0,0.0,0.0,1.0,0.0,0.0,0.0,0.0,0.0,0.6000000000000001,0.0,-1.4,0.0,0.0,16.0,25903.0
2026-07-30T19:03:40.033Z,389.516,389.532,0.0,7.4,0.0,0.0,0.0,0.0,0.0,0.0,0.0,0.0,1.0,0.0,0.0,0.0,9.0,4.0,0.0,0.0,0.0,0.0,0.0,0.0,0.0,0.0,3.0,12.0,1.0,12.18,5.01,2.5,1.49,0.0,0.0,0.0,361.3,0.0,-0.3,0.1,-0.1,-169.70000000000002,0.0,0.0,169.8,0.0,21.3,28.9,28.9,30.9,300.0,300.0,31.700000000000003,35.9,28.8,28.0,29.9,4.95,1.99,4.96,0.16,0.0,0.0,1027.0,8228.0,0.0,0.0,0.0,0.0,0.0,1.0,0.0,0.0,0.0,0.0,0.0,3.3000000000000003,0.0,-0.9,0.0,0.0,16.0,25903.0
2026-07-30T19:03:40.046Z,389.529,389.544,0.0,7.4,0.0,0.0,0.0,0.0,0.0,0.0,0.0,0.0,1.0,0.0,0.0,0.0,9.0,4.0,0.0,0.0,0.0,0.0,0.0,0.0,0.0,0.0,5.0,12.0,1.0,12.18,5.01,2.5,1.49,0.0,0.0,0.0,361.4,0.0,0.2,0.1,-0.8,-169.70000000000002,0.0,0.0,169.70000000000002,0.0,21.3,28.9,28.9,30.9,300.0,300.0,31.700000000000003,35.9,28.8,28.0,29.9,4.96,1.99,4.96,0.16,0.0,0.0,1027.0,8228.0,0.0,0.0,0.0,0.0,0.0,1.0,0.0,0.0,0.0,0.0,0.0,-0.4,0.0,0.7000000000000001,0.0,0.0,16.0,25903.0
2026-07-30T19:03:40.057Z,389.54,389.556,0.0,7.4,0.0,0.0,0.0,0.0,0.0,0.0,0.0,0.0,1.0,0.0,0.0,0.0,9.0,4.0,0.0,0.0,0.0,0.0,0.0,0.0,0.0,0.0,1.0,12.0,1.0,12.18,5.01,2.5,1.49,0.0,0.0,0.0,361.4,0.0,0.9,0.1,0.3,-169.70000000000002,0.0,0.0,169.70000000000002,0.0,21.3,28.9,28.9,30.9,300.0,300.0,31.700000000000003,35.9,28.8,28.0,29.9,4.95,1.99,4.97,0.16,0.0,0.0,1027.0,8228.0,0.0,0.0,0.0,0.0,0.0,1.0,0.0,0.0,0.0,0.0,0.0,0.4,0.0,-0.4,0.0,0.0,16.0,25903.0
2026-07-30T19:03:40.069Z,389.552,389.568,0.0,7.4,0.0,0.0,0.0,0.0,0.0,0.0,0.0,0.0,1.0,0.0,0.0,0.0,9.0,4.0,0.0,0.0,0.0,0.0,0.0,0.0,0.0,0.0,2.0,12.0,1.0,12.18,5.01,2.5,1.49,0.0,0.1,0.0,361.4,0.0,-0.2,-1.0,0.9,-169.70000000000002,0.0,0.0,169.8,0.0,21.3,28.9,28.9,30.9,300.0,300.0,31.700000000000003,35.9,28.8,28.0,29.9,4.96,1.99,4.96,0.16,0.0,0.0,1027.0,8228.0,0.0,0.0,0.0,0.0,0.0,1.0,0.0,0.0,0.0,0.0,0.0,-0.2,0.0,-0.3,0.0,0.0,16.0,25903.0
2026-07-30T19:03:40.081Z,389.564,389.58,0.0,7.4,0.0,0.0,0.0,0.0,0.0,0.0,0.0,0.0,1.0,0.0,0.0,0.0,9.0,4.0,0.0,0.0,0.0,0.0,0.0,0.0,0.0,0.0,4.0,12.0,1.0,12.18,5.01,2.5,1.49,0.0,0.0,0.0,361.3,0.0,-0.2,-1.0,-0.2,-169.70000000000002,0.0,0.0,169.8,0.0,21.3,28.9,28.9,30.9,300.0,300.0,31.700000000000003,35.9,28.8,28.0,29.9,4.96,1.99,4.97,0.16,0.0,0.0,1027.0,8228.0,0.0,0.0,0.0,0.0,0.0,1.0,0.0,0.0,0.0,0.0,0.0,1.7000000000000002,0.0,0.0,0.0,0.0,16.0,25903.0
2026-07-30T19:03:40.093Z,389.576,389.592,0.0,7.4,0.0,0.0,0.0,0.0,0.0,0.0,0.0,0.0,1.0,0.0,0.0,0.0,9.0,4.0,0.0,0.0,0.0,0.0,0.0,0.0,0.0,0.0,5.0,12.0,1.0,12.18,5.01,2.5,1.49,0.0,0.0,0.0,361.3,0.0,0.9,0.6000000000000001,-0.8,-169.70000000000002,0.0,0.0,169.70000000000002,0.0,21.3,28.9,28.9,30.9,300.0,300.0,31.700000000000003,35.9,28.8,28.0,29.9,4.95,1.99,4.97,0.16,0.0,0.0,1027.0,8228.0,0.0,0.0,0.0,0.0,0.0,1.0,0.0,0.0,0.0,0.0,0.0,1.4,0.0,-0.6000000000000001,0.0,0.0,16.0,25903.0
2026-07-30T19:03:40.105Z,389.588,389.604,0.0,7.4,0.0,0.0,0.0,0.0,0.0,0.0,0.0,0.0,1.0,0.0,0.0,0.0,9.0,4.0,0.0,0.0,0.0,0.0,0.0,0.0,0.0,0.0,1.0,12.0,1.0,12.18,5.01,2.5,1.49,0.0,0.0,0.0,361.3,0.0,-0.8,-0.4,-0.7000000000000001,-169.70000000000002,0.0,0.0,169.70000000000002,0.0,21.3,28.9,28.9,30.9,300.0,300.0,31.700000000000003,35.9,28.8,28.0,29.9,4.96,1.99,4.97,0.16,0.0,0.0,1027.0,8228.0,0.0,0.0,0.0,0.0,0.0,1.0,0.0,0.0,0.0,0.0,0.0,-1.1,0.0,0.6000000000000001,0.0,0.0,16.0,25903.0
2026-07-30T19:03:40.117Z,389.6,389.616,0.0,7.4,0.0,0.0,0.0,0.0,0.0,0.0,0.0,0.0,1.0,0.0,0.0,0.0,9.0,4.0,0.0,0.0,0.0,0.0,0.0,0.0,0.0,0.0,2.0,12.0,1.0,12.18,5.01,2.5,1.49,0.0,0.0,0.0,361.3,0.0,-0.2,-1.6,-0.2,-169.70000000000002,0.0,0.0,169.60000000000002,0.0,21.3,28.9,28.9,30.9,300.0,300.0,31.700000000000003,35.9,28.8,28.0,29.9,4.95,2.0,4.96,0.16,0.0,0.0,1027.0,8228.0,0.0,0.0,0.0,0.0,0.0,1.0,0.0,0.0,0.0,0.0,0.0,-1.9,0.0,-0.1,0.0,0.0,16.0,25903.0
2026-07-30T19:03:40.129Z,389.612,389.628,0.0,7.4,0.0,0.0,0.0,0.0,0.0,0.0,0.0,0.0,1.0,0.0,0.0,0.0,9.0,4.0,0.0,0.0,0.0,0.0,0.0,0.0,0.0,0.0,4.0,12.0,1.0,12.2,5.01,2.51,1.49,0.0,0.0,0.0,361.3,0.0,-0.2,0.1,0.4,-169.70000000000002,0.0,0.0,169.70000000000002,0.0,21.3,28.9,28.9,30.9,300.0,300.0,31.700000000000003,35.9,28.8,28.0,29.9,4.95,1.99,4.97,0.16,0.0,0.0,1027.0,8228.0,0.0,0.0,0.0,0.0,0.0,1.0,0.0,0.0,0.0,0.0,0.0,0.4,0.0,-0.3,0.0,0.0,16.0,25903.0
2026-07-30T19:03:40.141Z,389.624,389.64,0.0,7.4,0.0,0.0,0.0,0.0,0.0,0.0,0.0,0.0,1.0,0.0,0.0,0.0,9.0,4.0,0.0,0.0,0.0,0.0,0.0,0.0,0.0,0.0,5.0,12.0,1.0,12.2,5.01,2.51,1.49,0.0,0.1,0.0,361.4,0.0,0.2,0.7000000000000001,-0.1,-169.70000000000002,0.0,0.0,169.60000000000002,0.0,21.3,28.9,28.9,30.9,300.0,300.0,31.700000000000003,35.9,28.8,28.0,29.9,4.96,1.99,4.97,0.16,0.0,0.0,1027.0,8228.0,0.0,0.0,0.0,0.0,0.0,1.0,0.0,0.0,0.0,0.0,0.0,0.6000000000000001,0.0,0.3,0.0,0.0,16.0,25903.0
2026-07-30T19:03:40.153Z,389.636,389.652,0.0,7.4,0.0,0.0,0.0,0.0,0.0,0.0,0.0,0.0,1.0,0.0,0.0,0.0,9.0,4.0,0.0,0.0,0.0,0.0,0.0,0.0,0.0,0.0,6.0,12.0,1.0,12.2,5.01,2.51,1.49,0.0,0.0,0.0,361.3,0.0,0.8,-0.4,0.3,-169.70000000000002,0.0,0.0,169.70000000000002,0.0,21.3,28.9,28.9,30.9,300.0,300.0,31.700000000000003,35.9,28.8,28.0,29.9,4.96,1.99,4.96,0.16,0.0,0.0,1027.0,8228.0,0.0,0.0,0.0,0.0,0.0,1.0,0.0,0.0,0.0,0.0,0.0,-0.2,0.0,-0.4,0.0,0.0,16.0,25903.0
2026-07-30T19:03:40.165Z,389.648,389.664,0.0,7.4,0.0,0.0,0.0,0.0,0.0,0.0,0.0,0.0,1.0,0.0,0.0,0.0,9.0,4.0,0.0,0.0,0.0,0.0,0.0,0.0,0.0,0.0,2.0,12.0,1.0,12.2,5.01,2.51,1.49,0.0,0.0,0.0,361.3,0.0,0.2,-1.0,-0.8,-169.70000000000002,0.0,0.0,169.70000000000002,0.0,21.3,28.9,28.9,30.9,300.0,300.0,31.700000000000003,35.9,28.8,28.0,29.9,4.95,1.99,4.96,0.16,0.0,0.0,1027.0,8228.0,0.0,0.0,0.0,0.0,0.0,1.0,0.0,0.0,0.0,0.0,0.0,-1.8,0.0,0.5,0.0,0.0,16.0,25903.0
2026-07-30T19:03:40.178Z,389.661,389.676,0.0,7.4,0.0,0.0,0.0,0.0,0.0,0.0,0.0,0.0,1.0,0.0,0.0,0.0,9.0,4.0,0.0,0.0,0.0,0.0,0.0,0.0,0.0,0.0,3.0,12.0,1.0,12.2,5.01,2.51,1.49,0.0,0.0,0.0,361.3,0.0,0.2,1.1,0.2,-169.70000000000002,0.0,0.0,169.70000000000002,0.0,21.3,28.9,28.9,30.9,300.0,300.0,31.700000000000003,35.9,28.8,28.0,29.9,4.95,1.99,4.96,0.16,0.0,0.0,1027.0,8228.0,0.0,0.0,0.0,0.0,0.0,1.0,0.0,0.0,0.0,0.0,0.0,1.5,0.0,0.0,0.0,0.0,16.0,25903.0
2026-07-30T19:03:40.189Z,389.672,389.688,0.0,7.4,0.0,0.0,0.0,0.0,0.0,0.0,0.0,0.0,1.0,0.0,0.0,0.0,9.0,4.0,0.0,0.0,0.0,0.0,0.0,0.0,0.0,0.0,5.0,12.0,1.0,12.2,5.01,2.51,1.49,0.0,0.0,0.0,361.3,0.0,-0.3,1.1,0.9,-169.70000000000002,0.0,0.0,169.8,0.0,21.3,28.9,28.9,30.9,300.0,300.0,31.700000000000003,35.9,28.8,28.0,29.9,4.95,1.99,4.96,0.16,0.0,0.0,1027.0,8228.0,0.0,0.0,0.0,0.0,0.0,1.0,0.0,0.0,0.0,0.0,0.0,2.0,0.0,-0.5,0.0,0.0,16.0,25903.0
2026-07-30T19:03:40.201Z,389.684,389.7,0.0,7.4,0.0,0.0,0.0,0.0,0.0,0.0,0.0,0.0,1.0,0.0,0.0,0.0,9.0,4.0,0.0,0.0,0.0,0.0,0.0,0.0,0.0,0.0,6.0,12.0,1.0,12.2,5.01,2.51,1.49,0.0,0.0,0.0,361.4,0.0,-0.3,-1.1,0.9,-169.70000000000002,0.0,0.0,169.8,0.0,21.3,28.9,28.9,30.9,300.0,300.0,31.700000000000003,35.9,28.8,28.0,29.9,4.95,1.99,4.96,0.16,0.0,0.0,1027.0,8228.0,0.0,0.0,0.0,0.0,0.0,1.0,0.0,0.0,0.0,0.0,0.0,-0.6000000000000001,0.0,-1.0,0.0,0.0,16.0,25903.0
2026-07-30T19:03:40.213Z,389.696,389.712,0.0,7.4,0.0,0.0,0.0,0.0,0.0,0.0,0.0,0.0,1.0,0.0,0.0,0.0,9.0,4.0,0.0,0.0,0.0,0.0,0.0,0.0,0.0,0.0,1.0,12.0,1.0,12.2,5.01,2.51,1.49,0.0,0.0,0.0,361.3,0.0,0.2,-0.5,-0.2,-169.70000000000002,0.0,0.0,169.70000000000002,0.0,21.3,28.9,28.9,30.9,300.0,300.0,31.700000000000003,35.9,28.8,28.0,29.9,4.95,1.99,4.97,0.16,0.0,0.0,1027.0,8228.0,0.0,0.0,0.0,0.0,0.0,1.0,0.0,0.0,0.0,0.0,0.0,-0.8,0.0,0.1,0.0,0.0,16.0,25903.0
2026-07-30T19:03:40.227Z,389.71,389.724,0.0,7.4,0.0,0.0,0.0,0.0,0.0,0.0,0.0,0.0,1.0,0.0,0.0,0.0,9.0,4.0,0.0,0.0,0.0,0.0,0.0,0.0,0.0,0.0,2.0,12.0,1.0,12.17,5.01,2.51,1.49,0.0,0.0,0.0,361.3,0.0,0.2,0.5,-1.3,-169.70000000000002,0.0,0.0,169.70000000000002,0.0,21.4,28.9,28.9,30.9,300.0,300.0,31.6,35.9,28.8,28.0,29.9,4.95,1.99,4.96,0.16,0.0,0.0,1027.0,8228.0,0.0,0.0,0.0,0.0,0.0,1.0,0.0,0.0,0.0,0.0,0.0,-0.3,0.0,1.3,0.0,0.0,16.0,25903.0
2026-07-30T19:03:40.237Z,389.72,389.736,0.0,7.4,0.0,0.0,0.0,0.0,0.0,0.0,0.0,0.0,1.0,0.0,0.0,0.0,9.0,4.0,0.0,0.0,0.0,0.0,0.0,0.0,0.0,0.0,4.0,12.0,1.0,12.17,5.01,2.51,1.49,0.0,0.0,0.0,361.3,0.0,0.8,0.6000000000000001,1.5,-169.70000000000002,0.0,0.0,169.8,0.0,21.4,28.9,28.9,30.9,300.0,300.0,31.6,35.9,28.8,28.0,29.9,4.96,1.99,4.96,0.16,0.0,0.0,1027.0,8228.0,0.0,0.0,0.0,0.0,0.0,1.0,0.0,0.0,0.0,0.0,0.0,1.9,0.0,-1.2000000000000002,0.0,0.0,16.0,25903.0
2026-07-30T19:03:40.249Z,389.732,389.748,0.0,7.4,0.0,0.0,0.0,0.0,0.0,0.0,0.0,0.0,1.0,0.0,0.0,0.0,9.0,4.0,0.0,0.0,0.0,0.0,0.0,0.0,0.0,0.0,5.0,12.0,1.0,12.17,5.01,2.51,1.49,0.0,0.0,0.0,361.3,0.0,0.2,0.0,0.4,-169.70000000000002,0.0,0.0,169.60000000000002,0.0,21.4,28.9,28.9,30.9,300.0,300.0,31.6,35.9,28.8,28.0,29.9,4.95,1.99,4.96,0.16,0.0,0.0,1027.0,8228.0,0.0,0.0,0.0,0.0,0.0,1.0,0.0,0.0,0.0,0.0,0.0,0.4,0.0,-0.3,0.0,0.0,16.0,25903.0
2026-07-30T19:03:40.261Z,389.744,389.76,0.0,7.4,0.0,0.0,0.0,0.0,0.0,0.0,0.0,0.0,1.0,0.0,0.0,0.0,9.0,4.0,0.0,0.0,0.0,0.0,0.0,0.0,0.0,0.0,6.0,12.0,1.0,12.17,5.01,2.51,1.49,0.0,0.0,0.0,361.4,0.0,-0.8,0.6000000000000001,-0.7000000000000001,-169.70000000000002,0.0,0.0,169.70000000000002,0.0,21.4,28.9,28.9,30.9,300.0,300.0,31.6,35.9,28.8,28.0,29.9,4.95,1.99,4.97,0.16,0.0,0.0,1027.0,8228.0,0.0,0.0,0.0,0.0,0.0,1.0,0.0,0.0,0.0,0.0,0.0,0.1,0.0,0.7000000000000001,0.0,0.0,16.0,25903.0
2026-07-30T19:03:40.273Z,389.756,389.772,0.0,7.4,0.0,0.0,0.0,0.0,0.0,0.0,0.0,0.0,1.0,0.0,0.0,0.0,9.0,4.0,0.0,0.0,0.0,0.0,0.0,0.0,0.0,0.0,1.0,12.0,1.0,12.17,5.01,2.51,1.49,0.0,0.0,0.0,361.4,0.0,-0.2,1.8,0.4,-169.70000000000002,0.0,0.0,169.70000000000002,0.0,21.4,28.9,28.9,30.9,300.0,300.0,31.6,35.9,28.8,28.0,29.9,4.95,2.0,4.97,0.16,0.0,0.0,1027.0,8228.0,0.0,0.0,0.0,0.0,0.0,1.0,0.0,0.0,0.0,0.0,0.0,2.4000000000000004,0.0,0.0,0.0,0.0,16.0,25903.0
2026-07-30T19:03:40.286Z,389.769,389.784,0.0,7.4,0.0,0.0,0.0,0.0,0.0,0.0,0.0,0.0,1.0,0.0,0.0,0.0,9.0,4.0,0.0,0.0,0.0,0.0,0.0,0.0,0.0,0.0,2.0,12.0,1.0,12.17,5.01,2.51,1.49,0.0,0.0,0.0,361.4,0.0,0.8,0.6000000000000001,-0.1,-169.70000000000002,0.0,0.0,169.8,0.0,21.4,28.9,28.9,30.9,300.0,300.0,31.6,35.9,28.8,28.0,29.9,4.95,1.99,4.97,0.16,0.0,0.0,1027.0,8228.0,0.0,0.0,0.0,0.0,0.0,1.0,0.0,0.0,0.0,0.0,0.0,0.6000000000000001,0.0,0.2,0.0,0.0,16.0,25903.0
2026-07-30T19:03:40.298Z,389.781,389.796,0.0,7.4,0.0,0.0,0.0,0.0,0.0,0.0,0.0,0.0,1.0,0.0,0.0,0.0,9.0,4.0,0.0,0.0,0.0,0.0,0.0,0.0,0.0,0.0,3.0,12.0,1.0,12.17,5.01,2.51,1.49,0.0,0.0,0.0,361.3,0.0,-0.2,-0.4,-0.7000000000000001,-169.70000000000002,0.0,0.0,169.70000000000002,0.0,21.4,28.9,28.9,30.9,300.0,300.0,31.6,35.9,28.8,28.0,29.9,4.95,1.99,4.97,0.16,0.0,0.0,1027.0,8228.0,0.0,0.0,0.0,0.0,0.0,1.0,0.0,0.0,0.0,0.0,0.0,-1.0,0.0,0.5,0.0,0.0,16.0,25903.0
2026-07-30T19:03:40.310Z,389.793,389.808,0.0,7.4,0.0,0.0,0.0,0.0,0.0,0.0,0.0,0.0,1.0,0.0,0.0,0.0,9.0,4.0,0.0,0.0,0.0,0.0,0.0,0.0,0.0,0.0,4.0,12.0,1.0,12.17,5.01,2.51,1.49,0.0,0.0,0.0,361.3,0.0,-0.3,-1.0,0.4,-169.70000000000002,0.0,0.0,169.70000000000002,0.0,21.4,28.9,28.9,30.9,300.0,300.0,31.6,35.9,28.8,28.0,29.9,4.96,1.99,4.96,0.16,0.0,0.0,1027.0,8228.0,0.0,0.0,0.0,0.0,0.0,1.0,0.0,0.0,0.0,0.0,0.0,-0.9,0.0,-0.5,0.0,0.0,16.0,25903.0
2026-07-30T19:03:40.321Z,389.804,389.82,0.0,7.4,0.0,0.0,0.0,0.0,0.0,0.0,0.0,0.0,1.0,0.0,0.0,0.0,9.0,4.0,0.0,0.0,0.0,0.0,0.0,0.0,0.0,0.0,6.0,12.0,1.0,12.17,5.01,2.51,1.49,0.0,0.0,0.0,361.4,0.0,0.2,0.6000000000000001,2.1,-169.70000000000002,0.0,0.0,169.70000000000002,0.0,21.4,28.9,28.9,30.9,300.0,300.0,31.6,35.9,28.8,28.0,29.9,4.96,1.99,4.97,0.16,0.0,0.0,1027.0,8228.0,0.0,0.0,0.0,0.0,0.0,1.0,0.0,0.0,0.0,0.0,0.0,2.4000000000000004,0.0,-1.7000000000000002,0.0,0.0,16.0,25903.0
2026-07-30T19:03:40.333Z,389.816,389.832,0.0,7.4,0.0,0.0,0.0,0.0,0.0,0.0,0.0,0.0,1.0,0.0,0.0,0.0,9.0,4.0,0.0,0.0,0.0,0.0,0.0,0.0,0.0,0.0,1.0,12.0,1.0,12.17,5.01,2.5,1.49,0.0,0.0,0.0,361.4,0.0,-0.9,-0.5,0.4,-169.70000000000002,0.0,0.0,169.8,0.0,21.4,28.9,28.9,30.9,300.0,300.0,31.700000000000003,35.9,28.8,28.0,29.9,4.95,1.99,4.97,0.16,0.0,0.0,1027.0,8228.0,0.0,0.0,0.0,0.0,0.0,1.0,0.0,0.0,0.0,0.0,0.0,-0.2,0.0,-0.4,0.0,0.0,16.0,25903.0
2026-07-30T19:03:40.346Z,389.829,389.844,0.0,7.4,0.0,0.0,0.0,0.0,0.0,0.0,0.0,0.0,1.0,0.0,0.0,0.0,9.0,4.0,0.0,0.0,0.0,0.0,0.0,0.0,0.0,0.0,2.0,12.0,1.0,12.17,5.01,2.5,1.49,0.0,0.0,0.0,361.4,0.0,-0.2,0.6000000000000001,1.0,-169.70000000000002,0.0,0.0,169.8,0.0,21.4,28.9,28.9,30.9,300.0,300.0,31.700000000000003,35.9,28.8,28.0,29.9,4.95,1.99,4.96,0.16,0.0,0.0,1027.0,8228.0,0.0,0.0,0.0,0.0,0.0,1.0,0.0,0.0,0.0,0.0,0.0,1.5,0.0,-0.7000000000000001,0.0,0.0,16.0,25903.0
2026-07-30T19:03:40.358Z,389.841,389.856,0.0,7.4,0.0,0.0,0.0,0.0,0.0,0.0,0.0,0.0,1.0,0.0,0.0,0.0,9.0,4.0,0.0,0.0,0.0,0.0,0.0,0.0,0.0,0.0,4.0,12.0,1.0,12.17,5.01,2.5,1.49,0.0,0.1,0.0,361.3,0.0,-0.3,-0.5,0.4,-169.70000000000002,0.0,0.0,169.70000000000002,0.0,21.4,28.9,28.9,30.9,300.0,300.0,31.700000000000003,35.9,28.8,28.0,29.9,4.95,2.0,4.97,0.16,0.0,0.0,1027.0,8228.0,0.0,0.0,0.0,0.0,0.0,1.0,0.0,0.0,0.0,0.0,0.0,-0.2,0.0,-0.4,0.0,0.0,16.0,25903.0
2026-07-30T19:03:40.369Z,389.852,389.868,0.0,7.4,0.0,0.0,0.0,0.0,0.0,0.0,0.0,0.0,1.0,0.0,0.0,0.0,9.0,4.0,0.0,0.0,0.0,0.0,0.0,0.0,0.0,0.0,5.0,12.0,1.0,12.17,5.01,2.5,1.49,0.0,0.0,0.0,361.3,0.0,-0.2,1.2000000000000002,0.4,-169.70000000000002,0.0,0.0,169.70000000000002,0.0,21.4,28.9,28.9,30.9,300.0,300.0,31.700000000000003,35.9,28.8,28.0,29.9,4.95,1.99,4.97,0.16,0.0,0.0,1027.0,8228.0,0.0,0.0,0.0,0.0,0.0,1.0,0.0,0.0,0.0,0.0,0.0,1.7000000000000002,0.0,-0.1,0.0,0.0,16.0,25903.0
2026-07-30T19:03:40.382Z,389.865,389.88,0.0,7.4,0.0,0.0,0.0,0.0,0.0,0.0,0.0,0.0,1.0,0.0,0.0,0.0,9.0,4.0,0.0,0.0,0.0,0.0,0.0,0.0,0.0,0.0,6.0,12.0,1.0,12.17,5.01,2.5,1.49,0.0,0.0,0.0,361.3,0.0,-0.2,0.6000000000000001,-0.1,-169.70000000000002,0.0,0.0,169.70000000000002,0.0,21.4,28.9,28.9,30.9,300.0,300.0,31.700000000000003,35.9,28.8,28.0,29.9,4.95,2.0,4.97,0.16,0.0,0.0,1027.0,8228.0,0.0,0.0,0.0,0.0,0.0,1.0,0.0,0.0,0.0,0.0,0.0,0.6000000000000001,0.0,0.2,0.0,0.0,16.0,25903.0
2026-07-30T19:03:40.393Z,389.876,389.892,0.0,7.4,0.0,0.0,0.0,0.0,0.0,0.0,0.0,0.0,1.0,0.0,0.0,0.0,9.0,4.0,0.0,0.0,0.0,0.0,0.0,0.0,0.0,0.0,1.0,12.0,1.0,12.17,5.01,2.5,1.49,0.0,0.0,0.0,361.2000000000001,0.0,-0.2,0.6000000000000001,1.0,-169.70000000000002,0.0,0.0,169.70000000000002,0.0,21.4,28.9,28.9,30.9,300.0,300.0,31.700000000000003,35.9,28.8,28.0,29.9,4.96,2.0,4.96,0.16,0.0,0.0,1027.0,8228.0,0.0,0.0,0.0,0.0,0.0,1.0,0.0,0.0,0.0,0.0,0.0,1.5,0.0,-0.7000000000000001,0.0,0.0,16.0,25903.0
2026-07-30T19:03:40.405Z,389.888,389.904,0.0,7.4,0.0,0.0,0.0,0.0,0.0,0.0,0.0,0.0,1.0,0.0,0.0,0.0,9.0,4.0,0.0,0.0,0.0,0.0,0.0,0.0,0.0,0.0,2.0,12.0,1.0,12.17,5.01,2.5,1.49,0.0,0.0,0.0,361.4,0.0,-0.2,0.1,-1.3,-169.70000000000002,0.0,0.0,169.70000000000002,0.0,21.4,28.9,28.9,30.9,300.0,300.0,31.700000000000003,35.9,28.8,28.0,29.9,4.95,1.99,4.97,0.16,0.0,0.0,1027.0,8228.0,0.0,0.0,0.0,0.0,0.0,1.0,0.0,0.0,0.0,0.0,0.0,-0.8,0.0,1.1,0.0,0.0,16.0,25903.0
2026-07-30T19:03:40.417Z,389.9,389.916,0.0,7.4,0.0,0.0,0.0,0.0,0.0,0.0,0.0,0.0,1.0,0.0,0.0,0.0,9.0,4.0,0.0,0.0,0.0,0.0,0.0,0.0,0.0,0.0,3.0,12.0,1.0,12.17,5.01,2.5,1.49,0.0,0.0,0.0,361.3,0.0,-0.2,0.1,0.0,-169.70000000000002,0.0,0.0,169.70000000000002,0.0,21.4,28.9,28.9,30.9,300.0,300.0,31.700000000000003,35.9,28.8,28.0,29.9,4.95,1.99,4.97,0.16,0.0,0.0,1027.0,8228.0,0.0,0.0,0.0,0.0,0.0,1.0,0.0,0.0,0.0,0.0,0.0,0.0,0.0,0.1,0.0,0.0,16.0,25903.0
2026-07-30T19:03:40.431Z,389.914,389.928,0.0,7.4,0.0,0.0,0.0,0.0,0.0,0.0,0.0,0.0,1.0,0.0,0.0,0.0,9.0,4.0,0.0,0.0,0.0,0.0,0.0,0.0,0.0,0.0,4.0,12.0,1.0,12.17,5.0200000000000005,2.5,1.49,0.0,0.0,0.0,361.3,0.0,0.3,0.6000000000000001,1.0,-169.70000000000002,0.0,0.0,169.8,0.0,21.8,28.9,28.9,30.9,300.0,300.0,31.6,35.9,28.8,28.0,29.9,4.96,2.0,4.97,0.16,0.0,0.0,1027.0,8228.0,0.0,0.0,0.0,0.0,0.0,1.0,0.0,0.0,0.0,0.0,0.0,1.5,0.0,-0.7000000000000001,0.0,0.0,16.0,25903.0
2026-07-30T19:03:40.441Z,389.924,389.94,0.0,7.4,0.0,0.0,0.0,0.0,0.0,0.0,0.0,0.0,1.0,0.0,0.0,0.0,9.0,4.0,0.0,0.0,0.0,0.0,0.0,0.0,0.0,0.0,5.0,12.0,1.0,12.17,5.0200000000000005,2.5,1.49,0.0,0.0,0.0,361.3,0.0,-0.2,-1.1,0.4,-169.70000000000002,0.0,0.0,169.8,0.0,21.8,28.9,28.9,30.9,300.0,300.0,31.6,35.9,28.8,28.0,29.9,4.95,2.0,4.97,0.16,0.0,0.0,1027.0,8228.0,0.0,0.0,0.0,0.0,0.0,1.0,0.0,0.0,0.0,0.0,0.0,-0.9,0.0,-0.5,0.0,0.0,16.0,25903.0
2026-07-30T19:03:40.454Z,389.937,389.952,0.0,7.4,0.0,0.0,0.0,0.0,0.0,0.0,0.0,0.0,1.0,0.0,0.0,0.0,9.0,4.0,0.0,0.0,0.0,0.0,0.0,0.0,0.0,0.0,6.0,12.0,1.0,12.17,5.0200000000000005,2.5,1.49,0.0,0.0,0.0,361.3,0.0,0.3,-0.5,0.3,-169.70000000000002,0.0,0.0,169.70000000000002,0.0,21.8,28.9,28.9,30.9,300.0,300.0,31.6,35.9,28.8,28.0,29.9,4.95,1.99,4.97,0.16,0.0,0.0,1027.0,8228.0,0.0,0.0,0.0,0.0,0.0,1.0,0.0,0.0,0.0,0.0,0.0,-0.3,0.0,-0.4,0.0,0.0,16.0,25903.0
2026-07-30T19:03:40.465Z,389.948,389.964,0.0,7.4,0.0,0.0,0.0,0.0,0.0,0.0,0.0,0.0,1.0,0.0,0.0,0.0,9.0,4.0,0.0,0.0,0.0,0.0,0.0,0.0,0.0,0.0,2.0,12.0,1.0,12.17,5.0200000000000005,2.5,1.49,0.0,0.0,0.0,361.2000000000001,0.0,-0.2,0.0,0.3,-169.70000000000002,0.0,0.0,169.8,0.0,21.8,28.9,28.9,30.9,300.0,300.0,31.6,35.9,28.8,28.0,29.9,4.95,1.99,4.96,0.16,0.0,0.0,1027.0,8228.0,0.0,0.0,0.0,0.0,0.0,1.0,0.0,0.0,0.0,0.0,0.0,0.3,0.0,-0.3,0.0,0.0,16.0,25903.0
2026-07-30T19:03:40.477Z,389.96,389.976,0.0,7.4,0.0,0.0,0.0,0.0,0.0,0.0,0.0,0.0,1.0,0.0,0.0,0.0,9.0,4.0,0.0,0.0,0.0,0.0,0.0,0.0,0.0,0.0,4.0,12.0,1.0,12.17,5.0200000000000005,2.5,1.49,0.0,0.0,0.0,361.3,0.0,-0.8,-0.5,-0.7000000000000001,-169.70000000000002,0.0,0.0,169.60000000000002,0.0,21.8,28.9,28.9,30.9,300.0,300.0,31.6,35.9,28.8,28.0,29.9,4.96,1.99,4.96,0.16,0.0,0.0,1027.0,8228.0,0.0,0.0,0.0,0.0,0.0,1.0,0.0,0.0,0.0,0.0,0.0,-1.1,0.0,0.5,0.0,0.0,16.0,25903.0
2026-07-30T19:03:40.489Z,389.972,389.988,0.0,7.4,0.0,0.0,0.0,0.0,0.0,0.0,0.0,0.0,1.0,0.0,0.0,0.0,9.0,4.0,0.0,0.0,0.0,0.0,0.0,0.0,0.0,0.0,5.0,12.0,1.0,12.17,5.0200000000000005,2.5,1.49,0.0,0.0,0.0,361.3,0.0,0.3,0.1,0.9,-169.70000000000002,0.0,0.0,169.70000000000002,0.0,21.8,28.9,28.9,30.9,300.0,300.0,31.6,35.9,28.8,28.0,29.9,4.95,1.99,4.97,0.16,0.0,0.0,1027.0,8228.0,0.0,0.0,0.0,0.0,0.0,1.0,0.0,0.0,0.0,0.0,0.0,0.8,0.0,-0.8,0.0,0.0,16.0,25903.0
2026-07-30T19:03:40.502Z,389.985,390.0,0.0,7.4,0.0,0.0,0.0,0.0,0.0,0.0,0.0,0.0,1.0,0.0,0.0,0.0,9.0,4.0,0.0,0.0,0.0,0.0,0.0,0.0,0.0,0.0,6.0,12.0,1.0,12.17,5.0200000000000005,2.5,1.49,0.0,0.0,0.0,361.3,0.0,0.3,-0.4,0.9,-169.70000000000002,0.0,0.0,169.8,0.0,21.8,28.9,28.9,30.9,300.0,300.0,31.6,35.9,28.8,28.0,29.9,4.95,1.99,4.96,0.16,0.0,0.0,1027.0,8228.0,0.0,0.0,0.0,0.0,0.0,1.0,0.0,0.0,0.0,0.0,0.0,0.1,0.0,-0.9,0.0,0.0,16.0,25903.0
2026-07-30T19:03:40.514Z,389.997,390.012,0.0,7.4,0.0,0.0,0.0,0.0,0.0,0.0,0.0,0.0,1.0,0.0,0.0,0.0,9.0,4.0,0.0,0.0,0.0,0.0,0.0,0.0,0.0,0.0,1.0,12.0,1.0,12.17,5.0200000000000005,2.5,1.49,0.0,0.0,0.0,361.3,0.0,0.3,0.6000000000000001,-1.4,-169.70000000000002,0.0,0.0,169.60000000000002,0.0,21.8,28.9,28.9,30.9,300.0,300.0,31.6,35.9,28.8,28.0,29.9,4.95,2.0,4.96,0.16,0.0,0.0,1027.0,8228.0,0.0,0.0,0.0,0.0,0.0,1.0,0.0,0.0,0.0,0.0,0.0,-0.2,0.0,1.3,0.0,0.0,16.0,25903.0
2026-07-30T19:03:40.525Z,390.008,390.024,0.0,7.4,0.0,0.0,0.0,0.0,0.0,0.0,0.0,0.0,1.0,0.0,0.0,0.0,9.0,4.0,0.0,0.0,0.0,0.0,0.0,0.0,0.0,0.0,3.0,12.0,1.0,12.17,5.0200000000000005,2.5,1.49,0.0,0.1,0.0,361.3,0.0,0.3,0.1,-0.8,-169.70000000000002,0.0,0.0,169.70000000000002,0.0,21.8,28.9,28.9,30.9,300.0,300.0,31.6,35.9,28.8,28.0,29.9,4.95,1.99,4.96,0.16,0.0,0.0,1027.0,8228.0,0.0,0.0,0.0,0.0,0.0,1.0,0.0,0.0,0.0,0.0,0.0,-0.4,0.0,0.7000000000000001,0.0,0.0,16.0,25903.0
2026-07-30T19:03:40.537Z,390.02,390.036,0.0,7.4,0.0,0.0,0.0,0.0,0.0,0.0,0.0,0.0,1.0,0.0,0.0,0.0,9.0,4.0,0.0,0.0,0.0,0.0,0.0,0.0,0.0,0.0,4.0,12.0,1.0,12.17,5.0200000000000005,2.51,1.49,0.0,0.0,0.0,361.3,0.0,-0.8,-0.4,-0.2,-169.70000000000002,0.0,0.0,169.70000000000002,0.0,21.200000000000003,28.9,28.9,30.9,300.0,300.0,31.6,35.9,28.9,28.0,29.9,4.95,1.99,4.97,0.16,0.0,0.0,1027.0,8228.0,0.0,0.0,0.0,0.0,0.0,1.0,0.0,0.0,0.0,0.0,0.0,-0.1,0.0,1.3,0.0,0.0,16.0,25903.0
2026-07-30T19:03:40.549Z,390.032,390.048,0.0,7.4,0.0,0.0,0.0,0.0,0.0,0.0,0.0,0.0,1.0,0.0,0.0,0.0,9.0,4.0,0.0,0.0,0.0,0.0,0.0,0.0,0.0,0.0,6.0,12.0,1.0,12.17,5.0200000000000005,2.51,1.49,0.0,0.0,0.0,361.3,0.0,0.3,-1.0,-0.2,-169.70000000000002,0.0,0.0,169.60000000000002,0.0,21.200000000000003,28.9,28.9,30.9,300.0,300.0,31.6,35.9,28.9,28.0,29.9,4.96,1.99,4.96,0.16,0.0,0.0,1027.0,8228.0,0.0,0.0,0.0,0.0,0.0,1.0,0.0,0.0,0.0,0.0,0.0,-1.3,0.0,0.0,0.0,0.0,16.0,25903.0
2026-07-30T19:03:40.561Z,390.044,390.06,0.0,7.4,0.0,0.0,0.0,0.0,0.0,0.0,0.0,0.0,1.0,0.0,0.0,0.0,9.0,4.0,0.0,0.0,0.0,0.0,0.0,0.0,0.0,0.0,1.0,12.0,1.0,12.17,5.0200000000000005,2.51,1.49,0.0,0.0,0.0,361.4,0.0,-0.2,0.7000000000000001,0.4,-169.70000000000002,0.0,0.0,169.70000000000002,0.0,21.200000000000003,28.9,28.9,30.9,300.0,300.0,31.6,35.9,28.9,28.0,29.9,4.96,1.99,4.97,0.16,0.0,0.0,1027.0,8228.0,0.0,0.0,0.0,0.0,0.0,1.0,0.0,0.0,0.0,0.0,0.0,1.1,0.0,-0.2,0.0,0.0,16.0,25903.0
2026-07-30T19:03:40.573Z,390.056,390.072,0.0,7.4,0.0,0.0,0.0,0.0,0.0,0.0,0.0,0.0,1.0,0.0,0.0,0.0,9.0,4.0,0.0,0.0,0.0,0.0,0.0,0.0,0.0,0.0,3.0,12.0,1.0,12.17,5.0200000000000005,2.51,1.49,0.0,0.0,0.0,361.3,0.0,-0.2,-0.4,0.3,-169.70000000000002,0.0,0.0,169.70000000000002,0.0,21.200000000000003,28.9,28.9,30.9,300.0,300.0,31.6,35.9,28.9,28.0,29.9,4.95,1.99,4.97,0.16,0.0,0.0,1027.0,8228.0,0.0,0.0,0.0,0.0,0.0,1.0,0.0,0.0,0.0,0.0,0.0,-0.2,0.0,-0.4,0.0,0.0,16.0,25903.0
2026-07-30T19:03:40.585Z,390.068,390.084,0.0,7.4,0.0,0.0,0.0,0.0,0.0,0.0,0.0,0.0,1.0,0.0,0.0,0.0,9.0,4.0,0.0,0.0,0.0,0.0,0.0,0.0,0.0,0.0,4.0,12.0,1.0,12.17,5.0200000000000005,2.51,1.49,0.0,0.0,0.0,361.4,0.0,0.9,-0.4,0.9,-169.70000000000002,0.0,0.0,169.60000000000002,0.0,21.200000000000003,28.9,28.9,30.9,300.0,300.0,31.6,35.9,28.9,28.0,29.9,4.96,1.99,4.96,0.16,0.0,0.0,1027.0,8228.0,0.0,0.0,0.0,0.0,0.0,1.0,0.0,0.0,0.0,0.0,0.0,0.4,0.0,-0.3,0.0,0.0,16.0,25903.0
2026-07-30T19:03:40.597Z,390.08,390.096,0.0,7.4,0.0,0.0,0.0,0.0,0.0,0.0,0.0,0.0,1.0,0.0,0.0,0.0,9.0,4.0,0.0,0.0,0.0,0.0,0.0,0.0,0.0,0.0,6.0,12.0,1.0,12.17,5.0200000000000005,2.51,1.49,0.0,0.0,0.0,361.3,0.0,0.3,-1.0,-0.7000000000000001,-169.60000000000002,0.0,0.0,169.70000000000002,0.0,21.200000000000003,28.9,28.9,30.9,300.0,300.0,31.6,35.9,28.9,28.0,29.9,4.95,2.0,4.97,0.16,0.0,0.0,1027.0,8228.0,0.0,0.0,0.0,0.0,0.0,1.0,0.0,0.0,0.0,0.0,0.0,0.0,0.0,0.1,0.0,0.0,16.0,25903.0
2026-07-30T19:03:40.609Z,390.092,390.108,0.0,7.4,0.0,0.0,0.0,0.0,0.0,0.0,0.0,0.0,1.0,0.0,0.0,0.0,9.0,4.0,0.0,0.0,0.0,0.0,0.0,0.0,0.0,0.0,1.0,12.0,1.0,12.17,5.0200000000000005,2.51,1.49,0.0,0.0,0.0,361.3,0.0,-0.8,0.7000000000000001,-0.1,-169.60000000000002,0.0,0.0,169.60000000000002,0.0,21.200000000000003,28.9,28.9,30.9,300.0,300.0,31.6,35.9,28.9,28.0,29.9,4.95,1.99,4.97,0.16,0.0,0.0,1027.0,8228.0,0.0,0.0,0.0,0.0,0.0,1.0,0.0,0.0,0.0,0.0,0.0,0.0,0.0,0.1,0.0,0.0,16.0,25903.0
2026-07-30T19:03:40.621Z,390.104,390.12,0.0,7.4,0.0,0.0,0.0,0.0,0.0,0.0,0.0,0.0,1.0,0.0,0.0,0.0,9.0,4.0,0.0,0.0,0.0,0.0,0.0,0.0,0.0,0.0,3.0,12.0,1.0,12.17,5.0200000000000005,2.51,1.49,0.0,0.0,0.0,361.3,0.0,0.9,1.3,-0.1,-169.60000000000002,0.0,0.0,169.70000000000002,0.0,21.200000000000003,28.9,28.9,30.9,300.0,300.0,31.6,35.9,28.9,28.0,29.9,4.95,1.99,4.97,0.16,0.0,0.0,1027.0,8228.0,0.0,0.0,0.0,0.0,0.0,1.0,0.0,0.0,0.0,0.0,0.0,1.3,0.0,0.4,0.0,0.0,16.0,25903.0
2026-07-30T19:03:40.634Z,390.117,390.132,0.0,7.4,0.0,0.0,0.0,0.0,0.0,0.0,0.0,0.0,1.0,0.0,0.0,0.0,9.0,4.0,0.0,0.0,0.0,0.0,0.0,0.0,0.0,0.0,4.0,12.0,1.0,12.18,5.01,2.51,1.49,0.0,0.0,0.0,361.3,0.0,-0.2,-0.4,0.4,-169.60000000000002,0.0,0.0,169.70000000000002,0.0,21.4,28.9,28.9,30.9,300.0,300.0,31.6,35.9,28.9,28.0,29.9,4.96,1.99,4.96,0.16,0.0,0.0,1027.0,8228.0,0.0,0.0,0.0,0.0,0.0,1.0,0.0,0.0,0.0,0.0,0.0,-0.1,0.0,-0.4,0.0,0.0,16.0,25903.0
2026-07-30T19:03:40.645Z,390.128,390.144,0.0,7.4,0.0,0.0,0.0,0.0,0.0,0.0,0.0,0.0,1.0,0.0,0.0,0.0,9.0,4.0,0.0,0.0,0.0,0.0,0.0,0.0,0.0,0.0,6.0,12.0,1.0,12.18,5.01,2.51,1.49,0.0,0.0,0.0,361.4,0.0,0.8,0.1,0.4,-169.70000000000002,0.0,0.0,169.70000000000002,0.0,21.4,28.9,28.9,30.9,300.0,300.0,31.6,35.9,28.9,28.0,29.9,4.95,1.99,4.97,0.16,0.0,0.0,1027.0,8228.0,0.0,0.0,0.0,0.0,0.0,1.0,0.0,0.0,0.0,0.0,0.0,0.4,0.0,-0.3,0.0,0.0,16.0,25903.0
2026-07-30T19:03:40.657Z,390.14,390.156,0.0,7.4,0.0,0.0,0.0,0.0,0.0,0.0,0.0,0.0,1.0,0.0,0.0,0.0,9.0,4.0,0.0,0.0,0.0,0.0,0.0,0.0,0.0,0.0,1.0,12.0,1.0,12.18,5.01,2.51,1.49,0.0,0.0,0.0,361.4,0.0,0.2,0.1,-0.7000000000000001,-169.60000000000002,0.0,0.0,169.70000000000002,0.0,21.4,28.9,28.9,30.9,300.0,300.0,31.6,35.9,28.9,28.0,29.9,4.95,1.99,4.96,0.16,0.0,0.0,1027.0,8228.0,0.0,0.0,0.0,0.0,0.0,1.0,0.0,0.0,0.0,0.0,0.0,-0.4,0.0,0.6000000000000001,0.0,0.0,16.0,25903.0
2026-07-30T19:03:40.670Z,390.153,390.168,0.0,7.4,0.0,0.0,0.0,0.0,0.0,0.0,0.0,0.0,1.0,0.0,0.0,0.0,9.0,4.0,0.0,0.0,0.0,0.0,0.0,0.0,0.0,0.0,3.0,12.0,1.0,12.18,5.01,2.51,1.49,0.0,0.0,0.0,361.4,0.0,0.2,0.7000000000000001,0.4,-169.70000000000002,0.0,0.0,169.8,0.0,21.4,28.9,28.9,30.9,300.0,300.0,31.6,35.9,28.9,28.0,29.9,4.96,2.0,4.96,0.16,0.0,0.0,1027.0,8228.0,0.0,0.0,0.0,0.0,0.0,1.0,0.0,0.0,0.0,0.0,0.0,1.1,0.0,-0.2,0.0,0.0,16.0,25903.0
2026-07-30T19:03:40.681Z,390.164,390.18,0.0,7.4,0.0,0.0,0.0,0.0,0.0,0.0,0.0,0.0,1.0,0.0,0.0,0.0,9.0,4.0,0.0,0.0,0.0,0.0,0.0,0.0,0.0,0.0,5.0,12.0,1.0,12.18,5.01,2.51,1.49,0.0,0.0,0.0,361.3,0.0,-0.2,0.7000000000000001,-0.1,-169.70000000000002,0.0,0.0,169.8,0.0,21.4,28.9,28.9,30.9,300.0,300.0,31.6,35.9,28.9,28.0,29.9,4.95,2.0,4.96,0.16,0.0,0.0,1027.0,8228.0,0.0,0.0,0.0,0.0,0.0,1.0,0.0,0.0,0.0,0.0,0.0,0.7000000000000001,0.0,0.2,0.0,0.0,16.0,25903.0
2026-07-30T19:03:40.693Z,390.176,390.192,0.0,7.4,0.0,0.0,0.0,0.0,0.0,0.0,0.0,0.0,1.0,0.0,0.0,0.0,9.0,4.0,0.0,0.0,0.0,0.0,0.0,0.0,0.0,0.0,6.0,12.0,1.0,12.18,5.01,2.51,1.49,0.0,0.0,0.0,361.3,0.0,-0.2,-1.0,0.0,-169.70000000000002,0.0,0.0,169.70000000000002,0.0,21.4,28.9,28.9,30.9,300.0,300.0,31.6,35.9,28.9,28.0,29.9,4.95,1.99,4.97,0.16,0.0,0.0,1027.0,8228.0,0.0,0.0,0.0,0.0,0.0,1.0,0.0,0.0,0.0,0.0,0.0,-1.1,0.0,-0.1,0.0,0.0,16.0,25903.0
2026-07-30T19:03:40.705Z,390.188,390.204,0.0,7.4,0.0,0.0,0.0,0.0,0.0,0.0,0.0,0.0,1.0,0.0,0.0,0.0,9.0,4.0,0.0,0.0,0.0,0.0,0.0,0.0,0.0,0.0,2.0,12.0,1.0,12.18,5.01,2.51,1.49,0.0,0.0,0.0,361.4,0.0,0.2,0.1,0.0,-169.70000000000002,0.0,0.0,169.70000000000002,0.0,21.4,28.9,28.9,30.9,300.0,300.0,31.6,35.9,28.9,28.0,29.9,4.95,1.99,4.96,0.16,0.0,0.0,1027.0,8228.0,0.0,0.0,0.0,0.0,0.0,1.0,0.0,0.0,0.0,0.0,0.0,0.1,0.0,0.1,0.0,0.0,16.0,25903.0
2026-07-30T19:03:40.718Z,390.201,390.216,0.0,7.4,0.0,0.0,0.0,0.0,0.0,0.0,0.0,0.0,1.0,0.0,0.0,0.0,9.0,4.0,0.0,0.0,0.0,0.0,0.0,0.0,0.0,0.0,3.0,12.0,1.0,12.18,5.01,2.51,1.49,0.0,0.1,0.0,361.3,0.0,0.8,0.7000000000000001,-1.2000000000000002,-169.70000000000002,0.0,0.0,169.70000000000002,0.0,21.4,28.9,28.9,30.9,300.0,300.0,31.6,35.9,28.9,28.0,29.9,4.96,1.99,4.96,0.16,0.0,0.0,1027.0,8228.0,0.0,0.0,0.0,0.0,0.0,1.0,0.0,0.0,0.0,0.0,0.0,0.0,0.0,1.2000000000000002,0.0,0.0,16.0,25903.0
2026-07-30T19:03:40.729Z,390.212,390.228,0.0,7.4,0.0,0.0,0.0,0.0,0.0,0.0,0.0,0.0,1.0,0.0,0.0,0.0,9.0,4.0,0.0,0.0,0.0,0.0,0.0,0.0,0.0,0.0,4.0,12.0,1.0,12.18,5.01,2.51,1.49,0.0,0.0,0.0,361.3,0.0,0.2,-0.9,0.5,-169.70000000000002,0.0,0.0,169.70000000000002,0.0,21.4,28.9,28.9,30.9,300.0,300.0,31.6,35.9,28.9,28.0,29.9,4.95,1.99,4.97,0.16,0.0,0.0,1027.0,8228.0,0.0,0.0,0.0,0.0,0.0,1.0,0.0,0.0,0.0,0.0,0.0,-0.7000000000000001,0.0,-0.6000000000000001,0.0,0.0,16.0,25903.0
2026-07-30T19:03:40.741Z,390.224,390.24,0.0,7.4,0.0,0.0,0.0,0.0,0.0,0.0,0.0,0.0,1.0,0.0,0.0,0.0,9.0,4.0,0.0,0.0,0.0,0.0,0.0,0.0,0.0,0.0,6.0,12.0,1.0,12.18,5.01,2.51,1.49,-0.1,0.1,0.0,361.3,0.0,0.3,0.1,0.0,-169.70000000000002,0.0,0.0,169.8,0.0,21.8,28.9,28.9,30.9,300.0,300.0,31.6,35.9,28.9,28.1,29.9,4.96,2.0,4.96,0.16,0.0,0.0,1027.0,8228.0,0.0,0.0,0.0,0.0,0.0,1.0,0.0,0.0,0.0,0.0,0.0,0.1,0.0,0.0,0.0,0.0,16.0,25903.0
2026-07-30T19:03:40.753Z,390.236,390.252,0.0,7.4,0.0,0.0,0.0,0.0,0.0,0.0,0.0,0.0,1.0,0.0,0.0,0.0,9.0,4.0,0.0,0.0,0.0,0.0,0.0,0.0,0.0,0.0,1.0,12.0,1.0,12.18,5.01,2.51,1.49,0.0,0.0,0.0,361.4,0.0,-0.2,0.7000000000000001,0.0,-169.70000000000002,0.0,0.0,169.70000000000002,0.0,21.8,28.9,28.9,30.9,300.0,300.0,31.6,35.9,28.9,28.1,29.9,4.96,2.0,4.96,0.16,0.0,0.0,1027.0,8228.0,0.0,0.0,0.0,0.0,0.0,1.0,0.0,0.0,0.0,0.0,0.0,0.8,0.0,0.1,0.0,0.0,16.0,25903.0
2026-07-30T19:03:40.765Z,390.248,390.264,0.0,7.4,0.0,0.0,0.0,0.0,0.0,0.0,0.0,0.0,1.0,0.0,0.0,0.0,9.0,4.0,0.0,0.0,0.0,0.0,0.0,0.0,0.0,0.0,3.0,12.0,1.0,12.18,5.01,2.51,1.49,0.0,0.0,0.0,361.4,0.0,-0.8,-1.0,0.5,-169.70000000000002,0.0,0.0,169.8,0.0,21.8,28.9,28.9,30.9,300.0,300.0,31.6,35.9,28.9,28.1,29.9,4.95,1.99,4.96,0.16,0.0,0.0,1027.0,8228.0,0.0,0.0,0.0,0.0,0.0,1.0,0.0,0.0,0.0,0.0,0.0,-0.7000000000000001,0.0,-0.6000000000000001,0.0,0.0,16.0,25903.0
2026-07-30T19:03:40.777Z,390.26,390.276,0.0,7.4,0.0,0.0,0.0,0.0,0.0,0.0,0.0,0.0,1.0,0.0,0.0,0.0,9.0,4.0,0.0,0.0,0.0,0.0,0.0,0.0,0.0,0.0,4.0,12.0,1.0,12.18,5.01,2.51,1.49,0.0,0.0,0.0,361.4,0.0,-0.8,-0.4,-0.6000000000000001,-169.70000000000002,0.0,0.0,169.70000000000002,0.0,21.8,28.9,28.9,30.9,300.0,300.0,31.6,35.9,28.9,28.1,29.9,4.95,1.99,4.97,0.16,0.0,0.0,1027.0,8228.0,0.0,0.0,0.0,0.0,0.0,1.0,0.0,0.0,0.0,0.0,0.0,-0.9,0.0,0.4,0.0,0.0,16.0,25903.0
2026-07-30T19:03:40.790Z,390.273,390.288,0.0,7.4,0.0,0.0,0.0,0.0,0.0,0.0,0.0,0.0,1.0,0.0,0.0,0.0,9.0,4.0,0.0,0.0,0.0,0.0,0.0,0.0,0.0,0.0,5.0,12.0,1.0,12.18,5.01,2.51,1.49,0.0,0.0,0.0,361.3,0.0,0.3,0.1,0.0,-169.70000000000002,0.0,0.0,169.70000000000002,0.0,21.8,28.9,28.9,30.9,300.0,300.0,31.6,35.9,28.9,28.1,29.9,4.96,1.99,4.96,0.16,0.0,0.0,1027.0,8228.0,0.0,0.0,0.0,0.0,0.0,1.0,0.0,0.0,0.0,0.0,0.0,0.1,0.0,0.0,0.0,0.0,16.0,25903.0
2026-07-30T19:03:40.802Z,390.285,390.3,0.0,7.4,0.0,0.0,0.0,0.0,0.0,0.0,0.0,0.0,1.0,0.0,0.0,0.0,9.0,4.0,0.0,0.0,0.0,0.0,0.0,0.0,0.0,0.0,6.0,12.0,1.0,12.18,5.01,2.51,1.49,0.0,0.0,0.0,361.3,0.0,-0.2,0.7000000000000001,0.0,-169.70000000000002,0.0,0.0,169.60000000000002,0.0,21.8,28.9,28.9,30.9,300.0,300.0,31.6,35.9,28.9,28.1,29.9,4.96,1.99,4.97,0.15,0.0,0.0,1027.0,8228.0,0.0,0.0,0.0,0.0,0.0,1.0,0.0,0.0,0.0,0.0,0.0,0.8,0.0,0.1,0.0,0.0,16.0,25903.0
2026-07-30T19:03:40.814Z,390.297,390.312,0.0,7.4,0.0,0.0,0.0,0.0,0.0,0.0,0.0,0.0,1.0,0.0,0.0,0.0,9.0,4.0,0.0,0.0,0.0,0.0,0.0,0.0,0.0,0.0,1.0,12.0,1.0,12.18,5.01,2.51,1.49,0.0,0.0,0.0,361.3,0.0,-0.2,0.7000000000000001,1.1,-169.70000000000002,0.0,0.0,169.70000000000002,0.0,21.8,28.9,28.9,30.9,300.0,300.0,31.6,35.9,28.9,28.1,29.9,4.95,2.01,4.97,0.16,0.0,0.0,1027.0,8228.0,0.0,0.0,0.0,0.0,0.0,1.0,0.0,0.0,0.0,0.0,0.0,1.7000000000000002,0.0,-0.8,0.0,0.0,16.0,25903.0
2026-07-30T19:03:40.826Z,390.309,390.324,0.0,7.4,0.0,0.0,0.0,0.0,0.0,0.0,0.0,0.0,1.0,0.0,0.0,0.0,9.0,4.0,0.0,0.0,0.0,0.0,0.0,0.0,0.0,0.0,2.0,12.0,1.0,12.18,5.01,2.51,1.49,0.0,0.0,0.0,361.4,0.0,0.3,-0.4,1.1,-169.70000000000002,0.0,0.0,169.8,0.0,21.8,28.9,28.9,30.9,300.0,300.0,31.6,35.9,28.9,28.1,29.9,4.96,2.01,4.97,0.16,0.0,0.0,1027.0,8228.0,0.0,0.0,0.0,0.0,0.0,1.0,0.0,0.0,0.0,0.0,0.0,0.3,0.0,-1.0,0.0,0.0,16.0,25903.0
2026-07-30T19:03:40.839Z,390.322,390.336,0.0,7.4,0.0,0.0,0.0,0.0,0.0,0.0,0.0,0.0,1.0,0.0,0.0,0.0,9.0,4.0,0.0,0.0,0.0,0.0,0.0,0.0,0.0,0.0,4.0,12.0,1.0,12.18,5.0200000000000005,2.51,1.49,0.0,0.0,0.0,361.3,0.0,0.3,-0.4,-0.6000000000000001,-169.70000000000002,0.0,0.0,169.8,0.0,21.700000000000003,28.9,28.9,30.9,300.0,300.0,31.700000000000003,35.9,28.9,28.1,29.9,4.96,1.99,4.97,0.16,0.0,0.0,1027.0,8228.0,0.0,0.0,0.0,0.0,0.0,1.0,0.0,0.0,0.0,0.0,0.0,-0.9,0.0,0.4,0.0,0.0,16.0,25903.0
2026-07-30T19:03:40.849Z,390.332,390.348,0.0,7.4,0.0,0.0,0.0,0.0,0.0,0.0,0.0,0.0,1.0,0.0,0.0,0.0,9.0,4.0,0.0,0.0,0.0,0.0,0.0,0.0,0.0,0.0,5.0,12.0,1.0,12.18,5.0200000000000005,2.51,1.49,0.0,0.0,0.0,361.3,0.0,0.3,0.7000000000000001,0.6000000000000001,-169.70000000000002,0.0,0.0,169.8,0.0,21.700000000000003,28.9,28.9,30.9,300.0,300.0,31.700000000000003,35.9,28.9,28.1,29.9,4.96,1.99,4.97,0.16,0.0,0.0,1027.0,8228.0,0.0,0.0,0.0,0.0,0.0,1.0,0.0,0.0,0.0,0.0,0.0,1.2000000000000002,0.0,-0.3,0.0,0.0,16.0,25903.0
2026-07-30T19:03:40.861Z,390.344,390.36,0.0,7.4,0.0,0.0,0.0,0.0,0.0,0.0,0.0,0.0,1.0,0.0,0.0,0.0,9.0,4.0,0.0,0.0,0.0,0.0,0.0,0.0,0.0,0.0,6.0,12.0,1.0,12.18,5.0200000000000005,2.51,1.49,0.0,0.0,0.0,361.3,0.0,0.4,0.1,0.0,-169.70000000000002,0.0,0.0,169.70000000000002,0.0,21.700000000000003,28.9,28.9,30.9,300.0,300.0,31.700000000000003,35.9,28.9,28.1,29.9,4.95,2.0,4.97,0.16,0.0,0.0,1027.0,8228.0,0.0,0.0,0.0,0.0,0.0,1.0,0.0,0.0,0.0,0.0,0.0,0.2,0.0,0.0,0.0,0.0,16.0,25903.0
2026-07-30T19:03:40.873Z,390.356,390.372,0.0,7.4,0.0,0.0,0.0,0.0,0.0,0.0,0.0,0.0,1.0,0.0,0.0,0.0,9.0,4.0,0.0,0.0,0.0,0.0,0.0,0.0,0.0,0.0,1.0,12.0,1.0,12.18,5.0200000000000005,2.51,1.49,0.0,0.0,0.0,361.3,0.0,-0.1,-1.0,0.0,-169.70000000000002,0.0,0.0,169.70000000000002,0.0,21.700000000000003,28.9,28.9,30.9,300.0,300.0,31.700000000000003,35.9,28.9,28.1,29.9,4.96,2.0,4.96,0.15,0.0,0.0,1027.0,8228.0,0.0,0.0,0.0,0.0,0.0,1.0,0.0,0.0,0.0,0.0,0.0,-1.1,0.0,-0.2,0.0,0.0,16.0,25903.0
2026-07-30T19:03:40.885Z,390.368,390.384,0.0,7.4,0.0,0.0,0.0,0.0,0.0,0.0,0.0,0.0,1.0,0.0,0.0,0.0,9.0,4.0,0.0,0.0,0.0,0.0,0.0,0.0,0.0,0.0,2.0,12.0,1.0,12.18,5.0200000000000005,2.51,1.49,0.0,0.0,0.0,361.3,0.0,-0.7000000000000001,-0.4,-0.5,-169.70000000000002,0.0,0.0,169.70000000000002,0.0,21.700000000000003,28.9,28.9,30.9,300.0,300.0,31.700000000000003,35.9,28.9,28.1,29.9,4.95,1.99,4.97,0.15,0.0,0.0,1027.0,8228.0,0.0,0.0,0.0,0.0,0.0,1.0,0.0,0.0,0.0,0.0,0.0,-0.8,0.0,0.4,0.0,0.0,16.0,25903.0
2026-07-30T19:03:40.897Z,390.38,390.396,0.0,7.4,0.0,0.0,0.0,0.0,0.0,0.0,0.0,0.0,1.0,0.0,0.0,0.0,9.0,4.0,0.0,0.0,0.0,0.0,0.0,0.0,0.0,0.0,3.0,12.0,1.0,12.18,5.0200000000000005,2.51,1.49,0.0,0.0,0.0,361.3,0.0,1.0,0.1,0.6000000000000001,-169.70000000000002,0.0,0.0,169.70000000000002,0.0,21.700000000000003,28.9,28.9,30.9,300.0,300.0,31.700000000000003,35.9,28.9,28.1,29.9,4.95,2.0,4.96,0.16,0.0,0.0,1027.0,8228.0,0.0,0.0,0.0,0.0,0.0,1.0,0.0,0.0,0.0,0.0,0.0,0.6000000000000001,0.0,-0.5,0.0,0.0,16.0,25903.0
2026-07-30T19:03:40.909Z,390.392,390.408,0.0,7.4,0.0,0.0,0.0,0.0,0.0,0.0,0.0,0.0,1.0,0.0,0.0,0.0,9.0,4.0,0.0,0.0,0.0,0.0,0.0,0.0,0.0,0.0,4.0,12.0,1.0,12.18,5.0200000000000005,2.51,1.49,0.0,0.0,0.0,361.3,0.0,-0.1,-0.3,0.6000000000000001,-169.70000000000002,0.0,0.0,169.8,0.0,21.700000000000003,28.9,28.9,30.9,300.0,300.0,31.700000000000003,35.9,28.9,28.1,29.9,4.96,1.99,4.96,0.16,0.0,0.0,1027.0,8228.0,0.0,0.0,0.0,0.0,0.0,1.0,0.0,0.0,0.0,0.0,0.0,0.0,0.0,-0.6000000000000001,0.0,0.0,16.0,25903.0
2026-07-30T19:03:40.922Z,390.405,390.42,0.0,7.4,0.0,0.0,0.0,0.0,0.0,0.0,0.0,0.0,1.0,0.0,0.0,0.0,9.0,4.0,0.0,0.0,0.0,0.0,0.0,0.0,0.0,0.0,6.0,12.0,1.0,12.18,5.0200000000000005,2.51,1.49,0.0,0.0,0.0,361.3,0.0,0.4,0.8,0.0,-169.70000000000002,0.0,0.0,169.70000000000002,0.0,21.700000000000003,28.9,28.9,30.9,300.0,300.0,31.700000000000003,35.9,28.9,28.1,29.9,4.96,1.99,4.96,0.16,0.0,0.0,1027.0,8228.0,0.0,0.0,0.0,0.0,0.0,1.0,0.0,0.0,0.0,0.0,0.0,0.9,0.0,0.1,0.0,0.0,16.0,25903.0
2026-07-30T19:03:40.934Z,390.417,390.432,0.0,7.4,0.0,0.0,0.0,0.0,0.0,0.0,0.0,0.0,1.0,0.0,0.0,0.0,9.0,4.0,0.0,0.0,0.0,0.0,0.0,0.0,0.0,0.0,6.0,12.0,1.0,12.18,5.0200000000000005,2.51,1.49,0.0,0.0,0.0,361.3,0.0,0.4,0.8,0.0,-169.70000000000002,0.0,0.0,169.60000000000002,0.0,21.700000000000003,28.9,28.9,30.9,300.0,300.0,31.700000000000003,35.9,28.9,28.1,29.9,4.95,1.99,4.97,0.16,0.0,0.0,1027.0,8228.0,0.0,0.0,0.0,0.0,0.0,1.0,0.0,0.0,0.0,0.0,0.0,0.9,0.0,0.1,0.0,0.0,16.0,25903.0
2026-07-30T19:03:40.946Z,390.429,390.444,0.0,7.4,0.0,0.0,0.0,0.0,0.0,0.0,0.0,0.0,1.0,0.0,0.0,0.0,9.0,4.0,0.0,0.0,0.0,0.0,0.0,0.0,0.0,0.0,2.0,12.0,1.0,12.17,5.01,2.51,1.49,0.0,0.0,0.0,361.3,0.0,1.0,1.3,2.3000000000000003,-169.70000000000002,0.0,0.0,169.70000000000002,0.0,21.700000000000003,28.9,28.9,30.9,300.0,300.0,31.700000000000003,35.9,28.8,28.0,29.9,4.95,1.99,4.96,0.16,0.0,0.0,1027.0,8228.0,0.0,0.0,0.0,0.0,0.0,1.0,0.0,0.0,0.0,0.0,0.0,3.3000000000000003,0.0,-1.7000000000000002,0.0,0.0,16.0,25903.0
2026-07-30T19:03:40.958Z,390.441,390.456,0.0,7.4,0.0,0.0,0.0,0.0,0.0,0.0,0.0,0.0,1.0,0.0,0.0,0.0,9.0,4.0,0.0,0.0,0.0,0.0,0.0,0.0,0.0,0.0,3.0,12.0,1.0,12.17,5.01,2.51,1.49,0.0,0.1,0.0,361.3,0.0,0.4,1.3,0.6000000000000001,-169.70000000000002,0.0,0.0,169.8,0.0,21.700000000000003,28.9,28.9,30.9,300.0,300.0,31.700000000000003,35.9,28.8,28.0,29.9,4.95,1.99,4.96,0.16,0.0,0.0,1027.0,8228.0,0.0,0.0,0.0,0.0,0.0,1.0,0.0,0.0,0.0,0.0,0.0,1.9,0.0,-0.2,0.0,0.0,16.0,25903.0
2026-07-30T19:03:40.969Z,390.452,390.468,0.0,7.4,0.0,0.0,0.0,0.0,0.0,0.0,0.0,0.0,1.0,0.0,0.0,0.0,9.0,4.0,0.0,0.0,0.0,0.0,0.0,0.0,0.0,0.0,4.0,12.0,1.0,12.17,5.01,2.51,1.49,0.0,0.0,0.0,361.3,0.0,-0.7000000000000001,-0.3,-1.1,-169.70000000000002,0.0,0.0,169.8,0.0,21.700000000000003,28.9,28.9,30.9,300.0,300.0,31.700000000000003,35.9,28.8,28.0,29.9,4.95,1.99,4.97,0.16,0.0,0.0,1027.0,8228.0,0.0,0.0,0.0,0.0,0.0,1.0,0.0,0.0,0.0,0.0,0.0,-1.3,0.0,0.9,0.0,0.0,16.0,25903.0
2026-07-30T19:03:40.981Z,390.464,390.48,0.0,7.4,0.0,0.0,0.0,0.0,0.0,0.0,0.0,0.0,1.0,0.0,0.0,0.0,9.0,4.0,0.0,0.0,0.0,0.0,0.0,0.0,0.0,0.0,5.0,12.0,1.0,12.17,5.01,2.51,1.49,0.0,0.0,0.0,361.3,0.0,0.4,0.8,0.5,-169.70000000000002,0.0,0.0,169.8,0.0,21.700000000000003,28.9,28.9,30.9,300.0,300.0,31.700000000000003,35.9,28.8,28.0,29.9,4.96,1.99,4.96,0.16,0.0,0.0,1027.0,8228.0,0.0,0.0,0.0,0.0,0.0,1.0,0.0,0.0,0.0,0.0,0.0,1.3,0.0,-0.3,0.0,0.0,16.0,25903.0
2026-07-30T19:03:40.993Z,390.476,390.492,0.0,7.4,0.0,0.0,0.0,0.0,0.0,0.0,0.0,0.0,1.0,0.0,0.0,0.0,9.0,4.0,0.0,0.0,0.0,0.0,0.0,0.0,0.0,0.0,6.0,12.0,1.0,12.17,5.01,2.51,1.49,0.0,0.0,0.0,361.3,0.0,0.4,1.3,0.0,-169.70000000000002,0.0,0.0,169.8,0.0,21.700000000000003,28.9,28.9,30.9,300.0,300.0,31.700000000000003,35.9,28.8,28.0,29.9,4.96,1.99,4.96,0.16,0.0,0.0,1027.0,8228.0,0.0,0.0,0.0,0.0,0.0,1.0,0.0,0.0,0.0,0.0,0.0,1.5,0.0,0.3,0.0,0.0,16.0,25903.0
2026-07-30T19:03:41.005Z,390.488,390.504,0.0,7.4,0.0,0.0,0.0,0.0,0.0,0.0,0.0,0.0,1.0,0.0,0.0,0.0,9.0,4.0,0.0,0.0,0.0,0.0,0.0,0.0,0.0,0.0,1.0,12.0,1.0,12.17,5.01,2.51,1.49,0.0,0.0,0.0,361.3,0.0,-0.1,1.3,1.0,-169.70000000000002,0.0,0.0,169.8,0.0,21.700000000000003,28.9,28.9,30.9,300.0,300.0,31.700000000000003,35.9,28.8,28.0,29.9,4.95,1.99,4.96,0.16,0.0,0.0,1027.0,8228.0,0.0,0.0,0.0,0.0,0.0,1.0,0.0,0.0,0.0,0.0,0.0,2.3000000000000003,0.0,-0.6000000000000001,0.0,0.0,16.0,25903.0
2026-07-30T19:03:41.017Z,390.5,390.516,0.0,7.4,0.0,0.0,0.0,0.0,0.0,0.0,0.0,0.0,1.0,0.0,0.0,0.0,9.0,4.0,0.0,0.0,0.0,0.0,0.0,0.0,0.0,0.0,2.0,12.0,1.0,12.17,5.01,2.51,1.49,0.0,0.0,0.0,361.3,0.0,0.4,-0.3,-0.6000000000000001,-169.70000000000002,0.0,0.0,169.8,0.0,21.700000000000003,28.9,28.9,30.9,300.0,300.0,31.700000000000003,35.9,28.8,28.0,29.9,4.95,1.99,4.97,0.16,0.0,0.0,1027.0,8228.0,0.0,0.0,0.0,0.0,0.0,1.0,0.0,0.0,0.0,0.0,0.0,-0.8,0.0,0.5,0.0,0.0,16.0,25903.0
2026-07-30T19:03:41.029Z,390.512,390.528,0.0,7.4,0.0,0.0,0.0,0.0,0.0,0.0,0.0,0.0,1.0,0.0,0.0,0.0,9.0,4.0,0.0,0.0,0.0,0.0,0.0,0.0,0.0,0.0,3.0,12.0,1.0,12.17,5.01,2.51,1.49,0.0,0.0,0.0,361.4,0.0,0.4,-0.3,-0.6000000000000001,-169.70000000000002,0.0,0.0,169.70000000000002,0.0,21.700000000000003,28.9,28.9,30.9,300.0,300.0,31.700000000000003,35.9,28.8,28.0,29.9,4.95,1.99,4.96,0.16,0.0,0.0,1027.0,8228.0,0.0,0.0,0.0,0.0,0.0,1.0,0.0,0.0,0.0,0.0,0.0,-0.8,0.0,0.4,0.0,0.0,16.0,25903.0
2026-07-30T19:03:41.043Z,390.526,390.54,0.0,7.4,0.0,0.0,0.0,0.0,0.0,0.0,0.0,0.0,1.0,0.0,0.0,0.0,9.0,4.0,0.0,0.0,0.0,0.0,0.0,0.0,0.0,0.0,4.0,12.0,1.0,12.17,5.01,2.5,1.49,0.0,0.1,0.0,361.3,0.0,0.4,0.8,0.0,-169.70000000000002,0.0,0.0,169.8,0.0,21.700000000000003,28.9,28.9,30.9,300.0,300.0,31.700000000000003,35.9,28.8,28.0,29.9,4.95,1.99,4.97,0.16,0.0,0.0,1027.0,8228.0,0.0,0.0,0.0,0.0,0.0,1.0,0.0,0.0,0.0,0.0,0.0,1.7000000000000002,0.0,-0.7000000000000001,0.0,0.0,16.0,25903.0
2026-07-30T19:03:41.054Z,390.537,390.552,0.0,7.4,0.0,0.0,0.0,0.0,0.0,0.0,0.0,0.0,1.0,0.0,0.0,0.0,9.0,4.0,0.0,0.0,0.0,0.0,0.0,0.0,0.0,0.0,5.0,12.0,1.0,12.17,5.01,2.5,1.49,0.0,0.0,0.0,361.3,0.0,0.3,1.4,1.0,-169.70000000000002,0.0,0.0,169.60000000000002,0.0,21.700000000000003,28.9,28.9,30.9,300.0,300.0,31.700000000000003,35.9,28.8,28.0,29.9,4.95,1.99,4.97,0.17,0.0,0.0,1027.0,8228.0,0.0,0.0,0.0,0.0,0.0,1.0,0.0,0.0,0.0,0.0,0.0,2.4000000000000004,0.0,-0.6000000000000001,0.0,0.0,16.0,25903.0
2026-07-30T19:03:41.065Z,390.548,390.564,0.0,7.4,0.0,0.0,0.0,0.0,0.0,0.0,0.0,0.0,1.0,0.0,0.0,0.0,9.0,4.0,0.0,0.0,0.0,0.0,0.0,0.0,0.0,0.0,6.0,12.0,1.0,12.17,5.01,2.5,1.49,0.0,0.0,0.0,361.4,0.0,0.3,0.2,-0.1,-169.70000000000002,0.0,0.0,169.70000000000002,0.0,21.700000000000003,28.9,28.9,30.9,300.0,300.0,31.700000000000003,35.9,28.8,28.0,29.9,4.96,1.99,4.96,0.16,0.0,0.0,1027.0,8228.0,0.0,0.0,0.0,0.0,0.0,1.0,0.0,0.0,0.0,0.0,0.0,0.1,0.0,0.1,0.0,0.0,16.0,25903.0
2026-07-30T19:03:41.077Z,390.56,390.576,0.0,7.4,0.0,0.0,0.0,0.0,0.0,0.0,0.0,0.0,1.0,0.0,0.0,0.0,9.0,4.0,0.0,0.0,0.0,0.0,0.0,0.0,0.0,0.0,1.0,12.0,1.0,12.17,5.01,2.5,1.49,0.0,0.0,0.0,361.3,0.0,0.3,-0.3,-0.1,-169.70000000000002,0.0,0.0,169.60000000000002,0.0,21.700000000000003,28.9,28.9,30.9,300.0,300.0,31.700000000000003,35.9,28.8,28.0,29.9,4.95,1.99,4.97,0.16,0.0,0.0,1027.0,8228.0,0.0,0.0,0.0,0.0,0.0,1.0,0.0,0.0,0.0,0.0,0.0,-0.5,0.0,0.0,0.0,0.0,16.0,25903.0
2026-07-30T19:03:41.089Z,390.572,390.588,0.0,7.4,0.0,0.0,0.0,0.0,0.0,0.0,0.0,0.0,1.0,0.0,0.0,0.0,9.0,4.0,0.0,0.0,0.0,0.0,0.0,0.0,0.0,0.0,2.0,12.0,1.0,12.17,5.01,2.5,1.49,0.0,0.0,0.0,361.3,0.0,-0.2,-0.3,-0.1,-169.70000000000002,0.0,0.0,169.70000000000002,0.0,21.700000000000003,28.9,28.9,30.9,300.0,300.0,31.700000000000003,35.9,28.8,28.0,29.9,4.95,1.99,4.97,0.16,0.0,0.0,1027.0,8228.0,0.0,0.0,0.0,0.0,0.0,1.0,0.0,0.0,0.0,0.0,0.0,-0.5,0.0,0.0,0.0,0.0,16.0,25903.0
2026-07-30T19:03:41.101Z,390.584,390.6,0.0,7.4,0.0,0.0,0.0,0.0,0.0,0.0,0.0,0.0,1.0,0.0,0.0,0.0,9.0,4.0,0.0,0.0,0.0,0.0,0.0,0.0,0.0,0.0,4.0,12.0,1.0,12.17,5.01,2.5,1.49,0.0,0.0,0.0,361.4,0.0,0.3,1.3,-0.1,-169.70000000000002,0.0,0.0,169.70000000000002,0.0,21.700000000000003,28.9,28.9,30.9,300.0,300.0,31.700000000000003,35.9,28.8,28.0,29.9,4.95,2.0,4.97,0.16,0.0,0.0,1027.0,8228.0,0.0,0.0,0.0,0.0,0.0,1.0,0.0,0.0,0.0,0.0,0.0,0.8,0.0,0.2,0.0,0.0,16.0,25903.0
2026-07-30T19:03:41.113Z,390.596,390.612,0.0,7.4,0.0,0.0,0.0,0.0,0.0,0.0,0.0,0.0,1.0,0.0,0.0,0.0,9.0,4.0,0.0,0.0,0.0,0.0,0.0,0.0,0.0,0.0,5.0,12.0,1.0,12.17,5.01,2.5,1.49,0.0,0.0,0.0,361.3,0.0,-0.2,-0.3,-1.3,-169.70000000000002,0.0,0.0,169.8,0.0,21.700000000000003,28.9,28.9,30.9,300.0,300.0,31.700000000000003,35.9,28.8,28.0,29.9,4.95,2.0,4.96,0.16,0.0,0.0,1027.0,8228.0,0.0,0.0,0.0,0.0,0.0,1.0,0.0,0.0,0.0,0.0,0.0,-0.7000000000000001,0.0,1.1,0.0,0.0,16.0,25903.0
2026-07-30T19:03:41.126Z,390.609,390.624,0.0,7.4,0.0,0.0,0.0,0.0,0.0,0.0,0.0,0.0,1.0,0.0,0.0,0.0,9.0,4.0,0.0,0.0,0.0,0.0,0.0,0.0,0.0,0.0,1.0,12.0,1.0,12.17,5.01,2.5,1.49,0.0,0.0,0.0,361.3,0.0,-0.2,0.7000000000000001,1.0,-169.70000000000002,0.0,0.0,169.70000000000002,0.0,21.700000000000003,28.9,28.9,30.9,300.0,300.0,31.700000000000003,35.9,28.8,28.0,29.9,4.95,1.99,4.97,0.16,0.0,0.0,1027.0,8228.0,0.0,0.0,0.0,0.0,0.0,1.0,0.0,0.0,0.0,0.0,0.0,0.0,0.0,-0.4,0.0,0.0,16.0,25903.0
2026-07-30T19:03:41.138Z,390.621,390.636,0.0,7.4,0.0,0.0,0.0,0.0,0.0,0.0,0.0,0.0,1.0,0.0,0.0,0.0,9.0,4.0,0.0,0.0,0.0,0.0,0.0,0.0,0.0,0.0,1.0,12.0,1.0,12.17,5.01,2.5,1.49,0.0,0.0,0.0,361.4,0.0,0.3,0.1,-0.7000000000000001,-169.70000000000002,0.0,0.0,169.70000000000002,0.0,21.700000000000003,28.9,28.9,30.9,300.0,300.0,31.700000000000003,35.9,28.8,28.0,29.9,4.95,1.99,4.96,0.16,0.0,0.0,1027.0,8228.0,0.0,0.0,0.0,0.0,0.0,1.0,0.0,0.0,0.0,0.0,0.0,-0.3,0.0,0.6000000000000001,0.0,0.0,16.0,25903.0
2026-07-30T19:03:41.150Z,390.633,390.648,0.0,7.4,0.0,0.0,0.0,0.0,0.0,0.0,0.0,0.0,1.0,0.0,0.0,0.0,9.0,4.0,0.0,0.0,0.0,0.0,0.0,0.0,0.0,0.0,2.0,12.0,1.0,12.17,5.01,2.51,1.49,0.0,0.0,0.0,361.4,0.0,-0.2,1.2000000000000002,0.4,-169.70000000000002,0.0,0.0,169.8,0.0,21.4,28.9,28.9,30.9,300.0,300.0,31.5,35.9,28.8,28.0,29.9,4.96,1.99,4.96,0.16,0.0,0.0,1027.0,8228.0,0.0,0.0,0.0,0.0,0.0,1.0,0.0,0.0,0.0,0.0,0.0,1.8,0.0,-0.1,0.0,0.0,16.0,25903.0
2026-07-30T19:03:41.161Z,390.644,390.66,0.0,7.4,0.0,0.0,0.0,0.0,0.0,0.0,0.0,0.0,1.0,0.0,0.0,0.0,9.0,4.0,0.0,0.0,0.0,0.0,0.0,0.0,0.0,0.0,4.0,12.0,1.0,12.17,5.01,2.51,1.49,0.0,0.0,0.0,361.3,0.0,-0.2,-1.6,0.5,-169.70000000000002,0.0,0.0,169.70000000000002,0.0,21.4,28.9,28.9,30.9,300.0,300.0,31.5,35.9,28.8,28.0,29.9,4.95,1.99,4.97,0.16,0.0,0.0,1027.0,8228.0,0.0,0.0,0.0,0.0,0.0,1.0,0.0,0.0,0.0,0.0,0.0,-1.4,0.0,-0.7000000000000001,0.0,0.0,16.0,25903.0
2026-07-30T19:03:41.174Z,390.657,390.672,0.0,7.4,0.0,0.0,0.0,0.0,0.0,0.0,0.0,0.0,1.0,0.0,0.0,0.0,9.0,4.0,0.0,0.0,0.0,0.0,0.0,0.0,0.0,0.0,5.0,12.0,1.0,12.17,5.01,2.51,1.49,0.0,0.0,0.0,361.4,0.0,0.3,0.6000000000000001,1.1,-169.70000000000002,0.0,0.0,169.70000000000002,0.0,21.4,28.9,28.9,30.9,300.0,300.0,31.5,35.9,28.8,28.0,29.9,4.95,1.99,4.97,0.16,0.0,0.0,1027.0,8228.0,0.0,0.0,0.0,0.0,0.0,1.0,0.0,0.0,0.0,0.0,0.0,1.6,0.0,-0.8,0.0,0.0,16.0,25903.0
2026-07-30T19:03:41.186Z,390.669,390.684,0.0,7.4,0.0,0.0,0.0,0.0,0.0,0.0,0.0,0.0,1.0,0.0,0.0,0.0,9.0,4.0,0.0,0.0,0.0,0.0,0.0,0.0,0.0,0.0,1.0,12.0,1.0,12.17,5.01,2.51,1.49,0.0,0.0,0.0,361.3,0.0,-1.4,0.6000000000000001,-0.6000000000000001,-169.70000000000002,0.0,0.0,169.70000000000002,0.0,21.4,28.9,28.9,30.9,300.0,300.0,31.5,35.9,28.8,28.0,29.9,4.95,1.99,4.96,0.16,0.0,0.0,1027.0,8228.0,0.0,0.0,0.0,0.0,0.0,1.0,0.0,0.0,0.0,0.0,0.0,0.2,0.0,0.7000000000000001,0.0,0.0,16.0,25903.0
2026-07-30T19:03:41.198Z,390.681,390.696,0.0,7.4,0.0,0.0,0.0,0.0,0.0,0.0,0.0,0.0,1.0,0.0,0.0,0.0,9.0,4.0,0.0,0.0,0.0,0.0,0.0,0.0,0.0,0.0,1.0,12.0,1.0,12.17,5.01,2.51,1.49,0.0,0.0,0.0,361.4,0.0,-0.2,0.0,-0.1,-169.70000000000002,0.0,0.0,169.70000000000002,0.0,21.4,28.9,28.9,30.9,300.0,300.0,31.5,35.9,28.8,28.0,29.9,4.95,1.99,4.96,0.16,0.0,0.0,1027.0,8228.0,0.0,0.0,0.0,0.0,0.0,1.0,0.0,0.0,0.0,0.0,0.0,0.0,0.0,0.1,0.0,0.0,16.0,25903.0
2026-07-30T19:03:41.210Z,390.693,390.708,0.0,7.4,0.0,0.0,0.0,0.0,0.0,0.0,0.0,0.0,1.0,0.0,0.0,0.0,9.0,4.0,0.0,0.0,0.0,0.0,0.0,0.0,0.0,0.0,2.0,12.0,1.0,12.17,5.01,2.51,1.49,0.0,0.0,0.0,361.4,0.0,0.2,-0.5,-0.1,-169.70000000000002,0.0,0.0,169.8,0.0,21.4,28.9,28.9,30.9,300.0,300.0,31.5,35.9,28.8,28.0,29.9,4.95,1.99,4.97,0.16,0.0,0.0,1027.0,8228.0,0.0,0.0,0.0,0.0,0.0,1.0,0.0,0.0,0.0,0.0,0.0,-0.6000000000000001,0.0,0.0,0.0,0.0,16.0,25903.0
2026-07-30T19:03:41.221Z,390.704,390.72,0.0,7.4,0.0,0.0,0.0,0.0,0.0,0.0,0.0,0.0,1.0,0.0,0.0,0.0,9.0,4.0,0.0,0.0,0.0,0.0,0.0,0.0,0.0,0.0,4.0,12.0,1.0,12.17,5.01,2.51,1.49,0.0,0.1,0.0,361.3,0.0,0.2,-0.5,-0.1,-169.70000000000002,0.0,0.0,169.8,0.0,21.4,28.9,28.9,30.9,300.0,300.0,31.5,35.9,28.8,28.0,29.9,4.96,2.0,4.96,0.16,0.0,0.0,1027.0,8228.0,0.0,0.0,0.0,0.0,0.0,1.0,0.0,0.0,0.0,0.0,0.0,-0.6000000000000001,0.0,0.0,0.0,0.0,16.0,25903.0
2026-07-30T19:03:41.234Z,390.717,390.732,0.0,7.4,0.0,0.0,0.0,0.0,0.0,0.0,0.0,0.0,1.0,0.0,0.0,0.0,9.0,4.0,0.0,0.0,0.0,0.0,0.0,0.0,0.0,0.0,4.0,12.0,1.0,12.17,5.01,2.51,1.49,0.0,0.0,0.0,361.3,0.0,-0.2,0.0,0.0,-169.70000000000002,0.0,0.0,169.70000000000002,0.0,21.4,28.9,28.9,30.9,300.0,300.0,31.5,35.9,28.8,28.0,29.9,4.96,1.99,4.96,0.16,0.0,0.0,1027.0,8228.0,0.0,0.0,0.0,0.0,0.0,1.0,0.0,0.0,0.0,0.0,0.0,0.0,0.0,0.0,0.0,0.0,16.0,25903.0
2026-07-30T19:03:41.246Z,390.729,390.744,0.0,7.4,0.0,0.0,0.0,0.0,0.0,0.0,0.0,0.0,1.0,0.0,0.0,0.0,9.0,4.0,0.0,0.0,0.0,0.0,0.0,0.0,0.0,0.0,5.0,12.0,1.0,12.17,5.01,2.51,1.5,0.0,0.0,0.0,361.4,0.0,0.2,1.2000000000000002,0.0,-169.70000000000002,0.0,0.0,169.8,0.0,21.3,28.9,28.9,30.9,300.0,300.0,31.6,35.9,28.8,28.0,29.9,4.96,1.99,4.96,0.16,0.0,0.0,1027.0,8228.0,0.0,0.0,0.0,0.0,0.0,1.0,0.0,0.0,0.0,0.0,0.0,1.3,0.0,0.3,0.0,0.0,16.0,25903.0
2026-07-30T19:03:41.257Z,390.74,390.756,0.0,7.4,0.0,0.0,0.0,0.0,0.0,0.0,0.0,0.0,1.0,0.0,0.0,0.0,9.0,4.0,0.0,0.0,0.0,0.0,0.0,0.0,0.0,0.0,6.0,12.0,1.0,12.17,5.01,2.51,1.5,0.0,0.0,0.0,361.4,0.0,-0.8,0.0,0.0,-169.70000000000002,0.0,0.0,169.70000000000002,0.0,21.3,28.9,28.9,30.9,300.0,300.0,31.6,35.9,28.8,28.0,29.9,4.95,1.99,4.96,0.16,0.0,0.0,1027.0,8228.0,0.0,0.0,0.0,0.0,0.0,1.0,0.0,0.0,0.0,0.0,0.0,0.0,0.0,0.0,0.0,0.0,16.0,25903.0
2026-07-30T19:03:41.270Z,390.753,390.768,0.0,7.4,0.0,0.0,0.0,0.0,0.0,0.0,0.0,0.0,1.0,0.0,0.0,0.0,9.0,4.0,0.0,0.0,0.0,0.0,0.0,0.0,0.0,0.0,1.0,12.0,1.0,12.17,5.01,2.51,1.5,0.0,0.0,0.0,361.3,0.0,0.2,-0.5,-0.6000000000000001,-169.70000000000002,0.0,0.0,169.70000000000002,0.0,21.3,28.9,28.9,30.9,300.0,300.0,31.6,35.9,28.8,28.0,29.9,4.95,1.99,4.96,0.16,0.0,0.0,1027.0,8228.0,0.0,0.0,0.0,0.0,0.0,1.0,0.0,0.0,0.0,0.0,0.0,-1.1,0.0,0.4,0.0,0.0,16.0,25903.0
2026-07-30T19:03:41.281Z,390.764,390.78,0.0,7.4,0.0,0.0,0.0,0.0,0.0,0.0,0.0,0.0,1.0,0.0,0.0,0.0,9.0,4.0,0.0,0.0,0.0,0.0,0.0,0.0,0.0,0.0,2.0,12.0,1.0,12.17,5.01,2.51,1.5,0.0,0.0,0.0,361.4,0.0,0.8,1.8,0.5,-169.70000000000002,0.0,0.0,169.70000000000002,0.0,21.3,28.9,28.9,30.9,300.0,300.0,31.6,35.9,28.8,28.0,29.9,4.95,1.99,4.97,0.16,0.0,0.0,1027.0,8228.0,0.0,0.0,0.0,0.0,0.0,1.0,0.0,0.0,0.0,0.0,0.0,2.4000000000000004,0.0,0.0,0.0,0.0,16.0,25903.0
2026-07-30T19:03:41.293Z,390.776,390.792,0.0,7.4,0.0,0.0,0.0,0.0,0.0,0.0,0.0,0.0,1.0,0.0,0.0,0.0,9.0,4.0,0.0,0.0,0.0,0.0,0.0,0.0,0.0,0.0,4.0,12.0,1.0,12.17,5.01,2.51,1.5,0.0,0.0,0.0,361.3,0.0,-0.8,1.2000000000000002,0.0,-169.70000000000002,0.0,0.0,169.8,0.0,21.3,28.9,28.9,30.9,300.0,300.0,31.6,35.9,28.8,28.0,29.9,4.95,1.99,4.97,0.16,0.0,0.0,1027.0,8228.0,0.0,0.0,0.0,0.0,0.0,1.0,0.0,0.0,0.0,0.0,0.0,1.4,0.0,0.3,0.0,0.0,16.0,25903.0
2026-07-30T19:03:41.306Z,390.789,390.804,0.0,7.4,0.0,0.0,0.0,0.0,0.0,0.0,0.0,0.0,1.0,0.0,0.0,0.0,9.0,4.0,0.0,0.0,0.0,0.0,0.0,0.0,0.0,0.0,5.0,12.0,1.0,12.17,5.01,2.51,1.5,0.0,0.0,0.0,361.3,0.0,0.8,0.1,1.1,-169.70000000000002,0.0,0.0,169.70000000000002,0.0,21.3,28.9,28.9,30.9,300.0,300.0,31.6,35.9,28.8,28.0,29.9,4.96,1.99,4.96,0.16,0.0,0.0,1027.0,8228.0,0.0,0.0,0.0,0.0,0.0,1.0,0.0,0.0,0.0,0.0,0.0,0.9,0.0,-0.9,0.0,0.0,16.0,25903.0
2026-07-30T19:03:41.317Z,390.8,390.816,0.0,7.4,0.0,0.0,0.0,0.0,0.0,0.0,0.0,0.0,1.0,0.0,0.0,0.0,9.0,4.0,0.0,0.0,0.0,0.0,0.0,0.0,0.0,0.0,1.0,12.0,1.0,12.17,5.01,2.51,1.5,0.0,0.0,0.0,361.4,0.0,0.8,-0.5,0.4,-169.70000000000002,0.0,0.0,169.60000000000002,0.0,21.3,28.9,28.9,30.9,300.0,300.0,31.6,35.9,28.8,28.0,29.9,4.96,1.99,4.97,0.16,0.0,0.0,1027.0,8228.0,0.0,0.0,0.0,0.0,0.0,1.0,0.0,0.0,0.0,0.0,0.0,-0.2,0.0,-0.5,0.0,0.0,16.0,25903.0
2026-07-30T19:03:41.330Z,390.813,390.828,0.0,7.4,0.0,0.0,0.0,0.0,0.0,0.0,0.0,0.0,1.0,0.0,0.0,0.0,9.0,4.0,0.0,0.0,0.0,0.0,0.0,0.0,0.0,0.0,2.0,12.0,1.0,12.17,5.01,2.51,1.5,0.0,0.0,0.0,361.4,0.0,0.2,1.2000000000000002,-0.6000000000000001,-169.70000000000002,0.0,0.0,169.8,0.0,21.3,28.9,28.9,30.9,300.0,300.0,31.6,35.9,28.8,28.0,29.9,4.96,1.99,4.96,0.16,0.0,0.0,1027.0,8228.0,0.0,0.0,0.0,0.0,0.0,1.0,0.0,0.0,0.0,0.0,0.0,0.8,0.0,0.8,0.0,0.0,16.0,25903.0
2026-07-30T19:03:41.342Z,390.825,390.84,0.0,7.4,0.0,0.0,0.0,0.0,0.0,0.0,0.0,0.0,1.0,0.0,0.0,0.0,9.0,4.0,0.0,0.0,0.0,0.0,0.0,0.0,0.0,0.0,4.0,12.0,1.0,12.17,5.01,2.51,1.5,0.0,0.0,0.0,361.3,0.0,-0.3,0.0,-0.7000000000000001,-169.70000000000002,0.0,0.0,169.70000000000002,0.0,21.3,28.9,28.9,30.9,300.0,300.0,31.6,35.9,28.8,28.0,29.9,4.95,1.99,4.96,0.16,0.0,0.0,1027.0,8228.0,0.0,0.0,0.0,0.0,0.0,1.0,0.0,0.0,0.0,0.0,0.0,-0.4,0.0,0.6000000000000001,0.0,0.0,16.0,25903.0
2026-07-30T19:03:41.354Z,390.837,390.852,0.0,7.4,0.0,0.0,0.0,0.0,0.0,0.0,0.0,0.0,1.0,0.0,0.0,0.0,9.0,4.0,0.0,0.0,0.0,0.0,0.0,0.0,0.0,0.0,5.0,12.0,1.0,12.18,5.01,2.51,1.49,0.0,0.0,0.0,361.4,0.0,0.2,-0.4,1.0,-169.70000000000002,0.0,0.0,169.70000000000002,0.0,21.4,28.9,28.9,30.9,300.0,300.0,31.6,35.9,28.8,28.1,29.9,4.95,1.99,4.96,0.16,0.0,0.0,1027.0,8228.0,0.0,0.0,0.0,0.0,0.0,1.0,0.0,0.0,0.0,0.0,0.0,0.2,0.0,-1.0,0.0,0.0,16.0,25903.0
2026-07-30T19:03:41.366Z,390.849,390.864,0.0,7.4,0.0,0.0,0.0,0.0,0.0,0.0,0.0,0.0,1.0,0.0,0.0,0.0,9.0,4.0,0.0,0.0,0.0,0.0,0.0,0.0,0.0,0.0,6.0,12.0,1.0,12.18,5.01,2.51,1.49,0.0,0.1,0.0,361.3,0.0,-0.3,-1.0,-0.6000000000000001,-169.70000000000002,0.0,0.0,169.70000000000002,0.0,21.4,28.9,28.9,30.9,300.0,300.0,31.6,35.9,28.8,28.1,29.9,4.95,1.99,4.97,0.16,0.0,0.0,1027.0,8228.0,0.0,0.0,0.0,0.0,0.0,1.0,0.0,0.0,0.0,0.0,0.0,-1.7000000000000002,0.0,0.3,0.0,0.0,16.0,25903.0
2026-07-30T19:03:41.377Z,390.86,390.876,0.0,7.4,0.0,0.0,0.0,0.0,0.0,0.0,0.0,0.0,1.0,0.0,0.0,0.0,9.0,4.0,0.0,0.0,0.0,0.0,0.0,0.0,0.0,0.0,1.0,12.0,1.0,12.18,5.01,2.51,1.49,0.0,0.1,0.0,361.3,0.0,-0.3,0.0,-1.2000000000000002,-169.70000000000002,0.0,0.0,169.60000000000002,0.0,21.4,28.9,28.9,30.9,300.0,300.0,31.6,35.9,28.8,28.1,29.9,4.95,1.99,4.96,0.16,0.0,0.0,1027.0,8228.0,0.0,0.0,0.0,0.0,0.0,1.0,0.0,0.0,0.0,0.0,0.0,-0.9,0.0,1.1,0.0,0.0,16.0,25903.0
2026-07-30T19:03:41.389Z,390.872,390.888,0.0,7.4,0.0,0.0,0.0,0.0,0.0,0.0,0.0,0.0,1.0,0.0,0.0,0.0,9.0,4.0,0.0,0.0,0.0,0.0,0.0,0.0,0.0,0.0,2.0,12.0,1.0,12.18,5.01,2.51,1.49,0.0,0.0,0.0,361.4,0.0,0.2,0.0,-0.6000000000000001,-169.70000000000002,0.0,0.0,169.70000000000002,0.0,21.4,28.9,28.9,30.9,300.0,300.0,31.6,35.9,28.8,28.1,29.9,4.96,1.99,4.96,0.16,0.0,0.0,1027.0,8228.0,0.0,0.0,0.0,0.0,0.0,1.0,0.0,0.0,0.0,0.0,0.0,-0.4,0.0,0.6000000000000001,0.0,0.0,16.0,25903.0
2026-07-30T19:03:41.401Z,390.884,390.9,0.0,7.4,0.0,0.0,0.0,0.0,0.0,0.0,0.0,0.0,1.0,0.0,0.0,0.0,9.0,4.0,0.0,0.0,0.0,0.0,0.0,0.0,0.0,0.0,4.0,12.0,1.0,12.18,5.01,2.51,1.49,0.0,0.0,0.0,361.3,0.0,0.2,-0.5,1.0,-169.70000000000002,0.0,0.0,169.70000000000002,0.0,21.4,28.9,28.9,30.9,300.0,300.0,31.6,35.9,28.8,28.1,29.9,4.95,1.99,4.96,0.16,0.0,0.0,1027.0,8228.0,0.0,0.0,0.0,0.0,0.0,1.0,0.0,0.0,0.0,0.0,0.0,0.1,0.0,-1.0,0.0,0.0,16.0,25903.0
2026-07-30T19:03:41.413Z,390.896,390.912,0.0,7.4,0.0,0.0,0.0,0.0,0.0,0.0,0.0,0.0,1.0,0.0,0.0,0.0,9.0,4.0,0.0,0.0,0.0,0.0,0.0,0.0,0.0,0.0,5.0,12.0,1.0,12.18,5.01,2.51,1.49,0.0,0.1,0.0,361.3,0.0,0.8,0.6000000000000001,-0.1,-169.70000000000002,0.0,0.0,169.70000000000002,0.0,21.4,28.9,28.9,30.9,300.0,300.0,31.6,35.9,28.8,28.1,29.9,4.95,1.99,4.96,0.16,0.0,0.0,1027.0,8228.0,0.0,0.0,0.0,0.0,0.0,1.0,0.0,0.0,0.0,0.0,0.0,0.5,0.0,0.2,0.0,0.0,16.0,25903.0
2026-07-30T19:03:41.425Z,390.908,390.924,0.0,7.4,0.0,0.0,0.0,0.0,0.0,0.0,0.0,0.0,1.0,0.0,0.0,0.0,9.0,4.0,0.0,0.0,0.0,0.0,0.0,0.0,0.0,0.0,6.0,12.0,1.0,12.18,5.01,2.51,1.49,0.0,0.0,0.0,361.3,0.0,0.2,1.7000000000000002,-0.7000000000000001,-169.70000000000002,0.0,0.0,169.8,0.0,21.4,28.9,28.9,30.9,300.0,300.0,31.6,35.9,28.8,28.1,29.9,4.95,1.99,4.96,0.16,0.0,0.0,1027.0,8228.0,0.0,0.0,0.0,0.0,0.0,1.0,0.0,0.0,0.0,0.0,0.0,1.5,0.0,0.9,0.0,0.0,16.0,25903.0
2026-07-30T19:03:41.438Z,390.921,390.936,0.0,7.4,0.0,0.0,0.0,0.0,0.0,0.0,0.0,0.0,1.0,0.0,0.0,0.0,9.0,4.0,0.0,0.0,0.0,0.0,0.0,0.0,0.0,0.0,2.0,12.0,1.0,12.18,5.01,2.51,1.49,0.0,0.0,0.0,361.4,0.0,-0.3,0.6000000000000001,0.4,-169.70000000000002,0.0,0.0,169.70000000000002,0.0,21.4,28.9,28.9,30.9,300.0,300.0,31.6,35.9,28.8,28.1,29.9,4.95,1.99,4.96,0.16,0.0,0.0,1027.0,8228.0,0.0,0.0,0.0,0.0,0.0,1.0,0.0,0.0,0.0,0.0,0.0,0.9,0.0,-0.2,0.0,0.0,16.0,25903.0
2026-07-30T19:03:41.450Z,390.933,390.948,0.0,7.4,0.0,0.0,0.0,0.0,0.0,0.0,0.0,0.0,1.0,0.0,0.0,0.0,9.0,4.0,0.0,0.0,0.0,0.0,0.0,0.0,0.0,0.0,3.0,12.0,1.0,12.1,5.0200000000000005,2.51,1.5,0.0,0.0,0.0,361.3,0.0,-0.3,0.6000000000000001,-0.1,-169.70000000000002,0.0,0.0,169.60000000000002,0.0,21.700000000000003,28.9,28.9,30.9,300.0,300.0,31.700000000000003,35.9,28.8,28.1,29.9,4.95,1.99,4.97,0.16,0.0,0.0,1027.0,8228.0,0.0,0.0,0.0,0.0,0.0,1.0,0.0,0.0,0.0,0.0,0.0,0.6000000000000001,0.0,0.2,0.0,0.0,16.0,25903.0
2026-07-30T19:03:41.461Z,390.944,390.96,0.0,7.4,0.0,0.0,0.0,0.0,0.0,0.0,0.0,0.0,1.0,0.0,0.0,0.0,9.0,4.0,0.0,0.0,0.0,0.0,0.0,0.0,0.0,0.0,5.0,12.0,1.0,12.1,5.0200000000000005,2.51,1.5,0.0,0.0,0.0,361.3,0.0,-0.3,-0.4,-0.1,-169.70000000000002,0.0,0.0,169.70000000000002,0.0,21.700000000000003,28.9,28.9,30.9,300.0,300.0,31.700000000000003,35.9,28.8,28.1,29.9,4.95,1.99,4.97,0.16,0.0,0.0,1027.0,8228.0,0.0,0.0,0.0,0.0,0.0,1.0,0.0,0.0,0.0,0.0,0.0,-0.6000000000000001,0.0,0.0,0.0,0.0,16.0,25903.0
2026-07-30T19:03:41.473Z,390.956,390.972,0.0,7.4,0.0,0.0,0.0,0.0,0.0,0.0,0.0,0.0,1.0,0.0,0.0,0.0,9.0,4.0,0.0,0.0,0.0,0.0,0.0,0.0,0.0,0.0,6.0,12.0,1.0,12.1,5.0200000000000005,2.51,1.5,0.0,0.0,0.0,361.3,0.0,-0.3,1.2000000000000002,-0.1,-169.70000000000002,0.0,0.0,169.70000000000002,0.0,21.700000000000003,28.9,28.9,30.9,300.0,300.0,31.700000000000003,35.9,28.8,28.1,29.9,4.95,1.99,4.96,0.16,0.0,0.0,1027.0,8228.0,0.0,0.0,0.0,0.0,0.0,1.0,0.0,0.0,0.0,0.0,0.0,1.3,0.0,0.3,0.0,0.0,16.0,25903.0
2026-07-30T19:03:41.485Z,390.968,390.984,0.0,7.4,0.0,0.0,0.0,0.0,0.0,0.0,0.0,0.0,1.0,0.0,0.0,0.0,9.0,4.0,0.0,0.0,0.0,0.0,0.0,0.0,0.0,0.0,2.0,12.0,1.0,12.1,5.0200000000000005,2.51,1.5,0.0,0.0,0.0,361.3,0.0,0.2,-0.4,-0.7000000000000001,-169.70000000000002,0.0,0.0,169.60000000000002,0.0,21.700000000000003,28.9,28.9,30.9,300.0,300.0,31.700000000000003,35.9,28.8,28.1,29.9,4.96,1.99,4.96,0.16,0.0,0.0,1027.0,8228.0,0.0,0.0,0.0,0.0,0.0,1.0,0.0,0.0,0.0,0.0,0.0,-1.0,0.0,0.5,0.0,0.0,16.0,25903.0
2026-07-30T19:03:41.497Z,390.98,390.996,0.0,7.4,0.0,0.0,0.0,0.0,0.0,0.0,0.0,0.0,1.0,0.0,0.0,0.0,9.0,4.0,0.0,0.0,0.0,0.0,0.0,0.0,0.0,0.0,3.0,12.0,1.0,12.1,5.0200000000000005,2.51,1.5,0.0,0.0,0.0,361.4,0.0,0.8,-0.4,-0.1,-169.70000000000002,0.0,0.0,169.70000000000002,0.0,21.700000000000003,28.9,28.9,30.9,300.0,300.0,31.700000000000003,35.9,28.8,28.1,29.9,4.95,1.99,4.97,0.16,0.0,0.0,1027.0,8228.0,0.0,0.0,0.0,0.0,0.0,1.0,0.0,0.0,0.0,0.0,0.0,-0.6000000000000001,0.0,0.0,0.0,0.0,16.0,25903.0
2026-07-30T19:03:41.509Z,390.992,391.008,0.0,7.4,0.0,0.0,0.0,0.0,0.0,0.0,0.0,0.0,1.0,0.0,0.0,0.0,9.0,4.0,0.0,0.0,0.0,0.0,0.0,0.0,0.0,0.0,5.0,12.0,1.0,12.1,5.0200000000000005,2.51,1.5,0.0,0.1,0.0,361.3,0.0,0.2,-0.5,1.0,-169.70000000000002,0.0,0.0,169.60000000000002,0.0,21.700000000000003,28.9,28.9,30.9,300.0,300.0,31.700000000000003,35.9,28.8,28.1,29.9,4.95,1.99,4.96,0.16,0.0,0.0,1027.0,8228.0,0.0,0.0,0.0,0.0,0.0,1.0,0.0,0.0,0.0,0.0,0.0,0.1,0.0,-1.0,0.0,0.0,16.0,25903.0
2026-07-30T19:03:41.521Z,391.004,391.02,0.0,7.4,0.0,0.0,0.0,0.0,0.0,0.0,0.0,0.0,1.0,0.0,0.0,0.0,9.0,4.0,0.0,0.0,0.0,0.0,0.0,0.0,0.0,0.0,6.0,12.0,1.0,12.1,5.0200000000000005,2.51,1.5,0.0,0.0,0.0,361.3,0.0,-0.2,-0.5,-1.2000000000000002,-169.70000000000002,0.0,0.0,169.70000000000002,0.0,21.700000000000003,28.9,28.9,30.9,300.0,300.0,31.700000000000003,35.9,28.8,28.1,29.9,4.95,1.99,4.97,0.16,0.0,0.0,1027.0,8228.0,0.0,0.0,0.0,0.0,0.0,1.0,0.0,0.0,0.0,0.0,0.0,-1.5,0.0,1.0,0.0,0.0,16.0,25903.0
2026-07-30T19:03:41.533Z,391.016,391.032,0.0,7.4,0.0,0.0,0.0,0.0,0.0,0.0,0.0,0.0,1.0,0.0,0.0,0.0,9.0,4.0,0.0,0.0,0.0,0.0,0.0,0.0,0.0,0.0,2.0,12.0,1.0,12.1,5.0200000000000005,2.51,1.5,0.0,0.0,0.0,361.3,0.0,0.3,0.6000000000000001,0.4,-169.70000000000002,0.0,0.0,169.70000000000002,0.0,21.700000000000003,28.9,28.9,30.9,300.0,300.0,31.700000000000003,35.9,28.8,28.1,29.9,4.96,1.99,4.97,0.16,0.0,0.0,1027.0,8228.0,0.0,0.0,0.0,0.0,0.0,1.0,0.0,0.0,0.0,0.0,0.0,1.1,0.0,-0.2,0.0,0.0,16.0,25903.0
2026-07-30T19:03:41.545Z,391.028,391.044,0.0,7.4,0.0,0.0,0.0,0.0,0.0,0.0,0.0,0.0,1.0,0.0,0.0,0.0,9.0,4.0,0.0,0.0,0.0,0.0,0.0,0.0,0.0,0.0,3.0,12.0,1.0,12.1,5.0200000000000005,2.51,1.5,0.0,0.0,0.0,361.4,0.0,0.3,0.0,0.0,-169.70000000000002,0.0,0.0,169.70000000000002,0.0,21.700000000000003,28.9,28.9,30.9,300.0,300.0,31.700000000000003,35.9,28.8,28.1,29.9,4.96,1.99,4.97,0.16,0.0,0.0,1027.0,8228.0,0.0,0.0,0.0,0.0,0.0,1.0,0.0,0.0,0.0,0.0,0.0,0.0,0.0,0.0,0.0,0.0,16.0,25903.0
2026-07-30T19:03:41.557Z,391.04,391.056,0.0,7.4,0.0,0.0,0.0,0.0,0.0,0.0,0.0,0.0,1.0,0.0,0.0,0.0,9.0,4.0,0.0,0.0,0.0,0.0,0.0,0.0,0.0,0.0,5.0,12.0,1.0,12.15,5.0200000000000005,2.51,1.49,0.0,0.0,0.0,361.4,0.0,0.3,-0.5,0.5,-169.70000000000002,0.0,0.0,169.70000000000002,0.0,21.8,28.9,28.9,30.9,300.0,300.0,31.700000000000003,35.9,28.8,28.0,29.9,4.96,2.0,4.96,0.16,0.0,0.0,1027.0,8228.0,0.0,0.0,0.0,0.0,0.0,1.0,0.0,0.0,0.0,0.0,0.0,-0.1,0.0,-0.5,0.0,0.0,16.0,25903.0
2026-07-30T19:03:41.569Z,391.052,391.068,0.0,7.4,0.0,0.0,0.0,0.0,0.0,0.0,0.0,0.0,1.0,0.0,0.0,0.0,9.0,4.0,0.0,0.0,0.0,0.0,0.0,0.0,0.0,0.0,6.0,12.0,1.0,12.15,5.0200000000000005,2.51,1.49,0.0,0.0,0.0,361.3,0.0,-0.2,-0.5,-1.2000000000000002,-169.70000000000002,0.0,0.0,169.70000000000002,0.0,21.8,28.9,28.9,30.9,300.0,300.0,31.700000000000003,35.9,28.8,28.0,29.9,4.96,1.99,4.97,0.16,0.0,0.0,1027.0,8228.0,0.0,0.0,0.0,0.0,0.0,1.0,0.0,0.0,0.0,0.0,0.0,-1.5,0.0,0.9,0.0,0.0,16.0,25903.0
2026-07-30T19:03:41.581Z,391.064,391.08,0.0,7.4,0.0,0.0,0.0,0.0,0.0,0.0,0.0,0.0,1.0,0.0,0.0,0.0,9.0,4.0,0.0,0.0,0.0,0.0,0.0,0.0,0.0,0.0,1.0,12.0,1.0,12.15,5.0200000000000005,2.51,1.49,0.0,0.0,0.0,361.4,0.0,-0.2,-0.4,-0.6000000000000001,-169.70000000000002,0.0,0.0,169.8,0.0,21.8,28.9,28.9,30.9,300.0,300.0,31.700000000000003,35.9,28.8,28.0,29.9,4.95,2.0,4.97,0.16,0.0,0.0,1027.0,8228.0,0.0,0.0,0.0,0.0,0.0,1.0,0.0,0.0,0.0,0.0,0.0,-1.0,0.0,0.4,0.0,0.0,16.0,25903.0
2026-07-30T19:03:41.593Z,391.076,391.092,0.0,7.4,0.0,0.0,0.0,0.0,0.0,0.0,0.0,0.0,1.0,0.0,0.0,0.0,9.0,4.0,0.0,0.0,0.0,0.0,0.0,0.0,0.0,0.0,3.0,12.0,1.0,12.15,5.0200000000000005,2.51,1.49,0.0,0.0,0.0,361.4,0.0,0.3,0.1,0.0,-169.70000000000002,0.0,0.0,169.60000000000002,0.0,21.8,28.9,28.9,30.9,300.0,300.0,31.700000000000003,35.9,28.8,28.0,29.9,4.96,2.0,4.96,0.16,0.0,0.0,1027.0,8228.0,0.0,0.0,0.0,0.0,0.0,1.0,0.0,0.0,0.0,0.0,0.0,0.0,0.0,0.0,0.0,0.0,16.0,25903.0
2026-07-30T19:03:41.606Z,391.089,391.104,0.0,7.4,0.0,0.0,0.0,0.0,0.0,0.0,0.0,0.0,1.0,0.0,0.0,0.0,9.0,4.0,0.0,0.0,0.0,0.0,0.0,0.0,0.0,0.0,4.0,12.0,1.0,12.15,5.0200000000000005,2.51,1.49,0.0,0.0,0.0,361.4,0.0,0.3,0.1,0.0,-169.60000000000002,0.0,0.0,169.70000000000002,0.0,21.8,28.9,28.9,30.9,300.0,300.0,31.700000000000003,35.9,28.8,28.0,29.9,4.95,1.99,4.97,0.16,0.0,0.0,1027.0,8228.0,0.0,0.0,0.0,0.0,0.0,1.0,0.0,0.0,0.0,0.0,0.0,0.0,0.0,0.0,0.0,0.0,16.0,25903.0
2026-07-30T19:03:41.618Z,391.101,391.116,0.0,7.4,0.0,0.0,0.0,0.0,0.0,0.0,0.0,0.0,1.0,0.0,0.0,0.0,9.0,4.0,0.0,0.0,0.0,0.0,0.0,0.0,0.0,0.0,5.0,12.0,1.0,12.15,5.0200000000000005,2.51,1.49,0.0,0.0,0.0,361.4,0.0,0.2,0.0,1.0,-169.60000000000002,0.0,0.0,169.70000000000002,0.0,21.8,28.9,28.9,30.9,300.0,300.0,31.700000000000003,35.9,28.8,28.0,29.9,4.95,2.0,4.97,0.16,0.0,0.0,1027.0,8228.0,0.0,0.0,0.0,0.0,0.0,1.0,0.0,0.0,0.0,0.0,0.0,0.0,0.0,0.1,0.0,0.0,16.0,25903.0
2026-07-30T19:03:41.630Z,391.113,391.128,0.0,7.4,0.0,0.0,0.0,0.0,0.0,0.0,0.0,0.0,1.0,0.0,0.0,0.0,9.0,4.0,0.0,0.0,0.0,0.0,0.0,0.0,0.0,0.0,6.0,12.0,1.0,12.15,5.0200000000000005,2.51,1.49,0.0,0.0,0.0,361.3,0.0,0.2,0.0,-0.7000000000000001,-169.60000000000002,0.0,0.0,169.60000000000002,0.0,21.8,28.9,28.9,30.9,300.0,300.0,31.700000000000003,35.9,28.8,28.0,29.9,4.96,2.0,4.97,0.16,0.0,0.0,1027.0,8228.0,0.0,0.0,0.0,0.0,0.0,1.0,0.0,0.0,0.0,0.0,0.0,0.3,0.0,-0.3,0.0,0.0,16.0,25903.0
2026-07-30T19:03:41.641Z,391.124,391.14,0.0,7.4,0.0,0.0,0.0,0.0,0.0,0.0,0.0,0.0,1.0,0.0,0.0,0.0,9.0,4.0,0.0,0.0,0.0,0.0,0.0,0.0,0.0,0.0,2.0,12.0,1.0,12.15,5.0200000000000005,2.51,1.49,0.0,0.0,0.0,361.4,0.0,0.2,0.0,-0.1,-169.60000000000002,0.0,0.0,169.60000000000002,0.0,21.8,28.9,28.9,30.9,300.0,300.0,31.700000000000003,35.9,28.8,28.0,29.9,4.96,2.0,4.96,0.16,0.0,0.0,1027.0,8228.0,0.0,0.0,0.0,0.0,0.0,1.0,0.0,0.0,0.0,0.0,0.0,-0.7000000000000001,0.0,0.0,0.0,0.0,16.0,25903.0
2026-07-30T19:03:41.654Z,391.137,391.152,0.0,7.4,0.0,0.0,0.0,0.0,0.0,0.0,0.0,0.0,1.0,0.0,0.0,0.0,9.0,4.0,0.0,0.0,0.0,0.0,0.0,0.0,0.0,0.0,3.0,12.0,1.0,12.17,5.0200000000000005,2.5,1.49,0.0,0.0,0.0,361.3,0.0,0.8,0.0,0.4,-169.60000000000002,0.0,0.0,169.70000000000002,0.0,21.700000000000003,28.9,28.9,30.9,300.0,300.0,31.700000000000003,35.9,28.8,28.1,29.9,4.96,1.99,4.97,0.16,0.0,0.0,1027.0,8228.0,0.0,0.0,0.0,0.0,0.0,1.0,0.0,0.0,0.0,0.0,0.0,0.3,0.0,-0.3,0.0,0.0,16.0,25903.0
2026-07-30T19:03:41.666Z,391.149,391.164,0.0,7.4,0.0,0.0,0.0,0.0,0.0,0.0,0.0,0.0,1.0,0.0,0.0,0.0,9.0,4.0,0.0,0.0,0.0,0.0,0.0,0.0,0.0,0.0,5.0,12.0,1.0,12.17,5.0200000000000005,2.5,1.49,0.0,0.0,0.0,361.3,0.0,-0.3,0.0,-0.1,-169.60000000000002,0.0,0.0,169.60000000000002,0.0,21.700000000000003,28.9,28.9,30.9,300.0,300.0,31.700000000000003,35.9,28.8,28.1,29.9,4.96,1.99,4.96,0.16,0.0,0.0,1027.0,8228.0,0.0,0.0,0.0,0.0,0.0,1.0,0.0,0.0,0.0,0.0,0.0,-0.1,0.0,0.1,0.0,0.0,16.0,25903.0
2026-07-30T19:03:41.677Z,391.16,391.176,0.0,7.4,0.0,0.0,0.0,0.0,0.0,0.0,0.0,0.0,1.0,0.0,0.0,0.0,9.0,4.0,0.0,0.0,0.0,0.0,0.0,0.0,0.0,0.0,1.0,12.0,1.0,12.17,5.0200000000000005,2.5,1.49,0.0,0.0,0.0,361.3,0.0,-0.3,0.6000000000000001,-0.7000000000000001,-169.60000000000002,0.0,0.0,169.70000000000002,0.0,21.700000000000003,28.9,28.9,30.9,300.0,300.0,31.700000000000003,35.9,28.8,28.1,29.9,4.96,1.99,4.96,0.16,0.0,0.0,1027.0,8228.0,0.0,0.0,0.0,0.0,0.0,1.0,0.0,0.0,0.0,0.0,0.0,0.1,0.0,0.7000000000000001,0.0,0.0,16.0,25903.0
2026-07-30T19:03:41.689Z,391.172,391.188,0.0,7.4,0.0,0.0,0.0,0.0,0.0,0.0,0.0,0.0,1.0,0.0,0.0,0.0,9.0,4.0,0.0,0.0,0.0,0.0,0.0,0.0,0.0,0.0,2.0,12.0,1.0,12.17,5.0200000000000005,2.5,1.49,0.0,0.0,0.0,361.3,0.0,0.2,0.0,-0.7000000000000001,-169.60000000000002,0.0,0.0,169.8,0.0,21.700000000000003,28.9,28.9,30.9,300.0,300.0,31.700000000000003,35.9,28.8,28.1,29.9,4.95,1.99,4.97,0.16,0.0,0.0,1027.0,8228.0,0.0,0.0,0.0,0.0,0.0,1.0,0.0,0.0,0.0,0.0,0.0,-0.5,0.0,0.6000000000000001,0.0,0.0,16.0,25903.0
2026-07-30T19:03:41.701Z,391.184,391.2,0.0,7.4,0.0,0.0,0.0,0.0,0.0,0.0,0.0,0.0,1.0,0.0,0.0,0.0,9.0,4.0,0.0,0.0,0.0,0.0,0.0,0.0,0.0,0.0,3.0,12.0,1.0,12.17,5.0200000000000005,2.5,1.49,0.0,0.0,0.0,361.4,0.0,0.2,-1.1,-0.7000000000000001,-169.60000000000002,0.0,0.0,169.70000000000002,0.0,21.700000000000003,28.9,28.9,30.9,300.0,300.0,31.700000000000003,35.9,28.8,28.1,29.9,4.96,2.0,4.97,0.16,0.0,0.0,1027.0,8228.0,0.0,0.0,0.0,0.0,0.0,1.0,0.0,0.0,0.0,0.0,0.0,-1.8,0.0,0.4,0.0,0.0,16.0,25903.0
2026-07-30T19:03:41.713Z,391.196,391.212,0.0,7.4,0.0,0.0,0.0,0.0,0.0,0.0,0.0,0.0,1.0,0.0,0.0,0.0,9.0,4.0,0.0,0.0,0.0,0.0,0.0,0.0,0.0,0.0,5.0,12.0,1.0,12.17,5.0200000000000005,2.5,1.49,0.0,0.0,0.0,361.4,0.0,0.2,0.6000000000000001,-0.1,-169.60000000000002,0.0,0.0,169.8,0.0,21.700000000000003,28.9,28.9,30.9,300.0,300.0,31.700000000000003,35.9,28.8,28.1,29.9,4.96,2.0,4.97,0.16,0.0,0.0,1027.0,8228.0,0.0,0.0,0.0,0.0,0.0,1.0,0.0,0.0,0.0,0.0,0.0,0.6000000000000001,0.0,0.2,0.0,0.0,16.0,25903.0
2026-07-30T19:03:41.725Z,391.208,391.224,0.0,7.4,0.0,0.0,0.0,0.0,0.0,0.0,0.0,0.0,1.0,0.0,0.0,0.0,9.0,4.0,0.0,0.0,0.0,0.0,0.0,0.0,0.0,0.0,6.0,12.0,1.0,12.17,5.0200000000000005,2.5,1.49,0.0,0.0,0.0,361.4,0.0,0.2,0.6000000000000001,-0.1,-169.70000000000002,0.0,0.0,169.8,0.0,21.700000000000003,28.9,28.9,30.9,300.0,300.0,31.700000000000003,35.9,28.8,28.1,29.9,4.96,1.99,4.97,0.16,0.0,0.0,1027.0,8228.0,0.0,0.0,0.0,0.0,0.0,1.0,0.0,0.0,0.0,0.0,0.0,0.6000000000000001,0.0,0.2,0.0,0.0,16.0,25903.0
2026-07-30T19:03:41.737Z,391.22,391.236,0.0,7.4,0.0,0.0,0.0,0.0,0.0,0.0,0.0,0.0,1.0,0.0,0.0,0.0,9.0,4.0,0.0,0.0,0.0,0.0,0.0,0.0,0.0,0.0,2.0,12.0,1.0,12.17,5.0200000000000005,2.5,1.49,0.0,0.0,0.0,361.3,0.0,0.2,0.0,0.4,-169.70000000000002,0.0,0.0,169.8,0.0,21.700000000000003,28.9,28.9,30.9,300.0,300.0,31.700000000000003,35.9,28.8,28.1,29.9,4.95,1.99,4.97,0.16,0.0,0.0,1027.0,8228.0,0.0,0.0,0.0,0.0,0.0,1.0,0.0,0.0,0.0,0.0,0.0,0.3,0.0,-0.4,0.0,0.0,16.0,25903.0
2026-07-30T19:03:41.749Z,391.232,391.248,0.0,7.4,0.0,0.0,0.0,0.0,0.0,0.0,0.0,0.0,1.0,0.0,0.0,0.0,9.0,4.0,0.0,0.0,0.0,0.0,0.0,0.0,0.0,0.0,3.0,12.0,1.0,12.17,5.0200000000000005,2.5,1.49,0.0,0.0,0.0,361.3,0.0,0.8,1.2000000000000002,1.0,-169.70000000000002,0.0,0.0,169.60000000000002,0.0,21.700000000000003,28.9,28.9,30.9,300.0,300.0,31.700000000000003,35.9,28.8,28.1,29.9,4.96,1.99,4.96,0.16,0.0,0.0,1027.0,8228.0,0.0,0.0,0.0,0.0,0.0,1.0,0.0,0.0,0.0,0.0,0.0,2.1,0.0,-0.6000000000000001,0.0,0.0,16.0,25903.0
2026-07-30T19:03:41.761Z,391.244,391.26,0.0,7.4,0.0,0.0,0.0,0.0,0.0,0.0,0.0,0.0,1.0,0.0,0.0,0.0,9.0,4.0,0.0,0.0,0.0,0.0,0.0,0.0,0.0,0.0,5.0,12.0,1.0,12.17,5.01,2.51,1.49,0.0,0.0,0.0,361.4,0.0,-0.3,0.0,0.4,-169.70000000000002,0.0,0.0,169.60000000000002,0.0,21.700000000000003,28.9,28.9,30.9,300.0,300.0,31.700000000000003,35.9,28.9,28.1,29.9,4.96,1.99,4.97,0.16,0.0,0.0,1027.0,8228.0,0.0,0.0,0.0,0.0,0.0,1.0,0.0,0.0,0.0,0.0,0.0,0.3,0.0,-0.4,0.0,0.0,16.0,25903.0
2026-07-30T19:03:41.773Z,391.256,391.272,0.0,7.4,0.0,0.0,0.0,0.0,0.0,0.0,0.0,0.0,1.0,0.0,0.0,0.0,9.0,4.0,0.0,0.0,0.0,0.0,0.0,0.0,0.0,0.0,6.0,12.0,1.0,12.17,5.01,2.51,1.49,0.0,0.0,0.0,361.3,0.0,0.2,0.0,0.0,-169.60000000000002,0.0,0.0,169.70000000000002,0.0,21.700000000000003,28.9,28.9,30.9,300.0,300.0,31.700000000000003,35.9,28.9,28.1,29.9,4.95,1.99,4.97,0.16,0.0,0.0,1027.0,8228.0,0.0,0.0,0.0,0.0,0.0,1.0,0.0,0.0,0.0,0.0,0.0,0.0,0.0,0.0,0.0,0.0,16.0,25903.0
2026-07-30T19:03:41.785Z,391.268,391.284,0.0,7.4,0.0,0.0,0.0,0.0,0.0,0.0,0.0,0.0,1.0,0.0,0.0,0.0,9.0,4.0,0.0,0.0,0.0,0.0,0.0,0.0,0.0,0.0,2.0,12.0,1.0,12.17,5.01,2.51,1.49,0.0,0.0,0.0,361.3,0.0,0.3,0.0,0.5,-169.60000000000002,0.0,0.0,169.70000000000002,0.0,21.700000000000003,28.9,28.9,30.9,300.0,300.0,31.700000000000003,35.9,28.9,28.1,29.9,4.96,1.99,4.97,0.16,0.0,0.0,1027.0,8228.0,0.0,0.0,0.0,0.0,0.0,1.0,0.0,0.0,0.0,0.0,0.0,0.4,0.0,-0.4,0.0,0.0,16.0,25903.0
2026-07-30T19:03:41.797Z,391.28,391.296,0.0,7.4,0.0,0.0,0.0,0.0,0.0,0.0,0.0,0.0,1.0,0.0,0.0,0.0,9.0,4.0,0.0,0.0,0.0,0.0,0.0,0.0,0.0,0.0,3.0,12.0,1.0,12.17,5.01,2.51,1.49,0.0,0.0,0.0,361.4,0.0,-0.8,-1.0,-0.6000000000000001,-169.60000000000002,0.0,0.0,169.70000000000002,0.0,21.700000000000003,28.9,28.9,30.9,300.0,300.0,31.700000000000003,35.9,28.9,28.1,29.9,4.95,2.0,4.96,0.16,0.0,0.0,1027.0,8228.0,0.0,0.0,0.0,0.0,0.0,1.0,0.0,0.0,0.0,0.0,0.0,-1.7000000000000002,0.0,0.3,0.0,0.0,16.0,25903.0
2026-07-30T19:03:41.809Z,391.292,391.308,0.0,7.4,0.0,0.0,0.0,0.0,0.0,0.0,0.0,0.0,1.0,0.0,0.0,0.0,9.0,4.0,0.0,0.0,0.0,0.0,0.0,0.0,0.0,0.0,4.0,12.0,1.0,12.17,5.01,2.51,1.49,0.0,0.0,0.0,361.4,0.0,-0.8,-1.0,0.0,-169.60000000000002,0.0,0.0,169.70000000000002,0.0,21.700000000000003,28.9,28.9,30.9,300.0,300.0,31.700000000000003,35.9,28.9,28.1,29.9,4.95,1.99,4.97,0.16,0.0,0.0,1027.0,8228.0,0.0,0.0,0.0,0.0,0.0,1.0,0.0,0.0,0.0,0.0,0.0,-1.2000000000000002,0.0,-0.1,0.0,0.0,16.0,25903.0
2026-07-30T19:03:41.821Z,391.304,391.32,0.0,7.4,0.0,0.0,0.0,0.0,0.0,0.0,0.0,0.0,1.0,0.0,0.0,0.0,9.0,4.0,0.0,0.0,0.0,0.0,0.0,0.0,0.0,0.0,6.0,12.0,1.0,12.17,5.01,2.51,1.49,0.0,0.1,0.0,361.5,0.0,0.3,0.1,0.0,-169.60000000000002,0.0,0.0,169.60000000000002,0.0,21.700000000000003,28.9,28.9,30.9,300.0,300.0,31.700000000000003,35.9,28.9,28.1,29.9,4.95,1.99,4.97,0.16,0.0,0.0,1027.0,8228.0,0.0,0.0,0.0,0.0,0.0,1.0,0.0,0.0,0.0,0.0,0.0,0.1,0.0,0.0,0.0,0.0,16.0,25903.0
2026-07-30T19:03:41.833Z,391.316,391.332,0.0,7.4,0.0,0.0,0.0,0.0,0.0,0.0,0.0,0.0,1.0,0.0,0.0,0.0,9.0,4.0,0.0,0.0,0.0,0.0,0.0,0.0,0.0,0.0,1.0,12.0,1.0,12.17,5.01,2.51,1.49,0.0,0.0,0.0,361.4,0.0,-0.8,-1.0,-0.6000000000000001,-169.60000000000002,0.0,0.0,169.60000000000002,0.0,21.700000000000003,28.9,28.9,30.9,300.0,300.0,31.700000000000003,35.9,28.9,28.1,29.9,4.96,1.99,4.96,0.16,0.0,0.0,1027.0,8228.0,0.0,0.0,0.0,0.0,0.0,1.0,0.0,0.0,0.0,0.0,0.0,-1.6,0.0,0.3,0.0,0.0,16.0,25903.0
2026-07-30T19:03:41.845Z,391.328,391.344,0.0,7.4,0.0,0.0,0.0,0.0,0.0,0.0,0.0,0.0,1.0,0.0,0.0,0.0,9.0,4.0,0.0,0.0,0.0,0.0,0.0,0.0,0.0,0.0,3.0,12.0,1.0,12.17,5.01,2.51,1.49,0.0,0.0,0.0,361.3,0.0,0.3,-0.4,2.2,-169.60000000000002,0.0,0.0,169.60000000000002,0.0,21.700000000000003,28.9,28.9,30.9,300.0,300.0,31.700000000000003,35.9,28.9,28.1,29.9,4.95,1.99,4.97,0.16,0.0,0.0,1027.0,8228.0,0.0,0.0,0.0,0.0,0.0,1.0,0.0,0.0,0.0,0.0,0.0,1.1,0.0,-2.0,0.0,0.0,16.0,25903.0
2026-07-30T19:03:41.859Z,391.342,391.356,0.0,7.4,0.0,0.0,0.0,0.0,0.0,0.0,0.0,0.0,1.0,0.0,0.0,0.0,9.0,4.0,0.0,0.0,0.0,0.0,0.0,0.0,0.0,0.0,4.0,12.0,1.0,12.17,5.01,2.5,1.49,0.0,0.0,0.0,361.3,0.0,0.3,0.1,0.5,-169.60000000000002,0.0,0.0,169.60000000000002,0.0,21.8,28.9,28.9,30.9,300.0,300.0,31.6,35.9,28.9,28.0,29.9,4.95,2.0,4.96,0.16,0.0,0.0,1027.0,8228.0,0.0,0.0,0.0,0.0,0.0,1.0,0.0,0.0,0.0,0.0,0.0,0.5,0.0,-0.4,0.0,0.0,16.0,25903.0
2026-07-30T19:03:41.870Z,391.353,391.368,0.0,7.4,0.0,0.0,0.0,0.0,0.0,0.0,0.0,0.0,1.0,0.0,0.0,0.0,9.0,4.0,0.0,0.0,0.0,0.0,0.0,0.0,0.0,0.0,5.0,12.0,1.0,12.17,5.01,2.5,1.49,0.0,0.0,0.0,361.4,0.0,-0.3,-0.5,-1.2000000000000002,-169.60000000000002,0.0,0.0,169.60000000000002,0.0,21.8,28.9,28.9,30.9,300.0,300.0,31.6,35.9,28.9,28.0,29.9,4.96,2.0,4.96,0.16,0.0,0.0,1027.0,8228.0,0.0,0.0,0.0,0.0,0.0,1.0,0.0,0.0,0.0,0.0,0.0,-1.5,0.0,1.0,0.0,0.0,16.0,25903.0
2026-07-30T19:03:41.882Z,391.365,391.38,0.0,7.4,0.0,0.0,0.0,0.0,0.0,0.0,0.0,0.0,1.0,0.0,0.0,0.0,9.0,4.0,0.0,0.0,0.0,0.0,0.0,0.0,0.0,0.0,6.0,12.0,1.0,12.17,5.01,2.5,1.49,0.0,0.0,0.0,361.4,0.0,-0.3,-0.4,-0.7000000000000001,-169.60000000000002,0.0,0.0,169.60000000000002,0.0,21.8,28.9,28.9,30.9,300.0,300.0,31.6,35.9,28.9,28.0,29.9,4.96,2.0,4.96,0.16,0.0,0.0,1027.0,8228.0,0.0,0.0,0.0,0.0,0.0,1.0,0.0,0.0,0.0,0.0,0.0,-1.0,0.0,0.5,0.0,0.0,16.0,25903.0
2026-07-30T19:03:41.893Z,391.376,391.392,0.0,7.4,0.0,0.0,0.0,0.0,0.0,0.0,0.0,0.0,1.0,0.0,0.0,0.0,9.0,4.0,0.0,0.0,0.0,0.0,0.0,0.0,0.0,0.0,1.0,12.0,1.0,12.17,5.01,2.5,1.49,0.0,0.0,0.0,361.3,0.0,0.2,-0.5,0.4,-169.60000000000002,0.0,0.0,169.70000000000002,0.0,21.8,28.9,28.9,30.9,300.0,300.0,31.6,35.9,28.9,28.0,29.9,4.95,1.99,4.97,0.16,0.0,0.0,1027.0,8228.0,0.0,0.0,0.0,0.0,0.0,1.0,0.0,0.0,0.0,0.0,0.0,-0.2,0.0,-0.5,0.0,0.0,16.0,25903.0
2026-07-30T19:03:41.905Z,391.388,391.404,0.0,7.4,0.0,0.0,0.0,0.0,0.0,0.0,0.0,0.0,1.0,0.0,0.0,0.0,9.0,4.0,0.0,0.0,0.0,0.0,0.0,0.0,0.0,0.0,2.0,12.0,1.0,12.17,5.01,2.5,1.49,0.0,0.0,0.0,361.3,0.0,-0.3,1.2000000000000002,-1.2000000000000002,-169.60000000000002,0.0,0.0,169.70000000000002,0.0,21.8,28.9,28.9,30.9,300.0,300.0,31.6,35.9,28.9,28.0,29.9,4.95,1.99,4.96,0.16,0.0,0.0,1027.0,8228.0,0.0,0.0,0.0,0.0,0.0,1.0,0.0,0.0,0.0,0.0,0.0,0.4,0.0,1.3,0.0,0.0,16.0,25903.0
2026-07-30T19:03:41.917Z,391.4,391.416,0.0,7.4,0.0,0.0,0.0,0.0,0.0,0.0,0.0,0.0,1.0,0.0,0.0,0.0,9.0,4.0,0.0,0.0,0.0,0.0,0.0,0.0,0.0,0.0,3.0,12.0,1.0,12.17,5.01,2.5,1.49,0.0,0.0,0.0,361.3,0.0,0.2,0.0,0.5,-169.60000000000002,0.0,0.0,169.70000000000002,0.0,21.8,28.9,28.9,30.9,300.0,300.0,31.6,35.9,28.9,28.0,29.9,4.96,1.99,4.96,0.16,0.0,0.0,1027.0,8228.0,0.0,0.0,0.0,0.0,0.0,1.0,0.0,0.0,0.0,0.0,0.0,0.4,0.0,-0.4,0.0,0.0,16.0,25903.0
2026-07-30T19:03:41.929Z,391.412,391.428,0.0,7.4,0.0,0.0,0.0,0.0,0.0,0.0,0.0,0.0,1.0,0.0,0.0,0.0,9.0,4.0,0.0,0.0,0.0,0.0,0.0,0.0,0.0,0.0,5.0,12.0,1.0,12.17,5.01,2.5,1.49,0.0,0.0,0.0,361.4,0.0,0.8,-0.4,0.0,-169.60000000000002,0.0,0.0,169.70000000000002,0.0,21.8,28.9,28.9,30.9,300.0,300.0,31.6,35.9,28.9,28.0,29.9,4.95,1.99,4.97,0.16,0.0,0.0,1027.0,8228.0,0.0,0.0,0.0,0.0,0.0,1.0,0.0,0.0,0.0,0.0,0.0,-0.5,0.0,0.0,0.0,0.0,16.0,25903.0
2026-07-30T19:03:41.942Z,391.425,391.44,0.0,7.4,0.0,0.0,0.0,0.0,0.0,0.0,0.0,0.0,1.0,0.0,0.0,0.0,9.0,4.0,0.0,0.0,0.0,0.0,0.0,0.0,0.0,0.0,6.0,12.0,1.0,12.17,5.01,2.5,1.49,0.0,0.1,0.0,361.3,0.0,0.8,0.0,-2.3000000000000003,-169.60000000000002,0.0,0.0,169.70000000000002,0.0,21.8,28.9,28.9,30.9,300.0,300.0,31.6,35.9,28.9,28.0,29.9,4.96,1.99,4.96,0.16,0.0,0.0,1027.0,8228.0,0.0,0.0,0.0,0.0,0.0,1.0,0.0,0.0,0.0,0.0,0.0,-1.7000000000000002,0.0,2.0,0.0,0.0,16.0,25903.0
2026-07-30T19:03:41.953Z,391.436,391.452,0.0,7.4,0.0,0.0,0.0,0.0,0.0,0.0,0.0,0.0,1.0,0.0,0.0,0.0,9.0,4.0,0.0,0.0,0.0,0.0,0.0,0.0,0.0,0.0,2.0,12.0,1.0,12.17,5.01,2.5,1.49,0.0,0.0,0.0,361.3,0.0,0.2,0.6000000000000001,0.5,-169.60000000000002,0.0,0.0,169.70000000000002,0.0,21.8,28.9,28.9,30.9,300.0,300.0,31.6,35.9,28.9,28.0,29.9,4.96,2.0,4.96,0.16,0.0,0.0,1027.0,8228.0,0.0,0.0,0.0,0.0,0.0,1.0,0.0,0.0,0.0,0.0,0.0,1.1,0.0,-0.3,0.0,0.0,16.0,25903.0
2026-07-30T19:03:41.966Z,391.449,391.464,0.0,7.4,0.0,0.0,0.0,0.0,0.0,0.0,0.0,0.0,1.0,0.0,0.0,0.0,9.0,4.0,0.0,0.0,0.0,0.0,0.0,0.0,0.0,0.0,3.0,12.0,1.0,12.15,5.01,2.51,1.49,0.0,0.0,0.0,361.4,0.0,-0.3,0.0,0.0,-169.60000000000002,0.0,0.0,169.70000000000002,0.0,21.8,28.9,28.9,30.9,300.0,300.0,31.6,35.9,28.9,28.0,29.9,4.95,1.99,4.96,0.16,0.0,0.0,1027.0,8228.0,0.0,0.0,0.0,0.0,0.0,1.0,0.0,0.0,0.0,0.0,0.0,0.0,0.0,0.0,0.0,0.0,16.0,25903.0
2026-07-30T19:03:41.977Z,391.46,391.476,-0.1,7.4,0.0,0.0,0.0,0.0,0.0,0.0,0.0,0.0,1.0,0.0,0.0,0.0,9.0,4.0,0.0,0.0,0.0,0.0,0.0,0.0,0.0,0.0,5.0,12.0,1.0,12.15,5.01,2.51,1.49,0.0,0.0,0.0,361.3,0.0,-0.3,1.2000000000000002,0.0,-169.60000000000002,0.0,0.0,169.70000000000002,0.0,21.8,28.9,28.9,30.9,300.0,300.0,31.6,35.9,28.9,28.0,29.9,4.95,1.99,4.97,0.16,0.0,0.0,1027.0,8228.0,0.0,0.0,0.0,0.0,0.0,1.0,0.0,0.0,0.0,0.0,0.0,1.3,0.0,0.3,0.0,0.0,16.0,25903.0
2026-07-30T19:03:41.990Z,391.473,391.488,-0.1,7.4,0.0,0.0,0.0,0.0,0.0,0.0,0.0,0.0,1.0,0.0,0.0,0.0,9.0,4.0,0.0,0.0,0.0,0.0,0.0,0.0,0.0,0.0,6.0,12.0,1.0,12.15,5.01,2.51,1.49,0.0,0.0,0.0,361.3,0.0,0.2,-1.1,-0.6000000000000001,-169.60000000000002,0.0,0.0,169.70000000000002,0.0,21.8,28.9,28.9,30.9,300.0,300.0,31.6,35.9,28.9,28.0,29.9,4.96,2.0,4.96,0.16,0.0,0.0,1027.0,8228.0,0.0,0.0,0.0,0.0,0.0,1.0,0.0,0.0,0.0,0.0,0.0,-1.7000000000000002,0.0,0.3,0.0,0.0,16.0,25903.0
2026-07-30T19:03:42.002Z,391.485,391.5,0.0,7.4,0.0,0.0,0.0,0.0,0.0,0.0,0.0,0.0,1.0,0.0,0.0,0.0,9.0,4.0,0.0,0.0,0.0,0.0,0.0,0.0,0.0,0.0,1.0,12.0,1.0,12.15,5.01,2.51,1.49,0.0,0.0,0.0,361.3,0.0,0.8,0.6000000000000001,0.0,-169.60000000000002,0.0,0.0,169.70000000000002,0.0,21.8,28.9,28.9,30.9,300.0,300.0,31.6,35.9,28.9,28.0,29.9,4.96,2.0,4.96,0.16,0.0,0.0,1027.0,8228.0,0.0,0.0,0.0,0.0,0.0,1.0,0.0,0.0,0.0,0.0,0.0,0.6000000000000001,0.0,0.1,0.0,0.0,16.0,25903.0
2026-07-30T19:03:42.014Z,391.497,391.512,-0.1,7.4,0.0,0.0,0.0,0.0,0.0,0.0,0.0,0.0,1.0,0.0,0.0,0.0,9.0,4.0,0.0,0.0,0.0,0.0,0.0,0.0,0.0,0.0,2.0,12.0,1.0,12.15,5.01,2.51,1.49,0.0,0.0,0.0,361.3,0.0,-0.3,0.6000000000000001,0.5,-169.60000000000002,0.0,0.0,169.70000000000002,0.0,21.8,28.9,28.9,30.9,300.0,300.0,31.6,35.9,28.9,28.0,29.9,4.95,1.99,4.96,0.16,0.0,0.0,1027.0,8228.0,0.0,0.0,0.0,0.0,0.0,1.0,0.0,0.0,0.0,0.0,0.0,1.1,0.0,-0.3,0.0,0.0,16.0,25903.0
2026-07-30T19:03:42.025Z,391.508,391.524,-0.1,7.4,0.0,0.0,0.0,0.0,0.0,0.0,0.0,0.0,1.0,0.0,0.0,0.0,9.0,4.0,0.0,0.0,0.0,0.0,0.0,0.0,0.0,0.0,3.0,12.0,1.0,12.15,5.01,2.51,1.49,0.0,0.0,0.0,361.3,0.0,-0.2,0.1,0.5,-169.60000000000002,0.0,0.0,169.70000000000002,0.0,21.8,28.9,28.9,30.9,300.0,300.0,31.6,35.9,28.9,28.0,29.9,4.96,1.99,4.96,0.16,0.0,0.0,1027.0,8228.0,0.0,0.0,0.0,0.0,0.0,1.0,0.0,0.0,0.0,0.0,0.0,0.5,0.0,-0.4,0.0,0.0,16.0,25903.0
2026-07-30T19:03:42.038Z,391.521,391.536,-0.1,7.4,0.0,0.0,0.0,0.0,0.0,0.0,0.0,0.0,1.0,0.0,0.0,0.0,9.0,4.0,0.0,0.0,0.0,0.0,0.0,0.0,0.0,0.0,4.0,12.0,1.0,12.15,5.01,2.51,1.49,0.0,0.0,0.0,361.3,0.0,0.8,0.7000000000000001,0.5,-169.60000000000002,0.0,0.0,169.60000000000002,0.0,21.8,28.9,28.9,30.9,300.0,300.0,31.6,35.9,28.9,28.0,29.9,4.95,1.99,4.96,0.16,0.0,0.0,1027.0,8228.0,0.0,0.0,0.0,0.0,0.0,1.0,0.0,0.0,0.0,0.0,0.0,1.2000000000000002,0.0,-0.3,0.0,0.0,16.0,25903.0
2026-07-30T19:03:42.049Z,391.532,391.548,-0.1,7.4,0.0,0.0,0.0,0.0,0.0,0.0,0.0,0.0,1.0,0.0,0.0,0.0,9.0,4.0,0.0,0.0,0.0,0.0,0.0,0.0,0.0,0.0,6.0,12.0,1.0,12.15,5.01,2.51,1.49,0.0,0.0,0.0,361.3,0.0,-0.8,0.6000000000000001,0.0,-169.60000000000002,0.0,0.0,169.60000000000002,0.0,21.8,28.9,28.9,30.9,300.0,300.0,31.6,35.9,28.9,28.0,29.9,4.95,1.99,4.97,0.16,0.0,0.0,1027.0,8228.0,0.0,0.0,0.0,0.0,0.0,1.0,0.0,0.0,0.0,0.0,0.0,0.7000000000000001,0.0,0.1,0.0,0.0,16.0,25903.0
2026-07-30T19:03:42.063Z,391.546,391.56,0.0,7.4,0.0,0.0,0.0,0.0,0.0,0.0,0.0,0.0,1.0,0.0,0.0,0.0,9.0,4.0,0.0,0.0,0.0,0.0,0.0,0.0,0.0,0.0,1.0,12.0,1.0,12.18,5.0200000000000005,2.51,1.49,0.0,0.0,0.0,361.3,0.0,-0.2,-0.5,0.0,-169.60000000000002,0.0,0.0,169.60000000000002,0.0,21.700000000000003,28.9,28.9,30.9,300.0,300.0,31.5,35.9,28.9,28.0,29.9,4.95,1.99,4.97,0.16,0.0,0.0,1027.0,8228.0,0.0,0.0,0.0,0.0,0.0,1.0,0.0,0.0,0.0,0.0,0.0,-0.6000000000000001,0.0,0.0,0.0,0.0,16.0,25903.0
2026-07-30T19:03:42.073Z,391.556,391.572,0.0,7.4,0.0,0.0,0.0,0.0,0.0,0.0,0.0,0.0,1.0,0.0,0.0,0.0,9.0,4.0,0.0,0.0,0.0,0.0,0.0,0.0,0.0,0.0,3.0,12.0,1.0,12.18,5.0200000000000005,2.51,1.49,0.0,0.1,0.0,361.3,0.0,0.8,-0.4,1.1,-169.60000000000002,0.0,0.0,169.70000000000002,0.0,21.700000000000003,28.9,28.9,30.9,300.0,300.0,31.5,35.9,28.9,28.0,29.9,4.95,1.99,4.96,0.16,0.0,0.0,1027.0,8228.0,0.0,0.0,0.0,0.0,0.0,1.0,0.0,0.0,0.0,0.0,0.0,0.3,0.0,-1.1,0.0,0.0,16.0,25903.0
2026-07-30T19:03:42.086Z,391.569,391.584,0.0,7.4,0.0,0.0,0.0,0.0,0.0,0.0,0.0,0.0,1.0,0.0,0.0,0.0,9.0,4.0,0.0,0.0,0.0,0.0,0.0,0.0,0.0,0.0,4.0,12.0,1.0,12.18,5.0200000000000005,2.51,1.49,0.0,0.1,0.0,361.3,0.0,0.3,-0.4,0.5,-169.60000000000002,0.0,0.0,169.70000000000002,0.0,21.700000000000003,28.9,28.9,30.9,300.0,300.0,31.5,35.9,28.9,28.0,29.9,4.95,1.99,4.97,0.16,0.0,0.0,1027.0,8228.0,0.0,0.0,0.0,0.0,0.0,1.0,0.0,0.0,0.0,0.0,0.0,0.0,0.0,-0.5,0.0,0.0,16.0,25903.0
2026-07-30T19:03:42.098Z,391.581,391.596,0.0,7.4,0.0,0.0,0.0,0.0,0.0,0.0,0.0,0.0,1.0,0.0,0.0,0.0,9.0,4.0,0.0,0.0,0.0,0.0,0.0,0.0,0.0,0.0,4.0,12.0,1.0,12.18,5.0200000000000005,2.51,1.49,0.0,0.0,0.0,361.4,0.0,-0.2,0.1,0.5,-169.60000000000002,0.0,0.0,169.60000000000002,0.0,21.700000000000003,28.9,28.9,30.9,300.0,300.0,31.5,35.9,28.9,28.0,29.9,4.95,1.99,4.96,0.16,0.0,0.0,1027.0,8228.0,0.0,0.0,0.0,0.0,0.0,1.0,0.0,0.0,0.0,0.0,0.0,0.6000000000000001,0.0,-0.4,0.0,0.0,16.0,25903.0
2026-07-30T19:03:42.110Z,391.593,391.608,0.0,7.4,0.0,0.0,0.0,0.0,0.0,0.0,0.0,0.0,1.0,0.0,0.0,0.0,9.0,4.0,0.0,0.0,0.0,0.0,0.0,0.0,0.0,0.0,5.0,12.0,1.0,12.18,5.0200000000000005,2.51,1.49,0.0,0.0,0.0,361.3,0.0,-0.2,0.0,1.1,-169.60000000000002,0.0,0.0,169.70000000000002,0.0,21.700000000000003,28.9,28.9,30.9,300.0,300.0,31.5,35.9,28.9,28.0,29.9,4.96,1.99,4.96,0.16,0.0,0.0,1027.0,8228.0,0.0,0.0,0.0,0.0,0.0,1.0,0.0,0.0,0.0,0.0,0.0,0.9,0.0,-0.9,0.0,0.0,16.0,25903.0
2026-07-30T19:03:42.121Z,391.604,391.62,0.0,7.4,0.0,0.0,0.0,0.0,0.0,0.0,0.0,0.0,1.0,0.0,0.0,0.0,9.0,4.0,0.0,0.0,0.0,0.0,0.0,0.0,0.0,0.0,6.0,12.0,1.0,12.18,5.0200000000000005,2.51,1.49,0.0,0.1,0.0,361.3,0.0,-0.8,-0.4,-1.2000000000000002,-169.60000000000002,0.0,0.0,169.60000000000002,0.0,21.700000000000003,28.9,28.9,30.9,300.0,300.0,31.5,35.9,28.9,28.0,29.9,4.96,1.99,4.96,0.16,0.0,0.0,1027.0,8228.0,0.0,0.0,0.0,0.0,0.0,1.0,0.0,0.0,0.0,0.0,0.0,-0.1,0.0,-0.5,0.0,0.0,16.0,25903.0
2026-07-30T19:03:42.134Z,391.617,391.632,0.0,7.4,0.0,0.0,0.0,0.0,0.0,0.0,0.0,0.0,1.0,0.0,0.0,0.0,9.0,4.0,0.0,0.0,0.0,0.0,0.0,0.0,0.0,0.0,1.0,12.0,1.0,12.18,5.0200000000000005,2.51,1.49,0.0,0.0,0.0,361.3,0.0,0.8,0.1,0.0,-169.60000000000002,0.0,0.0,169.60000000000002,0.0,21.700000000000003,28.9,28.9,30.9,300.0,300.0,31.5,35.9,28.9,28.0,29.9,4.95,1.99,4.97,0.16,0.0,0.0,1027.0,8228.0,0.0,0.0,0.0,0.0,0.0,1.0,0.0,0.0,0.0,0.0,0.0,-0.1,0.0,1.2000000000000002,0.0,0.0,16.0,25903.0
2026-07-30T19:03:42.146Z,391.629,391.644,0.0,7.4,0.0,0.0,0.0,0.0,0.0,0.0,0.0,0.0,1.0,0.0,0.0,0.0,9.0,4.0,0.0,0.0,0.0,0.0,0.0,0.0,0.0,0.0,2.0,12.0,1.0,12.18,5.0200000000000005,2.51,1.49,0.0,0.0,0.0,361.3,0.0,0.2,0.1,0.0,-169.60000000000002,0.0,0.0,169.60000000000002,0.0,21.700000000000003,28.9,28.9,30.9,300.0,300.0,31.5,35.9,28.9,28.0,29.9,4.95,1.99,4.96,0.16,0.0,0.0,1027.0,8228.0,0.0,0.0,0.0,0.0,0.0,1.0,0.0,0.0,0.0,0.0,0.0,0.9,0.0,-0.9,0.0,0.0,16.0,25903.0
2026-07-30T19:03:42.157Z,391.64,391.656,0.0,7.4,0.0,0.0,0.0,0.0,0.0,0.0,0.0,0.0,1.0,0.0,0.0,0.0,9.0,4.0,0.0,0.0,0.0,0.0,0.0,0.0,0.0,0.0,4.0,12.0,1.0,12.18,5.0200000000000005,2.51,1.49,0.0,0.0,0.0,361.4,0.0,0.2,0.1,1.0,-169.60000000000002,0.0,0.0,169.60000000000002,0.0,21.700000000000003,28.9,28.9,30.9,300.0,300.0,31.5,35.9,28.9,28.0,29.9,4.96,1.99,4.96,0.16,0.0,0.0,1027.0,8228.0,0.0,0.0,0.0,0.0,0.0,1.0,0.0,0.0,0.0,0.0,0.0,0.0,0.0,0.1,0.0,0.0,16.0,25903.0
2026-07-30T19:03:42.169Z,391.652,391.668,0.0,7.4,0.0,0.0,0.0,0.0,0.0,0.0,0.0,0.0,1.0,0.0,0.0,0.0,9.0,4.0,0.0,0.0,0.0,0.0,0.0,0.0,0.0,0.0,5.0,12.0,1.0,12.13,5.0200000000000005,2.51,1.49,0.0,0.0,0.0,361.3,0.0,-0.3,0.1,-0.1,-169.60000000000002,0.0,0.0,169.60000000000002,0.0,21.3,28.9,28.9,30.9,300.0,300.0,31.700000000000003,35.9,28.8,28.0,29.9,4.95,1.99,4.97,0.16,0.0,0.0,1027.0,8228.0,0.0,0.0,0.0,0.0,0.0,1.0,0.0,0.0,0.0,0.0,0.0,0.0,0.0,0.1,0.0,0.0,16.0,25903.0
2026-07-30T19:03:42.181Z,391.664,391.68,0.0,7.4,0.0,0.0,0.0,0.0,0.0,0.0,0.0,0.0,1.0,0.0,0.0,0.0,9.0,4.0,0.0,0.0,0.0,0.0,0.0,0.0,0.0,0.0,1.0,12.0,1.0,12.13,5.0200000000000005,2.51,1.49,-0.1,0.1,0.0,361.4,0.0,-0.3,0.7000000000000001,1.0,-169.60000000000002,0.0,0.0,169.70000000000002,0.0,21.3,28.9,28.9,30.9,300.0,300.0,31.700000000000003,35.9,28.8,28.0,29.9,4.96,1.99,4.96,0.16,0.0,0.0,1027.0,8228.0,0.0,0.0,0.0,0.0,0.0,1.0,0.0,0.0,0.0,0.0,0.0,1.5,0.0,-0.7000000000000001,0.0,0.0,16.0,25903.0
2026-07-30T19:03:42.193Z,391.676,391.692,0.0,7.4,0.0,0.0,0.0,0.0,0.0,0.0,0.0,0.0,1.0,0.0,0.0,0.0,9.0,4.0,0.0,0.0,0.0,0.0,0.0,0.0,0.0,0.0,2.0,12.0,1.0,12.13,5.0200000000000005,2.51,1.49,0.0,0.0,0.0,361.3,0.0,-0.3,1.3,0.4,-169.60000000000002,0.0,0.0,169.70000000000002,0.0,21.3,28.9,28.9,30.9,300.0,300.0,31.700000000000003,35.9,28.8,28.0,29.9,4.96,1.99,4.96,0.16,0.0,0.0,1027.0,8228.0,0.0,0.0,0.0,0.0,0.0,1.0,0.0,0.0,0.0,0.0,0.0,1.8,0.0,-0.1,0.0,0.0,16.0,25903.0
2026-07-30T19:03:42.205Z,391.688,391.704,0.0,7.4,0.0,0.0,0.0,0.0,0.0,0.0,0.0,0.0,1.0,0.0,0.0,0.0,9.0,4.0,0.0,0.0,0.0,0.0,0.0,0.0,0.0,0.0,4.0,12.0,1.0,12.13,5.0200000000000005,2.51,1.49,0.0,0.0,0.0,361.3,0.0,0.2,0.1,0.4,-169.60000000000002,0.0,0.0,169.70000000000002,0.0,21.3,28.9,28.9,30.9,300.0,300.0,31.700000000000003,35.9,28.8,28.0,29.9,4.95,1.99,4.96,0.16,0.0,0.0,1027.0,8228.0,0.0,0.0,0.0,0.0,0.0,1.0,0.0,0.0,0.0,0.0,0.0,0.5,0.0,-0.3,0.0,0.0,16.0,25903.0
2026-07-30T19:03:42.218Z,391.701,391.716,0.0,7.4,0.0,0.0,0.0,0.0,0.0,0.0,0.0,0.0,1.0,0.0,0.0,0.0,9.0,4.0,0.0,0.0,0.0,0.0,0.0,0.0,0.0,0.0,5.0,12.0,1.0,12.13,5.0200000000000005,2.51,1.49,0.0,0.0,0.0,361.4,0.0,-0.3,0.7000000000000001,0.0,-169.60000000000002,0.0,0.0,169.70000000000002,0.0,21.3,28.9,28.9,30.9,300.0,300.0,31.700000000000003,35.9,28.8,28.0,29.9,4.95,1.99,4.97,0.16,0.0,0.0,1027.0,8228.0,0.0,0.0,0.0,0.0,0.0,1.0,0.0,0.0,0.0,0.0,0.0,0.7000000000000001,0.0,0.2,0.0,0.0,16.0,25903.0
2026-07-30T19:03:42.229Z,391.712,391.728,0.0,7.4,0.0,0.0,0.0,0.0,0.0,0.0,0.0,0.0,1.0,0.0,0.0,0.0,9.0,4.0,0.0,0.0,0.0,0.0,0.0,0.0,0.0,0.0,1.0,12.0,1.0,12.13,5.0200000000000005,2.51,1.49,0.0,0.0,0.0,361.3,0.0,-0.3,0.1,-0.6000000000000001,-169.60000000000002,0.0,0.0,169.70000000000002,0.0,21.3,28.9,28.9,30.9,300.0,300.0,31.700000000000003,35.9,28.8,28.0,29.9,4.96,1.99,4.96,0.16,0.0,0.0,1027.0,8228.0,0.0,0.0,0.0,0.0,0.0,1.0,0.0,0.0,0.0,0.0,0.0,-0.2,0.0,0.5,0.0,0.0,16.0,25903.0
2026-07-30T19:03:42.241Z,391.724,391.74,0.0,7.4,0.0,0.0,0.0,0.0,0.0,0.0,0.0,0.0,1.0,0.0,0.0,0.0,9.0,4.0,0.0,0.0,0.0,0.0,0.0,0.0,0.0,0.0,2.0,12.0,1.0,12.13,5.0200000000000005,2.51,1.49,0.0,0.0,0.0,361.3,0.0,-0.3,0.7000000000000001,0.0,-169.60000000000002,0.0,0.0,169.70000000000002,0.0,21.3,28.9,28.9,30.9,300.0,300.0,31.700000000000003,35.9,28.8,28.0,29.9,4.96,1.99,4.97,0.16,0.0,0.0,1027.0,8228.0,0.0,0.0,0.0,0.0,0.0,1.0,0.0,0.0,0.0,0.0,0.0,0.7000000000000001,0.0,0.2,0.0,0.0,16.0,25903.0
2026-07-30T19:03:42.253Z,391.736,391.752,0.0,7.4,0.0,0.0,0.0,0.0,0.0,0.0,0.0,0.0,1.0,0.0,0.0,0.0,9.0,4.0,0.0,0.0,0.0,0.0,0.0,0.0,0.0,0.0,4.0,12.0,1.0,12.13,5.0200000000000005,2.51,1.49,0.0,0.0,0.0,361.3,0.0,0.2,0.1,-0.1,-169.60000000000002,0.0,0.0,169.70000000000002,0.0,21.3,28.9,28.9,30.9,300.0,300.0,31.700000000000003,35.9,28.8,28.0,29.9,4.95,1.99,4.97,0.16,0.0,0.0,1027.0,8228.0,0.0,0.0,0.0,0.0,0.0,1.0,0.0,0.0,0.0,0.0,0.0,0.0,0.0,0.1,0.0,0.0,16.0,25903.0
2026-07-30T19:03:42.266Z,391.749,391.764,0.0,7.4,0.0,0.0,0.0,0.0,0.0,0.0,0.0,0.0,1.0,0.0,0.0,0.0,9.0,4.0,0.0,0.0,0.0,0.0,0.0,0.0,0.0,0.0,5.0,12.0,1.0,12.2,5.0200000000000005,2.51,1.49,0.0,0.0,0.0,361.4,0.0,0.2,-0.4,0.0,-169.60000000000002,0.0,0.0,169.8,0.0,21.4,28.9,28.9,30.9,300.0,300.0,31.700000000000003,35.9,28.8,28.1,29.9,4.96,1.99,4.96,0.16,0.0,0.0,1027.0,8228.0,0.0,0.0,0.0,0.0,0.0,1.0,0.0,0.0,0.0,0.0,0.0,-0.5,0.0,0.0,0.0,0.0,16.0,25903.0
2026-07-30T19:03:42.277Z,391.76,391.776,0.0,7.4,0.0,0.0,0.0,0.0,0.0,0.0,0.0,0.0,1.0,0.0,0.0,0.0,9.0,4.0,0.0,0.0,0.0,0.0,0.0,0.0,0.0,0.0,6.0,12.0,1.0,12.2,5.0200000000000005,2.51,1.49,0.0,0.1,0.0,361.3,0.0,-0.3,-1.0,-0.1,-169.60000000000002,0.0,0.0,169.8,0.0,21.4,28.9,28.9,30.9,300.0,300.0,31.700000000000003,35.9,28.8,28.1,29.9,4.95,2.0,4.97,0.16,0.0,0.0,1027.0,8228.0,0.0,0.0,0.0,0.0,0.0,1.0,0.0,0.0,0.0,0.0,0.0,-1.3,0.0,-0.1,0.0,0.0,16.0,25903.0
2026-07-30T19:03:42.289Z,391.772,391.788,0.0,7.4,0.0,0.0,0.0,0.0,0.0,0.0,0.0,0.0,1.0,0.0,0.0,0.0,9.0,4.0,0.0,0.0,0.0,0.0,0.0,0.0,0.0,0.0,2.0,12.0,1.0,12.2,5.0200000000000005,2.51,1.49,0.0,0.0,0.0,361.3,0.0,-0.3,0.0,-1.2000000000000002,-169.60000000000002,0.0,0.0,169.70000000000002,0.0,21.4,28.9,28.9,30.9,300.0,300.0,31.700000000000003,35.9,28.8,28.1,29.9,4.95,1.99,4.97,0.16,0.0,0.0,1027.0,8228.0,0.0,0.0,0.0,0.0,0.0,1.0,0.0,0.0,0.0,0.0,0.0,-0.8,0.0,1.1,0.0,0.0,16.0,25903.0
2026-07-30T19:03:42.301Z,391.784,391.8,0.0,7.4,0.0,0.0,0.0,0.0,0.0,0.0,0.0,0.0,1.0,0.0,0.0,0.0,9.0,4.0,0.0,0.0,0.0,0.0,0.0,0.0,0.0,0.0,3.0,12.0,1.0,12.2,5.0200000000000005,2.51,1.49,0.0,0.0,0.0,361.3,0.0,0.2,0.6000000000000001,0.0,-169.60000000000002,0.0,0.0,169.70000000000002,0.0,21.4,28.9,28.9,30.9,300.0,300.0,31.700000000000003,35.9,28.8,28.1,29.9,4.95,1.99,4.97,0.16,0.0,0.0,1027.0,8228.0,0.0,0.0,0.0,0.0,0.0,1.0,0.0,0.0,0.0,0.0,0.0,0.6000000000000001,0.0,0.2,0.0,0.0,16.0,25903.0
2026-07-30T19:03:42.313Z,391.796,391.812,0.0,7.4,0.0,0.0,0.0,0.0,0.0,0.0,0.0,0.0,1.0,0.0,0.0,0.0,9.0,4.0,0.0,0.0,0.0,0.0,0.0,0.0,0.0,0.0,5.0,12.0,1.0,12.2,5.0200000000000005,2.51,1.49,0.0,0.0,0.0,361.4,0.0,0.2,-0.4,-0.6000000000000001,-169.60000000000002,0.0,0.0,169.70000000000002,0.0,21.4,28.9,28.9,30.9,300.0,300.0,31.700000000000003,35.9,28.8,28.1,29.9,4.96,1.99,4.96,0.16,0.0,0.0,1027.0,8228.0,0.0,0.0,0.0,0.0,0.0,1.0,0.0,0.0,0.0,0.0,0.0,-1.0,0.0,0.5,0.0,0.0,16.0,25903.0
2026-07-30T19:03:42.325Z,391.808,391.824,0.0,7.4,0.0,0.0,0.0,0.0,0.0,0.0,0.0,0.0,1.0,0.0,0.0,0.0,9.0,4.0,0.0,0.0,0.0,0.0,0.0,0.0,0.0,0.0,6.0,12.0,1.0,12.2,5.0200000000000005,2.51,1.49,0.0,0.0,0.0,361.3,0.0,-0.3,0.1,0.0,-169.60000000000002,0.0,0.0,169.60000000000002,0.0,21.4,28.9,28.9,30.9,300.0,300.0,31.700000000000003,35.9,28.8,28.1,29.9,4.95,1.99,4.97,0.16,0.0,0.0,1027.0,8228.0,0.0,0.0,0.0,0.0,0.0,1.0,0.0,0.0,0.0,0.0,0.0,0.0,0.0,0.1,0.0,0.0,16.0,25903.0
2026-07-30T19:03:42.337Z,391.82,391.836,0.0,7.4,0.0,0.0,0.0,0.0,0.0,0.0,0.0,0.0,1.0,0.0,0.0,0.0,9.0,4.0,0.0,0.0,0.0,0.0,0.0,0.0,0.0,0.0,2.0,12.0,1.0,12.2,5.0200000000000005,2.51,1.49,0.0,0.0,0.0,361.3,0.0,-0.3,1.2000000000000002,0.4,-169.60000000000002,0.0,0.0,169.70000000000002,0.0,21.4,28.9,28.9,30.9,300.0,300.0,31.700000000000003,35.9,28.8,28.1,29.9,4.95,1.99,4.96,0.16,0.0,0.0,1027.0,8228.0,0.0,0.0,0.0,0.0,0.0,1.0,0.0,0.0,0.0,0.0,0.0,1.7000000000000002,0.0,-0.1,0.0,0.0,16.0,25903.0
2026-07-30T19:03:42.350Z,391.833,391.848,0.0,7.4,0.0,0.0,0.0,0.0,0.0,0.0,0.0,0.0,1.0,0.0,0.0,0.0,9.0,4.0,0.0,0.0,0.0,0.0,0.0,0.0,0.0,0.0,3.0,12.0,1.0,12.2,5.0200000000000005,2.51,1.49,0.0,0.0,0.0,361.4,0.0,0.8,0.0,-0.6000000000000001,-169.60000000000002,0.0,0.0,169.8,0.0,21.4,28.9,28.9,30.9,300.0,300.0,31.700000000000003,35.9,28.8,28.1,29.9,4.96,2.0,4.96,0.16,0.0,0.0,1027.0,8228.0,0.0,0.0,0.0,0.0,0.0,1.0,0.0,0.0,0.0,0.0,0.0,-0.4,0.0,0.6000000000000001,0.0,0.0,16.0,25903.0
2026-07-30T19:03:42.362Z,391.845,391.86,0.0,7.4,0.0,0.0,0.0,0.0,0.0,0.0,0.0,0.0,1.0,0.0,0.0,0.0,9.0,4.0,0.0,0.0,0.0,0.0,0.0,0.0,0.0,0.0,4.0,12.0,1.0,12.2,5.0200000000000005,2.51,1.49,0.0,0.0,0.0,361.3,0.0,0.2,-0.5,1.6,-169.60000000000002,0.0,0.0,169.60000000000002,0.0,21.4,28.9,28.9,30.9,300.0,300.0,31.700000000000003,35.9,28.8,28.1,29.9,4.95,2.0,4.97,0.16,0.0,0.0,1027.0,8228.0,0.0,0.0,0.0,0.0,0.0,1.0,0.0,0.0,0.0,0.0,0.0,0.6000000000000001,0.0,-1.5,0.0,0.0,16.0,25903.0
2026-07-30T19:03:42.373Z,391.856,391.872,0.0,7.4,0.0,0.0,0.0,0.0,0.0,0.0,0.0,0.0,1.0,0.0,0.0,0.0,9.0,4.0,0.0,0.0,0.0,0.0,0.0,0.0,0.0,0.0,6.0,12.0,1.0,12.15,5.0200000000000005,2.51,1.49,0.0,0.0,0.0,361.4,0.0,-0.3,-0.5,-0.6000000000000001,-169.60000000000002,0.0,0.0,169.60000000000002,0.0,21.3,28.9,28.9,30.9,300.0,300.0,31.700000000000003,35.9,28.9,28.0,29.9,4.96,1.99,4.97,0.16,0.0,0.0,1027.0,8228.0,0.0,0.0,0.0,0.0,0.0,1.0,0.0,0.0,0.0,0.0,0.0,-1.1,0.0,0.5,0.0,0.0,16.0,25903.0
2026-07-30T19:03:42.385Z,391.868,391.884,0.0,7.4,0.0,0.0,0.0,0.0,0.0,0.0,0.0,0.0,1.0,0.0,0.0,0.0,9.0,4.0,0.0,0.0,0.0,0.0,0.0,0.0,0.0,0.0,1.0,12.0,1.0,12.15,5.0200000000000005,2.51,1.49,0.0,0.0,0.0,361.3,0.0,-0.3,-0.5,-0.6000000000000001,-169.60000000000002,0.0,0.0,169.70000000000002,0.0,21.3,28.9,28.9,30.9,300.0,300.0,31.700000000000003,35.9,28.9,28.0,29.9,4.96,2.0,4.96,0.16,0.0,0.0,1027.0,8228.0,0.0,0.0,0.0,0.0,0.0,1.0,0.0,0.0,0.0,0.0,0.0,-1.1,0.0,0.4,0.0,0.0,16.0,25903.0
2026-07-30T19:03:42.397Z,391.88,391.896,0.0,7.4,0.0,0.0,0.0,0.0,0.0,0.0,0.0,0.0,1.0,0.0,0.0,0.0,9.0,4.0,0.0,0.0,0.0,0.0,0.0,0.0,0.0,0.0,3.0,12.0,1.0,12.15,5.0200000000000005,2.51,1.49,0.0,0.0,0.0,361.3,0.0,0.2,0.6000000000000001,0.0,-169.60000000000002,0.0,0.0,169.60000000000002,0.0,21.3,28.9,28.9,30.9,300.0,300.0,31.700000000000003,35.9,28.9,28.0,29.9,4.95,1.99,4.96,0.17,0.0,0.0,1027.0,8228.0,0.0,0.0,0.0,0.0,0.0,1.0,0.0,0.0,0.0,0.0,0.0,0.6000000000000001,0.0,0.2,0.0,0.0,16.0,25903.0
2026-07-30T19:03:42.409Z,391.892,391.908,0.0,7.4,0.0,0.0,0.0,0.0,0.0,0.0,0.0,0.0,1.0,0.0,0.0,0.0,9.0,4.0,0.0,0.0,0.0,0.0,0.0,0.0,0.0,0.0,4.0,12.0,1.0,12.15,5.0200000000000005,2.51,1.49,0.0,0.0,0.0,361.3,0.0,-0.3,-1.1,-1.3,-169.60000000000002,0.0,0.0,169.8,0.0,21.3,28.9,28.9,30.9,300.0,300.0,31.700000000000003,35.9,28.9,28.0,29.9,4.95,1.99,4.97,0.16,0.0,0.0,1027.0,8228.0,0.0,0.0,0.0,0.0,0.0,1.0,0.0,0.0,0.0,0.0,0.0,-2.2,0.0,0.9,0.0,0.0,16.0,25903.0
2026-07-30T19:03:42.421Z,391.904,391.92,0.0,7.4,0.0,0.0,0.0,0.0,0.0,0.0,0.0,0.0,1.0,0.0,0.0,0.0,9.0,4.0,0.0,0.0,0.0,0.0,0.0,0.0,0.0,0.0,5.0,12.0,1.0,12.15,5.0200000000000005,2.51,1.49,0.0,0.0,0.0,361.4,0.0,-0.3,0.0,-1.3,-169.60000000000002,0.0,0.0,169.70000000000002,0.0,21.3,28.9,28.9,30.9,300.0,300.0,31.700000000000003,35.9,28.9,28.0,29.9,4.96,1.99,4.96,0.16,0.0,0.0,1027.0,8228.0,0.0,0.0,0.0,0.0,0.0,1.0,0.0,0.0,0.0,0.0,0.0,-0.9,0.0,1.1,0.0,0.0,16.0,25903.0
2026-07-30T19:03:42.433Z,391.916,391.932,0.0,7.4,0.0,0.0,0.0,0.0,0.0,0.0,0.0,0.0,1.0,0.0,0.0,0.0,9.0,4.0,0.0,0.0,0.0,0.0,0.0,0.0,0.0,0.0,6.0,12.0,1.0,12.15,5.0200000000000005,2.51,1.49,0.0,0.0,0.0,361.3,0.0,-0.9,-0.6000000000000001,-1.3,-169.60000000000002,0.0,0.0,169.70000000000002,0.0,21.3,28.9,28.9,30.9,300.0,300.0,31.700000000000003,35.9,28.9,28.0,29.9,4.96,1.99,4.96,0.16,0.0,0.0,1027.0,8228.0,0.0,0.0,0.0,0.0,0.0,1.0,0.0,0.0,0.0,0.0,0.0,-1.6,0.0,1.0,0.0,0.0,16.0,25903.0
2026-07-30T19:03:42.446Z,391.929,391.944,0.0,7.4,0.0,0.0,0.0,0.0,0.0,0.0,0.0,0.0,1.0,0.0,0.0,0.0,9.0,4.0,0.0,0.0,0.0,0.0,0.0,0.0,0.0,0.0,1.0,12.0,1.0,12.15,5.0200000000000005,2.51,1.49,0.0,0.0,0.0,361.3,0.0,0.8,-0.5,-0.6000000000000001,-169.60000000000002,0.0,0.0,169.70000000000002,0.0,21.3,28.9,28.9,30.9,300.0,300.0,31.700000000000003,35.9,28.9,28.0,29.9,4.95,1.99,4.96,0.16,0.0,0.0,1027.0,8228.0,0.0,0.0,0.0,0.0,0.0,1.0,0.0,0.0,0.0,0.0,0.0,-1.1,0.0,0.4,0.0,0.0,16.0,25903.0
2026-07-30T19:03:42.457Z,391.94,391.956,0.0,7.4,0.0,0.0,0.0,0.0,0.0,0.0,0.0,0.0,1.0,0.0,0.0,0.0,9.0,4.0,0.0,0.0,0.0,0.0,0.0,0.0,0.0,0.0,2.0,12.0,1.0,12.15,5.0200000000000005,2.51,1.49,0.0,0.0,0.0,361.3,0.0,0.2,-0.5,1.0,-169.70000000000002,0.0,0.0,169.8,0.0,21.3,28.9,28.9,30.9,300.0,300.0,31.700000000000003,35.9,28.9,28.0,29.9,4.95,1.99,4.97,0.16,0.0,0.0,1027.0,8228.0,0.0,0.0,0.0,0.0,0.0,1.0,0.0,0.0,0.0,0.0,0.0,0.1,0.0,-1.0,0.0,0.0,16.0,25903.0
2026-07-30T19:03:42.470Z,391.953,391.968,0.0,7.4,0.0,0.0,0.0,0.0,0.0,0.0,0.0,0.0,1.0,0.0,0.0,0.0,9.0,4.0,0.0,0.0,0.0,0.0,0.0,0.0,0.0,0.0,4.0,12.0,1.0,12.18,5.0200000000000005,2.51,1.49,0.0,0.0,0.0,361.3,0.0,0.3,0.1,-0.1,-169.70000000000002,0.0,0.0,169.8,0.0,21.4,28.9,28.9,30.9,300.0,300.0,31.700000000000003,35.9,28.9,28.0,29.9,4.96,1.99,4.96,0.16,0.0,0.0,1027.0,8228.0,0.0,0.0,0.0,0.0,0.0,1.0,0.0,0.0,0.0,0.0,0.0,0.0,0.0,0.1,0.0,0.0,16.0,25903.0
2026-07-30T19:03:42.482Z,391.965,391.98,0.0,7.4,0.0,0.0,0.0,0.0,0.0,0.0,0.0,0.0,1.0,0.0,0.0,0.0,9.0,4.0,0.0,0.0,0.0,0.0,0.0,0.0,0.0,0.0,5.0,12.0,1.0,12.18,5.0200000000000005,2.51,1.49,0.0,0.1,0.0,361.3,0.0,-0.2,1.2000000000000002,0.4,-169.70000000000002,0.0,0.0,169.70000000000002,0.0,21.4,28.9,28.9,30.9,300.0,300.0,31.700000000000003,35.9,28.9,28.0,29.9,4.96,1.99,4.97,0.16,0.0,0.0,1027.0,8228.0,0.0,0.0,0.0,0.0,0.0,1.0,0.0,0.0,0.0,0.0,0.0,1.8,0.0,-0.1,0.0,0.0,16.0,25903.0
2026-07-30T19:03:42.493Z,391.976,391.992,0.0,7.4,0.0,0.0,0.0,0.0,0.0,0.0,0.0,0.0,1.0,0.0,0.0,0.0,9.0,4.0,0.0,0.0,0.0,0.0,0.0,0.0,0.0,0.0,6.0,12.0,1.0,12.18,5.0200000000000005,2.51,1.49,0.0,0.0,0.0,361.3,0.0,-0.8,0.1,0.4,-169.70000000000002,0.0,0.0,169.8,0.0,21.4,28.9,28.9,30.9,300.0,300.0,31.700000000000003,35.9,28.9,28.0,29.9,4.95,1.99,4.97,0.16,0.0,0.0,1027.0,8228.0,0.0,0.0,0.0,0.0,0.0,1.0,0.0,0.0,0.0,0.0,0.0,0.4,0.0,-0.3,0.0,0.0,16.0,25903.0
2026-07-30T19:03:42.506Z,391.989,392.004,0.0,7.4,0.0,0.0,0.0,0.0,0.0,0.0,0.0,0.0,1.0,0.0,0.0,0.0,9.0,4.0,0.0,0.0,0.0,0.0,0.0,0.0,0.0,0.0,1.0,12.0,1.0,12.18,5.0200000000000005,2.51,1.49,0.0,0.0,0.0,361.3,0.0,-0.2,-1.0,-0.1,-169.70000000000002,0.0,0.0,169.70000000000002,0.0,21.4,28.9,28.9,30.9,300.0,300.0,31.700000000000003,35.9,28.9,28.0,29.9,4.96,1.99,4.96,0.16,0.0,0.0,1027.0,8228.0,0.0,0.0,0.0,0.0,0.0,1.0,0.0,0.0,0.0,0.0,0.0,-1.3,0.0,-0.1,0.0,0.0,16.0,25903.0
2026-07-30T19:03:42.517Z,392.0,392.016,0.0,7.4,0.0,0.0,0.0,0.0,0.0,0.0,0.0,0.0,1.0,0.0,0.0,0.0,9.0,4.0,0.0,0.0,0.0,0.0,0.0,0.0,0.0,0.0,3.0,12.0,1.0,12.18,5.0200000000000005,2.51,1.49,0.0,0.0,0.0,361.3,0.0,-0.2,-0.4,0.9,-169.70000000000002,0.0,0.0,169.8,0.0,21.4,28.9,28.9,30.9,300.0,300.0,31.700000000000003,35.9,28.9,28.0,29.9,4.95,1.99,4.96,0.16,0.0,0.0,1027.0,8228.0,0.0,0.0,0.0,0.0,0.0,1.0,0.0,0.0,0.0,0.0,0.0,0.1,0.0,-0.9,0.0,0.0,16.0,25903.0
2026-07-30T19:03:42.529Z,392.012,392.028,0.0,7.4,0.0,0.0,0.0,0.0,0.0,0.0,0.0,0.0,1.0,0.0,0.0,0.0,9.0,4.0,0.0,0.0,0.0,0.0,0.0,0.0,0.0,0.0,4.0,12.0,1.0,12.18,5.0200000000000005,2.51,1.49,0.0,0.0,0.0,361.3,0.0,0.3,1.2000000000000002,-0.2,-169.70000000000002,0.0,0.0,169.70000000000002,0.0,21.4,28.9,28.9,30.9,300.0,300.0,31.700000000000003,35.9,28.9,28.0,29.9,4.95,1.99,4.97,0.16,0.0,0.0,1027.0,8228.0,0.0,0.0,0.0,0.0,0.0,1.0,0.0,0.0,0.0,0.0,0.0,1.2000000000000002,0.0,0.4,0.0,0.0,16.0,25903.0
2026-07-30T19:03:42.541Z,392.024,392.04,0.0,7.4,0.0,0.0,0.0,0.0,0.0,0.0,0.0,0.0,1.0,0.0,0.0,0.0,9.0,4.0,0.0,0.0,0.0,0.0,0.0,0.0,0.0,0.0,5.0,12.0,1.0,12.18,5.0200000000000005,2.51,1.49,0.0,0.0,0.0,361.3,0.0,0.9,0.6000000000000001,0.9,-169.70000000000002,0.0,0.0,169.8,0.0,21.4,28.9,28.9,30.9,300.0,300.0,31.700000000000003,35.9,28.9,28.0,29.9,4.96,1.99,4.97,0.16,0.0,0.0,1027.0,8228.0,0.0,0.0,0.0,0.0,0.0,1.0,0.0,0.0,0.0,0.0,0.0,1.4,0.0,-0.6000000000000001,0.0,0.0,16.0,25903.0
2026-07-30T19:03:42.554Z,392.037,392.052,0.0,7.4,0.0,0.0,0.0,0.0,0.0,0.0,0.0,0.0,1.0,0.0,0.0,0.0,9.0,4.0,0.0,0.0,0.0,0.0,0.0,0.0,0.0,0.0,6.0,12.0,1.0,12.18,5.0200000000000005,2.51,1.49,0.0,0.0,0.0,361.4,0.0,-0.2,0.7000000000000001,-0.2,-169.70000000000002,0.0,0.0,169.8,0.0,21.4,28.9,28.9,30.9,300.0,300.0,31.700000000000003,35.9,28.9,28.0,29.9,4.96,1.99,4.96,0.16,0.0,0.0,1027.0,8228.0,0.0,0.0,0.0,0.0,0.0,1.0,0.0,0.0,0.0,0.0,0.0,0.6000000000000001,0.0,0.3,0.0,0.0,16.0,25903.0
2026-07-30T19:03:42.566Z,392.049,392.064,0.0,7.4,0.0,0.0,0.0,0.0,0.0,0.0,0.0,0.0,1.0,0.0,0.0,0.0,9.0,4.0,0.0,0.0,0.0,0.0,0.0,0.0,0.0,0.0,1.0,12.0,1.0,12.18,5.0200000000000005,2.51,1.49,0.0,0.0,0.0,361.3,0.0,0.3,-1.6,-0.7000000000000001,-169.70000000000002,0.0,0.0,169.8,0.0,21.4,28.9,28.9,30.9,300.0,300.0,31.700000000000003,35.9,28.9,28.0,29.9,4.95,1.99,4.97,0.16,0.0,0.0,1027.0,8228.0,0.0,0.0,0.0,0.0,0.0,1.0,0.0,0.0,0.0,0.0,0.0,-2.3000000000000003,0.0,0.3,0.0,0.0,16.0,25903.0
2026-07-30T19:03:42.578Z,392.061,392.076,0.0,7.4,0.0,0.0,0.0,0.0,0.0,0.0,0.0,0.0,1.0,0.0,0.0,0.0,9.0,4.0,0.0,0.0,0.0,0.0,0.0,0.0,0.0,0.0,2.0,12.0,1.0,12.2,5.0200000000000005,2.5,1.49,0.0,0.0,0.0,361.3,0.0,0.9,0.1,1.5,-169.70000000000002,0.0,0.0,169.60000000000002,0.0,21.0,28.9,28.9,30.9,300.0,300.0,31.6,35.9,28.9,28.0,29.9,4.95,1.99,4.96,0.16,0.0,0.0,1027.0,8228.0,0.0,0.0,0.0,0.0,0.0,1.0,0.0,0.0,0.0,0.0,0.0,1.3,0.0,-1.3,0.0,0.0,16.0,25903.0
2026-07-30T19:03:42.589Z,392.072,392.088,0.0,7.4,0.0,0.0,0.0,0.0,0.0,0.0,0.0,0.0,1.0,0.0,0.0,0.0,9.0,4.0,0.0,0.0,0.0,0.0,0.0,0.0,0.0,0.0,3.0,12.0,1.0,12.2,5.0200000000000005,2.5,1.49,0.0,0.0,0.0,361.3,0.0,-0.8,0.1,-0.8,-169.70000000000002,0.0,0.0,169.8,0.0,21.0,28.9,28.9,30.9,300.0,300.0,31.6,35.9,28.9,28.0,29.9,4.96,1.99,4.96,0.16,0.0,0.0,1027.0,8228.0,0.0,0.0,0.0,0.0,0.0,1.0,0.0,0.0,0.0,0.0,0.0,-0.4,0.0,0.7000000000000001,0.0,0.0,16.0,25903.0
2026-07-30T19:03:42.601Z,392.084,392.1,0.0,7.4,0.0,0.0,0.0,0.0,0.0,0.0,0.0,0.0,1.0,0.0,0.0,0.0,9.0,4.0,0.0,0.0,0.0,0.0,0.0,0.0,0.0,0.0,5.0,12.0,1.0,12.2,5.0200000000000005,2.5,1.49,0.0,0.0,0.0,361.3,0.0,-0.8,0.6000000000000001,-0.2,-169.70000000000002,0.0,0.0,169.70000000000002,0.0,21.0,28.9,28.9,30.9,300.0,300.0,31.6,35.9,28.9,28.0,29.9,4.95,1.99,4.97,0.16,0.0,0.0,1027.0,8228.0,0.0,0.0,0.0,0.0,0.0,1.0,0.0,0.0,0.0,0.0,0.0,0.5,0.0,0.3,0.0,0.0,16.0,25903.0
2026-07-30T19:03:42.613Z,392.096,392.112,0.0,7.4,0.0,0.0,0.0,0.0,0.0,0.0,0.0,0.0,1.0,0.0,0.0,0.0,9.0,4.0,0.0,0.0,0.0,0.0,0.0,0.0,0.0,0.0,6.0,12.0,1.0,12.2,5.0200000000000005,2.5,1.49,0.0,0.0,0.0,361.2000000000001,0.0,0.9,0.1,0.8,-169.70000000000002,0.0,0.0,169.70000000000002,0.0,21.0,28.9,28.9,30.9,300.0,300.0,31.6,35.9,28.9,28.0,29.9,4.96,1.99,4.97,0.16,0.0,0.0,1027.0,8228.0,0.0,0.0,0.0,0.0,0.0,1.0,0.0,0.0,0.0,0.0,0.0,0.7000000000000001,0.0,-0.7000000000000001,0.0,0.0,16.0,25903.0
2026-07-30T19:03:42.625Z,392.108,392.124,0.0,7.4,0.0,0.0,0.0,0.0,0.0,0.0,0.0,0.0,1.0,0.0,0.0,0.0,9.0,4.0,0.0,0.0,0.0,0.0,0.0,0.0,0.0,0.0,1.0,12.0,1.0,12.2,5.0200000000000005,2.5,1.49,0.0,0.0,0.0,361.3,0.0,-0.2,-0.4,-0.8,-169.70000000000002,0.0,0.0,169.8,0.0,21.0,28.9,28.9,30.9,300.0,300.0,31.6,35.9,28.9,28.0,29.9,4.96,1.99,4.96,0.16,0.0,0.0,1027.0,8228.0,0.0,0.0,0.0,0.0,0.0,1.0,0.0,0.0,0.0,0.0,0.0,-1.2000000000000002,0.0,0.6000000000000001,0.0,0.0,16.0,25903.0
2026-07-30T19:03:42.637Z,392.12,392.136,0.0,7.4,0.0,0.0,0.0,0.0,0.0,0.0,0.0,0.0,1.0,0.0,0.0,0.0,9.0,4.0,0.0,0.0,0.0,0.0,0.0,0.0,0.0,0.0,2.0,12.0,1.0,12.2,5.0200000000000005,2.5,1.49,0.0,0.1,0.0,361.3,0.0,-0.8,-0.4,-0.8,-169.70000000000002,0.0,0.0,169.70000000000002,0.0,21.0,28.9,28.9,30.9,300.0,300.0,31.6,35.9,28.9,28.0,29.9,4.96,1.99,4.96,0.16,0.0,0.0,1027.0,8228.0,0.0,0.0,0.0,0.0,0.0,1.0,0.0,0.0,0.0,0.0,0.0,0.3,0.0,-0.2,0.0,0.0,16.0,25903.0
2026-07-30T19:03:42.650Z,392.133,392.148,0.0,7.4,0.0,0.0,0.0,0.0,0.0,0.0,0.0,0.0,1.0,0.0,0.0,0.0,9.0,4.0,0.0,0.0,0.0,0.0,0.0,0.0,0.0,0.0,2.0,12.0,1.0,12.2,5.0200000000000005,2.5,1.49,0.0,0.0,0.0,361.4,0.0,-0.2,-1.0,0.3,-169.70000000000002,0.0,0.0,169.70000000000002,0.0,21.0,28.9,28.9,30.9,300.0,300.0,31.6,35.9,28.9,28.0,29.9,4.96,1.99,4.97,0.17,0.0,0.0,1027.0,8228.0,0.0,0.0,0.0,0.0,0.0,1.0,0.0,0.0,0.0,0.0,0.0,-0.6000000000000001,0.0,0.1,0.0,0.0,16.0,25903.0
2026-07-30T19:03:42.661Z,392.144,392.16,0.0,7.4,0.0,0.0,0.0,0.0,0.0,0.0,0.0,0.0,1.0,0.0,0.0,0.0,9.0,4.0,0.0,0.0,0.0,0.0,0.0,0.0,0.0,0.0,4.0,12.0,1.0,12.2,5.0200000000000005,2.5,1.49,0.0,0.0,0.0,361.3,0.0,0.2,0.7000000000000001,-0.8,-169.70000000000002,0.0,0.0,169.70000000000002,0.0,21.0,28.9,28.9,30.9,300.0,300.0,31.6,35.9,28.9,28.0,29.9,4.96,1.99,4.97,0.17,0.0,0.0,1027.0,8228.0,0.0,0.0,0.0,0.0,0.0,1.0,0.0,0.0,0.0,0.0,0.0,-1.7000000000000002,0.0,0.5,0.0,0.0,16.0,25903.0
2026-07-30T19:03:42.674Z,392.157,392.172,0.0,7.4,0.0,0.0,0.0,0.0,0.0,0.0,0.0,0.0,1.0,0.0,0.0,0.0,9.0,4.0,0.0,0.0,0.0,0.0,0.0,0.0,0.0,0.0,5.0,12.0,1.0,12.15,5.01,2.5,1.49,0.0,0.0,0.0,361.3,0.0,0.8,0.0,-0.8,-169.70000000000002,0.0,0.0,169.60000000000002,0.0,21.700000000000003,28.9,28.9,30.9,300.0,300.0,31.6,35.9,28.9,28.0,29.9,4.96,1.99,4.96,0.16,0.0,0.0,1027.0,8228.0,0.0,0.0,0.0,0.0,0.0,1.0,0.0,0.0,0.0,0.0,0.0,0.0,0.0,-0.8,0.0,0.0,16.0,25903.0
2026-07-30T19:03:42.685Z,392.168,392.184,0.0,7.4,0.0,0.0,0.0,0.0,0.0,0.0,0.0,0.0,1.0,0.0,0.0,0.0,9.0,4.0,0.0,0.0,0.0,0.0,0.0,0.0,0.0,0.0,6.0,12.0,1.0,12.15,5.01,2.5,1.49,0.0,0.0,0.0,361.3,0.0,0.8,0.6000000000000001,-1.4,-169.70000000000002,0.0,0.0,169.70000000000002,0.0,21.700000000000003,28.9,28.9,30.9,300.0,300.0,31.6,35.9,28.9,28.0,29.9,4.95,1.99,4.96,0.16,0.0,0.0,1027.0,8228.0,0.0,0.0,0.0,0.0,0.0,1.0,0.0,0.0,0.0,0.0,0.0,-0.3,0.0,1.4,0.0,0.0,16.0,25903.0
2026-07-30T19:03:42.697Z,392.18,392.196,0.0,7.4,0.0,0.0,0.0,0.0,0.0,0.0,0.0,0.0,1.0,0.0,0.0,0.0,9.0,4.0,0.0,0.0,0.0,0.0,0.0,0.0,0.0,0.0,2.0,12.0,1.0,12.15,5.01,2.5,1.49,0.0,0.0,0.0,361.3,0.0,0.2,-0.4,0.2,-169.70000000000002,0.0,0.0,169.70000000000002,0.0,21.700000000000003,28.9,28.9,30.9,300.0,300.0,31.6,35.9,28.9,28.0,29.9,4.95,1.99,4.97,0.16,0.0,0.0,1027.0,8228.0,0.0,0.0,0.0,0.0,0.0,1.0,0.0,0.0,0.0,0.0,0.0,-0.3,0.0,-0.3,0.0,0.0,16.0,25903.0
2026-07-30T19:03:42.709Z,392.192,392.208,0.0,7.4,0.0,0.0,0.0,0.0,0.0,0.0,0.0,0.0,1.0,0.0,0.0,0.0,9.0,4.0,0.0,0.0,0.0,0.0,0.0,0.0,0.0,0.0,3.0,12.0,1.0,12.15,5.01,2.5,1.49,0.0,0.0,0.0,361.3,0.0,-0.3,-1.0,0.8,-169.70000000000002,0.0,0.0,169.8,0.0,21.700000000000003,28.9,28.9,30.9,300.0,300.0,31.6,35.9,28.9,28.0,29.9,4.96,1.99,4.96,0.16,0.0,0.0,1027.0,8228.0,0.0,0.0,0.0,0.0,0.0,1.0,0.0,0.0,0.0,0.0,0.0,-0.5,0.0,-0.9,0.0,0.0,16.0,25903.0
2026-07-30T19:03:42.721Z,392.204,392.22,0.0,7.4,0.0,0.0,0.0,0.0,0.0,0.0,0.0,0.0,1.0,0.0,0.0,0.0,9.0,4.0,0.0,0.0,0.0,0.0,0.0,0.0,0.0,0.0,4.0,12.0,1.0,12.15,5.01,2.5,1.49,0.0,0.0,0.0,361.3,0.0,-0.8,-0.4,-0.8,-169.70000000000002,0.0,0.0,169.60000000000002,0.0,21.700000000000003,28.9,28.9,30.9,300.0,300.0,31.6,35.9,28.9,28.0,29.9,4.96,1.99,4.97,0.16,0.0,0.0,1027.0,8228.0,0.0,0.0,0.0,0.0,0.0,1.0,0.0,0.0,0.0,0.0,0.0,-1.1,0.0,0.6000000000000001,0.0,0.0,16.0,25903.0
2026-07-30T19:03:42.733Z,392.216,392.232,0.0,7.4,0.0,0.0,0.0,0.0,0.0,0.0,0.0,0.0,1.0,0.0,0.0,0.0,9.0,4.0,0.0,0.0,0.0,0.0,0.0,0.0,0.0,0.0,5.0,12.0,1.0,12.15,5.01,2.5,1.49,0.0,0.0,0.0,361.3,0.0,0.2,1.8,0.8,-169.70000000000002,0.0,0.0,169.70000000000002,0.0,21.700000000000003,28.9,28.9,30.9,300.0,300.0,31.6,35.9,28.9,28.0,29.9,4.95,1.99,4.97,0.16,0.0,0.0,1027.0,8228.0,0.0,0.0,0.0,0.0,0.0,1.0,0.0,0.0,0.0,0.0,0.0,2.7,0.0,-0.3,0.0,0.0,16.0,25903.0
2026-07-30T19:03:42.745Z,392.228,392.244,0.0,7.4,0.0,0.0,0.0,0.0,0.0,0.0,0.0,0.0,1.0,0.0,0.0,0.0,9.0,4.0,0.0,0.0,0.0,0.0,0.0,0.0,0.0,0.0,6.0,12.0,1.0,12.15,5.01,2.5,1.49,0.0,0.0,0.0,361.3,0.0,0.2,-0.4,-1.4,-169.60000000000002,0.0,0.0,169.60000000000002,0.0,21.700000000000003,28.9,28.9,30.9,300.0,300.0,31.6,35.9,28.9,28.0,29.9,4.96,1.99,4.97,0.16,0.0,0.0,1027.0,8228.0,0.0,0.0,0.0,0.0,0.0,1.0,0.0,0.0,0.0,0.0,0.0,-1.5,0.0,1.1,0.0,0.0,16.0,25903.0
2026-07-30T19:03:42.757Z,392.24,392.256,0.0,7.4,0.0,0.0,0.0,0.0,0.0,0.0,0.0,0.0,1.0,0.0,0.0,0.0,9.0,4.0,0.0,0.0,0.0,0.0,0.0,0.0,0.0,0.0,1.0,12.0,1.0,12.15,5.01,2.5,1.49,0.0,0.0,0.0,361.3,0.0,-0.2,-0.4,0.3,-169.60000000000002,0.0,0.0,169.70000000000002,0.0,21.700000000000003,28.9,28.9,30.9,300.0,300.0,31.6,35.9,28.9,28.0,29.9,4.96,1.99,4.96,0.16,0.0,0.0,1027.0,8228.0,0.0,0.0,0.0,0.0,0.0,1.0,0.0,0.0,0.0,0.0,0.0,-0.2,0.0,-0.4,0.0,0.0,16.0,25903.0
2026-07-30T19:03:42.769Z,392.252,392.268,0.0,7.4,0.0,0.0,0.0,0.0,0.0,0.0,0.0,0.0,1.0,0.0,0.0,0.0,9.0,4.0,0.0,0.0,0.0,0.0,0.0,0.0,0.0,0.0,2.0,12.0,1.0,12.15,5.01,2.5,1.49,0.0,0.0,0.0,361.3,0.0,-0.2,0.1,0.3,-169.60000000000002,0.0,0.0,169.60000000000002,0.0,21.700000000000003,28.9,28.9,30.9,300.0,300.0,31.6,35.9,28.9,28.0,29.9,4.96,1.99,4.97,0.16,0.0,0.0,1027.0,8228.0,0.0,0.0,0.0,0.0,0.0,1.0,0.0,0.0,0.0,0.0,0.0,0.4,0.0,-0.3,0.0,0.0,16.0,25903.0
2026-07-30T19:03:42.782Z,392.265,392.28,0.0,7.4,0.0,0.0,0.0,0.0,0.0,0.0,0.0,0.0,1.0,0.0,0.0,0.0,9.0,4.0,0.0,0.0,0.0,0.0,0.0,0.0,0.0,0.0,3.0,12.0,1.0,12.17,5.0200000000000005,2.5,1.49,0.0,0.0,0.0,361.2000000000001,0.0,-0.8,0.0,-0.7000000000000001,-169.60000000000002,0.0,0.0,169.70000000000002,0.0,21.4,28.9,28.9,30.9,300.0,300.0,31.6,35.9,28.8,28.0,29.9,4.96,2.0,4.97,0.16,0.0,0.0,1027.0,8228.0,0.0,0.0,0.0,0.0,0.0,1.0,0.0,0.0,0.0,0.0,0.0,-0.4,0.0,0.6000000000000001,0.0,0.0,16.0,25903.0
2026-07-30T19:03:42.794Z,392.277,392.292,0.0,7.4,0.0,0.0,0.0,0.0,0.0,0.0,0.0,0.0,1.0,0.0,0.0,0.0,9.0,4.0,0.0,0.0,0.0,0.0,0.0,0.0,0.0,0.0,4.0,12.0,1.0,12.17,5.0200000000000005,2.5,1.49,0.0,0.0,0.0,361.3,0.0,-0.2,-0.4,0.9,-169.60000000000002,0.0,0.0,169.70000000000002,0.0,21.4,28.9,28.9,30.9,300.0,300.0,31.6,35.9,28.8,28.0,29.9,4.96,2.0,4.96,0.16,0.0,0.0,1027.0,8228.0,0.0,0.0,0.0,0.0,0.0,1.0,0.0,0.0,0.0,0.0,0.0,0.1,0.0,-0.9,0.0,0.0,16.0,25903.0
2026-07-30T19:03:42.805Z,392.288,392.304,0.0,7.4,0.0,0.0,0.0,0.0,0.0,0.0,0.0,0.0,1.0,0.0,0.0,0.0,9.0,4.0,0.0,0.0,0.0,0.0,0.0,0.0,0.0,0.0,5.0,12.0,1.0,12.17,5.0200000000000005,2.5,1.49,0.0,0.0,0.0,361.3,0.0,0.3,-1.6,-0.7000000000000001,-169.60000000000002,0.0,0.0,169.60000000000002,0.0,21.4,28.9,28.9,30.9,300.0,300.0,31.6,35.9,28.8,28.0,29.9,4.95,1.99,4.97,0.16,0.0,0.0,1027.0,8228.0,0.0,0.0,0.0,0.0,0.0,1.0,0.0,0.0,0.0,0.0,0.0,-2.4000000000000004,0.0,0.3,0.0,0.0,16.0,25903.0
2026-07-30T19:03:42.817Z,392.3,392.316,0.0,7.4,0.0,0.0,0.0,0.0,0.0,0.0,0.0,0.0,1.0,0.0,0.0,0.0,9.0,4.0,0.0,0.0,0.0,0.0,0.0,0.0,0.0,0.0,1.0,12.0,1.0,12.17,5.0200000000000005,2.5,1.49,0.0,0.0,0.0,361.3,0.0,0.3,0.0,0.4,-169.60000000000002,0.0,0.0,169.70000000000002,0.0,21.4,28.9,28.9,30.9,300.0,300.0,31.6,35.9,28.8,28.0,29.9,4.95,1.99,4.97,0.16,0.0,0.0,1027.0,8228.0,0.0,0.0,0.0,0.0,0.0,1.0,0.0,0.0,0.0,0.0,0.0,0.3,0.0,-0.3,0.0,0.0,16.0,25903.0
2026-07-30T19:03:42.829Z,392.312,392.328,0.0,7.4,0.0,0.0,0.0,0.0,0.0,0.0,0.0,0.0,1.0,0.0,0.0,0.0,9.0,4.0,0.0,0.0,0.0,0.0,0.0,0.0,0.0,0.0,2.0,12.0,1.0,12.17,5.0200000000000005,2.5,1.49,0.0,0.0,0.0,361.3,0.0,-0.2,0.6000000000000001,-0.1,-169.60000000000002,0.0,0.0,169.70000000000002,0.0,21.4,28.9,28.9,30.9,300.0,300.0,31.6,35.9,28.8,28.0,29.9,4.96,1.99,4.97,0.16,0.0,0.0,1027.0,8228.0,0.0,0.0,0.0,0.0,0.0,1.0,0.0,0.0,0.0,0.0,0.0,0.6000000000000001,0.0,0.3,0.0,0.0,16.0,25903.0
2026-07-30T19:03:42.841Z,392.324,392.34,0.0,7.4,0.0,0.0,0.0,0.0,0.0,0.0,0.0,0.0,1.0,0.0,0.0,0.0,9.0,4.0,0.0,0.0,0.0,0.0,0.0,0.0,0.0,0.0,4.0,12.0,1.0,12.17,5.0200000000000005,2.5,1.49,0.0,0.0,0.0,361.3,0.0,0.3,-0.4,-0.1,-169.60000000000002,0.0,0.0,169.60000000000002,0.0,21.4,28.9,28.9,30.9,300.0,300.0,31.6,35.9,28.8,28.0,29.9,4.96,1.99,4.96,0.16,0.0,0.0,1027.0,8228.0,0.0,0.0,0.0,0.0,0.0,1.0,0.0,0.0,0.0,0.0,0.0,-0.6000000000000001,0.0,0.0,0.0,0.0,16.0,25903.0
2026-07-30T19:03:42.853Z,392.336,392.352,0.0,7.4,0.0,0.0,0.0,0.0,0.0,0.0,0.0,0.0,1.0,0.0,0.0,0.0,9.0,4.0,0.0,0.0,0.0,0.0,0.0,0.0,0.0,0.0,5.0,12.0,1.0,12.17,5.0200000000000005,2.5,1.49,0.0,0.0,0.0,361.3,0.0,0.3,-0.4,0.4,-169.60000000000002,0.0,0.0,169.8,0.0,21.4,28.9,28.9,30.9,300.0,300.0,31.6,35.9,28.8,28.0,29.9,4.95,1.99,4.97,0.16,0.0,0.0,1027.0,8228.0,0.0,0.0,0.0,0.0,0.0,1.0,0.0,0.0,0.0,0.0,0.0,-0.2,0.0,-0.5,0.0,0.0,16.0,25903.0
2026-07-30T19:03:42.865Z,392.348,392.364,0.0,7.4,0.0,0.0,0.0,0.0,0.0,0.0,0.0,0.0,1.0,0.0,0.0,0.0,9.0,4.0,0.0,0.0,0.0,0.0,0.0,0.0,0.0,0.0,1.0,12.0,1.0,12.17,5.0200000000000005,2.5,1.49,0.0,0.0,0.0,361.3,0.0,0.3,0.0,-0.7000000000000001,-169.60000000000002,0.0,0.0,169.70000000000002,0.0,21.4,28.9,28.9,30.9,300.0,300.0,31.6,35.9,28.8,28.0,29.9,4.95,2.0,4.96,0.16,0.0,0.0,1027.0,8228.0,0.0,0.0,0.0,0.0,0.0,1.0,0.0,0.0,0.0,0.0,0.0,-0.5,0.0,0.6000000000000001,0.0,0.0,16.0,25903.0
2026-07-30T19:03:42.878Z,392.361,392.376,0.0,7.4,0.0,0.0,0.0,0.0,0.0,0.0,0.0,0.0,1.0,0.0,0.0,0.0,9.0,4.0,0.0,0.0,0.0,0.0,0.0,0.0,0.0,0.0,2.0,12.0,1.0,12.15,5.0200000000000005,2.5,1.49,0.0,0.0,0.0,361.3,0.0,-0.2,0.6000000000000001,-0.1,-169.60000000000002,0.0,0.0,169.70000000000002,0.0,21.4,28.9,28.9,30.9,300.0,300.0,31.6,35.9,28.8,28.0,29.9,4.96,1.99,4.96,0.16,0.0,0.0,1027.0,8228.0,0.0,0.0,0.0,0.0,0.0,1.0,0.0,0.0,0.0,0.0,0.0,0.5,0.0,0.2,0.0,0.0,16.0,25903.0
2026-07-30T19:03:42.889Z,392.372,392.388,0.0,7.4,0.0,0.0,0.0,0.0,0.0,0.0,0.0,0.0,1.0,0.0,0.0,0.0,9.0,4.0,0.0,0.0,0.0,0.0,0.0,0.0,0.0,0.0,4.0,12.0,1.0,12.15,5.0200000000000005,2.5,1.49,0.0,0.0,0.0,361.3,0.0,-0.2,-0.5,-0.1,-169.60000000000002,0.0,0.0,169.70000000000002,0.0,21.4,28.9,28.9,30.9,300.0,300.0,31.6,35.9,28.8,28.0,29.9,4.95,1.99,4.97,0.16,0.0,0.0,1027.0,8228.0,0.0,0.0,0.0,0.0,0.0,1.0,0.0,0.0,0.0,0.0,0.0,-0.7000000000000001,0.0,0.0,0.0,0.0,16.0,25903.0
2026-07-30T19:03:42.901Z,392.384,392.4,0.0,7.4,0.0,0.0,0.0,0.0,0.0,0.0,0.0,0.0,1.0,0.0,0.0,0.0,9.0,4.0,0.0,0.0,0.0,0.0,0.0,0.0,0.0,0.0,5.0,12.0,1.0,12.15,5.0200000000000005,2.5,1.49,0.0,0.1,0.0,361.3,0.0,-0.8,-0.5,-0.1,-169.60000000000002,0.0,0.0,169.70000000000002,0.0,21.4,28.9,28.9,30.9,300.0,300.0,31.6,35.9,28.8,28.0,29.9,4.96,1.99,4.97,0.16,0.0,0.0,1027.0,8228.0,0.0,0.0,0.0,0.0,0.0,1.0,0.0,0.0,0.0,0.0,0.0,-0.7000000000000001,0.0,0.0,0.0,0.0,16.0,25903.0
2026-07-30T19:03:42.913Z,392.396,392.412,0.0,7.4,0.0,0.0,0.0,0.0,0.0,0.0,0.0,0.0,1.0,0.0,0.0,0.0,9.0,4.0,0.0,0.0,0.0,0.0,0.0,0.0,0.0,0.0,1.0,12.0,1.0,12.15,5.0200000000000005,2.5,1.49,0.0,0.0,0.0,361.3,0.0,0.3,0.6000000000000001,0.4,-169.60000000000002,0.0,0.0,169.60000000000002,0.0,21.4,28.9,28.9,30.9,300.0,300.0,31.6,35.9,28.8,28.0,29.9,4.96,1.99,4.96,0.16,0.0,0.0,1027.0,8228.0,0.0,0.0,0.0,0.0,0.0,1.0,0.0,0.0,0.0,0.0,0.0,0.9,0.0,-0.2,0.0,0.0,16.0,25903.0
2026-07-30T19:03:42.925Z,392.408,392.424,0.0,7.4,0.0,0.0,0.0,0.0,0.0,0.0,0.0,0.0,1.0,0.0,0.0,0.0,9.0,4.0,0.0,0.0,0.0,0.0,0.0,0.0,0.0,0.0,2.0,12.0,1.0,12.15,5.0200000000000005,2.5,1.49,0.0,0.0,0.0,361.3,0.0,0.2,0.0,-0.1,-169.60000000000002,0.0,0.0,169.60000000000002,0.0,21.4,28.9,28.9,30.9,300.0,300.0,31.6,35.9,28.8,28.0,29.9,4.96,1.99,4.96,0.16,0.0,0.0,1027.0,8228.0,0.0,0.0,0.0,0.0,0.0,1.0,0.0,0.0,0.0,0.0,0.0,-0.1,0.0,0.1,0.0,0.0,16.0,25903.0
2026-07-30T19:03:42.937Z,392.42,392.436,0.0,7.4,0.0,0.0,0.0,0.0,0.0,0.0,0.0,0.0,1.0,0.0,0.0,0.0,9.0,4.0,0.0,0.0,0.0,0.0,0.0,0.0,0.0,0.0,4.0,12.0,1.0,12.15,5.0200000000000005,2.5,1.49,0.0,0.0,0.0,361.3,0.0,0.3,0.6000000000000001,0.9,-169.60000000000002,0.0,0.0,169.70000000000002,0.0,21.4,28.9,28.9,30.9,300.0,300.0,31.6,35.9,28.8,28.0,29.9,4.95,1.99,4.97,0.16,0.0,0.0,1027.0,8228.0,0.0,0.0,0.0,0.0,0.0,1.0,0.0,0.0,0.0,0.0,0.0,1.4,0.0,-0.7000000000000001,0.0,0.0,16.0,25903.0
2026-07-30T19:03:42.949Z,392.432,392.448,0.0,7.4,0.0,0.0,0.0,0.0,0.0,0.0,0.0,0.0,1.0,0.0,0.0,0.0,9.0,4.0,0.0,0.0,0.0,0.0,0.0,0.0,0.0,0.0,6.0,12.0,1.0,12.15,5.0200000000000005,2.5,1.49,0.0,0.0,0.0,361.3,0.0,-0.2,-1.1,0.9,-169.60000000000002,0.0,0.0,169.60000000000002,0.0,21.4,28.9,28.9,30.9,300.0,300.0,31.6,35.9,28.8,28.0,29.9,4.96,2.0,4.96,0.16,0.0,0.0,1027.0,8228.0,0.0,0.0,0.0,0.0,0.0,1.0,0.0,0.0,0.0,0.0,0.0,-0.5,0.0,-1.0,0.0,0.0,16.0,25903.0
2026-07-30T19:03:42.961Z,392.444,392.46,0.0,7.4,0.0,0.0,0.0,0.0,0.0,0.0,0.0,0.0,1.0,0.0,0.0,0.0,9.0,4.0,0.0,0.0,0.0,0.0,0.0,0.0,0.0,0.0,1.0,12.0,1.0,12.15,5.0200000000000005,2.5,1.49,0.0,0.1,0.0,361.3,0.0,0.3,0.0,2.1,-169.60000000000002,0.0,0.0,169.60000000000002,0.0,21.4,28.9,28.9,30.9,300.0,300.0,31.6,35.9,28.8,28.0,29.9,4.96,1.99,4.97,0.16,0.0,0.0,1027.0,8228.0,0.0,0.0,0.0,0.0,0.0,1.0,0.0,0.0,0.0,0.0,0.0,1.6,0.0,-1.8,0.0,0.0,16.0,25903.0
2026-07-30T19:03:42.973Z,392.456,392.472,0.0,7.4,0.0,0.0,0.0,0.0,0.0,0.0,0.0,0.0,1.0,0.0,0.0,0.0,9.0,4.0,0.0,0.0,0.0,0.0,0.0,0.0,0.0,0.0,3.0,12.0,1.0,12.15,5.0200000000000005,2.5,1.49,0.0,0.1,0.0,361.4,0.0,0.3,0.0,0.3,-169.60000000000002,0.0,0.0,169.70000000000002,0.0,21.4,28.9,28.9,30.9,300.0,300.0,31.6,35.9,28.8,28.0,29.9,4.95,1.99,4.97,0.16,0.0,0.0,1027.0,8228.0,0.0,0.0,0.0,0.0,0.0,1.0,0.0,0.0,0.0,0.0,0.0,0.3,0.0,-0.3,0.0,0.0,16.0,25903.0
2026-07-30T19:03:42.985Z,392.468,392.484,0.0,7.4,0.0,0.0,0.0,0.0,0.0,0.0,0.0,0.0,1.0,0.0,0.0,0.0,9.0,4.0,0.0,0.0,0.0,0.0,0.0,0.0,0.0,0.0,4.0,12.0,1.0,12.15,5.0200000000000005,2.51,1.49,0.0,0.0,0.0,361.3,0.0,-0.3,-0.5,-0.2,-169.60000000000002,0.0,0.0,169.70000000000002,0.0,21.0,28.9,28.9,30.9,300.0,300.0,31.6,35.9,28.8,28.0,29.9,4.96,1.99,4.96,0.16,0.0,0.0,1027.0,8228.0,0.0,0.0,0.0,0.0,0.0,1.0,0.0,0.0,0.0,0.0,0.0,-0.8,0.0,0.0,0.0,0.0,16.0,25903.0
2026-07-30T19:03:42.997Z,392.48,392.496,0.0,7.4,0.0,0.0,0.0,0.0,0.0,0.0,0.0,0.0,1.0,0.0,0.0,0.0,9.0,4.0,0.0,0.0,0.0,0.0,0.0,0.0,0.0,0.0,6.0,12.0,1.0,12.15,5.0200000000000005,2.51,1.49,0.0,0.0,0.0,361.3,0.0,0.8,-0.5,0.9,-169.60000000000002,0.0,0.0,169.60000000000002,0.0,21.0,28.9,28.9,30.9,300.0,300.0,31.6,35.9,28.8,28.0,29.9,4.96,1.99,4.96,0.16,0.0,0.0,1027.0,8228.0,0.0,0.0,0.0,0.0,0.0,1.0,0.0,0.0,0.0,0.0,0.0,0.1,0.0,-0.9,0.0,0.0,16.0,25903.0
2026-07-30T19:03:43.010Z,392.493,392.508,0.0,7.4,0.0,0.0,0.0,0.0,0.0,0.0,0.0,0.0,1.0,0.0,0.0,0.0,9.0,4.0,0.0,0.0,0.0,0.0,0.0,0.0,0.0,0.0,1.0,12.0,1.0,12.15,5.0200000000000005,2.51,1.49,0.0,0.0,0.0,361.3,0.0,0.8,1.1,-0.2,-169.60000000000002,0.0,0.0,169.70000000000002,0.0,21.0,28.9,28.9,30.9,300.0,300.0,31.6,35.9,28.8,28.0,29.9,4.96,1.99,4.97,0.16,0.0,0.0,1027.0,8228.0,0.0,0.0,0.0,0.0,0.0,1.0,0.0,0.0,0.0,0.0,0.0,1.1,0.0,0.4,0.0,0.0,16.0,25903.0
2026-07-30T19:03:43.021Z,392.504,392.52,0.0,7.4,0.0,0.0,0.0,0.0,0.0,0.0,0.0,0.0,1.0,0.0,0.0,0.0,9.0,4.0,0.0,0.0,0.0,0.0,0.0,0.0,0.0,0.0,2.0,12.0,1.0,12.15,5.0200000000000005,2.51,1.49,0.0,0.0,0.0,361.3,0.0,-0.2,0.6000000000000001,0.3,-169.60000000000002,0.0,0.0,169.60000000000002,0.0,21.0,28.9,28.9,30.9,300.0,300.0,31.6,35.9,28.8,28.0,29.9,4.95,1.99,4.97,0.16,0.0,0.0,1027.0,8228.0,0.0,0.0,0.0,0.0,0.0,1.0,0.0,0.0,0.0,0.0,0.0,1.0,0.0,-0.1,0.0,0.0,16.0,25903.0
2026-07-30T19:03:43.033Z,392.516,392.532,0.0,7.4,0.0,0.0,0.0,0.0,0.0,0.0,0.0,0.0,1.0,0.0,0.0,0.0,9.0,4.0,0.0,0.0,0.0,0.0,0.0,0.0,0.0,0.0,3.0,12.0,1.0,12.15,5.0200000000000005,2.51,1.49,0.0,0.0,0.0,361.4,0.0,-0.2,-1.1,0.9,-169.60000000000002,0.0,0.0,169.60000000000002,0.0,21.0,28.9,28.9,30.9,300.0,300.0,31.6,35.9,28.8,28.0,29.9,4.96,1.99,4.96,0.16,0.0,0.0,1027.0,8228.0,0.0,0.0,0.0,0.0,0.0,1.0,0.0,0.0,0.0,0.0,0.0,-0.5,0.0,-1.1,0.0,0.0,16.0,25903.0
2026-07-30T19:03:43.045Z,392.528,392.544,0.0,7.4,0.0,0.0,0.0,0.0,0.0,0.0,0.0,0.0,1.0,0.0,0.0,0.0,9.0,4.0,0.0,0.0,0.0,0.0,0.0,0.0,0.0,0.0,5.0,12.0,1.0,12.15,5.0200000000000005,2.51,1.49,0.0,0.0,0.0,361.4,0.0,0.8,0.0,-1.3,-169.60000000000002,0.0,0.0,169.8,0.0,21.0,28.9,28.9,30.9,300.0,300.0,31.6,35.9,28.8,28.0,29.9,4.95,1.99,4.97,0.16,0.0,0.0,1027.0,8228.0,0.0,0.0,0.0,0.0,0.0,1.0,0.0,0.0,0.0,0.0,0.0,-0.9,0.0,1.2000000000000002,0.0,0.0,16.0,25903.0
2026-07-30T19:03:43.057Z,392.54,392.556,0.0,7.4,0.0,0.0,0.0,0.0,0.0,0.0,0.0,0.0,1.0,0.0,0.0,0.0,9.0,4.0,0.0,0.0,0.0,0.0,0.0,0.0,0.0,0.0,6.0,12.0,1.0,12.15,5.0200000000000005,2.51,1.49,0.0,0.0,0.0,361.3,0.0,0.8,0.0,0.4,-169.60000000000002,0.0,0.0,169.70000000000002,0.0,21.0,28.9,28.9,30.9,300.0,300.0,31.6,35.9,28.8,28.0,29.9,4.95,1.99,4.96,0.16,0.0,0.0,1027.0,8228.0,0.0,0.0,0.0,0.0,0.0,1.0,0.0,0.0,0.0,0.0,0.0,0.3,0.0,-0.3,0.0,0.0,16.0,25903.0
2026-07-30T19:03:43.069Z,392.552,392.568,0.0,7.4,0.0,0.0,0.0,0.0,0.0,0.0,0.0,0.0,1.0,0.0,0.0,0.0,9.0,4.0,0.0,0.0,0.0,0.0,0.0,0.0,0.0,0.0,2.0,12.0,1.0,12.15,5.0200000000000005,2.51,1.49,0.0,0.1,0.0,361.4,0.0,-0.2,0.0,0.9,-169.60000000000002,0.0,0.0,169.60000000000002,0.0,21.0,28.9,28.9,30.9,300.0,300.0,31.6,35.9,28.8,28.0,29.9,4.96,2.0,4.96,0.16,0.0,0.0,1027.0,8228.0,0.0,0.0,0.0,0.0,0.0,1.0,0.0,0.0,0.0,0.0,0.0,0.7000000000000001,0.0,-0.8,0.0,0.0,16.0,25903.0
2026-07-30T19:03:43.082Z,392.565,392.58,0.0,7.4,0.0,0.0,0.0,0.0,0.0,0.0,0.0,0.0,1.0,0.0,0.0,0.0,9.0,4.0,0.0,0.0,0.0,0.0,0.0,0.0,0.0,0.0,3.0,12.0,1.0,12.15,5.0200000000000005,2.51,1.49,0.0,0.0,0.0,361.4,0.0,-0.2,-0.4,-0.7000000000000001,-169.60000000000002,0.0,0.0,169.70000000000002,0.0,21.8,28.9,28.9,30.9,300.0,300.0,31.700000000000003,35.800000000000004,28.8,28.0,29.9,4.95,2.0,4.96,0.16,0.0,0.0,1027.0,8228.0,0.0,0.0,0.0,0.0,0.0,1.0,0.0,0.0,0.0,0.0,0.0,-1.1,0.0,0.5,0.0,0.0,16.0,25903.0
2026-07-30T19:03:43.093Z,392.576,392.592,0.0,7.4,0.0,0.0,0.0,0.0,0.0,0.0,0.0,0.0,1.0,0.0,0.0,0.0,9.0,4.0,0.0,0.0,0.0,0.0,0.0,0.0,0.0,0.0,5.0,12.0,1.0,12.15,5.0200000000000005,2.51,1.49,0.0,0.0,0.0,361.3,0.0,-0.2,-0.5,0.9,-169.60000000000002,0.0,0.0,169.70000000000002,0.0,21.8,28.9,28.9,30.9,300.0,300.0,31.700000000000003,35.800000000000004,28.8,28.0,29.9,4.96,1.99,4.97,0.16,0.0,0.0,1027.0,8228.0,0.0,0.0,0.0,0.0,0.0,1.0,0.0,0.0,0.0,0.0,0.0,0.1,0.0,-0.9,0.0,0.0,16.0,25903.0
2026-07-30T19:03:43.105Z,392.588,392.604,0.0,7.4,0.0,0.0,0.0,0.0,0.0,0.0,0.0,0.0,1.0,0.0,0.0,0.0,9.0,4.0,0.0,0.0,0.0,0.0,0.0,0.0,0.0,0.0,6.0,12.0,1.0,12.15,5.0200000000000005,2.51,1.49,0.0,0.1,0.0,361.3,0.0,0.3,0.0,-1.3,-169.60000000000002,0.0,0.0,169.70000000000002,0.0,21.8,28.9,28.9,30.9,300.0,300.0,31.700000000000003,35.800000000000004,28.8,28.0,29.9,4.96,1.99,4.96,0.16,0.0,0.0,1027.0,8228.0,0.0,0.0,0.0,0.0,0.0,1.0,0.0,0.0,0.0,0.0,0.0,-0.9,0.0,1.2000000000000002,0.0,0.0,16.0,25903.0
2026-07-30T19:03:43.117Z,392.6,392.616,0.0,7.4,0.0,0.0,0.0,0.0,0.0,0.0,0.0,0.0,1.0,0.0,0.0,0.0,9.0,4.0,0.0,0.0,0.0,0.0,0.0,0.0,0.0,0.0,2.0,12.0,1.0,12.15,5.0200000000000005,2.51,1.49,0.0,0.0,0.0,361.3,0.0,0.3,0.1,-0.7000000000000001,-169.60000000000002,0.0,0.0,169.60000000000002,0.0,21.8,28.9,28.9,30.9,300.0,300.0,31.700000000000003,35.800000000000004,28.8,28.0,29.9,4.96,1.99,4.96,0.16,0.0,0.0,1027.0,8228.0,0.0,0.0,0.0,0.0,0.0,1.0,0.0,0.0,0.0,0.0,0.0,-0.4,0.0,0.6000000000000001,0.0,0.0,16.0,25903.0
2026-07-30T19:03:43.129Z,392.612,392.628,0.0,7.4,0.0,0.0,0.0,0.0,0.0,0.0,0.0,0.0,1.0,0.0,0.0,0.0,9.0,4.0,0.0,0.0,0.0,0.0,0.0,0.0,0.0,0.0,3.0,12.0,1.0,12.15,5.0200000000000005,2.51,1.49,0.0,0.0,0.0,361.3,0.0,-0.2,-1.0,-0.1,-169.60000000000002,0.0,0.0,169.60000000000002,0.0,21.8,28.9,28.9,30.9,300.0,300.0,31.700000000000003,35.800000000000004,28.8,28.0,29.9,4.95,1.99,4.97,0.16,0.0,0.0,1027.0,8228.0,0.0,0.0,0.0,0.0,0.0,1.0,0.0,0.0,0.0,0.0,0.0,-1.3,0.0,0.0,0.0,0.0,16.0,25903.0
2026-07-30T19:03:43.141Z,392.624,392.64,0.0,7.4,0.0,0.0,0.0,0.0,0.0,0.0,0.0,0.0,1.0,0.0,0.0,0.0,9.0,4.0,0.0,0.0,0.0,0.0,0.0,0.0,0.0,0.0,5.0,12.0,1.0,12.15,5.0200000000000005,2.51,1.49,0.0,0.0,0.0,361.3,0.0,0.3,0.1,1.0,-169.60000000000002,0.0,0.0,169.70000000000002,0.0,21.8,28.9,28.9,30.9,300.0,300.0,31.700000000000003,35.800000000000004,28.8,28.0,29.9,4.96,1.99,4.97,0.16,0.0,0.0,1027.0,8228.0,0.0,0.0,0.0,0.0,0.0,1.0,0.0,0.0,0.0,0.0,0.0,0.9,0.0,-0.8,0.0,0.0,16.0,25903.0
2026-07-30T19:03:43.153Z,392.636,392.652,0.0,7.4,0.0,0.0,0.0,0.0,0.0,0.0,0.0,0.0,1.0,0.0,0.0,0.0,9.0,4.0,0.0,0.0,0.0,0.0,0.0,0.0,0.0,0.0,1.0,12.0,1.0,12.15,5.0200000000000005,2.51,1.49,0.0,0.0,0.0,361.3,0.0,-0.2,0.6000000000000001,1.5,-169.60000000000002,0.0,0.0,169.60000000000002,0.0,21.8,28.9,28.9,30.9,300.0,300.0,31.700000000000003,35.800000000000004,28.8,28.0,29.9,4.96,2.0,4.97,0.16,0.0,0.0,1027.0,8228.0,0.0,0.0,0.0,0.0,0.0,1.0,0.0,0.0,0.0,0.0,0.0,0.0,0.0,0.1,0.0,0.0,16.0,25903.0
2026-07-30T19:03:43.165Z,392.648,392.664,0.0,7.4,0.0,0.0,0.0,0.0,0.0,0.0,0.0,0.0,1.0,0.0,0.0,0.0,9.0,4.0,0.0,0.0,0.0,0.0,0.0,0.0,0.0,0.0,2.0,12.0,1.0,12.15,5.0200000000000005,2.51,1.49,0.0,0.0,0.0,361.3,0.0,0.3,-0.5,-1.3,-169.60000000000002,0.0,0.0,169.60000000000002,0.0,21.8,28.9,28.9,30.9,300.0,300.0,31.700000000000003,35.800000000000004,28.8,28.0,29.9,4.96,1.99,4.97,0.16,0.0,0.0,1027.0,8228.0,0.0,0.0,0.0,0.0,0.0,1.0,0.0,0.0,0.0,0.0,0.0,1.0,0.0,-0.2,0.0,0.0,16.0,25903.0
2026-07-30T19:03:43.177Z,392.66,392.676,0.0,7.4,0.0,0.0,0.0,0.0,0.0,0.0,0.0,0.0,1.0,0.0,0.0,0.0,9.0,4.0,0.0,0.0,0.0,0.0,0.0,0.0,0.0,0.0,4.0,12.0,1.0,12.15,5.0200000000000005,2.51,1.49,0.0,0.0,0.0,361.4,0.0,0.2,1.2000000000000002,1.0,-169.60000000000002,0.0,0.0,169.70000000000002,0.0,21.8,28.9,28.9,30.9,300.0,300.0,31.700000000000003,35.800000000000004,28.8,28.0,29.9,4.95,1.99,4.97,0.16,0.0,0.0,1027.0,8228.0,0.0,0.0,0.0,0.0,0.0,1.0,0.0,0.0,0.0,0.0,0.0,-2.2,0.0,0.9,0.0,0.0,16.0,25903.0
2026-07-30T19:03:43.189Z,392.672,392.688,0.0,7.4,0.0,0.0,0.0,0.0,0.0,0.0,0.0,0.0,1.0,0.0,0.0,0.0,9.0,4.0,0.0,0.0,0.0,0.0,0.0,0.0,0.0,0.0,5.0,12.0,1.0,12.17,5.01,2.51,1.49,0.0,0.0,0.0,361.3,0.0,0.2,0.0,-0.2,-169.60000000000002,0.0,0.0,169.60000000000002,0.0,21.8,28.9,28.9,30.9,300.0,300.0,31.6,35.9,28.8,28.0,29.9,4.96,2.0,4.96,0.16,0.0,0.0,1027.0,8228.0,0.0,0.0,0.0,0.0,0.0,1.0,0.0,0.0,0.0,0.0,0.0,-2.7,0.0,1.5,0.0,0.0,16.0,25903.0
2026-07-30T19:03:43.201Z,392.684,392.7,0.0,7.4,0.0,0.0,0.0,0.0,0.0,0.0,0.0,0.0,1.0,0.0,0.0,0.0,9.0,4.0,0.0,0.0,0.0,0.0,0.0,0.0,0.0,0.0,1.0,12.0,1.0,12.17,5.01,2.51,1.49,0.0,0.1,0.0,361.3,0.0,-0.2,1.2000000000000002,1.5,-169.60000000000002,0.0,0.0,169.70000000000002,0.0,21.8,28.9,28.9,30.9,300.0,300.0,31.6,35.9,28.8,28.0,29.9,4.96,1.99,4.97,0.16,0.0,0.0,1027.0,8228.0,0.0,0.0,0.0,0.0,0.0,1.0,0.0,0.0,0.0,0.0,0.0,2.5,0.0,-1.1,0.0,0.0,16.0,25903.0
2026-07-30T19:03:43.213Z,392.696,392.712,0.0,7.4,0.0,0.0,0.0,0.0,0.0,0.0,0.0,0.0,1.0,0.0,0.0,0.0,9.0,4.0,0.0,0.0,0.0,0.0,0.0,0.0,0.0,0.0,2.0,12.0,1.0,12.17,5.01,2.51,1.49,0.0,0.0,0.0,361.3,0.0,-0.2,1.8,0.3,-169.60000000000002,0.0,0.0,169.60000000000002,0.0,21.8,28.9,28.9,30.9,300.0,300.0,31.6,35.9,28.8,28.0,29.9,4.95,2.0,4.97,0.16,0.0,0.0,1027.0,8228.0,0.0,0.0,0.0,0.0,0.0,1.0,0.0,0.0,0.0,0.0,0.0,2.3000000000000003,0.0,0.0,0.0,0.0,16.0,25903.0
2026-07-30T19:03:43.225Z,392.708,392.724,0.0,7.4,0.0,0.0,0.0,0.0,0.0,0.0,0.0,0.0,1.0,0.0,0.0,0.0,9.0,4.0,0.0,0.0,0.0,0.0,0.0,0.0,0.0,0.0,3.0,12.0,1.0,12.17,5.01,2.51,1.49,0.0,0.0,0.0,361.3,0.0,0.3,0.0,1.0,-169.60000000000002,0.0,0.0,169.60000000000002,0.0,21.8,28.9,28.9,30.9,300.0,300.0,31.6,35.9,28.8,28.0,29.9,4.96,2.0,4.96,0.16,0.0,0.0,1027.0,8228.0,0.0,0.0,0.0,0.0,0.0,1.0,0.0,0.0,0.0,0.0,0.0,0.8,0.0,-0.9,0.0,0.0,16.0,25903.0
2026-07-30T19:03:43.238Z,392.721,392.736,0.0,7.4,0.0,0.0,0.0,0.0,0.0,0.0,0.0,0.0,1.0,0.0,0.0,0.0,9.0,4.0,0.0,0.0,0.0,0.0,0.0,0.0,0.0,0.0,5.0,12.0,1.0,12.17,5.01,2.51,1.49,0.0,0.0,0.0,361.3,0.0,-1.4,0.1,-0.1,-169.60000000000002,0.0,0.0,169.60000000000002,0.0,21.8,28.9,28.9,30.9,300.0,300.0,31.6,35.9,28.8,28.0,29.9,4.96,2.0,4.96,0.16,0.0,0.0,1027.0,8228.0,0.0,0.0,0.0,0.0,0.0,1.0,0.0,0.0,0.0,0.0,0.0,0.0,0.0,0.1,0.0,0.0,16.0,25903.0
2026-07-30T19:03:43.249Z,392.732,392.748,0.0,7.4,0.0,0.0,0.0,0.0,0.0,0.0,0.0,0.0,1.0,0.0,0.0,0.0,9.0,4.0,0.0,0.0,0.0,0.0,0.0,0.0,0.0,0.0,6.0,12.0,1.0,12.17,5.01,2.51,1.49,0.0,0.0,0.0,361.3,0.0,0.3,0.6000000000000001,-0.1,-169.60000000000002,0.0,0.0,169.70000000000002,0.0,21.8,28.9,28.9,30.9,300.0,300.0,31.6,35.9,28.8,28.0,29.9,4.96,1.99,4.97,0.16,0.0,0.0,1027.0,8228.0,0.0,0.0,0.0,0.0,0.0,1.0,0.0,0.0,0.0,0.0,0.0,0.6000000000000001,0.0,0.2,0.0,0.0,16.0,25903.0
2026-07-30T19:03:43.262Z,392.745,392.76,0.0,7.4,0.0,0.0,0.0,0.0,0.0,0.0,0.0,0.0,1.0,0.0,0.0,0.0,9.0,4.0,0.0,0.0,0.0,0.0,0.0,0.0,0.0,0.0,2.0,12.0,1.0,12.17,5.01,2.51,1.49,0.0,0.0,0.0,361.3,0.0,0.3,1.2000000000000002,1.6,-169.60000000000002,0.0,0.0,169.60000000000002,0.0,21.8,28.9,28.9,30.9,300.0,300.0,31.6,35.9,28.8,28.0,29.9,4.96,1.99,4.97,0.16,0.0,0.0,1027.0,8228.0,0.0,0.0,0.0,0.0,0.0,1.0,0.0,0.0,0.0,0.0,0.0,2.7,0.0,-1.1,0.0,0.0,16.0,25903.0
2026-07-30T19:03:43.274Z,392.757,392.772,0.0,7.4,0.0,0.0,0.0,0.0,0.0,0.0,0.0,0.0,1.0,0.0,0.0,0.0,9.0,4.0,0.0,0.0,0.0,0.0,0.0,0.0,0.0,0.0,4.0,12.0,1.0,12.17,5.01,2.51,1.49,0.0,0.1,0.0,361.3,0.0,-0.2,-1.0,-1.2000000000000002,-169.60000000000002,0.0,0.0,169.60000000000002,0.0,21.8,28.9,28.9,30.9,300.0,300.0,31.6,35.9,28.8,28.0,29.9,4.96,1.99,4.96,0.16,0.0,0.0,1027.0,8228.0,0.0,0.0,0.0,0.0,0.0,1.0,0.0,0.0,0.0,0.0,0.0,-2.1,0.0,0.8,0.0,0.0,16.0,25903.0
2026-07-30T19:03:43.286Z,392.769,392.784,0.0,7.4,0.0,0.0,0.0,0.0,0.0,0.0,0.0,0.0,1.0,0.0,0.0,0.0,9.0,4.0,0.0,0.0,0.0,0.0,0.0,0.0,0.0,0.0,5.0,12.0,1.0,12.17,5.01,2.51,1.49,0.0,0.0,0.0,361.3,0.0,0.8,0.6000000000000001,-0.1,-169.60000000000002,0.0,0.0,169.60000000000002,0.0,21.3,28.9,28.9,30.9,300.0,300.0,31.6,35.800000000000004,28.9,28.0,29.9,4.95,1.99,4.97,0.16,0.0,0.0,1027.0,8228.0,0.0,0.0,0.0,0.0,0.0,1.0,0.0,0.0,0.0,0.0,0.0,0.6000000000000001,0.0,0.2,0.0,0.0,16.0,25903.0
2026-07-30T19:03:43.298Z,392.781,392.796,0.0,7.4,0.0,0.0,0.0,0.0,0.0,0.0,0.0,0.0,1.0,0.0,0.0,0.0,9.0,4.0,0.0,0.0,0.0,0.0,0.0,0.0,0.0,0.0,6.0,12.0,1.0,12.17,5.01,2.51,1.49,0.0,0.0,0.0,361.3,0.0,-0.3,0.0,-1.3,-169.60000000000002,0.0,0.0,169.70000000000002,0.0,21.3,28.9,28.9,30.9,300.0,300.0,31.6,35.800000000000004,28.9,28.0,29.9,4.95,1.99,4.96,0.16,0.0,0.0,1027.0,8228.0,0.0,0.0,0.0,0.0,0.0,1.0,0.0,0.0,0.0,0.0,0.0,-0.9,0.0,1.1,0.0,0.0,16.0,25903.0
2026-07-30T19:03:43.309Z,392.792,392.808,0.0,7.4,0.0,0.0,0.0,0.0,0.0,0.0,0.0,0.0,1.0,0.0,0.0,0.0,9.0,4.0,0.0,0.0,0.0,0.0,0.0,0.0,0.0,0.0,2.0,12.0,1.0,12.17,5.01,2.51,1.49,0.0,0.0,0.0,361.3,0.0,-0.9,-1.1,-1.3,-169.60000000000002,0.0,0.0,169.70000000000002,0.0,21.3,28.9,28.9,30.9,300.0,300.0,31.6,35.800000000000004,28.9,28.0,29.9,4.96,2.0,4.96,0.16,0.0,0.0,1027.0,8228.0,0.0,0.0,0.0,0.0,0.0,1.0,0.0,0.0,0.0,0.0,0.0,-2.2,0.0,0.9,0.0,0.0,16.0,25903.0
2026-07-30T19:03:43.321Z,392.804,392.82,0.0,7.4,0.0,0.0,0.0,0.0,0.0,0.0,0.0,0.0,1.0,0.0,0.0,0.0,9.0,4.0,0.0,0.0,0.0,0.0,0.0,0.0,0.0,0.0,3.0,12.0,1.0,12.17,5.01,2.51,1.49,0.0,0.0,0.0,361.3,0.0,0.8,-0.4,-0.1,-169.60000000000002,0.0,0.0,169.60000000000002,0.0,21.3,28.9,28.9,30.9,300.0,300.0,31.6,35.800000000000004,28.9,28.0,29.9,4.95,2.0,4.97,0.16,0.0,0.0,1027.0,8228.0,0.0,0.0,0.0,0.0,0.0,1.0,0.0,0.0,0.0,0.0,0.0,-0.6000000000000001,0.0,0.0,0.0,0.0,16.0,25903.0
2026-07-30T19:03:43.333Z,392.816,392.832,0.0,7.4,0.0,0.0,0.0,0.0,0.0,0.0,0.0,0.0,1.0,0.0,0.0,0.0,9.0,4.0,0.0,0.0,0.0,0.0,0.0,0.0,0.0,0.0,5.0,12.0,1.0,12.17,5.01,2.51,1.49,0.0,0.0,0.0,361.3,0.0,0.3,-1.6,-1.8,-169.60000000000002,0.0,0.0,169.60000000000002,0.0,21.3,28.9,28.9,30.9,300.0,300.0,31.6,35.800000000000004,28.9,28.0,29.9,4.95,1.99,4.97,0.16,0.0,0.0,1027.0,8228.0,0.0,0.0,0.0,0.0,0.0,1.0,0.0,0.0,0.0,0.0,0.0,-3.1,0.0,1.2000000000000002,0.0,0.0,16.0,25903.0
2026-07-30T19:03:43.345Z,392.828,392.844,0.0,7.4,0.0,0.0,0.0,0.0,0.0,0.0,0.0,0.0,1.0,0.0,0.0,0.0,9.0,4.0,0.0,0.0,0.0,0.0,0.0,0.0,0.0,0.0,6.0,12.0,1.0,12.17,5.01,2.51,1.49,0.0,0.0,0.0,361.3,0.0,0.3,0.1,0.5,-169.60000000000002,0.0,0.0,169.60000000000002,0.0,21.3,28.9,28.9,30.9,300.0,300.0,31.6,35.800000000000004,28.9,28.0,29.9,4.95,1.99,4.96,0.16,0.0,0.0,1027.0,8228.0,0.0,0.0,0.0,0.0,0.0,1.0,0.0,0.0,0.0,0.0,0.0,0.5,0.0,-0.4,0.0,0.0,16.0,25903.0
2026-07-30T19:03:43.357Z,392.84,392.856,0.0,7.4,0.0,0.0,0.0,0.0,0.0,0.0,0.0,0.0,1.0,0.0,0.0,0.0,9.0,4.0,0.0,0.0,0.0,0.0,0.0,0.0,0.0,0.0,1.0,12.0,1.0,12.17,5.01,2.51,1.49,0.0,0.0,0.0,361.3,0.0,-0.2,1.3,0.5,-169.60000000000002,0.0,0.0,169.60000000000002,0.0,21.3,28.9,28.9,30.9,300.0,300.0,31.6,35.800000000000004,28.9,28.0,29.9,4.96,1.99,4.96,0.16,0.0,0.0,1027.0,8228.0,0.0,0.0,0.0,0.0,0.0,1.0,0.0,0.0,0.0,0.0,0.0,1.8,0.0,-0.1,0.0,0.0,16.0,25903.0
2026-07-30T19:03:43.369Z,392.852,392.868,0.0,7.4,0.0,0.0,0.0,0.0,0.0,0.0,0.0,0.0,1.0,0.0,0.0,0.0,9.0,4.0,0.0,0.0,0.0,0.0,0.0,0.0,0.0,0.0,2.0,12.0,1.0,12.17,5.01,2.51,1.49,0.0,0.0,0.0,361.3,0.0,0.3,-0.4,0.0,-169.60000000000002,0.0,0.0,169.60000000000002,0.0,21.3,28.9,28.9,30.9,300.0,300.0,31.6,35.800000000000004,28.9,28.0,29.9,4.95,1.99,4.97,0.16,0.0,0.0,1027.0,8228.0,0.0,0.0,0.0,0.0,0.0,1.0,0.0,0.0,0.0,0.0,0.0,-0.5,0.0,0.0,0.0,0.0,16.0,25903.0
2026-07-30T19:03:43.382Z,392.865,392.88,0.0,7.4,0.0,0.0,0.0,0.0,0.0,0.0,0.0,0.0,1.0,0.0,0.0,0.0,9.0,4.0,0.0,0.0,0.0,0.0,0.0,0.0,0.0,0.0,3.0,12.0,1.0,12.17,5.01,2.51,1.49,0.0,0.0,0.0,361.3,0.0,-0.7000000000000001,-0.4,0.5,-169.60000000000002,0.0,0.0,169.70000000000002,0.0,21.3,28.9,28.9,30.9,300.0,300.0,31.6,35.800000000000004,28.9,28.0,29.9,4.96,2.0,4.96,0.16,0.0,0.0,1027.0,8228.0,0.0,0.0,0.0,0.0,0.0,1.0,0.0,0.0,0.0,0.0,0.0,0.0,0.0,-0.5,0.0,0.0,16.0,25903.0
2026-07-30T19:03:43.394Z,392.877,392.892,0.0,7.4,0.0,0.0,0.0,0.0,0.0,0.0,0.0,0.0,1.0,0.0,0.0,0.0,9.0,4.0,0.0,0.0,0.0,0.0,0.0,0.0,0.0,0.0,4.0,12.0,1.0,12.17,5.01,2.51,1.49,0.0,0.0,0.0,361.3,0.0,-0.2,-0.4,-0.6000000000000001,-169.60000000000002,0.0,0.0,169.60000000000002,0.0,21.700000000000003,28.9,28.9,30.9,300.0,300.0,31.6,35.800000000000004,28.8,28.0,29.9,4.96,1.99,4.97,0.16,0.0,0.0,1027.0,8228.0,0.0,0.0,0.0,0.0,0.0,1.0,0.0,0.0,0.0,0.0,0.0,-1.0,0.0,0.5,0.0,0.0,16.0,25903.0
2026-07-30T19:03:43.405Z,392.888,392.904,0.0,7.4,0.0,0.0,0.0,0.0,0.0,0.0,0.0,0.0,1.0,0.0,0.0,0.0,9.0,4.0,0.0,0.0,0.0,0.0,0.0,0.0,0.0,0.0,5.0,12.0,1.0,12.17,5.01,2.51,1.49,0.0,0.0,0.0,361.3,0.0,-0.2,-0.4,0.5,-169.60000000000002,0.0,0.0,169.70000000000002,0.0,21.700000000000003,28.9,28.9,30.9,300.0,300.0,31.6,35.800000000000004,28.8,28.0,29.9,4.96,1.99,4.97,0.16,0.0,0.0,1027.0,8228.0,0.0,0.0,0.0,0.0,0.0,1.0,0.0,0.0,0.0,0.0,0.0,0.0,0.0,-0.5,0.0,0.0,16.0,25903.0
2026-07-30T19:03:43.417Z,392.9,392.916,0.0,7.4,0.0,0.0,0.0,0.0,0.0,0.0,0.0,0.0,1.0,0.0,0.0,0.0,9.0,4.0,0.0,0.0,0.0,0.0,0.0,0.0,0.0,0.0,6.0,12.0,1.0,12.17,5.01,2.51,1.49,0.0,0.0,0.0,361.4,0.0,0.9,0.1,-0.6000000000000001,-169.60000000000002,0.0,0.0,169.70000000000002,0.0,21.700000000000003,28.9,28.9,30.9,300.0,300.0,31.6,35.800000000000004,28.8,28.0,29.9,4.96,1.99,4.97,0.16,0.0,0.0,1027.0,8228.0,0.0,0.0,0.0,0.0,0.0,1.0,0.0,0.0,0.0,0.0,0.0,-0.3,0.0,0.6000000000000001,0.0,0.0,16.0,25903.0
2026-07-30T19:03:43.429Z,392.912,392.928,0.0,7.4,0.0,0.0,0.0,0.0,0.0,0.0,0.0,0.0,1.0,0.0,0.0,0.0,9.0,4.0,0.0,0.0,0.0,0.0,0.0,0.0,0.0,0.0,2.0,12.0,1.0,12.17,5.01,2.51,1.49,0.0,0.0,0.0,361.3,0.0,-0.2,0.7000000000000001,0.4,-169.60000000000002,0.0,0.0,169.60000000000002,0.0,21.700000000000003,28.9,28.9,30.9,300.0,300.0,31.6,35.800000000000004,28.8,28.0,29.9,4.96,1.99,4.96,0.16,0.0,0.0,1027.0,8228.0,0.0,0.0,0.0,0.0,0.0,1.0,0.0,0.0,0.0,0.0,0.0,1.1,0.0,-0.2,0.0,0.0,16.0,25903.0
2026-07-30T19:03:43.441Z,392.924,392.94,0.0,7.4,0.0,0.0,0.0,0.0,0.0,0.0,0.0,0.0,1.0,0.0,0.0,0.0,9.0,4.0,0.0,0.0,0.0,0.0,0.0,0.0,0.0,0.0,3.0,12.0,1.0,12.17,5.01,2.51,1.49,0.0,0.0,0.0,361.3,0.0,-0.2,-0.4,-0.6000000000000001,-169.60000000000002,0.0,0.0,169.60000000000002,0.0,21.700000000000003,28.9,28.9,30.9,300.0,300.0,31.6,35.800000000000004,28.8,28.0,29.9,4.96,1.99,4.97,0.16,0.0,0.0,1027.0,8228.0,0.0,0.0,0.0,0.0,0.0,1.0,0.0,0.0,0.0,0.0,0.0,-1.0,0.0,0.4,0.0,0.0,16.0,25903.0
2026-07-30T19:03:43.454Z,392.937,392.952,0.0,7.4,0.0,0.0,0.0,0.0,0.0,0.0,0.0,0.0,1.0,0.0,0.0,0.0,9.0,4.0,0.0,0.0,0.0,0.0,0.0,0.0,0.0,0.0,4.0,12.0,1.0,12.17,5.01,2.51,1.49,0.0,0.0,0.0,361.3,0.0,0.3,0.1,-0.6000000000000001,-169.60000000000002,0.0,0.0,169.70000000000002,0.0,21.700000000000003,28.9,28.9,30.9,300.0,300.0,31.6,35.800000000000004,28.8,28.0,29.9,4.95,1.99,4.97,0.16,0.0,0.0,1027.0,8228.0,0.0,0.0,0.0,0.0,0.0,1.0,0.0,0.0,0.0,0.0,0.0,-0.3,0.0,0.5,0.0,0.0,16.0,25903.0
2026-07-30T19:03:43.466Z,392.949,392.964,0.0,7.4,0.0,0.0,0.0,0.0,0.0,0.0,0.0,0.0,1.0,0.0,0.0,0.0,9.0,4.0,0.0,0.0,0.0,0.0,0.0,0.0,0.0,0.0,5.0,12.0,1.0,12.17,5.01,2.51,1.49,0.0,0.0,0.0,361.3,0.0,-0.2,0.1,1.1,-169.60000000000002,0.0,0.0,169.70000000000002,0.0,21.700000000000003,28.9,28.9,30.9,300.0,300.0,31.6,35.800000000000004,28.8,28.0,29.9,4.96,1.99,4.97,0.16,0.0,0.0,1027.0,8228.0,0.0,0.0,0.0,0.0,0.0,1.0,0.0,0.0,0.0,0.0,0.0,1.0,0.0,-0.9,0.0,0.0,16.0,25903.0
2026-07-30T19:03:43.477Z,392.96,392.976,0.0,7.4,0.0,0.0,0.0,0.0,0.0,0.0,0.0,0.0,1.0,0.0,0.0,0.0,9.0,4.0,0.0,0.0,0.0,0.0,0.0,0.0,0.0,0.0,6.0,12.0,1.0,12.17,5.01,2.51,1.49,0.0,0.0,0.0,361.3,0.0,-0.2,-0.4,-0.6000000000000001,-169.60000000000002,0.0,0.0,169.70000000000002,0.0,21.700000000000003,28.9,28.9,30.9,300.0,300.0,31.6,35.800000000000004,28.8,28.0,29.9,4.95,2.0,4.96,0.16,0.0,0.0,1027.0,8228.0,0.0,0.0,0.0,0.0,0.0,1.0,0.0,0.0,0.0,0.0,0.0,-1.0,0.0,0.5,0.0,0.0,16.0,25903.0
2026-07-30T19:03:43.491Z,392.974,392.988,0.0,7.4,0.0,0.0,0.0,0.0,0.0,0.0,0.0,0.0,1.0,0.0,0.0,0.0,9.0,4.0,0.0,0.0,0.0,0.0,0.0,0.0,0.0,0.0,1.0,12.0,1.0,12.17,5.0200000000000005,2.51,1.49,0.0,0.0,0.0,361.3,0.0,0.3,0.7000000000000001,0.0,-169.60000000000002,0.0,0.0,169.60000000000002,0.0,21.3,28.9,28.9,30.9,300.0,300.0,31.700000000000003,35.800000000000004,28.8,28.0,29.9,4.95,1.99,4.97,0.16,0.0,0.0,1027.0,8228.0,0.0,0.0,0.0,0.0,0.0,1.0,0.0,0.0,0.0,0.0,0.0,0.7000000000000001,0.0,0.2,0.0,0.0,16.0,25903.0
2026-07-30T19:03:43.502Z,392.985,393.0,0.0,7.4,0.0,0.0,0.0,0.0,0.0,0.0,0.0,0.0,1.0,0.0,0.0,0.0,9.0,4.0,0.0,0.0,0.0,0.0,0.0,0.0,0.0,0.0,2.0,12.0,1.0,12.17,5.0200000000000005,2.51,1.49,0.0,0.0,0.0,361.4,0.0,-0.2,0.6000000000000001,1.6,-169.60000000000002,0.0,0.0,169.60000000000002,0.0,21.3,28.9,28.9,30.9,300.0,300.0,31.700000000000003,35.800000000000004,28.8,28.0,29.9,4.96,1.99,4.97,0.16,0.0,0.0,1027.0,8228.0,0.0,0.0,0.0,0.0,0.0,1.0,0.0,0.0,0.0,0.0,0.0,2.0,0.0,-1.3,0.0,0.0,16.0,25903.0
2026-07-30T19:03:43.513Z,392.996,393.012,0.0,7.4,0.0,0.0,0.0,0.0,0.0,0.0,0.0,0.0,1.0,0.0,0.0,0.0,9.0,4.0,0.0,0.0,0.0,0.0,0.0,0.0,0.0,0.0,4.0,12.0,1.0,12.17,5.0200000000000005,2.51,1.49,0.0,0.0,0.0,361.3,0.0,-0.2,-1.0,-0.6000000000000001,-169.60000000000002,0.0,0.0,169.60000000000002,0.0,21.3,28.9,28.9,30.9,300.0,300.0,31.700000000000003,35.800000000000004,28.8,28.0,29.9,4.96,1.99,4.96,0.17,0.0,0.0,1027.0,8228.0,0.0,0.0,0.0,0.0,0.0,1.0,0.0,0.0,0.0,0.0,0.0,-1.6,0.0,0.3,0.0,0.0,16.0,25903.0
2026-07-30T19:03:43.526Z,393.009,393.024,0.0,7.4,0.0,0.0,0.0,0.0,0.0,0.0,0.0,0.0,1.0,0.0,0.0,0.0,9.0,4.0,0.0,0.0,0.0,0.0,0.0,0.0,0.0,0.0,5.0,12.0,1.0,12.17,5.0200000000000005,2.51,1.49,0.0,0.0,0.0,361.3,0.0,0.3,-0.4,1.6,-169.60000000000002,0.0,0.0,169.70000000000002,0.0,21.3,28.9,28.9,30.9,300.0,300.0,31.700000000000003,35.800000000000004,28.8,28.0,29.9,4.96,1.99,4.97,0.17,0.0,0.0,1027.0,8228.0,0.0,0.0,0.0,0.0,0.0,1.0,0.0,0.0,0.0,0.0,0.0,0.7000000000000001,0.0,-1.5,0.0,0.0,16.0,25903.0
2026-07-30T19:03:43.538Z,393.021,393.036,0.0,7.4,0.0,0.0,0.0,0.0,0.0,0.0,0.0,0.0,1.0,0.0,0.0,0.0,9.0,4.0,0.0,0.0,0.0,0.0,0.0,0.0,0.0,0.0,1.0,12.0,1.0,12.17,5.0200000000000005,2.51,1.49,0.0,0.0,0.0,361.3,0.0,0.9,0.7000000000000001,1.0,-169.60000000000002,0.0,0.0,169.60000000000002,0.0,21.3,28.9,28.9,30.9,300.0,300.0,31.700000000000003,35.800000000000004,28.8,28.0,29.9,4.96,1.99,4.96,0.16,0.0,0.0,1027.0,8228.0,0.0,0.0,0.0,0.0,0.0,1.0,0.0,0.0,0.0,0.0,0.0,1.6,0.0,-0.7000000000000001,0.0,0.0,16.0,25903.0
2026-07-30T19:03:43.550Z,393.033,393.048,0.0,7.4,0.0,0.0,0.0,0.0,0.0,0.0,0.0,0.0,1.0,0.0,0.0,0.0,9.0,4.0,0.0,0.0,0.0,0.0,0.0,0.0,0.0,0.0,1.0,12.0,1.0,12.17,5.0200000000000005,2.51,1.49,0.0,0.0,0.0,361.3,0.0,-0.2,-1.0,-0.6000000000000001,-169.60000000000002,0.0,0.0,169.8,0.0,21.3,28.9,28.9,30.9,300.0,300.0,31.700000000000003,35.800000000000004,28.8,28.0,29.9,4.96,1.99,4.96,0.16,0.0,0.0,1027.0,8228.0,0.0,0.0,0.0,0.0,0.0,1.0,0.0,0.0,0.0,0.0,0.0,-1.6,0.0,0.3,0.0,0.0,16.0,25903.0
2026-07-30T19:03:43.561Z,393.044,393.06,0.0,7.4,0.0,0.0,0.0,0.0,0.0,0.0,0.0,0.0,1.0,0.0,0.0,0.0,9.0,4.0,0.0,0.0,0.0,0.0,0.0,0.0,0.0,0.0,3.0,12.0,1.0,12.17,5.0200000000000005,2.51,1.49,0.0,0.0,0.0,361.3,0.0,-0.2,-0.9,0.0,-169.60000000000002,0.0,0.0,169.70000000000002,0.0,21.3,28.9,28.9,30.9,300.0,300.0,31.700000000000003,35.800000000000004,28.8,28.0,29.9,4.95,1.99,4.97,0.16,0.0,0.0,1027.0,8228.0,0.0,0.0,0.0,0.0,0.0,1.0,0.0,0.0,0.0,0.0,0.0,-1.1,0.0,-0.1,0.0,0.0,16.0,25903.0
2026-07-30T19:03:43.574Z,393.057,393.072,0.0,7.4,0.0,0.0,0.0,0.0,0.0,0.0,0.0,0.0,1.0,0.0,0.0,0.0,9.0,4.0,0.0,0.0,0.0,0.0,0.0,0.0,0.0,0.0,4.0,12.0,1.0,12.17,5.0200000000000005,2.51,1.49,0.0,0.0,0.0,361.3,0.0,-0.2,-1.0,-0.6000000000000001,-169.60000000000002,0.0,0.0,169.60000000000002,0.0,21.3,28.9,28.9,30.9,300.0,300.0,31.700000000000003,35.800000000000004,28.8,28.0,29.9,4.95,1.99,4.97,0.16,0.0,0.0,1027.0,8228.0,0.0,0.0,0.0,0.0,0.0,1.0,0.0,0.0,0.0,0.0,0.0,-1.6,0.0,0.3,0.0,0.0,16.0,25903.0
2026-07-30T19:03:43.585Z,393.068,393.084,0.0,7.4,0.0,0.0,0.0,0.0,0.0,0.0,0.0,0.0,1.0,0.0,0.0,0.0,9.0,4.0,0.0,0.0,0.0,0.0,0.0,0.0,0.0,0.0,5.0,12.0,1.0,12.17,5.0200000000000005,2.51,1.49,0.0,0.0,0.0,361.3,0.0,0.3,1.3,1.6,-169.60000000000002,0.0,0.0,169.70000000000002,0.0,21.3,28.9,28.9,30.9,300.0,300.0,31.700000000000003,35.800000000000004,28.8,28.0,29.9,4.95,1.99,4.96,0.16,0.0,0.0,1027.0,8228.0,0.0,0.0,0.0,0.0,0.0,1.0,0.0,0.0,0.0,0.0,0.0,2.7,0.0,-1.2000000000000002,0.0,0.0,16.0,25903.0
2026-07-30T19:03:43.598Z,393.081,393.096,0.0,7.4,0.0,0.0,0.0,0.0,0.0,0.0,0.0,0.0,1.0,0.0,0.0,0.0,9.0,4.0,0.0,0.0,0.0,0.0,0.0,0.0,0.0,0.0,1.0,12.0,1.0,12.15,5.01,2.5,1.49,0.0,0.0,0.0,361.3,0.0,0.3,0.1,-0.6000000000000001,-169.60000000000002,0.0,0.0,169.70000000000002,0.0,21.4,28.9,28.9,30.9,300.0,300.0,31.700000000000003,35.9,28.8,28.0,29.9,4.96,1.99,4.96,0.16,0.0,0.0,1027.0,8228.0,0.0,0.0,0.0,0.0,0.0,1.0,0.0,0.0,0.0,0.0,0.0,-0.3,0.0,0.6000000000000001,0.0,0.0,16.0,25903.0
2026-07-30T19:03:43.609Z,393.092,393.108,0.0,7.4,0.0,0.0,0.0,0.0,0.0,0.0,0.0,0.0,1.0,0.0,0.0,0.0,9.0,4.0,0.0,0.0,0.0,0.0,0.0,0.0,0.0,0.0,2.0,12.0,1.0,12.15,5.01,2.5,1.49,0.0,0.1,0.0,361.3,0.0,0.3,-0.4,1.1,-169.60000000000002,0.0,0.0,169.70000000000002,0.0,21.4,28.9,28.9,30.9,300.0,300.0,31.700000000000003,35.9,28.8,28.0,29.9,4.96,1.99,4.97,0.16,0.0,0.0,1027.0,8228.0,0.0,0.0,0.0,0.0,0.0,1.0,0.0,0.0,0.0,0.0,0.0,0.3,0.0,-1.1,0.0,0.0,16.0,25903.0
2026-07-30T19:03:43.621Z,393.104,393.12,0.0,7.4,0.0,0.0,0.0,0.0,0.0,0.0,0.0,0.0,1.0,0.0,0.0,0.0,9.0,4.0,0.0,0.0,0.0,0.0,0.0,0.0,0.0,0.0,3.0,12.0,1.0,12.15,5.01,2.5,1.49,0.0,0.0,0.0,361.3,0.0,0.3,0.7000000000000001,0.5,-169.60000000000002,0.0,0.0,169.60000000000002,0.0,21.4,28.9,28.9,30.9,300.0,300.0,31.700000000000003,35.9,28.8,28.0,29.9,4.96,1.99,4.97,0.16,0.0,0.0,1027.0,8228.0,0.0,0.0,0.0,0.0,0.0,1.0,0.0,0.0,0.0,0.0,0.0,1.3,0.0,-0.3,0.0,0.0,16.0,25903.0
2026-07-30T19:03:43.633Z,393.116,393.132,0.0,7.4,0.0,0.0,0.0,0.0,0.0,0.0,0.0,0.0,1.0,0.0,0.0,0.0,9.0,4.0,0.0,0.0,0.0,0.0,0.0,0.0,0.0,0.0,1.0,12.0,1.0,12.15,5.01,2.5,1.49,0.0,0.1,0.0,361.3,0.0,-0.2,-1.0,-0.5,-169.60000000000002,0.0,0.0,169.70000000000002,0.0,21.4,28.9,28.9,30.9,300.0,300.0,31.700000000000003,35.9,28.8,28.0,29.9,4.96,1.99,4.97,0.16,0.0,0.0,1027.0,8228.0,0.0,0.0,0.0,0.0,0.0,1.0,0.0,0.0,0.0,0.0,0.0,-1.6,0.0,0.3,0.0,0.0,16.0,25903.0
2026-07-30T19:03:43.645Z,393.128,393.144,0.0,7.4,0.0,0.0,0.0,0.0,0.0,0.0,0.0,0.0,1.0,0.0,0.0,0.0,9.0,4.0,0.0,0.0,0.0,0.0,0.0,0.0,0.0,0.0,1.0,12.0,1.0,12.15,5.01,2.5,1.49,0.0,0.0,0.0,361.4,0.0,-0.2,1.3,1.2000000000000002,-169.60000000000002,0.0,0.0,169.70000000000002,0.0,21.4,28.9,28.9,30.9,300.0,300.0,31.700000000000003,35.9,28.8,28.0,29.9,4.96,1.99,4.97,0.16,0.0,0.0,1027.0,8228.0,0.0,0.0,0.0,0.0,0.0,1.0,0.0,0.0,0.0,0.0,0.0,2.3000000000000003,0.0,-0.7000000000000001,0.0,0.0,16.0,25903.0
2026-07-30T19:03:43.657Z,393.14,393.156,0.0,7.4,0.0,0.0,0.0,0.0,0.0,0.0,0.0,0.0,1.0,0.0,0.0,0.0,9.0,4.0,0.0,0.0,0.0,0.0,0.0,0.0,0.0,0.0,5.0,12.0,1.0,12.15,5.01,2.5,1.49,0.0,0.0,0.0,361.3,0.0,0.8,0.7000000000000001,1.2000000000000002,-169.60000000000002,0.0,0.0,169.70000000000002,0.0,21.4,28.9,28.9,30.9,300.0,300.0,31.700000000000003,35.9,28.8,28.0,29.9,4.96,1.99,4.97,0.16,0.0,0.0,1027.0,8228.0,0.0,0.0,0.0,0.0,0.0,1.0,0.0,0.0,0.0,0.0,0.0,1.7000000000000002,0.0,-0.9,0.0,0.0,16.0,25903.0
2026-07-30T19:03:43.669Z,393.152,393.168,0.0,7.4,0.0,0.0,0.0,0.0,0.0,0.0,0.0,0.0,1.0,0.0,0.0,0.0,9.0,4.0,0.0,0.0,0.0,0.0,0.0,0.0,0.0,0.0,6.0,12.0,1.0,12.15,5.01,2.5,1.49,0.0,0.0,0.0,361.3,0.0,0.3,-0.4,0.6000000000000001,-169.60000000000002,0.0,0.0,169.70000000000002,0.0,21.4,28.9,28.9,30.9,300.0,300.0,31.700000000000003,35.9,28.8,28.0,29.9,4.96,1.99,4.96,0.16,0.0,0.0,1027.0,8228.0,0.0,0.0,0.0,0.0,0.0,1.0,0.0,0.0,0.0,0.0,0.0,-0.6000000000000001,0.0,1.0,0.0,0.0,16.0,25903.0
2026-07-30T19:03:43.681Z,393.164,393.18,0.0,7.4,0.0,0.0,0.0,0.0,0.0,0.0,0.0,0.0,1.0,0.0,0.0,0.0,9.0,4.0,0.0,0.0,0.0,0.0,0.0,0.0,0.0,0.0,1.0,12.0,1.0,12.15,5.01,2.5,1.49,0.0,0.0,0.0,361.3,0.0,-0.2,0.1,0.5,-169.60000000000002,0.0,0.0,169.60000000000002,0.0,21.4,28.9,28.9,30.9,300.0,300.0,31.700000000000003,35.9,28.8,28.0,29.9,4.96,1.99,4.97,0.16,0.0,0.0,1027.0,8228.0,0.0,0.0,0.0,0.0,0.0,1.0,0.0,0.0,0.0,0.0,0.0,1.9,0.0,-0.2,0.0,0.0,16.0,25903.0
2026-07-30T19:03:43.694Z,393.177,393.192,0.0,7.4,0.0,0.0,0.0,0.0,0.0,0.0,0.0,0.0,1.0,0.0,0.0,0.0,9.0,4.0,0.0,0.0,0.0,0.0,0.0,0.0,0.0,0.0,2.0,12.0,1.0,12.18,5.01,2.5,1.5,0.0,0.0,0.0,361.3,0.0,-0.2,0.1,0.0,-169.60000000000002,0.0,0.0,169.70000000000002,0.0,20.8,28.9,28.9,30.9,300.0,300.0,31.700000000000003,35.800000000000004,28.8,28.0,29.9,4.96,1.99,4.97,0.16,0.0,0.0,1027.0,8228.0,0.0,0.0,0.0,0.0,0.0,1.0,0.0,0.0,0.0,0.0,0.0,3.0,0.0,-0.6000000000000001,0.0,0.0,16.0,25903.0
2026-07-30T19:03:43.705Z,393.188,393.204,0.0,7.4,0.0,0.0,0.0,0.0,0.0,0.0,0.0,0.0,1.0,0.0,0.0,0.0,9.0,4.0,0.0,0.0,0.0,0.0,0.0,0.0,0.0,0.0,3.0,12.0,1.0,12.18,5.01,2.5,1.5,0.0,0.0,0.0,361.3,0.0,0.3,-0.4,0.0,-169.60000000000002,0.0,0.0,169.70000000000002,0.0,20.8,28.9,28.9,30.9,300.0,300.0,31.700000000000003,35.800000000000004,28.8,28.0,29.9,4.96,1.99,4.96,0.16,0.0,0.0,1027.0,8228.0,0.0,0.0,0.0,0.0,0.0,1.0,0.0,0.0,0.0,0.0,0.0,0.5,0.0,-0.4,0.0,0.0,16.0,25903.0
2026-07-30T19:03:43.717Z,393.2,393.216,0.0,7.4,0.0,0.0,0.0,0.0,0.0,0.0,0.0,0.0,1.0,0.0,0.0,0.0,9.0,4.0,0.0,0.0,0.0,0.0,0.0,0.0,0.0,0.0,4.0,12.0,1.0,12.18,5.01,2.5,1.5,0.0,0.0,0.0,361.3,0.0,-0.2,-0.4,0.0,-169.60000000000002,0.0,0.0,169.70000000000002,0.0,20.8,28.9,28.9,30.9,300.0,300.0,31.700000000000003,35.800000000000004,28.8,28.0,29.9,4.96,1.99,4.97,0.16,0.0,0.0,1027.0,8228.0,0.0,0.0,0.0,0.0,0.0,1.0,0.0,0.0,0.0,0.0,0.0,-0.5,0.0,0.0,0.0,0.0,16.0,25903.0
2026-07-30T19:03:43.729Z,393.212,393.228,0.0,7.4,0.0,0.0,0.0,0.0,0.0,0.0,0.0,0.0,1.0,0.0,0.0,0.0,9.0,4.0,0.0,0.0,0.0,0.0,0.0,0.0,0.0,0.0,5.0,12.0,1.0,12.18,5.01,2.5,1.5,0.0,0.0,0.0,361.3,0.0,0.2,-0.4,-0.1,-169.60000000000002,0.0,0.0,169.70000000000002,0.0,20.8,28.9,28.9,30.9,300.0,300.0,31.700000000000003,35.800000000000004,28.8,28.0,29.9,4.96,1.99,4.97,0.16,0.0,0.0,1027.0,8228.0,0.0,0.0,0.0,0.0,0.0,1.0,0.0,0.0,0.0,0.0,0.0,-0.6000000000000001,0.0,0.0,0.0,0.0,16.0,25903.0
2026-07-30T19:03:43.741Z,393.224,393.24,0.0,7.4,0.0,0.0,0.0,0.0,0.0,0.0,0.0,0.0,1.0,0.0,0.0,0.0,9.0,4.0,0.0,0.0,0.0,0.0,0.0,0.0,0.0,0.0,1.0,12.0,1.0,12.18,5.01,2.5,1.5,0.0,0.0,0.0,361.3,0.0,-0.3,0.0,-0.1,-169.60000000000002,0.0,0.0,169.60000000000002,0.0,20.8,28.9,28.9,30.9,300.0,300.0,31.700000000000003,35.800000000000004,28.8,28.0,29.9,4.95,1.99,4.97,0.16,0.0,0.0,1027.0,8228.0,0.0,0.0,0.0,0.0,0.0,1.0,0.0,0.0,0.0,0.0,0.0,0.0,0.0,0.1,0.0,0.0,16.0,25903.0
2026-07-30T19:03:43.754Z,393.237,393.252,0.0,7.4,0.0,0.0,0.0,0.0,0.0,0.0,0.0,0.0,1.0,0.0,0.0,0.0,9.0,4.0,0.0,0.0,0.0,0.0,0.0,0.0,0.0,0.0,2.0,12.0,1.0,12.18,5.01,2.5,1.5,0.0,0.0,0.0,361.3,0.0,-0.3,-0.4,0.5,-169.60000000000002,0.0,0.0,169.60000000000002,0.0,20.8,28.9,28.9,30.9,300.0,300.0,31.700000000000003,35.800000000000004,28.8,28.0,29.9,4.96,1.99,4.96,0.16,0.0,0.0,1027.0,8228.0,0.0,0.0,0.0,0.0,0.0,1.0,0.0,0.0,0.0,0.0,0.0,-0.1,0.0,-0.5,0.0,0.0,16.0,25903.0
2026-07-30T19:03:43.765Z,393.248,393.264,0.0,7.4,0.0,0.0,0.0,0.0,0.0,0.0,0.0,0.0,1.0,0.0,0.0,0.0,9.0,4.0,0.0,0.0,0.0,0.0,0.0,0.0,0.0,0.0,4.0,12.0,1.0,12.18,5.01,2.5,1.5,0.0,0.0,0.0,361.4,0.0,0.2,0.6000000000000001,0.5,-169.60000000000002,0.0,0.0,169.60000000000002,0.0,20.8,28.9,28.9,30.9,300.0,300.0,31.700000000000003,35.800000000000004,28.8,28.0,29.9,4.96,1.99,4.96,0.16,0.0,0.0,1027.0,8228.0,0.0,0.0,0.0,0.0,0.0,1.0,0.0,0.0,0.0,0.0,0.0,1.1,0.0,-0.3,0.0,0.0,16.0,25903.0
2026-07-30T19:03:43.777Z,393.26,393.276,0.0,7.4,0.0,0.0,0.0,0.0,0.0,0.0,0.0,0.0,1.0,0.0,0.0,0.0,9.0,4.0,0.0,0.0,0.0,0.0,0.0,0.0,0.0,0.0,5.0,12.0,1.0,12.18,5.01,2.5,1.5,0.0,0.0,0.0,361.3,0.0,0.3,0.0,1.7000000000000002,-169.60000000000002,0.0,0.0,169.60000000000002,0.0,20.8,28.9,28.9,30.9,300.0,300.0,31.700000000000003,35.800000000000004,28.8,28.0,29.9,4.96,1.99,4.97,0.16,0.0,0.0,1027.0,8228.0,0.0,0.0,0.0,0.0,0.0,1.0,0.0,0.0,0.0,0.0,0.0,1.3,0.0,-1.4,0.0,0.0,16.0,25903.0
2026-07-30T19:03:43.790Z,393.273,393.288,0.0,7.4,0.0,0.0,0.0,0.0,0.0,0.0,0.0,0.0,1.0,0.0,0.0,0.0,9.0,4.0,0.0,0.0,0.0,0.0,0.0,0.0,0.0,0.0,6.0,12.0,1.0,12.18,5.01,2.5,1.5,-0.1,0.0,0.0,361.4,0.0,-0.2,0.0,0.0,-169.60000000000002,0.0,0.0,169.60000000000002,0.0,20.8,28.9,28.9,30.9,300.0,300.0,31.700000000000003,35.800000000000004,28.8,28.0,29.9,4.96,1.99,4.97,0.16,0.0,0.0,1027.0,8228.0,0.0,0.0,0.0,0.0,0.0,1.0,0.0,0.0,0.0,0.0,0.0,0.0,0.0,0.0,0.0,0.0,16.0,25903.0
2026-07-30T19:03:43.801Z,393.284,393.3,0.0,7.4,0.0,0.0,0.0,0.0,0.0,0.0,0.0,0.0,1.0,0.0,0.0,0.0,9.0,4.0,0.0,0.0,0.0,0.0,0.0,0.0,0.0,0.0,2.0,12.0,1.0,12.15,5.0200000000000005,2.51,1.49,0.0,0.0,0.0,361.3,0.0,0.3,-0.4,0.0,-169.60000000000002,0.0,0.0,169.60000000000002,0.0,21.4,28.9,28.9,30.9,300.0,300.0,31.6,35.9,28.8,28.0,29.9,4.95,1.99,4.96,0.16,0.0,0.0,1027.0,8228.0,0.0,0.0,0.0,0.0,0.0,1.0,0.0,0.0,0.0,0.0,0.0,-0.5,0.0,0.0,0.0,0.0,16.0,25903.0
2026-07-30T19:03:43.813Z,393.296,393.312,0.0,7.4,0.0,0.0,0.0,0.0,0.0,0.0,0.0,0.0,1.0,0.0,0.0,0.0,9.0,4.0,0.0,0.0,0.0,0.0,0.0,0.0,0.0,0.0,3.0,12.0,1.0,12.15,5.0200000000000005,2.51,1.49,0.1,0.0,0.0,361.3,0.0,-0.2,-1.0,2.3000000000000003,-169.60000000000002,0.0,0.0,169.70000000000002,0.0,21.4,28.9,28.9,30.9,300.0,300.0,31.6,35.9,28.8,28.0,29.9,4.96,1.99,4.97,0.16,0.0,0.0,1027.0,8228.0,0.0,0.0,0.0,0.0,0.0,1.0,0.0,0.0,0.0,0.0,0.0,0.5,0.0,-2.2,0.0,0.0,16.0,25903.0
2026-07-30T19:03:43.825Z,393.308,393.324,0.0,7.4,0.0,0.0,0.0,0.0,0.0,0.0,0.0,0.0,1.0,0.0,0.0,0.0,9.0,4.0,0.0,0.0,0.0,0.0,0.0,0.0,0.0,0.0,4.0,12.0,1.0,12.15,5.0200000000000005,2.51,1.49,0.0,0.0,0.0,361.3,0.0,0.3,0.0,0.0,-169.60000000000002,0.0,0.0,169.8,0.0,21.4,28.9,28.9,30.9,300.0,300.0,31.6,35.9,28.8,28.0,29.9,4.96,1.99,4.96,0.16,0.0,0.0,1027.0,8228.0,0.0,0.0,0.0,0.0,0.0,1.0,0.0,0.0,0.0,0.0,0.0,0.0,0.0,0.0,0.0,0.0,16.0,25903.0
2026-07-30T19:03:43.837Z,393.32,393.336,0.0,7.4,0.0,0.0,0.0,0.0,0.0,0.0,0.0,0.0,1.0,0.0,0.0,0.0,9.0,4.0,0.0,0.0,0.0,0.0,0.0,0.0,0.0,0.0,6.0,12.0,1.0,12.15,5.0200000000000005,2.51,1.49,0.0,0.0,0.0,361.2000000000001,0.0,-0.2,0.7000000000000001,0.0,-169.60000000000002,0.0,0.0,169.60000000000002,0.0,21.4,28.9,28.9,30.9,300.0,300.0,31.6,35.9,28.8,28.0,29.9,4.96,1.99,4.96,0.16,0.0,0.0,1027.0,8228.0,0.0,0.0,0.0,0.0,0.0,1.0,0.0,0.0,0.0,0.0,0.0,0.8,0.0,0.1,0.0,0.0,16.0,25903.0
2026-07-30T19:03:43.850Z,393.333,393.348,0.0,7.4,0.0,0.0,0.0,0.0,0.0,0.0,0.0,0.0,1.0,0.0,0.0,0.0,9.0,4.0,0.0,0.0,0.0,0.0,0.0,0.0,0.0,0.0,4.0,12.0,1.0,12.15,5.0200000000000005,2.51,1.49,0.0,0.0,0.0,361.3,0.0,-0.2,-0.4,-0.5,-169.60000000000002,0.0,0.0,169.60000000000002,0.0,21.4,28.9,28.9,30.9,300.0,300.0,31.6,35.9,28.8,28.0,29.9,4.96,1.99,4.97,0.16,0.0,0.0,1027.0,8228.0,0.0,0.0,0.0,0.0,0.0,1.0,0.0,0.0,0.0,0.0,0.0,-0.9,0.0,0.4,0.0,0.0,16.0,25903.0
2026-07-30T19:03:43.874Z,393.357,393.36,0.0,7.4,0.0,0.0,0.0,0.0,0.0,0.0,0.0,0.0,1.0,0.0,0.0,0.0,9.0,4.0,0.0,0.0,0.0,0.0,0.0,0.0,0.0,0.0,6.0,12.0,1.0,12.15,5.0200000000000005,2.51,1.49,0.0,0.0,0.0,361.3,0.0,0.9,0.1,1.7000000000000002,-169.60000000000002,0.0,0.0,169.70000000000002,0.0,21.4,28.9,28.9,30.9,300.0,300.0,31.6,35.9,28.8,28.0,29.9,4.96,1.99,4.96,0.16,0.0,0.0,1027.0,8228.0,0.0,0.0,0.0,0.0,0.0,1.0,0.0,0.0,0.0,0.0,0.0,1.4,0.0,-1.5,0.0,0.0,16.0,25903.0
2026-07-30T19:03:43.875Z,393.358,393.372,0.0,7.4,0.0,0.0,0.0,0.0,0.0,0.0,0.0,0.0,1.0,0.0,0.0,0.0,9.0,4.0,0.0,0.0,0.0,0.0,0.0,0.0,0.0,0.0,6.0,12.0,1.0,12.15,5.0200000000000005,2.51,1.49,0.0,0.0,0.0,361.4,0.0,-0.2,0.0,1.1,-169.60000000000002,0.0,0.0,169.70000000000002,0.0,21.4,28.9,28.9,30.9,300.0,300.0,31.6,35.9,28.8,28.0,29.9,4.96,2.0,4.96,0.16,0.0,0.0,1027.0,8228.0,0.0,0.0,0.0,0.0,0.0,1.0,0.0,0.0,0.0,0.0,0.0,0.9,0.0,-1.0,0.0,0.0,16.0,25903.0
2026-07-30T19:03:43.885Z,393.368,393.384,0.0,7.4,0.0,0.0,0.0,0.0,0.0,0.0,0.0,0.0,1.0,0.0,0.0,0.0,9.0,4.0,0.0,0.0,0.0,0.0,0.0,0.0,0.0,0.0,3.0,12.0,1.0,12.15,5.0200000000000005,2.51,1.49,0.0,0.0,0.0,361.3,0.0,0.3,0.0,0.0,-169.60000000000002,0.0,0.0,169.70000000000002,0.0,21.4,28.9,28.9,30.9,300.0,300.0,31.6,35.9,28.8,28.0,29.9,4.95,1.99,4.96,0.16,0.0,0.0,1027.0,8228.0,0.0,0.0,0.0,0.0,0.0,1.0,0.0,0.0,0.0,0.0,0.0,0.0,0.0,0.0,0.0,0.0,16.0,25903.0
2026-07-30T19:03:43.898Z,393.381,393.396,0.0,7.4,0.0,0.0,0.0,0.0,0.0,0.0,0.0,0.0,1.0,0.0,0.0,0.0,9.0,4.0,0.0,0.0,0.0,0.0,0.0,0.0,0.0,0.0,5.0,12.0,1.0,12.17,5.0200000000000005,2.51,1.49,0.0,0.0,0.0,361.3,0.0,0.2,0.6000000000000001,0.5,-169.60000000000002,0.0,0.0,169.60000000000002,0.0,21.3,28.9,28.9,30.9,300.0,300.0,31.6,35.9,28.8,28.1,29.9,4.95,1.99,4.96,0.16,0.0,0.0,1027.0,8228.0,0.0,0.0,0.0,0.0,0.0,1.0,0.0,0.0,0.0,0.0,0.0,1.0,0.0,-0.3,0.0,0.0,16.0,25903.0
2026-07-30T19:03:43.909Z,393.392,393.408,0.0,7.4,0.0,0.0,0.0,0.0,0.0,0.0,0.0,0.0,1.0,0.0,0.0,0.0,9.0,4.0,0.0,0.0,0.0,0.0,0.0,0.0,0.0,0.0,6.0,12.0,1.0,12.17,5.0200000000000005,2.51,1.49,0.0,0.0,0.0,361.4,0.0,-0.2,-1.0,-0.6000000000000001,-169.60000000000002,0.0,0.0,169.70000000000002,0.0,21.3,28.9,28.9,30.9,300.0,300.0,31.6,35.9,28.8,28.1,29.9,4.96,1.99,4.96,0.16,0.0,0.0,1027.0,8228.0,0.0,0.0,0.0,0.0,0.0,1.0,0.0,0.0,0.0,0.0,0.0,-1.7000000000000002,0.0,0.3,0.0,0.0,16.0,25903.0
2026-07-30T19:03:43.921Z,393.404,393.42,0.0,7.4,0.0,0.0,0.0,0.0,0.0,0.0,0.0,0.0,1.0,0.0,0.0,0.0,9.0,4.0,0.0,0.0,0.0,0.0,0.0,0.0,0.0,0.0,1.0,12.0,1.0,12.17,5.0200000000000005,2.51,1.49,0.0,0.0,0.0,361.3,0.0,0.2,-0.4,-0.6000000000000001,-169.60000000000002,0.0,0.0,169.60000000000002,0.0,21.3,28.9,28.9,30.9,300.0,300.0,31.6,35.9,28.8,28.1,29.9,4.96,1.99,4.97,0.16,0.0,0.0,1027.0,8228.0,0.0,0.0,0.0,0.0,0.0,1.0,0.0,0.0,0.0,0.0,0.0,-1.0,0.0,0.4,0.0,0.0,16.0,25903.0
2026-07-30T19:03:43.933Z,393.416,393.432,0.0,7.4,0.0,0.0,0.0,0.0,0.0,0.0,0.0,0.0,1.0,0.0,0.0,0.0,9.0,4.0,0.0,0.0,0.0,0.0,0.0,0.0,0.0,0.0,2.0,12.0,1.0,12.17,5.0200000000000005,2.51,1.49,0.0,0.0,0.0,361.4,0.0,0.8,0.6000000000000001,0.5,-169.60000000000002,0.0,0.0,169.70000000000002,0.0,21.3,28.9,28.9,30.9,300.0,300.0,31.6,35.9,28.8,28.1,29.9,4.95,1.99,4.97,0.16,0.0,0.0,1027.0,8228.0,0.0,0.0,0.0,0.0,0.0,1.0,0.0,0.0,0.0,0.0,0.0,1.1,0.0,-0.3,0.0,0.0,16.0,25903.0
2026-07-30T19:03:43.945Z,393.428,393.444,0.0,7.4,0.0,0.0,0.0,0.0,0.0,0.0,0.0,0.0,1.0,0.0,0.0,0.0,9.0,4.0,0.0,0.0,0.0,0.0,0.0,0.0,0.0,0.0,3.0,12.0,1.0,12.17,5.0200000000000005,2.51,1.49,0.0,0.0,0.0,361.2000000000001,0.0,-0.3,-0.5,0.0,-169.60000000000002,0.0,0.0,169.60000000000002,0.0,21.3,28.9,28.9,30.9,300.0,300.0,31.6,35.9,28.8,28.1,29.9,4.96,1.99,4.96,0.16,0.0,0.0,1027.0,8228.0,0.0,0.0,0.0,0.0,0.0,1.0,0.0,0.0,0.0,0.0,0.0,-0.6000000000000001,0.0,0.0,0.0,0.0,16.0,25903.0
2026-07-30T19:03:43.957Z,393.44,393.456,0.0,7.4,0.0,0.0,0.0,0.0,0.0,0.0,0.0,0.0,1.0,0.0,0.0,0.0,9.0,4.0,0.0,0.0,0.0,0.0,0.0,0.0,0.0,0.0,5.0,12.0,1.0,12.17,5.0200000000000005,2.51,1.49,0.0,0.0,0.0,361.3,0.0,-0.3,-1.0,0.5,-169.60000000000002,0.0,0.0,169.60000000000002,0.0,21.3,28.9,28.9,30.9,300.0,300.0,31.6,35.9,28.8,28.1,29.9,4.95,1.99,4.96,0.16,0.0,0.0,1027.0,8228.0,0.0,0.0,0.0,0.0,0.0,1.0,0.0,0.0,0.0,0.0,0.0,-0.8,0.0,-0.6000000000000001,0.0,0.0,16.0,25903.0
2026-07-30T19:03:43.970Z,393.453,393.468,0.0,7.4,0.0,0.0,0.0,0.0,0.0,0.0,0.0,0.0,1.0,0.0,0.0,0.0,9.0,4.0,0.0,0.0,0.0,0.0,0.0,0.0,0.0,0.0,6.0,12.0,1.0,12.17,5.0200000000000005,2.51,1.49,0.0,0.0,0.0,361.3,0.0,0.8,0.0,-0.6000000000000001,-169.60000000000002,0.0,0.0,169.60000000000002,0.0,21.3,28.9,28.9,30.9,300.0,300.0,31.6,35.9,28.8,28.1,29.9,4.95,1.99,4.96,0.16,0.0,0.0,1027.0,8228.0,0.0,0.0,0.0,0.0,0.0,1.0,0.0,0.0,0.0,0.0,0.0,-0.4,0.0,0.5,0.0,0.0,16.0,25903.0
2026-07-30T19:03:43.982Z,393.465,393.48,0.0,7.4,0.0,0.0,0.0,0.0,0.0,0.0,0.0,0.0,1.0,0.0,0.0,0.0,9.0,4.0,0.0,0.0,0.0,0.0,0.0,0.0,0.0,0.0,1.0,12.0,1.0,12.17,5.0200000000000005,2.51,1.49,0.0,0.0,0.0,361.3,0.0,-0.3,-0.5,0.0,-169.60000000000002,0.0,0.0,169.70000000000002,0.0,21.3,28.9,28.9,30.9,300.0,300.0,31.6,35.9,28.8,28.1,29.9,4.95,1.99,4.96,0.16,0.0,0.0,1027.0,8228.0,0.0,0.0,0.0,0.0,0.0,1.0,0.0,0.0,0.0,0.0,0.0,-0.6000000000000001,0.0,0.0,0.0,0.0,16.0,25903.0
2026-07-30T19:03:43.993Z,393.476,393.492,0.0,7.4,0.0,0.0,0.0,0.0,0.0,0.0,0.0,0.0,1.0,0.0,0.0,0.0,9.0,4.0,0.0,0.0,0.0,0.0,0.0,0.0,0.0,0.0,3.0,12.0,1.0,12.17,5.0200000000000005,2.51,1.49,0.0,0.0,0.0,361.3,0.0,-0.2,0.6000000000000001,0.0,-169.60000000000002,0.0,0.0,169.70000000000002,0.0,21.3,28.9,28.9,30.9,300.0,300.0,31.6,35.9,28.8,28.1,29.9,4.96,1.99,4.96,0.16,0.0,0.0,1027.0,8228.0,0.0,0.0,0.0,0.0,0.0,1.0,0.0,0.0,0.0,0.0,0.0,0.7000000000000001,0.0,0.1,0.0,0.0,16.0,25903.0
2026-07-30T19:03:44.005Z,393.488,393.504,0.0,7.4,0.0,0.0,0.0,0.0,0.0,0.0,0.0,0.0,1.0,0.0,0.0,0.0,9.0,4.0,0.0,0.0,0.0,0.0,0.0,0.0,0.0,0.0,4.0,12.0,1.0,12.15,5.0200000000000005,2.51,1.49,0.0,0.0,0.0,361.3,0.0,-0.3,-1.0,-1.2000000000000002,-169.60000000000002,0.0,0.0,169.60000000000002,0.0,21.4,28.9,28.9,30.9,300.0,300.0,31.700000000000003,35.9,28.8,28.1,29.9,4.95,1.99,4.97,0.16,0.0,0.0,1027.0,8228.0,0.0,0.0,0.0,0.0,0.0,1.0,0.0,0.0,0.0,0.0,0.0,-2.1,0.0,0.8,0.0,0.0,16.0,25903.0
2026-07-30T19:03:44.018Z,393.501,393.516,0.0,7.4,0.0,0.0,0.0,0.0,0.0,0.0,0.0,0.0,1.0,0.0,0.0,0.0,9.0,4.0,0.0,0.0,0.0,0.0,0.0,0.0,0.0,0.0,5.0,12.0,1.0,12.15,5.0200000000000005,2.51,1.49,0.0,0.0,0.0,361.4,0.0,0.8,0.7000000000000001,1.1,-169.60000000000002,0.0,0.0,169.70000000000002,0.0,21.4,28.9,28.9,30.9,300.0,300.0,31.700000000000003,35.9,28.8,28.1,29.9,4.95,1.99,4.96,0.16,0.0,0.0,1027.0,8228.0,0.0,0.0,0.0,0.0,0.0,1.0,0.0,0.0,0.0,0.0,0.0,1.6,0.0,-0.8,0.0,0.0,16.0,25903.0
2026-07-30T19:03:44.030Z,393.513,393.528,0.0,7.4,0.0,0.0,0.0,0.0,0.0,0.0,0.0,0.0,1.0,0.0,0.0,0.0,9.0,4.0,0.0,0.0,0.0,0.0,0.0,0.0,0.0,0.0,6.0,12.0,1.0,12.15,5.0200000000000005,2.51,1.49,0.0,0.0,0.0,361.2000000000001,0.0,0.8,0.1,-0.6000000000000001,-169.60000000000002,0.0,0.0,169.60000000000002,0.0,21.4,28.9,28.9,30.9,300.0,300.0,31.700000000000003,35.9,28.8,28.1,29.9,4.96,1.99,4.96,0.16,0.0,0.0,1027.0,8228.0,0.0,0.0,0.0,0.0,0.0,1.0,0.0,0.0,0.0,0.0,0.0,-0.2,0.0,0.5,0.0,0.0,16.0,25903.0
2026-07-30T19:03:44.041Z,393.524,393.54,0.0,7.4,0.0,0.0,0.0,0.0,0.0,0.0,0.0,0.0,1.0,0.0,0.0,0.0,9.0,4.0,0.0,0.0,0.0,0.0,0.0,0.0,0.0,0.0,2.0,12.0,1.0,12.15,5.0200000000000005,2.51,1.49,0.0,0.1,0.0,361.3,0.0,0.2,0.1,-0.6000000000000001,-169.60000000000002,0.0,0.0,169.60000000000002,0.0,21.4,28.9,28.9,30.9,300.0,300.0,31.700000000000003,35.9,28.8,28.1,29.9,4.96,1.99,4.96,0.16,0.0,0.0,1027.0,8228.0,0.0,0.0,0.0,0.0,0.0,1.0,0.0,0.0,0.0,0.0,0.0,-0.2,0.0,0.5,0.0,0.0,16.0,25903.0
2026-07-30T19:03:44.053Z,393.536,393.552,0.0,7.4,0.0,0.0,0.0,0.0,0.0,0.0,0.0,0.0,1.0,0.0,0.0,0.0,9.0,4.0,0.0,0.0,0.0,0.0,0.0,0.0,0.0,0.0,2.0,12.0,1.0,12.15,5.0200000000000005,2.51,1.49,0.0,0.0,0.0,361.3,0.0,-0.8,-0.4,0.0,-169.60000000000002,0.0,0.0,169.70000000000002,0.0,21.4,28.9,28.9,30.9,300.0,300.0,31.700000000000003,35.9,28.8,28.1,29.9,4.95,1.99,4.97,0.16,0.0,0.0,1027.0,8228.0,0.0,0.0,0.0,0.0,0.0,1.0,0.0,0.0,0.0,0.0,0.0,-0.4,0.0,0.0,0.0,0.0,16.0,25903.0
2026-07-30T19:03:44.065Z,393.548,393.564,0.0,7.4,0.0,0.0,0.0,0.0,0.0,0.0,0.0,0.0,1.0,0.0,0.0,0.0,9.0,4.0,0.0,0.0,0.0,0.0,0.0,0.0,0.0,0.0,4.0,12.0,1.0,12.15,5.0200000000000005,2.51,1.49,0.0,0.0,0.0,361.3,0.0,0.8,1.9,0.0,-169.60000000000002,0.0,0.0,169.60000000000002,0.0,21.4,28.9,28.9,30.9,300.0,300.0,31.700000000000003,35.9,28.8,28.1,29.9,4.95,1.99,4.96,0.16,0.0,0.0,1027.0,8228.0,0.0,0.0,0.0,0.0,0.0,1.0,0.0,0.0,0.0,0.0,0.0,2.1,0.0,0.4,0.0,0.0,16.0,25903.0
2026-07-30T19:03:44.077Z,393.56,393.576,0.0,7.4,0.0,0.0,0.0,0.0,0.0,0.0,0.0,0.0,1.0,0.0,0.0,0.0,9.0,4.0,0.0,0.0,0.0,0.0,0.0,0.0,0.0,0.0,5.0,12.0,1.0,12.15,5.0200000000000005,2.51,1.49,0.0,0.0,0.0,361.3,0.0,-0.3,0.6000000000000001,-1.7000000000000002,-169.60000000000002,0.0,0.0,169.60000000000002,0.0,21.4,28.9,28.9,30.9,300.0,300.0,31.700000000000003,35.9,28.8,28.1,29.9,4.96,1.99,4.96,0.16,0.0,0.0,1027.0,8228.0,0.0,0.0,0.0,0.0,0.0,1.0,0.0,0.0,0.0,0.0,0.0,-0.6000000000000001,0.0,1.7000000000000002,0.0,0.0,16.0,25903.0
2026-07-30T19:03:44.089Z,393.572,393.588,0.0,7.4,0.0,0.0,0.0,0.0,0.0,0.0,0.0,0.0,1.0,0.0,0.0,0.0,9.0,4.0,0.0,0.0,0.0,0.0,0.0,0.0,0.0,0.0,6.0,12.0,1.0,12.15,5.0200000000000005,2.51,1.49,0.0,0.0,0.0,361.3,0.0,-0.3,-0.5,0.0,-169.60000000000002,0.0,0.0,169.70000000000002,0.0,21.4,28.9,28.9,30.9,300.0,300.0,31.700000000000003,35.9,28.8,28.1,29.9,4.95,1.99,4.97,0.16,0.0,0.0,1027.0,8228.0,0.0,0.0,0.0,0.0,0.0,1.0,0.0,0.0,0.0,0.0,0.0,-0.6000000000000001,0.0,0.0,0.0,0.0,16.0,25903.0
2026-07-30T19:03:44.102Z,393.585,393.6,0.0,7.4,0.0,0.0,0.0,0.0,0.0,0.0,0.0,0.0,1.0,0.0,0.0,0.0,9.0,4.0,0.0,0.0,0.0,0.0,0.0,0.0,0.0,0.0,2.0,12.0,1.0,12.18,5.0200000000000005,2.5,1.49,0.0,0.0,0.0,361.3,0.0,0.8,-1.1,0.0,-169.60000000000002,0.0,0.0,169.60000000000002,0.0,20.9,28.9,28.9,30.9,300.0,300.0,31.700000000000003,35.9,28.8,28.0,29.9,4.96,1.99,4.97,0.16,0.0,0.0,1027.0,8228.0,0.0,0.0,0.0,0.0,0.0,1.0,0.0,0.0,0.0,0.0,0.0,-1.3,0.0,-0.1,0.0,0.0,16.0,25903.0
2026-07-30T19:03:44.113Z,393.596,393.612,0.0,7.4,0.0,0.0,0.0,0.0,0.0,0.0,0.0,0.0,1.0,0.0,0.0,0.0,9.0,4.0,0.0,0.0,0.0,0.0,0.0,0.0,0.0,0.0,3.0,12.0,1.0,12.18,5.0200000000000005,2.5,1.49,0.0,0.0,0.0,361.3,0.0,-0.8,-0.5,0.0,-169.60000000000002,0.0,0.0,169.70000000000002,0.0,20.9,28.9,28.9,30.9,300.0,300.0,31.700000000000003,35.9,28.8,28.0,29.9,4.96,1.99,4.96,0.16,0.0,0.0,1027.0,8228.0,0.0,0.0,0.0,0.0,0.0,1.0,0.0,0.0,0.0,0.0,0.0,-0.6000000000000001,0.0,0.0,0.0,0.0,16.0,25903.0
2026-07-30T19:03:44.125Z,393.608,393.624,0.0,7.4,0.0,0.0,0.0,0.0,0.0,0.0,0.0,0.0,1.0,0.0,0.0,0.0,9.0,4.0,0.0,0.0,0.0,0.0,0.0,0.0,0.0,0.0,4.0,12.0,1.0,12.18,5.0200000000000005,2.5,1.49,0.0,0.0,0.0,361.3,0.0,0.2,-0.5,-0.6000000000000001,-169.60000000000002,0.0,0.0,169.70000000000002,0.0,20.9,28.9,28.9,30.9,300.0,300.0,31.700000000000003,35.9,28.8,28.0,29.9,4.96,1.99,4.96,0.16,0.0,0.0,1027.0,8228.0,0.0,0.0,0.0,0.0,0.0,1.0,0.0,0.0,0.0,0.0,0.0,-1.0,0.0,0.4,0.0,0.0,16.0,25903.0
2026-07-30T19:03:44.138Z,393.621,393.636,0.0,7.4,0.0,0.0,0.0,0.0,0.0,0.0,0.0,0.0,1.0,0.0,0.0,0.0,9.0,4.0,0.0,0.0,0.0,0.0,0.0,0.0,0.0,0.0,5.0,12.0,1.0,12.18,5.0200000000000005,2.5,1.49,0.0,0.0,0.0,361.3,0.0,1.4,0.6000000000000001,1.0,-169.60000000000002,0.0,0.0,169.70000000000002,0.0,20.9,28.9,28.9,30.9,300.0,300.0,31.700000000000003,35.9,28.8,28.0,29.9,4.95,1.99,4.97,0.16,0.0,0.0,1027.0,8228.0,0.0,0.0,0.0,0.0,0.0,1.0,0.0,0.0,0.0,0.0,0.0,1.5,0.0,-0.8,0.0,0.0,16.0,25903.0
2026-07-30T19:03:44.149Z,393.632,393.648,0.0,7.4,0.0,0.0,0.0,0.0,0.0,0.0,0.0,0.0,1.0,0.0,0.0,0.0,9.0,4.0,0.0,0.0,0.0,0.0,0.0,0.0,0.0,0.0,1.0,12.0,1.0,12.18,5.0200000000000005,2.5,1.49,0.0,0.0,0.0,361.3,0.0,-0.3,-0.5,-1.2000000000000002,-169.60000000000002,0.0,0.0,169.70000000000002,0.0,20.9,28.9,28.9,30.9,300.0,300.0,31.700000000000003,35.9,28.8,28.0,29.9,4.96,1.99,4.97,0.16,0.0,0.0,1027.0,8228.0,0.0,0.0,0.0,0.0,0.0,1.0,0.0,0.0,0.0,0.0,0.0,-1.5,0.0,0.9,0.0,0.0,16.0,25903.0
2026-07-30T19:03:44.161Z,393.644,393.66,0.0,7.4,0.0,0.0,0.0,0.0,0.0,0.0,0.0,0.0,1.0,0.0,0.0,0.0,9.0,4.0,0.0,0.0,0.0,0.0,0.0,0.0,0.0,0.0,3.0,12.0,1.0,12.18,5.0200000000000005,2.5,1.49,0.0,0.0,0.0,361.3,0.0,-0.3,-0.5,-0.6000000000000001,-169.60000000000002,0.0,0.0,169.60000000000002,0.0,20.9,28.9,28.9,30.9,300.0,300.0,31.700000000000003,35.9,28.8,28.0,29.9,4.96,1.99,4.97,0.15,0.0,0.0,1027.0,8228.0,0.0,0.0,0.0,0.0,0.0,1.0,0.0,0.0,0.0,0.0,0.0,-1.1,0.0,0.4,0.0,0.0,16.0,25903.0
2026-07-30T19:03:44.173Z,393.656,393.672,0.0,7.4,0.0,0.0,0.0,0.0,0.0,0.0,0.0,0.0,1.0,0.0,0.0,0.0,9.0,4.0,0.0,0.0,0.0,0.0,0.0,0.0,0.0,0.0,4.0,12.0,1.0,12.18,5.0200000000000005,2.5,1.49,0.0,0.0,0.0,361.4,0.0,-1.5,-0.6000000000000001,-0.1,-169.60000000000002,0.0,0.0,169.60000000000002,0.0,20.9,28.9,28.9,30.9,300.0,300.0,31.700000000000003,35.9,28.8,28.0,29.9,4.95,1.99,4.97,0.16,0.0,0.0,1027.0,8228.0,0.0,0.0,0.0,0.0,0.0,1.0,0.0,0.0,0.0,0.0,0.0,-0.8,0.0,0.0,0.0,0.0,16.0,25903.0
2026-07-30T19:03:44.185Z,393.668,393.684,0.0,7.4,0.0,0.0,0.0,0.0,0.0,0.0,0.0,0.0,1.0,0.0,0.0,0.0,9.0,4.0,0.0,0.0,0.0,0.0,0.0,0.0,0.0,0.0,6.0,12.0,1.0,12.18,5.0200000000000005,2.5,1.49,0.0,0.0,0.0,361.4,0.0,-1.5,-1.7000000000000002,-1.9,-169.60000000000002,0.0,0.0,169.60000000000002,0.0,20.9,28.9,28.9,30.9,300.0,300.0,31.700000000000003,35.9,28.8,28.0,29.9,4.96,1.99,4.96,0.16,0.0,0.0,1027.0,8228.0,0.0,0.0,0.0,0.0,0.0,1.0,0.0,0.0,0.0,0.0,0.0,-0.1,0.0,0.1,0.0,0.0,16.0,25903.0
2026-07-30T19:03:44.197Z,393.68,393.696,0.0,7.4,0.0,0.0,0.0,0.0,0.0,0.0,0.0,0.0,1.0,0.0,0.0,0.0,9.0,4.0,0.0,0.0,0.0,0.0,0.0,0.0,0.0,0.0,2.0,12.0,1.0,12.18,5.0200000000000005,2.5,1.49,0.0,0.1,0.0,361.2000000000001,0.0,0.1,0.0,1.5,-169.60000000000002,0.0,0.0,169.60000000000002,0.0,20.9,28.9,28.9,30.9,300.0,300.0,31.700000000000003,35.9,28.8,28.0,29.9,4.96,1.99,4.96,0.16,0.0,0.0,1027.0,8228.0,0.0,0.0,0.0,0.0,0.0,1.0,0.0,0.0,0.0,0.0,0.0,-1.6,0.0,1.0,0.0,0.0,16.0,25903.0
2026-07-30T19:03:44.209Z,393.692,393.708,0.0,7.4,0.0,0.0,0.0,0.0,0.0,0.0,0.0,0.0,1.0,0.0,0.0,0.0,9.0,4.0,0.0,0.0,0.0,0.0,0.0,0.0,0.0,0.0,4.0,12.0,1.0,12.17,5.01,2.51,1.49,0.0,0.0,0.0,361.3,0.0,-0.4,0.5,-1.4,-169.60000000000002,0.0,0.0,169.70000000000002,0.0,21.3,28.9,28.9,30.9,300.0,300.0,31.700000000000003,35.9,28.8,28.0,29.9,4.96,1.99,4.97,0.16,0.0,0.0,1027.0,8228.0,0.0,0.0,0.0,0.0,0.0,1.0,0.0,0.0,0.0,0.0,0.0,-1.3,0.0,0.5,0.0,0.0,16.0,25903.0
2026-07-30T19:03:44.222Z,393.705,393.72,0.0,7.4,0.0,0.0,0.0,0.0,0.0,0.0,0.0,0.0,1.0,0.0,0.0,0.0,9.0,4.0,0.0,0.0,0.0,0.0,0.0,0.0,0.0,0.0,6.0,12.0,1.0,12.17,5.01,2.51,1.49,0.0,0.1,0.0,361.3,0.0,-0.4,0.0,0.3,-169.60000000000002,0.0,0.0,169.70000000000002,0.0,21.3,28.9,28.9,30.9,300.0,300.0,31.700000000000003,35.9,28.8,28.0,29.9,4.96,2.0,4.97,0.16,0.0,0.0,1027.0,8228.0,0.0,0.0,0.0,0.0,0.0,1.0,0.0,0.0,0.0,0.0,0.0,-0.5,0.0,0.7000000000000001,0.0,0.0,16.0,25903.0
2026-07-30T19:03:44.233Z,393.716,393.732,0.0,7.4,0.0,0.0,0.0,0.0,0.0,0.0,0.0,0.0,1.0,0.0,0.0,0.0,9.0,4.0,0.0,0.0,0.0,0.0,0.0,0.0,0.0,0.0,1.0,12.0,1.0,12.17,5.01,2.51,1.49,0.0,0.0,0.0,361.3,0.0,0.0,-0.5,-0.2,-169.60000000000002,0.0,0.0,169.60000000000002,0.0,21.3,28.9,28.9,30.9,300.0,300.0,31.700000000000003,35.9,28.8,28.0,29.9,4.96,2.0,4.96,0.16,0.0,0.0,1027.0,8228.0,0.0,0.0,0.0,0.0,0.0,1.0,0.0,0.0,0.0,0.0,0.0,-0.8,0.0,0.0,0.0,0.0,16.0,25903.0
2026-07-30T19:03:44.245Z,393.728,393.744,0.0,7.4,0.0,0.0,0.0,0.0,0.0,0.0,0.0,0.0,1.0,0.0,0.0,0.0,9.0,4.0,0.0,0.0,0.0,0.0,0.0,0.0,0.0,0.0,3.0,12.0,1.0,12.17,5.01,2.51,1.49,0.0,0.0,0.0,361.3,0.0,-0.5,-0.5,1.0,-169.60000000000002,0.0,0.0,169.60000000000002,0.0,21.3,28.9,28.9,30.9,300.0,300.0,31.700000000000003,35.9,28.8,28.0,29.9,4.96,1.99,4.97,0.16,0.0,0.0,1027.0,8228.0,0.0,0.0,0.0,0.0,0.0,1.0,0.0,0.0,0.0,0.0,0.0,0.0,0.0,-1.0,0.0,0.0,16.0,25903.0
2026-07-30T19:03:44.258Z,393.741,393.756,0.0,7.4,0.0,0.0,0.0,0.0,0.0,0.0,0.0,0.0,1.0,0.0,0.0,0.0,9.0,4.0,0.0,0.0,0.0,0.0,0.0,0.0,0.0,0.0,5.0,12.0,1.0,12.17,5.01,2.51,1.49,0.0,0.0,0.0,361.3,0.0,-0.5,0.0,1.0,-169.60000000000002,0.0,0.0,169.60000000000002,0.0,21.3,28.9,28.9,30.9,300.0,300.0,31.700000000000003,35.9,28.8,28.0,29.9,4.96,1.99,4.96,0.16,0.0,0.0,1027.0,8228.0,0.0,0.0,0.0,0.0,0.0,1.0,0.0,0.0,0.0,0.0,0.0,0.8,0.0,-0.9,0.0,0.0,16.0,25903.0
2026-07-30T19:03:44.269Z,393.752,393.768,0.0,7.4,0.0,0.0,0.0,0.0,0.0,0.0,0.0,0.0,1.0,0.0,0.0,0.0,9.0,4.0,0.0,0.0,0.0,0.0,0.0,0.0,0.0,0.0,1.0,12.0,1.0,12.17,5.01,2.51,1.49,0.0,0.0,0.0,361.3,0.0,0.0,1.2000000000000002,0.0,-169.60000000000002,0.0,0.0,169.70000000000002,0.0,21.3,28.9,28.9,30.9,300.0,300.0,31.700000000000003,35.9,28.8,28.0,29.9,4.96,1.99,4.96,0.16,0.0,0.0,1027.0,8228.0,0.0,0.0,0.0,0.0,0.0,1.0,0.0,0.0,0.0,0.0,0.0,1.3,0.0,0.3,0.0,0.0,16.0,25903.0
2026-07-30T19:03:44.281Z,393.764,393.78,0.0,7.4,0.0,0.0,0.0,0.0,0.0,0.0,0.0,0.0,1.0,0.0,0.0,0.0,9.0,4.0,0.0,0.0,0.0,0.0,0.0,0.0,0.0,0.0,2.0,12.0,1.0,12.17,5.01,2.51,1.49,0.0,0.0,0.0,361.3,0.0,-0.5,-0.4,0.0,-169.60000000000002,0.0,0.0,169.60000000000002,0.0,21.3,28.9,28.9,30.9,300.0,300.0,31.700000000000003,35.9,28.8,28.0,29.9,4.95,1.99,4.96,0.16,0.0,0.0,1027.0,8228.0,0.0,0.0,0.0,0.0,0.0,1.0,0.0,0.0,0.0,0.0,0.0,-0.6000000000000001,0.0,0.0,0.0,0.0,16.0,25903.0
2026-07-30T19:03:44.293Z,393.776,393.792,0.0,7.4,0.0,0.0,0.0,0.0,0.0,0.0,0.0,0.0,1.0,0.0,0.0,0.0,9.0,4.0,0.0,0.0,0.0,0.0,0.0,0.0,0.0,0.0,3.0,12.0,1.0,12.17,5.01,2.51,1.49,0.0,0.0,0.0,361.3,0.0,0.6000000000000001,0.0,-0.6000000000000001,-169.60000000000002,0.0,0.0,169.60000000000002,0.0,21.3,28.9,28.9,30.9,300.0,300.0,31.700000000000003,35.9,28.8,28.0,29.9,4.96,1.99,4.97,0.16,0.0,0.0,1027.0,8228.0,0.0,0.0,0.0,0.0,0.0,1.0,0.0,0.0,0.0,0.0,0.0,-0.4,0.0,0.6000000000000001,0.0,0.0,16.0,25903.0
2026-07-30T19:03:44.306Z,393.789,393.804,0.0,7.4,0.0,0.0,0.0,0.0,0.0,0.0,0.0,0.0,1.0,0.0,0.0,0.0,9.0,4.0,0.0,0.0,0.0,0.0,0.0,0.0,0.0,0.0,5.0,12.0,1.0,12.18,5.01,2.51,1.49,0.0,0.0,0.0,361.3,0.0,-0.4,0.0,-0.1,-169.60000000000002,0.0,0.0,169.70000000000002,0.0,21.9,28.9,28.9,30.9,300.0,300.0,31.700000000000003,35.9,28.8,28.0,29.9,4.96,2.0,4.96,0.16,0.0,0.0,1027.0,8228.0,0.0,0.0,0.0,0.0,0.0,1.0,0.0,0.0,0.0,0.0,0.0,0.0,0.0,0.1,0.0,0.0,16.0,25903.0
2026-07-30T19:03:44.317Z,393.8,393.816,0.0,7.4,0.0,0.0,0.0,0.0,0.0,0.0,0.0,0.0,1.0,0.0,0.0,0.0,9.0,4.0,0.0,0.0,0.0,0.0,0.0,0.0,0.0,0.0,1.0,12.0,1.0,12.18,5.01,2.51,1.49,0.0,0.0,0.0,361.4,0.0,0.6000000000000001,0.0,-0.1,-169.60000000000002,0.0,0.0,169.70000000000002,0.0,21.9,28.9,28.9,30.9,300.0,300.0,31.700000000000003,35.9,28.8,28.0,29.9,4.96,1.99,4.96,0.16,0.0,0.0,1027.0,8228.0,0.0,0.0,0.0,0.0,0.0,1.0,0.0,0.0,0.0,0.0,0.0,0.0,0.0,0.0,0.0,0.0,16.0,25903.0
2026-07-30T19:03:44.329Z,393.812,393.828,0.0,7.4,0.0,0.0,0.0,0.0,0.0,0.0,0.0,0.0,1.0,0.0,0.0,0.0,9.0,4.0,0.0,0.0,0.0,0.0,0.0,0.0,0.0,0.0,2.0,12.0,1.0,12.18,5.01,2.51,1.49,0.0,0.0,0.0,361.3,0.0,-0.4,-1.1,-0.7000000000000001,-169.60000000000002,0.0,0.0,169.60000000000002,0.0,21.9,28.9,28.9,30.9,300.0,300.0,31.700000000000003,35.9,28.8,28.0,29.9,4.95,1.99,4.97,0.16,0.0,0.0,1027.0,8228.0,0.0,0.0,0.0,0.0,0.0,1.0,0.0,0.0,0.0,0.0,0.0,-1.8,0.0,0.4,0.0,0.0,16.0,25903.0
2026-07-30T19:03:44.341Z,393.824,393.84,0.0,7.4,0.0,0.0,0.0,0.0,0.0,0.0,0.0,0.0,1.0,0.0,0.0,0.0,9.0,4.0,0.0,0.0,0.0,0.0,0.0,0.0,0.0,0.0,4.0,12.0,1.0,12.18,5.01,2.51,1.49,0.0,0.0,0.0,361.3,0.0,-0.4,-1.1,-0.1,-169.60000000000002,0.0,0.0,169.60000000000002,0.0,21.9,28.9,28.9,30.9,300.0,300.0,31.700000000000003,35.9,28.8,28.0,29.9,4.96,1.99,4.96,0.16,0.0,0.0,1027.0,8228.0,0.0,0.0,0.0,0.0,0.0,1.0,0.0,0.0,0.0,0.0,0.0,-1.4,0.0,0.0,0.0,0.0,16.0,25903.0
2026-07-30T19:03:44.353Z,393.836,393.852,0.0,7.4,0.0,0.0,0.0,0.0,0.0,0.0,0.0,0.0,1.0,0.0,0.0,0.0,9.0,4.0,0.0,0.0,0.0,0.0,0.0,0.0,0.0,0.0,5.0,12.0,1.0,12.18,5.01,2.51,1.49,0.0,0.0,0.0,361.3,0.0,-0.4,0.0,0.4,-169.60000000000002,0.0,0.0,169.60000000000002,0.0,21.9,28.9,28.9,30.9,300.0,300.0,31.700000000000003,35.9,28.8,28.0,29.9,4.96,2.0,4.96,0.16,0.0,0.0,1027.0,8228.0,0.0,0.0,0.0,0.0,0.0,1.0,0.0,0.0,0.0,0.0,0.0,0.3,0.0,-0.3,0.0,0.0,16.0,25903.0
2026-07-30T19:03:44.365Z,393.848,393.864,0.0,7.4,0.0,0.0,0.0,0.0,0.0,0.0,0.0,0.0,1.0,0.0,0.0,0.0,9.0,4.0,0.0,0.0,0.0,0.0,0.0,0.0,0.0,0.0,1.0,12.0,1.0,12.18,5.01,2.51,1.49,0.0,0.0,0.0,361.4,0.0,0.1,0.0,-0.1,-169.60000000000002,0.0,0.0,169.60000000000002,0.0,21.9,28.9,28.9,30.9,300.0,300.0,31.700000000000003,35.9,28.8,28.0,29.9,4.95,1.99,4.96,0.16,0.0,0.0,1027.0,8228.0,0.0,0.0,0.0,0.0,0.0,1.0,0.0,0.0,0.0,0.0,0.0,0.0,0.0,0.1,0.0,0.0,16.0,25903.0
2026-07-30T19:03:44.377Z,393.86,393.876,0.0,7.4,0.0,0.0,0.0,0.0,0.0,0.0,0.0,0.0,1.0,0.0,0.0,0.0,9.0,4.0,0.0,0.0,0.0,0.0,0.0,0.0,0.0,0.0,2.0,12.0,1.0,12.18,5.01,2.51,1.49,0.0,0.0,0.0,361.4,0.0,0.7000000000000001,-0.4,-0.1,-169.60000000000002,0.0,0.0,169.70000000000002,0.0,21.9,28.9,28.9,30.9,300.0,300.0,31.700000000000003,35.9,28.8,28.0,29.9,4.95,1.99,4.97,0.16,0.0,0.0,1027.0,8228.0,0.0,0.0,0.0,0.0,0.0,1.0,0.0,0.0,0.0,0.0,0.0,-0.6000000000000001,0.0,0.0,0.0,0.0,16.0,25903.0
2026-07-30T19:03:44.389Z,393.872,393.888,0.0,7.4,0.0,0.0,0.0,0.0,0.0,0.0,0.0,0.0,1.0,0.0,0.0,0.0,9.0,4.0,0.0,0.0,0.0,0.0,0.0,0.0,0.0,0.0,3.0,12.0,1.0,12.18,5.01,2.51,1.49,0.0,0.1,0.0,361.4,0.0,0.1,0.7000000000000001,1.1,-169.60000000000002,0.0,0.0,169.70000000000002,0.0,21.9,28.9,28.9,30.9,300.0,300.0,31.700000000000003,35.9,28.8,28.0,29.9,4.96,2.0,4.96,0.16,0.0,0.0,1027.0,8228.0,0.0,0.0,0.0,0.0,0.0,1.0,0.0,0.0,0.0,0.0,0.0,1.6,0.0,-0.8,0.0,0.0,16.0,25903.0
2026-07-30T19:03:44.401Z,393.884,393.9,0.0,7.4,0.0,0.0,0.0,0.0,0.0,0.0,0.0,0.0,1.0,0.0,0.0,0.0,9.0,4.0,0.0,0.0,0.0,0.0,0.0,0.0,0.0,0.0,4.0,12.0,1.0,12.18,5.01,2.51,1.49,0.0,0.1,0.0,361.3,0.0,0.1,0.1,1.1,-169.60000000000002,0.0,0.0,169.70000000000002,0.0,21.9,28.9,28.9,30.9,300.0,300.0,31.700000000000003,35.9,28.8,28.0,29.9,4.96,1.99,4.97,0.16,0.0,0.0,1027.0,8228.0,0.0,0.0,0.0,0.0,0.0,1.0,0.0,0.0,0.0,0.0,0.0,1.0,0.0,-1.0,0.0,0.0,16.0,25903.0
2026-07-30T19:03:44.413Z,393.896,393.912,0.0,7.4,0.0,0.0,0.0,0.0,0.0,0.0,0.0,0.0,1.0,0.0,0.0,0.0,9.0,4.0,0.0,0.0,0.0,0.0,0.0,0.0,0.0,0.0,5.0,12.0,1.0,12.17,5.0200000000000005,2.51,1.49,0.0,0.0,0.0,361.3,0.0,0.1,-0.4,-1.2000000000000002,-169.60000000000002,0.0,0.0,169.60000000000002,0.0,21.4,28.9,28.9,30.9,300.0,300.0,31.6,35.9,28.8,28.0,29.9,4.96,1.99,4.97,0.16,0.0,0.0,1027.0,8228.0,0.0,0.0,0.0,0.0,0.0,1.0,0.0,0.0,0.0,0.0,0.0,-1.4,0.0,0.9,0.0,0.0,16.0,25903.0
2026-07-30T19:03:44.425Z,393.908,393.924,0.0,7.4,0.0,0.0,0.0,0.0,0.0,0.0,0.0,0.0,1.0,0.0,0.0,0.0,9.0,4.0,0.0,0.0,0.0,0.0,0.0,0.0,0.0,0.0,6.0,12.0,1.0,12.17,5.0200000000000005,2.51,1.49,0.0,0.0,0.0,361.3,0.0,0.1,-0.4,1.1,-169.60000000000002,0.0,0.0,169.60000000000002,0.0,21.4,28.9,28.9,30.9,300.0,300.0,31.6,35.9,28.8,28.0,29.9,4.96,1.99,4.96,0.16,0.0,0.0,1027.0,8228.0,0.0,0.0,0.0,0.0,0.0,1.0,0.0,0.0,0.0,0.0,0.0,0.3,0.0,-1.0,0.0,0.0,16.0,25903.0
2026-07-30T19:03:44.437Z,393.92,393.936,0.0,7.4,0.0,0.0,0.0,0.0,0.0,0.0,0.0,0.0,1.0,0.0,0.0,0.0,9.0,4.0,0.0,0.0,0.0,0.0,0.0,0.0,0.0,0.0,2.0,12.0,1.0,12.17,5.0200000000000005,2.51,1.49,0.0,0.0,0.0,361.4,0.0,-0.3,-0.4,0.5,-169.60000000000002,0.0,0.0,169.60000000000002,0.0,21.4,28.9,28.9,30.9,300.0,300.0,31.6,35.9,28.8,28.0,29.9,4.96,1.99,4.96,0.16,0.0,0.0,1027.0,8228.0,0.0,0.0,0.0,0.0,0.0,1.0,0.0,0.0,0.0,0.0,0.0,0.0,0.0,-0.5,0.0,0.0,16.0,25903.0
2026-07-30T19:03:44.449Z,393.932,393.948,0.0,7.4,0.0,0.0,0.0,0.0,0.0,0.0,0.0,0.0,1.0,0.0,0.0,0.0,9.0,4.0,0.0,0.0,0.0,0.0,0.0,0.0,0.0,0.0,3.0,12.0,1.0,12.17,5.0200000000000005,2.51,1.49,0.0,0.0,0.0,361.3,0.0,-0.3,0.1,0.6000000000000001,-169.60000000000002,0.0,0.0,169.70000000000002,0.0,21.4,28.9,28.9,30.9,300.0,300.0,31.6,35.9,28.8,28.0,29.9,4.96,1.99,4.97,0.16,0.0,0.0,1027.0,8228.0,0.0,0.0,0.0,0.0,0.0,1.0,0.0,0.0,0.0,0.0,0.0,0.6000000000000001,0.0,-0.5,0.0,0.0,16.0,25903.0
2026-07-30T19:03:44.461Z,393.944,393.96,0.0,7.4,0.0,0.0,0.0,0.0,0.0,0.0,0.0,0.0,1.0,0.0,0.0,0.0,9.0,4.0,0.0,0.0,0.0,0.0,0.0,0.0,0.0,0.0,4.0,12.0,1.0,12.17,5.0200000000000005,2.51,1.49,0.0,0.0,0.0,361.3,0.0,0.8,0.0,-1.1,-169.60000000000002,0.0,0.0,169.60000000000002,0.0,21.4,28.9,28.9,30.9,300.0,300.0,31.6,35.9,28.8,28.0,29.9,4.96,2.0,4.97,0.16,0.0,0.0,1027.0,8228.0,0.0,0.0,0.0,0.0,0.0,1.0,0.0,0.0,0.0,0.0,0.0,-0.7000000000000001,0.0,1.0,0.0,0.0,16.0,25903.0
2026-07-30T19:03:44.473Z,393.956,393.972,0.0,7.4,0.0,0.0,0.0,0.0,0.0,0.0,0.0,0.0,1.0,0.0,0.0,0.0,9.0,4.0,0.0,0.0,0.0,0.0,0.0,0.0,0.0,0.0,6.0,12.0,1.0,12.17,5.0200000000000005,2.51,1.49,0.0,0.0,0.0,361.3,0.0,0.9,1.3,0.6000000000000001,-169.60000000000002,0.0,0.0,169.60000000000002,0.0,21.4,28.9,28.9,30.9,300.0,300.0,31.6,35.9,28.8,28.0,29.9,4.96,2.0,4.96,0.16,0.0,0.0,1027.0,8228.0,0.0,0.0,0.0,0.0,0.0,1.0,0.0,0.0,0.0,0.0,0.0,1.9,0.0,-0.2,0.0,0.0,16.0,25903.0
2026-07-30T19:03:44.485Z,393.968,393.984,0.0,7.4,0.0,0.0,0.0,0.0,0.0,0.0,0.0,0.0,1.0,0.0,0.0,0.0,9.0,4.0,0.0,0.0,0.0,0.0,0.0,0.0,0.0,0.0,1.0,12.0,1.0,12.17,5.0200000000000005,2.51,1.49,0.0,0.0,0.0,361.3,0.0,0.3,0.1,0.0,-169.60000000000002,0.0,0.0,169.60000000000002,0.0,21.4,28.9,28.9,30.9,300.0,300.0,31.6,35.9,28.8,28.0,29.9,4.95,1.99,4.97,0.16,0.0,0.0,1027.0,8228.0,0.0,0.0,0.0,0.0,0.0,1.0,0.0,0.0,0.0,0.0,0.0,0.1,0.0,0.0,0.0,0.0,16.0,25903.0
2026-07-30T19:03:44.497Z,393.98,393.996,0.0,7.4,0.0,0.0,0.0,0.0,0.0,0.0,0.0,0.0,1.0,0.0,0.0,0.0,9.0,4.0,0.0,0.0,0.0,0.0,0.0,0.0,0.0,0.0,2.0,12.0,1.0,12.17,5.0200000000000005,2.51,1.49,0.0,0.0,0.0,361.3,0.0,-0.2,-0.4,0.0,-169.60000000000002,0.0,0.0,169.60000000000002,0.0,21.4,28.9,28.9,30.9,300.0,300.0,31.6,35.9,28.8,28.0,29.9,4.95,1.99,4.96,0.16,0.0,0.0,1027.0,8228.0,0.0,0.0,0.0,0.0,0.0,1.0,0.0,0.0,0.0,0.0,0.0,-0.4,0.0,-0.1,0.0,0.0,16.0,25903.0
2026-07-30T19:03:44.510Z,393.993,394.008,0.0,7.4,0.0,0.0,0.0,0.0,0.0,0.0,0.0,0.0,1.0,0.0,0.0,0.0,9.0,4.0,0.0,0.0,0.0,0.0,0.0,0.0,0.0,0.0,3.0,12.0,1.0,12.15,5.01,2.5,1.49,0.0,0.0,0.0,361.3,0.0,-0.8,0.1,0.5,-169.60000000000002,0.0,0.0,169.70000000000002,0.0,21.700000000000003,28.9,28.9,30.9,300.0,300.0,31.6,35.9,28.8,28.0,29.9,4.96,1.99,4.96,0.16,0.0,0.0,1027.0,8228.0,0.0,0.0,0.0,0.0,0.0,1.0,0.0,0.0,0.0,0.0,0.0,0.5,0.0,-0.4,0.0,0.0,16.0,25903.0
2026-07-30T19:03:44.522Z,394.005,394.02,0.0,7.4,0.0,0.0,0.0,0.0,0.0,0.0,0.0,0.0,1.0,0.0,0.0,0.0,9.0,4.0,0.0,0.0,0.0,0.0,0.0,0.0,0.0,0.0,4.0,12.0,1.0,12.15,5.01,2.5,1.49,0.0,0.0,0.0,361.3,0.0,-0.8,-0.4,-0.5,-169.60000000000002,0.0,0.0,169.70000000000002,0.0,21.700000000000003,28.9,28.9,30.9,300.0,300.0,31.6,35.9,28.8,28.0,29.9,4.95,1.99,4.97,0.16,0.0,0.0,1027.0,8228.0,0.0,0.0,0.0,0.0,0.0,1.0,0.0,0.0,0.0,0.0,0.0,-0.9,0.0,0.4,0.0,0.0,16.0,25903.0
2026-07-30T19:03:44.533Z,394.016,394.032,0.0,7.4,0.0,0.0,0.0,0.0,0.0,0.0,0.0,0.0,1.0,0.0,0.0,0.0,9.0,4.0,0.0,0.0,0.0,0.0,0.0,0.0,0.0,0.0,6.0,12.0,1.0,12.15,5.01,2.5,1.49,0.0,0.0,0.0,361.3,0.0,-0.8,-1.6,-0.6000000000000001,-169.60000000000002,0.0,0.0,169.70000000000002,0.0,21.700000000000003,28.9,28.9,30.9,300.0,300.0,31.6,35.9,28.8,28.0,29.9,4.96,1.99,4.96,0.16,0.0,0.0,1027.0,8228.0,0.0,0.0,0.0,0.0,0.0,1.0,0.0,0.0,0.0,0.0,0.0,-2.3000000000000003,0.0,0.1,0.0,0.0,16.0,25903.0
2026-07-30T19:03:44.545Z,394.028,394.044,0.0,7.4,0.0,0.0,0.0,0.0,0.0,0.0,0.0,0.0,1.0,0.0,0.0,0.0,9.0,4.0,0.0,0.0,0.0,0.0,0.0,0.0,0.0,0.0,1.0,12.0,1.0,12.15,5.01,2.5,1.49,0.0,0.0,0.0,361.3,0.0,0.3,0.0,0.5,-169.60000000000002,0.0,0.0,169.60000000000002,0.0,21.700000000000003,28.9,28.9,30.9,300.0,300.0,31.6,35.9,28.8,28.0,29.9,4.96,1.99,4.96,0.16,0.0,0.0,1027.0,8228.0,0.0,0.0,0.0,0.0,0.0,1.0,0.0,0.0,0.0,0.0,0.0,0.5,0.0,-0.4,0.0,0.0,16.0,25903.0
2026-07-30T19:03:44.558Z,394.041,394.056,0.0,7.4,0.0,0.0,0.0,0.0,0.0,0.0,0.0,0.0,1.0,0.0,0.0,0.0,9.0,4.0,0.0,0.0,0.0,0.0,0.0,0.0,0.0,0.0,2.0,12.0,1.0,12.15,5.01,2.5,1.49,0.0,0.1,0.0,361.3,0.0,0.3,0.1,-0.5,-169.60000000000002,0.0,0.0,169.60000000000002,0.0,21.700000000000003,28.9,28.9,30.9,300.0,300.0,31.6,35.9,28.8,28.0,29.9,4.96,1.99,4.96,0.16,0.0,0.0,1027.0,8228.0,0.0,0.0,0.0,0.0,0.0,1.0,0.0,0.0,0.0,0.0,0.0,-0.3,0.0,0.5,0.0,0.0,16.0,25903.0
2026-07-30T19:03:44.569Z,394.052,394.068,0.0,7.4,0.0,0.0,0.0,0.0,0.0,0.0,0.0,0.0,1.0,0.0,0.0,0.0,9.0,4.0,0.0,0.0,0.0,0.0,0.0,0.0,0.0,0.0,4.0,12.0,1.0,12.15,5.01,2.5,1.49,0.0,0.0,0.0,361.3,0.0,-0.2,-0.4,1.1,-169.60000000000002,0.0,0.0,169.60000000000002,0.0,21.700000000000003,28.9,28.9,30.9,300.0,300.0,31.6,35.9,28.8,28.0,29.9,4.95,1.99,4.97,0.16,0.0,0.0,1027.0,8228.0,0.0,0.0,0.0,0.0,0.0,1.0,0.0,0.0,0.0,0.0,0.0,0.3,0.0,-1.1,0.0,0.0,16.0,25903.0
2026-07-30T19:03:44.582Z,394.065,394.08,0.0,7.4,0.0,0.0,0.0,0.0,0.0,0.0,0.0,0.0,1.0,0.0,0.0,0.0,9.0,4.0,0.0,0.0,0.0,0.0,0.0,0.0,0.0,0.0,5.0,12.0,1.0,12.15,5.01,2.5,1.49,0.0,0.1,0.0,361.3,0.0,0.3,-1.0,-1.1,-169.60000000000002,0.0,0.0,169.70000000000002,0.0,21.700000000000003,28.9,28.9,30.9,300.0,300.0,31.6,35.9,28.8,28.0,29.9,4.96,1.99,4.97,0.16,0.0,0.0,1027.0,8228.0,0.0,0.0,0.0,0.0,0.0,1.0,0.0,0.0,0.0,0.0,0.0,-2.0,0.0,0.8,0.0,0.0,16.0,25903.0
2026-07-30T19:03:44.593Z,394.076,394.092,0.0,7.4,0.0,0.0,0.0,0.0,0.0,0.0,0.0,0.0,1.0,0.0,0.0,0.0,9.0,4.0,0.0,0.0,0.0,0.0,0.0,0.0,0.0,0.0,6.0,12.0,1.0,12.15,5.01,2.5,1.49,-0.1,0.1,0.0,361.3,0.0,0.3,0.7000000000000001,0.5,-169.60000000000002,0.0,0.0,169.60000000000002,0.0,21.700000000000003,28.9,28.9,30.9,300.0,300.0,31.6,35.9,28.8,28.0,29.9,4.96,2.0,4.97,0.16,0.0,0.0,1027.0,8228.0,0.0,0.0,0.0,0.0,0.0,1.0,0.0,0.0,0.0,0.0,0.0,1.2000000000000002,0.0,-0.3,0.0,0.0,16.0,25903.0
2026-07-30T19:03:44.606Z,394.089,394.104,0.0,7.4,0.0,0.0,0.0,0.0,0.0,0.0,0.0,0.0,1.0,0.0,0.0,0.0,9.0,4.0,0.0,0.0,0.0,0.0,0.0,0.0,0.0,0.0,2.0,12.0,1.0,12.15,5.01,2.5,1.49,0.0,0.0,0.0,361.3,0.0,-0.2,0.7000000000000001,0.0,-169.60000000000002,0.0,0.0,169.60000000000002,0.0,21.700000000000003,28.9,28.9,30.9,300.0,300.0,31.6,35.9,28.8,28.0,29.9,4.95,1.99,4.97,0.16,0.0,0.0,1027.0,8228.0,0.0,0.0,0.0,0.0,0.0,1.0,0.0,0.0,0.0,0.0,0.0,0.7000000000000001,0.0,0.1,0.0,0.0,16.0,25903.0
2026-07-30T19:03:44.617Z,394.1,394.116,0.0,7.4,0.0,0.0,0.0,0.0,0.0,0.0,0.0,0.0,1.0,0.0,0.0,0.0,9.0,4.0,0.0,0.0,0.0,0.0,0.0,0.0,0.0,0.0,3.0,12.0,1.0,12.17,5.0200000000000005,2.51,1.49,0.0,0.0,0.0,361.4,0.0,0.2,-1.0,-1.2000000000000002,-169.60000000000002,0.0,0.0,169.60000000000002,0.0,21.700000000000003,28.9,28.9,30.9,300.0,300.0,31.6,35.9,28.9,28.0,29.9,4.95,1.99,4.97,0.16,0.0,0.0,1027.0,8228.0,0.0,0.0,0.0,0.0,0.0,1.0,0.0,0.0,0.0,0.0,0.0,-2.1,0.0,0.8,0.0,0.0,16.0,25903.0
2026-07-30T19:03:44.630Z,394.113,394.128,0.0,7.4,0.0,0.0,0.0,0.0,0.0,0.0,0.0,0.0,1.0,0.0,0.0,0.0,9.0,4.0,0.0,0.0,0.0,0.0,0.0,0.0,0.0,0.0,4.0,12.0,1.0,12.17,5.0200000000000005,2.51,1.49,0.0,0.1,0.0,361.3,0.0,-0.3,0.6000000000000001,1.6,-169.60000000000002,0.0,0.0,169.60000000000002,0.0,21.700000000000003,28.9,28.9,30.9,300.0,300.0,31.6,35.9,28.9,28.0,29.9,4.96,1.99,4.96,0.16,0.0,0.0,1027.0,8228.0,0.0,0.0,0.0,0.0,0.0,1.0,0.0,0.0,0.0,0.0,0.0,2.0,0.0,-1.3,0.0,0.0,16.0,25903.0
2026-07-30T19:03:44.641Z,394.124,394.14,0.0,7.4,0.0,0.0,0.0,0.0,0.0,0.0,0.0,0.0,1.0,0.0,0.0,0.0,9.0,4.0,0.0,0.0,0.0,0.0,0.0,0.0,0.0,0.0,6.0,12.0,1.0,12.17,5.0200000000000005,2.51,1.49,0.0,0.1,0.0,361.3,0.0,-0.3,-0.5,-0.7000000000000001,-169.60000000000002,0.0,0.0,169.70000000000002,0.0,21.700000000000003,28.9,28.9,30.9,300.0,300.0,31.6,35.9,28.9,28.0,29.9,4.96,1.99,4.97,0.16,0.0,0.0,1027.0,8228.0,0.0,0.0,0.0,0.0,0.0,1.0,0.0,0.0,0.0,0.0,0.0,-1.1,0.0,0.4,0.0,0.0,16.0,25903.0
2026-07-30T19:03:44.654Z,394.137,394.152,0.0,7.4,0.0,0.0,0.0,0.0,0.0,0.0,0.0,0.0,1.0,0.0,0.0,0.0,9.0,4.0,0.0,0.0,0.0,0.0,0.0,0.0,0.0,0.0,1.0,12.0,1.0,12.17,5.0200000000000005,2.51,1.49,0.0,0.1,0.0,361.3,0.0,0.1,0.0,-0.1,-169.60000000000002,0.0,0.0,169.60000000000002,0.0,21.700000000000003,28.9,28.9,30.9,300.0,300.0,31.6,35.9,28.9,28.0,29.9,4.95,1.99,4.97,0.16,0.0,0.0,1027.0,8228.0,0.0,0.0,0.0,0.0,0.0,1.0,0.0,0.0,0.0,0.0,0.0,0.0,0.0,0.1,0.0,0.0,16.0,25903.0
2026-07-30T19:03:44.665Z,394.148,394.164,0.0,7.4,0.0,0.0,0.0,0.0,0.0,0.0,0.0,0.0,1.0,0.0,0.0,0.0,9.0,4.0,0.0,0.0,0.0,0.0,0.0,0.0,0.0,0.0,2.0,12.0,1.0,12.17,5.0200000000000005,2.51,1.49,0.0,0.0,0.0,361.3,0.0,0.1,-0.5,-0.1,-169.60000000000002,0.0,0.0,169.70000000000002,0.0,21.700000000000003,28.9,28.9,30.9,300.0,300.0,31.6,35.9,28.9,28.0,29.9,4.96,1.99,4.96,0.16,0.0,0.0,1027.0,8228.0,0.0,0.0,0.0,0.0,0.0,1.0,0.0,0.0,0.0,0.0,0.0,-0.7000000000000001,0.0,0.0,0.0,0.0,16.0,25903.0
2026-07-30T19:03:44.677Z,394.16,394.176,0.0,7.4,0.0,0.0,0.0,0.0,0.0,0.0,0.0,0.0,1.0,0.0,0.0,0.0,9.0,4.0,0.0,0.0,0.0,0.0,0.0,0.0,0.0,0.0,3.0,12.0,1.0,12.17,5.0200000000000005,2.51,1.49,0.0,0.0,0.0,361.3,0.0,0.2,-0.5,1.0,-169.60000000000002,0.0,0.0,169.60000000000002,0.0,21.700000000000003,28.9,28.9,30.9,300.0,300.0,31.6,35.9,28.9,28.0,29.9,4.95,1.99,4.96,0.16,0.0,0.0,1027.0,8228.0,0.0,0.0,0.0,0.0,0.0,1.0,0.0,0.0,0.0,0.0,0.0,0.1,0.0,-1.0,0.0,0.0,16.0,25903.0
2026-07-30T19:03:44.690Z,394.173,394.188,0.0,7.4,0.0,0.0,0.0,0.0,0.0,0.0,0.0,0.0,1.0,0.0,0.0,0.0,9.0,4.0,0.0,0.0,0.0,0.0,0.0,0.0,0.0,0.0,4.0,12.0,1.0,12.17,5.0200000000000005,2.51,1.49,0.0,0.0,0.0,361.3,0.0,0.1,0.0,0.4,-169.60000000000002,0.0,0.0,169.60000000000002,0.0,21.700000000000003,28.9,28.9,30.9,300.0,300.0,31.6,35.9,28.9,28.0,29.9,4.95,1.99,4.97,0.16,0.0,0.0,1027.0,8228.0,0.0,0.0,0.0,0.0,0.0,1.0,0.0,0.0,0.0,0.0,0.0,0.3,0.0,-0.4,0.0,0.0,16.0,25903.0
2026-07-30T19:03:44.701Z,394.184,394.2,0.0,7.4,0.0,0.0,0.0,0.0,0.0,0.0,0.0,0.0,1.0,0.0,0.0,0.0,9.0,4.0,0.0,0.0,0.0,0.0,0.0,0.0,0.0,0.0,5.0,12.0,1.0,12.17,5.0200000000000005,2.51,1.49,0.0,0.0,0.0,361.3,0.0,-0.4,-0.5,-0.7000000000000001,-169.60000000000002,0.0,0.0,169.70000000000002,0.0,21.700000000000003,28.9,28.9,30.9,300.0,300.0,31.6,35.9,28.9,28.0,29.9,4.95,1.99,4.97,0.17,0.0,0.0,1027.0,8228.0,0.0,0.0,0.0,0.0,0.0,1.0,0.0,0.0,0.0,0.0,0.0,0.5,0.0,0.2,0.0,0.0,16.0,25903.0
2026-07-30T19:03:44.714Z,394.197,394.212,0.0,7.4,0.0,0.0,0.0,0.0,0.0,0.0,0.0,0.0,1.0,0.0,0.0,0.0,9.0,4.0,0.0,0.0,0.0,0.0,0.0,0.0,0.0,0.0,6.0,12.0,1.0,12.18,5.0200000000000005,2.5,1.49,0.0,0.0,0.0,361.3,0.0,0.1,0.0,-0.7000000000000001,-169.60000000000002,0.0,0.0,169.70000000000002,0.0,21.4,28.9,28.9,30.9,300.0,300.0,31.700000000000003,35.9,28.9,28.0,29.9,4.96,1.99,4.96,0.16,0.0,0.0,1027.0,8228.0,0.0,0.0,0.0,0.0,0.0,1.0,0.0,0.0,0.0,0.0,0.0,-1.6,0.0,1.0,0.0,0.0,16.0,25903.0
2026-07-30T19:03:44.725Z,394.208,394.224,0.0,7.4,0.0,0.0,0.0,0.0,0.0,0.0,0.0,0.0,1.0,0.0,0.0,0.0,9.0,4.0,0.0,0.0,0.0,0.0,0.0,0.0,0.0,0.0,2.0,12.0,1.0,12.18,5.0200000000000005,2.5,1.49,0.0,0.0,0.0,361.3,0.0,-0.4,0.5,1.0,-169.60000000000002,0.0,0.0,169.70000000000002,0.0,21.4,28.9,28.9,30.9,300.0,300.0,31.700000000000003,35.9,28.9,28.0,29.9,4.96,1.99,4.97,0.16,0.0,0.0,1027.0,8228.0,0.0,0.0,0.0,0.0,0.0,1.0,0.0,0.0,0.0,0.0,0.0,-1.6,0.0,1.0,0.0,0.0,16.0,25903.0
2026-07-30T19:03:44.738Z,394.221,394.236,0.0,7.4,0.0,0.0,0.0,0.0,0.0,0.0,0.0,0.0,1.0,0.0,0.0,0.0,9.0,4.0,0.0,0.0,0.0,0.0,0.0,0.0,0.0,0.0,3.0,12.0,1.0,12.18,5.0200000000000005,2.5,1.49,0.0,0.0,0.0,361.2000000000001,0.0,0.1,1.0,-0.2,-169.60000000000002,0.0,0.0,169.60000000000002,0.0,21.4,28.9,28.9,30.9,300.0,300.0,31.700000000000003,35.9,28.9,28.0,29.9,4.96,2.0,4.96,0.16,0.0,0.0,1027.0,8228.0,0.0,0.0,0.0,0.0,0.0,1.0,0.0,0.0,0.0,0.0,0.0,-0.4,0.0,-0.4,0.0,0.0,16.0,25903.0
2026-07-30T19:03:44.750Z,394.233,394.248,0.0,7.4,0.0,0.0,0.0,0.0,0.0,0.0,0.0,0.0,1.0,0.0,0.0,0.0,9.0,4.0,0.0,0.0,0.0,0.0,0.0,0.0,0.0,0.0,4.0,12.0,1.0,12.18,5.0200000000000005,2.5,1.49,0.0,0.0,0.0,361.3,0.0,-0.3,0.5,-0.7000000000000001,-169.60000000000002,0.0,0.0,169.70000000000002,0.0,21.4,28.9,28.9,30.9,300.0,300.0,31.700000000000003,35.9,28.9,28.0,29.9,4.95,1.99,4.96,0.16,0.0,0.0,1027.0,8228.0,0.0,0.0,0.0,0.0,0.0,1.0,0.0,0.0,0.0,0.0,0.0,0.0,0.0,0.7000000000000001,0.0,0.0,16.0,25903.0
2026-07-30T19:03:44.762Z,394.245,394.26,0.0,7.4,0.0,0.0,0.0,0.0,0.0,0.0,0.0,0.0,1.0,0.0,0.0,0.0,9.0,4.0,0.0,0.0,0.0,0.0,0.0,0.0,0.0,0.0,5.0,12.0,1.0,12.18,5.0200000000000005,2.5,1.49,0.0,0.1,0.0,361.3,0.0,-0.3,0.0,0.3,-169.60000000000002,0.0,0.0,169.60000000000002,0.0,21.4,28.9,28.9,30.9,300.0,300.0,31.700000000000003,35.9,28.9,28.0,29.9,4.95,1.99,4.96,0.16,0.0,0.0,1027.0,8228.0,0.0,0.0,0.0,0.0,0.0,1.0,0.0,0.0,0.0,0.0,0.0,0.2,0.0,-0.3,0.0,0.0,16.0,25903.0
2026-07-30T19:03:44.773Z,394.256,394.272,0.0,7.4,0.0,0.0,0.0,0.0,0.0,0.0,0.0,0.0,1.0,0.0,0.0,0.0,9.0,4.0,0.0,0.0,0.0,0.0,0.0,0.0,0.0,0.0,6.0,12.0,1.0,12.18,5.0200000000000005,2.5,1.49,0.0,0.0,0.0,361.3,0.0,0.7000000000000001,-0.6000000000000001,-1.3,-169.60000000000002,0.0,0.0,169.70000000000002,0.0,21.4,28.9,28.9,30.9,300.0,300.0,31.700000000000003,35.9,28.9,28.0,29.9,4.95,1.99,4.97,0.16,0.0,0.0,1027.0,8228.0,0.0,0.0,0.0,0.0,0.0,1.0,0.0,0.0,0.0,0.0,0.0,-1.7000000000000002,0.0,1.0,0.0,0.0,16.0,25903.0
2026-07-30T19:03:44.785Z,394.268,394.284,0.0,7.4,0.0,0.0,0.0,0.0,0.0,0.0,0.0,0.0,1.0,0.0,0.0,0.0,9.0,4.0,0.0,0.0,0.0,0.0,0.0,0.0,0.0,0.0,2.0,12.0,1.0,12.18,5.0200000000000005,2.5,1.49,0.0,0.0,0.0,361.3,0.0,-0.3,-0.6000000000000001,0.4,-169.60000000000002,0.0,0.0,169.60000000000002,0.0,21.4,28.9,28.9,30.9,300.0,300.0,31.700000000000003,35.9,28.9,28.0,29.9,4.95,1.99,4.96,0.16,0.0,0.0,1027.0,8228.0,0.0,0.0,0.0,0.0,0.0,1.0,0.0,0.0,0.0,0.0,0.0,-0.3,0.0,-0.5,0.0,0.0,16.0,25903.0
2026-07-30T19:03:44.797Z,394.28,394.296,0.0,7.4,0.0,0.0,0.0,0.0,0.0,0.0,0.0,0.0,1.0,0.0,0.0,0.0,9.0,4.0,0.0,0.0,0.0,0.0,0.0,0.0,0.0,0.0,3.0,12.0,1.0,12.18,5.0200000000000005,2.5,1.49,0.0,0.0,0.0,361.3,0.0,-0.3,0.0,0.4,-169.60000000000002,0.0,0.0,169.60000000000002,0.0,21.4,28.9,28.9,30.9,300.0,300.0,31.700000000000003,35.9,28.9,28.0,29.9,4.96,1.99,4.96,0.16,0.0,0.0,1027.0,8228.0,0.0,0.0,0.0,0.0,0.0,1.0,0.0,0.0,0.0,0.0,0.0,0.3,0.0,-0.4,0.0,0.0,16.0,25903.0
2026-07-30T19:03:44.809Z,394.292,394.308,0.0,7.4,0.0,0.0,0.0,0.0,0.0,0.0,0.0,0.0,1.0,0.0,0.0,0.0,9.0,4.0,0.0,0.0,0.0,0.0,0.0,0.0,0.0,0.0,4.0,12.0,1.0,12.18,5.0200000000000005,2.5,1.49,0.0,0.0,0.0,361.3,0.0,0.2,-0.5,0.0,-169.60000000000002,0.0,0.0,169.70000000000002,0.0,21.4,28.9,28.9,30.9,300.0,300.0,31.700000000000003,35.9,28.9,28.0,29.9,4.95,1.99,4.97,0.16,0.0,0.0,1027.0,8228.0,0.0,0.0,0.0,0.0,0.0,1.0,0.0,0.0,0.0,0.0,0.0,-0.6000000000000001,0.0,0.0,0.0,0.0,16.0,25903.0
2026-07-30T19:03:44.822Z,394.305,394.32,0.0,7.4,0.0,0.0,0.0,0.0,0.0,0.0,0.0,0.0,1.0,0.0,0.0,0.0,9.0,4.0,0.0,0.0,0.0,0.0,0.0,0.0,0.0,0.0,5.0,12.0,1.0,12.18,5.01,2.51,1.49,0.0,0.1,0.0,361.3,0.0,-0.3,-0.5,0.4,-169.60000000000002,0.0,0.0,169.60000000000002,0.0,21.3,28.9,28.9,30.9,300.0,300.0,31.700000000000003,35.9,28.8,28.0,29.9,4.95,1.99,4.96,0.16,0.0,0.0,1027.0,8228.0,0.0,0.0,0.0,0.0,0.0,1.0,0.0,0.0,0.0,0.0,0.0,-0.2,0.0,-0.4,0.0,0.0,16.0,25903.0
2026-07-30T19:03:44.834Z,394.317,394.332,0.0,7.4,0.0,0.0,0.0,0.0,0.0,0.0,0.0,0.0,1.0,0.0,0.0,0.0,9.0,4.0,0.0,0.0,0.0,0.0,0.0,0.0,0.0,0.0,6.0,12.0,1.0,12.18,5.01,2.51,1.49,0.0,0.0,0.0,361.3,0.0,-0.3,0.6000000000000001,-0.7000000000000001,-169.60000000000002,0.0,0.0,169.60000000000002,0.0,21.3,28.9,28.9,30.9,300.0,300.0,31.700000000000003,35.9,28.8,28.0,29.9,4.95,1.99,4.97,0.16,0.0,0.0,1027.0,8228.0,0.0,0.0,0.0,0.0,0.0,1.0,0.0,0.0,0.0,0.0,0.0,0.1,0.0,0.7000000000000001,0.0,0.0,16.0,25903.0
2026-07-30T19:03:44.846Z,394.329,394.344,0.0,7.4,0.0,0.0,0.0,0.0,0.0,0.0,0.0,0.0,1.0,0.0,0.0,0.0,9.0,4.0,0.0,0.0,0.0,0.0,0.0,0.0,0.0,0.0,1.0,12.0,1.0,12.18,5.01,2.51,1.49,0.0,0.0,0.0,361.3,0.0,0.8,-0.5,-0.1,-169.60000000000002,0.0,0.0,169.8,0.0,21.3,28.9,28.9,30.9,300.0,300.0,31.700000000000003,35.9,28.8,28.0,29.9,4.96,1.99,4.97,0.16,0.0,0.0,1027.0,8228.0,0.0,0.0,0.0,0.0,0.0,1.0,0.0,0.0,0.0,0.0,0.0,-0.6000000000000001,0.0,0.0,0.0,0.0,16.0,25903.0
2026-07-30T19:03:44.858Z,394.341,394.356,0.0,7.4,0.0,0.0,0.0,0.0,0.0,0.0,0.0,0.0,1.0,0.0,0.0,0.0,9.0,4.0,0.0,0.0,0.0,0.0,0.0,0.0,0.0,0.0,2.0,12.0,1.0,12.18,5.01,2.51,1.49,0.0,0.0,0.0,361.3,0.0,-0.3,0.6000000000000001,-0.1,-169.60000000000002,0.0,0.0,169.70000000000002,0.0,21.3,28.9,28.9,30.9,300.0,300.0,31.700000000000003,35.9,28.8,28.0,29.9,4.96,1.99,4.97,0.16,0.0,0.0,1027.0,8228.0,0.0,0.0,0.0,0.0,0.0,1.0,0.0,0.0,0.0,0.0,0.0,0.6000000000000001,0.0,0.2,0.0,0.0,16.0,25903.0
2026-07-30T19:03:44.869Z,394.352,394.368,0.0,7.4,0.0,0.0,0.0,0.0,0.0,0.0,0.0,0.0,1.0,0.0,0.0,0.0,9.0,4.0,0.0,0.0,0.0,0.0,0.0,0.0,0.0,0.0,3.0,12.0,1.0,12.18,5.01,2.51,1.49,0.0,0.0,0.0,361.3,0.0,-0.9,-1.0,-0.6000000000000001,-169.60000000000002,0.0,0.0,169.60000000000002,0.0,21.3,28.9,28.9,30.9,300.0,300.0,31.700000000000003,35.9,28.8,28.0,29.9,4.96,1.99,4.96,0.16,0.0,0.0,1027.0,8228.0,0.0,0.0,0.0,0.0,0.0,1.0,0.0,0.0,0.0,0.0,0.0,-1.7000000000000002,0.0,0.3,0.0,0.0,16.0,25903.0
2026-07-30T19:03:44.881Z,394.364,394.38,0.0,7.4,0.0,0.0,0.0,0.0,0.0,0.0,0.0,0.0,1.0,0.0,0.0,0.0,9.0,4.0,0.0,0.0,0.0,0.0,0.0,0.0,0.0,0.0,5.0,12.0,1.0,12.18,5.01,2.51,1.49,0.0,0.0,0.0,361.3,0.0,1.3,0.0,0.0,-169.60000000000002,0.0,0.0,169.70000000000002,0.0,21.3,28.9,28.9,30.9,300.0,300.0,31.700000000000003,35.9,28.8,28.0,29.9,4.96,1.99,4.97,0.16,0.0,0.0,1027.0,8228.0,0.0,0.0,0.0,0.0,0.0,1.0,0.0,0.0,0.0,0.0,0.0,0.0,0.0,0.0,0.0,0.0,16.0,25903.0
2026-07-30T19:03:44.893Z,394.376,394.392,0.0,7.4,0.0,0.0,0.0,0.0,0.0,0.0,0.0,0.0,1.0,0.0,0.0,0.0,9.0,4.0,0.0,0.0,0.0,0.0,0.0,0.0,0.0,0.0,6.0,12.0,1.0,12.18,5.01,2.51,1.49,0.0,0.0,0.0,361.3,0.0,0.2,0.0,-0.1,-169.60000000000002,0.0,0.0,169.8,0.0,21.3,28.9,28.9,30.9,300.0,300.0,31.700000000000003,35.9,28.8,28.0,29.9,4.95,1.99,4.97,0.16,0.0,0.0,1027.0,8228.0,0.0,0.0,0.0,0.0,0.0,1.0,0.0,0.0,0.0,0.0,0.0,0.0,0.0,0.1,0.0,0.0,16.0,25903.0
2026-07-30T19:03:44.905Z,394.388,394.404,0.0,7.4,0.0,0.0,0.0,0.0,0.0,0.0,0.0,0.0,1.0,0.0,0.0,0.0,9.0,4.0,0.0,0.0,0.0,0.0,0.0,0.0,0.0,0.0,2.0,12.0,1.0,12.18,5.01,2.51,1.49,0.0,0.0,0.0,361.3,0.0,-0.9,-0.5,-0.7000000000000001,-169.60000000000002,0.0,0.0,169.70000000000002,0.0,21.3,28.9,28.9,30.9,300.0,300.0,31.700000000000003,35.9,28.8,28.0,29.9,4.96,1.99,4.96,0.16,0.0,0.0,1027.0,8228.0,0.0,0.0,0.0,0.0,0.0,1.0,0.0,0.0,0.0,0.0,0.0,-1.1,0.0,0.5,0.0,0.0,16.0,25903.0
2026-07-30T19:03:44.918Z,394.401,394.416,0.0,7.4,0.0,0.0,0.0,0.0,0.0,0.0,0.0,0.0,1.0,0.0,0.0,0.0,9.0,4.0,0.0,0.0,0.0,0.0,0.0,0.0,0.0,0.0,3.0,12.0,1.0,12.14,5.01,2.51,1.49,0.0,0.0,0.0,361.3,0.0,0.1,0.6000000000000001,1.5,-169.60000000000002,0.0,0.0,169.60000000000002,0.0,21.8,28.9,28.9,30.9,300.0,300.0,31.8,35.9,28.8,28.1,29.9,4.96,2.0,4.96,0.16,0.0,0.0,1027.0,8228.0,0.0,0.0,0.0,0.0,0.0,1.0,0.0,0.0,0.0,0.0,0.0,1.8,0.0,-1.2000000000000002,0.0,0.0,16.0,25903.0
2026-07-30T19:03:44.929Z,394.412,394.428,0.0,7.4,0.0,0.0,0.0,0.0,0.0,0.0,0.0,0.0,1.0,0.0,0.0,0.0,9.0,4.0,0.0,0.0,0.0,0.0,0.0,0.0,0.0,0.0,5.0,12.0,1.0,12.14,5.01,2.51,1.49,0.0,0.0,0.0,361.3,0.0,-0.9,-0.5,-0.7000000000000001,-169.60000000000002,0.0,0.0,169.60000000000002,0.0,21.8,28.9,28.9,30.9,300.0,300.0,31.8,35.9,28.8,28.1,29.9,4.96,1.99,4.97,0.16,0.0,0.0,1027.0,8228.0,0.0,0.0,0.0,0.0,0.0,1.0,0.0,0.0,0.0,0.0,0.0,-1.1,0.0,0.5,0.0,0.0,16.0,25903.0
2026-07-30T19:03:44.941Z,394.424,394.44,0.0,7.4,0.0,0.0,0.0,0.0,0.0,0.0,0.0,0.0,1.0,0.0,0.0,0.0,9.0,4.0,0.0,0.0,0.0,0.0,0.0,0.0,0.0,0.0,6.0,12.0,1.0,12.14,5.01,2.51,1.49,0.0,0.0,0.0,361.3,0.0,-0.3,-0.6000000000000001,-0.1,-169.60000000000002,0.0,0.0,169.60000000000002,0.0,21.8,28.9,28.9,30.9,300.0,300.0,31.8,35.9,28.8,28.1,29.9,4.95,1.99,4.97,0.16,0.0,0.0,1027.0,8228.0,0.0,0.0,0.0,0.0,0.0,1.0,0.0,0.0,0.0,0.0,0.0,-0.8,0.0,0.0,0.0,0.0,16.0,25903.0
2026-07-30T19:03:44.953Z,394.436,394.452,0.0,7.4,0.0,0.0,0.0,0.0,0.0,0.0,0.0,0.0,1.0,0.0,0.0,0.0,9.0,4.0,0.0,0.0,0.0,0.0,0.0,0.0,0.0,0.0,1.0,12.0,1.0,12.14,5.01,2.51,1.49,0.0,0.0,0.0,361.3,0.0,0.2,0.0,-0.7000000000000001,-169.60000000000002,0.0,0.0,169.70000000000002,0.0,21.8,28.9,28.9,30.9,300.0,300.0,31.8,35.9,28.8,28.1,29.9,4.96,1.99,4.96,0.15,0.0,0.0,1027.0,8228.0,0.0,0.0,0.0,0.0,0.0,1.0,0.0,0.0,0.0,0.0,0.0,-0.5,0.0,0.6000000000000001,0.0,0.0,16.0,25903.0
2026-07-30T19:03:44.965Z,394.448,394.464,0.0,7.4,0.0,0.0,0.0,0.0,0.0,0.0,0.0,0.0,1.0,0.0,0.0,0.0,9.0,4.0,0.0,0.0,0.0,0.0,0.0,0.0,0.0,0.0,3.0,12.0,1.0,12.14,5.01,2.51,1.49,0.0,0.0,0.0,361.2000000000001,0.0,0.2,-0.5,0.4,-169.60000000000002,0.0,0.0,169.70000000000002,0.0,21.8,28.9,28.9,30.9,300.0,300.0,31.8,35.9,28.8,28.1,29.9,4.95,2.0,4.97,0.15,0.0,0.0,1027.0,8228.0,0.0,0.0,0.0,0.0,0.0,1.0,0.0,0.0,0.0,0.0,0.0,-0.3,0.0,-0.5,0.0,0.0,16.0,25903.0
2026-07-30T19:03:44.977Z,394.46,394.476,0.0,7.4,0.0,0.0,0.0,0.0,0.0,0.0,0.0,0.0,1.0,0.0,0.0,0.0,9.0,4.0,0.0,0.0,0.0,0.0,0.0,0.0,0.0,0.0,4.0,12.0,1.0,12.14,5.01,2.51,1.49,0.0,0.0,0.0,361.3,0.0,0.8,1.1,1.5,-169.60000000000002,0.0,0.0,169.8,0.0,21.8,28.9,28.9,30.9,300.0,300.0,31.8,35.9,28.8,28.1,29.9,4.95,1.99,4.96,0.16,0.0,0.0,1027.0,8228.0,0.0,0.0,0.0,0.0,0.0,1.0,0.0,0.0,0.0,0.0,0.0,2.5,0.0,-1.1,0.0,0.0,16.0,25903.0
2026-07-30T19:03:44.990Z,394.473,394.488,0.0,7.4,0.0,0.0,0.0,0.0,0.0,0.0,0.0,0.0,1.0,0.0,0.0,0.0,9.0,4.0,0.0,0.0,0.0,0.0,0.0,0.0,0.0,0.0,6.0,12.0,1.0,12.14,5.01,2.51,1.49,0.0,0.0,0.0,361.3,0.0,0.8,0.6000000000000001,1.0,-169.60000000000002,0.0,0.0,169.70000000000002,0.0,21.8,28.9,28.9,30.9,300.0,300.0,31.8,35.9,28.8,28.1,29.9,4.96,2.0,4.96,0.16,0.0,0.0,1027.0,8228.0,0.0,0.0,0.0,0.0,0.0,1.0,0.0,0.0,0.0,0.0,0.0,1.4,0.0,-0.7000000000000001,0.0,0.0,16.0,25903.0
2026-07-30T19:03:45.001Z,394.484,394.5,0.0,7.4,0.0,0.0,0.0,0.0,0.0,0.0,0.0,0.0,1.0,0.0,0.0,0.0,9.0,4.0,0.0,0.0,0.0,0.0,0.0,0.0,0.0,0.0,1.0,12.0,1.0,12.14,5.01,2.51,1.49,0.0,0.1,0.0,361.3,0.0,0.8,0.7000000000000001,0.4,-169.60000000000002,0.0,0.0,169.70000000000002,0.0,21.8,28.9,28.9,30.9,300.0,300.0,31.8,35.9,28.8,28.1,29.9,4.95,2.0,4.97,0.16,0.0,0.0,1027.0,8228.0,0.0,0.0,0.0,0.0,0.0,1.0,0.0,0.0,0.0,0.0,0.0,1.1,0.0,-0.2,0.0,0.0,16.0,25903.0
2026-07-30T19:03:45.013Z,394.496,394.512,0.0,7.4,0.0,0.0,0.0,0.0,0.0,0.0,0.0,0.0,1.0,0.0,0.0,0.0,9.0,4.0,0.0,0.0,0.0,0.0,0.0,0.0,0.0,0.0,2.0,12.0,1.0,12.14,5.01,2.51,1.49,0.0,0.0,0.0,361.3,0.0,0.3,0.7000000000000001,0.0,-169.60000000000002,0.0,0.0,169.70000000000002,0.0,21.8,28.9,28.9,30.9,300.0,300.0,31.8,35.9,28.8,28.1,29.9,4.95,1.99,4.97,0.16,0.0,0.0,1027.0,8228.0,0.0,0.0,0.0,0.0,0.0,1.0,0.0,0.0,0.0,0.0,0.0,0.8,0.0,0.2,0.0,0.0,16.0,25903.0
2026-07-30T19:03:45.025Z,394.508,394.524,0.0,7.4,0.0,0.0,0.0,0.0,0.0,0.0,0.0,0.0,1.0,0.0,0.0,0.0,9.0,4.0,0.0,0.0,0.0,0.0,0.0,0.0,0.0,0.0,4.0,12.0,1.0,12.18,5.0200000000000005,2.51,1.49,0.0,0.0,0.0,361.3,0.0,-0.2,0.1,0.0,-169.60000000000002,0.0,0.0,169.60000000000002,0.0,21.4,28.9,28.9,30.9,300.0,300.0,31.8,35.9,28.8,28.1,29.9,4.95,1.99,4.96,0.16,0.0,0.0,1027.0,8228.0,0.0,0.0,0.0,0.0,0.0,1.0,0.0,0.0,0.0,0.0,0.0,0.1,0.0,0.1,0.0,0.0,16.0,25903.0
2026-07-30T19:03:45.038Z,394.521,394.536,0.0,7.4,0.0,0.0,0.0,0.0,0.0,0.0,0.0,0.0,1.0,0.0,0.0,0.0,9.0,4.0,0.0,0.0,0.0,0.0,0.0,0.0,0.0,0.0,5.0,12.0,1.0,12.18,5.0200000000000005,2.51,1.49,0.0,0.0,0.0,361.3,0.0,-0.2,0.1,1.0,-169.60000000000002,0.0,0.0,169.70000000000002,0.0,21.4,28.9,28.9,30.9,300.0,300.0,31.8,35.9,28.8,28.1,29.9,4.96,1.99,4.96,0.16,0.0,0.0,1027.0,8228.0,0.0,0.0,0.0,0.0,0.0,1.0,0.0,0.0,0.0,0.0,0.0,0.9,0.0,-0.8,0.0,0.0,16.0,25903.0
2026-07-30T19:03:45.049Z,394.532,394.548,0.0,7.4,0.0,0.0,0.0,0.0,0.0,0.0,0.0,0.0,1.0,0.0,0.0,0.0,9.0,4.0,0.0,0.0,0.0,0.0,0.0,0.0,0.0,0.0,1.0,12.0,1.0,12.18,5.0200000000000005,2.51,1.49,0.0,0.0,0.0,361.2000000000001,0.0,-0.2,-0.9,-0.6000000000000001,-169.60000000000002,0.0,0.0,169.70000000000002,0.0,21.4,28.9,28.9,30.9,300.0,300.0,31.8,35.9,28.8,28.1,29.9,4.95,1.99,4.97,0.16,0.0,0.0,1027.0,8228.0,0.0,0.0,0.0,0.0,0.0,1.0,0.0,0.0,0.0,0.0,0.0,-1.6,0.0,0.3,0.0,0.0,16.0,25903.0
2026-07-30T19:03:45.061Z,394.544,394.56,0.0,7.4,0.0,0.0,0.0,0.0,0.0,0.0,0.0,0.0,1.0,0.0,0.0,0.0,9.0,4.0,0.0,0.0,0.0,0.0,0.0,0.0,0.0,0.0,2.0,12.0,1.0,12.18,5.0200000000000005,2.51,1.49,0.0,0.0,0.0,361.3,0.0,0.3,0.2,1.7000000000000002,-169.60000000000002,0.0,0.0,169.8,0.0,21.4,28.9,28.9,30.9,300.0,300.0,31.8,35.9,28.8,28.1,29.9,4.96,1.99,4.97,0.16,0.0,0.0,1027.0,8228.0,0.0,0.0,0.0,0.0,0.0,1.0,0.0,0.0,0.0,0.0,0.0,1.5,0.0,-1.4,0.0,0.0,16.0,25903.0
2026-07-30T19:03:45.073Z,394.556,394.572,0.0,7.4,0.0,0.0,0.0,0.0,0.0,0.0,0.0,0.0,1.0,0.0,0.0,0.0,9.0,4.0,0.0,0.0,0.0,0.0,0.0,0.0,0.0,0.0,4.0,12.0,1.0,12.18,5.0200000000000005,2.51,1.49,0.0,0.0,0.0,361.3,0.0,0.9,0.2,-0.6000000000000001,-169.60000000000002,0.0,0.0,169.70000000000002,0.0,21.4,28.9,28.9,30.9,300.0,300.0,31.8,35.9,28.8,28.1,29.9,4.96,2.0,4.97,0.16,0.0,0.0,1027.0,8228.0,0.0,0.0,0.0,0.0,0.0,1.0,0.0,0.0,0.0,0.0,0.0,-0.2,0.0,0.6000000000000001,0.0,0.0,16.0,25903.0
2026-07-30T19:03:45.085Z,394.568,394.584,0.0,7.4,0.0,0.0,0.0,0.0,0.0,0.0,0.0,0.0,1.0,0.0,0.0,0.0,9.0,4.0,0.0,0.0,0.0,0.0,0.0,0.0,0.0,0.0,5.0,12.0,1.0,12.18,5.0200000000000005,2.51,1.49,-0.1,0.0,0.0,361.3,0.0,-0.3,1.3,1.0,-169.60000000000002,0.0,0.0,169.70000000000002,0.0,21.4,28.9,28.9,30.9,300.0,300.0,31.8,35.9,28.8,28.1,29.9,4.95,1.99,4.97,0.16,0.0,0.0,1027.0,8228.0,0.0,0.0,0.0,0.0,0.0,1.0,0.0,0.0,0.0,0.0,0.0,2.3000000000000003,0.0,-0.6000000000000001,0.0,0.0,16.0,25903.0
2026-07-30T19:03:45.097Z,394.58,394.596,0.0,7.4,0.0,0.0,0.0,0.0,0.0,0.0,0.0,0.0,1.0,0.0,0.0,0.0,9.0,4.0,0.0,0.0,0.0,0.0,0.0,0.0,0.0,0.0,6.0,12.0,1.0,12.18,5.0200000000000005,2.51,1.49,0.0,0.1,0.0,361.3,0.0,-0.3,0.2,1.0,-169.60000000000002,0.0,0.0,169.70000000000002,0.0,21.4,28.9,28.9,30.9,300.0,300.0,31.8,35.9,28.8,28.1,29.9,4.96,1.99,4.97,0.16,0.0,0.0,1027.0,8228.0,0.0,0.0,0.0,0.0,0.0,1.0,0.0,0.0,0.0,0.0,0.0,1.0,0.0,-0.8,0.0,0.0,16.0,25903.0
2026-07-30T19:03:45.109Z,394.592,394.608,0.0,7.4,0.0,0.0,0.0,0.0,0.0,0.0,0.0,0.0,1.0,0.0,0.0,0.0,9.0,4.0,0.0,0.0,0.0,0.0,0.0,0.0,0.0,0.0,2.0,12.0,1.0,12.18,5.0200000000000005,2.51,1.49,0.0,0.1,0.0,361.3,0.0,-0.2,-0.9,0.0,-169.60000000000002,0.0,0.0,169.8,0.0,21.4,28.9,28.9,30.9,300.0,300.0,31.8,35.9,28.8,28.1,29.9,4.96,1.99,4.97,0.16,0.0,0.0,1027.0,8228.0,0.0,0.0,0.0,0.0,0.0,1.0,0.0,0.0,0.0,0.0,0.0,-1.0,0.0,-0.1,0.0,0.0,16.0,25903.0
2026-07-30T19:03:45.123Z,394.606,394.62,0.0,7.4,0.0,0.0,0.0,0.0,0.0,0.0,0.0,0.0,1.0,0.0,0.0,0.0,9.0,4.0,0.0,0.0,0.0,0.0,0.0,0.0,0.0,0.0,3.0,12.0,1.0,12.18,5.0200000000000005,2.5,1.49,0.0,0.0,0.0,361.3,0.0,0.2,-0.3,0.0,-169.60000000000002,0.0,0.0,169.60000000000002,0.0,21.4,28.9,28.9,30.9,300.0,300.0,31.6,35.9,28.8,28.0,29.9,4.96,1.99,4.97,0.16,0.0,0.0,1027.0,8228.0,0.0,0.0,0.0,0.0,0.0,1.0,0.0,0.0,0.0,0.0,0.0,-0.4,0.0,0.0,0.0,0.0,16.0,25903.0
2026-07-30T19:03:45.133Z,394.616,394.632,0.0,7.4,0.0,0.0,0.0,0.0,0.0,0.0,0.0,0.0,1.0,0.0,0.0,0.0,9.0,4.0,0.0,0.0,0.0,0.0,0.0,0.0,0.0,0.0,4.0,12.0,1.0,12.18,5.0200000000000005,2.5,1.49,0.0,0.0,0.0,361.4,0.0,-0.8,0.2,0.0,-169.60000000000002,0.0,0.0,169.70000000000002,0.0,21.4,28.9,28.9,30.9,300.0,300.0,31.6,35.9,28.8,28.0,29.9,4.95,2.0,4.97,0.16,0.0,0.0,1027.0,8228.0,0.0,0.0,0.0,0.0,0.0,1.0,0.0,0.0,0.0,0.0,0.0,0.1,0.0,0.1,0.0,0.0,16.0,25903.0
2026-07-30T19:03:45.146Z,394.629,394.644,0.0,7.4,0.0,0.0,0.0,0.0,0.0,0.0,0.0,0.0,1.0,0.0,0.0,0.0,9.0,4.0,0.0,0.0,0.0,0.0,0.0,0.0,0.0,0.0,6.0,12.0,1.0,12.18,5.0200000000000005,2.5,1.49,0.0,0.0,0.0,361.3,0.0,0.2,0.2,1.0,-169.60000000000002,0.0,0.0,169.60000000000002,0.0,21.4,28.9,28.9,30.9,300.0,300.0,31.6,35.9,28.8,28.0,29.9,4.96,2.0,4.96,0.16,0.0,0.0,1027.0,8228.0,0.0,0.0,0.0,0.0,0.0,1.0,0.0,0.0,0.0,0.0,0.0,1.1,0.0,-0.8,0.0,0.0,16.0,25903.0
2026-07-30T19:03:45.157Z,394.64,394.656,0.0,7.4,0.0,0.0,0.0,0.0,0.0,0.0,0.0,0.0,1.0,0.0,0.0,0.0,9.0,4.0,0.0,0.0,0.0,0.0,0.0,0.0,0.0,0.0,1.0,12.0,1.0,12.18,5.0200000000000005,2.5,1.49,0.0,0.0,0.0,361.2000000000001,0.0,0.2,0.2,0.4,-169.60000000000002,0.0,0.0,169.70000000000002,0.0,21.4,28.9,28.9,30.9,300.0,300.0,31.6,35.9,28.8,28.0,29.9,4.95,1.99,4.97,0.16,0.0,0.0,1027.0,8228.0,0.0,0.0,0.0,0.0,0.0,1.0,0.0,0.0,0.0,0.0,0.0,0.6000000000000001,0.0,-0.3,0.0,0.0,16.0,25903.0
2026-07-30T19:03:45.169Z,394.652,394.668,0.0,7.4,0.0,0.0,0.0,0.0,0.0,0.0,0.0,0.0,1.0,0.0,0.0,0.0,9.0,4.0,0.0,0.0,0.0,0.0,0.0,0.0,0.0,0.0,3.0,12.0,1.0,12.18,5.0200000000000005,2.5,1.49,0.0,0.0,0.0,361.3,0.0,0.8,0.2,-0.7000000000000001,-169.60000000000002,0.0,0.0,169.70000000000002,0.0,21.4,28.9,28.9,30.9,300.0,300.0,31.6,35.9,28.8,28.0,29.9,4.95,2.0,4.97,0.16,0.0,0.0,1027.0,8228.0,0.0,0.0,0.0,0.0,0.0,1.0,0.0,0.0,0.0,0.0,0.0,-0.3,0.0,0.6000000000000001,0.0,0.0,16.0,25903.0
2026-07-30T19:03:45.181Z,394.664,394.68,0.0,7.4,0.0,0.0,0.0,0.0,0.0,0.0,0.0,0.0,1.0,0.0,0.0,0.0,9.0,4.0,0.0,0.0,0.0,0.0,0.0,0.0,0.0,0.0,4.0,12.0,1.0,12.18,5.0200000000000005,2.5,1.49,0.0,0.0,0.0,361.3,0.0,0.7000000000000001,0.1,1.0,-169.60000000000002,0.0,0.0,169.60000000000002,0.0,21.4,28.9,28.9,30.9,300.0,300.0,31.6,35.9,28.8,28.0,29.9,4.96,2.0,4.97,0.16,0.0,0.0,1027.0,8228.0,0.0,0.0,0.0,0.0,0.0,1.0,0.0,0.0,0.0,0.0,0.0,0.9,0.0,-0.8,0.0,0.0,16.0,25903.0
2026-07-30T19:03:45.193Z,394.676,394.692,0.0,7.4,0.0,0.0,0.0,0.0,0.0,0.0,0.0,0.0,1.0,0.0,0.0,0.0,9.0,4.0,0.0,0.0,0.0,0.0,0.0,0.0,0.0,0.0,5.0,12.0,1.0,12.18,5.0200000000000005,2.5,1.49,0.0,0.0,0.0,361.3,0.0,-0.3,0.1,-1.2000000000000002,-169.60000000000002,0.0,0.0,169.70000000000002,0.0,21.4,28.9,28.9,30.9,300.0,300.0,31.6,35.9,28.8,28.0,29.9,4.96,2.0,4.96,0.16,0.0,0.0,1027.0,8228.0,0.0,0.0,0.0,0.0,0.0,1.0,0.0,0.0,0.0,0.0,0.0,-0.7000000000000001,0.0,1.1,0.0,0.0,16.0,25903.0
2026-07-30T19:03:45.206Z,394.689,394.704,0.0,7.4,0.0,0.0,0.0,0.0,0.0,0.0,0.0,0.0,1.0,0.0,0.0,0.0,9.0,4.0,0.0,0.0,0.0,0.0,0.0,0.0,0.0,0.0,6.0,12.0,1.0,12.18,5.0200000000000005,2.5,1.49,0.0,0.0,0.0,361.2000000000001,0.0,0.2,0.2,1.0,-169.60000000000002,0.0,0.0,169.70000000000002,0.0,21.4,28.9,28.9,30.9,300.0,300.0,31.6,35.9,28.8,28.0,29.9,4.95,1.99,4.97,0.16,0.0,0.0,1027.0,8228.0,0.0,0.0,0.0,0.0,0.0,1.0,0.0,0.0,0.0,0.0,0.0,1.0,0.0,-0.8,0.0,0.0,16.0,25903.0
2026-07-30T19:03:45.217Z,394.7,394.716,0.0,7.4,0.0,0.0,0.0,0.0,0.0,0.0,0.0,0.0,1.0,0.0,0.0,0.0,9.0,4.0,0.0,0.0,0.0,0.0,0.0,0.0,0.0,0.0,2.0,12.0,1.0,12.18,5.0200000000000005,2.5,1.49,0.0,0.0,0.0,361.3,0.0,-0.9,0.1,0.5,-169.60000000000002,0.0,0.0,169.70000000000002,0.0,21.4,28.9,28.9,30.9,300.0,300.0,31.6,35.9,28.8,28.0,29.9,4.95,1.99,4.97,0.16,0.0,0.0,1027.0,8228.0,0.0,0.0,0.0,0.0,0.0,1.0,0.0,0.0,0.0,0.0,0.0,-0.1,0.0,-0.5,0.0,0.0,16.0,25903.0
2026-07-30T19:03:45.229Z,394.712,394.728,0.0,7.4,0.0,0.0,0.0,0.0,0.0,0.0,0.0,0.0,1.0,0.0,0.0,0.0,9.0,4.0,0.0,0.0,0.0,0.0,0.0,0.0,0.0,0.0,3.0,12.0,1.0,12.17,5.01,2.51,1.49,0.0,0.0,0.0,361.3,0.0,-0.3,0.7000000000000001,-0.6000000000000001,-169.60000000000002,0.0,0.0,169.60000000000002,0.0,21.700000000000003,28.9,28.9,30.9,300.0,300.0,31.700000000000003,35.9,28.8,28.0,29.9,4.96,1.99,4.97,0.16,0.0,0.0,1027.0,8228.0,0.0,0.0,0.0,0.0,0.0,1.0,0.0,0.0,0.0,0.0,0.0,-0.5,0.0,0.0,0.0,0.0,16.0,25903.0
2026-07-30T19:03:45.241Z,394.724,394.74,0.0,7.4,0.0,0.0,0.0,0.0,0.0,0.0,0.0,0.0,1.0,0.0,0.0,0.0,9.0,4.0,0.0,0.0,0.0,0.0,0.0,0.0,0.0,0.0,4.0,12.0,1.0,12.17,5.01,2.51,1.49,0.0,0.0,0.0,361.3,0.0,0.2,1.3,2.2,-169.60000000000002,0.0,0.0,169.70000000000002,0.0,21.700000000000003,28.9,28.9,30.9,300.0,300.0,31.700000000000003,35.9,28.8,28.0,29.9,4.95,1.99,4.97,0.16,0.0,0.0,1027.0,8228.0,0.0,0.0,0.0,0.0,0.0,1.0,0.0,0.0,0.0,0.0,0.0,0.8,0.0,0.2,0.0,0.0,16.0,25903.0
2026-07-30T19:03:45.253Z,394.736,394.752,0.0,7.4,0.0,0.0,0.0,0.0,0.0,0.0,0.0,0.0,1.0,0.0,0.0,0.0,9.0,4.0,0.0,0.0,0.0,0.0,0.0,0.0,0.0,0.0,5.0,12.0,1.0,12.17,5.01,2.51,1.49,0.0,0.1,0.0,361.4,0.0,0.2,-0.4,0.0,-169.60000000000002,0.0,0.0,169.60000000000002,0.0,21.700000000000003,28.9,28.9,30.9,300.0,300.0,31.700000000000003,35.9,28.8,28.0,29.9,4.95,1.99,4.97,0.16,0.0,0.0,1027.0,8228.0,0.0,0.0,0.0,0.0,0.0,1.0,0.0,0.0,0.0,0.0,0.0,0.0,0.0,-0.5,0.0,0.0,16.0,25903.0
2026-07-30T19:03:45.265Z,394.748,394.764,0.0,7.4,0.0,0.0,0.0,0.0,0.0,0.0,0.0,0.0,1.0,0.0,0.0,0.0,9.0,4.0,0.0,0.0,0.0,0.0,0.0,0.0,0.0,0.0,6.0,12.0,1.0,12.17,5.01,2.51,1.49,0.0,0.0,0.0,361.4,0.0,0.8,0.7000000000000001,0.4,-169.60000000000002,0.0,0.0,169.70000000000002,0.0,21.700000000000003,28.9,28.9,30.9,300.0,300.0,31.700000000000003,35.9,28.8,28.0,29.9,4.95,2.0,4.96,0.16,0.0,0.0,1027.0,8228.0,0.0,0.0,0.0,0.0,0.0,1.0,0.0,0.0,0.0,0.0,0.0,1.2000000000000002,0.0,-0.2,0.0,0.0,16.0,25903.0
2026-07-30T19:03:45.277Z,394.76,394.776,0.0,7.4,0.0,0.0,0.0,0.0,0.0,0.0,0.0,0.0,1.0,0.0,0.0,0.0,9.0,4.0,0.0,0.0,0.0,0.0,0.0,0.0,0.0,0.0,1.0,12.0,1.0,12.17,5.01,2.51,1.49,0.0,0.0,0.0,361.3,0.0,0.2,0.7000000000000001,0.5,-169.60000000000002,0.0,0.0,169.70000000000002,0.0,21.700000000000003,28.9,28.9,30.9,300.0,300.0,31.700000000000003,35.9,28.8,28.0,29.9,4.96,1.99,4.96,0.16,0.0,0.0,1027.0,8228.0,0.0,0.0,0.0,0.0,0.0,1.0,0.0,0.0,0.0,0.0,0.0,1.2000000000000002,0.0,-0.2,0.0,0.0,16.0,25903.0
2026-07-30T19:03:45.289Z,394.772,394.788,0.0,7.4,0.0,0.0,0.0,0.0,0.0,0.0,0.0,0.0,1.0,0.0,0.0,0.0,9.0,4.0,0.0,0.0,0.0,0.0,0.0,0.0,0.0,0.0,3.0,12.0,1.0,12.17,5.01,2.51,1.49,0.0,0.0,0.0,361.4,0.0,-0.3,-0.3,0.0,-169.60000000000002,0.0,0.0,169.70000000000002,0.0,21.700000000000003,28.9,28.9,30.9,300.0,300.0,31.700000000000003,35.9,28.8,28.0,29.9,4.95,1.99,4.97,0.16,0.0,0.0,1027.0,8228.0,0.0,0.0,0.0,0.0,0.0,1.0,0.0,0.0,0.0,0.0,0.0,-0.4,0.0,0.0,0.0,0.0,16.0,25903.0
2026-07-30T19:03:45.302Z,394.785,394.8,0.0,7.4,0.0,0.0,0.0,0.0,0.0,0.0,0.0,0.0,1.0,0.0,0.0,0.0,9.0,4.0,0.0,0.0,0.0,0.0,0.0,0.0,0.0,0.0,4.0,12.0,1.0,12.17,5.01,2.51,1.49,0.0,0.0,0.0,361.3,0.0,-0.3,-0.9,0.5,-169.60000000000002,0.0,0.0,169.8,0.0,21.700000000000003,28.9,28.9,30.9,300.0,300.0,31.700000000000003,35.9,28.8,28.0,29.9,4.96,1.99,4.96,0.16,0.0,0.0,1027.0,8228.0,0.0,0.0,0.0,0.0,0.0,1.0,0.0,0.0,0.0,0.0,0.0,-0.7000000000000001,0.0,-0.6000000000000001,0.0,0.0,16.0,25903.0
2026-07-30T19:03:45.313Z,394.796,394.812,0.0,7.4,0.0,0.0,0.0,0.0,0.0,0.0,0.0,0.0,1.0,0.0,0.0,0.0,9.0,4.0,0.0,0.0,0.0,0.0,0.0,0.0,0.0,0.0,5.0,12.0,1.0,12.17,5.01,2.51,1.49,0.0,0.0,0.0,361.3,0.0,0.8,0.7000000000000001,1.7000000000000002,-169.60000000000002,0.0,0.0,169.60000000000002,0.0,21.700000000000003,28.9,28.9,30.9,300.0,300.0,31.700000000000003,35.9,28.8,28.0,29.9,4.96,1.99,4.96,0.16,0.0,0.0,1027.0,8228.0,0.0,0.0,0.0,0.0,0.0,1.0,0.0,0.0,0.0,0.0,0.0,2.1,0.0,-1.3,0.0,0.0,16.0,25903.0
2026-07-30T19:03:45.326Z,394.809,394.824,0.0,7.4,0.0,0.0,0.0,0.0,0.0,0.0,0.0,0.0,1.0,0.0,0.0,0.0,9.0,4.0,0.0,0.0,0.0,0.0,0.0,0.0,0.0,0.0,1.0,12.0,1.0,12.17,5.01,2.51,1.49,0.0,0.0,0.0,361.3,0.0,-0.3,0.7000000000000001,-0.6000000000000001,-169.60000000000002,0.0,0.0,169.60000000000002,0.0,21.3,28.9,28.9,30.9,300.0,300.0,31.700000000000003,35.9,28.8,28.0,29.9,4.95,1.99,4.96,0.16,0.0,0.0,1027.0,8228.0,0.0,0.0,0.0,0.0,0.0,1.0,0.0,0.0,0.0,0.0,0.0,0.3,0.0,0.6000000000000001,0.0,0.0,16.0,25903.0
2026-07-30T19:03:45.337Z,394.82,394.836,0.0,7.4,0.0,0.0,0.0,0.0,0.0,0.0,0.0,0.0,1.0,0.0,0.0,0.0,9.0,4.0,0.0,0.0,0.0,0.0,0.0,0.0,0.0,0.0,2.0,12.0,1.0,12.17,5.01,2.51,1.49,0.0,0.0,0.0,361.4,0.0,0.2,-0.4,0.0,-169.60000000000002,0.0,0.0,169.70000000000002,0.0,21.3,28.9,28.9,30.9,300.0,300.0,31.700000000000003,35.9,28.8,28.0,29.9,4.95,1.99,4.96,0.16,0.0,0.0,1027.0,8228.0,0.0,0.0,0.0,0.0,0.0,1.0,0.0,0.0,0.0,0.0,0.0,-0.5,0.0,0.0,0.0,0.0,16.0,25903.0
2026-07-30T19:03:45.349Z,394.832,394.848,0.0,7.4,0.0,0.0,0.0,0.0,0.0,0.0,0.0,0.0,1.0,0.0,0.0,0.0,9.0,4.0,0.0,0.0,0.0,0.0,0.0,0.0,0.0,0.0,3.0,12.0,1.0,12.17,5.01,2.51,1.49,0.0,0.0,0.0,361.4,0.0,-0.3,-0.4,0.5,-169.60000000000002,0.0,0.0,169.70000000000002,0.0,21.3,28.9,28.9,30.9,300.0,300.0,31.700000000000003,35.9,28.8,28.0,29.9,4.96,2.0,4.96,0.16,0.0,0.0,1027.0,8228.0,0.0,0.0,0.0,0.0,0.0,1.0,0.0,0.0,0.0,0.0,0.0,0.0,0.0,-0.5,0.0,0.0,16.0,25903.0
2026-07-30T19:03:45.361Z,394.844,394.86,0.0,7.4,0.0,0.0,0.0,0.0,0.0,0.0,0.0,0.0,1.0,0.0,0.0,0.0,9.0,4.0,0.0,0.0,0.0,0.0,0.0,0.0,0.0,0.0,5.0,12.0,1.0,12.17,5.01,2.51,1.49,0.0,0.0,0.0,361.3,0.0,0.2,0.1,0.0,-169.60000000000002,0.0,0.0,169.70000000000002,0.0,21.3,28.9,28.9,30.9,300.0,300.0,31.700000000000003,35.9,28.8,28.0,29.9,4.96,1.99,4.97,0.16,0.0,0.0,1027.0,8228.0,0.0,0.0,0.0,0.0,0.0,1.0,0.0,0.0,0.0,0.0,0.0,0.1,0.0,0.0,0.0,0.0,16.0,25903.0
2026-07-30T19:03:45.373Z,394.856,394.872,0.0,7.4,0.0,0.0,0.0,0.0,0.0,0.0,0.0,0.0,1.0,0.0,0.0,0.0,9.0,4.0,0.0,0.0,0.0,0.0,0.0,0.0,0.0,0.0,6.0,12.0,1.0,12.17,5.01,2.51,1.49,0.0,0.0,0.0,361.4,0.0,0.8,0.7000000000000001,1.6,-169.60000000000002,0.0,0.0,169.60000000000002,0.0,21.3,28.9,28.9,30.9,300.0,300.0,31.700000000000003,35.9,28.8,28.0,29.9,4.95,1.99,4.97,0.16,0.0,0.0,1027.0,8228.0,0.0,0.0,0.0,0.0,0.0,1.0,0.0,0.0,0.0,0.0,0.0,2.0,0.0,-1.2000000000000002,0.0,0.0,16.0,25903.0
2026-07-30T19:03:45.385Z,394.868,394.884,0.0,7.4,0.0,0.0,0.0,0.0,0.0,0.0,0.0,0.0,1.0,0.0,0.0,0.0,9.0,4.0,0.0,0.0,0.0,0.0,0.0,0.0,0.0,0.0,1.0,12.0,1.0,12.17,5.01,2.51,1.49,0.0,0.1,0.0,361.3,0.0,0.2,-0.4,-1.3,-169.60000000000002,0.0,0.0,169.70000000000002,0.0,21.3,28.9,28.9,30.9,300.0,300.0,31.700000000000003,35.9,28.8,28.0,29.9,4.96,1.99,4.96,0.16,0.0,0.0,1027.0,8228.0,0.0,0.0,0.0,0.0,0.0,1.0,0.0,0.0,0.0,0.0,0.0,-1.4,0.0,1.0,0.0,0.0,16.0,25903.0
2026-07-30T19:03:45.397Z,394.88,394.896,0.0,7.4,0.0,0.0,0.0,0.0,0.0,0.0,0.0,0.0,1.0,0.0,0.0,0.0,9.0,4.0,0.0,0.0,0.0,0.0,0.0,0.0,0.0,0.0,3.0,12.0,1.0,12.17,5.01,2.51,1.49,0.0,0.0,0.0,361.3,0.0,-0.2,-0.4,-0.7000000000000001,-169.60000000000002,0.0,0.0,169.60000000000002,0.0,21.3,28.9,28.9,30.9,300.0,300.0,31.700000000000003,35.9,28.8,28.0,29.9,4.95,1.99,4.96,0.16,0.0,0.0,1027.0,8228.0,0.0,0.0,0.0,0.0,0.0,1.0,0.0,0.0,0.0,0.0,0.0,-1.0,0.0,0.5,0.0,0.0,16.0,25903.0
2026-07-30T19:03:45.409Z,394.892,394.908,0.0,7.4,0.0,0.0,0.0,0.0,0.0,0.0,0.0,0.0,1.0,0.0,0.0,0.0,9.0,4.0,0.0,0.0,0.0,0.0,0.0,0.0,0.0,0.0,4.0,12.0,1.0,12.17,5.01,2.51,1.49,0.0,0.0,0.0,361.3,0.0,-1.4,0.7000000000000001,-0.6000000000000001,-169.60000000000002,0.0,0.0,169.60000000000002,0.0,21.3,28.9,28.9,30.9,300.0,300.0,31.700000000000003,35.9,28.8,28.0,29.9,4.95,1.99,4.96,0.16,0.0,0.0,1027.0,8228.0,0.0,0.0,0.0,0.0,0.0,1.0,0.0,0.0,0.0,0.0,0.0,0.3,0.0,0.7000000000000001,0.0,0.0,16.0,25903.0
2026-07-30T19:03:45.421Z,394.904,394.92,0.0,7.4,0.0,0.0,0.0,0.0,0.0,0.0,0.0,0.0,1.0,0.0,0.0,0.0,9.0,4.0,0.0,0.0,0.0,0.0,0.0,0.0,0.0,0.0,5.0,12.0,1.0,12.17,5.01,2.51,1.49,0.0,0.0,0.0,361.3,0.0,0.8,0.7000000000000001,0.4,-169.60000000000002,0.0,0.0,169.60000000000002,0.0,21.3,28.9,28.9,30.9,300.0,300.0,31.700000000000003,35.9,28.8,28.0,29.9,4.95,1.99,4.96,0.16,0.0,0.0,1027.0,8228.0,0.0,0.0,0.0,0.0,0.0,1.0,0.0,0.0,0.0,0.0,0.0,1.1,0.0,-0.2,0.0,0.0,16.0,25903.0
2026-07-30T19:03:45.433Z,394.916,394.932,0.0,7.4,0.0,0.0,0.0,0.0,0.0,0.0,0.0,0.0,1.0,0.0,0.0,0.0,9.0,4.0,0.0,0.0,0.0,0.0,0.0,0.0,0.0,0.0,6.0,12.0,1.0,12.17,5.01,2.51,1.49,0.0,0.1,0.0,361.3,0.0,-0.8,-0.4,1.6,-169.60000000000002,0.0,0.0,169.60000000000002,0.0,21.700000000000003,28.9,28.9,30.9,300.0,300.0,31.6,35.800000000000004,28.8,28.0,29.9,4.95,1.99,4.96,0.16,0.0,0.0,1027.0,8228.0,0.0,0.0,0.0,0.0,0.0,1.0,0.0,0.0,0.0,0.0,0.0,0.7000000000000001,0.0,-1.5,0.0,0.0,16.0,25903.0
2026-07-30T19:03:45.445Z,394.928,394.944,0.0,7.4,0.0,0.0,0.0,0.0,0.0,0.0,0.0,0.0,1.0,0.0,0.0,0.0,9.0,4.0,0.0,0.0,0.0,0.0,0.0,0.0,0.0,0.0,1.0,12.0,1.0,12.17,5.01,2.51,1.49,0.0,0.0,0.0,361.3,0.0,0.2,-0.4,-1.2000000000000002,-169.60000000000002,0.0,0.0,169.70000000000002,0.0,21.700000000000003,28.9,28.9,30.9,300.0,300.0,31.6,35.800000000000004,28.8,28.0,29.9,4.96,1.99,4.97,0.16,0.0,0.0,1027.0,8228.0,0.0,0.0,0.0,0.0,0.0,1.0,0.0,0.0,0.0,0.0,0.0,-1.4,0.0,1.0,0.0,0.0,16.0,25903.0
2026-07-30T19:03:45.457Z,394.94,394.956,0.0,7.4,0.0,0.0,0.0,0.0,0.0,0.0,0.0,0.0,1.0,0.0,0.0,0.0,9.0,4.0,0.0,0.0,0.0,0.0,0.0,0.0,0.0,0.0,3.0,12.0,1.0,12.17,5.01,2.51,1.49,0.0,0.0,0.0,361.3,0.0,-0.2,1.2000000000000002,-0.1,-169.60000000000002,0.0,0.0,169.60000000000002,0.0,21.700000000000003,28.9,28.9,30.9,300.0,300.0,31.6,35.800000000000004,28.8,28.0,29.9,4.96,1.99,4.97,0.16,0.0,0.0,1027.0,8228.0,0.0,0.0,0.0,0.0,0.0,1.0,0.0,0.0,0.0,0.0,0.0,1.3,0.0,0.3,0.0,0.0,16.0,25903.0
2026-07-30T19:03:45.469Z,394.952,394.968,0.0,7.4,0.0,0.0,0.0,0.0,0.0,0.0,0.0,0.0,1.0,0.0,0.0,0.0,9.0,4.0,0.0,0.0,0.0,0.0,0.0,0.0,0.0,0.0,4.0,12.0,1.0,12.17,5.01,2.51,1.49,0.0,0.0,0.0,361.3,0.0,-0.2,1.2000000000000002,1.0,-169.60000000000002,0.0,0.0,169.60000000000002,0.0,21.700000000000003,28.9,28.9,30.9,300.0,300.0,31.6,35.800000000000004,28.8,28.0,29.9,4.96,1.99,4.97,0.16,0.0,0.0,1027.0,8228.0,0.0,0.0,0.0,0.0,0.0,1.0,0.0,0.0,0.0,0.0,0.0,2.2,0.0,-0.6000000000000001,0.0,0.0,16.0,25903.0
2026-07-30T19:03:45.481Z,394.964,394.98,0.0,7.4,0.0,0.0,0.0,0.0,0.0,0.0,0.0,0.0,1.0,0.0,0.0,0.0,9.0,4.0,0.0,0.0,0.0,0.0,0.0,0.0,0.0,0.0,6.0,12.0,1.0,12.17,5.01,2.51,1.49,0.0,0.0,0.0,361.3,0.0,-0.2,-0.4,0.4,-169.60000000000002,0.0,0.0,169.70000000000002,0.0,21.700000000000003,28.9,28.9,30.9,300.0,300.0,31.6,35.800000000000004,28.8,28.0,29.9,4.96,1.99,4.96,0.16,0.0,0.0,1027.0,8228.0,0.0,0.0,0.0,0.0,0.0,1.0,0.0,0.0,0.0,0.0,0.0,-0.1,0.0,-0.5,0.0,0.0,16.0,25903.0
2026-07-30T19:03:45.493Z,394.976,394.992,0.0,7.4,0.0,0.0,0.0,0.0,0.0,0.0,0.0,0.0,1.0,0.0,0.0,0.0,9.0,4.0,0.0,0.0,0.0,0.0,0.0,0.0,0.0,0.0,1.0,12.0,1.0,12.17,5.01,2.51,1.49,0.0,0.0,0.0,361.3,0.0,0.8,-0.4,-0.1,-169.60000000000002,0.0,0.0,169.60000000000002,0.0,21.700000000000003,28.9,28.9,30.9,300.0,300.0,31.6,35.800000000000004,28.8,28.0,29.9,4.95,1.99,4.96,0.16,0.0,0.0,1027.0,8228.0,0.0,0.0,0.0,0.0,0.0,1.0,0.0,0.0,0.0,0.0,0.0,-0.5,0.0,0.0,0.0,0.0,16.0,25903.0
2026-07-30T19:03:45.506Z,394.989,395.004,0.0,7.4,0.0,0.0,0.0,0.0,0.0,0.0,0.0,0.0,1.0,0.0,0.0,0.0,9.0,4.0,0.0,0.0,0.0,0.0,0.0,0.0,0.0,0.0,2.0,12.0,1.0,12.17,5.01,2.51,1.49,0.0,0.0,0.0,361.3,0.0,0.3,0.1,-0.1,-169.60000000000002,0.0,0.0,169.60000000000002,0.0,21.700000000000003,28.9,28.9,30.9,300.0,300.0,31.6,35.800000000000004,28.8,28.0,29.9,4.95,1.99,4.96,0.16,0.0,0.0,1027.0,8228.0,0.0,0.0,0.0,0.0,0.0,1.0,0.0,0.0,0.0,0.0,0.0,0.0,0.0,0.1,0.0,0.0,16.0,25903.0
2026-07-30T19:03:45.514Z,394.997,395.013,0.0,7.4,0.0,0.0,0.0,0.0,0.0,0.0,0.0,0.0,1.0,0.0,0.0,0.0,9.0,4.0,0.0,0.0,0.0,0.0,0.0,0.0,0.0,0.0,2.0,12.0,1.0,12.17,5.01,2.51,1.49,0.0,0.0,0.0,361.3,0.0,-0.2,0.7000000000000001,-1.3,-169.60000000000002,0.0,0.0,169.70000000000002,0.0,21.700000000000003,28.9,28.9,30.9,300.0,300.0,31.6,35.800000000000004,28.8,28.0,29.9,4.95,1.99,4.96,0.16,0.0,0.0,1027.0,8228.0,0.0,0.0,0.0,0.0,0.0,1.0,0.0,0.0,0.0,0.0,0.0,-0.1,0.0,1.3,0.0,0.0,16.0,25903.0
2026-07-30T19:03:45.528Z,395.011,395.025,0.0,7.4,0.0,0.0,0.0,0.0,0.0,0.0,0.0,0.0,1.0,0.0,0.0,0.0,9.0,4.0,0.0,0.0,0.0,0.0,0.0,0.0,0.0,0.0,3.0,12.0,1.0,12.17,5.0200000000000005,2.51,1.49,0.0,0.0,0.0,361.3,0.0,-0.2,-0.3,1.0,-169.60000000000002,0.0,0.0,169.60000000000002,0.0,21.700000000000003,28.9,28.9,30.9,300.0,300.0,31.700000000000003,35.800000000000004,28.8,28.0,29.9,4.95,1.99,4.97,0.16,0.0,0.0,1027.0,8228.0,0.0,0.0,0.0,0.0,0.0,1.0,0.0,0.0,0.0,0.0,0.0,0.3,0.0,-1.0,0.0,0.0,16.0,25903.0
2026-07-30T19:03:45.535Z,395.018,395.034,0.0,7.4,0.0,0.0,0.0,0.0,0.0,0.0,0.0,0.0,1.0,0.0,0.0,0.0,9.0,4.0,0.0,0.0,0.0,0.0,0.0,0.0,0.0,0.0,2.0,12.0,1.0,12.17,5.0200000000000005,2.51,1.49,0.0,0.0,0.0,361.3,0.0,0.9,0.1,-0.6000000000000001,-169.60000000000002,0.0,0.0,169.60000000000002,0.0,21.700000000000003,28.9,28.9,30.9,300.0,300.0,31.700000000000003,35.800000000000004,28.8,28.0,29.9,4.95,1.99,4.97,0.16,0.0,0.0,1027.0,8228.0,0.0,0.0,0.0,0.0,0.0,1.0,0.0,0.0,0.0,0.0,0.0,-0.3,0.0,0.6000000000000001,0.0,0.0,16.0,25903.0
2026-07-30T19:03:45.548Z,395.031,395.046,0.0,7.4,0.0,0.0,0.0,0.0,0.0,0.0,0.0,0.0,1.0,0.0,0.0,0.0,9.0,4.0,0.0,0.0,0.0,0.0,0.0,0.0,0.0,0.0,3.0,12.0,1.0,12.17,5.0200000000000005,2.51,1.49,0.0,0.0,0.0,361.4,0.0,0.3,0.2,0.0,-169.60000000000002,0.0,0.0,169.60000000000002,0.0,21.700000000000003,28.9,28.9,30.9,300.0,300.0,31.700000000000003,35.800000000000004,28.8,28.0,29.9,4.96,1.99,4.97,0.16,0.0,0.0,1027.0,8228.0,0.0,0.0,0.0,0.0,0.0,1.0,0.0,0.0,0.0,0.0,0.0,0.2,0.0,0.1,0.0,0.0,16.0,25903.0
2026-07-30T19:03:45.560Z,395.043,395.058,0.0,7.4,0.0,0.0,0.0,0.0,0.0,0.0,0.0,0.0,1.0,0.0,0.0,0.0,9.0,4.0,0.0,0.0,0.0,0.0,0.0,0.0,0.0,0.0,4.0,12.0,1.0,12.17,5.0200000000000005,2.51,1.49,0.0,0.0,0.0,361.4,0.0,0.3,1.4,0.5,-169.60000000000002,0.0,0.0,169.60000000000002,0.0,21.700000000000003,28.9,28.9,30.9,300.0,300.0,31.700000000000003,35.800000000000004,28.8,28.0,29.9,4.96,1.99,4.96,0.16,0.0,0.0,1027.0,8228.0,0.0,0.0,0.0,0.0,0.0,1.0,0.0,0.0,0.0,0.0,0.0,2.0,0.0,-0.1,0.0,0.0,16.0,25903.0
2026-07-30T19:03:45.571Z,395.054,395.07,0.0,7.4,0.0,0.0,0.0,0.0,0.0,0.0,0.0,0.0,1.0,0.0,0.0,0.0,9.0,4.0,0.0,0.0,0.0,0.0,0.0,0.0,0.0,0.0,5.0,12.0,1.0,12.17,5.0200000000000005,2.51,1.49,0.0,0.0,0.0,361.3,0.0,-0.7000000000000001,0.2,-0.7000000000000001,-169.60000000000002,0.0,0.0,169.60000000000002,0.0,21.700000000000003,28.9,28.9,30.9,300.0,300.0,31.700000000000003,35.800000000000004,28.8,28.0,29.9,4.95,1.99,4.96,0.16,0.0,0.0,1027.0,8228.0,0.0,0.0,0.0,0.0,0.0,1.0,0.0,0.0,0.0,0.0,0.0,-0.2,0.0,0.6000000000000001,0.0,0.0,16.0,25903.0
2026-07-30T19:03:45.583Z,395.066,395.082,0.0,7.4,0.0,0.0,0.0,0.0,0.0,0.0,0.0,0.0,1.0,0.0,0.0,0.0,9.0,4.0,0.0,0.0,0.0,0.0,0.0,0.0,0.0,0.0,6.0,12.0,1.0,12.17,5.0200000000000005,2.51,1.49,0.0,0.0,0.0,361.3,0.0,-0.2,-0.4,0.4,-169.60000000000002,0.0,0.0,169.60000000000002,0.0,21.700000000000003,28.9,28.9,30.9,300.0,300.0,31.700000000000003,35.800000000000004,28.8,28.0,29.9,4.95,1.99,4.96,0.16,0.0,0.0,1027.0,8228.0,0.0,0.0,0.0,0.0,0.0,1.0,0.0,0.0,0.0,0.0,0.0,-0.1,0.0,-0.4,0.0,0.0,16.0,25903.0
2026-07-30T19:03:45.595Z,395.078,395.094,0.0,7.4,0.0,0.0,0.0,0.0,0.0,0.0,0.0,0.0,1.0,0.0,0.0,0.0,9.0,4.0,0.0,0.0,0.0,0.0,0.0,0.0,0.0,0.0,2.0,12.0,1.0,12.17,5.0200000000000005,2.51,1.49,0.0,0.0,0.0,361.3,0.0,0.3,0.7000000000000001,-0.7000000000000001,-169.60000000000002,0.0,0.0,169.60000000000002,0.0,21.700000000000003,28.9,28.9,30.9,300.0,300.0,31.700000000000003,35.800000000000004,28.8,28.0,29.9,4.96,1.99,4.96,0.16,0.0,0.0,1027.0,8228.0,0.0,0.0,0.0,0.0,0.0,1.0,0.0,0.0,0.0,0.0,0.0,0.2,0.0,0.8,0.0,0.0,16.0,25903.0
2026-07-30T19:03:45.608Z,395.091,395.106,0.0,7.4,0.0,0.0,0.0,0.0,0.0,0.0,0.0,0.0,1.0,0.0,0.0,0.0,9.0,4.0,0.0,0.0,0.0,0.0,0.0,0.0,0.0,0.0,3.0,12.0,1.0,12.17,5.0200000000000005,2.51,1.49,-0.1,0.1,0.0,361.2000000000001,0.0,-0.2,-1.0,-1.8,-169.60000000000002,0.0,0.0,169.60000000000002,0.0,21.700000000000003,28.9,28.9,30.9,300.0,300.0,31.700000000000003,35.800000000000004,28.8,28.0,29.9,4.95,1.99,4.97,0.16,0.0,0.0,1027.0,8228.0,0.0,0.0,0.0,0.0,0.0,1.0,0.0,0.0,0.0,0.0,0.0,-2.5,0.0,1.4,0.0,0.0,16.0,25903.0
2026-07-30T19:03:45.619Z,395.102,395.118,0.0,7.4,0.0,0.0,0.0,0.0,0.0,0.0,0.0,0.0,1.0,0.0,0.0,0.0,9.0,4.0,0.0,0.0,0.0,0.0,0.0,0.0,0.0,0.0,4.0,12.0,1.0,12.17,5.0200000000000005,2.51,1.49,0.0,0.0,0.0,361.3,0.0,-0.8,0.1,0.0,-169.60000000000002,0.0,0.0,169.60000000000002,0.0,21.700000000000003,28.9,28.9,30.9,300.0,300.0,31.700000000000003,35.800000000000004,28.8,28.0,29.9,4.96,1.99,4.96,0.16,0.0,0.0,1027.0,8228.0,0.0,0.0,0.0,0.0,0.0,1.0,0.0,0.0,0.0,0.0,0.0,0.1,0.0,0.0,0.0,0.0,16.0,25903.0
2026-07-30T19:03:45.631Z,395.114,395.13,0.0,7.4,0.0,0.0,0.0,0.0,0.0,0.0,0.0,0.0,1.0,0.0,0.0,0.0,9.0,4.0,0.0,0.0,0.0,0.0,0.0,0.0,0.0,0.0,6.0,12.0,1.0,12.15,5.0200000000000005,2.51,1.49,0.0,0.0,0.0,361.4,0.0,0.3,-0.4,0.0,-169.60000000000002,0.0,0.0,169.70000000000002,0.0,21.3,28.9,28.9,30.9,300.0,300.0,31.700000000000003,35.9,28.8,28.1,29.9,4.96,1.99,4.97,0.16,0.0,0.0,1027.0,8228.0,0.0,0.0,0.0,0.0,0.0,1.0,0.0,0.0,0.0,0.0,0.0,-0.5,0.0,0.0,0.0,0.0,16.0,25903.0
2026-07-30T19:03:45.643Z,395.126,395.142,0.0,7.4,0.0,0.0,0.0,0.0,0.0,0.0,0.0,0.0,1.0,0.0,0.0,0.0,9.0,4.0,0.0,0.0,0.0,0.0,0.0,0.0,0.0,0.0,2.0,12.0,1.0,12.15,5.0200000000000005,2.51,1.49,0.0,0.0,0.0,361.3,0.0,-0.2,0.7000000000000001,0.0,-169.60000000000002,0.0,0.0,169.60000000000002,0.0,21.3,28.9,28.9,30.9,300.0,300.0,31.700000000000003,35.9,28.8,28.1,29.9,4.96,1.99,4.97,0.16,0.0,0.0,1027.0,8228.0,0.0,0.0,0.0,0.0,0.0,1.0,0.0,0.0,0.0,0.0,0.0,0.7000000000000001,0.0,0.2,0.0,0.0,16.0,25903.0
2026-07-30T19:03:45.656Z,395.139,395.154,0.0,7.4,0.0,0.0,0.0,0.0,0.0,0.0,0.0,0.0,1.0,0.0,0.0,0.0,9.0,4.0,0.0,0.0,0.0,0.0,0.0,0.0,0.0,0.0,3.0,12.0,1.0,12.15,5.0200000000000005,2.51,1.49,0.0,0.0,0.0,361.4,0.0,-0.2,-0.4,-0.6000000000000001,-169.60000000000002,0.0,0.0,169.60000000000002,0.0,21.3,28.9,28.9,30.9,300.0,300.0,31.700000000000003,35.9,28.8,28.1,29.9,4.96,1.99,4.97,0.16,0.0,0.0,1027.0,8228.0,0.0,0.0,0.0,0.0,0.0,1.0,0.0,0.0,0.0,0.0,0.0,-1.0,0.0,0.4,0.0,0.0,16.0,25903.0
2026-07-30T19:03:45.668Z,395.151,395.166,0.0,7.4,0.0,0.0,0.0,0.0,0.0,0.0,0.0,0.0,1.0,0.0,0.0,0.0,9.0,4.0,0.0,0.0,0.0,0.0,0.0,0.0,0.0,0.0,4.0,12.0,1.0,12.15,5.0200000000000005,2.51,1.49,0.0,0.0,0.0,361.3,0.0,-0.2,-0.4,0.4,-169.60000000000002,0.0,0.0,169.70000000000002,0.0,21.3,28.9,28.9,30.9,300.0,300.0,31.700000000000003,35.9,28.8,28.1,29.9,4.96,1.99,4.96,0.16,0.0,0.0,1027.0,8228.0,0.0,0.0,0.0,0.0,0.0,1.0,0.0,0.0,0.0,0.0,0.0,-0.1,0.0,-0.5,0.0,0.0,16.0,25903.0
2026-07-30T19:03:45.679Z,395.162,395.178,0.0,7.4,0.0,0.0,0.0,0.0,0.0,0.0,0.0,0.0,1.0,0.0,0.0,0.0,9.0,4.0,0.0,0.0,0.0,0.0,0.0,0.0,0.0,0.0,5.0,12.0,1.0,12.15,5.0200000000000005,2.51,1.49,0.0,0.0,0.0,361.3,0.0,0.3,0.0,-0.6000000000000001,-169.60000000000002,0.0,0.0,169.70000000000002,0.0,21.3,28.9,28.9,30.9,300.0,300.0,31.700000000000003,35.9,28.8,28.1,29.9,4.96,1.99,4.97,0.16,0.0,0.0,1027.0,8228.0,0.0,0.0,0.0,0.0,0.0,1.0,0.0,0.0,0.0,0.0,0.0,-0.4,0.0,0.6000000000000001,0.0,0.0,16.0,25903.0
2026-07-30T19:03:45.691Z,395.174,395.19,0.0,7.4,0.0,0.0,0.0,0.0,0.0,0.0,0.0,0.0,1.0,0.0,0.0,0.0,9.0,4.0,0.0,0.0,0.0,0.0,0.0,0.0,0.0,0.0,1.0,12.0,1.0,12.15,5.0200000000000005,2.51,1.49,0.0,0.0,0.0,361.3,0.0,0.3,0.0,-0.7000000000000001,-169.60000000000002,0.0,0.0,169.70000000000002,0.0,21.3,28.9,28.9,30.9,300.0,300.0,31.700000000000003,35.9,28.8,28.1,29.9,4.95,1.99,4.97,0.16,0.0,0.0,1027.0,8228.0,0.0,0.0,0.0,0.0,0.0,1.0,0.0,0.0,0.0,0.0,0.0,-0.4,0.0,0.6000000000000001,0.0,0.0,16.0,25903.0
2026-07-30T19:03:45.703Z,395.186,395.202,0.0,7.4,0.0,0.0,0.0,0.0,0.0,0.0,0.0,0.0,1.0,0.0,0.0,0.0,9.0,4.0,0.0,0.0,0.0,0.0,0.0,0.0,0.0,0.0,2.0,12.0,1.0,12.15,5.0200000000000005,2.51,1.49,0.0,0.0,0.0,361.3,0.0,-0.8,0.0,0.0,-169.60000000000002,0.0,0.0,169.8,0.0,21.3,28.9,28.9,30.9,300.0,300.0,31.700000000000003,35.9,28.8,28.1,29.9,4.96,1.99,4.96,0.16,0.0,0.0,1027.0,8228.0,0.0,0.0,0.0,0.0,0.0,1.0,0.0,0.0,0.0,0.0,0.0,-0.1,0.0,-0.5,0.0,0.0,16.0,25903.0
2026-07-30T19:03:45.715Z,395.198,395.214,0.0,7.4,0.0,0.0,0.0,0.0,0.0,0.0,0.0,0.0,1.0,0.0,0.0,0.0,9.0,4.0,0.0,0.0,0.0,0.0,0.0,0.0,0.0,0.0,3.0,12.0,1.0,12.15,5.0200000000000005,2.51,1.49,0.0,0.0,0.0,361.3,0.0,0.2,-0.5,-1.2000000000000002,-169.60000000000002,0.0,0.0,169.60000000000002,0.0,21.3,28.9,28.9,30.9,300.0,300.0,31.700000000000003,35.9,28.8,28.1,29.9,4.96,1.99,4.97,0.16,0.0,0.0,1027.0,8228.0,0.0,0.0,0.0,0.0,0.0,1.0,0.0,0.0,0.0,0.0,0.0,-1.5,0.0,1.0,0.0,0.0,16.0,25903.0
2026-07-30T19:03:45.727Z,395.21,395.226,0.0,7.4,0.0,0.0,0.0,0.0,0.0,0.0,0.0,0.0,1.0,0.0,0.0,0.0,9.0,4.0,0.0,0.0,0.0,0.0,0.0,0.0,0.0,0.0,4.0,12.0,1.0,12.15,5.0200000000000005,2.51,1.49,0.0,0.0,0.0,361.3,0.0,0.2,1.2000000000000002,1.0,-169.60000000000002,0.0,0.0,169.60000000000002,0.0,21.3,28.9,28.9,30.9,300.0,300.0,31.700000000000003,35.9,28.8,28.1,29.9,4.96,1.99,4.97,0.16,0.0,0.0,1027.0,8228.0,0.0,0.0,0.0,0.0,0.0,1.0,0.0,0.0,0.0,0.0,0.0,2.2,0.0,-0.6000000000000001,0.0,0.0,16.0,25903.0
2026-07-30T19:03:45.739Z,395.222,395.238,0.0,7.4,0.0,0.0,0.0,0.0,0.0,0.0,0.0,0.0,1.0,0.0,0.0,0.0,9.0,4.0,0.0,0.0,0.0,0.0,0.0,0.0,0.0,0.0,6.0,12.0,1.0,12.19,5.01,2.51,1.49,0.0,0.0,0.0,361.3,0.0,-0.3,0.6000000000000001,-0.1,-169.60000000000002,0.0,0.0,169.70000000000002,0.0,21.200000000000003,28.9,28.9,30.9,300.0,300.0,31.700000000000003,35.9,28.8,28.1,29.9,4.95,1.99,4.97,0.16,0.0,0.0,1027.0,8228.0,0.0,0.0,0.0,0.0,0.0,1.0,0.0,0.0,0.0,0.0,0.0,1.7000000000000002,0.0,-0.1,0.0,0.0,16.0,25903.0
2026-07-30T19:03:45.751Z,395.234,395.25,0.0,7.4,0.0,0.0,0.0,0.0,0.0,0.0,0.0,0.0,1.0,0.0,0.0,0.0,9.0,4.0,0.0,0.0,0.0,0.0,0.0,0.0,0.0,0.0,1.0,12.0,1.0,12.19,5.01,2.51,1.49,0.0,0.0,0.0,361.3,0.0,-0.8,0.7000000000000001,-0.1,-169.60000000000002,0.0,0.0,169.70000000000002,0.0,21.200000000000003,28.9,28.9,30.9,300.0,300.0,31.700000000000003,35.9,28.8,28.1,29.9,4.96,1.99,4.96,0.16,0.0,0.0,1027.0,8228.0,0.0,0.0,0.0,0.0,0.0,1.0,0.0,0.0,0.0,0.0,0.0,-0.1,0.0,-0.5,0.0,0.0,16.0,25903.0
2026-07-30T19:03:45.763Z,395.246,395.262,0.0,7.4,0.0,0.0,0.0,0.0,0.0,0.0,0.0,0.0,1.0,0.0,0.0,0.0,9.0,4.0,0.0,0.0,0.0,0.0,0.0,0.0,0.0,0.0,2.0,12.0,1.0,12.19,5.01,2.51,1.49,0.0,0.0,0.0,361.4,0.0,-0.9,-2.2,-0.1,-169.60000000000002,0.0,0.0,169.70000000000002,0.0,21.200000000000003,28.9,28.9,30.9,300.0,300.0,31.700000000000003,35.9,28.8,28.1,29.9,4.95,1.99,4.97,0.16,0.0,0.0,1027.0,8228.0,0.0,0.0,0.0,0.0,0.0,1.0,0.0,0.0,0.0,0.0,0.0,0.0,0.0,0.1,0.0,0.0,16.0,25903.0
2026-07-30T19:03:45.775Z,395.258,395.274,0.0,7.4,0.0,0.0,0.0,0.0,0.0,0.0,0.0,0.0,1.0,0.0,0.0,0.0,9.0,4.0,0.0,0.0,0.0,0.0,0.0,0.0,0.0,0.0,4.0,12.0,1.0,12.19,5.01,2.51,1.49,0.0,0.0,0.0,361.3,0.0,0.2,0.6000000000000001,1.0,-169.60000000000002,0.0,0.0,169.70000000000002,0.0,21.200000000000003,28.9,28.9,30.9,300.0,300.0,31.700000000000003,35.9,28.8,28.1,29.9,4.95,1.99,4.96,0.16,0.0,0.0,1027.0,8228.0,0.0,0.0,0.0,0.0,0.0,1.0,0.0,0.0,0.0,0.0,0.0,1.5,0.0,-0.7000000000000001,0.0,0.0,16.0,25903.0
2026-07-30T19:03:45.787Z,395.27,395.286,0.0,7.4,0.0,0.0,0.0,0.0,0.0,0.0,0.0,0.0,1.0,0.0,0.0,0.0,9.0,4.0,0.0,0.0,0.0,0.0,0.0,0.0,0.0,0.0,5.0,12.0,1.0,12.19,5.01,2.51,1.49,0.0,0.0,0.0,361.2000000000001,0.0,0.2,-1.0,-0.6000000000000001,-169.60000000000002,0.0,0.0,169.60000000000002,0.0,21.200000000000003,28.9,28.9,30.9,300.0,300.0,31.700000000000003,35.9,28.8,28.1,29.9,4.96,1.99,4.96,0.16,0.0,0.0,1027.0,8228.0,0.0,0.0,0.0,0.0,0.0,1.0,0.0,0.0,0.0,0.0,0.0,-1.6,0.0,0.3,0.0,0.0,16.0,25903.0
2026-07-30T19:03:45.799Z,395.282,395.298,0.0,7.4,0.0,0.0,0.0,0.0,0.0,0.0,0.0,0.0,1.0,0.0,0.0,0.0,9.0,4.0,0.0,0.0,0.0,0.0,0.0,0.0,0.0,0.0,6.0,12.0,1.0,12.19,5.01,2.51,1.49,0.0,0.0,0.0,361.4,0.0,-0.2,0.1,-0.6000000000000001,-169.60000000000002,0.0,0.0,169.60000000000002,0.0,21.200000000000003,28.9,28.9,30.9,300.0,300.0,31.700000000000003,35.9,28.8,28.1,29.9,4.96,1.99,4.96,0.16,0.0,0.0,1027.0,8228.0,0.0,0.0,0.0,0.0,0.0,1.0,0.0,0.0,0.0,0.0,0.0,-0.3,0.0,0.6000000000000001,0.0,0.0,16.0,25903.0
2026-07-30T19:03:45.811Z,395.294,395.31,0.0,7.4,0.0,0.0,0.0,0.0,0.0,0.0,0.0,0.0,1.0,0.0,0.0,0.0,9.0,4.0,0.0,0.0,0.0,0.0,0.0,0.0,0.0,0.0,1.0,12.0,1.0,12.19,5.01,2.51,1.49,0.0,0.0,0.0,361.4,0.0,0.3,-0.4,0.5,-169.60000000000002,0.0,0.0,169.70000000000002,0.0,21.200000000000003,28.9,28.9,30.9,300.0,300.0,31.700000000000003,35.9,28.8,28.1,29.9,4.95,1.99,4.97,0.16,0.0,0.0,1027.0,8228.0,0.0,0.0,0.0,0.0,0.0,1.0,0.0,0.0,0.0,0.0,0.0,0.0,0.0,-0.5,0.0,0.0,16.0,25903.0
2026-07-30T19:03:45.823Z,395.306,395.322,0.0,7.4,0.0,0.0,0.0,0.0,0.0,0.0,0.0,0.0,1.0,0.0,0.0,0.0,9.0,4.0,0.0,0.0,0.0,0.0,0.0,0.0,0.0,0.0,2.0,12.0,1.0,12.19,5.01,2.51,1.49,0.0,0.0,0.0,361.4,0.0,-0.2,1.2000000000000002,0.4,-169.60000000000002,0.0,0.0,169.70000000000002,0.0,21.200000000000003,28.9,28.9,30.9,300.0,300.0,31.700000000000003,35.9,28.8,28.1,29.9,4.95,1.99,4.96,0.16,0.0,0.0,1027.0,8228.0,0.0,0.0,0.0,0.0,0.0,1.0,0.0,0.0,0.0,0.0,0.0,1.8,0.0,-0.1,0.0,0.0,16.0,25903.0
2026-07-30T19:03:45.835Z,395.318,395.334,0.0,7.4,0.0,0.0,0.0,0.0,0.0,0.0,0.0,0.0,1.0,0.0,0.0,0.0,9.0,4.0,0.0,0.0,0.0,0.0,0.0,0.0,0.0,0.0,4.0,12.0,1.0,12.17,5.01,2.51,1.5,0.0,0.0,0.0,361.3,0.0,-0.2,0.1,1.6,-169.60000000000002,0.0,0.0,169.70000000000002,0.0,21.4,28.9,28.9,30.9,300.0,300.0,31.6,35.9,28.8,28.0,29.9,4.96,2.0,4.96,0.16,0.0,0.0,1027.0,8228.0,0.0,0.0,0.0,0.0,0.0,1.0,0.0,0.0,0.0,0.0,0.0,1.3,0.0,-1.4,0.0,0.0,16.0,25903.0
2026-07-30T19:03:45.847Z,395.33,395.346,0.0,7.4,0.0,0.0,0.0,0.0,0.0,0.0,0.0,0.0,1.0,0.0,0.0,0.0,9.0,4.0,0.0,0.0,0.0,0.0,0.0,0.0,0.0,0.0,5.0,12.0,1.0,12.17,5.01,2.51,1.5,0.0,0.0,0.0,361.4,0.0,0.3,0.1,-1.2000000000000002,-169.60000000000002,0.0,0.0,169.70000000000002,0.0,21.4,28.9,28.9,30.9,300.0,300.0,31.6,35.9,28.8,28.0,29.9,4.95,2.0,4.97,0.16,0.0,0.0,1027.0,8228.0,0.0,0.0,0.0,0.0,0.0,1.0,0.0,0.0,0.0,0.0,0.0,-0.7000000000000001,0.0,1.1,0.0,0.0,16.0,25903.0
2026-07-30T19:03:45.859Z,395.342,395.358,0.0,7.4,0.0,0.0,0.0,0.0,0.0,0.0,0.0,0.0,1.0,0.0,0.0,0.0,9.0,4.0,0.0,0.0,0.0,0.0,0.0,0.0,0.0,0.0,1.0,12.0,1.0,12.17,5.01,2.51,1.5,0.0,0.0,0.0,361.3,0.0,0.3,-1.0,-0.6000000000000001,-169.60000000000002,0.0,0.0,169.60000000000002,0.0,21.4,28.9,28.9,30.9,300.0,300.0,31.6,35.9,28.8,28.0,29.9,4.96,1.98,4.97,0.16,0.0,0.0,1027.0,8228.0,0.0,0.0,0.0,0.0,0.0,1.0,0.0,0.0,0.0,0.0,0.0,-1.6,0.0,0.3,0.0,0.0,16.0,25903.0
2026-07-30T19:03:45.871Z,395.354,395.37,0.0,7.4,0.0,0.0,0.0,0.0,0.0,0.0,0.0,0.0,1.0,0.0,0.0,0.0,9.0,4.0,0.0,0.0,0.0,0.0,0.0,0.0,0.0,0.0,2.0,12.0,1.0,12.17,5.01,2.51,1.5,0.0,0.0,0.0,361.3,0.0,-0.8,-0.4,-1.2000000000000002,-169.60000000000002,0.0,0.0,169.70000000000002,0.0,21.4,28.9,28.9,30.9,300.0,300.0,31.6,35.9,28.8,28.0,29.9,4.96,1.99,4.96,0.16,0.0,0.0,1027.0,8228.0,0.0,0.0,0.0,0.0,0.0,1.0,0.0,0.0,0.0,0.0,0.0,-1.4,0.0,0.9,0.0,0.0,16.0,25903.0
2026-07-30T19:03:45.883Z,395.366,395.382,0.0,7.4,0.0,0.0,0.0,0.0,0.0,0.0,0.0,0.0,1.0,0.0,0.0,0.0,9.0,4.0,0.0,0.0,0.0,0.0,0.0,0.0,0.0,0.0,3.0,12.0,1.0,12.17,5.01,2.51,1.5,0.0,0.0,0.0,361.4,0.0,0.3,0.1,0.0,-169.60000000000002,0.0,0.0,169.70000000000002,0.0,21.4,28.9,28.9,30.9,300.0,300.0,31.6,35.9,28.8,28.0,29.9,4.96,1.99,4.96,0.16,0.0,0.0,1027.0,8228.0,0.0,0.0,0.0,0.0,0.0,1.0,0.0,0.0,0.0,0.0,0.0,0.1,0.0,0.0,0.0,0.0,16.0,25903.0
2026-07-30T19:03:45.895Z,395.378,395.394,0.0,7.4,0.0,0.0,0.0,0.0,0.0,0.0,0.0,0.0,1.0,0.0,0.0,0.0,9.0,4.0,0.0,0.0,0.0,0.0,0.0,0.0,0.0,0.0,5.0,12.0,1.0,12.17,5.01,2.51,1.5,0.0,0.0,0.0,361.4,0.0,-0.2,0.7000000000000001,1.7000000000000002,-169.60000000000002,0.0,0.0,169.60000000000002,0.0,21.4,28.9,28.9,30.9,300.0,300.0,31.6,35.9,28.8,28.0,29.9,4.95,1.99,4.97,0.16,0.0,0.0,1027.0,8228.0,0.0,0.0,0.0,0.0,0.0,1.0,0.0,0.0,0.0,0.0,0.0,2.1,0.0,-1.3,0.0,0.0,16.0,25903.0
2026-07-30T19:03:45.907Z,395.39,395.406,0.0,7.4,0.0,0.0,0.0,0.0,0.0,0.0,0.0,0.0,1.0,0.0,0.0,0.0,9.0,4.0,0.0,0.0,0.0,0.0,0.0,0.0,0.0,0.0,6.0,12.0,1.0,12.17,5.01,2.51,1.5,0.0,0.0,0.0,361.3,0.0,0.3,0.6000000000000001,-0.6000000000000001,-169.60000000000002,0.0,0.0,169.60000000000002,0.0,21.4,28.9,28.9,30.9,300.0,300.0,31.6,35.9,28.8,28.0,29.9,4.96,2.0,4.96,0.16,0.0,0.0,1027.0,8228.0,0.0,0.0,0.0,0.0,0.0,1.0,0.0,0.0,0.0,0.0,0.0,0.3,0.0,0.6000000000000001,0.0,0.0,16.0,25903.0
2026-07-30T19:03:45.919Z,395.402,395.418,0.0,7.4,0.0,0.0,0.0,0.0,0.0,0.0,0.0,0.0,1.0,0.0,0.0,0.0,9.0,4.0,0.0,0.0,0.0,0.0,0.0,0.0,0.0,0.0,2.0,12.0,1.0,12.17,5.01,2.51,1.5,0.0,0.0,0.0,361.3,0.0,-0.2,0.1,-0.6000000000000001,-169.60000000000002,0.0,0.0,169.60000000000002,0.0,21.4,28.9,28.9,30.9,300.0,300.0,31.6,35.9,28.8,28.0,29.9,4.96,1.99,4.96,0.16,0.0,0.0,1027.0,8228.0,0.0,0.0,0.0,0.0,0.0,1.0,0.0,0.0,0.0,0.0,0.0,-0.3,0.0,0.5,0.0,0.0,16.0,25903.0
2026-07-30T19:03:45.931Z,395.414,395.43,0.0,7.4,0.0,0.0,0.0,0.0,0.0,0.0,0.0,0.0,1.0,0.0,0.0,0.0,9.0,4.0,0.0,0.0,0.0,0.0,0.0,0.0,0.0,0.0,3.0,12.0,1.0,12.17,5.01,2.51,1.5,0.0,0.0,0.0,361.3,0.0,0.3,0.0,0.5,-169.60000000000002,0.0,0.0,169.60000000000002,0.0,21.4,28.9,28.9,30.9,300.0,300.0,31.6,35.9,28.8,28.0,29.9,4.95,2.0,4.96,0.16,0.0,0.0,1027.0,8228.0,0.0,0.0,0.0,0.0,0.0,1.0,0.0,0.0,0.0,0.0,0.0,0.4,0.0,-0.4,0.0,0.0,16.0,25903.0
2026-07-30T19:03:45.943Z,395.426,395.442,0.0,7.4,0.0,0.0,0.0,0.0,0.0,0.0,0.0,0.0,1.0,0.0,0.0,0.0,9.0,4.0,0.0,0.0,0.0,0.0,0.0,0.0,0.0,0.0,5.0,12.0,1.0,12.17,5.01,2.5,1.49,0.0,0.0,0.0,361.3,0.0,-0.2,-1.1,-0.6000000000000001,-169.60000000000002,0.0,0.0,169.60000000000002,0.0,21.8,28.9,28.9,30.9,300.0,300.0,31.700000000000003,35.9,28.8,28.0,29.9,4.96,2.0,4.96,0.16,0.0,0.0,1027.0,8228.0,0.0,0.0,0.0,0.0,0.0,1.0,0.0,0.0,0.0,0.0,0.0,-1.7000000000000002,0.0,0.3,0.0,0.0,16.0,25903.0
2026-07-30T19:03:45.955Z,395.438,395.454,0.0,7.4,0.0,0.0,0.0,0.0,0.0,0.0,0.0,0.0,1.0,0.0,0.0,0.0,9.0,4.0,0.0,0.0,0.0,0.0,0.0,0.0,0.0,0.0,5.0,12.0,1.0,12.17,5.01,2.5,1.49,0.0,0.0,0.0,361.3,0.0,0.3,-1.0,0.4,-169.60000000000002,0.0,0.0,169.60000000000002,0.0,21.8,28.9,28.9,30.9,300.0,300.0,31.700000000000003,35.9,28.8,28.0,29.9,4.96,2.0,4.96,0.16,0.0,0.0,1027.0,8228.0,0.0,0.0,0.0,0.0,0.0,1.0,0.0,0.0,0.0,0.0,0.0,-0.9,0.0,-0.6000000000000001,0.0,0.0,16.0,25903.0
2026-07-30T19:03:45.967Z,395.45,395.466,0.0,7.4,0.0,0.0,0.0,0.0,0.0,0.0,0.0,0.0,1.0,0.0,0.0,0.0,9.0,4.0,0.0,0.0,0.0,0.0,0.0,0.0,0.0,0.0,6.0,12.0,1.0,12.17,5.01,2.5,1.49,0.0,0.0,0.0,361.3,0.0,0.3,0.0,-0.1,-169.60000000000002,0.0,0.0,169.60000000000002,0.0,21.8,28.9,28.9,30.9,300.0,300.0,31.700000000000003,35.9,28.8,28.0,29.9,4.96,1.99,4.97,0.16,0.0,0.0,1027.0,8228.0,0.0,0.0,0.0,0.0,0.0,1.0,0.0,0.0,0.0,0.0,0.0,0.0,0.0,0.1,0.0,0.0,16.0,25903.0
2026-07-30T19:03:45.979Z,395.462,395.478,0.0,7.4,0.0,0.0,0.0,0.0,0.0,0.0,0.0,0.0,1.0,0.0,0.0,0.0,9.0,4.0,0.0,0.0,0.0,0.0,0.0,0.0,0.0,0.0,2.0,12.0,1.0,12.17,5.01,2.5,1.49,0.0,0.0,0.0,361.4,0.0,-0.2,-0.4,-1.2000000000000002,-169.60000000000002,0.0,0.0,169.60000000000002,0.0,21.8,28.9,28.9,30.9,300.0,300.0,31.700000000000003,35.9,28.8,28.0,29.9,4.95,1.99,4.97,0.16,0.0,0.0,1027.0,8228.0,0.0,0.0,0.0,0.0,0.0,1.0,0.0,0.0,0.0,0.0,0.0,-1.4,0.0,1.0,0.0,0.0,16.0,25903.0
2026-07-30T19:03:45.991Z,395.474,395.49,0.0,7.4,0.0,0.0,0.0,0.0,0.0,0.0,0.0,0.0,1.0,0.0,0.0,0.0,9.0,4.0,0.0,0.0,0.0,0.0,0.0,0.0,0.0,0.0,3.0,12.0,1.0,12.17,5.01,2.5,1.49,0.0,0.1,0.0,361.4,0.0,-0.2,0.6000000000000001,-0.1,-169.60000000000002,0.0,0.0,169.60000000000002,0.0,21.8,28.9,28.9,30.9,300.0,300.0,31.700000000000003,35.9,28.8,28.0,29.9,4.96,1.99,4.96,0.15,0.0,0.0,1027.0,8228.0,0.0,0.0,0.0,0.0,0.0,1.0,0.0,0.0,0.0,0.0,0.0,0.6000000000000001,0.0,0.2,0.0,0.0,16.0,25903.0
2026-07-30T19:03:46.003Z,395.486,395.502,0.0,7.4,0.0,0.0,0.0,0.0,0.0,0.0,0.0,0.0,1.0,0.0,0.0,0.0,9.0,4.0,0.0,0.0,0.0,0.0,0.0,0.0,0.0,0.0,4.0,12.0,1.0,12.17,5.01,2.5,1.49,0.0,0.0,0.0,361.3,0.0,-0.8,-1.0,-1.3,-169.60000000000002,0.0,0.0,169.70000000000002,0.0,21.8,28.9,28.9,30.9,300.0,300.0,31.700000000000003,35.9,28.8,28.0,29.9,4.95,1.99,4.97,0.15,0.0,0.0,1027.0,8228.0,0.0,0.0,0.0,0.0,0.0,1.0,0.0,0.0,0.0,0.0,0.0,-2.1,0.0,0.9,0.0,0.0,16.0,25903.0
2026-07-30T19:03:46.016Z,395.499,395.514,0.0,7.4,0.0,0.0,0.0,0.0,0.0,0.0,0.0,0.0,1.0,0.0,0.0,0.0,9.0,4.0,0.0,0.0,0.0,0.0,0.0,0.0,0.0,0.0,5.0,12.0,1.0,12.17,5.01,2.5,1.49,0.0,0.0,0.0,361.2000000000001,0.0,0.3,0.1,0.3,-169.60000000000002,0.0,0.0,169.60000000000002,0.0,21.8,28.9,28.9,30.9,300.0,300.0,31.700000000000003,35.9,28.8,28.0,29.9,4.95,1.99,4.96,0.16,0.0,0.0,1027.0,8228.0,0.0,0.0,0.0,0.0,0.0,1.0,0.0,0.0,0.0,0.0,0.0,0.3,0.0,-0.2,0.0,0.0,16.0,25903.0
2026-07-30T19:03:46.027Z,395.51,395.526,0.0,7.4,0.0,0.0,0.0,0.0,0.0,0.0,0.0,0.0,1.0,0.0,0.0,0.0,9.0,4.0,0.0,0.0,0.0,0.0,0.0,0.0,0.0,0.0,1.0,12.0,1.0,12.17,5.01,2.5,1.49,0.0,0.0,0.0,361.4,0.0,-0.2,0.7000000000000001,-0.8,-169.60000000000002,0.0,0.0,169.70000000000002,0.0,21.8,28.9,28.9,30.9,300.0,300.0,31.700000000000003,35.9,28.8,28.0,29.9,4.96,2.0,4.96,0.16,0.0,0.0,1027.0,8228.0,0.0,0.0,0.0,0.0,0.0,1.0,0.0,0.0,0.0,0.0,0.0,0.2,0.0,0.8,0.0,0.0,16.0,25903.0
2026-07-30T19:03:46.039Z,395.522,395.538,0.0,7.4,0.0,0.0,0.0,0.0,0.0,0.0,0.0,0.0,1.0,0.0,0.0,0.0,9.0,4.0,0.0,0.0,0.0,0.0,0.0,0.0,0.0,0.0,2.0,12.0,1.0,12.17,5.01,2.5,1.49,0.0,0.0,0.0,361.3,0.0,0.3,0.7000000000000001,0.9,-169.60000000000002,0.0,0.0,169.60000000000002,0.0,21.9,28.9,28.9,30.9,300.0,300.0,31.9,35.9,28.8,28.0,29.9,4.95,2.0,4.96,0.16,0.0,0.0,1027.0,8228.0,0.0,0.0,0.0,0.0,0.0,1.0,0.0,0.0,0.0,0.0,0.0,1.5,0.0,-0.6000000000000001,0.0,0.0,16.0,25903.0
2026-07-30T19:03:46.051Z,395.534,395.55,0.0,7.4,0.0,0.0,0.0,0.0,0.0,0.0,0.0,0.0,1.0,0.0,0.0,0.0,9.0,4.0,0.0,0.0,0.0,0.0,0.0,0.0,0.0,0.0,4.0,12.0,1.0,12.17,5.01,2.5,1.49,0.0,0.0,0.0,361.2000000000001,0.0,0.3,-1.0,-0.1,-169.60000000000002,0.0,0.0,169.60000000000002,0.0,21.9,28.9,28.9,30.9,300.0,300.0,31.9,35.9,28.8,28.0,29.9,4.95,1.99,4.97,0.16,0.0,0.0,1027.0,8228.0,0.0,0.0,0.0,0.0,0.0,1.0,0.0,0.0,0.0,0.0,0.0,-1.3,0.0,0.0,0.0,0.0,16.0,25903.0
2026-07-30T19:03:46.064Z,395.547,395.562,0.0,7.4,0.0,0.0,0.0,0.0,0.0,0.0,0.0,0.0,1.0,0.0,0.0,0.0,9.0,4.0,0.0,0.0,0.0,0.0,0.0,0.0,0.0,0.0,5.0,12.0,1.0,12.17,5.01,2.5,1.49,0.0,0.0,0.0,361.3,0.0,0.9,0.1,-0.1,-169.60000000000002,0.0,0.0,169.60000000000002,0.0,21.9,28.9,28.9,30.9,300.0,300.0,31.9,35.9,28.8,28.0,29.9,4.95,1.99,4.96,0.16,0.0,0.0,1027.0,8228.0,0.0,0.0,0.0,0.0,0.0,1.0,0.0,0.0,0.0,0.0,0.0,0.0,0.0,0.1,0.0,0.0,16.0,25903.0
2026-07-30T19:03:46.075Z,395.558,395.574,0.0,7.4,0.0,0.0,0.0,0.0,0.0,0.0,0.0,0.0,1.0,0.0,0.0,0.0,9.0,4.0,0.0,0.0,0.0,0.0,0.0,0.0,0.0,0.0,1.0,12.0,1.0,12.17,5.01,2.5,1.49,0.0,0.0,0.0,361.3,0.0,-0.2,0.7000000000000001,-0.7000000000000001,-169.60000000000002,0.0,0.0,169.60000000000002,0.0,21.9,28.9,28.9,30.9,300.0,300.0,31.9,35.9,28.8,28.0,29.9,4.96,1.99,4.96,0.15,0.0,0.0,1027.0,8228.0,0.0,0.0,0.0,0.0,0.0,1.0,0.0,0.0,0.0,0.0,0.0,0.2,0.0,0.8,0.0,0.0,16.0,25903.0
2026-07-30T19:03:46.087Z,395.57,395.586,0.0,7.4,0.0,0.0,0.0,0.0,0.0,0.0,0.0,0.0,1.0,0.0,0.0,0.0,9.0,4.0,0.0,0.0,0.0,0.0,0.0,0.0,0.0,0.0,2.0,12.0,1.0,12.17,5.01,2.5,1.49,0.0,0.0,0.0,361.3,0.0,0.3,0.6000000000000001,-0.1,-169.60000000000002,0.0,0.0,169.60000000000002,0.0,21.9,28.9,28.9,30.9,300.0,300.0,31.9,35.9,28.8,28.0,29.9,4.95,1.99,4.97,0.16,0.0,0.0,1027.0,8228.0,0.0,0.0,0.0,0.0,0.0,1.0,0.0,0.0,0.0,0.0,0.0,0.6000000000000001,0.0,0.2,0.0,0.0,16.0,25903.0
2026-07-30T19:03:46.099Z,395.582,395.598,0.0,7.4,0.0,0.0,0.0,0.0,0.0,0.0,0.0,0.0,1.0,0.0,0.0,0.0,9.0,4.0,0.0,0.0,0.0,0.0,0.0,0.0,0.0,0.0,3.0,12.0,1.0,12.17,5.01,2.5,1.49,0.0,0.0,0.0,361.4,0.0,0.3,-1.0,-0.7000000000000001,-169.60000000000002,0.0,0.0,169.60000000000002,0.0,21.9,28.9,28.9,30.9,300.0,300.0,31.9,35.9,28.8,28.0,29.9,4.96,1.99,4.96,0.16,0.0,0.0,1027.0,8228.0,0.0,0.0,0.0,0.0,0.0,1.0,0.0,0.0,0.0,0.0,0.0,-1.7000000000000002,0.0,0.4,0.0,0.0,16.0,25903.0
2026-07-30T19:03:46.111Z,395.594,395.61,0.0,7.4,0.0,0.0,0.0,0.0,0.0,0.0,0.0,0.0,1.0,0.0,0.0,0.0,9.0,4.0,0.0,0.0,0.0,0.0,0.0,0.0,0.0,0.0,5.0,12.0,1.0,12.17,5.01,2.5,1.49,0.0,0.0,0.0,361.3,0.0,-0.8,0.6000000000000001,2.8000000000000003,-169.60000000000002,0.0,0.0,169.60000000000002,0.0,21.9,28.9,28.9,30.9,300.0,300.0,31.9,35.9,28.8,28.0,29.9,4.96,1.99,4.97,0.16,0.0,0.0,1027.0,8228.0,0.0,0.0,0.0,0.0,0.0,1.0,0.0,0.0,0.0,0.0,0.0,2.8000000000000003,0.0,-2.3000000000000003,0.0,0.0,16.0,25903.0
2026-07-30T19:03:46.123Z,395.606,395.622,0.0,7.4,0.0,0.0,0.0,0.0,0.0,0.0,0.0,0.0,1.0,0.0,0.0,0.0,9.0,4.0,0.0,0.0,0.0,0.0,0.0,0.0,0.0,0.0,1.0,12.0,1.0,12.17,5.01,2.5,1.49,0.0,0.0,0.0,361.3,0.0,-0.2,0.1,0.4,-169.60000000000002,0.0,0.0,169.70000000000002,0.0,21.9,28.9,28.9,30.9,300.0,300.0,31.9,35.9,28.8,28.0,29.9,4.95,1.99,4.97,0.16,0.0,0.0,1027.0,8228.0,0.0,0.0,0.0,0.0,0.0,1.0,0.0,0.0,0.0,0.0,0.0,0.4,0.0,-0.4,0.0,0.0,16.0,25903.0
2026-07-30T19:03:46.135Z,395.618,395.634,0.0,7.4,0.0,0.0,0.0,0.0,0.0,0.0,0.0,0.0,1.0,0.0,0.0,0.0,9.0,4.0,0.0,0.0,0.0,0.0,0.0,0.0,0.0,0.0,2.0,12.0,1.0,12.17,5.01,2.5,1.49,0.0,0.0,0.0,361.4,0.0,0.3,1.2000000000000002,1.6,-169.60000000000002,0.0,0.0,169.70000000000002,0.0,21.9,28.9,28.9,30.9,300.0,300.0,31.9,35.9,28.8,28.0,29.9,4.96,1.99,4.97,0.16,0.0,0.0,1027.0,8228.0,0.0,0.0,0.0,0.0,0.0,1.0,0.0,0.0,0.0,0.0,0.0,2.7,0.0,-1.2000000000000002,0.0,0.0,16.0,25903.0
2026-07-30T19:03:46.147Z,395.63,395.646,0.0,7.4,0.0,0.0,0.0,0.0,0.0,0.0,0.0,0.0,1.0,0.0,0.0,0.0,9.0,4.0,0.0,0.0,0.0,0.0,0.0,0.0,0.0,0.0,3.0,12.0,1.0,12.17,5.0200000000000005,2.51,1.49,0.0,0.0,0.0,361.4,0.0,0.9,0.0,-1.2000000000000002,-169.60000000000002,0.0,0.0,169.70000000000002,0.0,21.8,28.9,28.9,30.9,300.0,300.0,31.700000000000003,35.9,28.8,28.0,29.9,4.96,2.0,4.96,0.16,0.0,0.0,1027.0,8228.0,0.0,0.0,0.0,0.0,0.0,1.0,0.0,0.0,0.0,0.0,0.0,-0.8,0.0,1.1,0.0,0.0,16.0,25903.0
2026-07-30T19:03:46.159Z,395.642,395.658,0.0,7.4,0.0,0.0,0.0,0.0,0.0,0.0,0.0,0.0,1.0,0.0,0.0,0.0,9.0,4.0,0.0,0.0,0.0,0.0,0.0,0.0,0.0,0.0,5.0,12.0,1.0,12.17,5.0200000000000005,2.51,1.49,0.0,0.0,0.0,361.4,0.0,0.3,1.8,1.0,-169.60000000000002,0.0,0.0,169.70000000000002,0.0,21.8,28.9,28.9,30.9,300.0,300.0,31.700000000000003,35.9,28.8,28.0,29.9,4.96,1.99,4.97,0.16,0.0,0.0,1027.0,8228.0,0.0,0.0,0.0,0.0,0.0,1.0,0.0,0.0,0.0,0.0,0.0,2.9000000000000004,0.0,-0.5,0.0,0.0,16.0,25903.0
2026-07-30T19:03:46.171Z,395.654,395.67,0.0,7.4,0.0,0.0,0.0,0.0,0.0,0.0,0.0,0.0,1.0,0.0,0.0,0.0,9.0,4.0,0.0,0.0,0.0,0.0,0.0,0.0,0.0,0.0,3.0,12.0,1.0,12.17,5.0200000000000005,2.51,1.49,0.0,0.0,0.0,361.3,0.0,-0.2,0.1,0.0,-169.60000000000002,0.0,0.0,169.60000000000002,0.0,21.8,28.9,28.9,30.9,300.0,300.0,31.700000000000003,35.9,28.8,28.0,29.9,4.95,2.0,4.97,0.16,0.0,0.0,1027.0,8228.0,0.0,0.0,0.0,0.0,0.0,1.0,0.0,0.0,0.0,0.0,0.0,0.1,0.0,0.1,0.0,0.0,16.0,25903.0
2026-07-30T19:03:46.184Z,395.667,395.682,0.0,7.4,0.0,0.0,0.0,0.0,0.0,0.0,0.0,0.0,1.0,0.0,0.0,0.0,9.0,4.0,0.0,0.0,0.0,0.0,0.0,0.0,0.0,0.0,3.0,12.0,1.0,12.17,5.0200000000000005,2.51,1.49,0.0,0.0,0.0,361.3,0.0,0.3,0.1,1.1,-169.60000000000002,0.0,0.0,169.70000000000002,0.0,21.8,28.9,28.9,30.9,300.0,300.0,31.700000000000003,35.9,28.8,28.0,29.9,4.96,2.0,4.96,0.16,0.0,0.0,1027.0,8228.0,0.0,0.0,0.0,0.0,0.0,1.0,0.0,0.0,0.0,0.0,0.0,1.0,0.0,-0.9,0.0,0.0,16.0,25903.0
2026-07-30T19:03:46.196Z,395.679,395.694,0.0,7.4,0.0,0.0,0.0,0.0,0.0,0.0,0.0,0.0,1.0,0.0,0.0,0.0,9.0,4.0,0.0,0.0,0.0,0.0,0.0,0.0,0.0,0.0,4.0,12.0,1.0,12.17,5.0200000000000005,2.51,1.49,0.0,0.0,0.0,361.3,0.0,0.3,0.0,-0.1,-169.60000000000002,0.0,0.0,169.70000000000002,0.0,21.8,28.9,28.9,30.9,300.0,300.0,31.700000000000003,35.9,28.8,28.0,29.9,4.95,2.0,4.97,0.16,0.0,0.0,1027.0,8228.0,0.0,0.0,0.0,0.0,0.0,1.0,0.0,0.0,0.0,0.0,0.0,0.0,0.0,0.1,0.0,0.0,16.0,25903.0
2026-07-30T19:03:46.207Z,395.69,395.706,0.0,7.4,0.0,0.0,0.0,0.0,0.0,0.0,0.0,0.0,1.0,0.0,0.0,0.0,9.0,4.0,0.0,0.0,0.0,0.0,0.0,0.0,0.0,0.0,6.0,12.0,1.0,12.17,5.0200000000000005,2.51,1.49,0.0,0.0,0.0,361.3,0.0,0.2,0.0,-0.7000000000000001,-169.60000000000002,0.0,0.0,169.70000000000002,0.0,21.8,28.9,28.9,30.9,300.0,300.0,31.700000000000003,35.9,28.8,28.0,29.9,4.95,1.99,4.97,0.16,0.0,0.0,1027.0,8228.0,0.0,0.0,0.0,0.0,0.0,1.0,0.0,0.0,0.0,0.0,0.0,0.4,0.0,-0.3,0.0,0.0,16.0,25903.0
2026-07-30T19:03:46.219Z,395.702,395.718,0.0,7.4,0.0,0.0,0.0,0.0,0.0,0.0,0.0,0.0,1.0,0.0,0.0,0.0,9.0,4.0,0.0,0.0,0.0,0.0,0.0,0.0,0.0,0.0,1.0,12.0,1.0,12.17,5.0200000000000005,2.51,1.49,0.0,0.0,0.0,361.3,0.0,-0.3,0.6000000000000001,-0.1,-169.60000000000002,0.0,0.0,169.60000000000002,0.0,21.8,28.9,28.9,30.9,300.0,300.0,31.700000000000003,35.9,28.8,28.0,29.9,4.96,2.0,4.97,0.16,0.0,0.0,1027.0,8228.0,0.0,0.0,0.0,0.0,0.0,1.0,0.0,0.0,0.0,0.0,0.0,0.6000000000000001,0.0,0.2,0.0,0.0,16.0,25903.0
2026-07-30T19:03:46.231Z,395.714,395.73,0.0,7.4,0.0,0.0,0.0,0.0,0.0,0.0,0.0,0.0,1.0,0.0,0.0,0.0,9.0,4.0,0.0,0.0,0.0,0.0,0.0,0.0,0.0,0.0,2.0,12.0,1.0,12.17,5.0200000000000005,2.51,1.49,0.0,0.0,0.0,361.3,0.0,0.2,0.0,0.4,-169.60000000000002,0.0,0.0,169.70000000000002,0.0,21.8,28.9,28.9,30.9,300.0,300.0,31.700000000000003,35.9,28.8,28.0,29.9,4.96,2.0,4.97,0.16,0.0,0.0,1027.0,8228.0,0.0,0.0,0.0,0.0,0.0,1.0,0.0,0.0,0.0,0.0,0.0,0.4,0.0,-0.3,0.0,0.0,16.0,25903.0
2026-07-30T19:03:46.243Z,395.726,395.742,0.0,7.4,0.0,0.0,0.0,0.0,0.0,0.0,0.0,0.0,1.0,0.0,0.0,0.0,9.0,4.0,0.0,0.0,0.0,0.0,0.0,0.0,0.0,0.0,3.0,12.0,1.0,12.15,5.0200000000000005,2.51,1.49,0.0,0.0,0.0,361.3,0.0,-0.3,-0.5,-0.1,-169.60000000000002,0.0,0.0,169.70000000000002,0.0,21.200000000000003,28.9,28.9,30.9,300.0,300.0,31.700000000000003,35.9,28.8,28.0,29.9,4.95,1.99,4.97,0.16,0.0,0.0,1027.0,8228.0,0.0,0.0,0.0,0.0,0.0,1.0,0.0,0.0,0.0,0.0,0.0,-0.6000000000000001,0.0,0.0,0.0,0.0,16.0,25903.0
2026-07-30T19:03:46.255Z,395.738,395.754,0.0,7.4,0.0,0.0,0.0,0.0,0.0,0.0,0.0,0.0,1.0,0.0,0.0,0.0,9.0,4.0,0.0,0.0,0.0,0.0,0.0,0.0,0.0,0.0,5.0,12.0,1.0,12.15,5.0200000000000005,2.51,1.49,0.0,0.0,0.0,361.3,0.0,-0.3,0.0,-0.1,-169.60000000000002,0.0,0.0,169.70000000000002,0.0,21.200000000000003,28.9,28.9,30.9,300.0,300.0,31.700000000000003,35.9,28.8,28.0,29.9,4.95,1.99,4.96,0.16,0.0,0.0,1027.0,8228.0,0.0,0.0,0.0,0.0,0.0,1.0,0.0,0.0,0.0,0.0,0.0,0.7000000000000001,0.0,-0.8,0.0,0.0,16.0,25903.0
2026-07-30T19:03:46.268Z,395.751,395.766,0.0,7.4,0.0,0.0,0.0,0.0,0.0,0.0,0.0,0.0,1.0,0.0,0.0,0.0,9.0,4.0,0.0,0.0,0.0,0.0,0.0,0.0,0.0,0.0,6.0,12.0,1.0,12.15,5.0200000000000005,2.51,1.49,0.0,0.0,0.0,361.3,0.0,-0.3,1.2000000000000002,-0.7000000000000001,-169.60000000000002,0.0,0.0,169.70000000000002,0.0,21.200000000000003,28.9,28.9,30.9,300.0,300.0,31.700000000000003,35.9,28.8,28.0,29.9,4.96,1.99,4.96,0.16,0.0,0.0,1027.0,8228.0,0.0,0.0,0.0,0.0,0.0,1.0,0.0,0.0,0.0,0.0,0.0,-0.9,0.0,1.1,0.0,0.0,16.0,25903.0
2026-07-30T19:03:46.279Z,395.762,395.778,0.0,7.4,0.0,0.0,0.0,0.0,0.0,0.0,0.0,0.0,1.0,0.0,0.0,0.0,9.0,4.0,0.0,0.0,0.0,0.0,0.0,0.0,0.0,0.0,1.0,12.0,1.0,12.15,5.0200000000000005,2.51,1.49,0.0,0.0,0.0,361.2000000000001,0.0,0.8,-0.5,-0.7000000000000001,-169.60000000000002,0.0,0.0,169.70000000000002,0.0,21.200000000000003,28.9,28.9,30.9,300.0,300.0,31.700000000000003,35.9,28.8,28.0,29.9,4.95,1.99,4.96,0.16,0.0,0.0,1027.0,8228.0,0.0,0.0,0.0,0.0,0.0,1.0,0.0,0.0,0.0,0.0,0.0,0.1,0.0,0.7000000000000001,0.0,0.0,16.0,25903.0
2026-07-30T19:03:46.291Z,395.774,395.79,0.0,7.4,0.0,0.0,0.0,0.0,0.0,0.0,0.0,0.0,1.0,0.0,0.0,0.0,9.0,4.0,0.0,0.0,0.0,0.0,0.0,0.0,0.0,0.0,3.0,12.0,1.0,12.15,5.0200000000000005,2.51,1.49,0.0,0.0,0.0,361.4,0.0,-0.3,-0.5,0.0,-169.60000000000002,0.0,0.0,169.8,0.0,21.200000000000003,28.9,28.9,30.9,300.0,300.0,31.700000000000003,35.9,28.8,28.0,29.9,4.95,1.99,4.97,0.16,0.0,0.0,1027.0,8228.0,0.0,0.0,0.0,0.0,0.0,1.0,0.0,0.0,0.0,0.0,0.0,-0.6000000000000001,0.0,0.0,0.0,0.0,16.0,25903.0
2026-07-30T19:03:46.303Z,395.786,395.802,0.0,7.4,0.0,0.0,0.0,0.0,0.0,0.0,0.0,0.0,1.0,0.0,0.0,0.0,9.0,4.0,0.0,0.0,0.0,0.0,0.0,0.0,0.0,0.0,4.0,12.0,1.0,12.15,5.0200000000000005,2.51,1.49,0.0,0.0,0.0,361.3,0.0,0.3,1.2000000000000002,1.1,-169.60000000000002,0.0,0.0,169.70000000000002,0.0,21.200000000000003,28.9,28.9,30.9,300.0,300.0,31.700000000000003,35.9,28.8,28.0,29.9,4.95,2.0,4.97,0.16,0.0,0.0,1027.0,8228.0,0.0,0.0,0.0,0.0,0.0,1.0,0.0,0.0,0.0,0.0,0.0,2.2,0.0,-0.7000000000000001,0.0,0.0,16.0,25903.0
2026-07-30T19:03:46.315Z,395.798,395.814,0.0,7.4,0.0,0.0,0.0,0.0,0.0,0.0,0.0,0.0,1.0,0.0,0.0,0.0,9.0,4.0,0.0,0.0,0.0,0.0,0.0,0.0,0.0,0.0,6.0,12.0,1.0,12.15,5.0200000000000005,2.51,1.49,0.0,0.0,0.0,361.3,0.0,0.9,0.0,-0.6000000000000001,-169.60000000000002,0.0,0.0,169.60000000000002,0.0,21.200000000000003,28.9,28.9,30.9,300.0,300.0,31.700000000000003,35.9,28.8,28.0,29.9,4.96,1.99,4.97,0.16,0.0,0.0,1027.0,8228.0,0.0,0.0,0.0,0.0,0.0,1.0,0.0,0.0,0.0,0.0,0.0,-0.3,0.0,0.5,0.0,0.0,16.0,25903.0
2026-07-30T19:03:46.327Z,395.81,395.826,0.0,7.4,0.0,0.0,0.0,0.0,0.0,0.0,0.0,0.0,1.0,0.0,0.0,0.0,9.0,4.0,0.0,0.0,0.0,0.0,0.0,0.0,0.0,0.0,1.0,12.0,1.0,12.15,5.0200000000000005,2.51,1.49,0.0,0.0,0.0,361.4,0.0,0.3,1.2000000000000002,0.0,-169.60000000000002,0.0,0.0,169.70000000000002,0.0,21.200000000000003,28.9,28.9,30.9,300.0,300.0,31.700000000000003,35.9,28.8,28.0,29.9,4.95,1.99,4.97,0.16,0.0,0.0,1027.0,8228.0,0.0,0.0,0.0,0.0,0.0,1.0,0.0,0.0,0.0,0.0,0.0,1.3,0.0,0.2,0.0,0.0,16.0,25903.0
2026-07-30T19:03:46.339Z,395.822,395.838,0.0,7.4,0.0,0.0,0.0,0.0,0.0,0.0,0.0,0.0,1.0,0.0,0.0,0.0,9.0,4.0,0.0,0.0,0.0,0.0,0.0,0.0,0.0,0.0,2.0,12.0,1.0,12.15,5.0200000000000005,2.51,1.49,0.0,0.0,0.0,361.3,0.0,-0.2,-1.0,-1.2000000000000002,-169.60000000000002,0.0,0.0,169.60000000000002,0.0,21.200000000000003,28.9,28.9,30.9,300.0,300.0,31.700000000000003,35.9,28.8,28.0,29.9,4.96,2.0,4.96,0.16,0.0,0.0,1027.0,8228.0,0.0,0.0,0.0,0.0,0.0,1.0,0.0,0.0,0.0,0.0,0.0,-2.1,0.0,0.8,0.0,0.0,16.0,25903.0
2026-07-30T19:03:46.352Z,395.835,395.85,0.0,7.4,0.0,0.0,0.0,0.0,0.0,0.0,0.0,0.0,1.0,0.0,0.0,0.0,9.0,4.0,0.0,0.0,0.0,0.0,0.0,0.0,0.0,0.0,3.0,12.0,1.0,12.18,5.01,2.5,1.49,0.0,0.0,0.0,361.3,0.0,0.9,1.8,0.5,-169.60000000000002,0.0,0.0,169.60000000000002,0.0,21.8,28.9,28.9,30.9,300.0,300.0,31.700000000000003,35.9,28.8,28.0,29.9,4.96,2.0,4.96,0.16,0.0,0.0,1027.0,8228.0,0.0,0.0,0.0,0.0,0.0,1.0,0.0,0.0,0.0,0.0,0.0,2.5,0.0,0.0,0.0,0.0,16.0,25903.0
2026-07-30T19:03:46.363Z,395.846,395.862,0.0,7.4,0.0,0.0,0.0,0.0,0.0,0.0,0.0,0.0,1.0,0.0,0.0,0.0,9.0,4.0,0.0,0.0,0.0,0.0,0.0,0.0,0.0,0.0,5.0,12.0,1.0,12.18,5.01,2.5,1.49,0.0,0.0,0.0,361.2000000000001,0.0,-0.2,-0.4,1.0,-169.60000000000002,0.0,0.0,169.70000000000002,0.0,21.8,28.9,28.9,30.9,300.0,300.0,31.700000000000003,35.9,28.8,28.0,29.9,4.95,1.99,4.96,0.16,0.0,0.0,1027.0,8228.0,0.0,0.0,0.0,0.0,0.0,1.0,0.0,0.0,0.0,0.0,0.0,0.3,0.0,-1.0,0.0,0.0,16.0,25903.0
2026-07-30T19:03:46.375Z,395.858,395.874,0.0,7.4,0.0,0.0,0.0,0.0,0.0,0.0,0.0,0.0,1.0,0.0,0.0,0.0,9.0,4.0,0.0,0.0,0.0,0.0,0.0,0.0,0.0,0.0,6.0,12.0,1.0,12.18,5.01,2.5,1.49,0.0,0.0,0.0,361.3,0.0,0.3,-0.4,0.0,-169.60000000000002,0.0,0.0,169.70000000000002,0.0,21.8,28.9,28.9,30.9,300.0,300.0,31.700000000000003,35.9,28.8,28.0,29.9,4.95,1.99,4.97,0.16,0.0,0.0,1027.0,8228.0,0.0,0.0,0.0,0.0,0.0,1.0,0.0,0.0,0.0,0.0,0.0,-0.5,0.0,0.0,0.0,0.0,16.0,25903.0
2026-07-30T19:03:46.387Z,395.87,395.886,0.0,7.4,0.0,0.0,0.0,0.0,0.0,0.0,0.0,0.0,1.0,0.0,0.0,0.0,9.0,4.0,0.0,0.0,0.0,0.0,0.0,0.0,0.0,0.0,1.0,12.0,1.0,12.18,5.01,2.5,1.49,0.0,0.1,0.0,361.3,0.0,-0.8,-0.4,1.7000000000000002,-169.60000000000002,0.0,0.0,169.60000000000002,0.0,21.8,28.9,28.9,30.9,300.0,300.0,31.700000000000003,35.9,28.8,28.0,29.9,4.96,1.99,4.96,0.16,0.0,0.0,1027.0,8228.0,0.0,0.0,0.0,0.0,0.0,1.0,0.0,0.0,0.0,0.0,0.0,0.7000000000000001,0.0,-1.5,0.0,0.0,16.0,25903.0
2026-07-30T19:03:46.400Z,395.883,395.898,0.0,7.4,0.0,0.0,0.0,0.0,0.0,0.0,0.0,0.0,1.0,0.0,0.0,0.0,9.0,4.0,0.0,0.0,0.0,0.0,0.0,0.0,0.0,0.0,2.0,12.0,1.0,12.18,5.01,2.5,1.49,0.0,0.0,0.0,361.3,0.0,-0.8,0.0,-1.2000000000000002,-169.60000000000002,0.0,0.0,169.60000000000002,0.0,21.8,28.9,28.9,30.9,300.0,300.0,31.700000000000003,35.9,28.8,28.0,29.9,4.96,1.99,4.97,0.16,0.0,0.0,1027.0,8228.0,0.0,0.0,0.0,0.0,0.0,1.0,0.0,0.0,0.0,0.0,0.0,-0.8,0.0,1.1,0.0,0.0,16.0,25903.0
2026-07-30T19:03:46.411Z,395.894,395.91,0.0,7.4,0.0,0.0,0.0,0.0,0.0,0.0,0.0,0.0,1.0,0.0,0.0,0.0,9.0,4.0,0.0,0.0,0.0,0.0,0.0,0.0,0.0,0.0,3.0,12.0,1.0,12.18,5.01,2.5,1.49,0.0,0.1,0.0,361.3,0.0,-0.2,0.7000000000000001,-0.1,-169.60000000000002,0.0,0.0,169.60000000000002,0.0,21.8,28.9,28.9,30.9,300.0,300.0,31.700000000000003,35.9,28.8,28.0,29.9,4.95,1.99,4.97,0.16,0.0,0.0,1027.0,8228.0,0.0,0.0,0.0,0.0,0.0,1.0,0.0,0.0,0.0,0.0,0.0,0.6000000000000001,0.0,0.2,0.0,0.0,16.0,25903.0
2026-07-30T19:03:46.424Z,395.907,395.922,0.0,7.4,0.0,0.0,0.0,0.0,0.0,0.0,0.0,0.0,1.0,0.0,0.0,0.0,9.0,4.0,0.0,0.0,0.0,0.0,0.0,0.0,0.0,0.0,5.0,12.0,1.0,12.18,5.01,2.5,1.49,0.0,0.0,0.0,361.3,0.0,0.3,0.6000000000000001,-0.1,-169.60000000000002,0.0,0.0,169.70000000000002,0.0,21.8,28.9,28.9,30.9,300.0,300.0,31.700000000000003,35.9,28.8,28.0,29.9,4.96,1.99,4.97,0.16,0.0,0.0,1027.0,8228.0,0.0,0.0,0.0,0.0,0.0,1.0,0.0,0.0,0.0,0.0,0.0,0.7000000000000001,0.0,0.2,0.0,0.0,16.0,25903.0
2026-07-30T19:03:46.435Z,395.918,395.934,0.0,7.4,0.0,0.0,0.0,0.0,0.0,0.0,0.0,0.0,1.0,0.0,0.0,0.0,9.0,4.0,0.0,0.0,0.0,0.0,0.0,0.0,0.0,0.0,5.0,12.0,1.0,12.18,5.01,2.5,1.49,0.0,0.0,0.0,361.3,0.0,-0.2,-0.5,1.1,-169.60000000000002,0.0,0.0,169.8,0.0,21.8,28.9,28.9,30.9,300.0,300.0,31.700000000000003,35.9,28.8,28.0,29.9,4.96,1.99,4.97,0.16,0.0,0.0,1027.0,8228.0,0.0,0.0,0.0,0.0,0.0,1.0,0.0,0.0,0.0,0.0,0.0,0.2,0.0,-1.0,0.0,0.0,16.0,25903.0
2026-07-30T19:03:46.447Z,395.93,395.946,0.0,7.4,0.0,0.0,0.0,0.0,0.0,0.0,0.0,0.0,1.0,0.0,0.0,0.0,9.0,4.0,0.0,0.0,0.0,0.0,0.0,0.0,0.0,0.0,6.0,12.0,1.0,12.17,5.0200000000000005,2.51,1.49,0.0,0.0,0.0,361.4,0.0,-0.2,0.6000000000000001,0.0,-169.60000000000002,0.0,0.0,169.70000000000002,0.0,21.3,28.9,28.9,30.9,300.0,300.0,31.700000000000003,35.9,28.8,28.0,29.9,4.96,1.99,4.97,0.16,0.0,0.0,1027.0,8228.0,0.0,0.0,0.0,0.0,0.0,1.0,0.0,0.0,0.0,0.0,0.0,0.6000000000000001,0.0,0.2,0.0,0.0,16.0,25903.0
2026-07-30T19:03:46.459Z,395.942,395.958,0.0,7.4,0.0,0.0,0.0,0.0,0.0,0.0,0.0,0.0,1.0,0.0,0.0,0.0,9.0,4.0,0.0,0.0,0.0,0.0,0.0,0.0,0.0,0.0,1.0,12.0,1.0,12.17,5.0200000000000005,2.51,1.49,0.0,0.0,0.0,361.3,0.0,0.3,1.2000000000000002,-0.1,-169.60000000000002,0.0,0.0,169.60000000000002,0.0,21.3,28.9,28.9,30.9,300.0,300.0,31.700000000000003,35.9,28.8,28.0,29.9,4.96,1.99,4.97,0.16,0.0,0.0,1027.0,8228.0,0.0,0.0,0.0,0.0,0.0,1.0,0.0,0.0,0.0,0.0,0.0,1.3,0.0,0.3,0.0,0.0,16.0,25903.0
2026-07-30T19:03:46.471Z,395.954,395.97,0.0,7.4,0.0,0.0,0.0,0.0,0.0,0.0,0.0,0.0,1.0,0.0,0.0,0.0,9.0,4.0,0.0,0.0,0.0,0.0,0.0,0.0,0.0,0.0,3.0,12.0,1.0,12.17,5.0200000000000005,2.51,1.49,0.0,0.0,0.0,361.3,0.0,0.2,-0.5,-1.8,-169.60000000000002,0.0,0.0,169.70000000000002,0.0,21.3,28.9,28.9,30.9,300.0,300.0,31.700000000000003,35.9,28.8,28.0,29.9,4.96,1.99,4.96,0.16,0.0,0.0,1027.0,8228.0,0.0,0.0,0.0,0.0,0.0,1.0,0.0,0.0,0.0,0.0,0.0,-1.9,0.0,1.5,0.0,0.0,16.0,25903.0
2026-07-30T19:03:46.483Z,395.966,395.982,0.0,7.4,0.0,0.0,0.0,0.0,0.0,0.0,0.0,0.0,1.0,0.0,0.0,0.0,9.0,4.0,0.0,0.0,0.0,0.0,0.0,0.0,0.0,0.0,4.0,12.0,1.0,12.17,5.0200000000000005,2.51,1.49,0.0,0.0,0.0,361.3,0.0,0.2,-1.1,0.4,-169.60000000000002,0.0,0.0,169.8,0.0,21.3,28.9,28.9,30.9,300.0,300.0,31.700000000000003,35.9,28.8,28.0,29.9,4.95,1.99,4.97,0.16,0.0,0.0,1027.0,8228.0,0.0,0.0,0.0,0.0,0.0,1.0,0.0,0.0,0.0,0.0,0.0,-0.9,0.0,-0.6000000000000001,0.0,0.0,16.0,25903.0
2026-07-30T19:03:46.495Z,395.978,395.994,0.0,7.4,0.0,0.0,0.0,0.0,0.0,0.0,0.0,0.0,1.0,0.0,0.0,0.0,9.0,4.0,0.0,0.0,0.0,0.0,0.0,0.0,0.0,0.0,4.0,12.0,1.0,12.17,5.0200000000000005,2.51,1.49,0.0,0.0,0.0,361.3,0.0,-0.9,0.5,0.4,-169.60000000000002,0.0,0.0,169.70000000000002,0.0,21.3,28.9,28.9,30.9,300.0,300.0,31.700000000000003,35.9,28.8,28.0,29.9,4.95,1.99,4.96,0.16,0.0,0.0,1027.0,8228.0,0.0,0.0,0.0,0.0,0.0,1.0,0.0,0.0,0.0,0.0,0.0,0.9,0.0,-0.2,0.0,0.0,16.0,25903.0
2026-07-30T19:03:46.507Z,395.99,396.006,0.0,7.4,0.0,0.0,0.0,0.0,0.0,0.0,0.0,0.0,1.0,0.0,0.0,0.0,9.0,4.0,0.0,0.0,0.0,0.0,0.0,0.0,0.0,0.0,6.0,12.0,1.0,12.17,5.0200000000000005,2.51,1.49,0.0,0.0,0.0,361.3,0.0,0.2,0.6000000000000001,0.4,-169.60000000000002,0.0,0.0,169.70000000000002,0.0,21.3,28.9,28.9,30.9,300.0,300.0,31.700000000000003,35.9,28.8,28.0,29.9,4.96,1.99,4.96,0.16,0.0,0.0,1027.0,8228.0,0.0,0.0,0.0,0.0,0.0,1.0,0.0,0.0,0.0,0.0,0.0,1.0,0.0,-0.2,0.0,0.0,16.0,25903.0
2026-07-30T19:03:46.519Z,396.002,396.018,0.0,7.4,0.0,0.0,0.0,0.0,0.0,0.0,0.0,0.0,1.0,0.0,0.0,0.0,9.0,4.0,0.0,0.0,0.0,0.0,0.0,0.0,0.0,0.0,2.0,12.0,1.0,12.17,5.0200000000000005,2.51,1.49,0.0,0.0,0.0,361.3,0.0,-0.3,0.0,0.4,-169.60000000000002,0.0,0.0,169.8,0.0,21.3,28.9,28.9,30.9,300.0,300.0,31.700000000000003,35.9,28.8,28.0,29.9,4.96,1.99,4.96,0.16,0.0,0.0,1027.0,8228.0,0.0,0.0,0.0,0.0,0.0,1.0,0.0,0.0,0.0,0.0,0.0,0.3,0.0,-0.3,0.0,0.0,16.0,25903.0
2026-07-30T19:03:46.532Z,396.015,396.03,0.0,7.4,0.0,0.0,0.0,0.0,0.0,0.0,0.0,0.0,1.0,0.0,0.0,0.0,9.0,4.0,0.0,0.0,0.0,0.0,0.0,0.0,0.0,0.0,3.0,12.0,1.0,12.17,5.0200000000000005,2.51,1.49,-0.1,0.1,0.0,361.3,0.0,-0.8,-1.7000000000000002,-1.3,-169.60000000000002,0.0,0.0,169.70000000000002,0.0,21.3,28.9,28.9,30.9,300.0,300.0,31.700000000000003,35.9,28.8,28.0,29.9,4.95,1.99,4.97,0.16,0.0,0.0,1027.0,8228.0,0.0,0.0,0.0,0.0,0.0,1.0,0.0,0.0,0.0,0.0,0.0,-2.9000000000000004,0.0,0.8,0.0,0.0,16.0,25903.0
2026-07-30T19:03:46.544Z,396.027,396.042,0.0,7.4,0.0,0.0,0.0,0.0,0.0,0.0,0.0,0.0,1.0,0.0,0.0,0.0,9.0,4.0,0.0,0.0,0.0,0.0,0.0,0.0,0.0,0.0,4.0,12.0,1.0,12.17,5.0200000000000005,2.51,1.49,0.0,0.0,0.0,361.4,0.0,0.2,0.5,0.4,-169.60000000000002,0.0,0.0,169.8,0.0,21.3,28.9,28.9,30.9,300.0,300.0,31.700000000000003,35.9,28.8,28.0,29.9,4.95,1.99,4.97,0.16,0.0,0.0,1027.0,8228.0,0.0,0.0,0.0,0.0,0.0,1.0,0.0,0.0,0.0,0.0,0.0,0.9,0.0,-0.2,0.0,0.0,16.0,25903.0
2026-07-30T19:03:46.555Z,396.038,396.054,0.0,7.4,0.0,0.0,0.0,0.0,0.0,0.0,0.0,0.0,1.0,0.0,0.0,0.0,9.0,4.0,0.0,0.0,0.0,0.0,0.0,0.0,0.0,0.0,6.0,12.0,1.0,12.17,5.04,2.51,1.49,0.0,0.0,0.0,361.3,0.0,-0.2,0.0,1.0,-169.70000000000002,0.0,0.0,169.8,0.0,21.700000000000003,28.9,28.9,30.9,300.0,300.0,31.700000000000003,35.9,28.8,28.0,29.9,4.95,1.99,4.97,0.16,0.0,0.0,1027.0,8228.0,0.0,0.0,0.0,0.0,0.0,1.0,0.0,0.0,0.0,0.0,0.0,0.8,0.0,-0.9,0.0,0.0,16.0,25903.0
2026-07-30T19:03:46.567Z,396.05,396.066,0.0,7.4,0.0,0.0,0.0,0.0,0.0,0.0,0.0,0.0,1.0,0.0,0.0,0.0,9.0,4.0,0.0,0.0,0.0,0.0,0.0,0.0,0.0,0.0,2.0,12.0,1.0,12.17,5.04,2.51,1.49,0.0,0.0,0.0,361.2000000000001,0.0,-0.2,-0.5,1.0,-169.70000000000002,0.0,0.0,169.8,0.0,21.700000000000003,28.9,28.9,30.9,300.0,300.0,31.700000000000003,35.9,28.8,28.0,29.9,4.95,1.99,4.97,0.16,0.0,0.0,1027.0,8228.0,0.0,0.0,0.0,0.0,0.0,1.0,0.0,0.0,0.0,0.0,0.0,0.1,0.0,-1.0,0.0,0.0,16.0,25903.0
2026-07-30T19:03:46.579Z,396.062,396.078,0.0,7.4,0.0,0.0,0.0,0.0,0.0,0.0,0.0,0.0,1.0,0.0,0.0,0.0,9.0,4.0,0.0,0.0,0.0,0.0,0.0,0.0,0.0,0.0,3.0,12.0,1.0,12.17,5.04,2.51,1.49,0.0,0.0,0.0,361.3,0.0,0.8,0.0,-1.3,-169.70000000000002,0.0,0.0,169.8,0.0,21.700000000000003,28.9,28.9,30.9,300.0,300.0,31.700000000000003,35.9,28.8,28.0,29.9,4.96,1.99,4.96,0.16,0.0,0.0,1027.0,8228.0,0.0,0.0,0.0,0.0,0.0,1.0,0.0,0.0,0.0,0.0,0.0,-0.9,0.0,1.1,0.0,0.0,16.0,25903.0
2026-07-30T19:03:46.591Z,396.074,396.09,0.0,7.4,0.0,0.0,0.0,0.0,0.0,0.0,0.0,0.0,1.0,0.0,0.0,0.0,9.0,4.0,0.0,0.0,0.0,0.0,0.0,0.0,0.0,0.0,5.0,12.0,1.0,12.17,5.04,2.51,1.49,0.0,0.0,0.0,361.3,0.0,-0.2,-0.5,-1.3,-169.70000000000002,0.0,0.0,169.8,0.0,21.700000000000003,28.9,28.9,30.9,300.0,300.0,31.700000000000003,35.9,28.8,28.0,29.9,4.96,1.99,4.96,0.16,0.0,0.0,1027.0,8228.0,0.0,0.0,0.0,0.0,0.0,1.0,0.0,0.0,0.0,0.0,0.0,-1.6,0.0,1.0,0.0,0.0,16.0,25903.0
2026-07-30T19:03:46.603Z,396.086,396.102,0.0,7.4,0.0,0.0,0.0,0.0,0.0,0.0,0.0,0.0,1.0,0.0,0.0,0.0,9.0,4.0,0.0,0.0,0.0,0.0,0.0,0.0,0.0,0.0,6.0,12.0,1.0,12.17,5.04,2.51,1.49,0.0,0.0,0.0,361.3,0.0,-0.3,0.0,0.9,-169.70000000000002,0.0,0.0,169.8,0.0,21.700000000000003,28.9,28.9,30.9,300.0,300.0,31.700000000000003,35.9,28.8,28.0,29.9,4.95,1.99,4.96,0.16,0.0,0.0,1027.0,8228.0,0.0,0.0,0.0,0.0,0.0,1.0,0.0,0.0,0.0,0.0,0.0,0.7000000000000001,0.0,-0.8,0.0,0.0,16.0,25903.0
2026-07-30T19:03:46.615Z,396.098,396.114,0.0,7.4,0.0,0.0,0.0,0.0,0.0,0.0,0.0,0.0,1.0,0.0,0.0,0.0,9.0,4.0,0.0,0.0,0.0,0.0,0.0,0.0,0.0,0.0,1.0,12.0,1.0,12.17,5.04,2.51,1.49,0.0,0.0,0.0,361.3,0.0,-0.3,-1.1,-0.7000000000000001,-169.70000000000002,0.0,0.0,169.8,0.0,21.700000000000003,28.9,28.9,30.9,300.0,300.0,31.700000000000003,35.9,28.8,28.0,29.9,4.95,1.99,4.97,0.16,0.0,0.0,1027.0,8228.0,0.0,0.0,0.0,0.0,0.0,1.0,0.0,0.0,0.0,0.0,0.0,-1.8,0.0,0.4,0.0,0.0,16.0,25903.0
2026-07-30T19:03:46.628Z,396.111,396.126,0.0,7.4,0.0,0.0,0.0,0.0,0.0,0.0,0.0,0.0,1.0,0.0,0.0,0.0,9.0,4.0,0.0,0.0,0.0,0.0,0.0,0.0,0.0,0.0,2.0,12.0,1.0,12.17,5.04,2.51,1.49,0.0,0.0,0.0,361.4,0.0,-0.3,-0.5,0.4,-169.70000000000002,0.0,0.0,169.8,0.0,21.700000000000003,28.9,28.9,30.9,300.0,300.0,31.700000000000003,35.9,28.8,28.0,29.9,4.96,1.99,4.96,0.16,0.0,0.0,1027.0,8228.0,0.0,0.0,0.0,0.0,0.0,1.0,0.0,0.0,0.0,0.0,0.0,-0.3,0.0,-0.4,0.0,0.0,16.0,25903.0
2026-07-30T19:03:46.640Z,396.123,396.138,0.0,7.4,0.0,0.0,0.0,0.0,0.0,0.0,0.0,0.0,1.0,0.0,0.0,0.0,9.0,4.0,0.0,0.0,0.0,0.0,0.0,0.0,0.0,0.0,3.0,12.0,1.0,12.17,5.04,2.51,1.49,0.0,0.0,0.0,361.3,0.0,0.8,0.0,-0.1,-169.70000000000002,0.0,0.0,169.60000000000002,0.0,21.700000000000003,28.9,28.9,30.9,300.0,300.0,31.700000000000003,35.9,28.8,28.0,29.9,4.96,1.99,4.97,0.16,0.0,0.0,1027.0,8228.0,0.0,0.0,0.0,0.0,0.0,1.0,0.0,0.0,0.0,0.0,0.0,-0.1,0.0,0.1,0.0,0.0,16.0,25903.0
2026-07-30T19:03:46.651Z,396.134,396.15,0.0,7.4,0.0,0.0,0.0,0.0,0.0,0.0,0.0,0.0,1.0,0.0,0.0,0.0,9.0,4.0,0.0,0.0,0.0,0.0,0.0,0.0,0.0,0.0,5.0,12.0,1.0,12.13,5.01,2.5,1.5,0.0,0.0,0.0,361.4,0.0,-0.3,-0.5,-0.7000000000000001,-169.70000000000002,0.0,0.0,169.70000000000002,0.0,21.700000000000003,28.9,28.9,30.9,300.0,300.0,31.700000000000003,35.9,28.8,28.0,29.9,4.95,1.99,4.97,0.16,0.0,0.0,1027.0,8228.0,0.0,0.0,0.0,0.0,0.0,1.0,0.0,0.0,0.0,0.0,0.0,-1.1,0.0,0.5,0.0,0.0,16.0,25903.0
2026-07-30T19:03:46.663Z,396.146,396.162,0.0,7.4,0.0,0.0,0.0,0.0,0.0,0.0,0.0,0.0,1.0,0.0,0.0,0.0,9.0,4.0,0.0,0.0,0.0,0.0,0.0,0.0,0.0,0.0,6.0,12.0,1.0,12.13,5.01,2.5,1.5,0.0,0.0,0.0,361.3,0.0,-0.9,0.6000000000000001,-0.1,-169.70000000000002,0.0,0.0,169.70000000000002,0.0,21.700000000000003,28.9,28.9,30.9,300.0,300.0,31.700000000000003,35.9,28.8,28.0,29.9,4.96,1.99,4.97,0.16,0.0,0.0,1027.0,8228.0,0.0,0.0,0.0,0.0,0.0,1.0,0.0,0.0,0.0,0.0,0.0,0.5,0.0,0.2,0.0,0.0,16.0,25903.0
2026-07-30T19:03:46.676Z,396.159,396.174,0.0,7.4,0.0,0.0,0.0,0.0,0.0,0.0,0.0,0.0,1.0,0.0,0.0,0.0,9.0,4.0,0.0,0.0,0.0,0.0,0.0,0.0,0.0,0.0,1.0,12.0,1.0,12.13,5.01,2.5,1.5,0.0,0.0,0.0,361.3,0.0,-0.3,-1.1,-0.1,-169.70000000000002,0.0,0.0,169.60000000000002,0.0,21.700000000000003,28.9,28.9,30.9,300.0,300.0,31.700000000000003,35.9,28.8,28.0,29.9,4.96,2.0,4.96,0.16,0.0,0.0,1027.0,8228.0,0.0,0.0,0.0,0.0,0.0,1.0,0.0,0.0,0.0,0.0,0.0,-1.4,0.0,0.0,0.0,0.0,16.0,25903.0
2026-07-30T19:03:46.687Z,396.17,396.186,0.0,7.4,0.0,0.0,0.0,0.0,0.0,0.0,0.0,0.0,1.0,0.0,0.0,0.0,9.0,4.0,0.0,0.0,0.0,0.0,0.0,0.0,0.0,0.0,2.0,12.0,1.0,12.13,5.01,2.5,1.5,0.0,0.0,0.0,361.3,0.0,1.3,0.5,0.9,-169.70000000000002,0.0,0.0,169.70000000000002,0.0,21.700000000000003,28.9,28.9,30.9,300.0,300.0,31.700000000000003,35.9,28.8,28.0,29.9,4.96,1.99,4.97,0.16,0.0,0.0,1027.0,8228.0,0.0,0.0,0.0,0.0,0.0,1.0,0.0,0.0,0.0,0.0,0.0,1.3,0.0,-0.7000000000000001,0.0,0.0,16.0,25903.0
2026-07-30T19:03:46.700Z,396.183,396.198,0.0,7.4,0.0,0.0,0.0,0.0,0.0,0.0,0.0,0.0,1.0,0.0,0.0,0.0,9.0,4.0,0.0,0.0,0.0,0.0,0.0,0.0,0.0,0.0,4.0,12.0,1.0,12.13,5.01,2.5,1.5,0.0,0.0,0.0,361.3,0.0,0.2,1.1,0.9,-169.70000000000002,0.0,0.0,169.70000000000002,0.0,21.700000000000003,28.9,28.9,30.9,300.0,300.0,31.700000000000003,35.9,28.8,28.0,29.9,4.96,1.99,4.97,0.16,0.0,0.0,1027.0,8228.0,0.0,0.0,0.0,0.0,0.0,1.0,0.0,0.0,0.0,0.0,0.0,2.0,0.0,-0.6000000000000001,0.0,0.0,16.0,25903.0
2026-07-30T19:03:46.711Z,396.194,396.21,0.0,7.4,0.0,0.0,0.0,0.0,0.0,0.0,0.0,0.0,1.0,0.0,0.0,0.0,9.0,4.0,0.0,0.0,0.0,0.0,0.0,0.0,0.0,0.0,5.0,12.0,1.0,12.13,5.01,2.5,1.5,0.0,0.0,0.0,361.4,0.0,1.3,-0.5,0.4,-169.70000000000002,0.0,0.0,169.70000000000002,0.0,21.700000000000003,28.9,28.9,30.9,300.0,300.0,31.700000000000003,35.9,28.8,28.0,29.9,4.96,1.99,4.96,0.16,0.0,0.0,1027.0,8228.0,0.0,0.0,0.0,0.0,0.0,1.0,0.0,0.0,0.0,0.0,0.0,-0.7000000000000001,0.0,0.0,0.0,0.0,16.0,25903.0
2026-07-30T19:03:46.723Z,396.206,396.222,0.0,7.4,0.0,0.0,0.0,0.0,0.0,0.0,0.0,0.0,1.0,0.0,0.0,0.0,9.0,4.0,0.0,0.0,0.0,0.0,0.0,0.0,0.0,0.0,6.0,12.0,1.0,12.13,5.01,2.5,1.5,0.0,0.0,0.0,361.3,0.0,-0.3,-0.5,0.9,-169.70000000000002,0.0,0.0,169.60000000000002,0.0,21.700000000000003,28.9,28.9,30.9,300.0,300.0,31.700000000000003,35.9,28.8,28.0,29.9,4.95,1.99,4.97,0.16,0.0,0.0,1027.0,8228.0,0.0,0.0,0.0,0.0,0.0,1.0,0.0,0.0,0.0,0.0,0.0,0.0,0.0,-0.9,0.0,0.0,16.0,25903.0
2026-07-30T19:03:46.736Z,396.219,396.234,0.0,7.4,0.0,0.0,0.0,0.0,0.0,0.0,0.0,0.0,1.0,0.0,0.0,0.0,9.0,4.0,0.0,0.0,0.0,0.0,0.0,0.0,0.0,0.0,2.0,12.0,1.0,12.13,5.01,2.5,1.5,0.0,0.1,0.0,361.3,0.0,-0.9,0.0,-0.1,-169.70000000000002,0.0,0.0,169.70000000000002,0.0,21.700000000000003,28.9,28.9,30.9,300.0,300.0,31.700000000000003,35.9,28.8,28.0,29.9,4.95,1.99,4.97,0.16,0.0,0.0,1027.0,8228.0,0.0,0.0,0.0,0.0,0.0,1.0,0.0,0.0,0.0,0.0,0.0,-0.1,0.0,0.1,0.0,0.0,16.0,25903.0
2026-07-30T19:03:46.747Z,396.23,396.246,0.0,7.4,0.0,0.0,0.0,0.0,0.0,0.0,0.0,0.0,1.0,0.0,0.0,0.0,9.0,4.0,0.0,0.0,0.0,0.0,0.0,0.0,0.0,0.0,2.0,12.0,1.0,12.13,5.01,2.5,1.5,0.0,0.0,0.0,361.4,0.0,-0.3,0.0,0.3,-169.70000000000002,0.0,0.0,169.60000000000002,0.0,21.700000000000003,28.9,28.9,30.9,300.0,300.0,31.700000000000003,35.9,28.8,28.0,29.9,4.95,2.0,4.97,0.16,0.0,0.0,1027.0,8228.0,0.0,0.0,0.0,0.0,0.0,1.0,0.0,0.0,0.0,0.0,0.0,0.2,0.0,-0.3,0.0,0.0,16.0,25903.0
2026-07-30T19:03:46.760Z,396.243,396.258,0.0,7.4,0.0,0.0,0.0,0.0,0.0,0.0,0.0,0.0,1.0,0.0,0.0,0.0,9.0,4.0,0.0,0.0,0.0,0.0,0.0,0.0,0.0,0.0,4.0,12.0,1.0,12.15,5.01,2.51,1.49,0.0,0.0,0.0,361.4,0.0,0.8,0.0,0.3,-169.70000000000002,0.0,0.0,169.70000000000002,0.0,21.8,28.9,28.9,30.9,300.0,300.0,31.700000000000003,35.9,28.8,28.0,29.9,4.95,2.0,4.96,0.16,0.0,0.0,1027.0,8228.0,0.0,0.0,0.0,0.0,0.0,1.0,0.0,0.0,0.0,0.0,0.0,0.2,0.0,-0.2,0.0,0.0,16.0,25903.0
2026-07-30T19:03:46.771Z,396.254,396.27,0.0,7.4,0.0,0.0,0.0,0.0,0.0,0.0,0.0,0.0,1.0,0.0,0.0,0.0,9.0,4.0,0.0,0.0,0.0,0.0,0.0,0.0,0.0,0.0,5.0,12.0,1.0,12.15,5.01,2.51,1.49,0.0,0.0,0.0,361.3,0.0,1.4,0.5,0.3,-169.70000000000002,0.0,0.0,169.8,0.0,21.8,28.9,28.9,30.9,300.0,300.0,31.700000000000003,35.9,28.8,28.0,29.9,4.95,1.99,4.97,0.16,0.0,0.0,1027.0,8228.0,0.0,0.0,0.0,0.0,0.0,1.0,0.0,0.0,0.0,0.0,0.0,-2.8000000000000003,0.0,1.5,0.0,0.0,16.0,25903.0
2026-07-30T19:03:46.783Z,396.266,396.282,0.0,7.4,0.0,0.0,0.0,0.0,0.0,0.0,0.0,0.0,1.0,0.0,0.0,0.0,9.0,4.0,0.0,0.0,0.0,0.0,0.0,0.0,0.0,0.0,6.0,12.0,1.0,12.15,5.01,2.51,1.49,0.0,0.0,0.0,361.4,0.0,0.2,0.6000000000000001,0.3,-169.70000000000002,0.0,0.0,169.70000000000002,0.0,21.8,28.9,28.9,30.9,300.0,300.0,31.700000000000003,35.9,28.8,28.0,29.9,4.95,1.99,4.96,0.16,0.0,0.0,1027.0,8228.0,0.0,0.0,0.0,0.0,0.0,1.0,0.0,0.0,0.0,0.0,0.0,3.2,0.0,-1.0,0.0,0.0,16.0,25903.0
2026-07-30T19:03:46.795Z,396.278,396.294,0.0,7.4,0.0,0.0,0.0,0.0,0.0,0.0,0.0,0.0,1.0,0.0,0.0,0.0,9.0,4.0,0.0,0.0,0.0,0.0,0.0,0.0,0.0,0.0,1.0,12.0,1.0,12.15,5.01,2.51,1.49,0.0,0.0,0.0,361.3,0.0,0.2,0.6000000000000001,-0.7000000000000001,-169.70000000000002,0.0,0.0,169.8,0.0,21.8,28.9,28.9,30.9,300.0,300.0,31.700000000000003,35.9,28.8,28.0,29.9,4.96,1.99,4.96,0.16,0.0,0.0,1027.0,8228.0,0.0,0.0,0.0,0.0,0.0,1.0,0.0,0.0,0.0,0.0,0.0,3.2,0.0,-0.9,0.0,0.0,16.0,25903.0
2026-07-30T19:03:46.807Z,396.29,396.306,0.0,7.4,0.0,0.0,0.0,0.0,0.0,0.0,0.0,0.0,1.0,0.0,0.0,0.0,9.0,4.0,0.0,0.0,0.0,0.0,0.0,0.0,0.0,0.0,2.0,12.0,1.0,12.15,5.01,2.51,1.49,0.0,0.0,0.0,361.3,0.0,-0.2,-0.5,-0.2,-169.70000000000002,0.0,0.0,169.70000000000002,0.0,21.8,28.9,28.9,30.9,300.0,300.0,31.700000000000003,35.9,28.8,28.0,29.9,4.95,1.99,4.97,0.16,0.0,0.0,1027.0,8228.0,0.0,0.0,0.0,0.0,0.0,1.0,0.0,0.0,0.0,0.0,0.0,-0.7000000000000001,0.0,0.0,0.0,0.0,16.0,25903.0
2026-07-30T19:03:46.820Z,396.303,396.318,0.0,7.4,0.0,0.0,0.0,0.0,0.0,0.0,0.0,0.0,1.0,0.0,0.0,0.0,9.0,4.0,0.0,0.0,0.0,0.0,0.0,0.0,0.0,0.0,3.0,12.0,1.0,12.15,5.01,2.51,1.49,0.0,0.0,0.0,361.3,0.0,-0.2,-1.0,-0.2,-169.70000000000002,0.0,0.0,169.70000000000002,0.0,21.8,28.9,28.9,30.9,300.0,300.0,31.700000000000003,35.9,28.8,28.0,29.9,4.96,1.99,4.97,0.16,0.0,0.0,1027.0,8228.0,0.0,0.0,0.0,0.0,0.0,1.0,0.0,0.0,0.0,0.0,0.0,-1.4,0.0,0.0,0.0,0.0,16.0,25903.0
2026-07-30T19:03:46.832Z,396.315,396.33,0.0,7.4,0.0,0.0,0.0,0.0,0.0,0.0,0.0,0.0,1.0,0.0,0.0,0.0,9.0,4.0,0.0,0.0,0.0,0.0,0.0,0.0,0.0,0.0,5.0,12.0,1.0,12.15,5.01,2.51,1.49,0.0,0.0,0.0,361.3,0.0,0.9,0.6000000000000001,0.8,-169.70000000000002,0.0,0.0,169.8,0.0,21.8,28.9,28.9,30.9,300.0,300.0,31.700000000000003,35.9,28.8,28.0,29.9,4.96,1.99,4.96,0.16,0.0,0.0,1027.0,8228.0,0.0,0.0,0.0,0.0,0.0,1.0,0.0,0.0,0.0,0.0,0.0,1.3,0.0,-0.6000000000000001,0.0,0.0,16.0,25903.0
2026-07-30T19:03:46.844Z,396.327,396.342,0.0,7.4,0.0,0.0,0.0,0.0,0.0,0.0,0.0,0.0,1.0,0.0,0.0,0.0,9.0,4.0,0.0,0.0,0.0,0.0,0.0,0.0,0.0,0.0,5.0,12.0,1.0,12.15,5.01,2.51,1.49,0.0,0.0,0.0,361.2000000000001,0.0,0.3,1.7000000000000002,0.3,-169.70000000000002,0.0,0.0,169.70000000000002,0.0,21.8,28.9,28.9,30.9,300.0,300.0,31.700000000000003,35.9,28.8,28.0,29.9,4.95,1.99,4.96,0.16,0.0,0.0,1027.0,8228.0,0.0,0.0,0.0,0.0,0.0,1.0,0.0,0.0,0.0,0.0,0.0,2.2,0.0,0.0,0.0,0.0,16.0,25903.0
2026-07-30T19:03:46.855Z,396.338,396.354,0.0,7.4,0.0,0.0,0.0,0.0,0.0,0.0,0.0,0.0,1.0,0.0,0.0,0.0,9.0,4.0,0.0,0.0,0.0,0.0,0.0,0.0,0.0,0.0,1.0,12.0,1.0,12.18,5.01,2.51,1.49,0.0,0.0,0.0,361.3,0.0,-0.2,0.6000000000000001,0.3,-169.70000000000002,0.0,0.0,169.8,0.0,21.200000000000003,28.9,28.9,30.9,300.0,300.0,31.6,35.9,28.8,28.0,29.9,4.95,1.99,4.97,0.16,0.0,0.0,1027.0,8228.0,0.0,0.0,0.0,0.0,0.0,1.0,0.0,0.0,0.0,0.0,0.0,0.9,0.0,-0.1,0.0,0.0,16.0,25903.0
2026-07-30T19:03:46.867Z,396.35,396.366,0.0,7.4,0.0,0.0,0.0,0.0,0.0,0.0,0.0,0.0,1.0,0.0,0.0,0.0,9.0,4.0,0.0,0.0,0.0,0.0,0.0,0.0,0.0,0.0,2.0,12.0,1.0,12.18,5.01,2.51,1.49,0.0,0.0,0.0,361.4,0.0,0.9,0.0,-0.2,-169.70000000000002,0.0,0.0,169.70000000000002,0.0,21.200000000000003,28.9,28.9,30.9,300.0,300.0,31.6,35.9,28.8,28.0,29.9,4.96,1.99,4.96,0.16,0.0,0.0,1027.0,8228.0,0.0,0.0,0.0,0.0,0.0,1.0,0.0,0.0,0.0,0.0,0.0,-0.1,0.0,0.2,0.0,0.0,16.0,25903.0
2026-07-30T19:03:46.879Z,396.362,396.378,0.0,7.4,0.0,0.0,0.0,0.0,0.0,0.0,0.0,0.0,1.0,0.0,0.0,0.0,9.0,4.0,0.0,0.0,0.0,0.0,0.0,0.0,0.0,0.0,3.0,12.0,1.0,12.18,5.01,2.51,1.49,0.0,0.0,0.0,361.4,0.0,-0.2,0.0,-0.1,-169.70000000000002,0.0,0.0,169.70000000000002,0.0,21.200000000000003,28.9,28.9,30.9,300.0,300.0,31.6,35.9,28.8,28.0,29.9,4.96,1.99,4.97,0.16,0.0,0.0,1027.0,8228.0,0.0,0.0,0.0,0.0,0.0,1.0,0.0,0.0,0.0,0.0,0.0,0.0,0.0,0.1,0.0,0.0,16.0,25903.0
2026-07-30T19:03:46.891Z,396.374,396.39,0.0,7.4,0.0,0.0,0.0,0.0,0.0,0.0,0.0,0.0,1.0,0.0,0.0,0.0,9.0,4.0,0.0,0.0,0.0,0.0,0.0,0.0,0.0,0.0,4.0,12.0,1.0,12.18,5.01,2.51,1.49,0.0,0.0,0.0,361.4,0.0,-0.1,-0.4,-0.7000000000000001,-169.70000000000002,0.0,0.0,169.70000000000002,0.0,21.200000000000003,28.9,28.9,30.9,300.0,300.0,31.6,35.9,28.8,28.0,29.9,4.95,2.0,4.97,0.16,0.0,0.0,1027.0,8228.0,0.0,0.0,0.0,0.0,0.0,1.0,0.0,0.0,0.0,0.0,0.0,-1.1,0.0,0.5,0.0,0.0,16.0,25903.0
2026-07-30T19:03:46.903Z,396.386,396.402,0.0,7.4,0.0,0.0,0.0,0.0,0.0,0.0,0.0,0.0,1.0,0.0,0.0,0.0,9.0,4.0,0.0,0.0,0.0,0.0,0.0,0.0,0.0,0.0,5.0,12.0,1.0,12.18,5.01,2.51,1.49,0.0,0.1,0.0,361.4,0.0,-0.2,-1.0,-0.7000000000000001,-169.70000000000002,0.0,0.0,169.8,0.0,21.200000000000003,28.9,28.9,30.9,300.0,300.0,31.6,35.9,28.8,28.0,29.9,4.96,2.0,4.97,0.16,0.0,0.0,1027.0,8228.0,0.0,0.0,0.0,0.0,0.0,1.0,0.0,0.0,0.0,0.0,0.0,-1.7000000000000002,0.0,0.4,0.0,0.0,16.0,25903.0
2026-07-30T19:03:46.915Z,396.398,396.414,0.0,7.4,0.0,0.0,0.0,0.0,0.0,0.0,0.0,0.0,1.0,0.0,0.0,0.0,9.0,4.0,0.0,0.0,0.0,0.0,0.0,0.0,0.0,0.0,6.0,12.0,1.0,12.18,5.01,2.51,1.49,0.0,0.0,0.0,361.3,0.0,0.3,0.1,-0.1,-169.70000000000002,0.0,0.0,169.8,0.0,21.200000000000003,28.9,28.9,30.9,300.0,300.0,31.6,35.9,28.8,28.0,29.9,4.95,2.0,4.97,0.16,0.0,0.0,1027.0,8228.0,0.0,0.0,0.0,0.0,0.0,1.0,0.0,0.0,0.0,0.0,0.0,0.0,0.0,0.1,0.0,0.0,16.0,25903.0
2026-07-30T19:03:46.928Z,396.411,396.426,0.0,7.4,0.0,0.0,0.0,0.0,0.0,0.0,0.0,0.0,1.0,0.0,0.0,0.0,9.0,4.0,0.0,0.0,0.0,0.0,0.0,0.0,0.0,0.0,1.0,12.0,1.0,12.18,5.01,2.51,1.49,0.0,0.0,0.0,361.4,0.0,0.9,1.3,1.0,-169.70000000000002,0.0,0.0,169.8,0.0,21.200000000000003,28.9,28.9,30.9,300.0,300.0,31.6,35.9,28.8,28.0,29.9,4.95,1.99,4.97,0.16,0.0,0.0,1027.0,8228.0,0.0,0.0,0.0,0.0,0.0,1.0,0.0,0.0,0.0,0.0,0.0,2.2,0.0,-0.6000000000000001,0.0,0.0,16.0,25903.0
2026-07-30T19:03:46.940Z,396.423,396.438,0.0,7.4,0.0,0.0,0.0,0.0,0.0,0.0,0.0,0.0,1.0,0.0,0.0,0.0,9.0,4.0,0.0,0.0,0.0,0.0,0.0,0.0,0.0,0.0,2.0,12.0,1.0,12.18,5.01,2.51,1.49,0.0,0.0,0.0,361.3,0.0,0.3,0.1,-0.1,-169.70000000000002,0.0,0.0,169.8,0.0,21.200000000000003,28.9,28.9,30.9,300.0,300.0,31.6,35.9,28.8,28.0,29.9,4.96,1.99,4.97,0.16,0.0,0.0,1027.0,8228.0,0.0,0.0,0.0,0.0,0.0,1.0,0.0,0.0,0.0,0.0,0.0,0.0,0.0,0.1,0.0,0.0,16.0,25903.0
2026-07-30T19:03:46.952Z,396.435,396.45,0.0,7.4,0.0,0.0,0.0,0.0,0.0,0.0,0.0,0.0,1.0,0.0,0.0,0.0,9.0,4.0,0.0,0.0,0.0,0.0,0.0,0.0,0.0,0.0,3.0,12.0,1.0,12.18,5.01,2.51,1.49,0.0,0.0,0.0,361.4,0.0,0.9,0.7000000000000001,-0.1,-169.70000000000002,0.0,0.0,169.70000000000002,0.0,21.200000000000003,28.9,28.9,30.9,300.0,300.0,31.6,35.9,28.8,28.0,29.9,4.96,1.99,4.96,0.16,0.0,0.0,1027.0,8228.0,0.0,0.0,0.0,0.0,0.0,1.0,0.0,0.0,0.0,0.0,0.0,0.7000000000000001,0.0,0.2,0.0,0.0,16.0,25903.0
2026-07-30T19:03:46.963Z,396.446,396.462,0.0,7.4,0.0,0.0,0.0,0.0,0.0,0.0,0.0,0.0,1.0,0.0,0.0,0.0,9.0,4.0,0.0,0.0,0.0,0.0,0.0,0.0,0.0,0.0,5.0,12.0,1.0,12.13,5.01,2.5,1.49,0.0,0.1,0.0,361.3,0.0,0.3,-1.5,-0.1,-169.70000000000002,0.0,0.0,169.8,0.0,21.4,28.9,28.9,30.9,300.0,300.0,31.8,35.9,28.8,28.0,29.9,4.95,1.99,4.97,0.16,0.0,0.0,1027.0,8228.0,0.0,0.0,0.0,0.0,0.0,1.0,0.0,0.0,0.0,0.0,0.0,-1.8,0.0,-0.2,0.0,0.0,16.0,25903.0
2026-07-30T19:03:46.975Z,396.458,396.474,0.0,7.4,0.0,0.0,0.0,0.0,0.0,0.0,0.0,0.0,1.0,0.0,0.0,0.0,9.0,4.0,0.0,0.0,0.0,0.0,0.0,0.0,0.0,0.0,6.0,12.0,1.0,12.13,5.01,2.5,1.49,0.0,0.0,0.0,361.3,0.0,-0.7000000000000001,0.2,0.0,-169.70000000000002,0.0,0.0,169.8,0.0,21.4,28.9,28.9,30.9,300.0,300.0,31.8,35.9,28.8,28.0,29.9,4.95,1.99,4.96,0.16,0.0,0.0,1027.0,8228.0,0.0,0.0,0.0,0.0,0.0,1.0,0.0,0.0,0.0,0.0,0.0,0.1,0.0,0.1,0.0,0.0,16.0,25903.0
2026-07-30T19:03:46.987Z,396.47,396.486,0.0,7.4,0.0,0.0,0.0,0.0,0.0,0.0,0.0,0.0,1.0,0.0,0.0,0.0,9.0,4.0,0.0,0.0,0.0,0.0,0.0,0.0,0.0,0.0,2.0,12.0,1.0,12.13,5.01,2.5,1.49,0.0,0.0,0.0,361.3,0.0,-0.1,-0.3,-0.1,-169.70000000000002,0.0,0.0,169.8,0.0,21.4,28.9,28.9,30.9,300.0,300.0,31.8,35.9,28.8,28.0,29.9,4.96,1.99,4.96,0.16,0.0,0.0,1027.0,8228.0,0.0,0.0,0.0,0.0,0.0,1.0,0.0,0.0,0.0,0.0,0.0,-0.4,0.0,0.0,0.0,0.0,16.0,25903.0
2026-07-30T19:03:46.999Z,396.482,396.498,0.0,7.4,0.0,0.0,0.0,0.0,0.0,0.0,0.0,0.0,1.0,0.0,0.0,0.0,9.0,4.0,0.0,0.0,0.0,0.0,0.0,0.0,0.0,0.0,3.0,12.0,1.0,12.13,5.01,2.5,1.49,0.0,0.0,0.0,361.3,0.0,-0.2,-0.3,1.0,-169.70000000000002,0.0,0.0,169.70000000000002,0.0,21.4,28.9,28.9,30.9,300.0,300.0,31.8,35.9,28.8,28.0,29.9,4.95,1.99,4.97,0.16,0.0,0.0,1027.0,8228.0,0.0,0.0,0.0,0.0,0.0,1.0,0.0,0.0,0.0,0.0,0.0,0.4,0.0,-1.0,0.0,0.0,16.0,25903.0
2026-07-30T19:03:47.011Z,396.494,396.51,0.0,7.4,0.0,0.0,0.0,0.0,0.0,0.0,0.0,0.0,1.0,0.0,0.0,0.0,9.0,4.0,0.0,0.0,0.0,0.0,0.0,0.0,0.0,0.0,4.0,12.0,1.0,12.13,5.01,2.5,1.49,0.0,0.0,0.0,361.3,0.0,-0.8,-0.9,-0.7000000000000001,-169.70000000000002,0.0,0.0,169.60000000000002,0.0,21.4,28.9,28.9,30.9,300.0,300.0,31.8,35.9,28.8,28.0,29.9,4.96,1.99,4.97,0.16,0.0,0.0,1027.0,8228.0,0.0,0.0,0.0,0.0,0.0,1.0,0.0,0.0,0.0,0.0,0.0,-1.6,0.0,0.4,0.0,0.0,16.0,25903.0
2026-07-30T19:03:47.024Z,396.507,396.522,0.0,7.4,0.0,0.0,0.0,0.0,0.0,0.0,0.0,0.0,1.0,0.0,0.0,0.0,9.0,4.0,0.0,0.0,0.0,0.0,0.0,0.0,0.0,0.0,5.0,12.0,1.0,12.13,5.01,2.5,1.49,0.0,0.0,0.0,361.3,0.0,0.3,1.9,0.4,-169.70000000000002,0.0,0.0,169.70000000000002,0.0,21.4,28.9,28.9,30.9,300.0,300.0,31.8,35.9,28.8,28.0,29.9,4.96,1.99,4.96,0.16,0.0,0.0,1027.0,8228.0,0.0,0.0,0.0,0.0,0.0,1.0,0.0,0.0,0.0,0.0,0.0,2.6,0.0,0.0,0.0,0.0,16.0,25903.0
2026-07-30T19:03:47.035Z,396.518,396.534,0.0,7.4,0.0,0.0,0.0,0.0,0.0,0.0,0.0,0.0,1.0,0.0,0.0,0.0,9.0,4.0,0.0,0.0,0.0,0.0,0.0,0.0,0.0,0.0,1.0,12.0,1.0,12.13,5.01,2.5,1.49,0.0,0.1,0.0,361.3,0.0,0.3,1.4,1.0,-169.70000000000002,0.0,0.0,169.8,0.0,21.4,28.9,28.9,30.9,300.0,300.0,31.8,35.9,28.8,28.0,29.9,4.96,1.99,4.96,0.16,0.0,0.0,1027.0,8228.0,0.0,0.0,0.0,0.0,0.0,1.0,0.0,0.0,0.0,0.0,0.0,2.3000000000000003,0.0,-0.6000000000000001,0.0,0.0,16.0,25903.0
2026-07-30T19:03:47.047Z,396.53,396.546,0.0,7.4,0.0,0.0,0.0,0.0,0.0,0.0,0.0,0.0,1.0,0.0,0.0,0.0,9.0,4.0,0.0,0.0,0.0,0.0,0.0,0.0,0.0,0.0,2.0,12.0,1.0,12.13,5.01,2.5,1.49,0.0,0.0,0.0,361.3,0.0,-0.7000000000000001,0.2,0.4,-169.70000000000002,0.0,0.0,169.8,0.0,21.4,28.9,28.9,30.9,300.0,300.0,31.8,35.9,28.8,28.0,29.9,4.95,1.99,4.97,0.16,0.0,0.0,1027.0,8228.0,0.0,0.0,0.0,0.0,0.0,1.0,0.0,0.0,0.0,0.0,0.0,0.6000000000000001,0.0,-0.3,0.0,0.0,16.0,25903.0
2026-07-30T19:03:47.060Z,396.543,396.558,0.0,7.4,0.0,0.0,0.0,0.0,0.0,0.0,0.0,0.0,1.0,0.0,0.0,0.0,9.0,4.0,0.0,0.0,0.0,0.0,0.0,0.0,0.0,0.0,3.0,12.0,1.0,12.17,5.0200000000000005,2.51,1.49,0.0,0.0,0.0,361.3,0.0,-0.1,0.8,0.4,-169.70000000000002,0.0,0.0,169.70000000000002,0.0,21.8,28.9,28.9,30.9,300.0,300.0,31.8,35.9,28.8,28.0,29.9,4.96,2.0,4.97,0.16,0.0,0.0,1027.0,8228.0,0.0,0.0,0.0,0.0,0.0,1.0,0.0,0.0,0.0,0.0,0.0,1.2000000000000002,0.0,-0.1,0.0,0.0,16.0,25903.0
2026-07-30T19:03:47.072Z,396.555,396.57,0.0,7.4,0.0,0.0,0.0,0.0,0.0,0.0,0.0,0.0,1.0,0.0,0.0,0.0,9.0,4.0,0.0,0.0,0.0,0.0,0.0,0.0,0.0,0.0,4.0,12.0,1.0,12.17,5.0200000000000005,2.51,1.49,0.0,0.0,0.0,361.3,0.0,0.4,0.2,-0.1,-169.70000000000002,0.0,0.0,169.8,0.0,21.8,28.9,28.9,30.9,300.0,300.0,31.8,35.9,28.8,28.0,29.9,4.96,2.0,4.97,0.16,0.0,0.0,1027.0,8228.0,0.0,0.0,0.0,0.0,0.0,1.0,0.0,0.0,0.0,0.0,0.0,0.1,0.0,0.1,0.0,0.0,16.0,25903.0
2026-07-30T19:03:47.083Z,396.566,396.582,0.0,7.4,0.0,0.0,0.0,0.0,0.0,0.0,0.0,0.0,1.0,0.0,0.0,0.0,9.0,4.0,0.0,0.0,0.0,0.0,0.0,0.0,0.0,0.0,5.0,12.0,1.0,12.17,5.0200000000000005,2.51,1.49,0.0,0.1,0.0,361.3,0.0,-0.1,0.8,-0.6000000000000001,-169.70000000000002,0.0,0.0,169.70000000000002,0.0,21.8,28.9,28.9,30.9,300.0,300.0,31.8,35.9,28.8,28.0,29.9,4.96,1.99,4.97,0.16,0.0,0.0,1027.0,8228.0,0.0,0.0,0.0,0.0,0.0,1.0,0.0,0.0,0.0,0.0,0.0,0.4,0.0,0.7000000000000001,0.0,0.0,16.0,25903.0
2026-07-30T19:03:47.096Z,396.579,396.594,0.0,7.4,0.0,0.0,0.0,0.0,0.0,0.0,0.0,0.0,1.0,0.0,0.0,0.0,9.0,4.0,0.0,0.0,0.0,0.0,0.0,0.0,0.0,0.0,6.0,12.0,1.0,12.17,5.0200000000000005,2.51,1.49,0.0,0.0,0.0,361.4,0.0,0.4,-0.3,1.0,-169.70000000000002,0.0,0.0,169.8,0.0,21.8,28.9,28.9,30.9,300.0,300.0,31.8,35.9,28.8,28.0,29.9,4.96,1.99,4.96,0.16,0.0,0.0,1027.0,8228.0,0.0,0.0,0.0,0.0,0.0,1.0,0.0,0.0,0.0,0.0,0.0,0.3,0.0,-1.0,0.0,0.0,16.0,25903.0
2026-07-30T19:03:47.108Z,396.591,396.606,0.0,7.4,0.0,0.0,0.0,0.0,0.0,0.0,0.0,0.0,1.0,0.0,0.0,0.0,9.0,4.0,0.0,0.0,0.0,0.0,0.0,0.0,0.0,0.0,1.0,12.0,1.0,12.17,5.0200000000000005,2.51,1.49,0.0,0.0,0.0,361.4,0.0,0.4,0.1,-0.1,-169.70000000000002,0.0,0.0,169.70000000000002,0.0,21.8,28.9,28.9,30.9,300.0,300.0,31.8,35.9,28.8,28.0,29.9,4.96,1.99,4.96,0.16,0.0,0.0,1027.0,8228.0,0.0,0.0,0.0,0.0,0.0,1.0,0.0,0.0,0.0,0.0,0.0,0.1,0.0,0.1,0.0,0.0,16.0,25903.0
2026-07-30T19:03:47.119Z,396.602,396.618,0.0,7.4,0.0,0.0,0.0,0.0,0.0,0.0,0.0,0.0,1.0,0.0,0.0,0.0,9.0,4.0,0.0,0.0,0.0,0.0,0.0,0.0,0.0,0.0,2.0,12.0,1.0,12.17,5.0200000000000005,2.51,1.49,0.0,0.0,0.0,361.3,0.0,-0.1,0.1,0.4,-169.70000000000002,0.0,0.0,169.70000000000002,0.0,21.8,28.9,28.9,30.9,300.0,300.0,31.8,35.9,28.8,28.0,29.9,4.96,1.99,4.97,0.16,0.0,0.0,1027.0,8228.0,0.0,0.0,0.0,0.0,0.0,1.0,0.0,0.0,0.0,0.0,0.0,0.5,0.0,-0.3,0.0,0.0,16.0,25903.0
2026-07-30T19:03:47.131Z,396.614,396.63,0.0,7.4,0.0,0.0,0.0,0.0,0.0,0.0,0.0,0.0,1.0,0.0,0.0,0.0,9.0,4.0,0.0,0.0,0.0,0.0,0.0,0.0,0.0,0.0,3.0,12.0,1.0,12.17,5.0200000000000005,2.51,1.49,0.0,0.1,0.0,361.3,0.0,0.4,-0.4,-0.1,-169.70000000000002,0.0,0.0,169.60000000000002,0.0,21.8,28.9,28.9,30.9,300.0,300.0,31.8,35.9,28.8,28.0,29.9,4.95,1.99,4.97,0.16,0.0,0.0,1027.0,8228.0,0.0,0.0,0.0,0.0,0.0,1.0,0.0,0.0,0.0,0.0,0.0,-0.5,0.0,0.0,0.0,0.0,16.0,25903.0
2026-07-30T19:03:47.144Z,396.627,396.642,0.0,7.4,0.0,0.0,0.0,0.0,0.0,0.0,0.0,0.0,1.0,0.0,0.0,0.0,9.0,4.0,0.0,0.0,0.0,0.0,0.0,0.0,0.0,0.0,5.0,12.0,1.0,12.17,5.0200000000000005,2.51,1.49,0.0,0.0,0.0,361.3,0.0,1.0,0.7000000000000001,1.0,-169.70000000000002,0.0,0.0,169.70000000000002,0.0,21.8,28.9,28.9,30.9,300.0,300.0,31.8,35.9,28.8,28.0,29.9,4.96,1.99,4.96,0.16,0.0,0.0,1027.0,8228.0,0.0,0.0,0.0,0.0,0.0,1.0,0.0,0.0,0.0,0.0,0.0,1.6,0.0,-0.7000000000000001,0.0,0.0,16.0,25903.0
2026-07-30T19:03:47.156Z,396.639,396.654,0.0,7.4,0.0,0.0,0.0,0.0,0.0,0.0,0.0,0.0,1.0,0.0,0.0,0.0,9.0,4.0,0.0,0.0,0.0,0.0,0.0,0.0,0.0,0.0,5.0,12.0,1.0,12.17,5.0200000000000005,2.51,1.49,0.0,0.0,0.0,361.3,0.0,-0.1,-0.4,-0.1,-169.70000000000002,0.0,0.0,169.70000000000002,0.0,21.8,28.9,28.9,30.9,300.0,300.0,31.8,35.9,28.8,28.0,29.9,4.96,1.99,4.96,0.16,0.0,0.0,1027.0,8228.0,0.0,0.0,0.0,0.0,0.0,1.0,0.0,0.0,0.0,0.0,0.0,-0.6000000000000001,0.0,0.0,0.0,0.0,16.0,25903.0
2026-07-30T19:03:47.168Z,396.651,396.666,0.0,7.4,0.0,0.0,0.0,0.0,0.0,0.0,0.0,0.0,1.0,0.0,0.0,0.0,9.0,4.0,0.0,0.0,0.0,0.0,0.0,0.0,0.0,0.0,1.0,12.0,1.0,12.15,5.0200000000000005,2.51,1.5,0.0,0.0,0.0,361.3,0.0,0.3,0.6000000000000001,0.0,-169.70000000000002,0.0,0.0,169.70000000000002,0.0,21.700000000000003,28.9,28.9,30.9,300.0,300.0,31.8,35.9,28.9,28.1,29.9,4.96,1.99,4.97,0.16,0.0,0.0,1027.0,8228.0,0.0,0.0,0.0,0.0,0.0,1.0,0.0,0.0,0.0,0.0,0.0,0.7000000000000001,0.0,0.2,0.0,0.0,16.0,25903.0
2026-07-30T19:03:47.180Z,396.663,396.678,0.0,7.4,0.0,0.0,0.0,0.0,0.0,0.0,0.0,0.0,1.0,0.0,0.0,0.0,9.0,4.0,0.0,0.0,0.0,0.0,0.0,0.0,0.0,0.0,1.0,12.0,1.0,12.15,5.0200000000000005,2.51,1.5,0.0,0.0,0.0,361.3,0.0,0.3,1.8,1.0,-169.70000000000002,0.0,0.0,169.70000000000002,0.0,21.700000000000003,28.9,28.9,30.9,300.0,300.0,31.8,35.9,28.9,28.1,29.9,4.95,1.99,4.97,0.16,0.0,0.0,1027.0,8228.0,0.0,0.0,0.0,0.0,0.0,1.0,0.0,0.0,0.0,0.0,0.0,2.9000000000000004,0.0,-0.5,0.0,0.0,16.0,25903.0
2026-07-30T19:03:47.192Z,396.675,396.69,0.0,7.4,0.0,0.0,0.0,0.0,0.0,0.0,0.0,0.0,1.0,0.0,0.0,0.0,9.0,4.0,0.0,0.0,0.0,0.0,0.0,0.0,0.0,0.0,3.0,12.0,1.0,12.15,5.0200000000000005,2.51,1.5,0.0,0.0,0.0,361.4,0.0,0.9,-1.1,-0.6000000000000001,-169.70000000000002,0.0,0.0,169.60000000000002,0.0,21.700000000000003,28.9,28.9,30.9,300.0,300.0,31.8,35.9,28.9,28.1,29.9,4.96,1.99,4.97,0.16,0.0,0.0,1027.0,8228.0,0.0,0.0,0.0,0.0,0.0,1.0,0.0,0.0,0.0,0.0,0.0,-1.7000000000000002,0.0,0.3,0.0,0.0,16.0,25903.0
2026-07-30T19:03:47.203Z,396.686,396.702,0.0,7.4,0.0,0.0,0.0,0.0,0.0,0.0,0.0,0.0,1.0,0.0,0.0,0.0,9.0,4.0,0.0,0.0,0.0,0.0,0.0,0.0,0.0,0.0,4.0,12.0,1.0,12.15,5.0200000000000005,2.51,1.5,0.0,0.0,0.0,361.4,0.0,0.3,-1.1,-0.6000000000000001,-169.70000000000002,0.0,0.0,169.70000000000002,0.0,21.700000000000003,28.9,28.9,30.9,300.0,300.0,31.8,35.9,28.9,28.1,29.9,4.95,1.99,4.97,0.16,0.0,0.0,1027.0,8228.0,0.0,0.0,0.0,0.0,0.0,1.0,0.0,0.0,0.0,0.0,0.0,-1.8,0.0,0.3,0.0,0.0,16.0,25903.0
2026-07-30T19:03:47.215Z,396.698,396.714,0.0,7.4,0.0,0.0,0.0,0.0,0.0,0.0,0.0,0.0,1.0,0.0,0.0,0.0,9.0,4.0,0.0,0.0,0.0,0.0,0.0,0.0,0.0,0.0,5.0,12.0,1.0,12.15,5.0200000000000005,2.51,1.5,0.0,0.1,0.0,361.4,0.0,-0.2,0.0,0.5,-169.70000000000002,0.0,0.0,169.70000000000002,0.0,21.700000000000003,28.9,28.9,30.9,300.0,300.0,31.8,35.9,28.9,28.1,29.9,4.95,2.0,4.97,0.16,0.0,0.0,1027.0,8228.0,0.0,0.0,0.0,0.0,0.0,1.0,0.0,0.0,0.0,0.0,0.0,0.3,0.0,-0.4,0.0,0.0,16.0,25903.0
2026-07-30T19:03:47.227Z,396.71,396.726,0.0,7.4,0.0,0.0,0.0,0.0,0.0,0.0,0.0,0.0,1.0,0.0,0.0,0.0,9.0,4.0,0.0,0.0,0.0,0.0,0.0,0.0,0.0,0.0,6.0,12.0,1.0,12.15,5.0200000000000005,2.51,1.5,0.0,0.0,0.0,361.3,0.0,-0.2,-0.6000000000000001,0.0,-169.70000000000002,0.0,0.0,169.70000000000002,0.0,21.700000000000003,28.9,28.9,30.9,300.0,300.0,31.8,35.9,28.9,28.1,29.9,4.96,1.99,4.97,0.16,0.0,0.0,1027.0,8228.0,0.0,0.0,0.0,0.0,0.0,1.0,0.0,0.0,0.0,0.0,0.0,-0.7000000000000001,0.0,0.0,0.0,0.0,16.0,25903.0
2026-07-30T19:03:47.240Z,396.723,396.738,0.0,7.4,0.0,0.0,0.0,0.0,0.0,0.0,0.0,0.0,1.0,0.0,0.0,0.0,9.0,4.0,0.0,0.0,0.0,0.0,0.0,0.0,0.0,0.0,1.0,12.0,1.0,12.15,5.0200000000000005,2.51,1.5,0.0,0.1,0.0,361.3,0.0,0.8,0.5,1.1,-169.70000000000002,0.0,0.0,169.60000000000002,0.0,21.700000000000003,28.9,28.9,30.9,300.0,300.0,31.8,35.9,28.9,28.1,29.9,4.95,1.99,4.97,0.16,0.0,0.0,1027.0,8228.0,0.0,0.0,0.0,0.0,0.0,1.0,0.0,0.0,0.0,0.0,0.0,1.5,0.0,-0.8,0.0,0.0,16.0,25903.0
2026-07-30T19:03:47.251Z,396.734,396.75,0.0,7.4,0.0,0.0,0.0,0.0,0.0,0.0,0.0,0.0,1.0,0.0,0.0,0.0,9.0,4.0,0.0,0.0,0.0,0.0,0.0,0.0,0.0,0.0,2.0,12.0,1.0,12.15,5.0200000000000005,2.51,1.5,0.0,0.0,0.0,361.3,0.0,-0.2,0.0,0.5,-169.70000000000002,0.0,0.0,169.60000000000002,0.0,21.700000000000003,28.9,28.9,30.9,300.0,300.0,31.8,35.9,28.9,28.1,29.9,4.95,1.99,4.97,0.16,0.0,0.0,1027.0,8228.0,0.0,0.0,0.0,0.0,0.0,1.0,0.0,0.0,0.0,0.0,0.0,0.4,0.0,-0.4,0.0,0.0,16.0,25903.0
2026-07-30T19:03:47.263Z,396.746,396.762,0.0,7.4,0.0,0.0,0.0,0.0,0.0,0.0,0.0,0.0,1.0,0.0,0.0,0.0,9.0,4.0,0.0,0.0,0.0,0.0,0.0,0.0,0.0,0.0,3.0,12.0,1.0,12.18,5.0200000000000005,2.5,1.49,0.0,0.0,0.0,361.3,0.0,-0.2,0.5,-0.6000000000000001,-169.70000000000002,0.0,0.0,169.70000000000002,0.0,21.700000000000003,28.9,28.9,30.9,300.0,300.0,31.700000000000003,35.9,28.9,28.0,29.9,4.95,1.99,4.96,0.16,0.0,0.0,1027.0,8228.0,0.0,0.0,0.0,0.0,0.0,1.0,0.0,0.0,0.0,0.0,0.0,0.2,0.0,0.6000000000000001,0.0,0.0,16.0,25903.0
2026-07-30T19:03:47.275Z,396.758,396.774,0.0,7.4,0.0,0.0,0.0,0.0,0.0,0.0,0.0,0.0,1.0,0.0,0.0,0.0,9.0,4.0,0.0,0.0,0.0,0.0,0.0,0.0,0.0,0.0,4.0,12.0,1.0,12.18,5.0200000000000005,2.5,1.49,0.0,0.0,0.0,361.3,0.0,-0.2,0.0,0.0,-169.70000000000002,0.0,0.0,169.70000000000002,0.0,21.700000000000003,28.9,28.9,30.9,300.0,300.0,31.700000000000003,35.9,28.9,28.0,29.9,4.96,1.99,4.96,0.16,0.0,0.0,1027.0,8228.0,0.0,0.0,0.0,0.0,0.0,1.0,0.0,0.0,0.0,0.0,0.0,0.0,0.0,0.0,0.0,0.0,16.0,25903.0
2026-07-30T19:03:47.287Z,396.77,396.786,0.0,7.4,0.0,0.0,0.0,0.0,0.0,0.0,0.0,0.0,1.0,0.0,0.0,0.0,9.0,4.0,0.0,0.0,0.0,0.0,0.0,0.0,0.0,0.0,6.0,12.0,1.0,12.18,5.0200000000000005,2.5,1.49,0.0,0.0,0.0,361.4,0.0,-0.2,0.0,0.0,-169.70000000000002,0.0,0.0,169.70000000000002,0.0,21.700000000000003,28.9,28.9,30.9,300.0,300.0,31.700000000000003,35.9,28.9,28.0,29.9,4.95,1.99,4.97,0.16,0.0,0.0,1027.0,8228.0,0.0,0.0,0.0,0.0,0.0,1.0,0.0,0.0,0.0,0.0,0.0,-0.6000000000000001,0.0,0.0,0.0,0.0,16.0,25903.0
2026-07-30T19:03:47.300Z,396.783,396.798,0.0,7.4,0.0,0.0,0.0,0.0,0.0,0.0,0.0,0.0,1.0,0.0,0.0,0.0,9.0,4.0,0.0,0.0,0.0,0.0,0.0,0.0,0.0,0.0,1.0,12.0,1.0,12.18,5.0200000000000005,2.5,1.49,0.0,0.0,0.0,361.3,0.0,-0.8,0.0,0.4,-169.70000000000002,0.0,0.0,169.60000000000002,0.0,21.700000000000003,28.9,28.9,30.9,300.0,300.0,31.700000000000003,35.9,28.9,28.0,29.9,4.96,2.0,4.96,0.16,0.0,0.0,1027.0,8228.0,0.0,0.0,0.0,0.0,0.0,1.0,0.0,0.0,0.0,0.0,0.0,-2.9000000000000004,0.0,0.8,0.0,0.0,16.0,25903.0
2026-07-30T19:03:47.312Z,396.795,396.81,0.0,7.4,0.0,0.0,0.0,0.0,0.0,0.0,0.0,0.0,1.0,0.0,0.0,0.0,9.0,4.0,0.0,0.0,0.0,0.0,0.0,0.0,0.0,0.0,3.0,12.0,1.0,12.18,5.0200000000000005,2.5,1.49,0.0,0.0,0.0,361.3,0.0,-0.3,0.0,-0.1,-169.60000000000002,0.0,0.0,169.60000000000002,0.0,21.700000000000003,28.9,28.9,30.9,300.0,300.0,31.700000000000003,35.9,28.9,28.0,29.9,4.96,1.99,4.96,0.16,0.0,0.0,1027.0,8228.0,0.0,0.0,0.0,0.0,0.0,1.0,0.0,0.0,0.0,0.0,0.0,1.3,0.0,-0.7000000000000001,0.0,0.0,16.0,25903.0
2026-07-30T19:03:47.324Z,396.807,396.822,0.0,7.4,0.0,0.0,0.0,0.0,0.0,0.0,0.0,0.0,1.0,0.0,0.0,0.0,9.0,4.0,0.0,0.0,0.0,0.0,0.0,0.0,0.0,0.0,3.0,12.0,1.0,12.18,5.0200000000000005,2.5,1.49,0.0,0.0,0.0,361.3,0.0,-0.3,0.0,-1.3,-169.60000000000002,0.0,0.0,169.70000000000002,0.0,21.700000000000003,28.9,28.9,30.9,300.0,300.0,31.700000000000003,35.9,28.9,28.0,29.9,4.96,1.99,4.96,0.16,0.0,0.0,1027.0,8228.0,0.0,0.0,0.0,0.0,0.0,1.0,0.0,0.0,0.0,0.0,0.0,-1.0,0.0,1.1,0.0,0.0,16.0,25903.0
2026-07-30T19:03:47.335Z,396.818,396.834,0.0,7.4,0.0,0.0,0.0,0.0,0.0,0.0,0.0,0.0,1.0,0.0,0.0,0.0,9.0,4.0,0.0,0.0,0.0,0.0,0.0,0.0,0.0,0.0,4.0,12.0,1.0,12.18,5.0200000000000005,2.5,1.49,0.0,0.0,0.0,361.3,0.0,1.3,1.1,1.0,-169.60000000000002,0.0,0.0,169.70000000000002,0.0,21.700000000000003,28.9,28.9,30.9,300.0,300.0,31.700000000000003,35.9,28.9,28.0,29.9,4.95,1.99,4.97,0.16,0.0,0.0,1027.0,8228.0,0.0,0.0,0.0,0.0,0.0,1.0,0.0,0.0,0.0,0.0,0.0,2.0,0.0,-0.6000000000000001,0.0,0.0,16.0,25903.0
2026-07-30T19:03:47.348Z,396.831,396.846,0.0,7.4,0.0,0.0,0.0,0.0,0.0,0.0,0.0,0.0,1.0,0.0,0.0,0.0,9.0,4.0,0.0,0.0,0.0,0.0,0.0,0.0,0.0,0.0,5.0,12.0,1.0,12.18,5.0200000000000005,2.5,1.49,0.0,0.1,0.0,361.3,0.0,-0.3,0.5,-0.1,-169.60000000000002,0.0,0.0,169.70000000000002,0.0,21.700000000000003,28.9,28.9,30.9,300.0,300.0,31.700000000000003,35.9,28.9,28.0,29.9,4.96,1.99,4.96,0.16,0.0,0.0,1027.0,8228.0,0.0,0.0,0.0,0.0,0.0,1.0,0.0,0.0,0.0,0.0,0.0,0.5,0.0,0.2,0.0,0.0,16.0,25903.0
2026-07-30T19:03:47.359Z,396.842,396.858,0.0,7.4,0.0,0.0,0.0,0.0,0.0,0.0,0.0,0.0,1.0,0.0,0.0,0.0,9.0,4.0,0.0,0.0,0.0,0.0,0.0,0.0,0.0,0.0,1.0,12.0,1.0,12.18,5.0200000000000005,2.5,1.49,0.0,0.0,0.0,361.3,0.0,-0.9,0.6000000000000001,0.0,-169.60000000000002,0.0,0.0,169.70000000000002,0.0,21.700000000000003,28.9,28.9,30.9,300.0,300.0,31.700000000000003,35.9,28.9,28.0,29.9,4.96,1.99,4.96,0.16,0.0,0.0,1027.0,8228.0,0.0,0.0,0.0,0.0,0.0,1.0,0.0,0.0,0.0,0.0,0.0,0.6000000000000001,0.0,0.2,0.0,0.0,16.0,25903.0
2026-07-30T19:03:47.371Z,396.854,396.87,0.0,7.4,0.0,0.0,0.0,0.0,0.0,0.0,0.0,0.0,1.0,0.0,0.0,0.0,9.0,4.0,0.0,0.0,0.0,0.0,0.0,0.0,0.0,0.0,2.0,12.0,1.0,12.17,5.01,2.5,1.49,0.0,0.0,0.0,361.3,0.0,0.7000000000000001,0.0,1.6,-169.60000000000002,0.0,0.0,169.8,0.0,21.4,28.9,28.9,30.9,300.0,300.0,31.6,35.9,28.9,28.0,29.9,4.95,1.99,4.96,0.16,0.0,0.0,1027.0,8228.0,0.0,0.0,0.0,0.0,0.0,1.0,0.0,0.0,0.0,0.0,0.0,1.2000000000000002,0.0,-1.4,0.0,0.0,16.0,25903.0
2026-07-30T19:03:47.383Z,396.866,396.882,0.0,7.4,0.0,0.0,0.0,0.0,0.0,0.0,0.0,0.0,1.0,0.0,0.0,0.0,9.0,4.0,0.0,0.0,0.0,0.0,0.0,0.0,0.0,0.0,4.0,12.0,1.0,12.17,5.01,2.5,1.49,0.0,0.0,0.0,361.3,0.0,-0.4,-0.5,-0.1,-169.70000000000002,0.0,0.0,169.8,0.0,21.4,28.9,28.9,30.9,300.0,300.0,31.6,35.9,28.9,28.0,29.9,4.95,1.99,4.96,0.16,0.0,0.0,1027.0,8228.0,0.0,0.0,0.0,0.0,0.0,1.0,0.0,0.0,0.0,0.0,0.0,-0.6000000000000001,0.0,0.0,0.0,0.0,16.0,25903.0
2026-07-30T19:03:47.395Z,396.878,396.894,0.0,7.4,0.0,0.0,0.0,0.0,0.0,0.0,0.0,0.0,1.0,0.0,0.0,0.0,9.0,4.0,0.0,0.0,0.0,0.0,0.0,0.0,0.0,0.0,5.0,12.0,1.0,12.17,5.01,2.5,1.49,0.0,0.0,0.0,361.4,0.0,-0.3,0.6000000000000001,0.0,-169.70000000000002,0.0,0.0,169.8,0.0,21.4,28.9,28.9,30.9,300.0,300.0,31.6,35.9,28.9,28.0,29.9,4.96,1.99,4.96,0.16,0.0,0.0,1027.0,8228.0,0.0,0.0,0.0,0.0,0.0,1.0,0.0,0.0,0.0,0.0,0.0,0.6000000000000001,0.0,0.2,0.0,0.0,16.0,25903.0
2026-07-30T19:03:47.407Z,396.89,396.906,0.0,7.4,0.0,0.0,0.0,0.0,0.0,0.0,0.0,0.0,1.0,0.0,0.0,0.0,9.0,4.0,0.0,0.0,0.0,0.0,0.0,0.0,0.0,0.0,1.0,12.0,1.0,12.17,5.01,2.5,1.49,0.0,0.0,0.0,361.4,0.0,-0.4,0.6000000000000001,1.0,-169.70000000000002,0.0,0.0,169.8,0.0,21.4,28.9,28.9,30.9,300.0,300.0,31.6,35.9,28.9,28.0,29.9,4.96,1.99,4.96,0.16,0.0,0.0,1027.0,8228.0,0.0,0.0,0.0,0.0,0.0,1.0,0.0,0.0,0.0,0.0,0.0,1.4,0.0,-0.8,0.0,0.0,16.0,25903.0
2026-07-30T19:03:47.420Z,396.903,396.918,0.0,7.4,0.0,0.0,0.0,0.0,0.0,0.0,0.0,0.0,1.0,0.0,0.0,0.0,9.0,4.0,0.0,0.0,0.0,0.0,0.0,0.0,0.0,0.0,2.0,12.0,1.0,12.17,5.01,2.5,1.49,0.0,0.0,0.0,361.3,0.0,0.1,0.0,0.4,-169.70000000000002,0.0,0.0,169.70000000000002,0.0,21.4,28.9,28.9,30.9,300.0,300.0,31.6,35.9,28.9,28.0,29.9,4.95,2.0,4.96,0.16,0.0,0.0,1027.0,8228.0,0.0,0.0,0.0,0.0,0.0,1.0,0.0,0.0,0.0,0.0,0.0,0.3,0.0,-0.4,0.0,0.0,16.0,25903.0
2026-07-30T19:03:47.432Z,396.915,396.93,0.0,7.4,0.0,0.0,0.0,0.0,0.0,0.0,0.0,0.0,1.0,0.0,0.0,0.0,9.0,4.0,0.0,0.0,0.0,0.0,0.0,0.0,0.0,0.0,3.0,12.0,1.0,12.17,5.01,2.5,1.49,0.0,0.1,0.0,361.4,0.0,-0.4,-0.5,-0.1,-169.70000000000002,0.0,0.0,169.70000000000002,0.0,21.4,28.9,28.9,30.9,300.0,300.0,31.6,35.9,28.9,28.0,29.9,4.96,2.0,4.96,0.16,0.0,0.0,1027.0,8228.0,0.0,0.0,0.0,0.0,0.0,1.0,0.0,0.0,0.0,0.0,0.0,-0.7000000000000001,0.0,0.0,0.0,0.0,16.0,25903.0
2026-07-30T19:03:47.444Z,396.927,396.942,0.0,7.4,0.0,0.0,0.0,0.0,0.0,0.0,0.0,0.0,1.0,0.0,0.0,0.0,9.0,4.0,0.0,0.0,0.0,0.0,0.0,0.0,0.0,0.0,4.0,12.0,1.0,12.17,5.01,2.5,1.49,0.0,0.0,0.0,361.3,0.0,-0.3,0.0,-1.3,-169.70000000000002,0.0,0.0,169.60000000000002,0.0,21.4,28.9,28.9,30.9,300.0,300.0,31.6,35.9,28.9,28.0,29.9,4.95,1.99,4.97,0.16,0.0,0.0,1027.0,8228.0,0.0,0.0,0.0,0.0,0.0,1.0,0.0,0.0,0.0,0.0,0.0,-1.0,0.0,1.1,0.0,0.0,16.0,25903.0
2026-07-30T19:03:47.456Z,396.939,396.954,0.0,7.4,0.0,0.0,0.0,0.0,0.0,0.0,0.0,0.0,1.0,0.0,0.0,0.0,9.0,4.0,0.0,0.0,0.0,0.0,0.0,0.0,0.0,0.0,6.0,12.0,1.0,12.17,5.01,2.5,1.49,0.0,0.0,0.0,361.3,0.0,-0.3,0.0,-0.7000000000000001,-169.70000000000002,0.0,0.0,169.8,0.0,21.4,28.9,28.9,30.9,300.0,300.0,31.6,35.9,28.9,28.0,29.9,4.95,1.99,4.97,0.16,0.0,0.0,1027.0,8228.0,0.0,0.0,0.0,0.0,0.0,1.0,0.0,0.0,0.0,0.0,0.0,-0.5,0.0,0.6000000000000001,0.0,0.0,16.0,25903.0
2026-07-30T19:03:47.468Z,396.951,396.966,0.0,7.4,0.0,0.0,0.0,0.0,0.0,0.0,0.0,0.0,1.0,0.0,0.0,0.0,9.0,4.0,0.0,0.0,0.0,0.0,0.0,0.0,0.0,0.0,1.0,12.0,1.0,12.18,5.0200000000000005,2.5,1.49,0.0,0.0,0.0,361.4,0.0,0.1,0.5,-0.2,-169.70000000000002,0.0,0.0,169.8,0.0,20.9,28.9,28.9,30.9,300.0,300.0,31.6,35.9,28.9,28.0,29.9,4.96,1.99,4.97,0.16,0.0,0.0,1027.0,8228.0,0.0,0.0,0.0,0.0,0.0,1.0,0.0,0.0,0.0,0.0,0.0,0.4,0.0,0.3,0.0,0.0,16.0,25903.0
2026-07-30T19:03:47.479Z,396.962,396.978,0.0,7.4,0.0,0.0,0.0,0.0,0.0,0.0,0.0,0.0,1.0,0.0,0.0,0.0,9.0,4.0,0.0,0.0,0.0,0.0,0.0,0.0,0.0,0.0,2.0,12.0,1.0,12.18,5.0200000000000005,2.5,1.49,0.0,0.0,0.0,361.3,0.0,-0.3,-0.5,0.3,-169.70000000000002,0.0,0.0,169.70000000000002,0.0,20.9,28.9,28.9,30.9,300.0,300.0,31.6,35.9,28.9,28.0,29.9,4.95,1.99,4.96,0.16,0.0,0.0,1027.0,8228.0,0.0,0.0,0.0,0.0,0.0,1.0,0.0,0.0,0.0,0.0,0.0,-0.3,0.0,-0.4,0.0,0.0,16.0,25903.0
2026-07-30T19:03:47.491Z,396.974,396.99,0.0,7.4,0.0,0.0,0.0,0.0,0.0,0.0,0.0,0.0,1.0,0.0,0.0,0.0,9.0,4.0,0.0,0.0,0.0,0.0,0.0,0.0,0.0,0.0,3.0,12.0,1.0,12.18,5.0200000000000005,2.5,1.49,0.0,0.0,0.0,361.4,0.0,0.2,0.6000000000000001,-0.2,-169.70000000000002,0.0,0.0,169.8,0.0,20.9,28.9,28.9,30.9,300.0,300.0,31.6,35.9,28.9,28.0,29.9,4.95,1.99,4.97,0.16,0.0,0.0,1027.0,8228.0,0.0,0.0,0.0,0.0,0.0,1.0,0.0,0.0,0.0,0.0,0.0,0.5,0.0,0.3,0.0,0.0,16.0,25903.0
2026-07-30T19:03:47.503Z,396.986,397.002,0.0,7.4,0.0,0.0,0.0,0.0,0.0,0.0,0.0,0.0,1.0,0.0,0.0,0.0,9.0,4.0,0.0,0.0,0.0,0.0,0.0,0.0,0.0,0.0,4.0,12.0,1.0,12.18,5.0200000000000005,2.5,1.49,0.0,0.0,0.0,361.3,0.0,-0.9,0.0,-0.2,-169.70000000000002,0.0,0.0,169.8,0.0,20.9,28.9,28.9,30.9,300.0,300.0,31.6,35.9,28.9,28.0,29.9,4.95,1.99,4.97,0.16,0.0,0.0,1027.0,8228.0,0.0,0.0,0.0,0.0,0.0,1.0,0.0,0.0,0.0,0.0,0.0,-0.1,0.0,0.1,0.0,0.0,16.0,25903.0
2026-07-30T19:03:47.515Z,396.998,397.014,0.0,7.4,0.0,0.0,0.0,0.0,0.0,0.0,0.0,0.0,1.0,0.0,0.0,0.0,9.0,4.0,0.0,0.0,0.0,0.0,0.0,0.0,0.0,0.0,5.0,12.0,1.0,12.18,5.0200000000000005,2.5,1.49,0.0,0.0,0.0,361.3,0.0,0.2,0.6000000000000001,-1.3,-169.70000000000002,0.0,0.0,169.8,0.0,20.9,28.9,28.9,30.9,300.0,300.0,31.6,35.9,28.9,28.0,29.9,4.96,1.99,4.97,0.17,0.0,0.0,1027.0,8228.0,0.0,0.0,0.0,0.0,0.0,1.0,0.0,0.0,0.0,0.0,0.0,-0.2,0.0,1.2000000000000002,0.0,0.0,16.0,25903.0
2026-07-30T19:03:47.528Z,397.011,397.026,0.0,7.4,0.0,0.0,0.0,0.0,0.0,0.0,0.0,0.0,1.0,0.0,0.0,0.0,9.0,4.0,0.0,0.0,0.0,0.0,0.0,0.0,0.0,0.0,6.0,12.0,1.0,12.18,5.0200000000000005,2.5,1.49,0.0,0.0,0.0,361.3,0.0,0.3,1.2000000000000002,1.6,-169.70000000000002,0.0,0.0,169.8,0.0,20.9,28.9,28.9,30.9,300.0,300.0,31.6,35.9,28.9,28.0,29.9,4.95,1.99,4.97,0.16,0.0,0.0,1027.0,8228.0,0.0,0.0,0.0,0.0,0.0,1.0,0.0,0.0,0.0,0.0,0.0,2.6,0.0,-1.2000000000000002,0.0,0.0,16.0,25903.0
2026-07-30T19:03:47.540Z,397.023,397.038,0.0,7.4,0.0,0.0,0.0,0.0,0.0,0.0,0.0,0.0,1.0,0.0,0.0,0.0,9.0,4.0,0.0,0.0,0.0,0.0,0.0,0.0,0.0,0.0,1.0,12.0,1.0,12.18,5.0200000000000005,2.5,1.49,0.0,0.0,0.0,361.4,0.0,-0.2,-0.5,1.1,-169.70000000000002,0.0,0.0,169.8,0.0,20.9,28.9,28.9,30.9,300.0,300.0,31.6,35.9,28.9,28.0,29.9,4.96,1.99,4.97,0.16,0.0,0.0,1027.0,8228.0,0.0,0.0,0.0,0.0,0.0,1.0,0.0,0.0,0.0,0.0,0.0,0.2,0.0,-1.0,0.0,0.0,16.0,25903.0
2026-07-30T19:03:47.551Z,397.034,397.05,0.0,7.4,0.0,0.0,0.0,0.0,0.0,0.0,0.0,0.0,1.0,0.0,0.0,0.0,9.0,4.0,0.0,0.0,0.0,0.0,0.0,0.0,0.0,0.0,3.0,12.0,1.0,12.18,5.0200000000000005,2.5,1.49,0.0,0.0,0.0,361.4,0.0,0.3,1.8,2.3000000000000003,-169.70000000000002,0.0,0.0,169.8,0.0,20.9,28.9,28.9,30.9,300.0,300.0,31.6,35.9,28.9,28.0,29.9,4.96,2.0,4.96,0.16,0.0,0.0,1027.0,8228.0,0.0,0.0,0.0,0.0,0.0,1.0,0.0,0.0,0.0,0.0,0.0,3.8,0.0,-1.6,0.0,0.0,16.0,25903.0
2026-07-30T19:03:47.563Z,397.046,397.062,0.0,7.4,0.0,0.0,0.0,0.0,0.0,0.0,0.0,0.0,1.0,0.0,0.0,0.0,9.0,4.0,0.0,0.0,0.0,0.0,0.0,0.0,0.0,0.0,4.0,12.0,1.0,12.18,5.0200000000000005,2.5,1.49,0.0,0.1,0.0,361.4,0.0,-0.2,-0.4,-1.2000000000000002,-169.70000000000002,0.0,0.0,169.8,0.0,20.9,28.9,28.9,30.9,300.0,300.0,31.6,35.9,28.9,28.0,29.9,4.95,1.99,4.96,0.16,0.0,0.0,1027.0,8228.0,0.0,0.0,0.0,0.0,0.0,1.0,0.0,0.0,0.0,0.0,0.0,-1.4,0.0,0.9,0.0,0.0,16.0,25903.0
2026-07-30T19:03:47.575Z,397.058,397.074,0.0,7.4,0.0,0.0,0.0,0.0,0.0,0.0,0.0,0.0,1.0,0.0,0.0,0.0,9.0,4.0,0.0,0.0,0.0,0.0,0.0,0.0,0.0,0.0,5.0,12.0,1.0,12.17,5.0200000000000005,2.51,1.49,0.0,0.0,0.0,361.3,0.0,0.3,0.1,0.5,-169.70000000000002,0.0,0.0,169.8,0.0,21.3,28.9,28.9,30.9,300.0,300.0,31.6,35.9,28.9,28.0,29.9,4.95,1.99,4.97,0.16,0.0,0.0,1027.0,8228.0,0.0,0.0,0.0,0.0,0.0,1.0,0.0,0.0,0.0,0.0,0.0,0.5,0.0,-0.4,0.0,0.0,16.0,25903.0
2026-07-30T19:03:47.587Z,397.07,397.086,0.0,7.4,0.0,0.0,0.0,0.0,0.0,0.0,0.0,0.0,1.0,0.0,0.0,0.0,9.0,4.0,0.0,0.0,0.0,0.0,0.0,0.0,0.0,0.0,6.0,12.0,1.0,12.17,5.0200000000000005,2.51,1.49,0.0,0.0,0.0,361.4,0.0,-0.2,-0.4,0.0,-169.70000000000002,0.0,0.0,169.8,0.0,21.3,28.9,28.9,30.9,300.0,300.0,31.6,35.9,28.9,28.0,29.9,4.96,2.0,4.96,0.16,0.0,0.0,1027.0,8228.0,0.0,0.0,0.0,0.0,0.0,1.0,0.0,0.0,0.0,0.0,0.0,-0.5,0.0,0.0,0.0,0.0,16.0,25903.0
2026-07-30T19:03:47.599Z,397.082,397.098,0.0,7.4,0.0,0.0,0.0,0.0,0.0,0.0,0.0,0.0,1.0,0.0,0.0,0.0,9.0,4.0,0.0,0.0,0.0,0.0,0.0,0.0,0.0,0.0,1.0,12.0,1.0,12.17,5.0200000000000005,2.51,1.49,0.0,0.1,0.0,361.3,0.0,0.3,0.0,0.0,-169.70000000000002,0.0,0.0,169.8,0.0,21.3,28.9,28.9,30.9,300.0,300.0,31.6,35.9,28.9,28.0,29.9,4.96,1.99,4.97,0.16,0.0,0.0,1027.0,8228.0,0.0,0.0,0.0,0.0,0.0,1.0,0.0,0.0,0.0,0.0,0.0,0.0,0.0,0.0,0.0,0.0,16.0,25903.0
2026-07-30T19:03:47.612Z,397.095,397.11,0.0,7.4,0.0,0.0,0.0,0.0,0.0,0.0,0.0,0.0,1.0,0.0,0.0,0.0,9.0,4.0,0.0,0.0,0.0,0.0,0.0,0.0,0.0,0.0,2.0,12.0,1.0,12.17,5.0200000000000005,2.51,1.49,0.0,0.0,0.0,361.3,0.0,0.9,0.0,0.4,-169.70000000000002,0.0,0.0,169.8,0.0,21.3,28.9,28.9,30.9,300.0,300.0,31.6,35.9,28.9,28.0,29.9,4.95,1.99,4.97,0.16,0.0,0.0,1027.0,8228.0,0.0,0.0,0.0,0.0,0.0,1.0,0.0,0.0,0.0,0.0,0.0,0.4,0.0,-0.3,0.0,0.0,16.0,25903.0
2026-07-30T19:03:47.623Z,397.106,397.122,0.0,7.4,0.0,0.0,0.0,0.0,0.0,0.0,0.0,0.0,1.0,0.0,0.0,0.0,9.0,4.0,0.0,0.0,0.0,0.0,0.0,0.0,0.0,0.0,3.0,12.0,1.0,12.17,5.0200000000000005,2.51,1.49,0.0,0.0,0.0,361.3,0.0,-0.2,-0.5,-1.8,-169.70000000000002,0.0,0.0,169.70000000000002,0.0,21.3,28.9,28.9,30.9,300.0,300.0,31.6,35.9,28.9,28.0,29.9,4.96,1.99,4.97,0.16,0.0,0.0,1027.0,8228.0,0.0,0.0,0.0,0.0,0.0,1.0,0.0,0.0,0.0,0.0,0.0,-1.9,0.0,1.5,0.0,0.0,16.0,25903.0
2026-07-30T19:03:47.636Z,397.119,397.134,0.0,7.4,0.0,0.0,0.0,0.0,0.0,0.0,0.0,0.0,1.0,0.0,0.0,0.0,9.0,4.0,0.0,0.0,0.0,0.0,0.0,0.0,0.0,0.0,5.0,12.0,1.0,12.17,5.0200000000000005,2.51,1.49,0.0,0.0,0.0,361.3,0.0,-0.1,0.0,-0.6000000000000001,-169.70000000000002,0.0,0.0,169.8,0.0,21.3,28.9,28.9,30.9,300.0,300.0,31.6,35.9,28.9,28.0,29.9,4.95,2.0,4.96,0.16,0.0,0.0,1027.0,8228.0,0.0,0.0,0.0,0.0,0.0,1.0,0.0,0.0,0.0,0.0,0.0,-0.4,0.0,0.6000000000000001,0.0,0.0,16.0,25903.0
2026-07-30T19:03:47.647Z,397.13,397.146,0.0,7.4,0.0,0.0,0.0,0.0,0.0,0.0,0.0,0.0,1.0,0.0,0.0,0.0,9.0,4.0,0.0,0.0,0.0,0.0,0.0,0.0,0.0,0.0,6.0,12.0,1.0,12.17,5.0200000000000005,2.51,1.49,0.0,0.0,0.0,361.3,0.0,-0.1,-0.4,1.0,-169.70000000000002,0.0,0.0,169.70000000000002,0.0,21.3,28.9,28.9,30.9,300.0,300.0,31.6,35.9,28.9,28.0,29.9,4.95,1.99,4.97,0.16,0.0,0.0,1027.0,8228.0,0.0,0.0,0.0,0.0,0.0,1.0,0.0,0.0,0.0,0.0,0.0,0.2,0.0,-1.0,0.0,0.0,16.0,25903.0
2026-07-30T19:03:47.659Z,397.142,397.158,0.0,7.4,0.0,0.0,0.0,0.0,0.0,0.0,0.0,0.0,1.0,0.0,0.0,0.0,9.0,4.0,0.0,0.0,0.0,0.0,0.0,0.0,0.0,0.0,1.0,12.0,1.0,12.17,5.0200000000000005,2.51,1.49,0.0,0.0,0.0,361.4,0.0,1.0,0.7000000000000001,0.0,-169.70000000000002,0.0,0.0,169.8,0.0,21.3,28.9,28.9,30.9,300.0,300.0,31.6,35.9,28.9,28.0,29.9,4.95,2.0,4.97,0.16,0.0,0.0,1027.0,8228.0,0.0,0.0,0.0,0.0,0.0,1.0,0.0,0.0,0.0,0.0,0.0,0.7000000000000001,0.0,0.2,0.0,0.0,16.0,25903.0
2026-07-30T19:03:47.671Z,397.154,397.17,0.0,7.4,0.0,0.0,0.0,0.0,0.0,0.0,0.0,0.0,1.0,0.0,0.0,0.0,9.0,4.0,0.0,0.0,0.0,0.0,0.0,0.0,0.0,0.0,3.0,12.0,1.0,12.14,5.01,2.51,1.49,0.0,0.0,0.0,361.3,0.0,-0.1,-0.4,0.0,-169.70000000000002,0.0,0.0,169.8,0.0,21.9,28.9,28.9,30.9,300.0,300.0,31.700000000000003,35.9,28.9,28.0,29.9,4.96,2.0,4.96,0.16,0.0,0.0,1027.0,8228.0,0.0,0.0,0.0,0.0,0.0,1.0,0.0,0.0,0.0,0.0,0.0,-0.5,0.0,0.0,0.0,0.0,16.0,25903.0
2026-07-30T19:03:47.683Z,397.166,397.182,0.0,7.4,0.0,0.0,0.0,0.0,0.0,0.0,0.0,0.0,1.0,0.0,0.0,0.0,9.0,4.0,0.0,0.0,0.0,0.0,0.0,0.0,0.0,0.0,4.0,12.0,1.0,12.14,5.01,2.51,1.49,0.0,0.0,0.0,361.4,0.0,0.3,0.0,-0.1,-169.70000000000002,0.0,0.0,169.70000000000002,0.0,21.9,28.9,28.9,30.9,300.0,300.0,31.700000000000003,35.9,28.9,28.0,29.9,4.95,1.99,4.97,0.16,0.0,0.0,1027.0,8228.0,0.0,0.0,0.0,0.0,0.0,1.0,0.0,0.0,0.0,0.0,0.0,0.0,0.0,0.1,0.0,0.0,16.0,25903.0
2026-07-30T19:03:47.695Z,397.178,397.194,0.0,7.4,0.0,0.0,0.0,0.0,0.0,0.0,0.0,0.0,1.0,0.0,0.0,0.0,9.0,4.0,0.0,0.0,0.0,0.0,0.0,0.0,0.0,0.0,6.0,12.0,1.0,12.14,5.01,2.51,1.49,0.0,0.0,0.0,361.3,0.0,-0.2,0.0,-0.1,-169.70000000000002,0.0,0.0,169.70000000000002,0.0,21.9,28.9,28.9,30.9,300.0,300.0,31.700000000000003,35.9,28.9,28.0,29.9,4.95,1.99,4.96,0.16,0.0,0.0,1027.0,8228.0,0.0,0.0,0.0,0.0,0.0,1.0,0.0,0.0,0.0,0.0,0.0,0.0,0.0,0.1,0.0,0.0,16.0,25903.0
2026-07-30T19:03:47.707Z,397.19,397.206,0.0,7.4,0.0,0.0,0.0,0.0,0.0,0.0,0.0,0.0,1.0,0.0,0.0,0.0,9.0,4.0,0.0,0.0,0.0,0.0,0.0,0.0,0.0,0.0,1.0,12.0,1.0,12.14,5.01,2.51,1.49,-0.1,0.0,0.0,361.4,0.0,0.3,1.2000000000000002,0.4,-169.70000000000002,0.0,0.0,169.8,0.0,21.9,28.9,28.9,30.9,300.0,300.0,31.700000000000003,35.9,28.9,28.0,29.9,4.95,1.99,4.96,0.16,0.0,0.0,1027.0,8228.0,0.0,0.0,0.0,0.0,0.0,1.0,0.0,0.0,0.0,0.0,0.0,1.7000000000000002,0.0,0.0,0.0,0.0,16.0,25903.0
2026-07-30T19:03:47.720Z,397.203,397.218,0.0,7.4,0.0,0.0,0.0,0.0,0.0,0.0,0.0,0.0,1.0,0.0,0.0,0.0,9.0,4.0,0.0,0.0,0.0,0.0,0.0,0.0,0.0,0.0,2.0,12.0,1.0,12.14,5.01,2.51,1.49,0.0,0.0,0.0,361.3,0.0,-0.2,-1.0,0.4,-169.70000000000002,0.0,0.0,169.8,0.0,21.9,28.9,28.9,30.9,300.0,300.0,31.700000000000003,35.9,28.9,28.0,29.9,4.96,1.99,4.96,0.16,0.0,0.0,1027.0,8228.0,0.0,0.0,0.0,0.0,0.0,1.0,0.0,0.0,0.0,0.0,0.0,-0.9,0.0,-0.5,0.0,0.0,16.0,25903.0
2026-07-30T19:03:47.731Z,397.214,397.23,0.0,7.4,0.0,0.0,0.0,0.0,0.0,0.0,0.0,0.0,1.0,0.0,0.0,0.0,9.0,4.0,0.0,0.0,0.0,0.0,0.0,0.0,0.0,0.0,3.0,12.0,1.0,12.14,5.01,2.51,1.49,0.0,0.0,0.0,361.3,0.0,0.9,0.0,-0.1,-169.70000000000002,0.0,0.0,169.70000000000002,0.0,21.9,28.9,28.9,30.9,300.0,300.0,31.700000000000003,35.9,28.9,28.0,29.9,4.95,1.99,4.97,0.16,0.0,0.0,1027.0,8228.0,0.0,0.0,0.0,0.0,0.0,1.0,0.0,0.0,0.0,0.0,0.0,0.0,0.0,0.1,0.0,0.0,16.0,25903.0
2026-07-30T19:03:47.744Z,397.227,397.242,0.0,7.4,0.0,0.0,0.0,0.0,0.0,0.0,0.0,0.0,1.0,0.0,0.0,0.0,9.0,4.0,0.0,0.0,0.0,0.0,0.0,0.0,0.0,0.0,5.0,12.0,1.0,12.14,5.01,2.51,1.49,0.0,0.0,0.0,361.4,0.0,0.9,0.0,-0.7000000000000001,-169.70000000000002,0.0,0.0,169.8,0.0,21.9,28.9,28.9,30.9,300.0,300.0,31.700000000000003,35.9,28.9,28.0,29.9,4.95,2.0,4.96,0.16,0.0,0.0,1027.0,8228.0,0.0,0.0,0.0,0.0,0.0,1.0,0.0,0.0,0.0,0.0,0.0,-0.4,0.0,0.6000000000000001,0.0,0.0,16.0,25903.0
2026-07-30T19:03:47.755Z,397.238,397.254,0.0,7.4,0.0,0.0,0.0,0.0,0.0,0.0,0.0,0.0,1.0,0.0,0.0,0.0,9.0,4.0,0.0,0.0,0.0,0.0,0.0,0.0,0.0,0.0,6.0,12.0,1.0,12.14,5.01,2.51,1.49,0.0,0.0,0.0,361.4,0.0,-0.2,0.1,-0.7000000000000001,-169.70000000000002,0.0,0.0,169.70000000000002,0.0,21.9,28.9,28.9,30.9,300.0,300.0,31.700000000000003,35.9,28.9,28.0,29.9,4.96,1.99,4.96,0.16,0.0,0.0,1027.0,8228.0,0.0,0.0,0.0,0.0,0.0,1.0,0.0,0.0,0.0,0.0,0.0,-0.3,0.0,0.6000000000000001,0.0,0.0,16.0,25903.0
2026-07-30T19:03:47.768Z,397.251,397.266,0.0,7.4,0.0,0.0,0.0,0.0,0.0,0.0,0.0,0.0,1.0,0.0,0.0,0.0,9.0,4.0,0.0,0.0,0.0,0.0,0.0,0.0,0.0,0.0,1.0,12.0,1.0,12.14,5.01,2.51,1.49,0.0,0.1,0.0,361.4,0.0,0.3,0.6000000000000001,-0.1,-169.70000000000002,0.0,0.0,169.8,0.0,21.9,28.9,28.9,30.9,300.0,300.0,31.700000000000003,35.9,28.9,28.0,29.9,4.95,1.99,4.97,0.16,0.0,0.0,1027.0,8228.0,0.0,0.0,0.0,0.0,0.0,1.0,0.0,0.0,0.0,0.0,0.0,0.7000000000000001,0.0,0.2,0.0,0.0,16.0,25903.0
2026-07-30T19:03:47.780Z,397.263,397.278,0.0,7.4,0.0,0.0,0.0,0.0,0.0,0.0,0.0,0.0,1.0,0.0,0.0,0.0,9.0,4.0,0.0,0.0,0.0,0.0,0.0,0.0,0.0,0.0,2.0,12.0,1.0,12.18,5.0200000000000005,2.5,1.49,0.0,0.0,0.0,361.4,0.0,0.8,-0.4,1.6,-169.70000000000002,0.0,0.0,169.70000000000002,0.0,21.4,28.9,28.9,30.9,300.0,300.0,31.700000000000003,35.800000000000004,28.9,28.0,29.9,4.96,1.99,4.96,0.16,0.0,0.0,1027.0,8228.0,0.0,0.0,0.0,0.0,0.0,1.0,0.0,0.0,0.0,0.0,0.0,0.6000000000000001,0.0,-1.5,0.0,0.0,16.0,25903.0
2026-07-30T19:03:47.791Z,397.274,397.29,0.0,7.4,0.0,0.0,0.0,0.0,0.0,0.0,0.0,0.0,1.0,0.0,0.0,0.0,9.0,4.0,0.0,0.0,0.0,0.0,0.0,0.0,0.0,0.0,4.0,12.0,1.0,12.18,5.0200000000000005,2.5,1.49,0.0,0.0,0.0,361.4,0.0,0.3,0.0,-0.1,-169.70000000000002,0.0,0.0,169.60000000000002,0.0,21.4,28.9,28.9,30.9,300.0,300.0,31.700000000000003,35.800000000000004,28.9,28.0,29.9,4.96,2.0,4.96,0.16,0.0,0.0,1027.0,8228.0,0.0,0.0,0.0,0.0,0.0,1.0,0.0,0.0,0.0,0.0,0.0,-1.0,0.0,0.5,0.0,0.0,16.0,25903.0
2026-07-30T19:03:47.803Z,397.286,397.302,0.0,7.4,0.0,0.0,0.0,0.0,0.0,0.0,0.0,0.0,1.0,0.0,0.0,0.0,9.0,4.0,0.0,0.0,0.0,0.0,0.0,0.0,0.0,0.0,5.0,12.0,1.0,12.18,5.0200000000000005,2.5,1.49,0.0,0.0,0.0,361.3,0.0,0.2,0.1,-0.7000000000000001,-169.70000000000002,0.0,0.0,169.60000000000002,0.0,21.4,28.9,28.9,30.9,300.0,300.0,31.700000000000003,35.800000000000004,28.9,28.0,29.9,4.95,1.99,4.96,0.16,0.0,0.0,1027.0,8228.0,0.0,0.0,0.0,0.0,0.0,1.0,0.0,0.0,0.0,0.0,0.0,-1.2000000000000002,0.0,-0.1,0.0,0.0,16.0,25903.0
2026-07-30T19:03:47.816Z,397.299,397.314,0.0,7.4,0.0,0.0,0.0,0.0,0.0,0.0,0.0,0.0,1.0,0.0,0.0,0.0,9.0,4.0,0.0,0.0,0.0,0.0,0.0,0.0,0.0,0.0,1.0,12.0,1.0,12.18,5.0200000000000005,2.5,1.49,0.0,0.0,0.0,361.3,0.0,0.2,0.7000000000000001,1.0,-169.70000000000002,0.0,0.0,169.70000000000002,0.0,21.4,28.9,28.9,30.9,300.0,300.0,31.700000000000003,35.800000000000004,28.9,28.0,29.9,4.95,1.99,4.97,0.16,0.0,0.0,1027.0,8228.0,0.0,0.0,0.0,0.0,0.0,1.0,0.0,0.0,0.0,0.0,0.0,-1.9,0.0,1.5,0.0,0.0,16.0,25903.0
2026-07-30T19:03:47.827Z,397.31,397.326,0.0,7.4,0.0,0.0,0.0,0.0,0.0,0.0,0.0,0.0,1.0,0.0,0.0,0.0,9.0,4.0,0.0,0.0,0.0,0.0,0.0,0.0,0.0,0.0,2.0,12.0,1.0,12.18,5.0200000000000005,2.5,1.49,0.0,0.0,0.0,361.4,0.0,-0.9,-1.5,-0.7000000000000001,-169.70000000000002,0.0,0.0,169.70000000000002,0.0,21.4,28.9,28.9,30.9,300.0,300.0,31.700000000000003,35.800000000000004,28.9,28.0,29.9,4.96,1.99,4.96,0.16,0.0,0.0,1027.0,8228.0,0.0,0.0,0.0,0.0,0.0,1.0,0.0,0.0,0.0,0.0,0.0,-0.7000000000000001,0.0,-0.6000000000000001,0.0,0.0,16.0,25903.0
2026-07-30T19:03:47.839Z,397.322,397.338,0.0,7.4,0.0,0.0,0.0,0.0,0.0,0.0,0.0,0.0,1.0,0.0,0.0,0.0,9.0,4.0,0.0,0.0,0.0,0.0,0.0,0.0,0.0,0.0,3.0,12.0,1.0,12.18,5.0200000000000005,2.5,1.49,0.0,0.0,0.0,361.3,0.0,-0.9,0.1,0.4,-169.70000000000002,0.0,0.0,169.70000000000002,0.0,21.4,28.9,28.9,30.9,300.0,300.0,31.700000000000003,35.800000000000004,28.9,28.0,29.9,4.96,1.99,4.97,0.16,0.0,0.0,1027.0,8228.0,0.0,0.0,0.0,0.0,0.0,1.0,0.0,0.0,0.0,0.0,0.0,0.5,0.0,-0.3,0.0,0.0,16.0,25903.0
2026-07-30T19:03:47.851Z,397.334,397.35,0.0,7.4,0.0,0.0,0.0,0.0,0.0,0.0,0.0,0.0,1.0,0.0,0.0,0.0,9.0,4.0,0.0,0.0,0.0,0.0,0.0,0.0,0.0,0.0,4.0,12.0,1.0,12.18,5.0200000000000005,2.5,1.49,0.0,0.0,0.0,361.3,0.0,-0.2,0.1,0.0,-169.70000000000002,0.0,0.0,169.70000000000002,0.0,21.4,28.9,28.9,30.9,300.0,300.0,31.700000000000003,35.800000000000004,28.9,28.0,29.9,4.95,1.99,4.97,0.16,0.0,0.0,1027.0,8228.0,0.0,0.0,0.0,0.0,0.0,1.0,0.0,0.0,0.0,0.0,0.0,0.1,0.0,0.0,0.0,0.0,16.0,25903.0
2026-07-30T19:03:47.863Z,397.346,397.362,0.0,7.4,0.0,0.0,0.0,0.0,0.0,0.0,0.0,0.0,1.0,0.0,0.0,0.0,9.0,4.0,0.0,0.0,0.0,0.0,0.0,0.0,0.0,0.0,5.0,12.0,1.0,12.18,5.0200000000000005,2.5,1.49,0.0,0.0,0.0,361.3,0.0,-0.3,0.7000000000000001,0.5,-169.70000000000002,0.0,0.0,169.60000000000002,0.0,21.4,28.9,28.9,30.9,300.0,300.0,31.700000000000003,35.800000000000004,28.9,28.0,29.9,4.96,1.99,4.97,0.16,0.0,0.0,1027.0,8228.0,0.0,0.0,0.0,0.0,0.0,1.0,0.0,0.0,0.0,0.0,0.0,1.2000000000000002,0.0,-0.3,0.0,0.0,16.0,25903.0
2026-07-30T19:03:47.875Z,397.358,397.374,0.0,7.4,0.0,0.0,0.0,0.0,0.0,0.0,0.0,0.0,1.0,0.0,0.0,0.0,9.0,4.0,0.0,0.0,0.0,0.0,0.0,0.0,0.0,0.0,6.0,12.0,1.0,12.17,5.01,2.51,1.49,0.0,0.0,0.0,361.4,0.0,0.2,-0.4,-0.6000000000000001,-169.70000000000002,0.0,0.0,169.70000000000002,0.0,21.700000000000003,28.9,28.9,30.9,300.0,300.0,31.700000000000003,35.800000000000004,28.9,28.0,29.9,4.96,1.99,4.96,0.16,0.0,0.0,1027.0,8228.0,0.0,0.0,0.0,0.0,0.0,1.0,0.0,0.0,0.0,0.0,0.0,-1.0,0.0,0.4,0.0,0.0,16.0,25903.0
2026-07-30T19:03:47.887Z,397.37,397.386,0.0,7.4,0.0,0.0,0.0,0.0,0.0,0.0,0.0,0.0,1.0,0.0,0.0,0.0,9.0,4.0,0.0,0.0,0.0,0.0,0.0,0.0,0.0,0.0,6.0,12.0,1.0,12.17,5.01,2.51,1.49,0.0,0.1,0.0,361.3,0.0,0.8,-0.5,-0.6000000000000001,-169.70000000000002,0.0,0.0,169.8,0.0,21.700000000000003,28.9,28.9,30.9,300.0,300.0,31.700000000000003,35.800000000000004,28.9,28.0,29.9,4.96,1.99,4.97,0.17,0.0,0.0,1027.0,8228.0,0.0,0.0,0.0,0.0,0.0,1.0,0.0,0.0,0.0,0.0,0.0,-1.1,0.0,0.4,0.0,0.0,16.0,25903.0
2026-07-30T19:03:47.899Z,397.382,397.398,0.0,7.4,0.0,0.0,0.0,0.0,0.0,0.0,0.0,0.0,1.0,0.0,0.0,0.0,9.0,4.0,0.0,0.0,0.0,0.0,0.0,0.0,0.0,0.0,2.0,12.0,1.0,12.17,5.01,2.51,1.49,0.0,0.0,0.0,361.3,0.0,-0.2,0.6000000000000001,-0.1,-169.70000000000002,0.0,0.0,169.70000000000002,0.0,21.700000000000003,28.9,28.9,30.9,300.0,300.0,31.700000000000003,35.800000000000004,28.9,28.0,29.9,4.96,2.0,4.97,0.16,0.0,0.0,1027.0,8228.0,0.0,0.0,0.0,0.0,0.0,1.0,0.0,0.0,0.0,0.0,0.0,0.6000000000000001,0.0,0.2,0.0,0.0,16.0,25903.0
2026-07-30T19:03:47.912Z,397.395,397.41,0.0,7.4,0.0,0.0,0.0,0.0,0.0,0.0,0.0,0.0,1.0,0.0,0.0,0.0,9.0,4.0,0.0,0.0,0.0,0.0,0.0,0.0,0.0,0.0,3.0,12.0,1.0,12.17,5.01,2.51,1.49,0.0,0.0,0.0,361.3,0.0,-0.3,0.0,-0.7000000000000001,-169.70000000000002,0.0,0.0,169.70000000000002,0.0,21.700000000000003,28.9,28.9,30.9,300.0,300.0,31.700000000000003,35.800000000000004,28.9,28.0,29.9,4.96,2.0,4.96,0.16,0.0,0.0,1027.0,8228.0,0.0,0.0,0.0,0.0,0.0,1.0,0.0,0.0,0.0,0.0,0.0,-0.4,0.0,0.6000000000000001,0.0,0.0,16.0,25903.0
2026-07-30T19:03:47.923Z,397.406,397.422,0.0,7.4,0.0,0.0,0.0,0.0,0.0,0.0,0.0,0.0,1.0,0.0,0.0,0.0,9.0,4.0,0.0,0.0,0.0,0.0,0.0,0.0,0.0,0.0,4.0,12.0,1.0,12.17,5.01,2.51,1.49,0.0,0.0,0.0,361.3,0.0,0.2,-0.5,1.0,-169.70000000000002,0.0,0.0,169.70000000000002,0.0,21.700000000000003,28.9,28.9,30.9,300.0,300.0,31.700000000000003,35.800000000000004,28.9,28.0,29.9,4.95,1.99,4.97,0.16,0.0,0.0,1027.0,8228.0,0.0,0.0,0.0,0.0,0.0,1.0,0.0,0.0,0.0,0.0,0.0,0.1,0.0,-0.9,0.0,0.0,16.0,25903.0
2026-07-30T19:03:47.935Z,397.418,397.434,0.0,7.4,0.0,0.0,0.0,0.0,0.0,0.0,0.0,0.0,1.0,0.0,0.0,0.0,9.0,4.0,0.0,0.0,0.0,0.0,0.0,0.0,0.0,0.0,6.0,12.0,1.0,12.17,5.01,2.51,1.49,0.0,0.1,0.0,361.3,0.0,0.1,0.5,-1.4,-169.70000000000002,0.0,0.0,169.60000000000002,0.0,21.700000000000003,28.9,28.9,30.9,300.0,300.0,31.700000000000003,35.800000000000004,28.9,28.0,29.9,4.95,2.0,4.96,0.16,0.0,0.0,1027.0,8228.0,0.0,0.0,0.0,0.0,0.0,1.0,0.0,0.0,0.0,0.0,0.0,-0.3,0.0,1.3,0.0,0.0,16.0,25903.0
2026-07-30T19:03:47.947Z,397.43,397.446,0.0,7.4,0.0,0.0,0.0,0.0,0.0,0.0,0.0,0.0,1.0,0.0,0.0,0.0,9.0,4.0,0.0,0.0,0.0,0.0,0.0,0.0,0.0,0.0,1.0,12.0,1.0,12.17,5.01,2.51,1.49,0.0,0.0,0.0,361.4,0.0,-0.4,0.0,-0.2,-169.70000000000002,0.0,0.0,169.60000000000002,0.0,21.700000000000003,28.9,28.9,30.9,300.0,300.0,31.700000000000003,35.800000000000004,28.9,28.0,29.9,4.96,1.99,4.96,0.16,0.0,0.0,1027.0,8228.0,0.0,0.0,0.0,0.0,0.0,1.0,0.0,0.0,0.0,0.0,0.0,-0.1,0.0,0.2,0.0,0.0,16.0,25903.0
2026-07-30T19:03:47.959Z,397.442,397.458,0.0,7.4,0.0,0.0,0.0,0.0,0.0,0.0,0.0,0.0,1.0,0.0,0.0,0.0,9.0,4.0,0.0,0.0,0.0,0.0,0.0,0.0,0.0,0.0,2.0,12.0,1.0,12.17,5.01,2.51,1.49,0.0,0.0,0.0,361.3,0.0,0.7000000000000001,0.0,0.9,-169.70000000000002,0.0,0.0,169.70000000000002,0.0,21.700000000000003,28.9,28.9,30.9,300.0,300.0,31.700000000000003,35.800000000000004,28.9,28.0,29.9,4.96,1.99,4.96,0.16,0.0,0.0,1027.0,8228.0,0.0,0.0,0.0,0.0,0.0,1.0,0.0,0.0,0.0,0.0,0.0,0.7000000000000001,0.0,-0.7000000000000001,0.0,0.0,16.0,25903.0
2026-07-30T19:03:47.971Z,397.454,397.47,0.0,7.4,0.0,0.0,0.0,0.0,0.0,0.0,0.0,0.0,1.0,0.0,0.0,0.0,9.0,4.0,0.0,0.0,0.0,0.0,0.0,0.0,0.0,0.0,4.0,12.0,1.0,12.17,5.01,2.51,1.49,0.0,0.0,0.0,361.3,0.0,0.1,-0.5,-0.2,-169.70000000000002,0.0,0.0,169.70000000000002,0.0,21.700000000000003,28.9,28.9,30.9,300.0,300.0,31.700000000000003,35.800000000000004,28.9,28.0,29.9,4.95,1.99,4.96,0.16,0.0,0.0,1027.0,8228.0,0.0,0.0,0.0,0.0,0.0,1.0,0.0,0.0,0.0,0.0,0.0,-0.7000000000000001,0.0,0.1,0.0,0.0,16.0,25903.0
2026-07-30T19:03:47.983Z,397.466,397.482,0.0,7.4,0.0,0.0,0.0,0.0,0.0,0.0,0.0,0.0,1.0,0.0,0.0,0.0,9.0,4.0,0.0,0.0,0.0,0.0,0.0,0.0,0.0,0.0,6.0,12.0,1.0,12.17,5.01,2.51,1.49,0.0,0.0,0.0,361.4,0.0,-0.3,-0.5,-1.4,-169.70000000000002,0.0,0.0,169.70000000000002,0.0,21.3,28.9,28.9,30.9,300.0,300.0,31.700000000000003,35.800000000000004,28.9,28.0,29.9,4.95,1.99,4.96,0.16,0.0,0.0,1027.0,8228.0,0.0,0.0,0.0,0.0,0.0,1.0,0.0,0.0,0.0,0.0,0.0,-1.6,0.0,1.1,0.0,0.0,16.0,25903.0
2026-07-30T19:03:47.995Z,397.478,397.494,0.0,7.4,0.0,0.0,0.0,0.0,0.0,0.0,0.0,0.0,1.0,0.0,0.0,0.0,9.0,4.0,0.0,0.0,0.0,0.0,0.0,0.0,0.0,0.0,1.0,12.0,1.0,12.17,5.01,2.51,1.49,0.0,0.0,0.0,361.3,0.0,0.7000000000000001,0.0,-0.8,-169.70000000000002,0.0,0.0,169.70000000000002,0.0,21.3,28.9,28.9,30.9,300.0,300.0,31.700000000000003,35.800000000000004,28.9,28.0,29.9,4.96,1.99,4.96,0.16,0.0,0.0,1027.0,8228.0,0.0,0.0,0.0,0.0,0.0,1.0,0.0,0.0,0.0,0.0,0.0,-0.5,0.0,0.7000000000000001,0.0,0.0,16.0,25903.0
2026-07-30T19:03:48.007Z,397.49,397.506,0.0,7.4,0.0,0.0,0.0,0.0,0.0,0.0,0.0,0.0,1.0,0.0,0.0,0.0,9.0,4.0,0.0,0.0,0.0,0.0,0.0,0.0,0.0,0.0,2.0,12.0,1.0,12.17,5.01,2.51,1.49,0.0,0.0,0.0,361.3,0.0,0.2,-0.5,-0.2,-169.60000000000002,0.0,0.0,169.60000000000002,0.0,21.3,28.9,28.9,30.9,300.0,300.0,31.700000000000003,35.800000000000004,28.9,28.0,29.9,4.95,1.99,4.96,0.16,0.0,0.0,1027.0,8228.0,0.0,0.0,0.0,0.0,0.0,1.0,0.0,0.0,0.0,0.0,0.0,-0.7000000000000001,0.0,0.1,0.0,0.0,16.0,25903.0
2026-07-30T19:03:48.019Z,397.502,397.518,0.0,7.4,0.0,0.0,0.0,0.0,0.0,0.0,0.0,0.0,1.0,0.0,0.0,0.0,9.0,4.0,0.0,0.0,0.0,0.0,0.0,0.0,0.0,0.0,4.0,12.0,1.0,12.17,5.01,2.51,1.49,0.0,0.1,0.0,361.3,0.0,-0.3,-0.5,-0.8,-169.60000000000002,0.0,0.0,169.60000000000002,0.0,21.3,28.9,28.9,30.9,300.0,300.0,31.700000000000003,35.800000000000004,28.9,28.0,29.9,4.96,1.99,4.96,0.16,0.0,0.0,1027.0,8228.0,0.0,0.0,0.0,0.0,0.0,1.0,0.0,0.0,0.0,0.0,0.0,-1.2000000000000002,0.0,0.6000000000000001,0.0,0.0,16.0,25903.0
2026-07-30T19:03:48.031Z,397.514,397.53,0.0,7.4,0.0,0.0,0.0,0.0,0.0,0.0,0.0,0.0,1.0,0.0,0.0,0.0,9.0,4.0,0.0,0.0,0.0,0.0,0.0,0.0,0.0,0.0,5.0,12.0,1.0,12.17,5.01,2.51,1.49,0.0,0.0,0.0,361.3,0.0,0.2,0.0,-0.7000000000000001,-169.60000000000002,0.0,0.0,169.60000000000002,0.0,21.3,28.9,28.9,30.9,300.0,300.0,31.700000000000003,35.800000000000004,28.9,28.0,29.9,4.96,1.99,4.97,0.16,0.0,0.0,1027.0,8228.0,0.0,0.0,0.0,0.0,0.0,1.0,0.0,0.0,0.0,0.0,0.0,-0.5,0.0,0.6000000000000001,0.0,0.0,16.0,25903.0
2026-07-30T19:03:48.043Z,397.526,397.542,0.0,7.4,0.0,0.0,0.0,0.0,0.0,0.0,0.0,0.0,1.0,0.0,0.0,0.0,9.0,4.0,0.0,0.0,0.0,0.0,0.0,0.0,0.0,0.0,6.0,12.0,1.0,12.17,5.01,2.51,1.49,0.0,0.1,0.0,361.3,0.0,0.2,1.8,-0.1,-169.60000000000002,0.0,0.0,169.8,0.0,21.3,28.9,28.9,30.9,300.0,300.0,31.700000000000003,35.800000000000004,28.9,28.0,29.9,4.96,1.99,4.97,0.16,0.0,0.0,1027.0,8228.0,0.0,0.0,0.0,0.0,0.0,1.0,0.0,0.0,0.0,0.0,0.0,2.0,0.0,0.4,0.0,0.0,16.0,25903.0
2026-07-30T19:03:48.055Z,397.538,397.554,0.0,7.4,0.0,0.0,0.0,0.0,0.0,0.0,0.0,0.0,1.0,0.0,0.0,0.0,9.0,4.0,0.0,0.0,0.0,0.0,0.0,0.0,0.0,0.0,1.0,12.0,1.0,12.17,5.01,2.51,1.49,0.0,0.0,0.0,361.4,0.0,-0.9,0.1,-1.2000000000000002,-169.60000000000002,0.0,0.0,169.8,0.0,21.3,28.9,28.9,30.9,300.0,300.0,31.700000000000003,35.800000000000004,28.9,28.0,29.9,4.96,1.99,4.97,0.16,0.0,0.0,1027.0,8228.0,0.0,0.0,0.0,0.0,0.0,1.0,0.0,0.0,0.0,0.0,0.0,-0.8,0.0,1.1,0.0,0.0,16.0,25903.0
2026-07-30T19:03:48.067Z,397.55,397.566,0.0,7.4,0.0,0.0,0.0,0.0,0.0,0.0,0.0,0.0,1.0,0.0,0.0,0.0,9.0,4.0,0.0,0.0,0.0,0.0,0.0,0.0,0.0,0.0,3.0,12.0,1.0,12.17,5.01,2.51,1.49,0.0,0.0,0.0,361.3,0.0,-0.2,-1.0,-0.1,-169.60000000000002,0.0,0.0,169.70000000000002,0.0,21.3,28.9,28.9,30.9,300.0,300.0,31.700000000000003,35.800000000000004,28.9,28.0,29.9,4.95,2.0,4.96,0.16,0.0,0.0,1027.0,8228.0,0.0,0.0,0.0,0.0,0.0,1.0,0.0,0.0,0.0,0.0,0.0,-1.2000000000000002,0.0,-0.1,0.0,0.0,16.0,25903.0
2026-07-30T19:03:48.079Z,397.562,397.578,0.0,7.4,0.0,0.0,0.0,0.0,0.0,0.0,0.0,0.0,1.0,0.0,0.0,0.0,9.0,4.0,0.0,0.0,0.0,0.0,0.0,0.0,0.0,0.0,4.0,12.0,1.0,12.15,5.01,2.51,1.49,0.0,0.0,0.0,361.3,0.0,-0.2,0.1,-0.1,-169.60000000000002,0.0,0.0,169.60000000000002,0.0,21.4,28.9,28.9,30.9,300.0,300.0,31.700000000000003,35.9,28.8,28.0,29.9,4.95,1.99,4.97,0.16,0.0,0.0,1027.0,8228.0,0.0,0.0,0.0,0.0,0.0,1.0,0.0,0.0,0.0,0.0,0.0,0.0,0.0,0.1,0.0,0.0,16.0,25903.0
2026-07-30T19:03:48.091Z,397.574,397.59,0.0,7.4,0.0,0.0,0.0,0.0,0.0,0.0,0.0,0.0,1.0,0.0,0.0,0.0,9.0,4.0,0.0,0.0,0.0,0.0,0.0,0.0,0.0,0.0,5.0,12.0,1.0,12.15,5.01,2.51,1.49,0.0,0.0,0.0,361.3,0.0,0.3,0.2,-0.1,-169.60000000000002,0.0,0.0,169.60000000000002,0.0,21.4,28.9,28.9,30.9,300.0,300.0,31.700000000000003,35.9,28.8,28.0,29.9,4.95,1.99,4.97,0.16,0.0,0.0,1027.0,8228.0,0.0,0.0,0.0,0.0,0.0,1.0,0.0,0.0,0.0,0.0,0.0,0.1,0.0,0.1,0.0,0.0,16.0,25903.0
2026-07-30T19:03:48.103Z,397.586,397.602,0.0,7.4,0.0,0.0,0.0,0.0,0.0,0.0,0.0,0.0,1.0,0.0,0.0,0.0,9.0,4.0,0.0,0.0,0.0,0.0,0.0,0.0,0.0,0.0,6.0,12.0,1.0,12.15,5.01,2.51,1.49,0.0,0.0,0.0,361.3,0.0,-0.2,-0.3,-1.3,-169.60000000000002,0.0,0.0,169.70000000000002,0.0,21.4,28.9,28.9,30.9,300.0,300.0,31.700000000000003,35.9,28.8,28.0,29.9,4.96,1.99,4.96,0.16,0.0,0.0,1027.0,8228.0,0.0,0.0,0.0,0.0,0.0,1.0,0.0,0.0,0.0,0.0,0.0,-1.3,0.0,1.0,0.0,0.0,16.0,25903.0
2026-07-30T19:03:48.115Z,397.598,397.614,0.0,7.4,0.0,0.0,0.0,0.0,0.0,0.0,0.0,0.0,1.0,0.0,0.0,0.0,9.0,4.0,0.0,0.0,0.0,0.0,0.0,0.0,0.0,0.0,1.0,12.0,1.0,12.15,5.01,2.51,1.49,0.0,0.0,0.0,361.3,0.0,-0.2,-0.3,-0.7000000000000001,-169.60000000000002,0.0,0.0,169.70000000000002,0.0,21.4,28.9,28.9,30.9,300.0,300.0,31.700000000000003,35.9,28.8,28.0,29.9,4.95,1.99,4.96,0.16,0.0,0.0,1027.0,8228.0,0.0,0.0,0.0,0.0,0.0,1.0,0.0,0.0,0.0,0.0,0.0,-0.9,0.0,0.5,0.0,0.0,16.0,25903.0
2026-07-30T19:03:48.127Z,397.61,397.626,0.0,7.4,0.0,0.0,0.0,0.0,0.0,0.0,0.0,0.0,1.0,0.0,0.0,0.0,9.0,4.0,0.0,0.0,0.0,0.0,0.0,0.0,0.0,0.0,2.0,12.0,1.0,12.15,5.01,2.51,1.49,0.0,0.1,0.0,361.3,0.0,0.8,1.9,1.0,-169.60000000000002,0.0,0.0,169.60000000000002,0.0,21.4,28.9,28.9,30.9,300.0,300.0,31.700000000000003,35.9,28.8,28.0,29.9,4.95,1.99,4.97,0.16,0.0,0.0,1027.0,8228.0,0.0,0.0,0.0,0.0,0.0,1.0,0.0,0.0,0.0,0.0,0.0,3.0,0.0,-0.5,0.0,0.0,16.0,25903.0
2026-07-30T19:03:48.139Z,397.622,397.638,0.0,7.4,0.0,0.0,0.0,0.0,0.0,0.0,0.0,0.0,1.0,0.0,0.0,0.0,9.0,4.0,0.0,0.0,0.0,0.0,0.0,0.0,0.0,0.0,3.0,12.0,1.0,12.15,5.01,2.51,1.49,0.0,0.0,0.0,361.3,0.0,0.2,1.4,-0.1,-169.60000000000002,0.0,0.0,169.8,0.0,21.4,28.9,28.9,30.9,300.0,300.0,31.700000000000003,35.9,28.8,28.0,29.9,4.95,1.99,4.97,0.17,0.0,0.0,1027.0,8228.0,0.0,0.0,0.0,0.0,0.0,1.0,0.0,0.0,0.0,0.0,0.0,1.5,0.0,0.3,0.0,0.0,16.0,25903.0
2026-07-30T19:03:48.151Z,397.634,397.65,0.0,7.4,0.0,0.0,0.0,0.0,0.0,0.0,0.0,0.0,1.0,0.0,0.0,0.0,9.0,4.0,0.0,0.0,0.0,0.0,0.0,0.0,0.0,0.0,4.0,12.0,1.0,12.15,5.01,2.51,1.49,0.0,0.0,0.0,361.3,0.0,-0.9,-0.3,-0.6000000000000001,-169.60000000000002,0.0,0.0,169.8,0.0,21.4,28.9,28.9,30.9,300.0,300.0,31.700000000000003,35.9,28.8,28.0,29.9,4.96,1.99,4.96,0.16,0.0,0.0,1027.0,8228.0,0.0,0.0,0.0,0.0,0.0,1.0,0.0,0.0,0.0,0.0,0.0,-0.8,0.0,0.5,0.0,0.0,16.0,25903.0
2026-07-30T19:03:48.163Z,397.646,397.662,0.0,7.4,0.0,0.0,0.0,0.0,0.0,0.0,0.0,0.0,1.0,0.0,0.0,0.0,9.0,4.0,0.0,0.0,0.0,0.0,0.0,0.0,0.0,0.0,6.0,12.0,1.0,12.15,5.01,2.51,1.49,0.0,0.0,0.0,361.3,0.0,-0.3,0.2,0.0,-169.70000000000002,0.0,0.0,169.8,0.0,21.4,28.9,28.9,30.9,300.0,300.0,31.700000000000003,35.9,28.8,28.0,29.9,4.95,1.99,4.96,0.16,0.0,0.0,1027.0,8228.0,0.0,0.0,0.0,0.0,0.0,1.0,0.0,0.0,0.0,0.0,0.0,0.1,0.0,0.1,0.0,0.0,16.0,25903.0
2026-07-30T19:03:48.175Z,397.658,397.674,0.0,7.4,0.0,0.0,0.0,0.0,0.0,0.0,0.0,0.0,1.0,0.0,0.0,0.0,9.0,4.0,0.0,0.0,0.0,0.0,0.0,0.0,0.0,0.0,1.0,12.0,1.0,12.15,5.01,2.51,1.49,0.0,0.0,0.0,361.3,0.0,0.2,1.3,0.4,-169.70000000000002,0.0,0.0,169.70000000000002,0.0,21.4,28.9,28.9,30.9,300.0,300.0,31.700000000000003,35.9,28.8,28.0,29.9,4.95,2.0,4.96,0.16,0.0,0.0,1027.0,8228.0,0.0,0.0,0.0,0.0,0.0,1.0,0.0,0.0,0.0,0.0,0.0,1.8,0.0,-0.1,0.0,0.0,16.0,25903.0
2026-07-30T19:03:48.188Z,397.671,397.686,0.0,7.4,0.0,0.0,0.0,0.0,0.0,0.0,0.0,0.0,1.0,0.0,0.0,0.0,9.0,4.0,0.0,0.0,0.0,0.0,0.0,0.0,0.0,0.0,2.0,12.0,1.0,12.17,5.0200000000000005,2.5,1.49,0.0,0.0,0.0,361.3,0.0,0.2,0.1,0.0,-169.70000000000002,0.0,0.0,169.70000000000002,0.0,21.9,28.9,28.9,30.9,300.0,300.0,31.700000000000003,35.9,28.9,28.0,29.9,4.96,2.0,4.96,0.16,0.0,0.0,1027.0,8228.0,0.0,0.0,0.0,0.0,0.0,1.0,0.0,0.0,0.0,0.0,0.0,0.1,0.0,0.1,0.0,0.0,16.0,25903.0
2026-07-30T19:03:48.199Z,397.682,397.698,0.0,7.4,0.0,0.0,0.0,0.0,0.0,0.0,0.0,0.0,1.0,0.0,0.0,0.0,9.0,4.0,0.0,0.0,0.0,0.0,0.0,0.0,0.0,0.0,3.0,12.0,1.0,12.17,5.0200000000000005,2.5,1.49,0.0,0.0,0.0,361.3,0.0,0.2,-0.4,1.6,-169.70000000000002,0.0,0.0,169.70000000000002,0.0,21.9,28.9,28.9,30.9,300.0,300.0,31.700000000000003,35.9,28.9,28.0,29.9,4.95,2.0,4.96,0.16,0.0,0.0,1027.0,8228.0,0.0,0.0,0.0,0.0,0.0,1.0,0.0,0.0,0.0,0.0,0.0,0.7000000000000001,0.0,-1.5,0.0,0.0,16.0,25903.0
2026-07-30T19:03:48.211Z,397.694,397.71,0.0,7.4,0.0,0.0,0.0,0.0,0.0,0.0,0.0,0.0,1.0,0.0,0.0,0.0,9.0,4.0,0.0,0.0,0.0,0.0,0.0,0.0,0.0,0.0,4.0,12.0,1.0,12.17,5.0200000000000005,2.5,1.49,0.0,0.0,0.0,361.4,0.0,0.8,-0.4,1.0,-169.60000000000002,0.0,0.0,169.70000000000002,0.0,21.9,28.9,28.9,30.9,300.0,300.0,31.700000000000003,35.9,28.9,28.0,29.9,4.95,1.99,4.97,0.16,0.0,0.0,1027.0,8228.0,0.0,0.0,0.0,0.0,0.0,1.0,0.0,0.0,0.0,0.0,0.0,0.2,0.0,-1.0,0.0,0.0,16.0,25903.0
2026-07-30T19:03:48.224Z,397.707,397.722,0.0,7.4,0.0,0.0,0.0,0.0,0.0,0.0,0.0,0.0,1.0,0.0,0.0,0.0,9.0,4.0,0.0,0.0,0.0,0.0,0.0,0.0,0.0,0.0,5.0,12.0,1.0,12.17,5.0200000000000005,2.5,1.49,0.0,0.0,0.0,361.4,0.0,-0.3,1.8,1.0,-169.60000000000002,0.0,0.0,169.70000000000002,0.0,21.9,28.9,28.9,30.9,300.0,300.0,31.700000000000003,35.9,28.9,28.0,29.9,4.95,1.99,4.96,0.16,0.0,0.0,1027.0,8228.0,0.0,0.0,0.0,0.0,0.0,1.0,0.0,0.0,0.0,0.0,0.0,2.8000000000000003,0.0,-0.5,0.0,0.0,16.0,25903.0
2026-07-30T19:03:48.235Z,397.718,397.734,0.0,7.4,0.0,0.0,0.0,0.0,0.0,0.0,0.0,0.0,1.0,0.0,0.0,0.0,9.0,4.0,0.0,0.0,0.0,0.0,0.0,0.0,0.0,0.0,5.0,12.0,1.0,12.17,5.0200000000000005,2.5,1.49,0.0,0.0,0.0,361.3,0.0,-0.3,0.1,-0.6000000000000001,-169.70000000000002,0.0,0.0,169.70000000000002,0.0,21.9,28.9,28.9,30.9,300.0,300.0,31.700000000000003,35.9,28.9,28.0,29.9,4.96,1.99,4.96,0.16,0.0,0.0,1027.0,8228.0,0.0,0.0,0.0,0.0,0.0,1.0,0.0,0.0,0.0,0.0,0.0,-0.3,0.0,0.6000000000000001,0.0,0.0,16.0,25903.0
2026-07-30T19:03:48.247Z,397.73,397.746,0.0,7.4,0.0,0.0,0.0,0.0,0.0,0.0,0.0,0.0,1.0,0.0,0.0,0.0,9.0,4.0,0.0,0.0,0.0,0.0,0.0,0.0,0.0,0.0,6.0,12.0,1.0,12.17,5.0200000000000005,2.5,1.49,0.0,0.0,0.0,361.4,0.0,0.8,0.0,0.4,-169.70000000000002,0.0,0.0,169.70000000000002,0.0,21.9,28.9,28.9,30.9,300.0,300.0,31.700000000000003,35.9,28.9,28.0,29.9,4.95,1.99,4.96,0.16,0.0,0.0,1027.0,8228.0,0.0,0.0,0.0,0.0,0.0,1.0,0.0,0.0,0.0,0.0,0.0,0.4,0.0,-0.3,0.0,0.0,16.0,25903.0
2026-07-30T19:03:48.259Z,397.742,397.758,0.0,7.4,0.0,0.0,0.0,0.0,0.0,0.0,0.0,0.0,1.0,0.0,0.0,0.0,9.0,4.0,0.0,0.0,0.0,0.0,0.0,0.0,0.0,0.0,1.0,12.0,1.0,12.17,5.0200000000000005,2.5,1.49,0.0,0.0,0.0,361.3,0.0,0.2,0.0,1.0,-169.70000000000002,0.0,0.0,169.70000000000002,0.0,21.9,28.9,28.9,30.9,300.0,300.0,31.700000000000003,35.9,28.9,28.0,29.9,4.96,1.99,4.96,0.16,0.0,0.0,1027.0,8228.0,0.0,0.0,0.0,0.0,0.0,1.0,0.0,0.0,0.0,0.0,0.0,0.8,0.0,-0.8,0.0,0.0,16.0,25903.0
2026-07-30T19:03:48.271Z,397.754,397.77,0.0,7.4,0.0,0.0,0.0,0.0,0.0,0.0,0.0,0.0,1.0,0.0,0.0,0.0,9.0,4.0,0.0,0.0,0.0,0.0,0.0,0.0,0.0,0.0,1.0,12.0,1.0,12.17,5.0200000000000005,2.5,1.49,0.0,0.0,0.0,361.4,0.0,-0.3,1.2000000000000002,-0.1,-169.70000000000002,0.0,0.0,169.8,0.0,21.9,28.9,28.9,30.9,300.0,300.0,31.700000000000003,35.9,28.9,28.0,29.9,4.96,2.0,4.97,0.16,0.0,0.0,1027.0,8228.0,0.0,0.0,0.0,0.0,0.0,1.0,0.0,0.0,0.0,0.0,0.0,1.2000000000000002,0.0,0.3,0.0,0.0,16.0,25903.0
2026-07-30T19:03:48.284Z,397.767,397.782,0.0,7.4,0.0,0.0,0.0,0.0,0.0,0.0,0.0,0.0,1.0,0.0,0.0,0.0,9.0,4.0,0.0,0.0,0.0,0.0,0.0,0.0,0.0,0.0,2.0,12.0,1.0,12.15,5.01,2.51,1.49,0.0,0.0,0.0,361.3,0.0,0.2,0.0,-0.1,-169.70000000000002,0.0,0.0,169.60000000000002,0.0,21.9,28.9,28.9,30.9,300.0,300.0,31.8,35.9,28.9,28.1,29.9,4.95,1.99,4.97,0.16,0.0,0.0,1027.0,8228.0,0.0,0.0,0.0,0.0,0.0,1.0,0.0,0.0,0.0,0.0,0.0,0.0,0.0,0.1,0.0,0.0,16.0,25903.0
2026-07-30T19:03:48.295Z,397.778,397.794,0.0,7.4,0.0,0.0,0.0,0.0,0.0,0.0,0.0,0.0,1.0,0.0,0.0,0.0,9.0,4.0,0.0,0.0,0.0,0.0,0.0,0.0,0.0,0.0,4.0,12.0,1.0,12.15,5.01,2.51,1.49,0.0,0.0,0.0,361.3,0.0,0.8,-0.5,-0.1,-169.60000000000002,0.0,0.0,169.60000000000002,0.0,21.9,28.9,28.9,30.9,300.0,300.0,31.8,35.9,28.9,28.1,29.9,4.96,1.99,4.97,0.16,0.0,0.0,1027.0,8228.0,0.0,0.0,0.0,0.0,0.0,1.0,0.0,0.0,0.0,0.0,0.0,-0.7000000000000001,0.0,0.0,0.0,0.0,16.0,25903.0
2026-07-30T19:03:48.307Z,397.79,397.806,0.0,7.4,0.0,0.0,0.0,0.0,0.0,0.0,0.0,0.0,1.0,0.0,0.0,0.0,9.0,4.0,0.0,0.0,0.0,0.0,0.0,0.0,0.0,0.0,5.0,12.0,1.0,12.15,5.01,2.51,1.49,0.0,0.0,0.0,361.3,0.0,-0.3,-1.1,-0.1,-169.60000000000002,0.0,0.0,169.70000000000002,0.0,21.9,28.9,28.9,30.9,300.0,300.0,31.8,35.9,28.9,28.1,29.9,4.96,1.99,4.96,0.16,0.0,0.0,1027.0,8228.0,0.0,0.0,0.0,0.0,0.0,1.0,0.0,0.0,0.0,0.0,0.0,-0.5,0.0,0.6000000000000001,0.0,0.0,16.0,25903.0
2026-07-30T19:03:48.320Z,397.803,397.818,0.0,7.4,0.0,0.0,0.0,0.0,0.0,0.0,0.0,0.0,1.0,0.0,0.0,0.0,9.0,4.0,0.0,0.0,0.0,0.0,0.0,0.0,0.0,0.0,6.0,12.0,1.0,12.15,5.01,2.51,1.49,0.0,0.0,0.0,361.3,0.0,-0.3,0.0,0.9,-169.60000000000002,0.0,0.0,169.70000000000002,0.0,21.9,28.9,28.9,30.9,300.0,300.0,31.8,35.9,28.9,28.1,29.9,4.96,1.99,4.97,0.16,0.0,0.0,1027.0,8228.0,0.0,0.0,0.0,0.0,0.0,1.0,0.0,0.0,0.0,0.0,0.0,-0.5,0.0,0.7000000000000001,0.0,0.0,16.0,25903.0
2026-07-30T19:03:48.332Z,397.815,397.83,0.0,7.4,0.0,0.0,0.0,0.0,0.0,0.0,0.0,0.0,1.0,0.0,0.0,0.0,9.0,4.0,0.0,0.0,0.0,0.0,0.0,0.0,0.0,0.0,2.0,12.0,1.0,12.15,5.01,2.51,1.49,0.0,0.0,0.0,361.4,0.0,0.8,1.2000000000000002,1.0,-169.60000000000002,0.0,0.0,169.70000000000002,0.0,21.9,28.9,28.9,30.9,300.0,300.0,31.8,35.9,28.9,28.1,29.9,4.95,2.0,4.97,0.16,0.0,0.0,1027.0,8228.0,0.0,0.0,0.0,0.0,0.0,1.0,0.0,0.0,0.0,0.0,0.0,1.0,0.0,-0.2,0.0,0.0,16.0,25903.0
2026-07-30T19:03:48.343Z,397.826,397.842,0.0,7.4,0.0,0.0,0.0,0.0,0.0,0.0,0.0,0.0,1.0,0.0,0.0,0.0,9.0,4.0,0.0,0.0,0.0,0.0,0.0,0.0,0.0,0.0,2.0,12.0,1.0,12.15,5.01,2.51,1.49,0.0,0.0,0.0,361.3,0.0,-0.9,0.0,1.0,-169.70000000000002,0.0,0.0,169.8,0.0,21.9,28.9,28.9,30.9,300.0,300.0,31.8,35.9,28.9,28.1,29.9,4.96,2.0,4.97,0.16,0.0,0.0,1027.0,8228.0,0.0,0.0,0.0,0.0,0.0,1.0,0.0,0.0,0.0,0.0,0.0,-1.1,0.0,0.5,0.0,0.0,16.0,25903.0
2026-07-30T19:03:48.355Z,397.838,397.854,0.0,7.4,0.0,0.0,0.0,0.0,0.0,0.0,0.0,0.0,1.0,0.0,0.0,0.0,9.0,4.0,0.0,0.0,0.0,0.0,0.0,0.0,0.0,0.0,4.0,12.0,1.0,12.15,5.01,2.51,1.49,0.0,0.1,0.0,361.3,0.0,-0.2,-0.5,-0.1,-169.70000000000002,0.0,0.0,169.70000000000002,0.0,21.9,28.9,28.9,30.9,300.0,300.0,31.8,35.9,28.9,28.1,29.9,4.96,2.0,4.97,0.16,0.0,0.0,1027.0,8228.0,0.0,0.0,0.0,0.0,0.0,1.0,0.0,0.0,0.0,0.0,0.0,-0.6000000000000001,0.0,0.0,0.0,0.0,16.0,25903.0
2026-07-30T19:03:48.367Z,397.85,397.866,0.0,7.4,0.0,0.0,0.0,0.0,0.0,0.0,0.0,0.0,1.0,0.0,0.0,0.0,9.0,4.0,0.0,0.0,0.0,0.0,0.0,0.0,0.0,0.0,5.0,12.0,1.0,12.15,5.01,2.51,1.49,0.0,0.0,0.0,361.3,0.0,0.2,1.1,-1.3,-169.60000000000002,0.0,0.0,169.60000000000002,0.0,21.9,28.9,28.9,30.9,300.0,300.0,31.8,35.9,28.9,28.1,29.9,4.96,1.99,4.97,0.16,0.0,0.0,1027.0,8228.0,0.0,0.0,0.0,0.0,0.0,1.0,0.0,0.0,0.0,0.0,0.0,0.2,0.0,1.4,0.0,0.0,16.0,25903.0
2026-07-30T19:03:48.380Z,397.863,397.878,0.0,7.4,0.0,0.0,0.0,0.0,0.0,0.0,0.0,0.0,1.0,0.0,0.0,0.0,9.0,4.0,0.0,0.0,0.0,0.0,0.0,0.0,0.0,0.0,6.0,12.0,1.0,12.15,5.01,2.51,1.49,0.0,0.0,0.0,361.4,0.0,0.2,1.1,1.5,-169.60000000000002,0.0,0.0,169.60000000000002,0.0,21.9,28.9,28.9,30.9,300.0,300.0,31.8,35.9,28.9,28.1,29.9,4.95,1.99,4.97,0.16,0.0,0.0,1027.0,8228.0,0.0,0.0,0.0,0.0,0.0,1.0,0.0,0.0,0.0,0.0,0.0,2.4000000000000004,0.0,-1.1,0.0,0.0,16.0,25903.0
2026-07-30T19:03:48.391Z,397.874,397.89,0.0,7.4,0.0,0.0,0.0,0.0,0.0,0.0,0.0,0.0,1.0,0.0,0.0,0.0,9.0,4.0,0.0,0.0,0.0,0.0,0.0,0.0,0.0,0.0,1.0,12.0,1.0,12.17,5.01,2.51,1.49,0.0,0.0,0.0,361.3,0.0,-0.3,-0.6000000000000001,0.9,-169.60000000000002,0.0,0.0,169.70000000000002,0.0,21.4,28.9,28.9,30.9,300.0,300.0,31.8,35.9,28.9,28.1,29.9,4.96,1.99,4.96,0.16,0.0,0.0,1027.0,8228.0,0.0,0.0,0.0,0.0,0.0,1.0,0.0,0.0,0.0,0.0,0.0,0.0,0.0,-0.9,0.0,0.0,16.0,25903.0
2026-07-30T19:03:48.403Z,397.886,397.902,0.0,7.4,0.0,0.0,0.0,0.0,0.0,0.0,0.0,0.0,1.0,0.0,0.0,0.0,9.0,4.0,0.0,0.0,0.0,0.0,0.0,0.0,0.0,0.0,2.0,12.0,1.0,12.17,5.01,2.51,1.49,0.0,0.0,0.0,361.4,0.0,-0.3,0.0,-0.2,-169.60000000000002,0.0,0.0,169.60000000000002,0.0,21.4,28.9,28.9,30.9,300.0,300.0,31.8,35.9,28.9,28.1,29.9,4.95,1.99,4.96,0.16,0.0,0.0,1027.0,8228.0,0.0,0.0,0.0,0.0,0.0,1.0,0.0,0.0,0.0,0.0,0.0,-0.1,0.0,0.2,0.0,0.0,16.0,25903.0
2026-07-30T19:03:48.415Z,397.898,397.914,0.0,7.4,0.0,0.0,0.0,0.0,0.0,0.0,0.0,0.0,1.0,0.0,0.0,0.0,9.0,4.0,0.0,0.0,0.0,0.0,0.0,0.0,0.0,0.0,3.0,12.0,1.0,12.17,5.01,2.51,1.49,0.0,0.0,0.0,361.3,0.0,0.2,1.1,1.5,-169.60000000000002,0.0,0.0,169.60000000000002,0.0,21.4,28.9,28.9,30.9,300.0,300.0,31.8,35.9,28.9,28.1,29.9,4.95,1.99,4.97,0.16,0.0,0.0,1027.0,8228.0,0.0,0.0,0.0,0.0,0.0,1.0,0.0,0.0,0.0,0.0,0.0,2.4000000000000004,0.0,-1.0,0.0,0.0,16.0,25903.0
2026-07-30T19:03:48.427Z,397.91,397.926,0.0,7.4,0.0,0.0,0.0,0.0,0.0,0.0,0.0,0.0,1.0,0.0,0.0,0.0,9.0,4.0,0.0,0.0,0.0,0.0,0.0,0.0,0.0,0.0,4.0,12.0,1.0,12.17,5.01,2.51,1.49,0.0,0.1,0.0,361.4,0.0,-0.9,-0.5,-1.3,-169.60000000000002,0.0,0.0,169.8,0.0,21.4,28.9,28.9,30.9,300.0,300.0,31.8,35.9,28.9,28.1,29.9,4.96,2.0,4.97,0.16,0.0,0.0,1027.0,8228.0,0.0,0.0,0.0,0.0,0.0,1.0,0.0,0.0,0.0,0.0,0.0,-1.6,0.0,1.1,0.0,0.0,16.0,25903.0
2026-07-30T19:03:48.439Z,397.922,397.938,0.0,7.4,0.0,0.0,0.0,0.0,0.0,0.0,0.0,0.0,1.0,0.0,0.0,0.0,9.0,4.0,0.0,0.0,0.0,0.0,0.0,0.0,0.0,0.0,6.0,12.0,1.0,12.17,5.01,2.51,1.49,0.0,0.0,0.0,361.3,0.0,1.4,0.0,0.3,-169.60000000000002,0.0,0.0,169.70000000000002,0.0,21.4,28.9,28.9,30.9,300.0,300.0,31.8,35.9,28.9,28.1,29.9,4.95,2.0,4.96,0.16,0.0,0.0,1027.0,8228.0,0.0,0.0,0.0,0.0,0.0,1.0,0.0,0.0,0.0,0.0,0.0,0.3,0.0,-0.3,0.0,0.0,16.0,25903.0
2026-07-30T19:03:48.451Z,397.934,397.95,0.0,7.4,0.0,0.0,0.0,0.0,0.0,0.0,0.0,0.0,1.0,0.0,0.0,0.0,9.0,4.0,0.0,0.0,0.0,0.0,0.0,0.0,0.0,0.0,1.0,12.0,1.0,12.17,5.01,2.51,1.49,0.0,0.0,0.0,361.3,0.0,-0.8,0.0,-0.2,-169.60000000000002,0.0,0.0,169.70000000000002,0.0,21.4,28.9,28.9,30.9,300.0,300.0,31.8,35.9,28.9,28.1,29.9,4.95,1.99,4.97,0.16,0.0,0.0,1027.0,8228.0,0.0,0.0,0.0,0.0,0.0,1.0,0.0,0.0,0.0,0.0,0.0,-0.1,0.0,0.1,0.0,0.0,16.0,25903.0
2026-07-30T19:03:48.463Z,397.946,397.962,0.0,7.4,0.0,0.0,0.0,0.0,0.0,0.0,0.0,0.0,1.0,0.0,0.0,0.0,9.0,4.0,0.0,0.0,0.0,0.0,0.0,0.0,0.0,0.0,2.0,12.0,1.0,12.17,5.01,2.51,1.49,0.0,0.0,0.0,361.4,0.0,0.8,0.5,0.9,-169.60000000000002,0.0,0.0,169.70000000000002,0.0,21.4,28.9,28.9,30.9,300.0,300.0,31.8,35.9,28.9,28.1,29.9,4.95,1.99,4.96,0.16,0.0,0.0,1027.0,8228.0,0.0,0.0,0.0,0.0,0.0,1.0,0.0,0.0,0.0,0.0,0.0,1.3,0.0,-0.7000000000000001,0.0,0.0,16.0,25903.0
2026-07-30T19:03:48.475Z,397.958,397.974,0.0,7.4,0.0,0.0,0.0,0.0,0.0,0.0,0.0,0.0,1.0,0.0,0.0,0.0,9.0,4.0,0.0,0.0,0.0,0.0,0.0,0.0,0.0,0.0,3.0,12.0,1.0,12.17,5.01,2.51,1.49,0.0,0.0,0.0,361.4,0.0,0.2,1.1,1.5,-169.60000000000002,0.0,0.0,169.8,0.0,21.4,28.9,28.9,30.9,300.0,300.0,31.8,35.9,28.9,28.1,29.9,4.96,1.99,4.96,0.16,0.0,0.0,1027.0,8228.0,0.0,0.0,0.0,0.0,0.0,1.0,0.0,0.0,0.0,0.0,0.0,2.4000000000000004,0.0,-1.0,0.0,0.0,16.0,25903.0
2026-07-30T19:03:48.487Z,397.97,397.986,0.0,7.4,0.0,0.0,0.0,0.0,0.0,0.0,0.0,0.0,1.0,0.0,0.0,0.0,9.0,4.0,0.0,0.0,0.0,0.0,0.0,0.0,0.0,0.0,4.0,12.0,1.0,12.11,5.01,2.51,1.5,0.0,0.0,0.0,361.3,0.0,-0.3,0.6000000000000001,-0.8,-169.60000000000002,0.0,0.0,169.8,0.0,21.4,28.9,28.9,30.9,300.0,300.0,31.700000000000003,35.9,28.9,28.0,29.9,4.95,1.99,4.97,0.16,0.0,0.0,1027.0,8228.0,0.0,0.0,0.0,0.0,0.0,1.0,0.0,0.0,0.0,0.0,0.0,0.0,0.0,0.8,0.0,0.0,16.0,25903.0
2026-07-30T19:03:48.500Z,397.983,397.998,0.0,7.4,0.0,0.0,0.0,0.0,0.0,0.0,0.0,0.0,1.0,0.0,0.0,0.0,9.0,4.0,0.0,0.0,0.0,0.0,0.0,0.0,0.0,0.0,5.0,12.0,1.0,12.11,5.01,2.51,1.5,0.0,0.0,0.0,361.3,0.0,0.8,0.0,0.9,-169.70000000000002,0.0,0.0,169.8,0.0,21.4,28.9,28.9,30.9,300.0,300.0,31.700000000000003,35.9,28.9,28.0,29.9,4.96,1.99,4.96,0.16,0.0,0.0,1027.0,8228.0,0.0,0.0,0.0,0.0,0.0,1.0,0.0,0.0,0.0,0.0,0.0,0.7000000000000001,0.0,-0.8,0.0,0.0,16.0,25903.0
2026-07-30T19:03:48.512Z,397.995,398.01,0.0,7.4,0.0,0.0,0.0,0.0,0.0,0.0,0.0,0.0,1.0,0.0,0.0,0.0,9.0,4.0,0.0,0.0,0.0,0.0,0.0,0.0,0.0,0.0,6.0,12.0,1.0,12.11,5.01,2.51,1.5,0.0,0.0,0.0,361.4,0.0,0.2,0.0,-0.7000000000000001,-169.70000000000002,0.0,0.0,169.8,0.0,21.4,28.9,28.9,30.9,300.0,300.0,31.700000000000003,35.9,28.9,28.0,29.9,4.96,2.0,4.97,0.16,0.0,0.0,1027.0,8228.0,0.0,0.0,0.0,0.0,0.0,1.0,0.0,0.0,0.0,0.0,0.0,-0.5,0.0,0.7000000000000001,0.0,0.0,16.0,25903.0
2026-07-30T19:03:48.523Z,398.006,398.022,0.0,7.4,0.0,0.0,0.0,0.0,0.0,0.0,0.0,0.0,1.0,0.0,0.0,0.0,9.0,4.0,0.0,0.0,0.0,0.0,0.0,0.0,0.0,0.0,2.0,12.0,1.0,12.11,5.01,2.51,1.5,0.0,0.0,0.0,361.3,0.0,0.2,-0.5,-0.7000000000000001,-169.70000000000002,0.0,0.0,169.70000000000002,0.0,21.4,28.9,28.9,30.9,300.0,300.0,31.700000000000003,35.9,28.9,28.0,29.9,4.95,1.99,4.97,0.16,0.0,0.0,1027.0,8228.0,0.0,0.0,0.0,0.0,0.0,1.0,0.0,0.0,0.0,0.0,0.0,-1.1,0.0,0.5,0.0,0.0,16.0,25903.0
2026-07-30T19:03:48.535Z,398.018,398.034,0.0,7.4,0.0,0.0,0.0,0.0,0.0,0.0,0.0,0.0,1.0,0.0,0.0,0.0,9.0,4.0,0.0,0.0,0.0,0.0,0.0,0.0,0.0,0.0,3.0,12.0,1.0,12.11,5.01,2.51,1.5,0.0,0.0,0.0,361.3,0.0,0.2,0.6000000000000001,-0.2,-169.70000000000002,0.0,0.0,169.70000000000002,0.0,21.4,28.9,28.9,30.9,300.0,300.0,31.700000000000003,35.9,28.9,28.0,29.9,4.95,1.99,4.97,0.16,0.0,0.0,1027.0,8228.0,0.0,0.0,0.0,0.0,0.0,1.0,0.0,0.0,0.0,0.0,0.0,0.6000000000000001,0.0,0.3,0.0,0.0,16.0,25903.0
2026-07-30T19:03:48.548Z,398.031,398.046,0.0,7.4,0.0,0.0,0.0,0.0,0.0,0.0,0.0,0.0,1.0,0.0,0.0,0.0,9.0,4.0,0.0,0.0,0.0,0.0,0.0,0.0,0.0,0.0,4.0,12.0,1.0,12.11,5.01,2.51,1.5,0.0,0.0,0.0,361.4,0.0,-0.3,-1.1,-1.4,-169.70000000000002,0.0,0.0,169.8,0.0,21.4,28.9,28.9,30.9,300.0,300.0,31.700000000000003,35.9,28.9,28.0,29.9,4.96,1.99,4.96,0.16,0.0,0.0,1027.0,8228.0,0.0,0.0,0.0,0.0,0.0,1.0,0.0,0.0,0.0,0.0,0.0,-2.3000000000000003,0.0,1.0,0.0,0.0,16.0,25903.0
2026-07-30T19:03:48.560Z,398.043,398.058,0.0,7.4,0.0,0.0,0.0,0.0,0.0,0.0,0.0,0.0,1.0,0.0,0.0,0.0,9.0,4.0,0.0,0.0,0.0,0.0,0.0,0.0,0.0,0.0,5.0,12.0,1.0,12.11,5.01,2.51,1.5,0.0,0.0,0.0,361.3,0.0,0.2,0.0,-0.8,-169.70000000000002,0.0,0.0,169.70000000000002,0.0,21.4,28.9,28.9,30.9,300.0,300.0,31.700000000000003,35.9,28.9,28.0,29.9,4.96,1.99,4.97,0.16,0.0,0.0,1027.0,8228.0,0.0,0.0,0.0,0.0,0.0,1.0,0.0,0.0,0.0,0.0,0.0,-0.5,0.0,0.7000000000000001,0.0,0.0,16.0,25903.0
2026-07-30T19:03:48.571Z,398.054,398.07,0.0,7.4,0.0,0.0,0.0,0.0,0.0,0.0,0.0,0.0,1.0,0.0,0.0,0.0,9.0,4.0,0.0,0.0,0.0,0.0,0.0,0.0,0.0,0.0,6.0,12.0,1.0,12.11,5.01,2.51,1.5,0.0,0.0,0.0,361.3,0.0,0.2,0.0,-0.2,-169.70000000000002,0.0,0.0,169.8,0.0,21.4,28.9,28.9,30.9,300.0,300.0,31.700000000000003,35.9,28.9,28.0,29.9,4.95,2.0,4.97,0.17,0.0,0.0,1027.0,8228.0,0.0,0.0,0.0,0.0,0.0,1.0,0.0,0.0,0.0,0.0,0.0,-0.1,0.0,0.2,0.0,0.0,16.0,25903.0
2026-07-30T19:03:48.584Z,398.067,398.082,0.0,7.4,0.0,0.0,0.0,0.0,0.0,0.0,0.0,0.0,1.0,0.0,0.0,0.0,9.0,4.0,0.0,0.0,0.0,0.0,0.0,0.0,0.0,0.0,2.0,12.0,1.0,12.11,5.01,2.51,1.5,0.0,0.0,0.0,361.3,0.0,0.2,-0.4,0.9,-169.70000000000002,0.0,0.0,169.8,0.0,21.4,28.9,28.9,30.9,300.0,300.0,31.700000000000003,35.9,28.9,28.0,29.9,4.96,2.0,4.96,0.16,0.0,0.0,1027.0,8228.0,0.0,0.0,0.0,0.0,0.0,1.0,0.0,0.0,0.0,0.0,0.0,0.1,0.0,-0.9,0.0,0.0,16.0,25903.0
2026-07-30T19:03:48.595Z,398.078,398.094,0.0,7.4,0.0,0.0,0.0,0.0,0.0,0.0,0.0,0.0,1.0,0.0,0.0,0.0,9.0,4.0,0.0,0.0,0.0,0.0,0.0,0.0,0.0,0.0,2.0,12.0,1.0,12.15,5.01,2.5,1.49,0.0,0.0,0.0,361.3,0.0,-0.3,0.0,1.5,-169.70000000000002,0.0,0.0,169.70000000000002,0.0,21.700000000000003,28.9,28.9,30.9,300.0,300.0,31.700000000000003,35.9,28.9,28.0,29.9,4.95,1.99,4.96,0.16,0.0,0.0,1027.0,8228.0,0.0,0.0,0.0,0.0,0.0,1.0,0.0,0.0,0.0,0.0,0.0,1.2000000000000002,0.0,-1.3,0.0,0.0,16.0,25903.0
2026-07-30T19:03:48.607Z,398.09,398.106,0.0,7.4,0.0,0.0,0.0,0.0,0.0,0.0,0.0,0.0,1.0,0.0,0.0,0.0,9.0,4.0,0.0,0.0,0.0,0.0,0.0,0.0,0.0,0.0,4.0,12.0,1.0,12.15,5.01,2.5,1.49,0.0,0.0,0.0,361.3,0.0,-0.3,-0.5,-0.1,-169.70000000000002,0.0,0.0,169.60000000000002,0.0,21.700000000000003,28.9,28.9,30.9,300.0,300.0,31.700000000000003,35.9,28.9,28.0,29.9,4.95,1.99,4.97,0.16,0.0,0.0,1027.0,8228.0,0.0,0.0,0.0,0.0,0.0,1.0,0.0,0.0,0.0,0.0,0.0,-0.7000000000000001,0.0,0.0,0.0,0.0,16.0,25903.0
2026-07-30T19:03:48.619Z,398.102,398.118,0.0,7.4,0.0,0.0,0.0,0.0,0.0,0.0,0.0,0.0,1.0,0.0,0.0,0.0,9.0,4.0,0.0,0.0,0.0,0.0,0.0,0.0,0.0,0.0,5.0,12.0,1.0,12.15,5.01,2.5,1.49,0.0,0.0,0.0,361.3,0.0,0.8,0.6000000000000001,-0.1,-169.70000000000002,0.0,0.0,169.60000000000002,0.0,21.700000000000003,28.9,28.9,30.9,300.0,300.0,31.700000000000003,35.9,28.9,28.0,29.9,4.95,1.99,4.97,0.16,0.0,0.0,1027.0,8228.0,0.0,0.0,0.0,0.0,0.0,1.0,0.0,0.0,0.0,0.0,0.0,0.6000000000000001,0.0,0.2,0.0,0.0,16.0,25903.0
2026-07-30T19:03:48.631Z,398.114,398.13,0.0,7.4,0.0,0.0,0.0,0.0,0.0,0.0,0.0,0.0,1.0,0.0,0.0,0.0,9.0,4.0,0.0,0.0,0.0,0.0,0.0,0.0,0.0,0.0,6.0,12.0,1.0,12.15,5.01,2.5,1.49,0.0,0.0,0.0,361.4,0.0,0.2,0.0,0.9,-169.70000000000002,0.0,0.0,169.70000000000002,0.0,21.700000000000003,28.9,28.9,30.9,300.0,300.0,31.700000000000003,35.9,28.9,28.0,29.9,4.96,1.99,4.96,0.16,0.0,0.0,1027.0,8228.0,0.0,0.0,0.0,0.0,0.0,1.0,0.0,0.0,0.0,0.0,0.0,0.7000000000000001,0.0,-0.8,0.0,0.0,16.0,25903.0
2026-07-30T19:03:48.643Z,398.126,398.142,0.0,7.4,0.0,0.0,0.0,0.0,0.0,0.0,0.0,0.0,1.0,0.0,0.0,0.0,9.0,4.0,0.0,0.0,0.0,0.0,0.0,0.0,0.0,0.0,1.0,12.0,1.0,12.15,5.01,2.5,1.49,0.0,0.0,0.0,361.3,0.0,0.8,0.0,-0.1,-169.70000000000002,0.0,0.0,169.70000000000002,0.0,21.700000000000003,28.9,28.9,30.9,300.0,300.0,31.700000000000003,35.9,28.9,28.0,29.9,4.95,1.99,4.97,0.16,0.0,0.0,1027.0,8228.0,0.0,0.0,0.0,0.0,0.0,1.0,0.0,0.0,0.0,0.0,0.0,0.0,0.0,0.1,0.0,0.0,16.0,25903.0
2026-07-30T19:03:48.655Z,398.138,398.154,0.0,7.4,0.0,0.0,0.0,0.0,0.0,0.0,0.0,0.0,1.0,0.0,0.0,0.0,9.0,4.0,0.0,0.0,0.0,0.0,0.0,0.0,0.0,0.0,2.0,12.0,1.0,12.15,5.01,2.5,1.49,0.0,0.0,0.0,361.4,0.0,0.2,0.0,1.0,-169.70000000000002,0.0,0.0,169.70000000000002,0.0,21.700000000000003,28.9,28.9,30.9,300.0,300.0,31.700000000000003,35.9,28.9,28.0,29.9,4.95,1.99,4.96,0.16,0.0,0.0,1027.0,8228.0,0.0,0.0,0.0,0.0,0.0,1.0,0.0,0.0,0.0,0.0,0.0,0.7000000000000001,0.0,-0.8,0.0,0.0,16.0,25903.0
2026-07-30T19:03:48.667Z,398.15,398.166,0.0,7.4,0.0,0.0,0.0,0.0,0.0,0.0,0.0,0.0,1.0,0.0,0.0,0.0,9.0,4.0,0.0,0.0,0.0,0.0,0.0,0.0,0.0,0.0,3.0,12.0,1.0,12.15,5.01,2.5,1.49,0.0,0.0,0.0,361.3,0.0,0.2,-0.5,-0.1,-169.70000000000002,0.0,0.0,169.8,0.0,21.700000000000003,28.9,28.9,30.9,300.0,300.0,31.700000000000003,35.9,28.9,28.0,29.9,4.95,1.99,4.96,0.16,0.0,0.0,1027.0,8228.0,0.0,0.0,0.0,0.0,0.0,1.0,0.0,0.0,0.0,0.0,0.0,-0.7000000000000001,0.0,0.0,0.0,0.0,16.0,25903.0
2026-07-30T19:03:48.679Z,398.162,398.178,0.0,7.4,0.0,0.0,0.0,0.0,0.0,0.0,0.0,0.0,1.0,0.0,0.0,0.0,9.0,4.0,0.0,0.0,0.0,0.0,0.0,0.0,0.0,0.0,4.0,12.0,1.0,12.15,5.01,2.5,1.49,0.0,0.0,0.0,361.3,0.0,0.2,-0.5,-0.1,-169.70000000000002,0.0,0.0,169.60000000000002,0.0,21.700000000000003,28.9,28.9,30.9,300.0,300.0,31.700000000000003,35.9,28.9,28.0,29.9,4.95,1.99,4.96,0.17,0.0,0.0,1027.0,8228.0,0.0,0.0,0.0,0.0,0.0,1.0,0.0,0.0,0.0,0.0,0.0,-0.7000000000000001,0.0,0.0,0.0,0.0,16.0,25903.0
2026-07-30T19:03:48.691Z,398.174,398.19,0.0,7.4,0.0,0.0,0.0,0.0,0.0,0.0,0.0,0.0,1.0,0.0,0.0,0.0,9.0,4.0,0.0,0.0,0.0,0.0,0.0,0.0,0.0,0.0,5.0,12.0,1.0,12.17,5.0200000000000005,2.51,1.49,0.0,0.0,0.0,361.3,0.0,-0.3,-0.6000000000000001,-0.2,-169.70000000000002,0.0,0.0,169.70000000000002,0.0,21.200000000000003,28.9,28.9,30.9,300.0,300.0,31.6,35.9,28.9,28.0,29.9,4.95,1.99,4.97,0.17,0.0,0.0,1027.0,8228.0,0.0,0.0,0.0,0.0,0.0,1.0,0.0,0.0,0.0,0.0,0.0,-0.8,0.0,0.0,0.0,0.0,16.0,25903.0
2026-07-30T19:03:48.704Z,398.187,398.202,0.0,7.4,0.0,0.0,0.0,0.0,0.0,0.0,0.0,0.0,1.0,0.0,0.0,0.0,9.0,4.0,0.0,0.0,0.0,0.0,0.0,0.0,0.0,0.0,6.0,12.0,1.0,12.17,5.0200000000000005,2.51,1.49,0.0,0.0,0.0,361.3,0.0,-0.3,0.0,0.9,-169.70000000000002,0.0,0.0,169.70000000000002,0.0,21.200000000000003,28.9,28.9,30.9,300.0,300.0,31.6,35.9,28.9,28.0,29.9,4.95,1.99,4.96,0.16,0.0,0.0,1027.0,8228.0,0.0,0.0,0.0,0.0,0.0,1.0,0.0,0.0,0.0,0.0,0.0,0.7000000000000001,0.0,-0.8,0.0,0.0,16.0,25903.0
2026-07-30T19:03:48.715Z,398.198,398.214,0.0,7.4,0.0,0.0,0.0,0.0,0.0,0.0,0.0,0.0,1.0,0.0,0.0,0.0,9.0,4.0,0.0,0.0,0.0,0.0,0.0,0.0,0.0,0.0,1.0,12.0,1.0,12.17,5.0200000000000005,2.51,1.49,0.0,0.0,0.0,361.3,0.0,-0.3,0.0,-0.2,-169.70000000000002,0.0,0.0,169.60000000000002,0.0,21.200000000000003,28.9,28.9,30.9,300.0,300.0,31.6,35.9,28.9,28.0,29.9,4.96,1.99,4.96,0.16,0.0,0.0,1027.0,8228.0,0.0,0.0,0.0,0.0,0.0,1.0,0.0,0.0,0.0,0.0,0.0,-0.1,0.0,0.1,0.0,0.0,16.0,25903.0
2026-07-30T19:03:48.728Z,398.211,398.226,0.0,7.4,0.0,0.0,0.0,0.0,0.0,0.0,0.0,0.0,1.0,0.0,0.0,0.0,9.0,4.0,0.0,0.0,0.0,0.0,0.0,0.0,0.0,0.0,2.0,12.0,1.0,12.17,5.0200000000000005,2.51,1.49,0.0,0.0,0.0,361.3,0.0,-0.8,-1.6,-0.8,-169.60000000000002,0.0,0.0,169.70000000000002,0.0,21.200000000000003,28.9,28.9,30.9,300.0,300.0,31.6,35.9,28.9,28.0,29.9,4.95,1.99,4.97,0.16,0.0,0.0,1027.0,8228.0,0.0,0.0,0.0,0.0,0.0,1.0,0.0,0.0,0.0,0.0,0.0,-2.5,0.0,0.3,0.0,0.0,16.0,25903.0
2026-07-30T19:03:48.740Z,398.223,398.238,0.0,7.4,0.0,0.0,0.0,0.0,0.0,0.0,0.0,0.0,1.0,0.0,0.0,0.0,9.0,4.0,0.0,0.0,0.0,0.0,0.0,0.0,0.0,0.0,3.0,12.0,1.0,12.17,5.0200000000000005,2.51,1.49,0.0,0.0,0.0,361.3,0.0,-0.2,-0.5,-0.7000000000000001,-169.60000000000002,0.0,0.0,169.60000000000002,0.0,21.200000000000003,28.9,28.9,30.9,300.0,300.0,31.6,35.9,28.9,28.0,29.9,4.96,1.99,4.96,0.16,0.0,0.0,1027.0,8228.0,0.0,0.0,0.0,0.0,0.0,1.0,0.0,0.0,0.0,0.0,0.0,-1.2000000000000002,0.0,0.5,0.0,0.0,16.0,25903.0
2026-07-30T19:03:48.752Z,398.235,398.25,0.0,7.4,0.0,0.0,0.0,0.0,0.0,0.0,0.0,0.0,1.0,0.0,0.0,0.0,9.0,4.0,0.0,0.0,0.0,0.0,0.0,0.0,0.0,0.0,4.0,12.0,1.0,12.17,5.0200000000000005,2.51,1.49,0.0,0.0,0.0,361.3,0.0,0.2,0.5,1.5,-169.60000000000002,0.0,0.0,169.70000000000002,0.0,21.200000000000003,28.9,28.9,30.9,300.0,300.0,31.6,35.9,28.9,28.0,29.9,4.96,1.99,4.97,0.16,0.0,0.0,1027.0,8228.0,0.0,0.0,0.0,0.0,0.0,1.0,0.0,0.0,0.0,0.0,0.0,1.8,0.0,-1.2000000000000002,0.0,0.0,16.0,25903.0
2026-07-30T19:03:48.763Z,398.246,398.262,0.0,7.4,0.0,0.0,0.0,0.0,0.0,0.0,0.0,0.0,1.0,0.0,0.0,0.0,9.0,4.0,0.0,0.0,0.0,0.0,0.0,0.0,0.0,0.0,6.0,12.0,1.0,12.17,5.0200000000000005,2.51,1.49,0.0,0.0,0.0,361.4,0.0,-0.8,-0.5,-0.7000000000000001,-169.70000000000002,0.0,0.0,169.8,0.0,21.200000000000003,28.9,28.9,30.9,300.0,300.0,31.6,35.9,28.9,28.0,29.9,4.95,1.99,4.97,0.16,0.0,0.0,1027.0,8228.0,0.0,0.0,0.0,0.0,0.0,1.0,0.0,0.0,0.0,0.0,0.0,-1.1,0.0,0.5,0.0,0.0,16.0,25903.0
2026-07-30T19:03:48.775Z,398.258,398.274,0.0,7.4,0.0,0.0,0.0,0.0,0.0,0.0,0.0,0.0,1.0,0.0,0.0,0.0,9.0,4.0,0.0,0.0,0.0,0.0,0.0,0.0,0.0,0.0,1.0,12.0,1.0,12.17,5.0200000000000005,2.51,1.49,-0.1,0.1,0.0,361.3,0.0,-0.8,-1.1,0.4,-169.70000000000002,0.0,0.0,169.70000000000002,0.0,21.200000000000003,28.9,28.9,30.9,300.0,300.0,31.6,35.9,28.9,28.0,29.9,4.96,1.99,4.97,0.16,0.0,0.0,1027.0,8228.0,0.0,0.0,0.0,0.0,0.0,1.0,0.0,0.0,0.0,0.0,0.0,-0.9,0.0,-0.6000000000000001,0.0,0.0,16.0,25903.0
2026-07-30T19:03:48.787Z,398.27,398.286,0.0,7.4,0.0,0.0,0.0,0.0,0.0,0.0,0.0,0.0,1.0,0.0,0.0,0.0,9.0,4.0,0.0,0.0,0.0,0.0,0.0,0.0,0.0,0.0,2.0,12.0,1.0,12.17,5.0200000000000005,2.51,1.49,0.0,0.1,0.0,361.3,0.0,0.2,-1.1,-0.1,-169.70000000000002,0.0,0.0,169.70000000000002,0.0,21.200000000000003,28.9,28.9,30.9,300.0,300.0,31.6,35.9,28.9,28.0,29.9,4.96,1.99,4.96,0.16,0.0,0.0,1027.0,8228.0,0.0,0.0,0.0,0.0,0.0,1.0,0.0,0.0,0.0,0.0,0.0,-1.3,0.0,-0.1,0.0,0.0,16.0,25903.0
2026-07-30T19:03:48.799Z,398.282,398.298,0.0,7.4,0.0,0.0,0.0,0.0,0.0,0.0,0.0,0.0,1.0,0.0,0.0,0.0,9.0,4.0,0.0,0.0,0.0,0.0,0.0,0.0,0.0,0.0,4.0,12.0,1.0,12.18,5.01,2.5,1.49,0.0,0.0,0.0,361.3,0.0,1.4,0.0,-0.1,-169.70000000000002,0.0,0.0,169.70000000000002,0.0,21.700000000000003,28.9,28.9,30.9,300.0,300.0,31.6,35.9,28.9,28.0,29.9,4.96,1.99,4.97,0.16,0.0,0.0,1027.0,8228.0,0.0,0.0,0.0,0.0,0.0,1.0,0.0,0.0,0.0,0.0,0.0,-0.1,0.0,0.1,0.0,0.0,16.0,25903.0
2026-07-30T19:03:48.811Z,398.294,398.31,0.0,7.4,0.0,0.0,0.0,0.0,0.0,0.0,0.0,0.0,1.0,0.0,0.0,0.0,9.0,4.0,0.0,0.0,0.0,0.0,0.0,0.0,0.0,0.0,5.0,12.0,1.0,12.18,5.01,2.5,1.49,0.0,0.0,0.0,361.4,0.0,0.3,-0.5,1.6,-169.70000000000002,0.0,0.0,169.8,0.0,21.700000000000003,28.9,28.9,30.9,300.0,300.0,31.6,35.9,28.9,28.0,29.9,4.95,1.99,4.97,0.16,0.0,0.0,1027.0,8228.0,0.0,0.0,0.0,0.0,0.0,1.0,0.0,0.0,0.0,0.0,0.0,0.6000000000000001,0.0,-1.5,0.0,0.0,16.0,25903.0
2026-07-30T19:03:48.823Z,398.306,398.322,0.0,7.4,0.0,0.0,0.0,0.0,0.0,0.0,0.0,0.0,1.0,0.0,0.0,0.0,9.0,4.0,0.0,0.0,0.0,0.0,0.0,0.0,0.0,0.0,6.0,12.0,1.0,12.18,5.01,2.5,1.49,0.0,0.0,0.0,361.3,0.0,-0.2,0.6000000000000001,-0.1,-169.70000000000002,0.0,0.0,169.8,0.0,21.700000000000003,28.9,28.9,30.9,300.0,300.0,31.6,35.9,28.9,28.0,29.9,4.96,1.99,4.97,0.16,0.0,0.0,1027.0,8228.0,0.0,0.0,0.0,0.0,0.0,1.0,0.0,0.0,0.0,0.0,0.0,0.6000000000000001,0.0,0.2,0.0,0.0,16.0,25903.0
2026-07-30T19:03:48.835Z,398.318,398.334,0.0,7.4,0.0,0.0,0.0,0.0,0.0,0.0,0.0,0.0,1.0,0.0,0.0,0.0,9.0,4.0,0.0,0.0,0.0,0.0,0.0,0.0,0.0,0.0,1.0,12.0,1.0,12.18,5.01,2.5,1.49,0.0,0.0,0.0,361.4,0.0,-0.8,-1.7000000000000002,-0.1,-169.70000000000002,0.0,0.0,169.70000000000002,0.0,21.700000000000003,28.9,28.9,30.9,300.0,300.0,31.6,35.9,28.9,28.0,29.9,4.96,1.99,4.96,0.16,0.0,0.0,1027.0,8228.0,0.0,0.0,0.0,0.0,0.0,1.0,0.0,0.0,0.0,0.0,0.0,-1.1,0.0,0.5,0.0,0.0,16.0,25903.0
2026-07-30T19:03:48.847Z,398.33,398.346,0.0,7.4,0.0,0.0,0.0,0.0,0.0,0.0,0.0,0.0,1.0,0.0,0.0,0.0,9.0,4.0,0.0,0.0,0.0,0.0,0.0,0.0,0.0,0.0,2.0,12.0,1.0,12.18,5.01,2.5,1.49,0.0,0.0,0.0,361.3,0.0,0.3,0.0,-0.7000000000000001,-169.70000000000002,0.0,0.0,169.70000000000002,0.0,21.700000000000003,28.9,28.9,30.9,300.0,300.0,31.6,35.9,28.9,28.0,29.9,4.96,1.99,4.97,0.16,0.0,0.0,1027.0,8228.0,0.0,0.0,0.0,0.0,0.0,1.0,0.0,0.0,0.0,0.0,0.0,0.7000000000000001,0.0,-0.8,0.0,0.0,16.0,25903.0
2026-07-30T19:03:48.859Z,398.342,398.358,0.0,7.4,0.0,0.0,0.0,0.0,0.0,0.0,0.0,0.0,1.0,0.0,0.0,0.0,9.0,4.0,0.0,0.0,0.0,0.0,0.0,0.0,0.0,0.0,3.0,12.0,1.0,12.18,5.01,2.5,1.49,0.0,0.0,0.0,361.3,0.0,0.3,0.0,-1.3,-169.70000000000002,0.0,0.0,169.70000000000002,0.0,21.700000000000003,28.9,28.9,30.9,300.0,300.0,31.6,35.9,28.9,28.0,29.9,4.95,2.0,4.97,0.16,0.0,0.0,1027.0,8228.0,0.0,0.0,0.0,0.0,0.0,1.0,0.0,0.0,0.0,0.0,0.0,-1.6,0.0,1.0,0.0,0.0,16.0,25903.0
2026-07-30T19:03:48.871Z,398.354,398.37,0.0,7.4,0.0,0.0,0.0,0.0,0.0,0.0,0.0,0.0,1.0,0.0,0.0,0.0,9.0,4.0,0.0,0.0,0.0,0.0,0.0,0.0,0.0,0.0,4.0,12.0,1.0,12.18,5.01,2.5,1.49,0.0,0.0,0.0,361.4,0.0,-0.2,-1.0,-0.1,-169.70000000000002,0.0,0.0,169.8,0.0,21.700000000000003,28.9,28.9,30.9,300.0,300.0,31.6,35.9,28.9,28.0,29.9,4.95,2.0,4.96,0.16,0.0,0.0,1027.0,8228.0,0.0,0.0,0.0,0.0,0.0,1.0,0.0,0.0,0.0,0.0,0.0,-1.3,0.0,0.0,0.0,0.0,16.0,25903.0
2026-07-30T19:03:48.883Z,398.366,398.382,0.0,7.4,0.0,0.0,0.0,0.0,0.0,0.0,0.0,0.0,1.0,0.0,0.0,0.0,9.0,4.0,0.0,0.0,0.0,0.0,0.0,0.0,0.0,0.0,5.0,12.0,1.0,12.18,5.01,2.5,1.49,0.0,0.0,0.0,361.3,0.0,0.2,-0.5,-0.1,-169.70000000000002,0.0,0.0,169.70000000000002,0.0,21.700000000000003,28.9,28.9,30.9,300.0,300.0,31.6,35.9,28.9,28.0,29.9,4.95,1.99,4.96,0.16,0.0,0.0,1027.0,8228.0,0.0,0.0,0.0,0.0,0.0,1.0,0.0,0.0,0.0,0.0,0.0,-0.7000000000000001,0.0,0.0,0.0,0.0,16.0,25903.0
2026-07-30T19:03:48.895Z,398.378,398.394,0.0,7.4,0.0,0.0,0.0,0.0,0.0,0.0,0.0,0.0,1.0,0.0,0.0,0.0,9.0,4.0,0.0,0.0,0.0,0.0,0.0,0.0,0.0,0.0,6.0,12.0,1.0,12.17,5.0200000000000005,2.51,1.5,0.0,0.0,0.0,361.3,0.0,-0.3,0.0,-0.8,-169.70000000000002,0.0,0.0,169.70000000000002,0.0,21.0,28.9,28.9,30.9,300.0,300.0,31.700000000000003,35.9,28.9,28.0,29.9,4.95,1.99,4.97,0.16,0.0,0.0,1027.0,8228.0,0.0,0.0,0.0,0.0,0.0,1.0,0.0,0.0,0.0,0.0,0.0,-0.6000000000000001,0.0,0.7000000000000001,0.0,0.0,16.0,25903.0
2026-07-30T19:03:48.907Z,398.39,398.406,0.0,7.4,0.0,0.0,0.0,0.0,0.0,0.0,0.0,0.0,1.0,0.0,0.0,0.0,9.0,4.0,0.0,0.0,0.0,0.0,0.0,0.0,0.0,0.0,1.0,12.0,1.0,12.17,5.0200000000000005,2.51,1.5,0.0,0.0,0.0,361.3,0.0,0.2,1.1,0.3,-169.70000000000002,0.0,0.0,169.60000000000002,0.0,21.0,28.9,28.9,30.9,300.0,300.0,31.700000000000003,35.9,28.9,28.0,29.9,4.96,1.99,4.97,0.16,0.0,0.0,1027.0,8228.0,0.0,0.0,0.0,0.0,0.0,1.0,0.0,0.0,0.0,0.0,0.0,1.5,0.0,0.0,0.0,0.0,16.0,25903.0
2026-07-30T19:03:48.919Z,398.402,398.418,0.0,7.4,0.0,0.0,0.0,0.0,0.0,0.0,0.0,0.0,1.0,0.0,0.0,0.0,9.0,4.0,0.0,0.0,0.0,0.0,0.0,0.0,0.0,0.0,2.0,12.0,1.0,12.17,5.0200000000000005,2.51,1.5,0.0,0.0,0.0,361.3,0.0,-0.3,-1.1,-0.8,-169.60000000000002,0.0,0.0,169.60000000000002,0.0,21.0,28.9,28.9,30.9,300.0,300.0,31.700000000000003,35.9,28.9,28.0,29.9,4.96,1.99,4.96,0.16,0.0,0.0,1027.0,8228.0,0.0,0.0,0.0,0.0,0.0,1.0,0.0,0.0,0.0,0.0,0.0,-1.9,0.0,0.5,0.0,0.0,16.0,25903.0
2026-07-30T19:03:48.931Z,398.414,398.43,0.0,7.4,0.0,0.0,0.0,0.0,0.0,0.0,0.0,0.0,1.0,0.0,0.0,0.0,9.0,4.0,0.0,0.0,0.0,0.0,0.0,0.0,0.0,0.0,3.0,12.0,1.0,12.17,5.0200000000000005,2.51,1.5,0.0,0.0,0.0,361.4,0.0,-0.9,-1.1,-0.2,-169.60000000000002,0.0,0.0,169.70000000000002,0.0,21.0,28.9,28.9,30.9,300.0,300.0,31.700000000000003,35.9,28.9,28.0,29.9,4.95,1.99,4.97,0.16,0.0,0.0,1027.0,8228.0,0.0,0.0,0.0,0.0,0.0,1.0,0.0,0.0,0.0,0.0,0.0,-1.4,0.0,0.0,0.0,0.0,16.0,25903.0
2026-07-30T19:03:48.944Z,398.427,398.442,0.0,7.4,0.0,0.0,0.0,0.0,0.0,0.0,0.0,0.0,1.0,0.0,0.0,0.0,9.0,4.0,0.0,0.0,0.0,0.0,0.0,0.0,0.0,0.0,4.0,12.0,1.0,12.17,5.0200000000000005,2.51,1.5,0.0,0.0,0.0,361.3,0.0,0.2,0.6000000000000001,-0.2,-169.60000000000002,0.0,0.0,169.60000000000002,0.0,21.0,28.9,28.9,30.9,300.0,300.0,31.700000000000003,35.9,28.9,28.0,29.9,4.95,1.99,4.96,0.16,0.0,0.0,1027.0,8228.0,0.0,0.0,0.0,0.0,0.0,1.0,0.0,0.0,0.0,0.0,0.0,0.5,0.0,0.3,0.0,0.0,16.0,25903.0
2026-07-30T19:03:48.955Z,398.438,398.454,0.0,7.4,0.0,0.0,0.0,0.0,0.0,0.0,0.0,0.0,1.0,0.0,0.0,0.0,9.0,4.0,0.0,0.0,0.0,0.0,0.0,0.0,0.0,0.0,5.0,12.0,1.0,12.17,5.0200000000000005,2.51,1.5,0.0,0.1,0.0,361.3,0.0,0.2,0.0,-1.4,-169.60000000000002,0.0,0.0,169.70000000000002,0.0,21.0,28.9,28.9,30.9,300.0,300.0,31.700000000000003,35.9,28.9,28.0,29.9,4.95,1.99,4.96,0.16,0.0,0.0,1027.0,8228.0,0.0,0.0,0.0,0.0,0.0,1.0,0.0,0.0,0.0,0.0,0.0,-0.9,0.0,1.2000000000000002,0.0,0.0,16.0,25903.0
2026-07-30T19:03:48.967Z,398.45,398.466,0.0,7.4,0.0,0.0,0.0,0.0,0.0,0.0,0.0,0.0,1.0,0.0,0.0,0.0,9.0,4.0,0.0,0.0,0.0,0.0,0.0,0.0,0.0,0.0,6.0,12.0,1.0,12.17,5.0200000000000005,2.51,1.5,0.0,0.0,0.0,361.2000000000001,0.0,0.2,0.1,-0.2,-169.60000000000002,0.0,0.0,169.60000000000002,0.0,21.0,28.9,28.9,30.9,300.0,300.0,31.700000000000003,35.9,28.9,28.0,29.9,4.95,1.99,4.97,0.16,0.0,0.0,1027.0,8228.0,0.0,0.0,0.0,0.0,0.0,1.0,0.0,0.0,0.0,0.0,0.0,0.0,0.0,0.2,0.0,0.0,16.0,25903.0
2026-07-30T19:03:48.980Z,398.463,398.478,0.0,7.4,0.0,0.0,0.0,0.0,0.0,0.0,0.0,0.0,1.0,0.0,0.0,0.0,9.0,4.0,0.0,0.0,0.0,0.0,0.0,0.0,0.0,0.0,1.0,12.0,1.0,12.17,5.0200000000000005,2.51,1.5,0.0,0.0,0.0,361.3,0.0,0.2,0.0,-0.8,-169.60000000000002,0.0,0.0,169.60000000000002,0.0,21.0,28.9,28.9,30.9,300.0,300.0,31.700000000000003,35.9,28.9,28.0,29.9,4.96,1.99,4.96,0.16,0.0,0.0,1027.0,8228.0,0.0,0.0,0.0,0.0,0.0,1.0,0.0,0.0,0.0,0.0,0.0,-0.5,0.0,0.7000000000000001,0.0,0.0,16.0,25903.0
2026-07-30T19:03:48.991Z,398.474,398.49,0.0,7.4,0.0,0.0,0.0,0.0,0.0,0.0,0.0,0.0,1.0,0.0,0.0,0.0,9.0,4.0,0.0,0.0,0.0,0.0,0.0,0.0,0.0,0.0,2.0,12.0,1.0,12.17,5.0200000000000005,2.51,1.5,0.0,0.0,0.0,361.4,0.0,0.2,0.0,-0.1,-169.60000000000002,0.0,0.0,169.70000000000002,0.0,21.0,28.9,28.9,30.9,300.0,300.0,31.700000000000003,35.9,28.9,28.0,29.9,4.96,1.99,4.96,0.16,0.0,0.0,1027.0,8228.0,0.0,0.0,0.0,0.0,0.0,1.0,0.0,0.0,0.0,0.0,0.0,0.0,0.0,0.1,0.0,0.0,16.0,25903.0
2026-07-30T19:03:49.003Z,398.486,398.502,0.0,7.4,0.0,0.0,0.0,0.0,0.0,0.0,0.0,0.0,1.0,0.0,0.0,0.0,9.0,4.0,0.0,0.0,0.0,0.0,0.0,0.0,0.0,0.0,3.0,12.0,1.0,12.17,5.0200000000000005,2.5,1.49,0.0,0.0,0.0,361.3,0.0,-0.2,1.2000000000000002,0.4,-169.60000000000002,0.0,0.0,169.60000000000002,0.0,21.4,28.9,28.9,30.9,300.0,300.0,31.8,35.9,28.8,28.0,29.9,4.96,1.99,4.96,0.16,0.0,0.0,1027.0,8228.0,0.0,0.0,0.0,0.0,0.0,1.0,0.0,0.0,0.0,0.0,0.0,1.7000000000000002,0.0,0.0,0.0,0.0,16.0,25903.0
2026-07-30T19:03:49.015Z,398.498,398.514,0.0,7.4,0.0,0.0,0.0,0.0,0.0,0.0,0.0,0.0,1.0,0.0,0.0,0.0,9.0,4.0,0.0,0.0,0.0,0.0,0.0,0.0,0.0,0.0,5.0,12.0,1.0,12.17,5.0200000000000005,2.5,1.49,0.0,0.0,0.0,361.3,0.0,0.3,-0.4,-0.1,-169.60000000000002,0.0,0.0,169.70000000000002,0.0,21.4,28.9,28.9,30.9,300.0,300.0,31.8,35.9,28.8,28.0,29.9,4.95,1.99,4.97,0.16,0.0,0.0,1027.0,8228.0,0.0,0.0,0.0,0.0,0.0,1.0,0.0,0.0,0.0,0.0,0.0,-0.6000000000000001,0.0,0.0,0.0,0.0,16.0,25903.0
2026-07-30T19:03:49.028Z,398.511,398.526,0.0,7.4,0.0,0.0,0.0,0.0,0.0,0.0,0.0,0.0,1.0,0.0,0.0,0.0,9.0,4.0,0.0,0.0,0.0,0.0,0.0,0.0,0.0,0.0,6.0,12.0,1.0,12.17,5.0200000000000005,2.5,1.49,0.0,0.0,0.0,361.3,0.0,0.3,-1.0,0.4,-169.60000000000002,0.0,0.0,169.60000000000002,0.0,21.4,28.9,28.9,30.9,300.0,300.0,31.8,35.9,28.8,28.0,29.9,4.96,1.99,4.96,0.16,0.0,0.0,1027.0,8228.0,0.0,0.0,0.0,0.0,0.0,1.0,0.0,0.0,0.0,0.0,0.0,-0.8,0.0,-0.6000000000000001,0.0,0.0,16.0,25903.0
2026-07-30T19:03:49.040Z,398.523,398.538,0.0,7.4,0.0,0.0,0.0,0.0,0.0,0.0,0.0,0.0,1.0,0.0,0.0,0.0,9.0,4.0,0.0,0.0,0.0,0.0,0.0,0.0,0.0,0.0,1.0,12.0,1.0,12.17,5.0200000000000005,2.5,1.49,0.0,0.1,0.0,361.3,0.0,-0.2,-0.5,-0.6000000000000001,-169.60000000000002,0.0,0.0,169.70000000000002,0.0,21.4,28.9,28.9,30.9,300.0,300.0,31.8,35.9,28.8,28.0,29.9,4.96,1.99,4.97,0.16,0.0,0.0,1027.0,8228.0,0.0,0.0,0.0,0.0,0.0,1.0,0.0,0.0,0.0,0.0,0.0,-1.1,0.0,0.5,0.0,0.0,16.0,25903.0
2026-07-30T19:03:49.052Z,398.535,398.55,0.0,7.4,0.0,0.0,0.0,0.0,0.0,0.0,0.0,0.0,1.0,0.0,0.0,0.0,9.0,4.0,0.0,0.0,0.0,0.0,0.0,0.0,0.0,0.0,2.0,12.0,1.0,12.17,5.0200000000000005,2.5,1.49,0.0,0.0,0.0,361.3,0.0,-0.2,0.6000000000000001,0.4,-169.60000000000002,0.0,0.0,169.70000000000002,0.0,21.4,28.9,28.9,30.9,300.0,300.0,31.8,35.9,28.8,28.0,29.9,4.95,1.99,4.97,0.16,0.0,0.0,1027.0,8228.0,0.0,0.0,0.0,0.0,0.0,1.0,0.0,0.0,0.0,0.0,0.0,1.1,0.0,-0.2,0.0,0.0,16.0,25903.0
2026-07-30T19:03:49.064Z,398.547,398.562,0.0,7.4,0.0,0.0,0.0,0.0,0.0,0.0,0.0,0.0,1.0,0.0,0.0,0.0,9.0,4.0,0.0,0.0,0.0,0.0,0.0,0.0,0.0,0.0,3.0,12.0,1.0,12.17,5.0200000000000005,2.5,1.49,0.0,0.0,0.0,361.4,0.0,-0.2,-0.4,0.4,-169.60000000000002,0.0,0.0,169.60000000000002,0.0,21.4,28.9,28.9,30.9,300.0,300.0,31.8,35.9,28.8,28.0,29.9,4.96,1.99,4.97,0.16,0.0,0.0,1027.0,8228.0,0.0,0.0,0.0,0.0,0.0,1.0,0.0,0.0,0.0,0.0,0.0,-0.1,0.0,-0.5,0.0,0.0,16.0,25903.0
2026-07-30T19:03:49.076Z,398.559,398.574,0.0,7.4,0.0,0.0,0.0,0.0,0.0,0.0,0.0,0.0,1.0,0.0,0.0,0.0,9.0,4.0,0.0,0.0,0.0,0.0,0.0,0.0,0.0,0.0,4.0,12.0,1.0,12.17,5.0200000000000005,2.5,1.49,0.0,0.0,0.0,361.3,0.0,0.3,-1.6,0.0,-169.60000000000002,0.0,0.0,169.60000000000002,0.0,21.4,28.9,28.9,30.9,300.0,300.0,31.8,35.9,28.8,28.0,29.9,4.96,1.99,4.97,0.16,0.0,0.0,1027.0,8228.0,0.0,0.0,0.0,0.0,0.0,1.0,0.0,0.0,0.0,0.0,0.0,-1.9,0.0,-0.3,0.0,0.0,16.0,25903.0
2026-07-30T19:03:49.088Z,398.571,398.586,0.0,7.4,0.0,0.0,0.0,0.0,0.0,0.0,0.0,0.0,1.0,0.0,0.0,0.0,9.0,4.0,0.0,0.0,0.0,0.0,0.0,0.0,0.0,0.0,5.0,12.0,1.0,12.17,5.0200000000000005,2.5,1.49,0.0,0.0,0.0,361.4,0.0,1.5,1.8,0.5,-169.60000000000002,0.0,0.0,169.70000000000002,0.0,21.4,28.9,28.9,30.9,300.0,300.0,31.8,35.9,28.8,28.0,29.9,4.96,1.99,4.97,0.16,0.0,0.0,1027.0,8228.0,0.0,0.0,0.0,0.0,0.0,1.0,0.0,0.0,0.0,0.0,0.0,2.4000000000000004,0.0,0.0,0.0,0.0,16.0,25903.0
2026-07-30T19:03:49.099Z,398.582,398.598,0.0,7.4,0.0,0.0,0.0,0.0,0.0,0.0,0.0,0.0,1.0,0.0,0.0,0.0,9.0,4.0,0.0,0.0,0.0,0.0,0.0,0.0,0.0,0.0,6.0,12.0,1.0,12.17,5.01,2.51,1.49,0.0,0.0,0.0,361.3,0.0,0.3,0.6000000000000001,0.0,-169.60000000000002,0.0,0.0,169.70000000000002,0.0,21.3,28.9,28.9,30.9,300.0,300.0,31.700000000000003,35.9,28.8,28.0,29.9,4.95,2.0,4.97,0.16,0.0,0.0,1027.0,8228.0,0.0,0.0,0.0,0.0,0.0,1.0,0.0,0.0,0.0,0.0,0.0,0.6000000000000001,0.0,0.2,0.0,0.0,16.0,25903.0
2026-07-30T19:03:49.111Z,398.594,398.61,0.0,7.4,0.0,0.0,0.0,0.0,0.0,0.0,0.0,0.0,1.0,0.0,0.0,0.0,9.0,4.0,0.0,0.0,0.0,0.0,0.0,0.0,0.0,0.0,1.0,12.0,1.0,12.17,5.01,2.51,1.49,0.0,0.0,0.0,361.3,0.0,-0.2,-0.4,0.5,-169.60000000000002,0.0,0.0,169.70000000000002,0.0,21.3,28.9,28.9,30.9,300.0,300.0,31.700000000000003,35.9,28.8,28.0,29.9,4.96,2.0,4.96,0.15,0.0,0.0,1027.0,8228.0,0.0,0.0,0.0,0.0,0.0,1.0,0.0,0.0,0.0,0.0,0.0,-0.1,0.0,-0.5,0.0,0.0,16.0,25903.0
2026-07-30T19:03:49.124Z,398.607,398.622,0.0,7.4,0.0,0.0,0.0,0.0,0.0,0.0,0.0,0.0,1.0,0.0,0.0,0.0,9.0,4.0,0.0,0.0,0.0,0.0,0.0,0.0,0.0,0.0,2.0,12.0,1.0,12.17,5.01,2.51,1.49,0.0,0.0,0.0,361.3,0.0,-0.2,-0.5,0.0,-169.60000000000002,0.0,0.0,169.60000000000002,0.0,21.3,28.9,28.9,30.9,300.0,300.0,31.700000000000003,35.9,28.8,28.0,29.9,4.95,1.99,4.97,0.15,0.0,0.0,1027.0,8228.0,0.0,0.0,0.0,0.0,0.0,1.0,0.0,0.0,0.0,0.0,0.0,-0.6000000000000001,0.0,0.0,0.0,0.0,16.0,25903.0
2026-07-30T19:03:49.136Z,398.619,398.634,0.0,7.4,0.0,0.0,0.0,0.0,0.0,0.0,0.0,0.0,1.0,0.0,0.0,0.0,9.0,4.0,0.0,0.0,0.0,0.0,0.0,0.0,0.0,0.0,4.0,12.0,1.0,12.17,5.01,2.51,1.49,0.0,0.0,0.0,361.3,0.0,-0.2,0.0,-0.6000000000000001,-169.60000000000002,0.0,0.0,169.70000000000002,0.0,21.3,28.9,28.9,30.9,300.0,300.0,31.700000000000003,35.9,28.8,28.0,29.9,4.95,1.99,4.97,0.16,0.0,0.0,1027.0,8228.0,0.0,0.0,0.0,0.0,0.0,1.0,0.0,0.0,0.0,0.0,0.0,-0.4,0.0,0.5,0.0,0.0,16.0,25903.0
2026-07-30T19:03:49.147Z,398.63,398.646,0.0,7.4,0.0,0.0,0.0,0.0,0.0,0.0,0.0,0.0,1.0,0.0,0.0,0.0,9.0,4.0,0.0,0.0,0.0,0.0,0.0,0.0,0.0,0.0,4.0,12.0,1.0,12.17,5.01,2.51,1.49,0.0,0.0,0.0,361.3,0.0,-0.8,-0.5,-1.8,-169.60000000000002,0.0,0.0,169.60000000000002,0.0,21.3,28.9,28.9,30.9,300.0,300.0,31.700000000000003,35.9,28.8,28.0,29.9,4.96,2.0,4.97,0.16,0.0,0.0,1027.0,8228.0,0.0,0.0,0.0,0.0,0.0,1.0,0.0,0.0,0.0,0.0,0.0,-2.0,0.0,1.5,0.0,0.0,16.0,25903.0
2026-07-30T19:03:49.159Z,398.642,398.658,0.0,7.4,0.0,0.0,0.0,0.0,0.0,0.0,0.0,0.0,1.0,0.0,0.0,0.0,9.0,4.0,0.0,0.0,0.0,0.0,0.0,0.0,0.0,0.0,6.0,12.0,1.0,12.17,5.01,2.51,1.49,0.0,0.0,0.0,361.3,0.0,-0.8,0.6000000000000001,-0.7000000000000001,-169.60000000000002,0.0,0.0,169.70000000000002,0.0,21.3,28.9,28.9,30.9,300.0,300.0,31.700000000000003,35.9,28.8,28.0,29.9,4.96,2.0,4.96,0.16,0.0,0.0,1027.0,8228.0,0.0,0.0,0.0,0.0,0.0,1.0,0.0,0.0,0.0,0.0,0.0,0.2,0.0,0.7000000000000001,0.0,0.0,16.0,25903.0
2026-07-30T19:03:49.172Z,398.655,398.67,0.0,7.4,0.0,0.0,0.0,0.0,0.0,0.0,0.0,0.0,1.0,0.0,0.0,0.0,9.0,4.0,0.0,0.0,0.0,0.0,0.0,0.0,0.0,0.0,6.0,12.0,1.0,12.17,5.01,2.51,1.49,0.0,0.0,0.0,361.3,0.0,1.5,0.7000000000000001,1.1,-169.60000000000002,0.0,0.0,169.70000000000002,0.0,21.3,28.9,28.9,30.9,300.0,300.0,31.700000000000003,35.9,28.8,28.0,29.9,4.96,1.99,4.97,0.16,0.0,0.0,1027.0,8228.0,0.0,0.0,0.0,0.0,0.0,1.0,0.0,0.0,0.0,0.0,0.0,1.6,0.0,-0.8,0.0,0.0,16.0,25903.0
2026-07-30T19:03:49.183Z,398.666,398.682,0.0,7.4,0.0,0.0,0.0,0.0,0.0,0.0,0.0,0.0,1.0,0.0,0.0,0.0,9.0,4.0,0.0,0.0,0.0,0.0,0.0,0.0,0.0,0.0,2.0,12.0,1.0,12.17,5.01,2.51,1.49,0.0,0.0,0.0,361.3,0.0,0.3,0.1,0.0,-169.60000000000002,0.0,0.0,169.70000000000002,0.0,21.3,28.9,28.9,30.9,300.0,300.0,31.700000000000003,35.9,28.8,28.0,29.9,4.96,1.99,4.96,0.16,0.0,0.0,1027.0,8228.0,0.0,0.0,0.0,0.0,0.0,1.0,0.0,0.0,0.0,0.0,0.0,0.1,0.0,0.0,0.0,0.0,16.0,25903.0
2026-07-30T19:03:49.196Z,398.679,398.694,0.0,7.4,0.0,0.0,0.0,0.0,0.0,0.0,0.0,0.0,1.0,0.0,0.0,0.0,9.0,4.0,0.0,0.0,0.0,0.0,0.0,0.0,0.0,0.0,2.0,12.0,1.0,12.17,5.01,2.51,1.49,0.0,0.0,0.0,361.4,0.0,0.3,0.7000000000000001,-0.6000000000000001,-169.60000000000002,0.0,0.0,169.60000000000002,0.0,21.3,28.9,28.9,30.9,300.0,300.0,31.700000000000003,35.9,28.8,28.0,29.9,4.96,1.99,4.96,0.16,0.0,0.0,1027.0,8228.0,0.0,0.0,0.0,0.0,0.0,1.0,0.0,0.0,0.0,0.0,0.0,0.3,0.0,0.7000000000000001,0.0,0.0,16.0,25903.0
2026-07-30T19:03:49.208Z,398.691,398.706,0.0,7.4,0.0,0.0,0.0,0.0,0.0,0.0,0.0,0.0,1.0,0.0,0.0,0.0,9.0,4.0,0.0,0.0,0.0,0.0,0.0,0.0,0.0,0.0,3.0,12.0,1.0,12.17,5.01,2.5,1.5,0.0,0.0,0.0,361.3,0.0,0.3,-0.4,1.6,-169.60000000000002,0.0,0.0,169.70000000000002,0.0,21.4,28.9,28.9,30.9,300.0,300.0,31.700000000000003,35.9,28.8,28.0,29.9,4.95,1.99,4.97,0.16,0.0,0.0,1027.0,8228.0,0.0,0.0,0.0,0.0,0.0,1.0,0.0,0.0,0.0,0.0,0.0,0.7000000000000001,0.0,-1.5,0.0,0.0,16.0,25903.0
2026-07-30T19:03:49.220Z,398.703,398.718,0.0,7.4,0.0,0.0,0.0,0.0,0.0,0.0,0.0,0.0,1.0,0.0,0.0,0.0,9.0,4.0,0.0,0.0,0.0,0.0,0.0,0.0,0.0,0.0,4.0,12.0,1.0,12.17,5.01,2.5,1.5,0.0,0.0,0.0,361.3,0.0,-0.7000000000000001,0.1,-1.3,-169.60000000000002,0.0,0.0,169.60000000000002,0.0,21.4,28.9,28.9,30.9,300.0,300.0,31.700000000000003,35.9,28.8,28.0,29.9,4.96,1.99,4.96,0.16,0.0,0.0,1027.0,8228.0,0.0,0.0,0.0,0.0,0.0,1.0,0.0,0.0,0.0,0.0,0.0,-0.8,0.0,1.1,0.0,0.0,16.0,25903.0
2026-07-30T19:03:49.232Z,398.715,398.73,0.0,7.4,0.0,0.0,0.0,0.0,0.0,0.0,0.0,0.0,1.0,0.0,0.0,0.0,9.0,4.0,0.0,0.0,0.0,0.0,0.0,0.0,0.0,0.0,5.0,12.0,1.0,12.17,5.01,2.5,1.5,0.0,0.0,0.0,361.3,0.0,-0.2,0.1,-0.1,-169.60000000000002,0.0,0.0,169.70000000000002,0.0,21.4,28.9,28.9,30.9,300.0,300.0,31.700000000000003,35.9,28.8,28.0,29.9,4.96,2.0,4.97,0.16,0.0,0.0,1027.0,8228.0,0.0,0.0,0.0,0.0,0.0,1.0,0.0,0.0,0.0,0.0,0.0,0.0,0.0,0.1,0.0,0.0,16.0,25903.0
2026-07-30T19:03:49.244Z,398.727,398.742,0.0,7.4,0.0,0.0,0.0,0.0,0.0,0.0,0.0,0.0,1.0,0.0,0.0,0.0,9.0,4.0,0.0,0.0,0.0,0.0,0.0,0.0,0.0,0.0,6.0,12.0,1.0,12.17,5.01,2.5,1.5,0.0,0.0,0.0,361.3,0.0,0.9,0.7000000000000001,-0.1,-169.60000000000002,0.0,0.0,169.60000000000002,0.0,21.4,28.9,28.9,30.9,300.0,300.0,31.700000000000003,35.9,28.8,28.0,29.9,4.96,1.99,4.97,0.16,0.0,0.0,1027.0,8228.0,0.0,0.0,0.0,0.0,0.0,1.0,0.0,0.0,0.0,0.0,0.0,0.7000000000000001,0.0,0.2,0.0,0.0,16.0,25903.0
2026-07-30T19:03:49.255Z,398.738,398.754,0.0,7.4,0.0,0.0,0.0,0.0,0.0,0.0,0.0,0.0,1.0,0.0,0.0,0.0,9.0,4.0,0.0,0.0,0.0,0.0,0.0,0.0,0.0,0.0,1.0,12.0,1.0,12.17,5.01,2.5,1.5,0.0,0.0,0.0,361.3,0.0,0.9,1.3,-0.1,-169.60000000000002,0.0,0.0,169.70000000000002,0.0,21.4,28.9,28.9,30.9,300.0,300.0,31.700000000000003,35.9,28.8,28.0,29.9,4.95,1.99,4.97,0.16,0.0,0.0,1027.0,8228.0,0.0,0.0,0.0,0.0,0.0,1.0,0.0,0.0,0.0,0.0,0.0,1.3,0.0,0.3,0.0,0.0,16.0,25903.0
2026-07-30T19:03:49.268Z,398.751,398.766,0.0,7.4,0.0,0.0,0.0,0.0,0.0,0.0,0.0,0.0,1.0,0.0,0.0,0.0,9.0,4.0,0.0,0.0,0.0,0.0,0.0,0.0,0.0,0.0,2.0,12.0,1.0,12.17,5.01,2.5,1.5,0.0,0.0,0.0,361.3,0.0,0.9,-0.4,-0.1,-169.60000000000002,0.0,0.0,169.70000000000002,0.0,21.4,28.9,28.9,30.9,300.0,300.0,31.700000000000003,35.9,28.8,28.0,29.9,4.96,1.99,4.96,0.16,0.0,0.0,1027.0,8228.0,0.0,0.0,0.0,0.0,0.0,1.0,0.0,0.0,0.0,0.0,0.0,-0.6000000000000001,0.0,0.0,0.0,0.0,16.0,25903.0
2026-07-30T19:03:49.279Z,398.762,398.778,0.0,7.4,0.0,0.0,0.0,0.0,0.0,0.0,0.0,0.0,1.0,0.0,0.0,0.0,9.0,4.0,0.0,0.0,0.0,0.0,0.0,0.0,0.0,0.0,4.0,12.0,1.0,12.17,5.01,2.5,1.5,0.0,0.0,0.0,361.3,0.0,-0.2,0.6000000000000001,-0.6000000000000001,-169.60000000000002,0.0,0.0,169.70000000000002,0.0,21.4,28.9,28.9,30.9,300.0,300.0,31.700000000000003,35.9,28.8,28.0,29.9,4.96,1.99,4.97,0.16,0.0,0.0,1027.0,8228.0,0.0,0.0,0.0,0.0,0.0,1.0,0.0,0.0,0.0,0.0,0.0,0.2,0.0,0.7000000000000001,0.0,0.0,16.0,25903.0
2026-07-30T19:03:49.291Z,398.774,398.79,0.0,7.4,0.0,0.0,0.0,0.0,0.0,0.0,0.0,0.0,1.0,0.0,0.0,0.0,9.0,4.0,0.0,0.0,0.0,0.0,0.0,0.0,0.0,0.0,5.0,12.0,1.0,12.17,5.01,2.5,1.5,0.0,0.0,0.0,361.4,0.0,-0.8,-0.4,-1.2000000000000002,-169.60000000000002,0.0,0.0,169.60000000000002,0.0,21.4,28.9,28.9,30.9,300.0,300.0,31.700000000000003,35.9,28.8,28.0,29.9,4.95,1.99,4.97,0.16,0.0,0.0,1027.0,8228.0,0.0,0.0,0.0,0.0,0.0,1.0,0.0,0.0,0.0,0.0,0.0,-1.4,0.0,0.9,0.0,0.0,16.0,25903.0
2026-07-30T19:03:49.303Z,398.786,398.802,0.0,7.4,0.0,0.0,0.0,0.0,0.0,0.0,0.0,0.0,1.0,0.0,0.0,0.0,9.0,4.0,0.0,0.0,0.0,0.0,0.0,0.0,0.0,0.0,6.0,12.0,1.0,12.17,5.01,2.5,1.49,0.0,0.0,0.0,361.4,0.0,0.3,0.7000000000000001,1.1,-169.60000000000002,0.0,0.0,169.60000000000002,0.0,21.4,28.9,28.9,30.9,300.0,300.0,31.8,35.9,28.9,28.0,29.9,4.96,1.99,4.96,0.16,0.0,0.0,1027.0,8228.0,0.0,0.0,0.0,0.0,0.0,1.0,0.0,0.0,0.0,0.0,0.0,1.6,0.0,-0.8,0.0,0.0,16.0,25903.0
2026-07-30T19:03:49.316Z,398.799,398.814,0.0,7.4,0.0,0.0,0.0,0.0,0.0,0.0,0.0,0.0,1.0,0.0,0.0,0.0,9.0,4.0,0.0,0.0,0.0,0.0,0.0,0.0,0.0,0.0,1.0,12.0,1.0,12.17,5.01,2.5,1.49,0.0,0.0,0.0,361.3,0.0,-0.2,-0.4,1.6,-169.60000000000002,0.0,0.0,169.8,0.0,21.4,28.9,28.9,30.9,300.0,300.0,31.8,35.9,28.9,28.0,29.9,4.95,1.99,4.96,0.16,0.0,0.0,1027.0,8228.0,0.0,0.0,0.0,0.0,0.0,1.0,0.0,0.0,0.0,0.0,0.0,0.7000000000000001,0.0,-1.5,0.0,0.0,16.0,25903.0
2026-07-30T19:03:49.328Z,398.811,398.826,0.0,7.4,0.0,0.0,0.0,0.0,0.0,0.0,0.0,0.0,1.0,0.0,0.0,0.0,9.0,4.0,0.0,0.0,0.0,0.0,0.0,0.0,0.0,0.0,1.0,12.0,1.0,12.17,5.01,2.5,1.49,0.0,0.0,0.0,361.3,0.0,-0.2,0.1,-1.2000000000000002,-169.60000000000002,0.0,0.0,169.70000000000002,0.0,21.4,28.9,28.9,30.9,300.0,300.0,31.8,35.9,28.9,28.0,29.9,4.95,1.99,4.97,0.16,0.0,0.0,1027.0,8228.0,0.0,0.0,0.0,0.0,0.0,1.0,0.0,0.0,0.0,0.0,0.0,-0.7000000000000001,0.0,1.1,0.0,0.0,16.0,25903.0
2026-07-30T19:03:49.340Z,398.823,398.838,0.0,7.4,0.0,0.0,0.0,0.0,0.0,0.0,0.0,0.0,1.0,0.0,0.0,0.0,9.0,4.0,0.0,0.0,0.0,0.0,0.0,0.0,0.0,0.0,2.0,12.0,1.0,12.17,5.01,2.5,1.49,0.0,0.0,0.0,361.3,0.0,-0.2,1.3,1.1,-169.60000000000002,0.0,0.0,169.70000000000002,0.0,21.4,28.9,28.9,30.9,300.0,300.0,31.8,35.9,28.9,28.0,29.9,4.95,1.99,4.97,0.16,0.0,0.0,1027.0,8228.0,0.0,0.0,0.0,0.0,0.0,1.0,0.0,0.0,0.0,0.0,0.0,0.7000000000000001,0.0,-1.5,0.0,0.0,16.0,25903.0
2026-07-30T19:03:49.351Z,398.834,398.85,0.0,7.4,0.0,0.0,0.0,0.0,0.0,0.0,0.0,0.0,1.0,0.0,0.0,0.0,9.0,4.0,0.0,0.0,0.0,0.0,0.0,0.0,0.0,0.0,4.0,12.0,1.0,12.17,5.01,2.5,1.49,0.0,0.0,0.0,361.3,0.0,-0.2,-0.9,-0.5,-169.60000000000002,0.0,0.0,169.60000000000002,0.0,21.4,28.9,28.9,30.9,300.0,300.0,31.8,35.9,28.9,28.0,29.9,4.96,1.99,4.96,0.16,0.0,0.0,1027.0,8228.0,0.0,0.0,0.0,0.0,0.0,1.0,0.0,0.0,0.0,0.0,0.0,-0.6000000000000001,0.0,1.0,0.0,0.0,16.0,25903.0
2026-07-30T19:03:49.364Z,398.847,398.862,0.0,7.4,0.0,0.0,0.0,0.0,0.0,0.0,0.0,0.0,1.0,0.0,0.0,0.0,9.0,4.0,0.0,0.0,0.0,0.0,0.0,0.0,0.0,0.0,4.0,12.0,1.0,12.17,5.01,2.5,1.49,0.0,0.0,0.0,361.3,0.0,0.3,0.1,-0.6000000000000001,-169.60000000000002,0.0,0.0,169.8,0.0,21.4,28.9,28.9,30.9,300.0,300.0,31.8,35.9,28.9,28.0,29.9,4.95,1.99,4.97,0.16,0.0,0.0,1027.0,8228.0,0.0,0.0,0.0,0.0,0.0,1.0,0.0,0.0,0.0,0.0,0.0,-4.0,0.0,2.2,0.0,0.0,16.0,25903.0
2026-07-30T19:03:49.376Z,398.859,398.874,0.0,7.4,0.0,0.0,0.0,0.0,0.0,0.0,0.0,0.0,1.0,0.0,0.0,0.0,9.0,4.0,0.0,0.0,0.0,0.0,0.0,0.0,0.0,0.0,5.0,12.0,1.0,12.17,5.01,2.5,1.49,0.0,0.0,0.0,361.4,0.0,-0.2,-0.4,0.0,-169.60000000000002,0.0,0.0,169.70000000000002,0.0,21.4,28.9,28.9,30.9,300.0,300.0,31.8,35.9,28.9,28.0,29.9,4.95,1.99,4.96,0.16,0.0,0.0,1027.0,8228.0,0.0,0.0,0.0,0.0,0.0,1.0,0.0,0.0,0.0,0.0,0.0,0.3,0.0,-1.1,0.0,0.0,16.0,25903.0
2026-07-30T19:03:49.388Z,398.871,398.886,0.0,7.4,0.0,0.0,0.0,0.0,0.0,0.0,0.0,0.0,1.0,0.0,0.0,0.0,9.0,4.0,0.0,0.0,0.0,0.0,0.0,0.0,0.0,0.0,6.0,12.0,1.0,12.17,5.01,2.5,1.49,0.0,0.0,0.0,361.4,0.0,0.3,0.7000000000000001,1.1,-169.60000000000002,0.0,0.0,169.60000000000002,0.0,21.4,28.9,28.9,30.9,300.0,300.0,31.8,35.9,28.9,28.0,29.9,4.96,2.0,4.96,0.16,0.0,0.0,1027.0,8228.0,0.0,0.0,0.0,0.0,0.0,1.0,0.0,0.0,0.0,0.0,0.0,1.7000000000000002,0.0,-0.8,0.0,0.0,16.0,25903.0
2026-07-30T19:03:49.400Z,398.883,398.898,0.0,7.4,0.0,0.0,0.0,0.0,0.0,0.0,0.0,0.0,1.0,0.0,0.0,0.0,9.0,4.0,0.0,0.0,0.0,0.0,0.0,0.0,0.0,0.0,1.0,12.0,1.0,12.17,5.01,2.5,1.49,0.0,0.0,0.0,361.3,0.0,-0.2,-1.0,0.6000000000000001,-169.60000000000002,0.0,0.0,169.60000000000002,0.0,21.4,28.9,28.9,30.9,300.0,300.0,31.8,35.9,28.9,28.0,29.9,4.95,2.0,4.96,0.16,0.0,0.0,1027.0,8228.0,0.0,0.0,0.0,0.0,0.0,1.0,0.0,0.0,0.0,0.0,0.0,-0.6000000000000001,0.0,-0.7000000000000001,0.0,0.0,16.0,25903.0
2026-07-30T19:03:49.412Z,398.895,398.91,0.0,7.4,0.0,0.0,0.0,0.0,0.0,0.0,0.0,0.0,1.0,0.0,0.0,0.0,9.0,4.0,0.0,0.0,0.0,0.0,0.0,0.0,0.0,0.0,2.0,12.0,1.0,12.17,5.01,2.51,1.49,0.0,0.0,0.0,361.4,0.0,0.9,0.1,-0.5,-169.60000000000002,0.0,0.0,169.70000000000002,0.0,21.200000000000003,28.9,28.9,30.9,300.0,300.0,31.700000000000003,35.9,28.9,28.0,29.9,4.95,1.99,4.97,0.16,0.0,0.0,1027.0,8228.0,0.0,0.0,0.0,0.0,0.0,1.0,0.0,0.0,0.0,0.0,0.0,-0.2,0.0,0.5,0.0,0.0,16.0,25903.0
2026-07-30T19:03:49.423Z,398.906,398.922,0.0,7.4,0.0,0.0,0.0,0.0,0.0,0.0,0.0,0.0,1.0,0.0,0.0,0.0,9.0,4.0,0.0,0.0,0.0,0.0,0.0,0.0,0.0,0.0,4.0,12.0,1.0,12.17,5.01,2.51,1.49,0.0,0.0,0.0,361.3,0.0,-0.8,0.1,-1.1,-169.60000000000002,0.0,0.0,169.8,0.0,21.200000000000003,28.9,28.9,30.9,300.0,300.0,31.700000000000003,35.9,28.9,28.0,29.9,4.95,1.99,4.96,0.16,0.0,0.0,1027.0,8228.0,0.0,0.0,0.0,0.0,0.0,1.0,0.0,0.0,0.0,0.0,0.0,-0.7000000000000001,0.0,1.0,0.0,0.0,16.0,25903.0
2026-07-30T19:03:49.436Z,398.919,398.934,0.0,7.4,0.0,0.0,0.0,0.0,0.0,0.0,0.0,0.0,1.0,0.0,0.0,0.0,9.0,4.0,0.0,0.0,0.0,0.0,0.0,0.0,0.0,0.0,5.0,12.0,1.0,12.17,5.01,2.51,1.49,0.0,0.0,0.0,361.4,0.0,-0.7000000000000001,1.3,0.0,-169.60000000000002,0.0,0.0,169.8,0.0,21.200000000000003,28.9,28.9,30.9,300.0,300.0,31.700000000000003,35.9,28.9,28.0,29.9,4.96,1.99,4.96,0.16,0.0,0.0,1027.0,8228.0,0.0,0.0,0.0,0.0,0.0,1.0,0.0,0.0,0.0,0.0,0.0,1.4,0.0,0.2,0.0,0.0,16.0,25903.0
2026-07-30T19:03:49.447Z,398.93,398.946,0.0,7.4,0.0,0.0,0.0,0.0,0.0,0.0,0.0,0.0,1.0,0.0,0.0,0.0,9.0,4.0,0.0,0.0,0.0,0.0,0.0,0.0,0.0,0.0,6.0,12.0,1.0,12.17,5.01,2.51,1.49,0.0,0.1,0.0,361.3,0.0,-0.2,-0.4,-0.5,-169.60000000000002,0.0,0.0,169.60000000000002,0.0,21.200000000000003,28.9,28.9,30.9,300.0,300.0,31.700000000000003,35.9,28.9,28.0,29.9,4.95,1.99,4.97,0.16,0.0,0.0,1027.0,8228.0,0.0,0.0,0.0,0.0,0.0,1.0,0.0,0.0,0.0,0.0,0.0,-0.9,0.0,0.4,0.0,0.0,16.0,25903.0
2026-07-30T19:03:49.460Z,398.943,398.958,0.0,7.4,0.0,0.0,0.0,0.0,0.0,0.0,0.0,0.0,1.0,0.0,0.0,0.0,9.0,4.0,0.0,0.0,0.0,0.0,0.0,0.0,0.0,0.0,1.0,12.0,1.0,12.17,5.01,2.51,1.49,0.0,0.0,0.0,361.3,0.0,0.3,-1.0,0.5,-169.60000000000002,0.0,0.0,169.70000000000002,0.0,21.200000000000003,28.9,28.9,30.9,300.0,300.0,31.700000000000003,35.9,28.9,28.0,29.9,4.96,1.99,4.96,0.16,0.0,0.0,1027.0,8228.0,0.0,0.0,0.0,0.0,0.0,1.0,0.0,0.0,0.0,0.0,0.0,-0.7000000000000001,0.0,-0.6000000000000001,0.0,0.0,16.0,25903.0
2026-07-30T19:03:49.472Z,398.955,398.97,0.0,7.4,0.0,0.0,0.0,0.0,0.0,0.0,0.0,0.0,1.0,0.0,0.0,0.0,9.0,4.0,0.0,0.0,0.0,0.0,0.0,0.0,0.0,0.0,1.0,12.0,1.0,12.17,5.01,2.51,1.49,0.0,0.0,0.0,361.3,0.0,-0.1,-0.4,-1.2000000000000002,-169.60000000000002,0.0,0.0,169.70000000000002,0.0,21.200000000000003,28.9,28.9,30.9,300.0,300.0,31.700000000000003,35.9,28.9,28.0,29.9,4.96,2.0,4.97,0.16,0.0,0.0,1027.0,8228.0,0.0,0.0,0.0,0.0,0.0,1.0,0.0,0.0,0.0,0.0,0.0,-1.4,0.0,0.9,0.0,0.0,16.0,25903.0
2026-07-30T19:03:49.483Z,398.966,398.982,0.0,7.4,0.0,0.0,0.0,0.0,0.0,0.0,0.0,0.0,1.0,0.0,0.0,0.0,9.0,4.0,0.0,0.0,0.0,0.0,0.0,0.0,0.0,0.0,2.0,12.0,1.0,12.17,5.01,2.51,1.49,-0.1,0.1,0.0,361.3,0.0,0.4,1.3,0.0,-169.60000000000002,0.0,0.0,169.70000000000002,0.0,21.200000000000003,28.9,28.9,30.9,300.0,300.0,31.700000000000003,35.9,28.9,28.0,29.9,4.95,1.99,4.97,0.16,0.0,0.0,1027.0,8228.0,0.0,0.0,0.0,0.0,0.0,1.0,0.0,0.0,0.0,0.0,0.0,1.4,0.0,0.3,0.0,0.0,16.0,25903.0
2026-07-30T19:03:49.496Z,398.979,398.994,0.0,7.4,0.0,0.0,0.0,0.0,0.0,0.0,0.0,0.0,1.0,0.0,0.0,0.0,9.0,4.0,0.0,0.0,0.0,0.0,0.0,0.0,0.0,0.0,3.0,12.0,1.0,12.17,5.01,2.51,1.49,0.0,0.0,0.0,361.3,0.0,-0.1,-0.3,0.0,-169.60000000000002,0.0,0.0,169.70000000000002,0.0,21.200000000000003,28.9,28.9,30.9,300.0,300.0,31.700000000000003,35.9,28.9,28.0,29.9,4.96,1.99,4.97,0.16,0.0,0.0,1027.0,8228.0,0.0,0.0,0.0,0.0,0.0,1.0,0.0,0.0,0.0,0.0,0.0,-0.5,0.0,0.0,0.0,0.0,16.0,25903.0
2026-07-30T19:03:49.507Z,398.99,399.006,0.0,7.4,0.0,0.0,0.0,0.0,0.0,0.0,0.0,0.0,1.0,0.0,0.0,0.0,9.0,4.0,0.0,0.0,0.0,0.0,0.0,0.0,0.0,0.0,5.0,12.0,1.0,12.15,5.0200000000000005,2.51,1.49,0.0,0.0,0.0,361.3,0.0,0.4,-0.3,0.0,-169.70000000000002,0.0,0.0,169.8,0.0,21.8,28.9,28.9,30.9,300.0,300.0,31.700000000000003,35.9,28.8,28.0,29.9,4.96,2.0,4.96,0.16,0.0,0.0,1027.0,8228.0,0.0,0.0,0.0,0.0,0.0,1.0,0.0,0.0,0.0,0.0,0.0,-0.4,0.0,0.0,0.0,0.0,16.0,25903.0
2026-07-30T19:03:49.520Z,399.003,399.018,0.0,7.4,0.0,0.0,0.0,0.0,0.0,0.0,0.0,0.0,1.0,0.0,0.0,0.0,9.0,4.0,0.0,0.0,0.0,0.0,0.0,0.0,0.0,0.0,5.0,12.0,1.0,12.15,5.0200000000000005,2.51,1.49,0.0,0.0,0.0,361.3,0.0,0.4,1.3,0.5,-169.70000000000002,0.0,0.0,169.8,0.0,21.8,28.9,28.9,30.9,300.0,300.0,31.700000000000003,35.9,28.8,28.0,29.9,4.96,1.99,4.97,0.16,0.0,0.0,1027.0,8228.0,0.0,0.0,0.0,0.0,0.0,1.0,0.0,0.0,0.0,0.0,0.0,1.9,0.0,-0.2,0.0,0.0,16.0,25903.0
2026-07-30T19:03:49.531Z,399.014,399.03,0.0,7.4,0.0,0.0,0.0,0.0,0.0,0.0,0.0,0.0,1.0,0.0,0.0,0.0,9.0,4.0,0.0,0.0,0.0,0.0,0.0,0.0,0.0,0.0,1.0,12.0,1.0,12.15,5.0200000000000005,2.51,1.49,0.0,0.0,0.0,361.3,0.0,-0.1,1.3,-0.6000000000000001,-169.70000000000002,0.0,0.0,169.70000000000002,0.0,21.8,28.9,28.9,30.9,300.0,300.0,31.700000000000003,35.9,28.8,28.0,29.9,4.95,1.99,4.97,0.16,0.0,0.0,1027.0,8228.0,0.0,0.0,0.0,0.0,0.0,1.0,0.0,0.0,0.0,0.0,0.0,1.0,0.0,0.8,0.0,0.0,16.0,25903.0
2026-07-30T19:03:49.543Z,399.026,399.042,0.0,7.4,0.0,0.0,0.0,0.0,0.0,0.0,0.0,0.0,1.0,0.0,0.0,0.0,9.0,4.0,0.0,0.0,0.0,0.0,0.0,0.0,0.0,0.0,2.0,12.0,1.0,12.15,5.0200000000000005,2.51,1.49,0.0,0.0,0.0,361.3,0.0,0.4,0.1,0.4,-169.70000000000002,0.0,0.0,169.70000000000002,0.0,21.8,28.9,28.9,30.9,300.0,300.0,31.700000000000003,35.9,28.8,28.0,29.9,4.96,1.99,4.96,0.16,0.0,0.0,1027.0,8228.0,0.0,0.0,0.0,0.0,0.0,1.0,0.0,0.0,0.0,0.0,0.0,0.5,0.0,-0.3,0.0,0.0,16.0,25903.0
2026-07-30T19:03:49.555Z,399.038,399.054,0.0,7.4,0.0,0.0,0.0,0.0,0.0,0.0,0.0,0.0,1.0,0.0,0.0,0.0,9.0,4.0,0.0,0.0,0.0,0.0,0.0,0.0,0.0,0.0,3.0,12.0,1.0,12.15,5.0200000000000005,2.51,1.49,0.0,0.0,0.0,361.3,0.0,-0.1,0.7000000000000001,1.0,-169.70000000000002,0.0,0.0,169.70000000000002,0.0,21.8,28.9,28.9,30.9,300.0,300.0,31.700000000000003,35.9,28.8,28.0,29.9,4.95,1.99,4.96,0.16,0.0,0.0,1027.0,8228.0,0.0,0.0,0.0,0.0,0.0,1.0,0.0,0.0,0.0,0.0,0.0,1.6,0.0,-0.7000000000000001,0.0,0.0,16.0,25903.0
2026-07-30T19:03:49.567Z,399.05,399.066,0.0,7.4,0.0,0.0,0.0,0.0,0.0,0.0,0.0,0.0,1.0,0.0,0.0,0.0,9.0,4.0,0.0,0.0,0.0,0.0,0.0,0.0,0.0,0.0,4.0,12.0,1.0,12.15,5.0200000000000005,2.51,1.49,0.0,0.0,0.0,361.3,0.0,-0.1,0.7000000000000001,-0.6000000000000001,-169.70000000000002,0.0,0.0,169.8,0.0,21.8,28.9,28.9,30.9,300.0,300.0,31.700000000000003,35.9,28.8,28.0,29.9,4.95,1.99,4.97,0.16,0.0,0.0,1027.0,8228.0,0.0,0.0,0.0,0.0,0.0,1.0,0.0,0.0,0.0,0.0,0.0,0.3,0.0,0.7000000000000001,0.0,0.0,16.0,25903.0
2026-07-30T19:03:49.579Z,399.062,399.078,0.0,7.4,0.0,0.0,0.0,0.0,0.0,0.0,0.0,0.0,1.0,0.0,0.0,0.0,9.0,4.0,0.0,0.0,0.0,0.0,0.0,0.0,0.0,0.0,5.0,12.0,1.0,12.15,5.0200000000000005,2.51,1.49,-0.1,0.1,0.0,361.4,0.0,-0.2,-0.4,-1.2000000000000002,-169.70000000000002,0.0,0.0,169.70000000000002,0.0,21.8,28.9,28.9,30.9,300.0,300.0,31.700000000000003,35.9,28.8,28.0,29.9,4.95,2.0,4.97,0.16,0.0,0.0,1027.0,8228.0,0.0,0.0,0.0,0.0,0.0,1.0,0.0,0.0,0.0,0.0,0.0,-1.4,0.0,1.0,0.0,0.0,16.0,25903.0
2026-07-30T19:03:49.591Z,399.074,399.09,0.0,7.4,0.0,0.0,0.0,0.0,0.0,0.0,0.0,0.0,1.0,0.0,0.0,0.0,9.0,4.0,0.0,0.0,0.0,0.0,0.0,0.0,0.0,0.0,6.0,12.0,1.0,12.15,5.0200000000000005,2.51,1.49,0.0,0.0,0.0,361.4,0.0,0.3,0.7000000000000001,0.0,-169.70000000000002,0.0,0.0,169.60000000000002,0.0,21.8,28.9,28.9,30.9,300.0,300.0,31.700000000000003,35.9,28.8,28.0,29.9,4.96,2.0,4.97,0.16,0.0,0.0,1027.0,8228.0,0.0,0.0,0.0,0.0,0.0,1.0,0.0,0.0,0.0,0.0,0.0,0.7000000000000001,0.0,0.2,0.0,0.0,16.0,25903.0
2026-07-30T19:03:49.604Z,399.087,399.102,0.0,7.4,0.0,0.0,0.0,0.0,0.0,0.0,0.0,0.0,1.0,0.0,0.0,0.0,9.0,4.0,0.0,0.0,0.0,0.0,0.0,0.0,0.0,0.0,1.0,12.0,1.0,12.15,5.0200000000000005,2.51,1.49,0.0,0.0,0.0,361.4,0.0,-0.2,-0.4,0.0,-169.70000000000002,0.0,0.0,169.8,0.0,21.8,28.9,28.9,30.9,300.0,300.0,31.700000000000003,35.9,28.8,28.0,29.9,4.96,1.99,4.97,0.16,0.0,0.0,1027.0,8228.0,0.0,0.0,0.0,0.0,0.0,1.0,0.0,0.0,0.0,0.0,0.0,-0.5,0.0,0.0,0.0,0.0,16.0,25903.0
2026-07-30T19:03:49.616Z,399.099,399.114,0.0,7.4,0.0,0.0,0.0,0.0,0.0,0.0,0.0,0.0,1.0,0.0,0.0,0.0,9.0,4.0,0.0,0.0,0.0,0.0,0.0,0.0,0.0,0.0,2.0,12.0,1.0,12.19,5.01,2.51,1.5,0.0,0.0,0.0,361.3,0.0,-0.1,0.1,0.0,-169.70000000000002,0.0,0.0,169.70000000000002,0.0,21.4,28.9,28.9,30.9,300.0,300.0,31.700000000000003,35.9,28.9,28.0,29.9,4.96,1.99,4.97,0.16,0.0,0.0,1027.0,8228.0,0.0,0.0,0.0,0.0,0.0,1.0,0.0,0.0,0.0,0.0,0.0,0.0,0.0,0.1,0.0,0.0,16.0,25903.0
2026-07-30T19:03:49.628Z,399.111,399.126,0.0,7.4,0.0,0.0,0.0,0.0,0.0,0.0,0.0,0.0,1.0,0.0,0.0,0.0,9.0,4.0,0.0,0.0,0.0,0.0,0.0,0.0,0.0,0.0,3.0,12.0,1.0,12.19,5.01,2.51,1.5,0.0,0.0,0.0,361.3,0.0,-0.1,0.6000000000000001,0.4,-169.70000000000002,0.0,0.0,169.70000000000002,0.0,21.4,28.9,28.9,30.9,300.0,300.0,31.700000000000003,35.9,28.9,28.0,29.9,4.96,1.99,4.97,0.16,0.0,0.0,1027.0,8228.0,0.0,0.0,0.0,0.0,0.0,1.0,0.0,0.0,0.0,0.0,0.0,1.1,0.0,-0.2,0.0,0.0,16.0,25903.0
2026-07-30T19:03:49.639Z,399.122,399.138,0.0,7.4,0.0,0.0,0.0,0.0,0.0,0.0,0.0,0.0,1.0,0.0,0.0,0.0,9.0,4.0,0.0,0.0,0.0,0.0,0.0,0.0,0.0,0.0,4.0,12.0,1.0,12.19,5.01,2.51,1.5,0.0,0.0,0.0,361.3,0.0,-0.2,-1.0,0.4,-169.70000000000002,0.0,0.0,169.70000000000002,0.0,21.4,28.9,28.9,30.9,300.0,300.0,31.700000000000003,35.9,28.9,28.0,29.9,4.95,1.99,4.97,0.16,0.0,0.0,1027.0,8228.0,0.0,0.0,0.0,0.0,0.0,1.0,0.0,0.0,0.0,0.0,0.0,-0.8,0.0,-0.5,0.0,0.0,16.0,25903.0
2026-07-30T19:03:49.651Z,399.134,399.15,0.0,7.4,0.0,0.0,0.0,0.0,0.0,0.0,0.0,0.0,1.0,0.0,0.0,0.0,9.0,4.0,0.0,0.0,0.0,0.0,0.0,0.0,0.0,0.0,6.0,12.0,1.0,12.19,5.01,2.51,1.5,0.0,0.0,0.0,361.3,0.0,-0.2,0.0,-0.1,-169.70000000000002,0.0,0.0,169.70000000000002,0.0,21.4,28.9,28.9,30.9,300.0,300.0,31.700000000000003,35.9,28.9,28.0,29.9,4.95,1.99,4.98,0.16,0.0,0.0,1027.0,8228.0,0.0,0.0,0.0,0.0,0.0,1.0,0.0,0.0,0.0,0.0,0.0,0.0,0.0,0.1,0.0,0.0,16.0,25903.0
2026-07-30T19:03:49.663Z,399.146,399.162,0.0,7.4,0.0,0.0,0.0,0.0,0.0,0.0,0.0,0.0,1.0,0.0,0.0,0.0,9.0,4.0,0.0,0.0,0.0,0.0,0.0,0.0,0.0,0.0,1.0,12.0,1.0,12.19,5.01,2.51,1.5,0.0,0.1,0.0,361.3,0.0,0.9,0.1,-0.6000000000000001,-169.70000000000002,0.0,0.0,169.70000000000002,0.0,21.4,28.9,28.9,30.9,300.0,300.0,31.700000000000003,35.9,28.9,28.0,29.9,4.95,2.0,4.96,0.16,0.0,0.0,1027.0,8228.0,0.0,0.0,0.0,0.0,0.0,1.0,0.0,0.0,0.0,0.0,0.0,-0.3,0.0,0.6000000000000001,0.0,0.0,16.0,25903.0
2026-07-30T19:03:49.675Z,399.158,399.174,0.0,7.4,0.0,0.0,0.0,0.0,0.0,0.0,0.0,0.0,1.0,0.0,0.0,0.0,9.0,4.0,0.0,0.0,0.0,0.0,0.0,0.0,0.0,0.0,1.0,12.0,1.0,12.19,5.01,2.51,1.5,0.0,0.0,0.0,361.3,0.0,-0.2,0.6000000000000001,0.5,-169.70000000000002,0.0,0.0,169.60000000000002,0.0,21.4,28.9,28.9,30.9,300.0,300.0,31.700000000000003,35.9,28.9,28.0,29.9,4.96,1.99,4.96,0.16,0.0,0.0,1027.0,8228.0,0.0,0.0,0.0,0.0,0.0,1.0,0.0,0.0,0.0,0.0,0.0,1.1,0.0,-0.3,0.0,0.0,16.0,25903.0
2026-07-30T19:03:49.687Z,399.17,399.186,0.0,7.4,0.0,0.0,0.0,0.0,0.0,0.0,0.0,0.0,1.0,0.0,0.0,0.0,9.0,4.0,0.0,0.0,0.0,0.0,0.0,0.0,0.0,0.0,2.0,12.0,1.0,12.19,5.01,2.51,1.5,0.0,0.0,0.0,361.3,0.0,-0.8,0.7000000000000001,0.0,-169.60000000000002,0.0,0.0,169.70000000000002,0.0,21.4,28.9,28.9,30.9,300.0,300.0,31.700000000000003,35.9,28.9,28.0,29.9,4.96,1.99,4.97,0.16,0.0,0.0,1027.0,8228.0,0.0,0.0,0.0,0.0,0.0,1.0,0.0,0.0,0.0,0.0,0.0,0.7000000000000001,0.0,0.1,0.0,0.0,16.0,25903.0
2026-07-30T19:03:49.699Z,399.182,399.198,0.0,7.4,0.0,0.0,0.0,0.0,0.0,0.0,0.0,0.0,1.0,0.0,0.0,0.0,9.0,4.0,0.0,0.0,0.0,0.0,0.0,0.0,0.0,0.0,4.0,12.0,1.0,12.19,5.01,2.51,1.5,0.0,0.1,0.0,361.3,0.0,-0.2,-1.0,1.1,-169.60000000000002,0.0,0.0,169.70000000000002,0.0,21.4,28.9,28.9,30.9,300.0,300.0,31.700000000000003,35.9,28.9,28.0,29.9,4.96,1.99,4.97,0.16,0.0,0.0,1027.0,8228.0,0.0,0.0,0.0,0.0,0.0,1.0,0.0,0.0,0.0,0.0,0.0,-0.3,0.0,-1.2000000000000002,0.0,0.0,16.0,25903.0
2026-07-30T19:03:49.711Z,399.194,399.21,0.0,7.4,0.0,0.0,0.0,0.0,0.0,0.0,0.0,0.0,1.0,0.0,0.0,0.0,9.0,4.0,0.0,0.0,0.0,0.0,0.0,0.0,0.0,0.0,5.0,12.0,1.0,12.17,5.0200000000000005,2.51,1.49,0.0,0.0,0.0,361.3,0.0,0.3,0.6000000000000001,-1.2000000000000002,-169.60000000000002,0.0,0.0,169.60000000000002,0.0,21.9,28.9,28.9,30.9,300.0,300.0,31.700000000000003,35.9,28.9,28.0,29.9,4.96,2.0,4.96,0.16,0.0,0.0,1027.0,8228.0,0.0,0.0,0.0,0.0,0.0,1.0,0.0,0.0,0.0,0.0,0.0,-0.2,0.0,1.2000000000000002,0.0,0.0,16.0,25903.0
2026-07-30T19:03:49.724Z,399.207,399.222,0.0,7.4,0.0,0.0,0.0,0.0,0.0,0.0,0.0,0.0,1.0,0.0,0.0,0.0,9.0,4.0,0.0,0.0,0.0,0.0,0.0,0.0,0.0,0.0,6.0,12.0,1.0,12.17,5.0200000000000005,2.51,1.49,0.0,0.0,0.0,361.3,0.0,0.3,-0.4,-1.8,-169.60000000000002,0.0,0.0,169.60000000000002,0.0,21.9,28.9,28.9,30.9,300.0,300.0,31.700000000000003,35.9,28.9,28.0,29.9,4.95,1.99,4.96,0.16,0.0,0.0,1027.0,8228.0,0.0,0.0,0.0,0.0,0.0,1.0,0.0,0.0,0.0,0.0,0.0,-1.9,0.0,1.5,0.0,0.0,16.0,25903.0
2026-07-30T19:03:49.736Z,399.219,399.234,0.0,7.4,0.0,0.0,0.0,0.0,0.0,0.0,0.0,0.0,1.0,0.0,0.0,0.0,9.0,4.0,0.0,0.0,0.0,0.0,0.0,0.0,0.0,0.0,1.0,12.0,1.0,12.17,5.0200000000000005,2.51,1.49,0.0,0.0,0.0,361.4,0.0,-0.2,0.0,1.0,-169.60000000000002,0.0,0.0,169.70000000000002,0.0,21.9,28.9,28.9,30.9,300.0,300.0,31.700000000000003,35.9,28.9,28.0,29.9,4.95,1.99,4.97,0.16,0.0,0.0,1027.0,8228.0,0.0,0.0,0.0,0.0,0.0,1.0,0.0,0.0,0.0,0.0,0.0,0.8,0.0,-0.8,0.0,0.0,16.0,25903.0
2026-07-30T19:03:49.748Z,399.231,399.246,0.0,7.4,0.0,0.0,0.0,0.0,0.0,0.0,0.0,0.0,1.0,0.0,0.0,0.0,9.0,4.0,0.0,0.0,0.0,0.0,0.0,0.0,0.0,0.0,2.0,12.0,1.0,12.17,5.0200000000000005,2.51,1.49,0.0,0.0,0.0,361.3,0.0,0.9,-1.1,0.4,-169.60000000000002,0.0,0.0,169.70000000000002,0.0,21.9,28.9,28.9,30.9,300.0,300.0,31.700000000000003,35.9,28.9,28.0,29.9,4.96,1.99,4.96,0.16,0.0,0.0,1027.0,8228.0,0.0,0.0,0.0,0.0,0.0,1.0,0.0,0.0,0.0,0.0,0.0,-0.9,0.0,-0.6000000000000001,0.0,0.0,16.0,25903.0
2026-07-30T19:03:49.759Z,399.242,399.258,0.0,7.4,0.0,0.0,0.0,0.0,0.0,0.0,0.0,0.0,1.0,0.0,0.0,0.0,9.0,4.0,0.0,0.0,0.0,0.0,0.0,0.0,0.0,0.0,4.0,12.0,1.0,12.17,5.0200000000000005,2.51,1.49,0.0,0.0,0.0,361.3,0.0,0.9,0.5,1.0,-169.60000000000002,0.0,0.0,169.70000000000002,0.0,21.9,28.9,28.9,30.9,300.0,300.0,31.700000000000003,35.9,28.9,28.0,29.9,4.96,1.99,4.96,0.16,0.0,0.0,1027.0,8228.0,0.0,0.0,0.0,0.0,0.0,1.0,0.0,0.0,0.0,0.0,0.0,1.4,0.0,-0.8,0.0,0.0,16.0,25903.0
2026-07-30T19:03:49.772Z,399.255,399.27,0.0,7.4,0.0,0.0,0.0,0.0,0.0,0.0,0.0,0.0,1.0,0.0,0.0,0.0,9.0,4.0,0.0,0.0,0.0,0.0,0.0,0.0,0.0,0.0,4.0,12.0,1.0,12.17,5.0200000000000005,2.51,1.49,0.0,0.0,0.0,361.4,0.0,0.3,0.5,-0.6000000000000001,-169.60000000000002,0.0,0.0,169.60000000000002,0.0,21.9,28.9,28.9,30.9,300.0,300.0,31.700000000000003,35.9,28.9,28.0,29.9,4.95,1.99,4.96,0.16,0.0,0.0,1027.0,8228.0,0.0,0.0,0.0,0.0,0.0,1.0,0.0,0.0,0.0,0.0,0.0,0.1,0.0,0.7000000000000001,0.0,0.0,16.0,25903.0
2026-07-30T19:03:49.784Z,399.267,399.282,0.0,7.4,0.0,0.0,0.0,0.0,0.0,0.0,0.0,0.0,1.0,0.0,0.0,0.0,9.0,4.0,0.0,0.0,0.0,0.0,0.0,0.0,0.0,0.0,5.0,12.0,1.0,12.17,5.0200000000000005,2.51,1.49,0.0,0.0,0.0,361.3,0.0,-0.2,-0.5,-0.6000000000000001,-169.60000000000002,0.0,0.0,169.60000000000002,0.0,21.9,28.9,28.9,30.9,300.0,300.0,31.700000000000003,35.9,28.9,28.0,29.9,4.96,1.99,4.97,0.16,0.0,0.0,1027.0,8228.0,0.0,0.0,0.0,0.0,0.0,1.0,0.0,0.0,0.0,0.0,0.0,-1.1,0.0,0.4,0.0,0.0,16.0,25903.0
2026-07-30T19:03:49.795Z,399.278,399.294,0.0,7.4,0.0,0.0,0.0,0.0,0.0,0.0,0.0,0.0,1.0,0.0,0.0,0.0,9.0,4.0,0.0,0.0,0.0,0.0,0.0,0.0,0.0,0.0,1.0,12.0,1.0,12.17,5.0200000000000005,2.51,1.49,0.0,0.0,0.0,361.3,0.0,-0.2,1.1,0.4,-169.60000000000002,0.0,0.0,169.60000000000002,0.0,21.9,28.9,28.9,30.9,300.0,300.0,31.700000000000003,35.9,28.9,28.0,29.9,4.95,1.99,4.96,0.16,0.0,0.0,1027.0,8228.0,0.0,0.0,0.0,0.0,0.0,1.0,0.0,0.0,0.0,0.0,0.0,1.6,0.0,-0.1,0.0,0.0,16.0,25903.0
2026-07-30T19:03:49.808Z,399.291,399.306,0.0,7.4,0.0,0.0,0.0,0.0,0.0,0.0,0.0,0.0,1.0,0.0,0.0,0.0,9.0,4.0,0.0,0.0,0.0,0.0,0.0,0.0,0.0,0.0,1.0,12.0,1.0,12.17,5.0200000000000005,2.51,1.49,0.0,0.0,0.0,361.3,0.0,0.3,0.5,0.4,-169.60000000000002,0.0,0.0,169.70000000000002,0.0,21.9,28.9,28.9,30.9,300.0,300.0,31.700000000000003,35.9,28.9,28.0,29.9,4.95,1.99,4.97,0.16,0.0,0.0,1027.0,8228.0,0.0,0.0,0.0,0.0,0.0,1.0,0.0,0.0,0.0,0.0,0.0,1.0,0.0,-0.2,0.0,0.0,16.0,25903.0
2026-07-30T19:03:49.819Z,399.302,399.318,0.0,7.4,0.0,0.0,0.0,0.0,0.0,0.0,0.0,0.0,1.0,0.0,0.0,0.0,9.0,4.0,0.0,0.0,0.0,0.0,0.0,0.0,0.0,0.0,2.0,12.0,1.0,12.17,5.0200000000000005,2.51,1.49,0.0,0.0,0.0,361.4,0.0,-0.2,0.0,1.0,-169.60000000000002,0.0,0.0,169.70000000000002,0.0,21.4,28.9,28.9,30.9,300.0,300.0,31.8,35.9,28.9,28.0,29.9,4.95,1.99,4.97,0.16,0.0,0.0,1027.0,8228.0,0.0,0.0,0.0,0.0,0.0,1.0,0.0,0.0,0.0,0.0,0.0,0.8,0.0,-0.9,0.0,0.0,16.0,25903.0
2026-07-30T19:03:49.831Z,399.314,399.33,0.0,7.4,0.0,0.0,0.0,0.0,0.0,0.0,0.0,0.0,1.0,0.0,0.0,0.0,9.0,4.0,0.0,0.0,0.0,0.0,0.0,0.0,0.0,0.0,4.0,12.0,1.0,12.17,5.0200000000000005,2.51,1.49,0.0,0.0,0.0,361.3,0.0,0.3,-0.5,0.0,-169.60000000000002,0.0,0.0,169.8,0.0,21.4,28.9,28.9,30.9,300.0,300.0,31.8,35.9,28.9,28.0,29.9,4.96,1.99,4.96,0.16,0.0,0.0,1027.0,8228.0,0.0,0.0,0.0,0.0,0.0,1.0,0.0,0.0,0.0,0.0,0.0,-0.6000000000000001,0.0,0.0,0.0,0.0,16.0,25903.0
2026-07-30T19:03:49.844Z,399.327,399.342,0.0,7.4,0.0,0.0,0.0,0.0,0.0,0.0,0.0,0.0,1.0,0.0,0.0,0.0,9.0,4.0,0.0,0.0,0.0,0.0,0.0,0.0,0.0,0.0,5.0,12.0,1.0,12.17,5.0200000000000005,2.51,1.49,0.0,0.0,0.0,361.3,0.0,-0.2,-1.1,-0.6000000000000001,-169.60000000000002,0.0,0.0,169.70000000000002,0.0,21.4,28.9,28.9,30.9,300.0,300.0,31.8,35.9,28.9,28.0,29.9,4.95,1.99,4.97,0.16,0.0,0.0,1027.0,8228.0,0.0,0.0,0.0,0.0,0.0,1.0,0.0,0.0,0.0,0.0,0.0,-1.7000000000000002,0.0,0.3,0.0,0.0,16.0,25903.0
2026-07-30T19:03:49.855Z,399.338,399.354,0.0,7.4,0.0,0.0,0.0,0.0,0.0,0.0,0.0,0.0,1.0,0.0,0.0,0.0,9.0,4.0,0.0,0.0,0.0,0.0,0.0,0.0,0.0,0.0,1.0,12.0,1.0,12.17,5.0200000000000005,2.51,1.49,0.0,0.0,0.0,361.4,0.0,0.3,0.0,0.0,-169.60000000000002,0.0,0.0,169.70000000000002,0.0,21.4,28.9,28.9,30.9,300.0,300.0,31.8,35.9,28.9,28.0,29.9,4.95,1.99,4.97,0.16,0.0,0.0,1027.0,8228.0,0.0,0.0,0.0,0.0,0.0,1.0,0.0,0.0,0.0,0.0,0.0,1.0,0.0,-0.3,0.0,0.0,16.0,25903.0
2026-07-30T19:03:49.867Z,399.35,399.366,0.0,7.4,0.0,0.0,0.0,0.0,0.0,0.0,0.0,0.0,1.0,0.0,0.0,0.0,9.0,4.0,0.0,0.0,0.0,0.0,0.0,0.0,0.0,0.0,3.0,12.0,1.0,12.17,5.0200000000000005,2.51,1.49,0.0,0.1,0.0,361.4,0.0,-0.2,0.0,0.0,-169.60000000000002,0.0,0.0,169.60000000000002,0.0,21.4,28.9,28.9,30.9,300.0,300.0,31.8,35.9,28.9,28.0,29.9,4.96,1.99,4.97,0.16,0.0,0.0,1027.0,8228.0,0.0,0.0,0.0,0.0,0.0,1.0,0.0,0.0,0.0,0.0,0.0,1.3,0.0,0.3,0.0,0.0,16.0,25903.0
2026-07-30T19:03:49.879Z,399.362,399.378,0.0,7.4,0.0,0.0,0.0,0.0,0.0,0.0,0.0,0.0,1.0,0.0,0.0,0.0,9.0,4.0,0.0,0.0,0.0,0.0,0.0,0.0,0.0,0.0,4.0,12.0,1.0,12.17,5.0200000000000005,2.51,1.49,0.0,0.0,0.0,361.3,0.0,-0.8,0.6000000000000001,0.5,-169.60000000000002,0.0,0.0,169.70000000000002,0.0,21.4,28.9,28.9,30.9,300.0,300.0,31.8,35.9,28.9,28.0,29.9,4.96,1.99,4.96,0.16,0.0,0.0,1027.0,8228.0,0.0,0.0,0.0,0.0,0.0,1.0,0.0,0.0,0.0,0.0,0.0,-0.6000000000000001,0.0,0.0,0.0,0.0,16.0,25903.0
2026-07-30T19:03:49.892Z,399.375,399.39,0.0,7.4,0.0,0.0,0.0,0.0,0.0,0.0,0.0,0.0,1.0,0.0,0.0,0.0,9.0,4.0,0.0,0.0,0.0,0.0,0.0,0.0,0.0,0.0,6.0,12.0,1.0,12.17,5.0200000000000005,2.51,1.49,0.0,0.0,0.0,361.3,0.0,-0.2,-1.1,-1.2000000000000002,-169.60000000000002,0.0,0.0,169.60000000000002,0.0,21.4,28.9,28.9,30.9,300.0,300.0,31.8,35.9,28.9,28.0,29.9,4.95,1.99,4.97,0.16,0.0,0.0,1027.0,8228.0,0.0,0.0,0.0,0.0,0.0,1.0,0.0,0.0,0.0,0.0,0.0,-1.3,0.0,-0.1,0.0,0.0,16.0,25903.0
2026-07-30T19:03:49.904Z,399.387,399.402,0.0,7.4,0.0,0.0,0.0,0.0,0.0,0.0,0.0,0.0,1.0,0.0,0.0,0.0,9.0,4.0,0.0,0.0,0.0,0.0,0.0,0.0,0.0,0.0,1.0,12.0,1.0,12.17,5.0200000000000005,2.51,1.49,0.0,0.0,0.0,361.4,0.0,-0.2,0.0,-0.6000000000000001,-169.60000000000002,0.0,0.0,169.60000000000002,0.0,21.4,28.9,28.9,30.9,300.0,300.0,31.8,35.9,28.9,28.0,29.9,4.95,1.99,4.96,0.16,0.0,0.0,1027.0,8228.0,0.0,0.0,0.0,0.0,0.0,1.0,0.0,0.0,0.0,0.0,0.0,-0.4,0.0,0.5,0.0,0.0,16.0,25903.0
2026-07-30T19:03:49.915Z,399.398,399.414,0.0,7.4,0.0,0.0,0.0,0.0,0.0,0.0,0.0,0.0,1.0,0.0,0.0,0.0,9.0,4.0,0.0,0.0,0.0,0.0,0.0,0.0,0.0,0.0,2.0,12.0,1.0,12.17,5.01,2.51,1.49,0.0,0.0,0.0,361.3,0.0,-0.8,-0.5,-1.1,-169.60000000000002,0.0,0.0,169.60000000000002,0.0,21.4,28.9,28.9,30.9,300.0,300.0,31.6,35.9,28.9,28.0,29.9,4.96,1.99,4.96,0.16,0.0,0.0,1027.0,8228.0,0.0,0.0,0.0,0.0,0.0,1.0,0.0,0.0,0.0,0.0,0.0,-1.5,0.0,0.9,0.0,0.0,16.0,25903.0
2026-07-30T19:03:49.927Z,399.41,399.426,0.0,7.4,0.0,0.0,0.0,0.0,0.0,0.0,0.0,0.0,1.0,0.0,0.0,0.0,9.0,4.0,0.0,0.0,0.0,0.0,0.0,0.0,0.0,0.0,4.0,12.0,1.0,12.17,5.01,2.51,1.49,0.0,0.1,0.0,361.3,0.0,0.2,0.6000000000000001,0.5,-169.60000000000002,0.0,0.0,169.70000000000002,0.0,21.4,28.9,28.9,30.9,300.0,300.0,31.6,35.9,28.9,28.0,29.9,4.95,1.99,4.97,0.16,0.0,0.0,1027.0,8228.0,0.0,0.0,0.0,0.0,0.0,1.0,0.0,0.0,0.0,0.0,0.0,1.0,0.0,-0.3,0.0,0.0,16.0,25903.0
2026-07-30T19:03:49.939Z,399.422,399.438,0.0,7.4,0.0,0.0,0.0,0.0,0.0,0.0,0.0,0.0,1.0,0.0,0.0,0.0,9.0,4.0,0.0,0.0,0.0,0.0,0.0,0.0,0.0,0.0,5.0,12.0,1.0,12.17,5.01,2.51,1.49,0.0,0.0,0.0,361.3,0.0,-0.8,0.0,-0.6000000000000001,-169.60000000000002,0.0,0.0,169.70000000000002,0.0,21.4,28.9,28.9,30.9,300.0,300.0,31.6,35.9,28.9,28.0,29.9,4.96,1.99,4.97,0.16,0.0,0.0,1027.0,8228.0,0.0,0.0,0.0,0.0,0.0,1.0,0.0,0.0,0.0,0.0,0.0,-0.4,0.0,0.5,0.0,0.0,16.0,25903.0
2026-07-30T19:03:49.952Z,399.435,399.45,0.0,7.4,0.0,0.0,0.0,0.0,0.0,0.0,0.0,0.0,1.0,0.0,0.0,0.0,9.0,4.0,0.0,0.0,0.0,0.0,0.0,0.0,0.0,0.0,6.0,12.0,1.0,12.17,5.01,2.51,1.49,0.0,0.0,0.0,361.4,0.0,-0.3,-0.6000000000000001,0.0,-169.60000000000002,0.0,0.0,169.8,0.0,21.4,28.9,28.9,30.9,300.0,300.0,31.6,35.9,28.9,28.0,29.9,4.96,1.99,4.97,0.16,0.0,0.0,1027.0,8228.0,0.0,0.0,0.0,0.0,0.0,1.0,0.0,0.0,0.0,0.0,0.0,-0.7000000000000001,0.0,0.0,0.0,0.0,16.0,25903.0
2026-07-30T19:03:49.963Z,399.446,399.462,0.0,7.4,0.0,0.0,0.0,0.0,0.0,0.0,0.0,0.0,1.0,0.0,0.0,0.0,9.0,4.0,0.0,0.0,0.0,0.0,0.0,0.0,0.0,0.0,2.0,12.0,1.0,12.17,5.01,2.51,1.49,0.0,0.0,0.0,361.3,0.0,-0.2,1.1,0.5,-169.60000000000002,0.0,0.0,169.60000000000002,0.0,21.4,28.9,28.9,30.9,300.0,300.0,31.6,35.9,28.9,28.0,29.9,4.95,1.99,4.97,0.16,0.0,0.0,1027.0,8228.0,0.0,0.0,0.0,0.0,0.0,1.0,0.0,0.0,0.0,0.0,0.0,1.6,0.0,-0.2,0.0,0.0,16.0,25903.0
2026-07-30T19:03:49.975Z,399.458,399.474,0.0,7.4,0.0,0.0,0.0,0.0,0.0,0.0,0.0,0.0,1.0,0.0,0.0,0.0,9.0,4.0,0.0,0.0,0.0,0.0,0.0,0.0,0.0,0.0,3.0,12.0,1.0,12.17,5.01,2.51,1.49,0.0,0.0,0.0,361.3,0.0,-0.8,0.0,-0.6000000000000001,-169.60000000000002,0.0,0.0,169.70000000000002,0.0,21.4,28.9,28.9,30.9,300.0,300.0,31.6,35.9,28.9,28.0,29.9,4.96,1.99,4.97,0.16,0.0,0.0,1027.0,8228.0,0.0,0.0,0.0,0.0,0.0,1.0,0.0,0.0,0.0,0.0,0.0,-0.4,0.0,0.6000000000000001,0.0,0.0,16.0,25903.0
2026-07-30T19:03:49.988Z,399.471,399.486,0.0,7.4,0.0,0.0,0.0,0.0,0.0,0.0,0.0,0.0,1.0,0.0,0.0,0.0,9.0,4.0,0.0,0.0,0.0,0.0,0.0,0.0,0.0,0.0,5.0,12.0,1.0,12.17,5.01,2.51,1.49,0.0,0.0,0.0,361.3,0.0,-0.2,0.0,0.5,-169.60000000000002,0.0,0.0,169.60000000000002,0.0,21.4,28.9,28.9,30.9,300.0,300.0,31.6,35.9,28.9,28.0,29.9,4.96,1.99,4.96,0.16,0.0,0.0,1027.0,8228.0,0.0,0.0,0.0,0.0,0.0,1.0,0.0,0.0,0.0,0.0,0.0,0.4,0.0,-0.4,0.0,0.0,16.0,25903.0
2026-07-30T19:03:49.999Z,399.482,399.498,0.0,7.4,0.0,0.0,0.0,0.0,0.0,0.0,0.0,0.0,1.0,0.0,0.0,0.0,9.0,4.0,0.0,0.0,0.0,0.0,0.0,0.0,0.0,0.0,1.0,12.0,1.0,12.17,5.01,2.51,1.49,0.0,0.0,0.0,361.4,0.0,-0.8,-0.5,-1.8,-169.60000000000002,0.0,0.0,169.70000000000002,0.0,21.4,28.9,28.9,30.9,300.0,300.0,31.6,35.9,28.9,28.0,29.9,4.96,1.99,4.97,0.16,0.0,0.0,1027.0,8228.0,0.0,0.0,0.0,0.0,0.0,1.0,0.0,0.0,0.0,0.0,0.0,-1.9,0.0,1.4,0.0,0.0,16.0,25903.0
2026-07-30T19:03:50.011Z,399.494,399.51,0.0,7.4,0.0,0.0,0.0,0.0,0.0,0.0,0.0,0.0,1.0,0.0,0.0,0.0,9.0,4.0,0.0,0.0,0.0,0.0,0.0,0.0,0.0,0.0,2.0,12.0,1.0,12.17,5.01,2.51,1.49,0.0,0.0,0.0,361.4,0.0,0.3,0.6000000000000001,0.5,-169.60000000000002,0.0,0.0,169.60000000000002,0.0,21.4,28.9,28.9,30.9,300.0,300.0,31.6,35.9,28.9,28.0,29.9,4.95,2.0,4.97,0.16,0.0,0.0,1027.0,8228.0,0.0,0.0,0.0,0.0,0.0,1.0,0.0,0.0,0.0,0.0,0.0,1.1,0.0,-0.3,0.0,0.0,16.0,25903.0
2026-07-30T19:03:50.023Z,399.506,399.522,0.0,7.4,0.0,0.0,0.0,0.0,0.0,0.0,0.0,0.0,1.0,0.0,0.0,0.0,9.0,4.0,0.0,0.0,0.0,0.0,0.0,0.0,0.0,0.0,4.0,12.0,1.0,12.15,5.0200000000000005,2.5,1.49,0.0,0.0,0.0,361.3,0.0,0.3,-1.0,0.0,-169.60000000000002,0.0,0.0,169.60000000000002,0.0,21.8,28.9,28.9,30.9,300.0,300.0,31.8,35.9,28.9,28.0,29.9,4.96,2.0,4.97,0.16,0.0,0.0,1027.0,8228.0,0.0,0.0,0.0,0.0,0.0,1.0,0.0,0.0,0.0,0.0,0.0,-1.2000000000000002,0.0,-0.1,0.0,0.0,16.0,25903.0
2026-07-30T19:03:50.035Z,399.518,399.534,0.0,7.4,0.0,0.0,0.0,0.0,0.0,0.0,0.0,0.0,1.0,0.0,0.0,0.0,9.0,4.0,0.0,0.0,0.0,0.0,0.0,0.0,0.0,0.0,6.0,12.0,1.0,12.15,5.0200000000000005,2.5,1.49,0.0,0.0,0.0,361.3,0.0,0.2,-1.1,0.5,-169.60000000000002,0.0,0.0,169.70000000000002,0.0,21.8,28.9,28.9,30.9,300.0,300.0,31.8,35.9,28.9,28.0,29.9,4.96,1.99,4.96,0.16,0.0,0.0,1027.0,8228.0,0.0,0.0,0.0,0.0,0.0,1.0,0.0,0.0,0.0,0.0,0.0,-0.8,0.0,-0.6000000000000001,0.0,0.0,16.0,25903.0
2026-07-30T19:03:50.047Z,399.53,399.546,0.0,7.4,0.0,0.0,0.0,0.0,0.0,0.0,0.0,0.0,1.0,0.0,0.0,0.0,9.0,4.0,0.0,0.0,0.0,0.0,0.0,0.0,0.0,0.0,1.0,12.0,1.0,12.15,5.0200000000000005,2.5,1.49,-0.1,0.1,0.0,361.3,0.0,-0.3,-0.5,0.0,-169.60000000000002,0.0,0.0,169.70000000000002,0.0,21.8,28.9,28.9,30.9,300.0,300.0,31.8,35.9,28.9,28.0,29.9,4.96,1.99,4.97,0.16,0.0,0.0,1027.0,8228.0,0.0,0.0,0.0,0.0,0.0,1.0,0.0,0.0,0.0,0.0,0.0,-0.6000000000000001,0.0,0.0,0.0,0.0,16.0,25903.0
2026-07-30T19:03:50.059Z,399.542,399.558,0.0,7.4,0.0,0.0,0.0,0.0,0.0,0.0,0.0,0.0,1.0,0.0,0.0,0.0,9.0,4.0,0.0,0.0,0.0,0.0,0.0,0.0,0.0,0.0,2.0,12.0,1.0,12.15,5.0200000000000005,2.5,1.49,0.0,0.0,0.0,361.4,0.0,-0.8,-1.1,-1.2000000000000002,-169.60000000000002,0.0,0.0,169.70000000000002,0.0,21.8,28.9,28.9,30.9,300.0,300.0,31.8,35.9,28.9,28.0,29.9,4.95,1.99,4.97,0.16,0.0,0.0,1027.0,8228.0,0.0,0.0,0.0,0.0,0.0,1.0,0.0,0.0,0.0,0.0,0.0,-2.1,0.0,0.8,0.0,0.0,16.0,25903.0
2026-07-30T19:03:50.071Z,399.554,399.57,0.0,7.4,0.0,0.0,0.0,0.0,0.0,0.0,0.0,0.0,1.0,0.0,0.0,0.0,9.0,4.0,0.0,0.0,0.0,0.0,0.0,0.0,0.0,0.0,3.0,12.0,1.0,12.15,5.0200000000000005,2.5,1.49,0.0,0.0,0.0,361.4,0.0,0.3,-0.4,1.6,-169.60000000000002,0.0,0.0,169.8,0.0,21.8,28.9,28.9,30.9,300.0,300.0,31.8,35.9,28.9,28.0,29.9,4.96,1.99,4.96,0.16,0.0,0.0,1027.0,8228.0,0.0,0.0,0.0,0.0,0.0,1.0,0.0,0.0,0.0,0.0,0.0,0.7000000000000001,0.0,-1.5,0.0,0.0,16.0,25903.0
2026-07-30T19:03:50.083Z,399.566,399.582,0.0,7.4,0.0,0.0,0.0,0.0,0.0,0.0,0.0,0.0,1.0,0.0,0.0,0.0,9.0,4.0,0.0,0.0,0.0,0.0,0.0,0.0,0.0,0.0,4.0,12.0,1.0,12.15,5.0200000000000005,2.5,1.49,0.0,0.0,0.0,361.3,0.0,0.3,-1.0,0.0,-169.60000000000002,0.0,0.0,169.70000000000002,0.0,21.8,28.9,28.9,30.9,300.0,300.0,31.8,35.9,28.9,28.0,29.9,4.95,1.99,4.97,0.16,0.0,0.0,1027.0,8228.0,0.0,0.0,0.0,0.0,0.0,1.0,0.0,0.0,0.0,0.0,0.0,-1.2000000000000002,0.0,-0.1,0.0,0.0,16.0,25903.0
2026-07-30T19:03:50.095Z,399.578,399.594,0.0,7.4,0.0,0.0,0.0,0.0,0.0,0.0,0.0,0.0,1.0,0.0,0.0,0.0,9.0,4.0,0.0,0.0,0.0,0.0,0.0,0.0,0.0,0.0,6.0,12.0,1.0,12.15,5.0200000000000005,2.5,1.49,0.0,0.0,0.0,361.3,0.0,-0.2,0.7000000000000001,0.5,-169.60000000000002,0.0,0.0,169.70000000000002,0.0,21.8,28.9,28.9,30.9,300.0,300.0,31.8,35.9,28.9,28.0,29.9,4.95,1.99,4.96,0.16,0.0,0.0,1027.0,8228.0,0.0,0.0,0.0,0.0,0.0,1.0,0.0,0.0,0.0,0.0,0.0,1.2000000000000002,0.0,-0.3,0.0,0.0,16.0,25903.0
2026-07-30T19:03:50.107Z,399.59,399.606,0.0,7.4,0.0,0.0,0.0,0.0,0.0,0.0,0.0,0.0,1.0,0.0,0.0,0.0,9.0,4.0,0.0,0.0,0.0,0.0,0.0,0.0,0.0,0.0,1.0,12.0,1.0,12.15,5.0200000000000005,2.5,1.49,0.0,0.0,0.0,361.4,0.0,-0.2,0.1,-0.6000000000000001,-169.60000000000002,0.0,0.0,169.60000000000002,0.0,21.8,28.9,28.9,30.9,300.0,300.0,31.8,35.9,28.9,28.0,29.9,4.96,1.99,4.96,0.16,0.0,0.0,1027.0,8228.0,0.0,0.0,0.0,0.0,0.0,1.0,0.0,0.0,0.0,0.0,0.0,-0.2,0.0,0.5,0.0,0.0,16.0,25903.0
2026-07-30T19:03:50.121Z,399.604,399.618,0.0,7.4,0.0,0.0,0.0,0.0,0.0,0.0,0.0,0.0,1.0,0.0,0.0,0.0,9.0,4.0,0.0,0.0,0.0,0.0,0.0,0.0,0.0,0.0,2.0,12.0,1.0,12.15,5.01,2.51,1.49,0.0,0.0,0.0,361.3,0.0,-0.2,-0.4,-0.6000000000000001,-169.60000000000002,0.0,0.0,169.70000000000002,0.0,21.0,28.9,28.9,30.9,300.0,300.0,31.8,35.9,28.8,28.0,29.9,4.95,1.99,4.96,0.16,0.0,0.0,1027.0,8228.0,0.0,0.0,0.0,0.0,0.0,1.0,0.0,0.0,0.0,0.0,0.0,-0.9,0.0,0.4,0.0,0.0,16.0,25903.0
2026-07-30T19:03:50.131Z,399.614,399.63,0.0,7.4,0.0,0.0,0.0,0.0,0.0,0.0,0.0,0.0,1.0,0.0,0.0,0.0,9.0,4.0,0.0,0.0,0.0,0.0,0.0,0.0,0.0,0.0,3.0,12.0,1.0,12.15,5.01,2.51,1.49,-0.1,0.0,0.0,361.3,0.0,-0.2,0.0,1.1,-169.60000000000002,0.0,0.0,169.70000000000002,0.0,21.0,28.9,28.9,30.9,300.0,300.0,31.8,35.9,28.8,28.0,29.9,4.95,1.99,4.97,0.16,0.0,0.0,1027.0,8228.0,0.0,0.0,0.0,0.0,0.0,1.0,0.0,0.0,0.0,0.0,0.0,0.9,0.0,-0.9,0.0,0.0,16.0,25903.0
2026-07-30T19:03:50.143Z,399.626,399.642,0.0,7.4,0.0,0.0,0.0,0.0,0.0,0.0,0.0,0.0,1.0,0.0,0.0,0.0,9.0,4.0,0.0,0.0,0.0,0.0,0.0,0.0,0.0,0.0,4.0,12.0,1.0,12.15,5.01,2.51,1.49,0.0,0.0,0.0,361.3,0.0,-0.8,-1.0,-1.2000000000000002,-169.60000000000002,0.0,0.0,169.70000000000002,0.0,21.0,28.9,28.9,30.9,300.0,300.0,31.8,35.9,28.8,28.0,29.9,4.95,1.99,4.96,0.16,0.0,0.0,1027.0,8228.0,0.0,0.0,0.0,0.0,0.0,1.0,0.0,0.0,0.0,0.0,0.0,-2.1,0.0,0.8,0.0,0.0,16.0,25903.0
2026-07-30T19:03:50.155Z,399.638,399.654,0.0,7.4,0.0,0.0,0.0,0.0,0.0,0.0,0.0,0.0,1.0,0.0,0.0,0.0,9.0,4.0,0.0,0.0,0.0,0.0,0.0,0.0,0.0,0.0,5.0,12.0,1.0,12.15,5.01,2.51,1.49,0.0,0.0,0.0,361.3,0.0,-0.2,0.0,1.1,-169.60000000000002,0.0,0.0,169.8,0.0,21.0,28.9,28.9,30.9,300.0,300.0,31.8,35.9,28.8,28.0,29.9,4.96,1.99,4.96,0.16,0.0,0.0,1027.0,8228.0,0.0,0.0,0.0,0.0,0.0,1.0,0.0,0.0,0.0,0.0,0.0,0.9,0.0,-0.9,0.0,0.0,16.0,25903.0
2026-07-30T19:03:50.168Z,399.651,399.666,0.0,7.4,0.0,0.0,0.0,0.0,0.0,0.0,0.0,0.0,1.0,0.0,0.0,0.0,9.0,4.0,0.0,0.0,0.0,0.0,0.0,0.0,0.0,0.0,6.0,12.0,1.0,12.15,5.01,2.51,1.49,0.0,0.0,0.0,361.4,0.0,0.3,-0.4,0.5,-169.60000000000002,0.0,0.0,169.8,0.0,21.0,28.9,28.9,30.9,300.0,300.0,31.8,35.9,28.8,28.0,29.9,4.95,1.99,4.97,0.16,0.0,0.0,1027.0,8228.0,0.0,0.0,0.0,0.0,0.0,1.0,0.0,0.0,0.0,0.0,0.0,-0.1,0.0,-0.5,0.0,0.0,16.0,25903.0
2026-07-30T19:03:50.179Z,399.662,399.678,0.0,7.4,0.0,0.0,0.0,0.0,0.0,0.0,0.0,0.0,1.0,0.0,0.0,0.0,9.0,4.0,0.0,0.0,0.0,0.0,0.0,0.0,0.0,0.0,1.0,12.0,1.0,12.15,5.01,2.51,1.49,0.0,0.0,0.0,361.3,0.0,-0.2,-1.0,-1.2000000000000002,-169.60000000000002,0.0,0.0,169.70000000000002,0.0,21.0,28.9,28.9,30.9,300.0,300.0,31.8,35.9,28.8,28.0,29.9,4.96,1.99,4.96,0.16,0.0,0.0,1027.0,8228.0,0.0,0.0,0.0,0.0,0.0,1.0,0.0,0.0,0.0,0.0,0.0,-2.1,0.0,0.8,0.0,0.0,16.0,25903.0
2026-07-30T19:03:50.191Z,399.674,399.69,0.0,7.4,0.0,0.0,0.0,0.0,0.0,0.0,0.0,0.0,1.0,0.0,0.0,0.0,9.0,4.0,0.0,0.0,0.0,0.0,0.0,0.0,0.0,0.0,2.0,12.0,1.0,12.15,5.01,2.51,1.49,0.0,0.0,0.0,361.3,0.0,-0.3,0.6000000000000001,1.0,-169.60000000000002,0.0,0.0,169.70000000000002,0.0,21.0,28.9,28.9,30.9,300.0,300.0,31.8,35.9,28.8,28.0,29.9,4.96,1.99,4.96,0.16,0.0,0.0,1027.0,8228.0,0.0,0.0,0.0,0.0,0.0,1.0,0.0,0.0,0.0,0.0,0.0,1.5,0.0,-0.8,0.0,0.0,16.0,25903.0
2026-07-30T19:03:50.204Z,399.687,399.702,0.0,7.4,0.0,0.0,0.0,0.0,0.0,0.0,0.0,0.0,1.0,0.0,0.0,0.0,9.0,4.0,0.0,0.0,0.0,0.0,0.0,0.0,0.0,0.0,3.0,12.0,1.0,12.15,5.01,2.51,1.49,0.0,0.0,0.0,361.3,0.0,0.2,0.6000000000000001,-1.2000000000000002,-169.70000000000002,0.0,0.0,169.8,0.0,21.0,28.9,28.9,30.9,300.0,300.0,31.8,35.9,28.8,28.0,29.9,4.95,1.99,4.96,0.16,0.0,0.0,1027.0,8228.0,0.0,0.0,0.0,0.0,0.0,1.0,0.0,0.0,0.0,0.0,0.0,-0.2,0.0,1.2000000000000002,0.0,0.0,16.0,25903.0
2026-07-30T19:03:50.216Z,399.699,399.714,0.0,7.4,0.0,0.0,0.0,0.0,0.0,0.0,0.0,0.0,1.0,0.0,0.0,0.0,9.0,4.0,0.0,0.0,0.0,0.0,0.0,0.0,0.0,0.0,4.0,12.0,1.0,12.15,5.01,2.51,1.49,0.0,0.0,0.0,361.3,0.0,0.8,0.0,0.5,-169.70000000000002,0.0,0.0,169.8,0.0,21.0,28.9,28.9,30.9,300.0,300.0,31.8,35.9,28.8,28.0,29.9,4.95,1.99,4.97,0.16,0.0,0.0,1027.0,8228.0,0.0,0.0,0.0,0.0,0.0,1.0,0.0,0.0,0.0,0.0,0.0,0.4,0.0,-0.4,0.0,0.0,16.0,25903.0
2026-07-30T19:03:50.227Z,399.71,399.726,0.0,7.4,0.0,0.0,0.0,0.0,0.0,0.0,0.0,0.0,1.0,0.0,0.0,0.0,9.0,4.0,0.0,0.0,0.0,0.0,0.0,0.0,0.0,0.0,6.0,12.0,1.0,12.18,5.01,2.51,1.49,0.0,0.0,0.0,361.4,0.0,0.3,0.6000000000000001,0.0,-169.70000000000002,0.0,0.0,169.8,0.0,21.9,28.9,28.9,30.9,300.0,300.0,31.9,35.9,28.8,28.0,29.9,4.96,2.0,4.96,0.16,0.0,0.0,1027.0,8228.0,0.0,0.0,0.0,0.0,0.0,1.0,0.0,0.0,0.0,0.0,0.0,0.7000000000000001,0.0,0.1,0.0,0.0,16.0,25903.0
2026-07-30T19:03:50.239Z,399.722,399.738,0.0,7.4,0.0,0.0,0.0,0.0,0.0,0.0,0.0,0.0,1.0,0.0,0.0,0.0,9.0,4.0,0.0,0.0,0.0,0.0,0.0,0.0,0.0,0.0,1.0,12.0,1.0,12.18,5.01,2.51,1.49,0.0,0.0,0.0,361.4,0.0,0.3,0.1,0.0,-169.70000000000002,0.0,0.0,169.70000000000002,0.0,21.9,28.9,28.9,30.9,300.0,300.0,31.9,35.9,28.8,28.0,29.9,4.96,1.99,4.97,0.16,0.0,0.0,1027.0,8228.0,0.0,0.0,0.0,0.0,0.0,1.0,0.0,0.0,0.0,0.0,0.0,0.1,0.0,0.0,0.0,0.0,16.0,25903.0
2026-07-30T19:03:50.251Z,399.734,399.75,0.0,7.4,0.0,0.0,0.0,0.0,0.0,0.0,0.0,0.0,1.0,0.0,0.0,0.0,9.0,4.0,0.0,0.0,0.0,0.0,0.0,0.0,0.0,0.0,2.0,12.0,1.0,12.18,5.01,2.51,1.49,0.0,0.0,0.0,361.3,0.0,0.3,0.7000000000000001,1.6,-169.70000000000002,0.0,0.0,169.70000000000002,0.0,21.9,28.9,28.9,30.9,300.0,300.0,31.9,35.9,28.8,28.0,29.9,4.95,1.99,4.97,0.16,0.0,0.0,1027.0,8228.0,0.0,0.0,0.0,0.0,0.0,1.0,0.0,0.0,0.0,0.0,0.0,2.0,0.0,-1.3,0.0,0.0,16.0,25903.0
2026-07-30T19:03:50.263Z,399.746,399.762,0.0,7.4,0.0,0.0,0.0,0.0,0.0,0.0,0.0,0.0,1.0,0.0,0.0,0.0,9.0,4.0,0.0,0.0,0.0,0.0,0.0,0.0,0.0,0.0,3.0,12.0,1.0,12.18,5.01,2.51,1.49,0.0,0.0,0.0,361.3,0.0,-0.2,-0.4,-0.7000000000000001,-169.70000000000002,0.0,0.0,169.70000000000002,0.0,21.9,28.9,28.9,30.9,300.0,300.0,31.9,35.9,28.8,28.0,29.9,4.96,1.99,4.96,0.16,0.0,0.0,1027.0,8228.0,0.0,0.0,0.0,0.0,0.0,1.0,0.0,0.0,0.0,0.0,0.0,-1.0,0.0,0.5,0.0,0.0,16.0,25903.0
2026-07-30T19:03:50.275Z,399.758,399.774,0.0,7.4,0.0,0.0,0.0,0.0,0.0,0.0,0.0,0.0,1.0,0.0,0.0,0.0,9.0,4.0,0.0,0.0,0.0,0.0,0.0,0.0,0.0,0.0,4.0,12.0,1.0,12.18,5.01,2.51,1.49,0.0,0.0,0.0,361.4,0.0,-0.2,0.0,-0.1,-169.70000000000002,0.0,0.0,169.60000000000002,0.0,21.9,28.9,28.9,30.9,300.0,300.0,31.9,35.9,28.8,28.0,29.9,4.95,1.99,4.97,0.16,0.0,0.0,1027.0,8228.0,0.0,0.0,0.0,0.0,0.0,1.0,0.0,0.0,0.0,0.0,0.0,0.0,0.0,0.1,0.0,0.0,16.0,25903.0
2026-07-30T19:03:50.288Z,399.771,399.786,0.0,7.4,0.0,0.0,0.0,0.0,0.0,0.0,0.0,0.0,1.0,0.0,0.0,0.0,9.0,4.0,0.0,0.0,0.0,0.0,0.0,0.0,0.0,0.0,5.0,12.0,1.0,12.18,5.01,2.51,1.49,0.0,0.0,0.0,361.4,0.0,-0.7000000000000001,0.6000000000000001,-0.1,-169.70000000000002,0.0,0.0,169.60000000000002,0.0,21.9,28.9,28.9,30.9,300.0,300.0,31.9,35.9,28.8,28.0,29.9,4.95,1.99,4.97,0.16,0.0,0.0,1027.0,8228.0,0.0,0.0,0.0,0.0,0.0,1.0,0.0,0.0,0.0,0.0,0.0,0.6000000000000001,0.0,0.2,0.0,0.0,16.0,25903.0
2026-07-30T19:03:50.300Z,399.783,399.798,0.0,7.4,0.0,0.0,0.0,0.0,0.0,0.0,0.0,0.0,1.0,0.0,0.0,0.0,9.0,4.0,0.0,0.0,0.0,0.0,0.0,0.0,0.0,0.0,6.0,12.0,1.0,12.18,5.01,2.51,1.49,0.0,0.1,0.0,361.4,0.0,-0.2,0.0,-0.6000000000000001,-169.70000000000002,0.0,0.0,169.60000000000002,0.0,21.9,28.9,28.9,30.9,300.0,300.0,31.9,35.9,28.8,28.0,29.9,4.95,1.99,4.97,0.16,0.0,0.0,1027.0,8228.0,0.0,0.0,0.0,0.0,0.0,1.0,0.0,0.0,0.0,0.0,0.0,-0.4,0.0,0.6000000000000001,0.0,0.0,16.0,25903.0
2026-07-30T19:03:50.311Z,399.794,399.81,0.0,7.4,0.0,0.0,0.0,0.0,0.0,0.0,0.0,0.0,1.0,0.0,0.0,0.0,9.0,4.0,0.0,0.0,0.0,0.0,0.0,0.0,0.0,0.0,1.0,12.0,1.0,12.18,5.01,2.51,1.49,0.0,0.1,0.0,361.3,0.0,0.3,0.6000000000000001,0.4,-169.60000000000002,0.0,0.0,169.60000000000002,0.0,21.9,28.9,28.9,30.9,300.0,300.0,31.9,35.9,28.8,28.0,29.9,4.96,1.99,4.97,0.16,0.0,0.0,1027.0,8228.0,0.0,0.0,0.0,0.0,0.0,1.0,0.0,0.0,0.0,0.0,0.0,1.0,0.0,-0.2,0.0,0.0,16.0,25903.0
2026-07-30T19:03:50.324Z,399.807,399.822,0.0,7.4,0.0,0.0,0.0,0.0,0.0,0.0,0.0,0.0,1.0,0.0,0.0,0.0,9.0,4.0,0.0,0.0,0.0,0.0,0.0,0.0,0.0,0.0,3.0,12.0,1.0,12.18,5.01,2.51,1.5,0.0,0.0,0.0,361.3,0.0,0.3,0.0,-0.1,-169.60000000000002,0.0,0.0,169.60000000000002,0.0,21.700000000000003,28.9,28.9,30.9,300.0,300.0,31.8,35.9,28.8,28.0,29.9,4.95,1.99,4.96,0.16,0.0,0.0,1027.0,8228.0,0.0,0.0,0.0,0.0,0.0,1.0,0.0,0.0,0.0,0.0,0.0,0.0,0.0,0.0,0.0,0.0,16.0,25903.0
2026-07-30T19:03:50.335Z,399.818,399.834,0.0,7.4,0.0,0.0,0.0,0.0,0.0,0.0,0.0,0.0,1.0,0.0,0.0,0.0,9.0,4.0,0.0,0.0,0.0,0.0,0.0,0.0,0.0,0.0,4.0,12.0,1.0,12.18,5.01,2.51,1.5,0.0,0.0,0.0,361.4,0.0,-0.1,-0.5,0.0,-169.60000000000002,0.0,0.0,169.70000000000002,0.0,21.700000000000003,28.9,28.9,30.9,300.0,300.0,31.8,35.9,28.8,28.0,29.9,4.95,1.99,4.96,0.16,0.0,0.0,1027.0,8228.0,0.0,0.0,0.0,0.0,0.0,1.0,0.0,0.0,0.0,0.0,0.0,-0.6000000000000001,0.0,0.0,0.0,0.0,16.0,25903.0
2026-07-30T19:03:50.348Z,399.831,399.846,0.0,7.4,0.0,0.0,0.0,0.0,0.0,0.0,0.0,0.0,1.0,0.0,0.0,0.0,9.0,4.0,0.0,0.0,0.0,0.0,0.0,0.0,0.0,0.0,6.0,12.0,1.0,12.18,5.01,2.51,1.5,0.0,0.0,0.0,361.4,0.0,0.3,0.0,-0.1,-169.60000000000002,0.0,0.0,169.70000000000002,0.0,21.700000000000003,28.9,28.9,30.9,300.0,300.0,31.8,35.9,28.8,28.0,29.9,4.96,1.99,4.96,0.16,0.0,0.0,1027.0,8228.0,0.0,0.0,0.0,0.0,0.0,1.0,0.0,0.0,0.0,0.0,0.0,0.0,0.0,0.1,0.0,0.0,16.0,25903.0
2026-07-30T19:03:50.359Z,399.842,399.858,0.0,7.4,0.0,0.0,0.0,0.0,0.0,0.0,0.0,0.0,1.0,0.0,0.0,0.0,9.0,4.0,0.0,0.0,0.0,0.0,0.0,0.0,0.0,0.0,1.0,12.0,1.0,12.18,5.01,2.51,1.5,0.0,0.0,0.0,361.3,0.0,-0.2,0.0,0.4,-169.60000000000002,0.0,0.0,169.70000000000002,0.0,21.700000000000003,28.9,28.9,30.9,300.0,300.0,31.8,35.9,28.8,28.0,29.9,4.95,1.99,4.96,0.16,0.0,0.0,1027.0,8228.0,0.0,0.0,0.0,0.0,0.0,1.0,0.0,0.0,0.0,0.0,0.0,0.4,0.0,-0.3,0.0,0.0,16.0,25903.0
2026-07-30T19:03:50.371Z,399.854,399.87,0.0,7.4,0.0,0.0,0.0,0.0,0.0,0.0,0.0,0.0,1.0,0.0,0.0,0.0,9.0,4.0,0.0,0.0,0.0,0.0,0.0,0.0,0.0,0.0,2.0,12.0,1.0,12.18,5.01,2.51,1.5,0.0,0.0,0.0,361.3,0.0,0.9,0.7000000000000001,-0.1,-169.60000000000002,0.0,0.0,169.60000000000002,0.0,21.700000000000003,28.9,28.9,30.9,300.0,300.0,31.8,35.9,28.8,28.0,29.9,4.95,1.99,4.97,0.16,0.0,0.0,1027.0,8228.0,0.0,0.0,0.0,0.0,0.0,1.0,0.0,0.0,0.0,0.0,0.0,0.0,0.0,0.1,0.0,0.0,16.0,25903.0
2026-07-30T19:03:50.383Z,399.866,399.882,0.0,7.4,0.0,0.0,0.0,0.0,0.0,0.0,0.0,0.0,1.0,0.0,0.0,0.0,9.0,4.0,0.0,0.0,0.0,0.0,0.0,0.0,0.0,0.0,3.0,12.0,1.0,12.18,5.01,2.51,1.5,0.0,0.0,0.0,361.3,0.0,0.3,1.8,-0.1,-169.60000000000002,0.0,0.0,169.60000000000002,0.0,21.700000000000003,28.9,28.9,30.9,300.0,300.0,31.8,35.9,28.8,28.0,29.9,4.95,1.99,4.96,0.16,0.0,0.0,1027.0,8228.0,0.0,0.0,0.0,0.0,0.0,1.0,0.0,0.0,0.0,0.0,0.0,1.9,0.0,-1.2000000000000002,0.0,0.0,16.0,25903.0
2026-07-30T19:03:50.395Z,399.878,399.894,0.0,7.4,0.0,0.0,0.0,0.0,0.0,0.0,0.0,0.0,1.0,0.0,0.0,0.0,9.0,4.0,0.0,0.0,0.0,0.0,0.0,0.0,0.0,0.0,4.0,12.0,1.0,12.18,5.01,2.51,1.5,0.0,0.0,0.0,361.4,0.0,0.8,-0.5,-0.2,-169.60000000000002,0.0,0.0,169.70000000000002,0.0,21.700000000000003,28.9,28.9,30.9,300.0,300.0,31.8,35.9,28.8,28.0,29.9,4.96,1.99,4.96,0.16,0.0,0.0,1027.0,8228.0,0.0,0.0,0.0,0.0,0.0,1.0,0.0,0.0,0.0,0.0,0.0,0.1,0.0,0.8,0.0,0.0,16.0,25903.0
2026-07-30T19:03:50.407Z,399.89,399.906,0.0,7.4,0.0,0.0,0.0,0.0,0.0,0.0,0.0,0.0,1.0,0.0,0.0,0.0,9.0,4.0,0.0,0.0,0.0,0.0,0.0,0.0,0.0,0.0,5.0,12.0,1.0,12.18,5.01,2.51,1.5,0.0,0.0,0.0,361.3,0.0,-0.2,-0.5,-0.2,-169.60000000000002,0.0,0.0,169.60000000000002,0.0,21.700000000000003,28.9,28.9,30.9,300.0,300.0,31.8,35.9,28.8,28.0,29.9,4.96,1.99,4.97,0.16,0.0,0.0,1027.0,8228.0,0.0,0.0,0.0,0.0,0.0,1.0,0.0,0.0,0.0,0.0,0.0,-1.6,0.0,1.1,0.0,0.0,16.0,25903.0
2026-07-30T19:03:50.419Z,399.902,399.918,0.0,7.4,0.0,0.0,0.0,0.0,0.0,0.0,0.0,0.0,1.0,0.0,0.0,0.0,9.0,4.0,0.0,0.0,0.0,0.0,0.0,0.0,0.0,0.0,6.0,12.0,1.0,12.18,5.01,2.51,1.5,0.0,0.1,0.0,361.3,0.0,0.3,-0.5,-0.2,-169.60000000000002,0.0,0.0,169.60000000000002,0.0,21.700000000000003,28.9,28.9,30.9,300.0,300.0,31.8,35.9,28.8,28.0,29.9,4.96,1.99,4.96,0.16,0.0,0.0,1027.0,8228.0,0.0,0.0,0.0,0.0,0.0,1.0,0.0,0.0,0.0,0.0,0.0,-0.7000000000000001,0.0,0.0,0.0,0.0,16.0,25903.0
2026-07-30T19:03:50.431Z,399.914,399.93,0.0,7.4,0.0,0.0,0.0,0.0,0.0,0.0,0.0,0.0,1.0,0.0,0.0,0.0,9.0,4.0,0.0,0.0,0.0,0.0,0.0,0.0,0.0,0.0,1.0,12.0,1.0,12.15,5.01,2.5,1.49,0.0,0.0,0.0,361.4,0.0,-0.2,0.6000000000000001,-0.2,-169.60000000000002,0.0,0.0,169.60000000000002,0.0,21.700000000000003,28.9,28.9,30.9,300.0,300.0,31.8,35.800000000000004,28.8,28.0,29.9,4.96,1.99,4.96,0.16,0.0,0.0,1027.0,8228.0,0.0,0.0,0.0,0.0,0.0,1.0,0.0,0.0,0.0,0.0,0.0,0.5,0.0,0.3,0.0,0.0,16.0,25903.0
2026-07-30T19:03:50.443Z,399.926,399.942,0.0,7.4,0.0,0.0,0.0,0.0,0.0,0.0,0.0,0.0,1.0,0.0,0.0,0.0,9.0,4.0,0.0,0.0,0.0,0.0,0.0,0.0,0.0,0.0,2.0,12.0,1.0,12.15,5.01,2.5,1.49,0.0,0.0,0.0,361.3,0.0,0.3,0.0,0.3,-169.60000000000002,0.0,0.0,169.70000000000002,0.0,21.700000000000003,28.9,28.9,30.9,300.0,300.0,31.8,35.800000000000004,28.8,28.0,29.9,4.95,1.99,4.96,0.16,0.0,0.0,1027.0,8228.0,0.0,0.0,0.0,0.0,0.0,1.0,0.0,0.0,0.0,0.0,0.0,0.3,0.0,-0.2,0.0,0.0,16.0,25903.0
2026-07-30T19:03:50.455Z,399.938,399.954,0.0,7.4,0.0,0.0,0.0,0.0,0.0,0.0,0.0,0.0,1.0,0.0,0.0,0.0,9.0,4.0,0.0,0.0,0.0,0.0,0.0,0.0,0.0,0.0,2.0,12.0,1.0,12.15,5.01,2.5,1.49,0.0,0.0,0.0,361.3,0.0,-0.2,-0.5,-0.7000000000000001,-169.60000000000002,0.0,0.0,169.70000000000002,0.0,21.700000000000003,28.9,28.9,30.9,300.0,300.0,31.8,35.800000000000004,28.8,28.0,29.9,4.95,1.99,4.97,0.16,0.0,0.0,1027.0,8228.0,0.0,0.0,0.0,0.0,0.0,1.0,0.0,0.0,0.0,0.0,0.0,-1.1,0.0,0.5,0.0,0.0,16.0,25903.0
2026-07-30T19:03:50.467Z,399.95,399.966,0.0,7.4,0.0,0.0,0.0,0.0,0.0,0.0,0.0,0.0,1.0,0.0,0.0,0.0,9.0,4.0,0.0,0.0,0.0,0.0,0.0,0.0,0.0,0.0,4.0,12.0,1.0,12.15,5.01,2.5,1.49,0.0,0.0,0.0,361.3,0.0,0.3,-0.5,0.4,-169.60000000000002,0.0,0.0,169.70000000000002,0.0,21.700000000000003,28.9,28.9,30.9,300.0,300.0,31.8,35.800000000000004,28.8,28.0,29.9,4.96,1.99,4.96,0.16,0.0,0.0,1027.0,8228.0,0.0,0.0,0.0,0.0,0.0,1.0,0.0,0.0,0.0,0.0,0.0,-0.2,0.0,-0.4,0.0,0.0,16.0,25903.0
2026-07-30T19:03:50.479Z,399.962,399.978,0.0,7.4,0.0,0.0,0.0,0.0,0.0,0.0,0.0,0.0,1.0,0.0,0.0,0.0,9.0,4.0,0.0,0.0,0.0,0.0,0.0,0.0,0.0,0.0,5.0,12.0,1.0,12.15,5.01,2.5,1.49,0.0,0.1,0.0,361.3,0.0,-0.8,0.6000000000000001,-0.7000000000000001,-169.60000000000002,0.0,0.0,169.70000000000002,0.0,21.700000000000003,28.9,28.9,30.9,300.0,300.0,31.8,35.800000000000004,28.8,28.0,29.9,4.96,1.99,4.97,0.16,0.0,0.0,1027.0,8228.0,0.0,0.0,0.0,0.0,0.0,1.0,0.0,0.0,0.0,0.0,0.0,0.1,0.0,0.7000000000000001,0.0,0.0,16.0,25903.0
2026-07-30T19:03:50.491Z,399.974,399.99,0.0,7.4,0.0,0.0,0.0,0.0,0.0,0.0,0.0,0.0,1.0,0.0,0.0,0.0,9.0,4.0,0.0,0.0,0.0,0.0,0.0,0.0,0.0,0.0,6.0,12.0,1.0,12.15,5.01,2.5,1.49,0.0,0.0,0.0,361.3,0.0,-0.2,-1.0,-0.7000000000000001,-169.60000000000002,0.0,0.0,169.60000000000002,0.0,21.700000000000003,28.9,28.9,30.9,300.0,300.0,31.8,35.800000000000004,28.8,28.0,29.9,4.95,1.99,4.97,0.16,0.0,0.0,1027.0,8228.0,0.0,0.0,0.0,0.0,0.0,1.0,0.0,0.0,0.0,0.0,0.0,-1.8,0.0,0.4,0.0,0.0,16.0,25903.0
2026-07-30T19:03:50.503Z,399.986,400.002,0.0,7.4,0.0,0.0,0.0,0.0,0.0,0.0,0.0,0.0,1.0,0.0,0.0,0.0,9.0,4.0,0.0,0.0,0.0,0.0,0.0,0.0,0.0,0.0,1.0,12.0,1.0,12.15,5.01,2.5,1.49,0.0,0.0,0.0,361.4,0.0,0.3,-1.0,-0.2,-169.60000000000002,0.0,0.0,169.8,0.0,21.700000000000003,28.9,28.9,30.9,300.0,300.0,31.8,35.800000000000004,28.8,28.0,29.9,4.96,1.99,4.96,0.16,0.0,0.0,1027.0,8228.0,0.0,0.0,0.0,0.0,0.0,1.0,0.0,0.0,0.0,0.0,0.0,-1.3,0.0,0.0,0.0,0.0,16.0,25903.0
2026-07-30T19:03:50.515Z,399.998,400.014,0.0,7.4,0.0,0.0,0.0,0.0,0.0,0.0,0.0,0.0,1.0,0.0,0.0,0.0,9.0,4.0,0.0,0.0,0.0,0.0,0.0,0.0,0.0,0.0,2.0,12.0,1.0,12.15,5.01,2.5,1.49,0.0,0.0,0.0,361.3,0.0,-0.2,-0.4,0.3,-169.60000000000002,0.0,0.0,169.8,0.0,21.700000000000003,28.9,28.9,30.9,300.0,300.0,31.8,35.800000000000004,28.8,28.0,29.9,4.95,2.0,4.97,0.16,0.0,0.0,1027.0,8228.0,0.0,0.0,0.0,0.0,0.0,1.0,0.0,0.0,0.0,0.0,0.0,-0.2,0.0,-0.3,0.0,0.0,16.0,25903.0
2026-07-30T19:03:50.529Z,400.012,400.026,0.0,7.4,0.0,0.0,0.0,0.0,0.0,0.0,0.0,0.0,1.0,0.0,0.0,0.0,9.0,4.0,0.0,0.0,0.0,0.0,0.0,0.0,0.0,0.0,3.0,12.0,1.0,12.17,5.0200000000000005,2.51,1.49,0.0,0.0,0.0,361.3,0.0,0.8,0.6000000000000001,0.9,-169.60000000000002,0.0,0.0,169.8,0.0,21.3,28.9,28.9,30.9,300.0,300.0,31.8,35.9,28.8,28.0,29.9,4.95,1.99,4.97,0.16,0.0,0.0,1027.0,8228.0,0.0,0.0,0.0,0.0,0.0,1.0,0.0,0.0,0.0,0.0,0.0,1.5,0.0,-0.7000000000000001,0.0,0.0,16.0,25903.0
2026-07-30T19:03:50.539Z,400.022,400.038,0.0,7.4,0.0,0.0,0.0,0.0,0.0,0.0,0.0,0.0,1.0,0.0,0.0,0.0,9.0,4.0,0.0,0.0,0.0,0.0,0.0,0.0,0.0,0.0,4.0,12.0,1.0,12.17,5.0200000000000005,2.51,1.49,0.0,0.0,0.0,361.3,0.0,-0.2,0.1,0.3,-169.60000000000002,0.0,0.0,169.70000000000002,0.0,21.3,28.9,28.9,30.9,300.0,300.0,31.8,35.9,28.8,28.0,29.9,4.95,1.99,4.97,0.16,0.0,0.0,1027.0,8228.0,0.0,0.0,0.0,0.0,0.0,1.0,0.0,0.0,0.0,0.0,0.0,0.3,0.0,-0.3,0.0,0.0,16.0,25903.0
2026-07-30T19:03:50.552Z,400.035,400.05,0.0,7.4,0.0,0.0,0.0,0.0,0.0,0.0,0.0,0.0,1.0,0.0,0.0,0.0,9.0,4.0,0.0,0.0,0.0,0.0,0.0,0.0,0.0,0.0,5.0,12.0,1.0,12.17,5.0200000000000005,2.51,1.49,0.0,0.0,0.0,361.4,0.0,-0.3,-0.4,-0.7000000000000001,-169.60000000000002,0.0,0.0,169.70000000000002,0.0,21.3,28.9,28.9,30.9,300.0,300.0,31.8,35.9,28.8,28.0,29.9,4.96,1.99,4.96,0.16,0.0,0.0,1027.0,8228.0,0.0,0.0,0.0,0.0,0.0,1.0,0.0,0.0,0.0,0.0,0.0,-1.1,0.0,0.5,0.0,0.0,16.0,25903.0
2026-07-30T19:03:50.564Z,400.047,400.062,0.0,7.4,0.0,0.0,0.0,0.0,0.0,0.0,0.0,0.0,1.0,0.0,0.0,0.0,9.0,4.0,0.0,0.0,0.0,0.0,0.0,0.0,0.0,0.0,6.0,12.0,1.0,12.17,5.0200000000000005,2.51,1.49,0.0,0.0,0.0,361.4,0.0,0.2,-1.1,0.3,-169.60000000000002,0.0,0.0,169.70000000000002,0.0,21.3,28.9,28.9,30.9,300.0,300.0,31.8,35.9,28.8,28.0,29.9,4.95,1.99,4.97,0.16,0.0,0.0,1027.0,8228.0,0.0,0.0,0.0,0.0,0.0,1.0,0.0,0.0,0.0,0.0,0.0,-1.0,0.0,-0.5,0.0,0.0,16.0,25903.0
2026-07-30T19:03:50.576Z,400.059,400.074,0.0,7.4,0.0,0.0,0.0,0.0,0.0,0.0,0.0,0.0,1.0,0.0,0.0,0.0,9.0,4.0,0.0,0.0,0.0,0.0,0.0,0.0,0.0,0.0,2.0,12.0,1.0,12.17,5.0200000000000005,2.51,1.49,0.0,0.0,0.0,361.3,0.0,-0.2,0.0,-1.4,-169.60000000000002,0.0,0.0,169.70000000000002,0.0,21.3,28.9,28.9,30.9,300.0,300.0,31.8,35.9,28.8,28.0,29.9,4.95,1.99,4.97,0.16,0.0,0.0,1027.0,8228.0,0.0,0.0,0.0,0.0,0.0,1.0,0.0,0.0,0.0,0.0,0.0,-1.0,0.0,1.2000000000000002,0.0,0.0,16.0,25903.0
2026-07-30T19:03:50.587Z,400.07,400.086,0.0,7.4,0.0,0.0,0.0,0.0,0.0,0.0,0.0,0.0,1.0,0.0,0.0,0.0,9.0,4.0,0.0,0.0,0.0,0.0,0.0,0.0,0.0,0.0,3.0,12.0,1.0,12.17,5.0200000000000005,2.51,1.49,0.0,0.0,0.0,361.4,0.0,0.2,-0.5,-0.2,-169.60000000000002,0.0,0.0,169.70000000000002,0.0,21.3,28.9,28.9,30.9,300.0,300.0,31.8,35.9,28.8,28.0,29.9,4.96,1.99,4.97,0.16,0.0,0.0,1027.0,8228.0,0.0,0.0,0.0,0.0,0.0,1.0,0.0,0.0,0.0,0.0,0.0,-0.8,0.0,0.1,0.0,0.0,16.0,25903.0
2026-07-30T19:03:50.599Z,400.082,400.098,0.0,7.4,0.0,0.0,0.0,0.0,0.0,0.0,0.0,0.0,1.0,0.0,0.0,0.0,9.0,4.0,0.0,0.0,0.0,0.0,0.0,0.0,0.0,0.0,4.0,12.0,1.0,12.17,5.0200000000000005,2.51,1.49,0.0,0.0,0.0,361.4,0.0,-0.8,0.6000000000000001,-0.2,-169.60000000000002,0.0,0.0,169.60000000000002,0.0,21.3,28.9,28.9,30.9,300.0,300.0,31.8,35.9,28.8,28.0,29.9,4.95,1.99,4.96,0.16,0.0,0.0,1027.0,8228.0,0.0,0.0,0.0,0.0,0.0,1.0,0.0,0.0,0.0,0.0,0.0,0.5,0.0,0.3,0.0,0.0,16.0,25903.0
2026-07-30T19:03:50.611Z,400.094,400.11,0.0,7.4,0.0,0.0,0.0,0.0,0.0,0.0,0.0,0.0,1.0,0.0,0.0,0.0,9.0,4.0,0.0,0.0,0.0,0.0,0.0,0.0,0.0,0.0,5.0,12.0,1.0,12.17,5.0200000000000005,2.51,1.49,0.0,0.0,0.0,361.4,0.0,-0.8,0.1,-0.8,-169.60000000000002,0.0,0.0,169.70000000000002,0.0,21.3,28.9,28.9,30.9,300.0,300.0,31.8,35.9,28.8,28.0,29.9,4.95,1.99,4.97,0.16,0.0,0.0,1027.0,8228.0,0.0,0.0,0.0,0.0,0.0,1.0,0.0,0.0,0.0,0.0,0.0,-0.4,0.0,0.7000000000000001,0.0,0.0,16.0,25903.0
2026-07-30T19:03:50.623Z,400.106,400.122,0.0,7.4,0.0,0.0,0.0,0.0,0.0,0.0,0.0,0.0,1.0,0.0,0.0,0.0,9.0,4.0,0.0,0.0,0.0,0.0,0.0,0.0,0.0,0.0,6.0,12.0,1.0,12.17,5.0200000000000005,2.51,1.49,-0.1,0.0,0.0,361.4,0.0,-1.4,0.0,0.3,-169.60000000000002,0.0,0.0,169.70000000000002,0.0,21.3,28.9,28.9,30.9,300.0,300.0,31.8,35.9,28.8,28.0,29.9,4.95,1.99,4.96,0.16,0.0,0.0,1027.0,8228.0,0.0,0.0,0.0,0.0,0.0,1.0,0.0,0.0,0.0,0.0,0.0,0.3,0.0,-0.2,0.0,0.0,16.0,25903.0
2026-07-30T19:03:50.636Z,400.119,400.134,0.0,7.4,0.0,0.0,0.0,0.0,0.0,0.0,0.0,0.0,1.0,0.0,0.0,0.0,9.0,4.0,0.0,0.0,0.0,0.0,0.0,0.0,0.0,0.0,1.0,12.0,1.0,12.15,5.01,2.5,1.49,-0.1,0.1,0.0,361.4,0.0,0.3,0.6000000000000001,0.9,-169.60000000000002,0.0,0.0,169.70000000000002,0.0,21.700000000000003,28.9,28.9,30.9,300.0,300.0,31.8,35.9,28.8,28.0,29.9,4.96,1.99,4.96,0.16,0.0,0.0,1027.0,8228.0,0.0,0.0,0.0,0.0,0.0,1.0,0.0,0.0,0.0,0.0,0.0,1.4,0.0,-0.6000000000000001,0.0,0.0,16.0,25903.0
2026-07-30T19:03:50.648Z,400.131,400.146,0.0,7.4,0.0,0.0,0.0,0.0,0.0,0.0,0.0,0.0,1.0,0.0,0.0,0.0,9.0,4.0,0.0,0.0,0.0,0.0,0.0,0.0,0.0,0.0,2.0,12.0,1.0,12.15,5.01,2.5,1.49,0.0,0.0,0.0,361.4,0.0,-0.2,-0.5,-0.2,-169.60000000000002,0.0,0.0,169.8,0.0,21.700000000000003,28.9,28.9,30.9,300.0,300.0,31.8,35.9,28.8,28.0,29.9,4.95,1.99,4.97,0.16,0.0,0.0,1027.0,8228.0,0.0,0.0,0.0,0.0,0.0,1.0,0.0,0.0,0.0,0.0,0.0,-0.7000000000000001,0.0,0.0,0.0,0.0,16.0,25903.0
2026-07-30T19:03:50.659Z,400.142,400.158,0.0,7.4,0.0,0.0,0.0,0.0,0.0,0.0,0.0,0.0,1.0,0.0,0.0,0.0,9.0,4.0,0.0,0.0,0.0,0.0,0.0,0.0,0.0,0.0,3.0,12.0,1.0,12.15,5.01,2.5,1.49,0.0,0.0,0.0,361.4,0.0,0.3,0.6000000000000001,0.3,-169.70000000000002,0.0,0.0,169.8,0.0,21.700000000000003,28.9,28.9,30.9,300.0,300.0,31.8,35.9,28.8,28.0,29.9,4.96,1.99,4.97,0.16,0.0,0.0,1027.0,8228.0,0.0,0.0,0.0,0.0,0.0,1.0,0.0,0.0,0.0,0.0,0.0,1.0,0.0,-0.2,0.0,0.0,16.0,25903.0
2026-07-30T19:03:50.672Z,400.155,400.17,0.0,7.4,0.0,0.0,0.0,0.0,0.0,0.0,0.0,0.0,1.0,0.0,0.0,0.0,9.0,4.0,0.0,0.0,0.0,0.0,0.0,0.0,0.0,0.0,4.0,12.0,1.0,12.15,5.01,2.5,1.49,0.0,0.0,0.0,361.4,0.0,-0.2,-0.5,-1.3,-169.70000000000002,0.0,0.0,169.8,0.0,21.700000000000003,28.9,28.9,30.9,300.0,300.0,31.8,35.9,28.8,28.0,29.9,4.96,1.99,4.96,0.16,0.0,0.0,1027.0,8228.0,0.0,0.0,0.0,0.0,0.0,1.0,0.0,0.0,0.0,0.0,0.0,-1.6,0.0,1.0,0.0,0.0,16.0,25903.0
2026-07-30T19:03:50.683Z,400.166,400.182,0.0,7.4,0.0,0.0,0.0,0.0,0.0,0.0,0.0,0.0,1.0,0.0,0.0,0.0,9.0,4.0,0.0,0.0,0.0,0.0,0.0,0.0,0.0,0.0,6.0,12.0,1.0,12.15,5.01,2.5,1.49,0.0,0.0,0.0,361.4,0.0,-0.8,-0.5,-1.3,-169.70000000000002,0.0,0.0,169.8,0.0,21.700000000000003,28.9,28.9,30.9,300.0,300.0,31.8,35.9,28.8,28.0,29.9,4.96,1.99,4.96,0.16,0.0,0.0,1027.0,8228.0,0.0,0.0,0.0,0.0,0.0,1.0,0.0,0.0,0.0,0.0,0.0,-1.6,0.0,1.0,0.0,0.0,16.0,25903.0
2026-07-30T19:03:50.695Z,400.178,400.194,0.0,7.4,0.0,0.0,0.0,0.0,0.0,0.0,0.0,0.0,1.0,0.0,0.0,0.0,9.0,4.0,0.0,0.0,0.0,0.0,0.0,0.0,0.0,0.0,1.0,12.0,1.0,12.15,5.01,2.5,1.49,0.0,0.0,0.0,361.4,0.0,-0.8,0.0,-1.3,-169.70000000000002,0.0,0.0,169.8,0.0,21.700000000000003,28.9,28.9,30.9,300.0,300.0,31.8,35.9,28.8,28.0,29.9,4.96,1.99,4.97,0.16,0.0,0.0,1027.0,8228.0,0.0,0.0,0.0,0.0,0.0,1.0,0.0,0.0,0.0,0.0,0.0,-0.9,0.0,1.2000000000000002,0.0,0.0,16.0,25903.0
2026-07-30T19:03:50.708Z,400.191,400.206,0.0,7.4,0.0,0.0,0.0,0.0,0.0,0.0,0.0,0.0,1.0,0.0,0.0,0.0,9.0,4.0,0.0,0.0,0.0,0.0,0.0,0.0,0.0,0.0,2.0,12.0,1.0,12.15,5.01,2.5,1.49,0.0,0.0,0.0,361.4,0.0,0.2,-0.5,0.3,-169.70000000000002,0.0,0.0,169.8,0.0,21.700000000000003,28.9,28.9,30.9,300.0,300.0,31.8,35.9,28.8,28.0,29.9,4.96,2.0,4.96,0.16,0.0,0.0,1027.0,8228.0,0.0,0.0,0.0,0.0,0.0,1.0,0.0,0.0,0.0,0.0,0.0,-0.3,0.0,-0.4,0.0,0.0,16.0,25903.0
2026-07-30T19:03:50.720Z,400.203,400.218,0.0,7.4,0.0,0.0,0.0,0.0,0.0,0.0,0.0,0.0,1.0,0.0,0.0,0.0,9.0,4.0,0.0,0.0,0.0,0.0,0.0,0.0,0.0,0.0,3.0,12.0,1.0,12.15,5.01,2.5,1.49,0.0,0.0,0.0,361.3,0.0,-0.2,0.6000000000000001,0.3,-169.70000000000002,0.0,0.0,169.70000000000002,0.0,21.700000000000003,28.9,28.9,30.9,300.0,300.0,31.8,35.9,28.8,28.0,29.9,4.96,1.99,4.97,0.16,0.0,0.0,1027.0,8228.0,0.0,0.0,0.0,0.0,0.0,1.0,0.0,0.0,0.0,0.0,0.0,0.9,0.0,-0.1,0.0,0.0,16.0,25903.0
2026-07-30T19:03:50.733Z,400.216,400.23,0.0,7.4,0.0,0.0,0.0,0.0,0.0,0.0,0.0,0.0,1.0,0.0,0.0,0.0,9.0,4.0,0.0,0.0,0.0,0.0,0.0,0.0,0.0,0.0,5.0,12.0,1.0,12.18,5.0200000000000005,2.51,1.5,0.0,0.0,0.0,361.4,0.0,0.8,0.0,-0.2,-169.70000000000002,0.0,0.0,169.70000000000002,0.0,21.3,28.9,28.9,30.9,300.0,300.0,31.8,35.800000000000004,28.8,28.1,29.9,4.95,1.99,4.97,0.16,0.0,0.0,1027.0,8228.0,0.0,0.0,0.0,0.0,0.0,1.0,0.0,0.0,0.0,0.0,0.0,-0.1,0.0,0.1,0.0,0.0,16.0,25903.0
2026-07-30T19:03:50.743Z,400.226,400.242,0.0,7.4,0.0,0.0,0.0,0.0,0.0,0.0,0.0,0.0,1.0,0.0,0.0,0.0,9.0,4.0,0.0,0.0,0.0,0.0,0.0,0.0,0.0,0.0,6.0,12.0,1.0,12.18,5.0200000000000005,2.51,1.5,0.0,0.0,0.0,361.3,0.0,-0.2,-1.1,-0.2,-169.70000000000002,0.0,0.0,169.60000000000002,0.0,21.3,28.9,28.9,30.9,300.0,300.0,31.8,35.800000000000004,28.8,28.1,29.9,4.96,1.99,4.97,0.16,0.0,0.0,1027.0,8228.0,0.0,0.0,0.0,0.0,0.0,1.0,0.0,0.0,0.0,0.0,0.0,-1.4,0.0,0.0,0.0,0.0,16.0,25903.0
2026-07-30T19:03:50.755Z,400.238,400.254,0.0,7.4,0.0,0.0,0.0,0.0,0.0,0.0,0.0,0.0,1.0,0.0,0.0,0.0,9.0,4.0,0.0,0.0,0.0,0.0,0.0,0.0,0.0,0.0,1.0,12.0,1.0,12.18,5.0200000000000005,2.51,1.5,0.0,0.0,0.0,361.3,0.0,0.9,0.0,-0.2,-169.70000000000002,0.0,0.0,169.8,0.0,21.3,28.9,28.9,30.9,300.0,300.0,31.8,35.800000000000004,28.8,28.1,29.9,4.95,1.99,4.96,0.16,0.0,0.0,1027.0,8228.0,0.0,0.0,0.0,0.0,0.0,1.0,0.0,0.0,0.0,0.0,0.0,-0.1,0.0,0.2,0.0,0.0,16.0,25903.0
2026-07-30T19:03:50.768Z,400.251,400.266,0.0,7.4,0.0,0.0,0.0,0.0,0.0,0.0,0.0,0.0,1.0,0.0,0.0,0.0,9.0,4.0,0.0,0.0,0.0,0.0,0.0,0.0,0.0,0.0,2.0,12.0,1.0,12.18,5.0200000000000005,2.51,1.5,0.0,0.0,0.0,361.4,0.0,0.8,0.0,2.1,-169.70000000000002,0.0,0.0,169.70000000000002,0.0,21.3,28.9,28.9,30.9,300.0,300.0,31.8,35.800000000000004,28.8,28.1,29.9,4.95,2.0,4.97,0.16,0.0,0.0,1027.0,8228.0,0.0,0.0,0.0,0.0,0.0,1.0,0.0,0.0,0.0,0.0,0.0,1.6,0.0,-1.8,0.0,0.0,16.0,25903.0
2026-07-30T19:03:50.779Z,400.262,400.278,0.0,7.4,0.0,0.0,0.0,0.0,0.0,0.0,0.0,0.0,1.0,0.0,0.0,0.0,9.0,4.0,0.0,0.0,0.0,0.0,0.0,0.0,0.0,0.0,4.0,12.0,1.0,12.18,5.0200000000000005,2.51,1.5,0.0,0.0,0.0,361.3,0.0,0.3,1.8,0.3,-169.70000000000002,0.0,0.0,169.8,0.0,21.3,28.9,28.9,30.9,300.0,300.0,31.8,35.800000000000004,28.8,28.1,29.9,4.96,2.0,4.97,0.16,0.0,0.0,1027.0,8228.0,0.0,0.0,0.0,0.0,0.0,1.0,0.0,0.0,0.0,0.0,0.0,2.3000000000000003,0.0,0.0,0.0,0.0,16.0,25903.0
2026-07-30T19:03:50.791Z,400.274,400.29,0.0,7.4,0.0,0.0,0.0,0.0,0.0,0.0,0.0,0.0,1.0,0.0,0.0,0.0,9.0,4.0,0.0,0.0,0.0,0.0,0.0,0.0,0.0,0.0,5.0,12.0,1.0,12.18,5.0200000000000005,2.51,1.5,0.0,0.0,0.0,361.3,0.0,-0.2,0.0,1.0,-169.70000000000002,0.0,0.0,169.70000000000002,0.0,21.3,28.9,28.9,30.9,300.0,300.0,31.8,35.800000000000004,28.8,28.1,29.9,4.96,2.0,4.96,0.16,0.0,0.0,1027.0,8228.0,0.0,0.0,0.0,0.0,0.0,1.0,0.0,0.0,0.0,0.0,0.0,0.8,0.0,-0.8,0.0,0.0,16.0,25903.0
2026-07-30T19:03:50.804Z,400.287,400.302,0.0,7.4,0.0,0.0,0.0,0.0,0.0,0.0,0.0,0.0,1.0,0.0,0.0,0.0,9.0,4.0,0.0,0.0,0.0,0.0,0.0,0.0,0.0,0.0,6.0,12.0,1.0,12.18,5.0200000000000005,2.51,1.5,0.0,0.0,0.0,361.3,0.0,-0.8,-1.1,0.4,-169.70000000000002,0.0,0.0,169.8,0.0,21.3,28.9,28.9,30.9,300.0,300.0,31.8,35.800000000000004,28.8,28.1,29.9,4.95,2.0,4.97,0.16,0.0,0.0,1027.0,8228.0,0.0,0.0,0.0,0.0,0.0,1.0,0.0,0.0,0.0,0.0,0.0,-0.9,0.0,-0.5,0.0,0.0,16.0,25903.0
2026-07-30T19:03:50.815Z,400.298,400.314,0.0,7.4,0.0,0.0,0.0,0.0,0.0,0.0,0.0,0.0,1.0,0.0,0.0,0.0,9.0,4.0,0.0,0.0,0.0,0.0,0.0,0.0,0.0,0.0,1.0,12.0,1.0,12.18,5.0200000000000005,2.51,1.5,0.0,0.0,0.0,361.4,0.0,-0.2,0.6000000000000001,-1.3,-169.70000000000002,0.0,0.0,169.70000000000002,0.0,21.3,28.9,28.9,30.9,300.0,300.0,31.8,35.800000000000004,28.8,28.1,29.9,4.95,1.99,4.96,0.17,0.0,0.0,1027.0,8228.0,0.0,0.0,0.0,0.0,0.0,1.0,0.0,0.0,0.0,0.0,0.0,-0.2,0.0,1.3,0.0,0.0,16.0,25903.0
2026-07-30T19:03:50.827Z,400.31,400.326,0.0,7.4,0.0,0.0,0.0,0.0,0.0,0.0,0.0,0.0,1.0,0.0,0.0,0.0,9.0,4.0,0.0,0.0,0.0,0.0,0.0,0.0,0.0,0.0,1.0,12.0,1.0,12.18,5.0200000000000005,2.51,1.5,0.0,0.0,0.0,361.3,0.0,0.9,1.2000000000000002,0.3,-169.70000000000002,0.0,0.0,169.60000000000002,0.0,21.3,28.9,28.9,30.9,300.0,300.0,31.8,35.800000000000004,28.8,28.1,29.9,4.96,1.99,4.96,0.16,0.0,0.0,1027.0,8228.0,0.0,0.0,0.0,0.0,0.0,1.0,0.0,0.0,0.0,0.0,0.0,1.6,0.0,0.0,0.0,0.0,16.0,25903.0
2026-07-30T19:03:50.839Z,400.322,400.338,0.0,7.4,0.0,0.0,0.0,0.0,0.0,0.0,0.0,0.0,1.0,0.0,0.0,0.0,9.0,4.0,0.0,0.0,0.0,0.0,0.0,0.0,0.0,0.0,2.0,12.0,1.0,12.17,5.01,2.5,1.49,0.0,0.0,0.0,361.2000000000001,0.0,-0.2,0.6000000000000001,-0.2,-169.70000000000002,0.0,0.0,169.8,0.0,21.700000000000003,28.9,28.9,30.9,300.0,300.0,31.9,35.9,28.8,28.1,29.9,4.95,1.99,4.96,0.16,0.0,0.0,1027.0,8228.0,0.0,0.0,0.0,0.0,0.0,1.0,0.0,0.0,0.0,0.0,0.0,0.6000000000000001,0.0,0.3,0.0,0.0,16.0,25903.0
2026-07-30T19:03:50.852Z,400.335,400.35,0.0,7.4,0.0,0.0,0.0,0.0,0.0,0.0,0.0,0.0,1.0,0.0,0.0,0.0,9.0,4.0,0.0,0.0,0.0,0.0,0.0,0.0,0.0,0.0,3.0,12.0,1.0,12.17,5.01,2.5,1.49,0.0,0.0,0.0,361.3,0.0,0.3,-0.4,-0.1,-169.70000000000002,0.0,0.0,169.8,0.0,21.700000000000003,28.9,28.9,30.9,300.0,300.0,31.9,35.9,28.8,28.1,29.9,4.95,1.99,4.97,0.16,0.0,0.0,1027.0,8228.0,0.0,0.0,0.0,0.0,0.0,1.0,0.0,0.0,0.0,0.0,0.0,-0.6000000000000001,0.0,0.0,0.0,0.0,16.0,25903.0
2026-07-30T19:03:50.864Z,400.347,400.362,0.0,7.4,0.0,0.0,0.0,0.0,0.0,0.0,0.0,0.0,1.0,0.0,0.0,0.0,9.0,4.0,0.0,0.0,0.0,0.0,0.0,0.0,0.0,0.0,4.0,12.0,1.0,12.17,5.01,2.5,1.49,0.0,0.0,0.0,361.3,0.0,-0.2,0.0,0.9,-169.70000000000002,0.0,0.0,169.70000000000002,0.0,21.700000000000003,28.9,28.9,30.9,300.0,300.0,31.9,35.9,28.8,28.1,29.9,4.95,2.0,4.98,0.16,0.0,0.0,1027.0,8228.0,0.0,0.0,0.0,0.0,0.0,1.0,0.0,0.0,0.0,0.0,0.0,0.8,0.0,-0.8,0.0,0.0,16.0,25903.0
2026-07-30T19:03:50.876Z,400.359,400.374,0.0,7.4,0.0,0.0,0.0,0.0,0.0,0.0,0.0,0.0,1.0,0.0,0.0,0.0,9.0,4.0,0.0,0.0,0.0,0.0,0.0,0.0,0.0,0.0,5.0,12.0,1.0,12.17,5.01,2.5,1.49,0.0,0.0,0.0,361.3,0.0,0.3,1.8,-0.2,-169.70000000000002,0.0,0.0,169.8,0.0,21.700000000000003,28.9,28.9,30.9,300.0,300.0,31.9,35.9,28.8,28.1,29.9,4.96,1.99,4.98,0.16,0.0,0.0,1027.0,8228.0,0.0,0.0,0.0,0.0,0.0,1.0,0.0,0.0,0.0,0.0,0.0,1.9,0.0,0.5,0.0,0.0,16.0,25903.0
2026-07-30T19:03:50.888Z,400.371,400.386,0.0,7.4,0.0,0.0,0.0,0.0,0.0,0.0,0.0,0.0,1.0,0.0,0.0,0.0,9.0,4.0,0.0,0.0,0.0,0.0,0.0,0.0,0.0,0.0,6.0,12.0,1.0,12.17,5.01,2.5,1.49,0.0,0.0,0.0,361.3,0.0,-0.8,-1.6,-1.9,-169.70000000000002,0.0,0.0,169.8,0.0,21.700000000000003,28.9,28.9,30.9,300.0,300.0,31.9,35.9,28.8,28.1,29.9,4.95,1.99,4.97,0.16,0.0,0.0,1027.0,8228.0,0.0,0.0,0.0,0.0,0.0,1.0,0.0,0.0,0.0,0.0,0.0,-1.3,0.0,0.0,0.0,0.0,16.0,25903.0
2026-07-30T19:03:50.899Z,400.382,400.398,0.0,7.4,0.0,0.0,0.0,0.0,0.0,0.0,0.0,0.0,1.0,0.0,0.0,0.0,9.0,4.0,0.0,0.0,0.0,0.0,0.0,0.0,0.0,0.0,1.0,12.0,1.0,12.17,5.01,2.5,1.49,0.0,0.0,0.0,361.3,0.0,-0.3,-0.5,2.0,-169.70000000000002,0.0,0.0,169.70000000000002,0.0,21.700000000000003,28.9,28.9,30.9,300.0,300.0,31.9,35.9,28.8,28.1,29.9,4.96,1.99,4.96,0.16,0.0,0.0,1027.0,8228.0,0.0,0.0,0.0,0.0,0.0,1.0,0.0,0.0,0.0,0.0,0.0,-0.7000000000000001,0.0,0.1,0.0,0.0,16.0,25903.0
2026-07-30T19:03:50.911Z,400.394,400.41,0.0,7.4,0.0,0.0,0.0,0.0,0.0,0.0,0.0,0.0,1.0,0.0,0.0,0.0,9.0,4.0,0.0,0.0,0.0,0.0,0.0,0.0,0.0,0.0,3.0,12.0,1.0,12.17,5.01,2.5,1.49,0.0,0.0,0.0,361.4,0.0,0.8,0.6000000000000001,0.3,-169.70000000000002,0.0,0.0,169.8,0.0,21.700000000000003,28.9,28.9,30.9,300.0,300.0,31.9,35.9,28.8,28.1,29.9,4.96,2.0,4.97,0.16,0.0,0.0,1027.0,8228.0,0.0,0.0,0.0,0.0,0.0,1.0,0.0,0.0,0.0,0.0,0.0,-0.1,0.0,0.2,0.0,0.0,16.0,25903.0
2026-07-30T19:03:50.924Z,400.407,400.422,0.0,7.4,0.0,0.0,0.0,0.0,0.0,0.0,0.0,0.0,1.0,0.0,0.0,0.0,9.0,4.0,0.0,0.0,0.0,0.0,0.0,0.0,0.0,0.0,4.0,12.0,1.0,12.17,5.01,2.5,1.49,0.0,0.0,0.0,361.3,0.0,-0.3,-0.5,0.3,-169.70000000000002,0.0,0.0,169.8,0.0,21.700000000000003,28.9,28.9,30.9,300.0,300.0,31.9,35.9,28.8,28.1,29.9,4.96,1.99,4.97,0.16,0.0,0.0,1027.0,8228.0,0.0,0.0,0.0,0.0,0.0,1.0,0.0,0.0,0.0,0.0,0.0,-0.5,0.0,0.7000000000000001,0.0,0.0,16.0,25903.0
2026-07-30T19:03:50.936Z,400.419,400.434,0.0,7.4,0.0,0.0,0.0,0.0,0.0,0.0,0.0,0.0,1.0,0.0,0.0,0.0,9.0,4.0,0.0,0.0,0.0,0.0,0.0,0.0,0.0,0.0,4.0,12.0,1.0,12.17,5.0200000000000005,2.51,1.49,0.0,0.0,0.0,361.3,0.0,0.1,0.0,0.8,-169.70000000000002,0.0,0.0,169.8,0.0,21.3,28.9,28.9,30.9,300.0,300.0,31.700000000000003,35.9,28.9,28.1,29.9,4.95,1.99,4.97,0.16,0.0,0.0,1027.0,8228.0,0.0,0.0,0.0,0.0,0.0,1.0,0.0,0.0,0.0,0.0,0.0,0.7000000000000001,0.0,-0.7000000000000001,0.0,0.0,16.0,25903.0
2026-07-30T19:03:50.948Z,400.431,400.446,0.0,7.4,0.0,0.0,0.0,0.0,0.0,0.0,0.0,0.0,1.0,0.0,0.0,0.0,9.0,4.0,0.0,0.0,0.0,0.0,0.0,0.0,0.0,0.0,5.0,12.0,1.0,12.17,5.0200000000000005,2.51,1.49,0.0,0.0,0.0,361.3,0.0,-0.9,0.0,-0.3,-169.70000000000002,0.0,0.0,169.8,0.0,21.3,28.9,28.9,30.9,300.0,300.0,31.700000000000003,35.9,28.9,28.1,29.9,4.96,2.0,4.96,0.16,0.0,0.0,1027.0,8228.0,0.0,0.0,0.0,0.0,0.0,1.0,0.0,0.0,0.0,0.0,0.0,-0.1,0.0,0.2,0.0,0.0,16.0,25903.0
2026-07-30T19:03:50.959Z,400.442,400.458,0.0,7.4,0.0,0.0,0.0,0.0,0.0,0.0,0.0,0.0,1.0,0.0,0.0,0.0,9.0,4.0,0.0,0.0,0.0,0.0,0.0,0.0,0.0,0.0,1.0,12.0,1.0,12.17,5.0200000000000005,2.51,1.49,0.0,0.0,0.0,361.4,0.0,0.1,1.8,0.8,-169.70000000000002,0.0,0.0,169.8,0.0,21.3,28.9,28.9,30.9,300.0,300.0,31.700000000000003,35.9,28.9,28.1,29.9,4.96,1.99,4.97,0.16,0.0,0.0,1027.0,8228.0,0.0,0.0,0.0,0.0,0.0,1.0,0.0,0.0,0.0,0.0,0.0,2.7,0.0,-0.4,0.0,0.0,16.0,25903.0
2026-07-30T19:03:50.971Z,400.454,400.47,0.0,7.4,0.0,0.0,0.0,0.0,0.0,0.0,0.0,0.0,1.0,0.0,0.0,0.0,9.0,4.0,0.0,0.0,0.0,0.0,0.0,0.0,0.0,0.0,2.0,12.0,1.0,12.17,5.0200000000000005,2.51,1.49,0.0,0.0,0.0,361.4,0.0,-0.3,1.2000000000000002,0.2,-169.70000000000002,0.0,0.0,169.70000000000002,0.0,21.3,28.9,28.9,30.9,300.0,300.0,31.700000000000003,35.9,28.9,28.1,29.9,4.95,1.99,4.97,0.16,0.0,0.0,1027.0,8228.0,0.0,0.0,0.0,0.0,0.0,1.0,0.0,0.0,0.0,0.0,0.0,1.6,0.0,0.0,0.0,0.0,16.0,25903.0
2026-07-30T19:03:50.983Z,400.466,400.482,0.0,7.4,0.0,0.0,0.0,0.0,0.0,0.0,0.0,0.0,1.0,0.0,0.0,0.0,9.0,4.0,0.0,0.0,0.0,0.0,0.0,0.0,0.0,0.0,3.0,12.0,1.0,12.17,5.0200000000000005,2.51,1.49,0.0,0.0,0.0,361.3,0.0,0.1,0.6000000000000001,1.3,-169.70000000000002,0.0,0.0,169.8,0.0,21.3,28.9,28.9,30.9,300.0,300.0,31.700000000000003,35.9,28.9,28.1,29.9,4.96,1.99,4.96,0.16,0.0,0.0,1027.0,8228.0,0.0,0.0,0.0,0.0,0.0,1.0,0.0,0.0,0.0,0.0,0.0,1.7000000000000002,0.0,-1.1,0.0,0.0,16.0,25903.0
2026-07-30T19:03:50.995Z,400.478,400.494,0.0,7.4,0.0,0.0,0.0,0.0,0.0,0.0,0.0,0.0,1.0,0.0,0.0,0.0,9.0,4.0,0.0,0.0,0.0,0.0,0.0,0.0,0.0,0.0,4.0,12.0,1.0,12.17,5.0200000000000005,2.51,1.49,0.0,0.0,0.0,361.4,0.0,1.4,-0.5,1.9,-169.70000000000002,0.0,0.0,169.8,0.0,21.3,28.9,28.9,30.9,300.0,300.0,31.700000000000003,35.9,28.9,28.1,29.9,4.95,1.99,4.96,0.16,0.0,0.0,1027.0,8228.0,0.0,0.0,0.0,0.0,0.0,1.0,0.0,0.0,0.0,0.0,0.0,0.8,0.0,-1.8,0.0,0.0,16.0,25903.0
2026-07-30T19:03:51.008Z,400.491,400.506,0.0,7.4,0.0,0.0,0.0,0.0,0.0,0.0,0.0,0.0,1.0,0.0,0.0,0.0,9.0,4.0,0.0,0.0,0.0,0.0,0.0,0.0,0.0,0.0,5.0,12.0,1.0,12.17,5.0200000000000005,2.51,1.49,0.0,0.1,0.0,361.4,0.0,0.8,1.1,-0.3,-169.70000000000002,0.0,0.0,169.8,0.0,21.3,28.9,28.9,30.9,300.0,300.0,31.700000000000003,35.9,28.9,28.1,29.9,4.95,1.99,4.97,0.17,0.0,0.0,1027.0,8228.0,0.0,0.0,0.0,0.0,0.0,1.0,0.0,0.0,0.0,0.0,0.0,1.0,0.0,0.5,0.0,0.0,16.0,25903.0
2026-07-30T19:03:51.020Z,400.503,400.518,0.0,7.4,0.0,0.0,0.0,0.0,0.0,0.0,0.0,0.0,1.0,0.0,0.0,0.0,9.0,4.0,0.0,0.0,0.0,0.0,0.0,0.0,0.0,0.0,6.0,12.0,1.0,12.17,5.0200000000000005,2.51,1.49,0.0,0.0,0.0,361.4,0.0,-0.3,-0.5,-0.3,-169.70000000000002,0.0,0.0,169.8,0.0,21.3,28.9,28.9,30.9,300.0,300.0,31.700000000000003,35.9,28.9,28.1,29.9,4.96,1.99,4.97,0.16,0.0,0.0,1027.0,8228.0,0.0,0.0,0.0,0.0,0.0,1.0,0.0,0.0,0.0,0.0,0.0,-0.8,0.0,0.1,0.0,0.0,16.0,25903.0
2026-07-30T19:03:51.032Z,400.515,400.53,0.0,7.4,0.0,0.0,0.0,0.0,0.0,0.0,0.0,0.0,1.0,0.0,0.0,0.0,9.0,4.0,0.0,0.0,0.0,0.0,0.0,0.0,0.0,0.0,1.0,12.0,1.0,12.17,5.0200000000000005,2.51,1.49,0.0,0.0,0.0,361.3,0.0,-0.3,-0.5,-0.2,-169.70000000000002,0.0,0.0,169.8,0.0,21.3,28.9,28.9,30.9,300.0,300.0,31.700000000000003,35.9,28.9,28.1,29.9,4.96,1.99,4.96,0.16,0.0,0.0,1027.0,8228.0,0.0,0.0,0.0,0.0,0.0,1.0,0.0,0.0,0.0,0.0,0.0,-0.7000000000000001,0.0,0.1,0.0,0.0,16.0,25903.0
2026-07-30T19:03:51.043Z,400.526,400.542,0.0,7.4,0.0,0.0,0.0,0.0,0.0,0.0,0.0,0.0,1.0,0.0,0.0,0.0,9.0,4.0,0.0,0.0,0.0,0.0,0.0,0.0,0.0,0.0,3.0,12.0,1.0,12.19,5.01,2.51,1.49,0.0,0.0,0.0,361.3,0.0,0.2,-0.5,-0.3,-169.70000000000002,0.0,0.0,169.8,0.0,21.4,28.9,28.9,30.9,300.0,300.0,31.6,35.9,28.9,28.1,29.9,4.95,1.99,4.97,0.16,0.0,0.0,1027.0,8228.0,0.0,0.0,0.0,0.0,0.0,1.0,0.0,0.0,0.0,0.0,0.0,-0.8,0.0,0.1,0.0,0.0,16.0,25903.0
2026-07-30T19:03:51.055Z,400.538,400.554,0.0,7.4,0.0,0.0,0.0,0.0,0.0,0.0,0.0,0.0,1.0,0.0,0.0,0.0,9.0,4.0,0.0,0.0,0.0,0.0,0.0,0.0,0.0,0.0,4.0,12.0,1.0,12.19,5.01,2.51,1.49,0.0,0.0,0.0,361.3,0.0,-0.9,0.6000000000000001,-0.3,-169.70000000000002,0.0,0.0,169.8,0.0,21.4,28.9,28.9,30.9,300.0,300.0,31.6,35.9,28.9,28.1,29.9,4.95,1.99,4.96,0.16,0.0,0.0,1027.0,8228.0,0.0,0.0,0.0,0.0,0.0,1.0,0.0,0.0,0.0,0.0,0.0,0.5,0.0,0.4,0.0,0.0,16.0,25903.0
2026-07-30T19:03:51.067Z,400.55,400.566,0.0,7.4,0.0,0.0,0.0,0.0,0.0,0.0,0.0,0.0,1.0,0.0,0.0,0.0,9.0,4.0,0.0,0.0,0.0,0.0,0.0,0.0,0.0,0.0,5.0,12.0,1.0,12.19,5.01,2.51,1.49,0.0,0.0,0.0,361.3,0.0,-0.2,1.2000000000000002,0.3,-169.70000000000002,0.0,0.0,169.8,0.0,21.4,28.9,28.9,30.9,300.0,300.0,31.6,35.9,28.9,28.1,29.9,4.95,1.99,4.96,0.16,0.0,0.0,1027.0,8228.0,0.0,0.0,0.0,0.0,0.0,1.0,0.0,0.0,0.0,0.0,0.0,1.7000000000000002,0.0,0.0,0.0,0.0,16.0,25903.0
2026-07-30T19:03:51.079Z,400.562,400.578,0.0,7.4,0.0,0.0,0.0,0.0,0.0,0.0,0.0,0.0,1.0,0.0,0.0,0.0,9.0,4.0,0.0,0.0,0.0,0.0,0.0,0.0,0.0,0.0,6.0,12.0,1.0,12.19,5.01,2.51,1.49,0.0,0.1,0.0,361.4,0.0,-0.3,-0.4,0.2,-169.70000000000002,0.0,0.0,169.8,0.0,21.4,28.9,28.9,30.9,300.0,300.0,31.6,35.9,28.9,28.1,29.9,4.95,1.99,4.96,0.16,0.0,0.0,1027.0,8228.0,0.0,0.0,0.0,0.0,0.0,1.0,0.0,0.0,0.0,0.0,0.0,-0.2,0.0,-0.3,0.0,0.0,16.0,25903.0
2026-07-30T19:03:51.092Z,400.575,400.59,0.0,7.4,0.0,0.0,0.0,0.0,0.0,0.0,0.0,0.0,1.0,0.0,0.0,0.0,9.0,4.0,0.0,0.0,0.0,0.0,0.0,0.0,0.0,0.0,1.0,12.0,1.0,12.19,5.01,2.51,1.49,0.0,0.0,0.0,361.3,0.0,-0.9,-0.4,-0.2,-169.70000000000002,0.0,0.0,169.8,0.0,21.4,28.9,28.9,30.9,300.0,300.0,31.6,35.9,28.9,28.1,29.9,4.96,1.99,4.97,0.16,0.0,0.0,1027.0,8228.0,0.0,0.0,0.0,0.0,0.0,1.0,0.0,0.0,0.0,0.0,0.0,-0.7000000000000001,0.0,0.1,0.0,0.0,16.0,25903.0
2026-07-30T19:03:51.103Z,400.586,400.602,0.0,7.4,0.0,0.0,0.0,0.0,0.0,0.0,0.0,0.0,1.0,0.0,0.0,0.0,9.0,4.0,0.0,0.0,0.0,0.0,0.0,0.0,0.0,0.0,3.0,12.0,1.0,12.19,5.01,2.51,1.49,0.0,0.0,0.0,361.3,0.0,-0.3,0.6000000000000001,0.9,-169.70000000000002,0.0,0.0,169.8,0.0,21.4,28.9,28.9,30.9,300.0,300.0,31.6,35.9,28.9,28.1,29.9,4.96,1.99,4.96,0.16,0.0,0.0,1027.0,8228.0,0.0,0.0,0.0,0.0,0.0,1.0,0.0,0.0,0.0,0.0,0.0,1.4,0.0,-0.6000000000000001,0.0,0.0,16.0,25903.0
2026-07-30T19:03:51.115Z,400.598,400.614,0.0,7.4,0.0,0.0,0.0,0.0,0.0,0.0,0.0,0.0,1.0,0.0,0.0,0.0,9.0,4.0,0.0,0.0,0.0,0.0,0.0,0.0,0.0,0.0,4.0,12.0,1.0,12.19,5.01,2.51,1.49,0.0,0.0,0.0,361.3,0.0,-0.3,1.9,0.9,-169.70000000000002,0.0,0.0,169.8,0.0,21.4,28.9,28.9,30.9,300.0,300.0,31.6,35.9,28.9,28.1,29.9,4.96,1.99,4.96,0.16,0.0,0.0,1027.0,8228.0,0.0,0.0,0.0,0.0,0.0,1.0,0.0,0.0,0.0,0.0,0.0,2.8000000000000003,0.0,-0.4,0.0,0.0,16.0,25903.0
2026-07-30T19:03:51.127Z,400.61,400.626,0.0,7.4,0.0,0.0,0.0,0.0,0.0,0.0,0.0,0.0,1.0,0.0,0.0,0.0,9.0,4.0,0.0,0.0,0.0,0.0,0.0,0.0,0.0,0.0,5.0,12.0,1.0,12.19,5.01,2.51,1.49,0.0,0.0,0.0,361.3,0.0,-0.2,-0.4,-1.4,-169.70000000000002,0.0,0.0,169.8,0.0,21.4,28.9,28.9,30.9,300.0,300.0,31.6,35.9,28.9,28.1,29.9,4.95,1.99,4.97,0.16,0.0,0.0,1027.0,8228.0,0.0,0.0,0.0,0.0,0.0,1.0,0.0,0.0,0.0,0.0,0.0,-1.5,0.0,1.1,0.0,0.0,16.0,25903.0
2026-07-30T19:03:51.140Z,400.623,400.638,0.0,7.4,0.0,0.0,0.0,0.0,0.0,0.0,0.0,0.0,1.0,0.0,0.0,0.0,9.0,4.0,0.0,0.0,0.0,0.0,0.0,0.0,0.0,0.0,6.0,12.0,1.0,12.17,5.01,2.51,1.49,0.0,0.0,0.0,361.3,0.0,0.3,-0.9,-0.1,-169.70000000000002,0.0,0.0,169.8,0.0,21.3,28.9,28.9,30.9,300.0,300.0,31.700000000000003,35.9,28.8,28.0,29.9,4.95,1.99,4.96,0.16,0.0,0.0,1027.0,8228.0,0.0,0.0,0.0,0.0,0.0,1.0,0.0,0.0,0.0,0.0,0.0,-1.2000000000000002,0.0,0.0,0.0,0.0,16.0,25903.0
2026-07-30T19:03:51.151Z,400.634,400.65,0.0,7.4,0.0,0.0,0.0,0.0,0.0,0.0,0.0,0.0,1.0,0.0,0.0,0.0,9.0,4.0,0.0,0.0,0.0,0.0,0.0,0.0,0.0,0.0,2.0,12.0,1.0,12.17,5.01,2.51,1.49,0.0,0.0,0.0,361.4,0.0,0.3,-0.4,-0.1,-169.70000000000002,0.0,0.0,169.8,0.0,21.3,28.9,28.9,30.9,300.0,300.0,31.700000000000003,35.9,28.8,28.0,29.9,4.95,1.99,4.96,0.16,0.0,0.0,1027.0,8228.0,0.0,0.0,0.0,0.0,0.0,1.0,0.0,0.0,0.0,0.0,0.0,-0.6000000000000001,0.0,0.0,0.0,0.0,16.0,25903.0
2026-07-30T19:03:51.163Z,400.646,400.662,0.0,7.4,0.0,0.0,0.0,0.0,0.0,0.0,0.0,0.0,1.0,0.0,0.0,0.0,9.0,4.0,0.0,0.0,0.0,0.0,0.0,0.0,0.0,0.0,3.0,12.0,1.0,12.17,5.01,2.51,1.49,0.0,0.0,0.0,361.3,0.0,-0.8,-0.4,-1.3,-169.70000000000002,0.0,0.0,169.8,0.0,21.3,28.9,28.9,30.9,300.0,300.0,31.700000000000003,35.9,28.8,28.0,29.9,4.95,1.99,4.96,0.16,0.0,0.0,1027.0,8228.0,0.0,0.0,0.0,0.0,0.0,1.0,0.0,0.0,0.0,0.0,0.0,-1.5,0.0,1.1,0.0,0.0,16.0,25903.0
2026-07-30T19:03:51.175Z,400.658,400.674,0.0,7.4,0.0,0.0,0.0,0.0,0.0,0.0,0.0,0.0,1.0,0.0,0.0,0.0,9.0,4.0,0.0,0.0,0.0,0.0,0.0,0.0,0.0,0.0,4.0,12.0,1.0,12.17,5.01,2.51,1.49,0.0,0.0,0.0,361.3,0.0,0.9,1.3,0.9,-169.70000000000002,0.0,0.0,169.8,0.0,21.3,28.9,28.9,30.9,300.0,300.0,31.700000000000003,35.9,28.8,28.0,29.9,4.95,1.99,4.97,0.16,0.0,0.0,1027.0,8228.0,0.0,0.0,0.0,0.0,0.0,1.0,0.0,0.0,0.0,0.0,0.0,2.1,0.0,-0.5,0.0,0.0,16.0,25903.0
2026-07-30T19:03:51.187Z,400.67,400.686,0.0,7.4,0.0,0.0,0.0,0.0,0.0,0.0,0.0,0.0,1.0,0.0,0.0,0.0,9.0,4.0,0.0,0.0,0.0,0.0,0.0,0.0,0.0,0.0,5.0,12.0,1.0,12.17,5.01,2.51,1.49,0.0,0.0,0.0,361.3,0.0,0.9,-0.4,-0.2,-169.70000000000002,0.0,0.0,169.8,0.0,21.3,28.9,28.9,30.9,300.0,300.0,31.700000000000003,35.9,28.8,28.0,29.9,4.96,1.99,4.96,0.16,0.0,0.0,1027.0,8228.0,0.0,0.0,0.0,0.0,0.0,1.0,0.0,0.0,0.0,0.0,0.0,-0.6000000000000001,0.0,0.1,0.0,0.0,16.0,25903.0
2026-07-30T19:03:51.199Z,400.682,400.698,0.0,7.4,0.0,0.0,0.0,0.0,0.0,0.0,0.0,0.0,1.0,0.0,0.0,0.0,9.0,4.0,0.0,0.0,0.0,0.0,0.0,0.0,0.0,0.0,6.0,12.0,1.0,12.17,5.01,2.51,1.49,0.0,0.0,0.0,361.3,0.0,-0.2,0.1,0.3,-169.70000000000002,0.0,0.0,169.8,0.0,21.3,28.9,28.9,30.9,300.0,300.0,31.700000000000003,35.9,28.8,28.0,29.9,4.96,1.99,4.97,0.16,0.0,0.0,1027.0,8228.0,0.0,0.0,0.0,0.0,0.0,1.0,0.0,0.0,0.0,0.0,0.0,0.3,0.0,-0.2,0.0,0.0,16.0,25903.0
2026-07-30T19:03:51.211Z,400.694,400.71,0.0,7.4,0.0,0.0,0.0,0.0,0.0,0.0,0.0,0.0,1.0,0.0,0.0,0.0,9.0,4.0,0.0,0.0,0.0,0.0,0.0,0.0,0.0,0.0,1.0,12.0,1.0,12.17,5.01,2.51,1.49,0.0,0.0,0.0,361.3,0.0,-0.2,1.2000000000000002,0.3,-169.70000000000002,0.0,0.0,169.8,0.0,21.3,28.9,28.9,30.9,300.0,300.0,31.700000000000003,35.9,28.8,28.0,29.9,4.95,1.99,4.97,0.16,0.0,0.0,1027.0,8228.0,0.0,0.0,0.0,0.0,0.0,1.0,0.0,0.0,0.0,0.0,0.0,1.6,0.0,0.0,0.0,0.0,16.0,25903.0
2026-07-30T19:03:51.223Z,400.706,400.722,0.0,7.4,0.0,0.0,0.0,0.0,0.0,0.0,0.0,0.0,1.0,0.0,0.0,0.0,9.0,4.0,0.0,0.0,0.0,0.0,0.0,0.0,0.0,0.0,2.0,12.0,1.0,12.17,5.01,2.51,1.49,0.0,0.0,0.0,361.4,0.0,-0.2,-0.9,-0.7000000000000001,-169.70000000000002,0.0,0.0,169.8,0.0,21.3,28.9,28.9,30.9,300.0,300.0,31.700000000000003,35.9,28.8,28.0,29.9,4.96,1.99,4.97,0.16,0.0,0.0,1027.0,8228.0,0.0,0.0,0.0,0.0,0.0,1.0,0.0,0.0,0.0,0.0,0.0,-1.7000000000000002,0.0,0.4,0.0,0.0,16.0,25903.0
2026-07-30T19:03:51.235Z,400.718,400.734,0.0,7.4,0.0,0.0,0.0,0.0,0.0,0.0,0.0,0.0,1.0,0.0,0.0,0.0,9.0,4.0,0.0,0.0,0.0,0.0,0.0,0.0,0.0,0.0,3.0,12.0,1.0,12.17,5.01,2.51,1.49,0.0,0.1,0.0,361.4,0.0,-0.2,-0.4,-1.3,-169.70000000000002,0.0,0.0,169.8,0.0,21.3,28.9,28.9,30.9,300.0,300.0,31.700000000000003,35.9,28.8,28.0,29.9,4.95,1.99,4.96,0.16,0.0,0.0,1027.0,8228.0,0.0,0.0,0.0,0.0,0.0,1.0,0.0,0.0,0.0,0.0,0.0,-1.4,0.0,1.1,0.0,0.0,16.0,25903.0
2026-07-30T19:03:51.248Z,400.731,400.746,0.0,7.4,0.0,0.0,0.0,0.0,0.0,0.0,0.0,0.0,1.0,0.0,0.0,0.0,9.0,4.0,0.0,0.0,0.0,0.0,0.0,0.0,0.0,0.0,4.0,12.0,1.0,12.17,5.01,2.51,1.49,0.0,0.0,0.0,361.4,0.0,0.2,0.7000000000000001,-0.7000000000000001,-169.70000000000002,0.0,0.0,169.8,0.0,21.3,28.9,28.9,30.9,300.0,300.0,31.700000000000003,35.9,28.8,28.0,29.9,4.95,1.99,4.97,0.16,0.0,0.0,1027.0,8228.0,0.0,0.0,0.0,0.0,0.0,1.0,0.0,0.0,0.0,0.0,0.0,0.3,0.0,0.7000000000000001,0.0,0.0,16.0,25903.0
2026-07-30T19:03:51.259Z,400.742,400.758,0.0,7.4,0.0,0.0,0.0,0.0,0.0,0.0,0.0,0.0,1.0,0.0,0.0,0.0,9.0,4.0,0.0,0.0,0.0,0.0,0.0,0.0,0.0,0.0,6.0,12.0,1.0,12.17,5.01,2.51,1.49,0.0,0.0,0.0,361.3,0.0,-0.2,1.3,-0.7000000000000001,-169.70000000000002,0.0,0.0,169.8,0.0,21.3,28.9,28.9,30.9,300.0,300.0,31.700000000000003,35.9,28.8,28.0,29.9,4.94,1.99,4.97,0.16,0.0,0.0,1027.0,8228.0,0.0,0.0,0.0,0.0,0.0,1.0,0.0,0.0,0.0,0.0,0.0,1.0,0.0,0.9,0.0,0.0,16.0,25903.0
2026-07-30T19:03:51.271Z,400.754,400.77,0.0,7.4,0.0,0.0,0.0,0.0,0.0,0.0,0.0,0.0,1.0,0.0,0.0,0.0,9.0,4.0,0.0,0.0,0.0,0.0,0.0,0.0,0.0,0.0,1.0,12.0,1.0,12.17,5.01,2.51,1.49,0.0,0.0,0.0,361.4,0.0,0.3,0.7000000000000001,-0.1,-169.70000000000002,0.0,0.0,169.8,0.0,21.3,28.9,28.9,30.9,300.0,300.0,31.700000000000003,35.9,28.8,28.0,29.9,4.96,1.99,4.97,0.16,0.0,0.0,1027.0,8228.0,0.0,0.0,0.0,0.0,0.0,1.0,0.0,0.0,0.0,0.0,0.0,0.7000000000000001,0.0,0.2,0.0,0.0,16.0,25903.0
2026-07-30T19:03:51.283Z,400.766,400.782,0.0,7.4,0.0,0.0,0.0,0.0,0.0,0.0,0.0,0.0,1.0,0.0,0.0,0.0,9.0,4.0,0.0,0.0,0.0,0.0,0.0,0.0,0.0,0.0,2.0,12.0,1.0,12.17,5.01,2.51,1.49,0.0,0.0,0.0,361.4,0.0,-0.2,0.1,-0.1,-169.70000000000002,0.0,0.0,169.8,0.0,21.3,28.9,28.9,30.9,300.0,300.0,31.700000000000003,35.9,28.8,28.0,29.9,4.95,1.99,4.97,0.16,0.0,0.0,1027.0,8228.0,0.0,0.0,0.0,0.0,0.0,1.0,0.0,0.0,0.0,0.0,0.0,0.1,0.0,0.1,0.0,0.0,16.0,25903.0
2026-07-30T19:03:51.295Z,400.778,400.794,0.0,7.4,0.0,0.0,0.0,0.0,0.0,0.0,0.0,0.0,1.0,0.0,0.0,0.0,9.0,4.0,0.0,0.0,0.0,0.0,0.0,0.0,0.0,0.0,3.0,12.0,1.0,12.17,5.01,2.51,1.49,0.0,0.0,0.0,361.3,0.0,0.3,0.7000000000000001,1.0,-169.70000000000002,0.0,0.0,169.8,0.0,21.3,28.9,28.9,30.9,300.0,300.0,31.700000000000003,35.9,28.8,28.0,29.9,4.95,1.99,4.96,0.16,0.0,0.0,1027.0,8228.0,0.0,0.0,0.0,0.0,0.0,1.0,0.0,0.0,0.0,0.0,0.0,1.6,0.0,-0.7000000000000001,0.0,0.0,16.0,25903.0
2026-07-30T19:03:51.307Z,400.79,400.806,0.0,7.4,0.0,0.0,0.0,0.0,0.0,0.0,0.0,0.0,1.0,0.0,0.0,0.0,9.0,4.0,0.0,0.0,0.0,0.0,0.0,0.0,0.0,0.0,4.0,12.0,1.0,12.17,5.01,2.51,1.49,0.0,0.0,0.0,361.3,0.0,0.9,0.1,-0.1,-169.70000000000002,0.0,0.0,169.70000000000002,0.0,21.3,28.9,28.9,30.9,300.0,300.0,31.700000000000003,35.9,28.8,28.0,29.9,4.96,2.0,4.96,0.16,0.0,0.0,1027.0,8228.0,0.0,0.0,0.0,0.0,0.0,1.0,0.0,0.0,0.0,0.0,0.0,0.1,0.0,0.1,0.0,0.0,16.0,25903.0
2026-07-30T19:03:51.319Z,400.802,400.818,0.0,7.4,0.0,0.0,0.0,0.0,0.0,0.0,0.0,0.0,1.0,0.0,0.0,0.0,9.0,4.0,0.0,0.0,0.0,0.0,0.0,0.0,0.0,0.0,5.0,12.0,1.0,12.17,5.01,2.51,1.49,0.0,0.0,0.0,361.4,0.0,0.9,0.2,0.5,-169.70000000000002,0.0,0.0,169.8,0.0,21.3,28.9,28.9,30.9,300.0,300.0,31.700000000000003,35.9,28.8,28.0,29.9,4.95,2.0,4.96,0.16,0.0,0.0,1027.0,8228.0,0.0,0.0,0.0,0.0,0.0,1.0,0.0,0.0,0.0,0.0,0.0,0.6000000000000001,0.0,-0.4,0.0,0.0,16.0,25903.0
2026-07-30T19:03:51.332Z,400.815,400.83,0.0,7.4,0.0,0.0,0.0,0.0,0.0,0.0,0.0,0.0,1.0,0.0,0.0,0.0,9.0,4.0,0.0,0.0,0.0,0.0,0.0,0.0,0.0,0.0,6.0,12.0,1.0,12.17,5.01,2.51,1.49,0.0,0.1,0.0,361.4,0.0,0.3,0.1,0.5,-169.70000000000002,0.0,0.0,169.8,0.0,21.3,28.9,28.9,30.9,300.0,300.0,31.700000000000003,35.9,28.8,28.0,29.9,4.96,1.99,4.97,0.16,0.0,0.0,1027.0,8228.0,0.0,0.0,0.0,0.0,0.0,1.0,0.0,0.0,0.0,0.0,0.0,0.5,0.0,-0.4,0.0,0.0,16.0,25903.0
2026-07-30T19:03:51.345Z,400.828,400.842,0.0,7.4,0.0,0.0,0.0,0.0,0.0,0.0,0.0,0.0,1.0,0.0,0.0,0.0,9.0,4.0,0.0,0.0,0.0,0.0,0.0,0.0,0.0,0.0,2.0,12.0,1.0,12.18,5.01,2.51,1.49,0.0,0.0,0.0,361.4,0.0,0.3,0.1,-0.6000000000000001,-169.70000000000002,0.0,0.0,169.70000000000002,0.0,21.9,28.9,28.9,30.9,300.0,300.0,31.6,35.9,28.9,28.0,29.9,4.96,2.0,4.96,0.16,0.0,0.0,1027.0,8228.0,0.0,0.0,0.0,0.0,0.0,1.0,0.0,0.0,0.0,0.0,0.0,-0.2,0.0,0.6000000000000001,0.0,0.0,16.0,25903.0
2026-07-30T19:03:51.355Z,400.838,400.854,0.0,7.4,0.0,0.0,0.0,0.0,0.0,0.0,0.0,0.0,1.0,0.0,0.0,0.0,9.0,4.0,0.0,0.0,0.0,0.0,0.0,0.0,0.0,0.0,3.0,12.0,1.0,12.18,5.01,2.51,1.49,0.0,0.0,0.0,361.3,0.0,0.3,1.9,1.0,-169.70000000000002,0.0,0.0,169.60000000000002,0.0,21.9,28.9,28.9,30.9,300.0,300.0,31.6,35.9,28.9,28.0,29.9,4.96,1.99,4.96,0.16,0.0,0.0,1027.0,8228.0,0.0,0.0,0.0,0.0,0.0,1.0,0.0,0.0,0.0,0.0,0.0,2.9000000000000004,0.0,-0.5,0.0,0.0,16.0,25903.0
2026-07-30T19:03:51.367Z,400.85,400.866,0.0,7.4,0.0,0.0,0.0,0.0,0.0,0.0,0.0,0.0,1.0,0.0,0.0,0.0,9.0,4.0,0.0,0.0,0.0,0.0,0.0,0.0,0.0,0.0,4.0,12.0,1.0,12.18,5.01,2.51,1.49,0.0,0.0,0.0,361.4,0.0,0.3,0.2,-0.1,-169.70000000000002,0.0,0.0,169.70000000000002,0.0,21.9,28.9,28.9,30.9,300.0,300.0,31.6,35.9,28.9,28.0,29.9,4.95,1.99,4.97,0.16,0.0,0.0,1027.0,8228.0,0.0,0.0,0.0,0.0,0.0,1.0,0.0,0.0,0.0,0.0,0.0,0.1,0.0,0.1,0.0,0.0,16.0,25903.0
2026-07-30T19:03:51.380Z,400.863,400.878,0.0,7.4,0.0,0.0,0.0,0.0,0.0,0.0,0.0,0.0,1.0,0.0,0.0,0.0,9.0,4.0,0.0,0.0,0.0,0.0,0.0,0.0,0.0,0.0,5.0,12.0,1.0,12.18,5.01,2.51,1.49,0.0,0.0,0.0,361.3,0.0,0.3,-1.5,-0.1,-169.70000000000002,0.0,0.0,169.70000000000002,0.0,21.9,28.9,28.9,30.9,300.0,300.0,31.6,35.9,28.9,28.0,29.9,4.96,1.99,4.96,0.16,0.0,0.0,1027.0,8228.0,0.0,0.0,0.0,0.0,0.0,1.0,0.0,0.0,0.0,0.0,0.0,-1.8,0.0,-0.2,0.0,0.0,16.0,25903.0
2026-07-30T19:03:51.392Z,400.875,400.89,0.0,7.4,0.0,0.0,0.0,0.0,0.0,0.0,0.0,0.0,1.0,0.0,0.0,0.0,9.0,4.0,0.0,0.0,0.0,0.0,0.0,0.0,0.0,0.0,6.0,12.0,1.0,12.18,5.01,2.51,1.49,0.0,0.0,0.0,361.4,0.0,0.3,0.7000000000000001,-0.1,-169.70000000000002,0.0,0.0,169.70000000000002,0.0,21.9,28.9,28.9,30.9,300.0,300.0,31.6,35.9,28.9,28.0,29.9,4.96,1.99,4.96,0.16,0.0,0.0,1027.0,8228.0,0.0,0.0,0.0,0.0,0.0,1.0,0.0,0.0,0.0,0.0,0.0,0.7000000000000001,0.0,0.2,0.0,0.0,16.0,25903.0
2026-07-30T19:03:51.404Z,400.887,400.902,0.0,7.4,0.0,0.0,0.0,0.0,0.0,0.0,0.0,0.0,1.0,0.0,0.0,0.0,9.0,4.0,0.0,0.0,0.0,0.0,0.0,0.0,0.0,0.0,1.0,12.0,1.0,12.18,5.01,2.51,1.49,0.0,0.0,0.0,361.3,0.0,0.3,0.7000000000000001,0.4,-169.70000000000002,0.0,0.0,169.8,0.0,21.9,28.9,28.9,30.9,300.0,300.0,31.6,35.9,28.9,28.0,29.9,4.95,1.99,4.96,0.16,0.0,0.0,1027.0,8228.0,0.0,0.0,0.0,0.0,0.0,1.0,0.0,0.0,0.0,0.0,0.0,2.2,0.0,-0.6000000000000001,0.0,0.0,16.0,25903.0
2026-07-30T19:03:51.416Z,400.899,400.914,0.0,7.4,0.0,0.0,0.0,0.0,0.0,0.0,0.0,0.0,1.0,0.0,0.0,0.0,9.0,4.0,0.0,0.0,0.0,0.0,0.0,0.0,0.0,0.0,2.0,12.0,1.0,12.18,5.01,2.51,1.49,0.0,0.0,0.0,361.3,0.0,0.3,0.1,1.0,-169.70000000000002,0.0,0.0,169.8,0.0,21.9,28.9,28.9,30.9,300.0,300.0,31.6,35.9,28.9,28.0,29.9,4.96,1.99,4.97,0.16,0.0,0.0,1027.0,8228.0,0.0,0.0,0.0,0.0,0.0,1.0,0.0,0.0,0.0,0.0,0.0,-1.7000000000000002,0.0,0.4,0.0,0.0,16.0,25903.0
2026-07-30T19:03:51.427Z,400.91,400.926,0.0,7.4,0.0,0.0,0.0,0.0,0.0,0.0,0.0,0.0,1.0,0.0,0.0,0.0,9.0,4.0,0.0,0.0,0.0,0.0,0.0,0.0,0.0,0.0,4.0,12.0,1.0,12.18,5.01,2.51,1.49,0.0,0.0,0.0,361.3,0.0,-0.3,-0.4,-1.3,-169.70000000000002,0.0,0.0,169.8,0.0,21.9,28.9,28.9,30.9,300.0,300.0,31.6,35.9,28.9,28.0,29.9,4.96,2.0,4.96,0.16,0.0,0.0,1027.0,8228.0,0.0,0.0,0.0,0.0,0.0,1.0,0.0,0.0,0.0,0.0,0.0,0.1,0.0,-0.9,0.0,0.0,16.0,25903.0
2026-07-30T19:03:51.440Z,400.923,400.938,0.0,7.4,0.0,0.0,0.0,0.0,0.0,0.0,0.0,0.0,1.0,0.0,0.0,0.0,9.0,4.0,0.0,0.0,0.0,0.0,0.0,0.0,0.0,0.0,4.0,12.0,1.0,12.18,5.01,2.51,1.49,0.0,0.0,0.0,361.3,0.0,0.2,0.0,-0.1,-169.70000000000002,0.0,0.0,169.8,0.0,21.9,28.9,28.9,30.9,300.0,300.0,31.6,35.9,28.9,28.0,29.9,4.96,1.99,4.97,0.16,0.0,0.0,1027.0,8228.0,0.0,0.0,0.0,0.0,0.0,1.0,0.0,0.0,0.0,0.0,0.0,0.8,0.0,-0.8,0.0,0.0,16.0,25903.0
2026-07-30T19:03:51.451Z,400.934,400.95,0.0,7.4,0.0,0.0,0.0,0.0,0.0,0.0,0.0,0.0,1.0,0.0,0.0,0.0,9.0,4.0,0.0,0.0,0.0,0.0,0.0,0.0,0.0,0.0,6.0,12.0,1.0,12.15,5.01,2.5,1.49,0.0,0.0,0.0,361.4,0.0,0.2,1.2000000000000002,0.9,-169.70000000000002,0.0,0.0,169.8,0.0,21.4,28.9,28.9,30.9,300.0,300.0,31.700000000000003,35.9,28.9,28.0,29.9,4.95,1.99,4.97,0.16,0.0,0.0,1027.0,8228.0,0.0,0.0,0.0,0.0,0.0,1.0,0.0,0.0,0.0,0.0,0.0,2.1,0.0,-0.5,0.0,0.0,16.0,25903.0
2026-07-30T19:03:51.463Z,400.946,400.962,0.0,7.4,0.0,0.0,0.0,0.0,0.0,0.0,0.0,0.0,1.0,0.0,0.0,0.0,9.0,4.0,0.0,0.0,0.0,0.0,0.0,0.0,0.0,0.0,1.0,12.0,1.0,12.15,5.01,2.5,1.49,0.0,0.0,0.0,361.3,0.0,-0.9,-1.0,-0.1,-169.70000000000002,0.0,0.0,169.8,0.0,21.4,28.9,28.9,30.9,300.0,300.0,31.700000000000003,35.9,28.9,28.0,29.9,4.96,1.99,4.97,0.16,0.0,0.0,1027.0,8228.0,0.0,0.0,0.0,0.0,0.0,1.0,0.0,0.0,0.0,0.0,0.0,-1.3,0.0,0.0,0.0,0.0,16.0,25903.0
2026-07-30T19:03:51.475Z,400.958,400.974,0.0,7.4,0.0,0.0,0.0,0.0,0.0,0.0,0.0,0.0,1.0,0.0,0.0,0.0,9.0,4.0,0.0,0.0,0.0,0.0,0.0,0.0,0.0,0.0,2.0,12.0,1.0,12.15,5.01,2.5,1.49,0.0,0.0,0.0,361.4,0.0,0.2,-0.4,2.2,-169.70000000000002,0.0,0.0,169.8,0.0,21.4,28.9,28.9,30.9,300.0,300.0,31.700000000000003,35.9,28.9,28.0,29.9,4.95,1.99,4.96,0.16,0.0,0.0,1027.0,8228.0,0.0,0.0,0.0,0.0,0.0,1.0,0.0,0.0,0.0,0.0,0.0,1.1,0.0,-2.0,0.0,0.0,16.0,25903.0
2026-07-30T19:03:51.487Z,400.97,400.986,0.0,7.4,0.0,0.0,0.0,0.0,0.0,0.0,0.0,0.0,1.0,0.0,0.0,0.0,9.0,4.0,0.0,0.0,0.0,0.0,0.0,0.0,0.0,0.0,3.0,12.0,1.0,12.15,5.01,2.5,1.49,0.0,0.0,0.0,361.3,0.0,-0.2,0.1,1.0,-169.70000000000002,0.0,0.0,169.70000000000002,0.0,21.4,28.9,28.9,30.9,300.0,300.0,31.700000000000003,35.9,28.9,28.0,29.9,4.95,1.99,4.97,0.16,0.0,0.0,1027.0,8228.0,0.0,0.0,0.0,0.0,0.0,1.0,0.0,0.0,0.0,0.0,0.0,0.9,0.0,-0.8,0.0,0.0,16.0,25903.0
2026-07-30T19:03:51.499Z,400.982,400.998,0.0,7.4,0.0,0.0,0.0,0.0,0.0,0.0,0.0,0.0,1.0,0.0,0.0,0.0,9.0,4.0,0.0,0.0,0.0,0.0,0.0,0.0,0.0,0.0,5.0,12.0,1.0,12.15,5.01,2.5,1.49,0.0,0.0,0.0,361.4,0.0,0.3,0.7000000000000001,-0.6000000000000001,-169.70000000000002,0.0,0.0,169.70000000000002,0.0,21.4,28.9,28.9,30.9,300.0,300.0,31.700000000000003,35.9,28.9,28.0,29.9,4.96,2.0,4.97,0.16,0.0,0.0,1027.0,8228.0,0.0,0.0,0.0,0.0,0.0,1.0,0.0,0.0,0.0,0.0,0.0,0.3,0.0,0.7000000000000001,0.0,0.0,16.0,25903.0
2026-07-30T19:03:51.511Z,400.994,401.01,0.0,7.4,0.0,0.0,0.0,0.0,0.0,0.0,0.0,0.0,1.0,0.0,0.0,0.0,9.0,4.0,0.0,0.0,0.0,0.0,0.0,0.0,0.0,0.0,6.0,12.0,1.0,12.15,5.01,2.5,1.49,0.0,0.0,0.0,361.3,0.0,0.3,-0.3,0.3,-169.70000000000002,0.0,0.0,169.60000000000002,0.0,21.4,28.9,28.9,30.9,300.0,300.0,31.700000000000003,35.9,28.9,28.0,29.9,4.96,2.0,4.96,0.16,0.0,0.0,1027.0,8228.0,0.0,0.0,0.0,0.0,0.0,1.0,0.0,0.0,0.0,0.0,0.0,-0.1,0.0,-0.4,0.0,0.0,16.0,25903.0
2026-07-30T19:03:51.523Z,401.006,401.022,0.0,7.4,0.0,0.0,0.0,0.0,0.0,0.0,0.0,0.0,1.0,0.0,0.0,0.0,9.0,4.0,0.0,0.0,0.0,0.0,0.0,0.0,0.0,0.0,2.0,12.0,1.0,12.15,5.01,2.5,1.49,0.0,0.0,0.0,361.4,0.0,-0.2,-0.3,0.9,-169.70000000000002,0.0,0.0,169.70000000000002,0.0,21.4,28.9,28.9,30.9,300.0,300.0,31.700000000000003,35.9,28.9,28.0,29.9,4.95,1.99,4.97,0.16,0.0,0.0,1027.0,8228.0,0.0,0.0,0.0,0.0,0.0,1.0,0.0,0.0,0.0,0.0,0.0,0.2,0.0,-0.9,0.0,0.0,16.0,25903.0
2026-07-30T19:03:51.535Z,401.018,401.034,0.0,7.4,0.0,0.0,0.0,0.0,0.0,0.0,0.0,0.0,1.0,0.0,0.0,0.0,9.0,4.0,0.0,0.0,0.0,0.0,0.0,0.0,0.0,0.0,3.0,12.0,1.0,12.15,5.01,2.5,1.49,0.0,0.0,0.0,361.4,0.0,0.2,0.1,-0.7000000000000001,-169.70000000000002,0.0,0.0,169.8,0.0,21.4,28.9,28.9,30.9,300.0,300.0,31.700000000000003,35.9,28.9,28.0,29.9,4.95,1.99,4.96,0.16,0.0,0.0,1027.0,8228.0,0.0,0.0,0.0,0.0,0.0,1.0,0.0,0.0,0.0,0.0,0.0,-0.3,0.0,0.7000000000000001,0.0,0.0,16.0,25903.0
2026-07-30T19:03:51.548Z,401.031,401.046,0.0,7.4,0.0,0.0,0.0,0.0,0.0,0.0,0.0,0.0,1.0,0.0,0.0,0.0,9.0,4.0,0.0,0.0,0.0,0.0,0.0,0.0,0.0,0.0,5.0,12.0,1.0,12.18,5.0200000000000005,2.51,1.49,-0.1,0.1,0.0,361.3,0.0,-0.3,-0.4,-0.2,-169.70000000000002,0.0,0.0,169.8,0.0,21.700000000000003,28.9,28.9,30.9,300.0,300.0,31.700000000000003,35.9,28.9,28.0,29.9,4.96,1.99,4.96,0.16,0.0,0.0,1027.0,8228.0,0.0,0.0,0.0,0.0,0.0,1.0,0.0,0.0,0.0,0.0,0.0,-0.6000000000000001,0.0,0.0,0.0,0.0,16.0,25903.0
2026-07-30T19:03:51.559Z,401.042,401.058,0.0,7.4,0.0,0.0,0.0,0.0,0.0,0.0,0.0,0.0,1.0,0.0,0.0,0.0,9.0,4.0,0.0,0.0,0.0,0.0,0.0,0.0,0.0,0.0,6.0,12.0,1.0,12.18,5.0200000000000005,2.51,1.49,0.0,0.0,0.0,361.4,0.0,0.8,-0.4,0.9,-169.70000000000002,0.0,0.0,169.8,0.0,21.700000000000003,28.9,28.9,30.9,300.0,300.0,31.700000000000003,35.9,28.9,28.0,29.9,4.95,1.99,4.96,0.16,0.0,0.0,1027.0,8228.0,0.0,0.0,0.0,0.0,0.0,1.0,0.0,0.0,0.0,0.0,0.0,0.2,0.0,-0.9,0.0,0.0,16.0,25903.0
2026-07-30T19:03:51.571Z,401.054,401.07,0.0,7.4,0.0,0.0,0.0,0.0,0.0,0.0,0.0,0.0,1.0,0.0,0.0,0.0,9.0,4.0,0.0,0.0,0.0,0.0,0.0,0.0,0.0,0.0,2.0,12.0,1.0,12.18,5.0200000000000005,2.51,1.49,0.0,0.1,0.0,361.4,0.0,0.2,0.1,-0.7000000000000001,-169.70000000000002,0.0,0.0,169.8,0.0,21.700000000000003,28.9,28.9,30.9,300.0,300.0,31.700000000000003,35.9,28.9,28.0,29.9,4.95,1.99,4.97,0.16,0.0,0.0,1027.0,8228.0,0.0,0.0,0.0,0.0,0.0,1.0,0.0,0.0,0.0,0.0,0.0,-0.3,0.0,0.7000000000000001,0.0,0.0,16.0,25903.0
2026-07-30T19:03:51.583Z,401.066,401.082,0.0,7.4,0.0,0.0,0.0,0.0,0.0,0.0,0.0,0.0,1.0,0.0,0.0,0.0,9.0,4.0,0.0,0.0,0.0,0.0,0.0,0.0,0.0,0.0,3.0,12.0,1.0,12.18,5.0200000000000005,2.51,1.49,0.0,0.0,0.0,361.3,0.0,-0.3,0.1,0.4,-169.70000000000002,0.0,0.0,169.8,0.0,21.700000000000003,28.9,28.9,30.9,300.0,300.0,31.700000000000003,35.9,28.9,28.0,29.9,4.95,2.0,4.96,0.16,0.0,0.0,1027.0,8228.0,0.0,0.0,0.0,0.0,0.0,1.0,0.0,0.0,0.0,0.0,0.0,0.5,0.0,-0.3,0.0,0.0,16.0,25903.0
2026-07-30T19:03:51.595Z,401.078,401.094,0.0,7.4,0.0,0.0,0.0,0.0,0.0,0.0,0.0,0.0,1.0,0.0,0.0,0.0,9.0,4.0,0.0,0.0,0.0,0.0,0.0,0.0,0.0,0.0,5.0,12.0,1.0,12.18,5.0200000000000005,2.51,1.49,0.0,0.0,0.0,361.4,0.0,0.2,0.7000000000000001,-0.7000000000000001,-169.70000000000002,0.0,0.0,169.70000000000002,0.0,21.700000000000003,28.9,28.9,30.9,300.0,300.0,31.700000000000003,35.9,28.9,28.0,29.9,4.96,1.99,4.96,0.15,0.0,0.0,1027.0,8228.0,0.0,0.0,0.0,0.0,0.0,1.0,0.0,0.0,0.0,0.0,0.0,0.2,0.0,0.8,0.0,0.0,16.0,25903.0
2026-07-30T19:03:51.607Z,401.09,401.106,0.0,7.4,0.0,0.0,0.0,0.0,0.0,0.0,0.0,0.0,1.0,0.0,0.0,0.0,9.0,4.0,0.0,0.0,0.0,0.0,0.0,0.0,0.0,0.0,6.0,12.0,1.0,12.18,5.0200000000000005,2.51,1.49,0.0,0.0,0.0,361.4,0.0,-0.3,0.7000000000000001,0.9,-169.70000000000002,0.0,0.0,169.70000000000002,0.0,21.700000000000003,28.9,28.9,30.9,300.0,300.0,31.700000000000003,35.9,28.9,28.0,29.9,4.95,1.99,4.97,0.16,0.0,0.0,1027.0,8228.0,0.0,0.0,0.0,0.0,0.0,1.0,0.0,0.0,0.0,0.0,0.0,1.5,0.0,-0.7000000000000001,0.0,0.0,16.0,25903.0
2026-07-30T19:03:51.619Z,401.102,401.118,0.0,7.4,0.0,0.0,0.0,0.0,0.0,0.0,0.0,0.0,1.0,0.0,0.0,0.0,9.0,4.0,0.0,0.0,0.0,0.0,0.0,0.0,0.0,0.0,2.0,12.0,1.0,12.18,5.0200000000000005,2.51,1.49,0.0,0.0,0.0,361.4,0.0,-0.3,-1.0,-0.2,-169.70000000000002,0.0,0.0,169.8,0.0,21.700000000000003,28.9,28.9,30.9,300.0,300.0,31.700000000000003,35.9,28.9,28.0,29.9,4.96,1.99,4.96,0.16,0.0,0.0,1027.0,8228.0,0.0,0.0,0.0,0.0,0.0,1.0,0.0,0.0,0.0,0.0,0.0,-1.3,0.0,0.0,0.0,0.0,16.0,25903.0
2026-07-30T19:03:51.631Z,401.114,401.13,0.0,7.4,0.0,0.0,0.0,0.0,0.0,0.0,0.0,0.0,1.0,0.0,0.0,0.0,9.0,4.0,0.0,0.0,0.0,0.0,0.0,0.0,0.0,0.0,3.0,12.0,1.0,12.18,5.0200000000000005,2.51,1.49,0.0,0.0,0.0,361.3,0.0,-0.3,-0.4,-0.7000000000000001,-169.70000000000002,0.0,0.0,169.70000000000002,0.0,21.700000000000003,28.9,28.9,30.9,300.0,300.0,31.700000000000003,35.9,28.9,28.0,29.9,4.96,1.99,4.96,0.16,0.0,0.0,1027.0,8228.0,0.0,0.0,0.0,0.0,0.0,1.0,0.0,0.0,0.0,0.0,0.0,-1.1,0.0,0.5,0.0,0.0,16.0,25903.0
2026-07-30T19:03:51.643Z,401.126,401.142,0.0,7.4,0.0,0.0,0.0,0.0,0.0,0.0,0.0,0.0,1.0,0.0,0.0,0.0,9.0,4.0,0.0,0.0,0.0,0.0,0.0,0.0,0.0,0.0,5.0,12.0,1.0,12.18,5.0200000000000005,2.51,1.49,0.0,0.0,0.0,361.3,0.0,-0.3,1.2000000000000002,0.4,-169.70000000000002,0.0,0.0,169.8,0.0,21.700000000000003,28.9,28.9,30.9,300.0,300.0,31.700000000000003,35.9,28.9,28.0,29.9,4.95,1.99,4.96,0.16,0.0,0.0,1027.0,8228.0,0.0,0.0,0.0,0.0,0.0,1.0,0.0,0.0,0.0,0.0,0.0,1.7000000000000002,0.0,0.0,0.0,0.0,16.0,25903.0
2026-07-30T19:03:51.655Z,401.138,401.154,0.0,7.4,0.0,0.0,0.0,0.0,0.0,0.0,0.0,0.0,1.0,0.0,0.0,0.0,9.0,4.0,0.0,0.0,0.0,0.0,0.0,0.0,0.0,0.0,6.0,12.0,1.0,12.19,5.01,2.51,1.49,0.0,0.0,0.0,361.3,0.0,-0.8,-0.4,-0.7000000000000001,-169.70000000000002,0.0,0.0,169.8,0.0,21.3,28.9,28.9,30.9,300.0,300.0,31.9,35.9,28.9,28.0,29.9,4.96,1.99,4.96,0.16,0.0,0.0,1027.0,8228.0,0.0,0.0,0.0,0.0,0.0,1.0,0.0,0.0,0.0,0.0,0.0,-1.0,0.0,0.5,0.0,0.0,16.0,25903.0
2026-07-30T19:03:51.667Z,401.15,401.166,0.0,7.4,0.0,0.0,0.0,0.0,0.0,0.0,0.0,0.0,1.0,0.0,0.0,0.0,9.0,4.0,0.0,0.0,0.0,0.0,0.0,0.0,0.0,0.0,2.0,12.0,1.0,12.19,5.01,2.51,1.49,0.0,0.0,0.0,361.4,0.0,-0.2,0.6000000000000001,-0.1,-169.70000000000002,0.0,0.0,169.8,0.0,21.3,28.9,28.9,30.9,300.0,300.0,31.9,35.9,28.9,28.0,29.9,4.96,1.99,4.96,0.16,0.0,0.0,1027.0,8228.0,0.0,0.0,0.0,0.0,0.0,1.0,0.0,0.0,0.0,0.0,0.0,0.6000000000000001,0.0,0.2,0.0,0.0,16.0,25903.0
2026-07-30T19:03:51.679Z,401.162,401.178,0.0,7.4,0.0,0.0,0.0,0.0,0.0,0.0,0.0,0.0,1.0,0.0,0.0,0.0,9.0,4.0,0.0,0.0,0.0,0.0,0.0,0.0,0.0,0.0,4.0,12.0,1.0,12.19,5.01,2.51,1.49,0.0,0.0,0.0,361.3,0.0,0.3,0.0,-0.7000000000000001,-169.70000000000002,0.0,0.0,169.70000000000002,0.0,21.3,28.9,28.9,30.9,300.0,300.0,31.9,35.9,28.9,28.0,29.9,4.96,1.99,4.97,0.16,0.0,0.0,1027.0,8228.0,0.0,0.0,0.0,0.0,0.0,1.0,0.0,0.0,0.0,0.0,0.0,-0.4,0.0,0.6000000000000001,0.0,0.0,16.0,25903.0
2026-07-30T19:03:51.691Z,401.174,401.19,0.0,7.4,0.0,0.0,0.0,0.0,0.0,0.0,0.0,0.0,1.0,0.0,0.0,0.0,9.0,4.0,0.0,0.0,0.0,0.0,0.0,0.0,0.0,0.0,5.0,12.0,1.0,12.19,5.01,2.51,1.49,0.0,0.1,0.0,361.3,0.0,-0.8,-1.0,-1.8,-169.70000000000002,0.0,0.0,169.8,0.0,21.3,28.9,28.9,30.9,300.0,300.0,31.9,35.9,28.9,28.0,29.9,4.95,1.99,4.97,0.16,0.0,0.0,1027.0,8228.0,0.0,0.0,0.0,0.0,0.0,1.0,0.0,0.0,0.0,0.0,0.0,-2.6,0.0,1.4,0.0,0.0,16.0,25903.0
2026-07-30T19:03:51.703Z,401.186,401.202,0.0,7.4,0.0,0.0,0.0,0.0,0.0,0.0,0.0,0.0,1.0,0.0,0.0,0.0,9.0,4.0,0.0,0.0,0.0,0.0,0.0,0.0,0.0,0.0,1.0,12.0,1.0,12.19,5.01,2.51,1.49,0.0,0.0,0.0,361.3,0.0,0.2,-1.0,-0.7000000000000001,-169.70000000000002,0.0,0.0,169.70000000000002,0.0,21.3,28.9,28.9,30.9,300.0,300.0,31.9,35.9,28.9,28.0,29.9,4.96,1.99,4.97,0.16,0.0,0.0,1027.0,8228.0,0.0,0.0,0.0,0.0,0.0,1.0,0.0,0.0,0.0,0.0,0.0,-1.7000000000000002,0.0,0.4,0.0,0.0,16.0,25903.0
2026-07-30T19:03:51.715Z,401.198,401.214,0.0,7.4,0.0,0.0,0.0,0.0,0.0,0.0,0.0,0.0,1.0,0.0,0.0,0.0,9.0,4.0,0.0,0.0,0.0,0.0,0.0,0.0,0.0,0.0,2.0,12.0,1.0,12.19,5.01,2.51,1.49,0.0,0.0,0.0,361.3,0.0,-0.3,-1.0,-0.7000000000000001,-169.70000000000002,0.0,0.0,169.60000000000002,0.0,21.3,28.9,28.9,30.9,300.0,300.0,31.9,35.9,28.9,28.0,29.9,4.95,1.99,4.96,0.16,0.0,0.0,1027.0,8228.0,0.0,0.0,0.0,0.0,0.0,1.0,0.0,0.0,0.0,0.0,0.0,-1.7000000000000002,0.0,0.4,0.0,0.0,16.0,25903.0
2026-07-30T19:03:51.727Z,401.21,401.226,0.0,7.4,0.0,0.0,0.0,0.0,0.0,0.0,0.0,0.0,1.0,0.0,0.0,0.0,9.0,4.0,0.0,0.0,0.0,0.0,0.0,0.0,0.0,0.0,3.0,12.0,1.0,12.19,5.01,2.51,1.49,0.0,0.0,0.0,361.3,0.0,-0.9,0.6000000000000001,1.0,-169.70000000000002,0.0,0.0,169.70000000000002,0.0,21.3,28.9,28.9,30.9,300.0,300.0,31.9,35.9,28.9,28.0,29.9,4.95,1.99,4.96,0.16,0.0,0.0,1027.0,8228.0,0.0,0.0,0.0,0.0,0.0,1.0,0.0,0.0,0.0,0.0,0.0,1.4,0.0,-0.7000000000000001,0.0,0.0,16.0,25903.0
2026-07-30T19:03:51.739Z,401.222,401.238,0.0,7.4,0.0,0.0,0.0,0.0,0.0,0.0,0.0,0.0,1.0,0.0,0.0,0.0,9.0,4.0,0.0,0.0,0.0,0.0,0.0,0.0,0.0,0.0,4.0,12.0,1.0,12.19,5.01,2.51,1.49,0.0,0.0,0.0,361.4,0.0,0.2,1.2000000000000002,-0.1,-169.70000000000002,0.0,0.0,169.70000000000002,0.0,21.3,28.9,28.9,30.9,300.0,300.0,31.9,35.9,28.9,28.0,29.9,4.95,1.99,4.96,0.16,0.0,0.0,1027.0,8228.0,0.0,0.0,0.0,0.0,0.0,1.0,0.0,0.0,0.0,0.0,0.0,1.2000000000000002,0.0,0.4,0.0,0.0,16.0,25903.0
2026-07-30T19:03:51.753Z,401.236,401.25,0.0,7.4,0.0,0.0,0.0,0.0,0.0,0.0,0.0,0.0,1.0,0.0,0.0,0.0,9.0,4.0,0.0,0.0,0.0,0.0,0.0,0.0,0.0,0.0,5.0,12.0,1.0,12.18,5.0200000000000005,2.51,1.49,0.0,0.1,0.0,361.4,0.0,-0.3,-0.4,0.4,-169.70000000000002,0.0,0.0,169.8,0.0,21.700000000000003,28.9,28.9,30.9,300.0,300.0,31.700000000000003,35.9,28.9,28.0,29.9,4.96,1.99,4.96,0.16,0.0,0.0,1027.0,8228.0,0.0,0.0,0.0,0.0,0.0,1.0,0.0,0.0,0.0,0.0,0.0,-0.1,0.0,-0.5,0.0,0.0,16.0,25903.0
2026-07-30T19:03:51.763Z,401.246,401.262,0.0,7.4,0.0,0.0,0.0,0.0,0.0,0.0,0.0,0.0,1.0,0.0,0.0,0.0,9.0,4.0,0.0,0.0,0.0,0.0,0.0,0.0,0.0,0.0,6.0,12.0,1.0,12.18,5.0200000000000005,2.51,1.49,0.0,0.0,0.0,361.4,0.0,0.2,-0.4,-0.1,-169.70000000000002,0.0,0.0,169.70000000000002,0.0,21.700000000000003,28.9,28.9,30.9,300.0,300.0,31.700000000000003,35.9,28.9,28.0,29.9,4.95,1.99,4.97,0.16,0.0,0.0,1027.0,8228.0,0.0,0.0,0.0,0.0,0.0,1.0,0.0,0.0,0.0,0.0,0.0,-0.5,0.0,0.0,0.0,0.0,16.0,25903.0
2026-07-30T19:03:51.776Z,401.259,401.274,0.0,7.4,0.0,0.0,0.0,0.0,0.0,0.0,0.0,0.0,1.0,0.0,0.0,0.0,9.0,4.0,0.0,0.0,0.0,0.0,0.0,0.0,0.0,0.0,2.0,12.0,1.0,12.18,5.0200000000000005,2.51,1.49,0.0,0.1,0.0,361.3,0.0,-0.2,1.2000000000000002,-0.6000000000000001,-169.70000000000002,0.0,0.0,169.70000000000002,0.0,21.700000000000003,28.9,28.9,30.9,300.0,300.0,31.700000000000003,35.9,28.9,28.0,29.9,4.95,1.99,4.96,0.16,0.0,0.0,1027.0,8228.0,0.0,0.0,0.0,0.0,0.0,1.0,0.0,0.0,0.0,0.0,0.0,0.9,0.0,0.8,0.0,0.0,16.0,25903.0
2026-07-30T19:03:51.787Z,401.27,401.286,0.0,7.4,0.0,0.0,0.0,0.0,0.0,0.0,0.0,0.0,1.0,0.0,0.0,0.0,9.0,4.0,0.0,0.0,0.0,0.0,0.0,0.0,0.0,0.0,3.0,12.0,1.0,12.18,5.0200000000000005,2.51,1.49,0.0,0.0,0.0,361.4,0.0,0.8,0.7000000000000001,-0.6000000000000001,-169.70000000000002,0.0,0.0,169.70000000000002,0.0,21.700000000000003,28.9,28.9,30.9,300.0,300.0,31.700000000000003,35.9,28.9,28.0,29.9,4.96,1.99,4.96,0.16,0.0,0.0,1027.0,8228.0,0.0,0.0,0.0,0.0,0.0,1.0,0.0,0.0,0.0,0.0,0.0,0.2,0.0,0.7000000000000001,0.0,0.0,16.0,25903.0
2026-07-30T19:03:51.799Z,401.282,401.298,0.0,7.4,0.0,0.0,0.0,0.0,0.0,0.0,0.0,0.0,1.0,0.0,0.0,0.0,9.0,4.0,0.0,0.0,0.0,0.0,0.0,0.0,0.0,0.0,4.0,12.0,1.0,12.18,5.0200000000000005,2.51,1.49,0.0,0.0,0.0,361.3,0.0,-0.9,-0.4,-0.7000000000000001,-169.70000000000002,0.0,0.0,169.8,0.0,21.700000000000003,28.9,28.9,30.9,300.0,300.0,31.700000000000003,35.9,28.9,28.0,29.9,4.95,1.99,4.97,0.16,0.0,0.0,1027.0,8228.0,0.0,0.0,0.0,0.0,0.0,1.0,0.0,0.0,0.0,0.0,0.0,-1.0,0.0,0.5,0.0,0.0,16.0,25903.0
2026-07-30T19:03:51.811Z,401.294,401.31,0.0,7.4,0.0,0.0,0.0,0.0,0.0,0.0,0.0,0.0,1.0,0.0,0.0,0.0,9.0,4.0,0.0,0.0,0.0,0.0,0.0,0.0,0.0,0.0,5.0,12.0,1.0,12.18,5.0200000000000005,2.51,1.49,0.0,0.0,0.0,361.2000000000001,0.0,0.2,-0.4,-0.1,-169.70000000000002,0.0,0.0,169.8,0.0,21.700000000000003,28.9,28.9,30.9,300.0,300.0,31.700000000000003,35.9,28.9,28.0,29.9,4.95,1.99,4.97,0.16,0.0,0.0,1027.0,8228.0,0.0,0.0,0.0,0.0,0.0,1.0,0.0,0.0,0.0,0.0,0.0,-0.6000000000000001,0.0,0.0,0.0,0.0,16.0,25903.0
2026-07-30T19:03:51.823Z,401.306,401.322,0.0,7.4,0.0,0.0,0.0,0.0,0.0,0.0,0.0,0.0,1.0,0.0,0.0,0.0,9.0,4.0,0.0,0.0,0.0,0.0,0.0,0.0,0.0,0.0,6.0,12.0,1.0,12.18,5.0200000000000005,2.51,1.49,0.0,0.0,0.0,361.4,0.0,0.2,1.2000000000000002,0.4,-169.70000000000002,0.0,0.0,169.70000000000002,0.0,21.700000000000003,28.9,28.9,30.9,300.0,300.0,31.700000000000003,35.9,28.9,28.0,29.9,4.95,2.0,4.96,0.16,0.0,0.0,1027.0,8228.0,0.0,0.0,0.0,0.0,0.0,1.0,0.0,0.0,0.0,0.0,0.0,1.7000000000000002,0.0,-0.1,0.0,0.0,16.0,25903.0
2026-07-30T19:03:51.836Z,401.319,401.334,0.0,7.4,0.0,0.0,0.0,0.0,0.0,0.0,0.0,0.0,1.0,0.0,0.0,0.0,9.0,4.0,0.0,0.0,0.0,0.0,0.0,0.0,0.0,0.0,6.0,12.0,1.0,12.18,5.0200000000000005,2.51,1.49,0.0,0.0,0.0,361.4,0.0,-0.9,0.7000000000000001,1.0,-169.70000000000002,0.0,0.0,169.8,0.0,21.700000000000003,28.9,28.9,30.9,300.0,300.0,31.700000000000003,35.9,28.9,28.0,29.9,4.96,1.99,4.96,0.15,0.0,0.0,1027.0,8228.0,0.0,0.0,0.0,0.0,0.0,1.0,0.0,0.0,0.0,0.0,0.0,1.5,0.0,-0.7000000000000001,0.0,0.0,16.0,25903.0
2026-07-30T19:03:51.847Z,401.33,401.346,0.0,7.4,0.0,0.0,0.0,0.0,0.0,0.0,0.0,0.0,1.0,0.0,0.0,0.0,9.0,4.0,0.0,0.0,0.0,0.0,0.0,0.0,0.0,0.0,2.0,12.0,1.0,12.18,5.0200000000000005,2.51,1.49,0.0,0.0,0.0,361.4,0.0,-0.3,-0.9,-0.1,-169.70000000000002,0.0,0.0,169.70000000000002,0.0,21.700000000000003,28.9,28.9,30.9,300.0,300.0,31.700000000000003,35.9,28.9,28.0,29.9,4.95,1.99,4.97,0.16,0.0,0.0,1027.0,8228.0,0.0,0.0,0.0,0.0,0.0,1.0,0.0,0.0,0.0,0.0,0.0,-1.2000000000000002,0.0,0.0,0.0,0.0,16.0,25903.0
2026-07-30T19:03:51.859Z,401.342,401.358,0.0,7.4,0.0,0.0,0.0,0.0,0.0,0.0,0.0,0.0,1.0,0.0,0.0,0.0,9.0,4.0,0.0,0.0,0.0,0.0,0.0,0.0,0.0,0.0,3.0,12.0,1.0,12.18,5.0200000000000005,2.51,1.49,0.0,0.0,0.0,361.4,0.0,0.3,-1.0,-1.2000000000000002,-169.70000000000002,0.0,0.0,169.70000000000002,0.0,21.8,28.9,28.9,30.9,300.0,300.0,31.9,35.9,28.9,28.0,29.9,4.96,2.0,4.97,0.16,0.0,0.0,1027.0,8228.0,0.0,0.0,0.0,0.0,0.0,1.0,0.0,0.0,0.0,0.0,0.0,-2.1,0.0,0.9,0.0,0.0,16.0,25903.0
2026-07-30T19:03:51.871Z,401.354,401.37,0.0,7.4,0.0,0.0,0.0,0.0,0.0,0.0,0.0,0.0,1.0,0.0,0.0,0.0,9.0,4.0,0.0,0.0,0.0,0.0,0.0,0.0,0.0,0.0,4.0,12.0,1.0,12.18,5.0200000000000005,2.51,1.49,0.0,0.0,0.0,361.4,0.0,-0.8,1.2000000000000002,-0.7000000000000001,-169.70000000000002,0.0,0.0,169.70000000000002,0.0,21.8,28.9,28.9,30.9,300.0,300.0,31.9,35.9,28.9,28.0,29.9,4.96,1.99,4.96,0.16,0.0,0.0,1027.0,8228.0,0.0,0.0,0.0,0.0,0.0,1.0,0.0,0.0,0.0,0.0,0.0,0.8,0.0,0.9,0.0,0.0,16.0,25903.0
2026-07-30T19:03:51.884Z,401.367,401.382,0.0,7.4,0.0,0.0,0.0,0.0,0.0,0.0,0.0,0.0,1.0,0.0,0.0,0.0,9.0,4.0,0.0,0.0,0.0,0.0,0.0,0.0,0.0,0.0,5.0,12.0,1.0,12.18,5.0200000000000005,2.51,1.49,0.0,0.0,0.0,361.3,0.0,0.2,-0.5,-0.2,-169.70000000000002,0.0,0.0,169.8,0.0,21.8,28.9,28.9,30.9,300.0,300.0,31.9,35.9,28.9,28.0,29.9,4.96,1.99,4.96,0.16,0.0,0.0,1027.0,8228.0,0.0,0.0,0.0,0.0,0.0,1.0,0.0,0.0,0.0,0.0,0.0,-0.8,0.0,0.0,0.0,0.0,16.0,25903.0
2026-07-30T19:03:51.896Z,401.379,401.394,0.0,7.4,0.0,0.0,0.0,0.0,0.0,0.0,0.0,0.0,1.0,0.0,0.0,0.0,9.0,4.0,0.0,0.0,0.0,0.0,0.0,0.0,0.0,0.0,6.0,12.0,1.0,12.18,5.0200000000000005,2.51,1.49,0.0,0.0,0.0,361.4,0.0,0.2,0.0,0.3,-169.70000000000002,0.0,0.0,169.70000000000002,0.0,21.8,28.9,28.9,30.9,300.0,300.0,31.9,35.9,28.9,28.0,29.9,4.96,1.99,4.97,0.16,0.0,0.0,1027.0,8228.0,0.0,0.0,0.0,0.0,0.0,1.0,0.0,0.0,0.0,0.0,0.0,0.3,0.0,-0.2,0.0,0.0,16.0,25903.0
2026-07-30T19:03:51.907Z,401.39,401.406,0.0,7.4,0.0,0.0,0.0,0.0,0.0,0.0,0.0,0.0,1.0,0.0,0.0,0.0,9.0,4.0,0.0,0.0,0.0,0.0,0.0,0.0,0.0,0.0,2.0,12.0,1.0,12.18,5.0200000000000005,2.51,1.49,0.0,0.0,0.0,361.4,0.0,0.2,0.6000000000000001,1.5,-169.70000000000002,0.0,0.0,169.70000000000002,0.0,21.8,28.9,28.9,30.9,300.0,300.0,31.9,35.9,28.9,28.0,29.9,4.96,1.99,4.96,0.16,0.0,0.0,1027.0,8228.0,0.0,0.0,0.0,0.0,0.0,1.0,0.0,0.0,0.0,0.0,0.0,1.9,0.0,-1.2000000000000002,0.0,0.0,16.0,25903.0
2026-07-30T19:03:51.919Z,401.402,401.418,0.0,7.4,0.0,0.0,0.0,0.0,0.0,0.0,0.0,0.0,1.0,0.0,0.0,0.0,9.0,4.0,0.0,0.0,0.0,0.0,0.0,0.0,0.0,0.0,3.0,12.0,1.0,12.18,5.0200000000000005,2.51,1.49,0.0,0.0,0.0,361.3,0.0,-0.9,0.0,-1.4,-169.70000000000002,0.0,0.0,169.60000000000002,0.0,21.8,28.9,28.9,30.9,300.0,300.0,31.9,35.9,28.9,28.0,29.9,4.96,1.99,4.97,0.16,0.0,0.0,1027.0,8228.0,0.0,0.0,0.0,0.0,0.0,1.0,0.0,0.0,0.0,0.0,0.0,3.1,0.0,-0.9,0.0,0.0,16.0,25903.0
2026-07-30T19:03:51.931Z,401.414,401.43,0.0,7.4,0.0,0.0,0.0,0.0,0.0,0.0,0.0,0.0,1.0,0.0,0.0,0.0,9.0,4.0,0.0,0.0,0.0,0.0,0.0,0.0,0.0,0.0,4.0,12.0,1.0,12.18,5.0200000000000005,2.51,1.49,0.0,0.0,0.0,361.3,0.0,0.2,0.0,0.9,-169.70000000000002,0.0,0.0,169.60000000000002,0.0,21.8,28.9,28.9,30.9,300.0,300.0,31.9,35.9,28.9,28.0,29.9,4.95,1.99,4.97,0.16,0.0,0.0,1027.0,8228.0,0.0,0.0,0.0,0.0,0.0,1.0,0.0,0.0,0.0,0.0,0.0,-0.3,0.0,1.3,0.0,0.0,16.0,25903.0
2026-07-30T19:03:51.943Z,401.426,401.442,0.0,7.4,0.0,0.0,0.0,0.0,0.0,0.0,0.0,0.0,1.0,0.0,0.0,0.0,9.0,4.0,0.0,0.0,0.0,0.0,0.0,0.0,0.0,0.0,5.0,12.0,1.0,12.18,5.0200000000000005,2.51,1.49,0.0,0.0,0.0,361.4,0.0,0.2,0.5,0.2,-169.70000000000002,0.0,0.0,169.60000000000002,0.0,21.8,28.9,28.9,30.9,300.0,300.0,31.9,35.9,28.9,28.0,29.9,4.96,1.99,4.97,0.16,0.0,0.0,1027.0,8228.0,0.0,0.0,0.0,0.0,0.0,1.0,0.0,0.0,0.0,0.0,0.0,-2.4000000000000004,0.0,1.0,0.0,0.0,16.0,25903.0
2026-07-30T19:03:51.956Z,401.439,401.454,0.0,7.4,0.0,0.0,0.0,0.0,0.0,0.0,0.0,0.0,1.0,0.0,0.0,0.0,9.0,4.0,0.0,0.0,0.0,0.0,0.0,0.0,0.0,0.0,6.0,12.0,1.0,12.2,5.01,2.51,1.49,0.0,0.0,0.0,361.3,0.0,-0.3,-1.2000000000000002,0.8,-169.70000000000002,0.0,0.0,169.70000000000002,0.0,21.700000000000003,28.9,28.9,30.9,300.0,300.0,31.700000000000003,35.9,28.8,28.0,29.9,4.96,1.99,4.97,0.16,0.0,0.0,1027.0,8228.0,0.0,0.0,0.0,0.0,0.0,1.0,0.0,0.0,0.0,0.0,0.0,-2.4000000000000004,0.0,1.0,0.0,0.0,16.0,25903.0
2026-07-30T19:03:51.967Z,401.45,401.466,0.0,7.4,0.0,0.0,0.0,0.0,0.0,0.0,0.0,0.0,1.0,0.0,0.0,0.0,9.0,4.0,0.0,0.0,0.0,0.0,0.0,0.0,0.0,0.0,1.0,12.0,1.0,12.2,5.01,2.51,1.49,0.0,0.0,0.0,361.4,0.0,0.2,1.7000000000000002,0.8,-169.70000000000002,0.0,0.0,169.8,0.0,21.700000000000003,28.9,28.9,30.9,300.0,300.0,31.700000000000003,35.9,28.8,28.0,29.9,4.96,1.99,4.97,0.16,0.0,0.0,1027.0,8228.0,0.0,0.0,0.0,0.0,0.0,1.0,0.0,0.0,0.0,0.0,0.0,2.6,0.0,-0.4,0.0,0.0,16.0,25903.0
2026-07-30T19:03:51.979Z,401.462,401.478,0.0,7.4,0.0,0.0,0.0,0.0,0.0,0.0,0.0,0.0,1.0,0.0,0.0,0.0,9.0,4.0,0.0,0.0,0.0,0.0,0.0,0.0,0.0,0.0,3.0,12.0,1.0,12.2,5.01,2.51,1.49,0.0,0.0,0.0,361.3,0.0,0.2,0.0,0.3,-169.70000000000002,0.0,0.0,169.70000000000002,0.0,21.700000000000003,28.9,28.9,30.9,300.0,300.0,31.700000000000003,35.9,28.8,28.0,29.9,4.96,1.99,4.97,0.16,0.0,0.0,1027.0,8228.0,0.0,0.0,0.0,0.0,0.0,1.0,0.0,0.0,0.0,0.0,0.0,0.2,0.0,-0.2,0.0,0.0,16.0,25903.0
2026-07-30T19:03:51.991Z,401.474,401.49,0.0,7.4,0.0,0.0,0.0,0.0,0.0,0.0,0.0,0.0,1.0,0.0,0.0,0.0,9.0,4.0,0.0,0.0,0.0,0.0,0.0,0.0,0.0,0.0,5.0,12.0,1.0,12.2,5.01,2.51,1.49,0.0,0.0,0.0,361.4,0.0,0.2,-1.1,-1.4,-169.70000000000002,0.0,0.0,169.70000000000002,0.0,21.700000000000003,28.9,28.9,30.9,300.0,300.0,31.700000000000003,35.9,28.8,28.0,29.9,4.96,1.99,4.96,0.16,0.0,0.0,1027.0,8228.0,0.0,0.0,0.0,0.0,0.0,1.0,0.0,0.0,0.0,0.0,0.0,-2.3000000000000003,0.0,1.0,0.0,0.0,16.0,25903.0
2026-07-30T19:03:52.003Z,401.486,401.502,0.0,7.4,0.0,0.0,0.0,0.0,0.0,0.0,0.0,0.0,1.0,0.0,0.0,0.0,9.0,4.0,0.0,0.0,0.0,0.0,0.0,0.0,0.0,0.0,6.0,12.0,1.0,12.2,5.01,2.51,1.49,0.0,0.0,0.0,361.4,0.0,1.4,-0.5,-0.2,-169.70000000000002,0.0,0.0,169.70000000000002,0.0,21.700000000000003,28.9,28.9,30.9,300.0,300.0,31.700000000000003,35.9,28.8,28.0,29.9,4.95,1.99,4.97,0.16,0.0,0.0,1027.0,8228.0,0.0,0.0,0.0,0.0,0.0,1.0,0.0,0.0,0.0,0.0,0.0,-0.8,0.0,0.1,0.0,0.0,16.0,25903.0
2026-07-30T19:03:52.015Z,401.498,401.514,0.0,7.4,0.0,0.0,0.0,0.0,0.0,0.0,0.0,0.0,1.0,0.0,0.0,0.0,9.0,4.0,0.0,0.0,0.0,0.0,0.0,0.0,0.0,0.0,1.0,12.0,1.0,12.2,5.01,2.51,1.49,0.0,0.0,0.0,361.4,0.0,0.2,-0.5,-0.8,-169.70000000000002,0.0,0.0,169.8,0.0,21.700000000000003,28.9,28.9,30.9,300.0,300.0,31.700000000000003,35.9,28.8,28.0,29.9,4.95,2.0,4.96,0.16,0.0,0.0,1027.0,8228.0,0.0,0.0,0.0,0.0,0.0,1.0,0.0,0.0,0.0,0.0,0.0,-1.2000000000000002,0.0,0.6000000000000001,0.0,0.0,16.0,25903.0
2026-07-30T19:03:52.027Z,401.51,401.526,0.0,7.4,0.0,0.0,0.0,0.0,0.0,0.0,0.0,0.0,1.0,0.0,0.0,0.0,9.0,4.0,0.0,0.0,0.0,0.0,0.0,0.0,0.0,0.0,3.0,12.0,1.0,12.2,5.01,2.51,1.49,0.0,0.1,0.0,361.3,0.0,0.2,-0.4,-0.8,-169.70000000000002,0.0,0.0,169.8,0.0,21.700000000000003,28.9,28.9,30.9,300.0,300.0,31.700000000000003,35.9,28.8,28.0,29.9,4.96,2.0,4.96,0.16,0.0,0.0,1027.0,8228.0,0.0,0.0,0.0,0.0,0.0,1.0,0.0,0.0,0.0,0.0,0.0,-1.1,0.0,0.6000000000000001,0.0,0.0,16.0,25903.0
2026-07-30T19:03:52.039Z,401.522,401.538,0.0,7.4,0.0,0.0,0.0,0.0,0.0,0.0,0.0,0.0,1.0,0.0,0.0,0.0,9.0,4.0,0.0,0.0,0.0,0.0,0.0,0.0,0.0,0.0,4.0,12.0,1.0,12.2,5.01,2.51,1.49,0.0,0.0,0.0,361.3,0.0,-0.8,-0.4,0.3,-169.70000000000002,0.0,0.0,169.70000000000002,0.0,21.700000000000003,28.9,28.9,30.9,300.0,300.0,31.700000000000003,35.9,28.8,28.0,29.9,4.95,2.0,4.96,0.16,0.0,0.0,1027.0,8228.0,0.0,0.0,0.0,0.0,0.0,1.0,0.0,0.0,0.0,0.0,0.0,-0.2,0.0,-0.3,0.0,0.0,16.0,25903.0
2026-07-30T19:03:52.051Z,401.534,401.55,0.0,7.4,0.0,0.0,0.0,0.0,0.0,0.0,0.0,0.0,1.0,0.0,0.0,0.0,9.0,4.0,0.0,0.0,0.0,0.0,0.0,0.0,0.0,0.0,6.0,12.0,1.0,12.2,5.01,2.51,1.49,0.0,0.0,0.0,361.4,0.0,0.8,0.6000000000000001,-0.7000000000000001,-169.60000000000002,0.0,0.0,169.60000000000002,0.0,21.700000000000003,28.9,28.9,30.9,300.0,300.0,31.700000000000003,35.9,28.8,28.0,29.9,4.96,2.0,4.97,0.16,0.0,0.0,1027.0,8228.0,0.0,0.0,0.0,0.0,0.0,1.0,0.0,0.0,0.0,0.0,0.0,0.2,0.0,0.8,0.0,0.0,16.0,25903.0
2026-07-30T19:03:52.063Z,401.546,401.562,0.0,7.4,0.0,0.0,0.0,0.0,0.0,0.0,0.0,0.0,1.0,0.0,0.0,0.0,9.0,4.0,0.0,0.0,0.0,0.0,0.0,0.0,0.0,0.0,1.0,12.0,1.0,12.17,5.0200000000000005,2.5,1.5,0.0,0.0,0.0,361.4,0.0,0.3,-0.4,-0.7000000000000001,-169.60000000000002,0.0,0.0,169.60000000000002,0.0,21.4,28.9,28.9,30.9,300.0,300.0,31.6,35.9,28.8,28.0,29.9,4.96,1.99,4.96,0.16,0.0,0.0,1027.0,8228.0,0.0,0.0,0.0,0.0,0.0,1.0,0.0,0.0,0.0,0.0,0.0,-1.0,0.0,0.5,0.0,0.0,16.0,25903.0
2026-07-30T19:03:52.075Z,401.558,401.574,0.0,7.4,0.0,0.0,0.0,0.0,0.0,0.0,0.0,0.0,1.0,0.0,0.0,0.0,9.0,4.0,0.0,0.0,0.0,0.0,0.0,0.0,0.0,0.0,3.0,12.0,1.0,12.17,5.0200000000000005,2.5,1.5,0.0,0.0,0.0,361.3,0.0,-0.2,-0.4,-0.1,-169.60000000000002,0.0,0.0,169.60000000000002,0.0,21.4,28.9,28.9,30.9,300.0,300.0,31.6,35.9,28.8,28.0,29.9,4.96,1.99,4.96,0.16,0.0,0.0,1027.0,8228.0,0.0,0.0,0.0,0.0,0.0,1.0,0.0,0.0,0.0,0.0,0.0,-0.6000000000000001,0.0,0.0,0.0,0.0,16.0,25903.0
2026-07-30T19:03:52.087Z,401.57,401.586,0.0,7.4,0.0,0.0,0.0,0.0,0.0,0.0,0.0,0.0,1.0,0.0,0.0,0.0,9.0,4.0,0.0,0.0,0.0,0.0,0.0,0.0,0.0,0.0,4.0,12.0,1.0,12.17,5.0200000000000005,2.5,1.5,0.0,0.0,0.0,361.3,0.0,-0.2,0.7000000000000001,0.9,-169.60000000000002,0.0,0.0,169.60000000000002,0.0,21.4,28.9,28.9,30.9,300.0,300.0,31.6,35.9,28.8,28.0,29.9,4.95,1.99,4.97,0.16,0.0,0.0,1027.0,8228.0,0.0,0.0,0.0,0.0,0.0,1.0,0.0,0.0,0.0,0.0,0.0,1.5,0.0,-0.7000000000000001,0.0,0.0,16.0,25903.0
2026-07-30T19:03:52.099Z,401.582,401.598,0.0,7.4,0.0,0.0,0.0,0.0,0.0,0.0,0.0,0.0,1.0,0.0,0.0,0.0,9.0,4.0,0.0,0.0,0.0,0.0,0.0,0.0,0.0,0.0,6.0,12.0,1.0,12.17,5.0200000000000005,2.5,1.5,0.0,0.0,0.0,361.3,0.0,-0.8,-1.6,-0.7000000000000001,-169.60000000000002,0.0,0.0,169.60000000000002,0.0,21.4,28.9,28.9,30.9,300.0,300.0,31.6,35.9,28.8,28.0,29.9,4.96,1.99,4.96,0.16,0.0,0.0,1027.0,8228.0,0.0,0.0,0.0,0.0,0.0,1.0,0.0,0.0,0.0,0.0,0.0,-2.4000000000000004,0.0,0.3,0.0,0.0,16.0,25903.0
2026-07-30T19:03:52.111Z,401.594,401.61,0.0,7.4,0.0,0.0,0.0,0.0,0.0,0.0,0.0,0.0,1.0,0.0,0.0,0.0,9.0,4.0,0.0,0.0,0.0,0.0,0.0,0.0,0.0,0.0,1.0,12.0,1.0,12.17,5.0200000000000005,2.5,1.5,0.0,0.0,0.0,361.4,0.0,0.9,0.0,-1.3,-169.60000000000002,0.0,0.0,169.70000000000002,0.0,21.4,28.9,28.9,30.9,300.0,300.0,31.6,35.9,28.8,28.0,29.9,4.96,2.0,4.96,0.16,0.0,0.0,1027.0,8228.0,0.0,0.0,0.0,0.0,0.0,1.0,0.0,0.0,0.0,0.0,0.0,-0.9,0.0,1.2000000000000002,0.0,0.0,16.0,25903.0
2026-07-30T19:03:52.123Z,401.606,401.622,0.0,7.4,0.0,0.0,0.0,0.0,0.0,0.0,0.0,0.0,1.0,0.0,0.0,0.0,9.0,4.0,0.0,0.0,0.0,0.0,0.0,0.0,0.0,0.0,3.0,12.0,1.0,12.17,5.0200000000000005,2.5,1.5,0.0,0.0,0.0,361.4,0.0,-0.8,-0.5,-0.2,-169.60000000000002,0.0,0.0,169.60000000000002,0.0,21.4,28.9,28.9,30.9,300.0,300.0,31.6,35.9,28.8,28.0,29.9,4.95,1.99,4.96,0.16,0.0,0.0,1027.0,8228.0,0.0,0.0,0.0,0.0,0.0,1.0,0.0,0.0,0.0,0.0,0.0,-0.8,0.0,0.1,0.0,0.0,16.0,25903.0
2026-07-30T19:03:52.135Z,401.618,401.634,0.0,7.4,0.0,0.0,0.0,0.0,0.0,0.0,0.0,0.0,1.0,0.0,0.0,0.0,9.0,4.0,0.0,0.0,0.0,0.0,0.0,0.0,0.0,0.0,4.0,12.0,1.0,12.17,5.0200000000000005,2.5,1.5,0.0,0.0,0.0,361.3,0.0,-0.2,-0.5,0.3,-169.60000000000002,0.0,0.0,169.60000000000002,0.0,21.4,28.9,28.9,30.9,300.0,300.0,31.6,35.9,28.8,28.0,29.9,4.95,1.99,4.97,0.16,0.0,0.0,1027.0,8228.0,0.0,0.0,0.0,0.0,0.0,1.0,0.0,0.0,0.0,0.0,0.0,-0.3,0.0,-0.3,0.0,0.0,16.0,25903.0
2026-07-30T19:03:52.147Z,401.63,401.646,0.0,7.4,0.0,0.0,0.0,0.0,0.0,0.0,0.0,0.0,1.0,0.0,0.0,0.0,9.0,4.0,0.0,0.0,0.0,0.0,0.0,0.0,0.0,0.0,6.0,12.0,1.0,12.17,5.0200000000000005,2.5,1.5,0.0,0.0,0.0,361.4,0.0,-0.2,-0.5,0.3,-169.60000000000002,0.0,0.0,169.60000000000002,0.0,21.4,28.9,28.9,30.9,300.0,300.0,31.6,35.9,28.8,28.0,29.9,4.96,1.99,4.96,0.16,0.0,0.0,1027.0,8228.0,0.0,0.0,0.0,0.0,0.0,1.0,0.0,0.0,0.0,0.0,0.0,-0.3,0.0,-0.3,0.0,0.0,16.0,25903.0
2026-07-30T19:03:52.160Z,401.643,401.658,0.0,7.4,0.0,0.0,0.0,0.0,0.0,0.0,0.0,0.0,1.0,0.0,0.0,0.0,9.0,4.0,0.0,0.0,0.0,0.0,0.0,0.0,0.0,0.0,1.0,12.0,1.0,12.11,5.01,2.5,1.49,0.0,0.0,0.0,361.4,0.0,0.3,0.5,1.4,-169.60000000000002,0.0,0.0,169.70000000000002,0.0,21.200000000000003,28.9,28.9,30.9,300.0,300.0,31.700000000000003,35.9,28.8,28.0,29.9,4.96,1.99,4.97,0.16,0.0,0.0,1027.0,8228.0,0.0,0.0,0.0,0.0,0.0,1.0,0.0,0.0,0.0,0.0,0.0,1.7000000000000002,0.0,-1.1,0.0,0.0,16.0,25903.0
2026-07-30T19:03:52.171Z,401.654,401.67,0.0,7.4,0.0,0.0,0.0,0.0,0.0,0.0,0.0,0.0,1.0,0.0,0.0,0.0,9.0,4.0,0.0,0.0,0.0,0.0,0.0,0.0,0.0,0.0,3.0,12.0,1.0,12.11,5.01,2.5,1.49,0.0,0.1,0.0,361.4,0.0,0.3,1.2000000000000002,-0.2,-169.60000000000002,0.0,0.0,169.60000000000002,0.0,21.200000000000003,28.9,28.9,30.9,300.0,300.0,31.700000000000003,35.9,28.8,28.0,29.9,4.95,1.99,4.97,0.16,0.0,0.0,1027.0,8228.0,0.0,0.0,0.0,0.0,0.0,1.0,0.0,0.0,0.0,0.0,0.0,1.1,0.0,0.4,0.0,0.0,16.0,25903.0
2026-07-30T19:03:52.183Z,401.666,401.682,0.0,7.4,0.0,0.0,0.0,0.0,0.0,0.0,0.0,0.0,1.0,0.0,0.0,0.0,9.0,4.0,0.0,0.0,0.0,0.0,0.0,0.0,0.0,0.0,3.0,12.0,1.0,12.11,5.01,2.5,1.49,0.0,0.1,0.0,361.3,0.0,-0.2,0.1,2.1,-169.60000000000002,0.0,0.0,169.60000000000002,0.0,21.200000000000003,28.9,28.9,30.9,300.0,300.0,31.700000000000003,35.9,28.8,28.0,29.9,4.95,1.99,4.96,0.16,0.0,0.0,1027.0,8228.0,0.0,0.0,0.0,0.0,0.0,1.0,0.0,0.0,0.0,0.0,0.0,1.6,0.0,-1.8,0.0,0.0,16.0,25903.0
2026-07-30T19:03:52.195Z,401.678,401.694,0.0,7.4,0.0,0.0,0.0,0.0,0.0,0.0,0.0,0.0,1.0,0.0,0.0,0.0,9.0,4.0,0.0,0.0,0.0,0.0,0.0,0.0,0.0,0.0,6.0,12.0,1.0,12.11,5.01,2.5,1.49,0.0,0.0,0.0,361.3,0.0,-0.2,-1.0,0.3,-169.60000000000002,0.0,0.0,169.60000000000002,0.0,21.200000000000003,28.9,28.9,30.9,300.0,300.0,31.700000000000003,35.9,28.8,28.0,29.9,4.95,2.0,4.96,0.16,0.0,0.0,1027.0,8228.0,0.0,0.0,0.0,0.0,0.0,1.0,0.0,0.0,0.0,0.0,0.0,-0.9,0.0,-0.5,0.0,0.0,16.0,25903.0
2026-07-30T19:03:52.208Z,401.691,401.706,0.0,7.4,0.0,0.0,0.0,0.0,0.0,0.0,0.0,0.0,1.0,0.0,0.0,0.0,9.0,4.0,0.0,0.0,0.0,0.0,0.0,0.0,0.0,0.0,2.0,12.0,1.0,12.11,5.01,2.5,1.49,0.0,0.0,0.0,361.3,0.0,0.2,0.6000000000000001,0.9,-169.60000000000002,0.0,0.0,169.70000000000002,0.0,21.200000000000003,28.9,28.9,30.9,300.0,300.0,31.700000000000003,35.9,28.8,28.0,29.9,4.95,1.99,4.97,0.16,0.0,0.0,1027.0,8228.0,0.0,0.0,0.0,0.0,0.0,1.0,0.0,0.0,0.0,0.0,0.0,1.4,0.0,-0.6000000000000001,0.0,0.0,16.0,25903.0
2026-07-30T19:03:52.219Z,401.702,401.718,0.0,7.4,0.0,0.0,0.0,0.0,0.0,0.0,0.0,0.0,1.0,0.0,0.0,0.0,9.0,4.0,0.0,0.0,0.0,0.0,0.0,0.0,0.0,0.0,3.0,12.0,1.0,12.11,5.01,2.5,1.49,0.0,0.0,0.0,361.4,0.0,-0.3,-0.4,0.3,-169.60000000000002,0.0,0.0,169.70000000000002,0.0,21.200000000000003,28.9,28.9,30.9,300.0,300.0,31.700000000000003,35.9,28.8,28.0,29.9,4.95,2.0,4.97,0.16,0.0,0.0,1027.0,8228.0,0.0,0.0,0.0,0.0,0.0,1.0,0.0,0.0,0.0,0.0,0.0,-0.2,0.0,-0.4,0.0,0.0,16.0,25903.0
2026-07-30T19:03:52.231Z,401.714,401.73,0.0,7.4,0.0,0.0,0.0,0.0,0.0,0.0,0.0,0.0,1.0,0.0,0.0,0.0,9.0,4.0,0.0,0.0,0.0,0.0,0.0,0.0,0.0,0.0,4.0,12.0,1.0,12.11,5.01,2.5,1.49,0.0,0.0,0.0,361.3,0.0,0.2,0.1,-0.8,-169.60000000000002,0.0,0.0,169.8,0.0,21.200000000000003,28.9,28.9,30.9,300.0,300.0,31.700000000000003,35.9,28.8,28.0,29.9,4.96,2.0,4.96,0.16,0.0,0.0,1027.0,8228.0,0.0,0.0,0.0,0.0,0.0,1.0,0.0,0.0,0.0,0.0,0.0,-0.4,0.0,0.7000000000000001,0.0,0.0,16.0,25903.0
2026-07-30T19:03:52.243Z,401.726,401.742,0.0,7.4,0.0,0.0,0.0,0.0,0.0,0.0,0.0,0.0,1.0,0.0,0.0,0.0,9.0,4.0,0.0,0.0,0.0,0.0,0.0,0.0,0.0,0.0,6.0,12.0,1.0,12.11,5.01,2.5,1.49,0.0,0.0,0.0,361.4,0.0,0.8,0.1,-0.2,-169.60000000000002,0.0,0.0,169.70000000000002,0.0,21.200000000000003,28.9,28.9,30.9,300.0,300.0,31.700000000000003,35.9,28.8,28.0,29.9,4.95,1.99,4.97,0.16,0.0,0.0,1027.0,8228.0,0.0,0.0,0.0,0.0,0.0,1.0,0.0,0.0,0.0,0.0,0.0,0.0,0.0,0.2,0.0,0.0,16.0,25903.0
2026-07-30T19:03:52.256Z,401.739,401.754,0.0,7.4,0.0,0.0,0.0,0.0,0.0,0.0,0.0,0.0,1.0,0.0,0.0,0.0,9.0,4.0,0.0,0.0,0.0,0.0,0.0,0.0,0.0,0.0,1.0,12.0,1.0,12.11,5.01,2.5,1.49,0.0,0.0,0.0,361.3,0.0,1.4,1.7000000000000002,0.8,-169.60000000000002,0.0,0.0,169.70000000000002,0.0,21.200000000000003,28.9,28.9,30.9,300.0,300.0,31.700000000000003,35.9,28.8,28.0,29.9,4.95,1.99,4.96,0.16,0.0,0.0,1027.0,8228.0,0.0,0.0,0.0,0.0,0.0,1.0,0.0,0.0,0.0,0.0,0.0,2.6,0.0,-0.4,0.0,0.0,16.0,25903.0
2026-07-30T19:03:52.267Z,401.75,401.766,0.0,7.4,0.0,0.0,0.0,0.0,0.0,0.0,0.0,0.0,1.0,0.0,0.0,0.0,9.0,4.0,0.0,0.0,0.0,0.0,0.0,0.0,0.0,0.0,3.0,12.0,1.0,12.18,5.01,2.5,1.49,0.0,0.0,0.0,361.4,0.0,0.8,1.2000000000000002,-0.8,-169.60000000000002,0.0,0.0,169.70000000000002,0.0,21.3,28.9,28.9,30.9,300.0,300.0,31.8,35.9,28.8,28.0,29.9,4.96,2.0,4.96,0.16,0.0,0.0,1027.0,8228.0,0.0,0.0,0.0,0.0,0.0,1.0,0.0,0.0,0.0,0.0,0.0,0.7000000000000001,0.0,0.9,0.0,0.0,16.0,25903.0
2026-07-30T19:03:52.280Z,401.763,401.778,0.0,7.4,0.0,0.0,0.0,0.0,0.0,0.0,0.0,0.0,1.0,0.0,0.0,0.0,9.0,4.0,0.0,0.0,0.0,0.0,0.0,0.0,0.0,0.0,4.0,12.0,1.0,12.18,5.01,2.5,1.49,0.0,0.1,0.0,361.3,0.0,-1.5,-1.7000000000000002,-2.0,-169.60000000000002,0.0,0.0,169.70000000000002,0.0,21.3,28.9,28.9,30.9,300.0,300.0,31.8,35.9,28.8,28.0,29.9,4.95,2.0,4.96,0.16,0.0,0.0,1027.0,8228.0,0.0,0.0,0.0,0.0,0.0,1.0,0.0,0.0,0.0,0.0,0.0,-3.4000000000000004,0.0,1.4,0.0,0.0,16.0,25903.0
2026-07-30T19:03:52.291Z,401.774,401.79,0.0,7.4,0.0,0.0,0.0,0.0,0.0,0.0,0.0,0.0,1.0,0.0,0.0,0.0,9.0,4.0,0.0,0.0,0.0,0.0,0.0,0.0,0.0,0.0,6.0,12.0,1.0,12.18,5.01,2.5,1.49,0.0,0.0,0.0,361.3,0.0,-0.3,-0.6000000000000001,0.8,-169.60000000000002,0.0,0.0,169.70000000000002,0.0,21.3,28.9,28.9,30.9,300.0,300.0,31.8,35.9,28.8,28.0,29.9,4.95,1.99,4.97,0.16,0.0,0.0,1027.0,8228.0,0.0,0.0,0.0,0.0,0.0,1.0,0.0,0.0,0.0,0.0,0.0,0.0,0.0,-0.8,0.0,0.0,16.0,25903.0
2026-07-30T19:03:52.303Z,401.786,401.802,0.0,7.4,0.0,0.0,0.0,0.0,0.0,0.0,0.0,0.0,1.0,0.0,0.0,0.0,9.0,4.0,0.0,0.0,0.0,0.0,0.0,0.0,0.0,0.0,1.0,12.0,1.0,12.18,5.01,2.5,1.49,0.0,0.0,0.0,361.3,0.0,1.4,0.6000000000000001,-0.2,-169.60000000000002,0.0,0.0,169.70000000000002,0.0,21.3,28.9,28.9,30.9,300.0,300.0,31.8,35.9,28.8,28.0,29.9,4.95,2.0,4.96,0.16,0.0,0.0,1027.0,8228.0,0.0,0.0,0.0,0.0,0.0,1.0,0.0,0.0,0.0,0.0,0.0,0.5,0.0,0.3,0.0,0.0,16.0,25903.0
2026-07-30T19:03:52.315Z,401.798,401.814,0.0,7.4,0.0,0.0,0.0,0.0,0.0,0.0,0.0,0.0,1.0,0.0,0.0,0.0,9.0,4.0,0.0,0.0,0.0,0.0,0.0,0.0,0.0,0.0,3.0,12.0,1.0,12.18,5.01,2.5,1.49,0.0,0.0,0.0,361.4,0.0,0.2,0.0,0.9,-169.60000000000002,0.0,0.0,169.60000000000002,0.0,21.3,28.9,28.9,30.9,300.0,300.0,31.8,35.9,28.8,28.0,29.9,4.96,1.99,4.96,0.16,0.0,0.0,1027.0,8228.0,0.0,0.0,0.0,0.0,0.0,1.0,0.0,0.0,0.0,0.0,0.0,0.7000000000000001,0.0,-0.8,0.0,0.0,16.0,25903.0
2026-07-30T19:03:52.328Z,401.811,401.826,0.0,7.4,0.0,0.0,0.0,0.0,0.0,0.0,0.0,0.0,1.0,0.0,0.0,0.0,9.0,4.0,0.0,0.0,0.0,0.0,0.0,0.0,0.0,0.0,4.0,12.0,1.0,12.18,5.01,2.5,1.49,0.0,0.1,0.0,361.4,0.0,-0.3,-1.1,-0.2,-169.60000000000002,0.0,0.0,169.8,0.0,21.3,28.9,28.9,30.9,300.0,300.0,31.8,35.9,28.8,28.0,29.9,4.95,1.99,4.97,0.16,0.0,0.0,1027.0,8228.0,0.0,0.0,0.0,0.0,0.0,1.0,0.0,0.0,0.0,0.0,0.0,-1.4,0.0,0.0,0.0,0.0,16.0,25903.0
2026-07-30T19:03:52.339Z,401.822,401.838,0.0,7.4,0.0,0.0,0.0,0.0,0.0,0.0,0.0,0.0,1.0,0.0,0.0,0.0,9.0,4.0,0.0,0.0,0.0,0.0,0.0,0.0,0.0,0.0,6.0,12.0,1.0,12.18,5.01,2.5,1.49,0.0,0.0,0.0,361.4,0.0,0.2,-1.1,-0.2,-169.60000000000002,0.0,0.0,169.70000000000002,0.0,21.3,28.9,28.9,30.9,300.0,300.0,31.8,35.9,28.8,28.0,29.9,4.96,1.99,4.96,0.16,0.0,0.0,1027.0,8228.0,0.0,0.0,0.0,0.0,0.0,1.0,0.0,0.0,0.0,0.0,0.0,-1.4,0.0,0.0,0.0,0.0,16.0,25903.0
2026-07-30T19:03:52.352Z,401.835,401.85,0.0,7.4,0.0,0.0,0.0,0.0,0.0,0.0,0.0,0.0,1.0,0.0,0.0,0.0,9.0,4.0,0.0,0.0,0.0,0.0,0.0,0.0,0.0,0.0,1.0,12.0,1.0,12.18,5.01,2.5,1.49,0.0,0.0,0.0,361.4,0.0,-0.3,0.0,-0.2,-169.60000000000002,0.0,0.0,169.70000000000002,0.0,21.3,28.9,28.9,30.9,300.0,300.0,31.8,35.9,28.8,28.0,29.9,4.96,1.99,4.96,0.16,0.0,0.0,1027.0,8228.0,0.0,0.0,0.0,0.0,0.0,1.0,0.0,0.0,0.0,0.0,0.0,-0.1,0.0,0.2,0.0,0.0,16.0,25903.0
2026-07-30T19:03:52.364Z,401.847,401.862,0.0,7.4,0.0,0.0,0.0,0.0,0.0,0.0,0.0,0.0,1.0,0.0,0.0,0.0,9.0,4.0,0.0,0.0,0.0,0.0,0.0,0.0,0.0,0.0,3.0,12.0,1.0,12.17,5.01,2.51,1.49,0.0,0.0,0.0,361.3,0.0,0.2,0.0,-0.7000000000000001,-169.60000000000002,0.0,0.0,169.70000000000002,0.0,21.3,28.9,28.9,30.9,300.0,300.0,31.700000000000003,35.9,28.8,28.0,29.9,4.95,1.99,4.96,0.16,0.0,0.0,1027.0,8228.0,0.0,0.0,0.0,0.0,0.0,1.0,0.0,0.0,0.0,0.0,0.0,-0.4,0.0,0.6000000000000001,0.0,0.0,16.0,25903.0
2026-07-30T19:03:52.375Z,401.858,401.874,0.0,7.4,0.0,0.0,0.0,0.0,0.0,0.0,0.0,0.0,1.0,0.0,0.0,0.0,9.0,4.0,0.0,0.0,0.0,0.0,0.0,0.0,0.0,0.0,4.0,12.0,1.0,12.17,5.01,2.51,1.49,0.0,0.0,0.0,361.4,0.0,0.2,0.6000000000000001,-0.1,-169.60000000000002,0.0,0.0,169.70000000000002,0.0,21.3,28.9,28.9,30.9,300.0,300.0,31.700000000000003,35.9,28.8,28.0,29.9,4.95,1.99,4.97,0.16,0.0,0.0,1027.0,8228.0,0.0,0.0,0.0,0.0,0.0,1.0,0.0,0.0,0.0,0.0,0.0,0.5,0.0,0.2,0.0,0.0,16.0,25903.0
2026-07-30T19:03:52.387Z,401.87,401.886,0.0,7.4,0.0,0.0,0.0,0.0,0.0,0.0,0.0,0.0,1.0,0.0,0.0,0.0,9.0,4.0,0.0,0.0,0.0,0.0,0.0,0.0,0.0,0.0,6.0,12.0,1.0,12.17,5.01,2.51,1.49,0.0,0.0,0.0,361.4,0.0,0.1,-0.5,-0.1,-169.60000000000002,0.0,0.0,169.8,0.0,21.3,28.9,28.9,30.9,300.0,300.0,31.700000000000003,35.9,28.8,28.0,29.9,4.96,1.99,4.96,0.16,0.0,0.0,1027.0,8228.0,0.0,0.0,0.0,0.0,0.0,1.0,0.0,0.0,0.0,0.0,0.0,-0.7000000000000001,0.0,0.0,0.0,0.0,16.0,25903.0
2026-07-30T19:03:52.399Z,401.882,401.898,0.0,7.4,0.0,0.0,0.0,0.0,0.0,0.0,0.0,0.0,1.0,0.0,0.0,0.0,9.0,4.0,0.0,0.0,0.0,0.0,0.0,0.0,0.0,0.0,1.0,12.0,1.0,12.17,5.01,2.51,1.49,0.0,0.0,0.0,361.4,0.0,0.1,0.0,0.4,-169.60000000000002,0.0,0.0,169.8,0.0,21.3,28.9,28.9,30.9,300.0,300.0,31.700000000000003,35.9,28.8,28.0,29.9,4.96,1.99,4.97,0.16,0.0,0.0,1027.0,8228.0,0.0,0.0,0.0,0.0,0.0,1.0,0.0,0.0,0.0,0.0,0.0,0.3,0.0,-0.3,0.0,0.0,16.0,25903.0
2026-07-30T19:03:52.411Z,401.894,401.91,0.0,7.4,0.0,0.0,0.0,0.0,0.0,0.0,0.0,0.0,1.0,0.0,0.0,0.0,9.0,4.0,0.0,0.0,0.0,0.0,0.0,0.0,0.0,0.0,2.0,12.0,1.0,12.17,5.01,2.51,1.49,0.0,0.0,0.0,361.4,0.0,-0.4,0.0,-0.7000000000000001,-169.70000000000002,0.0,0.0,169.8,0.0,21.3,28.9,28.9,30.9,300.0,300.0,31.700000000000003,35.9,28.8,28.0,29.9,4.96,1.99,4.97,0.16,0.0,0.0,1027.0,8228.0,0.0,0.0,0.0,0.0,0.0,1.0,0.0,0.0,0.0,0.0,0.0,-0.4,0.0,0.6000000000000001,0.0,0.0,16.0,25903.0
2026-07-30T19:03:52.423Z,401.906,401.922,0.0,7.4,0.0,0.0,0.0,0.0,0.0,0.0,0.0,0.0,1.0,0.0,0.0,0.0,9.0,4.0,0.0,0.0,0.0,0.0,0.0,0.0,0.0,0.0,4.0,12.0,1.0,12.17,5.01,2.51,1.49,0.0,0.0,0.0,361.4,0.0,0.7000000000000001,-0.5,-0.1,-169.70000000000002,0.0,0.0,169.70000000000002,0.0,21.3,28.9,28.9,30.9,300.0,300.0,31.700000000000003,35.9,28.8,28.0,29.9,4.96,1.99,4.96,0.16,0.0,0.0,1027.0,8228.0,0.0,0.0,0.0,0.0,0.0,1.0,0.0,0.0,0.0,0.0,0.0,-0.7000000000000001,0.0,0.0,0.0,0.0,16.0,25903.0
2026-07-30T19:03:52.435Z,401.918,401.934,0.0,7.4,0.0,0.0,0.0,0.0,0.0,0.0,0.0,0.0,1.0,0.0,0.0,0.0,9.0,4.0,0.0,0.0,0.0,0.0,0.0,0.0,0.0,0.0,6.0,12.0,1.0,12.17,5.01,2.51,1.49,0.0,0.0,0.0,361.4,0.0,0.2,0.0,1.0,-169.70000000000002,0.0,0.0,169.8,0.0,21.3,28.9,28.9,30.9,300.0,300.0,31.700000000000003,35.9,28.8,28.0,29.9,4.96,2.0,4.96,0.16,0.0,0.0,1027.0,8228.0,0.0,0.0,0.0,0.0,0.0,1.0,0.0,0.0,0.0,0.0,0.0,0.3,0.0,-0.3,0.0,0.0,16.0,25903.0
2026-07-30T19:03:52.447Z,401.93,401.946,0.0,7.4,0.0,0.0,0.0,0.0,0.0,0.0,0.0,0.0,1.0,0.0,0.0,0.0,9.0,4.0,0.0,0.0,0.0,0.0,0.0,0.0,0.0,0.0,1.0,12.0,1.0,12.17,5.01,2.51,1.49,0.0,0.0,0.0,361.4,0.0,-0.3,1.7000000000000002,-0.7000000000000001,-169.70000000000002,0.0,0.0,169.70000000000002,0.0,21.3,28.9,28.9,30.9,300.0,300.0,31.700000000000003,35.9,28.8,28.0,29.9,4.96,1.99,4.97,0.16,0.0,0.0,1027.0,8228.0,0.0,0.0,0.0,0.0,0.0,1.0,0.0,0.0,0.0,0.0,0.0,1.2000000000000002,0.0,0.3,0.0,0.0,16.0,25903.0
2026-07-30T19:03:52.459Z,401.942,401.958,0.0,7.4,0.0,0.0,0.0,0.0,0.0,0.0,0.0,0.0,1.0,0.0,0.0,0.0,9.0,4.0,0.0,0.0,0.0,0.0,0.0,0.0,0.0,0.0,3.0,12.0,1.0,12.17,5.01,2.51,1.49,0.0,0.0,0.0,361.4,0.0,-0.3,-0.5,0.4,-169.70000000000002,0.0,0.0,169.70000000000002,0.0,21.3,28.9,28.9,30.9,300.0,300.0,31.700000000000003,35.9,28.8,28.0,29.9,4.95,1.99,4.97,0.16,0.0,0.0,1027.0,8228.0,0.0,0.0,0.0,0.0,0.0,1.0,0.0,0.0,0.0,0.0,0.0,0.6000000000000001,0.0,0.2,0.0,0.0,16.0,25903.0
2026-07-30T19:03:52.471Z,401.954,401.97,0.0,7.4,0.0,0.0,0.0,0.0,0.0,0.0,0.0,0.0,1.0,0.0,0.0,0.0,9.0,4.0,0.0,0.0,0.0,0.0,0.0,0.0,0.0,0.0,4.0,12.0,1.0,12.17,5.0200000000000005,2.5,1.49,0.0,0.0,0.0,361.4,0.0,0.1,0.0,1.0,-169.70000000000002,0.0,0.0,169.8,0.0,21.700000000000003,28.9,28.9,30.9,300.0,300.0,31.700000000000003,35.9,28.8,28.0,29.9,4.96,1.99,4.96,0.16,0.0,0.0,1027.0,8228.0,0.0,0.0,0.0,0.0,0.0,1.0,0.0,0.0,0.0,0.0,0.0,0.7000000000000001,0.0,-0.8,0.0,0.0,16.0,25903.0
2026-07-30T19:03:52.483Z,401.966,401.982,0.0,7.4,0.0,0.0,0.0,0.0,0.0,0.0,0.0,0.0,1.0,0.0,0.0,0.0,9.0,4.0,0.0,0.0,0.0,0.0,0.0,0.0,0.0,0.0,6.0,12.0,1.0,12.17,5.0200000000000005,2.5,1.49,0.0,0.0,0.0,361.3,0.0,0.2,-0.5,0.4,-169.70000000000002,0.0,0.0,169.8,0.0,21.700000000000003,28.9,28.9,30.9,300.0,300.0,31.700000000000003,35.9,28.8,28.0,29.9,4.95,2.0,4.96,0.16,0.0,0.0,1027.0,8228.0,0.0,0.0,0.0,0.0,0.0,1.0,0.0,0.0,0.0,0.0,0.0,-0.2,0.0,-0.5,0.0,0.0,16.0,25903.0
2026-07-30T19:03:52.496Z,401.979,401.994,0.0,7.4,0.0,0.0,0.0,0.0,0.0,0.0,0.0,0.0,1.0,0.0,0.0,0.0,9.0,4.0,0.0,0.0,0.0,0.0,0.0,0.0,0.0,0.0,1.0,12.0,1.0,12.17,5.0200000000000005,2.5,1.49,0.0,0.0,0.0,361.4,0.0,0.2,0.0,0.4,-169.70000000000002,0.0,0.0,169.70000000000002,0.0,21.700000000000003,28.9,28.9,30.9,300.0,300.0,31.700000000000003,35.9,28.8,28.0,29.9,4.95,1.99,4.96,0.16,0.0,0.0,1027.0,8228.0,0.0,0.0,0.0,0.0,0.0,1.0,0.0,0.0,0.0,0.0,0.0,0.4,0.0,-0.4,0.0,0.0,16.0,25903.0
2026-07-30T19:03:52.507Z,401.99,402.006,0.0,7.4,0.0,0.0,0.0,0.0,0.0,0.0,0.0,0.0,1.0,0.0,0.0,0.0,9.0,4.0,0.0,0.0,0.0,0.0,0.0,0.0,0.0,0.0,3.0,12.0,1.0,12.17,5.0200000000000005,2.5,1.49,0.0,0.0,0.0,361.4,0.0,0.8,1.2000000000000002,0.4,-169.70000000000002,0.0,0.0,169.70000000000002,0.0,21.700000000000003,28.9,28.9,30.9,300.0,300.0,31.700000000000003,35.9,28.8,28.0,29.9,4.96,2.0,4.96,0.16,0.0,0.0,1027.0,8228.0,0.0,0.0,0.0,0.0,0.0,1.0,0.0,0.0,0.0,0.0,0.0,1.7000000000000002,0.0,-0.1,0.0,0.0,16.0,25903.0
2026-07-30T19:03:52.519Z,402.002,402.018,0.0,7.4,0.0,0.0,0.0,0.0,0.0,0.0,0.0,0.0,1.0,0.0,0.0,0.0,9.0,4.0,0.0,0.0,0.0,0.0,0.0,0.0,0.0,0.0,4.0,12.0,1.0,12.17,5.0200000000000005,2.5,1.49,0.0,0.0,0.0,361.4,0.0,-0.3,-0.5,-0.6000000000000001,-169.70000000000002,0.0,0.0,169.70000000000002,0.0,21.700000000000003,28.9,28.9,30.9,300.0,300.0,31.700000000000003,35.9,28.8,28.0,29.9,4.96,2.0,4.96,0.16,0.0,0.0,1027.0,8228.0,0.0,0.0,0.0,0.0,0.0,1.0,0.0,0.0,0.0,0.0,0.0,-1.1,0.0,0.5,0.0,0.0,16.0,25903.0
2026-07-30T19:03:52.531Z,402.014,402.03,0.0,7.4,0.0,0.0,0.0,0.0,0.0,0.0,0.0,0.0,1.0,0.0,0.0,0.0,9.0,4.0,0.0,0.0,0.0,0.0,0.0,0.0,0.0,0.0,6.0,12.0,1.0,12.17,5.0200000000000005,2.5,1.49,0.0,0.1,0.0,361.4,0.0,0.8,-0.5,1.6,-169.70000000000002,0.0,0.0,169.70000000000002,0.0,21.700000000000003,28.9,28.9,30.9,300.0,300.0,31.700000000000003,35.9,28.8,28.0,29.9,4.95,1.99,4.97,0.16,0.0,0.0,1027.0,8228.0,0.0,0.0,0.0,0.0,0.0,1.0,0.0,0.0,0.0,0.0,0.0,0.6000000000000001,0.0,-1.5,0.0,0.0,16.0,25903.0
2026-07-30T19:03:52.543Z,402.026,402.042,0.0,7.4,0.0,0.0,0.0,0.0,0.0,0.0,0.0,0.0,1.0,0.0,0.0,0.0,9.0,4.0,0.0,0.0,0.0,0.0,0.0,0.0,0.0,0.0,1.0,12.0,1.0,12.17,5.0200000000000005,2.5,1.49,0.0,0.0,0.0,361.3,0.0,-0.9,-1.1,-0.6000000000000001,-169.70000000000002,0.0,0.0,169.60000000000002,0.0,21.700000000000003,28.9,28.9,30.9,300.0,300.0,31.700000000000003,35.9,28.8,28.0,29.9,4.95,1.99,4.96,0.16,0.0,0.0,1027.0,8228.0,0.0,0.0,0.0,0.0,0.0,1.0,0.0,0.0,0.0,0.0,0.0,-1.7000000000000002,0.0,0.3,0.0,0.0,16.0,25903.0
2026-07-30T19:03:52.555Z,402.038,402.054,0.0,7.4,0.0,0.0,0.0,0.0,0.0,0.0,0.0,0.0,1.0,0.0,0.0,0.0,9.0,4.0,0.0,0.0,0.0,0.0,0.0,0.0,0.0,0.0,3.0,12.0,1.0,12.17,5.0200000000000005,2.5,1.49,0.0,0.0,0.0,361.3,0.0,0.2,0.0,-1.2000000000000002,-169.70000000000002,0.0,0.0,169.8,0.0,21.700000000000003,28.9,28.9,30.9,300.0,300.0,31.700000000000003,35.9,28.8,28.0,29.9,4.96,1.99,4.96,0.16,0.0,0.0,1027.0,8228.0,0.0,0.0,0.0,0.0,0.0,1.0,0.0,0.0,0.0,0.0,0.0,-0.8,0.0,1.0,0.0,0.0,16.0,25903.0
2026-07-30T19:03:52.569Z,402.052,402.066,0.0,7.4,0.0,0.0,0.0,0.0,0.0,0.0,0.0,0.0,1.0,0.0,0.0,0.0,9.0,4.0,0.0,0.0,0.0,0.0,0.0,0.0,0.0,0.0,4.0,12.0,1.0,12.18,5.01,2.5,1.49,0.0,0.0,0.0,361.4,0.0,-0.3,-0.5,1.0,-169.70000000000002,0.0,0.0,169.8,0.0,21.700000000000003,28.9,28.9,30.9,300.0,300.0,31.700000000000003,35.9,28.8,28.0,29.9,4.95,1.99,4.97,0.16,0.0,0.0,1027.0,8228.0,0.0,0.0,0.0,0.0,0.0,1.0,0.0,0.0,0.0,0.0,0.0,0.1,0.0,-1.0,0.0,0.0,16.0,25903.0
2026-07-30T19:03:52.579Z,402.062,402.078,0.0,7.4,0.0,0.0,0.0,0.0,0.0,0.0,0.0,0.0,1.0,0.0,0.0,0.0,9.0,4.0,0.0,0.0,0.0,0.0,0.0,0.0,0.0,0.0,6.0,12.0,1.0,12.18,5.01,2.5,1.49,0.0,0.0,0.0,361.4,0.0,-0.3,-1.1,-0.1,-169.70000000000002,0.0,0.0,169.70000000000002,0.0,21.700000000000003,28.9,28.9,30.9,300.0,300.0,31.700000000000003,35.9,28.8,28.0,29.9,4.95,1.99,4.96,0.16,0.0,0.0,1027.0,8228.0,0.0,0.0,0.0,0.0,0.0,1.0,0.0,0.0,0.0,0.0,0.0,-1.4,0.0,-0.1,0.0,0.0,16.0,25903.0
2026-07-30T19:03:52.591Z,402.074,402.09,0.0,7.4,0.0,0.0,0.0,0.0,0.0,0.0,0.0,0.0,1.0,0.0,0.0,0.0,9.0,4.0,0.0,0.0,0.0,0.0,0.0,0.0,0.0,0.0,1.0,12.0,1.0,12.18,5.01,2.5,1.49,0.0,0.0,0.0,361.3,0.0,-0.3,0.5,1.0,-169.70000000000002,0.0,0.0,169.60000000000002,0.0,21.700000000000003,28.9,28.9,30.9,300.0,300.0,31.700000000000003,35.9,28.8,28.0,29.9,4.95,2.0,4.97,0.16,0.0,0.0,1027.0,8228.0,0.0,0.0,0.0,0.0,0.0,1.0,0.0,0.0,0.0,0.0,0.0,1.4,0.0,-0.7000000000000001,0.0,0.0,16.0,25903.0
2026-07-30T19:03:52.604Z,402.087,402.102,0.0,7.4,0.0,0.0,0.0,0.0,0.0,0.0,0.0,0.0,1.0,0.0,0.0,0.0,9.0,4.0,0.0,0.0,0.0,0.0,0.0,0.0,0.0,0.0,2.0,12.0,1.0,12.18,5.01,2.5,1.49,0.0,0.0,0.0,361.4,0.0,-0.3,0.5,-0.1,-169.70000000000002,0.0,0.0,169.70000000000002,0.0,21.700000000000003,28.9,28.9,30.9,300.0,300.0,31.700000000000003,35.9,28.8,28.0,29.9,4.95,1.99,4.97,0.16,0.0,0.0,1027.0,8228.0,0.0,0.0,0.0,0.0,0.0,1.0,0.0,0.0,0.0,0.0,0.0,0.5,0.0,0.2,0.0,0.0,16.0,25903.0
2026-07-30T19:03:52.615Z,402.098,402.114,0.0,7.4,0.0,0.0,0.0,0.0,0.0,0.0,0.0,0.0,1.0,0.0,0.0,0.0,9.0,4.0,0.0,0.0,0.0,0.0,0.0,0.0,0.0,0.0,3.0,12.0,1.0,12.18,5.01,2.5,1.49,0.0,0.0,0.0,361.3,0.0,0.2,-0.6000000000000001,0.4,-169.70000000000002,0.0,0.0,169.70000000000002,0.0,21.700000000000003,28.9,28.9,30.9,300.0,300.0,31.700000000000003,35.9,28.8,28.0,29.9,4.95,1.99,4.97,0.16,0.0,0.0,1027.0,8228.0,0.0,0.0,0.0,0.0,0.0,1.0,0.0,0.0,0.0,0.0,0.0,-0.4,0.0,-0.5,0.0,0.0,16.0,25903.0
2026-07-30T19:03:52.628Z,402.111,402.126,0.0,7.4,0.0,0.0,0.0,0.0,0.0,0.0,0.0,0.0,1.0,0.0,0.0,0.0,9.0,4.0,0.0,0.0,0.0,0.0,0.0,0.0,0.0,0.0,4.0,12.0,1.0,12.18,5.01,2.5,1.49,0.0,0.0,0.0,361.4,0.0,-0.3,-0.6000000000000001,1.0,-169.70000000000002,0.0,0.0,169.70000000000002,0.0,21.700000000000003,28.9,28.9,30.9,300.0,300.0,31.700000000000003,35.9,28.8,28.0,29.9,4.96,1.99,4.96,0.16,0.0,0.0,1027.0,8228.0,0.0,0.0,0.0,0.0,0.0,1.0,0.0,0.0,0.0,0.0,0.0,0.0,0.0,-1.0,0.0,0.0,16.0,25903.0
2026-07-30T19:03:52.639Z,402.122,402.138,0.0,7.4,0.0,0.0,0.0,0.0,0.0,0.0,0.0,0.0,1.0,0.0,0.0,0.0,9.0,4.0,0.0,0.0,0.0,0.0,0.0,0.0,0.0,0.0,5.0,12.0,1.0,12.18,5.01,2.5,1.49,0.0,0.0,0.0,361.3,0.0,-0.3,-0.6000000000000001,-1.3,-169.70000000000002,0.0,0.0,169.8,0.0,21.700000000000003,28.9,28.9,30.9,300.0,300.0,31.700000000000003,35.9,28.8,28.0,29.9,4.96,1.99,4.97,0.16,0.0,0.0,1027.0,8228.0,0.0,0.0,0.0,0.0,0.0,1.0,0.0,0.0,0.0,0.0,0.0,-1.7000000000000002,0.0,1.0,0.0,0.0,16.0,25903.0
2026-07-30T19:03:52.652Z,402.135,402.15,0.0,7.4,0.0,0.0,0.0,0.0,0.0,0.0,0.0,0.0,1.0,0.0,0.0,0.0,9.0,4.0,0.0,0.0,0.0,0.0,0.0,0.0,0.0,0.0,6.0,12.0,1.0,12.18,5.01,2.5,1.49,0.0,0.0,0.0,361.3,0.0,0.7000000000000001,1.1,0.4,-169.70000000000002,0.0,0.0,169.8,0.0,21.700000000000003,28.9,28.9,30.9,300.0,300.0,31.700000000000003,35.9,28.8,28.0,29.9,4.95,1.99,4.97,0.16,0.0,0.0,1027.0,8228.0,0.0,0.0,0.0,0.0,0.0,1.0,0.0,0.0,0.0,0.0,0.0,1.5,0.0,-0.1,0.0,0.0,16.0,25903.0
2026-07-30T19:03:52.664Z,402.147,402.162,0.0,7.4,0.0,0.0,0.0,0.0,0.0,0.0,0.0,0.0,1.0,0.0,0.0,0.0,9.0,4.0,0.0,0.0,0.0,0.0,0.0,0.0,0.0,0.0,1.0,12.0,1.0,12.18,5.01,2.5,1.49,0.0,0.0,0.0,361.4,0.0,-0.3,-0.6000000000000001,0.4,-169.70000000000002,0.0,0.0,169.70000000000002,0.0,21.700000000000003,28.9,28.9,30.9,300.0,300.0,31.700000000000003,35.9,28.8,28.0,29.9,4.96,1.99,4.97,0.16,0.0,0.0,1027.0,8228.0,0.0,0.0,0.0,0.0,0.0,1.0,0.0,0.0,0.0,0.0,0.0,-0.3,0.0,-0.5,0.0,0.0,16.0,25903.0
2026-07-30T19:03:52.675Z,402.158,402.174,0.0,7.4,0.0,0.0,0.0,0.0,0.0,0.0,0.0,0.0,1.0,0.0,0.0,0.0,9.0,4.0,0.0,0.0,0.0,0.0,0.0,0.0,0.0,0.0,2.0,12.0,1.0,12.15,5.01,2.51,1.49,0.0,0.1,0.0,361.3,0.0,0.8,0.0,0.9,-169.70000000000002,0.0,0.0,169.70000000000002,0.0,21.700000000000003,28.9,28.9,30.9,300.0,300.0,31.8,35.9,28.8,28.0,29.9,4.95,1.99,4.96,0.16,0.0,0.0,1027.0,8228.0,0.0,0.0,0.0,0.0,0.0,1.0,0.0,0.0,0.0,0.0,0.0,0.7000000000000001,0.0,-0.8,0.0,0.0,16.0,25903.0
2026-07-30T19:03:52.687Z,402.17,402.186,0.0,7.4,0.0,0.0,0.0,0.0,0.0,0.0,0.0,0.0,1.0,0.0,0.0,0.0,9.0,4.0,0.0,0.0,0.0,0.0,0.0,0.0,0.0,0.0,4.0,12.0,1.0,12.15,5.01,2.51,1.49,0.0,0.0,0.0,361.3,0.0,0.2,0.5,1.5,-169.70000000000002,0.0,0.0,169.70000000000002,0.0,21.700000000000003,28.9,28.9,30.9,300.0,300.0,31.8,35.9,28.8,28.0,29.9,4.95,1.99,4.97,0.16,0.0,0.0,1027.0,8228.0,0.0,0.0,0.0,0.0,0.0,1.0,0.0,0.0,0.0,0.0,0.0,1.7000000000000002,0.0,-1.2000000000000002,0.0,0.0,16.0,25903.0
2026-07-30T19:03:52.699Z,402.182,402.198,0.0,7.4,0.0,0.0,0.0,0.0,0.0,0.0,0.0,0.0,1.0,0.0,0.0,0.0,9.0,4.0,0.0,0.0,0.0,0.0,0.0,0.0,0.0,0.0,6.0,12.0,1.0,12.15,5.01,2.51,1.49,0.0,0.0,0.0,361.4,0.0,0.8,0.0,0.4,-169.70000000000002,0.0,0.0,169.60000000000002,0.0,21.700000000000003,28.9,28.9,30.9,300.0,300.0,31.8,35.9,28.8,28.0,29.9,4.95,1.99,4.97,0.16,0.0,0.0,1027.0,8228.0,0.0,0.0,0.0,0.0,0.0,1.0,0.0,0.0,0.0,0.0,0.0,0.3,0.0,-0.3,0.0,0.0,16.0,25903.0
2026-07-30T19:03:52.711Z,402.194,402.21,0.0,7.4,0.0,0.0,0.0,0.0,0.0,0.0,0.0,0.0,1.0,0.0,0.0,0.0,9.0,4.0,0.0,0.0,0.0,0.0,0.0,0.0,0.0,0.0,1.0,12.0,1.0,12.15,5.01,2.51,1.49,0.0,0.0,0.0,361.3,0.0,0.8,-0.5,0.4,-169.70000000000002,0.0,0.0,169.60000000000002,0.0,21.700000000000003,28.9,28.9,30.9,300.0,300.0,31.8,35.9,28.8,28.0,29.9,4.96,1.99,4.96,0.15,0.0,0.0,1027.0,8228.0,0.0,0.0,0.0,0.0,0.0,1.0,0.0,0.0,0.0,0.0,0.0,-0.2,0.0,-0.4,0.0,0.0,16.0,25903.0
2026-07-30T19:03:52.723Z,402.206,402.222,0.0,7.4,0.0,0.0,0.0,0.0,0.0,0.0,0.0,0.0,1.0,0.0,0.0,0.0,9.0,4.0,0.0,0.0,0.0,0.0,0.0,0.0,0.0,0.0,2.0,12.0,1.0,12.15,5.01,2.51,1.49,0.0,0.0,0.0,361.4,0.0,0.8,0.0,-0.2,-169.70000000000002,0.0,0.0,169.60000000000002,0.0,21.700000000000003,28.9,28.9,30.9,300.0,300.0,31.8,35.9,28.8,28.0,29.9,4.95,1.99,4.96,0.15,0.0,0.0,1027.0,8228.0,0.0,0.0,0.0,0.0,0.0,1.0,0.0,0.0,0.0,0.0,0.0,-0.1,0.0,0.2,0.0,0.0,16.0,25903.0
2026-07-30T19:03:52.735Z,402.218,402.234,0.0,7.4,0.0,0.0,0.0,0.0,0.0,0.0,0.0,0.0,1.0,0.0,0.0,0.0,9.0,4.0,0.0,0.0,0.0,0.0,0.0,0.0,0.0,0.0,3.0,12.0,1.0,12.15,5.01,2.51,1.49,0.0,0.0,0.0,361.4,0.0,0.7000000000000001,0.6000000000000001,-0.1,-169.70000000000002,0.0,0.0,169.70000000000002,0.0,21.700000000000003,28.9,28.9,30.9,300.0,300.0,31.8,35.9,28.8,28.0,29.9,4.95,1.99,4.97,0.16,0.0,0.0,1027.0,8228.0,0.0,0.0,0.0,0.0,0.0,1.0,0.0,0.0,0.0,0.0,0.0,0.5,0.0,0.2,0.0,0.0,16.0,25903.0
2026-07-30T19:03:52.747Z,402.23,402.246,0.0,7.4,0.0,0.0,0.0,0.0,0.0,0.0,0.0,0.0,1.0,0.0,0.0,0.0,9.0,4.0,0.0,0.0,0.0,0.0,0.0,0.0,0.0,0.0,4.0,12.0,1.0,12.15,5.01,2.51,1.49,0.0,0.1,0.0,361.4,0.0,0.2,0.0,1.0,-169.70000000000002,0.0,0.0,169.70000000000002,0.0,21.700000000000003,28.9,28.9,30.9,300.0,300.0,31.8,35.9,28.8,28.0,29.9,4.96,1.99,4.97,0.16,0.0,0.0,1027.0,8228.0,0.0,0.0,0.0,0.0,0.0,1.0,0.0,0.0,0.0,0.0,0.0,0.7000000000000001,0.0,-0.8,0.0,0.0,16.0,25903.0
2026-07-30T19:03:52.759Z,402.242,402.258,0.0,7.4,0.0,0.0,0.0,0.0,0.0,0.0,0.0,0.0,1.0,0.0,0.0,0.0,9.0,4.0,0.0,0.0,0.0,0.0,0.0,0.0,0.0,0.0,5.0,12.0,1.0,12.15,5.01,2.51,1.49,0.0,0.0,0.0,361.4,0.0,0.2,0.0,1.0,-169.70000000000002,0.0,0.0,169.70000000000002,0.0,21.700000000000003,28.9,28.9,30.9,300.0,300.0,31.8,35.9,28.8,28.0,29.9,4.95,1.99,4.97,0.16,0.0,0.0,1027.0,8228.0,0.0,0.0,0.0,0.0,0.0,1.0,0.0,0.0,0.0,0.0,0.0,0.8,0.0,-0.9,0.0,0.0,16.0,25903.0
2026-07-30T19:03:52.772Z,402.255,402.27,0.0,7.4,0.0,0.0,0.0,0.0,0.0,0.0,0.0,0.0,1.0,0.0,0.0,0.0,9.0,4.0,0.0,0.0,0.0,0.0,0.0,0.0,0.0,0.0,6.0,12.0,1.0,12.17,5.0200000000000005,2.51,1.5,0.0,0.0,0.0,361.3,0.0,-0.9,0.6000000000000001,-0.1,-169.70000000000002,0.0,0.0,169.70000000000002,0.0,21.200000000000003,28.9,28.9,30.9,300.0,300.0,31.700000000000003,35.9,28.9,28.0,29.9,4.96,1.99,4.97,0.16,0.0,0.0,1027.0,8228.0,0.0,0.0,0.0,0.0,0.0,1.0,0.0,0.0,0.0,0.0,0.0,0.5,0.0,0.2,0.0,0.0,16.0,25903.0
2026-07-30T19:03:52.783Z,402.266,402.282,0.0,7.4,0.0,0.0,0.0,0.0,0.0,0.0,0.0,0.0,1.0,0.0,0.0,0.0,9.0,4.0,0.0,0.0,0.0,0.0,0.0,0.0,0.0,0.0,2.0,12.0,1.0,12.17,5.0200000000000005,2.51,1.5,0.0,0.0,0.0,361.3,0.0,0.8,1.2000000000000002,-0.1,-169.70000000000002,0.0,0.0,169.70000000000002,0.0,21.200000000000003,28.9,28.9,30.9,300.0,300.0,31.700000000000003,35.9,28.9,28.0,29.9,4.96,1.99,4.96,0.16,0.0,0.0,1027.0,8228.0,0.0,0.0,0.0,0.0,0.0,1.0,0.0,0.0,0.0,0.0,0.0,1.2000000000000002,0.0,0.3,0.0,0.0,16.0,25903.0
2026-07-30T19:03:52.795Z,402.278,402.294,0.0,7.4,0.0,0.0,0.0,0.0,0.0,0.0,0.0,0.0,1.0,0.0,0.0,0.0,9.0,4.0,0.0,0.0,0.0,0.0,0.0,0.0,0.0,0.0,3.0,12.0,1.0,12.17,5.0200000000000005,2.51,1.5,0.0,0.0,0.0,361.4,0.0,0.2,0.6000000000000001,1.0,-169.70000000000002,0.0,0.0,169.70000000000002,0.0,21.200000000000003,28.9,28.9,30.9,300.0,300.0,31.700000000000003,35.9,28.9,28.0,29.9,4.96,1.99,4.96,0.16,0.0,0.0,1027.0,8228.0,0.0,0.0,0.0,0.0,0.0,1.0,0.0,0.0,0.0,0.0,0.0,1.6,0.0,-0.8,0.0,0.0,16.0,25903.0
2026-07-30T19:03:52.807Z,402.29,402.306,0.0,7.4,0.0,0.0,0.0,0.0,0.0,0.0,0.0,0.0,1.0,0.0,0.0,0.0,9.0,4.0,0.0,0.0,0.0,0.0,0.0,0.0,0.0,0.0,5.0,12.0,1.0,12.17,5.0200000000000005,2.51,1.5,0.0,0.0,0.0,361.4,0.0,-0.3,0.7000000000000001,0.5,-169.70000000000002,0.0,0.0,169.70000000000002,0.0,21.200000000000003,28.9,28.9,30.9,300.0,300.0,31.700000000000003,35.9,28.9,28.0,29.9,4.95,1.99,4.97,0.16,0.0,0.0,1027.0,8228.0,0.0,0.0,0.0,0.0,0.0,1.0,0.0,0.0,0.0,0.0,0.0,1.1,0.0,-0.2,0.0,0.0,16.0,25903.0
2026-07-30T19:03:52.819Z,402.302,402.318,0.0,7.4,0.0,0.0,0.0,0.0,0.0,0.0,0.0,0.0,1.0,0.0,0.0,0.0,9.0,4.0,0.0,0.0,0.0,0.0,0.0,0.0,0.0,0.0,1.0,12.0,1.0,12.17,5.0200000000000005,2.51,1.5,0.0,0.1,0.0,361.3,0.0,-0.3,-0.4,-0.6000000000000001,-169.70000000000002,0.0,0.0,169.70000000000002,0.0,21.200000000000003,28.9,28.9,30.9,300.0,300.0,31.700000000000003,35.9,28.9,28.0,29.9,4.96,1.99,4.96,0.16,0.0,0.0,1027.0,8228.0,0.0,0.0,0.0,0.0,0.0,1.0,0.0,0.0,0.0,0.0,0.0,-1.0,0.0,0.4,0.0,0.0,16.0,25903.0
2026-07-30T19:03:52.831Z,402.314,402.33,0.0,7.4,0.0,0.0,0.0,0.0,0.0,0.0,0.0,0.0,1.0,0.0,0.0,0.0,9.0,4.0,0.0,0.0,0.0,0.0,0.0,0.0,0.0,0.0,2.0,12.0,1.0,12.17,5.0200000000000005,2.51,1.5,0.0,0.0,0.0,361.4,0.0,0.2,-1.0,-1.2000000000000002,-169.70000000000002,0.0,0.0,169.70000000000002,0.0,21.200000000000003,28.9,28.9,30.9,300.0,300.0,31.700000000000003,35.9,28.9,28.0,29.9,4.96,1.99,4.96,0.16,0.0,0.0,1027.0,8228.0,0.0,0.0,0.0,0.0,0.0,1.0,0.0,0.0,0.0,0.0,0.0,-2.1,0.0,0.8,0.0,0.0,16.0,25903.0
2026-07-30T19:03:52.844Z,402.327,402.342,0.0,7.4,0.0,0.0,0.0,0.0,0.0,0.0,0.0,0.0,1.0,0.0,0.0,0.0,9.0,4.0,0.0,0.0,0.0,0.0,0.0,0.0,0.0,0.0,4.0,12.0,1.0,12.17,5.0200000000000005,2.51,1.5,0.0,0.0,0.0,361.3,0.0,0.2,0.1,0.0,-169.70000000000002,0.0,0.0,169.70000000000002,0.0,21.200000000000003,28.9,28.9,30.9,300.0,300.0,31.700000000000003,35.9,28.9,28.0,29.9,4.95,1.99,4.96,0.16,0.0,0.0,1027.0,8228.0,0.0,0.0,0.0,0.0,0.0,1.0,0.0,0.0,0.0,0.0,0.0,0.0,0.0,0.0,0.0,0.0,16.0,25903.0
2026-07-30T19:03:52.855Z,402.338,402.354,0.0,7.4,0.0,0.0,0.0,0.0,0.0,0.0,0.0,0.0,1.0,0.0,0.0,0.0,9.0,4.0,0.0,0.0,0.0,0.0,0.0,0.0,0.0,0.0,5.0,12.0,1.0,12.17,5.0200000000000005,2.51,1.5,0.0,0.0,0.0,361.2000000000001,0.0,0.2,0.1,-0.6000000000000001,-169.70000000000002,0.0,0.0,169.8,0.0,21.200000000000003,28.9,28.9,30.9,300.0,300.0,31.700000000000003,35.9,28.9,28.0,29.9,4.95,1.99,4.97,0.16,0.0,0.0,1027.0,8228.0,0.0,0.0,0.0,0.0,0.0,1.0,0.0,0.0,0.0,0.0,0.0,-0.3,0.0,0.6000000000000001,0.0,0.0,16.0,25903.0
2026-07-30T19:03:52.867Z,402.35,402.366,0.0,7.4,0.0,0.0,0.0,0.0,0.0,0.0,0.0,0.0,1.0,0.0,0.0,0.0,9.0,4.0,0.0,0.0,0.0,0.0,0.0,0.0,0.0,0.0,6.0,12.0,1.0,12.17,5.0200000000000005,2.51,1.5,0.0,0.0,0.0,361.4,0.0,-0.3,0.1,0.4,-169.70000000000002,0.0,0.0,169.8,0.0,21.200000000000003,28.9,28.9,30.9,300.0,300.0,31.700000000000003,35.9,28.9,28.0,29.9,4.96,1.99,4.96,0.16,0.0,0.0,1027.0,8228.0,0.0,0.0,0.0,0.0,0.0,1.0,0.0,0.0,0.0,0.0,0.0,0.5,0.0,-0.3,0.0,0.0,16.0,25903.0
2026-07-30T19:03:52.879Z,402.362,402.378,0.0,7.4,0.0,0.0,0.0,0.0,0.0,0.0,0.0,0.0,1.0,0.0,0.0,0.0,9.0,4.0,0.0,0.0,0.0,0.0,0.0,0.0,0.0,0.0,2.0,12.0,1.0,12.18,5.01,2.51,1.49,0.0,0.0,0.0,361.3,0.0,0.8,0.7000000000000001,-0.6000000000000001,-169.70000000000002,0.0,0.0,169.70000000000002,0.0,21.700000000000003,28.9,28.9,30.9,300.0,300.0,31.8,35.9,28.9,28.0,29.9,4.96,1.99,4.97,0.16,0.0,0.0,1027.0,8228.0,0.0,0.0,0.0,0.0,0.0,1.0,0.0,0.0,0.0,0.0,0.0,0.3,0.0,0.7000000000000001,0.0,0.0,16.0,25903.0
2026-07-30T19:03:52.891Z,402.374,402.39,0.0,7.4,0.0,0.0,0.0,0.0,0.0,0.0,0.0,0.0,1.0,0.0,0.0,0.0,9.0,4.0,0.0,0.0,0.0,0.0,0.0,0.0,0.0,0.0,4.0,12.0,1.0,12.18,5.01,2.51,1.49,0.0,0.0,0.0,361.4,0.0,0.3,0.7000000000000001,1.6,-169.70000000000002,0.0,0.0,169.60000000000002,0.0,21.700000000000003,28.9,28.9,30.9,300.0,300.0,31.8,35.9,28.9,28.0,29.9,4.95,1.99,4.97,0.16,0.0,0.0,1027.0,8228.0,0.0,0.0,0.0,0.0,0.0,1.0,0.0,0.0,0.0,0.0,0.0,2.1,0.0,-1.2000000000000002,0.0,0.0,16.0,25903.0
2026-07-30T19:03:52.903Z,402.386,402.402,0.0,7.4,0.0,0.0,0.0,0.0,0.0,0.0,0.0,0.0,1.0,0.0,0.0,0.0,9.0,4.0,0.0,0.0,0.0,0.0,0.0,0.0,0.0,0.0,5.0,12.0,1.0,12.18,5.01,2.51,1.49,0.0,0.0,0.0,361.4,0.0,-0.2,-0.3,-1.2000000000000002,-169.70000000000002,0.0,0.0,169.70000000000002,0.0,21.700000000000003,28.9,28.9,30.9,300.0,300.0,31.8,35.9,28.9,28.0,29.9,4.96,1.99,4.96,0.16,0.0,0.0,1027.0,8228.0,0.0,0.0,0.0,0.0,0.0,1.0,0.0,0.0,0.0,0.0,0.0,-1.4,0.0,1.0,0.0,0.0,16.0,25903.0
2026-07-30T19:03:52.915Z,402.398,402.414,0.0,7.4,0.0,0.0,0.0,0.0,0.0,0.0,0.0,0.0,1.0,0.0,0.0,0.0,9.0,4.0,0.0,0.0,0.0,0.0,0.0,0.0,0.0,0.0,1.0,12.0,1.0,12.18,5.01,2.51,1.49,0.0,0.0,0.0,361.3,0.0,0.2,-0.4,0.4,-169.70000000000002,0.0,0.0,169.70000000000002,0.0,21.700000000000003,28.9,28.9,30.9,300.0,300.0,31.8,35.9,28.9,28.0,29.9,4.95,1.99,4.97,0.16,0.0,0.0,1027.0,8228.0,0.0,0.0,0.0,0.0,0.0,1.0,0.0,0.0,0.0,0.0,0.0,-0.1,0.0,-0.4,0.0,0.0,16.0,25903.0
2026-07-30T19:03:52.927Z,402.41,402.426,0.0,7.4,0.0,0.0,0.0,0.0,0.0,0.0,0.0,0.0,1.0,0.0,0.0,0.0,9.0,4.0,0.0,0.0,0.0,0.0,0.0,0.0,0.0,0.0,2.0,12.0,1.0,12.18,5.01,2.51,1.49,0.0,0.0,0.0,361.3,0.0,0.2,1.2000000000000002,0.9,-169.70000000000002,0.0,0.0,169.60000000000002,0.0,21.700000000000003,28.9,28.9,30.9,300.0,300.0,31.8,35.9,28.9,28.0,29.9,4.95,1.99,4.97,0.16,0.0,0.0,1027.0,8228.0,0.0,0.0,0.0,0.0,0.0,1.0,0.0,0.0,0.0,0.0,0.0,2.1,0.0,-0.5,0.0,0.0,16.0,25903.0
2026-07-30T19:03:52.939Z,402.422,402.438,0.0,7.4,0.0,0.0,0.0,0.0,0.0,0.0,0.0,0.0,1.0,0.0,0.0,0.0,9.0,4.0,0.0,0.0,0.0,0.0,0.0,0.0,0.0,0.0,4.0,12.0,1.0,12.18,5.01,2.51,1.49,0.0,0.0,0.0,361.4,0.0,0.2,0.0,0.3,-169.70000000000002,0.0,0.0,169.70000000000002,0.0,21.700000000000003,28.9,28.9,30.9,300.0,300.0,31.8,35.9,28.9,28.0,29.9,4.95,1.99,4.97,0.16,0.0,0.0,1027.0,8228.0,0.0,0.0,0.0,0.0,0.0,1.0,0.0,0.0,0.0,0.0,0.0,0.3,0.0,-0.2,0.0,0.0,16.0,25903.0
2026-07-30T19:03:52.951Z,402.434,402.45,0.0,7.4,0.0,0.0,0.0,0.0,0.0,0.0,0.0,0.0,1.0,0.0,0.0,0.0,9.0,4.0,0.0,0.0,0.0,0.0,0.0,0.0,0.0,0.0,5.0,12.0,1.0,12.18,5.01,2.51,1.49,0.0,0.0,0.0,361.4,0.0,0.8,0.0,0.3,-169.70000000000002,0.0,0.0,169.70000000000002,0.0,21.700000000000003,28.9,28.9,30.9,300.0,300.0,31.8,35.9,28.9,28.0,29.9,4.96,1.99,4.96,0.16,0.0,0.0,1027.0,8228.0,0.0,0.0,0.0,0.0,0.0,1.0,0.0,0.0,0.0,0.0,0.0,-1.6,0.0,1.1,0.0,0.0,16.0,25903.0
2026-07-30T19:03:52.963Z,402.446,402.462,0.0,7.4,0.0,0.0,0.0,0.0,0.0,0.0,0.0,0.0,1.0,0.0,0.0,0.0,9.0,4.0,0.0,0.0,0.0,0.0,0.0,0.0,0.0,0.0,6.0,12.0,1.0,12.18,5.01,2.51,1.49,0.0,0.0,0.0,361.4,0.0,-0.3,0.0,-0.7000000000000001,-169.70000000000002,0.0,0.0,169.8,0.0,21.700000000000003,28.9,28.9,30.9,300.0,300.0,31.8,35.9,28.9,28.0,29.9,4.95,1.99,4.97,0.16,0.0,0.0,1027.0,8228.0,0.0,0.0,0.0,0.0,0.0,1.0,0.0,0.0,0.0,0.0,0.0,-1.8,0.0,0.4,0.0,0.0,16.0,25903.0
2026-07-30T19:03:52.977Z,402.46,402.474,0.0,7.4,0.0,0.0,0.0,0.0,0.0,0.0,0.0,0.0,1.0,0.0,0.0,0.0,9.0,4.0,0.0,0.0,0.0,0.0,0.0,0.0,0.0,0.0,1.0,12.0,1.0,12.18,5.0200000000000005,2.5,1.49,0.0,0.0,0.0,361.3,0.0,0.8,1.1,-0.2,-169.70000000000002,0.0,0.0,169.8,0.0,21.200000000000003,28.9,28.9,30.9,300.0,300.0,31.8,35.9,28.9,28.0,29.9,4.95,1.99,4.96,0.16,0.0,0.0,1027.0,8228.0,0.0,0.0,0.0,0.0,0.0,1.0,0.0,0.0,0.0,0.0,0.0,-0.3,0.0,1.3,0.0,0.0,16.0,25903.0
2026-07-30T19:03:52.987Z,402.47,402.486,0.0,7.4,0.0,0.0,0.0,0.0,0.0,0.0,0.0,0.0,1.0,0.0,0.0,0.0,9.0,4.0,0.0,0.0,0.0,0.0,0.0,0.0,0.0,0.0,2.0,12.0,1.0,12.18,5.0200000000000005,2.5,1.49,0.0,0.1,0.0,361.3,0.0,0.2,0.0,-0.1,-169.70000000000002,0.0,0.0,169.70000000000002,0.0,21.200000000000003,28.9,28.9,30.9,300.0,300.0,31.8,35.9,28.9,28.0,29.9,4.95,1.99,4.96,0.16,0.0,0.0,1027.0,8228.0,0.0,0.0,0.0,0.0,0.0,1.0,0.0,0.0,0.0,0.0,0.0,-0.1,0.0,0.1,0.0,0.0,16.0,25903.0
2026-07-30T19:03:53.000Z,402.483,402.498,0.0,7.4,0.0,0.0,0.0,0.0,0.0,0.0,0.0,0.0,1.0,0.0,0.0,0.0,9.0,4.0,0.0,0.0,0.0,0.0,0.0,0.0,0.0,0.0,4.0,12.0,1.0,12.18,5.0200000000000005,2.5,1.49,0.0,0.1,0.0,361.4,0.0,-0.3,-0.5,-0.2,-169.70000000000002,0.0,0.0,169.8,0.0,21.200000000000003,28.9,28.9,30.9,300.0,300.0,31.8,35.9,28.9,28.0,29.9,4.96,1.99,4.96,0.16,0.0,0.0,1027.0,8228.0,0.0,0.0,0.0,0.0,0.0,1.0,0.0,0.0,0.0,0.0,0.0,-0.8,0.0,0.0,0.0,0.0,16.0,25903.0
2026-07-30T19:03:53.011Z,402.494,402.51,0.0,7.4,0.0,0.0,0.0,0.0,0.0,0.0,0.0,0.0,1.0,0.0,0.0,0.0,9.0,4.0,0.0,0.0,0.0,0.0,0.0,0.0,0.0,0.0,5.0,12.0,1.0,12.18,5.0200000000000005,2.5,1.49,0.0,0.0,0.0,361.3,0.0,0.2,-1.1,-1.3,-169.70000000000002,0.0,0.0,169.70000000000002,0.0,21.200000000000003,28.9,28.9,30.9,300.0,300.0,31.8,35.9,28.9,28.0,29.9,4.96,1.99,4.97,0.16,0.0,0.0,1027.0,8228.0,0.0,0.0,0.0,0.0,0.0,1.0,0.0,0.0,0.0,0.0,0.0,-2.3000000000000003,0.0,0.9,0.0,0.0,16.0,25903.0
2026-07-30T19:03:53.023Z,402.506,402.522,0.0,7.4,0.0,0.0,0.0,0.0,0.0,0.0,0.0,0.0,1.0,0.0,0.0,0.0,9.0,4.0,0.0,0.0,0.0,0.0,0.0,0.0,0.0,0.0,1.0,12.0,1.0,12.18,5.0200000000000005,2.5,1.49,0.0,0.1,0.0,361.4,0.0,1.4,1.1,1.5,-169.70000000000002,0.0,0.0,169.8,0.0,21.200000000000003,28.9,28.9,30.9,300.0,300.0,31.8,35.9,28.9,28.0,29.9,4.96,2.0,4.96,0.16,0.0,0.0,1027.0,8228.0,0.0,0.0,0.0,0.0,0.0,1.0,0.0,0.0,0.0,0.0,0.0,2.4000000000000004,0.0,-1.1,0.0,0.0,16.0,25903.0
2026-07-30T19:03:53.036Z,402.519,402.534,0.0,7.4,0.0,0.0,0.0,0.0,0.0,0.0,0.0,0.0,1.0,0.0,0.0,0.0,9.0,4.0,0.0,0.0,0.0,0.0,0.0,0.0,0.0,0.0,2.0,12.0,1.0,12.18,5.0200000000000005,2.5,1.49,0.0,0.0,0.0,361.3,0.0,-0.3,0.5,1.0,-169.70000000000002,0.0,0.0,169.8,0.0,21.200000000000003,28.9,28.9,30.9,300.0,300.0,31.8,35.9,28.9,28.0,29.9,4.96,1.99,4.96,0.16,0.0,0.0,1027.0,8228.0,0.0,0.0,0.0,0.0,0.0,1.0,0.0,0.0,0.0,0.0,0.0,1.4,0.0,-0.7000000000000001,0.0,0.0,16.0,25903.0
2026-07-30T19:03:53.048Z,402.531,402.546,0.0,7.4,0.0,0.0,0.0,0.0,0.0,0.0,0.0,0.0,1.0,0.0,0.0,0.0,9.0,4.0,0.0,0.0,0.0,0.0,0.0,0.0,0.0,0.0,3.0,12.0,1.0,12.18,5.0200000000000005,2.5,1.49,0.0,0.1,0.0,361.3,0.0,0.2,0.0,0.4,-169.70000000000002,0.0,0.0,169.8,0.0,21.200000000000003,28.9,28.9,30.9,300.0,300.0,31.8,35.9,28.9,28.0,29.9,4.95,1.99,4.97,0.16,0.0,0.0,1027.0,8228.0,0.0,0.0,0.0,0.0,0.0,1.0,0.0,0.0,0.0,0.0,0.0,0.3,0.0,-0.3,0.0,0.0,16.0,25903.0
2026-07-30T19:03:53.059Z,402.542,402.558,0.0,7.4,0.0,0.0,0.0,0.0,0.0,0.0,0.0,0.0,1.0,0.0,0.0,0.0,9.0,4.0,0.0,0.0,0.0,0.0,0.0,0.0,0.0,0.0,4.0,12.0,1.0,12.18,5.0200000000000005,2.5,1.49,0.0,0.0,0.0,361.4,0.0,-0.3,-1.6,0.4,-169.70000000000002,0.0,0.0,169.8,0.0,21.200000000000003,28.9,28.9,30.9,300.0,300.0,31.8,35.9,28.9,28.0,29.9,4.96,1.99,4.96,0.16,0.0,0.0,1027.0,8228.0,0.0,0.0,0.0,0.0,0.0,1.0,0.0,0.0,0.0,0.0,0.0,-1.5,0.0,-0.7000000000000001,0.0,0.0,16.0,25903.0
2026-07-30T19:03:53.072Z,402.555,402.57,0.0,7.4,0.0,0.0,0.0,0.0,0.0,0.0,0.0,0.0,1.0,0.0,0.0,0.0,9.0,4.0,0.0,0.0,0.0,0.0,0.0,0.0,0.0,0.0,6.0,12.0,1.0,12.18,5.0200000000000005,2.5,1.49,0.0,0.0,0.0,361.4,0.0,-1.5,-0.5,-1.3,-169.70000000000002,0.0,0.0,169.70000000000002,0.0,21.200000000000003,28.9,28.9,30.9,300.0,300.0,31.8,35.9,28.9,28.0,29.9,4.96,2.0,4.97,0.16,0.0,0.0,1027.0,8228.0,0.0,0.0,0.0,0.0,0.0,1.0,0.0,0.0,0.0,0.0,0.0,-1.6,0.0,1.0,0.0,0.0,16.0,25903.0
2026-07-30T19:03:53.084Z,402.567,402.582,0.0,7.4,0.0,0.0,0.0,0.0,0.0,0.0,0.0,0.0,1.0,0.0,0.0,0.0,9.0,4.0,0.0,0.0,0.0,0.0,0.0,0.0,0.0,0.0,1.0,12.0,1.0,12.15,5.01,2.51,1.49,0.0,0.0,0.0,361.3,0.0,0.8,1.2000000000000002,1.6,-169.70000000000002,0.0,0.0,169.8,0.0,21.8,28.9,28.9,30.9,300.0,300.0,31.700000000000003,35.9,28.9,28.0,29.9,4.96,2.0,4.97,0.16,0.0,0.0,1027.0,8228.0,0.0,0.0,0.0,0.0,0.0,1.0,0.0,0.0,0.0,0.0,0.0,2.5,0.0,-1.2000000000000002,0.0,0.0,16.0,25903.0
2026-07-30T19:03:53.095Z,402.578,402.594,0.0,7.4,0.0,0.0,0.0,0.0,0.0,0.0,0.0,0.0,1.0,0.0,0.0,0.0,9.0,4.0,0.0,0.0,0.0,0.0,0.0,0.0,0.0,0.0,2.0,12.0,1.0,12.15,5.01,2.51,1.49,0.0,0.0,0.0,361.3,0.0,0.2,-1.1,-1.2000000000000002,-169.70000000000002,0.0,0.0,169.8,0.0,21.8,28.9,28.9,30.9,300.0,300.0,31.700000000000003,35.9,28.9,28.0,29.9,4.95,2.0,4.97,0.16,0.0,0.0,1027.0,8228.0,0.0,0.0,0.0,0.0,0.0,1.0,0.0,0.0,0.0,0.0,0.0,-2.2,0.0,0.8,0.0,0.0,16.0,25903.0
2026-07-30T19:03:53.107Z,402.59,402.606,0.0,7.4,0.0,0.0,0.0,0.0,0.0,0.0,0.0,0.0,1.0,0.0,0.0,0.0,9.0,4.0,0.0,0.0,0.0,0.0,0.0,0.0,0.0,0.0,3.0,12.0,1.0,12.15,5.01,2.51,1.49,0.0,0.0,0.0,361.4,0.0,-0.8,-1.7000000000000002,-0.7000000000000001,-169.70000000000002,0.0,0.0,169.8,0.0,21.8,28.9,28.9,30.9,300.0,300.0,31.700000000000003,35.9,28.9,28.0,29.9,4.96,1.99,4.96,0.16,0.0,0.0,1027.0,8228.0,0.0,0.0,0.0,0.0,0.0,1.0,0.0,0.0,0.0,0.0,0.0,-2.4000000000000004,0.0,0.2,0.0,0.0,16.0,25903.0
2026-07-30T19:03:53.119Z,402.602,402.618,0.0,7.4,0.0,0.0,0.0,0.0,0.0,0.0,0.0,0.0,1.0,0.0,0.0,0.0,9.0,4.0,0.0,0.0,0.0,0.0,0.0,0.0,0.0,0.0,4.0,12.0,1.0,12.15,5.01,2.51,1.49,0.0,0.1,0.0,361.4,0.0,-0.8,1.2000000000000002,-0.1,-169.70000000000002,0.0,0.0,169.8,0.0,21.8,28.9,28.9,30.9,300.0,300.0,31.700000000000003,35.9,28.9,28.0,29.9,4.96,1.99,4.97,0.16,0.0,0.0,1027.0,8228.0,0.0,0.0,0.0,0.0,0.0,1.0,0.0,0.0,0.0,0.0,0.0,1.3,0.0,0.3,0.0,0.0,16.0,25903.0
2026-07-30T19:03:53.131Z,402.614,402.63,0.0,7.4,0.0,0.0,0.0,0.0,0.0,0.0,0.0,0.0,1.0,0.0,0.0,0.0,9.0,4.0,0.0,0.0,0.0,0.0,0.0,0.0,0.0,0.0,5.0,12.0,1.0,12.15,5.01,2.51,1.49,0.0,0.0,0.0,361.3,0.0,-0.2,0.0,0.0,-169.70000000000002,0.0,0.0,169.8,0.0,21.8,28.9,28.9,30.9,300.0,300.0,31.700000000000003,35.9,28.9,28.0,29.9,4.95,1.99,4.97,0.16,0.0,0.0,1027.0,8228.0,0.0,0.0,0.0,0.0,0.0,1.0,0.0,0.0,0.0,0.0,0.0,0.0,0.0,0.0,0.0,0.0,16.0,25903.0
2026-07-30T19:03:53.143Z,402.626,402.642,0.0,7.4,0.0,0.0,0.0,0.0,0.0,0.0,0.0,0.0,1.0,0.0,0.0,0.0,9.0,4.0,0.0,0.0,0.0,0.0,0.0,0.0,0.0,0.0,5.0,12.0,1.0,12.15,5.01,2.51,1.49,0.0,0.0,0.0,361.3,0.0,0.2,0.0,0.4,-169.70000000000002,0.0,0.0,169.8,0.0,21.8,28.9,28.9,30.9,300.0,300.0,31.700000000000003,35.9,28.9,28.0,29.9,4.96,1.99,4.97,0.16,0.0,0.0,1027.0,8228.0,0.0,0.0,0.0,0.0,0.0,1.0,0.0,0.0,0.0,0.0,0.0,0.3,0.0,-0.4,0.0,0.0,16.0,25903.0
2026-07-30T19:03:53.155Z,402.638,402.654,0.0,7.4,0.0,0.0,0.0,0.0,0.0,0.0,0.0,0.0,1.0,0.0,0.0,0.0,9.0,4.0,0.0,0.0,0.0,0.0,0.0,0.0,0.0,0.0,1.0,12.0,1.0,12.15,5.01,2.51,1.49,0.0,0.0,0.0,361.3,0.0,-0.2,-0.6000000000000001,-0.1,-169.70000000000002,0.0,0.0,169.8,0.0,21.8,28.9,28.9,30.9,300.0,300.0,31.700000000000003,35.9,28.9,28.0,29.9,4.95,1.99,4.96,0.16,0.0,0.0,1027.0,8228.0,0.0,0.0,0.0,0.0,0.0,1.0,0.0,0.0,0.0,0.0,0.0,-0.8,0.0,0.0,0.0,0.0,16.0,25903.0
2026-07-30T19:03:53.168Z,402.651,402.666,0.0,7.4,0.0,0.0,0.0,0.0,0.0,0.0,0.0,0.0,1.0,0.0,0.0,0.0,9.0,4.0,0.0,0.0,0.0,0.0,0.0,0.0,0.0,0.0,2.0,12.0,1.0,12.15,5.01,2.51,1.49,0.0,0.0,0.0,361.3,0.0,-0.2,-0.6000000000000001,-0.6000000000000001,-169.70000000000002,0.0,0.0,169.8,0.0,21.8,28.9,28.9,30.9,300.0,300.0,31.700000000000003,35.9,28.9,28.0,29.9,4.95,1.99,4.97,0.16,0.0,0.0,1027.0,8228.0,0.0,0.0,0.0,0.0,0.0,1.0,0.0,0.0,0.0,0.0,0.0,-1.1,0.0,0.4,0.0,0.0,16.0,25903.0
2026-07-30T19:03:53.181Z,402.664,402.678,0.0,7.4,0.0,0.0,0.0,0.0,0.0,0.0,0.0,0.0,1.0,0.0,0.0,0.0,9.0,4.0,0.0,0.0,0.0,0.0,0.0,0.0,0.0,0.0,4.0,12.0,1.0,12.15,5.01,2.5,1.49,0.0,0.0,0.0,361.3,0.0,-0.2,0.0,0.4,-169.70000000000002,0.0,0.0,169.8,0.0,21.4,28.9,28.9,30.9,300.0,300.0,31.6,35.9,28.9,28.0,29.9,4.95,1.99,4.97,0.16,0.0,0.0,1027.0,8228.0,0.0,0.0,0.0,0.0,0.0,1.0,0.0,0.0,0.0,0.0,0.0,0.3,0.0,-0.4,0.0,0.0,16.0,25903.0
2026-07-30T19:03:53.191Z,402.674,402.69,0.0,7.4,0.0,0.0,0.0,0.0,0.0,0.0,0.0,0.0,1.0,0.0,0.0,0.0,9.0,4.0,0.0,0.0,0.0,0.0,0.0,0.0,0.0,0.0,5.0,12.0,1.0,12.15,5.01,2.5,1.49,0.0,0.0,0.0,361.4,0.0,-0.9,-0.5,-1.2000000000000002,-169.70000000000002,0.0,0.0,169.70000000000002,0.0,21.4,28.9,28.9,30.9,300.0,300.0,31.6,35.9,28.9,28.0,29.9,4.96,1.99,4.96,0.16,0.0,0.0,1027.0,8228.0,0.0,0.0,0.0,0.0,0.0,1.0,0.0,0.0,0.0,0.0,0.0,-1.5,0.0,1.0,0.0,0.0,16.0,25903.0
2026-07-30T19:03:53.203Z,402.686,402.702,0.0,7.4,0.0,0.0,0.0,0.0,0.0,0.0,0.0,0.0,1.0,0.0,0.0,0.0,9.0,4.0,0.0,0.0,0.0,0.0,0.0,0.0,0.0,0.0,6.0,12.0,1.0,12.15,5.01,2.5,1.49,0.0,0.0,0.0,361.3,0.0,0.2,-1.1,-0.1,-169.70000000000002,0.0,0.0,169.8,0.0,21.4,28.9,28.9,30.9,300.0,300.0,31.6,35.9,28.9,28.0,29.9,4.95,1.99,4.97,0.16,0.0,0.0,1027.0,8228.0,0.0,0.0,0.0,0.0,0.0,1.0,0.0,0.0,0.0,0.0,0.0,-1.4,0.0,0.0,0.0,0.0,16.0,25903.0
2026-07-30T19:03:53.215Z,402.698,402.714,0.0,7.4,0.0,0.0,0.0,0.0,0.0,0.0,0.0,0.0,1.0,0.0,0.0,0.0,9.0,4.0,0.0,0.0,0.0,0.0,0.0,0.0,0.0,0.0,1.0,12.0,1.0,12.15,5.01,2.5,1.49,-0.1,0.1,0.0,361.3,0.0,0.8,0.0,0.9,-169.70000000000002,0.0,0.0,169.70000000000002,0.0,21.4,28.9,28.9,30.9,300.0,300.0,31.6,35.9,28.9,28.0,29.9,4.95,1.99,4.96,0.16,0.0,0.0,1027.0,8228.0,0.0,0.0,0.0,0.0,0.0,1.0,0.0,0.0,0.0,0.0,0.0,0.6000000000000001,0.0,-0.8,0.0,0.0,16.0,25903.0
2026-07-30T19:03:53.227Z,402.71,402.726,0.0,7.4,0.0,0.0,0.0,0.0,0.0,0.0,0.0,0.0,1.0,0.0,0.0,0.0,9.0,4.0,0.0,0.0,0.0,0.0,0.0,0.0,0.0,0.0,2.0,12.0,1.0,12.15,5.01,2.5,1.49,0.0,0.0,0.0,361.3,0.0,0.2,1.1,-0.1,-169.70000000000002,0.0,0.0,169.8,0.0,21.4,28.9,28.9,30.9,300.0,300.0,31.6,35.9,28.9,28.0,29.9,4.96,1.99,4.96,0.16,0.0,0.0,1027.0,8228.0,0.0,0.0,0.0,0.0,0.0,1.0,0.0,0.0,0.0,0.0,0.0,1.1,0.0,0.3,0.0,0.0,16.0,25903.0
2026-07-30T19:03:53.239Z,402.722,402.738,0.0,7.4,0.0,0.0,0.0,0.0,0.0,0.0,0.0,0.0,1.0,0.0,0.0,0.0,9.0,4.0,0.0,0.0,0.0,0.0,0.0,0.0,0.0,0.0,3.0,12.0,1.0,12.15,5.01,2.5,1.49,0.0,0.0,0.0,361.4,0.0,-0.3,0.0,0.3,-169.70000000000002,0.0,0.0,169.8,0.0,21.4,28.9,28.9,30.9,300.0,300.0,31.6,35.9,28.9,28.0,29.9,4.96,1.99,4.96,0.16,0.0,0.0,1027.0,8228.0,0.0,0.0,0.0,0.0,0.0,1.0,0.0,0.0,0.0,0.0,0.0,0.1,0.0,-0.3,0.0,0.0,16.0,25903.0
2026-07-30T19:03:53.252Z,402.735,402.75,0.0,7.4,0.0,0.0,0.0,0.0,0.0,0.0,0.0,0.0,1.0,0.0,0.0,0.0,9.0,4.0,0.0,0.0,0.0,0.0,0.0,0.0,0.0,0.0,4.0,12.0,1.0,12.15,5.01,2.5,1.49,0.0,0.0,0.0,361.3,0.0,-0.3,-1.2000000000000002,-0.7000000000000001,-169.70000000000002,0.0,0.0,169.8,0.0,21.4,28.9,28.9,30.9,300.0,300.0,31.6,35.9,28.9,28.0,29.9,4.95,1.99,4.97,0.16,0.0,0.0,1027.0,8228.0,0.0,0.0,0.0,0.0,0.0,1.0,0.0,0.0,0.0,0.0,0.0,-1.9,0.0,0.4,0.0,0.0,16.0,25903.0
2026-07-30T19:03:53.264Z,402.747,402.762,0.0,7.4,0.0,0.0,0.0,0.0,0.0,0.0,0.0,0.0,1.0,0.0,0.0,0.0,9.0,4.0,0.0,0.0,0.0,0.0,0.0,0.0,0.0,0.0,5.0,12.0,1.0,12.15,5.01,2.5,1.49,0.0,0.0,0.0,361.3,0.0,-0.3,0.5,-0.1,-169.70000000000002,0.0,0.0,169.8,0.0,21.4,28.9,28.9,30.9,300.0,300.0,31.6,35.9,28.9,28.0,29.9,4.95,1.99,4.96,0.16,0.0,0.0,1027.0,8228.0,0.0,0.0,0.0,0.0,0.0,1.0,0.0,0.0,0.0,0.0,0.0,0.4,0.0,0.2,0.0,0.0,16.0,25903.0
2026-07-30T19:03:53.276Z,402.759,402.774,0.0,7.4,0.0,0.0,0.0,0.0,0.0,0.0,0.0,0.0,1.0,0.0,0.0,0.0,9.0,4.0,0.0,0.0,0.0,0.0,0.0,0.0,0.0,0.0,6.0,12.0,1.0,12.15,5.01,2.5,1.49,0.0,0.0,0.0,361.3,0.0,0.2,0.0,0.3,-169.70000000000002,0.0,0.0,169.8,0.0,21.4,28.9,28.9,30.9,300.0,300.0,31.6,35.9,28.9,28.0,29.9,4.96,1.99,4.96,0.16,0.0,0.0,1027.0,8228.0,0.0,0.0,0.0,0.0,0.0,1.0,0.0,0.0,0.0,0.0,0.0,0.2,0.0,-0.3,0.0,0.0,16.0,25903.0
2026-07-30T19:03:53.287Z,402.77,402.786,0.0,7.4,0.0,0.0,0.0,0.0,0.0,0.0,0.0,0.0,1.0,0.0,0.0,0.0,9.0,4.0,0.0,0.0,0.0,0.0,0.0,0.0,0.0,0.0,2.0,12.0,1.0,12.15,5.0200000000000005,2.5,1.5,0.0,0.0,0.0,361.4,0.0,-0.9,-1.7000000000000002,-1.3,-169.70000000000002,0.0,0.0,169.8,0.0,21.4,28.9,28.9,30.9,300.0,300.0,31.700000000000003,35.9,28.9,28.0,29.9,4.95,1.99,4.97,0.16,0.0,0.0,1027.0,8228.0,0.0,0.0,0.0,0.0,0.0,1.0,0.0,0.0,0.0,0.0,0.0,-2.9000000000000004,0.0,0.8,0.0,0.0,16.0,25903.0
2026-07-30T19:03:53.299Z,402.782,402.798,0.0,7.4,0.0,0.0,0.0,0.0,0.0,0.0,0.0,0.0,1.0,0.0,0.0,0.0,9.0,4.0,0.0,0.0,0.0,0.0,0.0,0.0,0.0,0.0,3.0,12.0,1.0,12.15,5.0200000000000005,2.5,1.5,0.0,0.0,0.0,361.3,0.0,0.2,0.0,-0.1,-169.70000000000002,0.0,0.0,169.8,0.0,21.4,28.9,28.9,30.9,300.0,300.0,31.700000000000003,35.9,28.9,28.0,29.9,4.96,1.99,4.96,0.16,0.0,0.0,1027.0,8228.0,0.0,0.0,0.0,0.0,0.0,1.0,0.0,0.0,0.0,0.0,0.0,-0.1,0.0,0.1,0.0,0.0,16.0,25903.0
2026-07-30T19:03:53.311Z,402.794,402.81,0.0,7.4,0.0,0.0,0.0,0.0,0.0,0.0,0.0,0.0,1.0,0.0,0.0,0.0,9.0,4.0,0.0,0.0,0.0,0.0,0.0,0.0,0.0,0.0,3.0,12.0,1.0,12.15,5.0200000000000005,2.5,1.5,0.0,0.0,0.0,361.3,0.0,-0.3,-0.6000000000000001,-0.7000000000000001,-169.70000000000002,0.0,0.0,169.8,0.0,21.4,28.9,28.9,30.9,300.0,300.0,31.700000000000003,35.9,28.9,28.0,29.9,4.96,2.0,4.97,0.16,0.0,0.0,1027.0,8228.0,0.0,0.0,0.0,0.0,0.0,1.0,0.0,0.0,0.0,0.0,0.0,-1.3,0.0,0.5,0.0,0.0,16.0,25903.0
2026-07-30T19:03:53.323Z,402.806,402.822,0.0,7.4,0.0,0.0,0.0,0.0,0.0,0.0,0.0,0.0,1.0,0.0,0.0,0.0,9.0,4.0,0.0,0.0,0.0,0.0,0.0,0.0,0.0,0.0,5.0,12.0,1.0,12.15,5.0200000000000005,2.5,1.5,0.0,0.0,0.0,361.4,0.0,-0.9,0.0,-0.2,-169.70000000000002,0.0,0.0,169.70000000000002,0.0,21.4,28.9,28.9,30.9,300.0,300.0,31.700000000000003,35.9,28.9,28.0,29.9,4.96,1.99,4.97,0.16,0.0,0.0,1027.0,8228.0,0.0,0.0,0.0,0.0,0.0,1.0,0.0,0.0,0.0,0.0,0.0,-0.1,0.0,0.1,0.0,0.0,16.0,25903.0
2026-07-30T19:03:53.335Z,402.818,402.834,0.0,7.4,0.0,0.0,0.0,0.0,0.0,0.0,0.0,0.0,1.0,0.0,0.0,0.0,9.0,4.0,0.0,0.0,0.0,0.0,0.0,0.0,0.0,0.0,6.0,12.0,1.0,12.15,5.0200000000000005,2.5,1.5,0.0,0.0,0.0,361.4,0.0,-0.3,0.0,-0.7000000000000001,-169.70000000000002,0.0,0.0,169.8,0.0,21.4,28.9,28.9,30.9,300.0,300.0,31.700000000000003,35.9,28.9,28.0,29.9,4.95,1.99,4.97,0.16,0.0,0.0,1027.0,8228.0,0.0,0.0,0.0,0.0,0.0,1.0,0.0,0.0,0.0,0.0,0.0,-0.5,0.0,0.7000000000000001,0.0,0.0,16.0,25903.0
2026-07-30T19:03:53.348Z,402.831,402.846,0.0,7.4,0.0,0.0,0.0,0.0,0.0,0.0,0.0,0.0,1.0,0.0,0.0,0.0,9.0,4.0,0.0,0.0,0.0,0.0,0.0,0.0,0.0,0.0,2.0,12.0,1.0,12.15,5.0200000000000005,2.5,1.5,-0.1,0.1,0.0,361.3,0.0,0.2,-0.5,-0.7000000000000001,-169.70000000000002,0.0,0.0,169.70000000000002,0.0,21.4,28.9,28.9,30.9,300.0,300.0,31.700000000000003,35.9,28.9,28.0,29.9,4.96,1.99,4.97,0.16,0.0,0.0,1027.0,8228.0,0.0,0.0,0.0,0.0,0.0,1.0,0.0,0.0,0.0,0.0,0.0,-1.2000000000000002,0.0,0.5,0.0,0.0,16.0,25903.0
2026-07-30T19:03:53.359Z,402.842,402.858,0.0,7.4,0.0,0.0,0.0,0.0,0.0,0.0,0.0,0.0,1.0,0.0,0.0,0.0,9.0,4.0,0.0,0.0,0.0,0.0,0.0,0.0,0.0,0.0,3.0,12.0,1.0,12.15,5.0200000000000005,2.5,1.5,0.0,0.0,0.0,361.3,0.0,-0.3,0.0,-0.1,-169.70000000000002,0.0,0.0,169.8,0.0,21.4,28.9,28.9,30.9,300.0,300.0,31.700000000000003,35.9,28.9,28.0,29.9,4.96,1.99,4.96,0.15,0.0,0.0,1027.0,8228.0,0.0,0.0,0.0,0.0,0.0,1.0,0.0,0.0,0.0,0.0,0.0,-0.1,0.0,0.1,0.0,0.0,16.0,25903.0
2026-07-30T19:03:53.372Z,402.855,402.87,0.0,7.4,0.0,0.0,0.0,0.0,0.0,0.0,0.0,0.0,1.0,0.0,0.0,0.0,9.0,4.0,0.0,0.0,0.0,0.0,0.0,0.0,0.0,0.0,4.0,12.0,1.0,12.15,5.0200000000000005,2.5,1.5,0.0,0.0,0.0,361.4,0.0,1.4,0.0,-0.1,-169.70000000000002,0.0,0.0,169.70000000000002,0.0,21.4,28.9,28.9,30.9,300.0,300.0,31.700000000000003,35.9,28.9,28.0,29.9,4.95,1.99,4.96,0.16,0.0,0.0,1027.0,8228.0,0.0,0.0,0.0,0.0,0.0,1.0,0.0,0.0,0.0,0.0,0.0,0.0,0.0,0.1,0.0,0.0,16.0,25903.0
2026-07-30T19:03:53.384Z,402.867,402.882,0.0,7.4,0.0,0.0,0.0,0.0,0.0,0.0,0.0,0.0,1.0,0.0,0.0,0.0,9.0,4.0,0.0,0.0,0.0,0.0,0.0,0.0,0.0,0.0,5.0,12.0,1.0,12.19,5.0200000000000005,2.5,1.49,0.0,0.0,0.0,361.3,0.0,-0.9,-1.1,-1.3,-169.70000000000002,0.0,0.0,169.8,0.0,21.0,28.9,28.9,30.9,300.0,300.0,31.8,35.9,28.9,28.0,29.9,4.96,1.99,4.96,0.16,0.0,0.0,1027.0,8228.0,0.0,0.0,0.0,0.0,0.0,1.0,0.0,0.0,0.0,0.0,0.0,-2.3000000000000003,0.0,0.9,0.0,0.0,16.0,25903.0
2026-07-30T19:03:53.395Z,402.878,402.894,0.0,7.4,0.0,0.0,0.0,0.0,0.0,0.0,0.0,0.0,1.0,0.0,0.0,0.0,9.0,4.0,0.0,0.0,0.0,0.0,0.0,0.0,0.0,0.0,6.0,12.0,1.0,12.19,5.0200000000000005,2.5,1.49,0.0,0.0,0.0,361.3,0.0,-0.3,0.0,-0.7000000000000001,-169.70000000000002,0.0,0.0,169.8,0.0,21.0,28.9,28.9,30.9,300.0,300.0,31.8,35.9,28.9,28.0,29.9,4.95,1.99,4.96,0.16,0.0,0.0,1027.0,8228.0,0.0,0.0,0.0,0.0,0.0,1.0,0.0,0.0,0.0,0.0,0.0,-0.5,0.0,0.6000000000000001,0.0,0.0,16.0,25903.0
2026-07-30T19:03:53.408Z,402.891,402.906,0.0,7.4,0.0,0.0,0.0,0.0,0.0,0.0,0.0,0.0,1.0,0.0,0.0,0.0,9.0,4.0,0.0,0.0,0.0,0.0,0.0,0.0,0.0,0.0,1.0,12.0,1.0,12.19,5.0200000000000005,2.5,1.49,0.0,0.0,0.0,361.3,0.0,0.2,0.0,1.0,-169.70000000000002,0.0,0.0,169.70000000000002,0.0,21.0,28.9,28.9,30.9,300.0,300.0,31.8,35.9,28.9,28.0,29.9,4.95,1.99,4.97,0.16,0.0,0.0,1027.0,8228.0,0.0,0.0,0.0,0.0,0.0,1.0,0.0,0.0,0.0,0.0,0.0,0.8,0.0,-0.9,0.0,0.0,16.0,25903.0
2026-07-30T19:03:53.420Z,402.903,402.918,0.0,7.4,0.0,0.0,0.0,0.0,0.0,0.0,0.0,0.0,1.0,0.0,0.0,0.0,9.0,4.0,0.0,0.0,0.0,0.0,0.0,0.0,0.0,0.0,2.0,12.0,1.0,12.19,5.0200000000000005,2.5,1.49,0.0,0.0,0.0,361.3,0.0,-0.3,1.2000000000000002,2.8000000000000003,-169.70000000000002,0.0,0.0,169.8,0.0,21.0,28.9,28.9,30.9,300.0,300.0,31.8,35.9,28.9,28.0,29.9,4.95,1.99,4.97,0.16,0.0,0.0,1027.0,8228.0,0.0,0.0,0.0,0.0,0.0,1.0,0.0,0.0,0.0,0.0,0.0,3.5,0.0,-2.2,0.0,0.0,16.0,25903.0
2026-07-30T19:03:53.431Z,402.914,402.93,0.0,7.4,0.0,0.0,0.0,0.0,0.0,0.0,0.0,0.0,1.0,0.0,0.0,0.0,9.0,4.0,0.0,0.0,0.0,0.0,0.0,0.0,0.0,0.0,4.0,12.0,1.0,12.19,5.0200000000000005,2.5,1.49,0.0,0.0,0.0,361.3,0.0,-0.3,-0.5,0.5,-169.70000000000002,0.0,0.0,169.8,0.0,21.0,28.9,28.9,30.9,300.0,300.0,31.8,35.9,28.9,28.0,29.9,4.96,1.99,4.96,0.16,0.0,0.0,1027.0,8228.0,0.0,0.0,0.0,0.0,0.0,1.0,0.0,0.0,0.0,0.0,0.0,-0.1,0.0,-0.5,0.0,0.0,16.0,25903.0
2026-07-30T19:03:53.443Z,402.926,402.942,0.0,7.4,0.0,0.0,0.0,0.0,0.0,0.0,0.0,0.0,1.0,0.0,0.0,0.0,9.0,4.0,0.0,0.0,0.0,0.0,0.0,0.0,0.0,0.0,5.0,12.0,1.0,12.19,5.0200000000000005,2.5,1.49,0.0,0.1,0.0,361.4,0.0,-0.3,-1.0,0.0,-169.70000000000002,0.0,0.0,169.70000000000002,0.0,21.0,28.9,28.9,30.9,300.0,300.0,31.8,35.9,28.9,28.0,29.9,4.95,1.99,4.97,0.16,0.0,0.0,1027.0,8228.0,0.0,0.0,0.0,0.0,0.0,1.0,0.0,0.0,0.0,0.0,0.0,-1.2000000000000002,0.0,-0.1,0.0,0.0,16.0,25903.0
2026-07-30T19:03:53.455Z,402.938,402.954,0.0,7.4,0.0,0.0,0.0,0.0,0.0,0.0,0.0,0.0,1.0,0.0,0.0,0.0,9.0,4.0,0.0,0.0,0.0,0.0,0.0,0.0,0.0,0.0,6.0,12.0,1.0,12.19,5.0200000000000005,2.5,1.49,0.0,0.0,0.0,361.3,0.0,0.2,0.6000000000000001,-1.8,-169.70000000000002,0.0,0.0,169.8,0.0,21.0,28.9,28.9,30.9,300.0,300.0,31.8,35.9,28.9,28.0,29.9,4.95,1.99,4.96,0.16,0.0,0.0,1027.0,8228.0,0.0,0.0,0.0,0.0,0.0,1.0,0.0,0.0,0.0,0.0,0.0,-0.6000000000000001,0.0,1.7000000000000002,0.0,0.0,16.0,25903.0
2026-07-30T19:03:53.467Z,402.95,402.966,0.0,7.4,0.0,0.0,0.0,0.0,0.0,0.0,0.0,0.0,1.0,0.0,0.0,0.0,9.0,4.0,0.0,0.0,0.0,0.0,0.0,0.0,0.0,0.0,1.0,12.0,1.0,12.19,5.0200000000000005,2.5,1.49,0.0,0.0,0.0,361.4,0.0,0.8,0.6000000000000001,0.5,-169.70000000000002,0.0,0.0,169.70000000000002,0.0,21.0,28.9,28.9,30.9,300.0,300.0,31.8,35.9,28.9,28.0,29.9,4.96,2.0,4.96,0.16,0.0,0.0,1027.0,8228.0,0.0,0.0,0.0,0.0,0.0,1.0,0.0,0.0,0.0,0.0,0.0,1.7000000000000002,0.0,-0.1,0.0,0.0,16.0,25903.0
2026-07-30T19:03:53.479Z,402.962,402.978,0.0,7.4,0.0,0.0,0.0,0.0,0.0,0.0,0.0,0.0,1.0,0.0,0.0,0.0,9.0,4.0,0.0,0.0,0.0,0.0,0.0,0.0,0.0,0.0,2.0,12.0,1.0,12.19,5.0200000000000005,2.5,1.49,0.0,0.1,0.0,361.4,0.0,0.2,-0.5,-0.7000000000000001,-169.70000000000002,0.0,0.0,169.8,0.0,21.0,28.9,28.9,30.9,300.0,300.0,31.8,35.9,28.9,28.0,29.9,4.95,2.0,4.96,0.17,0.0,0.0,1027.0,8228.0,0.0,0.0,0.0,0.0,0.0,1.0,0.0,0.0,0.0,0.0,0.0,-0.2,0.0,-0.5,0.0,0.0,16.0,25903.0
2026-07-30T19:03:53.491Z,402.974,402.99,0.0,7.4,0.0,0.0,0.0,0.0,0.0,0.0,0.0,0.0,1.0,0.0,0.0,0.0,9.0,4.0,0.0,0.0,0.0,0.0,0.0,0.0,0.0,0.0,3.0,12.0,1.0,12.17,5.0200000000000005,2.51,1.5,0.0,0.0,0.0,361.3,0.0,-0.3,-0.5,-0.1,-169.70000000000002,0.0,0.0,169.8,0.0,21.3,28.9,28.9,30.9,300.0,300.0,31.6,35.9,28.9,28.0,29.9,4.96,1.99,4.97,0.17,0.0,0.0,1027.0,8228.0,0.0,0.0,0.0,0.0,0.0,1.0,0.0,0.0,0.0,0.0,0.0,-0.7000000000000001,0.0,0.0,0.0,0.0,16.0,25903.0
2026-07-30T19:03:53.504Z,402.987,403.002,0.0,7.4,0.0,0.0,0.0,0.0,0.0,0.0,0.0,0.0,1.0,0.0,0.0,0.0,9.0,4.0,0.0,0.0,0.0,0.0,0.0,0.0,0.0,0.0,4.0,12.0,1.0,12.17,5.0200000000000005,2.51,1.5,0.0,0.0,0.0,361.4,0.0,-0.3,0.0,-0.1,-169.70000000000002,0.0,0.0,169.60000000000002,0.0,21.3,28.9,28.9,30.9,300.0,300.0,31.6,35.9,28.9,28.0,29.9,4.96,1.99,4.96,0.17,0.0,0.0,1027.0,8228.0,0.0,0.0,0.0,0.0,0.0,1.0,0.0,0.0,0.0,0.0,0.0,-0.1,0.0,0.1,0.0,0.0,16.0,25903.0
2026-07-30T19:03:53.515Z,402.998,403.014,0.0,7.4,0.0,0.0,0.0,0.0,0.0,0.0,0.0,0.0,1.0,0.0,0.0,0.0,9.0,4.0,0.0,0.0,0.0,0.0,0.0,0.0,0.0,0.0,5.0,12.0,1.0,12.17,5.0200000000000005,2.51,1.5,0.0,0.0,0.0,361.4,0.0,-0.9,-0.6000000000000001,-0.1,-169.70000000000002,0.0,0.0,169.70000000000002,0.0,21.3,28.9,28.9,30.9,300.0,300.0,31.6,35.9,28.9,28.0,29.9,4.96,1.99,4.96,0.16,0.0,0.0,1027.0,8228.0,0.0,0.0,0.0,0.0,0.0,1.0,0.0,0.0,0.0,0.0,0.0,-0.8,0.0,0.0,0.0,0.0,16.0,25903.0
2026-07-30T19:03:53.527Z,403.01,403.026,0.0,7.4,0.0,0.0,0.0,0.0,0.0,0.0,0.0,0.0,1.0,0.0,0.0,0.0,9.0,4.0,0.0,0.0,0.0,0.0,0.0,0.0,0.0,0.0,1.0,12.0,1.0,12.17,5.0200000000000005,2.51,1.5,0.0,0.0,0.0,361.2000000000001,0.0,0.2,0.5,-0.1,-169.70000000000002,0.0,0.0,169.60000000000002,0.0,21.3,28.9,28.9,30.9,300.0,300.0,31.6,35.9,28.9,28.0,29.9,4.95,1.99,4.97,0.16,0.0,0.0,1027.0,8228.0,0.0,0.0,0.0,0.0,0.0,1.0,0.0,0.0,0.0,0.0,0.0,0.4,0.0,0.2,0.0,0.0,16.0,25903.0
2026-07-30T19:03:53.539Z,403.022,403.038,0.0,7.4,0.0,0.0,0.0,0.0,0.0,0.0,0.0,0.0,1.0,0.0,0.0,0.0,9.0,4.0,0.0,0.0,0.0,0.0,0.0,0.0,0.0,0.0,2.0,12.0,1.0,12.17,5.0200000000000005,2.51,1.5,0.0,0.1,0.0,361.3,0.0,0.2,0.0,-0.1,-169.70000000000002,0.0,0.0,169.8,0.0,21.3,28.9,28.9,30.9,300.0,300.0,31.6,35.9,28.9,28.0,29.9,4.95,1.99,4.97,0.16,0.0,0.0,1027.0,8228.0,0.0,0.0,0.0,0.0,0.0,1.0,0.0,0.0,0.0,0.0,0.0,-0.1,0.0,0.1,0.0,0.0,16.0,25903.0
2026-07-30T19:03:53.551Z,403.034,403.05,0.0,7.4,0.0,0.0,0.0,0.0,0.0,0.0,0.0,0.0,1.0,0.0,0.0,0.0,9.0,4.0,0.0,0.0,0.0,0.0,0.0,0.0,0.0,0.0,3.0,12.0,1.0,12.17,5.0200000000000005,2.51,1.5,0.0,0.0,0.0,361.3,0.0,-0.3,-0.6000000000000001,-1.3,-169.70000000000002,0.0,0.0,169.70000000000002,0.0,21.3,28.9,28.9,30.9,300.0,300.0,31.6,35.9,28.9,28.0,29.9,4.95,1.99,4.96,0.16,0.0,0.0,1027.0,8228.0,0.0,0.0,0.0,0.0,0.0,1.0,0.0,0.0,0.0,0.0,0.0,-1.6,0.0,1.0,0.0,0.0,16.0,25903.0
2026-07-30T19:03:53.564Z,403.047,403.062,0.0,7.4,0.0,0.0,0.0,0.0,0.0,0.0,0.0,0.0,1.0,0.0,0.0,0.0,9.0,4.0,0.0,0.0,0.0,0.0,0.0,0.0,0.0,0.0,4.0,12.0,1.0,12.17,5.0200000000000005,2.51,1.5,0.0,0.0,0.0,361.4,0.0,-0.3,0.5,-0.7000000000000001,-169.70000000000002,0.0,0.0,169.60000000000002,0.0,21.3,28.9,28.9,30.9,300.0,300.0,31.6,35.9,28.9,28.0,29.9,4.96,1.99,4.96,0.16,0.0,0.0,1027.0,8228.0,0.0,0.0,0.0,0.0,0.0,1.0,0.0,0.0,0.0,0.0,0.0,0.0,0.0,0.8,0.0,0.0,16.0,25903.0
2026-07-30T19:03:53.575Z,403.058,403.074,0.0,7.4,0.0,0.0,0.0,0.0,0.0,0.0,0.0,0.0,1.0,0.0,0.0,0.0,9.0,4.0,0.0,0.0,0.0,0.0,0.0,0.0,0.0,0.0,5.0,12.0,1.0,12.17,5.0200000000000005,2.51,1.5,0.0,0.0,0.0,361.4,0.0,0.2,-1.1,0.3,-169.70000000000002,0.0,0.0,169.8,0.0,21.3,28.9,28.9,30.9,300.0,300.0,31.6,35.9,28.9,28.0,29.9,4.96,1.99,4.97,0.16,0.0,0.0,1027.0,8228.0,0.0,0.0,0.0,0.0,0.0,1.0,0.0,0.0,0.0,0.0,0.0,-1.0,0.0,-0.5,0.0,0.0,16.0,25903.0
2026-07-30T19:03:53.588Z,403.071,403.086,0.0,7.4,0.0,0.0,0.0,0.0,0.0,0.0,0.0,0.0,1.0,0.0,0.0,0.0,9.0,4.0,0.0,0.0,0.0,0.0,0.0,0.0,0.0,0.0,1.0,12.0,1.0,12.2,5.01,2.51,1.49,0.0,0.0,0.0,361.3,0.0,0.2,-0.5,-0.7000000000000001,-169.70000000000002,0.0,0.0,169.70000000000002,0.0,21.700000000000003,28.9,28.9,30.9,300.0,300.0,31.5,35.9,28.9,28.0,29.9,4.95,1.99,4.96,0.16,0.0,0.0,1027.0,8228.0,0.0,0.0,0.0,0.0,0.0,1.0,0.0,0.0,0.0,0.0,0.0,-1.2000000000000002,0.0,0.5,0.0,0.0,16.0,25903.0
2026-07-30T19:03:53.599Z,403.082,403.098,0.0,7.4,0.0,0.0,0.0,0.0,0.0,0.0,0.0,0.0,1.0,0.0,0.0,0.0,9.0,4.0,0.0,0.0,0.0,0.0,0.0,0.0,0.0,0.0,2.0,12.0,1.0,12.2,5.01,2.51,1.49,0.0,0.0,0.0,361.4,0.0,0.7000000000000001,0.6000000000000001,-0.1,-169.70000000000002,0.0,0.0,169.70000000000002,0.0,21.700000000000003,28.9,28.9,30.9,300.0,300.0,31.5,35.9,28.9,28.0,29.9,4.95,1.99,4.97,0.16,0.0,0.0,1027.0,8228.0,0.0,0.0,0.0,0.0,0.0,1.0,0.0,0.0,0.0,0.0,0.0,0.5,0.0,0.3,0.0,0.0,16.0,25903.0
2026-07-30T19:03:53.611Z,403.094,403.11,0.0,7.4,0.0,0.0,0.0,0.0,0.0,0.0,0.0,0.0,1.0,0.0,0.0,0.0,9.0,4.0,0.0,0.0,0.0,0.0,0.0,0.0,0.0,0.0,3.0,12.0,1.0,12.2,5.01,2.51,1.49,0.0,0.0,0.0,361.4,0.0,0.2,0.0,0.4,-169.70000000000002,0.0,0.0,169.70000000000002,0.0,21.700000000000003,28.9,28.9,30.9,300.0,300.0,31.5,35.9,28.9,28.0,29.9,4.95,1.99,4.97,0.16,0.0,0.0,1027.0,8228.0,0.0,0.0,0.0,0.0,0.0,1.0,0.0,0.0,0.0,0.0,0.0,0.3,0.0,-0.3,0.0,0.0,16.0,25903.0
2026-07-30T19:03:53.624Z,403.107,403.122,0.0,7.4,0.0,0.0,0.0,0.0,0.0,0.0,0.0,0.0,1.0,0.0,0.0,0.0,9.0,4.0,0.0,0.0,0.0,0.0,0.0,0.0,0.0,0.0,4.0,12.0,1.0,12.2,5.01,2.51,1.49,0.0,0.0,0.0,361.3,0.0,-0.3,-0.5,-0.1,-169.70000000000002,0.0,0.0,169.70000000000002,0.0,21.700000000000003,28.9,28.9,30.9,300.0,300.0,31.5,35.9,28.9,28.0,29.9,4.96,1.99,4.96,0.16,0.0,0.0,1027.0,8228.0,0.0,0.0,0.0,0.0,0.0,1.0,0.0,0.0,0.0,0.0,0.0,-0.7000000000000001,0.0,0.0,0.0,0.0,16.0,25903.0
2026-07-30T19:03:53.635Z,403.118,403.134,0.0,7.4,0.0,0.0,0.0,0.0,0.0,0.0,0.0,0.0,1.0,0.0,0.0,0.0,9.0,4.0,0.0,0.0,0.0,0.0,0.0,0.0,0.0,0.0,5.0,12.0,1.0,12.2,5.01,2.51,1.49,0.0,0.0,0.0,361.3,0.0,0.2,-0.5,1.5,-169.70000000000002,0.0,0.0,169.70000000000002,0.0,21.700000000000003,28.9,28.9,30.9,300.0,300.0,31.5,35.9,28.9,28.0,29.9,4.95,1.99,4.96,0.16,0.0,0.0,1027.0,8228.0,0.0,0.0,0.0,0.0,0.0,1.0,0.0,0.0,0.0,0.0,0.0,0.6000000000000001,0.0,-1.4,0.0,0.0,16.0,25903.0
2026-07-30T19:03:53.647Z,403.13,403.146,0.0,7.4,0.0,0.0,0.0,0.0,0.0,0.0,0.0,0.0,1.0,0.0,0.0,0.0,9.0,4.0,0.0,0.0,0.0,0.0,0.0,0.0,0.0,0.0,6.0,12.0,1.0,12.2,5.01,2.51,1.49,0.0,0.0,0.0,361.3,0.0,-0.3,1.2000000000000002,-0.1,-169.70000000000002,0.0,0.0,169.70000000000002,0.0,21.700000000000003,28.9,28.9,30.9,300.0,300.0,31.5,35.9,28.9,28.0,29.9,4.95,1.99,4.96,0.16,0.0,0.0,1027.0,8228.0,0.0,0.0,0.0,0.0,0.0,1.0,0.0,0.0,0.0,0.0,0.0,1.2000000000000002,0.0,0.4,0.0,0.0,16.0,25903.0
2026-07-30T19:03:53.659Z,403.142,403.158,0.0,7.4,0.0,0.0,0.0,0.0,0.0,0.0,0.0,0.0,1.0,0.0,0.0,0.0,9.0,4.0,0.0,0.0,0.0,0.0,0.0,0.0,0.0,0.0,1.0,12.0,1.0,12.2,5.01,2.51,1.49,0.0,0.0,0.0,361.4,0.0,-0.4,0.0,-0.1,-169.70000000000002,0.0,0.0,169.70000000000002,0.0,21.700000000000003,28.9,28.9,30.9,300.0,300.0,31.5,35.9,28.9,28.0,29.9,4.96,1.99,4.96,0.16,0.0,0.0,1027.0,8228.0,0.0,0.0,0.0,0.0,0.0,1.0,0.0,0.0,0.0,0.0,0.0,0.0,0.0,0.1,0.0,0.0,16.0,25903.0
2026-07-30T19:03:53.671Z,403.154,403.17,0.0,7.4,0.0,0.0,0.0,0.0,0.0,0.0,0.0,0.0,1.0,0.0,0.0,0.0,9.0,4.0,0.0,0.0,0.0,0.0,0.0,0.0,0.0,0.0,2.0,12.0,1.0,12.2,5.01,2.51,1.49,0.0,0.0,0.0,361.4,0.0,0.1,0.0,0.9,-169.70000000000002,0.0,0.0,169.60000000000002,0.0,21.700000000000003,28.9,28.9,30.9,300.0,300.0,31.5,35.9,28.9,28.0,29.9,4.96,1.99,4.96,0.17,0.0,0.0,1027.0,8228.0,0.0,0.0,0.0,0.0,0.0,1.0,0.0,0.0,0.0,0.0,0.0,0.8,0.0,-0.8,0.0,0.0,16.0,25903.0
2026-07-30T19:03:53.683Z,403.166,403.182,0.0,7.4,0.0,0.0,0.0,0.0,0.0,0.0,0.0,0.0,1.0,0.0,0.0,0.0,9.0,4.0,0.0,0.0,0.0,0.0,0.0,0.0,0.0,0.0,3.0,12.0,1.0,12.2,5.01,2.51,1.49,0.0,0.0,0.0,361.3,0.0,-0.4,-0.4,1.0,-169.70000000000002,0.0,0.0,169.60000000000002,0.0,21.700000000000003,28.9,28.9,30.9,300.0,300.0,31.5,35.9,28.9,28.0,29.9,4.95,1.99,4.96,0.17,0.0,0.0,1027.0,8228.0,0.0,0.0,0.0,0.0,0.0,1.0,0.0,0.0,0.0,0.0,0.0,0.2,0.0,-0.9,0.0,0.0,16.0,25903.0
2026-07-30T19:03:53.695Z,403.178,403.194,0.0,7.4,0.0,0.0,0.0,0.0,0.0,0.0,0.0,0.0,1.0,0.0,0.0,0.0,9.0,4.0,0.0,0.0,0.0,0.0,0.0,0.0,0.0,0.0,4.0,12.0,1.0,12.17,5.0200000000000005,2.5,1.49,0.0,0.0,0.0,361.2000000000001,0.0,0.1,1.2000000000000002,0.3,-169.70000000000002,0.0,0.0,169.70000000000002,0.0,21.3,28.9,28.9,30.9,300.0,300.0,31.6,35.9,28.9,28.0,29.9,4.95,1.99,4.96,0.16,0.0,0.0,1027.0,8228.0,0.0,0.0,0.0,0.0,0.0,1.0,0.0,0.0,0.0,0.0,0.0,1.7000000000000002,0.0,0.0,0.0,0.0,16.0,25903.0
2026-07-30T19:03:53.707Z,403.19,403.206,0.0,7.4,0.0,0.0,0.0,0.0,0.0,0.0,0.0,0.0,1.0,0.0,0.0,0.0,9.0,4.0,0.0,0.0,0.0,0.0,0.0,0.0,0.0,0.0,5.0,12.0,1.0,12.17,5.0200000000000005,2.5,1.49,0.0,0.1,0.0,361.3,0.0,-0.4,0.1,-0.9,-169.70000000000002,0.0,0.0,169.70000000000002,0.0,21.3,28.9,28.9,30.9,300.0,300.0,31.6,35.9,28.9,28.0,29.9,4.96,1.99,4.96,0.16,0.0,0.0,1027.0,8228.0,0.0,0.0,0.0,0.0,0.0,1.0,0.0,0.0,0.0,0.0,0.0,-0.5,0.0,0.8,0.0,0.0,16.0,25903.0
2026-07-30T19:03:53.719Z,403.202,403.218,0.0,7.4,0.0,0.0,0.0,0.0,0.0,0.0,0.0,0.0,1.0,0.0,0.0,0.0,9.0,4.0,0.0,0.0,0.0,0.0,0.0,0.0,0.0,0.0,6.0,12.0,1.0,12.17,5.0200000000000005,2.5,1.49,0.0,0.0,0.0,361.3,0.0,0.1,-0.4,-1.4,-169.70000000000002,0.0,0.0,169.70000000000002,0.0,21.3,28.9,28.9,30.9,300.0,300.0,31.6,35.9,28.9,28.0,29.9,4.95,1.99,4.96,0.16,0.0,0.0,1027.0,8228.0,0.0,0.0,0.0,0.0,0.0,1.0,0.0,0.0,0.0,0.0,0.0,-1.5,0.0,1.1,0.0,0.0,16.0,25903.0
2026-07-30T19:03:53.731Z,403.214,403.23,0.0,7.4,0.0,0.0,0.0,0.0,0.0,0.0,0.0,0.0,1.0,0.0,0.0,0.0,9.0,4.0,0.0,0.0,0.0,0.0,0.0,0.0,0.0,0.0,1.0,12.0,1.0,12.17,5.0200000000000005,2.5,1.49,0.0,0.0,0.0,361.3,0.0,-0.4,0.1,-0.8,-169.60000000000002,0.0,0.0,169.60000000000002,0.0,21.3,28.9,28.9,30.9,300.0,300.0,31.6,35.9,28.9,28.0,29.9,4.96,1.99,4.97,0.16,0.0,0.0,1027.0,8228.0,0.0,0.0,0.0,0.0,0.0,1.0,0.0,0.0,0.0,0.0,0.0,-0.5,0.0,0.7000000000000001,0.0,0.0,16.0,25903.0
2026-07-30T19:03:53.744Z,403.227,403.242,0.0,7.4,0.0,0.0,0.0,0.0,0.0,0.0,0.0,0.0,1.0,0.0,0.0,0.0,9.0,4.0,0.0,0.0,0.0,0.0,0.0,0.0,0.0,0.0,2.0,12.0,1.0,12.17,5.0200000000000005,2.5,1.49,0.0,0.0,0.0,361.4,0.0,0.7000000000000001,1.8,1.5,-169.70000000000002,0.0,0.0,169.8,0.0,21.3,28.9,28.9,30.9,300.0,300.0,31.6,35.9,28.9,28.0,29.9,4.96,1.99,4.96,0.16,0.0,0.0,1027.0,8228.0,0.0,0.0,0.0,0.0,0.0,1.0,0.0,0.0,0.0,0.0,0.0,3.2,0.0,-0.9,0.0,0.0,16.0,25903.0
2026-07-30T19:03:53.755Z,403.238,403.254,0.0,7.4,0.0,0.0,0.0,0.0,0.0,0.0,0.0,0.0,1.0,0.0,0.0,0.0,9.0,4.0,0.0,0.0,0.0,0.0,0.0,0.0,0.0,0.0,4.0,12.0,1.0,12.17,5.0200000000000005,2.5,1.49,0.0,0.0,0.0,361.3,0.0,-0.9,1.2000000000000002,0.3,-169.60000000000002,0.0,0.0,169.60000000000002,0.0,21.3,28.9,28.9,30.9,300.0,300.0,31.6,35.9,28.9,28.0,29.9,4.96,1.99,4.96,0.16,0.0,0.0,1027.0,8228.0,0.0,0.0,0.0,0.0,0.0,1.0,0.0,0.0,0.0,0.0,0.0,1.6,0.0,0.0,0.0,0.0,16.0,25903.0
2026-07-30T19:03:53.767Z,403.25,403.266,0.0,7.4,0.0,0.0,0.0,0.0,0.0,0.0,0.0,0.0,1.0,0.0,0.0,0.0,9.0,4.0,0.0,0.0,0.0,0.0,0.0,0.0,0.0,0.0,5.0,12.0,1.0,12.17,5.0200000000000005,2.5,1.49,0.0,0.0,0.0,361.3,0.0,-0.3,-1.0,-1.9,-169.60000000000002,0.0,0.0,169.70000000000002,0.0,21.3,28.9,28.9,30.9,300.0,300.0,31.6,35.9,28.9,28.0,29.9,4.95,1.99,4.97,0.16,0.0,0.0,1027.0,8228.0,0.0,0.0,0.0,0.0,0.0,1.0,0.0,0.0,0.0,0.0,0.0,-2.7,0.0,1.5,0.0,0.0,16.0,25903.0
2026-07-30T19:03:53.779Z,403.262,403.278,0.0,7.4,0.0,0.0,0.0,0.0,0.0,0.0,0.0,0.0,1.0,0.0,0.0,0.0,9.0,4.0,0.0,0.0,0.0,0.0,0.0,0.0,0.0,0.0,1.0,12.0,1.0,12.17,5.0200000000000005,2.5,1.49,0.0,0.0,0.0,361.3,0.0,0.2,0.0,1.0,-169.60000000000002,0.0,0.0,169.70000000000002,0.0,21.3,28.9,28.9,30.9,300.0,300.0,31.6,35.9,28.9,28.0,29.9,4.95,1.99,4.96,0.16,0.0,0.0,1027.0,8228.0,0.0,0.0,0.0,0.0,0.0,1.0,0.0,0.0,0.0,0.0,0.0,0.8,0.0,-0.8,0.0,0.0,16.0,25903.0
2026-07-30T19:03:53.792Z,403.275,403.29,0.0,7.4,0.0,0.0,0.0,0.0,0.0,0.0,0.0,0.0,1.0,0.0,0.0,0.0,9.0,4.0,0.0,0.0,0.0,0.0,0.0,0.0,0.0,0.0,2.0,12.0,1.0,12.15,5.01,2.5,1.49,0.0,0.0,0.0,361.4,0.0,0.2,0.6000000000000001,1.5,-169.70000000000002,0.0,0.0,169.8,0.0,21.700000000000003,28.9,28.9,30.9,300.0,300.0,31.700000000000003,35.9,28.8,28.1,29.9,4.95,1.99,4.96,0.16,0.0,0.0,1027.0,8228.0,0.0,0.0,0.0,0.0,0.0,1.0,0.0,0.0,0.0,0.0,0.0,1.9,0.0,-1.2000000000000002,0.0,0.0,16.0,25903.0
2026-07-30T19:03:53.803Z,403.286,403.302,0.0,7.4,0.0,0.0,0.0,0.0,0.0,0.0,0.0,0.0,1.0,0.0,0.0,0.0,9.0,4.0,0.0,0.0,0.0,0.0,0.0,0.0,0.0,0.0,3.0,12.0,1.0,12.15,5.01,2.5,1.49,0.0,0.0,0.0,361.2000000000001,0.0,0.2,-0.4,-0.1,-169.70000000000002,0.0,0.0,169.70000000000002,0.0,21.700000000000003,28.9,28.9,30.9,300.0,300.0,31.700000000000003,35.9,28.8,28.1,29.9,4.96,1.99,4.96,0.16,0.0,0.0,1027.0,8228.0,0.0,0.0,0.0,0.0,0.0,1.0,0.0,0.0,0.0,0.0,0.0,-0.6000000000000001,0.0,0.0,0.0,0.0,16.0,25903.0
2026-07-30T19:03:53.815Z,403.298,403.314,0.0,7.4,0.0,0.0,0.0,0.0,0.0,0.0,0.0,0.0,1.0,0.0,0.0,0.0,9.0,4.0,0.0,0.0,0.0,0.0,0.0,0.0,0.0,0.0,5.0,12.0,1.0,12.15,5.01,2.5,1.49,0.0,0.0,0.0,361.3,0.0,-0.8,0.1,1.0,-169.70000000000002,0.0,0.0,169.8,0.0,21.700000000000003,28.9,28.9,30.9,300.0,300.0,31.700000000000003,35.9,28.8,28.1,29.9,4.95,1.99,4.97,0.16,0.0,0.0,1027.0,8228.0,0.0,0.0,0.0,0.0,0.0,1.0,0.0,0.0,0.0,0.0,0.0,0.9,0.0,-0.8,0.0,0.0,16.0,25903.0
2026-07-30T19:03:53.827Z,403.31,403.326,0.0,7.4,0.0,0.0,0.0,0.0,0.0,0.0,0.0,0.0,1.0,0.0,0.0,0.0,9.0,4.0,0.0,0.0,0.0,0.0,0.0,0.0,0.0,0.0,6.0,12.0,1.0,12.15,5.01,2.5,1.49,0.0,0.0,0.0,361.3,0.0,-0.2,0.1,0.4,-169.70000000000002,0.0,0.0,169.70000000000002,0.0,21.700000000000003,28.9,28.9,30.9,300.0,300.0,31.700000000000003,35.9,28.8,28.1,29.9,4.96,1.99,4.96,0.16,0.0,0.0,1027.0,8228.0,0.0,0.0,0.0,0.0,0.0,1.0,0.0,0.0,0.0,0.0,0.0,0.4,0.0,-0.3,0.0,0.0,16.0,25903.0
2026-07-30T19:03:53.839Z,403.322,403.338,0.0,7.4,0.0,0.0,0.0,0.0,0.0,0.0,0.0,0.0,1.0,0.0,0.0,0.0,9.0,4.0,0.0,0.0,0.0,0.0,0.0,0.0,0.0,0.0,2.0,12.0,1.0,12.15,5.01,2.5,1.49,0.0,0.0,0.0,361.3,0.0,-0.8,-0.4,-1.2000000000000002,-169.70000000000002,0.0,0.0,169.70000000000002,0.0,21.700000000000003,28.9,28.9,30.9,300.0,300.0,31.700000000000003,35.9,28.8,28.1,29.9,4.96,1.99,4.97,0.16,0.0,0.0,1027.0,8228.0,0.0,0.0,0.0,0.0,0.0,1.0,0.0,0.0,0.0,0.0,0.0,-1.4,0.0,1.0,0.0,0.0,16.0,25903.0
2026-07-30T19:03:53.851Z,403.334,403.35,0.0,7.4,0.0,0.0,0.0,0.0,0.0,0.0,0.0,0.0,1.0,0.0,0.0,0.0,9.0,4.0,0.0,0.0,0.0,0.0,0.0,0.0,0.0,0.0,3.0,12.0,1.0,12.15,5.01,2.5,1.49,0.0,0.0,0.0,361.3,0.0,-0.2,-0.3,0.4,-169.70000000000002,0.0,0.0,169.8,0.0,21.700000000000003,28.9,28.9,30.9,300.0,300.0,31.700000000000003,35.9,28.8,28.1,29.9,4.95,2.0,4.97,0.16,0.0,0.0,1027.0,8228.0,0.0,0.0,0.0,0.0,0.0,1.0,0.0,0.0,0.0,0.0,0.0,-0.1,0.0,-0.4,0.0,0.0,16.0,25903.0
2026-07-30T19:03:53.863Z,403.346,403.362,0.0,7.4,0.0,0.0,0.0,0.0,0.0,0.0,0.0,0.0,1.0,0.0,0.0,0.0,9.0,4.0,0.0,0.0,0.0,0.0,0.0,0.0,0.0,0.0,5.0,12.0,1.0,12.15,5.01,2.5,1.49,0.0,0.1,0.0,361.3,0.0,0.3,0.2,0.4,-169.70000000000002,0.0,0.0,169.70000000000002,0.0,21.700000000000003,28.9,28.9,30.9,300.0,300.0,31.700000000000003,35.9,28.8,28.1,29.9,4.95,2.0,4.97,0.16,0.0,0.0,1027.0,8228.0,0.0,0.0,0.0,0.0,0.0,1.0,0.0,0.0,0.0,0.0,0.0,0.5,0.0,-0.3,0.0,0.0,16.0,25903.0
2026-07-30T19:03:53.875Z,403.358,403.374,0.0,7.4,0.0,0.0,0.0,0.0,0.0,0.0,0.0,0.0,1.0,0.0,0.0,0.0,9.0,4.0,0.0,0.0,0.0,0.0,0.0,0.0,0.0,0.0,6.0,12.0,1.0,12.15,5.01,2.5,1.49,0.0,0.0,0.0,361.2000000000001,0.0,0.3,0.2,1.0,-169.70000000000002,0.0,0.0,169.70000000000002,0.0,21.700000000000003,28.9,28.9,30.9,300.0,300.0,31.700000000000003,35.9,28.8,28.1,29.9,4.96,2.0,4.96,0.16,0.0,0.0,1027.0,8228.0,0.0,0.0,0.0,0.0,0.0,1.0,0.0,0.0,0.0,0.0,0.0,1.0,0.0,-0.8,0.0,0.0,16.0,25903.0
2026-07-30T19:03:53.887Z,403.37,403.386,0.0,7.4,0.0,0.0,0.0,0.0,0.0,0.0,0.0,0.0,1.0,0.0,0.0,0.0,9.0,4.0,0.0,0.0,0.0,0.0,0.0,0.0,0.0,0.0,2.0,12.0,1.0,12.15,5.01,2.5,1.49,0.0,0.1,0.0,361.3,0.0,-0.1,0.1,-1.3,-169.70000000000002,0.0,0.0,169.70000000000002,0.0,21.700000000000003,28.9,28.9,30.9,300.0,300.0,31.700000000000003,35.9,28.8,28.1,29.9,4.96,1.99,4.97,0.16,0.0,0.0,1027.0,8228.0,0.0,0.0,0.0,0.0,0.0,1.0,0.0,0.0,0.0,0.0,0.0,-0.7000000000000001,0.0,1.2000000000000002,0.0,0.0,16.0,25903.0
2026-07-30T19:03:53.899Z,403.382,403.398,0.0,7.4,0.0,0.0,0.0,0.0,0.0,0.0,0.0,0.0,1.0,0.0,0.0,0.0,9.0,4.0,0.0,0.0,0.0,0.0,0.0,0.0,0.0,0.0,3.0,12.0,1.0,12.15,5.01,2.51,1.49,0.0,0.0,0.0,361.3,0.0,0.3,0.1,-1.3,-169.70000000000002,0.0,0.0,169.70000000000002,0.0,21.200000000000003,28.9,28.9,30.9,300.0,300.0,31.5,35.9,28.8,28.1,29.9,4.95,1.99,4.97,0.16,0.0,0.0,1027.0,8228.0,0.0,0.0,0.0,0.0,0.0,1.0,0.0,0.0,0.0,0.0,0.0,-0.8,0.0,1.2000000000000002,0.0,0.0,16.0,25903.0
2026-07-30T19:03:53.911Z,403.394,403.41,0.0,7.4,0.0,0.0,0.0,0.0,0.0,0.0,0.0,0.0,1.0,0.0,0.0,0.0,9.0,4.0,0.0,0.0,0.0,0.0,0.0,0.0,0.0,0.0,4.0,12.0,1.0,12.15,5.01,2.51,1.49,0.0,0.0,0.0,361.4,0.0,0.3,1.3,-0.1,-169.70000000000002,0.0,0.0,169.8,0.0,21.200000000000003,28.9,28.9,30.9,300.0,300.0,31.5,35.9,28.8,28.1,29.9,4.96,1.99,4.96,0.16,0.0,0.0,1027.0,8228.0,0.0,0.0,0.0,0.0,0.0,1.0,0.0,0.0,0.0,0.0,0.0,1.3,0.0,0.4,0.0,0.0,16.0,25903.0
2026-07-30T19:03:53.923Z,403.406,403.422,0.0,7.4,0.0,0.0,0.0,0.0,0.0,0.0,0.0,0.0,1.0,0.0,0.0,0.0,9.0,4.0,0.0,0.0,0.0,0.0,0.0,0.0,0.0,0.0,6.0,12.0,1.0,12.15,5.01,2.51,1.49,0.0,0.0,0.0,361.3,0.0,-0.2,-0.4,-0.1,-169.70000000000002,0.0,0.0,169.8,0.0,21.200000000000003,28.9,28.9,30.9,300.0,300.0,31.5,35.9,28.8,28.1,29.9,4.95,1.99,4.97,0.16,0.0,0.0,1027.0,8228.0,0.0,0.0,0.0,0.0,0.0,1.0,0.0,0.0,0.0,0.0,0.0,-0.6000000000000001,0.0,0.0,0.0,0.0,16.0,25903.0
2026-07-30T19:03:53.935Z,403.418,403.434,0.0,7.4,0.0,0.0,0.0,0.0,0.0,0.0,0.0,0.0,1.0,0.0,0.0,0.0,9.0,4.0,0.0,0.0,0.0,0.0,0.0,0.0,0.0,0.0,1.0,12.0,1.0,12.15,5.01,2.51,1.49,0.0,0.0,0.0,361.3,0.0,0.3,0.1,0.4,-169.70000000000002,0.0,0.0,169.8,0.0,21.200000000000003,28.9,28.9,30.9,300.0,300.0,31.5,35.9,28.8,28.1,29.9,4.95,1.99,4.96,0.16,0.0,0.0,1027.0,8228.0,0.0,0.0,0.0,0.0,0.0,1.0,0.0,0.0,0.0,0.0,0.0,0.5,0.0,-0.3,0.0,0.0,16.0,25903.0
2026-07-30T19:03:53.947Z,403.43,403.446,0.0,7.4,0.0,0.0,0.0,0.0,0.0,0.0,0.0,0.0,1.0,0.0,0.0,0.0,9.0,4.0,0.0,0.0,0.0,0.0,0.0,0.0,0.0,0.0,3.0,12.0,1.0,12.15,5.01,2.51,1.49,0.0,0.0,0.0,361.3,0.0,-0.8,-0.9,-0.7000000000000001,-169.70000000000002,0.0,0.0,169.8,0.0,21.200000000000003,28.9,28.9,30.9,300.0,300.0,31.5,35.9,28.8,28.1,29.9,4.96,2.0,4.96,0.16,0.0,0.0,1027.0,8228.0,0.0,0.0,0.0,0.0,0.0,1.0,0.0,0.0,0.0,0.0,0.0,-1.6,0.0,0.4,0.0,0.0,16.0,25903.0
2026-07-30T19:03:53.960Z,403.443,403.458,0.0,7.4,0.0,0.0,0.0,0.0,0.0,0.0,0.0,0.0,1.0,0.0,0.0,0.0,9.0,4.0,0.0,0.0,0.0,0.0,0.0,0.0,0.0,0.0,4.0,12.0,1.0,12.15,5.01,2.51,1.49,0.0,0.0,0.0,361.4,0.0,0.8,-0.4,0.4,-169.70000000000002,0.0,0.0,169.8,0.0,21.200000000000003,28.9,28.9,30.9,300.0,300.0,31.5,35.9,28.8,28.1,29.9,4.96,2.0,4.96,0.16,0.0,0.0,1027.0,8228.0,0.0,0.0,0.0,0.0,0.0,1.0,0.0,0.0,0.0,0.0,0.0,-0.1,0.0,-0.4,0.0,0.0,16.0,25903.0
2026-07-30T19:03:53.971Z,403.454,403.47,0.0,7.4,0.0,0.0,0.0,0.0,0.0,0.0,0.0,0.0,1.0,0.0,0.0,0.0,9.0,4.0,0.0,0.0,0.0,0.0,0.0,0.0,0.0,0.0,5.0,12.0,1.0,12.15,5.01,2.51,1.49,0.0,0.0,0.0,361.3,0.0,0.2,0.1,0.9,-169.70000000000002,0.0,0.0,169.8,0.0,21.200000000000003,28.9,28.9,30.9,300.0,300.0,31.5,35.9,28.8,28.1,29.9,4.96,1.99,4.97,0.16,0.0,0.0,1027.0,8228.0,0.0,0.0,0.0,0.0,0.0,1.0,0.0,0.0,0.0,0.0,0.0,0.8,0.0,-0.8,0.0,0.0,16.0,25903.0
2026-07-30T19:03:53.983Z,403.466,403.482,0.0,7.4,0.0,0.0,0.0,0.0,0.0,0.0,0.0,0.0,1.0,0.0,0.0,0.0,9.0,4.0,0.0,0.0,0.0,0.0,0.0,0.0,0.0,0.0,1.0,12.0,1.0,12.15,5.01,2.51,1.49,0.0,0.0,0.0,361.3,0.0,0.8,0.1,-0.1,-169.70000000000002,0.0,0.0,169.8,0.0,21.200000000000003,28.9,28.9,30.9,300.0,300.0,31.5,35.9,28.8,28.1,29.9,4.96,1.99,4.96,0.16,0.0,0.0,1027.0,8228.0,0.0,0.0,0.0,0.0,0.0,1.0,0.0,0.0,0.0,0.0,0.0,0.0,0.0,0.1,0.0,0.0,16.0,25903.0
2026-07-30T19:03:53.996Z,403.479,403.494,0.0,7.4,0.0,0.0,0.0,0.0,0.0,0.0,0.0,0.0,1.0,0.0,0.0,0.0,9.0,4.0,0.0,0.0,0.0,0.0,0.0,0.0,0.0,0.0,3.0,12.0,1.0,12.19,5.01,2.5,1.49,0.0,0.0,0.0,361.3,0.0,-0.3,0.7000000000000001,0.9,-169.70000000000002,0.0,0.0,169.8,0.0,21.4,28.9,28.9,30.9,300.0,300.0,31.5,35.9,28.9,28.0,29.9,4.96,1.99,4.96,0.16,0.0,0.0,1027.0,8228.0,0.0,0.0,0.0,0.0,0.0,1.0,0.0,0.0,0.0,0.0,0.0,-2.2,0.0,0.9,0.0,0.0,16.0,25903.0
2026-07-30T19:03:54.007Z,403.49,403.506,0.0,7.4,0.0,0.0,0.0,0.0,0.0,0.0,0.0,0.0,1.0,0.0,0.0,0.0,9.0,4.0,0.0,0.0,0.0,0.0,0.0,0.0,0.0,0.0,4.0,12.0,1.0,12.19,5.01,2.5,1.49,0.0,0.0,0.0,361.4,0.0,-0.3,-0.4,-0.8,-169.70000000000002,0.0,0.0,169.8,0.0,21.4,28.9,28.9,30.9,300.0,300.0,31.5,35.9,28.9,28.0,29.9,4.95,1.99,4.97,0.16,0.0,0.0,1027.0,8228.0,0.0,0.0,0.0,0.0,0.0,1.0,0.0,0.0,0.0,0.0,0.0,-0.6000000000000001,0.0,0.1,0.0,0.0,16.0,25903.0
2026-07-30T19:03:54.019Z,403.502,403.518,0.0,7.4,0.0,0.0,0.0,0.0,0.0,0.0,0.0,0.0,1.0,0.0,0.0,0.0,9.0,4.0,0.0,0.0,0.0,0.0,0.0,0.0,0.0,0.0,5.0,12.0,1.0,12.19,5.01,2.5,1.49,0.0,0.0,0.0,361.4,0.0,0.2,-1.0,-0.7000000000000001,-169.70000000000002,0.0,0.0,169.8,0.0,21.4,28.9,28.9,30.9,300.0,300.0,31.5,35.9,28.9,28.0,29.9,4.96,1.99,4.96,0.16,0.0,0.0,1027.0,8228.0,0.0,0.0,0.0,0.0,0.0,1.0,0.0,0.0,0.0,0.0,0.0,-1.7000000000000002,0.0,0.4,0.0,0.0,16.0,25903.0
2026-07-30T19:03:54.031Z,403.514,403.53,0.0,7.4,0.0,0.0,0.0,0.0,0.0,0.0,0.0,0.0,1.0,0.0,0.0,0.0,9.0,4.0,0.0,0.0,0.0,0.0,0.0,0.0,0.0,0.0,1.0,12.0,1.0,12.19,5.01,2.5,1.49,0.0,0.0,0.0,361.3,0.0,0.7000000000000001,1.8,1.5,-169.70000000000002,0.0,0.0,169.8,0.0,21.4,28.9,28.9,30.9,300.0,300.0,31.5,35.9,28.9,28.0,29.9,4.96,2.0,4.96,0.16,0.0,0.0,1027.0,8228.0,0.0,0.0,0.0,0.0,0.0,1.0,0.0,0.0,0.0,0.0,0.0,3.2,0.0,-0.9,0.0,0.0,16.0,25903.0
2026-07-30T19:03:54.043Z,403.526,403.542,0.0,7.4,0.0,0.0,0.0,0.0,0.0,0.0,0.0,0.0,1.0,0.0,0.0,0.0,9.0,4.0,0.0,0.0,0.0,0.0,0.0,0.0,0.0,0.0,2.0,12.0,1.0,12.19,5.01,2.5,1.49,0.0,0.0,0.0,361.4,0.0,-0.3,0.0,-0.2,-169.70000000000002,0.0,0.0,169.8,0.0,21.4,28.9,28.9,30.9,300.0,300.0,31.5,35.9,28.9,28.0,29.9,4.95,1.99,4.96,0.16,0.0,0.0,1027.0,8228.0,0.0,0.0,0.0,0.0,0.0,1.0,0.0,0.0,0.0,0.0,0.0,0.0,0.0,0.1,0.0,0.0,16.0,25903.0
2026-07-30T19:03:54.055Z,403.538,403.554,0.0,7.4,0.0,0.0,0.0,0.0,0.0,0.0,0.0,0.0,1.0,0.0,0.0,0.0,9.0,4.0,0.0,0.0,0.0,0.0,0.0,0.0,0.0,0.0,4.0,12.0,1.0,12.19,5.01,2.5,1.49,0.0,0.0,0.0,361.4,0.0,-0.3,0.0,-0.7000000000000001,-169.70000000000002,0.0,0.0,169.8,0.0,21.4,28.9,28.9,30.9,300.0,300.0,31.5,35.9,28.9,28.0,29.9,4.96,1.99,4.97,0.17,0.0,0.0,1027.0,8228.0,0.0,0.0,0.0,0.0,0.0,1.0,0.0,0.0,0.0,0.0,0.0,-0.5,0.0,0.7000000000000001,0.0,0.0,16.0,25903.0
2026-07-30T19:03:54.067Z,403.55,403.566,0.0,7.4,0.0,0.0,0.0,0.0,0.0,0.0,0.0,0.0,1.0,0.0,0.0,0.0,9.0,4.0,0.0,0.0,0.0,0.0,0.0,0.0,0.0,0.0,5.0,12.0,1.0,12.19,5.01,2.5,1.49,0.0,0.1,0.0,361.3,0.0,0.2,-1.0,1.0,-169.70000000000002,0.0,0.0,169.8,0.0,21.4,28.9,28.9,30.9,300.0,300.0,31.5,35.9,28.9,28.0,29.9,4.96,1.99,4.96,0.17,0.0,0.0,1027.0,8228.0,0.0,0.0,0.0,0.0,0.0,1.0,0.0,0.0,0.0,0.0,0.0,-0.4,0.0,-1.1,0.0,0.0,16.0,25903.0
2026-07-30T19:03:54.079Z,403.562,403.578,0.0,7.4,0.0,0.0,0.0,0.0,0.0,0.0,0.0,0.0,1.0,0.0,0.0,0.0,9.0,4.0,0.0,0.0,0.0,0.0,0.0,0.0,0.0,0.0,1.0,12.0,1.0,12.19,5.01,2.5,1.49,0.0,0.0,0.0,361.4,0.0,0.1,0.0,-1.3,-169.70000000000002,0.0,0.0,169.8,0.0,21.4,28.9,28.9,30.9,300.0,300.0,31.5,35.9,28.9,28.0,29.9,4.96,1.99,4.97,0.16,0.0,0.0,1027.0,8228.0,0.0,0.0,0.0,0.0,0.0,1.0,0.0,0.0,0.0,0.0,0.0,-0.9,0.0,1.2000000000000002,0.0,0.0,16.0,25903.0
2026-07-30T19:03:54.091Z,403.574,403.59,0.0,7.4,0.0,0.0,0.0,0.0,0.0,0.0,0.0,0.0,1.0,0.0,0.0,0.0,9.0,4.0,0.0,0.0,0.0,0.0,0.0,0.0,0.0,0.0,3.0,12.0,1.0,12.19,5.01,2.5,1.49,0.0,0.0,0.0,361.3,0.0,-0.9,-1.7000000000000002,-0.7000000000000001,-169.70000000000002,0.0,0.0,169.8,0.0,21.4,28.9,28.9,30.9,300.0,300.0,31.5,35.9,28.9,28.0,29.9,4.95,1.99,4.97,0.16,0.0,0.0,1027.0,8228.0,0.0,0.0,0.0,0.0,0.0,1.0,0.0,0.0,0.0,0.0,0.0,-2.5,0.0,0.3,0.0,0.0,16.0,25903.0
2026-07-30T19:03:54.103Z,403.586,403.602,0.0,7.4,0.0,0.0,0.0,0.0,0.0,0.0,0.0,0.0,1.0,0.0,0.0,0.0,9.0,4.0,0.0,0.0,0.0,0.0,0.0,0.0,0.0,0.0,4.0,12.0,1.0,12.18,5.01,2.51,1.49,0.0,0.0,0.0,361.3,0.0,0.1,-0.5,0.3,-169.70000000000002,0.0,0.0,169.8,0.0,21.200000000000003,28.9,28.9,30.9,300.0,300.0,31.6,35.9,28.9,28.0,29.9,4.96,1.99,4.96,0.16,0.0,0.0,1027.0,8228.0,0.0,0.0,0.0,0.0,0.0,1.0,0.0,0.0,0.0,0.0,0.0,-0.2,0.0,-0.4,0.0,0.0,16.0,25903.0
2026-07-30T19:03:54.115Z,403.598,403.614,0.0,7.4,0.0,0.0,0.0,0.0,0.0,0.0,0.0,0.0,1.0,0.0,0.0,0.0,9.0,4.0,0.0,0.0,0.0,0.0,0.0,0.0,0.0,0.0,6.0,12.0,1.0,12.18,5.01,2.51,1.49,0.0,0.0,0.0,361.3,0.0,-0.9,-1.0,-0.1,-169.70000000000002,0.0,0.0,169.8,0.0,21.200000000000003,28.9,28.9,30.9,300.0,300.0,31.6,35.9,28.9,28.0,29.9,4.95,1.99,4.96,0.16,0.0,0.0,1027.0,8228.0,0.0,0.0,0.0,0.0,0.0,1.0,0.0,0.0,0.0,0.0,0.0,-1.3,0.0,0.0,0.0,0.0,16.0,25903.0
2026-07-30T19:03:54.127Z,403.61,403.626,0.0,7.4,0.0,0.0,0.0,0.0,0.0,0.0,0.0,0.0,1.0,0.0,0.0,0.0,9.0,4.0,0.0,0.0,0.0,0.0,0.0,0.0,0.0,0.0,1.0,12.0,1.0,12.18,5.01,2.51,1.49,0.0,0.0,0.0,361.4,0.0,-0.3,-0.5,-0.1,-169.70000000000002,0.0,0.0,169.70000000000002,0.0,21.200000000000003,28.9,28.9,30.9,300.0,300.0,31.6,35.9,28.9,28.0,29.9,4.95,1.99,4.97,0.16,0.0,0.0,1027.0,8228.0,0.0,0.0,0.0,0.0,0.0,1.0,0.0,0.0,0.0,0.0,0.0,-0.7000000000000001,0.0,0.0,0.0,0.0,16.0,25903.0
2026-07-30T19:03:54.139Z,403.622,403.638,0.0,7.4,0.0,0.0,0.0,0.0,0.0,0.0,0.0,0.0,1.0,0.0,0.0,0.0,9.0,4.0,0.0,0.0,0.0,0.0,0.0,0.0,0.0,0.0,3.0,12.0,1.0,12.18,5.01,2.51,1.49,0.0,0.1,0.0,361.3,0.0,0.1,0.0,-1.3,-169.70000000000002,0.0,0.0,169.8,0.0,21.200000000000003,28.9,28.9,30.9,300.0,300.0,31.6,35.9,28.9,28.0,29.9,4.95,2.0,4.97,0.16,0.0,0.0,1027.0,8228.0,0.0,0.0,0.0,0.0,0.0,1.0,0.0,0.0,0.0,0.0,0.0,-0.9,0.0,1.2000000000000002,0.0,0.0,16.0,25903.0
2026-07-30T19:03:54.151Z,403.634,403.65,0.0,7.4,0.0,0.0,0.0,0.0,0.0,0.0,0.0,0.0,1.0,0.0,0.0,0.0,9.0,4.0,0.0,0.0,0.0,0.0,0.0,0.0,0.0,0.0,4.0,12.0,1.0,12.18,5.01,2.51,1.49,0.0,0.0,0.0,361.3,0.0,0.1,-1.0,-0.7000000000000001,-169.70000000000002,0.0,0.0,169.8,0.0,21.200000000000003,28.9,28.9,30.9,300.0,300.0,31.6,35.9,28.9,28.0,29.9,4.95,2.0,4.96,0.16,0.0,0.0,1027.0,8228.0,0.0,0.0,0.0,0.0,0.0,1.0,0.0,0.0,0.0,0.0,0.0,-1.7000000000000002,0.0,0.4,0.0,0.0,16.0,25903.0
2026-07-30T19:03:54.163Z,403.646,403.662,0.0,7.4,0.0,0.0,0.0,0.0,0.0,0.0,0.0,0.0,1.0,0.0,0.0,0.0,9.0,4.0,0.0,0.0,0.0,0.0,0.0,0.0,0.0,0.0,6.0,12.0,1.0,12.18,5.01,2.51,1.49,0.0,0.0,0.0,361.3,0.0,-0.3,-0.5,0.4,-169.70000000000002,0.0,0.0,169.8,0.0,21.200000000000003,28.9,28.9,30.9,300.0,300.0,31.6,35.9,28.9,28.0,29.9,4.95,1.99,4.97,0.16,0.0,0.0,1027.0,8228.0,0.0,0.0,0.0,0.0,0.0,1.0,0.0,0.0,0.0,0.0,0.0,-0.2,0.0,-0.4,0.0,0.0,16.0,25903.0
2026-07-30T19:03:54.175Z,403.658,403.674,0.0,7.4,0.0,0.0,0.0,0.0,0.0,0.0,0.0,0.0,1.0,0.0,0.0,0.0,9.0,4.0,0.0,0.0,0.0,0.0,0.0,0.0,0.0,0.0,2.0,12.0,1.0,12.18,5.01,2.51,1.49,0.0,0.1,0.0,361.4,0.0,-0.4,1.2000000000000002,-0.7000000000000001,-169.70000000000002,0.0,0.0,169.8,0.0,21.200000000000003,28.9,28.9,30.9,300.0,300.0,31.6,35.9,28.9,28.0,29.9,4.95,1.99,4.96,0.16,0.0,0.0,1027.0,8228.0,0.0,0.0,0.0,0.0,0.0,1.0,0.0,0.0,0.0,0.0,0.0,0.8,0.0,0.9,0.0,0.0,16.0,25903.0
2026-07-30T19:03:54.187Z,403.67,403.686,0.0,7.4,0.0,0.0,0.0,0.0,0.0,0.0,0.0,0.0,1.0,0.0,0.0,0.0,9.0,4.0,0.0,0.0,0.0,0.0,0.0,0.0,0.0,0.0,3.0,12.0,1.0,12.18,5.01,2.51,1.49,0.0,0.0,0.0,361.4,0.0,-0.3,-0.5,0.4,-169.70000000000002,0.0,0.0,169.8,0.0,21.200000000000003,28.9,28.9,30.9,300.0,300.0,31.6,35.9,28.9,28.0,29.9,4.96,1.99,4.96,0.16,0.0,0.0,1027.0,8228.0,0.0,0.0,0.0,0.0,0.0,1.0,0.0,0.0,0.0,0.0,0.0,-0.2,0.0,-0.4,0.0,0.0,16.0,25903.0
2026-07-30T19:03:54.200Z,403.683,403.698,0.0,7.4,0.0,0.0,0.0,0.0,0.0,0.0,0.0,0.0,1.0,0.0,0.0,0.0,9.0,4.0,0.0,0.0,0.0,0.0,0.0,0.0,0.0,0.0,4.0,12.0,1.0,12.17,5.0200000000000005,2.51,1.49,0.0,0.0,0.0,361.3,0.0,0.2,0.0,-1.3,-169.70000000000002,0.0,0.0,169.8,0.0,21.4,28.9,28.9,30.9,300.0,300.0,31.6,35.9,28.8,28.0,29.9,4.95,1.99,4.97,0.16,0.0,0.0,1027.0,8228.0,0.0,0.0,0.0,0.0,0.0,1.0,0.0,0.0,0.0,0.0,0.0,-0.9,0.0,1.1,0.0,0.0,16.0,25903.0
2026-07-30T19:03:54.211Z,403.694,403.71,0.0,7.4,0.0,0.0,0.0,0.0,0.0,0.0,0.0,0.0,1.0,0.0,0.0,0.0,9.0,4.0,0.0,0.0,0.0,0.0,0.0,0.0,0.0,0.0,6.0,12.0,1.0,12.17,5.0200000000000005,2.51,1.49,0.0,0.0,0.0,361.4,0.0,0.2,-0.5,-0.1,-169.70000000000002,0.0,0.0,169.70000000000002,0.0,21.4,28.9,28.9,30.9,300.0,300.0,31.6,35.9,28.8,28.0,29.9,4.95,1.99,4.97,0.16,0.0,0.0,1027.0,8228.0,0.0,0.0,0.0,0.0,0.0,1.0,0.0,0.0,0.0,0.0,0.0,-0.6000000000000001,0.0,0.0,0.0,0.0,16.0,25903.0
2026-07-30T19:03:54.223Z,403.706,403.722,0.0,7.4,0.0,0.0,0.0,0.0,0.0,0.0,0.0,0.0,1.0,0.0,0.0,0.0,9.0,4.0,0.0,0.0,0.0,0.0,0.0,0.0,0.0,0.0,1.0,12.0,1.0,12.17,5.0200000000000005,2.51,1.49,0.0,0.0,0.0,361.3,0.0,0.8,1.8,2.2,-169.70000000000002,0.0,0.0,169.8,0.0,21.4,28.9,28.9,30.9,300.0,300.0,31.6,35.9,28.8,28.0,29.9,4.95,1.99,4.96,0.16,0.0,0.0,1027.0,8228.0,0.0,0.0,0.0,0.0,0.0,1.0,0.0,0.0,0.0,0.0,0.0,3.7,0.0,-1.5,0.0,0.0,16.0,25903.0
2026-07-30T19:03:54.235Z,403.718,403.734,0.0,7.4,0.0,0.0,0.0,0.0,0.0,0.0,0.0,0.0,1.0,0.0,0.0,0.0,9.0,4.0,0.0,0.0,0.0,0.0,0.0,0.0,0.0,0.0,3.0,12.0,1.0,12.17,5.0200000000000005,2.51,1.49,0.0,0.0,0.0,361.4,0.0,-0.3,1.2000000000000002,0.4,-169.70000000000002,0.0,0.0,169.8,0.0,21.4,28.9,28.9,30.9,300.0,300.0,31.6,35.9,28.8,28.0,29.9,4.95,1.99,4.96,0.15,0.0,0.0,1027.0,8228.0,0.0,0.0,0.0,0.0,0.0,1.0,0.0,0.0,0.0,0.0,0.0,1.7000000000000002,0.0,-0.1,0.0,0.0,16.0,25903.0
2026-07-30T19:03:54.247Z,403.73,403.746,0.0,7.4,0.0,0.0,0.0,0.0,0.0,0.0,0.0,0.0,1.0,0.0,0.0,0.0,9.0,4.0,0.0,0.0,0.0,0.0,0.0,0.0,0.0,0.0,4.0,12.0,1.0,12.17,5.0200000000000005,2.51,1.49,0.0,0.0,0.0,361.4,0.0,0.2,1.2000000000000002,1.0,-169.70000000000002,0.0,0.0,169.8,0.0,21.4,28.9,28.9,30.9,300.0,300.0,31.6,35.9,28.8,28.0,29.9,4.95,1.99,4.97,0.16,0.0,0.0,1027.0,8228.0,0.0,0.0,0.0,0.0,0.0,1.0,0.0,0.0,0.0,0.0,0.0,2.2,0.0,-0.6000000000000001,0.0,0.0,16.0,25903.0
2026-07-30T19:03:54.259Z,403.742,403.758,0.0,7.4,0.0,0.0,0.0,0.0,0.0,0.0,0.0,0.0,1.0,0.0,0.0,0.0,9.0,4.0,0.0,0.0,0.0,0.0,0.0,0.0,0.0,0.0,6.0,12.0,1.0,12.17,5.0200000000000005,2.51,1.49,0.0,0.0,0.0,361.3,0.0,0.2,0.0,0.4,-169.70000000000002,0.0,0.0,169.60000000000002,0.0,21.4,28.9,28.9,30.9,300.0,300.0,31.6,35.9,28.8,28.0,29.9,4.96,1.99,4.97,0.16,0.0,0.0,1027.0,8228.0,0.0,0.0,0.0,0.0,0.0,1.0,0.0,0.0,0.0,0.0,0.0,0.4,0.0,-0.3,0.0,0.0,16.0,25903.0
2026-07-30T19:03:54.271Z,403.754,403.77,0.0,7.4,0.0,0.0,0.0,0.0,0.0,0.0,0.0,0.0,1.0,0.0,0.0,0.0,9.0,4.0,0.0,0.0,0.0,0.0,0.0,0.0,0.0,0.0,1.0,12.0,1.0,12.17,5.0200000000000005,2.51,1.49,0.0,0.1,0.0,361.3,0.0,-0.3,-0.4,0.4,-169.70000000000002,0.0,0.0,169.60000000000002,0.0,21.4,28.9,28.9,30.9,300.0,300.0,31.6,35.9,28.8,28.0,29.9,4.96,1.99,4.96,0.16,0.0,0.0,1027.0,8228.0,0.0,0.0,0.0,0.0,0.0,1.0,0.0,0.0,0.0,0.0,0.0,-0.2,0.0,-0.5,0.0,0.0,16.0,25903.0
2026-07-30T19:03:54.283Z,403.766,403.782,0.0,7.4,0.0,0.0,0.0,0.0,0.0,0.0,0.0,0.0,1.0,0.0,0.0,0.0,9.0,4.0,0.0,0.0,0.0,0.0,0.0,0.0,0.0,0.0,3.0,12.0,1.0,12.17,5.0200000000000005,2.51,1.49,0.0,0.0,0.0,361.4,0.0,-0.3,0.1,1.0,-169.70000000000002,0.0,0.0,169.70000000000002,0.0,21.4,28.9,28.9,30.9,300.0,300.0,31.6,35.9,28.8,28.0,29.9,4.96,1.99,4.96,0.16,0.0,0.0,1027.0,8228.0,0.0,0.0,0.0,0.0,0.0,1.0,0.0,0.0,0.0,0.0,0.0,0.8,0.0,-0.9,0.0,0.0,16.0,25903.0
2026-07-30T19:03:54.295Z,403.778,403.794,0.0,7.4,0.0,0.0,0.0,0.0,0.0,0.0,0.0,0.0,1.0,0.0,0.0,0.0,9.0,4.0,0.0,0.0,0.0,0.0,0.0,0.0,0.0,0.0,4.0,12.0,1.0,12.17,5.0200000000000005,2.51,1.49,0.0,0.0,0.0,361.3,0.0,-0.3,-0.4,-0.6000000000000001,-169.70000000000002,0.0,0.0,169.70000000000002,0.0,21.4,28.9,28.9,30.9,300.0,300.0,31.6,35.9,28.8,28.0,29.9,4.95,1.99,4.97,0.16,0.0,0.0,1027.0,8228.0,0.0,0.0,0.0,0.0,0.0,1.0,0.0,0.0,0.0,0.0,0.0,-0.9,0.0,0.4,0.0,0.0,16.0,25903.0
2026-07-30T19:03:54.307Z,403.79,403.806,0.0,7.4,0.0,0.0,0.0,0.0,0.0,0.0,0.0,0.0,1.0,0.0,0.0,0.0,9.0,4.0,0.0,0.0,0.0,0.0,0.0,0.0,0.0,0.0,6.0,12.0,1.0,12.17,5.01,2.51,1.49,0.0,0.0,0.0,361.3,0.0,0.8,-0.9,-1.1,-169.70000000000002,0.0,0.0,169.70000000000002,0.0,21.700000000000003,28.9,28.9,30.9,300.0,300.0,31.6,35.9,28.9,28.0,29.9,4.95,1.99,4.97,0.16,0.0,0.0,1027.0,8228.0,0.0,0.0,0.0,0.0,0.0,1.0,0.0,0.0,0.0,0.0,0.0,-2.0,0.0,0.8,0.0,0.0,16.0,25903.0
2026-07-30T19:03:54.319Z,403.802,403.818,0.0,7.4,0.0,0.0,0.0,0.0,0.0,0.0,0.0,0.0,1.0,0.0,0.0,0.0,9.0,4.0,0.0,0.0,0.0,0.0,0.0,0.0,0.0,0.0,2.0,12.0,1.0,12.17,5.01,2.51,1.49,0.0,0.0,0.0,361.3,0.0,0.3,0.1,-0.6000000000000001,-169.70000000000002,0.0,0.0,169.70000000000002,0.0,21.700000000000003,28.9,28.9,30.9,300.0,300.0,31.6,35.9,28.9,28.0,29.9,4.95,1.99,4.97,0.16,0.0,0.0,1027.0,8228.0,0.0,0.0,0.0,0.0,0.0,1.0,0.0,0.0,0.0,0.0,0.0,-0.2,0.0,0.5,0.0,0.0,16.0,25903.0
2026-07-30T19:03:54.331Z,403.814,403.83,0.0,7.4,0.0,0.0,0.0,0.0,0.0,0.0,0.0,0.0,1.0,0.0,0.0,0.0,9.0,4.0,0.0,0.0,0.0,0.0,0.0,0.0,0.0,0.0,3.0,12.0,1.0,12.17,5.01,2.51,1.49,0.0,0.0,0.0,361.3,0.0,0.9,1.3,0.5,-169.70000000000002,0.0,0.0,169.70000000000002,0.0,21.700000000000003,28.9,28.9,30.9,300.0,300.0,31.6,35.9,28.9,28.0,29.9,4.95,1.99,4.97,0.16,0.0,0.0,1027.0,8228.0,0.0,0.0,0.0,0.0,0.0,1.0,0.0,0.0,0.0,0.0,0.0,1.9,0.0,-0.2,0.0,0.0,16.0,25903.0
2026-07-30T19:03:54.343Z,403.826,403.842,0.0,7.4,0.0,0.0,0.0,0.0,0.0,0.0,0.0,0.0,1.0,0.0,0.0,0.0,9.0,4.0,0.0,0.0,0.0,0.0,0.0,0.0,0.0,0.0,4.0,12.0,1.0,12.17,5.01,2.51,1.49,0.0,0.0,0.0,361.4,0.0,0.3,0.2,-0.6000000000000001,-169.70000000000002,0.0,0.0,169.70000000000002,0.0,21.700000000000003,28.9,28.9,30.9,300.0,300.0,31.6,35.9,28.9,28.0,29.9,4.96,1.99,4.97,0.16,0.0,0.0,1027.0,8228.0,0.0,0.0,0.0,0.0,0.0,1.0,0.0,0.0,0.0,0.0,0.0,-0.2,0.0,0.5,0.0,0.0,16.0,25903.0
2026-07-30T19:03:54.355Z,403.838,403.854,0.0,7.4,0.0,0.0,0.0,0.0,0.0,0.0,0.0,0.0,1.0,0.0,0.0,0.0,9.0,4.0,0.0,0.0,0.0,0.0,0.0,0.0,0.0,0.0,6.0,12.0,1.0,12.17,5.01,2.51,1.49,0.0,0.0,0.0,361.4,0.0,0.3,-0.3,0.5,-169.70000000000002,0.0,0.0,169.8,0.0,21.700000000000003,28.9,28.9,30.9,300.0,300.0,31.6,35.9,28.9,28.0,29.9,4.96,1.99,4.96,0.16,0.0,0.0,1027.0,8228.0,0.0,0.0,0.0,0.0,0.0,1.0,0.0,0.0,0.0,0.0,0.0,0.0,0.0,-0.5,0.0,0.0,16.0,25903.0
2026-07-30T19:03:54.367Z,403.85,403.866,0.0,7.4,0.0,0.0,0.0,0.0,0.0,0.0,0.0,0.0,1.0,0.0,0.0,0.0,9.0,4.0,0.0,0.0,0.0,0.0,0.0,0.0,0.0,0.0,1.0,12.0,1.0,12.17,5.01,2.51,1.49,0.0,0.0,0.0,361.3,0.0,-0.8,1.3,0.4,-169.70000000000002,0.0,0.0,169.70000000000002,0.0,21.700000000000003,28.9,28.9,30.9,300.0,300.0,31.6,35.9,28.9,28.0,29.9,4.96,1.99,4.97,0.16,0.0,0.0,1027.0,8228.0,0.0,0.0,0.0,0.0,0.0,1.0,0.0,0.0,0.0,0.0,0.0,1.8,0.0,-0.1,0.0,0.0,16.0,25903.0
2026-07-30T19:03:54.379Z,403.862,403.878,0.0,7.4,0.0,0.0,0.0,0.0,0.0,0.0,0.0,0.0,1.0,0.0,0.0,0.0,9.0,4.0,0.0,0.0,0.0,0.0,0.0,0.0,0.0,0.0,2.0,12.0,1.0,12.17,5.01,2.51,1.49,0.0,0.0,0.0,361.3,0.0,0.2,0.7000000000000001,-0.6000000000000001,-169.70000000000002,0.0,0.0,169.8,0.0,21.700000000000003,28.9,28.9,30.9,300.0,300.0,31.6,35.9,28.9,28.0,29.9,4.95,2.0,4.97,0.16,0.0,0.0,1027.0,8228.0,0.0,0.0,0.0,0.0,0.0,1.0,0.0,0.0,0.0,0.0,0.0,0.3,0.0,0.7000000000000001,0.0,0.0,16.0,25903.0
2026-07-30T19:03:54.391Z,403.874,403.89,0.0,7.4,0.0,0.0,0.0,0.0,0.0,0.0,0.0,0.0,1.0,0.0,0.0,0.0,9.0,4.0,0.0,0.0,0.0,0.0,0.0,0.0,0.0,0.0,4.0,12.0,1.0,12.17,5.01,2.51,1.49,0.0,0.0,0.0,361.3,0.0,-0.3,-1.0,-1.2000000000000002,-169.70000000000002,0.0,0.0,169.8,0.0,21.700000000000003,28.9,28.9,30.9,300.0,300.0,31.6,35.9,28.9,28.0,29.9,4.96,2.0,4.96,0.16,0.0,0.0,1027.0,8228.0,0.0,0.0,0.0,0.0,0.0,1.0,0.0,0.0,0.0,0.0,0.0,-2.0,0.0,0.8,0.0,0.0,16.0,25903.0
2026-07-30T19:03:54.404Z,403.887,403.902,0.0,7.4,0.0,0.0,0.0,0.0,0.0,0.0,0.0,0.0,1.0,0.0,0.0,0.0,9.0,4.0,0.0,0.0,0.0,0.0,0.0,0.0,0.0,0.0,5.0,12.0,1.0,12.11,5.01,2.51,1.49,0.0,0.0,0.0,361.3,0.0,0.2,0.1,1.6,-169.70000000000002,0.0,0.0,169.70000000000002,0.0,21.4,28.9,28.9,30.9,300.0,300.0,31.700000000000003,35.9,28.9,28.1,29.9,4.95,1.99,4.97,0.16,0.0,0.0,1027.0,8228.0,0.0,0.0,0.0,0.0,0.0,1.0,0.0,0.0,0.0,0.0,0.0,1.4,0.0,-1.4,0.0,0.0,16.0,25903.0
2026-07-30T19:03:54.416Z,403.899,403.914,0.0,7.4,0.0,0.0,0.0,0.0,0.0,0.0,0.0,0.0,1.0,0.0,0.0,0.0,9.0,4.0,0.0,0.0,0.0,0.0,0.0,0.0,0.0,0.0,6.0,12.0,1.0,12.11,5.01,2.51,1.49,0.0,0.0,0.0,361.3,0.0,-0.2,0.1,-0.1,-169.70000000000002,0.0,0.0,169.8,0.0,21.4,28.9,28.9,30.9,300.0,300.0,31.700000000000003,35.9,28.9,28.1,29.9,4.95,1.99,4.97,0.16,0.0,0.0,1027.0,8228.0,0.0,0.0,0.0,0.0,0.0,1.0,0.0,0.0,0.0,0.0,0.0,0.0,0.0,0.1,0.0,0.0,16.0,25903.0
2026-07-30T19:03:54.428Z,403.911,403.926,0.0,7.4,0.0,0.0,0.0,0.0,0.0,0.0,0.0,0.0,1.0,0.0,0.0,0.0,9.0,4.0,0.0,0.0,0.0,0.0,0.0,0.0,0.0,0.0,1.0,12.0,1.0,12.11,5.01,2.51,1.49,0.0,0.0,0.0,361.3,0.0,-0.9,0.1,-1.8,-169.70000000000002,0.0,0.0,169.70000000000002,0.0,21.4,28.9,28.9,30.9,300.0,300.0,31.700000000000003,35.9,28.9,28.1,29.9,4.96,1.99,4.97,0.16,0.0,0.0,1027.0,8228.0,0.0,0.0,0.0,0.0,0.0,1.0,0.0,0.0,0.0,0.0,0.0,-1.2000000000000002,0.0,1.6,0.0,0.0,16.0,25903.0
2026-07-30T19:03:54.439Z,403.922,403.938,0.0,7.4,0.0,0.0,0.0,0.0,0.0,0.0,0.0,0.0,1.0,0.0,0.0,0.0,9.0,4.0,0.0,0.0,0.0,0.0,0.0,0.0,0.0,0.0,3.0,12.0,1.0,12.11,5.01,2.51,1.49,0.0,0.0,0.0,361.3,0.0,-0.8,0.1,-0.6000000000000001,-169.70000000000002,0.0,0.0,169.8,0.0,21.4,28.9,28.9,30.9,300.0,300.0,31.700000000000003,35.9,28.9,28.1,29.9,4.96,1.99,4.97,0.16,0.0,0.0,1027.0,8228.0,0.0,0.0,0.0,0.0,0.0,1.0,0.0,0.0,0.0,0.0,0.0,-0.2,0.0,0.5,0.0,0.0,16.0,25903.0
2026-07-30T19:03:54.451Z,403.934,403.95,0.0,7.4,0.0,0.0,0.0,0.0,0.0,0.0,0.0,0.0,1.0,0.0,0.0,0.0,9.0,4.0,0.0,0.0,0.0,0.0,0.0,0.0,0.0,0.0,4.0,12.0,1.0,12.11,5.01,2.51,1.49,0.0,0.0,0.0,361.3,0.0,-0.3,-0.4,-0.6000000000000001,-169.70000000000002,0.0,0.0,169.8,0.0,21.4,28.9,28.9,30.9,300.0,300.0,31.700000000000003,35.9,28.9,28.1,29.9,4.95,1.99,4.97,0.16,0.0,0.0,1027.0,8228.0,0.0,0.0,0.0,0.0,0.0,1.0,0.0,0.0,0.0,0.0,0.0,-0.9,0.0,0.4,0.0,0.0,16.0,25903.0
2026-07-30T19:03:54.463Z,403.946,403.962,0.0,7.4,0.0,0.0,0.0,0.0,0.0,0.0,0.0,0.0,1.0,0.0,0.0,0.0,9.0,4.0,0.0,0.0,0.0,0.0,0.0,0.0,0.0,0.0,5.0,12.0,1.0,12.11,5.01,2.51,1.49,0.0,0.0,0.0,361.4,0.0,-0.9,0.2,-0.6000000000000001,-169.70000000000002,0.0,0.0,169.8,0.0,21.4,28.9,28.9,30.9,300.0,300.0,31.700000000000003,35.9,28.9,28.1,29.9,4.95,1.99,4.96,0.16,0.0,0.0,1027.0,8228.0,0.0,0.0,0.0,0.0,0.0,1.0,0.0,0.0,0.0,0.0,0.0,-0.2,0.0,0.6000000000000001,0.0,0.0,16.0,25903.0
2026-07-30T19:03:54.475Z,403.958,403.974,0.0,7.4,0.0,0.0,0.0,0.0,0.0,0.0,0.0,0.0,1.0,0.0,0.0,0.0,9.0,4.0,0.0,0.0,0.0,0.0,0.0,0.0,0.0,0.0,6.0,12.0,1.0,12.11,5.01,2.51,1.49,0.0,0.0,0.0,361.3,0.0,-0.9,0.7000000000000001,1.6,-169.70000000000002,0.0,0.0,169.8,0.0,21.4,28.9,28.9,30.9,300.0,300.0,31.700000000000003,35.9,28.9,28.1,29.9,4.96,1.99,4.96,0.16,0.0,0.0,1027.0,8228.0,0.0,0.0,0.0,0.0,0.0,1.0,0.0,0.0,0.0,0.0,0.0,2.1,0.0,-1.3,0.0,0.0,16.0,25903.0
2026-07-30T19:03:54.487Z,403.97,403.986,0.0,7.4,0.0,0.0,0.0,0.0,0.0,0.0,0.0,0.0,1.0,0.0,0.0,0.0,9.0,4.0,0.0,0.0,0.0,0.0,0.0,0.0,0.0,0.0,1.0,12.0,1.0,12.11,5.01,2.51,1.49,0.0,0.0,0.0,361.3,0.0,0.8,-0.3,0.5,-169.70000000000002,0.0,0.0,169.70000000000002,0.0,21.4,28.9,28.9,30.9,300.0,300.0,31.700000000000003,35.9,28.9,28.1,29.9,4.95,1.99,4.97,0.16,0.0,0.0,1027.0,8228.0,0.0,0.0,0.0,0.0,0.0,1.0,0.0,0.0,0.0,0.0,0.0,0.0,0.0,-0.5,0.0,0.0,16.0,25903.0
2026-07-30T19:03:54.499Z,403.982,403.998,0.0,7.4,0.0,0.0,0.0,0.0,0.0,0.0,0.0,0.0,1.0,0.0,0.0,0.0,9.0,4.0,0.0,0.0,0.0,0.0,0.0,0.0,0.0,0.0,2.0,12.0,1.0,12.11,5.01,2.51,1.49,0.0,0.0,0.0,361.3,0.0,-0.9,0.1,-0.6000000000000001,-169.70000000000002,0.0,0.0,169.8,0.0,21.4,28.9,28.9,30.9,300.0,300.0,31.700000000000003,35.9,28.9,28.1,29.9,4.96,1.99,4.97,0.16,0.0,0.0,1027.0,8228.0,0.0,0.0,0.0,0.0,0.0,1.0,0.0,0.0,0.0,0.0,0.0,0.1,0.0,0.1,0.0,0.0,16.0,25903.0
2026-07-30T19:03:54.511Z,403.994,404.01,0.0,7.4,0.0,0.0,0.0,0.0,0.0,0.0,0.0,0.0,1.0,0.0,0.0,0.0,9.0,4.0,0.0,0.0,0.0,0.0,0.0,0.0,0.0,0.0,3.0,12.0,1.0,12.15,5.0200000000000005,2.51,1.49,0.0,0.0,0.0,361.3,0.0,-0.9,-0.4,-1.2000000000000002,-169.70000000000002,0.0,0.0,169.8,0.0,21.9,28.9,28.9,30.9,300.0,300.0,31.700000000000003,35.9,28.8,28.1,29.9,4.96,2.0,4.97,0.16,0.0,0.0,1027.0,8228.0,0.0,0.0,0.0,0.0,0.0,1.0,0.0,0.0,0.0,0.0,0.0,0.7000000000000001,0.0,0.2,0.0,0.0,16.0,25903.0
2026-07-30T19:03:54.523Z,404.006,404.022,0.0,7.4,0.0,0.0,0.0,0.0,0.0,0.0,0.0,0.0,1.0,0.0,0.0,0.0,9.0,4.0,0.0,0.0,0.0,0.0,0.0,0.0,0.0,0.0,4.0,12.0,1.0,12.15,5.0200000000000005,2.51,1.49,0.0,0.0,0.0,361.4,0.0,0.8,1.3,1.0,-169.70000000000002,0.0,0.0,169.8,0.0,21.9,28.9,28.9,30.9,300.0,300.0,31.700000000000003,35.9,28.8,28.1,29.9,4.96,1.99,4.97,0.16,0.0,0.0,1027.0,8228.0,0.0,0.0,0.0,0.0,0.0,1.0,0.0,0.0,0.0,0.0,0.0,2.2,0.0,-0.6000000000000001,0.0,0.0,16.0,25903.0
2026-07-30T19:03:54.535Z,404.018,404.034,0.0,7.4,0.0,0.0,0.0,0.0,0.0,0.0,0.0,0.0,1.0,0.0,0.0,0.0,9.0,4.0,0.0,0.0,0.0,0.0,0.0,0.0,0.0,0.0,5.0,12.0,1.0,12.15,5.0200000000000005,2.51,1.49,0.0,0.0,0.0,361.3,0.0,-0.9,-0.4,0.4,-169.70000000000002,0.0,0.0,169.8,0.0,21.9,28.9,28.9,30.9,300.0,300.0,31.700000000000003,35.9,28.8,28.1,29.9,4.95,1.99,4.97,0.16,0.0,0.0,1027.0,8228.0,0.0,0.0,0.0,0.0,0.0,1.0,0.0,0.0,0.0,0.0,0.0,-0.1,0.0,-0.4,0.0,0.0,16.0,25903.0
2026-07-30T19:03:54.547Z,404.03,404.046,0.0,7.4,0.0,0.0,0.0,0.0,0.0,0.0,0.0,0.0,1.0,0.0,0.0,0.0,9.0,4.0,0.0,0.0,0.0,0.0,0.0,0.0,0.0,0.0,6.0,12.0,1.0,12.15,5.0200000000000005,2.51,1.49,0.0,0.0,0.0,361.3,0.0,-0.9,-1.5,-1.8,-169.70000000000002,0.0,0.0,169.8,0.0,21.9,28.9,28.9,30.9,300.0,300.0,31.700000000000003,35.9,28.8,28.1,29.9,4.96,2.0,4.96,0.16,0.0,0.0,1027.0,8228.0,0.0,0.0,0.0,0.0,0.0,1.0,0.0,0.0,0.0,0.0,0.0,-3.1,0.0,1.3,0.0,0.0,16.0,25903.0
2026-07-30T19:03:54.559Z,404.042,404.058,0.0,7.4,0.0,0.0,0.0,0.0,0.0,0.0,0.0,0.0,1.0,0.0,0.0,0.0,9.0,4.0,0.0,0.0,0.0,0.0,0.0,0.0,0.0,0.0,1.0,12.0,1.0,12.15,5.0200000000000005,2.51,1.49,0.0,0.0,0.0,361.3,0.0,0.2,0.1,0.4,-169.70000000000002,0.0,0.0,169.70000000000002,0.0,21.9,28.9,28.9,30.9,300.0,300.0,31.700000000000003,35.9,28.8,28.1,29.9,4.96,1.99,4.97,0.16,0.0,0.0,1027.0,8228.0,0.0,0.0,0.0,0.0,0.0,1.0,0.0,0.0,0.0,0.0,0.0,0.4,0.0,-0.3,0.0,0.0,16.0,25903.0
2026-07-30T19:03:54.572Z,404.055,404.07,0.0,7.4,0.0,0.0,0.0,0.0,0.0,0.0,0.0,0.0,1.0,0.0,0.0,0.0,9.0,4.0,0.0,0.0,0.0,0.0,0.0,0.0,0.0,0.0,2.0,12.0,1.0,12.15,5.0200000000000005,2.51,1.49,0.0,0.0,0.0,361.3,0.0,-0.3,-0.4,-1.3,-169.70000000000002,0.0,0.0,169.70000000000002,0.0,21.9,28.9,28.9,30.9,300.0,300.0,31.700000000000003,35.9,28.8,28.1,29.9,4.95,1.99,4.97,0.16,0.0,0.0,1027.0,8228.0,0.0,0.0,0.0,0.0,0.0,1.0,0.0,0.0,0.0,0.0,0.0,-1.4,0.0,1.0,0.0,0.0,16.0,25903.0
2026-07-30T19:03:54.583Z,404.066,404.082,0.0,7.4,0.0,0.0,0.0,0.0,0.0,0.0,0.0,0.0,1.0,0.0,0.0,0.0,9.0,4.0,0.0,0.0,0.0,0.0,0.0,0.0,0.0,0.0,3.0,12.0,1.0,12.15,5.0200000000000005,2.51,1.49,0.0,0.0,0.0,361.4,0.0,-0.3,-0.4,-0.1,-169.70000000000002,0.0,0.0,169.70000000000002,0.0,21.9,28.9,28.9,30.9,300.0,300.0,31.700000000000003,35.9,28.8,28.1,29.9,4.96,1.99,4.96,0.16,0.0,0.0,1027.0,8228.0,0.0,0.0,0.0,0.0,0.0,1.0,0.0,0.0,0.0,0.0,0.0,-0.6000000000000001,0.0,0.0,0.0,0.0,16.0,25903.0
2026-07-30T19:03:54.595Z,404.078,404.094,0.0,7.4,0.0,0.0,0.0,0.0,0.0,0.0,0.0,0.0,1.0,0.0,0.0,0.0,9.0,4.0,0.0,0.0,0.0,0.0,0.0,0.0,0.0,0.0,5.0,12.0,1.0,12.15,5.0200000000000005,2.51,1.49,0.0,0.0,0.0,361.3,0.0,-0.3,-1.0,0.3,-169.70000000000002,0.0,0.0,169.70000000000002,0.0,21.9,28.9,28.9,30.9,300.0,300.0,31.700000000000003,35.9,28.8,28.1,29.9,4.95,2.0,4.96,0.16,0.0,0.0,1027.0,8228.0,0.0,0.0,0.0,0.0,0.0,1.0,0.0,0.0,0.0,0.0,0.0,-0.9,0.0,-0.5,0.0,0.0,16.0,25903.0
2026-07-30T19:03:54.608Z,404.091,404.106,0.0,7.4,0.0,0.0,0.0,0.0,0.0,0.0,0.0,0.0,1.0,0.0,0.0,0.0,9.0,4.0,0.0,0.0,0.0,0.0,0.0,0.0,0.0,0.0,6.0,12.0,1.0,12.17,5.0200000000000005,2.51,1.49,0.0,0.0,0.0,361.3,0.0,-0.3,0.0,0.9,-169.70000000000002,0.0,0.0,169.8,0.0,21.200000000000003,28.9,28.9,30.9,300.0,300.0,31.700000000000003,35.9,28.8,28.0,29.9,4.95,1.99,4.97,0.16,0.0,0.0,1027.0,8228.0,0.0,0.0,0.0,0.0,0.0,1.0,0.0,0.0,0.0,0.0,0.0,0.8,0.0,-0.8,0.0,0.0,16.0,25903.0
2026-07-30T19:03:54.619Z,404.102,404.118,0.0,7.4,0.0,0.0,0.0,0.0,0.0,0.0,0.0,0.0,1.0,0.0,0.0,0.0,9.0,4.0,0.0,0.0,0.0,0.0,0.0,0.0,0.0,0.0,1.0,12.0,1.0,12.17,5.0200000000000005,2.51,1.49,0.0,0.0,0.0,361.3,0.0,0.2,0.1,0.4,-169.70000000000002,0.0,0.0,169.8,0.0,21.200000000000003,28.9,28.9,30.9,300.0,300.0,31.700000000000003,35.9,28.8,28.0,29.9,4.95,1.99,4.97,0.16,0.0,0.0,1027.0,8228.0,0.0,0.0,0.0,0.0,0.0,1.0,0.0,0.0,0.0,0.0,0.0,0.4,0.0,-0.3,0.0,0.0,16.0,25903.0
2026-07-30T19:03:54.631Z,404.114,404.13,0.0,7.4,0.0,0.0,0.0,0.0,0.0,0.0,0.0,0.0,1.0,0.0,0.0,0.0,9.0,4.0,0.0,0.0,0.0,0.0,0.0,0.0,0.0,0.0,2.0,12.0,1.0,12.17,5.0200000000000005,2.51,1.49,0.0,0.0,0.0,361.3,0.0,0.8,0.1,-0.7000000000000001,-169.70000000000002,0.0,0.0,169.8,0.0,21.200000000000003,28.9,28.9,30.9,300.0,300.0,31.700000000000003,35.9,28.8,28.0,29.9,4.96,1.99,4.97,0.16,0.0,0.0,1027.0,8228.0,0.0,0.0,0.0,0.0,0.0,1.0,0.0,0.0,0.0,0.0,0.0,-0.4,0.0,0.6000000000000001,0.0,0.0,16.0,25903.0
2026-07-30T19:03:54.643Z,404.126,404.142,0.0,7.4,0.0,0.0,0.0,0.0,0.0,0.0,0.0,0.0,1.0,0.0,0.0,0.0,9.0,4.0,0.0,0.0,0.0,0.0,0.0,0.0,0.0,0.0,3.0,12.0,1.0,12.17,5.0200000000000005,2.51,1.49,0.0,0.0,0.0,361.3,0.0,-0.2,-0.4,-0.1,-169.70000000000002,0.0,0.0,169.8,0.0,21.200000000000003,28.9,28.9,30.9,300.0,300.0,31.700000000000003,35.9,28.8,28.0,29.9,4.95,1.99,4.97,0.16,0.0,0.0,1027.0,8228.0,0.0,0.0,0.0,0.0,0.0,1.0,0.0,0.0,0.0,0.0,0.0,-0.6000000000000001,0.0,0.0,0.0,0.0,16.0,25903.0
2026-07-30T19:03:54.656Z,404.139,404.154,0.0,7.4,0.0,0.0,0.0,0.0,0.0,0.0,0.0,0.0,1.0,0.0,0.0,0.0,9.0,4.0,0.0,0.0,0.0,0.0,0.0,0.0,0.0,0.0,3.0,12.0,1.0,12.17,5.0200000000000005,2.51,1.49,0.0,0.0,0.0,361.3,0.0,0.3,0.6000000000000001,1.6,-169.70000000000002,0.0,0.0,169.8,0.0,21.200000000000003,28.9,28.9,30.9,300.0,300.0,31.700000000000003,35.9,28.8,28.0,29.9,4.95,1.99,4.96,0.16,0.0,0.0,1027.0,8228.0,0.0,0.0,0.0,0.0,0.0,1.0,0.0,0.0,0.0,0.0,0.0,1.9,0.0,-1.2000000000000002,0.0,0.0,16.0,25903.0
2026-07-30T19:03:54.667Z,404.15,404.166,0.0,7.4,0.0,0.0,0.0,0.0,0.0,0.0,0.0,0.0,1.0,0.0,0.0,0.0,9.0,4.0,0.0,0.0,0.0,0.0,0.0,0.0,0.0,0.0,4.0,12.0,1.0,12.17,5.0200000000000005,2.51,1.49,0.0,0.0,0.0,361.3,0.0,-0.2,0.0,1.0,-169.70000000000002,0.0,0.0,169.8,0.0,21.200000000000003,28.9,28.9,30.9,300.0,300.0,31.700000000000003,35.9,28.8,28.0,29.9,4.96,2.0,4.96,0.16,0.0,0.0,1027.0,8228.0,0.0,0.0,0.0,0.0,0.0,1.0,0.0,0.0,0.0,0.0,0.0,0.8,0.0,-0.8,0.0,0.0,16.0,25903.0
2026-07-30T19:03:54.679Z,404.162,404.178,0.0,7.4,0.0,0.0,0.0,0.0,0.0,0.0,0.0,0.0,1.0,0.0,0.0,0.0,9.0,4.0,0.0,0.0,0.0,0.0,0.0,0.0,0.0,0.0,5.0,12.0,1.0,12.17,5.0200000000000005,2.51,1.49,0.0,0.1,0.0,361.3,0.0,0.3,0.0,0.9,-169.70000000000002,0.0,0.0,169.8,0.0,21.200000000000003,28.9,28.9,30.9,300.0,300.0,31.700000000000003,35.9,28.8,28.0,29.9,4.95,2.0,4.97,0.16,0.0,0.0,1027.0,8228.0,0.0,0.0,0.0,0.0,0.0,1.0,0.0,0.0,0.0,0.0,0.0,0.8,0.0,-0.8,0.0,0.0,16.0,25903.0
2026-07-30T19:03:54.691Z,404.174,404.19,0.0,7.4,0.0,0.0,0.0,0.0,0.0,0.0,0.0,0.0,1.0,0.0,0.0,0.0,9.0,4.0,0.0,0.0,0.0,0.0,0.0,0.0,0.0,0.0,6.0,12.0,1.0,12.17,5.0200000000000005,2.51,1.49,0.0,0.0,0.0,361.3,0.0,0.3,0.6000000000000001,-0.7000000000000001,-169.70000000000002,0.0,0.0,169.8,0.0,21.200000000000003,28.9,28.9,30.9,300.0,300.0,31.700000000000003,35.9,28.8,28.0,29.9,4.95,1.99,4.97,0.16,0.0,0.0,1027.0,8228.0,0.0,0.0,0.0,0.0,0.0,1.0,0.0,0.0,0.0,0.0,0.0,0.1,0.0,0.8,0.0,0.0,16.0,25903.0
2026-07-30T19:03:54.703Z,404.186,404.202,0.0,7.4,0.0,0.0,0.0,0.0,0.0,0.0,0.0,0.0,1.0,0.0,0.0,0.0,9.0,4.0,0.0,0.0,0.0,0.0,0.0,0.0,0.0,0.0,1.0,12.0,1.0,12.17,5.0200000000000005,2.51,1.49,0.0,0.0,0.0,361.3,0.0,-0.8,-0.4,-1.9,-169.70000000000002,0.0,0.0,169.8,0.0,21.200000000000003,28.9,28.9,30.9,300.0,300.0,31.700000000000003,35.9,28.8,28.0,29.9,4.95,1.99,4.96,0.16,0.0,0.0,1027.0,8228.0,0.0,0.0,0.0,0.0,0.0,1.0,0.0,0.0,0.0,0.0,0.0,-1.9,0.0,1.5,0.0,0.0,16.0,25903.0
2026-07-30T19:03:54.715Z,404.198,404.214,0.0,7.4,0.0,0.0,0.0,0.0,0.0,0.0,0.0,0.0,1.0,0.0,0.0,0.0,9.0,4.0,0.0,0.0,0.0,0.0,0.0,0.0,0.0,0.0,2.0,12.0,1.0,12.18,5.01,2.51,1.49,0.0,0.0,0.0,361.3,0.0,0.3,0.0,-0.1,-169.70000000000002,0.0,0.0,169.8,0.0,21.700000000000003,28.9,28.9,30.9,300.0,300.0,31.700000000000003,35.9,28.8,28.0,29.9,4.96,1.99,4.96,0.16,0.0,0.0,1027.0,8228.0,0.0,0.0,0.0,0.0,0.0,1.0,0.0,0.0,0.0,0.0,0.0,0.0,0.0,0.1,0.0,0.0,16.0,25903.0
2026-07-30T19:03:54.727Z,404.21,404.226,0.0,7.4,0.0,0.0,0.0,0.0,0.0,0.0,0.0,0.0,1.0,0.0,0.0,0.0,9.0,4.0,0.0,0.0,0.0,0.0,0.0,0.0,0.0,0.0,3.0,12.0,1.0,12.18,5.01,2.51,1.49,0.0,0.0,0.0,361.4,0.0,0.3,-1.0,0.4,-169.70000000000002,0.0,0.0,169.8,0.0,21.700000000000003,28.9,28.9,30.9,300.0,300.0,31.700000000000003,35.9,28.8,28.0,29.9,4.95,1.99,4.97,0.16,0.0,0.0,1027.0,8228.0,0.0,0.0,0.0,0.0,0.0,1.0,0.0,0.0,0.0,0.0,0.0,-0.9,0.0,-0.5,0.0,0.0,16.0,25903.0
2026-07-30T19:03:54.739Z,404.222,404.238,0.0,7.4,0.0,0.0,0.0,0.0,0.0,0.0,0.0,0.0,1.0,0.0,0.0,0.0,9.0,4.0,0.0,0.0,0.0,0.0,0.0,0.0,0.0,0.0,4.0,12.0,1.0,12.18,5.01,2.51,1.49,0.0,0.0,0.0,361.3,0.0,-0.3,-1.6,-1.4,-169.70000000000002,0.0,0.0,169.8,0.0,21.700000000000003,28.9,28.9,30.9,300.0,300.0,31.700000000000003,35.9,28.8,28.0,29.9,4.96,1.99,4.96,0.16,0.0,0.0,1027.0,8228.0,0.0,0.0,0.0,0.0,0.0,1.0,0.0,0.0,0.0,0.0,0.0,-2.9000000000000004,0.0,0.9,0.0,0.0,16.0,25903.0
2026-07-30T19:03:54.751Z,404.234,404.25,0.0,7.4,0.0,0.0,0.0,0.0,0.0,0.0,0.0,0.0,1.0,0.0,0.0,0.0,9.0,4.0,0.0,0.0,0.0,0.0,0.0,0.0,0.0,0.0,5.0,12.0,1.0,12.18,5.01,2.51,1.49,0.0,0.0,0.0,361.3,0.0,-0.9,0.0,-1.4,-169.70000000000002,0.0,0.0,169.8,0.0,21.700000000000003,28.9,28.9,30.9,300.0,300.0,31.700000000000003,35.9,28.8,28.0,29.9,4.96,2.0,4.96,0.16,0.0,0.0,1027.0,8228.0,0.0,0.0,0.0,0.0,0.0,1.0,0.0,0.0,0.0,0.0,0.0,-0.9,0.0,1.2000000000000002,0.0,0.0,16.0,25903.0
2026-07-30T19:03:54.763Z,404.246,404.262,0.0,7.4,0.0,0.0,0.0,0.0,0.0,0.0,0.0,0.0,1.0,0.0,0.0,0.0,9.0,4.0,0.0,0.0,0.0,0.0,0.0,0.0,0.0,0.0,6.0,12.0,1.0,12.18,5.01,2.51,1.49,0.0,0.0,0.0,361.3,0.0,-0.2,0.6000000000000001,0.3,-169.70000000000002,0.0,0.0,169.8,0.0,21.700000000000003,28.9,28.9,30.9,300.0,300.0,31.700000000000003,35.9,28.8,28.0,29.9,4.96,1.99,4.96,0.16,0.0,0.0,1027.0,8228.0,0.0,0.0,0.0,0.0,0.0,1.0,0.0,0.0,0.0,0.0,0.0,1.0,0.0,-0.1,0.0,0.0,16.0,25903.0
2026-07-30T19:03:54.775Z,404.258,404.274,0.0,7.4,0.0,0.0,0.0,0.0,0.0,0.0,0.0,0.0,1.0,0.0,0.0,0.0,9.0,4.0,0.0,0.0,0.0,0.0,0.0,0.0,0.0,0.0,1.0,12.0,1.0,12.18,5.01,2.51,1.49,0.0,0.0,0.0,361.3,0.0,-0.2,0.1,-0.1,-169.70000000000002,0.0,0.0,169.8,0.0,21.700000000000003,28.9,28.9,30.9,300.0,300.0,31.700000000000003,35.9,28.8,28.0,29.9,4.95,1.99,4.97,0.16,0.0,0.0,1027.0,8228.0,0.0,0.0,0.0,0.0,0.0,1.0,0.0,0.0,0.0,0.0,0.0,0.0,0.0,0.1,0.0,0.0,16.0,25903.0
2026-07-30T19:03:54.787Z,404.27,404.286,0.0,7.4,0.0,0.0,0.0,0.0,0.0,0.0,0.0,0.0,1.0,0.0,0.0,0.0,9.0,4.0,0.0,0.0,0.0,0.0,0.0,0.0,0.0,0.0,2.0,12.0,1.0,12.18,5.01,2.51,1.49,0.0,0.0,0.0,361.3,0.0,-0.2,-0.4,2.1,-169.70000000000002,0.0,0.0,169.8,0.0,21.700000000000003,28.9,28.9,30.9,300.0,300.0,31.700000000000003,35.9,28.8,28.0,29.9,4.96,1.99,4.96,0.16,0.0,0.0,1027.0,8228.0,0.0,0.0,0.0,0.0,0.0,1.0,0.0,0.0,0.0,0.0,0.0,1.0,0.0,-2.0,0.0,0.0,16.0,25903.0
2026-07-30T19:03:54.799Z,404.282,404.298,0.0,7.4,0.0,0.0,0.0,0.0,0.0,0.0,0.0,0.0,1.0,0.0,0.0,0.0,9.0,4.0,0.0,0.0,0.0,0.0,0.0,0.0,0.0,0.0,3.0,12.0,1.0,12.18,5.01,2.51,1.49,0.0,0.0,0.0,361.3,0.0,-0.8,-0.4,-0.1,-169.70000000000002,0.0,0.0,169.8,0.0,21.700000000000003,28.9,28.9,30.9,300.0,300.0,31.700000000000003,35.9,28.8,28.0,29.9,4.96,1.99,4.97,0.16,0.0,0.0,1027.0,8228.0,0.0,0.0,0.0,0.0,0.0,1.0,0.0,0.0,0.0,0.0,0.0,-0.6000000000000001,0.0,0.0,0.0,0.0,16.0,25903.0
2026-07-30T19:03:54.812Z,404.295,404.31,0.0,7.4,0.0,0.0,0.0,0.0,0.0,0.0,0.0,0.0,1.0,0.0,0.0,0.0,9.0,4.0,0.0,0.0,0.0,0.0,0.0,0.0,0.0,0.0,4.0,12.0,1.0,12.18,5.01,2.5,1.5,0.0,0.0,0.0,361.3,0.0,-0.2,-0.4,-0.7000000000000001,-169.70000000000002,0.0,0.0,169.8,0.0,21.3,28.9,28.9,30.9,300.0,300.0,31.6,35.9,28.9,28.0,29.9,4.96,1.99,4.97,0.16,0.0,0.0,1027.0,8228.0,0.0,0.0,0.0,0.0,0.0,1.0,0.0,0.0,0.0,0.0,0.0,-1.0,0.0,0.5,0.0,0.0,16.0,25903.0
2026-07-30T19:03:54.824Z,404.307,404.322,0.0,7.4,0.0,0.0,0.0,0.0,0.0,0.0,0.0,0.0,1.0,0.0,0.0,0.0,9.0,4.0,0.0,0.0,0.0,0.0,0.0,0.0,0.0,0.0,6.0,12.0,1.0,12.18,5.01,2.5,1.5,0.0,0.0,0.0,361.3,0.0,-0.2,-0.4,-0.1,-169.70000000000002,0.0,0.0,169.8,0.0,21.3,28.9,28.9,30.9,300.0,300.0,31.6,35.9,28.9,28.0,29.9,4.96,1.99,4.96,0.16,0.0,0.0,1027.0,8228.0,0.0,0.0,0.0,0.0,0.0,1.0,0.0,0.0,0.0,0.0,0.0,-0.5,0.0,0.0,0.0,0.0,16.0,25903.0
2026-07-30T19:03:54.835Z,404.318,404.334,0.0,7.4,0.0,0.0,0.0,0.0,0.0,0.0,0.0,0.0,1.0,0.0,0.0,0.0,9.0,4.0,0.0,0.0,0.0,0.0,0.0,0.0,0.0,0.0,2.0,12.0,1.0,12.18,5.01,2.5,1.5,0.0,0.1,0.0,361.3,0.0,0.4,-0.4,0.4,-169.70000000000002,0.0,0.0,169.8,0.0,21.3,28.9,28.9,30.9,300.0,300.0,31.6,35.9,28.9,28.0,29.9,4.95,1.99,4.97,0.16,0.0,0.0,1027.0,8228.0,0.0,0.0,0.0,0.0,0.0,1.0,0.0,0.0,0.0,0.0,0.0,-0.1,0.0,-0.5,0.0,0.0,16.0,25903.0
2026-07-30T19:03:54.847Z,404.33,404.346,0.0,7.4,0.0,0.0,0.0,0.0,0.0,0.0,0.0,0.0,1.0,0.0,0.0,0.0,9.0,4.0,0.0,0.0,0.0,0.0,0.0,0.0,0.0,0.0,3.0,12.0,1.0,12.18,5.01,2.5,1.5,0.0,0.0,0.0,361.4,0.0,-0.1,1.2000000000000002,-0.6000000000000001,-169.70000000000002,0.0,0.0,169.8,0.0,21.3,28.9,28.9,30.9,300.0,300.0,31.6,35.9,28.9,28.0,29.9,4.95,1.99,4.97,0.16,0.0,0.0,1027.0,8228.0,0.0,0.0,0.0,0.0,0.0,1.0,0.0,0.0,0.0,0.0,0.0,0.9,0.0,0.8,0.0,0.0,16.0,25903.0
2026-07-30T19:03:54.859Z,404.342,404.358,0.0,7.4,0.0,0.0,0.0,0.0,0.0,0.0,0.0,0.0,1.0,0.0,0.0,0.0,9.0,4.0,0.0,0.0,0.0,0.0,0.0,0.0,0.0,0.0,4.0,12.0,1.0,12.18,5.01,2.5,1.5,0.0,0.0,0.0,361.3,0.0,-0.7000000000000001,-0.4,-1.2000000000000002,-169.70000000000002,0.0,0.0,169.8,0.0,21.3,28.9,28.9,30.9,300.0,300.0,31.6,35.9,28.9,28.0,29.9,4.95,1.99,4.97,0.16,0.0,0.0,1027.0,8228.0,0.0,0.0,0.0,0.0,0.0,1.0,0.0,0.0,0.0,0.0,0.0,-1.4,0.0,1.0,0.0,0.0,16.0,25903.0
2026-07-30T19:03:54.872Z,404.355,404.37,0.0,7.4,0.0,0.0,0.0,0.0,0.0,0.0,0.0,0.0,1.0,0.0,0.0,0.0,9.0,4.0,0.0,0.0,0.0,0.0,0.0,0.0,0.0,0.0,5.0,12.0,1.0,12.18,5.01,2.5,1.5,0.0,0.0,0.0,361.3,0.0,1.0,-0.4,0.0,-169.70000000000002,0.0,0.0,169.8,0.0,21.3,28.9,28.9,30.9,300.0,300.0,31.6,35.9,28.9,28.0,29.9,4.96,1.99,4.96,0.16,0.0,0.0,1027.0,8228.0,0.0,0.0,0.0,0.0,0.0,1.0,0.0,0.0,0.0,0.0,0.0,-0.5,0.0,0.0,0.0,0.0,16.0,25903.0
2026-07-30T19:03:54.884Z,404.367,404.382,0.0,7.4,0.0,0.0,0.0,0.0,0.0,0.0,0.0,0.0,1.0,0.0,0.0,0.0,9.0,4.0,0.0,0.0,0.0,0.0,0.0,0.0,0.0,0.0,6.0,12.0,1.0,12.18,5.01,2.5,1.5,0.0,0.0,0.0,361.3,0.0,0.4,0.7000000000000001,0.0,-169.70000000000002,0.0,0.0,169.8,0.0,21.3,28.9,28.9,30.9,300.0,300.0,31.6,35.9,28.9,28.0,29.9,4.95,1.99,4.97,0.16,0.0,0.0,1027.0,8228.0,0.0,0.0,0.0,0.0,0.0,1.0,0.0,0.0,0.0,0.0,0.0,0.8,0.0,0.2,0.0,0.0,16.0,25903.0
2026-07-30T19:03:54.895Z,404.378,404.394,0.0,7.4,0.0,0.0,0.0,0.0,0.0,0.0,0.0,0.0,1.0,0.0,0.0,0.0,9.0,4.0,0.0,0.0,0.0,0.0,0.0,0.0,0.0,0.0,1.0,12.0,1.0,12.18,5.01,2.5,1.5,0.0,0.1,0.0,361.3,0.0,0.4,0.1,0.0,-169.70000000000002,0.0,0.0,169.8,0.0,21.3,28.9,28.9,30.9,300.0,300.0,31.6,35.9,28.9,28.0,29.9,4.95,1.99,4.96,0.16,0.0,0.0,1027.0,8228.0,0.0,0.0,0.0,0.0,0.0,1.0,0.0,0.0,0.0,0.0,0.0,0.0,0.0,0.0,0.0,0.0,16.0,25903.0
2026-07-30T19:03:54.907Z,404.39,404.406,0.0,7.4,0.0,0.0,0.0,0.0,0.0,0.0,0.0,0.0,1.0,0.0,0.0,0.0,9.0,4.0,0.0,0.0,0.0,0.0,0.0,0.0,0.0,0.0,3.0,12.0,1.0,12.18,5.01,2.5,1.5,0.0,0.0,0.0,361.4,0.0,1.0,-0.5,1.1,-169.70000000000002,0.0,0.0,169.8,0.0,21.3,28.9,28.9,30.9,300.0,300.0,31.6,35.9,28.9,28.0,29.9,4.95,1.99,4.96,0.16,0.0,0.0,1027.0,8228.0,0.0,0.0,0.0,0.0,0.0,1.0,0.0,0.0,0.0,0.0,0.0,0.2,0.0,-1.0,0.0,0.0,16.0,25903.0
2026-07-30T19:03:54.919Z,404.402,404.418,0.0,7.4,0.0,0.0,0.0,0.0,0.0,0.0,0.0,0.0,1.0,0.0,0.0,0.0,9.0,4.0,0.0,0.0,0.0,0.0,0.0,0.0,0.0,0.0,4.0,12.0,1.0,12.17,5.0200000000000005,2.51,1.49,0.0,0.0,0.0,361.3,0.0,-0.1,0.0,-1.2000000000000002,-169.70000000000002,0.0,0.0,169.8,0.0,21.700000000000003,28.9,28.9,30.9,300.0,300.0,31.6,35.800000000000004,28.9,28.0,29.9,4.95,1.99,4.97,0.16,0.0,0.0,1027.0,8228.0,0.0,0.0,0.0,0.0,0.0,1.0,0.0,0.0,0.0,0.0,0.0,-0.8,0.0,1.1,0.0,0.0,16.0,25903.0
2026-07-30T19:03:54.931Z,404.414,404.43,0.0,7.4,0.0,0.0,0.0,0.0,0.0,0.0,0.0,0.0,1.0,0.0,0.0,0.0,9.0,4.0,0.0,0.0,0.0,0.0,0.0,0.0,0.0,0.0,5.0,12.0,1.0,12.17,5.0200000000000005,2.51,1.49,0.0,0.0,0.0,361.3,0.0,0.3,-0.4,0.4,-169.70000000000002,0.0,0.0,169.70000000000002,0.0,21.700000000000003,28.9,28.9,30.9,300.0,300.0,31.6,35.800000000000004,28.9,28.0,29.9,4.95,1.99,4.97,0.16,0.0,0.0,1027.0,8228.0,0.0,0.0,0.0,0.0,0.0,1.0,0.0,0.0,0.0,0.0,0.0,-0.1,0.0,-0.5,0.0,0.0,16.0,25903.0
2026-07-30T19:03:54.943Z,404.426,404.442,0.0,7.4,0.0,0.0,0.0,0.0,0.0,0.0,0.0,0.0,1.0,0.0,0.0,0.0,9.0,4.0,0.0,0.0,0.0,0.0,0.0,0.0,0.0,0.0,1.0,12.0,1.0,12.17,5.0200000000000005,2.51,1.49,0.0,0.0,0.0,361.3,0.0,0.3,0.0,0.0,-169.70000000000002,0.0,0.0,169.8,0.0,21.700000000000003,28.9,28.9,30.9,300.0,300.0,31.6,35.800000000000004,28.9,28.0,29.9,4.95,1.99,4.96,0.16,0.0,0.0,1027.0,8228.0,0.0,0.0,0.0,0.0,0.0,1.0,0.0,0.0,0.0,0.0,0.0,0.0,0.0,0.0,0.0,0.0,16.0,25903.0
2026-07-30T19:03:54.955Z,404.438,404.454,0.0,7.4,0.0,0.0,0.0,0.0,0.0,0.0,0.0,0.0,1.0,0.0,0.0,0.0,9.0,4.0,0.0,0.0,0.0,0.0,0.0,0.0,0.0,0.0,2.0,12.0,1.0,12.17,5.0200000000000005,2.51,1.49,0.0,0.0,0.0,361.3,0.0,0.4,0.0,1.1,-169.70000000000002,0.0,0.0,169.8,0.0,21.700000000000003,28.9,28.9,30.9,300.0,300.0,31.6,35.800000000000004,28.9,28.0,29.9,4.96,1.99,4.96,0.16,0.0,0.0,1027.0,8228.0,0.0,0.0,0.0,0.0,0.0,1.0,0.0,0.0,0.0,0.0,0.0,0.9,0.0,-0.9,0.0,0.0,16.0,25903.0
2026-07-30T19:03:54.967Z,404.45,404.466,0.0,7.4,0.0,0.0,0.0,0.0,0.0,0.0,0.0,0.0,1.0,0.0,0.0,0.0,9.0,4.0,0.0,0.0,0.0,0.0,0.0,0.0,0.0,0.0,4.0,12.0,1.0,12.17,5.0200000000000005,2.51,1.49,0.0,0.0,0.0,361.3,0.0,1.0,1.2000000000000002,1.1,-169.70000000000002,0.0,0.0,169.70000000000002,0.0,21.700000000000003,28.9,28.9,30.9,300.0,300.0,31.6,35.800000000000004,28.9,28.0,29.9,4.95,1.99,4.97,0.16,0.0,0.0,1027.0,8228.0,0.0,0.0,0.0,0.0,0.0,1.0,0.0,0.0,0.0,0.0,0.0,2.2,0.0,-0.7000000000000001,0.0,0.0,16.0,25903.0
2026-07-30T19:03:54.979Z,404.462,404.478,0.0,7.4,0.0,0.0,0.0,0.0,0.0,0.0,0.0,0.0,1.0,0.0,0.0,0.0,9.0,4.0,0.0,0.0,0.0,0.0,0.0,0.0,0.0,0.0,5.0,12.0,1.0,12.17,5.0200000000000005,2.51,1.49,0.0,0.0,0.0,361.3,0.0,-0.1,-0.4,0.5,-169.70000000000002,0.0,0.0,169.70000000000002,0.0,21.700000000000003,28.9,28.9,30.9,300.0,300.0,31.6,35.800000000000004,28.9,28.0,29.9,4.96,1.99,4.97,0.16,0.0,0.0,1027.0,8228.0,0.0,0.0,0.0,0.0,0.0,1.0,0.0,0.0,0.0,0.0,0.0,-0.1,0.0,-0.6000000000000001,0.0,0.0,16.0,25903.0
2026-07-30T19:03:54.991Z,404.474,404.49,0.0,7.4,0.0,0.0,0.0,0.0,0.0,0.0,0.0,0.0,1.0,0.0,0.0,0.0,9.0,4.0,0.0,0.0,0.0,0.0,0.0,0.0,0.0,0.0,1.0,12.0,1.0,12.17,5.0200000000000005,2.51,1.49,0.0,0.0,0.0,361.4,0.0,-0.1,-0.4,-0.6000000000000001,-169.70000000000002,0.0,0.0,169.60000000000002,0.0,21.700000000000003,28.9,28.9,30.9,300.0,300.0,31.6,35.800000000000004,28.9,28.0,29.9,4.96,2.0,4.96,0.16,0.0,0.0,1027.0,8228.0,0.0,0.0,0.0,0.0,0.0,1.0,0.0,0.0,0.0,0.0,0.0,-1.0,0.0,0.4,0.0,0.0,16.0,25903.0
2026-07-30T19:03:55.003Z,404.486,404.502,0.0,7.4,0.0,0.0,0.0,0.0,0.0,0.0,0.0,0.0,1.0,0.0,0.0,0.0,9.0,4.0,0.0,0.0,0.0,0.0,0.0,0.0,0.0,0.0,3.0,12.0,1.0,12.17,5.0200000000000005,2.51,1.49,0.0,0.0,0.0,361.3,0.0,-0.1,0.0,-0.6000000000000001,-169.70000000000002,0.0,0.0,169.60000000000002,0.0,21.700000000000003,28.9,28.9,30.9,300.0,300.0,31.6,35.800000000000004,28.9,28.0,29.9,4.96,1.99,4.96,0.16,0.0,0.0,1027.0,8228.0,0.0,0.0,0.0,0.0,0.0,1.0,0.0,0.0,0.0,0.0,0.0,-0.4,0.0,0.6000000000000001,0.0,0.0,16.0,25903.0
2026-07-30T19:03:55.016Z,404.499,404.514,0.0,7.4,0.0,0.0,0.0,0.0,0.0,0.0,0.0,0.0,1.0,0.0,0.0,0.0,9.0,4.0,0.0,0.0,0.0,0.0,0.0,0.0,0.0,0.0,4.0,12.0,1.0,12.17,5.01,2.5,1.49,0.0,0.0,0.0,361.3,0.0,0.3,-0.5,-0.1,-169.70000000000002,0.0,0.0,169.60000000000002,0.0,21.4,28.9,28.9,30.9,300.0,300.0,31.6,35.9,28.8,28.0,29.9,4.95,1.99,4.97,0.16,0.0,0.0,1027.0,8228.0,0.0,0.0,0.0,0.0,0.0,1.0,0.0,0.0,0.0,0.0,0.0,-0.2,0.0,-0.5,0.0,0.0,16.0,25903.0
2026-07-30T19:03:55.027Z,404.51,404.526,0.0,7.4,0.0,0.0,0.0,0.0,0.0,0.0,0.0,0.0,1.0,0.0,0.0,0.0,9.0,4.0,0.0,0.0,0.0,0.0,0.0,0.0,0.0,0.0,5.0,12.0,1.0,12.17,5.01,2.5,1.49,0.0,0.0,0.0,361.3,0.0,-0.1,-0.4,0.4,-169.70000000000002,0.0,0.0,169.70000000000002,0.0,21.4,28.9,28.9,30.9,300.0,300.0,31.6,35.9,28.8,28.0,29.9,4.96,1.99,4.96,0.16,0.0,0.0,1027.0,8228.0,0.0,0.0,0.0,0.0,0.0,1.0,0.0,0.0,0.0,0.0,0.0,-0.1,0.0,-0.5,0.0,0.0,16.0,25903.0
2026-07-30T19:03:55.039Z,404.522,404.538,0.0,7.4,0.0,0.0,0.0,0.0,0.0,0.0,0.0,0.0,1.0,0.0,0.0,0.0,9.0,4.0,0.0,0.0,0.0,0.0,0.0,0.0,0.0,0.0,1.0,12.0,1.0,12.17,5.01,2.5,1.49,0.0,0.0,0.0,361.3,0.0,0.9,1.2000000000000002,0.4,-169.70000000000002,0.0,0.0,169.70000000000002,0.0,21.4,28.9,28.9,30.9,300.0,300.0,31.6,35.9,28.8,28.0,29.9,4.96,1.99,4.97,0.16,0.0,0.0,1027.0,8228.0,0.0,0.0,0.0,0.0,0.0,1.0,0.0,0.0,0.0,0.0,0.0,0.0,0.0,0.1,0.0,0.0,16.0,25903.0
2026-07-30T19:03:55.051Z,404.534,404.55,0.0,7.4,0.0,0.0,0.0,0.0,0.0,0.0,0.0,0.0,1.0,0.0,0.0,0.0,9.0,4.0,0.0,0.0,0.0,0.0,0.0,0.0,0.0,0.0,2.0,12.0,1.0,12.17,5.01,2.5,1.49,0.0,0.0,0.0,361.4,0.0,0.9,1.8,1.6,-169.70000000000002,0.0,0.0,169.70000000000002,0.0,21.4,28.9,28.9,30.9,300.0,300.0,31.6,35.9,28.8,28.0,29.9,4.95,1.99,4.97,0.16,0.0,0.0,1027.0,8228.0,0.0,0.0,0.0,0.0,0.0,1.0,0.0,0.0,0.0,0.0,0.0,3.3000000000000003,0.0,-1.0,0.0,0.0,16.0,25903.0
2026-07-30T19:03:55.063Z,404.546,404.562,0.0,7.4,0.0,0.0,0.0,0.0,0.0,0.0,0.0,0.0,1.0,0.0,0.0,0.0,9.0,4.0,0.0,0.0,0.0,0.0,0.0,0.0,0.0,0.0,4.0,12.0,1.0,12.17,5.01,2.5,1.49,0.0,0.0,0.0,361.3,0.0,0.3,-1.0,-1.2000000000000002,-169.70000000000002,0.0,0.0,169.60000000000002,0.0,21.4,28.9,28.9,30.9,300.0,300.0,31.6,35.9,28.8,28.0,29.9,4.96,1.99,4.97,0.16,0.0,0.0,1027.0,8228.0,0.0,0.0,0.0,0.0,0.0,1.0,0.0,0.0,0.0,0.0,0.0,-2.0,0.0,0.8,0.0,0.0,16.0,25903.0
2026-07-30T19:03:55.075Z,404.558,404.574,0.0,7.4,0.0,0.0,0.0,0.0,0.0,0.0,0.0,0.0,1.0,0.0,0.0,0.0,9.0,4.0,0.0,0.0,0.0,0.0,0.0,0.0,0.0,0.0,5.0,12.0,1.0,12.17,5.01,2.5,1.49,0.0,0.0,0.0,361.4,0.0,0.4,-0.9,0.5,-169.70000000000002,0.0,0.0,169.8,0.0,21.4,28.9,28.9,30.9,300.0,300.0,31.6,35.9,28.8,28.0,29.9,4.95,1.99,4.96,0.16,0.0,0.0,1027.0,8228.0,0.0,0.0,0.0,0.0,0.0,1.0,0.0,0.0,0.0,0.0,0.0,-0.6000000000000001,0.0,-0.6000000000000001,0.0,0.0,16.0,25903.0
2026-07-30T19:03:55.087Z,404.57,404.586,0.0,7.4,0.0,0.0,0.0,0.0,0.0,0.0,0.0,0.0,1.0,0.0,0.0,0.0,9.0,4.0,0.0,0.0,0.0,0.0,0.0,0.0,0.0,0.0,1.0,12.0,1.0,12.17,5.01,2.5,1.49,0.0,0.1,0.0,361.4,0.0,-0.7000000000000001,0.1,0.5,-169.70000000000002,0.0,0.0,169.70000000000002,0.0,21.4,28.9,28.9,30.9,300.0,300.0,31.6,35.9,28.8,28.0,29.9,4.95,1.99,4.97,0.16,0.0,0.0,1027.0,8228.0,0.0,0.0,0.0,0.0,0.0,1.0,0.0,0.0,0.0,0.0,0.0,0.5,0.0,-0.4,0.0,0.0,16.0,25903.0
2026-07-30T19:03:55.099Z,404.582,404.598,0.0,7.4,0.0,0.0,0.0,0.0,0.0,0.0,0.0,0.0,1.0,0.0,0.0,0.0,9.0,4.0,0.0,0.0,0.0,0.0,0.0,0.0,0.0,0.0,2.0,12.0,1.0,12.17,5.01,2.5,1.49,0.0,0.0,0.0,361.3,0.0,-0.2,0.1,0.5,-169.70000000000002,0.0,0.0,169.70000000000002,0.0,21.4,28.9,28.9,30.9,300.0,300.0,31.6,35.9,28.8,28.0,29.9,4.96,1.99,4.97,0.16,0.0,0.0,1027.0,8228.0,0.0,0.0,0.0,0.0,0.0,1.0,0.0,0.0,0.0,0.0,0.0,0.5,0.0,-0.4,0.0,0.0,16.0,25903.0
2026-07-30T19:03:55.111Z,404.594,404.61,0.0,7.4,0.0,0.0,0.0,0.0,0.0,0.0,0.0,0.0,1.0,0.0,0.0,0.0,9.0,4.0,0.0,0.0,0.0,0.0,0.0,0.0,0.0,0.0,4.0,12.0,1.0,12.17,5.01,2.5,1.49,0.0,0.0,0.0,361.3,0.0,0.3,0.1,1.7000000000000002,-169.70000000000002,0.0,0.0,169.70000000000002,0.0,21.4,28.9,28.9,30.9,300.0,300.0,31.6,35.9,28.8,28.0,29.9,4.96,1.99,4.96,0.16,0.0,0.0,1027.0,8228.0,0.0,0.0,0.0,0.0,0.0,1.0,0.0,0.0,0.0,0.0,0.0,1.4,0.0,-1.4,0.0,0.0,16.0,25903.0
2026-07-30T19:03:55.123Z,404.606,404.622,0.0,7.4,0.0,0.0,0.0,0.0,0.0,0.0,0.0,0.0,1.0,0.0,0.0,0.0,9.0,4.0,0.0,0.0,0.0,0.0,0.0,0.0,0.0,0.0,5.0,12.0,1.0,12.22,5.0200000000000005,2.5,1.49,0.0,0.0,0.0,361.3,0.0,0.3,0.1,-0.6000000000000001,-169.70000000000002,0.0,0.0,169.8,0.0,21.4,28.9,28.9,30.9,300.0,300.0,31.700000000000003,35.9,28.8,28.0,29.9,4.95,1.99,4.97,0.16,0.0,0.0,1027.0,8228.0,0.0,0.0,0.0,0.0,0.0,1.0,0.0,0.0,0.0,0.0,0.0,-0.3,0.0,0.5,0.0,0.0,16.0,25903.0
2026-07-30T19:03:55.135Z,404.618,404.634,0.0,7.4,0.0,0.0,0.0,0.0,0.0,0.0,0.0,0.0,1.0,0.0,0.0,0.0,9.0,4.0,0.0,0.0,0.0,0.0,0.0,0.0,0.0,0.0,6.0,12.0,1.0,12.22,5.0200000000000005,2.5,1.49,0.0,0.0,0.0,361.3,0.0,0.3,0.6000000000000001,1.1,-169.70000000000002,0.0,0.0,169.70000000000002,0.0,21.4,28.9,28.9,30.9,300.0,300.0,31.700000000000003,35.9,28.8,28.0,29.9,4.95,1.99,4.97,0.16,0.0,0.0,1027.0,8228.0,0.0,0.0,0.0,0.0,0.0,1.0,0.0,0.0,0.0,0.0,0.0,1.6,0.0,-0.8,0.0,0.0,16.0,25903.0
2026-07-30T19:03:55.147Z,404.63,404.646,0.0,7.4,0.0,0.0,0.0,0.0,0.0,0.0,0.0,0.0,1.0,0.0,0.0,0.0,9.0,4.0,0.0,0.0,0.0,0.0,0.0,0.0,0.0,0.0,2.0,12.0,1.0,12.22,5.0200000000000005,2.5,1.49,0.0,0.1,0.0,361.4,0.0,0.3,1.2000000000000002,-0.1,-169.70000000000002,0.0,0.0,169.8,0.0,21.4,28.9,28.9,30.9,300.0,300.0,31.700000000000003,35.9,28.8,28.0,29.9,4.96,1.99,4.97,0.16,0.0,0.0,1027.0,8228.0,0.0,0.0,0.0,0.0,0.0,1.0,0.0,0.0,0.0,0.0,0.0,1.3,0.0,0.3,0.0,0.0,16.0,25903.0
2026-07-30T19:03:55.159Z,404.642,404.658,0.0,7.4,0.0,0.0,0.0,0.0,0.0,0.0,0.0,0.0,1.0,0.0,0.0,0.0,9.0,4.0,0.0,0.0,0.0,0.0,0.0,0.0,0.0,0.0,3.0,12.0,1.0,12.22,5.0200000000000005,2.5,1.49,0.0,0.0,0.0,361.3,0.0,-0.2,-0.4,-0.6000000000000001,-169.70000000000002,0.0,0.0,169.8,0.0,21.4,28.9,28.9,30.9,300.0,300.0,31.700000000000003,35.9,28.8,28.0,29.9,4.95,1.99,4.97,0.16,0.0,0.0,1027.0,8228.0,0.0,0.0,0.0,0.0,0.0,1.0,0.0,0.0,0.0,0.0,0.0,-1.0,0.0,0.4,0.0,0.0,16.0,25903.0
2026-07-30T19:03:55.172Z,404.655,404.67,0.0,7.4,0.0,0.0,0.0,0.0,0.0,0.0,0.0,0.0,1.0,0.0,0.0,0.0,9.0,4.0,0.0,0.0,0.0,0.0,0.0,0.0,0.0,0.0,4.0,12.0,1.0,12.22,5.0200000000000005,2.5,1.49,0.0,0.0,0.0,361.4,0.0,-0.2,-1.0,0.4,-169.70000000000002,0.0,0.0,169.8,0.0,21.4,28.9,28.9,30.9,300.0,300.0,31.700000000000003,35.9,28.8,28.0,29.9,4.95,1.99,4.97,0.16,0.0,0.0,1027.0,8228.0,0.0,0.0,0.0,0.0,0.0,1.0,0.0,0.0,0.0,0.0,0.0,-0.8,0.0,-0.6000000000000001,0.0,0.0,16.0,25903.0
2026-07-30T19:03:55.183Z,404.666,404.682,0.0,7.4,0.0,0.0,0.0,0.0,0.0,0.0,0.0,0.0,1.0,0.0,0.0,0.0,9.0,4.0,0.0,0.0,0.0,0.0,0.0,0.0,0.0,0.0,5.0,12.0,1.0,12.22,5.0200000000000005,2.5,1.49,0.0,0.1,0.0,361.3,0.0,-0.2,0.6000000000000001,-1.2000000000000002,-169.70000000000002,0.0,0.0,169.8,0.0,21.4,28.9,28.9,30.9,300.0,300.0,31.700000000000003,35.9,28.8,28.0,29.9,4.95,1.99,4.96,0.16,0.0,0.0,1027.0,8228.0,0.0,0.0,0.0,0.0,0.0,1.0,0.0,0.0,0.0,0.0,0.0,-0.1,0.0,1.2000000000000002,0.0,0.0,16.0,25903.0
2026-07-30T19:03:55.195Z,404.678,404.694,0.0,7.4,0.0,0.0,0.0,0.0,0.0,0.0,0.0,0.0,1.0,0.0,0.0,0.0,9.0,4.0,0.0,0.0,0.0,0.0,0.0,0.0,0.0,0.0,6.0,12.0,1.0,12.22,5.0200000000000005,2.5,1.49,0.0,0.0,0.0,361.3,0.0,-0.9,0.1,-1.2000000000000002,-169.70000000000002,0.0,0.0,169.70000000000002,0.0,21.4,28.9,28.9,30.9,300.0,300.0,31.700000000000003,35.9,28.8,28.0,29.9,4.96,1.99,4.96,0.16,0.0,0.0,1027.0,8228.0,0.0,0.0,0.0,0.0,0.0,1.0,0.0,0.0,0.0,0.0,0.0,-0.8,0.0,1.1,0.0,0.0,16.0,25903.0
2026-07-30T19:03:55.207Z,404.69,404.706,0.0,7.4,0.0,0.0,0.0,0.0,0.0,0.0,0.0,0.0,1.0,0.0,0.0,0.0,9.0,4.0,0.0,0.0,0.0,0.0,0.0,0.0,0.0,0.0,1.0,12.0,1.0,12.22,5.0200000000000005,2.5,1.49,0.0,0.0,0.0,361.3,0.0,0.2,0.1,0.4,-169.70000000000002,0.0,0.0,169.8,0.0,21.4,28.9,28.9,30.9,300.0,300.0,31.700000000000003,35.9,28.8,28.0,29.9,4.95,1.99,4.97,0.16,0.0,0.0,1027.0,8228.0,0.0,0.0,0.0,0.0,0.0,1.0,0.0,0.0,0.0,0.0,0.0,0.5,0.0,-0.4,0.0,0.0,16.0,25903.0
2026-07-30T19:03:55.220Z,404.703,404.718,0.0,7.4,0.0,0.0,0.0,0.0,0.0,0.0,0.0,0.0,1.0,0.0,0.0,0.0,9.0,4.0,0.0,0.0,0.0,0.0,0.0,0.0,0.0,0.0,1.0,12.0,1.0,12.15,5.0200000000000005,2.5,1.49,0.0,0.0,0.0,361.4,0.0,-0.3,-0.4,1.1,-169.70000000000002,0.0,0.0,169.8,0.0,21.3,28.9,28.9,30.9,300.0,300.0,31.700000000000003,35.9,28.8,28.0,29.9,4.96,1.99,4.97,0.16,0.0,0.0,1027.0,8228.0,0.0,0.0,0.0,0.0,0.0,1.0,0.0,0.0,0.0,0.0,0.0,0.3,0.0,-1.0,0.0,0.0,16.0,25903.0
2026-07-30T19:03:55.231Z,404.714,404.73,0.0,7.4,0.0,0.0,0.0,0.0,0.0,0.0,0.0,0.0,1.0,0.0,0.0,0.0,9.0,4.0,0.0,0.0,0.0,0.0,0.0,0.0,0.0,0.0,3.0,12.0,1.0,12.15,5.0200000000000005,2.5,1.49,0.0,0.0,0.0,361.4,0.0,-0.3,0.6000000000000001,1.7000000000000002,-169.70000000000002,0.0,0.0,169.70000000000002,0.0,21.3,28.9,28.9,30.9,300.0,300.0,31.700000000000003,35.9,28.8,28.0,29.9,4.96,2.0,4.96,0.16,0.0,0.0,1027.0,8228.0,0.0,0.0,0.0,0.0,0.0,1.0,0.0,0.0,0.0,0.0,0.0,2.0,0.0,-1.3,0.0,0.0,16.0,25903.0
2026-07-30T19:03:55.243Z,404.726,404.742,0.0,7.4,0.0,0.0,0.0,0.0,0.0,0.0,0.0,0.0,1.0,0.0,0.0,0.0,9.0,4.0,0.0,0.0,0.0,0.0,0.0,0.0,0.0,0.0,4.0,12.0,1.0,12.15,5.0200000000000005,2.5,1.49,0.0,0.1,0.0,361.4,0.0,-0.2,1.2000000000000002,-0.6000000000000001,-169.70000000000002,0.0,0.0,169.70000000000002,0.0,21.3,28.9,28.9,30.9,300.0,300.0,31.700000000000003,35.9,28.8,28.0,29.9,4.96,1.99,4.96,0.16,0.0,0.0,1027.0,8228.0,0.0,0.0,0.0,0.0,0.0,1.0,0.0,0.0,0.0,0.0,0.0,1.0,0.0,0.8,0.0,0.0,16.0,25903.0
2026-07-30T19:03:55.255Z,404.738,404.754,0.0,7.4,0.0,0.0,0.0,0.0,0.0,0.0,0.0,0.0,1.0,0.0,0.0,0.0,9.0,4.0,0.0,0.0,0.0,0.0,0.0,0.0,0.0,0.0,5.0,12.0,1.0,12.15,5.0200000000000005,2.5,1.49,0.0,0.0,0.0,361.3,0.0,0.2,-0.4,0.0,-169.70000000000002,0.0,0.0,169.70000000000002,0.0,21.3,28.9,28.9,30.9,300.0,300.0,31.700000000000003,35.9,28.8,28.0,29.9,4.95,1.99,4.97,0.16,0.0,0.0,1027.0,8228.0,0.0,0.0,0.0,0.0,0.0,1.0,0.0,0.0,0.0,0.0,0.0,-0.6000000000000001,0.0,0.0,0.0,0.0,16.0,25903.0
2026-07-30T19:03:55.267Z,404.75,404.766,0.0,7.4,0.0,0.0,0.0,0.0,0.0,0.0,0.0,0.0,1.0,0.0,0.0,0.0,9.0,4.0,0.0,0.0,0.0,0.0,0.0,0.0,0.0,0.0,1.0,12.0,1.0,12.15,5.0200000000000005,2.5,1.49,0.0,0.0,0.0,361.3,0.0,0.3,0.7000000000000001,1.0,-169.70000000000002,0.0,0.0,169.8,0.0,21.3,28.9,28.9,30.9,300.0,300.0,31.700000000000003,35.9,28.8,28.0,29.9,4.96,1.99,4.96,0.16,0.0,0.0,1027.0,8228.0,0.0,0.0,0.0,0.0,0.0,1.0,0.0,0.0,0.0,0.0,0.0,1.6,0.0,-0.8,0.0,0.0,16.0,25903.0
2026-07-30T19:03:55.279Z,404.762,404.778,0.0,7.4,0.0,0.0,0.0,0.0,0.0,0.0,0.0,0.0,1.0,0.0,0.0,0.0,9.0,4.0,0.0,0.0,0.0,0.0,0.0,0.0,0.0,0.0,2.0,12.0,1.0,12.15,5.0200000000000005,2.5,1.49,0.0,0.0,0.0,361.3,0.0,0.3,0.1,0.5,-169.70000000000002,0.0,0.0,169.8,0.0,21.3,28.9,28.9,30.9,300.0,300.0,31.700000000000003,35.9,28.8,28.0,29.9,4.96,1.99,4.97,0.16,0.0,0.0,1027.0,8228.0,0.0,0.0,0.0,0.0,0.0,1.0,0.0,0.0,0.0,0.0,0.0,0.5,0.0,-0.4,0.0,0.0,16.0,25903.0
2026-07-30T19:03:55.291Z,404.774,404.79,0.0,7.4,0.0,0.0,0.0,0.0,0.0,0.0,0.0,0.0,1.0,0.0,0.0,0.0,9.0,4.0,0.0,0.0,0.0,0.0,0.0,0.0,0.0,0.0,3.0,12.0,1.0,12.15,5.0200000000000005,2.5,1.49,0.0,0.1,0.0,361.3,0.0,-0.2,1.9,1.6,-169.70000000000002,0.0,0.0,169.8,0.0,21.3,28.9,28.9,30.9,300.0,300.0,31.700000000000003,35.9,28.8,28.0,29.9,4.95,1.99,4.97,0.16,0.0,0.0,1027.0,8228.0,0.0,0.0,0.0,0.0,0.0,1.0,0.0,0.0,0.0,0.0,0.0,3.4000000000000004,0.0,-1.0,0.0,0.0,16.0,25903.0
2026-07-30T19:03:55.303Z,404.786,404.802,0.0,7.4,0.0,0.0,0.0,0.0,0.0,0.0,0.0,0.0,1.0,0.0,0.0,0.0,9.0,4.0,0.0,0.0,0.0,0.0,0.0,0.0,0.0,0.0,4.0,12.0,1.0,12.15,5.0200000000000005,2.5,1.49,0.0,0.0,0.0,361.3,0.0,0.3,0.1,-0.6000000000000001,-169.70000000000002,0.0,0.0,169.70000000000002,0.0,21.3,28.9,28.9,30.9,300.0,300.0,31.700000000000003,35.9,28.8,28.0,29.9,4.96,1.99,4.97,0.16,0.0,0.0,1027.0,8228.0,0.0,0.0,0.0,0.0,0.0,1.0,0.0,0.0,0.0,0.0,0.0,-0.3,0.0,0.6000000000000001,0.0,0.0,16.0,25903.0
2026-07-30T19:03:55.315Z,404.798,404.814,0.0,7.4,0.0,0.0,0.0,0.0,0.0,0.0,0.0,0.0,1.0,0.0,0.0,0.0,9.0,4.0,0.0,0.0,0.0,0.0,0.0,0.0,0.0,0.0,5.0,12.0,1.0,12.15,5.0200000000000005,2.5,1.49,0.0,0.0,0.0,361.4,0.0,0.3,0.1,-0.1,-169.70000000000002,0.0,0.0,169.8,0.0,21.3,28.9,28.9,30.9,300.0,300.0,31.700000000000003,35.9,28.8,28.0,29.9,4.95,2.0,4.96,0.16,0.0,0.0,1027.0,8228.0,0.0,0.0,0.0,0.0,0.0,1.0,0.0,0.0,0.0,0.0,0.0,0.0,0.0,0.1,0.0,0.0,16.0,25903.0
2026-07-30T19:03:55.327Z,404.81,404.826,0.0,7.4,0.0,0.0,0.0,0.0,0.0,0.0,0.0,0.0,1.0,0.0,0.0,0.0,9.0,4.0,0.0,0.0,0.0,0.0,0.0,0.0,0.0,0.0,6.0,12.0,1.0,12.17,5.01,2.51,1.49,0.0,0.0,0.0,361.3,0.0,0.3,0.6000000000000001,0.4,-169.70000000000002,0.0,0.0,169.70000000000002,0.0,21.700000000000003,28.9,28.9,30.9,300.0,300.0,31.8,35.9,28.8,28.0,29.9,4.95,1.99,4.97,0.16,0.0,0.0,1027.0,8228.0,0.0,0.0,0.0,0.0,0.0,1.0,0.0,0.0,0.0,0.0,0.0,1.1,0.0,-0.2,0.0,0.0,16.0,25903.0
2026-07-30T19:03:55.339Z,404.822,404.838,0.0,7.4,0.0,0.0,0.0,0.0,0.0,0.0,0.0,0.0,1.0,0.0,0.0,0.0,9.0,4.0,0.0,0.0,0.0,0.0,0.0,0.0,0.0,0.0,1.0,12.0,1.0,12.17,5.01,2.51,1.49,0.0,0.0,0.0,361.4,0.0,-0.2,1.3,0.5,-169.70000000000002,0.0,0.0,169.8,0.0,21.700000000000003,28.9,28.9,30.9,300.0,300.0,31.8,35.9,28.8,28.0,29.9,4.95,1.99,4.97,0.16,0.0,0.0,1027.0,8228.0,0.0,0.0,0.0,0.0,0.0,1.0,0.0,0.0,0.0,0.0,0.0,1.9,0.0,-0.1,0.0,0.0,16.0,25903.0
2026-07-30T19:03:55.351Z,404.834,404.85,0.0,7.4,0.0,0.0,0.0,0.0,0.0,0.0,0.0,0.0,1.0,0.0,0.0,0.0,9.0,4.0,0.0,0.0,0.0,0.0,0.0,0.0,0.0,0.0,3.0,12.0,1.0,12.17,5.01,2.51,1.49,0.0,0.0,0.0,361.4,0.0,0.9,-0.4,0.5,-169.70000000000002,0.0,0.0,169.70000000000002,0.0,21.700000000000003,28.9,28.9,30.9,300.0,300.0,31.8,35.9,28.8,28.0,29.9,4.96,1.99,4.96,0.16,0.0,0.0,1027.0,8228.0,0.0,0.0,0.0,0.0,0.0,1.0,0.0,0.0,0.0,0.0,0.0,0.0,0.0,-0.5,0.0,0.0,16.0,25903.0
2026-07-30T19:03:55.363Z,404.846,404.862,0.0,7.4,0.0,0.0,0.0,0.0,0.0,0.0,0.0,0.0,1.0,0.0,0.0,0.0,9.0,4.0,0.0,0.0,0.0,0.0,0.0,0.0,0.0,0.0,4.0,12.0,1.0,12.17,5.01,2.51,1.49,0.0,0.0,0.0,361.3,0.0,0.3,-1.0,-1.2000000000000002,-169.70000000000002,0.0,0.0,169.8,0.0,21.700000000000003,28.9,28.9,30.9,300.0,300.0,31.8,35.9,28.8,28.0,29.9,4.95,1.99,4.97,0.16,0.0,0.0,1027.0,8228.0,0.0,0.0,0.0,0.0,0.0,1.0,0.0,0.0,0.0,0.0,0.0,-2.0,0.0,0.8,0.0,0.0,16.0,25903.0
2026-07-30T19:03:55.375Z,404.858,404.874,0.0,7.4,0.0,0.0,0.0,0.0,0.0,0.0,0.0,0.0,1.0,0.0,0.0,0.0,9.0,4.0,0.0,0.0,0.0,0.0,0.0,0.0,0.0,0.0,6.0,12.0,1.0,12.17,5.01,2.51,1.49,0.0,0.0,0.0,361.3,0.0,-0.2,0.7000000000000001,0.0,-169.70000000000002,0.0,0.0,169.8,0.0,21.700000000000003,28.9,28.9,30.9,300.0,300.0,31.8,35.9,28.8,28.0,29.9,4.95,1.99,4.96,0.16,0.0,0.0,1027.0,8228.0,0.0,0.0,0.0,0.0,0.0,1.0,0.0,0.0,0.0,0.0,0.0,0.7000000000000001,0.0,0.2,0.0,0.0,16.0,25903.0
2026-07-30T19:03:55.387Z,404.87,404.886,0.0,7.4,0.0,0.0,0.0,0.0,0.0,0.0,0.0,0.0,1.0,0.0,0.0,0.0,9.0,4.0,0.0,0.0,0.0,0.0,0.0,0.0,0.0,0.0,1.0,12.0,1.0,12.17,5.01,2.51,1.49,0.0,0.0,0.0,361.3,0.0,-0.2,0.1,0.4,-169.70000000000002,0.0,0.0,169.8,0.0,21.700000000000003,28.9,28.9,30.9,300.0,300.0,31.8,35.9,28.8,28.0,29.9,4.95,1.99,4.96,0.16,0.0,0.0,1027.0,8228.0,0.0,0.0,0.0,0.0,0.0,1.0,0.0,0.0,0.0,0.0,0.0,0.5,0.0,-0.3,0.0,0.0,16.0,25903.0
2026-07-30T19:03:55.399Z,404.882,404.898,0.0,7.4,0.0,0.0,0.0,0.0,0.0,0.0,0.0,0.0,1.0,0.0,0.0,0.0,9.0,4.0,0.0,0.0,0.0,0.0,0.0,0.0,0.0,0.0,2.0,12.0,1.0,12.17,5.01,2.51,1.49,0.0,0.0,0.0,361.4,0.0,-0.2,0.1,1.0,-169.70000000000002,0.0,0.0,169.8,0.0,21.700000000000003,28.9,28.9,30.9,300.0,300.0,31.8,35.9,28.8,28.0,29.9,4.95,1.99,4.96,0.16,0.0,0.0,1027.0,8228.0,0.0,0.0,0.0,0.0,0.0,1.0,0.0,0.0,0.0,0.0,0.0,0.9,0.0,-0.8,0.0,0.0,16.0,25903.0
2026-07-30T19:03:55.412Z,404.895,404.91,0.0,7.4,0.0,0.0,0.0,0.0,0.0,0.0,0.0,0.0,1.0,0.0,0.0,0.0,9.0,4.0,0.0,0.0,0.0,0.0,0.0,0.0,0.0,0.0,3.0,12.0,1.0,12.17,5.01,2.51,1.49,0.0,0.0,0.0,361.4,0.0,-0.2,-1.6,-0.7000000000000001,-169.70000000000002,0.0,0.0,169.8,0.0,21.700000000000003,28.9,28.9,30.9,300.0,300.0,31.8,35.9,28.8,28.0,29.9,4.95,1.99,4.97,0.16,0.0,0.0,1027.0,8228.0,0.0,0.0,0.0,0.0,0.0,1.0,0.0,0.0,0.0,0.0,0.0,-2.3000000000000003,0.0,0.3,0.0,0.0,16.0,25903.0
2026-07-30T19:03:55.424Z,404.907,404.922,0.0,7.4,0.0,0.0,0.0,0.0,0.0,0.0,0.0,0.0,1.0,0.0,0.0,0.0,9.0,4.0,0.0,0.0,0.0,0.0,0.0,0.0,0.0,0.0,3.0,12.0,1.0,12.18,5.01,2.51,1.49,0.0,0.0,0.0,361.4,0.0,-0.8,-0.4,-0.7000000000000001,-169.70000000000002,0.0,0.0,169.8,0.0,21.700000000000003,28.9,28.9,30.9,300.0,300.0,31.8,35.9,28.8,28.0,29.9,4.95,1.99,4.96,0.16,0.0,0.0,1027.0,8228.0,0.0,0.0,0.0,0.0,0.0,1.0,0.0,0.0,0.0,0.0,0.0,-1.0,0.0,0.5,0.0,0.0,16.0,25903.0
2026-07-30T19:03:55.436Z,404.919,404.934,0.0,7.4,0.0,0.0,0.0,0.0,0.0,0.0,0.0,0.0,1.0,0.0,0.0,0.0,9.0,4.0,0.0,0.0,0.0,0.0,0.0,0.0,0.0,0.0,4.0,12.0,1.0,12.18,5.01,2.51,1.49,0.0,0.0,0.0,361.3,0.0,0.8,0.1,-0.1,-169.70000000000002,0.0,0.0,169.8,0.0,21.700000000000003,28.9,28.9,30.9,300.0,300.0,31.8,35.9,28.8,28.0,29.9,4.96,1.99,4.96,0.16,0.0,0.0,1027.0,8228.0,0.0,0.0,0.0,0.0,0.0,1.0,0.0,0.0,0.0,0.0,0.0,0.0,0.0,0.1,0.0,0.0,16.0,25903.0
2026-07-30T19:03:55.448Z,404.931,404.946,0.0,7.4,0.0,0.0,0.0,0.0,0.0,0.0,0.0,0.0,1.0,0.0,0.0,0.0,9.0,4.0,0.0,0.0,0.0,0.0,0.0,0.0,0.0,0.0,5.0,12.0,1.0,12.18,5.01,2.51,1.49,0.0,0.0,0.0,361.3,0.0,0.2,-0.4,-0.7000000000000001,-169.70000000000002,0.0,0.0,169.8,0.0,21.700000000000003,28.9,28.9,30.9,300.0,300.0,31.8,35.9,28.8,28.0,29.9,4.95,1.99,4.97,0.16,0.0,0.0,1027.0,8228.0,0.0,0.0,0.0,0.0,0.0,1.0,0.0,0.0,0.0,0.0,0.0,-1.0,0.0,0.5,0.0,0.0,16.0,25903.0
2026-07-30T19:03:55.460Z,404.943,404.958,0.0,7.4,0.0,0.0,0.0,0.0,0.0,0.0,0.0,0.0,1.0,0.0,0.0,0.0,9.0,4.0,0.0,0.0,0.0,0.0,0.0,0.0,0.0,0.0,6.0,12.0,1.0,12.18,5.01,2.51,1.49,0.0,0.0,0.0,361.3,0.0,0.2,-1.0,-0.7000000000000001,-169.70000000000002,0.0,0.0,169.8,0.0,21.700000000000003,28.9,28.9,30.9,300.0,300.0,31.8,35.9,28.8,28.0,29.9,4.96,1.99,4.96,0.16,0.0,0.0,1027.0,8228.0,0.0,0.0,0.0,0.0,0.0,1.0,0.0,0.0,0.0,0.0,0.0,-1.8,0.0,0.4,0.0,0.0,16.0,25903.0
2026-07-30T19:03:55.471Z,404.954,404.97,0.0,7.4,0.0,0.0,0.0,0.0,0.0,0.0,0.0,0.0,1.0,0.0,0.0,0.0,9.0,4.0,0.0,0.0,0.0,0.0,0.0,0.0,0.0,0.0,2.0,12.0,1.0,12.18,5.01,2.51,1.49,0.0,0.0,0.0,361.4,0.0,-0.8,0.0,-0.1,-169.70000000000002,0.0,0.0,169.8,0.0,21.700000000000003,28.9,28.9,30.9,300.0,300.0,31.8,35.9,28.8,28.0,29.9,4.96,1.99,4.96,0.16,0.0,0.0,1027.0,8228.0,0.0,0.0,0.0,0.0,0.0,1.0,0.0,0.0,0.0,0.0,0.0,0.0,0.0,0.1,0.0,0.0,16.0,25903.0
2026-07-30T19:03:55.483Z,404.966,404.982,0.0,7.4,0.0,0.0,0.0,0.0,0.0,0.0,0.0,0.0,1.0,0.0,0.0,0.0,9.0,4.0,0.0,0.0,0.0,0.0,0.0,0.0,0.0,0.0,3.0,12.0,1.0,12.18,5.01,2.51,1.49,0.0,0.0,0.0,361.4,0.0,-0.2,0.6000000000000001,-0.1,-169.70000000000002,0.0,0.0,169.8,0.0,21.700000000000003,28.9,28.9,30.9,300.0,300.0,31.8,35.9,28.8,28.0,29.9,4.95,1.99,4.96,0.16,0.0,0.0,1027.0,8228.0,0.0,0.0,0.0,0.0,0.0,1.0,0.0,0.0,0.0,0.0,0.0,0.5,0.0,0.2,0.0,0.0,16.0,25903.0
2026-07-30T19:03:55.495Z,404.978,404.994,0.0,7.4,0.0,0.0,0.0,0.0,0.0,0.0,0.0,0.0,1.0,0.0,0.0,0.0,9.0,4.0,0.0,0.0,0.0,0.0,0.0,0.0,0.0,0.0,4.0,12.0,1.0,12.18,5.01,2.51,1.49,0.0,0.0,0.0,361.4,0.0,0.2,0.6000000000000001,1.5,-169.70000000000002,0.0,0.0,169.8,0.0,21.700000000000003,28.9,28.9,30.9,300.0,300.0,31.8,35.9,28.8,28.0,29.9,4.96,1.99,4.97,0.16,0.0,0.0,1027.0,8228.0,0.0,0.0,0.0,0.0,0.0,1.0,0.0,0.0,0.0,0.0,0.0,1.9,0.0,-1.2000000000000002,0.0,0.0,16.0,25903.0
2026-07-30T19:03:55.507Z,404.99,405.006,0.0,7.4,0.0,0.0,0.0,0.0,0.0,0.0,0.0,0.0,1.0,0.0,0.0,0.0,9.0,4.0,0.0,0.0,0.0,0.0,0.0,0.0,0.0,0.0,6.0,12.0,1.0,12.18,5.01,2.51,1.49,0.0,0.0,0.0,361.4,0.0,0.8,0.6000000000000001,-0.1,-169.70000000000002,0.0,0.0,169.70000000000002,0.0,21.700000000000003,28.9,28.9,30.9,300.0,300.0,31.8,35.9,28.8,28.0,29.9,4.96,1.99,4.96,0.16,0.0,0.0,1027.0,8228.0,0.0,0.0,0.0,0.0,0.0,1.0,0.0,0.0,0.0,0.0,0.0,0.6000000000000001,0.0,0.3,0.0,0.0,16.0,25903.0
2026-07-30T19:03:55.519Z,405.002,405.018,0.0,7.4,0.0,0.0,0.0,0.0,0.0,0.0,0.0,0.0,1.0,0.0,0.0,0.0,9.0,4.0,0.0,0.0,0.0,0.0,0.0,0.0,0.0,0.0,1.0,12.0,1.0,12.18,5.01,2.51,1.49,0.0,0.0,0.0,361.4,0.0,0.8,0.0,-0.2,-169.70000000000002,0.0,0.0,169.8,0.0,21.700000000000003,28.9,28.9,30.9,300.0,300.0,31.8,35.9,28.8,28.0,29.9,4.96,1.99,4.97,0.16,0.0,0.0,1027.0,8228.0,0.0,0.0,0.0,0.0,0.0,1.0,0.0,0.0,0.0,0.0,0.0,0.0,0.0,0.7000000000000001,0.0,0.0,16.0,25903.0
2026-07-30T19:03:55.531Z,405.014,405.03,0.0,7.4,0.0,0.0,0.0,0.0,0.0,0.0,0.0,0.0,1.0,0.0,0.0,0.0,9.0,4.0,0.0,0.0,0.0,0.0,0.0,0.0,0.0,0.0,2.0,12.0,1.0,12.17,5.0200000000000005,2.5,1.5,0.0,0.0,0.0,361.3,0.0,1.3,0.6000000000000001,-0.2,-169.70000000000002,0.0,0.0,169.70000000000002,0.0,21.700000000000003,28.9,28.9,30.9,300.0,300.0,31.8,35.9,28.8,28.0,29.9,4.96,1.99,4.97,0.16,0.0,0.0,1027.0,8228.0,0.0,0.0,0.0,0.0,0.0,1.0,0.0,0.0,0.0,0.0,0.0,0.5,0.0,0.3,0.0,0.0,16.0,25903.0
2026-07-30T19:03:55.543Z,405.026,405.042,0.0,7.4,0.0,0.0,0.0,0.0,0.0,0.0,0.0,0.0,1.0,0.0,0.0,0.0,9.0,4.0,0.0,0.0,0.0,0.0,0.0,0.0,0.0,0.0,3.0,12.0,1.0,12.17,5.0200000000000005,2.5,1.5,0.0,0.0,0.0,361.3,0.0,0.7000000000000001,0.0,-0.8,-169.70000000000002,0.0,0.0,169.8,0.0,21.700000000000003,28.9,28.9,30.9,300.0,300.0,31.8,35.9,28.8,28.0,29.9,4.96,1.99,4.96,0.16,0.0,0.0,1027.0,8228.0,0.0,0.0,0.0,0.0,0.0,1.0,0.0,0.0,0.0,0.0,0.0,0.7000000000000001,0.0,-0.8,0.0,0.0,16.0,25903.0
2026-07-30T19:03:55.555Z,405.038,405.054,0.0,7.4,0.0,0.0,0.0,0.0,0.0,0.0,0.0,0.0,1.0,0.0,0.0,0.0,9.0,4.0,0.0,0.0,0.0,0.0,0.0,0.0,0.0,0.0,4.0,12.0,1.0,12.17,5.0200000000000005,2.5,1.5,0.0,0.1,0.0,361.3,0.0,1.3,-0.4,-0.8,-169.70000000000002,0.0,0.0,169.70000000000002,0.0,21.700000000000003,28.9,28.9,30.9,300.0,300.0,31.8,35.9,28.8,28.0,29.9,4.95,1.99,4.96,0.16,0.0,0.0,1027.0,8228.0,0.0,0.0,0.0,0.0,0.0,1.0,0.0,0.0,0.0,0.0,0.0,-1.3,0.0,0.0,0.0,0.0,16.0,25903.0
2026-07-30T19:03:55.567Z,405.05,405.066,0.0,7.4,0.0,0.0,0.0,0.0,0.0,0.0,0.0,0.0,1.0,0.0,0.0,0.0,9.0,4.0,0.0,0.0,0.0,0.0,0.0,0.0,0.0,0.0,5.0,12.0,1.0,12.17,5.0200000000000005,2.5,1.5,0.0,0.0,0.0,361.3,0.0,-0.3,-0.5,-1.4,-169.70000000000002,0.0,0.0,169.70000000000002,0.0,21.700000000000003,28.9,28.9,30.9,300.0,300.0,31.8,35.9,28.8,28.0,29.9,4.95,1.99,4.97,0.16,0.0,0.0,1027.0,8228.0,0.0,0.0,0.0,0.0,0.0,1.0,0.0,0.0,0.0,0.0,0.0,-1.6,0.0,1.1,0.0,0.0,16.0,25903.0
2026-07-30T19:03:55.579Z,405.062,405.078,0.0,7.4,0.0,0.0,0.0,0.0,0.0,0.0,0.0,0.0,1.0,0.0,0.0,0.0,9.0,4.0,0.0,0.0,0.0,0.0,0.0,0.0,0.0,0.0,6.0,12.0,1.0,12.17,5.0200000000000005,2.5,1.5,0.0,0.0,0.0,361.4,0.0,-0.3,0.6000000000000001,-0.2,-169.70000000000002,0.0,0.0,169.8,0.0,21.700000000000003,28.9,28.9,30.9,300.0,300.0,31.8,35.9,28.8,28.0,29.9,4.95,1.99,4.97,0.16,0.0,0.0,1027.0,8228.0,0.0,0.0,0.0,0.0,0.0,1.0,0.0,0.0,0.0,0.0,0.0,0.5,0.0,0.3,0.0,0.0,16.0,25903.0
2026-07-30T19:03:55.591Z,405.074,405.09,0.0,7.4,0.0,0.0,0.0,0.0,0.0,0.0,0.0,0.0,1.0,0.0,0.0,0.0,9.0,4.0,0.0,0.0,0.0,0.0,0.0,0.0,0.0,0.0,1.0,12.0,1.0,12.17,5.0200000000000005,2.5,1.5,0.0,0.0,0.0,361.4,0.0,0.2,0.0,-0.2,-169.70000000000002,0.0,0.0,169.70000000000002,0.0,21.700000000000003,28.9,28.9,30.9,300.0,300.0,31.8,35.9,28.8,28.0,29.9,4.96,1.99,4.96,0.16,0.0,0.0,1027.0,8228.0,0.0,0.0,0.0,0.0,0.0,1.0,0.0,0.0,0.0,0.0,0.0,0.0,0.0,0.2,0.0,0.0,16.0,25903.0
2026-07-30T19:03:55.603Z,405.086,405.102,0.0,7.4,0.0,0.0,0.0,0.0,0.0,0.0,0.0,0.0,1.0,0.0,0.0,0.0,9.0,4.0,0.0,0.0,0.0,0.0,0.0,0.0,0.0,0.0,2.0,12.0,1.0,12.17,5.0200000000000005,2.5,1.5,0.0,0.0,0.0,361.3,0.0,0.2,0.0,-0.2,-169.70000000000002,0.0,0.0,169.60000000000002,0.0,21.700000000000003,28.9,28.9,30.9,300.0,300.0,31.8,35.9,28.8,28.0,29.9,4.95,1.99,4.97,0.16,0.0,0.0,1027.0,8228.0,0.0,0.0,0.0,0.0,0.0,1.0,0.0,0.0,0.0,0.0,0.0,0.0,0.0,0.2,0.0,0.0,16.0,25903.0
2026-07-30T19:03:55.615Z,405.098,405.114,0.0,7.4,0.0,0.0,0.0,0.0,0.0,0.0,0.0,0.0,1.0,0.0,0.0,0.0,9.0,4.0,0.0,0.0,0.0,0.0,0.0,0.0,0.0,0.0,3.0,12.0,1.0,12.17,5.0200000000000005,2.5,1.5,0.0,0.0,0.0,361.4,0.0,-0.8,0.6000000000000001,-0.8,-169.70000000000002,0.0,0.0,169.70000000000002,0.0,21.700000000000003,28.9,28.9,30.9,300.0,300.0,31.8,35.9,28.8,28.0,29.9,4.95,1.99,4.96,0.16,0.0,0.0,1027.0,8228.0,0.0,0.0,0.0,0.0,0.0,1.0,0.0,0.0,0.0,0.0,0.0,0.1,0.0,0.8,0.0,0.0,16.0,25903.0
2026-07-30T19:03:55.629Z,405.112,405.126,0.0,7.4,0.0,0.0,0.0,0.0,0.0,0.0,0.0,0.0,1.0,0.0,0.0,0.0,9.0,4.0,0.0,0.0,0.0,0.0,0.0,0.0,0.0,0.0,4.0,12.0,1.0,12.17,5.01,2.51,1.49,0.0,0.0,0.0,361.4,0.0,0.2,0.6000000000000001,0.9,-169.70000000000002,0.0,0.0,169.70000000000002,0.0,21.4,28.9,28.9,30.9,300.0,300.0,31.8,35.9,28.8,28.0,29.9,4.96,1.99,4.96,0.16,0.0,0.0,1027.0,8228.0,0.0,0.0,0.0,0.0,0.0,1.0,0.0,0.0,0.0,0.0,0.0,1.4,0.0,-0.7000000000000001,0.0,0.0,16.0,25903.0
2026-07-30T19:03:55.639Z,405.122,405.138,0.0,7.4,0.0,0.0,0.0,0.0,0.0,0.0,0.0,0.0,1.0,0.0,0.0,0.0,9.0,4.0,0.0,0.0,0.0,0.0,0.0,0.0,0.0,0.0,5.0,12.0,1.0,12.17,5.01,2.51,1.49,0.0,0.0,0.0,361.4,0.0,-0.3,1.2000000000000002,0.3,-169.70000000000002,0.0,0.0,169.8,0.0,21.4,28.9,28.9,30.9,300.0,300.0,31.8,35.9,28.8,28.0,29.9,4.96,1.99,4.96,0.16,0.0,0.0,1027.0,8228.0,0.0,0.0,0.0,0.0,0.0,1.0,0.0,0.0,0.0,0.0,0.0,1.6,0.0,0.0,0.0,0.0,16.0,25903.0
2026-07-30T19:03:55.651Z,405.134,405.15,0.0,7.4,0.0,0.0,0.0,0.0,0.0,0.0,0.0,0.0,1.0,0.0,0.0,0.0,9.0,4.0,0.0,0.0,0.0,0.0,0.0,0.0,0.0,0.0,1.0,12.0,1.0,12.17,5.01,2.51,1.49,0.0,0.0,0.0,361.3,0.0,0.2,-1.0,-0.2,-169.70000000000002,0.0,0.0,169.8,0.0,21.4,28.9,28.9,30.9,300.0,300.0,31.8,35.9,28.8,28.0,29.9,4.96,1.99,4.97,0.16,0.0,0.0,1027.0,8228.0,0.0,0.0,0.0,0.0,0.0,1.0,0.0,0.0,0.0,0.0,0.0,-1.3,0.0,0.0,0.0,0.0,16.0,25903.0
2026-07-30T19:03:55.663Z,405.146,405.162,0.0,7.4,0.0,0.0,0.0,0.0,0.0,0.0,0.0,0.0,1.0,0.0,0.0,0.0,9.0,4.0,0.0,0.0,0.0,0.0,0.0,0.0,0.0,0.0,2.0,12.0,1.0,12.17,5.01,2.51,1.49,0.0,0.0,0.0,361.2000000000001,0.0,-0.9,0.0,-0.2,-169.70000000000002,0.0,0.0,169.70000000000002,0.0,21.4,28.9,28.9,30.9,300.0,300.0,31.8,35.9,28.8,28.0,29.9,4.96,1.99,4.96,0.16,0.0,0.0,1027.0,8228.0,0.0,0.0,0.0,0.0,0.0,1.0,0.0,0.0,0.0,0.0,0.0,0.0,0.0,0.2,0.0,0.0,16.0,25903.0
2026-07-30T19:03:55.675Z,405.158,405.174,0.0,7.4,0.0,0.0,0.0,0.0,0.0,0.0,0.0,0.0,1.0,0.0,0.0,0.0,9.0,4.0,0.0,0.0,0.0,0.0,0.0,0.0,0.0,0.0,3.0,12.0,1.0,12.17,5.01,2.51,1.49,0.0,0.0,0.0,361.3,0.0,-0.3,0.7000000000000001,-0.2,-169.70000000000002,0.0,0.0,169.8,0.0,21.4,28.9,28.9,30.9,300.0,300.0,31.8,35.9,28.8,28.0,29.9,4.96,1.99,4.96,0.16,0.0,0.0,1027.0,8228.0,0.0,0.0,0.0,0.0,0.0,1.0,0.0,0.0,0.0,0.0,0.0,0.6000000000000001,0.0,0.3,0.0,0.0,16.0,25903.0
2026-07-30T19:03:55.687Z,405.17,405.186,0.0,7.4,0.0,0.0,0.0,0.0,0.0,0.0,0.0,0.0,1.0,0.0,0.0,0.0,9.0,4.0,0.0,0.0,0.0,0.0,0.0,0.0,0.0,0.0,5.0,12.0,1.0,12.17,5.01,2.51,1.49,0.0,0.0,0.0,361.3,0.0,-0.9,-1.0,0.4,-169.70000000000002,0.0,0.0,169.70000000000002,0.0,21.4,28.9,28.9,30.9,300.0,300.0,31.8,35.9,28.8,28.0,29.9,4.95,1.99,4.97,0.17,0.0,0.0,1027.0,8228.0,0.0,0.0,0.0,0.0,0.0,1.0,0.0,0.0,0.0,0.0,0.0,-0.8,0.0,-0.5,0.0,0.0,16.0,25903.0
2026-07-30T19:03:55.700Z,405.183,405.198,0.0,7.4,0.0,0.0,0.0,0.0,0.0,0.0,0.0,0.0,1.0,0.0,0.0,0.0,9.0,4.0,0.0,0.0,0.0,0.0,0.0,0.0,0.0,0.0,6.0,12.0,1.0,12.17,5.01,2.51,1.49,0.0,0.0,0.0,361.3,0.0,0.2,0.1,-0.1,-169.70000000000002,0.0,0.0,169.60000000000002,0.0,21.4,28.9,28.9,30.9,300.0,300.0,31.8,35.9,28.8,28.0,29.9,4.96,1.99,4.96,0.17,0.0,0.0,1027.0,8228.0,0.0,0.0,0.0,0.0,0.0,1.0,0.0,0.0,0.0,0.0,0.0,0.0,0.0,0.1,0.0,0.0,16.0,25903.0
2026-07-30T19:03:55.711Z,405.194,405.21,0.0,7.4,0.0,0.0,0.0,0.0,0.0,0.0,0.0,0.0,1.0,0.0,0.0,0.0,9.0,4.0,0.0,0.0,0.0,0.0,0.0,0.0,0.0,0.0,1.0,12.0,1.0,12.17,5.01,2.51,1.49,0.0,0.0,0.0,361.3,0.0,0.8,1.3,0.4,-169.70000000000002,0.0,0.0,169.70000000000002,0.0,21.4,28.9,28.9,30.9,300.0,300.0,31.8,35.9,28.8,28.0,29.9,4.96,1.99,4.96,0.16,0.0,0.0,1027.0,8228.0,0.0,0.0,0.0,0.0,0.0,1.0,0.0,0.0,0.0,0.0,0.0,1.8,0.0,-0.1,0.0,0.0,16.0,25903.0
2026-07-30T19:03:55.723Z,405.206,405.222,0.0,7.4,0.0,0.0,0.0,0.0,0.0,0.0,0.0,0.0,1.0,0.0,0.0,0.0,9.0,4.0,0.0,0.0,0.0,0.0,0.0,0.0,0.0,0.0,2.0,12.0,1.0,12.17,5.01,2.51,1.49,-0.1,0.0,0.0,361.3,0.0,-0.3,-0.4,0.4,-169.70000000000002,0.0,0.0,169.8,0.0,21.4,28.9,28.9,30.9,300.0,300.0,31.8,35.9,28.8,28.0,29.9,4.95,1.99,4.96,0.16,0.0,0.0,1027.0,8228.0,0.0,0.0,0.0,0.0,0.0,1.0,0.0,0.0,0.0,0.0,0.0,-0.1,0.0,-0.5,0.0,0.0,16.0,25903.0
2026-07-30T19:03:55.735Z,405.218,405.234,0.0,7.4,0.0,0.0,0.0,0.0,0.0,0.0,0.0,0.0,1.0,0.0,0.0,0.0,9.0,4.0,0.0,0.0,0.0,0.0,0.0,0.0,0.0,0.0,3.0,12.0,1.0,12.17,5.01,2.51,1.5,0.0,0.0,0.0,361.3,0.0,-0.8,0.7000000000000001,-0.6000000000000001,-169.70000000000002,0.0,0.0,169.70000000000002,0.0,21.3,28.9,28.9,30.9,300.0,300.0,31.6,35.9,28.8,28.0,29.9,4.96,1.99,4.97,0.16,0.0,0.0,1027.0,8228.0,0.0,0.0,0.0,0.0,0.0,1.0,0.0,0.0,0.0,0.0,0.0,0.3,0.0,0.7000000000000001,0.0,0.0,16.0,25903.0
2026-07-30T19:03:55.747Z,405.23,405.246,0.0,7.4,0.0,0.0,0.0,0.0,0.0,0.0,0.0,0.0,1.0,0.0,0.0,0.0,9.0,4.0,0.0,0.0,0.0,0.0,0.0,0.0,0.0,0.0,4.0,12.0,1.0,12.17,5.01,2.51,1.5,0.0,0.0,0.0,361.3,0.0,-0.3,-0.4,1.0,-169.70000000000002,0.0,0.0,169.8,0.0,21.3,28.9,28.9,30.9,300.0,300.0,31.6,35.9,28.8,28.0,29.9,4.96,1.99,4.96,0.16,0.0,0.0,1027.0,8228.0,0.0,0.0,0.0,0.0,0.0,1.0,0.0,0.0,0.0,0.0,0.0,0.3,0.0,-1.0,0.0,0.0,16.0,25903.0
2026-07-30T19:03:55.759Z,405.242,405.258,0.0,7.4,0.0,0.0,0.0,0.0,0.0,0.0,0.0,0.0,1.0,0.0,0.0,0.0,9.0,4.0,0.0,0.0,0.0,0.0,0.0,0.0,0.0,0.0,5.0,12.0,1.0,12.17,5.01,2.51,1.5,0.0,0.0,0.0,361.3,0.0,0.2,1.2000000000000002,-0.1,-169.70000000000002,0.0,0.0,169.8,0.0,21.3,28.9,28.9,30.9,300.0,300.0,31.6,35.9,28.8,28.0,29.9,4.96,2.0,4.97,0.16,0.0,0.0,1027.0,8228.0,0.0,0.0,0.0,0.0,0.0,1.0,0.0,0.0,0.0,0.0,0.0,1.3,0.0,0.3,0.0,0.0,16.0,25903.0
2026-07-30T19:03:55.771Z,405.254,405.27,0.0,7.4,0.0,0.0,0.0,0.0,0.0,0.0,0.0,0.0,1.0,0.0,0.0,0.0,9.0,4.0,0.0,0.0,0.0,0.0,0.0,0.0,0.0,0.0,6.0,12.0,1.0,12.17,5.01,2.51,1.5,0.0,0.0,0.0,361.3,0.0,0.8,0.6000000000000001,0.4,-169.70000000000002,0.0,0.0,169.8,0.0,21.3,28.9,28.9,30.9,300.0,300.0,31.6,35.9,28.8,28.0,29.9,4.95,1.99,4.97,0.16,0.0,0.0,1027.0,8228.0,0.0,0.0,0.0,0.0,0.0,1.0,0.0,0.0,0.0,0.0,0.0,1.1,0.0,-0.2,0.0,0.0,16.0,25903.0
2026-07-30T19:03:55.783Z,405.266,405.282,0.0,7.4,0.0,0.0,0.0,0.0,0.0,0.0,0.0,0.0,1.0,0.0,0.0,0.0,9.0,4.0,0.0,0.0,0.0,0.0,0.0,0.0,0.0,0.0,1.0,12.0,1.0,12.17,5.01,2.51,1.5,0.0,0.0,0.0,361.4,0.0,-0.2,0.1,0.4,-169.70000000000002,0.0,0.0,169.70000000000002,0.0,21.3,28.9,28.9,30.9,300.0,300.0,31.6,35.9,28.8,28.0,29.9,4.96,1.99,4.97,0.16,0.0,0.0,1027.0,8228.0,0.0,0.0,0.0,0.0,0.0,1.0,0.0,0.0,0.0,0.0,0.0,0.5,0.0,-0.3,0.0,0.0,16.0,25903.0
2026-07-30T19:03:55.795Z,405.278,405.294,0.0,7.4,0.0,0.0,0.0,0.0,0.0,0.0,0.0,0.0,1.0,0.0,0.0,0.0,9.0,4.0,0.0,0.0,0.0,0.0,0.0,0.0,0.0,0.0,2.0,12.0,1.0,12.17,5.01,2.51,1.5,0.0,0.0,0.0,361.3,0.0,-0.2,-0.9,1.0,-169.70000000000002,0.0,0.0,169.8,0.0,21.3,28.9,28.9,30.9,300.0,300.0,31.6,35.9,28.8,28.0,29.9,4.95,1.99,4.96,0.16,0.0,0.0,1027.0,8228.0,0.0,0.0,0.0,0.0,0.0,1.0,0.0,0.0,0.0,0.0,0.0,-0.3,0.0,-1.1,0.0,0.0,16.0,25903.0
2026-07-30T19:03:55.807Z,405.29,405.306,0.0,7.4,0.0,0.0,0.0,0.0,0.0,0.0,0.0,0.0,1.0,0.0,0.0,0.0,9.0,4.0,0.0,0.0,0.0,0.0,0.0,0.0,0.0,0.0,3.0,12.0,1.0,12.17,5.01,2.51,1.5,0.0,0.0,0.0,361.3,0.0,0.3,1.3,0.0,-169.70000000000002,0.0,0.0,169.8,0.0,21.3,28.9,28.9,30.9,300.0,300.0,31.6,35.9,28.8,28.0,29.9,4.95,2.0,4.97,0.16,0.0,0.0,1027.0,8228.0,0.0,0.0,0.0,0.0,0.0,1.0,0.0,0.0,0.0,0.0,0.0,1.4,0.0,0.3,0.0,0.0,16.0,25903.0
2026-07-30T19:03:55.819Z,405.302,405.318,0.0,7.4,0.0,0.0,0.0,0.0,0.0,0.0,0.0,0.0,1.0,0.0,0.0,0.0,9.0,4.0,0.0,0.0,0.0,0.0,0.0,0.0,0.0,0.0,4.0,12.0,1.0,12.17,5.01,2.51,1.5,0.0,0.0,0.0,361.3,0.0,0.4,0.7000000000000001,1.6,-169.70000000000002,0.0,0.0,169.8,0.0,21.3,28.9,28.9,30.9,300.0,300.0,31.6,35.9,28.8,28.0,29.9,4.95,1.99,4.97,0.16,0.0,0.0,1027.0,8228.0,0.0,0.0,0.0,0.0,0.0,1.0,0.0,0.0,0.0,0.0,0.0,2.0,0.0,-1.2000000000000002,0.0,0.0,16.0,25903.0
2026-07-30T19:03:55.832Z,405.315,405.33,0.0,7.4,0.0,0.0,0.0,0.0,0.0,0.0,0.0,0.0,1.0,0.0,0.0,0.0,9.0,4.0,0.0,0.0,0.0,0.0,0.0,0.0,0.0,0.0,5.0,12.0,1.0,12.15,5.01,2.51,1.49,0.0,0.0,0.0,361.3,0.0,0.3,-0.9,-1.8,-169.70000000000002,0.0,0.0,169.8,0.0,21.0,28.9,28.9,30.9,300.0,300.0,31.700000000000003,35.9,28.8,28.0,29.9,4.96,1.99,4.96,0.16,0.0,0.0,1027.0,8228.0,0.0,0.0,0.0,0.0,0.0,1.0,0.0,0.0,0.0,0.0,0.0,-2.4000000000000004,0.0,1.4,0.0,0.0,16.0,25903.0
2026-07-30T19:03:55.843Z,405.326,405.342,0.0,7.4,0.0,0.0,0.0,0.0,0.0,0.0,0.0,0.0,1.0,0.0,0.0,0.0,9.0,4.0,0.0,0.0,0.0,0.0,0.0,0.0,0.0,0.0,6.0,12.0,1.0,12.15,5.01,2.51,1.49,0.0,0.0,0.0,361.4,0.0,-0.2,-0.9,-0.1,-169.70000000000002,0.0,0.0,169.70000000000002,0.0,21.0,28.9,28.9,30.9,300.0,300.0,31.700000000000003,35.9,28.8,28.0,29.9,4.96,1.99,4.97,0.16,0.0,0.0,1027.0,8228.0,0.0,0.0,0.0,0.0,0.0,1.0,0.0,0.0,0.0,0.0,0.0,-1.2000000000000002,0.0,0.0,0.0,0.0,16.0,25903.0
2026-07-30T19:03:55.855Z,405.338,405.354,0.0,7.4,0.0,0.0,0.0,0.0,0.0,0.0,0.0,0.0,1.0,0.0,0.0,0.0,9.0,4.0,0.0,0.0,0.0,0.0,0.0,0.0,0.0,0.0,1.0,12.0,1.0,12.15,5.01,2.51,1.49,0.0,0.0,0.0,361.4,0.0,-0.2,-0.4,-1.8,-169.70000000000002,0.0,0.0,169.70000000000002,0.0,21.0,28.9,28.9,30.9,300.0,300.0,31.700000000000003,35.9,28.8,28.0,29.9,4.96,1.99,4.96,0.16,0.0,0.0,1027.0,8228.0,0.0,0.0,0.0,0.0,0.0,1.0,0.0,0.0,0.0,0.0,0.0,-1.9,0.0,1.5,0.0,0.0,16.0,25903.0
2026-07-30T19:03:55.867Z,405.35,405.366,0.0,7.4,0.0,0.0,0.0,0.0,0.0,0.0,0.0,0.0,1.0,0.0,0.0,0.0,9.0,4.0,0.0,0.0,0.0,0.0,0.0,0.0,0.0,0.0,3.0,12.0,1.0,12.15,5.01,2.51,1.49,0.0,0.0,0.0,361.3,0.0,0.3,-0.4,-0.1,-169.70000000000002,0.0,0.0,169.70000000000002,0.0,21.0,28.9,28.9,30.9,300.0,300.0,31.700000000000003,35.9,28.8,28.0,29.9,4.96,1.99,4.96,0.16,0.0,0.0,1027.0,8228.0,0.0,0.0,0.0,0.0,0.0,1.0,0.0,0.0,0.0,0.0,0.0,-0.5,0.0,0.0,0.0,0.0,16.0,25903.0
2026-07-30T19:03:55.879Z,405.362,405.378,0.0,7.4,0.0,0.0,0.0,0.0,0.0,0.0,0.0,0.0,1.0,0.0,0.0,0.0,9.0,4.0,0.0,0.0,0.0,0.0,0.0,0.0,0.0,0.0,4.0,12.0,1.0,12.15,5.01,2.51,1.49,0.0,0.0,0.0,361.3,0.0,0.3,-0.9,-0.1,-169.70000000000002,0.0,0.0,169.70000000000002,0.0,21.0,28.9,28.9,30.9,300.0,300.0,31.700000000000003,35.9,28.8,28.0,29.9,4.96,1.99,4.96,0.16,0.0,0.0,1027.0,8228.0,0.0,0.0,0.0,0.0,0.0,1.0,0.0,0.0,0.0,0.0,0.0,-1.2000000000000002,0.0,0.0,0.0,0.0,16.0,25903.0
2026-07-30T19:03:55.892Z,405.375,405.39,0.0,7.4,0.0,0.0,0.0,0.0,0.0,0.0,0.0,0.0,1.0,0.0,0.0,0.0,9.0,4.0,0.0,0.0,0.0,0.0,0.0,0.0,0.0,0.0,5.0,12.0,1.0,12.15,5.01,2.51,1.49,0.0,0.0,0.0,361.4,0.0,0.3,-0.9,-0.1,-169.70000000000002,0.0,0.0,169.70000000000002,0.0,21.0,28.9,28.9,30.9,300.0,300.0,31.700000000000003,35.9,28.8,28.0,29.9,4.95,1.99,4.97,0.16,0.0,0.0,1027.0,8228.0,0.0,0.0,0.0,0.0,0.0,1.0,0.0,0.0,0.0,0.0,0.0,-1.1,0.0,-0.1,0.0,0.0,16.0,25903.0
2026-07-30T19:03:55.903Z,405.386,405.402,0.0,7.4,0.0,0.0,0.0,0.0,0.0,0.0,0.0,0.0,1.0,0.0,0.0,0.0,9.0,4.0,0.0,0.0,0.0,0.0,0.0,0.0,0.0,0.0,1.0,12.0,1.0,12.15,5.01,2.51,1.49,0.0,0.0,0.0,361.3,0.0,-0.2,0.7000000000000001,0.4,-169.70000000000002,0.0,0.0,169.70000000000002,0.0,21.0,28.9,28.9,30.9,300.0,300.0,31.700000000000003,35.9,28.8,28.0,29.9,4.95,2.0,4.96,0.16,0.0,0.0,1027.0,8228.0,0.0,0.0,0.0,0.0,0.0,1.0,0.0,0.0,0.0,0.0,0.0,1.2000000000000002,0.0,-0.2,0.0,0.0,16.0,25903.0
2026-07-30T19:03:55.915Z,405.398,405.414,0.0,7.4,0.0,0.0,0.0,0.0,0.0,0.0,0.0,0.0,1.0,0.0,0.0,0.0,9.0,4.0,0.0,0.0,0.0,0.0,0.0,0.0,0.0,0.0,2.0,12.0,1.0,12.15,5.01,2.51,1.49,0.0,0.1,0.0,361.4,0.0,0.3,0.7000000000000001,0.4,-169.70000000000002,0.0,0.0,169.70000000000002,0.0,21.0,28.9,28.9,30.9,300.0,300.0,31.700000000000003,35.9,28.8,28.0,29.9,4.96,1.99,4.96,0.17,0.0,0.0,1027.0,8228.0,0.0,0.0,0.0,0.0,0.0,1.0,0.0,0.0,0.0,0.0,0.0,1.2000000000000002,0.0,-0.2,0.0,0.0,16.0,25903.0
2026-07-30T19:03:55.927Z,405.41,405.426,0.0,7.4,0.0,0.0,0.0,0.0,0.0,0.0,0.0,0.0,1.0,0.0,0.0,0.0,9.0,4.0,0.0,0.0,0.0,0.0,0.0,0.0,0.0,0.0,3.0,12.0,1.0,12.15,5.01,2.51,1.49,0.0,0.1,0.0,361.3,0.0,-0.2,0.2,-0.6000000000000001,-169.70000000000002,0.0,0.0,169.8,0.0,21.0,28.9,28.9,30.9,300.0,300.0,31.700000000000003,35.9,28.8,28.0,29.9,4.95,1.99,4.97,0.16,0.0,0.0,1027.0,8228.0,0.0,0.0,0.0,0.0,0.0,1.0,0.0,0.0,0.0,0.0,0.0,-0.2,0.0,0.6000000000000001,0.0,0.0,16.0,25903.0
2026-07-30T19:03:55.939Z,405.422,405.438,0.0,7.4,0.0,0.0,0.0,0.0,0.0,0.0,0.0,0.0,1.0,0.0,0.0,0.0,9.0,4.0,0.0,0.0,0.0,0.0,0.0,0.0,0.0,0.0,4.0,12.0,1.0,12.18,5.0200000000000005,2.5,1.49,0.0,0.0,0.0,361.4,0.0,0.3,-0.9,0.4,-169.70000000000002,0.0,0.0,169.8,0.0,21.8,28.9,28.9,30.9,300.0,300.0,31.700000000000003,35.9,28.9,28.0,29.9,4.96,2.0,4.97,0.16,0.0,0.0,1027.0,8228.0,0.0,0.0,0.0,0.0,0.0,1.0,0.0,0.0,0.0,0.0,0.0,-0.6000000000000001,0.0,-0.6000000000000001,0.0,0.0,16.0,25903.0
2026-07-30T19:03:55.952Z,405.435,405.45,0.0,7.4,0.0,0.0,0.0,0.0,0.0,0.0,0.0,0.0,1.0,0.0,0.0,0.0,9.0,4.0,0.0,0.0,0.0,0.0,0.0,0.0,0.0,0.0,5.0,12.0,1.0,12.18,5.0200000000000005,2.5,1.49,0.0,0.0,0.0,361.4,0.0,0.3,0.1,1.0,-169.70000000000002,0.0,0.0,169.8,0.0,21.8,28.9,28.9,30.9,300.0,300.0,31.700000000000003,35.9,28.9,28.0,29.9,4.96,1.99,4.97,0.16,0.0,0.0,1027.0,8228.0,0.0,0.0,0.0,0.0,0.0,1.0,0.0,0.0,0.0,0.0,0.0,0.9,0.0,-0.9,0.0,0.0,16.0,25903.0
2026-07-30T19:03:55.963Z,405.446,405.462,0.0,7.4,0.0,0.0,0.0,0.0,0.0,0.0,0.0,0.0,1.0,0.0,0.0,0.0,9.0,4.0,0.0,0.0,0.0,0.0,0.0,0.0,0.0,0.0,1.0,12.0,1.0,12.18,5.0200000000000005,2.5,1.49,0.0,0.0,0.0,361.4,0.0,0.3,0.7000000000000001,-0.1,-169.70000000000002,0.0,0.0,169.8,0.0,21.8,28.9,28.9,30.9,300.0,300.0,31.700000000000003,35.9,28.9,28.0,29.9,4.95,1.99,4.97,0.16,0.0,0.0,1027.0,8228.0,0.0,0.0,0.0,0.0,0.0,1.0,0.0,0.0,0.0,0.0,0.0,0.7000000000000001,0.0,0.2,0.0,0.0,16.0,25903.0
2026-07-30T19:03:55.975Z,405.458,405.474,0.0,7.4,0.0,0.0,0.0,0.0,0.0,0.0,0.0,0.0,1.0,0.0,0.0,0.0,9.0,4.0,0.0,0.0,0.0,0.0,0.0,0.0,0.0,0.0,2.0,12.0,1.0,12.18,5.0200000000000005,2.5,1.49,0.0,0.0,0.0,361.4,0.0,0.3,0.6000000000000001,-0.1,-169.70000000000002,0.0,0.0,169.8,0.0,21.8,28.9,28.9,30.9,300.0,300.0,31.700000000000003,35.9,28.9,28.0,29.9,4.96,1.99,4.97,0.16,0.0,0.0,1027.0,8228.0,0.0,0.0,0.0,0.0,0.0,1.0,0.0,0.0,0.0,0.0,0.0,0.7000000000000001,0.0,0.2,0.0,0.0,16.0,25903.0
2026-07-30T19:03:55.987Z,405.47,405.486,0.0,7.4,0.0,0.0,0.0,0.0,0.0,0.0,0.0,0.0,1.0,0.0,0.0,0.0,9.0,4.0,0.0,0.0,0.0,0.0,0.0,0.0,0.0,0.0,3.0,12.0,1.0,12.18,5.0200000000000005,2.5,1.49,0.0,0.0,0.0,361.3,0.0,-0.2,-1.0,-0.1,-169.70000000000002,0.0,0.0,169.8,0.0,21.8,28.9,28.9,30.9,300.0,300.0,31.700000000000003,35.9,28.9,28.0,29.9,4.96,2.0,4.96,0.16,0.0,0.0,1027.0,8228.0,0.0,0.0,0.0,0.0,0.0,1.0,0.0,0.0,0.0,0.0,0.0,-1.3,0.0,-0.1,0.0,0.0,16.0,25903.0
2026-07-30T19:03:55.999Z,405.482,405.498,0.0,7.4,0.0,0.0,0.0,0.0,0.0,0.0,0.0,0.0,1.0,0.0,0.0,0.0,9.0,4.0,0.0,0.0,0.0,0.0,0.0,0.0,0.0,0.0,4.0,12.0,1.0,12.18,5.0200000000000005,2.5,1.49,0.0,0.0,0.0,361.3,0.0,-0.2,1.2000000000000002,-0.1,-169.70000000000002,0.0,0.0,169.70000000000002,0.0,21.8,28.9,28.9,30.9,300.0,300.0,31.700000000000003,35.9,28.9,28.0,29.9,4.96,1.99,4.97,0.16,0.0,0.0,1027.0,8228.0,0.0,0.0,0.0,0.0,0.0,1.0,0.0,0.0,0.0,0.0,0.0,1.3,0.0,0.3,0.0,0.0,16.0,25903.0
2026-07-30T19:03:56.012Z,405.495,405.51,0.0,7.4,0.0,0.0,0.0,0.0,0.0,0.0,0.0,0.0,1.0,0.0,0.0,0.0,9.0,4.0,0.0,0.0,0.0,0.0,0.0,0.0,0.0,0.0,5.0,12.0,1.0,12.18,5.0200000000000005,2.5,1.49,0.0,0.0,0.0,361.3,0.0,0.3,0.6000000000000001,0.4,-169.70000000000002,0.0,0.0,169.60000000000002,0.0,21.8,28.9,28.9,30.9,300.0,300.0,31.700000000000003,35.9,28.9,28.0,29.9,4.95,1.99,4.97,0.16,0.0,0.0,1027.0,8228.0,0.0,0.0,0.0,0.0,0.0,1.0,0.0,0.0,0.0,0.0,0.0,1.1,0.0,-0.2,0.0,0.0,16.0,25903.0
2026-07-30T19:03:56.023Z,405.506,405.522,0.0,7.4,0.0,0.0,0.0,0.0,0.0,0.0,0.0,0.0,1.0,0.0,0.0,0.0,9.0,4.0,0.0,0.0,0.0,0.0,0.0,0.0,0.0,0.0,1.0,12.0,1.0,12.18,5.0200000000000005,2.5,1.49,0.0,0.0,0.0,361.3,0.0,-0.2,-1.0,-0.7000000000000001,-169.70000000000002,0.0,0.0,169.60000000000002,0.0,21.8,28.9,28.9,30.9,300.0,300.0,31.700000000000003,35.9,28.9,28.0,29.9,4.96,1.99,4.96,0.16,0.0,0.0,1027.0,8228.0,0.0,0.0,0.0,0.0,0.0,1.0,0.0,0.0,0.0,0.0,0.0,-1.7000000000000002,0.0,0.4,0.0,0.0,16.0,25903.0
2026-07-30T19:03:56.036Z,405.519,405.534,0.0,7.4,0.0,0.0,0.0,0.0,0.0,0.0,0.0,0.0,1.0,0.0,0.0,0.0,9.0,4.0,0.0,0.0,0.0,0.0,0.0,0.0,0.0,0.0,2.0,12.0,1.0,12.24,5.0200000000000005,2.5,1.49,0.0,0.0,0.0,361.3,0.0,-0.2,0.1,1.0,-169.70000000000002,0.0,0.0,169.8,0.0,21.4,28.9,28.9,30.9,300.0,300.0,31.6,35.800000000000004,28.9,28.0,29.9,4.95,1.99,4.97,0.16,0.0,0.0,1027.0,8228.0,0.0,0.0,0.0,0.0,0.0,1.0,0.0,0.0,0.0,0.0,0.0,0.9,0.0,-0.8,0.0,0.0,16.0,25903.0
2026-07-30T19:03:56.047Z,405.53,405.546,0.0,7.4,0.0,0.0,0.0,0.0,0.0,0.0,0.0,0.0,1.0,0.0,0.0,0.0,9.0,4.0,0.0,0.0,0.0,0.0,0.0,0.0,0.0,0.0,3.0,12.0,1.0,12.24,5.0200000000000005,2.5,1.49,0.0,0.0,0.0,361.3,0.0,-0.1,0.1,0.4,-169.70000000000002,0.0,0.0,169.70000000000002,0.0,21.4,28.9,28.9,30.9,300.0,300.0,31.6,35.800000000000004,28.9,28.0,29.9,4.95,1.99,4.97,0.16,0.0,0.0,1027.0,8228.0,0.0,0.0,0.0,0.0,0.0,1.0,0.0,0.0,0.0,0.0,0.0,-1.0,0.0,0.5,0.0,0.0,16.0,25903.0
2026-07-30T19:03:56.059Z,405.542,405.558,0.0,7.4,0.0,0.0,0.0,0.0,0.0,0.0,0.0,0.0,1.0,0.0,0.0,0.0,9.0,4.0,0.0,0.0,0.0,0.0,0.0,0.0,0.0,0.0,4.0,12.0,1.0,12.24,5.0200000000000005,2.5,1.49,0.0,0.0,0.0,361.3,0.0,-0.1,0.1,-0.1,-169.70000000000002,0.0,0.0,169.60000000000002,0.0,21.4,28.9,28.9,30.9,300.0,300.0,31.6,35.800000000000004,28.9,28.0,29.9,4.95,1.99,4.97,0.16,0.0,0.0,1027.0,8228.0,0.0,0.0,0.0,0.0,0.0,1.0,0.0,0.0,0.0,0.0,0.0,-1.0,0.0,0.5,0.0,0.0,16.0,25903.0
2026-07-30T19:03:56.072Z,405.555,405.57,0.0,7.4,0.0,0.0,0.0,0.0,0.0,0.0,0.0,0.0,1.0,0.0,0.0,0.0,9.0,4.0,0.0,0.0,0.0,0.0,0.0,0.0,0.0,0.0,5.0,12.0,1.0,12.24,5.0200000000000005,2.5,1.49,0.0,0.0,0.0,361.3,0.0,0.3,0.7000000000000001,1.0,-169.70000000000002,0.0,0.0,169.70000000000002,0.0,21.4,28.9,28.9,30.9,300.0,300.0,31.6,35.800000000000004,28.9,28.0,29.9,4.96,1.99,4.96,0.16,0.0,0.0,1027.0,8228.0,0.0,0.0,0.0,0.0,0.0,1.0,0.0,0.0,0.0,0.0,0.0,-1.2000000000000002,0.0,0.0,0.0,0.0,16.0,25903.0
2026-07-30T19:03:56.084Z,405.567,405.582,0.0,7.4,0.0,0.0,0.0,0.0,0.0,0.0,0.0,0.0,1.0,0.0,0.0,0.0,9.0,4.0,0.0,0.0,0.0,0.0,0.0,0.0,0.0,0.0,6.0,12.0,1.0,12.24,5.0200000000000005,2.5,1.49,0.0,0.0,0.0,361.3,0.0,-0.2,-1.0,1.0,-169.70000000000002,0.0,0.0,169.8,0.0,21.4,28.9,28.9,30.9,300.0,300.0,31.6,35.800000000000004,28.9,28.0,29.9,4.95,1.99,4.96,0.16,0.0,0.0,1027.0,8228.0,0.0,0.0,0.0,0.0,0.0,1.0,0.0,0.0,0.0,0.0,0.0,-0.4,0.0,-1.1,0.0,0.0,16.0,25903.0
2026-07-30T19:03:56.095Z,405.578,405.594,0.0,7.4,0.0,0.0,0.0,0.0,0.0,0.0,0.0,0.0,1.0,0.0,0.0,0.0,9.0,4.0,0.0,0.0,0.0,0.0,0.0,0.0,0.0,0.0,1.0,12.0,1.0,12.24,5.0200000000000005,2.5,1.49,0.0,0.0,0.0,361.3,0.0,-0.1,-1.0,-0.7000000000000001,-169.70000000000002,0.0,0.0,169.70000000000002,0.0,21.4,28.9,28.9,30.9,300.0,300.0,31.6,35.800000000000004,28.9,28.0,29.9,4.95,1.99,4.96,0.16,0.0,0.0,1027.0,8228.0,0.0,0.0,0.0,0.0,0.0,1.0,0.0,0.0,0.0,0.0,0.0,-1.7000000000000002,0.0,0.4,0.0,0.0,16.0,25903.0
2026-07-30T19:03:56.107Z,405.59,405.606,0.0,7.4,0.0,0.0,0.0,0.0,0.0,0.0,0.0,0.0,1.0,0.0,0.0,0.0,9.0,4.0,0.0,0.0,0.0,0.0,0.0,0.0,0.0,0.0,3.0,12.0,1.0,12.24,5.0200000000000005,2.5,1.49,0.0,0.0,0.0,361.2000000000001,0.0,0.3,0.0,-0.1,-169.70000000000002,0.0,0.0,169.70000000000002,0.0,21.4,28.9,28.9,30.9,300.0,300.0,31.6,35.800000000000004,28.9,28.0,29.9,4.96,1.99,4.96,0.16,0.0,0.0,1027.0,8228.0,0.0,0.0,0.0,0.0,0.0,1.0,0.0,0.0,0.0,0.0,0.0,0.0,0.0,0.1,0.0,0.0,16.0,25903.0
2026-07-30T19:03:56.119Z,405.602,405.618,0.0,7.4,0.0,0.0,0.0,0.0,0.0,0.0,0.0,0.0,1.0,0.0,0.0,0.0,9.0,4.0,0.0,0.0,0.0,0.0,0.0,0.0,0.0,0.0,4.0,12.0,1.0,12.24,5.0200000000000005,2.5,1.49,0.0,0.1,0.0,361.3,0.0,0.9,0.0,0.4,-169.70000000000002,0.0,0.0,169.8,0.0,21.4,28.9,28.9,30.9,300.0,300.0,31.6,35.800000000000004,28.9,28.0,29.9,4.95,1.99,4.96,0.16,0.0,0.0,1027.0,8228.0,0.0,0.0,0.0,0.0,0.0,1.0,0.0,0.0,0.0,0.0,0.0,0.4,0.0,-0.3,0.0,0.0,16.0,25903.0
2026-07-30T19:03:56.131Z,405.614,405.63,0.0,7.4,0.0,0.0,0.0,0.0,0.0,0.0,0.0,0.0,1.0,0.0,0.0,0.0,9.0,4.0,0.0,0.0,0.0,0.0,0.0,0.0,0.0,0.0,6.0,12.0,1.0,12.24,5.0200000000000005,2.5,1.49,0.0,0.0,0.0,361.3,0.0,0.3,0.1,0.3,-169.70000000000002,0.0,0.0,169.8,0.0,21.4,28.9,28.9,30.9,300.0,300.0,31.6,35.800000000000004,28.9,28.0,29.9,4.95,1.99,4.97,0.16,0.0,0.0,1027.0,8228.0,0.0,0.0,0.0,0.0,0.0,1.0,0.0,0.0,0.0,0.0,0.0,0.4,0.0,-0.3,0.0,0.0,16.0,25903.0
2026-07-30T19:03:56.143Z,405.626,405.642,0.0,7.4,0.0,0.0,0.0,0.0,0.0,0.0,0.0,0.0,1.0,0.0,0.0,0.0,9.0,4.0,0.0,0.0,0.0,0.0,0.0,0.0,0.0,0.0,1.0,12.0,1.0,12.18,5.0200000000000005,2.5,1.49,0.0,0.0,0.0,361.3,0.0,-1.4,0.1,0.4,-169.70000000000002,0.0,0.0,169.8,0.0,21.3,28.9,28.9,30.9,300.0,300.0,31.700000000000003,35.800000000000004,28.9,28.0,29.9,4.95,1.99,4.96,0.16,0.0,0.0,1027.0,8228.0,0.0,0.0,0.0,0.0,0.0,1.0,0.0,0.0,0.0,0.0,0.0,0.4,0.0,-0.3,0.0,0.0,16.0,25903.0
2026-07-30T19:03:56.155Z,405.638,405.654,0.0,7.4,0.0,0.0,0.0,0.0,0.0,0.0,0.0,0.0,1.0,0.0,0.0,0.0,9.0,4.0,0.0,0.0,0.0,0.0,0.0,0.0,0.0,0.0,3.0,12.0,1.0,12.18,5.0200000000000005,2.5,1.49,0.0,0.0,0.0,361.3,0.0,-0.2,1.2000000000000002,1.0,-169.70000000000002,0.0,0.0,169.8,0.0,21.3,28.9,28.9,30.9,300.0,300.0,31.700000000000003,35.800000000000004,28.9,28.0,29.9,4.96,1.99,4.96,0.16,0.0,0.0,1027.0,8228.0,0.0,0.0,0.0,0.0,0.0,1.0,0.0,0.0,0.0,0.0,0.0,2.2,0.0,-0.6000000000000001,0.0,0.0,16.0,25903.0
2026-07-30T19:03:56.167Z,405.65,405.666,0.0,7.4,0.0,0.0,0.0,0.0,0.0,0.0,0.0,0.0,1.0,0.0,0.0,0.0,9.0,4.0,0.0,0.0,0.0,0.0,0.0,0.0,0.0,0.0,4.0,12.0,1.0,12.18,5.0200000000000005,2.5,1.49,0.0,0.0,0.0,361.3,0.0,0.3,-1.0,-0.7000000000000001,-169.70000000000002,0.0,0.0,169.70000000000002,0.0,21.3,28.9,28.9,30.9,300.0,300.0,31.700000000000003,35.800000000000004,28.9,28.0,29.9,4.95,1.99,4.97,0.16,0.0,0.0,1027.0,8228.0,0.0,0.0,0.0,0.0,0.0,1.0,0.0,0.0,0.0,0.0,0.0,-1.7000000000000002,0.0,0.4,0.0,0.0,16.0,25903.0
2026-07-30T19:03:56.179Z,405.662,405.678,0.0,7.4,0.0,0.0,0.0,0.0,0.0,0.0,0.0,0.0,1.0,0.0,0.0,0.0,9.0,4.0,0.0,0.0,0.0,0.0,0.0,0.0,0.0,0.0,6.0,12.0,1.0,12.18,5.0200000000000005,2.5,1.49,-0.1,0.1,0.0,361.5,0.0,0.2,-0.4,-0.1,-169.70000000000002,0.0,0.0,169.70000000000002,0.0,21.3,28.9,28.9,30.9,300.0,300.0,31.700000000000003,35.800000000000004,28.9,28.0,29.9,4.95,1.99,4.97,0.16,0.0,0.0,1027.0,8228.0,0.0,0.0,0.0,0.0,0.0,1.0,0.0,0.0,0.0,0.0,0.0,-0.6000000000000001,0.0,0.0,0.0,0.0,16.0,25903.0
2026-07-30T19:03:56.191Z,405.674,405.69,0.0,7.4,0.0,0.0,0.0,0.0,0.0,0.0,0.0,0.0,1.0,0.0,0.0,0.0,9.0,4.0,0.0,0.0,0.0,0.0,0.0,0.0,0.0,0.0,2.0,12.0,1.0,12.18,5.0200000000000005,2.5,1.49,0.0,0.1,0.0,361.3,0.0,0.2,0.0,0.9,-169.70000000000002,0.0,0.0,169.8,0.0,21.3,28.9,28.9,30.9,300.0,300.0,31.700000000000003,35.800000000000004,28.9,28.0,29.9,4.95,1.99,4.96,0.16,0.0,0.0,1027.0,8228.0,0.0,0.0,0.0,0.0,0.0,1.0,0.0,0.0,0.0,0.0,0.0,0.7000000000000001,0.0,-0.8,0.0,0.0,16.0,25903.0
2026-07-30T19:03:56.203Z,405.686,405.702,0.0,7.4,0.0,0.0,0.0,0.0,0.0,0.0,0.0,0.0,1.0,0.0,0.0,0.0,9.0,4.0,0.0,0.0,0.0,0.0,0.0,0.0,0.0,0.0,3.0,12.0,1.0,12.18,5.0200000000000005,2.5,1.49,0.0,0.0,0.0,361.3,0.0,0.2,0.6000000000000001,-0.2,-169.70000000000002,0.0,0.0,169.8,0.0,21.3,28.9,28.9,30.9,300.0,300.0,31.700000000000003,35.800000000000004,28.9,28.0,29.9,4.96,1.99,4.96,0.16,0.0,0.0,1027.0,8228.0,0.0,0.0,0.0,0.0,0.0,1.0,0.0,0.0,0.0,0.0,0.0,0.5,0.0,0.3,0.0,0.0,16.0,25903.0
2026-07-30T19:03:56.215Z,405.698,405.714,0.0,7.4,0.0,0.0,0.0,0.0,0.0,0.0,0.0,0.0,1.0,0.0,0.0,0.0,9.0,4.0,0.0,0.0,0.0,0.0,0.0,0.0,0.0,0.0,4.0,12.0,1.0,12.18,5.0200000000000005,2.5,1.49,0.0,0.0,0.0,361.3,0.0,-0.3,0.1,-0.2,-169.70000000000002,0.0,0.0,169.8,0.0,21.3,28.9,28.9,30.9,300.0,300.0,31.700000000000003,35.800000000000004,28.9,28.0,29.9,4.95,1.99,4.97,0.16,0.0,0.0,1027.0,8228.0,0.0,0.0,0.0,0.0,0.0,1.0,0.0,0.0,0.0,0.0,0.0,0.0,0.0,0.2,0.0,0.0,16.0,25903.0
2026-07-30T19:03:56.227Z,405.71,405.726,0.0,7.4,0.0,0.0,0.0,0.0,0.0,0.0,0.0,0.0,1.0,0.0,0.0,0.0,9.0,4.0,0.0,0.0,0.0,0.0,0.0,0.0,0.0,0.0,6.0,12.0,1.0,12.18,5.0200000000000005,2.5,1.49,0.0,0.0,0.0,361.3,0.0,0.8,-1.0,-1.4,-169.70000000000002,0.0,0.0,169.8,0.0,21.3,28.9,28.9,30.9,300.0,300.0,31.700000000000003,35.800000000000004,28.9,28.0,29.9,4.96,1.99,4.96,0.16,0.0,0.0,1027.0,8228.0,0.0,0.0,0.0,0.0,0.0,1.0,0.0,0.0,0.0,0.0,0.0,-2.2,0.0,1.0,0.0,0.0,16.0,25903.0
2026-07-30T19:03:56.240Z,405.723,405.738,0.0,7.4,0.0,0.0,0.0,0.0,0.0,0.0,0.0,0.0,1.0,0.0,0.0,0.0,9.0,4.0,0.0,0.0,0.0,0.0,0.0,0.0,0.0,0.0,2.0,12.0,1.0,12.17,5.0200000000000005,2.51,1.49,0.0,0.0,0.0,361.4,0.0,-0.2,0.1,0.3,-169.70000000000002,0.0,0.0,169.8,0.0,21.8,28.9,28.9,30.9,300.0,300.0,31.700000000000003,35.800000000000004,28.9,28.0,29.9,4.96,2.0,4.97,0.16,0.0,0.0,1027.0,8228.0,0.0,0.0,0.0,0.0,0.0,1.0,0.0,0.0,0.0,0.0,0.0,0.4,0.0,-0.2,0.0,0.0,16.0,25903.0
2026-07-30T19:03:56.251Z,405.734,405.75,0.0,7.4,0.0,0.0,0.0,0.0,0.0,0.0,0.0,0.0,1.0,0.0,0.0,0.0,9.0,4.0,0.0,0.0,0.0,0.0,0.0,0.0,0.0,0.0,3.0,12.0,1.0,12.17,5.0200000000000005,2.51,1.49,0.0,0.0,0.0,361.3,0.0,0.2,1.2000000000000002,0.9,-169.70000000000002,0.0,0.0,169.70000000000002,0.0,21.8,28.9,28.9,30.9,300.0,300.0,31.700000000000003,35.800000000000004,28.9,28.0,29.9,4.95,1.99,4.97,0.17,0.0,0.0,1027.0,8228.0,0.0,0.0,0.0,0.0,0.0,1.0,0.0,0.0,0.0,0.0,0.0,2.1,0.0,-0.5,0.0,0.0,16.0,25903.0
2026-07-30T19:03:56.263Z,405.746,405.762,0.0,7.4,0.0,0.0,0.0,0.0,0.0,0.0,0.0,0.0,1.0,0.0,0.0,0.0,9.0,4.0,0.0,0.0,0.0,0.0,0.0,0.0,0.0,0.0,5.0,12.0,1.0,12.17,5.0200000000000005,2.51,1.49,0.0,0.0,0.0,361.3,0.0,-0.3,0.7000000000000001,-0.2,-169.70000000000002,0.0,0.0,169.8,0.0,21.8,28.9,28.9,30.9,300.0,300.0,31.700000000000003,35.800000000000004,28.9,28.0,29.9,4.96,1.99,4.96,0.16,0.0,0.0,1027.0,8228.0,0.0,0.0,0.0,0.0,0.0,1.0,0.0,0.0,0.0,0.0,0.0,0.6000000000000001,0.0,0.3,0.0,0.0,16.0,25903.0
2026-07-30T19:03:56.275Z,405.758,405.774,0.0,7.4,0.0,0.0,0.0,0.0,0.0,0.0,0.0,0.0,1.0,0.0,0.0,0.0,9.0,4.0,0.0,0.0,0.0,0.0,0.0,0.0,0.0,0.0,6.0,12.0,1.0,12.17,5.0200000000000005,2.51,1.49,0.0,0.0,0.0,361.4,0.0,-0.2,0.7000000000000001,-0.8,-169.70000000000002,0.0,0.0,169.8,0.0,21.8,28.9,28.9,30.9,300.0,300.0,31.700000000000003,35.800000000000004,28.9,28.0,29.9,4.96,2.0,4.96,0.16,0.0,0.0,1027.0,8228.0,0.0,0.0,0.0,0.0,0.0,1.0,0.0,0.0,0.0,0.0,0.0,0.2,0.0,0.8,0.0,0.0,16.0,25903.0
2026-07-30T19:03:56.287Z,405.77,405.786,0.0,7.4,0.0,0.0,0.0,0.0,0.0,0.0,0.0,0.0,1.0,0.0,0.0,0.0,9.0,4.0,0.0,0.0,0.0,0.0,0.0,0.0,0.0,0.0,1.0,12.0,1.0,12.17,5.0200000000000005,2.51,1.49,-0.1,0.0,0.0,361.4,0.0,-0.2,0.7000000000000001,0.3,-169.70000000000002,0.0,0.0,169.60000000000002,0.0,21.8,28.9,28.9,30.9,300.0,300.0,31.700000000000003,35.800000000000004,28.9,28.0,29.9,4.96,1.99,4.97,0.16,0.0,0.0,1027.0,8228.0,0.0,0.0,0.0,0.0,0.0,1.0,0.0,0.0,0.0,0.0,0.0,1.0,0.0,-0.1,0.0,0.0,16.0,25903.0
2026-07-30T19:03:56.299Z,405.782,405.798,0.0,7.4,0.0,0.0,0.0,0.0,0.0,0.0,0.0,0.0,1.0,0.0,0.0,0.0,9.0,4.0,0.0,0.0,0.0,0.0,0.0,0.0,0.0,0.0,3.0,12.0,1.0,12.17,5.0200000000000005,2.51,1.49,0.0,0.0,0.0,361.3,0.0,-0.8,0.7000000000000001,-1.4,-169.70000000000002,0.0,0.0,169.8,0.0,21.8,28.9,28.9,30.9,300.0,300.0,31.700000000000003,35.800000000000004,28.9,28.0,29.9,4.96,1.99,4.97,0.16,0.0,0.0,1027.0,8228.0,0.0,0.0,0.0,0.0,0.0,1.0,0.0,0.0,0.0,0.0,0.0,-0.1,0.0,1.3,0.0,0.0,16.0,25903.0
2026-07-30T19:03:56.311Z,405.794,405.81,0.0,7.4,0.0,0.0,0.0,0.0,0.0,0.0,0.0,0.0,1.0,0.0,0.0,0.0,9.0,4.0,0.0,0.0,0.0,0.0,0.0,0.0,0.0,0.0,4.0,12.0,1.0,12.17,5.0200000000000005,2.51,1.49,0.0,0.0,0.0,361.3,0.0,-0.2,0.1,0.4,-169.70000000000002,0.0,0.0,169.70000000000002,0.0,21.8,28.9,28.9,30.9,300.0,300.0,31.700000000000003,35.800000000000004,28.9,28.0,29.9,4.96,1.99,4.96,0.16,0.0,0.0,1027.0,8228.0,0.0,0.0,0.0,0.0,0.0,1.0,0.0,0.0,0.0,0.0,0.0,0.5,0.0,-0.3,0.0,0.0,16.0,25903.0
2026-07-30T19:03:56.323Z,405.806,405.822,0.0,7.4,0.0,0.0,0.0,0.0,0.0,0.0,0.0,0.0,1.0,0.0,0.0,0.0,9.0,4.0,0.0,0.0,0.0,0.0,0.0,0.0,0.0,0.0,6.0,12.0,1.0,12.17,5.0200000000000005,2.51,1.49,0.0,0.0,0.0,361.3,0.0,0.3,-0.3,0.4,-169.70000000000002,0.0,0.0,169.8,0.0,21.8,28.9,28.9,30.9,300.0,300.0,31.700000000000003,35.800000000000004,28.9,28.0,29.9,4.95,1.99,4.97,0.16,0.0,0.0,1027.0,8228.0,0.0,0.0,0.0,0.0,0.0,1.0,0.0,0.0,0.0,0.0,0.0,-0.1,0.0,-0.4,0.0,0.0,16.0,25903.0
2026-07-30T19:03:56.335Z,405.818,405.834,0.0,7.4,0.0,0.0,0.0,0.0,0.0,0.0,0.0,0.0,1.0,0.0,0.0,0.0,9.0,4.0,0.0,0.0,0.0,0.0,0.0,0.0,0.0,0.0,1.0,12.0,1.0,12.17,5.0200000000000005,2.51,1.49,0.0,0.0,0.0,361.3,0.0,0.3,0.1,0.4,-169.70000000000002,0.0,0.0,169.8,0.0,21.8,28.9,28.9,30.9,300.0,300.0,31.700000000000003,35.800000000000004,28.9,28.0,29.9,4.95,1.99,4.96,0.16,0.0,0.0,1027.0,8228.0,0.0,0.0,0.0,0.0,0.0,1.0,0.0,0.0,0.0,0.0,0.0,0.5,0.0,-0.4,0.0,0.0,16.0,25903.0
2026-07-30T19:03:56.347Z,405.83,405.846,0.0,7.4,0.0,0.0,0.0,0.0,0.0,0.0,0.0,0.0,1.0,0.0,0.0,0.0,9.0,4.0,0.0,0.0,0.0,0.0,0.0,0.0,0.0,0.0,2.0,12.0,1.0,12.17,5.0200000000000005,2.51,1.49,0.0,0.0,0.0,361.4,0.0,0.3,0.7000000000000001,-0.6000000000000001,-169.70000000000002,0.0,0.0,169.70000000000002,0.0,21.200000000000003,28.9,28.9,30.9,300.0,300.0,31.8,35.9,28.8,28.0,29.9,4.96,2.0,4.96,0.16,0.0,0.0,1027.0,8228.0,0.0,0.0,0.0,0.0,0.0,1.0,0.0,0.0,0.0,0.0,0.0,0.3,0.0,0.7000000000000001,0.0,0.0,16.0,25903.0
2026-07-30T19:03:56.359Z,405.842,405.858,0.0,7.4,0.0,0.0,0.0,0.0,0.0,0.0,0.0,0.0,1.0,0.0,0.0,0.0,9.0,4.0,0.0,0.0,0.0,0.0,0.0,0.0,0.0,0.0,4.0,12.0,1.0,12.17,5.0200000000000005,2.51,1.49,0.0,0.0,0.0,361.3,0.0,-0.2,0.1,-0.7000000000000001,-169.70000000000002,0.0,0.0,169.70000000000002,0.0,21.200000000000003,28.9,28.9,30.9,300.0,300.0,31.8,35.9,28.8,28.0,29.9,4.96,2.0,4.97,0.16,0.0,0.0,1027.0,8228.0,0.0,0.0,0.0,0.0,0.0,1.0,0.0,0.0,0.0,0.0,0.0,-0.3,0.0,0.6000000000000001,0.0,0.0,16.0,25903.0
2026-07-30T19:03:56.372Z,405.855,405.87,0.0,7.4,0.0,0.0,0.0,0.0,0.0,0.0,0.0,0.0,1.0,0.0,0.0,0.0,9.0,4.0,0.0,0.0,0.0,0.0,0.0,0.0,0.0,0.0,5.0,12.0,1.0,12.17,5.0200000000000005,2.51,1.49,0.0,0.0,0.0,361.4,0.0,-0.8,-1.0,1.0,-169.70000000000002,0.0,0.0,169.60000000000002,0.0,21.200000000000003,28.9,28.9,30.9,300.0,300.0,31.8,35.9,28.8,28.0,29.9,4.96,1.99,4.97,0.16,0.0,0.0,1027.0,8228.0,0.0,0.0,0.0,0.0,0.0,1.0,0.0,0.0,0.0,0.0,0.0,-0.3,0.0,-1.1,0.0,0.0,16.0,25903.0
2026-07-30T19:03:56.383Z,405.866,405.882,0.0,7.4,0.0,0.0,0.0,0.0,0.0,0.0,0.0,0.0,1.0,0.0,0.0,0.0,9.0,4.0,0.0,0.0,0.0,0.0,0.0,0.0,0.0,0.0,6.0,12.0,1.0,12.17,5.0200000000000005,2.51,1.49,0.0,0.0,0.0,361.3,0.0,-0.1,1.3,-0.1,-169.70000000000002,0.0,0.0,169.70000000000002,0.0,21.200000000000003,28.9,28.9,30.9,300.0,300.0,31.8,35.9,28.8,28.0,29.9,4.96,2.0,4.96,0.16,0.0,0.0,1027.0,8228.0,0.0,0.0,0.0,0.0,0.0,1.0,0.0,0.0,0.0,0.0,0.0,1.4,0.0,0.3,0.0,0.0,16.0,25903.0
2026-07-30T19:03:56.395Z,405.878,405.894,0.0,7.4,0.0,0.0,0.0,0.0,0.0,0.0,0.0,0.0,1.0,0.0,0.0,0.0,9.0,4.0,0.0,0.0,0.0,0.0,0.0,0.0,0.0,0.0,2.0,12.0,1.0,12.17,5.0200000000000005,2.51,1.49,0.0,0.0,0.0,361.3,0.0,-0.2,0.1,0.3,-169.70000000000002,0.0,0.0,169.70000000000002,0.0,21.200000000000003,28.9,28.9,30.9,300.0,300.0,31.8,35.9,28.8,28.0,29.9,4.96,1.99,4.96,0.16,0.0,0.0,1027.0,8228.0,0.0,0.0,0.0,0.0,0.0,1.0,0.0,0.0,0.0,0.0,0.0,0.4,0.0,-0.3,0.0,0.0,16.0,25903.0
2026-07-30T19:03:56.407Z,405.89,405.906,0.0,7.4,0.0,0.0,0.0,0.0,0.0,0.0,0.0,0.0,1.0,0.0,0.0,0.0,9.0,4.0,0.0,0.0,0.0,0.0,0.0,0.0,0.0,0.0,3.0,12.0,1.0,12.17,5.0200000000000005,2.51,1.49,0.0,0.1,0.0,361.3,0.0,0.3,-0.4,-0.1,-169.70000000000002,0.0,0.0,169.70000000000002,0.0,21.200000000000003,28.9,28.9,30.9,300.0,300.0,31.8,35.9,28.8,28.0,29.9,4.95,1.99,4.97,0.16,0.0,0.0,1027.0,8228.0,0.0,0.0,0.0,0.0,0.0,1.0,0.0,0.0,0.0,0.0,0.0,-0.6000000000000001,0.0,0.0,0.0,0.0,16.0,25903.0
2026-07-30T19:03:56.419Z,405.902,405.918,0.0,7.4,0.0,0.0,0.0,0.0,0.0,0.0,0.0,0.0,1.0,0.0,0.0,0.0,9.0,4.0,0.0,0.0,0.0,0.0,0.0,0.0,0.0,0.0,4.0,12.0,1.0,12.17,5.0200000000000005,2.51,1.49,0.0,0.0,0.0,361.3,0.0,0.8,-1.1,-0.7000000000000001,-169.70000000000002,0.0,0.0,169.60000000000002,0.0,21.200000000000003,28.9,28.9,30.9,300.0,300.0,31.8,35.9,28.8,28.0,29.9,4.96,1.99,4.97,0.16,0.0,0.0,1027.0,8228.0,0.0,0.0,0.0,0.0,0.0,1.0,0.0,0.0,0.0,0.0,0.0,-1.8,0.0,0.4,0.0,0.0,16.0,25903.0
2026-07-30T19:03:56.432Z,405.915,405.93,0.0,7.4,0.0,0.0,0.0,0.0,0.0,0.0,0.0,0.0,1.0,0.0,0.0,0.0,9.0,4.0,0.0,0.0,0.0,0.0,0.0,0.0,0.0,0.0,5.0,12.0,1.0,12.17,5.0200000000000005,2.51,1.49,0.0,0.0,0.0,361.3,0.0,0.3,0.0,0.4,-169.70000000000002,0.0,0.0,169.70000000000002,0.0,21.200000000000003,28.9,28.9,30.9,300.0,300.0,31.8,35.9,28.8,28.0,29.9,4.96,2.0,4.96,0.16,0.0,0.0,1027.0,8228.0,0.0,0.0,0.0,0.0,0.0,1.0,0.0,0.0,0.0,0.0,0.0,0.3,0.0,-0.3,0.0,0.0,16.0,25903.0
2026-07-30T19:03:56.444Z,405.927,405.942,0.0,7.4,0.0,0.0,0.0,0.0,0.0,0.0,0.0,0.0,1.0,0.0,0.0,0.0,9.0,4.0,0.0,0.0,0.0,0.0,0.0,0.0,0.0,0.0,1.0,12.0,1.0,12.17,5.01,2.51,1.49,0.0,0.1,0.0,361.3,0.0,0.3,1.2000000000000002,0.9,-169.70000000000002,0.0,0.0,169.70000000000002,0.0,21.3,28.9,28.9,30.9,300.0,300.0,31.700000000000003,35.9,28.8,28.0,29.9,4.95,1.99,4.96,0.16,0.0,0.0,1027.0,8228.0,0.0,0.0,0.0,0.0,0.0,1.0,0.0,0.0,0.0,0.0,0.0,2.0,0.0,-0.5,0.0,0.0,16.0,25903.0
2026-07-30T19:03:56.455Z,405.938,405.954,0.0,7.4,0.0,0.0,0.0,0.0,0.0,0.0,0.0,0.0,1.0,0.0,0.0,0.0,9.0,4.0,0.0,0.0,0.0,0.0,0.0,0.0,0.0,0.0,2.0,12.0,1.0,12.17,5.01,2.51,1.49,0.0,0.0,0.0,361.4,0.0,0.3,0.0,-0.2,-169.70000000000002,0.0,0.0,169.60000000000002,0.0,21.3,28.9,28.9,30.9,300.0,300.0,31.700000000000003,35.9,28.8,28.0,29.9,4.95,1.99,4.97,0.16,0.0,0.0,1027.0,8228.0,0.0,0.0,0.0,0.0,0.0,1.0,0.0,0.0,0.0,0.0,0.0,-0.1,0.0,0.2,0.0,0.0,16.0,25903.0
2026-07-30T19:03:56.467Z,405.95,405.966,0.0,7.4,0.0,0.0,0.0,0.0,0.0,0.0,0.0,0.0,1.0,0.0,0.0,0.0,9.0,4.0,0.0,0.0,0.0,0.0,0.0,0.0,0.0,0.0,4.0,12.0,1.0,12.17,5.01,2.51,1.49,0.0,0.0,0.0,361.4,0.0,0.9,-0.5,0.9,-169.70000000000002,0.0,0.0,169.70000000000002,0.0,21.3,28.9,28.9,30.9,300.0,300.0,31.700000000000003,35.9,28.8,28.0,29.9,4.96,1.99,4.96,0.16,0.0,0.0,1027.0,8228.0,0.0,0.0,0.0,0.0,0.0,1.0,0.0,0.0,0.0,0.0,0.0,0.0,0.0,-0.9,0.0,0.0,16.0,25903.0
2026-07-30T19:03:56.479Z,405.962,405.978,0.0,7.4,0.0,0.0,0.0,0.0,0.0,0.0,0.0,0.0,1.0,0.0,0.0,0.0,9.0,4.0,0.0,0.0,0.0,0.0,0.0,0.0,0.0,0.0,5.0,12.0,1.0,12.17,5.01,2.51,1.49,0.0,0.0,0.0,361.3,0.0,0.3,-0.5,-0.8,-169.70000000000002,0.0,0.0,169.70000000000002,0.0,21.3,28.9,28.9,30.9,300.0,300.0,31.700000000000003,35.9,28.8,28.0,29.9,4.96,1.99,4.97,0.16,0.0,0.0,1027.0,8228.0,0.0,0.0,0.0,0.0,0.0,1.0,0.0,0.0,0.0,0.0,0.0,-1.2000000000000002,0.0,0.6000000000000001,0.0,0.0,16.0,25903.0
2026-07-30T19:03:56.491Z,405.974,405.99,0.0,7.4,0.0,0.0,0.0,0.0,0.0,0.0,0.0,0.0,1.0,0.0,0.0,0.0,9.0,4.0,0.0,0.0,0.0,0.0,0.0,0.0,0.0,0.0,1.0,12.0,1.0,12.17,5.01,2.51,1.49,0.0,0.0,0.0,361.4,0.0,-0.2,0.0,0.8,-169.70000000000002,0.0,0.0,169.70000000000002,0.0,21.3,28.9,28.9,30.9,300.0,300.0,31.700000000000003,35.9,28.8,28.0,29.9,4.95,1.99,4.97,0.15,0.0,0.0,1027.0,8228.0,0.0,0.0,0.0,0.0,0.0,1.0,0.0,0.0,0.0,0.0,0.0,0.6000000000000001,0.0,-0.7000000000000001,0.0,0.0,16.0,25903.0
2026-07-30T19:03:56.503Z,405.986,406.002,0.0,7.4,0.0,0.0,0.0,0.0,0.0,0.0,0.0,0.0,1.0,0.0,0.0,0.0,9.0,4.0,0.0,0.0,0.0,0.0,0.0,0.0,0.0,0.0,2.0,12.0,1.0,12.17,5.01,2.51,1.49,0.0,0.0,0.0,361.3,0.0,-0.8,0.5,0.8,-169.70000000000002,0.0,0.0,169.70000000000002,0.0,21.3,28.9,28.9,30.9,300.0,300.0,31.700000000000003,35.9,28.8,28.0,29.9,4.96,1.99,4.96,0.16,0.0,0.0,1027.0,8228.0,0.0,0.0,0.0,0.0,0.0,1.0,0.0,0.0,0.0,0.0,0.0,1.2000000000000002,0.0,-0.6000000000000001,0.0,0.0,16.0,25903.0
2026-07-30T19:03:56.515Z,405.998,406.014,0.0,7.4,0.0,0.0,0.0,0.0,0.0,0.0,0.0,0.0,1.0,0.0,0.0,0.0,9.0,4.0,0.0,0.0,0.0,0.0,0.0,0.0,0.0,0.0,3.0,12.0,1.0,12.17,5.01,2.51,1.49,0.0,0.0,0.0,361.3,0.0,0.2,-1.1,-0.9,-169.70000000000002,0.0,0.0,169.70000000000002,0.0,21.3,28.9,28.9,30.9,300.0,300.0,31.700000000000003,35.9,28.8,28.0,29.9,4.95,1.99,4.97,0.16,0.0,0.0,1027.0,8228.0,0.0,0.0,0.0,0.0,0.0,1.0,0.0,0.0,0.0,0.0,0.0,-2.0,0.0,0.5,0.0,0.0,16.0,25903.0
2026-07-30T19:03:56.527Z,406.01,406.026,0.0,7.4,0.0,0.0,0.0,0.0,0.0,0.0,0.0,0.0,1.0,0.0,0.0,0.0,9.0,4.0,0.0,0.0,0.0,0.0,0.0,0.0,0.0,0.0,4.0,12.0,1.0,12.17,5.01,2.51,1.49,0.0,0.0,0.0,361.4,0.0,0.2,-0.5,-1.4,-169.70000000000002,0.0,0.0,169.70000000000002,0.0,21.3,28.9,28.9,30.9,300.0,300.0,31.700000000000003,35.9,28.8,28.0,29.9,4.95,1.99,4.97,0.16,0.0,0.0,1027.0,8228.0,0.0,0.0,0.0,0.0,0.0,1.0,0.0,0.0,0.0,0.0,0.0,-1.7000000000000002,0.0,1.1,0.0,0.0,16.0,25903.0
2026-07-30T19:03:56.539Z,406.022,406.038,0.0,7.4,0.0,0.0,0.0,0.0,0.0,0.0,0.0,0.0,1.0,0.0,0.0,0.0,9.0,4.0,0.0,0.0,0.0,0.0,0.0,0.0,0.0,0.0,6.0,12.0,1.0,12.17,5.01,2.51,1.49,0.0,0.0,0.0,361.3,0.0,-0.2,0.0,0.9,-169.70000000000002,0.0,0.0,169.70000000000002,0.0,21.3,28.9,28.9,30.9,300.0,300.0,31.700000000000003,35.9,28.8,28.0,29.9,4.95,1.99,4.97,0.16,0.0,0.0,1027.0,8228.0,0.0,0.0,0.0,0.0,0.0,1.0,0.0,0.0,0.0,0.0,0.0,0.6000000000000001,0.0,-0.8,0.0,0.0,16.0,25903.0
2026-07-30T19:03:56.551Z,406.034,406.05,0.0,7.4,0.0,0.0,0.0,0.0,0.0,0.0,0.0,0.0,1.0,0.0,0.0,0.0,9.0,4.0,0.0,0.0,0.0,0.0,0.0,0.0,0.0,0.0,1.0,12.0,1.0,12.17,5.01,2.51,1.49,0.0,0.0,0.0,361.3,0.0,0.9,0.0,-0.2,-169.70000000000002,0.0,0.0,169.70000000000002,0.0,21.700000000000003,28.9,28.9,30.9,300.0,300.0,31.8,35.9,28.8,28.0,29.9,4.96,1.99,4.96,0.16,0.0,0.0,1027.0,8228.0,0.0,0.0,0.0,0.0,0.0,1.0,0.0,0.0,0.0,0.0,0.0,-0.1,0.0,0.2,0.0,0.0,16.0,25903.0
2026-07-30T19:03:56.563Z,406.046,406.062,0.0,7.4,0.0,0.0,0.0,0.0,0.0,0.0,0.0,0.0,1.0,0.0,0.0,0.0,9.0,4.0,0.0,0.0,0.0,0.0,0.0,0.0,0.0,0.0,2.0,12.0,1.0,12.17,5.01,2.51,1.49,0.0,0.0,0.0,361.4,0.0,-0.2,-1.1,-1.3,-169.70000000000002,0.0,0.0,169.8,0.0,21.700000000000003,28.9,28.9,30.9,300.0,300.0,31.8,35.9,28.8,28.0,29.9,4.95,1.99,4.97,0.16,0.0,0.0,1027.0,8228.0,0.0,0.0,0.0,0.0,0.0,1.0,0.0,0.0,0.0,0.0,0.0,-0.9,0.0,1.2000000000000002,0.0,0.0,16.0,25903.0
2026-07-30T19:03:56.575Z,406.058,406.074,0.0,7.4,0.0,0.0,0.0,0.0,0.0,0.0,0.0,0.0,1.0,0.0,0.0,0.0,9.0,4.0,0.0,0.0,0.0,0.0,0.0,0.0,0.0,0.0,3.0,12.0,1.0,12.17,5.01,2.51,1.49,0.0,0.0,0.0,361.4,0.0,0.9,0.0,-0.2,-169.70000000000002,0.0,0.0,169.70000000000002,0.0,21.700000000000003,28.9,28.9,30.9,300.0,300.0,31.8,35.9,28.8,28.0,29.9,4.95,1.99,4.96,0.16,0.0,0.0,1027.0,8228.0,0.0,0.0,0.0,0.0,0.0,1.0,0.0,0.0,0.0,0.0,0.0,0.7000000000000001,0.0,-0.8,0.0,0.0,16.0,25903.0
2026-07-30T19:03:56.588Z,406.071,406.086,0.0,7.4,0.0,0.0,0.0,0.0,0.0,0.0,0.0,0.0,1.0,0.0,0.0,0.0,9.0,4.0,0.0,0.0,0.0,0.0,0.0,0.0,0.0,0.0,5.0,12.0,1.0,12.17,5.01,2.51,1.49,0.0,0.1,0.0,361.4,0.0,-0.2,0.0,-0.7000000000000001,-169.70000000000002,0.0,0.0,169.70000000000002,0.0,21.700000000000003,28.9,28.9,30.9,300.0,300.0,31.8,35.9,28.8,28.0,29.9,4.96,1.99,4.96,0.16,0.0,0.0,1027.0,8228.0,0.0,0.0,0.0,0.0,0.0,1.0,0.0,0.0,0.0,0.0,0.0,0.8,0.0,-0.8,0.0,0.0,16.0,25903.0
2026-07-30T19:03:56.600Z,406.083,406.098,0.0,7.4,0.0,0.0,0.0,0.0,0.0,0.0,0.0,0.0,1.0,0.0,0.0,0.0,9.0,4.0,0.0,0.0,0.0,0.0,0.0,0.0,0.0,0.0,6.0,12.0,1.0,12.17,5.01,2.51,1.49,0.0,0.0,0.0,361.4,0.0,-0.2,0.0,-0.2,-169.70000000000002,0.0,0.0,169.70000000000002,0.0,21.700000000000003,28.9,28.9,30.9,300.0,300.0,31.8,35.9,28.8,28.0,29.9,4.96,1.99,4.97,0.16,0.0,0.0,1027.0,8228.0,0.0,0.0,0.0,0.0,0.0,1.0,0.0,0.0,0.0,0.0,0.0,-1.2000000000000002,0.0,0.5,0.0,0.0,16.0,25903.0
2026-07-30T19:03:56.612Z,406.095,406.11,0.0,7.4,0.0,0.0,0.0,0.0,0.0,0.0,0.0,0.0,1.0,0.0,0.0,0.0,9.0,4.0,0.0,0.0,0.0,0.0,0.0,0.0,0.0,0.0,1.0,12.0,1.0,12.17,5.01,2.51,1.49,0.0,0.0,0.0,361.4,0.0,-0.7000000000000001,-1.6,0.3,-169.70000000000002,0.0,0.0,169.60000000000002,0.0,21.700000000000003,28.9,28.9,30.9,300.0,300.0,31.8,35.9,28.8,28.0,29.9,4.96,1.99,4.96,0.16,0.0,0.0,1027.0,8228.0,0.0,0.0,0.0,0.0,0.0,1.0,0.0,0.0,0.0,0.0,0.0,-1.6,0.0,-0.6000000000000001,0.0,0.0,16.0,25903.0
2026-07-30T19:03:56.623Z,406.106,406.122,0.0,7.4,0.0,0.0,0.0,0.0,0.0,0.0,0.0,0.0,1.0,0.0,0.0,0.0,9.0,4.0,0.0,0.0,0.0,0.0,0.0,0.0,0.0,0.0,2.0,12.0,1.0,12.17,5.01,2.51,1.49,0.0,0.0,0.0,361.3,0.0,0.9,0.0,0.9,-169.70000000000002,0.0,0.0,169.70000000000002,0.0,21.700000000000003,28.9,28.9,30.9,300.0,300.0,31.8,35.9,28.8,28.0,29.9,4.96,1.99,4.96,0.16,0.0,0.0,1027.0,8228.0,0.0,0.0,0.0,0.0,0.0,1.0,0.0,0.0,0.0,0.0,0.0,0.7000000000000001,0.0,-0.8,0.0,0.0,16.0,25903.0
2026-07-30T19:03:56.635Z,406.118,406.134,0.0,7.4,0.0,0.0,0.0,0.0,0.0,0.0,0.0,0.0,1.0,0.0,0.0,0.0,9.0,4.0,0.0,0.0,0.0,0.0,0.0,0.0,0.0,0.0,3.0,12.0,1.0,12.17,5.01,2.51,1.49,0.0,0.0,0.0,361.3,0.0,-0.1,1.2000000000000002,-0.2,-169.70000000000002,0.0,0.0,169.8,0.0,21.700000000000003,28.9,28.9,30.9,300.0,300.0,31.8,35.9,28.8,28.0,29.9,4.96,1.99,4.96,0.16,0.0,0.0,1027.0,8228.0,0.0,0.0,0.0,0.0,0.0,1.0,0.0,0.0,0.0,0.0,0.0,1.2000000000000002,0.0,0.4,0.0,0.0,16.0,25903.0
2026-07-30T19:03:56.648Z,406.131,406.146,0.0,7.4,0.0,0.0,0.0,0.0,0.0,0.0,0.0,0.0,1.0,0.0,0.0,0.0,9.0,4.0,0.0,0.0,0.0,0.0,0.0,0.0,0.0,0.0,4.0,12.0,1.0,12.18,5.0200000000000005,2.5,1.5,0.0,0.1,0.0,361.3,0.0,-0.7000000000000001,0.6000000000000001,0.2,-169.70000000000002,0.0,0.0,169.70000000000002,0.0,21.700000000000003,28.9,28.9,30.9,300.0,300.0,31.8,35.9,28.9,28.0,29.9,4.95,1.99,4.97,0.16,0.0,0.0,1027.0,8228.0,0.0,0.0,0.0,0.0,0.0,1.0,0.0,0.0,0.0,0.0,0.0,0.9,0.0,-0.1,0.0,0.0,16.0,25903.0
2026-07-30T19:03:56.660Z,406.143,406.158,0.0,7.4,0.0,0.0,0.0,0.0,0.0,0.0,0.0,0.0,1.0,0.0,0.0,0.0,9.0,4.0,0.0,0.0,0.0,0.0,0.0,0.0,0.0,0.0,5.0,12.0,1.0,12.18,5.0200000000000005,2.5,1.5,0.0,0.0,0.0,361.3,0.0,-0.2,-0.5,1.4,-169.70000000000002,0.0,0.0,169.8,0.0,21.700000000000003,28.9,28.9,30.9,300.0,300.0,31.8,35.9,28.9,28.0,29.9,4.95,1.99,4.96,0.16,0.0,0.0,1027.0,8228.0,0.0,0.0,0.0,0.0,0.0,1.0,0.0,0.0,0.0,0.0,0.0,0.4,0.0,-1.3,0.0,0.0,16.0,25903.0
2026-07-30T19:03:56.672Z,406.155,406.17,0.0,7.4,0.0,0.0,0.0,0.0,0.0,0.0,0.0,0.0,1.0,0.0,0.0,0.0,9.0,4.0,0.0,0.0,0.0,0.0,0.0,0.0,0.0,0.0,6.0,12.0,1.0,12.18,5.0200000000000005,2.5,1.5,0.0,0.0,0.0,361.4,0.0,-0.2,0.0,-1.4,-169.70000000000002,0.0,0.0,169.70000000000002,0.0,21.700000000000003,28.9,28.9,30.9,300.0,300.0,31.8,35.9,28.9,28.0,29.9,4.95,1.99,4.96,0.16,0.0,0.0,1027.0,8228.0,0.0,0.0,0.0,0.0,0.0,1.0,0.0,0.0,0.0,0.0,0.0,-1.1,0.0,1.2000000000000002,0.0,0.0,16.0,25903.0
2026-07-30T19:03:56.683Z,406.166,406.182,0.0,7.4,0.0,0.0,0.0,0.0,0.0,0.0,0.0,0.0,1.0,0.0,0.0,0.0,9.0,4.0,0.0,0.0,0.0,0.0,0.0,0.0,0.0,0.0,1.0,12.0,1.0,12.18,5.0200000000000005,2.5,1.5,0.0,0.0,0.0,361.3,0.0,-0.2,-1.2000000000000002,-1.4,-169.70000000000002,0.0,0.0,169.60000000000002,0.0,21.700000000000003,28.9,28.9,30.9,300.0,300.0,31.8,35.9,28.9,28.0,29.9,4.96,1.99,4.96,0.16,0.0,0.0,1027.0,8228.0,0.0,0.0,0.0,0.0,0.0,1.0,0.0,0.0,0.0,0.0,0.0,-2.5,0.0,1.0,0.0,0.0,16.0,25903.0
2026-07-30T19:03:56.695Z,406.178,406.194,0.0,7.4,0.0,0.0,0.0,0.0,0.0,0.0,0.0,0.0,1.0,0.0,0.0,0.0,9.0,4.0,0.0,0.0,0.0,0.0,0.0,0.0,0.0,0.0,2.0,12.0,1.0,12.18,5.0200000000000005,2.5,1.5,0.0,0.0,0.0,361.3,0.0,0.3,-1.2000000000000002,-0.3,-169.60000000000002,0.0,0.0,169.70000000000002,0.0,21.700000000000003,28.9,28.9,30.9,300.0,300.0,31.8,35.9,28.9,28.0,29.9,4.95,1.99,4.96,0.16,0.0,0.0,1027.0,8228.0,0.0,0.0,0.0,0.0,0.0,1.0,0.0,0.0,0.0,0.0,0.0,-1.6,0.0,0.0,0.0,0.0,16.0,25903.0
2026-07-30T19:03:56.707Z,406.19,406.206,0.0,7.4,0.0,0.0,0.0,0.0,0.0,0.0,0.0,0.0,1.0,0.0,0.0,0.0,9.0,4.0,0.0,0.0,0.0,0.0,0.0,0.0,0.0,0.0,4.0,12.0,1.0,12.18,5.0200000000000005,2.5,1.5,0.0,0.0,0.0,361.3,0.0,0.3,0.4,0.8,-169.60000000000002,0.0,0.0,169.60000000000002,0.0,21.700000000000003,28.9,28.9,30.9,300.0,300.0,31.8,35.9,28.9,28.0,29.9,4.96,1.99,4.96,0.16,0.0,0.0,1027.0,8228.0,0.0,0.0,0.0,0.0,0.0,1.0,0.0,0.0,0.0,0.0,0.0,1.2000000000000002,0.0,-0.6000000000000001,0.0,0.0,16.0,25903.0
2026-07-30T19:03:56.720Z,406.203,406.218,0.0,7.4,0.0,0.0,0.0,0.0,0.0,0.0,0.0,0.0,1.0,0.0,0.0,0.0,9.0,4.0,0.0,0.0,0.0,0.0,0.0,0.0,0.0,0.0,4.0,12.0,1.0,12.18,5.0200000000000005,2.5,1.5,0.0,0.0,0.0,361.4,0.0,0.3,0.4,-0.8,-169.60000000000002,0.0,0.0,169.70000000000002,0.0,21.700000000000003,28.9,28.9,30.9,300.0,300.0,31.8,35.9,28.9,28.0,29.9,4.96,1.99,4.97,0.16,0.0,0.0,1027.0,8228.0,0.0,0.0,0.0,0.0,0.0,1.0,0.0,0.0,0.0,0.0,0.0,-0.1,0.0,0.8,0.0,0.0,16.0,25903.0
2026-07-30T19:03:56.732Z,406.215,406.23,0.0,7.4,0.0,0.0,0.0,0.0,0.0,0.0,0.0,0.0,1.0,0.0,0.0,0.0,9.0,4.0,0.0,0.0,0.0,0.0,0.0,0.0,0.0,0.0,5.0,12.0,1.0,12.18,5.0200000000000005,2.5,1.5,0.0,0.0,0.0,361.3,0.0,0.3,0.0,-0.8,-169.60000000000002,0.0,0.0,169.70000000000002,0.0,21.700000000000003,28.9,28.9,30.9,300.0,300.0,31.8,35.9,28.9,28.0,29.9,4.95,1.99,4.97,0.16,0.0,0.0,1027.0,8228.0,0.0,0.0,0.0,0.0,0.0,1.0,0.0,0.0,0.0,0.0,0.0,-0.6000000000000001,0.0,0.6000000000000001,0.0,0.0,16.0,25903.0
2026-07-30T19:03:56.743Z,406.226,406.242,0.0,7.4,0.0,0.0,0.0,0.0,0.0,0.0,0.0,0.0,1.0,0.0,0.0,0.0,9.0,4.0,0.0,0.0,0.0,0.0,0.0,0.0,0.0,0.0,6.0,12.0,1.0,12.18,5.0200000000000005,2.5,1.5,0.0,0.1,0.0,361.3,0.0,0.3,0.5,0.9,-169.60000000000002,0.0,0.0,169.70000000000002,0.0,21.700000000000003,28.9,28.9,30.9,300.0,300.0,31.8,35.9,28.9,28.0,29.9,4.96,1.99,4.97,0.16,0.0,0.0,1027.0,8228.0,0.0,0.0,0.0,0.0,0.0,1.0,0.0,0.0,0.0,0.0,0.0,1.2000000000000002,0.0,-0.6000000000000001,0.0,0.0,16.0,25903.0
2026-07-30T19:03:56.755Z,406.238,406.254,0.0,7.4,0.0,0.0,0.0,0.0,0.0,0.0,0.0,0.0,1.0,0.0,0.0,0.0,9.0,4.0,0.0,0.0,0.0,0.0,0.0,0.0,0.0,0.0,1.0,12.0,1.0,12.17,5.01,2.51,1.5,0.0,0.0,0.0,361.3,0.0,-0.2,-1.1,1.0,-169.60000000000002,0.0,0.0,169.70000000000002,0.0,21.4,28.9,28.9,30.9,300.0,300.0,31.8,35.9,28.8,28.1,29.9,4.96,1.99,4.96,0.16,0.0,0.0,1027.0,8228.0,0.0,0.0,0.0,0.0,0.0,1.0,0.0,0.0,0.0,0.0,0.0,-0.5,0.0,-1.1,0.0,0.0,16.0,25903.0
2026-07-30T19:03:56.767Z,406.25,406.266,0.0,7.4,0.0,0.0,0.0,0.0,0.0,0.0,0.0,0.0,1.0,0.0,0.0,0.0,9.0,4.0,0.0,0.0,0.0,0.0,0.0,0.0,0.0,0.0,2.0,12.0,1.0,12.17,5.01,2.51,1.5,0.0,0.0,0.0,361.3,0.0,-0.2,0.0,-0.8,-169.60000000000002,0.0,0.0,169.8,0.0,21.4,28.9,28.9,30.9,300.0,300.0,31.8,35.9,28.8,28.1,29.9,4.96,1.99,4.97,0.16,0.0,0.0,1027.0,8228.0,0.0,0.0,0.0,0.0,0.0,1.0,0.0,0.0,0.0,0.0,0.0,-0.6000000000000001,0.0,0.7000000000000001,0.0,0.0,16.0,25903.0
2026-07-30T19:03:56.779Z,406.262,406.278,0.0,7.4,0.0,0.0,0.0,0.0,0.0,0.0,0.0,0.0,1.0,0.0,0.0,0.0,9.0,4.0,0.0,0.0,0.0,0.0,0.0,0.0,0.0,0.0,3.0,12.0,1.0,12.17,5.01,2.51,1.5,0.0,0.0,0.0,361.4,0.0,0.3,0.0,-1.3,-169.70000000000002,0.0,0.0,169.60000000000002,0.0,21.4,28.9,28.9,30.9,300.0,300.0,31.8,35.9,28.8,28.1,29.9,4.95,1.99,4.97,0.16,0.0,0.0,1027.0,8228.0,0.0,0.0,0.0,0.0,0.0,1.0,0.0,0.0,0.0,0.0,0.0,-1.0,0.0,1.2000000000000002,0.0,0.0,16.0,25903.0
2026-07-30T19:03:56.792Z,406.275,406.29,0.0,7.4,0.0,0.0,0.0,0.0,0.0,0.0,0.0,0.0,1.0,0.0,0.0,0.0,9.0,4.0,0.0,0.0,0.0,0.0,0.0,0.0,0.0,0.0,4.0,12.0,1.0,12.17,5.01,2.51,1.5,0.0,0.0,0.0,361.3,0.0,-0.2,-0.5,0.9,-169.60000000000002,0.0,0.0,169.70000000000002,0.0,21.4,28.9,28.9,30.9,300.0,300.0,31.8,35.9,28.8,28.1,29.9,4.96,1.99,4.96,0.16,0.0,0.0,1027.0,8228.0,0.0,0.0,0.0,0.0,0.0,1.0,0.0,0.0,0.0,0.0,0.0,0.1,0.0,-0.9,0.0,0.0,16.0,25903.0
2026-07-30T19:03:56.803Z,406.286,406.302,0.0,7.4,0.0,0.0,0.0,0.0,0.0,0.0,0.0,0.0,1.0,0.0,0.0,0.0,9.0,4.0,0.0,0.0,0.0,0.0,0.0,0.0,0.0,0.0,5.0,12.0,1.0,12.17,5.01,2.51,1.5,0.0,0.0,0.0,361.4,0.0,-0.8,0.1,1.5,-169.60000000000002,0.0,0.0,169.60000000000002,0.0,21.4,28.9,28.9,30.9,300.0,300.0,31.8,35.9,28.8,28.1,29.9,4.95,2.0,4.97,0.16,0.0,0.0,1027.0,8228.0,0.0,0.0,0.0,0.0,0.0,1.0,0.0,0.0,0.0,0.0,0.0,1.3,0.0,-1.3,0.0,0.0,16.0,25903.0
2026-07-30T19:03:56.815Z,406.298,406.314,0.0,7.4,0.0,0.0,0.0,0.0,0.0,0.0,0.0,0.0,1.0,0.0,0.0,0.0,9.0,4.0,0.0,0.0,0.0,0.0,0.0,0.0,0.0,0.0,6.0,12.0,1.0,12.17,5.01,2.51,1.5,0.0,0.0,0.0,361.3,0.0,-0.2,0.0,-0.7000000000000001,-169.60000000000002,0.0,0.0,169.60000000000002,0.0,21.4,28.9,28.9,30.9,300.0,300.0,31.8,35.9,28.8,28.1,29.9,4.95,2.0,4.96,0.16,0.0,0.0,1027.0,8228.0,0.0,0.0,0.0,0.0,0.0,1.0,0.0,0.0,0.0,0.0,0.0,-0.4,0.0,0.6000000000000001,0.0,0.0,16.0,25903.0
2026-07-30T19:03:56.827Z,406.31,406.326,0.0,7.4,0.0,0.0,0.0,0.0,0.0,0.0,0.0,0.0,1.0,0.0,0.0,0.0,9.0,4.0,0.0,0.0,0.0,0.0,0.0,0.0,0.0,0.0,1.0,12.0,1.0,12.17,5.01,2.51,1.5,0.0,0.0,0.0,361.3,0.0,-1.4,-1.0,-0.7000000000000001,-169.60000000000002,0.0,0.0,169.60000000000002,0.0,21.4,28.9,28.9,30.9,300.0,300.0,31.8,35.9,28.8,28.1,29.9,4.96,1.99,4.96,0.16,0.0,0.0,1027.0,8228.0,0.0,0.0,0.0,0.0,0.0,1.0,0.0,0.0,0.0,0.0,0.0,-1.7000000000000002,0.0,0.4,0.0,0.0,16.0,25903.0
2026-07-30T19:03:56.839Z,406.322,406.338,0.0,7.4,0.0,0.0,0.0,0.0,0.0,0.0,0.0,0.0,1.0,0.0,0.0,0.0,9.0,4.0,0.0,0.0,0.0,0.0,0.0,0.0,0.0,0.0,2.0,12.0,1.0,12.17,5.01,2.51,1.5,0.0,0.0,0.0,361.4,0.0,0.9,0.6000000000000001,1.6,-169.60000000000002,0.0,0.0,169.60000000000002,0.0,21.4,28.9,28.9,30.9,300.0,300.0,31.8,35.9,28.8,28.1,29.9,4.96,1.99,4.96,0.16,0.0,0.0,1027.0,8228.0,0.0,0.0,0.0,0.0,0.0,1.0,0.0,0.0,0.0,0.0,0.0,1.9,0.0,-1.2000000000000002,0.0,0.0,16.0,25903.0
2026-07-30T19:03:56.852Z,406.335,406.35,0.0,7.4,0.0,0.0,0.0,0.0,0.0,0.0,0.0,0.0,1.0,0.0,0.0,0.0,9.0,4.0,0.0,0.0,0.0,0.0,0.0,0.0,0.0,0.0,3.0,12.0,1.0,12.17,5.0200000000000005,2.51,1.49,0.0,0.0,0.0,361.3,0.0,-0.2,-1.0,-1.2000000000000002,-169.60000000000002,0.0,0.0,169.70000000000002,0.0,21.3,28.9,28.9,30.9,300.0,300.0,31.8,35.9,28.8,28.0,29.9,4.95,1.99,4.97,0.16,0.0,0.0,1027.0,8228.0,0.0,0.0,0.0,0.0,0.0,1.0,0.0,0.0,0.0,0.0,0.0,-2.2,0.0,0.9,0.0,0.0,16.0,25903.0
2026-07-30T19:03:56.863Z,406.346,406.362,0.0,7.4,0.0,0.0,0.0,0.0,0.0,0.0,0.0,0.0,1.0,0.0,0.0,0.0,9.0,4.0,0.0,0.0,0.0,0.0,0.0,0.0,0.0,0.0,4.0,12.0,1.0,12.17,5.0200000000000005,2.51,1.49,0.0,0.0,0.0,361.3,0.0,0.2,0.0,-0.7000000000000001,-169.60000000000002,0.0,0.0,169.60000000000002,0.0,21.3,28.9,28.9,30.9,300.0,300.0,31.8,35.9,28.8,28.0,29.9,4.95,1.99,4.96,0.16,0.0,0.0,1027.0,8228.0,0.0,0.0,0.0,0.0,0.0,1.0,0.0,0.0,0.0,0.0,0.0,-0.4,0.0,0.6000000000000001,0.0,0.0,16.0,25903.0
2026-07-30T19:03:56.875Z,406.358,406.374,0.0,7.4,0.0,0.0,0.0,0.0,0.0,0.0,0.0,0.0,1.0,0.0,0.0,0.0,9.0,4.0,0.0,0.0,0.0,0.0,0.0,0.0,0.0,0.0,5.0,12.0,1.0,12.17,5.0200000000000005,2.51,1.49,0.0,0.0,0.0,361.4,0.0,-0.2,1.2000000000000002,-0.6000000000000001,-169.60000000000002,0.0,0.0,169.60000000000002,0.0,21.3,28.9,28.9,30.9,300.0,300.0,31.8,35.9,28.8,28.0,29.9,4.96,1.99,4.96,0.16,0.0,0.0,1027.0,8228.0,0.0,0.0,0.0,0.0,0.0,1.0,0.0,0.0,0.0,0.0,0.0,0.9,0.0,0.8,0.0,0.0,16.0,25903.0
2026-07-30T19:03:56.887Z,406.37,406.386,0.0,7.4,0.0,0.0,0.0,0.0,0.0,0.0,0.0,0.0,1.0,0.0,0.0,0.0,9.0,4.0,0.0,0.0,0.0,0.0,0.0,0.0,0.0,0.0,1.0,12.0,1.0,12.17,5.0200000000000005,2.51,1.49,0.0,0.0,0.0,361.3,0.0,-0.3,-0.4,-0.1,-169.60000000000002,0.0,0.0,169.60000000000002,0.0,21.3,28.9,28.9,30.9,300.0,300.0,31.8,35.9,28.8,28.0,29.9,4.95,1.99,4.97,0.17,0.0,0.0,1027.0,8228.0,0.0,0.0,0.0,0.0,0.0,1.0,0.0,0.0,0.0,0.0,0.0,-0.6000000000000001,0.0,0.0,0.0,0.0,16.0,25903.0
2026-07-30T19:03:56.899Z,406.382,406.398,0.0,7.4,0.0,0.0,0.0,0.0,0.0,0.0,0.0,0.0,1.0,0.0,0.0,0.0,9.0,4.0,0.0,0.0,0.0,0.0,0.0,0.0,0.0,0.0,2.0,12.0,1.0,12.17,5.0200000000000005,2.51,1.49,0.0,0.0,0.0,361.4,0.0,0.2,-0.4,-0.6000000000000001,-169.60000000000002,0.0,0.0,169.60000000000002,0.0,21.3,28.9,28.9,30.9,300.0,300.0,31.8,35.9,28.8,28.0,29.9,4.96,1.99,4.96,0.17,0.0,0.0,1027.0,8228.0,0.0,0.0,0.0,0.0,0.0,1.0,0.0,0.0,0.0,0.0,0.0,-1.0,0.0,0.4,0.0,0.0,16.0,25903.0
2026-07-30T19:03:56.911Z,406.394,406.41,0.0,7.4,0.0,0.0,0.0,0.0,0.0,0.0,0.0,0.0,1.0,0.0,0.0,0.0,9.0,4.0,0.0,0.0,0.0,0.0,0.0,0.0,0.0,0.0,3.0,12.0,1.0,12.17,5.0200000000000005,2.51,1.49,0.0,0.0,0.0,361.4,0.0,0.2,-0.5,-0.6000000000000001,-169.60000000000002,0.0,0.0,169.60000000000002,0.0,21.3,28.9,28.9,30.9,300.0,300.0,31.8,35.9,28.8,28.0,29.9,4.96,2.0,4.96,0.16,0.0,0.0,1027.0,8228.0,0.0,0.0,0.0,0.0,0.0,1.0,0.0,0.0,0.0,0.0,0.0,-1.0,0.0,0.4,0.0,0.0,16.0,25903.0
2026-07-30T19:03:56.924Z,406.407,406.422,0.0,7.4,0.0,0.0,0.0,0.0,0.0,0.0,0.0,0.0,1.0,0.0,0.0,0.0,9.0,4.0,0.0,0.0,0.0,0.0,0.0,0.0,0.0,0.0,4.0,12.0,1.0,12.17,5.0200000000000005,2.51,1.49,-0.1,0.0,0.0,361.3,0.0,-0.2,0.6000000000000001,0.0,-169.60000000000002,0.0,0.0,169.60000000000002,0.0,21.3,28.9,28.9,30.9,300.0,300.0,31.8,35.9,28.8,28.0,29.9,4.95,1.99,4.96,0.16,0.0,0.0,1027.0,8228.0,0.0,0.0,0.0,0.0,0.0,1.0,0.0,0.0,0.0,0.0,0.0,0.6000000000000001,0.0,0.1,0.0,0.0,16.0,25903.0
2026-07-30T19:03:56.935Z,406.418,406.434,0.0,7.4,0.0,0.0,0.0,0.0,0.0,0.0,0.0,0.0,1.0,0.0,0.0,0.0,9.0,4.0,0.0,0.0,0.0,0.0,0.0,0.0,0.0,0.0,5.0,12.0,1.0,12.17,5.0200000000000005,2.51,1.49,0.0,0.0,0.0,361.3,0.0,0.3,0.6000000000000001,0.0,-169.60000000000002,0.0,0.0,169.60000000000002,0.0,21.3,28.9,28.9,30.9,300.0,300.0,31.8,35.9,28.8,28.0,29.9,4.95,1.99,4.97,0.16,0.0,0.0,1027.0,8228.0,0.0,0.0,0.0,0.0,0.0,1.0,0.0,0.0,0.0,0.0,0.0,0.7000000000000001,0.0,0.1,0.0,0.0,16.0,25903.0
2026-07-30T19:03:56.947Z,406.43,406.446,0.0,7.4,0.0,0.0,0.0,0.0,0.0,0.0,0.0,0.0,1.0,0.0,0.0,0.0,9.0,4.0,0.0,0.0,0.0,0.0,0.0,0.0,0.0,0.0,1.0,12.0,1.0,12.17,5.0200000000000005,2.51,1.49,0.0,0.0,0.0,361.3,0.0,0.9,0.6000000000000001,1.1,-169.60000000000002,0.0,0.0,169.60000000000002,0.0,21.3,28.9,28.9,30.9,300.0,300.0,31.8,35.9,28.8,28.0,29.9,4.96,1.99,4.96,0.16,0.0,0.0,1027.0,8228.0,0.0,0.0,0.0,0.0,0.0,1.0,0.0,0.0,0.0,0.0,0.0,1.6,0.0,-0.8,0.0,0.0,16.0,25903.0
2026-07-30T19:03:56.959Z,406.442,406.458,0.0,7.4,0.0,0.0,0.0,0.0,0.0,0.0,0.0,0.0,1.0,0.0,0.0,0.0,9.0,4.0,0.0,0.0,0.0,0.0,0.0,0.0,0.0,0.0,2.0,12.0,1.0,12.14,5.01,2.51,1.49,0.0,0.0,0.0,361.3,0.0,-0.2,1.2000000000000002,-0.6000000000000001,-169.60000000000002,0.0,0.0,169.60000000000002,0.0,20.8,28.9,28.9,30.9,300.0,300.0,31.700000000000003,35.9,28.8,28.0,29.9,4.96,1.99,4.97,0.16,0.0,0.0,1027.0,8228.0,0.0,0.0,0.0,0.0,0.0,1.0,0.0,0.0,0.0,0.0,0.0,0.9,0.0,0.8,0.0,0.0,16.0,25903.0
2026-07-30T19:03:56.971Z,406.454,406.47,0.0,7.4,0.0,0.0,0.0,0.0,0.0,0.0,0.0,0.0,1.0,0.0,0.0,0.0,9.0,4.0,0.0,0.0,0.0,0.0,0.0,0.0,0.0,0.0,3.0,12.0,1.0,12.14,5.01,2.51,1.49,0.0,0.0,0.0,361.4,0.0,0.9,0.6000000000000001,0.0,-169.60000000000002,0.0,0.0,169.60000000000002,0.0,20.8,28.9,28.9,30.9,300.0,300.0,31.700000000000003,35.9,28.8,28.0,29.9,4.95,1.99,4.97,0.16,0.0,0.0,1027.0,8228.0,0.0,0.0,0.0,0.0,0.0,1.0,0.0,0.0,0.0,0.0,0.0,0.7000000000000001,0.0,0.1,0.0,0.0,16.0,25903.0
2026-07-30T19:03:56.983Z,406.466,406.482,0.0,7.4,0.0,0.0,0.0,0.0,0.0,0.0,0.0,0.0,1.0,0.0,0.0,0.0,9.0,4.0,0.0,0.0,0.0,0.0,0.0,0.0,0.0,0.0,4.0,12.0,1.0,12.14,5.01,2.51,1.49,0.0,0.0,0.0,361.4,0.0,-0.2,-0.5,2.2,-169.60000000000002,0.0,0.0,169.60000000000002,0.0,20.8,28.9,28.9,30.9,300.0,300.0,31.700000000000003,35.9,28.8,28.0,29.9,4.96,1.99,4.96,0.16,0.0,0.0,1027.0,8228.0,0.0,0.0,0.0,0.0,0.0,1.0,0.0,0.0,0.0,0.0,0.0,1.1,0.0,-2.0,0.0,0.0,16.0,25903.0
2026-07-30T19:03:56.995Z,406.478,406.494,0.0,7.4,0.0,0.0,0.0,0.0,0.0,0.0,0.0,0.0,1.0,0.0,0.0,0.0,9.0,4.0,0.0,0.0,0.0,0.0,0.0,0.0,0.0,0.0,5.0,12.0,1.0,12.14,5.01,2.51,1.49,0.0,0.0,0.0,361.3,0.0,-0.2,0.1,-0.1,-169.60000000000002,0.0,0.0,169.60000000000002,0.0,20.8,28.9,28.9,30.9,300.0,300.0,31.700000000000003,35.9,28.8,28.0,29.9,4.95,1.99,4.96,0.16,0.0,0.0,1027.0,8228.0,0.0,0.0,0.0,0.0,0.0,1.0,0.0,0.0,0.0,0.0,0.0,0.0,0.0,0.1,0.0,0.0,16.0,25903.0
2026-07-30T19:03:57.008Z,406.491,406.506,0.0,7.4,0.0,0.0,0.0,0.0,0.0,0.0,0.0,0.0,1.0,0.0,0.0,0.0,9.0,4.0,0.0,0.0,0.0,0.0,0.0,0.0,0.0,0.0,6.0,12.0,1.0,12.14,5.01,2.51,1.49,0.0,0.0,0.0,361.4,0.0,-0.2,-0.4,0.4,-169.60000000000002,0.0,0.0,169.60000000000002,0.0,20.8,28.9,28.9,30.9,300.0,300.0,31.700000000000003,35.9,28.8,28.0,29.9,4.95,1.99,4.97,0.16,0.0,0.0,1027.0,8228.0,0.0,0.0,0.0,0.0,0.0,1.0,0.0,0.0,0.0,0.0,0.0,-0.2,0.0,-0.4,0.0,0.0,16.0,25903.0
2026-07-30T19:03:57.019Z,406.502,406.518,0.0,7.4,0.0,0.0,0.0,0.0,0.0,0.0,0.0,0.0,1.0,0.0,0.0,0.0,9.0,4.0,0.0,0.0,0.0,0.0,0.0,0.0,0.0,0.0,1.0,12.0,1.0,12.14,5.01,2.51,1.49,0.0,0.1,0.0,361.3,0.0,-0.2,0.0,-0.1,-169.60000000000002,0.0,0.0,169.60000000000002,0.0,20.8,28.9,28.9,30.9,300.0,300.0,31.700000000000003,35.9,28.8,28.0,29.9,4.95,1.99,4.97,0.16,0.0,0.0,1027.0,8228.0,0.0,0.0,0.0,0.0,0.0,1.0,0.0,0.0,0.0,0.0,0.0,0.0,0.0,0.1,0.0,0.0,16.0,25903.0
2026-07-30T19:03:57.031Z,406.514,406.53,0.0,7.4,0.0,0.0,0.0,0.0,0.0,0.0,0.0,0.0,1.0,0.0,0.0,0.0,9.0,4.0,0.0,0.0,0.0,0.0,0.0,0.0,0.0,0.0,2.0,12.0,1.0,12.14,5.01,2.51,1.49,0.0,0.1,0.0,361.3,0.0,0.3,-0.5,-0.1,-169.60000000000002,0.0,0.0,169.60000000000002,0.0,20.8,28.9,28.9,30.9,300.0,300.0,31.700000000000003,35.9,28.8,28.0,29.9,4.95,1.99,4.96,0.16,0.0,0.0,1027.0,8228.0,0.0,0.0,0.0,0.0,0.0,1.0,0.0,0.0,0.0,0.0,0.0,-0.7000000000000001,0.0,0.0,0.0,0.0,16.0,25903.0
2026-07-30T19:03:57.044Z,406.527,406.542,0.0,7.4,0.0,0.0,0.0,0.0,0.0,0.0,0.0,0.0,1.0,0.0,0.0,0.0,9.0,4.0,0.0,0.0,0.0,0.0,0.0,0.0,0.0,0.0,3.0,12.0,1.0,12.14,5.01,2.51,1.49,0.0,0.0,0.0,361.3,0.0,0.2,1.2000000000000002,1.5,-169.60000000000002,0.0,0.0,169.60000000000002,0.0,20.8,28.9,28.9,30.9,300.0,300.0,31.700000000000003,35.9,28.8,28.0,29.9,4.95,1.99,4.97,0.16,0.0,0.0,1027.0,8228.0,0.0,0.0,0.0,0.0,0.0,1.0,0.0,0.0,0.0,0.0,0.0,0.1,0.0,-0.9,0.0,0.0,16.0,25903.0
2026-07-30T19:03:57.057Z,406.54,406.554,0.0,7.4,0.0,0.0,0.0,0.0,0.0,0.0,0.0,0.0,1.0,0.0,0.0,0.0,9.0,4.0,0.0,0.0,0.0,0.0,0.0,0.0,0.0,0.0,4.0,12.0,1.0,12.18,5.01,2.5,1.49,0.0,0.0,0.0,361.3,0.0,-0.3,-1.0,0.3,-169.60000000000002,0.0,0.0,169.8,0.0,21.8,28.9,28.9,30.9,300.0,300.0,31.8,35.9,28.8,28.0,29.9,4.95,2.0,4.97,0.16,0.0,0.0,1027.0,8228.0,0.0,0.0,0.0,0.0,0.0,1.0,0.0,0.0,0.0,0.0,0.0,-0.9,0.0,-0.5,0.0,0.0,16.0,25903.0
2026-07-30T19:03:57.067Z,406.55,406.566,0.0,7.4,0.0,0.0,0.0,0.0,0.0,0.0,0.0,0.0,1.0,0.0,0.0,0.0,9.0,4.0,0.0,0.0,0.0,0.0,0.0,0.0,0.0,0.0,6.0,12.0,1.0,12.18,5.01,2.5,1.49,0.0,0.0,0.0,361.4,0.0,0.8,1.8,1.5,-169.60000000000002,0.0,0.0,169.70000000000002,0.0,21.8,28.9,28.9,30.9,300.0,300.0,31.8,35.9,28.8,28.0,29.9,4.96,1.99,4.97,0.16,0.0,0.0,1027.0,8228.0,0.0,0.0,0.0,0.0,0.0,1.0,0.0,0.0,0.0,0.0,0.0,3.2,0.0,-0.9,0.0,0.0,16.0,25903.0
2026-07-30T19:03:57.079Z,406.562,406.578,0.0,7.4,0.0,0.0,0.0,0.0,0.0,0.0,0.0,0.0,1.0,0.0,0.0,0.0,9.0,4.0,0.0,0.0,0.0,0.0,0.0,0.0,0.0,0.0,1.0,12.0,1.0,12.18,5.01,2.5,1.49,0.0,0.0,0.0,361.3,0.0,-0.2,0.1,-0.8,-169.60000000000002,0.0,0.0,169.70000000000002,0.0,21.8,28.9,28.9,30.9,300.0,300.0,31.8,35.9,28.8,28.0,29.9,4.95,1.99,4.96,0.16,0.0,0.0,1027.0,8228.0,0.0,0.0,0.0,0.0,0.0,1.0,0.0,0.0,0.0,0.0,0.0,0.6000000000000001,0.0,0.3,0.0,0.0,16.0,25903.0
2026-07-30T19:03:57.091Z,406.574,406.59,0.0,7.4,0.0,0.0,0.0,0.0,0.0,0.0,0.0,0.0,1.0,0.0,0.0,0.0,9.0,4.0,0.0,0.0,0.0,0.0,0.0,0.0,0.0,0.0,2.0,12.0,1.0,12.18,5.01,2.5,1.49,0.0,0.0,0.0,361.3,0.0,0.9,-0.4,-0.2,-169.60000000000002,0.0,0.0,169.60000000000002,0.0,21.8,28.9,28.9,30.9,300.0,300.0,31.8,35.9,28.8,28.0,29.9,4.96,1.99,4.97,0.16,0.0,0.0,1027.0,8228.0,0.0,0.0,0.0,0.0,0.0,1.0,0.0,0.0,0.0,0.0,0.0,-1.1,0.0,0.6000000000000001,0.0,0.0,16.0,25903.0
2026-07-30T19:03:57.103Z,406.586,406.602,0.0,7.4,0.0,0.0,0.0,0.0,0.0,0.0,0.0,0.0,1.0,0.0,0.0,0.0,9.0,4.0,0.0,0.0,0.0,0.0,0.0,0.0,0.0,0.0,3.0,12.0,1.0,12.18,5.01,2.5,1.49,0.0,0.0,0.0,361.3,0.0,-0.2,1.2000000000000002,-0.1,-169.60000000000002,0.0,0.0,169.60000000000002,0.0,21.8,28.9,28.9,30.9,300.0,300.0,31.8,35.9,28.8,28.0,29.9,4.96,2.0,4.96,0.16,0.0,0.0,1027.0,8228.0,0.0,0.0,0.0,0.0,0.0,1.0,0.0,0.0,0.0,0.0,0.0,1.5,0.0,-0.7000000000000001,0.0,0.0,16.0,25903.0
2026-07-30T19:03:57.115Z,406.598,406.614,0.0,7.4,0.0,0.0,0.0,0.0,0.0,0.0,0.0,0.0,1.0,0.0,0.0,0.0,9.0,4.0,0.0,0.0,0.0,0.0,0.0,0.0,0.0,0.0,4.0,12.0,1.0,12.18,5.01,2.5,1.49,0.0,0.0,0.0,361.4,0.0,0.3,-0.4,-0.7000000000000001,-169.60000000000002,0.0,0.0,169.70000000000002,0.0,21.8,28.9,28.9,30.9,300.0,300.0,31.8,35.9,28.8,28.0,29.9,4.95,1.99,4.96,0.16,0.0,0.0,1027.0,8228.0,0.0,0.0,0.0,0.0,0.0,1.0,0.0,0.0,0.0,0.0,0.0,-1.1,0.0,0.5,0.0,0.0,16.0,25903.0
2026-07-30T19:03:57.127Z,406.61,406.626,0.0,7.4,0.0,0.0,0.0,0.0,0.0,0.0,0.0,0.0,1.0,0.0,0.0,0.0,9.0,4.0,0.0,0.0,0.0,0.0,0.0,0.0,0.0,0.0,6.0,12.0,1.0,12.18,5.01,2.5,1.49,0.0,0.0,0.0,361.3,0.0,-1.4,-0.4,-0.7000000000000001,-169.60000000000002,0.0,0.0,169.60000000000002,0.0,21.8,28.9,28.9,30.9,300.0,300.0,31.8,35.9,28.8,28.0,29.9,4.95,1.99,4.97,0.16,0.0,0.0,1027.0,8228.0,0.0,0.0,0.0,0.0,0.0,1.0,0.0,0.0,0.0,0.0,0.0,-1.1,0.0,0.5,0.0,0.0,16.0,25903.0
2026-07-30T19:03:57.139Z,406.622,406.638,0.0,7.4,0.0,0.0,0.0,0.0,0.0,0.0,0.0,0.0,1.0,0.0,0.0,0.0,9.0,4.0,0.0,0.0,0.0,0.0,0.0,0.0,0.0,0.0,1.0,12.0,1.0,12.18,5.01,2.5,1.49,0.0,0.1,0.0,361.4,0.0,0.3,-1.0,1.5,-169.60000000000002,0.0,0.0,169.60000000000002,0.0,21.8,28.9,28.9,30.9,300.0,300.0,31.8,35.9,28.8,28.0,29.9,4.96,1.99,4.96,0.16,0.0,0.0,1027.0,8228.0,0.0,0.0,0.0,0.0,0.0,1.0,0.0,0.0,0.0,0.0,0.0,0.0,0.0,-1.6,0.0,0.0,16.0,25903.0
2026-07-30T19:03:57.151Z,406.634,406.65,0.0,7.4,0.0,0.0,0.0,0.0,0.0,0.0,0.0,0.0,1.0,0.0,0.0,0.0,9.0,4.0,0.0,0.0,0.0,0.0,0.0,0.0,0.0,0.0,3.0,12.0,1.0,12.18,5.01,2.5,1.49,0.0,0.0,0.0,361.3,0.0,0.8,1.2000000000000002,1.5,-169.60000000000002,0.0,0.0,169.60000000000002,0.0,21.8,28.9,28.9,30.9,300.0,300.0,31.8,35.9,28.8,28.0,29.9,4.96,2.0,4.97,0.16,0.0,0.0,1027.0,8228.0,0.0,0.0,0.0,0.0,0.0,1.0,0.0,0.0,0.0,0.0,0.0,2.6,0.0,-1.0,0.0,0.0,16.0,25903.0
2026-07-30T19:03:57.163Z,406.646,406.662,0.0,7.4,0.0,0.0,0.0,0.0,0.0,0.0,0.0,0.0,1.0,0.0,0.0,0.0,9.0,4.0,0.0,0.0,0.0,0.0,0.0,0.0,0.0,0.0,4.0,12.0,1.0,12.15,5.0200000000000005,2.51,1.49,0.0,0.0,0.0,361.4,0.0,-0.2,0.0,0.3,-169.60000000000002,0.0,0.0,169.60000000000002,0.0,21.9,28.9,28.9,30.9,300.0,300.0,31.700000000000003,35.9,28.8,28.0,29.9,4.95,1.99,4.97,0.16,0.0,0.0,1027.0,8228.0,0.0,0.0,0.0,0.0,0.0,1.0,0.0,0.0,0.0,0.0,0.0,0.3,0.0,-0.3,0.0,0.0,16.0,25903.0
2026-07-30T19:03:57.175Z,406.658,406.674,0.0,7.4,0.0,0.0,0.0,0.0,0.0,0.0,0.0,0.0,1.0,0.0,0.0,0.0,9.0,4.0,0.0,0.0,0.0,0.0,0.0,0.0,0.0,0.0,6.0,12.0,1.0,12.15,5.0200000000000005,2.51,1.49,0.0,0.0,0.0,361.3,0.0,0.3,-0.4,0.9,-169.60000000000002,0.0,0.0,169.60000000000002,0.0,21.9,28.9,28.9,30.9,300.0,300.0,31.700000000000003,35.9,28.8,28.0,29.9,4.95,1.99,4.97,0.16,0.0,0.0,1027.0,8228.0,0.0,0.0,0.0,0.0,0.0,1.0,0.0,0.0,0.0,0.0,0.0,0.1,0.0,-0.9,0.0,0.0,16.0,25903.0
2026-07-30T19:03:57.187Z,406.67,406.686,0.0,7.4,0.0,0.0,0.0,0.0,0.0,0.0,0.0,0.0,1.0,0.0,0.0,0.0,9.0,4.0,0.0,0.0,0.0,0.0,0.0,0.0,0.0,0.0,1.0,12.0,1.0,12.15,5.0200000000000005,2.51,1.49,0.0,0.0,0.0,361.3,0.0,-0.2,0.1,1.0,-169.60000000000002,0.0,0.0,169.60000000000002,0.0,21.9,28.9,28.9,30.9,300.0,300.0,31.700000000000003,35.9,28.8,28.0,29.9,4.96,2.0,4.96,0.16,0.0,0.0,1027.0,8228.0,0.0,0.0,0.0,0.0,0.0,1.0,0.0,0.0,0.0,0.0,0.0,0.8,0.0,-0.8,0.0,0.0,16.0,25903.0
2026-07-30T19:03:57.199Z,406.682,406.698,0.0,7.4,0.0,0.0,0.0,0.0,0.0,0.0,0.0,0.0,1.0,0.0,0.0,0.0,9.0,4.0,0.0,0.0,0.0,0.0,0.0,0.0,0.0,0.0,2.0,12.0,1.0,12.15,5.0200000000000005,2.51,1.49,0.0,0.0,0.0,361.3,0.0,0.9,0.1,0.4,-169.60000000000002,0.0,0.0,169.60000000000002,0.0,21.9,28.9,28.9,30.9,300.0,300.0,31.700000000000003,35.9,28.8,28.0,29.9,4.96,1.99,4.97,0.16,0.0,0.0,1027.0,8228.0,0.0,0.0,0.0,0.0,0.0,1.0,0.0,0.0,0.0,0.0,0.0,0.4,0.0,-0.3,0.0,0.0,16.0,25903.0
2026-07-30T19:03:57.211Z,406.694,406.71,0.0,7.4,0.0,0.0,0.0,0.0,0.0,0.0,0.0,0.0,1.0,0.0,0.0,0.0,9.0,4.0,0.0,0.0,0.0,0.0,0.0,0.0,0.0,0.0,3.0,12.0,1.0,12.15,5.0200000000000005,2.51,1.49,0.0,0.0,0.0,361.3,0.0,0.9,1.8,0.3,-169.60000000000002,0.0,0.0,169.60000000000002,0.0,21.9,28.9,28.9,30.9,300.0,300.0,31.700000000000003,35.9,28.8,28.0,29.9,4.95,1.99,4.97,0.16,0.0,0.0,1027.0,8228.0,0.0,0.0,0.0,0.0,0.0,1.0,0.0,0.0,0.0,0.0,0.0,2.3000000000000003,0.0,0.0,0.0,0.0,16.0,25903.0
2026-07-30T19:03:57.224Z,406.707,406.722,0.0,7.4,0.0,0.0,0.0,0.0,0.0,0.0,0.0,0.0,1.0,0.0,0.0,0.0,9.0,4.0,0.0,0.0,0.0,0.0,0.0,0.0,0.0,0.0,4.0,12.0,1.0,12.15,5.0200000000000005,2.51,1.49,0.0,0.0,0.0,361.3,0.0,0.3,0.1,0.9,-169.60000000000002,0.0,0.0,169.60000000000002,0.0,21.9,28.9,28.9,30.9,300.0,300.0,31.700000000000003,35.9,28.8,28.0,29.9,4.96,1.99,4.96,0.16,0.0,0.0,1027.0,8228.0,0.0,0.0,0.0,0.0,0.0,1.0,0.0,0.0,0.0,0.0,0.0,0.8,0.0,-0.8,0.0,0.0,16.0,25903.0
2026-07-30T19:03:57.235Z,406.718,406.734,0.0,7.4,0.0,0.0,0.0,0.0,0.0,0.0,0.0,0.0,1.0,0.0,0.0,0.0,9.0,4.0,0.0,0.0,0.0,0.0,0.0,0.0,0.0,0.0,6.0,12.0,1.0,12.15,5.0200000000000005,2.51,1.49,0.0,0.0,0.0,361.3,0.0,-0.2,-0.4,1.6,-169.60000000000002,0.0,0.0,169.60000000000002,0.0,21.9,28.9,28.9,30.9,300.0,300.0,31.700000000000003,35.9,28.8,28.0,29.9,4.96,1.99,4.97,0.16,0.0,0.0,1027.0,8228.0,0.0,0.0,0.0,0.0,0.0,1.0,0.0,0.0,0.0,0.0,0.0,0.7000000000000001,0.0,-1.4,0.0,0.0,16.0,25903.0
2026-07-30T19:03:57.247Z,406.73,406.746,0.0,7.4,0.0,0.0,0.0,0.0,0.0,0.0,0.0,0.0,1.0,0.0,0.0,0.0,9.0,4.0,0.0,0.0,0.0,0.0,0.0,0.0,0.0,0.0,1.0,12.0,1.0,12.15,5.0200000000000005,2.51,1.49,0.0,0.1,0.0,361.3,0.0,0.3,0.1,-0.7000000000000001,-169.60000000000002,0.0,0.0,169.60000000000002,0.0,21.9,28.9,28.9,30.9,300.0,300.0,31.700000000000003,35.9,28.8,28.0,29.9,4.96,1.99,4.97,0.16,0.0,0.0,1027.0,8228.0,0.0,0.0,0.0,0.0,0.0,1.0,0.0,0.0,0.0,0.0,0.0,-0.3,0.0,0.6000000000000001,0.0,0.0,16.0,25903.0
2026-07-30T19:03:57.260Z,406.743,406.758,0.0,7.4,0.0,0.0,0.0,0.0,0.0,0.0,0.0,0.0,1.0,0.0,0.0,0.0,9.0,4.0,0.0,0.0,0.0,0.0,0.0,0.0,0.0,0.0,2.0,12.0,1.0,12.17,5.01,2.51,1.49,0.0,0.0,0.0,361.4,0.0,-0.8,0.1,-0.1,-169.60000000000002,0.0,0.0,169.60000000000002,0.0,21.700000000000003,28.9,28.9,30.9,300.0,300.0,31.700000000000003,36.0,28.8,28.0,29.9,4.95,1.99,4.97,0.16,0.0,0.0,1027.0,8228.0,0.0,0.0,0.0,0.0,0.0,1.0,0.0,0.0,0.0,0.0,0.0,0.0,0.0,0.1,0.0,0.0,16.0,25903.0
2026-07-30T19:03:57.271Z,406.754,406.77,0.0,7.4,0.0,0.0,0.0,0.0,0.0,0.0,0.0,0.0,1.0,0.0,0.0,0.0,9.0,4.0,0.0,0.0,0.0,0.0,0.0,0.0,0.0,0.0,3.0,12.0,1.0,12.17,5.01,2.51,1.49,0.0,0.0,0.0,361.3,0.0,0.3,0.6000000000000001,-1.4,-169.60000000000002,0.0,0.0,169.60000000000002,0.0,21.700000000000003,28.9,28.9,30.9,300.0,300.0,31.700000000000003,36.0,28.8,28.0,29.9,4.96,1.99,4.97,0.16,0.0,0.0,1027.0,8228.0,0.0,0.0,0.0,0.0,0.0,1.0,0.0,0.0,0.0,0.0,0.0,-0.2,0.0,1.4,0.0,0.0,16.0,25903.0
2026-07-30T19:03:57.283Z,406.766,406.782,0.0,7.4,0.0,0.0,0.0,0.0,0.0,0.0,0.0,0.0,1.0,0.0,0.0,0.0,9.0,4.0,0.0,0.0,0.0,0.0,0.0,0.0,0.0,0.0,4.0,12.0,1.0,12.17,5.01,2.51,1.49,0.0,0.0,0.0,361.3,0.0,-0.2,-0.5,-0.2,-169.60000000000002,0.0,0.0,169.60000000000002,0.0,21.700000000000003,28.9,28.9,30.9,300.0,300.0,31.700000000000003,36.0,28.8,28.0,29.9,4.95,1.99,4.97,0.16,0.0,0.0,1027.0,8228.0,0.0,0.0,0.0,0.0,0.0,1.0,0.0,0.0,0.0,0.0,0.0,-0.7000000000000001,0.0,0.0,0.0,0.0,16.0,25903.0
2026-07-30T19:03:57.295Z,406.778,406.794,0.0,7.4,0.0,0.0,0.0,0.0,0.0,0.0,0.0,0.0,1.0,0.0,0.0,0.0,9.0,4.0,0.0,0.0,0.0,0.0,0.0,0.0,0.0,0.0,5.0,12.0,1.0,12.17,5.01,2.51,1.49,0.0,0.0,0.0,361.3,0.0,-0.8,1.2000000000000002,0.9,-169.60000000000002,0.0,0.0,169.70000000000002,0.0,21.700000000000003,28.9,28.9,30.9,300.0,300.0,31.700000000000003,36.0,28.8,28.0,29.9,4.95,1.99,4.97,0.16,0.0,0.0,1027.0,8228.0,0.0,0.0,0.0,0.0,0.0,1.0,0.0,0.0,0.0,0.0,0.0,2.0,0.0,-0.5,0.0,0.0,16.0,25903.0
2026-07-30T19:03:57.307Z,406.79,406.806,0.0,7.4,0.0,0.0,0.0,0.0,0.0,0.0,0.0,0.0,1.0,0.0,0.0,0.0,9.0,4.0,0.0,0.0,0.0,0.0,0.0,0.0,0.0,0.0,1.0,12.0,1.0,12.17,5.01,2.51,1.49,0.0,0.0,0.0,361.3,0.0,0.9,0.6000000000000001,-0.8,-169.60000000000002,0.0,0.0,169.60000000000002,0.0,21.700000000000003,28.9,28.9,30.9,300.0,300.0,31.700000000000003,36.0,28.8,28.0,29.9,4.96,2.0,4.97,0.16,0.0,0.0,1027.0,8228.0,0.0,0.0,0.0,0.0,0.0,1.0,0.0,0.0,0.0,0.0,0.0,0.1,0.0,0.8,0.0,0.0,16.0,25903.0
2026-07-30T19:03:57.319Z,406.802,406.818,0.0,7.4,0.0,0.0,0.0,0.0,0.0,0.0,0.0,0.0,1.0,0.0,0.0,0.0,9.0,4.0,0.0,0.0,0.0,0.0,0.0,0.0,0.0,0.0,2.0,12.0,1.0,12.17,5.01,2.51,1.49,0.0,0.0,0.0,361.3,0.0,-0.2,-0.5,0.9,-169.60000000000002,0.0,0.0,169.60000000000002,0.0,21.700000000000003,28.9,28.9,30.9,300.0,300.0,31.700000000000003,36.0,28.8,28.0,29.9,4.96,2.0,4.96,0.16,0.0,0.0,1027.0,8228.0,0.0,0.0,0.0,0.0,0.0,1.0,0.0,0.0,0.0,0.0,0.0,0.1,0.0,-0.9,0.0,0.0,16.0,25903.0
2026-07-30T19:03:57.331Z,406.814,406.83,0.0,7.4,0.0,0.0,0.0,0.0,0.0,0.0,0.0,0.0,1.0,0.0,0.0,0.0,9.0,4.0,0.0,0.0,0.0,0.0,0.0,0.0,0.0,0.0,3.0,12.0,1.0,12.17,5.01,2.51,1.49,0.0,0.1,0.0,361.4,0.0,0.3,-0.5,-0.8,-169.60000000000002,0.0,0.0,169.60000000000002,0.0,21.700000000000003,28.9,28.9,30.9,300.0,300.0,31.700000000000003,36.0,28.8,28.0,29.9,4.95,1.99,4.97,0.16,0.0,0.0,1027.0,8228.0,0.0,0.0,0.0,0.0,0.0,1.0,0.0,0.0,0.0,0.0,0.0,-1.2000000000000002,0.0,0.5,0.0,0.0,16.0,25903.0
2026-07-30T19:03:57.343Z,406.826,406.842,0.0,7.4,0.0,0.0,0.0,0.0,0.0,0.0,0.0,0.0,1.0,0.0,0.0,0.0,9.0,4.0,0.0,0.0,0.0,0.0,0.0,0.0,0.0,0.0,4.0,12.0,1.0,12.17,5.01,2.51,1.49,0.0,0.0,0.0,361.3,0.0,-0.8,-0.5,-0.7000000000000001,-169.60000000000002,0.0,0.0,169.60000000000002,0.0,21.700000000000003,28.9,28.9,30.9,300.0,300.0,31.700000000000003,36.0,28.8,28.0,29.9,4.95,1.99,4.96,0.16,0.0,0.0,1027.0,8228.0,0.0,0.0,0.0,0.0,0.0,1.0,0.0,0.0,0.0,0.0,0.0,-1.2000000000000002,0.0,0.5,0.0,0.0,16.0,25903.0
2026-07-30T19:03:57.355Z,406.838,406.854,0.0,7.4,0.0,0.0,0.0,0.0,0.0,0.0,0.0,0.0,1.0,0.0,0.0,0.0,9.0,4.0,0.0,0.0,0.0,0.0,0.0,0.0,0.0,0.0,5.0,12.0,1.0,12.17,5.01,2.51,1.49,0.0,0.0,0.0,361.3,0.0,0.3,-0.5,-1.9,-169.60000000000002,0.0,0.0,169.60000000000002,0.0,21.700000000000003,28.9,28.9,30.9,300.0,300.0,31.700000000000003,36.0,28.8,28.0,29.9,4.96,1.99,4.96,0.16,0.0,0.0,1027.0,8228.0,0.0,0.0,0.0,0.0,0.0,1.0,0.0,0.0,0.0,0.0,0.0,-2.1,0.0,1.6,0.0,0.0,16.0,25903.0
2026-07-30T19:03:57.367Z,406.85,406.866,0.0,7.4,0.0,0.0,0.0,0.0,0.0,0.0,0.0,0.0,1.0,0.0,0.0,0.0,9.0,4.0,0.0,0.0,0.0,0.0,0.0,0.0,0.0,0.0,1.0,12.0,1.0,12.15,5.01,2.5,1.49,0.0,0.0,0.0,361.4,0.0,0.3,-0.5,-0.7000000000000001,-169.60000000000002,0.0,0.0,169.60000000000002,0.0,21.700000000000003,28.9,28.9,30.9,300.0,300.0,31.6,36.0,28.8,28.0,29.9,4.95,1.99,4.97,0.16,0.0,0.0,1027.0,8228.0,0.0,0.0,0.0,0.0,0.0,1.0,0.0,0.0,0.0,0.0,0.0,-1.1,0.0,0.5,0.0,0.0,16.0,25903.0
2026-07-30T19:03:57.379Z,406.862,406.878,0.0,7.4,0.0,0.0,0.0,0.0,0.0,0.0,0.0,0.0,1.0,0.0,0.0,0.0,9.0,4.0,0.0,0.0,0.0,0.0,0.0,0.0,0.0,0.0,2.0,12.0,1.0,12.15,5.01,2.5,1.49,0.0,0.0,0.0,361.3,0.0,0.3,-1.1,-0.1,-169.60000000000002,0.0,0.0,169.60000000000002,0.0,21.700000000000003,28.9,28.9,30.9,300.0,300.0,31.6,36.0,28.8,28.0,29.9,4.96,1.99,4.96,0.16,0.0,0.0,1027.0,8228.0,0.0,0.0,0.0,0.0,0.0,1.0,0.0,0.0,0.0,0.0,0.0,-1.4,0.0,0.0,0.0,0.0,16.0,25903.0
2026-07-30T19:03:57.391Z,406.874,406.89,0.0,7.4,0.0,0.0,0.0,0.0,0.0,0.0,0.0,0.0,1.0,0.0,0.0,0.0,9.0,4.0,0.0,0.0,0.0,0.0,0.0,0.0,0.0,0.0,3.0,12.0,1.0,12.15,5.01,2.5,1.49,0.0,0.0,0.0,361.3,0.0,-0.7000000000000001,-0.5,-0.7000000000000001,-169.60000000000002,0.0,0.0,169.60000000000002,0.0,21.700000000000003,28.9,28.9,30.9,300.0,300.0,31.6,36.0,28.8,28.0,29.9,4.96,2.0,4.97,0.16,0.0,0.0,1027.0,8228.0,0.0,0.0,0.0,0.0,0.0,1.0,0.0,0.0,0.0,0.0,0.0,-1.2000000000000002,0.0,0.5,0.0,0.0,16.0,25903.0
2026-07-30T19:03:57.403Z,406.886,406.902,0.0,7.4,0.0,0.0,0.0,0.0,0.0,0.0,0.0,0.0,1.0,0.0,0.0,0.0,9.0,4.0,0.0,0.0,0.0,0.0,0.0,0.0,0.0,0.0,4.0,12.0,1.0,12.15,5.01,2.5,1.49,0.0,0.0,0.0,361.3,0.0,0.9,0.5,0.9,-169.60000000000002,0.0,0.0,169.60000000000002,0.0,21.700000000000003,28.9,28.9,30.9,300.0,300.0,31.6,36.0,28.8,28.0,29.9,4.96,1.99,4.97,0.16,0.0,0.0,1027.0,8228.0,0.0,0.0,0.0,0.0,0.0,1.0,0.0,0.0,0.0,0.0,0.0,1.3,0.0,-0.7000000000000001,0.0,0.0,16.0,25903.0
2026-07-30T19:03:57.415Z,406.898,406.914,0.0,7.4,0.0,0.0,0.0,0.0,0.0,0.0,0.0,0.0,1.0,0.0,0.0,0.0,9.0,4.0,0.0,0.0,0.0,0.0,0.0,0.0,0.0,0.0,5.0,12.0,1.0,12.15,5.01,2.5,1.49,0.0,0.1,0.0,361.3,0.0,-0.7000000000000001,-0.6000000000000001,0.9,-169.60000000000002,0.0,0.0,169.60000000000002,0.0,21.700000000000003,28.9,28.9,30.9,300.0,300.0,31.6,36.0,28.8,28.0,29.9,4.96,1.99,4.97,0.16,0.0,0.0,1027.0,8228.0,0.0,0.0,0.0,0.0,0.0,1.0,0.0,0.0,0.0,0.0,0.0,0.0,0.0,-0.9,0.0,0.0,16.0,25903.0
2026-07-30T19:03:57.427Z,406.91,406.926,0.0,7.4,0.0,0.0,0.0,0.0,0.0,0.0,0.0,0.0,1.0,0.0,0.0,0.0,9.0,4.0,0.0,0.0,0.0,0.0,0.0,0.0,0.0,0.0,6.0,12.0,1.0,12.15,5.01,2.5,1.49,0.0,0.0,0.0,361.3,0.0,0.4,-1.1,0.3,-169.60000000000002,0.0,0.0,169.70000000000002,0.0,21.700000000000003,28.9,28.9,30.9,300.0,300.0,31.6,36.0,28.8,28.0,29.9,4.95,1.99,4.96,0.16,0.0,0.0,1027.0,8228.0,0.0,0.0,0.0,0.0,0.0,1.0,0.0,0.0,0.0,0.0,0.0,-1.0,0.0,-0.5,0.0,0.0,16.0,25903.0
2026-07-30T19:03:57.440Z,406.923,406.938,0.0,7.4,0.0,0.0,0.0,0.0,0.0,0.0,0.0,0.0,1.0,0.0,0.0,0.0,9.0,4.0,0.0,0.0,0.0,0.0,0.0,0.0,0.0,0.0,1.0,12.0,1.0,12.15,5.01,2.5,1.49,0.0,0.0,0.0,361.4,0.0,0.3,0.6000000000000001,2.1,-169.60000000000002,0.0,0.0,169.60000000000002,0.0,21.700000000000003,28.9,28.9,30.9,300.0,300.0,31.6,36.0,28.8,28.0,29.9,4.95,1.99,4.97,0.16,0.0,0.0,1027.0,8228.0,0.0,0.0,0.0,0.0,0.0,1.0,0.0,0.0,0.0,0.0,0.0,2.3000000000000003,0.0,-1.7000000000000002,0.0,0.0,16.0,25903.0
2026-07-30T19:03:57.452Z,406.935,406.95,0.0,7.4,0.0,0.0,0.0,0.0,0.0,0.0,0.0,0.0,1.0,0.0,0.0,0.0,9.0,4.0,0.0,0.0,0.0,0.0,0.0,0.0,0.0,0.0,2.0,12.0,1.0,12.15,5.01,2.5,1.49,0.0,0.0,0.0,361.3,0.0,-0.7000000000000001,0.6000000000000001,-0.7000000000000001,-169.60000000000002,0.0,0.0,169.70000000000002,0.0,21.700000000000003,28.9,28.9,30.9,300.0,300.0,31.6,36.0,28.8,28.0,29.9,4.95,1.99,4.97,0.16,0.0,0.0,1027.0,8228.0,0.0,0.0,0.0,0.0,0.0,1.0,0.0,0.0,0.0,0.0,0.0,0.1,0.0,0.7000000000000001,0.0,0.0,16.0,25903.0
2026-07-30T19:03:57.464Z,406.947,406.962,0.0,7.4,0.0,0.0,0.0,0.0,0.0,0.0,0.0,0.0,1.0,0.0,0.0,0.0,9.0,4.0,0.0,0.0,0.0,0.0,0.0,0.0,0.0,0.0,3.0,12.0,1.0,12.18,5.0200000000000005,2.51,1.49,0.0,0.0,0.0,361.3,0.0,1.5,1.2000000000000002,0.4,-169.60000000000002,0.0,0.0,169.60000000000002,0.0,20.9,28.9,28.9,30.9,300.0,300.0,31.8,35.9,28.8,28.0,29.9,4.96,1.99,4.96,0.16,0.0,0.0,1027.0,8228.0,0.0,0.0,0.0,0.0,0.0,1.0,0.0,0.0,0.0,0.0,0.0,1.7000000000000002,0.0,-0.1,0.0,0.0,16.0,25903.0
2026-07-30T19:03:57.475Z,406.958,406.974,0.0,7.4,0.0,0.0,0.0,0.0,0.0,0.0,0.0,0.0,1.0,0.0,0.0,0.0,9.0,4.0,0.0,0.0,0.0,0.0,0.0,0.0,0.0,0.0,4.0,12.0,1.0,12.18,5.0200000000000005,2.51,1.49,0.0,0.0,0.0,361.4,0.0,-0.2,0.6000000000000001,-0.1,-169.60000000000002,0.0,0.0,169.70000000000002,0.0,20.9,28.9,28.9,30.9,300.0,300.0,31.8,35.9,28.8,28.0,29.9,4.96,1.99,4.97,0.16,0.0,0.0,1027.0,8228.0,0.0,0.0,0.0,0.0,0.0,1.0,0.0,0.0,0.0,0.0,0.0,0.6000000000000001,0.0,0.2,0.0,0.0,16.0,25903.0
2026-07-30T19:03:57.487Z,406.97,406.986,0.0,7.4,0.0,0.0,0.0,0.0,0.0,0.0,0.0,0.0,1.0,0.0,0.0,0.0,9.0,4.0,0.0,0.0,0.0,0.0,0.0,0.0,0.0,0.0,6.0,12.0,1.0,12.18,5.0200000000000005,2.51,1.49,0.0,0.0,0.0,361.3,0.0,0.3,1.2000000000000002,1.0,-169.60000000000002,0.0,0.0,169.70000000000002,0.0,20.9,28.9,28.9,30.9,300.0,300.0,31.8,35.9,28.8,28.0,29.9,4.96,1.99,4.97,0.16,0.0,0.0,1027.0,8228.0,0.0,0.0,0.0,0.0,0.0,1.0,0.0,0.0,0.0,0.0,0.0,2.1,0.0,-0.6000000000000001,0.0,0.0,16.0,25903.0
2026-07-30T19:03:57.500Z,406.983,406.998,0.0,7.4,0.0,0.0,0.0,0.0,0.0,0.0,0.0,0.0,1.0,0.0,0.0,0.0,9.0,4.0,0.0,0.0,0.0,0.0,0.0,0.0,0.0,0.0,1.0,12.0,1.0,12.18,5.0200000000000005,2.51,1.49,0.0,0.0,0.0,361.3,0.0,-0.8,0.6000000000000001,0.4,-169.60000000000002,0.0,0.0,169.60000000000002,0.0,20.9,28.9,28.9,30.9,300.0,300.0,31.8,35.9,28.8,28.0,29.9,4.95,1.99,4.97,0.16,0.0,0.0,1027.0,8228.0,0.0,0.0,0.0,0.0,0.0,1.0,0.0,0.0,0.0,0.0,0.0,1.0,0.0,-0.2,0.0,0.0,16.0,25903.0
2026-07-30T19:03:57.511Z,406.994,407.01,0.0,7.4,0.0,0.0,0.0,0.0,0.0,0.0,0.0,0.0,1.0,0.0,0.0,0.0,9.0,4.0,0.0,0.0,0.0,0.0,0.0,0.0,0.0,0.0,2.0,12.0,1.0,12.18,5.0200000000000005,2.51,1.49,0.0,0.0,0.0,361.4,0.0,0.9,-1.1,-0.7000000000000001,-169.60000000000002,0.0,0.0,169.70000000000002,0.0,20.9,28.9,28.9,30.9,300.0,300.0,31.8,35.9,28.8,28.0,29.9,4.96,1.99,4.96,0.16,0.0,0.0,1027.0,8228.0,0.0,0.0,0.0,0.0,0.0,1.0,0.0,0.0,0.0,0.0,0.0,-1.9,0.0,0.4,0.0,0.0,16.0,25903.0
2026-07-30T19:03:57.523Z,407.006,407.022,0.0,7.4,0.0,0.0,0.0,0.0,0.0,0.0,0.0,0.0,1.0,0.0,0.0,0.0,9.0,4.0,0.0,0.0,0.0,0.0,0.0,0.0,0.0,0.0,4.0,12.0,1.0,12.18,5.0200000000000005,2.51,1.49,0.0,0.0,0.0,361.3,0.0,0.3,0.0,0.3,-169.60000000000002,0.0,0.0,169.8,0.0,20.9,28.9,28.9,30.9,300.0,300.0,31.8,35.9,28.8,28.0,29.9,4.95,1.99,4.97,0.16,0.0,0.0,1027.0,8228.0,0.0,0.0,0.0,0.0,0.0,1.0,0.0,0.0,0.0,0.0,0.0,0.3,0.0,-0.3,0.0,0.0,16.0,25903.0
2026-07-30T19:03:57.535Z,407.018,407.034,0.0,7.4,0.0,0.0,0.0,0.0,0.0,0.0,0.0,0.0,1.0,0.0,0.0,0.0,9.0,4.0,0.0,0.0,0.0,0.0,0.0,0.0,0.0,0.0,5.0,12.0,1.0,12.18,5.0200000000000005,2.51,1.49,0.0,0.0,0.0,361.3,0.0,-0.2,1.2000000000000002,0.3,-169.60000000000002,0.0,0.0,169.70000000000002,0.0,20.9,28.9,28.9,30.9,300.0,300.0,31.8,35.9,28.8,28.0,29.9,4.95,1.99,4.96,0.16,0.0,0.0,1027.0,8228.0,0.0,0.0,0.0,0.0,0.0,1.0,0.0,0.0,0.0,0.0,0.0,1.6,0.0,0.0,0.0,0.0,16.0,25903.0
2026-07-30T19:03:57.547Z,407.03,407.046,0.0,7.4,0.0,0.0,0.0,0.0,0.0,0.0,0.0,0.0,1.0,0.0,0.0,0.0,9.0,4.0,0.0,0.0,0.0,0.0,0.0,0.0,0.0,0.0,6.0,12.0,1.0,12.18,5.0200000000000005,2.51,1.49,0.0,0.0,0.0,361.3,0.0,0.3,0.0,-0.2,-169.60000000000002,0.0,0.0,169.70000000000002,0.0,20.9,28.9,28.9,30.9,300.0,300.0,31.8,35.9,28.8,28.0,29.9,4.96,1.99,4.96,0.16,0.0,0.0,1027.0,8228.0,0.0,0.0,0.0,0.0,0.0,1.0,0.0,0.0,0.0,0.0,0.0,0.5,0.0,-1.4,0.0,0.0,16.0,25903.0
2026-07-30T19:03:57.559Z,407.042,407.058,0.0,7.4,0.0,0.0,0.0,0.0,0.0,0.0,0.0,0.0,1.0,0.0,0.0,0.0,9.0,4.0,0.0,0.0,0.0,0.0,0.0,0.0,0.0,0.0,1.0,12.0,1.0,12.18,5.0200000000000005,2.51,1.49,0.0,0.0,0.0,361.3,0.0,-0.2,-1.1,-0.2,-169.60000000000002,0.0,0.0,169.8,0.0,20.9,28.9,28.9,30.9,300.0,300.0,31.8,35.9,28.8,28.0,29.9,4.96,1.99,4.97,0.16,0.0,0.0,1027.0,8228.0,0.0,0.0,0.0,0.0,0.0,1.0,0.0,0.0,0.0,0.0,0.0,-1.4,0.0,0.0,0.0,0.0,16.0,25903.0
2026-07-30T19:03:57.572Z,407.055,407.07,0.0,7.4,0.0,0.0,0.0,0.0,0.0,0.0,0.0,0.0,1.0,0.0,0.0,0.0,9.0,4.0,0.0,0.0,0.0,0.0,0.0,0.0,0.0,0.0,3.0,12.0,1.0,12.17,5.01,2.51,1.5,0.0,0.0,0.0,361.3,0.0,0.8,-1.1,-0.8,-169.60000000000002,0.0,0.0,169.8,0.0,21.200000000000003,28.9,28.9,30.9,300.0,300.0,31.8,35.9,28.8,28.0,29.9,4.96,1.99,4.96,0.16,0.0,0.0,1027.0,8228.0,0.0,0.0,0.0,0.0,0.0,1.0,0.0,0.0,0.0,0.0,0.0,-1.8,0.0,0.5,0.0,0.0,16.0,25903.0
2026-07-30T19:03:57.583Z,407.066,407.082,0.0,7.4,0.0,0.0,0.0,0.0,0.0,0.0,0.0,0.0,1.0,0.0,0.0,0.0,9.0,4.0,0.0,0.0,0.0,0.0,0.0,0.0,0.0,0.0,4.0,12.0,1.0,12.17,5.01,2.51,1.5,0.0,0.0,0.0,361.4,0.0,0.2,-0.4,-1.3,-169.60000000000002,0.0,0.0,169.8,0.0,21.200000000000003,28.9,28.9,30.9,300.0,300.0,31.8,35.9,28.8,28.0,29.9,4.96,1.99,4.96,0.16,0.0,0.0,1027.0,8228.0,0.0,0.0,0.0,0.0,0.0,1.0,0.0,0.0,0.0,0.0,0.0,-1.5,0.0,1.1,0.0,0.0,16.0,25903.0
2026-07-30T19:03:57.596Z,407.079,407.094,0.0,7.4,0.0,0.0,0.0,0.0,0.0,0.0,0.0,0.0,1.0,0.0,0.0,0.0,9.0,4.0,0.0,0.0,0.0,0.0,0.0,0.0,0.0,0.0,5.0,12.0,1.0,12.17,5.01,2.51,1.5,0.0,0.0,0.0,361.3,0.0,-0.8,-0.4,0.3,-169.60000000000002,0.0,0.0,169.70000000000002,0.0,21.200000000000003,28.9,28.9,30.9,300.0,300.0,31.8,35.9,28.8,28.0,29.9,4.96,1.99,4.96,0.16,0.0,0.0,1027.0,8228.0,0.0,0.0,0.0,0.0,0.0,1.0,0.0,0.0,0.0,0.0,0.0,0.4,0.0,-0.3,0.0,0.0,16.0,25903.0
2026-07-30T19:03:57.608Z,407.091,407.106,0.0,7.4,0.0,0.0,0.0,0.0,0.0,0.0,0.0,0.0,1.0,0.0,0.0,0.0,9.0,4.0,0.0,0.0,0.0,0.0,0.0,0.0,0.0,0.0,6.0,12.0,1.0,12.17,5.01,2.51,1.5,0.0,0.0,0.0,361.3,0.0,0.2,0.7000000000000001,-0.1,-169.60000000000002,0.0,0.0,169.70000000000002,0.0,21.200000000000003,28.9,28.9,30.9,300.0,300.0,31.8,35.9,28.8,28.0,29.9,4.95,1.99,4.97,0.16,0.0,0.0,1027.0,8228.0,0.0,0.0,0.0,0.0,0.0,1.0,0.0,0.0,0.0,0.0,0.0,1.8,0.0,-1.8,0.0,0.0,16.0,25903.0
2026-07-30T19:03:57.619Z,407.102,407.118,0.0,7.4,0.0,0.0,0.0,0.0,0.0,0.0,0.0,0.0,1.0,0.0,0.0,0.0,9.0,4.0,0.0,0.0,0.0,0.0,0.0,0.0,0.0,0.0,1.0,12.0,1.0,12.17,5.01,2.51,1.5,0.0,0.0,0.0,361.4,0.0,0.2,-0.3,2.1,-169.60000000000002,0.0,0.0,169.8,0.0,21.200000000000003,28.9,28.9,30.9,300.0,300.0,31.8,35.9,28.8,28.0,29.9,4.96,1.99,4.96,0.16,0.0,0.0,1027.0,8228.0,0.0,0.0,0.0,0.0,0.0,1.0,0.0,0.0,0.0,0.0,0.0,-0.5,0.0,0.0,0.0,0.0,16.0,25903.0
2026-07-30T19:03:57.631Z,407.114,407.13,0.0,7.4,0.0,0.0,0.0,0.0,0.0,0.0,0.0,0.0,1.0,0.0,0.0,0.0,9.0,4.0,0.0,0.0,0.0,0.0,0.0,0.0,0.0,0.0,3.0,12.0,1.0,12.17,5.01,2.51,1.5,0.0,0.0,0.0,361.3,0.0,0.2,0.1,0.3,-169.70000000000002,0.0,0.0,169.70000000000002,0.0,21.200000000000003,28.9,28.9,30.9,300.0,300.0,31.8,35.9,28.8,28.0,29.9,4.96,1.99,4.96,0.16,0.0,0.0,1027.0,8228.0,0.0,0.0,0.0,0.0,0.0,1.0,0.0,0.0,0.0,0.0,0.0,0.4,0.0,-0.2,0.0,0.0,16.0,25903.0
2026-07-30T19:03:57.644Z,407.127,407.142,0.0,7.4,0.0,0.0,0.0,0.0,0.0,0.0,0.0,0.0,1.0,0.0,0.0,0.0,9.0,4.0,0.0,0.0,0.0,0.0,0.0,0.0,0.0,0.0,4.0,12.0,1.0,12.17,5.01,2.51,1.5,0.0,0.0,0.0,361.4,0.0,-0.3,0.1,-0.8,-169.60000000000002,0.0,0.0,169.70000000000002,0.0,21.200000000000003,28.9,28.9,30.9,300.0,300.0,31.8,35.9,28.8,28.0,29.9,4.95,1.99,4.96,0.16,0.0,0.0,1027.0,8228.0,0.0,0.0,0.0,0.0,0.0,1.0,0.0,0.0,0.0,0.0,0.0,-0.4,0.0,0.7000000000000001,0.0,0.0,16.0,25903.0
2026-07-30T19:03:57.655Z,407.138,407.154,0.0,7.4,0.0,0.0,0.0,0.0,0.0,0.0,0.0,0.0,1.0,0.0,0.0,0.0,9.0,4.0,0.0,0.0,0.0,0.0,0.0,0.0,0.0,0.0,5.0,12.0,1.0,12.17,5.01,2.51,1.5,0.0,0.0,0.0,361.3,0.0,-0.9,0.1,0.3,-169.60000000000002,0.0,0.0,169.70000000000002,0.0,21.200000000000003,28.9,28.9,30.9,300.0,300.0,31.8,35.9,28.8,28.0,29.9,4.96,1.99,4.97,0.17,0.0,0.0,1027.0,8228.0,0.0,0.0,0.0,0.0,0.0,1.0,0.0,0.0,0.0,0.0,0.0,0.4,0.0,-0.2,0.0,0.0,16.0,25903.0
2026-07-30T19:03:57.668Z,407.151,407.166,0.0,7.4,0.0,0.0,0.0,0.0,0.0,0.0,0.0,0.0,1.0,0.0,0.0,0.0,9.0,4.0,0.0,0.0,0.0,0.0,0.0,0.0,0.0,0.0,6.0,12.0,1.0,12.18,5.01,2.51,1.49,0.0,0.0,0.0,361.4,0.0,0.2,0.1,-0.2,-169.60000000000002,0.0,0.0,169.60000000000002,0.0,21.700000000000003,28.9,28.9,30.9,300.0,300.0,31.8,35.9,28.8,28.0,29.9,4.96,1.99,4.96,0.17,0.0,0.0,1027.0,8228.0,0.0,0.0,0.0,0.0,0.0,1.0,0.0,0.0,0.0,0.0,0.0,0.0,0.0,0.2,0.0,0.0,16.0,25903.0
2026-07-30T19:03:57.680Z,407.163,407.178,0.0,7.4,0.0,0.0,0.0,0.0,0.0,0.0,0.0,0.0,1.0,0.0,0.0,0.0,9.0,4.0,0.0,0.0,0.0,0.0,0.0,0.0,0.0,0.0,1.0,12.0,1.0,12.18,5.01,2.51,1.49,0.0,0.0,0.0,361.4,0.0,0.2,1.2000000000000002,-0.7000000000000001,-169.60000000000002,0.0,0.0,169.70000000000002,0.0,21.700000000000003,28.9,28.9,30.9,300.0,300.0,31.8,35.9,28.8,28.0,29.9,4.96,1.99,4.97,0.16,0.0,0.0,1027.0,8228.0,0.0,0.0,0.0,0.0,0.0,1.0,0.0,0.0,0.0,0.0,0.0,0.8,0.0,0.9,0.0,0.0,16.0,25903.0
2026-07-30T19:03:57.692Z,407.175,407.19,0.0,7.4,0.0,0.0,0.0,0.0,0.0,0.0,0.0,0.0,1.0,0.0,0.0,0.0,9.0,4.0,0.0,0.0,0.0,0.0,0.0,0.0,0.0,0.0,3.0,12.0,1.0,12.18,5.01,2.51,1.49,0.0,0.0,0.0,361.3,0.0,-0.3,-0.4,-0.8,-169.60000000000002,0.0,0.0,169.60000000000002,0.0,21.700000000000003,28.9,28.9,30.9,300.0,300.0,31.8,35.9,28.8,28.0,29.9,4.95,1.99,4.97,0.16,0.0,0.0,1027.0,8228.0,0.0,0.0,0.0,0.0,0.0,1.0,0.0,0.0,0.0,0.0,0.0,-1.0,0.0,0.6000000000000001,0.0,0.0,16.0,25903.0
2026-07-30T19:03:57.703Z,407.186,407.202,0.0,7.4,0.0,0.0,0.0,0.0,0.0,0.0,0.0,0.0,1.0,0.0,0.0,0.0,9.0,4.0,0.0,0.0,0.0,0.0,0.0,0.0,0.0,0.0,4.0,12.0,1.0,12.18,5.01,2.51,1.49,0.0,0.0,0.0,361.3,0.0,-0.9,0.7000000000000001,-0.8,-169.60000000000002,0.0,0.0,169.60000000000002,0.0,21.700000000000003,28.9,28.9,30.9,300.0,300.0,31.8,35.9,28.8,28.0,29.9,4.96,1.99,4.96,0.16,0.0,0.0,1027.0,8228.0,0.0,0.0,0.0,0.0,0.0,1.0,0.0,0.0,0.0,0.0,0.0,0.2,0.0,0.8,0.0,0.0,16.0,25903.0
2026-07-30T19:03:57.715Z,407.198,407.214,0.0,7.4,0.0,0.0,0.0,0.0,0.0,0.0,0.0,0.0,1.0,0.0,0.0,0.0,9.0,4.0,0.0,0.0,0.0,0.0,0.0,0.0,0.0,0.0,5.0,12.0,1.0,12.18,5.01,2.51,1.49,0.0,0.0,0.0,361.3,0.0,-0.9,-1.0,-0.2,-169.60000000000002,0.0,0.0,169.70000000000002,0.0,21.700000000000003,28.9,28.9,30.9,300.0,300.0,31.8,35.9,28.8,28.0,29.9,4.95,2.0,4.97,0.16,0.0,0.0,1027.0,8228.0,0.0,0.0,0.0,0.0,0.0,1.0,0.0,0.0,0.0,0.0,0.0,-1.3,0.0,0.0,0.0,0.0,16.0,25903.0
2026-07-30T19:03:57.727Z,407.21,407.226,0.0,7.4,0.0,0.0,0.0,0.0,0.0,0.0,0.0,0.0,1.0,0.0,0.0,0.0,9.0,4.0,0.0,0.0,0.0,0.0,0.0,0.0,0.0,0.0,1.0,12.0,1.0,12.18,5.01,2.51,1.49,0.0,0.0,0.0,361.4,0.0,-0.3,1.3,0.3,-169.60000000000002,0.0,0.0,169.8,0.0,21.700000000000003,28.9,28.9,30.9,300.0,300.0,31.8,35.9,28.8,28.0,29.9,4.95,1.99,4.97,0.16,0.0,0.0,1027.0,8228.0,0.0,0.0,0.0,0.0,0.0,1.0,0.0,0.0,0.0,0.0,0.0,1.7000000000000002,0.0,0.0,0.0,0.0,16.0,25903.0
2026-07-30T19:03:57.740Z,407.223,407.238,0.0,7.4,0.0,0.0,0.0,0.0,0.0,0.0,0.0,0.0,1.0,0.0,0.0,0.0,9.0,4.0,0.0,0.0,0.0,0.0,0.0,0.0,0.0,0.0,2.0,12.0,1.0,12.18,5.01,2.51,1.49,0.0,0.0,0.0,361.3,0.0,0.2,-0.4,-0.8,-169.60000000000002,0.0,0.0,169.60000000000002,0.0,21.700000000000003,28.9,28.9,30.9,300.0,300.0,31.8,35.9,28.8,28.0,29.9,4.96,1.99,4.97,0.16,0.0,0.0,1027.0,8228.0,0.0,0.0,0.0,0.0,0.0,1.0,0.0,0.0,0.0,0.0,0.0,-1.1,0.0,0.6000000000000001,0.0,0.0,16.0,25903.0
2026-07-30T19:03:57.752Z,407.235,407.25,0.0,7.4,0.0,0.0,0.0,0.0,0.0,0.0,0.0,0.0,1.0,0.0,0.0,0.0,9.0,4.0,0.0,0.0,0.0,0.0,0.0,0.0,0.0,0.0,3.0,12.0,1.0,12.18,5.01,2.51,1.49,0.0,0.0,0.0,361.3,0.0,-0.3,0.7000000000000001,0.2,-169.60000000000002,0.0,0.0,169.60000000000002,0.0,21.700000000000003,28.9,28.9,30.9,300.0,300.0,31.8,35.9,28.8,28.0,29.9,4.96,1.99,4.96,0.16,0.0,0.0,1027.0,8228.0,0.0,0.0,0.0,0.0,0.0,1.0,0.0,0.0,0.0,0.0,0.0,1.1,0.0,0.0,0.0,0.0,16.0,25903.0
2026-07-30T19:03:57.764Z,407.247,407.262,0.0,7.4,0.0,0.0,0.0,0.0,0.0,0.0,0.0,0.0,1.0,0.0,0.0,0.0,9.0,4.0,0.0,0.0,0.0,0.0,0.0,0.0,0.0,0.0,4.0,12.0,1.0,12.18,5.01,2.51,1.49,0.0,0.0,0.0,361.3,0.0,0.2,-0.4,-0.2,-169.60000000000002,0.0,0.0,169.70000000000002,0.0,21.700000000000003,28.9,28.9,30.9,300.0,300.0,31.8,35.9,28.8,28.0,29.9,4.95,1.99,4.97,0.16,0.0,0.0,1027.0,8228.0,0.0,0.0,0.0,0.0,0.0,1.0,0.0,0.0,0.0,0.0,0.0,-0.6000000000000001,0.0,0.1,0.0,0.0,16.0,25903.0
2026-07-30T19:03:57.775Z,407.258,407.274,0.0,7.4,0.0,0.0,0.0,0.0,0.0,0.0,0.0,0.0,1.0,0.0,0.0,0.0,9.0,4.0,0.0,0.0,0.0,0.0,0.0,0.0,0.0,0.0,5.0,12.0,1.0,12.18,5.01,2.5,1.5,0.0,0.1,0.0,361.3,0.0,0.2,0.1,1.4,-169.60000000000002,0.0,0.0,169.70000000000002,0.0,20.9,28.9,28.9,30.9,300.0,300.0,31.700000000000003,35.9,28.8,28.1,29.9,4.95,1.99,4.96,0.16,0.0,0.0,1027.0,8228.0,0.0,0.0,0.0,0.0,0.0,1.0,0.0,0.0,0.0,0.0,0.0,1.2000000000000002,0.0,-1.2000000000000002,0.0,0.0,16.0,25903.0
2026-07-30T19:03:57.787Z,407.27,407.286,0.0,7.4,0.0,0.0,0.0,0.0,0.0,0.0,0.0,0.0,1.0,0.0,0.0,0.0,9.0,4.0,0.0,0.0,0.0,0.0,0.0,0.0,0.0,0.0,1.0,12.0,1.0,12.18,5.01,2.5,1.5,0.0,0.0,0.0,361.3,0.0,0.9,0.7000000000000001,-0.2,-169.60000000000002,0.0,0.0,169.60000000000002,0.0,20.9,28.9,28.9,30.9,300.0,300.0,31.700000000000003,35.9,28.8,28.1,29.9,4.96,2.0,4.96,0.16,0.0,0.0,1027.0,8228.0,0.0,0.0,0.0,0.0,0.0,1.0,0.0,0.0,0.0,0.0,0.0,0.6000000000000001,0.0,0.3,0.0,0.0,16.0,25903.0
2026-07-30T19:03:57.799Z,407.282,407.298,0.0,7.4,0.0,0.0,0.0,0.0,0.0,0.0,0.0,0.0,1.0,0.0,0.0,0.0,9.0,4.0,0.0,0.0,0.0,0.0,0.0,0.0,0.0,0.0,3.0,12.0,1.0,12.18,5.01,2.5,1.5,0.0,0.0,0.0,361.4,0.0,-0.8,0.1,-0.2,-169.60000000000002,0.0,0.0,169.70000000000002,0.0,20.9,28.9,28.9,30.9,300.0,300.0,31.700000000000003,35.9,28.8,28.1,29.9,4.95,2.0,4.97,0.16,0.0,0.0,1027.0,8228.0,0.0,0.0,0.0,0.0,0.0,1.0,0.0,0.0,0.0,0.0,0.0,0.0,0.0,0.2,0.0,0.0,16.0,25903.0
2026-07-30T19:03:57.811Z,407.294,407.31,0.0,7.4,0.0,0.0,0.0,0.0,0.0,0.0,0.0,0.0,1.0,0.0,0.0,0.0,9.0,4.0,0.0,0.0,0.0,0.0,0.0,0.0,0.0,0.0,4.0,12.0,1.0,12.18,5.01,2.5,1.5,0.0,0.0,0.0,361.3,0.0,-1.4,-0.9,-0.2,-169.60000000000002,0.0,0.0,169.70000000000002,0.0,20.9,28.9,28.9,30.9,300.0,300.0,31.700000000000003,35.9,28.8,28.1,29.9,4.95,1.99,4.97,0.16,0.0,0.0,1027.0,8228.0,0.0,0.0,0.0,0.0,0.0,1.0,0.0,0.0,0.0,0.0,0.0,-1.2000000000000002,0.0,0.0,0.0,0.0,16.0,25903.0
2026-07-30T19:03:57.823Z,407.306,407.322,0.0,7.4,0.0,0.0,0.0,0.0,0.0,0.0,0.0,0.0,1.0,0.0,0.0,0.0,9.0,4.0,0.0,0.0,0.0,0.0,0.0,0.0,0.0,0.0,5.0,12.0,1.0,12.18,5.01,2.5,1.5,0.0,0.1,0.0,361.3,0.0,-0.2,0.7000000000000001,-0.2,-169.60000000000002,0.0,0.0,169.70000000000002,0.0,20.9,28.9,28.9,30.9,300.0,300.0,31.700000000000003,35.9,28.8,28.1,29.9,4.95,2.0,4.96,0.16,0.0,0.0,1027.0,8228.0,0.0,0.0,0.0,0.0,0.0,1.0,0.0,0.0,0.0,0.0,0.0,0.6000000000000001,0.0,0.3,0.0,0.0,16.0,25903.0
2026-07-30T19:03:57.835Z,407.318,407.334,0.0,7.4,0.0,0.0,0.0,0.0,0.0,0.0,0.0,0.0,1.0,0.0,0.0,0.0,9.0,4.0,0.0,0.0,0.0,0.0,0.0,0.0,0.0,0.0,6.0,12.0,1.0,12.18,5.01,2.5,1.5,-0.1,0.0,0.0,361.4,0.0,0.3,0.1,-0.2,-169.60000000000002,0.0,0.0,169.70000000000002,0.0,20.9,28.9,28.9,30.9,300.0,300.0,31.700000000000003,35.9,28.8,28.1,29.9,4.96,2.0,4.96,0.16,0.0,0.0,1027.0,8228.0,0.0,0.0,0.0,0.0,0.0,1.0,0.0,0.0,0.0,0.0,0.0,0.0,0.0,0.2,0.0,0.0,16.0,25903.0
2026-07-30T19:03:57.847Z,407.33,407.346,0.0,7.4,0.0,0.0,0.0,0.0,0.0,0.0,0.0,0.0,1.0,0.0,0.0,0.0,9.0,4.0,0.0,0.0,0.0,0.0,0.0,0.0,0.0,0.0,1.0,12.0,1.0,12.18,5.01,2.5,1.5,0.0,0.0,0.0,361.3,0.0,0.3,0.0,-0.2,-169.60000000000002,0.0,0.0,169.70000000000002,0.0,20.9,28.9,28.9,30.9,300.0,300.0,31.700000000000003,35.9,28.8,28.1,29.9,4.95,2.0,4.96,0.16,0.0,0.0,1027.0,8228.0,0.0,0.0,0.0,0.0,0.0,1.0,0.0,0.0,0.0,0.0,0.0,0.0,0.0,0.2,0.0,0.0,16.0,25903.0
2026-07-30T19:03:57.859Z,407.342,407.358,0.0,7.4,0.0,0.0,0.0,0.0,0.0,0.0,0.0,0.0,1.0,0.0,0.0,0.0,9.0,4.0,0.0,0.0,0.0,0.0,0.0,0.0,0.0,0.0,2.0,12.0,1.0,12.18,5.01,2.5,1.5,0.0,0.0,0.0,361.3,0.0,-0.8,-1.0,0.9,-169.60000000000002,0.0,0.0,169.8,0.0,20.9,28.9,28.9,30.9,300.0,300.0,31.700000000000003,35.9,28.8,28.1,29.9,4.96,1.99,4.96,0.16,0.0,0.0,1027.0,8228.0,0.0,0.0,0.0,0.0,0.0,1.0,0.0,0.0,0.0,0.0,0.0,-0.4,0.0,-1.0,0.0,0.0,16.0,25903.0
2026-07-30T19:03:57.872Z,407.355,407.37,0.0,7.4,0.0,0.0,0.0,0.0,0.0,0.0,0.0,0.0,1.0,0.0,0.0,0.0,9.0,4.0,0.0,0.0,0.0,0.0,0.0,0.0,0.0,0.0,3.0,12.0,1.0,12.17,5.0200000000000005,2.51,1.49,0.0,0.0,0.0,361.3,0.0,-0.8,0.6000000000000001,-0.2,-169.60000000000002,0.0,0.0,169.70000000000002,0.0,21.700000000000003,28.9,28.9,30.9,300.0,300.0,31.8,35.9,28.8,28.1,29.9,4.96,1.99,4.96,0.16,0.0,0.0,1027.0,8228.0,0.0,0.0,0.0,0.0,0.0,1.0,0.0,0.0,0.0,0.0,0.0,0.5,0.0,0.3,0.0,0.0,16.0,25903.0
2026-07-30T19:03:57.883Z,407.366,407.382,0.0,7.4,0.0,0.0,0.0,0.0,0.0,0.0,0.0,0.0,1.0,0.0,0.0,0.0,9.0,4.0,0.0,0.0,0.0,0.0,0.0,0.0,0.0,0.0,5.0,12.0,1.0,12.17,5.0200000000000005,2.51,1.49,0.0,0.0,0.0,361.3,0.0,-0.2,-0.5,-1.4,-169.70000000000002,0.0,0.0,169.8,0.0,21.700000000000003,28.9,28.9,30.9,300.0,300.0,31.8,35.9,28.8,28.1,29.9,4.95,1.99,4.96,0.16,0.0,0.0,1027.0,8228.0,0.0,0.0,0.0,0.0,0.0,1.0,0.0,0.0,0.0,0.0,0.0,-1.6,0.0,1.1,0.0,0.0,16.0,25903.0
2026-07-30T19:03:57.895Z,407.378,407.394,0.0,7.4,0.0,0.0,0.0,0.0,0.0,0.0,0.0,0.0,1.0,0.0,0.0,0.0,9.0,4.0,0.0,0.0,0.0,0.0,0.0,0.0,0.0,0.0,6.0,12.0,1.0,12.17,5.0200000000000005,2.51,1.49,0.0,0.0,0.0,361.4,0.0,-0.8,-1.6,-2.0,-169.70000000000002,0.0,0.0,169.70000000000002,0.0,21.700000000000003,28.9,28.9,30.9,300.0,300.0,31.8,35.9,28.8,28.1,29.9,4.95,1.99,4.97,0.16,0.0,0.0,1027.0,8228.0,0.0,0.0,0.0,0.0,0.0,1.0,0.0,0.0,0.0,0.0,0.0,-3.4000000000000004,0.0,1.4,0.0,0.0,16.0,25903.0
2026-07-30T19:03:57.907Z,407.39,407.406,0.0,7.4,0.0,0.0,0.0,0.0,0.0,0.0,0.0,0.0,1.0,0.0,0.0,0.0,9.0,4.0,0.0,0.0,0.0,0.0,0.0,0.0,0.0,0.0,1.0,12.0,1.0,12.17,5.0200000000000005,2.51,1.49,0.0,0.0,0.0,361.4,0.0,-0.8,0.6000000000000001,0.9,-169.70000000000002,0.0,0.0,169.70000000000002,0.0,21.700000000000003,28.9,28.9,30.9,300.0,300.0,31.8,35.9,28.8,28.1,29.9,4.96,2.0,4.96,0.16,0.0,0.0,1027.0,8228.0,0.0,0.0,0.0,0.0,0.0,1.0,0.0,0.0,0.0,0.0,0.0,1.4,0.0,-0.6000000000000001,0.0,0.0,16.0,25903.0
2026-07-30T19:03:57.919Z,407.402,407.418,0.0,7.4,0.0,0.0,0.0,0.0,0.0,0.0,0.0,0.0,1.0,0.0,0.0,0.0,9.0,4.0,0.0,0.0,0.0,0.0,0.0,0.0,0.0,0.0,2.0,12.0,1.0,12.17,5.0200000000000005,2.51,1.49,0.0,0.0,0.0,361.4,0.0,0.3,0.0,1.5,-169.70000000000002,0.0,0.0,169.70000000000002,0.0,21.700000000000003,28.9,28.9,30.9,300.0,300.0,31.8,35.9,28.8,28.1,29.9,4.96,2.0,4.97,0.15,0.0,0.0,1027.0,8228.0,0.0,0.0,0.0,0.0,0.0,1.0,0.0,0.0,0.0,0.0,0.0,1.2000000000000002,0.0,-1.3,0.0,0.0,16.0,25903.0
2026-07-30T19:03:57.931Z,407.414,407.43,0.0,7.4,0.0,0.0,0.0,0.0,0.0,0.0,0.0,0.0,1.0,0.0,0.0,0.0,9.0,4.0,0.0,0.0,0.0,0.0,0.0,0.0,0.0,0.0,3.0,12.0,1.0,12.17,5.0200000000000005,2.51,1.49,0.0,0.0,0.0,361.3,0.0,-0.8,-0.5,-0.2,-169.70000000000002,0.0,0.0,169.70000000000002,0.0,21.700000000000003,28.9,28.9,30.9,300.0,300.0,31.8,35.9,28.8,28.1,29.9,4.95,1.99,4.97,0.16,0.0,0.0,1027.0,8228.0,0.0,0.0,0.0,0.0,0.0,1.0,0.0,0.0,0.0,0.0,0.0,-0.7000000000000001,0.0,0.1,0.0,0.0,16.0,25903.0
2026-07-30T19:03:57.943Z,407.426,407.442,0.0,7.4,0.0,0.0,0.0,0.0,0.0,0.0,0.0,0.0,1.0,0.0,0.0,0.0,9.0,4.0,0.0,0.0,0.0,0.0,0.0,0.0,0.0,0.0,4.0,12.0,1.0,12.17,5.0200000000000005,2.51,1.49,0.0,0.0,0.0,361.3,0.0,-0.2,0.6000000000000001,-0.8,-169.70000000000002,0.0,0.0,169.60000000000002,0.0,21.700000000000003,28.9,28.9,30.9,300.0,300.0,31.8,35.9,28.8,28.1,29.9,4.96,1.99,4.96,0.16,0.0,0.0,1027.0,8228.0,0.0,0.0,0.0,0.0,0.0,1.0,0.0,0.0,0.0,0.0,0.0,0.1,0.0,0.8,0.0,0.0,16.0,25903.0
2026-07-30T19:03:57.955Z,407.438,407.454,0.0,7.4,0.0,0.0,0.0,0.0,0.0,0.0,0.0,0.0,1.0,0.0,0.0,0.0,9.0,4.0,0.0,0.0,0.0,0.0,0.0,0.0,0.0,0.0,5.0,12.0,1.0,12.17,5.0200000000000005,2.51,1.49,0.0,0.0,0.0,361.4,0.0,0.2,0.1,-0.8,-169.70000000000002,0.0,0.0,169.70000000000002,0.0,21.700000000000003,28.9,28.9,30.9,300.0,300.0,31.8,35.9,28.8,28.1,29.9,4.96,1.99,4.97,0.16,0.0,0.0,1027.0,8228.0,0.0,0.0,0.0,0.0,0.0,1.0,0.0,0.0,0.0,0.0,0.0,-0.4,0.0,0.7000000000000001,0.0,0.0,16.0,25903.0
2026-07-30T19:03:57.968Z,407.451,407.466,0.0,7.4,0.0,0.0,0.0,0.0,0.0,0.0,0.0,0.0,1.0,0.0,0.0,0.0,9.0,4.0,0.0,0.0,0.0,0.0,0.0,0.0,0.0,0.0,6.0,12.0,1.0,12.17,5.0200000000000005,2.51,1.49,0.0,0.0,0.0,361.4,0.0,0.3,-0.4,0.9,-169.70000000000002,0.0,0.0,169.60000000000002,0.0,21.700000000000003,28.9,28.9,30.9,300.0,300.0,31.8,35.9,28.8,28.1,29.9,4.96,1.99,4.97,0.16,0.0,0.0,1027.0,8228.0,0.0,0.0,0.0,0.0,0.0,1.0,0.0,0.0,0.0,0.0,0.0,0.1,0.0,-0.9,0.0,0.0,16.0,25903.0
2026-07-30T19:03:57.980Z,407.463,407.478,0.0,7.4,0.0,0.0,0.0,0.0,0.0,0.0,0.0,0.0,1.0,0.0,0.0,0.0,9.0,4.0,0.0,0.0,0.0,0.0,0.0,0.0,0.0,0.0,1.0,12.0,1.0,12.17,5.01,2.51,1.5,0.0,0.0,0.0,361.3,0.0,-0.2,0.7000000000000001,0.9,-169.60000000000002,0.0,0.0,169.70000000000002,0.0,21.3,28.9,28.9,30.9,300.0,300.0,31.8,35.9,28.9,28.1,29.9,4.95,1.99,4.97,0.16,0.0,0.0,1027.0,8228.0,0.0,0.0,0.0,0.0,0.0,1.0,0.0,0.0,0.0,0.0,0.0,1.5,0.0,-0.6000000000000001,0.0,0.0,16.0,25903.0
2026-07-30T19:03:57.992Z,407.475,407.49,0.0,7.4,0.0,0.0,0.0,0.0,0.0,0.0,0.0,0.0,1.0,0.0,0.0,0.0,9.0,4.0,0.0,0.0,0.0,0.0,0.0,0.0,0.0,0.0,2.0,12.0,1.0,12.17,5.01,2.51,1.5,0.0,0.0,0.0,361.3,0.0,0.3,0.1,0.3,-169.70000000000002,0.0,0.0,169.70000000000002,0.0,21.3,28.9,28.9,30.9,300.0,300.0,31.8,35.9,28.9,28.1,29.9,4.96,1.99,4.96,0.16,0.0,0.0,1027.0,8228.0,0.0,0.0,0.0,0.0,0.0,1.0,0.0,0.0,0.0,0.0,0.0,0.4,0.0,-0.3,0.0,0.0,16.0,25903.0
2026-07-30T19:03:58.004Z,407.487,407.502,0.0,7.4,0.0,0.0,0.0,0.0,0.0,0.0,0.0,0.0,1.0,0.0,0.0,0.0,9.0,4.0,0.0,0.0,0.0,0.0,0.0,0.0,0.0,0.0,3.0,12.0,1.0,12.17,5.01,2.51,1.5,0.0,0.0,0.0,361.3,0.0,0.9,-0.4,-0.8,-169.70000000000002,0.0,0.0,169.70000000000002,0.0,21.3,28.9,28.9,30.9,300.0,300.0,31.8,35.9,28.9,28.1,29.9,4.95,1.99,4.97,0.16,0.0,0.0,1027.0,8228.0,0.0,0.0,0.0,0.0,0.0,1.0,0.0,0.0,0.0,0.0,0.0,-1.0,0.0,0.6000000000000001,0.0,0.0,16.0,25903.0
2026-07-30T19:03:58.015Z,407.498,407.514,0.0,7.4,0.0,0.0,0.0,0.0,0.0,0.0,0.0,0.0,1.0,0.0,0.0,0.0,9.0,4.0,0.0,0.0,0.0,0.0,0.0,0.0,0.0,0.0,5.0,12.0,1.0,12.17,5.01,2.51,1.5,0.0,0.0,0.0,361.3,0.0,-0.2,-0.4,-0.7000000000000001,-169.70000000000002,0.0,0.0,169.70000000000002,0.0,21.3,28.9,28.9,30.9,300.0,300.0,31.8,35.9,28.9,28.1,29.9,4.95,1.99,4.97,0.16,0.0,0.0,1027.0,8228.0,0.0,0.0,0.0,0.0,0.0,1.0,0.0,0.0,0.0,0.0,0.0,-1.0,0.0,0.6000000000000001,0.0,0.0,16.0,25903.0
2026-07-30T19:03:58.027Z,407.51,407.526,0.0,7.4,0.0,0.0,0.0,0.0,0.0,0.0,0.0,0.0,1.0,0.0,0.0,0.0,9.0,4.0,0.0,0.0,0.0,0.0,0.0,0.0,0.0,0.0,6.0,12.0,1.0,12.17,5.01,2.51,1.5,0.0,0.1,0.0,361.3,0.0,-0.2,0.7000000000000001,0.3,-169.70000000000002,0.0,0.0,169.70000000000002,0.0,21.3,28.9,28.9,30.9,300.0,300.0,31.8,35.9,28.9,28.1,29.9,4.96,2.0,4.97,0.16,0.0,0.0,1027.0,8228.0,0.0,0.0,0.0,0.0,0.0,1.0,0.0,0.0,0.0,0.0,0.0,1.1,0.0,-0.1,0.0,0.0,16.0,25903.0
2026-07-30T19:03:58.039Z,407.522,407.538,0.0,7.4,0.0,0.0,0.0,0.0,0.0,0.0,0.0,0.0,1.0,0.0,0.0,0.0,9.0,4.0,0.0,0.0,0.0,0.0,0.0,0.0,0.0,0.0,1.0,12.0,1.0,12.17,5.01,2.51,1.5,0.0,0.0,0.0,361.3,0.0,-0.8,-0.3,-0.7000000000000001,-169.70000000000002,0.0,0.0,169.60000000000002,0.0,21.3,28.9,28.9,30.9,300.0,300.0,31.8,35.9,28.9,28.1,29.9,4.96,2.0,4.96,0.16,0.0,0.0,1027.0,8228.0,0.0,0.0,0.0,0.0,0.0,1.0,0.0,0.0,0.0,0.0,0.0,-1.0,0.0,0.5,0.0,0.0,16.0,25903.0
2026-07-30T19:03:58.051Z,407.534,407.55,0.0,7.4,0.0,0.0,0.0,0.0,0.0,0.0,0.0,0.0,1.0,0.0,0.0,0.0,9.0,4.0,0.0,0.0,0.0,0.0,0.0,0.0,0.0,0.0,2.0,12.0,1.0,12.17,5.01,2.51,1.5,0.0,0.0,0.0,361.3,0.0,0.3,0.7000000000000001,2.1,-169.60000000000002,0.0,0.0,169.70000000000002,0.0,21.3,28.9,28.9,30.9,300.0,300.0,31.8,35.9,28.9,28.1,29.9,4.95,1.99,4.98,0.16,0.0,0.0,1027.0,8228.0,0.0,0.0,0.0,0.0,0.0,1.0,0.0,0.0,0.0,0.0,0.0,-0.3,0.0,0.7000000000000001,0.0,0.0,16.0,25903.0
2026-07-30T19:03:58.063Z,407.546,407.562,0.0,7.4,0.0,0.0,0.0,0.0,0.0,0.0,0.0,0.0,1.0,0.0,0.0,0.0,9.0,4.0,0.0,0.0,0.0,0.0,0.0,0.0,0.0,0.0,3.0,12.0,1.0,12.17,5.01,2.51,1.5,0.0,0.0,0.0,361.4,0.0,0.3,0.1,-0.7000000000000001,-169.60000000000002,0.0,0.0,169.70000000000002,0.0,21.3,28.9,28.9,30.9,300.0,300.0,31.8,35.9,28.9,28.1,29.9,4.95,1.99,4.97,0.16,0.0,0.0,1027.0,8228.0,0.0,0.0,0.0,0.0,0.0,1.0,0.0,0.0,0.0,0.0,0.0,-0.3,0.0,0.7000000000000001,0.0,0.0,16.0,25903.0
2026-07-30T19:03:58.076Z,407.559,407.574,0.0,7.4,0.0,0.0,0.0,0.0,0.0,0.0,0.0,0.0,1.0,0.0,0.0,0.0,9.0,4.0,0.0,0.0,0.0,0.0,0.0,0.0,0.0,0.0,4.0,12.0,1.0,12.14,5.0200000000000005,2.51,1.49,0.0,0.1,0.0,361.3,0.0,-0.8,-1.0,-0.1,-169.60000000000002,0.0,0.0,169.70000000000002,0.0,21.3,28.9,28.9,30.9,300.0,300.0,31.700000000000003,35.9,28.9,28.1,29.9,4.96,1.99,4.97,0.15,0.0,0.0,1027.0,8228.0,0.0,0.0,0.0,0.0,0.0,1.0,0.0,0.0,0.0,0.0,0.0,-1.2000000000000002,0.0,0.0,0.0,0.0,16.0,25903.0
2026-07-30T19:03:58.087Z,407.57,407.586,0.0,7.4,0.0,0.0,0.0,0.0,0.0,0.0,0.0,0.0,1.0,0.0,0.0,0.0,9.0,4.0,0.0,0.0,0.0,0.0,0.0,0.0,0.0,0.0,5.0,12.0,1.0,12.14,5.0200000000000005,2.51,1.49,0.0,0.0,0.0,361.3,0.0,0.3,0.1,-0.1,-169.70000000000002,0.0,0.0,169.70000000000002,0.0,21.3,28.9,28.9,30.9,300.0,300.0,31.700000000000003,35.9,28.9,28.1,29.9,4.95,1.99,4.97,0.16,0.0,0.0,1027.0,8228.0,0.0,0.0,0.0,0.0,0.0,1.0,0.0,0.0,0.0,0.0,0.0,0.0,0.0,0.1,0.0,0.0,16.0,25903.0
2026-07-30T19:03:58.099Z,407.582,407.598,0.0,7.4,0.0,0.0,0.0,0.0,0.0,0.0,0.0,0.0,1.0,0.0,0.0,0.0,9.0,4.0,0.0,0.0,0.0,0.0,0.0,0.0,0.0,0.0,6.0,12.0,1.0,12.14,5.0200000000000005,2.51,1.49,0.0,0.0,0.0,361.3,0.0,-0.2,-0.9,-0.6000000000000001,-169.70000000000002,0.0,0.0,169.70000000000002,0.0,21.3,28.9,28.9,30.9,300.0,300.0,31.700000000000003,35.9,28.9,28.1,29.9,4.96,2.0,4.97,0.16,0.0,0.0,1027.0,8228.0,0.0,0.0,0.0,0.0,0.0,1.0,0.0,0.0,0.0,0.0,0.0,-0.5,0.0,0.0,0.0,0.0,16.0,25903.0
2026-07-30T19:03:58.111Z,407.594,407.61,0.0,7.4,0.0,0.0,0.0,0.0,0.0,0.0,0.0,0.0,1.0,0.0,0.0,0.0,9.0,4.0,0.0,0.0,0.0,0.0,0.0,0.0,0.0,0.0,1.0,12.0,1.0,12.14,5.0200000000000005,2.51,1.49,0.0,0.0,0.0,361.4,0.0,0.3,0.1,-0.1,-169.70000000000002,0.0,0.0,169.70000000000002,0.0,21.3,28.9,28.9,30.9,300.0,300.0,31.700000000000003,35.9,28.9,28.1,29.9,4.96,2.0,4.96,0.16,0.0,0.0,1027.0,8228.0,0.0,0.0,0.0,0.0,0.0,1.0,0.0,0.0,0.0,0.0,0.0,0.5,0.0,1.4,0.0,0.0,16.0,25903.0
2026-07-30T19:03:58.123Z,407.606,407.622,0.0,7.4,0.0,0.0,0.0,0.0,0.0,0.0,0.0,0.0,1.0,0.0,0.0,0.0,9.0,4.0,0.0,0.0,0.0,0.0,0.0,0.0,0.0,0.0,2.0,12.0,1.0,12.14,5.0200000000000005,2.51,1.49,0.0,0.0,0.0,361.3,0.0,0.9,0.1,-0.6000000000000001,-169.70000000000002,0.0,0.0,169.60000000000002,0.0,21.3,28.9,28.9,30.9,300.0,300.0,31.700000000000003,35.9,28.9,28.1,29.9,4.96,1.99,4.96,0.16,0.0,0.0,1027.0,8228.0,0.0,0.0,0.0,0.0,0.0,1.0,0.0,0.0,0.0,0.0,0.0,-2.5,0.0,1.4,0.0,0.0,16.0,25903.0
2026-07-30T19:03:58.135Z,407.618,407.634,0.0,7.4,0.0,0.0,0.0,0.0,0.0,0.0,0.0,0.0,1.0,0.0,0.0,0.0,9.0,4.0,0.0,0.0,0.0,0.0,0.0,0.0,0.0,0.0,3.0,12.0,1.0,12.14,5.0200000000000005,2.51,1.49,0.0,0.1,0.0,361.3,0.0,-0.2,-0.3,0.0,-169.60000000000002,0.0,0.0,169.70000000000002,0.0,21.3,28.9,28.9,30.9,300.0,300.0,31.700000000000003,35.9,28.9,28.1,29.9,4.96,1.99,4.97,0.16,0.0,0.0,1027.0,8228.0,0.0,0.0,0.0,0.0,0.0,1.0,0.0,0.0,0.0,0.0,0.0,-0.4,0.0,0.0,0.0,0.0,16.0,25903.0
2026-07-30T19:03:58.147Z,407.63,407.646,0.0,7.4,0.0,0.0,0.0,0.0,0.0,0.0,0.0,0.0,1.0,0.0,0.0,0.0,9.0,4.0,0.0,0.0,0.0,0.0,0.0,0.0,0.0,0.0,4.0,12.0,1.0,12.14,5.0200000000000005,2.51,1.49,0.0,0.0,0.0,361.3,0.0,0.3,-0.3,0.0,-169.60000000000002,0.0,0.0,169.8,0.0,21.3,28.9,28.9,30.9,300.0,300.0,31.700000000000003,35.9,28.9,28.1,29.9,4.96,2.0,4.96,0.16,0.0,0.0,1027.0,8228.0,0.0,0.0,0.0,0.0,0.0,1.0,0.0,0.0,0.0,0.0,0.0,-0.4,0.0,0.0,0.0,0.0,16.0,25903.0
2026-07-30T19:03:58.159Z,407.642,407.658,0.0,7.4,0.0,0.0,0.0,0.0,0.0,0.0,0.0,0.0,1.0,0.0,0.0,0.0,9.0,4.0,0.0,0.0,0.0,0.0,0.0,0.0,0.0,0.0,5.0,12.0,1.0,12.14,5.0200000000000005,2.51,1.49,0.0,0.0,0.0,361.3,0.0,-0.2,1.3,0.0,-169.70000000000002,0.0,0.0,169.70000000000002,0.0,21.3,28.9,28.9,30.9,300.0,300.0,31.700000000000003,35.9,28.9,28.1,29.9,4.96,1.99,4.97,0.16,0.0,0.0,1027.0,8228.0,0.0,0.0,0.0,0.0,0.0,1.0,0.0,0.0,0.0,0.0,0.0,1.5,0.0,0.3,0.0,0.0,16.0,25903.0
2026-07-30T19:03:58.171Z,407.654,407.67,0.0,7.4,0.0,0.0,0.0,0.0,0.0,0.0,0.0,0.0,1.0,0.0,0.0,0.0,9.0,4.0,0.0,0.0,0.0,0.0,0.0,0.0,0.0,0.0,6.0,12.0,1.0,12.14,5.0200000000000005,2.51,1.49,0.0,0.0,0.0,361.4,0.0,0.8,0.1,0.4,-169.70000000000002,0.0,0.0,169.8,0.0,21.3,28.9,28.9,30.9,300.0,300.0,31.700000000000003,35.9,28.9,28.1,29.9,4.95,1.99,4.97,0.16,0.0,0.0,1027.0,8228.0,0.0,0.0,0.0,0.0,0.0,1.0,0.0,0.0,0.0,0.0,0.0,0.5,0.0,-0.4,0.0,0.0,16.0,25903.0
2026-07-30T19:03:58.183Z,407.666,407.682,0.0,7.4,0.0,0.0,0.0,0.0,0.0,0.0,0.0,0.0,1.0,0.0,0.0,0.0,9.0,4.0,0.0,0.0,0.0,0.0,0.0,0.0,0.0,0.0,1.0,12.0,1.0,12.18,5.0200000000000005,2.5,1.49,0.0,0.0,0.0,361.3,0.0,-0.2,0.1,1.0,-169.70000000000002,0.0,0.0,169.70000000000002,0.0,21.700000000000003,28.9,28.9,30.9,300.0,300.0,31.700000000000003,35.9,28.8,28.0,29.9,4.96,1.99,4.96,0.16,0.0,0.0,1027.0,8228.0,0.0,0.0,0.0,0.0,0.0,1.0,0.0,0.0,0.0,0.0,0.0,0.9,0.0,-0.8,0.0,0.0,16.0,25903.0
2026-07-30T19:03:58.195Z,407.678,407.694,0.0,7.4,0.0,0.0,0.0,0.0,0.0,0.0,0.0,0.0,1.0,0.0,0.0,0.0,9.0,4.0,0.0,0.0,0.0,0.0,0.0,0.0,0.0,0.0,2.0,12.0,1.0,12.18,5.0200000000000005,2.5,1.49,0.0,0.0,0.0,361.3,0.0,-0.2,-0.9,-1.3,-169.70000000000002,0.0,0.0,169.8,0.0,21.700000000000003,28.9,28.9,30.9,300.0,300.0,31.700000000000003,35.9,28.8,28.0,29.9,4.95,1.99,4.97,0.16,0.0,0.0,1027.0,8228.0,0.0,0.0,0.0,0.0,0.0,1.0,0.0,0.0,0.0,0.0,0.0,-2.1,0.0,0.9,0.0,0.0,16.0,25903.0
2026-07-30T19:03:58.207Z,407.69,407.706,0.0,7.4,0.0,0.0,0.0,0.0,0.0,0.0,0.0,0.0,1.0,0.0,0.0,0.0,9.0,4.0,0.0,0.0,0.0,0.0,0.0,0.0,0.0,0.0,3.0,12.0,1.0,12.18,5.0200000000000005,2.5,1.49,0.0,0.0,0.0,361.3,0.0,0.8,1.3,-0.1,-169.70000000000002,0.0,0.0,169.8,0.0,21.700000000000003,28.9,28.9,30.9,300.0,300.0,31.700000000000003,35.9,28.8,28.0,29.9,4.95,1.99,4.97,0.16,0.0,0.0,1027.0,8228.0,0.0,0.0,0.0,0.0,0.0,1.0,0.0,0.0,0.0,0.0,0.0,1.3,0.0,0.4,0.0,0.0,16.0,25903.0
2026-07-30T19:03:58.219Z,407.702,407.718,0.0,7.4,0.0,0.0,0.0,0.0,0.0,0.0,0.0,0.0,1.0,0.0,0.0,0.0,9.0,4.0,0.0,0.0,0.0,0.0,0.0,0.0,0.0,0.0,4.0,12.0,1.0,12.18,5.0200000000000005,2.5,1.49,0.0,0.0,0.0,361.4,0.0,0.3,1.3,0.4,-169.70000000000002,0.0,0.0,169.8,0.0,21.700000000000003,28.9,28.9,30.9,300.0,300.0,31.700000000000003,35.9,28.8,28.0,29.9,4.95,1.99,4.97,0.16,0.0,0.0,1027.0,8228.0,0.0,0.0,0.0,0.0,0.0,1.0,0.0,0.0,0.0,0.0,0.0,1.8,0.0,-0.1,0.0,0.0,16.0,25903.0
2026-07-30T19:03:58.231Z,407.714,407.73,0.0,7.4,0.0,0.0,0.0,0.0,0.0,0.0,0.0,0.0,1.0,0.0,0.0,0.0,9.0,4.0,0.0,0.0,0.0,0.0,0.0,0.0,0.0,0.0,5.0,12.0,1.0,12.18,5.0200000000000005,2.5,1.49,0.0,0.0,0.0,361.4,0.0,0.8,0.1,-0.1,-169.70000000000002,0.0,0.0,169.8,0.0,21.700000000000003,28.9,28.9,30.9,300.0,300.0,31.700000000000003,35.9,28.8,28.0,29.9,4.96,1.99,4.96,0.16,0.0,0.0,1027.0,8228.0,0.0,0.0,0.0,0.0,0.0,1.0,0.0,0.0,0.0,0.0,0.0,0.1,0.0,0.1,0.0,0.0,16.0,25903.0
2026-07-30T19:03:58.244Z,407.727,407.742,0.0,7.4,0.0,0.0,0.0,0.0,0.0,0.0,0.0,0.0,1.0,0.0,0.0,0.0,9.0,4.0,0.0,0.0,0.0,0.0,0.0,0.0,0.0,0.0,6.0,12.0,1.0,12.18,5.0200000000000005,2.5,1.49,0.0,0.0,0.0,361.3,0.0,0.8,0.1,0.0,-169.70000000000002,0.0,0.0,169.8,0.0,21.700000000000003,28.9,28.9,30.9,300.0,300.0,31.700000000000003,35.9,28.8,28.0,29.9,4.95,1.99,4.97,0.16,0.0,0.0,1027.0,8228.0,0.0,0.0,0.0,0.0,0.0,1.0,0.0,0.0,0.0,0.0,0.0,0.1,0.0,0.1,0.0,0.0,16.0,25903.0
2026-07-30T19:03:58.256Z,407.739,407.754,0.0,7.4,0.0,0.0,0.0,0.0,0.0,0.0,0.0,0.0,1.0,0.0,0.0,0.0,9.0,4.0,0.0,0.0,0.0,0.0,0.0,0.0,0.0,0.0,1.0,12.0,1.0,12.18,5.0200000000000005,2.5,1.49,0.0,0.0,0.0,361.3,0.0,0.2,1.3,-0.1,-169.70000000000002,0.0,0.0,169.70000000000002,0.0,21.700000000000003,28.9,28.9,30.9,300.0,300.0,31.700000000000003,35.9,28.8,28.0,29.9,4.95,1.98,4.97,0.16,0.0,0.0,1027.0,8228.0,0.0,0.0,0.0,0.0,0.0,1.0,0.0,0.0,0.0,0.0,0.0,1.4,0.0,0.3,0.0,0.0,16.0,25903.0
2026-07-30T19:03:58.268Z,407.751,407.766,0.0,7.4,0.0,0.0,0.0,0.0,0.0,0.0,0.0,0.0,1.0,0.0,0.0,0.0,9.0,4.0,0.0,0.0,0.0,0.0,0.0,0.0,0.0,0.0,2.0,12.0,1.0,12.18,5.0200000000000005,2.5,1.49,0.0,0.0,0.0,361.4,0.0,0.8,-0.3,1.0,-169.70000000000002,0.0,0.0,169.70000000000002,0.0,21.700000000000003,28.9,28.9,30.9,300.0,300.0,31.700000000000003,35.9,28.8,28.0,29.9,4.95,1.99,4.97,0.16,0.0,0.0,1027.0,8228.0,0.0,0.0,0.0,0.0,0.0,1.0,0.0,0.0,0.0,0.0,0.0,0.3,0.0,-1.0,0.0,0.0,16.0,25903.0
2026-07-30T19:03:58.280Z,407.763,407.778,0.0,7.4,0.0,0.0,0.0,0.0,0.0,0.0,0.0,0.0,1.0,0.0,0.0,0.0,9.0,4.0,0.0,0.0,0.0,0.0,0.0,0.0,0.0,0.0,3.0,12.0,1.0,12.15,5.0200000000000005,2.51,1.49,0.0,0.0,0.0,361.4,0.0,-0.2,0.8,0.0,-169.70000000000002,0.0,0.0,169.70000000000002,0.0,21.700000000000003,28.9,28.9,30.9,300.0,300.0,31.8,35.9,28.8,28.0,29.9,4.95,1.99,4.96,0.16,0.0,0.0,1027.0,8228.0,0.0,0.0,0.0,0.0,0.0,1.0,0.0,0.0,0.0,0.0,0.0,0.8,0.0,0.2,0.0,0.0,16.0,25903.0
2026-07-30T19:03:58.292Z,407.775,407.79,0.0,7.4,0.0,0.0,0.0,0.0,0.0,0.0,0.0,0.0,1.0,0.0,0.0,0.0,9.0,4.0,0.0,0.0,0.0,0.0,0.0,0.0,0.0,0.0,4.0,12.0,1.0,12.15,5.0200000000000005,2.51,1.49,0.0,0.0,0.0,361.4,0.0,0.2,-0.9,0.5,-169.70000000000002,0.0,0.0,169.8,0.0,21.700000000000003,28.9,28.9,30.9,300.0,300.0,31.8,35.9,28.8,28.0,29.9,4.95,1.99,4.97,0.16,0.0,0.0,1027.0,8228.0,0.0,0.0,0.0,0.0,0.0,1.0,0.0,0.0,0.0,0.0,0.0,-0.7000000000000001,0.0,-0.6000000000000001,0.0,0.0,16.0,25903.0
2026-07-30T19:03:58.303Z,407.786,407.802,0.0,7.4,0.0,0.0,0.0,0.0,0.0,0.0,0.0,0.0,1.0,0.0,0.0,0.0,9.0,4.0,0.0,0.0,0.0,0.0,0.0,0.0,0.0,0.0,6.0,12.0,1.0,12.15,5.0200000000000005,2.51,1.49,0.0,0.0,0.0,361.3,0.0,0.2,0.1,-0.1,-169.70000000000002,0.0,0.0,169.70000000000002,0.0,21.700000000000003,28.9,28.9,30.9,300.0,300.0,31.8,35.9,28.8,28.0,29.9,4.95,1.99,4.96,0.16,0.0,0.0,1027.0,8228.0,0.0,0.0,0.0,0.0,0.0,1.0,0.0,0.0,0.0,0.0,0.0,0.0,0.0,0.1,0.0,0.0,16.0,25903.0
2026-07-30T19:03:58.315Z,407.798,407.814,0.0,7.4,0.0,0.0,0.0,0.0,0.0,0.0,0.0,0.0,1.0,0.0,0.0,0.0,9.0,4.0,0.0,0.0,0.0,0.0,0.0,0.0,0.0,0.0,1.0,12.0,1.0,12.15,5.0200000000000005,2.51,1.49,0.0,0.0,0.0,361.4,0.0,0.2,0.7000000000000001,2.2,-169.70000000000002,0.0,0.0,169.70000000000002,0.0,21.700000000000003,28.9,28.9,30.9,300.0,300.0,31.8,35.9,28.8,28.0,29.9,4.96,1.99,4.96,0.16,0.0,0.0,1027.0,8228.0,0.0,0.0,0.0,0.0,0.0,1.0,0.0,0.0,0.0,0.0,0.0,2.5,0.0,-1.7000000000000002,0.0,0.0,16.0,25903.0
2026-07-30T19:03:58.328Z,407.811,407.826,0.0,7.4,0.0,0.0,0.0,0.0,0.0,0.0,0.0,0.0,1.0,0.0,0.0,0.0,9.0,4.0,0.0,0.0,0.0,0.0,0.0,0.0,0.0,0.0,2.0,12.0,1.0,12.15,5.0200000000000005,2.51,1.49,0.0,0.0,0.0,361.3,0.0,0.2,-0.4,0.4,-169.70000000000002,0.0,0.0,169.70000000000002,0.0,21.700000000000003,28.9,28.9,30.9,300.0,300.0,31.8,35.9,28.8,28.0,29.9,4.95,1.99,4.96,0.16,0.0,0.0,1027.0,8228.0,0.0,0.0,0.0,0.0,0.0,1.0,0.0,0.0,0.0,0.0,0.0,-0.1,0.0,-0.4,0.0,0.0,16.0,25903.0
2026-07-30T19:03:58.339Z,407.822,407.838,0.0,7.4,0.0,0.0,0.0,0.0,0.0,0.0,0.0,0.0,1.0,0.0,0.0,0.0,9.0,4.0,0.0,0.0,0.0,0.0,0.0,0.0,0.0,0.0,3.0,12.0,1.0,12.15,5.0200000000000005,2.51,1.49,0.0,0.0,0.0,361.4,0.0,0.2,-0.4,-0.1,-169.70000000000002,0.0,0.0,169.8,0.0,21.700000000000003,28.9,28.9,30.9,300.0,300.0,31.8,35.9,28.8,28.0,29.9,4.95,1.99,4.97,0.16,0.0,0.0,1027.0,8228.0,0.0,0.0,0.0,0.0,0.0,1.0,0.0,0.0,0.0,0.0,0.0,-0.6000000000000001,0.0,0.0,0.0,0.0,16.0,25903.0
2026-07-30T19:03:58.351Z,407.834,407.85,0.0,7.4,0.0,0.0,0.0,0.0,0.0,0.0,0.0,0.0,1.0,0.0,0.0,0.0,9.0,4.0,0.0,0.0,0.0,0.0,0.0,0.0,0.0,0.0,4.0,12.0,1.0,12.15,5.0200000000000005,2.51,1.49,0.0,0.0,0.0,361.3,0.0,-0.8,0.1,0.3,-169.70000000000002,0.0,0.0,169.70000000000002,0.0,21.700000000000003,28.9,28.9,30.9,300.0,300.0,31.8,35.9,28.8,28.0,29.9,4.95,1.99,4.96,0.16,0.0,0.0,1027.0,8228.0,0.0,0.0,0.0,0.0,0.0,1.0,0.0,0.0,0.0,0.0,0.0,0.4,0.0,-0.3,0.0,0.0,16.0,25903.0
2026-07-30T19:03:58.363Z,407.846,407.862,0.0,7.4,0.0,0.0,0.0,0.0,0.0,0.0,0.0,0.0,1.0,0.0,0.0,0.0,9.0,4.0,0.0,0.0,0.0,0.0,0.0,0.0,0.0,0.0,5.0,12.0,1.0,12.15,5.0200000000000005,2.51,1.49,0.0,0.0,0.0,361.2000000000001,0.0,-0.2,1.3,0.9,-169.70000000000002,0.0,0.0,169.70000000000002,0.0,21.700000000000003,28.9,28.9,30.9,300.0,300.0,31.8,35.9,28.8,28.0,29.9,4.95,1.99,4.96,0.16,0.0,0.0,1027.0,8228.0,0.0,0.0,0.0,0.0,0.0,1.0,0.0,0.0,0.0,0.0,0.0,2.2,0.0,-0.5,0.0,0.0,16.0,25903.0
2026-07-30T19:03:58.375Z,407.858,407.874,0.0,7.4,0.0,0.0,0.0,0.0,0.0,0.0,0.0,0.0,1.0,0.0,0.0,0.0,9.0,4.0,0.0,0.0,0.0,0.0,0.0,0.0,0.0,0.0,6.0,12.0,1.0,12.15,5.0200000000000005,2.51,1.49,0.0,0.0,0.0,361.3,0.0,-0.8,0.1,-0.7000000000000001,-169.70000000000002,0.0,0.0,169.8,0.0,21.700000000000003,28.9,28.9,30.9,300.0,300.0,31.8,35.9,28.8,28.0,29.9,4.95,1.99,4.97,0.16,0.0,0.0,1027.0,8228.0,0.0,0.0,0.0,0.0,0.0,1.0,0.0,0.0,0.0,0.0,0.0,-0.4,0.0,0.6000000000000001,0.0,0.0,16.0,25903.0
2026-07-30T19:03:58.387Z,407.87,407.886,0.0,7.4,0.0,0.0,0.0,0.0,0.0,0.0,0.0,0.0,1.0,0.0,0.0,0.0,9.0,4.0,0.0,0.0,0.0,0.0,0.0,0.0,0.0,0.0,2.0,12.0,1.0,12.15,5.01,2.51,1.49,0.0,0.0,0.0,361.3,0.0,-0.3,-1.0,0.4,-169.70000000000002,0.0,0.0,169.70000000000002,0.0,21.4,28.9,28.9,30.9,300.0,300.0,31.8,35.9,28.8,28.0,29.9,4.96,1.99,4.96,0.16,0.0,0.0,1027.0,8228.0,0.0,0.0,0.0,0.0,0.0,1.0,0.0,0.0,0.0,0.0,0.0,-0.8,0.0,-0.5,0.0,0.0,16.0,25903.0
2026-07-30T19:03:58.399Z,407.882,407.898,0.0,7.4,0.0,0.0,0.0,0.0,0.0,0.0,0.0,0.0,1.0,0.0,0.0,0.0,9.0,4.0,0.0,0.0,0.0,0.0,0.0,0.0,0.0,0.0,3.0,12.0,1.0,12.15,5.01,2.51,1.49,0.0,0.0,0.0,361.3,0.0,0.2,0.1,-0.1,-169.70000000000002,0.0,0.0,169.8,0.0,21.4,28.9,28.9,30.9,300.0,300.0,31.8,35.9,28.8,28.0,29.9,4.96,1.99,4.96,0.16,0.0,0.0,1027.0,8228.0,0.0,0.0,0.0,0.0,0.0,1.0,0.0,0.0,0.0,0.0,0.0,0.0,0.0,0.1,0.0,0.0,16.0,25903.0
2026-07-30T19:03:58.411Z,407.894,407.91,0.0,7.4,0.0,0.0,0.0,0.0,0.0,0.0,0.0,0.0,1.0,0.0,0.0,0.0,9.0,4.0,0.0,0.0,0.0,0.0,0.0,0.0,0.0,0.0,4.0,12.0,1.0,12.15,5.01,2.51,1.49,0.0,0.0,0.0,361.4,0.0,0.2,0.7000000000000001,1.0,-169.70000000000002,0.0,0.0,169.70000000000002,0.0,21.4,28.9,28.9,30.9,300.0,300.0,31.8,35.9,28.8,28.0,29.9,4.95,1.99,4.96,0.16,0.0,0.0,1027.0,8228.0,0.0,0.0,0.0,0.0,0.0,1.0,0.0,0.0,0.0,0.0,0.0,1.6,0.0,-0.7000000000000001,0.0,0.0,16.0,25903.0
2026-07-30T19:03:58.423Z,407.906,407.922,0.0,7.4,0.0,0.0,0.0,0.0,0.0,0.0,0.0,0.0,1.0,0.0,0.0,0.0,9.0,4.0,0.0,0.0,0.0,0.0,0.0,0.0,0.0,0.0,5.0,12.0,1.0,12.15,5.01,2.51,1.49,0.0,0.0,0.0,361.3,0.0,-0.3,-1.0,-0.2,-169.70000000000002,0.0,0.0,169.8,0.0,21.4,28.9,28.9,30.9,300.0,300.0,31.8,35.9,28.8,28.0,29.9,4.95,1.99,4.97,0.16,0.0,0.0,1027.0,8228.0,0.0,0.0,0.0,0.0,0.0,1.0,0.0,0.0,0.0,0.0,0.0,-1.3,0.0,0.0,0.0,0.0,16.0,25903.0
2026-07-30T19:03:58.436Z,407.919,407.934,0.0,7.4,0.0,0.0,0.0,0.0,0.0,0.0,0.0,0.0,1.0,0.0,0.0,0.0,9.0,4.0,0.0,0.0,0.0,0.0,0.0,0.0,0.0,0.0,6.0,12.0,1.0,12.15,5.01,2.51,1.49,0.0,0.0,0.0,361.3,0.0,-0.3,0.1,-0.8,-169.70000000000002,0.0,0.0,169.70000000000002,0.0,21.4,28.9,28.9,30.9,300.0,300.0,31.8,35.9,28.8,28.0,29.9,4.95,2.0,4.96,0.16,0.0,0.0,1027.0,8228.0,0.0,0.0,0.0,0.0,0.0,1.0,0.0,0.0,0.0,0.0,0.0,-0.4,0.0,0.7000000000000001,0.0,0.0,16.0,25903.0
2026-07-30T19:03:58.447Z,407.93,407.946,0.0,7.4,0.0,0.0,0.0,0.0,0.0,0.0,0.0,0.0,1.0,0.0,0.0,0.0,9.0,4.0,0.0,0.0,0.0,0.0,0.0,0.0,0.0,0.0,2.0,12.0,1.0,12.15,5.01,2.51,1.49,0.0,0.0,0.0,361.3,0.0,-1.4,-0.4,-1.4,-169.70000000000002,0.0,0.0,169.70000000000002,0.0,21.4,28.9,28.9,30.9,300.0,300.0,31.8,35.9,28.8,28.0,29.9,4.95,1.99,4.97,0.16,0.0,0.0,1027.0,8228.0,0.0,0.0,0.0,0.0,0.0,1.0,0.0,0.0,0.0,0.0,0.0,-1.6,0.0,1.1,0.0,0.0,16.0,25903.0
2026-07-30T19:03:58.459Z,407.942,407.958,0.0,7.4,0.0,0.0,0.0,0.0,0.0,0.0,0.0,0.0,1.0,0.0,0.0,0.0,9.0,4.0,0.0,0.0,0.0,0.0,0.0,0.0,0.0,0.0,3.0,12.0,1.0,12.15,5.01,2.51,1.49,0.0,0.0,0.0,361.4,0.0,-0.3,0.0,0.3,-169.70000000000002,0.0,0.0,169.70000000000002,0.0,21.4,28.9,28.9,30.9,300.0,300.0,31.8,35.9,28.8,28.0,29.9,4.95,1.99,4.97,0.16,0.0,0.0,1027.0,8228.0,0.0,0.0,0.0,0.0,0.0,1.0,0.0,0.0,0.0,0.0,0.0,0.3,0.0,-0.2,0.0,0.0,16.0,25903.0
2026-07-30T19:03:58.472Z,407.955,407.97,0.0,7.4,0.0,0.0,0.0,0.0,0.0,0.0,0.0,0.0,1.0,0.0,0.0,0.0,9.0,4.0,0.0,0.0,0.0,0.0,0.0,0.0,0.0,0.0,4.0,12.0,1.0,12.15,5.01,2.51,1.49,0.0,0.0,0.0,361.2000000000001,0.0,-0.3,-0.4,0.3,-169.70000000000002,0.0,0.0,169.60000000000002,0.0,21.4,28.9,28.9,30.9,300.0,300.0,31.8,35.9,28.8,28.0,29.9,4.96,1.99,4.96,0.16,0.0,0.0,1027.0,8228.0,0.0,0.0,0.0,0.0,0.0,1.0,0.0,0.0,0.0,0.0,0.0,-0.2,0.0,-0.3,0.0,0.0,16.0,25903.0
2026-07-30T19:03:58.484Z,407.967,407.982,0.0,7.4,0.0,0.0,0.0,0.0,0.0,0.0,0.0,0.0,1.0,0.0,0.0,0.0,9.0,4.0,0.0,0.0,0.0,0.0,0.0,0.0,0.0,0.0,6.0,12.0,1.0,12.15,5.01,2.5,1.5,0.0,0.1,0.0,361.3,0.0,-0.9,0.7000000000000001,0.3,-169.70000000000002,0.0,0.0,169.70000000000002,0.0,21.4,28.9,28.9,30.9,300.0,300.0,31.8,35.9,28.8,28.0,29.9,4.95,1.99,4.97,0.16,0.0,0.0,1027.0,8228.0,0.0,0.0,0.0,0.0,0.0,1.0,0.0,0.0,0.0,0.0,0.0,1.0,0.0,-0.1,0.0,0.0,16.0,25903.0
2026-07-30T19:03:58.496Z,407.979,407.994,0.0,7.4,0.0,0.0,0.0,0.0,0.0,0.0,0.0,0.0,1.0,0.0,0.0,0.0,9.0,4.0,0.0,0.0,0.0,0.0,0.0,0.0,0.0,0.0,1.0,12.0,1.0,12.15,5.01,2.5,1.5,0.0,0.0,0.0,361.3,0.0,0.8,0.1,-0.8,-169.70000000000002,0.0,0.0,169.70000000000002,0.0,21.4,28.9,28.9,30.9,300.0,300.0,31.8,35.9,28.8,28.0,29.9,4.95,2.0,4.96,0.16,0.0,0.0,1027.0,8228.0,0.0,0.0,0.0,0.0,0.0,1.0,0.0,0.0,0.0,0.0,0.0,-0.4,0.0,0.8,0.0,0.0,16.0,25903.0
2026-07-30T19:03:58.508Z,407.991,408.006,0.0,7.4,0.0,0.0,0.0,0.0,0.0,0.0,0.0,0.0,1.0,0.0,0.0,0.0,9.0,4.0,0.0,0.0,0.0,0.0,0.0,0.0,0.0,0.0,2.0,12.0,1.0,12.15,5.01,2.5,1.5,0.0,0.0,0.0,361.3,0.0,-0.3,0.1,0.2,-169.70000000000002,0.0,0.0,169.70000000000002,0.0,21.4,28.9,28.9,30.9,300.0,300.0,31.8,35.9,28.8,28.0,29.9,4.96,2.0,4.96,0.16,0.0,0.0,1027.0,8228.0,0.0,0.0,0.0,0.0,0.0,1.0,0.0,0.0,0.0,0.0,0.0,0.3,0.0,-0.1,0.0,0.0,16.0,25903.0
2026-07-30T19:03:58.519Z,408.002,408.018,0.0,7.4,0.0,0.0,0.0,0.0,0.0,0.0,0.0,0.0,1.0,0.0,0.0,0.0,9.0,4.0,0.0,0.0,0.0,0.0,0.0,0.0,0.0,0.0,3.0,12.0,1.0,12.15,5.01,2.5,1.5,0.0,0.0,0.0,361.3,0.0,0.1,0.1,-0.3,-169.70000000000002,0.0,0.0,169.70000000000002,0.0,21.4,28.9,28.9,30.9,300.0,300.0,31.8,35.9,28.8,28.0,29.9,4.95,2.0,4.97,0.16,0.0,0.0,1027.0,8228.0,0.0,0.0,0.0,0.0,0.0,1.0,0.0,0.0,0.0,0.0,0.0,-0.1,0.0,0.3,0.0,0.0,16.0,25903.0
2026-07-30T19:03:58.532Z,408.015,408.03,0.0,7.4,0.0,0.0,0.0,0.0,0.0,0.0,0.0,0.0,1.0,0.0,0.0,0.0,9.0,4.0,0.0,0.0,0.0,0.0,0.0,0.0,0.0,0.0,5.0,12.0,1.0,12.15,5.01,2.5,1.5,0.0,0.0,0.0,361.3,0.0,0.7000000000000001,0.7000000000000001,-0.2,-169.70000000000002,0.0,0.0,169.8,0.0,21.4,28.9,28.9,30.9,300.0,300.0,31.8,35.9,28.8,28.0,29.9,4.95,1.99,4.97,0.16,0.0,0.0,1027.0,8228.0,0.0,0.0,0.0,0.0,0.0,1.0,0.0,0.0,0.0,0.0,0.0,0.6000000000000001,0.0,0.4,0.0,0.0,16.0,25903.0
2026-07-30T19:03:58.543Z,408.026,408.042,0.0,7.4,0.0,0.0,0.0,0.0,0.0,0.0,0.0,0.0,1.0,0.0,0.0,0.0,9.0,4.0,0.0,0.0,0.0,0.0,0.0,0.0,0.0,0.0,6.0,12.0,1.0,12.15,5.01,2.5,1.5,0.0,0.1,0.0,361.3,0.0,0.1,0.6000000000000001,0.3,-169.70000000000002,0.0,0.0,169.70000000000002,0.0,21.4,28.9,28.9,30.9,300.0,300.0,31.8,35.9,28.8,28.0,29.9,4.95,1.99,4.96,0.16,0.0,0.0,1027.0,8228.0,0.0,0.0,0.0,0.0,0.0,1.0,0.0,0.0,0.0,0.0,0.0,1.0,0.0,-0.1,0.0,0.0,16.0,25903.0
2026-07-30T19:03:58.555Z,408.038,408.054,0.0,7.4,0.0,0.0,0.0,0.0,0.0,0.0,0.0,0.0,1.0,0.0,0.0,0.0,9.0,4.0,0.0,0.0,0.0,0.0,0.0,0.0,0.0,0.0,1.0,12.0,1.0,12.15,5.01,2.5,1.5,0.0,0.0,0.0,361.3,0.0,0.2,0.1,0.3,-169.70000000000002,0.0,0.0,169.60000000000002,0.0,21.4,28.9,28.9,30.9,300.0,300.0,31.8,35.9,28.8,28.0,29.9,4.96,1.99,4.96,0.16,0.0,0.0,1027.0,8228.0,0.0,0.0,0.0,0.0,0.0,1.0,0.0,0.0,0.0,0.0,0.0,1.2000000000000002,0.0,0.4,0.0,0.0,16.0,25903.0
2026-07-30T19:03:58.567Z,408.05,408.066,0.0,7.4,0.0,0.0,0.0,0.0,0.0,0.0,0.0,0.0,1.0,0.0,0.0,0.0,9.0,4.0,0.0,0.0,0.0,0.0,0.0,0.0,0.0,0.0,2.0,12.0,1.0,12.15,5.01,2.5,1.5,0.0,0.0,0.0,361.3,0.0,-0.3,1.9,-0.2,-169.70000000000002,0.0,0.0,169.60000000000002,0.0,21.4,28.9,28.9,30.9,300.0,300.0,31.8,35.9,28.8,28.0,29.9,4.95,1.99,4.97,0.16,0.0,0.0,1027.0,8228.0,0.0,0.0,0.0,0.0,0.0,1.0,0.0,0.0,0.0,0.0,0.0,2.0,0.0,0.5,0.0,0.0,16.0,25903.0
2026-07-30T19:03:58.579Z,408.062,408.078,0.0,7.4,0.0,0.0,0.0,0.0,0.0,0.0,0.0,0.0,1.0,0.0,0.0,0.0,9.0,4.0,0.0,0.0,0.0,0.0,0.0,0.0,0.0,0.0,2.0,12.0,1.0,12.15,5.01,2.5,1.5,0.0,0.0,0.0,361.4,0.0,0.2,-1.0,1.0,-169.70000000000002,0.0,0.0,169.60000000000002,0.0,21.4,28.9,28.9,30.9,300.0,300.0,31.8,35.9,28.8,28.0,29.9,4.96,1.99,4.96,0.16,0.0,0.0,1027.0,8228.0,0.0,0.0,0.0,0.0,0.0,1.0,0.0,0.0,0.0,0.0,0.0,-0.4,0.0,-1.0,0.0,0.0,16.0,25903.0
2026-07-30T19:03:58.591Z,408.074,408.09,0.0,7.4,0.0,0.0,0.0,0.0,0.0,0.0,0.0,0.0,1.0,0.0,0.0,0.0,9.0,4.0,0.0,0.0,0.0,0.0,0.0,0.0,0.0,0.0,4.0,12.0,1.0,12.15,5.01,2.5,1.49,0.0,0.0,0.0,361.3,0.0,-0.9,-1.0,-0.7000000000000001,-169.70000000000002,0.0,0.0,169.8,0.0,21.8,28.9,28.9,30.9,300.0,300.0,31.700000000000003,35.9,28.8,28.0,29.9,4.96,2.0,4.96,0.16,0.0,0.0,1027.0,8228.0,0.0,0.0,0.0,0.0,0.0,1.0,0.0,0.0,0.0,0.0,0.0,-1.7000000000000002,0.0,0.4,0.0,0.0,16.0,25903.0
2026-07-30T19:03:58.603Z,408.086,408.102,0.0,7.4,0.0,0.0,0.0,0.0,0.0,0.0,0.0,0.0,1.0,0.0,0.0,0.0,9.0,4.0,0.0,0.0,0.0,0.0,0.0,0.0,0.0,0.0,5.0,12.0,1.0,12.15,5.01,2.5,1.49,0.0,0.0,0.0,361.3,0.0,0.2,0.7000000000000001,2.2,-169.60000000000002,0.0,0.0,169.70000000000002,0.0,21.8,28.9,28.9,30.9,300.0,300.0,31.700000000000003,35.9,28.8,28.0,29.9,4.95,1.99,4.96,0.16,0.0,0.0,1027.0,8228.0,0.0,0.0,0.0,0.0,0.0,1.0,0.0,0.0,0.0,0.0,0.0,2.5,0.0,-1.7000000000000002,0.0,0.0,16.0,25903.0
2026-07-30T19:03:58.616Z,408.099,408.114,0.0,7.4,0.0,0.0,0.0,0.0,0.0,0.0,0.0,0.0,1.0,0.0,0.0,0.0,9.0,4.0,0.0,0.0,0.0,0.0,0.0,0.0,0.0,0.0,6.0,12.0,1.0,12.15,5.01,2.5,1.49,0.0,0.0,0.0,361.3,0.0,-0.2,0.2,-0.7000000000000001,-169.60000000000002,0.0,0.0,169.60000000000002,0.0,21.8,28.9,28.9,30.9,300.0,300.0,31.700000000000003,35.9,28.8,28.0,29.9,4.95,1.99,4.97,0.16,0.0,0.0,1027.0,8228.0,0.0,0.0,0.0,0.0,0.0,1.0,0.0,0.0,0.0,0.0,0.0,-0.2,0.0,0.6000000000000001,0.0,0.0,16.0,25903.0
2026-07-30T19:03:58.627Z,408.11,408.126,0.0,7.4,0.0,0.0,0.0,0.0,0.0,0.0,0.0,0.0,1.0,0.0,0.0,0.0,9.0,4.0,0.0,0.0,0.0,0.0,0.0,0.0,0.0,0.0,1.0,12.0,1.0,12.15,5.01,2.5,1.49,0.0,0.0,0.0,361.4,0.0,0.3,-0.3,-0.7000000000000001,-169.60000000000002,0.0,0.0,169.70000000000002,0.0,21.8,28.9,28.9,30.9,300.0,300.0,31.700000000000003,35.9,28.8,28.0,29.9,4.96,1.99,4.96,0.16,0.0,0.0,1027.0,8228.0,0.0,0.0,0.0,0.0,0.0,1.0,0.0,0.0,0.0,0.0,0.0,-1.6,0.0,0.4,0.0,0.0,16.0,25903.0
2026-07-30T19:03:58.639Z,408.122,408.138,0.0,7.4,0.0,0.0,0.0,0.0,0.0,0.0,0.0,0.0,1.0,0.0,0.0,0.0,9.0,4.0,0.0,0.0,0.0,0.0,0.0,0.0,0.0,0.0,2.0,12.0,1.0,12.15,5.01,2.5,1.49,0.0,0.0,0.0,361.3,0.0,-0.2,-0.4,0.4,-169.60000000000002,0.0,0.0,169.8,0.0,21.8,28.9,28.9,30.9,300.0,300.0,31.700000000000003,35.9,28.8,28.0,29.9,4.96,1.99,4.97,0.16,0.0,0.0,1027.0,8228.0,0.0,0.0,0.0,0.0,0.0,1.0,0.0,0.0,0.0,0.0,0.0,0.5,0.0,-0.3,0.0,0.0,16.0,25903.0
2026-07-30T19:03:58.651Z,408.134,408.15,0.0,7.4,0.0,0.0,0.0,0.0,0.0,0.0,0.0,0.0,1.0,0.0,0.0,0.0,9.0,4.0,0.0,0.0,0.0,0.0,0.0,0.0,0.0,0.0,3.0,12.0,1.0,12.15,5.01,2.5,1.49,0.0,0.0,0.0,361.3,0.0,-0.2,0.7000000000000001,0.4,-169.60000000000002,0.0,0.0,169.60000000000002,0.0,21.8,28.9,28.9,30.9,300.0,300.0,31.700000000000003,35.9,28.8,28.0,29.9,4.95,1.99,4.96,0.16,0.0,0.0,1027.0,8228.0,0.0,0.0,0.0,0.0,0.0,1.0,0.0,0.0,0.0,0.0,0.0,1.1,0.0,-0.2,0.0,0.0,16.0,25903.0
2026-07-30T19:03:58.663Z,408.146,408.162,0.0,7.4,0.0,0.0,0.0,0.0,0.0,0.0,0.0,0.0,1.0,0.0,0.0,0.0,9.0,4.0,0.0,0.0,0.0,0.0,0.0,0.0,0.0,0.0,4.0,12.0,1.0,12.15,5.01,2.5,1.49,0.0,0.0,0.0,361.3,0.0,0.8,0.1,-0.1,-169.60000000000002,0.0,0.0,169.70000000000002,0.0,21.8,28.9,28.9,30.9,300.0,300.0,31.700000000000003,35.9,28.8,28.0,29.9,4.96,1.99,4.96,0.16,0.0,0.0,1027.0,8228.0,0.0,0.0,0.0,0.0,0.0,1.0,0.0,0.0,0.0,0.0,0.0,0.0,0.0,0.1,0.0,0.0,16.0,25903.0
2026-07-30T19:03:58.675Z,408.158,408.174,0.0,7.4,0.0,0.0,0.0,0.0,0.0,0.0,0.0,0.0,1.0,0.0,0.0,0.0,9.0,4.0,0.0,0.0,0.0,0.0,0.0,0.0,0.0,0.0,5.0,12.0,1.0,12.15,5.01,2.5,1.49,0.0,0.0,0.0,361.4,0.0,-0.3,-0.4,1.0,-169.70000000000002,0.0,0.0,169.8,0.0,21.8,28.9,28.9,30.9,300.0,300.0,31.700000000000003,35.9,28.8,28.0,29.9,4.95,1.99,4.97,0.16,0.0,0.0,1027.0,8228.0,0.0,0.0,0.0,0.0,0.0,1.0,0.0,0.0,0.0,0.0,0.0,0.2,0.0,-0.9,0.0,0.0,16.0,25903.0
2026-07-30T19:03:58.689Z,408.172,408.186,0.0,7.4,0.0,0.0,0.0,0.0,0.0,0.0,0.0,0.0,1.0,0.0,0.0,0.0,9.0,4.0,0.0,0.0,0.0,0.0,0.0,0.0,0.0,0.0,6.0,12.0,1.0,12.17,5.0200000000000005,2.51,1.49,0.0,0.0,0.0,361.4,0.0,-0.9,-0.4,-1.9,-169.70000000000002,0.0,0.0,169.70000000000002,0.0,21.3,28.9,28.9,30.9,300.0,300.0,31.700000000000003,35.9,28.8,28.0,29.9,4.96,1.99,4.97,0.16,0.0,0.0,1027.0,8228.0,0.0,0.0,0.0,0.0,0.0,1.0,0.0,0.0,0.0,0.0,0.0,-1.9,0.0,1.5,0.0,0.0,16.0,25903.0
2026-07-30T19:03:58.699Z,408.182,408.198,0.0,7.4,0.0,0.0,0.0,0.0,0.0,0.0,0.0,0.0,1.0,0.0,0.0,0.0,9.0,4.0,0.0,0.0,0.0,0.0,0.0,0.0,0.0,0.0,1.0,12.0,1.0,12.17,5.0200000000000005,2.51,1.49,0.0,0.1,0.0,361.4,0.0,0.2,-0.4,-1.9,-169.70000000000002,0.0,0.0,169.70000000000002,0.0,21.3,28.9,28.9,30.9,300.0,300.0,31.700000000000003,35.9,28.8,28.0,29.9,4.96,1.99,4.96,0.16,0.0,0.0,1027.0,8228.0,0.0,0.0,0.0,0.0,0.0,1.0,0.0,0.0,0.0,0.0,0.0,-1.9,0.0,1.6,0.0,0.0,16.0,25903.0
2026-07-30T19:03:58.712Z,408.195,408.21,0.0,7.4,0.0,0.0,0.0,0.0,0.0,0.0,0.0,0.0,1.0,0.0,0.0,0.0,9.0,4.0,0.0,0.0,0.0,0.0,0.0,0.0,0.0,0.0,2.0,12.0,1.0,12.17,5.0200000000000005,2.51,1.49,0.0,0.0,0.0,361.3,0.0,-0.3,0.1,-0.1,-169.60000000000002,0.0,0.0,169.70000000000002,0.0,21.3,28.9,28.9,30.9,300.0,300.0,31.700000000000003,35.9,28.8,28.0,29.9,4.96,1.99,4.96,0.16,0.0,0.0,1027.0,8228.0,0.0,0.0,0.0,0.0,0.0,1.0,0.0,0.0,0.0,0.0,0.0,0.0,0.0,0.1,0.0,0.0,16.0,25903.0
2026-07-30T19:03:58.723Z,408.206,408.222,0.0,7.4,0.0,0.0,0.0,0.0,0.0,0.0,0.0,0.0,1.0,0.0,0.0,0.0,9.0,4.0,0.0,0.0,0.0,0.0,0.0,0.0,0.0,0.0,3.0,12.0,1.0,12.17,5.0200000000000005,2.51,1.49,0.0,0.0,0.0,361.3,0.0,0.2,-0.4,-0.1,-169.70000000000002,0.0,0.0,169.8,0.0,21.3,28.9,28.9,30.9,300.0,300.0,31.700000000000003,35.9,28.8,28.0,29.9,4.95,1.99,4.97,0.16,0.0,0.0,1027.0,8228.0,0.0,0.0,0.0,0.0,0.0,1.0,0.0,0.0,0.0,0.0,0.0,-0.6000000000000001,0.0,0.0,0.0,0.0,16.0,25903.0
2026-07-30T19:03:58.735Z,408.218,408.234,0.0,7.4,0.0,0.0,0.0,0.0,0.0,0.0,0.0,0.0,1.0,0.0,0.0,0.0,9.0,4.0,0.0,0.0,0.0,0.0,0.0,0.0,0.0,0.0,5.0,12.0,1.0,12.17,5.0200000000000005,2.51,1.49,0.0,0.0,0.0,361.3,0.0,-0.9,-0.4,0.9,-169.70000000000002,0.0,0.0,169.70000000000002,0.0,21.3,28.9,28.9,30.9,300.0,300.0,31.700000000000003,35.9,28.8,28.0,29.9,4.96,1.99,4.96,0.16,0.0,0.0,1027.0,8228.0,0.0,0.0,0.0,0.0,0.0,1.0,0.0,0.0,0.0,0.0,0.0,0.1,0.0,-0.8,0.0,0.0,16.0,25903.0
2026-07-30T19:03:58.747Z,408.23,408.246,0.0,7.4,0.0,0.0,0.0,0.0,0.0,0.0,0.0,0.0,1.0,0.0,0.0,0.0,9.0,4.0,0.0,0.0,0.0,0.0,0.0,0.0,0.0,0.0,6.0,12.0,1.0,12.17,5.0200000000000005,2.51,1.49,0.0,0.1,0.0,361.4,0.0,-0.3,0.1,-0.8,-169.70000000000002,0.0,0.0,169.60000000000002,0.0,21.3,28.9,28.9,30.9,300.0,300.0,31.700000000000003,35.9,28.8,28.0,29.9,4.96,1.99,4.96,0.17,0.0,0.0,1027.0,8228.0,0.0,0.0,0.0,0.0,0.0,1.0,0.0,0.0,0.0,0.0,0.0,-0.4,0.0,0.7000000000000001,0.0,0.0,16.0,25903.0
2026-07-30T19:03:58.759Z,408.242,408.258,0.0,7.4,0.0,0.0,0.0,0.0,0.0,0.0,0.0,0.0,1.0,0.0,0.0,0.0,9.0,4.0,0.0,0.0,0.0,0.0,0.0,0.0,0.0,0.0,1.0,12.0,1.0,12.17,5.0200000000000005,2.51,1.49,0.0,0.0,0.0,361.3,0.0,0.2,-0.4,-0.2,-169.70000000000002,0.0,0.0,169.70000000000002,0.0,21.3,28.9,28.9,30.9,300.0,300.0,31.700000000000003,35.9,28.8,28.0,29.9,4.96,1.99,4.96,0.16,0.0,0.0,1027.0,8228.0,0.0,0.0,0.0,0.0,0.0,1.0,0.0,0.0,0.0,0.0,0.0,-0.7000000000000001,0.0,0.1,0.0,0.0,16.0,25903.0
2026-07-30T19:03:58.771Z,408.254,408.27,0.0,7.4,0.0,0.0,0.0,0.0,0.0,0.0,0.0,0.0,1.0,0.0,0.0,0.0,9.0,4.0,0.0,0.0,0.0,0.0,0.0,0.0,0.0,0.0,1.0,12.0,1.0,12.17,5.0200000000000005,2.51,1.49,0.0,0.0,0.0,361.3,0.0,-0.8,-0.4,0.3,-169.70000000000002,0.0,0.0,169.70000000000002,0.0,21.3,28.9,28.9,30.9,300.0,300.0,31.700000000000003,35.9,28.8,28.0,29.9,4.96,1.99,4.97,0.16,0.0,0.0,1027.0,8228.0,0.0,0.0,0.0,0.0,0.0,1.0,0.0,0.0,0.0,0.0,0.0,-0.2,0.0,-0.3,0.0,0.0,16.0,25903.0
2026-07-30T19:03:58.783Z,408.266,408.282,0.0,7.4,0.0,0.0,0.0,0.0,0.0,0.0,0.0,0.0,1.0,0.0,0.0,0.0,9.0,4.0,0.0,0.0,0.0,0.0,0.0,0.0,0.0,0.0,3.0,12.0,1.0,12.17,5.0200000000000005,2.51,1.49,0.0,0.1,0.0,361.4,0.0,-0.8,0.7000000000000001,-0.7000000000000001,-169.70000000000002,0.0,0.0,169.70000000000002,0.0,21.3,28.9,28.9,30.9,300.0,300.0,31.700000000000003,35.9,28.8,28.0,29.9,4.95,1.99,4.96,0.16,0.0,0.0,1027.0,8228.0,0.0,0.0,0.0,0.0,0.0,1.0,0.0,0.0,0.0,0.0,0.0,0.2,0.0,0.8,0.0,0.0,16.0,25903.0
2026-07-30T19:03:58.795Z,408.278,408.294,0.0,7.4,0.0,0.0,0.0,0.0,0.0,0.0,0.0,0.0,1.0,0.0,0.0,0.0,9.0,4.0,0.0,0.0,0.0,0.0,0.0,0.0,0.0,0.0,4.0,12.0,1.0,12.17,5.0200000000000005,2.51,1.49,0.0,0.0,0.0,361.4,0.0,-0.2,1.9,1.5,-169.70000000000002,0.0,0.0,169.60000000000002,0.0,21.700000000000003,28.9,28.9,30.9,300.0,300.0,31.6,35.9,28.8,28.0,29.9,4.95,1.99,4.97,0.16,0.0,0.0,1027.0,8228.0,0.0,0.0,0.0,0.0,0.0,1.0,0.0,0.0,0.0,0.0,0.0,3.3000000000000003,0.0,-0.9,0.0,0.0,16.0,25903.0
2026-07-30T19:03:58.807Z,408.29,408.306,0.0,7.4,0.0,0.0,0.0,0.0,0.0,0.0,0.0,0.0,1.0,0.0,0.0,0.0,9.0,4.0,0.0,0.0,0.0,0.0,0.0,0.0,0.0,0.0,6.0,12.0,1.0,12.17,5.0200000000000005,2.51,1.49,0.0,0.0,0.0,361.3,0.0,0.3,0.1,-0.2,-169.70000000000002,0.0,0.0,169.8,0.0,21.700000000000003,28.9,28.9,30.9,300.0,300.0,31.6,35.9,28.8,28.0,29.9,4.95,1.99,4.97,0.16,0.0,0.0,1027.0,8228.0,0.0,0.0,0.0,0.0,0.0,1.0,0.0,0.0,0.0,0.0,0.0,0.0,0.0,0.2,0.0,0.0,16.0,25903.0
2026-07-30T19:03:58.820Z,408.303,408.318,0.0,7.4,0.0,0.0,0.0,0.0,0.0,0.0,0.0,0.0,1.0,0.0,0.0,0.0,9.0,4.0,0.0,0.0,0.0,0.0,0.0,0.0,0.0,0.0,1.0,12.0,1.0,12.17,5.0200000000000005,2.51,1.49,0.0,0.0,0.0,361.4,0.0,-0.2,-1.5,0.3,-169.70000000000002,0.0,0.0,169.8,0.0,21.700000000000003,28.9,28.9,30.9,300.0,300.0,31.6,35.9,28.8,28.0,29.9,4.96,1.99,4.97,0.16,0.0,0.0,1027.0,8228.0,0.0,0.0,0.0,0.0,0.0,1.0,0.0,0.0,0.0,0.0,0.0,-1.5,0.0,-0.6000000000000001,0.0,0.0,16.0,25903.0
2026-07-30T19:03:58.832Z,408.315,408.33,0.0,7.4,0.0,0.0,0.0,0.0,0.0,0.0,0.0,0.0,1.0,0.0,0.0,0.0,9.0,4.0,0.0,0.0,0.0,0.0,0.0,0.0,0.0,0.0,2.0,12.0,1.0,12.17,5.0200000000000005,2.51,1.49,-0.1,0.0,0.0,361.3,0.0,-0.8,0.2,-0.2,-169.70000000000002,0.0,0.0,169.8,0.0,21.700000000000003,28.9,28.9,30.9,300.0,300.0,31.6,35.9,28.8,28.0,29.9,4.96,1.99,4.96,0.16,0.0,0.0,1027.0,8228.0,0.0,0.0,0.0,0.0,0.0,1.0,0.0,0.0,0.0,0.0,0.0,0.0,0.0,0.2,0.0,0.0,16.0,25903.0
2026-07-30T19:03:58.843Z,408.326,408.342,0.0,7.4,0.0,0.0,0.0,0.0,0.0,0.0,0.0,0.0,1.0,0.0,0.0,0.0,9.0,4.0,0.0,0.0,0.0,0.0,0.0,0.0,0.0,0.0,4.0,12.0,1.0,12.17,5.0200000000000005,2.51,1.49,0.0,0.0,0.0,361.3,0.0,-0.2,0.1,-0.7000000000000001,-169.70000000000002,0.0,0.0,169.8,0.0,21.700000000000003,28.9,28.9,30.9,300.0,300.0,31.6,35.9,28.8,28.0,29.9,4.96,1.99,4.97,0.16,0.0,0.0,1027.0,8228.0,0.0,0.0,0.0,0.0,0.0,1.0,0.0,0.0,0.0,0.0,0.0,-0.3,0.0,0.7000000000000001,0.0,0.0,16.0,25903.0
2026-07-30T19:03:58.855Z,408.338,408.354,0.0,7.4,0.0,0.0,0.0,0.0,0.0,0.0,0.0,0.0,1.0,0.0,0.0,0.0,9.0,4.0,0.0,0.0,0.0,0.0,0.0,0.0,0.0,0.0,4.0,12.0,1.0,12.17,5.0200000000000005,2.51,1.49,0.0,0.0,0.0,361.3,0.0,-0.2,0.7000000000000001,-0.2,-169.70000000000002,0.0,0.0,169.70000000000002,0.0,21.700000000000003,28.9,28.9,30.9,300.0,300.0,31.6,35.9,28.8,28.0,29.9,4.96,1.99,4.97,0.16,0.0,0.0,1027.0,8228.0,0.0,0.0,0.0,0.0,0.0,1.0,0.0,0.0,0.0,0.0,0.0,0.6000000000000001,0.0,0.3,0.0,0.0,16.0,25903.0
2026-07-30T19:03:58.867Z,408.35,408.366,0.0,7.4,0.0,0.0,0.0,0.0,0.0,0.0,0.0,0.0,1.0,0.0,0.0,0.0,9.0,4.0,0.0,0.0,0.0,0.0,0.0,0.0,0.0,0.0,6.0,12.0,1.0,12.17,5.0200000000000005,2.51,1.49,0.0,0.0,0.0,361.3,0.0,-0.2,-1.0,-2.0,-169.70000000000002,0.0,0.0,169.70000000000002,0.0,21.700000000000003,28.9,28.9,30.9,300.0,300.0,31.6,35.9,28.8,28.0,29.9,4.96,1.99,4.96,0.16,0.0,0.0,1027.0,8228.0,0.0,0.0,0.0,0.0,0.0,1.0,0.0,0.0,0.0,0.0,0.0,-2.6,0.0,1.5,0.0,0.0,16.0,25903.0
2026-07-30T19:03:58.880Z,408.363,408.378,0.0,7.4,0.0,0.0,0.0,0.0,0.0,0.0,0.0,0.0,1.0,0.0,0.0,0.0,9.0,4.0,0.0,0.0,0.0,0.0,0.0,0.0,0.0,0.0,1.0,12.0,1.0,12.17,5.0200000000000005,2.51,1.49,-0.1,0.1,0.0,361.3,0.0,1.4,0.7000000000000001,-1.3,-169.70000000000002,0.0,0.0,169.8,0.0,21.700000000000003,28.9,28.9,30.9,300.0,300.0,31.6,35.9,28.8,28.0,29.9,4.95,2.0,4.97,0.16,0.0,0.0,1027.0,8228.0,0.0,0.0,0.0,0.0,0.0,1.0,0.0,0.0,0.0,0.0,0.0,-0.2,0.0,1.3,0.0,0.0,16.0,25903.0
2026-07-30T19:03:58.893Z,408.376,408.39,0.0,7.4,0.0,0.0,0.0,0.0,0.0,0.0,0.0,0.0,1.0,0.0,0.0,0.0,9.0,4.0,0.0,0.0,0.0,0.0,0.0,0.0,0.0,0.0,2.0,12.0,1.0,12.18,5.0200000000000005,2.5,1.49,0.0,0.0,0.0,361.4,0.0,-0.2,1.2000000000000002,-0.2,-169.70000000000002,0.0,0.0,169.8,0.0,21.3,28.9,28.9,30.9,300.0,300.0,31.6,35.9,28.8,28.0,29.9,4.95,1.99,4.97,0.16,0.0,0.0,1027.0,8228.0,0.0,0.0,0.0,0.0,0.0,1.0,0.0,0.0,0.0,0.0,0.0,1.3,0.0,0.4,0.0,0.0,16.0,25903.0
2026-07-30T19:03:58.903Z,408.386,408.402,0.0,7.4,0.0,0.0,0.0,0.0,0.0,0.0,0.0,0.0,1.0,0.0,0.0,0.0,9.0,4.0,0.0,0.0,0.0,0.0,0.0,0.0,0.0,0.0,3.0,12.0,1.0,12.18,5.0200000000000005,2.5,1.49,0.0,0.0,0.0,361.4,0.0,-0.3,-0.4,0.9,-169.70000000000002,0.0,0.0,169.8,0.0,21.3,28.9,28.9,30.9,300.0,300.0,31.6,35.9,28.8,28.0,29.9,4.95,1.99,4.97,0.16,0.0,0.0,1027.0,8228.0,0.0,0.0,0.0,0.0,0.0,1.0,0.0,0.0,0.0,0.0,0.0,0.1,0.0,-0.9,0.0,0.0,16.0,25903.0
2026-07-30T19:03:58.915Z,408.398,408.414,0.0,7.4,0.0,0.0,0.0,0.0,0.0,0.0,0.0,0.0,1.0,0.0,0.0,0.0,9.0,4.0,0.0,0.0,0.0,0.0,0.0,0.0,0.0,0.0,4.0,12.0,1.0,12.18,5.0200000000000005,2.5,1.49,0.0,0.0,0.0,361.3,0.0,0.8,-0.4,-0.2,-169.70000000000002,0.0,0.0,169.70000000000002,0.0,21.3,28.9,28.9,30.9,300.0,300.0,31.6,35.9,28.8,28.0,29.9,4.96,1.99,4.96,0.16,0.0,0.0,1027.0,8228.0,0.0,0.0,0.0,0.0,0.0,1.0,0.0,0.0,0.0,0.0,0.0,-0.6000000000000001,0.0,0.1,0.0,0.0,16.0,25903.0
2026-07-30T19:03:58.927Z,408.41,408.426,0.0,7.4,0.0,0.0,0.0,0.0,0.0,0.0,0.0,0.0,1.0,0.0,0.0,0.0,9.0,4.0,0.0,0.0,0.0,0.0,0.0,0.0,0.0,0.0,5.0,12.0,1.0,12.18,5.0200000000000005,2.5,1.49,0.0,0.0,0.0,361.3,0.0,0.8,1.3,0.3,-169.70000000000002,0.0,0.0,169.70000000000002,0.0,21.3,28.9,28.9,30.9,300.0,300.0,31.6,35.9,28.8,28.0,29.9,4.96,1.99,4.97,0.16,0.0,0.0,1027.0,8228.0,0.0,0.0,0.0,0.0,0.0,1.0,0.0,0.0,0.0,0.0,0.0,1.7000000000000002,0.0,0.0,0.0,0.0,16.0,25903.0
2026-07-30T19:03:58.940Z,408.423,408.438,0.0,7.4,0.0,0.0,0.0,0.0,0.0,0.0,0.0,0.0,1.0,0.0,0.0,0.0,9.0,4.0,0.0,0.0,0.0,0.0,0.0,0.0,0.0,0.0,6.0,12.0,1.0,12.18,5.0200000000000005,2.5,1.49,0.0,0.0,0.0,361.3,0.0,-0.8,-0.4,-0.8,-169.70000000000002,0.0,0.0,169.70000000000002,0.0,21.3,28.9,28.9,30.9,300.0,300.0,31.6,35.9,28.8,28.0,29.9,4.96,2.0,4.96,0.16,0.0,0.0,1027.0,8228.0,0.0,0.0,0.0,0.0,0.0,1.0,0.0,0.0,0.0,0.0,0.0,-1.0,0.0,0.6000000000000001,0.0,0.0,16.0,25903.0
2026-07-30T19:03:58.952Z,408.435,408.45,0.0,7.4,0.0,0.0,0.0,0.0,0.0,0.0,0.0,0.0,1.0,0.0,0.0,0.0,9.0,4.0,0.0,0.0,0.0,0.0,0.0,0.0,0.0,0.0,1.0,12.0,1.0,12.18,5.0200000000000005,2.5,1.49,0.0,0.0,0.0,361.4,0.0,-0.3,0.7000000000000001,-0.2,-169.70000000000002,0.0,0.0,169.60000000000002,0.0,21.3,28.9,28.9,30.9,300.0,300.0,31.6,35.9,28.8,28.0,29.9,4.96,1.99,4.96,0.16,0.0,0.0,1027.0,8228.0,0.0,0.0,0.0,0.0,0.0,1.0,0.0,0.0,0.0,0.0,0.0,0.6000000000000001,0.0,0.3,0.0,0.0,16.0,25903.0
2026-07-30T19:03:58.963Z,408.446,408.462,0.0,7.4,0.0,0.0,0.0,0.0,0.0,0.0,0.0,0.0,1.0,0.0,0.0,0.0,9.0,4.0,0.0,0.0,0.0,0.0,0.0,0.0,0.0,0.0,2.0,12.0,1.0,12.18,5.0200000000000005,2.5,1.49,0.0,0.0,0.0,361.3,0.0,-0.3,-0.9,-0.2,-169.70000000000002,0.0,0.0,169.60000000000002,0.0,21.3,28.9,28.9,30.9,300.0,300.0,31.6,35.9,28.8,28.0,29.9,4.95,1.99,4.97,0.16,0.0,0.0,1027.0,8228.0,0.0,0.0,0.0,0.0,0.0,1.0,0.0,0.0,0.0,0.0,0.0,-1.2000000000000002,0.0,0.0,0.0,0.0,16.0,25903.0
2026-07-30T19:03:58.975Z,408.458,408.474,0.0,7.4,0.0,0.0,0.0,0.0,0.0,0.0,0.0,0.0,1.0,0.0,0.0,0.0,9.0,4.0,0.0,0.0,0.0,0.0,0.0,0.0,0.0,0.0,4.0,12.0,1.0,12.18,5.0200000000000005,2.5,1.49,0.0,0.0,0.0,361.3,0.0,0.8,0.1,0.9,-169.70000000000002,0.0,0.0,169.70000000000002,0.0,21.3,28.9,28.9,30.9,300.0,300.0,31.6,35.9,28.8,28.0,29.9,4.96,1.99,4.96,0.16,0.0,0.0,1027.0,8228.0,0.0,0.0,0.0,0.0,0.0,1.0,0.0,0.0,0.0,0.0,0.0,0.8,0.0,-0.7000000000000001,0.0,0.0,16.0,25903.0
2026-07-30T19:03:58.987Z,408.47,408.486,0.0,7.4,0.0,0.0,0.0,0.0,0.0,0.0,0.0,0.0,1.0,0.0,0.0,0.0,9.0,4.0,0.0,0.0,0.0,0.0,0.0,0.0,0.0,0.0,5.0,12.0,1.0,12.18,5.0200000000000005,2.5,1.49,0.0,0.0,0.0,361.3,0.0,-0.2,0.7000000000000001,-1.4,-169.70000000000002,0.0,0.0,169.60000000000002,0.0,21.3,28.9,28.9,30.9,300.0,300.0,31.6,35.9,28.8,28.0,29.9,4.96,1.99,4.97,0.16,0.0,0.0,1027.0,8228.0,0.0,0.0,0.0,0.0,0.0,1.0,0.0,0.0,0.0,0.0,0.0,-0.2,0.0,1.4,0.0,0.0,16.0,25903.0
2026-07-30T19:03:58.999Z,408.482,408.498,0.0,7.4,0.0,0.0,0.0,0.0,0.0,0.0,0.0,0.0,1.0,0.0,0.0,0.0,9.0,4.0,0.0,0.0,0.0,0.0,0.0,0.0,0.0,0.0,6.0,12.0,1.0,12.17,5.0200000000000005,2.5,1.49,0.0,0.0,0.0,361.3,0.0,-0.2,0.1,-0.2,-169.70000000000002,0.0,0.0,169.60000000000002,0.0,21.700000000000003,28.9,28.9,30.9,300.0,300.0,31.6,35.9,28.9,28.0,29.9,4.96,1.99,4.97,0.16,0.0,0.0,1027.0,8228.0,0.0,0.0,0.0,0.0,0.0,1.0,0.0,0.0,0.0,0.0,0.0,0.0,0.0,0.2,0.0,0.0,16.0,25903.0
2026-07-30T19:03:59.011Z,408.494,408.51,0.0,7.4,0.0,0.0,0.0,0.0,0.0,0.0,0.0,0.0,1.0,0.0,0.0,0.0,9.0,4.0,0.0,0.0,0.0,0.0,0.0,0.0,0.0,0.0,1.0,12.0,1.0,12.17,5.0200000000000005,2.5,1.49,0.0,0.0,0.0,361.4,0.0,0.3,0.7000000000000001,-0.2,-169.60000000000002,0.0,0.0,169.60000000000002,0.0,21.700000000000003,28.9,28.9,30.9,300.0,300.0,31.6,35.9,28.9,28.0,29.9,4.95,1.99,4.97,0.16,0.0,0.0,1027.0,8228.0,0.0,0.0,0.0,0.0,0.0,1.0,0.0,0.0,0.0,0.0,0.0,0.7000000000000001,0.0,0.3,0.0,0.0,16.0,25903.0
2026-07-30T19:03:59.023Z,408.506,408.522,0.0,7.4,0.0,0.0,0.0,0.0,0.0,0.0,0.0,0.0,1.0,0.0,0.0,0.0,9.0,4.0,0.0,0.0,0.0,0.0,0.0,0.0,0.0,0.0,2.0,12.0,1.0,12.17,5.0200000000000005,2.5,1.49,0.0,0.0,0.0,361.3,0.0,0.9,0.7000000000000001,0.3,-169.60000000000002,0.0,0.0,169.70000000000002,0.0,21.700000000000003,28.9,28.9,30.9,300.0,300.0,31.6,35.9,28.9,28.0,29.9,4.96,2.0,4.96,0.16,0.0,0.0,1027.0,8228.0,0.0,0.0,0.0,0.0,0.0,1.0,0.0,0.0,0.0,0.0,0.0,1.1,0.0,-0.1,0.0,0.0,16.0,25903.0
2026-07-30T19:03:59.035Z,408.518,408.534,0.0,7.4,0.0,0.0,0.0,0.0,0.0,0.0,0.0,0.0,1.0,0.0,0.0,0.0,9.0,4.0,0.0,0.0,0.0,0.0,0.0,0.0,0.0,0.0,3.0,12.0,1.0,12.17,5.0200000000000005,2.5,1.49,0.0,0.0,0.0,361.4,0.0,0.3,1.3,-0.1,-169.60000000000002,0.0,0.0,169.70000000000002,0.0,21.700000000000003,28.9,28.9,30.9,300.0,300.0,31.6,35.9,28.9,28.0,29.9,4.96,1.99,4.97,0.15,0.0,0.0,1027.0,8228.0,0.0,0.0,0.0,0.0,0.0,1.0,0.0,0.0,0.0,0.0,0.0,1.4,0.0,0.4,0.0,0.0,16.0,25903.0
2026-07-30T19:03:59.048Z,408.531,408.546,0.0,7.4,0.0,0.0,0.0,0.0,0.0,0.0,0.0,0.0,1.0,0.0,0.0,0.0,9.0,4.0,0.0,0.0,0.0,0.0,0.0,0.0,0.0,0.0,4.0,12.0,1.0,12.17,5.0200000000000005,2.5,1.49,0.0,0.0,0.0,361.4,0.0,0.3,0.2,-0.1,-169.60000000000002,0.0,0.0,169.70000000000002,0.0,21.700000000000003,28.9,28.9,30.9,300.0,300.0,31.6,35.9,28.9,28.0,29.9,4.95,1.99,4.97,0.16,0.0,0.0,1027.0,8228.0,0.0,0.0,0.0,0.0,0.0,1.0,0.0,0.0,0.0,0.0,0.0,0.0,0.0,0.2,0.0,0.0,16.0,25903.0
2026-07-30T19:03:59.060Z,408.543,408.558,0.0,7.4,0.0,0.0,0.0,0.0,0.0,0.0,0.0,0.0,1.0,0.0,0.0,0.0,9.0,4.0,0.0,0.0,0.0,0.0,0.0,0.0,0.0,0.0,5.0,12.0,1.0,12.17,5.0200000000000005,2.5,1.49,0.0,0.0,0.0,361.4,0.0,-0.2,-1.5,-0.7000000000000001,-169.60000000000002,0.0,0.0,169.60000000000002,0.0,21.700000000000003,28.9,28.9,30.9,300.0,300.0,31.6,35.9,28.9,28.0,29.9,4.96,1.99,4.97,0.16,0.0,0.0,1027.0,8228.0,0.0,0.0,0.0,0.0,0.0,1.0,0.0,0.0,0.0,0.0,0.0,-2.3000000000000003,0.0,0.3,0.0,0.0,16.0,25903.0
2026-07-30T19:03:59.072Z,408.555,408.57,0.0,7.4,0.0,0.0,0.0,0.0,0.0,0.0,0.0,0.0,1.0,0.0,0.0,0.0,9.0,4.0,0.0,0.0,0.0,0.0,0.0,0.0,0.0,0.0,6.0,12.0,1.0,12.17,5.0200000000000005,2.5,1.49,0.0,0.0,0.0,361.3,0.0,-0.2,0.2,-0.1,-169.60000000000002,0.0,0.0,169.70000000000002,0.0,21.700000000000003,28.9,28.9,30.9,300.0,300.0,31.6,35.9,28.9,28.0,29.9,4.95,1.99,4.96,0.16,0.0,0.0,1027.0,8228.0,0.0,0.0,0.0,0.0,0.0,1.0,0.0,0.0,0.0,0.0,0.0,0.1,0.0,0.1,0.0,0.0,16.0,25903.0
2026-07-30T19:03:59.083Z,408.566,408.582,0.0,7.4,0.0,0.0,0.0,0.0,0.0,0.0,0.0,0.0,1.0,0.0,0.0,0.0,9.0,4.0,0.0,0.0,0.0,0.0,0.0,0.0,0.0,0.0,1.0,12.0,1.0,12.17,5.0200000000000005,2.5,1.49,0.0,0.0,0.0,361.3,0.0,-0.8,0.2,1.0,-169.60000000000002,0.0,0.0,169.70000000000002,0.0,21.700000000000003,28.9,28.9,30.9,300.0,300.0,31.6,35.9,28.9,28.0,29.9,4.95,1.99,4.97,0.16,0.0,0.0,1027.0,8228.0,0.0,0.0,0.0,0.0,0.0,1.0,0.0,0.0,0.0,0.0,0.0,1.0,0.0,-0.9,0.0,0.0,16.0,25903.0
2026-07-30T19:03:59.097Z,408.58,408.594,0.0,7.4,0.0,0.0,0.0,0.0,0.0,0.0,0.0,0.0,1.0,0.0,0.0,0.0,9.0,4.0,0.0,0.0,0.0,0.0,0.0,0.0,0.0,0.0,3.0,12.0,1.0,12.17,5.01,2.51,1.49,0.0,0.0,0.0,361.3,0.0,-0.8,-0.9,-2.4000000000000004,-169.60000000000002,0.0,0.0,169.60000000000002,0.0,21.3,28.9,28.9,30.9,300.0,300.0,31.700000000000003,35.9,28.9,28.1,29.9,4.95,1.99,4.97,0.16,0.0,0.0,1027.0,8228.0,0.0,0.0,0.0,0.0,0.0,1.0,0.0,0.0,0.0,0.0,0.0,-2.8000000000000003,0.0,1.9,0.0,0.0,16.0,25903.0
2026-07-30T19:03:59.107Z,408.59,408.606,0.0,7.4,0.0,0.0,0.0,0.0,0.0,0.0,0.0,0.0,1.0,0.0,0.0,0.0,9.0,4.0,0.0,0.0,0.0,0.0,0.0,0.0,0.0,0.0,4.0,12.0,1.0,12.17,5.01,2.51,1.49,0.0,0.0,0.0,361.3,0.0,0.3,-0.3,-0.6000000000000001,-169.60000000000002,0.0,0.0,169.60000000000002,0.0,21.3,28.9,28.9,30.9,300.0,300.0,31.700000000000003,35.9,28.9,28.1,29.9,4.96,1.99,4.96,0.16,0.0,0.0,1027.0,8228.0,0.0,0.0,0.0,0.0,0.0,1.0,0.0,0.0,0.0,0.0,0.0,-0.8,0.0,0.4,0.0,0.0,16.0,25903.0
2026-07-30T19:03:59.119Z,408.602,408.618,0.0,7.4,0.0,0.0,0.0,0.0,0.0,0.0,0.0,0.0,1.0,0.0,0.0,0.0,9.0,4.0,0.0,0.0,0.0,0.0,0.0,0.0,0.0,0.0,5.0,12.0,1.0,12.17,5.01,2.51,1.49,0.0,0.0,0.0,361.4,0.0,-0.2,0.1,1.0,-169.60000000000002,0.0,0.0,169.8,0.0,21.3,28.9,28.9,30.9,300.0,300.0,31.700000000000003,35.9,28.9,28.1,29.9,4.95,1.99,4.96,0.16,0.0,0.0,1027.0,8228.0,0.0,0.0,0.0,0.0,0.0,1.0,0.0,0.0,0.0,0.0,0.0,0.9,0.0,-0.9,0.0,0.0,16.0,25903.0
2026-07-30T19:03:59.131Z,408.614,408.63,0.0,7.4,0.0,0.0,0.0,0.0,0.0,0.0,0.0,0.0,1.0,0.0,0.0,0.0,9.0,4.0,0.0,0.0,0.0,0.0,0.0,0.0,0.0,0.0,6.0,12.0,1.0,12.17,5.01,2.51,1.49,0.0,0.0,0.0,361.3,0.0,-0.8,0.1,0.4,-169.60000000000002,0.0,0.0,169.70000000000002,0.0,21.3,28.9,28.9,30.9,300.0,300.0,31.700000000000003,35.9,28.9,28.1,29.9,4.95,1.99,4.96,0.16,0.0,0.0,1027.0,8228.0,0.0,0.0,0.0,0.0,0.0,1.0,0.0,0.0,0.0,0.0,0.0,-0.6000000000000001,0.0,0.0,0.0,0.0,16.0,25903.0
2026-07-30T19:03:59.144Z,408.627,408.642,0.0,7.4,0.0,0.0,0.0,0.0,0.0,0.0,0.0,0.0,1.0,0.0,0.0,0.0,9.0,4.0,0.0,0.0,0.0,0.0,0.0,0.0,0.0,0.0,1.0,12.0,1.0,12.17,5.01,2.51,1.49,0.0,0.0,0.0,361.3,0.0,-0.2,0.1,-0.7000000000000001,-169.60000000000002,0.0,0.0,169.70000000000002,0.0,21.3,28.9,28.9,30.9,300.0,300.0,31.700000000000003,35.9,28.9,28.1,29.9,4.96,2.0,4.96,0.16,0.0,0.0,1027.0,8228.0,0.0,0.0,0.0,0.0,0.0,1.0,0.0,0.0,0.0,0.0,0.0,0.6000000000000001,0.0,-1.4,0.0,0.0,16.0,25903.0
2026-07-30T19:03:59.155Z,408.638,408.654,0.0,7.4,0.0,0.0,0.0,0.0,0.0,0.0,0.0,0.0,1.0,0.0,0.0,0.0,9.0,4.0,0.0,0.0,0.0,0.0,0.0,0.0,0.0,0.0,2.0,12.0,1.0,12.17,5.01,2.51,1.49,0.0,0.0,0.0,361.3,0.0,-0.3,-1.0,0.9,-169.60000000000002,0.0,0.0,169.8,0.0,21.3,28.9,28.9,30.9,300.0,300.0,31.700000000000003,35.9,28.9,28.1,29.9,4.95,2.0,4.96,0.16,0.0,0.0,1027.0,8228.0,0.0,0.0,0.0,0.0,0.0,1.0,0.0,0.0,0.0,0.0,0.0,0.6000000000000001,0.0,0.3,0.0,0.0,16.0,25903.0
2026-07-30T19:03:59.167Z,408.65,408.666,0.0,7.4,0.0,0.0,0.0,0.0,0.0,0.0,0.0,0.0,1.0,0.0,0.0,0.0,9.0,4.0,0.0,0.0,0.0,0.0,0.0,0.0,0.0,0.0,3.0,12.0,1.0,12.17,5.01,2.51,1.49,0.0,0.0,0.0,361.4,0.0,0.2,0.1,-0.8,-169.70000000000002,0.0,0.0,169.8,0.0,21.3,28.9,28.9,30.9,300.0,300.0,31.700000000000003,35.9,28.9,28.1,29.9,4.95,1.99,4.97,0.16,0.0,0.0,1027.0,8228.0,0.0,0.0,0.0,0.0,0.0,1.0,0.0,0.0,0.0,0.0,0.0,1.2000000000000002,0.0,-1.3,0.0,0.0,16.0,25903.0
2026-07-30T19:03:59.179Z,408.662,408.678,0.0,7.4,0.0,0.0,0.0,0.0,0.0,0.0,0.0,0.0,1.0,0.0,0.0,0.0,9.0,4.0,0.0,0.0,0.0,0.0,0.0,0.0,0.0,0.0,4.0,12.0,1.0,12.17,5.01,2.51,1.49,0.0,0.1,0.0,361.3,0.0,-0.8,-1.0,-1.3,-169.70000000000002,0.0,0.0,169.8,0.0,21.3,28.9,28.9,30.9,300.0,300.0,31.700000000000003,35.9,28.9,28.1,29.9,4.95,1.99,4.96,0.15,0.0,0.0,1027.0,8228.0,0.0,0.0,0.0,0.0,0.0,1.0,0.0,0.0,0.0,0.0,0.0,-2.2,0.0,0.9,0.0,0.0,16.0,25903.0
2026-07-30T19:03:59.191Z,408.674,408.69,0.0,7.4,0.0,0.0,0.0,0.0,0.0,0.0,0.0,0.0,1.0,0.0,0.0,0.0,9.0,4.0,0.0,0.0,0.0,0.0,0.0,0.0,0.0,0.0,5.0,12.0,1.0,12.17,5.01,2.51,1.49,0.0,0.0,0.0,361.4,0.0,0.2,-0.4,0.3,-169.70000000000002,0.0,0.0,169.8,0.0,21.3,28.9,28.9,30.9,300.0,300.0,31.700000000000003,35.9,28.9,28.1,29.9,4.96,1.99,4.96,0.16,0.0,0.0,1027.0,8228.0,0.0,0.0,0.0,0.0,0.0,1.0,0.0,0.0,0.0,0.0,0.0,-0.1,0.0,-0.4,0.0,0.0,16.0,25903.0
2026-07-30T19:03:59.203Z,408.686,408.702,0.0,7.4,0.0,0.0,0.0,0.0,0.0,0.0,0.0,0.0,1.0,0.0,0.0,0.0,9.0,4.0,0.0,0.0,0.0,0.0,0.0,0.0,0.0,0.0,6.0,12.0,1.0,12.17,5.0200000000000005,2.51,1.5,0.0,0.1,0.0,361.4,0.0,-0.8,-0.3,-0.2,-169.70000000000002,0.0,0.0,169.70000000000002,0.0,21.3,28.9,28.9,30.9,300.0,300.0,31.700000000000003,35.9,28.9,28.1,29.9,4.95,1.99,4.97,0.16,0.0,0.0,1027.0,8228.0,0.0,0.0,0.0,0.0,0.0,1.0,0.0,0.0,0.0,0.0,0.0,-0.6000000000000001,0.0,0.1,0.0,0.0,16.0,25903.0
2026-07-30T19:03:59.216Z,408.699,408.714,0.0,7.4,0.0,0.0,0.0,0.0,0.0,0.0,0.0,0.0,1.0,0.0,0.0,0.0,9.0,4.0,0.0,0.0,0.0,0.0,0.0,0.0,0.0,0.0,1.0,12.0,1.0,12.17,5.0200000000000005,2.51,1.5,0.0,0.0,0.0,361.3,0.0,-0.2,0.2,-0.7000000000000001,-169.70000000000002,0.0,0.0,169.70000000000002,0.0,21.3,28.9,28.9,30.9,300.0,300.0,31.700000000000003,35.9,28.9,28.1,29.9,4.96,1.99,4.96,0.16,0.0,0.0,1027.0,8228.0,0.0,0.0,0.0,0.0,0.0,1.0,0.0,0.0,0.0,0.0,0.0,-0.3,0.0,0.7000000000000001,0.0,0.0,16.0,25903.0
2026-07-30T19:03:59.227Z,408.71,408.726,0.0,7.4,0.0,0.0,0.0,0.0,0.0,0.0,0.0,0.0,1.0,0.0,0.0,0.0,9.0,4.0,0.0,0.0,0.0,0.0,0.0,0.0,0.0,0.0,2.0,12.0,1.0,12.17,5.0200000000000005,2.51,1.5,0.0,0.0,0.0,361.4,0.0,-0.2,1.3,2.7,-169.70000000000002,0.0,0.0,169.8,0.0,21.3,28.9,28.9,30.9,300.0,300.0,31.700000000000003,35.9,28.9,28.1,29.9,4.96,2.0,4.96,0.17,0.0,0.0,1027.0,8228.0,0.0,0.0,0.0,0.0,0.0,1.0,0.0,0.0,0.0,0.0,0.0,3.6,0.0,-2.1,0.0,0.0,16.0,25903.0
2026-07-30T19:03:59.239Z,408.722,408.738,0.0,7.4,0.0,0.0,0.0,0.0,0.0,0.0,0.0,0.0,1.0,0.0,0.0,0.0,9.0,4.0,0.0,0.0,0.0,0.0,0.0,0.0,0.0,0.0,4.0,12.0,1.0,12.17,5.0200000000000005,2.51,1.5,0.0,0.0,0.0,361.4,0.0,0.2,1.3,-0.2,-169.70000000000002,0.0,0.0,169.8,0.0,21.3,28.9,28.9,30.9,300.0,300.0,31.700000000000003,35.9,28.9,28.1,29.9,4.95,1.99,4.96,0.16,0.0,0.0,1027.0,8228.0,0.0,0.0,0.0,0.0,0.0,1.0,0.0,0.0,0.0,0.0,0.0,1.3,0.0,0.5,0.0,0.0,16.0,25903.0
2026-07-30T19:03:59.251Z,408.734,408.75,0.0,7.4,0.0,0.0,0.0,0.0,0.0,0.0,0.0,0.0,1.0,0.0,0.0,0.0,9.0,4.0,0.0,0.0,0.0,0.0,0.0,0.0,0.0,0.0,4.0,12.0,1.0,12.17,5.0200000000000005,2.51,1.5,0.0,0.0,0.0,361.3,0.0,0.8,-0.3,0.3,-169.70000000000002,0.0,0.0,169.70000000000002,0.0,21.3,28.9,28.9,30.9,300.0,300.0,31.700000000000003,35.9,28.9,28.1,29.9,4.95,1.99,4.97,0.16,0.0,0.0,1027.0,8228.0,0.0,0.0,0.0,0.0,0.0,1.0,0.0,0.0,0.0,0.0,0.0,-0.1,0.0,-0.3,0.0,0.0,16.0,25903.0
2026-07-30T19:03:59.263Z,408.746,408.762,0.0,7.4,0.0,0.0,0.0,0.0,0.0,0.0,0.0,0.0,1.0,0.0,0.0,0.0,9.0,4.0,0.0,0.0,0.0,0.0,0.0,0.0,0.0,0.0,6.0,12.0,1.0,12.17,5.0200000000000005,2.51,1.5,0.0,0.0,0.0,361.3,0.0,0.2,-0.4,0.3,-169.70000000000002,0.0,0.0,169.8,0.0,21.3,28.9,28.9,30.9,300.0,300.0,31.700000000000003,35.9,28.9,28.1,29.9,4.96,2.0,4.96,0.16,0.0,0.0,1027.0,8228.0,0.0,0.0,0.0,0.0,0.0,1.0,0.0,0.0,0.0,0.0,0.0,-0.2,0.0,-0.3,0.0,0.0,16.0,25903.0
2026-07-30T19:03:59.275Z,408.758,408.774,0.0,7.4,0.0,0.0,0.0,0.0,0.0,0.0,0.0,0.0,1.0,0.0,0.0,0.0,9.0,4.0,0.0,0.0,0.0,0.0,0.0,0.0,0.0,0.0,1.0,12.0,1.0,12.17,5.0200000000000005,2.51,1.5,0.0,0.1,0.0,361.3,0.0,0.2,0.1,-0.2,-169.70000000000002,0.0,0.0,169.70000000000002,0.0,21.3,28.9,28.9,30.9,300.0,300.0,31.700000000000003,35.9,28.9,28.1,29.9,4.96,1.99,4.97,0.16,0.0,0.0,1027.0,8228.0,0.0,0.0,0.0,0.0,0.0,1.0,0.0,0.0,0.0,0.0,0.0,0.0,0.0,0.2,0.0,0.0,16.0,25903.0
2026-07-30T19:03:59.287Z,408.77,408.786,0.0,7.4,0.0,0.0,0.0,0.0,0.0,0.0,0.0,0.0,1.0,0.0,0.0,0.0,9.0,4.0,0.0,0.0,0.0,0.0,0.0,0.0,0.0,0.0,2.0,12.0,1.0,12.17,5.0200000000000005,2.51,1.5,0.0,0.0,0.0,361.3,0.0,-0.2,0.2,-0.2,-169.70000000000002,0.0,0.0,169.8,0.0,21.3,28.9,28.9,30.9,300.0,300.0,31.700000000000003,35.9,28.9,28.1,29.9,4.96,1.99,4.97,0.16,0.0,0.0,1027.0,8228.0,0.0,0.0,0.0,0.0,0.0,1.0,0.0,0.0,0.0,0.0,0.0,0.0,0.0,0.2,0.0,0.0,16.0,25903.0
2026-07-30T19:03:59.301Z,408.784,408.798,0.0,7.4,0.0,0.0,0.0,0.0,0.0,0.0,0.0,0.0,1.0,0.0,0.0,0.0,9.0,4.0,0.0,0.0,0.0,0.0,0.0,0.0,0.0,0.0,3.0,12.0,1.0,12.19,5.01,2.5,1.49,0.0,0.1,0.0,361.3,0.0,-0.8,-0.9,-2.5,-169.70000000000002,0.0,0.0,169.8,0.0,21.200000000000003,28.9,28.9,30.9,300.0,300.0,31.700000000000003,35.9,28.9,28.0,29.9,4.96,1.99,4.96,0.16,0.0,0.0,1027.0,8228.0,0.0,0.0,0.0,0.0,0.0,1.0,0.0,0.0,0.0,0.0,0.0,-2.9000000000000004,0.0,2.0,0.0,0.0,16.0,25903.0
2026-07-30T19:03:59.312Z,408.795,408.81,0.0,7.4,0.0,0.0,0.0,0.0,0.0,0.0,0.0,0.0,1.0,0.0,0.0,0.0,9.0,4.0,0.0,0.0,0.0,0.0,0.0,0.0,0.0,0.0,4.0,12.0,1.0,12.19,5.01,2.5,1.49,0.0,0.0,0.0,361.3,0.0,0.8,0.1,0.3,-169.70000000000002,0.0,0.0,169.70000000000002,0.0,21.200000000000003,28.9,28.9,30.9,300.0,300.0,31.700000000000003,35.9,28.9,28.0,29.9,4.95,1.99,4.96,0.16,0.0,0.0,1027.0,8228.0,0.0,0.0,0.0,0.0,0.0,1.0,0.0,0.0,0.0,0.0,0.0,0.4,0.0,-0.2,0.0,0.0,16.0,25903.0
2026-07-30T19:03:59.323Z,408.806,408.822,0.0,7.4,0.0,0.0,0.0,0.0,0.0,0.0,0.0,0.0,1.0,0.0,0.0,0.0,9.0,4.0,0.0,0.0,0.0,0.0,0.0,0.0,0.0,0.0,5.0,12.0,1.0,12.19,5.01,2.5,1.49,0.0,0.0,0.0,361.3,0.0,-0.2,0.1,2.0,-169.70000000000002,0.0,0.0,169.60000000000002,0.0,21.200000000000003,28.9,28.9,30.9,300.0,300.0,31.700000000000003,35.9,28.9,28.0,29.9,4.95,1.99,4.97,0.16,0.0,0.0,1027.0,8228.0,0.0,0.0,0.0,0.0,0.0,1.0,0.0,0.0,0.0,0.0,0.0,1.7000000000000002,0.0,-1.8,0.0,0.0,16.0,25903.0
2026-07-30T19:03:59.335Z,408.818,408.834,0.0,7.4,0.0,0.0,0.0,0.0,0.0,0.0,0.0,0.0,1.0,0.0,0.0,0.0,9.0,4.0,0.0,0.0,0.0,0.0,0.0,0.0,0.0,0.0,1.0,12.0,1.0,12.19,5.01,2.5,1.49,0.0,0.0,0.0,361.4,0.0,-0.3,-0.4,-0.2,-169.70000000000002,0.0,0.0,169.60000000000002,0.0,21.200000000000003,28.9,28.9,30.9,300.0,300.0,31.700000000000003,35.9,28.9,28.0,29.9,4.95,1.99,4.97,0.17,0.0,0.0,1027.0,8228.0,0.0,0.0,0.0,0.0,0.0,1.0,0.0,0.0,0.0,0.0,0.0,-0.6000000000000001,0.0,0.1,0.0,0.0,16.0,25903.0
2026-07-30T19:03:59.347Z,408.83,408.846,0.0,7.4,0.0,0.0,0.0,0.0,0.0,0.0,0.0,0.0,1.0,0.0,0.0,0.0,9.0,4.0,0.0,0.0,0.0,0.0,0.0,0.0,0.0,0.0,2.0,12.0,1.0,12.19,5.01,2.5,1.49,0.0,0.0,0.0,361.3,0.0,-0.8,0.1,0.3,-169.70000000000002,0.0,0.0,169.70000000000002,0.0,21.200000000000003,28.9,28.9,30.9,300.0,300.0,31.700000000000003,35.9,28.9,28.0,29.9,4.96,1.99,4.96,0.16,0.0,0.0,1027.0,8228.0,0.0,0.0,0.0,0.0,0.0,1.0,0.0,0.0,0.0,0.0,0.0,0.4,0.0,-0.2,0.0,0.0,16.0,25903.0
2026-07-30T19:03:59.359Z,408.842,408.858,0.0,7.4,0.0,0.0,0.0,0.0,0.0,0.0,0.0,0.0,1.0,0.0,0.0,0.0,9.0,4.0,0.0,0.0,0.0,0.0,0.0,0.0,0.0,0.0,3.0,12.0,1.0,12.19,5.01,2.5,1.49,0.0,0.0,0.0,361.3,0.0,0.2,-0.4,-0.7000000000000001,-169.70000000000002,0.0,0.0,169.60000000000002,0.0,21.200000000000003,28.9,28.9,30.9,300.0,300.0,31.700000000000003,35.9,28.9,28.0,29.9,4.95,1.99,4.97,0.16,0.0,0.0,1027.0,8228.0,0.0,0.0,0.0,0.0,0.0,1.0,0.0,0.0,0.0,0.0,0.0,-1.0,0.0,0.6000000000000001,0.0,0.0,16.0,25903.0
2026-07-30T19:03:59.371Z,408.854,408.87,0.0,7.4,0.0,0.0,0.0,0.0,0.0,0.0,0.0,0.0,1.0,0.0,0.0,0.0,9.0,4.0,0.0,0.0,0.0,0.0,0.0,0.0,0.0,0.0,4.0,12.0,1.0,12.19,5.01,2.5,1.49,0.0,0.0,0.0,361.4,0.0,-0.3,0.7000000000000001,0.3,-169.70000000000002,0.0,0.0,169.60000000000002,0.0,21.200000000000003,28.9,28.9,30.9,300.0,300.0,31.700000000000003,35.9,28.9,28.0,29.9,4.95,1.99,4.97,0.16,0.0,0.0,1027.0,8228.0,0.0,0.0,0.0,0.0,0.0,1.0,0.0,0.0,0.0,0.0,0.0,1.1,0.0,-0.1,0.0,0.0,16.0,25903.0
2026-07-30T19:03:59.383Z,408.866,408.882,0.0,7.4,0.0,0.0,0.0,0.0,0.0,0.0,0.0,0.0,1.0,0.0,0.0,0.0,9.0,4.0,0.0,0.0,0.0,0.0,0.0,0.0,0.0,0.0,5.0,12.0,1.0,12.19,5.01,2.5,1.49,0.0,0.0,0.0,361.3,0.0,-0.2,-0.3,1.0,-169.70000000000002,0.0,0.0,169.60000000000002,0.0,21.200000000000003,28.9,28.9,30.9,300.0,300.0,31.700000000000003,35.9,28.9,28.0,29.9,4.96,2.0,4.97,0.16,0.0,0.0,1027.0,8228.0,0.0,0.0,0.0,0.0,0.0,1.0,0.0,0.0,0.0,0.0,0.0,0.3,0.0,-0.9,0.0,0.0,16.0,25903.0
2026-07-30T19:03:59.395Z,408.878,408.894,0.0,7.4,0.0,0.0,0.0,0.0,0.0,0.0,0.0,0.0,1.0,0.0,0.0,0.0,9.0,4.0,0.0,0.0,0.0,0.0,0.0,0.0,0.0,0.0,5.0,12.0,1.0,12.19,5.01,2.5,1.49,0.0,0.0,0.0,361.3,0.0,0.3,-0.3,-0.7000000000000001,-169.60000000000002,0.0,0.0,169.70000000000002,0.0,21.200000000000003,28.9,28.9,30.9,300.0,300.0,31.700000000000003,35.9,28.9,28.0,29.9,4.95,2.0,4.96,0.16,0.0,0.0,1027.0,8228.0,0.0,0.0,0.0,0.0,0.0,1.0,0.0,0.0,0.0,0.0,0.0,-0.9,0.0,0.5,0.0,0.0,16.0,25903.0
2026-07-30T19:03:59.408Z,408.891,408.906,0.0,7.4,0.0,0.0,0.0,0.0,0.0,0.0,0.0,0.0,1.0,0.0,0.0,0.0,9.0,4.0,0.0,0.0,0.0,0.0,0.0,0.0,0.0,0.0,6.0,12.0,1.0,12.17,5.01,2.51,1.49,0.0,0.0,0.0,361.4,0.0,-0.2,0.1,-0.1,-169.60000000000002,0.0,0.0,169.60000000000002,0.0,21.3,28.9,28.9,30.9,300.0,300.0,31.6,35.9,28.9,28.0,29.9,4.95,1.99,4.97,0.16,0.0,0.0,1027.0,8228.0,0.0,0.0,0.0,0.0,0.0,1.0,0.0,0.0,0.0,0.0,0.0,0.0,0.0,0.1,0.0,0.0,16.0,25903.0
2026-07-30T19:03:59.419Z,408.902,408.918,0.0,7.4,0.0,0.0,0.0,0.0,0.0,0.0,0.0,0.0,1.0,0.0,0.0,0.0,9.0,4.0,0.0,0.0,0.0,0.0,0.0,0.0,0.0,0.0,1.0,12.0,1.0,12.17,5.01,2.51,1.49,0.0,0.0,0.0,361.3,0.0,0.3,0.7000000000000001,-0.7000000000000001,-169.60000000000002,0.0,0.0,169.60000000000002,0.0,21.3,28.9,28.9,30.9,300.0,300.0,31.6,35.9,28.9,28.0,29.9,4.95,1.99,4.96,0.16,0.0,0.0,1027.0,8228.0,0.0,0.0,0.0,0.0,0.0,1.0,0.0,0.0,0.0,0.0,0.0,0.2,0.0,0.8,0.0,0.0,16.0,25903.0
2026-07-30T19:03:59.431Z,408.914,408.93,0.0,7.4,0.0,0.0,0.0,0.0,0.0,0.0,0.0,0.0,1.0,0.0,0.0,0.0,9.0,4.0,0.0,0.0,0.0,0.0,0.0,0.0,0.0,0.0,3.0,12.0,1.0,12.17,5.01,2.51,1.49,0.0,0.0,0.0,361.4,0.0,-0.2,-0.3,-0.2,-169.60000000000002,0.0,0.0,169.70000000000002,0.0,21.3,28.9,28.9,30.9,300.0,300.0,31.6,35.9,28.9,28.0,29.9,4.96,1.99,4.96,0.15,0.0,0.0,1027.0,8228.0,0.0,0.0,0.0,0.0,0.0,1.0,0.0,0.0,0.0,0.0,0.0,-0.5,0.0,0.1,0.0,0.0,16.0,25903.0
2026-07-30T19:03:59.443Z,408.926,408.942,0.0,7.4,0.0,0.0,0.0,0.0,0.0,0.0,0.0,0.0,1.0,0.0,0.0,0.0,9.0,4.0,0.0,0.0,0.0,0.0,0.0,0.0,0.0,0.0,4.0,12.0,1.0,12.17,5.01,2.51,1.49,0.0,0.0,0.0,361.3,0.0,-0.2,-0.9,0.3,-169.60000000000002,0.0,0.0,169.8,0.0,21.3,28.9,28.9,30.9,300.0,300.0,31.6,35.9,28.9,28.0,29.9,4.95,1.99,4.97,0.16,0.0,0.0,1027.0,8228.0,0.0,0.0,0.0,0.0,0.0,1.0,0.0,0.0,0.0,0.0,0.0,-0.8,0.0,-0.5,0.0,0.0,16.0,25903.0
2026-07-30T19:03:59.455Z,408.938,408.954,0.0,7.4,0.0,0.0,0.0,0.0,0.0,0.0,0.0,0.0,1.0,0.0,0.0,0.0,9.0,4.0,0.0,0.0,0.0,0.0,0.0,0.0,0.0,0.0,5.0,12.0,1.0,12.17,5.01,2.51,1.49,0.0,0.0,0.0,361.4,0.0,0.3,-0.3,-0.7000000000000001,-169.60000000000002,0.0,0.0,169.70000000000002,0.0,21.3,28.9,28.9,30.9,300.0,300.0,31.6,35.9,28.9,28.0,29.9,4.95,1.99,4.97,0.16,0.0,0.0,1027.0,8228.0,0.0,0.0,0.0,0.0,0.0,1.0,0.0,0.0,0.0,0.0,0.0,-0.9,0.0,0.5,0.0,0.0,16.0,25903.0
2026-07-30T19:03:59.467Z,408.95,408.966,0.0,7.4,0.0,0.0,0.0,0.0,0.0,0.0,0.0,0.0,1.0,0.0,0.0,0.0,9.0,4.0,0.0,0.0,0.0,0.0,0.0,0.0,0.0,0.0,6.0,12.0,1.0,12.17,5.01,2.51,1.49,0.0,0.0,0.0,361.3,0.0,-0.7000000000000001,-0.3,-0.2,-169.60000000000002,0.0,0.0,169.70000000000002,0.0,21.3,28.9,28.9,30.9,300.0,300.0,31.6,35.9,28.9,28.0,29.9,4.95,2.0,4.96,0.16,0.0,0.0,1027.0,8228.0,0.0,0.0,0.0,0.0,0.0,1.0,0.0,0.0,0.0,0.0,0.0,-0.5,0.0,0.1,0.0,0.0,16.0,25903.0
2026-07-30T19:03:59.479Z,408.962,408.978,0.0,7.4,0.0,0.0,0.0,0.0,0.0,0.0,0.0,0.0,1.0,0.0,0.0,0.0,9.0,4.0,0.0,0.0,0.0,0.0,0.0,0.0,0.0,0.0,1.0,12.0,1.0,12.17,5.01,2.51,1.49,0.0,0.0,0.0,361.4,0.0,0.3,0.2,-0.1,-169.60000000000002,0.0,0.0,169.70000000000002,0.0,21.3,28.9,28.9,30.9,300.0,300.0,31.6,35.9,28.9,28.0,29.9,4.96,1.99,4.96,0.16,0.0,0.0,1027.0,8228.0,0.0,0.0,0.0,0.0,0.0,1.0,0.0,0.0,0.0,0.0,0.0,0.1,0.0,0.2,0.0,0.0,16.0,25903.0
2026-07-30T19:03:59.491Z,408.974,408.99,0.0,7.4,0.0,0.0,0.0,0.0,0.0,0.0,0.0,0.0,1.0,0.0,0.0,0.0,9.0,4.0,0.0,0.0,0.0,0.0,0.0,0.0,0.0,0.0,1.0,12.0,1.0,12.17,5.01,2.51,1.49,0.0,0.0,0.0,361.4,0.0,-0.2,-0.3,-0.7000000000000001,-169.60000000000002,0.0,0.0,169.60000000000002,0.0,21.3,28.9,28.9,30.9,300.0,300.0,31.6,35.9,28.9,28.0,29.9,4.96,1.99,4.97,0.16,0.0,0.0,1027.0,8228.0,0.0,0.0,0.0,0.0,0.0,1.0,0.0,0.0,0.0,0.0,0.0,-0.9,0.0,0.5,0.0,0.0,16.0,25903.0
2026-07-30T19:03:59.505Z,408.988,409.002,0.0,7.4,0.0,0.0,0.0,0.0,0.0,0.0,0.0,0.0,1.0,0.0,0.0,0.0,9.0,4.0,0.0,0.0,0.0,0.0,0.0,0.0,0.0,0.0,3.0,12.0,1.0,12.18,5.01,2.5,1.49,0.0,0.0,0.0,361.3,0.0,0.9,0.8,0.4,-169.60000000000002,0.0,0.0,169.60000000000002,0.0,21.4,28.9,28.9,30.9,300.0,300.0,31.700000000000003,35.9,28.8,28.0,29.9,4.96,1.99,4.96,0.16,0.0,0.0,1027.0,8228.0,0.0,0.0,0.0,0.0,0.0,1.0,0.0,0.0,0.0,0.0,0.0,1.2000000000000002,0.0,-0.1,0.0,0.0,16.0,25903.0
2026-07-30T19:03:59.515Z,408.998,409.014,0.0,7.4,0.0,0.0,0.0,0.0,0.0,0.0,0.0,0.0,1.0,0.0,0.0,0.0,9.0,4.0,0.0,0.0,0.0,0.0,0.0,0.0,0.0,0.0,3.0,12.0,1.0,12.18,5.01,2.5,1.49,0.0,0.0,0.0,361.3,0.0,-0.2,1.4,1.0,-169.60000000000002,0.0,0.0,169.70000000000002,0.0,21.4,28.9,28.9,30.9,300.0,300.0,31.700000000000003,35.9,28.8,28.0,29.9,4.96,1.99,4.96,0.16,0.0,0.0,1027.0,8228.0,0.0,0.0,0.0,0.0,0.0,1.0,0.0,0.0,0.0,0.0,0.0,2.4000000000000004,0.0,-0.6000000000000001,0.0,0.0,16.0,25903.0
2026-07-30T19:03:59.527Z,409.01,409.026,0.0,7.4,0.0,0.0,0.0,0.0,0.0,0.0,0.0,0.0,1.0,0.0,0.0,0.0,9.0,4.0,0.0,0.0,0.0,0.0,0.0,0.0,0.0,0.0,5.0,12.0,1.0,12.18,5.01,2.5,1.49,0.0,0.0,0.0,361.3,0.0,-0.8,-0.2,0.4,-169.60000000000002,0.0,0.0,169.8,0.0,21.4,28.9,28.9,30.9,300.0,300.0,31.700000000000003,35.9,28.8,28.0,29.9,4.95,2.0,4.96,0.15,0.0,0.0,1027.0,8228.0,0.0,0.0,0.0,0.0,0.0,1.0,0.0,0.0,0.0,0.0,0.0,0.0,0.0,-0.4,0.0,0.0,16.0,25903.0
2026-07-30T19:03:59.539Z,409.022,409.038,0.0,7.4,0.0,0.0,0.0,0.0,0.0,0.0,0.0,0.0,1.0,0.0,0.0,0.0,9.0,4.0,0.0,0.0,0.0,0.0,0.0,0.0,0.0,0.0,5.0,12.0,1.0,12.18,5.01,2.5,1.49,0.0,0.0,0.0,361.4,0.0,0.3,0.9,-0.1,-169.60000000000002,0.0,0.0,169.8,0.0,21.4,28.9,28.9,30.9,300.0,300.0,31.700000000000003,35.9,28.8,28.0,29.9,4.96,2.0,4.97,0.16,0.0,0.0,1027.0,8228.0,0.0,0.0,0.0,0.0,0.0,1.0,0.0,0.0,0.0,0.0,0.0,0.9,0.0,0.3,0.0,0.0,16.0,25903.0
2026-07-30T19:03:59.551Z,409.034,409.05,0.0,7.4,0.0,0.0,0.0,0.0,0.0,0.0,0.0,0.0,1.0,0.0,0.0,0.0,9.0,4.0,0.0,0.0,0.0,0.0,0.0,0.0,0.0,0.0,1.0,12.0,1.0,12.18,5.01,2.5,1.49,0.0,0.1,0.0,361.3,0.0,-0.2,-1.4,-1.3,-169.60000000000002,0.0,0.0,169.70000000000002,0.0,21.4,28.9,28.9,30.9,300.0,300.0,31.700000000000003,35.9,28.8,28.0,29.9,4.96,1.99,4.96,0.16,0.0,0.0,1027.0,8228.0,0.0,0.0,0.0,0.0,0.0,1.0,0.0,0.0,0.0,0.0,0.0,-2.6,0.0,0.8,0.0,0.0,16.0,25903.0
2026-07-30T19:03:59.563Z,409.046,409.062,0.0,7.4,0.0,0.0,0.0,0.0,0.0,0.0,0.0,0.0,1.0,0.0,0.0,0.0,9.0,4.0,0.0,0.0,0.0,0.0,0.0,0.0,0.0,0.0,2.0,12.0,1.0,12.18,5.01,2.5,1.49,0.0,0.0,0.0,361.4,0.0,-0.8,0.8,-0.2,-169.70000000000002,0.0,0.0,169.8,0.0,21.4,28.9,28.9,30.9,300.0,300.0,31.700000000000003,35.9,28.8,28.0,29.9,4.96,1.99,4.97,0.16,0.0,0.0,1027.0,8228.0,0.0,0.0,0.0,0.0,0.0,1.0,0.0,0.0,0.0,0.0,0.0,0.7000000000000001,0.0,0.3,0.0,0.0,16.0,25903.0
2026-07-30T19:03:59.575Z,409.058,409.074,0.0,7.4,0.0,0.0,0.0,0.0,0.0,0.0,0.0,0.0,1.0,0.0,0.0,0.0,9.0,4.0,0.0,0.0,0.0,0.0,0.0,0.0,0.0,0.0,3.0,12.0,1.0,12.18,5.01,2.5,1.49,0.0,0.0,0.0,361.3,0.0,0.3,0.2,-0.1,-169.70000000000002,0.0,0.0,169.8,0.0,21.4,28.9,28.9,30.9,300.0,300.0,31.700000000000003,35.9,28.8,28.0,29.9,4.95,1.99,4.97,0.16,0.0,0.0,1027.0,8228.0,0.0,0.0,0.0,0.0,0.0,1.0,0.0,0.0,0.0,0.0,0.0,0.1,0.0,0.1,0.0,0.0,16.0,25903.0
2026-07-30T19:03:59.587Z,409.07,409.086,0.0,7.4,0.0,0.0,0.0,0.0,0.0,0.0,0.0,0.0,1.0,0.0,0.0,0.0,9.0,4.0,0.0,0.0,0.0,0.0,0.0,0.0,0.0,0.0,4.0,12.0,1.0,12.18,5.01,2.5,1.49,0.0,0.0,0.0,361.3,0.0,0.2,0.2,1.6,-169.70000000000002,0.0,0.0,169.8,0.0,21.4,28.9,28.9,30.9,300.0,300.0,31.700000000000003,35.9,28.8,28.0,29.9,4.96,1.99,4.96,0.16,0.0,0.0,1027.0,8228.0,0.0,0.0,0.0,0.0,0.0,1.0,0.0,0.0,0.0,0.0,0.0,1.4,0.0,-1.3,0.0,0.0,16.0,25903.0
2026-07-30T19:03:59.599Z,409.082,409.098,0.0,7.4,0.0,0.0,0.0,0.0,0.0,0.0,0.0,0.0,1.0,0.0,0.0,0.0,9.0,4.0,0.0,0.0,0.0,0.0,0.0,0.0,0.0,0.0,5.0,12.0,1.0,12.18,5.01,2.5,1.49,0.0,0.0,0.0,361.3,0.0,0.2,0.2,-0.7000000000000001,-169.70000000000002,0.0,0.0,169.8,0.0,21.4,28.9,28.9,30.9,300.0,300.0,31.700000000000003,35.9,28.8,28.0,29.9,4.95,1.99,4.97,0.16,0.0,0.0,1027.0,8228.0,0.0,0.0,0.0,0.0,0.0,1.0,0.0,0.0,0.0,0.0,0.0,-0.3,0.0,0.6000000000000001,0.0,0.0,16.0,25903.0
2026-07-30T19:03:59.611Z,409.094,409.11,0.0,7.4,0.0,0.0,0.0,0.0,0.0,0.0,0.0,0.0,1.0,0.0,0.0,0.0,9.0,4.0,0.0,0.0,0.0,0.0,0.0,0.0,0.0,0.0,6.0,12.0,1.0,12.17,5.01,2.5,1.49,0.0,0.0,0.0,361.4,0.0,0.8,0.7000000000000001,-0.1,-169.70000000000002,0.0,0.0,169.8,0.0,21.4,28.9,28.9,30.9,300.0,300.0,31.700000000000003,35.9,28.8,28.0,29.9,4.95,1.99,4.96,0.16,0.0,0.0,1027.0,8228.0,0.0,0.0,0.0,0.0,0.0,1.0,0.0,0.0,0.0,0.0,0.0,0.7000000000000001,0.0,0.3,0.0,0.0,16.0,25903.0
2026-07-30T19:03:59.623Z,409.106,409.122,0.0,7.4,0.0,0.0,0.0,0.0,0.0,0.0,0.0,0.0,1.0,0.0,0.0,0.0,9.0,4.0,0.0,0.0,0.0,0.0,0.0,0.0,0.0,0.0,2.0,12.0,1.0,12.17,5.01,2.5,1.49,0.0,0.0,0.0,361.4,0.0,-0.3,0.1,0.9,-169.70000000000002,0.0,0.0,169.8,0.0,21.4,28.9,28.9,30.9,300.0,300.0,31.700000000000003,35.9,28.8,28.0,29.9,4.96,1.99,4.96,0.16,0.0,0.0,1027.0,8228.0,0.0,0.0,0.0,0.0,0.0,1.0,0.0,0.0,0.0,0.0,0.0,0.9,0.0,-0.7000000000000001,0.0,0.0,16.0,25903.0
2026-07-30T19:03:59.635Z,409.118,409.134,0.0,7.4,0.0,0.0,0.0,0.0,0.0,0.0,0.0,0.0,1.0,0.0,0.0,0.0,9.0,4.0,0.0,0.0,0.0,0.0,0.0,0.0,0.0,0.0,3.0,12.0,1.0,12.17,5.01,2.5,1.49,0.0,0.0,0.0,361.4,0.0,0.2,-0.4,-0.2,-169.70000000000002,0.0,0.0,169.8,0.0,21.4,28.9,28.9,30.9,300.0,300.0,31.700000000000003,35.9,28.8,28.0,29.9,4.95,1.99,4.96,0.16,0.0,0.0,1027.0,8228.0,0.0,0.0,0.0,0.0,0.0,1.0,0.0,0.0,0.0,0.0,0.0,-0.6000000000000001,0.0,0.1,0.0,0.0,16.0,25903.0
2026-07-30T19:03:59.647Z,409.13,409.146,0.0,7.4,0.0,0.0,0.0,0.0,0.0,0.0,0.0,0.0,1.0,0.0,0.0,0.0,9.0,4.0,0.0,0.0,0.0,0.0,0.0,0.0,0.0,0.0,4.0,12.0,1.0,12.17,5.01,2.5,1.49,0.0,0.0,0.0,361.3,0.0,-0.3,-0.4,0.3,-169.70000000000002,0.0,0.0,169.8,0.0,21.4,28.9,28.9,30.9,300.0,300.0,31.700000000000003,35.9,28.8,28.0,29.9,4.96,1.99,4.97,0.16,0.0,0.0,1027.0,8228.0,0.0,0.0,0.0,0.0,0.0,1.0,0.0,0.0,0.0,0.0,0.0,0.2,0.0,-0.9,0.0,0.0,16.0,25903.0
2026-07-30T19:03:59.660Z,409.143,409.158,0.0,7.4,0.0,0.0,0.0,0.0,0.0,0.0,0.0,0.0,1.0,0.0,0.0,0.0,9.0,4.0,0.0,0.0,0.0,0.0,0.0,0.0,0.0,0.0,5.0,12.0,1.0,12.17,5.01,2.5,1.49,0.0,0.0,0.0,361.3,0.0,-0.8,0.1,-0.1,-169.70000000000002,0.0,0.0,169.8,0.0,21.4,28.9,28.9,30.9,300.0,300.0,31.700000000000003,35.9,28.8,28.0,29.9,4.96,1.99,4.96,0.16,0.0,0.0,1027.0,8228.0,0.0,0.0,0.0,0.0,0.0,1.0,0.0,0.0,0.0,0.0,0.0,1.8,0.0,0.0,0.0,0.0,16.0,25903.0
2026-07-30T19:03:59.671Z,409.154,409.17,0.0,7.4,0.0,0.0,0.0,0.0,0.0,0.0,0.0,0.0,1.0,0.0,0.0,0.0,9.0,4.0,0.0,0.0,0.0,0.0,0.0,0.0,0.0,0.0,6.0,12.0,1.0,12.17,5.01,2.5,1.49,0.0,0.0,0.0,361.4,0.0,0.3,-0.3,-0.7000000000000001,-169.70000000000002,0.0,0.0,169.8,0.0,21.4,28.9,28.9,30.9,300.0,300.0,31.700000000000003,35.9,28.8,28.0,29.9,4.96,1.99,4.96,0.16,0.0,0.0,1027.0,8228.0,0.0,0.0,0.0,0.0,0.0,1.0,0.0,0.0,0.0,0.0,0.0,0.7000000000000001,0.0,0.3,0.0,0.0,16.0,25903.0
2026-07-30T19:03:59.683Z,409.166,409.182,0.0,7.4,0.0,0.0,0.0,0.0,0.0,0.0,0.0,0.0,1.0,0.0,0.0,0.0,9.0,4.0,0.0,0.0,0.0,0.0,0.0,0.0,0.0,0.0,2.0,12.0,1.0,12.17,5.01,2.5,1.49,0.0,0.0,0.0,361.3,0.0,-0.8,-0.3,-0.1,-169.70000000000002,0.0,0.0,169.8,0.0,21.4,28.9,28.9,30.9,300.0,300.0,31.700000000000003,35.9,28.8,28.0,29.9,4.95,1.99,4.97,0.16,0.0,0.0,1027.0,8228.0,0.0,0.0,0.0,0.0,0.0,1.0,0.0,0.0,0.0,0.0,0.0,-0.1,0.0,-0.4,0.0,0.0,16.0,25903.0
2026-07-30T19:03:59.695Z,409.178,409.194,0.0,7.4,0.0,0.0,0.0,0.0,0.0,0.0,0.0,0.0,1.0,0.0,0.0,0.0,9.0,4.0,0.0,0.0,0.0,0.0,0.0,0.0,0.0,0.0,2.0,12.0,1.0,12.17,5.01,2.5,1.49,0.0,0.0,0.0,361.4,0.0,0.8,0.7000000000000001,0.4,-169.70000000000002,0.0,0.0,169.70000000000002,0.0,21.4,28.9,28.9,30.9,300.0,300.0,31.700000000000003,35.9,28.8,28.0,29.9,4.96,1.99,4.96,0.16,0.0,0.0,1027.0,8228.0,0.0,0.0,0.0,0.0,0.0,1.0,0.0,0.0,0.0,0.0,0.0,1.2000000000000002,0.0,-0.2,0.0,0.0,16.0,25903.0
2026-07-30T19:03:59.709Z,409.192,409.206,0.0,7.4,0.0,0.0,0.0,0.0,0.0,0.0,0.0,0.0,1.0,0.0,0.0,0.0,9.0,4.0,0.0,0.0,0.0,0.0,0.0,0.0,0.0,0.0,4.0,12.0,1.0,12.17,5.01,2.51,1.49,0.0,0.1,0.0,361.4,0.0,0.3,0.1,-0.6000000000000001,-169.70000000000002,0.0,0.0,169.8,0.0,21.700000000000003,28.9,28.9,30.9,300.0,300.0,31.700000000000003,35.9,28.8,28.0,29.9,4.96,1.99,4.96,0.16,0.0,0.0,1027.0,8228.0,0.0,0.0,0.0,0.0,0.0,1.0,0.0,0.0,0.0,0.0,0.0,-0.3,0.0,0.6000000000000001,0.0,0.0,16.0,25903.0
2026-07-30T19:03:59.719Z,409.202,409.218,0.0,7.4,0.0,0.0,0.0,0.0,0.0,0.0,0.0,0.0,1.0,0.0,0.0,0.0,9.0,4.0,0.0,0.0,0.0,0.0,0.0,0.0,0.0,0.0,5.0,12.0,1.0,12.17,5.01,2.51,1.49,0.0,0.0,0.0,361.3,0.0,-0.2,0.7000000000000001,-0.1,-169.70000000000002,0.0,0.0,169.8,0.0,21.700000000000003,28.9,28.9,30.9,300.0,300.0,31.700000000000003,35.9,28.8,28.0,29.9,4.95,1.99,4.96,0.16,0.0,0.0,1027.0,8228.0,0.0,0.0,0.0,0.0,0.0,1.0,0.0,0.0,0.0,0.0,0.0,0.7000000000000001,0.0,0.2,0.0,0.0,16.0,25903.0
2026-07-30T19:03:59.731Z,409.214,409.23,0.0,7.4,0.0,0.0,0.0,0.0,0.0,0.0,0.0,0.0,1.0,0.0,0.0,0.0,9.0,4.0,0.0,0.0,0.0,0.0,0.0,0.0,0.0,0.0,6.0,12.0,1.0,12.17,5.01,2.51,1.49,0.0,0.0,0.0,361.3,0.0,-0.2,-0.4,0.4,-169.70000000000002,0.0,0.0,169.8,0.0,21.700000000000003,28.9,28.9,30.9,300.0,300.0,31.700000000000003,35.9,28.8,28.0,29.9,4.95,1.99,4.97,0.16,0.0,0.0,1027.0,8228.0,0.0,0.0,0.0,0.0,0.0,1.0,0.0,0.0,0.0,0.0,0.0,-0.1,0.0,-0.4,0.0,0.0,16.0,25903.0
2026-07-30T19:03:59.744Z,409.227,409.242,0.0,7.4,0.0,0.0,0.0,0.0,0.0,0.0,0.0,0.0,1.0,0.0,0.0,0.0,9.0,4.0,0.0,0.0,0.0,0.0,0.0,0.0,0.0,0.0,1.0,12.0,1.0,12.17,5.01,2.51,1.49,0.0,0.0,0.0,361.3,0.0,0.3,0.7000000000000001,1.0,-169.70000000000002,0.0,0.0,169.8,0.0,21.700000000000003,28.9,28.9,30.9,300.0,300.0,31.700000000000003,35.9,28.8,28.0,29.9,4.95,2.0,4.96,0.16,0.0,0.0,1027.0,8228.0,0.0,0.0,0.0,0.0,0.0,1.0,0.0,0.0,0.0,0.0,0.0,1.5,0.0,-0.7000000000000001,0.0,0.0,16.0,25903.0
2026-07-30T19:03:59.755Z,409.238,409.254,0.0,7.4,0.0,0.0,0.0,0.0,0.0,0.0,0.0,0.0,1.0,0.0,0.0,0.0,9.0,4.0,0.0,0.0,0.0,0.0,0.0,0.0,0.0,0.0,2.0,12.0,1.0,12.17,5.01,2.51,1.49,0.0,0.0,0.0,361.4,0.0,0.3,0.7000000000000001,2.7,-169.70000000000002,0.0,0.0,169.8,0.0,21.700000000000003,28.9,28.9,30.9,300.0,300.0,31.700000000000003,35.9,28.8,28.0,29.9,4.95,1.99,4.97,0.16,0.0,0.0,1027.0,8228.0,0.0,0.0,0.0,0.0,0.0,1.0,0.0,0.0,0.0,0.0,0.0,2.8000000000000003,0.0,-2.2,0.0,0.0,16.0,25903.0
2026-07-30T19:03:59.767Z,409.25,409.266,0.0,7.4,0.0,0.0,0.0,0.0,0.0,0.0,0.0,0.0,1.0,0.0,0.0,0.0,9.0,4.0,0.0,0.0,0.0,0.0,0.0,0.0,0.0,0.0,4.0,12.0,1.0,12.17,5.01,2.51,1.49,0.0,0.0,0.0,361.3,0.0,0.3,0.1,-0.7000000000000001,-169.70000000000002,0.0,0.0,169.70000000000002,0.0,21.700000000000003,28.9,28.9,30.9,300.0,300.0,31.700000000000003,35.9,28.8,28.0,29.9,4.95,2.0,4.97,0.16,0.0,0.0,1027.0,8228.0,0.0,0.0,0.0,0.0,0.0,1.0,0.0,0.0,0.0,0.0,0.0,-0.4,0.0,0.7000000000000001,0.0,0.0,16.0,25903.0
2026-07-30T19:03:59.779Z,409.262,409.278,0.0,7.4,0.0,0.0,0.0,0.0,0.0,0.0,0.0,0.0,1.0,0.0,0.0,0.0,9.0,4.0,0.0,0.0,0.0,0.0,0.0,0.0,0.0,0.0,5.0,12.0,1.0,12.17,5.01,2.51,1.49,0.0,0.0,0.0,361.3,0.0,-0.2,-0.4,-0.2,-169.70000000000002,0.0,0.0,169.70000000000002,0.0,21.700000000000003,28.9,28.9,30.9,300.0,300.0,31.700000000000003,35.9,28.8,28.0,29.9,4.96,2.0,4.96,0.16,0.0,0.0,1027.0,8228.0,0.0,0.0,0.0,0.0,0.0,1.0,0.0,0.0,0.0,0.0,0.0,-0.6000000000000001,0.0,0.0,0.0,0.0,16.0,25903.0
2026-07-30T19:03:59.791Z,409.274,409.29,0.0,7.4,0.0,0.0,0.0,0.0,0.0,0.0,0.0,0.0,1.0,0.0,0.0,0.0,9.0,4.0,0.0,0.0,0.0,0.0,0.0,0.0,0.0,0.0,6.0,12.0,1.0,12.17,5.01,2.51,1.49,0.0,0.1,0.0,361.3,0.0,0.9,-1.0,-0.1,-169.70000000000002,0.0,0.0,169.8,0.0,21.700000000000003,28.9,28.9,30.9,300.0,300.0,31.700000000000003,35.9,28.8,28.0,29.9,4.95,2.0,4.97,0.16,0.0,0.0,1027.0,8228.0,0.0,0.0,0.0,0.0,0.0,1.0,0.0,0.0,0.0,0.0,0.0,-1.3,0.0,0.0,0.0,0.0,16.0,25903.0
2026-07-30T19:03:59.804Z,409.287,409.302,0.0,7.4,0.0,0.0,0.0,0.0,0.0,0.0,0.0,0.0,1.0,0.0,0.0,0.0,9.0,4.0,0.0,0.0,0.0,0.0,0.0,0.0,0.0,0.0,1.0,12.0,1.0,12.17,5.01,2.51,1.49,0.0,0.1,0.0,361.4,0.0,-0.8,-0.4,-0.7000000000000001,-169.70000000000002,0.0,0.0,169.8,0.0,21.700000000000003,28.9,28.9,30.9,300.0,300.0,31.700000000000003,35.9,28.8,28.0,29.9,4.95,1.99,4.97,0.16,0.0,0.0,1027.0,8228.0,0.0,0.0,0.0,0.0,0.0,1.0,0.0,0.0,0.0,0.0,0.0,-1.0,0.0,0.5,0.0,0.0,16.0,25903.0
2026-07-30T19:03:59.815Z,409.298,409.314,0.0,7.4,0.0,0.0,0.0,0.0,0.0,0.0,0.0,0.0,1.0,0.0,0.0,0.0,9.0,4.0,0.0,0.0,0.0,0.0,0.0,0.0,0.0,0.0,3.0,12.0,1.0,12.18,5.0200000000000005,2.51,1.49,0.0,0.1,0.0,361.3,0.0,-0.7000000000000001,0.1,0.4,-169.70000000000002,0.0,0.0,169.70000000000002,0.0,21.4,28.9,28.9,30.9,300.0,300.0,31.6,35.9,28.8,28.0,29.9,4.96,1.99,4.97,0.16,0.0,0.0,1027.0,8228.0,0.0,0.0,0.0,0.0,0.0,1.0,0.0,0.0,0.0,0.0,0.0,0.5,0.0,-0.3,0.0,0.0,16.0,25903.0
2026-07-30T19:03:59.827Z,409.31,409.326,0.0,7.4,0.0,0.0,0.0,0.0,0.0,0.0,0.0,0.0,1.0,0.0,0.0,0.0,9.0,4.0,0.0,0.0,0.0,0.0,0.0,0.0,0.0,0.0,4.0,12.0,1.0,12.18,5.0200000000000005,2.51,1.49,0.0,0.0,0.0,361.4,0.0,-0.7000000000000001,-0.4,-0.6000000000000001,-169.70000000000002,0.0,0.0,169.8,0.0,21.4,28.9,28.9,30.9,300.0,300.0,31.6,35.9,28.8,28.0,29.9,4.96,1.99,4.96,0.16,0.0,0.0,1027.0,8228.0,0.0,0.0,0.0,0.0,0.0,1.0,0.0,0.0,0.0,0.0,0.0,-0.9,0.0,0.5,0.0,0.0,16.0,25903.0
2026-07-30T19:03:59.839Z,409.322,409.338,0.0,7.4,0.0,0.0,0.0,0.0,0.0,0.0,0.0,0.0,1.0,0.0,0.0,0.0,9.0,4.0,0.0,0.0,0.0,0.0,0.0,0.0,0.0,0.0,5.0,12.0,1.0,12.18,5.0200000000000005,2.51,1.49,0.0,0.0,0.0,361.4,0.0,0.9,0.1,1.6,-169.70000000000002,0.0,0.0,169.8,0.0,21.4,28.9,28.9,30.9,300.0,300.0,31.6,35.9,28.8,28.0,29.9,4.95,1.99,4.97,0.16,0.0,0.0,1027.0,8228.0,0.0,0.0,0.0,0.0,0.0,1.0,0.0,0.0,0.0,0.0,0.0,1.4,0.0,-1.4,0.0,0.0,16.0,25903.0
2026-07-30T19:03:59.851Z,409.334,409.35,0.0,7.4,0.0,0.0,0.0,0.0,0.0,0.0,0.0,0.0,1.0,0.0,0.0,0.0,9.0,4.0,0.0,0.0,0.0,0.0,0.0,0.0,0.0,0.0,6.0,12.0,1.0,12.18,5.0200000000000005,2.51,1.49,0.0,0.0,0.0,361.3,0.0,0.3,-0.4,-1.8,-169.70000000000002,0.0,0.0,169.8,0.0,21.4,28.9,28.9,30.9,300.0,300.0,31.6,35.9,28.8,28.0,29.9,4.95,1.99,4.96,0.17,0.0,0.0,1027.0,8228.0,0.0,0.0,0.0,0.0,0.0,1.0,0.0,0.0,0.0,0.0,0.0,-1.9,0.0,1.5,0.0,0.0,16.0,25903.0
2026-07-30T19:03:59.877Z,409.36,409.362,0.0,7.4,0.0,0.0,0.0,0.0,0.0,0.0,0.0,0.0,1.0,0.0,0.0,0.0,9.0,4.0,0.0,0.0,0.0,0.0,0.0,0.0,0.0,0.0,1.0,12.0,1.0,12.18,5.0200000000000005,2.51,1.49,0.0,0.0,0.0,361.4,0.0,-0.2,0.1,0.4,-169.70000000000002,0.0,0.0,169.70000000000002,0.0,21.4,28.9,28.9,30.9,300.0,300.0,31.6,35.9,28.8,28.0,29.9,4.96,1.99,4.96,0.16,0.0,0.0,1027.0,8228.0,0.0,0.0,0.0,0.0,0.0,1.0,0.0,0.0,0.0,0.0,0.0,0.5,0.0,-0.4,0.0,0.0,16.0,25903.0
2026-07-30T19:03:59.878Z,409.361,409.374,0.0,7.4,0.0,0.0,0.0,0.0,0.0,0.0,0.0,0.0,1.0,0.0,0.0,0.0,9.0,4.0,0.0,0.0,0.0,0.0,0.0,0.0,0.0,0.0,2.0,12.0,1.0,12.18,5.0200000000000005,2.51,1.49,0.0,0.1,0.0,361.3,0.0,-0.2,-0.4,0.4,-169.70000000000002,0.0,0.0,169.70000000000002,0.0,21.4,28.9,28.9,30.9,300.0,300.0,31.6,35.9,28.8,28.0,29.9,4.95,1.99,4.96,0.16,0.0,0.0,1027.0,8228.0,0.0,0.0,0.0,0.0,0.0,1.0,0.0,0.0,0.0,0.0,0.0,-0.1,0.0,-0.5,0.0,0.0,16.0,25903.0
2026-07-30T19:03:59.887Z,409.37,409.386,0.0,7.4,0.0,0.0,0.0,0.0,0.0,0.0,0.0,0.0,1.0,0.0,0.0,0.0,9.0,4.0,0.0,0.0,0.0,0.0,0.0,0.0,0.0,0.0,3.0,12.0,1.0,12.18,5.0200000000000005,2.51,1.49,0.0,0.0,0.0,361.3,0.0,0.3,-1.0,0.0,-169.70000000000002,0.0,0.0,169.70000000000002,0.0,21.4,28.9,28.9,30.9,300.0,300.0,31.6,35.9,28.8,28.0,29.9,4.95,1.99,4.96,0.16,0.0,0.0,1027.0,8228.0,0.0,0.0,0.0,0.0,0.0,1.0,0.0,0.0,0.0,0.0,0.0,-1.1,0.0,-0.1,0.0,0.0,16.0,25903.0
2026-07-30T19:03:59.899Z,409.382,409.398,0.0,7.4,0.0,0.0,0.0,0.0,0.0,0.0,0.0,0.0,1.0,0.0,0.0,0.0,9.0,4.0,0.0,0.0,0.0,0.0,0.0,0.0,0.0,0.0,5.0,12.0,1.0,12.18,5.0200000000000005,2.51,1.49,0.0,0.0,0.0,361.4,0.0,-0.2,0.1,1.6,-169.70000000000002,0.0,0.0,169.70000000000002,0.0,21.4,28.9,28.9,30.9,300.0,300.0,31.6,35.9,28.8,28.0,29.9,4.95,1.99,4.96,0.16,0.0,0.0,1027.0,8228.0,0.0,0.0,0.0,0.0,0.0,1.0,0.0,0.0,0.0,0.0,0.0,1.4,0.0,-1.4,0.0,0.0,16.0,25903.0
2026-07-30T19:03:59.912Z,409.395,409.41,0.0,7.4,0.0,0.0,0.0,0.0,0.0,0.0,0.0,0.0,1.0,0.0,0.0,0.0,9.0,4.0,0.0,0.0,0.0,0.0,0.0,0.0,0.0,0.0,6.0,12.0,1.0,12.18,5.0200000000000005,2.51,1.49,0.0,0.0,0.0,361.4,0.0,0.3,0.1,-0.6000000000000001,-169.70000000000002,0.0,0.0,169.8,0.0,21.700000000000003,28.9,28.9,30.9,300.0,300.0,31.6,35.9,28.8,28.0,29.9,4.96,1.99,4.96,0.15,0.0,0.0,1027.0,8228.0,0.0,0.0,0.0,0.0,0.0,1.0,0.0,0.0,0.0,0.0,0.0,-0.3,0.0,0.6000000000000001,0.0,0.0,16.0,25903.0
2026-07-30T19:03:59.923Z,409.406,409.422,0.0,7.4,0.0,0.0,0.0,0.0,0.0,0.0,0.0,0.0,1.0,0.0,0.0,0.0,9.0,4.0,0.0,0.0,0.0,0.0,0.0,0.0,0.0,0.0,2.0,12.0,1.0,12.18,5.0200000000000005,2.51,1.49,0.0,0.0,0.0,361.4,0.0,-0.2,-0.4,-0.1,-169.70000000000002,0.0,0.0,169.70000000000002,0.0,21.700000000000003,28.9,28.9,30.9,300.0,300.0,31.6,35.9,28.8,28.0,29.9,4.95,1.99,4.97,0.16,0.0,0.0,1027.0,8228.0,0.0,0.0,0.0,0.0,0.0,1.0,0.0,0.0,0.0,0.0,0.0,-0.5,0.0,0.0,0.0,0.0,16.0,25903.0
2026-07-30T19:03:59.935Z,409.418,409.434,0.0,7.4,0.0,0.0,0.0,0.0,0.0,0.0,0.0,0.0,1.0,0.0,0.0,0.0,9.0,4.0,0.0,0.0,0.0,0.0,0.0,0.0,0.0,0.0,3.0,12.0,1.0,12.18,5.0200000000000005,2.51,1.49,0.0,0.0,0.0,361.3,0.0,0.3,-0.4,-0.1,-169.70000000000002,0.0,0.0,169.8,0.0,21.700000000000003,28.9,28.9,30.9,300.0,300.0,31.6,35.9,28.8,28.0,29.9,4.96,1.99,4.97,0.16,0.0,0.0,1027.0,8228.0,0.0,0.0,0.0,0.0,0.0,1.0,0.0,0.0,0.0,0.0,0.0,-0.5,0.0,0.0,0.0,0.0,16.0,25903.0
2026-07-30T19:03:59.947Z,409.43,409.446,0.0,7.4,0.0,0.0,0.0,0.0,0.0,0.0,0.0,0.0,1.0,0.0,0.0,0.0,9.0,4.0,0.0,0.0,0.0,0.0,0.0,0.0,0.0,0.0,4.0,12.0,1.0,12.18,5.0200000000000005,2.51,1.49,0.0,0.1,0.0,361.3,0.0,0.9,0.1,-0.6000000000000001,-169.70000000000002,0.0,0.0,169.8,0.0,21.700000000000003,28.9,28.9,30.9,300.0,300.0,31.6,35.9,28.8,28.0,29.9,4.96,1.99,4.96,0.16,0.0,0.0,1027.0,8228.0,0.0,0.0,0.0,0.0,0.0,1.0,0.0,0.0,0.0,0.0,0.0,-0.3,0.0,0.6000000000000001,0.0,0.0,16.0,25903.0
2026-07-30T19:03:59.959Z,409.442,409.458,0.0,7.4,0.0,0.0,0.0,0.0,0.0,0.0,0.0,0.0,1.0,0.0,0.0,0.0,9.0,4.0,0.0,0.0,0.0,0.0,0.0,0.0,0.0,0.0,5.0,12.0,1.0,12.18,5.0200000000000005,2.51,1.49,0.0,0.0,0.0,361.3,0.0,0.3,0.1,1.0,-169.70000000000002,0.0,0.0,169.70000000000002,0.0,21.700000000000003,28.9,28.9,30.9,300.0,300.0,31.6,35.9,28.8,28.0,29.9,4.96,1.99,4.96,0.16,0.0,0.0,1027.0,8228.0,0.0,0.0,0.0,0.0,0.0,1.0,0.0,0.0,0.0,0.0,0.0,0.9,0.0,-0.9,0.0,0.0,16.0,25903.0
2026-07-30T19:03:59.971Z,409.454,409.47,0.0,7.4,0.0,0.0,0.0,0.0,0.0,0.0,0.0,0.0,1.0,0.0,0.0,0.0,9.0,4.0,0.0,0.0,0.0,0.0,0.0,0.0,0.0,0.0,6.0,12.0,1.0,12.18,5.0200000000000005,2.51,1.49,0.0,0.0,0.0,361.4,0.0,-0.2,-0.9,-1.2000000000000002,-169.70000000000002,0.0,0.0,169.8,0.0,21.700000000000003,28.9,28.9,30.9,300.0,300.0,31.6,35.9,28.8,28.0,29.9,4.95,1.99,4.97,0.16,0.0,0.0,1027.0,8228.0,0.0,0.0,0.0,0.0,0.0,1.0,0.0,0.0,0.0,0.0,0.0,-2.0,0.0,0.8,0.0,0.0,16.0,25903.0
2026-07-30T19:03:59.983Z,409.466,409.482,0.0,7.4,0.0,0.0,0.0,0.0,0.0,0.0,0.0,0.0,1.0,0.0,0.0,0.0,9.0,4.0,0.0,0.0,0.0,0.0,0.0,0.0,0.0,0.0,1.0,12.0,1.0,12.18,5.0200000000000005,2.51,1.49,0.0,0.0,0.0,361.3,0.0,0.3,-0.4,-0.1,-169.70000000000002,0.0,0.0,169.8,0.0,21.700000000000003,28.9,28.9,30.9,300.0,300.0,31.6,35.9,28.8,28.0,29.9,4.96,1.99,4.96,0.16,0.0,0.0,1027.0,8228.0,0.0,0.0,0.0,0.0,0.0,1.0,0.0,0.0,0.0,0.0,0.0,-0.5,0.0,0.0,0.0,0.0,16.0,25903.0
2026-07-30T19:03:59.996Z,409.479,409.494,0.0,7.4,0.0,0.0,0.0,0.0,0.0,0.0,0.0,0.0,1.0,0.0,0.0,0.0,9.0,4.0,0.0,0.0,0.0,0.0,0.0,0.0,0.0,0.0,2.0,12.0,1.0,12.18,5.0200000000000005,2.51,1.49,0.0,0.0,0.0,361.4,0.0,-0.8,0.1,-0.1,-169.70000000000002,0.0,0.0,169.8,0.0,21.700000000000003,28.9,28.9,30.9,300.0,300.0,31.6,35.9,28.8,28.0,29.9,4.96,1.99,4.97,0.16,0.0,0.0,1027.0,8228.0,0.0,0.0,0.0,0.0,0.0,1.0,0.0,0.0,0.0,0.0,0.0,0.1,0.0,0.1,0.0,0.0,16.0,25903.0
2026-07-30T19:04:00.007Z,409.49,409.506,0.0,7.4,0.0,0.0,0.0,0.0,0.0,0.0,0.0,0.0,1.0,0.0,0.0,0.0,9.0,4.0,0.0,0.0,0.0,0.0,0.0,0.0,0.0,0.0,3.0,12.0,1.0,12.18,5.0200000000000005,2.51,1.49,0.0,0.0,0.0,361.3,0.0,-0.2,0.1,-0.6000000000000001,-169.70000000000002,0.0,0.0,169.8,0.0,21.700000000000003,28.9,28.9,30.9,300.0,300.0,31.6,35.9,28.8,28.0,29.9,4.95,1.99,4.97,0.16,0.0,0.0,1027.0,8228.0,0.0,0.0,0.0,0.0,0.0,1.0,0.0,0.0,0.0,0.0,0.0,-0.3,0.0,0.6000000000000001,0.0,0.0,16.0,25903.0
2026-07-30T19:04:00.019Z,409.502,409.518,0.0,7.4,0.0,0.0,0.0,0.0,0.0,0.0,0.0,0.0,1.0,0.0,0.0,0.0,9.0,4.0,0.0,0.0,0.0,0.0,0.0,0.0,0.0,0.0,5.0,12.0,1.0,12.18,5.01,2.5,1.49,-0.1,0.1,0.0,361.3,0.0,-0.8,0.1,0.0,-169.70000000000002,0.0,0.0,169.8,0.0,21.0,28.9,28.9,30.9,300.0,300.0,31.700000000000003,35.9,28.9,28.0,29.9,4.95,1.99,4.96,0.16,0.0,0.0,1027.0,8228.0,0.0,0.0,0.0,0.0,0.0,1.0,0.0,0.0,0.0,0.0,0.0,0.1,0.0,0.1,0.0,0.0,16.0,25903.0
2026-07-30T19:04:00.031Z,409.514,409.53,0.0,7.4,0.0,0.0,0.0,0.0,0.0,0.0,0.0,0.0,1.0,0.0,0.0,0.0,9.0,4.0,0.0,0.0,0.0,0.0,0.0,0.0,0.0,0.0,6.0,12.0,1.0,12.18,5.01,2.5,1.49,0.0,0.0,0.0,361.3,0.0,-0.2,0.1,-1.2000000000000002,-169.70000000000002,0.0,0.0,169.8,0.0,21.0,28.9,28.9,30.9,300.0,300.0,31.700000000000003,35.9,28.9,28.0,29.9,4.95,1.99,4.96,0.16,0.0,0.0,1027.0,8228.0,0.0,0.0,0.0,0.0,0.0,1.0,0.0,0.0,0.0,0.0,0.0,-0.7000000000000001,0.0,1.1,0.0,0.0,16.0,25903.0
2026-07-30T19:04:00.043Z,409.526,409.542,0.0,7.4,0.0,0.0,0.0,0.0,0.0,0.0,0.0,0.0,1.0,0.0,0.0,0.0,9.0,4.0,0.0,0.0,0.0,0.0,0.0,0.0,0.0,0.0,1.0,12.0,1.0,12.18,5.01,2.5,1.49,0.0,0.1,0.0,361.3,0.0,-0.1,-0.3,-1.1,-169.70000000000002,0.0,0.0,169.8,0.0,21.0,28.9,28.9,30.9,300.0,300.0,31.700000000000003,35.9,28.9,28.0,29.9,4.95,1.99,4.97,0.16,0.0,0.0,1027.0,8228.0,0.0,0.0,0.0,0.0,0.0,1.0,0.0,0.0,0.0,0.0,0.0,-1.3,0.0,0.9,0.0,0.0,16.0,25903.0
2026-07-30T19:04:00.055Z,409.538,409.554,0.0,7.4,0.0,0.0,0.0,0.0,0.0,0.0,0.0,0.0,1.0,0.0,0.0,0.0,9.0,4.0,0.0,0.0,0.0,0.0,0.0,0.0,0.0,0.0,2.0,12.0,1.0,12.18,5.01,2.5,1.49,0.0,0.0,0.0,361.3,0.0,-0.1,0.2,-0.6000000000000001,-169.70000000000002,0.0,0.0,169.8,0.0,21.0,28.9,28.9,30.9,300.0,300.0,31.700000000000003,35.9,28.9,28.0,29.9,4.95,2.0,4.97,0.16,0.0,0.0,1027.0,8228.0,0.0,0.0,0.0,0.0,0.0,1.0,0.0,0.0,0.0,0.0,0.0,-0.2,0.0,0.5,0.0,0.0,16.0,25903.0
2026-07-30T19:04:00.067Z,409.55,409.566,0.0,7.4,0.0,0.0,0.0,0.0,0.0,0.0,0.0,0.0,1.0,0.0,0.0,0.0,9.0,4.0,0.0,0.0,0.0,0.0,0.0,0.0,0.0,0.0,3.0,12.0,1.0,12.18,5.01,2.5,1.49,0.0,0.0,0.0,361.3,0.0,-0.1,-0.9,-0.5,-169.70000000000002,0.0,0.0,169.70000000000002,0.0,21.0,28.9,28.9,30.9,300.0,300.0,31.700000000000003,35.9,28.9,28.0,29.9,4.96,2.0,4.96,0.16,0.0,0.0,1027.0,8228.0,0.0,0.0,0.0,0.0,0.0,1.0,0.0,0.0,0.0,0.0,0.0,-1.5,0.0,0.3,0.0,0.0,16.0,25903.0
2026-07-30T19:04:00.079Z,409.562,409.578,0.0,7.4,0.0,0.0,0.0,0.0,0.0,0.0,0.0,0.0,1.0,0.0,0.0,0.0,9.0,4.0,0.0,0.0,0.0,0.0,0.0,0.0,0.0,0.0,4.0,12.0,1.0,12.18,5.01,2.5,1.49,0.0,0.0,0.0,361.4,0.0,1.0,0.1,1.7000000000000002,-169.70000000000002,0.0,0.0,169.8,0.0,21.0,28.9,28.9,30.9,300.0,300.0,31.700000000000003,35.9,28.9,28.0,29.9,4.96,1.99,4.97,0.16,0.0,0.0,1027.0,8228.0,0.0,0.0,0.0,0.0,0.0,1.0,0.0,0.0,0.0,0.0,0.0,1.5,0.0,-1.5,0.0,0.0,16.0,25903.0
2026-07-30T19:04:00.091Z,409.574,409.59,0.0,7.4,0.0,0.0,0.0,0.0,0.0,0.0,0.0,0.0,1.0,0.0,0.0,0.0,9.0,4.0,0.0,0.0,0.0,0.0,0.0,0.0,0.0,0.0,5.0,12.0,1.0,12.18,5.01,2.5,1.49,0.0,0.0,0.0,361.3,0.0,0.4,0.2,-0.6000000000000001,-169.70000000000002,0.0,0.0,169.8,0.0,21.0,28.9,28.9,30.9,300.0,300.0,31.700000000000003,35.9,28.9,28.0,29.9,4.96,1.99,4.96,0.16,0.0,0.0,1027.0,8228.0,0.0,0.0,0.0,0.0,0.0,1.0,0.0,0.0,0.0,0.0,0.0,-0.2,0.0,0.5,0.0,0.0,16.0,25903.0
2026-07-30T19:04:00.103Z,409.586,409.602,0.0,7.4,0.0,0.0,0.0,0.0,0.0,0.0,0.0,0.0,1.0,0.0,0.0,0.0,9.0,4.0,0.0,0.0,0.0,0.0,0.0,0.0,0.0,0.0,6.0,12.0,1.0,12.18,5.01,2.5,1.49,0.0,0.1,0.0,361.3,0.0,0.4,0.2,0.0,-169.70000000000002,0.0,0.0,169.8,0.0,21.0,28.9,28.9,30.9,300.0,300.0,31.700000000000003,35.9,28.9,28.0,29.9,4.96,1.99,4.96,0.16,0.0,0.0,1027.0,8228.0,0.0,0.0,0.0,0.0,0.0,1.0,0.0,0.0,0.0,0.0,0.0,0.2,0.0,0.0,0.0,0.0,16.0,25903.0
2026-07-30T19:04:00.116Z,409.599,409.614,0.0,7.4,0.0,0.0,0.0,0.0,0.0,0.0,0.0,0.0,1.0,0.0,0.0,0.0,9.0,4.0,0.0,0.0,0.0,0.0,0.0,0.0,0.0,0.0,1.0,12.0,1.0,12.18,5.0200000000000005,2.51,1.49,0.0,0.0,0.0,361.3,0.0,-0.1,-0.3,1.1,-169.70000000000002,0.0,0.0,169.8,0.0,21.700000000000003,28.9,28.9,30.9,300.0,300.0,31.8,35.9,28.9,28.0,29.9,4.95,1.99,4.96,0.16,0.0,0.0,1027.0,8228.0,0.0,0.0,0.0,0.0,0.0,1.0,0.0,0.0,0.0,0.0,0.0,0.4,0.0,-1.0,0.0,0.0,16.0,25903.0
2026-07-30T19:04:00.128Z,409.611,409.626,0.0,7.4,0.0,0.0,0.0,0.0,0.0,0.0,0.0,0.0,1.0,0.0,0.0,0.0,9.0,4.0,0.0,0.0,0.0,0.0,0.0,0.0,0.0,0.0,2.0,12.0,1.0,12.18,5.0200000000000005,2.51,1.49,0.0,0.0,0.0,361.4,0.0,0.4,1.3,1.1,-169.70000000000002,0.0,0.0,169.8,0.0,21.700000000000003,28.9,28.9,30.9,300.0,300.0,31.8,35.9,28.9,28.0,29.9,4.96,1.99,4.97,0.16,0.0,0.0,1027.0,8228.0,0.0,0.0,0.0,0.0,0.0,1.0,0.0,0.0,0.0,0.0,0.0,2.4000000000000004,0.0,-0.7000000000000001,0.0,0.0,16.0,25903.0
2026-07-30T19:04:00.140Z,409.623,409.638,0.0,7.4,0.0,0.0,0.0,0.0,0.0,0.0,0.0,0.0,1.0,0.0,0.0,0.0,9.0,4.0,0.0,0.0,0.0,0.0,0.0,0.0,0.0,0.0,3.0,12.0,1.0,12.18,5.0200000000000005,2.51,1.49,0.0,0.0,0.0,361.4,0.0,-0.1,-0.3,0.4,-169.70000000000002,0.0,0.0,169.8,0.0,21.700000000000003,28.9,28.9,30.9,300.0,300.0,31.8,35.9,28.9,28.0,29.9,4.96,2.0,4.96,0.16,0.0,0.0,1027.0,8228.0,0.0,0.0,0.0,0.0,0.0,1.0,0.0,0.0,0.0,0.0,0.0,0.0,0.0,-0.5,0.0,0.0,16.0,25903.0
2026-07-30T19:04:00.152Z,409.635,409.65,0.0,7.4,0.0,0.0,0.0,0.0,0.0,0.0,0.0,0.0,1.0,0.0,0.0,0.0,9.0,4.0,0.0,0.0,0.0,0.0,0.0,0.0,0.0,0.0,4.0,12.0,1.0,12.18,5.0200000000000005,2.51,1.49,0.0,0.0,0.0,361.3,0.0,-0.1,1.3,1.6,-169.70000000000002,0.0,0.0,169.8,0.0,21.700000000000003,28.9,28.9,30.9,300.0,300.0,31.8,35.9,28.9,28.0,29.9,4.95,1.99,4.96,0.16,0.0,0.0,1027.0,8228.0,0.0,0.0,0.0,0.0,0.0,1.0,0.0,0.0,0.0,0.0,0.0,2.8000000000000003,0.0,-1.1,0.0,0.0,16.0,25903.0
2026-07-30T19:04:00.164Z,409.647,409.662,0.0,7.4,0.0,0.0,0.0,0.0,0.0,0.0,0.0,0.0,1.0,0.0,0.0,0.0,9.0,4.0,0.0,0.0,0.0,0.0,0.0,0.0,0.0,0.0,5.0,12.0,1.0,12.18,5.0200000000000005,2.51,1.49,0.0,0.0,0.0,361.3,0.0,-0.2,-0.9,-0.1,-169.70000000000002,0.0,0.0,169.8,0.0,21.700000000000003,28.9,28.9,30.9,300.0,300.0,31.8,35.9,28.9,28.0,29.9,4.95,1.99,4.97,0.16,0.0,0.0,1027.0,8228.0,0.0,0.0,0.0,0.0,0.0,1.0,0.0,0.0,0.0,0.0,0.0,-0.9,0.0,0.5,0.0,0.0,16.0,25903.0
2026-07-30T19:04:00.175Z,409.658,409.674,0.0,7.4,0.0,0.0,0.0,0.0,0.0,0.0,0.0,0.0,1.0,0.0,0.0,0.0,9.0,4.0,0.0,0.0,0.0,0.0,0.0,0.0,0.0,0.0,6.0,12.0,1.0,12.18,5.0200000000000005,2.51,1.49,0.0,0.0,0.0,361.3,0.0,-0.2,-0.4,-0.7000000000000001,-169.70000000000002,0.0,0.0,169.8,0.0,21.700000000000003,28.9,28.9,30.9,300.0,300.0,31.8,35.9,28.9,28.0,29.9,4.96,2.0,4.96,0.16,0.0,0.0,1027.0,8228.0,0.0,0.0,0.0,0.0,0.0,1.0,0.0,0.0,0.0,0.0,0.0,-0.5,0.0,0.0,0.0,0.0,16.0,25903.0
2026-07-30T19:04:00.188Z,409.671,409.686,0.0,7.4,0.0,0.0,0.0,0.0,0.0,0.0,0.0,0.0,1.0,0.0,0.0,0.0,9.0,4.0,0.0,0.0,0.0,0.0,0.0,0.0,0.0,0.0,1.0,12.0,1.0,12.18,5.0200000000000005,2.51,1.49,0.0,0.0,0.0,361.4,0.0,-0.8,0.1,-0.6000000000000001,-169.70000000000002,0.0,0.0,169.8,0.0,21.700000000000003,28.9,28.9,30.9,300.0,300.0,31.8,35.9,28.9,28.0,29.9,4.96,1.99,4.97,0.15,0.0,0.0,1027.0,8228.0,0.0,0.0,0.0,0.0,0.0,1.0,0.0,0.0,0.0,0.0,0.0,-1.8,0.0,1.5,0.0,0.0,16.0,25903.0
2026-07-30T19:04:00.199Z,409.682,409.698,0.0,7.4,0.0,0.0,0.0,0.0,0.0,0.0,0.0,0.0,1.0,0.0,0.0,0.0,9.0,4.0,0.0,0.0,0.0,0.0,0.0,0.0,0.0,0.0,2.0,12.0,1.0,12.18,5.0200000000000005,2.51,1.49,0.0,0.1,0.0,361.3,0.0,-0.2,0.1,1.0,-169.70000000000002,0.0,0.0,169.8,0.0,21.700000000000003,28.9,28.9,30.9,300.0,300.0,31.8,35.9,28.9,28.0,29.9,4.95,1.99,4.97,0.16,0.0,0.0,1027.0,8228.0,0.0,0.0,0.0,0.0,0.0,1.0,0.0,0.0,0.0,0.0,0.0,-0.9,0.0,0.5,0.0,0.0,16.0,25903.0
2026-07-30T19:04:00.212Z,409.695,409.71,0.0,7.4,0.0,0.0,0.0,0.0,0.0,0.0,0.0,0.0,1.0,0.0,0.0,0.0,9.0,4.0,0.0,0.0,0.0,0.0,0.0,0.0,0.0,0.0,3.0,12.0,1.0,12.18,5.0200000000000005,2.51,1.49,0.0,0.0,0.0,361.3,0.0,-0.2,-1.0,-0.1,-169.8,0.0,0.0,169.8,0.0,21.700000000000003,28.9,28.9,30.9,300.0,300.0,31.8,35.9,28.9,28.0,29.9,4.95,1.99,4.97,0.16,0.0,0.0,1027.0,8228.0,0.0,0.0,0.0,0.0,0.0,1.0,0.0,0.0,0.0,0.0,0.0,-1.2000000000000002,0.0,0.0,0.0,0.0,16.0,25903.0
2026-07-30T19:04:00.223Z,409.706,409.722,0.0,7.4,0.0,0.0,0.0,0.0,0.0,0.0,0.0,0.0,1.0,0.0,0.0,0.0,9.0,4.0,0.0,0.0,0.0,0.0,0.0,0.0,0.0,0.0,4.0,12.0,1.0,12.17,5.0200000000000005,2.51,1.49,0.0,0.0,0.0,361.3,0.0,-0.8,0.1,0.3,-169.8,0.0,0.0,169.8,0.0,21.8,28.9,28.9,30.9,300.0,300.0,31.8,35.9,28.8,28.0,29.9,4.96,2.0,4.96,0.16,0.0,0.0,1027.0,8228.0,0.0,0.0,0.0,0.0,0.0,1.0,0.0,0.0,0.0,0.0,0.0,0.4,0.0,-0.2,0.0,0.0,16.0,25903.0
2026-07-30T19:04:00.235Z,409.718,409.734,0.0,7.4,0.0,0.0,0.0,0.0,0.0,0.0,0.0,0.0,1.0,0.0,0.0,0.0,9.0,4.0,0.0,0.0,0.0,0.0,0.0,0.0,0.0,0.0,5.0,12.0,1.0,12.17,5.0200000000000005,2.51,1.49,0.0,0.1,0.0,361.3,0.0,0.8,0.1,0.9,-169.8,0.0,0.0,169.8,0.0,21.8,28.9,28.9,30.9,300.0,300.0,31.8,35.9,28.8,28.0,29.9,4.96,1.99,4.97,0.16,0.0,0.0,1027.0,8228.0,0.0,0.0,0.0,0.0,0.0,1.0,0.0,0.0,0.0,0.0,0.0,0.8,0.0,-0.7000000000000001,0.0,0.0,16.0,25903.0
2026-07-30T19:04:00.247Z,409.73,409.746,0.0,7.4,0.0,0.0,0.0,0.0,0.0,0.0,0.0,0.0,1.0,0.0,0.0,0.0,9.0,4.0,0.0,0.0,0.0,0.0,0.0,0.0,0.0,0.0,1.0,12.0,1.0,12.17,5.0200000000000005,2.51,1.49,0.0,0.0,0.0,361.3,0.0,-0.8,1.3,1.4,-169.8,0.0,0.0,169.8,0.0,21.8,28.9,28.9,30.9,300.0,300.0,31.8,35.9,28.8,28.0,29.9,4.95,1.99,4.97,0.16,0.0,0.0,1027.0,8228.0,0.0,0.0,0.0,0.0,0.0,1.0,0.0,0.0,0.0,0.0,0.0,2.5,0.0,-1.0,0.0,0.0,16.0,25903.0
2026-07-30T19:04:00.259Z,409.742,409.758,0.0,7.4,0.0,0.0,0.0,0.0,0.0,0.0,0.0,0.0,1.0,0.0,0.0,0.0,9.0,4.0,0.0,0.0,0.0,0.0,0.0,0.0,0.0,0.0,2.0,12.0,1.0,12.17,5.0200000000000005,2.51,1.49,0.0,0.1,0.0,361.3,0.0,-0.8,-0.4,-0.8,-169.8,0.0,0.0,169.8,0.0,21.8,28.9,28.9,30.9,300.0,300.0,31.8,35.9,28.8,28.0,29.9,4.96,1.99,4.96,0.16,0.0,0.0,1027.0,8228.0,0.0,0.0,0.0,0.0,0.0,1.0,0.0,0.0,0.0,0.0,0.0,-1.1,0.0,0.6000000000000001,0.0,0.0,16.0,25903.0
2026-07-30T19:04:00.271Z,409.754,409.77,0.0,7.4,0.0,0.0,0.0,0.0,0.0,0.0,0.0,0.0,1.0,0.0,0.0,0.0,9.0,4.0,0.0,0.0,0.0,0.0,0.0,0.0,0.0,0.0,3.0,12.0,1.0,12.17,5.0200000000000005,2.51,1.49,0.0,0.0,0.0,361.3,0.0,-0.2,-0.4,0.2,-169.8,0.0,0.0,169.8,0.0,21.8,28.9,28.9,30.9,300.0,300.0,31.8,35.9,28.8,28.0,29.9,4.95,1.99,4.96,0.16,0.0,0.0,1027.0,8228.0,0.0,0.0,0.0,0.0,0.0,1.0,0.0,0.0,0.0,0.0,0.0,-0.2,0.0,-0.3,0.0,0.0,16.0,25903.0
2026-07-30T19:04:00.283Z,409.766,409.782,0.0,7.4,0.0,0.0,0.0,0.0,0.0,0.0,0.0,0.0,1.0,0.0,0.0,0.0,9.0,4.0,0.0,0.0,0.0,0.0,0.0,0.0,0.0,0.0,4.0,12.0,1.0,12.17,5.0200000000000005,2.51,1.49,0.0,0.0,0.0,361.3,0.0,0.3,1.3,-0.8,-169.70000000000002,0.0,0.0,169.8,0.0,21.8,28.9,28.9,30.9,300.0,300.0,31.8,35.9,28.8,28.0,29.9,4.95,1.99,4.97,0.16,0.0,0.0,1027.0,8228.0,0.0,0.0,0.0,0.0,0.0,1.0,0.0,0.0,0.0,0.0,0.0,0.8,0.0,1.0,0.0,0.0,16.0,25903.0
2026-07-30T19:04:00.295Z,409.778,409.794,0.0,7.4,0.0,0.0,0.0,0.0,0.0,0.0,0.0,0.0,1.0,0.0,0.0,0.0,9.0,4.0,0.0,0.0,0.0,0.0,0.0,0.0,0.0,0.0,5.0,12.0,1.0,12.17,5.0200000000000005,2.51,1.49,0.0,0.0,0.0,361.3,0.0,-0.2,-1.0,-0.8,-169.70000000000002,0.0,0.0,169.8,0.0,21.8,28.9,28.9,30.9,300.0,300.0,31.8,35.9,28.8,28.0,29.9,4.96,1.99,4.97,0.16,0.0,0.0,1027.0,8228.0,0.0,0.0,0.0,0.0,0.0,1.0,0.0,0.0,0.0,0.0,0.0,-1.7000000000000002,0.0,0.5,0.0,0.0,16.0,25903.0
2026-07-30T19:04:00.307Z,409.79,409.806,0.0,7.4,0.0,0.0,0.0,0.0,0.0,0.0,0.0,0.0,1.0,0.0,0.0,0.0,9.0,4.0,0.0,0.0,0.0,0.0,0.0,0.0,0.0,0.0,6.0,12.0,1.0,12.17,5.0200000000000005,2.51,1.49,0.0,0.0,0.0,361.4,0.0,-0.8,0.7000000000000001,0.3,-169.70000000000002,0.0,0.0,169.8,0.0,21.8,28.9,28.9,30.9,300.0,300.0,31.8,35.9,28.8,28.0,29.9,4.96,1.99,4.96,0.16,0.0,0.0,1027.0,8228.0,0.0,0.0,0.0,0.0,0.0,1.0,0.0,0.0,0.0,0.0,0.0,1.1,0.0,-0.1,0.0,0.0,16.0,25903.0
2026-07-30T19:04:00.320Z,409.803,409.818,0.0,7.4,0.0,0.0,0.0,0.0,0.0,0.0,0.0,0.0,1.0,0.0,0.0,0.0,9.0,4.0,0.0,0.0,0.0,0.0,0.0,0.0,0.0,0.0,1.0,12.0,1.0,12.17,5.0200000000000005,2.51,1.49,0.0,0.0,0.0,361.3,0.0,-0.2,0.1,1.5,-169.70000000000002,0.0,0.0,169.8,0.0,21.4,28.9,28.9,30.9,300.0,300.0,31.8,35.9,28.8,28.0,29.9,4.95,1.99,4.96,0.16,0.0,0.0,1027.0,8228.0,0.0,0.0,0.0,0.0,0.0,1.0,0.0,0.0,0.0,0.0,0.0,1.3,0.0,-1.3,0.0,0.0,16.0,25903.0
2026-07-30T19:04:00.332Z,409.815,409.83,0.0,7.4,0.0,0.0,0.0,0.0,0.0,0.0,0.0,0.0,1.0,0.0,0.0,0.0,9.0,4.0,0.0,0.0,0.0,0.0,0.0,0.0,0.0,0.0,2.0,12.0,1.0,12.17,5.0200000000000005,2.51,1.49,0.0,0.0,0.0,361.3,0.0,0.3,0.2,1.0,-169.70000000000002,0.0,0.0,169.8,0.0,21.4,28.9,28.9,30.9,300.0,300.0,31.8,35.9,28.8,28.0,29.9,4.95,1.99,4.96,0.16,0.0,0.0,1027.0,8228.0,0.0,0.0,0.0,0.0,0.0,1.0,0.0,0.0,0.0,0.0,0.0,1.0,0.0,-0.8,0.0,0.0,16.0,25903.0
2026-07-30T19:04:00.344Z,409.827,409.842,0.0,7.4,0.0,0.0,0.0,0.0,0.0,0.0,0.0,0.0,1.0,0.0,0.0,0.0,9.0,4.0,0.0,0.0,0.0,0.0,0.0,0.0,0.0,0.0,3.0,12.0,1.0,12.17,5.0200000000000005,2.51,1.49,0.0,0.1,0.0,361.3,0.0,0.3,0.7000000000000001,-0.7000000000000001,-169.70000000000002,0.0,0.0,169.70000000000002,0.0,21.4,28.9,28.9,30.9,300.0,300.0,31.8,35.9,28.8,28.0,29.9,4.95,1.99,4.96,0.16,0.0,0.0,1027.0,8228.0,0.0,0.0,0.0,0.0,0.0,1.0,0.0,0.0,0.0,0.0,0.0,0.3,0.0,0.7000000000000001,0.0,0.0,16.0,25903.0
2026-07-30T19:04:00.355Z,409.838,409.854,0.0,7.4,0.0,0.0,0.0,0.0,0.0,0.0,0.0,0.0,1.0,0.0,0.0,0.0,9.0,4.0,0.0,0.0,0.0,0.0,0.0,0.0,0.0,0.0,4.0,12.0,1.0,12.17,5.0200000000000005,2.51,1.49,0.0,0.0,0.0,361.4,0.0,-0.8,-0.4,-0.1,-169.70000000000002,0.0,0.0,169.8,0.0,21.4,28.9,28.9,30.9,300.0,300.0,31.8,35.9,28.8,28.0,29.9,4.95,1.99,4.96,0.16,0.0,0.0,1027.0,8228.0,0.0,0.0,0.0,0.0,0.0,1.0,0.0,0.0,0.0,0.0,0.0,-0.5,0.0,0.0,0.0,0.0,16.0,25903.0
2026-07-30T19:04:00.367Z,409.85,409.866,0.0,7.4,0.0,0.0,0.0,0.0,0.0,0.0,0.0,0.0,1.0,0.0,0.0,0.0,9.0,4.0,0.0,0.0,0.0,0.0,0.0,0.0,0.0,0.0,6.0,12.0,1.0,12.17,5.0200000000000005,2.51,1.49,0.0,0.0,0.0,361.3,0.0,-0.2,0.0,-0.1,-169.70000000000002,0.0,0.0,169.70000000000002,0.0,21.4,28.9,28.9,30.9,300.0,300.0,31.8,35.9,28.8,28.0,29.9,4.96,1.99,4.97,0.16,0.0,0.0,1027.0,8228.0,0.0,0.0,0.0,0.0,0.0,1.0,0.0,0.0,0.0,0.0,0.0,0.0,0.0,0.1,0.0,0.0,16.0,25903.0
2026-07-30T19:04:00.379Z,409.862,409.878,0.0,7.4,0.0,0.0,0.0,0.0,0.0,0.0,0.0,0.0,1.0,0.0,0.0,0.0,9.0,4.0,0.0,0.0,0.0,0.0,0.0,0.0,0.0,0.0,1.0,12.0,1.0,12.17,5.0200000000000005,2.51,1.49,0.0,0.0,0.0,361.4,0.0,-0.3,0.0,-0.1,-169.70000000000002,0.0,0.0,169.70000000000002,0.0,21.4,28.9,28.9,30.9,300.0,300.0,31.8,35.9,28.8,28.0,29.9,4.96,1.99,4.96,0.16,0.0,0.0,1027.0,8228.0,0.0,0.0,0.0,0.0,0.0,1.0,0.0,0.0,0.0,0.0,0.0,0.0,0.0,0.1,0.0,0.0,16.0,25903.0
2026-07-30T19:04:00.391Z,409.874,409.89,0.0,7.4,0.0,0.0,0.0,0.0,0.0,0.0,0.0,0.0,1.0,0.0,0.0,0.0,9.0,4.0,0.0,0.0,0.0,0.0,0.0,0.0,0.0,0.0,2.0,12.0,1.0,12.17,5.0200000000000005,2.51,1.49,0.0,0.0,0.0,361.3,0.0,0.2,-0.4,-0.1,-169.70000000000002,0.0,0.0,169.60000000000002,0.0,21.4,28.9,28.9,30.9,300.0,300.0,31.8,35.9,28.8,28.0,29.9,4.96,1.99,4.96,0.16,0.0,0.0,1027.0,8228.0,0.0,0.0,0.0,0.0,0.0,1.0,0.0,0.0,0.0,0.0,0.0,-0.6000000000000001,0.0,0.0,0.0,0.0,16.0,25903.0
2026-07-30T19:04:00.403Z,409.886,409.902,0.0,7.4,0.0,0.0,0.0,0.0,0.0,0.0,0.0,0.0,1.0,0.0,0.0,0.0,9.0,4.0,0.0,0.0,0.0,0.0,0.0,0.0,0.0,0.0,3.0,12.0,1.0,12.17,5.0200000000000005,2.51,1.49,0.0,0.0,0.0,361.3,0.0,0.2,-0.4,-0.1,-169.70000000000002,0.0,0.0,169.8,0.0,21.4,28.9,28.9,30.9,300.0,300.0,31.8,35.9,28.8,28.0,29.9,4.95,1.99,4.97,0.16,0.0,0.0,1027.0,8228.0,0.0,0.0,0.0,0.0,0.0,1.0,0.0,0.0,0.0,0.0,0.0,-0.6000000000000001,0.0,0.0,0.0,0.0,16.0,25903.0
2026-07-30T19:04:00.415Z,409.898,409.914,0.0,7.4,0.0,0.0,0.0,0.0,0.0,0.0,0.0,0.0,1.0,0.0,0.0,0.0,9.0,4.0,0.0,0.0,0.0,0.0,0.0,0.0,0.0,0.0,4.0,12.0,1.0,12.17,5.0200000000000005,2.51,1.49,0.0,0.0,0.0,361.4,0.0,0.2,-0.4,-0.7000000000000001,-169.70000000000002,0.0,0.0,169.70000000000002,0.0,21.4,28.9,28.9,30.9,300.0,300.0,31.8,35.9,28.8,28.0,29.9,4.95,1.99,4.96,0.16,0.0,0.0,1027.0,8228.0,0.0,0.0,0.0,0.0,0.0,1.0,0.0,0.0,0.0,0.0,0.0,-1.0,0.0,0.5,0.0,0.0,16.0,25903.0
2026-07-30T19:04:00.427Z,409.91,409.926,0.0,7.4,0.0,0.0,0.0,0.0,0.0,0.0,0.0,0.0,1.0,0.0,0.0,0.0,9.0,4.0,0.0,0.0,0.0,0.0,0.0,0.0,0.0,0.0,5.0,12.0,1.0,12.17,5.01,2.51,1.49,0.0,0.0,0.0,361.3,0.0,0.2,0.0,1.0,-169.70000000000002,0.0,0.0,169.70000000000002,0.0,21.700000000000003,28.9,28.9,30.9,300.0,300.0,31.8,35.9,28.9,28.0,29.9,4.95,1.99,4.97,0.16,0.0,0.0,1027.0,8228.0,0.0,0.0,0.0,0.0,0.0,1.0,0.0,0.0,0.0,0.0,0.0,0.8,0.0,-0.9,0.0,0.0,16.0,25903.0
2026-07-30T19:04:00.439Z,409.922,409.938,0.0,7.4,0.0,0.0,0.0,0.0,0.0,0.0,0.0,0.0,1.0,0.0,0.0,0.0,9.0,4.0,0.0,0.0,0.0,0.0,0.0,0.0,0.0,0.0,6.0,12.0,1.0,12.17,5.01,2.51,1.49,0.0,0.0,0.0,361.3,0.0,0.8,-0.4,0.5,-169.70000000000002,0.0,0.0,169.60000000000002,0.0,21.700000000000003,28.9,28.9,30.9,300.0,300.0,31.8,35.9,28.9,28.0,29.9,4.95,1.99,4.97,0.16,0.0,0.0,1027.0,8228.0,0.0,0.0,0.0,0.0,0.0,1.0,0.0,0.0,0.0,0.0,0.0,-0.1,0.0,-0.5,0.0,0.0,16.0,25903.0
2026-07-30T19:04:00.451Z,409.934,409.95,0.0,7.4,0.0,0.0,0.0,0.0,0.0,0.0,0.0,0.0,1.0,0.0,0.0,0.0,9.0,4.0,0.0,0.0,0.0,0.0,0.0,0.0,0.0,0.0,1.0,12.0,1.0,12.17,5.01,2.51,1.49,0.0,0.0,0.0,361.4,0.0,-0.9,-0.4,1.6,-169.70000000000002,0.0,0.0,169.70000000000002,0.0,21.700000000000003,28.9,28.9,30.9,300.0,300.0,31.8,35.9,28.9,28.0,29.9,4.96,1.99,4.97,0.16,0.0,0.0,1027.0,8228.0,0.0,0.0,0.0,0.0,0.0,1.0,0.0,0.0,0.0,0.0,0.0,0.6000000000000001,0.0,-1.5,0.0,0.0,16.0,25903.0
2026-07-30T19:04:00.463Z,409.946,409.962,0.0,7.4,0.0,0.0,0.0,0.0,0.0,0.0,0.0,0.0,1.0,0.0,0.0,0.0,9.0,4.0,0.0,0.0,0.0,0.0,0.0,0.0,0.0,0.0,2.0,12.0,1.0,12.17,5.01,2.51,1.49,0.0,0.0,0.0,361.3,0.0,0.8,-0.4,0.4,-169.70000000000002,0.0,0.0,169.60000000000002,0.0,21.700000000000003,28.9,28.9,30.9,300.0,300.0,31.8,35.9,28.9,28.0,29.9,4.96,1.99,4.96,0.16,0.0,0.0,1027.0,8228.0,0.0,0.0,0.0,0.0,0.0,1.0,0.0,0.0,0.0,0.0,0.0,-0.1,0.0,-0.5,0.0,0.0,16.0,25903.0
2026-07-30T19:04:00.475Z,409.958,409.974,0.0,7.4,0.0,0.0,0.0,0.0,0.0,0.0,0.0,0.0,1.0,0.0,0.0,0.0,9.0,4.0,0.0,0.0,0.0,0.0,0.0,0.0,0.0,0.0,2.0,12.0,1.0,12.17,5.01,2.51,1.49,0.0,0.0,0.0,361.4,0.0,0.8,1.3,-0.6000000000000001,-169.70000000000002,0.0,0.0,169.70000000000002,0.0,21.700000000000003,28.9,28.9,30.9,300.0,300.0,31.8,35.9,28.9,28.0,29.9,4.96,1.99,4.97,0.15,0.0,0.0,1027.0,8228.0,0.0,0.0,0.0,0.0,0.0,1.0,0.0,0.0,0.0,0.0,0.0,1.0,0.0,0.8,0.0,0.0,16.0,25903.0
2026-07-30T19:04:00.487Z,409.97,409.986,0.0,7.4,0.0,0.0,0.0,0.0,0.0,0.0,0.0,0.0,1.0,0.0,0.0,0.0,9.0,4.0,0.0,0.0,0.0,0.0,0.0,0.0,0.0,0.0,3.0,12.0,1.0,12.17,5.01,2.51,1.49,0.0,0.0,0.0,361.3,0.0,-0.8,0.7000000000000001,1.6,-169.70000000000002,0.0,0.0,169.70000000000002,0.0,21.700000000000003,28.9,28.9,30.9,300.0,300.0,31.8,35.9,28.9,28.0,29.9,4.95,1.99,4.97,0.16,0.0,0.0,1027.0,8228.0,0.0,0.0,0.0,0.0,0.0,1.0,0.0,0.0,0.0,0.0,0.0,2.0,0.0,-1.3,0.0,0.0,16.0,25903.0
2026-07-30T19:04:00.499Z,409.982,409.998,0.0,7.4,0.0,0.0,0.0,0.0,0.0,0.0,0.0,0.0,1.0,0.0,0.0,0.0,9.0,4.0,0.0,0.0,0.0,0.0,0.0,0.0,0.0,0.0,5.0,12.0,1.0,12.17,5.01,2.51,1.49,0.0,0.0,0.0,361.3,0.0,0.3,-0.4,0.0,-169.70000000000002,0.0,0.0,169.8,0.0,21.700000000000003,28.9,28.9,30.9,300.0,300.0,31.8,35.9,28.9,28.0,29.9,4.95,1.99,4.96,0.16,0.0,0.0,1027.0,8228.0,0.0,0.0,0.0,0.0,0.0,1.0,0.0,0.0,0.0,0.0,0.0,-0.4,0.0,0.0,0.0,0.0,16.0,25903.0
2026-07-30T19:04:00.511Z,409.994,410.01,0.0,7.4,0.0,0.0,0.0,0.0,0.0,0.0,0.0,0.0,1.0,0.0,0.0,0.0,9.0,4.0,0.0,0.0,0.0,0.0,0.0,0.0,0.0,0.0,6.0,12.0,1.0,12.17,5.01,2.51,1.49,0.0,0.0,0.0,361.3,0.0,-0.8,-1.0,-0.6000000000000001,-169.70000000000002,0.0,0.0,169.70000000000002,0.0,21.700000000000003,28.9,28.9,30.9,300.0,300.0,31.8,35.9,28.9,28.0,29.9,4.96,2.0,4.96,0.16,0.0,0.0,1027.0,8228.0,0.0,0.0,0.0,0.0,0.0,1.0,0.0,0.0,0.0,0.0,0.0,-1.6,0.0,0.3,0.0,0.0,16.0,25903.0
2026-07-30T19:04:00.525Z,410.008,410.022,0.0,7.4,0.0,0.0,0.0,0.0,0.0,0.0,0.0,0.0,1.0,0.0,0.0,0.0,9.0,4.0,0.0,0.0,0.0,0.0,0.0,0.0,0.0,0.0,1.0,12.0,1.0,12.17,5.01,2.51,1.49,0.0,0.0,0.0,361.3,0.0,0.2,0.6000000000000001,-1.1,-169.70000000000002,0.0,0.0,169.8,0.0,21.3,28.9,28.9,30.9,300.0,300.0,31.8,35.9,28.9,28.0,29.9,4.96,1.99,4.96,0.16,0.0,0.0,1027.0,8228.0,0.0,0.0,0.0,0.0,0.0,1.0,0.0,0.0,0.0,0.0,0.0,0.0,0.0,1.1,0.0,0.0,16.0,25903.0
2026-07-30T19:04:00.535Z,410.018,410.034,0.0,7.4,0.0,0.0,0.0,0.0,0.0,0.0,0.0,0.0,1.0,0.0,0.0,0.0,9.0,4.0,0.0,0.0,0.0,0.0,0.0,0.0,0.0,0.0,6.0,12.0,1.0,12.17,5.01,2.51,1.49,0.0,0.0,0.0,361.3,0.0,0.2,0.7000000000000001,0.0,-169.70000000000002,0.0,0.0,169.70000000000002,0.0,21.3,28.9,28.9,30.9,300.0,300.0,31.8,35.9,28.9,28.0,29.9,4.95,1.99,4.96,0.16,0.0,0.0,1027.0,8228.0,0.0,0.0,0.0,0.0,0.0,1.0,0.0,0.0,0.0,0.0,0.0,0.8,0.0,0.1,0.0,0.0,16.0,25903.0
2026-07-30T19:04:00.547Z,410.03,410.046,0.0,7.4,0.0,0.0,0.0,0.0,0.0,0.0,0.0,0.0,1.0,0.0,0.0,0.0,9.0,4.0,0.0,0.0,0.0,0.0,0.0,0.0,0.0,0.0,4.0,12.0,1.0,12.17,5.01,2.51,1.49,0.0,0.0,0.0,361.3,0.0,0.3,0.1,0.6000000000000001,-169.70000000000002,0.0,0.0,169.70000000000002,0.0,21.3,28.9,28.9,30.9,300.0,300.0,31.8,35.9,28.9,28.0,29.9,4.96,1.99,4.96,0.16,0.0,0.0,1027.0,8228.0,0.0,0.0,0.0,0.0,0.0,1.0,0.0,0.0,0.0,0.0,0.0,0.6000000000000001,0.0,-0.5,0.0,0.0,16.0,25903.0
2026-07-30T19:04:00.559Z,410.042,410.058,0.0,7.4,0.0,0.0,0.0,0.0,0.0,0.0,0.0,0.0,1.0,0.0,0.0,0.0,9.0,4.0,0.0,0.0,0.0,0.0,0.0,0.0,0.0,0.0,4.0,12.0,1.0,12.17,5.01,2.51,1.49,0.0,0.0,0.0,361.3,0.0,-0.2,0.1,-0.5,-169.70000000000002,0.0,0.0,169.8,0.0,21.3,28.9,28.9,30.9,300.0,300.0,31.8,35.9,28.9,28.0,29.9,4.95,1.99,4.97,0.16,0.0,0.0,1027.0,8228.0,0.0,0.0,0.0,0.0,0.0,1.0,0.0,0.0,0.0,0.0,0.0,-0.1,0.0,0.5,0.0,0.0,16.0,25903.0
2026-07-30T19:04:00.571Z,410.054,410.07,0.0,7.4,0.0,0.0,0.0,0.0,0.0,0.0,0.0,0.0,1.0,0.0,0.0,0.0,9.0,4.0,0.0,0.0,0.0,0.0,0.0,0.0,0.0,0.0,4.0,12.0,1.0,12.17,5.01,2.51,1.49,0.0,0.0,0.0,361.3,0.0,-0.2,-0.9,0.0,-169.70000000000002,0.0,0.0,169.70000000000002,0.0,21.3,28.9,28.9,30.9,300.0,300.0,31.8,35.9,28.9,28.0,29.9,4.95,1.99,4.97,0.16,0.0,0.0,1027.0,8228.0,0.0,0.0,0.0,0.0,0.0,1.0,0.0,0.0,0.0,0.0,0.0,-1.1,0.0,-0.1,0.0,0.0,16.0,25903.0
2026-07-30T19:04:00.583Z,410.066,410.082,0.0,7.4,0.0,0.0,0.0,0.0,0.0,0.0,0.0,0.0,1.0,0.0,0.0,0.0,9.0,4.0,0.0,0.0,0.0,0.0,0.0,0.0,0.0,0.0,4.0,12.0,1.0,12.17,5.01,2.51,1.49,0.0,0.1,0.0,361.3,0.0,0.9,1.3,1.7000000000000002,-169.70000000000002,0.0,0.0,169.8,0.0,21.3,28.9,28.9,30.9,300.0,300.0,31.8,35.9,28.9,28.0,29.9,4.96,2.0,4.97,0.16,0.0,0.0,1027.0,8228.0,0.0,0.0,0.0,0.0,0.0,1.0,0.0,0.0,0.0,0.0,0.0,2.8000000000000003,0.0,-1.2000000000000002,0.0,0.0,16.0,25903.0
2026-07-30T19:04:00.595Z,410.078,410.094,0.0,7.4,0.0,0.0,0.0,0.0,0.0,0.0,0.0,0.0,1.0,0.0,0.0,0.0,9.0,4.0,0.0,0.0,0.0,0.0,0.0,0.0,0.0,0.0,5.0,12.0,1.0,12.17,5.01,2.51,1.49,0.0,0.0,0.0,361.3,0.0,0.9,-0.3,0.0,-169.70000000000002,0.0,0.0,169.8,0.0,21.3,28.9,28.9,30.9,300.0,300.0,31.8,35.9,28.9,28.0,29.9,4.95,2.0,4.97,0.16,0.0,0.0,1027.0,8228.0,0.0,0.0,0.0,0.0,0.0,1.0,0.0,0.0,0.0,0.0,0.0,-0.4,0.0,0.0,0.0,0.0,16.0,25903.0
2026-07-30T19:04:00.607Z,410.09,410.106,0.0,7.4,0.0,0.0,0.0,0.0,0.0,0.0,0.0,0.0,1.0,0.0,0.0,0.0,9.0,4.0,0.0,0.0,0.0,0.0,0.0,0.0,0.0,0.0,1.0,12.0,1.0,12.17,5.01,2.51,1.49,0.0,0.1,0.0,361.3,0.0,0.3,0.2,0.0,-169.70000000000002,0.0,0.0,169.70000000000002,0.0,21.3,28.9,28.9,30.9,300.0,300.0,31.8,35.9,28.9,28.0,29.9,4.95,1.99,4.97,0.16,0.0,0.0,1027.0,8228.0,0.0,0.0,0.0,0.0,0.0,1.0,0.0,0.0,0.0,0.0,0.0,0.2,0.0,0.0,0.0,0.0,16.0,25903.0
2026-07-30T19:04:00.619Z,410.102,410.118,0.0,7.4,0.0,0.0,0.0,0.0,0.0,0.0,0.0,0.0,1.0,0.0,0.0,0.0,9.0,4.0,0.0,0.0,0.0,0.0,0.0,0.0,0.0,0.0,2.0,12.0,1.0,12.17,5.01,2.51,1.49,0.0,0.0,0.0,361.4,0.0,0.3,1.3,-0.5,-169.70000000000002,0.0,0.0,169.70000000000002,0.0,21.3,28.9,28.9,30.9,300.0,300.0,31.8,35.9,28.9,28.0,29.9,4.95,2.0,4.96,0.16,0.0,0.0,1027.0,8228.0,0.0,0.0,0.0,0.0,0.0,1.0,0.0,0.0,0.0,0.0,0.0,1.1,0.0,0.7000000000000001,0.0,0.0,16.0,25903.0
2026-07-30T19:04:00.631Z,410.114,410.13,0.0,7.4,0.0,0.0,0.0,0.0,0.0,0.0,0.0,0.0,1.0,0.0,0.0,0.0,9.0,4.0,0.0,0.0,0.0,0.0,0.0,0.0,0.0,0.0,4.0,12.0,1.0,12.18,5.01,2.51,1.49,0.0,0.0,0.0,361.3,0.0,0.3,0.7000000000000001,1.0,-169.70000000000002,0.0,0.0,169.70000000000002,0.0,21.9,28.9,28.9,30.9,300.0,300.0,31.700000000000003,35.9,28.8,28.0,29.9,4.96,1.99,4.96,0.16,0.0,0.0,1027.0,8228.0,0.0,0.0,0.0,0.0,0.0,1.0,0.0,0.0,0.0,0.0,0.0,1.6,0.0,-0.7000000000000001,0.0,0.0,16.0,25903.0
2026-07-30T19:04:00.643Z,410.126,410.142,0.0,7.4,0.0,0.0,0.0,0.0,0.0,0.0,0.0,0.0,1.0,0.0,0.0,0.0,9.0,4.0,0.0,0.0,0.0,0.0,0.0,0.0,0.0,0.0,6.0,12.0,1.0,12.18,5.01,2.51,1.49,0.0,0.0,0.0,361.4,0.0,-0.2,-0.4,1.1,-169.70000000000002,0.0,0.0,169.70000000000002,0.0,21.9,28.9,28.9,30.9,300.0,300.0,31.700000000000003,35.9,28.8,28.0,29.9,4.95,1.99,4.97,0.16,0.0,0.0,1027.0,8228.0,0.0,0.0,0.0,0.0,0.0,1.0,0.0,0.0,0.0,0.0,0.0,0.3,0.0,-1.0,0.0,0.0,16.0,25903.0
2026-07-30T19:04:00.655Z,410.138,410.154,0.0,7.4,0.0,0.0,0.0,0.0,0.0,0.0,0.0,0.0,1.0,0.0,0.0,0.0,9.0,4.0,0.0,0.0,0.0,0.0,0.0,0.0,0.0,0.0,1.0,12.0,1.0,12.18,5.01,2.51,1.49,0.0,0.0,0.0,361.4,0.0,0.9,-0.4,0.5,-169.70000000000002,0.0,0.0,169.60000000000002,0.0,21.9,28.9,28.9,30.9,300.0,300.0,31.700000000000003,35.9,28.8,28.0,29.9,4.96,2.0,4.97,0.16,0.0,0.0,1027.0,8228.0,0.0,0.0,0.0,0.0,0.0,1.0,0.0,0.0,0.0,0.0,0.0,0.0,0.0,-0.5,0.0,0.0,16.0,25903.0
2026-07-30T19:04:00.667Z,410.15,410.166,0.0,7.4,0.0,0.0,0.0,0.0,0.0,0.0,0.0,0.0,1.0,0.0,0.0,0.0,9.0,4.0,0.0,0.0,0.0,0.0,0.0,0.0,0.0,0.0,3.0,12.0,1.0,12.18,5.01,2.51,1.49,0.0,0.0,0.0,361.3,0.0,-0.2,0.7000000000000001,0.0,-169.70000000000002,0.0,0.0,169.60000000000002,0.0,21.9,28.9,28.9,30.9,300.0,300.0,31.700000000000003,35.9,28.8,28.0,29.9,4.96,1.99,4.97,0.16,0.0,0.0,1027.0,8228.0,0.0,0.0,0.0,0.0,0.0,1.0,0.0,0.0,0.0,0.0,0.0,0.7000000000000001,0.0,0.2,0.0,0.0,16.0,25903.0
2026-07-30T19:04:00.679Z,410.162,410.178,0.0,7.4,0.0,0.0,0.0,0.0,0.0,0.0,0.0,0.0,1.0,0.0,0.0,0.0,9.0,4.0,0.0,0.0,0.0,0.0,0.0,0.0,0.0,0.0,5.0,12.0,1.0,12.18,5.01,2.51,1.49,0.0,0.0,0.0,361.3,0.0,-0.2,0.1,-1.2000000000000002,-169.70000000000002,0.0,0.0,169.70000000000002,0.0,21.9,28.9,28.9,30.9,300.0,300.0,31.700000000000003,35.9,28.8,28.0,29.9,4.95,1.99,4.97,0.16,0.0,0.0,1027.0,8228.0,0.0,0.0,0.0,0.0,0.0,1.0,0.0,0.0,0.0,0.0,0.0,1.5,0.0,0.3,0.0,0.0,16.0,25903.0
2026-07-30T19:04:00.691Z,410.174,410.19,0.0,7.4,0.0,0.0,0.0,0.0,0.0,0.0,0.0,0.0,1.0,0.0,0.0,0.0,9.0,4.0,0.0,0.0,0.0,0.0,0.0,0.0,0.0,0.0,6.0,12.0,1.0,12.18,5.01,2.51,1.49,0.0,0.0,0.0,361.2000000000001,0.0,-0.8,0.1,0.0,-169.70000000000002,0.0,0.0,169.70000000000002,0.0,21.9,28.9,28.9,30.9,300.0,300.0,31.700000000000003,35.9,28.8,28.0,29.9,4.95,1.99,4.97,0.16,0.0,0.0,1027.0,8228.0,0.0,0.0,0.0,0.0,0.0,1.0,0.0,0.0,0.0,0.0,0.0,-0.3,0.0,-1.1,0.0,0.0,16.0,25903.0
2026-07-30T19:04:00.703Z,410.186,410.202,0.0,7.4,0.0,0.0,0.0,0.0,0.0,0.0,0.0,0.0,1.0,0.0,0.0,0.0,9.0,4.0,0.0,0.0,0.0,0.0,0.0,0.0,0.0,0.0,2.0,12.0,1.0,12.18,5.01,2.51,1.49,0.0,0.1,0.0,361.3,0.0,0.8,-1.0,-0.1,-169.70000000000002,0.0,0.0,169.70000000000002,0.0,21.9,28.9,28.9,30.9,300.0,300.0,31.700000000000003,35.9,28.8,28.0,29.9,4.96,1.99,4.96,0.16,0.0,0.0,1027.0,8228.0,0.0,0.0,0.0,0.0,0.0,1.0,0.0,0.0,0.0,0.0,0.0,0.5,0.0,-0.3,0.0,0.0,16.0,25903.0
2026-07-30T19:04:00.715Z,410.198,410.214,0.0,7.4,0.0,0.0,0.0,0.0,0.0,0.0,0.0,0.0,1.0,0.0,0.0,0.0,9.0,4.0,0.0,0.0,0.0,0.0,0.0,0.0,0.0,0.0,3.0,12.0,1.0,12.18,5.01,2.51,1.49,0.0,0.0,0.0,361.3,0.0,-0.2,0.7000000000000001,-0.1,-169.70000000000002,0.0,0.0,169.70000000000002,0.0,21.9,28.9,28.9,30.9,300.0,300.0,31.700000000000003,35.9,28.8,28.0,29.9,4.96,1.99,4.97,0.16,0.0,0.0,1027.0,8228.0,0.0,0.0,0.0,0.0,0.0,1.0,0.0,0.0,0.0,0.0,0.0,-1.4,0.0,1.0,0.0,0.0,16.0,25903.0
2026-07-30T19:04:00.728Z,410.211,410.226,0.0,7.4,0.0,0.0,0.0,0.0,0.0,0.0,0.0,0.0,1.0,0.0,0.0,0.0,9.0,4.0,0.0,0.0,0.0,0.0,0.0,0.0,0.0,0.0,5.0,12.0,1.0,12.18,5.01,2.51,1.5,0.0,0.0,0.0,361.3,0.0,0.9,0.1,-0.7000000000000001,-169.70000000000002,0.0,0.0,169.8,0.0,21.4,28.9,28.9,30.9,300.0,300.0,31.700000000000003,35.800000000000004,28.8,28.0,29.9,4.95,1.99,4.97,0.16,0.0,0.0,1027.0,8228.0,0.0,0.0,0.0,0.0,0.0,1.0,0.0,0.0,0.0,0.0,0.0,-0.3,0.0,0.6000000000000001,0.0,0.0,16.0,25903.0
2026-07-30T19:04:00.739Z,410.222,410.238,0.0,7.4,0.0,0.0,0.0,0.0,0.0,0.0,0.0,0.0,1.0,0.0,0.0,0.0,9.0,4.0,0.0,0.0,0.0,0.0,0.0,0.0,0.0,0.0,6.0,12.0,1.0,12.18,5.01,2.51,1.5,0.0,0.0,0.0,361.3,0.0,-0.2,0.7000000000000001,-0.1,-169.70000000000002,0.0,0.0,169.60000000000002,0.0,21.4,28.9,28.9,30.9,300.0,300.0,31.700000000000003,35.800000000000004,28.8,28.0,29.9,4.96,1.99,4.97,0.16,0.0,0.0,1027.0,8228.0,0.0,0.0,0.0,0.0,0.0,1.0,0.0,0.0,0.0,0.0,0.0,0.7000000000000001,0.0,0.2,0.0,0.0,16.0,25903.0
2026-07-30T19:04:00.751Z,410.234,410.25,0.0,7.4,0.0,0.0,0.0,0.0,0.0,0.0,0.0,0.0,1.0,0.0,0.0,0.0,9.0,4.0,0.0,0.0,0.0,0.0,0.0,0.0,0.0,0.0,2.0,12.0,1.0,12.18,5.01,2.51,1.5,0.0,0.0,0.0,361.4,0.0,-0.2,-1.0,-0.7000000000000001,-169.70000000000002,0.0,0.0,169.70000000000002,0.0,21.4,28.9,28.9,30.9,300.0,300.0,31.700000000000003,35.800000000000004,28.8,28.0,29.9,4.95,1.99,4.96,0.16,0.0,0.0,1027.0,8228.0,0.0,0.0,0.0,0.0,0.0,1.0,0.0,0.0,0.0,0.0,0.0,-1.7000000000000002,0.0,0.4,0.0,0.0,16.0,25903.0
2026-07-30T19:04:00.763Z,410.246,410.262,0.0,7.4,0.0,0.0,0.0,0.0,0.0,0.0,0.0,0.0,1.0,0.0,0.0,0.0,9.0,4.0,0.0,0.0,0.0,0.0,0.0,0.0,0.0,0.0,3.0,12.0,1.0,12.18,5.01,2.51,1.5,0.0,0.0,0.0,361.3,0.0,0.3,0.1,-0.1,-169.70000000000002,0.0,0.0,169.60000000000002,0.0,21.4,28.9,28.9,30.9,300.0,300.0,31.700000000000003,35.800000000000004,28.8,28.0,29.9,4.95,1.99,4.97,0.16,0.0,0.0,1027.0,8228.0,0.0,0.0,0.0,0.0,0.0,1.0,0.0,0.0,0.0,0.0,0.0,0.0,0.0,0.1,0.0,0.0,16.0,25903.0
2026-07-30T19:04:00.775Z,410.258,410.274,0.0,7.4,0.0,0.0,0.0,0.0,0.0,0.0,0.0,0.0,1.0,0.0,0.0,0.0,9.0,4.0,0.0,0.0,0.0,0.0,0.0,0.0,0.0,0.0,5.0,12.0,1.0,12.18,5.01,2.51,1.5,0.0,0.0,0.0,361.3,0.0,0.3,-0.4,-0.1,-169.70000000000002,0.0,0.0,169.60000000000002,0.0,21.4,28.9,28.9,30.9,300.0,300.0,31.700000000000003,35.800000000000004,28.8,28.0,29.9,4.95,1.99,4.97,0.16,0.0,0.0,1027.0,8228.0,0.0,0.0,0.0,0.0,0.0,1.0,0.0,0.0,0.0,0.0,0.0,-0.6000000000000001,0.0,0.0,0.0,0.0,16.0,25903.0
2026-07-30T19:04:00.787Z,410.27,410.286,0.0,7.4,0.0,0.0,0.0,0.0,0.0,0.0,0.0,0.0,1.0,0.0,0.0,0.0,9.0,4.0,0.0,0.0,0.0,0.0,0.0,0.0,0.0,0.0,1.0,12.0,1.0,12.18,5.01,2.51,1.5,0.0,0.1,0.0,361.3,0.0,-0.3,-1.0,-0.7000000000000001,-169.70000000000002,0.0,0.0,169.70000000000002,0.0,21.4,28.9,28.9,30.9,300.0,300.0,31.700000000000003,35.800000000000004,28.8,28.0,29.9,4.96,1.99,4.96,0.16,0.0,0.0,1027.0,8228.0,0.0,0.0,0.0,0.0,0.0,1.0,0.0,0.0,0.0,0.0,0.0,-1.7000000000000002,0.0,0.4,0.0,0.0,16.0,25903.0
2026-07-30T19:04:00.799Z,410.282,410.298,0.0,7.4,0.0,0.0,0.0,0.0,0.0,0.0,0.0,0.0,1.0,0.0,0.0,0.0,9.0,4.0,0.0,0.0,0.0,0.0,0.0,0.0,0.0,0.0,2.0,12.0,1.0,12.18,5.01,2.51,1.5,0.0,0.1,0.0,361.4,0.0,0.2,-0.5,0.4,-169.70000000000002,0.0,0.0,169.8,0.0,21.4,28.9,28.9,30.9,300.0,300.0,31.700000000000003,35.800000000000004,28.8,28.0,29.9,4.95,1.99,4.97,0.16,0.0,0.0,1027.0,8228.0,0.0,0.0,0.0,0.0,0.0,1.0,0.0,0.0,0.0,0.0,0.0,-0.2,0.0,-0.5,0.0,0.0,16.0,25903.0
2026-07-30T19:04:00.811Z,410.294,410.31,0.0,7.4,0.0,0.0,0.0,0.0,0.0,0.0,0.0,0.0,1.0,0.0,0.0,0.0,9.0,4.0,0.0,0.0,0.0,0.0,0.0,0.0,0.0,0.0,4.0,12.0,1.0,12.18,5.01,2.51,1.5,0.0,0.0,0.0,361.3,0.0,-0.2,1.2000000000000002,0.0,-169.70000000000002,0.0,0.0,169.70000000000002,0.0,21.4,28.9,28.9,30.9,300.0,300.0,31.700000000000003,35.800000000000004,28.8,28.0,29.9,4.95,1.99,4.97,0.16,0.0,0.0,1027.0,8228.0,0.0,0.0,0.0,0.0,0.0,1.0,0.0,0.0,0.0,0.0,0.0,1.3,0.0,0.3,0.0,0.0,16.0,25903.0
2026-07-30T19:04:00.824Z,410.307,410.322,0.0,7.4,0.0,0.0,0.0,0.0,0.0,0.0,0.0,0.0,1.0,0.0,0.0,0.0,9.0,4.0,0.0,0.0,0.0,0.0,0.0,0.0,0.0,0.0,5.0,12.0,1.0,12.18,5.01,2.51,1.5,0.0,0.0,0.0,361.4,0.0,0.2,0.0,1.0,-169.60000000000002,0.0,0.0,169.70000000000002,0.0,21.4,28.9,28.9,30.9,300.0,300.0,31.700000000000003,35.800000000000004,28.8,28.0,29.9,4.96,1.99,4.97,0.16,0.0,0.0,1027.0,8228.0,0.0,0.0,0.0,0.0,0.0,1.0,0.0,0.0,0.0,0.0,0.0,0.8,0.0,-0.9,0.0,0.0,16.0,25903.0
2026-07-30T19:04:00.836Z,410.319,410.334,0.0,7.4,0.0,0.0,0.0,0.0,0.0,0.0,0.0,0.0,1.0,0.0,0.0,0.0,9.0,4.0,0.0,0.0,0.0,0.0,0.0,0.0,0.0,0.0,6.0,12.0,1.0,12.17,5.0200000000000005,2.51,1.49,0.0,0.0,0.0,361.3,0.0,-0.2,-0.4,-1.2000000000000002,-169.60000000000002,0.0,0.0,169.60000000000002,0.0,21.700000000000003,28.9,28.9,30.9,300.0,300.0,31.6,35.9,28.8,28.0,29.9,4.96,1.99,4.96,0.16,0.0,0.0,1027.0,8228.0,0.0,0.0,0.0,0.0,0.0,1.0,0.0,0.0,0.0,0.0,0.0,-1.4,0.0,0.9,0.0,0.0,16.0,25903.0
2026-07-30T19:04:00.848Z,410.331,410.346,0.0,7.4,0.0,0.0,0.0,0.0,0.0,0.0,0.0,0.0,1.0,0.0,0.0,0.0,9.0,4.0,0.0,0.0,0.0,0.0,0.0,0.0,0.0,0.0,1.0,12.0,1.0,12.17,5.0200000000000005,2.51,1.49,0.0,0.0,0.0,361.4,0.0,0.2,-1.6,0.0,-169.60000000000002,0.0,0.0,169.70000000000002,0.0,21.700000000000003,28.9,28.9,30.9,300.0,300.0,31.6,35.9,28.8,28.0,29.9,4.95,1.99,4.96,0.16,0.0,0.0,1027.0,8228.0,0.0,0.0,0.0,0.0,0.0,1.0,0.0,0.0,0.0,0.0,0.0,-1.8,0.0,-0.3,0.0,0.0,16.0,25903.0
2026-07-30T19:04:00.859Z,410.342,410.358,0.0,7.4,0.0,0.0,0.0,0.0,0.0,0.0,0.0,0.0,1.0,0.0,0.0,0.0,9.0,4.0,0.0,0.0,0.0,0.0,0.0,0.0,0.0,0.0,2.0,12.0,1.0,12.17,5.0200000000000005,2.51,1.49,0.0,0.0,0.0,361.3,0.0,-0.2,0.0,0.0,-169.60000000000002,0.0,0.0,169.70000000000002,0.0,21.700000000000003,28.9,28.9,30.9,300.0,300.0,31.6,35.9,28.8,28.0,29.9,4.95,1.99,4.96,0.16,0.0,0.0,1027.0,8228.0,0.0,0.0,0.0,0.0,0.0,1.0,0.0,0.0,0.0,0.0,0.0,0.1,0.0,0.0,0.0,0.0,16.0,25903.0
2026-07-30T19:04:00.871Z,410.354,410.37,0.0,7.4,0.0,0.0,0.0,0.0,0.0,0.0,0.0,0.0,1.0,0.0,0.0,0.0,9.0,4.0,0.0,0.0,0.0,0.0,0.0,0.0,0.0,0.0,4.0,12.0,1.0,12.17,5.0200000000000005,2.51,1.49,0.0,0.0,0.0,361.3,0.0,-0.2,-0.4,-0.5,-169.60000000000002,0.0,0.0,169.70000000000002,0.0,21.700000000000003,28.9,28.9,30.9,300.0,300.0,31.6,35.9,28.8,28.0,29.9,4.96,1.99,4.96,0.16,0.0,0.0,1027.0,8228.0,0.0,0.0,0.0,0.0,0.0,1.0,0.0,0.0,0.0,0.0,0.0,-0.9,0.0,0.4,0.0,0.0,16.0,25903.0
2026-07-30T19:04:00.883Z,410.366,410.382,0.0,7.4,0.0,0.0,0.0,0.0,0.0,0.0,0.0,0.0,1.0,0.0,0.0,0.0,9.0,4.0,0.0,0.0,0.0,0.0,0.0,0.0,0.0,0.0,5.0,12.0,1.0,12.17,5.0200000000000005,2.51,1.49,0.0,0.0,0.0,361.3,0.0,-0.3,0.1,0.6000000000000001,-169.60000000000002,0.0,0.0,169.70000000000002,0.0,21.700000000000003,28.9,28.9,30.9,300.0,300.0,31.6,35.9,28.8,28.0,29.9,4.95,1.99,4.97,0.16,0.0,0.0,1027.0,8228.0,0.0,0.0,0.0,0.0,0.0,1.0,0.0,0.0,0.0,0.0,0.0,0.6000000000000001,0.0,-0.5,0.0,0.0,16.0,25903.0
2026-07-30T19:04:00.895Z,410.378,410.394,0.0,7.4,0.0,0.0,0.0,0.0,0.0,0.0,0.0,0.0,1.0,0.0,0.0,0.0,9.0,4.0,0.0,0.0,0.0,0.0,0.0,0.0,0.0,0.0,6.0,12.0,1.0,12.17,5.0200000000000005,2.51,1.49,0.0,0.0,0.0,361.3,0.0,0.2,0.1,0.0,-169.60000000000002,0.0,0.0,169.70000000000002,0.0,21.700000000000003,28.9,28.9,30.9,300.0,300.0,31.6,35.9,28.8,28.0,29.9,4.96,1.99,4.96,0.16,0.0,0.0,1027.0,8228.0,0.0,0.0,0.0,0.0,0.0,1.0,0.0,0.0,0.0,0.0,0.0,0.1,0.0,0.0,0.0,0.0,16.0,25903.0
2026-07-30T19:04:00.907Z,410.39,410.406,0.0,7.4,0.0,0.0,0.0,0.0,0.0,0.0,0.0,0.0,1.0,0.0,0.0,0.0,9.0,4.0,0.0,0.0,0.0,0.0,0.0,0.0,0.0,0.0,1.0,12.0,1.0,12.17,5.0200000000000005,2.51,1.49,0.0,0.0,0.0,361.3,0.0,-0.3,-1.6,-1.1,-169.60000000000002,0.0,0.0,169.60000000000002,0.0,21.700000000000003,28.9,28.9,30.9,300.0,300.0,31.6,35.9,28.8,28.0,29.9,4.96,1.99,4.96,0.16,0.0,0.0,1027.0,8228.0,0.0,0.0,0.0,0.0,0.0,1.0,0.0,0.0,0.0,0.0,0.0,-2.7,0.0,0.6000000000000001,0.0,0.0,16.0,25903.0
2026-07-30T19:04:00.919Z,410.402,410.418,0.0,7.4,0.0,0.0,0.0,0.0,0.0,0.0,0.0,0.0,1.0,0.0,0.0,0.0,9.0,4.0,0.0,0.0,0.0,0.0,0.0,0.0,0.0,0.0,2.0,12.0,1.0,12.17,5.0200000000000005,2.51,1.49,0.0,0.0,0.0,361.2000000000001,0.0,0.2,-0.4,1.2000000000000002,-169.60000000000002,0.0,0.0,169.70000000000002,0.0,21.700000000000003,28.9,28.9,30.9,300.0,300.0,31.6,35.9,28.8,28.0,29.9,4.96,1.99,4.96,0.16,0.0,0.0,1027.0,8228.0,0.0,0.0,0.0,0.0,0.0,1.0,0.0,0.0,0.0,0.0,0.0,0.4,0.0,-1.1,0.0,0.0,16.0,25903.0
2026-07-30T19:04:00.932Z,410.415,410.43,0.0,7.4,0.0,0.0,0.0,0.0,0.0,0.0,0.0,0.0,1.0,0.0,0.0,0.0,9.0,4.0,0.0,0.0,0.0,0.0,0.0,0.0,0.0,0.0,2.0,12.0,1.0,12.18,5.01,2.51,1.5,0.0,0.0,0.0,361.3,0.0,-0.2,0.1,0.0,-169.60000000000002,0.0,0.0,169.60000000000002,0.0,21.4,28.9,28.9,30.9,300.0,300.0,31.6,35.9,28.8,28.0,29.9,4.95,1.99,4.97,0.16,0.0,0.0,1027.0,8228.0,0.0,0.0,0.0,0.0,0.0,1.0,0.0,0.0,0.0,0.0,0.0,0.2,0.0,0.0,0.0,0.0,16.0,25903.0
2026-07-30T19:04:00.943Z,410.426,410.442,0.0,7.4,0.0,0.0,0.0,0.0,0.0,0.0,0.0,0.0,1.0,0.0,0.0,0.0,9.0,4.0,0.0,0.0,0.0,0.0,0.0,0.0,0.0,0.0,2.0,12.0,1.0,12.18,5.01,2.51,1.5,0.0,0.0,0.0,361.3,0.0,-0.3,-0.4,0.5,-169.60000000000002,0.0,0.0,169.70000000000002,0.0,21.4,28.9,28.9,30.9,300.0,300.0,31.6,35.9,28.8,28.0,29.9,4.96,2.0,4.96,0.16,0.0,0.0,1027.0,8228.0,0.0,0.0,0.0,0.0,0.0,1.0,0.0,0.0,0.0,0.0,0.0,0.0,0.0,-0.5,0.0,0.0,16.0,25903.0
2026-07-30T19:04:00.955Z,410.438,410.454,0.0,7.4,0.0,0.0,0.0,0.0,0.0,0.0,0.0,0.0,1.0,0.0,0.0,0.0,9.0,4.0,0.0,0.0,0.0,0.0,0.0,0.0,0.0,0.0,3.0,12.0,1.0,12.18,5.01,2.51,1.5,0.0,0.0,0.0,361.3,0.0,0.8,0.1,-0.6000000000000001,-169.60000000000002,0.0,0.0,169.70000000000002,0.0,21.4,28.9,28.9,30.9,300.0,300.0,31.6,35.9,28.8,28.0,29.9,4.96,2.0,4.97,0.16,0.0,0.0,1027.0,8228.0,0.0,0.0,0.0,0.0,0.0,1.0,0.0,0.0,0.0,0.0,0.0,-0.3,0.0,0.6000000000000001,0.0,0.0,16.0,25903.0
2026-07-30T19:04:00.967Z,410.45,410.466,0.0,7.4,0.0,0.0,0.0,0.0,0.0,0.0,0.0,0.0,1.0,0.0,0.0,0.0,9.0,4.0,0.0,0.0,0.0,0.0,0.0,0.0,0.0,0.0,4.0,12.0,1.0,12.18,5.01,2.51,1.5,0.0,0.0,0.0,361.3,0.0,0.2,0.2,1.1,-169.60000000000002,0.0,0.0,169.70000000000002,0.0,21.4,28.9,28.9,30.9,300.0,300.0,31.6,35.9,28.8,28.0,29.9,4.95,1.99,4.97,0.16,0.0,0.0,1027.0,8228.0,0.0,0.0,0.0,0.0,0.0,1.0,0.0,0.0,0.0,0.0,0.0,1.0,0.0,-0.9,0.0,0.0,16.0,25903.0
2026-07-30T19:04:00.979Z,410.462,410.478,0.0,7.4,0.0,0.0,0.0,0.0,0.0,0.0,0.0,0.0,1.0,0.0,0.0,0.0,9.0,4.0,0.0,0.0,0.0,0.0,0.0,0.0,0.0,0.0,5.0,12.0,1.0,12.18,5.01,2.51,1.5,0.0,0.0,0.0,361.4,0.0,0.2,-0.3,0.0,-169.60000000000002,0.0,0.0,169.8,0.0,21.4,28.9,28.9,30.9,300.0,300.0,31.6,35.9,28.8,28.0,29.9,4.96,1.99,4.96,0.16,0.0,0.0,1027.0,8228.0,0.0,0.0,0.0,0.0,0.0,1.0,0.0,0.0,0.0,0.0,0.0,-0.4,0.0,0.0,0.0,0.0,16.0,25903.0
2026-07-30T19:04:00.991Z,410.474,410.49,0.0,7.4,0.0,0.0,0.0,0.0,0.0,0.0,0.0,0.0,1.0,0.0,0.0,0.0,9.0,4.0,0.0,0.0,0.0,0.0,0.0,0.0,0.0,0.0,6.0,12.0,1.0,12.18,5.01,2.51,1.5,0.0,0.0,0.0,361.3,0.0,-0.2,-1.5,-0.6000000000000001,-169.60000000000002,0.0,0.0,169.70000000000002,0.0,21.4,28.9,28.9,30.9,300.0,300.0,31.6,35.9,28.8,28.0,29.9,4.96,1.99,4.97,0.16,0.0,0.0,1027.0,8228.0,0.0,0.0,0.0,0.0,0.0,1.0,0.0,0.0,0.0,0.0,0.0,-2.1,0.0,0.2,0.0,0.0,16.0,25903.0
2026-07-30T19:04:01.003Z,410.486,410.502,0.0,7.4,0.0,0.0,0.0,0.0,0.0,0.0,0.0,0.0,1.0,0.0,0.0,0.0,9.0,4.0,0.0,0.0,0.0,0.0,0.0,0.0,0.0,0.0,1.0,12.0,1.0,12.18,5.01,2.51,1.5,0.0,0.0,0.0,361.4,0.0,0.8,1.4,0.0,-169.60000000000002,0.0,0.0,169.70000000000002,0.0,21.4,28.9,28.9,30.9,300.0,300.0,31.6,35.9,28.8,28.0,29.9,4.96,1.99,4.97,0.16,0.0,0.0,1027.0,8228.0,0.0,0.0,0.0,0.0,0.0,1.0,0.0,0.0,0.0,0.0,0.0,1.6,0.0,0.3,0.0,0.0,16.0,25903.0
2026-07-30T19:04:01.016Z,410.499,410.514,0.0,7.4,0.0,0.0,0.0,0.0,0.0,0.0,0.0,0.0,1.0,0.0,0.0,0.0,9.0,4.0,0.0,0.0,0.0,0.0,0.0,0.0,0.0,0.0,3.0,12.0,1.0,12.18,5.01,2.51,1.5,0.0,0.0,0.0,361.3,0.0,0.9,0.8,1.1,-169.60000000000002,0.0,0.0,169.70000000000002,0.0,21.4,28.9,28.9,30.9,300.0,300.0,31.6,35.9,28.8,28.0,29.9,4.95,1.99,4.97,0.16,0.0,0.0,1027.0,8228.0,0.0,0.0,0.0,0.0,0.0,1.0,0.0,0.0,0.0,0.0,0.0,1.8,0.0,-0.7000000000000001,0.0,0.0,16.0,25903.0
2026-07-30T19:04:01.027Z,410.51,410.526,0.0,7.4,0.0,0.0,0.0,0.0,0.0,0.0,0.0,0.0,1.0,0.0,0.0,0.0,9.0,4.0,0.0,0.0,0.0,0.0,0.0,0.0,0.0,0.0,4.0,12.0,1.0,12.18,5.01,2.51,1.5,0.0,0.0,0.0,361.3,0.0,-0.1,-0.2,-1.2000000000000002,-169.60000000000002,0.0,0.0,169.70000000000002,0.0,21.4,28.9,28.9,30.9,300.0,300.0,31.6,35.9,28.8,28.0,29.9,4.96,1.99,4.96,0.16,0.0,0.0,1027.0,8228.0,0.0,0.0,0.0,0.0,0.0,1.0,0.0,0.0,0.0,0.0,0.0,-1.2000000000000002,0.0,1.0,0.0,0.0,16.0,25903.0
2026-07-30T19:04:01.039Z,410.522,410.538,0.0,7.4,0.0,0.0,0.0,0.0,0.0,0.0,0.0,0.0,1.0,0.0,0.0,0.0,9.0,4.0,0.0,0.0,0.0,0.0,0.0,0.0,0.0,0.0,5.0,12.0,1.0,12.14,5.01,2.51,1.49,0.0,0.0,0.0,361.3,0.0,0.3,0.3,0.5,-169.60000000000002,0.0,0.0,169.60000000000002,0.0,21.700000000000003,28.9,28.9,30.9,300.0,300.0,31.700000000000003,35.9,28.8,28.0,29.9,4.95,1.99,4.97,0.16,0.0,0.0,1027.0,8228.0,0.0,0.0,0.0,0.0,0.0,1.0,0.0,0.0,0.0,0.0,0.0,0.7000000000000001,0.0,-0.4,0.0,0.0,16.0,25903.0
2026-07-30T19:04:01.051Z,410.534,410.55,0.0,7.4,0.0,0.0,0.0,0.0,0.0,0.0,0.0,0.0,1.0,0.0,0.0,0.0,9.0,4.0,0.0,0.0,0.0,0.0,0.0,0.0,0.0,0.0,6.0,12.0,1.0,12.14,5.01,2.51,1.49,0.0,0.0,0.0,361.4,0.0,0.4,2.0,0.5,-169.60000000000002,0.0,0.0,169.70000000000002,0.0,21.700000000000003,28.9,28.9,30.9,300.0,300.0,31.700000000000003,35.9,28.8,28.0,29.9,4.95,1.99,4.97,0.16,0.0,0.0,1027.0,8228.0,0.0,0.0,0.0,0.0,0.0,1.0,0.0,0.0,0.0,0.0,0.0,2.8000000000000003,0.0,0.0,0.0,0.0,16.0,25903.0
2026-07-30T19:04:01.063Z,410.546,410.562,0.0,7.4,0.0,0.0,0.0,0.0,0.0,0.0,0.0,0.0,1.0,0.0,0.0,0.0,9.0,4.0,0.0,0.0,0.0,0.0,0.0,0.0,0.0,0.0,1.0,12.0,1.0,12.14,5.01,2.51,1.49,0.0,0.0,0.0,361.4,0.0,0.4,-0.2,-0.5,-169.60000000000002,0.0,0.0,169.70000000000002,0.0,21.700000000000003,28.9,28.9,30.9,300.0,300.0,31.700000000000003,35.9,28.8,28.0,29.9,4.96,2.0,4.97,0.16,0.0,0.0,1027.0,8228.0,0.0,0.0,0.0,0.0,0.0,1.0,0.0,0.0,0.0,0.0,0.0,-0.7000000000000001,0.0,0.4,0.0,0.0,16.0,25903.0
2026-07-30T19:04:01.075Z,410.558,410.574,0.0,7.4,0.0,0.0,0.0,0.0,0.0,0.0,0.0,0.0,1.0,0.0,0.0,0.0,9.0,4.0,0.0,0.0,0.0,0.0,0.0,0.0,0.0,0.0,2.0,12.0,1.0,12.14,5.01,2.51,1.49,0.0,0.0,0.0,361.4,0.0,0.4,0.2,0.5,-169.60000000000002,0.0,0.0,169.60000000000002,0.0,21.700000000000003,28.9,28.9,30.9,300.0,300.0,31.700000000000003,35.9,28.8,28.0,29.9,4.95,2.0,4.96,0.16,0.0,0.0,1027.0,8228.0,0.0,0.0,0.0,0.0,0.0,1.0,0.0,0.0,0.0,0.0,0.0,0.7000000000000001,0.0,-0.4,0.0,0.0,16.0,25903.0
2026-07-30T19:04:01.088Z,410.571,410.586,0.0,7.4,0.0,0.0,0.0,0.0,0.0,0.0,0.0,0.0,1.0,0.0,0.0,0.0,9.0,4.0,0.0,0.0,0.0,0.0,0.0,0.0,0.0,0.0,3.0,12.0,1.0,12.14,5.01,2.51,1.49,0.0,0.1,0.0,361.3,0.0,-0.1,-0.8,-0.6000000000000001,-169.60000000000002,0.0,0.0,169.70000000000002,0.0,21.700000000000003,28.9,28.9,30.9,300.0,300.0,31.700000000000003,35.9,28.8,28.0,29.9,4.95,1.99,4.97,0.16,0.0,0.0,1027.0,8228.0,0.0,0.0,0.0,0.0,0.0,1.0,0.0,0.0,0.0,0.0,0.0,-1.4,0.0,0.3,0.0,0.0,16.0,25903.0
2026-07-30T19:04:01.100Z,410.583,410.598,0.0,7.4,0.0,0.0,0.0,0.0,0.0,0.0,0.0,0.0,1.0,0.0,0.0,0.0,9.0,4.0,0.0,0.0,0.0,0.0,0.0,0.0,0.0,0.0,4.0,12.0,1.0,12.14,5.01,2.51,1.49,0.0,0.0,0.0,361.4,0.0,0.4,1.4,0.5,-169.60000000000002,0.0,0.0,169.60000000000002,0.0,21.700000000000003,28.9,28.9,30.9,300.0,300.0,31.700000000000003,35.9,28.8,28.0,29.9,4.95,1.99,4.96,0.16,0.0,0.0,1027.0,8228.0,0.0,0.0,0.0,0.0,0.0,1.0,0.0,0.0,0.0,0.0,0.0,2.0,0.0,-0.1,0.0,0.0,16.0,25903.0
2026-07-30T19:04:01.111Z,410.594,410.61,0.0,7.4,0.0,0.0,0.0,0.0,0.0,0.0,0.0,0.0,1.0,0.0,0.0,0.0,9.0,4.0,0.0,0.0,0.0,0.0,0.0,0.0,0.0,0.0,5.0,12.0,1.0,12.14,5.01,2.51,1.49,0.0,0.1,0.0,361.4,0.0,-0.1,0.8,0.0,-169.60000000000002,0.0,0.0,169.60000000000002,0.0,21.700000000000003,28.9,28.9,30.9,300.0,300.0,31.700000000000003,35.9,28.8,28.0,29.9,4.96,1.99,4.96,0.16,0.0,0.0,1027.0,8228.0,0.0,0.0,0.0,0.0,0.0,1.0,0.0,0.0,0.0,0.0,0.0,1.0,0.0,0.2,0.0,0.0,16.0,25903.0
2026-07-30T19:04:01.123Z,410.606,410.622,0.0,7.4,0.0,0.0,0.0,0.0,0.0,0.0,0.0,0.0,1.0,0.0,0.0,0.0,9.0,4.0,0.0,0.0,0.0,0.0,0.0,0.0,0.0,0.0,6.0,12.0,1.0,12.14,5.01,2.51,1.49,0.0,0.0,0.0,361.4,0.0,0.4,0.3,1.1,-169.60000000000002,0.0,0.0,169.70000000000002,0.0,21.700000000000003,28.9,28.9,30.9,300.0,300.0,31.700000000000003,35.9,28.8,28.0,29.9,4.95,1.99,4.97,0.16,0.0,0.0,1027.0,8228.0,0.0,0.0,0.0,0.0,0.0,1.0,0.0,0.0,0.0,0.0,0.0,1.1,0.0,-0.9,0.0,0.0,16.0,25903.0
2026-07-30T19:04:01.136Z,410.619,410.634,0.0,7.4,0.0,0.0,0.0,0.0,0.0,0.0,0.0,0.0,1.0,0.0,0.0,0.0,9.0,4.0,0.0,0.0,0.0,0.0,0.0,0.0,0.0,0.0,1.0,12.0,1.0,12.18,5.01,2.5,1.49,0.0,0.0,0.0,361.3,0.0,-0.7000000000000001,-0.8,0.0,-169.60000000000002,0.0,0.0,169.60000000000002,0.0,21.200000000000003,28.9,28.9,30.9,300.0,300.0,31.700000000000003,35.9,28.8,28.0,29.9,4.96,1.99,4.96,0.16,0.0,0.0,1027.0,8228.0,0.0,0.0,0.0,0.0,0.0,1.0,0.0,0.0,0.0,0.0,0.0,-1.0,0.0,-0.1,0.0,0.0,16.0,25903.0
2026-07-30T19:04:01.147Z,410.63,410.646,0.0,7.4,0.0,0.0,0.0,0.0,0.0,0.0,0.0,0.0,1.0,0.0,0.0,0.0,9.0,4.0,0.0,0.0,0.0,0.0,0.0,0.0,0.0,0.0,2.0,12.0,1.0,12.18,5.01,2.5,1.49,0.0,0.0,0.0,361.3,0.0,-0.1,0.9,-0.6000000000000001,-169.60000000000002,0.0,0.0,169.70000000000002,0.0,21.200000000000003,28.9,28.9,30.9,300.0,300.0,31.700000000000003,35.9,28.8,28.0,29.9,4.96,2.0,4.97,0.16,0.0,0.0,1027.0,8228.0,0.0,0.0,0.0,0.0,0.0,1.0,0.0,0.0,0.0,0.0,0.0,0.5,0.0,0.7000000000000001,0.0,0.0,16.0,25903.0
2026-07-30T19:04:01.159Z,410.642,410.658,0.0,7.4,0.0,0.0,0.0,0.0,0.0,0.0,0.0,0.0,1.0,0.0,0.0,0.0,9.0,4.0,0.0,0.0,0.0,0.0,0.0,0.0,0.0,0.0,3.0,12.0,1.0,12.18,5.01,2.5,1.49,0.0,0.0,0.0,361.3,0.0,-0.1,0.8,0.4,-169.60000000000002,0.0,0.0,169.70000000000002,0.0,21.200000000000003,28.9,28.9,30.9,300.0,300.0,31.700000000000003,35.9,28.8,28.0,29.9,4.95,1.99,4.97,0.16,0.0,0.0,1027.0,8228.0,0.0,0.0,0.0,0.0,0.0,1.0,0.0,0.0,0.0,0.0,0.0,1.3,0.0,-0.2,0.0,0.0,16.0,25903.0
2026-07-30T19:04:01.171Z,410.654,410.67,0.0,7.4,0.0,0.0,0.0,0.0,0.0,0.0,0.0,0.0,1.0,0.0,0.0,0.0,9.0,4.0,0.0,0.0,0.0,0.0,0.0,0.0,0.0,0.0,4.0,12.0,1.0,12.18,5.01,2.5,1.49,0.0,0.0,0.0,361.4,0.0,1.0,0.2,1.1,-169.60000000000002,0.0,0.0,169.70000000000002,0.0,21.200000000000003,28.9,28.9,30.9,300.0,300.0,31.700000000000003,35.9,28.8,28.0,29.9,4.95,1.99,4.96,0.16,0.0,0.0,1027.0,8228.0,0.0,0.0,0.0,0.0,0.0,1.0,0.0,0.0,0.0,0.0,0.0,1.1,0.0,-0.9,0.0,0.0,16.0,25903.0
2026-07-30T19:04:01.183Z,410.666,410.682,0.0,7.4,0.0,0.0,0.0,0.0,0.0,0.0,0.0,0.0,1.0,0.0,0.0,0.0,9.0,4.0,0.0,0.0,0.0,0.0,0.0,0.0,0.0,0.0,5.0,12.0,1.0,12.18,5.01,2.5,1.49,0.0,0.0,0.0,361.3,0.0,1.0,-0.3,1.1,-169.60000000000002,0.0,0.0,169.70000000000002,0.0,21.200000000000003,28.9,28.9,30.9,300.0,300.0,31.700000000000003,35.9,28.8,28.0,29.9,4.96,1.99,4.96,0.16,0.0,0.0,1027.0,8228.0,0.0,0.0,0.0,0.0,0.0,1.0,0.0,0.0,0.0,0.0,0.0,0.4,0.0,-1.0,0.0,0.0,16.0,25903.0
2026-07-30T19:04:01.195Z,410.678,410.694,0.0,7.4,0.0,0.0,0.0,0.0,0.0,0.0,0.0,0.0,1.0,0.0,0.0,0.0,9.0,4.0,0.0,0.0,0.0,0.0,0.0,0.0,0.0,0.0,6.0,12.0,1.0,12.18,5.01,2.5,1.49,0.0,0.0,0.0,361.3,0.0,1.0,1.4,0.0,-169.60000000000002,0.0,0.0,169.60000000000002,0.0,21.200000000000003,28.9,28.9,30.9,300.0,300.0,31.700000000000003,35.9,28.8,28.0,29.9,4.96,1.99,4.97,0.16,0.0,0.0,1027.0,8228.0,0.0,0.0,0.0,0.0,0.0,1.0,0.0,0.0,0.0,0.0,0.0,1.1,0.0,-0.9,0.0,0.0,16.0,25903.0
2026-07-30T19:04:01.207Z,410.69,410.706,0.0,7.4,0.0,0.0,0.0,0.0,0.0,0.0,0.0,0.0,1.0,0.0,0.0,0.0,9.0,4.0,0.0,0.0,0.0,0.0,0.0,0.0,0.0,0.0,2.0,12.0,1.0,12.18,5.01,2.5,1.49,0.0,0.1,0.0,361.3,0.0,0.4,0.2,1.0,-169.60000000000002,0.0,0.0,169.60000000000002,0.0,21.200000000000003,28.9,28.9,30.9,300.0,300.0,31.700000000000003,35.9,28.8,28.0,29.9,4.95,1.99,4.97,0.16,0.0,0.0,1027.0,8228.0,0.0,0.0,0.0,0.0,0.0,1.0,0.0,0.0,0.0,0.0,0.0,0.8,0.0,0.2,0.0,0.0,16.0,25903.0
2026-07-30T19:04:01.219Z,410.702,410.718,0.0,7.4,0.0,0.0,0.0,0.0,0.0,0.0,0.0,0.0,1.0,0.0,0.0,0.0,9.0,4.0,0.0,0.0,0.0,0.0,0.0,0.0,0.0,0.0,3.0,12.0,1.0,12.18,5.01,2.5,1.49,0.0,0.0,0.0,361.4,0.0,-0.7000000000000001,1.3,-0.1,-169.60000000000002,0.0,0.0,169.70000000000002,0.0,21.200000000000003,28.9,28.9,30.9,300.0,300.0,31.700000000000003,35.9,28.8,28.0,29.9,4.96,1.99,4.96,0.16,0.0,0.0,1027.0,8228.0,0.0,0.0,0.0,0.0,0.0,1.0,0.0,0.0,0.0,0.0,0.0,-0.9,0.0,0.5,0.0,0.0,16.0,25903.0
2026-07-30T19:04:01.231Z,410.714,410.73,0.0,7.4,0.0,0.0,0.0,0.0,0.0,0.0,0.0,0.0,1.0,0.0,0.0,0.0,9.0,4.0,0.0,0.0,0.0,0.0,0.0,0.0,0.0,0.0,4.0,12.0,1.0,12.18,5.01,2.5,1.49,0.0,0.0,0.0,361.3,0.0,0.9,-0.3,-0.1,-169.60000000000002,0.0,0.0,169.70000000000002,0.0,21.200000000000003,28.9,28.9,30.9,300.0,300.0,31.700000000000003,35.9,28.8,28.0,29.9,4.95,1.99,4.97,0.16,0.0,0.0,1027.0,8228.0,0.0,0.0,0.0,0.0,0.0,1.0,0.0,0.0,0.0,0.0,0.0,-0.4,0.0,0.0,0.0,0.0,16.0,25903.0
2026-07-30T19:04:01.243Z,410.726,410.742,0.0,7.4,0.0,0.0,0.0,0.0,0.0,0.0,0.0,0.0,1.0,0.0,0.0,0.0,9.0,4.0,0.0,0.0,0.0,0.0,0.0,0.0,0.0,0.0,5.0,12.0,1.0,12.17,5.0200000000000005,2.51,1.49,0.0,0.0,0.0,361.3,0.0,-0.2,0.7000000000000001,-0.1,-169.60000000000002,0.0,0.0,169.8,0.0,21.700000000000003,28.9,28.9,30.9,300.0,300.0,31.700000000000003,35.9,28.8,28.1,29.9,4.95,1.99,4.97,0.16,0.0,0.0,1027.0,8228.0,0.0,0.0,0.0,0.0,0.0,1.0,0.0,0.0,0.0,0.0,0.0,0.8,0.0,0.2,0.0,0.0,16.0,25903.0
2026-07-30T19:04:01.255Z,410.738,410.754,0.0,7.4,0.0,0.0,0.0,0.0,0.0,0.0,0.0,0.0,1.0,0.0,0.0,0.0,9.0,4.0,0.0,0.0,0.0,0.0,0.0,0.0,0.0,0.0,6.0,12.0,1.0,12.17,5.0200000000000005,2.51,1.49,0.0,0.0,0.0,361.3,0.0,0.9,0.2,0.5,-169.60000000000002,0.0,0.0,169.60000000000002,0.0,21.700000000000003,28.9,28.9,30.9,300.0,300.0,31.700000000000003,35.9,28.8,28.1,29.9,4.95,1.99,4.97,0.16,0.0,0.0,1027.0,8228.0,0.0,0.0,0.0,0.0,0.0,1.0,0.0,0.0,0.0,0.0,0.0,0.6000000000000001,0.0,-0.4,0.0,0.0,16.0,25903.0
2026-07-30T19:04:01.267Z,410.75,410.766,0.0,7.4,0.0,0.0,0.0,0.0,0.0,0.0,0.0,0.0,1.0,0.0,0.0,0.0,9.0,4.0,0.0,0.0,0.0,0.0,0.0,0.0,0.0,0.0,1.0,12.0,1.0,12.17,5.0200000000000005,2.51,1.49,0.0,0.0,0.0,361.4,0.0,0.3,-0.3,1.0,-169.60000000000002,0.0,0.0,169.60000000000002,0.0,21.700000000000003,28.9,28.9,30.9,300.0,300.0,31.700000000000003,35.9,28.8,28.1,29.9,4.96,1.99,4.96,0.16,0.0,0.0,1027.0,8228.0,0.0,0.0,0.0,0.0,0.0,1.0,0.0,0.0,0.0,0.0,0.0,0.4,0.0,-1.0,0.0,0.0,16.0,25903.0
2026-07-30T19:04:01.279Z,410.762,410.778,0.0,7.4,0.0,0.0,0.0,0.0,0.0,0.0,0.0,0.0,1.0,0.0,0.0,0.0,9.0,4.0,0.0,0.0,0.0,0.0,0.0,0.0,0.0,0.0,3.0,12.0,1.0,12.17,5.0200000000000005,2.51,1.49,0.0,0.0,0.0,361.3,0.0,-0.2,-0.3,-0.6000000000000001,-169.60000000000002,0.0,0.0,169.70000000000002,0.0,21.700000000000003,28.9,28.9,30.9,300.0,300.0,31.700000000000003,35.9,28.8,28.1,29.9,4.95,1.99,4.97,0.16,0.0,0.0,1027.0,8228.0,0.0,0.0,0.0,0.0,0.0,1.0,0.0,0.0,0.0,0.0,0.0,-0.8,0.0,0.5,0.0,0.0,16.0,25903.0
2026-07-30T19:04:01.292Z,410.775,410.79,0.0,7.4,0.0,0.0,0.0,0.0,0.0,0.0,0.0,0.0,1.0,0.0,0.0,0.0,9.0,4.0,0.0,0.0,0.0,0.0,0.0,0.0,0.0,0.0,4.0,12.0,1.0,12.17,5.0200000000000005,2.51,1.49,0.0,0.1,0.0,361.3,0.0,0.3,1.4,-0.1,-169.60000000000002,0.0,0.0,169.70000000000002,0.0,21.700000000000003,28.9,28.9,30.9,300.0,300.0,31.700000000000003,35.9,28.8,28.1,29.9,4.95,1.99,4.96,0.16,0.0,0.0,1027.0,8228.0,0.0,0.0,0.0,0.0,0.0,1.0,0.0,0.0,0.0,0.0,0.0,1.5,0.0,0.4,0.0,0.0,16.0,25903.0
2026-07-30T19:04:01.303Z,410.786,410.802,0.0,7.4,0.0,0.0,0.0,0.0,0.0,0.0,0.0,0.0,1.0,0.0,0.0,0.0,9.0,4.0,0.0,0.0,0.0,0.0,0.0,0.0,0.0,0.0,5.0,12.0,1.0,12.17,5.0200000000000005,2.51,1.49,0.0,0.0,0.0,361.3,0.0,-0.8,0.8,-0.1,-169.60000000000002,0.0,0.0,169.60000000000002,0.0,21.700000000000003,28.9,28.9,30.9,300.0,300.0,31.700000000000003,35.9,28.8,28.1,29.9,4.96,1.99,4.96,0.16,0.0,0.0,1027.0,8228.0,0.0,0.0,0.0,0.0,0.0,1.0,0.0,0.0,0.0,0.0,0.0,0.8,0.0,0.3,0.0,0.0,16.0,25903.0
2026-07-30T19:04:01.315Z,410.798,410.814,0.0,7.4,0.0,0.0,0.0,0.0,0.0,0.0,0.0,0.0,1.0,0.0,0.0,0.0,9.0,4.0,0.0,0.0,0.0,0.0,0.0,0.0,0.0,0.0,6.0,12.0,1.0,12.17,5.0200000000000005,2.51,1.49,0.0,0.0,0.0,361.3,0.0,-0.3,-0.3,-0.2,-169.60000000000002,0.0,0.0,169.8,0.0,21.700000000000003,28.9,28.9,30.9,300.0,300.0,31.700000000000003,35.9,28.8,28.1,29.9,4.95,1.99,4.96,0.16,0.0,0.0,1027.0,8228.0,0.0,0.0,0.0,0.0,0.0,1.0,0.0,0.0,0.0,0.0,0.0,-0.5,0.0,0.1,0.0,0.0,16.0,25903.0
2026-07-30T19:04:01.327Z,410.81,410.826,0.0,7.4,0.0,0.0,0.0,0.0,0.0,0.0,0.0,0.0,1.0,0.0,0.0,0.0,9.0,4.0,0.0,0.0,0.0,0.0,0.0,0.0,0.0,0.0,1.0,12.0,1.0,12.17,5.0200000000000005,2.51,1.49,0.0,0.0,0.0,361.3,0.0,-0.8,0.2,-1.3,-169.60000000000002,0.0,0.0,169.70000000000002,0.0,21.700000000000003,28.9,28.9,30.9,300.0,300.0,31.700000000000003,35.9,28.8,28.1,29.9,4.95,1.99,4.97,0.16,0.0,0.0,1027.0,8228.0,0.0,0.0,0.0,0.0,0.0,1.0,0.0,0.0,0.0,0.0,0.0,-0.7000000000000001,0.0,1.2000000000000002,0.0,0.0,16.0,25903.0
2026-07-30T19:04:01.340Z,410.823,410.838,0.0,7.4,0.0,0.0,0.0,0.0,0.0,0.0,0.0,0.0,1.0,0.0,0.0,0.0,9.0,4.0,0.0,0.0,0.0,0.0,0.0,0.0,0.0,0.0,2.0,12.0,1.0,12.15,5.01,2.51,1.49,0.0,0.0,0.0,361.3,0.0,0.3,0.8,-0.1,-169.60000000000002,0.0,0.0,169.60000000000002,0.0,21.700000000000003,28.9,28.9,30.9,300.0,300.0,31.6,35.9,28.8,28.1,29.9,4.95,1.99,4.96,0.16,0.0,0.0,1027.0,8228.0,0.0,0.0,0.0,0.0,0.0,1.0,0.0,0.0,0.0,0.0,0.0,0.8,0.0,0.3,0.0,0.0,16.0,25903.0
2026-07-30T19:04:01.351Z,410.834,410.85,0.0,7.4,0.0,0.0,0.0,0.0,0.0,0.0,0.0,0.0,1.0,0.0,0.0,0.0,9.0,4.0,0.0,0.0,0.0,0.0,0.0,0.0,0.0,0.0,3.0,12.0,1.0,12.15,5.01,2.51,1.49,0.0,0.0,0.0,361.3,0.0,-0.2,0.2,-0.7000000000000001,-169.60000000000002,0.0,0.0,169.70000000000002,0.0,21.700000000000003,28.9,28.9,30.9,300.0,300.0,31.6,35.9,28.8,28.1,29.9,4.95,1.99,4.96,0.16,0.0,0.0,1027.0,8228.0,0.0,0.0,0.0,0.0,0.0,1.0,0.0,0.0,0.0,0.0,0.0,-0.2,0.0,0.7000000000000001,0.0,0.0,16.0,25903.0
2026-07-30T19:04:01.363Z,410.846,410.862,0.0,7.4,0.0,0.0,0.0,0.0,0.0,0.0,0.0,0.0,1.0,0.0,0.0,0.0,9.0,4.0,0.0,0.0,0.0,0.0,0.0,0.0,0.0,0.0,4.0,12.0,1.0,12.15,5.01,2.51,1.49,0.0,0.0,0.0,361.3,0.0,0.2,-0.9,-0.7000000000000001,-169.60000000000002,0.0,0.0,169.60000000000002,0.0,21.700000000000003,28.9,28.9,30.9,300.0,300.0,31.6,35.9,28.8,28.1,29.9,4.95,1.99,4.97,0.16,0.0,0.0,1027.0,8228.0,0.0,0.0,0.0,0.0,0.0,1.0,0.0,0.0,0.0,0.0,0.0,-1.6,0.0,0.4,0.0,0.0,16.0,25903.0
2026-07-30T19:04:01.375Z,410.858,410.874,0.0,7.4,0.0,0.0,0.0,0.0,0.0,0.0,0.0,0.0,1.0,0.0,0.0,0.0,9.0,4.0,0.0,0.0,0.0,0.0,0.0,0.0,0.0,0.0,5.0,12.0,1.0,12.15,5.01,2.51,1.49,0.0,0.0,0.0,361.3,0.0,0.3,-0.9,0.3,-169.60000000000002,0.0,0.0,169.70000000000002,0.0,21.700000000000003,28.9,28.9,30.9,300.0,300.0,31.6,35.9,28.8,28.1,29.9,4.96,2.0,4.97,0.16,0.0,0.0,1027.0,8228.0,0.0,0.0,0.0,0.0,0.0,1.0,0.0,0.0,0.0,0.0,0.0,-0.8,0.0,-0.5,0.0,0.0,16.0,25903.0
2026-07-30T19:04:01.387Z,410.87,410.886,0.0,7.4,0.0,0.0,0.0,0.0,0.0,0.0,0.0,0.0,1.0,0.0,0.0,0.0,9.0,4.0,0.0,0.0,0.0,0.0,0.0,0.0,0.0,0.0,6.0,12.0,1.0,12.15,5.01,2.51,1.49,0.0,0.1,0.0,361.3,0.0,0.3,-0.4,0.4,-169.60000000000002,0.0,0.0,169.60000000000002,0.0,21.700000000000003,28.9,28.9,30.9,300.0,300.0,31.6,35.9,28.8,28.1,29.9,4.96,1.99,4.97,0.16,0.0,0.0,1027.0,8228.0,0.0,0.0,0.0,0.0,0.0,1.0,0.0,0.0,0.0,0.0,0.0,-0.1,0.0,-0.4,0.0,0.0,16.0,25903.0
2026-07-30T19:04:01.399Z,410.882,410.898,0.0,7.4,0.0,0.0,0.0,0.0,0.0,0.0,0.0,0.0,1.0,0.0,0.0,0.0,9.0,4.0,0.0,0.0,0.0,0.0,0.0,0.0,0.0,0.0,1.0,12.0,1.0,12.15,5.01,2.51,1.49,0.0,0.0,0.0,361.3,0.0,-0.8,-0.3,-0.7000000000000001,-169.60000000000002,0.0,0.0,169.60000000000002,0.0,21.700000000000003,28.9,28.9,30.9,300.0,300.0,31.6,35.9,28.8,28.1,29.9,4.96,1.99,4.97,0.16,0.0,0.0,1027.0,8228.0,0.0,0.0,0.0,0.0,0.0,1.0,0.0,0.0,0.0,0.0,0.0,-1.0,0.0,0.5,0.0,0.0,16.0,25903.0
2026-07-30T19:04:01.411Z,410.894,410.91,0.0,7.4,0.0,0.0,0.0,0.0,0.0,0.0,0.0,0.0,1.0,0.0,0.0,0.0,9.0,4.0,0.0,0.0,0.0,0.0,0.0,0.0,0.0,0.0,2.0,12.0,1.0,12.15,5.01,2.51,1.49,0.0,0.0,0.0,361.4,0.0,0.3,1.3,0.9,-169.60000000000002,0.0,0.0,169.60000000000002,0.0,21.700000000000003,28.9,28.9,30.9,300.0,300.0,31.6,35.9,28.8,28.1,29.9,4.95,1.99,4.97,0.16,0.0,0.0,1027.0,8228.0,0.0,0.0,0.0,0.0,0.0,1.0,0.0,0.0,0.0,0.0,0.0,2.2,0.0,-0.5,0.0,0.0,16.0,25903.0
2026-07-30T19:04:01.423Z,410.906,410.922,0.0,7.4,0.0,0.0,0.0,0.0,0.0,0.0,0.0,0.0,1.0,0.0,0.0,0.0,9.0,4.0,0.0,0.0,0.0,0.0,0.0,0.0,0.0,0.0,3.0,12.0,1.0,12.15,5.01,2.51,1.49,0.0,0.0,0.0,361.3,0.0,-0.2,0.1,-0.1,-169.60000000000002,0.0,0.0,169.60000000000002,0.0,21.700000000000003,28.9,28.9,30.9,300.0,300.0,31.6,35.9,28.8,28.1,29.9,4.96,1.99,4.96,0.16,0.0,0.0,1027.0,8228.0,0.0,0.0,0.0,0.0,0.0,1.0,0.0,0.0,0.0,0.0,0.0,0.0,0.0,0.1,0.0,0.0,16.0,25903.0
2026-07-30T19:04:01.436Z,410.919,410.934,0.0,7.4,0.0,0.0,0.0,0.0,0.0,0.0,0.0,0.0,1.0,0.0,0.0,0.0,9.0,4.0,0.0,0.0,0.0,0.0,0.0,0.0,0.0,0.0,4.0,12.0,1.0,12.15,5.01,2.51,1.49,0.0,0.1,0.0,361.3,0.0,0.3,-1.0,-0.8,-169.60000000000002,0.0,0.0,169.70000000000002,0.0,21.700000000000003,28.9,28.9,30.9,300.0,300.0,31.6,35.9,28.8,28.1,29.9,4.96,2.0,4.97,0.16,0.0,0.0,1027.0,8228.0,0.0,0.0,0.0,0.0,0.0,1.0,0.0,0.0,0.0,0.0,0.0,-1.7000000000000002,0.0,0.4,0.0,0.0,16.0,25903.0
2026-07-30T19:04:01.447Z,410.93,410.946,0.0,7.4,0.0,0.0,0.0,0.0,0.0,0.0,0.0,0.0,1.0,0.0,0.0,0.0,9.0,4.0,0.0,0.0,0.0,0.0,0.0,0.0,0.0,0.0,5.0,12.0,1.0,12.18,5.01,2.51,1.5,0.0,0.0,0.0,361.3,0.0,0.9,0.1,0.3,-169.60000000000002,0.0,0.0,169.60000000000002,0.0,21.8,28.9,28.9,30.9,300.0,300.0,31.700000000000003,35.9,28.8,28.0,29.9,4.95,1.99,4.97,0.16,0.0,0.0,1027.0,8228.0,0.0,0.0,0.0,0.0,0.0,1.0,0.0,0.0,0.0,0.0,0.0,0.4,0.0,-0.3,0.0,0.0,16.0,25903.0
2026-07-30T19:04:01.459Z,410.942,410.958,0.0,7.4,0.0,0.0,0.0,0.0,0.0,0.0,0.0,0.0,1.0,0.0,0.0,0.0,9.0,4.0,0.0,0.0,0.0,0.0,0.0,0.0,0.0,0.0,6.0,12.0,1.0,12.18,5.01,2.51,1.5,0.0,0.0,0.0,361.4,0.0,0.3,-0.4,-0.2,-169.60000000000002,0.0,0.0,169.70000000000002,0.0,21.8,28.9,28.9,30.9,300.0,300.0,31.700000000000003,35.9,28.8,28.0,29.9,4.96,1.99,4.97,0.16,0.0,0.0,1027.0,8228.0,0.0,0.0,0.0,0.0,0.0,1.0,0.0,0.0,0.0,0.0,0.0,-0.7000000000000001,0.0,0.1,0.0,0.0,16.0,25903.0
2026-07-30T19:04:01.471Z,410.954,410.97,0.0,7.4,0.0,0.0,0.0,0.0,0.0,0.0,0.0,0.0,1.0,0.0,0.0,0.0,9.0,4.0,0.0,0.0,0.0,0.0,0.0,0.0,0.0,0.0,2.0,12.0,1.0,12.18,5.01,2.51,1.5,0.0,0.0,0.0,361.4,0.0,0.3,-1.0,0.9,-169.60000000000002,0.0,0.0,169.70000000000002,0.0,21.8,28.9,28.9,30.9,300.0,300.0,31.700000000000003,35.9,28.8,28.0,29.9,4.96,2.0,4.96,0.16,0.0,0.0,1027.0,8228.0,0.0,0.0,0.0,0.0,0.0,1.0,0.0,0.0,0.0,0.0,0.0,-0.4,0.0,-1.0,0.0,0.0,16.0,25903.0
2026-07-30T19:04:01.483Z,410.966,410.982,0.0,7.4,0.0,0.0,0.0,0.0,0.0,0.0,0.0,0.0,1.0,0.0,0.0,0.0,9.0,4.0,0.0,0.0,0.0,0.0,0.0,0.0,0.0,0.0,3.0,12.0,1.0,12.18,5.01,2.51,1.5,0.0,0.0,0.0,361.4,0.0,-0.8,0.7000000000000001,-0.8,-169.60000000000002,0.0,0.0,169.8,0.0,21.8,28.9,28.9,30.9,300.0,300.0,31.700000000000003,35.9,28.8,28.0,29.9,4.96,1.99,4.97,0.16,0.0,0.0,1027.0,8228.0,0.0,0.0,0.0,0.0,0.0,1.0,0.0,0.0,0.0,0.0,0.0,0.1,0.0,0.8,0.0,0.0,16.0,25903.0
2026-07-30T19:04:01.495Z,410.978,410.994,0.0,7.4,0.0,0.0,0.0,0.0,0.0,0.0,0.0,0.0,1.0,0.0,0.0,0.0,9.0,4.0,0.0,0.0,0.0,0.0,0.0,0.0,0.0,0.0,4.0,12.0,1.0,12.18,5.01,2.51,1.5,0.0,0.0,0.0,361.3,0.0,-0.3,-1.0,0.2,-169.60000000000002,0.0,0.0,169.70000000000002,0.0,21.8,28.9,28.9,30.9,300.0,300.0,31.700000000000003,35.9,28.8,28.0,29.9,4.95,1.99,4.97,0.16,0.0,0.0,1027.0,8228.0,0.0,0.0,0.0,0.0,0.0,1.0,0.0,0.0,0.0,0.0,0.0,-0.9,0.0,-0.4,0.0,0.0,16.0,25903.0
2026-07-30T19:04:01.507Z,410.99,411.006,0.0,7.4,0.0,0.0,0.0,0.0,0.0,0.0,0.0,0.0,1.0,0.0,0.0,0.0,9.0,4.0,0.0,0.0,0.0,0.0,0.0,0.0,0.0,0.0,6.0,12.0,1.0,12.18,5.01,2.51,1.5,0.0,0.0,0.0,361.4,0.0,-0.2,-1.0,-0.8,-169.60000000000002,0.0,0.0,169.70000000000002,0.0,21.8,28.9,28.9,30.9,300.0,300.0,31.700000000000003,35.9,28.8,28.0,29.9,4.96,1.99,4.96,0.16,0.0,0.0,1027.0,8228.0,0.0,0.0,0.0,0.0,0.0,1.0,0.0,0.0,0.0,0.0,0.0,-1.7000000000000002,0.0,0.5,0.0,0.0,16.0,25903.0
2026-07-30T19:04:01.519Z,411.002,411.018,0.0,7.4,0.0,0.0,0.0,0.0,0.0,0.0,0.0,0.0,1.0,0.0,0.0,0.0,9.0,4.0,0.0,0.0,0.0,0.0,0.0,0.0,0.0,0.0,1.0,12.0,1.0,12.18,5.01,2.51,1.5,0.0,0.0,0.0,361.3,0.0,-0.2,-1.0,-0.7000000000000001,-169.60000000000002,0.0,0.0,169.60000000000002,0.0,21.8,28.9,28.9,30.9,300.0,300.0,31.700000000000003,35.9,28.8,28.0,29.9,4.95,1.99,4.97,0.16,0.0,0.0,1027.0,8228.0,0.0,0.0,0.0,0.0,0.0,1.0,0.0,0.0,0.0,0.0,0.0,-1.7000000000000002,0.0,0.4,0.0,0.0,16.0,25903.0
2026-07-30T19:04:01.531Z,411.014,411.03,0.0,7.4,0.0,0.0,0.0,0.0,0.0,0.0,0.0,0.0,1.0,0.0,0.0,0.0,9.0,4.0,0.0,0.0,0.0,0.0,0.0,0.0,0.0,0.0,2.0,12.0,1.0,12.18,5.01,2.51,1.5,0.0,0.0,0.0,361.4,0.0,0.3,0.7000000000000001,0.3,-169.60000000000002,0.0,0.0,169.70000000000002,0.0,21.8,28.9,28.9,30.9,300.0,300.0,31.700000000000003,35.9,28.8,28.0,29.9,4.95,1.99,4.97,0.16,0.0,0.0,1027.0,8228.0,0.0,0.0,0.0,0.0,0.0,1.0,0.0,0.0,0.0,0.0,0.0,1.1,0.0,-0.1,0.0,0.0,16.0,25903.0
2026-07-30T19:04:01.544Z,411.027,411.042,0.0,7.4,0.0,0.0,0.0,0.0,0.0,0.0,0.0,0.0,1.0,0.0,0.0,0.0,9.0,4.0,0.0,0.0,0.0,0.0,0.0,0.0,0.0,0.0,3.0,12.0,1.0,12.15,5.01,2.5,1.49,0.0,0.0,0.0,361.4,0.0,0.3,-0.4,-0.1,-169.60000000000002,0.0,0.0,169.60000000000002,0.0,21.700000000000003,28.9,28.9,30.9,300.0,300.0,31.700000000000003,35.9,28.8,28.0,29.9,4.96,1.99,4.97,0.16,0.0,0.0,1027.0,8228.0,0.0,0.0,0.0,0.0,0.0,1.0,0.0,0.0,0.0,0.0,0.0,-0.6000000000000001,0.0,0.0,0.0,0.0,16.0,25903.0
2026-07-30T19:04:01.555Z,411.038,411.054,0.0,7.4,0.0,0.0,0.0,0.0,0.0,0.0,0.0,0.0,1.0,0.0,0.0,0.0,9.0,4.0,0.0,0.0,0.0,0.0,0.0,0.0,0.0,0.0,3.0,12.0,1.0,12.15,5.01,2.5,1.49,0.0,0.0,0.0,361.3,0.0,-0.2,0.1,0.9,-169.60000000000002,0.0,0.0,169.70000000000002,0.0,21.700000000000003,28.9,28.9,30.9,300.0,300.0,31.700000000000003,35.9,28.8,28.0,29.9,4.96,1.99,4.96,0.16,0.0,0.0,1027.0,8228.0,0.0,0.0,0.0,0.0,0.0,1.0,0.0,0.0,0.0,0.0,0.0,0.9,0.0,-0.7000000000000001,0.0,0.0,16.0,25903.0
2026-07-30T19:04:01.568Z,411.051,411.066,0.0,7.4,0.0,0.0,0.0,0.0,0.0,0.0,0.0,0.0,1.0,0.0,0.0,0.0,9.0,4.0,0.0,0.0,0.0,0.0,0.0,0.0,0.0,0.0,4.0,12.0,1.0,12.15,5.01,2.5,1.49,0.0,0.0,0.0,361.4,0.0,0.8,0.1,-0.2,-169.60000000000002,0.0,0.0,169.60000000000002,0.0,21.700000000000003,28.9,28.9,30.9,300.0,300.0,31.700000000000003,35.9,28.8,28.0,29.9,4.96,1.99,4.97,0.16,0.0,0.0,1027.0,8228.0,0.0,0.0,0.0,0.0,0.0,1.0,0.0,0.0,0.0,0.0,0.0,0.0,0.0,0.2,0.0,0.0,16.0,25903.0
2026-07-30T19:04:01.580Z,411.063,411.078,0.0,7.4,0.0,0.0,0.0,0.0,0.0,0.0,0.0,0.0,1.0,0.0,0.0,0.0,9.0,4.0,0.0,0.0,0.0,0.0,0.0,0.0,0.0,0.0,5.0,12.0,1.0,12.15,5.01,2.5,1.49,0.0,0.0,0.0,361.3,0.0,-0.8,0.1,0.3,-169.60000000000002,0.0,0.0,169.70000000000002,0.0,21.700000000000003,28.9,28.9,30.9,300.0,300.0,31.700000000000003,35.9,28.8,28.0,29.9,4.96,2.0,4.96,0.16,0.0,0.0,1027.0,8228.0,0.0,0.0,0.0,0.0,0.0,1.0,0.0,0.0,0.0,0.0,0.0,0.4,0.0,-0.3,0.0,0.0,16.0,25903.0
2026-07-30T19:04:01.592Z,411.075,411.09,0.0,7.4,0.0,0.0,0.0,0.0,0.0,0.0,0.0,0.0,1.0,0.0,0.0,0.0,9.0,4.0,0.0,0.0,0.0,0.0,0.0,0.0,0.0,0.0,6.0,12.0,1.0,12.15,5.01,2.5,1.49,0.0,0.0,0.0,361.3,0.0,-0.3,0.6000000000000001,-0.8,-169.60000000000002,0.0,0.0,169.70000000000002,0.0,21.700000000000003,28.9,28.9,30.9,300.0,300.0,31.700000000000003,35.9,28.8,28.0,29.9,4.96,1.99,4.96,0.16,0.0,0.0,1027.0,8228.0,0.0,0.0,0.0,0.0,0.0,1.0,0.0,0.0,0.0,0.0,0.0,0.1,0.0,0.8,0.0,0.0,16.0,25903.0
2026-07-30T19:04:01.603Z,411.086,411.102,0.0,7.4,0.0,0.0,0.0,0.0,0.0,0.0,0.0,0.0,1.0,0.0,0.0,0.0,9.0,4.0,0.0,0.0,0.0,0.0,0.0,0.0,0.0,0.0,1.0,12.0,1.0,12.15,5.01,2.5,1.49,0.0,0.1,0.0,361.3,0.0,0.2,-0.5,-0.8,-169.60000000000002,0.0,0.0,169.70000000000002,0.0,21.700000000000003,28.9,28.9,30.9,300.0,300.0,31.700000000000003,35.9,28.8,28.0,29.9,4.95,1.99,4.97,0.16,0.0,0.0,1027.0,8228.0,0.0,0.0,0.0,0.0,0.0,1.0,0.0,0.0,0.0,0.0,0.0,-1.2000000000000002,0.0,0.6000000000000001,0.0,0.0,16.0,25903.0
2026-07-30T19:04:01.616Z,411.099,411.114,0.0,7.4,0.0,0.0,0.0,0.0,0.0,0.0,0.0,0.0,1.0,0.0,0.0,0.0,9.0,4.0,0.0,0.0,0.0,0.0,0.0,0.0,0.0,0.0,2.0,12.0,1.0,12.15,5.01,2.5,1.49,0.0,0.0,0.0,361.3,0.0,-0.9,-0.5,-0.2,-169.60000000000002,0.0,0.0,169.70000000000002,0.0,21.700000000000003,28.9,28.9,30.9,300.0,300.0,31.700000000000003,35.9,28.8,28.0,29.9,4.96,1.99,4.96,0.16,0.0,0.0,1027.0,8228.0,0.0,0.0,0.0,0.0,0.0,1.0,0.0,0.0,0.0,0.0,0.0,-0.7000000000000001,0.0,0.0,0.0,0.0,16.0,25903.0
2026-07-30T19:04:01.627Z,411.11,411.126,0.0,7.4,0.0,0.0,0.0,0.0,0.0,0.0,0.0,0.0,1.0,0.0,0.0,0.0,9.0,4.0,0.0,0.0,0.0,0.0,0.0,0.0,0.0,0.0,3.0,12.0,1.0,12.15,5.01,2.5,1.49,0.0,0.0,0.0,361.4,0.0,0.2,0.0,0.3,-169.60000000000002,0.0,0.0,169.8,0.0,21.700000000000003,28.9,28.9,30.9,300.0,300.0,31.700000000000003,35.9,28.8,28.0,29.9,4.96,1.99,4.97,0.16,0.0,0.0,1027.0,8228.0,0.0,0.0,0.0,0.0,0.0,1.0,0.0,0.0,0.0,0.0,0.0,0.3,0.0,-0.3,0.0,0.0,16.0,25903.0
2026-07-30T19:04:01.640Z,411.123,411.138,0.0,7.4,0.0,0.0,0.0,0.0,0.0,0.0,0.0,0.0,1.0,0.0,0.0,0.0,9.0,4.0,0.0,0.0,0.0,0.0,0.0,0.0,0.0,0.0,4.0,12.0,1.0,12.15,5.01,2.5,1.49,0.0,0.0,0.0,361.4,0.0,0.7000000000000001,0.0,-0.1,-169.60000000000002,0.0,0.0,169.70000000000002,0.0,21.700000000000003,28.9,28.9,30.9,300.0,300.0,31.700000000000003,35.9,28.8,28.0,29.9,4.95,1.99,4.97,0.16,0.0,0.0,1027.0,8228.0,0.0,0.0,0.0,0.0,0.0,1.0,0.0,0.0,0.0,0.0,0.0,0.0,0.0,0.1,0.0,0.0,16.0,25903.0
2026-07-30T19:04:01.651Z,411.134,411.15,0.0,7.4,0.0,0.0,0.0,0.0,0.0,0.0,0.0,0.0,1.0,0.0,0.0,0.0,9.0,4.0,0.0,0.0,0.0,0.0,0.0,0.0,0.0,0.0,5.0,12.0,1.0,12.14,5.01,2.51,1.5,0.0,0.0,0.0,361.4,0.0,0.8,0.1,0.3,-169.60000000000002,0.0,0.0,169.8,0.0,21.200000000000003,28.9,28.9,30.9,300.0,300.0,31.700000000000003,35.9,28.8,28.0,29.9,4.95,1.99,4.97,0.16,0.0,0.0,1027.0,8228.0,0.0,0.0,0.0,0.0,0.0,1.0,0.0,0.0,0.0,0.0,0.0,0.4,0.0,-0.3,0.0,0.0,16.0,25903.0
2026-07-30T19:04:01.663Z,411.146,411.162,0.0,7.4,0.0,0.0,0.0,0.0,0.0,0.0,0.0,0.0,1.0,0.0,0.0,0.0,9.0,4.0,0.0,0.0,0.0,0.0,0.0,0.0,0.0,0.0,6.0,12.0,1.0,12.14,5.01,2.51,1.5,0.0,0.0,0.0,361.4,0.0,-0.3,0.6000000000000001,-0.1,-169.60000000000002,0.0,0.0,169.60000000000002,0.0,21.200000000000003,28.9,28.9,30.9,300.0,300.0,31.700000000000003,35.9,28.8,28.0,29.9,4.96,1.99,4.96,0.16,0.0,0.0,1027.0,8228.0,0.0,0.0,0.0,0.0,0.0,1.0,0.0,0.0,0.0,0.0,0.0,0.6000000000000001,0.0,0.2,0.0,0.0,16.0,25903.0
2026-07-30T19:04:01.675Z,411.158,411.174,0.0,7.4,0.0,0.0,0.0,0.0,0.0,0.0,0.0,0.0,1.0,0.0,0.0,0.0,9.0,4.0,0.0,0.0,0.0,0.0,0.0,0.0,0.0,0.0,2.0,12.0,1.0,12.14,5.01,2.51,1.5,0.0,0.0,0.0,361.3,0.0,-0.9,-0.5,-0.1,-169.60000000000002,0.0,0.0,169.70000000000002,0.0,21.200000000000003,28.9,28.9,30.9,300.0,300.0,31.700000000000003,35.9,28.8,28.0,29.9,4.96,1.99,4.97,0.16,0.0,0.0,1027.0,8228.0,0.0,0.0,0.0,0.0,0.0,1.0,0.0,0.0,0.0,0.0,0.0,-0.7000000000000001,0.0,0.0,0.0,0.0,16.0,25903.0
2026-07-30T19:04:01.687Z,411.17,411.186,0.0,7.4,0.0,0.0,0.0,0.0,0.0,0.0,0.0,0.0,1.0,0.0,0.0,0.0,9.0,4.0,0.0,0.0,0.0,0.0,0.0,0.0,0.0,0.0,3.0,12.0,1.0,12.14,5.01,2.51,1.5,0.0,0.0,0.0,361.3,0.0,-0.3,0.0,-0.7000000000000001,-169.70000000000002,0.0,0.0,169.70000000000002,0.0,21.200000000000003,28.9,28.9,30.9,300.0,300.0,31.700000000000003,35.9,28.8,28.0,29.9,4.95,1.99,4.97,0.16,0.0,0.0,1027.0,8228.0,0.0,0.0,0.0,0.0,0.0,1.0,0.0,0.0,0.0,0.0,0.0,-0.5,0.0,0.6000000000000001,0.0,0.0,16.0,25903.0
2026-07-30T19:04:01.699Z,411.182,411.198,0.0,7.4,0.0,0.0,0.0,0.0,0.0,0.0,0.0,0.0,1.0,0.0,0.0,0.0,9.0,4.0,0.0,0.0,0.0,0.0,0.0,0.0,0.0,0.0,4.0,12.0,1.0,12.14,5.01,2.51,1.5,0.0,0.0,0.0,361.3,0.0,-0.3,-1.7000000000000002,-1.3,-169.70000000000002,0.0,0.0,169.70000000000002,0.0,21.200000000000003,28.9,28.9,30.9,300.0,300.0,31.700000000000003,35.9,28.8,28.0,29.9,4.96,1.99,4.97,0.16,0.0,0.0,1027.0,8228.0,0.0,0.0,0.0,0.0,0.0,1.0,0.0,0.0,0.0,0.0,0.0,-2.9000000000000004,0.0,0.8,0.0,0.0,16.0,25903.0
2026-07-30T19:04:01.712Z,411.195,411.21,0.0,7.4,0.0,0.0,0.0,0.0,0.0,0.0,0.0,0.0,1.0,0.0,0.0,0.0,9.0,4.0,0.0,0.0,0.0,0.0,0.0,0.0,0.0,0.0,5.0,12.0,1.0,12.14,5.01,2.51,1.5,0.0,0.0,0.0,361.3,0.0,0.1,-0.5,0.3,-169.70000000000002,0.0,0.0,169.70000000000002,0.0,21.200000000000003,28.9,28.9,30.9,300.0,300.0,31.700000000000003,35.9,28.8,28.0,29.9,4.96,2.0,4.96,0.16,0.0,0.0,1027.0,8228.0,0.0,0.0,0.0,0.0,0.0,1.0,0.0,0.0,0.0,0.0,0.0,0.2,0.0,-0.3,0.0,0.0,16.0,25903.0
2026-07-30T19:04:01.723Z,411.206,411.222,0.0,7.4,0.0,0.0,0.0,0.0,0.0,0.0,0.0,0.0,1.0,0.0,0.0,0.0,9.0,4.0,0.0,0.0,0.0,0.0,0.0,0.0,0.0,0.0,6.0,12.0,1.0,12.14,5.01,2.51,1.5,0.0,0.0,0.0,361.3,0.0,0.1,0.0,0.3,-169.60000000000002,0.0,0.0,169.60000000000002,0.0,21.200000000000003,28.9,28.9,30.9,300.0,300.0,31.700000000000003,35.9,28.8,28.0,29.9,4.96,1.99,4.97,0.16,0.0,0.0,1027.0,8228.0,0.0,0.0,0.0,0.0,0.0,1.0,0.0,0.0,0.0,0.0,0.0,-0.8,0.0,0.0,0.0,0.0,16.0,25903.0
2026-07-30T19:04:01.735Z,411.218,411.234,0.0,7.4,0.0,0.0,0.0,0.0,0.0,0.0,0.0,0.0,1.0,0.0,0.0,0.0,9.0,4.0,0.0,0.0,0.0,0.0,0.0,0.0,0.0,0.0,2.0,12.0,1.0,12.14,5.01,2.51,1.5,0.0,0.0,0.0,361.3,0.0,-0.4,1.7000000000000002,1.5,-169.60000000000002,0.0,0.0,169.70000000000002,0.0,21.200000000000003,28.9,28.9,30.9,300.0,300.0,31.700000000000003,35.9,28.8,28.0,29.9,4.96,2.0,4.97,0.16,0.0,0.0,1027.0,8228.0,0.0,0.0,0.0,0.0,0.0,1.0,0.0,0.0,0.0,0.0,0.0,0.6000000000000001,0.0,-0.8,0.0,0.0,16.0,25903.0
2026-07-30T19:04:01.748Z,411.231,411.246,0.0,7.4,0.0,0.0,0.0,0.0,0.0,0.0,0.0,0.0,1.0,0.0,0.0,0.0,9.0,4.0,0.0,0.0,0.0,0.0,0.0,0.0,0.0,0.0,3.0,12.0,1.0,12.18,5.0,2.51,1.49,0.0,0.0,0.0,361.4,0.0,-0.3,0.5,-0.1,-169.60000000000002,0.0,0.0,169.70000000000002,0.0,21.8,28.9,28.9,30.9,300.0,300.0,31.6,35.9,28.9,28.0,29.9,4.96,2.0,4.97,0.15,0.0,0.0,1027.0,8228.0,0.0,0.0,0.0,0.0,0.0,1.0,0.0,0.0,0.0,0.0,0.0,-1.4,0.0,0.0,0.0,0.0,16.0,25903.0
2026-07-30T19:04:01.759Z,411.242,411.258,0.0,7.4,0.0,0.0,0.0,0.0,0.0,0.0,0.0,0.0,1.0,0.0,0.0,0.0,9.0,4.0,0.0,0.0,0.0,0.0,0.0,0.0,0.0,0.0,4.0,12.0,1.0,12.18,5.0,2.51,1.49,0.0,0.0,0.0,361.3,0.0,0.7000000000000001,-0.5,-0.7000000000000001,-169.60000000000002,0.0,0.0,169.70000000000002,0.0,21.8,28.9,28.9,30.9,300.0,300.0,31.6,35.9,28.9,28.0,29.9,4.95,1.99,4.97,0.15,0.0,0.0,1027.0,8228.0,0.0,0.0,0.0,0.0,0.0,1.0,0.0,0.0,0.0,0.0,0.0,-1.1,0.0,0.5,0.0,0.0,16.0,25903.0
2026-07-30T19:04:01.771Z,411.254,411.27,0.0,7.4,0.0,0.0,0.0,0.0,0.0,0.0,0.0,0.0,1.0,0.0,0.0,0.0,9.0,4.0,0.0,0.0,0.0,0.0,0.0,0.0,0.0,0.0,5.0,12.0,1.0,12.18,5.0,2.51,1.49,0.0,0.1,0.0,361.3,0.0,-0.3,-0.4,-0.1,-169.70000000000002,0.0,0.0,169.8,0.0,21.8,28.9,28.9,30.9,300.0,300.0,31.6,35.9,28.9,28.0,29.9,4.95,1.99,4.96,0.16,0.0,0.0,1027.0,8228.0,0.0,0.0,0.0,0.0,0.0,1.0,0.0,0.0,0.0,0.0,0.0,-0.6000000000000001,0.0,0.0,0.0,0.0,16.0,25903.0
2026-07-30T19:04:01.783Z,411.266,411.282,0.0,7.4,0.0,0.0,0.0,0.0,0.0,0.0,0.0,0.0,1.0,0.0,0.0,0.0,9.0,4.0,0.0,0.0,0.0,0.0,0.0,0.0,0.0,0.0,6.0,12.0,1.0,12.18,5.0,2.51,1.49,0.0,0.0,0.0,361.3,0.0,0.2,0.1,-0.1,-169.70000000000002,0.0,0.0,169.8,0.0,21.8,28.9,28.9,30.9,300.0,300.0,31.6,35.9,28.9,28.0,29.9,4.96,1.99,4.96,0.16,0.0,0.0,1027.0,8228.0,0.0,0.0,0.0,0.0,0.0,1.0,0.0,0.0,0.0,0.0,0.0,0.0,0.0,0.1,0.0,0.0,16.0,25903.0
2026-07-30T19:04:01.795Z,411.278,411.294,0.0,7.4,0.0,0.0,0.0,0.0,0.0,0.0,0.0,0.0,1.0,0.0,0.0,0.0,9.0,4.0,0.0,0.0,0.0,0.0,0.0,0.0,0.0,0.0,1.0,12.0,1.0,12.18,5.0,2.51,1.49,0.0,0.0,0.0,361.3,0.0,-0.3,-0.9,0.4,-169.70000000000002,0.0,0.0,169.70000000000002,0.0,21.8,28.9,28.9,30.9,300.0,300.0,31.6,35.9,28.9,28.0,29.9,4.95,1.99,4.97,0.16,0.0,0.0,1027.0,8228.0,0.0,0.0,0.0,0.0,0.0,1.0,0.0,0.0,0.0,0.0,0.0,-0.7000000000000001,0.0,-0.6000000000000001,0.0,0.0,16.0,25903.0
2026-07-30T19:04:01.807Z,411.29,411.306,0.0,7.4,0.0,0.0,0.0,0.0,0.0,0.0,0.0,0.0,1.0,0.0,0.0,0.0,9.0,4.0,0.0,0.0,0.0,0.0,0.0,0.0,0.0,0.0,3.0,12.0,1.0,12.18,5.0,2.51,1.49,0.0,0.0,0.0,361.3,0.0,-0.3,-0.9,0.0,-169.70000000000002,0.0,0.0,169.70000000000002,0.0,21.8,28.9,28.9,30.9,300.0,300.0,31.6,35.9,28.9,28.0,29.9,4.96,1.99,4.97,0.16,0.0,0.0,1027.0,8228.0,0.0,0.0,0.0,0.0,0.0,1.0,0.0,0.0,0.0,0.0,0.0,-1.1,0.0,-0.1,0.0,0.0,16.0,25903.0
2026-07-30T19:04:01.819Z,411.302,411.318,0.0,7.4,0.0,0.0,0.0,0.0,0.0,0.0,0.0,0.0,1.0,0.0,0.0,0.0,9.0,4.0,0.0,0.0,0.0,0.0,0.0,0.0,0.0,0.0,4.0,12.0,1.0,12.18,5.0,2.51,1.49,0.0,0.0,0.0,361.3,0.0,-0.3,-0.4,-0.6000000000000001,-169.70000000000002,0.0,0.0,169.70000000000002,0.0,21.8,28.9,28.9,30.9,300.0,300.0,31.6,35.9,28.9,28.0,29.9,4.96,1.99,4.96,0.16,0.0,0.0,1027.0,8228.0,0.0,0.0,0.0,0.0,0.0,1.0,0.0,0.0,0.0,0.0,0.0,-1.0,0.0,0.5,0.0,0.0,16.0,25903.0
2026-07-30T19:04:01.831Z,411.314,411.33,0.0,7.4,0.0,0.0,0.0,0.0,0.0,0.0,0.0,0.0,1.0,0.0,0.0,0.0,9.0,4.0,0.0,0.0,0.0,0.0,0.0,0.0,0.0,0.0,5.0,12.0,1.0,12.18,5.0,2.51,1.49,0.0,0.0,0.0,361.3,0.0,0.8,-0.4,-0.6000000000000001,-169.70000000000002,0.0,0.0,169.60000000000002,0.0,21.8,28.9,28.9,30.9,300.0,300.0,31.6,35.9,28.9,28.0,29.9,4.96,1.99,4.96,0.16,0.0,0.0,1027.0,8228.0,0.0,0.0,0.0,0.0,0.0,1.0,0.0,0.0,0.0,0.0,0.0,-1.0,0.0,0.5,0.0,0.0,16.0,25903.0
2026-07-30T19:04:01.843Z,411.326,411.342,0.0,7.4,0.0,0.0,0.0,0.0,0.0,0.0,0.0,0.0,1.0,0.0,0.0,0.0,9.0,4.0,0.0,0.0,0.0,0.0,0.0,0.0,0.0,0.0,6.0,12.0,1.0,12.18,5.0,2.51,1.49,0.0,0.0,0.0,361.4,0.0,0.2,-0.4,-0.1,-169.60000000000002,0.0,0.0,169.60000000000002,0.0,21.8,28.9,28.9,30.9,300.0,300.0,31.6,35.9,28.9,28.0,29.9,4.95,1.99,4.97,0.16,0.0,0.0,1027.0,8228.0,0.0,0.0,0.0,0.0,0.0,1.0,0.0,0.0,0.0,0.0,0.0,-0.5,0.0,0.0,0.0,0.0,16.0,25903.0
2026-07-30T19:04:01.855Z,411.338,411.354,0.0,7.4,0.0,0.0,0.0,0.0,0.0,0.0,0.0,0.0,1.0,0.0,0.0,0.0,9.0,4.0,0.0,0.0,0.0,0.0,0.0,0.0,0.0,0.0,1.0,12.0,1.0,12.17,5.01,2.51,1.5,0.0,0.0,0.0,361.3,0.0,-0.3,-1.5,-0.1,-169.60000000000002,0.0,0.0,169.70000000000002,0.0,21.700000000000003,28.9,28.9,30.9,300.0,300.0,31.6,35.9,28.8,28.0,29.9,4.96,1.99,4.96,0.16,0.0,0.0,1027.0,8228.0,0.0,0.0,0.0,0.0,0.0,1.0,0.0,0.0,0.0,0.0,0.0,-1.8,0.0,-0.2,0.0,0.0,16.0,25903.0
2026-07-30T19:04:01.867Z,411.35,411.366,0.0,7.4,0.0,0.0,0.0,0.0,0.0,0.0,0.0,0.0,1.0,0.0,0.0,0.0,9.0,4.0,0.0,0.0,0.0,0.0,0.0,0.0,0.0,0.0,2.0,12.0,1.0,12.17,5.01,2.51,1.5,0.0,0.0,0.0,361.3,0.0,0.2,0.8,1.0,-169.60000000000002,0.0,0.0,169.8,0.0,21.700000000000003,28.9,28.9,30.9,300.0,300.0,31.6,35.9,28.8,28.0,29.9,4.96,2.0,4.96,0.16,0.0,0.0,1027.0,8228.0,0.0,0.0,0.0,0.0,0.0,1.0,0.0,0.0,0.0,0.0,0.0,1.7000000000000002,0.0,-0.7000000000000001,0.0,0.0,16.0,25903.0
2026-07-30T19:04:01.879Z,411.362,411.378,0.0,7.4,0.0,0.0,0.0,0.0,0.0,0.0,0.0,0.0,1.0,0.0,0.0,0.0,9.0,4.0,0.0,0.0,0.0,0.0,0.0,0.0,0.0,0.0,2.0,12.0,1.0,12.17,5.01,2.51,1.5,0.0,0.0,0.0,361.3,0.0,-0.3,1.3,-0.6000000000000001,-169.60000000000002,0.0,0.0,169.70000000000002,0.0,21.700000000000003,28.9,28.9,30.9,300.0,300.0,31.6,35.9,28.8,28.0,29.9,4.96,1.99,4.96,0.16,0.0,0.0,1027.0,8228.0,0.0,0.0,0.0,0.0,0.0,1.0,0.0,0.0,0.0,0.0,0.0,1.0,0.0,0.8,0.0,0.0,16.0,25903.0
2026-07-30T19:04:01.891Z,411.374,411.39,0.0,7.4,0.0,0.0,0.0,0.0,0.0,0.0,0.0,0.0,1.0,0.0,0.0,0.0,9.0,4.0,0.0,0.0,0.0,0.0,0.0,0.0,0.0,0.0,4.0,12.0,1.0,12.17,5.01,2.51,1.5,0.0,0.0,0.0,361.3,0.0,-0.3,0.8,-0.7000000000000001,-169.60000000000002,0.0,0.0,169.70000000000002,0.0,21.700000000000003,28.9,28.9,30.9,300.0,300.0,31.6,35.9,28.8,28.0,29.9,4.95,1.99,4.97,0.16,0.0,0.0,1027.0,8228.0,0.0,0.0,0.0,0.0,0.0,1.0,0.0,0.0,0.0,0.0,0.0,0.3,0.0,0.7000000000000001,0.0,0.0,16.0,25903.0
2026-07-30T19:04:01.903Z,411.386,411.402,0.0,7.4,0.0,0.0,0.0,0.0,0.0,0.0,0.0,0.0,1.0,0.0,0.0,0.0,9.0,4.0,0.0,0.0,0.0,0.0,0.0,0.0,0.0,0.0,4.0,12.0,1.0,12.17,5.01,2.51,1.5,0.0,0.0,0.0,361.3,0.0,0.2,0.2,0.9,-169.60000000000002,0.0,0.0,169.70000000000002,0.0,21.700000000000003,28.9,28.9,30.9,300.0,300.0,31.6,35.9,28.8,28.0,29.9,4.96,1.99,4.96,0.16,0.0,0.0,1027.0,8228.0,0.0,0.0,0.0,0.0,0.0,1.0,0.0,0.0,0.0,0.0,0.0,0.9,0.0,-0.8,0.0,0.0,16.0,25903.0
2026-07-30T19:04:01.915Z,411.398,411.414,0.0,7.4,0.0,0.0,0.0,0.0,0.0,0.0,0.0,0.0,1.0,0.0,0.0,0.0,9.0,4.0,0.0,0.0,0.0,0.0,0.0,0.0,0.0,0.0,5.0,12.0,1.0,12.17,5.01,2.51,1.5,0.0,0.0,0.0,361.3,0.0,0.2,1.3,0.9,-169.60000000000002,0.0,0.0,169.70000000000002,0.0,21.700000000000003,28.9,28.9,30.9,300.0,300.0,31.6,35.9,28.8,28.0,29.9,4.96,1.99,4.97,0.16,0.0,0.0,1027.0,8228.0,0.0,0.0,0.0,0.0,0.0,1.0,0.0,0.0,0.0,0.0,0.0,2.3000000000000003,0.0,-0.5,0.0,0.0,16.0,25903.0
2026-07-30T19:04:01.927Z,411.41,411.426,0.0,7.4,0.0,0.0,0.0,0.0,0.0,0.0,0.0,0.0,1.0,0.0,0.0,0.0,9.0,4.0,0.0,0.0,0.0,0.0,0.0,0.0,0.0,0.0,1.0,12.0,1.0,12.17,5.01,2.51,1.5,0.0,0.0,0.0,361.3,0.0,0.2,1.4,0.9,-169.60000000000002,0.0,0.0,169.70000000000002,0.0,21.700000000000003,28.9,28.9,30.9,300.0,300.0,31.6,35.9,28.8,28.0,29.9,4.95,1.99,4.97,0.16,0.0,0.0,1027.0,8228.0,0.0,0.0,0.0,0.0,0.0,1.0,0.0,0.0,0.0,0.0,0.0,2.3000000000000003,0.0,-0.5,0.0,0.0,16.0,25903.0
2026-07-30T19:04:01.939Z,411.422,411.438,0.0,7.4,0.0,0.0,0.0,0.0,0.0,0.0,0.0,0.0,1.0,0.0,0.0,0.0,9.0,4.0,0.0,0.0,0.0,0.0,0.0,0.0,0.0,0.0,2.0,12.0,1.0,12.17,5.01,2.51,1.5,0.0,0.0,0.0,361.4,0.0,-0.3,0.8,-0.2,-169.60000000000002,0.0,0.0,169.60000000000002,0.0,21.700000000000003,28.9,28.9,30.9,300.0,300.0,31.6,35.9,28.8,28.0,29.9,4.96,1.99,4.97,0.16,0.0,0.0,1027.0,8228.0,0.0,0.0,0.0,0.0,0.0,1.0,0.0,0.0,0.0,0.0,0.0,0.7000000000000001,0.0,0.3,0.0,0.0,16.0,25903.0
2026-07-30T19:04:01.952Z,411.435,411.45,0.0,7.4,0.0,0.0,0.0,0.0,0.0,0.0,0.0,0.0,1.0,0.0,0.0,0.0,9.0,4.0,0.0,0.0,0.0,0.0,0.0,0.0,0.0,0.0,2.0,12.0,1.0,12.15,5.01,2.5,1.49,0.0,0.0,0.0,361.3,0.0,-0.3,-1.5,-1.4,-169.60000000000002,0.0,0.0,169.70000000000002,0.0,21.700000000000003,28.9,28.9,30.9,300.0,300.0,31.8,35.9,28.8,28.0,29.9,4.95,1.99,4.96,0.16,0.0,0.0,1027.0,8228.0,0.0,0.0,0.0,0.0,0.0,1.0,0.0,0.0,0.0,0.0,0.0,-2.8000000000000003,0.0,0.9,0.0,0.0,16.0,25903.0
2026-07-30T19:04:01.963Z,411.446,411.462,0.0,7.4,0.0,0.0,0.0,0.0,0.0,0.0,0.0,0.0,1.0,0.0,0.0,0.0,9.0,4.0,0.0,0.0,0.0,0.0,0.0,0.0,0.0,0.0,3.0,12.0,1.0,12.15,5.01,2.5,1.49,0.0,0.0,0.0,361.3,0.0,0.2,0.8,-0.2,-169.60000000000002,0.0,0.0,169.70000000000002,0.0,21.700000000000003,28.9,28.9,30.9,300.0,300.0,31.8,35.9,28.8,28.0,29.9,4.95,1.99,4.97,0.16,0.0,0.0,1027.0,8228.0,0.0,0.0,0.0,0.0,0.0,1.0,0.0,0.0,0.0,0.0,0.0,0.7000000000000001,0.0,0.3,0.0,0.0,16.0,25903.0
2026-07-30T19:04:01.975Z,411.458,411.474,0.0,7.4,0.0,0.0,0.0,0.0,0.0,0.0,0.0,0.0,1.0,0.0,0.0,0.0,9.0,4.0,0.0,0.0,0.0,0.0,0.0,0.0,0.0,0.0,4.0,12.0,1.0,12.15,5.01,2.5,1.49,0.0,0.0,0.0,361.4,0.0,0.2,0.2,-0.1,-169.60000000000002,0.0,0.0,169.8,0.0,21.700000000000003,28.9,28.9,30.9,300.0,300.0,31.8,35.9,28.8,28.0,29.9,4.95,2.0,4.97,0.16,0.0,0.0,1027.0,8228.0,0.0,0.0,0.0,0.0,0.0,1.0,0.0,0.0,0.0,0.0,0.0,0.1,0.0,0.1,0.0,0.0,16.0,25903.0
2026-07-30T19:04:01.987Z,411.47,411.486,0.0,7.4,0.0,0.0,0.0,0.0,0.0,0.0,0.0,0.0,1.0,0.0,0.0,0.0,9.0,4.0,0.0,0.0,0.0,0.0,0.0,0.0,0.0,0.0,6.0,12.0,1.0,12.15,5.01,2.5,1.49,0.0,0.0,0.0,361.3,0.0,0.2,0.2,1.5,-169.60000000000002,0.0,0.0,169.8,0.0,21.700000000000003,28.9,28.9,30.9,300.0,300.0,31.8,35.9,28.8,28.0,29.9,4.96,2.0,4.96,0.16,0.0,0.0,1027.0,8228.0,0.0,0.0,0.0,0.0,0.0,1.0,0.0,0.0,0.0,0.0,0.0,1.4,0.0,-1.3,0.0,0.0,16.0,25903.0
2026-07-30T19:04:01.999Z,411.482,411.498,0.0,7.4,0.0,0.0,0.0,0.0,0.0,0.0,0.0,0.0,1.0,0.0,0.0,0.0,9.0,4.0,0.0,0.0,0.0,0.0,0.0,0.0,0.0,0.0,6.0,12.0,1.0,12.15,5.01,2.5,1.49,0.0,0.0,0.0,361.3,0.0,0.2,0.2,-1.3,-169.60000000000002,0.0,0.0,169.70000000000002,0.0,21.700000000000003,28.9,28.9,30.9,300.0,300.0,31.8,35.9,28.8,28.0,29.9,4.95,1.99,4.97,0.16,0.0,0.0,1027.0,8228.0,0.0,0.0,0.0,0.0,0.0,1.0,0.0,0.0,0.0,0.0,0.0,-0.7000000000000001,0.0,1.1,0.0,0.0,16.0,25903.0
2026-07-30T19:04:02.011Z,411.494,411.51,0.0,7.4,0.0,0.0,0.0,0.0,0.0,0.0,0.0,0.0,1.0,0.0,0.0,0.0,9.0,4.0,0.0,0.0,0.0,0.0,0.0,0.0,0.0,0.0,1.0,12.0,1.0,12.15,5.01,2.5,1.49,0.0,0.0,0.0,361.3,0.0,0.2,0.1,0.4,-169.60000000000002,0.0,0.0,169.8,0.0,21.700000000000003,28.9,28.9,30.9,300.0,300.0,31.8,35.9,28.8,28.0,29.9,4.95,1.98,4.97,0.16,0.0,0.0,1027.0,8228.0,0.0,0.0,0.0,0.0,0.0,1.0,0.0,0.0,0.0,0.0,0.0,0.5,0.0,-0.3,0.0,0.0,16.0,25903.0
2026-07-30T19:04:02.023Z,411.506,411.522,0.0,7.4,0.0,0.0,0.0,0.0,0.0,0.0,0.0,0.0,1.0,0.0,0.0,0.0,9.0,4.0,0.0,0.0,0.0,0.0,0.0,0.0,0.0,0.0,3.0,12.0,1.0,12.15,5.01,2.5,1.49,0.0,0.0,0.0,361.4,0.0,0.2,0.1,-0.1,-169.70000000000002,0.0,0.0,169.8,0.0,21.700000000000003,28.9,28.9,30.9,300.0,300.0,31.8,35.9,28.8,28.0,29.9,4.96,1.99,4.97,0.16,0.0,0.0,1027.0,8228.0,0.0,0.0,0.0,0.0,0.0,1.0,0.0,0.0,0.0,0.0,0.0,0.0,0.0,0.1,0.0,0.0,16.0,25903.0
2026-07-30T19:04:02.036Z,411.519,411.534,0.0,7.4,0.0,0.0,0.0,0.0,0.0,0.0,0.0,0.0,1.0,0.0,0.0,0.0,9.0,4.0,0.0,0.0,0.0,0.0,0.0,0.0,0.0,0.0,4.0,12.0,1.0,12.15,5.01,2.5,1.49,0.0,0.0,0.0,361.3,0.0,-0.2,-0.3,-0.7000000000000001,-169.70000000000002,0.0,0.0,169.70000000000002,0.0,21.700000000000003,28.9,28.9,30.9,300.0,300.0,31.8,35.9,28.8,28.0,29.9,4.95,1.99,4.96,0.16,0.0,0.0,1027.0,8228.0,0.0,0.0,0.0,0.0,0.0,1.0,0.0,0.0,0.0,0.0,0.0,-0.9,0.0,0.5,0.0,0.0,16.0,25903.0
2026-07-30T19:04:02.047Z,411.53,411.546,0.0,7.4,0.0,0.0,0.0,0.0,0.0,0.0,0.0,0.0,1.0,0.0,0.0,0.0,9.0,4.0,0.0,0.0,0.0,0.0,0.0,0.0,0.0,0.0,5.0,12.0,1.0,12.15,5.01,2.5,1.49,0.0,0.0,0.0,361.3,0.0,0.8,0.8,2.2,-169.70000000000002,0.0,0.0,169.70000000000002,0.0,21.700000000000003,28.9,28.9,30.9,300.0,300.0,31.8,35.9,28.8,28.0,29.9,4.96,1.99,4.97,0.16,0.0,0.0,1027.0,8228.0,0.0,0.0,0.0,0.0,0.0,1.0,0.0,0.0,0.0,0.0,0.0,2.5,0.0,-1.7000000000000002,0.0,0.0,16.0,25903.0
2026-07-30T19:04:02.059Z,411.542,411.558,0.0,7.4,0.0,0.0,0.0,0.0,0.0,0.0,0.0,0.0,1.0,0.0,0.0,0.0,9.0,4.0,0.0,0.0,0.0,0.0,0.0,0.0,0.0,0.0,1.0,12.0,1.0,12.17,5.0200000000000005,2.51,1.5,0.0,0.0,0.0,361.3,0.0,0.2,1.3,-0.1,-169.70000000000002,0.0,0.0,169.70000000000002,0.0,21.3,28.9,28.9,30.9,300.0,300.0,31.700000000000003,35.9,28.9,28.1,29.9,4.96,2.0,4.96,0.16,0.0,0.0,1027.0,8228.0,0.0,0.0,0.0,0.0,0.0,1.0,0.0,0.0,0.0,0.0,0.0,1.4,0.0,0.3,0.0,0.0,16.0,25903.0
2026-07-30T19:04:02.071Z,411.554,411.57,0.0,7.4,0.0,0.0,0.0,0.0,0.0,0.0,0.0,0.0,1.0,0.0,0.0,0.0,9.0,4.0,0.0,0.0,0.0,0.0,0.0,0.0,0.0,0.0,2.0,12.0,1.0,12.17,5.0200000000000005,2.51,1.5,0.0,0.0,0.0,361.4,0.0,-0.2,-0.3,0.0,-169.70000000000002,0.0,0.0,169.60000000000002,0.0,21.3,28.9,28.9,30.9,300.0,300.0,31.700000000000003,35.9,28.9,28.1,29.9,4.96,1.99,4.96,0.16,0.0,0.0,1027.0,8228.0,0.0,0.0,0.0,0.0,0.0,1.0,0.0,0.0,0.0,0.0,0.0,-0.4,0.0,0.0,0.0,0.0,16.0,25903.0
2026-07-30T19:04:02.083Z,411.566,411.582,0.0,7.4,0.0,0.0,0.0,0.0,0.0,0.0,0.0,0.0,1.0,0.0,0.0,0.0,9.0,4.0,0.0,0.0,0.0,0.0,0.0,0.0,0.0,0.0,3.0,12.0,1.0,12.17,5.0200000000000005,2.51,1.5,0.0,0.0,0.0,361.3,0.0,0.2,0.7000000000000001,0.0,-169.70000000000002,0.0,0.0,169.8,0.0,21.3,28.9,28.9,30.9,300.0,300.0,31.700000000000003,35.9,28.9,28.1,29.9,4.96,1.99,4.97,0.16,0.0,0.0,1027.0,8228.0,0.0,0.0,0.0,0.0,0.0,1.0,0.0,0.0,0.0,0.0,0.0,0.8,0.0,0.2,0.0,0.0,16.0,25903.0
2026-07-30T19:04:02.095Z,411.578,411.594,0.0,7.4,0.0,0.0,0.0,0.0,0.0,0.0,0.0,0.0,1.0,0.0,0.0,0.0,9.0,4.0,0.0,0.0,0.0,0.0,0.0,0.0,0.0,0.0,4.0,12.0,1.0,12.17,5.0200000000000005,2.51,1.5,0.0,0.0,0.0,361.2000000000001,0.0,-0.2,0.2,1.0,-169.70000000000002,0.0,0.0,169.8,0.0,21.3,28.9,28.9,30.9,300.0,300.0,31.700000000000003,35.9,28.9,28.1,29.9,4.96,1.99,4.97,0.16,0.0,0.0,1027.0,8228.0,0.0,0.0,0.0,0.0,0.0,1.0,0.0,0.0,0.0,0.0,0.0,1.0,0.0,-0.8,0.0,0.0,16.0,25903.0
2026-07-30T19:04:02.107Z,411.59,411.606,0.0,7.4,0.0,0.0,0.0,0.0,0.0,0.0,0.0,0.0,1.0,0.0,0.0,0.0,9.0,4.0,0.0,0.0,0.0,0.0,0.0,0.0,0.0,0.0,5.0,12.0,1.0,12.17,5.0200000000000005,2.51,1.5,0.0,0.0,0.0,361.3,0.0,0.9,1.3,1.0,-169.70000000000002,0.0,0.0,169.70000000000002,0.0,21.3,28.9,28.9,30.9,300.0,300.0,31.700000000000003,35.9,28.9,28.1,29.9,4.96,1.99,4.96,0.16,0.0,0.0,1027.0,8228.0,0.0,0.0,0.0,0.0,0.0,1.0,0.0,0.0,0.0,0.0,0.0,2.3000000000000003,0.0,-0.6000000000000001,0.0,0.0,16.0,25903.0
2026-07-30T19:04:02.119Z,411.602,411.618,0.0,7.4,0.0,0.0,0.0,0.0,0.0,0.0,0.0,0.0,1.0,0.0,0.0,0.0,9.0,4.0,0.0,0.0,0.0,0.0,0.0,0.0,0.0,0.0,6.0,12.0,1.0,12.17,5.0200000000000005,2.51,1.5,0.0,0.0,0.0,361.4,0.0,0.2,1.3,-0.1,-169.70000000000002,0.0,0.0,169.70000000000002,0.0,21.3,28.9,28.9,30.9,300.0,300.0,31.700000000000003,35.9,28.9,28.1,29.9,4.96,1.99,4.96,0.16,0.0,0.0,1027.0,8228.0,0.0,0.0,0.0,0.0,0.0,1.0,0.0,0.0,0.0,0.0,0.0,1.4,0.0,0.4,0.0,0.0,16.0,25903.0
2026-07-30T19:04:02.131Z,411.614,411.63,0.0,7.4,0.0,0.0,0.0,0.0,0.0,0.0,0.0,0.0,1.0,0.0,0.0,0.0,9.0,4.0,0.0,0.0,0.0,0.0,0.0,0.0,0.0,0.0,1.0,12.0,1.0,12.17,5.0200000000000005,2.51,1.5,0.0,0.0,0.0,361.4,0.0,1.5,0.2,1.0,-169.70000000000002,0.0,0.0,169.8,0.0,21.3,28.9,28.9,30.9,300.0,300.0,31.700000000000003,35.9,28.9,28.1,29.9,4.95,1.99,4.97,0.16,0.0,0.0,1027.0,8228.0,0.0,0.0,0.0,0.0,0.0,1.0,0.0,0.0,0.0,0.0,0.0,1.0,0.0,-0.9,0.0,0.0,16.0,25903.0
2026-07-30T19:04:02.143Z,411.626,411.642,0.0,7.4,0.0,0.0,0.0,0.0,0.0,0.0,0.0,0.0,1.0,0.0,0.0,0.0,9.0,4.0,0.0,0.0,0.0,0.0,0.0,0.0,0.0,0.0,2.0,12.0,1.0,12.17,5.0200000000000005,2.51,1.5,0.0,0.0,0.0,361.3,0.0,0.3,-0.3,0.5,-169.70000000000002,0.0,0.0,169.8,0.0,21.3,28.9,28.9,30.9,300.0,300.0,31.700000000000003,35.9,28.9,28.1,29.9,4.96,1.99,4.96,0.16,0.0,0.0,1027.0,8228.0,0.0,0.0,0.0,0.0,0.0,1.0,0.0,0.0,0.0,0.0,0.0,0.0,0.0,-0.5,0.0,0.0,16.0,25903.0
2026-07-30T19:04:02.156Z,411.639,411.654,0.0,7.4,0.0,0.0,0.0,0.0,0.0,0.0,0.0,0.0,1.0,0.0,0.0,0.0,9.0,4.0,0.0,0.0,0.0,0.0,0.0,0.0,0.0,0.0,3.0,12.0,1.0,12.18,5.0200000000000005,2.5,1.5,0.0,0.0,0.0,361.3,0.0,0.8,-0.3,-1.2000000000000002,-169.70000000000002,0.0,0.0,169.8,0.0,21.4,28.9,28.9,30.9,300.0,300.0,31.8,35.9,28.9,28.0,29.9,4.96,1.99,4.97,0.16,0.0,0.0,1027.0,8228.0,0.0,0.0,0.0,0.0,0.0,1.0,0.0,0.0,0.0,0.0,0.0,-1.3,0.0,0.9,0.0,0.0,16.0,25903.0
2026-07-30T19:04:02.167Z,411.65,411.666,0.0,7.4,0.0,0.0,0.0,0.0,0.0,0.0,0.0,0.0,1.0,0.0,0.0,0.0,9.0,4.0,0.0,0.0,0.0,0.0,0.0,0.0,0.0,0.0,4.0,12.0,1.0,12.18,5.0200000000000005,2.5,1.5,0.0,0.0,0.0,361.3,0.0,0.3,1.3,1.1,-169.70000000000002,0.0,0.0,169.70000000000002,0.0,21.4,28.9,28.9,30.9,300.0,300.0,31.8,35.9,28.9,28.0,29.9,4.95,1.99,4.97,0.16,0.0,0.0,1027.0,8228.0,0.0,0.0,0.0,0.0,0.0,1.0,0.0,0.0,0.0,0.0,0.0,2.3000000000000003,0.0,-0.6000000000000001,0.0,0.0,16.0,25903.0
2026-07-30T19:04:02.179Z,411.662,411.678,0.0,7.4,0.0,0.0,0.0,0.0,0.0,0.0,0.0,0.0,1.0,0.0,0.0,0.0,9.0,4.0,0.0,0.0,0.0,0.0,0.0,0.0,0.0,0.0,5.0,12.0,1.0,12.18,5.0200000000000005,2.5,1.5,0.0,0.0,0.0,361.3,0.0,0.8,0.7000000000000001,1.1,-169.70000000000002,0.0,0.0,169.8,0.0,21.4,28.9,28.9,30.9,300.0,300.0,31.8,35.9,28.9,28.0,29.9,4.96,1.99,4.96,0.16,0.0,0.0,1027.0,8228.0,0.0,0.0,0.0,0.0,0.0,1.0,0.0,0.0,0.0,0.0,0.0,1.6,0.0,-0.8,0.0,0.0,16.0,25903.0
2026-07-30T19:04:02.191Z,411.674,411.69,0.0,7.4,0.0,0.0,0.0,0.0,0.0,0.0,0.0,0.0,1.0,0.0,0.0,0.0,9.0,4.0,0.0,0.0,0.0,0.0,0.0,0.0,0.0,0.0,1.0,12.0,1.0,12.18,5.0200000000000005,2.5,1.5,0.0,0.0,0.0,361.3,0.0,-0.2,1.3,1.1,-169.70000000000002,0.0,0.0,169.70000000000002,0.0,21.4,28.9,28.9,30.9,300.0,300.0,31.8,35.9,28.9,28.0,29.9,4.96,1.99,4.96,0.16,0.0,0.0,1027.0,8228.0,0.0,0.0,0.0,0.0,0.0,1.0,0.0,0.0,0.0,0.0,0.0,2.3000000000000003,0.0,-0.7000000000000001,0.0,0.0,16.0,25903.0
2026-07-30T19:04:02.203Z,411.686,411.702,0.0,7.4,0.0,0.0,0.0,0.0,0.0,0.0,0.0,0.0,1.0,0.0,0.0,0.0,9.0,4.0,0.0,0.0,0.0,0.0,0.0,0.0,0.0,0.0,3.0,12.0,1.0,12.18,5.0200000000000005,2.5,1.5,0.0,0.0,0.0,361.3,0.0,-0.2,0.7000000000000001,0.5,-169.70000000000002,0.0,0.0,169.70000000000002,0.0,21.4,28.9,28.9,30.9,300.0,300.0,31.8,35.9,28.9,28.0,29.9,4.96,1.99,4.97,0.17,0.0,0.0,1027.0,8228.0,0.0,0.0,0.0,0.0,0.0,1.0,0.0,0.0,0.0,0.0,0.0,1.2000000000000002,0.0,-0.3,0.0,0.0,16.0,25903.0
2026-07-30T19:04:02.215Z,411.698,411.714,0.0,7.4,0.0,0.0,0.0,0.0,0.0,0.0,0.0,0.0,1.0,0.0,0.0,0.0,9.0,4.0,0.0,0.0,0.0,0.0,0.0,0.0,0.0,0.0,4.0,12.0,1.0,12.18,5.0200000000000005,2.5,1.5,0.0,0.0,0.0,361.3,0.0,-0.2,0.1,-0.5,-169.70000000000002,0.0,0.0,169.70000000000002,0.0,21.4,28.9,28.9,30.9,300.0,300.0,31.8,35.9,28.9,28.0,29.9,4.96,1.99,4.97,0.16,0.0,0.0,1027.0,8228.0,0.0,0.0,0.0,0.0,0.0,1.0,0.0,0.0,0.0,0.0,0.0,-0.2,0.0,0.5,0.0,0.0,16.0,25903.0
2026-07-30T19:04:02.227Z,411.71,411.726,0.0,7.4,0.0,0.0,0.0,0.0,0.0,0.0,0.0,0.0,1.0,0.0,0.0,0.0,9.0,4.0,0.0,0.0,0.0,0.0,0.0,0.0,0.0,0.0,6.0,12.0,1.0,12.18,5.0200000000000005,2.5,1.5,0.0,0.0,0.0,361.3,0.0,0.8,-0.4,1.8,-169.70000000000002,0.0,0.0,169.60000000000002,0.0,21.4,28.9,28.9,30.9,300.0,300.0,31.8,35.9,28.9,28.0,29.9,4.95,1.99,4.96,0.16,0.0,0.0,1027.0,8228.0,0.0,0.0,0.0,0.0,0.0,1.0,0.0,0.0,0.0,0.0,0.0,-1.2000000000000002,0.0,0.8,0.0,0.0,16.0,25903.0
2026-07-30T19:04:02.239Z,411.722,411.738,0.0,7.4,0.0,0.0,0.0,0.0,0.0,0.0,0.0,0.0,1.0,0.0,0.0,0.0,9.0,4.0,0.0,0.0,0.0,0.0,0.0,0.0,0.0,0.0,5.0,12.0,1.0,12.18,5.0200000000000005,2.5,1.5,0.0,0.0,0.0,361.3,0.0,0.2,-1.0,-0.4,-169.70000000000002,0.0,0.0,169.70000000000002,0.0,21.4,28.9,28.9,30.9,300.0,300.0,31.8,35.9,28.9,28.0,29.9,4.95,1.99,4.97,0.16,0.0,0.0,1027.0,8228.0,0.0,0.0,0.0,0.0,0.0,1.0,0.0,0.0,0.0,0.0,0.0,0.8,0.0,0.0,0.0,0.0,16.0,25903.0
2026-07-30T19:04:02.251Z,411.734,411.75,0.0,7.4,0.0,0.0,0.0,0.0,0.0,0.0,0.0,0.0,1.0,0.0,0.0,0.0,9.0,4.0,0.0,0.0,0.0,0.0,0.0,0.0,0.0,0.0,6.0,12.0,1.0,12.18,5.0200000000000005,2.5,1.5,0.0,0.1,0.0,361.3,0.0,0.8,0.7000000000000001,0.6000000000000001,-169.70000000000002,0.0,0.0,169.8,0.0,21.4,28.9,28.9,30.9,300.0,300.0,31.8,35.9,28.9,28.0,29.9,4.95,2.0,4.96,0.16,0.0,0.0,1027.0,8228.0,0.0,0.0,0.0,0.0,0.0,1.0,0.0,0.0,0.0,0.0,0.0,-0.6000000000000001,0.0,1.0,0.0,0.0,16.0,25903.0
2026-07-30T19:04:02.263Z,411.746,411.762,0.0,7.4,0.0,0.0,0.0,0.0,0.0,0.0,0.0,0.0,1.0,0.0,0.0,0.0,9.0,4.0,0.0,0.0,0.0,0.0,0.0,0.0,0.0,0.0,1.0,12.0,1.0,12.18,5.01,2.5,1.49,-0.1,0.1,0.0,361.4,0.0,-0.3,1.3,0.6000000000000001,-169.70000000000002,0.0,0.0,169.60000000000002,0.0,21.8,28.9,28.9,30.9,300.0,300.0,31.8,35.9,28.9,28.0,29.9,4.96,1.99,4.96,0.16,0.0,0.0,1027.0,8228.0,0.0,0.0,0.0,0.0,0.0,1.0,0.0,0.0,0.0,0.0,0.0,2.0,0.0,-0.2,0.0,0.0,16.0,25903.0
2026-07-30T19:04:02.275Z,411.758,411.774,0.0,7.4,0.0,0.0,0.0,0.0,0.0,0.0,0.0,0.0,1.0,0.0,0.0,0.0,9.0,4.0,0.0,0.0,0.0,0.0,0.0,0.0,0.0,0.0,2.0,12.0,1.0,12.18,5.01,2.5,1.49,0.0,0.0,0.0,361.3,0.0,0.3,0.7000000000000001,0.5,-169.60000000000002,0.0,0.0,169.70000000000002,0.0,21.8,28.9,28.9,30.9,300.0,300.0,31.8,35.9,28.9,28.0,29.9,4.95,1.99,4.96,0.16,0.0,0.0,1027.0,8228.0,0.0,0.0,0.0,0.0,0.0,1.0,0.0,0.0,0.0,0.0,0.0,1.3,0.0,-0.3,0.0,0.0,16.0,25903.0
2026-07-30T19:04:02.287Z,411.77,411.786,0.0,7.4,0.0,0.0,0.0,0.0,0.0,0.0,0.0,0.0,1.0,0.0,0.0,0.0,9.0,4.0,0.0,0.0,0.0,0.0,0.0,0.0,0.0,0.0,3.0,12.0,1.0,12.18,5.01,2.5,1.49,0.0,0.1,0.0,361.3,0.0,-0.2,-0.3,1.1,-169.60000000000002,0.0,0.0,169.70000000000002,0.0,21.8,28.9,28.9,30.9,300.0,300.0,31.8,35.9,28.9,28.0,29.9,4.96,1.99,4.97,0.16,0.0,0.0,1027.0,8228.0,0.0,0.0,0.0,0.0,0.0,1.0,0.0,0.0,0.0,0.0,0.0,0.4,0.0,-1.1,0.0,0.0,16.0,25903.0
2026-07-30T19:04:02.299Z,411.782,411.798,0.0,7.4,0.0,0.0,0.0,0.0,0.0,0.0,0.0,0.0,1.0,0.0,0.0,0.0,9.0,4.0,0.0,0.0,0.0,0.0,0.0,0.0,0.0,0.0,4.0,12.0,1.0,12.18,5.01,2.5,1.49,0.0,0.0,0.0,361.3,0.0,-0.2,1.3,1.7000000000000002,-169.60000000000002,0.0,0.0,169.60000000000002,0.0,21.8,28.9,28.9,30.9,300.0,300.0,31.8,35.9,28.9,28.0,29.9,4.96,2.0,4.96,0.16,0.0,0.0,1027.0,8228.0,0.0,0.0,0.0,0.0,0.0,1.0,0.0,0.0,0.0,0.0,0.0,2.9000000000000004,0.0,-1.2000000000000002,0.0,0.0,16.0,25903.0
2026-07-30T19:04:02.311Z,411.794,411.81,0.0,7.4,0.0,0.0,0.0,0.0,0.0,0.0,0.0,0.0,1.0,0.0,0.0,0.0,9.0,4.0,0.0,0.0,0.0,0.0,0.0,0.0,0.0,0.0,5.0,12.0,1.0,12.18,5.01,2.5,1.49,0.0,0.0,0.0,361.3,0.0,-0.8,0.1,-1.1,-169.60000000000002,0.0,0.0,169.70000000000002,0.0,21.8,28.9,28.9,30.9,300.0,300.0,31.8,35.9,28.9,28.0,29.9,4.96,1.99,4.96,0.16,0.0,0.0,1027.0,8228.0,0.0,0.0,0.0,0.0,0.0,1.0,0.0,0.0,0.0,0.0,0.0,-0.6000000000000001,0.0,1.0,0.0,0.0,16.0,25903.0
2026-07-30T19:04:02.323Z,411.806,411.822,0.0,7.4,0.0,0.0,0.0,0.0,0.0,0.0,0.0,0.0,1.0,0.0,0.0,0.0,9.0,4.0,0.0,0.0,0.0,0.0,0.0,0.0,0.0,0.0,6.0,12.0,1.0,12.18,5.01,2.5,1.49,0.0,0.0,0.0,361.4,0.0,-0.2,-0.3,-0.5,-169.60000000000002,0.0,0.0,169.8,0.0,21.8,28.9,28.9,30.9,300.0,300.0,31.8,35.9,28.9,28.0,29.9,4.95,1.99,4.96,0.16,0.0,0.0,1027.0,8228.0,0.0,0.0,0.0,0.0,0.0,1.0,0.0,0.0,0.0,0.0,0.0,-0.8,0.0,0.3,0.0,0.0,16.0,25903.0
2026-07-30T19:04:02.335Z,411.818,411.834,0.0,7.4,0.0,0.0,0.0,0.0,0.0,0.0,0.0,0.0,1.0,0.0,0.0,0.0,9.0,4.0,0.0,0.0,0.0,0.0,0.0,0.0,0.0,0.0,1.0,12.0,1.0,12.18,5.01,2.5,1.49,0.0,0.0,0.0,361.3,0.0,0.3,0.7000000000000001,-0.5,-169.60000000000002,0.0,0.0,169.70000000000002,0.0,21.8,28.9,28.9,30.9,300.0,300.0,31.8,35.9,28.9,28.0,29.9,4.96,1.99,4.97,0.16,0.0,0.0,1027.0,8228.0,0.0,0.0,0.0,0.0,0.0,1.0,0.0,0.0,0.0,0.0,0.0,0.4,0.0,0.6000000000000001,0.0,0.0,16.0,25903.0
2026-07-30T19:04:02.347Z,411.83,411.846,0.0,7.4,0.0,0.0,0.0,0.0,0.0,0.0,0.0,0.0,1.0,0.0,0.0,0.0,9.0,4.0,0.0,0.0,0.0,0.0,0.0,0.0,0.0,0.0,2.0,12.0,1.0,12.18,5.01,2.5,1.49,0.0,0.0,0.0,361.4,0.0,-0.2,0.1,-0.5,-169.60000000000002,0.0,0.0,169.70000000000002,0.0,21.8,28.9,28.9,30.9,300.0,300.0,31.8,35.9,28.9,28.0,29.9,4.96,1.99,4.96,0.16,0.0,0.0,1027.0,8228.0,0.0,0.0,0.0,0.0,0.0,1.0,0.0,0.0,0.0,0.0,0.0,-0.2,0.0,0.5,0.0,0.0,16.0,25903.0
2026-07-30T19:04:02.360Z,411.843,411.858,0.0,7.4,0.0,0.0,0.0,0.0,0.0,0.0,0.0,0.0,1.0,0.0,0.0,0.0,9.0,4.0,0.0,0.0,0.0,0.0,0.0,0.0,0.0,0.0,3.0,12.0,1.0,12.17,5.01,2.51,1.49,0.0,0.0,0.0,361.3,0.0,0.3,-0.4,0.0,-169.70000000000002,0.0,0.0,169.8,0.0,21.3,28.9,28.9,30.9,300.0,300.0,31.9,35.9,28.8,28.0,29.9,4.95,1.99,4.96,0.16,0.0,0.0,1027.0,8228.0,0.0,0.0,0.0,0.0,0.0,1.0,0.0,0.0,0.0,0.0,0.0,-0.4,0.0,0.0,0.0,0.0,16.0,25903.0
2026-07-30T19:04:02.371Z,411.854,411.87,0.0,7.4,0.0,0.0,0.0,0.0,0.0,0.0,0.0,0.0,1.0,0.0,0.0,0.0,9.0,4.0,0.0,0.0,0.0,0.0,0.0,0.0,0.0,0.0,4.0,12.0,1.0,12.17,5.01,2.51,1.49,0.0,0.0,0.0,361.3,0.0,-0.2,-0.4,-2.3000000000000003,-169.70000000000002,0.0,0.0,169.8,0.0,21.3,28.9,28.9,30.9,300.0,300.0,31.9,35.9,28.8,28.0,29.9,4.95,1.99,4.97,0.16,0.0,0.0,1027.0,8228.0,0.0,0.0,0.0,0.0,0.0,1.0,0.0,0.0,0.0,0.0,0.0,-2.2,0.0,1.9,0.0,0.0,16.0,25903.0
2026-07-30T19:04:02.384Z,411.867,411.882,0.0,7.4,0.0,0.0,0.0,0.0,0.0,0.0,0.0,0.0,1.0,0.0,0.0,0.0,9.0,4.0,0.0,0.0,0.0,0.0,0.0,0.0,0.0,0.0,5.0,12.0,1.0,12.17,5.01,2.51,1.49,0.0,0.1,0.0,361.4,0.0,-0.2,-1.0,0.0,-169.70000000000002,0.0,0.0,169.8,0.0,21.3,28.9,28.9,30.9,300.0,300.0,31.9,35.9,28.8,28.0,29.9,4.96,2.0,4.96,0.16,0.0,0.0,1027.0,8228.0,0.0,0.0,0.0,0.0,0.0,1.0,0.0,0.0,0.0,0.0,0.0,-1.1,0.0,-0.2,0.0,0.0,16.0,25903.0
2026-07-30T19:04:02.395Z,411.878,411.894,0.0,7.4,0.0,0.0,0.0,0.0,0.0,0.0,0.0,0.0,1.0,0.0,0.0,0.0,9.0,4.0,0.0,0.0,0.0,0.0,0.0,0.0,0.0,0.0,6.0,12.0,1.0,12.17,5.01,2.51,1.49,0.0,0.0,0.0,361.3,0.0,0.3,0.1,0.0,-169.70000000000002,0.0,0.0,169.8,0.0,21.3,28.9,28.9,30.9,300.0,300.0,31.9,35.9,28.8,28.0,29.9,4.96,1.99,4.96,0.16,0.0,0.0,1027.0,8228.0,0.0,0.0,0.0,0.0,0.0,1.0,0.0,0.0,0.0,0.0,0.0,0.1,0.0,0.0,0.0,0.0,16.0,25903.0
2026-07-30T19:04:02.407Z,411.89,411.906,0.0,7.4,0.0,0.0,0.0,0.0,0.0,0.0,0.0,0.0,1.0,0.0,0.0,0.0,9.0,4.0,0.0,0.0,0.0,0.0,0.0,0.0,0.0,0.0,2.0,12.0,1.0,12.17,5.01,2.51,1.49,0.0,0.0,0.0,361.3,0.0,0.3,-0.4,-2.3000000000000003,-169.70000000000002,0.0,0.0,169.70000000000002,0.0,21.3,28.9,28.9,30.9,300.0,300.0,31.9,35.9,28.8,28.0,29.9,4.95,1.99,4.96,0.16,0.0,0.0,1027.0,8228.0,0.0,0.0,0.0,0.0,0.0,1.0,0.0,0.0,0.0,0.0,0.0,-2.2,0.0,1.9,0.0,0.0,16.0,25903.0
2026-07-30T19:04:02.420Z,411.903,411.918,0.0,7.4,0.0,0.0,0.0,0.0,0.0,0.0,0.0,0.0,1.0,0.0,0.0,0.0,9.0,4.0,0.0,0.0,0.0,0.0,0.0,0.0,0.0,0.0,2.0,12.0,1.0,12.17,5.01,2.51,1.49,0.0,0.1,0.0,361.3,0.0,-0.2,-0.4,0.0,-169.70000000000002,0.0,0.0,169.8,0.0,21.3,28.9,28.9,30.9,300.0,300.0,31.9,35.9,28.8,28.0,29.9,4.96,1.99,4.97,0.16,0.0,0.0,1027.0,8228.0,0.0,0.0,0.0,0.0,0.0,1.0,0.0,0.0,0.0,0.0,0.0,-0.4,0.0,-0.1,0.0,0.0,16.0,25903.0
2026-07-30T19:04:02.432Z,411.915,411.93,0.0,7.4,0.0,0.0,0.0,0.0,0.0,0.0,0.0,0.0,1.0,0.0,0.0,0.0,9.0,4.0,0.0,0.0,0.0,0.0,0.0,0.0,0.0,0.0,3.0,12.0,1.0,12.17,5.01,2.51,1.49,0.0,0.0,0.0,361.3,0.0,0.2,0.1,-1.1,-169.70000000000002,0.0,0.0,169.8,0.0,21.3,28.9,28.9,30.9,300.0,300.0,31.9,35.9,28.8,28.0,29.9,4.96,2.0,4.96,0.16,0.0,0.0,1027.0,8228.0,0.0,0.0,0.0,0.0,0.0,1.0,0.0,0.0,0.0,0.0,0.0,-0.6000000000000001,0.0,1.0,0.0,0.0,16.0,25903.0
2026-07-30T19:04:02.444Z,411.927,411.942,0.0,7.4,0.0,0.0,0.0,0.0,0.0,0.0,0.0,0.0,1.0,0.0,0.0,0.0,9.0,4.0,0.0,0.0,0.0,0.0,0.0,0.0,0.0,0.0,4.0,12.0,1.0,12.17,5.01,2.51,1.49,0.0,0.0,0.0,361.3,0.0,-0.9,0.7000000000000001,-0.5,-169.70000000000002,0.0,0.0,169.8,0.0,21.3,28.9,28.9,30.9,300.0,300.0,31.9,35.9,28.8,28.0,29.9,4.96,1.99,4.97,0.16,0.0,0.0,1027.0,8228.0,0.0,0.0,0.0,0.0,0.0,1.0,0.0,0.0,0.0,0.0,0.0,0.4,0.0,0.6000000000000001,0.0,0.0,16.0,25903.0
2026-07-30T19:04:02.455Z,411.938,411.954,0.0,7.4,0.0,0.0,0.0,0.0,0.0,0.0,0.0,0.0,1.0,0.0,0.0,0.0,9.0,4.0,0.0,0.0,0.0,0.0,0.0,0.0,0.0,0.0,5.0,12.0,1.0,12.17,5.01,2.51,1.49,0.0,0.0,0.0,361.3,0.0,-0.3,0.1,0.6000000000000001,-169.70000000000002,0.0,0.0,169.8,0.0,21.3,28.9,28.9,30.9,300.0,300.0,31.9,35.9,28.8,28.0,29.9,4.95,1.99,4.97,0.16,0.0,0.0,1027.0,8228.0,0.0,0.0,0.0,0.0,0.0,1.0,0.0,0.0,0.0,0.0,0.0,0.6000000000000001,0.0,-0.5,0.0,0.0,16.0,25903.0
2026-07-30T19:04:02.467Z,411.95,411.966,0.0,7.4,0.0,0.0,0.0,0.0,0.0,0.0,0.0,0.0,1.0,0.0,0.0,0.0,9.0,4.0,0.0,0.0,0.0,0.0,0.0,0.0,0.0,0.0,1.0,12.0,1.0,12.17,5.01,2.51,1.49,0.0,0.0,0.0,361.3,0.0,0.8,-1.0,0.0,-169.70000000000002,0.0,0.0,169.8,0.0,21.700000000000003,28.9,28.9,30.9,300.0,300.0,31.6,35.9,28.8,28.0,29.9,4.96,1.99,4.96,0.16,0.0,0.0,1027.0,8228.0,0.0,0.0,0.0,0.0,0.0,1.0,0.0,0.0,0.0,0.0,0.0,-1.1,0.0,-0.2,0.0,0.0,16.0,25903.0
2026-07-30T19:04:02.479Z,411.962,411.978,0.0,7.4,0.0,0.0,0.0,0.0,0.0,0.0,0.0,0.0,1.0,0.0,0.0,0.0,9.0,4.0,0.0,0.0,0.0,0.0,0.0,0.0,0.0,0.0,1.0,12.0,1.0,12.17,5.01,2.51,1.49,0.0,0.0,0.0,361.3,0.0,0.2,-1.0,-1.1,-169.70000000000002,0.0,0.0,169.8,0.0,21.700000000000003,28.9,28.9,30.9,300.0,300.0,31.6,35.9,28.8,28.0,29.9,4.95,1.99,4.97,0.16,0.0,0.0,1027.0,8228.0,0.0,0.0,0.0,0.0,0.0,1.0,0.0,0.0,0.0,0.0,0.0,-2.0,0.0,0.7000000000000001,0.0,0.0,16.0,25903.0
2026-07-30T19:04:02.491Z,411.974,411.99,0.0,7.4,0.0,0.0,0.0,0.0,0.0,0.0,0.0,0.0,1.0,0.0,0.0,0.0,9.0,4.0,0.0,0.0,0.0,0.0,0.0,0.0,0.0,0.0,3.0,12.0,1.0,12.17,5.01,2.51,1.49,0.0,0.0,0.0,361.3,0.0,0.8,0.1,-0.5,-169.70000000000002,0.0,0.0,169.8,0.0,21.700000000000003,28.9,28.9,30.9,300.0,300.0,31.6,35.9,28.8,28.0,29.9,4.95,1.99,4.96,0.16,0.0,0.0,1027.0,8228.0,0.0,0.0,0.0,0.0,0.0,1.0,0.0,0.0,0.0,0.0,0.0,-0.2,0.0,0.5,0.0,0.0,16.0,25903.0
2026-07-30T19:04:02.503Z,411.986,412.002,0.0,7.4,0.0,0.0,0.0,0.0,0.0,0.0,0.0,0.0,1.0,0.0,0.0,0.0,9.0,4.0,0.0,0.0,0.0,0.0,0.0,0.0,0.0,0.0,4.0,12.0,1.0,12.17,5.01,2.51,1.49,0.0,0.0,0.0,361.3,0.0,0.2,0.7000000000000001,0.6000000000000001,-169.70000000000002,0.0,0.0,169.70000000000002,0.0,21.700000000000003,28.9,28.9,30.9,300.0,300.0,31.6,35.9,28.8,28.0,29.9,4.96,2.0,4.96,0.16,0.0,0.0,1027.0,8228.0,0.0,0.0,0.0,0.0,0.0,1.0,0.0,0.0,0.0,0.0,0.0,1.3,0.0,-0.3,0.0,0.0,16.0,25903.0
2026-07-30T19:04:02.515Z,411.998,412.014,0.0,7.4,0.0,0.0,0.0,0.0,0.0,0.0,0.0,0.0,1.0,0.0,0.0,0.0,9.0,4.0,0.0,0.0,0.0,0.0,0.0,0.0,0.0,0.0,6.0,12.0,1.0,12.17,5.01,2.51,1.49,0.0,0.1,0.0,361.3,0.0,-0.9,0.7000000000000001,2.4000000000000004,-169.70000000000002,0.0,0.0,169.8,0.0,21.700000000000003,28.9,28.9,30.9,300.0,300.0,31.6,35.9,28.8,28.0,29.9,4.95,2.0,4.96,0.16,0.0,0.0,1027.0,8228.0,0.0,0.0,0.0,0.0,0.0,1.0,0.0,0.0,0.0,0.0,0.0,2.6,0.0,-1.9,0.0,0.0,16.0,25903.0
2026-07-30T19:04:02.527Z,412.01,412.026,0.0,7.4,0.0,0.0,0.0,0.0,0.0,0.0,0.0,0.0,1.0,0.0,0.0,0.0,9.0,4.0,0.0,0.0,0.0,0.0,0.0,0.0,0.0,0.0,1.0,12.0,1.0,12.17,5.01,2.51,1.49,0.0,0.0,0.0,361.3,0.0,-0.9,-0.9,0.0,-169.70000000000002,0.0,0.0,169.8,0.0,21.700000000000003,28.9,28.9,30.9,300.0,300.0,31.6,35.9,28.8,28.0,29.9,4.95,1.99,4.97,0.16,0.0,0.0,1027.0,8228.0,0.0,0.0,0.0,0.0,0.0,1.0,0.0,0.0,0.0,0.0,0.0,-1.0,0.0,-0.2,0.0,0.0,16.0,25903.0
2026-07-30T19:04:02.539Z,412.022,412.038,-0.1,7.4,0.0,0.0,0.0,0.0,0.0,0.0,0.0,0.0,1.0,0.0,0.0,0.0,9.0,4.0,0.0,0.0,0.0,0.0,0.0,0.0,0.0,0.0,2.0,12.0,1.0,12.17,5.01,2.51,1.49,0.0,0.0,0.0,361.3,0.0,-0.9,1.4,0.6000000000000001,-169.70000000000002,0.0,0.0,169.8,0.0,21.700000000000003,28.9,28.9,30.9,300.0,300.0,31.6,35.9,28.8,28.0,29.9,4.95,1.99,4.96,0.16,0.0,0.0,1027.0,8228.0,0.0,0.0,0.0,0.0,0.0,1.0,0.0,0.0,0.0,0.0,0.0,2.0,0.0,-0.2,0.0,0.0,16.0,25903.0
2026-07-30T19:04:02.551Z,412.034,412.05,-0.1,7.4,0.0,0.0,0.0,0.0,0.0,0.0,0.0,0.0,1.0,0.0,0.0,0.0,9.0,4.0,0.0,0.0,0.0,0.0,0.0,0.0,0.0,0.0,3.0,12.0,1.0,12.17,5.01,2.51,1.49,0.0,0.0,0.0,361.3,0.0,0.2,0.7000000000000001,1.2000000000000002,-169.70000000000002,0.0,0.0,169.70000000000002,0.0,21.700000000000003,28.9,28.9,30.9,300.0,300.0,31.6,35.9,28.8,28.0,29.9,4.96,1.99,4.96,0.16,0.0,0.0,1027.0,8228.0,0.0,0.0,0.0,0.0,0.0,1.0,0.0,0.0,0.0,0.0,0.0,1.8,0.0,-0.9,0.0,0.0,16.0,25903.0
2026-07-30T19:04:02.565Z,412.048,412.062,0.0,7.4,0.0,0.0,0.0,0.0,0.0,0.0,0.0,0.0,1.0,0.0,0.0,0.0,9.0,4.0,0.0,0.0,0.0,0.0,0.0,0.0,0.0,0.0,4.0,12.0,1.0,12.14,5.0200000000000005,2.5,1.5,0.0,0.0,0.0,361.2000000000001,0.0,-0.3,-0.3,0.0,-169.70000000000002,0.0,0.0,169.70000000000002,0.0,21.3,28.9,28.9,30.9,300.0,300.0,31.6,35.9,28.8,28.0,29.9,4.95,1.99,4.97,0.16,0.0,0.0,1027.0,8228.0,0.0,0.0,0.0,0.0,0.0,1.0,0.0,0.0,0.0,0.0,0.0,-0.4,0.0,0.0,0.0,0.0,16.0,25903.0
2026-07-30T19:04:02.576Z,412.059,412.074,0.0,7.4,0.0,0.0,0.0,0.0,0.0,0.0,0.0,0.0,1.0,0.0,0.0,0.0,9.0,4.0,0.0,0.0,0.0,0.0,0.0,0.0,0.0,0.0,5.0,12.0,1.0,12.14,5.0200000000000005,2.5,1.5,0.0,0.0,0.0,361.3,0.0,-0.3,-0.9,0.6000000000000001,-169.70000000000002,0.0,0.0,169.70000000000002,0.0,21.3,28.9,28.9,30.9,300.0,300.0,31.6,35.9,28.8,28.0,29.9,4.96,2.0,4.96,0.16,0.0,0.0,1027.0,8228.0,0.0,0.0,0.0,0.0,0.0,1.0,0.0,0.0,0.0,0.0,0.0,-0.5,0.0,-0.7000000000000001,0.0,0.0,16.0,25903.0
2026-07-30T19:04:02.588Z,412.071,412.086,0.0,7.4,0.0,0.0,0.0,0.0,0.0,0.0,0.0,0.0,1.0,0.0,0.0,0.0,9.0,4.0,0.0,0.0,0.0,0.0,0.0,0.0,0.0,0.0,6.0,12.0,1.0,12.14,5.0200000000000005,2.5,1.5,0.0,0.1,0.0,361.4,0.0,-0.3,0.2,0.0,-169.70000000000002,0.0,0.0,169.8,0.0,21.3,28.9,28.9,30.9,300.0,300.0,31.6,35.9,28.8,28.0,29.9,4.96,2.0,4.96,0.16,0.0,0.0,1027.0,8228.0,0.0,0.0,0.0,0.0,0.0,1.0,0.0,0.0,0.0,0.0,0.0,0.3,0.0,0.0,0.0,0.0,16.0,25903.0
2026-07-30T19:04:02.599Z,412.082,412.098,0.0,7.4,0.0,0.0,0.0,0.0,0.0,0.0,0.0,0.0,1.0,0.0,0.0,0.0,9.0,4.0,0.0,0.0,0.0,0.0,0.0,0.0,0.0,0.0,1.0,12.0,1.0,12.14,5.0200000000000005,2.5,1.5,0.0,0.0,0.0,361.3,0.0,0.2,1.4,1.8,-169.70000000000002,0.0,0.0,169.8,0.0,21.3,28.9,28.9,30.9,300.0,300.0,31.6,35.9,28.8,28.0,29.9,4.95,1.99,4.96,0.16,0.0,0.0,1027.0,8228.0,0.0,0.0,0.0,0.0,0.0,1.0,0.0,0.0,0.0,0.0,0.0,3.0,0.0,-1.3,0.0,0.0,16.0,25903.0
2026-07-30T19:04:02.611Z,412.094,412.11,0.0,7.4,0.0,0.0,0.0,0.0,0.0,0.0,0.0,0.0,1.0,0.0,0.0,0.0,9.0,4.0,0.0,0.0,0.0,0.0,0.0,0.0,0.0,0.0,3.0,12.0,1.0,12.14,5.0200000000000005,2.5,1.5,0.0,0.0,0.0,361.3,0.0,0.2,-0.2,-0.5,-169.70000000000002,0.0,0.0,169.70000000000002,0.0,21.3,28.9,28.9,30.9,300.0,300.0,31.6,35.9,28.8,28.0,29.9,4.95,1.99,4.97,0.16,0.0,0.0,1027.0,8228.0,0.0,0.0,0.0,0.0,0.0,1.0,0.0,0.0,0.0,0.0,0.0,-0.6000000000000001,0.0,0.4,0.0,0.0,16.0,25903.0
2026-07-30T19:04:02.623Z,412.106,412.122,0.0,7.4,0.0,0.0,0.0,0.0,0.0,0.0,0.0,0.0,1.0,0.0,0.0,0.0,9.0,4.0,0.0,0.0,0.0,0.0,0.0,0.0,0.0,0.0,4.0,12.0,1.0,12.14,5.0200000000000005,2.5,1.5,0.0,0.0,0.0,361.3,0.0,-0.3,0.8,0.0,-169.70000000000002,0.0,0.0,169.70000000000002,0.0,21.3,28.9,28.9,30.9,300.0,300.0,31.6,35.9,28.8,28.0,29.9,4.96,1.99,4.96,0.16,0.0,0.0,1027.0,8228.0,0.0,0.0,0.0,0.0,0.0,1.0,0.0,0.0,0.0,0.0,0.0,1.0,0.0,0.1,0.0,0.0,16.0,25903.0
2026-07-30T19:04:02.635Z,412.118,412.134,0.0,7.4,0.0,0.0,0.0,0.0,0.0,0.0,0.0,0.0,1.0,0.0,0.0,0.0,9.0,4.0,0.0,0.0,0.0,0.0,0.0,0.0,0.0,0.0,5.0,12.0,1.0,12.14,5.0200000000000005,2.5,1.5,0.0,0.1,0.0,361.2000000000001,0.0,0.2,0.2,0.0,-169.70000000000002,0.0,0.0,169.70000000000002,0.0,21.3,28.9,28.9,30.9,300.0,300.0,31.6,35.9,28.8,28.0,29.9,4.96,1.99,4.97,0.17,0.0,0.0,1027.0,8228.0,0.0,0.0,0.0,0.0,0.0,1.0,0.0,0.0,0.0,0.0,0.0,0.3,0.0,0.0,0.0,0.0,16.0,25903.0
2026-07-30T19:04:02.647Z,412.13,412.146,0.0,7.4,0.0,0.0,0.0,0.0,0.0,0.0,0.0,0.0,1.0,0.0,0.0,0.0,9.0,4.0,0.0,0.0,0.0,0.0,0.0,0.0,0.0,0.0,6.0,12.0,1.0,12.14,5.0200000000000005,2.5,1.5,0.0,0.0,0.0,361.3,0.0,0.3,0.2,0.0,-169.70000000000002,0.0,0.0,169.60000000000002,0.0,21.3,28.9,28.9,30.9,300.0,300.0,31.6,35.9,28.8,28.0,29.9,4.95,1.99,4.97,0.16,0.0,0.0,1027.0,8228.0,0.0,0.0,0.0,0.0,0.0,1.0,0.0,0.0,0.0,0.0,0.0,0.3,0.0,0.0,0.0,0.0,16.0,25903.0
2026-07-30T19:04:02.659Z,412.142,412.158,0.0,7.4,0.0,0.0,0.0,0.0,0.0,0.0,0.0,0.0,1.0,0.0,0.0,0.0,9.0,4.0,0.0,0.0,0.0,0.0,0.0,0.0,0.0,0.0,1.0,12.0,1.0,12.14,5.0200000000000005,2.5,1.5,0.0,0.0,0.0,361.3,0.0,-0.2,-0.3,1.1,-169.70000000000002,0.0,0.0,169.60000000000002,0.0,21.3,28.9,28.9,30.9,300.0,300.0,31.6,35.9,28.8,28.0,29.9,4.96,1.99,4.96,0.16,0.0,0.0,1027.0,8228.0,0.0,0.0,0.0,0.0,0.0,1.0,0.0,0.0,0.0,0.0,0.0,0.5,0.0,-1.0,0.0,0.0,16.0,25903.0
2026-07-30T19:04:02.671Z,412.154,412.17,0.0,7.4,0.0,0.0,0.0,0.0,0.0,0.0,0.0,0.0,1.0,0.0,0.0,0.0,9.0,4.0,0.0,0.0,0.0,0.0,0.0,0.0,0.0,0.0,2.0,12.0,1.0,12.15,5.0200000000000005,2.51,1.49,0.0,0.1,0.0,361.3,0.0,-0.2,-0.3,-1.2000000000000002,-169.70000000000002,0.0,0.0,169.70000000000002,0.0,21.700000000000003,28.9,28.9,30.9,300.0,300.0,31.700000000000003,35.9,28.8,28.0,29.9,4.95,1.99,4.96,0.16,0.0,0.0,1027.0,8228.0,0.0,0.0,0.0,0.0,0.0,1.0,0.0,0.0,0.0,0.0,0.0,-1.3,0.0,1.0,0.0,0.0,16.0,25903.0
2026-07-30T19:04:02.683Z,412.166,412.182,0.0,7.4,0.0,0.0,0.0,0.0,0.0,0.0,0.0,0.0,1.0,0.0,0.0,0.0,9.0,4.0,0.0,0.0,0.0,0.0,0.0,0.0,0.0,0.0,3.0,12.0,1.0,12.15,5.0200000000000005,2.51,1.49,0.0,0.0,0.0,361.3,0.0,0.8,0.2,0.4,-169.70000000000002,0.0,0.0,169.70000000000002,0.0,21.700000000000003,28.9,28.9,30.9,300.0,300.0,31.700000000000003,35.9,28.8,28.0,29.9,4.95,1.99,4.97,0.16,0.0,0.0,1027.0,8228.0,0.0,0.0,0.0,0.0,0.0,1.0,0.0,0.0,0.0,0.0,0.0,0.6000000000000001,0.0,-0.3,0.0,0.0,16.0,25903.0
2026-07-30T19:04:02.695Z,412.178,412.194,0.0,7.4,0.0,0.0,0.0,0.0,0.0,0.0,0.0,0.0,1.0,0.0,0.0,0.0,9.0,4.0,0.0,0.0,0.0,0.0,0.0,0.0,0.0,0.0,4.0,12.0,1.0,12.15,5.0200000000000005,2.51,1.49,0.0,0.0,0.0,361.2000000000001,0.0,-0.3,-0.3,-0.1,-169.70000000000002,0.0,0.0,169.70000000000002,0.0,21.700000000000003,28.9,28.9,30.9,300.0,300.0,31.700000000000003,35.9,28.8,28.0,29.9,4.96,1.99,4.97,0.16,0.0,0.0,1027.0,8228.0,0.0,0.0,0.0,0.0,0.0,1.0,0.0,0.0,0.0,0.0,0.0,-0.4,0.0,0.0,0.0,0.0,16.0,25903.0
2026-07-30T19:04:02.707Z,412.19,412.206,0.0,7.4,0.0,0.0,0.0,0.0,0.0,0.0,0.0,0.0,1.0,0.0,0.0,0.0,9.0,4.0,0.0,0.0,0.0,0.0,0.0,0.0,0.0,0.0,6.0,12.0,1.0,12.15,5.0200000000000005,2.51,1.49,0.0,0.0,0.0,361.3,0.0,0.2,-0.3,-1.2000000000000002,-169.70000000000002,0.0,0.0,169.70000000000002,0.0,21.700000000000003,28.9,28.9,30.9,300.0,300.0,31.700000000000003,35.9,28.8,28.0,29.9,4.96,1.99,4.96,0.16,0.0,0.0,1027.0,8228.0,0.0,0.0,0.0,0.0,0.0,1.0,0.0,0.0,0.0,0.0,0.0,-1.3,0.0,1.0,0.0,0.0,16.0,25903.0
2026-07-30T19:04:02.719Z,412.202,412.218,0.0,7.4,0.0,0.0,0.0,0.0,0.0,0.0,0.0,0.0,1.0,0.0,0.0,0.0,9.0,4.0,0.0,0.0,0.0,0.0,0.0,0.0,0.0,0.0,1.0,12.0,1.0,12.15,5.0200000000000005,2.51,1.49,0.0,0.0,0.0,361.3,0.0,-0.3,-0.3,0.0,-169.70000000000002,0.0,0.0,169.8,0.0,21.700000000000003,28.9,28.9,30.9,300.0,300.0,31.700000000000003,35.9,28.8,28.0,29.9,4.95,1.99,4.97,0.16,0.0,0.0,1027.0,8228.0,0.0,0.0,0.0,0.0,0.0,1.0,0.0,0.0,0.0,0.0,0.0,-0.4,0.0,0.0,0.0,0.0,16.0,25903.0
2026-07-30T19:04:02.731Z,412.214,412.23,0.0,7.4,0.0,0.0,0.0,0.0,0.0,0.0,0.0,0.0,1.0,0.0,0.0,0.0,9.0,4.0,0.0,0.0,0.0,0.0,0.0,0.0,0.0,0.0,2.0,12.0,1.0,12.15,5.0200000000000005,2.51,1.49,0.0,0.0,0.0,361.3,0.0,-0.3,0.1,0.0,-169.70000000000002,0.0,0.0,169.70000000000002,0.0,21.700000000000003,28.9,28.9,30.9,300.0,300.0,31.700000000000003,35.9,28.8,28.0,29.9,4.95,1.99,4.96,0.16,0.0,0.0,1027.0,8228.0,0.0,0.0,0.0,0.0,0.0,1.0,0.0,0.0,0.0,0.0,0.0,0.1,0.0,0.1,0.0,0.0,16.0,25903.0
2026-07-30T19:04:02.743Z,412.226,412.242,0.0,7.4,0.0,0.0,0.0,0.0,0.0,0.0,0.0,0.0,1.0,0.0,0.0,0.0,9.0,4.0,0.0,0.0,0.0,0.0,0.0,0.0,0.0,0.0,4.0,12.0,1.0,12.15,5.0200000000000005,2.51,1.49,0.0,0.0,0.0,361.4,0.0,-1.5,-0.3,-1.2000000000000002,-169.70000000000002,0.0,0.0,169.8,0.0,21.700000000000003,28.9,28.9,30.9,300.0,300.0,31.700000000000003,35.9,28.8,28.0,29.9,4.96,1.99,4.96,0.16,0.0,0.0,1027.0,8228.0,0.0,0.0,0.0,0.0,0.0,1.0,0.0,0.0,0.0,0.0,0.0,0.1,0.0,0.1,0.0,0.0,16.0,25903.0
2026-07-30T19:04:02.755Z,412.238,412.254,0.0,7.4,0.0,0.0,0.0,0.0,0.0,0.0,0.0,0.0,1.0,0.0,0.0,0.0,9.0,4.0,0.0,0.0,0.0,0.0,0.0,0.0,0.0,0.0,5.0,12.0,1.0,12.15,5.0200000000000005,2.51,1.49,0.0,0.0,0.0,361.3,0.0,0.2,0.7000000000000001,1.0,-169.70000000000002,0.0,0.0,169.70000000000002,0.0,21.700000000000003,28.9,28.9,30.9,300.0,300.0,31.700000000000003,35.9,28.8,28.0,29.9,4.96,1.99,4.96,0.16,0.0,0.0,1027.0,8228.0,0.0,0.0,0.0,0.0,0.0,1.0,0.0,0.0,0.0,0.0,0.0,0.1,0.0,0.1,0.0,0.0,16.0,25903.0
2026-07-30T19:04:02.768Z,412.251,412.266,0.0,7.4,0.0,0.0,0.0,0.0,0.0,0.0,0.0,0.0,1.0,0.0,0.0,0.0,9.0,4.0,0.0,0.0,0.0,0.0,0.0,0.0,0.0,0.0,1.0,12.0,1.0,12.19,5.01,2.51,1.49,0.0,0.0,0.0,361.3,0.0,0.2,0.2,1.1,-169.70000000000002,0.0,0.0,169.8,0.0,21.3,28.9,28.9,30.9,300.0,300.0,31.700000000000003,35.9,28.8,28.0,29.9,4.95,1.99,4.96,0.16,0.0,0.0,1027.0,8228.0,0.0,0.0,0.0,0.0,0.0,1.0,0.0,0.0,0.0,0.0,0.0,0.6000000000000001,0.0,-0.4,0.0,0.0,16.0,25903.0
2026-07-30T19:04:02.779Z,412.262,412.278,0.0,7.4,0.0,0.0,0.0,0.0,0.0,0.0,0.0,0.0,1.0,0.0,0.0,0.0,9.0,4.0,0.0,0.0,0.0,0.0,0.0,0.0,0.0,0.0,2.0,12.0,1.0,12.19,5.01,2.51,1.49,0.0,0.0,0.0,361.3,0.0,0.2,-0.3,0.5,-169.70000000000002,0.0,0.0,169.70000000000002,0.0,21.3,28.9,28.9,30.9,300.0,300.0,31.700000000000003,35.9,28.8,28.0,29.9,4.95,2.0,4.96,0.16,0.0,0.0,1027.0,8228.0,0.0,0.0,0.0,0.0,0.0,1.0,0.0,0.0,0.0,0.0,0.0,0.0,0.0,-0.5,0.0,0.0,16.0,25903.0
2026-07-30T19:04:02.791Z,412.274,412.29,0.0,7.4,0.0,0.0,0.0,0.0,0.0,0.0,0.0,0.0,1.0,0.0,0.0,0.0,9.0,4.0,0.0,0.0,0.0,0.0,0.0,0.0,0.0,0.0,4.0,12.0,1.0,12.19,5.01,2.51,1.49,0.0,0.0,0.0,361.4,0.0,0.2,-0.3,0.5,-169.70000000000002,0.0,0.0,169.70000000000002,0.0,21.3,28.9,28.9,30.9,300.0,300.0,31.700000000000003,35.9,28.8,28.0,29.9,4.95,1.99,4.96,0.16,0.0,0.0,1027.0,8228.0,0.0,0.0,0.0,0.0,0.0,1.0,0.0,0.0,0.0,0.0,0.0,0.0,0.0,-0.5,0.0,0.0,16.0,25903.0
2026-07-30T19:04:02.803Z,412.286,412.302,0.0,7.4,0.0,0.0,0.0,0.0,0.0,0.0,0.0,0.0,1.0,0.0,0.0,0.0,9.0,4.0,0.0,0.0,0.0,0.0,0.0,0.0,0.0,0.0,5.0,12.0,1.0,12.19,5.01,2.51,1.49,0.0,0.0,0.0,361.3,0.0,-0.8,-0.3,-0.6000000000000001,-169.70000000000002,0.0,0.0,169.70000000000002,0.0,21.3,28.9,28.9,30.9,300.0,300.0,31.700000000000003,35.9,28.8,28.0,29.9,4.95,1.99,4.97,0.16,0.0,0.0,1027.0,8228.0,0.0,0.0,0.0,0.0,0.0,1.0,0.0,0.0,0.0,0.0,0.0,-0.9,0.0,0.4,0.0,0.0,16.0,25903.0
2026-07-30T19:04:02.815Z,412.298,412.314,0.0,7.4,0.0,0.0,0.0,0.0,0.0,0.0,0.0,0.0,1.0,0.0,0.0,0.0,9.0,4.0,0.0,0.0,0.0,0.0,0.0,0.0,0.0,0.0,6.0,12.0,1.0,12.19,5.01,2.51,1.49,0.0,0.0,0.0,361.3,0.0,-0.9,-0.9,-1.2000000000000002,-169.70000000000002,0.0,0.0,169.70000000000002,0.0,21.3,28.9,28.9,30.9,300.0,300.0,31.700000000000003,35.9,28.8,28.0,29.9,4.96,1.99,4.96,0.16,0.0,0.0,1027.0,8228.0,0.0,0.0,0.0,0.0,0.0,1.0,0.0,0.0,0.0,0.0,0.0,-2.0,0.0,0.8,0.0,0.0,16.0,25903.0
2026-07-30T19:04:02.827Z,412.31,412.326,0.0,7.4,0.0,0.0,0.0,0.0,0.0,0.0,0.0,0.0,1.0,0.0,0.0,0.0,9.0,4.0,0.0,0.0,0.0,0.0,0.0,0.0,0.0,0.0,1.0,12.0,1.0,12.19,5.01,2.51,1.49,0.0,0.1,0.0,361.3,0.0,0.2,1.3,0.0,-169.70000000000002,0.0,0.0,169.70000000000002,0.0,21.3,28.9,28.9,30.9,300.0,300.0,31.700000000000003,35.9,28.8,28.0,29.9,4.96,1.99,4.97,0.16,0.0,0.0,1027.0,8228.0,0.0,0.0,0.0,0.0,0.0,1.0,0.0,0.0,0.0,0.0,0.0,1.4,0.0,0.3,0.0,0.0,16.0,25903.0
2026-07-30T19:04:02.839Z,412.322,412.338,0.0,7.4,0.0,0.0,0.0,0.0,0.0,0.0,0.0,0.0,1.0,0.0,0.0,0.0,9.0,4.0,0.0,0.0,0.0,0.0,0.0,0.0,0.0,0.0,3.0,12.0,1.0,12.19,5.01,2.51,1.49,0.0,0.0,0.0,361.3,0.0,0.8,1.2000000000000002,0.0,-169.70000000000002,0.0,0.0,169.70000000000002,0.0,21.3,28.9,28.9,30.9,300.0,300.0,31.700000000000003,35.9,28.8,28.0,29.9,4.96,1.99,4.97,0.16,0.0,0.0,1027.0,8228.0,0.0,0.0,0.0,0.0,0.0,1.0,0.0,0.0,0.0,0.0,0.0,1.4,0.0,0.3,0.0,0.0,16.0,25903.0
2026-07-30T19:04:02.851Z,412.334,412.35,0.0,7.4,0.0,0.0,0.0,0.0,0.0,0.0,0.0,0.0,1.0,0.0,0.0,0.0,9.0,4.0,0.0,0.0,0.0,0.0,0.0,0.0,0.0,0.0,4.0,12.0,1.0,12.19,5.01,2.51,1.49,0.0,0.0,0.0,361.3,0.0,0.1,1.3,0.5,-169.70000000000002,0.0,0.0,169.60000000000002,0.0,21.3,28.9,28.9,30.9,300.0,300.0,31.700000000000003,35.9,28.8,28.0,29.9,4.95,1.99,4.97,0.16,0.0,0.0,1027.0,8228.0,0.0,0.0,0.0,0.0,0.0,1.0,0.0,0.0,0.0,0.0,0.0,1.8,0.0,-0.1,0.0,0.0,16.0,25903.0
2026-07-30T19:04:02.863Z,412.346,412.362,0.0,7.4,0.0,0.0,0.0,0.0,0.0,0.0,0.0,0.0,1.0,0.0,0.0,0.0,9.0,4.0,0.0,0.0,0.0,0.0,0.0,0.0,0.0,0.0,5.0,12.0,1.0,12.19,5.01,2.51,1.49,0.0,0.0,0.0,361.3,0.0,-0.3,-1.1,-1.2000000000000002,-169.70000000000002,0.0,0.0,169.70000000000002,0.0,21.3,28.9,28.9,30.9,300.0,300.0,31.700000000000003,35.9,28.8,28.0,29.9,4.96,1.99,4.96,0.16,0.0,0.0,1027.0,8228.0,0.0,0.0,0.0,0.0,0.0,1.0,0.0,0.0,0.0,0.0,0.0,-2.1,0.0,0.8,0.0,0.0,16.0,25903.0
2026-07-30T19:04:02.875Z,412.358,412.374,0.0,7.4,0.0,0.0,0.0,0.0,0.0,0.0,0.0,0.0,1.0,0.0,0.0,0.0,9.0,4.0,0.0,0.0,0.0,0.0,0.0,0.0,0.0,0.0,6.0,12.0,1.0,12.17,5.01,2.51,1.49,-0.1,0.1,0.0,361.3,0.0,0.2,0.6000000000000001,0.0,-169.70000000000002,0.0,0.0,169.8,0.0,21.700000000000003,28.9,28.9,30.9,300.0,300.0,31.8,35.9,28.9,28.0,29.9,4.96,1.99,4.97,0.16,0.0,0.0,1027.0,8228.0,0.0,0.0,0.0,0.0,0.0,1.0,0.0,0.0,0.0,0.0,0.0,0.6000000000000001,0.0,0.1,0.0,0.0,16.0,25903.0
2026-07-30T19:04:02.887Z,412.37,412.386,0.0,7.4,0.0,0.0,0.0,0.0,0.0,0.0,0.0,0.0,1.0,0.0,0.0,0.0,9.0,4.0,0.0,0.0,0.0,0.0,0.0,0.0,0.0,0.0,1.0,12.0,1.0,12.17,5.01,2.51,1.49,0.0,0.0,0.0,361.3,0.0,-0.3,0.0,1.1,-169.70000000000002,0.0,0.0,169.8,0.0,21.700000000000003,28.9,28.9,30.9,300.0,300.0,31.8,35.9,28.9,28.0,29.9,4.95,1.99,4.97,0.16,0.0,0.0,1027.0,8228.0,0.0,0.0,0.0,0.0,0.0,1.0,0.0,0.0,0.0,0.0,0.0,0.9,0.0,-0.9,0.0,0.0,16.0,25903.0
2026-07-30T19:04:02.899Z,412.382,412.398,0.0,7.4,0.0,0.0,0.0,0.0,0.0,0.0,0.0,0.0,1.0,0.0,0.0,0.0,9.0,4.0,0.0,0.0,0.0,0.0,0.0,0.0,0.0,0.0,3.0,12.0,1.0,12.17,5.01,2.51,1.49,0.0,0.0,0.0,361.3,0.0,-0.3,-0.5,-0.6000000000000001,-169.70000000000002,0.0,0.0,169.8,0.0,21.700000000000003,28.9,28.9,30.9,300.0,300.0,31.8,35.9,28.9,28.0,29.9,4.96,1.99,4.97,0.16,0.0,0.0,1027.0,8228.0,0.0,0.0,0.0,0.0,0.0,1.0,0.0,0.0,0.0,0.0,0.0,-1.0,0.0,0.4,0.0,0.0,16.0,25903.0
2026-07-30T19:04:02.911Z,412.394,412.41,0.0,7.4,0.0,0.0,0.0,0.0,0.0,0.0,0.0,0.0,1.0,0.0,0.0,0.0,9.0,4.0,0.0,0.0,0.0,0.0,0.0,0.0,0.0,0.0,4.0,12.0,1.0,12.17,5.01,2.51,1.49,0.0,0.0,0.0,361.3,0.0,-0.3,0.0,0.0,-169.70000000000002,0.0,0.0,169.70000000000002,0.0,21.700000000000003,28.9,28.9,30.9,300.0,300.0,31.8,35.9,28.9,28.0,29.9,4.95,1.99,4.96,0.16,0.0,0.0,1027.0,8228.0,0.0,0.0,0.0,0.0,0.0,1.0,0.0,0.0,0.0,0.0,0.0,0.0,0.0,0.0,0.0,0.0,16.0,25903.0
2026-07-30T19:04:02.923Z,412.406,412.422,0.0,7.4,0.0,0.0,0.0,0.0,0.0,0.0,0.0,0.0,1.0,0.0,0.0,0.0,9.0,4.0,0.0,0.0,0.0,0.0,0.0,0.0,0.0,0.0,6.0,12.0,1.0,12.17,5.01,2.51,1.49,0.0,0.0,0.0,361.3,0.0,-0.3,0.0,-1.1,-169.70000000000002,0.0,0.0,169.60000000000002,0.0,21.700000000000003,28.9,28.9,30.9,300.0,300.0,31.8,35.9,28.9,28.0,29.9,4.95,1.99,4.97,0.15,0.0,0.0,1027.0,8228.0,0.0,0.0,0.0,0.0,0.0,1.0,0.0,0.0,0.0,0.0,0.0,-0.8,0.0,1.0,0.0,0.0,16.0,25903.0
2026-07-30T19:04:02.935Z,412.418,412.434,0.0,7.4,0.0,0.0,0.0,0.0,0.0,0.0,0.0,0.0,1.0,0.0,0.0,0.0,9.0,4.0,0.0,0.0,0.0,0.0,0.0,0.0,0.0,0.0,1.0,12.0,1.0,12.17,5.01,2.51,1.49,0.0,0.0,0.0,361.3,0.0,-0.3,-0.5,0.0,-169.70000000000002,0.0,0.0,169.70000000000002,0.0,21.700000000000003,28.9,28.9,30.9,300.0,300.0,31.8,35.9,28.9,28.0,29.9,4.95,1.99,4.97,0.16,0.0,0.0,1027.0,8228.0,0.0,0.0,0.0,0.0,0.0,1.0,0.0,0.0,0.0,0.0,0.0,-0.6000000000000001,0.0,-0.1,0.0,0.0,16.0,25903.0
2026-07-30T19:04:02.947Z,412.43,412.446,0.0,7.4,0.0,0.0,0.0,0.0,0.0,0.0,0.0,0.0,1.0,0.0,0.0,0.0,9.0,4.0,0.0,0.0,0.0,0.0,0.0,0.0,0.0,0.0,2.0,12.0,1.0,12.17,5.01,2.51,1.49,0.0,0.0,0.0,361.4,0.0,0.1,-0.5,0.6000000000000001,-169.70000000000002,0.0,0.0,169.70000000000002,0.0,21.700000000000003,28.9,28.9,30.9,300.0,300.0,31.8,35.9,28.9,28.0,29.9,4.96,1.99,4.96,0.16,0.0,0.0,1027.0,8228.0,0.0,0.0,0.0,0.0,0.0,1.0,0.0,0.0,0.0,0.0,0.0,-0.1,0.0,-0.6000000000000001,0.0,0.0,16.0,25903.0
2026-07-30T19:04:02.960Z,412.443,412.458,0.0,7.4,0.0,0.0,0.0,0.0,0.0,0.0,0.0,0.0,1.0,0.0,0.0,0.0,9.0,4.0,0.0,0.0,0.0,0.0,0.0,0.0,0.0,0.0,3.0,12.0,1.0,12.17,5.01,2.51,1.49,0.0,0.0,0.0,361.3,0.0,-0.9,-0.5,-0.5,-169.70000000000002,0.0,0.0,169.70000000000002,0.0,21.700000000000003,28.9,28.9,30.9,300.0,300.0,31.8,35.9,28.9,28.0,29.9,4.95,2.0,4.97,0.16,0.0,0.0,1027.0,8228.0,0.0,0.0,0.0,0.0,0.0,1.0,0.0,0.0,0.0,0.0,0.0,-1.0,0.0,0.3,0.0,0.0,16.0,25903.0
2026-07-30T19:04:02.972Z,412.455,412.47,0.0,7.4,0.0,0.0,0.0,0.0,0.0,0.0,0.0,0.0,1.0,0.0,0.0,0.0,9.0,4.0,0.0,0.0,0.0,0.0,0.0,0.0,0.0,0.0,4.0,12.0,1.0,12.17,5.01,2.5,1.49,0.0,0.0,0.0,361.4,0.0,0.1,1.2000000000000002,0.6000000000000001,-169.70000000000002,0.0,0.0,169.70000000000002,0.0,21.0,28.9,28.9,30.9,300.0,300.0,31.700000000000003,35.9,28.9,28.0,29.9,4.95,1.99,4.97,0.16,0.0,0.0,1027.0,8228.0,0.0,0.0,0.0,0.0,0.0,1.0,0.0,0.0,0.0,0.0,0.0,1.8,0.0,-0.3,0.0,0.0,16.0,25903.0
2026-07-30T19:04:02.983Z,412.466,412.482,0.0,7.4,0.0,0.0,0.0,0.0,0.0,0.0,0.0,0.0,1.0,0.0,0.0,0.0,9.0,4.0,0.0,0.0,0.0,0.0,0.0,0.0,0.0,0.0,5.0,12.0,1.0,12.17,5.01,2.5,1.49,0.0,0.1,0.0,361.3,0.0,-0.9,0.6000000000000001,0.6000000000000001,-169.70000000000002,0.0,0.0,169.70000000000002,0.0,21.0,28.9,28.9,30.9,300.0,300.0,31.700000000000003,35.9,28.9,28.0,29.9,4.96,2.0,4.97,0.16,0.0,0.0,1027.0,8228.0,0.0,0.0,0.0,0.0,0.0,1.0,0.0,0.0,0.0,0.0,0.0,1.1,0.0,-0.4,0.0,0.0,16.0,25903.0
2026-07-30T19:04:02.995Z,412.478,412.494,0.0,7.4,0.0,0.0,0.0,0.0,0.0,0.0,0.0,0.0,1.0,0.0,0.0,0.0,9.0,4.0,0.0,0.0,0.0,0.0,0.0,0.0,0.0,0.0,6.0,12.0,1.0,12.17,5.01,2.5,1.49,0.0,0.1,0.0,361.3,0.0,-0.4,-0.5,-0.5,-169.70000000000002,0.0,0.0,169.8,0.0,21.0,28.9,28.9,30.9,300.0,300.0,31.700000000000003,35.9,28.9,28.0,29.9,4.95,2.0,4.96,0.16,0.0,0.0,1027.0,8228.0,0.0,0.0,0.0,0.0,0.0,1.0,0.0,0.0,0.0,0.0,0.0,-1.0,0.0,0.3,0.0,0.0,16.0,25903.0
2026-07-30T19:04:03.007Z,412.49,412.506,0.0,7.4,0.0,0.0,0.0,0.0,0.0,0.0,0.0,0.0,1.0,0.0,0.0,0.0,9.0,4.0,0.0,0.0,0.0,0.0,0.0,0.0,0.0,0.0,2.0,12.0,1.0,12.17,5.01,2.5,1.49,0.0,0.0,0.0,361.3,0.0,-0.3,-0.5,1.7000000000000002,-169.70000000000002,0.0,0.0,169.70000000000002,0.0,21.0,28.9,28.9,30.9,300.0,300.0,31.700000000000003,35.9,28.9,28.0,29.9,4.95,1.99,4.97,0.16,0.0,0.0,1027.0,8228.0,0.0,0.0,0.0,0.0,0.0,1.0,0.0,0.0,0.0,0.0,0.0,0.7000000000000001,0.0,-1.7000000000000002,0.0,0.0,16.0,25903.0
2026-07-30T19:04:03.019Z,412.502,412.518,0.0,7.4,0.0,0.0,0.0,0.0,0.0,0.0,0.0,0.0,1.0,0.0,0.0,0.0,9.0,4.0,0.0,0.0,0.0,0.0,0.0,0.0,0.0,0.0,3.0,12.0,1.0,12.17,5.01,2.5,1.49,0.0,0.0,0.0,361.3,0.0,-0.9,0.6000000000000001,0.0,-169.70000000000002,0.0,0.0,169.70000000000002,0.0,21.0,28.9,28.9,30.9,300.0,300.0,31.700000000000003,35.9,28.9,28.0,29.9,4.95,2.0,4.96,0.16,0.0,0.0,1027.0,8228.0,0.0,0.0,0.0,0.0,0.0,1.0,0.0,0.0,0.0,0.0,0.0,0.7000000000000001,0.0,0.1,0.0,0.0,16.0,25903.0
2026-07-30T19:04:03.031Z,412.514,412.53,0.0,7.4,0.0,0.0,0.0,0.0,0.0,0.0,0.0,0.0,1.0,0.0,0.0,0.0,9.0,4.0,0.0,0.0,0.0,0.0,0.0,0.0,0.0,0.0,4.0,12.0,1.0,12.17,5.01,2.5,1.49,0.0,0.1,0.0,361.3,0.0,-0.9,-0.5,-0.6000000000000001,-169.70000000000002,0.0,0.0,169.60000000000002,0.0,21.0,28.9,28.9,30.9,300.0,300.0,31.700000000000003,35.9,28.9,28.0,29.9,4.96,1.99,4.96,0.16,0.0,0.0,1027.0,8228.0,0.0,0.0,0.0,0.0,0.0,1.0,0.0,0.0,0.0,0.0,0.0,-1.0,0.0,0.4,0.0,0.0,16.0,25903.0
2026-07-30T19:04:03.043Z,412.526,412.542,0.0,7.4,0.0,0.0,0.0,0.0,0.0,0.0,0.0,0.0,1.0,0.0,0.0,0.0,9.0,4.0,0.0,0.0,0.0,0.0,0.0,0.0,0.0,0.0,5.0,12.0,1.0,12.17,5.01,2.5,1.49,0.0,0.0,0.0,361.3,0.0,0.1,0.0,-0.6000000000000001,-169.70000000000002,0.0,0.0,169.70000000000002,0.0,21.0,28.9,28.9,30.9,300.0,300.0,31.700000000000003,35.9,28.9,28.0,29.9,4.95,1.99,4.97,0.16,0.0,0.0,1027.0,8228.0,0.0,0.0,0.0,0.0,0.0,1.0,0.0,0.0,0.0,0.0,0.0,-0.4,0.0,0.5,0.0,0.0,16.0,25903.0
2026-07-30T19:04:03.055Z,412.538,412.554,0.0,7.4,0.0,0.0,0.0,0.0,0.0,0.0,0.0,0.0,1.0,0.0,0.0,0.0,9.0,4.0,0.0,0.0,0.0,0.0,0.0,0.0,0.0,0.0,6.0,12.0,1.0,12.17,5.01,2.5,1.49,0.0,0.1,0.0,361.3,0.0,1.4,-0.4,0.5,-169.70000000000002,0.0,0.0,169.60000000000002,0.0,21.0,28.9,28.9,30.9,300.0,300.0,31.700000000000003,35.9,28.9,28.0,29.9,4.96,1.99,4.96,0.16,0.0,0.0,1027.0,8228.0,0.0,0.0,0.0,0.0,0.0,1.0,0.0,0.0,0.0,0.0,0.0,-0.1,0.0,-0.5,0.0,0.0,16.0,25903.0
2026-07-30T19:04:03.067Z,412.55,412.566,0.0,7.4,0.0,0.0,0.0,0.0,0.0,0.0,0.0,0.0,1.0,0.0,0.0,0.0,9.0,4.0,0.0,0.0,0.0,0.0,0.0,0.0,0.0,0.0,1.0,12.0,1.0,12.17,5.01,2.5,1.49,0.0,0.0,0.0,361.3,0.0,-0.3,0.0,0.0,-169.70000000000002,0.0,0.0,169.70000000000002,0.0,21.0,28.9,28.9,30.9,300.0,300.0,31.700000000000003,35.9,28.9,28.0,29.9,4.96,2.0,4.96,0.16,0.0,0.0,1027.0,8228.0,0.0,0.0,0.0,0.0,0.0,1.0,0.0,0.0,0.0,0.0,0.0,0.0,0.0,0.0,0.0,0.0,16.0,25903.0
2026-07-30T19:04:03.079Z,412.562,412.578,0.0,7.4,0.0,0.0,0.0,0.0,0.0,0.0,0.0,0.0,1.0,0.0,0.0,0.0,9.0,4.0,0.0,0.0,0.0,0.0,0.0,0.0,0.0,0.0,3.0,12.0,1.0,12.15,5.01,2.51,1.49,0.0,0.0,0.0,361.3,0.0,-0.3,0.0,-0.6000000000000001,-169.70000000000002,0.0,0.0,169.70000000000002,0.0,21.9,28.9,28.9,30.9,300.0,300.0,31.700000000000003,35.9,28.8,28.0,29.9,4.95,1.99,4.96,0.16,0.0,0.0,1027.0,8228.0,0.0,0.0,0.0,0.0,0.0,1.0,0.0,0.0,0.0,0.0,0.0,-0.4,0.0,0.5,0.0,0.0,16.0,25903.0
2026-07-30T19:04:03.091Z,412.574,412.59,0.0,7.4,0.0,0.0,0.0,0.0,0.0,0.0,0.0,0.0,1.0,0.0,0.0,0.0,9.0,4.0,0.0,0.0,0.0,0.0,0.0,0.0,0.0,0.0,4.0,12.0,1.0,12.15,5.01,2.51,1.49,0.0,0.1,0.0,361.3,0.0,-0.3,0.6000000000000001,1.7000000000000002,-169.70000000000002,0.0,0.0,169.70000000000002,0.0,21.9,28.9,28.9,30.9,300.0,300.0,31.700000000000003,35.9,28.8,28.0,29.9,4.95,1.99,4.97,0.16,0.0,0.0,1027.0,8228.0,0.0,0.0,0.0,0.0,0.0,1.0,0.0,0.0,0.0,0.0,0.0,2.0,0.0,-1.3,0.0,0.0,16.0,25903.0
2026-07-30T19:04:03.103Z,412.586,412.602,0.0,7.4,0.0,0.0,0.0,0.0,0.0,0.0,0.0,0.0,1.0,0.0,0.0,0.0,9.0,4.0,0.0,0.0,0.0,0.0,0.0,0.0,0.0,0.0,5.0,12.0,1.0,12.15,5.01,2.51,1.49,0.0,0.1,0.0,361.3,0.0,0.2,-0.5,-0.6000000000000001,-169.70000000000002,0.0,0.0,169.70000000000002,0.0,21.9,28.9,28.9,30.9,300.0,300.0,31.700000000000003,35.9,28.8,28.0,29.9,4.96,1.99,4.96,0.16,0.0,0.0,1027.0,8228.0,0.0,0.0,0.0,0.0,0.0,1.0,0.0,0.0,0.0,0.0,0.0,-1.0,0.0,0.4,0.0,0.0,16.0,25903.0
2026-07-30T19:04:03.115Z,412.598,412.614,0.0,7.4,0.0,0.0,0.0,0.0,0.0,0.0,0.0,0.0,1.0,0.0,0.0,0.0,9.0,4.0,0.0,0.0,0.0,0.0,0.0,0.0,0.0,0.0,6.0,12.0,1.0,12.15,5.01,2.51,1.49,0.0,0.0,0.0,361.3,0.0,-0.3,0.0,-1.2000000000000002,-169.70000000000002,0.0,0.0,169.70000000000002,0.0,21.9,28.9,28.9,30.9,300.0,300.0,31.700000000000003,35.9,28.8,28.0,29.9,4.96,1.99,4.97,0.16,0.0,0.0,1027.0,8228.0,0.0,0.0,0.0,0.0,0.0,1.0,0.0,0.0,0.0,0.0,0.0,-0.9,0.0,1.1,0.0,0.0,16.0,25903.0
2026-07-30T19:04:03.127Z,412.61,412.626,0.0,7.4,0.0,0.0,0.0,0.0,0.0,0.0,0.0,0.0,1.0,0.0,0.0,0.0,9.0,4.0,0.0,0.0,0.0,0.0,0.0,0.0,0.0,0.0,1.0,12.0,1.0,12.15,5.01,2.51,1.49,0.0,0.0,0.0,361.3,0.0,-0.3,0.6000000000000001,-0.1,-169.70000000000002,0.0,0.0,169.8,0.0,21.9,28.9,28.9,30.9,300.0,300.0,31.700000000000003,35.9,28.8,28.0,29.9,4.95,1.99,4.97,0.16,0.0,0.0,1027.0,8228.0,0.0,0.0,0.0,0.0,0.0,1.0,0.0,0.0,0.0,0.0,0.0,0.6000000000000001,0.0,0.2,0.0,0.0,16.0,25903.0
2026-07-30T19:04:03.139Z,412.622,412.638,0.0,7.4,0.0,0.0,0.0,0.0,0.0,0.0,0.0,0.0,1.0,0.0,0.0,0.0,9.0,4.0,0.0,0.0,0.0,0.0,0.0,0.0,0.0,0.0,2.0,12.0,1.0,12.15,5.01,2.51,1.49,0.0,0.0,0.0,361.3,0.0,0.2,0.0,1.1,-169.70000000000002,0.0,0.0,169.70000000000002,0.0,21.9,28.9,28.9,30.9,300.0,300.0,31.700000000000003,35.9,28.8,28.0,29.9,4.96,1.99,4.96,0.16,0.0,0.0,1027.0,8228.0,0.0,0.0,0.0,0.0,0.0,1.0,0.0,0.0,0.0,0.0,0.0,0.8,0.0,-0.9,0.0,0.0,16.0,25903.0
2026-07-30T19:04:03.151Z,412.634,412.65,0.0,7.4,0.0,0.0,0.0,0.0,0.0,0.0,0.0,0.0,1.0,0.0,0.0,0.0,9.0,4.0,0.0,0.0,0.0,0.0,0.0,0.0,0.0,0.0,3.0,12.0,1.0,12.15,5.01,2.51,1.49,0.0,0.0,0.0,361.3,0.0,-0.8,-1.1,-0.1,-169.70000000000002,0.0,0.0,169.70000000000002,0.0,21.9,28.9,28.9,30.9,300.0,300.0,31.700000000000003,35.9,28.8,28.0,29.9,4.95,1.99,4.96,0.16,0.0,0.0,1027.0,8228.0,0.0,0.0,0.0,0.0,0.0,1.0,0.0,0.0,0.0,0.0,0.0,-1.4,0.0,0.0,0.0,0.0,16.0,25903.0
2026-07-30T19:04:03.163Z,412.646,412.662,0.0,7.4,0.0,0.0,0.0,0.0,0.0,0.0,0.0,0.0,1.0,0.0,0.0,0.0,9.0,4.0,0.0,0.0,0.0,0.0,0.0,0.0,0.0,0.0,5.0,12.0,1.0,12.15,5.01,2.51,1.49,0.0,0.0,0.0,361.4,0.0,0.3,1.2000000000000002,-1.3,-169.60000000000002,0.0,0.0,169.60000000000002,0.0,21.9,28.9,28.9,30.9,300.0,300.0,31.700000000000003,35.9,28.8,28.0,29.9,4.95,1.99,4.97,0.16,0.0,0.0,1027.0,8228.0,0.0,0.0,0.0,0.0,0.0,1.0,0.0,0.0,0.0,0.0,0.0,0.3,0.0,1.4,0.0,0.0,16.0,25903.0
2026-07-30T19:04:03.176Z,412.659,412.674,0.0,7.4,0.0,0.0,0.0,0.0,0.0,0.0,0.0,0.0,1.0,0.0,0.0,0.0,9.0,4.0,0.0,0.0,0.0,0.0,0.0,0.0,0.0,0.0,6.0,12.0,1.0,12.18,5.0200000000000005,2.51,1.49,0.0,0.0,0.0,361.4,0.0,0.8,-0.5,-0.1,-169.60000000000002,0.0,0.0,169.70000000000002,0.0,21.700000000000003,28.9,28.9,30.9,300.0,300.0,31.700000000000003,35.9,28.9,28.0,29.9,4.95,1.99,4.97,0.16,0.0,0.0,1027.0,8228.0,0.0,0.0,0.0,0.0,0.0,1.0,0.0,0.0,0.0,0.0,0.0,-0.7000000000000001,0.0,0.0,0.0,0.0,16.0,25903.0
2026-07-30T19:04:03.187Z,412.67,412.686,0.0,7.4,0.0,0.0,0.0,0.0,0.0,0.0,0.0,0.0,1.0,0.0,0.0,0.0,9.0,4.0,0.0,0.0,0.0,0.0,0.0,0.0,0.0,0.0,1.0,12.0,1.0,12.18,5.0200000000000005,2.51,1.49,0.0,0.0,0.0,361.3,0.0,0.2,1.2000000000000002,-0.1,-169.60000000000002,0.0,0.0,169.70000000000002,0.0,21.700000000000003,28.9,28.9,30.9,300.0,300.0,31.700000000000003,35.9,28.9,28.0,29.9,4.96,1.99,4.96,0.16,0.0,0.0,1027.0,8228.0,0.0,0.0,0.0,0.0,0.0,1.0,0.0,0.0,0.0,0.0,0.0,1.2000000000000002,0.0,0.4,0.0,0.0,16.0,25903.0
2026-07-30T19:04:03.199Z,412.682,412.698,0.0,7.4,0.0,0.0,0.0,0.0,0.0,0.0,0.0,0.0,1.0,0.0,0.0,0.0,9.0,4.0,0.0,0.0,0.0,0.0,0.0,0.0,0.0,0.0,3.0,12.0,1.0,12.18,5.0200000000000005,2.51,1.49,0.0,0.0,0.0,361.4,0.0,0.2,-1.1,0.9,-169.60000000000002,0.0,0.0,169.8,0.0,21.700000000000003,28.9,28.9,30.9,300.0,300.0,31.700000000000003,35.9,28.9,28.0,29.9,4.95,1.99,4.97,0.16,0.0,0.0,1027.0,8228.0,0.0,0.0,0.0,0.0,0.0,1.0,0.0,0.0,0.0,0.0,0.0,-0.5,0.0,-1.0,0.0,0.0,16.0,25903.0
2026-07-30T19:04:03.211Z,412.694,412.71,0.0,7.4,0.0,0.0,0.0,0.0,0.0,0.0,0.0,0.0,1.0,0.0,0.0,0.0,9.0,4.0,0.0,0.0,0.0,0.0,0.0,0.0,0.0,0.0,4.0,12.0,1.0,12.18,5.0200000000000005,2.51,1.49,0.0,0.0,0.0,361.3,0.0,-0.3,0.6000000000000001,1.5,-169.70000000000002,0.0,0.0,169.8,0.0,21.700000000000003,28.9,28.9,30.9,300.0,300.0,31.700000000000003,35.9,28.9,28.0,29.9,4.95,1.99,4.96,0.16,0.0,0.0,1027.0,8228.0,0.0,0.0,0.0,0.0,0.0,1.0,0.0,0.0,0.0,0.0,0.0,1.8,0.0,-1.2000000000000002,0.0,0.0,16.0,25903.0
2026-07-30T19:04:03.223Z,412.706,412.722,0.0,7.4,0.0,0.0,0.0,0.0,0.0,0.0,0.0,0.0,1.0,0.0,0.0,0.0,9.0,4.0,0.0,0.0,0.0,0.0,0.0,0.0,0.0,0.0,5.0,12.0,1.0,12.18,5.0200000000000005,2.51,1.49,0.0,0.0,0.0,361.3,0.0,0.2,-0.5,-0.7000000000000001,-169.70000000000002,0.0,0.0,169.60000000000002,0.0,21.700000000000003,28.9,28.9,30.9,300.0,300.0,31.700000000000003,35.9,28.9,28.0,29.9,4.96,2.0,4.96,0.16,0.0,0.0,1027.0,8228.0,0.0,0.0,0.0,0.0,0.0,1.0,0.0,0.0,0.0,0.0,0.0,-1.2000000000000002,0.0,0.5,0.0,0.0,16.0,25903.0
2026-07-30T19:04:03.235Z,412.718,412.734,0.0,7.4,0.0,0.0,0.0,0.0,0.0,0.0,0.0,0.0,1.0,0.0,0.0,0.0,9.0,4.0,0.0,0.0,0.0,0.0,0.0,0.0,0.0,0.0,6.0,12.0,1.0,12.18,5.0200000000000005,2.51,1.49,0.0,0.0,0.0,361.3,0.0,0.2,0.0,0.4,-169.60000000000002,0.0,0.0,169.70000000000002,0.0,21.700000000000003,28.9,28.9,30.9,300.0,300.0,31.700000000000003,35.9,28.9,28.0,29.9,4.95,2.0,4.97,0.16,0.0,0.0,1027.0,8228.0,0.0,0.0,0.0,0.0,0.0,1.0,0.0,0.0,0.0,0.0,0.0,0.4,0.0,-0.3,0.0,0.0,16.0,25903.0
2026-07-30T19:04:03.247Z,412.73,412.746,0.0,7.4,0.0,0.0,0.0,0.0,0.0,0.0,0.0,0.0,1.0,0.0,0.0,0.0,9.0,4.0,0.0,0.0,0.0,0.0,0.0,0.0,0.0,0.0,1.0,12.0,1.0,12.18,5.0200000000000005,2.51,1.49,0.0,0.0,0.0,361.3,0.0,0.2,-1.1,0.3,-169.60000000000002,0.0,0.0,169.70000000000002,0.0,21.700000000000003,28.9,28.9,30.9,300.0,300.0,31.700000000000003,35.9,28.9,28.0,29.9,4.96,1.99,4.97,0.16,0.0,0.0,1027.0,8228.0,0.0,0.0,0.0,0.0,0.0,1.0,0.0,0.0,0.0,0.0,0.0,-0.9,0.0,-0.5,0.0,0.0,16.0,25903.0
2026-07-30T19:04:03.259Z,412.742,412.758,0.0,7.4,0.0,0.0,0.0,0.0,0.0,0.0,0.0,0.0,1.0,0.0,0.0,0.0,9.0,4.0,0.0,0.0,0.0,0.0,0.0,0.0,0.0,0.0,3.0,12.0,1.0,12.18,5.0200000000000005,2.51,1.49,0.0,0.0,0.0,361.3,0.0,0.2,0.6000000000000001,0.9,-169.60000000000002,0.0,0.0,169.70000000000002,0.0,21.700000000000003,28.9,28.9,30.9,300.0,300.0,31.700000000000003,35.9,28.9,28.0,29.9,4.96,2.0,4.96,0.16,0.0,0.0,1027.0,8228.0,0.0,0.0,0.0,0.0,0.0,1.0,0.0,0.0,0.0,0.0,0.0,0.3,0.0,-0.3,0.0,0.0,16.0,25903.0
2026-07-30T19:04:03.272Z,412.755,412.77,0.0,7.4,0.0,0.0,0.0,0.0,0.0,0.0,0.0,0.0,1.0,0.0,0.0,0.0,9.0,4.0,0.0,0.0,0.0,0.0,0.0,0.0,0.0,0.0,4.0,12.0,1.0,12.18,5.0200000000000005,2.51,1.49,0.0,0.0,0.0,361.3,0.0,-0.2,-0.5,-0.7000000000000001,-169.60000000000002,0.0,0.0,169.8,0.0,21.700000000000003,28.9,28.9,30.9,300.0,300.0,31.700000000000003,35.9,28.9,28.0,29.9,4.96,1.99,4.96,0.16,0.0,0.0,1027.0,8228.0,0.0,0.0,0.0,0.0,0.0,1.0,0.0,0.0,0.0,0.0,0.0,-0.7000000000000001,0.0,0.0,0.0,0.0,16.0,25903.0
2026-07-30T19:04:03.283Z,412.766,412.782,0.0,7.4,0.0,0.0,0.0,0.0,0.0,0.0,0.0,0.0,1.0,0.0,0.0,0.0,9.0,4.0,0.0,0.0,0.0,0.0,0.0,0.0,0.0,0.0,4.0,12.0,1.0,12.19,5.01,2.5,1.49,0.0,0.0,0.0,361.3,0.0,0.2,-0.5,-0.1,-169.70000000000002,0.0,0.0,169.8,0.0,21.3,28.9,28.9,30.9,300.0,300.0,31.8,35.9,28.9,28.0,29.9,4.95,1.99,4.96,0.16,0.0,0.0,1027.0,8228.0,0.0,0.0,0.0,0.0,0.0,1.0,0.0,0.0,0.0,0.0,0.0,0.0,0.0,0.1,0.0,0.0,16.0,25903.0
2026-07-30T19:04:03.295Z,412.778,412.794,0.0,7.4,0.0,0.0,0.0,0.0,0.0,0.0,0.0,0.0,1.0,0.0,0.0,0.0,9.0,4.0,0.0,0.0,0.0,0.0,0.0,0.0,0.0,0.0,5.0,12.0,1.0,12.19,5.01,2.5,1.49,0.0,0.0,0.0,361.3,0.0,0.2,-0.5,-0.1,-169.70000000000002,0.0,0.0,169.70000000000002,0.0,21.3,28.9,28.9,30.9,300.0,300.0,31.8,35.9,28.9,28.0,29.9,4.96,1.99,4.96,0.16,0.0,0.0,1027.0,8228.0,0.0,0.0,0.0,0.0,0.0,1.0,0.0,0.0,0.0,0.0,0.0,-0.7000000000000001,0.0,0.0,0.0,0.0,16.0,25903.0
2026-07-30T19:04:03.307Z,412.79,412.806,0.0,7.4,0.0,0.0,0.0,0.0,0.0,0.0,0.0,0.0,1.0,0.0,0.0,0.0,9.0,4.0,0.0,0.0,0.0,0.0,0.0,0.0,0.0,0.0,1.0,12.0,1.0,12.19,5.01,2.5,1.49,0.0,0.0,0.0,361.3,0.0,-0.3,0.6000000000000001,-1.3,-169.70000000000002,0.0,0.0,169.70000000000002,0.0,21.3,28.9,28.9,30.9,300.0,300.0,31.8,35.9,28.9,28.0,29.9,4.96,1.99,4.96,0.16,0.0,0.0,1027.0,8228.0,0.0,0.0,0.0,0.0,0.0,1.0,0.0,0.0,0.0,0.0,0.0,-0.2,0.0,1.2000000000000002,0.0,0.0,16.0,25903.0
2026-07-30T19:04:03.319Z,412.802,412.818,0.0,7.4,0.0,0.0,0.0,0.0,0.0,0.0,0.0,0.0,1.0,0.0,0.0,0.0,9.0,4.0,0.0,0.0,0.0,0.0,0.0,0.0,0.0,0.0,2.0,12.0,1.0,12.19,5.01,2.5,1.49,0.0,0.0,0.0,361.2000000000001,0.0,-0.3,-0.5,0.3,-169.70000000000002,0.0,0.0,169.70000000000002,0.0,21.3,28.9,28.9,30.9,300.0,300.0,31.8,35.9,28.9,28.0,29.9,4.96,1.99,4.96,0.16,0.0,0.0,1027.0,8228.0,0.0,0.0,0.0,0.0,0.0,1.0,0.0,0.0,0.0,0.0,0.0,-0.3,0.0,-0.4,0.0,0.0,16.0,25903.0
2026-07-30T19:04:03.331Z,412.814,412.83,0.0,7.4,0.0,0.0,0.0,0.0,0.0,0.0,0.0,0.0,1.0,0.0,0.0,0.0,9.0,4.0,0.0,0.0,0.0,0.0,0.0,0.0,0.0,0.0,4.0,12.0,1.0,12.19,5.01,2.5,1.49,0.0,0.0,0.0,361.3,0.0,-0.3,0.0,-0.7000000000000001,-169.70000000000002,0.0,0.0,169.8,0.0,21.3,28.9,28.9,30.9,300.0,300.0,31.8,35.9,28.9,28.0,29.9,4.96,1.99,4.97,0.16,0.0,0.0,1027.0,8228.0,0.0,0.0,0.0,0.0,0.0,1.0,0.0,0.0,0.0,0.0,0.0,-0.5,0.0,0.7000000000000001,0.0,0.0,16.0,25903.0
2026-07-30T19:04:03.343Z,412.826,412.842,0.0,7.4,0.0,0.0,0.0,0.0,0.0,0.0,0.0,0.0,1.0,0.0,0.0,0.0,9.0,4.0,0.0,0.0,0.0,0.0,0.0,0.0,0.0,0.0,5.0,12.0,1.0,12.19,5.01,2.5,1.49,0.0,0.0,0.0,361.3,0.0,0.2,0.0,-0.8,-169.70000000000002,0.0,0.0,169.70000000000002,0.0,21.3,28.9,28.9,30.9,300.0,300.0,31.8,35.9,28.9,28.0,29.9,4.96,2.0,4.96,0.16,0.0,0.0,1027.0,8228.0,0.0,0.0,0.0,0.0,0.0,1.0,0.0,0.0,0.0,0.0,0.0,-0.5,0.0,0.7000000000000001,0.0,0.0,16.0,25903.0
2026-07-30T19:04:03.355Z,412.838,412.854,0.0,7.4,0.0,0.0,0.0,0.0,0.0,0.0,0.0,0.0,1.0,0.0,0.0,0.0,9.0,4.0,0.0,0.0,0.0,0.0,0.0,0.0,0.0,0.0,5.0,12.0,1.0,12.19,5.01,2.5,1.49,0.0,0.0,0.0,361.3,0.0,-0.3,0.0,-0.3,-169.70000000000002,0.0,0.0,169.8,0.0,21.3,28.9,28.9,30.9,300.0,300.0,31.8,35.9,28.9,28.0,29.9,4.96,1.99,4.97,0.16,0.0,0.0,1027.0,8228.0,0.0,0.0,0.0,0.0,0.0,1.0,0.0,0.0,0.0,0.0,0.0,-0.2,0.0,0.3,0.0,0.0,16.0,25903.0
2026-07-30T19:04:03.367Z,412.85,412.866,0.0,7.4,0.0,0.0,0.0,0.0,0.0,0.0,0.0,0.0,1.0,0.0,0.0,0.0,9.0,4.0,0.0,0.0,0.0,0.0,0.0,0.0,0.0,0.0,1.0,12.0,1.0,12.19,5.01,2.5,1.49,0.0,0.0,0.0,361.3,0.0,0.8,0.0,0.2,-169.70000000000002,0.0,0.0,169.70000000000002,0.0,21.3,28.9,28.9,30.9,300.0,300.0,31.8,35.9,28.9,28.0,29.9,4.95,1.99,4.97,0.16,0.0,0.0,1027.0,8228.0,0.0,0.0,0.0,0.0,0.0,1.0,0.0,0.0,0.0,0.0,0.0,0.2,0.0,-0.2,0.0,0.0,16.0,25903.0
2026-07-30T19:04:03.381Z,412.864,412.878,0.0,7.4,0.0,0.0,0.0,0.0,0.0,0.0,0.0,0.0,1.0,0.0,0.0,0.0,9.0,4.0,0.0,0.0,0.0,0.0,0.0,0.0,0.0,0.0,2.0,12.0,1.0,12.18,5.01,2.5,1.49,0.0,0.0,0.0,361.4,0.0,0.2,0.0,-0.3,-169.70000000000002,0.0,0.0,169.70000000000002,0.0,21.3,28.9,28.9,30.9,300.0,300.0,31.700000000000003,35.9,28.9,28.0,29.9,4.96,1.99,4.96,0.16,0.0,0.0,1027.0,8228.0,0.0,0.0,0.0,0.0,0.0,1.0,0.0,0.0,0.0,0.0,0.0,-0.2,0.0,0.3,0.0,0.0,16.0,25903.0
2026-07-30T19:04:03.391Z,412.874,412.89,0.0,7.4,0.0,0.0,0.0,0.0,0.0,0.0,0.0,0.0,1.0,0.0,0.0,0.0,9.0,4.0,0.0,0.0,0.0,0.0,0.0,0.0,0.0,0.0,3.0,12.0,1.0,12.18,5.01,2.5,1.49,0.0,0.0,0.0,361.4,0.0,0.2,0.0,-0.9,-169.70000000000002,0.0,0.0,169.70000000000002,0.0,21.3,28.9,28.9,30.9,300.0,300.0,31.700000000000003,35.9,28.9,28.0,29.9,4.96,2.0,4.97,0.16,0.0,0.0,1027.0,8228.0,0.0,0.0,0.0,0.0,0.0,1.0,0.0,0.0,0.0,0.0,0.0,-0.6000000000000001,0.0,0.8,0.0,0.0,16.0,25903.0
2026-07-30T19:04:03.403Z,412.886,412.902,0.0,7.4,0.0,0.0,0.0,0.0,0.0,0.0,0.0,0.0,1.0,0.0,0.0,0.0,9.0,4.0,0.0,0.0,0.0,0.0,0.0,0.0,0.0,0.0,4.0,12.0,1.0,12.18,5.01,2.5,1.49,0.0,0.0,0.0,361.3,0.0,-0.4,0.0,-0.8,-169.70000000000002,0.0,0.0,169.70000000000002,0.0,21.3,28.9,28.9,30.9,300.0,300.0,31.700000000000003,35.9,28.9,28.0,29.9,4.96,1.99,4.97,0.16,0.0,0.0,1027.0,8228.0,0.0,0.0,0.0,0.0,0.0,1.0,0.0,0.0,0.0,0.0,0.0,-0.6000000000000001,0.0,0.7000000000000001,0.0,0.0,16.0,25903.0
2026-07-30T19:04:03.415Z,412.898,412.914,0.0,7.4,0.0,0.0,0.0,0.0,0.0,0.0,0.0,0.0,1.0,0.0,0.0,0.0,9.0,4.0,0.0,0.0,0.0,0.0,0.0,0.0,0.0,0.0,5.0,12.0,1.0,12.18,5.01,2.5,1.49,0.0,0.0,0.0,361.2000000000001,0.0,0.1,0.0,-0.8,-169.70000000000002,0.0,0.0,169.60000000000002,0.0,21.3,28.9,28.9,30.9,300.0,300.0,31.700000000000003,35.9,28.9,28.0,29.9,4.95,1.99,4.97,0.16,0.0,0.0,1027.0,8228.0,0.0,0.0,0.0,0.0,0.0,1.0,0.0,0.0,0.0,0.0,0.0,-0.6000000000000001,0.0,0.7000000000000001,0.0,0.0,16.0,25903.0
2026-07-30T19:04:03.428Z,412.911,412.926,0.1,7.4,0.0,0.0,0.0,0.0,0.0,0.0,0.0,0.0,1.0,0.0,0.0,0.0,9.0,4.0,0.0,0.0,0.0,0.0,0.0,0.0,0.0,0.0,6.0,12.0,1.0,12.18,5.01,2.5,1.49,0.0,0.1,0.0,361.3,0.0,0.1,0.6000000000000001,0.3,-169.70000000000002,0.0,0.0,169.70000000000002,0.0,21.3,28.9,28.9,30.9,300.0,300.0,31.700000000000003,35.9,28.9,28.0,29.9,4.96,1.99,4.96,0.16,0.0,0.0,1027.0,8228.0,0.0,0.0,0.0,0.0,0.0,1.0,0.0,0.0,0.0,0.0,0.0,0.9,0.0,-0.1,0.0,0.0,16.0,25903.0
2026-07-30T19:04:03.440Z,412.923,412.938,0.0,7.4,0.0,0.0,0.0,0.0,0.0,0.0,0.0,0.0,1.0,0.0,0.0,0.0,9.0,4.0,0.0,0.0,0.0,0.0,0.0,0.0,0.0,0.0,1.0,12.0,1.0,12.18,5.01,2.5,1.49,0.0,0.0,0.0,361.4,0.0,0.1,-1.1,-0.2,-169.70000000000002,0.0,0.0,169.60000000000002,0.0,21.3,28.9,28.9,30.9,300.0,300.0,31.700000000000003,35.9,28.9,28.0,29.9,4.95,1.99,4.97,0.16,0.0,0.0,1027.0,8228.0,0.0,0.0,0.0,0.0,0.0,1.0,0.0,0.0,0.0,0.0,0.0,-1.4,0.0,0.0,0.0,0.0,16.0,25903.0
2026-07-30T19:04:03.451Z,412.934,412.95,0.0,7.4,0.0,0.0,0.0,0.0,0.0,0.0,0.0,0.0,1.0,0.0,0.0,0.0,9.0,4.0,0.0,0.0,0.0,0.0,0.0,0.0,0.0,0.0,2.0,12.0,1.0,12.18,5.01,2.5,1.49,0.0,0.0,0.0,361.3,0.0,0.1,0.0,-0.8,-169.70000000000002,0.0,0.0,169.70000000000002,0.0,21.3,28.9,28.9,30.9,300.0,300.0,31.700000000000003,35.9,28.9,28.0,29.9,4.95,2.0,4.97,0.16,0.0,0.0,1027.0,8228.0,0.0,0.0,0.0,0.0,0.0,1.0,0.0,0.0,0.0,0.0,0.0,-0.5,0.0,0.7000000000000001,0.0,0.0,16.0,25903.0
2026-07-30T19:04:03.463Z,412.946,412.962,0.0,7.4,0.0,0.0,0.0,0.0,0.0,0.0,0.0,0.0,1.0,0.0,0.0,0.0,9.0,4.0,0.0,0.0,0.0,0.0,0.0,0.0,0.0,0.0,3.0,12.0,1.0,12.18,5.01,2.5,1.49,0.0,0.1,0.0,361.3,0.0,0.1,0.0,0.9,-169.70000000000002,0.0,0.0,169.70000000000002,0.0,21.3,28.9,28.9,30.9,300.0,300.0,31.700000000000003,35.9,28.9,28.0,29.9,4.96,1.99,4.97,0.16,0.0,0.0,1027.0,8228.0,0.0,0.0,0.0,0.0,0.0,1.0,0.0,0.0,0.0,0.0,0.0,0.7000000000000001,0.0,-0.8,0.0,0.0,16.0,25903.0
2026-07-30T19:04:03.475Z,412.958,412.974,0.0,7.4,0.0,0.0,0.0,0.0,0.0,0.0,0.0,0.0,1.0,0.0,0.0,0.0,9.0,4.0,0.0,0.0,0.0,0.0,0.0,0.0,0.0,0.0,5.0,12.0,1.0,12.18,5.01,2.5,1.49,0.0,0.0,0.0,361.3,0.0,-0.3,0.0,-1.3,-169.60000000000002,0.0,0.0,169.60000000000002,0.0,21.3,28.9,28.9,30.9,300.0,300.0,31.700000000000003,35.9,28.9,28.0,29.9,4.95,1.99,4.96,0.16,0.0,0.0,1027.0,8228.0,0.0,0.0,0.0,0.0,0.0,1.0,0.0,0.0,0.0,0.0,0.0,-0.9,0.0,1.2000000000000002,0.0,0.0,16.0,25903.0
2026-07-30T19:04:03.487Z,412.97,412.986,0.0,7.4,0.0,0.0,0.0,0.0,0.0,0.0,0.0,0.0,1.0,0.0,0.0,0.0,9.0,4.0,0.0,0.0,0.0,0.0,0.0,0.0,0.0,0.0,6.0,12.0,1.0,12.17,5.01,2.51,1.49,0.0,0.0,0.0,361.4,0.0,-0.3,-1.0,-0.7000000000000001,-169.60000000000002,0.0,0.0,169.60000000000002,0.0,20.9,28.9,28.9,30.9,300.0,300.0,31.6,35.9,28.9,28.0,29.9,4.95,1.99,4.97,0.16,0.0,0.0,1027.0,8228.0,0.0,0.0,0.0,0.0,0.0,1.0,0.0,0.0,0.0,0.0,0.0,-1.7000000000000002,0.0,0.4,0.0,0.0,16.0,25903.0
2026-07-30T19:04:03.499Z,412.982,412.998,0.0,7.4,0.0,0.0,0.0,0.0,0.0,0.0,0.0,0.0,1.0,0.0,0.0,0.0,9.0,4.0,0.0,0.0,0.0,0.0,0.0,0.0,0.0,0.0,1.0,12.0,1.0,12.17,5.01,2.51,1.49,0.0,0.0,0.0,361.3,0.0,0.2,0.1,2.1,-169.60000000000002,0.0,0.0,169.60000000000002,0.0,20.9,28.9,28.9,30.9,300.0,300.0,31.6,35.9,28.9,28.0,29.9,4.95,1.99,4.96,0.16,0.0,0.0,1027.0,8228.0,0.0,0.0,0.0,0.0,0.0,1.0,0.0,0.0,0.0,0.0,0.0,1.7000000000000002,0.0,-1.8,0.0,0.0,16.0,25903.0
2026-07-30T19:04:03.511Z,412.994,413.01,0.0,7.4,0.0,0.0,0.0,0.0,0.0,0.0,0.0,0.0,1.0,0.0,0.0,0.0,9.0,4.0,0.0,0.0,0.0,0.0,0.0,0.0,0.0,0.0,3.0,12.0,1.0,12.17,5.01,2.51,1.49,0.0,0.0,0.0,361.3,0.0,-0.3,0.2,-0.1,-169.60000000000002,0.0,0.0,169.60000000000002,0.0,20.9,28.9,28.9,30.9,300.0,300.0,31.6,35.9,28.9,28.0,29.9,4.96,1.99,4.96,0.16,0.0,0.0,1027.0,8228.0,0.0,0.0,0.0,0.0,0.0,1.0,0.0,0.0,0.0,0.0,0.0,0.1,0.0,0.1,0.0,0.0,16.0,25903.0
2026-07-30T19:04:03.523Z,413.006,413.022,0.0,7.4,0.0,0.0,0.0,0.0,0.0,0.0,0.0,0.0,1.0,0.0,0.0,0.0,9.0,4.0,0.0,0.0,0.0,0.0,0.0,0.0,0.0,0.0,4.0,12.0,1.0,12.17,5.01,2.51,1.49,0.0,0.0,0.0,361.3,0.0,-0.2,-0.9,0.0,-169.60000000000002,0.0,0.0,169.60000000000002,0.0,20.9,28.9,28.9,30.9,300.0,300.0,31.6,35.9,28.9,28.0,29.9,4.95,1.99,4.97,0.17,0.0,0.0,1027.0,8228.0,0.0,0.0,0.0,0.0,0.0,1.0,0.0,0.0,0.0,0.0,0.0,-1.1,0.0,-0.1,0.0,0.0,16.0,25903.0
2026-07-30T19:04:03.535Z,413.018,413.034,0.0,7.4,0.0,0.0,0.0,0.0,0.0,0.0,0.0,0.0,1.0,0.0,0.0,0.0,9.0,4.0,0.0,0.0,0.0,0.0,0.0,0.0,0.0,0.0,5.0,12.0,1.0,12.17,5.01,2.51,1.49,0.0,0.0,0.0,361.3,0.0,-0.8,0.2,-0.6000000000000001,-169.60000000000002,0.0,0.0,169.70000000000002,0.0,20.9,28.9,28.9,30.9,300.0,300.0,31.6,35.9,28.9,28.0,29.9,4.96,1.99,4.96,0.17,0.0,0.0,1027.0,8228.0,0.0,0.0,0.0,0.0,0.0,1.0,0.0,0.0,0.0,0.0,0.0,-0.2,0.0,0.6000000000000001,0.0,0.0,16.0,25903.0
2026-07-30T19:04:03.547Z,413.03,413.046,0.0,7.4,0.0,0.0,0.0,0.0,0.0,0.0,0.0,0.0,1.0,0.0,0.0,0.0,9.0,4.0,0.0,0.0,0.0,0.0,0.0,0.0,0.0,0.0,1.0,12.0,1.0,12.17,5.01,2.51,1.49,0.0,0.0,0.0,361.3,0.0,-0.8,-0.3,-0.7000000000000001,-169.60000000000002,0.0,0.0,169.60000000000002,0.0,20.9,28.9,28.9,30.9,300.0,300.0,31.6,35.9,28.9,28.0,29.9,4.96,1.99,4.98,0.16,0.0,0.0,1027.0,8228.0,0.0,0.0,0.0,0.0,0.0,1.0,0.0,0.0,0.0,0.0,0.0,-0.9,0.0,0.5,0.0,0.0,16.0,25903.0
2026-07-30T19:04:03.559Z,413.042,413.058,0.0,7.4,0.0,0.0,0.0,0.0,0.0,0.0,0.0,0.0,1.0,0.0,0.0,0.0,9.0,4.0,0.0,0.0,0.0,0.0,0.0,0.0,0.0,0.0,2.0,12.0,1.0,12.17,5.01,2.51,1.49,0.0,0.0,0.0,361.3,0.0,-0.2,0.2,0.4,-169.60000000000002,0.0,0.0,169.70000000000002,0.0,20.9,28.9,28.9,30.9,300.0,300.0,31.6,35.9,28.9,28.0,29.9,4.96,1.99,4.98,0.16,0.0,0.0,1027.0,8228.0,0.0,0.0,0.0,0.0,0.0,1.0,0.0,0.0,0.0,0.0,0.0,0.6000000000000001,0.0,-0.3,0.0,0.0,16.0,25903.0
2026-07-30T19:04:03.571Z,413.054,413.07,0.0,7.4,0.0,0.0,0.0,0.0,0.0,0.0,0.0,0.0,1.0,0.0,0.0,0.0,9.0,4.0,0.0,0.0,0.0,0.0,0.0,0.0,0.0,0.0,4.0,12.0,1.0,12.17,5.01,2.51,1.49,0.0,0.0,0.0,361.3,0.0,-0.2,0.8,1.0,-169.60000000000002,0.0,0.0,169.60000000000002,0.0,20.9,28.9,28.9,30.9,300.0,300.0,31.6,35.9,28.9,28.0,29.9,4.95,1.99,4.97,0.16,0.0,0.0,1027.0,8228.0,0.0,0.0,0.0,0.0,0.0,1.0,0.0,0.0,0.0,0.0,0.0,1.8,0.0,-0.7000000000000001,0.0,0.0,16.0,25903.0
2026-07-30T19:04:03.584Z,413.067,413.082,0.0,7.4,0.0,0.0,0.0,0.0,0.0,0.0,0.0,0.0,1.0,0.0,0.0,0.0,9.0,4.0,0.0,0.0,0.0,0.0,0.0,0.0,0.0,0.0,5.0,12.0,1.0,12.18,5.0200000000000005,2.51,1.49,0.0,0.0,0.0,361.3,0.0,0.3,-0.2,1.0,-169.60000000000002,0.0,0.0,169.70000000000002,0.0,21.700000000000003,28.9,28.9,30.9,300.0,300.0,31.6,35.9,28.9,28.0,29.9,4.96,1.99,4.96,0.16,0.0,0.0,1027.0,8228.0,0.0,0.0,0.0,0.0,0.0,1.0,0.0,0.0,0.0,0.0,0.0,0.4,0.0,-0.9,0.0,0.0,16.0,25903.0
2026-07-30T19:04:03.595Z,413.078,413.094,0.0,7.4,0.0,0.0,0.0,0.0,0.0,0.0,0.0,0.0,1.0,0.0,0.0,0.0,9.0,4.0,0.0,0.0,0.0,0.0,0.0,0.0,0.0,0.0,6.0,12.0,1.0,12.18,5.0200000000000005,2.51,1.49,0.0,0.0,0.0,361.4,0.0,-0.7000000000000001,0.8,1.0,-169.60000000000002,0.0,0.0,169.70000000000002,0.0,21.700000000000003,28.9,28.9,30.9,300.0,300.0,31.6,35.9,28.9,28.0,29.9,4.96,1.99,4.96,0.16,0.0,0.0,1027.0,8228.0,0.0,0.0,0.0,0.0,0.0,1.0,0.0,0.0,0.0,0.0,0.0,1.7000000000000002,0.0,-0.7000000000000001,0.0,0.0,16.0,25903.0
2026-07-30T19:04:03.607Z,413.09,413.106,0.0,7.4,0.0,0.0,0.0,0.0,0.0,0.0,0.0,0.0,1.0,0.0,0.0,0.0,9.0,4.0,0.0,0.0,0.0,0.0,0.0,0.0,0.0,0.0,2.0,12.0,1.0,12.18,5.0200000000000005,2.51,1.49,0.0,0.0,0.0,361.4,0.0,0.3,0.3,-0.1,-169.60000000000002,0.0,0.0,169.60000000000002,0.0,21.700000000000003,28.9,28.9,30.9,300.0,300.0,31.6,35.9,28.9,28.0,29.9,4.95,1.99,4.96,0.16,0.0,0.0,1027.0,8228.0,0.0,0.0,0.0,0.0,0.0,1.0,0.0,0.0,0.0,0.0,0.0,0.2,0.0,0.1,0.0,0.0,16.0,25903.0
2026-07-30T19:04:03.619Z,413.102,413.118,0.0,7.4,0.0,0.0,0.0,0.0,0.0,0.0,0.0,0.0,1.0,0.0,0.0,0.0,9.0,4.0,0.0,0.0,0.0,0.0,0.0,0.0,0.0,0.0,3.0,12.0,1.0,12.18,5.0200000000000005,2.51,1.49,0.0,0.0,0.0,361.4,0.0,-0.8,-0.9,-0.1,-169.60000000000002,0.0,0.0,169.70000000000002,0.0,21.700000000000003,28.9,28.9,30.9,300.0,300.0,31.6,35.9,28.9,28.0,29.9,4.96,1.99,4.96,0.16,0.0,0.0,1027.0,8228.0,0.0,0.0,0.0,0.0,0.0,1.0,0.0,0.0,0.0,0.0,0.0,-1.1,0.0,0.0,0.0,0.0,16.0,25903.0
2026-07-30T19:04:03.631Z,413.114,413.13,0.0,7.4,0.0,0.0,0.0,0.0,0.0,0.0,0.0,0.0,1.0,0.0,0.0,0.0,9.0,4.0,0.0,0.0,0.0,0.0,0.0,0.0,0.0,0.0,5.0,12.0,1.0,12.18,5.0200000000000005,2.51,1.49,0.0,0.0,0.0,361.4,0.0,-0.8,0.2,-0.1,-169.60000000000002,0.0,0.0,169.60000000000002,0.0,21.700000000000003,28.9,28.9,30.9,300.0,300.0,31.6,35.9,28.9,28.0,29.9,4.95,1.99,4.96,0.16,0.0,0.0,1027.0,8228.0,0.0,0.0,0.0,0.0,0.0,1.0,0.0,0.0,0.0,0.0,0.0,0.1,0.0,0.1,0.0,0.0,16.0,25903.0
2026-07-30T19:04:03.643Z,413.126,413.142,0.0,7.4,0.0,0.0,0.0,0.0,0.0,0.0,0.0,0.0,1.0,0.0,0.0,0.0,9.0,4.0,0.0,0.0,0.0,0.0,0.0,0.0,0.0,0.0,6.0,12.0,1.0,12.18,5.0200000000000005,2.51,1.49,0.0,0.0,0.0,361.3,0.0,0.8,0.2,0.5,-169.60000000000002,0.0,0.0,169.60000000000002,0.0,21.700000000000003,28.9,28.9,30.9,300.0,300.0,31.6,35.9,28.9,28.0,29.9,4.95,1.99,4.97,0.16,0.0,0.0,1027.0,8228.0,0.0,0.0,0.0,0.0,0.0,1.0,0.0,0.0,0.0,0.0,0.0,0.6000000000000001,0.0,-0.3,0.0,0.0,16.0,25903.0
2026-07-30T19:04:03.655Z,413.138,413.154,0.0,7.4,0.0,0.0,0.0,0.0,0.0,0.0,0.0,0.0,1.0,0.0,0.0,0.0,9.0,4.0,0.0,0.0,0.0,0.0,0.0,0.0,0.0,0.0,1.0,12.0,1.0,12.18,5.0200000000000005,2.51,1.49,0.0,0.0,0.0,361.3,0.0,0.8,0.2,0.4,-169.60000000000002,0.0,0.0,169.70000000000002,0.0,21.700000000000003,28.9,28.9,30.9,300.0,300.0,31.6,35.9,28.9,28.0,29.9,4.95,2.0,4.97,0.16,0.0,0.0,1027.0,8228.0,0.0,0.0,0.0,0.0,0.0,1.0,0.0,0.0,0.0,0.0,0.0,0.6000000000000001,0.0,-0.3,0.0,0.0,16.0,25903.0
2026-07-30T19:04:03.667Z,413.15,413.166,0.0,7.4,0.0,0.0,0.0,0.0,0.0,0.0,0.0,0.0,1.0,0.0,0.0,0.0,9.0,4.0,0.0,0.0,0.0,0.0,0.0,0.0,0.0,0.0,3.0,12.0,1.0,12.18,5.0200000000000005,2.51,1.49,0.0,0.0,0.0,361.3,0.0,-0.8,-0.3,1.0,-169.60000000000002,0.0,0.0,169.70000000000002,0.0,21.700000000000003,28.9,28.9,30.9,300.0,300.0,31.6,35.9,28.9,28.0,29.9,4.96,2.0,4.96,0.16,0.0,0.0,1027.0,8228.0,0.0,0.0,0.0,0.0,0.0,1.0,0.0,0.0,0.0,0.0,0.0,0.4,0.0,-0.9,0.0,0.0,16.0,25903.0
2026-07-30T19:04:03.679Z,413.162,413.178,0.0,7.4,0.0,0.0,0.0,0.0,0.0,0.0,0.0,0.0,1.0,0.0,0.0,0.0,9.0,4.0,0.0,0.0,0.0,0.0,0.0,0.0,0.0,0.0,4.0,12.0,1.0,12.18,5.0200000000000005,2.51,1.49,0.0,0.0,0.0,361.3,0.0,0.3,-0.3,-1.3,-169.60000000000002,0.0,0.0,169.60000000000002,0.0,21.700000000000003,28.9,28.9,30.9,300.0,300.0,31.6,35.9,28.9,28.0,29.9,4.95,1.99,4.97,0.16,0.0,0.0,1027.0,8228.0,0.0,0.0,0.0,0.0,0.0,1.0,0.0,0.0,0.0,0.0,0.0,-1.4,0.0,1.1,0.0,0.0,16.0,25903.0
2026-07-30T19:04:03.691Z,413.174,413.19,0.0,7.4,0.0,0.0,0.0,0.0,0.0,0.0,0.0,0.0,1.0,0.0,0.0,0.0,9.0,4.0,0.0,0.0,0.0,0.0,0.0,0.0,0.0,0.0,6.0,12.0,1.0,12.14,5.01,2.5,1.49,0.0,0.0,0.0,361.3,0.0,-0.2,0.8,0.9,-169.60000000000002,0.0,0.0,169.70000000000002,0.0,21.700000000000003,28.9,28.9,30.9,300.0,300.0,31.700000000000003,35.9,28.9,28.0,29.9,4.95,1.99,4.97,0.16,0.0,0.0,1027.0,8228.0,0.0,0.0,0.0,0.0,0.0,1.0,0.0,0.0,0.0,0.0,0.0,1.6,0.0,-0.6000000000000001,0.0,0.0,16.0,25903.0
2026-07-30T19:04:03.703Z,413.186,413.202,0.0,7.4,0.0,0.0,0.0,0.0,0.0,0.0,0.0,0.0,1.0,0.0,0.0,0.0,9.0,4.0,0.0,0.0,0.0,0.0,0.0,0.0,0.0,0.0,1.0,12.0,1.0,12.14,5.01,2.5,1.49,0.0,0.0,0.0,361.3,0.0,0.9,0.8,0.9,-169.60000000000002,0.0,0.0,169.60000000000002,0.0,21.700000000000003,28.9,28.9,30.9,300.0,300.0,31.700000000000003,35.9,28.9,28.0,29.9,4.96,2.0,4.97,0.16,0.0,0.0,1027.0,8228.0,0.0,0.0,0.0,0.0,0.0,1.0,0.0,0.0,0.0,0.0,0.0,1.6,0.0,-0.6000000000000001,0.0,0.0,16.0,25903.0
2026-07-30T19:04:03.715Z,413.198,413.214,0.0,7.4,0.0,0.0,0.0,0.0,0.0,0.0,0.0,0.0,1.0,0.0,0.0,0.0,9.0,4.0,0.0,0.0,0.0,0.0,0.0,0.0,0.0,0.0,2.0,12.0,1.0,12.14,5.01,2.5,1.49,0.1,0.0,0.0,361.3,0.0,0.3,0.8,-0.1,-169.60000000000002,0.0,0.0,169.70000000000002,0.0,21.700000000000003,28.9,28.9,30.9,300.0,300.0,31.700000000000003,35.9,28.9,28.0,29.9,4.95,2.0,4.96,0.16,0.0,0.0,1027.0,8228.0,0.0,0.0,0.0,0.0,0.0,1.0,0.0,0.0,0.0,0.0,0.0,0.8,0.0,0.3,0.0,0.0,16.0,25903.0
2026-07-30T19:04:03.727Z,413.21,413.226,0.0,7.4,0.0,0.0,0.0,0.0,0.0,0.0,0.0,0.0,1.0,0.0,0.0,0.0,9.0,4.0,0.0,0.0,0.0,0.0,0.0,0.0,0.0,0.0,4.0,12.0,1.0,12.14,5.01,2.5,1.49,0.0,0.0,0.0,361.3,0.0,-0.7000000000000001,-1.4,1.0,-169.60000000000002,0.0,0.0,169.70000000000002,0.0,21.700000000000003,28.9,28.9,30.9,300.0,300.0,31.700000000000003,35.9,28.9,28.0,29.9,4.95,1.99,4.97,0.16,0.0,0.0,1027.0,8228.0,0.0,0.0,0.0,0.0,0.0,1.0,0.0,0.0,0.0,0.0,0.0,-0.9,0.0,-1.1,0.0,0.0,16.0,25903.0
2026-07-30T19:04:03.739Z,413.222,413.238,0.0,7.4,0.0,0.0,0.0,0.0,0.0,0.0,0.0,0.0,1.0,0.0,0.0,0.0,9.0,4.0,0.0,0.0,0.0,0.0,0.0,0.0,0.0,0.0,5.0,12.0,1.0,12.14,5.01,2.5,1.49,0.0,0.0,0.0,361.3,0.0,0.3,0.8,-0.1,-169.60000000000002,0.0,0.0,169.60000000000002,0.0,21.700000000000003,28.9,28.9,30.9,300.0,300.0,31.700000000000003,35.9,28.9,28.0,29.9,4.95,2.0,4.96,0.17,0.0,0.0,1027.0,8228.0,0.0,0.0,0.0,0.0,0.0,1.0,0.0,0.0,0.0,0.0,0.0,0.8,0.0,0.2,0.0,0.0,16.0,25903.0
2026-07-30T19:04:03.751Z,413.234,413.25,0.0,7.4,0.0,0.0,0.0,0.0,0.0,0.0,0.0,0.0,1.0,0.0,0.0,0.0,9.0,4.0,0.0,0.0,0.0,0.0,0.0,0.0,0.0,0.0,1.0,12.0,1.0,12.14,5.01,2.5,1.49,0.0,0.1,0.0,361.3,0.0,-0.8,0.2,1.0,-169.60000000000002,0.0,0.0,169.60000000000002,0.0,21.700000000000003,28.9,28.9,30.9,300.0,300.0,31.700000000000003,35.9,28.9,28.0,29.9,4.96,1.99,4.96,0.16,0.0,0.0,1027.0,8228.0,0.0,0.0,0.0,0.0,0.0,1.0,0.0,0.0,0.0,0.0,0.0,1.0,0.0,-0.8,0.0,0.0,16.0,25903.0
2026-07-30T19:04:03.763Z,413.246,413.262,0.0,7.4,0.0,0.0,0.0,0.0,0.0,0.0,0.0,0.0,1.0,0.0,0.0,0.0,9.0,4.0,0.0,0.0,0.0,0.0,0.0,0.0,0.0,0.0,2.0,12.0,1.0,12.14,5.01,2.5,1.49,0.0,0.0,0.0,361.3,0.0,0.9,0.7000000000000001,0.4,-169.60000000000002,0.0,0.0,169.70000000000002,0.0,21.700000000000003,28.9,28.9,30.9,300.0,300.0,31.700000000000003,35.9,28.9,28.0,29.9,4.96,1.99,4.97,0.16,0.0,0.0,1027.0,8228.0,0.0,0.0,0.0,0.0,0.0,1.0,0.0,0.0,0.0,0.0,0.0,1.1,0.0,-0.2,0.0,0.0,16.0,25903.0
2026-07-30T19:04:03.775Z,413.258,413.274,0.0,7.4,0.0,0.0,0.0,0.0,0.0,0.0,0.0,0.0,1.0,0.0,0.0,0.0,9.0,4.0,0.0,0.0,0.0,0.0,0.0,0.0,0.0,0.0,3.0,12.0,1.0,12.14,5.01,2.5,1.49,0.0,0.1,0.0,361.3,0.0,0.3,-1.5,-0.2,-169.60000000000002,0.0,0.0,169.70000000000002,0.0,21.700000000000003,28.9,28.9,30.9,300.0,300.0,31.700000000000003,35.9,28.9,28.0,29.9,4.96,2.0,4.96,0.16,0.0,0.0,1027.0,8228.0,0.0,0.0,0.0,0.0,0.0,1.0,0.0,0.0,0.0,0.0,0.0,-0.3,0.0,-1.0,0.0,0.0,16.0,25903.0
2026-07-30T19:04:03.788Z,413.271,413.286,0.0,7.4,0.0,0.0,0.0,0.0,0.0,0.0,0.0,0.0,1.0,0.0,0.0,0.0,9.0,4.0,0.0,0.0,0.0,0.0,0.0,0.0,0.0,0.0,5.0,12.0,1.0,12.17,5.01,2.51,1.49,0.0,0.1,0.0,361.4,0.0,1.5,0.7000000000000001,-0.2,-169.60000000000002,0.0,0.0,169.60000000000002,0.0,21.700000000000003,28.9,28.9,30.9,300.0,300.0,31.700000000000003,35.9,28.9,28.0,29.9,4.96,1.99,4.96,0.16,0.0,0.0,1027.0,8228.0,0.0,0.0,0.0,0.0,0.0,1.0,0.0,0.0,0.0,0.0,0.0,-1.0,0.0,0.6000000000000001,0.0,0.0,16.0,25903.0
2026-07-30T19:04:03.799Z,413.282,413.298,0.0,7.4,0.0,0.0,0.0,0.0,0.0,0.0,0.0,0.0,1.0,0.0,0.0,0.0,9.0,4.0,0.0,0.0,0.0,0.0,0.0,0.0,0.0,0.0,1.0,12.0,1.0,12.17,5.01,2.51,1.49,0.0,0.0,0.0,361.4,0.0,0.3,1.9,0.3,-169.60000000000002,0.0,0.0,169.70000000000002,0.0,21.700000000000003,28.9,28.9,30.9,300.0,300.0,31.700000000000003,35.9,28.9,28.0,29.9,4.96,1.99,4.96,0.16,0.0,0.0,1027.0,8228.0,0.0,0.0,0.0,0.0,0.0,1.0,0.0,0.0,0.0,0.0,0.0,-2.1,0.0,1.0,0.0,0.0,16.0,25903.0
2026-07-30T19:04:03.811Z,413.294,413.31,0.0,7.4,0.0,0.0,0.0,0.0,0.0,0.0,0.0,0.0,1.0,0.0,0.0,0.0,9.0,4.0,0.0,0.0,0.0,0.0,0.0,0.0,0.0,0.0,2.0,12.0,1.0,12.17,5.01,2.51,1.49,0.0,0.0,0.0,361.3,0.0,0.3,0.8,-0.1,-169.60000000000002,0.0,0.0,169.60000000000002,0.0,21.700000000000003,28.9,28.9,30.9,300.0,300.0,31.700000000000003,35.9,28.9,28.0,29.9,4.95,1.99,4.97,0.16,0.0,0.0,1027.0,8228.0,0.0,0.0,0.0,0.0,0.0,1.0,0.0,0.0,0.0,0.0,0.0,0.8,0.0,0.3,0.0,0.0,16.0,25903.0
2026-07-30T19:04:03.823Z,413.306,413.322,0.0,7.4,0.0,0.0,0.0,0.0,0.0,0.0,0.0,0.0,1.0,0.0,0.0,0.0,9.0,4.0,0.0,0.0,0.0,0.0,0.0,0.0,0.0,0.0,4.0,12.0,1.0,12.17,5.01,2.51,1.49,0.0,0.0,0.0,361.3,0.0,0.8,0.2,-0.7000000000000001,-169.60000000000002,0.0,0.0,169.60000000000002,0.0,21.700000000000003,28.9,28.9,30.9,300.0,300.0,31.700000000000003,35.9,28.9,28.0,29.9,4.96,1.99,4.96,0.16,0.0,0.0,1027.0,8228.0,0.0,0.0,0.0,0.0,0.0,1.0,0.0,0.0,0.0,0.0,0.0,-0.3,0.0,0.7000000000000001,0.0,0.0,16.0,25903.0
2026-07-30T19:04:03.835Z,413.318,413.334,0.0,7.4,0.0,0.0,0.0,0.0,0.0,0.0,0.0,0.0,1.0,0.0,0.0,0.0,9.0,4.0,0.0,0.0,0.0,0.0,0.0,0.0,0.0,0.0,5.0,12.0,1.0,12.17,5.01,2.51,1.49,0.0,0.0,0.0,361.2000000000001,0.0,-1.4,-0.3,-1.3,-169.60000000000002,0.0,0.0,169.60000000000002,0.0,21.700000000000003,28.9,28.9,30.9,300.0,300.0,31.700000000000003,35.9,28.9,28.0,29.9,4.96,1.99,4.97,0.16,0.0,0.0,1027.0,8228.0,0.0,0.0,0.0,0.0,0.0,1.0,0.0,0.0,0.0,0.0,0.0,-1.4,0.0,1.1,0.0,0.0,16.0,25903.0
2026-07-30T19:04:03.847Z,413.33,413.346,0.0,7.4,0.0,0.0,0.0,0.0,0.0,0.0,0.0,0.0,1.0,0.0,0.0,0.0,9.0,4.0,0.0,0.0,0.0,0.0,0.0,0.0,0.0,0.0,6.0,12.0,1.0,12.17,5.01,2.51,1.49,0.0,0.0,0.0,361.3,0.0,0.2,0.7000000000000001,-0.1,-169.60000000000002,0.0,0.0,169.70000000000002,0.0,21.700000000000003,28.9,28.9,30.9,300.0,300.0,31.700000000000003,35.9,28.9,28.0,29.9,4.95,1.99,4.97,0.16,0.0,0.0,1027.0,8228.0,0.0,0.0,0.0,0.0,0.0,1.0,0.0,0.0,0.0,0.0,0.0,0.7000000000000001,0.0,0.3,0.0,0.0,16.0,25903.0
2026-07-30T19:04:03.859Z,413.342,413.358,0.0,7.4,0.0,0.0,0.0,0.0,0.0,0.0,0.0,0.0,1.0,0.0,0.0,0.0,9.0,4.0,0.0,0.0,0.0,0.0,0.0,0.0,0.0,0.0,2.0,12.0,1.0,12.17,5.01,2.51,1.49,0.0,0.0,0.0,361.3,0.0,0.2,-0.4,0.4,-169.60000000000002,0.0,0.0,169.70000000000002,0.0,21.700000000000003,28.9,28.9,30.9,300.0,300.0,31.700000000000003,35.9,28.9,28.0,29.9,4.96,1.99,4.96,0.16,0.0,0.0,1027.0,8228.0,0.0,0.0,0.0,0.0,0.0,1.0,0.0,0.0,0.0,0.0,0.0,-0.1,0.0,-0.4,0.0,0.0,16.0,25903.0
2026-07-30T19:04:03.871Z,413.354,413.37,0.0,7.4,0.0,0.0,0.0,0.0,0.0,0.0,0.0,0.0,1.0,0.0,0.0,0.0,9.0,4.0,0.0,0.0,0.0,0.0,0.0,0.0,0.0,0.0,3.0,12.0,1.0,12.17,5.01,2.51,1.49,0.0,0.0,0.0,361.3,0.0,-0.9,0.1,-0.7000000000000001,-169.60000000000002,0.0,0.0,169.60000000000002,0.0,21.700000000000003,28.9,28.9,30.9,300.0,300.0,31.700000000000003,35.9,28.9,28.0,29.9,4.95,2.0,4.96,0.16,0.0,0.0,1027.0,8228.0,0.0,0.0,0.0,0.0,0.0,1.0,0.0,0.0,0.0,0.0,0.0,-0.4,0.0,0.6000000000000001,0.0,0.0,16.0,25903.0
2026-07-30T19:04:03.883Z,413.366,413.382,0.0,7.4,0.0,0.0,0.0,0.0,0.0,0.0,0.0,0.0,1.0,0.0,0.0,0.0,9.0,4.0,0.0,0.0,0.0,0.0,0.0,0.0,0.0,0.0,4.0,12.0,1.0,12.17,5.01,2.51,1.49,0.0,0.0,0.0,361.3,0.0,0.1,0.1,-0.1,-169.60000000000002,0.0,0.0,169.70000000000002,0.0,21.700000000000003,28.9,28.9,30.9,300.0,300.0,31.700000000000003,35.9,28.9,28.0,29.9,4.95,1.99,4.97,0.16,0.0,0.0,1027.0,8228.0,0.0,0.0,0.0,0.0,0.0,1.0,0.0,0.0,0.0,0.0,0.0,0.0,0.0,0.1,0.0,0.0,16.0,25903.0
2026-07-30T19:04:03.895Z,413.378,413.394,0.0,7.4,0.0,0.0,0.0,0.0,0.0,0.0,0.0,0.0,1.0,0.0,0.0,0.0,9.0,4.0,0.0,0.0,0.0,0.0,0.0,0.0,0.0,0.0,6.0,12.0,1.0,12.19,5.0200000000000005,2.51,1.49,0.0,0.0,0.0,361.2000000000001,0.0,0.7000000000000001,1.3,-0.1,-169.60000000000002,0.0,0.0,169.70000000000002,0.0,21.3,28.9,28.9,30.9,300.0,300.0,31.700000000000003,35.9,28.9,28.0,29.9,4.95,2.0,4.97,0.16,0.0,0.0,1027.0,8228.0,0.0,0.0,0.0,0.0,0.0,1.0,0.0,0.0,0.0,0.0,0.0,1.4,0.0,0.4,0.0,0.0,16.0,25903.0
2026-07-30T19:04:03.907Z,413.39,413.406,0.0,7.4,0.0,0.0,0.0,0.0,0.0,0.0,0.0,0.0,1.0,0.0,0.0,0.0,9.0,4.0,0.0,0.0,0.0,0.0,0.0,0.0,0.0,0.0,1.0,12.0,1.0,12.19,5.0200000000000005,2.51,1.49,0.0,0.0,0.0,361.3,0.0,0.1,-0.4,-0.7000000000000001,-169.60000000000002,0.0,0.0,169.70000000000002,0.0,21.3,28.9,28.9,30.9,300.0,300.0,31.700000000000003,35.9,28.9,28.0,29.9,4.96,2.0,4.96,0.16,0.0,0.0,1027.0,8228.0,0.0,0.0,0.0,0.0,0.0,1.0,0.0,0.0,0.0,0.0,0.0,-1.0,0.0,0.6000000000000001,0.0,0.0,16.0,25903.0
2026-07-30T19:04:03.919Z,413.402,413.418,0.0,7.4,0.0,0.0,0.0,0.0,0.0,0.0,0.0,0.0,1.0,0.0,0.0,0.0,9.0,4.0,0.0,0.0,0.0,0.0,0.0,0.0,0.0,0.0,2.0,12.0,1.0,12.19,5.0200000000000005,2.51,1.49,0.0,0.0,0.0,361.3,0.0,-0.4,-0.9,-0.7000000000000001,-169.60000000000002,0.0,0.0,169.70000000000002,0.0,21.3,28.9,28.9,30.9,300.0,300.0,31.700000000000003,35.9,28.9,28.0,29.9,4.95,1.99,4.97,0.16,0.0,0.0,1027.0,8228.0,0.0,0.0,0.0,0.0,0.0,1.0,0.0,0.0,0.0,0.0,0.0,-1.6,0.0,0.4,0.0,0.0,16.0,25903.0
2026-07-30T19:04:03.931Z,413.414,413.43,0.0,7.4,0.0,0.0,0.0,0.0,0.0,0.0,0.0,0.0,1.0,0.0,0.0,0.0,9.0,4.0,0.0,0.0,0.0,0.0,0.0,0.0,0.0,0.0,4.0,12.0,1.0,12.19,5.0200000000000005,2.51,1.49,0.0,0.0,0.0,361.3,0.0,0.1,0.7000000000000001,-0.1,-169.60000000000002,0.0,0.0,169.70000000000002,0.0,21.3,28.9,28.9,30.9,300.0,300.0,31.700000000000003,35.9,28.9,28.0,29.9,4.95,1.99,4.96,0.16,0.0,0.0,1027.0,8228.0,0.0,0.0,0.0,0.0,0.0,1.0,0.0,0.0,0.0,0.0,0.0,0.7000000000000001,0.0,0.3,0.0,0.0,16.0,25903.0
2026-07-30T19:04:03.943Z,413.426,413.442,0.0,7.4,0.0,0.0,0.0,0.0,0.0,0.0,0.0,0.0,1.0,0.0,0.0,0.0,9.0,4.0,0.0,0.0,0.0,0.0,0.0,0.0,0.0,0.0,5.0,12.0,1.0,12.19,5.0200000000000005,2.51,1.49,0.0,0.0,0.0,361.4,0.0,-0.4,-0.3,-0.1,-169.60000000000002,0.0,0.0,169.60000000000002,0.0,21.3,28.9,28.9,30.9,300.0,300.0,31.700000000000003,35.9,28.9,28.0,29.9,4.96,1.99,4.96,0.16,0.0,0.0,1027.0,8228.0,0.0,0.0,0.0,0.0,0.0,1.0,0.0,0.0,0.0,0.0,0.0,-0.5,0.0,0.0,0.0,0.0,16.0,25903.0
2026-07-30T19:04:03.955Z,413.438,413.454,0.0,7.4,0.0,0.0,0.0,0.0,0.0,0.0,0.0,0.0,1.0,0.0,0.0,0.0,9.0,4.0,0.0,0.0,0.0,0.0,0.0,0.0,0.0,0.0,6.0,12.0,1.0,12.19,5.0200000000000005,2.51,1.49,0.0,0.0,0.0,361.4,0.0,0.1,-0.3,0.0,-169.60000000000002,0.0,0.0,169.60000000000002,0.0,21.3,28.9,28.9,30.9,300.0,300.0,31.700000000000003,35.9,28.9,28.0,29.9,4.96,1.99,4.96,0.16,0.0,0.0,1027.0,8228.0,0.0,0.0,0.0,0.0,0.0,1.0,0.0,0.0,0.0,0.0,0.0,-0.4,0.0,0.0,0.0,0.0,16.0,25903.0
2026-07-30T19:04:03.968Z,413.451,413.466,0.0,7.4,0.0,0.0,0.0,0.0,0.0,0.0,0.0,0.0,1.0,0.0,0.0,0.0,9.0,4.0,0.0,0.0,0.0,0.0,0.0,0.0,0.0,0.0,1.0,12.0,1.0,12.19,5.0200000000000005,2.51,1.49,0.0,0.0,0.0,361.3,0.0,0.1,-0.3,0.4,-169.60000000000002,0.0,0.0,169.60000000000002,0.0,21.3,28.9,28.9,30.9,300.0,300.0,31.700000000000003,35.9,28.9,28.0,29.9,4.96,1.99,4.97,0.16,0.0,0.0,1027.0,8228.0,0.0,0.0,0.0,0.0,0.0,1.0,0.0,0.0,0.0,0.0,0.0,0.0,0.0,-0.5,0.0,0.0,16.0,25903.0
2026-07-30T19:04:03.979Z,413.462,413.478,0.0,7.4,0.0,0.0,0.0,0.0,0.0,0.0,0.0,0.0,1.0,0.0,0.0,0.0,9.0,4.0,0.0,0.0,0.0,0.0,0.0,0.0,0.0,0.0,2.0,12.0,1.0,12.19,5.0200000000000005,2.51,1.49,0.0,0.0,0.0,361.3,0.0,-0.9,-0.2,1.0,-169.60000000000002,0.0,0.0,169.70000000000002,0.0,21.3,28.9,28.9,30.9,300.0,300.0,31.700000000000003,35.9,28.9,28.0,29.9,4.96,2.0,4.96,0.16,0.0,0.0,1027.0,8228.0,0.0,0.0,0.0,0.0,0.0,1.0,0.0,0.0,0.0,0.0,0.0,0.4,0.0,-1.0,0.0,0.0,16.0,25903.0
2026-07-30T19:04:03.993Z,413.476,413.49,0.0,7.4,0.0,0.0,0.0,0.0,0.0,0.0,0.0,0.0,1.0,0.0,0.0,0.0,9.0,4.0,0.0,0.0,0.0,0.0,0.0,0.0,0.0,0.0,3.0,12.0,1.0,12.15,5.01,2.51,1.49,0.0,0.1,0.0,361.3,0.0,-0.3,0.2,1.0,-169.60000000000002,0.0,0.0,169.60000000000002,0.0,21.4,28.9,28.9,30.9,300.0,300.0,31.700000000000003,35.9,28.8,28.0,29.9,4.96,1.99,4.96,0.16,0.0,0.0,1027.0,8228.0,0.0,0.0,0.0,0.0,0.0,1.0,0.0,0.0,0.0,0.0,0.0,1.0,0.0,-0.8,0.0,0.0,16.0,25903.0
2026-07-30T19:04:04.003Z,413.486,413.502,0.0,7.4,0.0,0.0,0.0,0.0,0.0,0.0,0.0,0.0,1.0,0.0,0.0,0.0,9.0,4.0,0.0,0.0,0.0,0.0,0.0,0.0,0.0,0.0,4.0,12.0,1.0,12.15,5.01,2.51,1.49,0.0,0.0,0.0,361.3,0.0,-0.9,0.2,-0.7000000000000001,-169.60000000000002,0.0,0.0,169.60000000000002,0.0,21.4,28.9,28.9,30.9,300.0,300.0,31.700000000000003,35.9,28.8,28.0,29.9,4.95,1.99,4.97,0.16,0.0,0.0,1027.0,8228.0,0.0,0.0,0.0,0.0,0.0,1.0,0.0,0.0,0.0,0.0,0.0,-0.2,0.0,0.6000000000000001,0.0,0.0,16.0,25903.0
2026-07-30T19:04:04.015Z,413.498,413.514,0.0,7.4,0.0,0.0,0.0,0.0,0.0,0.0,0.0,0.0,1.0,0.0,0.0,0.0,9.0,4.0,0.0,0.0,0.0,0.0,0.0,0.0,0.0,0.0,6.0,12.0,1.0,12.15,5.01,2.51,1.49,0.0,0.0,0.0,361.4,0.0,-0.3,-0.3,0.4,-169.60000000000002,0.0,0.0,169.60000000000002,0.0,21.4,28.9,28.9,30.9,300.0,300.0,31.700000000000003,35.9,28.8,28.0,29.9,4.96,2.0,4.96,0.16,0.0,0.0,1027.0,8228.0,0.0,0.0,0.0,0.0,0.0,1.0,0.0,0.0,0.0,0.0,0.0,0.0,0.0,-0.4,0.0,0.0,16.0,25903.0
2026-07-30T19:04:04.027Z,413.51,413.526,0.0,7.4,0.0,0.0,0.0,0.0,0.0,0.0,0.0,0.0,1.0,0.0,0.0,0.0,9.0,4.0,0.0,0.0,0.0,0.0,0.0,0.0,0.0,0.0,1.0,12.0,1.0,12.15,5.01,2.51,1.49,0.0,0.0,0.0,361.3,0.0,-1.4,0.2,-0.6000000000000001,-169.60000000000002,0.0,0.0,169.60000000000002,0.0,21.4,28.9,28.9,30.9,300.0,300.0,31.700000000000003,35.9,28.8,28.0,29.9,4.96,1.99,4.96,0.16,0.0,0.0,1027.0,8228.0,0.0,0.0,0.0,0.0,0.0,1.0,0.0,0.0,0.0,0.0,0.0,-0.2,0.0,0.6000000000000001,0.0,0.0,16.0,25903.0
2026-07-30T19:04:04.039Z,413.522,413.538,0.0,7.4,0.0,0.0,0.0,0.0,0.0,0.0,0.0,0.0,1.0,0.0,0.0,0.0,9.0,4.0,0.0,0.0,0.0,0.0,0.0,0.0,0.0,0.0,2.0,12.0,1.0,12.15,5.01,2.51,1.49,0.0,0.0,0.0,361.3,0.0,0.8,1.4,-0.7000000000000001,-169.60000000000002,0.0,0.0,169.70000000000002,0.0,21.4,28.9,28.9,30.9,300.0,300.0,31.700000000000003,35.9,28.8,28.0,29.9,4.96,1.99,4.96,0.16,0.0,0.0,1027.0,8228.0,0.0,0.0,0.0,0.0,0.0,1.0,0.0,0.0,0.0,0.0,0.0,1.0,0.0,0.9,0.0,0.0,16.0,25903.0
2026-07-30T19:04:04.051Z,413.534,413.55,0.0,7.4,0.0,0.0,0.0,0.0,0.0,0.0,0.0,0.0,1.0,0.0,0.0,0.0,9.0,4.0,0.0,0.0,0.0,0.0,0.0,0.0,0.0,0.0,3.0,12.0,1.0,12.15,5.01,2.51,1.49,0.0,0.0,0.0,361.3,0.0,0.2,-0.9,-0.6000000000000001,-169.60000000000002,0.0,0.0,169.70000000000002,0.0,21.4,28.9,28.9,30.9,300.0,300.0,31.700000000000003,35.9,28.8,28.0,29.9,4.95,1.99,4.97,0.16,0.0,0.0,1027.0,8228.0,0.0,0.0,0.0,0.0,0.0,1.0,0.0,0.0,0.0,0.0,0.0,-1.5,0.0,0.3,0.0,0.0,16.0,25903.0
2026-07-30T19:04:04.063Z,413.546,413.562,0.0,7.4,0.0,0.0,0.0,0.0,0.0,0.0,0.0,0.0,1.0,0.0,0.0,0.0,9.0,4.0,0.0,0.0,0.0,0.0,0.0,0.0,0.0,0.0,4.0,12.0,1.0,12.15,5.01,2.51,1.49,0.0,0.1,0.0,361.3,0.0,0.8,0.2,1.1,-169.60000000000002,0.0,0.0,169.60000000000002,0.0,21.4,28.9,28.9,30.9,300.0,300.0,31.700000000000003,35.9,28.8,28.0,29.9,4.96,2.0,4.96,0.16,0.0,0.0,1027.0,8228.0,0.0,0.0,0.0,0.0,0.0,1.0,0.0,0.0,0.0,0.0,0.0,1.0,0.0,-0.9,0.0,0.0,16.0,25903.0
2026-07-30T19:04:04.075Z,413.558,413.574,0.0,7.4,0.0,0.0,0.0,0.0,0.0,0.0,0.0,0.0,1.0,0.0,0.0,0.0,9.0,4.0,0.0,0.0,0.0,0.0,0.0,0.0,0.0,0.0,6.0,12.0,1.0,12.15,5.01,2.51,1.49,0.0,0.0,0.0,361.3,0.0,-0.9,0.2,1.1,-169.60000000000002,0.0,0.0,169.60000000000002,0.0,21.4,28.9,28.9,30.9,300.0,300.0,31.700000000000003,35.9,28.8,28.0,29.9,4.96,1.99,4.97,0.16,0.0,0.0,1027.0,8228.0,0.0,0.0,0.0,0.0,0.0,1.0,0.0,0.0,0.0,0.0,0.0,1.0,0.0,-0.9,0.0,0.0,16.0,25903.0
2026-07-30T19:04:04.087Z,413.57,413.586,0.0,7.4,0.0,0.0,0.0,0.0,0.0,0.0,0.0,0.0,1.0,0.0,0.0,0.0,9.0,4.0,0.0,0.0,0.0,0.0,0.0,0.0,0.0,0.0,1.0,12.0,1.0,12.15,5.01,2.51,1.49,0.0,0.0,0.0,361.3,0.0,0.2,0.1,-0.6000000000000001,-169.60000000000002,0.0,0.0,169.60000000000002,0.0,21.4,28.9,28.9,30.9,300.0,300.0,31.700000000000003,35.9,28.8,28.0,29.9,4.95,1.99,4.97,0.16,0.0,0.0,1027.0,8228.0,0.0,0.0,0.0,0.0,0.0,1.0,0.0,0.0,0.0,0.0,0.0,-0.2,0.0,0.5,0.0,0.0,16.0,25903.0
2026-07-30T19:04:04.099Z,413.582,413.598,0.0,7.4,0.0,0.0,0.0,0.0,0.0,0.0,0.0,0.0,1.0,0.0,0.0,0.0,9.0,4.0,0.0,0.0,0.0,0.0,0.0,0.0,0.0,0.0,2.0,12.0,1.0,12.18,5.01,2.5,1.49,0.0,0.0,0.0,361.3,0.0,0.2,-0.9,-0.5,-169.60000000000002,0.0,0.0,169.70000000000002,0.0,21.3,28.9,28.9,30.9,300.0,300.0,31.700000000000003,36.0,28.8,28.0,29.9,4.96,1.99,4.97,0.16,0.0,0.0,1027.0,8228.0,0.0,0.0,0.0,0.0,0.0,1.0,0.0,0.0,0.0,0.0,0.0,-1.4,0.0,0.3,0.0,0.0,16.0,25903.0
2026-07-30T19:04:04.111Z,413.594,413.61,0.0,7.4,0.0,0.0,0.0,0.0,0.0,0.0,0.0,0.0,1.0,0.0,0.0,0.0,9.0,4.0,0.0,0.0,0.0,0.0,0.0,0.0,0.0,0.0,4.0,12.0,1.0,12.18,5.01,2.5,1.49,0.0,0.0,0.0,361.3,0.0,0.8,-0.3,0.0,-169.60000000000002,0.0,0.0,169.60000000000002,0.0,21.3,28.9,28.9,30.9,300.0,300.0,31.700000000000003,36.0,28.8,28.0,29.9,4.95,1.99,4.97,0.16,0.0,0.0,1027.0,8228.0,0.0,0.0,0.0,0.0,0.0,1.0,0.0,0.0,0.0,0.0,0.0,-0.4,0.0,0.0,0.0,0.0,16.0,25903.0
2026-07-30T19:04:04.123Z,413.606,413.622,0.0,7.4,0.0,0.0,0.0,0.0,0.0,0.0,0.0,0.0,1.0,0.0,0.0,0.0,9.0,4.0,0.0,0.0,0.0,0.0,0.0,0.0,0.0,0.0,5.0,12.0,1.0,12.18,5.01,2.5,1.49,0.0,0.1,0.0,361.3,0.0,0.3,1.3,0.5,-169.60000000000002,0.0,0.0,169.60000000000002,0.0,21.3,28.9,28.9,30.9,300.0,300.0,31.700000000000003,36.0,28.8,28.0,29.9,4.95,1.99,4.97,0.16,0.0,0.0,1027.0,8228.0,0.0,0.0,0.0,0.0,0.0,1.0,0.0,0.0,0.0,0.0,0.0,1.9,0.0,-0.2,0.0,0.0,16.0,25903.0
2026-07-30T19:04:04.135Z,413.618,413.634,0.0,7.4,0.0,0.0,0.0,0.0,0.0,0.0,0.0,0.0,1.0,0.0,0.0,0.0,9.0,4.0,0.0,0.0,0.0,0.0,0.0,0.0,0.0,0.0,1.0,12.0,1.0,12.18,5.01,2.5,1.49,0.0,0.0,0.0,361.3,0.0,0.3,0.8,0.0,-169.60000000000002,0.0,0.0,169.60000000000002,0.0,21.3,28.9,28.9,30.9,300.0,300.0,31.700000000000003,36.0,28.8,28.0,29.9,4.95,1.99,4.97,0.16,0.0,0.0,1027.0,8228.0,0.0,0.0,0.0,0.0,0.0,1.0,0.0,0.0,0.0,0.0,0.0,0.9,0.0,0.1,0.0,0.0,16.0,25903.0
2026-07-30T19:04:04.147Z,413.63,413.646,0.0,7.4,0.0,0.0,0.0,0.0,0.0,0.0,0.0,0.0,1.0,0.0,0.0,0.0,9.0,4.0,0.0,0.0,0.0,0.0,0.0,0.0,0.0,0.0,3.0,12.0,1.0,12.18,5.01,2.5,1.49,0.0,0.0,0.0,361.2000000000001,0.0,0.3,0.2,0.0,-169.60000000000002,0.0,0.0,169.60000000000002,0.0,21.3,28.9,28.9,30.9,300.0,300.0,31.700000000000003,36.0,28.8,28.0,29.9,4.96,1.99,4.96,0.16,0.0,0.0,1027.0,8228.0,0.0,0.0,0.0,0.0,0.0,1.0,0.0,0.0,0.0,0.0,0.0,0.2,0.0,0.0,0.0,0.0,16.0,25903.0
2026-07-30T19:04:04.160Z,413.643,413.658,0.0,7.4,0.0,0.0,0.0,0.0,0.0,0.0,0.0,0.0,1.0,0.0,0.0,0.0,9.0,4.0,0.0,0.0,0.0,0.0,0.0,0.0,0.0,0.0,4.0,12.0,1.0,12.18,5.01,2.5,1.49,0.0,0.0,0.0,361.3,0.0,0.3,-0.3,1.7000000000000002,-169.60000000000002,0.0,0.0,169.60000000000002,0.0,21.3,28.9,28.9,30.9,300.0,300.0,31.700000000000003,36.0,28.8,28.0,29.9,4.95,1.99,4.97,0.16,0.0,0.0,1027.0,8228.0,0.0,0.0,0.0,0.0,0.0,1.0,0.0,0.0,0.0,0.0,0.0,0.9,0.0,-1.6,0.0,0.0,16.0,25903.0
2026-07-30T19:04:04.171Z,413.654,413.67,0.0,7.4,0.0,0.0,0.0,0.0,0.0,0.0,0.0,0.0,1.0,0.0,0.0,0.0,9.0,4.0,0.0,0.0,0.0,0.0,0.0,0.0,0.0,0.0,5.0,12.0,1.0,12.18,5.01,2.5,1.49,0.0,0.1,0.0,361.3,0.0,-0.8,1.3,1.2000000000000002,-169.60000000000002,0.0,0.0,169.60000000000002,0.0,21.3,28.9,28.9,30.9,300.0,300.0,31.700000000000003,36.0,28.8,28.0,29.9,4.95,1.99,4.97,0.16,0.0,0.0,1027.0,8228.0,0.0,0.0,0.0,0.0,0.0,1.0,0.0,0.0,0.0,0.0,0.0,2.4000000000000004,0.0,-0.7000000000000001,0.0,0.0,16.0,25903.0
2026-07-30T19:04:04.183Z,413.666,413.682,0.0,7.4,0.0,0.0,0.0,0.0,0.0,0.0,0.0,0.0,1.0,0.0,0.0,0.0,9.0,4.0,0.0,0.0,0.0,0.0,0.0,0.0,0.0,0.0,6.0,12.0,1.0,12.18,5.01,2.5,1.49,0.0,0.0,0.0,361.3,0.0,0.9,0.2,0.6000000000000001,-169.60000000000002,0.0,0.0,169.60000000000002,0.0,21.3,28.9,28.9,30.9,300.0,300.0,31.700000000000003,36.0,28.8,28.0,29.9,4.96,1.99,4.97,0.16,0.0,0.0,1027.0,8228.0,0.0,0.0,0.0,0.0,0.0,1.0,0.0,0.0,0.0,0.0,0.0,0.7000000000000001,0.0,-0.4,0.0,0.0,16.0,25903.0
2026-07-30T19:04:04.196Z,413.679,413.694,0.0,7.4,0.0,0.0,0.0,0.0,0.0,0.0,0.0,0.0,1.0,0.0,0.0,0.0,9.0,4.0,0.0,0.0,0.0,0.0,0.0,0.0,0.0,0.0,2.0,12.0,1.0,12.14,5.0200000000000005,2.51,1.49,0.0,0.0,0.0,361.3,0.0,0.3,-0.9,0.0,-169.60000000000002,0.0,0.0,169.60000000000002,0.0,21.700000000000003,28.9,28.9,30.9,300.0,300.0,31.8,35.9,28.9,28.0,29.9,4.95,1.99,4.96,0.16,0.0,0.0,1027.0,8228.0,0.0,0.0,0.0,0.0,0.0,1.0,0.0,0.0,0.0,0.0,0.0,-1.1,0.0,-0.1,0.0,0.0,16.0,25903.0
2026-07-30T19:04:04.207Z,413.69,413.706,0.0,7.4,0.0,0.0,0.0,0.0,0.0,0.0,0.0,0.0,1.0,0.0,0.0,0.0,9.0,4.0,0.0,0.0,0.0,0.0,0.0,0.0,0.0,0.0,3.0,12.0,1.0,12.14,5.0200000000000005,2.51,1.49,0.0,0.0,0.0,361.3,0.0,0.3,-0.9,-0.6000000000000001,-169.60000000000002,0.0,0.0,169.60000000000002,0.0,21.700000000000003,28.9,28.9,30.9,300.0,300.0,31.8,35.9,28.9,28.0,29.9,4.95,1.99,4.97,0.16,0.0,0.0,1027.0,8228.0,0.0,0.0,0.0,0.0,0.0,1.0,0.0,0.0,0.0,0.0,0.0,-1.5,0.0,0.3,0.0,0.0,16.0,25903.0
2026-07-30T19:04:04.219Z,413.702,413.718,0.0,7.4,0.0,0.0,0.0,0.0,0.0,0.0,0.0,0.0,1.0,0.0,0.0,0.0,9.0,4.0,0.0,0.0,0.0,0.0,0.0,0.0,0.0,0.0,5.0,12.0,1.0,12.14,5.0200000000000005,2.51,1.49,0.0,0.0,0.0,361.2000000000001,0.0,-0.8,0.2,-0.7000000000000001,-169.60000000000002,0.0,0.0,169.60000000000002,0.0,21.700000000000003,28.9,28.9,30.9,300.0,300.0,31.8,35.9,28.9,28.0,29.9,4.95,1.99,4.96,0.16,0.0,0.0,1027.0,8228.0,0.0,0.0,0.0,0.0,0.0,1.0,0.0,0.0,0.0,0.0,0.0,-0.2,0.0,0.6000000000000001,0.0,0.0,16.0,25903.0
2026-07-30T19:04:04.231Z,413.714,413.73,0.0,7.4,0.0,0.0,0.0,0.0,0.0,0.0,0.0,0.0,1.0,0.0,0.0,0.0,9.0,4.0,0.0,0.0,0.0,0.0,0.0,0.0,0.0,0.0,6.0,12.0,1.0,12.14,5.0200000000000005,2.51,1.49,0.0,0.0,0.0,361.3,0.0,0.2,1.3,0.4,-169.60000000000002,0.0,0.0,169.60000000000002,0.0,21.700000000000003,28.9,28.9,30.9,300.0,300.0,31.8,35.9,28.9,28.0,29.9,4.96,1.99,4.96,0.16,0.0,0.0,1027.0,8228.0,0.0,0.0,0.0,0.0,0.0,1.0,0.0,0.0,0.0,0.0,0.0,1.9,0.0,-0.1,0.0,0.0,16.0,25903.0
2026-07-30T19:04:04.243Z,413.726,413.742,0.0,7.4,0.0,0.0,0.0,0.0,0.0,0.0,0.0,0.0,1.0,0.0,0.0,0.0,9.0,4.0,0.0,0.0,0.0,0.0,0.0,0.0,0.0,0.0,1.0,12.0,1.0,12.14,5.0200000000000005,2.51,1.49,0.0,0.0,0.0,361.4,0.0,0.2,0.1,-0.7000000000000001,-169.60000000000002,0.0,0.0,169.60000000000002,0.0,21.700000000000003,28.9,28.9,30.9,300.0,300.0,31.8,35.9,28.9,28.0,29.9,4.95,1.99,4.97,0.16,0.0,0.0,1027.0,8228.0,0.0,0.0,0.0,0.0,0.0,1.0,0.0,0.0,0.0,0.0,0.0,-0.3,0.0,0.6000000000000001,0.0,0.0,16.0,25903.0
2026-07-30T19:04:04.255Z,413.738,413.754,0.0,7.4,0.0,0.0,0.0,0.0,0.0,0.0,0.0,0.0,1.0,0.0,0.0,0.0,9.0,4.0,0.0,0.0,0.0,0.0,0.0,0.0,0.0,0.0,2.0,12.0,1.0,12.14,5.0200000000000005,2.51,1.49,0.0,0.0,0.0,361.3,0.0,-0.3,-0.3,0.4,-169.60000000000002,0.0,0.0,169.60000000000002,0.0,21.700000000000003,28.9,28.9,30.9,300.0,300.0,31.8,35.9,28.9,28.0,29.9,4.95,1.99,4.96,0.16,0.0,0.0,1027.0,8228.0,0.0,0.0,0.0,0.0,0.0,1.0,0.0,0.0,0.0,0.0,0.0,0.0,0.0,-0.4,0.0,0.0,16.0,25903.0
2026-07-30T19:04:04.267Z,413.75,413.766,0.0,7.4,0.0,0.0,0.0,0.0,0.0,0.0,0.0,0.0,1.0,0.0,0.0,0.0,9.0,4.0,0.0,0.0,0.0,0.0,0.0,0.0,0.0,0.0,3.0,12.0,1.0,12.14,5.0200000000000005,2.51,1.49,0.0,0.0,0.0,361.3,0.0,0.2,1.3,-0.6000000000000001,-169.60000000000002,0.0,0.0,169.60000000000002,0.0,21.700000000000003,28.9,28.9,30.9,300.0,300.0,31.8,35.9,28.9,28.0,29.9,4.95,1.99,4.96,0.16,0.0,0.0,1027.0,8228.0,0.0,0.0,0.0,0.0,0.0,1.0,0.0,0.0,0.0,0.0,0.0,1.0,0.0,0.8,0.0,0.0,16.0,25903.0
2026-07-30T19:04:04.279Z,413.762,413.778,0.0,7.4,0.0,0.0,0.0,0.0,0.0,0.0,0.0,0.0,1.0,0.0,0.0,0.0,9.0,4.0,0.0,0.0,0.0,0.0,0.0,0.0,0.0,0.0,5.0,12.0,1.0,12.14,5.0200000000000005,2.51,1.49,0.0,0.0,0.0,361.3,0.0,-0.3,-0.3,-0.6000000000000001,-169.60000000000002,0.0,0.0,169.60000000000002,0.0,21.700000000000003,28.9,28.9,30.9,300.0,300.0,31.8,35.9,28.9,28.0,29.9,4.95,1.99,4.96,0.16,0.0,0.0,1027.0,8228.0,0.0,0.0,0.0,0.0,0.0,1.0,0.0,0.0,0.0,0.0,0.0,-0.9,0.0,0.5,0.0,0.0,16.0,25903.0
2026-07-30T19:04:04.291Z,413.774,413.79,0.0,7.4,0.0,0.0,0.0,0.0,0.0,0.0,0.0,0.0,1.0,0.0,0.0,0.0,9.0,4.0,0.0,0.0,0.0,0.0,0.0,0.0,0.0,0.0,6.0,12.0,1.0,12.14,5.0200000000000005,2.51,1.49,0.0,0.0,0.0,361.4,0.0,0.9,-0.3,0.5,-169.60000000000002,0.0,0.0,169.70000000000002,0.0,21.700000000000003,28.9,28.9,30.9,300.0,300.0,31.8,35.9,28.9,28.0,29.9,4.96,1.99,4.97,0.16,0.0,0.0,1027.0,8228.0,0.0,0.0,0.0,0.0,0.0,1.0,0.0,0.0,0.0,0.0,0.0,0.6000000000000001,0.0,-0.4,0.0,0.0,16.0,25903.0
2026-07-30T19:04:04.303Z,413.786,413.802,0.0,7.4,0.0,0.0,0.0,0.0,0.0,0.0,0.0,0.0,1.0,0.0,0.0,0.0,9.0,4.0,0.0,0.0,0.0,0.0,0.0,0.0,0.0,0.0,2.0,12.0,1.0,12.17,5.0200000000000005,2.51,1.49,0.0,0.0,0.0,361.3,0.0,-0.2,-0.9,-0.6000000000000001,-169.60000000000002,0.0,0.0,169.60000000000002,0.0,21.200000000000003,28.9,28.9,30.9,300.0,300.0,31.700000000000003,35.9,28.9,28.0,29.9,4.96,1.99,4.96,0.16,0.0,0.0,1027.0,8228.0,0.0,0.0,0.0,0.0,0.0,1.0,0.0,0.0,0.0,0.0,0.0,0.0,0.0,-0.5,0.0,0.0,16.0,25903.0
2026-07-30T19:04:04.315Z,413.798,413.814,0.0,7.4,0.0,0.0,0.0,0.0,0.0,0.0,0.0,0.0,1.0,0.0,0.0,0.0,9.0,4.0,0.0,0.0,0.0,0.0,0.0,0.0,0.0,0.0,3.0,12.0,1.0,12.17,5.0200000000000005,2.51,1.49,0.0,0.0,0.0,361.3,0.0,-0.3,0.1,-0.1,-169.60000000000002,0.0,0.0,169.60000000000002,0.0,21.200000000000003,28.9,28.9,30.9,300.0,300.0,31.700000000000003,35.9,28.9,28.0,29.9,4.96,1.99,4.96,0.16,0.0,0.0,1027.0,8228.0,0.0,0.0,0.0,0.0,0.0,1.0,0.0,0.0,0.0,0.0,0.0,2.3000000000000003,0.0,-0.6000000000000001,0.0,0.0,16.0,25903.0
2026-07-30T19:04:04.327Z,413.81,413.826,0.0,7.4,0.0,0.0,0.0,0.0,0.0,0.0,0.0,0.0,1.0,0.0,0.0,0.0,9.0,4.0,0.0,0.0,0.0,0.0,0.0,0.0,0.0,0.0,5.0,12.0,1.0,12.17,5.0200000000000005,2.51,1.49,0.0,0.0,0.0,361.4,0.0,0.2,0.1,0.0,-169.60000000000002,0.0,0.0,169.60000000000002,0.0,21.200000000000003,28.9,28.9,30.9,300.0,300.0,31.700000000000003,35.9,28.9,28.0,29.9,4.95,1.99,4.96,0.16,0.0,0.0,1027.0,8228.0,0.0,0.0,0.0,0.0,0.0,1.0,0.0,0.0,0.0,0.0,0.0,0.1,0.0,0.1,0.0,0.0,16.0,25903.0
2026-07-30T19:04:04.339Z,413.822,413.838,0.0,7.4,0.0,0.0,0.0,0.0,0.0,0.0,0.0,0.0,1.0,0.0,0.0,0.0,9.0,4.0,0.0,0.0,0.0,0.0,0.0,0.0,0.0,0.0,6.0,12.0,1.0,12.17,5.0200000000000005,2.51,1.49,0.0,0.0,0.0,361.4,0.0,0.2,-1.0,-0.1,-169.60000000000002,0.0,0.0,169.60000000000002,0.0,21.200000000000003,28.9,28.9,30.9,300.0,300.0,31.700000000000003,35.9,28.9,28.0,29.9,4.96,1.99,4.96,0.16,0.0,0.0,1027.0,8228.0,0.0,0.0,0.0,0.0,0.0,1.0,0.0,0.0,0.0,0.0,0.0,-1.3,0.0,-0.1,0.0,0.0,16.0,25903.0
2026-07-30T19:04:04.351Z,413.834,413.85,0.0,7.4,0.0,0.0,0.0,0.0,0.0,0.0,0.0,0.0,1.0,0.0,0.0,0.0,9.0,4.0,0.0,0.0,0.0,0.0,0.0,0.0,0.0,0.0,1.0,12.0,1.0,12.17,5.0200000000000005,2.51,1.49,0.0,0.0,0.0,361.4,0.0,-0.2,-1.0,0.4,-169.60000000000002,0.0,0.0,169.60000000000002,0.0,21.200000000000003,28.9,28.9,30.9,300.0,300.0,31.700000000000003,35.9,28.9,28.0,29.9,4.95,1.99,4.97,0.16,0.0,0.0,1027.0,8228.0,0.0,0.0,0.0,0.0,0.0,1.0,0.0,0.0,0.0,0.0,0.0,-0.8,0.0,-0.6000000000000001,0.0,0.0,16.0,25903.0
2026-07-30T19:04:04.363Z,413.846,413.862,0.0,7.4,0.0,0.0,0.0,0.0,0.0,0.0,0.0,0.0,1.0,0.0,0.0,0.0,9.0,4.0,0.0,0.0,0.0,0.0,0.0,0.0,0.0,0.0,3.0,12.0,1.0,12.17,5.0200000000000005,2.51,1.49,0.0,0.0,0.0,361.3,0.0,-0.8,-0.4,-0.6000000000000001,-169.60000000000002,0.0,0.0,169.60000000000002,0.0,21.200000000000003,28.9,28.9,30.9,300.0,300.0,31.700000000000003,35.9,28.9,28.0,29.9,4.95,1.99,4.97,0.16,0.0,0.0,1027.0,8228.0,0.0,0.0,0.0,0.0,0.0,1.0,0.0,0.0,0.0,0.0,0.0,-1.0,0.0,0.5,0.0,0.0,16.0,25903.0
2026-07-30T19:04:04.375Z,413.858,413.874,0.0,7.4,0.0,0.0,0.0,0.0,0.0,0.0,0.0,0.0,1.0,0.0,0.0,0.0,9.0,4.0,0.0,0.0,0.0,0.0,0.0,0.0,0.0,0.0,4.0,12.0,1.0,12.17,5.0200000000000005,2.51,1.49,0.0,0.0,0.0,361.3,0.0,-0.2,-0.4,-1.8,-169.60000000000002,0.0,0.0,169.60000000000002,0.0,21.200000000000003,28.9,28.9,30.9,300.0,300.0,31.700000000000003,35.9,28.9,28.0,29.9,4.95,1.99,4.97,0.16,0.0,0.0,1027.0,8228.0,0.0,0.0,0.0,0.0,0.0,1.0,0.0,0.0,0.0,0.0,0.0,-1.9,0.0,1.5,0.0,0.0,16.0,25903.0
2026-07-30T19:04:04.387Z,413.87,413.886,0.0,7.4,0.0,0.0,0.0,0.0,0.0,0.0,0.0,0.0,1.0,0.0,0.0,0.0,9.0,4.0,0.0,0.0,0.0,0.0,0.0,0.0,0.0,0.0,5.0,12.0,1.0,12.17,5.0200000000000005,2.51,1.49,0.0,0.0,0.0,361.3,0.0,-0.8,1.2000000000000002,1.1,-169.60000000000002,0.0,0.0,169.60000000000002,0.0,21.200000000000003,28.9,28.9,30.9,300.0,300.0,31.700000000000003,35.9,28.9,28.0,29.9,4.96,1.99,4.96,0.15,0.0,0.0,1027.0,8228.0,0.0,0.0,0.0,0.0,0.0,1.0,0.0,0.0,0.0,0.0,0.0,2.2,0.0,-0.7000000000000001,0.0,0.0,16.0,25903.0
2026-07-30T19:04:04.400Z,413.883,413.898,0.0,7.4,0.0,0.0,0.0,0.0,0.0,0.0,0.0,0.0,1.0,0.0,0.0,0.0,9.0,4.0,0.0,0.0,0.0,0.0,0.0,0.0,0.0,0.0,1.0,12.0,1.0,12.2,5.0200000000000005,2.5,1.49,0.0,0.1,0.0,361.3,0.0,0.3,0.0,0.0,-169.60000000000002,0.0,0.0,169.60000000000002,0.0,21.4,28.9,28.9,30.9,300.0,300.0,31.8,35.9,28.9,28.1,29.9,4.95,1.99,4.96,0.15,0.0,0.0,1027.0,8228.0,0.0,0.0,0.0,0.0,0.0,1.0,0.0,0.0,0.0,0.0,0.0,0.0,0.0,0.0,0.0,0.0,16.0,25903.0
2026-07-30T19:04:04.411Z,413.894,413.91,0.0,7.4,0.0,0.0,0.0,0.0,0.0,0.0,0.0,0.0,1.0,0.0,0.0,0.0,9.0,4.0,0.0,0.0,0.0,0.0,0.0,0.0,0.0,0.0,2.0,12.0,1.0,12.2,5.0200000000000005,2.5,1.49,0.0,0.0,0.0,361.3,0.0,-0.2,0.0,1.6,-169.60000000000002,0.0,0.0,169.60000000000002,0.0,21.4,28.9,28.9,30.9,300.0,300.0,31.8,35.9,28.9,28.1,29.9,4.95,2.0,4.96,0.16,0.0,0.0,1027.0,8228.0,0.0,0.0,0.0,0.0,0.0,1.0,0.0,0.0,0.0,0.0,0.0,1.3,0.0,-1.4,0.0,0.0,16.0,25903.0
2026-07-30T19:04:04.423Z,413.906,413.922,0.0,7.4,0.0,0.0,0.0,0.0,0.0,0.0,0.0,0.0,1.0,0.0,0.0,0.0,9.0,4.0,0.0,0.0,0.0,0.0,0.0,0.0,0.0,0.0,3.0,12.0,1.0,12.2,5.0200000000000005,2.5,1.49,0.0,0.1,0.0,361.3,0.0,0.3,1.2000000000000002,0.4,-169.60000000000002,0.0,0.0,169.60000000000002,0.0,21.4,28.9,28.9,30.9,300.0,300.0,31.8,35.9,28.9,28.1,29.9,4.96,2.01,4.96,0.16,0.0,0.0,1027.0,8228.0,0.0,0.0,0.0,0.0,0.0,1.0,0.0,0.0,0.0,0.0,0.0,1.7000000000000002,0.0,-0.1,0.0,0.0,16.0,25903.0
2026-07-30T19:04:04.435Z,413.918,413.934,0.0,7.4,0.0,0.0,0.0,0.0,0.0,0.0,0.0,0.0,1.0,0.0,0.0,0.0,9.0,4.0,0.0,0.0,0.0,0.0,0.0,0.0,0.0,0.0,4.0,12.0,1.0,12.2,5.0200000000000005,2.5,1.49,0.0,0.0,0.0,361.3,0.0,0.3,1.2000000000000002,0.0,-169.60000000000002,0.0,0.0,169.60000000000002,0.0,21.4,28.9,28.9,30.9,300.0,300.0,31.8,35.9,28.9,28.1,29.9,4.95,2.01,4.96,0.16,0.0,0.0,1027.0,8228.0,0.0,0.0,0.0,0.0,0.0,1.0,0.0,0.0,0.0,0.0,0.0,1.3,0.0,0.3,0.0,0.0,16.0,25903.0
2026-07-30T19:04:04.447Z,413.93,413.946,0.0,7.4,0.0,0.0,0.0,0.0,0.0,0.0,0.0,0.0,1.0,0.0,0.0,0.0,9.0,4.0,0.0,0.0,0.0,0.0,0.0,0.0,0.0,0.0,5.0,12.0,1.0,12.2,5.0200000000000005,2.5,1.49,0.0,0.0,0.0,361.4,0.0,-0.8,-1.1,-0.1,-169.60000000000002,0.0,0.0,169.60000000000002,0.0,21.4,28.9,28.9,30.9,300.0,300.0,31.8,35.9,28.9,28.1,29.9,4.95,1.99,4.97,0.16,0.0,0.0,1027.0,8228.0,0.0,0.0,0.0,0.0,0.0,1.0,0.0,0.0,0.0,0.0,0.0,-1.3,0.0,-0.1,0.0,0.0,16.0,25903.0
2026-07-30T19:04:04.459Z,413.942,413.958,0.0,7.4,0.0,0.0,0.0,0.0,0.0,0.0,0.0,0.0,1.0,0.0,0.0,0.0,9.0,4.0,0.0,0.0,0.0,0.0,0.0,0.0,0.0,0.0,6.0,12.0,1.0,12.2,5.0200000000000005,2.5,1.49,0.0,0.0,0.0,361.3,0.0,-0.3,-0.5,0.0,-169.60000000000002,0.0,0.0,169.70000000000002,0.0,21.4,28.9,28.9,30.9,300.0,300.0,31.8,35.9,28.9,28.1,29.9,4.95,1.99,4.97,0.16,0.0,0.0,1027.0,8228.0,0.0,0.0,0.0,0.0,0.0,1.0,0.0,0.0,0.0,0.0,0.0,-0.7000000000000001,0.0,0.0,0.0,0.0,16.0,25903.0
2026-07-30T19:04:04.471Z,413.954,413.97,0.0,7.4,0.0,0.0,0.0,0.0,0.0,0.0,0.0,0.0,1.0,0.0,0.0,0.0,9.0,4.0,0.0,0.0,0.0,0.0,0.0,0.0,0.0,0.0,1.0,12.0,1.0,12.2,5.0200000000000005,2.5,1.49,0.0,0.0,0.0,361.3,0.0,0.2,0.0,0.0,-169.60000000000002,0.0,0.0,169.60000000000002,0.0,21.4,28.9,28.9,30.9,300.0,300.0,31.8,35.9,28.9,28.1,29.9,4.96,1.99,4.97,0.16,0.0,0.0,1027.0,8228.0,0.0,0.0,0.0,0.0,0.0,1.0,0.0,0.0,0.0,0.0,0.0,-0.1,0.0,0.0,0.0,0.0,16.0,25903.0
2026-07-30T19:04:04.483Z,413.966,413.982,0.0,7.4,0.0,0.0,0.0,0.0,0.0,0.0,0.0,0.0,1.0,0.0,0.0,0.0,9.0,4.0,0.0,0.0,0.0,0.0,0.0,0.0,0.0,0.0,2.0,12.0,1.0,12.2,5.0200000000000005,2.5,1.49,-0.1,0.0,0.0,361.2000000000001,0.0,0.2,0.0,0.0,-169.60000000000002,0.0,0.0,169.60000000000002,0.0,21.4,28.9,28.9,30.9,300.0,300.0,31.8,35.9,28.9,28.1,29.9,4.95,1.99,4.97,0.16,0.0,0.0,1027.0,8228.0,0.0,0.0,0.0,0.0,0.0,1.0,0.0,0.0,0.0,0.0,0.0,0.0,0.0,0.0,0.0,0.0,16.0,25903.0
2026-07-30T19:04:04.495Z,413.978,413.994,0.0,7.4,0.0,0.0,0.0,0.0,0.0,0.0,0.0,0.0,1.0,0.0,0.0,0.0,9.0,4.0,0.0,0.0,0.0,0.0,0.0,0.0,0.0,0.0,3.0,12.0,1.0,12.2,5.0200000000000005,2.5,1.49,0.0,0.0,0.0,361.3,0.0,0.2,-0.5,0.5,-169.60000000000002,0.0,0.0,169.60000000000002,0.0,21.4,28.9,28.9,30.9,300.0,300.0,31.8,35.9,28.9,28.1,29.9,4.96,1.99,4.97,0.16,0.0,0.0,1027.0,8228.0,0.0,0.0,0.0,0.0,0.0,1.0,0.0,0.0,0.0,0.0,0.0,-0.2,0.0,-0.5,0.0,0.0,16.0,25903.0
2026-07-30T19:04:04.507Z,413.99,414.006,0.0,7.4,0.0,0.0,0.0,0.0,0.0,0.0,0.0,0.0,1.0,0.0,0.0,0.0,9.0,4.0,0.0,0.0,0.0,0.0,0.0,0.0,0.0,0.0,5.0,12.0,1.0,12.17,5.0200000000000005,2.51,1.49,0.0,0.1,0.0,361.3,0.0,0.2,0.5,0.5,-169.60000000000002,0.0,0.0,169.70000000000002,0.0,21.3,28.9,28.9,30.9,300.0,300.0,31.8,36.0,28.9,28.0,29.9,4.96,1.99,4.96,0.16,0.0,0.0,1027.0,8228.0,0.0,0.0,0.0,0.0,0.0,1.0,0.0,0.0,0.0,0.0,0.0,1.0,0.0,-0.3,0.0,0.0,16.0,25903.0
2026-07-30T19:04:04.519Z,414.002,414.018,0.0,7.4,0.0,0.0,0.0,0.0,0.0,0.0,0.0,0.0,1.0,0.0,0.0,0.0,9.0,4.0,0.0,0.0,0.0,0.0,0.0,0.0,0.0,0.0,6.0,12.0,1.0,12.17,5.0200000000000005,2.51,1.49,0.0,0.0,0.0,361.3,0.0,-0.3,0.6000000000000001,0.5,-169.60000000000002,0.0,0.0,169.60000000000002,0.0,21.3,28.9,28.9,30.9,300.0,300.0,31.8,36.0,28.9,28.0,29.9,4.95,1.99,4.96,0.16,0.0,0.0,1027.0,8228.0,0.0,0.0,0.0,0.0,0.0,1.0,0.0,0.0,0.0,0.0,0.0,1.0,0.0,-0.3,0.0,0.0,16.0,25903.0
2026-07-30T19:04:04.532Z,414.015,414.03,0.0,7.4,0.0,0.0,0.0,0.0,0.0,0.0,0.0,0.0,1.0,0.0,0.0,0.0,9.0,4.0,0.0,0.0,0.0,0.0,0.0,0.0,0.0,0.0,1.0,12.0,1.0,12.17,5.0200000000000005,2.51,1.49,0.0,0.0,0.0,361.3,0.0,0.2,0.6000000000000001,1.0,-169.60000000000002,0.0,0.0,169.60000000000002,0.0,21.3,28.9,28.9,30.9,300.0,300.0,31.8,36.0,28.9,28.0,29.9,4.96,1.99,4.97,0.16,0.0,0.0,1027.0,8228.0,0.0,0.0,0.0,0.0,0.0,1.0,0.0,0.0,0.0,0.0,0.0,1.5,0.0,-0.8,0.0,0.0,16.0,25903.0
2026-07-30T19:04:04.543Z,414.026,414.042,0.0,7.4,0.0,0.0,0.0,0.0,0.0,0.0,0.0,0.0,1.0,0.0,0.0,0.0,9.0,4.0,0.0,0.0,0.0,0.0,0.0,0.0,0.0,0.0,2.0,12.0,1.0,12.17,5.0200000000000005,2.51,1.49,0.0,0.0,0.0,361.2000000000001,0.0,-0.8,-0.5,0.0,-169.60000000000002,0.0,0.0,169.60000000000002,0.0,21.3,28.9,28.9,30.9,300.0,300.0,31.8,36.0,28.9,28.0,29.9,4.96,1.99,4.96,0.16,0.0,0.0,1027.0,8228.0,0.0,0.0,0.0,0.0,0.0,1.0,0.0,0.0,0.0,0.0,0.0,-0.6000000000000001,0.0,0.0,0.0,0.0,16.0,25903.0
2026-07-30T19:04:04.555Z,414.038,414.054,0.0,7.4,0.0,0.0,0.0,0.0,0.0,0.0,0.0,0.0,1.0,0.0,0.0,0.0,9.0,4.0,0.0,0.0,0.0,0.0,0.0,0.0,0.0,0.0,3.0,12.0,1.0,12.17,5.0200000000000005,2.51,1.49,0.0,0.0,0.0,361.3,0.0,-0.3,0.0,0.0,-169.60000000000002,0.0,0.0,169.60000000000002,0.0,21.3,28.9,28.9,30.9,300.0,300.0,31.8,36.0,28.9,28.0,29.9,4.96,1.99,4.97,0.16,0.0,0.0,1027.0,8228.0,0.0,0.0,0.0,0.0,0.0,1.0,0.0,0.0,0.0,0.0,0.0,0.1,0.0,0.0,0.0,0.0,16.0,25903.0
2026-07-30T19:04:04.567Z,414.05,414.066,0.0,7.4,0.0,0.0,0.0,0.0,0.0,0.0,0.0,0.0,1.0,0.0,0.0,0.0,9.0,4.0,0.0,0.0,0.0,0.0,0.0,0.0,0.0,0.0,5.0,12.0,1.0,12.17,5.0200000000000005,2.51,1.49,0.0,0.0,0.0,361.3,0.0,-0.3,0.0,0.6000000000000001,-169.60000000000002,0.0,0.0,169.60000000000002,0.0,21.3,28.9,28.9,30.9,300.0,300.0,31.8,36.0,28.9,28.0,29.9,4.95,1.99,4.97,0.16,0.0,0.0,1027.0,8228.0,0.0,0.0,0.0,0.0,0.0,1.0,0.0,0.0,0.0,0.0,0.0,0.5,0.0,-0.5,0.0,0.0,16.0,25903.0
2026-07-30T19:04:04.579Z,414.062,414.078,0.0,7.4,0.0,0.0,0.0,0.0,0.0,0.0,0.0,0.0,1.0,0.0,0.0,0.0,9.0,4.0,0.0,0.0,0.0,0.0,0.0,0.0,0.0,0.0,6.0,12.0,1.0,12.17,5.0200000000000005,2.51,1.49,0.0,0.0,0.0,361.3,0.0,0.2,-1.0,-1.1,-169.60000000000002,0.0,0.0,169.60000000000002,0.0,21.3,28.9,28.9,30.9,300.0,300.0,31.8,36.0,28.9,28.0,29.9,4.96,1.99,4.96,0.16,0.0,0.0,1027.0,8228.0,0.0,0.0,0.0,0.0,0.0,1.0,0.0,0.0,0.0,0.0,0.0,-2.0,0.0,0.8,0.0,0.0,16.0,25903.0
2026-07-30T19:04:04.591Z,414.074,414.09,0.0,7.4,0.0,0.0,0.0,0.0,0.0,0.0,0.0,0.0,1.0,0.0,0.0,0.0,9.0,4.0,0.0,0.0,0.0,0.0,0.0,0.0,0.0,0.0,1.0,12.0,1.0,12.17,5.0200000000000005,2.51,1.49,0.0,0.0,0.0,361.3,0.0,0.2,-0.4,-1.1,-169.60000000000002,0.0,0.0,169.60000000000002,0.0,21.3,28.9,28.9,30.9,300.0,300.0,31.8,36.0,28.9,28.0,29.9,4.96,1.99,4.97,0.16,0.0,0.0,1027.0,8228.0,0.0,0.0,0.0,0.0,0.0,1.0,0.0,0.0,0.0,0.0,0.0,-1.3,0.0,0.9,0.0,0.0,16.0,25903.0
2026-07-30T19:04:04.604Z,414.087,414.102,0.0,7.4,0.0,0.0,0.0,0.0,0.0,0.0,0.0,0.0,1.0,0.0,0.0,0.0,9.0,4.0,0.0,0.0,0.0,0.0,0.0,0.0,0.0,0.0,2.0,12.0,1.0,12.18,5.01,2.51,1.49,0.0,0.0,0.0,361.3,0.0,0.2,0.1,0.5,-169.60000000000002,0.0,0.0,169.60000000000002,0.0,21.4,28.9,28.9,30.9,300.0,300.0,31.8,35.9,28.8,28.0,29.9,4.96,1.99,4.96,0.16,0.0,0.0,1027.0,8228.0,0.0,0.0,0.0,0.0,0.0,1.0,0.0,0.0,0.0,0.0,0.0,0.5,0.0,-0.5,0.0,0.0,16.0,25903.0
2026-07-30T19:04:04.615Z,414.098,414.114,0.0,7.4,0.0,0.0,0.0,0.0,0.0,0.0,0.0,0.0,1.0,0.0,0.0,0.0,9.0,4.0,0.0,0.0,0.0,0.0,0.0,0.0,0.0,0.0,4.0,12.0,1.0,12.18,5.01,2.51,1.49,0.0,0.0,0.0,361.3,0.0,0.2,0.7000000000000001,0.0,-169.60000000000002,0.0,0.0,169.60000000000002,0.0,21.4,28.9,28.9,30.9,300.0,300.0,31.8,35.9,28.8,28.0,29.9,4.95,1.99,4.96,0.16,0.0,0.0,1027.0,8228.0,0.0,0.0,0.0,0.0,0.0,1.0,0.0,0.0,0.0,0.0,0.0,0.7000000000000001,0.0,0.1,0.0,0.0,16.0,25903.0
2026-07-30T19:04:04.627Z,414.11,414.126,0.0,7.4,0.0,0.0,0.0,0.0,0.0,0.0,0.0,0.0,1.0,0.0,0.0,0.0,9.0,4.0,0.0,0.0,0.0,0.0,0.0,0.0,0.0,0.0,5.0,12.0,1.0,12.18,5.01,2.51,1.49,0.0,0.0,0.0,361.4,0.0,0.2,1.3,1.6,-169.60000000000002,0.0,0.0,169.60000000000002,0.0,21.4,28.9,28.9,30.9,300.0,300.0,31.8,35.9,28.8,28.0,29.9,4.96,1.99,4.96,0.16,0.0,0.0,1027.0,8228.0,0.0,0.0,0.0,0.0,0.0,1.0,0.0,0.0,0.0,0.0,0.0,2.7,0.0,-1.1,0.0,0.0,16.0,25903.0
2026-07-30T19:04:04.639Z,414.122,414.138,0.0,7.4,0.0,0.0,0.0,0.0,0.0,0.0,0.0,0.0,1.0,0.0,0.0,0.0,9.0,4.0,0.0,0.0,0.0,0.0,0.0,0.0,0.0,0.0,1.0,12.0,1.0,12.18,5.01,2.51,1.49,0.0,0.0,0.0,361.3,0.0,0.2,-0.4,-0.7000000000000001,-169.60000000000002,0.0,0.0,169.60000000000002,0.0,21.4,28.9,28.9,30.9,300.0,300.0,31.8,35.9,28.8,28.0,29.9,4.95,1.99,4.97,0.16,0.0,0.0,1027.0,8228.0,0.0,0.0,0.0,0.0,0.0,1.0,0.0,0.0,0.0,0.0,0.0,-1.0,0.0,0.5,0.0,0.0,16.0,25903.0
2026-07-30T19:04:04.651Z,414.134,414.15,0.0,7.4,0.0,0.0,0.0,0.0,0.0,0.0,0.0,0.0,1.0,0.0,0.0,0.0,9.0,4.0,0.0,0.0,0.0,0.0,0.0,0.0,0.0,0.0,2.0,12.0,1.0,12.18,5.01,2.51,1.49,0.0,0.0,0.0,361.3,0.0,-0.2,0.1,-0.7000000000000001,-169.60000000000002,0.0,0.0,169.60000000000002,0.0,21.4,28.9,28.9,30.9,300.0,300.0,31.8,35.9,28.8,28.0,29.9,4.95,1.99,4.97,0.16,0.0,0.0,1027.0,8228.0,0.0,0.0,0.0,0.0,0.0,1.0,0.0,0.0,0.0,0.0,0.0,-0.3,0.0,0.6000000000000001,0.0,0.0,16.0,25903.0
2026-07-30T19:04:04.663Z,414.146,414.162,0.0,7.4,0.0,0.0,0.0,0.0,0.0,0.0,0.0,0.0,1.0,0.0,0.0,0.0,9.0,4.0,0.0,0.0,0.0,0.0,0.0,0.0,0.0,0.0,3.0,12.0,1.0,12.18,5.01,2.51,1.49,0.0,0.0,0.0,361.3,0.0,0.2,0.1,-0.1,-169.60000000000002,0.0,0.0,169.60000000000002,0.0,21.4,28.9,28.9,30.9,300.0,300.0,31.8,35.9,28.8,28.0,29.9,4.96,2.0,4.97,0.16,0.0,0.0,1027.0,8228.0,0.0,0.0,0.0,0.0,0.0,1.0,0.0,0.0,0.0,0.0,0.0,0.1,0.0,0.1,0.0,0.0,16.0,25903.0
2026-07-30T19:04:04.675Z,414.158,414.174,0.0,7.4,0.0,0.0,0.0,0.0,0.0,0.0,0.0,0.0,1.0,0.0,0.0,0.0,9.0,4.0,0.0,0.0,0.0,0.0,0.0,0.0,0.0,0.0,5.0,12.0,1.0,12.18,5.01,2.51,1.49,0.0,0.0,0.0,361.2000000000001,0.0,-0.9,-0.4,-0.1,-169.60000000000002,0.0,0.0,169.60000000000002,0.0,21.4,28.9,28.9,30.9,300.0,300.0,31.8,35.9,28.8,28.0,29.9,4.96,2.0,4.96,0.16,0.0,0.0,1027.0,8228.0,0.0,0.0,0.0,0.0,0.0,1.0,0.0,0.0,0.0,0.0,0.0,-0.5,0.0,0.0,0.0,0.0,16.0,25903.0
2026-07-30T19:04:04.687Z,414.17,414.186,0.0,7.4,0.0,0.0,0.0,0.0,0.0,0.0,0.0,0.0,1.0,0.0,0.0,0.0,9.0,4.0,0.0,0.0,0.0,0.0,0.0,0.0,0.0,0.0,6.0,12.0,1.0,12.18,5.01,2.51,1.49,0.0,0.0,0.0,361.3,0.0,0.2,1.3,1.5,-169.60000000000002,0.0,0.0,169.60000000000002,0.0,21.4,28.9,28.9,30.9,300.0,300.0,31.8,35.9,28.8,28.0,29.9,4.95,1.99,4.96,0.16,0.0,0.0,1027.0,8228.0,0.0,0.0,0.0,0.0,0.0,1.0,0.0,0.0,0.0,0.0,0.0,2.6,0.0,-1.1,0.0,0.0,16.0,25903.0
2026-07-30T19:04:04.699Z,414.182,414.198,0.0,7.4,0.0,0.0,0.0,0.0,0.0,0.0,0.0,0.0,1.0,0.0,0.0,0.0,9.0,4.0,0.0,0.0,0.0,0.0,0.0,0.0,0.0,0.0,2.0,12.0,1.0,12.18,5.01,2.51,1.49,0.0,0.0,0.0,361.3,0.0,0.2,1.3,-0.7000000000000001,-169.60000000000002,0.0,0.0,169.60000000000002,0.0,21.4,28.9,28.9,30.9,300.0,300.0,31.8,35.9,28.8,28.0,29.9,4.95,1.99,4.96,0.16,0.0,0.0,1027.0,8228.0,0.0,0.0,0.0,0.0,0.0,1.0,0.0,0.0,0.0,0.0,0.0,0.8,0.0,0.9,0.0,0.0,16.0,25903.0
2026-07-30T19:04:04.711Z,414.194,414.21,0.0,7.4,0.0,0.0,0.0,0.0,0.0,0.0,0.0,0.0,1.0,0.0,0.0,0.0,9.0,4.0,0.0,0.0,0.0,0.0,0.0,0.0,0.0,0.0,3.0,12.0,1.0,12.18,5.0200000000000005,2.5,1.49,0.0,0.0,0.0,361.3,0.0,-0.9,-0.3,-0.7000000000000001,-169.60000000000002,0.0,0.0,169.60000000000002,0.0,21.700000000000003,28.9,28.9,30.9,300.0,300.0,31.8,35.9,28.9,28.0,29.9,4.96,1.99,4.96,0.16,0.0,0.0,1027.0,8228.0,0.0,0.0,0.0,0.0,0.0,1.0,0.0,0.0,0.0,0.0,0.0,-1.0,0.0,0.5,0.0,0.0,16.0,25903.0
2026-07-30T19:04:04.723Z,414.206,414.222,0.0,7.4,0.0,0.0,0.0,0.0,0.0,0.0,0.0,0.0,1.0,0.0,0.0,0.0,9.0,4.0,0.0,0.0,0.0,0.0,0.0,0.0,0.0,0.0,4.0,12.0,1.0,12.18,5.0200000000000005,2.5,1.49,0.0,0.0,0.0,361.3,0.0,-0.3,0.1,0.4,-169.60000000000002,0.0,0.0,169.60000000000002,0.0,21.700000000000003,28.9,28.9,30.9,300.0,300.0,31.8,35.9,28.9,28.0,29.9,4.95,1.99,4.97,0.16,0.0,0.0,1027.0,8228.0,0.0,0.0,0.0,0.0,0.0,1.0,0.0,0.0,0.0,0.0,0.0,0.5,0.0,-0.3,0.0,0.0,16.0,25903.0
2026-07-30T19:04:04.735Z,414.218,414.234,0.0,7.4,0.0,0.0,0.0,0.0,0.0,0.0,0.0,0.0,1.0,0.0,0.0,0.0,9.0,4.0,0.0,0.0,0.0,0.0,0.0,0.0,0.0,0.0,6.0,12.0,1.0,12.18,5.0200000000000005,2.5,1.49,0.0,0.0,0.0,361.4,0.0,0.2,-0.9,-0.1,-169.60000000000002,0.0,0.0,169.70000000000002,0.0,21.700000000000003,28.9,28.9,30.9,300.0,300.0,31.8,35.9,28.9,28.0,29.9,4.96,1.99,4.96,0.16,0.0,0.0,1027.0,8228.0,0.0,0.0,0.0,0.0,0.0,1.0,0.0,0.0,0.0,0.0,0.0,-1.2000000000000002,0.0,0.0,0.0,0.0,16.0,25903.0
2026-07-30T19:04:04.747Z,414.23,414.246,0.0,7.4,0.0,0.0,0.0,0.0,0.0,0.0,0.0,0.0,1.0,0.0,0.0,0.0,9.0,4.0,0.0,0.0,0.0,0.0,0.0,0.0,0.0,0.0,1.0,12.0,1.0,12.18,5.0200000000000005,2.5,1.49,0.0,0.1,0.0,361.3,0.0,0.8,1.9,1.6,-169.60000000000002,0.0,0.0,169.70000000000002,0.0,21.700000000000003,28.9,28.9,30.9,300.0,300.0,31.8,35.9,28.9,28.0,29.9,4.96,1.99,4.96,0.16,0.0,0.0,1027.0,8228.0,0.0,0.0,0.0,0.0,0.0,1.0,0.0,0.0,0.0,0.0,0.0,3.3000000000000003,0.0,-1.0,0.0,0.0,16.0,25903.0
2026-07-30T19:04:04.759Z,414.242,414.258,0.0,7.4,0.0,0.0,0.0,0.0,0.0,0.0,0.0,0.0,1.0,0.0,0.0,0.0,9.0,4.0,0.0,0.0,0.0,0.0,0.0,0.0,0.0,0.0,3.0,12.0,1.0,12.18,5.0200000000000005,2.5,1.49,0.0,0.0,0.0,361.3,0.0,-0.3,-0.3,-0.7000000000000001,-169.60000000000002,0.0,0.0,169.60000000000002,0.0,21.700000000000003,28.9,28.9,30.9,300.0,300.0,31.8,35.9,28.9,28.0,29.9,4.96,1.99,4.96,0.16,0.0,0.0,1027.0,8228.0,0.0,0.0,0.0,0.0,0.0,1.0,0.0,0.0,0.0,0.0,0.0,-0.9,0.0,0.5,0.0,0.0,16.0,25903.0
2026-07-30T19:04:04.771Z,414.254,414.27,0.0,7.4,0.0,0.0,0.0,0.0,0.0,0.0,0.0,0.0,1.0,0.0,0.0,0.0,9.0,4.0,0.0,0.0,0.0,0.0,0.0,0.0,0.0,0.0,4.0,12.0,1.0,12.18,5.0200000000000005,2.5,1.49,0.0,0.1,0.0,361.3,0.0,0.8,0.1,0.4,-169.60000000000002,0.0,0.0,169.60000000000002,0.0,21.700000000000003,28.9,28.9,30.9,300.0,300.0,31.8,35.9,28.9,28.0,29.9,4.95,1.99,4.97,0.16,0.0,0.0,1027.0,8228.0,0.0,0.0,0.0,0.0,0.0,1.0,0.0,0.0,0.0,0.0,0.0,0.5,0.0,-0.3,0.0,0.0,16.0,25903.0
2026-07-30T19:04:04.783Z,414.266,414.282,0.0,7.4,0.0,0.0,0.0,0.0,0.0,0.0,0.0,0.0,1.0,0.0,0.0,0.0,9.0,4.0,0.0,0.0,0.0,0.0,0.0,0.0,0.0,0.0,6.0,12.0,1.0,12.18,5.0200000000000005,2.5,1.49,0.0,0.1,0.0,361.4,0.0,0.3,0.1,0.0,-169.60000000000002,0.0,0.0,169.60000000000002,0.0,21.700000000000003,28.9,28.9,30.9,300.0,300.0,31.8,35.9,28.9,28.0,29.9,4.96,1.99,4.96,0.16,0.0,0.0,1027.0,8228.0,0.0,0.0,0.0,0.0,0.0,1.0,0.0,0.0,0.0,0.0,0.0,0.1,0.0,0.1,0.0,0.0,16.0,25903.0
2026-07-30T19:04:04.795Z,414.278,414.294,0.0,7.4,0.0,0.0,0.0,0.0,0.0,0.0,0.0,0.0,1.0,0.0,0.0,0.0,9.0,4.0,0.0,0.0,0.0,0.0,0.0,0.0,0.0,0.0,1.0,12.0,1.0,12.18,5.0200000000000005,2.5,1.49,0.0,0.1,0.0,361.3,0.0,0.2,0.1,0.4,-169.60000000000002,0.0,0.0,169.60000000000002,0.0,21.700000000000003,28.9,28.9,30.9,300.0,300.0,31.8,35.9,28.9,28.0,29.9,4.96,1.99,4.97,0.16,0.0,0.0,1027.0,8228.0,0.0,0.0,0.0,0.0,0.0,1.0,0.0,0.0,0.0,0.0,0.0,0.5,0.0,-0.4,0.0,0.0,16.0,25903.0
2026-07-30T19:04:04.809Z,414.292,414.306,0.0,7.4,0.0,0.0,0.0,0.0,0.0,0.0,0.0,0.0,1.0,0.0,0.0,0.0,9.0,4.0,0.0,0.0,0.0,0.0,0.0,0.0,0.0,0.0,2.0,12.0,1.0,12.18,5.0200000000000005,2.51,1.5,0.0,0.0,0.0,361.2000000000001,0.0,0.8,0.7000000000000001,1.0,-169.60000000000002,0.0,0.0,169.60000000000002,0.0,21.0,28.9,28.9,30.9,300.0,300.0,31.700000000000003,35.9,28.9,28.0,29.9,4.95,1.99,4.97,0.16,0.0,0.0,1027.0,8228.0,0.0,0.0,0.0,0.0,0.0,1.0,0.0,0.0,0.0,0.0,0.0,-0.3,0.0,0.6000000000000001,0.0,0.0,16.0,25903.0
2026-07-30T19:04:04.819Z,414.302,414.318,0.0,7.4,0.0,0.0,0.0,0.0,0.0,0.0,0.0,0.0,1.0,0.0,0.0,0.0,9.0,4.0,0.0,0.0,0.0,0.0,0.0,0.0,0.0,0.0,4.0,12.0,1.0,12.18,5.0200000000000005,2.51,1.5,0.0,0.0,0.0,361.3,0.0,0.8,0.7000000000000001,0.0,-169.60000000000002,0.0,0.0,169.60000000000002,0.0,21.0,28.9,28.9,30.9,300.0,300.0,31.700000000000003,35.9,28.9,28.0,29.9,4.96,1.99,4.97,0.16,0.0,0.0,1027.0,8228.0,0.0,0.0,0.0,0.0,0.0,1.0,0.0,0.0,0.0,0.0,0.0,1.8,0.0,-0.1,0.0,0.0,16.0,25903.0
2026-07-30T19:04:04.831Z,414.314,414.33,0.0,7.4,0.0,0.0,0.0,0.0,0.0,0.0,0.0,0.0,1.0,0.0,0.0,0.0,9.0,4.0,0.0,0.0,0.0,0.0,0.0,0.0,0.0,0.0,5.0,12.0,1.0,12.18,5.0200000000000005,2.51,1.5,0.0,0.0,0.0,361.3,0.0,-0.8,-0.4,-0.6000000000000001,-169.60000000000002,0.0,0.0,169.60000000000002,0.0,21.0,28.9,28.9,30.9,300.0,300.0,31.700000000000003,35.9,28.9,28.0,29.9,4.95,2.0,4.96,0.16,0.0,0.0,1027.0,8228.0,0.0,0.0,0.0,0.0,0.0,1.0,0.0,0.0,0.0,0.0,0.0,1.9,0.0,-1.9,0.0,0.0,16.0,25903.0
2026-07-30T19:04:04.843Z,414.326,414.342,0.0,7.4,0.0,0.0,0.0,0.0,0.0,0.0,0.0,0.0,1.0,0.0,0.0,0.0,9.0,4.0,0.0,0.0,0.0,0.0,0.0,0.0,0.0,0.0,6.0,12.0,1.0,12.18,5.0200000000000005,2.51,1.5,0.0,0.0,0.0,361.4,0.0,-0.2,0.7000000000000001,0.0,-169.60000000000002,0.0,0.0,169.70000000000002,0.0,21.0,28.9,28.9,30.9,300.0,300.0,31.700000000000003,35.9,28.9,28.0,29.9,4.95,1.99,4.97,0.16,0.0,0.0,1027.0,8228.0,0.0,0.0,0.0,0.0,0.0,1.0,0.0,0.0,0.0,0.0,0.0,0.8,0.0,0.2,0.0,0.0,16.0,25903.0
2026-07-30T19:04:04.855Z,414.338,414.354,0.0,7.4,0.0,0.0,0.0,0.0,0.0,0.0,0.0,0.0,1.0,0.0,0.0,0.0,9.0,4.0,0.0,0.0,0.0,0.0,0.0,0.0,0.0,0.0,2.0,12.0,1.0,12.18,5.0200000000000005,2.51,1.5,0.0,0.0,0.0,361.3,0.0,-0.2,-0.9,0.0,-169.60000000000002,0.0,0.0,169.60000000000002,0.0,21.0,28.9,28.9,30.9,300.0,300.0,31.700000000000003,35.9,28.9,28.0,29.9,4.95,1.99,4.97,0.16,0.0,0.0,1027.0,8228.0,0.0,0.0,0.0,0.0,0.0,1.0,0.0,0.0,0.0,0.0,0.0,-1.1,0.0,-0.1,0.0,0.0,16.0,25903.0
2026-07-30T19:04:04.867Z,414.35,414.366,0.0,7.4,0.0,0.0,0.0,0.0,0.0,0.0,0.0,0.0,1.0,0.0,0.0,0.0,9.0,4.0,0.0,0.0,0.0,0.0,0.0,0.0,0.0,0.0,3.0,12.0,1.0,12.18,5.0200000000000005,2.51,1.5,0.0,0.0,0.0,361.3,0.0,-0.3,-0.4,-0.6000000000000001,-169.60000000000002,0.0,0.0,169.60000000000002,0.0,21.0,28.9,28.9,30.9,300.0,300.0,31.700000000000003,35.9,28.9,28.0,29.9,4.96,1.99,4.96,0.16,0.0,0.0,1027.0,8228.0,0.0,0.0,0.0,0.0,0.0,1.0,0.0,0.0,0.0,0.0,0.0,-0.9,0.0,0.5,0.0,0.0,16.0,25903.0
2026-07-30T19:04:04.879Z,414.362,414.378,0.0,7.4,0.0,0.0,0.0,0.0,0.0,0.0,0.0,0.0,1.0,0.0,0.0,0.0,9.0,4.0,0.0,0.0,0.0,0.0,0.0,0.0,0.0,0.0,4.0,12.0,1.0,12.18,5.0200000000000005,2.51,1.5,0.0,0.0,0.0,361.3,0.0,-0.9,-0.9,0.4,-169.60000000000002,0.0,0.0,169.60000000000002,0.0,21.0,28.9,28.9,30.9,300.0,300.0,31.700000000000003,35.9,28.9,28.0,29.9,4.95,1.99,4.97,0.16,0.0,0.0,1027.0,8228.0,0.0,0.0,0.0,0.0,0.0,1.0,0.0,0.0,0.0,0.0,0.0,-0.7000000000000001,0.0,-0.6000000000000001,0.0,0.0,16.0,25903.0
2026-07-30T19:04:04.891Z,414.374,414.39,0.0,7.4,0.0,0.0,0.0,0.0,0.0,0.0,0.0,0.0,1.0,0.0,0.0,0.0,9.0,4.0,0.0,0.0,0.0,0.0,0.0,0.0,0.0,0.0,6.0,12.0,1.0,12.18,5.0200000000000005,2.51,1.5,0.0,0.0,0.0,361.3,0.0,-0.3,1.3,-0.6000000000000001,-169.60000000000002,0.0,0.0,169.70000000000002,0.0,21.0,28.9,28.9,30.9,300.0,300.0,31.700000000000003,35.9,28.9,28.0,29.9,4.95,1.99,4.96,0.16,0.0,0.0,1027.0,8228.0,0.0,0.0,0.0,0.0,0.0,1.0,0.0,0.0,0.0,0.0,0.0,0.9,0.0,0.8,0.0,0.0,16.0,25903.0
2026-07-30T19:04:04.903Z,414.386,414.402,0.0,7.4,0.0,0.0,0.0,0.0,0.0,0.0,0.0,0.0,1.0,0.0,0.0,0.0,9.0,4.0,0.0,0.0,0.0,0.0,0.0,0.0,0.0,0.0,1.0,12.0,1.0,12.18,5.0200000000000005,2.51,1.5,0.0,0.1,0.0,361.3,0.0,0.8,0.6000000000000001,-0.6000000000000001,-169.60000000000002,0.0,0.0,169.70000000000002,0.0,21.0,28.9,28.9,30.9,300.0,300.0,31.700000000000003,35.9,28.9,28.0,29.9,4.96,1.99,4.96,0.16,0.0,0.0,1027.0,8228.0,0.0,0.0,0.0,0.0,0.0,1.0,0.0,0.0,0.0,0.0,0.0,0.2,0.0,0.7000000000000001,0.0,0.0,16.0,25903.0
2026-07-30T19:04:04.915Z,414.398,414.414,0.0,7.4,0.0,0.0,0.0,0.0,0.0,0.0,0.0,0.0,1.0,0.0,0.0,0.0,9.0,4.0,0.0,0.0,0.0,0.0,0.0,0.0,0.0,0.0,2.0,12.0,1.0,12.17,5.01,2.51,1.49,0.0,0.0,0.0,361.3,0.0,0.2,-0.4,-0.6000000000000001,-169.60000000000002,0.0,0.0,169.60000000000002,0.0,21.700000000000003,28.9,28.9,30.9,300.0,300.0,31.700000000000003,35.9,28.8,28.0,29.9,4.95,1.99,4.96,0.16,0.0,0.0,1027.0,8228.0,0.0,0.0,0.0,0.0,0.0,1.0,0.0,0.0,0.0,0.0,0.0,-1.0,0.0,0.5,0.0,0.0,16.0,25903.0
2026-07-30T19:04:04.927Z,414.41,414.426,0.0,7.4,0.0,0.0,0.0,0.0,0.0,0.0,0.0,0.0,1.0,0.0,0.0,0.0,9.0,4.0,0.0,0.0,0.0,0.0,0.0,0.0,0.0,0.0,3.0,12.0,1.0,12.17,5.01,2.51,1.49,0.0,0.0,0.0,361.3,0.0,-0.3,-1.0,-0.6000000000000001,-169.60000000000002,0.0,0.0,169.70000000000002,0.0,21.700000000000003,28.9,28.9,30.9,300.0,300.0,31.700000000000003,35.9,28.8,28.0,29.9,4.95,1.99,4.97,0.16,0.0,0.0,1027.0,8228.0,0.0,0.0,0.0,0.0,0.0,1.0,0.0,0.0,0.0,0.0,0.0,-1.6,0.0,0.3,0.0,0.0,16.0,25903.0
2026-07-30T19:04:04.939Z,414.422,414.438,0.0,7.4,0.0,0.0,0.0,0.0,0.0,0.0,0.0,0.0,1.0,0.0,0.0,0.0,9.0,4.0,0.0,0.0,0.0,0.0,0.0,0.0,0.0,0.0,4.0,12.0,1.0,12.17,5.01,2.51,1.49,0.0,0.0,0.0,361.3,0.0,-0.8,0.7000000000000001,0.4,-169.60000000000002,0.0,0.0,169.70000000000002,0.0,21.700000000000003,28.9,28.9,30.9,300.0,300.0,31.700000000000003,35.9,28.8,28.0,29.9,4.95,1.99,4.96,0.16,0.0,0.0,1027.0,8228.0,0.0,0.0,0.0,0.0,0.0,1.0,0.0,0.0,0.0,0.0,0.0,1.2000000000000002,0.0,-0.2,0.0,0.0,16.0,25903.0
2026-07-30T19:04:04.951Z,414.434,414.45,0.0,7.4,0.0,0.0,0.0,0.0,0.0,0.0,0.0,0.0,1.0,0.0,0.0,0.0,9.0,4.0,0.0,0.0,0.0,0.0,0.0,0.0,0.0,0.0,5.0,12.0,1.0,12.17,5.01,2.51,1.49,0.0,0.0,0.0,361.3,0.0,0.8,-0.4,-0.6000000000000001,-169.60000000000002,0.0,0.0,169.60000000000002,0.0,21.700000000000003,28.9,28.9,30.9,300.0,300.0,31.700000000000003,35.9,28.8,28.0,29.9,4.96,1.99,4.96,0.16,0.0,0.0,1027.0,8228.0,0.0,0.0,0.0,0.0,0.0,1.0,0.0,0.0,0.0,0.0,0.0,-0.9,0.0,0.5,0.0,0.0,16.0,25903.0
2026-07-30T19:04:04.963Z,414.446,414.462,0.0,7.4,0.0,0.0,0.0,0.0,0.0,0.0,0.0,0.0,1.0,0.0,0.0,0.0,9.0,4.0,0.0,0.0,0.0,0.0,0.0,0.0,0.0,0.0,6.0,12.0,1.0,12.17,5.01,2.51,1.49,0.0,0.0,0.0,361.3,0.0,-0.8,-0.9,-0.6000000000000001,-169.60000000000002,0.0,0.0,169.70000000000002,0.0,21.700000000000003,28.9,28.9,30.9,300.0,300.0,31.700000000000003,35.9,28.8,28.0,29.9,4.96,1.99,4.97,0.16,0.0,0.0,1027.0,8228.0,0.0,0.0,0.0,0.0,0.0,1.0,0.0,0.0,0.0,0.0,0.0,-1.6,0.0,0.3,0.0,0.0,16.0,25903.0
2026-07-30T19:04:04.975Z,414.458,414.474,0.0,7.4,0.0,0.0,0.0,0.0,0.0,0.0,0.0,0.0,1.0,0.0,0.0,0.0,9.0,4.0,0.0,0.0,0.0,0.0,0.0,0.0,0.0,0.0,1.0,12.0,1.0,12.17,5.01,2.51,1.49,0.0,0.1,0.0,361.3,0.0,0.3,1.3,1.0,-169.60000000000002,0.0,0.0,169.70000000000002,0.0,21.700000000000003,28.9,28.9,30.9,300.0,300.0,31.700000000000003,35.9,28.8,28.0,29.9,4.96,2.0,4.96,0.16,0.0,0.0,1027.0,8228.0,0.0,0.0,0.0,0.0,0.0,1.0,0.0,0.0,0.0,0.0,0.0,2.2,0.0,-0.6000000000000001,0.0,0.0,16.0,25903.0
2026-07-30T19:04:04.988Z,414.471,414.486,0.0,7.4,0.0,0.0,0.0,0.0,0.0,0.0,0.0,0.0,1.0,0.0,0.0,0.0,9.0,4.0,0.0,0.0,0.0,0.0,0.0,0.0,0.0,0.0,2.0,12.0,1.0,12.17,5.01,2.51,1.49,0.0,0.0,0.0,361.4,0.0,-0.2,-0.4,-0.6000000000000001,-169.60000000000002,0.0,0.0,169.60000000000002,0.0,21.700000000000003,28.9,28.9,30.9,300.0,300.0,31.700000000000003,35.9,28.8,28.0,29.9,4.96,1.99,4.96,0.16,0.0,0.0,1027.0,8228.0,0.0,0.0,0.0,0.0,0.0,1.0,0.0,0.0,0.0,0.0,0.0,-0.9,0.0,0.4,0.0,0.0,16.0,25903.0
2026-07-30T19:04:05.000Z,414.483,414.498,0.0,7.4,0.0,0.0,0.0,0.0,0.0,0.0,0.0,0.0,1.0,0.0,0.0,0.0,9.0,4.0,0.0,0.0,0.0,0.0,0.0,0.0,0.0,0.0,3.0,12.0,1.0,12.17,5.01,2.51,1.49,0.0,0.0,0.0,361.3,0.0,0.3,0.7000000000000001,0.4,-169.60000000000002,0.0,0.0,169.60000000000002,0.0,21.700000000000003,28.9,28.9,30.9,300.0,300.0,31.700000000000003,35.9,28.8,28.0,29.9,4.95,1.99,4.96,0.16,0.0,0.0,1027.0,8228.0,0.0,0.0,0.0,0.0,0.0,1.0,0.0,0.0,0.0,0.0,0.0,1.1,0.0,-0.2,0.0,0.0,16.0,25903.0
2026-07-30T19:04:05.012Z,414.495,414.51,0.0,7.4,0.0,0.0,0.0,0.0,0.0,0.0,0.0,0.0,1.0,0.0,0.0,0.0,9.0,4.0,0.0,0.0,0.0,0.0,0.0,0.0,0.0,0.0,5.0,12.0,1.0,12.15,5.01,2.51,1.49,0.0,0.0,0.0,361.3,0.0,0.3,-0.4,0.0,-169.60000000000002,0.0,0.0,169.70000000000002,0.0,21.3,28.9,28.9,30.9,300.0,300.0,31.700000000000003,35.9,28.8,28.0,29.9,4.95,1.99,4.97,0.16,0.0,0.0,1027.0,8228.0,0.0,0.0,0.0,0.0,0.0,1.0,0.0,0.0,0.0,0.0,0.0,-0.5,0.0,0.0,0.0,0.0,16.0,25903.0
2026-07-30T19:04:05.023Z,414.506,414.522,0.0,7.4,0.0,0.0,0.0,0.0,0.0,0.0,0.0,0.0,1.0,0.0,0.0,0.0,9.0,4.0,0.0,0.0,0.0,0.0,0.0,0.0,0.0,0.0,5.0,12.0,1.0,12.15,5.01,2.51,1.49,0.0,0.0,0.0,361.4,0.0,-0.8,-1.0,-0.6000000000000001,-169.60000000000002,0.0,0.0,169.60000000000002,0.0,21.3,28.9,28.9,30.9,300.0,300.0,31.700000000000003,35.9,28.8,28.0,29.9,4.96,2.0,4.97,0.16,0.0,0.0,1027.0,8228.0,0.0,0.0,0.0,0.0,0.0,1.0,0.0,0.0,0.0,0.0,0.0,-1.6,0.0,0.3,0.0,0.0,16.0,25903.0
2026-07-30T19:04:05.035Z,414.518,414.534,0.0,7.4,0.0,0.0,0.0,0.0,0.0,0.0,0.0,0.0,1.0,0.0,0.0,0.0,9.0,4.0,0.0,0.0,0.0,0.0,0.0,0.0,0.0,0.0,6.0,12.0,1.0,12.15,5.01,2.51,1.49,0.0,0.0,0.0,361.3,0.0,-0.2,1.3,0.0,-169.60000000000002,0.0,0.0,169.70000000000002,0.0,21.3,28.9,28.9,30.9,300.0,300.0,31.700000000000003,35.9,28.8,28.0,29.9,4.96,1.99,4.97,0.16,0.0,0.0,1027.0,8228.0,0.0,0.0,0.0,0.0,0.0,1.0,0.0,0.0,0.0,0.0,0.0,1.4,0.0,0.2,0.0,0.0,16.0,25903.0
2026-07-30T19:04:05.047Z,414.53,414.546,0.0,7.4,0.0,0.0,0.0,0.0,0.0,0.0,0.0,0.0,1.0,0.0,0.0,0.0,9.0,4.0,0.0,0.0,0.0,0.0,0.0,0.0,0.0,0.0,1.0,12.0,1.0,12.15,5.01,2.51,1.49,0.0,0.0,0.0,361.3,0.0,0.3,1.2000000000000002,-0.6000000000000001,-169.60000000000002,0.0,0.0,169.70000000000002,0.0,21.3,28.9,28.9,30.9,300.0,300.0,31.700000000000003,35.9,28.8,28.0,29.9,4.95,2.0,4.97,0.16,0.0,0.0,1027.0,8228.0,0.0,0.0,0.0,0.0,0.0,1.0,0.0,0.0,0.0,0.0,0.0,0.9,0.0,0.8,0.0,0.0,16.0,25903.0
2026-07-30T19:04:05.059Z,414.542,414.558,0.0,7.4,0.0,0.0,0.0,0.0,0.0,0.0,0.0,0.0,1.0,0.0,0.0,0.0,9.0,4.0,0.0,0.0,0.0,0.0,0.0,0.0,0.0,0.0,2.0,12.0,1.0,12.15,5.01,2.51,1.49,0.0,0.0,0.0,361.4,0.0,-0.8,0.0,1.0,-169.60000000000002,0.0,0.0,169.60000000000002,0.0,21.3,28.9,28.9,30.9,300.0,300.0,31.700000000000003,35.9,28.8,28.0,29.9,4.96,2.0,4.97,0.16,0.0,0.0,1027.0,8228.0,0.0,0.0,0.0,0.0,0.0,1.0,0.0,0.0,0.0,0.0,0.0,0.9,0.0,-0.9,0.0,0.0,16.0,25903.0
2026-07-30T19:04:05.071Z,414.554,414.57,0.0,7.4,0.0,0.0,0.0,0.0,0.0,0.0,0.0,0.0,1.0,0.0,0.0,0.0,9.0,4.0,0.0,0.0,0.0,0.0,0.0,0.0,0.0,0.0,4.0,12.0,1.0,12.15,5.01,2.51,1.49,0.0,0.0,0.0,361.3,0.0,-0.2,-1.6,-0.6000000000000001,-169.60000000000002,0.0,0.0,169.70000000000002,0.0,21.3,28.9,28.9,30.9,300.0,300.0,31.700000000000003,35.9,28.8,28.0,29.9,4.95,2.0,4.97,0.16,0.0,0.0,1027.0,8228.0,0.0,0.0,0.0,0.0,0.0,1.0,0.0,0.0,0.0,0.0,0.0,-2.3000000000000003,0.0,0.2,0.0,0.0,16.0,25903.0
2026-07-30T19:04:05.083Z,414.566,414.582,0.0,7.4,0.0,0.0,0.0,0.0,0.0,0.0,0.0,0.0,1.0,0.0,0.0,0.0,9.0,4.0,0.0,0.0,0.0,0.0,0.0,0.0,0.0,0.0,5.0,12.0,1.0,12.15,5.01,2.51,1.49,0.0,0.0,0.0,361.2000000000001,0.0,0.3,-0.4,0.5,-169.60000000000002,0.0,0.0,169.70000000000002,0.0,21.3,28.9,28.9,30.9,300.0,300.0,31.700000000000003,35.9,28.8,28.0,29.9,4.95,1.99,4.97,0.16,0.0,0.0,1027.0,8228.0,0.0,0.0,0.0,0.0,0.0,1.0,0.0,0.0,0.0,0.0,0.0,-0.1,0.0,-0.5,0.0,0.0,16.0,25903.0
2026-07-30T19:04:05.095Z,414.578,414.594,0.0,7.4,0.0,0.0,0.0,0.0,0.0,0.0,0.0,0.0,1.0,0.0,0.0,0.0,9.0,4.0,0.0,0.0,0.0,0.0,0.0,0.0,0.0,0.0,6.0,12.0,1.0,12.15,5.01,2.51,1.49,0.0,0.0,0.0,361.3,0.0,0.3,0.6000000000000001,0.4,-169.60000000000002,0.0,0.0,169.8,0.0,21.3,28.9,28.9,30.9,300.0,300.0,31.700000000000003,35.9,28.8,28.0,29.9,4.95,1.99,4.97,0.16,0.0,0.0,1027.0,8228.0,0.0,0.0,0.0,0.0,0.0,1.0,0.0,0.0,0.0,0.0,0.0,1.1,0.0,-0.2,0.0,0.0,16.0,25903.0
2026-07-30T19:04:05.107Z,414.59,414.606,0.0,7.4,0.0,0.0,0.0,0.0,0.0,0.0,0.0,0.0,1.0,0.0,0.0,0.0,9.0,4.0,0.0,0.0,0.0,0.0,0.0,0.0,0.0,0.0,2.0,12.0,1.0,12.15,5.01,2.51,1.49,0.0,0.0,0.0,361.3,0.0,0.3,-1.0,0.4,-169.60000000000002,0.0,0.0,169.70000000000002,0.0,21.3,28.9,28.9,30.9,300.0,300.0,31.700000000000003,35.9,28.8,28.0,29.9,4.96,1.99,4.96,0.16,0.0,0.0,1027.0,8228.0,0.0,0.0,0.0,0.0,0.0,1.0,0.0,0.0,0.0,0.0,0.0,-0.8,0.0,-0.6000000000000001,0.0,0.0,16.0,25903.0
2026-07-30T19:04:05.119Z,414.602,414.618,0.0,7.4,0.0,0.0,0.0,0.0,0.0,0.0,0.0,0.0,1.0,0.0,0.0,0.0,9.0,4.0,0.0,0.0,0.0,0.0,0.0,0.0,0.0,0.0,3.0,12.0,1.0,12.13,5.01,2.5,1.49,0.0,0.0,0.0,361.3,0.0,-0.2,0.7000000000000001,0.4,-169.60000000000002,0.0,0.0,169.70000000000002,0.0,21.4,28.9,28.9,30.9,300.0,300.0,31.700000000000003,35.9,28.8,28.0,29.9,4.95,1.99,4.97,0.16,0.0,0.0,1027.0,8228.0,0.0,0.0,0.0,0.0,0.0,1.0,0.0,0.0,0.0,0.0,0.0,1.1,0.0,-0.2,0.0,0.0,16.0,25903.0
2026-07-30T19:04:05.131Z,414.614,414.63,0.0,7.4,0.0,0.0,0.0,0.0,0.0,0.0,0.0,0.0,1.0,0.0,0.0,0.0,9.0,4.0,0.0,0.0,0.0,0.0,0.0,0.0,0.0,0.0,4.0,12.0,1.0,12.13,5.01,2.5,1.49,0.0,0.0,0.0,361.3,0.0,-0.8,0.1,-0.7000000000000001,-169.60000000000002,0.0,0.0,169.60000000000002,0.0,21.4,28.9,28.9,30.9,300.0,300.0,31.700000000000003,35.9,28.8,28.0,29.9,4.95,2.0,4.96,0.16,0.0,0.0,1027.0,8228.0,0.0,0.0,0.0,0.0,0.0,1.0,0.0,0.0,0.0,0.0,0.0,-0.3,0.0,0.7000000000000001,0.0,0.0,16.0,25903.0
2026-07-30T19:04:05.143Z,414.626,414.642,0.0,7.4,0.0,0.0,0.0,0.0,0.0,0.0,0.0,0.0,1.0,0.0,0.0,0.0,9.0,4.0,0.0,0.0,0.0,0.0,0.0,0.0,0.0,0.0,5.0,12.0,1.0,12.13,5.01,2.5,1.49,0.0,0.0,0.0,361.3,0.0,-0.7000000000000001,-0.4,-0.8,-169.60000000000002,0.0,0.0,169.70000000000002,0.0,21.4,28.9,28.9,30.9,300.0,300.0,31.700000000000003,35.9,28.8,28.0,29.9,4.96,1.99,4.96,0.16,0.0,0.0,1027.0,8228.0,0.0,0.0,0.0,0.0,0.0,1.0,0.0,0.0,0.0,0.0,0.0,-1.0,0.0,0.6000000000000001,0.0,0.0,16.0,25903.0
2026-07-30T19:04:05.155Z,414.638,414.654,0.0,7.4,0.0,0.0,0.0,0.0,0.0,0.0,0.0,0.0,1.0,0.0,0.0,0.0,9.0,4.0,0.0,0.0,0.0,0.0,0.0,0.0,0.0,0.0,6.0,12.0,1.0,12.13,5.01,2.5,1.49,0.0,0.0,0.0,361.3,0.0,-0.1,-0.9,0.3,-169.60000000000002,0.0,0.0,169.70000000000002,0.0,21.4,28.9,28.9,30.9,300.0,300.0,31.700000000000003,35.9,28.8,28.0,29.9,4.96,1.99,4.96,0.16,0.0,0.0,1027.0,8228.0,0.0,0.0,0.0,0.0,0.0,1.0,0.0,0.0,0.0,0.0,0.0,-0.8,0.0,-0.5,0.0,0.0,16.0,25903.0
2026-07-30T19:04:05.167Z,414.65,414.666,0.0,7.4,0.0,0.0,0.0,0.0,0.0,0.0,0.0,0.0,1.0,0.0,0.0,0.0,9.0,4.0,0.0,0.0,0.0,0.0,0.0,0.0,0.0,0.0,1.0,12.0,1.0,12.13,5.01,2.5,1.49,0.0,0.1,0.0,361.3,0.0,-0.2,-1.0,0.9,-169.60000000000002,0.0,0.0,169.70000000000002,0.0,21.4,28.9,28.9,30.9,300.0,300.0,31.700000000000003,35.9,28.8,28.0,29.9,4.96,1.99,4.97,0.16,0.0,0.0,1027.0,8228.0,0.0,0.0,0.0,0.0,0.0,1.0,0.0,0.0,0.0,0.0,0.0,-0.4,0.0,-1.0,0.0,0.0,16.0,25903.0
2026-07-30T19:04:05.179Z,414.662,414.678,0.0,7.4,0.0,0.0,0.0,0.0,0.0,0.0,0.0,0.0,1.0,0.0,0.0,0.0,9.0,4.0,0.0,0.0,0.0,0.0,0.0,0.0,0.0,0.0,2.0,12.0,1.0,12.13,5.01,2.5,1.49,0.0,0.0,0.0,361.3,0.0,1.5,0.7000000000000001,0.9,-169.60000000000002,0.0,0.0,169.70000000000002,0.0,21.4,28.9,28.9,30.9,300.0,300.0,31.700000000000003,35.9,28.8,28.0,29.9,4.96,1.99,4.97,0.16,0.0,0.0,1027.0,8228.0,0.0,0.0,0.0,0.0,0.0,1.0,0.0,0.0,0.0,0.0,0.0,1.5,0.0,-0.6000000000000001,0.0,0.0,16.0,25903.0
2026-07-30T19:04:05.191Z,414.674,414.69,0.0,7.4,0.0,0.0,0.0,0.0,0.0,0.0,0.0,0.0,1.0,0.0,0.0,0.0,9.0,4.0,0.0,0.0,0.0,0.0,0.0,0.0,0.0,0.0,3.0,12.0,1.0,12.13,5.01,2.5,1.49,0.0,0.1,0.0,361.3,0.0,-0.2,1.3,-0.7000000000000001,-169.60000000000002,0.0,0.0,169.8,0.0,21.4,28.9,28.9,30.9,300.0,300.0,31.700000000000003,35.9,28.8,28.0,29.9,4.96,1.99,4.97,0.16,0.0,0.0,1027.0,8228.0,0.0,0.0,0.0,0.0,0.0,1.0,0.0,0.0,0.0,0.0,0.0,0.9,0.0,0.9,0.0,0.0,16.0,25903.0
2026-07-30T19:04:05.204Z,414.687,414.702,0.0,7.4,0.0,0.0,0.0,0.0,0.0,0.0,0.0,0.0,1.0,0.0,0.0,0.0,9.0,4.0,0.0,0.0,0.0,0.0,0.0,0.0,0.0,0.0,4.0,12.0,1.0,12.13,5.01,2.5,1.49,0.0,0.0,0.0,361.3,0.0,-0.2,-0.3,0.9,-169.60000000000002,0.0,0.0,169.8,0.0,21.4,28.9,28.9,30.9,300.0,300.0,31.700000000000003,35.9,28.8,28.0,29.9,4.95,1.99,4.97,0.16,0.0,0.0,1027.0,8228.0,0.0,0.0,0.0,0.0,0.0,1.0,0.0,0.0,0.0,0.0,0.0,0.2,0.0,-0.9,0.0,0.0,16.0,25903.0
2026-07-30T19:04:05.216Z,414.699,414.714,0.0,7.4,0.0,0.0,0.0,0.0,0.0,0.0,0.0,0.0,1.0,0.0,0.0,0.0,9.0,4.0,0.0,0.0,0.0,0.0,0.0,0.0,0.0,0.0,5.0,12.0,1.0,12.18,5.01,2.5,1.49,0.0,0.0,0.0,361.3,0.0,-0.2,-0.3,-0.2,-169.70000000000002,0.0,0.0,169.8,0.0,21.700000000000003,28.9,28.9,30.9,300.0,300.0,31.8,35.9,28.8,28.0,29.9,4.96,1.99,4.97,0.16,0.0,0.0,1027.0,8228.0,0.0,0.0,0.0,0.0,0.0,1.0,0.0,0.0,0.0,0.0,0.0,-0.6000000000000001,0.0,0.1,0.0,0.0,16.0,25903.0
2026-07-30T19:04:05.228Z,414.711,414.726,0.0,7.4,0.0,0.0,0.0,0.0,0.0,0.0,0.0,0.0,1.0,0.0,0.0,0.0,9.0,4.0,0.0,0.0,0.0,0.0,0.0,0.0,0.0,0.0,6.0,12.0,1.0,12.18,5.01,2.5,1.49,0.0,0.1,0.0,361.4,0.0,1.5,1.3,0.9,-169.70000000000002,0.0,0.0,169.70000000000002,0.0,21.700000000000003,28.9,28.9,30.9,300.0,300.0,31.8,35.9,28.8,28.0,29.9,4.96,1.99,4.97,0.16,0.0,0.0,1027.0,8228.0,0.0,0.0,0.0,0.0,0.0,1.0,0.0,0.0,0.0,0.0,0.0,2.3000000000000003,0.0,-0.5,0.0,0.0,16.0,25903.0
2026-07-30T19:04:05.240Z,414.723,414.738,0.0,7.4,0.0,0.0,0.0,0.0,0.0,0.0,0.0,0.0,1.0,0.0,0.0,0.0,9.0,4.0,0.0,0.0,0.0,0.0,0.0,0.0,0.0,0.0,1.0,12.0,1.0,12.18,5.01,2.5,1.49,0.0,0.0,0.0,361.3,0.0,0.9,1.3,1.5,-169.70000000000002,0.0,0.0,169.60000000000002,0.0,21.700000000000003,28.9,28.9,30.9,300.0,300.0,31.8,35.9,28.8,28.0,29.9,4.96,1.99,4.97,0.16,0.0,0.0,1027.0,8228.0,0.0,0.0,0.0,0.0,0.0,1.0,0.0,0.0,0.0,0.0,0.0,2.7,0.0,-1.1,0.0,0.0,16.0,25903.0
2026-07-30T19:04:05.251Z,414.734,414.75,0.0,7.4,0.0,0.0,0.0,0.0,0.0,0.0,0.0,0.0,1.0,0.0,0.0,0.0,9.0,4.0,0.0,0.0,0.0,0.0,0.0,0.0,0.0,0.0,2.0,12.0,1.0,12.18,5.01,2.5,1.49,0.0,0.0,0.0,361.3,0.0,0.3,0.2,-0.7000000000000001,-169.60000000000002,0.0,0.0,169.60000000000002,0.0,21.700000000000003,28.9,28.9,30.9,300.0,300.0,31.8,35.9,28.8,28.0,29.9,4.95,1.99,4.96,0.16,0.0,0.0,1027.0,8228.0,0.0,0.0,0.0,0.0,0.0,1.0,0.0,0.0,0.0,0.0,0.0,-0.3,0.0,0.7000000000000001,0.0,0.0,16.0,25903.0
2026-07-30T19:04:05.264Z,414.747,414.762,0.0,7.4,0.0,0.0,0.0,0.0,0.0,0.0,0.0,0.0,1.0,0.0,0.0,0.0,9.0,4.0,0.0,0.0,0.0,0.0,0.0,0.0,0.0,0.0,3.0,12.0,1.0,12.18,5.01,2.5,1.49,0.0,0.0,0.0,361.3,0.0,-0.2,-0.9,-1.3,-169.60000000000002,0.0,0.0,169.70000000000002,0.0,21.700000000000003,28.9,28.9,30.9,300.0,300.0,31.8,35.9,28.8,28.0,29.9,4.96,1.99,4.96,0.16,0.0,0.0,1027.0,8228.0,0.0,0.0,0.0,0.0,0.0,1.0,0.0,0.0,0.0,0.0,0.0,-2.0,0.0,0.9,0.0,0.0,16.0,25903.0
2026-07-30T19:04:05.276Z,414.759,414.774,0.0,7.4,0.0,0.0,0.0,0.0,0.0,0.0,0.0,0.0,1.0,0.0,0.0,0.0,9.0,4.0,0.0,0.0,0.0,0.0,0.0,0.0,0.0,0.0,4.0,12.0,1.0,12.18,5.01,2.5,1.49,0.0,0.0,0.0,361.3,0.0,0.9,0.8,1.6,-169.60000000000002,0.0,0.0,169.70000000000002,0.0,21.700000000000003,28.9,28.9,30.9,300.0,300.0,31.8,35.9,28.8,28.0,29.9,4.96,1.99,4.97,0.16,0.0,0.0,1027.0,8228.0,0.0,0.0,0.0,0.0,0.0,1.0,0.0,0.0,0.0,0.0,0.0,2.1,0.0,-1.2000000000000002,0.0,0.0,16.0,25903.0
2026-07-30T19:04:05.287Z,414.77,414.786,0.0,7.4,0.0,0.0,0.0,0.0,0.0,0.0,0.0,0.0,1.0,0.0,0.0,0.0,9.0,4.0,0.0,0.0,0.0,0.0,0.0,0.0,0.0,0.0,5.0,12.0,1.0,12.18,5.01,2.5,1.49,0.0,0.0,0.0,361.3,0.0,0.3,-0.3,-0.1,-169.60000000000002,0.0,0.0,169.70000000000002,0.0,21.700000000000003,28.9,28.9,30.9,300.0,300.0,31.8,35.9,28.8,28.0,29.9,4.95,1.99,4.97,0.16,0.0,0.0,1027.0,8228.0,0.0,0.0,0.0,0.0,0.0,1.0,0.0,0.0,0.0,0.0,0.0,-0.5,0.0,0.0,0.0,0.0,16.0,25903.0
2026-07-30T19:04:05.300Z,414.783,414.798,0.0,7.4,0.0,0.0,0.0,0.0,0.0,0.0,0.0,0.0,1.0,0.0,0.0,0.0,9.0,4.0,0.0,0.0,0.0,0.0,0.0,0.0,0.0,0.0,6.0,12.0,1.0,12.18,5.01,2.5,1.49,0.0,0.0,0.0,361.3,0.0,0.3,-0.3,1.0,-169.60000000000002,0.0,0.0,169.70000000000002,0.0,21.700000000000003,28.9,28.9,30.9,300.0,300.0,31.8,35.9,28.8,28.0,29.9,4.96,1.99,4.97,0.16,0.0,0.0,1027.0,8228.0,0.0,0.0,0.0,0.0,0.0,1.0,0.0,0.0,0.0,0.0,0.0,0.3,0.0,-0.9,0.0,0.0,16.0,25903.0
2026-07-30T19:04:05.311Z,414.794,414.81,0.0,7.4,0.0,0.0,0.0,0.0,0.0,0.0,0.0,0.0,1.0,0.0,0.0,0.0,9.0,4.0,0.0,0.0,0.0,0.0,0.0,0.0,0.0,0.0,1.0,12.0,1.0,12.18,5.01,2.5,1.49,0.0,0.0,0.0,361.3,0.0,0.3,0.2,-0.7000000000000001,-169.60000000000002,0.0,0.0,169.60000000000002,0.0,21.700000000000003,28.9,28.9,30.9,300.0,300.0,31.8,35.9,28.8,28.0,29.9,4.95,2.0,4.96,0.16,0.0,0.0,1027.0,8228.0,0.0,0.0,0.0,0.0,0.0,1.0,0.0,0.0,0.0,0.0,0.0,-0.2,0.0,0.7000000000000001,0.0,0.0,16.0,25903.0
2026-07-30T19:04:05.323Z,414.806,414.822,0.0,7.4,0.0,0.0,0.0,0.0,0.0,0.0,0.0,0.0,1.0,0.0,0.0,0.0,9.0,4.0,0.0,0.0,0.0,0.0,0.0,0.0,0.0,0.0,2.0,12.0,1.0,12.15,5.01,2.51,1.49,0.0,0.0,0.0,361.3,0.0,1.6,1.4,0.4,-169.60000000000002,0.0,0.0,169.60000000000002,0.0,21.8,28.9,28.9,30.9,300.0,300.0,31.8,35.9,28.8,28.0,29.9,4.95,2.0,4.97,0.16,0.0,0.0,1027.0,8228.0,0.0,0.0,0.0,0.0,0.0,1.0,0.0,0.0,0.0,0.0,0.0,-0.2,0.0,0.6000000000000001,0.0,0.0,16.0,25903.0
2026-07-30T19:04:05.335Z,414.818,414.834,0.0,7.4,0.0,0.0,0.0,0.0,0.0,0.0,0.0,0.0,1.0,0.0,0.0,0.0,9.0,4.0,0.0,0.0,0.0,0.0,0.0,0.0,0.0,0.0,3.0,12.0,1.0,12.15,5.01,2.51,1.49,0.0,0.0,0.0,361.3,0.0,-0.1,-0.2,-0.1,-169.60000000000002,0.0,0.0,169.70000000000002,0.0,21.8,28.9,28.9,30.9,300.0,300.0,31.8,35.9,28.8,28.0,29.9,4.95,2.0,4.97,0.16,0.0,0.0,1027.0,8228.0,0.0,0.0,0.0,0.0,0.0,1.0,0.0,0.0,0.0,0.0,0.0,0.6000000000000001,0.0,-0.3,0.0,0.0,16.0,25903.0
2026-07-30T19:04:05.347Z,414.83,414.846,0.0,7.4,0.0,0.0,0.0,0.0,0.0,0.0,0.0,0.0,1.0,0.0,0.0,0.0,9.0,4.0,0.0,0.0,0.0,0.0,0.0,0.0,0.0,0.0,4.0,12.0,1.0,12.15,5.01,2.51,1.49,0.0,0.0,0.0,361.3,0.0,-0.7000000000000001,-0.2,1.0,-169.60000000000002,0.0,0.0,169.70000000000002,0.0,21.8,28.9,28.9,30.9,300.0,300.0,31.8,35.9,28.8,28.0,29.9,4.96,2.0,4.96,0.16,0.0,0.0,1027.0,8228.0,0.0,0.0,0.0,0.0,0.0,1.0,0.0,0.0,0.0,0.0,0.0,1.1,0.0,-0.8,0.0,0.0,16.0,25903.0
2026-07-30T19:04:05.359Z,414.842,414.858,0.0,7.4,0.0,0.0,0.0,0.0,0.0,0.0,0.0,0.0,1.0,0.0,0.0,0.0,9.0,4.0,0.0,0.0,0.0,0.0,0.0,0.0,0.0,0.0,5.0,12.0,1.0,12.15,5.01,2.51,1.49,0.0,0.0,0.0,361.3,0.0,-0.1,0.2,-0.1,-169.60000000000002,0.0,0.0,169.60000000000002,0.0,21.8,28.9,28.9,30.9,300.0,300.0,31.8,35.9,28.8,28.0,29.9,4.95,2.0,4.97,0.16,0.0,0.0,1027.0,8228.0,0.0,0.0,0.0,0.0,0.0,1.0,0.0,0.0,0.0,0.0,0.0,0.2,0.0,0.1,0.0,0.0,16.0,25903.0
2026-07-30T19:04:05.371Z,414.854,414.87,0.0,7.4,0.0,0.0,0.0,0.0,0.0,0.0,0.0,0.0,1.0,0.0,0.0,0.0,9.0,4.0,0.0,0.0,0.0,0.0,0.0,0.0,0.0,0.0,6.0,12.0,1.0,12.15,5.01,2.51,1.49,0.0,0.0,0.0,361.3,0.0,-0.2,1.4,0.4,-169.60000000000002,0.0,0.0,169.60000000000002,0.0,21.8,28.9,28.9,30.9,300.0,300.0,31.8,35.9,28.8,28.0,29.9,4.95,1.99,4.96,0.16,0.0,0.0,1027.0,8228.0,0.0,0.0,0.0,0.0,0.0,1.0,0.0,0.0,0.0,0.0,0.0,2.0,0.0,0.0,0.0,0.0,16.0,25903.0
2026-07-30T19:04:05.383Z,414.866,414.882,0.0,7.4,0.0,0.0,0.0,0.0,0.0,0.0,0.0,0.0,1.0,0.0,0.0,0.0,9.0,4.0,0.0,0.0,0.0,0.0,0.0,0.0,0.0,0.0,1.0,12.0,1.0,12.15,5.01,2.51,1.49,0.0,0.0,0.0,361.3,0.0,-1.3,-0.3,-0.6000000000000001,-169.60000000000002,0.0,0.0,169.70000000000002,0.0,21.8,28.9,28.9,30.9,300.0,300.0,31.8,35.9,28.8,28.0,29.9,4.96,1.99,4.96,0.16,0.0,0.0,1027.0,8228.0,0.0,0.0,0.0,0.0,0.0,1.0,0.0,0.0,0.0,0.0,0.0,-0.8,0.0,0.5,0.0,0.0,16.0,25903.0
2026-07-30T19:04:05.395Z,414.878,414.894,0.0,7.4,0.0,0.0,0.0,0.0,0.0,0.0,0.0,0.0,1.0,0.0,0.0,0.0,9.0,4.0,0.0,0.0,0.0,0.0,0.0,0.0,0.0,0.0,2.0,12.0,1.0,12.15,5.01,2.51,1.49,0.0,0.0,0.0,361.3,0.0,0.4,-1.5,-0.6000000000000001,-169.60000000000002,0.0,0.0,169.70000000000002,0.0,21.8,28.9,28.9,30.9,300.0,300.0,31.8,35.9,28.8,28.0,29.9,4.95,1.99,4.96,0.16,0.0,0.0,1027.0,8228.0,0.0,0.0,0.0,0.0,0.0,1.0,0.0,0.0,0.0,0.0,0.0,-2.2,0.0,0.2,0.0,0.0,16.0,25903.0
2026-07-30T19:04:05.407Z,414.89,414.906,0.0,7.4,0.0,0.0,0.0,0.0,0.0,0.0,0.0,0.0,1.0,0.0,0.0,0.0,9.0,4.0,0.0,0.0,0.0,0.0,0.0,0.0,0.0,0.0,4.0,12.0,1.0,12.15,5.01,2.51,1.49,0.0,0.0,0.0,361.3,0.0,-0.1,-0.3,0.0,-169.60000000000002,0.0,0.0,169.70000000000002,0.0,21.8,28.9,28.9,30.9,300.0,300.0,31.8,35.9,28.8,28.0,29.9,4.96,1.99,4.97,0.16,0.0,0.0,1027.0,8228.0,0.0,0.0,0.0,0.0,0.0,1.0,0.0,0.0,0.0,0.0,0.0,-0.4,0.0,0.0,0.0,0.0,16.0,25903.0
2026-07-30T19:04:05.420Z,414.903,414.918,0.0,7.4,0.0,0.0,0.0,0.0,0.0,0.0,0.0,0.0,1.0,0.0,0.0,0.0,9.0,4.0,0.0,0.0,0.0,0.0,0.0,0.0,0.0,0.0,5.0,12.0,1.0,12.19,5.01,2.51,1.49,0.0,0.1,0.0,361.3,0.0,1.0,0.7000000000000001,-0.1,-169.60000000000002,0.0,0.0,169.60000000000002,0.0,21.3,28.9,28.9,30.9,300.0,300.0,31.9,35.800000000000004,28.8,28.0,29.9,4.96,1.99,4.96,0.16,0.0,0.0,1027.0,8228.0,0.0,0.0,0.0,0.0,0.0,1.0,0.0,0.0,0.0,0.0,0.0,0.7000000000000001,0.0,0.2,0.0,0.0,16.0,25903.0
2026-07-30T19:04:05.431Z,414.914,414.93,0.0,7.4,0.0,0.0,0.0,0.0,0.0,0.0,0.0,0.0,1.0,0.0,0.0,0.0,9.0,4.0,0.0,0.0,0.0,0.0,0.0,0.0,0.0,0.0,6.0,12.0,1.0,12.19,5.01,2.51,1.49,0.0,0.0,0.0,361.3,0.0,0.9,0.7000000000000001,0.4,-169.60000000000002,0.0,0.0,169.60000000000002,0.0,21.3,28.9,28.9,30.9,300.0,300.0,31.9,35.800000000000004,28.8,28.0,29.9,4.96,1.99,4.96,0.16,0.0,0.0,1027.0,8228.0,0.0,0.0,0.0,0.0,0.0,1.0,0.0,0.0,0.0,0.0,0.0,1.2000000000000002,0.0,-0.2,0.0,0.0,16.0,25903.0
2026-07-30T19:04:05.443Z,414.926,414.942,0.0,7.4,0.0,0.0,0.0,0.0,0.0,0.0,0.0,0.0,1.0,0.0,0.0,0.0,9.0,4.0,0.0,0.0,0.0,0.0,0.0,0.0,0.0,0.0,1.0,12.0,1.0,12.19,5.01,2.51,1.49,0.0,0.0,0.0,361.3,0.0,-0.2,-0.4,-0.1,-169.60000000000002,0.0,0.0,169.60000000000002,0.0,21.3,28.9,28.9,30.9,300.0,300.0,31.9,35.800000000000004,28.8,28.0,29.9,4.95,1.99,4.97,0.16,0.0,0.0,1027.0,8228.0,0.0,0.0,0.0,0.0,0.0,1.0,0.0,0.0,0.0,0.0,0.0,-0.5,0.0,0.0,0.0,0.0,16.0,25903.0
2026-07-30T19:04:05.455Z,414.938,414.954,0.0,7.4,0.0,0.0,0.0,0.0,0.0,0.0,0.0,0.0,1.0,0.0,0.0,0.0,9.0,4.0,0.0,0.0,0.0,0.0,0.0,0.0,0.0,0.0,2.0,12.0,1.0,12.19,5.01,2.51,1.49,0.0,0.0,0.0,361.3,0.0,-0.2,0.1,0.0,-169.60000000000002,0.0,0.0,169.70000000000002,0.0,21.3,28.9,28.9,30.9,300.0,300.0,31.9,35.800000000000004,28.8,28.0,29.9,4.96,1.99,4.96,0.16,0.0,0.0,1027.0,8228.0,0.0,0.0,0.0,0.0,0.0,1.0,0.0,0.0,0.0,0.0,0.0,0.1,0.0,0.0,0.0,0.0,16.0,25903.0
2026-07-30T19:04:05.467Z,414.95,414.966,0.0,7.4,0.0,0.0,0.0,0.0,0.0,0.0,0.0,0.0,1.0,0.0,0.0,0.0,9.0,4.0,0.0,0.0,0.0,0.0,0.0,0.0,0.0,0.0,3.0,12.0,1.0,12.19,5.01,2.51,1.49,0.0,0.0,0.0,361.3,0.0,0.3,0.7000000000000001,0.5,-169.60000000000002,0.0,0.0,169.60000000000002,0.0,21.3,28.9,28.9,30.9,300.0,300.0,31.9,35.800000000000004,28.8,28.0,29.9,4.96,1.99,4.96,0.16,0.0,0.0,1027.0,8228.0,0.0,0.0,0.0,0.0,0.0,1.0,0.0,0.0,0.0,0.0,0.0,1.2000000000000002,0.0,-0.3,0.0,0.0,16.0,25903.0
2026-07-30T19:04:05.479Z,414.962,414.978,0.0,7.4,0.0,0.0,0.0,0.0,0.0,0.0,0.0,0.0,1.0,0.0,0.0,0.0,9.0,4.0,0.0,0.0,0.0,0.0,0.0,0.0,0.0,0.0,5.0,12.0,1.0,12.19,5.01,2.51,1.49,0.0,0.0,0.0,361.3,0.0,0.3,1.3,-0.6000000000000001,-169.60000000000002,0.0,0.0,169.60000000000002,0.0,21.3,28.9,28.9,30.9,300.0,300.0,31.9,35.800000000000004,28.8,28.0,29.9,4.96,1.99,4.96,0.16,0.0,0.0,1027.0,8228.0,0.0,0.0,0.0,0.0,0.0,1.0,0.0,0.0,0.0,0.0,0.0,1.0,0.0,0.8,0.0,0.0,16.0,25903.0
2026-07-30T19:04:05.491Z,414.974,414.99,0.0,7.4,0.0,0.0,0.0,0.0,0.0,0.0,0.0,0.0,1.0,0.0,0.0,0.0,9.0,4.0,0.0,0.0,0.0,0.0,0.0,0.0,0.0,0.0,1.0,12.0,1.0,12.19,5.01,2.51,1.49,0.0,0.0,0.0,361.3,0.0,0.9,1.9,1.7000000000000002,-169.60000000000002,0.0,0.0,169.8,0.0,21.3,28.9,28.9,30.9,300.0,300.0,31.9,35.800000000000004,28.8,28.0,29.9,4.95,1.99,4.97,0.16,0.0,0.0,1027.0,8228.0,0.0,0.0,0.0,0.0,0.0,1.0,0.0,0.0,0.0,0.0,0.0,3.4000000000000004,0.0,-1.1,0.0,0.0,16.0,25903.0
2026-07-30T19:04:05.503Z,414.986,415.002,0.0,7.4,0.0,0.0,0.0,0.0,0.0,0.0,0.0,0.0,1.0,0.0,0.0,0.0,9.0,4.0,0.0,0.0,0.0,0.0,0.0,0.0,0.0,0.0,1.0,12.0,1.0,12.19,5.01,2.51,1.49,0.0,0.0,0.0,361.3,0.0,-0.1,0.1,-0.5,-169.60000000000002,0.0,0.0,169.60000000000002,0.0,21.3,28.9,28.9,30.9,300.0,300.0,31.9,35.800000000000004,28.8,28.0,29.9,4.96,1.99,4.96,0.16,0.0,0.0,1027.0,8228.0,0.0,0.0,0.0,0.0,0.0,1.0,0.0,0.0,0.0,0.0,0.0,-0.2,0.0,0.5,0.0,0.0,16.0,25903.0
2026-07-30T19:04:05.515Z,414.998,415.014,0.0,7.4,0.0,0.0,0.0,0.0,0.0,0.0,0.0,0.0,1.0,0.0,0.0,0.0,9.0,4.0,0.0,0.0,0.0,0.0,0.0,0.0,0.0,0.0,2.0,12.0,1.0,12.19,5.01,2.51,1.49,0.0,0.0,0.0,361.4,0.0,1.0,0.1,0.0,-169.60000000000002,0.0,0.0,169.60000000000002,0.0,21.3,28.9,28.9,30.9,300.0,300.0,31.9,35.800000000000004,28.8,28.0,29.9,4.96,1.99,4.97,0.16,0.0,0.0,1027.0,8228.0,0.0,0.0,0.0,0.0,0.0,1.0,0.0,0.0,0.0,0.0,0.0,0.2,0.0,0.0,0.0,0.0,16.0,25903.0
2026-07-30T19:04:05.527Z,415.01,415.026,0.0,7.4,0.0,0.0,0.0,0.0,0.0,0.0,0.0,0.0,1.0,0.0,0.0,0.0,9.0,4.0,0.0,0.0,0.0,0.0,0.0,0.0,0.0,0.0,4.0,12.0,1.0,12.14,5.0200000000000005,2.5,1.49,0.0,0.1,0.0,361.3,0.0,-0.7000000000000001,0.1,1.1,-169.60000000000002,0.0,0.0,169.70000000000002,0.0,21.4,28.9,28.9,30.9,300.0,300.0,31.8,35.9,28.8,28.0,29.9,4.95,1.99,4.97,0.16,0.0,0.0,1027.0,8228.0,0.0,0.0,0.0,0.0,0.0,1.0,0.0,0.0,0.0,0.0,0.0,1.0,0.0,-0.9,0.0,0.0,16.0,25903.0
2026-07-30T19:04:05.540Z,415.023,415.038,0.0,7.4,0.0,0.0,0.0,0.0,0.0,0.0,0.0,0.0,1.0,0.0,0.0,0.0,9.0,4.0,0.0,0.0,0.0,0.0,0.0,0.0,0.0,0.0,4.0,12.0,1.0,12.14,5.0200000000000005,2.5,1.49,0.0,0.0,0.0,361.4,0.0,-0.1,0.2,0.5,-169.60000000000002,0.0,0.0,169.60000000000002,0.0,21.4,28.9,28.9,30.9,300.0,300.0,31.8,35.9,28.8,28.0,29.9,4.96,1.99,4.96,0.16,0.0,0.0,1027.0,8228.0,0.0,0.0,0.0,0.0,0.0,1.0,0.0,0.0,0.0,0.0,0.0,0.6000000000000001,0.0,-0.4,0.0,0.0,16.0,25903.0
2026-07-30T19:04:05.551Z,415.034,415.05,0.0,7.4,0.0,0.0,0.0,0.0,0.0,0.0,0.0,0.0,1.0,0.0,0.0,0.0,9.0,4.0,0.0,0.0,0.0,0.0,0.0,0.0,0.0,0.0,5.0,12.0,1.0,12.14,5.0200000000000005,2.5,1.49,0.0,0.0,0.0,361.3,0.0,0.4,-0.3,1.1,-169.60000000000002,0.0,0.0,169.70000000000002,0.0,21.4,28.9,28.9,30.9,300.0,300.0,31.8,35.9,28.8,28.0,29.9,4.96,1.99,4.97,0.16,0.0,0.0,1027.0,8228.0,0.0,0.0,0.0,0.0,0.0,1.0,0.0,0.0,0.0,0.0,0.0,0.4,0.0,-1.0,0.0,0.0,16.0,25903.0
2026-07-30T19:04:05.564Z,415.047,415.062,0.0,7.4,0.0,0.0,0.0,0.0,0.0,0.0,0.0,0.0,1.0,0.0,0.0,0.0,9.0,4.0,0.0,0.0,0.0,0.0,0.0,0.0,0.0,0.0,6.0,12.0,1.0,12.14,5.0200000000000005,2.5,1.49,0.0,0.0,0.0,361.4,0.0,0.3,-0.9,-1.8,-169.60000000000002,0.0,0.0,169.60000000000002,0.0,21.4,28.9,28.9,30.9,300.0,300.0,31.8,35.9,28.8,28.0,29.9,4.96,1.99,4.97,0.16,0.0,0.0,1027.0,8228.0,0.0,0.0,0.0,0.0,0.0,1.0,0.0,0.0,0.0,0.0,0.0,-2.4000000000000004,0.0,1.4,0.0,0.0,16.0,25903.0
2026-07-30T19:04:05.575Z,415.058,415.074,0.0,7.4,0.0,0.0,0.0,0.0,0.0,0.0,0.0,0.0,1.0,0.0,0.0,0.0,9.0,4.0,0.0,0.0,0.0,0.0,0.0,0.0,0.0,0.0,1.0,12.0,1.0,12.14,5.0200000000000005,2.5,1.49,0.0,0.0,0.0,361.4,0.0,-0.1,0.2,0.4,-169.60000000000002,0.0,0.0,169.70000000000002,0.0,21.4,28.9,28.9,30.9,300.0,300.0,31.8,35.9,28.8,28.0,29.9,4.95,1.99,4.97,0.16,0.0,0.0,1027.0,8228.0,0.0,0.0,0.0,0.0,0.0,1.0,0.0,0.0,0.0,0.0,0.0,0.6000000000000001,0.0,-0.3,0.0,0.0,16.0,25903.0
2026-07-30T19:04:05.587Z,415.07,415.086,0.0,7.4,0.0,0.0,0.0,0.0,0.0,0.0,0.0,0.0,1.0,0.0,0.0,0.0,9.0,4.0,0.0,0.0,0.0,0.0,0.0,0.0,0.0,0.0,2.0,12.0,1.0,12.14,5.0200000000000005,2.5,1.49,0.0,0.0,0.0,361.3,0.0,0.3,0.7000000000000001,1.6,-169.60000000000002,0.0,0.0,169.8,0.0,21.4,28.9,28.9,30.9,300.0,300.0,31.8,35.9,28.8,28.0,29.9,4.96,1.99,4.96,0.16,0.0,0.0,1027.0,8228.0,0.0,0.0,0.0,0.0,0.0,1.0,0.0,0.0,0.0,0.0,0.0,2.1,0.0,-1.3,0.0,0.0,16.0,25903.0
2026-07-30T19:04:05.600Z,415.083,415.098,0.0,7.4,0.0,0.0,0.0,0.0,0.0,0.0,0.0,0.0,1.0,0.0,0.0,0.0,9.0,4.0,0.0,0.0,0.0,0.0,0.0,0.0,0.0,0.0,4.0,12.0,1.0,12.14,5.0200000000000005,2.5,1.49,0.0,0.0,0.0,361.3,0.0,-0.1,-0.9,1.1,-169.60000000000002,0.0,0.0,169.60000000000002,0.0,21.4,28.9,28.9,30.9,300.0,300.0,31.8,35.9,28.8,28.0,29.9,4.95,1.99,4.97,0.16,0.0,0.0,1027.0,8228.0,0.0,0.0,0.0,0.0,0.0,1.0,0.0,0.0,0.0,0.0,0.0,-0.2,0.0,-1.1,0.0,0.0,16.0,25903.0
2026-07-30T19:04:05.611Z,415.094,415.11,0.0,7.4,0.0,0.0,0.0,0.0,0.0,0.0,0.0,0.0,1.0,0.0,0.0,0.0,9.0,4.0,0.0,0.0,0.0,0.0,0.0,0.0,0.0,0.0,5.0,12.0,1.0,12.14,5.0200000000000005,2.5,1.49,0.0,0.0,0.0,361.4,0.0,-0.1,0.7000000000000001,0.0,-169.60000000000002,0.0,0.0,169.70000000000002,0.0,21.4,28.9,28.9,30.9,300.0,300.0,31.8,35.9,28.8,28.0,29.9,4.95,1.99,4.96,0.16,0.0,0.0,1027.0,8228.0,0.0,0.0,0.0,0.0,0.0,1.0,0.0,0.0,0.0,0.0,0.0,0.7000000000000001,0.0,0.2,0.0,0.0,16.0,25903.0
2026-07-30T19:04:05.625Z,415.108,415.122,0.0,7.4,0.0,0.0,0.0,0.0,0.0,0.0,0.0,0.0,1.0,0.0,0.0,0.0,9.0,4.0,0.0,0.0,0.0,0.0,0.0,0.0,0.0,0.0,1.0,12.0,1.0,12.17,5.01,2.51,1.49,0.0,0.0,0.0,361.3,0.0,0.3,1.9,2.2,-169.60000000000002,0.0,0.0,169.70000000000002,0.0,21.700000000000003,28.9,28.9,30.9,300.0,300.0,31.8,35.9,28.9,28.0,29.9,4.96,1.99,4.96,0.16,0.0,0.0,1027.0,8228.0,0.0,0.0,0.0,0.0,0.0,1.0,0.0,0.0,0.0,0.0,0.0,3.8,0.0,-1.5,0.0,0.0,16.0,25903.0
2026-07-30T19:04:05.636Z,415.119,415.134,0.0,7.4,0.0,0.0,0.0,0.0,0.0,0.0,0.0,0.0,1.0,0.0,0.0,0.0,9.0,4.0,0.0,0.0,0.0,0.0,0.0,0.0,0.0,0.0,2.0,12.0,1.0,12.17,5.01,2.51,1.49,0.0,0.0,0.0,361.3,0.0,-0.2,-0.3,0.0,-169.60000000000002,0.0,0.0,169.70000000000002,0.0,21.700000000000003,28.9,28.9,30.9,300.0,300.0,31.8,35.9,28.9,28.0,29.9,4.96,1.99,4.97,0.16,0.0,0.0,1027.0,8228.0,0.0,0.0,0.0,0.0,0.0,1.0,0.0,0.0,0.0,0.0,0.0,-0.5,0.0,0.0,0.0,0.0,16.0,25903.0
2026-07-30T19:04:05.648Z,415.131,415.146,0.0,7.4,0.0,0.0,0.0,0.0,0.0,0.0,0.0,0.0,1.0,0.0,0.0,0.0,9.0,4.0,0.0,0.0,0.0,0.0,0.0,0.0,0.0,0.0,2.0,12.0,1.0,12.17,5.01,2.51,1.49,0.0,0.0,0.0,361.3,0.0,-0.2,0.1,0.0,-169.60000000000002,0.0,0.0,169.70000000000002,0.0,21.700000000000003,28.9,28.9,30.9,300.0,300.0,31.8,35.9,28.9,28.0,29.9,4.95,1.99,4.97,0.16,0.0,0.0,1027.0,8228.0,0.0,0.0,0.0,0.0,0.0,1.0,0.0,0.0,0.0,0.0,0.0,0.1,0.0,0.1,0.0,0.0,16.0,25903.0
2026-07-30T19:04:05.660Z,415.143,415.158,0.0,7.4,0.0,0.0,0.0,0.0,0.0,0.0,0.0,0.0,1.0,0.0,0.0,0.0,9.0,4.0,0.0,0.0,0.0,0.0,0.0,0.0,0.0,0.0,3.0,12.0,1.0,12.17,5.01,2.51,1.49,0.0,0.0,0.0,361.3,0.0,0.3,1.9,2.2,-169.60000000000002,0.0,0.0,169.70000000000002,0.0,21.700000000000003,28.9,28.9,30.9,300.0,300.0,31.8,35.9,28.9,28.0,29.9,4.95,1.99,4.96,0.16,0.0,0.0,1027.0,8228.0,0.0,0.0,0.0,0.0,0.0,1.0,0.0,0.0,0.0,0.0,0.0,3.9,0.0,-1.6,0.0,0.0,16.0,25903.0
2026-07-30T19:04:05.671Z,415.154,415.17,0.0,7.4,0.0,0.0,0.0,0.0,0.0,0.0,0.0,0.0,1.0,0.0,0.0,0.0,9.0,4.0,0.0,0.0,0.0,0.0,0.0,0.0,0.0,0.0,4.0,12.0,1.0,12.17,5.01,2.51,1.49,0.0,0.0,0.0,361.4,0.0,-0.2,0.2,0.0,-169.60000000000002,0.0,0.0,169.60000000000002,0.0,21.700000000000003,28.9,28.9,30.9,300.0,300.0,31.8,35.9,28.9,28.0,29.9,4.96,1.99,4.96,0.16,0.0,0.0,1027.0,8228.0,0.0,0.0,0.0,0.0,0.0,1.0,0.0,0.0,0.0,0.0,0.0,0.1,0.0,0.0,0.0,0.0,16.0,25903.0
2026-07-30T19:04:05.683Z,415.166,415.182,0.0,7.4,0.0,0.0,0.0,0.0,0.0,0.0,0.0,0.0,1.0,0.0,0.0,0.0,9.0,4.0,0.0,0.0,0.0,0.0,0.0,0.0,0.0,0.0,6.0,12.0,1.0,12.17,5.01,2.51,1.49,0.0,0.0,0.0,361.4,0.0,0.3,0.1,0.5,-169.60000000000002,0.0,0.0,169.60000000000002,0.0,21.700000000000003,28.9,28.9,30.9,300.0,300.0,31.8,35.9,28.9,28.0,29.9,4.96,1.99,4.97,0.16,0.0,0.0,1027.0,8228.0,0.0,0.0,0.0,0.0,0.0,1.0,0.0,0.0,0.0,0.0,0.0,0.5,0.0,-0.4,0.0,0.0,16.0,25903.0
2026-07-30T19:04:05.695Z,415.178,415.194,0.0,7.4,0.0,0.0,0.0,0.0,0.0,0.0,0.0,0.0,1.0,0.0,0.0,0.0,9.0,4.0,0.0,0.0,0.0,0.0,0.0,0.0,0.0,0.0,1.0,12.0,1.0,12.17,5.01,2.51,1.49,0.0,0.0,0.0,361.3,0.0,-0.2,0.1,-0.6000000000000001,-169.60000000000002,0.0,0.0,169.60000000000002,0.0,21.700000000000003,28.9,28.9,30.9,300.0,300.0,31.8,35.9,28.9,28.0,29.9,4.96,1.99,4.96,0.16,0.0,0.0,1027.0,8228.0,0.0,0.0,0.0,0.0,0.0,1.0,0.0,0.0,0.0,0.0,0.0,-0.3,0.0,0.6000000000000001,0.0,0.0,16.0,25903.0
2026-07-30T19:04:05.707Z,415.19,415.206,0.0,7.4,0.0,0.0,0.0,0.0,0.0,0.0,0.0,0.0,1.0,0.0,0.0,0.0,9.0,4.0,0.0,0.0,0.0,0.0,0.0,0.0,0.0,0.0,3.0,12.0,1.0,12.17,5.01,2.51,1.49,0.0,0.0,0.0,361.3,0.0,-0.2,-0.4,-0.6000000000000001,-169.60000000000002,0.0,0.0,169.70000000000002,0.0,21.700000000000003,28.9,28.9,30.9,300.0,300.0,31.8,35.9,28.9,28.0,29.9,4.96,1.99,4.97,0.16,0.0,0.0,1027.0,8228.0,0.0,0.0,0.0,0.0,0.0,1.0,0.0,0.0,0.0,0.0,0.0,-0.9,0.0,0.5,0.0,0.0,16.0,25903.0
2026-07-30T19:04:05.719Z,415.202,415.218,0.0,7.4,0.0,0.0,0.0,0.0,0.0,0.0,0.0,0.0,1.0,0.0,0.0,0.0,9.0,4.0,0.0,0.0,0.0,0.0,0.0,0.0,0.0,0.0,4.0,12.0,1.0,12.17,5.01,2.51,1.49,0.0,0.0,0.0,361.3,0.0,-0.2,0.7000000000000001,0.0,-169.60000000000002,0.0,0.0,169.70000000000002,0.0,21.700000000000003,28.9,28.9,30.9,300.0,300.0,31.8,35.9,28.9,28.0,29.9,4.96,1.99,4.97,0.16,0.0,0.0,1027.0,8228.0,0.0,0.0,0.0,0.0,0.0,1.0,0.0,0.0,0.0,0.0,0.0,0.7000000000000001,0.0,0.2,0.0,0.0,16.0,25903.0
2026-07-30T19:04:05.731Z,415.214,415.23,0.0,7.4,0.0,0.0,0.0,0.0,0.0,0.0,0.0,0.0,1.0,0.0,0.0,0.0,9.0,4.0,0.0,0.0,0.0,0.0,0.0,0.0,0.0,0.0,5.0,12.0,1.0,12.17,5.01,2.51,1.49,0.0,0.0,0.0,361.3,0.0,0.3,0.1,0.5,-169.60000000000002,0.0,0.0,169.70000000000002,0.0,21.4,28.9,28.9,30.9,300.0,300.0,31.8,35.9,28.9,28.0,29.9,4.95,1.99,4.97,0.16,0.0,0.0,1027.0,8228.0,0.0,0.0,0.0,0.0,0.0,1.0,0.0,0.0,0.0,0.0,0.0,0.5,0.0,-0.4,0.0,0.0,16.0,25903.0
2026-07-30T19:04:05.743Z,415.226,415.242,0.0,7.4,0.0,0.0,0.0,0.0,0.0,0.0,0.0,0.0,1.0,0.0,0.0,0.0,9.0,4.0,0.0,0.0,0.0,0.0,0.0,0.0,0.0,0.0,6.0,12.0,1.0,12.17,5.01,2.51,1.49,0.0,0.0,0.0,361.3,0.0,-0.2,-1.0,-0.6000000000000001,-169.60000000000002,0.0,0.0,169.70000000000002,0.0,21.4,28.9,28.9,30.9,300.0,300.0,31.8,35.9,28.9,28.0,29.9,4.96,2.0,4.96,0.16,0.0,0.0,1027.0,8228.0,0.0,0.0,0.0,0.0,0.0,1.0,0.0,0.0,0.0,0.0,0.0,-1.6,0.0,0.3,0.0,0.0,16.0,25903.0
2026-07-30T19:04:05.755Z,415.238,415.254,0.0,7.4,0.0,0.0,0.0,0.0,0.0,0.0,0.0,0.0,1.0,0.0,0.0,0.0,9.0,4.0,0.0,0.0,0.0,0.0,0.0,0.0,0.0,0.0,1.0,12.0,1.0,12.17,5.01,2.51,1.49,0.0,0.0,0.0,361.3,0.0,0.3,0.7000000000000001,0.0,-169.60000000000002,0.0,0.0,169.70000000000002,0.0,21.4,28.9,28.9,30.9,300.0,300.0,31.8,35.9,28.9,28.0,29.9,4.96,1.99,4.97,0.16,0.0,0.0,1027.0,8228.0,0.0,0.0,0.0,0.0,0.0,1.0,0.0,0.0,0.0,0.0,0.0,0.7000000000000001,0.0,0.2,0.0,0.0,16.0,25903.0
2026-07-30T19:04:05.767Z,415.25,415.266,0.0,7.4,0.0,0.0,0.0,0.0,0.0,0.0,0.0,0.0,1.0,0.0,0.0,0.0,9.0,4.0,0.0,0.0,0.0,0.0,0.0,0.0,0.0,0.0,2.0,12.0,1.0,12.17,5.01,2.51,1.49,0.0,0.0,0.0,361.3,0.0,-0.2,0.7000000000000001,0.0,-169.60000000000002,0.0,0.0,169.70000000000002,0.0,21.4,28.9,28.9,30.9,300.0,300.0,31.8,35.9,28.9,28.0,29.9,4.95,1.99,4.97,0.16,0.0,0.0,1027.0,8228.0,0.0,0.0,0.0,0.0,0.0,1.0,0.0,0.0,0.0,0.0,0.0,0.7000000000000001,0.0,0.2,0.0,0.0,16.0,25903.0
2026-07-30T19:04:05.779Z,415.262,415.278,0.0,7.4,0.0,0.0,0.0,0.0,0.0,0.0,0.0,0.0,1.0,0.0,0.0,0.0,9.0,4.0,0.0,0.0,0.0,0.0,0.0,0.0,0.0,0.0,3.0,12.0,1.0,12.17,5.01,2.51,1.49,0.0,0.0,0.0,361.3,0.0,0.3,-0.4,-0.6000000000000001,-169.60000000000002,0.0,0.0,169.70000000000002,0.0,21.4,28.9,28.9,30.9,300.0,300.0,31.8,35.9,28.9,28.0,29.9,4.96,1.99,4.97,0.16,0.0,0.0,1027.0,8228.0,0.0,0.0,0.0,0.0,0.0,1.0,0.0,0.0,0.0,0.0,0.0,-1.0,0.0,0.4,0.0,0.0,16.0,25903.0
2026-07-30T19:04:05.791Z,415.274,415.29,0.0,7.4,0.0,0.0,0.0,0.0,0.0,0.0,0.0,0.0,1.0,0.0,0.0,0.0,9.0,4.0,0.0,0.0,0.0,0.0,0.0,0.0,0.0,0.0,5.0,12.0,1.0,12.17,5.01,2.51,1.49,0.0,0.0,0.0,361.3,0.0,0.3,-0.4,1.0,-169.60000000000002,0.0,0.0,169.70000000000002,0.0,21.4,28.9,28.9,30.9,300.0,300.0,31.8,35.9,28.9,28.0,29.9,4.96,1.99,4.96,0.16,0.0,0.0,1027.0,8228.0,0.0,0.0,0.0,0.0,0.0,1.0,0.0,0.0,0.0,0.0,0.0,0.2,0.0,-1.0,0.0,0.0,16.0,25903.0
2026-07-30T19:04:05.803Z,415.286,415.302,0.0,7.4,0.0,0.0,0.0,0.0,0.0,0.0,0.0,0.0,1.0,0.0,0.0,0.0,9.0,4.0,0.0,0.0,0.0,0.0,0.0,0.0,0.0,0.0,6.0,12.0,1.0,12.17,5.01,2.51,1.49,0.0,0.0,0.0,361.3,0.0,0.3,0.0,-0.1,-169.60000000000002,0.0,0.0,169.70000000000002,0.0,21.4,28.9,28.9,30.9,300.0,300.0,31.8,35.9,28.9,28.0,29.9,4.96,1.99,4.97,0.16,0.0,0.0,1027.0,8228.0,0.0,0.0,0.0,0.0,0.0,1.0,0.0,0.0,0.0,0.0,0.0,0.0,0.0,0.1,0.0,0.0,16.0,25903.0
2026-07-30T19:04:05.815Z,415.298,415.314,0.0,7.4,0.0,0.0,0.0,0.0,0.0,0.0,0.0,0.0,1.0,0.0,0.0,0.0,9.0,4.0,0.0,0.0,0.0,0.0,0.0,0.0,0.0,0.0,2.0,12.0,1.0,12.17,5.01,2.51,1.49,0.0,0.1,0.0,361.3,0.0,0.3,0.6000000000000001,-1.2000000000000002,-169.60000000000002,0.0,0.0,169.60000000000002,0.0,21.4,28.9,28.9,30.9,300.0,300.0,31.8,35.9,28.9,28.0,29.9,4.96,1.99,4.97,0.16,0.0,0.0,1027.0,8228.0,0.0,0.0,0.0,0.0,0.0,1.0,0.0,0.0,0.0,0.0,0.0,-0.2,0.0,1.2000000000000002,0.0,0.0,16.0,25903.0
2026-07-30T19:04:05.828Z,415.311,415.326,0.0,7.4,0.0,0.0,0.0,0.0,0.0,0.0,0.0,0.0,1.0,0.0,0.0,0.0,9.0,4.0,0.0,0.0,0.0,0.0,0.0,0.0,0.0,0.0,3.0,12.0,1.0,12.17,5.01,2.51,1.49,0.0,0.0,0.0,361.3,0.0,0.3,-0.5,-0.1,-169.60000000000002,0.0,0.0,169.60000000000002,0.0,21.700000000000003,28.9,28.9,30.9,300.0,300.0,31.8,35.9,28.8,28.1,29.9,4.96,1.99,4.96,0.16,0.0,0.0,1027.0,8228.0,0.0,0.0,0.0,0.0,0.0,1.0,0.0,0.0,0.0,0.0,0.0,-0.7000000000000001,0.0,-0.6000000000000001,0.0,0.0,16.0,25903.0
2026-07-30T19:04:05.839Z,415.322,415.338,0.0,7.4,0.0,0.0,0.0,0.0,0.0,0.0,0.0,0.0,1.0,0.0,0.0,0.0,9.0,4.0,0.0,0.0,0.0,0.0,0.0,0.0,0.0,0.0,4.0,12.0,1.0,12.17,5.01,2.51,1.49,0.0,0.0,0.0,361.3,0.0,0.3,-1.0,-0.6000000000000001,-169.60000000000002,0.0,0.0,169.60000000000002,0.0,21.700000000000003,28.9,28.9,30.9,300.0,300.0,31.8,35.9,28.8,28.1,29.9,4.95,1.99,4.97,0.16,0.0,0.0,1027.0,8228.0,0.0,0.0,0.0,0.0,0.0,1.0,0.0,0.0,0.0,0.0,0.0,0.2,0.0,-1.0,0.0,0.0,16.0,25903.0
2026-07-30T19:04:05.851Z,415.334,415.35,0.0,7.4,0.0,0.0,0.0,0.0,0.0,0.0,0.0,0.0,1.0,0.0,0.0,0.0,9.0,4.0,0.0,0.0,0.0,0.0,0.0,0.0,0.0,0.0,5.0,12.0,1.0,12.17,5.01,2.51,1.49,0.0,0.0,0.0,361.4,0.0,0.3,0.1,-0.1,-169.60000000000002,0.0,0.0,169.70000000000002,0.0,21.700000000000003,28.9,28.9,30.9,300.0,300.0,31.8,35.9,28.8,28.1,29.9,4.95,1.99,4.96,0.16,0.0,0.0,1027.0,8228.0,0.0,0.0,0.0,0.0,0.0,1.0,0.0,0.0,0.0,0.0,0.0,-1.4,0.0,1.0,0.0,0.0,16.0,25903.0
2026-07-30T19:04:05.863Z,415.346,415.362,0.0,7.4,0.0,0.0,0.0,0.0,0.0,0.0,0.0,0.0,1.0,0.0,0.0,0.0,9.0,4.0,0.0,0.0,0.0,0.0,0.0,0.0,0.0,0.0,1.0,12.0,1.0,12.17,5.01,2.51,1.49,0.0,0.0,0.0,361.3,0.0,0.3,0.1,-1.2000000000000002,-169.60000000000002,0.0,0.0,169.60000000000002,0.0,21.700000000000003,28.9,28.9,30.9,300.0,300.0,31.8,35.9,28.8,28.1,29.9,4.96,1.99,4.96,0.16,0.0,0.0,1027.0,8228.0,0.0,0.0,0.0,0.0,0.0,1.0,0.0,0.0,0.0,0.0,0.0,-0.7000000000000001,0.0,1.1,0.0,0.0,16.0,25903.0
2026-07-30T19:04:05.876Z,415.359,415.374,0.0,7.4,0.0,0.0,0.0,0.0,0.0,0.0,0.0,0.0,1.0,0.0,0.0,0.0,9.0,4.0,0.0,0.0,0.0,0.0,0.0,0.0,0.0,0.0,2.0,12.0,1.0,12.17,5.01,2.51,1.49,0.0,0.1,0.0,361.3,0.0,0.3,0.2,-1.2000000000000002,-169.60000000000002,0.0,0.0,169.70000000000002,0.0,21.700000000000003,28.9,28.9,30.9,300.0,300.0,31.8,35.9,28.8,28.1,29.9,4.95,1.99,4.97,0.16,0.0,0.0,1027.0,8228.0,0.0,0.0,0.0,0.0,0.0,1.0,0.0,0.0,0.0,0.0,0.0,-0.7000000000000001,0.0,1.1,0.0,0.0,16.0,25903.0
2026-07-30T19:04:05.887Z,415.37,415.386,0.0,7.4,0.0,0.0,0.0,0.0,0.0,0.0,0.0,0.0,1.0,0.0,0.0,0.0,9.0,4.0,0.0,0.0,0.0,0.0,0.0,0.0,0.0,0.0,4.0,12.0,1.0,12.17,5.01,2.51,1.49,0.0,0.0,0.0,361.3,0.0,-0.2,0.1,-0.7000000000000001,-169.60000000000002,0.0,0.0,169.60000000000002,0.0,21.700000000000003,28.9,28.9,30.9,300.0,300.0,31.8,35.9,28.8,28.1,29.9,4.95,1.99,4.97,0.16,0.0,0.0,1027.0,8228.0,0.0,0.0,0.0,0.0,0.0,1.0,0.0,0.0,0.0,0.0,0.0,-0.4,0.0,0.7000000000000001,0.0,0.0,16.0,25903.0
2026-07-30T19:04:05.899Z,415.382,415.398,0.0,7.4,0.0,0.0,0.0,0.0,0.0,0.0,0.0,0.0,1.0,0.0,0.0,0.0,9.0,4.0,0.0,0.0,0.0,0.0,0.0,0.0,0.0,0.0,5.0,12.0,1.0,12.17,5.01,2.51,1.49,0.0,0.0,0.0,361.3,0.0,0.3,1.2000000000000002,0.3,-169.60000000000002,0.0,0.0,169.60000000000002,0.0,21.700000000000003,28.9,28.9,30.9,300.0,300.0,31.8,35.9,28.8,28.1,29.9,4.95,2.0,4.96,0.16,0.0,0.0,1027.0,8228.0,0.0,0.0,0.0,0.0,0.0,1.0,0.0,0.0,0.0,0.0,0.0,1.7000000000000002,0.0,0.0,0.0,0.0,16.0,25903.0
2026-07-30T19:04:05.911Z,415.394,415.41,0.0,7.4,0.0,0.0,0.0,0.0,0.0,0.0,0.0,0.0,1.0,0.0,0.0,0.0,9.0,4.0,0.0,0.0,0.0,0.0,0.0,0.0,0.0,0.0,6.0,12.0,1.0,12.17,5.01,2.51,1.49,0.0,0.0,0.0,361.4,0.0,-0.2,0.0,-0.2,-169.60000000000002,0.0,0.0,169.60000000000002,0.0,21.700000000000003,28.9,28.9,30.9,300.0,300.0,31.8,35.9,28.8,28.1,29.9,4.96,1.99,4.96,0.16,0.0,0.0,1027.0,8228.0,0.0,0.0,0.0,0.0,0.0,1.0,0.0,0.0,0.0,0.0,0.0,0.0,0.0,0.2,0.0,0.0,16.0,25903.0
2026-07-30T19:04:05.923Z,415.406,415.422,0.0,7.4,0.0,0.0,0.0,0.0,0.0,0.0,0.0,0.0,1.0,0.0,0.0,0.0,9.0,4.0,0.0,0.0,0.0,0.0,0.0,0.0,0.0,0.0,2.0,12.0,1.0,12.17,5.01,2.51,1.49,0.0,0.0,0.0,361.4,0.0,-0.8,-0.4,-0.8,-169.60000000000002,0.0,0.0,169.60000000000002,0.0,21.700000000000003,28.9,28.9,30.9,300.0,300.0,31.8,35.9,28.8,28.1,29.9,4.95,1.99,4.97,0.16,0.0,0.0,1027.0,8228.0,0.0,0.0,0.0,0.0,0.0,1.0,0.0,0.0,0.0,0.0,0.0,-1.1,0.0,0.6000000000000001,0.0,0.0,16.0,25903.0
2026-07-30T19:04:05.935Z,415.418,415.434,0.0,7.4,0.0,0.0,0.0,0.0,0.0,0.0,0.0,0.0,1.0,0.0,0.0,0.0,9.0,4.0,0.0,0.0,0.0,0.0,0.0,0.0,0.0,0.0,3.0,12.0,1.0,12.18,5.0200000000000005,2.51,1.49,0.0,0.0,0.0,361.3,0.0,-0.2,-1.1,-0.8,-169.60000000000002,0.0,0.0,169.60000000000002,0.0,21.8,28.9,28.9,30.9,300.0,300.0,31.8,35.9,28.8,28.1,29.9,4.96,2.0,4.96,0.16,0.0,0.0,1027.0,8228.0,0.0,0.0,0.0,0.0,0.0,1.0,0.0,0.0,0.0,0.0,0.0,-1.8,0.0,0.4,0.0,0.0,16.0,25903.0
2026-07-30T19:04:05.947Z,415.43,415.446,0.0,7.4,0.0,0.0,0.0,0.0,0.0,0.0,0.0,0.0,1.0,0.0,0.0,0.0,9.0,4.0,0.0,0.0,0.0,0.0,0.0,0.0,0.0,0.0,4.0,12.0,1.0,12.18,5.0200000000000005,2.51,1.49,0.0,0.0,0.0,361.3,0.0,0.3,0.1,-0.7000000000000001,-169.60000000000002,0.0,0.0,169.60000000000002,0.0,21.8,28.9,28.9,30.9,300.0,300.0,31.8,35.9,28.8,28.1,29.9,4.96,1.99,4.96,0.16,0.0,0.0,1027.0,8228.0,0.0,0.0,0.0,0.0,0.0,1.0,0.0,0.0,0.0,0.0,0.0,-0.4,0.0,0.7000000000000001,0.0,0.0,16.0,25903.0
2026-07-30T19:04:05.959Z,415.442,415.458,0.0,7.4,0.0,0.0,0.0,0.0,0.0,0.0,0.0,0.0,1.0,0.0,0.0,0.0,9.0,4.0,0.0,0.0,0.0,0.0,0.0,0.0,0.0,0.0,5.0,12.0,1.0,12.18,5.0200000000000005,2.51,1.49,0.0,0.1,0.0,361.4,0.0,-0.8,0.1,-0.1,-169.60000000000002,0.0,0.0,169.60000000000002,0.0,21.8,28.9,28.9,30.9,300.0,300.0,31.8,35.9,28.8,28.1,29.9,4.95,1.99,4.96,0.16,0.0,0.0,1027.0,8228.0,0.0,0.0,0.0,0.0,0.0,1.0,0.0,0.0,0.0,0.0,0.0,0.0,0.0,0.1,0.0,0.0,16.0,25903.0
2026-07-30T19:04:05.971Z,415.454,415.47,0.0,7.4,0.0,0.0,0.0,0.0,0.0,0.0,0.0,0.0,1.0,0.0,0.0,0.0,9.0,4.0,0.0,0.0,0.0,0.0,0.0,0.0,0.0,0.0,6.0,12.0,1.0,12.18,5.0200000000000005,2.51,1.49,0.0,0.0,0.0,361.3,0.0,0.3,-0.4,-0.1,-169.60000000000002,0.0,0.0,169.60000000000002,0.0,21.8,28.9,28.9,30.9,300.0,300.0,31.8,35.9,28.8,28.1,29.9,4.95,1.99,4.97,0.16,0.0,0.0,1027.0,8228.0,0.0,0.0,0.0,0.0,0.0,1.0,0.0,0.0,0.0,0.0,0.0,-0.6000000000000001,0.0,0.0,0.0,0.0,16.0,25903.0
2026-07-30T19:04:05.983Z,415.466,415.482,0.0,7.4,0.0,0.0,0.0,0.0,0.0,0.0,0.0,0.0,1.0,0.0,0.0,0.0,9.0,4.0,0.0,0.0,0.0,0.0,0.0,0.0,0.0,0.0,2.0,12.0,1.0,12.18,5.0200000000000005,2.51,1.49,0.0,0.0,0.0,361.3,0.0,0.9,-1.0,1.0,-169.60000000000002,0.0,0.0,169.60000000000002,0.0,21.8,28.9,28.9,30.9,300.0,300.0,31.8,35.9,28.8,28.1,29.9,4.96,1.99,4.97,0.16,0.0,0.0,1027.0,8228.0,0.0,0.0,0.0,0.0,0.0,1.0,0.0,0.0,0.0,0.0,0.0,-0.4,0.0,-1.1,0.0,0.0,16.0,25903.0
2026-07-30T19:04:05.995Z,415.478,415.494,0.0,7.4,0.0,0.0,0.0,0.0,0.0,0.0,0.0,0.0,1.0,0.0,0.0,0.0,9.0,4.0,0.0,0.0,0.0,0.0,0.0,0.0,0.0,0.0,3.0,12.0,1.0,12.18,5.0200000000000005,2.51,1.49,0.0,0.0,0.0,361.3,0.0,-0.1,0.7000000000000001,-1.3,-169.60000000000002,0.0,0.0,169.60000000000002,0.0,21.8,28.9,28.9,30.9,300.0,300.0,31.8,35.9,28.8,28.1,29.9,4.96,1.99,4.97,0.16,0.0,0.0,1027.0,8228.0,0.0,0.0,0.0,0.0,0.0,1.0,0.0,0.0,0.0,0.0,0.0,-0.1,0.0,1.3,0.0,0.0,16.0,25903.0
2026-07-30T19:04:06.007Z,415.49,415.506,0.0,7.4,0.0,0.0,0.0,0.0,0.0,0.0,0.0,0.0,1.0,0.0,0.0,0.0,9.0,4.0,0.0,0.0,0.0,0.0,0.0,0.0,0.0,0.0,5.0,12.0,1.0,12.18,5.0200000000000005,2.51,1.49,0.0,0.0,0.0,361.3,0.0,-0.1,-0.4,-1.3,-169.60000000000002,0.0,0.0,169.60000000000002,0.0,21.8,28.9,28.9,30.9,300.0,300.0,31.8,35.9,28.8,28.1,29.9,4.95,1.99,4.97,0.16,0.0,0.0,1027.0,8228.0,0.0,0.0,0.0,0.0,0.0,1.0,0.0,0.0,0.0,0.0,0.0,-1.4,0.0,1.0,0.0,0.0,16.0,25903.0
2026-07-30T19:04:06.019Z,415.502,415.518,0.0,7.4,0.0,0.0,0.0,0.0,0.0,0.0,0.0,0.0,1.0,0.0,0.0,0.0,9.0,4.0,0.0,0.0,0.0,0.0,0.0,0.0,0.0,0.0,6.0,12.0,1.0,12.18,5.0200000000000005,2.51,1.49,0.0,0.0,0.0,361.3,0.0,0.4,0.7000000000000001,1.0,-169.60000000000002,0.0,0.0,169.60000000000002,0.0,21.8,28.9,28.9,30.9,300.0,300.0,31.8,35.9,28.8,28.1,29.9,4.95,1.99,4.96,0.16,0.0,0.0,1027.0,8228.0,0.0,0.0,0.0,0.0,0.0,1.0,0.0,0.0,0.0,0.0,0.0,1.6,0.0,-0.7000000000000001,0.0,0.0,16.0,25903.0
2026-07-30T19:04:06.032Z,415.515,415.53,0.0,7.4,0.0,0.0,0.0,0.0,0.0,0.0,0.0,0.0,1.0,0.0,0.0,0.0,9.0,4.0,0.0,0.0,0.0,0.0,0.0,0.0,0.0,0.0,1.0,12.0,1.0,12.15,5.03,2.5,1.49,0.0,0.0,0.0,361.3,0.0,-0.7000000000000001,0.1,-0.7000000000000001,-169.60000000000002,0.0,0.0,169.60000000000002,0.0,21.700000000000003,28.9,28.9,30.9,300.0,300.0,31.8,35.9,28.9,28.0,29.9,4.95,1.99,4.97,0.16,0.0,0.0,1027.0,8228.0,0.0,0.0,0.0,0.0,0.0,1.0,0.0,0.0,0.0,0.0,0.0,-0.3,0.0,0.6000000000000001,0.0,0.0,16.0,25903.0
2026-07-30T19:04:06.043Z,415.526,415.542,0.0,7.4,0.0,0.0,0.0,0.0,0.0,0.0,0.0,0.0,1.0,0.0,0.0,0.0,9.0,4.0,0.0,0.0,0.0,0.0,0.0,0.0,0.0,0.0,3.0,12.0,1.0,12.15,5.03,2.5,1.49,0.0,0.0,0.0,361.3,0.0,-0.1,0.7000000000000001,1.0,-169.60000000000002,0.0,0.0,169.60000000000002,0.0,21.700000000000003,28.9,28.9,30.9,300.0,300.0,31.8,35.9,28.9,28.0,29.9,4.95,1.99,4.97,0.16,0.0,0.0,1027.0,8228.0,0.0,0.0,0.0,0.0,0.0,1.0,0.0,0.0,0.0,0.0,0.0,1.6,0.0,-0.7000000000000001,0.0,0.0,16.0,25903.0
2026-07-30T19:04:06.055Z,415.538,415.554,0.0,7.4,0.0,0.0,0.0,0.0,0.0,0.0,0.0,0.0,1.0,0.0,0.0,0.0,9.0,4.0,0.0,0.0,0.0,0.0,0.0,0.0,0.0,0.0,4.0,12.0,1.0,12.15,5.03,2.5,1.49,0.0,0.0,0.0,361.3,0.0,0.3,0.1,-0.7000000000000001,-169.60000000000002,0.0,0.0,169.60000000000002,0.0,21.700000000000003,28.9,28.9,30.9,300.0,300.0,31.8,35.9,28.9,28.0,29.9,4.95,1.99,4.97,0.16,0.0,0.0,1027.0,8228.0,0.0,0.0,0.0,0.0,0.0,1.0,0.0,0.0,0.0,0.0,0.0,-0.3,0.0,0.6000000000000001,0.0,0.0,16.0,25903.0
2026-07-30T19:04:06.067Z,415.55,415.566,0.0,7.4,0.0,0.0,0.0,0.0,0.0,0.0,0.0,0.0,1.0,0.0,0.0,0.0,9.0,4.0,0.0,0.0,0.0,0.0,0.0,0.0,0.0,0.0,5.0,12.0,1.0,12.15,5.03,2.5,1.49,0.0,0.1,0.0,361.4,0.0,-0.2,-0.4,-0.1,-169.60000000000002,0.0,0.0,169.60000000000002,0.0,21.700000000000003,28.9,28.9,30.9,300.0,300.0,31.8,35.9,28.9,28.0,29.9,4.96,1.99,4.96,0.16,0.0,0.0,1027.0,8228.0,0.0,0.0,0.0,0.0,0.0,1.0,0.0,0.0,0.0,0.0,0.0,-0.6000000000000001,0.0,0.0,0.0,0.0,16.0,25903.0
2026-07-30T19:04:06.079Z,415.562,415.578,0.0,7.4,0.0,0.0,0.0,0.0,0.0,0.0,0.0,0.0,1.0,0.0,0.0,0.0,9.0,4.0,0.0,0.0,0.0,0.0,0.0,0.0,0.0,0.0,6.0,12.0,1.0,12.15,5.03,2.5,1.49,0.0,0.1,0.0,361.3,0.0,0.3,0.0,-0.2,-169.60000000000002,0.0,0.0,169.60000000000002,0.0,21.700000000000003,28.9,28.9,30.9,300.0,300.0,31.8,35.9,28.9,28.0,29.9,4.95,1.99,4.96,0.16,0.0,0.0,1027.0,8228.0,0.0,0.0,0.0,0.0,0.0,1.0,0.0,0.0,0.0,0.0,0.0,0.0,0.0,0.2,0.0,0.0,16.0,25903.0
2026-07-30T19:04:06.092Z,415.575,415.59,0.0,7.4,0.0,0.0,0.0,0.0,0.0,0.0,0.0,0.0,1.0,0.0,0.0,0.0,9.0,4.0,0.0,0.0,0.0,0.0,0.0,0.0,0.0,0.0,1.0,12.0,1.0,12.15,5.03,2.5,1.49,0.0,0.0,0.0,361.3,0.0,0.3,0.6000000000000001,-0.1,-169.60000000000002,0.0,0.0,169.70000000000002,0.0,21.700000000000003,28.9,28.9,30.9,300.0,300.0,31.8,35.9,28.9,28.0,29.9,4.95,1.99,4.97,0.16,0.0,0.0,1027.0,8228.0,0.0,0.0,0.0,0.0,0.0,1.0,0.0,0.0,0.0,0.0,0.0,0.6000000000000001,0.0,0.2,0.0,0.0,16.0,25903.0
2026-07-30T19:04:06.103Z,415.586,415.602,0.0,7.4,0.0,0.0,0.0,0.0,0.0,0.0,0.0,0.0,1.0,0.0,0.0,0.0,9.0,4.0,0.0,0.0,0.0,0.0,0.0,0.0,0.0,0.0,2.0,12.0,1.0,12.15,5.03,2.5,1.49,0.0,0.0,0.0,361.2000000000001,0.0,-0.2,0.1,-0.7000000000000001,-169.60000000000002,0.0,0.0,169.8,0.0,21.700000000000003,28.9,28.9,30.9,300.0,300.0,31.8,35.9,28.9,28.0,29.9,4.96,2.0,4.97,0.16,0.0,0.0,1027.0,8228.0,0.0,0.0,0.0,0.0,0.0,1.0,0.0,0.0,0.0,0.0,0.0,-0.4,0.0,0.6000000000000001,0.0,0.0,16.0,25903.0
2026-07-30T19:04:06.115Z,415.598,415.614,0.0,7.4,0.0,0.0,0.0,0.0,0.0,0.0,0.0,0.0,1.0,0.0,0.0,0.0,9.0,4.0,0.0,0.0,0.0,0.0,0.0,0.0,0.0,0.0,4.0,12.0,1.0,12.15,5.03,2.5,1.49,0.0,0.0,0.0,361.3,0.0,-0.2,0.1,0.4,-169.60000000000002,0.0,0.0,169.70000000000002,0.0,21.700000000000003,28.9,28.9,30.9,300.0,300.0,31.8,35.9,28.9,28.0,29.9,4.95,2.0,4.96,0.16,0.0,0.0,1027.0,8228.0,0.0,0.0,0.0,0.0,0.0,1.0,0.0,0.0,0.0,0.0,0.0,0.5,0.0,-0.3,0.0,0.0,16.0,25903.0
2026-07-30T19:04:06.127Z,415.61,415.626,0.0,7.4,0.0,0.0,0.0,0.0,0.0,0.0,0.0,0.0,1.0,0.0,0.0,0.0,9.0,4.0,0.0,0.0,0.0,0.0,0.0,0.0,0.0,0.0,5.0,12.0,1.0,12.15,5.03,2.5,1.49,0.0,0.0,0.0,361.3,0.0,-0.2,-0.9,0.0,-169.60000000000002,0.0,0.0,169.70000000000002,0.0,21.700000000000003,28.9,28.9,30.9,300.0,300.0,31.8,35.9,28.9,28.0,29.9,4.95,1.99,4.97,0.16,0.0,0.0,1027.0,8228.0,0.0,0.0,0.0,0.0,0.0,1.0,0.0,0.0,0.0,0.0,0.0,-1.1,0.0,-0.1,0.0,0.0,16.0,25903.0
2026-07-30T19:04:06.139Z,415.622,415.638,0.0,7.4,0.0,0.0,0.0,0.0,0.0,0.0,0.0,0.0,1.0,0.0,0.0,0.0,9.0,4.0,0.0,0.0,0.0,0.0,0.0,0.0,0.0,0.0,1.0,12.0,1.0,12.17,5.0200000000000005,2.51,1.49,0.0,0.0,0.0,361.3,0.0,0.3,0.1,-0.1,-169.60000000000002,0.0,0.0,169.8,0.0,21.3,28.9,28.9,30.9,300.0,300.0,31.8,35.9,28.9,28.0,29.9,4.95,1.99,4.97,0.16,0.0,0.0,1027.0,8228.0,0.0,0.0,0.0,0.0,0.0,1.0,0.0,0.0,0.0,0.0,0.0,0.0,0.0,0.1,0.0,0.0,16.0,25903.0
2026-07-30T19:04:06.151Z,415.634,415.65,0.0,7.4,0.0,0.0,0.0,0.0,0.0,0.0,0.0,0.0,1.0,0.0,0.0,0.0,9.0,4.0,0.0,0.0,0.0,0.0,0.0,0.0,0.0,0.0,2.0,12.0,1.0,12.17,5.0200000000000005,2.51,1.49,0.0,0.0,0.0,361.3,0.0,-0.8,-0.4,-0.1,-169.60000000000002,0.0,0.0,169.70000000000002,0.0,21.3,28.9,28.9,30.9,300.0,300.0,31.8,35.9,28.9,28.0,29.9,4.96,1.99,4.97,0.16,0.0,0.0,1027.0,8228.0,0.0,0.0,0.0,0.0,0.0,1.0,0.0,0.0,0.0,0.0,0.0,-0.5,0.0,0.0,0.0,0.0,16.0,25903.0
2026-07-30T19:04:06.163Z,415.646,415.662,0.0,7.4,0.0,0.0,0.0,0.0,0.0,0.0,0.0,0.0,1.0,0.0,0.0,0.0,9.0,4.0,0.0,0.0,0.0,0.0,0.0,0.0,0.0,0.0,3.0,12.0,1.0,12.17,5.0200000000000005,2.51,1.49,0.0,0.0,0.0,361.4,0.0,0.3,1.3,1.0,-169.60000000000002,0.0,0.0,169.60000000000002,0.0,21.3,28.9,28.9,30.9,300.0,300.0,31.8,35.9,28.9,28.0,29.9,4.95,1.99,4.96,0.16,0.0,0.0,1027.0,8228.0,0.0,0.0,0.0,0.0,0.0,1.0,0.0,0.0,0.0,0.0,0.0,2.2,0.0,-0.6000000000000001,0.0,0.0,16.0,25903.0
2026-07-30T19:04:06.175Z,415.658,415.674,0.0,7.4,0.0,0.0,0.0,0.0,0.0,0.0,0.0,0.0,1.0,0.0,0.0,0.0,9.0,4.0,0.0,0.0,0.0,0.0,0.0,0.0,0.0,0.0,5.0,12.0,1.0,12.17,5.0200000000000005,2.51,1.49,0.0,0.0,0.0,361.3,0.0,-0.2,-1.0,-0.6000000000000001,-169.60000000000002,0.0,0.0,169.70000000000002,0.0,21.3,28.9,28.9,30.9,300.0,300.0,31.8,35.9,28.9,28.0,29.9,4.96,1.99,4.97,0.16,0.0,0.0,1027.0,8228.0,0.0,0.0,0.0,0.0,0.0,1.0,0.0,0.0,0.0,0.0,0.0,-1.6,0.0,0.3,0.0,0.0,16.0,25903.0
2026-07-30T19:04:06.187Z,415.67,415.686,0.0,7.4,0.0,0.0,0.0,0.0,0.0,0.0,0.0,0.0,1.0,0.0,0.0,0.0,9.0,4.0,0.0,0.0,0.0,0.0,0.0,0.0,0.0,0.0,6.0,12.0,1.0,12.17,5.0200000000000005,2.51,1.49,0.0,0.0,0.0,361.4,0.0,-0.2,-0.4,-0.1,-169.60000000000002,0.0,0.0,169.70000000000002,0.0,21.3,28.9,28.9,30.9,300.0,300.0,31.8,35.9,28.9,28.0,29.9,4.96,2.0,4.97,0.16,0.0,0.0,1027.0,8228.0,0.0,0.0,0.0,0.0,0.0,1.0,0.0,0.0,0.0,0.0,0.0,-0.5,0.0,0.0,0.0,0.0,16.0,25903.0
2026-07-30T19:04:06.199Z,415.682,415.698,0.0,7.4,0.0,0.0,0.0,0.0,0.0,0.0,0.0,0.0,1.0,0.0,0.0,0.0,9.0,4.0,0.0,0.0,0.0,0.0,0.0,0.0,0.0,0.0,2.0,12.0,1.0,12.17,5.0200000000000005,2.51,1.49,0.0,0.0,0.0,361.3,0.0,0.9,0.8,-0.1,-169.60000000000002,0.0,0.0,169.70000000000002,0.0,21.3,28.9,28.9,30.9,300.0,300.0,31.8,35.9,28.9,28.0,29.9,4.95,1.99,4.97,0.16,0.0,0.0,1027.0,8228.0,0.0,0.0,0.0,0.0,0.0,1.0,0.0,0.0,0.0,0.0,0.0,0.8,0.0,0.2,0.0,0.0,16.0,25903.0
2026-07-30T19:04:06.211Z,415.694,415.71,0.0,7.4,0.0,0.0,0.0,0.0,0.0,0.0,0.0,0.0,1.0,0.0,0.0,0.0,9.0,4.0,0.0,0.0,0.0,0.0,0.0,0.0,0.0,0.0,3.0,12.0,1.0,12.17,5.0200000000000005,2.51,1.49,0.0,0.0,0.0,361.3,0.0,-0.2,0.7000000000000001,0.0,-169.60000000000002,0.0,0.0,169.8,0.0,21.3,28.9,28.9,30.9,300.0,300.0,31.8,35.9,28.9,28.0,29.9,4.96,1.99,4.97,0.16,0.0,0.0,1027.0,8228.0,0.0,0.0,0.0,0.0,0.0,1.0,0.0,0.0,0.0,0.0,0.0,0.8,0.0,0.2,0.0,0.0,16.0,25903.0
2026-07-30T19:04:06.223Z,415.706,415.722,0.0,7.4,0.0,0.0,0.0,0.0,0.0,0.0,0.0,0.0,1.0,0.0,0.0,0.0,9.0,4.0,0.0,0.0,0.0,0.0,0.0,0.0,0.0,0.0,5.0,12.0,1.0,12.17,5.0200000000000005,2.51,1.49,0.0,0.1,0.0,361.2000000000001,0.0,-0.2,-0.3,0.4,-169.60000000000002,0.0,0.0,169.70000000000002,0.0,21.3,28.9,28.9,30.9,300.0,300.0,31.8,35.9,28.9,28.0,29.9,4.96,1.99,4.96,0.16,0.0,0.0,1027.0,8228.0,0.0,0.0,0.0,0.0,0.0,1.0,0.0,0.0,0.0,0.0,0.0,0.0,0.0,-0.5,0.0,0.0,16.0,25903.0
2026-07-30T19:04:06.236Z,415.719,415.734,0.0,7.4,0.0,0.0,0.0,0.0,0.0,0.0,0.0,0.0,1.0,0.0,0.0,0.0,9.0,4.0,0.0,0.0,0.0,0.0,0.0,0.0,0.0,0.0,6.0,12.0,1.0,12.17,5.01,2.5,1.5,0.0,0.0,0.0,361.2000000000001,0.0,0.3,0.1,0.4,-169.60000000000002,0.0,0.0,169.70000000000002,0.0,21.4,28.9,28.9,30.9,300.0,300.0,31.700000000000003,35.9,28.8,28.0,29.9,4.96,1.99,4.97,0.16,0.0,0.0,1027.0,8228.0,0.0,0.0,0.0,0.0,0.0,1.0,0.0,0.0,0.0,0.0,0.0,0.5,0.0,-0.3,0.0,0.0,16.0,25903.0
2026-07-30T19:04:06.247Z,415.73,415.746,0.0,7.4,0.0,0.0,0.0,0.0,0.0,0.0,0.0,0.0,1.0,0.0,0.0,0.0,9.0,4.0,0.0,0.0,0.0,0.0,0.0,0.0,0.0,0.0,2.0,12.0,1.0,12.17,5.01,2.5,1.5,0.0,0.0,0.0,361.3,0.0,0.3,0.1,1.6,-169.60000000000002,0.0,0.0,169.8,0.0,21.4,28.9,28.9,30.9,300.0,300.0,31.700000000000003,35.9,28.8,28.0,29.9,4.95,1.99,4.97,0.16,0.0,0.0,1027.0,8228.0,0.0,0.0,0.0,0.0,0.0,1.0,0.0,0.0,0.0,0.0,0.0,1.4,0.0,-1.4,0.0,0.0,16.0,25903.0
2026-07-30T19:04:06.259Z,415.742,415.758,0.0,7.4,0.0,0.0,0.0,0.0,0.0,0.0,0.0,0.0,1.0,0.0,0.0,0.0,9.0,4.0,0.0,0.0,0.0,0.0,0.0,0.0,0.0,0.0,3.0,12.0,1.0,12.17,5.01,2.5,1.5,-0.1,0.1,0.0,361.4,0.0,-0.2,0.7000000000000001,0.0,-169.60000000000002,0.0,0.0,169.70000000000002,0.0,21.4,28.9,28.9,30.9,300.0,300.0,31.700000000000003,35.9,28.8,28.0,29.9,4.96,1.99,4.96,0.16,0.0,0.0,1027.0,8228.0,0.0,0.0,0.0,0.0,0.0,1.0,0.0,0.0,0.0,0.0,0.0,0.8,0.0,0.1,0.0,0.0,16.0,25903.0
2026-07-30T19:04:06.271Z,415.754,415.77,0.0,7.4,0.0,0.0,0.0,0.0,0.0,0.0,0.0,0.0,1.0,0.0,0.0,0.0,9.0,4.0,0.0,0.0,0.0,0.0,0.0,0.0,0.0,0.0,4.0,12.0,1.0,12.17,5.01,2.5,1.5,0.0,0.1,0.0,361.3,0.0,0.3,0.2,0.0,-169.60000000000002,0.0,0.0,169.8,0.0,21.4,28.9,28.9,30.9,300.0,300.0,31.700000000000003,35.9,28.8,28.0,29.9,4.94,1.99,4.96,0.16,0.0,0.0,1027.0,8228.0,0.0,0.0,0.0,0.0,0.0,1.0,0.0,0.0,0.0,0.0,0.0,0.2,0.0,0.0,0.0,0.0,16.0,25903.0
2026-07-30T19:04:06.283Z,415.766,415.782,0.0,7.4,0.0,0.0,0.0,0.0,0.0,0.0,0.0,0.0,1.0,0.0,0.0,0.0,9.0,4.0,0.0,0.0,0.0,0.0,0.0,0.0,0.0,0.0,6.0,12.0,1.0,12.17,5.01,2.5,1.5,0.0,0.0,0.0,361.3,0.0,-0.2,0.2,0.5,-169.60000000000002,0.0,0.0,169.70000000000002,0.0,21.4,28.9,28.9,30.9,300.0,300.0,31.700000000000003,35.9,28.8,28.0,29.9,4.94,1.99,4.97,0.16,0.0,0.0,1027.0,8228.0,0.0,0.0,0.0,0.0,0.0,1.0,0.0,0.0,0.0,0.0,0.0,0.6000000000000001,0.0,-0.4,0.0,0.0,16.0,25903.0
2026-07-30T19:04:06.295Z,415.778,415.794,0.0,7.4,0.0,0.0,0.0,0.0,0.0,0.0,0.0,0.0,1.0,0.0,0.0,0.0,9.0,4.0,0.0,0.0,0.0,0.0,0.0,0.0,0.0,0.0,2.0,12.0,1.0,12.17,5.01,2.5,1.5,0.0,0.0,0.0,361.3,0.0,-0.2,-0.3,-0.6000000000000001,-169.60000000000002,0.0,0.0,169.70000000000002,0.0,21.4,28.9,28.9,30.9,300.0,300.0,31.700000000000003,35.9,28.8,28.0,29.9,4.95,2.0,4.97,0.16,0.0,0.0,1027.0,8228.0,0.0,0.0,0.0,0.0,0.0,1.0,0.0,0.0,0.0,0.0,0.0,-0.9,0.0,0.4,0.0,0.0,16.0,25903.0
2026-07-30T19:04:06.307Z,415.79,415.806,0.0,7.4,0.0,0.0,0.0,0.0,0.0,0.0,0.0,0.0,1.0,0.0,0.0,0.0,9.0,4.0,0.0,0.0,0.0,0.0,0.0,0.0,0.0,0.0,3.0,12.0,1.0,12.17,5.01,2.5,1.5,0.0,0.1,0.0,361.3,0.0,0.3,-0.9,0.5,-169.60000000000002,0.0,0.0,169.8,0.0,21.4,28.9,28.9,30.9,300.0,300.0,31.700000000000003,35.9,28.8,28.0,29.9,4.96,2.0,4.96,0.16,0.0,0.0,1027.0,8228.0,0.0,0.0,0.0,0.0,0.0,1.0,0.0,0.0,0.0,0.0,0.0,-0.6000000000000001,0.0,-0.6000000000000001,0.0,0.0,16.0,25903.0
2026-07-30T19:04:06.319Z,415.802,415.818,0.0,7.4,0.0,0.0,0.0,0.0,0.0,0.0,0.0,0.0,1.0,0.0,0.0,0.0,9.0,4.0,0.0,0.0,0.0,0.0,0.0,0.0,0.0,0.0,4.0,12.0,1.0,12.17,5.01,2.5,1.5,0.0,0.0,0.0,361.3,0.0,0.3,-0.3,0.0,-169.70000000000002,0.0,0.0,169.8,0.0,21.4,28.9,28.9,30.9,300.0,300.0,31.700000000000003,35.9,28.8,28.0,29.9,4.95,1.99,4.97,0.16,0.0,0.0,1027.0,8228.0,0.0,0.0,0.0,0.0,0.0,1.0,0.0,0.0,0.0,0.0,0.0,-0.4,0.0,0.0,0.0,0.0,16.0,25903.0
2026-07-30T19:04:06.331Z,415.814,415.83,0.0,7.4,0.0,0.0,0.0,0.0,0.0,0.0,0.0,0.0,1.0,0.0,0.0,0.0,9.0,4.0,0.0,0.0,0.0,0.0,0.0,0.0,0.0,0.0,5.0,12.0,1.0,12.17,5.01,2.5,1.5,0.0,0.0,0.0,361.3,0.0,-0.2,1.4,0.0,-169.70000000000002,0.0,0.0,169.70000000000002,0.0,21.4,28.9,28.9,30.9,300.0,300.0,31.700000000000003,35.9,28.8,28.0,29.9,4.95,2.0,4.96,0.16,0.0,0.0,1027.0,8228.0,0.0,0.0,0.0,0.0,0.0,1.0,0.0,0.0,0.0,0.0,0.0,1.5,0.0,0.3,0.0,0.0,16.0,25903.0
2026-07-30T19:04:06.343Z,415.826,415.842,0.0,7.4,0.0,0.0,0.0,0.0,0.0,0.0,0.0,0.0,1.0,0.0,0.0,0.0,9.0,4.0,0.0,0.0,0.0,0.0,0.0,0.0,0.0,0.0,6.0,12.0,1.0,12.17,5.0200000000000005,2.5,1.49,0.0,0.0,0.0,361.3,0.0,-0.3,0.2,0.0,-169.70000000000002,0.0,0.0,169.70000000000002,0.0,21.8,28.9,28.9,30.9,300.0,300.0,31.700000000000003,35.9,28.8,28.0,29.9,4.96,1.99,4.96,0.16,0.0,0.0,1027.0,8228.0,0.0,0.0,0.0,0.0,0.0,1.0,0.0,0.0,0.0,0.0,0.0,0.2,0.0,0.0,0.0,0.0,16.0,25903.0
2026-07-30T19:04:06.355Z,415.838,415.854,0.0,7.4,0.0,0.0,0.0,0.0,0.0,0.0,0.0,0.0,1.0,0.0,0.0,0.0,9.0,4.0,0.0,0.0,0.0,0.0,0.0,0.0,0.0,0.0,1.0,12.0,1.0,12.17,5.0200000000000005,2.5,1.49,0.0,0.0,0.0,361.3,0.0,-0.3,-0.9,1.1,-169.70000000000002,0.0,0.0,169.8,0.0,21.8,28.9,28.9,30.9,300.0,300.0,31.700000000000003,35.9,28.8,28.0,29.9,4.95,1.99,4.96,0.16,0.0,0.0,1027.0,8228.0,0.0,0.0,0.0,0.0,0.0,1.0,0.0,0.0,0.0,0.0,0.0,0.4,0.0,-1.0,0.0,0.0,16.0,25903.0
2026-07-30T19:04:06.367Z,415.85,415.866,0.0,7.4,0.0,0.0,0.0,0.0,0.0,0.0,0.0,0.0,1.0,0.0,0.0,0.0,9.0,4.0,0.0,0.0,0.0,0.0,0.0,0.0,0.0,0.0,2.0,12.0,1.0,12.17,5.0200000000000005,2.5,1.49,0.0,0.0,0.0,361.3,0.0,0.2,-0.9,-1.2000000000000002,-169.70000000000002,0.0,0.0,169.8,0.0,21.8,28.9,28.9,30.9,300.0,300.0,31.700000000000003,35.9,28.8,28.0,29.9,4.95,1.99,4.97,0.16,0.0,0.0,1027.0,8228.0,0.0,0.0,0.0,0.0,0.0,1.0,0.0,0.0,0.0,0.0,0.0,-1.9,0.0,0.8,0.0,0.0,16.0,25903.0
2026-07-30T19:04:06.379Z,415.862,415.878,0.0,7.4,0.0,0.0,0.0,0.0,0.0,0.0,0.0,0.0,1.0,0.0,0.0,0.0,9.0,4.0,0.0,0.0,0.0,0.0,0.0,0.0,0.0,0.0,3.0,12.0,1.0,12.17,5.0200000000000005,2.5,1.49,0.0,0.1,0.0,361.3,0.0,-0.3,0.7000000000000001,0.0,-169.70000000000002,0.0,0.0,169.70000000000002,0.0,21.8,28.9,28.9,30.9,300.0,300.0,31.700000000000003,35.9,28.8,28.0,29.9,4.95,1.99,4.96,0.16,0.0,0.0,1027.0,8228.0,0.0,0.0,0.0,0.0,0.0,1.0,0.0,0.0,0.0,0.0,0.0,1.7000000000000002,0.0,-0.8,0.0,0.0,16.0,25903.0
2026-07-30T19:04:06.391Z,415.874,415.89,0.0,7.4,0.0,0.0,0.0,0.0,0.0,0.0,0.0,0.0,1.0,0.0,0.0,0.0,9.0,4.0,0.0,0.0,0.0,0.0,0.0,0.0,0.0,0.0,4.0,12.0,1.0,12.17,5.0200000000000005,2.5,1.49,0.0,0.0,0.0,361.3,0.0,-0.3,0.1,0.0,-169.70000000000002,0.0,0.0,169.70000000000002,0.0,21.8,28.9,28.9,30.9,300.0,300.0,31.700000000000003,35.9,28.8,28.0,29.9,4.95,1.99,4.96,0.16,0.0,0.0,1027.0,8228.0,0.0,0.0,0.0,0.0,0.0,1.0,0.0,0.0,0.0,0.0,0.0,0.1,0.0,0.0,0.0,0.0,16.0,25903.0
2026-07-30T19:04:06.403Z,415.886,415.902,0.0,7.4,0.0,0.0,0.0,0.0,0.0,0.0,0.0,0.0,1.0,0.0,0.0,0.0,9.0,4.0,0.0,0.0,0.0,0.0,0.0,0.0,0.0,0.0,5.0,12.0,1.0,12.17,5.0200000000000005,2.5,1.49,0.0,0.0,0.0,361.3,0.0,-1.4,-0.9,0.0,-169.70000000000002,0.0,0.0,169.70000000000002,0.0,21.8,28.9,28.9,30.9,300.0,300.0,31.700000000000003,35.9,28.8,28.0,29.9,4.95,1.99,4.97,0.16,0.0,0.0,1027.0,8228.0,0.0,0.0,0.0,0.0,0.0,1.0,0.0,0.0,0.0,0.0,0.0,-1.1,0.0,-0.2,0.0,0.0,16.0,25903.0
2026-07-30T19:04:06.416Z,415.899,415.914,0.0,7.4,0.0,0.0,0.0,0.0,0.0,0.0,0.0,0.0,1.0,0.0,0.0,0.0,9.0,4.0,0.0,0.0,0.0,0.0,0.0,0.0,0.0,0.0,6.0,12.0,1.0,12.17,5.0200000000000005,2.5,1.49,0.0,0.0,0.0,361.3,0.0,0.2,-0.3,0.5,-169.70000000000002,0.0,0.0,169.70000000000002,0.0,21.8,28.9,28.9,30.9,300.0,300.0,31.700000000000003,35.9,28.8,28.0,29.9,4.96,1.99,4.97,0.16,0.0,0.0,1027.0,8228.0,0.0,0.0,0.0,0.0,0.0,1.0,0.0,0.0,0.0,0.0,0.0,0.0,0.0,-0.5,0.0,0.0,16.0,25903.0
2026-07-30T19:04:06.427Z,415.91,415.926,0.0,7.4,0.0,0.0,0.0,0.0,0.0,0.0,0.0,0.0,1.0,0.0,0.0,0.0,9.0,4.0,0.0,0.0,0.0,0.0,0.0,0.0,0.0,0.0,2.0,12.0,1.0,12.17,5.0200000000000005,2.5,1.49,0.0,0.0,0.0,361.2000000000001,0.0,0.2,0.1,0.0,-169.70000000000002,0.0,0.0,169.70000000000002,0.0,21.8,28.9,28.9,30.9,300.0,300.0,31.700000000000003,35.9,28.8,28.0,29.9,4.96,1.99,4.97,0.16,0.0,0.0,1027.0,8228.0,0.0,0.0,0.0,0.0,0.0,1.0,0.0,0.0,0.0,0.0,0.0,0.1,0.0,0.0,0.0,0.0,16.0,25903.0
2026-07-30T19:04:06.440Z,415.923,415.938,0.0,7.4,0.0,0.0,0.0,0.0,0.0,0.0,0.0,0.0,1.0,0.0,0.0,0.0,9.0,4.0,0.0,0.0,0.0,0.0,0.0,0.0,0.0,0.0,3.0,12.0,1.0,12.19,5.0200000000000005,2.51,1.49,0.0,0.0,0.0,361.3,0.0,0.2,0.7000000000000001,0.6000000000000001,-169.70000000000002,0.0,0.0,169.60000000000002,0.0,21.200000000000003,28.9,28.9,30.9,300.0,300.0,31.6,35.800000000000004,28.9,28.0,29.9,4.95,1.99,4.97,0.16,0.0,0.0,1027.0,8228.0,0.0,0.0,0.0,0.0,0.0,1.0,0.0,0.0,0.0,0.0,0.0,1.3,0.0,-0.3,0.0,0.0,16.0,25903.0
2026-07-30T19:04:06.451Z,415.934,415.95,0.0,7.4,0.0,0.0,0.0,0.0,0.0,0.0,0.0,0.0,1.0,0.0,0.0,0.0,9.0,4.0,0.0,0.0,0.0,0.0,0.0,0.0,0.0,0.0,4.0,12.0,1.0,12.19,5.0200000000000005,2.51,1.49,0.0,0.0,0.0,361.3,0.0,0.8,0.1,0.5,-169.70000000000002,0.0,0.0,169.70000000000002,0.0,21.200000000000003,28.9,28.9,30.9,300.0,300.0,31.6,35.800000000000004,28.9,28.0,29.9,4.95,1.99,4.97,0.16,0.0,0.0,1027.0,8228.0,0.0,0.0,0.0,0.0,0.0,1.0,0.0,0.0,0.0,0.0,0.0,0.6000000000000001,0.0,-0.4,0.0,0.0,16.0,25903.0
2026-07-30T19:04:06.463Z,415.946,415.962,0.0,7.4,0.0,0.0,0.0,0.0,0.0,0.0,0.0,0.0,1.0,0.0,0.0,0.0,9.0,4.0,0.0,0.0,0.0,0.0,0.0,0.0,0.0,0.0,6.0,12.0,1.0,12.19,5.0200000000000005,2.51,1.49,0.0,0.0,0.0,361.4,0.0,-0.2,0.2,0.0,-169.70000000000002,0.0,0.0,169.70000000000002,0.0,21.200000000000003,28.9,28.9,30.9,300.0,300.0,31.6,35.800000000000004,28.9,28.0,29.9,4.96,1.99,4.96,0.16,0.0,0.0,1027.0,8228.0,0.0,0.0,0.0,0.0,0.0,1.0,0.0,0.0,0.0,0.0,0.0,0.2,0.0,0.0,0.0,0.0,16.0,25903.0
2026-07-30T19:04:06.475Z,415.958,415.974,0.0,7.4,0.0,0.0,0.0,0.0,0.0,0.0,0.0,0.0,1.0,0.0,0.0,0.0,9.0,4.0,0.0,0.0,0.0,0.0,0.0,0.0,0.0,0.0,1.0,12.0,1.0,12.19,5.0200000000000005,2.51,1.49,0.0,0.0,0.0,361.3,0.0,-0.2,0.1,1.1,-169.70000000000002,0.0,0.0,169.70000000000002,0.0,21.200000000000003,28.9,28.9,30.9,300.0,300.0,31.6,35.800000000000004,28.9,28.0,29.9,4.96,1.99,4.97,0.16,0.0,0.0,1027.0,8228.0,0.0,0.0,0.0,0.0,0.0,1.0,0.0,0.0,0.0,0.0,0.0,1.0,0.0,-0.9,0.0,0.0,16.0,25903.0
2026-07-30T19:04:06.487Z,415.97,415.986,0.0,7.4,0.0,0.0,0.0,0.0,0.0,0.0,0.0,0.0,1.0,0.0,0.0,0.0,9.0,4.0,0.0,0.0,0.0,0.0,0.0,0.0,0.0,0.0,2.0,12.0,1.0,12.19,5.0200000000000005,2.51,1.49,0.0,0.0,0.0,361.3,0.0,0.3,0.1,-0.6000000000000001,-169.70000000000002,0.0,0.0,169.70000000000002,0.0,21.200000000000003,28.9,28.9,30.9,300.0,300.0,31.6,35.800000000000004,28.9,28.0,29.9,4.95,1.99,4.97,0.16,0.0,0.0,1027.0,8228.0,0.0,0.0,0.0,0.0,0.0,1.0,0.0,0.0,0.0,0.0,0.0,-0.2,0.0,0.6000000000000001,0.0,0.0,16.0,25903.0
2026-07-30T19:04:06.499Z,415.982,415.998,0.0,7.4,0.0,0.0,0.0,0.0,0.0,0.0,0.0,0.0,1.0,0.0,0.0,0.0,9.0,4.0,0.0,0.0,0.0,0.0,0.0,0.0,0.0,0.0,4.0,12.0,1.0,12.19,5.0200000000000005,2.51,1.49,0.0,0.0,0.0,361.4,0.0,-0.2,0.8,0.0,-169.70000000000002,0.0,0.0,169.70000000000002,0.0,21.200000000000003,28.9,28.9,30.9,300.0,300.0,31.6,35.800000000000004,28.9,28.0,29.9,4.96,1.99,4.97,0.16,0.0,0.0,1027.0,8228.0,0.0,0.0,0.0,0.0,0.0,1.0,0.0,0.0,0.0,0.0,0.0,0.8,0.0,0.2,0.0,0.0,16.0,25903.0
2026-07-30T19:04:06.511Z,415.994,416.01,0.0,7.4,0.0,0.0,0.0,0.0,0.0,0.0,0.0,0.0,1.0,0.0,0.0,0.0,9.0,4.0,0.0,0.0,0.0,0.0,0.0,0.0,0.0,0.0,5.0,12.0,1.0,12.19,5.0200000000000005,2.51,1.49,0.0,0.0,0.0,361.3,0.0,0.3,0.2,-0.5,-169.70000000000002,0.0,0.0,169.60000000000002,0.0,21.200000000000003,28.9,28.9,30.9,300.0,300.0,31.6,35.800000000000004,28.9,28.0,29.9,4.96,1.99,4.97,0.16,0.0,0.0,1027.0,8228.0,0.0,0.0,0.0,0.0,0.0,1.0,0.0,0.0,0.0,0.0,0.0,-0.1,0.0,0.5,0.0,0.0,16.0,25903.0
2026-07-30T19:04:06.523Z,416.006,416.022,0.0,7.4,0.0,0.0,0.0,0.0,0.0,0.0,0.0,0.0,1.0,0.0,0.0,0.0,9.0,4.0,0.0,0.0,0.0,0.0,0.0,0.0,0.0,0.0,6.0,12.0,1.0,12.19,5.0200000000000005,2.51,1.49,0.0,0.0,0.0,361.3,0.0,-0.2,0.2,-1.1,-169.70000000000002,0.0,0.0,169.70000000000002,0.0,21.200000000000003,28.9,28.9,30.9,300.0,300.0,31.6,35.800000000000004,28.9,28.0,29.9,4.96,1.99,4.97,0.16,0.0,0.0,1027.0,8228.0,0.0,0.0,0.0,0.0,0.0,1.0,0.0,0.0,0.0,0.0,0.0,-0.5,0.0,1.0,0.0,0.0,16.0,25903.0
2026-07-30T19:04:06.535Z,416.018,416.034,0.0,7.4,0.0,0.0,0.0,0.0,0.0,0.0,0.0,0.0,1.0,0.0,0.0,0.0,9.0,4.0,0.0,0.0,0.0,0.0,0.0,0.0,0.0,0.0,1.0,12.0,1.0,12.19,5.0200000000000005,2.51,1.49,0.0,0.0,0.0,361.3,0.0,-0.2,0.2,1.1,-169.70000000000002,0.0,0.0,169.60000000000002,0.0,21.200000000000003,28.9,28.9,30.9,300.0,300.0,31.6,35.800000000000004,28.9,28.0,29.9,4.95,1.99,4.97,0.16,0.0,0.0,1027.0,8228.0,0.0,0.0,0.0,0.0,0.0,1.0,0.0,0.0,0.0,0.0,0.0,1.2000000000000002,0.0,-0.9,0.0,0.0,16.0,25903.0
2026-07-30T19:04:06.547Z,416.03,416.046,0.0,7.4,0.0,0.0,0.0,0.0,0.0,0.0,0.0,0.0,1.0,0.0,0.0,0.0,9.0,4.0,0.0,0.0,0.0,0.0,0.0,0.0,0.0,0.0,3.0,12.0,1.0,12.19,5.01,2.51,1.49,0.0,0.0,0.0,361.4,0.0,-0.2,-0.3,0.0,-169.60000000000002,0.0,0.0,169.60000000000002,0.0,21.4,28.9,28.9,30.9,300.0,300.0,31.700000000000003,35.9,28.9,28.0,29.9,4.96,1.99,4.96,0.16,0.0,0.0,1027.0,8228.0,0.0,0.0,0.0,0.0,0.0,1.0,0.0,0.0,0.0,0.0,0.0,-0.3,0.0,-0.1,0.0,0.0,16.0,25903.0
2026-07-30T19:04:06.559Z,416.042,416.058,0.0,7.4,0.0,0.0,0.0,0.0,0.0,0.0,0.0,0.0,1.0,0.0,0.0,0.0,9.0,4.0,0.0,0.0,0.0,0.0,0.0,0.0,0.0,0.0,4.0,12.0,1.0,12.19,5.01,2.51,1.49,0.0,0.1,0.0,361.3,0.0,0.3,-0.8,0.6000000000000001,-169.60000000000002,0.0,0.0,169.60000000000002,0.0,21.4,28.9,28.9,30.9,300.0,300.0,31.700000000000003,35.9,28.9,28.0,29.9,4.95,1.99,4.97,0.16,0.0,0.0,1027.0,8228.0,0.0,0.0,0.0,0.0,0.0,1.0,0.0,0.0,0.0,0.0,0.0,-0.5,0.0,-0.7000000000000001,0.0,0.0,16.0,25903.0
2026-07-30T19:04:06.571Z,416.054,416.07,0.0,7.4,0.0,0.0,0.0,0.0,0.0,0.0,0.0,0.0,1.0,0.0,0.0,0.0,9.0,4.0,0.0,0.0,0.0,0.0,0.0,0.0,0.0,0.0,5.0,12.0,1.0,12.19,5.01,2.51,1.49,0.0,0.0,0.0,361.3,0.0,-0.2,0.3,0.0,-169.60000000000002,0.0,0.0,169.8,0.0,21.4,28.9,28.9,30.9,300.0,300.0,31.700000000000003,35.9,28.9,28.0,29.9,4.95,1.99,4.96,0.16,0.0,0.0,1027.0,8228.0,0.0,0.0,0.0,0.0,0.0,1.0,0.0,0.0,0.0,0.0,0.0,0.3,0.0,0.0,0.0,0.0,16.0,25903.0
2026-07-30T19:04:06.583Z,416.066,416.082,0.0,7.4,0.0,0.0,0.0,0.0,0.0,0.0,0.0,0.0,1.0,0.0,0.0,0.0,9.0,4.0,0.0,0.0,0.0,0.0,0.0,0.0,0.0,0.0,1.0,12.0,1.0,12.19,5.01,2.51,1.49,0.0,0.0,0.0,361.3,0.0,0.3,2.0,2.4000000000000004,-169.60000000000002,0.0,0.0,169.70000000000002,0.0,21.4,28.9,28.9,30.9,300.0,300.0,31.700000000000003,35.9,28.9,28.0,29.9,4.96,2.0,4.96,0.16,0.0,0.0,1027.0,8228.0,0.0,0.0,0.0,0.0,0.0,1.0,0.0,0.0,0.0,0.0,0.0,4.1000000000000005,0.0,-1.6,0.0,0.0,16.0,25903.0
2026-07-30T19:04:06.595Z,416.078,416.094,0.0,7.4,0.0,0.0,0.0,0.0,0.0,0.0,0.0,0.0,1.0,0.0,0.0,0.0,9.0,4.0,0.0,0.0,0.0,0.0,0.0,0.0,0.0,0.0,2.0,12.0,1.0,12.19,5.01,2.51,1.49,0.0,0.0,0.0,361.3,0.0,0.3,-0.2,-0.6000000000000001,-169.60000000000002,0.0,0.0,169.60000000000002,0.0,21.4,28.9,28.9,30.9,300.0,300.0,31.700000000000003,35.9,28.9,28.0,29.9,4.96,2.0,4.96,0.16,0.0,0.0,1027.0,8228.0,0.0,0.0,0.0,0.0,0.0,1.0,0.0,0.0,0.0,0.0,0.0,-0.7000000000000001,0.0,0.4,0.0,0.0,16.0,25903.0
2026-07-30T19:04:06.607Z,416.09,416.106,0.0,7.4,0.0,0.0,0.0,0.0,0.0,0.0,0.0,0.0,1.0,0.0,0.0,0.0,9.0,4.0,0.0,0.0,0.0,0.0,0.0,0.0,0.0,0.0,4.0,12.0,1.0,12.19,5.01,2.51,1.49,0.0,0.0,0.0,361.3,0.0,0.3,-0.2,0.0,-169.60000000000002,0.0,0.0,169.60000000000002,0.0,21.4,28.9,28.9,30.9,300.0,300.0,31.700000000000003,35.9,28.9,28.0,29.9,4.95,1.99,4.97,0.16,0.0,0.0,1027.0,8228.0,0.0,0.0,0.0,0.0,0.0,1.0,0.0,0.0,0.0,0.0,0.0,-0.3,0.0,0.0,0.0,0.0,16.0,25903.0
2026-07-30T19:04:06.619Z,416.102,416.118,0.0,7.4,0.0,0.0,0.0,0.0,0.0,0.0,0.0,0.0,1.0,0.0,0.0,0.0,9.0,4.0,0.0,0.0,0.0,0.0,0.0,0.0,0.0,0.0,6.0,12.0,1.0,12.19,5.01,2.51,1.49,0.0,0.0,0.0,361.3,0.0,0.3,-0.2,-1.2000000000000002,-169.60000000000002,0.0,0.0,169.70000000000002,0.0,21.4,28.9,28.9,30.9,300.0,300.0,31.700000000000003,35.9,28.9,28.0,29.9,4.95,1.99,4.96,0.16,0.0,0.0,1027.0,8228.0,0.0,0.0,0.0,0.0,0.0,1.0,0.0,0.0,0.0,0.0,0.0,-1.2000000000000002,0.0,1.0,0.0,0.0,16.0,25903.0
2026-07-30T19:04:06.631Z,416.114,416.13,0.0,7.4,0.0,0.0,0.0,0.0,0.0,0.0,0.0,0.0,1.0,0.0,0.0,0.0,9.0,4.0,0.0,0.0,0.0,0.0,0.0,0.0,0.0,0.0,1.0,12.0,1.0,12.19,5.01,2.51,1.49,0.0,0.0,0.0,361.3,0.0,-0.8,0.3,-0.6000000000000001,-169.60000000000002,0.0,0.0,169.70000000000002,0.0,21.4,28.9,28.9,30.9,300.0,300.0,31.700000000000003,35.9,28.9,28.0,29.9,4.96,1.99,4.96,0.16,0.0,0.0,1027.0,8228.0,0.0,0.0,0.0,0.0,0.0,1.0,0.0,0.0,0.0,0.0,0.0,-0.1,0.0,0.6000000000000001,0.0,0.0,16.0,25903.0
2026-07-30T19:04:06.644Z,416.127,416.142,0.0,7.4,0.0,0.0,0.0,0.0,0.0,0.0,0.0,0.0,1.0,0.0,0.0,0.0,9.0,4.0,0.0,0.0,0.0,0.0,0.0,0.0,0.0,0.0,2.0,12.0,1.0,12.2,5.0200000000000005,2.5,1.5,0.0,0.0,0.0,361.3,0.0,0.3,-0.2,0.0,-169.60000000000002,0.0,0.0,169.70000000000002,0.0,21.4,28.9,28.9,30.9,300.0,300.0,31.700000000000003,35.9,28.9,28.0,29.9,4.95,1.99,4.97,0.16,0.0,0.0,1027.0,8228.0,0.0,0.0,0.0,0.0,0.0,1.0,0.0,0.0,0.0,0.0,0.0,-0.3,0.0,0.0,0.0,0.0,16.0,25903.0
2026-07-30T19:04:06.655Z,416.138,416.154,0.0,7.4,0.0,0.0,0.0,0.0,0.0,0.0,0.0,0.0,1.0,0.0,0.0,0.0,9.0,4.0,0.0,0.0,0.0,0.0,0.0,0.0,0.0,0.0,3.0,12.0,1.0,12.2,5.0200000000000005,2.5,1.5,0.0,0.0,0.0,361.3,0.0,0.3,-0.2,-0.1,-169.60000000000002,0.0,0.0,169.70000000000002,0.0,21.4,28.9,28.9,30.9,300.0,300.0,31.700000000000003,35.9,28.9,28.0,29.9,4.96,1.99,4.96,0.16,0.0,0.0,1027.0,8228.0,0.0,0.0,0.0,0.0,0.0,1.0,0.0,0.0,0.0,0.0,0.0,-0.4,0.0,0.0,0.0,0.0,16.0,25903.0
2026-07-30T19:04:06.667Z,416.15,416.166,0.0,7.4,0.0,0.0,0.0,0.0,0.0,0.0,0.0,0.0,1.0,0.0,0.0,0.0,9.0,4.0,0.0,0.0,0.0,0.0,0.0,0.0,0.0,0.0,5.0,12.0,1.0,12.2,5.0200000000000005,2.5,1.5,0.0,0.0,0.0,361.3,0.0,0.2,1.3,0.4,-169.60000000000002,0.0,0.0,169.60000000000002,0.0,21.4,28.9,28.9,30.9,300.0,300.0,31.700000000000003,35.9,28.9,28.0,29.9,4.96,1.99,4.97,0.16,0.0,0.0,1027.0,8228.0,0.0,0.0,0.0,0.0,0.0,1.0,0.0,0.0,0.0,0.0,0.0,1.9,0.0,-0.1,0.0,0.0,16.0,25903.0
2026-07-30T19:04:06.679Z,416.162,416.178,0.0,7.4,0.0,0.0,0.0,0.0,0.0,0.0,0.0,0.0,1.0,0.0,0.0,0.0,9.0,4.0,0.0,0.0,0.0,0.0,0.0,0.0,0.0,0.0,6.0,12.0,1.0,12.2,5.0200000000000005,2.5,1.5,0.0,0.0,0.0,361.3,0.0,-0.3,-0.3,-1.8,-169.60000000000002,0.0,0.0,169.70000000000002,0.0,21.4,28.9,28.9,30.9,300.0,300.0,31.700000000000003,35.9,28.9,28.0,29.9,4.95,1.99,4.97,0.16,0.0,0.0,1027.0,8228.0,0.0,0.0,0.0,0.0,0.0,1.0,0.0,0.0,0.0,0.0,0.0,-1.8,0.0,1.5,0.0,0.0,16.0,25903.0
2026-07-30T19:04:06.691Z,416.174,416.19,0.0,7.4,0.0,0.0,0.0,0.0,0.0,0.0,0.0,0.0,1.0,0.0,0.0,0.0,9.0,4.0,0.0,0.0,0.0,0.0,0.0,0.0,0.0,0.0,1.0,12.0,1.0,12.2,5.0200000000000005,2.5,1.5,0.0,0.0,0.0,361.3,0.0,0.2,0.7000000000000001,-0.1,-169.60000000000002,0.0,0.0,169.60000000000002,0.0,21.4,28.9,28.9,30.9,300.0,300.0,31.700000000000003,35.9,28.9,28.0,29.9,4.96,1.99,4.97,0.16,0.0,0.0,1027.0,8228.0,0.0,0.0,0.0,0.0,0.0,1.0,0.0,0.0,0.0,0.0,0.0,0.7000000000000001,0.0,0.2,0.0,0.0,16.0,25903.0
2026-07-30T19:04:06.703Z,416.186,416.202,0.0,7.4,0.0,0.0,0.0,0.0,0.0,0.0,0.0,0.0,1.0,0.0,0.0,0.0,9.0,4.0,0.0,0.0,0.0,0.0,0.0,0.0,0.0,0.0,2.0,12.0,1.0,12.2,5.0200000000000005,2.5,1.5,0.0,0.0,0.0,361.3,0.0,-0.3,-0.4,-1.3,-169.60000000000002,0.0,0.0,169.70000000000002,0.0,21.4,28.9,28.9,30.9,300.0,300.0,31.700000000000003,35.9,28.9,28.0,29.9,4.96,1.99,4.96,0.16,0.0,0.0,1027.0,8228.0,0.0,0.0,0.0,0.0,0.0,1.0,0.0,0.0,0.0,0.0,0.0,-1.4,0.0,1.0,0.0,0.0,16.0,25903.0
2026-07-30T19:04:06.715Z,416.198,416.214,0.0,7.4,0.0,0.0,0.0,0.0,0.0,0.0,0.0,0.0,1.0,0.0,0.0,0.0,9.0,4.0,0.0,0.0,0.0,0.0,0.0,0.0,0.0,0.0,4.0,12.0,1.0,12.2,5.0200000000000005,2.5,1.5,0.0,0.0,0.0,361.3,0.0,-0.2,0.7000000000000001,1.6,-169.60000000000002,0.0,0.0,169.70000000000002,0.0,21.4,28.9,28.9,30.9,300.0,300.0,31.700000000000003,35.9,28.9,28.0,29.9,4.96,1.99,4.97,0.16,0.0,0.0,1027.0,8228.0,0.0,0.0,0.0,0.0,0.0,1.0,0.0,0.0,0.0,0.0,0.0,2.0,0.0,-1.2000000000000002,0.0,0.0,16.0,25903.0
2026-07-30T19:04:06.727Z,416.21,416.226,0.0,7.4,0.0,0.0,0.0,0.0,0.0,0.0,0.0,0.0,1.0,0.0,0.0,0.0,9.0,4.0,0.0,0.0,0.0,0.0,0.0,0.0,0.0,0.0,5.0,12.0,1.0,12.2,5.0200000000000005,2.5,1.5,0.0,0.0,0.0,361.3,0.0,0.2,0.1,0.4,-169.60000000000002,0.0,0.0,169.70000000000002,0.0,21.4,28.9,28.9,30.9,300.0,300.0,31.700000000000003,35.9,28.9,28.0,29.9,4.95,1.99,4.97,0.16,0.0,0.0,1027.0,8228.0,0.0,0.0,0.0,0.0,0.0,1.0,0.0,0.0,0.0,0.0,0.0,0.5,0.0,-0.3,0.0,0.0,16.0,25903.0
2026-07-30T19:04:06.739Z,416.222,416.238,0.0,7.4,0.0,0.0,0.0,0.0,0.0,0.0,0.0,0.0,1.0,0.0,0.0,0.0,9.0,4.0,0.0,0.0,0.0,0.0,0.0,0.0,0.0,0.0,6.0,12.0,1.0,12.2,5.0200000000000005,2.5,1.5,0.0,0.0,0.0,361.3,0.0,0.2,-0.9,-0.7000000000000001,-169.60000000000002,0.0,0.0,169.70000000000002,0.0,21.4,28.9,28.9,30.9,300.0,300.0,31.700000000000003,35.9,28.9,28.0,29.9,4.96,1.99,4.96,0.16,0.0,0.0,1027.0,8228.0,0.0,0.0,0.0,0.0,0.0,1.0,0.0,0.0,0.0,0.0,0.0,-1.6,0.0,0.4,0.0,0.0,16.0,25903.0
2026-07-30T19:04:06.751Z,416.234,416.25,0.0,7.4,0.0,0.0,0.0,0.0,0.0,0.0,0.0,0.0,1.0,0.0,0.0,0.0,9.0,4.0,0.0,0.0,0.0,0.0,0.0,0.0,0.0,0.0,2.0,12.0,1.0,12.17,5.01,2.51,1.49,0.0,0.0,0.0,361.4,0.0,0.2,-0.3,1.0,-169.60000000000002,0.0,0.0,169.60000000000002,0.0,21.700000000000003,28.9,28.9,30.9,300.0,300.0,31.8,35.9,28.8,28.0,29.9,4.95,1.99,4.96,0.16,0.0,0.0,1027.0,8228.0,0.0,0.0,0.0,0.0,0.0,1.0,0.0,0.0,0.0,0.0,0.0,0.3,0.0,-0.9,0.0,0.0,16.0,25903.0
2026-07-30T19:04:06.763Z,416.246,416.262,0.0,7.4,0.0,0.0,0.0,0.0,0.0,0.0,0.0,0.0,1.0,0.0,0.0,0.0,9.0,4.0,0.0,0.0,0.0,0.0,0.0,0.0,0.0,0.0,3.0,12.0,1.0,12.17,5.01,2.51,1.49,0.0,0.0,0.0,361.2000000000001,0.0,-0.8,0.1,0.4,-169.60000000000002,0.0,0.0,169.70000000000002,0.0,21.700000000000003,28.9,28.9,30.9,300.0,300.0,31.8,35.9,28.8,28.0,29.9,4.95,1.99,4.97,0.16,0.0,0.0,1027.0,8228.0,0.0,0.0,0.0,0.0,0.0,1.0,0.0,0.0,0.0,0.0,0.0,0.5,0.0,-0.3,0.0,0.0,16.0,25903.0
2026-07-30T19:04:06.775Z,416.258,416.274,0.0,7.4,0.0,0.0,0.0,0.0,0.0,0.0,0.0,0.0,1.0,0.0,0.0,0.0,9.0,4.0,0.0,0.0,0.0,0.0,0.0,0.0,0.0,0.0,5.0,12.0,1.0,12.17,5.01,2.51,1.49,0.0,0.0,0.0,361.3,0.0,-0.8,-0.9,-0.1,-169.60000000000002,0.0,0.0,169.8,0.0,21.700000000000003,28.9,28.9,30.9,300.0,300.0,31.8,35.9,28.8,28.0,29.9,4.95,1.99,4.97,0.16,0.0,0.0,1027.0,8228.0,0.0,0.0,0.0,0.0,0.0,1.0,0.0,0.0,0.0,0.0,0.0,-1.1,0.0,0.0,0.0,0.0,16.0,25903.0
2026-07-30T19:04:06.787Z,416.27,416.286,0.0,7.4,0.0,0.0,0.0,0.0,0.0,0.0,0.0,0.0,1.0,0.0,0.0,0.0,9.0,4.0,0.0,0.0,0.0,0.0,0.0,0.0,0.0,0.0,6.0,12.0,1.0,12.17,5.01,2.51,1.49,0.0,0.0,0.0,361.3,0.0,0.3,-0.3,0.0,-169.60000000000002,0.0,0.0,169.70000000000002,0.0,21.700000000000003,28.9,28.9,30.9,300.0,300.0,31.8,35.9,28.8,28.0,29.9,4.96,1.99,4.96,0.17,0.0,0.0,1027.0,8228.0,0.0,0.0,0.0,0.0,0.0,1.0,0.0,0.0,0.0,0.0,0.0,-0.4,0.0,0.0,0.0,0.0,16.0,25903.0
2026-07-30T19:04:06.799Z,416.282,416.298,0.0,7.4,0.0,0.0,0.0,0.0,0.0,0.0,0.0,0.0,1.0,0.0,0.0,0.0,9.0,4.0,0.0,0.0,0.0,0.0,0.0,0.0,0.0,0.0,2.0,12.0,1.0,12.17,5.01,2.51,1.49,0.0,0.1,0.0,361.3,0.0,-0.2,-0.9,-0.6000000000000001,-169.60000000000002,0.0,0.0,169.70000000000002,0.0,21.700000000000003,28.9,28.9,30.9,300.0,300.0,31.8,35.9,28.8,28.0,29.9,4.95,1.99,4.97,0.17,0.0,0.0,1027.0,8228.0,0.0,0.0,0.0,0.0,0.0,1.0,0.0,0.0,0.0,0.0,0.0,-1.5,0.0,0.3,0.0,0.0,16.0,25903.0
2026-07-30T19:04:06.811Z,416.294,416.31,0.0,7.4,0.0,0.0,0.0,0.0,0.0,0.0,0.0,0.0,1.0,0.0,0.0,0.0,9.0,4.0,0.0,0.0,0.0,0.0,0.0,0.0,0.0,0.0,3.0,12.0,1.0,12.17,5.01,2.51,1.49,0.0,0.0,0.0,361.3,0.0,-0.2,2.0,0.5,-169.60000000000002,0.0,0.0,169.70000000000002,0.0,21.700000000000003,28.9,28.9,30.9,300.0,300.0,31.8,35.9,28.8,28.0,29.9,4.95,1.99,4.96,0.16,0.0,0.0,1027.0,8228.0,0.0,0.0,0.0,0.0,0.0,1.0,0.0,0.0,0.0,0.0,0.0,2.6,0.0,0.0,0.0,0.0,16.0,25903.0
2026-07-30T19:04:06.823Z,416.306,416.322,0.0,7.4,0.0,0.0,0.0,0.0,0.0,0.0,0.0,0.0,1.0,0.0,0.0,0.0,9.0,4.0,0.0,0.0,0.0,0.0,0.0,0.0,0.0,0.0,4.0,12.0,1.0,12.17,5.01,2.51,1.49,0.0,0.1,0.0,361.3,0.0,-0.3,0.2,1.1,-169.60000000000002,0.0,0.0,169.8,0.0,21.700000000000003,28.9,28.9,30.9,300.0,300.0,31.8,35.9,28.8,28.0,29.9,4.96,1.99,4.96,0.16,0.0,0.0,1027.0,8228.0,0.0,0.0,0.0,0.0,0.0,1.0,0.0,0.0,0.0,0.0,0.0,1.1,0.0,-0.9,0.0,0.0,16.0,25903.0
2026-07-30T19:04:06.835Z,416.318,416.334,0.0,7.4,0.0,0.0,0.0,0.0,0.0,0.0,0.0,0.0,1.0,0.0,0.0,0.0,9.0,4.0,0.0,0.0,0.0,0.0,0.0,0.0,0.0,0.0,6.0,12.0,1.0,12.17,5.01,2.51,1.49,0.0,0.0,0.0,361.3,0.0,-0.9,0.2,-0.1,-169.60000000000002,0.0,0.0,169.8,0.0,21.700000000000003,28.9,28.9,30.9,300.0,300.0,31.8,35.9,28.8,28.0,29.9,4.95,1.99,4.97,0.16,0.0,0.0,1027.0,8228.0,0.0,0.0,0.0,0.0,0.0,1.0,0.0,0.0,0.0,0.0,0.0,0.1,0.0,0.1,0.0,0.0,16.0,25903.0
2026-07-30T19:04:06.848Z,416.331,416.346,0.0,7.4,0.0,0.0,0.0,0.0,0.0,0.0,0.0,0.0,1.0,0.0,0.0,0.0,9.0,4.0,0.0,0.0,0.0,0.0,0.0,0.0,0.0,0.0,2.0,12.0,1.0,12.17,5.0200000000000005,2.51,1.5,0.0,0.1,0.0,361.2000000000001,0.0,0.2,-0.3,-0.6000000000000001,-169.60000000000002,0.0,0.0,169.8,0.0,21.700000000000003,28.9,28.9,30.9,300.0,300.0,31.700000000000003,35.9,28.8,28.0,29.9,4.96,1.99,4.97,0.16,0.0,0.0,1027.0,8228.0,0.0,0.0,0.0,0.0,0.0,1.0,0.0,0.0,0.0,0.0,0.0,-0.9,0.0,0.5,0.0,0.0,16.0,25903.0
2026-07-30T19:04:06.859Z,416.342,416.358,0.0,7.4,0.0,0.0,0.0,0.0,0.0,0.0,0.0,0.0,1.0,0.0,0.0,0.0,9.0,4.0,0.0,0.0,0.0,0.0,0.0,0.0,0.0,0.0,3.0,12.0,1.0,12.17,5.0200000000000005,2.51,1.5,0.0,0.0,0.0,361.3,0.0,0.8,1.9,0.0,-169.70000000000002,0.0,0.0,169.8,0.0,21.700000000000003,28.9,28.9,30.9,300.0,300.0,31.700000000000003,35.9,28.8,28.0,29.9,4.96,1.99,4.96,0.16,0.0,0.0,1027.0,8228.0,0.0,0.0,0.0,0.0,0.0,1.0,0.0,0.0,0.0,0.0,0.0,2.1,0.0,0.4,0.0,0.0,16.0,25903.0
2026-07-30T19:04:06.871Z,416.354,416.37,0.0,7.4,0.0,0.0,0.0,0.0,0.0,0.0,0.0,0.0,1.0,0.0,0.0,0.0,9.0,4.0,0.0,0.0,0.0,0.0,0.0,0.0,0.0,0.0,5.0,12.0,1.0,12.17,5.0200000000000005,2.51,1.5,0.0,0.0,0.0,361.3,0.0,-0.2,0.8,-0.6000000000000001,-169.70000000000002,0.0,0.0,169.8,0.0,21.700000000000003,28.9,28.9,30.9,300.0,300.0,31.700000000000003,35.9,28.8,28.0,29.9,4.96,1.99,4.96,0.16,0.0,0.0,1027.0,8228.0,0.0,0.0,0.0,0.0,0.0,1.0,0.0,0.0,0.0,0.0,0.0,0.4,0.0,0.7000000000000001,0.0,0.0,16.0,25903.0
2026-07-30T19:04:06.883Z,416.366,416.382,0.0,7.4,0.0,0.0,0.0,0.0,0.0,0.0,0.0,0.0,1.0,0.0,0.0,0.0,9.0,4.0,0.0,0.0,0.0,0.0,0.0,0.0,0.0,0.0,1.0,12.0,1.0,12.17,5.0200000000000005,2.51,1.5,0.0,0.0,0.0,361.4,0.0,-0.2,-0.3,0.4,-169.70000000000002,0.0,0.0,169.8,0.0,21.700000000000003,28.9,28.9,30.9,300.0,300.0,31.700000000000003,35.9,28.8,28.0,29.9,4.96,1.99,4.97,0.17,0.0,0.0,1027.0,8228.0,0.0,0.0,0.0,0.0,0.0,1.0,0.0,0.0,0.0,0.0,0.0,0.1,0.0,0.1,0.0,0.0,16.0,25903.0
2026-07-30T19:04:06.895Z,416.378,416.394,0.0,7.4,0.0,0.0,0.0,0.0,0.0,0.0,0.0,0.0,1.0,0.0,0.0,0.0,9.0,4.0,0.0,0.0,0.0,0.0,0.0,0.0,0.0,0.0,2.0,12.0,1.0,12.17,5.0200000000000005,2.51,1.5,0.0,0.0,0.0,361.3,0.0,-0.2,0.2,1.6,-169.70000000000002,0.0,0.0,169.8,0.0,21.700000000000003,28.9,28.9,30.9,300.0,300.0,31.700000000000003,35.9,28.8,28.0,29.9,4.95,1.99,4.97,0.17,0.0,0.0,1027.0,8228.0,0.0,0.0,0.0,0.0,0.0,1.0,0.0,0.0,0.0,0.0,0.0,-0.9,0.0,0.5,0.0,0.0,16.0,25903.0
2026-07-30T19:04:06.907Z,416.39,416.406,0.0,7.4,0.0,0.0,0.0,0.0,0.0,0.0,0.0,0.0,1.0,0.0,0.0,0.0,9.0,4.0,0.0,0.0,0.0,0.0,0.0,0.0,0.0,0.0,4.0,12.0,1.0,12.17,5.0200000000000005,2.51,1.5,0.0,0.0,0.0,361.3,0.0,-0.2,0.1,1.0,-169.70000000000002,0.0,0.0,169.70000000000002,0.0,21.700000000000003,28.9,28.9,30.9,300.0,300.0,31.700000000000003,35.9,28.8,28.0,29.9,4.95,1.99,4.96,0.16,0.0,0.0,1027.0,8228.0,0.0,0.0,0.0,0.0,0.0,1.0,0.0,0.0,0.0,0.0,0.0,0.9,0.0,-0.9,0.0,0.0,16.0,25903.0
2026-07-30T19:04:06.919Z,416.402,416.418,0.0,7.4,0.0,0.0,0.0,0.0,0.0,0.0,0.0,0.0,1.0,0.0,0.0,0.0,9.0,4.0,0.0,0.0,0.0,0.0,0.0,0.0,0.0,0.0,5.0,12.0,1.0,12.17,5.0200000000000005,2.51,1.5,0.0,0.0,0.0,361.4,0.0,-0.2,0.7000000000000001,1.0,-169.70000000000002,0.0,0.0,169.70000000000002,0.0,21.700000000000003,28.9,28.9,30.9,300.0,300.0,31.700000000000003,35.9,28.8,28.0,29.9,4.95,1.99,4.96,0.16,0.0,0.0,1027.0,8228.0,0.0,0.0,0.0,0.0,0.0,1.0,0.0,0.0,0.0,0.0,0.0,1.6,0.0,-0.7000000000000001,0.0,0.0,16.0,25903.0
2026-07-30T19:04:06.931Z,416.414,416.43,0.0,7.4,0.0,0.0,0.0,0.0,0.0,0.0,0.0,0.0,1.0,0.0,0.0,0.0,9.0,4.0,0.0,0.0,0.0,0.0,0.0,0.0,0.0,0.0,1.0,12.0,1.0,12.17,5.0200000000000005,2.51,1.5,0.0,0.0,0.0,361.3,0.0,0.3,-0.4,0.4,-169.70000000000002,0.0,0.0,169.70000000000002,0.0,21.700000000000003,28.9,28.9,30.9,300.0,300.0,31.700000000000003,35.9,28.8,28.0,29.9,4.95,1.99,4.97,0.16,0.0,0.0,1027.0,8228.0,0.0,0.0,0.0,0.0,0.0,1.0,0.0,0.0,0.0,0.0,0.0,-0.1,0.0,-0.4,0.0,0.0,16.0,25903.0
2026-07-30T19:04:06.943Z,416.426,416.442,0.0,7.4,0.0,0.0,0.0,0.0,0.0,0.0,0.0,0.0,1.0,0.0,0.0,0.0,9.0,4.0,0.0,0.0,0.0,0.0,0.0,0.0,0.0,0.0,3.0,12.0,1.0,12.17,5.0200000000000005,2.51,1.5,0.0,0.0,0.0,361.3,0.0,-0.2,-0.4,1.0,-169.70000000000002,0.0,0.0,169.70000000000002,0.0,21.700000000000003,28.9,28.9,30.9,300.0,300.0,31.700000000000003,35.9,28.8,28.0,29.9,4.96,1.99,4.96,0.16,0.0,0.0,1027.0,8228.0,0.0,0.0,0.0,0.0,0.0,1.0,0.0,0.0,0.0,0.0,0.0,0.2,0.0,-1.0,0.0,0.0,16.0,25903.0
2026-07-30T19:04:06.955Z,416.438,416.454,0.0,7.4,0.0,0.0,0.0,0.0,0.0,0.0,0.0,0.0,1.0,0.0,0.0,0.0,9.0,4.0,0.0,0.0,0.0,0.0,0.0,0.0,0.0,0.0,4.0,12.0,1.0,12.15,5.01,2.51,1.49,0.0,0.1,0.0,361.3,0.0,0.3,0.1,1.0,-169.70000000000002,0.0,0.0,169.8,0.0,21.700000000000003,28.9,28.9,30.9,300.0,300.0,31.700000000000003,35.9,28.8,28.0,29.9,4.96,1.99,4.96,0.16,0.0,0.0,1027.0,8228.0,0.0,0.0,0.0,0.0,0.0,1.0,0.0,0.0,0.0,0.0,0.0,0.9,0.0,-0.8,0.0,0.0,16.0,25903.0
2026-07-30T19:04:06.967Z,416.45,416.466,0.0,7.4,0.0,0.0,0.0,0.0,0.0,0.0,0.0,0.0,1.0,0.0,0.0,0.0,9.0,4.0,0.0,0.0,0.0,0.0,0.0,0.0,0.0,0.0,6.0,12.0,1.0,12.15,5.01,2.51,1.49,0.0,0.0,0.0,361.3,0.0,0.2,0.7000000000000001,-0.1,-169.70000000000002,0.0,0.0,169.70000000000002,0.0,21.700000000000003,28.9,28.9,30.9,300.0,300.0,31.700000000000003,35.9,28.8,28.0,29.9,4.95,1.99,4.96,0.16,0.0,0.0,1027.0,8228.0,0.0,0.0,0.0,0.0,0.0,1.0,0.0,0.0,0.0,0.0,0.0,0.7000000000000001,0.0,0.2,0.0,0.0,16.0,25903.0
2026-07-30T19:04:06.979Z,416.462,416.478,0.0,7.4,0.0,0.0,0.0,0.0,0.0,0.0,0.0,0.0,1.0,0.0,0.0,0.0,9.0,4.0,0.0,0.0,0.0,0.0,0.0,0.0,0.0,0.0,1.0,12.0,1.0,12.15,5.01,2.51,1.49,0.0,0.0,0.0,361.3,0.0,-0.2,0.1,-0.7000000000000001,-169.70000000000002,0.0,0.0,169.70000000000002,0.0,21.700000000000003,28.9,28.9,30.9,300.0,300.0,31.700000000000003,35.9,28.8,28.0,29.9,4.96,1.99,4.97,0.16,0.0,0.0,1027.0,8228.0,0.0,0.0,0.0,0.0,0.0,1.0,0.0,0.0,0.0,0.0,0.0,-0.3,0.0,0.6000000000000001,0.0,0.0,16.0,25903.0
2026-07-30T19:04:06.991Z,416.474,416.49,0.0,7.4,0.0,0.0,0.0,0.0,0.0,0.0,0.0,0.0,1.0,0.0,0.0,0.0,9.0,4.0,0.0,0.0,0.0,0.0,0.0,0.0,0.0,0.0,3.0,12.0,1.0,12.15,5.01,2.51,1.49,0.0,0.0,0.0,361.3,0.0,0.3,-0.4,-0.1,-169.70000000000002,0.0,0.0,169.8,0.0,21.700000000000003,28.9,28.9,30.9,300.0,300.0,31.700000000000003,35.9,28.8,28.0,29.9,4.95,1.99,4.96,0.16,0.0,0.0,1027.0,8228.0,0.0,0.0,0.0,0.0,0.0,1.0,0.0,0.0,0.0,0.0,0.0,-0.5,0.0,0.0,0.0,0.0,16.0,25903.0
2026-07-30T19:04:07.003Z,416.486,416.502,0.0,7.4,0.0,0.0,0.0,0.0,0.0,0.0,0.0,0.0,1.0,0.0,0.0,0.0,9.0,4.0,0.0,0.0,0.0,0.0,0.0,0.0,0.0,0.0,4.0,12.0,1.0,12.15,5.01,2.51,1.49,0.0,0.0,0.0,361.3,0.0,-0.2,1.4,0.5,-169.70000000000002,0.0,0.0,169.60000000000002,0.0,21.700000000000003,28.9,28.9,30.9,300.0,300.0,31.700000000000003,35.9,28.8,28.0,29.9,4.95,1.99,4.97,0.16,0.0,0.0,1027.0,8228.0,0.0,0.0,0.0,0.0,0.0,1.0,0.0,0.0,0.0,0.0,0.0,2.0,0.0,-0.1,0.0,0.0,16.0,25903.0
2026-07-30T19:04:07.015Z,416.498,416.514,0.0,7.4,0.0,0.0,0.0,0.0,0.0,0.0,0.0,0.0,1.0,0.0,0.0,0.0,9.0,4.0,0.0,0.0,0.0,0.0,0.0,0.0,0.0,0.0,6.0,12.0,1.0,12.15,5.01,2.51,1.49,0.0,0.0,0.0,361.3,0.0,0.3,-0.3,-1.2000000000000002,-169.70000000000002,0.0,0.0,169.70000000000002,0.0,21.700000000000003,28.9,28.9,30.9,300.0,300.0,31.700000000000003,35.9,28.8,28.0,29.9,4.95,1.99,4.97,0.16,0.0,0.0,1027.0,8228.0,0.0,0.0,0.0,0.0,0.0,1.0,0.0,0.0,0.0,0.0,0.0,-1.3,0.0,1.0,0.0,0.0,16.0,25903.0
2026-07-30T19:04:07.027Z,416.51,416.526,0.0,7.4,0.0,0.0,0.0,0.0,0.0,0.0,0.0,0.0,1.0,0.0,0.0,0.0,9.0,4.0,0.0,0.0,0.0,0.0,0.0,0.0,0.0,0.0,1.0,12.0,1.0,12.15,5.01,2.51,1.49,0.0,0.0,0.0,361.3,0.0,0.3,-0.3,0.4,-169.70000000000002,0.0,0.0,169.60000000000002,0.0,21.700000000000003,28.9,28.9,30.9,300.0,300.0,31.700000000000003,35.9,28.8,28.0,29.9,4.96,1.99,4.96,0.16,0.0,0.0,1027.0,8228.0,0.0,0.0,0.0,0.0,0.0,1.0,0.0,0.0,0.0,0.0,0.0,0.0,0.0,-0.5,0.0,0.0,16.0,25903.0
2026-07-30T19:04:07.039Z,416.522,416.538,0.0,7.4,0.0,0.0,0.0,0.0,0.0,0.0,0.0,0.0,1.0,0.0,0.0,0.0,9.0,4.0,0.0,0.0,0.0,0.0,0.0,0.0,0.0,0.0,3.0,12.0,1.0,12.15,5.01,2.51,1.49,0.0,0.1,0.0,361.3,0.0,-0.8,-0.3,0.4,-169.70000000000002,0.0,0.0,169.8,0.0,21.700000000000003,28.9,28.9,30.9,300.0,300.0,31.700000000000003,35.9,28.8,28.0,29.9,4.95,1.99,4.96,0.16,0.0,0.0,1027.0,8228.0,0.0,0.0,0.0,0.0,0.0,1.0,0.0,0.0,0.0,0.0,0.0,0.0,0.0,-0.4,0.0,0.0,16.0,25903.0
2026-07-30T19:04:07.052Z,416.535,416.55,0.0,7.4,0.0,0.0,0.0,0.0,0.0,0.0,0.0,0.0,1.0,0.0,0.0,0.0,9.0,4.0,0.0,0.0,0.0,0.0,0.0,0.0,0.0,0.0,5.0,12.0,1.0,12.17,5.01,2.5,1.49,0.0,0.0,0.0,361.3,0.0,0.3,-0.9,-1.8,-169.70000000000002,0.0,0.0,169.70000000000002,0.0,21.700000000000003,28.9,28.9,30.9,300.0,300.0,31.6,35.9,28.8,28.0,29.9,4.95,1.99,4.96,0.16,0.0,0.0,1027.0,8228.0,0.0,0.0,0.0,0.0,0.0,1.0,0.0,0.0,0.0,0.0,0.0,-2.4000000000000004,0.0,1.4,0.0,0.0,16.0,25903.0
2026-07-30T19:04:07.063Z,416.546,416.562,0.0,7.4,0.0,0.0,0.0,0.0,0.0,0.0,0.0,0.0,1.0,0.0,0.0,0.0,9.0,4.0,0.0,0.0,0.0,0.0,0.0,0.0,0.0,0.0,6.0,12.0,1.0,12.17,5.01,2.5,1.49,0.0,0.0,0.0,361.3,0.0,0.3,1.4,0.4,-169.70000000000002,0.0,0.0,169.70000000000002,0.0,21.700000000000003,28.9,28.9,30.9,300.0,300.0,31.6,35.9,28.8,28.0,29.9,4.96,2.0,4.96,0.16,0.0,0.0,1027.0,8228.0,0.0,0.0,0.0,0.0,0.0,1.0,0.0,0.0,0.0,0.0,0.0,1.9,0.0,0.0,0.0,0.0,16.0,25903.0
2026-07-30T19:04:07.075Z,416.558,416.574,0.0,7.4,0.0,0.0,0.0,0.0,0.0,0.0,0.0,0.0,1.0,0.0,0.0,0.0,9.0,4.0,0.0,0.0,0.0,0.0,0.0,0.0,0.0,0.0,2.0,12.0,1.0,12.17,5.01,2.5,1.49,0.0,0.0,0.0,361.3,0.0,0.3,-0.9,0.4,-169.70000000000002,0.0,0.0,169.70000000000002,0.0,21.700000000000003,28.9,28.9,30.9,300.0,300.0,31.6,35.9,28.8,28.0,29.9,4.95,2.0,4.96,0.16,0.0,0.0,1027.0,8228.0,0.0,0.0,0.0,0.0,0.0,1.0,0.0,0.0,0.0,0.0,0.0,-0.7000000000000001,0.0,-0.5,0.0,0.0,16.0,25903.0
2026-07-30T19:04:07.087Z,416.57,416.586,0.0,7.4,0.0,0.0,0.0,0.0,0.0,0.0,0.0,0.0,1.0,0.0,0.0,0.0,9.0,4.0,0.0,0.0,0.0,0.0,0.0,0.0,0.0,0.0,4.0,12.0,1.0,12.17,5.01,2.5,1.49,0.0,0.1,0.0,361.3,0.0,-0.2,-0.3,-0.7000000000000001,-169.70000000000002,0.0,0.0,169.8,0.0,21.700000000000003,28.9,28.9,30.9,300.0,300.0,31.6,35.9,28.8,28.0,29.9,4.95,1.99,4.97,0.16,0.0,0.0,1027.0,8228.0,0.0,0.0,0.0,0.0,0.0,1.0,0.0,0.0,0.0,0.0,0.0,-0.9,0.0,0.6000000000000001,0.0,0.0,16.0,25903.0
2026-07-30T19:04:07.099Z,416.582,416.598,0.0,7.4,0.0,0.0,0.0,0.0,0.0,0.0,0.0,0.0,1.0,0.0,0.0,0.0,9.0,4.0,0.0,0.0,0.0,0.0,0.0,0.0,0.0,0.0,5.0,12.0,1.0,12.17,5.01,2.5,1.49,0.0,0.1,0.0,361.3,0.0,0.8,-0.9,-1.3,-169.70000000000002,0.0,0.0,169.8,0.0,21.700000000000003,28.9,28.9,30.9,300.0,300.0,31.6,35.9,28.8,28.0,29.9,4.95,1.99,4.96,0.16,0.0,0.0,1027.0,8228.0,0.0,0.0,0.0,0.0,0.0,1.0,0.0,0.0,0.0,0.0,0.0,-2.0,0.0,1.0,0.0,0.0,16.0,25903.0
2026-07-30T19:04:07.111Z,416.594,416.61,0.0,7.4,0.0,0.0,0.0,0.0,0.0,0.0,0.0,0.0,1.0,0.0,0.0,0.0,9.0,4.0,0.0,0.0,0.0,0.0,0.0,0.0,0.0,0.0,1.0,12.0,1.0,12.17,5.01,2.5,1.49,0.0,0.0,0.0,361.3,0.0,0.3,0.2,0.9,-169.70000000000002,0.0,0.0,169.8,0.0,21.700000000000003,28.9,28.9,30.9,300.0,300.0,31.6,35.9,28.8,28.0,29.9,4.96,1.99,4.96,0.16,0.0,0.0,1027.0,8228.0,0.0,0.0,0.0,0.0,0.0,1.0,0.0,0.0,0.0,0.0,0.0,0.9,0.0,-0.7000000000000001,0.0,0.0,16.0,25903.0
2026-07-30T19:04:07.123Z,416.606,416.622,0.0,7.4,0.0,0.0,0.0,0.0,0.0,0.0,0.0,0.0,1.0,0.0,0.0,0.0,9.0,4.0,0.0,0.0,0.0,0.0,0.0,0.0,0.0,0.0,3.0,12.0,1.0,12.17,5.01,2.5,1.49,0.0,0.0,0.0,361.3,0.0,-0.8,-0.3,0.3,-169.70000000000002,0.0,0.0,169.60000000000002,0.0,21.700000000000003,28.9,28.9,30.9,300.0,300.0,31.6,35.9,28.8,28.0,29.9,4.95,1.99,4.97,0.16,0.0,0.0,1027.0,8228.0,0.0,0.0,0.0,0.0,0.0,1.0,0.0,0.0,0.0,0.0,0.0,-0.1,0.0,-0.3,0.0,0.0,16.0,25903.0
2026-07-30T19:04:07.135Z,416.618,416.634,0.0,7.4,0.0,0.0,0.0,0.0,0.0,0.0,0.0,0.0,1.0,0.0,0.0,0.0,9.0,4.0,0.0,0.0,0.0,0.0,0.0,0.0,0.0,0.0,4.0,12.0,1.0,12.17,5.01,2.5,1.49,0.0,0.1,0.0,361.3,0.0,-0.2,-0.9,0.3,-169.70000000000002,0.0,0.0,169.8,0.0,21.700000000000003,28.9,28.9,30.9,300.0,300.0,31.6,35.9,28.8,28.0,29.9,4.96,1.99,4.97,0.16,0.0,0.0,1027.0,8228.0,0.0,0.0,0.0,0.0,0.0,1.0,0.0,0.0,0.0,0.0,0.0,-0.8,0.0,-0.5,0.0,0.0,16.0,25903.0
2026-07-30T19:04:07.147Z,416.63,416.646,0.0,7.4,0.0,0.0,0.0,0.0,0.0,0.0,0.0,0.0,1.0,0.0,0.0,0.0,9.0,4.0,0.0,0.0,0.0,0.0,0.0,0.0,0.0,0.0,6.0,12.0,1.0,12.17,5.01,2.5,1.49,0.0,0.0,0.0,361.4,0.0,0.3,0.7000000000000001,1.5,-169.70000000000002,0.0,0.0,169.8,0.0,21.700000000000003,28.9,28.9,30.9,300.0,300.0,31.6,35.9,28.8,28.0,29.9,4.96,1.99,4.96,0.16,0.0,0.0,1027.0,8228.0,0.0,0.0,0.0,0.0,0.0,1.0,0.0,0.0,0.0,0.0,0.0,2.0,0.0,-1.2000000000000002,0.0,0.0,16.0,25903.0
2026-07-30T19:04:07.160Z,416.643,416.658,0.0,7.4,0.0,0.0,0.0,0.0,0.0,0.0,0.0,0.0,1.0,0.0,0.0,0.0,9.0,4.0,0.0,0.0,0.0,0.0,0.0,0.0,0.0,0.0,1.0,12.0,1.0,12.15,5.0200000000000005,2.51,1.49,0.0,0.0,0.0,361.3,0.0,0.3,0.2,-0.2,-169.70000000000002,0.0,0.0,169.70000000000002,0.0,21.700000000000003,28.9,28.9,30.9,300.0,300.0,31.700000000000003,35.9,28.8,28.0,29.9,4.96,1.99,4.96,0.16,0.0,0.0,1027.0,8228.0,0.0,0.0,0.0,0.0,0.0,1.0,0.0,0.0,0.0,0.0,0.0,0.0,0.0,0.2,0.0,0.0,16.0,25903.0
2026-07-30T19:04:07.171Z,416.654,416.67,0.0,7.4,0.0,0.0,0.0,0.0,0.0,0.0,0.0,0.0,1.0,0.0,0.0,0.0,9.0,4.0,0.0,0.0,0.0,0.0,0.0,0.0,0.0,0.0,3.0,12.0,1.0,12.15,5.0200000000000005,2.51,1.49,0.0,0.0,0.0,361.3,0.0,0.3,-0.3,-0.1,-169.70000000000002,0.0,0.0,169.8,0.0,21.700000000000003,28.9,28.9,30.9,300.0,300.0,31.700000000000003,35.9,28.8,28.0,29.9,4.95,1.99,4.97,0.16,0.0,0.0,1027.0,8228.0,0.0,0.0,0.0,0.0,0.0,1.0,0.0,0.0,0.0,0.0,0.0,-0.6000000000000001,0.0,0.0,0.0,0.0,16.0,25903.0
2026-07-30T19:04:07.183Z,416.666,416.682,0.0,7.4,0.0,0.0,0.0,0.0,0.0,0.0,0.0,0.0,1.0,0.0,0.0,0.0,9.0,4.0,0.0,0.0,0.0,0.0,0.0,0.0,0.0,0.0,4.0,12.0,1.0,12.15,5.0200000000000005,2.51,1.49,0.0,0.0,0.0,361.3,0.0,0.3,0.1,0.9,-169.70000000000002,0.0,0.0,169.8,0.0,21.700000000000003,28.9,28.9,30.9,300.0,300.0,31.700000000000003,35.9,28.8,28.0,29.9,4.95,1.99,4.96,0.16,0.0,0.0,1027.0,8228.0,0.0,0.0,0.0,0.0,0.0,1.0,0.0,0.0,0.0,0.0,0.0,0.9,0.0,-0.8,0.0,0.0,16.0,25903.0
2026-07-30T19:04:07.195Z,416.678,416.694,0.0,7.4,0.0,0.0,0.0,0.0,0.0,0.0,0.0,0.0,1.0,0.0,0.0,0.0,9.0,4.0,0.0,0.0,0.0,0.0,0.0,0.0,0.0,0.0,5.0,12.0,1.0,12.15,5.0200000000000005,2.51,1.49,0.0,0.0,0.0,361.4,0.0,-0.2,1.4,0.4,-169.70000000000002,0.0,0.0,169.70000000000002,0.0,21.700000000000003,28.9,28.9,30.9,300.0,300.0,31.700000000000003,35.9,28.8,28.0,29.9,4.95,1.99,4.97,0.16,0.0,0.0,1027.0,8228.0,0.0,0.0,0.0,0.0,0.0,1.0,0.0,0.0,0.0,0.0,0.0,1.9,0.0,0.0,0.0,0.0,16.0,25903.0
2026-07-30T19:04:07.207Z,416.69,416.706,0.0,7.4,0.0,0.0,0.0,0.0,0.0,0.0,0.0,0.0,1.0,0.0,0.0,0.0,9.0,4.0,0.0,0.0,0.0,0.0,0.0,0.0,0.0,0.0,1.0,12.0,1.0,12.15,5.0200000000000005,2.51,1.49,0.0,0.0,0.0,361.3,0.0,0.3,-0.3,-0.7000000000000001,-169.70000000000002,0.0,0.0,169.70000000000002,0.0,21.700000000000003,28.9,28.9,30.9,300.0,300.0,31.700000000000003,35.9,28.8,28.0,29.9,4.95,1.99,4.97,0.16,0.0,0.0,1027.0,8228.0,0.0,0.0,0.0,0.0,0.0,1.0,0.0,0.0,0.0,0.0,0.0,-0.9,0.0,0.5,0.0,0.0,16.0,25903.0
2026-07-30T19:04:07.219Z,416.702,416.718,0.0,7.4,0.0,0.0,0.0,0.0,0.0,0.0,0.0,0.0,1.0,0.0,0.0,0.0,9.0,4.0,0.0,0.0,0.0,0.0,0.0,0.0,0.0,0.0,2.0,12.0,1.0,12.15,5.0200000000000005,2.51,1.49,0.0,0.0,0.0,361.3,0.0,-0.2,1.4,-0.1,-169.70000000000002,0.0,0.0,169.8,0.0,21.700000000000003,28.9,28.9,30.9,300.0,300.0,31.700000000000003,35.9,28.8,28.0,29.9,4.96,1.99,4.97,0.16,0.0,0.0,1027.0,8228.0,0.0,0.0,0.0,0.0,0.0,1.0,0.0,0.0,0.0,0.0,0.0,1.5,0.0,0.3,0.0,0.0,16.0,25903.0
2026-07-30T19:04:07.231Z,416.714,416.73,0.0,7.4,0.0,0.0,0.0,0.0,0.0,0.0,0.0,0.0,1.0,0.0,0.0,0.0,9.0,4.0,0.0,0.0,0.0,0.0,0.0,0.0,0.0,0.0,4.0,12.0,1.0,12.15,5.0200000000000005,2.51,1.49,0.0,0.0,0.0,361.3,0.0,0.3,-0.9,-0.1,-169.70000000000002,0.0,0.0,169.70000000000002,0.0,21.700000000000003,28.9,28.9,30.9,300.0,300.0,31.700000000000003,35.9,28.8,28.0,29.9,4.96,2.0,4.96,0.16,0.0,0.0,1027.0,8228.0,0.0,0.0,0.0,0.0,0.0,1.0,0.0,0.0,0.0,0.0,0.0,-1.1,0.0,0.0,0.0,0.0,16.0,25903.0
2026-07-30T19:04:07.243Z,416.726,416.742,0.0,7.4,0.0,0.0,0.0,0.0,0.0,0.0,0.0,0.0,1.0,0.0,0.0,0.0,9.0,4.0,0.0,0.0,0.0,0.0,0.0,0.0,0.0,0.0,5.0,12.0,1.0,12.15,5.0200000000000005,2.51,1.49,0.0,0.1,0.0,361.3,0.0,-0.1,0.2,-0.1,-169.70000000000002,0.0,0.0,169.60000000000002,0.0,21.700000000000003,28.9,28.9,30.9,300.0,300.0,31.700000000000003,35.9,28.8,28.0,29.9,4.96,1.99,4.97,0.16,0.0,0.0,1027.0,8228.0,0.0,0.0,0.0,0.0,0.0,1.0,0.0,0.0,0.0,0.0,0.0,0.2,0.0,0.1,0.0,0.0,16.0,25903.0
2026-07-30T19:04:07.256Z,416.739,416.754,0.0,7.4,0.0,0.0,0.0,0.0,0.0,0.0,0.0,0.0,1.0,0.0,0.0,0.0,9.0,4.0,0.0,0.0,0.0,0.0,0.0,0.0,0.0,0.0,6.0,12.0,1.0,12.18,5.0200000000000005,2.51,1.49,0.0,0.0,0.0,361.4,0.0,0.3,0.2,-0.7000000000000001,-169.70000000000002,0.0,0.0,169.70000000000002,0.0,21.4,28.9,28.9,30.9,300.0,300.0,31.6,35.9,28.8,28.0,29.9,4.96,1.99,4.97,0.16,0.0,0.0,1027.0,8228.0,0.0,0.0,0.0,0.0,0.0,1.0,0.0,0.0,0.0,0.0,0.0,-0.2,0.0,0.6000000000000001,0.0,0.0,16.0,25903.0
2026-07-30T19:04:07.267Z,416.75,416.766,0.0,7.4,0.0,0.0,0.0,0.0,0.0,0.0,0.0,0.0,1.0,0.0,0.0,0.0,9.0,4.0,0.0,0.0,0.0,0.0,0.0,0.0,0.0,0.0,2.0,12.0,1.0,12.18,5.0200000000000005,2.51,1.49,0.0,0.0,0.0,361.3,0.0,0.9,0.8,1.0,-169.70000000000002,0.0,0.0,169.8,0.0,21.4,28.9,28.9,30.9,300.0,300.0,31.6,35.9,28.8,28.0,29.9,4.96,1.99,4.96,0.16,0.0,0.0,1027.0,8228.0,0.0,0.0,0.0,0.0,0.0,1.0,0.0,0.0,0.0,0.0,0.0,1.7000000000000002,0.0,-0.7000000000000001,0.0,0.0,16.0,25903.0
2026-07-30T19:04:07.279Z,416.762,416.778,0.0,7.4,0.0,0.0,0.0,0.0,0.0,0.0,0.0,0.0,1.0,0.0,0.0,0.0,9.0,4.0,0.0,0.0,0.0,0.0,0.0,0.0,0.0,0.0,3.0,12.0,1.0,12.18,5.0200000000000005,2.51,1.49,0.0,0.0,0.0,361.3,0.0,0.9,0.1,-0.1,-169.70000000000002,0.0,0.0,169.70000000000002,0.0,21.4,28.9,28.9,30.9,300.0,300.0,31.6,35.9,28.8,28.0,29.9,4.95,1.99,4.97,0.16,0.0,0.0,1027.0,8228.0,0.0,0.0,0.0,0.0,0.0,1.0,0.0,0.0,0.0,0.0,0.0,0.0,0.0,0.1,0.0,0.0,16.0,25903.0
2026-07-30T19:04:07.291Z,416.774,416.79,0.0,7.4,0.0,0.0,0.0,0.0,0.0,0.0,0.0,0.0,1.0,0.0,0.0,0.0,9.0,4.0,0.0,0.0,0.0,0.0,0.0,0.0,0.0,0.0,4.0,12.0,1.0,12.18,5.0200000000000005,2.51,1.49,0.0,0.0,0.0,361.3,0.0,0.3,-0.4,-0.7000000000000001,-169.70000000000002,0.0,0.0,169.70000000000002,0.0,21.4,28.9,28.9,30.9,300.0,300.0,31.6,35.9,28.8,28.0,29.9,4.95,1.99,4.97,0.16,0.0,0.0,1027.0,8228.0,0.0,0.0,0.0,0.0,0.0,1.0,0.0,0.0,0.0,0.0,0.0,-1.0,0.0,0.5,0.0,0.0,16.0,25903.0
2026-07-30T19:04:07.303Z,416.786,416.802,0.0,7.4,0.0,0.0,0.0,0.0,0.0,0.0,0.0,0.0,1.0,0.0,0.0,0.0,9.0,4.0,0.0,0.0,0.0,0.0,0.0,0.0,0.0,0.0,6.0,12.0,1.0,12.18,5.0200000000000005,2.51,1.49,0.0,0.0,0.0,361.4,0.0,0.3,-0.3,-0.1,-169.70000000000002,0.0,0.0,169.60000000000002,0.0,21.4,28.9,28.9,30.9,300.0,300.0,31.6,35.9,28.8,28.0,29.9,4.96,1.99,4.97,0.16,0.0,0.0,1027.0,8228.0,0.0,0.0,0.0,0.0,0.0,1.0,0.0,0.0,0.0,0.0,0.0,-0.5,0.0,0.0,0.0,0.0,16.0,25903.0
